Date,Open,Buy,Sell,Total
2007/01/02,0,920000,-261000,659000
2007/01/03,0,200000,-442700,-242700
2007/01/04,0,1148000,-383000,765000
2007/01/05,0,50000,-1880000,-1830000
2007/01/08,0,0,-1010000,-1010000
2007/01/09,0,70000,-950000,-880000
2007/01/10,0,101000,-1110540,-1009540
2007/01/11,0,1170000,-4000,1166000
2007/01/12,0,776000,-78000,698000
2007/01/15,0,4341000,0,4341000
2007/01/16,0,347000,-1000,346000
2007/01/17,0,1108000,0,1108000
2007/01/18,0,1735000,-66000,1669000
2007/01/19,0,488000,-251000,237000
2007/01/22,0,331000,-1103000,-772000
2007/01/23,0,428000,-332000,96000
2007/01/24,0,522000,-56000,466000
2007/01/25,0,561000,0,561000
2007/01/26,0,650000,-12000,638000
2007/01/29,0,580000,-4647000,-4067000
2007/01/30,0,69000,-602000,-533000
2007/01/31,0,100000,-120000,-20000
2007/02/01,0,39000,-500000,-461000
2007/02/02,0,55000,0,55000
2007/02/05,0,65000,-620000,-555000
2007/02/06,0,199000,-40000,159000
2007/02/07,0,0,-591000,-591000
2007/02/08,0,6000,-70000,-64000
2007/02/09,0,112000,-344000,-232000
2007/02/12,0,41000,-253800,-212800
2007/02/13,0,160000,-357935,-197935
2007/02/14,0,200000,-92000,108000
2007/02/15,0,0,0,0
2007/02/16,0,0,0,0
2007/02/19,0,0,0,0
2007/02/20,0,0,0,0
2007/02/21,0,0,0,0
2007/02/22,0,0,0,0
2007/02/23,0,0,0,0
2007/02/26,0,0,-630000,-630000
2007/02/27,0,800000,-13000,787000
2007/02/28,0,0,0,0
2007/03/01,0,9000,-602000,-593000
2007/03/02,0,70000,-468000,-398000
2007/03/05,0,0,-495000,-495000
2007/03/06,0,68000,-269000,-201000
2007/03/07,0,0,-4000,-4000
2007/03/08,0,24000,0,24000
2007/03/09,0,0,-1056000,-1056000
2007/03/12,0,14000,-352,13648
2007/03/13,0,23000,-250000,-227000
2007/03/14,0,165000,-612000,-447000
2007/03/15,0,254000,-362500,-108500
2007/03/16,0,9000,-5000,4000
2007/03/19,0,429000,-971000,-542000
2007/03/20,0,0,-252000,-252000
2007/03/21,0,0,-20000,-20000
2007/03/22,0,0,-830000,-830000
2007/03/23,0,0,-3360700,-3360700
2007/03/26,0,23000,-538000,-515000
2007/03/27,0,225000,-902000,-677000
2007/03/28,0,15000,-1377000,-1362000
2007/03/29,0,151000,-313000,-162000
2007/03/30,0,600000,-695000,-95000
2007/04/02,0,40000,-714000,-674000
2007/04/03,0,100000,-296000,-196000
2007/04/04,0,0,-3000,-3000
2007/04/05,0,0,0,0
2007/04/06,0,0,0,0
2007/04/09,0,0,-32000,-32000
2007/04/10,0,50000,-5000,45000
2007/04/11,0,2000,-102000,-100000
2007/04/12,0,20000,-1498000,-1478000
2007/04/13,0,0,-30000,-30000
2007/04/16,0,50000,-155000,-105000
2007/04/17,0,17000,-50000,-33000
2007/04/18,0,0,-350000,-350000
2007/04/19,0,0,-550000,-550000
2007/04/20,0,0,-126000,-126000
2007/04/23,0,3000,-50000,-47000
2007/04/24,0,0,-544000,-544000
2007/04/25,0,0,0,0
2007/04/26,0,0,-180000,-180000
2007/04/27,0,0,0,0
2007/04/30,0,200000,0,200000
2007/05/01,0,0,0,0
2007/05/02,0,1040000,-52000,988000
2007/05/03,0,526000,0,526000
2007/05/04,0,1540000,0,1540000
2007/05/07,0,931000,0,931000
2007/05/08,0,160000,-272000,-112000
2007/05/09,0,50000,-50000,0
2007/05/10,0,152000,-132000,20000
2007/05/11,0,50000,-1089000,-1039000
2007/05/14,0,50000,-190000,-140000
2007/05/15,0,26000,-60000,-34000
2007/05/16,0,0,-7000,-7000
2007/05/17,0,282000,-3000,279000
2007/05/18,0,61000,-6000,55000
2007/05/21,0,0,-17000,-17000
2007/05/22,0,434000,-200000,234000
2007/05/23,0,0,-222000,-222000
2007/05/24,0,0,-70000,-70000
2007/05/25,0,1000,0,1000
2007/05/28,0,0,0,0
2007/05/29,0,100000,-600000,-500000
2007/05/30,0,17000,0,17000
2007/05/31,0,0,-1036000,-1036000
2007/06/01,0,0,-1593000,-1593000
2007/06/04,0,4000,-200000,-196000
2007/06/05,0,0,-604000,-604000
2007/06/06,0,700000,-873000,-173000
2007/06/07,0,115000,0,115000
2007/06/08,0,100000,0,100000
2007/06/11,0,150000,-266000,-116000
2007/06/12,0,200000,-221000,-21000
2007/06/13,0,0,-334000,-334000
2007/06/14,0,0,-34000,-34000
2007/06/15,0,13000,-28000,-15000
2007/06/18,0,0,0,0
2007/06/19,0,0,0,0
2007/06/20,0,75000,-20000,55000
2007/06/21,0,10000,-1073000,-1063000
2007/06/22,0,70000,-150000,-80000
2007/06/25,0,150000,-47000,103000
2007/06/26,0,0,-543000,-543000
2007/06/27,0,130000,0,130000
2007/06/28,0,0,0,0
2007/06/29,0,501000,0,501000
2007/07/02,0,1500000,0,1500000
2007/07/03,0,1075000,-1000,1074000
2007/07/04,0,1265000,-15000,1250000
2007/07/05,0,1144000,-295000,849000
2007/07/06,0,1267000,-100000,1167000
2007/07/09,0,1323000,-485000,838000
2007/07/10,0,120000,-777000,-657000
2007/07/11,0,5000,-130000,-125000
2007/07/12,0,0,-183000,-183000
2007/07/13,0,1050000,0,1050000
2007/07/16,0,0,-300000,-300000
2007/07/17,0,20000,-172000,-152000
2007/07/18,0,521000,-420000,101000
2007/07/19,0,927000,-3000,924000
2007/07/20,0,6256000,-2000,6254000
2007/07/23,0,5385000,0,5385000
2007/07/24,0,1051000,-3000,1048000
2007/07/25,0,1012000,-75000,937000
2007/07/26,0,868000,-127000,741000
2007/07/27,0,1902000,0,1902000
2007/07/30,0,153000,0,153000
2007/07/31,0,100000,-3382000,-3282000
2007/08/01,0,1087000,-138000,949000
2007/08/02,0,3000,-343000,-340000
2007/08/03,0,4638000,-2000,4636000
2007/08/06,0,2029000,0,2029000
2007/08/07,0,1461000,0,1461000
2007/08/08,0,595000,-30000,565000
2007/08/09,0,41000,0,41000
2007/08/10,0,360000,-44000,316000
2007/08/13,0,660000,-17000,643000
2007/08/14,0,5079000,0,5079000
2007/08/15,0,2573000,0,2573000
2007/08/16,0,398000,-8000,390000
2007/08/17,0,6965000,-1739000,5226000
2007/08/20,0,3576000,-300000,3276000
2007/08/21,0,235000,-31000,204000
2007/08/22,0,322000,0,322000
2007/08/23,0,1245000,-753000,492000
2007/08/24,0,250000,-505000,-255000
2007/08/27,0,1586000,-364000,1222000
2007/08/28,0,7948000,-5000,7943000
2007/08/29,0,5605000,-78000,5527000
2007/08/30,0,3660000,0,3660000
2007/08/31,0,4221000,-55000,4166000
2007/09/03,0,2519000,-8000,2511000
2007/09/04,0,3285357,-2154000,1131357
2007/09/05,0,12811000,0,12811000
2007/09/06,0,4074000,-34000,4040000
2007/09/07,0,1302000,-22000,1280000
2007/09/10,0,1352000,-146000,1206000
2007/09/11,0,1062000,-1896000,-834000
2007/09/12,0,1204000,-473000,731000
2007/09/13,0,50000,-2250000,-2200000
2007/09/14,0,57000,-275000,-218000
2007/09/17,0,1595000,0,1595000
2007/09/18,0,0,0,0
2007/09/19,0,330000,-1370000,-1040000
2007/09/20,0,1328000,-1500000,-172000
2007/09/21,0,789000,-1261845,-472845
2007/09/24,0,0,0,0
2007/09/25,0,0,0,0
2007/09/26,0,1059000,-10000,1049000
2007/09/27,0,279000,-16416,262584
2007/09/28,0,795097,-908000,-112903
2007/10/01,0,200000,-1332000,-1132000
2007/10/02,0,374000,-1112000,-738000
2007/10/03,0,280000,-2775714,-2495714
2007/10/04,0,0,-1713410,-1713410
2007/10/05,0,0,-897000,-897000
2007/10/08,0,35000,-240491,-205491
2007/10/09,0,207000,-1720001,-1513001
2007/10/10,0,0,0,0
2007/10/11,0,555000,-1631308,-1076308
2007/10/12,0,221000,-3153694,-2932694
2007/10/15,0,4000,-3414487,-3410487
2007/10/16,0,617000,-3135923,-2518923
2007/10/17,0,1496000,0,1496000
2007/10/18,0,0,-125000,-125000
2007/10/19,0,988000,-1602482,-614482
2007/10/22,0,750000,-980000,-230000
2007/10/23,0,887000,-3000,884000
2007/10/24,0,231000,-284000,-53000
2007/10/25,0,73000,-197000,-124000
2007/10/26,0,2103000,-5000,2098000
2007/10/29,0,3476000,-15000,3461000
2007/10/30,0,3418000,-10000,3408000
2007/10/31,0,14275000,-124000,14151000
2007/11/01,0,1461000,-140000,1321000
2007/11/02,0,1120000,-20000,1100000
2007/11/05,0,1108000,0,1108000
2007/11/06,0,1370000,0,1370000
2007/11/07,0,626000,-797821,-171821
2007/11/08,0,744000,0,744000
2007/11/09,0,2956000,0,2956000
2007/11/12,0,1485000,-1160000,325000
2007/11/13,0,2134000,-1713000,421000
2007/11/14,0,602000,-953000,-351000
2007/11/15,0,425000,-1489000,-1064000
2007/11/16,0,751000,-734923,16077
2007/11/19,0,269000,-25000,244000
2007/11/20,0,143000,-56000,87000
2007/11/21,0,116000,-450000,-334000
2007/11/22,0,508000,-358000,150000
2007/11/23,0,172000,-664000,-492000
2007/11/26,0,976000,-674000,302000
2007/11/27,0,20000,-119000,-99000
2007/11/28,0,21000,-230000,-209000
2007/11/29,0,103000,-100561,2439
2007/11/30,0,30000,-14000,16000
2007/12/03,0,112000,-402759,-290759
2007/12/04,0,801000,-673000,128000
2007/12/05,0,1146000,-3624000,-2478000
2007/12/06,0,214000,-2353000,-2139000
2007/12/07,0,12000,-200000,-188000
2007/12/10,0,220000,-2207794,-1987794
2007/12/11,0,450000,-88000,362000
2007/12/12,0,0,-150000,-150000
2007/12/13,0,4000,-787000,-783000
2007/12/14,0,12000,-3311000,-3299000
2007/12/17,0,1140000,-328000,812000
2007/12/18,0,1177000,-125969,1051031
2007/12/19,0,339000,-633000,-294000
2007/12/20,0,199000,-861938,-662938
2007/12/21,0,329000,-185000,144000
2007/12/24,0,1627000,-41000,1586000
2007/12/25,0,1231000,-31000,1200000
2007/12/26,0,80000,-3951000,-3871000
2007/12/27,0,61000,-154000,-93000
2007/12/28,0,0,-2000,-2000
2007/12/31,0,1578000,-761000,817000
2008/01/01,0,0,0,0
2008/01/02,0,312000,-1106000,-794000
2008/01/03,0,56000,-426447,-370447
2008/01/04,0,1215000,-99000,1116000
2008/01/07,0,45000,-1947104,-1902104
2008/01/08,0,678000,-1369000,-691000
2008/01/09,0,1470000,-1322000,148000
2008/01/10,0,506000,-6809309,-6303309
2008/01/11,0,621000,-3131492,-2510492
2008/01/14,0,161000,-11191000,-11030000
2008/01/15,0,161000,-3748720,-3587720
2008/01/16,0,1000,-1799000,-1798000
2008/01/17,0,200000,-1731000,-1531000
2008/01/18,0,467000,0,467000
2008/01/21,0,91000,-346000,-255000
2008/01/22,0,720000,-1079923,-359923
2008/01/23,0,1374000,-100000,1274000
2008/01/24,0,1817000,-435000,1382000
2008/01/25,0,665000,-39000,626000
2008/01/28,0,550000,-295000,255000
2008/01/29,0,545000,0,545000
2008/01/30,0,1326000,0,1326000
2008/01/31,0,700000,-510000,190000
2008/02/01,0,301000,0,301000
2008/02/04,0,0,0,0
2008/02/05,0,0,0,0
2008/02/06,0,0,0,0
2008/02/07,0,0,0,0
2008/02/08,0,0,0,0
2008/02/11,0,0,0,0
2008/02/12,0,256000,-448000,-192000
2008/02/13,0,153000,-119000,34000
2008/02/14,0,1559000,-95000,1464000
2008/02/15,0,530000,-499000,31000
2008/02/18,0,83000,-805000,-722000
2008/02/19,0,114000,-1562720,-1448720
2008/02/20,0,999000,-11000,988000
2008/02/21,0,254000,-20000,234000
2008/02/22,0,644000,-1000,643000
2008/02/25,0,2000,-1618000,-1616000
2008/02/26,0,281000,-827000,-546000
2008/02/27,0,110000,-3283000,-3173000
2008/02/28,0,0,0,0
2008/02/29,0,8000,-2384872,-2376872
2008/03/03,0,271000,-2243000,-1972000
2008/03/04,0,183000,-1829710,-1646710
2008/03/05,0,3000,-2045000,-2042000
2008/03/06,0,15000,-610000,-595000
2008/03/07,0,200000,-898000,-698000
2008/03/10,0,5000,-198000,-193000
2008/03/11,0,70000,-559000,-489000
2008/03/12,0,330000,-467000,-137000
2008/03/13,0,50000,-41000,9000
2008/03/14,0,11000,-100000,-89000
2008/03/17,0,5000,-2081360,-2076360
2008/03/18,0,41000,-181000,-140000
2008/03/19,0,15000,-2703898,-2688898
2008/03/20,0,77000,-780000,-703000
2008/03/21,0,309000,-3435000,-3126000
2008/03/24,0,198000,-688000,-490000
2008/03/25,0,16000,-76000,-60000
2008/03/26,0,35000,-70472,-35472
2008/03/27,0,6000,-788000,-782000
2008/03/28,0,57000,0,57000
2008/03/31,0,5000,-477000,-472000
2008/04/01,0,3000,-865011,-862011
2008/04/02,0,533000,-70000,463000
2008/04/03,0,550000,-180000,370000
2008/04/04,0,0,0,0
2008/04/07,0,2000,-2446000,-2444000
2008/04/08,0,153000,-216435,-63435
2008/04/09,0,142000,-70000,72000
2008/04/10,0,139000,-1179000,-1040000
2008/04/11,0,128000,0,128000
2008/04/14,0,337000,-502437,-165437
2008/04/15,0,401000,-360000,41000
2008/04/16,0,739000,-6000,733000
2008/04/17,0,2702000,-172000,2530000
2008/04/18,0,365000,-272000,93000
2008/04/21,0,231000,0,231000
2008/04/22,0,18000,-451000,-433000
2008/04/23,0,71000,0,71000
2008/04/24,0,7000,-453000,-446000
2008/04/25,0,3000,-258000,-255000
2008/04/28,0,85000,-190000,-105000
2008/04/29,0,625000,0,625000
2008/04/30,0,260000,-119000,141000
2008/05/01,0,0,0,0
2008/05/02,0,476000,-200000,276000
2008/05/05,0,612000,-8000,604000
2008/05/06,0,25000,0,25000
2008/05/07,0,370000,-765000,-395000
2008/05/08,0,113000,-657000,-544000
2008/05/09,0,12000,-100000,-88000
2008/05/12,0,155000,-72000,83000
2008/05/13,0,129000,-240000,-111000
2008/05/14,0,155000,-210000,-55000
2008/05/15,0,29000,-300000,-271000
2008/05/16,0,36000,-755000,-719000
2008/05/19,0,0,-54000,-54000
2008/05/20,0,20000,-468000,-448000
2008/05/21,0,0,-333000,-333000
2008/05/22,0,217000,-583872,-366872
2008/05/23,0,57000,-440000,-383000
2008/05/26,0,0,-105000,-105000
2008/05/27,0,72000,-230942,-158942
2008/05/28,0,10000,-10000,0
2008/05/29,0,26000,-100000,-74000
2008/05/30,0,45000,-257000,-212000
2008/06/02,0,447000,-50000,397000
2008/06/03,0,774000,-208000,566000
2008/06/04,0,4892000,-341000,4551000
2008/06/05,0,2000,-75000,-73000
2008/06/06,0,478000,0,478000
2008/06/09,0,54000,-459000,-405000
2008/06/10,0,1273000,-706000,567000
2008/06/11,0,538000,-100000,438000
2008/06/12,0,2014000,-900000,1114000
2008/06/13,0,2542000,-248000,2294000
2008/06/16,0,1992000,-108000,1884000
2008/06/17,0,1559000,-295994,1263006
2008/06/18,0,374000,-535000,-161000
2008/06/19,0,550000,-169000,381000
2008/06/20,0,292000,-301000,-9000
2008/06/23,0,169000,0,169000
2008/06/24,0,174000,-471000,-297000
2008/06/25,0,786000,-102000,684000
2008/06/26,0,1411000,0,1411000
2008/06/27,0,31000,0,31000
2008/06/30,0,98000,-195000,-97000
2008/07/01,0,629000,-1218000,-589000
2008/07/02,0,430000,-307000,123000
2008/07/03,0,200000,-50000,150000
2008/07/04,0,518000,-987000,-469000
2008/07/07,0,36000,-241000,-205000
2008/07/08,0,166000,-301000,-135000
2008/07/09,0,866000,-7000,859000
2008/07/10,0,250000,-1118000,-868000
2008/07/11,0,314000,-100000,214000
2008/07/14,0,1000,-820000,-819000
2008/07/15,0,60000,-353000,-293000
2008/07/16,0,583000,-2656000,-2073000
2008/07/17,0,130000,-748000,-618000
2008/07/18,0,40000,-289000,-249000
2008/07/21,0,670000,-92177,577823
2008/07/22,0,7000,-569000,-562000
2008/07/23,0,4000,-829367,-825367
2008/07/24,0,187000,-862000,-675000
2008/07/25,0,0,-1117251,-1117251
2008/07/28,0,0,0,0
2008/07/29,0,7000,-1041000,-1034000
2008/07/30,0,96000,-679000,-583000
2008/07/31,0,2106000,-379000,1727000
2008/08/01,0,630000,-769000,-139000
2008/08/04,0,576000,-280000,296000
2008/08/05,0,1418000,-370000,1048000
2008/08/06,0,1575000,-239000,1336000
2008/08/07,0,9812000,-124218,9687782
2008/08/08,0,3418000,-157000,3261000
2008/08/11,0,5409000,-250000,5159000
2008/08/12,0,1534000,-272000,1262000
2008/08/13,0,17000,-640000,-623000
2008/08/14,0,1047000,-72000,975000
2008/08/15,0,678000,-39000,639000
2008/08/18,0,193000,-565000,-372000
2008/08/19,0,380000,-316000,64000
2008/08/20,0,1168000,-16000,1152000
2008/08/21,0,291000,-89000,202000
2008/08/22,0,212000,0,212000
2008/08/25,0,279000,-85000,194000
2008/08/26,0,188000,-175000,13000
2008/08/27,0,718000,-800000,-82000
2008/08/28,0,537000,-25643,511357
2008/08/29,0,192000,-110000,82000
2008/09/01,0,53000,-804000,-751000
2008/09/02,0,19272,-1311000,-1291728
2008/09/03,0,1350000,-1151000,199000
2008/09/04,0,1245000,0,1245000
2008/09/05,0,913000,-1538000,-625000
2008/09/08,0,1815000,-493000,1322000
2008/09/09,0,26000,-2311000,-2285000
2008/09/10,0,151000,-2970000,-2819000
2008/09/11,0,117000,-293000,-176000
2008/09/12,0,867000,-938000,-71000
2008/09/15,0,2544000,-789000,1755000
2008/09/16,0,236000,-84000,152000
2008/09/17,0,2986000,-181000,2805000
2008/09/18,0,1650000,-496000,1154000
2008/09/19,0,5254000,-210000,5044000
2008/09/22,0,1013000,-21000,992000
2008/09/23,0,47000,-344000,-297000
2008/09/24,0,23000,-178000,-155000
2008/09/25,0,59000,-122000,-63000
2008/09/26,0,77000,-242000,-165000
2008/09/29,0,0,0,0
2008/09/30,0,237000,-434000,-197000
2008/10/01,0,271000,-655301,-384301
2008/10/02,0,498000,-407444,90556
2008/10/03,0,211000,-164000,47000
2008/10/06,0,120000,-235712,-115712
2008/10/07,0,500000,-416292,83708
2008/10/08,0,491000,-458386,32614
2008/10/09,0,1099000,-1854617,-755617
2008/10/10,0,0,0,0
2008/10/13,0,300000,0,300000
2008/10/14,0,5774000,-637841,5136159
2008/10/15,0,803605,-1233108,-429503
2008/10/16,0,20000,-57935,-37935
2008/10/17,0,572000,-4771939,-4199939
2008/10/20,0,206000,-778000,-572000
2008/10/21,0,1639000,-73909,1565091
2008/10/22,0,471000,-288000,183000
2008/10/23,0,15000,-272000,-257000
2008/10/24,0,62000,-65000,-3000
2008/10/27,0,205000,-850456,-645456
2008/10/28,0,1408000,-1188944,219056
2008/10/29,0,3784000,-421000,3363000
2008/10/30,0,705000,-78383,626617
2008/10/31,0,3176000,-11738091,-8562091
2008/11/03,0,863000,-6900552,-6037552
2008/11/04,0,413000,-4614180,-4201180
2008/11/05,0,199000,-3341001,-3142001
2008/11/06,0,157000,-5985490,-5828490
2008/11/07,0,0,-2882821,-2882821
2008/11/10,0,11000,-2957205,-2946205
2008/11/11,0,156000,-2017200,-1861200
2008/11/12,0,430000,-362000,68000
2008/11/13,0,16000,-483434,-467434
2008/11/14,0,8000,-328000,-320000
2008/11/17,0,52000,-674882,-622882
2008/11/18,0,251000,-801842,-550842
2008/11/19,0,990000,-1614186,-624186
2008/11/20,0,206000,-329000,-123000
2008/11/21,0,1308000,-214954,1093046
2008/11/24,0,3183000,-1939,3181061
2008/11/25,0,2091000,-301466,1789534
2008/11/26,0,327000,-59969,267031
2008/11/27,0,1693000,-200000,1493000
2008/11/28,0,673000,-185048,487952
2008/12/01,0,703000,-100534,602466
2008/12/02,0,1050000,-606000,444000
2008/12/03,0,903000,-458746,444254
2008/12/04,0,1045000,0,1045000
2008/12/05,0,500000,-112000,388000
2008/12/08,0,279000,0,279000
2008/12/09,0,435000,-300000,135000
2008/12/10,0,987000,-18000,969000
2008/12/11,0,795000,-3000,792000
2008/12/12,0,108000,-85000,23000
2008/12/15,0,70000,-204000,-134000
2008/12/16,0,200000,0,200000
2008/12/17,0,508000,-140000,368000
2008/12/18,0,12000,-14000,-2000
2008/12/19,0,889000,-3996000,-3107000
2008/12/22,0,226000,-2209000,-1983000
2008/12/23,0,2000,-5121000,-5119000
2008/12/24,0,0,-1597797,-1597797
2008/12/25,0,61000,-1695371,-1634371
2008/12/26,0,317000,-691000,-374000
2008/12/29,0,0,-2251975,-2251975
2008/12/30,0,220000,0,220000
2008/12/31,0,80000,-1106111,-1026111
2009/01/01,0,0,0,0
2009/01/02,0,0,0,0
2009/01/05,0,891000,-5630000,-4739000
2009/01/06,0,300000,-1753000,-1453000
2009/01/07,0,825000,-4609000,-3784000
2009/01/08,0,479000,-1710681,-1231681
2009/01/09,0,10000,-3242939,-3232939
2009/01/12,0,389000,-1278728,-889728
2009/01/13,0,1372000,-1167561,204439
2009/01/14,0,600000,-1053000,-453000
2009/01/15,0,0,-1051328,-1051328
2009/01/16,0,22000,-1400000,-1378000
2009/01/19,0,477000,-211000,266000
2009/01/20,0,60000,-1000,59000
2009/01/21,0,1630000,-3000,1627000
2009/01/22,0,0,0,0
2009/01/23,0,0,0,0
2009/01/26,0,0,0,0
2009/01/27,0,0,0,0
2009/01/28,0,0,0,0
2009/01/29,0,0,0,0
2009/01/30,0,0,0,0
2009/02/02,0,100000,-208000,-108000
2009/02/03,0,442000,-1050000,-608000
2009/02/04,0,65000,0,65000
2009/02/05,0,1311000,-610488,700512
2009/02/06,0,446000,-895000,-449000
2009/02/09,0,172000,-953000,-781000
2009/02/10,0,36000,-850057,-814057
2009/02/11,0,30000,-410000,-380000
2009/02/12,0,1073000,-47000,1026000
2009/02/13,0,1311000,-1808000,-497000
2009/02/16,0,2109000,0,2109000
2009/02/17,0,812000,-1550000,-738000
2009/02/18,0,2384000,-10000,2374000
2009/02/19,0,4220000,-450000,3770000
2009/02/20,0,2464000,-7000,2457000
2009/02/23,0,286000,-200000,86000
2009/02/24,0,250000,-342000,-92000
2009/02/25,0,0,-480000,-480000
2009/02/26,0,62000,-3361000,-3299000
2009/02/27,0,494000,-932000,-438000
2009/03/02,0,271000,-2196000,-1925000
2009/03/03,0,40000,-1001775,-961775
2009/03/04,0,0,-441000,-441000
2009/03/05,0,3000,-153000,-150000
2009/03/06,0,0,-447000,-447000
2009/03/09,0,0,-199000,-199000
2009/03/10,0,0,-4000,-4000
2009/03/11,0,600000,-13000,587000
2009/03/12,0,0,-1497443,-1497443
2009/03/13,0,2722000,-7000,2715000
2009/03/16,0,1407000,-1000,1406000
2009/03/17,0,1240000,-110000,1130000
2009/03/18,0,2040000,-21000,2019000
2009/03/19,0,400000,-206000,194000
2009/03/20,0,1600000,-748000,852000
2009/03/23,0,649000,-7000,642000
2009/03/24,0,1137000,-67000,1070000
2009/03/25,0,1261000,-325000,936000
2009/03/26,0,0,-519000,-519000
2009/03/27,0,0,-2633879,-2633879
2009/03/30,0,0,-652000,-652000
2009/03/31,0,125000,-2938000,-2813000
2009/04/01,0,0,-60187,-60187
2009/04/02,0,4000,-115000,-111000
2009/04/03,0,0,-1305637,-1305637
2009/04/06,0,640000,-1000,639000
2009/04/07,0,2000,-270000,-268000
2009/04/08,0,0,-294788,-294788
2009/04/09,0,0,-248000,-248000
2009/04/10,0,0,-277664,-277664
2009/04/13,0,0,-52000,-52000
2009/04/14,0,100000,-1002000,-902000
2009/04/15,0,3581000,-170000,3411000
2009/04/16,0,2463000,-73000,2390000
2009/04/17,0,1080000,-151000,929000
2009/04/20,0,274000,-778000,-504000
2009/04/21,0,1701000,-3069000,-1368000
2009/04/22,0,4000,-4219000,-4215000
2009/04/23,0,163000,-1001000,-838000
2009/04/24,0,941000,-19000,922000
2009/04/27,0,0,0,0
2009/04/28,0,1000,-41000,-40000
2009/04/29,0,0,-315000,-315000
2009/04/30,0,0,-678000,-678000
2009/05/01,0,0,0,0
2009/05/04,0,21000,-3000,18000
2009/05/05,0,6000,-39000,-33000
2009/05/06,0,0,-404000,-404000
2009/05/07,0,941000,-4000,937000
2009/05/08,0,1537000,-1000,1536000
2009/05/11,0,0,-1790000,-1790000
2009/05/12,0,0,-1846000,-1846000
2009/05/13,0,0,-3172000,-3172000
2009/05/14,0,0,-3668887,-3668887
2009/05/15,0,146000,-2784030,-2638030
2009/05/18,0,0,-501351,-501351
2009/05/19,0,1000,-4600000,-4599000
2009/05/20,0,6000,-1692667,-1686667
2009/05/21,0,0,-275000,-275000
2009/05/22,0,0,-202000,-202000
2009/05/25,0,27000,-1096000,-1069000
2009/05/26,0,233000,-1755245,-1522245
2009/05/27,0,214000,-25000,189000
2009/05/28,0,0,0,0
2009/05/29,0,0,0,0
2009/06/01,0,176000,-1707000,-1531000
2009/06/02,0,18000,-1209000,-1191000
2009/06/03,0,143000,0,143000
2009/06/04,0,17000,-980000,-963000
2009/06/05,0,0,-1100000,-1100000
2009/06/08,0,26000,-1062000,-1036000
2009/06/09,0,4000,-387000,-383000
2009/06/10,0,26000,-5000,21000
2009/06/11,0,13000,-645000,-632000
2009/06/12,0,0,-397000,-397000
2009/06/15,0,11000,-290000,-279000
2009/06/16,0,16000,-1000,15000
2009/06/17,0,116000,-451000,-335000
2009/06/18,0,14000,0,14000
2009/06/19,0,59000,0,59000
2009/06/22,0,11000,0,11000
2009/06/23,0,0,-23000,-23000
2009/06/24,0,3000,-6000,-3000
2009/06/25,0,2000,0,2000
2009/06/26,0,611000,-77963,533037
2009/06/29,0,9000,0,9000
2009/06/30,0,0,-343691,-343691
2009/07/01,0,2088000,0,2088000
2009/07/02,0,0,-1000,-1000
2009/07/03,0,0,-20000,-20000
2009/07/06,0,410000,-13000,397000
2009/07/07,0,5000,0,5000
2009/07/08,0,0,-6000,-6000
2009/07/09,0,0,0,0
2009/07/10,0,80000,-6000,74000
2009/07/13,0,125000,-9000,116000
2009/07/14,0,1000,-59000,-58000
2009/07/15,0,20000,-9000,11000
2009/07/16,0,0,-32000,-32000
2009/07/17,0,2000,0,2000
2009/07/20,0,0,-401000,-401000
2009/07/21,0,0,-152000,-152000
2009/07/22,0,0,-38000,-38000
2009/07/23,0,0,-53000,-53000
2009/07/24,0,56000,-43000,13000
2009/07/27,0,528000,-10000,518000
2009/07/28,0,2211000,-18000,2193000
2009/07/29,0,564000,-37000,527000
2009/07/30,0,450000,-13000,437000
2009/07/31,0,300000,-18000,282000
2009/08/03,0,2000000,-47000,1953000
2009/08/04,0,0,-15000,-15000
2009/08/05,0,0,0,0
2009/08/06,0,0,-11000,-11000
2009/08/07,0,0,0,0
2009/08/10,0,206000,-46000,160000
2009/08/11,0,909000,0,909000
2009/08/12,0,3240000,-17000,3223000
2009/08/13,0,80000,-42931,37069
2009/08/14,0,3588000,-10480,3577520
2009/08/17,0,746000,-60000,686000
2009/08/18,0,883000,0,883000
2009/08/19,0,355000,-61000,294000
2009/08/20,0,59000,-67000,-8000
2009/08/21,0,473000,-97000,376000
2009/08/24,0,116000,-1351000,-1235000
2009/08/25,0,340000,-7000,333000
2009/08/26,0,0,-1507000,-1507000
2009/08/27,0,15000,-7000,8000
2009/08/28,0,0,0,0
2009/08/31,0,75000,0,75000
2009/09/01,0,0,-3342000,-3342000
2009/09/02,0,52000,-384000,-332000
2009/09/03,0,53000,-6000,47000
2009/09/04,0,0,-2008000,-2008000
2009/09/07,0,0,-169000,-169000
2009/09/08,0,200000,-566000,-366000
2009/09/09,0,28000,-112000,-84000
2009/09/10,0,235000,-68000,167000
2009/09/11,0,0,-605000,-605000
2009/09/14,0,53000,-112000,-59000
2009/09/15,0,4000,0,4000
2009/09/16,0,0,-150000,-150000
2009/09/17,0,319000,0,319000
2009/09/18,0,130000,-407000,-277000
2009/09/21,0,0,-103000,-103000
2009/09/22,0,20000,-450000,-430000
2009/09/23,0,13000,-52000,-39000
2009/09/24,0,0,-102980,-102980
2009/09/25,0,128664,0,128664
2009/09/28,0,43000,-221960,-178960
2009/09/29,0,106000,-341236,-235236
2009/09/30,0,53000,-32250,20750
2009/10/01,0,71000,-323240,-252240
2009/10/02,0,81800,0,81800
2009/10/05,0,35000,0,35000
2009/10/06,0,0,0,0
2009/10/07,0,0,0,0
2009/10/08,0,0,0,0
2009/10/09,0,3000,-2135000,-2132000
2009/10/12,0,154000,0,154000
2009/10/13,0,51000,-302966,-251966
2009/10/14,0,232000,-821000,-589000
2009/10/15,0,170000,-450436,-280436
2009/10/16,0,2000,-1110,890
2009/10/19,0,10000,0,10000
2009/10/20,0,7000,0,7000
2009/10/21,0,31000,-187394,-156394
2009/10/22,0,226000,0,226000
2009/10/23,0,370000,0,370000
2009/10/26,0,365000,-314000,51000
2009/10/27,0,6354000,-13000,6341000
2009/10/28,0,1735000,-29000,1706000
2009/10/29,0,2000,-379400,-377400
2009/10/30,0,1099000,-3000,1096000
2009/11/02,0,106000,-50326,55674
2009/11/03,0,5000,-3000,2000
2009/11/04,0,359000,0,359000
2009/11/05,0,722000,-22000,700000
2009/11/06,0,22000,0,22000
2009/11/09,0,458000,0,458000
2009/11/10,0,1349000,-4044,1344956
2009/11/11,0,719000,-19000,700000
2009/11/12,0,51000,-81000,-30000
2009/11/13,0,203000,-12000,191000
2009/11/16,0,185000,-1000,184000
2009/11/17,0,0,-2000,-2000
2009/11/18,0,0,-373160,-373160
2009/11/19,0,0,-5000,-5000
2009/11/20,0,219000,-216180,2820
2009/11/23,0,0,-4000,-4000
2009/11/24,0,0,-6000,-6000
2009/11/25,0,0,-52000,-52000
2009/11/26,0,26000,0,26000
2009/11/27,0,0,0,0
2009/11/30,0,150000,-60000,90000
2009/12/01,0,0,-701000,-701000
2009/12/02,0,0,-30000,-30000
2009/12/03,0,144000,-160000,-16000
2009/12/04,0,0,-241000,-241000
2009/12/07,0,84000,-414000,-330000
2009/12/08,0,0,-90000,-90000
2009/12/09,0,367000,0,367000
2009/12/10,0,0,-13304,-13304
2009/12/11,0,5000,-418000,-413000
2009/12/14,0,60000,-365000,-305000
2009/12/15,0,210000,-4602606,-4392606
2009/12/16,0,1116000,-1505561,-389561
2009/12/17,0,0,-6449000,-6449000
2009/12/18,0,7000,-776180,-769180
2009/12/21,0,4000,-620000,-616000
2009/12/22,0,0,-451000,-451000
2009/12/23,0,2000,-913558,-911558
2009/12/24,0,0,-250000,-250000
2009/12/25,0,0,-98000,-98000
2009/12/28,0,5000,0,5000
2009/12/29,0,54000,-8000,46000
2009/12/30,0,26000,0,26000
2009/12/31,0,0,-171000,-171000
2010/01/01,0,0,0,0
2010/01/04,0,9000,-1730000,-1721000
2010/01/05,0,0,-3000,-3000
2010/01/06,0,437000,-9000,428000
2010/01/07,0,855000,-1120000,-265000
2010/01/08,0,300000,-11000,289000
2010/01/11,0,442000,-4000,438000
2010/01/12,0,499000,-23000,476000
2010/01/13,0,0,-2000,-2000
2010/01/14,0,0,-26000,-26000
2010/01/15,0,0,-129000,-129000
2010/01/18,0,0,0,0
2010/01/19,0,10000,-250000,-240000
2010/01/20,0,8000,-9000,-1000
2010/01/21,0,0,-7000,-7000
2010/01/22,0,20000,0,20000
2010/01/25,0,0,-259000,-259000
2010/01/26,0,0,-335000,-335000
2010/01/27,0,42000,-249000,-207000
2010/01/28,0,2457000,-1000,2456000
2010/01/29,0,8000,-2000,6000
2010/02/01,0,10000,-2000,8000
2010/02/02,0,0,0,0
2010/02/03,0,4000,0,4000
2010/02/04,0,6000,0,6000
2010/02/05,0,4000,0,4000
2010/02/08,0,18000,-4000,14000
2010/02/09,0,8000,0,8000
2010/02/10,0,37000,0,37000
2010/02/11,0,0,0,0
2010/02/12,0,0,0,0
2010/02/15,0,0,0,0
2010/02/16,0,0,0,0
2010/02/17,0,0,0,0
2010/02/18,0,0,0,0
2010/02/19,0,0,0,0
2010/02/22,0,7000,0,7000
2010/02/23,0,21000,0,21000
2010/02/24,0,2000,-344000,-342000
2010/02/25,0,2000,0,2000
2010/02/26,0,7000,-9000,-2000
2010/03/01,0,4000,0,4000
2010/03/02,0,0,0,0
2010/03/03,0,100000,0,100000
2010/03/04,0,0,-4000,-4000
2010/03/05,0,3000,0,3000
2010/03/08,0,0,0,0
2010/03/09,0,5000,-22000,-17000
2010/03/10,0,0,-157000,-157000
2010/03/11,0,2000,0,2000
2010/03/12,0,2000,-57000,-55000
2010/03/15,0,0,-8000,-8000
2010/03/16,0,100000,-6000,94000
2010/03/17,0,8000,-191000,-183000
2010/03/18,0,7000,-813000,-806000
2010/03/19,0,0,-507000,-507000
2010/03/22,0,0,-1147000,-1147000
2010/03/23,0,3000,-349000,-346000
2010/03/24,0,0,-3000,-3000
2010/03/25,0,0,-6418,-6418
2010/03/26,0,0,-3000,-3000
2010/03/29,0,7000,0,7000
2010/03/30,0,5000,-50000,-45000
2010/03/31,0,0,-7000,-7000
2010/04/01,0,600000,-2000,598000
2010/04/02,0,3000,-254398,-251398
2010/04/05,0,0,0,0
2010/04/06,0,0,-4000,-4000
2010/04/07,0,0,-7000,-7000
2010/04/08,0,0,-13000,-13000
2010/04/09,0,0,-4000,-4000
2010/04/12,0,2485000,-2000,2483000
2010/04/13,0,42000,-7000,35000
2010/04/14,0,302000,-99000,203000
2010/04/15,0,200000,-7000,193000
2010/04/16,0,3000000,-9000,2991000
2010/04/19,0,1150000,-943,1149057
2010/04/20,0,2592000,-8000,2584000
2010/04/21,0,1793000,-8116,1784884
2010/04/22,0,1500000,0,1500000
2010/04/23,0,3281000,0,3281000
2010/04/26,0,1222000,-14000,1208000
2010/04/27,0,1023000,-10000,1013000
2010/04/28,0,4000,-12000,-8000
2010/04/29,0,0,0,0
2010/04/30,0,637000,-28000,609000
2010/05/03,0,1000000,-803000,197000
2010/05/04,0,400000,0,400000
2010/05/05,0,0,-10000,-10000
2010/05/06,0,25000,-2359000,-2334000
2010/05/07,0,9000,-157000,-148000
2010/05/10,0,6000,-1161000,-1155000
2010/05/11,0,11000,-624666,-613666
2010/05/12,0,2000,-140000,-138000
2010/05/13,0,3000,0,3000
2010/05/14,0,15000,-178000,-163000
2010/05/17,0,4000,-1261,2739
2010/05/18,0,0,0,0
2010/05/19,0,0,0,0
2010/05/20,0,0,0,0
2010/05/21,0,0,0,0
2010/05/24,0,0,0,0
2010/05/25,0,0,0,0
2010/05/26,0,0,0,0
2010/05/27,0,0,0,0
2010/05/28,0,0,0,0
2010/05/31,0,0,0,0
2010/06/01,0,0,0,0
2010/06/02,0,0,0,0
2010/06/03,0,0,0,0
2010/06/04,0,0,0,0
2010/06/07,0,0,0,0
2010/06/08,0,0,0,0
2010/06/09,0,0,0,0
2010/06/10,0,0,0,0
2010/06/11,0,0,0,0
2010/06/14,0,0,0,0
2010/06/15,0,0,0,0
2010/06/16,0,0,0,0
2010/06/17,0,0,0,0
2010/06/18,0,0,0,0
2010/06/21,0,0,0,0
2010/06/22,0,0,0,0
2010/06/23,0,0,0,0
2010/06/24,0,0,0,0
2010/06/25,0,939000,-17000,922000
2010/06/28,0,188000,0,188000
2010/06/29,0,40000,0,40000
2010/06/30,0,31000,-5000,26000
2010/07/01,0,0,-230000,-230000
2010/07/02,0,211000,-5000,206000
2010/07/05,0,162000,0,162000
2010/07/06,0,20000,-55000,-35000
2010/07/07,0,5000,-132000,-127000
2010/07/08,0,0,-60000,-60000
2010/07/09,0,0,0,0
2010/07/12,0,0,-71000,-71000
2010/07/13,0,30000,-80000,-50000
2010/07/14,0,30000,0,30000
2010/07/15,0,0,-25000,-25000
2010/07/16,0,0,-187000,-187000
2010/07/19,0,0,-10000,-10000
2010/07/20,0,0,0,0
2010/07/21,0,0,-3000,-3000
2010/07/22,0,0,0,0
2010/07/23,0,1000,0,1000
2010/07/26,0,0,-51000,-51000
2010/07/27,0,77000,-90000,-13000
2010/07/28,0,0,-445000,-445000
2010/07/29,0,0,-100000,-100000
2010/07/30,0,0,-101000,-101000
2010/08/02,0,4000,-1000,3000
2010/08/03,0,302000,0,302000
2010/08/04,0,0,-2000,-2000
2010/08/05,0,0,-274950,-274950
2010/08/06,0,0,-1300,-1300
2010/08/09,0,5000,-706500,-701500
2010/08/10,0,9000,-50,8950
2010/08/11,0,10000,-25000,-15000
2010/08/12,0,0,-2000,-2000
2010/08/13,0,16000,-57000,-41000
2010/08/16,0,54000,-208000,-154000
2010/08/17,0,52000,-2000,50000
2010/08/18,0,2000,0,2000
2010/08/19,0,21000,-300000,-279000
2010/08/20,0,184000,-195000,-11000
2010/08/23,0,52000,-1000,51000
2010/08/24,0,0,-249000,-249000
2010/08/25,0,4000,-79000,-75000
2010/08/26,0,59000,-164000,-105000
2010/08/27,0,10000,-287000,-277000
2010/08/30,0,56000,-35000,21000
2010/08/31,0,42000,0,42000
2010/09/01,0,0,-15000,-15000
2010/09/02,0,1000,0,1000
2010/09/03,0,13000,0,13000
2010/09/06,0,5000,0,5000
2010/09/07,0,2000,0,2000
2010/09/08,0,0,0,0
2010/09/09,0,0,0,0
2010/09/10,0,0,0,0
2010/09/13,0,0,0,0
2010/09/14,0,0,0,0
2010/09/15,0,0,-2000,-2000
2010/09/16,0,0,-1000,-1000
2010/09/17,0,1000,-17000,-16000
2010/09/20,0,0,-130000,-130000
2010/09/21,0,0,-1000,-1000
2010/09/22,0,0,0,0
2010/09/23,0,0,-1000,-1000
2010/09/24,0,0,-1000,-1000
2010/09/27,0,0,0,0
2010/09/28,0,8000,-3600,4400
2010/09/29,0,0,-20000,-20000
2010/09/30,0,0,-4000,-4000
2010/10/01,0,0,0,0
2010/10/04,0,131000,-1000,130000
2010/10/05,0,0,0,0
2010/10/06,0,0,-1000,-1000
2010/10/07,0,0,0,0
2010/10/08,0,24000,-3000,21000
2010/10/11,0,0,0,0
2010/10/12,0,0,0,0
2010/10/13,0,39000,0,39000
2010/10/14,0,98000,-1000,97000
2010/10/15,0,0,-1000,-1000
2010/10/18,0,0,-9300,-9300
2010/10/19,0,4000,0,4000
2010/10/20,0,0,0,0
2010/10/21,0,0,0,0
2010/10/22,0,365000,-1000,364000
2010/10/25,0,632000,0,632000
2010/10/26,0,384000,0,384000
2010/10/27,0,319000,0,319000
2010/10/28,0,436000,0,436000
2010/10/29,0,681000,0,681000
2010/11/01,0,687000,0,687000
2010/11/02,0,191000,0,191000
2010/11/03,0,479000,0,479000
2010/11/04,0,220000,0,220000
2010/11/05,0,65000,-47000,18000
2010/11/08,0,26000,0,26000
2010/11/09,0,1000,0,1000
2010/11/10,0,353000,-1000,352000
2010/11/11,0,81000,0,81000
2010/11/12,0,63000,0,63000
2010/11/15,0,0,-134000,-134000
2010/11/16,0,96000,-10000,86000
2010/11/17,0,0,-14000,-14000
2010/11/18,0,0,0,0
2010/11/19,0,61000,-32000,29000
2010/11/22,0,0,0,0
2010/11/23,0,132000,0,132000
2010/11/24,0,98000,0,98000
2010/11/25,0,220000,-2000,218000
2010/11/26,0,237000,-150000,87000
2010/11/29,0,54000,-35000,19000
2010/11/30,0,68000,-114000,-46000
2010/12/01,0,140000,-1000,139000
2010/12/02,0,230000,-1000,229000
2010/12/03,0,58000,-102000,-44000
2010/12/06,0,29000,-102000,-73000
2010/12/07,0,205000,-152000,53000
2010/12/08,0,270000,-48000,222000
2010/12/09,0,153000,-20000,133000
2010/12/10,0,89000,0,89000
2010/12/13,0,63000,-2000,61000
2010/12/14,0,0,-52000,-52000
2010/12/15,0,0,-61000,-61000
2010/12/16,0,0,-38000,-38000
2010/12/17,0,35000,-193000,-158000
2010/12/20,0,10000,-1000,9000
2010/12/21,0,26000,-21000,5000
2010/12/22,0,0,-182000,-182000
2010/12/23,0,0,0,0
2010/12/24,0,0,-61000,-61000
2010/12/27,0,0,-300000,-300000
2010/12/28,0,150000,-10000,140000
2010/12/29,0,5000,-154000,-149000
2010/12/30,0,0,-15000,-15000
2010/12/31,0,35000,-198000,-163000
2011/01/03,0,0,-343000,-343000
2011/01/04,0,0,-20000,-20000
2011/01/05,0,114000,-544000,-430000
2011/01/06,0,34000,-100000,-66000
2011/01/07,0,193000,-84000,109000
2011/01/10,0,55000,-8000,47000
2011/01/11,0,80000,-108794,-28794
2011/01/12,0,0,-138000,-138000
2011/01/13,0,0,0,0
2011/01/14,0,0,-44356,-44356
2011/01/17,0,0,-359000,-359000
2011/01/18,0,42000,-400000,-358000
2011/01/19,0,0,-102000,-102000
2011/01/20,0,0,-576000,-576000
2011/01/21,0,0,-31000,-31000
2011/01/24,0,100000,-3000,97000
2011/01/25,0,14000,0,14000
2011/01/26,0,40000,-11000,29000
2011/01/27,0,1000,0,1000
2011/01/28,0,0,-408000,-408000
2011/01/31,0,0,0,0
2011/02/01,0,0,0,0
2011/02/02,0,0,0,0
2011/02/03,0,0,0,0
2011/02/04,0,0,0,0
2011/02/07,0,0,0,0
2011/02/08,0,0,-60000,-60000
2011/02/09,0,0,-170000,-170000
2011/02/10,0,0,-75000,-75000
2011/02/11,0,1000,-297000,-296000
2011/02/14,0,132000,0,132000
2011/02/15,0,2000,-19000,-17000
2011/02/16,0,1000,0,1000
2011/02/17,0,0,-12000,-12000
2011/02/18,0,1000,0,1000
2011/02/21,0,0,-79000,-79000
2011/02/22,0,0,-40000,-40000
2011/02/23,0,0,-3000,-3000
2011/02/24,0,15000,0,15000
2011/02/25,0,463000,-7000,456000
2011/02/28,0,0,0,0
2011/03/01,0,320000,0,320000
2011/03/02,0,125000,-19000,106000
2011/03/03,0,0,0,0
2011/03/04,0,0,0,0
2011/03/07,0,0,0,0
2011/03/08,0,0,0,0
2011/03/09,0,22000,-83000,-61000
2011/03/10,0,0,0,0
2011/03/11,0,3000,0,3000
2011/03/14,0,1000,-150000,-149000
2011/03/15,0,95000,-41000,54000
2011/03/16,0,106000,0,106000
2011/03/17,0,172000,0,172000
2011/03/18,0,0,-1000,-1000
2011/03/21,0,0,0,0
2011/03/22,0,0,0,0
2011/03/23,0,149000,0,149000
2011/03/24,0,62000,0,62000
2011/03/25,0,345000,0,345000
2011/03/28,0,0,0,0
2011/03/29,0,0,-309000,-309000
2011/03/30,0,7000,-57000,-50000
2011/03/31,0,0,-4000,-4000
2011/04/01,0,40000,-96000,-56000
2011/04/04,0,0,0,0
2011/04/05,0,0,0,0
2011/04/06,0,0,0,0
2011/04/07,0,10000,-10000,0
2011/04/08,0,0,0,0
2011/04/11,0,1000,-220000,-219000
2011/04/12,0,0,-37000,-37000
2011/04/13,0,8000,0,8000
2011/04/14,0,0,-32000,-32000
2011/04/15,0,0,-203000,-203000
2011/04/18,0,0,0,0
2011/04/19,0,1000,-17000,-16000
2011/04/20,0,0,-95000,-95000
2011/04/21,0,0,-80000,-80000
2011/04/22,0,6000,0,6000
2011/04/25,0,0,0,0
2011/04/26,0,0,-26000,-26000
2011/04/27,0,633000,-1957,631043
2011/04/28,0,1838000,-1000,1837000
2011/04/29,0,0,-50000,-50000
2011/05/02,0,0,0,0
2011/05/03,0,557000,0,557000
2011/05/04,0,230000,0,230000
2011/05/05,0,17000,-26000,-9000
2011/05/06,0,9000,0,9000
2011/05/09,0,87000,0,87000
2011/05/10,0,0,0,0
2011/05/11,0,104000,0,104000
2011/05/12,0,27000,-1000,26000
2011/05/13,0,8000,-150000,-142000
2011/05/16,0,256000,-50000,206000
2011/05/17,0,170000,-21000,149000
2011/05/18,0,3000,-130000,-127000
2011/05/19,0,10000,-32000,-22000
2011/05/20,0,31000,-118000,-87000
2011/05/23,0,20000,-6599,13401
2011/05/24,0,20000,-48000,-28000
2011/05/25,0,33000,0,33000
2011/05/26,0,149000,0,149000
2011/05/27,0,1021000,0,1021000
2011/05/30,0,9000,0,9000
2011/05/31,0,743000,0,743000
2011/06/01,0,343000,-68000,275000
2011/06/02,0,221000,-230000,-9000
2011/06/03,0,430000,0,430000
2011/06/06,0,0,0,0
2011/06/07,0,157000,-106000,51000
2011/06/08,0,217000,-3000,214000
2011/06/09,0,90000,0,90000
2011/06/10,0,66000,0,66000
2011/06/13,0,202000,0,202000
2011/06/14,0,235000,0,235000
2011/06/15,0,0,-3000,-3000
2011/06/16,0,110000,0,110000
2011/06/17,0,3000,-225000,-222000
2011/06/20,0,51000,-110000,-59000
2011/06/21,0,23000,-243000,-220000
2011/06/22,0,207000,-4000,203000
2011/06/23,0,214000,-129000,85000
2011/06/24,0,103000,-91000,12000
2011/06/27,0,44000,0,44000
2011/06/28,0,38000,-6000,32000
2011/06/29,0,177000,0,177000
2011/06/30,0,431000,0,431000
2011/07/01,0,360000,-1000,359000
2011/07/04,0,14000,0,14000
2011/07/05,0,4000,-147000,-143000
2011/07/06,0,0,-153000,-153000
2011/07/07,0,8000,-54000,-46000
2011/07/08,0,35000,-81000,-46000
2011/07/11,0,10000,-27000,-17000
2011/07/12,0,1000,-480000,-479000
2011/07/13,0,7000,-747000,-740000
2011/07/14,0,8000,-770000,-762000
2011/07/15,0,2000,-14000,-12000
2011/07/18,0,1000,-131000,-130000
2011/07/19,0,14000,-361000,-347000
2011/07/20,0,55000,0,55000
2011/07/21,0,77000,-155000,-78000
2011/07/22,0,0,-17000,-17000
2011/07/25,0,0,-3000,-3000
2011/07/26,0,10000,-60000,-50000
2011/07/27,0,3000,-2000,1000
2011/07/28,0,0,-359000,-359000
2011/07/29,0,0,-113000,-113000
2011/08/01,0,185000,0,185000
2011/08/02,0,258000,-1000,257000
2011/08/03,0,191000,-30000,161000
2011/08/04,0,153000,-81000,72000
2011/08/05,0,108000,-10000,98000
2011/08/08,0,179000,-64000,115000
2011/08/09,0,816000,-20000,796000
2011/08/10,0,328000,-1000,327000
2011/08/11,0,9000,-205000,-196000
2011/08/12,0,465000,-2000,463000
2011/08/15,0,163000,-69000,94000
2011/08/16,0,165000,-61000,104000
2011/08/17,0,553000,-1000,552000
2011/08/18,0,57000,0,57000
2011/08/19,0,74000,-30000,44000
2011/08/22,0,454000,0,454000
2011/08/23,0,354000,-28000,326000
2011/08/24,0,103000,-91000,12000
2011/08/25,0,417000,-6000,411000
2011/08/26,0,659000,-39000,620000
2011/08/29,0,64000,0,64000
2011/08/30,0,103000,-136000,-33000
2011/08/31,0,10000,-191000,-181000
2011/09/01,0,348000,-39000,309000
2011/09/02,0,42000,-2000,40000
2011/09/05,0,55000,-4400,50600
2011/09/06,0,0,-122160,-122160
2011/09/07,0,97000,-600,96400
2011/09/08,0,163000,-320,162680
2011/09/09,0,86000,-351000,-265000
2011/09/12,0,0,0,0
2011/09/13,0,9000,-789,8211
2011/09/14,0,84000,0,84000
2011/09/15,0,438000,-62000,376000
2011/09/16,0,237000,-127000,110000
2011/09/19,0,6000,-500000,-494000
2011/09/20,0,46000,-300000,-254000
2011/09/21,0,50736,-506100,-455364
2011/09/22,0,0,-41000,-41000
2011/09/23,0,1000,-629000,-628000
2011/09/26,0,4000,-334000,-330000
2011/09/27,0,71000,0,71000
2011/09/28,0,22000,0,22000
2011/09/29,0,16000,-520000,-504000
2011/09/30,0,56000,-38000,18000
2011/10/03,0,0,-1093720,-1093720
2011/10/04,0,258000,-1521000,-1263000
2011/10/05,0,66000,-317000,-251000
2011/10/06,0,183000,-239000,-56000
2011/10/07,0,122000,-151000,-29000
2011/10/10,0,0,0,0
2011/10/11,0,25000,-141000,-116000
2011/10/12,0,10000,-161000,-151000
2011/10/13,0,387000,-11000,376000
2011/10/14,0,141000,-124000,17000
2011/10/17,0,250000,-70426,179574
2011/10/18,0,68000,-61520,6480
2011/10/19,0,64000,0,64000
2011/10/20,0,0,-68180,-68180
2011/10/21,0,0,0,0
2011/10/24,0,42000,0,42000
2011/10/25,0,344000,0,344000
2011/10/26,0,83000,-16000,67000
2011/10/27,0,102000,0,102000
2011/10/28,0,63000,-154000,-91000
2011/10/31,0,9000,-99000,-90000
2011/11/01,0,119000,-436000,-317000
2011/11/02,0,277000,-193600,83400
2011/11/03,0,48000,-395600,-347600
2011/11/04,0,7000,-49000,-42000
2011/11/07,0,110000,-100000,10000
2011/11/08,0,54000,0,54000
2011/11/09,0,18000,0,18000
2011/11/10,0,0,-230000,-230000
2011/11/11,0,0,-303000,-303000
2011/11/14,0,2886,0,2886
2011/11/15,0,10000,-184000,-174000
2011/11/16,0,0,-49000,-49000
2011/11/17,0,17000,-41000,-24000
2011/11/18,0,1000,-242000,-241000
2011/11/21,0,54000,0,54000
2011/11/22,0,149000,-173000,-24000
2011/11/23,0,198000,-9600,188400
2011/11/24,0,108000,-23000,85000
2011/11/25,0,54000,-236320,-182320
2011/11/28,0,1000,-107000,-106000
2011/11/29,0,284000,-275000,9000
2011/11/30,0,1000,-299000,-298000
2011/12/01,0,60000,-97000,-37000
2011/12/02,0,0,-163640,-163640
2011/12/05,0,2000,-35000,-33000
2011/12/06,0,150000,-253500,-103500
2011/12/07,0,225000,-230000,-5000
2011/12/08,0,20000,-13000,7000
2011/12/09,0,8000,-164588,-156588
2011/12/12,0,469000,0,469000
2011/12/13,0,229000,-33000,196000
2011/12/14,0,44000,-1000,43000
2011/12/15,0,23000,0,23000
2011/12/16,0,5000,-3000,2000
2011/12/19,0,156000,-50000,106000
2011/12/20,0,29000,-5000,24000
2011/12/21,0,327000,-120000,207000
2011/12/22,0,43000,-120000,-77000
2011/12/23,0,125000,-2000,123000
2011/12/26,0,24000,0,24000
2011/12/27,0,3000,-5000,-2000
2011/12/28,0,16000,-1000,15000
2011/12/29,0,0,-5000,-5000
2011/12/30,0,236000,-2000,234000
2012/01/02,0,2000,0,2000
2012/01/03,0,40000,-26000,14000
2012/01/04,0,0,-20760,-20760
2012/01/05,0,833000,-24786,808214
2012/01/06,0,269000,-80000,189000
2012/01/09,0,141000,-85000,56000
2012/01/10,0,140000,-370000,-230000
2012/01/11,0,0,-569000,-569000
2012/01/12,0,6000,-67000,-61000
2012/01/13,0,0,-160000,-160000
2012/01/16,0,0,-108000,-108000
2012/01/17,0,23000,-1459800,-1436800
2012/01/18,0,0,-71000,-71000
2012/01/19,0,0,0,0
2012/01/20,0,0,0,0
2012/01/23,0,0,0,0
2012/01/24,0,0,0,0
2012/01/25,0,0,0,0
2012/01/26,0,0,0,0
2012/01/27,0,0,0,0
2012/01/30,0,0,-9000,-9000
2012/01/31,0,12000,-200000,-188000
2012/02/01,0,0,-57000,-57000
2012/02/02,0,205000,-61000,144000
2012/02/03,0,287000,-2000,285000
2012/02/06,0,71000,-17000,54000
2012/02/07,0,121000,0,121000
2012/02/08,0,87000,-8000,79000
2012/02/09,0,266000,-94154,171846
2012/02/10,0,46000,-747000,-701000
2012/02/13,0,16000,0,16000
2012/02/14,0,0,-6000,-6000
2012/02/15,0,0,-266000,-266000
2012/02/16,0,17000,-248000,-231000
2012/02/17,0,1000,-626000,-625000
2012/02/20,0,110000,-1100,108900
2012/02/21,0,169000,-212000,-43000
2012/02/22,0,350000,-105000,245000
2012/02/23,0,0,-191000,-191000
2012/02/24,0,80000,-74000,6000
2012/02/27,0,0,0,0
2012/02/28,0,0,0,0
2012/02/29,0,3000,-277000,-274000
2012/03/01,0,513000,-130200,382800
2012/03/02,0,0,-18000,-18000
2012/03/05,0,363000,-64000,299000
2012/03/06,0,46000,0,46000
2012/03/07,0,317000,-169000,148000
2012/03/08,0,342,-2000,-1658
2012/03/09,0,74000,-60000,14000
2012/03/12,0,8000,0,8000
2012/03/13,0,189000,-56000,133000
2012/03/14,0,384000,-27000,357000
2012/03/15,0,115000,-12000,103000
2012/03/16,0,23000,-37000,-14000
2012/03/19,0,13000,-2000,11000
2012/03/20,0,40000,-1000,39000
2012/03/21,0,39000,0,39000
2012/03/22,0,77000,0,77000
2012/03/23,0,5000,-15000,-10000
2012/03/26,0,0,-43000,-43000
2012/03/27,0,0,-5000,-5000
2012/03/28,0,20000,0,20000
2012/03/29,0,20000,0,20000
2012/03/30,0,319000,-1000,318000
2012/04/02,0,23000,-1000,22000
2012/04/03,0,100000,-15000,85000
2012/04/04,0,0,0,0
2012/04/05,0,336266,-70000,266266
2012/04/06,0,76000,0,76000
2012/04/09,0,100000,-21000,79000
2012/04/10,0,58000,-40000,18000
2012/04/11,0,84000,0,84000
2012/04/12,0,178000,0,178000
2012/04/13,0,261000,0,261000
2012/04/16,0,9000,-7000,2000
2012/04/17,0,86000,-3000,83000
2012/04/18,0,171000,-3000,168000
2012/04/19,0,272000,-34000,238000
2012/04/20,0,192000,0,192000
2012/04/23,0,111000,0,111000
2012/04/24,0,115000,0,115000
2012/04/25,0,419000,0,419000
2012/04/26,0,1178000,0,1178000
2012/04/27,0,1117000,-25040,1091960
2012/04/30,0,1577300,0,1577300
2012/05/01,0,0,0,0
2012/05/02,0,914000,0,914000
2012/05/03,0,239000,-809,238191
2012/05/04,0,449000,-26000,423000
2012/05/07,0,321000,-35150,285850
2012/05/08,0,443000,0,443000
2012/05/09,0,420000,-176000,244000
2012/05/10,0,97000,-25000,72000
2012/05/11,0,114000,-311000,-197000
2012/05/14,0,528000,0,528000
2012/05/15,0,372000,-42000,330000
2012/05/16,0,111000,-49000,62000
2012/05/17,0,166000,-96000,70000
2012/05/18,0,67000,-163000,-96000
2012/05/21,0,233000,0,233000
2012/05/22,0,216000,-20000,196000
2012/05/23,0,58000,-381000,-323000
2012/05/24,0,287000,-105000,182000
2012/05/25,0,76000,-214000,-138000
2012/05/28,0,10000,-5000,5000
2012/05/29,0,159000,-176000,-17000
2012/05/30,0,11859,-483000,-471141
2012/05/31,0,3000,-112000,-109000
2012/06/01,0,22000,-202000,-180000
2012/06/04,0,71000,-208000,-137000
2012/06/05,0,200000,-299000,-99000
2012/06/06,0,57000,-142000,-85000
2012/06/07,0,420000,-99000,321000
2012/06/08,0,49000,-38000,11000
2012/06/11,0,11000,-68000,-57000
2012/06/12,0,55000,-37000,18000
2012/06/13,0,84000,-44000,40000
2012/06/14,0,137000,-30000,107000
2012/06/15,0,10000,-49000,-39000
2012/06/18,0,75000,-10000,65000
2012/06/19,0,74000,-48000,26000
2012/06/20,0,39000,-53000,-14000
2012/06/21,0,0,-24000,-24000
2012/06/22,0,0,-986840,-986840
2012/06/25,0,155000,-33000,122000
2012/06/26,0,43199,-139000,-95801
2012/06/27,0,49000,-77000,-28000
2012/06/28,0,12000,-575000,-563000
2012/06/29,0,39000,-704000,-665000
2012/07/02,0,214000,-343000,-129000
2012/07/03,0,44000,-98000,-54000
2012/07/04,0,28000,-695000,-667000
2012/07/05,0,10000,-46000,-36000
2012/07/06,0,55000,-237000,-182000
2012/07/09,0,70000,-259740,-189740
2012/07/10,0,351000,-124000,227000
2012/07/11,0,70000,-13000,57000
2012/07/12,0,18000,-240000,-222000
2012/07/13,0,10000,-323000,-313000
2012/07/16,0,78000,-27000,51000
2012/07/17,0,196000,-30000,166000
2012/07/18,0,118000,-208000,-90000
2012/07/19,0,123000,-104000,19000
2012/07/20,0,20000,-56000,-36000
2012/07/23,0,59000,-3000,56000
2012/07/24,0,119000,-295000,-176000
2012/07/25,0,70000,-308000,-238000
2012/07/26,0,148000,-300000,-152000
2012/07/27,0,343000,0,343000
2012/07/30,0,40000,-75000,-35000
2012/07/31,0,57000,-58000,-1000
2012/08/01,0,319000,-448000,-129000
2012/08/02,0,0,0,0
2012/08/03,0,18000,-122000,-104000
2012/08/06,0,64000,-1000,63000
2012/08/07,0,5000,-68000,-63000
2012/08/08,0,325000,-55000,270000
2012/08/09,0,346000,-2000,344000
2012/08/10,0,48000,-298000,-250000
2012/08/13,0,112000,-322000,-210000
2012/08/14,0,139000,-80000,59000
2012/08/15,0,9000,-9000,0
2012/08/16,0,20000,-1000,19000
2012/08/17,0,4000,-49005,-45005
2012/08/20,0,0,-6000,-6000
2012/08/21,0,36000,-50000,-14000
2012/08/22,0,5000,-1000,4000
2012/08/23,0,0,-6000,-6000
2012/08/24,0,1167000,-837000,330000
2012/08/27,0,132000,-303000,-171000
2012/08/28,0,368000,-165000,203000
2012/08/29,0,449000,-226000,223000
2012/08/30,0,528000,0,528000
2012/08/31,0,175000,-359000,-184000
2012/09/03,0,170000,-11000,159000
2012/09/04,0,151000,-36000,115000
2012/09/05,0,18000,-15000,3000
2012/09/06,0,118000,-22000,96000
2012/09/07,0,62000,-35000,27000
2012/09/10,0,158000,-73000,85000
2012/09/11,0,0,-45000,-45000
2012/09/12,0,48000,-80000,-32000
2012/09/13,0,304000,-5000,299000
2012/09/14,0,411000,-100000,311000
2012/09/17,0,0,-121000,-121000
2012/09/18,0,25000,-53000,-28000
2012/09/19,0,22000,-21000,1000
2012/09/20,0,0,-13000,-13000
2012/09/21,0,4000,-141300,-137300
2012/09/24,0,1000,-88000,-87000
2012/09/25,0,10000,-52000,-42000
2012/09/26,0,5000,-3000,2000
2012/09/27,0,163000,-18000,145000
2012/09/28,0,36000,-5000,31000
2012/10/01,0,1000,-83000,-82000
2012/10/02,0,6000,-53000,-47000
2012/10/03,0,53000,-36000,17000
2012/10/04,0,74000,-345000,-271000
2012/10/05,0,49000,-197000,-148000
2012/10/08,0,10000,-16000,-6000
2012/10/09,0,71000,-558000,-487000
2012/10/10,0,0,0,0
2012/10/11,0,50000,-235000,-185000
2012/10/12,0,248000,-176000,72000
2012/10/15,0,30000,-30000,0
2012/10/16,0,102000,0,102000
2012/10/17,0,23000,-115000,-92000
2012/10/18,0,11000,-538000,-527000
2012/10/19,0,0,-147000,-147000
2012/10/22,0,40000,-1000,39000
2012/10/23,0,2500,-50000,-47500
2012/10/24,0,32000,-178000,-146000
2012/10/25,0,383000,-2000,381000
2012/10/26,0,140000,-70000,70000
2012/10/29,0,76000,-11008,64992
2012/10/30,0,6000,-31000,-25000
2012/10/31,0,699000,-116000,583000
2012/11/01,0,69000,-20000,49000
2012/11/02,0,123000,-14000,109000
2012/11/05,0,149000,-25000,124000
2012/11/06,0,2000,0,2000
2012/11/07,0,11000,-74000,-63000
2012/11/08,0,100000,0,100000
2012/11/09,0,309000,-5000,304000
2012/11/12,0,116000,0,116000
2012/11/13,0,59000,0,59000
2012/11/14,0,39000,-7000,32000
2012/11/15,0,89000,-3000,86000
2012/11/16,0,41000,-10000,31000
2012/11/19,0,13000,0,13000
2012/11/20,0,19000,0,19000
2012/11/21,0,19000,0,19000
2012/11/22,0,460000,-2000,458000
2012/11/23,0,1048000,0,1048000
2012/11/26,0,48000,0,48000
2012/11/27,0,55000,-1000,54000
2012/11/28,0,69000,-143000,-74000
2012/11/29,0,29000,0,29000
2012/11/30,0,224000,-104000,120000
2012/12/03,0,315000,-84000,231000
2012/12/04,0,240000,-23000,217000
2012/12/05,0,62000,-105000,-43000
2012/12/06,0,8000,-151000,-143000
2012/12/07,0,25000,-122000,-97000
2012/12/10,0,10000,-40000,-30000
2012/12/11,0,0,-252000,-252000
2012/12/12,0,176000,-19000,157000
2012/12/13,0,302000,-11000,291000
2012/12/14,0,60000,-6000,54000
2012/12/17,0,99000,-15000,84000
2012/12/18,0,60000,-2000,58000
2012/12/19,0,65000,-14000,51000
2012/12/20,0,2000,-125000,-123000
2012/12/21,0,0,-98000,-98000
2012/12/24,0,5000,-241000,-236000
2012/12/25,0,10000,-60000,-50000
2012/12/26,0,123000,-324000,-201000
2012/12/27,0,32000,-30000,2000
2012/12/28,0,59000,-120000,-61000
2012/12/31,0,0,0,0
2013/01/01,0,0,0,0
2013/01/02,0,35000,-42000,-7000
2013/01/03,0,90000,-138000,-48000
2013/01/04,0,7000,-397020,-390020
2013/01/07,0,26000,-552000,-526000
2013/01/08,0,0,-415000,-415000
2013/01/09,0,10000,-578000,-568000
2013/01/10,0,0,-33000,-33000
2013/01/11,0,20000,-78000,-58000
2013/01/14,0,5000,-6000,-1000
2013/01/15,0,0,-153000,-153000
2013/01/16,0,0,-27000,-27000
2013/01/17,0,25000,-62069,-37069
2013/01/18,0,0,-101000,-101000
2013/01/21,0,28000,-4460,23540
2013/01/22,0,100000,-3000,97000
2013/01/23,0,0,-1000,-1000
2013/01/24,0,10000,-8000,2000
2013/01/25,0,13000,-199000,-186000
2013/01/28,0,120000,-26000,94000
2013/01/29,0,0,-440000,-440000
2013/01/30,0,0,-192000,-192000
2013/01/31,0,15000,-91000,-76000
2013/02/01,0,14000,-3000,11000
2013/02/04,0,0,-124000,-124000
2013/02/05,0,135000,-9000,126000
2013/02/06,0,152000,-93000,59000
2013/02/07,0,0,0,0
2013/02/08,0,0,0,0
2013/02/11,0,0,0,0
2013/02/12,0,0,0,0
2013/02/13,0,0,0,0
2013/02/14,0,0,0,0
2013/02/15,0,0,0,0
2013/02/18,0,16000,-36400,-20400
2013/02/19,0,80000,-77000,3000
2013/02/20,0,100000,-100000,0
2013/02/21,0,73000,-467000,-394000
2013/02/22,0,29000,-309000,-280000
2013/02/25,0,44000,-122000,-78000
2013/02/26,0,0,-103000,-103000
2013/02/27,0,85000,-181000,-96000
2013/02/28,0,0,0,0
2013/03/01,0,285000,-273000,12000
2013/03/04,0,130000,-53000,77000
2013/03/05,0,299000,-71000,228000
2013/03/06,0,0,-14000,-14000
2013/03/07,0,68000,-114000,-46000
2013/03/08,0,166000,-68000,98000
2013/03/11,0,339000,-68000,271000
2013/03/12,0,4000,-103000,-99000
2013/03/13,0,20000,-1000,19000
2013/03/14,0,8000,-12000,-4000
2013/03/15,0,261000,-2000,259000
2013/03/18,0,22000,-4000,18000
2013/03/19,0,45000,-31000,14000
2013/03/20,0,130000,-101000,29000
2013/03/21,0,35000,-46000,-11000
2013/03/22,0,10000,-1000,9000
2013/03/25,0,3000,-102000,-99000
2013/03/26,0,5000,-9000,-4000
2013/03/27,0,20000,-142000,-122000
2013/03/28,0,0,-63000,-63000
2013/03/29,0,1000,-79000,-78000
2013/04/01,0,0,-13000,-13000
2013/04/02,0,0,-40000,-40000
2013/04/03,0,3000,-129000,-126000
2013/04/04,0,0,0,0
2013/04/05,0,0,0,0
2013/04/08,0,1000,-151000,-150000
2013/04/09,0,68000,-1000,67000
2013/04/10,0,77000,-112000,-35000
2013/04/11,0,98000,0,98000
2013/04/12,0,208000,-355000,-147000
2013/04/15,0,177000,-394000,-217000
2013/04/16,0,1190000,-10000,1180000
2013/04/17,0,226000,-91000,135000
2013/04/18,0,87000,-3000,84000
2013/04/19,0,276367,-15000,261367
2013/04/22,0,556000,-91000,465000
2013/04/23,0,824000,-68300,755700
2013/04/24,0,110000,-47000,63000
2013/04/25,0,9000,-180000,-171000
2013/04/26,0,168000,-290000,-122000
2013/04/29,0,133000,-26000,107000
2013/04/30,0,129000,-35000,94000
2013/05/01,0,0,0,0
2013/05/02,0,60000,-92000,-32000
2013/05/03,0,67000,-59000,8000
2013/05/06,0,68000,-90000,-22000
2013/05/07,0,420000,-244000,176000
2013/05/08,0,47000,-203000,-156000
2013/05/09,0,0,-157000,-157000
2013/05/10,0,32000,-65000,-33000
2013/05/13,0,1000,-102640,-101640
2013/05/14,0,0,-226000,-226000
2013/05/15,0,20000,-144000,-124000
2013/05/16,0,43000,-103000,-60000
2013/05/17,0,0,-46000,-46000
2013/05/20,0,3000,-75000,-72000
2013/05/21,0,333000,-4000,329000
2013/05/22,0,0,-37000,-37000
2013/05/23,0,30000,-21000,9000
2013/05/24,0,0,-49000,-49000
2013/05/27,0,0,0,0
2013/05/28,0,13000,-26000,-13000
2013/05/29,0,0,-10000,-10000
2013/05/30,0,1000,-15000,-14000
2013/05/31,0,14000,-190000,-176000
2013/06/03,0,0,-153000,-153000
2013/06/04,0,0,-211000,-211000
2013/06/05,0,60000,-76000,-16000
2013/06/06,0,10000,-319000,-309000
2013/06/07,0,0,-275000,-275000
2013/06/10,0,40000,-245000,-205000
2013/06/11,0,22000,-410000,-388000
2013/06/12,0,0,0,0
2013/06/13,0,34000,-827000,-793000
2013/06/14,0,106000,-683000,-577000
2013/06/17,0,40000,-292000,-252000
2013/06/18,0,49000,-124000,-75000
2013/06/19,0,9000,-190000,-181000
2013/06/20,0,38000,-222000,-184000
2013/06/21,0,88000,-62000,26000
2013/06/24,0,98000,-149000,-51000
2013/06/25,0,74000,-88000,-14000
2013/06/26,0,69000,-924000,-855000
2013/06/27,0,10000,-1910000,-1900000
2013/06/28,0,24000,-993000,-969000
2013/07/01,0,224000,-208000,16000
2013/07/02,0,79000,-350280,-271280
2013/07/03,0,254000,-230000,24000
2013/07/04,0,143000,-211000,-68000
2013/07/05,0,50000,-236000,-186000
2013/07/08,0,0,-378000,-378000
2013/07/09,0,34000,-5000,29000
2013/07/10,0,5000,0,5000
2013/07/11,0,20000,-479071,-459071
2013/07/12,0,0,-93000,-93000
2013/07/15,0,63000,-50000,13000
2013/07/16,0,0,-15000,-15000
2013/07/17,0,0,-185000,-185000
2013/07/18,0,0,-240000,-240000
2013/07/19,0,1000,-109000,-108000
2013/07/22,0,38000,-12000,26000
2013/07/23,0,61000,-33000,28000
2013/07/24,0,0,-196000,-196000
2013/07/25,0,0,-578000,-578000
2013/07/26,0,185000,-87000,98000
2013/07/29,0,0,-118000,-118000
2013/07/30,0,60000,-33000,27000
2013/07/31,0,46000,-165000,-119000
2013/08/01,0,0,-284000,-284000
2013/08/02,0,30000,-236000,-206000
2013/08/05,0,30000,-132000,-102000
2013/08/06,0,0,-490000,-490000
2013/08/07,0,14000,-257000,-243000
2013/08/08,0,0,0,0
2013/08/09,0,0,-156000,-156000
2013/08/12,0,0,-80000,-80000
2013/08/13,0,0,-78000,-78000
2013/08/14,0,1000,-69000,-68000
2013/08/15,0,57000,0,57000
2013/08/16,0,100000,-2000,98000
2013/08/19,0,4000,-13000,-9000
2013/08/20,0,0,-13000,-13000
2013/08/21,0,0,0,0
2013/08/22,0,1000,-51643,-50643
2013/08/23,0,2000,-4000,-2000
2013/08/26,0,3000,0,3000
2013/08/27,0,0,0,0
2013/08/28,0,2000,-30000,-28000
2013/08/29,0,25000,0,25000
2013/08/30,0,26000,-1000,25000
2013/09/02,0,0,0,0
2013/09/03,0,775,-90000,-89225
2013/09/04,0,0,-80000,-80000
2013/09/05,0,19000,-217000,-198000
2013/09/06,0,1000,-125000,-124000
2013/09/09,0,0,0,0
2013/09/10,0,0,0,0
2013/09/11,0,4000,-7000,-3000
2013/09/12,0,0,-1000,-1000
2013/09/13,0,0,-1000,-1000
2013/09/16,0,1000,-28000,-27000
2013/09/17,0,9000,0,9000
2013/09/18,0,570000,-93700,476300
2013/09/19,0,0,0,0
2013/09/20,0,0,0,0
2013/09/23,0,1000,0,1000
2013/09/24,0,0,-228000,-228000
2013/09/25,0,39000,0,39000
2013/09/26,0,30000,0,30000
2013/09/27,0,20000,-2000,18000
2013/09/30,0,71000,0,71000
2013/10/01,0,0,-47000,-47000
2013/10/02,0,0,-20000,-20000
2013/10/03,0,1000,-32000,-31000
2013/10/04,0,0,-15000,-15000
2013/10/07,0,10000,0,10000
2013/10/08,0,0,0,0
2013/10/09,0,80000,0,80000
2013/10/10,0,0,0,0
2013/10/11,0,15000,-148000,-133000
2013/10/14,0,0,-277000,-277000
2013/10/15,0,0,0,0
2013/10/16,0,0,-79000,-79000
2013/10/17,0,16000,-10000,6000
2013/10/18,0,0,-500,-500
2013/10/21,0,25000,0,25000
2013/10/22,0,0,-3000,-3000
2013/10/23,0,20000,-26000,-6000
2013/10/24,0,60000,0,60000
2013/10/25,0,0,0,0
2013/10/28,0,0,-5000,-5000
2013/10/29,0,0,0,0
2013/10/30,0,25000,0,25000
2013/10/31,0,70000,0,70000
2013/11/01,0,40000,-24000,16000
2013/11/04,0,0,0,0
2013/11/05,0,0,0,0
2013/11/06,0,0,0,0
2013/11/07,0,25000,0,25000
2013/11/08,0,0,-27000,-27000
2013/11/11,0,0,0,0
2013/11/12,0,0,0,0
2013/11/13,0,32000,0,32000
2013/11/14,0,0,0,0
2013/11/15,0,0,0,0
2013/11/18,0,0,0,0
2013/11/19,0,10000,0,10000
2013/11/20,0,22000,0,22000
2013/11/21,0,12000,-1000,11000
2013/11/22,0,38000,0,38000
2013/11/25,0,4000,-728,3272
2013/11/26,0,0,-85000,-85000
2013/11/27,0,0,-12000,-12000
2013/11/28,0,184000,0,184000
2013/11/29,0,108000,0,108000
2013/12/02,0,34000,0,34000
2013/12/03,0,42000,0,42000
2013/12/04,0,70000,-17000,53000
2013/12/05,0,0,-25000,-25000
2013/12/06,0,0,0,0
2013/12/09,0,0,-20000,-20000
2013/12/10,0,1000,-40000,-39000
2013/12/11,0,0,-50000,-50000
2013/12/12,0,8000,0,8000
2013/12/13,0,8000,0,8000
2013/12/16,0,8000,-5000,3000
2013/12/17,0,23000,0,23000
2013/12/18,0,16000,0,16000
2013/12/19,0,2000,0,2000
2013/12/20,0,35000,-1000,34000
2013/12/23,0,0,0,0
2013/12/24,0,0,-2000,-2000
2013/12/25,0,0,-32000,-32000
2013/12/26,0,0,-11000,-11000
2013/12/27,0,2000,-15000,-13000
2013/12/30,0,0,-13000,-13000
2013/12/31,0,0,-32000,-32000
2014/01/02,0,27000,-14000,13000
2014/01/03,0,0,-18000,-18000
2014/01/06,0,0,-96000,-96000
2014/01/07,0,35000,0,35000
2014/01/08,0,611000,0,611000
2014/01/09,0,319000,0,319000
2014/01/10,0,19000,0,19000
2014/01/13,0,198000,0,198000
2014/01/14,0,391000,0,391000
2014/01/15,0,89000,-25000,64000
2014/01/16,0,15000,0,15000
2014/01/17,0,125000,0,125000
2014/01/20,0,0,0,0
2014/01/21,0,67000,-31000,36000
2014/01/22,0,59000,-1000,58000
2014/01/23,0,0,0,0
2014/01/24,0,38000,0,38000
2014/01/27,0,0,-1000,-1000
2014/02/05,0,30000,0,30000
2014/02/06,0,106000,0,106000
2014/02/07,0,20000,-50000,-30000
2014/02/10,0,128000,0,128000
2014/02/11,0,77000,-4000,73000
2014/02/12,0,15000,0,15000
2014/02/13,0,31000,-2374,28626
2014/02/14,0,1000,0,1000
2014/02/17,0,94000,0,94000
2014/02/18,0,119000,-18000,101000
2014/02/19,0,207000,-7000,200000
2014/02/20,0,138000,-8000,130000
2014/02/21,0,102000,-5000,97000
2014/02/24,0,33000,-4000,29000
2014/02/25,0,0,0,0
2014/02/26,0,15000,-3000,12000
2014/02/27,0,45000,-12000,33000
2014/03/03,0,0,-206000,-206000
2014/03/04,0,0,-104000,-104000
2014/03/05,0,0,-255000,-255000
2014/03/06,0,0,-411000,-411000
2014/03/07,0,0,-121000,-121000
2014/03/10,0,1000,-61000,-60000
2014/03/11,0,14000,-30000,-16000
2014/03/12,0,0,-27000,-27000
2014/03/13,0,0,-46000,-46000
2014/03/14,0,0,-28000,-28000
2014/03/17,0,0,-4000,-4000
2014/03/18,0,8000,0,8000
2014/03/19,0,0,0,0
2014/03/20,0,91000,0,91000
2014/03/21,0,0,-370000,-370000
2014/03/24,0,50000,-16000,34000
2014/03/25,0,62000,0,62000
2014/03/26,0,0,0,0
2014/03/27,0,131000,0,131000
2014/03/28,0,125000,-54000,71000
2014/03/31,0,48000,-350000,-302000
2014/04/01,0,26000,-5000,21000
2014/04/02,0,452000,0,452000
2014/04/03,0,0,-25000,-25000
2014/04/07,0,200000,-2000,198000
2014/04/08,0,120000,-49000,71000
2014/04/09,0,0,0,0
2014/04/10,0,1699,-17000,-15301
2014/04/11,0,0,-38000,-38000
2014/04/14,0,0,-22000,-22000
2014/04/15,0,0,-32000,-32000
2014/04/16,0,0,0,0
2014/04/17,0,0,0,0
2014/04/18,0,118000,-17000,101000
2014/04/21,0,77000,-1000,76000
2014/04/22,0,180000,-5000,175000
2014/04/23,0,12000,-1000,11000
2014/04/24,0,0,-5000,-5000
2014/04/25,0,45000,0,45000
2014/04/28,0,33000,-2000,31000
2014/04/29,0,276000,-35000,241000
2014/04/30,0,2000,-41000,-39000
2014/05/02,0,0,-57000,-57000
2014/05/05,0,132000,-20000,112000
2014/05/06,0,133000,0,133000
2014/05/07,0,81000,-54000,27000
2014/05/08,0,3000,0,3000
2014/05/09,0,48000,-330000,-282000
2014/05/12,0,5000,-71000,-66000
2014/05/13,0,1000,-67000,-66000
2014/05/14,0,17000,-65000,-48000
2014/05/15,0,0,0,0
2014/05/16,0,30000,-9000,21000
2014/05/19,0,15000,-35000,-20000
2014/05/20,0,0,-37000,-37000
2014/05/21,0,21000,-10000,11000
2014/05/22,0,15000,-21000,-6000
2014/05/23,0,0,-251000,-251000
2014/05/26,0,0,-53000,-53000
2014/05/27,0,35000,-12000,23000
2014/05/28,0,55000,-9000,46000
2014/05/29,0,0,-1000,-1000
2014/05/30,0,3000,-142000,-139000
2014/06/03,0,0,-138000,-138000
2014/06/04,0,0,-164000,-164000
2014/06/05,0,0,-385000,-385000
2014/06/06,0,0,-156000,-156000
2014/06/09,0,0,-220000,-220000
2014/06/10,0,1000,-205000,-204000
2014/06/11,0,0,-27000,-27000
2014/06/12,0,0,-211000,-211000
2014/06/13,0,0,-45000,-45000
2014/06/16,0,0,-2000,-2000
2014/06/17,0,0,-58000,-58000
2014/06/18,0,0,-99000,-99000
2014/06/19,0,0,-36000,-36000
2014/06/20,0,4000,-70239,-66239
2014/06/23,0,0,-30000,-30000
2014/06/24,0,7000,-40000,-33000
2014/06/25,0,5000,-69000,-64000
2014/06/26,0,4000,-43000,-39000
2014/06/27,0,5000,-10000,-5000
2014/06/30,0,6000,-25000,-19000
2014/07/01,0,10000,-25000,-15000
2014/07/02,0,3000,-893,2107
2014/07/03,0,104000,0,104000
2014/07/04,0,129000,-2000,127000
2014/07/07,0,31000,0,31000
2014/07/08,0,25000,-85000,-60000
2014/07/09,0,0,-27000,-27000
2014/07/10,0,0,-50000,-50000
2014/07/11,0,0,-18000,-18000
2014/07/14,0,0,-56000,-56000
2014/07/15,0,0,-130000,-130000
2014/07/16,0,14000,-14000,0
2014/07/17,0,7000,0,7000
2014/07/18,0,4000,-28000,-24000
2014/07/21,0,8000,0,8000
2014/07/22,0,4000,0,4000
2014/07/23,0,0,0,0
2014/07/24,0,2000,0,2000
2014/07/25,0,1000,-20000,-19000
2014/07/28,0,0,0,0
2014/07/29,0,1000,-1000,0
2014/07/30,0,12000,-1000,11000
2014/07/31,0,8000,0,8000
2014/08/01,0,5000,-3000,2000
2014/08/04,0,0,-14000,-14000
2014/08/05,0,0,0,0
2014/08/06,0,1000,-97000,-96000
2014/08/07,0,10000,-36000,-26000
2014/08/08,0,11000,0,11000
2014/08/11,0,4000,-49000,-45000
2014/08/12,0,4000,0,4000
2014/08/13,0,11000,-49000,-38000
2014/08/14,0,16000,0,16000
2014/08/15,0,2000,0,2000
2014/08/18,0,0,0,0
2014/08/19,0,1000,0,1000
2014/08/20,0,2000,0,2000
2014/08/21,0,1000,0,1000
2014/08/22,0,5000,0,5000
2014/08/25,0,1000,-3000,-2000
2014/08/26,0,1000,0,1000
2014/08/27,0,34000,0,34000
2014/08/28,0,22000,0,22000
2014/08/29,0,30000,-1000,29000
2014/09/01,0,0,0,0
2014/09/02,0,0,0,0
2014/09/03,0,6000,0,6000
2014/09/04,0,65000,0,65000
2014/09/05,0,3000,-8000,-5000
2014/09/09,0,0,-7000,-7000
2014/09/10,0,0,0,0
2014/09/11,0,5000,-3000,2000
2014/09/12,0,7000,0,7000
2014/09/15,0,1000,0,1000
2014/09/16,0,2000,0,2000
2014/09/17,0,19000,0,19000
2014/09/18,0,20000,0,20000
2014/09/19,0,10000,-56000,-46000
2014/09/22,0,10054,-58000,-47946
2014/09/23,0,2000,-89000,-87000
2014/09/24,0,1000,0,1000
2014/09/25,0,155000,0,155000
2014/09/26,0,0,-16000,-16000
2014/09/29,0,0,-6000,-6000
2014/09/30,0,6000,-13000,-7000
2014/10/01,0,0,0,0
2014/10/02,0,0,-1000,-1000
2014/10/03,0,3000,-1000,2000
2014/10/06,0,488000,-1000,487000
2014/10/07,0,91000,-3000,88000
2014/10/08,0,3000,0,3000
2014/10/09,0,105000,0,105000
2014/10/13,0,6000,0,6000
2014/10/14,0,157000,0,157000
2014/10/15,0,72000,0,72000
2014/10/16,0,77000,-2000,75000
2014/10/17,0,1000,0,1000
2014/10/20,0,0,-2000,-2000
2014/10/21,0,27000,0,27000
2014/10/22,0,49000,0,49000
2014/10/23,0,76000,-26000,50000
2014/10/24,0,87000,0,87000
2014/10/27,0,160000,-20000,140000
2014/10/28,0,142000,0,142000
2014/10/29,0,108000,0,108000
2014/10/30,0,47000,0,47000
2014/10/31,0,7000,0,7000
2014/11/03,0,42000,0,42000
2014/11/04,0,7000,0,7000
2014/11/05,0,20000,0,20000
2014/11/06,0,0,-1000,-1000
2014/11/07,0,96000,-5000,91000
2014/11/10,0,95000,-2000,93000
2014/11/11,0,36000,0,36000
2014/11/12,0,134000,0,134000
2014/11/13,0,15000,0,15000
2014/11/14,0,62000,0,62000
2014/11/17,0,7000,-6000,1000
2014/11/18,0,26000,0,26000
2014/11/19,0,152000,0,152000
2014/11/20,0,359000,0,359000
2014/11/21,0,75000,-71000,4000
2014/11/24,0,0,0,0
2014/11/25,0,75000,-20000,55000
2014/11/26,0,0,0,0
2014/11/27,0,3000,-1000,2000
2014/11/28,0,16000,0,16000
2014/12/01,0,13000,0,13000
2014/12/02,0,49000,-12000,37000
2014/12/03,0,135000,-90000,45000
2014/12/04,0,30000,-29000,1000
2014/12/05,0,37000,-27000,10000
2014/12/08,0,4000,-61000,-57000
2014/12/09,0,0,-57000,-57000
2014/12/10,0,0,-140000,-140000
2014/12/11,0,17012,-22000,-4988
2014/12/12,0,89000,-70000,19000
2014/12/15,0,26000,-97000,-71000
2014/12/16,0,0,-3000,-3000
2014/12/17,0,36000,-279000,-243000
2014/12/18,0,0,-140000,-140000
2014/12/19,0,20000,-242000,-222000
2014/12/22,0,15000,-176000,-161000
2014/12/23,0,2000,-3000,-1000
2014/12/24,0,0,-130000,-130000
2014/12/25,0,43000,0,43000
2014/12/26,0,0,-7000,-7000
2014/12/29,0,66000,-82000,-16000
2014/12/30,0,7000,-65000,-58000
2014/12/31,0,0,-18000,-18000
2015/01/01,0,0,0,0
2015/01/02,0,0,0,0
2015/01/05,0,3000,-78000,-75000
2015/01/06,0,72000,0,72000
2015/01/07,0,104000,-61000,43000
2015/01/08,0,59000,-147000,-88000
2015/01/09,0,0,0,0
2015/01/12,0,0,-100000,-100000
2015/01/13,0,1000,-9000,-8000
2015/01/14,0,40000,-414000,-374000
2015/01/15,0,0,-142000,-142000
2015/01/16,0,0,-36000,-36000
2015/01/19,0,0,-43000,-43000
2015/01/20,0,0,-240000,-240000
2015/01/21,0,0,0,0
2015/01/22,0,219000,-30000,189000
2015/01/23,0,717000,-73000,644000
2015/01/26,0,30000,-4000,26000
2015/01/27,0,77000,-1000,76000
2015/01/28,0,0,-7000,-7000
2015/01/29,0,69000,0,69000
2015/01/30,0,14000,-61000,-47000
2015/02/02,0,7000,-76000,-69000
2015/02/03,0,20000,-71000,-51000
2015/02/04,0,14000,-101000,-87000
2015/02/05,0,0,-195000,-195000
2015/02/06,0,45000,-52000,-7000
2015/02/09,0,32000,-24000,8000
2015/02/10,0,7000,-2000,5000
2015/02/11,0,25000,0,25000
2015/02/12,0,0,-29000,-29000
2015/02/13,0,154000,-31000,123000
2015/02/16,0,0,0,0
2015/02/17,0,0,0,0
2015/02/18,0,0,0,0
2015/02/19,0,0,0,0
2015/02/20,0,0,0,0
2015/02/23,0,0,0,0
2015/02/24,0,14000,-118000,-104000
2015/02/25,0,4000,-87000,-83000
2015/02/26,0,0,-6000,-6000
2015/02/27,0,0,0,0
2015/03/02,0,15000,0,15000
2015/03/03,0,0,-72000,-72000
2015/03/04,0,14000,-13000,1000
2015/03/05,0,0,-48000,-48000
2015/03/06,0,0,-13000,-13000
2015/03/09,0,14000,-1000,13000
2015/03/10,0,278000,-1000,277000
2015/03/11,0,40000,0,40000
2015/03/12,0,0,-110,-110
2015/03/13,0,0,-2000,-2000
2015/03/16,0,0,-189000,-189000
2015/03/17,0,2000,-162000,-160000
2015/03/18,0,0,-70000,-70000
2015/03/19,0,0,-95000,-95000
2015/03/20,0,7000,-164000,-157000
2015/03/23,0,13000,-312000,-299000
2015/03/24,0,34000,-1000,33000
2015/03/25,0,0,-86000,-86000
2015/03/26,0,13000,-30000,-17000
2015/03/27,0,0,-34000,-34000
2015/03/30,0,11000,-87000,-76000
2015/03/31,0,0,-117000,-117000
2015/04/01,0,0,0,0
2015/04/02,0,0,0,0
2015/04/03,0,0,0,0
2015/04/06,0,0,0,0
2015/04/07,0,0,-2000,-2000
2015/04/08,0,0,-18000,-18000
2015/04/09,0,0,-2000,-2000
2015/04/10,0,0,-23000,-23000
2015/04/13,0,16000,0,16000
2015/04/14,0,0,-99900,-99900
2015/04/15,0,0,-6000,-6000
2015/04/16,0,0,-4000,-4000
2015/04/17,0,0,-4000,-4000
2015/04/20,0,74000,0,74000
2015/04/21,0,120000,-4000,116000
2015/04/22,0,222000,0,222000
2015/04/23,0,153000,0,153000
2015/04/24,0,49000,-1000,48000
2015/04/27,0,0,0,0
2015/04/28,0,457000,-1000,456000
2015/04/29,0,22000,-4000,18000
2015/04/30,0,98000,-96000,2000
2015/05/01,0,0,0,0
2015/05/04,0,0,0,0
2015/05/05,0,0,-4000,-4000
2015/05/06,0,0,-4000,-4000
2015/05/07,0,0,-3000,-3000
2015/05/08,0,0,0,0
2015/05/11,0,0,-359000,-359000
2015/05/12,0,0,-479000,-479000
2015/05/13,0,0,-39000,-39000
2015/05/14,0,0,-84000,-84000
2015/05/15,0,0,0,0
2015/05/18,0,0,0,0
2015/05/19,0,0,-43000,-43000
2015/05/20,0,0,0,0
2015/05/21,0,0,-1000,-1000
2015/05/22,0,0,-14000,-14000
2015/05/25,0,0,0,0
2015/05/26,0,0,-70000,-70000
2015/05/27,0,10000,0,10000
2015/05/28,0,0,-26000,-26000
2015/05/29,0,0,-4000,-4000
2015/06/01,0,0,-19000,-19000
2015/06/02,0,0,0,0
2015/06/03,0,0,-71000,-71000
2015/06/04,0,132,0,132
2015/06/05,0,0,-4000,-4000
2015/06/08,0,0,-3000,-3000
2015/06/09,0,0,0,0
2015/06/10,0,0,-4000,-4000
2015/06/11,0,0,0,0
2015/06/12,0,0,-2000,-2000
2015/06/15,0,0,0,0
2015/06/16,0,0,0,0
2015/06/17,0,0,0,0
2015/06/18,0,3000,-49000,-46000
2015/06/19,0,0,0,0
2015/06/22,0,57000,-3000,54000
2015/06/23,0,6000,-23000,-17000
2015/06/24,0,0,-7000,-7000
2015/06/25,0,8000,-1000,7000
2015/06/26,0,5000,-1000,4000
2015/06/29,0,0,0,0
2015/06/30,0,20000,-4000,16000
2015/07/01,0,18000,0,18000
2015/07/02,0,11000,0,11000
2015/07/03,0,0,0,0
2015/07/06,0,0,0,0
2015/07/07,0,0,0,0
2015/07/08,0,0,0,0
2015/07/09,0,97000,-22000,75000
2015/07/10,0,0,0,0
2015/07/13,0,12000,-2000,10000
2015/07/14,0,10000,-53000,-43000
2015/07/15,0,66000,0,66000
2015/07/16,0,11000,0,11000
2015/07/17,0,26000,0,26000
2015/07/20,0,10000,-1000,9000
2015/07/21,0,0,-1000,-1000
2015/07/22,0,0,0,0
2015/07/23,0,6000,-35000,-29000
2015/07/24,0,25000,0,25000
2015/07/27,0,92000,-41000,51000
2015/07/28,0,12000,0,12000
2015/07/29,0,9000,-95000,-86000
2015/07/30,0,4000,-36000,-32000
2015/07/31,0,0,-20000,-20000
2015/08/03,0,16000,-21000,-5000
2015/08/04,0,10000,0,10000
2015/08/05,0,14000,0,14000
2015/08/06,0,10000,-15000,-5000
2015/08/07,0,15000,0,15000
2015/08/10,0,3000,-47000,-44000
2015/08/11,0,1000,-25000,-24000
2015/08/12,0,143000,-88000,55000
2015/08/13,0,109000,0,109000
2015/08/14,0,0,-12000,-12000
2015/08/17,0,15000,0,15000
2015/08/18,0,0,0,0
2015/08/19,0,1000,-21000,-20000
2015/08/20,0,10000,-1000,9000
2015/08/21,0,0,0,0
2015/08/24,0,29000,-16000,13000
2015/08/25,0,267332,-27000,240332
2015/08/26,0,99000,-19000,80000
2015/08/27,0,26000,-9000,17000
2015/08/28,0,46000,-22000,24000
2015/08/31,0,31000,-8000,23000
2015/09/01,0,12000,-8000,4000
2015/09/02,0,40000,0,40000
2015/09/03,0,45000,0,45000
2015/09/04,0,0,0,0
2015/09/07,0,159000,0,159000
2015/09/08,0,3000,0,3000
2015/09/09,0,108000,0,108000
2015/09/10,0,0,-8000,-8000
2015/09/11,0,10000,0,10000
2015/09/14,0,2000,0,2000
2015/09/15,0,1000,0,1000
2015/09/16,0,0,-30000,-30000
2015/09/17,0,0,-109000,-109000
2015/09/18,0,10000,-247000,-237000
2015/09/21,0,8000,0,8000
2015/09/22,0,9068,0,9068
2015/09/23,0,0,0,0
2015/09/24,0,0,-10000,-10000
2015/09/25,0,0,0,0
2015/09/28,0,0,0,0
2015/09/29,0,0,0,0
2015/09/30,0,0,0,0
2015/10/01,0,1000,-76000,-75000
2015/10/02,0,14000,0,14000
2015/10/05,0,2000,-72000,-70000
2015/10/06,0,81000,-63000,18000
2015/10/07,0,17000,-52000,-35000
2015/10/08,0,250000,-36000,214000
2015/10/09,0,0,0,0
2015/10/12,0,31000,0,31000
2015/10/13,0,95000,-57000,38000
2015/10/14,0,20000,-14000,6000
2015/10/15,0,0,0,0
2015/10/16,0,2000,-39000,-37000
2015/10/19,0,0,-184000,-184000
2015/10/20,0,0,0,0
2015/10/21,0,0,-93000,-93000
2015/10/22,0,0,-30000,-30000
2015/10/23,0,499000,-53000,446000
2015/10/26,0,35000,0,35000
2015/10/27,0,0,-10000,-10000
2015/10/28,0,0,0,0
2015/10/29,0,0,-102000,-102000
2015/10/30,0,0,0,0
2015/11/02,0,102000,-85000,17000
2015/11/03,0,3000,-119000,-116000
2015/11/04,0,107000,0,107000
2015/11/05,0,0,-7000,-7000
2015/11/06,0,15000,0,15000
2015/11/09,0,38000,0,38000
2015/11/10,0,18000,-16000,2000
2015/11/11,0,11000,0,11000
2015/11/12,0,0,-96000,-96000
2015/11/13,0,0,-23000,-23000
2015/11/16,0,150000,0,150000
2015/11/17,0,0,-21000,-21000
2015/11/18,0,75000,-9000,66000
2015/11/19,0,0,-41000,-41000
2015/11/20,0,0,-6000,-6000
2015/11/23,0,0,0,0
2015/11/24,0,0,0,0
2015/11/25,0,0,-29000,-29000
2015/11/26,0,0,0,0
2015/11/27,0,19000,-32000,-13000
2015/11/30,0,0,0,0
2015/12/01,0,4000,-1000,3000
2015/12/02,0,0,-33000,-33000
2015/12/03,0,15000,-382000,-367000
2015/12/04,0,0,-34000,-34000
2015/12/07,0,0,-12000,-12000
2015/12/08,0,0,-12000,-12000
2015/12/09,0,0,-208000,-208000
2015/12/10,0,8000,-8000,0
2015/12/11,0,0,-5000,-5000
2015/12/14,0,0,-5572,-5572
2015/12/15,0,0,-113000,-113000
2015/12/16,0,5000,0,5000
2015/12/17,0,5000,0,5000
2015/12/18,0,13000,-3000,10000
2015/12/21,0,4000,0,4000
2015/12/22,0,0,-32000,-32000
2015/12/23,0,0,-8000,-8000
2015/12/24,0,0,0,0
2015/12/25,0,0,0,0
2015/12/28,0,0,-14000,-14000
2015/12/29,0,0,-13000,-13000
2015/12/30,0,0,-249000,-249000
2015/12/31,0,0,-23000,-23000
2016/01/01,0,0,0,0
2016/01/04,0,60000,-300000,-240000
2016/01/05,0,0,-300000,-300000
2016/01/06,0,0,0,0
2016/01/07,0,0,-10000,-10000
2016/01/08,0,0,-156000,-156000
2016/01/11,0,2000,0,2000
2016/01/12,0,0,-28000,-28000
2016/01/13,0,0,0,0
2016/01/14,0,0,-4000,-4000
2016/01/15,0,0,-3000,-3000
2016/01/18,0,0,0,0
2016/01/19,0,0,-1000,-1000
2016/01/20,0,0,-9000,-9000
2016/01/21,0,0,0,0
2016/01/22,0,0,-50000,-50000
2016/01/25,0,0,-11000,-11000
2016/01/26,0,0,-6000,-6000
2016/01/27,0,0,0,0
2016/01/28,0,0,-6000,-6000
2016/01/29,0,0,0,0
2016/02/01,0,0,0,0
2016/02/02,0,0,0,0
2016/02/03,0,0,0,0
2016/02/04,0,0,0,0
2016/02/05,0,0,0,0
2016/02/08,0,0,0,0
2016/02/09,0,0,0,0
2016/02/10,0,0,0,0
2016/02/11,0,0,0,0
2016/02/12,0,0,0,0
2016/02/15,0,285,0,285
2016/02/16,0,0,0,0
2016/02/17,0,0,0,0
2016/02/18,0,0,-12000,-12000
2016/02/19,0,0,0,0
2016/02/22,0,0,0,0
2016/02/23,0,0,0,0
2016/02/24,0,0,0,0
2016/02/25,0,0,-24000,-24000
2016/02/26,0,0,0,0
2016/02/29,0,0,0,0
2016/03/01,0,58000,-20000,38000
2016/03/02,0,0,-1000,-1000
2016/03/03,0,0,0,0
2016/03/04,0,0,-36000,-36000
2016/03/07,0,0,-17000,-17000
2016/03/08,0,0,0,0
2016/03/09,0,0,-4000,-4000
2016/03/10,0,0,-1000,-1000
2016/03/11,0,0,-2000,-2000
2016/03/14,0,0,0,0
2016/03/15,0,0,-3000,-3000
2016/03/16,0,0,-9000,-9000
2016/03/17,0,0,-30000,-30000
2016/03/18,0,208000,0,208000
2016/03/21,0,28000,0,28000
2016/03/22,0,0,-9000,-9000
2016/03/23,0,0,0,0
2016/03/24,0,0,0,0
2016/03/25,0,0,0,0
2016/03/28,0,0,0,0
2016/03/29,0,0,0,0
2016/03/30,0,0,0,0
2016/03/31,0,4000,0,4000
2016/04/01,0,0,0,0
2016/04/04,0,0,0,0
2016/04/05,0,0,0,0
2016/04/06,0,0,0,0
2016/04/07,0,0,0,0
2016/04/08,0,0,0,0
2016/04/11,0,0,0,0
2016/04/12,0,0,-1000,-1000
2016/04/13,0,9000,-7000,2000
2016/04/14,0,0,-5000,-5000
2016/04/15,0,39000,0,39000
2016/04/18,0,8000,0,8000
2016/04/19,0,8000,-4000,4000
2016/04/20,0,0,0,0
2016/04/21,0,20000,0,20000
2016/04/22,0,5000,0,5000
2016/04/25,0,0,0,0
2016/04/26,0,3000,0,3000
2016/04/27,0,3000,0,3000
2016/04/28,0,0,0,0
2016/04/29,0,0,0,0
2016/05/02,0,0,0,0
2016/05/03,0,0,-3000,-3000
2016/05/04,0,3000,-20000,-17000
2016/05/05,0,2000,-15000,-13000
2016/05/06,0,2000,0,2000
2016/05/09,0,0,0,0
2016/05/10,0,0,-241,-241
2016/05/11,0,0,0,0
2016/05/12,0,25000,-4000,21000
2016/05/13,0,5000,-93000,-88000
2016/05/16,0,0,-15000,-15000
2016/05/17,0,0,0,0
2016/05/18,0,0,-155000,-155000
2016/05/19,0,3000,-75000,-72000
2016/05/20,0,10000,0,10000
2016/05/23,0,22000,-6000,16000
2016/05/24,0,0,-25000,-25000
2016/05/25,0,10000,0,10000
2016/05/26,0,6000,0,6000
2016/05/27,0,0,0,0
2016/05/30,0,0,0,0
2016/05/31,0,0,0,0
2016/06/01,0,0,0,0
2016/06/02,0,4000,-7000,-3000
2016/06/03,0,0,-3000,-3000
2016/06/06,0,0,-7000,-7000
2016/06/07,0,0,-8000,-8000
2016/06/08,0,0,-13000,-13000
2016/06/09,0,0,0,0
2016/06/10,0,0,0,0
2016/06/13,0,0,0,0
2016/06/14,0,0,-4000,-4000
2016/06/15,0,0,-25000,-25000
2016/06/16,0,0,-41000,-41000
2016/06/17,0,12000,-28000,-16000
2016/06/20,0,0,-11000,-11000
2016/06/21,0,0,0,0
2016/06/22,0,0,-39000,-39000
2016/06/23,0,0,-13000,-13000
2016/06/24,0,4000,-2000,2000
2016/06/27,0,3000,-161900,-158900
2016/06/28,0,0,-31000,-31000
2016/06/29,0,0,-22000,-22000
2016/06/30,0,0,-18000,-18000
2016/07/01,0,0,-13000,-13000
2016/07/04,0,0,0,0
2016/07/05,0,0,-14000,-14000
2016/07/06,0,0,-6000,-6000
2016/07/07,0,0,0,0
2016/07/08,0,0,0,0
2016/07/11,0,0,0,0
2016/07/12,0,0,0,0
2016/07/13,0,0,0,0
2016/07/14,0,276000,-72000,204000
2016/07/15,0,0,-3000,-3000
2016/07/18,0,0,0,0
2016/07/19,0,4000,0,4000
2016/07/20,0,6000,-2000,4000
2016/07/21,0,0,-24000,-24000
2016/07/22,0,12000,-18000,-6000
2016/07/25,0,30000,0,30000
2016/07/26,0,11000,0,11000
2016/07/27,0,0,-1000,-1000
2016/07/28,0,0,0,0
2016/07/29,0,222,-2000,-1778
2016/08/01,0,0,0,0
2016/08/02,0,0,-1000,-1000
2016/08/03,0,3000,-1000,2000
2016/08/04,0,11000,0,11000
2016/08/05,0,0,0,0
2016/08/08,0,2000,-1000,1000
2016/08/09,0,2000,-260000,-258000
2016/08/10,0,0,0,0
2016/08/11,0,0,0,0
2016/08/12,0,3000,-1000,2000
2016/08/15,0,3000,-15000,-12000
2016/08/16,0,0,-1000,-1000
2016/08/17,0,0,0,0
2016/08/18,0,0,-4000,-4000
2016/08/19,0,0,-21000,-21000
2016/08/22,0,0,0,0
2016/08/23,0,2000,-2000,0
2016/08/24,0,0,-1000,-1000
2016/08/25,0,1000,0,1000
2016/08/26,0,1000,0,1000
2016/08/29,0,1000,-1000,0
2016/08/30,0,7000,0,7000
2016/08/31,0,0,0,0
2016/09/01,0,14000,0,14000
2016/09/02,0,0,-4000,-4000
2016/09/05,0,0,-4000,-4000
2016/09/06,0,0,0,0
2016/09/07,0,5000,0,5000
2016/09/08,0,4000,-1000,3000
2016/09/09,0,3000,0,3000
2016/09/12,0,0,0,0
2016/09/13,0,0,-2000,-2000
2016/09/14,0,51000,0,51000
2016/09/15,0,0,0,0
2016/09/16,0,0,0,0
2016/09/19,0,0,0,0
2016/09/20,0,12000,0,12000
2016/09/21,0,0,0,0
2016/09/22,0,0,-1000,-1000
2016/09/23,0,4000,-2000,2000
2016/09/26,0,0,0,0
2016/09/27,0,0,0,0
2016/09/28,0,0,0,0
2016/09/29,0,82000,0,82000
2016/09/30,0,12338,0,12338
2016/10/03,0,3000,0,3000
2016/10/04,0,0,0,0
2016/10/05,0,0,0,0
2016/10/06,0,0,0,0
2016/10/07,0,0,0,0
2016/10/10,0,0,0,0
2016/10/11,0,12000,0,12000
2016/10/12,0,0,0,0
2016/10/13,0,34000,-1000,33000
2016/10/14,0,15000,0,15000
2016/10/17,0,1000,0,1000
2016/10/18,0,21000,0,21000
2016/10/19,0,0,0,0
2016/10/20,0,5000,-3000,2000
2016/10/21,0,0,-3000,-3000
2016/10/24,0,0,0,0
2016/10/25,0,7000,-8000,-1000
2016/10/26,0,0,0,0
2016/10/27,0,8000,0,8000
2016/10/28,0,0,0,0
2016/10/31,0,0,-500,-500
2016/11/01,0,0,-1000,-1000
2016/11/02,0,0,-49,-49
2016/11/03,0,6000,0,6000
2016/11/04,0,450,-15000,-14550
2016/11/07,0,3000,-1000,2000
2016/11/08,0,0,-10000,-10000
2016/11/09,0,12000,0,12000
2016/11/10,0,13000,-98000,-85000
2016/11/11,0,22000,0,22000
2016/11/14,0,3000,-2000,1000
2016/11/15,0,18000,0,18000
2016/11/16,0,2000,-35000,-33000
2016/11/17,0,2000,-60000,-58000
2016/11/18,0,3000,0,3000
2016/11/21,0,22000,0,22000
2016/11/22,0,3000,0,3000
2016/11/23,0,27000,-57000,-30000
2016/11/24,0,0,-4000,-4000
2016/11/25,0,0,0,0
2016/11/28,0,0,0,0
2016/11/29,0,500,-8000,-7500
2016/11/30,0,20000,0,20000
2016/12/01,0,0,0,0
2016/12/02,0,0,0,0
2016/12/05,0,1000,0,1000
2016/12/06,0,0,-95000,-95000
2016/12/07,0,21000,0,21000
2016/12/08,0,0,0,0
2016/12/09,0,0,0,0
2016/12/12,0,0,0,0
2016/12/13,0,0,0,0
2016/12/14,0,23000,0,23000
2016/12/15,0,0,0,0
2016/12/16,0,0,-100,-100
2016/12/19,0,0,-10000,-10000
2016/12/20,0,0,0,0
2016/12/21,0,0,0,0
2016/12/22,0,0,-17000,-17000
2016/12/23,0,0,0,0
2016/12/26,0,0,0,0
2016/12/27,0,0,0,0
2016/12/28,0,0,0,0
2016/12/29,0,0,-9000,-9000
2016/12/30,0,0,0,0
2017/01/02,0,0,0,0
2017/01/03,0,0,0,0
2017/01/04,0,0,-10000,-10000
2017/01/05,0,1000,0,1000
2017/01/06,0,0,-11000,-11000
2017/01/09,0,0,0,0
2017/01/10,0,0,0,0
2017/01/11,0,0,-8000,-8000
2017/01/12,0,0,0,0
2017/01/13,0,0,0,0
2017/01/16,0,0,-8000,-8000
2017/01/17,0,0,-3000,-3000
2017/01/18,0,10000,0,10000
2017/01/19,0,0,-8000,-8000
2017/01/20,0,0,-9000,-9000
2017/01/23,0,119,0,119
2017/01/24,0,1000,-8000,-7000
2017/01/25,0,0,0,0
2017/01/26,0,0,0,0
2017/01/27,0,0,0,0
2017/01/30,0,0,0,0
2017/01/31,0,0,0,0
2017/02/01,0,0,0,0
2017/02/02,0,0,-10000,-10000
2017/02/03,0,5000,0,5000
2017/02/06,0,0,0,0
2017/02/07,0,0,-18000,-18000
2017/02/08,0,0,-6350,-6350
2017/02/09,0,4000,-41000,-37000
2017/02/10,0,0,-5000,-5000
2017/02/13,0,0,0,0
2017/02/14,0,0,0,0
2017/02/15,0,32000,-11000,21000
2017/02/16,0,0,-5000,-5000
2017/02/17,0,0,0,0
2017/02/20,0,3000,0,3000
2017/02/21,0,0,0,0
2017/02/22,0,0,-60820,-60820
2017/02/23,0,9000,-9000,0
2017/02/24,0,0,0,0
2017/02/27,0,0,0,0
2017/02/28,0,0,0,0
2017/03/01,0,0,-2000,-2000
2017/03/02,0,0,-11843,-11843
2017/03/03,0,0,-2000,-2000
2017/03/06,0,0,0,0
2017/03/07,0,42000,0,42000
2017/03/08,0,0,-18000,-18000
2017/03/09,0,0,0,0
2017/03/10,0,23000,-1000,22000
2017/03/13,0,0,0,0
2017/03/14,0,0,-3000,-3000
2017/03/15,0,15000,-6000,9000
2017/03/16,0,10000,0,10000
2017/03/17,0,12000,0,12000
2017/03/20,0,8000,0,8000
2017/03/21,0,13000,0,13000
2017/03/22,0,0,-12000,-12000
2017/03/23,0,0,-15000,-15000
2017/03/24,0,23000,0,23000
2017/03/27,0,0,-15000,-15000
2017/03/28,0,0,-25000,-25000
2017/03/29,0,0,-2000,-2000
2017/03/30,0,11000,0,11000
2017/03/31,0,0,-6000,-6000
2017/04/03,0,0,0,0
2017/04/04,0,0,0,0
2017/04/05,0,2000,-32000,-30000
2017/04/06,0,7000,0,7000
2017/04/07,0,3000,0,3000
2017/04/10,0,0,0,0
2017/04/11,0,0,0,0
2017/04/12,0,1000,-17000,-16000
2017/04/13,0,0,0,0
2017/04/14,0,0,-2000,-2000
2017/04/17,0,0,0,0
2017/04/18,0,1000,0,1000
2017/04/19,0,0,0,0
2017/04/20,0,0,-4000,-4000
2017/04/21,0,0,-3000,-3000
2017/04/24,0,0,0,0
2017/04/25,0,4000,-14,3986
2017/04/26,0,0,-1000,-1000
2017/04/27,0,0,0,0
2017/04/28,0,0,-1000,-1000
2017/05/01,0,0,0,0
2017/05/02,0,0,-1000,-1000
2017/05/03,0,0,0,0
2017/05/04,0,300,0,300
2017/05/05,0,0,0,0
2017/05/08,0,0,0,0
2017/05/09,0,0,-25000,-25000
2017/05/10,0,5000,-16000,-11000
2017/05/11,0,2000,0,2000
2017/05/12,0,4000,-3000,1000
2017/05/15,0,29000,0,29000
2017/05/16,0,86000,0,86000
2017/05/17,0,0,0,0
2017/05/18,0,0,-1000,-1000
2017/05/19,0,0,0,0
2017/05/22,0,0,0,0
2017/05/23,0,0,0,0
2017/05/24,0,0,-4000,-4000
2017/05/25,0,0,-1000,-1000
2017/05/26,0,0,-4000,-4000
2017/05/29,0,0,0,0
2017/05/30,0,0,0,0
2017/05/31,0,0,0,0
2017/06/01,0,0,0,0
2017/06/02,0,0,-6000,-6000
2017/06/05,0,6000,0,6000
2017/06/06,0,10000,-1000,9000
2017/06/07,0,0,-6000,-6000
2017/06/08,0,0,-1000,-1000
2017/06/09,0,0,-3000,-3000
2017/06/12,0,3000,0,3000
2017/06/13,0,0,0,0
2017/06/14,0,0,-3000,-3000
2017/06/15,0,0,-20000,-20000
2017/06/16,0,14000,-61400,-47400
2017/06/19,0,76000,-2000,74000
2017/06/20,0,55000,-19000,36000
2017/06/21,0,1000,0,1000
2017/06/22,0,20000,0,20000
2017/06/23,0,0,-1000,-1000
2017/06/26,0,0,-11000,-11000
2017/06/27,0,0,-1000,-1000
2017/06/28,0,0,0,0
2017/06/29,0,0,0,0
2017/06/30,0,2000,0,2000
2017/07/03,0,60000,-3000,57000
2017/07/04,0,0,-1000,-1000
2017/07/05,0,0,-1000,-1000
2017/07/06,0,72000,-62000,10000
2017/07/07,0,0,0,0
2017/07/10,0,31000,-1000,30000
2017/07/11,0,0,0,0
2017/07/12,0,0,-1000,-1000
2017/07/13,0,0,-122400,-122400
2017/07/14,0,0,-38000,-38000
2017/07/17,0,44,-39000,-38956
2017/07/18,0,3000,0,3000
2017/07/19,0,0,0,0
2017/07/20,0,2000,-1000,1000
2017/07/21,0,0,-1000,-1000
2017/07/24,0,0,0,0
2017/07/25,0,84000,0,84000
2017/07/26,0,0,-9000,-9000
2017/07/27,0,0,0,0
2017/07/28,0,0,-1000,-1000
2017/07/31,0,2000,-8000,-6000
2017/08/01,0,0,-3000,-3000
2017/08/02,0,2000,-1000,1000
2017/08/03,0,1000,0,1000
2017/08/04,0,1000,0,1000
2017/08/07,0,2000,-140000,-138000
2017/08/08,0,2000,-13000,-11000
2017/08/09,0,6000,-10000,-4000
2017/08/10,0,1000,0,1000
2017/08/11,0,0,0,0
2017/08/14,0,0,-157000,-157000
2017/08/15,0,2000,-4000,-2000
2017/08/16,0,4000,-4000,0
2017/08/17,0,1000,0,1000
2017/08/18,0,0,0,0
