Date,Open,Buy,Sell,Total
2007/04/23,0,12000,-73000,-61000
2007/04/24,0,65000,-58000,7000
2007/04/25,0,36000,-333000,-297000
2007/04/26,0,210000,-34000,176000
2007/04/27,0,0,-52000,-52000
2007/04/30,0,165000,-450000,-285000
2007/05/01,0,0,0,0
2007/05/02,0,442000,-118844,323156
2007/05/03,0,492000,-180000,312000
2007/05/04,0,2833000,-424095,2408905
2007/05/07,0,1225000,-52000,1173000
2007/05/08,0,345000,-131000,214000
2007/05/09,0,71000,-110000,-39000
2007/05/10,0,1266000,-17000,1249000
2007/05/11,0,288000,-662000,-374000
2007/05/14,0,154000,-457000,-303000
2007/05/15,0,282000,-300000,-18000
2007/05/16,0,155000,-155000,0
2007/05/17,0,216000,-33000,183000
2007/05/18,0,329000,-225000,104000
2007/05/21,0,638000,-165000,473000
2007/05/22,0,300000,-520000,-220000
2007/05/23,0,27000,-267000,-240000
2007/05/24,0,128000,-309000,-181000
2007/05/25,0,263000,-22000,241000
2007/05/28,0,15000,-28000,-13000
2007/05/29,0,864000,-62000,802000
2007/05/30,0,191000,-37000,154000
2007/05/31,0,393000,-414000,-21000
2007/06/01,0,343000,-1270000,-927000
2007/06/04,0,139000,-124000,15000
2007/06/05,0,363000,-221000,142000
2007/06/06,0,983000,-1331092,-348092
2007/06/07,0,322000,-851000,-529000
2007/06/08,0,1006000,-55000,951000
2007/06/11,0,493000,-259000,234000
2007/06/12,0,28000,-488000,-460000
2007/06/13,0,97000,-304000,-207000
2007/06/14,0,303000,-785000,-482000
2007/06/15,0,154000,-1107000,-953000
2007/06/18,0,0,0,0
2007/06/19,0,0,0,0
2007/06/20,0,250000,-1076000,-826000
2007/06/21,0,301000,-279000,22000
2007/06/22,0,92000,-526000,-434000
2007/06/25,0,725000,-202000,523000
2007/06/26,0,93000,-178000,-85000
2007/06/27,0,44000,-589000,-545000
2007/06/28,0,96000,-151000,-55000
2007/06/29,0,31000,-378000,-347000
2007/07/02,0,495000,-176000,319000
2007/07/03,0,422000,-647000,-225000
2007/07/04,0,289000,-318000,-29000
2007/07/05,0,197000,-59000,138000
2007/07/06,0,450000,-240000,210000
2007/07/09,0,378000,-170000,208000
2007/07/10,0,158000,-138000,20000
2007/07/11,0,169000,-208372,-39372
2007/07/12,0,123000,-119000,4000
2007/07/13,0,603000,-68359,534641
2007/07/16,0,36000,-208305,-172305
2007/07/17,0,802000,-730000,72000
2007/07/18,0,752000,-268000,484000
2007/07/19,0,437000,-1558218,-1121218
2007/07/20,0,1518000,-434440,1083560
2007/07/23,0,1051000,-633179,417821
2007/07/24,0,226000,-432000,-206000
2007/07/25,0,117000,-218000,-101000
2007/07/26,0,51000,-817000,-766000
2007/07/27,0,50000,-969000,-919000
2007/07/30,0,533000,-555000,-22000
2007/07/31,0,369000,-518000,-149000
2007/08/01,0,1794000,-795000,999000
2007/08/02,0,486000,-803697,-317697
2007/08/03,0,3500000,-569000,2931000
2007/08/06,0,570000,-513000,57000
2007/08/07,0,734000,-1108000,-374000
2007/08/08,0,1036000,-610000,426000
2007/08/09,0,895000,-1611772,-716772
2007/08/10,0,135000,-595000,-460000
2007/08/13,0,242000,-428000,-186000
2007/08/14,0,907000,-655000,252000
2007/08/15,0,973000,-2145000,-1172000
2007/08/16,0,441000,-1206000,-765000
2007/08/17,0,1047000,-981000,66000
2007/08/20,0,2087000,-833000,1254000
2007/08/21,0,640000,-1320000,-680000
2007/08/22,0,719000,-206000,513000
2007/08/23,0,1105000,-628000,477000
2007/08/24,0,453000,-804000,-351000
2007/08/27,0,963000,-395000,568000
2007/08/28,0,3966000,-1000000,2966000
2007/08/29,0,774000,-316000,458000
2007/08/30,0,1802000,-1868000,-66000
2007/08/31,0,3490000,-1998000,1492000
2007/09/03,0,799000,-847000,-48000
2007/09/04,0,886000,-436000,450000
2007/09/05,0,2339000,-827000,1512000
2007/09/06,0,935000,-602000,333000
2007/09/07,0,468000,-2560000,-2092000
2007/09/10,0,595000,-418000,177000
2007/09/11,0,564000,-826000,-262000
2007/09/12,0,290000,-709000,-419000
2007/09/13,0,655000,-589000,66000
2007/09/14,0,719026,-416000,303026
2007/09/17,0,910000,-334000,576000
2007/09/18,0,0,0,0
2007/09/19,0,576000,-2523000,-1947000
2007/09/20,0,1245077,-1176535,68542
2007/09/21,0,652025,-278908,373117
2007/09/24,0,0,0,0
2007/09/25,0,0,0,0
2007/09/26,0,1112000,-486000,626000
2007/09/27,0,297000,-668873,-371873
2007/09/28,0,842000,-735014,106986
2007/10/01,0,292000,-735000,-443000
2007/10/02,0,322458,-413000,-90542
2007/10/03,0,521000,-783000,-262000
2007/10/04,0,332000,-405000,-73000
2007/10/05,0,110000,-775000,-665000
2007/10/08,0,490000,-2246745,-1756745
2007/10/09,0,1176000,-2406985,-1230985
2007/10/10,0,0,0,0
2007/10/11,0,574000,-1175000,-601000
2007/10/12,0,1648000,-670000,978000
2007/10/15,0,492000,-207000,285000
2007/10/16,0,1336000,-167000,1169000
2007/10/17,0,2697000,-621000,2076000
2007/10/18,0,2297000,-1571000,726000
2007/10/19,0,682000,-802000,-120000
2007/10/22,0,287000,-598000,-311000
2007/10/23,0,2173000,-1373000,800000
2007/10/24,0,937000,-670477,266523
2007/10/25,0,1058000,-494000,564000
2007/10/26,0,2772000,-1096000,1676000
2007/10/29,0,3301000,-1016000,2285000
2007/10/30,0,412000,-2387000,-1975000
2007/10/31,0,2292000,-2506000,-214000
2007/11/01,0,875000,-2128000,-1253000
2007/11/02,0,920000,-1914000,-994000
2007/11/05,0,878000,-1120000,-242000
2007/11/06,0,460000,-1356000,-896000
2007/11/07,0,1986000,-1857000,129000
2007/11/08,0,1025000,-2521000,-1496000
2007/11/09,0,1400000,-1598000,-198000
2007/11/12,0,546000,-2609000,-2063000
2007/11/13,0,1507000,-1696000,-189000
2007/11/14,0,578000,-932000,-354000
2007/11/15,0,1045000,-319546,725454
2007/11/16,0,908000,-100000,808000
2007/11/19,0,418000,-676000,-258000
2007/11/20,0,1180000,-2102000,-922000
2007/11/21,0,878000,-891498,-13498
2007/11/22,0,1013000,-1466370,-453370
2007/11/23,0,402000,-666000,-264000
2007/11/26,0,226000,-393000,-167000
2007/11/27,0,1084000,-388000,696000
2007/11/28,0,544000,-1121000,-577000
2007/11/29,0,1060000,-445000,615000
2007/11/30,0,380000,-309000,71000
2007/12/03,0,62000,-222000,-160000
2007/12/04,0,1387000,-1327000,60000
2007/12/05,0,428000,-406000,22000
2007/12/06,0,425000,-561000,-136000
2007/12/07,0,255000,-652000,-397000
2007/12/10,0,266000,-392000,-126000
2007/12/11,0,160000,-801000,-641000
2007/12/12,0,544000,-481000,63000
2007/12/13,0,951000,-1994000,-1043000
2007/12/14,0,1092000,-2462000,-1370000
2007/12/17,0,229000,-191852,37148
2007/12/18,0,1054000,-271000,783000
2007/12/19,0,1860000,-850000,1010000
2007/12/20,0,899000,-2043000,-1144000
2007/12/21,0,835000,-724000,111000
2007/12/24,0,504000,-338000,166000
2007/12/25,0,207000,-324000,-117000
2007/12/26,0,531000,-218000,313000
2007/12/27,0,659513,-202000,457513
2007/12/28,0,582000,-1108000,-526000
2007/12/31,0,419000,-316000,103000
2008/01/01,0,0,0,0
2008/01/02,0,112000,-368000,-256000
2008/01/03,0,884000,-601000,283000
2008/01/04,0,428000,-343000,85000
2008/01/07,0,763000,-2645000,-1882000
2008/01/08,0,633000,-874000,-241000
2008/01/09,0,851000,-417000,434000
2008/01/10,0,845000,-1130000,-285000
2008/01/11,0,761000,-833000,-72000
2008/01/14,0,1375000,-2072000,-697000
2008/01/15,0,1859000,-1215000,644000
2008/01/16,0,941000,-739000,202000
2008/01/17,0,687000,-859000,-172000
2008/01/18,0,718000,-231000,487000
2008/01/21,0,103000,-224734,-121734
2008/01/22,0,802000,-650000,152000
2008/01/23,0,756000,-994000,-238000
2008/01/24,0,825000,-389000,436000
2008/01/25,0,536000,-422000,114000
2008/01/28,0,413000,-1344000,-931000
2008/01/29,0,533000,-379000,154000
2008/01/30,0,774000,-969000,-195000
2008/01/31,0,348000,-565000,-217000
2008/02/01,0,508000,-577000,-69000
2008/02/04,0,0,0,0
2008/02/05,0,0,0,0
2008/02/06,0,0,0,0
2008/02/07,0,0,0,0
2008/02/08,0,0,0,0
2008/02/11,0,0,0,0
2008/02/12,0,396000,-601000,-205000
2008/02/13,0,26000,-475193,-449193
2008/02/14,0,847000,-394000,453000
2008/02/15,0,560000,-177875,382125
2008/02/18,0,112338,-375000,-262662
2008/02/19,0,346000,-340000,6000
2008/02/20,0,209000,-168000,41000
2008/02/21,0,525000,-112000,413000
2008/02/22,0,317000,-77000,240000
2008/02/25,0,164000,-429390,-265390
2008/02/26,0,188000,-1041034,-853034
2008/02/27,0,411000,-614356,-203356
2008/02/28,0,0,0,0
2008/02/29,0,208000,-119000,89000
2008/03/03,0,424000,-499520,-75520
2008/03/04,0,276000,-499044,-223044
2008/03/05,0,116000,-308000,-192000
2008/03/06,0,429000,-112034,316966
2008/03/07,0,684000,-101000,583000
2008/03/10,0,240000,-367000,-127000
2008/03/11,0,291000,-135000,156000
2008/03/12,0,708000,-230384,477616
2008/03/13,0,279000,-424647,-145647
2008/03/14,0,231000,-443000,-212000
2008/03/17,0,673000,-560000,113000
2008/03/18,0,517000,-143000,374000
2008/03/19,0,232000,-312000,-80000
2008/03/20,0,745000,-324000,421000
2008/03/21,0,598000,-162000,436000
2008/03/24,0,1331000,-854000,477000
2008/03/25,0,983000,-258000,725000
2008/03/26,0,95000,-769000,-674000
2008/03/27,0,178000,-225000,-47000
2008/03/28,0,430000,-113598,316402
2008/03/31,0,199000,-286149,-87149
2008/04/01,0,319000,-241986,77014
2008/04/02,0,1459000,-769000,690000
2008/04/03,0,437000,-343685,93315
2008/04/04,0,0,0,0
2008/04/07,0,152000,-62000,90000
2008/04/08,0,92000,-221000,-129000
2008/04/09,0,202000,-479000,-277000
2008/04/10,0,60000,-448000,-388000
2008/04/11,0,775000,-411000,364000
2008/04/14,0,82000,-614965,-532965
2008/04/15,0,171000,-233000,-62000
2008/04/16,0,143000,-821000,-678000
2008/04/17,0,595000,-487000,108000
2008/04/18,0,314000,-245000,69000
2008/04/21,0,236000,-209000,27000
2008/04/22,0,259000,-440000,-181000
2008/04/23,0,267000,-169000,98000
2008/04/24,0,488000,-236000,252000
2008/04/25,0,508000,-109000,399000
2008/04/28,0,429000,-386000,43000
2008/04/29,0,454000,-50000,404000
2008/04/30,0,367000,-242000,125000
2008/05/01,0,0,0,0
2008/05/02,0,1843000,-1039000,804000
2008/05/05,0,119000,-251000,-132000
2008/05/06,0,154000,-565000,-411000
2008/05/07,0,316000,-423000,-107000
2008/05/08,0,84000,-267000,-183000
2008/05/09,0,313000,-348000,-35000
2008/05/12,0,480000,-1197787,-717787
2008/05/13,0,163020,-245000,-81980
2008/05/14,0,145000,-72000,73000
2008/05/15,0,231000,-81000,150000
2008/05/16,0,306000,-65000,241000
2008/05/19,0,566000,-208000,358000
2008/05/20,0,432000,-427000,5000
2008/05/21,0,260000,-229000,31000
2008/05/22,0,197000,-153000,44000
2008/05/23,0,159000,-736000,-577000
2008/05/26,0,232000,-223000,9000
2008/05/27,0,119000,-195280,-76280
2008/05/28,0,41000,-292000,-251000
2008/05/29,0,448000,-390000,58000
2008/05/30,0,1206000,-1032000,174000
2008/06/02,0,193000,-125000,68000
2008/06/03,0,109000,-127182,-18182
2008/06/04,0,412000,-109459,302541
2008/06/05,0,392000,-19000,373000
2008/06/06,0,499000,-492000,7000
2008/06/09,0,93000,-187000,-94000
2008/06/10,0,116000,-371000,-255000
2008/06/11,0,81000,-479000,-398000
2008/06/12,0,667000,-1090000,-423000
2008/06/13,0,112000,-73000,39000
2008/06/16,0,415000,-89000,326000
2008/06/17,0,138000,-73000,65000
2008/06/18,0,333000,-70000,263000
2008/06/19,0,144000,-146000,-2000
2008/06/20,0,207000,-63000,144000
2008/06/23,0,250000,-91000,159000
2008/06/24,0,247000,-284000,-37000
2008/06/25,0,720000,-759000,-39000
2008/06/26,0,195000,-177000,18000
2008/06/27,0,252000,-426000,-174000
2008/06/30,0,387000,-61000,326000
2008/07/01,0,308000,-57000,251000
2008/07/02,0,502000,-63000,439000
2008/07/03,0,175000,-677000,-502000
2008/07/04,0,157000,-220000,-63000
2008/07/07,0,183000,-63000,120000
2008/07/08,0,380000,-189000,191000
2008/07/09,0,627000,-62000,565000
2008/07/10,0,367000,-630000,-263000
2008/07/11,0,213000,-74000,139000
2008/07/14,0,102000,-332000,-230000
2008/07/15,0,297000,-126000,171000
2008/07/16,0,429000,-383000,46000
2008/07/17,0,505000,-189000,316000
2008/07/18,0,116000,-147000,-31000
2008/07/21,0,1573000,-3000,1570000
2008/07/22,0,560000,-441000,119000
2008/07/23,0,532000,-27000,505000
2008/07/24,0,370000,-274000,96000
2008/07/25,0,311000,-43000,268000
2008/07/28,0,0,0,0
2008/07/29,0,259000,-242000,17000
2008/07/30,0,572000,-42000,530000
2008/07/31,0,567000,-191000,376000
2008/08/01,0,345000,-84000,261000
2008/08/04,0,265000,-25000,240000
2008/08/05,0,346000,-313000,33000
2008/08/06,0,556000,-479000,77000
2008/08/07,0,1405000,-1425000,-20000
2008/08/08,0,521000,-2067000,-1546000
2008/08/11,0,242000,-523000,-281000
2008/08/12,0,215000,-229000,-14000
2008/08/13,0,1248000,-531000,717000
2008/08/14,0,902000,-256000,646000
2008/08/15,0,315000,-301773,13227
2008/08/18,0,122000,-286227,-164227
2008/08/19,0,755000,-133000,622000
2008/08/20,0,343000,-445000,-102000
2008/08/21,0,220000,-132000,88000
2008/08/22,0,640000,-707000,-67000
2008/08/25,0,394000,-166000,228000
2008/08/26,0,94000,-214000,-120000
2008/08/27,0,1978000,-123000,1855000
2008/08/28,0,728000,-174000,554000
2008/08/29,0,800000,-889000,-89000
2008/09/01,0,788538,-1552000,-763462
2008/09/02,0,508000,-2839000,-2331000
2008/09/03,0,639000,-129000,510000
2008/09/04,0,1152000,-905000,247000
2008/09/05,0,2041000,-542000,1499000
2008/09/08,0,1441000,-668000,773000
2008/09/09,0,547000,-483000,64000
2008/09/10,0,1204000,-1067000,137000
2008/09/11,0,591000,-794000,-203000
2008/09/12,0,597000,-197000,400000
2008/09/15,0,279000,-427000,-148000
2008/09/16,0,421000,-1424000,-1003000
2008/09/17,0,276000,-448000,-172000
2008/09/18,0,497000,-271000,226000
2008/09/19,0,814000,-428000,386000
2008/09/22,0,1198000,-825000,373000
2008/09/23,0,618000,-299000,319000
2008/09/24,0,267000,-208000,59000
2008/09/25,0,180000,-90000,90000
2008/09/26,0,159000,-1140000,-981000
2008/09/29,0,0,0,0
2008/09/30,0,727000,-1008000,-281000
2008/10/01,0,147105,-831800,-684695
2008/10/02,0,279000,-430409,-151409
2008/10/03,0,533000,-522000,11000
2008/10/06,0,297000,-692836,-395836
2008/10/07,0,909000,-204000,705000
2008/10/08,0,726000,-428987,297013
2008/10/09,0,1446000,-791202,654798
2008/10/10,0,0,0,0
2008/10/13,0,116000,-362000,-246000
2008/10/14,0,245000,-309217,-64217
2008/10/15,0,335000,-1108000,-773000
2008/10/16,0,10000,-8000,2000
2008/10/17,0,570000,-527984,42016
2008/10/20,0,777000,-134838,642162
2008/10/21,0,1111000,-83000,1028000
2008/10/22,0,209000,-687880,-478880
2008/10/23,0,5000,-38670,-33670
2008/10/24,0,18000,-31500,-13500
2008/10/27,0,273000,-160000,113000
2008/10/28,0,722000,-317251,404749
2008/10/29,0,795000,-704417,90583
2008/10/30,0,845000,-182071,662929
2008/10/31,0,744000,-230975,513025
2008/11/03,0,359000,-828000,-469000
2008/11/04,0,206000,-100585,105415
2008/11/05,0,261000,-1137000,-876000
2008/11/06,0,173000,-341000,-168000
2008/11/07,0,425111,-138000,287111
2008/11/10,0,145000,-170000,-25000
2008/11/11,0,445000,-412000,33000
2008/11/12,0,86000,-299000,-213000
2008/11/13,0,175000,-775462,-600462
2008/11/14,0,87000,-367925,-280925
2008/11/17,0,75000,-281381,-206381
2008/11/18,0,523000,-225000,298000
2008/11/19,0,583000,-171977,411023
2008/11/20,0,1572000,-85000,1487000
2008/11/21,0,629000,-225000,404000
2008/11/24,0,687000,-194000,493000
2008/11/25,0,537000,-360000,177000
2008/11/26,0,79000,-80000,-1000
2008/11/27,0,1073000,-722000,351000
2008/11/28,0,607000,-332000,275000
2008/12/01,0,516000,-562359,-46359
2008/12/02,0,121000,-460000,-339000
2008/12/03,0,124000,-1298000,-1174000
2008/12/04,0,184000,-440000,-256000
2008/12/05,0,325000,-41000,284000
2008/12/08,0,565000,-16000,549000
2008/12/09,0,2484000,-138000,2346000
2008/12/10,0,1090000,-397000,693000
2008/12/11,0,519000,-319000,200000
2008/12/12,0,617000,-1250000,-633000
2008/12/15,0,802000,-279000,523000
2008/12/16,0,377000,-168000,209000
2008/12/17,0,503000,-512000,-9000
2008/12/18,0,1033000,-757000,276000
2008/12/19,0,311000,-247000,64000
2008/12/22,0,141000,-1522000,-1381000
2008/12/23,0,57000,-396000,-339000
2008/12/24,0,126000,-687000,-561000
2008/12/25,0,28000,-250000,-222000
2008/12/26,0,97000,-102000,-5000
2008/12/29,0,73000,-12000,61000
2008/12/30,0,107000,-391801,-284801
2008/12/31,0,350000,-347921,2079
2009/01/01,0,0,0,0
2009/01/02,0,0,0,0
2009/01/05,0,1560000,-71000,1489000
2009/01/06,0,323000,-658000,-335000
2009/01/07,0,219000,-559000,-340000
2009/01/08,0,120000,-485000,-365000
2009/01/09,0,115000,-6000,109000
2009/01/12,0,960000,-85000,875000
2009/01/13,0,431000,-141000,290000
2009/01/14,0,1567000,-696000,871000
2009/01/15,0,787000,-403000,384000
2009/01/16,0,312000,-570000,-258000
2009/01/19,0,821000,-111000,710000
2009/01/20,0,571000,-181234,389766
2009/01/21,0,848000,-677000,171000
2009/01/22,0,0,0,0
2009/01/23,0,0,0,0
2009/01/26,0,0,0,0
2009/01/27,0,0,0,0
2009/01/28,0,0,0,0
2009/01/29,0,0,0,0
2009/01/30,0,0,0,0
2009/02/02,0,53000,-130983,-77983
2009/02/03,0,194000,-265000,-71000
2009/02/04,0,196000,-23000,173000
2009/02/05,0,939000,-249000,690000
2009/02/06,0,2300000,-290000,2010000
2009/02/09,0,1376012,-1576000,-199988
2009/02/10,0,462000,-1645000,-1183000
2009/02/11,0,302000,-333169,-31169
2009/02/12,0,961000,-503892,457108
2009/02/13,0,3692000,-981000,2711000
2009/02/16,0,2944000,-1483000,1461000
2009/02/17,0,780000,-2568000,-1788000
2009/02/18,0,968000,-337000,631000
2009/02/19,0,1724000,-978000,746000
2009/02/20,0,511000,-1043000,-532000
2009/02/23,0,538000,-1932000,-1394000
2009/02/24,0,649000,-757000,-108000
2009/02/25,0,651000,-380000,271000
2009/02/26,0,869000,-279000,590000
2009/02/27,0,792000,-487000,305000
2009/03/02,0,818000,-507000,311000
2009/03/03,0,1392000,-698000,694000
2009/03/04,0,2507000,-656000,1851000
2009/03/05,0,2967000,-1684000,1283000
2009/03/06,0,705000,-1955000,-1250000
2009/03/09,0,1281000,-581000,700000
2009/03/10,0,2623000,-1056499,1566501
2009/03/11,0,473000,-2337000,-1864000
2009/03/12,0,453000,-1386000,-933000
2009/03/13,0,1583000,-1641000,-58000
2009/03/16,0,990000,-3255000,-2265000
2009/03/17,0,606000,-555000,51000
2009/03/18,0,1136000,-503000,633000
2009/03/19,0,552000,-1059331,-507331
2009/03/20,0,588000,-2421000,-1833000
2009/03/23,0,467000,-2688000,-2221000
2009/03/24,0,829000,-850000,-21000
2009/03/25,0,1195000,-825302,369698
2009/03/26,0,788000,-1401000,-613000
2009/03/27,0,449000,-2788000,-2339000
2009/03/30,0,734000,-1115000,-381000
2009/03/31,0,401000,-178000,223000
2009/04/01,0,552000,-576000,-24000
2009/04/02,0,528000,-396326,131674
2009/04/03,0,531000,-742000,-211000
2009/04/06,0,1262000,-727332,534668
2009/04/07,0,162000,-315000,-153000
2009/04/08,0,436000,-1440000,-1004000
2009/04/09,0,587000,-499000,88000
2009/04/10,0,727000,-1579327,-852327
2009/04/13,0,345000,-953000,-608000
2009/04/14,0,1657000,-1218000,439000
2009/04/15,0,1174000,-1342000,-168000
2009/04/16,0,1782000,-1215000,567000
2009/04/17,0,748000,-1736324,-988324
2009/04/20,0,959000,-904000,55000
2009/04/21,0,684000,-773000,-89000
2009/04/22,0,433000,-484000,-51000
2009/04/23,0,794000,-608000,186000
2009/04/24,0,344000,-693000,-349000
2009/04/27,0,700000,-732000,-32000
2009/04/28,0,381000,-1342323,-961323
2009/04/29,0,453000,-545000,-92000
2009/04/30,0,1074000,-198000,876000
2009/05/01,0,0,0,0
2009/05/04,0,2124000,-755000,1369000
2009/05/05,0,1278000,-1448000,-170000
2009/05/06,0,2323000,-644319,1678681
2009/05/07,0,1277000,-1091000,186000
2009/05/08,0,1472000,-624187,847813
2009/05/11,0,231000,-1409000,-1178000
2009/05/12,0,629000,-1012000,-383000
2009/05/13,0,514000,-676000,-162000
2009/05/14,0,818000,-443000,375000
2009/05/15,0,302000,-536000,-234000
2009/05/18,0,363000,-717000,-354000
2009/05/19,0,344000,-777000,-433000
2009/05/20,0,521000,-327000,194000
2009/05/21,0,176000,-417000,-241000
2009/05/22,0,395000,-699670,-304670
2009/05/25,0,391000,-287000,104000
2009/05/26,0,478000,-654000,-176000
2009/05/27,0,1111000,-450000,661000
2009/05/28,0,0,0,0
2009/05/29,0,0,0,0
2009/06/01,0,680000,-575659,104341
2009/06/02,0,417000,-822000,-405000
2009/06/03,0,867000,-534000,333000
2009/06/04,0,711000,-966628,-255628
2009/06/05,0,228000,-651000,-423000
2009/06/08,0,429000,-489000,-60000
2009/06/09,0,1129000,-1068000,61000
2009/06/10,0,875000,-1122314,-247314
2009/06/11,0,325000,-677000,-352000
2009/06/12,0,333000,-1008873,-675873
2009/06/15,0,647000,-1438000,-791000
2009/06/16,0,201000,-878663,-677663
2009/06/17,0,380000,-1070000,-690000
2009/06/18,0,419000,-393000,26000
2009/06/19,0,336000,-389000,-53000
2009/06/22,0,465000,-184000,281000
2009/06/23,0,286000,-218000,68000
2009/06/24,0,971000,-396000,575000
2009/06/25,0,307000,-215000,92000
2009/06/26,0,227000,-387000,-160000
2009/06/29,0,78000,-174000,-96000
2009/06/30,0,640000,-1154000,-514000
2009/07/01,0,636000,-227000,409000
2009/07/02,0,916000,-339000,577000
2009/07/03,0,749000,-400000,349000
2009/07/06,0,220000,-315000,-95000
2009/07/07,0,599638,-264000,335638
2009/07/08,0,165000,-422000,-257000
2009/07/09,0,704000,-334000,370000
2009/07/10,0,503000,-350000,153000
2009/07/13,0,349000,-675000,-326000
2009/07/14,0,342000,-413000,-71000
2009/07/15,0,1169000,-310137,858863
2009/07/16,0,837000,-543000,294000
2009/07/17,0,600000,-370000,230000
2009/07/20,0,417000,-325000,92000
2009/07/21,0,262000,-665000,-403000
2009/07/22,0,483000,-134000,349000
2009/07/23,0,1587000,-912000,675000
2009/07/24,0,968000,-1503000,-535000
2009/07/27,0,1503000,-638000,865000
2009/07/28,0,1456000,-622000,834000
2009/07/29,0,478000,-740000,-262000
2009/07/30,0,640000,-1364000,-724000
2009/07/31,0,77000,-498000,-421000
2009/08/03,0,156622,-824000,-667378
2009/08/04,0,67000,-783849,-716849
2009/08/05,0,125000,-238000,-113000
2009/08/06,0,503000,-221000,282000
2009/08/07,0,0,0,0
2009/08/10,0,186000,-184000,2000
2009/08/11,0,421000,-367000,54000
2009/08/12,0,590000,-1267000,-677000
2009/08/13,0,650000,-813000,-163000
2009/08/14,0,788000,-185000,603000
2009/08/17,0,355000,-887000,-532000
2009/08/18,0,542000,-709000,-167000
2009/08/19,0,240000,-841000,-601000
2009/08/20,0,153000,-355000,-202000
2009/08/21,0,268000,-266000,2000
2009/08/24,0,158056,-76000,82056
2009/08/25,0,388000,-108000,280000
2009/08/26,0,106000,-593793,-487793
2009/08/27,0,108000,-120000,-12000
2009/08/28,0,222000,-115000,107000
2009/08/31,0,89000,-191797,-102797
2009/09/01,0,597000,-48000,549000
2009/09/02,0,371000,-105000,266000
2009/09/03,0,437000,-434000,3000
2009/09/04,0,900000,-317000,583000
2009/09/07,0,528000,-1324000,-796000
2009/09/08,0,1822000,-860000,962000
2009/09/09,0,252000,-693000,-441000
2009/09/10,0,351000,-1516000,-1165000
2009/09/11,0,65000,-199000,-134000
2009/09/14,0,186000,-644000,-458000
2009/09/15,0,913944,-107000,806944
2009/09/16,0,366000,-669000,-303000
2009/09/17,0,261000,-569000,-308000
2009/09/18,0,133000,-213000,-80000
2009/09/21,0,267000,-635000,-368000
2009/09/22,0,55000,-106000,-51000
2009/09/23,0,183000,-746442,-563442
2009/09/24,0,170000,-153420,16580
2009/09/25,0,86000,-95530,-9530
2009/09/28,0,333000,-347947,-14947
2009/09/29,0,97000,-198000,-101000
2009/09/30,0,76000,-129200,-53200
2009/10/01,0,168000,-300000,-132000
2009/10/02,0,146000,-336540,-190540
2009/10/05,0,225000,-394074,-169074
2009/10/06,0,273000,-373000,-100000
2009/10/07,0,124000,-173000,-49000
2009/10/08,0,227000,-224200,2800
2009/10/09,0,165000,-155000,10000
2009/10/12,0,292000,-117000,175000
2009/10/13,0,221446,-194000,27446
2009/10/14,0,245000,-155000,90000
2009/10/15,0,136000,-404000,-268000
2009/10/16,0,409000,-186700,222300
2009/10/19,0,521000,-183000,338000
2009/10/20,0,616000,-1052014,-436014
2009/10/21,0,178000,-233015,-55015
2009/10/22,0,429000,-618000,-189000
2009/10/23,0,231000,-243000,-12000
2009/10/26,0,201000,-262000,-61000
2009/10/27,0,521000,-202000,319000
2009/10/28,0,69000,-772000,-703000
2009/10/29,0,789000,-461060,327940
2009/10/30,0,400000,-449000,-49000
2009/11/02,0,225000,-368259,-143259
2009/11/03,0,287000,-180000,107000
2009/11/04,0,771000,-240000,531000
2009/11/05,0,89000,-364000,-275000
2009/11/06,0,163000,-682000,-519000
2009/11/09,0,113000,-51000,62000
2009/11/10,0,169000,-170200,-1200
2009/11/11,0,570000,-214246,355754
2009/11/12,0,508000,-496000,12000
2009/11/13,0,185000,-281000,-96000
2009/11/16,0,91000,-103000,-12000
2009/11/17,0,44000,-273000,-229000
2009/11/18,0,156000,-306000,-150000
2009/11/19,0,134000,-333011,-199011
2009/11/20,0,110000,-335000,-225000
2009/11/23,0,139000,-84000,55000
2009/11/24,0,33000,-206000,-173000
2009/11/25,0,200000,-118000,82000
2009/11/26,0,104000,-107036,-3036
2009/11/27,0,199000,-185000,14000
2009/11/30,0,111000,-50013,60987
2009/12/01,0,93000,-78000,15000
2009/12/02,0,193000,-65000,128000
2009/12/03,0,137000,-165000,-28000
2009/12/04,0,127000,-114000,13000
2009/12/07,0,239000,-98000,141000
2009/12/08,0,29000,-161000,-132000
2009/12/09,0,358000,-145000,213000
2009/12/10,0,31000,-693000,-662000
2009/12/11,0,696000,-98000,598000
2009/12/14,0,99000,-5000,94000
2009/12/15,0,4390000,-1648000,2742000
2009/12/16,0,4080000,-902000,3178000
2009/12/17,0,929000,-2898000,-1969000
2009/12/18,0,914000,-498000,416000
2009/12/21,0,1787000,-552000,1235000
2009/12/22,0,871000,-583627,287373
2009/12/23,0,373000,-776000,-403000
2009/12/24,0,640000,-959000,-319000
2009/12/25,0,207000,-517000,-310000
2009/12/28,0,182000,-553000,-371000
2009/12/29,0,167000,-571000,-404000
2009/12/30,0,515000,-577000,-62000
2009/12/31,0,628000,-779000,-151000
2010/01/01,0,0,0,0
2010/01/04,0,476000,-2376000,-1900000
2010/01/05,0,312000,-567000,-255000
2010/01/06,0,254000,-974000,-720000
2010/01/07,0,459000,-430000,29000
2010/01/08,0,499000,-597000,-98000
2010/01/11,0,532000,-306000,226000
2010/01/12,0,368000,-1158000,-790000
2010/01/13,0,559000,-172000,387000
2010/01/14,0,611000,-277814,333186
2010/01/15,0,422000,-405000,17000
2010/01/18,0,380000,-374000,6000
2010/01/19,0,247000,-359000,-112000
2010/01/20,0,390568,-899718,-509150
2010/01/21,0,510000,-409000,101000
2010/01/22,0,479000,-515000,-36000
2010/01/25,0,644000,-1099000,-455000
2010/01/26,0,409000,-1131000,-722000
2010/01/27,0,1217000,-253000,964000
2010/01/28,0,1088000,-888000,200000
2010/01/29,0,452000,-620000,-168000
2010/02/01,0,531000,-809000,-278000
2010/02/02,0,261000,-597000,-336000
2010/02/03,0,1022000,-344046,677954
2010/02/04,0,1158000,-123000,1035000
2010/02/05,0,533000,-1015000,-482000
2010/02/08,0,857000,-311001,545999
2010/02/09,0,751000,-401000,350000
2010/02/10,0,638000,-221013,416987
2010/02/11,0,0,0,0
2010/02/12,0,0,0,0
2010/02/15,0,0,0,0
2010/02/16,0,0,0,0
2010/02/17,0,0,0,0
2010/02/18,0,0,0,0
2010/02/19,0,0,0,0
2010/02/22,0,516000,-488000,28000
2010/02/23,0,133000,-332000,-199000
2010/02/24,0,65000,-418000,-353000
2010/02/25,0,208000,-1166000,-958000
2010/02/26,0,180000,-354000,-174000
2010/03/01,0,295000,-220000,75000
2010/03/02,0,18000,-198000,-180000
2010/03/03,0,53000,-308003,-255003
2010/03/04,0,28000,-482000,-454000
2010/03/05,0,210000,-118000,92000
2010/03/08,0,1362000,-152000,1210000
2010/03/09,0,444000,-474000,-30000
2010/03/10,0,134000,-497000,-363000
2010/03/11,0,148000,-610000,-462000
2010/03/12,0,272000,-646000,-374000
2010/03/15,0,131000,-480000,-349000
2010/03/16,0,305000,-476000,-171000
2010/03/17,0,1182000,-51000,1131000
2010/03/18,0,276000,-76000,200000
2010/03/19,0,267000,-285000,-18000
2010/03/22,0,103000,-501000,-398000
2010/03/23,0,165000,-487000,-322000
2010/03/24,0,528000,-435231,92769
2010/03/25,0,1164000,-411000,753000
2010/03/26,0,310000,-334000,-24000
2010/03/29,0,207000,-447773,-240773
2010/03/30,0,90000,-58000,32000
2010/03/31,0,213000,-19000,194000
2010/04/01,0,425000,-147000,278000
2010/04/02,0,82000,-355000,-273000
2010/04/05,0,0,0,0
2010/04/06,0,381000,-393000,-12000
2010/04/07,0,105000,-350000,-245000
2010/04/08,0,476000,-131000,345000
2010/04/09,0,175000,-199000,-24000
2010/04/12,0,290000,-169296,120704
2010/04/13,0,16000,-294000,-278000
2010/04/14,0,40000,-547000,-507000
2010/04/15,0,470000,-116000,354000
2010/04/16,0,772000,-240000,532000
2010/04/19,0,256000,-818000,-562000
2010/04/20,0,968000,-675000,293000
2010/04/21,0,895000,-135000,760000
2010/04/22,0,322131,-740000,-417869
2010/04/23,0,138000,-471000,-333000
2010/04/26,0,972000,-280000,692000
2010/04/27,0,635000,-185000,450000
2010/04/28,0,938000,-633000,305000
2010/04/29,0,287000,-673000,-386000
2010/04/30,0,44000,-687000,-643000
2010/05/03,0,333000,-630000,-297000
2010/05/04,0,108000,-610122,-502122
2010/05/05,0,290000,-640000,-350000
2010/05/06,0,743000,-1086000,-343000
2010/05/07,0,249000,-391000,-142000
2010/05/10,0,272000,-182363,89637
2010/05/11,0,53000,-348000,-295000
2010/05/12,0,124000,-135000,-11000
2010/05/13,0,119102,-120000,-898
2010/05/14,0,880228,-143000,737228
2010/05/17,0,957000,-203709,753291
2010/05/18,0,0,0,0
2010/05/19,0,0,0,0
2010/05/20,0,0,0,0
2010/05/21,0,0,0,0
2010/05/24,0,0,0,0
2010/05/25,0,0,0,0
2010/05/26,0,0,0,0
2010/05/27,0,0,0,0
2010/05/28,0,0,0,0
2010/05/31,0,0,0,0
2010/06/01,0,0,0,0
2010/06/02,0,0,0,0
2010/06/03,0,0,0,0
2010/06/04,0,0,0,0
2010/06/07,0,0,0,0
2010/06/08,0,0,0,0
2010/06/09,0,0,0,0
2010/06/10,0,0,0,0
2010/06/11,0,0,0,0
2010/06/14,0,0,0,0
2010/06/15,0,0,0,0
2010/06/16,0,0,0,0
2010/06/17,0,0,0,0
2010/06/18,0,0,0,0
2010/06/21,0,0,0,0
2010/06/22,0,0,0,0
2010/06/23,0,0,0,0
2010/06/24,0,0,-123900,-123900
2010/06/25,0,34200,-119500,-85300
2010/06/28,0,3000,0,3000
2010/06/29,0,228000,0,228000
2010/06/30,0,32000,0,32000
2010/07/01,0,311000,-83000,228000
2010/07/02,0,312000,-81000,231000
2010/07/05,0,34000,-64500,-30500
2010/07/06,0,174000,-20000,154000
2010/07/07,0,15000,-26098,-11098
2010/07/08,0,51000,-265553,-214553
2010/07/09,0,10000,-52000,-42000
2010/07/12,0,55000,-80000,-25000
2010/07/13,0,8000,-21000,-13000
2010/07/14,0,104000,-265000,-161000
2010/07/15,0,10000,-2000,8000
2010/07/16,0,51000,-12000,39000
2010/07/19,0,4000,-9000,-5000
2010/07/20,0,8000,-21000,-13000
2010/07/21,0,2000,-2000,0
2010/07/22,0,31000,-8000,23000
2010/07/23,0,58000,-67000,-9000
2010/07/26,0,8000,-2000,6000
2010/07/27,0,8000,-68000,-60000
2010/07/28,0,32000,-53000,-21000
2010/07/29,0,10000,-13000,-3000
2010/07/30,0,7000,-34000,-27000
2010/08/02,0,71000,-23000,48000
2010/08/03,0,22000,-23000,-1000
2010/08/04,0,150030,-19000,131030
2010/08/05,0,4040,-111000,-106960
2010/08/06,0,26000,-2000,24000
2010/08/09,0,4000,-112000,-108000
2010/08/10,0,19000,-114000,-95000
2010/08/11,0,15030,-68000,-52970
2010/08/12,0,11000,-41000,-30000
2010/08/13,0,47000,-73000,-26000
2010/08/16,0,50250,-53000,-2750
2010/08/17,0,37000,-26000,11000
2010/08/18,0,46000,-28000,18000
2010/08/19,0,28000,-22000,6000
2010/08/20,0,3000,-21000,-18000
2010/08/23,0,16000,-20000,-4000
2010/08/24,0,7000,-42000,-35000
2010/08/25,0,43000,-53000,-10000
2010/08/26,0,38000,-7000,31000
2010/08/27,0,35000,-13000,22000
2010/08/30,0,32000,-10000,22000
2010/08/31,0,18000,-28000,-10000
2010/09/01,0,10000,-71043,-61043
2010/09/02,0,30000,-21000,9000
2010/09/03,0,11000,-13000,-2000
2010/09/06,0,39000,-48000,-9000
2010/09/07,0,12000,-18524,-6524
2010/09/08,0,13000,-12000,1000
2010/09/09,0,8000,-23000,-15000
2010/09/10,0,18000,-7000,11000
2010/09/13,0,101000,-65000,36000
2010/09/14,0,20000,-13000,7000
2010/09/15,0,29000,-30000,-1000
2010/09/16,0,6000,-7000,-1000
2010/09/17,0,66000,-21000,45000
2010/09/20,0,13000,-7000,6000
2010/09/21,0,16000,-25000,-9000
2010/09/22,0,0,0,0
2010/09/23,0,8000,-16000,-8000
2010/09/24,0,17000,0,17000
2010/09/27,0,24000,-12000,12000
2010/09/28,0,6000,-13000,-7000
2010/09/29,0,34000,-15000,19000
2010/09/30,0,9000,-10000,-1000
2010/10/01,0,11000,-1000,10000
2010/10/04,0,13000,-29000,-16000
2010/10/05,0,51000,-6000,45000
2010/10/06,0,5000,-6000,-1000
2010/10/07,0,12000,-6351,5649
2010/10/08,0,52000,-6000,46000
2010/10/11,0,12000,-2000,10000
2010/10/12,0,32000,-27000,5000
2010/10/13,0,22000,-13000,9000
2010/10/14,0,35000,-15000,20000
2010/10/15,0,41000,-31000,10000
2010/10/18,0,27000,-9000,18000
2010/10/19,0,5000,-16000,-11000
2010/10/20,0,95000,-2000,93000
2010/10/21,0,24000,-12000,12000
2010/10/22,0,71000,-67000,4000
2010/10/25,0,533000,-279000,254000
2010/10/26,0,90000,-71000,19000
2010/10/27,0,124000,-17000,107000
2010/10/28,0,211000,-136000,75000
2010/10/29,0,121000,-485300,-364300
2010/11/01,0,152000,-54004,97996
2010/11/02,0,145000,-56000,89000
2010/11/03,0,327000,-58000,269000
2010/11/04,0,102000,-127000,-25000
2010/11/05,0,57000,-53000,4000
2010/11/08,0,200000,-74000,126000
2010/11/09,0,51065,-58000,-6935
2010/11/10,0,85000,-235000,-150000
2010/11/11,0,85000,-21000,64000
2010/11/12,0,20000,-19000,1000
2010/11/15,0,60000,-31000,29000
2010/11/16,0,147000,-26000,121000
2010/11/17,0,37000,-103000,-66000
2010/11/18,0,23000,-6000,17000
2010/11/19,0,74000,-28000,46000
2010/11/22,0,28000,-85000,-57000
2010/11/23,0,22000,-62000,-40000
2010/11/24,0,336000,-61000,275000
2010/11/25,0,66000,-243000,-177000
2010/11/26,0,126000,-106000,20000
2010/11/29,0,41000,-65000,-24000
2010/11/30,0,90000,-36000,54000
2010/12/01,0,136000,-95000,41000
2010/12/02,0,158000,-90000,68000
2010/12/03,0,479000,-259000,220000
2010/12/06,0,105000,-78000,27000
2010/12/07,0,31000,-160000,-129000
2010/12/08,0,34000,-37000,-3000
2010/12/09,0,113000,-30000,83000
2010/12/10,0,75000,-33000,42000
2010/12/13,0,22000,-82000,-60000
2010/12/14,0,46000,-70989,-24989
2010/12/15,0,24000,-430000,-406000
2010/12/16,0,41000,-38000,3000
2010/12/17,0,74000,-169000,-95000
2010/12/20,0,23000,-154000,-131000
2010/12/21,0,8000,-25000,-17000
2010/12/22,0,16000,-14000,2000
2010/12/23,0,27000,-68000,-41000
2010/12/24,0,5000,-63000,-58000
2010/12/27,0,29000,-24000,5000
2010/12/28,0,18000,-63000,-45000
2010/12/29,0,29000,-46577,-17577
2010/12/30,0,12000,-68000,-56000
2010/12/31,0,30000,-16000,14000
2011/01/03,0,37000,-49000,-12000
2011/01/04,0,44000,-61000,-17000
2011/01/05,0,115000,-120000,-5000
2011/01/06,0,160000,-43000,117000
2011/01/07,0,192000,-192000,0
2011/01/10,0,138000,-6000,132000
2011/01/11,0,119000,-22000,97000
2011/01/12,0,30000,-43000,-13000
2011/01/13,0,36000,-39000,-3000
2011/01/14,0,26000,-73000,-47000
2011/01/17,0,14000,-22100,-8100
2011/01/18,0,14000,-181000,-167000
2011/01/19,0,6000,-78000,-72000
2011/01/20,0,23000,-38000,-15000
2011/01/21,0,116000,-40000,76000
2011/01/24,0,0,-199000,-199000
2011/01/25,0,159000,-38000,121000
2011/01/26,0,19000,-49000,-30000
2011/01/27,0,69000,-42000,27000
2011/01/28,0,70000,-78000,-8000
2011/01/31,0,0,0,0
2011/02/01,0,0,0,0
2011/02/02,0,0,0,0
2011/02/03,0,0,0,0
2011/02/04,0,0,0,0
2011/02/07,0,0,0,0
2011/02/08,0,15000,-96350,-81350
2011/02/09,0,31000,-75000,-44000
2011/02/10,0,58000,-129000,-71000
2011/02/11,0,269320,-88000,181320
2011/02/14,0,88000,-67320,20680
2011/02/15,0,72000,-118000,-46000
2011/02/16,0,56000,-24000,32000
2011/02/17,0,59000,-45000,14000
2011/02/18,0,69000,0,69000
2011/02/21,0,26000,-39000,-13000
2011/02/22,0,54000,-63000,-9000
2011/02/23,0,83000,-66000,17000
2011/02/24,0,293000,-56000,237000
2011/02/25,0,262000,-83000,179000
2011/02/28,0,0,0,0
2011/03/01,0,173000,-64000,109000
2011/03/02,0,92000,-90000,2000
2011/03/03,0,130000,-106000,24000
2011/03/04,0,133000,-38000,95000
2011/03/07,0,79000,-37931,41069
2011/03/08,0,55000,-47000,8000
2011/03/09,0,13000,-46000,-33000
2011/03/10,0,89000,-101000,-12000
2011/03/11,0,50000,-184000,-134000
2011/03/14,0,67000,-145000,-78000
2011/03/15,0,384000,-140000,244000
2011/03/16,0,131000,-17000,114000
2011/03/17,0,92000,-118000,-26000
2011/03/18,0,45000,-58000,-13000
2011/03/21,0,17000,-56000,-39000
2011/03/22,0,66000,-69000,-3000
2011/03/23,0,55000,-35000,20000
2011/03/24,0,128000,-7000,121000
2011/03/25,0,61000,-73000,-12000
2011/03/28,0,170000,-149000,21000
2011/03/29,0,37000,-67000,-30000
2011/03/30,0,9000,-29000,-20000
2011/03/31,0,22000,-13000,9000
2011/04/01,0,113000,-48000,65000
2011/04/04,0,0,0,0
2011/04/05,0,0,0,0
2011/04/06,0,28000,-71000,-43000
2011/04/07,0,10000,-4000,6000
2011/04/08,0,31000,-30000,1000
2011/04/11,0,21000,-14000,7000
2011/04/12,0,55000,-17000,38000
2011/04/13,0,23000,-12000,11000
2011/04/14,0,18400,-61125,-42725
2011/04/15,0,0,-69000,-69000
2011/04/18,0,7000,-22131,-15131
2011/04/19,0,5000,-18000,-13000
2011/04/20,0,34000,-55000,-21000
2011/04/21,0,86000,0,86000
2011/04/22,0,5000,-23000,-18000
2011/04/25,0,2000,-10000,-8000
2011/04/26,0,0,-11000,-11000
2011/04/27,0,96000,-50000,46000
2011/04/28,0,94000,-67000,27000
2011/04/29,0,100000,-173000,-73000
2011/05/02,0,0,0,0
2011/05/03,0,24000,-40836,-16836
2011/05/04,0,43000,-126000,-83000
2011/05/05,0,174000,-2000,172000
2011/05/06,0,54000,0,54000
2011/05/09,0,27000,-14000,13000
2011/05/10,0,159000,-62000,97000
2011/05/11,0,15000,-15190,-190
2011/05/12,0,77000,-13000,64000
2011/05/13,0,27000,-19000,8000
2011/05/16,0,50000,-41000,9000
2011/05/17,0,20000,-10000,10000
2011/05/18,0,88000,-193000,-105000
2011/05/19,0,46000,-9540,36460
2011/05/20,0,19000,-10000,9000
2011/05/23,0,37000,-12000,25000
2011/05/24,0,70000,-5000,65000
2011/05/25,0,22000,-51000,-29000
2011/05/26,0,155000,-39000,116000
2011/05/27,0,235000,-282000,-47000
2011/05/30,0,63000,-109000,-46000
2011/05/31,0,137000,-37000,100000
2011/06/01,0,103000,-184400,-81400
2011/06/02,0,146300,-309000,-162700
2011/06/03,0,237000,-141000,96000
2011/06/06,0,0,0,0
2011/06/07,0,155000,-130000,25000
2011/06/08,0,78500,-20000,58500
2011/06/09,0,68000,-40000,28000
2011/06/10,0,102000,-117000,-15000
2011/06/13,0,98000,-101560,-3560
2011/06/14,0,108000,-12000,96000
2011/06/15,0,90000,-119240,-29240
2011/06/16,0,79000,-27000,52000
2011/06/17,0,171000,-102000,69000
2011/06/20,0,87000,-59000,28000
2011/06/21,0,239000,-25000,214000
2011/06/22,0,192000,-116000,76000
2011/06/23,0,117460,-127000,-9540
2011/06/24,0,84260,-92000,-7740
2011/06/27,0,48000,-18020,29980
2011/06/28,0,34000,-49040,-15040
2011/06/29,0,278000,-126000,152000
2011/06/30,0,74090,-89000,-14910
2011/07/01,0,150000,-107000,43000
2011/07/04,0,140000,-115000,25000
2011/07/05,0,33000,-247000,-214000
2011/07/06,0,109000,-203000,-94000
2011/07/07,0,132280,-37000,95280
2011/07/08,0,35600,-60000,-24400
2011/07/11,0,88000,-139170,-51170
2011/07/12,0,73250,-176000,-102750
2011/07/13,0,124300,-51000,73300
2011/07/14,0,97000,-186300,-89300
2011/07/15,0,208000,-32470,175530
2011/07/18,0,60000,-70930,-10930
2011/07/19,0,76004,-13000,63004
2011/07/20,0,200760,-39000,161760
2011/07/21,0,38000,-69000,-31000
2011/07/22,0,152000,-56000,96000
2011/07/25,0,36000,-69400,-33400
2011/07/26,0,254350,-38733,215617
2011/07/27,0,184000,-20000,164000
2011/07/28,0,1966000,-58000,1908000
2011/07/29,0,114000,-2028950,-1914950
2011/08/01,0,115000,-386000,-271000
2011/08/02,0,106000,-242000,-136000
2011/08/03,0,196700,-119000,77700
2011/08/04,0,210000,-83000,127000
2011/08/05,0,291640,-241000,50640
2011/08/08,0,406000,-169000,237000
2011/08/09,0,689600,-190000,499600
2011/08/10,0,180000,-146000,34000
2011/08/11,0,283000,-253000,30000
2011/08/12,0,73000,-326000,-253000
2011/08/15,0,266000,-67000,199000
2011/08/16,0,162000,-172000,-10000
2011/08/17,0,150380,-207000,-56620
2011/08/18,0,103000,-42000,61000
2011/08/19,0,208000,-297000,-89000
2011/08/22,0,227000,-165000,62000
2011/08/23,0,193000,-64000,129000
2011/08/24,0,113000,-76000,37000
2011/08/25,0,254000,-124000,130000
2011/08/26,0,182000,-267000,-85000
2011/08/29,0,119000,-97000,22000
2011/08/30,0,80000,-66038,13962
2011/08/31,0,191000,-80000,111000
2011/09/01,0,135000,-375000,-240000
2011/09/02,0,38000,-95077,-57077
2011/09/05,0,46000,-93660,-47660
2011/09/06,0,112000,-154200,-42200
2011/09/07,0,160000,-120160,39840
2011/09/08,0,219000,-139000,80000
2011/09/09,0,84000,-50480,33520
2011/09/12,0,0,0,0
2011/09/13,0,185000,-377000,-192000
2011/09/14,0,190000,-196600,-6600
2011/09/15,0,327000,-129000,198000
2011/09/16,0,85000,-68200,16800
2011/09/19,0,35000,-50000,-15000
2011/09/20,0,92000,-84000,8000
2011/09/21,0,91000,-76300,14700
2011/09/22,0,75000,-112000,-37000
2011/09/23,0,262000,-258200,3800
2011/09/26,0,181000,-114000,67000
2011/09/27,0,168000,-48000,120000
2011/09/28,0,46000,-84000,-38000
2011/09/29,0,46000,-131000,-85000
2011/09/30,0,27000,-303450,-276450
2011/10/03,0,35000,-167500,-132500
2011/10/04,0,128000,-158000,-30000
2011/10/05,0,137000,-15600,121400
2011/10/06,0,71000,-129208,-58208
2011/10/07,0,146000,-40000,106000
2011/10/10,0,0,0,0
2011/10/11,0,243500,-86000,157500
2011/10/12,0,108000,-36000,72000
2011/10/13,0,54000,-65000,-11000
2011/10/14,0,24000,-142000,-118000
2011/10/17,0,136000,-16000,120000
2011/10/18,0,13000,-32146,-19146
2011/10/19,0,37000,-119000,-82000
2011/10/20,0,27000,-131000,-104000
2011/10/21,0,73000,-20000,53000
2011/10/24,0,50000,-66000,-16000
2011/10/25,0,97000,-7000,90000
2011/10/26,0,67000,-31000,36000
2011/10/27,0,101000,-7000,94000
2011/10/28,0,70000,-60000,10000
2011/10/31,0,23000,-72702,-49702
2011/11/01,0,172000,-29000,143000
2011/11/02,0,131000,-81000,50000
2011/11/03,0,102305,-21000,81305
2011/11/04,0,140000,-48000,92000
2011/11/07,0,35000,-20000,15000
2011/11/08,0,59000,-29000,30000
2011/11/09,0,32000,-35000,-3000
2011/11/10,0,69000,-167000,-98000
2011/11/11,0,27000,-58000,-31000
2011/11/14,0,15000,-25000,-10000
2011/11/15,0,75000,-5000,70000
2011/11/16,0,130000,-178000,-48000
2011/11/17,0,61000,-201000,-140000
2011/11/18,0,98000,-28000,70000
2011/11/21,0,119000,-60000,59000
2011/11/22,0,168000,-320000,-152000
2011/11/23,0,230000,-52000,178000
2011/11/24,0,124000,-25000,99000
2011/11/25,0,112000,-149000,-37000
2011/11/28,0,51000,-59000,-8000
2011/11/29,0,59000,-53000,6000
2011/11/30,0,35000,-43000,-8000
2011/12/01,0,89000,-17000,72000
2011/12/02,0,38000,-22000,16000
2011/12/05,0,36000,-6000,30000
2011/12/06,0,63000,-42000,21000
2011/12/07,0,31220,-101000,-69780
2011/12/08,0,3000,-55000,-52000
2011/12/09,0,79000,-192000,-113000
2011/12/12,0,151000,-22000,129000
2011/12/13,0,149000,-68100,80900
2011/12/14,0,23000,-34000,-11000
2011/12/15,0,34000,-26000,8000
2011/12/16,0,52000,-57000,-5000
2011/12/19,0,87000,-48000,39000
2011/12/20,0,30000,-130000,-100000
2011/12/21,0,158000,-61000,97000
2011/12/22,0,62000,-73000,-11000
2011/12/23,0,32000,-31000,1000
2011/12/26,0,8000,-29000,-21000
2011/12/27,0,38000,-27000,11000
2011/12/28,0,31000,-31000,0
2011/12/29,0,46000,-9000,37000
2011/12/30,0,12000,-38000,-26000
2012/01/02,0,18000,-32000,-14000
2012/01/03,0,40000,-41000,-1000
2012/01/04,0,35000,-6000,29000
2012/01/05,0,141000,-12000,129000
2012/01/06,0,143000,-43000,100000
2012/01/09,0,31000,-50000,-19000
2012/01/10,0,115000,-105000,10000
2012/01/11,0,15000,-41000,-26000
2012/01/12,0,20000,-25000,-5000
2012/01/13,0,20000,-21000,-1000
2012/01/16,0,77000,-94893,-17893
2012/01/17,0,60500,-56000,4500
2012/01/18,0,94000,-35000,59000
2012/01/19,0,0,0,0
2012/01/20,0,0,0,0
2012/01/23,0,0,0,0
2012/01/24,0,0,0,0
2012/01/25,0,0,0,0
2012/01/26,0,0,0,0
2012/01/27,0,0,0,0
2012/01/30,0,15000,-63000,-48000
2012/01/31,0,17000,-68000,-51000
2012/02/01,0,141000,-55000,86000
2012/02/02,0,206600,-126000,80600
2012/02/03,0,406000,-104000,302000
2012/02/06,0,50000,-92000,-42000
2012/02/07,0,98000,-28000,70000
2012/02/08,0,173000,-175000,-2000
2012/02/09,0,65000,-302000,-237000
2012/02/10,0,66000,-182000,-116000
2012/02/13,0,25000,-113000,-88000
2012/02/14,0,49000,-115000,-66000
2012/02/15,0,63000,-166000,-103000
2012/02/16,0,60000,-167000,-107000
2012/02/17,0,231000,-60000,171000
2012/02/20,0,66500,-237000,-170500
2012/02/21,0,231000,-324240,-93240
2012/02/22,0,192000,-185000,7000
2012/02/23,0,48000,-209000,-161000
2012/02/24,0,42000,-245000,-203000
2012/02/27,0,0,0,0
2012/02/28,0,0,0,0
2012/02/29,0,70000,-118000,-48000
2012/03/01,0,388006,-124420,263586
2012/03/02,0,69000,-119000,-50000
2012/03/05,0,112000,-168000,-56000
2012/03/06,0,220000,-100000,120000
2012/03/07,0,297500,-59000,238500
2012/03/08,0,74000,-214000,-140000
2012/03/09,0,270000,-115000,155000
2012/03/12,0,49000,-287126,-238126
2012/03/13,0,210000,-77000,133000
2012/03/14,0,211000,-170000,41000
2012/03/15,0,96000,-387000,-291000
2012/03/16,0,28000,-152100,-124100
2012/03/19,0,16000,-273000,-257000
2012/03/20,0,21000,-100000,-79000
2012/03/21,0,42000,-69000,-27000
2012/03/22,0,65000,-32000,33000
2012/03/23,0,13397,-28000,-14603
2012/03/26,0,34003,-85740,-51737
2012/03/27,0,15000,-69000,-54000
2012/03/28,0,16000,-72000,-56000
2012/03/29,0,132000,-81533,50467
2012/03/30,0,45000,-108000,-63000
2012/04/02,0,10000,-35000,-25000
2012/04/03,0,16000,-58000,-42000
2012/04/04,0,0,0,0
2012/04/05,0,84000,-84000,0
2012/04/06,0,31000,-70000,-39000
2012/04/09,0,36000,-8000,28000
2012/04/10,0,11000,-14000,-3000
2012/04/11,0,30000,-2000,28000
2012/04/12,0,4000,-7400,-3400
2012/04/13,0,80000,-68000,12000
2012/04/16,0,10000,-42260,-32260
2012/04/17,0,11000,-25000,-14000
2012/04/18,0,78000,-66000,12000
2012/04/19,0,26000,-59000,-33000
2012/04/20,0,41000,-35000,6000
2012/04/23,0,51000,-95000,-44000
2012/04/24,0,11000,-13000,-2000
2012/04/25,0,68000,-55000,13000
2012/04/26,0,384002,-125000,259002
2012/04/27,0,153000,-82000,71000
2012/04/30,0,111000,-269000,-158000
2012/05/01,0,0,0,0
2012/05/02,0,306000,-207000,99000
2012/05/03,0,128000,-146000,-18000
2012/05/04,0,172000,-146000,26000
2012/05/07,0,155000,-27768,127232
2012/05/08,0,146000,-58275,87725
2012/05/09,0,78000,-182000,-104000
2012/05/10,0,98000,-15000,83000
2012/05/11,0,169000,-75000,94000
2012/05/14,0,56000,-99000,-43000
2012/05/15,0,181400,-92000,89400
2012/05/16,0,240000,-200000,40000
2012/05/17,0,47000,-188000,-141000
2012/05/18,0,214000,-133000,81000
2012/05/21,0,125000,-124000,1000
2012/05/22,0,57000,-68000,-11000
2012/05/23,0,296000,-217000,79000
2012/05/24,0,152000,-221000,-69000
2012/05/25,0,64000,-156000,-92000
2012/05/28,0,22000,-72000,-50000
2012/05/29,0,207000,-85000,122000
2012/05/30,0,165000,-175000,-10000
2012/05/31,0,110000,-138000,-28000
2012/06/01,0,96000,-44000,52000
2012/06/04,0,130000,-102000,28000
2012/06/05,0,104000,-96400,7600
2012/06/06,0,20000,-108000,-88000
2012/06/07,0,49000,-55000,-6000
2012/06/08,0,29000,-36000,-7000
2012/06/11,0,61000,-108000,-47000
2012/06/12,0,107000,-47000,60000
2012/06/13,0,29000,-63000,-34000
2012/06/14,0,20000,-16000,4000
2012/06/15,0,152000,-16000,136000
2012/06/18,0,51000,-59000,-8000
2012/06/19,0,46000,-26000,20000
2012/06/20,0,40000,-78000,-38000
2012/06/21,0,55000,-30000,25000
2012/06/22,0,135000,-27000,108000
2012/06/25,0,77000,-47000,30000
2012/06/26,0,45000,-36000,9000
2012/06/27,0,109000,-62000,47000
2012/06/28,0,90000,-149000,-59000
2012/06/29,0,124000,-48000,76000
2012/07/02,0,255000,-62000,193000
2012/07/03,0,157000,-41000,116000
2012/07/04,0,226000,-133000,93000
2012/07/05,0,149000,-36000,113000
2012/07/06,0,161500,-103000,58500
2012/07/09,0,146000,-164000,-18000
2012/07/10,0,297000,-402000,-105000
2012/07/11,0,127000,-33000,94000
2012/07/12,0,38000,-118500,-80500
2012/07/13,0,93000,-42000,51000
2012/07/16,0,90000,-31902,58098
2012/07/17,0,89000,-76000,13000
2012/07/18,0,97000,-177000,-80000
2012/07/19,0,128000,-47000,81000
2012/07/20,0,125000,-129000,-4000
2012/07/23,0,41000,-127000,-86000
2012/07/24,0,126000,-26000,100000
2012/07/25,0,113000,-54000,59000
2012/07/26,0,39000,-179000,-140000
2012/07/27,0,62000,-257000,-195000
2012/07/30,0,25000,-60000,-35000
2012/07/31,0,109000,-35000,74000
2012/08/01,0,69000,-84000,-15000
2012/08/02,0,0,0,0
2012/08/03,0,56000,-81000,-25000
2012/08/06,0,90000,-97000,-7000
2012/08/07,0,813000,-16000,797000
2012/08/08,0,207000,-842000,-635000
2012/08/09,0,208000,-57000,151000
2012/08/10,0,215000,-171000,44000
2012/08/13,0,160000,-154000,6000
2012/08/14,0,173000,-160000,13000
2012/08/15,0,39000,-161000,-122000
2012/08/16,0,70000,-89000,-19000
2012/08/17,0,54000,-47000,7000
2012/08/20,0,337000,-44000,293000
2012/08/21,0,187000,-23000,164000
2012/08/22,0,9000,-102000,-93000
2012/08/23,0,76000,-461000,-385000
2012/08/24,0,151000,-173000,-22000
2012/08/27,0,24000,-215000,-191000
2012/08/28,0,51000,-69000,-18000
2012/08/29,0,76000,-42000,34000
2012/08/30,0,126000,-87000,39000
2012/08/31,0,214000,-138000,76000
2012/09/03,0,89000,-46000,43000
2012/09/04,0,128000,-98000,30000
2012/09/05,0,122000,-26000,96000
2012/09/06,0,70000,-97000,-27000
2012/09/07,0,103000,-192000,-89000
2012/09/10,0,49000,-58000,-9000
2012/09/11,0,111000,-46000,65000
2012/09/12,0,167000,-223000,-56000
2012/09/13,0,179000,-93000,86000
2012/09/14,0,114000,-82000,32000
2012/09/17,0,49000,-151000,-102000
2012/09/18,0,72000,-84000,-12000
2012/09/19,0,84000,-63000,21000
2012/09/20,0,44000,-130000,-86000
2012/09/21,0,106000,-251000,-145000
2012/09/24,0,87000,-142000,-55000
2012/09/25,0,107000,-147000,-40000
2012/09/26,0,88000,-124000,-36000
2012/09/27,0,134000,-51000,83000
2012/09/28,0,67000,-165116,-98116
2012/10/01,0,20000,-91000,-71000
2012/10/02,0,70000,-16000,54000
2012/10/03,0,94000,-53000,41000
2012/10/04,0,51000,-131000,-80000
2012/10/05,0,25000,-70000,-45000
2012/10/08,0,39000,-87000,-48000
2012/10/09,0,110000,-50000,60000
2012/10/10,0,0,0,0
2012/10/11,0,83000,-144000,-61000
2012/10/12,0,29000,-144079,-115079
2012/10/15,0,67000,-222000,-155000
2012/10/16,0,16000,-78000,-62000
2012/10/17,0,78000,-82000,-4000
2012/10/18,0,38000,-82000,-44000
2012/10/19,0,37000,-68000,-31000
2012/10/22,0,36000,-29000,7000
2012/10/23,0,4000,-71000,-67000
2012/10/24,0,76000,-21000,55000
2012/10/25,0,170000,-39000,131000
2012/10/26,0,23000,-172000,-149000
2012/10/29,0,77000,-32000,45000
2012/10/30,0,267000,-70000,197000
2012/10/31,0,193000,-263000,-70000
2012/11/01,0,49000,-69000,-20000
2012/11/02,0,74000,-54000,20000
2012/11/05,0,23000,-17000,6000
2012/11/06,0,78000,-22000,56000
2012/11/07,0,29000,-17000,12000
2012/11/08,0,32000,-59000,-27000
2012/11/09,0,251000,-120000,131000
2012/11/12,0,35000,-116000,-81000
2012/11/13,0,11000,-125000,-114000
2012/11/14,0,55000,-48000,7000
2012/11/15,0,84000,-13000,71000
2012/11/16,0,5000,-62000,-57000
2012/11/19,0,47000,-7000,40000
2012/11/20,0,0,-26000,-26000
2012/11/21,0,67000,-96000,-29000
2012/11/22,0,78000,-42000,36000
2012/11/23,0,145000,-92000,53000
2012/11/26,0,74000,-84000,-10000
2012/11/27,0,210000,-69000,141000
2012/11/28,0,64000,-96000,-32000
2012/11/29,0,107000,-25000,82000
2012/11/30,0,448000,-109000,339000
2012/12/03,0,35000,-182000,-147000
2012/12/04,0,729000,-10000,719000
2012/12/05,0,136000,-123000,13000
2012/12/06,0,180000,-388000,-208000
2012/12/07,0,198000,-97000,101000
2012/12/10,0,58000,-27000,31000
2012/12/11,0,69000,-303000,-234000
2012/12/12,0,256000,-148000,108000
2012/12/13,0,733000,-121000,612000
2012/12/14,0,166000,-391000,-225000
2012/12/17,0,134999,-217000,-82001
2012/12/18,0,96000,-139000,-43000
2012/12/19,0,178000,-152709,25291
2012/12/20,0,70000,-103000,-33000
2012/12/21,0,102000,-68000,34000
2012/12/24,0,62000,-35000,27000
2012/12/25,0,54000,-80000,-26000
2012/12/26,0,91000,-133000,-42000
2012/12/27,0,59000,-51000,8000
2012/12/28,0,18000,-373000,-355000
2012/12/31,0,0,0,0
2013/01/01,0,0,0,0
2013/01/02,0,21000,-89000,-68000
2013/01/03,0,11375,-65000,-53625
2013/01/04,0,77000,-79000,-2000
2013/01/07,0,61000,-42000,19000
2013/01/08,0,186000,-10000,176000
2013/01/09,0,46000,-223000,-177000
2013/01/10,0,125000,-154000,-29000
2013/01/11,0,70000,-126000,-56000
2013/01/14,0,31000,-55000,-24000
2013/01/15,0,31000,-63000,-32000
2013/01/16,0,51000,-137000,-86000
2013/01/17,0,26000,-69000,-43000
2013/01/18,0,53000,-25000,28000
2013/01/21,0,55000,-41000,14000
2013/01/22,0,22000,-98000,-76000
2013/01/23,0,21000,-11000,10000
2013/01/24,0,8000,-60000,-52000
2013/01/25,0,23000,-27000,-4000
2013/01/28,0,42000,-50000,-8000
2013/01/29,0,12000,-34000,-22000
2013/01/30,0,101000,-33000,68000
2013/01/31,0,9000,-39000,-30000
2013/02/01,0,28000,-26000,2000
2013/02/04,0,29000,-34000,-5000
2013/02/05,0,51000,-72000,-21000
2013/02/06,0,89000,-176000,-87000
2013/02/07,0,0,0,0
2013/02/08,0,0,0,0
2013/02/11,0,0,0,0
2013/02/12,0,0,0,0
2013/02/13,0,0,0,0
2013/02/14,0,0,0,0
2013/02/15,0,0,0,0
2013/02/18,0,92000,-113000,-21000
2013/02/19,0,47000,-117000,-70000
2013/02/20,0,73000,-111000,-38000
2013/02/21,0,25000,-212000,-187000
2013/02/22,0,34001,-75000,-40999
2013/02/25,0,49000,-29000,20000
2013/02/26,0,55000,-18000,37000
2013/02/27,0,134000,-86000,48000
2013/02/28,0,0,0,0
2013/03/01,0,66000,-166000,-100000
2013/03/04,0,76000,-105000,-29000
2013/03/05,0,89000,-148000,-59000
2013/03/06,0,85000,-109000,-24000
2013/03/07,0,296000,-39000,257000
2013/03/08,0,154000,-83000,71000
2013/03/11,0,289000,-48000,241000
2013/03/12,0,184000,-127000,57000
2013/03/13,0,76000,-226000,-150000
2013/03/14,0,79000,-91000,-12000
2013/03/15,0,39000,-114000,-75000
2013/03/18,0,114000,-71000,43000
2013/03/19,0,81000,-148000,-67000
2013/03/20,0,91000,-156000,-65000
2013/03/21,0,23000,-103000,-80000
2013/03/22,0,72000,-84000,-12000
2013/03/25,0,60000,-22000,38000
2013/03/26,0,184000,-51000,133000
2013/03/27,0,72997,-94000,-21003
2013/03/28,0,100000,-169000,-69000
2013/03/29,0,47000,-26000,21000
2013/04/01,0,23000,-24000,-1000
2013/04/02,0,133000,-16000,117000
2013/04/03,0,36000,-88000,-52000
2013/04/04,0,0,0,0
2013/04/05,0,0,0,0
2013/04/08,0,185000,-167000,18000
2013/04/09,0,49000,-117000,-68000
2013/04/10,0,36000,-21000,15000
2013/04/11,0,60000,-134000,-74000
2013/04/12,0,286000,-147000,139000
2013/04/15,0,565000,-97000,468000
2013/04/16,0,219000,-238000,-19000
2013/04/17,0,83000,-439000,-356000
2013/04/18,0,30000,-41000,-11000
2013/04/19,0,197000,-149000,48000
2013/04/22,0,22000,-88000,-66000
2013/04/23,0,28000,-178000,-150000
2013/04/24,0,41000,-63000,-22000
2013/04/25,0,29000,-27000,2000
2013/04/26,0,78000,-53000,25000
2013/04/29,0,81000,-54000,27000
2013/04/30,0,232000,-157000,75000
2013/05/01,0,0,0,0
2013/05/02,0,27000,-65000,-38000
2013/05/03,0,179000,-69000,110000
2013/05/06,0,364997,-180000,184997
2013/05/07,0,70004,-360000,-289996
2013/05/08,0,117000,-72000,45000
2013/05/09,0,14998,-54000,-39002
2013/05/10,0,31000,-17000,14000
2013/05/13,0,23000,-125000,-102000
2013/05/14,0,18000,-115000,-97000
2013/05/15,0,89000,-29000,60000
2013/05/16,0,140996,-49000,91996
2013/05/17,0,44000,-93000,-49000
2013/05/20,0,48000,-14000,34000
2013/05/21,0,31000,-60000,-29000
2013/05/22,0,92000,-36000,56000
2013/05/23,0,25000,-112000,-87000
2013/05/24,0,45000,-85000,-40000
2013/05/27,0,22000,-18000,4000
2013/05/28,0,39000,-21000,18000
2013/05/29,0,53000,-40000,13000
2013/05/30,0,38000,-67000,-29000
2013/05/31,0,68000,-260041,-192041
2013/06/03,0,201000,-66992,134008
2013/06/04,0,61000,-106000,-45000
2013/06/05,0,64000,-16000,48000
2013/06/06,0,34000,-19000,15000
2013/06/07,0,109000,-195000,-86000
2013/06/10,0,215000,-66000,149000
2013/06/11,0,126000,-119000,7000
2013/06/12,0,0,0,0
2013/06/13,0,256000,-267001,-11001
2013/06/14,0,136000,-145000,-9000
2013/06/17,0,165000,-41000,124000
2013/06/18,0,249000,-165000,84000
2013/06/19,0,83000,-149000,-66000
2013/06/20,0,26000,-90000,-64000
2013/06/21,0,311000,-92000,219000
2013/06/24,0,76000,-113000,-37000
2013/06/25,0,150000,-130000,20000
2013/06/26,0,86000,-276000,-190000
2013/06/27,0,185000,-302000,-117000
2013/06/28,0,727000,-43000,684000
2013/07/01,0,1202000,-169000,1033000
2013/07/02,0,304000,-962996,-658996
2013/07/03,0,84000,-251998,-167998
2013/07/04,0,65000,-119000,-54000
2013/07/05,0,103000,-59000,44000
2013/07/08,0,27000,-146994,-119994
2013/07/09,0,40000,-22000,18000
2013/07/10,0,195000,-26000,169000
2013/07/11,0,410000,-21000,389000
2013/07/12,0,57000,-103000,-46000
2013/07/15,0,105000,-225000,-120000
2013/07/16,0,243000,-350000,-107000
2013/07/17,0,87000,-277000,-190000
2013/07/18,0,44000,-394000,-350000
2013/07/19,0,181000,-212000,-31000
2013/07/22,0,97000,-52000,45000
2013/07/23,0,204000,-60000,144000
2013/07/24,0,42000,-186000,-144000
2013/07/25,0,29000,-69000,-40000
2013/07/26,0,13000,-70000,-57000
2013/07/29,0,62000,-198599,-136599
2013/07/30,0,94000,-15000,79000
2013/07/31,0,89000,-158000,-69000
2013/08/01,0,231000,-344000,-113000
2013/08/02,0,282000,-63000,219000
2013/08/05,0,169000,-96000,73000
2013/08/06,0,367000,-28000,339000
2013/08/07,0,705000,-97996,607004
2013/08/08,0,42000,-690000,-648000
2013/08/09,0,109000,-164000,-55000
2013/08/12,0,319000,-106000,213000
2013/08/13,0,85000,-172000,-87000
2013/08/14,0,7000,-112000,-105000
2013/08/15,0,311000,-128000,183000
2013/08/16,0,35000,-156000,-121000
2013/08/19,0,27000,-152997,-125997
2013/08/20,0,7000,-89000,-82000
2013/08/21,0,0,0,0
2013/08/22,0,90000,-162000,-72000
2013/08/23,0,40000,-72000,-32000
2013/08/26,0,21000,-34000,-13000
2013/08/27,0,1000,-50000,-49000
2013/08/28,0,68000,-45000,23000
2013/08/29,0,99999,-31000,68999
2013/08/30,0,48000,-25000,23000
2013/09/02,0,51000,-18000,33000
2013/09/03,0,60000,-51000,9000
2013/09/04,0,44000,-23000,21000
2013/09/05,0,309000,-34000,275000
2013/09/06,0,56000,-76000,-20000
2013/09/09,0,21000,-155000,-134000
2013/09/10,0,66000,-73000,-7000
2013/09/11,0,64000,-88000,-24000
2013/09/12,0,16000,-56000,-40000
2013/09/13,0,17000,-22000,-5000
2013/09/16,0,10000,-22000,-12000
2013/09/17,0,37000,-53000,-16000
2013/09/18,0,90000,-109000,-19000
2013/09/19,0,0,0,0
2013/09/20,0,0,0,0
2013/09/23,0,79000,-25000,54000
2013/09/24,0,89000,-79000,10000
2013/09/25,0,60000,-35000,25000
2013/09/26,0,65000,-179000,-114000
2013/09/27,0,91000,-32000,59000
2013/09/30,0,88000,-52000,36000
2013/10/01,0,60000,-46000,14000
2013/10/02,0,127000,-160000,-33000
2013/10/03,0,114000,-60000,54000
2013/10/04,0,153000,-13000,140000
2013/10/07,0,22000,-100773,-78773
2013/10/08,0,25000,-33000,-8000
2013/10/09,0,23000,-13000,10000
2013/10/10,0,0,0,0
2013/10/11,0,156000,-507000,-351000
2013/10/14,0,98000,-337000,-239000
2013/10/15,0,311000,-43000,268000
2013/10/16,0,40000,-54000,-14000
2013/10/17,0,399000,-67000,332000
2013/10/18,0,150000,-158000,-8000
2013/10/21,0,20000,-297000,-277000
2013/10/22,0,128000,-152000,-24000
2013/10/23,0,180994,-329055,-148061
2013/10/24,0,294000,-217000,77000
2013/10/25,0,134000,-95000,39000
2013/10/28,0,42000,-144000,-102000
2013/10/29,0,41000,-52000,-11000
2013/10/30,0,15000,-20000,-5000
2013/10/31,0,52000,-52000,0
2013/11/01,0,883000,-36000,847000
2013/11/04,0,154000,-616000,-462000
2013/11/05,0,82000,-90000,-8000
2013/11/06,0,156000,-64000,92000
2013/11/07,0,159000,-249997,-90997
2013/11/08,0,174000,-111000,63000
2013/11/11,0,177000,-139000,38000
2013/11/12,0,151000,-77000,74000
2013/11/13,0,245000,-150000,95000
2013/11/14,0,199000,-150000,49000
2013/11/15,0,109000,-160000,-51000
2013/11/18,0,389000,-187000,202000
2013/11/19,0,185000,-195000,-10000
2013/11/20,0,241000,-181000,60000
2013/11/21,0,108000,-302000,-194000
2013/11/22,0,341000,-222000,119000
2013/11/25,0,247000,-391000,-144000
2013/11/26,0,111000,-116000,-5000
2013/11/27,0,426000,-101000,325000
2013/11/28,0,46000,-296000,-250000
2013/11/29,0,213000,-339000,-126000
2013/12/02,0,4000,-132000,-128000
2013/12/03,0,369989,-299000,70989
2013/12/04,0,220000,-242000,-22000
2013/12/05,0,91000,-227000,-136000
2013/12/06,0,80000,-169000,-89000
2013/12/09,0,119000,-105000,14000
2013/12/10,0,77000,-111000,-34000
2013/12/11,0,54000,-93000,-39000
2013/12/12,0,22000,-35000,-13000
2013/12/13,0,162000,-94000,68000
2013/12/16,0,148000,-117000,31000
2013/12/17,0,572000,-165000,407000
2013/12/18,0,206000,-520000,-314000
2013/12/19,0,97000,-105000,-8000
2013/12/20,0,144253,-131000,13253
2013/12/23,0,179000,-171000,8000
2013/12/24,0,171000,-120000,51000
2013/12/25,0,88000,-34000,54000
2013/12/26,0,148000,-116000,32000
2013/12/27,0,135000,-90000,45000
2013/12/30,0,320000,-263000,57000
2013/12/31,0,451000,-332000,119000
2014/01/02,0,116000,-156000,-40000
2014/01/03,0,219000,-238000,-19000
2014/01/06,0,149000,-96000,53000
2014/01/07,0,116000,-81000,35000
2014/01/08,0,709000,-269000,440000
2014/01/09,0,329000,-579000,-250000
2014/01/10,0,137000,-306000,-169000
2014/01/13,0,757000,-734000,23000
2014/01/14,0,340000,-594000,-254000
2014/01/15,0,226998,-139000,87998
2014/01/16,0,101000,-100000,1000
2014/01/17,0,136000,-124000,12000
2014/01/20,0,98000,-80208,17792
2014/01/21,0,129000,-126000,3000
2014/01/22,0,367000,-330000,37000
2014/01/23,0,80000,-520000,-440000
2014/01/24,0,147000,-99000,48000
2014/01/27,0,103000,-198000,-95000
2014/02/05,0,207000,-292000,-85000
2014/02/06,0,124000,-43000,81000
2014/02/07,0,80000,-108000,-28000
2014/02/10,0,671000,-304000,367000
2014/02/11,0,227000,-100000,127000
2014/02/12,0,262000,-429000,-167000
2014/02/13,0,120000,-207000,-87000
2014/02/14,0,181000,-114000,67000
2014/02/17,0,128074,-266000,-137926
2014/02/18,0,174000,-265000,-91000
2014/02/19,0,172000,-287000,-115000
2014/02/20,0,97000,-13000,84000
2014/02/21,0,116000,-71000,45000
2014/02/24,0,22000,-52000,-30000
2014/02/25,0,118000,-39000,79000
2014/02/26,0,144000,-30000,114000
2014/02/27,0,82000,-13000,69000
2014/03/03,0,143000,-125000,18000
2014/03/04,0,187000,-21000,166000
2014/03/05,0,158000,-48000,110000
2014/03/06,0,90000,-36000,54000
2014/03/07,0,232000,-198000,34000
2014/03/10,0,93000,-49000,44000
2014/03/11,0,347000,-126000,221000
2014/03/12,0,70000,-169000,-99000
2014/03/13,0,124000,-148000,-24000
2014/03/14,0,61000,-109000,-48000
2014/03/17,0,53000,-98000,-45000
2014/03/18,0,340000,-194000,146000
2014/03/19,0,164000,-283944,-119944
2014/03/20,0,224000,-234000,-10000
2014/03/21,0,226000,-225000,1000
2014/03/24,0,246000,-132000,114000
2014/03/25,0,117000,-199000,-82000
2014/03/26,0,69000,-104000,-35000
2014/03/27,0,130000,-135000,-5000
2014/03/28,0,171000,-206000,-35000
2014/03/31,0,164000,-204000,-40000
2014/04/01,0,123000,-420000,-297000
2014/04/02,0,43000,-348000,-305000
2014/04/03,0,205000,-151000,54000
2014/04/07,0,146000,-140000,6000
2014/04/08,0,106000,-111000,-5000
2014/04/09,0,125800,-47000,78800
2014/04/10,0,91200,-49000,42200
2014/04/11,0,60000,-161000,-101000
2014/04/14,0,31000,-83000,-52000
2014/04/15,0,41000,-31000,10000
2014/04/16,0,120000,-189000,-69000
2014/04/17,0,122000,-186346,-64346
2014/04/18,0,130000,-103000,27000
2014/04/21,0,119000,-78000,41000
2014/04/22,0,711000,-142000,569000
2014/04/23,0,432996,-317000,115996
2014/04/24,0,60000,-351000,-291000
2014/04/25,0,148000,-378000,-230000
2014/04/28,0,97000,-29000,68000
2014/04/29,0,192000,-658000,-466000
2014/04/30,0,270000,-567000,-297000
2014/05/02,0,332996,-185000,147996
2014/05/05,0,809035,-105000,704035
2014/05/06,0,1129995,-302000,827995
2014/05/07,0,932000,-377678,554322
2014/05/08,0,122000,-343782,-221782
2014/05/09,0,771000,-1219000,-448000
2014/05/12,0,657000,-370000,287000
2014/05/13,0,89000,-396000,-307000
2014/05/14,0,184294,-247000,-62706
2014/05/15,0,189000,-388000,-199000
2014/05/16,0,93000,-409000,-316000
2014/05/19,0,32000,-28000,4000
2014/05/20,0,57000,-208000,-151000
2014/05/21,0,57000,-197000,-140000
2014/05/22,0,120000,-177000,-57000
2014/05/23,0,12000,-166000,-154000
2014/05/26,0,176000,-37000,139000
2014/05/27,0,23000,-36000,-13000
2014/05/28,0,199000,-136000,63000
2014/05/29,0,49000,-91000,-42000
2014/05/30,0,64000,-244000,-180000
2014/06/03,0,54000,-139000,-85000
2014/06/04,0,12000,-70000,-58000
2014/06/05,0,51000,-86000,-35000
2014/06/06,0,78000,-73000,5000
2014/06/09,0,12000,-71000,-59000
2014/06/10,0,47000,-130000,-83000
2014/06/11,0,46000,-42000,4000
2014/06/12,0,5000,-47000,-42000
2014/06/13,0,37000,-85000,-48000
2014/06/16,0,43000,-9000,34000
2014/06/17,0,54000,-38000,16000
2014/06/18,0,142000,-84000,58000
2014/06/19,0,18000,-40000,-22000
2014/06/20,0,6000,-89000,-83000
2014/06/23,0,1000,-82000,-81000
2014/06/24,0,11000,-7000,4000
2014/06/25,0,53000,-120000,-67000
2014/06/26,0,44000,-8000,36000
2014/06/27,0,69000,-20000,49000
2014/06/30,0,184000,-93000,91000
2014/07/01,0,61000,-103000,-42000
2014/07/02,0,121000,-83000,38000
2014/07/03,0,458000,-428000,30000
2014/07/04,0,310000,-309000,1000
2014/07/07,0,79000,-228000,-149000
2014/07/08,0,858000,-165000,693000
2014/07/09,0,120000,-375000,-255000
2014/07/10,0,87000,-66000,21000
2014/07/11,0,27000,-29000,-2000
2014/07/14,0,57000,-28000,29000
2014/07/15,0,10000,-23000,-13000
2014/07/16,0,32000,-60000,-28000
2014/07/17,0,78000,-522000,-444000
2014/07/18,0,142000,-36000,106000
2014/07/21,0,148000,-84000,64000
2014/07/22,0,278000,-206000,72000
2014/07/23,0,0,0,0
2014/07/24,0,204000,-165000,39000
2014/07/25,0,239000,-332000,-93000
2014/07/28,0,145000,-29000,116000
2014/07/29,0,276000,-101000,175000
2014/07/30,0,39000,-94000,-55000
2014/07/31,0,150000,-205000,-55000
2014/08/01,0,31000,-81000,-50000
2014/08/04,0,114000,-70000,44000
2014/08/05,0,61000,-517999,-456999
2014/08/06,0,244000,-205000,39000
2014/08/07,0,196000,-56000,140000
2014/08/08,0,209000,-46000,163000
2014/08/11,0,74000,-52000,22000
2014/08/12,0,102000,-152000,-50000
2014/08/13,0,58000,-72000,-14000
2014/08/14,0,91000,-215000,-124000
2014/08/15,0,11000,-41000,-30000
2014/08/18,0,96000,-62000,34000
2014/08/19,0,41000,-37000,4000
2014/08/20,0,25000,-216510,-191510
2014/08/21,0,58000,-36000,22000
2014/08/22,0,288000,-61608,226392
2014/08/25,0,64000,-53000,11000
2014/08/26,0,17000,-88000,-71000
2014/08/27,0,61000,-11000,50000
2014/08/28,0,2000,-42000,-40000
2014/08/29,0,587000,-161000,426000
2014/09/01,0,294000,-511000,-217000
2014/09/02,0,66000,-72000,-6000
2014/09/03,0,68000,-168000,-100000
2014/09/04,0,31000,-47000,-16000
2014/09/05,0,65000,-110000,-45000
2014/09/09,0,15000,-180000,-165000
2014/09/10,0,70000,-53000,17000
2014/09/11,0,32000,-26000,6000
2014/09/12,0,11000,-117000,-106000
2014/09/15,0,209000,-74000,135000
2014/09/16,0,25000,-162000,-137000
2014/09/17,0,271000,-81000,190000
2014/09/18,0,38000,-15000,23000
2014/09/19,0,95000,-170000,-75000
2014/09/22,0,38000,-236272,-198272
2014/09/23,0,88000,-108000,-20000
2014/09/24,0,67000,-146000,-79000
2014/09/25,0,37000,-226996,-189996
2014/09/26,0,81000,-164000,-83000
2014/09/29,0,121000,-15000,106000
2014/09/30,0,121000,-58000,63000
2014/10/01,0,129000,-124000,5000
2014/10/02,0,40000,-24000,16000
2014/10/03,0,225000,-45000,180000
2014/10/06,0,54000,-35000,19000
2014/10/07,0,2000,-107000,-105000
2014/10/08,0,21000,-110963,-89963
2014/10/09,0,107000,-157000,-50000
2014/10/13,0,59000,-174000,-115000
2014/10/14,0,50000,-45000,5000
2014/10/15,0,79000,-106000,-27000
2014/10/16,0,140000,-75000,65000
2014/10/17,0,35000,-91000,-56000
2014/10/20,0,34000,-25000,9000
2014/10/21,0,28000,-30000,-2000
2014/10/22,0,186000,-21000,165000
2014/10/23,0,82000,-84000,-2000
2014/10/24,0,39000,-27000,12000
2014/10/27,0,50000,-60000,-10000
2014/10/28,0,215000,-79625,135375
2014/10/29,0,194000,-116000,78000
2014/10/30,0,110930,-72000,38930
2014/10/31,0,77000,-137000,-60000
2014/11/03,0,134000,-76000,58000
2014/11/04,0,46000,-49000,-3000
2014/11/05,0,71000,-29000,42000
2014/11/06,0,71000,-58000,13000
2014/11/07,0,76000,-78000,-2000
2014/11/10,0,88000,-51000,37000
2014/11/11,0,376000,-38000,338000
2014/11/12,0,226000,-135000,91000
2014/11/13,0,74000,-302000,-228000
2014/11/14,0,233000,-85000,148000
2014/11/17,0,34000,-212000,-178000
2014/11/18,0,31000,-104000,-73000
2014/11/19,0,380000,-208000,172000
2014/11/20,0,79000,-286000,-207000
2014/11/21,0,342000,-139000,203000
2014/11/24,0,188000,-261000,-73000
2014/11/25,0,80000,-185000,-105000
2014/11/26,0,109000,-116000,-7000
2014/11/27,0,62000,-55000,7000
2014/11/28,0,199000,-39000,160000
2014/12/01,0,43000,-135000,-92000
2014/12/02,0,6000,-20000,-14000
2014/12/03,0,238000,-161766,76234
2014/12/04,0,14000,-188000,-174000
2014/12/05,0,9000,-23000,-14000
2014/12/08,0,19000,-14000,5000
2014/12/09,0,7000,-82000,-75000
2014/12/10,0,13000,-68000,-55000
2014/12/11,0,82000,-21000,61000
2014/12/12,0,44000,-54000,-10000
2014/12/15,0,94000,-49000,45000
2014/12/16,0,42000,-101000,-59000
2014/12/17,0,22000,-76000,-54000
2014/12/18,0,38000,-141000,-103000
2014/12/19,0,21000,-27000,-6000
2014/12/22,0,16000,-8000,8000
2014/12/23,0,87000,-9000,78000
2014/12/24,0,13000,-34000,-21000
2014/12/25,0,55000,-29000,26000
2014/12/26,0,4000,-20000,-16000
2014/12/29,0,134000,-21000,113000
2014/12/30,0,34000,-112000,-78000
2014/12/31,0,3000,-38000,-35000
2015/01/01,0,0,0,0
2015/01/02,0,0,0,0
2015/01/05,0,21000,-10000,11000
2015/01/06,0,22000,-21000,1000
2015/01/07,0,9000,-50000,-41000
2015/01/08,0,107000,-18000,89000
2015/01/09,0,59000,-122000,-63000
2015/01/12,0,34000,-44000,-10000
2015/01/13,0,35000,-13000,22000
2015/01/14,0,161000,-115000,46000
2015/01/15,0,271000,-20000,251000
2015/01/16,0,107000,-77105,29895
2015/01/19,0,34000,-71000,-37000
2015/01/20,0,52000,-35000,17000
2015/01/21,0,83000,-52063,30937
2015/01/22,0,109000,-106000,3000
2015/01/23,0,25000,-143000,-118000
2015/01/26,0,39000,-45000,-6000
2015/01/27,0,368000,-44000,324000
2015/01/28,0,19000,-98000,-79000
2015/01/29,0,0,-96000,-96000
2015/01/30,0,23000,-55000,-32000
2015/02/02,0,17000,-136000,-119000
2015/02/03,0,37000,-33000,4000
2015/02/04,0,3000,-9064,-6064
2015/02/05,0,9000,-10063,-1063
2015/02/06,0,5000,-14000,-9000
2015/02/09,0,9000,-12000,-3000
2015/02/10,0,34000,-57000,-23000
2015/02/11,0,27000,-37000,-10000
2015/02/12,0,14000,-41000,-27000
2015/02/13,0,32000,-53000,-21000
2015/02/16,0,0,0,0
2015/02/17,0,0,0,0
2015/02/18,0,0,0,0
2015/02/19,0,0,0,0
2015/02/20,0,0,0,0
2015/02/23,0,0,0,0
2015/02/24,0,29000,-134000,-105000
2015/02/25,0,74000,-35000,39000
2015/02/26,0,62000,-25000,37000
2015/02/27,0,0,0,0
2015/03/02,0,64000,-46000,18000
2015/03/03,0,30000,-51000,-21000
2015/03/04,0,5000,-20000,-15000
2015/03/05,0,8000,-38274,-30274
2015/03/06,0,6000,-12000,-6000
2015/03/09,0,45000,-74021,-29021
2015/03/10,0,180000,-43000,137000
2015/03/11,0,111000,-50000,61000
2015/03/12,0,67000,-130000,-63000
2015/03/13,0,34000,-13000,21000
2015/03/16,0,31000,-126000,-95000
2015/03/17,0,74000,-18064,55936
2015/03/18,0,3000,-45000,-42000
2015/03/19,0,29000,-7000,22000
2015/03/20,0,78000,-9000,69000
2015/03/23,0,36000,-21000,15000
2015/03/24,0,8000,-3000,5000
2015/03/25,0,20000,-45000,-25000
2015/03/26,0,18000,-80000,-62000
2015/03/27,0,14000,-145000,-131000
2015/03/30,0,48000,-43000,5000
2015/03/31,0,52000,-19000,33000
2015/04/01,0,40000,-28000,12000
2015/04/02,0,36000,-25000,11000
2015/04/03,0,0,0,0
2015/04/06,0,0,0,0
2015/04/07,0,9000,-23000,-14000
2015/04/08,0,74000,-9000,65000
2015/04/09,0,45000,-26000,19000
2015/04/10,0,45000,-41000,4000
2015/04/13,0,41000,-22000,19000
2015/04/14,0,53000,-31000,22000
2015/04/15,0,15000,-98304,-83304
2015/04/16,0,26000,-20000,6000
2015/04/17,0,17000,-80000,-63000
2015/04/20,0,26000,-22000,4000
2015/04/21,0,18000,-15000,3000
2015/04/22,0,528000,-32000,496000
2015/04/23,0,63000,-277000,-214000
2015/04/24,0,65000,-178000,-113000
2015/04/27,0,37000,-39000,-2000
2015/04/28,0,430000,-58000,372000
2015/04/29,0,84000,-202000,-118000
2015/04/30,0,55000,-54000,1000
2015/05/01,0,0,0,0
2015/05/04,0,8000,-172000,-164000
2015/05/05,0,7000,-23000,-16000
2015/05/06,0,7000,-10000,-3000
2015/05/07,0,28000,-72000,-44000
2015/05/08,0,28000,-21000,7000
2015/05/11,0,58000,-87000,-29000
2015/05/12,0,54000,-129000,-75000
2015/05/13,0,18000,-47000,-29000
2015/05/14,0,58000,-15000,43000
2015/05/15,0,50000,-37000,13000
2015/05/18,0,19000,-10000,9000
2015/05/19,0,22000,-30000,-8000
2015/05/20,0,109000,-58000,51000
2015/05/21,0,22000,-58000,-36000
2015/05/22,0,45000,-19000,26000
2015/05/25,0,10000,-7000,3000
2015/05/26,0,35000,-18000,17000
2015/05/27,0,53000,-55000,-2000
2015/05/28,0,10000,-25000,-15000
2015/05/29,0,15000,-36000,-21000
2015/06/01,0,16000,-120000,-104000
2015/06/02,0,75000,-1000,74000
2015/06/03,0,40000,-61000,-21000
2015/06/04,0,67000,-48000,19000
2015/06/05,0,49000,-99000,-50000
2015/06/08,0,5000,-31000,-26000
2015/06/09,0,23000,-17000,6000
2015/06/10,0,72000,-14000,58000
2015/06/11,0,25000,-38000,-13000
2015/06/12,0,41000,-13000,28000
2015/06/15,0,14000,-84000,-70000
2015/06/16,0,20000,-1000,19000
2015/06/17,0,25000,-50000,-25000
2015/06/18,0,47000,-33000,14000
2015/06/19,0,0,0,0
2015/06/22,0,93000,-55000,38000
2015/06/23,0,66000,-86000,-20000
2015/06/24,0,46000,-28000,18000
2015/06/25,0,30000,-42000,-12000
2015/06/26,0,7000,-30000,-23000
2015/06/29,0,14000,-36000,-22000
2015/06/30,0,9000,-11000,-2000
2015/07/01,0,14000,-32000,-18000
2015/07/02,0,101000,-24000,77000
2015/07/03,0,22000,-12000,10000
2015/07/06,0,0,-9000,-9000
2015/07/07,0,4000,-9000,-5000
2015/07/08,0,51000,-56000,-5000
2015/07/09,0,33000,-122000,-89000
2015/07/10,0,0,0,0
2015/07/13,0,61000,-12000,49000
2015/07/14,0,9000,-41000,-32000
2015/07/15,0,36000,-30000,6000
2015/07/16,0,13000,-31000,-18000
2015/07/17,0,31000,-54000,-23000
2015/07/20,0,127000,-80000,47000
2015/07/21,0,17000,-77000,-60000
2015/07/22,0,16000,-7000,9000
2015/07/23,0,34000,-12000,22000
2015/07/24,0,53000,-18000,35000
2015/07/27,0,66000,-65000,1000
2015/07/28,0,144000,-51000,93000
2015/07/29,0,100000,-188000,-88000
2015/07/30,0,186000,-205000,-19000
2015/07/31,0,40000,-217000,-177000
2015/08/03,0,41000,-62000,-21000
2015/08/04,0,273000,-186000,87000
2015/08/05,0,54000,-95000,-41000
2015/08/06,0,67000,-144000,-77000
2015/08/07,0,63000,-68000,-5000
2015/08/10,0,20000,-62000,-42000
2015/08/11,0,125000,-175000,-50000
2015/08/12,0,244000,-172000,72000
2015/08/13,0,796000,-148000,648000
2015/08/14,0,46000,-230000,-184000
2015/08/17,0,32000,-77000,-45000
2015/08/18,0,84000,-53000,31000
2015/08/19,0,261000,-153000,108000
2015/08/20,0,90000,-54000,36000
2015/08/21,0,54000,-77000,-23000
2015/08/24,0,84107,-355000,-270893
2015/08/25,0,326000,-33000,293000
2015/08/26,0,94000,-86000,8000
2015/08/27,0,43000,-49000,-6000
2015/08/28,0,79000,-76000,3000
2015/08/31,0,34000,-127000,-93000
2015/09/01,0,35000,-104000,-69000
2015/09/02,0,61000,-22000,39000
2015/09/03,0,19000,-103000,-84000
2015/09/04,0,12000,-58000,-46000
2015/09/07,0,53000,-46982,6018
2015/09/08,0,5000,-28000,-23000
2015/09/09,0,173000,-28000,145000
2015/09/10,0,50000,-49000,1000
2015/09/11,0,13000,-61000,-48000
2015/09/14,0,1000,-33000,-32000
2015/09/15,0,65000,-16000,49000
2015/09/16,0,237000,-6000,231000
2015/09/17,0,105000,-24000,81000
2015/09/18,0,28000,-30000,-2000
2015/09/21,0,17000,-66000,-49000
2015/09/22,0,11000,-40000,-29000
2015/09/23,0,15000,-106000,-91000
2015/09/24,0,55000,-97000,-42000
2015/09/25,0,48000,-39000,9000
2015/09/28,0,0,0,0
2015/09/29,0,0,0,0
2015/09/30,0,134000,-15000,119000
2015/10/01,0,30000,-29000,1000
2015/10/02,0,22000,-14000,8000
2015/10/05,0,30000,-19000,11000
2015/10/06,0,321000,-28000,293000
2015/10/07,0,28000,-211000,-183000
2015/10/08,0,70000,-39000,31000
2015/10/09,0,0,0,0
2015/10/12,0,13000,-36000,-23000
2015/10/13,0,69000,-22000,47000
2015/10/14,0,10000,-49000,-39000
2015/10/15,0,52000,-15000,37000
2015/10/16,0,39000,-59000,-20000
2015/10/19,0,4000,-79000,-75000
2015/10/20,0,13000,-21000,-8000
2015/10/21,0,94000,-27000,67000
2015/10/22,0,32000,-8000,24000
2015/10/23,0,83000,-28000,55000
2015/10/26,0,33000,-9000,24000
2015/10/27,0,30000,-27000,3000
2015/10/28,0,15000,-23000,-8000
2015/10/29,0,41000,-19000,22000
2015/10/30,0,25000,-28000,-3000
2015/11/02,0,30000,-7000,23000
2015/11/03,0,38000,-7000,31000
2015/11/04,0,78000,-5000,73000
2015/11/05,0,6000,-28000,-22000
2015/11/06,0,20000,-63000,-43000
2015/11/09,0,5000,-16000,-11000
2015/11/10,0,34000,-8000,26000
2015/11/11,0,49000,-13000,36000
2015/11/12,0,10000,-104000,-94000
2015/11/13,0,28000,-41000,-13000
2015/11/16,0,13000,-4000,9000
2015/11/17,0,3000,-19000,-16000
2015/11/18,0,39000,-2000,37000
2015/11/19,0,8000,-18000,-10000
2015/11/20,0,11000,-7000,4000
2015/11/23,0,9000,-21000,-12000
2015/11/24,0,24000,-9000,15000
2015/11/25,0,18000,-19000,-1000
2015/11/26,0,10000,-7000,3000
2015/11/27,0,2000,-6000,-4000
2015/11/30,0,48000,-14000,34000
2015/12/01,0,63000,-2000,61000
2015/12/02,0,30000,0,30000
2015/12/03,0,54040,-3000,51040
2015/12/04,0,7000,-2000,5000
2015/12/07,0,6000,-31000,-25000
2015/12/08,0,21000,-17000,4000
2015/12/09,0,79000,-7000,72000
2015/12/10,0,14000,-55000,-41000
2015/12/11,0,11000,-62000,-51000
2015/12/14,0,13000,-30000,-17000
2015/12/15,0,7000,-4000,3000
2015/12/16,0,28000,-10000,18000
2015/12/17,0,19000,-9000,10000
2015/12/18,0,8000,-63000,-55000
2015/12/21,0,6000,-23000,-17000
2015/12/22,0,1000,-9000,-8000
2015/12/23,0,6000,-10000,-4000
2015/12/24,0,0,-13612,-13612
2015/12/25,0,13000,-3729,9271
2015/12/28,0,0,-3000,-3000
2015/12/29,0,5000,-8000,-3000
2015/12/30,0,30000,-11000,19000
2015/12/31,0,12000,-14000,-2000
2016/01/01,0,0,0,0
2016/01/04,0,56000,-10000,46000
2016/01/05,0,49000,0,49000
2016/01/06,0,17000,-14450,2550
2016/01/07,0,40000,-20344,19656
2016/01/08,0,28000,-15000,13000
2016/01/11,0,35000,-15000,20000
2016/01/12,0,1000,-105000,-104000
2016/01/13,0,14000,-3000,11000
2016/01/14,0,13000,-18000,-5000
2016/01/15,0,31000,-66000,-35000
2016/01/18,0,32000,-16000,16000
2016/01/19,0,41000,-16000,25000
2016/01/20,0,28000,-86000,-58000
2016/01/21,0,18000,-60000,-42000
2016/01/22,0,63000,-6000,57000
2016/01/25,0,22000,-5000,17000
2016/01/26,0,69000,0,69000
2016/01/27,0,55000,-16000,39000
2016/01/28,0,34000,-9000,25000
2016/01/29,0,53000,-1000,52000
2016/02/01,0,2000,-8000,-6000
2016/02/02,0,14000,-11140,2860
2016/02/03,0,14000,-58000,-44000
2016/02/04,0,0,0,0
2016/02/05,0,0,0,0
2016/02/08,0,0,0,0
2016/02/09,0,0,0,0
2016/02/10,0,0,0,0
2016/02/11,0,0,0,0
2016/02/12,0,0,0,0
2016/02/15,0,25000,-19000,6000
2016/02/16,0,29000,-3000,26000
2016/02/17,0,68000,-26000,42000
2016/02/18,0,5000,-32000,-27000
2016/02/19,0,0,-3000,-3000
2016/02/22,0,35000,-4000,31000
2016/02/23,0,4000,-5000,-1000
2016/02/24,0,0,-11000,-11000
2016/02/25,0,2000,-14060,-12060
2016/02/26,0,52000,-29000,23000
2016/02/29,0,0,0,0
2016/03/01,0,7000,-1000,6000
2016/03/02,0,33000,-5000,28000
2016/03/03,0,42000,-2000,40000
2016/03/04,0,21000,-7000,14000
2016/03/07,0,10000,-9000,1000
2016/03/08,0,16000,-37000,-21000
2016/03/09,0,29000,-42000,-13000
2016/03/10,0,24000,-11000,13000
2016/03/11,0,2000,-12000,-10000
2016/03/14,0,13000,-1000,12000
2016/03/15,0,0,-34000,-34000
2016/03/16,0,24000,-2000,22000
2016/03/17,0,0,-23000,-23000
2016/03/18,0,0,-3000,-3000
2016/03/21,0,0,0,0
2016/03/22,0,1000,-13000,-12000
2016/03/23,0,0,-5000,-5000
2016/03/24,0,2000,0,2000
2016/03/25,0,0,-5000,-5000
2016/03/28,0,1000,-2000,-1000
2016/03/29,0,5000,-6000,-1000
2016/03/30,0,0,-3000,-3000
2016/03/31,0,12000,0,12000
2016/04/01,0,5000,-20000,-15000
2016/04/04,0,0,0,0
2016/04/05,0,0,0,0
2016/04/06,0,5000,-16000,-11000
2016/04/07,0,8000,-16000,-8000
2016/04/08,0,2000,-6000,-4000
2016/04/11,0,2000,0,2000
2016/04/12,0,3000,0,3000
2016/04/13,0,11000,0,11000
2016/04/14,0,24000,-1000,23000
2016/04/15,0,10000,-10000,0
2016/04/18,0,0,0,0
2016/04/19,0,9000,-12000,-3000
2016/04/20,0,20000,-20000,0
2016/04/21,0,11000,-2000,9000
2016/04/22,0,5000,-3000,2000
2016/04/25,0,13000,-3000,10000
2016/04/26,0,2000,-1000,1000
2016/04/27,0,2000,-6000,-4000
2016/04/28,0,6000,-3000,3000
2016/04/29,0,16000,-15000,1000
2016/05/02,0,0,0,0
2016/05/03,0,42000,-14000,28000
2016/05/04,0,41000,-2000,39000
2016/05/05,0,24000,-9000,15000
2016/05/06,0,30000,-1000,29000
2016/05/09,0,10000,-6000,4000
2016/05/10,0,26000,-22000,4000
2016/05/11,0,11000,-83000,-72000
2016/05/12,0,49000,-70000,-21000
2016/05/13,0,71000,-20000,51000
2016/05/16,0,74000,-15000,59000
2016/05/17,0,15000,-25000,-10000
2016/05/18,0,27000,-63000,-36000
2016/05/19,0,28000,-28000,0
2016/05/20,0,11000,-2000,9000
2016/05/23,0,49000,-4000,45000
2016/05/24,0,0,-7000,-7000
2016/05/25,0,56000,-11000,45000
2016/05/26,0,2000,0,2000
2016/05/27,0,0,-3000,-3000
2016/05/30,0,102000,-9000,93000
2016/05/31,0,0,-80000,-80000
2016/06/01,0,0,-29000,-29000
2016/06/02,0,2000,-13000,-11000
2016/06/03,0,12000,-7000,5000
2016/06/06,0,0,-7025,-7025
2016/06/07,0,28000,-18000,10000
2016/06/08,0,2000,-15000,-13000
2016/06/09,0,0,0,0
2016/06/10,0,0,0,0
2016/06/13,0,5000,-21000,-16000
2016/06/14,0,13000,-23000,-10000
2016/06/15,0,23000,-3000,20000
2016/06/16,0,0,-7000,-7000
2016/06/17,0,8000,-4000,4000
2016/06/20,0,11000,-7000,4000
2016/06/21,0,6000,-5000,1000
2016/06/22,0,0,-3000,-3000
2016/06/23,0,0,-9000,-9000
2016/06/24,0,0,-29000,-29000
2016/06/27,0,21000,-1000,20000
2016/06/28,0,2000,-3000,-1000
2016/06/29,0,1000,-4000,-3000
2016/06/30,0,14000,-8000,6000
2016/07/01,0,0,-12000,-12000
2016/07/04,0,6000,-18000,-12000
2016/07/05,0,0,-5000,-5000
2016/07/06,0,0,-19000,-19000
2016/07/07,0,3000,-2000,1000
2016/07/08,0,0,0,0
2016/07/11,0,4000,-23000,-19000
2016/07/12,0,1000,-10000,-9000
2016/07/13,0,0,-22000,-22000
2016/07/14,0,19000,-7000,12000
2016/07/15,0,2000,-19000,-17000
2016/07/18,0,0,-47000,-47000
2016/07/19,0,8000,-12000,-4000
2016/07/20,0,8000,-33000,-25000
2016/07/21,0,12000,-10000,2000
2016/07/22,0,1000,-15000,-14000
2016/07/25,0,2000,-12000,-10000
2016/07/26,0,0,-11000,-11000
2016/07/27,0,1000,-20000,-19000
2016/07/28,0,2000,-5000,-3000
2016/07/29,0,177000,-4000,173000
2016/08/01,0,1000,-10000,-9000
2016/08/02,0,3000,-13000,-10000
2016/08/03,0,0,-24000,-24000
2016/08/04,0,203000,-9000,194000
2016/08/05,0,0,-182000,-182000
2016/08/08,0,0,-12000,-12000
2016/08/09,0,1000,-3000,-2000
2016/08/10,0,0,-6000,-6000
2016/08/11,0,0,-12000,-12000
2016/08/12,0,1000,-19000,-18000
2016/08/15,0,0,-8000,-8000
2016/08/16,0,10000,-8000,2000
2016/08/17,0,1000,-15000,-14000
2016/08/18,0,0,-11000,-11000
2016/08/19,0,0,-4000,-4000
2016/08/22,0,0,-1000,-1000
2016/08/23,0,0,-2000,-2000
2016/08/24,0,1000,-2000,-1000
2016/08/25,0,0,-7000,-7000
2016/08/26,0,0,-11000,-11000
2016/08/29,0,1000,-4000,-3000
2016/08/30,0,2000,-11000,-9000
2016/08/31,0,0,-15000,-15000
2016/09/01,0,1000,-23000,-22000
2016/09/02,0,1000,-1000,0
2016/09/05,0,6000,-1000,5000
2016/09/06,0,42000,-7000,35000
2016/09/07,0,2000,-5000,-3000
2016/09/08,0,0,-47000,-47000
2016/09/09,0,0,-9000,-9000
2016/09/12,0,0,-1000,-1000
2016/09/13,0,37000,-5000,32000
2016/09/14,0,8000,0,8000
2016/09/15,0,0,0,0
2016/09/16,0,0,0,0
2016/09/19,0,21000,-2000,19000
2016/09/20,0,5000,-3000,2000
2016/09/21,0,0,-19000,-19000
2016/09/22,0,2000,-4000,-2000
2016/09/23,0,16000,-17000,-1000
2016/09/26,0,0,-6000,-6000
2016/09/27,0,0,0,0
2016/09/28,0,0,0,0
2016/09/29,0,13000,-187000,-174000
2016/09/30,0,2000,-22000,-20000
2016/10/03,0,25000,-8000,17000
2016/10/04,0,1000,0,1000
2016/10/05,0,0,-6000,-6000
2016/10/06,0,3000,-2000,1000
2016/10/07,0,7000,-20000,-13000
2016/10/10,0,0,0,0
2016/10/11,0,15000,-1000,14000
2016/10/12,0,12000,0,12000
2016/10/13,0,12000,-2000,10000
2016/10/14,0,15000,-3000,12000
2016/10/17,0,6000,-2000,4000
2016/10/18,0,4000,-27000,-23000
2016/10/19,0,11000,-108000,-97000
2016/10/20,0,8000,-170000,-162000
2016/10/21,0,5000,-54000,-49000
2016/10/24,0,5000,-14000,-9000
2016/10/25,0,6000,-15000,-9000
2016/10/26,0,22000,-20000,2000
2016/10/27,0,4000,-4000,0
2016/10/28,0,6000,0,6000
2016/10/31,0,3000,0,3000
2016/11/01,0,3000,0,3000
2016/11/02,0,9000,0,9000
2016/11/03,0,8000,-1000,7000
2016/11/04,0,6000,0,6000
2016/11/07,0,14000,0,14000
2016/11/08,0,0,0,0
2016/11/09,0,40000,-9000,31000
2016/11/10,0,9000,-4000,5000
2016/11/11,0,37000,-4000,33000
2016/11/14,0,28000,-6000,22000
2016/11/15,0,10000,-1000,9000
2016/11/16,0,32000,-7000,25000
2016/11/17,0,10000,-30000,-20000
2016/11/18,0,4000,-3000,1000
2016/11/21,0,2000,-1000,1000
2016/11/22,0,3000,0,3000
2016/11/23,0,15000,0,15000
2016/11/24,0,0,-4000,-4000
2016/11/25,0,0,0,0
2016/11/28,0,9000,-1914,7086
2016/11/29,0,2000,0,2000
2016/11/30,0,0,0,0
2016/12/01,0,0,-2000,-2000
2016/12/02,0,4000,-5000,-1000
2016/12/05,0,5000,-5000,0
2016/12/06,0,9000,0,9000
2016/12/07,0,0,0,0
2016/12/08,0,5000,-2000,3000
2016/12/09,0,0,-1000,-1000
2016/12/12,0,2000,0,2000
2016/12/13,0,5000,0,5000
2016/12/14,0,5000,0,5000
2016/12/15,0,2000,0,2000
2016/12/16,0,6000,-2000,4000
2016/12/19,0,14000,0,14000
2016/12/20,0,14000,-1000,13000
2016/12/21,0,81000,0,81000
2016/12/22,0,7000,0,7000
2016/12/23,0,13000,-61000,-48000
2016/12/26,0,5000,0,5000
2016/12/27,0,3000,0,3000
2016/12/28,0,1000,0,1000
2016/12/29,0,4000,0,4000
2016/12/30,0,1000,-2000,-1000
2017/01/02,0,0,0,0
2017/01/03,0,0,-1000,-1000
2017/01/04,0,0,-4000,-4000
2017/01/05,0,0,-2000,-2000
2017/01/06,0,0,-2000,-2000
2017/01/09,0,0,-2000,-2000
2017/01/10,0,0,-3000,-3000
2017/01/11,0,0,-5000,-5000
2017/01/12,0,0,-6000,-6000
2017/01/13,0,0,-1000,-1000
2017/01/16,0,0,0,0
2017/01/17,0,0,-1000,-1000
2017/01/18,0,0,-11000,-11000
2017/01/19,0,0,-6000,-6000
2017/01/20,0,0,0,0
2017/01/23,0,0,-1000,-1000
2017/01/24,0,6000,-1000,5000
2017/01/25,0,0,0,0
2017/01/26,0,0,0,0
2017/01/27,0,0,0,0
2017/01/30,0,0,0,0
2017/01/31,0,0,0,0
2017/02/01,0,0,0,0
2017/02/02,0,0,-1000,-1000
2017/02/03,0,1000,-37000,-36000
2017/02/06,0,0,-14000,-14000
2017/02/07,0,0,-6000,-6000
2017/02/08,0,5000,-15000,-10000
2017/02/09,0,0,-5000,-5000
2017/02/10,0,7000,-1000,6000
2017/02/13,0,0,-3000,-3000
2017/02/14,0,0,-7000,-7000
2017/02/15,0,14000,-4000,10000
2017/02/16,0,1000,-46000,-45000
2017/02/17,0,8000,-8000,0
2017/02/20,0,0,-1000,-1000
2017/02/21,0,6000,0,6000
2017/02/22,0,0,-2000,-2000
2017/02/23,0,4000,-4000,0
2017/02/24,0,0,0,0
2017/02/27,0,0,0,0
2017/02/28,0,0,0,0
2017/03/01,0,0,-2000,-2000
2017/03/02,0,2000,0,2000
2017/03/03,0,0,-2000,-2000
2017/03/06,0,0,0,0
2017/03/07,0,5000,0,5000
2017/03/08,0,0,-1000,-1000
2017/03/09,0,0,-3000,-3000
2017/03/10,0,1000,0,1000
2017/03/13,0,0,0,0
2017/03/14,0,14000,-6000,8000
2017/03/15,0,10000,0,10000
2017/03/16,0,17000,-3000,14000
2017/03/17,0,0,0,0
2017/03/20,0,3000,-6000,-3000
2017/03/21,0,5000,-19000,-14000
2017/03/22,0,9000,0,9000
2017/03/23,0,0,-2000,-2000
2017/03/24,0,10000,-5000,5000
2017/03/27,0,2000,-4000,-2000
2017/03/28,0,13000,-8000,5000
2017/03/29,0,24000,-2000,22000
2017/03/30,0,0,-6000,-6000
2017/03/31,0,1000,0,1000
2017/04/03,0,0,0,0
2017/04/04,0,0,0,0
2017/04/05,0,12000,-1000,11000
2017/04/06,0,3000,0,3000
2017/04/07,0,1000,-7000,-6000
2017/04/10,0,1000,0,1000
2017/04/11,0,3000,-4000,-1000
2017/04/12,0,4000,0,4000
2017/04/13,0,4000,0,4000
2017/04/14,0,16000,0,16000
2017/04/17,0,20000,0,20000
2017/04/18,0,7000,-1000,6000
2017/04/19,0,12000,-16000,-4000
2017/04/20,0,10000,-2000,8000
2017/04/21,0,6000,0,6000
2017/04/24,0,5000,-1000,4000
2017/04/25,0,7000,0,7000
2017/04/26,0,3000,-1000,2000
2017/04/27,0,0,-2000,-2000
2017/04/28,0,8000,-9000,-1000
2017/05/01,0,0,0,0
2017/05/02,0,5000,-8000,-3000
2017/05/03,0,0,-1000,-1000
2017/05/04,0,2000,-4000,-2000
2017/05/05,0,0,-10000,-10000
2017/05/08,0,1000,-3000,-2000
2017/05/09,0,0,-4040,-4040
2017/05/10,0,7000,0,7000
2017/05/11,0,2000,-15000,-13000
2017/05/12,0,14000,-3000,11000
2017/05/15,0,30000,-3000,27000
2017/05/16,0,10000,-31000,-21000
2017/05/17,0,14000,-9000,5000
2017/05/18,0,41000,-3000,38000
2017/05/19,0,0,-3000,-3000
2017/05/22,0,2000,0,2000
2017/05/23,0,0,-1000,-1000
2017/05/24,0,0,-1000,-1000
2017/05/25,0,4000,-4000,0
2017/05/26,0,0,-3000,-3000
2017/05/29,0,0,0,0
2017/05/30,0,0,0,0
2017/05/31,0,5000,0,5000
2017/06/01,0,0,-2000,-2000
2017/06/02,0,0,-2000,-2000
2017/06/05,0,1000,-6000,-5000
2017/06/06,0,1000,-7475,-6475
2017/06/07,0,1000,-4000,-3000
2017/06/08,0,4000,-3000,1000
2017/06/09,0,1000,-6000,-5000
2017/06/12,0,0,-12000,-12000
2017/06/13,0,6000,-5000,1000
2017/06/14,0,3000,-7000,-4000
2017/06/15,0,0,-4000,-4000
2017/06/16,0,1000,-2000,-1000
2017/06/19,0,2000,-13000,-11000
2017/06/20,0,5000,-3000,2000
2017/06/21,0,20000,-9000,11000
2017/06/22,0,0,-4000,-4000
2017/06/23,0,0,-2000,-2000
2017/06/26,0,34000,-8000,26000
2017/06/27,0,23000,-3000,20000
2017/06/28,0,17000,-3000,14000
2017/06/29,0,0,-1000,-1000
2017/06/30,0,0,0,0
2017/07/03,0,0,-2000,-2000
2017/07/04,0,0,-20000,-20000
2017/07/05,0,46000,-4000,42000
2017/07/06,0,50000,-2000,48000
2017/07/07,0,8000,-13000,-5000
2017/07/10,0,17000,-1000,16000
2017/07/11,0,19000,-50000,-31000
2017/07/12,0,0,-39000,-39000
2017/07/13,0,1000,-5000,-4000
2017/07/14,0,0,-4000,-4000
2017/07/17,0,1000,-16000,-15000
2017/07/18,0,0,-1000,-1000
2017/07/19,0,10000,-25000,-15000
2017/07/20,0,0,-2000,-2000
2017/07/21,0,0,0,0
2017/07/24,0,0,-3000,-3000
2017/07/25,0,0,-3000,-3000
2017/07/26,0,0,-25000,-25000
2017/07/27,0,3000,-1000,2000
2017/07/28,0,0,0,0
2017/07/31,0,7000,0,7000
2017/08/01,0,9000,0,9000
2017/08/02,0,15000,-2000,13000
2017/08/03,0,0,-8000,-8000
2017/08/04,0,12000,-4000,8000
2017/08/07,0,208000,0,208000
2017/08/08,0,0,-207000,-207000
2017/08/09,0,1000,-138000,-137000
2017/08/10,0,22000,-46000,-24000
2017/08/11,0,8000,-44000,-36000
2017/08/14,0,16000,-31000,-15000
2017/08/15,0,2000,-20000,-18000
2017/08/16,0,67000,-4000,63000
2017/08/17,0,10000,-4000,6000
2017/08/18,0,6000,-2000,4000
