Date,Open,Buy,Sell,Total
2007/01/02,0,8000,0,8000
2007/01/03,0,189000,0,189000
2007/01/04,0,4000,-12000,-8000
2007/01/05,0,4000,-16780,-12780
2007/01/08,0,16000,-1678,14322
2007/01/09,0,2000,-3000,-1000
2007/01/10,0,7000,0,7000
2007/01/11,0,10000,0,10000
2007/01/12,0,1000,-1000,0
2007/01/15,0,53000,-6000,47000
2007/01/16,0,254000,-1000,253000
2007/01/17,0,0,0,0
2007/01/18,0,0,-12000,-12000
2007/01/19,0,0,-6000,-6000
2007/01/22,0,194000,-13000,181000
2007/01/23,0,1000,-41000,-40000
2007/01/24,0,327000,-38000,289000
2007/01/25,0,331000,-8000,323000
2007/01/26,0,228000,-12000,216000
2007/01/29,0,0,-3000,-3000
2007/01/30,0,4000,-57000,-53000
2007/01/31,0,194000,-225000,-31000
2007/02/01,0,139000,-16000,123000
2007/02/02,0,338000,-70000,268000
2007/02/05,0,491000,-97000,394000
2007/02/06,0,682000,-1000,681000
2007/02/07,0,594000,-54000,540000
2007/02/08,0,308000,-62000,246000
2007/02/09,0,148000,0,148000
2007/02/12,0,54000,-11000,43000
2007/02/13,0,237000,-199413,37587
2007/02/14,0,4000,0,4000
2007/02/15,0,0,0,0
2007/02/16,0,0,0,0
2007/02/19,0,0,0,0
2007/02/20,0,0,0,0
2007/02/21,0,0,0,0
2007/02/22,0,0,0,0
2007/02/23,0,0,0,0
2007/02/26,0,191000,-542000,-351000
2007/02/27,0,20000,-173000,-153000
2007/02/28,0,0,0,0
2007/03/01,0,402000,-395933,6067
2007/03/02,0,23000,-925912,-902912
2007/03/05,0,0,-224000,-224000
2007/03/06,0,250000,-750000,-500000
2007/03/07,0,0,-537000,-537000
2007/03/08,0,66000,-905000,-839000
2007/03/09,0,6000,-198000,-192000
2007/03/12,0,0,-145000,-145000
2007/03/13,0,103000,-506000,-403000
2007/03/14,0,0,-342000,-342000
2007/03/15,0,140000,-241000,-101000
2007/03/16,0,27000,-246000,-219000
2007/03/19,0,98000,-208000,-110000
2007/03/20,0,313000,-190000,123000
2007/03/21,0,21000,-108000,-87000
2007/03/22,0,216000,-182210,33790
2007/03/23,0,150000,-1000,149000
2007/03/26,0,199000,-3000,196000
2007/03/27,0,358000,-38000,320000
2007/03/28,0,293000,-6000,287000
2007/03/29,0,132000,-30000,102000
2007/03/30,0,0,-13000,-13000
2007/04/02,0,232000,-2000,230000
2007/04/03,0,144000,-60000,84000
2007/04/04,0,373000,-5000,368000
2007/04/05,0,0,0,0
2007/04/06,0,0,0,0
2007/04/09,0,0,-3000,-3000
2007/04/10,0,4882000,-4854360,27640
2007/04/11,0,0,-28000,-28000
2007/04/12,0,382000,0,382000
2007/04/13,0,2000,-28000,-26000
2007/04/16,0,35000,-2000,33000
2007/04/17,0,253000,-16000,237000
2007/04/18,0,2000,-67000,-65000
2007/04/19,0,67000,-503000,-436000
2007/04/20,0,15000,-76000,-61000
2007/04/23,0,325000,-110000,215000
2007/04/24,0,13000,-138000,-125000
2007/04/25,0,0,-251000,-251000
2007/04/26,0,8000,-981000,-973000
2007/04/27,0,0,-73000,-73000
2007/04/30,0,6000,-54000,-48000
2007/05/01,0,0,0,0
2007/05/02,0,45000,-54000,-9000
2007/05/03,0,251000,-727000,-476000
2007/05/04,0,3000,0,3000
2007/05/07,0,8000,-63000,-55000
2007/05/08,0,0,-159000,-159000
2007/05/09,0,510000,-491000,19000
2007/05/10,0,0,-802000,-802000
2007/05/11,0,15000,-87000,-72000
2007/05/14,0,123000,-1000,122000
2007/05/15,0,6000,-3000,3000
2007/05/16,0,0,-15000,-15000
2007/05/17,0,1060000,-391000,669000
2007/05/18,0,333000,-597000,-264000
2007/05/21,0,590000,-747000,-157000
2007/05/22,0,674000,-671000,3000
2007/05/23,0,488000,-317000,171000
2007/05/24,0,7000,-844000,-837000
2007/05/25,0,177000,-270000,-93000
2007/05/28,0,493000,-265000,228000
2007/05/29,0,50000,-269000,-219000
2007/05/30,0,203000,-323000,-120000
2007/05/31,0,391000,-372000,19000
2007/06/01,0,1246000,-1753959,-507959
2007/06/04,0,215000,-354000,-139000
2007/06/05,0,0,-574000,-574000
2007/06/06,0,23000,-364000,-341000
2007/06/07,0,398000,-30000,368000
2007/06/08,0,0,-5000,-5000
2007/06/11,0,466000,-27000,439000
2007/06/12,0,794000,-175000,619000
2007/06/13,0,1124000,-551000,573000
2007/06/14,0,2245000,-717000,1528000
2007/06/15,0,244000,-574000,-330000
2007/06/18,0,0,0,0
2007/06/19,0,0,0,0
2007/06/20,0,553000,0,553000
2007/06/21,0,319000,-608000,-289000
2007/06/22,0,365500,-383000,-17500
2007/06/25,0,1195000,-1000000,195000
2007/06/26,0,2069303,-1503000,566303
2007/06/27,0,224000,-19000,205000
2007/06/28,0,1644000,-201000,1443000
2007/06/29,0,971100,-550000,421100
2007/07/02,0,210000,0,210000
2007/07/03,0,98000,-168000,-70000
2007/07/04,0,419000,-138000,281000
2007/07/05,0,470000,-654000,-184000
2007/07/06,0,2208000,-614000,1594000
2007/07/09,0,347000,-544000,-197000
2007/07/10,0,1481000,-1375000,106000
2007/07/11,0,101000,-450000,-349000
2007/07/12,0,91000,-301000,-210000
2007/07/13,0,283000,-142000,141000
2007/07/16,0,578000,-28000,550000
2007/07/17,0,132000,-362000,-230000
2007/07/18,0,150000,-322000,-172000
2007/07/19,0,889000,-332000,557000
2007/07/20,0,6000,-207000,-201000
2007/07/23,0,214000,-988000,-774000
2007/07/24,0,713000,-211718,501282
2007/07/25,0,41000,-253000,-212000
2007/07/26,0,297000,-612000,-315000
2007/07/27,0,436000,-470000,-34000
2007/07/30,0,253000,-422775,-169775
2007/07/31,0,23000,-841000,-818000
2007/08/01,0,323000,-593000,-270000
2007/08/02,0,1405000,-1660000,-255000
2007/08/03,0,2308000,-270000,2038000
2007/08/06,0,660000,-127000,533000
2007/08/07,0,66372,-317000,-250628
2007/08/08,0,1059000,-1430000,-371000
2007/08/09,0,188000,-702000,-514000
2007/08/10,0,549000,-890000,-341000
2007/08/13,0,372000,-190000,182000
2007/08/14,0,479050,-635000,-155950
2007/08/15,0,1051000,-563253,487747
2007/08/16,0,442000,-779303,-337303
2007/08/17,0,862000,-744000,118000
2007/08/20,0,857000,-84000,773000
2007/08/21,0,1757000,-393000,1364000
2007/08/22,0,814000,-505000,309000
2007/08/23,0,1217000,-716000,501000
2007/08/24,0,196000,0,196000
2007/08/27,0,157000,-167000,-10000
2007/08/28,0,228000,0,228000
2007/08/29,0,1688000,-427000,1261000
2007/08/30,0,2154000,-787000,1367000
2007/08/31,0,588000,-341731,246269
2007/09/03,0,315000,-304291,10709
2007/09/04,0,120000,-16979,103021
2007/09/05,0,131000,-11146,119854
2007/09/06,0,71000,-19000,52000
2007/09/07,0,187000,-8000,179000
2007/09/10,0,12000,-20706,-8706
2007/09/11,0,245100,-6000,239100
2007/09/12,0,146000,-14274,131726
2007/09/13,0,91000,-12000,79000
2007/09/14,0,9000,-19637,-10637
2007/09/17,0,24000,-571000,-547000
2007/09/18,0,0,0,0
2007/09/19,0,173100,-676140,-503040
2007/09/20,0,69000,-16798,52202
2007/09/21,0,61000,-13736,47264
2007/09/24,0,0,0,0
2007/09/25,0,0,0,0
2007/09/26,0,205000,-12934,192066
2007/09/27,0,642000,-313914,328086
2007/09/28,0,1229000,-1208000,21000
2007/10/01,0,4000,-13000,-9000
2007/10/02,0,197000,-290000,-93000
2007/10/03,0,80000,-221085,-141085
2007/10/04,0,101000,-209000,-108000
2007/10/05,0,78000,-281000,-203000
2007/10/08,0,384000,-85757,298243
2007/10/09,0,9000,-76000,-67000
2007/10/10,0,0,0,0
2007/10/11,0,183100,-467458,-284358
2007/10/12,0,100000,-1000,99000
2007/10/15,0,419000,-5000,414000
2007/10/16,0,612000,-41000,571000
2007/10/17,0,206000,-72000,134000
2007/10/18,0,113000,-2000,111000
2007/10/19,0,58001,-19000,39001
2007/10/22,0,379000,-293000,86000
2007/10/23,0,909000,-191000,718000
2007/10/24,0,923000,-460000,463000
2007/10/25,0,158000,-29000,129000
2007/10/26,0,165000,0,165000
2007/10/29,0,265000,-35000,230000
2007/10/30,0,237000,-105763,131237
2007/10/31,0,606000,-300000,306000
2007/11/01,0,303000,-143000,160000
2007/11/02,0,454000,-215000,239000
2007/11/05,0,825000,-520000,305000
2007/11/06,0,230000,-367000,-137000
2007/11/07,0,596000,-668904,-72904
2007/11/08,0,680000,-212000,468000
2007/11/09,0,504000,-101000,403000
2007/11/12,0,324000,-243000,81000
2007/11/13,0,293000,-243000,50000
2007/11/14,0,238000,-31000,207000
2007/11/15,0,953000,-557000,396000
2007/11/16,0,1924000,-1078000,846000
2007/11/19,0,696000,-427000,269000
2007/11/20,0,329000,-316000,13000
2007/11/21,0,500000,-252000,248000
2007/11/22,0,960000,-755000,205000
2007/11/23,0,1302000,-547000,755000
2007/11/26,0,1766000,-1630849,135151
2007/11/27,0,1134000,-843761,290239
2007/11/28,0,1155000,-1146000,9000
2007/11/29,0,594000,-698000,-104000
2007/11/30,0,909000,-766675,142325
2007/12/03,0,237000,-405414,-168414
2007/12/04,0,581000,-401000,180000
2007/12/05,0,44000,-78000,-34000
2007/12/06,0,465000,-249080,215920
2007/12/07,0,1202715,-1056047,146668
2007/12/10,0,18000,-2000,16000
2007/12/11,0,275000,-500000,-225000
2007/12/12,0,70000,-216000,-146000
2007/12/13,0,40000,-752000,-712000
2007/12/14,0,291000,-959992,-668992
2007/12/17,0,66000,-237000,-171000
2007/12/18,0,385000,-37000,348000
2007/12/19,0,6000,-65000,-59000
2007/12/20,0,18000,-42000,-24000
2007/12/21,0,30000,-308000,-278000
2007/12/24,0,198000,-171000,27000
2007/12/25,0,104000,-1000,103000
2007/12/26,0,229000,-350000,-121000
2007/12/27,0,99000,-429000,-330000
2007/12/28,0,742000,-846000,-104000
2007/12/31,0,104000,-678000,-574000
2008/01/01,0,0,0,0
2008/01/02,0,346000,-760171,-414171
2008/01/03,0,692000,-911446,-219446
2008/01/04,0,199000,-767000,-568000
2008/01/07,0,626000,-476000,150000
2008/01/08,0,352000,-409000,-57000
2008/01/09,0,113000,-129000,-16000
2008/01/10,0,4000,-127000,-123000
2008/01/11,0,22000,-309000,-287000
2008/01/14,0,72000,-2079664,-2007664
2008/01/15,0,658000,-1361260,-703260
2008/01/16,0,36000,-180557,-144557
2008/01/17,0,413000,-321002,91998
2008/01/18,0,514000,-293000,221000
2008/01/21,0,165000,-60000,105000
2008/01/22,0,140227,-29000,111227
2008/01/23,0,499100,-167000,332100
2008/01/24,0,151000,-53000,98000
2008/01/25,0,166000,-86000,80000
2008/01/28,0,324000,-100000,224000
2008/01/29,0,209000,-28000,181000
2008/01/30,0,142000,-45000,97000
2008/01/31,0,217000,-17000,200000
2008/02/01,0,6656000,-6715016,-59016
2008/02/04,0,0,0,0
2008/02/05,0,0,0,0
2008/02/06,0,0,0,0
2008/02/07,0,0,0,0
2008/02/08,0,0,0,0
2008/02/11,0,0,0,0
2008/02/12,0,322000,-475001,-153001
2008/02/13,0,265000,-388000,-123000
2008/02/14,0,328000,-1494986,-1166986
2008/02/15,0,1254955,-649285,605670
2008/02/18,0,446000,-106343,339657
2008/02/19,0,1614000,-446000,1168000
2008/02/20,0,1367000,-785000,582000
2008/02/21,0,1278000,-380000,898000
2008/02/22,0,182000,-241000,-59000
2008/02/25,0,150000,-235000,-85000
2008/02/26,0,88000,-185000,-97000
2008/02/27,0,131000,-102000,29000
2008/02/28,0,0,0,0
2008/02/29,0,442000,-612000,-170000
2008/03/03,0,206000,-189000,17000
2008/03/04,0,65000,-8000,57000
2008/03/05,0,23000,-130000,-107000
2008/03/06,0,134000,-63000,71000
2008/03/07,0,43000,-173000,-130000
2008/03/10,0,36000,-36016,-16
2008/03/11,0,127000,-193000,-66000
2008/03/12,0,181000,-181000,0
2008/03/13,0,129000,-29000,100000
2008/03/14,0,95000,-42000,53000
2008/03/17,0,103000,-60000,43000
2008/03/18,0,221000,-177000,44000
2008/03/19,0,33000,-66000,-33000
2008/03/20,0,188000,-150000,38000
2008/03/21,0,165000,-180000,-15000
2008/03/24,0,244000,-19000,225000
2008/03/25,0,559000,-32000,527000
2008/03/26,0,1266000,-240793,1025207
2008/03/27,0,0,-153000,-153000
2008/03/28,0,2000,-46000,-44000
2008/03/31,0,911000,-149000,762000
2008/04/01,0,340000,-108000,232000
2008/04/02,0,814000,0,814000
2008/04/03,0,185000,-147000,38000
2008/04/04,0,0,0,0
2008/04/07,0,287000,-74000,213000
2008/04/08,0,64000,-56000,8000
2008/04/09,0,194000,-169000,25000
2008/04/10,0,207000,-152000,55000
2008/04/11,0,33000,-81000,-48000
2008/04/14,0,76000,-50000,26000
2008/04/15,0,329000,-169279,159721
2008/04/16,0,632000,-180311,451689
2008/04/17,0,290000,-194000,96000
2008/04/18,0,116000,-87000,29000
2008/04/21,0,178000,-72000,106000
2008/04/22,0,101000,-13100,87900
2008/04/23,0,73000,0,73000
2008/04/24,0,267000,-110000,157000
2008/04/25,0,195000,-15631,179369
2008/04/28,0,238000,-107000,131000
2008/04/29,0,67000,-27000,40000
2008/04/30,0,267000,-143000,124000
2008/05/01,0,0,0,0
2008/05/02,0,186000,-7000,179000
2008/05/05,0,0,-6000,-6000
2008/05/06,0,23000,-16000,7000
2008/05/07,0,149000,-73000,76000
2008/05/08,0,681000,-188000,493000
2008/05/09,0,477000,-72000,405000
2008/05/12,0,115000,-95000,20000
2008/05/13,0,220000,-27000,193000
2008/05/14,0,332000,-15000,317000
2008/05/15,0,93000,0,93000
2008/05/16,0,240000,-166549,73451
2008/05/19,0,175000,0,175000
2008/05/20,0,218000,-27000,191000
2008/05/21,0,93000,-19000,74000
2008/05/22,0,314000,-177627,136373
2008/05/23,0,189000,-20000,169000
2008/05/26,0,225000,0,225000
2008/05/27,0,214000,-105000,109000
2008/05/28,0,234000,-156000,78000
2008/05/29,0,137000,-18000,119000
2008/05/30,0,878000,-199000,679000
2008/06/02,0,175000,-27000,148000
2008/06/03,0,32000,-47000,-15000
2008/06/04,0,61000,-68000,-7000
2008/06/05,0,208000,-168000,40000
2008/06/06,0,964000,-474000,490000
2008/06/09,0,756000,-629000,127000
2008/06/10,0,1114000,-197286,916714
2008/06/11,0,460000,-172000,288000
2008/06/12,0,1933000,-264000,1669000
2008/06/13,0,43000,-98000,-55000
2008/06/16,0,30091,-22000,8091
2008/06/17,0,146000,-18000,128000
2008/06/18,0,85000,-98000,-13000
2008/06/19,0,149000,-271000,-122000
2008/06/20,0,192000,-187000,5000
2008/06/23,0,35000,-52000,-17000
2008/06/24,0,191000,-350000,-159000
2008/06/25,0,104000,-128000,-24000
2008/06/26,0,146000,-89000,57000
2008/06/27,0,186000,-216000,-30000
2008/06/30,0,653000,-586000,67000
2008/07/01,0,307000,-229000,78000
2008/07/02,0,227000,-471000,-244000
2008/07/03,0,256000,-687000,-431000
2008/07/04,0,13000,-108000,-95000
2008/07/07,0,27000,-145000,-118000
2008/07/08,0,332000,-422000,-90000
2008/07/09,0,1017000,-531000,486000
2008/07/10,0,388000,-342000,46000
2008/07/11,0,53000,-55000,-2000
2008/07/14,0,73000,-58000,15000
2008/07/15,0,21000,-120000,-99000
2008/07/16,0,43000,-263000,-220000
2008/07/17,0,814000,-749000,65000
2008/07/18,0,375000,-415000,-40000
2008/07/21,0,1301000,-698000,603000
2008/07/22,0,451000,-652000,-201000
2008/07/23,0,601000,-470041,130959
2008/07/24,0,3380000,-1728000,1652000
2008/07/25,0,1538000,-129000,1409000
2008/07/28,0,0,0,0
2008/07/29,0,106000,-351000,-245000
2008/07/30,0,179000,-71000,108000
2008/07/31,0,623000,-768000,-145000
2008/08/01,0,130000,-181000,-51000
2008/08/04,0,80000,-9000,71000
2008/08/05,0,20000,-38000,-18000
2008/08/06,0,147000,0,147000
2008/08/07,0,434000,-146000,288000
2008/08/08,0,535000,-389000,146000
2008/08/11,0,606000,-816000,-210000
2008/08/12,0,243000,-695000,-452000
2008/08/13,0,164000,-803000,-639000
2008/08/14,0,516000,-564000,-48000
2008/08/15,0,2000,-141000,-139000
2008/08/18,0,15000,-582000,-567000
2008/08/19,0,24000,-297716,-273716
2008/08/20,0,130000,-811000,-681000
2008/08/21,0,20000,-527000,-507000
2008/08/22,0,274000,-139000,135000
2008/08/25,0,0,-195000,-195000
2008/08/26,0,83000,-1122830,-1039830
2008/08/27,0,46000,-474000,-428000
2008/08/28,0,91000,-137744,-46744
2008/08/29,0,194200,-94000,100200
2008/09/01,0,65000,-190000,-125000
2008/09/02,0,237000,-151000,86000
2008/09/03,0,146000,-731477,-585477
2008/09/04,0,92000,-1977000,-1885000
2008/09/05,0,314000,-727104,-413104
2008/09/08,0,57000,-11739,45261
2008/09/09,0,203000,-513356,-310356
2008/09/10,0,214000,-489000,-275000
2008/09/11,0,20000,-341448,-321448
2008/09/12,0,192000,-370000,-178000
2008/09/15,0,209000,-221000,-12000
2008/09/16,0,612000,-801000,-189000
2008/09/17,0,293000,-583000,-290000
2008/09/18,0,178000,-257000,-79000
2008/09/19,0,0,-404000,-404000
2008/09/22,0,13000,-233000,-220000
2008/09/23,0,167000,-109000,58000
2008/09/24,0,95042,-529042,-434000
2008/09/25,0,69000,-580000,-511000
2008/09/26,0,18000,-371000,-353000
2008/09/29,0,0,0,0
2008/09/30,0,38000,-359000,-321000
2008/10/01,0,5000,-150390,-145390
2008/10/02,0,8500,-135000,-126500
2008/10/03,0,114000,-322540,-208540
2008/10/06,0,201000,-80456,120544
2008/10/07,0,168000,-149605,18395
2008/10/08,0,930000,-900000,30000
2008/10/09,0,47000,-295141,-248141
2008/10/10,0,0,0,0
2008/10/13,0,0,0,0
2008/10/14,0,138000,-399454,-261454
2008/10/15,0,79000,-12851,66149
2008/10/16,0,50000,-5000,45000
2008/10/17,0,189000,-860000,-671000
2008/10/20,0,53000,-633796,-580796
2008/10/21,0,9350,-646558,-637208
2008/10/22,0,240000,-477780,-237780
2008/10/23,0,0,-21677,-21677
2008/10/24,0,34000,-394470,-360470
2008/10/27,0,53000,-731000,-678000
2008/10/28,0,84000,-999000,-915000
2008/10/29,0,1266000,-1150672,115328
2008/10/30,0,118000,-48000,70000
2008/10/31,0,434028,-368000,66028
2008/11/03,0,234000,-338377,-104377
2008/11/04,0,174000,-32000,142000
2008/11/05,0,351000,-75000,276000
2008/11/06,0,166000,0,166000
2008/11/07,0,112000,-590000,-478000
2008/11/10,0,35000,-983787,-948787
2008/11/11,0,15000,-661371,-646371
2008/11/12,0,9000,-439412,-430412
2008/11/13,0,11000,-835000,-824000
2008/11/14,0,39000,-1157143,-1118143
2008/11/17,0,61000,-877358,-816358
2008/11/18,0,26000,-394078,-368078
2008/11/19,0,446000,-758949,-312949
2008/11/20,0,82000,-237798,-155798
2008/11/21,0,36000,-9000,27000
2008/11/24,0,0,-36000,-36000
2008/11/25,0,65000,-1454274,-1389274
2008/11/26,0,2000,-44000,-42000
2008/11/27,0,249000,-733430,-484430
2008/11/28,0,10000,-121000,-111000
2008/12/01,0,71000,-14676,56324
2008/12/02,0,18000,-132000,-114000
2008/12/03,0,209000,-79000,130000
2008/12/04,0,104000,-64000,40000
2008/12/05,0,108000,-174000,-66000
2008/12/08,0,108000,-550462,-442462
2008/12/09,0,45000,-1042000,-997000
2008/12/10,0,87000,-3594197,-3507197
2008/12/11,0,213000,-2782574,-2569574
2008/12/12,0,144000,-457000,-313000
2008/12/15,0,347000,-84000,263000
2008/12/16,0,37000,-1513285,-1476285
2008/12/17,0,947000,-1003000,-56000
2008/12/18,0,67000,-53000,14000
2008/12/19,0,157000,-33000,124000
2008/12/22,0,14000,-145000,-131000
2008/12/23,0,160000,-225000,-65000
2008/12/24,0,15000,-17000,-2000
2008/12/25,0,7000,-15000,-8000
2008/12/26,0,41000,-7000,34000
2008/12/29,0,15000,-44000,-29000
2008/12/30,0,196000,-9000,187000
2008/12/31,0,74000,-43000,31000
2009/01/01,0,0,0,0
2009/01/02,0,0,0,0
2009/01/05,0,127000,-22000,105000
2009/01/06,0,87000,-17000,70000
2009/01/07,0,152000,-468911,-316911
2009/01/08,0,11000,-167000,-156000
2009/01/09,0,220000,-134000,86000
2009/01/12,0,82000,-18000,64000
2009/01/13,0,294000,0,294000
2009/01/14,0,766000,-965000,-199000
2009/01/15,0,225000,-161000,64000
2009/01/16,0,450000,-1329000,-879000
2009/01/19,0,2000,-701391,-699391
2009/01/20,0,798000,-1291181,-493181
2009/01/21,0,1246000,-2831598,-1585598
2009/01/22,0,0,0,0
2009/01/23,0,0,0,0
2009/01/26,0,0,0,0
2009/01/27,0,0,0,0
2009/01/28,0,0,0,0
2009/01/29,0,0,0,0
2009/01/30,0,0,0,0
2009/02/02,0,309000,-12353,296647
2009/02/03,0,511000,-181000,330000
2009/02/04,0,465000,-60000,405000
2009/02/05,0,137000,0,137000
2009/02/06,0,1669000,-10000,1659000
2009/02/09,0,348000,-309000,39000
2009/02/10,0,75000,-216000,-141000
2009/02/11,0,216000,0,216000
2009/02/12,0,0,-962000,-962000
2009/02/13,0,48000,-501674,-453674
2009/02/16,0,67000,-1067000,-1000000
2009/02/17,0,4000,-476000,-472000
2009/02/18,0,894000,-905013,-11013
2009/02/19,0,496000,0,496000
2009/02/20,0,2000,-40000,-38000
2009/02/23,0,30000,-471000,-441000
2009/02/24,0,0,-386000,-386000
2009/02/25,0,94000,-102002,-8002
2009/02/26,0,292000,-597716,-305716
2009/02/27,0,683204,-1562892,-879688
2009/03/02,0,3000,-828388,-825388
2009/03/03,0,379000,-11000,368000
2009/03/04,0,254000,0,254000
2009/03/05,0,460000,-134000,326000
2009/03/06,0,132000,-948150,-816150
2009/03/09,0,39000,-239000,-200000
2009/03/10,0,8000,-210000,-202000
2009/03/11,0,0,-41000,-41000
2009/03/12,0,176000,0,176000
2009/03/13,0,751000,-99000,652000
2009/03/16,0,323000,-3000,320000
2009/03/17,0,261000,0,261000
2009/03/18,0,369000,-5000,364000
2009/03/19,0,181000,-42000,139000
2009/03/20,0,40000,-101000,-61000
2009/03/23,0,1178000,-238000,940000
2009/03/24,0,1099959,-2539,1097420
2009/03/25,0,574000,-278000,296000
2009/03/26,0,192000,0,192000
2009/03/27,0,61000,-24000,37000
2009/03/30,0,34000,-1392000,-1358000
2009/03/31,0,86000,-7000,79000
2009/04/01,0,1019592,-52000,967592
2009/04/02,0,213234,0,213234
2009/04/03,0,1514000,-506000,1008000
2009/04/06,0,1679000,-455000,1224000
2009/04/07,0,1391000,-3620250,-2229250
2009/04/08,0,414000,-403395,10605
2009/04/09,0,247000,-239,246761
2009/04/10,0,169000,0,169000
2009/04/13,0,292000,-176000,116000
2009/04/14,0,515000,-49000,466000
2009/04/15,0,109000,-1562207,-1453207
2009/04/16,0,118000,-1242981,-1124981
2009/04/17,0,108000,-1232000,-1124000
2009/04/20,0,263000,-138000,125000
2009/04/21,0,1050000,-1241000,-191000
2009/04/22,0,1032000,-93000,939000
2009/04/23,0,707000,-738000,-31000
2009/04/24,0,5294000,-548000,4746000
2009/04/27,0,5237000,-687000,4550000
2009/04/28,0,1881000,-982000,899000
2009/04/29,0,55000,-21000,34000
2009/04/30,0,1764000,-14000,1750000
2009/05/01,0,0,0,0
2009/05/04,0,2158000,-159000,1999000
2009/05/05,0,372000,-228000,144000
2009/05/06,0,581000,-26000,555000
2009/05/07,0,1853000,-613000,1240000
2009/05/08,0,2203000,-608000,1595000
2009/05/11,0,1831000,-563000,1268000
2009/05/12,0,897000,-74000,823000
2009/05/13,0,539000,-444000,95000
2009/05/14,0,179001,-660001,-481000
2009/05/15,0,611000,-459000,152000
2009/05/18,0,186000,-131000,55000
2009/05/19,0,107000,-365000,-258000
2009/05/20,0,137000,-83000,54000
2009/05/21,0,323000,-343000,-20000
2009/05/22,0,570000,-876000,-306000
2009/05/25,0,387000,-2340000,-1953000
2009/05/26,0,18000,-593000,-575000
2009/05/27,0,254000,-354000,-100000
2009/05/28,0,0,0,0
2009/05/29,0,0,0,0
2009/06/01,0,909000,-2258000,-1349000
2009/06/02,0,252999,-280999,-28000
2009/06/03,0,86000,-173000,-87000
2009/06/04,0,2000,-9000,-7000
2009/06/05,0,61000,0,61000
2009/06/08,0,22000,-199000,-177000
2009/06/09,0,69000,-31000,38000
2009/06/10,0,154000,-24000,130000
2009/06/11,0,24000,-467000,-443000
2009/06/12,0,150000,-337168,-187168
2009/06/15,0,461000,-62000,399000
2009/06/16,0,127000,-622315,-495315
2009/06/17,0,264000,-620000,-356000
2009/06/18,0,154000,-410002,-256002
2009/06/19,0,305000,-26001,278999
2009/06/22,0,765000,-25107,739893
2009/06/23,0,1270000,-1004239,265761
2009/06/24,0,1408000,-1301138,106862
2009/06/25,0,859000,-270000,589000
2009/06/26,0,117000,-75000,42000
2009/06/29,0,27000,-117000,-90000
2009/06/30,0,75000,-80000,-5000
2009/07/01,0,293000,-14000,279000
2009/07/02,0,621000,-167000,454000
2009/07/03,0,790000,-181000,609000
2009/07/06,0,59000,-144012,-85012
2009/07/07,0,49000,-44000,5000
2009/07/08,0,319000,-158000,161000
2009/07/09,0,25000,-27000,-2000
2009/07/10,0,102000,-224000,-122000
2009/07/13,0,3000,-98000,-95000
2009/07/14,0,216000,-32000,184000
2009/07/15,0,131600,-19000,112600
2009/07/16,0,44000,-485000,-441000
2009/07/17,0,25000,-15000,10000
2009/07/20,0,11000,-125000,-114000
2009/07/21,0,358000,-19000,339000
2009/07/22,0,1048000,-551000,497000
2009/07/23,0,834000,-830320,3680
2009/07/24,0,2166000,-1589826,576174
2009/07/27,0,52000,-709000,-657000
2009/07/28,0,53000,-998207,-945207
2009/07/29,0,274000,-159000,115000
2009/07/30,0,1105000,-1269000,-164000
2009/07/31,0,2792000,-642000,2150000
2009/08/03,0,337000,-139000,198000
2009/08/04,0,108000,-574000,-466000
2009/08/05,0,1122000,-501486,620514
2009/08/06,0,1000,-525000,-524000
2009/08/07,0,0,0,0
2009/08/10,0,1300000,-452000,848000
2009/08/11,0,1846000,-337000,1509000
2009/08/12,0,224000,-686000,-462000
2009/08/13,0,393000,-748855,-355855
2009/08/14,0,23000,-6000,17000
2009/08/17,0,61000,-85572,-24572
2009/08/18,0,6000,-129207,-123207
2009/08/19,0,28000,-208000,-180000
2009/08/20,0,15208,-57000,-41792
2009/08/21,0,237000,-6000,231000
2009/08/24,0,34000,-17000,17000
2009/08/25,0,61000,-11000,50000
2009/08/26,0,122000,-304414,-182414
2009/08/27,0,67000,0,67000
2009/08/28,0,382000,-1000,381000
2009/08/31,0,0,-13000,-13000
2009/09/01,0,1603000,-301000,1302000
2009/09/02,0,375200,-235628,139572
2009/09/03,0,227000,-15000,212000
2009/09/04,0,389000,-277000,112000
2009/09/07,0,117000,-196000,-79000
2009/09/08,0,249000,-167000,82000
2009/09/09,0,323000,-446119,-123119
2009/09/10,0,739000,-474000,265000
2009/09/11,0,50000,-209000,-159000
2009/09/14,0,9000,-286000,-277000
2009/09/15,0,135000,-138000,-3000
2009/09/16,0,138000,-442103,-304103
2009/09/17,0,865000,-838866,26134
2009/09/18,0,982000,-426215,555785
2009/09/21,0,108000,-2530000,-2422000
2009/09/22,0,103000,-129000,-26000
2009/09/23,0,73000,-2958332,-2885332
2009/09/24,0,1694000,-827000,867000
2009/09/25,0,100000,-7834000,-7734000
2009/09/28,0,753000,-1798765,-1045765
2009/09/29,0,226000,-1988000,-1762000
2009/09/30,0,653723,-4242816,-3589093
2009/10/01,0,158000,-1481000,-1323000
2009/10/02,0,188000,-1756000,-1568000
2009/10/05,0,125000,-393000,-268000
2009/10/06,0,51000,-1631000,-1580000
2009/10/07,0,28000,-1360352,-1332352
2009/10/08,0,101000,-2807002,-2706002
2009/10/09,0,272000,-1544000,-1272000
2009/10/12,0,36000,-299000,-263000
2009/10/13,0,56000,-747000,-691000
2009/10/14,0,306000,-2000,304000
2009/10/15,0,428000,-791000,-363000
2009/10/16,0,27000,-427000,-400000
2009/10/19,0,205000,-807000,-602000
2009/10/20,0,130000,-2124161,-1994161
2009/10/21,0,35000,-697000,-662000
2009/10/22,0,3220000,-2825570,394430
2009/10/23,0,1363000,-3472000,-2109000
2009/10/26,0,626000,-290000,336000
2009/10/27,0,158000,-3402000,-3244000
2009/10/28,0,4000,-3853000,-3849000
2009/10/29,0,114000,-2879211,-2765211
2009/10/30,0,124000,-1506000,-1382000
2009/11/02,0,1191000,-24000,1167000
2009/11/03,0,500000,-528000,-28000
2009/11/04,0,511000,-1388000,-877000
2009/11/05,0,213000,-650000,-437000
2009/11/06,0,532000,-352000,180000
2009/11/09,0,222000,-250000,-28000
2009/11/10,0,608000,-944000,-336000
2009/11/11,0,80000,-1046000,-966000
2009/11/12,0,607000,-890000,-283000
2009/11/13,0,336000,-1255000,-919000
2009/11/16,0,207000,-1132038,-925038
2009/11/17,0,55000,-537000,-482000
2009/11/18,0,406000,-138000,268000
2009/11/19,0,22000,-432000,-410000
2009/11/20,0,18000,-82962,-64962
2009/11/23,0,1000,-925000,-924000
2009/11/24,0,453000,-1416000,-963000
2009/11/25,0,98000,-2358800,-2260800
2009/11/26,0,77000,-1888000,-1811000
2009/11/27,0,58000,-52000,6000
2009/11/30,0,766000,-155000,611000
2009/12/01,0,733000,-1474257,-741257
2009/12/02,0,20000,-377000,-357000
2009/12/03,0,526227,-42000,484227
2009/12/04,0,199000,-1096602,-897602
2009/12/07,0,31000,-191000,-160000
2009/12/08,0,122000,-1414463,-1292463
2009/12/09,0,455000,-1280000,-825000
2009/12/10,0,332000,-3245710,-2913710
2009/12/11,0,2129000,-131000,1998000
2009/12/14,0,1107000,-187000,920000
2009/12/15,0,119000,-53678,65322
2009/12/16,0,630000,-828000,-198000
2009/12/17,0,60000,-324000,-264000
2009/12/18,0,58000,-343000,-285000
2009/12/21,0,147000,-130000,17000
2009/12/22,0,792000,-205000,587000
2009/12/23,0,40000,-112000,-72000
2009/12/24,0,79000,-32000,47000
2009/12/25,0,2000,-42000,-40000
2009/12/28,0,372000,-20000,352000
2009/12/29,0,31000,-217000,-186000
2009/12/30,0,121000,-106000,15000
2009/12/31,0,572000,-11000,561000
2010/01/01,0,0,0,0
2010/01/04,0,51000,-135037,-84037
2010/01/05,0,534000,-402000,132000
2010/01/06,0,58000,-589377,-531377
2010/01/07,0,209000,-56000,153000
2010/01/08,0,408000,-30000,378000
2010/01/11,0,95000,-280000,-185000
2010/01/12,0,182000,-199000,-17000
2010/01/13,0,70000,-567000,-497000
2010/01/14,0,1213000,-622000,591000
2010/01/15,0,66000,-32000,34000
2010/01/18,0,80000,-39402,40598
2010/01/19,0,103000,-128000,-25000
2010/01/20,0,1076000,-82000,994000
2010/01/21,0,768000,-81000,687000
2010/01/22,0,223000,-431000,-208000
2010/01/25,0,613000,-67000,546000
2010/01/26,0,712000,-259300,452700
2010/01/27,0,1939000,-107000,1832000
2010/01/28,0,1492000,-88000,1404000
2010/01/29,0,575000,-268000,307000
2010/02/01,0,102000,-721000,-619000
2010/02/02,0,3474000,-334000,3140000
2010/02/03,0,440000,-193000,247000
2010/02/04,0,1018000,-106000,912000
2010/02/05,0,337000,-125000,212000
2010/02/08,0,210000,-332900,-122900
2010/02/09,0,1315000,-210000,1105000
2010/02/10,0,235000,-282000,-47000
2010/02/11,0,0,0,0
2010/02/12,0,0,0,0
2010/02/15,0,0,0,0
2010/02/16,0,0,0,0
2010/02/17,0,0,0,0
2010/02/18,0,0,0,0
2010/02/19,0,0,0,0
2010/02/22,0,1299000,-4000,1295000
2010/02/23,0,106000,-205000,-99000
2010/02/24,0,118000,-238000,-120000
2010/02/25,0,134000,-192000,-58000
2010/02/26,0,1117000,-166000,951000
2010/03/01,0,2618000,-415000,2203000
2010/03/02,0,1206000,-170000,1036000
2010/03/03,0,1283170,-1198000,85170
2010/03/04,0,1757000,-642000,1115000
2010/03/05,0,1785000,-40000,1745000
2010/03/08,0,1375000,-62000,1313000
2010/03/09,0,759685,0,759685
2010/03/10,0,750000,-86000,664000
2010/03/11,0,360000,-20000,340000
2010/03/12,0,207000,-38000,169000
2010/03/15,0,211000,-457000,-246000
2010/03/16,0,108000,-567902,-459902
2010/03/17,0,1318000,-694000,624000
2010/03/18,0,1252000,-237000,1015000
2010/03/19,0,1404000,-1072000,332000
2010/03/22,0,2676000,-148000,2528000
2010/03/23,0,71000,-208000,-137000
2010/03/24,0,414000,-52000,362000
2010/03/25,0,79000,-55000,24000
2010/03/26,0,136000,-120000,16000
2010/03/29,0,1624000,-29000,1595000
2010/03/30,0,208000,-75000,133000
2010/03/31,0,1175000,-4000,1171000
2010/04/01,0,2009220,-274470,1734750
2010/04/02,0,1024000,-663000,361000
2010/04/05,0,0,0,0
2010/04/06,0,170000,-757607,-587607
2010/04/07,0,334000,-160000,174000
2010/04/08,0,2958000,-487000,2471000
2010/04/09,0,6637000,-555000,6082000
2010/04/12,0,1665000,-235000,1430000
2010/04/13,0,368200,-29000,339200
2010/04/14,0,132000,-19000,113000
2010/04/15,0,1029000,-41000,988000
2010/04/16,0,347000,-66000,281000
2010/04/19,0,128000,-20000,108000
2010/04/20,0,51000,-75000,-24000
2010/04/21,0,498000,-911000,-413000
2010/04/22,0,780000,-188000,592000
2010/04/23,0,126000,-120000,6000
2010/04/26,0,484000,-26000,458000
2010/04/27,0,45000,-42000,3000
2010/04/28,0,316000,-471000,-155000
2010/04/29,0,907000,-281000,626000
2010/04/30,0,500000,-258850,241150
2010/05/03,0,73000,-363571,-290571
2010/05/04,0,300000,-162000,138000
2010/05/05,0,1573000,-1327000,246000
2010/05/06,0,446000,-414000,32000
2010/05/07,0,227000,-1612680,-1385680
2010/05/10,0,389000,-269000,120000
2010/05/11,0,896000,-525000,371000
2010/05/12,0,295000,-253000,42000
2010/05/13,0,260500,-3000,257500
2010/05/14,0,205000,-5000,200000
2010/05/17,0,433000,-37000,396000
2010/05/18,0,317000,-321000,-4000
2010/05/19,0,156000,-305000,-149000
2010/05/20,0,359000,-1308000,-949000
2010/05/21,0,159000,-3552000,-3393000
2010/05/24,0,1943000,-909000,1034000
2010/05/25,0,1339000,-2208000,-869000
2010/05/26,0,350000,-426000,-76000
2010/05/27,0,611000,-784000,-173000
2010/05/28,0,605000,-268000,337000
2010/05/31,0,1127000,-199000,928000
2010/06/01,0,463000,-171000,292000
2010/06/02,0,714000,-737000,-23000
2010/06/03,0,415000,-45000,370000
2010/06/04,0,514000,-182000,332000
2010/06/07,0,160855,-43000,117855
2010/06/08,0,157000,-445000,-288000
2010/06/09,0,615000,-32000,583000
2010/06/10,0,1406000,-60000,1346000
2010/06/11,0,1986000,-450000,1536000
2010/06/14,0,600925,-5000,595925
2010/06/15,0,1225000,-248000,977000
2010/06/16,0,0,0,0
2010/06/17,0,821000,-117000,704000
2010/06/18,0,952000,-265765,686235
2010/06/21,0,598000,-307000,291000
2010/06/22,0,474000,-392000,82000
2010/06/23,0,124000,-315000,-191000
2010/06/24,0,123000,-504000,-381000
2010/06/25,0,46000,-265000,-219000
2010/06/28,0,249000,-29000,220000
2010/06/29,0,1689000,-1317000,372000
2010/06/30,0,55000,-1428000,-1373000
2010/07/01,0,209000,-106000,103000
2010/07/02,0,211000,-5000,206000
2010/07/05,0,197000,-620000,-423000
2010/07/06,0,2253000,-1869000,384000
2010/07/07,0,2877000,-115000,2762000
2010/07/08,0,760000,-3665000,-2905000
2010/07/09,0,469000,-1299000,-830000
2010/07/12,0,1853000,-302000,1551000
2010/07/13,0,1040000,-359060,680940
2010/07/14,0,1123000,-89000,1034000
2010/07/15,0,845000,-495000,350000
2010/07/16,0,1101000,-256209,844791
2010/07/19,0,470000,-1029000,-559000
2010/07/20,0,513000,-5000,508000
2010/07/21,0,309000,-24000,285000
2010/07/22,0,28000,-107000,-79000
2010/07/23,0,498648,-65990,432658
2010/07/26,0,37000,-955000,-918000
2010/07/27,0,267000,-23000,244000
2010/07/28,0,476000,-7000,469000
2010/07/29,0,798000,-260000,538000
2010/07/30,0,316000,-452000,-136000
2010/08/02,0,1362837,-708837,654000
2010/08/03,0,369000,-213000,156000
2010/08/04,0,862000,-94000,768000
2010/08/05,0,1643000,-94000,1549000
2010/08/06,0,791000,-1410000,-619000
2010/08/09,0,1067000,0,1067000
2010/08/10,0,2027000,-2000,2025000
2010/08/11,0,1755000,-1348000,407000
2010/08/12,0,1013000,-2682000,-1669000
2010/08/13,0,473000,-702000,-229000
2010/08/16,0,524000,-1050000,-526000
2010/08/17,0,1561000,-1663906,-102906
2010/08/18,0,1884835,-452000,1432835
2010/08/19,0,1901000,-246680,1654320
2010/08/20,0,1692700,-160000,1532700
2010/08/23,0,1366000,-80000,1286000
2010/08/24,0,1041000,-640000,401000
2010/08/25,0,1691000,-1231000,460000
2010/08/26,0,640000,-131090,508910
2010/08/27,0,1572000,-329000,1243000
2010/08/30,0,887000,-273000,614000
2010/08/31,0,1444000,-46112,1397888
2010/09/01,0,1042000,-188697,853303
2010/09/02,0,1055000,-1045385,9615
2010/09/03,0,354000,-253924,100076
2010/09/06,0,37000,-71800,-34800
2010/09/07,0,12000,-642000,-630000
2010/09/08,0,377000,-439300,-62300
2010/09/09,0,1067000,-524000,543000
2010/09/10,0,1327000,-937679,389321
2010/09/13,0,677000,-271403,405597
2010/09/14,0,246000,-64523,181477
2010/09/15,0,573000,-271439,301561
2010/09/16,0,1265790,-97791,1167999
2010/09/17,0,1353300,-380200,973100
2010/09/20,0,15000,-76000,-61000
2010/09/21,0,801000,-541000,260000
2010/09/22,0,0,0,0
2010/09/23,0,856580,-42000,814580
2010/09/24,0,402000,-9000,393000
2010/09/27,0,1448000,-35312,1412688
2010/09/28,0,664000,-289000,375000
2010/09/29,0,309000,-19000,290000
2010/09/30,0,1075000,-679000,396000
2010/10/01,0,259000,-31000,228000
2010/10/04,0,622000,-243000,379000
2010/10/05,0,1138000,-317000,821000
2010/10/06,0,404000,-127111,276889
2010/10/07,0,773000,-140800,632200
2010/10/08,0,347000,-39000,308000
2010/10/11,0,298000,-261000,37000
2010/10/12,0,271000,-230001,40999
2010/10/13,0,1094000,-724834,369166
2010/10/14,0,1497985,-122000,1375985
2010/10/15,0,489000,-69000,420000
2010/10/18,0,58000,-201000,-143000
2010/10/19,0,12000,-116000,-104000
2010/10/20,0,158000,-24000,134000
2010/10/21,0,96000,-224000,-128000
2010/10/22,0,82000,-55953,26047
2010/10/25,0,1427000,-104001,1322999
2010/10/26,0,3022000,-801001,2220999
2010/10/27,0,987000,-507000,480000
2010/10/28,0,909000,-150800,758200
2010/10/29,0,434655,-167000,267655
2010/11/01,0,1168775,-74000,1094775
2010/11/02,0,965000,-101660,863340
2010/11/03,0,1365000,-284000,1081000
2010/11/04,0,490000,-101000,389000
2010/11/05,0,1379000,-371080,1007920
2010/11/08,0,609000,-44000,565000
2010/11/09,0,560000,-67900,492100
2010/11/10,0,424000,-14000,410000
2010/11/11,0,416000,-311500,104500
2010/11/12,0,476000,-397731,78269
2010/11/15,0,643000,-373000,270000
2010/11/16,0,996000,-387000,609000
2010/11/17,0,824000,-935000,-111000
2010/11/18,0,99000,-17000,82000
2010/11/19,0,32000,-507000,-475000
2010/11/22,0,433000,-31000,402000
2010/11/23,0,354000,-367900,-13900
2010/11/24,0,114000,-117003,-3003
2010/11/25,0,215000,-44000,171000
2010/11/26,0,124000,-7000,117000
2010/11/29,0,26000,-91000,-65000
2010/11/30,0,729000,-257500,471500
2010/12/01,0,3800000,-129277,3670723
2010/12/02,0,1042000,-695146,346854
2010/12/03,0,1072000,-419200,652800
2010/12/06,0,1391000,-227000,1164000
2010/12/07,0,4213000,-255090,3957910
2010/12/08,0,896000,-232000,664000
2010/12/09,0,771000,-348000,423000
2010/12/10,0,821000,-175000,646000
2010/12/13,0,695000,-187000,508000
2010/12/14,0,2305000,-291000,2014000
2010/12/15,0,919360,-546000,373360
2010/12/16,0,447000,-240000,207000
2010/12/17,0,320000,-35000,285000
2010/12/20,0,1611000,-787500,823500
2010/12/21,0,411000,-187120,223880
2010/12/22,0,858000,-54737,803263
2010/12/23,0,196000,-26000,170000
2010/12/24,0,213000,-110000,103000
2010/12/27,0,240000,-14000,226000
2010/12/28,0,777000,-364000,413000
2010/12/29,0,802000,-1078500,-276500
2010/12/30,0,1089000,-852000,237000
2010/12/31,0,540000,-673664,-133664
2011/01/03,0,668000,-22000,646000
2011/01/04,0,545500,-477450,68050
2011/01/05,0,325000,-156000,169000
2011/01/06,0,228000,-12000,216000
2011/01/07,0,429000,-114000,315000
2011/01/10,0,383000,-183000,200000
2011/01/11,0,185000,-14000,171000
2011/01/12,0,443000,-6760,436240
2011/01/13,0,535000,-158000,377000
2011/01/14,0,350000,-166000,184000
2011/01/17,0,32000,-169000,-137000
2011/01/18,0,364030,-47000,317030
2011/01/19,0,429000,-23000,406000
2011/01/20,0,443000,-77000,366000
2011/01/21,0,389000,-47550,341450
2011/01/24,0,709000,-270000,439000
2011/01/25,0,332000,-191000,141000
2011/01/26,0,242000,-117101,124899
2011/01/27,0,209000,-59000,150000
2011/01/28,0,281000,-75000,206000
2011/01/31,0,0,0,0
2011/02/01,0,0,0,0
2011/02/02,0,0,0,0
2011/02/03,0,0,0,0
2011/02/04,0,0,0,0
2011/02/07,0,0,0,0
2011/02/08,0,894700,-758000,136700
2011/02/09,0,1299000,-861500,437500
2011/02/10,0,1018000,-946000,72000
2011/02/11,0,2951000,-2465000,486000
2011/02/14,0,1333000,-1407000,-74000
2011/02/15,0,1004000,-669196,334804
2011/02/16,0,1333000,-1411900,-78900
2011/02/17,0,1879000,-1429100,449900
2011/02/18,0,1338000,-457000,881000
2011/02/21,0,210000,-110000,100000
2011/02/22,0,765000,-332591,432409
2011/02/23,0,818000,-595500,222500
2011/02/24,0,358000,-299000,59000
2011/02/25,0,2937000,-3119531,-182531
2011/02/28,0,0,0,0
2011/03/01,0,1425000,-1376000,49000
2011/03/02,0,748000,-790000,-42000
2011/03/03,0,415000,-815000,-400000
2011/03/04,0,1663000,-1853000,-190000
2011/03/07,0,1153000,-1733021,-580021
2011/03/08,0,56000,-69000,-13000
2011/03/09,0,34000,-291000,-257000
2011/03/10,0,210000,-184000,26000
2011/03/11,0,223000,-748000,-525000
2011/03/14,0,318000,-672000,-354000
2011/03/15,0,584000,-742000,-158000
2011/03/16,0,745000,-593000,152000
2011/03/17,0,769000,-589000,180000
2011/03/18,0,735000,-692000,43000
2011/03/21,0,71000,-48000,23000
2011/03/22,0,148000,-164000,-16000
2011/03/23,0,91000,-861000,-770000
2011/03/24,0,684000,-1064600,-380600
2011/03/25,0,682000,-340242,341758
2011/03/28,0,1498000,-41000,1457000
2011/03/29,0,897000,-177000,720000
2011/03/30,0,1647000,-108000,1539000
2011/03/31,0,2258911,-36090,2222821
2011/04/01,0,352000,-634000,-282000
2011/04/04,0,0,0,0
2011/04/05,0,0,0,0
2011/04/06,0,382000,-64000,318000
2011/04/07,0,271000,0,271000
2011/04/08,0,180000,-22000,158000
2011/04/11,0,412000,-237000,175000
2011/04/12,0,266000,-505000,-239000
2011/04/13,0,100000,-808000,-708000
2011/04/14,0,432000,-370000,62000
2011/04/15,0,58000,-205000,-147000
2011/04/18,0,92000,-255900,-163900
2011/04/19,0,51000,-167000,-116000
2011/04/20,0,239000,-448000,-209000
2011/04/21,0,638000,-272000,366000
2011/04/22,0,314000,-114000,200000
2011/04/25,0,278000,-73000,205000
2011/04/26,0,331000,-450400,-119400
2011/04/27,0,1180000,-284000,896000
2011/04/28,0,453000,-354000,99000
2011/04/29,0,272000,-574000,-302000
2011/05/02,0,0,0,0
2011/05/03,0,109000,-597000,-488000
2011/05/04,0,214000,-583000,-369000
2011/05/05,0,412000,-570000,-158000
2011/05/06,0,88000,-61000,27000
2011/05/09,0,214000,-100000,114000
2011/05/10,0,171000,-41000,130000
2011/05/11,0,107000,-51000,56000
2011/05/12,0,571000,-146000,425000
2011/05/13,0,154000,-98000,56000
2011/05/16,0,204000,-314000,-110000
2011/05/17,0,623000,-453000,170000
2011/05/18,0,340000,-166000,174000
2011/05/19,0,589995,-85000,504995
2011/05/20,0,78000,-79000,-1000
2011/05/23,0,557000,-474000,83000
2011/05/24,0,625000,-404000,221000
2011/05/25,0,203000,-227000,-24000
2011/05/26,0,194000,-132413,61587
2011/05/27,0,10000,-106000,-96000
2011/05/30,0,75000,-98000,-23000
2011/05/31,0,731000,-890000,-159000
2011/06/01,0,428000,-7000,421000
2011/06/02,0,662000,-262000,400000
2011/06/03,0,513000,-747000,-234000
2011/06/06,0,0,0,0
2011/06/07,0,572000,-514000,58000
2011/06/08,0,416000,-375000,41000
2011/06/09,0,472000,-222000,250000
2011/06/10,0,647000,-277000,370000
2011/06/13,0,193000,-226000,-33000
2011/06/14,0,130000,-63000,67000
2011/06/15,0,706000,-496000,210000
2011/06/16,0,425000,-598000,-173000
2011/06/17,0,731000,-551000,180000
2011/06/20,0,929000,-788000,141000
2011/06/21,0,784000,-1022000,-238000
2011/06/22,0,2217869,-2318896,-101027
2011/06/23,0,2346000,-1757000,589000
2011/06/24,0,1191000,-474000,717000
2011/06/27,0,419000,-243000,176000
2011/06/28,0,757000,-684000,73000
2011/06/29,0,447300,-278000,169300
2011/06/30,0,147000,-111000,36000
2011/07/01,0,207000,-143000,64000
2011/07/04,0,283000,-413000,-130000
2011/07/05,0,301000,-319000,-18000
2011/07/06,0,101000,-105000,-4000
2011/07/07,0,919351,-727351,192000
2011/07/08,0,1406000,-1466799,-60799
2011/07/11,0,883000,-940495,-57495
2011/07/12,0,913000,-788000,125000
2011/07/13,0,1767575,-2009000,-241425
2011/07/14,0,514700,-1160000,-645300
2011/07/15,0,716000,-1082782,-366782
2011/07/18,0,40000,-329200,-289200
2011/07/19,0,89000,-777000,-688000
2011/07/20,0,708000,-1731769,-1023769
2011/07/21,0,428880,-615000,-186120
2011/07/22,0,844000,-1169351,-325351
2011/07/25,0,559000,-421000,138000
2011/07/26,0,424000,-435000,-11000
2011/07/27,0,281000,-1475000,-1194000
2011/07/28,0,886000,-1445000,-559000
2011/07/29,0,615000,-1170000,-555000
2011/08/01,0,308000,-307000,1000
2011/08/02,0,569000,-529000,40000
2011/08/03,0,1419000,-1621000,-202000
2011/08/04,0,1255000,-1022000,233000
2011/08/05,0,395000,-170000,225000
2011/08/08,0,883000,-921000,-38000
2011/08/09,0,404000,-224000,180000
2011/08/10,0,366000,-468000,-102000
2011/08/11,0,878900,-580000,298900
2011/08/12,0,270000,-426600,-156600
2011/08/15,0,362000,-270000,92000
2011/08/16,0,415000,-405814,9186
2011/08/17,0,976200,-1091980,-115780
2011/08/18,0,1179000,-1083058,95942
2011/08/19,0,279000,-89000,190000
2011/08/22,0,592000,-294364,297636
2011/08/23,0,440280,-186560,253720
2011/08/24,0,344990,-491300,-146310
2011/08/25,0,408000,-166000,242000
2011/08/26,0,502000,-429600,72400
2011/08/29,0,463000,-237000,226000
2011/08/30,0,408600,-505460,-96860
2011/08/31,0,242000,-211000,31000
2011/09/01,0,957000,-1084000,-127000
2011/09/02,0,2281000,-2943680,-662680
2011/09/05,0,731000,-1233491,-502491
2011/09/06,0,1151000,-755000,396000
2011/09/07,0,707260,-251000,456260
2011/09/08,0,639000,-187320,451680
2011/09/09,0,144798,-113310,31488
2011/09/12,0,0,0,0
2011/09/13,0,169281,-82000,87281
2011/09/14,0,1580000,-1960520,-380520
2011/09/15,0,346000,-325220,20780
2011/09/16,0,491000,-160000,331000
2011/09/19,0,157000,-115600,41400
2011/09/20,0,162000,-125810,36190
2011/09/21,0,158000,-53510,104490
2011/09/22,0,382000,-264000,118000
2011/09/23,0,710000,-744555,-34555
2011/09/26,0,348000,-245000,103000
2011/09/27,0,721000,-776337,-55337
2011/09/28,0,756000,-621440,134560
2011/09/29,0,263000,-172000,91000
2011/09/30,0,905000,-1336600,-431600
2011/10/03,0,641000,-469031,171969
2011/10/04,0,1224000,-2047200,-823200
2011/10/05,0,674000,-1132400,-458400
2011/10/06,0,1182000,-1103000,79000
2011/10/07,0,753000,-421520,331480
2011/10/10,0,0,0,0
2011/10/11,0,1431000,-1294000,137000
2011/10/12,0,153000,-249000,-96000
2011/10/13,0,419000,-662120,-243120
2011/10/14,0,744000,-671607,72393
2011/10/17,0,243000,-102000,141000
2011/10/18,0,34280,-31400,2880
2011/10/19,0,274000,-12560,261440
2011/10/20,0,188000,-92000,96000
2011/10/21,0,119000,-52000,67000
2011/10/24,0,1298000,-472216,825784
2011/10/25,0,1010690,-345440,665250
2011/10/26,0,391000,-1565685,-1174685
2011/10/27,0,1567000,-1617000,-50000
2011/10/28,0,2292000,-2309280,-17280
2011/10/31,0,1812000,-1097408,714592
2011/11/01,0,1074000,-17000,1057000
2011/11/02,0,200000,-44000,156000
2011/11/03,0,246000,-162000,84000
2011/11/04,0,412000,-6000,406000
2011/11/07,0,292000,-117000,175000
2011/11/08,0,532000,-22000,510000
2011/11/09,0,855710,-24000,831710
2011/11/10,0,458000,-96010,361990
2011/11/11,0,673000,-182436,490564
2011/11/14,0,451000,-77000,374000
2011/11/15,0,254000,-16000,238000
2011/11/16,0,242750,-29000,213750
2011/11/17,0,24000,-39000,-15000
2011/11/18,0,535000,-489303,45697
2011/11/21,0,671000,-739000,-68000
2011/11/22,0,500000,-489000,11000
2011/11/23,0,618000,-414000,204000
2011/11/24,0,400000,-344000,56000
2011/11/25,0,350000,-331000,19000
2011/11/28,0,419000,-263000,156000
2011/11/29,0,410000,-307000,103000
2011/11/30,0,890000,-853000,37000
2011/12/01,0,651000,-839000,-188000
2011/12/02,0,308000,-147000,161000
2011/12/05,0,428000,-304000,124000
2011/12/06,0,77000,-139000,-62000
2011/12/07,0,140000,-106921,33079
2011/12/08,0,147000,-113000,34000
2011/12/09,0,232000,-163000,69000
2011/12/12,0,129000,-123000,6000
2011/12/13,0,399000,-337560,61440
2011/12/14,0,547000,-348000,199000
2011/12/15,0,296000,-108047,187953
2011/12/16,0,377000,-659000,-282000
2011/12/19,0,477000,-481000,-4000
2011/12/20,0,234000,-116000,118000
2011/12/21,0,41000,-177000,-136000
2011/12/22,0,275000,-270000,5000
2011/12/23,0,170000,-359000,-189000
2011/12/26,0,28000,-90000,-62000
2011/12/27,0,81000,-93785,-12785
2011/12/28,0,56665,-61665,-5000
2011/12/29,0,214000,-206000,8000
2011/12/30,0,57000,-61000,-4000
2012/01/02,0,177000,-120000,57000
2012/01/03,0,609000,-455826,153174
2012/01/04,0,266000,-131000,135000
2012/01/05,0,129000,-84735,44265
2012/01/06,0,626000,-533000,93000
2012/01/09,0,668000,-613000,55000
2012/01/10,0,283000,-253000,30000
2012/01/11,0,1141000,-1250130,-109130
2012/01/12,0,2785090,-2629320,155770
2012/01/13,0,1788000,-2392683,-604683
2012/01/16,0,672000,-859000,-187000
2012/01/17,0,690000,-1310520,-620520
2012/01/18,0,2867000,-4104000,-1237000
2012/01/19,0,0,0,0
2012/01/20,0,0,0,0
2012/01/23,0,0,0,0
2012/01/24,0,0,0,0
2012/01/25,0,0,0,0
2012/01/26,0,0,0,0
2012/01/27,0,0,0,0
2012/01/30,0,1363000,-604031,758969
2012/01/31,0,1129000,-372221,756779
2012/02/01,0,166000,-530000,-364000
2012/02/02,0,578000,-895000,-317000
2012/02/03,0,357000,-455000,-98000
2012/02/06,0,375000,-748525,-373525
2012/02/07,0,204000,-98000,106000
2012/02/08,0,605000,-73000,532000
2012/02/09,0,228000,-117000,111000
2012/02/10,0,292000,-125000,167000
2012/02/13,0,483000,-308000,175000
2012/02/14,0,172000,-39000,133000
2012/02/15,0,220000,-112000,108000
2012/02/16,0,287000,-309000,-22000
2012/02/17,0,290000,-272000,18000
2012/02/20,0,51000,-89000,-38000
2012/02/21,0,1151000,-1102732,48268
2012/02/22,0,75000,-733000,-658000
2012/02/23,0,620000,-1082000,-462000
2012/02/24,0,627000,-645000,-18000
2012/02/27,0,0,0,0
2012/02/28,0,0,0,0
2012/02/29,0,670000,-554763,115237
2012/03/01,0,875000,-195000,680000
2012/03/02,0,401000,-251000,150000
2012/03/05,0,402000,-91000,311000
2012/03/06,0,97000,-64078,32922
2012/03/07,0,203000,-175673,27327
2012/03/08,0,242000,-172000,70000
2012/03/09,0,836000,-342000,494000
2012/03/12,0,89000,-124000,-35000
2012/03/13,0,125000,-31000,94000
2012/03/14,0,158000,-40885,117115
2012/03/15,0,95000,-175000,-80000
2012/03/16,0,129000,-110000,19000
2012/03/19,0,152000,-231000,-79000
2012/03/20,0,416000,-231000,185000
2012/03/21,0,214000,-28000,186000
2012/03/22,0,255000,-17000,238000
2012/03/23,0,787000,-27465,759535
2012/03/26,0,477000,-64544,412456
2012/03/27,0,525600,-163000,362600
2012/03/28,0,910100,-10000,900100
2012/03/29,0,1288000,-132000,1156000
2012/03/30,0,460000,-58889,401111
2012/04/02,0,197000,-57000,140000
2012/04/03,0,313000,-267001,45999
2012/04/04,0,0,0,0
2012/04/05,0,350000,-94400,255600
2012/04/06,0,188000,-318000,-130000
2012/04/09,0,266000,-55000,211000
2012/04/10,0,231000,-22000,209000
2012/04/11,0,96000,-28000,68000
2012/04/12,0,128000,-91921,36079
2012/04/13,0,189000,-95000,94000
2012/04/16,0,303000,-152000,151000
2012/04/17,0,209000,-117000,92000
2012/04/18,0,329000,-95000,234000
2012/04/19,0,404000,-169298,234702
2012/04/20,0,370000,-172559,197441
2012/04/23,0,79000,-24000,55000
2012/04/24,0,201000,-131440,69560
2012/04/25,0,43000,-61000,-18000
2012/04/26,0,150916,-493000,-342084
2012/04/27,0,65000,-204000,-139000
2012/04/30,0,109000,-122200,-13200
2012/05/01,0,0,0,0
2012/05/02,0,398000,-622200,-224200
2012/05/03,0,385000,-239000,146000
2012/05/04,0,676300,-185000,491300
2012/05/07,0,120000,-132000,-12000
2012/05/08,0,43000,-53000,-10000
2012/05/09,0,67000,-117000,-50000
2012/05/10,0,153000,-233000,-80000
2012/05/11,0,69000,-54000,15000
2012/05/14,0,137000,-60000,77000
2012/05/15,0,45000,-34000,11000
2012/05/16,0,75000,-108520,-33520
2012/05/17,0,23000,-229000,-206000
2012/05/18,0,82000,-291000,-209000
2012/05/21,0,251000,-388000,-137000
2012/05/22,0,205000,-266000,-61000
2012/05/23,0,432378,-421000,11378
2012/05/24,0,143000,-119000,24000
2012/05/25,0,216000,-207000,9000
2012/05/28,0,48000,-4000,44000
2012/05/29,0,172000,-26000,146000
2012/05/30,0,331000,-210000,121000
2012/05/31,0,225000,-96000,129000
2012/06/01,0,186000,-41822,144178
2012/06/04,0,188000,-37000,151000
2012/06/05,0,364000,-143000,221000
2012/06/06,0,207000,-42000,165000
2012/06/07,0,403000,-288000,115000
2012/06/08,0,95000,-32000,63000
2012/06/11,0,94000,-37000,57000
2012/06/12,0,441000,-281000,160000
2012/06/13,0,93000,-21000,72000
2012/06/14,0,153000,-134000,19000
2012/06/15,0,1175972,-1109000,66972
2012/06/18,0,454000,-510000,-56000
2012/06/19,0,184000,-655000,-471000
2012/06/20,0,890000,-842360,47640
2012/06/21,0,192080,-128080,64000
2012/06/22,0,109080,-70080,39000
2012/06/25,0,40000,-118000,-78000
2012/06/26,0,333000,-401000,-68000
2012/06/27,0,43000,-133000,-90000
2012/06/28,0,330235,-411302,-81067
2012/06/29,0,992234,-974000,18234
2012/07/02,0,204000,-41000,163000
2012/07/03,0,654000,-459000,195000
2012/07/04,0,380000,-180000,200000
2012/07/05,0,297000,-90000,207000
2012/07/06,0,610000,-448000,162000
2012/07/09,0,226000,-21000,205000
2012/07/10,0,215000,-22000,193000
2012/07/11,0,249000,-11000,238000
2012/07/12,0,218000,-65000,153000
2012/07/13,0,363000,-80000,283000
2012/07/16,0,267000,-17000,250000
2012/07/17,0,256000,-25000,231000
2012/07/18,0,167000,-88000,79000
2012/07/19,0,134000,-104315,29685
2012/07/20,0,222000,-49680,172320
2012/07/23,0,152000,-79000,73000
2012/07/24,0,467000,-332920,134080
2012/07/25,0,414000,-356600,57400
2012/07/26,0,344000,-272000,72000
2012/07/27,0,369000,-593200,-224200
2012/07/30,0,376000,-427000,-51000
2012/07/31,0,427000,-668200,-241200
2012/08/01,0,182000,-151000,31000
2012/08/02,0,0,0,0
2012/08/03,0,373700,-596000,-222300
2012/08/06,0,3316000,-3558000,-242000
2012/08/07,0,88000,-501000,-413000
2012/08/08,0,357000,-1783945,-1426945
2012/08/09,0,1995000,-3430240,-1435240
2012/08/10,0,1268000,-1966000,-698000
2012/08/13,0,120000,-708000,-588000
2012/08/14,0,44000,-1465000,-1421000
2012/08/15,0,995000,-1872900,-877900
2012/08/16,0,56000,-336000,-280000
2012/08/17,0,226000,-718012,-492012
2012/08/20,0,101000,-453000,-352000
2012/08/21,0,8000,-370000,-362000
2012/08/22,0,222000,-465000,-243000
2012/08/23,0,720000,-726000,-6000
2012/08/24,0,234000,-528000,-294000
2012/08/27,0,369000,-734000,-365000
2012/08/28,0,299000,-387000,-88000
2012/08/29,0,226000,-579680,-353680
2012/08/30,0,84000,-342000,-258000
2012/08/31,0,38000,-675120,-637120
2012/09/03,0,13000,-222000,-209000
2012/09/04,0,28000,-489000,-461000
2012/09/05,0,49000,-668000,-619000
2012/09/06,0,25000,-470000,-445000
2012/09/07,0,124000,-403160,-279160
2012/09/10,0,14000,-222000,-208000
2012/09/11,0,3000,-171000,-168000
2012/09/12,0,351000,-1005000,-654000
2012/09/13,0,136000,-1193848,-1057848
2012/09/14,0,94000,-877520,-783520
2012/09/17,0,378000,-521000,-143000
2012/09/18,0,1057000,-1142000,-85000
2012/09/19,0,264000,-463000,-199000
2012/09/20,0,229760,-629000,-399240
2012/09/21,0,86000,-877378,-791378
2012/09/24,0,68000,-229000,-161000
2012/09/25,0,102000,-565000,-463000
2012/09/26,0,65000,-624000,-559000
2012/09/27,0,428000,-1450000,-1022000
2012/09/28,0,182000,-597000,-415000
2012/10/01,0,293000,-1328330,-1035330
2012/10/02,0,71000,-532000,-461000
2012/10/03,0,314000,-788000,-474000
2012/10/04,0,948000,-741000,207000
2012/10/05,0,354000,-905000,-551000
2012/10/08,0,188000,-354160,-166160
2012/10/09,0,176585,-337640,-161055
2012/10/10,0,0,0,0
2012/10/11,0,152000,-805000,-653000
2012/10/12,0,427000,-781000,-354000
2012/10/15,0,205000,-559000,-354000
2012/10/16,0,683840,-2248840,-1565000
2012/10/17,0,464000,-489840,-25840
2012/10/18,0,529000,-118000,411000
2012/10/19,0,939000,-847000,92000
2012/10/22,0,227000,-326000,-99000
2012/10/23,0,50000,-183000,-133000
2012/10/24,0,25000,-241000,-216000
2012/10/25,0,124000,-757000,-633000
2012/10/26,0,110000,-354000,-244000
2012/10/29,0,218000,-200000,18000
2012/10/30,0,205000,-720000,-515000
2012/10/31,0,40000,-107000,-67000
2012/11/01,0,713000,-571000,142000
2012/11/02,0,517000,-359000,158000
2012/11/05,0,1007000,-584000,423000
2012/11/06,0,836000,-180000,656000
2012/11/07,0,454000,-231000,223000
2012/11/08,0,171000,-116000,55000
2012/11/09,0,824000,-144480,679520
2012/11/12,0,391000,-51000,340000
2012/11/13,0,122000,-138000,-16000
2012/11/14,0,38000,-28000,10000
2012/11/15,0,264000,-127001,136999
2012/11/16,0,183000,-134000,49000
2012/11/19,0,103000,-16000,87000
2012/11/20,0,93000,-44000,49000
2012/11/21,0,287000,-265000,22000
2012/11/22,0,205000,-28000,177000
2012/11/23,0,253000,-38000,215000
2012/11/26,0,126000,-39000,87000
2012/11/27,0,290000,-49000,241000
2012/11/28,0,178000,-57040,120960
2012/11/29,0,252000,-21000,231000
2012/11/30,0,197000,-18000,179000
2012/12/03,0,200000,-34792,165208
2012/12/04,0,457590,-57000,400590
2012/12/05,0,97280,-34000,63280
2012/12/06,0,9000,-45000,-36000
2012/12/07,0,81000,-129000,-48000
2012/12/10,0,886000,-904000,-18000
2012/12/11,0,187000,-251000,-64000
2012/12/12,0,362000,-462000,-100000
2012/12/13,0,157000,-529000,-372000
2012/12/14,0,255000,-324000,-69000
2012/12/17,0,214000,-179000,35000
2012/12/18,0,334000,-485626,-151626
2012/12/19,0,669000,-519000,150000
2012/12/20,0,439000,-256000,183000
2012/12/21,0,454000,-393000,61000
2012/12/24,0,100000,-168000,-68000
2012/12/25,0,113000,-128000,-15000
2012/12/26,0,243000,-63000,180000
2012/12/27,0,77000,-52000,25000
2012/12/28,0,49000,-61000,-12000
2012/12/31,0,0,0,0
2013/01/01,0,0,0,0
2013/01/02,0,234000,-338000,-104000
2013/01/03,0,88000,-462000,-374000
2013/01/04,0,64000,-111000,-47000
2013/01/07,0,153000,-106000,47000
2013/01/08,0,166000,-148000,18000
2013/01/09,0,67000,-48000,19000
2013/01/10,0,201000,-150000,51000
2013/01/11,0,196000,-214000,-18000
2013/01/14,0,309000,-366000,-57000
2013/01/15,0,227000,-309000,-82000
2013/01/16,0,323000,-222000,101000
2013/01/17,0,383000,-240000,143000
2013/01/18,0,100000,-86000,14000
2013/01/21,0,118000,-97000,21000
2013/01/22,0,79000,-153000,-74000
2013/01/23,0,117000,-104000,13000
2013/01/24,0,166000,-197000,-31000
2013/01/25,0,224000,-263000,-39000
2013/01/28,0,28000,-14000,14000
2013/01/29,0,20000,-37000,-17000
2013/01/30,0,143000,-61000,82000
2013/01/31,0,222000,-158000,64000
2013/02/01,0,873000,-801000,72000
2013/02/04,0,1498000,-567000,931000
2013/02/05,0,680000,-168220,511780
2013/02/06,0,1058000,-935000,123000
2013/02/07,0,0,0,0
2013/02/08,0,0,0,0
2013/02/11,0,0,0,0
2013/02/12,0,0,0,0
2013/02/13,0,0,0,0
2013/02/14,0,0,0,0
2013/02/15,0,0,0,0
2013/02/18,0,2200000,-2209440,-9440
2013/02/19,0,938200,-891000,47200
2013/02/20,0,227000,-207000,20000
2013/02/21,0,423000,-668160,-245160
2013/02/22,0,335000,-176000,159000
2013/02/25,0,501000,-1101000,-600000
2013/02/26,0,364000,-876000,-512000
2013/02/27,0,281000,-433236,-152236
2013/02/28,0,0,0,0
2013/03/01,0,1081000,-1415000,-334000
2013/03/04,0,340000,-708000,-368000
2013/03/05,0,1301000,-1441000,-140000
2013/03/06,0,2135000,-2117120,17880
2013/03/07,0,220000,-184000,36000
2013/03/08,0,291000,-101000,190000
2013/03/11,0,389000,-246000,143000
2013/03/12,0,651410,-406000,245410
2013/03/13,0,299395,-123800,175595
2013/03/14,0,378000,-226160,151840
2013/03/15,0,542440,-364640,177800
2013/03/18,0,166096,-156000,10096
2013/03/19,0,108000,-48000,60000
2013/03/20,0,157000,-110000,47000
2013/03/21,0,163000,-64000,99000
2013/03/22,0,261000,-151000,110000
2013/03/25,0,382000,-319000,63000
2013/03/26,0,1335000,-602000,733000
2013/03/27,0,617400,-110000,507400
2013/03/28,0,1050000,-316000,734000
2013/03/29,0,54000,-43000,11000
2013/04/01,0,48000,-28000,20000
2013/04/02,0,34961,-22000,12961
2013/04/03,0,85002,-23000,62002
2013/04/04,0,0,0,0
2013/04/05,0,0,0,0
2013/04/08,0,357000,-215000,142000
2013/04/09,0,478000,-290000,188000
2013/04/10,0,83424,-279000,-195576
2013/04/11,0,47000,-206000,-159000
2013/04/12,0,2631000,-2712000,-81000
2013/04/15,0,146200,-164000,-17800
2013/04/16,0,109000,-206000,-97000
2013/04/17,0,1931000,-2177000,-246000
2013/04/18,0,228000,-155000,73000
2013/04/19,0,194000,-490000,-296000
2013/04/22,0,135000,-331000,-196000
2013/04/23,0,861000,-1212000,-351000
2013/04/24,0,340000,-349000,-9000
2013/04/25,0,474200,-802740,-328540
2013/04/26,0,144000,-307000,-163000
2013/04/29,0,3000,-53000,-50000
2013/04/30,0,83000,-275000,-192000
2013/05/01,0,0,0,0
2013/05/02,0,552000,-536000,16000
2013/05/03,0,93000,-132000,-39000
2013/05/06,0,191000,-484000,-293000
2013/05/07,0,95000,-140028,-45028
2013/05/08,0,71489,-138000,-66511
2013/05/09,0,265000,-586978,-321978
2013/05/10,0,308000,-1283400,-975400
2013/05/13,0,32000,-306000,-274000
2013/05/14,0,14000,-214000,-200000
2013/05/15,0,203000,-225000,-22000
2013/05/16,0,401000,-760000,-359000
2013/05/17,0,89000,-363240,-274240
2013/05/20,0,2838360,-3287360,-449000
2013/05/21,0,389000,-632000,-243000
2013/05/22,0,164000,-129000,35000
2013/05/23,0,173000,-280000,-107000
2013/05/24,0,86000,-808000,-722000
2013/05/27,0,134000,-89000,45000
2013/05/28,0,235000,-239000,-4000
2013/05/29,0,840000,-2588441,-1748441
2013/05/30,0,469000,-682000,-213000
2013/05/31,0,1308000,-2560546,-1252546
2013/06/03,0,524000,-596000,-72000
2013/06/04,0,1417000,-1746000,-329000
2013/06/05,0,810000,-1581000,-771000
2013/06/06,0,1216000,-1537000,-321000
2013/06/07,0,208000,-802000,-594000
2013/06/10,0,837000,-1094000,-257000
2013/06/11,0,846000,-957980,-111980
2013/06/12,0,0,0,0
2013/06/13,0,684000,-597000,87000
2013/06/14,0,525000,-561000,-36000
2013/06/17,0,412000,-243000,169000
2013/06/18,0,335000,-465000,-130000
2013/06/19,0,0,-234000,-234000
2013/06/20,0,192000,-257968,-65968
2013/06/21,0,635000,-1347000,-712000
2013/06/24,0,410000,-1036000,-626000
2013/06/25,0,1623000,-2468678,-845678
2013/06/26,0,830000,-1509000,-679000
2013/06/27,0,956000,-1901000,-945000
2013/06/28,0,335000,-2099000,-1764000
2013/07/01,0,4159000,-4227000,-68000
2013/07/02,0,1071000,-1155574,-84574
2013/07/03,0,589000,-997000,-408000
2013/07/04,0,362000,-183000,179000
2013/07/05,0,318000,-1341000,-1023000
2013/07/08,0,736000,-536640,199360
2013/07/09,0,2783000,-2418000,365000
2013/07/10,0,415000,-510000,-95000
2013/07/11,0,458000,-480000,-22000
2013/07/12,0,707000,-921000,-214000
2013/07/15,0,185000,-136000,49000
2013/07/16,0,19000,-87000,-68000
2013/07/17,0,486000,-297000,189000
2013/07/18,0,814000,-595000,219000
2013/07/19,0,574000,-896000,-322000
2013/07/22,0,300000,-425000,-125000
2013/07/23,0,320000,-581000,-261000
2013/07/24,0,1266000,-962000,304000
2013/07/25,0,478000,-510000,-32000
2013/07/26,0,168000,-207000,-39000
2013/07/29,0,2163000,-1399400,763600
2013/07/30,0,878000,-759000,119000
2013/07/31,0,601000,-553000,48000
2013/08/01,0,228000,-1235000,-1007000
2013/08/02,0,19000,-492000,-473000
2013/08/05,0,849000,-1410000,-561000
2013/08/06,0,803000,-1095000,-292000
2013/08/07,0,362000,-1151000,-789000
2013/08/08,0,400000,-580760,-180760
2013/08/09,0,72000,-442000,-370000
2013/08/12,0,57000,-277406,-220406
2013/08/13,0,881000,-814000,67000
2013/08/14,0,1059000,-552000,507000
2013/08/15,0,360000,-306000,54000
2013/08/16,0,190000,-140000,50000
2013/08/19,0,428000,-179000,249000
2013/08/20,0,620000,-95000,525000
2013/08/21,0,0,0,0
2013/08/22,0,53000,-254000,-201000
2013/08/23,0,435000,-428000,7000
2013/08/26,0,123000,-140000,-17000
2013/08/27,0,271000,-141000,130000
2013/08/28,0,140000,-57693,82307
2013/08/29,0,1321000,-535800,785200
2013/08/30,0,617000,-181000,436000
2013/09/02,0,2000,-162000,-160000
2013/09/03,0,391000,-333000,58000
2013/09/04,0,153000,-146000,7000
2013/09/05,0,25000,-48000,-23000
2013/09/06,0,88000,-341000,-253000
2013/09/09,0,121000,-6000,115000
2013/09/10,0,1253000,-522000,731000
2013/09/11,0,24000,-36000,-12000
2013/09/12,0,197000,-299000,-102000
2013/09/13,0,120000,-19000,101000
2013/09/16,0,429000,-21000,408000
2013/09/17,0,756000,-527000,229000
2013/09/18,0,112000,-194000,-82000
2013/09/19,0,0,0,0
2013/09/20,0,0,0,0
2013/09/23,0,158000,-440000,-282000
2013/09/24,0,167000,-336287,-169287
2013/09/25,0,134000,-34000,100000
2013/09/26,0,52000,-520505,-468505
2013/09/27,0,470000,-510000,-40000
2013/09/30,0,105000,-11000,94000
2013/10/01,0,236000,-322000,-86000
2013/10/02,0,191000,-40000,151000
2013/10/03,0,589000,-7000,582000
2013/10/04,0,80000,-32000,48000
2013/10/07,0,150000,-16080,133920
2013/10/08,0,455000,-3000,452000
2013/10/09,0,13000,-17000,-4000
2013/10/10,0,0,0,0
2013/10/11,0,214000,-77000,137000
2013/10/14,0,35000,-36000,-1000
2013/10/15,0,234000,-20000,214000
2013/10/16,0,375000,-42000,333000
2013/10/17,0,119000,-164573,-45573
2013/10/18,0,544000,-26000,518000
2013/10/21,0,1044000,-131000,913000
2013/10/22,0,113000,-847000,-734000
2013/10/23,0,28000,-1105000,-1077000
2013/10/24,0,68000,-478000,-410000
2013/10/25,0,6000,-578000,-572000
2013/10/28,0,525000,-292000,233000
2013/10/29,0,926000,-388799,537201
2013/10/30,0,117000,-621000,-504000
2013/10/31,0,34000,-347000,-313000
2013/11/01,0,408000,-1066000,-658000
2013/11/04,0,463000,-1276000,-813000
2013/11/05,0,338000,-477000,-139000
2013/11/06,0,321000,-343000,-22000
2013/11/07,0,313000,-481000,-168000
2013/11/08,0,555000,-520880,34120
2013/11/11,0,811000,-814000,-3000
2013/11/12,0,137000,-126000,11000
2013/11/13,0,68000,-104000,-36000
2013/11/14,0,144000,-149000,-5000
2013/11/15,0,203000,-190000,13000
2013/11/18,0,139000,-138000,1000
2013/11/19,0,58000,-116000,-58000
2013/11/20,0,75000,-75000,0
2013/11/21,0,312000,-439000,-127000
2013/11/22,0,139000,-136000,3000
2013/11/25,0,329000,-300000,29000
2013/11/26,0,501000,-276000,225000
2013/11/27,0,92000,-14000,78000
2013/11/28,0,537000,-635000,-98000
2013/11/29,0,137000,-33000,104000
2013/12/02,0,463000,-503000,-40000
2013/12/03,0,1774000,-193000,1581000
2013/12/04,0,540772,-394000,146772
2013/12/05,0,579000,-529000,50000
2013/12/06,0,590000,-123000,467000
2013/12/09,0,95000,-94000,1000
2013/12/10,0,173000,-164000,9000
2013/12/11,0,45000,-106000,-61000
2013/12/12,0,15000,-22000,-7000
2013/12/13,0,47000,-217000,-170000
2013/12/16,0,261000,-276000,-15000
2013/12/17,0,116000,-286849,-170849
2013/12/18,0,52000,-143000,-91000
2013/12/19,0,129000,-184000,-55000
2013/12/20,0,255000,-547000,-292000
2013/12/23,0,102000,-211000,-109000
2013/12/24,0,49000,-186000,-137000
2013/12/25,0,67000,-186000,-119000
2013/12/26,0,38000,-70000,-32000
2013/12/27,0,140000,-156000,-16000
2013/12/30,0,126000,-267001,-141001
2013/12/31,0,314002,-565000,-250998
2014/01/02,0,400000,-593545,-193545
2014/01/03,0,12000,-7000,5000
2014/01/06,0,245000,-14000,231000
2014/01/07,0,267000,-160000,107000
2014/01/08,0,349000,-242000,107000
2014/01/09,0,57000,-39000,18000
2014/01/10,0,423000,-9000,414000
2014/01/13,0,24000,-87000,-63000
2014/01/14,0,660000,-96000,564000
2014/01/15,0,731000,-172000,559000
2014/01/16,0,399000,-224000,175000
2014/01/17,0,204000,-10000,194000
2014/01/20,0,363000,-13000,350000
2014/01/21,0,504000,-27000,477000
2014/01/22,0,85000,-17000,68000
2014/01/23,0,520000,-45000,475000
2014/01/24,0,2450000,-29000,2421000
2014/01/27,0,2223000,-955000,1268000
2014/02/05,0,1040000,-243000,797000
2014/02/06,0,2472000,-648000,1824000
2014/02/07,0,1238000,-764000,474000
2014/02/10,0,454000,-204000,250000
2014/02/11,0,678000,-112000,566000
2014/02/12,0,1164000,-118000,1046000
2014/02/13,0,2424000,-211000,2213000
2014/02/14,0,1362000,-137000,1225000
2014/02/17,0,280000,-27000,253000
2014/02/18,0,1352000,-268000,1084000
2014/02/19,0,332000,-78000,254000
2014/02/20,0,294000,-330000,-36000
2014/02/21,0,296000,-475000,-179000
2014/02/24,0,700000,-489000,211000
2014/02/25,0,869000,-406000,463000
2014/02/26,0,425000,-474000,-49000
2014/02/27,0,71000,-74000,-3000
2014/03/03,0,825000,-549982,275018
2014/03/04,0,837000,-568000,269000
2014/03/05,0,848000,-344000,504000
2014/03/06,0,2840000,-3810000,-970000
2014/03/07,0,1413000,-1746000,-333000
2014/03/10,0,251000,-643000,-392000
2014/03/11,0,86000,-703000,-617000
2014/03/12,0,222000,-1628000,-1406000
2014/03/13,0,357000,-2933000,-2576000
2014/03/14,0,444000,-1003000,-559000
2014/03/17,0,124000,-1066000,-942000
2014/03/18,0,529000,-1738657,-1209657
2014/03/19,0,2191000,-1541000,650000
2014/03/20,0,587000,-386000,201000
2014/03/21,0,410000,-266000,144000
2014/03/24,0,422000,-296000,126000
2014/03/25,0,918000,-434000,484000
2014/03/26,0,1028981,-414000,614981
2014/03/27,0,710000,-202000,508000
2014/03/28,0,65000,-674000,-609000
2014/03/31,0,455000,-700000,-245000
2014/04/01,0,184000,-594000,-410000
2014/04/02,0,597000,-906000,-309000
2014/04/03,0,438000,-892000,-454000
2014/04/07,0,94000,-2005000,-1911000
2014/04/08,0,700000,-940000,-240000
2014/04/09,0,1660000,-1592000,68000
2014/04/10,0,706000,-771000,-65000
2014/04/11,0,184000,-399000,-215000
2014/04/14,0,244000,-389000,-145000
2014/04/15,0,256000,-552000,-296000
2014/04/16,0,408000,-720000,-312000
2014/04/17,0,78000,-144000,-66000
2014/04/18,0,43000,-5000,38000
2014/04/21,0,174000,-16000,158000
2014/04/22,0,6000,-212000,-206000
2014/04/23,0,288000,-691000,-403000
2014/04/24,0,1140000,-1368000,-228000
2014/04/25,0,604665,-2193000,-1588335
2014/04/28,0,683000,-569000,114000
2014/04/29,0,781000,-2246000,-1465000
2014/04/30,0,506000,-891000,-385000
2014/05/02,0,860000,-1193000,-333000
2014/05/05,0,173000,-650000,-477000
2014/05/06,0,86000,-469000,-383000
2014/05/07,0,307000,-908000,-601000
2014/05/08,0,435000,-1347000,-912000
2014/05/09,0,649000,-1095152,-446152
2014/05/12,0,962000,-673000,289000
2014/05/13,0,621000,-1112000,-491000
2014/05/14,0,744000,-1301000,-557000
2014/05/15,0,998000,-814742,183258
2014/05/16,0,139000,-1137000,-998000
2014/05/19,0,286000,-496000,-210000
2014/05/20,0,564000,-439998,124002
2014/05/21,0,322000,-520000,-198000
2014/05/22,0,1401000,-772000,629000
2014/05/23,0,763000,-592000,171000
2014/05/26,0,319000,-114000,205000
2014/05/27,0,211000,-334000,-123000
2014/05/28,0,342000,-421000,-79000
2014/05/29,0,846142,-997520,-151378
2014/05/30,0,110000,-642000,-532000
2014/06/03,0,1939000,-701000,1238000
2014/06/04,0,1096000,-492000,604000
2014/06/05,0,544000,-350000,194000
2014/06/06,0,192000,-155000,37000
2014/06/09,0,179000,-539000,-360000
2014/06/10,0,732000,-412700,319300
2014/06/11,0,560000,-559700,300
2014/06/12,0,1621907,-328000,1293907
2014/06/13,0,2049000,-432000,1617000
2014/06/16,0,3257000,-477000,2780000
2014/06/17,0,2966274,-943000,2023274
2014/06/18,0,2910700,-1051000,1859700
2014/06/19,0,1847700,-2260000,-412300
2014/06/20,0,177000,-1262000,-1085000
2014/06/23,0,563000,-1094000,-531000
2014/06/24,0,615000,-1211600,-596600
2014/06/25,0,353000,-977000,-624000
2014/06/26,0,521000,-313116,207884
2014/06/27,0,452000,-430000,22000
2014/06/30,0,597000,-142000,455000
2014/07/01,0,602000,-217000,385000
2014/07/02,0,1668000,-1566000,102000
2014/07/03,0,74000,-36000,38000
2014/07/04,0,1188000,-112000,1076000
2014/07/07,0,208000,-591000,-383000
2014/07/08,0,504000,-63000,441000
2014/07/09,0,728000,-1017000,-289000
2014/07/10,0,2269000,-310000,1959000
2014/07/11,0,1962500,-865000,1097500
2014/07/14,0,19000,-221000,-202000
2014/07/15,0,241000,-399000,-158000
2014/07/16,0,160000,-728000,-568000
2014/07/17,0,756000,-376000,380000
2014/07/18,0,166038,-57000,109038
2014/07/21,0,430000,-766000,-336000
2014/07/22,0,511000,-649000,-138000
2014/07/23,0,0,0,0
2014/07/24,0,1945231,-925000,1020231
2014/07/25,0,763000,-460000,303000
2014/07/28,0,933500,-792510,140990
2014/07/29,0,1143000,-1193000,-50000
2014/07/30,0,982000,-1517000,-535000
2014/07/31,0,913000,-929000,-16000
2014/08/01,0,1046100,-909000,137100
2014/08/04,0,1233000,-1669600,-436600
2014/08/05,0,615000,-906000,-291000
2014/08/06,0,513096,-834000,-320904
2014/08/07,0,308000,-49000,259000
2014/08/08,0,359000,-330000,29000
2014/08/11,0,393058,-305000,88058
2014/08/12,0,975000,-226000,749000
2014/08/13,0,1764000,-418000,1346000
2014/08/14,0,164000,-382000,-218000
2014/08/15,0,132000,-98000,34000
2014/08/18,0,178000,-791000,-613000
2014/08/19,0,218000,-191000,27000
2014/08/20,0,334000,-571000,-237000
2014/08/21,0,245000,-121000,124000
2014/08/22,0,247000,-169000,78000
2014/08/25,0,269000,-107000,162000
2014/08/26,0,422000,-436000,-14000
2014/08/27,0,2410000,-1008955,1401045
2014/08/28,0,1780000,-770000,1010000
2014/08/29,0,1473000,-213000,1260000
2014/09/01,0,842000,-429000,413000
2014/09/02,0,769000,-756000,13000
2014/09/03,0,794000,-205000,589000
2014/09/04,0,622000,-166000,456000
2014/09/05,0,460000,-210000,250000
2014/09/09,0,514000,-33000,481000
2014/09/10,0,141000,-35000,106000
2014/09/11,0,216072,-106000,110072
2014/09/12,0,334000,-164000,170000
2014/09/15,0,402000,-218000,184000
2014/09/16,0,623000,-484000,139000
2014/09/17,0,1387000,-390000,997000
2014/09/18,0,318000,-240000,78000
2014/09/19,0,516800,-69000,447800
2014/09/22,0,281248,-109000,172248
2014/09/23,0,409000,-223208,185792
2014/09/24,0,714000,-106000,608000
2014/09/25,0,1641394,-778000,863394
2014/09/26,0,703000,-670000,33000
2014/09/29,0,969000,-1023000,-54000
2014/09/30,0,841500,-527000,314500
2014/10/01,0,364597,-479000,-114403
2014/10/02,0,2147062,-2300000,-152938
2014/10/03,0,161000,-279000,-118000
2014/10/06,0,1113000,-818000,295000
2014/10/07,0,1465000,-152000,1313000
2014/10/08,0,988000,-303000,685000
2014/10/09,0,532000,-138796,393204
2014/10/13,0,123000,-883630,-760630
2014/10/14,0,575000,-1056000,-481000
2014/10/15,0,812000,-1147000,-335000
2014/10/16,0,579077,-1219000,-639923
2014/10/17,0,641000,-452000,189000
2014/10/20,0,268000,-528000,-260000
2014/10/21,0,272000,-300000,-28000
2014/10/22,0,334000,-420000,-86000
2014/10/23,0,514000,-659000,-145000
2014/10/24,0,247000,-310000,-63000
2014/10/27,0,34000,-180713,-146713
2014/10/28,0,590000,-682191,-92191
2014/10/29,0,231000,-272153,-41153
2014/10/30,0,231000,-199000,32000
2014/10/31,0,45000,-704000,-659000
2014/11/03,0,924000,-365000,559000
2014/11/04,0,1623000,-421000,1202000
2014/11/05,0,637000,-200000,437000
2014/11/06,0,292000,-138000,154000
2014/11/07,0,841000,-129000,712000
2014/11/10,0,472000,-517000,-45000
2014/11/11,0,1043000,-834000,209000
2014/11/12,0,575000,-568000,7000
2014/11/13,0,15000,-68000,-53000
2014/11/14,0,172000,-512000,-340000
2014/11/17,0,203000,-513000,-310000
2014/11/18,0,124000,-200000,-76000
2014/11/19,0,626000,-347000,279000
2014/11/20,0,697000,-545000,152000
2014/11/21,0,95000,-128000,-33000
2014/11/24,0,206000,-164000,42000
2014/11/25,0,377000,-111000,266000
2014/11/26,0,521000,-45000,476000
2014/11/27,0,997000,-230000,767000
2014/11/28,0,345000,-45000,300000
2014/12/01,0,110000,-59981,50019
2014/12/02,0,119000,-184000,-65000
2014/12/03,0,271000,-40000,231000
2014/12/04,0,77000,-224500,-147500
2014/12/05,0,499000,-252000,247000
2014/12/08,0,278000,-65000,213000
2014/12/09,0,297000,-131000,166000
2014/12/10,0,146000,-220000,-74000
2014/12/11,0,104000,-108000,-4000
2014/12/12,0,534000,-538000,-4000
2014/12/15,0,146000,-248000,-102000
2014/12/16,0,322320,-103000,219320
2014/12/17,0,407000,-817000,-410000
2014/12/18,0,405000,-259000,146000
2014/12/19,0,153000,-186000,-33000
2014/12/22,0,158000,-237000,-79000
2014/12/23,0,89000,-36000,53000
2014/12/24,0,96000,-56000,40000
2014/12/25,0,18000,-7000,11000
2014/12/26,0,24000,-11000,13000
2014/12/29,0,98000,-19000,79000
2014/12/30,0,63000,-39000,24000
2014/12/31,0,157000,-15342,141658
2015/01/01,0,0,0,0
2015/01/02,0,0,0,0
2015/01/05,0,217000,-157000,60000
2015/01/06,0,830518,-121100,709418
2015/01/07,0,84000,-154000,-70000
2015/01/08,0,138000,-56000,82000
2015/01/09,0,361000,-37000,324000
2015/01/12,0,23000,-119000,-96000
2015/01/13,0,177000,-109000,68000
2015/01/14,0,557000,-435000,122000
2015/01/15,0,99000,-83000,16000
2015/01/16,0,173000,-531624,-358624
2015/01/19,0,179000,-564000,-385000
2015/01/20,0,142000,-294000,-152000
2015/01/21,0,207000,-287000,-80000
2015/01/22,0,179000,-115000,64000
2015/01/23,0,129000,-800000,-671000
2015/01/26,0,417000,-1617000,-1200000
2015/01/27,0,617000,-1683000,-1066000
2015/01/28,0,1073000,-2237000,-1164000
2015/01/29,0,246000,-914000,-668000
2015/01/30,0,499000,-874980,-375980
2015/02/02,0,71000,-377000,-306000
2015/02/03,0,92000,-435000,-343000
2015/02/04,0,316000,-317000,-1000
2015/02/05,0,318000,-428000,-110000
2015/02/06,0,281000,-48000,233000
2015/02/09,0,129000,-108000,21000
2015/02/10,0,204000,-32000,172000
2015/02/11,0,737000,-1949551,-1212551
2015/02/12,0,264000,-461000,-197000
2015/02/13,0,462000,-1371000,-909000
2015/02/16,0,0,0,0
2015/02/17,0,0,0,0
2015/02/18,0,0,0,0
2015/02/19,0,0,0,0
2015/02/20,0,0,0,0
2015/02/23,0,0,0,0
2015/02/24,0,530000,-892000,-362000
2015/02/25,0,980000,-797000,183000
2015/02/26,0,377000,-374165,2835
2015/02/27,0,0,0,0
2015/03/02,0,1124000,-1069000,55000
2015/03/03,0,977000,-227000,750000
2015/03/04,0,708000,-666000,42000
2015/03/05,0,413000,-224000,189000
2015/03/06,0,293000,-202000,91000
2015/03/09,0,242000,-425000,-183000
2015/03/10,0,229000,-160000,69000
2015/03/11,0,3000,-342000,-339000
2015/03/12,0,324000,-448000,-124000
2015/03/13,0,280000,-321000,-41000
2015/03/16,0,400000,-312660,87340
2015/03/17,0,1030000,-193940,836060
2015/03/18,0,366000,-85071,280929
2015/03/19,0,378000,-113000,265000
2015/03/20,0,925900,-605000,320900
2015/03/23,0,974000,-88000,886000
2015/03/24,0,792000,-96100,695900
2015/03/25,0,478000,-383000,95000
2015/03/26,0,841000,-95000,746000
2015/03/27,0,758000,-282000,476000
2015/03/30,0,218000,-134000,84000
2015/03/31,0,646000,-325386,320614
2015/04/01,0,808000,-152000,656000
2015/04/02,0,608000,-228000,380000
2015/04/03,0,0,0,0
2015/04/06,0,0,0,0
2015/04/07,0,508000,-401600,106400
2015/04/08,0,279000,-118000,161000
2015/04/09,0,488000,-411950,76050
2015/04/10,0,651000,-565000,86000
2015/04/13,0,436000,-886955,-450955
2015/04/14,0,901000,-739000,162000
2015/04/15,0,59000,-615000,-556000
2015/04/16,0,334000,-844700,-510700
2015/04/17,0,491000,-440000,51000
2015/04/20,0,137000,-308000,-171000
2015/04/21,0,680000,-463000,217000
2015/04/22,0,738000,-491000,247000
2015/04/23,0,785000,-691000,94000
2015/04/24,0,717000,-998000,-281000
2015/04/27,0,1457000,-1513775,-56775
2015/04/28,0,1555000,-1158000,397000
2015/04/29,0,652000,-436000,216000
2015/04/30,0,724000,-960000,-236000
2015/05/01,0,0,0,0
2015/05/04,0,2356000,-2744000,-388000
2015/05/05,0,715000,-1092000,-377000
2015/05/06,0,1600000,-987000,613000
2015/05/07,0,625000,-511000,114000
2015/05/08,0,74000,-456000,-382000
2015/05/11,0,196000,-264000,-68000
2015/05/12,0,387000,-504000,-117000
2015/05/13,0,565000,-800000,-235000
2015/05/14,0,1450000,-1340000,110000
2015/05/15,0,467000,-504000,-37000
2015/05/18,0,326000,-185000,141000
2015/05/19,0,163000,-120000,43000
2015/05/20,0,860000,-1274000,-414000
2015/05/21,0,2587000,-2773000,-186000
2015/05/22,0,747000,-691000,56000
2015/05/25,0,71000,-164000,-93000
2015/05/26,0,142000,-217000,-75000
2015/05/27,0,600000,-1466774,-866774
2015/05/28,0,334000,-292000,42000
2015/05/29,0,426000,-879000,-453000
2015/06/01,0,94000,-453625,-359625
2015/06/02,0,184000,-399000,-215000
2015/06/03,0,154000,-420000,-266000
2015/06/04,0,828000,-666000,162000
2015/06/05,0,818000,-609000,209000
2015/06/08,0,434000,-245000,189000
2015/06/09,0,167000,-130000,37000
2015/06/10,0,244000,-538000,-294000
2015/06/11,0,249000,-359000,-110000
2015/06/12,0,286000,-351478,-65478
2015/06/15,0,459000,-549000,-90000
2015/06/16,0,737000,-853000,-116000
2015/06/17,0,1083000,-1005000,78000
2015/06/18,0,403000,-167000,236000
2015/06/19,0,0,0,0
2015/06/22,0,1657000,-1209800,447200
2015/06/23,0,804000,-653000,151000
2015/06/24,0,759000,-192000,567000
2015/06/25,0,506000,-264000,242000
2015/06/26,0,558000,-350000,208000
2015/06/29,0,404000,-146000,258000
2015/06/30,0,1173000,-1109000,64000
2015/07/01,0,379000,-166000,213000
2015/07/02,0,218000,-142000,76000
2015/07/03,0,308000,-110000,198000
2015/07/06,0,626000,-414000,212000
2015/07/07,0,801000,-845475,-44475
2015/07/08,0,643000,-768000,-125000
2015/07/09,0,1040000,-1018000,22000
2015/07/10,0,0,0,0
2015/07/13,0,534000,-470000,64000
2015/07/14,0,431000,-405000,26000
2015/07/15,0,563000,-552000,11000
2015/07/16,0,372000,-278386,93614
2015/07/17,0,157000,-185000,-28000
2015/07/20,0,89000,-113000,-24000
2015/07/21,0,1243000,-1050825,192175
2015/07/22,0,466000,-619000,-153000
2015/07/23,0,3431000,-3452000,-21000
2015/07/24,0,391000,-278000,113000
2015/07/27,0,214000,-201000,13000
2015/07/28,0,721000,-739000,-18000
2015/07/29,0,504000,-594000,-90000
2015/07/30,0,707000,-641000,66000
2015/07/31,0,921000,-670000,251000
2015/08/03,0,486000,-754000,-268000
2015/08/04,0,624000,-585000,39000
2015/08/05,0,389000,-349000,40000
2015/08/06,0,318000,-381000,-63000
2015/08/07,0,671000,-945000,-274000
2015/08/10,0,473000,-633000,-160000
2015/08/11,0,622000,-778000,-156000
2015/08/12,0,297000,-160000,137000
2015/08/13,0,416000,-412000,4000
2015/08/14,0,404000,-390000,14000
2015/08/17,0,437000,-428000,9000
2015/08/18,0,405000,-393000,12000
2015/08/19,0,299000,-375000,-76000
2015/08/20,0,231000,-303000,-72000
2015/08/21,0,664000,-604500,59500
2015/08/24,0,576135,-739000,-162865
2015/08/25,0,455000,-400000,55000
2015/08/26,0,2396000,-1477990,918010
2015/08/27,0,160000,-278000,-118000
2015/08/28,0,430000,-333000,97000
2015/08/31,0,460000,-374000,86000
2015/09/01,0,498000,-441000,57000
2015/09/02,0,193000,-117000,76000
2015/09/03,0,376640,-449000,-72360
2015/09/04,0,204000,-176000,28000
2015/09/07,0,1122000,-658000,464000
2015/09/08,0,217000,-269000,-52000
2015/09/09,0,421000,-444000,-23000
2015/09/10,0,408000,-356000,52000
2015/09/11,0,592000,-645000,-53000
2015/09/14,0,131000,-132000,-1000
2015/09/15,0,102000,-68000,34000
2015/09/16,0,206000,-255135,-49135
2015/09/17,0,152000,-151000,1000
2015/09/18,0,688776,-279000,409776
2015/09/21,0,142000,-205000,-63000
2015/09/22,0,76000,-88000,-12000
2015/09/23,0,148000,-145000,3000
2015/09/24,0,162000,-147216,14784
2015/09/25,0,236000,-202000,34000
2015/09/28,0,0,0,0
2015/09/29,0,0,0,0
2015/09/30,0,790000,-791193,-1193
2015/10/01,0,708000,-642475,65525
2015/10/02,0,630000,-681000,-51000
2015/10/05,0,401000,-600000,-199000
2015/10/06,0,452000,-353000,99000
2015/10/07,0,600000,-409000,191000
2015/10/08,0,342000,-532000,-190000
2015/10/09,0,0,0,0
2015/10/12,0,485000,-317000,168000
2015/10/13,0,313000,-356000,-43000
2015/10/14,0,125000,-83000,42000
2015/10/15,0,516000,-295000,221000
2015/10/16,0,684691,-451000,233691
2015/10/19,0,239309,-430000,-190691
2015/10/20,0,342000,-444329,-102329
2015/10/21,0,665000,-603000,62000
2015/10/22,0,200000,-672000,-472000
2015/10/23,0,1521000,-1598000,-77000
2015/10/26,0,738000,-565158,172842
2015/10/27,0,126000,-144000,-18000
2015/10/28,0,63000,-183000,-120000
2015/10/29,0,214000,-306002,-92002
2015/10/30,0,236000,-356000,-120000
2015/11/02,0,206000,-362000,-156000
2015/11/03,0,291000,-374000,-83000
2015/11/04,0,411000,-812000,-401000
2015/11/05,0,569000,-837000,-268000
2015/11/06,0,596000,-747000,-151000
2015/11/09,0,1375000,-965000,410000
2015/11/10,0,906000,-1163000,-257000
2015/11/11,0,729000,-1097000,-368000
2015/11/12,0,4565000,-4608000,-43000
2015/11/13,0,2245000,-2286000,-41000
2015/11/16,0,99000,-214000,-115000
2015/11/17,0,120000,-185000,-65000
2015/11/18,0,371000,-426000,-55000
2015/11/19,0,600000,-855404,-255404
2015/11/20,0,272000,-363000,-91000
2015/11/23,0,682000,-822000,-140000
2015/11/24,0,946000,-917000,29000
2015/11/25,0,262000,-289000,-27000
2015/11/26,0,416000,-449000,-33000
2015/11/27,0,457000,-400000,57000
2015/11/30,0,428000,-420044,7956
2015/12/01,0,2148000,-2116964,31036
2015/12/02,0,493000,-669000,-176000
2015/12/03,0,33000,-267000,-234000
2015/12/04,0,1465000,-207000,1258000
2015/12/07,0,927000,-703000,224000
2015/12/08,0,394000,-1013000,-619000
2015/12/09,0,333000,-636000,-303000
2015/12/10,0,652000,-602000,50000
2015/12/11,0,164000,-170000,-6000
2015/12/14,0,588723,-546000,42723
2015/12/15,0,192000,-234000,-42000
2015/12/16,0,232000,-736000,-504000
2015/12/17,0,1625000,-1294000,331000
2015/12/18,0,825000,-1418000,-593000
2015/12/21,0,255000,-333000,-78000
2015/12/22,0,229000,-736669,-507669
2015/12/23,0,175000,-263000,-88000
2015/12/24,0,322000,-556000,-234000
2015/12/25,0,33000,-69000,-36000
2015/12/28,0,124000,-102000,22000
2015/12/29,0,252000,-231000,21000
2015/12/30,0,206002,-150000,56002
2015/12/31,0,69000,-86000,-17000
2016/01/01,0,0,0,0
2016/01/04,0,286000,-484000,-198000
2016/01/05,0,259000,-354000,-95000
2016/01/06,0,1527000,-1288402,238598
2016/01/07,0,106000,-259000,-153000
2016/01/08,0,216000,-218000,-2000
2016/01/11,0,301000,-192000,109000
2016/01/12,0,382000,-288000,94000
2016/01/13,0,158000,-265000,-107000
2016/01/14,0,222000,-207000,15000
2016/01/15,0,903000,-855743,47257
2016/01/18,0,139000,-128000,11000
2016/01/19,0,179000,-205148,-26148
2016/01/20,0,118000,-104000,14000
2016/01/21,0,140000,-110000,30000
2016/01/22,0,139000,-255000,-116000
2016/01/25,0,539000,-714000,-175000
2016/01/26,0,36000,-6000,30000
2016/01/27,0,75000,-43000,32000
2016/01/28,0,91000,-99000,-8000
2016/01/29,0,608000,-301241,306759
2016/02/01,0,423000,-443000,-20000
2016/02/02,0,153000,-275000,-122000
2016/02/03,0,458554,-623000,-164446
2016/02/04,0,0,0,0
2016/02/05,0,0,0,0
2016/02/08,0,0,0,0
2016/02/09,0,0,0,0
2016/02/10,0,0,0,0
2016/02/11,0,0,0,0
2016/02/12,0,0,0,0
2016/02/15,0,403000,-765000,-362000
2016/02/16,0,663000,-265000,398000
2016/02/17,0,290000,-334000,-44000
2016/02/18,0,223000,-333000,-110000
2016/02/19,0,134000,-219000,-85000
2016/02/22,0,235000,-585000,-350000
2016/02/23,0,447000,-874000,-427000
2016/02/24,0,1074000,-1080000,-6000
2016/02/25,0,868000,-408000,460000
2016/02/26,0,648000,-327000,321000
2016/02/29,0,0,0,0
2016/03/01,0,1417000,-789000,628000
2016/03/02,0,715000,-299000,416000
2016/03/03,0,448000,-230000,218000
2016/03/04,0,607000,-496000,111000
2016/03/07,0,379000,-318000,61000
2016/03/08,0,191000,-178000,13000
2016/03/09,0,148000,-202000,-54000
2016/03/10,0,281000,-310000,-29000
2016/03/11,0,426000,-415000,11000
2016/03/14,0,124000,-120000,4000
2016/03/15,0,101000,-127000,-26000
2016/03/16,0,283000,-345000,-62000
2016/03/17,0,134000,-284000,-150000
2016/03/18,0,164000,-184000,-20000
2016/03/21,0,48000,-201000,-153000
2016/03/22,0,126000,-165000,-39000
2016/03/23,0,298000,-501000,-203000
2016/03/24,0,244000,-233759,10241
2016/03/25,0,261000,-439000,-178000
2016/03/28,0,351000,-195000,156000
2016/03/29,0,156000,-149000,7000
2016/03/30,0,265000,-433000,-168000
2016/03/31,0,300000,-362000,-62000
2016/04/01,0,137000,-158000,-21000
2016/04/04,0,0,0,0
2016/04/05,0,0,0,0
2016/04/06,0,651000,-847000,-196000
2016/04/07,0,67000,-143000,-76000
2016/04/08,0,43000,-65000,-22000
2016/04/11,0,143000,-351000,-208000
2016/04/12,0,756000,-609000,147000
2016/04/13,0,171000,-717000,-546000
2016/04/14,0,158000,-638000,-480000
2016/04/15,0,260000,-255000,5000
2016/04/18,0,100000,-286000,-186000
2016/04/19,0,77000,-189000,-112000
2016/04/20,0,120000,-271000,-151000
2016/04/21,0,43000,-165000,-122000
2016/04/22,0,90000,-271000,-181000
2016/04/25,0,38000,-204000,-166000
2016/04/26,0,499000,-425000,74000
2016/04/27,0,211000,-327000,-116000
2016/04/28,0,85000,-144000,-59000
2016/04/29,0,1438000,-850000,588000
2016/05/02,0,0,0,0
2016/05/03,0,676000,-300000,376000
2016/05/04,0,536000,-591000,-55000
2016/05/05,0,631000,-340000,291000
2016/05/06,0,577279,-353000,224279
2016/05/09,0,276000,-413000,-137000
2016/05/10,0,643000,-202300,440700
2016/05/11,0,460000,-294000,166000
2016/05/12,0,309000,-198000,111000
2016/05/13,0,268000,-107000,161000
2016/05/16,0,630000,-498679,131321
2016/05/17,0,1135000,-881000,254000
2016/05/18,0,1182485,-616000,566485
2016/05/19,0,1313000,-591000,722000
2016/05/20,0,164000,-158628,5372
2016/05/23,0,424296,-152000,272296
2016/05/24,0,241000,-43000,198000
2016/05/25,0,167000,-27000,140000
2016/05/26,0,691586,-48000,643586
2016/05/27,0,350000,-284000,66000
2016/05/30,0,232000,-111000,121000
2016/05/31,0,569000,-451000,118000
2016/06/01,0,356717,-393000,-36283
2016/06/02,0,3053000,-2923000,130000
2016/06/03,0,871000,-793000,78000
2016/06/06,0,1079000,-152000,927000
2016/06/07,0,608000,-416000,192000
2016/06/08,0,1273000,-1259000,14000
2016/06/09,0,0,0,0
2016/06/10,0,0,0,0
2016/06/13,0,942000,-369000,573000
2016/06/14,0,672000,-446000,226000
2016/06/15,0,349000,-292000,57000
2016/06/16,0,1085000,-353000,732000
2016/06/17,0,391000,-543000,-152000
2016/06/20,0,308000,-363800,-55800
2016/06/21,0,428000,-359000,69000
2016/06/22,0,292000,-363000,-71000
2016/06/23,0,185000,-156000,29000
2016/06/24,0,307000,-349000,-42000
2016/06/27,0,229000,-244200,-15200
2016/06/28,0,284000,-391700,-107700
2016/06/29,0,332000,-268000,64000
2016/06/30,0,46000,-145556,-99556
2016/07/01,0,43000,-80000,-37000
2016/07/04,0,75000,-108000,-33000
2016/07/05,0,166000,-256000,-90000
2016/07/06,0,199000,-223000,-24000
2016/07/07,0,186000,-164000,22000
2016/07/08,0,0,0,0
2016/07/11,0,353000,-91000,262000
2016/07/12,0,209000,-91000,118000
2016/07/13,0,196000,-124000,72000
2016/07/14,0,257000,-103000,154000
2016/07/15,0,214000,-286000,-72000
2016/07/18,0,212000,-237000,-25000
2016/07/19,0,350000,-112000,238000
2016/07/20,0,522000,-344000,178000
2016/07/21,0,237000,-97000,140000
2016/07/22,0,158000,-22000,136000
2016/07/25,0,147000,-103000,44000
2016/07/26,0,119000,-108000,11000
2016/07/27,0,324000,-418000,-94000
2016/07/28,0,48000,-30000,18000
2016/07/29,0,1319000,-1115000,204000
2016/08/01,0,1962000,-666000,1296000
2016/08/02,0,1383000,-358000,1025000
2016/08/03,0,1323543,-195000,1128543
2016/08/04,0,950000,-176000,774000
2016/08/05,0,1379000,-427000,952000
2016/08/08,0,818000,-330000,488000
2016/08/09,0,1141000,-848000,293000
2016/08/10,0,1205784,-549000,656784
2016/08/11,0,949000,-733000,216000
2016/08/12,0,468000,-262000,206000
2016/08/15,0,445000,-172000,273000
2016/08/16,0,673000,-615443,57557
2016/08/17,0,817982,-742000,75982
2016/08/18,0,710000,-434000,276000
2016/08/19,0,428000,-373982,54018
2016/08/22,0,553000,-462000,91000
2016/08/23,0,1420000,-976000,444000
2016/08/24,0,433000,-264000,169000
2016/08/25,0,527000,-347000,180000
2016/08/26,0,485000,-548000,-63000
2016/08/29,0,428000,-271000,157000
2016/08/30,0,735000,-722000,13000
2016/08/31,0,488000,-400000,88000
2016/09/01,0,534000,-1039000,-505000
2016/09/02,0,1051000,-494000,557000
2016/09/05,0,450000,-873000,-423000
2016/09/06,0,242000,-180000,62000
2016/09/07,0,182000,-108000,74000
2016/09/08,0,1455000,-979000,476000
2016/09/09,0,1031000,-905000,126000
2016/09/12,0,1677000,-1390000,287000
2016/09/13,0,722000,-558000,164000
2016/09/14,0,757000,-574000,183000
2016/09/15,0,0,0,0
2016/09/16,0,0,0,0
2016/09/19,0,2171700,-1890000,281700
2016/09/20,0,888000,-831000,57000
2016/09/21,0,1461000,-1258000,203000
2016/09/22,0,1525000,-1464000,61000
2016/09/23,0,2720000,-3009000,-289000
2016/09/26,0,2287000,-2735000,-448000
2016/09/27,0,0,0,0
2016/09/28,0,0,0,0
2016/09/29,0,3152048,-2345000,807048
2016/09/30,0,371000,-458000,-87000
2016/10/03,0,565000,-555000,10000
2016/10/04,0,347450,-290520,56930
2016/10/05,0,633000,-159000,474000
2016/10/06,0,561000,-165000,396000
2016/10/07,0,1246000,-861000,385000
2016/10/10,0,0,0,0
2016/10/11,0,701000,-631000,70000
2016/10/12,0,463000,-463000,0
2016/10/13,0,313000,-371000,-58000
2016/10/14,0,239000,-349000,-110000
2016/10/17,0,306000,-98000,208000
2016/10/18,0,264000,-305000,-41000
2016/10/19,0,775000,-495000,280000
2016/10/20,0,940000,-643600,296400
2016/10/21,0,1269000,-1350000,-81000
2016/10/24,0,1940000,-1626000,314000
2016/10/25,0,1035873,-1465000,-429127
2016/10/26,0,724000,-1679000,-955000
2016/10/27,0,624000,-494000,130000
2016/10/28,0,186000,-211000,-25000
2016/10/31,0,419000,-300000,119000
2016/11/01,0,94432,-89000,5432
2016/11/02,0,353000,-214000,139000
2016/11/03,0,450000,-284000,166000
2016/11/04,0,138000,-103000,35000
2016/11/07,0,445000,-326000,119000
2016/11/08,0,861000,-953000,-92000
2016/11/09,0,858000,-1043000,-185000
2016/11/10,0,525000,-423000,102000
2016/11/11,0,314000,-352000,-38000
2016/11/14,0,304000,-368000,-64000
2016/11/15,0,273000,-255000,18000
2016/11/16,0,248000,-483000,-235000
2016/11/17,0,250000,-248000,2000
2016/11/18,0,519000,-539000,-20000
2016/11/21,0,243600,-324083,-80483
2016/11/22,0,507000,-250347,256653
2016/11/23,0,278000,-167000,111000
2016/11/24,0,103000,-81000,22000
2016/11/25,0,60000,-51000,9000
2016/11/28,0,388000,-168000,220000
2016/11/29,0,171000,-200000,-29000
2016/11/30,0,846000,-597000,249000
2016/12/01,0,102825,-201000,-98175
2016/12/02,0,141000,-296000,-155000
2016/12/05,0,26000,-71000,-45000
2016/12/06,0,23000,-111000,-88000
2016/12/07,0,145000,-117000,28000
2016/12/08,0,82000,-179000,-97000
2016/12/09,0,450000,-684283,-234283
2016/12/12,0,42000,-273000,-231000
2016/12/13,0,145000,-277000,-132000
2016/12/14,0,383000,-416800,-33800
2016/12/15,0,117000,-186000,-69000
2016/12/16,0,1135000,-1505014,-370014
2016/12/19,0,105000,-216000,-111000
2016/12/20,0,140000,-254000,-114000
2016/12/21,0,216000,-473000,-257000
2016/12/22,0,66000,-96000,-30000
2016/12/23,0,57150,-138000,-80850
2016/12/26,0,43000,-188000,-145000
2016/12/27,0,66000,-227000,-161000
2016/12/28,0,45000,-159000,-114000
2016/12/29,0,74000,-106000,-32000
2016/12/30,0,235000,-509000,-274000
2017/01/02,0,0,0,0
2017/01/03,0,59000,-285000,-226000
2017/01/04,0,80000,-180000,-100000
2017/01/05,0,227000,-367000,-140000
2017/01/06,0,734274,-233000,501274
2017/01/09,0,160000,-331000,-171000
2017/01/10,0,1196000,-566000,630000
2017/01/11,0,653000,-324000,329000
2017/01/12,0,1120000,-1203000,-83000
2017/01/13,0,210000,-525000,-315000
2017/01/16,0,172000,-176000,-4000
2017/01/17,0,162000,-177000,-15000
2017/01/18,0,456000,-725833,-269833
2017/01/19,0,163000,-90486,72514
2017/01/20,0,204000,-152000,52000
2017/01/23,0,109000,-137000,-28000
2017/01/24,0,236000,-277000,-41000
2017/01/25,0,0,0,0
2017/01/26,0,0,0,0
2017/01/27,0,0,0,0
2017/01/30,0,0,0,0
2017/01/31,0,0,0,0
2017/02/01,0,0,0,0
2017/02/02,0,1193405,-526000,667405
2017/02/03,0,472000,-430000,42000
2017/02/06,0,278000,-406280,-128280
2017/02/07,0,407000,-174000,233000
2017/02/08,0,597000,-92000,505000
2017/02/09,0,74000,-83000,-9000
2017/02/10,0,166000,-152000,14000
2017/02/13,0,299000,-231000,68000
2017/02/14,0,296000,-943000,-647000
2017/02/15,0,292000,-495000,-203000
2017/02/16,0,677000,-986000,-309000
2017/02/17,0,743000,-721214,21786
2017/02/20,0,581000,-887000,-306000
2017/02/21,0,1065000,-1655000,-590000
2017/02/22,0,3181000,-1075000,2106000
2017/02/23,0,2073000,-1792001,280999
2017/02/24,0,1725000,-1815000,-90000
2017/02/27,0,0,0,0
2017/02/28,0,0,0,0
2017/03/01,0,2012000,-1175000,837000
2017/03/02,0,1757000,-915000,842000
2017/03/03,0,2477595,-2027595,450000
2017/03/06,0,1584000,-955000,629000
2017/03/07,0,1422000,-1270568,151432
2017/03/08,0,461000,-604000,-143000
2017/03/09,0,305000,-261000,44000
2017/03/10,0,522000,-253000,269000
2017/03/13,0,167000,-206000,-39000
2017/03/14,0,1130000,-870000,260000
2017/03/15,0,964000,-251000,713000
2017/03/16,0,1248000,-298000,950000
2017/03/17,0,796000,-417000,379000
2017/03/20,0,62000,-150000,-88000
2017/03/21,0,561000,-60226,500774
2017/03/22,0,201000,-355177,-154177
2017/03/23,0,5189000,-4315825,873175
2017/03/24,0,921000,-150000,771000
2017/03/27,0,535000,-453000,82000
2017/03/28,0,180000,-668000,-488000
2017/03/29,0,414000,-126000,288000
2017/03/30,0,104000,-274000,-170000
2017/03/31,0,291000,-127000,164000
2017/04/03,0,0,0,0
2017/04/04,0,0,0,0
2017/04/05,0,652520,-656000,-3480
2017/04/06,0,911000,-989000,-78000
2017/04/07,0,214000,-478000,-264000
2017/04/10,0,441000,-399000,42000
2017/04/11,0,1343000,-1061000,282000
2017/04/12,0,506000,-723000,-217000
2017/04/13,0,142000,-186000,-44000
2017/04/14,0,510000,-511000,-1000
2017/04/17,0,1343000,-866600,476400
2017/04/18,0,523000,-494000,29000
2017/04/19,0,1637000,-797000,840000
