Date,Open,Buy,Sell,Total
2007/01/02,0,248000,-1000,247000
2007/01/03,0,143000,-1232000,-1089000
2007/01/04,0,3132000,-1000,3131000
2007/01/05,0,2815000,-828000,1987000
2007/01/08,0,3681000,-356177,3324823
2007/01/09,0,1277000,-234000,1043000
2007/01/10,0,138000,-1053000,-915000
2007/01/11,0,94000,-145000,-51000
2007/01/12,0,968000,-103000,865000
2007/01/15,0,105000,-225000,-120000
2007/01/16,0,1951000,-1488000,463000
2007/01/17,0,5240000,-2676000,2564000
2007/01/18,0,6287000,-228000,6059000
2007/01/19,0,3855000,-3327000,528000
2007/01/22,0,536000,-166000,370000
2007/01/23,0,472000,-90554,381446
2007/01/24,0,3187000,-2000,3185000
2007/01/25,0,778000,-11000,767000
2007/01/26,0,1712000,-269000,1443000
2007/01/29,0,305000,-255000,50000
2007/01/30,0,659000,-613062,45938
2007/01/31,0,228000,-337920,-109920
2007/02/01,0,916000,-15000,901000
2007/02/02,0,2184000,-86433,2097567
2007/02/05,0,1946000,-131000,1815000
2007/02/06,0,80000,-73000,7000
2007/02/07,0,979000,-40000,939000
2007/02/08,0,540123,-218000,322123
2007/02/09,0,441000,-135420,305580
2007/02/12,0,52000,-204000,-152000
2007/02/13,0,699000,-128000,571000
2007/02/14,0,802000,-453454,348546
2007/02/15,0,0,0,0
2007/02/16,0,0,0,0
2007/02/19,0,0,0,0
2007/02/20,0,0,0,0
2007/02/21,0,0,0,0
2007/02/22,0,0,0,0
2007/02/23,0,0,0,0
2007/02/26,0,1060000,-1434913,-374913
2007/02/27,0,792000,-1015000,-223000
2007/02/28,0,0,0,0
2007/03/01,0,249000,-2007000,-1758000
2007/03/02,0,236000,-420000,-184000
2007/03/05,0,52000,-830000,-778000
2007/03/06,0,15000,-1041000,-1026000
2007/03/07,0,208000,-3563681,-3355681
2007/03/08,0,1289000,-2871430,-1582430
2007/03/09,0,59000,-1486000,-1427000
2007/03/12,0,73000,-277000,-204000
2007/03/13,0,168000,-437000,-269000
2007/03/14,0,255000,-2514000,-2259000
2007/03/15,0,1059000,-155000,904000
2007/03/16,0,15000,-183000,-168000
2007/03/19,0,456000,-301061,154939
2007/03/20,0,1505000,-81000,1424000
2007/03/21,0,668000,-109000,559000
2007/03/22,0,3086000,-1548000,1538000
2007/03/23,0,443000,-1984000,-1541000
2007/03/26,0,113000,-4085000,-3972000
2007/03/27,0,333000,-4219000,-3886000
2007/03/28,0,0,-186000,-186000
2007/03/29,0,896000,-1692000,-796000
2007/03/30,0,1974000,-22000,1952000
2007/04/02,0,16000,-1244000,-1228000
2007/04/03,0,334000,-960000,-626000
2007/04/04,0,2098000,-763000,1335000
2007/04/05,0,0,0,0
2007/04/06,0,0,0,0
2007/04/09,0,408000,-62000,346000
2007/04/10,0,569000,-15000,554000
2007/04/11,0,1003000,-97000,906000
2007/04/12,0,660000,-4000,656000
2007/04/13,0,171000,-262000,-91000
2007/04/16,0,1172000,-226000,946000
2007/04/17,0,351477,-84000,267477
2007/04/18,0,831000,-128000,703000
2007/04/19,0,154000,-907000,-753000
2007/04/20,0,129000,-61000,68000
2007/04/23,0,1270000,-50000,1220000
2007/04/24,0,405000,-56000,349000
2007/04/25,0,502000,-67000,435000
2007/04/26,0,1547000,-692000,855000
2007/04/27,0,684000,-871000,-187000
2007/04/30,0,2338000,-405810,1932190
2007/05/01,0,0,0,0
2007/05/02,0,1019000,-2085000,-1066000
2007/05/03,0,411000,-13000,398000
2007/05/04,0,555000,-197000,358000
2007/05/07,0,227000,-16000,211000
2007/05/08,0,454000,-91000,363000
2007/05/09,0,593000,-173000,420000
2007/05/10,0,868000,-69266,798734
2007/05/11,0,54000,-106000,-52000
2007/05/14,0,315000,-581000,-266000
2007/05/15,0,333000,-127000,206000
2007/05/16,0,78000,-1632000,-1554000
2007/05/17,0,106000,-191000,-85000
2007/05/18,0,56000,-687000,-631000
2007/05/21,0,502000,-78000,424000
2007/05/22,0,421000,-35000,386000
2007/05/23,0,330000,-1291000,-961000
2007/05/24,0,388000,-2000,386000
2007/05/25,0,142000,-180000,-38000
2007/05/28,0,73000,-44000,29000
2007/05/29,0,213000,-36000,177000
2007/05/30,0,158000,-485000,-327000
2007/05/31,0,5233000,-3728810,1504190
2007/06/01,0,5254195,-221000,5033195
2007/06/04,0,862053,-2341000,-1478947
2007/06/05,0,32000,-1024000,-992000
2007/06/06,0,369000,-271000,98000
2007/06/07,0,470000,-1587000,-1117000
2007/06/08,0,312000,-189000,123000
2007/06/11,0,1331000,-20645,1310355
2007/06/12,0,1292000,-509645,782355
2007/06/13,0,1894000,-1841000,53000
2007/06/14,0,60000,-87000,-27000
2007/06/15,0,2283000,-1917355,365645
2007/06/18,0,0,0,0
2007/06/19,0,0,0,0
2007/06/20,0,6701000,-2417000,4284000
2007/06/21,0,1916000,-236000,1680000
2007/06/22,0,340000,-16000,324000
2007/06/25,0,719000,-8650862,-7931862
2007/06/26,0,168000,-2705397,-2537397
2007/06/27,0,592000,-4155000,-3563000
2007/06/28,0,972000,-2343940,-1371940
2007/06/29,0,302000,-1998810,-1696810
2007/07/02,0,573000,-308000,265000
2007/07/03,0,241000,-203133,37867
2007/07/04,0,1141000,-244000,897000
2007/07/05,0,190000,-30000,160000
2007/07/06,0,227000,-769000,-542000
2007/07/09,0,612000,-236000,376000
2007/07/10,0,410000,-248550,161450
2007/07/11,0,158000,-1374000,-1216000
2007/07/12,0,926000,-581000,345000
2007/07/13,0,857000,-96000,761000
2007/07/16,0,276000,-2069000,-1793000
2007/07/17,0,538000,-326000,212000
2007/07/18,0,163000,-2961000,-2798000
2007/07/19,0,1545000,-927000,618000
2007/07/20,0,91000,-16500,74500
2007/07/23,0,14000,-370520,-356520
2007/07/24,0,234000,-251000,-17000
2007/07/25,0,324000,-2928000,-2604000
2007/07/26,0,3619000,-940000,2679000
2007/07/27,0,364000,-5422000,-5058000
2007/07/30,0,707000,-1856000,-1149000
2007/07/31,0,576000,-3402080,-2826080
2007/08/01,0,213000,-2092933,-1879933
2007/08/02,0,1501000,-830000,671000
2007/08/03,0,180000,-1031252,-851252
2007/08/06,0,289000,-1459737,-1170737
2007/08/07,0,1878000,-262000,1616000
2007/08/08,0,708000,-103000,605000
2007/08/09,0,915000,-3727929,-2812929
2007/08/10,0,2680000,-5045000,-2365000
2007/08/13,0,750000,-750000,0
2007/08/14,0,669000,-269000,400000
2007/08/15,0,352000,-785893,-433893
2007/08/16,0,715000,-1626000,-911000
2007/08/17,0,343000,-1413000,-1070000
2007/08/20,0,18000,-64000,-46000
2007/08/21,0,645000,-274000,371000
2007/08/22,0,411000,-968292,-557292
2007/08/23,0,7210000,-2012000,5198000
2007/08/24,0,246000,-2306000,-2060000
2007/08/27,0,198000,-2280000,-2082000
2007/08/28,0,1102000,-27000,1075000
2007/08/29,0,366000,-442251,-76251
2007/08/30,0,648000,-1191000,-543000
2007/08/31,0,4311000,-1100000,3211000
2007/09/03,0,5416000,-3125000,2291000
2007/09/04,0,137000,-262000,-125000
2007/09/05,0,1318000,-267000,1051000
2007/09/06,0,4987000,-238071,4748929
2007/09/07,0,77000,-9198000,-9121000
2007/09/10,0,59000,-532000,-473000
2007/09/11,0,33000,-2027000,-1994000
2007/09/12,0,147000,-596000,-449000
2007/09/13,0,1800000,-504000,1296000
2007/09/14,0,2047000,-1607000,440000
2007/09/17,0,431000,-424000,7000
2007/09/18,0,0,0,0
2007/09/19,0,2522000,-55000,2467000
2007/09/20,0,1545000,-33000,1512000
2007/09/21,0,784000,-2000,782000
2007/09/24,0,0,0,0
2007/09/25,0,0,0,0
2007/09/26,0,1533000,-65000,1468000
2007/09/27,0,1214000,-114000,1100000
2007/09/28,0,1315000,-160860,1154140
2007/10/01,0,913000,-103000,810000
2007/10/02,0,959000,-63000,896000
2007/10/03,0,628000,-1891446,-1263446
2007/10/04,0,2184000,-209097,1974903
2007/10/05,0,1190000,-1142435,47565
2007/10/08,0,1041000,-1174000,-133000
2007/10/09,0,782000,-1148977,-366977
2007/10/10,0,0,0,0
2007/10/11,0,1249000,-1732264,-483264
2007/10/12,0,98000,-4939893,-4841893
2007/10/15,0,312000,-1094000,-782000
2007/10/16,0,689000,-3408000,-2719000
2007/10/17,0,217000,-1005005,-788005
2007/10/18,0,289000,-403000,-114000
2007/10/19,0,8000,-2056000,-2048000
2007/10/22,0,275000,-5326000,-5051000
2007/10/23,0,243000,-853000,-610000
2007/10/24,0,698000,-136000,562000
2007/10/25,0,746734,-118276,628458
2007/10/26,0,5770000,-11000,5759000
2007/10/29,0,11889000,-72794,11816206
2007/10/30,0,841000,-279407,561593
2007/10/31,0,2266000,-482000,1784000
2007/11/01,0,554000,-1077000,-523000
2007/11/02,0,61000,-644000,-583000
2007/11/05,0,213000,-679944,-466944
2007/11/06,0,1058000,-270000,788000
2007/11/07,0,117000,-3077659,-2960659
2007/11/08,0,424000,-2426000,-2002000
2007/11/09,0,256000,-5415000,-5159000
2007/11/12,0,111000,-747000,-636000
2007/11/13,0,108000,-3476159,-3368159
2007/11/14,0,2326000,-241000,2085000
2007/11/15,0,1157000,-252000,905000
2007/11/16,0,311000,-665000,-354000
2007/11/19,0,624000,-260000,364000
2007/11/20,0,629000,-715000,-86000
2007/11/21,0,753000,-1197163,-444163
2007/11/22,0,2393000,-705000,1688000
2007/11/23,0,146000,-1178000,-1032000
2007/11/26,0,806000,-317000,489000
2007/11/27,0,460000,-711000,-251000
2007/11/28,0,1364000,-1315318,48682
2007/11/29,0,995000,-766659,228341
2007/11/30,0,3238159,-8123184,-4885025
2007/12/03,0,948000,-674384,273616
2007/12/04,0,51000,-927137,-876137
2007/12/05,0,478000,-1621000,-1143000
2007/12/06,0,1475194,-322000,1153194
2007/12/07,0,949809,-897081,52728
2007/12/10,0,623000,-260000,363000
2007/12/11,0,652000,-127000,525000
2007/12/12,0,161000,-638877,-477877
2007/12/13,0,128000,-2089912,-1961912
2007/12/14,0,198000,-7412700,-7214700
2007/12/17,0,101000,-1839000,-1738000
2007/12/18,0,1522000,-2234710,-712710
2007/12/19,0,832000,-355000,477000
2007/12/20,0,759000,-378000,381000
2007/12/21,0,761000,-99000,662000
2007/12/24,0,106000,-58000,48000
2007/12/25,0,231000,-38000,193000
2007/12/26,0,123000,-21000,102000
2007/12/27,0,192000,-648000,-456000
2007/12/28,0,169000,-839000,-670000
2007/12/31,0,99000,-374000,-275000
2008/01/01,0,0,0,0
2008/01/02,0,295000,-367075,-72075
2008/01/03,0,216000,-776000,-560000
2008/01/04,0,226000,-877000,-651000
2008/01/07,0,75000,-2344000,-2269000
2008/01/08,0,116000,-3544000,-3428000
2008/01/09,0,366000,-1358790,-992790
2008/01/10,0,147000,-410000,-263000
2008/01/11,0,430000,-311000,119000
2008/01/14,0,1450000,-305000,1145000
2008/01/15,0,555000,-880974,-325974
2008/01/16,0,545402,-1202119,-656717
2008/01/17,0,584000,-493000,91000
2008/01/18,0,615069,-1079118,-464049
2008/01/21,0,11000,-761000,-750000
2008/01/22,0,47000,-657000,-610000
2008/01/23,0,312000,-251000,61000
2008/01/24,0,238000,-543000,-305000
2008/01/25,0,537000,-143000,394000
2008/01/28,0,50000,-501457,-451457
2008/01/29,0,392000,-228696,163304
2008/01/30,0,750299,-709000,41299
2008/01/31,0,132000,-168000,-36000
2008/02/01,0,335000,-351000,-16000
2008/02/04,0,0,0,0
2008/02/05,0,0,0,0
2008/02/06,0,0,0,0
2008/02/07,0,0,0,0
2008/02/08,0,0,0,0
2008/02/11,0,0,0,0
2008/02/12,0,1688000,-4274000,-2586000
2008/02/13,0,743000,-1158353,-415353
2008/02/14,0,106000,-74000,32000
2008/02/15,0,575000,-644877,-69877
2008/02/18,0,321000,-278000,43000
2008/02/19,0,569000,-244597,324403
2008/02/20,0,36000,-918000,-882000
2008/02/21,0,291000,-1549974,-1258974
2008/02/22,0,77761,-1578000,-1500239
2008/02/25,0,421000,-164000,257000
2008/02/26,0,369000,-125000,244000
2008/02/27,0,1082000,-304000,778000
2008/02/28,0,0,0,0
2008/02/29,0,480000,-4072262,-3592262
2008/03/03,0,194000,-367538,-173538
2008/03/04,0,666000,-324407,341593
2008/03/05,0,970000,-468769,501231
2008/03/06,0,2220000,-1197077,1022923
2008/03/07,0,380000,-543000,-163000
2008/03/10,0,341000,-762000,-421000
2008/03/11,0,110000,-321357,-211357
2008/03/12,0,606773,-1018517,-411744
2008/03/13,0,730000,-1945000,-1215000
2008/03/14,0,560000,-463315,96685
2008/03/17,0,41000,-1836000,-1795000
2008/03/18,0,323000,-744395,-421395
2008/03/19,0,251000,-82000,169000
2008/03/20,0,501000,-198977,302023
2008/03/21,0,764000,-106000,658000
2008/03/24,0,2152000,-58000,2094000
2008/03/25,0,773000,-308000,465000
2008/03/26,0,343000,-150000,193000
2008/03/27,0,74901,-154000,-79099
2008/03/28,0,1400901,-705000,695901
2008/03/31,0,402241,-204000,198241
2008/04/01,0,368085,-173001,195084
2008/04/02,0,1002000,-3000,999000
2008/04/03,0,71000,-325000,-254000
2008/04/04,0,0,0,0
2008/04/07,0,243000,-404000,-161000
2008/04/08,0,171000,-623000,-452000
2008/04/09,0,459000,-384000,75000
2008/04/10,0,656000,-1542454,-886454
2008/04/11,0,445000,-845154,-400154
2008/04/14,0,59000,-299000,-240000
2008/04/15,0,829000,-898000,-69000
2008/04/16,0,1294000,-6000,1288000
2008/04/17,0,1116000,-437000,679000
2008/04/18,0,926000,-65000,861000
2008/04/21,0,678000,-214000,464000
2008/04/22,0,749000,-24000,725000
2008/04/23,0,379000,-102000,277000
2008/04/24,0,162000,-49000,113000
2008/04/25,0,355000,-40000,315000
2008/04/28,0,537000,-7000,530000
2008/04/29,0,302000,-559000,-257000
2008/04/30,0,142000,-29000,113000
2008/05/01,0,0,0,0
2008/05/02,0,290000,-200000,90000
2008/05/05,0,589000,-574000,15000
2008/05/06,0,512000,-923875,-411875
2008/05/07,0,545000,-1185000,-640000
2008/05/08,0,160000,-818000,-658000
2008/05/09,0,160000,-189000,-29000
2008/05/12,0,145000,-173000,-28000
2008/05/13,0,761000,-181000,580000
2008/05/14,0,184000,-716000,-532000
2008/05/15,0,154000,-55000,99000
2008/05/16,0,494000,-94000,400000
2008/05/19,0,186000,-129000,57000
2008/05/20,0,297000,-252000,45000
2008/05/21,0,169000,-684304,-515304
2008/05/22,0,340000,-959000,-619000
2008/05/23,0,256000,-1274000,-1018000
2008/05/26,0,1032000,-1688000,-656000
2008/05/27,0,1623000,-975381,647619
2008/05/28,0,186000,-2096615,-1910615
2008/05/29,0,517000,-2157637,-1640637
2008/05/30,0,5291900,-11047859,-5755959
2008/06/02,0,1947000,-1632888,314112
2008/06/03,0,113000,-1867024,-1754024
2008/06/04,0,52000,-1640972,-1588972
2008/06/05,0,1312000,-4223000,-2911000
2008/06/06,0,576000,-2580000,-2004000
2008/06/09,0,192000,-2663000,-2471000
2008/06/10,0,112000,-2915515,-2803515
2008/06/11,0,760000,-41000,719000
2008/06/12,0,249000,-837000,-588000
2008/06/13,0,580000,-277000,303000
2008/06/16,0,961000,-415616,545384
2008/06/17,0,419000,-226837,192163
2008/06/18,0,34000,-331000,-297000
2008/06/19,0,273000,-525000,-252000
2008/06/20,0,207000,-2506000,-2299000
2008/06/23,0,730000,-1016000,-286000
2008/06/24,0,168000,-878000,-710000
2008/06/25,0,1057000,-16785,1040215
2008/06/26,0,185000,-276762,-91762
2008/06/27,0,656000,-239754,416246
2008/06/30,0,622000,-747000,-125000
2008/07/01,0,703000,-613000,90000
2008/07/02,0,194000,-725021,-531021
2008/07/03,0,459000,-503000,-44000
2008/07/04,0,0,-698000,-698000
2008/07/07,0,440000,-32000,408000
2008/07/08,0,11000,-1269227,-1258227
2008/07/09,0,330000,-402000,-72000
2008/07/10,0,293000,-71000,222000
2008/07/11,0,940000,-497000,443000
2008/07/14,0,196000,-324671,-128671
2008/07/15,0,61000,-389000,-328000
2008/07/16,0,70000,-123000,-53000
2008/07/17,0,214800,-1938000,-1723200
2008/07/18,0,110000,-1233000,-1123000
2008/07/21,0,488000,-153455,334545
2008/07/22,0,57000,-297000,-240000
2008/07/23,0,242000,-136080,105920
2008/07/24,0,31000,-909510,-878510
2008/07/25,0,31000,-867000,-836000
2008/07/28,0,0,0,0
2008/07/29,0,430000,-1681000,-1251000
2008/07/30,0,348000,-1072000,-724000
2008/07/31,0,1202000,-1892657,-690657
2008/08/01,0,3000,-380000,-377000
2008/08/04,0,37000,-705000,-668000
2008/08/05,0,388000,-1535000,-1147000
2008/08/06,0,258000,-42000,216000
2008/08/07,0,173000,-2085000,-1912000
2008/08/08,0,422000,-251000,171000
2008/08/11,0,607000,-806000,-199000
2008/08/12,0,1399000,-1425213,-26213
2008/08/13,0,143000,-2080001,-1937001
2008/08/14,0,159000,-711000,-552000
2008/08/15,0,907000,-868000,39000
2008/08/18,0,188000,-398000,-210000
2008/08/19,0,217000,-566406,-349406
2008/08/20,0,774000,-1493000,-719000
2008/08/21,0,4000,-1183000,-1179000
2008/08/22,0,75000,-288000,-213000
2008/08/25,0,0,-186000,-186000
2008/08/26,0,0,-860000,-860000
2008/08/27,0,939000,-655000,284000
2008/08/28,0,868000,-734000,134000
2008/08/29,0,277000,-1323000,-1046000
2008/09/01,0,106000,-867000,-761000
2008/09/02,0,551000,-1309000,-758000
2008/09/03,0,134000,-719000,-585000
2008/09/04,0,47000,-814000,-767000
2008/09/05,0,343000,-165000,178000
2008/09/08,0,7000,-810000,-803000
2008/09/09,0,11000,-1943000,-1932000
2008/09/10,0,875000,-1443000,-568000
2008/09/11,0,652000,-1526000,-874000
2008/09/12,0,466000,-160000,306000
2008/09/15,0,1334000,-72000,1262000
2008/09/16,0,952000,-106000,846000
2008/09/17,0,277000,-1299000,-1022000
2008/09/18,0,748000,-545192,202808
2008/09/19,0,1991000,-187000,1804000
2008/09/22,0,647000,-498000,149000
2008/09/23,0,464000,-1519000,-1055000
2008/09/24,0,1138711,-1183711,-45000
2008/09/25,0,18000,-367000,-349000
2008/09/26,0,7000,-294000,-287000
2008/09/29,0,0,0,0
2008/09/30,0,104000,-7000,97000
2008/10/01,0,608000,-528402,79598
2008/10/02,0,749000,-594000,155000
2008/10/03,0,300047,-708269,-408222
2008/10/06,0,115000,-434850,-319850
2008/10/07,0,262000,-1575000,-1313000
2008/10/08,0,394000,-740940,-346940
2008/10/09,0,1000,-48000,-47000
2008/10/10,0,0,0,0
2008/10/13,0,481000,-4130,476870
2008/10/14,0,539000,-8000,531000
2008/10/15,0,111000,-303000,-192000
2008/10/16,0,0,0,0
2008/10/17,0,1427000,-473000,954000
2008/10/20,0,106000,-392144,-286144
2008/10/21,0,445000,-174000,271000
2008/10/22,0,397000,-328000,69000
2008/10/23,0,0,-1078416,-1078416
2008/10/24,0,18000,0,18000
2008/10/27,0,13000,-478000,-465000
2008/10/28,0,295000,-37000,258000
2008/10/29,0,199000,-104430,94570
2008/10/30,0,0,-2000,-2000
2008/10/31,0,0,-29000,-29000
2008/11/03,0,995000,-270000,725000
2008/11/04,0,70000,-601000,-531000
2008/11/05,0,39000,-164000,-125000
2008/11/06,0,520000,-634022,-114022
2008/11/07,0,221000,-302000,-81000
2008/11/10,0,178000,-714000,-536000
2008/11/11,0,1519000,-244000,1275000
2008/11/12,0,391000,-459683,-68683
2008/11/13,0,160000,-207000,-47000
2008/11/14,0,172000,-347989,-175989
2008/11/17,0,374000,-180000,194000
2008/11/18,0,81000,-374000,-293000
2008/11/19,0,29000,-589000,-560000
2008/11/20,0,357000,-76000,281000
2008/11/21,0,371000,-55001,315999
2008/11/24,0,3657600,-389918,3267682
2008/11/25,0,33000,-537741,-504741
2008/11/26,0,661000,-19000,642000
2008/11/27,0,22000,-235000,-213000
2008/11/28,0,436000,-6000,430000
2008/12/01,0,334000,-132000,202000
2008/12/02,0,269000,-215008,53992
2008/12/03,0,521000,-1180000,-659000
2008/12/04,0,313000,-178000,135000
2008/12/05,0,226000,-192000,34000
2008/12/08,0,999000,-64762,934238
2008/12/09,0,846000,-476346,369654
2008/12/10,0,314000,-87000,227000
2008/12/11,0,679000,-827000,-148000
2008/12/12,0,120000,-305000,-185000
2008/12/15,0,485000,-119000,366000
2008/12/16,0,367000,-514037,-147037
2008/12/17,0,807000,-281000,526000
2008/12/18,0,633000,-249700,383300
2008/12/19,0,431000,-318000,113000
2008/12/22,0,484000,-413000,71000
2008/12/23,0,470000,-292000,178000
2008/12/24,0,520000,-193865,326135
2008/12/25,0,470000,-211000,259000
2008/12/26,0,2000,-492000,-490000
2008/12/29,0,1037812,-76000,961812
2008/12/30,0,340000,-351000,-11000
2008/12/31,0,123000,-549599,-426599
2009/01/01,0,0,0,0
2009/01/02,0,0,0,0
2009/01/05,0,814000,-572000,242000
2009/01/06,0,5453000,-636000,4817000
2009/01/07,0,2303000,-1317000,986000
2009/01/08,0,2709000,-560000,2149000
2009/01/09,0,1034492,-321000,713492
2009/01/12,0,722000,-1194000,-472000
2009/01/13,0,3033000,-35000,2998000
2009/01/14,0,2441000,-282000,2159000
2009/01/15,0,202000,-100000,102000
2009/01/16,0,1517000,-311000,1206000
2009/01/19,0,164000,-162000,2000
2009/01/20,0,179000,-248000,-69000
2009/01/21,0,550000,-346000,204000
2009/01/22,0,0,0,0
2009/01/23,0,0,0,0
2009/01/26,0,0,0,0
2009/01/27,0,0,0,0
2009/01/28,0,0,0,0
2009/01/29,0,0,0,0
2009/01/30,0,0,0,0
2009/02/02,0,4904079,-4571445,332634
2009/02/03,0,284000,-19000,265000
2009/02/04,0,600000,-454000,146000
2009/02/05,0,917000,-11000,906000
2009/02/06,0,275000,-35000,240000
2009/02/09,0,129000,0,129000
2009/02/10,0,318000,0,318000
2009/02/11,0,613092,-88092,525000
2009/02/12,0,79000,-751000,-672000
2009/02/13,0,532000,0,532000
2009/02/16,0,284000,-60000,224000
2009/02/17,0,12000,-63000,-51000
2009/02/18,0,206000,-411000,-205000
2009/02/19,0,154000,-55000,99000
2009/02/20,0,22837,-73837,-51000
2009/02/23,0,36000,-12000,24000
2009/02/24,0,125000,-276000,-151000
2009/02/25,0,318000,-2000,316000
2009/02/26,0,104000,-125757,-21757
2009/02/27,0,277000,-7000,270000
2009/03/02,0,81000,-186000,-105000
2009/03/03,0,249000,-847000,-598000
2009/03/04,0,281000,-284000,-3000
2009/03/05,0,76000,0,76000
2009/03/06,0,1073000,-152500,920500
2009/03/09,0,15000,-1617000,-1602000
2009/03/10,0,91000,-119000,-28000
2009/03/11,0,152000,-51,151949
2009/03/12,0,526000,-264000,262000
2009/03/13,0,1822000,-400000,1422000
2009/03/16,0,86000,-20000,66000
2009/03/17,0,348000,0,348000
2009/03/18,0,788000,-77000,711000
2009/03/19,0,72000,-1181660,-1109660
2009/03/20,0,0,-1546000,-1546000
2009/03/23,0,1084000,-69000,1015000
2009/03/24,0,1178983,-10000,1168983
2009/03/25,0,664000,-335000,329000
2009/03/26,0,292000,-4039,287961
2009/03/27,0,2000,-398000,-396000
2009/03/30,0,28000,-749000,-721000
2009/03/31,0,1837627,-887989,949638
2009/04/01,0,146000,-320000,-174000
2009/04/02,0,257000,-157000,100000
2009/04/03,0,437000,-21000,416000
2009/04/06,0,728000,-483000,245000
2009/04/07,0,118000,-856121,-738121
2009/04/08,0,110000,-678000,-568000
2009/04/09,0,2479000,-34000,2445000
2009/04/10,0,394000,-817000,-423000
2009/04/13,0,315000,-3000,312000
2009/04/14,0,406601,-171000,235601
2009/04/15,0,350000,-840000,-490000
2009/04/16,0,413000,-954000,-541000
2009/04/17,0,741000,-842000,-101000
2009/04/20,0,381000,-161782,219218
2009/04/21,0,1362000,-712141,649859
2009/04/22,0,13078000,-855000,12223000
2009/04/23,0,3192000,-532000,2660000
2009/04/24,0,551000,-247000,304000
2009/04/27,0,519000,-927363,-408363
2009/04/28,0,1415000,-1052000,363000
2009/04/29,0,4972183,-613057,4359126
2009/04/30,0,580000,-1561000,-981000
2009/05/01,0,0,0,0
2009/05/04,0,2801000,-1991000,810000
2009/05/05,0,1681316,-1938316,-257000
2009/05/06,0,880000,-2306000,-1426000
2009/05/07,0,2274000,-876000,1398000
2009/05/08,0,3094000,-319199,2774801
2009/05/11,0,1027000,-1401000,-374000
2009/05/12,0,8599000,-497000,8102000
2009/05/13,0,6235000,-370000,5865000
2009/05/14,0,5061000,-1354170,3706830
2009/05/15,0,4701000,-3380154,1320846
2009/05/18,0,5494000,-791239,4702761
2009/05/19,0,2664000,-440429,2223571
2009/05/20,0,1916000,-1149000,767000
2009/05/21,0,3753000,-853000,2900000
2009/05/22,0,10384000,-376000,10008000
2009/05/25,0,1145874,-941000,204874
2009/05/26,0,3889000,-390000,3499000
2009/05/27,0,20174000,-11518962,8655038
2009/05/28,0,0,0,0
2009/05/29,0,0,0,0
2009/06/01,0,8178000,-821164,7356836
2009/06/02,0,7380000,-2517478,4862522
2009/06/03,0,3387000,-3106275,280725
2009/06/04,0,623000,-2316000,-1693000
2009/06/05,0,438667,-1870154,-1431487
2009/06/08,0,903000,-2567543,-1664543
2009/06/09,0,3953000,-568933,3384067
2009/06/10,0,1450000,-874427,575573
2009/06/11,0,1800000,-3216755,-1416755
2009/06/12,0,518000,-1814000,-1296000
2009/06/15,0,649000,-871000,-222000
2009/06/16,0,2258000,-596010,1661990
2009/06/17,0,1729000,-1250557,478443
2009/06/18,0,215000,-1254000,-1039000
2009/06/19,0,197000,-1117208,-920208
2009/06/22,0,142000,-879000,-737000
2009/06/23,0,187300,-2120000,-1932700
2009/06/24,0,1585000,-697000,888000
2009/06/25,0,1049000,-796237,252763
2009/06/26,0,999000,-1192000,-193000
2009/06/29,0,1080000,-2219000,-1139000
2009/06/30,0,857000,-502860,354140
2009/07/01,0,976000,-952000,24000
2009/07/02,0,140000,-460000,-320000
2009/07/03,0,199000,-286794,-87794
2009/07/06,0,402000,-603000,-201000
2009/07/07,0,1241000,-1683710,-442710
2009/07/08,0,376000,-1236000,-860000
2009/07/09,0,752000,-1606000,-854000
2009/07/10,0,482000,-807000,-325000
2009/07/13,0,641000,-868000,-227000
2009/07/14,0,2246000,-331962,1914038
2009/07/15,0,705000,-398798,306202
2009/07/16,0,1731000,-240000,1491000
2009/07/17,0,874563,-181100,693463
2009/07/20,0,621000,-434000,187000
2009/07/21,0,1862000,-423380,1438620
2009/07/22,0,740000,-249000,491000
2009/07/23,0,1196000,-90400,1105600
2009/07/24,0,470000,-146020,323980
2009/07/27,0,1141000,-20000,1121000
2009/07/28,0,371000,-185000,186000
2009/07/29,0,359000,-131464,227536
2009/07/30,0,364000,-568000,-204000
2009/07/31,0,2963000,-1231000,1732000
2009/08/03,0,83000,-333000,-250000
2009/08/04,0,470000,-1007000,-537000
2009/08/05,0,312000,-1001000,-689000
2009/08/06,0,895000,-1122000,-227000
2009/08/07,0,0,0,0
2009/08/10,0,3568405,-4055000,-486595
2009/08/11,0,856000,-649000,207000
2009/08/12,0,242000,-513000,-271000
2009/08/13,0,1638000,-586000,1052000
2009/08/14,0,522000,-540000,-18000
2009/08/17,0,74000,-338000,-264000
2009/08/18,0,277000,-511000,-234000
2009/08/19,0,41000,-499000,-458000
2009/08/20,0,109000,-677954,-568954
2009/08/21,0,1776382,-845790,930592
2009/08/24,0,968000,-114000,854000
2009/08/25,0,138000,-435000,-297000
2009/08/26,0,487000,-461000,26000
2009/08/27,0,467358,-409000,58358
2009/08/28,0,1134000,-3807600,-2673600
2009/08/31,0,457000,-831979,-374979
2009/09/01,0,458000,-169217,288783
2009/09/02,0,191000,-221000,-30000
2009/09/03,0,3385883,-500808,2885075
2009/09/04,0,154000,-563000,-409000
2009/09/07,0,108000,-245000,-137000
2009/09/08,0,2865000,-1585000,1280000
2009/09/09,0,553000,-454000,99000
2009/09/10,0,3208000,-3304820,-96820
2009/09/11,0,618000,-1245039,-627039
2009/09/14,0,141000,-224000,-83000
2009/09/15,0,747000,-26338,720662
2009/09/16,0,980000,-1034000,-54000
2009/09/17,0,553000,-1695840,-1142840
2009/09/18,0,699000,-1522000,-823000
2009/09/21,0,257000,-893392,-636392
2009/09/22,0,194000,-275000,-81000
2009/09/23,0,69000,-2387000,-2318000
2009/09/24,0,142000,-649000,-507000
2009/09/25,0,41000,-2123176,-2082176
2009/09/28,0,278000,-49000,229000
2009/09/29,0,942000,-167922,774078
2009/09/30,0,891000,-1403879,-512879
2009/10/01,0,165000,-571000,-406000
2009/10/02,0,179000,-857658,-678658
2009/10/05,0,989000,-1290492,-301492
2009/10/06,0,577000,-207000,370000
2009/10/07,0,931921,-198200,733721
2009/10/08,0,1749000,-2851528,-1102528
2009/10/09,0,779000,-367000,412000
2009/10/12,0,207000,-382000,-175000
2009/10/13,0,684430,-587018,97412
2009/10/14,0,678350,-78350,600000
2009/10/15,0,1330000,-99000,1231000
2009/10/16,0,490000,-3084809,-2594809
2009/10/19,0,755000,-54755,700245
2009/10/20,0,300000,-149000,151000
2009/10/21,0,290000,-840000,-550000
2009/10/22,0,406447,-1165000,-758553
2009/10/23,0,424517,-279000,145517
2009/10/26,0,781000,-4000,777000
2009/10/27,0,155080,-501233,-346153
2009/10/28,0,45000,-579000,-534000
2009/10/29,0,713000,-832000,-119000
2009/10/30,0,343000,-3620897,-3277897
2009/11/02,0,422000,-453817,-31817
2009/11/03,0,262000,-1345000,-1083000
2009/11/04,0,1008532,-529524,479008
2009/11/05,0,84000,-545000,-461000
2009/11/06,0,820000,-3000,817000
2009/11/09,0,625000,-88000,537000
2009/11/10,0,371000,-30508,340492
2009/11/11,0,630000,-90000,540000
2009/11/12,0,804000,-87132,716868
2009/11/13,0,485000,-2817369,-2332369
2009/11/16,0,1185000,-1937530,-752530
2009/11/17,0,850000,-3299757,-2449757
2009/11/18,0,1608000,-665299,942701
2009/11/19,0,935808,-188000,747808
2009/11/20,0,866000,-568000,298000
2009/11/23,0,269000,-182000,87000
2009/11/24,0,311000,-396000,-85000
2009/11/25,0,1140000,-1517193,-377193
2009/11/26,0,169000,-131886,37114
2009/11/27,0,132000,-1994000,-1862000
2009/11/30,0,363301,-654408,-291107
2009/12/01,0,808905,-516597,292308
2009/12/02,0,288000,-2765000,-2477000
2009/12/03,0,306609,-2064681,-1758072
2009/12/04,0,180000,-1560099,-1380099
2009/12/07,0,1292368,-1627943,-335575
2009/12/08,0,481000,-1918022,-1437022
2009/12/09,0,122000,-3045262,-2923262
2009/12/10,0,211000,-2447504,-2236504
2009/12/11,0,553000,-178000,375000
2009/12/14,0,372000,-759000,-387000
2009/12/15,0,170000,-890460,-720460
2009/12/16,0,119000,-1663000,-1544000
2009/12/17,0,170910,-694833,-523923
2009/12/18,0,146000,-1278000,-1132000
2009/12/21,0,254000,-668722,-414722
2009/12/22,0,212000,-128000,84000
2009/12/23,0,204000,-221599,-17599
2009/12/24,0,902000,-36000,866000
2009/12/25,0,322000,-55000,267000
2009/12/28,0,979000,-272000,707000
2009/12/29,0,205000,-614000,-409000
2009/12/30,0,1043000,-470937,572063
2009/12/31,0,303000,-150000,153000
2010/01/01,0,0,0,0
2010/01/04,0,350000,-158000,192000
2010/01/05,0,301000,-1195473,-894473
2010/01/06,0,721000,-947000,-226000
2010/01/07,0,461000,-556667,-95667
2010/01/08,0,956090,-55000,901090
2010/01/11,0,716000,-673000,43000
2010/01/12,0,119000,-1147000,-1028000
2010/01/13,0,114000,-2220000,-2106000
2010/01/14,0,121000,-273410,-152410
2010/01/15,0,1710000,-676000,1034000
2010/01/18,0,265000,-1667001,-1402001
2010/01/19,0,27000,-635460,-608460
2010/01/20,0,397000,-961000,-564000
2010/01/21,0,1103000,-76000,1027000
2010/01/22,0,625000,-1285000,-660000
2010/01/25,0,220700,-769000,-548300
2010/01/26,0,949000,-1693000,-744000
2010/01/27,0,821000,-493920,327080
2010/01/28,0,4000,-1186000,-1182000
2010/01/29,0,851000,-1397440,-546440
2010/02/01,0,154000,-1579460,-1425460
2010/02/02,0,157000,-911680,-754680
2010/02/03,0,44820,-320957,-276137
2010/02/04,0,7000,-401000,-394000
2010/02/05,0,186000,-735000,-549000
2010/02/08,0,122321,-920000,-797679
2010/02/09,0,131000,-243000,-112000
2010/02/10,0,46000,-565000,-519000
2010/02/11,0,0,0,0
2010/02/12,0,0,0,0
2010/02/15,0,0,0,0
2010/02/16,0,0,0,0
2010/02/17,0,0,0,0
2010/02/18,0,0,0,0
2010/02/19,0,0,0,0
2010/02/22,0,691000,-280000,411000
2010/02/23,0,899000,-186000,713000
2010/02/24,0,608000,-489000,119000
2010/02/25,0,788652,-1110000,-321348
2010/02/26,0,546885,-291000,255885
2010/03/01,0,825000,-1971934,-1146934
2010/03/02,0,354000,-126000,228000
2010/03/03,0,312000,-159000,153000
2010/03/04,0,116000,-624000,-508000
2010/03/05,0,747000,-91000,656000
2010/03/08,0,491000,-38000,453000
2010/03/09,0,1315860,-63000,1252860
2010/03/10,0,503465,-23000,480465
2010/03/11,0,309000,-165000,144000
2010/03/12,0,643000,-171517,471483
2010/03/15,0,181000,-355000,-174000
2010/03/16,0,784000,-44000,740000
2010/03/17,0,2073000,-39000,2034000
2010/03/18,0,713000,-100000,613000
2010/03/19,0,570000,-1233000,-663000
2010/03/22,0,197000,-460430,-263430
2010/03/23,0,65000,-390000,-325000
2010/03/24,0,264000,0,264000
2010/03/25,0,218628,-1161024,-942396
2010/03/26,0,893000,-367000,526000
2010/03/29,0,940000,-11000,929000
2010/03/30,0,506000,-144000,362000
2010/03/31,0,474000,-123016,350984
2010/04/01,0,1436999,-687854,749145
2010/04/02,0,141000,-45000,96000
2010/04/05,0,0,0,0
2010/04/06,0,1151000,-53000,1098000
2010/04/07,0,477530,-11000,466530
2010/04/08,0,940001,-330000,610001
2010/04/09,0,963000,-252420,710580
2010/04/12,0,412770,-336000,76770
2010/04/13,0,129000,-187000,-58000
2010/04/14,0,651000,-30390,620610
2010/04/15,0,905000,-87048,817952
2010/04/16,0,1370830,-841000,529830
2010/04/19,0,690000,-3323000,-2633000
2010/04/20,0,323000,-423000,-100000
2010/04/21,0,1821965,-312000,1509965
2010/04/22,0,752000,-873950,-121950
2010/04/23,0,225305,-555000,-329695
2010/04/26,0,2353000,0,2353000
2010/04/27,0,1094941,-564941,530000
2010/04/28,0,241000,-1573150,-1332150
2010/04/29,0,497000,-3040698,-2543698
2010/04/30,0,1160000,-993971,166029
2010/05/03,0,105000,-616000,-511000
2010/05/04,0,56000,-1413000,-1357000
2010/05/05,0,793580,-4006045,-3212465
2010/05/06,0,1041720,-2388000,-1346280
2010/05/07,0,567847,-1679788,-1111941
2010/05/10,0,169670,-474340,-304670
2010/05/11,0,124000,-1109000,-985000
2010/05/12,0,110548,-915000,-804452
2010/05/13,0,966000,-184000,782000
2010/05/14,0,444000,-2335000,-1891000
2010/05/17,0,704647,-429000,275647
2010/05/18,0,529000,-98000,431000
2010/05/19,0,382000,-582000,-200000
2010/05/20,0,611000,-845921,-234921
2010/05/21,0,179000,-991510,-812510
2010/05/24,0,307000,-301000,6000
2010/05/25,0,872000,-2036302,-1164302
2010/05/26,0,1438000,-2518700,-1080700
2010/05/27,0,663062,-1422680,-759618
2010/05/28,0,1091000,-796000,295000
2010/05/31,0,2350000,-147000,2203000
2010/06/01,0,187000,-1657000,-1470000
2010/06/02,0,849000,-667000,182000
2010/06/03,0,491000,-226599,264401
2010/06/04,0,300000,-692000,-392000
2010/06/07,0,130000,-296000,-166000
2010/06/08,0,140000,-161000,-21000
2010/06/09,0,12000,-483000,-471000
2010/06/10,0,680000,-152000,528000
2010/06/11,0,613120,-976000,-362880
2010/06/14,0,854120,-536000,318120
2010/06/15,0,3502240,-363563,3138677
2010/06/16,0,0,0,0
2010/06/17,0,1186929,-775000,411929
2010/06/18,0,251623,-153354,98269
2010/06/21,0,1885814,-262127,1623687
2010/06/22,0,441217,-230000,211217
2010/06/23,0,210477,-68972,141505
2010/06/24,0,207000,-1395542,-1188542
2010/06/25,0,35561,-630000,-594439
2010/06/28,0,99000,-142000,-43000
2010/06/29,0,619000,-639000,-20000
2010/06/30,0,160000,-1253000,-1093000
2010/07/01,0,8000,-1275823,-1267823
2010/07/02,0,216000,-213120,2880
2010/07/05,0,366084,-365000,1084
2010/07/06,0,578000,-342000,236000
2010/07/07,0,283939,-909500,-625561
2010/07/08,0,630000,-1529596,-899596
2010/07/09,0,329022,-883000,-553978
2010/07/12,0,729073,-1543848,-814775
2010/07/13,0,740000,-141000,599000
2010/07/14,0,1709160,-76178,1632982
2010/07/15,0,808000,-1318000,-510000
2010/07/16,0,185448,-1539000,-1353552
2010/07/19,0,344000,-136000,208000
2010/07/20,0,554000,-748000,-194000
2010/07/21,0,599000,-2101000,-1502000
2010/07/22,0,137003,-1348265,-1211262
2010/07/23,0,1212000,-1544000,-332000
2010/07/26,0,1697980,-166000,1531980
2010/07/27,0,341730,-265569,76161
2010/07/28,0,577000,-92000,485000
2010/07/29,0,1025000,-168959,856041
2010/07/30,0,401419,-898000,-496581
2010/08/02,0,1084000,-77000,1007000
2010/08/03,0,1046000,-689000,357000
2010/08/04,0,1285000,-2843479,-1558479
2010/08/05,0,309000,-1970671,-1661671
2010/08/06,0,712000,-52000,660000
2010/08/09,0,587000,-34000,553000
2010/08/10,0,222000,-365000,-143000
2010/08/11,0,492000,-2542522,-2050522
2010/08/12,0,74000,-1806409,-1732409
2010/08/13,0,517000,-191886,325114
2010/08/16,0,79000,-60000,19000
2010/08/17,0,24000,-123000,-99000
2010/08/18,0,582000,-526000,56000
2010/08/19,0,242000,-2297487,-2055487
2010/08/20,0,105000,-672307,-567307
2010/08/23,0,690000,-683000,7000
2010/08/24,0,542000,-378000,164000
2010/08/25,0,202000,-1865000,-1663000
2010/08/26,0,62000,-919000,-857000
2010/08/27,0,180000,-563481,-383481
2010/08/30,0,208912,-171000,37912
2010/08/31,0,467000,-892077,-425077
2010/09/01,0,126000,-200000,-74000
2010/09/02,0,246005,-91000,155005
2010/09/03,0,524000,-299000,225000
2010/09/06,0,157000,-21000,136000
2010/09/07,0,113829,-28200,85629
2010/09/08,0,356370,-289316,67054
2010/09/09,0,423000,-32000,391000
2010/09/10,0,382660,-90278,292382
2010/09/13,0,1973000,-531766,1441234
2010/09/14,0,325015,-114000,211015
2010/09/15,0,818384,-430000,388384
2010/09/16,0,345000,-625000,-280000
2010/09/17,0,803000,-180095,622905
2010/09/20,0,293000,-201000,92000
2010/09/21,0,208000,-963000,-755000
2010/09/22,0,0,0,0
2010/09/23,0,646000,-75377,570623
2010/09/24,0,711400,-340832,370568
2010/09/27,0,163880,-201000,-37120
2010/09/28,0,646210,-404000,242210
2010/09/29,0,1352000,-1911000,-559000
2010/09/30,0,737220,-188596,548624
2010/10/01,0,266870,-84000,182870
2010/10/04,0,704680,-398000,306680
2010/10/05,0,672780,-572170,100610
2010/10/06,0,581060,-50000,531060
2010/10/07,0,548840,-653000,-104160
2010/10/08,0,290490,-373000,-82510
2010/10/11,0,294420,-157000,137420
2010/10/12,0,44980,-1017000,-972020
2010/10/13,0,387860,-570550,-182690
2010/10/14,0,496920,-312000,184920
2010/10/15,0,198260,-194000,4260
2010/10/18,0,124000,-896000,-772000
2010/10/19,0,505000,-1227000,-722000
2010/10/20,0,76000,-1405000,-1329000
2010/10/21,0,344000,-684000,-340000
2010/10/22,0,88000,-1387003,-1299003
2010/10/25,0,567000,-1075000,-508000
2010/10/26,0,584838,-282000,302838
2010/10/27,0,715080,-1194450,-479370
2010/10/28,0,1875300,-1787000,88300
2010/10/29,0,145000,-587825,-442825
2010/11/01,0,880000,-193000,687000
2010/11/02,0,438000,-420000,18000
2010/11/03,0,455000,-148000,307000
2010/11/04,0,476000,-71000,405000
2010/11/05,0,565000,-3413000,-2848000
2010/11/08,0,67000,-1748000,-1681000
2010/11/09,0,311000,-1197000,-886000
2010/11/10,0,1487000,-258390,1228610
2010/11/11,0,1411000,-3700700,-2289700
2010/11/12,0,914000,-1263714,-349714
2010/11/15,0,274130,-887908,-613778
2010/11/16,0,930000,-457000,473000
2010/11/17,0,1073000,-1459000,-386000
2010/11/18,0,782000,-829560,-47560
2010/11/19,0,660560,-1985086,-1324526
2010/11/22,0,556370,-734000,-177630
2010/11/23,0,1022510,-4230000,-3207490
2010/11/24,0,223000,-2530248,-2307248
2010/11/25,0,326000,-6682000,-6356000
2010/11/26,0,1185000,-6150000,-4965000
2010/11/29,0,368000,-1903949,-1535949
2010/11/30,0,25239000,-41105711,-15866711
2010/12/01,0,5942000,-7335130,-1393130
2010/12/02,0,118000,-3292430,-3174430
2010/12/03,0,357000,-1170500,-813500
2010/12/06,0,59000,-904500,-845500
2010/12/07,0,793000,-4524000,-3731000
2010/12/08,0,1078000,-1064000,14000
2010/12/09,0,465000,-44000,421000
2010/12/10,0,19000,-236823,-217823
2010/12/13,0,538000,-545000,-7000
2010/12/14,0,832000,-533447,298553
2010/12/15,0,1199000,-219000,980000
2010/12/16,0,477000,-548000,-71000
2010/12/17,0,446000,-511000,-65000
2010/12/20,0,305000,-505000,-200000
2010/12/21,0,118000,-52000,66000
2010/12/22,0,639147,-7648,631499
2010/12/23,0,142000,-44000,98000
2010/12/24,0,39000,-103000,-64000
2010/12/27,0,88000,-89000,-1000
2010/12/28,0,223000,-233458,-10458
2010/12/29,0,237000,-345000,-108000
2010/12/30,0,192000,-363101,-171101
2010/12/31,0,442000,-1633638,-1191638
2011/01/03,0,284000,-187000,97000
2011/01/04,0,101000,-916000,-815000
2011/01/05,0,149000,-1524000,-1375000
2011/01/06,0,175000,-1386312,-1211312
2011/01/07,0,91000,-1648540,-1557540
2011/01/10,0,113000,-875785,-762785
2011/01/11,0,305000,-1459000,-1154000
2011/01/12,0,171000,-2642000,-2471000
2011/01/13,0,150629,-2370653,-2220024
2011/01/14,0,218000,-45000,173000
2011/01/17,0,290000,-59000,231000
2011/01/18,0,456000,-54912,401088
2011/01/19,0,1722000,-264000,1458000
2011/01/20,0,169000,-154000,15000
2011/01/21,0,225000,-761798,-536798
2011/01/24,0,198000,-760411,-562411
2011/01/25,0,23000,-7000,16000
2011/01/26,0,301000,-274000,27000
2011/01/27,0,10000,-1482000,-1472000
2011/01/28,0,29000,-219000,-190000
2011/01/31,0,0,0,0
2011/02/01,0,0,0,0
2011/02/02,0,0,0,0
2011/02/03,0,0,0,0
2011/02/04,0,0,0,0
2011/02/07,0,0,0,0
2011/02/08,0,95000,-1054000,-959000
2011/02/09,0,107000,-263000,-156000
2011/02/10,0,94000,-201000,-107000
2011/02/11,0,14000,-1059000,-1045000
2011/02/14,0,0,-644000,-644000
2011/02/15,0,0,-735965,-735965
2011/02/16,0,428000,-997000,-569000
2011/02/17,0,113000,-341240,-228240
2011/02/18,0,168000,-302000,-134000
2011/02/21,0,148000,-402000,-254000
2011/02/22,0,12000,-487000,-475000
2011/02/23,0,55248,-138000,-82752
2011/02/24,0,144000,-19000,125000
2011/02/25,0,157000,-90000,67000
2011/02/28,0,0,0,0
2011/03/01,0,29000,-532000,-503000
2011/03/02,0,592000,-1183000,-591000
2011/03/03,0,78000,-305000,-227000
2011/03/04,0,87000,-187000,-100000
2011/03/07,0,6000,-123000,-117000
2011/03/08,0,188000,-715000,-527000
2011/03/09,0,77000,-143000,-66000
2011/03/10,0,34000,-214000,-180000
2011/03/11,0,0,-553000,-553000
2011/03/14,0,80000,-88000,-8000
2011/03/15,0,198000,-363000,-165000
2011/03/16,0,355000,-6000,349000
2011/03/17,0,507000,-111000,396000
2011/03/18,0,530000,-125837,404163
2011/03/21,0,480000,-58000,422000
2011/03/22,0,0,-11000,-11000
2011/03/23,0,298000,-72000,226000
2011/03/24,0,13000,-420000,-407000
2011/03/25,0,176000,-3000,173000
2011/03/28,0,285000,-9000,276000
2011/03/29,0,364000,-2000,362000
2011/03/30,0,242000,0,242000
2011/03/31,0,501132,-162000,339132
2011/04/01,0,400000,-64000,336000
2011/04/04,0,0,0,0
2011/04/05,0,0,0,0
2011/04/06,0,774000,-3000,771000
2011/04/07,0,417000,-368000,49000
2011/04/08,0,186000,0,186000
2011/04/11,0,108000,-100000,8000
2011/04/12,0,260000,-20000,240000
2011/04/13,0,184000,-190000,-6000
2011/04/14,0,651000,-264300,386700
2011/04/15,0,143000,-60000,83000
2011/04/18,0,0,-12000,-12000
2011/04/19,0,821000,0,821000
2011/04/20,0,492191,-328398,163793
2011/04/21,0,812000,-7000,805000
2011/04/22,0,315000,-94000,221000
2011/04/25,0,186000,0,186000
2011/04/26,0,423319,0,423319
2011/04/27,0,540000,0,540000
2011/04/28,0,264000,-16000,248000
2011/04/29,0,133605,-84000,49605
2011/05/02,0,0,0,0
2011/05/03,0,364000,-287000,77000
2011/05/04,0,493000,-541000,-48000
2011/05/05,0,115000,-111000,4000
2011/05/06,0,387000,-42000,345000
2011/05/09,0,188000,-3000,185000
2011/05/10,0,41000,-31000,10000
2011/05/11,0,228000,-253000,-25000
2011/05/12,0,168000,-46000,122000
2011/05/13,0,35000,-122000,-87000
2011/05/16,0,175000,-517000,-342000
2011/05/17,0,205000,-169000,36000
2011/05/18,0,490000,0,490000
2011/05/19,0,305000,-697979,-392979
2011/05/20,0,0,-111000,-111000
2011/05/23,0,105000,-164000,-59000
2011/05/24,0,65000,-107000,-42000
2011/05/25,0,10000,-73000,-63000
2011/05/26,0,77000,-328467,-251467
2011/05/27,0,43000,-17000,26000
2011/05/30,0,67000,-28000,39000
2011/05/31,0,2127000,-146000,1981000
2011/06/01,0,53000,-8000,45000
2011/06/02,0,246000,-289000,-43000
2011/06/03,0,159000,-10000,149000
2011/06/06,0,0,0,0
2011/06/07,0,176000,-12000,164000
2011/06/08,0,52000,0,52000
2011/06/09,0,64000,0,64000
2011/06/10,0,11000,-465000,-454000
2011/06/13,0,0,-153000,-153000
2011/06/14,0,112000,-406000,-294000
2011/06/15,0,1162000,-469000,693000
2011/06/16,0,90000,-449684,-359684
2011/06/17,0,166236,-1449024,-1282788
2011/06/20,0,15000,-230000,-215000
2011/06/21,0,307000,-228000,79000
2011/06/22,0,46000,-21000,25000
2011/06/23,0,172000,-988000,-816000
2011/06/24,0,402000,-263000,139000
2011/06/27,0,15000,-525699,-510699
2011/06/28,0,258000,-92000,166000
2011/06/29,0,205000,-11000,194000
2011/06/30,0,68000,-926000,-858000
2011/07/01,0,166000,-648836,-482836
2011/07/04,0,37000,-28000,9000
2011/07/05,0,11000,-36000,-25000
2011/07/06,0,356033,-166000,190033
2011/07/07,0,1066813,-1054000,12813
2011/07/08,0,160198,-76000,84198
2011/07/11,0,11259,-149000,-137741
2011/07/12,0,201051,-316000,-114949
2011/07/13,0,338148,-144000,194148
2011/07/14,0,80111,-129000,-48889
2011/07/15,0,316000,-215000,101000
2011/07/18,0,124423,-231000,-106577
2011/07/19,0,135000,-298000,-163000
2011/07/20,0,283469,0,283469
2011/07/21,0,276839,-10000,266839
2011/07/22,0,312452,-123894,188558
2011/07/25,0,83000,0,83000
2011/07/26,0,242292,0,242292
2011/07/27,0,215896,-112000,103896
2011/07/28,0,54097,-37001,17096
2011/07/29,0,427393,-330649,96744
2011/08/01,0,588000,-26000,562000
2011/08/02,0,112509,-682000,-569491
2011/08/03,0,133118,-210000,-76882
2011/08/04,0,338344,-80000,258344
2011/08/05,0,135369,-338000,-202631
2011/08/08,0,106021,-142000,-35979
2011/08/09,0,117000,-364000,-247000
2011/08/10,0,330000,-1105000,-775000
2011/08/11,0,624000,-607000,17000
2011/08/12,0,44000,-2469000,-2425000
2011/08/15,0,112000,-1018000,-906000
2011/08/16,0,596000,-2089000,-1493000
2011/08/17,0,147100,-1166000,-1018900
2011/08/18,0,226207,-510000,-283793
2011/08/19,0,343486,-484000,-140514
2011/08/22,0,504176,-144000,360176
2011/08/23,0,386000,-16000,370000
2011/08/24,0,103026,-92000,11026
2011/08/25,0,699911,-561037,138874
2011/08/26,0,69416,-91000,-21584
2011/08/29,0,212000,-4000,208000
2011/08/30,0,54000,-31000,23000
2011/08/31,0,221322,-278000,-56678
2011/09/01,0,209543,-339000,-129457
2011/09/02,0,174969,-176000,-1031
2011/09/05,0,0,-303000,-303000
2011/09/06,0,112259,-244000,-131741
2011/09/07,0,114806,-117000,-2194
2011/09/08,0,433767,-91000,342767
2011/09/09,0,489000,-60000,429000
2011/09/12,0,0,0,0
2011/09/13,0,157745,-133000,24745
2011/09/14,0,331287,-259000,72287
2011/09/15,0,186000,-51000,135000
2011/09/16,0,486000,-232000,254000
2011/09/19,0,128269,-90000,38269
2011/09/20,0,235000,-224000,11000
2011/09/21,0,310297,-30000,280297
2011/09/22,0,350000,-408000,-58000
2011/09/23,0,552162,-308000,244162
2011/09/26,0,172058,-494000,-321942
2011/09/27,0,307226,-417220,-109994
2011/09/28,0,330095,-22000,308095
2011/09/29,0,285872,-14000,271872
2011/09/30,0,165000,-177000,-12000
2011/10/03,0,278246,-39000,239246
2011/10/04,0,507000,-24000,483000
2011/10/05,0,290000,-14000,276000
2011/10/06,0,182000,-38000,144000
2011/10/07,0,125000,-26000,99000
2011/10/10,0,0,0,0
2011/10/11,0,99000,-9000,90000
2011/10/12,0,291000,0,291000
2011/10/13,0,153463,-87000,66463
2011/10/14,0,28612,-15000,13612
2011/10/17,0,317613,0,317613
2011/10/18,0,54003,0,54003
2011/10/19,0,143950,-32000,111950
2011/10/20,0,364536,-2000,362536
2011/10/21,0,260078,-2000,258078
2011/10/24,0,435431,-36000,399431
2011/10/25,0,345796,-10000,335796
2011/10/26,0,117000,-98000,19000
2011/10/27,0,157000,-6000,151000
2011/10/28,0,474000,-11000,463000
2011/10/31,0,117000,-146000,-29000
2011/11/01,0,446000,-3000,443000
2011/11/02,0,72000,-3000,69000
2011/11/03,0,19000,-67000,-48000
2011/11/04,0,181000,-43000,138000
2011/11/07,0,0,0,0
2011/11/08,0,214000,-10000,204000
2011/11/09,0,116000,-12000,104000
2011/11/10,0,142000,-100000,42000
2011/11/11,0,43000,-33000,10000
2011/11/14,0,81000,-16000,65000
2011/11/15,0,113000,-132000,-19000
2011/11/16,0,313000,-25000,288000
2011/11/17,0,327000,-37000,290000
2011/11/18,0,396000,-90000,306000
2011/11/21,0,374000,-125000,249000
2011/11/22,0,275000,0,275000
2011/11/23,0,174000,-118000,56000
2011/11/24,0,355000,-41000,314000
2011/11/25,0,55000,-196000,-141000
2011/11/28,0,43000,-9000,34000
2011/11/29,0,34000,-52000,-18000
2011/11/30,0,197000,-159000,38000
2011/12/01,0,308000,-69000,239000
2011/12/02,0,132000,-134000,-2000
2011/12/05,0,37000,-33000,4000
2011/12/06,0,66000,-217000,-151000
2011/12/07,0,221000,-1000,220000
2011/12/08,0,234000,-130000,104000
2011/12/09,0,215000,-437000,-222000
2011/12/12,0,43000,-124000,-81000
2011/12/13,0,165000,-188000,-23000
2011/12/14,0,174000,-31000,143000
2011/12/15,0,112000,-109000,3000
2011/12/16,0,252000,-458499,-206499
2011/12/19,0,35000,-138000,-103000
2011/12/20,0,287000,-91000,196000
2011/12/21,0,304000,-61000,243000
2011/12/22,0,188000,-27000,161000
2011/12/23,0,539000,-2000,537000
2011/12/26,0,71000,-85000,-14000
2011/12/27,0,341000,-155267,185733
2011/12/28,0,252000,-55000,197000
2011/12/29,0,149000,-28000,121000
2011/12/30,0,97000,-1000,96000
2012/01/02,0,4000,-88000,-84000
2012/01/03,0,212000,-98000,114000
2012/01/04,0,387000,-306000,81000
2012/01/05,0,413000,-121000,292000
2012/01/06,0,385000,-328000,57000
2012/01/09,0,622000,-121000,501000
2012/01/10,0,867000,-555000,312000
2012/01/11,0,2279000,-99000,2180000
2012/01/12,0,575000,-215000,360000
2012/01/13,0,1008000,-132000,876000
2012/01/16,0,569000,-244000,325000
2012/01/17,0,812000,-224000,588000
2012/01/18,0,682000,-393000,289000
2012/01/19,0,0,0,0
2012/01/20,0,0,0,0
2012/01/23,0,0,0,0
2012/01/24,0,0,0,0
2012/01/25,0,0,0,0
2012/01/26,0,0,0,0
2012/01/27,0,0,0,0
2012/01/30,0,3025000,-68000,2957000
2012/01/31,0,580398,-273000,307398
2012/02/01,0,1603000,-124000,1479000
2012/02/02,0,1040000,-196004,843996
2012/02/03,0,600000,-367000,233000
2012/02/06,0,965000,-608000,357000
2012/02/07,0,862000,0,862000
2012/02/08,0,1442000,-212000,1230000
2012/02/09,0,3723000,-20000,3703000
2012/02/10,0,404000,-33000,371000
2012/02/13,0,1019000,-138000,881000
2012/02/14,0,423468,-312000,111468
2012/02/15,0,795000,-105000,690000
2012/02/16,0,2388000,-397000,1991000
2012/02/17,0,330000,-925768,-595768
2012/02/20,0,820000,-371000,449000
2012/02/21,0,298000,-103000,195000
2012/02/22,0,293000,-249000,44000
2012/02/23,0,201000,-235000,-34000
2012/02/24,0,160000,-73000,87000
2012/02/27,0,0,0,0
2012/02/28,0,0,0,0
2012/02/29,0,358666,-573000,-214334
2012/03/01,0,330000,-299000,31000
2012/03/02,0,246000,-439000,-193000
2012/03/05,0,494000,-2141000,-1647000
2012/03/06,0,725000,-791000,-66000
2012/03/07,0,128000,-435000,-307000
2012/03/08,0,19000,-149000,-130000
2012/03/09,0,264000,-440000,-176000
2012/03/12,0,120000,-544000,-424000
2012/03/13,0,463000,-391000,72000
2012/03/14,0,383000,-1887000,-1504000
2012/03/15,0,602000,-1186221,-584221
2012/03/16,0,2473000,-4187381,-1714381
2012/03/19,0,170000,-792000,-622000
2012/03/20,0,349000,-343493,5507
2012/03/21,0,386000,-1694155,-1308155
2012/03/22,0,169000,-143000,26000
2012/03/23,0,134000,-34000,100000
2012/03/26,0,76000,-396000,-320000
2012/03/27,0,60000,-764000,-704000
2012/03/28,0,145000,-47000,98000
2012/03/29,0,391000,-168013,222987
2012/03/30,0,977907,-1647726,-669819
2012/04/02,0,75000,-194000,-119000
2012/04/03,0,236000,-332000,-96000
2012/04/04,0,0,0,0
2012/04/05,0,1163000,-127000,1036000
2012/04/06,0,49000,-330000,-281000
2012/04/09,0,48000,-311000,-263000
2012/04/10,0,783000,-126000,657000
2012/04/11,0,525000,-114000,411000
2012/04/12,0,129000,-178000,-49000
2012/04/13,0,101000,-143000,-42000
2012/04/16,0,7000,-42000,-35000
2012/04/17,0,52000,-191000,-139000
2012/04/18,0,81000,-233974,-152974
2012/04/19,0,467000,-865000,-398000
2012/04/20,0,55000,-584000,-529000
2012/04/23,0,295000,-74000,221000
2012/04/24,0,548000,-47000,501000
2012/04/25,0,56000,-287000,-231000
2012/04/26,0,479000,-247000,232000
2012/04/27,0,360966,-203000,157966
2012/04/30,0,330000,-835307,-505307
2012/05/01,0,0,0,0
2012/05/02,0,1109000,-618000,491000
2012/05/03,0,202000,-65000,137000
2012/05/04,0,277000,-38000,239000
2012/05/07,0,60000,-127000,-67000
2012/05/08,0,298000,-64000,234000
2012/05/09,0,231000,-188000,43000
2012/05/10,0,308216,-88000,220216
2012/05/11,0,232397,-106000,126397
2012/05/14,0,79000,-77000,2000
2012/05/15,0,52000,-116000,-64000
2012/05/16,0,23000,-219000,-196000
2012/05/17,0,350000,-533000,-183000
2012/05/18,0,110000,-301000,-191000
2012/05/21,0,136000,-10000,126000
2012/05/22,0,127000,-57000,70000
2012/05/23,0,101000,-153000,-52000
2012/05/24,0,82000,-54000,28000
2012/05/25,0,91000,-41000,50000
2012/05/28,0,194000,-112000,82000
2012/05/29,0,214000,-84000,130000
2012/05/30,0,877000,-148000,729000
2012/05/31,0,393000,-113000,280000
2012/06/01,0,209000,-97000,112000
2012/06/04,0,338000,-142000,196000
2012/06/05,0,365000,-5000,360000
2012/06/06,0,291000,-183000,108000
2012/06/07,0,601274,-391000,210274
2012/06/08,0,61991,-35000,26991
2012/06/11,0,100778,-32000,68778
2012/06/12,0,145000,-145000,0
2012/06/13,0,348473,-86000,262473
2012/06/14,0,521185,-45000,476185
2012/06/15,0,6303481,-861000,5442481
2012/06/18,0,788599,-177000,611599
2012/06/19,0,127524,-52000,75524
2012/06/20,0,69172,-6000,63172
2012/06/21,0,372126,0,372126
2012/06/22,0,158797,-9000,149797
2012/06/25,0,116000,-9000,107000
2012/06/26,0,151000,-28000,123000
2012/06/27,0,175000,-31000,144000
2012/06/28,0,137818,-6000,131818
2012/06/29,0,107818,-360,107458
2012/07/02,0,99000,-16000,83000
2012/07/03,0,109000,0,109000
2012/07/04,0,161652,-44000,117652
2012/07/05,0,142000,-57000,85000
2012/07/06,0,5000,0,5000
2012/07/09,0,45000,-56000,-11000
2012/07/10,0,112000,-181000,-69000
2012/07/11,0,131000,-18000,113000
2012/07/12,0,111000,-130000,-19000
2012/07/13,0,133387,-55000,78387
2012/07/16,0,122000,-8000,114000
2012/07/17,0,116000,-383888,-267888
2012/07/18,0,142000,-89000,53000
2012/07/19,0,205000,-35000,170000
2012/07/20,0,356000,-1000,355000
2012/07/23,0,182000,-71000,111000
2012/07/24,0,49000,-43000,6000
2012/07/25,0,3000,-297000,-294000
2012/07/26,0,26000,-13000,13000
2012/07/27,0,14000,-23000,-9000
2012/07/30,0,137000,-17000,120000
2012/07/31,0,440000,-1795396,-1355396
2012/08/01,0,240000,0,240000
2012/08/02,0,0,0,0
2012/08/03,0,45000,-200000,-155000
2012/08/06,0,115000,-150000,-35000
2012/08/07,0,51000,-73000,-22000
2012/08/08,0,93000,-208000,-115000
2012/08/09,0,151000,-66000,85000
2012/08/10,0,182000,-58000,124000
2012/08/13,0,23000,-54000,-31000
2012/08/14,0,95000,-46000,49000
2012/08/15,0,280000,-34000,246000
2012/08/16,0,114000,-31000,83000
2012/08/17,0,390000,-43000,347000
2012/08/20,0,8000,-73000,-65000
2012/08/21,0,21000,-58000,-37000
2012/08/22,0,1000,-19000,-18000
2012/08/23,0,156000,-15000,141000
2012/08/24,0,23000,-6000,17000
2012/08/27,0,18000,-2000,16000
2012/08/28,0,66000,-56000,10000
2012/08/29,0,403000,-40000,363000
2012/08/30,0,344000,-89000,255000
2012/08/31,0,726275,-167302,558973
2012/09/03,0,733000,-16000,717000
2012/09/04,0,643000,-203000,440000
2012/09/05,0,325000,-25000,300000
2012/09/06,0,283000,-102000,181000
2012/09/07,0,363290,-110000,253290
2012/09/10,0,377000,-183000,194000
2012/09/11,0,10000,-54000,-44000
2012/09/12,0,83000,-69000,14000
2012/09/13,0,28000,-1000,27000
2012/09/14,0,497000,0,497000
2012/09/17,0,4000,-14000,-10000
2012/09/18,0,164000,-181000,-17000
2012/09/19,0,143000,-218000,-75000
2012/09/20,0,559000,-314000,245000
2012/09/21,0,534000,-727000,-193000
2012/09/24,0,228000,-112000,116000
2012/09/25,0,147000,-131000,16000
2012/09/26,0,171000,-153000,18000
2012/09/27,0,233000,-292000,-59000
2012/09/28,0,155000,-103000,52000
2012/10/01,0,498000,-150000,348000
2012/10/02,0,350000,-367000,-17000
2012/10/03,0,12000,-80000,-68000
2012/10/04,0,95000,-81000,14000
2012/10/05,0,51000,-173000,-122000
2012/10/08,0,41000,-94000,-53000
2012/10/09,0,131000,-42000,89000
2012/10/10,0,0,0,0
2012/10/11,0,97000,-142000,-45000
2012/10/12,0,40000,-84000,-44000
2012/10/15,0,164000,-96000,68000
2012/10/16,0,174000,-35000,139000
2012/10/17,0,41000,-91000,-50000
2012/10/18,0,38000,-78000,-40000
2012/10/19,0,1000,-64000,-63000
2012/10/22,0,10000,-97794,-87794
2012/10/23,0,11000,-109000,-98000
2012/10/24,0,0,-25000,-25000
2012/10/25,0,15000,-36000,-21000
2012/10/26,0,175000,-39000,136000
2012/10/29,0,92000,-7000,85000
2012/10/30,0,244000,-110000,134000
2012/10/31,0,48000,-166000,-118000
2012/11/01,0,30000,-918000,-888000
2012/11/02,0,237000,-2161000,-1924000
2012/11/05,0,197000,-6000,191000
2012/11/06,0,22000,-55000,-33000
2012/11/07,0,71000,-97000,-26000
2012/11/08,0,92000,-39000,53000
2012/11/09,0,212000,-120000,92000
2012/11/12,0,43000,-56000,-13000
2012/11/13,0,116000,-86000,30000
2012/11/14,0,190000,-14000,176000
2012/11/15,0,364000,-78000,286000
2012/11/16,0,335000,-92000,243000
2012/11/19,0,228000,-21000,207000
2012/11/20,0,253000,-23000,230000
2012/11/21,0,155000,-153000,2000
2012/11/22,0,10000,-13000,-3000
2012/11/23,0,212000,-6000,206000
2012/11/26,0,224000,-14000,210000
2012/11/27,0,130000,-10000,120000
2012/11/28,0,186000,0,186000
2012/11/29,0,290000,-700,289300
2012/11/30,0,1043000,-20000,1023000
2012/12/03,0,850000,-14000,836000
2012/12/04,0,167000,-23000,144000
2012/12/05,0,230000,-94000,136000
2012/12/06,0,333000,-72000,261000
2012/12/07,0,269000,0,269000
2012/12/10,0,248000,-4000,244000
2012/12/11,0,179000,-219000,-40000
2012/12/12,0,84000,-109000,-25000
2012/12/13,0,395000,0,395000
2012/12/14,0,342000,0,342000
2012/12/17,0,150000,-2000,148000
2012/12/18,0,440000,-14000,426000
2012/12/19,0,79000,-151000,-72000
2012/12/20,0,79000,-109000,-30000
2012/12/21,0,139000,-384000,-245000
2012/12/24,0,23000,-2000,21000
2012/12/25,0,283000,-2000,281000
2012/12/26,0,128000,0,128000
2012/12/27,0,130182,-10000,120182
2012/12/28,0,238000,-113000,125000
2012/12/31,0,0,0,0
2013/01/01,0,0,0,0
2013/01/02,0,215200,-2000,213200
2013/01/03,0,29000,-105000,-76000
2013/01/04,0,317000,-148000,169000
2013/01/07,0,143000,-54000,89000
2013/01/08,0,184000,-73000,111000
2013/01/09,0,346000,-11000,335000
2013/01/10,0,125000,-19000,106000
2013/01/11,0,102000,0,102000
2013/01/14,0,159000,-6712,152288
2013/01/15,0,384000,-18000,366000
2013/01/16,0,71000,-143000,-72000
2013/01/17,0,0,-238000,-238000
2013/01/18,0,433000,-32000,401000
2013/01/21,0,4000,-90000,-86000
2013/01/22,0,140000,-58000,82000
2013/01/23,0,260000,-18000,242000
2013/01/24,0,154000,-133000,21000
2013/01/25,0,97000,-144000,-47000
2013/01/28,0,81000,-32000,49000
2013/01/29,0,403000,-2000,401000
2013/01/30,0,888000,-3000,885000
2013/01/31,0,112000,-1974000,-1862000
2013/02/01,0,202000,-526000,-324000
2013/02/04,0,367000,-10000,357000
2013/02/05,0,141000,-200000,-59000
2013/02/06,0,499000,-49000,450000
2013/02/07,0,0,0,0
2013/02/08,0,0,0,0
2013/02/11,0,0,0,0
2013/02/12,0,0,0,0
2013/02/13,0,0,0,0
2013/02/14,0,0,0,0
2013/02/15,0,0,0,0
2013/02/18,0,146000,-123000,23000
2013/02/19,0,316000,-1038000,-722000
2013/02/20,0,409000,-786000,-377000
2013/02/21,0,270000,-106000,164000
2013/02/22,0,365000,-6000,359000
2013/02/25,0,439000,-202000,237000
2013/02/26,0,131000,-78000,53000
2013/02/27,0,154000,-25000,129000
2013/02/28,0,0,0,0
2013/03/01,0,945500,-162000,783500
2013/03/04,0,79000,-210000,-131000
2013/03/05,0,283000,-504000,-221000
2013/03/06,0,414000,-45000,369000
2013/03/07,0,454000,-187000,267000
2013/03/08,0,16000,-192000,-176000
2013/03/11,0,72000,-150000,-78000
2013/03/12,0,401000,-571000,-170000
2013/03/13,0,323000,-99000,224000
2013/03/14,0,226000,-97000,129000
2013/03/15,0,869000,-328000,541000
2013/03/18,0,135000,-530000,-395000
2013/03/19,0,481000,-145628,335372
2013/03/20,0,284000,-573000,-289000
2013/03/21,0,220000,-150000,70000
2013/03/22,0,318000,-144975,173025
2013/03/25,0,211000,-184000,27000
2013/03/26,0,196000,-670000,-474000
2013/03/27,0,105000,-71000,34000
2013/03/28,0,314000,-51000,263000
2013/03/29,0,0,0,0
2013/04/01,0,93000,-8000,85000
2013/04/02,0,432000,-132000,300000
2013/04/03,0,246000,-170000,76000
2013/04/04,0,0,0,0
2013/04/05,0,0,0,0
2013/04/08,0,328000,-266000,62000
2013/04/09,0,283000,-166000,117000
2013/04/10,0,230000,-299000,-69000
2013/04/11,0,163000,-106000,57000
2013/04/12,0,261346,-5000,256346
2013/04/15,0,206000,-1000,205000
2013/04/16,0,158000,-142000,16000
2013/04/17,0,24000,-98000,-74000
2013/04/18,0,214000,-3000,211000
2013/04/19,0,251000,-5000,246000
2013/04/22,0,186000,-357000,-171000
2013/04/23,0,249000,-164000,85000
2013/04/24,0,319000,-111000,208000
2013/04/25,0,98000,-327000,-229000
2013/04/26,0,38000,-136000,-98000
2013/04/29,0,0,-131000,-131000
2013/04/30,0,51000,-107000,-56000
2013/05/01,0,0,0,0
2013/05/02,0,166000,-359000,-193000
2013/05/03,0,55000,-40000,15000
2013/05/06,0,156000,-169000,-13000
2013/05/07,0,136000,0,136000
2013/05/08,0,324000,-68814,255186
2013/05/09,0,242628,-189000,53628
2013/05/10,0,117000,-21000,96000
2013/05/13,0,50000,-12000,38000
2013/05/14,0,342000,-370000,-28000
2013/05/15,0,185000,-197000,-12000
2013/05/16,0,282000,-226000,56000
2013/05/17,0,257000,-8000,249000
2013/05/20,0,92000,-3000,89000
2013/05/21,0,269000,-33000,236000
2013/05/22,0,297000,-54000,243000
2013/05/23,0,696000,-169000,527000
2013/05/24,0,553000,-12000,541000
2013/05/27,0,216000,-47000,169000
2013/05/28,0,406000,-76000,330000
2013/05/29,0,665000,-49929,615071
2013/05/30,0,366000,-175000,191000
2013/05/31,0,678000,-146000,532000
2013/06/03,0,71000,-102000,-31000
2013/06/04,0,1187000,-353000,834000
2013/06/05,0,233000,-238000,-5000
2013/06/06,0,41000,-55000,-14000
2013/06/07,0,794000,-131000,663000
2013/06/10,0,846000,-180000,666000
2013/06/11,0,672000,-407000,265000
2013/06/12,0,0,0,0
2013/06/13,0,710000,-368000,342000
2013/06/14,0,431000,-378000,53000
2013/06/17,0,361000,-684000,-323000
2013/06/18,0,783000,-351000,432000
2013/06/19,0,747000,-984133,-237133
2013/06/20,0,76000,-581000,-505000
2013/06/21,0,4486000,-7117000,-2631000
2013/06/24,0,825000,-859000,-34000
2013/06/25,0,881000,-406000,475000
2013/06/26,0,369000,-552000,-183000
2013/06/27,0,822000,-82000,740000
2013/06/28,0,506000,-82000,424000
2013/07/01,0,886000,-193000,693000
2013/07/02,0,1216000,-399089,816911
2013/07/03,0,144000,-318000,-174000
2013/07/04,0,7000,-246005,-239005
2013/07/05,0,7000,-76000,-69000
2013/07/08,0,125000,-34126,90874
2013/07/09,0,204000,-191000,13000
2013/07/10,0,322000,-296000,26000
2013/07/11,0,178000,-122000,56000
2013/07/12,0,106000,-221000,-115000
2013/07/15,0,120000,-226828,-106828
2013/07/16,0,1082000,-264000,818000
2013/07/17,0,62000,-89000,-27000
2013/07/18,0,167000,-283000,-116000
2013/07/19,0,28000,-67326,-39326
2013/07/22,0,55000,-166000,-111000
2013/07/23,0,22000,-158000,-136000
2013/07/24,0,268000,-65140,202860
2013/07/25,0,63000,-146000,-83000
2013/07/26,0,1012000,-89000,923000
2013/07/29,0,152000,-131000,21000
2013/07/30,0,329000,-536000,-207000
2013/07/31,0,1354000,-173000,1181000
2013/08/01,0,166000,-1197799,-1031799
2013/08/02,0,786000,-473000,313000
2013/08/05,0,1597000,-59000,1538000
2013/08/06,0,638000,-493000,145000
2013/08/07,0,745000,-910000,-165000
2013/08/08,0,137000,-19000,118000
2013/08/09,0,145000,-50000,95000
2013/08/12,0,216042,-195000,21042
2013/08/13,0,1922000,-852000,1070000
2013/08/14,0,730000,-712000,18000
2013/08/15,0,132000,-126000,6000
2013/08/16,0,1139000,-537000,602000
2013/08/19,0,155000,-98000,57000
2013/08/20,0,931000,-545000,386000
2013/08/21,0,0,0,0
2013/08/22,0,862000,-250000,612000
2013/08/23,0,801000,-327000,474000
2013/08/26,0,188000,-138000,50000
2013/08/27,0,851000,-636000,215000
2013/08/28,0,221000,-371000,-150000
2013/08/29,0,1012000,-115000,897000
2013/08/30,0,323000,-246000,77000
2013/09/02,0,541000,-152000,389000
2013/09/03,0,690000,-181000,509000
2013/09/04,0,376000,-323000,53000
2013/09/05,0,370000,-332000,38000
2013/09/06,0,3057000,-23000,3034000
2013/09/09,0,614000,-248000,366000
2013/09/10,0,622000,-456000,166000
2013/09/11,0,1080000,-79000,1001000
2013/09/12,0,980000,-777770,202230
2013/09/13,0,436000,-1145000,-709000
2013/09/16,0,1134000,-55000,1079000
2013/09/17,0,1050000,-244737,805263
2013/09/18,0,707000,-741000,-34000
2013/09/19,0,0,0,0
2013/09/20,0,0,0,0
2013/09/23,0,1031000,-268748,762252
2013/09/24,0,1626509,-1177143,449366
2013/09/25,0,464000,-618289,-154289
2013/09/26,0,710000,-421000,289000
2013/09/27,0,848000,-125039,722961
2013/09/30,0,948000,-456499,491501
2013/10/01,0,215000,-104000,111000
2013/10/02,0,1448000,-120000,1328000
2013/10/03,0,1288000,-141000,1147000
2013/10/04,0,650400,-270818,379582
2013/10/07,0,93000,-33000,60000
2013/10/08,0,184000,-549339,-365339
2013/10/09,0,111000,-42000,69000
2013/10/10,0,0,0,0
2013/10/11,0,1373827,-167000,1206827
2013/10/14,0,397000,-209000,188000
2013/10/15,0,160000,-30000,130000
2013/10/16,0,352000,-41000,311000
2013/10/17,0,901000,-230000,671000
2013/10/18,0,1286000,-33000,1253000
2013/10/21,0,109000,-295128,-186128
2013/10/22,0,189000,-49000,140000
2013/10/23,0,389000,-213000,176000
2013/10/24,0,1298000,-561911,736089
2013/10/25,0,199000,-99000,100000
2013/10/28,0,268000,-18000,250000
2013/10/29,0,303000,-20000,283000
2013/10/30,0,433000,-252230,180770
2013/10/31,0,2444000,-129000,2315000
2013/11/01,0,444000,-105000,339000
2013/11/04,0,257348,-153000,104348
2013/11/05,0,163000,-568000,-405000
2013/11/06,0,828100,-1340013,-511913
2013/11/07,0,717000,-221000,496000
2013/11/08,0,317000,-134000,183000
2013/11/11,0,268000,-124000,144000
2013/11/12,0,794000,-374711,419289
2013/11/13,0,324000,-125000,199000
2013/11/14,0,1286000,-894250,391750
2013/11/15,0,574311,-38000,536311
2013/11/18,0,1218000,-1354000,-136000
2013/11/19,0,1267000,-329696,937304
2013/11/20,0,2103000,-483000,1620000
2013/11/21,0,701540,-359000,342540
2013/11/22,0,2560000,-426000,2134000
2013/11/25,0,524000,-62000,462000
2013/11/26,0,1713000,-486000,1227000
2013/11/27,0,2174000,-507000,1667000
2013/11/28,0,740000,-18000,722000
2013/11/29,0,605000,-24000,581000
2013/12/02,0,709000,-47000,662000
2013/12/03,0,2314770,-60000,2254770
2013/12/04,0,1979241,-63000,1916241
2013/12/05,0,1981000,-145000,1836000
2013/12/06,0,1403706,-384764,1018942
2013/12/09,0,2159000,-74000,2085000
2013/12/10,0,3357000,-423000,2934000
2013/12/11,0,1826000,-781000,1045000
2013/12/12,0,2586000,-121000,2465000
2013/12/13,0,1974000,-164000,1810000
2013/12/16,0,1772034,-823000,949034
2013/12/17,0,3622000,-70468,3551532
2013/12/18,0,878000,-224000,654000
2013/12/19,0,1353000,-176000,1177000
2013/12/20,0,429000,-605499,-176499
2013/12/23,0,3348000,-29000,3319000
2013/12/24,0,1002000,-14000,988000
2013/12/25,0,486000,-24000,462000
2013/12/26,0,382000,-5000,377000
2013/12/27,0,384000,-22000,362000
2013/12/30,0,361003,-19000,342003
2013/12/31,0,535000,-11000,524000
2014/01/02,0,210000,-114000,96000
2014/01/03,0,341000,-216000,125000
2014/01/06,0,1012000,-709000,303000
2014/01/07,0,1155000,-240000,915000
2014/01/08,0,156000,-487000,-331000
2014/01/09,0,240000,-191000,49000
2014/01/10,0,776000,-178000,598000
2014/01/13,0,144000,-36000,108000
2014/01/14,0,123000,-136000,-13000
2014/01/15,0,233000,-204000,29000
2014/01/16,0,539000,-1620100,-1081100
2014/01/17,0,684000,-276000,408000
2014/01/20,0,1788000,-12000,1776000
2014/01/21,0,2441000,-176049,2264951
2014/01/22,0,1806000,-864000,942000
2014/01/23,0,244778,-532000,-287222
2014/01/24,0,1113000,-242000,871000
2014/01/27,0,4951889,-1716000,3235889
2014/02/05,0,3909000,-636790,3272210
2014/02/06,0,4907000,-1122000,3785000
2014/02/07,0,1409000,-950000,459000
2014/02/10,0,720000,-272000,448000
2014/02/11,0,1418000,-528000,890000
2014/02/12,0,814000,-760000,54000
2014/02/13,0,1044000,-576396,467604
2014/02/14,0,1541000,-191000,1350000
2014/02/17,0,1422000,-25000,1397000
2014/02/18,0,201000,-454778,-253778
2014/02/19,0,433001,-479000,-45999
2014/02/20,0,433000,-1396541,-963541
2014/02/21,0,2829000,-20000,2809000
2014/02/24,0,2092000,-65000,2027000
2014/02/25,0,2630000,-358000,2272000
2014/02/26,0,171000,-833000,-662000
2014/02/27,0,138000,-136023,1977
2014/03/03,0,278000,-486000,-208000
2014/03/04,0,812000,-98000,714000
2014/03/05,0,1248000,-83000,1165000
2014/03/06,0,372000,-1161000,-789000
2014/03/07,0,627000,-1401000,-774000
2014/03/10,0,950000,-193000,757000
2014/03/11,0,1403000,-693000,710000
2014/03/12,0,449000,-338000,111000
2014/03/13,0,554000,-695000,-141000
2014/03/14,0,1235000,-249000,986000
2014/03/17,0,1543000,-177000,1366000
2014/03/18,0,1620575,-2237000,-616425
2014/03/19,0,643000,-152000,491000
2014/03/20,0,867000,-729190,137810
2014/03/21,0,333000,-563000,-230000
2014/03/24,0,340778,-573458,-232680
2014/03/25,0,895000,-710000,185000
2014/03/26,0,890000,-847564,42436
2014/03/27,0,1214000,-1064000,150000
2014/03/28,0,782000,-2819000,-2037000
2014/03/31,0,1775000,-995700,779300
2014/04/01,0,814000,-355000,459000
2014/04/02,0,2441000,-484000,1957000
2014/04/03,0,3781000,-3377000,404000
2014/04/07,0,945000,-1013000,-68000
2014/04/08,0,1317000,-158000,1159000
2014/04/09,0,304250,-246000,58250
2014/04/10,0,479711,-808000,-328289
2014/04/11,0,1260000,-135000,1125000
2014/04/14,0,999000,-351000,648000
2014/04/15,0,1193000,-1635000,-442000
2014/04/16,0,1108000,-591000,517000
2014/04/17,0,466000,-1133000,-667000
2014/04/18,0,114000,-1429000,-1315000
2014/04/21,0,379000,-2000,377000
2014/04/22,0,916000,-46000,870000
2014/04/23,0,860000,-470801,389199
2014/04/24,0,343000,-637000,-294000
2014/04/25,0,1468278,-521000,947278
2014/04/28,0,344000,-744000,-400000
2014/04/29,0,656139,-293584,362555
2014/04/30,0,810000,-2211324,-1401324
2014/05/02,0,913000,-741000,172000
2014/05/05,0,349000,-93000,256000
2014/05/06,0,218000,-174000,44000
2014/05/07,0,46139,-733000,-686861
2014/05/08,0,67000,-969116,-902116
2014/05/09,0,1225000,-1880277,-655277
2014/05/12,0,674000,-769000,-95000
2014/05/13,0,465417,-1424000,-958583
2014/05/14,0,593000,-1186000,-593000
2014/05/15,0,865100,-1043000,-177900
2014/05/16,0,1715512,-399000,1316512
2014/05/19,0,1813278,-270000,1543278
2014/05/20,0,1394332,-607042,787290
2014/05/21,0,5900000,-234420,5665580
2014/05/22,0,1866000,-294000,1572000
2014/05/23,0,1287139,-394724,892415
2014/05/26,0,923000,-231000,692000
2014/05/27,0,2543000,-188000,2355000
2014/05/28,0,1389000,-1773000,-384000
2014/05/29,0,2034694,-827254,1207440
2014/05/30,0,1501000,-724000,777000
2014/06/03,0,1968000,-786600,1181400
2014/06/04,0,3784000,-1108000,2676000
2014/06/05,0,2932000,-603000,2329000
2014/06/06,0,2316000,-500000,1816000
2014/06/09,0,841000,-649000,192000
2014/06/10,0,1151541,-627000,524541
2014/06/11,0,2739000,-727000,2012000
2014/06/12,0,882417,-324000,558417
2014/06/13,0,775000,-669000,106000
2014/06/16,0,1081000,-294100,786900
2014/06/17,0,604000,-792399,-188399
2014/06/18,0,887000,-587000,300000
2014/06/19,0,4604000,-417000,4187000
2014/06/20,0,414000,-1819196,-1405196
2014/06/23,0,1265000,-551337,713663
2014/06/24,0,1925000,-1235000,690000
2014/06/25,0,468000,-2369064,-1901064
2014/06/26,0,861400,-396000,465400
2014/06/27,0,566000,-154700,411300
2014/06/30,0,462000,-524940,-62940
2014/07/01,0,152000,-315000,-163000
2014/07/02,0,1580991,-848000,732991
2014/07/03,0,1306000,-338000,968000
2014/07/04,0,1908000,-265000,1643000
2014/07/07,0,4022000,-373000,3649000
2014/07/08,0,3092000,-1024312,2067688
2014/07/09,0,9310000,-1341000,7969000
2014/07/10,0,3466000,-2523314,942686
2014/07/11,0,1319000,-1076000,243000
2014/07/14,0,367000,-259000,108000
2014/07/15,0,378000,-1883000,-1505000
2014/07/16,0,1427000,-863144,563856
2014/07/17,0,1802868,-1267000,535868
2014/07/18,0,2149000,-396000,1753000
2014/07/21,0,1070000,-575248,494752
2014/07/22,0,559000,-866000,-307000
2014/07/23,0,0,0,0
2014/07/24,0,2783423,-1207244,1576179
2014/07/25,0,316000,-996000,-680000
2014/07/28,0,972000,-766000,206000
2014/07/29,0,925000,-577000,348000
2014/07/30,0,598000,-558000,40000
2014/07/31,0,1457000,-841000,616000
2014/08/01,0,442000,-1191000,-749000
2014/08/04,0,1547078,-1486000,61078
2014/08/05,0,1240000,-846000,394000
2014/08/06,0,2237247,-2175000,62247
2014/08/07,0,2494844,-1621000,873844
2014/08/08,0,3293000,-3473000,-180000
2014/08/11,0,1159000,-1658000,-499000
2014/08/12,0,316000,-1852000,-1536000
2014/08/13,0,2517000,-617000,1900000
2014/08/14,0,582000,-3817277,-3235277
2014/08/15,0,340922,-567000,-226078
2014/08/18,0,2608000,-1861000,747000
2014/08/19,0,4321000,-3998690,322310
2014/08/20,0,118000,-3871000,-3753000
2014/08/21,0,774000,-2767168,-1993168
2014/08/22,0,965156,-2100000,-1134844
2014/08/25,0,1042000,-722000,320000
2014/08/26,0,1258000,-2003000,-745000
2014/08/27,0,748000,-987000,-239000
2014/08/28,0,1132146,-1027000,105146
2014/08/29,0,1350000,-1153000,197000
2014/09/01,0,557000,-515000,42000
2014/09/02,0,5801000,-832440,4968560
2014/09/03,0,1462000,-4750000,-3288000
2014/09/04,0,712000,-1389000,-677000
2014/09/05,0,947000,-977000,-30000
2014/09/09,0,1184046,-694046,490000
2014/09/10,0,844000,-152000,692000
2014/09/11,0,2498000,-1259002,1238998
2014/09/12,0,1108318,-3112000,-2003682
2014/09/15,0,1831000,-1399964,431036
2014/09/16,0,976156,-1100000,-123844
2014/09/17,0,1040000,-463000,577000
2014/09/18,0,606387,-586315,20072
2014/09/19,0,2196015,-1145500,1050515
2014/09/22,0,330000,-1024338,-694338
2014/09/23,0,1264000,-1538000,-274000
2014/09/24,0,753000,-910000,-157000
2014/09/25,0,1454156,-992000,462156
2014/09/26,0,336000,-379387,-43387
2014/09/29,0,502000,-819668,-317668
2014/09/30,0,820000,-1591000,-771000
2014/10/01,0,2004000,-1340829,663171
2014/10/02,0,1028120,-697110,331010
2014/10/03,0,814000,-703000,111000
2014/10/06,0,465100,-1516000,-1050900
2014/10/07,0,809000,-1361261,-552261
2014/10/08,0,1186000,-881730,304270
2014/10/09,0,830465,-3210386,-2379921
2014/10/13,0,973000,-1498000,-525000
2014/10/14,0,661000,-381000,280000
2014/10/15,0,453000,-1179000,-726000
2014/10/16,0,632000,-2380489,-1748489
2014/10/17,0,2640000,-1125000,1515000
2014/10/20,0,417000,-999000,-582000
2014/10/21,0,446000,-1340000,-894000
2014/10/22,0,919000,-184000,735000
2014/10/23,0,356589,-160000,196589
2014/10/24,0,365000,-336000,29000
2014/10/27,0,726000,-347771,378229
2014/10/28,0,403000,-1094000,-691000
2014/10/29,0,220000,-1091000,-871000
2014/10/30,0,441000,-913541,-472541
2014/10/31,0,1065000,-1634000,-569000
2014/11/03,0,1351000,-770000,581000
2014/11/04,0,1112000,-1445000,-333000
2014/11/05,0,630000,-1153257,-523257
2014/11/06,0,1596000,-624000,972000
2014/11/07,0,1401310,-549000,852310
2014/11/10,0,975000,-828346,146654
2014/11/11,0,835000,-123000,712000
2014/11/12,0,1252000,-931000,321000
2014/11/13,0,591000,-466000,125000
2014/11/14,0,1235000,-1278000,-43000
2014/11/17,0,154000,-2015300,-1861300
2014/11/18,0,693000,-1469000,-776000
2014/11/19,0,1704000,-1021000,683000
2014/11/20,0,957248,-2367122,-1409874
2014/11/21,0,1010100,-1593000,-582900
2014/11/24,0,1324000,-3031000,-1707000
2014/11/25,0,2210000,-4359136,-2149136
2014/11/26,0,806000,-1651703,-845703
2014/11/27,0,429000,-252000,177000
2014/11/28,0,364000,-877584,-513584
2014/12/01,0,757000,-2379000,-1622000
2014/12/02,0,949000,-2693000,-1744000
2014/12/03,0,1044226,-724000,320226
2014/12/04,0,3669000,-1451842,2217158
2014/12/05,0,563000,-1672000,-1109000
2014/12/08,0,635000,-1159635,-524635
2014/12/09,0,570000,-1345000,-775000
2014/12/10,0,367000,-640700,-273700
2014/12/11,0,120000,-747000,-627000
2014/12/12,0,1029000,-1049731,-20731
2014/12/15,0,179000,-704000,-525000
2014/12/16,0,221904,-964000,-742096
2014/12/17,0,164000,-895398,-731398
2014/12/18,0,346000,-1837613,-1491613
2014/12/19,0,211064,-1771510,-1560446
2014/12/22,0,423000,-981000,-558000
2014/12/23,0,24000,-504000,-480000
2014/12/24,0,140000,-479000,-339000
2014/12/25,0,24000,-183000,-159000
2014/12/26,0,5000,-596000,-591000
2014/12/29,0,253000,-469000,-216000
2014/12/30,0,189000,-543000,-354000
2014/12/31,0,155000,-421000,-266000
2015/01/01,0,0,0,0
2015/01/02,0,0,0,0
2015/01/05,0,248000,-567000,-319000
2015/01/06,0,400000,-2140000,-1740000
2015/01/07,0,80000,-733000,-653000
2015/01/08,0,161000,-1197229,-1036229
2015/01/09,0,115000,-1407300,-1292300
2015/01/12,0,85000,-1271490,-1186490
2015/01/13,0,689000,-708000,-19000
2015/01/14,0,150000,-1483349,-1333349
2015/01/15,0,240000,-2422000,-2182000
2015/01/16,0,17000,-1538458,-1521458
2015/01/19,0,235000,-956000,-721000
2015/01/20,0,288000,-2237236,-1949236
2015/01/21,0,132000,-793000,-661000
2015/01/22,0,674000,-877000,-203000
2015/01/23,0,136000,-1325445,-1189445
2015/01/26,0,765000,-1066000,-301000
2015/01/27,0,163000,-1789000,-1626000
2015/01/28,0,3796000,-1893000,1903000
2015/01/29,0,871000,-2508000,-1637000
2015/01/30,0,370000,-1702000,-1332000
2015/02/02,0,543000,-1235375,-692375
2015/02/03,0,2335000,-709000,1626000
2015/02/04,0,158000,-1723000,-1565000
2015/02/05,0,51000,-726000,-675000
2015/02/06,0,2901000,-899000,2002000
2015/02/09,0,844000,-1375000,-531000
2015/02/10,0,755000,-627000,128000
2015/02/11,0,2111001,-698000,1413001
2015/02/12,0,388000,-45000,343000
2015/02/13,0,1051000,-1048000,3000
2015/02/16,0,0,0,0
2015/02/17,0,0,0,0
2015/02/18,0,0,0,0
2015/02/19,0,0,0,0
2015/02/20,0,0,0,0
2015/02/23,0,0,0,0
2015/02/24,0,559000,-1384951,-825951
2015/02/25,0,534340,-1789000,-1254660
2015/02/26,0,363000,-700000,-337000
2015/02/27,0,0,0,0
2015/03/02,0,445000,-1028000,-583000
2015/03/03,0,136000,-3891000,-3755000
2015/03/04,0,604000,-1048000,-444000
2015/03/05,0,463000,-365000,98000
2015/03/06,0,317000,-219000,98000
2015/03/09,0,457000,-275000,182000
2015/03/10,0,5715,-1627000,-1621285
2015/03/11,0,607000,-871000,-264000
2015/03/12,0,269000,-277000,-8000
2015/03/13,0,525000,-615000,-90000
2015/03/16,0,48000,-1396915,-1348915
2015/03/17,0,56000,-716000,-660000
2015/03/18,0,302000,-1430455,-1128455
2015/03/19,0,1019000,-2607000,-1588000
2015/03/20,0,296000,-2983000,-2687000
2015/03/23,0,893000,-268000,625000
2015/03/24,0,150000,-135000,15000
2015/03/25,0,179000,-121000,58000
2015/03/26,0,296000,-273000,23000
2015/03/27,0,381500,-414000,-32500
2015/03/30,0,187500,-442000,-254500
2015/03/31,0,357000,-215000,142000
2015/04/01,0,325000,-228000,97000
2015/04/02,0,276000,-1012000,-736000
2015/04/03,0,0,0,0
2015/04/06,0,0,0,0
2015/04/07,0,434001,-834000,-399999
2015/04/08,0,367000,-249000,118000
2015/04/09,0,212000,-143000,69000
2015/04/10,0,109000,-135000,-26000
2015/04/13,0,348812,-456000,-107188
2015/04/14,0,252000,-151000,101000
2015/04/15,0,1300000,-784000,516000
2015/04/16,0,155000,-487000,-332000
2015/04/17,0,232000,-361000,-129000
2015/04/20,0,211000,-362000,-151000
2015/04/21,0,406000,-175000,231000
2015/04/22,0,143000,-536000,-393000
2015/04/23,0,782000,-205000,577000
2015/04/24,0,526000,-419000,107000
2015/04/27,0,792000,-455000,337000
2015/04/28,0,405000,-1058000,-653000
2015/04/29,0,386000,-905000,-519000
2015/04/30,0,574000,-396000,178000
2015/05/01,0,0,0,0
2015/05/04,0,406000,-744000,-338000
2015/05/05,0,363000,-620000,-257000
2015/05/06,0,2183000,-741000,1442000
2015/05/07,0,556000,-977000,-421000
2015/05/08,0,774000,-1806000,-1032000
2015/05/11,0,629000,-381860,247140
2015/05/12,0,1090000,-3531000,-2441000
2015/05/13,0,671530,-1694248,-1022718
2015/05/14,0,341000,-2489000,-2148000
2015/05/15,0,2324000,-1248664,1075336
2015/05/18,0,335000,-2289000,-1954000
2015/05/19,0,189000,-2234000,-2045000
2015/05/20,0,116000,-2754000,-2638000
2015/05/21,0,467000,-1915000,-1448000
2015/05/22,0,258000,-1283000,-1025000
2015/05/25,0,108000,-1379000,-1271000
2015/05/26,0,598000,-511000,87000
2015/05/27,0,293000,-1158000,-865000
2015/05/28,0,211000,-282000,-71000
2015/05/29,0,257000,-1693000,-1436000
2015/06/01,0,561000,-1057400,-496400
2015/06/02,0,216000,-1397000,-1181000
2015/06/03,0,336000,-1117000,-781000
2015/06/04,0,447500,-584000,-136500
2015/06/05,0,348000,-2355000,-2007000
2015/06/08,0,128000,-212000,-84000
2015/06/09,0,126000,-597000,-471000
2015/06/10,0,44000,-555000,-511000
2015/06/11,0,153656,-1449000,-1295344
2015/06/12,0,745000,-3850000,-3105000
2015/06/15,0,1311035,-226000,1085035
2015/06/16,0,209000,-754000,-545000
2015/06/17,0,648102,-1415000,-766898
2015/06/18,0,1200000,-994000,206000
2015/06/19,0,0,0,0
2015/06/22,0,193000,-1059346,-866346
2015/06/23,0,70389,-679000,-608611
2015/06/24,0,375000,-511000,-136000
2015/06/25,0,905000,-705000,200000
2015/06/26,0,263000,-100000,163000
2015/06/29,0,258000,-385000,-127000
2015/06/30,0,923151,-1858151,-935000
2015/07/01,0,395000,-615000,-220000
2015/07/02,0,323000,-1346000,-1023000
2015/07/03,0,320000,-669000,-349000
2015/07/06,0,207000,-172000,35000
2015/07/07,0,174000,-1272606,-1098606
2015/07/08,0,775000,-545000,230000
2015/07/09,0,839000,-717000,122000
2015/07/10,0,0,0,0
2015/07/13,0,681000,-268000,413000
2015/07/14,0,707000,-522000,185000
2015/07/15,0,71000,-835000,-764000
2015/07/16,0,195000,-315000,-120000
2015/07/17,0,87896,-667000,-579104
2015/07/20,0,175000,-682000,-507000
2015/07/21,0,216444,-598000,-381556
2015/07/22,0,447000,-1186000,-739000
2015/07/23,0,249100,-1047000,-797900
2015/07/24,0,135000,-1343112,-1208112
2015/07/27,0,273000,-704000,-431000
2015/07/28,0,302000,-723000,-421000
2015/07/29,0,182000,-580000,-398000
2015/07/30,0,2201000,-1624000,577000
2015/07/31,0,1350000,-921000,429000
2015/08/03,0,510000,-973000,-463000
2015/08/04,0,2033000,-935000,1098000
2015/08/05,0,30000,-1069000,-1039000
2015/08/06,0,136000,-485000,-349000
2015/08/07,0,365000,-95340,269660
2015/08/10,0,609000,-154000,455000
2015/08/11,0,239000,-358000,-119000
2015/08/12,0,685000,-521000,164000
2015/08/13,0,796000,-188000,608000
2015/08/14,0,238000,-993000,-755000
2015/08/17,0,65000,-475000,-410000
2015/08/18,0,271100,-405120,-134020
2015/08/19,0,431000,-668000,-237000
2015/08/20,0,479000,-460000,19000
2015/08/21,0,797000,-419000,378000
2015/08/24,0,585000,-512000,73000
2015/08/25,0,848000,-589612,258388
2015/08/26,0,179000,-308000,-129000
2015/08/27,0,807000,-667687,139313
2015/08/28,0,1834000,-126000,1708000
2015/08/31,0,585000,-1284000,-699000
2015/09/01,0,1234000,-291000,943000
2015/09/02,0,895000,-429000,466000
2015/09/03,0,1403000,-697000,706000
2015/09/04,0,1605000,-463500,1141500
2015/09/07,0,412000,-159000,253000
2015/09/08,0,279000,-191313,87687
2015/09/09,0,399000,-397182,1818
2015/09/10,0,573000,-1284000,-711000
2015/09/11,0,367000,-751000,-384000
2015/09/14,0,807000,-398000,409000
2015/09/15,0,731000,-347000,384000
2015/09/16,0,744000,-532000,212000
2015/09/17,0,1555000,-1389000,166000
2015/09/18,0,870000,-3411748,-2541748
2015/09/21,0,247000,-863000,-616000
2015/09/22,0,435000,-334105,100895
2015/09/23,0,407000,-544000,-137000
2015/09/24,0,369000,-752000,-383000
2015/09/25,0,286000,-485000,-199000
2015/09/28,0,0,0,0
2015/09/29,0,0,0,0
2015/09/30,0,436000,-439000,-3000
2015/10/01,0,603000,-756000,-153000
2015/10/02,0,442000,-717000,-275000
2015/10/05,0,778000,-471000,307000
2015/10/06,0,444000,-234000,210000
2015/10/07,0,251602,-1143037,-891435
2015/10/08,0,685000,-671000,14000
2015/10/09,0,0,0,0
2015/10/12,0,1280514,-1147000,133514
2015/10/13,0,948000,-597000,351000
2015/10/14,0,2152000,-696000,1456000
2015/10/15,0,346000,-944000,-598000
2015/10/16,0,2762000,-1878000,884000
2015/10/19,0,198000,-2403000,-2205000
2015/10/20,0,989000,-1687340,-698340
2015/10/21,0,424000,-218000,206000
2015/10/22,0,190000,-110000,80000
2015/10/23,0,439000,-139000,300000
2015/10/26,0,712000,-125000,587000
2015/10/27,0,422000,-172000,250000
2015/10/28,0,208720,-224212,-15492
2015/10/29,0,675000,-421935,253065
2015/10/30,0,1413000,-168000,1245000
2015/11/02,0,499000,-521000,-22000
2015/11/03,0,1131000,-173000,958000
2015/11/04,0,1059000,-947000,112000
2015/11/05,0,1185000,-587000,598000
2015/11/06,0,1480000,-207000,1273000
2015/11/09,0,849000,-772000,77000
2015/11/10,0,667000,-398000,269000
2015/11/11,0,1046000,-674000,372000
2015/11/12,0,968000,-505000,463000
2015/11/13,0,1761000,-347000,1414000
2015/11/16,0,6634000,-710000,5924000
2015/11/17,0,7270000,-358000,6912000
2015/11/18,0,6643000,-383000,6260000
2015/11/19,0,5916000,-1302000,4614000
2015/11/20,0,8184000,-1115000,7069000
2015/11/23,0,5833000,-1004000,4829000
2015/11/24,0,10102000,-615657,9486343
2015/11/25,0,5009000,-2505000,2504000
2015/11/26,0,4891000,-485000,4406000
2015/11/27,0,3133000,-697000,2436000
2015/11/30,0,6466000,-1563000,4903000
2015/12/01,0,3150000,-1731957,1418043
2015/12/02,0,5925000,-565000,5360000
2015/12/03,0,3310000,-1608000,1702000
2015/12/04,0,4489000,-386000,4103000
2015/12/07,0,811000,-1937000,-1126000
2015/12/08,0,4876000,-594000,4282000
2015/12/09,0,2508000,-924000,1584000
2015/12/10,0,3411000,-1144000,2267000
2015/12/11,0,2634000,-4028047,-1394047
2015/12/14,0,8220000,-2227000,5993000
2015/12/15,0,6430000,-1516000,4914000
2015/12/16,0,2737263,-6854000,-4116737
2015/12/17,0,5492000,-468000,5024000
2015/12/18,0,6342000,-1472218,4869782
2015/12/21,0,2395141,-957759,1437382
2015/12/22,0,2311000,-923000,1388000
2015/12/23,0,2879000,-2593601,285399
2015/12/24,0,480000,-1456000,-976000
2015/12/25,0,1185000,-772000,413000
2015/12/28,0,1122000,-943000,179000
2015/12/29,0,1851000,-354303,1496697
2015/12/30,0,775000,-714202,60798
2015/12/31,0,2487000,-1243000,1244000
2016/01/01,0,0,0,0
2016/01/04,0,738000,-2662000,-1924000
2016/01/05,0,3372000,-2264000,1108000
2016/01/06,0,3168000,-2233000,935000
2016/01/07,0,3021000,-292000,2729000
2016/01/08,0,2521646,-381000,2140646
2016/01/11,0,3056000,-270000,2786000
2016/01/12,0,4600000,-655000,3945000
2016/01/13,0,1052000,-2518000,-1466000
2016/01/14,0,2022000,-1374640,647360
2016/01/15,0,777000,-986752,-209752
2016/01/18,0,1964000,-2716247,-752247
2016/01/19,0,1076000,-2504900,-1428900
2016/01/20,0,2139000,-588000,1551000
2016/01/21,0,1044752,-1012000,32752
2016/01/22,0,1774000,-1024000,750000
2016/01/25,0,1636000,-507000,1129000
2016/01/26,0,1483195,-987000,496195
2016/01/27,0,1731584,-3210000,-1478416
2016/01/28,0,1352000,-1663000,-311000
2016/01/29,0,2722000,-2953000,-231000
2016/02/01,0,3352000,-477000,2875000
2016/02/02,0,3015000,-740000,2275000
2016/02/03,0,1428336,-1118000,310336
2016/02/04,0,0,0,0
2016/02/05,0,0,0,0
2016/02/08,0,0,0,0
2016/02/09,0,0,0,0
2016/02/10,0,0,0,0
2016/02/11,0,0,0,0
2016/02/12,0,0,0,0
2016/02/15,0,911000,-2075000,-1164000
2016/02/16,0,703000,-1812900,-1109900
2016/02/17,0,2374000,-1533000,841000
2016/02/18,0,1225659,-2783186,-1557527
2016/02/19,0,2748636,-983000,1765636
2016/02/22,0,675000,-1129000,-454000
2016/02/23,0,1685584,-666000,1019584
2016/02/24,0,2563000,-1275100,1287900
2016/02/25,0,1691000,-1846000,-155000
2016/02/26,0,1544752,-881000,663752
2016/02/29,0,0,0,0
2016/03/01,0,870000,-1134029,-264029
2016/03/02,0,1231000,-885000,346000
2016/03/03,0,1475618,-1206000,269618
2016/03/04,0,1767000,-1710000,57000
2016/03/07,0,1212000,-1623000,-411000
2016/03/08,0,1122000,-1895246,-773246
2016/03/09,0,852000,-937000,-85000
2016/03/10,0,887000,-1166000,-279000
2016/03/11,0,447000,-1320000,-873000
2016/03/14,0,1542000,-978000,564000
2016/03/15,0,970000,-1287214,-317214
2016/03/16,0,1080000,-1368000,-288000
2016/03/17,0,743000,-1795000,-1052000
2016/03/18,0,4361000,-464000,3897000
2016/03/21,0,2905000,-526000,2379000
2016/03/22,0,1269584,-1955000,-685416
2016/03/23,0,213000,-1063000,-850000
2016/03/24,0,699000,-704000,-5000
2016/03/25,0,36000,-1017000,-981000
2016/03/28,0,231000,-836000,-605000
2016/03/29,0,859000,-427000,432000
2016/03/30,0,6819000,-256736,6562264
2016/03/31,0,4886574,-731000,4155574
2016/04/01,0,4892426,-2034821,2857605
2016/04/04,0,0,0,0
2016/04/05,0,0,0,0
2016/04/06,0,4734269,-1525004,3209265
2016/04/07,0,3077723,-1359536,1718187
2016/04/08,0,1622000,-1770000,-148000
2016/04/11,0,2436000,-649000,1787000
2016/04/12,0,2356263,-436000,1920263
2016/04/13,0,1646000,-1220000,426000
2016/04/14,0,1246000,-594000,652000
2016/04/15,0,1985000,-583000,1402000
2016/04/18,0,1194000,-454000,740000
2016/04/19,0,1239495,-1050819,188676
2016/04/20,0,1574000,-1938715,-364715
2016/04/21,0,2376000,-469000,1907000
2016/04/22,0,1970000,-1682000,288000
2016/04/25,0,5026660,-2024000,3002660
2016/04/26,0,934330,-3015680,-2081350
2016/04/27,0,1633000,-1562738,70262
2016/04/28,0,847000,-1340000,-493000
2016/04/29,0,1293000,-774000,519000
2016/05/02,0,0,0,0
2016/05/03,0,781000,-2911000,-2130000
2016/05/04,0,1849000,-2211705,-362705
2016/05/05,0,1387000,-2189000,-802000
2016/05/06,0,2492000,-373000,2119000
2016/05/09,0,1770000,-1002687,767313
2016/05/10,0,484000,-2777000,-2293000
2016/05/11,0,1201000,-2232000,-1031000
2016/05/12,0,762000,-525000,237000
2016/05/13,0,628165,-1574138,-945973
2016/05/16,0,2519000,-1224000,1295000
2016/05/17,0,1708330,-1586000,122330
2016/05/18,0,1707000,-3024000,-1317000
2016/05/19,0,1920000,-492000,1428000
2016/05/20,0,874883,-1346000,-471117
2016/05/23,0,2163165,-801000,1362165
2016/05/24,0,1402000,-2341000,-939000
2016/05/25,0,617000,-1559781,-942781
2016/05/26,0,1964000,-393000,1571000
2016/05/27,0,1986800,-1864000,122800
2016/05/30,0,899000,-940000,-41000
2016/05/31,0,1563000,-2984000,-1421000
2016/06/01,0,980583,-451000,529583
2016/06/02,0,762601,-1890000,-1127399
2016/06/03,0,1198000,-995000,203000
2016/06/06,0,423000,-417000,6000
2016/06/07,0,2640000,-1542000,1098000
2016/06/08,0,2042000,-3363593,-1321593
2016/06/09,0,0,0,0
2016/06/10,0,0,0,0
2016/06/13,0,5258000,-1196000,4062000
2016/06/14,0,1841439,-2948990,-1107551
2016/06/15,0,1414294,-973000,441294
2016/06/16,0,2111000,-1456285,654715
2016/06/17,0,1685000,-2193000,-508000
2016/06/20,0,1426000,-1857720,-431720
2016/06/21,0,864000,-2590000,-1726000
2016/06/22,0,897000,-1390000,-493000
2016/06/23,0,1637000,-830000,807000
2016/06/24,0,1750000,-1775000,-25000
2016/06/27,0,1054000,-760000,294000
2016/06/28,0,1317000,-2602813,-1285813
2016/06/29,0,879000,-1835000,-956000
2016/06/30,0,2269000,-2356000,-87000
2016/07/01,0,585934,-1351000,-765066
2016/07/04,0,943000,-263000,680000
2016/07/05,0,1379000,-943000,436000
2016/07/06,0,937000,-2319000,-1382000
2016/07/07,0,435000,-1306000,-871000
2016/07/08,0,0,0,0
2016/07/11,0,2450000,-1702000,748000
2016/07/12,0,3891000,-4255552,-364552
2016/07/13,0,2395805,-2584029,-188224
2016/07/14,0,958000,-2379000,-1421000
2016/07/15,0,1138000,-2202760,-1064760
2016/07/18,0,955000,-1660000,-705000
2016/07/19,0,1593000,-3657000,-2064000
2016/07/20,0,2343000,-1865636,477364
2016/07/21,0,1920000,-1539229,380771
2016/07/22,0,1264000,-1329000,-65000
2016/07/25,0,857000,-2089376,-1232376
2016/07/26,0,1488000,-1758545,-270545
2016/07/27,0,954330,-1213000,-258670
2016/07/28,0,673165,-662000,11165
2016/07/29,0,3457000,-2848000,609000
2016/08/01,0,701495,-1313000,-611505
2016/08/02,0,510000,-3289000,-2779000
2016/08/03,0,1221000,-4234200,-3013200
2016/08/04,0,979000,-2006564,-1027564
2016/08/05,0,1722100,-1684000,38100
2016/08/08,0,900000,-3687194,-2787194
2016/08/09,0,1020000,-5516000,-4496000
2016/08/10,0,1166000,-2930585,-1764585
2016/08/11,0,1823000,-7909000,-6086000
2016/08/12,0,1337000,-2437000,-1100000
2016/08/15,0,2873660,-1369000,1504660
2016/08/16,0,2139000,-1573221,565779
2016/08/17,0,2181535,-3285000,-1103465
2016/08/18,0,3008000,-1562306,1445694
2016/08/19,0,1365000,-1253445,111555
2016/08/22,0,1154100,-583100,571000
2016/08/23,0,1734430,-922100,812330
2016/08/24,0,1703265,-2399156,-695891
2016/08/25,0,3084100,-1562100,1522000
2016/08/26,0,1288686,-1815100,-526414
2016/08/29,0,3171100,-1084100,2087000
2016/08/30,0,3570100,-2683100,887000
2016/08/31,0,3618100,-4051200,-433100
2016/09/01,0,2407100,-2399100,8000
2016/09/02,0,2584100,-821100,1763000
2016/09/05,0,1790000,-2009000,-219000
2016/09/06,0,1907000,-1016000,891000
2016/09/07,0,2956784,-3838000,-881216
2016/09/08,0,4573026,-4436000,137026
2016/09/09,0,5066000,-4100000,966000
2016/09/12,0,8650100,-4899209,3750891
2016/09/13,0,12328000,-13030417,-702417
2016/09/14,0,7885000,-2641334,5243666
2016/09/15,0,0,0,0
2016/09/16,0,0,0,0
2016/09/19,0,8798307,-7773431,1024876
2016/09/20,0,6316324,-9164383,-2848059
2016/09/21,0,10748300,-10706400,41900
2016/09/22,0,2024000,-7495000,-5471000
2016/09/23,0,4231000,-7840290,-3609290
2016/09/26,0,2944074,-2228754,715320
2016/09/27,0,0,0,0
2016/09/28,0,0,0,0
2016/09/29,0,3826322,-4727000,-900678
2016/09/30,0,3159000,-2032000,1127000
2016/10/03,0,1514327,-3124000,-1609673
2016/10/04,0,3326000,-1265000,2061000
2016/10/05,0,3271000,-2606000,665000
2016/10/06,0,2245000,-1947000,298000
2016/10/07,0,1486000,-1254000,232000
2016/10/10,0,0,0,0
2016/10/11,0,3466000,-1427000,2039000
2016/10/12,0,1217000,-1959888,-742888
2016/10/13,0,2774000,-1049000,1725000
2016/10/14,0,3635000,-1281000,2354000
2016/10/17,0,4892000,-2009000,2883000
2016/10/18,0,4388000,-4108000,280000
2016/10/19,0,2661246,-1792607,868639
2016/10/20,0,2223000,-2729000,-506000
2016/10/21,0,6926000,-7089220,-163220
2016/10/24,0,2207000,-1227000,980000
2016/10/25,0,5190000,-3659856,1530144
2016/10/26,0,3166300,-2751000,415300
2016/10/27,0,5755000,-2386000,3369000
2016/10/28,0,5907700,-4635000,1272700
2016/10/31,0,2455000,-1109000,1346000
2016/11/01,0,1975000,-3156000,-1181000
2016/11/02,0,2312000,-3272000,-960000
2016/11/03,0,3944000,-2883559,1060441
2016/11/04,0,3130000,-1815000,1315000
2016/11/07,0,3428000,-3897800,-469800
2016/11/08,0,2438000,-1582000,856000
2016/11/09,0,2543000,-4329000,-1786000
2016/11/10,0,3005000,-1428264,1576736
2016/11/11,0,2909000,-3736444,-827444
2016/11/14,0,5466000,-4539000,927000
2016/11/15,0,5607000,-5208267,398733
2016/11/16,0,6160092,-4152593,2007499
2016/11/17,0,5693000,-3432604,2260396
2016/11/18,0,3735000,-4004414,-269414
2016/11/21,0,2297200,-2649214,-352014
2016/11/22,0,4876000,-2784408,2091592
2016/11/23,0,4008000,-3313530,694470
2016/11/24,0,1581000,-1158000,423000
2016/11/25,0,2327000,-1093877,1233123
2016/11/28,0,3357000,-5007914,-1650914
2016/11/29,0,5023000,-5569891,-546891
2016/11/30,0,57319039,-56012727,1306312
2016/12/01,0,1681055,-3352438,-1671383
2016/12/02,0,6017000,-7030768,-1013768
2016/12/05,0,3579000,-5250611,-1671611
2016/12/06,0,4179000,-4583260,-404260
2016/12/07,0,1670000,-1295499,374501
2016/12/08,0,3285000,-2218000,1067000
2016/12/09,0,2035847,-1970237,65610
2016/12/12,0,1286000,-3203000,-1917000
2016/12/13,0,6615000,-2592666,4022334
2016/12/14,0,4534000,-5891315,-1357315
2016/12/15,0,1428000,-1516000,-88000
2016/12/16,0,3399000,-4273951,-874951
2016/12/19,0,893229,-2663081,-1769852
2016/12/20,0,3966000,-4071420,-105420
2016/12/21,0,3226630,-2019000,1207630
2016/12/22,0,2392000,-1439000,953000
2016/12/23,0,1478000,-2271000,-793000
2016/12/26,0,270000,-704000,-434000
2016/12/27,0,906000,-1231000,-325000
2016/12/28,0,546432,-1515000,-968568
2016/12/29,0,737742,-996000,-258258
2016/12/30,0,789000,-755000,34000
2017/01/02,0,0,0,0
2017/01/03,0,427000,-703000,-276000
2017/01/04,0,1562000,-1620220,-58220
2017/01/05,0,2008845,-2304916,-296071
2017/01/06,0,1130000,-1738711,-608711
2017/01/09,0,2576960,-1209944,1367016
2017/01/10,0,3566000,-957701,2608299
2017/01/11,0,5157270,-1439635,3717635
2017/01/12,0,4045000,-2248930,1796070
2017/01/13,0,3185265,-1783523,1401742
2017/01/16,0,1769000,-1130952,638048
2017/01/17,0,4542336,-755168,3787168
2017/01/18,0,3043000,-3382724,-339724
2017/01/19,0,3831000,-2469627,1361373
2017/01/20,0,2147210,-2118424,28786
2017/01/23,0,1945306,-488865,1456441
2017/01/24,0,2381142,-691000,1690142
2017/01/25,0,0,0,0
2017/01/26,0,0,0,0
2017/01/27,0,0,0,0
2017/01/30,0,0,0,0
2017/01/31,0,0,0,0
2017/02/01,0,0,0,0
2017/02/02,0,3637000,-3642651,-5651
2017/02/03,0,2242000,-1864063,377937
2017/02/06,0,2029962,-2257647,-227685
2017/02/07,0,979000,-2041880,-1062880
2017/02/08,0,1052000,-1547395,-495395
2017/02/09,0,1101000,-1590857,-489857
2017/02/10,0,3788186,-3760933,27253
2017/02/13,0,677510,-1896009,-1218499
2017/02/14,0,1087186,-1662572,-575386
2017/02/15,0,1733000,-1674552,58448
2017/02/16,0,968186,-2404389,-1436203
2017/02/17,0,1058000,-2134025,-1076025
2017/02/20,0,1057000,-779838,277162
2017/02/21,0,1071000,-1285821,-214821
2017/02/22,0,1870279,-1351336,518943
2017/02/23,0,632000,-1842498,-1210498
2017/02/24,0,1657000,-2510589,-853589
2017/02/27,0,0,0,0
2017/02/28,0,0,0,0
2017/03/01,0,1631061,-3811742,-2180681
2017/03/02,0,2310312,-2314499,-4187
2017/03/03,0,741000,-2993277,-2252277
2017/03/06,0,381989,-1353412,-971423
2017/03/07,0,418000,-955274,-537274
2017/03/08,0,1079000,-1725111,-646111
2017/03/09,0,1386267,-1929582,-543315
2017/03/10,0,1267001,-1180781,86220
2017/03/13,0,974190,-999210,-25020
2017/03/14,0,479935,-1156983,-677048
2017/03/15,0,983250,-1002779,-19529
2017/03/16,0,1533430,-2025051,-491621
2017/03/17,0,1982109,-1904366,77743
2017/03/20,0,649000,-896355,-247355
2017/03/21,0,1957437,-1437362,520075
2017/03/22,0,2056578,-1807484,249094
2017/03/23,0,4108001,-3012850,1095151
2017/03/24,0,1567972,-1033425,534547
2017/03/27,0,922000,-709000,213000
2017/03/28,0,771000,-1289000,-518000
2017/03/29,0,951681,-1114566,-162885
2017/03/30,0,693000,-856199,-163199
2017/03/31,0,927000,-2415200,-1488200
2017/04/03,0,0,0,0
2017/04/04,0,0,0,0
2017/04/05,0,3739534,-4894900,-1155366
2017/04/06,0,625000,-2576000,-1951000
2017/04/07,0,2276000,-8347601,-6071601
2017/04/10,0,2420000,-3157000,-737000
2017/04/11,0,1254890,-2677000,-1422110
2017/04/12,0,1621000,-5806000,-4185000
2017/04/13,0,2894000,-3083158,-189158
2017/04/14,0,520000,-2343000,-1823000
2017/04/17,0,944000,-1705000,-761000
2017/04/18,0,700000,-2268275,-1568275
2017/04/19,0,2570000,-5375603,-2805603
2017/04/20,0,2701038,-3683000,-981962
2017/04/21,0,1497000,-2156149,-659149
2017/04/24,0,448000,-1155000,-707000
2017/04/25,0,1580701,-2393000,-812299
2017/04/26,0,1742000,-3649075,-1907075
2017/04/27,0,235000,-4153000,-3918000
2017/04/28,0,1014000,-2781000,-1767000
2017/05/01,0,0,0,0
2017/05/02,0,2827417,-1915200,912217
2017/05/03,0,1261270,-3490900,-2229630
2017/05/04,0,1507000,-4331000,-2824000
2017/05/05,0,269570,-7881000,-7611430
2017/05/08,0,2164295,-4985000,-2820705
2017/05/09,0,2713905,-1339000,1374905
2017/05/10,0,1581270,-1214290,366980
2017/05/11,0,2828910,-2448000,380910
2017/05/12,0,4732043,-7103000,-2370957
2017/05/15,0,3867364,-3804199,63165
2017/05/16,0,2943003,-5084000,-2140997
2017/05/17,0,2255930,-2939000,-683070
2017/05/18,0,719870,-1678600,-958730
2017/05/19,0,185140,-1907173,-1722033
2017/05/22,0,1312812,-2725240,-1412428
2017/05/23,0,1151700,-1446544,-294844
2017/05/24,0,3142000,-3278000,-136000
2017/05/25,0,2311000,-2239008,71992
2017/05/26,0,0,0,0
2017/05/29,0,0,0,0
2017/05/30,0,0,0,0
2017/05/31,0,2403718,-2827290,-423572
2017/06/01,0,1195000,-1477105,-282105
2017/06/02,0,1184000,-2296000,-1112000
2017/06/05,0,1793000,-1635000,158000
2017/06/06,0,2608896,-2527000,81896
2017/06/07,0,3007000,-2976000,31000
2017/06/08,0,2749000,-1330000,1419000
2017/06/09,0,2489000,-4426000,-1937000
2017/06/12,0,2375000,-3009000,-634000
2017/06/13,0,343000,-1112467,-769467
2017/06/14,0,1286000,-3276695,-1990695
2017/06/15,0,1112000,-1316420,-204420
2017/06/16,0,1593473,-3295000,-1701527
2017/06/19,0,730510,-2297000,-1566490
2017/06/20,0,1087000,-1459000,-372000
2017/06/21,0,1138754,-1619585,-480831
2017/06/22,0,819000,-1760000,-941000
2017/06/23,0,888000,-1632000,-744000
2017/06/26,0,1744000,-3410000,-1666000
2017/06/27,0,2609561,-3854000,-1244439
2017/06/28,0,1143255,-1272000,-128745
2017/06/29,0,1884000,-1133000,751000
2017/06/30,0,760000,-1819000,-1059000
2017/07/03,0,1134000,-2020000,-886000
2017/07/04,0,661000,-2863000,-2202000
2017/07/05,0,2603000,-2918379,-315379
2017/07/06,0,2930390,-3585390,-655000
2017/07/07,0,647765,-1551047,-903282
2017/07/10,0,696000,-1492721,-796721
2017/07/11,0,3592478,-1613000,1979478
2017/07/12,0,1826000,-2264804,-438804
2017/07/13,0,1506300,-1689000,-182700
2017/07/14,0,1043000,-979000,64000
2017/07/17,0,2241000,-2513000,-272000
2017/07/18,0,2186000,-671000,1515000
2017/07/19,0,1751000,-911000,840000
2017/07/20,0,1158105,-850482,307623
2017/07/21,0,1473000,-422000,1051000
2017/07/24,0,1773267,-329000,1444267
2017/07/25,0,1978000,-806210,1171790
2017/07/26,0,604000,-1022000,-418000
2017/07/27,0,1574000,-525000,1049000
2017/07/28,0,466000,-869755,-403755
2017/07/31,0,1538000,-1524000,14000
2017/08/01,0,2055648,-832000,1223648
2017/08/02,0,1013000,-547000,466000
2017/08/03,0,528224,-663040,-134816
2017/08/04,0,483000,-553000,-70000
2017/08/07,0,1590000,-926000,664000
2017/08/08,0,1402000,-909000,493000
2017/08/09,0,964765,-1244000,-279235
2017/08/10,0,1031020,-509000,522020
2017/08/11,0,2306000,-879000,1427000
2017/08/14,0,1766000,-1865000,-99000
2017/08/15,0,1961000,-5730000,-3769000
2017/08/16,0,1194413,-2159000,-964587
2017/08/17,0,2614000,-1665000,949000
2017/08/18,0,1274000,-2263000,-989000
