Date,Open,Buy,Sell,Total
2007/04/23,0,17000,-414000,-397000
2007/04/24,0,7000,-145000,-138000
2007/04/25,0,5000,-11000,-6000
2007/04/26,0,807000,-223000,584000
2007/04/27,0,664000,-554000,110000
2007/04/30,0,30000,-143000,-113000
2007/05/01,0,0,0,0
2007/05/02,0,102000,-68000,34000
2007/05/03,0,90000,-248000,-158000
2007/05/04,0,14000,-81325,-67325
2007/05/07,0,112000,-37000,75000
2007/05/08,0,0,-69000,-69000
2007/05/09,0,434000,-45000,389000
2007/05/10,0,179000,-2000,177000
2007/05/11,0,128000,-59000,69000
2007/05/14,0,100000,-385000,-285000
2007/05/15,0,52000,-126000,-74000
2007/05/16,0,4000,-68000,-64000
2007/05/17,0,3000,-1000,2000
2007/05/18,0,62000,-100000,-38000
2007/05/21,0,4000,-19000,-15000
2007/05/22,0,0,0,0
2007/05/23,0,0,-6000,-6000
2007/05/24,0,2000,-3000,-1000
2007/05/25,0,4000,-56000,-52000
2007/05/28,0,7000,-274000,-267000
2007/05/29,0,0,-146000,-146000
2007/05/30,0,21000,-223000,-202000
2007/05/31,0,113000,-1000,112000
2007/06/01,0,23000,-125000,-102000
2007/06/04,0,6000,-2264,3736
2007/06/05,0,124000,0,124000
2007/06/06,0,0,-35000,-35000
2007/06/07,0,72000,-4000,68000
2007/06/08,0,0,-10000,-10000
2007/06/11,0,123000,-42000,81000
2007/06/12,0,343000,-107000,236000
2007/06/13,0,385000,-99000,286000
2007/06/14,0,88000,-29000,59000
2007/06/15,0,70000,-24000,46000
2007/06/18,0,0,0,0
2007/06/19,0,0,0,0
2007/06/20,0,813000,-209000,604000
2007/06/21,0,181000,-473000,-292000
2007/06/22,0,82000,-122000,-40000
2007/06/25,0,539000,-38000,501000
2007/06/26,0,102000,-185000,-83000
2007/06/27,0,130000,-10000,120000
2007/06/28,0,5000,0,5000
2007/06/29,0,107000,-17000,90000
2007/07/02,0,94000,-38000,56000
2007/07/03,0,154000,-104000,50000
2007/07/04,0,78000,-43000,35000
2007/07/05,0,418000,-14000,404000
2007/07/06,0,2786000,-551000,2235000
2007/07/09,0,1037000,-771000,266000
2007/07/10,0,1900000,-264000,1636000
2007/07/11,0,779000,-265968,513032
2007/07/12,0,248000,-167000,81000
2007/07/13,0,275000,-13964,261036
2007/07/16,0,182000,-78000,104000
2007/07/17,0,218000,-29000,189000
2007/07/18,0,1478000,-8000,1470000
2007/07/19,0,1014000,-232072,781928
2007/07/20,0,578000,-388000,190000
2007/07/23,0,958000,-101000,857000
2007/07/24,0,131000,-1702000,-1571000
2007/07/25,0,91000,-952000,-861000
2007/07/26,0,3188000,-1883000,1305000
2007/07/27,0,1760000,-342000,1418000
2007/07/30,0,692000,-442000,250000
2007/07/31,0,11000,-1700000,-1689000
2007/08/01,0,374000,-663000,-289000
2007/08/02,0,1356000,-1829463,-473463
2007/08/03,0,4020000,-1649000,2371000
2007/08/06,0,0,-1720000,-1720000
2007/08/07,0,141000,-978000,-837000
2007/08/08,0,590000,-181000,409000
2007/08/09,0,3046000,-574620,2471380
2007/08/10,0,1232000,-583000,649000
2007/08/13,0,938000,-1211000,-273000
2007/08/14,0,598000,-1645000,-1047000
2007/08/15,0,394000,-1382000,-988000
2007/08/16,0,233000,-706000,-473000
2007/08/17,0,620000,-491000,129000
2007/08/20,0,210000,-990000,-780000
2007/08/21,0,256000,-369000,-113000
2007/08/22,0,288000,-180000,108000
2007/08/23,0,233000,-684000,-451000
2007/08/24,0,76000,-431000,-355000
2007/08/27,0,7000,-107000,-100000
2007/08/28,0,59000,-500000,-441000
2007/08/29,0,134000,-118000,16000
2007/08/30,0,0,-500000,-500000
2007/08/31,0,50000,-1117000,-1067000
2007/09/03,0,887000,-78000,809000
2007/09/04,0,80000,-198000,-118000
2007/09/05,0,114000,-137000,-23000
2007/09/06,0,91000,-123000,-32000
2007/09/07,0,53000,-21000,32000
2007/09/10,0,46000,-744000,-698000
2007/09/11,0,49000,-412000,-363000
2007/09/12,0,46000,-274000,-228000
2007/09/13,0,70000,-79000,-9000
2007/09/14,0,10000,-106000,-96000
2007/09/17,0,45000,-55000,-10000
2007/09/18,0,0,0,0
2007/09/19,0,52000,-520000,-468000
2007/09/20,0,86000,-218000,-132000
2007/09/21,0,283000,-10000,273000
2007/09/24,0,0,0,0
2007/09/25,0,0,0,0
2007/09/26,0,80000,-137000,-57000
2007/09/27,0,121000,-135000,-14000
2007/09/28,0,63000,-163000,-100000
2007/10/01,0,52000,-59000,-7000
2007/10/02,0,43000,-35000,8000
2007/10/03,0,71000,-310000,-239000
2007/10/04,0,194000,-392392,-198392
2007/10/05,0,60000,-103000,-43000
2007/10/08,0,22024,-183037,-161013
2007/10/09,0,22000,-336000,-314000
2007/10/10,0,0,0,0
2007/10/11,0,486000,-83233,402767
2007/10/12,0,36000,-309000,-273000
2007/10/15,0,43000,-133000,-90000
2007/10/16,0,86000,-148000,-62000
2007/10/17,0,198000,-15000,183000
2007/10/18,0,384000,-111000,273000
2007/10/19,0,24000,-43000,-19000
2007/10/22,0,30000,-273000,-243000
2007/10/23,0,161000,-5000,156000
2007/10/24,0,34000,-113000,-79000
2007/10/25,0,22000,-79000,-57000
2007/10/26,0,811000,-120000,691000
2007/10/29,0,1225000,-537026,687974
2007/10/30,0,122000,-195000,-73000
2007/10/31,0,329000,-525000,-196000
2007/11/01,0,605000,-101000,504000
2007/11/02,0,65000,-321000,-256000
2007/11/05,0,191000,-230000,-39000
2007/11/06,0,764000,-160000,604000
2007/11/07,0,148000,-353000,-205000
2007/11/08,0,108000,-1190000,-1082000
2007/11/09,0,214000,-1057000,-843000
2007/11/12,0,19000,-421000,-402000
2007/11/13,0,112000,-78000,34000
2007/11/14,0,838000,-290000,548000
2007/11/15,0,36000,-515,35485
2007/11/16,0,67000,-299000,-232000
2007/11/19,0,33000,-43000,-10000
2007/11/20,0,205000,-161000,44000
2007/11/21,0,137000,-364000,-227000
2007/11/22,0,117000,-29000,88000
2007/11/23,0,201000,-330000,-129000
2007/11/26,0,87000,-51000,36000
2007/11/27,0,228000,-975000,-747000
2007/11/28,0,499000,-120000,379000
2007/11/29,0,226000,-40000,186000
2007/11/30,0,73000,-159000,-86000
2007/12/03,0,176000,-71000,105000
2007/12/04,0,444000,-3000,441000
2007/12/05,0,168000,-215000,-47000
2007/12/06,0,79000,-1216679,-1137679
2007/12/07,0,78000,-150000,-72000
2007/12/10,0,21000,-113000,-92000
2007/12/11,0,8000,-179000,-171000
2007/12/12,0,19000,-450000,-431000
2007/12/13,0,62000,-818000,-756000
2007/12/14,0,142000,-935000,-793000
2007/12/17,0,14000,-311000,-297000
2007/12/18,0,227000,-348504,-121504
2007/12/19,0,136000,-60000,76000
2007/12/20,0,327000,-197000,130000
2007/12/21,0,83000,-212000,-129000
2007/12/24,0,128000,-200000,-72000
2007/12/25,0,126000,-39000,87000
2007/12/26,0,37000,-71000,-34000
2007/12/27,0,313000,-246000,67000
2007/12/28,0,524000,-154000,370000
2007/12/31,0,790000,-76000,714000
2008/01/01,0,0,0,0
2008/01/02,0,588000,-808074,-220074
2008/01/03,0,343000,-167000,176000
2008/01/04,0,117000,-78000,39000
2008/01/07,0,141000,-1083000,-942000
2008/01/08,0,31000,-518000,-487000
2008/01/09,0,5000,-148000,-143000
2008/01/10,0,14000,-4000,10000
2008/01/11,0,7000,-7000,0
2008/01/14,0,21000,-106000,-85000
2008/01/15,0,10000,-119000,-109000
2008/01/16,0,1000,-36000,-35000
2008/01/17,0,6000,-73000,-67000
2008/01/18,0,11000,0,11000
2008/01/21,0,2000,-25000,-23000
2008/01/22,0,0,-17000,-17000
2008/01/23,0,32000,-49000,-17000
2008/01/24,0,33000,-58000,-25000
2008/01/25,0,114000,-78422,35578
2008/01/28,0,38000,-20000,18000
2008/01/29,0,17000,-34000,-17000
2008/01/30,0,3000,-171000,-168000
2008/01/31,0,24000,-11000,13000
2008/02/01,0,0,0,0
2008/02/04,0,0,0,0
2008/02/05,0,0,0,0
2008/02/06,0,0,0,0
2008/02/07,0,0,0,0
2008/02/08,0,0,0,0
2008/02/11,0,0,0,0
2008/02/12,0,1000,-24000,-23000
2008/02/13,0,0,0,0
2008/02/14,0,1000,-3000,-2000
2008/02/15,0,31000,-56,30944
2008/02/18,0,2000,0,2000
2008/02/19,0,35000,-1000,34000
2008/02/20,0,0,-5000,-5000
2008/02/21,0,25000,0,25000
2008/02/22,0,111000,-2000,109000
2008/02/25,0,20000,-140,19860
2008/02/26,0,1000,-1084,-84
2008/02/27,0,12000,-19056,-7056
2008/02/28,0,0,0,0
2008/02/29,0,6000,-10000,-4000
2008/03/03,0,3000,-4542,-1542
2008/03/04,0,4000,-151000,-147000
2008/03/05,0,12000,-1000,11000
2008/03/06,0,83000,-2084,80916
2008/03/07,0,41000,-4000,37000
2008/03/10,0,36000,-33000,3000
2008/03/11,0,6000,-3000,3000
2008/03/12,0,7000,-3419,3581
2008/03/13,0,9000,-15000,-6000
2008/03/14,0,0,-6000,-6000
2008/03/17,0,75000,-2000,73000
2008/03/18,0,29000,-23000,6000
2008/03/19,0,13000,-4000,9000
2008/03/20,0,13000,-3000,10000
2008/03/21,0,12000,0,12000
2008/03/24,0,38000,-74000,-36000
2008/03/25,0,12000,-84000,-72000
2008/03/26,0,7000,-6000,1000
2008/03/27,0,0,-10004,-10004
2008/03/28,0,17000,-5000,12000
2008/03/31,0,1021,-14000,-12979
2008/04/01,0,29000,-13000,16000
2008/04/02,0,47000,0,47000
2008/04/03,0,0,-8313,-8313
2008/04/04,0,0,0,0
2008/04/07,0,19000,0,19000
2008/04/08,0,2000,-4000,-2000
2008/04/09,0,7000,-11000,-4000
2008/04/10,0,30000,-8000,22000
2008/04/11,0,170000,-11000,159000
2008/04/14,0,34000,-39755,-5755
2008/04/15,0,200000,-47000,153000
2008/04/16,0,31000,-30000,1000
2008/04/17,0,112000,-10000,102000
2008/04/18,0,6000,-56000,-50000
2008/04/21,0,76000,-7000,69000
2008/04/22,0,136000,-93028,42972
2008/04/23,0,54000,-78000,-24000
2008/04/24,0,30000,-60000,-30000
2008/04/25,0,53000,-13000,40000
2008/04/28,0,19000,-19000,0
2008/04/29,0,24000,-65000,-41000
2008/04/30,0,45000,-90000,-45000
2008/05/01,0,0,0,0
2008/05/02,0,24000,-46000,-22000
2008/05/05,0,5000,-95000,-90000
2008/05/06,0,20000,-38000,-18000
2008/05/07,0,13000,-40000,-27000
2008/05/08,0,23000,-14000,9000
2008/05/09,0,20000,-46000,-26000
2008/05/12,0,57000,-1511,55489
2008/05/13,0,48000,-19000,29000
2008/05/14,0,21000,-10000,11000
2008/05/15,0,60000,-4000,56000
2008/05/16,0,72000,-1000,71000
2008/05/19,0,47000,-3000,44000
2008/05/20,0,44000,-122000,-78000
2008/05/21,0,10000,-42000,-32000
2008/05/22,0,24000,-52000,-28000
2008/05/23,0,0,-95000,-95000
2008/05/26,0,49000,-90000,-41000
2008/05/27,0,15000,-12000,3000
2008/05/28,0,14000,-18000,-4000
2008/05/29,0,32000,-30000,2000
2008/05/30,0,102000,-174000,-72000
2008/06/02,0,17000,-19000,-2000
2008/06/03,0,152000,-13341,138659
2008/06/04,0,13000,-60000,-47000
2008/06/05,0,23000,-20000,3000
2008/06/06,0,15000,-32763,-17763
2008/06/09,0,0,-132000,-132000
2008/06/10,0,21000,-77000,-56000
2008/06/11,0,3000,-106823,-103823
2008/06/12,0,20000,-117000,-97000
2008/06/13,0,30000,-130177,-100177
2008/06/16,0,48000,-16000,32000
2008/06/17,0,5000,-5000,0
2008/06/18,0,4000,0,4000
2008/06/19,0,0,-38000,-38000
2008/06/20,0,56000,-62000,-6000
2008/06/23,0,41000,-32000,9000
2008/06/24,0,15000,-45000,-30000
2008/06/25,0,43000,-13000,30000
2008/06/26,0,1000,-29000,-28000
2008/06/27,0,119000,-19000,100000
2008/06/30,0,21000,-12000,9000
2008/07/01,0,23000,-5000,18000
2008/07/02,0,173000,-44000,129000
2008/07/03,0,170000,-3000,167000
2008/07/04,0,4000,-27000,-23000
2008/07/07,0,3000,-131000,-128000
2008/07/08,0,23000,-23000,0
2008/07/09,0,42000,-25000,17000
2008/07/10,0,41000,-104000,-63000
2008/07/11,0,27000,-203000,-176000
2008/07/14,0,6000,-29000,-23000
2008/07/15,0,202000,-18000,184000
2008/07/16,0,0,-64000,-64000
2008/07/17,0,10000,-23000,-13000
2008/07/18,0,87000,-26000,61000
2008/07/21,0,48000,-5000,43000
2008/07/22,0,226000,-38,225962
2008/07/23,0,36000,-1000,35000
2008/07/24,0,7000,-175000,-168000
2008/07/25,0,20000,-5000,15000
2008/07/28,0,0,0,0
2008/07/29,0,0,-10000,-10000
2008/07/30,0,28000,-33000,-5000
2008/07/31,0,36000,-5000,31000
2008/08/01,0,23000,-4000,19000
2008/08/04,0,40000,0,40000
2008/08/05,0,113000,-28000,85000
2008/08/06,0,497000,-3000,494000
2008/08/07,0,7000,-368000,-361000
2008/08/08,0,42000,-50000,-8000
2008/08/11,0,71000,-69000,2000
2008/08/12,0,119000,-44000,75000
2008/08/13,0,741000,-42000,699000
2008/08/14,0,109000,-27000,82000
2008/08/15,0,39000,-747000,-708000
2008/08/18,0,5000,-52000,-47000
2008/08/19,0,5000,-9000,-4000
2008/08/20,0,415000,-139000,276000
2008/08/21,0,1042000,-137000,905000
2008/08/22,0,1406000,-1347000,59000
2008/08/25,0,228000,-2000,226000
2008/08/26,0,4000,-223000,-219000
2008/08/27,0,31000,-404000,-373000
2008/08/28,0,493000,-286000,207000
2008/08/29,0,485000,-236000,249000
2008/09/01,0,219000,-53000,166000
2008/09/02,0,591000,-806000,-215000
2008/09/03,0,149000,-50000,99000
2008/09/04,0,152000,-232000,-80000
2008/09/05,0,66000,-111000,-45000
2008/09/08,0,155000,-707000,-552000
2008/09/09,0,405000,-193000,212000
2008/09/10,0,61000,-81000,-20000
2008/09/11,0,150000,-25000,125000
2008/09/12,0,74000,-47000,27000
2008/09/15,0,51000,-96000,-45000
2008/09/16,0,100000,-727000,-627000
2008/09/17,0,71000,-124000,-53000
2008/09/18,0,60000,-102000,-42000
2008/09/19,0,58000,-114000,-56000
2008/09/22,0,195000,-260000,-65000
2008/09/23,0,70000,-86000,-16000
2008/09/24,0,61000,-180000,-119000
2008/09/25,0,84000,-39000,45000
2008/09/26,0,76000,-70000,6000
2008/09/29,0,0,0,0
2008/09/30,0,20000,-55000,-35000
2008/10/01,0,55000,-224000,-169000
2008/10/02,0,59000,-65397,-6397
2008/10/03,0,15000,-64397,-49397
2008/10/06,0,40000,-15869,24131
2008/10/07,0,12000,-72000,-60000
2008/10/08,0,28000,-66000,-38000
2008/10/09,0,53003,-134000,-80997
2008/10/10,0,0,0,0
2008/10/13,0,25000,-111000,-86000
2008/10/14,0,0,-50991,-50991
2008/10/15,0,17000,-17519,-519
2008/10/16,0,0,0,0
2008/10/17,0,15000,-80000,-65000
2008/10/20,0,0,-29525,-29525
2008/10/21,0,16000,-8000,8000
2008/10/22,0,27000,0,27000
2008/10/23,0,5000,-3000,2000
2008/10/24,0,37000,-20000,17000
2008/10/27,0,48000,-59000,-11000
2008/10/28,0,54000,-132039,-78039
2008/10/29,0,105000,-431,104569
2008/10/30,0,0,0,0
2008/10/31,0,0,0,0
2008/11/03,0,307000,-66989,240011
2008/11/04,0,216000,-45000,171000
2008/11/05,0,74000,-36000,38000
2008/11/06,0,84000,-54000,30000
2008/11/07,0,3000,-89000,-86000
2008/11/10,0,39000,-49000,-10000
2008/11/11,0,44000,-31000,13000
2008/11/12,0,83000,-41000,42000
2008/11/13,0,66000,-19000,47000
2008/11/14,0,44000,-41000,3000
2008/11/17,0,241000,0,241000
2008/11/18,0,24000,-72000,-48000
2008/11/19,0,35000,-205000,-170000
2008/11/20,0,28000,-117000,-89000
2008/11/21,0,88000,-26000,62000
2008/11/24,0,8000,-231000,-223000
2008/11/25,0,36000,-59000,-23000
2008/11/26,0,12000,-19000,-7000
2008/11/27,0,66000,-32000,34000
2008/11/28,0,896000,-7000,889000
2008/12/01,0,502000,-35000,467000
2008/12/02,0,35000,-982000,-947000
2008/12/03,0,15000,-260000,-245000
2008/12/04,0,166000,-115119,50881
2008/12/05,0,24000,-43000,-19000
2008/12/08,0,82000,-155000,-73000
2008/12/09,0,48000,-13000,35000
2008/12/10,0,112000,-17000,95000
2008/12/11,0,999000,-101000,898000
2008/12/12,0,23000,-168000,-145000
2008/12/15,0,634000,-56000,578000
2008/12/16,0,577000,-76000,501000
2008/12/17,0,364000,-171000,193000
2008/12/18,0,106000,-90000,16000
2008/12/19,0,158000,-192000,-34000
2008/12/22,0,170000,-182000,-12000
2008/12/23,0,134000,-1523880,-1389880
2008/12/24,0,21000,-14000,7000
2008/12/25,0,167000,-31000,136000
2008/12/26,0,23000,-225000,-202000
2008/12/29,0,48000,-17000,31000
2008/12/30,0,222000,-142537,79463
2008/12/31,0,29000,-177000,-148000
2009/01/01,0,0,0,0
2009/01/02,0,0,0,0
2009/01/05,0,73000,-77000,-4000
2009/01/06,0,135000,-579000,-444000
2009/01/07,0,1098000,-210000,888000
2009/01/08,0,661000,-98000,563000
2009/01/09,0,474000,-76000,398000
2009/01/12,0,1319000,-227000,1092000
2009/01/13,0,404000,-161719,242281
2009/01/14,0,161000,-883000,-722000
2009/01/15,0,11000,-879000,-868000
2009/01/16,0,9000,-149000,-140000
2009/01/19,0,10000,-28000,-18000
2009/01/20,0,10000,-17000,-7000
2009/01/21,0,59000,-56000,3000
2009/01/22,0,0,0,0
2009/01/23,0,0,0,0
2009/01/26,0,0,0,0
2009/01/27,0,0,0,0
2009/01/28,0,0,0,0
2009/01/29,0,0,0,0
2009/01/30,0,0,0,0
2009/02/02,0,63000,-823000,-760000
2009/02/03,0,197000,-90000,107000
2009/02/04,0,22000,-83000,-61000
2009/02/05,0,47000,-86000,-39000
2009/02/06,0,572000,-103000,469000
2009/02/09,0,0,-156000,-156000
2009/02/10,0,166000,-13000,153000
2009/02/11,0,157000,-50000,107000
2009/02/12,0,76000,-192466,-116466
2009/02/13,0,245000,-213000,32000
2009/02/16,0,151000,-170000,-19000
2009/02/17,0,55000,-79000,-24000
2009/02/18,0,97000,-170000,-73000
2009/02/19,0,38000,-130000,-92000
2009/02/20,0,18000,-30000,-12000
2009/02/23,0,3000,0,3000
2009/02/24,0,120000,-270000,-150000
2009/02/25,0,162000,-360000,-198000
2009/02/26,0,102000,-129000,-27000
2009/02/27,0,13000,-137000,-124000
2009/03/02,0,1000,-30000,-29000
2009/03/03,0,0,-4000,-4000
2009/03/04,0,120000,0,120000
2009/03/05,0,92000,-19000,73000
2009/03/06,0,8000,0,8000
2009/03/09,0,60000,-108000,-48000
2009/03/10,0,23000,-13000,10000
2009/03/11,0,591000,-74000,517000
2009/03/12,0,400000,-23000,377000
2009/03/13,0,51000,-245000,-194000
2009/03/16,0,30000,-415000,-385000
2009/03/17,0,46000,-124000,-78000
2009/03/18,0,159000,-335000,-176000
2009/03/19,0,40000,-141000,-101000
2009/03/20,0,13000,-57000,-44000
2009/03/23,0,46000,-104000,-58000
2009/03/24,0,70000,-42000,28000
2009/03/25,0,115000,-99295,15705
2009/03/26,0,136000,-22185,113815
2009/03/27,0,44000,-148000,-104000
2009/03/30,0,44000,-58000,-14000
2009/03/31,0,62000,-12000,50000
2009/04/01,0,59000,-45000,14000
2009/04/02,0,43000,-42000,1000
2009/04/03,0,410000,-80000,330000
2009/04/06,0,194000,-298000,-104000
2009/04/07,0,56000,-117000,-61000
2009/04/08,0,453000,-44000,409000
2009/04/09,0,374000,-112000,262000
2009/04/10,0,223000,-775000,-552000
2009/04/13,0,90000,-149000,-59000
2009/04/14,0,146000,-111000,35000
2009/04/15,0,325000,-183000,142000
2009/04/16,0,183000,-166000,17000
2009/04/17,0,316000,-279000,37000
2009/04/20,0,293000,-80000,213000
2009/04/21,0,106000,-113000,-7000
2009/04/22,0,1640000,-621000,1019000
2009/04/23,0,57000,-811000,-754000
2009/04/24,0,534000,-261000,273000
2009/04/27,0,289000,-122000,167000
2009/04/28,0,400000,-876000,-476000
2009/04/29,0,384000,-90390,293610
2009/04/30,0,358000,-243000,115000
2009/05/01,0,0,0,0
2009/05/04,0,248000,-545000,-297000
2009/05/05,0,303000,-125000,178000
2009/05/06,0,339000,-677000,-338000
2009/05/07,0,836000,-661000,175000
2009/05/08,0,325000,-106306,218694
2009/05/11,0,153000,-709397,-556397
2009/05/12,0,176000,-490000,-314000
2009/05/13,0,572000,-226000,346000
2009/05/14,0,138000,-722000,-584000
2009/05/15,0,321000,-374000,-53000
2009/05/18,0,75000,-102000,-27000
2009/05/19,0,490000,-164345,325655
2009/05/20,0,38000,-43000,-5000
2009/05/21,0,240000,-139000,101000
2009/05/22,0,397000,-321383,75617
2009/05/25,0,215000,-43000,172000
2009/05/26,0,152000,-237000,-85000
2009/05/27,0,841000,-364000,477000
2009/05/28,0,0,0,0
2009/05/29,0,0,0,0
2009/06/01,0,183000,-367364,-184364
2009/06/02,0,922000,-2346000,-1424000
2009/06/03,0,951000,-238000,713000
2009/06/04,0,228000,-58111,169889
2009/06/05,0,136000,-168000,-32000
2009/06/08,0,227000,-119000,108000
2009/06/09,0,426000,-404000,22000
2009/06/10,0,600000,-472364,127636
2009/06/11,0,232000,-214000,18000
2009/06/12,0,198000,-688000,-490000
2009/06/15,0,328000,-229000,99000
2009/06/16,0,128000,-323616,-195616
2009/06/17,0,666000,-322000,344000
2009/06/18,0,211000,-145000,66000
2009/06/19,0,264000,-54000,210000
2009/06/22,0,391000,-57000,334000
2009/06/23,0,232000,-71000,161000
2009/06/24,0,103000,-428611,-325611
2009/06/25,0,112000,-618000,-506000
2009/06/26,0,148000,-300000,-152000
2009/06/29,0,113000,-38000,75000
2009/06/30,0,122000,-90000,32000
2009/07/01,0,870000,-24000,846000
2009/07/02,0,883000,-417000,466000
2009/07/03,0,282000,-31000,251000
2009/07/06,0,184000,-244000,-60000
2009/07/07,0,302236,-820000,-517764
2009/07/08,0,429000,-824000,-395000
2009/07/09,0,252000,-254000,-2000
2009/07/10,0,239000,-89000,150000
2009/07/13,0,283000,-603000,-320000
2009/07/14,0,689000,-182603,506397
2009/07/15,0,144000,-167125,-23125
2009/07/16,0,378000,-231000,147000
2009/07/17,0,424000,-109000,315000
2009/07/20,0,528000,-355000,173000
2009/07/21,0,160000,-243000,-83000
2009/07/22,0,122000,-93000,29000
2009/07/23,0,82000,-332000,-250000
2009/07/24,0,596701,-86000,510701
2009/07/27,0,265000,-60000,205000
2009/07/28,0,101000,-627000,-526000
2009/07/29,0,123000,-27000,96000
2009/07/30,0,281000,-105000,176000
2009/07/31,0,66000,-95000,-29000
2009/08/03,0,169822,-279000,-109178
2009/08/04,0,193000,-317000,-124000
2009/08/05,0,506000,-101000,405000
2009/08/06,0,177000,-394000,-217000
2009/08/07,0,0,0,0
2009/08/10,0,131000,-205000,-74000
2009/08/11,0,77000,-618000,-541000
2009/08/12,0,505000,-99000,406000
2009/08/13,0,251000,-291000,-40000
2009/08/14,0,141000,-414000,-273000
2009/08/17,0,84000,-97000,-13000
2009/08/18,0,265000,-1083000,-818000
2009/08/19,0,24000,-247000,-223000
2009/08/20,0,51000,-416000,-365000
2009/08/21,0,71000,-159000,-88000
2009/08/24,0,196499,-4000,192499
2009/08/25,0,33000,-96000,-63000
2009/08/26,0,19000,-182000,-163000
2009/08/27,0,55000,-50566,4434
2009/08/28,0,31000,-76000,-45000
2009/08/31,0,134000,-55000,79000
2009/09/01,0,99000,-83000,16000
2009/09/02,0,67000,-29000,38000
2009/09/03,0,255000,-371000,-116000
2009/09/04,0,31000,-71000,-40000
2009/09/07,0,29000,-267000,-238000
2009/09/08,0,52501,-148000,-95499
2009/09/09,0,77000,-30000,47000
2009/09/10,0,235000,-186000,49000
2009/09/11,0,176000,-95000,81000
2009/09/14,0,34000,-37000,-3000
2009/09/15,0,47000,-26000,21000
2009/09/16,0,207000,-418000,-211000
2009/09/17,0,160000,-228000,-68000
2009/09/18,0,92000,-66000,26000
2009/09/21,0,247000,-135000,112000
2009/09/22,0,92000,-91000,1000
2009/09/23,0,95000,-156000,-61000
2009/09/24,0,128000,-221000,-93000
2009/09/25,0,1000,-56000,-55000
2009/09/28,0,30000,-195388,-165388
2009/09/29,0,74000,-50000,24000
2009/09/30,0,330000,-60000,270000
2009/10/01,0,0,-264000,-264000
2009/10/02,0,25000,-8997,16003
2009/10/05,0,106000,-61147,44853
2009/10/06,0,72000,-72000,0
2009/10/07,0,1677000,-508000,1169000
2009/10/08,0,134000,-212591,-78591
2009/10/09,0,53000,-87935,-34935
2009/10/12,0,81000,-14199,66801
2009/10/13,0,54000,-366000,-312000
2009/10/14,0,712000,-675000,37000
2009/10/15,0,180000,-1083000,-903000
2009/10/16,0,155000,-341000,-186000
2009/10/19,0,152000,-35000,117000
2009/10/20,0,252000,-265000,-13000
2009/10/21,0,329000,-498000,-169000
2009/10/22,0,567000,-392293,174707
2009/10/23,0,298000,-457000,-159000
2009/10/26,0,381000,-237000,144000
2009/10/27,0,164000,-193000,-29000
2009/10/28,0,302000,-445000,-143000
2009/10/29,0,552000,-592000,-40000
2009/10/30,0,305000,-186000,119000
2009/11/02,0,92000,-91000,1000
2009/11/03,0,45000,-102000,-57000
2009/11/04,0,53000,-21499,31501
2009/11/05,0,319000,-145000,174000
2009/11/06,0,80000,-74000,6000
2009/11/09,0,19000,-194699,-175699
2009/11/10,0,185000,-131000,54000
2009/11/11,0,55000,-17000,38000
2009/11/12,0,217000,-58000,159000
2009/11/13,0,97000,-163000,-66000
2009/11/16,0,22000,-63000,-41000
2009/11/17,0,199000,-225000,-26000
2009/11/18,0,71000,-187000,-116000
2009/11/19,0,69000,-135000,-66000
2009/11/20,0,93000,-21000,72000
2009/11/23,0,20000,-39000,-19000
2009/11/24,0,12000,-27000,-15000
2009/11/25,0,86000,-46000,40000
2009/11/26,0,19000,-121000,-102000
2009/11/27,0,110000,-63000,47000
2009/11/30,0,55000,-6000,49000
2009/12/01,0,94000,-26000,68000
2009/12/02,0,31000,-87000,-56000
2009/12/03,0,82000,-77000,5000
2009/12/04,0,17000,-65000,-48000
2009/12/07,0,39000,-48000,-9000
2009/12/08,0,292000,-85000,207000
2009/12/09,0,18358,-53000,-34642
2009/12/10,0,150000,-64000,86000
2009/12/11,0,45000,-12000,33000
2009/12/14,0,36000,-69000,-33000
2009/12/15,0,12000,-7000,5000
2009/12/16,0,88000,-60000,28000
2009/12/17,0,62000,-25000,37000
2009/12/18,0,45000,-73000,-28000
2009/12/21,0,156000,-34000,122000
2009/12/22,0,202000,-55000,147000
2009/12/23,0,79000,-92000,-13000
2009/12/24,0,182000,-231000,-49000
2009/12/25,0,23000,-128000,-105000
2009/12/28,0,334000,-237000,97000
2009/12/29,0,211000,-106000,105000
2009/12/30,0,67000,-198000,-131000
2009/12/31,0,76000,-42000,34000
2010/01/01,0,0,0,0
2010/01/04,0,235000,-102000,133000
2010/01/05,0,160000,-94748,65252
2010/01/06,0,181000,-28000,153000
2010/01/07,0,302000,-92000,210000
2010/01/08,0,45000,-306000,-261000
2010/01/11,0,246000,-136000,110000
2010/01/12,0,248000,-36000,212000
2010/01/13,0,282000,-45000,237000
2010/01/14,0,591000,-149000,442000
2010/01/15,0,292000,-679000,-387000
2010/01/18,0,444000,-101000,343000
2010/01/19,0,213000,-104000,109000
2010/01/20,0,108415,-102000,6415
2010/01/21,0,81000,-361000,-280000
2010/01/22,0,160000,-292000,-132000
2010/01/25,0,274000,-101000,173000
2010/01/26,0,43000,-665000,-622000
2010/01/27,0,311000,-41000,270000
2010/01/28,0,282000,-73000,209000
2010/01/29,0,78000,-100000,-22000
2010/02/01,0,45000,-117578,-72578
2010/02/02,0,37000,-267000,-230000
2010/02/03,0,140000,-69000,71000
2010/02/04,0,159000,-27000,132000
2010/02/05,0,98000,-513000,-415000
2010/02/08,0,84000,-16000,68000
2010/02/09,0,233000,-34000,199000
2010/02/10,0,139000,-37457,101543
2010/02/11,0,0,0,0
2010/02/12,0,0,0,0
2010/02/15,0,0,0,0
2010/02/16,0,0,0,0
2010/02/17,0,0,0,0
2010/02/18,0,0,0,0
2010/02/19,0,0,0,0
2010/02/22,0,97000,-38000,59000
2010/02/23,0,114000,-34000,80000
2010/02/24,0,46000,-5000,41000
2010/02/25,0,129000,-33000,96000
2010/02/26,0,71000,-113000,-42000
2010/03/01,0,99000,-70000,29000
2010/03/02,0,281000,-240000,41000
2010/03/03,0,338000,-118000,220000
2010/03/04,0,80000,-196000,-116000
2010/03/05,0,60000,-22000,38000
2010/03/08,0,77000,-30000,47000
2010/03/09,0,2000,-29000,-27000
2010/03/10,0,64000,-39000,25000
2010/03/11,0,35000,-24000,11000
2010/03/12,0,18000,-116000,-98000
2010/03/15,0,39000,-137000,-98000
2010/03/16,0,9000,-59000,-50000
2010/03/17,0,394000,-29000,365000
2010/03/18,0,200000,-23989,176011
2010/03/19,0,40000,-29000,11000
2010/03/22,0,199000,-171000,28000
2010/03/23,0,35000,-59000,-24000
2010/03/24,0,120000,-141000,-21000
2010/03/25,0,164000,-266000,-102000
2010/03/26,0,138000,-37000,101000
2010/03/29,0,155000,-51000,104000
2010/03/30,0,32000,-30000,2000
2010/03/31,0,17000,-83000,-66000
2010/04/01,0,115000,-47000,68000
2010/04/02,0,215000,-74000,141000
2010/04/05,0,0,0,0
2010/04/06,0,265000,-101000,164000
2010/04/07,0,78000,-18000,60000
2010/04/08,0,294000,-89000,205000
2010/04/09,0,351000,-101000,250000
2010/04/12,0,390000,-109000,281000
2010/04/13,0,77000,-271000,-194000
2010/04/14,0,193000,-75000,118000
2010/04/15,0,656000,-140000,516000
2010/04/16,0,220000,-332000,-112000
2010/04/19,0,91000,-1054000,-963000
2010/04/20,0,362199,-291000,71199
2010/04/21,0,405000,-83000,322000
2010/04/22,0,149000,-47000,102000
2010/04/23,0,361000,-272000,89000
2010/04/26,0,731000,-69195,661805
2010/04/27,0,183000,-297000,-114000
2010/04/28,0,160000,-398000,-238000
2010/04/29,0,65000,-211000,-146000
2010/04/30,0,35000,-356000,-321000
2010/05/03,0,70000,-368000,-298000
2010/05/04,0,60000,-244000,-184000
2010/05/05,0,8000,-817000,-809000
2010/05/06,0,19000,-315000,-296000
2010/05/07,0,20000,-191000,-171000
2010/05/10,0,169000,-271000,-102000
2010/05/11,0,222000,-1123179,-901179
2010/05/12,0,834000,-210477,623523
2010/05/13,0,104000,-96000,8000
2010/05/14,0,148000,-31000,117000
2010/05/17,0,108000,-349000,-241000
2010/05/18,0,78000,-6000,72000
2010/05/19,0,142000,-85000,57000
2010/05/20,0,53000,-122000,-69000
2010/05/21,0,22000,-171000,-149000
2010/05/24,0,12000,-13000,-1000
2010/05/25,0,36000,-172000,-136000
2010/05/26,0,61000,-43000,18000
2010/05/27,0,92000,-71000,21000
2010/05/28,0,35000,-48000,-13000
2010/05/31,0,243000,-70000,173000
2010/06/01,0,208000,-172000,36000
2010/06/02,0,10000,-140000,-130000
2010/06/03,0,0,-14000,-14000
2010/06/04,0,22000,-12000,10000
2010/06/07,0,79000,-106000,-27000
2010/06/08,0,23000,-57000,-34000
2010/06/09,0,26000,-125000,-99000
2010/06/10,0,111000,-110000,1000
2010/06/11,0,188000,-148000,40000
2010/06/14,0,143000,-54000,89000
2010/06/15,0,271000,-32000,239000
2010/06/16,0,0,0,0
2010/06/17,0,298000,-68000,230000
2010/06/18,0,39000,-42000,-3000
2010/06/21,0,75000,-91000,-16000
2010/06/22,0,55000,0,55000
2010/06/23,0,20000,-20000,0
2010/06/24,0,59000,-68819,-9819
2010/06/25,0,37000,-117000,-80000
2010/06/28,0,50000,-32000,18000
2010/06/29,0,82000,-105000,-23000
2010/06/30,0,19000,-102000,-83000
2010/07/01,0,29000,-63000,-34000
2010/07/02,0,102000,-8000,94000
2010/07/05,0,60000,-20000,40000
2010/07/06,0,21000,-8000,13000
2010/07/07,0,11000,-52000,-41000
2010/07/08,0,26000,-52000,-26000
2010/07/09,0,88000,-17000,71000
2010/07/12,0,208000,-1000,207000
2010/07/13,0,42000,-25000,17000
2010/07/14,0,25000,-68000,-43000
2010/07/15,0,20000,0,20000
2010/07/16,0,55000,-58000,-3000
2010/07/19,0,55000,-2000,53000
2010/07/20,0,7000,-41000,-34000
2010/07/21,0,25000,-22000,3000
2010/07/22,0,4000,-11000,-7000
2010/07/23,0,30000,-102111,-72111
2010/07/26,0,53000,-20000,33000
2010/07/27,0,142000,-129000,13000
2010/07/28,0,71000,-64000,7000
2010/07/29,0,100000,-57000,43000
2010/07/30,0,108000,-194000,-86000
2010/08/02,0,173000,-72000,101000
2010/08/03,0,232000,-140000,92000
2010/08/04,0,1876000,-47000,1829000
2010/08/05,0,219000,-1709000,-1490000
2010/08/06,0,179000,-194000,-15000
2010/08/09,0,77000,-253000,-176000
2010/08/10,0,165000,-127000,38000
2010/08/11,0,25000,-281000,-256000
2010/08/12,0,30000,-53000,-23000
2010/08/13,0,16000,-211000,-195000
2010/08/16,0,0,-42000,-42000
2010/08/17,0,35000,-5000,30000
2010/08/18,0,108000,-43000,65000
2010/08/19,0,237000,-43000,194000
2010/08/20,0,268000,-147168,120832
2010/08/23,0,19000,-383000,-364000
2010/08/24,0,0,-15000,-15000
2010/08/25,0,2000,-107000,-105000
2010/08/26,0,100000,-29000,71000
2010/08/27,0,40000,-110000,-70000
2010/08/30,0,30000,-28000,2000
2010/08/31,0,0,-116000,-116000
2010/09/01,0,5190,-94000,-88810
2010/09/02,0,8000,-36000,-28000
2010/09/03,0,40000,-69000,-29000
2010/09/06,0,20000,-19000,1000
2010/09/07,0,41000,-28000,13000
2010/09/08,0,41000,-5500,35500
2010/09/09,0,73000,-53000,20000
2010/09/10,0,21000,-2500,18500
2010/09/13,0,184000,0,184000
2010/09/14,0,69500,-32000,37500
2010/09/15,0,77000,-68000,9000
2010/09/16,0,46000,-61000,-15000
2010/09/17,0,33000,0,33000
2010/09/20,0,84000,-28000,56000
2010/09/21,0,12000,-125000,-113000
2010/09/22,0,0,0,0
2010/09/23,0,20000,-32050,-12050
2010/09/24,0,14000,-35000,-21000
2010/09/27,0,54000,-20000,34000
2010/09/28,0,212000,-197000,15000
2010/09/29,0,867000,-180000,687000
2010/09/30,0,32000,-521000,-489000
2010/10/01,0,45000,-40000,5000
2010/10/04,0,35000,-75000,-40000
2010/10/05,0,134000,-88000,46000
2010/10/06,0,0,-62000,-62000
2010/10/07,0,15000,-93160,-78160
2010/10/08,0,22000,-28000,-6000
2010/10/11,0,30000,-58000,-28000
2010/10/12,0,65000,-66000,-1000
2010/10/13,0,53000,-40000,13000
2010/10/14,0,18000,-86000,-68000
2010/10/15,0,24000,-18000,6000
2010/10/18,0,51000,-14000,37000
2010/10/19,0,0,-18000,-18000
2010/10/20,0,33000,-3000,30000
2010/10/21,0,0,-112000,-112000
2010/10/22,0,85000,-27000,58000
2010/10/25,0,26250,-75000,-48750
2010/10/26,0,62000,-10000,52000
2010/10/27,0,1000,-79000,-78000
2010/10/28,0,7000,-7000,0
2010/10/29,0,121000,-26000,95000
2010/11/01,0,171250,-56000,115250
2010/11/02,0,96000,-158000,-62000
2010/11/03,0,65000,-23800,41200
2010/11/04,0,69000,-28000,41000
2010/11/05,0,245000,-33000,212000
2010/11/08,0,270000,-167000,103000
2010/11/09,0,92000,-18000,74000
2010/11/10,0,80000,-1002000,-922000
2010/11/11,0,241000,-23000,218000
2010/11/12,0,40000,-139000,-99000
2010/11/15,0,13000,-44000,-31000
2010/11/16,0,337000,-146000,191000
2010/11/17,0,37000,-111000,-74000
2010/11/18,0,44000,-20000,24000
2010/11/19,0,135000,-37000,98000
2010/11/22,0,87000,-12501,74499
2010/11/23,0,228000,-152000,76000
2010/11/24,0,412000,-73200,338800
2010/11/25,0,667000,-20000,647000
2010/11/26,0,302000,-73000,229000
2010/11/29,0,51000,-569000,-518000
2010/11/30,0,2395000,-334000,2061000
2010/12/01,0,272000,-519000,-247000
2010/12/02,0,587000,-137000,450000
2010/12/03,0,361000,-55000,306000
2010/12/06,0,169000,-79000,90000
2010/12/07,0,922000,-269000,653000
2010/12/08,0,447000,-794000,-347000
2010/12/09,0,214000,-805000,-591000
2010/12/10,0,282000,-286000,-4000
2010/12/13,0,236000,-254000,-18000
2010/12/14,0,1081000,-451000,630000
2010/12/15,0,397000,-547000,-150000
2010/12/16,0,391000,-277000,114000
2010/12/17,0,922000,-564000,358000
2010/12/20,0,655000,-460000,195000
2010/12/21,0,523000,-592000,-69000
2010/12/22,0,106000,-421000,-315000
2010/12/23,0,594000,-447000,147000
2010/12/24,0,628000,-709000,-81000
2010/12/27,0,497000,-1032000,-535000
2010/12/28,0,23000,-235000,-212000
2010/12/29,0,202000,-323000,-121000
2010/12/30,0,89000,-225000,-136000
2010/12/31,0,309000,-365000,-56000
2011/01/03,0,461000,-85000,376000
2011/01/04,0,861000,-372000,489000
2011/01/05,0,675000,-234000,441000
2011/01/06,0,1330000,-289000,1041000
2011/01/07,0,350000,-478000,-128000
2011/01/10,0,171000,-1165000,-994000
2011/01/11,0,309000,-190000,119000
2011/01/12,0,655000,-457000,198000
2011/01/13,0,743000,-739000,4000
2011/01/14,0,48000,-787000,-739000
2011/01/17,0,77000,-271000,-194000
2011/01/18,0,169000,-127000,42000
2011/01/19,0,186000,-359000,-173000
2011/01/20,0,152000,-514000,-362000
2011/01/21,0,366000,-397000,-31000
2011/01/24,0,304000,-194000,110000
2011/01/25,0,218000,-310000,-92000
2011/01/26,0,1204000,-227000,977000
2011/01/27,0,417000,-532000,-115000
2011/01/28,0,182000,-449000,-267000
2011/01/31,0,0,0,0
2011/02/01,0,0,0,0
2011/02/02,0,0,0,0
2011/02/03,0,0,0,0
2011/02/04,0,0,0,0
2011/02/07,0,0,0,0
2011/02/08,0,70000,-720000,-650000
2011/02/09,0,180000,-190000,-10000
2011/02/10,0,96000,-197000,-101000
2011/02/11,0,32000,-625000,-593000
2011/02/14,0,34000,-92900,-58900
2011/02/15,0,187000,-90100,96900
2011/02/16,0,35000,-159000,-124000
2011/02/17,0,38000,-35000,3000
2011/02/18,0,152000,-197000,-45000
2011/02/21,0,196000,-16000,180000
2011/02/22,0,269000,-283000,-14000
2011/02/23,0,32000,-175000,-143000
2011/02/24,0,174000,-163000,11000
2011/02/25,0,121000,-247000,-126000
2011/02/28,0,0,0,0
2011/03/01,0,2120000,-410000,1710000
2011/03/02,0,2000,-1142000,-1140000
2011/03/03,0,21000,-207000,-186000
2011/03/04,0,18000,-64000,-46000
2011/03/07,0,72000,-310000,-238000
2011/03/08,0,153000,-159000,-6000
2011/03/09,0,95000,-287000,-192000
2011/03/10,0,89000,-363000,-274000
2011/03/11,0,1000,-51000,-50000
2011/03/14,0,137000,-871000,-734000
2011/03/15,0,126000,-655000,-529000
2011/03/16,0,76000,-201000,-125000
2011/03/17,0,8000,-74000,-66000
2011/03/18,0,73000,-25000,48000
2011/03/21,0,197000,-1000,196000
2011/03/22,0,61000,-3000,58000
2011/03/23,0,32000,-10000,22000
2011/03/24,0,129000,-2000,127000
2011/03/25,0,23000,-1000,22000
2011/03/28,0,7000,-203000,-196000
2011/03/29,0,40000,-15000,25000
2011/03/30,0,31000,-26000,5000
2011/03/31,0,106000,-26000,80000
2011/04/01,0,99000,0,99000
2011/04/04,0,0,0,0
2011/04/05,0,0,0,0
2011/04/06,0,996278,-32000,964278
2011/04/07,0,97000,-740000,-643000
2011/04/08,0,43500,-371000,-327500
2011/04/11,0,537200,-115000,422200
2011/04/12,0,46000,-73000,-27000
2011/04/13,0,81000,-27000,54000
2011/04/14,0,60000,-48192,11808
2011/04/15,0,174000,-80000,94000
2011/04/18,0,68000,-177800,-109800
2011/04/19,0,251000,-139100,111900
2011/04/20,0,201000,-72000,129000
2011/04/21,0,428200,-167000,261200
2011/04/22,0,157400,-166000,-8600
2011/04/25,0,93000,-92000,1000
2011/04/26,0,74000,-47000,27000
2011/04/27,0,39000,-27000,12000
2011/04/28,0,22000,-25000,-3000
2011/04/29,0,277000,-254300,22700
2011/05/02,0,0,0,0
2011/05/03,0,10000,-427450,-417450
2011/05/04,0,63000,-219000,-156000
2011/05/05,0,4000,-153000,-149000
2011/05/06,0,13000,-75000,-62000
2011/05/09,0,7000,-20110,-13110
2011/05/10,0,103000,-22000,81000
2011/05/11,0,5000,-286000,-281000
2011/05/12,0,0,-6000,-6000
2011/05/13,0,65000,-19000,46000
2011/05/16,0,19000,-17000,2000
2011/05/17,0,53000,-57000,-4000
2011/05/18,0,50000,-3000,47000
2011/05/19,0,0,-31140,-31140
2011/05/20,0,77000,-64000,13000
2011/05/23,0,102000,-70000,32000
2011/05/24,0,16000,-25447,-9447
2011/05/25,0,46000,-15000,31000
2011/05/26,0,114000,-6000,108000
2011/05/27,0,449000,-50000,399000
2011/05/30,0,56000,-165000,-109000
2011/05/31,0,713533,-15000,698533
2011/06/01,0,24000,-263000,-239000
2011/06/02,0,131000,-174000,-43000
2011/06/03,0,98000,-104000,-6000
2011/06/06,0,0,0,0
2011/06/07,0,31000,-201000,-170000
2011/06/08,0,127000,-112000,15000
2011/06/09,0,34000,-39000,-5000
2011/06/10,0,4000,-185000,-181000
2011/06/13,0,0,-291000,-291000
2011/06/14,0,32000,-32000,0
2011/06/15,0,136000,-48000,88000
2011/06/16,0,14000,-192000,-178000
2011/06/17,0,27000,-195000,-168000
2011/06/20,0,6000,-415000,-409000
2011/06/21,0,111000,0,111000
2011/06/22,0,16000,-419000,-403000
2011/06/23,0,1000,-53000,-52000
2011/06/24,0,21000,-12000,9000
2011/06/27,0,0,-29000,-29000
2011/06/28,0,9000,-73000,-64000
2011/06/29,0,35000,-24000,11000
2011/06/30,0,2000,-27000,-25000
2011/07/01,0,75000,0,75000
2011/07/04,0,18000,-11000,7000
2011/07/05,0,0,-42909,-42909
2011/07/06,0,475000,-38000,437000
2011/07/07,0,182000,-112000,70000
2011/07/08,0,12000,-201000,-189000
2011/07/11,0,0,-36000,-36000
2011/07/12,0,20000,-61000,-41000
2011/07/13,0,5000,-72000,-67000
2011/07/14,0,2000,-18000,-16000
2011/07/15,0,85000,-6000,79000
2011/07/18,0,0,-41000,-41000
2011/07/19,0,5000,0,5000
2011/07/20,0,132000,-15000,117000
2011/07/21,0,171000,-39000,132000
2011/07/22,0,79000,-67000,12000
2011/07/25,0,84000,0,84000
2011/07/26,0,53000,-15000,38000
2011/07/27,0,344000,-838,343162
2011/07/28,0,218000,-23000,195000
2011/07/29,0,200000,-2000,198000
2011/08/01,0,103000,-53000,50000
2011/08/02,0,177000,-101000,76000
2011/08/03,0,66000,-130000,-64000
2011/08/04,0,41000,-101000,-60000
2011/08/05,0,15000,-432000,-417000
2011/08/08,0,10000,-434000,-424000
2011/08/09,0,40000,-362000,-322000
2011/08/10,0,236000,-61000,175000
2011/08/11,0,429000,-121000,308000
2011/08/12,0,176000,-189000,-13000
2011/08/15,0,223000,-32000,191000
2011/08/16,0,204000,-91000,113000
2011/08/17,0,169000,-65000,104000
2011/08/18,0,140000,-168000,-28000
2011/08/19,0,5000,-375000,-370000
2011/08/22,0,93000,-393000,-300000
2011/08/23,0,316000,-6000,310000
2011/08/24,0,33000,-137000,-104000
2011/08/25,0,39000,-121000,-82000
2011/08/26,0,235000,-67000,168000
2011/08/29,0,132000,-4000,128000
2011/08/30,0,470000,-40000,430000
2011/08/31,0,94000,-109000,-15000
2011/09/01,0,146000,-121000,25000
2011/09/02,0,46000,-82000,-36000
2011/09/05,0,19000,-174000,-155000
2011/09/06,0,23000,-76000,-53000
2011/09/07,0,133000,-70000,63000
2011/09/08,0,186000,-82000,104000
2011/09/09,0,53000,-8211,44789
2011/09/12,0,0,0,0
2011/09/13,0,0,-164000,-164000
2011/09/14,0,138000,-322000,-184000
2011/09/15,0,248000,0,248000
2011/09/16,0,308000,0,308000
2011/09/19,0,88000,-20000,68000
2011/09/20,0,160000,-10000,150000
2011/09/21,0,176000,0,176000
2011/09/22,0,38000,-205000,-167000
2011/09/23,0,189000,-662000,-473000
2011/09/26,0,57000,-370000,-313000
2011/09/27,0,205000,-16000,189000
2011/09/28,0,84000,-103000,-19000
2011/09/29,0,24000,-24000,0
2011/09/30,0,178000,-4000,174000
2011/10/03,0,0,-30000,-30000
2011/10/04,0,188000,-53000,135000
2011/10/05,0,132000,-97000,35000
2011/10/06,0,10000,-131000,-121000
2011/10/07,0,254000,-80000,174000
2011/10/10,0,0,0,0
2011/10/11,0,63000,-84000,-21000
2011/10/12,0,31000,-149000,-118000
2011/10/13,0,41000,-39000,2000
2011/10/14,0,9000,-74000,-65000
2011/10/17,0,72000,-86000,-14000
2011/10/18,0,13040,-24000,-10960
2011/10/19,0,11000,-239000,-228000
2011/10/20,0,1000,-5000,-4000
2011/10/21,0,46000,-8000,38000
2011/10/24,0,88000,0,88000
2011/10/25,0,15000,-5000,10000
2011/10/26,0,6000,-49000,-43000
2011/10/27,0,20000,-80000,-60000
2011/10/28,0,50000,-230000,-180000
2011/10/31,0,36000,-12000,24000
2011/11/01,0,101000,-35000,66000
2011/11/02,0,20000,-38000,-18000
2011/11/03,0,0,-135000,-135000
2011/11/04,0,46000,-25000,21000
2011/11/07,0,0,0,0
2011/11/08,0,42000,-71000,-29000
2011/11/09,0,10000,-43000,-33000
2011/11/10,0,0,-357000,-357000
2011/11/11,0,0,-11000,-11000
2011/11/14,0,69000,0,69000
2011/11/15,0,22000,-160000,-138000
2011/11/16,0,18000,-105000,-87000
2011/11/17,0,21000,-49000,-28000
2011/11/18,0,10000,-23000,-13000
2011/11/21,0,20000,-319000,-299000
2011/11/22,0,3000,-19000,-16000
2011/11/23,0,5000,-51000,-46000
2011/11/24,0,3000,-31000,-28000
2011/11/25,0,0,-4000,-4000
2011/11/28,0,6000,-10000,-4000
2011/11/29,0,15000,-4000,11000
2011/11/30,0,0,-19000,-19000
2011/12/01,0,50000,0,50000
2011/12/02,0,1000,-17000,-16000
2011/12/05,0,1882,-19000,-17118
2011/12/06,0,0,-22000,-22000
2011/12/07,0,0,-1000,-1000
2011/12/08,0,24000,0,24000
2011/12/09,0,101000,-34000,67000
2011/12/12,0,30000,-53000,-23000
2011/12/13,0,24000,-4000,20000
2011/12/14,0,8000,0,8000
2011/12/15,0,3000,-6000,-3000
2011/12/16,0,0,-14000,-14000
2011/12/19,0,7000,0,7000
2011/12/20,0,0,0,0
2011/12/21,0,5000,0,5000
2011/12/22,0,0,-1000,-1000
2011/12/23,0,0,-70000,-70000
2011/12/26,0,0,0,0
2011/12/27,0,0,-3000,-3000
2011/12/28,0,5000,0,5000
2011/12/29,0,0,0,0
2011/12/30,0,0,0,0
2012/01/02,0,0,-30000,-30000
2012/01/03,0,0,0,0
2012/01/04,0,0,0,0
2012/01/05,0,0,0,0
2012/01/06,0,0,0,0
2012/01/09,0,50000,0,50000
2012/01/10,0,25000,0,25000
2012/01/11,0,15000,0,15000
2012/01/12,0,30000,0,30000
2012/01/13,0,0,0,0
2012/01/16,0,0,-15000,-15000
2012/01/17,0,0,0,0
2012/01/18,0,0,-30000,-30000
2012/01/19,0,0,0,0
2012/01/20,0,0,0,0
2012/01/23,0,0,0,0
2012/01/24,0,0,0,0
2012/01/25,0,0,0,0
2012/01/26,0,0,0,0
2012/01/27,0,0,0,0
2012/01/30,0,0,0,0
2012/01/31,0,3000,0,3000
2012/02/01,0,100000,0,100000
2012/02/02,0,80000,-759,79241
2012/02/03,0,0,-3000,-3000
2012/02/06,0,0,-105000,-105000
2012/02/07,0,0,-40000,-40000
2012/02/08,0,5000,-30000,-25000
2012/02/09,0,30000,-1000,29000
2012/02/10,0,45000,0,45000
2012/02/13,0,156000,0,156000
2012/02/14,0,2000,-101000,-99000
2012/02/15,0,0,-151000,-151000
2012/02/16,0,607000,0,607000
2012/02/17,0,493000,0,493000
2012/02/20,0,25000,-50000,-25000
2012/02/21,0,0,-266000,-266000
2012/02/22,0,115000,0,115000
2012/02/23,0,0,-1000,-1000
2012/02/24,0,0,-251000,-251000
2012/02/27,0,0,0,0
2012/02/28,0,0,0,0
2012/02/29,0,0,-75000,-75000
2012/03/01,0,4000,-50000,-46000
2012/03/02,0,0,-7000,-7000
2012/03/05,0,50000,-11000,39000
2012/03/06,0,10000,-1700000,-1690000
2012/03/07,0,0,-34000,-34000
2012/03/08,0,2000,-16000,-14000
2012/03/09,0,0,-8000,-8000
2012/03/12,0,0,-1000,-1000
2012/03/13,0,9000,0,9000
2012/03/14,0,20000,0,20000
2012/03/15,0,0,0,0
2012/03/16,0,11000,0,11000
2012/03/19,0,0,-4000,-4000
2012/03/20,0,0,0,0
2012/03/21,0,0,-11000,-11000
2012/03/22,0,0,0,0
2012/03/23,0,1000,0,1000
2012/03/26,0,0,-1000,-1000
2012/03/27,0,0,-3000,-3000
2012/03/28,0,0,-2000,-2000
2012/03/29,0,0,-18,-18
2012/03/30,0,0,0,0
2012/04/02,0,0,-6000,-6000
2012/04/03,0,16000,0,16000
2012/04/04,0,0,0,0
2012/04/05,0,10000,-4000,6000
2012/04/06,0,0,-12000,-12000
2012/04/09,0,0,-4000,-4000
2012/04/10,0,0,0,0
2012/04/11,0,10000,0,10000
2012/04/12,0,8000,0,8000
2012/04/13,0,8000,0,8000
2012/04/16,0,0,-7000,-7000
2012/04/17,0,2000,-1000,1000
2012/04/18,0,0,0,0
2012/04/19,0,0,0,0
2012/04/20,0,17000,-2000,15000
2012/04/23,0,19000,0,19000
2012/04/24,0,1000,-5000,-4000
2012/04/25,0,30000,-3000,27000
2012/04/26,0,0,-13000,-13000
2012/04/27,0,20000,-16000,4000
2012/04/30,0,0,0,0
2012/05/01,0,0,0,0
2012/05/02,0,10000,-19000,-9000
2012/05/03,0,0,-5000,-5000
2012/05/04,0,0,-2000,-2000
2012/05/07,0,0,0,0
2012/05/08,0,0,-1494,-1494
2012/05/09,0,0,-12000,-12000
2012/05/10,0,36000,-22000,14000
2012/05/11,0,13000,-2000,11000
2012/05/14,0,7000,0,7000
2012/05/15,0,0,0,0
2012/05/16,0,121000,-4000,117000
2012/05/17,0,119000,-127000,-8000
2012/05/18,0,44000,-40000,4000
2012/05/21,0,62000,-97000,-35000
2012/05/22,0,91000,-21000,70000
2012/05/23,0,49000,-103000,-54000
2012/05/24,0,57000,-4000,53000
2012/05/25,0,11000,-43000,-32000
2012/05/28,0,297000,-58000,239000
2012/05/29,0,79000,-252000,-173000
2012/05/30,0,5000,-2000,3000
2012/05/31,0,30000,-52000,-22000
2012/06/01,0,52000,-46000,6000
2012/06/04,0,0,-66000,-66000
2012/06/05,0,58000,-48000,10000
2012/06/06,0,1285000,-46000,1239000
2012/06/07,0,62000,-1093000,-1031000
2012/06/08,0,23000,-44888,-21888
2012/06/11,0,36000,-35000,1000
2012/06/12,0,2000,-44000,-42000
2012/06/13,0,31000,-19000,12000
2012/06/14,0,43000,-86000,-43000
2012/06/15,0,92000,-130000,-38000
2012/06/18,0,102000,-101000,1000
2012/06/19,0,26000,0,26000
2012/06/20,0,23000,0,23000
2012/06/21,0,36000,-40000,-4000
2012/06/22,0,0,-59000,-59000
2012/06/25,0,20000,-9000,11000
2012/06/26,0,15000,-12000,3000
2012/06/27,0,1000,-10000,-9000
2012/06/28,0,0,-26000,-26000
2012/06/29,0,68000,-3000,65000
2012/07/02,0,75000,-42000,33000
2012/07/03,0,56000,-52000,4000
2012/07/04,0,644000,-16000,628000
2012/07/05,0,48000,-419000,-371000
2012/07/06,0,38000,-111000,-73000
2012/07/09,0,808000,-209000,599000
2012/07/10,0,24000,-710000,-686000
2012/07/11,0,5000,-20000,-15000
2012/07/12,0,717000,-29000,688000
2012/07/13,0,186000,-696000,-510000
2012/07/16,0,26000,-30000,-4000
2012/07/17,0,67000,-132000,-65000
2012/07/18,0,239000,-58000,181000
2012/07/19,0,6000,-399000,-393000
2012/07/20,0,1000,-55000,-54000
2012/07/23,0,0,-27000,-27000
2012/07/24,0,33000,-40000,-7000
2012/07/25,0,0,-24000,-24000
2012/07/26,0,0,-11000,-11000
2012/07/27,0,6000,-23000,-17000
2012/07/30,0,4000,0,4000
2012/07/31,0,36000,-10000,26000
2012/08/01,0,24000,-79000,-55000
2012/08/02,0,0,0,0
2012/08/03,0,0,-1000,-1000
2012/08/06,0,0,-10000,-10000
2012/08/07,0,5000,0,5000
2012/08/08,0,71000,0,71000
2012/08/09,0,6000,-73000,-67000
2012/08/10,0,0,-5000,-5000
2012/08/13,0,0,0,0
2012/08/14,0,2000,0,2000
2012/08/15,0,1000,0,1000
2012/08/16,0,5000,0,5000
2012/08/17,0,3000,-29000,-26000
2012/08/20,0,270000,-14000,256000
2012/08/21,0,136000,-260000,-124000
2012/08/22,0,0,-85000,-85000
2012/08/23,0,19000,-15000,4000
2012/08/24,0,0,-20000,-20000
2012/08/27,0,1000,-3000,-2000
2012/08/28,0,1000,-3000,-2000
2012/08/29,0,2000,0,2000
2012/08/30,0,6000,-16000,-10000
2012/08/31,0,72000,-145000,-73000
2012/09/03,0,57000,-37000,20000
2012/09/04,0,0,-40000,-40000
2012/09/05,0,16000,-2000,14000
2012/09/06,0,63000,-10000,53000
2012/09/07,0,19000,-77000,-58000
2012/09/10,0,72000,-18000,54000
2012/09/11,0,96000,-25000,71000
2012/09/12,0,23000,-31000,-8000
2012/09/13,0,66000,-5000,61000
2012/09/14,0,22000,-18000,4000
2012/09/17,0,107000,-1000,106000
2012/09/18,0,34000,-31000,3000
2012/09/19,0,38000,-64000,-26000
2012/09/20,0,32000,-62000,-30000
2012/09/21,0,151000,-27000,124000
2012/09/24,0,9000,-19000,-10000
2012/09/25,0,30000,-31000,-1000
2012/09/26,0,89000,-94000,-5000
2012/09/27,0,35000,-6000,29000
2012/09/28,0,10000,0,10000
2012/10/01,0,30000,-50000,-20000
2012/10/02,0,226000,-48000,178000
2012/10/03,0,11000,-113000,-102000
2012/10/04,0,68000,-10000,58000
2012/10/05,0,20000,-68000,-48000
2012/10/08,0,20000,-102000,-82000
2012/10/09,0,36000,-59000,-23000
2012/10/10,0,0,0,0
2012/10/11,0,58000,-54000,4000
2012/10/12,0,1000,-46000,-45000
2012/10/15,0,31000,-53000,-22000
2012/10/16,0,8000,-1000,7000
2012/10/17,0,210000,-9000,201000
2012/10/18,0,7000,-11000,-4000
2012/10/19,0,1000,-171000,-170000
2012/10/22,0,0,-24000,-24000
2012/10/23,0,1000,-54000,-53000
2012/10/24,0,1000,-4000,-3000
2012/10/25,0,2000,-20000,-18000
2012/10/26,0,1000,-97000,-96000
2012/10/29,0,52000,-28000,24000
2012/10/30,0,18000,-60000,-42000
2012/10/31,0,2000,-13000,-11000
2012/11/01,0,88000,-3000,85000
2012/11/02,0,37000,-9000,28000
2012/11/05,0,76000,-81000,-5000
2012/11/06,0,33000,0,33000
2012/11/07,0,26000,-46000,-20000
2012/11/08,0,0,-23000,-23000
2012/11/09,0,1000,-11000,-10000
2012/11/12,0,5000,-8000,-3000
2012/11/13,0,5000,-16000,-11000
2012/11/14,0,5000,-12093,-7093
2012/11/15,0,12000,-4000,8000
2012/11/16,0,0,-11000,-11000
2012/11/19,0,3000,-45000,-42000
2012/11/20,0,0,-22000,-22000
2012/11/21,0,0,-34000,-34000
2012/11/22,0,0,-4000,-4000
2012/11/23,0,6000,-24000,-18000
2012/11/26,0,0,-2000,-2000
2012/11/27,0,0,-1000,-1000
2012/11/28,0,3000,0,3000
2012/11/29,0,13000,0,13000
2012/11/30,0,7000,-20000,-13000
2012/12/03,0,21000,-15000,6000
2012/12/04,0,91000,0,91000
2012/12/05,0,14000,-84000,-70000
2012/12/06,0,0,-12000,-12000
2012/12/07,0,0,-1000,-1000
2012/12/10,0,0,-5000,-5000
2012/12/11,0,3000,-4000,-1000
2012/12/12,0,5000,0,5000
2012/12/13,0,2000,0,2000
2012/12/14,0,3000,0,3000
2012/12/17,0,0,-1000,-1000
2012/12/18,0,1000,0,1000
2012/12/19,0,10000,0,10000
2012/12/20,0,0,0,0
2012/12/21,0,0,-22000,-22000
2012/12/24,0,4000,0,4000
2012/12/25,0,5000,0,5000
2012/12/26,0,0,0,0
2012/12/27,0,0,0,0
2012/12/28,0,2000,-9000,-7000
2012/12/31,0,0,0,0
2013/01/01,0,0,0,0
2013/01/02,0,0,0,0
2013/01/03,0,1000,0,1000
2013/01/04,0,0,-7000,-7000
2013/01/07,0,0,-10000,-10000
2013/01/08,0,0,-10000,-10000
2013/01/09,0,2000,-6000,-4000
2013/01/10,0,5000,-1000,4000
2013/01/11,0,0,0,0
2013/01/14,0,0,-1000,-1000
2013/01/15,0,0,-1000,-1000
2013/01/16,0,51000,-7000,44000
2013/01/17,0,0,-6000,-6000
2013/01/18,0,0,0,0
2013/01/21,0,0,-3000,-3000
2013/01/22,0,0,-6000,-6000
2013/01/23,0,0,0,0
2013/01/24,0,0,-4000,-4000
2013/01/25,0,0,-5000,-5000
2013/01/28,0,0,0,0
2013/01/29,0,5000,0,5000
2013/01/30,0,12000,0,12000
2013/01/31,0,0,0,0
2013/02/01,0,0,0,0
2013/02/04,0,1000,0,1000
2013/02/05,0,0,0,0
2013/02/06,0,0,0,0
2013/02/07,0,0,0,0
2013/02/08,0,0,0,0
2013/02/11,0,0,0,0
2013/02/12,0,0,0,0
2013/02/13,0,0,0,0
2013/02/14,0,0,0,0
2013/02/15,0,0,0,0
2013/02/18,0,1000,0,1000
2013/02/19,0,1000,-179,821
2013/02/20,0,0,-51000,-51000
2013/02/21,0,0,0,0
2013/02/22,0,0,0,0
2013/02/25,0,0,0,0
2013/02/26,0,0,0,0
2013/02/27,0,0,0,0
2013/02/28,0,0,0,0
2013/03/01,0,10000,0,10000
2013/03/04,0,0,0,0
2013/03/05,0,70000,0,70000
2013/03/06,0,8000,-48000,-40000
2013/03/07,0,40000,-18000,22000
2013/03/08,0,42000,0,42000
2013/03/11,0,8000,0,8000
2013/03/12,0,10000,0,10000
2013/03/13,0,0,0,0
2013/03/14,0,21000,0,21000
2013/03/15,0,0,0,0
2013/03/18,0,0,0,0
2013/03/19,0,0,-100000,-100000
2013/03/20,0,0,0,0
2013/03/21,0,0,0,0
2013/03/22,0,0,0,0
2013/03/25,0,0,-21000,-21000
2013/03/26,0,0,0,0
2013/03/27,0,11000,0,11000
2013/03/28,0,0,0,0
2013/03/29,0,1000,0,1000
2013/04/01,0,0,0,0
2013/04/02,0,18000,0,18000
2013/04/03,0,0,0,0
2013/04/04,0,0,0,0
2013/04/05,0,0,0,0
2013/04/08,0,2000,0,2000
2013/04/09,0,0,0,0
2013/04/10,0,0,0,0
2013/04/11,0,0,0,0
2013/04/12,0,0,0,0
2013/04/15,0,0,0,0
2013/04/16,0,0,0,0
2013/04/17,0,0,-53000,-53000
2013/04/18,0,10000,0,10000
2013/04/19,0,0,0,0
2013/04/22,0,0,0,0
2013/04/23,0,0,0,0
2013/04/24,0,0,-13000,-13000
2013/04/25,0,0,0,0
2013/04/26,0,0,-1000,-1000
2013/04/29,0,7000,0,7000
2013/04/30,0,5000,-3000,2000
2013/05/01,0,0,0,0
2013/05/02,0,0,0,0
2013/05/03,0,0,0,0
2013/05/06,0,20000,0,20000
2013/05/07,0,0,0,0
2013/05/08,0,0,0,0
2013/05/09,0,0,0,0
2013/05/10,0,10000,0,10000
2013/05/13,0,0,0,0
2013/05/14,0,3000,-30000,-27000
2013/05/15,0,11000,-20000,-9000
2013/05/16,0,7000,-16000,-9000
2013/05/17,0,5000,0,5000
2013/05/20,0,0,0,0
2013/05/21,0,2000,0,2000
2013/05/22,0,0,0,0
2013/05/23,0,0,-7000,-7000
2013/05/24,0,0,0,0
2013/05/27,0,0,-1000,-1000
2013/05/28,0,350000,0,350000
2013/05/29,0,0,0,0
2013/05/30,0,21000,-4000,17000
2013/05/31,0,1000,0,1000
2013/06/03,0,0,0,0
2013/06/04,0,20000,0,20000
2013/06/05,0,0,0,0
2013/06/06,0,110000,-7000,103000
2013/06/07,0,46000,-354000,-308000
2013/06/10,0,6000,0,6000
2013/06/11,0,0,-161000,-161000
2013/06/12,0,0,0,0
2013/06/13,0,0,0,0
2013/06/14,0,1000,0,1000
2013/06/17,0,0,0,0
2013/06/18,0,0,-4000,-4000
2013/06/19,0,0,0,0
2013/06/20,0,0,-20000,-20000
2013/06/21,0,16000,0,16000
2013/06/24,0,0,-1000,-1000
2013/06/25,0,13000,0,13000
2013/06/26,0,1000,-6000,-5000
2013/06/27,0,0,-5000,-5000
2013/06/28,0,0,-34000,-34000
2013/07/01,0,25000,-6000,19000
2013/07/02,0,0,-2000,-2000
2013/07/03,0,1000,-1000,0
2013/07/04,0,19000,-1000,18000
2013/07/05,0,36000,0,36000
2013/07/08,0,0,-3000,-3000
2013/07/09,0,0,0,0
2013/07/10,0,3000,0,3000
2013/07/11,0,2000,0,2000
2013/07/12,0,1000,-4000,-3000
2013/07/15,0,0,-3000,-3000
2013/07/16,0,3000,0,3000
2013/07/17,0,17000,-23000,-6000
2013/07/18,0,12000,0,12000
2013/07/19,0,9000,0,9000
2013/07/22,0,0,-28000,-28000
2013/07/23,0,12000,0,12000
2013/07/24,0,311000,-1000,310000
2013/07/25,0,42000,0,42000
2013/07/26,0,0,0,0
2013/07/29,0,1000,0,1000
2013/07/30,0,0,0,0
2013/07/31,0,250000,0,250000
2013/08/01,0,130000,0,130000
2013/08/02,0,75000,0,75000
2013/08/05,0,157000,-125000,32000
2013/08/06,0,320000,-3000,317000
2013/08/07,0,65000,-179000,-114000
2013/08/08,0,395000,-20000,375000
2013/08/09,0,148000,-2000,146000
2013/08/12,0,186000,-75619,110381
2013/08/13,0,414000,-848000,-434000
2013/08/14,0,0,-365000,-365000
2013/08/15,0,200000,-10000,190000
2013/08/16,0,0,-45000,-45000
2013/08/19,0,2000,-7000,-5000
2013/08/20,0,10000,-403000,-393000
2013/08/21,0,0,0,0
2013/08/22,0,201000,-56000,145000
2013/08/23,0,41000,0,41000
2013/08/26,0,26000,-14000,12000
2013/08/27,0,0,-16000,-16000
2013/08/28,0,2000,0,2000
2013/08/29,0,2000,0,2000
2013/08/30,0,70000,-2000,68000
2013/09/02,0,0,-2000,-2000
2013/09/03,0,0,0,0
2013/09/04,0,54000,-2000,52000
2013/09/05,0,0,0,0
2013/09/06,0,14000,0,14000
2013/09/09,0,454000,-12000,442000
2013/09/10,0,350000,0,350000
2013/09/11,0,1000,-486000,-485000
2013/09/12,0,0,-356000,-356000
2013/09/13,0,9000,0,9000
2013/09/16,0,0,0,0
2013/09/17,0,1000,-12000,-11000
2013/09/18,0,0,-110000,-110000
2013/09/19,0,0,0,0
2013/09/20,0,0,0,0
2013/09/23,0,0,0,0
2013/09/24,0,0,-10000,-10000
2013/09/25,0,0,-4000,-4000
2013/09/26,0,0,0,0
2013/09/27,0,0,-1000,-1000
2013/09/30,0,0,0,0
2013/10/01,0,0,0,0
2013/10/02,0,427000,-4000,423000
2013/10/03,0,213000,0,213000
2013/10/04,0,268000,-24000,244000
2013/10/07,0,15000,-19000,-4000
2013/10/08,0,828000,-855000,-27000
2013/10/09,0,360000,0,360000
2013/10/10,0,0,0,0
2013/10/11,0,405000,-301000,104000
2013/10/14,0,93000,-270000,-177000
2013/10/15,0,15000,-176000,-161000
2013/10/16,0,47000,-6000,41000
2013/10/17,0,64000,-45000,19000
2013/10/18,0,5000,-575000,-570000
2013/10/21,0,60000,-30000,30000
2013/10/22,0,70000,-150000,-80000
2013/10/23,0,548000,0,548000
2013/10/24,0,151000,-1318000,-1167000
2013/10/25,0,0,-56000,-56000
2013/10/28,0,0,-4000,-4000
2013/10/29,0,0,-2000,-2000
2013/10/30,0,56000,-60000,-4000
2013/10/31,0,82000,-14000,68000
2013/11/01,0,26000,-75000,-49000
2013/11/04,0,56000,-40000,16000
2013/11/05,0,50000,-51000,-1000
2013/11/06,0,216000,-88000,128000
2013/11/07,0,65000,-40000,25000
2013/11/08,0,0,-40000,-40000
2013/11/11,0,98000,-20000,78000
2013/11/12,0,61000,-57000,4000
2013/11/13,0,273000,-163000,110000
2013/11/14,0,285000,-333000,-48000
2013/11/15,0,5000,-115000,-110000
2013/11/18,0,1937000,-27000,1910000
2013/11/19,0,209000,-1138000,-929000
2013/11/20,0,1016000,-720000,296000
2013/11/21,0,0,-697000,-697000
2013/11/22,0,37000,-492000,-455000
2013/11/25,0,243000,-56000,187000
2013/11/26,0,40000,-61000,-21000
2013/11/27,0,414000,-267000,147000
2013/11/28,0,461000,-431000,30000
2013/11/29,0,45000,-499000,-454000
2013/12/02,0,10000,-66000,-56000
2013/12/03,0,1557000,-146000,1411000
2013/12/04,0,291000,-1071000,-780000
2013/12/05,0,251000,-215000,36000
2013/12/06,0,847000,-150000,697000
2013/12/09,0,366000,-666000,-300000
2013/12/10,0,1314000,-354000,960000
2013/12/11,0,209000,-475000,-266000
2013/12/12,0,202000,-874000,-672000
2013/12/13,0,64000,-295000,-231000
2013/12/16,0,219000,-169000,50000
2013/12/17,0,124000,-266000,-142000
2013/12/18,0,298000,-86000,212000
2013/12/19,0,78000,-337000,-259000
2013/12/20,0,933000,-55000,878000
2013/12/23,0,505000,-723000,-218000
2013/12/24,0,307000,-473000,-166000
2013/12/25,0,222000,-171000,51000
2013/12/26,0,442000,-23000,419000
2013/12/27,0,299000,-90000,209000
2013/12/30,0,622000,-426000,196000
2013/12/31,0,594000,-263000,331000
2014/01/02,0,685000,-328000,357000
2014/01/03,0,237000,-371000,-134000
2014/01/06,0,190000,-119000,71000
2014/01/07,0,334000,-29000,305000
2014/01/08,0,44000,-61000,-17000
2014/01/09,0,74000,-909000,-835000
2014/01/10,0,111000,-463000,-352000
2014/01/13,0,71000,-179000,-108000
2014/01/14,0,1000,-94000,-93000
2014/01/15,0,621000,-47000,574000
2014/01/16,0,1042000,-691000,351000
2014/01/17,0,66000,-880000,-814000
2014/01/20,0,3000,-545000,-542000
2014/01/21,0,3870000,-173000,3697000
2014/01/22,0,1016000,-1815000,-799000
2014/01/23,0,855000,-748000,107000
2014/01/24,0,221000,-167000,54000
2014/01/27,0,919000,-994000,-75000
2014/02/05,0,1083000,-447000,636000
2014/02/06,0,1661000,-1526000,135000
2014/02/07,0,94000,-235000,-141000
2014/02/10,0,548000,-302000,246000
2014/02/11,0,309000,-565000,-256000
2014/02/12,0,54000,-315000,-261000
2014/02/13,0,284000,-934000,-650000
2014/02/14,0,0,-116000,-116000
2014/02/17,0,1477000,-752000,725000
2014/02/18,0,545000,-571000,-26000
2014/02/19,0,719000,-238000,481000
2014/02/20,0,615000,-1866000,-1251000
2014/02/21,0,65000,-769000,-704000
2014/02/24,0,498000,-415000,83000
2014/02/25,0,656000,-542000,114000
2014/02/26,0,175000,-303000,-128000
2014/02/27,0,191000,-67000,124000
2014/03/03,0,912000,-563000,349000
2014/03/04,0,55000,-250000,-195000
2014/03/05,0,574000,-51000,523000
2014/03/06,0,199000,-811000,-612000
2014/03/07,0,27000,-1072000,-1045000
2014/03/10,0,147000,-79000,68000
2014/03/11,0,23000,-121000,-98000
2014/03/12,0,115000,-142000,-27000
2014/03/13,0,408000,-279000,129000
2014/03/14,0,840000,-44000,796000
2014/03/17,0,657000,-82000,575000
2014/03/18,0,1188000,-356000,832000
2014/03/19,0,254000,-1042000,-788000
2014/03/20,0,235000,-125000,110000
2014/03/21,0,531000,-134000,397000
2014/03/24,0,94000,-552000,-458000
2014/03/25,0,166000,-125000,41000
2014/03/26,0,257000,-66000,191000
2014/03/27,0,3637000,-224000,3413000
2014/03/28,0,123000,-2899000,-2776000
2014/03/31,0,164000,-470000,-306000
2014/04/01,0,781000,-262000,519000
2014/04/02,0,50000,-738000,-688000
2014/04/03,0,19000,-466000,-447000
2014/04/07,0,23000,-45000,-22000
2014/04/08,0,95000,-4000,91000
2014/04/09,0,609000,-91000,518000
2014/04/10,0,38000,-411000,-373000
2014/04/11,0,46000,-454000,-408000
2014/04/14,0,851000,-130000,721000
2014/04/15,0,595000,-32000,563000
2014/04/16,0,2038000,-375000,1663000
2014/04/17,0,169000,-1037000,-868000
2014/04/18,0,186000,-225000,-39000
2014/04/21,0,500000,-252000,248000
2014/04/22,0,2574000,-205000,2369000
2014/04/23,0,240000,-1476000,-1236000
2014/04/24,0,1211000,-263000,948000
2014/04/25,0,1040000,-521000,519000
2014/04/28,0,1304000,-265000,1039000
2014/04/29,0,1300000,-784000,516000
2014/04/30,0,1090000,-254000,836000
2014/05/02,0,488000,-441000,47000
2014/05/05,0,2329000,-377000,1952000
2014/05/06,0,1158000,-1132000,26000
2014/05/07,0,444000,-618541,-174541
2014/05/08,0,1271000,-940000,331000
2014/05/09,0,1386000,-612000,774000
2014/05/12,0,462000,-244000,218000
2014/05/13,0,1445000,-329000,1116000
2014/05/14,0,961000,-3483000,-2522000
2014/05/15,0,1064000,-1476000,-412000
2014/05/16,0,919000,-1321000,-402000
2014/05/19,0,1184000,-2151000,-967000
2014/05/20,0,511000,-768000,-257000
2014/05/21,0,939000,-891000,48000
2014/05/22,0,2509000,-1354000,1155000
2014/05/23,0,394000,-1797000,-1403000
2014/05/26,0,1179000,-413000,766000
2014/05/27,0,204000,-1191000,-987000
2014/05/28,0,525000,-714000,-189000
2014/05/29,0,222000,-569000,-347000
2014/05/30,0,581000,-149000,432000
2014/06/03,0,319000,-998000,-679000
2014/06/04,0,1100000,-684000,416000
2014/06/05,0,574000,-979000,-405000
2014/06/06,0,365000,-915000,-550000
2014/06/09,0,966000,-284000,682000
2014/06/10,0,130000,-728000,-598000
2014/06/11,0,936000,-753000,183000
2014/06/12,0,338000,-586000,-248000
2014/06/13,0,337000,-379000,-42000
2014/06/16,0,1342000,-285000,1057000
2014/06/17,0,259000,-645000,-386000
2014/06/18,0,192000,-1363000,-1171000
2014/06/19,0,1440000,-200000,1240000
2014/06/20,0,456000,-654000,-198000
2014/06/23,0,115000,-1119000,-1004000
2014/06/24,0,2123000,-208000,1915000
2014/06/25,0,509000,-558000,-49000
2014/06/26,0,210000,-295000,-85000
2014/06/27,0,43000,-304000,-261000
2014/06/30,0,372000,-57000,315000
2014/07/01,0,107000,-127000,-20000
2014/07/02,0,1083000,-1189000,-106000
2014/07/03,0,90000,-495000,-405000
2014/07/04,0,279000,-544000,-265000
2014/07/07,0,3060000,-759000,2301000
2014/07/08,0,378000,-2561000,-2183000
2014/07/09,0,1447000,-1204000,243000
2014/07/10,0,236000,-896000,-660000
2014/07/11,0,372000,-1551000,-1179000
2014/07/14,0,61000,-179000,-118000
2014/07/15,0,334000,-158000,176000
2014/07/16,0,231000,-1045000,-814000
2014/07/17,0,754000,-195000,559000
2014/07/18,0,132000,-959000,-827000
2014/07/21,0,397000,-77000,320000
2014/07/22,0,1756000,-427000,1329000
2014/07/23,0,0,0,0
2014/07/24,0,858000,-712000,146000
2014/07/25,0,152000,-693000,-541000
2014/07/28,0,196000,-192000,4000
2014/07/29,0,1396000,-2036000,-640000
2014/07/30,0,731000,-859000,-128000
2014/07/31,0,1097000,-864000,233000
2014/08/01,0,801000,-977000,-176000
2014/08/04,0,326000,-370000,-44000
2014/08/05,0,263000,-371000,-108000
2014/08/06,0,253000,-1789000,-1536000
2014/08/07,0,357000,-1319000,-962000
2014/08/08,0,1417000,-679000,738000
2014/08/11,0,2270000,-340000,1930000
2014/08/12,0,1188000,-335000,853000
2014/08/13,0,1002000,-764000,238000
2014/08/14,0,703000,-1983000,-1280000
2014/08/15,0,458000,-681000,-223000
2014/08/18,0,410000,-468000,-58000
2014/08/19,0,1592000,-708000,884000
2014/08/20,0,568000,-618000,-50000
2014/08/21,0,489000,-1237000,-748000
2014/08/22,0,1483000,-526000,957000
2014/08/25,0,250000,-581000,-331000
2014/08/26,0,1068000,-83000,985000
2014/08/27,0,112000,-116000,-4000
2014/08/28,0,249000,-699000,-450000
2014/08/29,0,180000,-478000,-298000
2014/09/01,0,109000,-73000,36000
2014/09/02,0,2107000,-573000,1534000
2014/09/03,0,210000,-867000,-657000
2014/09/04,0,955000,-830000,125000
2014/09/05,0,798000,-606000,192000
2014/09/09,0,244000,-257000,-13000
2014/09/10,0,132000,-385000,-253000
2014/09/11,0,121000,-191000,-70000
2014/09/12,0,237000,-1658000,-1421000
2014/09/15,0,617000,-2051000,-1434000
2014/09/16,0,140000,-464000,-324000
2014/09/17,0,292000,-1206000,-914000
2014/09/18,0,452000,-222000,230000
2014/09/19,0,1854000,-526107,1327893
2014/09/22,0,235000,-358000,-123000
2014/09/23,0,230000,-421000,-191000
2014/09/24,0,57000,-413000,-356000
2014/09/25,0,186000,-1170000,-984000
2014/09/26,0,239000,-108000,131000
2014/09/29,0,57000,-82000,-25000
2014/09/30,0,600000,-1364000,-764000
2014/10/01,0,904000,-366000,538000
2014/10/02,0,1697000,-360000,1337000
2014/10/03,0,280000,-443000,-163000
2014/10/06,0,144000,-326000,-182000
2014/10/07,0,171000,-745000,-574000
2014/10/08,0,988000,-538000,450000
2014/10/09,0,489000,-1680000,-1191000
2014/10/13,0,477000,-1346000,-869000
2014/10/14,0,874000,-285000,589000
2014/10/15,0,240000,-328000,-88000
2014/10/16,0,1074000,-813000,261000
2014/10/17,0,323000,-741000,-418000
2014/10/20,0,1068000,-361000,707000
2014/10/21,0,335000,-171000,164000
2014/10/22,0,431000,-134000,297000
2014/10/23,0,178000,-499000,-321000
2014/10/24,0,278000,-614000,-336000
2014/10/27,0,118000,-314000,-196000
2014/10/28,0,349000,-116000,233000
2014/10/29,0,1937000,-305000,1632000
2014/10/30,0,142000,-441000,-299000
2014/10/31,0,197000,-482000,-285000
2014/11/03,0,1979000,-1074000,905000
2014/11/04,0,1028000,-951000,77000
2014/11/05,0,167000,-698000,-531000
2014/11/06,0,41000,-964000,-923000
2014/11/07,0,342000,-212000,130000
2014/11/10,0,121000,-279000,-158000
2014/11/11,0,68000,-189000,-121000
2014/11/12,0,166000,-227000,-61000
2014/11/13,0,272000,-1105000,-833000
2014/11/14,0,681000,-268000,413000
2014/11/17,0,220000,-251000,-31000
2014/11/18,0,351000,-1143000,-792000
2014/11/19,0,842000,-225000,617000
2014/11/20,0,130000,-123000,7000
2014/11/21,0,337000,-62000,275000
2014/11/24,0,188000,-192000,-4000
2014/11/25,0,70000,-177000,-107000
2014/11/26,0,258000,-32000,226000
2014/11/27,0,23000,-121000,-98000
2014/11/28,0,32000,-114000,-82000
2014/12/01,0,99000,-202000,-103000
2014/12/02,0,69000,-473000,-404000
2014/12/03,0,397000,-111711,285289
2014/12/04,0,2299000,-351000,1948000
2014/12/05,0,219000,-1056000,-837000
2014/12/08,0,21000,-436000,-415000
2014/12/09,0,19000,-169000,-150000
2014/12/10,0,56000,-331000,-275000
2014/12/11,0,97000,-59000,38000
2014/12/12,0,148000,-183000,-35000
2014/12/15,0,122000,-146000,-24000
2014/12/16,0,35000,-84000,-49000
2014/12/17,0,118000,-192000,-74000
2014/12/18,0,113000,-107000,6000
2014/12/19,0,71000,-290000,-219000
2014/12/22,0,31000,-109000,-78000
2014/12/23,0,92000,-49000,43000
2014/12/24,0,530000,-39000,491000
2014/12/25,0,82000,-195000,-113000
2014/12/26,0,176000,-288000,-112000
2014/12/29,0,158000,-428000,-270000
2014/12/30,0,19000,-207000,-188000
2014/12/31,0,13000,-153000,-140000
2015/01/01,0,0,0,0
2015/01/02,0,0,0,0
2015/01/05,0,104000,-48000,56000
2015/01/06,0,76000,-142000,-66000
2015/01/07,0,32000,-80000,-48000
2015/01/08,0,189000,-61000,128000
2015/01/09,0,22000,-53000,-31000
2015/01/12,0,84000,-129000,-45000
2015/01/13,0,7000,-76000,-69000
2015/01/14,0,27000,-77000,-50000
2015/01/15,0,464000,-76000,388000
2015/01/16,0,121000,-268043,-147043
2015/01/19,0,25000,-148000,-123000
2015/01/20,0,52000,-108000,-56000
2015/01/21,0,133000,-226026,-93026
2015/01/22,0,192000,-149000,43000
2015/01/23,0,89000,-208000,-119000
2015/01/26,0,53000,-83000,-30000
2015/01/27,0,224000,-36000,188000
2015/01/28,0,4436000,-360000,4076000
2015/01/29,0,123000,-1810000,-1687000
2015/01/30,0,241000,-510000,-269000
2015/02/02,0,166000,-506000,-340000
2015/02/03,0,1377000,-252000,1125000
2015/02/04,0,1300000,-1094026,205974
2015/02/05,0,207000,-1020026,-813026
2015/02/06,0,581000,-701000,-120000
2015/02/09,0,1509000,-706000,803000
2015/02/10,0,146000,-1550000,-1404000
2015/02/11,0,1134000,-347000,787000
2015/02/12,0,85000,-465000,-380000
2015/02/13,0,53000,-1063000,-1010000
2015/02/16,0,0,0,0
2015/02/17,0,0,0,0
2015/02/18,0,0,0,0
2015/02/19,0,0,0,0
2015/02/20,0,0,0,0
2015/02/23,0,0,0,0
2015/02/24,0,451000,-313000,138000
2015/02/25,0,32000,-379017,-347017
2015/02/26,0,120000,-161000,-41000
2015/02/27,0,0,0,0
2015/03/02,0,190000,-455000,-265000
2015/03/03,0,65000,-134000,-69000
2015/03/04,0,75000,-47000,28000
2015/03/05,0,66000,-147574,-81574
2015/03/06,0,196000,-29000,167000
2015/03/09,0,1012000,-29000,983000
2015/03/10,0,139000,-352000,-213000
2015/03/11,0,284000,-233000,51000
2015/03/12,0,375000,-194000,181000
2015/03/13,0,224000,-116000,108000
2015/03/16,0,288000,-58000,230000
2015/03/17,0,83000,-141018,-58018
2015/03/18,0,190000,-72000,118000
2015/03/19,0,1589000,-89000,1500000
2015/03/20,0,478000,-891000,-413000
2015/03/23,0,84000,-208000,-124000
2015/03/24,0,348000,-168000,180000
2015/03/25,0,28000,-692000,-664000
2015/03/26,0,123000,-113000,10000
2015/03/27,0,55000,-231000,-176000
2015/03/30,0,173000,-110000,63000
2015/03/31,0,225000,-106000,119000
2015/04/01,0,39000,-205000,-166000
2015/04/02,0,176000,-119000,57000
2015/04/03,0,0,0,0
2015/04/06,0,0,0,0
2015/04/07,0,68000,-385000,-317000
2015/04/08,0,12000,-49000,-37000
2015/04/09,0,66000,-94000,-28000
2015/04/10,0,46000,-272000,-226000
2015/04/13,0,378000,-111000,267000
2015/04/14,0,166000,-73000,93000
2015/04/15,0,249000,-54000,195000
2015/04/16,0,200000,-56000,144000
2015/04/17,0,105000,-3000,102000
2015/04/20,0,218000,-110000,108000
2015/04/21,0,35000,-550000,-515000
2015/04/22,0,528000,-63000,465000
2015/04/23,0,221000,-137000,84000
2015/04/24,0,1791000,-321000,1470000
2015/04/27,0,751000,-441000,310000
2015/04/28,0,565000,-604000,-39000
2015/04/29,0,216000,-287000,-71000
2015/04/30,0,44000,-336000,-292000
2015/05/01,0,0,0,0
2015/05/04,0,693000,-1009000,-316000
2015/05/05,0,2048000,-206000,1842000
2015/05/06,0,370000,-1360000,-990000
2015/05/07,0,288000,-556000,-268000
2015/05/08,0,470000,-889000,-419000
2015/05/11,0,338000,-1886000,-1548000
2015/05/12,0,618000,-280000,338000
2015/05/13,0,212000,-30000,182000
2015/05/14,0,386000,-630000,-244000
2015/05/15,0,132000,-647000,-515000
2015/05/18,0,33000,-92000,-59000
2015/05/19,0,2042000,-44000,1998000
2015/05/20,0,170000,-979000,-809000
2015/05/21,0,84000,-482000,-398000
2015/05/22,0,101000,-83000,18000
2015/05/25,0,55000,-449000,-394000
2015/05/26,0,46000,-75000,-29000
2015/05/27,0,19000,-62000,-43000
2015/05/28,0,1038000,-198000,840000
2015/05/29,0,130000,-483000,-353000
2015/06/01,0,575000,-135000,440000
2015/06/02,0,21000,-390000,-369000
2015/06/03,0,560000,-207000,353000
2015/06/04,0,700000,-290000,410000
2015/06/05,0,805000,-242000,563000
2015/06/08,0,347000,-81000,266000
2015/06/09,0,473000,-450000,23000
2015/06/10,0,570000,-88000,482000
2015/06/11,0,694000,-240000,454000
2015/06/12,0,770000,-57000,713000
2015/06/15,0,347000,-275000,72000
2015/06/16,0,77000,-105000,-28000
2015/06/17,0,106000,-30000,76000
2015/06/18,0,186000,-85000,101000
2015/06/19,0,0,0,0
2015/06/22,0,64000,-91000,-27000
2015/06/23,0,43000,-40000,3000
2015/06/24,0,75000,-331000,-256000
2015/06/25,0,234000,-81377,152623
2015/06/26,0,113000,-17000,96000
2015/06/29,0,17000,-242000,-225000
2015/06/30,0,47000,-21000,26000
2015/07/01,0,112000,-27000,85000
2015/07/02,0,35000,-16000,19000
2015/07/03,0,33000,-12000,21000
2015/07/06,0,5000,-22000,-17000
2015/07/07,0,70000,-22000,48000
2015/07/08,0,378000,-147000,231000
2015/07/09,0,416000,-22000,394000
2015/07/10,0,0,0,0
2015/07/13,0,155000,-41000,114000
2015/07/14,0,350000,-73000,277000
2015/07/15,0,105000,-397000,-292000
2015/07/16,0,138000,-84000,54000
2015/07/17,0,77000,-166000,-89000
2015/07/20,0,128000,-76000,52000
2015/07/21,0,115000,-82000,33000
2015/07/22,0,236000,-46000,190000
2015/07/23,0,295000,-24000,271000
2015/07/24,0,224000,-23000,201000
2015/07/27,0,632000,-81000,551000
2015/07/28,0,455000,-62000,393000
2015/07/29,0,86000,-61000,25000
2015/07/30,0,156000,-39000,117000
2015/07/31,0,125000,-50000,75000
2015/08/03,0,149000,-239000,-90000
2015/08/04,0,188000,-7000,181000
2015/08/05,0,263000,-9000,254000
2015/08/06,0,310000,-52000,258000
2015/08/07,0,106000,-28000,78000
2015/08/10,0,94000,-79000,15000
2015/08/11,0,1904000,-253000,1651000
2015/08/12,0,175000,-1068000,-893000
2015/08/13,0,114000,-279000,-165000
2015/08/14,0,232000,-134000,98000
2015/08/17,0,188000,-232000,-44000
2015/08/18,0,176000,-98000,78000
2015/08/19,0,353000,-133000,220000
2015/08/20,0,73000,-27000,46000
2015/08/21,0,327000,-329000,-2000
2015/08/24,0,472000,-320000,152000
2015/08/25,0,646000,-29000,617000
2015/08/26,0,104000,-61000,43000
2015/08/27,0,219000,-327000,-108000
2015/08/28,0,146000,-130000,16000
2015/08/31,0,204000,-123000,81000
2015/09/01,0,202000,-155000,47000
2015/09/02,0,543000,-106000,437000
2015/09/03,0,229000,-526000,-297000
2015/09/04,0,226000,-82000,144000
2015/09/07,0,74000,-73000,1000
2015/09/08,0,581000,-189000,392000
2015/09/09,0,542000,-219000,323000
2015/09/10,0,290000,-361000,-71000
2015/09/11,0,2000,-647000,-645000
2015/09/14,0,5000,-73000,-68000
2015/09/15,0,8000,-89870,-81870
2015/09/16,0,79000,-75000,4000
2015/09/17,0,495000,-553000,-58000
2015/09/18,0,332000,-615000,-283000
2015/09/21,0,22000,-149000,-127000
2015/09/22,0,35000,-35000,0
2015/09/23,0,129000,-40000,89000
2015/09/24,0,251000,-113000,138000
2015/09/25,0,104000,-94000,10000
2015/09/28,0,0,0,0
2015/09/29,0,0,0,0
2015/09/30,0,220000,-18000,202000
2015/10/01,0,385000,-41000,344000
2015/10/02,0,68000,-210000,-142000
2015/10/05,0,198000,-84000,114000
2015/10/06,0,1647000,-131000,1516000
2015/10/07,0,218000,-948000,-730000
2015/10/08,0,223000,-292000,-69000
2015/10/09,0,0,0,0
2015/10/12,0,1127000,-259000,868000
2015/10/13,0,224000,-953000,-729000
2015/10/14,0,2664000,-373000,2291000
2015/10/15,0,218000,-1341000,-1123000
2015/10/16,0,989000,-946000,43000
2015/10/19,0,482000,-1427000,-945000
2015/10/20,0,999000,-373000,626000
2015/10/21,0,84000,-897000,-813000
2015/10/22,0,106000,-180000,-74000
2015/10/23,0,214000,-465000,-251000
2015/10/26,0,129000,-401000,-272000
2015/10/27,0,180000,-144000,36000
2015/10/28,0,343000,-445000,-102000
2015/10/29,0,178000,-568000,-390000
2015/10/30,0,470000,-156000,314000
2015/11/02,0,962000,-789000,173000
2015/11/03,0,310000,-1130000,-820000
2015/11/04,0,337000,-709000,-372000
2015/11/05,0,135000,-280000,-145000
2015/11/06,0,987000,-885000,102000
2015/11/09,0,272000,-1232000,-960000
2015/11/10,0,196000,-315000,-119000
2015/11/11,0,381000,-213000,168000
2015/11/12,0,522000,-192000,330000
2015/11/13,0,1568000,-1196000,372000
2015/11/16,0,1709000,-966000,743000
2015/11/17,0,1286000,-1797000,-511000
2015/11/18,0,1913000,-1949000,-36000
2015/11/19,0,461000,-1944000,-1483000
2015/11/20,0,420000,-952000,-532000
2015/11/23,0,225000,-448000,-223000
2015/11/24,0,1525000,-1253000,272000
2015/11/25,0,386000,-1203000,-817000
2015/11/26,0,1248000,-375000,873000
2015/11/27,0,703000,-703000,0
2015/11/30,0,325000,-575000,-250000
2015/12/01,0,418000,-732000,-314000
2015/12/02,0,2066000,-835000,1231000
2015/12/03,0,182000,-1791000,-1609000
2015/12/04,0,363000,-716000,-353000
2015/12/07,0,252000,-595000,-343000
2015/12/08,0,184000,-652000,-468000
2015/12/09,0,170000,-263000,-93000
2015/12/10,0,920000,-356000,564000
2015/12/11,0,251000,-776000,-525000
2015/12/14,0,299000,-306000,-7000
2015/12/15,0,1508000,-388000,1120000
2015/12/16,0,973000,-840000,133000
2015/12/17,0,107000,-459000,-352000
2015/12/18,0,1815000,-762000,1053000
2015/12/21,0,281000,-1771000,-1490000
2015/12/22,0,114000,-668000,-554000
2015/12/23,0,324000,-293000,31000
2015/12/24,0,156000,-541000,-385000
2015/12/25,0,102000,-198000,-96000
2015/12/28,0,166000,-121000,45000
2015/12/29,0,109000,-190000,-81000
2015/12/30,0,38000,-49000,-11000
2015/12/31,0,171000,-201000,-30000
2016/01/01,0,0,0,0
2016/01/04,0,539000,-64000,475000
2016/01/05,0,298000,-184000,114000
2016/01/06,0,480000,-338000,142000
2016/01/07,0,434000,-340000,94000
2016/01/08,0,398000,-33000,365000
2016/01/11,0,407000,-318000,89000
2016/01/12,0,193000,-250000,-57000
2016/01/13,0,196000,-264000,-68000
2016/01/14,0,291000,-84000,207000
2016/01/15,0,392000,-537000,-145000
2016/01/18,0,719000,-170000,549000
2016/01/19,0,127000,-179000,-52000
2016/01/20,0,162000,-272000,-110000
2016/01/21,0,204000,-164000,40000
2016/01/22,0,229000,-114000,115000
2016/01/25,0,273000,-145000,128000
2016/01/26,0,109000,-253000,-144000
2016/01/27,0,161000,-184000,-23000
2016/01/28,0,66000,-100000,-34000
2016/01/29,0,157000,-41000,116000
2016/02/01,0,227000,-384000,-157000
2016/02/02,0,216000,-286000,-70000
2016/02/03,0,93000,-318000,-225000
2016/02/04,0,0,0,0
2016/02/05,0,0,0,0
2016/02/08,0,0,0,0
2016/02/09,0,0,0,0
2016/02/10,0,0,0,0
2016/02/11,0,0,0,0
2016/02/12,0,0,0,0
2016/02/15,0,50000,-28000,22000
2016/02/16,0,64000,-143000,-79000
2016/02/17,0,365000,-292000,73000
2016/02/18,0,420000,-304000,116000
2016/02/19,0,156000,-307000,-151000
2016/02/22,0,96000,-124000,-28000
2016/02/23,0,77000,-108000,-31000
2016/02/24,0,1540000,-338000,1202000
2016/02/25,0,133000,-1285000,-1152000
2016/02/26,0,315000,-771000,-456000
2016/02/29,0,0,0,0
2016/03/01,0,752000,-230000,522000
2016/03/02,0,41000,-535000,-494000
2016/03/03,0,184000,-208000,-24000
2016/03/04,0,167000,-86000,81000
2016/03/07,0,119000,-294000,-175000
2016/03/08,0,91000,-373000,-282000
2016/03/09,0,152000,-124000,28000
2016/03/10,0,60000,-211000,-151000
2016/03/11,0,175000,-125000,50000
2016/03/14,0,208000,-159000,49000
2016/03/15,0,300000,-298000,2000
2016/03/16,0,285000,-307000,-22000
2016/03/17,0,141000,-336000,-195000
2016/03/18,0,101000,-173000,-72000
2016/03/21,0,1117000,-80000,1037000
2016/03/22,0,110000,-396000,-286000
2016/03/23,0,105000,-27000,78000
2016/03/24,0,101000,-35000,66000
2016/03/25,0,1232000,-6000,1226000
2016/03/28,0,284000,-314000,-30000
2016/03/29,0,176000,-913000,-737000
2016/03/30,0,1422000,-491000,931000
2016/03/31,0,289000,-1193000,-904000
2016/04/01,0,381000,-339000,42000
2016/04/04,0,0,0,0
2016/04/05,0,0,0,0
2016/04/06,0,1679000,-291000,1388000
2016/04/07,0,260000,-1325000,-1065000
2016/04/08,0,189000,-563000,-374000
2016/04/11,0,681000,-547000,134000
2016/04/12,0,84000,-507000,-423000
2016/04/13,0,1394000,-179000,1215000
2016/04/14,0,443000,-867000,-424000
2016/04/15,0,355000,-504000,-149000
2016/04/18,0,215000,-384000,-169000
2016/04/19,0,929000,-161000,768000
2016/04/20,0,639000,-1122000,-483000
2016/04/21,0,245000,-233000,12000
2016/04/22,0,249000,-738000,-489000
2016/04/25,0,1913000,-412000,1501000
2016/04/26,0,750000,-1217000,-467000
2016/04/27,0,297000,-350000,-53000
2016/04/28,0,198000,-559000,-361000
2016/04/29,0,446000,-336000,110000
2016/05/02,0,0,0,0
2016/05/03,0,481000,-526000,-45000
2016/05/04,0,538000,-341000,197000
2016/05/05,0,525000,-337000,188000
2016/05/06,0,275000,-329000,-54000
2016/05/09,0,227000,-202000,25000
2016/05/10,0,336000,-527000,-191000
2016/05/11,0,277000,-233000,44000
2016/05/12,0,226000,-116000,110000
2016/05/13,0,542000,-191000,351000
2016/05/16,0,947000,-159000,788000
2016/05/17,0,139000,-324000,-185000
2016/05/18,0,107000,-229000,-122000
2016/05/19,0,227000,-166000,61000
2016/05/20,0,54000,-146000,-92000
2016/05/23,0,599000,-380000,219000
2016/05/24,0,163000,-477000,-314000
2016/05/25,0,606000,-377000,229000
2016/05/26,0,331000,-215000,116000
2016/05/27,0,679000,-242000,437000
2016/05/30,0,334000,-337000,-3000
2016/05/31,0,148000,-209000,-61000
2016/06/01,0,279000,-115000,164000
2016/06/02,0,197000,-339000,-142000
2016/06/03,0,121000,-443000,-322000
2016/06/06,0,49000,-166000,-117000
2016/06/07,0,952000,-386000,566000
2016/06/08,0,109000,-787000,-678000
2016/06/09,0,0,0,0
2016/06/10,0,0,0,0
2016/06/13,0,1368000,-503000,865000
2016/06/14,0,484000,-286000,198000
2016/06/15,0,684000,-316000,368000
2016/06/16,0,642000,-523000,119000
2016/06/17,0,229000,-563000,-334000
2016/06/20,0,1093000,-591000,502000
2016/06/21,0,352000,-834000,-482000
2016/06/22,0,54000,-385000,-331000
2016/06/23,0,127000,-347000,-220000
2016/06/24,0,406000,-651000,-245000
2016/06/27,0,383000,-246000,137000
2016/06/28,0,1191000,-415000,776000
2016/06/29,0,261000,-789000,-528000
2016/06/30,0,174000,-294000,-120000
2016/07/01,0,128000,-643000,-515000
2016/07/04,0,344000,-428000,-84000
2016/07/05,0,64000,-310000,-246000
2016/07/06,0,277000,-197000,80000
2016/07/07,0,95000,-79000,16000
2016/07/08,0,0,0,0
2016/07/11,0,1245000,-552000,693000
2016/07/12,0,930000,-1523000,-593000
2016/07/13,0,138000,-1123000,-985000
2016/07/14,0,138000,-245000,-107000
2016/07/15,0,103000,-381000,-278000
2016/07/18,0,1105000,-711000,394000
2016/07/19,0,162000,-1632000,-1470000
2016/07/20,0,353000,-440000,-87000
2016/07/21,0,444000,-172000,272000
2016/07/22,0,159000,-279000,-120000
2016/07/25,0,83000,-202000,-119000
2016/07/26,0,58000,-634000,-576000
2016/07/27,0,271000,-159000,112000
2016/07/28,0,598000,-71000,527000
2016/07/29,0,395000,-354000,41000
2016/08/01,0,271000,-267000,4000
2016/08/02,0,256000,-241000,15000
2016/08/03,0,1079000,-124000,955000
2016/08/04,0,449000,-589000,-140000
2016/08/05,0,2160000,-272000,1888000
2016/08/08,0,517000,-1182000,-665000
2016/08/09,0,223000,-602000,-379000
2016/08/10,0,958000,-950000,8000
2016/08/11,0,672000,-1627000,-955000
2016/08/12,0,1221000,-566000,655000
2016/08/15,0,2893000,-667000,2226000
2016/08/16,0,885000,-2758000,-1873000
2016/08/17,0,437000,-1231000,-794000
2016/08/18,0,363000,-494000,-131000
2016/08/19,0,199000,-420000,-221000
2016/08/22,0,173000,-55000,118000
2016/08/23,0,573000,-60000,513000
2016/08/24,0,3322000,-319000,3003000
2016/08/25,0,497000,-1832000,-1335000
2016/08/26,0,1294000,-316000,978000
2016/08/29,0,679000,-775000,-96000
2016/08/30,0,1945000,-1084000,861000
2016/08/31,0,423000,-703000,-280000
2016/09/01,0,184000,-459000,-275000
2016/09/02,0,114000,-330000,-216000
2016/09/05,0,530000,-556000,-26000
2016/09/06,0,409000,-233000,176000
2016/09/07,0,322000,-338000,-16000
2016/09/08,0,1232000,-343000,889000
2016/09/09,0,914000,-721000,193000
2016/09/12,0,1529000,-1593000,-64000
2016/09/13,0,1048000,-1537000,-489000
2016/09/14,0,382000,-616000,-234000
2016/09/15,0,0,0,0
2016/09/16,0,0,0,0
2016/09/19,0,1287000,-553000,734000
2016/09/20,0,461000,-645000,-184000
2016/09/21,0,275000,-791000,-516000
2016/09/22,0,276000,-631000,-355000
2016/09/23,0,768000,-308000,460000
2016/09/26,0,188000,-141000,47000
2016/09/27,0,0,0,0
2016/09/28,0,0,0,0
2016/09/29,0,300000,-200000,100000
2016/09/30,0,918000,-424000,494000
2016/10/03,0,551000,-449000,102000
2016/10/04,0,751000,-267000,484000
2016/10/05,0,440000,-433000,7000
2016/10/06,0,316000,-426000,-110000
2016/10/07,0,320000,-339000,-19000
2016/10/10,0,0,0,0
2016/10/11,0,398000,-1312000,-914000
2016/10/12,0,378000,-222000,156000
2016/10/13,0,175000,-537000,-362000
2016/10/14,0,370000,-680000,-310000
2016/10/17,0,899000,-1181000,-282000
2016/10/18,0,646000,-577000,69000
2016/10/19,0,239000,-544000,-305000
2016/10/20,0,1275000,-361000,914000
2016/10/21,0,313000,-1040000,-727000
2016/10/24,0,687000,-269000,418000
2016/10/25,0,2442000,-700000,1742000
2016/10/26,0,1014000,-1299000,-285000
2016/10/27,0,765000,-1033000,-268000
2016/10/28,0,302000,-937000,-635000
2016/10/31,0,165000,-373000,-208000
2016/11/01,0,303000,-581000,-278000
2016/11/02,0,893000,-549000,344000
2016/11/03,0,398000,-1299000,-901000
2016/11/04,0,401000,-473000,-72000
2016/11/07,0,638000,-437000,201000
2016/11/08,0,132000,-920000,-788000
2016/11/09,0,510000,-976000,-466000
2016/11/10,0,1268000,-361000,907000
2016/11/11,0,1066000,-710000,356000
2016/11/14,0,2542000,-718000,1824000
2016/11/15,0,475000,-1975000,-1500000
2016/11/16,0,459000,-889000,-430000
2016/11/17,0,632000,-520000,112000
2016/11/18,0,325000,-349000,-24000
2016/11/21,0,384000,-231000,153000
2016/11/22,0,211000,-374000,-163000
2016/11/23,0,1435000,-146000,1289000
2016/11/24,0,147000,-614000,-467000
2016/11/25,0,115000,-207000,-92000
2016/11/28,0,674000,-576000,98000
2016/11/29,0,740000,-572000,168000
2016/11/30,0,736000,-2560000,-1824000
2016/12/01,0,376000,-1267000,-891000
2016/12/02,0,439000,-1561000,-1122000
2016/12/05,0,317000,-283000,34000
2016/12/06,0,430000,-378000,52000
2016/12/07,0,66000,-505000,-439000
2016/12/08,0,875000,-86000,789000
2016/12/09,0,92000,-666000,-574000
2016/12/12,0,64000,-1209000,-1145000
2016/12/13,0,205000,-780000,-575000
2016/12/14,0,169000,-169000,0
2016/12/15,0,110000,-101000,9000
2016/12/16,0,407000,-141000,266000
2016/12/19,0,228000,-301000,-73000
2016/12/20,0,156000,-1052000,-896000
2016/12/21,0,377000,-78000,299000
2016/12/22,0,257000,-78000,179000
2016/12/23,0,109000,-82000,27000
2016/12/26,0,107000,-52000,55000
2016/12/27,0,1833000,-381000,1452000
2016/12/28,0,149000,-520000,-371000
2016/12/29,0,55000,-229000,-174000
2016/12/30,0,144000,-280000,-136000
2017/01/02,0,0,0,0
2017/01/03,0,185000,-79000,106000
2017/01/04,0,101000,-394000,-293000
2017/01/05,0,1708000,-179000,1529000
2017/01/06,0,307000,-602000,-295000
2017/01/09,0,20000,-572000,-552000
2017/01/10,0,243000,-308000,-65000
2017/01/11,0,1192000,-303000,889000
2017/01/12,0,162000,-686000,-524000
2017/01/13,0,57000,-536000,-479000
2017/01/16,0,52000,-162000,-110000
2017/01/17,0,127000,-279000,-152000
2017/01/18,0,607000,-541000,66000
2017/01/19,0,276000,-313000,-37000
2017/01/20,0,373000,-197000,176000
2017/01/23,0,55000,-210000,-155000
2017/01/24,0,67000,-196000,-129000
2017/01/25,0,0,0,0
2017/01/26,0,0,0,0
2017/01/27,0,0,0,0
2017/01/30,0,0,0,0
2017/01/31,0,0,0,0
2017/02/01,0,0,0,0
2017/02/02,0,91000,-346000,-255000
2017/02/03,0,72000,-123000,-51000
2017/02/06,0,521000,-47000,474000
2017/02/07,0,129000,-260000,-131000
2017/02/08,0,251000,-73000,178000
2017/02/09,0,119000,-230000,-111000
2017/02/10,0,368000,-82000,286000
2017/02/13,0,299000,-219000,80000
2017/02/14,0,9000,-492000,-483000
2017/02/15,0,127000,-269000,-142000
2017/02/16,0,58000,-833000,-775000
2017/02/17,0,374000,-191000,183000
2017/02/20,0,715000,-57000,658000
2017/02/21,0,33000,-182000,-149000
2017/02/22,0,352000,-168000,184000
2017/02/23,0,38000,-377000,-339000
2017/02/24,0,19000,-372000,-353000
2017/02/27,0,0,0,0
2017/02/28,0,0,0,0
2017/03/01,0,77000,-368000,-291000
2017/03/02,0,227000,-127000,100000
2017/03/03,0,64000,-210000,-146000
2017/03/06,0,25000,-40000,-15000
2017/03/07,0,273000,-15000,258000
2017/03/08,0,6000,-377000,-371000
2017/03/09,0,255000,-61000,194000
2017/03/10,0,203000,-192000,11000
2017/03/13,0,130000,-80000,50000
2017/03/14,0,15000,-267000,-252000
2017/03/15,0,29000,-286000,-257000
2017/03/16,0,518000,-133000,385000
2017/03/17,0,151000,-138000,13000
2017/03/20,0,68000,-362000,-294000
2017/03/21,0,1135000,-235000,900000
2017/03/22,0,205000,-515000,-310000
2017/03/23,0,66000,-453000,-387000
2017/03/24,0,471000,-74000,397000
2017/03/27,0,42000,-245000,-203000
2017/03/28,0,161000,-289000,-128000
2017/03/29,0,247000,-124000,123000
2017/03/30,0,178000,-292000,-114000
2017/03/31,0,40000,-247000,-207000
2017/04/03,0,0,0,0
2017/04/04,0,0,0,0
2017/04/05,0,72000,-382000,-310000
2017/04/06,0,138000,-68000,70000
2017/04/07,0,119000,-234000,-115000
2017/04/10,0,135000,-49000,86000
2017/04/11,0,70000,-137000,-67000
2017/04/12,0,158000,-451000,-293000
2017/04/13,0,271000,-107000,164000
2017/04/14,0,187000,-125000,62000
2017/04/17,0,112000,-68000,44000
2017/04/18,0,27000,-58000,-31000
2017/04/19,0,78000,-368000,-290000
2017/04/20,0,165000,-36000,129000
2017/04/21,0,45000,-66000,-21000
2017/04/24,0,35000,-20000,15000
2017/04/25,0,18000,-6000,12000
2017/04/26,0,186000,-16000,170000
2017/04/27,0,20000,-113000,-93000
2017/04/28,0,129000,-25000,104000
2017/05/01,0,0,0,0
2017/05/02,0,763000,-109000,654000
2017/05/03,0,54000,-357000,-303000
2017/05/04,0,162000,-57000,105000
2017/05/05,0,217000,-270000,-53000
2017/05/08,0,107000,-57000,50000
2017/05/09,0,263000,-245896,17104
2017/05/10,0,144000,-106000,38000
2017/05/11,0,418000,-299000,119000
2017/05/12,0,1077000,-434000,643000
2017/05/15,0,1157000,-582000,575000
2017/05/16,0,337000,-321000,16000
2017/05/17,0,105000,-324000,-219000
2017/05/18,0,268000,-350000,-82000
2017/05/19,0,74000,-228000,-154000
2017/05/22,0,17000,-194000,-177000
2017/05/23,0,111000,-212000,-101000
2017/05/24,0,363000,-173000,190000
2017/05/25,0,154000,-224000,-70000
2017/05/26,0,313000,-200000,113000
2017/05/29,0,0,0,0
2017/05/30,0,0,0,0
2017/05/31,0,88000,-306000,-218000
2017/06/01,0,32000,-31000,1000
2017/06/02,0,87000,-84000,3000
2017/06/05,0,409000,-243000,166000
2017/06/06,0,204000,-179017,24983
2017/06/07,0,328000,-312000,16000
2017/06/08,0,416000,-107000,309000
2017/06/09,0,445000,-84000,361000
2017/06/12,0,355000,-197000,158000
2017/06/13,0,437000,-74000,363000
2017/06/14,0,406000,-264000,142000
2017/06/15,0,554000,-50000,504000
2017/06/16,0,349000,-198000,151000
2017/06/19,0,986000,-131000,855000
2017/06/20,0,233000,-482000,-249000
2017/06/21,0,332000,-175000,157000
2017/06/22,0,673000,-74000,599000
2017/06/23,0,270000,-187000,83000
2017/06/26,0,1945000,-186000,1759000
2017/06/27,0,437000,-1159000,-722000
2017/06/28,0,247000,-313000,-66000
2017/06/29,0,391000,-170000,221000
2017/06/30,0,195000,-428000,-233000
2017/07/03,0,115000,-106000,9000
2017/07/04,0,304000,-93000,211000
2017/07/05,0,582000,-294000,288000
2017/07/06,0,259000,-431000,-172000
2017/07/07,0,169000,-244000,-75000
2017/07/10,0,78000,-121000,-43000
2017/07/11,0,3790000,-300000,3490000
2017/07/12,0,509000,-2742000,-2233000
2017/07/13,0,1402000,-259000,1143000
2017/07/14,0,751000,-1173000,-422000
2017/07/17,0,204000,-1013000,-809000
2017/07/18,0,381000,-232000,149000
2017/07/19,0,1648000,-558000,1090000
2017/07/20,0,249000,-603000,-354000
2017/07/21,0,453000,-286000,167000
2017/07/24,0,587000,-244000,343000
2017/07/25,0,2279000,-577000,1702000
2017/07/26,0,530000,-1317000,-787000
2017/07/27,0,164000,-496000,-332000
2017/07/28,0,397000,-192000,205000
2017/07/31,0,86000,-444000,-358000
2017/08/01,0,515000,-127000,388000
2017/08/02,0,129000,-498000,-369000
2017/08/03,0,128000,-91000,37000
2017/08/04,0,588000,-139000,449000
2017/08/07,0,478000,-550000,-72000
2017/08/08,0,879000,-596000,283000
2017/08/09,0,103000,-888000,-785000
2017/08/10,0,167000,-895000,-728000
2017/08/11,0,123000,-354000,-231000
2017/08/14,0,203000,-206000,-3000
2017/08/15,0,1165000,-418000,747000
2017/08/16,0,143000,-1453000,-1310000
2017/08/17,0,504000,-172000,332000
2017/08/18,0,86000,-546000,-460000
