Date,Open,Buy,Sell,Total
2007/01/02,0,1743000,-6078000,-4335000
2007/01/03,0,1319000,-294000,1025000
2007/01/04,0,2504000,-1609000,895000
2007/01/05,0,4196000,-1978000,2218000
2007/01/08,0,486000,-7189037,-6703037
2007/01/09,0,2018000,-3683600,-1665600
2007/01/10,0,1180000,-3275000,-2095000
2007/01/11,0,3266000,-3678000,-412000
2007/01/12,0,721000,-3530000,-2809000
2007/01/15,0,714000,-3335000,-2621000
2007/01/16,0,2593000,-5686000,-3093000
2007/01/17,0,4878000,-4545400,332600
2007/01/18,0,922000,-278394,643606
2007/01/19,0,358000,-3297000,-2939000
2007/01/22,0,1619000,-1021000,598000
2007/01/23,0,179000,-1526250,-1347250
2007/01/24,0,1523000,-52000,1471000
2007/01/25,0,1169000,-1772000,-603000
2007/01/26,0,65000,-418000,-353000
2007/01/29,0,145000,-755000,-610000
2007/01/30,0,2727000,-3553373,-826373
2007/01/31,0,404000,-895250,-491250
2007/02/01,0,595000,-332000,263000
2007/02/02,0,1135395,-5950000,-4814605
2007/02/05,0,189000,-576000,-387000
2007/02/06,0,431000,-1059000,-628000
2007/02/07,0,300300,-271650,28650
2007/02/08,0,913000,-2451497,-1538497
2007/02/09,0,907000,-509000,398000
2007/02/12,0,36000,-2496000,-2460000
2007/02/13,0,838000,-1544371,-706371
2007/02/14,0,1191000,-1148231,42769
2007/02/15,0,0,0,0
2007/02/16,0,0,0,0
2007/02/19,0,0,0,0
2007/02/20,0,0,0,0
2007/02/21,0,0,0,0
2007/02/22,0,0,0,0
2007/02/23,0,0,0,0
2007/02/26,0,949000,-6878074,-5929074
2007/02/27,0,732000,-4075000,-3343000
2007/02/28,0,0,0,0
2007/03/01,0,4086000,-8401000,-4315000
2007/03/02,0,626000,-1147950,-521950
2007/03/05,0,1875000,-4112000,-2237000
2007/03/06,0,1610000,-5217000,-3607000
2007/03/07,0,2706000,-3803228,-1097228
2007/03/08,0,2105001,-4438900,-2333899
2007/03/09,0,1759000,-2453000,-694000
2007/03/12,0,108000,-770000,-662000
2007/03/13,0,1423000,-2722550,-1299550
2007/03/14,0,486000,-2706000,-2220000
2007/03/15,0,1364000,-2876000,-1512000
2007/03/16,0,686000,-1374000,-688000
2007/03/19,0,305000,-1349881,-1044881
2007/03/20,0,590000,-304577,285423
2007/03/21,0,963000,-589000,374000
2007/03/22,0,2392000,-2491000,-99000
2007/03/23,0,4211000,-2883000,1328000
2007/03/26,0,1050000,-1099000,-49000
2007/03/27,0,3575000,-2534000,1041000
2007/03/28,0,814000,-532000,282000
2007/03/29,0,1319000,-1635687,-316687
2007/03/30,0,361000,-275000,86000
2007/04/02,0,7929000,-1662000,6267000
2007/04/03,0,704000,-8819900,-8115900
2007/04/04,0,3239136,-1531000,1708136
2007/04/05,0,0,0,0
2007/04/06,0,0,0,0
2007/04/09,0,3422000,-4090000,-668000
2007/04/10,0,602000,-1826000,-1224000
2007/04/11,0,531000,-1981000,-1450000
2007/04/12,0,169000,-312000,-143000
2007/04/13,0,51000,-411000,-360000
2007/04/16,0,3632000,-440000,3192000
2007/04/17,0,1588000,-1041764,546236
2007/04/18,0,446000,-2540000,-2094000
2007/04/19,0,1656000,-4090000,-2434000
2007/04/20,0,180000,-122000,58000
2007/04/23,0,993000,-4910000,-3917000
2007/04/24,0,378000,-1971000,-1593000
2007/04/25,0,248000,-4728000,-4480000
2007/04/26,0,1146000,-5261000,-4115000
2007/04/27,0,2866994,-677000,2189994
2007/04/30,0,2134000,-3911000,-1777000
2007/05/01,0,0,0,0
2007/05/02,0,1158000,-3792000,-2634000
2007/05/03,0,199000,-34000,165000
2007/05/04,0,2767000,-12953950,-10186950
2007/05/07,0,824000,-1179000,-355000
2007/05/08,0,359000,-1886000,-1527000
2007/05/09,0,495000,-833000,-338000
2007/05/10,0,3920000,-1965000,1955000
2007/05/11,0,592000,-534498,57502
2007/05/14,0,1272000,-257000,1015000
2007/05/15,0,627000,-398000,229000
2007/05/16,0,307000,-972000,-665000
2007/05/17,0,1302000,-2828000,-1526000
2007/05/18,0,1201000,-3325000,-2124000
2007/05/21,0,2045000,-695000,1350000
2007/05/22,0,2677000,-1544751,1132249
2007/05/23,0,1888000,-1457000,431000
2007/05/24,0,5554000,-1643000,3911000
2007/05/25,0,1224000,-2241000,-1017000
2007/05/28,0,1159000,-1392000,-233000
2007/05/29,0,1484000,-2053000,-569000
2007/05/30,0,3924000,-1007000,2917000
2007/05/31,0,5866000,-2091000,3775000
2007/06/01,0,5287000,-1949000,3338000
2007/06/04,0,1736000,-695430,1040570
2007/06/05,0,3009000,-1200000,1809000
2007/06/06,0,1896000,-1576000,320000
2007/06/07,0,1156000,-3356000,-2200000
2007/06/08,0,4323000,-1346000,2977000
2007/06/11,0,3477000,-1424000,2053000
2007/06/12,0,0,0,0
2007/06/13,0,0,0,0
2007/06/14,0,0,0,0
2007/06/15,0,0,0,0
2007/06/18,0,0,0,0
2007/06/19,0,0,0,0
2007/06/20,0,0,0,0
2007/06/21,0,0,0,0
2007/06/22,0,0,0,0
2007/06/25,0,6000,-1030500,-1024500
2007/06/26,0,576000,-2714000,-2138000
2007/06/27,0,1060000,-4129997,-3069997
2007/06/28,0,530000,-210500,319500
2007/06/29,0,197500,-751500,-554000
2007/07/02,0,364000,-526500,-162500
2007/07/03,0,1154000,-696000,458000
2007/07/04,0,4499000,-671197,3827803
2007/07/05,0,7744000,-2384500,5359500
2007/07/06,0,625500,-797000,-171500
2007/07/09,0,824000,-1592226,-768226
2007/07/10,0,238000,-2571000,-2333000
2007/07/11,0,181000,-712000,-531000
2007/07/12,0,512000,-4321000,-3809000
2007/07/13,0,355000,-349000,6000
2007/07/16,0,1537000,-545000,992000
2007/07/17,0,129000,-488000,-359000
2007/07/18,0,151000,-389000,-238000
2007/07/19,0,397500,-1018596,-621096
2007/07/20,0,576000,-1138000,-562000
2007/07/23,0,3051000,-2150000,901000
2007/07/24,0,779000,-1087000,-308000
2007/07/25,0,76000,-2686000,-2610000
2007/07/26,0,757000,-463000,294000
2007/07/27,0,430000,-4169000,-3739000
2007/07/30,0,2146000,-1090400,1055600
2007/07/31,0,601000,-519000,82000
2007/08/01,0,666000,-1675000,-1009000
2007/08/02,0,2649000,-1407400,1241600
2007/08/03,0,594000,-1288000,-694000
2007/08/06,0,335000,-1096000,-761000
2007/08/07,0,742000,-2588000,-1846000
2007/08/08,0,5690000,-399000,5291000
2007/08/09,0,1793000,-880000,913000
2007/08/10,0,588000,-6072000,-5484000
2007/08/13,0,504000,-1748000,-1244000
2007/08/14,0,712000,-2228000,-1516000
2007/08/15,0,5479758,-5299723,180035
2007/08/16,0,608000,-887000,-279000
2007/08/17,0,5169517,-10298696,-5129179
2007/08/20,0,253000,-4569007,-4316007
2007/08/21,0,1137000,-1636000,-499000
2007/08/22,0,1722000,-2929117,-1207117
2007/08/23,0,2395525,-2889000,-493475
2007/08/24,0,1399000,-3572000,-2173000
2007/08/27,0,928000,-607000,321000
2007/08/28,0,1242000,-1094000,148000
2007/08/29,0,108000,-1617600,-1509600
2007/08/30,0,559000,-291000,268000
2007/08/31,0,1099000,-415000,684000
2007/09/03,0,706000,-595677,110323
2007/09/04,0,924000,-1260000,-336000
2007/09/05,0,499000,-1939855,-1440855
2007/09/06,0,666000,-830000,-164000
2007/09/07,0,398000,-1457200,-1059200
2007/09/10,0,62000,-546000,-484000
2007/09/11,0,182000,-1401000,-1219000
2007/09/12,0,485400,-230500,254900
2007/09/13,0,245000,-826400,-581400
2007/09/14,0,491050,-140000,351050
2007/09/17,0,167000,-321000,-154000
2007/09/18,0,0,0,0
2007/09/19,0,1373030,-1712000,-338970
2007/09/20,0,1927000,-3578000,-1651000
2007/09/21,0,802000,-1916000,-1114000
2007/09/24,0,0,0,0
2007/09/25,0,0,0,0
2007/09/26,0,337000,-148000,189000
2007/09/27,0,1881000,-219000,1662000
2007/09/28,0,400000,-2466000,-2066000
2007/10/01,0,212000,-437000,-225000
2007/10/02,0,698000,-5027000,-4329000
2007/10/03,0,2615000,-1400973,1214027
2007/10/04,0,829000,-1228028,-399028
2007/10/05,0,1141000,-1839550,-698550
2007/10/08,0,1425000,-4662052,-3237052
2007/10/09,0,2363000,-1903211,459789
2007/10/10,0,0,0,0
2007/10/11,0,1551000,-3374459,-1823459
2007/10/12,0,135000,-492191,-357191
2007/10/15,0,1001000,-202000,799000
2007/10/16,0,2214000,-3797334,-1583334
2007/10/17,0,4193000,-2339000,1854000
2007/10/18,0,2182000,-1012000,1170000
2007/10/19,0,74000,-150000,-76000
2007/10/22,0,712000,-3110500,-2398500
2007/10/23,0,525000,-1231800,-706800
2007/10/24,0,606000,-141000,465000
2007/10/25,0,315372,-1296170,-980798
2007/10/26,0,315000,-139750,175250
2007/10/29,0,595000,-331300,263700
2007/10/30,0,141000,-2762000,-2621000
2007/10/31,0,528000,-5001338,-4473338
2007/11/01,0,308450,-2402301,-2093851
2007/11/02,0,642000,-2984000,-2342000
2007/11/05,0,876000,-4389295,-3513295
2007/11/06,0,571000,-485000,86000
2007/11/07,0,180000,-374000,-194000
2007/11/08,0,987000,-1599425,-612425
2007/11/09,0,2011000,-1963598,47402
2007/11/12,0,73000,-797000,-724000
2007/11/13,0,370000,-1170000,-800000
2007/11/14,0,157000,-1139650,-982650
2007/11/15,0,517000,-388000,129000
2007/11/16,0,156000,-1090000,-934000
2007/11/19,0,576000,-1303345,-727345
2007/11/20,0,103000,-416000,-313000
2007/11/21,0,74000,-1131630,-1057630
2007/11/22,0,201000,-128000,73000
2007/11/23,0,442000,-363000,79000
2007/11/26,0,538000,-1600200,-1062200
2007/11/27,0,258000,-2026425,-1768425
2007/11/28,0,131000,-1891500,-1760500
2007/11/29,0,352341,-436520,-84179
2007/11/30,0,771000,-680114,90886
2007/12/03,0,317425,-395050,-77625
2007/12/04,0,724000,-264000,460000
2007/12/05,0,274000,-487000,-213000
2007/12/06,0,452000,-520500,-68500
2007/12/07,0,304225,-187070,117155
2007/12/10,0,93000,-20000,73000
2007/12/11,0,104025,-30000,74025
2007/12/12,0,63000,-150000,-87000
2007/12/13,0,18500,-353625,-335125
2007/12/14,0,425000,-215950,209050
2007/12/17,0,817000,-139000,678000
2007/12/18,0,957000,-898528,58472
2007/12/19,0,541000,-484000,57000
2007/12/20,0,344000,-286000,58000
2007/12/21,0,1213000,-923500,289500
2007/12/24,0,15000,-51000,-36000
2007/12/25,0,182000,-329000,-147000
2007/12/26,0,403000,-700500,-297500
2007/12/27,0,155000,-687459,-532459
2007/12/28,0,498000,-1459000,-961000
2007/12/31,0,88000,-332000,-244000
2008/01/01,0,0,0,0
2008/01/02,0,61000,-588000,-527000
2008/01/03,0,31250,-469250,-438000
2008/01/04,0,157000,-1928000,-1771000
2008/01/07,0,2000,-45000,-43000
2008/01/08,0,2985000,-2760600,224400
2008/01/09,0,876000,-112000,764000
2008/01/10,0,125000,-732200,-607200
2008/01/11,0,109000,-312000,-203000
2008/01/14,0,3178000,-562494,2615506
2008/01/15,0,727000,-2945510,-2218510
2008/01/16,0,1961000,-937000,1024000
2008/01/17,0,3353000,-2006526,1346474
2008/01/18,0,5457000,-860456,4596544
2008/01/21,0,391000,-966000,-575000
2008/01/22,0,72500,-386000,-313500
2008/01/23,0,179500,-794950,-615450
2008/01/24,0,205000,-143000,62000
2008/01/25,0,314000,-219000,95000
2008/01/28,0,40000,-764412,-724412
2008/01/29,0,297000,-81582,215418
2008/01/30,0,4562197,-621000,3941197
2008/01/31,0,1898000,-1055000,843000
2008/02/01,0,395000,-172950,222050
2008/02/04,0,0,0,0
2008/02/05,0,0,0,0
2008/02/06,0,0,0,0
2008/02/07,0,0,0,0
2008/02/08,0,0,0,0
2008/02/11,0,0,0,0
2008/02/12,0,323000,-677000,-354000
2008/02/13,0,948000,-470000,478000
2008/02/14,0,1429000,-1718260,-289260
2008/02/15,0,5109000,-149000,4960000
2008/02/18,0,415000,-207000,208000
2008/02/19,0,518000,-15500,502500
2008/02/20,0,2113000,-974575,1138425
2008/02/21,0,750000,-809095,-59095
2008/02/22,0,3100000,-316000,2784000
2008/02/25,0,3597500,-245000,3352500
2008/02/26,0,523000,-422000,101000
2008/02/27,0,1870000,-610000,1260000
2008/02/28,0,0,0,0
2008/02/29,0,1342607,-304000,1038607
2008/03/03,0,385500,-600000,-214500
2008/03/04,0,798000,-67000,731000
2008/03/05,0,329000,-760000,-431000
2008/03/06,0,1179500,-305000,874500
2008/03/07,0,669000,-503000,166000
2008/03/10,0,1702000,-1319000,383000
2008/03/11,0,504000,-681000,-177000
2008/03/12,0,1893450,-250500,1642950
2008/03/13,0,120000,-601000,-481000
2008/03/14,0,92000,-371000,-279000
2008/03/17,0,56000,-967000,-911000
2008/03/18,0,93500,-483000,-389500
2008/03/19,0,266000,-106692,159308
2008/03/20,0,557000,-113000,444000
2008/03/21,0,605000,-153000,452000
2008/03/24,0,1332000,-33000,1299000
2008/03/25,0,879000,-134050,744950
2008/03/26,0,453000,-967000,-514000
2008/03/27,0,535612,-2003700,-1468088
2008/03/28,0,741612,-576000,165612
2008/03/31,0,207802,-435000,-227198
2008/04/01,0,2048972,-197000,1851972
2008/04/02,0,1229000,-420317,808683
2008/04/03,0,418000,-449000,-31000
2008/04/04,0,0,0,0
2008/04/07,0,330000,-1353000,-1023000
2008/04/08,0,101000,-1054000,-953000
2008/04/09,0,193000,-719000,-526000
2008/04/10,0,483000,-584000,-101000
2008/04/11,0,91000,0,91000
2008/04/14,0,1682000,-4928356,-3246356
2008/04/15,0,1721000,-314000,1407000
2008/04/16,0,346000,-48000,298000
2008/04/17,0,548000,-308000,240000
2008/04/18,0,117000,-94000,23000
2008/04/21,0,309000,-74000,235000
2008/04/22,0,668000,-124000,544000
2008/04/23,0,543000,-79250,463750
2008/04/24,0,59000,-1007000,-948000
2008/04/25,0,4651000,-137000,4514000
2008/04/28,0,1254000,-801500,452500
2008/04/29,0,2198000,-1239000,959000
2008/04/30,0,862000,-1493150,-631150
2008/05/01,0,0,0,0
2008/05/02,0,1470000,-195000,1275000
2008/05/05,0,136000,-1166000,-1030000
2008/05/06,0,1155000,-444000,711000
2008/05/07,0,3757875,-310000,3447875
2008/05/08,0,73000,-690500,-617500
2008/05/09,0,168000,-859000,-691000
2008/05/12,0,400000,-57000,343000
2008/05/13,0,638000,-27000,611000
2008/05/14,0,486000,-372000,114000
2008/05/15,0,259000,-457000,-198000
2008/05/16,0,560000,-126000,434000
2008/05/19,0,190000,-465000,-275000
2008/05/20,0,127000,-756000,-629000
2008/05/21,0,3403000,-2004977,1398023
2008/05/22,0,448000,-1112000,-664000
2008/05/23,0,139000,-688600,-549600
2008/05/26,0,243000,-382000,-139000
2008/05/27,0,37000,-371000,-334000
2008/05/28,0,391000,-358000,33000
2008/05/29,0,365000,-390000,-25000
2008/05/30,0,1670211,-682000,988211
2008/06/02,0,399000,-326000,73000
2008/06/03,0,234000,-224000,10000
2008/06/04,0,221000,-66611,154389
2008/06/05,0,815000,-452000,363000
2008/06/06,0,682500,-462000,220500
2008/06/09,0,46000,-318000,-272000
2008/06/10,0,19000,-780522,-761522
2008/06/11,0,211000,-221000,-10000
2008/06/12,0,7000,-1607000,-1600000
2008/06/13,0,27000,-528000,-501000
2008/06/16,0,103000,-359000,-256000
2008/06/17,0,268125,-271000,-2875
2008/06/18,0,87000,-333000,-246000
2008/06/19,0,86000,-604000,-518000
2008/06/20,0,59434,-361025,-301591
2008/06/23,0,214500,-195000,19500
2008/06/24,0,149000,-296600,-147600
2008/06/25,0,488000,-833198,-345198
2008/06/26,0,378000,-1238000,-860000
2008/06/27,0,332000,-1976335,-1644335
2008/06/30,0,1025000,-978000,47000
2008/07/01,0,1439000,-59000,1380000
2008/07/02,0,456000,-427035,28965
2008/07/03,0,395000,-790000,-395000
2008/07/04,0,39035,-637000,-597965
2008/07/07,0,203000,-323000,-120000
2008/07/08,0,781000,-1443000,-662000
2008/07/09,0,671000,-793000,-122000
2008/07/10,0,364000,-65000,299000
2008/07/11,0,449000,-169000,280000
2008/07/14,0,837000,-1289000,-452000
2008/07/15,0,348000,-419000,-71000
2008/07/16,0,1063000,-259142,803858
2008/07/17,0,221000,-1456000,-1235000
2008/07/18,0,422000,-481000,-59000
2008/07/21,0,416000,-288000,128000
2008/07/22,0,232000,-199500,32500
2008/07/23,0,676000,-670551,5449
2008/07/24,0,387000,-72250,314750
2008/07/25,0,70000,-388000,-318000
2008/07/28,0,0,0,0
2008/07/29,0,82000,-338000,-256000
2008/07/30,0,319000,-149000,170000
2008/07/31,0,489000,-314000,175000
2008/08/01,0,869000,-748572,120428
2008/08/04,0,103000,-1035000,-932000
2008/08/05,0,532000,-2011000,-1479000
2008/08/06,0,1100000,-405000,695000
2008/08/07,0,68000,-245000,-177000
2008/08/08,0,955000,-423000,532000
2008/08/11,0,421000,-158000,263000
2008/08/12,0,422000,-240000,182000
2008/08/13,0,110000,-347000,-237000
2008/08/14,0,510000,-209000,301000
2008/08/15,0,496000,-444000,52000
2008/08/18,0,496000,-910000,-414000
2008/08/19,0,63000,-393000,-330000
2008/08/20,0,331000,-318000,13000
2008/08/21,0,120500,-589000,-468500
2008/08/22,0,265000,-194000,71000
2008/08/25,0,1529000,-208000,1321000
2008/08/26,0,407600,-173000,234600
2008/08/27,0,1046000,-186000,860000
2008/08/28,0,612000,-543000,69000
2008/08/29,0,178000,-119299,58701
2008/09/01,0,217000,-498000,-281000
2008/09/02,0,81000,-218000,-137000
2008/09/03,0,195000,-468000,-273000
2008/09/04,0,124000,-2868000,-2744000
2008/09/05,0,613000,-320000,293000
2008/09/08,0,427000,-271000,156000
2008/09/09,0,225000,-412000,-187000
2008/09/10,0,137000,-792000,-655000
2008/09/11,0,138900,-480000,-341100
2008/09/12,0,169000,-399000,-230000
2008/09/15,0,408000,-520000,-112000
2008/09/16,0,1809000,-166000,1643000
2008/09/17,0,1124000,-789000,335000
2008/09/18,0,71000,-1954000,-1883000
2008/09/19,0,334000,-1749025,-1415025
2008/09/22,0,555380,-190000,365380
2008/09/23,0,330000,-60500,269500
2008/09/24,0,1610806,-1563806,47000
2008/09/25,0,517000,-686030,-169030
2008/09/26,0,83000,-569000,-486000
2008/09/29,0,0,0,0
2008/09/30,0,445000,-368000,77000
2008/10/01,0,184000,-346000,-162000
2008/10/02,0,236000,-231000,5000
2008/10/03,0,688000,-90000,598000
2008/10/06,0,179256,-657680,-478424
2008/10/07,0,468000,-185000,283000
2008/10/08,0,1097480,-487180,610300
2008/10/09,0,1155000,-298540,856460
2008/10/10,0,0,0,0
2008/10/13,0,536780,-621050,-84270
2008/10/14,0,471000,-120000,351000
2008/10/15,0,224000,-521380,-297380
2008/10/16,0,0,-16000,-16000
2008/10/17,0,242000,-139677,102323
2008/10/20,0,570000,-263060,306940
2008/10/21,0,176000,-517980,-341980
2008/10/22,0,262000,-291000,-29000
2008/10/23,0,79400,-817000,-737600
2008/10/24,0,9000,-32000,-23000
2008/10/27,0,68000,-335000,-267000
2008/10/28,0,238000,-576783,-338783
2008/10/29,0,344000,-552630,-208630
2008/10/30,0,375000,-130000,245000
2008/10/31,0,341324,-397000,-55676
2008/11/03,0,223000,-212000,11000
2008/11/04,0,1135000,-48000,1087000
2008/11/05,0,505000,-752000,-247000
2008/11/06,0,36000,-521000,-485000
2008/11/07,0,159000,-409000,-250000
2008/11/10,0,164000,-55000,109000
2008/11/11,0,239980,-263252,-23272
2008/11/12,0,270000,-291200,-21200
2008/11/13,0,90000,-257000,-167000
2008/11/14,0,282100,-192000,90100
2008/11/17,0,516000,-23000,493000
2008/11/18,0,535000,-165454,369546
2008/11/19,0,221000,-288000,-67000
2008/11/20,0,54000,-691274,-637274
2008/11/21,0,226000,-255868,-29868
2008/11/24,0,45000,-303000,-258000
2008/11/25,0,730000,-131131,598869
2008/11/26,0,246000,-309571,-63571
2008/11/27,0,335000,-56000,279000
2008/11/28,0,297000,-121413,175587
2008/12/01,0,421000,-227300,193700
2008/12/02,0,572000,-563345,8655
2008/12/03,0,149000,-325000,-176000
2008/12/04,0,261000,-310000,-49000
2008/12/05,0,287000,-162708,124292
2008/12/08,0,971000,-60000,911000
2008/12/09,0,620280,-280082,340198
2008/12/10,0,801980,-125000,676980
2008/12/11,0,720000,-349000,371000
2008/12/12,0,1277000,-567000,710000
2008/12/15,0,118000,-82000,36000
2008/12/16,0,418000,-158000,260000
2008/12/17,0,692000,-241000,451000
2008/12/18,0,326000,-555000,-229000
2008/12/19,0,663000,-137100,525900
2008/12/22,0,84000,-1310000,-1226000
2008/12/23,0,79000,-321000,-242000
2008/12/24,0,218240,-195000,23240
2008/12/25,0,26000,-162000,-136000
2008/12/26,0,45000,-49000,-4000
2008/12/29,0,184000,-57000,127000
2008/12/30,0,468000,-14000,454000
2008/12/31,0,135000,-147063,-12063
2009/01/01,0,0,0,0
2009/01/02,0,0,0,0
2009/01/05,0,1196000,-87000,1109000
2009/01/06,0,2317000,-788000,1529000
2009/01/07,0,1635848,-1108000,527848
2009/01/08,0,79000,-785000,-706000
2009/01/09,0,52000,-303000,-251000
2009/01/12,0,174926,-617000,-442074
2009/01/13,0,367000,-1043000,-676000
2009/01/14,0,82000,-577000,-495000
2009/01/15,0,45000,-1277000,-1232000
2009/01/16,0,126000,-322000,-196000
2009/01/19,0,55000,-81640,-26640
2009/01/20,0,523000,-688000,-165000
2009/01/21,0,422600,-273000,149600
2009/01/22,0,0,0,0
2009/01/23,0,0,0,0
2009/01/26,0,0,0,0
2009/01/27,0,0,0,0
2009/01/28,0,0,0,0
2009/01/29,0,0,0,0
2009/01/30,0,0,0,0
2009/02/02,0,1343771,-1344771,-1000
2009/02/03,0,1018000,-183980,834020
2009/02/04,0,392000,-249000,143000
2009/02/05,0,400000,-521112,-121112
2009/02/06,0,529000,-214000,315000
2009/02/09,0,93000,-2176000,-2083000
2009/02/10,0,243000,-1703700,-1460700
2009/02/11,0,386236,-3035236,-2649000
2009/02/12,0,163000,-1415000,-1252000
2009/02/13,0,1171000,-42000,1129000
2009/02/16,0,1721000,-5625000,-3904000
2009/02/17,0,558000,-1429620,-871620
2009/02/18,0,453000,-1098140,-645140
2009/02/19,0,641000,-6093000,-5452000
2009/02/20,0,600000,-8740000,-8140000
2009/02/23,0,730000,-113000,617000
2009/02/24,0,235000,-5851190,-5616190
2009/02/25,0,1265000,-508310,756690
2009/02/26,0,393890,-678980,-285090
2009/02/27,0,3453000,-136383,3316617
2009/03/02,0,142164,-3591360,-3449196
2009/03/03,0,208000,-1682000,-1474000
2009/03/04,0,2997390,-930000,2067390
2009/03/05,0,671000,-2968000,-2297000
2009/03/06,0,456000,-398216,57784
2009/03/09,0,320000,-519000,-199000
2009/03/10,0,576000,-80000,496000
2009/03/11,0,126407,-503000,-376593
2009/03/12,0,3082000,-202000,2880000
2009/03/13,0,2078000,-778000,1300000
2009/03/16,0,1176000,-191000,985000
2009/03/17,0,356000,-415000,-59000
2009/03/18,0,466000,-93000,373000
2009/03/19,0,163500,-297100,-133600
2009/03/20,0,303000,-203000,100000
2009/03/23,0,397000,-214000,183000
2009/03/24,0,301000,-78400,222600
2009/03/25,0,1099000,-26520,1072480
2009/03/26,0,495000,-147000,348000
2009/03/27,0,159000,-258000,-99000
2009/03/30,0,289000,-2090000,-1801000
2009/03/31,0,718000,-843284,-125284
2009/04/01,0,579000,-94000,485000
2009/04/02,0,773000,-292000,481000
2009/04/03,0,827000,-238000,589000
2009/04/06,0,124000,-528000,-404000
2009/04/07,0,893000,-291000,602000
2009/04/08,0,604000,-895000,-291000
2009/04/09,0,1014000,-514000,500000
2009/04/10,0,564000,-1033000,-469000
2009/04/13,0,1509000,-1677982,-168982
2009/04/14,0,1098778,-226000,872778
2009/04/15,0,492000,-281000,211000
2009/04/16,0,555000,-625000,-70000
2009/04/17,0,931165,-145000,786165
2009/04/20,0,597000,-91000,506000
2009/04/21,0,575000,-302000,273000
2009/04/22,0,749000,-293000,456000
2009/04/23,0,616000,-216000,400000
2009/04/24,0,1842000,-548000,1294000
2009/04/27,0,272000,-1042000,-770000
2009/04/28,0,692000,-571000,121000
2009/04/29,0,675000,-760000,-85000
2009/04/30,0,1420112,-29000,1391112
2009/05/01,0,0,0,0
2009/05/04,0,927000,-32000,895000
2009/05/05,0,2613000,-747000,1866000
2009/05/06,0,1185000,-601000,584000
2009/05/07,0,1553000,-956000,597000
2009/05/08,0,2458785,-1264785,1194000
2009/05/11,0,1606000,-624000,982000
2009/05/12,0,1459251,-503000,956251
2009/05/13,0,882000,-223000,659000
2009/05/14,0,469446,-593446,-124000
2009/05/15,0,1055000,-652000,403000
2009/05/18,0,864000,-591000,273000
2009/05/19,0,1086000,-128246,957754
2009/05/20,0,943000,-948000,-5000
2009/05/21,0,419000,-574000,-155000
2009/05/22,0,111000,-1183000,-1072000
2009/05/25,0,265000,-420180,-155180
2009/05/26,0,575000,-634000,-59000
2009/05/27,0,3620180,-2103644,1516536
2009/05/28,0,0,0,0
2009/05/29,0,0,0,0
2009/06/01,0,700000,-382000,318000
2009/06/02,0,412000,-1646000,-1234000
2009/06/03,0,1204000,-4016000,-2812000
2009/06/04,0,385000,-391255,-6255
2009/06/05,0,514694,-383000,131694
2009/06/08,0,212000,-490000,-278000
2009/06/09,0,665000,-363000,302000
2009/06/10,0,255000,-787847,-532847
2009/06/11,0,756000,-169000,587000
2009/06/12,0,193000,-631000,-438000
2009/06/15,0,182000,-692000,-510000
2009/06/16,0,954000,-1207720,-253720
2009/06/17,0,89000,-592000,-503000
2009/06/18,0,457000,-2362000,-1905000
2009/06/19,0,2015000,-480000,1535000
2009/06/22,0,409000,-773000,-364000
2009/06/23,0,207100,-633000,-425900
2009/06/24,0,862002,-334000,528002
2009/06/25,0,532000,-159000,373000
2009/06/26,0,104000,-334000,-230000
2009/06/29,0,417000,-737000,-320000
2009/06/30,0,1282500,-154002,1128498
2009/07/01,0,680140,-928000,-247860
2009/07/02,0,1196080,-837000,359080
2009/07/03,0,146352,-149000,-2648
2009/07/06,0,144000,-301000,-157000
2009/07/07,0,887039,-924879,-37840
2009/07/08,0,53712,-704310,-650598
2009/07/09,0,488000,-428000,60000
2009/07/10,0,436000,-67000,369000
2009/07/13,0,237000,-634000,-397000
2009/07/14,0,545000,-236284,308716
2009/07/15,0,535000,-516500,18500
2009/07/16,0,470000,-778000,-308000
2009/07/17,0,547499,-80840,466659
2009/07/20,0,652000,-47411,604589
2009/07/21,0,865000,-157360,707640
2009/07/22,0,510000,-108000,402000
2009/07/23,0,397000,-601700,-204700
2009/07/24,0,953000,-1181270,-228270
2009/07/27,0,469000,-532000,-63000
2009/07/28,0,112000,-532000,-420000
2009/07/29,0,185000,-283233,-98233
2009/07/30,0,126000,-511000,-385000
2009/07/31,0,255000,-812000,-557000
2009/08/03,0,102000,-931000,-829000
2009/08/04,0,608000,-218000,390000
2009/08/05,0,438000,-595000,-157000
2009/08/06,0,62000,-399000,-337000
2009/08/07,0,0,0,0
2009/08/10,0,217936,-358000,-140064
2009/08/11,0,509000,-274000,235000
2009/08/12,0,288000,-943000,-655000
2009/08/13,0,464000,-54000,410000
2009/08/14,0,91000,-75000,16000
2009/08/17,0,112000,-3438000,-3326000
2009/08/18,0,104000,-642000,-538000
2009/08/19,0,903000,-443423,459577
2009/08/20,0,1731000,-1193000,538000
2009/08/21,0,446000,-485320,-39320
2009/08/24,0,339000,-109000,230000
2009/08/25,0,1307000,-267000,1040000
2009/08/26,0,228000,-280000,-52000
2009/08/27,0,408000,-342000,66000
2009/08/28,0,764000,-13000,751000
2009/08/31,0,113000,-718799,-605799
2009/09/01,0,727980,-549777,178203
2009/09/02,0,177000,-517000,-340000
2009/09/03,0,1941000,-242000,1699000
2009/09/04,0,1172000,-1329000,-157000
2009/09/07,0,1119000,-349000,770000
2009/09/08,0,1570000,-89000,1481000
2009/09/09,0,1404000,-727000,677000
2009/09/10,0,1400000,-99050,1300950
2009/09/11,0,197000,-705000,-508000
2009/09/14,0,93000,-1097000,-1004000
2009/09/15,0,622000,-1172000,-550000
2009/09/16,0,331200,-428000,-96800
2009/09/17,0,1136000,-224230,911770
2009/09/18,0,1130000,-479000,651000
2009/09/21,0,74000,-1197000,-1123000
2009/09/22,0,174000,-55000,119000
2009/09/23,0,120300,-1738000,-1617700
2009/09/24,0,86000,-1030000,-944000
2009/09/25,0,491000,-1842970,-1351970
2009/09/28,0,124000,-664000,-540000
2009/09/29,0,398000,-511000,-113000
2009/09/30,0,695000,-172000,523000
2009/10/01,0,307620,-482000,-174380
2009/10/02,0,107000,-247000,-140000
2009/10/05,0,486110,-520110,-34000
2009/10/06,0,223000,-127000,96000
2009/10/07,0,294000,-410590,-116590
2009/10/08,0,319000,-563265,-244265
2009/10/09,0,441000,-44000,397000
2009/10/12,0,111000,-130000,-19000
2009/10/13,0,1250040,-1389984,-139944
2009/10/14,0,342730,-197160,145570
2009/10/15,0,2126000,-88418,2037582
2009/10/16,0,450000,-317000,133000
2009/10/19,0,240000,-363357,-123357
2009/10/20,0,18000,-60000,-42000
2009/10/21,0,147000,-237000,-90000
2009/10/22,0,356360,-413107,-56747
2009/10/23,0,110470,-321000,-210530
2009/10/26,0,211000,-18000,193000
2009/10/27,0,413000,-146191,266809
2009/10/28,0,904000,-1235000,-331000
2009/10/29,0,885100,-656000,229100
2009/10/30,0,86000,-1824000,-1738000
2009/11/02,0,209000,-579020,-370020
2009/11/03,0,113000,-343000,-230000
2009/11/04,0,158000,-137452,20548
2009/11/05,0,183000,-150000,33000
2009/11/06,0,306646,-4000,302646
2009/11/09,0,227000,-4100,222900
2009/11/10,0,219000,-41593,177407
2009/11/11,0,1076000,-14000,1062000
2009/11/12,0,341000,-252000,89000
2009/11/13,0,337000,-41000,296000
2009/11/16,0,902000,-127000,775000
2009/11/17,0,530000,-119000,411000
2009/11/18,0,1840000,-301000,1539000
2009/11/19,0,2286220,-3613000,-1326780
2009/11/20,0,554000,-1713160,-1159160
2009/11/23,0,147000,-1394650,-1247650
2009/11/24,0,1001000,-289020,711980
2009/11/25,0,636000,-1030000,-394000
2009/11/26,0,54000,-873000,-819000
2009/11/27,0,414000,-1205000,-791000
2009/11/30,0,1144000,-444984,699016
2009/12/01,0,726575,-1585000,-858425
2009/12/02,0,1190000,-678000,512000
2009/12/03,0,582817,-127381,455436
2009/12/04,0,321000,-507512,-186512
2009/12/07,0,218000,-286000,-68000
2009/12/08,0,1042000,-726000,316000
2009/12/09,0,335000,-275360,59640
2009/12/10,0,1009000,-673670,335330
2009/12/11,0,439000,-194000,245000
2009/12/14,0,1350000,-109604,1240396
2009/12/15,0,1133600,-367000,766600
2009/12/16,0,709952,-1353970,-644018
2009/12/17,0,114320,-1703000,-1588680
2009/12/18,0,164000,-250500,-86500
2009/12/21,0,497000,-137000,360000
2009/12/22,0,150000,-33000,117000
2009/12/23,0,954000,-48715,905285
2009/12/24,0,1668000,-130040,1537960
2009/12/25,0,121000,-706000,-585000
2009/12/28,0,940000,-1032000,-92000
2009/12/29,0,809000,-226000,583000
2009/12/30,0,935880,-317000,618880
2009/12/31,0,1264000,-124000,1140000
2010/01/01,0,0,0,0
2010/01/04,0,220000,-77000,143000
2010/01/05,0,272630,-1017000,-744370
2010/01/06,0,292000,-1249000,-957000
2010/01/07,0,395000,-218262,176738
2010/01/08,0,770170,-174000,596170
2010/01/11,0,4566000,-637000,3929000
2010/01/12,0,2665000,-254000,2411000
2010/01/13,0,495000,-160000,335000
2010/01/14,0,1497892,-16080,1481812
2010/01/15,0,2668000,-199880,2468120
2010/01/18,0,3699000,-358000,3341000
2010/01/19,0,238000,-1035210,-797210
2010/01/20,0,2422000,-370000,2052000
2010/01/21,0,1678000,-1467830,210170
2010/01/22,0,863000,-2104000,-1241000
2010/01/25,0,107440,-763300,-655860
2010/01/26,0,977000,-2265000,-1288000
2010/01/27,0,562000,-222780,339220
2010/01/28,0,749000,-1648000,-899000
2010/01/29,0,412000,-1052690,-640690
2010/02/01,0,408000,-2505000,-2097000
2010/02/02,0,405000,-510040,-105040
2010/02/03,0,625550,-2985173,-2359623
2010/02/04,0,281000,-919000,-638000
2010/02/05,0,704000,-2283150,-1579150
2010/02/08,0,1093142,-910654,182488
2010/02/09,0,200000,-434840,-234840
2010/02/10,0,604000,-1182000,-578000
2010/02/11,0,0,0,0
2010/02/12,0,0,0,0
2010/02/15,0,0,0,0
2010/02/16,0,0,0,0
2010/02/17,0,0,0,0
2010/02/18,0,0,0,0
2010/02/19,0,0,0,0
2010/02/22,0,1486000,-303580,1182420
2010/02/23,0,930000,-238000,692000
2010/02/24,0,560000,-366000,194000
2010/02/25,0,368800,-512000,-143200
2010/02/26,0,314281,-127000,187281
2010/03/01,0,546000,-592000,-46000
2010/03/02,0,1074000,-608000,466000
2010/03/03,0,341000,-21000,320000
2010/03/04,0,371000,-253000,118000
2010/03/05,0,832000,-106000,726000
2010/03/08,0,571000,-269000,302000
2010/03/09,0,935620,-2000,933620
2010/03/10,0,192407,-160000,32407
2010/03/11,0,809000,-122670,686330
2010/03/12,0,617000,-69000,548000
2010/03/15,0,67000,-248000,-181000
2010/03/16,0,115000,-447000,-332000
2010/03/17,0,822000,-24952,797048
2010/03/18,0,2603000,-592000,2011000
2010/03/19,0,413000,-4348000,-3935000
2010/03/22,0,215000,-3580190,-3365190
2010/03/23,0,68000,-2804000,-2736000
2010/03/24,0,890000,-585000,305000
2010/03/25,0,101000,-380000,-279000
2010/03/26,0,944000,-550001,393999
2010/03/29,0,1400000,-226000,1174000
2010/03/30,0,1531000,-2266000,-735000
2010/03/31,0,2006000,-795878,1210122
2010/04/01,0,611000,-104070,506930
2010/04/02,0,119000,-282000,-163000
2010/04/05,0,0,0,0
2010/04/06,0,1734000,-497000,1237000
2010/04/07,0,1527840,-1066000,461840
2010/04/08,0,281000,-243000,38000
2010/04/09,0,1116000,-61600,1054400
2010/04/12,0,271580,-86000,185580
2010/04/13,0,247000,-601000,-354000
2010/04/14,0,164000,-350430,-186430
2010/04/15,0,254000,-319000,-65000
2010/04/16,0,67160,-307800,-240640
2010/04/19,0,39000,-390390,-351390
2010/04/20,0,24000,-209000,-185000
2010/04/21,0,969001,-83000,886001
2010/04/22,0,247000,-1232300,-985300
2010/04/23,0,830000,-242000,588000
2010/04/26,0,970000,-4000,966000
2010/04/27,0,1154902,-419902,735000
2010/04/28,0,174000,-297950,-123950
2010/04/29,0,477000,-292000,185000
2010/04/30,0,691000,-637120,53880
2010/05/03,0,67500,-835000,-767500
2010/05/04,0,738000,-1186000,-448000
2010/05/05,0,957000,-2507800,-1550800
2010/05/06,0,538080,-1743000,-1204920
2010/05/07,0,624000,-943690,-319690
2010/05/10,0,29530,-1067830,-1038300
2010/05/11,0,79000,-2664000,-2585000
2010/05/12,0,207000,-814000,-607000
2010/05/13,0,1504000,-1427000,77000
2010/05/14,0,879000,-210000,669000
2010/05/17,0,686264,-478000,208264
2010/05/18,0,563000,-127812,435188
2010/05/19,0,303000,-387900,-84900
2010/05/20,0,168000,-1086000,-918000
2010/05/21,0,929000,-745250,183750
2010/05/24,0,629000,-277000,352000
2010/05/25,0,145000,-759000,-614000
2010/05/26,0,507000,-2262810,-1755810
2010/05/27,0,2102000,-312496,1789504
2010/05/28,0,1709000,-808000,901000
2010/05/31,0,1018000,-254000,764000
2010/06/01,0,182000,-1225000,-1043000
2010/06/02,0,155000,-906000,-751000
2010/06/03,0,129000,-106000,23000
2010/06/04,0,249000,-163000,86000
2010/06/07,0,1911758,-650664,1261094
2010/06/08,0,296000,-380000,-84000
2010/06/09,0,27000,-1208000,-1181000
2010/06/10,0,1223000,-276000,947000
2010/06/11,0,909624,-1648212,-738588
2010/06/14,0,1389624,-220000,1169624
2010/06/15,0,856248,-389400,466848
2010/06/16,0,0,0,0
2010/06/17,0,1171786,-322000,849786
2010/06/18,0,419586,-2189125,-1769539
2010/06/21,0,860193,-23157,837036
2010/06/22,0,1036284,-24000,1012284
2010/06/23,0,300713,-795292,-494579
2010/06/24,0,703000,-122950,580050
2010/06/25,0,1374000,-545774,828226
2010/06/28,0,44000,-474000,-430000
2010/06/29,0,501000,-1079000,-578000
2010/06/30,0,457000,-1951000,-1494000
2010/07/01,0,614000,-1598200,-984200
2010/07/02,0,52000,-264911,-212911
2010/07/05,0,332533,-297000,35533
2010/07/06,0,453000,-173000,280000
2010/07/07,0,88928,-147000,-58072
2010/07/08,0,562000,-29000,533000
2010/07/09,0,6689000,-46000,6643000
2010/07/12,0,2498470,-703896,1794574
2010/07/13,0,1063000,-1432000,-369000
2010/07/14,0,2187530,-376428,1811102
2010/07/15,0,1048000,-1083000,-35000
2010/07/16,0,912732,-1060000,-147268
2010/07/19,0,271000,-304000,-33000
2010/07/20,0,353000,-169000,184000
2010/07/21,0,273000,-224110,48890
2010/07/22,0,275940,-1302000,-1026060
2010/07/23,0,430000,-183000,247000
2010/07/26,0,1504410,-115000,1389410
2010/07/27,0,204650,-1241000,-1036350
2010/07/28,0,412000,-72000,340000
2010/07/29,0,449000,-5092813,-4643813
2010/07/30,0,1076472,-460420,616052
2010/08/02,0,1541000,-332000,1209000
2010/08/03,0,591000,-196000,395000
2010/08/04,0,98000,-104000,-6000
2010/08/05,0,113000,-1051000,-938000
2010/08/06,0,352000,-1113756,-761756
2010/08/09,0,386000,-149000,237000
2010/08/10,0,640000,-1036000,-396000
2010/08/11,0,121000,-356516,-235516
2010/08/12,0,257000,-494000,-237000
2010/08/13,0,436166,-172000,264166
2010/08/16,0,555000,-348000,207000
2010/08/17,0,1000,-95000,-94000
2010/08/18,0,696000,-350000,346000
2010/08/19,0,87020,-183000,-95980
2010/08/20,0,103000,-68000,35000
2010/08/23,0,224000,-111226,112774
2010/08/24,0,121000,-3484000,-3363000
2010/08/25,0,845000,-2642140,-1797140
2010/08/26,0,621000,-489000,132000
2010/08/27,0,289000,-513124,-224124
2010/08/30,0,788903,-97520,691383
2010/08/31,0,683000,-276959,406041
2010/09/01,0,913570,-701000,212570
2010/09/02,0,2047100,-1408285,638815
2010/09/03,0,98000,-102000,-4000
2010/09/06,0,255676,-1759606,-1503930
2010/09/07,0,85946,-163103,-77157
2010/09/08,0,588580,-550796,37784
2010/09/09,0,225000,-535000,-310000
2010/09/10,0,270700,-49000,221700
2010/09/13,0,640000,-334,639666
2010/09/14,0,1077778,-512000,565778
2010/09/15,0,1626228,-959260,666968
2010/09/16,0,375230,-809160,-433930
2010/09/17,0,596000,-472000,124000
2010/09/20,0,113000,-31000,82000
2010/09/21,0,628000,-3000,625000
2010/09/22,0,0,0,0
2010/09/23,0,621020,-556715,64305
2010/09/24,0,338960,-1586000,-1247040
2010/09/27,0,399640,-129000,270640
2010/09/28,0,169870,-965000,-795130
2010/09/29,0,766000,-373000,393000
2010/09/30,0,139000,-244000,-105000
2010/10/01,0,250640,-153000,97640
2010/10/04,0,380360,-675000,-294640
2010/10/05,0,393600,-1744620,-1351020
2010/10/06,0,177361,-193006,-15645
2010/10/07,0,183900,-308000,-124100
2010/10/08,0,327690,-889000,-561310
2010/10/11,0,615870,-445200,170670
2010/10/12,0,123110,-273000,-149890
2010/10/13,0,341640,-333616,8024
2010/10/14,0,556620,-93630,462990
2010/10/15,0,130810,-430003,-299193
2010/10/18,0,123000,-333387,-210387
2010/10/19,0,257000,-594090,-337090
2010/10/20,0,642000,-1095361,-453361
2010/10/21,0,703000,-1375000,-672000
2010/10/22,0,23000,-410000,-387000
2010/10/25,0,291000,-80320,210680
2010/10/26,0,117373,-204001,-86628
2010/10/27,0,474730,-87132,387598
2010/10/28,0,960146,-569050,391096
2010/10/29,0,86000,-181650,-95650
2010/11/01,0,524044,-153000,371044
2010/11/02,0,210000,-221000,-11000
2010/11/03,0,1306000,-1502000,-196000
2010/11/04,0,822000,-448420,373580
2010/11/05,0,3132000,-318659,2813341
2010/11/08,0,85000,-457000,-372000
2010/11/09,0,265000,-90500,174500
2010/11/10,0,413000,-156580,256420
2010/11/11,0,860000,-2705154,-1845154
2010/11/12,0,115000,-759750,-644750
2010/11/15,0,256480,-163808,92672
2010/11/16,0,217000,-173000,44000
2010/11/17,0,141000,-484000,-343000
2010/11/18,0,215000,-94360,120640
2010/11/19,0,182360,-311000,-128640
2010/11/22,0,76820,-169000,-92180
2010/11/23,0,149120,-159877,-10757
2010/11/24,0,290000,-162040,127960
2010/11/25,0,1033000,-212930,820070
2010/11/26,0,505000,-1328000,-823000
2010/11/29,0,706000,-323689,382311
2010/11/30,0,1806011,-574409,1231602
2010/12/01,0,1277000,-291000,986000
2010/12/02,0,757000,-194950,562050
2010/12/03,0,801000,-852020,-51020
2010/12/06,0,763000,-294000,469000
2010/12/07,0,208850,-301000,-92150
2010/12/08,0,68000,-280000,-212000
2010/12/09,0,328000,-780000,-452000
2010/12/10,0,591315,-110110,481205
2010/12/13,0,42000,-166000,-124000
2010/12/14,0,105000,-121000,-16000
2010/12/15,0,165000,-336500,-171500
2010/12/16,0,68000,-154000,-86000
2010/12/17,0,411000,-154000,257000
2010/12/20,0,409540,-903000,-493460
2010/12/21,0,75000,-329996,-254996
2010/12/22,0,74000,-286950,-212950
2010/12/23,0,213000,-153000,60000
2010/12/24,0,83000,-50000,33000
2010/12/27,0,161000,0,161000
2010/12/28,0,246000,-8000,238000
2010/12/29,0,167270,-219000,-51730
2010/12/30,0,479000,-622000,-143000
2010/12/31,0,336000,-45350,290650
2011/01/03,0,277000,-1321340,-1044340
2011/01/04,0,156000,-4000,152000
2011/01/05,0,777000,-313250,463750
2011/01/06,0,599000,-1791000,-1192000
2011/01/07,0,120000,-281400,-161400
2011/01/10,0,238000,-35000,203000
2011/01/11,0,307000,-355000,-48000
2011/01/12,0,420570,-22260,398310
2011/01/13,0,140623,-67400,73223
2011/01/14,0,133000,-6000,127000
2011/01/17,0,106302,-141000,-34698
2011/01/18,0,315000,-106560,208440
2011/01/19,0,242000,-63000,179000
2011/01/20,0,117000,-183180,-66180
2011/01/21,0,307990,-882450,-574460
2011/01/24,0,62000,-109000,-47000
2011/01/25,0,377000,-390000,-13000
2011/01/26,0,729000,-104670,624330
2011/01/27,0,186000,-1496190,-1310190
2011/01/28,0,289250,-1165810,-876560
2011/01/31,0,0,0,0
2011/02/01,0,0,0,0
2011/02/02,0,0,0,0
2011/02/03,0,0,0,0
2011/02/04,0,0,0,0
2011/02/07,0,0,0,0
2011/02/08,0,470000,-1528000,-1058000
2011/02/09,0,364000,-962750,-598750
2011/02/10,0,246000,-765560,-519560
2011/02/11,0,254000,-1443000,-1189000
2011/02/14,0,15000,-1288480,-1273480
2011/02/15,0,91000,-509828,-418828
2011/02/16,0,27000,-334000,-307000
2011/02/17,0,552000,-690050,-138050
2011/02/18,0,539000,-291000,248000
2011/02/21,0,588000,-120000,468000
2011/02/22,0,186000,-2011120,-1825120
2011/02/23,0,192635,-524464,-331829
2011/02/24,0,92000,-413000,-321000
2011/02/25,0,613000,-143312,469688
2011/02/28,0,0,0,0
2011/03/01,0,277000,-275428,1572
2011/03/02,0,242000,-489000,-247000
2011/03/03,0,292000,-112000,180000
2011/03/04,0,118000,-399000,-281000
2011/03/07,0,562000,-465000,97000
2011/03/08,0,371000,-75000,296000
2011/03/09,0,423000,-140320,282680
2011/03/10,0,50000,-247690,-197690
2011/03/11,0,67000,-242360,-175360
2011/03/14,0,193000,-484000,-291000
2011/03/15,0,466370,-592020,-125650
2011/03/16,0,1688870,-778370,910500
2011/03/17,0,1284000,-121790,1162210
2011/03/18,0,483000,-701941,-218941
2011/03/21,0,443000,-158000,285000
2011/03/22,0,173000,-259000,-86000
2011/03/23,0,419000,-269000,150000
2011/03/24,0,70000,-248000,-178000
2011/03/25,0,499000,-960000,-461000
2011/03/28,0,253000,-87000,166000
2011/03/29,0,619600,-767240,-147640
2011/03/30,0,1054000,-74000,980000
2011/03/31,0,677270,-149222,528048
2011/04/01,0,556000,-132000,424000
2011/04/04,0,0,0,0
2011/04/05,0,0,0,0
2011/04/06,0,924192,-21000,903192
2011/04/07,0,276641,-122641,154000
2011/04/08,0,585527,-459000,126527
2011/04/11,0,248000,-87700,160300
2011/04/12,0,199008,-27000,172008
2011/04/13,0,169000,-67000,102000
2011/04/14,0,660000,-132700,527300
2011/04/15,0,1959000,-92020,1866980
2011/04/18,0,308000,-173721,134279
2011/04/19,0,455000,-435000,20000
2011/04/20,0,991459,-488000,503459
2011/04/21,0,1025548,-276000,749548
2011/04/22,0,525000,-257000,268000
2011/04/25,0,168000,-451000,-283000
2011/04/26,0,396529,-686000,-289471
2011/04/27,0,494000,-1362000,-868000
2011/04/28,0,898709,-184101,714608
2011/04/29,0,574293,-1169503,-595210
2011/05/02,0,0,0,0
2011/05/03,0,562000,-389000,173000
2011/05/04,0,695000,-953230,-258230
2011/05/05,0,454000,-670182,-216182
2011/05/06,0,400000,-562000,-162000
2011/05/09,0,502000,-214000,288000
2011/05/10,0,176000,-130000,46000
2011/05/11,0,143000,-118000,25000
2011/05/12,0,153000,-351525,-198525
2011/05/13,0,463000,-269000,194000
2011/05/16,0,606000,-830000,-224000
2011/05/17,0,348000,-267000,81000
2011/05/18,0,435000,-490000,-55000
2011/05/19,0,453000,-354085,98915
2011/05/20,0,535000,-381000,154000
2011/05/23,0,154000,-537000,-383000
2011/05/24,0,242000,-121940,120060
2011/05/25,0,165000,-579000,-414000
2011/05/26,0,193125,-323638,-130513
2011/05/27,0,152000,-26000,126000
2011/05/30,0,89000,-243000,-154000
2011/05/31,0,1704393,-794000,910393
2011/06/01,0,531169,-653170,-122001
2011/06/02,0,494000,-114000,380000
2011/06/03,0,213410,-16020,197390
2011/06/06,0,0,0,0
2011/06/07,0,270000,-554280,-284280
2011/06/08,0,174000,-234000,-60000
2011/06/09,0,232958,-344000,-111042
2011/06/10,0,470040,-344000,126040
2011/06/13,0,270000,-1576639,-1306639
2011/06/14,0,981000,-253000,728000
2011/06/15,0,1769000,-584000,1185000
2011/06/16,0,976623,-790000,186623
2011/06/17,0,1343136,-919279,423857
2011/06/20,0,582000,-87288,494712
2011/06/21,0,1230000,-109000,1121000
2011/06/22,0,175000,-989000,-814000
2011/06/23,0,229185,-447981,-218796
2011/06/24,0,348000,-213715,134285
2011/06/27,0,938000,-804747,133253
2011/06/28,0,388000,-617151,-229151
2011/06/29,0,357000,-192000,165000
2011/06/30,0,242000,-234300,7700
2011/07/01,0,54489,-700339,-645850
2011/07/04,0,1848952,-544000,1304952
2011/07/05,0,383272,-115000,268272
2011/07/06,0,221600,-96000,125600
2011/07/07,0,497366,-360000,137366
2011/07/08,0,254334,-97000,157334
2011/07/11,0,96120,-493110,-396990
2011/07/12,0,287548,-940000,-652452
2011/07/13,0,303229,-110000,193229
2011/07/14,0,342293,-2420000,-2077707
2011/07/15,0,514490,-3499000,-2984510
2011/07/18,0,778669,-1174830,-396161
2011/07/19,0,879000,-162900,716100
2011/07/20,0,1123757,-1247859,-124102
2011/07/21,0,582648,-286000,296648
2011/07/22,0,373098,-98000,275098
2011/07/25,0,278337,-102000,176337
2011/07/26,0,554704,-159000,395704
2011/07/27,0,277194,-148000,129194
2011/07/28,0,233303,-154000,79303
2011/07/29,0,270515,-419000,-148485
2011/08/01,0,763183,-173090,590093
2011/08/02,0,387451,-21000,366451
2011/08/03,0,306754,-202000,104754
2011/08/04,0,382290,-174000,208290
2011/08/05,0,91107,-611000,-519893
2011/08/08,0,337171,-809000,-471829
2011/08/09,0,405000,-1083157,-678157
2011/08/10,0,521000,-1209000,-688000
2011/08/11,0,1113000,-306000,807000
2011/08/12,0,196000,-683990,-487990
2011/08/15,0,265974,-73000,192974
2011/08/16,0,76000,-258000,-182000
2011/08/17,0,402692,-727000,-324308
2011/08/18,0,184137,-796000,-611863
2011/08/19,0,1219518,-246000,973518
2011/08/22,0,709271,-153000,556271
2011/08/23,0,363000,-211685,151315
2011/08/24,0,58959,-870540,-811581
2011/08/25,0,341251,-251248,90003
2011/08/26,0,220563,-188000,32563
2011/08/29,0,376000,-385540,-9540
2011/08/30,0,170305,-545000,-374695
2011/08/31,0,801681,-361000,440681
2011/09/01,0,786710,-180903,605807
2011/09/02,0,351748,-512930,-161182
2011/09/05,0,571000,-774747,-203747
2011/09/06,0,460466,-367321,93145
2011/09/07,0,346000,-65000,281000
2011/09/08,0,766090,-597000,169090
2011/09/09,0,755000,-119000,636000
2011/09/12,0,0,0,0
2011/09/13,0,381509,-311000,70509
2011/09/14,0,660858,-1271675,-610817
2011/09/15,0,1395000,-1267181,127819
2011/09/16,0,2291900,-224000,2067900
2011/09/19,0,487458,-178001,309457
2011/09/20,0,2728000,-479000,2249000
2011/09/21,0,2127773,-686000,1441773
2011/09/22,0,314399,-495000,-180601
2011/09/23,0,654437,-2684000,-2029563
2011/09/26,0,772419,-747000,25419
2011/09/27,0,655000,-146000,509000
2011/09/28,0,416951,-391000,25951
2011/09/29,0,464379,-504000,-39621
2011/09/30,0,238000,-962280,-724280
2011/10/03,0,253454,-1015000,-761546
2011/10/04,0,1341000,-540750,800250
2011/10/05,0,1152000,-566000,586000
2011/10/06,0,641000,-767000,-126000
2011/10/07,0,351000,-126000,225000
2011/10/10,0,0,0,0
2011/10/11,0,395000,-131000,264000
2011/10/12,0,753000,-14000,739000
2011/10/13,0,490498,-140000,350498
2011/10/14,0,339127,-98001,241126
2011/10/17,0,291129,-508000,-216871
2011/10/18,0,516495,-1336061,-819566
2011/10/19,0,211264,-293060,-81796
2011/10/20,0,99112,-374670,-275558
2011/10/21,0,137220,-330000,-192780
2011/10/24,0,642091,-76612,565479
2011/10/25,0,80963,-104040,-23077
2011/10/26,0,325000,-213200,111800
2011/10/27,0,115000,-361000,-246000
2011/10/28,0,387000,-201000,186000
2011/10/31,0,367000,-328000,39000
2011/11/01,0,635000,-101000,534000
2011/11/02,0,702000,-399000,303000
2011/11/03,0,638000,-824600,-186600
2011/11/04,0,407000,-2783000,-2376000
2011/11/07,0,379000,-169000,210000
2011/11/08,0,237000,-330542,-93542
2011/11/09,0,254000,-74000,180000
2011/11/10,0,44000,-353000,-309000
2011/11/11,0,112000,-1064000,-952000
2011/11/14,0,575000,-52000,523000
2011/11/15,0,72000,-63000,9000
2011/11/16,0,351000,-216000,135000
2011/11/17,0,431000,-148399,282601
2011/11/18,0,406000,-500000,-94000
2011/11/21,0,242000,-482000,-240000
2011/11/22,0,239000,-838000,-599000
2011/11/23,0,1239000,-374000,865000
2011/11/24,0,482000,-256000,226000
2011/11/25,0,339000,-635000,-296000
2011/11/28,0,409384,-142000,267384
2011/11/29,0,175000,-208340,-33340
2011/11/30,0,3750470,-469000,3281470
2011/12/01,0,1620000,-203160,1416840
2011/12/02,0,562000,-136000,426000
2011/12/05,0,149000,-51000,98000
2011/12/06,0,514000,-855000,-341000
2011/12/07,0,930000,-509000,421000
2011/12/08,0,290000,-272000,18000
2011/12/09,0,647000,-240000,407000
2011/12/12,0,241000,-91000,150000
2011/12/13,0,436000,-164000,272000
2011/12/14,0,369000,-244100,124900
2011/12/15,0,474000,-553000,-79000
2011/12/16,0,538000,-338502,199498
2011/12/19,0,389000,-317000,72000
2011/12/20,0,990000,-517000,473000
2011/12/21,0,796000,-649000,147000
2011/12/22,0,157000,-252180,-95180
2011/12/23,0,493000,-269000,224000
2011/12/26,0,194000,-167000,27000
2011/12/27,0,182000,-425000,-243000
2011/12/28,0,269000,-221000,48000
2011/12/29,0,306000,-72980,233020
2011/12/30,0,542001,-16000,526001
2012/01/02,0,61000,-101001,-40001
2012/01/03,0,428000,-31722,396278
2012/01/04,0,244000,-233580,10420
2012/01/05,0,2317000,-1195830,1121170
2012/01/06,0,694000,-229000,465000
2012/01/09,0,367000,-200000,167000
2012/01/10,0,1936001,-2077000,-140999
2012/01/11,0,1464000,-180000,1284000
2012/01/12,0,425000,-460000,-35000
2012/01/13,0,675000,-180000,495000
2012/01/16,0,279000,-161000,118000
2012/01/17,0,805000,-182000,623000
2012/01/18,0,2096000,-503090,1592910
2012/01/19,0,0,0,0
2012/01/20,0,0,0,0
2012/01/23,0,0,0,0
2012/01/24,0,0,0,0
2012/01/25,0,0,0,0
2012/01/26,0,0,0,0
2012/01/27,0,0,0,0
2012/01/30,0,925715,-534000,391715
2012/01/31,0,811859,-485000,326859
2012/02/01,0,685000,-174000,511000
2012/02/02,0,1106000,-191368,914632
2012/02/03,0,328000,-561000,-233000
2012/02/06,0,626000,-238690,387310
2012/02/07,0,3171000,-1399000,1772000
2012/02/08,0,3698080,-1127000,2571080
2012/02/09,0,2217000,-688159,1528841
2012/02/10,0,1560000,-315000,1245000
2012/02/13,0,2771000,-344000,2427000
2012/02/14,0,1184000,-898200,285800
2012/02/15,0,2537000,-345000,2192000
2012/02/16,0,5467000,-1256206,4210794
2012/02/17,0,3066000,-892336,2173664
2012/02/20,0,2042000,-1052000,990000
2012/02/21,0,2286000,-378000,1908000
2012/02/22,0,4506000,-1243981,3262019
2012/02/23,0,1373000,-933000,440000
2012/02/24,0,1465000,-708000,757000
2012/02/27,0,0,0,0
2012/02/28,0,0,0,0
2012/02/29,0,1012058,-491150,520908
2012/03/01,0,537467,-360000,177467
2012/03/02,0,564106,-154100,410006
2012/03/05,0,1418480,-1425110,-6630
2012/03/06,0,1196000,-535020,660980
2012/03/07,0,605000,-440000,165000
2012/03/08,0,403000,-512330,-109330
2012/03/09,0,85000,-207000,-122000
2012/03/12,0,295000,-144000,151000
2012/03/13,0,1155000,-228220,926780
2012/03/14,0,744000,-209021,534979
2012/03/15,0,1226000,-440000,786000
2012/03/16,0,719000,-310000,409000
2012/03/19,0,683000,-310152,372848
2012/03/20,0,193000,-391000,-198000
2012/03/21,0,1212400,-745400,467000
2012/03/22,0,1002000,-713000,289000
2012/03/23,0,293000,-341000,-48000
2012/03/26,0,190000,-802000,-612000
2012/03/27,0,476000,-223000,253000
2012/03/28,0,262000,-241000,21000
2012/03/29,0,624000,-1205000,-581000
2012/03/30,0,678770,-388070,290700
2012/04/02,0,435000,-229000,206000
2012/04/03,0,1149659,-224660,924999
2012/04/04,0,0,0,0
2012/04/05,0,1086000,-592000,494000
2012/04/06,0,166000,-1214941,-1048941
2012/04/09,0,346000,-683754,-337754
2012/04/10,0,110000,-778000,-668000
2012/04/11,0,117000,-759297,-642297
2012/04/12,0,448000,-1635559,-1187559
2012/04/13,0,193389,-992000,-798611
2012/04/16,0,242000,-797000,-555000
2012/04/17,0,950000,-1720000,-770000
2012/04/18,0,897000,-689000,208000
2012/04/19,0,834000,-215000,619000
2012/04/20,0,969000,-663083,305917
2012/04/23,0,481000,-459000,22000
2012/04/24,0,638000,-784000,-146000
2012/04/25,0,2189000,-836000,1353000
2012/04/26,0,1562000,-3092922,-1530922
2012/04/27,0,2110067,-692000,1418067
2012/04/30,0,2100000,-791158,1308842
2012/05/01,0,0,0,0
2012/05/02,0,2985000,-375000,2610000
2012/05/03,0,1717000,-406000,1311000
2012/05/04,0,1744000,-566010,1177990
2012/05/07,0,2303000,-1848000,455000
2012/05/08,0,2155000,-510000,1645000
2012/05/09,0,1963100,-1022100,941000
2012/05/10,0,2202290,-523123,1679167
2012/05/11,0,883329,-682000,201329
2012/05/14,0,857000,-398000,459000
2012/05/15,0,1596000,-741000,855000
2012/05/16,0,1376000,-1935000,-559000
2012/05/17,0,1231000,-1145000,86000
2012/05/18,0,822000,-648224,173776
2012/05/21,0,1099000,-169832,929168
2012/05/22,0,1347000,-1018820,328180
2012/05/23,0,2214873,-1750650,464223
2012/05/24,0,728000,-2085000,-1357000
2012/05/25,0,1434000,-1674000,-240000
2012/05/28,0,111000,-544000,-433000
2012/05/29,0,571000,-1450000,-879000
2012/05/30,0,927000,-2829344,-1902344
2012/05/31,0,3368126,-1846000,1522126
2012/06/01,0,1012000,-3163345,-2151345
2012/06/04,0,359000,-2152811,-1793811
2012/06/05,0,1137000,-976000,161000
2012/06/06,0,1278000,-469000,809000
2012/06/07,0,513525,-2053000,-1539475
2012/06/08,0,2354833,-2350000,4833
2012/06/11,0,1836131,-910000,926131
2012/06/12,0,821000,-878000,-57000
2012/06/13,0,448128,-508000,-59872
2012/06/14,0,456217,-852587,-396370
2012/06/15,0,1546000,-1921750,-375750
2012/06/18,0,1274990,-1839000,-564010
2012/06/19,0,1469077,-2559000,-1089923
2012/06/20,0,1501003,-486591,1014412
2012/06/21,0,1650155,-1488000,162155
2012/06/22,0,460135,-1325000,-864865
2012/06/25,0,1062000,-978160,83840
2012/06/26,0,460000,-522000,-62000
2012/06/27,0,444000,-827000,-383000
2012/06/28,0,815000,-631000,184000
2012/06/29,0,906500,-170007,736493
2012/07/02,0,596000,-486000,110000
2012/07/03,0,597000,-90043,506957
2012/07/04,0,1983860,-832000,1151860
2012/07/05,0,361000,-375000,-14000
2012/07/06,0,362000,-45000,317000
2012/07/09,0,788000,-1033000,-245000
2012/07/10,0,1091000,-737000,354000
2012/07/11,0,5361000,-1636000,3725000
2012/07/12,0,4292000,-2612089,1679911
2012/07/13,0,222926,-1950020,-1727094
2012/07/16,0,342000,-271000,71000
2012/07/17,0,330000,-2131000,-1801000
2012/07/18,0,227000,-1788000,-1561000
2012/07/19,0,1231000,-1869000,-638000
2012/07/20,0,428000,-1221000,-793000
2012/07/23,0,392000,-1553030,-1161030
2012/07/24,0,355000,-2280000,-1925000
2012/07/25,0,2368000,-2565000,-197000
2012/07/26,0,246000,-1497058,-1251058
2012/07/27,0,2002000,-2574000,-572000
2012/07/30,0,1035839,-1239000,-203161
2012/07/31,0,1378958,-1712000,-333042
2012/08/01,0,1426000,-2987000,-1561000
2012/08/02,0,0,0,0
2012/08/03,0,1799607,-2535000,-735393
2012/08/06,0,1215000,-858000,357000
2012/08/07,0,1001000,-1287000,-286000
2012/08/08,0,2234379,-307000,1927379
2012/08/09,0,4055000,-1192000,2863000
2012/08/10,0,3790000,-2154000,1636000
2012/08/13,0,1273000,-520000,753000
2012/08/14,0,1524000,-1429000,95000
2012/08/15,0,455000,-461000,-6000
2012/08/16,0,624000,-304000,320000
2012/08/17,0,755000,-1214000,-459000
2012/08/20,0,474000,-732000,-258000
2012/08/21,0,2523319,-670000,1853319
2012/08/22,0,2980902,-804000,2176902
2012/08/23,0,1513768,-753000,760768
2012/08/24,0,582000,-690300,-108300
2012/08/27,0,225000,-600000,-375000
2012/08/28,0,875191,-1613000,-737809
2012/08/29,0,480000,-628000,-148000
2012/08/30,0,667000,-2765000,-2098000
2012/08/31,0,1187942,-653000,534942
2012/09/03,0,273000,-187000,86000
2012/09/04,0,600000,-568000,32000
2012/09/05,0,902000,-1267140,-365140
2012/09/06,0,101000,-591070,-490070
2012/09/07,0,501833,-31968,469865
2012/09/10,0,149000,-629000,-480000
2012/09/11,0,443000,-123000,320000
2012/09/12,0,890687,-421000,469687
2012/09/13,0,778000,-527000,251000
2012/09/14,0,700000,-76884,623116
2012/09/17,0,151000,-323000,-172000
2012/09/18,0,293880,-667000,-373120
2012/09/19,0,732000,-47000,685000
2012/09/20,0,584000,-121000,463000
2012/09/21,0,1049033,-146000,903033
2012/09/24,0,308000,-130000,178000
2012/09/25,0,437000,-645000,-208000
2012/09/26,0,327000,-640000,-313000
2012/09/27,0,887000,-799722,87278
2012/09/28,0,1014000,-211706,802294
2012/10/01,0,351000,-78000,273000
2012/10/02,0,361000,-19000,342000
2012/10/03,0,125000,-109000,16000
2012/10/04,0,734000,-643000,91000
2012/10/05,0,1483090,-33000,1450090
2012/10/08,0,748000,-193000,555000
2012/10/09,0,1026000,-644717,381283
2012/10/10,0,0,0,0
2012/10/11,0,950000,-1189230,-239230
2012/10/12,0,17000,-396420,-379420
2012/10/15,0,131000,-275000,-144000
2012/10/16,0,67000,-304708,-237708
2012/10/17,0,120000,-471000,-351000
2012/10/18,0,86000,-130950,-44950
2012/10/19,0,160000,-296370,-136370
2012/10/22,0,211000,-183879,27121
2012/10/23,0,287200,-212696,74504
2012/10/24,0,1046000,-413899,632101
2012/10/25,0,247000,-412000,-165000
2012/10/26,0,606000,-643336,-37336
2012/10/29,0,613700,-758810,-145110
2012/10/30,0,548000,-485000,63000
2012/10/31,0,2591000,-1895030,695970
2012/11/01,0,550858,-562000,-11142
2012/11/02,0,3900142,-834000,3066142
2012/11/05,0,1461340,-232000,1229340
2012/11/06,0,402000,-170000,232000
2012/11/07,0,270000,-198050,71950
2012/11/08,0,178000,-713000,-535000
2012/11/09,0,314000,-379660,-65660
2012/11/12,0,365000,-142000,223000
2012/11/13,0,188000,-643000,-455000
2012/11/14,0,314000,-845000,-531000
2012/11/15,0,1124000,-1018939,105061
2012/11/16,0,428000,-297000,131000
2012/11/19,0,371000,-50370,320630
2012/11/20,0,251000,-96000,155000
2012/11/21,0,308000,-301322,6678
2012/11/22,0,1088000,-214825,873175
2012/11/23,0,836000,-897400,-61400
2012/11/26,0,639000,-95000,544000
2012/11/27,0,836000,-520711,315289
2012/11/28,0,1193300,-460693,732607
2012/11/29,0,1160000,-308000,852000
2012/11/30,0,1450000,-325863,1124137
2012/12/03,0,560000,-112544,447456
2012/12/04,0,631200,-178000,453200
2012/12/05,0,786960,-439780,347180
2012/12/06,0,408000,-346334,61666
2012/12/07,0,372000,-521000,-149000
2012/12/10,0,561000,-497766,63234
2012/12/11,0,510362,-347910,162452
2012/12/12,0,1317000,-276000,1041000
2012/12/13,0,972109,-1132000,-159891
2012/12/14,0,2429733,-1009212,1420521
2012/12/17,0,1880910,-662795,1218115
2012/12/18,0,283000,-246670,36330
2012/12/19,0,741000,-315000,426000
2012/12/20,0,171000,-604000,-433000
2012/12/21,0,195000,-417322,-222322
2012/12/24,0,258000,-29000,229000
2012/12/25,0,319000,-27000,292000
2012/12/26,0,195000,-39000,156000
2012/12/27,0,237482,-52000,185482
2012/12/28,0,433000,-96000,337000
2012/12/31,0,0,0,0
2013/01/01,0,0,0,0
2013/01/02,0,437300,-142000,295300
2013/01/03,0,284000,-423000,-139000
2013/01/04,0,304000,-651000,-347000
2013/01/07,0,180000,-998580,-818580
2013/01/08,0,339000,-337000,2000
2013/01/09,0,284000,-84600,199400
2013/01/10,0,754000,-1669000,-915000
2013/01/11,0,447000,-301000,146000
2013/01/14,0,562000,-575000,-13000
2013/01/15,0,952000,-234000,718000
2013/01/16,0,438000,-270380,167620
2013/01/17,0,610440,-702370,-91930
2013/01/18,0,838000,-150000,688000
2013/01/21,0,86000,-249000,-163000
2013/01/22,0,152000,-80267,71733
2013/01/23,0,138880,-151016,-12136
2013/01/24,0,347000,-338000,9000
2013/01/25,0,381000,-361000,20000
2013/01/28,0,278000,-274318,3682
2013/01/29,0,558000,-390850,167150
2013/01/30,0,969000,-1157934,-188934
2013/01/31,0,1294000,-1292240,1760
2013/02/01,0,1358000,-834950,523050
2013/02/04,0,1259000,-944030,314970
2013/02/05,0,2939000,-355001,2583999
2013/02/06,0,1486556,-351600,1134956
2013/02/07,0,0,0,0
2013/02/08,0,0,0,0
2013/02/11,0,0,0,0
2013/02/12,0,0,0,0
2013/02/13,0,0,0,0
2013/02/14,0,0,0,0
2013/02/15,0,0,0,0
2013/02/18,0,4631386,-1787000,2844386
2013/02/19,0,2674798,-606000,2068798
2013/02/20,0,977008,-388000,589008
2013/02/21,0,1587929,-752110,835819
2013/02/22,0,1268000,-392000,876000
2013/02/25,0,622000,-609011,12989
2013/02/26,0,472000,-553415,-81415
2013/02/27,0,1643000,-464300,1178700
2013/02/28,0,0,0,0
2013/03/01,0,3853000,-836000,3017000
2013/03/04,0,3231000,-2635666,595334
2013/03/05,0,410000,-875780,-465780
2013/03/06,0,1201000,-649000,552000
2013/03/07,0,1686800,-250000,1436800
2013/03/08,0,571800,-563000,8800
2013/03/11,0,661000,-296000,365000
2013/03/12,0,171000,-679404,-508404
2013/03/13,0,332000,-1122450,-790450
2013/03/14,0,879000,-2376612,-1497612
2013/03/15,0,1644000,-991924,652076
2013/03/18,0,493000,-587000,-94000
2013/03/19,0,1050000,-433000,617000
2013/03/20,0,689000,-920343,-231343
2013/03/21,0,383000,-574000,-191000
2013/03/22,0,558563,-601637,-43074
2013/03/25,0,235000,-520000,-285000
2013/03/26,0,609000,-167231,441769
2013/03/27,0,338000,-182000,156000
2013/03/28,0,249000,-406000,-157000
2013/03/29,0,563000,-96000,467000
2013/04/01,0,77346,-195000,-117654
2013/04/02,0,435000,-171000,264000
2013/04/03,0,388000,-232000,156000
2013/04/04,0,0,0,0
2013/04/05,0,0,0,0
2013/04/08,0,952000,-703706,248294
2013/04/09,0,185000,-1024694,-839694
2013/04/10,0,374000,-285000,89000
2013/04/11,0,558367,-628000,-69633
2013/04/12,0,438000,-626000,-188000
2013/04/15,0,91358,-410000,-318642
2013/04/16,0,476934,-364300,112634
2013/04/17,0,883000,-764000,119000
2013/04/18,0,374000,-530000,-156000
2013/04/19,0,2060000,-185000,1875000
2013/04/22,0,510000,-560000,-50000
2013/04/23,0,826000,-1554000,-728000
2013/04/24,0,610700,-399050,211650
2013/04/25,0,1115575,-230170,885405
2013/04/26,0,798000,-737000,61000
2013/04/29,0,1237000,-816000,421000
2013/04/30,0,4145000,-2595000,1550000
2013/05/01,0,0,0,0
2013/05/02,0,4413000,-1117188,3295812
2013/05/03,0,956000,-919000,37000
2013/05/06,0,1354000,-1389312,-35312
2013/05/07,0,2380291,-724040,1656251
2013/05/08,0,4485275,-1746000,2739275
2013/05/09,0,1628940,-656550,972390
2013/05/10,0,1187000,-14000,1173000
2013/05/13,0,1361000,-161300,1199700
2013/05/14,0,1993000,-331000,1662000
2013/05/15,0,1449000,-914700,534300
2013/05/16,0,1375000,-416000,959000
2013/05/17,0,877030,-294000,583030
2013/05/20,0,695062,-254000,441062
2013/05/21,0,2072000,-1655786,416214
2013/05/22,0,701000,-689000,12000
2013/05/23,0,1097000,-1913140,-816140
2013/05/24,0,2611125,-3667900,-1056775
2013/05/27,0,2131258,-1668000,463258
2013/05/28,0,1683000,-833000,850000
2013/05/29,0,1559000,-1135000,424000
2013/05/30,0,970000,-2306000,-1336000
2013/05/31,0,3257000,-4008961,-751961
2013/06/03,0,1144410,-2374000,-1229590
2013/06/04,0,1695000,-2372000,-677000
2013/06/05,0,1296000,-1513665,-217665
2013/06/06,0,1053695,-4010101,-2956406
2013/06/07,0,1262000,-2607766,-1345766
2013/06/10,0,1434000,-319000,1115000
2013/06/11,0,1727578,-1968000,-240422
2013/06/12,0,0,0,0
2013/06/13,0,1107000,-1761000,-654000
2013/06/14,0,2274000,-1906180,367820
2013/06/17,0,780400,-1338000,-557600
2013/06/18,0,1266000,-359090,906910
2013/06/19,0,323000,-819461,-496461
2013/06/20,0,947000,-1205391,-258391
2013/06/21,0,1473000,-1071289,401711
2013/06/24,0,638000,-933789,-295789
2013/06/25,0,746000,-1655100,-909100
2013/06/26,0,2115457,-1673688,441769
2013/06/27,0,1302543,-1392000,-89457
2013/06/28,0,2970500,-1427000,1543500
2013/07/01,0,940000,-1641000,-701000
2013/07/02,0,363000,-953027,-590027
2013/07/03,0,1793000,-1450251,342749
2013/07/04,0,661000,-235000,426000
2013/07/05,0,780000,-248000,532000
2013/07/08,0,1329000,-507000,822000
2013/07/09,0,992000,-537000,455000
2013/07/10,0,2513000,-1546000,967000
2013/07/11,0,1524000,-1450090,73910
2013/07/12,0,1161000,-263000,898000
2013/07/15,0,1170921,-289000,881921
2013/07/16,0,1457000,-804000,653000
2013/07/17,0,1250000,-648000,602000
2013/07/18,0,952000,-458000,494000
2013/07/19,0,710842,-667000,43842
2013/07/22,0,1107067,-479000,628067
2013/07/23,0,888000,-282090,605910
2013/07/24,0,1358000,-1006107,351893
2013/07/25,0,349000,-790000,-441000
2013/07/26,0,542000,-377000,165000
2013/07/29,0,552000,-524000,28000
2013/07/30,0,762000,-323000,439000
2013/07/31,0,741000,-1269000,-528000
2013/08/01,0,663900,-1206000,-542100
2013/08/02,0,383000,-1295000,-912000
2013/08/05,0,48000,-474000,-426000
2013/08/06,0,1723000,-1402107,320893
2013/08/07,0,547000,-3059000,-2512000
2013/08/08,0,794000,-1788000,-994000
2013/08/09,0,115000,-1007000,-892000
2013/08/12,0,1138000,-1668000,-530000
2013/08/13,0,2026000,-1221107,804893
2013/08/14,0,1168999,-2380000,-1211001
2013/08/15,0,47000,-1016944,-969944
2013/08/16,0,848833,-1598300,-749467
2013/08/19,0,1014000,-920000,94000
2013/08/20,0,953000,-808364,144636
2013/08/21,0,0,0,0
2013/08/22,0,564900,-1977000,-1412100
2013/08/23,0,332000,-756031,-424031
2013/08/26,0,1035000,-443000,592000
2013/08/27,0,77000,-594000,-517000
2013/08/28,0,931000,-916460,14540
2013/08/29,0,752000,-1026636,-274636
2013/08/30,0,1249930,-635000,614930
2013/09/02,0,1105000,-863000,242000
2013/09/03,0,1135000,-614038,520962
2013/09/04,0,445000,-789263,-344263
2013/09/05,0,655538,-197450,458088
2013/09/06,0,699000,-572000,127000
2013/09/09,0,2186000,-333000,1853000
2013/09/10,0,2151000,-760683,1390317
2013/09/11,0,907000,-304158,602842
2013/09/12,0,695000,-856830,-161830
2013/09/13,0,790000,-530463,259537
2013/09/16,0,2451000,-541760,1909240
2013/09/17,0,1383000,-192108,1190892
2013/09/18,0,1809867,-354685,1455182
2013/09/19,0,0,0,0
2013/09/20,0,0,0,0
2013/09/23,0,613027,-887090,-274063
2013/09/24,0,2922000,-3123968,-201968
2013/09/25,0,1955120,-567120,1388000
2013/09/26,0,1153000,-482000,671000
2013/09/27,0,464000,-1092360,-628360
2013/09/30,0,1016842,-1567980,-551138
2013/10/01,0,242000,-2998639,-2756639
2013/10/02,0,1165000,-181538,983462
2013/10/03,0,2285270,-315414,1969856
2013/10/04,0,886300,-716907,169393
2013/10/07,0,311000,-678920,-367920
2013/10/08,0,634000,-1164557,-530557
2013/10/09,0,1199000,-1657755,-458755
2013/10/10,0,0,0,0
2013/10/11,0,1184490,-820028,364462
2013/10/14,0,1127000,-317466,809534
2013/10/15,0,1097450,-651000,446450
2013/10/16,0,522641,-1282641,-760000
2013/10/17,0,402000,-3112408,-2710408
2013/10/18,0,1195000,-1038210,156790
2013/10/21,0,734000,-470040,263960
2013/10/22,0,298000,-1185704,-887704
2013/10/23,0,272956,-1879468,-1606512
2013/10/24,0,683000,-382840,300160
2013/10/25,0,629000,-1174000,-545000
2013/10/28,0,246000,-522000,-276000
2013/10/29,0,595000,-1415000,-820000
2013/10/30,0,883000,-1341179,-458179
2013/10/31,0,748110,-2310175,-1562065
2013/11/01,0,681000,-831000,-150000
2013/11/04,0,1932000,-265000,1667000
2013/11/05,0,934000,-638223,295777
2013/11/06,0,1262900,-868260,394640
2013/11/07,0,438180,-596000,-157820
2013/11/08,0,593740,-738000,-144260
2013/11/11,0,493000,-230170,262830
2013/11/12,0,1580300,-1232000,348300
2013/11/13,0,639978,-786000,-146022
2013/11/14,0,1076000,-334210,741790
2013/11/15,0,499000,-861000,-362000
2013/11/18,0,183000,-333000,-150000
2013/11/19,0,456000,-228000,228000
2013/11/20,0,216000,-1672414,-1456414
2013/11/21,0,249000,-1916660,-1667660
2013/11/22,0,825000,-599420,225580
2013/11/25,0,858000,-42050,815950
2013/11/26,0,1549073,-2617866,-1068793
2013/11/27,0,1197000,-396000,801000
2013/11/28,0,547000,-72000,475000
2013/11/29,0,925000,-148000,777000
2013/12/02,0,472000,-68000,404000
2013/12/03,0,787135,-595676,191459
2013/12/04,0,390000,-707170,-317170
2013/12/05,0,527000,-780863,-253863
2013/12/06,0,336000,-1848335,-1512335
2013/12/09,0,1089000,-982683,106317
2013/12/10,0,525000,-367800,157200
2013/12/11,0,896170,-406990,489180
2013/12/12,0,133850,-820371,-686521
2013/12/13,0,1051200,-479162,572038
2013/12/16,0,6290361,-1395270,4895091
2013/12/17,0,772000,-496380,275620
2013/12/18,0,709000,-1431804,-722804
2013/12/19,0,528000,-254000,274000
2013/12/20,0,1513000,-215000,1298000
2013/12/23,0,977000,-261020,715980
2013/12/24,0,205000,-164430,40570
2013/12/25,0,215000,-3000,212000
2013/12/26,0,445000,-51000,394000
2013/12/27,0,378010,-26000,352010
2013/12/30,0,328000,-77307,250693
2013/12/31,0,1683000,-43000,1640000
2014/01/02,0,1729409,-247000,1482409
2014/01/03,0,163000,-768000,-605000
2014/01/06,0,1053000,-660043,392957
2014/01/07,0,1216000,-694000,522000
2014/01/08,0,915000,-1446522,-531522
2014/01/09,0,181000,-1126000,-945000
2014/01/10,0,295000,-2151000,-1856000
2014/01/13,0,212000,-887000,-675000
2014/01/14,0,372000,-817860,-445860
2014/01/15,0,468770,-795155,-326385
2014/01/16,0,365000,-1038700,-673700
2014/01/17,0,1163833,-691833,472000
2014/01/20,0,3959646,-742000,3217646
2014/01/21,0,259000,-1437450,-1178450
2014/01/22,0,252000,-1280000,-1028000
2014/01/23,0,392000,-1280000,-888000
2014/01/24,0,1544000,-2456000,-912000
2014/01/27,0,2462000,-2270545,191455
2014/02/05,0,1657500,-2316680,-659180
2014/02/06,0,630000,-1539000,-909000
2014/02/07,0,519000,-852941,-333941
2014/02/10,0,234460,-745000,-510540
2014/02/11,0,894000,-396172,497828
2014/02/12,0,161000,-1690766,-1529766
2014/02/13,0,559000,-379031,179969
2014/02/14,0,945270,-124732,820538
2014/02/17,0,406000,-186000,220000
2014/02/18,0,388000,-763454,-375454
2014/02/19,0,552001,-454758,97243
2014/02/20,0,981000,-1647495,-666495
2014/02/21,0,1210000,-35000,1175000
2014/02/24,0,601000,-105000,496000
2014/02/25,0,365020,-467310,-102290
2014/02/26,0,781000,-1336531,-555531
2014/02/27,0,501000,-352636,148364
2014/03/03,0,1267000,-3831000,-2564000
2014/03/04,0,835000,-2252313,-1417313
2014/03/05,0,734000,-1433410,-699410
2014/03/06,0,1066683,-477464,589219
2014/03/07,0,734000,-604000,130000
2014/03/10,0,228000,-954000,-726000
2014/03/11,0,1095000,-160601,934399
2014/03/12,0,120000,-500000,-380000
2014/03/13,0,459000,-945184,-486184
2014/03/14,0,532000,-205000,327000
2014/03/17,0,218000,-75000,143000
2014/03/18,0,2119000,-71120,2047880
2014/03/19,0,433000,-988000,-555000
2014/03/20,0,799000,-3139280,-2340280
2014/03/21,0,977000,-365684,611316
2014/03/24,0,1156000,-377060,778940
2014/03/25,0,216000,-915534,-699534
2014/03/26,0,1575000,-941793,633207
2014/03/27,0,448000,-703000,-255000
2014/03/28,0,840000,-457000,383000
2014/03/31,0,854204,-812000,42204
2014/04/01,0,283000,-231060,51940
2014/04/02,0,411000,-201202,209798
2014/04/03,0,1115000,-255000,860000
2014/04/07,0,631000,-389000,242000
2014/04/08,0,400000,-498000,-98000
2014/04/09,0,369000,-347000,22000
2014/04/10,0,1026832,-479000,547832
2014/04/11,0,369000,-487200,-118200
2014/04/14,0,340001,-815280,-475279
2014/04/15,0,308000,-72000,236000
2014/04/16,0,1139000,-328000,811000
2014/04/17,0,644000,-241000,403000
2014/04/18,0,103000,-158000,-55000
2014/04/21,0,255000,-93000,162000
2014/04/22,0,498000,-134000,364000
2014/04/23,0,547001,-186000,361001
2014/04/24,0,861000,-45000,816000
2014/04/25,0,1024990,-918000,106990
2014/04/28,0,635000,-134000,501000
2014/04/29,0,923995,-575000,348995
2014/04/30,0,743000,-2008408,-1265408
2014/05/02,0,2171000,-537080,1633920
2014/05/05,0,1143000,-407000,736000
2014/05/06,0,889000,-191000,698000
2014/05/07,0,1838995,-1018487,820508
2014/05/08,0,401640,-513000,-111360
2014/05/09,0,271000,-533309,-262309
2014/05/12,0,240000,-354000,-114000
2014/05/13,0,625985,-343000,282985
2014/05/14,0,463000,-912690,-449690
2014/05/15,0,208000,-520122,-312122
2014/05/16,0,1025000,-586358,438642
2014/05/19,0,230990,-159153,71837
2014/05/20,0,425890,-215020,210870
2014/05/21,0,239000,-662160,-423160
2014/05/22,0,409000,-282000,127000
2014/05/23,0,1333000,-1619039,-286039
2014/05/26,0,72000,-640000,-568000
2014/05/27,0,368000,-68000,300000
2014/05/28,0,1471000,-713058,757942
2014/05/29,0,592980,-386434,206546
2014/05/30,0,843000,-966622,-123622
2014/06/03,0,822000,-405333,416667
2014/06/04,0,839000,-368000,471000
2014/06/05,0,3020000,-648000,2372000
2014/06/06,0,1080000,-364000,716000
2014/06/09,0,1394000,-429000,965000
2014/06/10,0,421267,-612000,-190733
2014/06/11,0,218000,-685374,-467374
2014/06/12,0,1295985,-364460,931525
2014/06/13,0,297000,-427014,-130014
2014/06/16,0,103000,-473913,-370913
2014/06/17,0,424582,-549983,-125401
2014/06/18,0,825000,-626000,199000
2014/06/19,0,573934,-119427,454507
2014/06/20,0,453000,-881497,-428497
2014/06/23,0,619000,-2352749,-1733749
2014/06/24,0,380000,-2479442,-2099442
2014/06/25,0,922000,-828819,93181
2014/06/26,0,771991,-684568,87423
2014/06/27,0,386000,-608091,-222091
2014/06/30,0,756000,-480982,275018
2014/07/01,0,599000,-225000,374000
2014/07/02,0,204000,-1156603,-952603
2014/07/03,0,373000,-714133,-341133
2014/07/04,0,1042000,-257000,785000
2014/07/07,0,372000,-430190,-58190
2014/07/08,0,508000,-485960,22040
2014/07/09,0,198000,-303000,-105000
2014/07/10,0,1071000,-566350,504650
2014/07/11,0,493000,-494200,-1200
2014/07/14,0,807000,-157698,649302
2014/07/15,0,661118,-292000,369118
2014/07/16,0,668000,-344950,323050
2014/07/17,0,712733,-441000,271733
2014/07/18,0,483000,-424000,59000
2014/07/21,0,97000,-416920,-319920
2014/07/22,0,591000,-80120,510880
2014/07/23,0,0,0,0
2014/07/24,0,1081000,-766230,314770
2014/07/25,0,1274000,-877006,396994
2014/07/28,0,468030,-166030,302000
2014/07/29,0,607000,-284880,322120
2014/07/30,0,648000,-766060,-118060
2014/07/31,0,600000,-1175081,-575081
2014/08/01,0,2945500,-696000,2249500
2014/08/04,0,3732990,-670000,3062990
2014/08/05,0,2238000,-832872,1405128
2014/08/06,0,1683000,-675170,1007830
2014/08/07,0,2516588,-1560663,955925
2014/08/08,0,2013000,-732282,1280718
2014/08/11,0,3282673,-1756000,1526673
2014/08/12,0,1688029,-1402451,285578
2014/08/13,0,2867000,-730051,2136949
2014/08/14,0,2427392,-1233000,1194392
2014/08/15,0,1677351,-1425000,252351
2014/08/18,0,1256000,-405000,851000
2014/08/19,0,2271410,-835000,1436410
2014/08/20,0,964410,-610000,354410
2014/08/21,0,3958400,-758351,3200049
2014/08/22,0,2416414,-645002,1771412
2014/08/25,0,983000,-485000,498000
2014/08/26,0,3918308,-288522,3629786
2014/08/27,0,1122000,-637000,485000
2014/08/28,0,1330000,-914670,415330
2014/08/29,0,1449000,-905507,543493
2014/09/01,0,2391000,-984000,1407000
2014/09/02,0,3639000,-2329900,1309100
2014/09/03,0,1958079,-1678000,280079
2014/09/04,0,918000,-1510322,-592322
2014/09/05,0,2776000,-308080,2467920
2014/09/09,0,3213669,-593669,2620000
2014/09/10,0,1357000,-1028000,329000
2014/09/11,0,982062,-2179884,-1197822
2014/09/12,0,2398904,-2438270,-39366
2014/09/15,0,1807000,-462000,1345000
2014/09/16,0,323980,-539000,-215020
2014/09/17,0,1482000,-543000,939000
2014/09/18,0,1243067,-1019000,224067
2014/09/19,0,385481,-1016000,-630519
2014/09/22,0,450214,-497000,-46786
2014/09/23,0,598000,-605450,-7450
2014/09/24,0,1273000,-973789,299211
2014/09/25,0,813818,-901000,-87182
2014/09/26,0,280000,-209920,70080
2014/09/29,0,1024000,-1986594,-962594
2014/09/30,0,1697000,-2049000,-352000
2014/10/01,0,1560706,-2109800,-549094
2014/10/02,0,1195000,-1348394,-153394
2014/10/03,0,733000,-798000,-65000
2014/10/06,0,791000,-1843000,-1052000
2014/10/07,0,917000,-1336600,-419600
2014/10/08,0,2728240,-1731137,997103
2014/10/09,0,2269000,-885890,1383110
2014/10/13,0,1022000,-2558200,-1536200
2014/10/14,0,912000,-1485773,-573773
2014/10/15,0,2108000,-1085000,1023000
2014/10/16,0,1717448,-1538404,179044
2014/10/17,0,2424000,-1927000,497000
2014/10/20,0,1734000,-1258405,475595
2014/10/21,0,618000,-1000024,-382024
2014/10/22,0,462000,-154000,308000
2014/10/23,0,575000,-278000,297000
2014/10/24,0,393000,-633740,-240740
2014/10/27,0,1287000,-536000,751000
2014/10/28,0,786000,-635000,151000
2014/10/29,0,702000,-700000,2000
2014/10/30,0,236000,-467000,-231000
2014/10/31,0,1747000,-3486600,-1739600
2014/11/03,0,1434000,-3727860,-2293860
2014/11/04,0,2564000,-2411000,153000
2014/11/05,0,809000,-1014993,-205993
2014/11/06,0,1116000,-1557700,-441700
2014/11/07,0,931000,-516660,414340
2014/11/10,0,4147041,-3448718,698323
2014/11/11,0,812000,-1238000,-426000
2014/11/12,0,2231800,-1843651,388149
2014/11/13,0,1679000,-1444000,235000
2014/11/14,0,1344000,-1474897,-130897
2014/11/17,0,727001,-943031,-216030
2014/11/18,0,710400,-1484509,-774109
2014/11/19,0,1524013,-1036013,488000
2014/11/20,0,835000,-1200407,-365407
2014/11/21,0,583000,-1116000,-533000
2014/11/24,0,362000,-662000,-300000
2014/11/25,0,801000,-818228,-17228
2014/11/26,0,534000,-403000,131000
2014/11/27,0,1594000,-1041000,553000
2014/11/28,0,938000,-2158967,-1220967
2014/12/01,0,1101971,-1088709,13262
2014/12/02,0,823392,-1123000,-299608
2014/12/03,0,1784637,-1232240,552397
2014/12/04,0,2212453,-1426480,785973
2014/12/05,0,1210000,-1585000,-375000
2014/12/08,0,639000,-527910,111090
2014/12/09,0,628000,-1277899,-649899
2014/12/10,0,1223492,-1291192,-67700
2014/12/11,0,1220000,-1048339,171661
2014/12/12,0,2159000,-924000,1235000
2014/12/15,0,377000,-1199000,-822000
2014/12/16,0,622588,-1143100,-520512
2014/12/17,0,980267,-2101495,-1121228
2014/12/18,0,609000,-456293,152707
2014/12/19,0,474000,-929306,-455306
2014/12/22,0,617000,-357000,260000
2014/12/23,0,289000,-478000,-189000
2014/12/24,0,283000,-278000,5000
2014/12/25,0,73000,-332000,-259000
2014/12/26,0,208000,-76000,132000
2014/12/29,0,479323,-419000,60323
2014/12/30,0,305000,-199000,106000
2014/12/31,0,233000,-264000,-31000
2015/01/01,0,0,0,0
2015/01/02,0,0,0,0
2015/01/05,0,312678,-395000,-82322
2015/01/06,0,599963,-1072641,-472678
2015/01/07,0,405342,-769342,-364000
2015/01/08,0,568666,-798366,-229700
2015/01/09,0,368000,-3175000,-2807000
2015/01/12,0,1295000,-1301000,-6000
2015/01/13,0,1013000,-1248000,-235000
2015/01/14,0,371000,-635000,-264000
2015/01/15,0,1510000,-2712000,-1202000
2015/01/16,0,1512638,-2522712,-1010074
2015/01/19,0,391691,-1538000,-1146309
2015/01/20,0,375690,-451398,-75708
2015/01/21,0,377689,-1329261,-951572
2015/01/22,0,393659,-1996000,-1602341
2015/01/23,0,710000,-1138000,-428000
2015/01/26,0,391249,-680000,-288751
2015/01/27,0,259000,-1019024,-760024
2015/01/28,0,713384,-2057000,-1343616
2015/01/29,0,2313000,-1401061,911939
2015/01/30,0,720000,-2041000,-1321000
2015/02/02,0,435277,-774277,-339000
2015/02/03,0,720000,-1523000,-803000
2015/02/04,0,890000,-2177001,-1287001
2015/02/05,0,477000,-907000,-430000
2015/02/06,0,323000,-887000,-564000
2015/02/09,0,648000,-907000,-259000
2015/02/10,0,503000,-794000,-291000
2015/02/11,0,502337,-1052643,-550306
2015/02/12,0,538000,-1070517,-532517
2015/02/13,0,927000,-1227000,-300000
2015/02/16,0,0,0,0
2015/02/17,0,0,0,0
2015/02/18,0,0,0,0
2015/02/19,0,0,0,0
2015/02/20,0,0,0,0
2015/02/23,0,0,0,0
2015/02/24,0,1006680,-2488982,-1482302
2015/02/25,0,692000,-993000,-301000
2015/02/26,0,527000,-1779699,-1252699
2015/02/27,0,0,0,0
2015/03/02,0,359000,-692000,-333000
2015/03/03,0,335974,-622733,-286759
2015/03/04,0,330000,-413000,-83000
2015/03/05,0,386000,-1641150,-1255150
2015/03/06,0,460000,-497000,-37000
2015/03/09,0,489000,-918000,-429000
2015/03/10,0,391625,-647000,-255375
2015/03/11,0,818000,-1035000,-217000
2015/03/12,0,1645000,-680000,965000
2015/03/13,0,1498000,-840000,658000
2015/03/16,0,1530000,-868666,661334
2015/03/17,0,914000,-758267,155733
2015/03/18,0,766659,-1204046,-437387
2015/03/19,0,475000,-216330,258670
2015/03/20,0,301000,-445000,-144000
2015/03/23,0,331500,-299100,32400
2015/03/24,0,254000,-363000,-109000
2015/03/25,0,118000,-483000,-365000
2015/03/26,0,396000,-382433,13567
2015/03/27,0,1323000,-1733275,-410275
2015/03/30,0,709991,-511091,198900
2015/03/31,0,383000,-580000,-197000
2015/04/01,0,330000,-728751,-398751
2015/04/02,0,1478000,-800000,678000
2015/04/03,0,0,0,0
2015/04/06,0,0,0,0
2015/04/07,0,365000,-874010,-509010
2015/04/08,0,570000,-1245000,-675000
2015/04/09,0,318891,-1105010,-786119
2015/04/10,0,379000,-981965,-602965
2015/04/13,0,425000,-895008,-470008
2015/04/14,0,976000,-1077000,-101000
2015/04/15,0,1183000,-1597000,-414000
2015/04/16,0,550000,-578000,-28000
2015/04/17,0,389974,-621000,-231026
2015/04/20,0,682000,-643000,39000
2015/04/21,0,342000,-409000,-67000
2015/04/22,0,769833,-841833,-72000
2015/04/23,0,873807,-496139,377668
2015/04/24,0,1564000,-940000,624000
2015/04/27,0,1120000,-791440,328560
2015/04/28,0,494000,-685833,-191833
2015/04/29,0,717000,-1260000,-543000
2015/04/30,0,494000,-1439000,-945000
2015/05/01,0,0,0,0
2015/05/04,0,504000,-1661000,-1157000
2015/05/05,0,488000,-1650653,-1162653
2015/05/06,0,500000,-1442954,-942954
2015/05/07,0,365000,-880633,-515633
2015/05/08,0,808000,-1041000,-233000
2015/05/11,0,651000,-978000,-327000
2015/05/12,0,456000,-933000,-477000
2015/05/13,0,244000,-590071,-346071
2015/05/14,0,431900,-869000,-437100
2015/05/15,0,239000,-623800,-384800
2015/05/18,0,310000,-489000,-179000
2015/05/19,0,682100,-804000,-121900
2015/05/20,0,732000,-1422000,-690000
2015/05/21,0,558000,-1159500,-601500
2015/05/22,0,1162000,-1279034,-117034
2015/05/25,0,327000,-275000,52000
2015/05/26,0,491000,-529000,-38000
2015/05/27,0,232000,-208000,24000
2015/05/28,0,750000,-966439,-216439
2015/05/29,0,1439149,-1824997,-385848
2015/06/01,0,400400,-506000,-105600
2015/06/02,0,833046,-1092412,-259366
2015/06/03,0,463000,-757560,-294560
2015/06/04,0,831500,-1427000,-595500
2015/06/05,0,1781274,-1321000,460274
2015/06/08,0,959000,-1375000,-416000
2015/06/09,0,399000,-1331128,-932128
2015/06/10,0,837000,-1010000,-173000
2015/06/11,0,1431000,-3852030,-2421030
2015/06/12,0,614000,-1066170,-452170
2015/06/15,0,412000,-653000,-241000
2015/06/16,0,407000,-454000,-47000
2015/06/17,0,731292,-1117853,-386561
2015/06/18,0,571000,-655000,-84000
2015/06/19,0,0,0,0
2015/06/22,0,475069,-1911628,-1436559
2015/06/23,0,663000,-970000,-307000
2015/06/24,0,376120,-244000,132120
2015/06/25,0,870889,-1023000,-152111
2015/06/26,0,236000,-282940,-46940
2015/06/29,0,561000,-740000,-179000
2015/06/30,0,996993,-1442594,-445601
2015/07/01,0,1246000,-593000,653000
2015/07/02,0,251048,-1211000,-959952
2015/07/03,0,216000,-1196150,-980150
2015/07/06,0,398000,-678000,-280000
2015/07/07,0,954000,-392000,562000
2015/07/08,0,458000,-1073105,-615105
2015/07/09,0,510000,-763000,-253000
2015/07/10,0,0,0,0
2015/07/13,0,800000,-576582,223418
2015/07/14,0,464000,-363000,101000
2015/07/15,0,305000,-206020,98980
2015/07/16,0,231000,-463000,-232000
2015/07/17,0,205000,-604000,-399000
2015/07/20,0,309069,-249000,60069
2015/07/21,0,490000,-304000,186000
2015/07/22,0,592000,-975135,-383135
2015/07/23,0,581398,-868000,-286602
2015/07/24,0,675000,-394975,280025
2015/07/27,0,651000,-591000,60000
2015/07/28,0,986334,-1135000,-148666
2015/07/29,0,1100000,-2700276,-1600276
2015/07/30,0,1309598,-1859000,-549402
2015/07/31,0,3229877,-2551000,678877
2015/08/03,0,600000,-766000,-166000
2015/08/04,0,953000,-858000,95000
2015/08/05,0,932000,-703000,229000
2015/08/06,0,534093,-1193000,-658907
2015/08/07,0,841094,-808000,33094
2015/08/10,0,515000,-790000,-275000
2015/08/11,0,772844,-863070,-90226
2015/08/12,0,1713000,-722000,991000
2015/08/13,0,382000,-1399047,-1017047
2015/08/14,0,323390,-758000,-434610
2015/08/17,0,268000,-572377,-304377
2015/08/18,0,621000,-555000,66000
2015/08/19,0,691069,-815885,-124816
2015/08/20,0,536000,-1059000,-523000
2015/08/21,0,981000,-1247189,-266189
2015/08/24,0,634000,-610000,24000
2015/08/25,0,1986300,-1295772,690528
2015/08/26,0,1772000,-863008,908992
2015/08/27,0,1278000,-2448272,-1170272
2015/08/28,0,2300000,-1890027,409973
2015/08/31,0,1894000,-2873000,-979000
2015/09/01,0,1003847,-1937000,-933153
2015/09/02,0,1993000,-3169889,-1176889
2015/09/03,0,762000,-1722598,-960598
2015/09/04,0,380889,-836500,-455611
2015/09/07,0,97000,-331000,-234000
2015/09/08,0,932000,-2553000,-1621000
2015/09/09,0,3673076,-3098000,575076
2015/09/10,0,1844999,-2643000,-798001
2015/09/11,0,592000,-2685842,-2093842
2015/09/14,0,1097000,-5432000,-4335000
2015/09/15,0,713842,-588000,125842
2015/09/16,0,1214000,-2754002,-1540002
2015/09/17,0,3992000,-1339810,2652190
2015/09/18,0,1805490,-3243701,-1438211
2015/09/21,0,1015000,-2442672,-1427672
2015/09/22,0,325000,-3357000,-3032000
2015/09/23,0,1412000,-2719744,-1307744
2015/09/24,0,549000,-2917000,-2368000
2015/09/25,0,405000,-2084082,-1679082
2015/09/28,0,0,0,0
2015/09/29,0,0,0,0
2015/09/30,0,1447834,-2860832,-1412998
2015/10/01,0,2308060,-2364000,-55940
2015/10/02,0,1135000,-1821000,-686000
2015/10/05,0,2345800,-3068000,-722200
2015/10/06,0,2296000,-2750790,-454790
2015/10/07,0,1892000,-3028749,-1136749
2015/10/08,0,683000,-8203000,-7520000
2015/10/09,0,0,0,0
2015/10/12,0,5129000,-4766000,363000
2015/10/13,0,3745000,-6594313,-2849313
2015/10/14,0,2763000,-1026835,1736165
2015/10/15,0,1261000,-1598787,-337787
2015/10/16,0,2157000,-959000,1198000
2015/10/19,0,1818000,-1755000,63000
2015/10/20,0,1292000,-680296,611704
2015/10/21,0,1198000,-1641000,-443000
2015/10/22,0,1466000,-1057999,408001
2015/10/23,0,653959,-859061,-205102
2015/10/26,0,1367000,-1412000,-45000
2015/10/27,0,1324000,-1917635,-593635
2015/10/28,0,2444000,-3186678,-742678
2015/10/29,0,467000,-2112123,-1645123
2015/10/30,0,325000,-1129075,-804075
2015/11/02,0,1121718,-994064,127654
2015/11/03,0,884000,-704077,179923
2015/11/04,0,2652000,-2125334,526666
2015/11/05,0,3528000,-798000,2730000
2015/11/06,0,5133000,-3017085,2115915
2015/11/09,0,133000,-1492000,-1359000
2015/11/10,0,367000,-977000,-610000
2015/11/11,0,584000,-923500,-339500
2015/11/12,0,1512000,-1547000,-35000
2015/11/13,0,1682000,-2051497,-369497
2015/11/16,0,2267000,-2733000,-466000
2015/11/17,0,2431000,-1397800,1033200
2015/11/18,0,823000,-1110000,-287000
2015/11/19,0,1075000,-2843000,-1768000
2015/11/20,0,731000,-530000,201000
2015/11/23,0,1591000,-2110000,-519000
2015/11/24,0,2467000,-3006719,-539719
2015/11/25,0,763000,-1762000,-999000
2015/11/26,0,1487000,-1716786,-229786
2015/11/27,0,848000,-1241000,-393000
2015/11/30,0,2672699,-4633502,-1960803
2015/12/01,0,1595612,-846045,749567
2015/12/02,0,418000,-789000,-371000
2015/12/03,0,545230,-617000,-71770
2015/12/04,0,1269000,-1303006,-34006
2015/12/07,0,804000,-1224000,-420000
2015/12/08,0,2014000,-1390000,624000
2015/12/09,0,1263000,-1538896,-275896
2015/12/10,0,1703000,-3098710,-1395710
2015/12/11,0,831000,-1177000,-346000
2015/12/14,0,1174000,-475118,698882
2015/12/15,0,1527000,-596138,930862
2015/12/16,0,1437000,-334000,1103000
2015/12/17,0,4825000,-848000,3977000
2015/12/18,0,2932588,-888587,2044001
2015/12/21,0,1835000,-852538,982462
2015/12/22,0,2116743,-1464040,652703
2015/12/23,0,1526000,-716000,810000
2015/12/24,0,1502000,-464000,1038000
2015/12/25,0,704000,-115000,589000
2015/12/28,0,481000,-634000,-153000
2015/12/29,0,829000,-276000,553000
2015/12/30,0,390000,-532014,-142014
2015/12/31,0,409000,-223000,186000
2016/01/01,0,0,0,0
2016/01/04,0,1319000,-1617000,-298000
2016/01/05,0,4064720,-1265661,2799059
2016/01/06,0,1176812,-1285215,-108403
2016/01/07,0,2646491,-926298,1720193
2016/01/08,0,1099000,-1283288,-184288
2016/01/11,0,612046,-2597000,-1984954
2016/01/12,0,655000,-1207000,-552000
2016/01/13,0,1781000,-782455,998545
2016/01/14,0,1227000,-577000,650000
2016/01/15,0,1784000,-1113969,670031
2016/01/18,0,766000,-985000,-219000
2016/01/19,0,1242000,-932948,309052
2016/01/20,0,1351138,-1578000,-226862
2016/01/21,0,741000,-701040,39960
2016/01/22,0,1019000,-281000,738000
2016/01/25,0,944000,-609000,335000
2016/01/26,0,575000,-814000,-239000
2016/01/27,0,1212000,-543201,668799
2016/01/28,0,5210000,-353691,4856309
2016/01/29,0,4571000,-1618000,2953000
2016/02/01,0,4644092,-528000,4116092
2016/02/02,0,3766000,-996720,2769280
2016/02/03,0,2730000,-1298796,1431204
2016/02/04,0,0,0,0
2016/02/05,0,0,0,0
2016/02/08,0,0,0,0
2016/02/09,0,0,0,0
2016/02/10,0,0,0,0
2016/02/11,0,0,0,0
2016/02/12,0,0,0,0
2016/02/15,0,3501000,-1062204,2438796
2016/02/16,0,1134000,-782000,352000
2016/02/17,0,1675000,-1642000,33000
2016/02/18,0,4730729,-406014,4324715
2016/02/19,0,788138,-3560375,-2772237
2016/02/22,0,1714000,-927000,787000
2016/02/23,0,982822,-973000,9822
2016/02/24,0,1577000,-498927,1078073
2016/02/25,0,565835,-672243,-106408
2016/02/26,0,1705000,-978270,726730
2016/02/29,0,0,0,0
2016/03/01,0,1116801,-1615877,-499076
2016/03/02,0,876023,-866000,10023
2016/03/03,0,1496612,-820000,676612
2016/03/04,0,1160000,-713000,447000
2016/03/07,0,519000,-757000,-238000
2016/03/08,0,453000,-625000,-172000
2016/03/09,0,304000,-986000,-682000
2016/03/10,0,655000,-412000,243000
2016/03/11,0,1144000,-606000,538000
2016/03/14,0,1422000,-714000,708000
2016/03/15,0,728000,-1135296,-407296
2016/03/16,0,410000,-864000,-454000
2016/03/17,0,859000,-1211187,-352187
2016/03/18,0,2020000,-1641374,378626
2016/03/21,0,579000,-560000,19000
2016/03/22,0,1579000,-805000,774000
2016/03/23,0,1540000,-364000,1176000
2016/03/24,0,1800000,-841000,959000
2016/03/25,0,605000,-79000,526000
2016/03/28,0,1710000,-116000,1594000
2016/03/29,0,1622000,-1234000,388000
2016/03/30,0,3605500,-2680000,925500
2016/03/31,0,1919000,-970028,948972
2016/04/01,0,2007562,-1413000,594562
2016/04/04,0,0,0,0
2016/04/05,0,0,0,0
2016/04/06,0,2642077,-1447193,1194884
2016/04/07,0,1227219,-917530,309689
2016/04/08,0,1864000,-1062400,801600
2016/04/11,0,1124000,-211170,912830
2016/04/12,0,339162,-294000,45162
2016/04/13,0,1011000,-302000,709000
2016/04/14,0,919000,-529876,389124
2016/04/15,0,854800,-858000,-3200
2016/04/18,0,590000,-677400,-87400
2016/04/19,0,1173589,-248000,925589
2016/04/20,0,1263073,-403000,860073
2016/04/21,0,410000,-213000,197000
2016/04/22,0,1210000,-140000,1070000
2016/04/25,0,1326452,-154000,1172452
2016/04/26,0,1379964,-498000,881964
2016/04/27,0,2428000,-1861732,566268
2016/04/28,0,3167525,-1351000,1816525
2016/04/29,0,2160000,-882000,1278000
2016/05/02,0,0,0,0
2016/05/03,0,1968000,-850000,1118000
2016/05/04,0,1583000,-1019837,563163
2016/05/05,0,1037000,-977000,60000
2016/05/06,0,1102006,-1057000,45006
2016/05/09,0,1151000,-870000,281000
2016/05/10,0,1346000,-816000,530000
2016/05/11,0,2006500,-1237000,769500
2016/05/12,0,1901600,-877000,1024600
2016/05/13,0,1954870,-2032000,-77130
2016/05/16,0,934000,-437000,497000
2016/05/17,0,809726,-566000,243726
2016/05/18,0,2406013,-897012,1509001
2016/05/19,0,694000,-1229000,-535000
2016/05/20,0,1225000,-1276569,-51569
2016/05/23,0,1879368,-383000,1496368
2016/05/24,0,4647000,-3999518,647482
2016/05/25,0,5531003,-2506000,3025003
2016/05/26,0,2510000,-2121000,389000
2016/05/27,0,3872000,-1343000,2529000
2016/05/30,0,1139000,-528000,611000
2016/05/31,0,3121155,-1931658,1189497
2016/06/01,0,2783000,-752665,2030335
2016/06/02,0,1876500,-960600,915900
2016/06/03,0,1306000,-603000,703000
2016/06/06,0,1104000,-587281,516719
2016/06/07,0,2597000,-1116330,1480670
2016/06/08,0,2579000,-1502000,1077000
2016/06/09,0,0,0,0
2016/06/10,0,0,0,0
2016/06/13,0,8720000,-1698000,7022000
2016/06/14,0,2074302,-1419000,655302
2016/06/15,0,1206000,-266000,940000
2016/06/16,0,2631000,-811573,1819427
2016/06/17,0,1313000,-1332000,-19000
2016/06/20,0,1006000,-501634,504366
2016/06/21,0,2659234,-506001,2153233
2016/06/22,0,1314302,-614000,700302
2016/06/23,0,1461002,-235000,1226002
2016/06/24,0,1075000,-676000,399000
2016/06/27,0,914000,-774000,140000
2016/06/28,0,4589000,-642000,3947000
2016/06/29,0,922600,-1227000,-304400
2016/06/30,0,870000,-1073845,-203845
2016/07/01,0,1234000,-416014,817986
2016/07/04,0,928000,-227000,701000
2016/07/05,0,1258000,-694200,563800
2016/07/06,0,1317230,-1096000,221230
2016/07/07,0,2685000,-412000,2273000
2016/07/08,0,0,0,0
2016/07/11,0,2476534,-1272600,1203934
2016/07/12,0,2948000,-1954379,993621
2016/07/13,0,2209000,-1219800,989200
2016/07/14,0,4807000,-2122000,2685000
2016/07/15,0,2278002,-1355211,922791
2016/07/18,0,1418000,-728000,690000
2016/07/19,0,2535200,-917000,1618200
2016/07/20,0,1336000,-774837,561163
2016/07/21,0,1521000,-477597,1043403
2016/07/22,0,835447,-164000,671447
2016/07/25,0,958000,-173849,784151
2016/07/26,0,2257000,-290375,1966625
2016/07/27,0,6647752,-659000,5988752
2016/07/28,0,2762066,-928000,1834066
2016/07/29,0,3633000,-2070000,1563000
2016/08/01,0,2394300,-389377,2004923
2016/08/02,0,2107000,-671580,1435420
2016/08/03,0,2065637,-891000,1174637
2016/08/04,0,4336884,-2034993,2301891
2016/08/05,0,1699000,-1332000,367000
2016/08/08,0,2400001,-1040620,1359381
2016/08/09,0,1987000,-2074000,-87000
2016/08/10,0,1834431,-1234000,600431
2016/08/11,0,1583000,-1465000,118000
2016/08/12,0,1205000,-1077000,128000
2016/08/15,0,1019504,-176680,842824
2016/08/16,0,1719611,-1448354,271257
2016/08/17,0,1342286,-345000,997286
2016/08/18,0,1555000,-698986,856014
2016/08/19,0,2261577,-1463000,798577
2016/08/22,0,2221000,-1423842,797158
2016/08/23,0,988752,-777800,210952
2016/08/24,0,2288876,-1512800,776076
2016/08/25,0,2900400,-1245591,1654809
2016/08/26,0,969028,-1156900,-187872
2016/08/29,0,612000,-518180,93820
2016/08/30,0,747667,-481800,265867
2016/08/31,0,1354287,-1149502,204785
2016/09/01,0,1072615,-879300,193315
2016/09/02,0,1204668,-978800,225868
2016/09/05,0,670000,-535600,134400
2016/09/06,0,921469,-530600,390869
2016/09/07,0,973912,-792000,181912
2016/09/08,0,2618664,-2449800,168864
2016/09/09,0,811000,-636200,174800
2016/09/12,0,2050000,-2695000,-645000
2016/09/13,0,1802000,-758000,1044000
2016/09/14,0,1952098,-1397544,554554
2016/09/15,0,0,0,0
2016/09/16,0,0,0,0
2016/09/19,0,1703801,-1534000,169801
2016/09/20,0,1465850,-3117474,-1651624
2016/09/21,0,1907000,-1787372,119628
2016/09/22,0,1842530,-1240000,602530
2016/09/23,0,1898770,-1451190,447580
2016/09/26,0,1701603,-1430000,271603
2016/09/27,0,0,0,0
2016/09/28,0,0,0,0
2016/09/29,0,3750468,-3622469,127999
2016/09/30,0,1675668,-2240193,-564525
2016/10/03,0,1290886,-832000,458886
2016/10/04,0,2724125,-2208912,515213
2016/10/05,0,1205000,-969000,236000
2016/10/06,0,1420116,-957446,462670
2016/10/07,0,1697003,-904000,793003
2016/10/10,0,0,0,0
2016/10/11,0,4022000,-1518476,2503524
2016/10/12,0,1824472,-1844562,-20090
2016/10/13,0,2725000,-2342000,383000
2016/10/14,0,1470000,-837056,632944
2016/10/17,0,1953000,-1217533,735467
2016/10/18,0,1811218,-2769700,-958482
2016/10/19,0,3199353,-2447857,751496
2016/10/20,0,1388000,-829296,558704
2016/10/21,0,3704000,-4398101,-694101
2016/10/24,0,1992000,-1631000,361000
2016/10/25,0,2121000,-1846127,274873
2016/10/26,0,1549838,-1205595,344243
2016/10/27,0,1877176,-2733017,-855841
2016/10/28,0,1817715,-1878143,-60428
2016/10/31,0,3283310,-1917000,1366310
2016/11/01,0,1827000,-2735554,-908554
2016/11/02,0,2828201,-1771069,1057132
2016/11/03,0,1904000,-2205017,-301017
2016/11/04,0,1809000,-1252901,556099
2016/11/07,0,873000,-1315298,-442298
2016/11/08,0,1064871,-915000,149871
2016/11/09,0,1338000,-1927000,-589000
2016/11/10,0,1217000,-1201806,15194
2016/11/11,0,1658000,-2502635,-844635
2016/11/14,0,1724000,-1425925,298075
2016/11/15,0,1948707,-2936924,-988217
2016/11/16,0,1887642,-1221003,666639
2016/11/17,0,829000,-791244,37756
2016/11/18,0,1505908,-1255105,250803
2016/11/21,0,1925000,-1967153,-42153
2016/11/22,0,1398000,-1285929,112071
2016/11/23,0,1571880,-1592087,-20207
2016/11/24,0,178000,-552000,-374000
2016/11/25,0,220000,-496868,-276868
2016/11/28,0,799000,-530151,268849
2016/11/29,0,880000,-1336480,-456480
2016/11/30,0,2245056,-4167202,-1922146
2016/12/01,0,1086612,-1140281,-53669
2016/12/02,0,646000,-1584280,-938280
2016/12/05,0,728000,-1880901,-1152901
2016/12/06,0,1159000,-1522284,-363284
2016/12/07,0,1206000,-2337840,-1131840
2016/12/08,0,900000,-473839,426161
2016/12/09,0,753576,-757837,-4261
2016/12/12,0,388400,-436000,-47600
2016/12/13,0,606841,-1099343,-492502
2016/12/14,0,786670,-1203484,-416814
2016/12/15,0,664000,-970000,-306000
2016/12/16,0,643000,-1152816,-509816
2016/12/19,0,195631,-934752,-739121
2016/12/20,0,430336,-1029593,-599257
2016/12/21,0,212000,-736378,-524378
2016/12/22,0,174692,-683174,-508482
2016/12/23,0,602357,-365928,236429
2016/12/26,0,104000,-93000,11000
2016/12/27,0,105000,-214000,-109000
2016/12/28,0,338000,-244000,94000
2016/12/29,0,529707,-471294,58413
2016/12/30,0,498015,-327000,171015
2017/01/02,0,0,0,0
2017/01/03,0,74000,-141000,-67000
2017/01/04,0,485306,-832135,-346829
2017/01/05,0,1043819,-1127657,-83838
2017/01/06,0,467901,-856756,-388855
2017/01/09,0,725000,-408492,316508
2017/01/10,0,688000,-548491,139509
2017/01/11,0,1073474,-418000,655474
2017/01/12,0,957590,-714000,243590
2017/01/13,0,922303,-660083,262220
2017/01/16,0,982000,-783083,198917
2017/01/17,0,1045071,-807000,238071
2017/01/18,0,1637230,-1113634,523596
2017/01/19,0,747000,-652504,94496
2017/01/20,0,2057742,-1372334,685408
2017/01/23,0,985437,-1146642,-161205
2017/01/24,0,1019793,-587903,431890
2017/01/25,0,0,0,0
2017/01/26,0,0,0,0
2017/01/27,0,0,0,0
2017/01/30,0,0,0,0
2017/01/31,0,0,0,0
2017/02/01,0,0,0,0
2017/02/02,0,1963722,-2140340,-176618
2017/02/03,0,893410,-1003541,-110131
2017/02/06,0,1376000,-1508000,-132000
2017/02/07,0,955662,-2010000,-1054338
2017/02/08,0,1177668,-2038300,-860632
2017/02/09,0,3474000,-3411199,62801
2017/02/10,0,6036224,-3411899,2624325
2017/02/13,0,1213402,-780000,433402
2017/02/14,0,1025284,-902000,123284
2017/02/15,0,920000,-805000,115000
2017/02/16,0,693224,-604000,89224
2017/02/17,0,1973103,-532058,1441045
2017/02/20,0,163389,-654000,-490611
2017/02/21,0,456000,-402000,54000
2017/02/22,0,438836,-481000,-42164
2017/02/23,0,618000,-391000,227000
2017/02/24,0,1191000,-862063,328937
2017/02/27,0,0,0,0
2017/02/28,0,0,0,0
2017/03/01,0,687758,-1816490,-1128732
2017/03/02,0,923000,-1875278,-952278
2017/03/03,0,698000,-959626,-261626
2017/03/06,0,830869,-933676,-102807
2017/03/07,0,524115,-106246,417869
2017/03/08,0,832548,-330469,502079
2017/03/09,0,695833,-1192000,-496167
2017/03/10,0,334070,-241000,93070
2017/03/13,0,418878,-675470,-256592
2017/03/14,0,590737,-552793,37944
2017/03/15,0,270000,-430469,-160469
2017/03/16,0,1520077,-1175910,344167
2017/03/17,0,798989,-906844,-107855
2017/03/20,0,347000,-257000,90000
2017/03/21,0,805967,-423100,382867
2017/03/22,0,611404,-631015,-19611
2017/03/23,0,1036001,-301632,734369
2017/03/24,0,632031,-269335,362696
2017/03/27,0,970530,-265680,704850
2017/03/28,0,887000,-227682,659318
2017/03/29,0,1139537,-290000,849537
2017/03/30,0,835000,-444000,391000
2017/03/31,0,832639,-652500,180139
2017/04/03,0,0,0,0
2017/04/04,0,0,0,0
2017/04/05,0,1548666,-803000,745666
2017/04/06,0,665000,-440000,225000
2017/04/07,0,301000,-607176,-306176
2017/04/10,0,295000,-149000,146000
2017/04/11,0,483110,-777000,-293890
2017/04/12,0,471000,-707867,-236867
2017/04/13,0,284000,-228287,55713
2017/04/14,0,55000,-185000,-130000
2017/04/17,0,258000,-137000,121000
2017/04/18,0,391819,-341005,50814
2017/04/19,0,605000,-718948,-113948
2017/04/20,0,606351,-419000,187351
2017/04/21,0,476000,-215085,260915
2017/04/24,0,220118,-306000,-85882
2017/04/25,0,840318,-301111,539207
2017/04/26,0,1068000,-2500339,-1432339
2017/04/27,0,1801000,-1167000,634000
2017/04/28,0,610000,-1499400,-889400
2017/05/01,0,0,0,0
2017/05/02,0,708000,-1031913,-323913
2017/05/03,0,218000,-559000,-341000
2017/05/04,0,285000,-816000,-531000
2017/05/05,0,534814,-1136000,-601186
2017/05/08,0,958874,-1357953,-399079
2017/05/09,0,951323,-1730000,-778677
2017/05/10,0,431154,-1022000,-590846
2017/05/11,0,453151,-918490,-465339
2017/05/12,0,432000,-1344250,-912250
2017/05/15,0,563809,-1026000,-462191
2017/05/16,0,1051000,-1463140,-412140
2017/05/17,0,673000,-1449000,-776000
2017/05/18,0,689474,-2059500,-1370026
2017/05/19,0,452000,-1465002,-1013002
2017/05/22,0,924345,-1529234,-604889
2017/05/23,0,2445340,-2718496,-273156
2017/05/24,0,1154000,-2019000,-865000
2017/05/25,0,1499772,-1214973,284799
2017/05/26,0,0,0,0
2017/05/29,0,0,0,0
2017/05/30,0,0,0,0
2017/05/31,0,1139000,-2354526,-1215526
2017/06/01,0,639000,-1154000,-515000
2017/06/02,0,1255000,-1273000,-18000
2017/06/05,0,747000,-838208,-91208
2017/06/06,0,1770000,-524000,1246000
2017/06/07,0,2456000,-2713830,-257830
2017/06/08,0,697000,-950590,-253590
2017/06/09,0,1299000,-854000,445000
2017/06/12,0,997000,-503000,494000
2017/06/13,0,1099000,-1101000,-2000
2017/06/14,0,1039000,-1194489,-155489
2017/06/15,0,921000,-623000,298000
2017/06/16,0,2805933,-1914769,891164
2017/06/19,0,574402,-1382638,-808236
2017/06/20,0,531000,-494000,37000
2017/06/21,0,915404,-1090000,-174596
2017/06/22,0,245000,-681922,-436922
2017/06/23,0,408000,-571500,-163500
2017/06/26,0,1040000,-500500,539500
2017/06/27,0,783413,-484000,299413
2017/06/28,0,621291,-525207,96084
2017/06/29,0,320000,-254177,65823
2017/06/30,0,351000,-275147,75853
2017/07/03,0,332656,-146543,186113
2017/07/04,0,315000,-276000,39000
2017/07/05,0,378136,-339106,39030
2017/07/06,0,334000,-426000,-92000
2017/07/07,0,192515,-425826,-233311
2017/07/10,0,295069,-412375,-117306
2017/07/11,0,739315,-866591,-127276
2017/07/12,0,670000,-1166822,-496822
2017/07/13,0,368013,-168000,200013
2017/07/14,0,741544,-241017,500527
2017/07/17,0,836000,-205000,631000
2017/07/18,0,1478000,-896980,581020
2017/07/19,0,792000,-692000,100000
2017/07/20,0,552571,-510000,42571
2017/07/21,0,646089,-515000,131089
2017/07/24,0,558133,-373000,185133
2017/07/25,0,226060,-212742,13318
2017/07/26,0,265286,-260000,5286
2017/07/27,0,376000,-213000,163000
2017/07/28,0,752000,-697816,54184
2017/07/31,0,732000,-750057,-18057
2017/08/01,0,1266236,-1291429,-25193
2017/08/02,0,385000,-542000,-157000
2017/08/03,0,160000,-329040,-169040
2017/08/04,0,348000,-268000,80000
2017/08/07,0,355000,-488000,-133000
2017/08/08,0,585000,-848000,-263000
2017/08/09,0,546603,-827470,-280867
2017/08/10,0,179804,-401000,-221196
2017/08/11,0,88000,-349000,-261000
2017/08/14,0,66000,-885397,-819397
2017/08/15,0,161000,-257000,-96000
2017/08/16,0,310450,-609000,-298550
2017/08/17,0,181000,-279000,-98000
2017/08/18,0,340000,-969803,-629803
