Date,Open,Buy,Sell,Total
2007/04/23,0,885000,-165000,720000
2007/04/24,0,175000,0,175000
2007/04/25,0,842000,-18000,824000
2007/04/26,0,710000,-24000,686000
2007/04/27,0,665000,-278000,387000
2007/04/30,0,598000,-158000,440000
2007/05/01,0,0,0,0
2007/05/02,0,269000,-144000,125000
2007/05/03,0,276000,-118000,158000
2007/05/04,0,974000,-243755,730245
2007/05/07,0,1749000,-809000,940000
2007/05/08,0,1175000,-361000,814000
2007/05/09,0,856000,-261000,595000
2007/05/10,0,1849000,-913800,935200
2007/05/11,0,1201000,-795000,406000
2007/05/14,0,439000,-521000,-82000
2007/05/15,0,452000,-947000,-495000
2007/05/16,0,130000,-590000,-460000
2007/05/17,0,520000,-496000,24000
2007/05/18,0,2035000,-1486000,549000
2007/05/21,0,429000,-721000,-292000
2007/05/22,0,1589000,-2459000,-870000
2007/05/23,0,795000,-1490000,-695000
2007/05/24,0,642000,-1949000,-1307000
2007/05/25,0,684000,-287000,397000
2007/05/28,0,1135000,-905000,230000
2007/05/29,0,729000,-641000,88000
2007/05/30,0,295000,-1021000,-726000
2007/05/31,0,486000,-640000,-154000
2007/06/01,0,285000,-1110000,-825000
2007/06/04,0,1547000,-1064208,482792
2007/06/05,0,1549000,-926000,623000
2007/06/06,0,1050000,-542000,508000
2007/06/07,0,1147000,-273000,874000
2007/06/08,0,1474000,-450000,1024000
2007/06/11,0,1890000,-1734000,156000
2007/06/12,0,0,0,0
2007/06/13,0,0,0,0
2007/06/14,0,0,0,0
2007/06/15,0,0,0,0
2007/06/18,0,0,0,0
2007/06/19,0,0,0,0
2007/06/20,0,0,0,0
2007/06/21,0,0,0,0
2007/06/22,0,0,0,0
2007/06/25,0,0,-832500,-832500
2007/06/26,0,465000,-317000,148000
2007/06/27,0,718000,-606000,112000
2007/06/28,0,325000,-779000,-454000
2007/06/29,0,96000,-507000,-411000
2007/07/02,0,119500,-507500,-388000
2007/07/03,0,681000,-378000,303000
2007/07/04,0,519000,-931000,-412000
2007/07/05,0,153000,-1497000,-1344000
2007/07/06,0,139000,-319500,-180500
2007/07/09,0,203000,-327000,-124000
2007/07/10,0,38000,-159000,-121000
2007/07/11,0,117000,-132000,-15000
2007/07/12,0,347000,-499000,-152000
2007/07/13,0,537000,-254000,283000
2007/07/16,0,594000,-704000,-110000
2007/07/17,0,465000,-244500,220500
2007/07/18,0,325000,-232000,93000
2007/07/19,0,777000,-276000,501000
2007/07/20,0,1294000,-287000,1007000
2007/07/23,0,571000,-1185000,-614000
2007/07/24,0,223000,-672000,-449000
2007/07/25,0,381000,-430000,-49000
2007/07/26,0,469000,-599000,-130000
2007/07/27,0,388000,-875000,-487000
2007/07/30,0,394000,-229000,165000
2007/07/31,0,162000,-452000,-290000
2007/08/01,0,289000,-425000,-136000
2007/08/02,0,539000,-692000,-153000
2007/08/03,0,562000,-728000,-166000
2007/08/06,0,384000,-278000,106000
2007/08/07,0,361000,-846000,-485000
2007/08/08,0,62000,-478500,-416500
2007/08/09,0,1080000,-368328,711672
2007/08/10,0,399000,-127000,272000
2007/08/13,0,24000,-177000,-153000
2007/08/14,0,172000,-395000,-223000
2007/08/15,0,201000,-669000,-468000
2007/08/16,0,209000,-667000,-458000
2007/08/17,0,510000,-481000,29000
2007/08/20,0,656000,-169000,487000
2007/08/21,0,605000,-511000,94000
2007/08/22,0,976000,-1071000,-95000
2007/08/23,0,411000,-612000,-201000
2007/08/24,0,159000,-193000,-34000
2007/08/27,0,178000,-256000,-78000
2007/08/28,0,398000,-269000,129000
2007/08/29,0,649000,-25000,624000
2007/08/30,0,305000,-202000,103000
2007/08/31,0,447000,-85000,362000
2007/09/03,0,1043000,-762000,281000
2007/09/04,0,238000,-224000,14000
2007/09/05,0,347000,-903000,-556000
2007/09/06,0,105000,-172000,-67000
2007/09/07,0,582250,-265000,317250
2007/09/10,0,307000,-163000,144000
2007/09/11,0,188000,-87000,101000
2007/09/12,0,478000,-227000,251000
2007/09/13,0,99000,-138000,-39000
2007/09/14,0,56000,-198000,-142000
2007/09/17,0,208000,-575000,-367000
2007/09/18,0,0,0,0
2007/09/19,0,271000,-1024000,-753000
2007/09/20,0,927000,-521000,406000
2007/09/21,0,251000,-168000,83000
2007/09/24,0,0,0,0
2007/09/25,0,0,0,0
2007/09/26,0,280000,-15000,265000
2007/09/27,0,856000,-250000,606000
2007/09/28,0,364000,-8000,356000
2007/10/01,0,428000,-1074000,-646000
2007/10/02,0,361000,-501000,-140000
2007/10/03,0,242000,-966000,-724000
2007/10/04,0,672000,-159000,513000
2007/10/05,0,86000,-247500,-161500
2007/10/08,0,168450,-503000,-334550
2007/10/09,0,433000,-1339350,-906350
2007/10/10,0,0,0,0
2007/10/11,0,175000,-162123,12877
2007/10/12,0,306000,-118500,187500
2007/10/15,0,32000,-238000,-206000
2007/10/16,0,398000,-212000,186000
2007/10/17,0,521000,-151000,370000
2007/10/18,0,1096000,-82000,1014000
2007/10/19,0,75000,-395000,-320000
2007/10/22,0,68000,-525000,-457000
2007/10/23,0,76000,-711000,-635000
2007/10/24,0,438000,-402000,36000
2007/10/25,0,43000,-112000,-69000
2007/10/26,0,49000,-190000,-141000
2007/10/29,0,120100,-150000,-29900
2007/10/30,0,66000,-204000,-138000
2007/10/31,0,207000,-666000,-459000
2007/11/01,0,259000,-230000,29000
2007/11/02,0,125020,-471000,-345980
2007/11/05,0,252000,-743000,-491000
2007/11/06,0,60000,-195000,-135000
2007/11/07,0,93000,-27000,66000
2007/11/08,0,434000,-394000,40000
2007/11/09,0,201000,-382000,-181000
2007/11/12,0,274000,-155000,119000
2007/11/13,0,939000,-272000,667000
2007/11/14,0,1448000,-774000,674000
2007/11/15,0,114000,-174600,-60600
2007/11/16,0,336000,-352000,-16000
2007/11/19,0,29000,-22000,7000
2007/11/20,0,19000,-258000,-239000
2007/11/21,0,97000,-348168,-251168
2007/11/22,0,422000,-252000,170000
2007/11/23,0,341000,-232000,109000
2007/11/26,0,185000,-158100,26900
2007/11/27,0,59000,-191000,-132000
2007/11/28,0,147000,-58000,89000
2007/11/29,0,35000,-904000,-869000
2007/11/30,0,53000,-7000,46000
2007/12/03,0,277000,-549000,-272000
2007/12/04,0,247000,-49000,198000
2007/12/05,0,110000,-220000,-110000
2007/12/06,0,486000,-498000,-12000
2007/12/07,0,234000,-214000,20000
2007/12/10,0,221000,-116000,105000
2007/12/11,0,231000,-313000,-82000
2007/12/12,0,340000,-250000,90000
2007/12/13,0,445000,-160000,285000
2007/12/14,0,61000,-390000,-329000
2007/12/17,0,216000,-765000,-549000
2007/12/18,0,267000,-379000,-112000
2007/12/19,0,427000,-578470,-151470
2007/12/20,0,379000,-285000,94000
2007/12/21,0,623000,-449000,174000
2007/12/24,0,26000,-238000,-212000
2007/12/25,0,582000,-400000,182000
2007/12/26,0,88000,-449000,-361000
2007/12/27,0,182000,-316000,-134000
2007/12/28,0,44000,-275000,-231000
2007/12/31,0,76000,-267000,-191000
2008/01/01,0,0,0,0
2008/01/02,0,380000,-51000,329000
2008/01/03,0,21500,-19000,2500
2008/01/04,0,33000,-344000,-311000
2008/01/07,0,0,0,0
2008/01/08,0,197000,-557050,-360050
2008/01/09,0,221000,-136000,85000
2008/01/10,0,44000,-220000,-176000
2008/01/11,0,301000,-55000,246000
2008/01/14,0,143000,-102600,40400
2008/01/15,0,312000,-101000,211000
2008/01/16,0,60000,-74000,-14000
2008/01/17,0,141000,-180100,-39100
2008/01/18,0,108000,-28000,80000
2008/01/21,0,516000,-73000,443000
2008/01/22,0,108000,-147000,-39000
2008/01/23,0,166000,-260000,-94000
2008/01/24,0,322000,-240000,82000
2008/01/25,0,170000,-310000,-140000
2008/01/28,0,304000,-258000,46000
2008/01/29,0,126000,-119000,7000
2008/01/30,0,262000,-154000,108000
2008/01/31,0,40000,-147000,-107000
2008/02/01,0,26000,-65000,-39000
2008/02/04,0,0,0,0
2008/02/05,0,0,0,0
2008/02/06,0,0,0,0
2008/02/07,0,0,0,0
2008/02/08,0,0,0,0
2008/02/11,0,0,0,0
2008/02/12,0,121000,-45000,76000
2008/02/13,0,248000,-348000,-100000
2008/02/14,0,185000,-16000,169000
2008/02/15,0,764000,-152765,611235
2008/02/18,0,115000,-198000,-83000
2008/02/19,0,275000,-378000,-103000
2008/02/20,0,55000,-61072,-6072
2008/02/21,0,657000,-135000,522000
2008/02/22,0,150000,-396000,-246000
2008/02/25,0,103000,-215900,-112900
2008/02/26,0,295000,-51940,243060
2008/02/27,0,479000,-86960,392040
2008/02/28,0,0,0,0
2008/02/29,0,151000,-281000,-130000
2008/03/03,0,93000,-314470,-221470
2008/03/04,0,56000,-230000,-174000
2008/03/05,0,145000,-353000,-208000
2008/03/06,0,883000,-122940,760060
2008/03/07,0,695000,-238000,457000
2008/03/10,0,89000,-284000,-195000
2008/03/11,0,204000,-405000,-201000
2008/03/12,0,536000,-425610,110390
2008/03/13,0,92000,-459742,-367742
2008/03/14,0,104000,-712725,-608725
2008/03/17,0,15000,-145000,-130000
2008/03/18,0,128000,-119000,9000
2008/03/19,0,154000,-94000,60000
2008/03/20,0,72000,-66000,6000
2008/03/21,0,107000,-114000,-7000
2008/03/24,0,39000,-42000,-3000
2008/03/25,0,438000,-7000,431000
2008/03/26,0,128000,-138000,-10000
2008/03/27,0,116000,-174000,-58000
2008/03/28,0,92000,-60076,31924
2008/03/31,0,28000,-19084,8916
2008/04/01,0,27000,-91000,-64000
2008/04/02,0,1111000,-339000,772000
2008/04/03,0,1053000,-101000,952000
2008/04/04,0,0,0,0
2008/04/07,0,252000,-430000,-178000
2008/04/08,0,452000,-256000,196000
2008/04/09,0,115000,-151000,-36000
2008/04/10,0,450000,-1031000,-581000
2008/04/11,0,0,0,0
2008/04/14,0,867000,-1446292,-579292
2008/04/15,0,978000,-304000,674000
2008/04/16,0,324000,-96000,228000
2008/04/17,0,413000,-232000,181000
2008/04/18,0,71000,-143000,-72000
2008/04/21,0,54000,-325000,-271000
2008/04/22,0,301000,-520000,-219000
2008/04/23,0,342000,-279000,63000
2008/04/24,0,80000,-547000,-467000
2008/04/25,0,626000,-211000,415000
2008/04/28,0,153000,-499000,-346000
2008/04/29,0,563000,-558000,5000
2008/04/30,0,40000,-255000,-215000
2008/05/01,0,0,0,0
2008/05/02,0,822000,-14000,808000
2008/05/05,0,68000,-457000,-389000
2008/05/06,0,315000,-216000,99000
2008/05/07,0,273000,-621000,-348000
2008/05/08,0,129000,-75000,54000
2008/05/09,0,26000,-280000,-254000
2008/05/12,0,75000,-242486,-167486
2008/05/13,0,252000,-100000,152000
2008/05/14,0,52000,-258000,-206000
2008/05/15,0,63000,-53000,10000
2008/05/16,0,47000,-221000,-174000
2008/05/19,0,67000,-67000,0
2008/05/20,0,53000,-120000,-67000
2008/05/21,0,141000,-299000,-158000
2008/05/22,0,48000,-289000,-241000
2008/05/23,0,53000,-209000,-156000
2008/05/26,0,92000,-87000,5000
2008/05/27,0,39000,-48000,-9000
2008/05/28,0,23000,-34000,-11000
2008/05/29,0,11000,-25000,-14000
2008/05/30,0,71000,-66000,5000
2008/06/02,0,34000,-72000,-38000
2008/06/03,0,7000,-34114,-27114
2008/06/04,0,149000,-50000,99000
2008/06/05,0,639000,-135000,504000
2008/06/06,0,207000,-102000,105000
2008/06/09,0,18000,-327000,-309000
2008/06/10,0,16000,-457000,-441000
2008/06/11,0,22000,-80000,-58000
2008/06/12,0,53000,-158000,-105000
2008/06/13,0,125000,-111000,14000
2008/06/16,0,55000,-56000,-1000
2008/06/17,0,14000,-46000,-32000
2008/06/18,0,9000,-19000,-10000
2008/06/19,0,9000,-24000,-15000
2008/06/20,0,16000,-73000,-57000
2008/06/23,0,78000,-165000,-87000
2008/06/24,0,183000,-85000,98000
2008/06/25,0,79000,-11000,68000
2008/06/26,0,136000,-85000,51000
2008/06/27,0,6000,-7000,-1000
2008/06/30,0,37000,-1093000,-1056000
2008/07/01,0,112000,-59000,53000
2008/07/02,0,94000,-44000,50000
2008/07/03,0,37000,-100000,-63000
2008/07/04,0,56000,-232000,-176000
2008/07/07,0,73000,-97000,-24000
2008/07/08,0,169000,-29000,140000
2008/07/09,0,819000,-32000,787000
2008/07/10,0,62000,-318000,-256000
2008/07/11,0,94000,-73000,21000
2008/07/14,0,83000,-589000,-506000
2008/07/15,0,20000,-129000,-109000
2008/07/16,0,25000,-46000,-21000
2008/07/17,0,339000,-21000,318000
2008/07/18,0,19000,-172000,-153000
2008/07/21,0,196000,-4000,192000
2008/07/22,0,96000,-2000,94000
2008/07/23,0,211000,-35000,176000
2008/07/24,0,17000,-63000,-46000
2008/07/25,0,72000,-170000,-98000
2008/07/28,0,0,0,0
2008/07/29,0,66000,-25000,41000
2008/07/30,0,22000,-26000,-4000
2008/07/31,0,36000,-163000,-127000
2008/08/01,0,34000,-33000,1000
2008/08/04,0,25000,-19000,6000
2008/08/05,0,10000,-117000,-107000
2008/08/06,0,18000,-45000,-27000
2008/08/07,0,135000,-28000,107000
2008/08/08,0,323000,-86000,237000
2008/08/11,0,1357000,-22000,1335000
2008/08/12,0,195000,-52000,143000
2008/08/13,0,131000,-115000,16000
2008/08/14,0,60000,-7000,53000
2008/08/15,0,227000,-141000,86000
2008/08/18,0,99000,-140000,-41000
2008/08/19,0,189000,-25000,164000
2008/08/20,0,329000,-68000,261000
2008/08/21,0,317000,-66000,251000
2008/08/22,0,27000,-1123230,-1096230
2008/08/25,0,15000,-333200,-318200
2008/08/26,0,38000,-924000,-886000
2008/08/27,0,45000,-442000,-397000
2008/08/28,0,16000,-18000,-2000
2008/08/29,0,4000,-2000,2000
2008/09/01,0,3000,-36000,-33000
2008/09/02,0,16000,-78000,-62000
2008/09/03,0,65000,-122000,-57000
2008/09/04,0,61000,-109000,-48000
2008/09/05,0,29400,-54000,-24600
2008/09/08,0,160000,-30000,130000
2008/09/09,0,34200,-73000,-38800
2008/09/10,0,16000,-61000,-45000
2008/09/11,0,12000,-52000,-40000
2008/09/12,0,190000,-309000,-119000
2008/09/15,0,9000,-12267,-3267
2008/09/16,0,20000,-12000,8000
2008/09/17,0,23267,-26000,-2733
2008/09/18,0,58000,-26000,32000
2008/09/19,0,126000,-60000,66000
2008/09/22,0,39000,-67000,-28000
2008/09/23,0,163000,-63000,100000
2008/09/24,0,37000,-68000,-31000
2008/09/25,0,25000,-182000,-157000
2008/09/26,0,9000,-49000,-40000
2008/09/29,0,0,0,0
2008/09/30,0,11000,-11000,0
2008/10/01,0,17000,-7000,10000
2008/10/02,0,0,-89000,-89000
2008/10/03,0,52000,-90000,-38000
2008/10/06,0,19140,-77285,-58145
2008/10/07,0,122000,-21805,100195
2008/10/08,0,106000,-8120,97880
2008/10/09,0,45000,-56295,-11295
2008/10/10,0,0,0,0
2008/10/13,0,12000,-134000,-122000
2008/10/14,0,79000,-1000,78000
2008/10/15,0,199000,-5000,194000
2008/10/16,0,0,-1390,-1390
2008/10/17,0,147000,-28700,118300
2008/10/20,0,26000,-10723,15277
2008/10/21,0,98000,-129310,-31310
2008/10/22,0,45000,-15300,29700
2008/10/23,0,2000,-26000,-24000
2008/10/24,0,1000,0,1000
2008/10/27,0,26000,-320000,-294000
2008/10/28,0,109800,-99655,10145
2008/10/29,0,28000,-83012,-55012
2008/10/30,0,289200,-14000,275200
2008/10/31,0,339000,-26000,313000
2008/11/03,0,188000,-21540,166460
2008/11/04,0,19000,-53000,-34000
2008/11/05,0,4000,-305000,-301000
2008/11/06,0,50000,-10000,40000
2008/11/07,0,221000,-136000,85000
2008/11/10,0,7000,-26000,-19000
2008/11/11,0,12000,-58000,-46000
2008/11/12,0,16000,-3000,13000
2008/11/13,0,370000,-5000,365000
2008/11/14,0,12000,-821000,-809000
2008/11/17,0,40000,-5000,35000
2008/11/18,0,69000,-20000,49000
2008/11/19,0,350000,-60914,289086
2008/11/20,0,368000,-196000,172000
2008/11/21,0,202000,-287000,-85000
2008/11/24,0,113000,-58000,55000
2008/11/25,0,17000,-195000,-178000
2008/11/26,0,1000,-7500,-6500
2008/11/27,0,48000,-51000,-3000
2008/11/28,0,6000,-3000,3000
2008/12/01,0,313000,-18008,294992
2008/12/02,0,70000,-32000,38000
2008/12/03,0,4000,-405000,-401000
2008/12/04,0,1000,-413000,-412000
2008/12/05,0,0,-72040,-72040
2008/12/08,0,20000,0,20000
2008/12/09,0,131000,-3000,128000
2008/12/10,0,47000,-12000,35000
2008/12/11,0,65000,-53000,12000
2008/12/12,0,31000,-108000,-77000
2008/12/15,0,2000,-23000,-21000
2008/12/16,0,202000,-5000,197000
2008/12/17,0,336000,-68000,268000
2008/12/18,0,36000,-200000,-164000
2008/12/19,0,226000,-338000,-112000
2008/12/22,0,114000,-72000,42000
2008/12/23,0,43000,-75000,-32000
2008/12/24,0,6000,-45000,-39000
2008/12/25,0,4000,-84000,-80000
2008/12/26,0,31000,-3000,28000
2008/12/29,0,8000,-2000,6000
2008/12/30,0,16000,-4488,11512
2008/12/31,0,103000,-1000,102000
2009/01/01,0,0,0,0
2009/01/02,0,0,0,0
2009/01/05,0,198000,-114000,84000
2009/01/06,0,364000,-52000,312000
2009/01/07,0,343000,-163000,180000
2009/01/08,0,48000,-78000,-30000
2009/01/09,0,62000,-13000,49000
2009/01/12,0,282000,-222000,60000
2009/01/13,0,758000,-40000,718000
2009/01/14,0,262000,-848000,-586000
2009/01/15,0,193000,-230000,-37000
2009/01/16,0,162000,-454000,-292000
2009/01/19,0,98000,-32000,66000
2009/01/20,0,11000,0,11000
2009/01/21,0,410000,-64000,346000
2009/01/22,0,0,0,0
2009/01/23,0,0,0,0
2009/01/26,0,0,0,0
2009/01/27,0,0,0,0
2009/01/28,0,0,0,0
2009/01/29,0,0,0,0
2009/01/30,0,0,0,0
2009/02/02,0,397000,-81000,316000
2009/02/03,0,285000,-131000,154000
2009/02/04,0,617000,-105740,511260
2009/02/05,0,592000,-205000,387000
2009/02/06,0,709000,-279000,430000
2009/02/09,0,668000,-187000,481000
2009/02/10,0,253000,-103000,150000
2009/02/11,0,324000,-387000,-63000
2009/02/12,0,64000,-721529,-657529
2009/02/13,0,156000,-708000,-552000
2009/02/16,0,1028000,-145000,883000
2009/02/17,0,48000,-519000,-471000
2009/02/18,0,77000,-791000,-714000
2009/02/19,0,220000,-257000,-37000
2009/02/20,0,289000,-169000,120000
2009/02/23,0,31000,-143000,-112000
2009/02/24,0,97000,-191000,-94000
2009/02/25,0,421000,-130000,291000
2009/02/26,0,319000,-93000,226000
2009/02/27,0,557000,-252000,305000
2009/03/02,0,427000,-432000,-5000
2009/03/03,0,740000,-101000,639000
2009/03/04,0,1410000,-800000,610000
2009/03/05,0,101000,-909000,-808000
2009/03/06,0,250000,-288000,-38000
2009/03/09,0,107000,-776000,-669000
2009/03/10,0,599000,-536000,63000
2009/03/11,0,193000,-326000,-133000
2009/03/12,0,598000,-1597000,-999000
2009/03/13,0,213000,-277000,-64000
2009/03/16,0,14000,-439000,-425000
2009/03/17,0,52000,-21000,31000
2009/03/18,0,231000,-524000,-293000
2009/03/19,0,80000,-341000,-261000
2009/03/20,0,118000,-62000,56000
2009/03/23,0,625000,-56000,569000
2009/03/24,0,107000,-147000,-40000
2009/03/25,0,383000,-379538,3462
2009/03/26,0,315000,-544000,-229000
2009/03/27,0,1273000,-448000,825000
2009/03/30,0,774100,-156000,618100
2009/03/31,0,199000,-36000,163000
2009/04/01,0,218000,-64000,154000
2009/04/02,0,565000,-50000,515000
2009/04/03,0,372000,-170000,202000
2009/04/06,0,481000,-400000,81000
2009/04/07,0,384000,-105100,278900
2009/04/08,0,315000,-839000,-524000
2009/04/09,0,561000,-862000,-301000
2009/04/10,0,124000,-441000,-317000
2009/04/13,0,271000,-75000,196000
2009/04/14,0,514000,-239000,275000
2009/04/15,0,352000,-645000,-293000
2009/04/16,0,259000,-114000,145000
2009/04/17,0,544000,-543000,1000
2009/04/20,0,315000,-227000,88000
2009/04/21,0,425000,-481000,-56000
2009/04/22,0,729000,-543722,185278
2009/04/23,0,474000,-628000,-154000
2009/04/24,0,539000,-798000,-259000
2009/04/27,0,617000,-239000,378000
2009/04/28,0,275000,-253000,22000
2009/04/29,0,307000,-1266000,-959000
2009/04/30,0,402000,-619000,-217000
2009/05/01,0,0,0,0
2009/05/04,0,62000,-437000,-375000
2009/05/05,0,795000,-643000,152000
2009/05/06,0,298000,-427000,-129000
2009/05/07,0,767000,-139000,628000
2009/05/08,0,402000,-109000,293000
2009/05/11,0,448000,-350333,97667
2009/05/12,0,72000,-830000,-758000
2009/05/13,0,116000,-595000,-479000
2009/05/14,0,197000,-358000,-161000
2009/05/15,0,934000,-330000,604000
2009/05/18,0,145000,-199000,-54000
2009/05/19,0,152000,-647000,-495000
2009/05/20,0,222000,-27454,194546
2009/05/21,0,306000,-259000,47000
2009/05/22,0,677000,-277718,399282
2009/05/25,0,356000,-63000,293000
2009/05/26,0,145000,-245000,-100000
2009/05/27,0,295000,-274000,21000
2009/05/28,0,0,0,0
2009/05/29,0,0,0,0
2009/06/01,0,329000,-196056,132944
2009/06/02,0,391000,-294000,97000
2009/06/03,0,299000,-347000,-48000
2009/06/04,0,165000,-1049000,-884000
2009/06/05,0,206000,-487000,-281000
2009/06/08,0,120000,-43000,77000
2009/06/09,0,992000,-54000,938000
2009/06/10,0,757000,-158116,598884
2009/06/11,0,247000,-98000,149000
2009/06/12,0,219000,-747080,-528080
2009/06/15,0,599000,-9000,590000
2009/06/16,0,495000,-236282,258718
2009/06/17,0,155000,-236000,-81000
2009/06/18,0,333000,-470000,-137000
2009/06/19,0,182000,-34000,148000
2009/06/22,0,261000,-545000,-284000
2009/06/23,0,337000,-551000,-214000
2009/06/24,0,66000,-132279,-66279
2009/06/25,0,143000,-710000,-567000
2009/06/26,0,16000,-295000,-279000
2009/06/29,0,159000,-95000,64000
2009/06/30,0,235000,-98000,137000
2009/07/01,0,387000,-459000,-72000
2009/07/02,0,378000,-436120,-58120
2009/07/03,0,1025000,-45000,980000
2009/07/06,0,267000,-467000,-200000
2009/07/07,0,801806,-662000,139806
2009/07/08,0,117000,-407000,-290000
2009/07/09,0,114000,-92000,22000
2009/07/10,0,103000,-537000,-434000
2009/07/13,0,269000,-881000,-612000
2009/07/14,0,354000,-132273,221727
2009/07/15,0,924000,-392000,532000
2009/07/16,0,317000,-548419,-231419
2009/07/17,0,1669000,-373000,1296000
2009/07/20,0,262000,-196000,66000
2009/07/21,0,14000,-81000,-67000
2009/07/22,0,58000,-60000,-2000
2009/07/23,0,98000,-19000,79000
2009/07/24,0,351000,-303000,48000
2009/07/27,0,1580000,-439000,1141000
2009/07/28,0,353334,-672000,-318666
2009/07/29,0,166000,-644000,-478000
2009/07/30,0,1139000,-397000,742000
2009/07/31,0,788000,-634000,154000
2009/08/03,0,190309,-1288000,-1097691
2009/08/04,0,710000,-1172000,-462000
2009/08/05,0,678000,-892000,-214000
2009/08/06,0,283000,-233000,50000
2009/08/07,0,0,0,0
2009/08/10,0,262000,-329000,-67000
2009/08/11,0,769000,-150000,619000
2009/08/12,0,206000,-164000,42000
2009/08/13,0,322000,-184000,138000
2009/08/14,0,183000,-761000,-578000
2009/08/17,0,469000,-190000,279000
2009/08/18,0,277000,-253000,24000
2009/08/19,0,9000,-105000,-96000
2009/08/20,0,260000,-61000,199000
2009/08/21,0,690000,-182000,508000
2009/08/24,0,576000,-463000,113000
2009/08/25,0,211000,-195000,16000
2009/08/26,0,387000,-199000,188000
2009/08/27,0,150000,-509530,-359530
2009/08/28,0,69000,-412000,-343000
2009/08/31,0,320000,-81000,239000
2009/09/01,0,437000,-845000,-408000
2009/09/02,0,129000,-450000,-321000
2009/09/03,0,542500,-1130000,-587500
2009/09/04,0,55000,-396000,-341000
2009/09/07,0,237000,-139000,98000
2009/09/08,0,279000,-280000,-1000
2009/09/09,0,159000,-781000,-622000
2009/09/10,0,251000,-152000,99000
2009/09/11,0,77000,-36000,41000
2009/09/14,0,73000,-77000,-4000
2009/09/15,0,258000,-87000,171000
2009/09/16,0,220000,-14000,206000
2009/09/17,0,173000,-276000,-103000
2009/09/18,0,79000,-306000,-227000
2009/09/21,0,52000,-113000,-61000
2009/09/22,0,35000,-173000,-138000
2009/09/23,0,72000,-312000,-240000
2009/09/24,0,72000,-160000,-88000
2009/09/25,0,83000,-41000,42000
2009/09/28,0,55000,-47721,7279
2009/09/29,0,230000,-21000,209000
2009/09/30,0,336000,-45260,290740
2009/10/01,0,128000,-85000,43000
2009/10/02,0,25000,-137000,-112000
2009/10/05,0,161000,-53000,108000
2009/10/06,0,119000,-74000,45000
2009/10/07,0,79000,-87000,-8000
2009/10/08,0,471000,-201750,269250
2009/10/09,0,145000,-183750,-38750
2009/10/12,0,10000,-36300,-26300
2009/10/13,0,146000,-89290,56710
2009/10/14,0,457000,-19000,438000
2009/10/15,0,1658000,-662000,996000
2009/10/16,0,435000,-499000,-64000
2009/10/19,0,368000,-327000,41000
2009/10/20,0,603000,-678520,-75520
2009/10/21,0,418000,-594000,-176000
2009/10/22,0,356000,-591500,-235500
2009/10/23,0,51000,-22000,29000
2009/10/26,0,25000,-71000,-46000
2009/10/27,0,126000,-749000,-623000
2009/10/28,0,68000,-73000,-5000
2009/10/29,0,102000,-417000,-315000
2009/10/30,0,32000,-530000,-498000
2009/11/02,0,19000,-63500,-44500
2009/11/03,0,10000,-75000,-65000
2009/11/04,0,124000,-86000,38000
2009/11/05,0,137000,-70000,67000
2009/11/06,0,32000,-103000,-71000
2009/11/09,0,107000,-12000,95000
2009/11/10,0,63000,-48000,15000
2009/11/11,0,250000,-149000,101000
2009/11/12,0,76000,-129000,-53000
2009/11/13,0,40000,-37000,3000
2009/11/16,0,132000,-102000,30000
2009/11/17,0,200000,-66000,134000
2009/11/18,0,1960000,-417000,1543000
2009/11/19,0,1405000,-1374660,30340
2009/11/20,0,365000,-763430,-398430
2009/11/23,0,258000,-790000,-532000
2009/11/24,0,233000,-182000,51000
2009/11/25,0,241000,-237000,4000
2009/11/26,0,115000,-213000,-98000
2009/11/27,0,526000,-161000,365000
2009/11/30,0,168000,-186000,-18000
2009/12/01,0,337000,-531000,-194000
2009/12/02,0,283000,-545000,-262000
2009/12/03,0,332000,-139000,193000
2009/12/04,0,229000,-75000,154000
2009/12/07,0,75000,-193000,-118000
2009/12/08,0,201000,-207000,-6000
2009/12/09,0,106000,-465000,-359000
2009/12/10,0,292000,-177000,115000
2009/12/11,0,685000,-87050,597950
2009/12/14,0,1202000,-321000,881000
2009/12/15,0,78000,-429000,-351000
2009/12/16,0,99000,-44000,55000
2009/12/17,0,196000,-464180,-268180
2009/12/18,0,28000,-161000,-133000
2009/12/21,0,1008000,-66000,942000
2009/12/22,0,67000,-155000,-88000
2009/12/23,0,199000,-181000,18000
2009/12/24,0,952000,-185000,767000
2009/12/25,0,109000,-212000,-103000
2009/12/28,0,182000,-95000,87000
2009/12/29,0,246000,-637000,-391000
2009/12/30,0,250000,-119000,131000
2009/12/31,0,203000,-236000,-33000
2010/01/01,0,0,0,0
2010/01/04,0,300000,-516000,-216000
2010/01/05,0,181000,-571000,-390000
2010/01/06,0,153000,-296000,-143000
2010/01/07,0,7000,-742000,-735000
2010/01/08,0,201000,-135000,66000
2010/01/11,0,322000,-869000,-547000
2010/01/12,0,303000,-326130,-23130
2010/01/13,0,339000,-352000,-13000
2010/01/14,0,286000,-260000,26000
2010/01/15,0,1399000,-292000,1107000
2010/01/18,0,455000,-192000,263000
2010/01/19,0,247000,-408000,-161000
2010/01/20,0,186535,-383000,-196465
2010/01/21,0,133000,-1061000,-928000
2010/01/22,0,194000,-366000,-172000
2010/01/25,0,58000,-45000,13000
2010/01/26,0,109000,-606000,-497000
2010/01/27,0,76000,-106010,-30010
2010/01/28,0,481000,-206000,275000
2010/01/29,0,273000,-172000,101000
2010/02/01,0,392000,-164000,228000
2010/02/02,0,263000,-544000,-281000
2010/02/03,0,591000,-174000,417000
2010/02/04,0,235000,-235000,0
2010/02/05,0,197000,-395000,-198000
2010/02/08,0,277000,-430000,-153000
2010/02/09,0,292000,-271280,20720
2010/02/10,0,87000,-225596,-138596
2010/02/11,0,0,0,0
2010/02/12,0,0,0,0
2010/02/15,0,0,0,0
2010/02/16,0,0,0,0
2010/02/17,0,0,0,0
2010/02/18,0,0,0,0
2010/02/19,0,0,0,0
2010/02/22,0,24000,-656000,-632000
2010/02/23,0,53000,-168000,-115000
2010/02/24,0,141000,-101000,40000
2010/02/25,0,167000,-195000,-28000
2010/02/26,0,131000,-18000,113000
2010/03/01,0,355000,-21000,334000
2010/03/02,0,129000,-259000,-130000
2010/03/03,0,33000,-8000,25000
2010/03/04,0,12000,-80000,-68000
2010/03/05,0,184000,-23000,161000
2010/03/08,0,221000,-16000,205000
2010/03/09,0,231000,-123000,108000
2010/03/10,0,27000,-42000,-15000
2010/03/11,0,59000,-262000,-203000
2010/03/12,0,224000,-77000,147000
2010/03/15,0,72000,-119000,-47000
2010/03/16,0,64000,-1000,63000
2010/03/17,0,111000,-42000,69000
2010/03/18,0,48000,-140000,-92000
2010/03/19,0,223000,-5000,218000
2010/03/22,0,129000,-60000,69000
2010/03/23,0,380000,-9000,371000
2010/03/24,0,24000,-81000,-57000
2010/03/25,0,197000,-21000,176000
2010/03/26,0,232000,-81000,151000
2010/03/29,0,34000,-35000,-1000
2010/03/30,0,26000,-105000,-79000
2010/03/31,0,75000,-66000,9000
2010/04/01,0,208000,-132000,76000
2010/04/02,0,757000,-73000,684000
2010/04/05,0,0,0,0
2010/04/06,0,195000,-439000,-244000
2010/04/07,0,19000,-190000,-171000
2010/04/08,0,28000,-456000,-428000
2010/04/09,0,9000,-98000,-89000
2010/04/12,0,17000,-40000,-23000
2010/04/13,0,2000,-64000,-62000
2010/04/14,0,299000,-157000,142000
2010/04/15,0,352000,-263000,89000
2010/04/16,0,20000,-176000,-156000
2010/04/19,0,570000,-264000,306000
2010/04/20,0,81000,-98000,-17000
2010/04/21,0,143000,-170000,-27000
2010/04/22,0,55000,-159000,-104000
2010/04/23,0,264000,-149000,115000
2010/04/26,0,50000,-66000,-16000
2010/04/27,0,59000,-60000,-1000
2010/04/28,0,38000,-165000,-127000
2010/04/29,0,285000,-314130,-29130
2010/04/30,0,73000,-407000,-334000
2010/05/03,0,45000,-162000,-117000
2010/05/04,0,150000,-28000,122000
2010/05/05,0,437000,-136000,301000
2010/05/06,0,142000,-138000,4000
2010/05/07,0,211000,-449000,-238000
2010/05/10,0,43000,-21000,22000
2010/05/11,0,136000,-95468,40532
2010/05/12,0,114000,-22000,92000
2010/05/13,0,296000,-13000,283000
2010/05/14,0,94000,-24000,70000
2010/05/17,0,76000,-93000,-17000
2010/05/18,0,91000,-30000,61000
2010/05/19,0,159000,-114000,45000
2010/05/20,0,44000,-193000,-149000
2010/05/21,0,55000,-763000,-708000
2010/05/24,0,38000,-9000,29000
2010/05/25,0,85000,-60000,25000
2010/05/26,0,32000,-128000,-96000
2010/05/27,0,98000,-31000,67000
2010/05/28,0,161000,-74000,87000
2010/05/31,0,26000,-5000,21000
2010/06/01,0,47000,-521000,-474000
2010/06/02,0,6000,-33000,-27000
2010/06/03,0,56000,-21000,35000
2010/06/04,0,51000,-4000,47000
2010/06/07,0,12000,-196000,-184000
2010/06/08,0,2000,-298000,-296000
2010/06/09,0,15000,-100000,-85000
2010/06/10,0,7000,-335000,-328000
2010/06/11,0,11000,-7000,4000
2010/06/14,0,103000,-4000,99000
2010/06/15,0,173000,-90000,83000
2010/06/16,0,0,0,0
2010/06/17,0,153000,-118000,35000
2010/06/18,0,26000,-9000,17000
2010/06/21,0,19000,-4000,15000
2010/06/22,0,125000,-93000,32000
2010/06/23,0,68000,-78000,-10000
2010/06/24,0,3000,-49530,-46530
2010/06/25,0,47000,-30000,17000
2010/06/28,0,3000,-18000,-15000
2010/06/29,0,10000,-10000,0
2010/06/30,0,65000,-107000,-42000
2010/07/01,0,3000,-18000,-15000
2010/07/02,0,10000,-12000,-2000
2010/07/05,0,34000,-4000,30000
2010/07/06,0,97000,-44000,53000
2010/07/07,0,25000,-9000,16000
2010/07/08,0,38000,-12000,26000
2010/07/09,0,151000,-215000,-64000
2010/07/12,0,222000,-378000,-156000
2010/07/13,0,60000,-73000,-13000
2010/07/14,0,82000,-63000,19000
2010/07/15,0,31000,-49000,-18000
2010/07/16,0,22000,-176000,-154000
2010/07/19,0,46000,-23000,23000
2010/07/20,0,85000,-24000,61000
2010/07/21,0,30000,-105000,-75000
2010/07/22,0,45000,-65000,-20000
2010/07/23,0,115000,-48437,66563
2010/07/26,0,9000,-6000,3000
2010/07/27,0,137000,-12000,125000
2010/07/28,0,23000,-14000,9000
2010/07/29,0,92000,-179000,-87000
2010/07/30,0,37000,-118000,-81000
2010/08/02,0,52000,-31000,21000
2010/08/03,0,63000,-9000,54000
2010/08/04,0,22000,-46000,-24000
2010/08/05,0,0,-22000,-22000
2010/08/06,0,20000,-8000,12000
2010/08/09,0,8000,-4000,4000
2010/08/10,0,8680,-24000,-15320
2010/08/11,0,5000,-25000,-20000
2010/08/12,0,45700,-14000,31700
2010/08/13,0,5000,-22000,-17000
2010/08/16,0,22000,-15000,7000
2010/08/17,0,12000,-3000,9000
2010/08/18,0,36000,-19000,17000
2010/08/19,0,67000,-3000,64000
2010/08/20,0,7000,-4461,2539
2010/08/23,0,716000,-54000,662000
2010/08/24,0,49000,-533000,-484000
2010/08/25,0,49000,-182000,-133000
2010/08/26,0,33000,-42000,-9000
2010/08/27,0,22000,-33000,-11000
2010/08/30,0,40000,-27000,13000
2010/08/31,0,37000,-368000,-331000
2010/09/01,0,21000,-31000,-10000
2010/09/02,0,85000,-41000,44000
2010/09/03,0,109000,-86000,23000
2010/09/06,0,625000,-89000,536000
2010/09/07,0,44000,-24000,20000
2010/09/08,0,21000,-24000,-3000
2010/09/09,0,59000,-3000,56000
2010/09/10,0,87000,-65000,22000
2010/09/13,0,13000,-20000,-7000
2010/09/14,0,55000,-62000,-7000
2010/09/15,0,633000,-78000,555000
2010/09/16,0,104000,-193000,-89000
2010/09/17,0,106000,-517000,-411000
2010/09/20,0,160000,-352000,-192000
2010/09/21,0,91000,-89000,2000
2010/09/22,0,0,0,0
2010/09/23,0,123000,-116000,7000
2010/09/24,0,113000,-12000,101000
2010/09/27,0,66000,-87000,-21000
2010/09/28,0,126000,-300000,-174000
2010/09/29,0,154000,-64000,90000
2010/09/30,0,116000,-50000,66000
2010/10/01,0,59000,-15010,43990
2010/10/04,0,54000,-124000,-70000
2010/10/05,0,152000,-210000,-58000
2010/10/06,0,131000,-61000,70000
2010/10/07,0,60000,-28481,31519
2010/10/08,0,68000,-103000,-35000
2010/10/11,0,15000,-59000,-44000
2010/10/12,0,94000,-38000,56000
2010/10/13,0,51000,-44140,6860
2010/10/14,0,41000,-31000,10000
2010/10/15,0,103000,-83000,20000
2010/10/18,0,50000,-85000,-35000
2010/10/19,0,53000,-63000,-10000
2010/10/20,0,402000,-60170,341830
2010/10/21,0,389000,-180000,209000
2010/10/22,0,88000,-49000,39000
2010/10/25,0,70000,-16000,54000
2010/10/26,0,202000,-85000,117000
2010/10/27,0,92000,-86000,6000
2010/10/28,0,366310,-80330,285980
2010/10/29,0,165000,-205000,-40000
2010/11/01,0,171000,-38020,132980
2010/11/02,0,25000,-221000,-196000
2010/11/03,0,75000,-762000,-687000
2010/11/04,0,86000,-1000,85000
2010/11/05,0,126000,-38092,87908
2010/11/08,0,66000,-88000,-22000
2010/11/09,0,43000,-15000,28000
2010/11/10,0,136000,-69000,67000
2010/11/11,0,127000,-33000,94000
2010/11/12,0,81000,-67000,14000
2010/11/15,0,70000,-86000,-16000
2010/11/16,0,321000,-103000,218000
2010/11/17,0,114000,-148000,-34000
2010/11/18,0,67000,-54000,13000
2010/11/19,0,149000,-64000,85000
2010/11/22,0,30000,-26000,4000
2010/11/23,0,37000,-18000,19000
2010/11/24,0,10000,-30000,-20000
2010/11/25,0,65000,-70000,-5000
2010/11/26,0,279000,-266180,12820
2010/11/29,0,547000,-75000,472000
2010/11/30,0,273000,-79000,194000
2010/12/01,0,233000,-210000,23000
2010/12/02,0,301000,-242000,59000
2010/12/03,0,445000,-131300,313700
2010/12/06,0,228000,-212000,16000
2010/12/07,0,99000,-119000,-20000
2010/12/08,0,47000,-122000,-75000
2010/12/09,0,53000,-105000,-52000
2010/12/10,0,172000,-128000,44000
2010/12/13,0,130000,-116000,14000
2010/12/14,0,59000,-171000,-112000
2010/12/15,0,120000,-242000,-122000
2010/12/16,0,68000,-72000,-4000
2010/12/17,0,27000,-65000,-38000
2010/12/20,0,193000,-49000,144000
2010/12/21,0,10000,-57000,-47000
2010/12/22,0,315000,-213000,102000
2010/12/23,0,290000,-105000,185000
2010/12/24,0,59000,-351000,-292000
2010/12/27,0,14000,-348000,-334000
2010/12/28,0,78000,-241001,-163001
2010/12/29,0,13000,-260999,-247999
2010/12/30,0,8000,-112000,-104000
2010/12/31,0,51000,-20000,31000
2011/01/03,0,39000,-56000,-17000
2011/01/04,0,142000,-111000,31000
2011/01/05,0,470000,-63000,407000
2011/01/06,0,411000,-26000,385000
2011/01/07,0,193000,-178000,15000
2011/01/10,0,91000,-37000,54000
2011/01/11,0,127000,-56000,71000
2011/01/12,0,27000,-52000,-25000
2011/01/13,0,61000,-59000,2000
2011/01/14,0,1000,-42000,-41000
2011/01/17,0,2000,-26000,-24000
2011/01/18,0,0,-37000,-37000
2011/01/19,0,5000,-34120,-29120
2011/01/20,0,43000,-25000,18000
2011/01/21,0,50000,-28000,22000
2011/01/24,0,7000,-36000,-29000
2011/01/25,0,17000,-62000,-45000
2011/01/26,0,33000,-51000,-18000
2011/01/27,0,37000,-9000,28000
2011/01/28,0,46000,-56000,-10000
2011/01/31,0,0,0,0
2011/02/01,0,0,0,0
2011/02/02,0,0,0,0
2011/02/03,0,0,0,0
2011/02/04,0,0,0,0
2011/02/07,0,0,0,0
2011/02/08,0,126000,-926550,-800550
2011/02/09,0,14000,-229000,-215000
2011/02/10,0,83000,-92000,-9000
2011/02/11,0,130000,-70000,60000
2011/02/14,0,82000,-128000,-46000
2011/02/15,0,53000,-71000,-18000
2011/02/16,0,0,-18000,-18000
2011/02/17,0,202000,-354000,-152000
2011/02/18,0,14000,-14400,-400
2011/02/21,0,66000,-99000,-33000
2011/02/22,0,163000,-45000,118000
2011/02/23,0,78000,-154000,-76000
2011/02/24,0,9000,-98000,-89000
2011/02/25,0,28000,-480000,-452000
2011/02/28,0,0,0,0
2011/03/01,0,28000,-8000,20000
2011/03/02,0,163000,-23000,140000
2011/03/03,0,16000,-101000,-85000
2011/03/04,0,45000,-4000,41000
2011/03/07,0,48000,-22700,25300
2011/03/08,0,114000,-119000,-5000
2011/03/09,0,185000,-85000,100000
2011/03/10,0,71000,-20000,51000
2011/03/11,0,40000,-86000,-46000
2011/03/14,0,120000,-84000,36000
2011/03/15,0,82000,-719000,-637000
2011/03/16,0,47000,-87000,-40000
2011/03/17,0,61000,-627010,-566010
2011/03/18,0,29000,-503000,-474000
2011/03/21,0,51000,-6000,45000
2011/03/22,0,79000,-51020,27980
2011/03/23,0,11000,-46000,-35000
2011/03/24,0,3000,-21000,-18000
2011/03/25,0,97000,-25000,72000
2011/03/28,0,16000,-43000,-27000
2011/03/29,0,38000,-15000,23000
2011/03/30,0,17000,-28000,-11000
2011/03/31,0,48000,-32000,16000
2011/04/01,0,62000,-21000,41000
2011/04/04,0,0,0,0
2011/04/05,0,0,0,0
2011/04/06,0,60000,-53000,7000
2011/04/07,0,47000,-32000,15000
2011/04/08,0,49000,-28733,20267
2011/04/11,0,70000,-19000,51000
2011/04/12,0,56000,-33000,23000
2011/04/13,0,56000,-21000,35000
2011/04/14,0,43000,-57753,-14753
2011/04/15,0,359000,-126000,233000
2011/04/18,0,313000,-297000,16000
2011/04/19,0,198000,-226000,-28000
2011/04/20,0,316000,-324000,-8000
2011/04/21,0,202000,-230000,-28000
2011/04/22,0,159000,-77000,82000
2011/04/25,0,95000,-80000,15000
2011/04/26,0,90000,-57000,33000
2011/04/27,0,263000,-37000,226000
2011/04/28,0,196000,-148000,48000
2011/04/29,0,246000,-84000,162000
2011/05/02,0,0,0,0
2011/05/03,0,181000,-50000,131000
2011/05/04,0,30000,-36000,-6000
2011/05/05,0,410000,-101000,309000
2011/05/06,0,151000,-154000,-3000
2011/05/09,0,82000,-114000,-32000
2011/05/10,0,262000,-100000,162000
2011/05/11,0,86000,-110378,-24378
2011/05/12,0,161000,-195000,-34000
2011/05/13,0,654000,-397000,257000
2011/05/16,0,438000,-587000,-149000
2011/05/17,0,335000,-273000,62000
2011/05/18,0,246000,-239000,7000
2011/05/19,0,254000,-281748,-27748
2011/05/20,0,265000,-126000,139000
2011/05/23,0,198000,-115000,83000
2011/05/24,0,160000,-269000,-109000
2011/05/25,0,71000,-277000,-206000
2011/05/26,0,199000,-171000,28000
2011/05/27,0,277000,-214000,63000
2011/05/30,0,80000,-169000,-89000
2011/05/31,0,104000,-173000,-69000
2011/06/01,0,663000,-232000,431000
2011/06/02,0,63000,-162000,-99000
2011/06/03,0,54000,-153000,-99000
2011/06/06,0,0,0,0
2011/06/07,0,220000,-138000,82000
2011/06/08,0,830000,-287000,543000
2011/06/09,0,685000,-161000,524000
2011/06/10,0,327000,-380000,-53000
2011/06/13,0,615000,-89000,526000
2011/06/14,0,46000,-527000,-481000
2011/06/15,0,59000,-288000,-229000
2011/06/16,0,126000,-336000,-210000
2011/06/17,0,182000,-663000,-481000
2011/06/20,0,72000,-351000,-279000
2011/06/21,0,132500,-22000,110500
2011/06/22,0,152000,-90000,62000
2011/06/23,0,57000,-215000,-158000
2011/06/24,0,89000,-136000,-47000
2011/06/27,0,63000,-27000,36000
2011/06/28,0,23000,-73000,-50000
2011/06/29,0,50000,-23000,27000
2011/06/30,0,21000,-106000,-85000
2011/07/01,0,112000,-68000,44000
2011/07/04,0,25000,-27000,-2000
2011/07/05,0,20000,-73932,-53932
2011/07/06,0,40000,-44000,-4000
2011/07/07,0,22000,-2000,20000
2011/07/08,0,238000,-144000,94000
2011/07/11,0,145000,-115000,30000
2011/07/12,0,35000,-446000,-411000
2011/07/13,0,160000,-309600,-149600
2011/07/14,0,244000,-155000,89000
2011/07/15,0,184000,-14400,169600
2011/07/18,0,239000,-86000,153000
2011/07/19,0,390000,-97000,293000
2011/07/20,0,462000,-179000,283000
2011/07/21,0,130000,-38000,92000
2011/07/22,0,59000,-65000,-6000
2011/07/25,0,204500,-146000,58500
2011/07/26,0,30000,-146000,-116000
2011/07/27,0,309800,-120000,189800
2011/07/28,0,149000,-61405,87595
2011/07/29,0,246000,-132000,114000
2011/08/01,0,251000,-726000,-475000
2011/08/02,0,43000,-184000,-141000
2011/08/03,0,31000,-121100,-90100
2011/08/04,0,199000,-119250,79750
2011/08/05,0,376000,-142400,233600
2011/08/08,0,49000,-626000,-577000
2011/08/09,0,87000,-223000,-136000
2011/08/10,0,24000,-16000,8000
2011/08/11,0,183000,-115000,68000
2011/08/12,0,183000,-212000,-29000
2011/08/15,0,114000,-62000,52000
2011/08/16,0,54000,-27000,27000
2011/08/17,0,14000,-31000,-17000
2011/08/18,0,86000,-189000,-103000
2011/08/19,0,33000,-753050,-720050
2011/08/22,0,60000,-144000,-84000
2011/08/23,0,267000,-1000,266000
2011/08/24,0,157000,-62000,95000
2011/08/25,0,48000,-273000,-225000
2011/08/26,0,11000,-98000,-87000
2011/08/29,0,145000,-11000,134000
2011/08/30,0,90000,-40000,50000
2011/08/31,0,15000,-51000,-36000
2011/09/01,0,33000,-79000,-46000
2011/09/02,0,57000,-86000,-29000
2011/09/05,0,1000,-96000,-95000
2011/09/06,0,84000,-155000,-71000
2011/09/07,0,111000,-92000,19000
2011/09/08,0,13000,-109000,-96000
2011/09/09,0,77000,-63000,14000
2011/09/12,0,0,0,0
2011/09/13,0,30000,-73000,-43000
2011/09/14,0,89000,-139000,-50000
2011/09/15,0,80000,-27000,53000
2011/09/16,0,544000,-160000,384000
2011/09/19,0,44000,-102000,-58000
2011/09/20,0,145000,-140000,5000
2011/09/21,0,336000,-344000,-8000
2011/09/22,0,80000,-99000,-19000
2011/09/23,0,165500,-245000,-79500
2011/09/26,0,77000,-262000,-185000
2011/09/27,0,93000,-120000,-27000
2011/09/28,0,144000,-51000,93000
2011/09/29,0,419000,-118000,301000
2011/09/30,0,72000,-155000,-83000
2011/10/03,0,20000,-147000,-127000
2011/10/04,0,247340,-121000,126340
2011/10/05,0,161200,-97000,64200
2011/10/06,0,20000,-229171,-209171
2011/10/07,0,65000,-38000,27000
2011/10/10,0,0,0,0
2011/10/11,0,53000,-46000,7000
2011/10/12,0,74000,-28000,46000
2011/10/13,0,38000,-111800,-73800
2011/10/14,0,11001,-26000,-14999
2011/10/17,0,31000,-8000,23000
2011/10/18,0,38000,-20000,18000
2011/10/19,0,46000,-36350,9650
2011/10/20,0,129000,-59000,70000
2011/10/21,0,65704,-44000,21704
2011/10/24,0,129000,-9500,119500
2011/10/25,0,115000,-23000,92000
2011/10/26,0,131000,-45400,85600
2011/10/27,0,46000,-121000,-75000
2011/10/28,0,0,-21000,-21000
2011/10/31,0,8000,-15932,-7932
2011/11/01,0,14000,-12014,1986
2011/11/02,0,232000,-33000,199000
2011/11/03,0,89000,-257000,-168000
2011/11/04,0,122000,-54000,68000
2011/11/07,0,37000,-110000,-73000
2011/11/08,0,47000,-24000,23000
2011/11/09,0,23000,-11130,11870
2011/11/10,0,33000,-106000,-73000
2011/11/11,0,34000,-20000,14000
2011/11/14,0,33000,-6000,27000
2011/11/15,0,22000,-57000,-35000
2011/11/16,0,10000,-60000,-50000
2011/11/17,0,15000,-6000,9000
2011/11/18,0,12000,-48000,-36000
2011/11/21,0,78000,-86310,-8310
2011/11/22,0,54000,-210000,-156000
2011/11/23,0,39000,-131000,-92000
2011/11/24,0,60000,-44000,16000
2011/11/25,0,27000,-21000,6000
2011/11/28,0,6000,-75000,-69000
2011/11/29,0,2000,-34000,-32000
2011/11/30,0,66000,-46000,20000
2011/12/01,0,58000,-50020,7980
2011/12/02,0,8000,-40000,-32000
2011/12/05,0,0,-25006,-25006
2011/12/06,0,23000,-38000,-15000
2011/12/07,0,1000,-46000,-45000
2011/12/08,0,1000,-12000,-11000
2011/12/09,0,1000,-8000,-7000
2011/12/12,0,1000,0,1000
2011/12/13,0,12000,0,12000
2011/12/14,0,2000,-11000,-9000
2011/12/15,0,22000,-24000,-2000
2011/12/16,0,7000,-6000,1000
2011/12/19,0,27000,-35000,-8000
2011/12/20,0,22000,-23000,-1000
2011/12/21,0,15000,-15666,-666
2011/12/22,0,14000,-8000,6000
2011/12/23,0,13000,-2000,11000
2011/12/26,0,7000,-5000,2000
2011/12/27,0,28000,-6000,22000
2011/12/28,0,9000,-43000,-34000
2011/12/29,0,18000,0,18000
2011/12/30,0,9000,-4000,5000
2012/01/02,0,30000,-22000,8000
2012/01/03,0,2000,-37000,-35000
2012/01/04,0,25000,-8000,17000
2012/01/05,0,16000,-14550,1450
2012/01/06,0,39000,-40000,-1000
2012/01/09,0,126000,-52000,74000
2012/01/10,0,133000,-112921,20079
2012/01/11,0,33000,-35000,-2000
2012/01/12,0,35000,-14000,21000
2012/01/13,0,138000,-5000,133000
2012/01/16,0,12000,-49000,-37000
2012/01/17,0,199000,-39000,160000
2012/01/18,0,112000,-81350,30650
2012/01/19,0,0,0,0
2012/01/20,0,0,0,0
2012/01/23,0,0,0,0
2012/01/24,0,0,0,0
2012/01/25,0,0,0,0
2012/01/26,0,0,0,0
2012/01/27,0,0,0,0
2012/01/30,0,266000,-74000,192000
2012/01/31,0,27000,-230650,-203650
2012/02/01,0,71000,-261000,-190000
2012/02/02,0,270000,-164000,106000
2012/02/03,0,79000,-36000,43000
2012/02/06,0,14000,-61000,-47000
2012/02/07,0,98000,-84000,14000
2012/02/08,0,242000,-1035000,-793000
2012/02/09,0,218000,-74000,144000
2012/02/10,0,6000,-136000,-130000
2012/02/13,0,302000,-32000,270000
2012/02/14,0,157000,-392000,-235000
2012/02/15,0,128000,-194000,-66000
2012/02/16,0,92000,-154000,-62000
2012/02/17,0,182000,-91000,91000
2012/02/20,0,68000,-115000,-47000
2012/02/21,0,30000,-31000,-1000
2012/02/22,0,61000,-12000,49000
2012/02/23,0,5000,-51000,-46000
2012/02/24,0,11000,-9000,2000
2012/02/27,0,0,0,0
2012/02/28,0,0,0,0
2012/02/29,0,56000,-24000,32000
2012/03/01,0,123000,-44000,79000
2012/03/02,0,79000,-39000,40000
2012/03/05,0,350000,-157000,193000
2012/03/06,0,85000,-89000,-4000
2012/03/07,0,72000,-51000,21000
2012/03/08,0,28000,-43000,-15000
2012/03/09,0,48000,-139000,-91000
2012/03/12,0,12000,-45000,-33000
2012/03/13,0,14000,-14000,0
2012/03/14,0,25000,-41000,-16000
2012/03/15,0,175000,-82000,93000
2012/03/16,0,49000,-108000,-59000
2012/03/19,0,82000,-39000,43000
2012/03/20,0,36000,-48000,-12000
2012/03/21,0,37000,-132000,-95000
2012/03/22,0,60000,-70000,-10000
2012/03/23,0,4000,-27000,-23000
2012/03/26,0,52000,-57000,-5000
2012/03/27,0,107000,-138000,-31000
2012/03/28,0,23000,-139000,-116000
2012/03/29,0,36000,-102290,-66290
2012/03/30,0,13000,-26000,-13000
2012/04/02,0,40000,-7000,33000
2012/04/03,0,63000,-40000,23000
2012/04/04,0,0,0,0
2012/04/05,0,40000,-80000,-40000
2012/04/06,0,81000,-28000,53000
2012/04/09,0,20000,-81000,-61000
2012/04/10,0,34000,-15000,19000
2012/04/11,0,264000,-20000,244000
2012/04/12,0,150000,-16000,134000
2012/04/13,0,12000,-25000,-13000
2012/04/16,0,6000,-7000,-1000
2012/04/17,0,438000,-15000,423000
2012/04/18,0,354000,-22000,332000
2012/04/19,0,119000,-22000,97000
2012/04/20,0,334000,-29000,305000
2012/04/23,0,82000,-68000,14000
2012/04/24,0,71000,-239000,-168000
2012/04/25,0,79000,-26000,53000
2012/04/26,0,305000,-101000,204000
2012/04/27,0,40000,-145000,-105000
2012/04/30,0,137000,-38001,98999
2012/05/01,0,0,0,0
2012/05/02,0,185000,-185000,0
2012/05/03,0,150000,-38000,112000
2012/05/04,0,245000,-146000,99000
2012/05/07,0,129000,-175000,-46000
2012/05/08,0,58000,-156187,-98187
2012/05/09,0,38000,-438000,-400000
2012/05/10,0,154000,-226000,-72000
2012/05/11,0,92000,-278000,-186000
2012/05/14,0,82000,-204000,-122000
2012/05/15,0,288000,-313000,-25000
2012/05/16,0,222000,-229000,-7000
2012/05/17,0,287000,-344000,-57000
2012/05/18,0,179000,-203000,-24000
2012/05/21,0,69000,-685000,-616000
2012/05/22,0,42000,-73000,-31000
2012/05/23,0,60000,-75000,-15000
2012/05/24,0,100000,-132000,-32000
2012/05/25,0,66000,-98000,-32000
2012/05/28,0,94000,-40000,54000
2012/05/29,0,603000,-308000,295000
2012/05/30,0,40000,-131000,-91000
2012/05/31,0,73000,-358000,-285000
2012/06/01,0,172000,-165000,7000
2012/06/04,0,49000,-39000,10000
2012/06/05,0,16000,-129000,-113000
2012/06/06,0,270000,-27000,243000
2012/06/07,0,405000,-178000,227000
2012/06/08,0,49000,-549746,-500746
2012/06/11,0,303000,-46000,257000
2012/06/12,0,32000,-21000,11000
2012/06/13,0,64000,-1000,63000
2012/06/14,0,7000,-26000,-19000
2012/06/15,0,440000,-55000,385000
2012/06/18,0,88000,-378000,-290000
2012/06/19,0,208000,-231000,-23000
2012/06/20,0,75000,-39000,36000
2012/06/21,0,7000,-323000,-316000
2012/06/22,0,40000,-126000,-86000
2012/06/25,0,37000,-122000,-85000
2012/06/26,0,70000,-12000,58000
2012/06/27,0,11000,-46000,-35000
2012/06/28,0,7000,-11000,-4000
2012/06/29,0,23000,-44000,-21000
2012/07/02,0,103000,-16000,87000
2012/07/03,0,154000,-31000,123000
2012/07/04,0,28000,-210000,-182000
2012/07/05,0,76000,-32000,44000
2012/07/06,0,22000,-48000,-26000
2012/07/09,0,4000,-9000,-5000
2012/07/10,0,17000,-19000,-2000
2012/07/11,0,399000,-26000,373000
2012/07/12,0,152000,-179000,-27000
2012/07/13,0,123000,-151000,-28000
2012/07/16,0,19000,-135000,-116000
2012/07/17,0,30000,-138000,-108000
2012/07/18,0,9000,-86000,-77000
2012/07/19,0,7000,-8000,-1000
2012/07/20,0,21000,-73000,-52000
2012/07/23,0,12000,-69000,-57000
2012/07/24,0,24000,-145000,-121000
2012/07/25,0,16000,-63000,-47000
2012/07/26,0,13000,-4000,9000
2012/07/27,0,24000,-4000,20000
2012/07/30,0,6000,-5000,1000
2012/07/31,0,20000,-1000,19000
2012/08/01,0,111000,-66000,45000
2012/08/02,0,0,0,0
2012/08/03,0,2000,-38000,-36000
2012/08/06,0,14000,0,14000
2012/08/07,0,47000,-59000,-12000
2012/08/08,0,90000,-29000,61000
2012/08/09,0,22000,-5000,17000
2012/08/10,0,38000,-19000,19000
2012/08/13,0,8000,-9000,-1000
2012/08/14,0,37000,-9000,28000
2012/08/15,0,45000,-18000,27000
2012/08/16,0,107000,-37000,70000
2012/08/17,0,57000,-83000,-26000
2012/08/20,0,60000,-6000,54000
2012/08/21,0,1418000,-9000,1409000
2012/08/22,0,6000,-1285000,-1279000
2012/08/23,0,113000,-101000,12000
2012/08/24,0,2000,-112000,-110000
2012/08/27,0,34000,-33000,1000
2012/08/28,0,229000,-56000,173000
2012/08/29,0,27000,-136000,-109000
2012/08/30,0,57000,-123000,-66000
2012/08/31,0,21000,-70996,-49996
2012/09/03,0,289000,-43000,246000
2012/09/04,0,32000,-252000,-220000
2012/09/05,0,40000,-32000,8000
2012/09/06,0,67000,-49000,18000
2012/09/07,0,523000,-45000,478000
2012/09/10,0,18000,-92000,-74000
2012/09/11,0,772000,-29000,743000
2012/09/12,0,302000,-968000,-666000
2012/09/13,0,332000,-165000,167000
2012/09/14,0,129000,-65000,64000
2012/09/17,0,70000,-41000,29000
2012/09/18,0,106000,-72000,34000
2012/09/19,0,65000,-42000,23000
2012/09/20,0,41000,-131000,-90000
2012/09/21,0,41000,-349000,-308000
2012/09/24,0,185000,-70000,115000
2012/09/25,0,113000,-138000,-25000
2012/09/26,0,22000,-152000,-130000
2012/09/27,0,26000,-43000,-17000
2012/09/28,0,10000,-49000,-39000
2012/10/01,0,8000,-24000,-16000
2012/10/02,0,4000,-38000,-34000
2012/10/03,0,18000,-20000,-2000
2012/10/04,0,53000,-16000,37000
2012/10/05,0,39000,-64260,-25260
2012/10/08,0,50000,-60000,-10000
2012/10/09,0,36000,-115000,-79000
2012/10/10,0,0,0,0
2012/10/11,0,43000,-35485,7515
2012/10/12,0,86000,-47000,39000
2012/10/15,0,52000,-53300,-1300
2012/10/16,0,67000,-10000,57000
2012/10/17,0,50000,-64000,-14000
2012/10/18,0,44000,-74000,-30000
2012/10/19,0,81000,-19000,62000
2012/10/22,0,7000,-29000,-22000
2012/10/23,0,4000,-30000,-26000
2012/10/24,0,87000,-6000,81000
2012/10/25,0,36000,-24000,12000
2012/10/26,0,69000,-41000,28000
2012/10/29,0,45000,-87000,-42000
2012/10/30,0,69000,-21010,47990
2012/10/31,0,144000,-71000,73000
2012/11/01,0,63000,-18000,45000
2012/11/02,0,202000,-27660,174340
2012/11/05,0,78000,-160650,-82650
2012/11/06,0,43000,-32000,11000
2012/11/07,0,37000,-5000,32000
2012/11/08,0,57000,-33000,24000
2012/11/09,0,106000,-12000,94000
2012/11/12,0,89000,-24000,65000
2012/11/13,0,90000,-7000,83000
2012/11/14,0,39000,-27000,12000
2012/11/15,0,17000,-34000,-17000
2012/11/16,0,7000,-13000,-6000
2012/11/19,0,2000,-3000,-1000
2012/11/20,0,6000,-182340,-176340
2012/11/21,0,16000,-68000,-52000
2012/11/22,0,247000,-7000,240000
2012/11/23,0,94000,-153000,-59000
2012/11/26,0,8000,-172000,-164000
2012/11/27,0,81000,-14000,67000
2012/11/28,0,0,-96000,-96000
2012/11/29,0,32000,-17000,15000
2012/11/30,0,7000,-21160,-14160
2012/12/03,0,73000,-32000,41000
2012/12/04,0,29000,-60000,-31000
2012/12/05,0,61000,-10000,51000
2012/12/06,0,683000,-34000,649000
2012/12/07,0,22000,-277000,-255000
2012/12/10,0,320000,-155000,165000
2012/12/11,0,492000,-548400,-56400
2012/12/12,0,713000,-424000,289000
2012/12/13,0,59000,-625000,-566000
2012/12/14,0,236000,-39000,197000
2012/12/17,0,26000,-280000,-254000
2012/12/18,0,53000,-49000,4000
2012/12/19,0,62000,-152000,-90000
2012/12/20,0,0,-78000,-78000
2012/12/21,0,36000,-103000,-67000
2012/12/24,0,41000,-18000,23000
2012/12/25,0,146000,-5000,141000
2012/12/26,0,15000,-103250,-88250
2012/12/27,0,13000,-20000,-7000
2012/12/28,0,20000,-73000,-53000
2012/12/31,0,0,0,0
2013/01/01,0,0,0,0
2013/01/02,0,502000,-14000,488000
2013/01/03,0,295000,-129000,166000
2013/01/04,0,58000,-95000,-37000
2013/01/07,0,42000,-44000,-2000
2013/01/08,0,10000,-43093,-33093
2013/01/09,0,46000,-7000,39000
2013/01/10,0,35000,-4000,31000
2013/01/11,0,7000,-9000,-2000
2013/01/14,0,20000,-50000,-30000
2013/01/15,0,12000,-674000,-662000
2013/01/16,0,23000,-48000,-25000
2013/01/17,0,275000,-36000,239000
2013/01/18,0,145000,-165000,-20000
2013/01/21,0,48000,-47000,1000
2013/01/22,0,14000,-85000,-71000
2013/01/23,0,39000,-46000,-7000
2013/01/24,0,22000,-64000,-42000
2013/01/25,0,37000,-33000,4000
2013/01/28,0,115000,-58000,57000
2013/01/29,0,274000,-49000,225000
2013/01/30,0,886000,-204000,682000
2013/01/31,0,385000,-535000,-150000
2013/02/01,0,193000,-383000,-190000
2013/02/04,0,249000,-383000,-134000
2013/02/05,0,37000,-140000,-103000
2013/02/06,0,252000,-101000,151000
2013/02/07,0,0,0,0
2013/02/08,0,0,0,0
2013/02/11,0,0,0,0
2013/02/12,0,0,0,0
2013/02/13,0,0,0,0
2013/02/14,0,0,0,0
2013/02/15,0,0,0,0
2013/02/18,0,236000,-200000,36000
2013/02/19,0,238000,-156000,82000
2013/02/20,0,45000,-394000,-349000
2013/02/21,0,16000,-201000,-185000
2013/02/22,0,216000,-183000,33000
2013/02/25,0,669000,-265000,404000
2013/02/26,0,140000,-688000,-548000
2013/02/27,0,46000,-50000,-4000
2013/02/28,0,0,0,0
2013/03/01,0,536000,-146000,390000
2013/03/04,0,145000,-235000,-90000
2013/03/05,0,115000,-169000,-54000
2013/03/06,0,609000,-118000,491000
2013/03/07,0,540000,-72000,468000
2013/03/08,0,420000,-113000,307000
2013/03/11,0,85000,-50000,35000
2013/03/12,0,43000,-212000,-169000
2013/03/13,0,141000,-281000,-140000
2013/03/14,0,153000,-961000,-808000
2013/03/15,0,93000,-154000,-61000
2013/03/18,0,62000,-59000,3000
2013/03/19,0,97000,-33000,64000
2013/03/20,0,52000,-135000,-83000
2013/03/21,0,18000,-77000,-59000
2013/03/22,0,114000,-20000,94000
2013/03/25,0,11000,-79000,-68000
2013/03/26,0,25000,-87000,-62000
2013/03/27,0,16000,-40000,-24000
2013/03/28,0,14000,-32000,-18000
2013/03/29,0,48000,-21000,27000
2013/04/01,0,26000,-11000,15000
2013/04/02,0,23000,-18000,5000
2013/04/03,0,88000,-73000,15000
2013/04/04,0,0,0,0
2013/04/05,0,0,0,0
2013/04/08,0,130000,-48000,82000
2013/04/09,0,43000,-154000,-111000
2013/04/10,0,126000,-93000,33000
2013/04/11,0,693000,-28000,665000
2013/04/12,0,302000,-437000,-135000
2013/04/15,0,93000,-106000,-13000
2013/04/16,0,427000,-63000,364000
2013/04/17,0,202000,-188000,14000
2013/04/18,0,311000,-300060,10940
2013/04/19,0,415000,-7000,408000
2013/04/22,0,806000,-601000,205000
2013/04/23,0,208000,-420000,-212000
2013/04/24,0,54000,-264000,-210000
2013/04/25,0,42000,-165000,-123000
2013/04/26,0,376000,-241000,135000
2013/04/29,0,747000,-168000,579000
2013/04/30,0,342000,-1141000,-799000
2013/05/01,0,0,0,0
2013/05/02,0,370000,-202000,168000
2013/05/03,0,201000,-171000,30000
2013/05/06,0,171000,-110000,61000
2013/05/07,0,70000,-259000,-189000
2013/05/08,0,522000,-220000,302000
2013/05/09,0,71000,-318000,-247000
2013/05/10,0,43000,-210000,-167000
2013/05/13,0,64000,-95000,-31000
2013/05/14,0,39000,-149000,-110000
2013/05/15,0,209000,-91000,118000
2013/05/16,0,186000,-280000,-94000
2013/05/17,0,207000,-44000,163000
2013/05/20,0,98000,-83000,15000
2013/05/21,0,234000,-136000,98000
2013/05/22,0,40000,-94000,-54000
2013/05/23,0,126000,-351000,-225000
2013/05/24,0,353000,-819000,-466000
2013/05/27,0,328000,-148000,180000
2013/05/28,0,239000,-125000,114000
2013/05/29,0,65000,-323000,-258000
2013/05/30,0,76000,-69000,7000
2013/05/31,0,147000,-135000,12000
2013/06/03,0,53000,-34000,19000
2013/06/04,0,136000,-196000,-60000
2013/06/05,0,259000,-185910,73090
2013/06/06,0,376000,-136000,240000
2013/06/07,0,353000,-200000,153000
2013/06/10,0,106000,-186000,-80000
2013/06/11,0,131000,-135000,-4000
2013/06/12,0,0,0,0
2013/06/13,0,366000,-31000,335000
2013/06/14,0,92000,-124000,-32000
2013/06/17,0,223000,-140000,83000
2013/06/18,0,45000,-237000,-192000
2013/06/19,0,155000,-215000,-60000
2013/06/20,0,28000,-425000,-397000
2013/06/21,0,90000,-263000,-173000
2013/06/24,0,28000,-80168,-52168
2013/06/25,0,127000,-283000,-156000
2013/06/26,0,172000,-66000,106000
2013/06/27,0,257000,-100000,157000
2013/06/28,0,152000,-75000,77000
2013/07/01,0,82000,-149000,-67000
2013/07/02,0,41000,-184000,-143000
2013/07/03,0,157000,-118000,39000
2013/07/04,0,45000,-117000,-72000
2013/07/05,0,77000,-74000,3000
2013/07/08,0,145000,-96000,49000
2013/07/09,0,197000,-96000,101000
2013/07/10,0,132000,-109000,23000
2013/07/11,0,221000,-54000,167000
2013/07/12,0,43000,-59000,-16000
2013/07/15,0,239000,-48000,191000
2013/07/16,0,134000,-189000,-55000
2013/07/17,0,81000,-194000,-113000
2013/07/18,0,87000,-293000,-206000
2013/07/19,0,26000,-156000,-130000
2013/07/22,0,34000,-36000,-2000
2013/07/23,0,313000,-98000,215000
2013/07/24,0,2000,-206000,-204000
2013/07/25,0,34000,-98000,-64000
2013/07/26,0,42000,-114000,-72000
2013/07/29,0,104000,-74000,30000
2013/07/30,0,34000,-90000,-56000
2013/07/31,0,41000,-44000,-3000
2013/08/01,0,38000,-127000,-89000
2013/08/02,0,416000,-63000,353000
2013/08/05,0,85000,-159000,-74000
2013/08/06,0,322000,-159000,163000
2013/08/07,0,35000,-555000,-520000
2013/08/08,0,38000,-211000,-173000
2013/08/09,0,101000,-21000,80000
2013/08/12,0,41000,-26000,15000
2013/08/13,0,252000,-77000,175000
2013/08/14,0,603000,-43412,559588
2013/08/15,0,71000,-434000,-363000
2013/08/16,0,57000,-131000,-74000
2013/08/19,0,20000,-59000,-39000
2013/08/20,0,59000,-118000,-59000
2013/08/21,0,0,0,0
2013/08/22,0,74000,-205000,-131000
2013/08/23,0,5000,-44000,-39000
2013/08/26,0,18000,-19000,-1000
2013/08/27,0,10000,-104000,-94000
2013/08/28,0,33000,-52000,-19000
2013/08/29,0,218000,-32000,186000
2013/08/30,0,144000,-46000,98000
2013/09/02,0,49000,-115000,-66000
2013/09/03,0,607000,-77000,530000
2013/09/04,0,180000,-290000,-110000
2013/09/05,0,62000,-148000,-86000
2013/09/06,0,313000,-57000,256000
2013/09/09,0,135000,-257000,-122000
2013/09/10,0,12000,-208000,-196000
2013/09/11,0,65000,-58000,7000
2013/09/12,0,41000,-195000,-154000
2013/09/13,0,68000,-140000,-72000
2013/09/16,0,52000,-44000,8000
2013/09/17,0,432000,-63000,369000
2013/09/18,0,756000,-180000,576000
2013/09/19,0,0,0,0
2013/09/20,0,0,0,0
2013/09/23,0,322000,-263000,59000
2013/09/24,0,31000,-197000,-166000
2013/09/25,0,204000,-67000,137000
2013/09/26,0,74000,-89000,-15000
2013/09/27,0,272000,-56000,216000
2013/09/30,0,652000,-103000,549000
2013/10/01,0,95000,-761000,-666000
2013/10/02,0,58000,-417000,-359000
2013/10/03,0,128000,-75000,53000
2013/10/04,0,37000,-243000,-206000
2013/10/07,0,91000,-242000,-151000
2013/10/08,0,111000,-41000,70000
2013/10/09,0,93000,-277000,-184000
2013/10/10,0,0,0,0
2013/10/11,0,114000,-45500,68500
2013/10/14,0,27000,-105000,-78000
2013/10/15,0,129000,-61480,67520
2013/10/16,0,44000,-109000,-65000
2013/10/17,0,120000,-163000,-43000
2013/10/18,0,156000,-100000,56000
2013/10/21,0,755000,-76000,679000
2013/10/22,0,222000,-460000,-238000
2013/10/23,0,266000,-188000,78000
2013/10/24,0,84000,-17000,67000
2013/10/25,0,137000,-80390,56610
2013/10/28,0,48000,-32000,16000
2013/10/29,0,54000,-26000,28000
2013/10/30,0,67000,-45000,22000
2013/10/31,0,313000,-244000,69000
2013/11/01,0,247000,-175000,72000
2013/11/04,0,269000,-87000,182000
2013/11/05,0,74000,-198000,-124000
2013/11/06,0,83000,-58600,24400
2013/11/07,0,1680000,-275000,1405000
2013/11/08,0,195000,-477020,-282020
2013/11/11,0,118000,-688570,-570570
2013/11/12,0,168000,-336000,-168000
2013/11/13,0,123000,-42000,81000
2013/11/14,0,453000,-379851,73149
2013/11/15,0,386000,-384000,2000
2013/11/18,0,69000,-72000,-3000
2013/11/19,0,74000,-43000,31000
2013/11/20,0,95000,-258000,-163000
2013/11/21,0,120000,-372000,-252000
2013/11/22,0,96000,-281000,-185000
2013/11/25,0,68000,-34000,34000
2013/11/26,0,69000,-99000,-30000
2013/11/27,0,646000,-42000,604000
2013/11/28,0,68000,-574000,-506000
2013/11/29,0,88000,-55000,33000
2013/12/02,0,94000,-43000,51000
2013/12/03,0,3000,-41500,-38500
2013/12/04,0,88000,-32000,56000
2013/12/05,0,1188000,-160000,1028000
2013/12/06,0,118000,-595000,-477000
2013/12/09,0,424000,-238000,186000
2013/12/10,0,137000,-202000,-65000
2013/12/11,0,374000,-132000,242000
2013/12/12,0,305000,-327000,-22000
2013/12/13,0,940000,-350000,590000
2013/12/16,0,924000,-934000,-10000
2013/12/17,0,313000,-528000,-215000
2013/12/18,0,807000,-168000,639000
2013/12/19,0,229000,-391000,-162000
2013/12/20,0,798000,-236000,562000
2013/12/23,0,103000,-514000,-411000
2013/12/24,0,126000,-40000,86000
2013/12/25,0,144000,-151000,-7000
2013/12/26,0,177000,-133000,44000
2013/12/27,0,582000,-338000,244000
2013/12/30,0,145000,-335000,-190000
2013/12/31,0,585000,-479000,106000
2014/01/02,0,1577000,-492020,1084980
2014/01/03,0,433000,-570000,-137000
2014/01/06,0,232000,-593000,-361000
2014/01/07,0,223000,-225000,-2000
2014/01/08,0,492000,-208000,284000
2014/01/09,0,92000,-1069000,-977000
2014/01/10,0,244000,-178000,66000
2014/01/13,0,117000,-109000,8000
2014/01/14,0,51000,-526000,-475000
2014/01/15,0,67000,-255000,-188000
2014/01/16,0,192000,-50000,142000
2014/01/17,0,1172000,-747000,425000
2014/01/20,0,945000,-1140000,-195000
2014/01/21,0,735000,-387000,348000
2014/01/22,0,270000,-509000,-239000
2014/01/23,0,649000,-445810,203190
2014/01/24,0,661000,-856330,-195330
2014/01/27,0,140000,-551000,-411000
2014/02/05,0,351000,-383000,-32000
2014/02/06,0,190000,-35000,155000
2014/02/07,0,447000,-138867,308133
2014/02/10,0,101000,-350000,-249000
2014/02/11,0,94000,-139000,-45000
2014/02/12,0,65000,-164000,-99000
2014/02/13,0,57000,-176000,-119000
2014/02/14,0,362000,-221000,141000
2014/02/17,0,238000,-410000,-172000
2014/02/18,0,212000,-124000,88000
2014/02/19,0,139000,-257000,-118000
2014/02/20,0,73000,-377000,-304000
2014/02/21,0,87000,-233000,-146000
2014/02/24,0,199000,-12000,187000
2014/02/25,0,236000,-24000,212000
2014/02/26,0,711000,-147000,564000
2014/02/27,0,634000,-675000,-41000
2014/03/03,0,318000,-133000,185000
2014/03/04,0,161000,-219000,-58000
2014/03/05,0,512000,-145000,367000
2014/03/06,0,483000,-532000,-49000
2014/03/07,0,349000,-697000,-348000
2014/03/10,0,352000,-229000,123000
2014/03/11,0,909000,-85000,824000
2014/03/12,0,1000,-433000,-432000
2014/03/13,0,65000,-143000,-78000
2014/03/14,0,62000,-146000,-84000
2014/03/17,0,36000,-259000,-223000
2014/03/18,0,1444000,-241000,1203000
2014/03/19,0,206000,-866000,-660000
2014/03/20,0,118000,-237000,-119000
2014/03/21,0,125000,-289000,-164000
2014/03/24,0,144000,-139000,5000
2014/03/25,0,69000,-109040,-40040
2014/03/26,0,67000,-30000,37000
2014/03/27,0,165000,-99000,66000
2014/03/28,0,171000,-225000,-54000
2014/03/31,0,184000,-148000,36000
2014/04/01,0,63000,-92000,-29000
2014/04/02,0,67000,-150000,-83000
2014/04/03,0,5000,-487000,-482000
2014/04/07,0,26000,-214000,-188000
2014/04/08,0,41000,-103000,-62000
2014/04/09,0,46000,-80000,-34000
2014/04/10,0,22000,-84000,-62000
2014/04/11,0,11000,-216000,-205000
2014/04/14,0,3000,-183000,-180000
2014/04/15,0,16000,-68060,-52060
2014/04/16,0,63000,-273020,-210020
2014/04/17,0,183000,-96000,87000
2014/04/18,0,30000,-147000,-117000
2014/04/21,0,23000,-128000,-105000
2014/04/22,0,99000,-21000,78000
2014/04/23,0,55000,-167000,-112000
2014/04/24,0,7000,-55000,-48000
2014/04/25,0,94000,-437000,-343000
2014/04/28,0,85000,-74000,11000
2014/04/29,0,555000,-19000,536000
2014/04/30,0,188000,-246000,-58000
2014/05/02,0,312000,-43000,269000
2014/05/05,0,810000,-135000,675000
2014/05/06,0,104000,-581000,-477000
2014/05/07,0,151000,-276675,-125675
2014/05/08,0,49000,-172000,-123000
2014/05/09,0,20000,-114000,-94000
2014/05/12,0,19000,-134000,-115000
2014/05/13,0,78000,-259000,-181000
2014/05/14,0,69000,-255000,-186000
2014/05/15,0,125000,-32000,93000
2014/05/16,0,28000,-80000,-52000
2014/05/19,0,57000,-44000,13000
2014/05/20,0,73000,-55000,18000
2014/05/21,0,94000,-81000,13000
2014/05/22,0,397000,-24000,373000
2014/05/23,0,1234000,-388000,846000
2014/05/26,0,231000,-148000,83000
2014/05/27,0,151000,-60000,91000
2014/05/28,0,395000,-367000,28000
2014/05/29,0,77000,-303000,-226000
2014/05/30,0,90000,-91000,-1000
2014/06/03,0,70000,-200000,-130000
2014/06/04,0,341000,-32000,309000
2014/06/05,0,1793000,-587000,1206000
2014/06/06,0,492000,-1050000,-558000
2014/06/09,0,867000,-560000,307000
2014/06/10,0,134000,-518000,-384000
2014/06/11,0,186000,-135000,51000
2014/06/12,0,304000,-388000,-84000
2014/06/13,0,34000,-501000,-467000
2014/06/16,0,349000,-216000,133000
2014/06/17,0,83000,-185000,-102000
2014/06/18,0,301000,-656420,-355420
2014/06/19,0,93000,-106000,-13000
2014/06/20,0,117000,-89000,28000
2014/06/23,0,218000,-399000,-181000
2014/06/24,0,38000,-178000,-140000
2014/06/25,0,49000,-141000,-92000
2014/06/26,0,24000,-26000,-2000
2014/06/27,0,77000,-44000,33000
2014/06/30,0,8000,-173000,-165000
2014/07/01,0,336000,-131000,205000
2014/07/02,0,318000,-363000,-45000
2014/07/03,0,219000,-80000,139000
2014/07/04,0,355000,-127000,228000
2014/07/07,0,88000,-203000,-115000
2014/07/08,0,34000,-197000,-163000
2014/07/09,0,15000,-158000,-143000
2014/07/10,0,67000,-149000,-82000
2014/07/11,0,41000,-545000,-504000
2014/07/14,0,20000,-202000,-182000
2014/07/15,0,26000,-43000,-17000
2014/07/16,0,49000,-199302,-150302
2014/07/17,0,98000,-62000,36000
2014/07/18,0,28000,-32000,-4000
2014/07/21,0,45000,-12000,33000
2014/07/22,0,39000,-40000,-1000
2014/07/23,0,0,0,0
2014/07/24,0,144000,-13000,131000
2014/07/25,0,62000,-58000,4000
2014/07/28,0,122000,-47000,75000
2014/07/29,0,52000,-195000,-143000
2014/07/30,0,381000,-87000,294000
2014/07/31,0,91000,-216000,-125000
2014/08/01,0,492000,-61000,431000
2014/08/04,0,629000,-400000,229000
2014/08/05,0,259000,-474000,-215000
2014/08/06,0,109000,-280000,-171000
2014/08/07,0,173000,-56000,117000
2014/08/08,0,250000,-308000,-58000
2014/08/11,0,1475000,-400000,1075000
2014/08/12,0,955000,-1031000,-76000
2014/08/13,0,90000,-716000,-626000
2014/08/14,0,271000,-323000,-52000
2014/08/15,0,47000,-277000,-230000
2014/08/18,0,113000,-362000,-249000
2014/08/19,0,71000,-123000,-52000
2014/08/20,0,85000,-280000,-195000
2014/08/21,0,337000,-228000,109000
2014/08/22,0,610000,-124000,486000
2014/08/25,0,906000,-317000,589000
2014/08/26,0,230000,-1091000,-861000
2014/08/27,0,53000,-410000,-357000
2014/08/28,0,33000,-161000,-128000
2014/08/29,0,45000,-136000,-91000
2014/09/01,0,571000,-212000,359000
2014/09/02,0,628000,-453000,175000
2014/09/03,0,248000,-253000,-5000
2014/09/04,0,359000,-223000,136000
2014/09/05,0,274000,-183000,91000
2014/09/09,0,658000,-235000,423000
2014/09/10,0,87000,-546000,-459000
2014/09/11,0,226000,-154000,72000
2014/09/12,0,330000,-317000,13000
2014/09/15,0,128000,-85000,43000
2014/09/16,0,114000,-125000,-11000
2014/09/17,0,498000,-554000,-56000
2014/09/18,0,478000,-534000,-56000
2014/09/19,0,254000,-273000,-19000
2014/09/22,0,152000,-165000,-13000
2014/09/23,0,94000,-291000,-197000
2014/09/24,0,484000,-221814,262186
2014/09/25,0,138000,-426000,-288000
2014/09/26,0,164000,-107000,57000
2014/09/29,0,123000,-59000,64000
2014/09/30,0,209000,-395000,-186000
2014/10/01,0,328000,-39000,289000
2014/10/02,0,596000,-84000,512000
2014/10/03,0,218000,-262000,-44000
2014/10/06,0,512000,-253000,259000
2014/10/07,0,50000,-370000,-320000
2014/10/08,0,56000,-329000,-273000
2014/10/09,0,219000,-260000,-41000
2014/10/13,0,65000,-844000,-779000
2014/10/14,0,200000,-150000,50000
2014/10/15,0,118000,-292203,-174203
2014/10/16,0,267000,-93000,174000
2014/10/17,0,102000,-197000,-95000
2014/10/20,0,110000,-90000,20000
2014/10/21,0,48000,-63000,-15000
2014/10/22,0,79000,-148000,-69000
2014/10/23,0,88000,-62000,26000
2014/10/24,0,80000,-64000,16000
2014/10/27,0,128000,-201000,-73000
2014/10/28,0,538000,-62000,476000
2014/10/29,0,626000,-595000,31000
2014/10/30,0,186000,-159000,27000
2014/10/31,0,1270000,-853000,417000
2014/11/03,0,289000,-713000,-424000
2014/11/04,0,221000,-286000,-65000
2014/11/05,0,45000,-510000,-465000
2014/11/06,0,161000,-341000,-180000
2014/11/07,0,134000,-136000,-2000
2014/11/10,0,462000,-58000,404000
2014/11/11,0,78000,-294000,-216000
2014/11/12,0,59000,-108000,-49000
2014/11/13,0,126000,-176000,-50000
2014/11/14,0,25000,-161000,-136000
2014/11/17,0,55000,-40000,15000
2014/11/18,0,157000,-262000,-105000
2014/11/19,0,66000,-50000,16000
2014/11/20,0,62000,-14000,48000
2014/11/21,0,94000,-54000,40000
2014/11/24,0,46000,-20000,26000
2014/11/25,0,50000,-99000,-49000
2014/11/26,0,33000,-35000,-2000
2014/11/27,0,748000,-152000,596000
2014/11/28,0,33000,-467000,-434000
2014/12/01,0,64000,-80000,-16000
2014/12/02,0,77000,-89021,-12021
2014/12/03,0,349000,-163000,186000
2014/12/04,0,50000,-176000,-126000
2014/12/05,0,143000,-111000,32000
2014/12/08,0,32000,-261000,-229000
2014/12/09,0,55000,-63000,-8000
2014/12/10,0,66000,-30000,36000
2014/12/11,0,114000,-40000,74000
2014/12/12,0,193000,-100000,93000
2014/12/15,0,27000,-105000,-78000
2014/12/16,0,5000,-50000,-45000
2014/12/17,0,18000,-255000,-237000
2014/12/18,0,32000,-51000,-19000
2014/12/19,0,42000,-16000,26000
2014/12/22,0,10000,-15000,-5000
2014/12/23,0,1000,-3000,-2000
2014/12/24,0,19000,-57000,-38000
2014/12/25,0,1000,-57000,-56000
2014/12/26,0,21000,-1000,20000
2014/12/29,0,178000,-33000,145000
2014/12/30,0,3000,-84000,-81000
2014/12/31,0,12000,-105000,-93000
2015/01/01,0,0,0,0
2015/01/02,0,0,0,0
2015/01/05,0,39000,-95000,-56000
2015/01/06,0,303000,-95000,208000
2015/01/07,0,70000,-192000,-122000
2015/01/08,0,88000,-42000,46000
2015/01/09,0,95000,-211000,-116000
2015/01/12,0,234000,-128000,106000
2015/01/13,0,103000,-117000,-14000
2015/01/14,0,54000,-57000,-3000
2015/01/15,0,62000,-407000,-345000
2015/01/16,0,184000,-99013,84987
2015/01/19,0,100000,-125000,-25000
2015/01/20,0,75000,-80000,-5000
2015/01/21,0,217000,-81007,135993
2015/01/22,0,256000,-27000,229000
2015/01/23,0,144000,-103000,41000
2015/01/26,0,39000,-56000,-17000
2015/01/27,0,103000,-40000,63000
2015/01/28,0,229000,-158000,71000
2015/01/29,0,101000,-491000,-390000
2015/01/30,0,206000,-132000,74000
2015/02/02,0,68000,-20000,48000
2015/02/03,0,77000,-33000,44000
2015/02/04,0,82000,-54008,27992
2015/02/05,0,322000,-67008,254992
2015/02/06,0,197000,-303000,-106000
2015/02/09,0,84000,-93000,-9000
2015/02/10,0,16000,-194000,-178000
2015/02/11,0,46000,-99000,-53000
2015/02/12,0,45000,-56000,-11000
2015/02/13,0,32000,-56000,-24000
2015/02/16,0,0,0,0
2015/02/17,0,0,0,0
2015/02/18,0,0,0,0
2015/02/19,0,0,0,0
2015/02/20,0,0,0,0
2015/02/23,0,0,0,0
2015/02/24,0,6000,-107000,-101000
2015/02/25,0,105000,-69005,35995
2015/02/26,0,14000,-105000,-91000
2015/02/27,0,0,0,0
2015/03/02,0,64000,-39000,25000
2015/03/03,0,7000,-21000,-14000
2015/03/04,0,141000,-80000,61000
2015/03/05,0,21000,-97732,-76732
2015/03/06,0,23000,-31000,-8000
2015/03/09,0,102000,-46247,55753
2015/03/10,0,76000,-91000,-15000
2015/03/11,0,59000,-43000,16000
2015/03/12,0,712000,-65908,646092
2015/03/13,0,126000,-421000,-295000
2015/03/16,0,106000,-99000,7000
2015/03/17,0,18000,-71011,-53011
2015/03/18,0,58000,-149000,-91000
2015/03/19,0,21000,-59000,-38000
2015/03/20,0,47000,-49000,-2000
2015/03/23,0,35000,-30000,5000
2015/03/24,0,241000,-52000,189000
2015/03/25,0,14000,-172000,-158000
2015/03/26,0,18000,-36000,-18000
2015/03/27,0,28000,-199000,-171000
2015/03/30,0,58000,-56000,2000
2015/03/31,0,7000,-66000,-59000
2015/04/01,0,6000,-55000,-49000
2015/04/02,0,76000,-35000,41000
2015/04/03,0,0,0,0
2015/04/06,0,0,0,0
2015/04/07,0,65000,-32000,33000
2015/04/08,0,11000,-27000,-16000
2015/04/09,0,57000,-21000,36000
2015/04/10,0,11000,-56000,-45000
2015/04/13,0,28000,-95000,-67000
2015/04/14,0,47000,-44000,3000
2015/04/15,0,6000,-110000,-104000
2015/04/16,0,14000,-6000,8000
2015/04/17,0,12000,-9000,3000
2015/04/20,0,17000,-93000,-76000
2015/04/21,0,29000,-40000,-11000
2015/04/22,0,272000,-51000,221000
2015/04/23,0,37000,-143000,-106000
2015/04/24,0,51000,-170000,-119000
2015/04/27,0,21000,-69000,-48000
2015/04/28,0,199000,-27000,172000
2015/04/29,0,25000,-255000,-230000
2015/04/30,0,48000,-14000,34000
2015/05/01,0,0,0,0
2015/05/04,0,19000,-92000,-73000
2015/05/05,0,101000,-4000,97000
2015/05/06,0,11000,-66000,-55000
2015/05/07,0,31000,-72000,-41000
2015/05/08,0,23000,-112000,-89000
2015/05/11,0,81000,-81000,0
2015/05/12,0,29000,-33000,-4000
2015/05/13,0,25000,-14000,11000
2015/05/14,0,114000,-38000,76000
2015/05/15,0,64000,-29000,35000
2015/05/18,0,68000,-10000,58000
2015/05/19,0,87000,-37000,50000
2015/05/20,0,5000,-68000,-63000
2015/05/21,0,32000,-99000,-67000
2015/05/22,0,0,-8000,-8000
2015/05/25,0,14000,-17000,-3000
2015/05/26,0,27000,-7000,20000
2015/05/27,0,1000,-4000,-3000
2015/05/28,0,14000,-7000,7000
2015/05/29,0,40000,-6000,34000
2015/06/01,0,104000,-31000,73000
2015/06/02,0,364000,-23000,341000
2015/06/03,0,60000,-122000,-62000
2015/06/04,0,23000,-77000,-54000
2015/06/05,0,49000,-593000,-544000
2015/06/08,0,65000,-25000,40000
2015/06/09,0,85000,-426000,-341000
2015/06/10,0,45000,-25000,20000
2015/06/11,0,78000,-13000,65000
2015/06/12,0,68000,-36360,31640
2015/06/15,0,37000,-2000,35000
2015/06/16,0,56000,-2000,54000
2015/06/17,0,36000,-1000,35000
2015/06/18,0,10000,0,10000
2015/06/19,0,0,0,0
2015/06/22,0,22000,-9000,13000
2015/06/23,0,18000,-22000,-4000
2015/06/24,0,14000,-22000,-8000
2015/06/25,0,81000,-19000,62000
2015/06/26,0,10000,-35000,-25000
2015/06/29,0,35000,-41000,-6000
2015/06/30,0,4000,-25000,-21000
2015/07/01,0,75000,-13000,62000
2015/07/02,0,60000,-42000,18000
2015/07/03,0,14000,-32000,-18000
2015/07/06,0,21000,-10000,11000
2015/07/07,0,16000,-30000,-14000
2015/07/08,0,66000,-191000,-125000
2015/07/09,0,103000,-31000,72000
2015/07/10,0,0,0,0
2015/07/13,0,51000,-7000,44000
2015/07/14,0,8000,-51000,-43000
2015/07/15,0,49000,-15000,34000
2015/07/16,0,16000,-9000,7000
2015/07/17,0,46000,-22000,24000
2015/07/20,0,69000,-25000,44000
2015/07/21,0,25000,-9000,16000
2015/07/22,0,58000,-17000,41000
2015/07/23,0,118000,-73000,45000
2015/07/24,0,70000,-17000,53000
2015/07/27,0,170000,-8000,162000
2015/07/28,0,218000,-8000,210000
2015/07/29,0,45000,-223000,-178000
2015/07/30,0,210000,-79000,131000
2015/07/31,0,161000,-155000,6000
2015/08/03,0,76000,-70000,6000
2015/08/04,0,209000,-146000,63000
2015/08/05,0,177000,-29000,148000
2015/08/06,0,211000,-76000,135000
2015/08/07,0,210000,-114000,96000
2015/08/10,0,62000,-175000,-113000
2015/08/11,0,81000,-88000,-7000
2015/08/12,0,78000,-99000,-21000
2015/08/13,0,46000,-94000,-48000
2015/08/14,0,60000,-19000,41000
2015/08/17,0,63000,-20000,43000
2015/08/18,0,90000,-13000,77000
2015/08/19,0,86000,-64000,22000
2015/08/20,0,121000,-13000,108000
2015/08/21,0,133000,-113000,20000
2015/08/24,0,181000,-138000,43000
2015/08/25,0,123000,-33000,90000
2015/08/26,0,112000,-18000,94000
2015/08/27,0,85000,-88000,-3000
2015/08/28,0,221000,-118000,103000
2015/08/31,0,77000,-82000,-5000
2015/09/01,0,675000,-43780,631220
2015/09/02,0,41000,-710000,-669000
2015/09/03,0,46000,-126000,-80000
2015/09/04,0,13000,-75000,-62000
2015/09/07,0,9000,-37000,-28000
2015/09/08,0,289000,-48000,241000
2015/09/09,0,216000,-188000,28000
2015/09/10,0,76000,-132000,-56000
2015/09/11,0,573000,-115000,458000
2015/09/14,0,236000,-460000,-224000
2015/09/15,0,13000,-150000,-137000
2015/09/16,0,176000,-105000,71000
2015/09/17,0,872000,-237000,635000
2015/09/18,0,906000,-696000,210000
2015/09/21,0,137000,-447000,-310000
2015/09/22,0,119000,-138000,-19000
2015/09/23,0,135000,-160000,-25000
2015/09/24,0,183000,-252000,-69000
2015/09/25,0,278000,-175000,103000
2015/09/28,0,0,0,0
2015/09/29,0,0,0,0
2015/09/30,0,138000,-83000,55000
2015/10/01,0,443000,-129000,314000
2015/10/02,0,336000,-325000,11000
2015/10/05,0,1258000,-417000,841000
2015/10/06,0,434000,-778000,-344000
2015/10/07,0,2345000,-831000,1514000
2015/10/08,0,490000,-1644000,-1154000
2015/10/09,0,0,0,0
2015/10/12,0,166000,-449000,-283000
2015/10/13,0,810000,-190000,620000
2015/10/14,0,128000,-593000,-465000
2015/10/15,0,123000,-228000,-105000
2015/10/16,0,34000,-236000,-202000
2015/10/19,0,573000,-125000,448000
2015/10/20,0,109000,-295000,-186000
2015/10/21,0,146000,-243000,-97000
2015/10/22,0,15000,-358000,-343000
2015/10/23,0,55000,-135000,-80000
2015/10/26,0,1175000,-253000,922000
2015/10/27,0,597000,-787000,-190000
2015/10/28,0,445000,-919000,-474000
2015/10/29,0,144000,-356000,-212000
2015/10/30,0,120000,-341000,-221000
2015/11/02,0,385000,-73000,312000
2015/11/03,0,573000,-115000,458000
2015/11/04,0,674000,-457000,217000
2015/11/05,0,488000,-453000,35000
2015/11/06,0,2152000,-828000,1324000
2015/11/09,0,140000,-1086000,-946000
2015/11/10,0,323000,-398000,-75000
2015/11/11,0,131000,-305000,-174000
2015/11/12,0,251000,-773000,-522000
2015/11/13,0,216000,-90000,126000
2015/11/16,0,164000,-73000,91000
2015/11/17,0,229000,-130000,99000
2015/11/18,0,69000,-292000,-223000
2015/11/19,0,61000,-59000,2000
2015/11/20,0,33000,-58000,-25000
2015/11/23,0,90000,-54000,36000
2015/11/24,0,228000,-365000,-137000
2015/11/25,0,25000,-184000,-159000
2015/11/26,0,70000,-59000,11000
2015/11/27,0,20000,-89000,-69000
2015/11/30,0,39000,-103000,-64000
2015/12/01,0,726000,-51000,675000
2015/12/02,0,452000,-329000,123000
2015/12/03,0,1757000,-177000,1580000
2015/12/04,0,887000,-1502000,-615000
2015/12/07,0,280000,-820000,-540000
2015/12/08,0,275000,-352000,-77000
2015/12/09,0,256000,-369000,-113000
2015/12/10,0,215000,-325000,-110000
2015/12/11,0,108000,-172000,-64000
2015/12/14,0,48000,-154000,-106000
2015/12/15,0,648000,-176000,472000
2015/12/16,0,328000,-482000,-154000
2015/12/17,0,1469000,-212000,1257000
2015/12/18,0,833000,-1484000,-651000
2015/12/21,0,194000,-960000,-766000
2015/12/22,0,129000,-159000,-30000
2015/12/23,0,37000,-447000,-410000
2015/12/24,0,47000,-186000,-139000
2015/12/25,0,38000,-59000,-21000
2015/12/28,0,94000,-78000,16000
2015/12/29,0,50000,-79000,-29000
2015/12/30,0,17000,-136000,-119000
2015/12/31,0,88000,-69000,19000
2016/01/01,0,0,0,0
2016/01/04,0,158000,-288000,-130000
2016/01/05,0,149000,-143000,6000
2016/01/06,0,155000,-237000,-82000
2016/01/07,0,205000,-150000,55000
2016/01/08,0,350000,-102000,248000
2016/01/11,0,158000,-112000,46000
2016/01/12,0,46000,-183000,-137000
2016/01/13,0,62000,-60000,2000
2016/01/14,0,127000,-412000,-285000
2016/01/15,0,165000,-164000,1000
2016/01/18,0,198000,-22000,176000
2016/01/19,0,46000,-35000,11000
2016/01/20,0,172000,-294000,-122000
2016/01/21,0,108000,-136000,-28000
2016/01/22,0,80000,-76000,4000
2016/01/25,0,458000,-19000,439000
2016/01/26,0,177000,-216000,-39000
2016/01/27,0,167000,-169000,-2000
2016/01/28,0,981000,-152000,829000
2016/01/29,0,46000,-750000,-704000
2016/02/01,0,351000,-108000,243000
2016/02/02,0,29000,-534000,-505000
2016/02/03,0,81000,-158000,-77000
2016/02/04,0,0,0,0
2016/02/05,0,0,0,0
2016/02/08,0,0,0,0
2016/02/09,0,0,0,0
2016/02/10,0,0,0,0
2016/02/11,0,0,0,0
2016/02/12,0,0,0,0
2016/02/15,0,81000,-20000,61000
2016/02/16,0,443000,-70000,373000
2016/02/17,0,188000,-297000,-109000
2016/02/18,0,97000,-406000,-309000
2016/02/19,0,91000,-232000,-141000
2016/02/22,0,125000,-71000,54000
2016/02/23,0,147000,-112000,35000
2016/02/24,0,57000,-88000,-31000
2016/02/25,0,70000,-23000,47000
2016/02/26,0,232000,-80000,152000
2016/02/29,0,0,0,0
2016/03/01,0,91000,-50000,41000
2016/03/02,0,52000,-89000,-37000
2016/03/03,0,112000,-87000,25000
2016/03/04,0,28000,-50000,-22000
2016/03/07,0,54000,-107000,-53000
2016/03/08,0,353000,-75000,278000
2016/03/09,0,324000,-53000,271000
2016/03/10,0,77000,-55000,22000
2016/03/11,0,649000,-167000,482000
2016/03/14,0,666000,-274000,392000
2016/03/15,0,127000,-372000,-245000
2016/03/16,0,380000,-172000,208000
2016/03/17,0,275000,-53000,222000
2016/03/18,0,560000,-226000,334000
2016/03/21,0,149000,-171000,-22000
2016/03/22,0,79000,-406000,-327000
2016/03/23,0,104000,-146000,-42000
2016/03/24,0,82000,-138000,-56000
2016/03/25,0,22000,-119000,-97000
2016/03/28,0,45000,-307000,-262000
2016/03/29,0,1454000,-195000,1259000
2016/03/30,0,728000,-1036000,-308000
2016/03/31,0,143000,-499000,-356000
2016/04/01,0,104000,-295000,-191000
2016/04/04,0,0,0,0
2016/04/05,0,0,0,0
2016/04/06,0,184000,-128000,56000
2016/04/07,0,159000,-151000,8000
2016/04/08,0,315000,-248000,67000
2016/04/11,0,41000,-264000,-223000
2016/04/12,0,14000,-252000,-238000
2016/04/13,0,53000,-31000,22000
2016/04/14,0,193000,-90000,103000
2016/04/15,0,91000,-96000,-5000
2016/04/18,0,35000,-65000,-30000
2016/04/19,0,66000,-86000,-20000
2016/04/20,0,121000,-139000,-18000
2016/04/21,0,33000,-43000,-10000
2016/04/22,0,36000,-614000,-578000
2016/04/25,0,15000,-466000,-451000
2016/04/26,0,59000,-7000,52000
2016/04/27,0,880000,-138000,742000
2016/04/28,0,129000,-653000,-524000
2016/04/29,0,188000,-105000,83000
2016/05/02,0,0,0,0
2016/05/03,0,116000,-168000,-52000
2016/05/04,0,154000,-60000,94000
2016/05/05,0,97000,-123000,-26000
2016/05/06,0,98000,-69000,29000
2016/05/09,0,45000,-75000,-30000
2016/05/10,0,117000,-76000,41000
2016/05/11,0,177000,-112000,65000
2016/05/12,0,68000,-380000,-312000
2016/05/13,0,186000,-348000,-162000
2016/05/16,0,66000,-57000,9000
2016/05/17,0,65000,-30000,35000
2016/05/18,0,198000,-234000,-36000
2016/05/19,0,32000,-45000,-13000
2016/05/20,0,13000,-109000,-96000
2016/05/23,0,214000,-142000,72000
2016/05/24,0,91000,-378000,-287000
2016/05/25,0,387000,-274000,113000
2016/05/26,0,68000,-354000,-286000
2016/05/27,0,93000,-143000,-50000
2016/05/30,0,21000,-68000,-47000
2016/05/31,0,25000,-188000,-163000
2016/06/01,0,19000,-46000,-27000
2016/06/02,0,39000,-39000,0
2016/06/03,0,0,-82000,-82000
2016/06/06,0,69000,-23000,46000
2016/06/07,0,132000,-69000,63000
2016/06/08,0,11000,-72000,-61000
2016/06/09,0,0,0,0
2016/06/10,0,0,0,0
2016/06/13,0,198000,-90000,108000
2016/06/14,0,110000,-20000,90000
2016/06/15,0,85000,-54000,31000
2016/06/16,0,4000,-99000,-95000
2016/06/17,0,33000,-77000,-44000
2016/06/20,0,29000,-48000,-19000
2016/06/21,0,352000,-43000,309000
2016/06/22,0,118000,-133000,-15000
2016/06/23,0,25000,-36000,-11000
2016/06/24,0,47000,-168000,-121000
2016/06/27,0,19000,-96000,-77000
2016/06/28,0,651000,-167000,484000
2016/06/29,0,405000,-500000,-95000
2016/06/30,0,88000,-58000,30000
2016/07/01,0,274000,-46000,228000
2016/07/04,0,65000,-108000,-43000
2016/07/05,0,30000,-120000,-90000
2016/07/06,0,61000,-133000,-72000
2016/07/07,0,210000,-46000,164000
2016/07/08,0,0,0,0
2016/07/11,0,239000,-162000,77000
2016/07/12,0,140000,-182000,-42000
2016/07/13,0,102000,-108000,-6000
2016/07/14,0,139000,-226000,-87000
2016/07/15,0,49000,-171000,-122000
2016/07/18,0,61000,-129000,-68000
2016/07/19,0,132000,-78000,54000
2016/07/20,0,115000,-214000,-99000
2016/07/21,0,164000,-133000,31000
2016/07/22,0,6000,-134000,-128000
2016/07/25,0,42000,-159000,-117000
2016/07/26,0,626000,-156000,470000
2016/07/27,0,431000,-281000,150000
2016/07/28,0,84000,-77000,7000
2016/07/29,0,93000,-68000,25000
2016/08/01,0,93000,-58000,35000
2016/08/02,0,63000,-61000,2000
2016/08/03,0,77000,-127000,-50000
2016/08/04,0,172000,-138000,34000
2016/08/05,0,77000,-78000,-1000
2016/08/08,0,40000,-190000,-150000
2016/08/09,0,11000,-102000,-91000
2016/08/10,0,101000,-57000,44000
2016/08/11,0,12000,-196000,-184000
2016/08/12,0,26000,-78000,-52000
2016/08/15,0,41000,-78000,-37000
2016/08/16,0,23000,-162000,-139000
2016/08/17,0,31000,-329000,-298000
2016/08/18,0,5000,-151000,-146000
2016/08/19,0,15000,-218000,-203000
2016/08/22,0,15000,-133000,-118000
2016/08/23,0,77000,-64789,12211
2016/08/24,0,50000,-189846,-139846
2016/08/25,0,29000,-22000,7000
2016/08/26,0,6000,-8000,-2000
2016/08/29,0,8000,-43000,-35000
2016/08/30,0,12000,-43000,-31000
2016/08/31,0,177000,-107000,70000
2016/09/01,0,22000,-194000,-172000
2016/09/02,0,11000,-47000,-36000
2016/09/05,0,10000,-120000,-110000
2016/09/06,0,7000,-38000,-31000
2016/09/07,0,12000,-27000,-15000
2016/09/08,0,187000,-39000,148000
2016/09/09,0,33000,-210000,-177000
2016/09/12,0,4000,-12000,-8000
2016/09/13,0,34000,-62000,-28000
2016/09/14,0,29000,-5000,24000
2016/09/15,0,0,0,0
2016/09/16,0,0,0,0
2016/09/19,0,70000,-5510,64490
2016/09/20,0,46000,-7000,39000
2016/09/21,0,4000,-28000,-24000
2016/09/22,0,6000,-16000,-10000
2016/09/23,0,59000,-16000,43000
2016/09/26,0,36000,-32000,4000
2016/09/27,0,0,0,0
2016/09/28,0,0,0,0
2016/09/29,0,419000,-84701,334299
2016/09/30,0,64000,-98000,-34000
2016/10/03,0,116000,-38000,78000
2016/10/04,0,71000,-234000,-163000
2016/10/05,0,45000,-94000,-49000
2016/10/06,0,54000,-74000,-20000
2016/10/07,0,0,-71000,-71000
2016/10/10,0,0,0,0
2016/10/11,0,6000,-113000,-107000
2016/10/12,0,31000,-9000,22000
2016/10/13,0,10000,-40000,-30000
2016/10/14,0,15000,-66000,-51000
2016/10/17,0,63000,-27000,36000
2016/10/18,0,9000,-18000,-9000
2016/10/19,0,82000,-37000,45000
2016/10/20,0,0,-31000,-31000
2016/10/21,0,19000,-57000,-38000
2016/10/24,0,3000,-5000,-2000
2016/10/25,0,0,-47000,-47000
2016/10/26,0,0,-14000,-14000
2016/10/27,0,0,-74000,-74000
2016/10/28,0,0,-22000,-22000
2016/10/31,0,3000,-47000,-44000
2016/11/01,0,7000,0,7000
2016/11/02,0,7000,-17000,-10000
2016/11/03,0,5000,-1000,4000
2016/11/04,0,0,-8000,-8000
2016/11/07,0,69000,-32346,36654
2016/11/08,0,0,-58000,-58000
2016/11/09,0,0,-73000,-73000
2016/11/10,0,5000,-18000,-13000
2016/11/11,0,1000,0,1000
2016/11/14,0,78000,-27000,51000
2016/11/15,0,7000,-7000,0
2016/11/16,0,142000,-20000,122000
2016/11/17,0,81000,-54000,27000
2016/11/18,0,0,-86000,-86000
2016/11/21,0,29000,0,29000
2016/11/22,0,29000,-1000,28000
2016/11/23,0,62000,0,62000
2016/11/24,0,0,0,0
2016/11/25,0,39000,-736,38264
2016/11/28,0,32000,-1232,30768
2016/11/29,0,40000,-50000,-10000
2016/11/30,0,56000,-88000,-32000
2016/12/01,0,0,-66000,-66000
2016/12/02,0,11000,-17000,-6000
2016/12/05,0,26000,-12000,14000
2016/12/06,0,8000,-20000,-12000
2016/12/07,0,6000,-24000,-18000
2016/12/08,0,32000,-19000,13000
2016/12/09,0,12000,0,12000
2016/12/12,0,1000,0,1000
2016/12/13,0,29000,0,29000
2016/12/14,0,0,-5000,-5000
2016/12/15,0,6000,0,6000
2016/12/16,0,1000,-1000,0
2016/12/19,0,8000,-29000,-21000
2016/12/20,0,8000,-16000,-8000
2016/12/21,0,291000,-34000,257000
2016/12/22,0,1000,-3000,-2000
2016/12/23,0,4000,-17000,-13000
2016/12/26,0,0,-1000,-1000
2016/12/27,0,1000,0,1000
2016/12/28,0,85000,-30000,55000
2016/12/29,0,0,0,0
2016/12/30,0,47000,-26000,21000
2017/01/02,0,0,0,0
2017/01/03,0,0,0,0
2017/01/04,0,2000,-13000,-11000
2017/01/05,0,213000,-34000,179000
2017/01/06,0,1000,-1000,0
2017/01/09,0,0,0,0
2017/01/10,0,1000,0,1000
2017/01/11,0,52000,-20000,32000
2017/01/12,0,41000,-5000,36000
2017/01/13,0,91000,0,91000
2017/01/16,0,67000,-205000,-138000
2017/01/17,0,140000,-46000,94000
2017/01/18,0,51000,-85000,-34000
2017/01/19,0,0,-4000,-4000
2017/01/20,0,2000,-10000,-8000
2017/01/23,0,57000,-69000,-12000
2017/01/24,0,5000,-7000,-2000
2017/01/25,0,0,0,0
2017/01/26,0,0,0,0
2017/01/27,0,0,0,0
2017/01/30,0,0,0,0
2017/01/31,0,0,0,0
2017/02/01,0,0,0,0
2017/02/02,0,11000,-64000,-53000
2017/02/03,0,12000,-38000,-26000
2017/02/06,0,83000,-4000,79000
2017/02/07,0,50000,-11000,39000
2017/02/08,0,1000,-60000,-59000
2017/02/09,0,470000,-361000,109000
2017/02/10,0,51000,-165000,-114000
2017/02/13,0,328000,-118000,210000
2017/02/14,0,58000,-350000,-292000
2017/02/15,0,16000,-115000,-99000
2017/02/16,0,1000,-110000,-109000
2017/02/17,0,86000,-11000,75000
2017/02/20,0,0,-52000,-52000
2017/02/21,0,18000,-50000,-32000
2017/02/22,0,12000,-53000,-41000
2017/02/23,0,7000,-1000,6000
2017/02/24,0,0,0,0
2017/02/27,0,0,0,0
2017/02/28,0,0,0,0
2017/03/01,0,0,-2000,-2000
2017/03/02,0,0,-25000,-25000
2017/03/03,0,10000,-3000,7000
2017/03/06,0,0,-15000,-15000
2017/03/07,0,23000,0,23000
2017/03/08,0,36000,-1000,35000
2017/03/09,0,14000,-2000,12000
2017/03/10,0,18000,0,18000
2017/03/13,0,7000,-5000,2000
2017/03/14,0,437000,-23000,414000
2017/03/15,0,57000,-65000,-8000
2017/03/16,0,85000,-16000,69000
2017/03/17,0,25000,-10000,15000
2017/03/20,0,39000,0,39000
2017/03/21,0,18000,-5000,13000
2017/03/22,0,26000,-9000,17000
2017/03/23,0,120000,-26001,93999
2017/03/24,0,64000,-14000,50000
2017/03/27,0,15000,-289000,-274000
2017/03/28,0,23000,-279000,-256000
2017/03/29,0,24000,-31000,-7000
2017/03/30,0,30000,-12000,18000
2017/03/31,0,18000,0,18000
2017/04/03,0,0,0,0
2017/04/04,0,0,0,0
2017/04/05,0,167000,-123000,44000
2017/04/06,0,36000,-89000,-53000
2017/04/07,0,48000,-29000,19000
2017/04/10,0,2000,-11000,-9000
2017/04/11,0,32000,-3000,29000
2017/04/12,0,5000,-47000,-42000
2017/04/13,0,4000,-23000,-19000
2017/04/14,0,5000,-19000,-14000
2017/04/17,0,4000,-6000,-2000
2017/04/18,0,56000,-1000,55000
2017/04/19,0,20000,-68000,-48000
2017/04/20,0,56000,-34000,22000
2017/04/21,0,13000,-6000,7000
2017/04/24,0,7000,-2000,5000
2017/04/25,0,36000,-90000,-54000
2017/04/26,0,18000,-44000,-26000
2017/04/27,0,45000,-88000,-43000
2017/04/28,0,16000,-38000,-22000
2017/05/01,0,0,0,0
2017/05/02,0,15000,-1000,14000
2017/05/03,0,0,-1000,-1000
2017/05/04,0,4000,0,4000
2017/05/05,0,0,-23000,-23000
2017/05/08,0,0,0,0
2017/05/09,0,2000,-7635,-5635
2017/05/10,0,25000,-44000,-19000
2017/05/11,0,11000,-28000,-17000
2017/05/12,0,12000,-8000,4000
2017/05/15,0,61000,-3000,58000
2017/05/16,0,2000,-22000,-20000
2017/05/17,0,62000,-10000,52000
2017/05/18,0,12000,-39000,-27000
2017/05/19,0,0,-10000,-10000
2017/05/22,0,36000,-2000,34000
2017/05/23,0,19000,-73000,-54000
2017/05/24,0,68000,-42000,26000
2017/05/25,0,185000,-15000,170000
2017/05/26,0,14000,-113000,-99000
2017/05/29,0,0,0,0
2017/05/30,0,0,0,0
2017/05/31,0,50000,-27000,23000
2017/06/01,0,11000,-7000,4000
2017/06/02,0,44000,-6000,38000
2017/06/05,0,32000,-2000,30000
2017/06/06,0,492000,-27448,464552
2017/06/07,0,22000,-86000,-64000
2017/06/08,0,15000,-93000,-78000
2017/06/09,0,19000,-61000,-42000
2017/06/12,0,77000,-41000,36000
2017/06/13,0,18000,-22000,-4000
2017/06/14,0,18000,-118000,-100000
2017/06/15,0,133000,-15000,118000
2017/06/16,0,33000,-122000,-89000
2017/06/19,0,50000,-35000,15000
2017/06/20,0,5000,-35000,-30000
2017/06/21,0,125000,-56000,69000
2017/06/22,0,61000,-67000,-6000
2017/06/23,0,8000,-10000,-2000
2017/06/26,0,116000,-86000,30000
2017/06/27,0,10000,-106000,-96000
2017/06/28,0,12000,-35000,-23000
2017/06/29,0,22000,-10000,12000
2017/06/30,0,0,0,0
2017/07/03,0,10000,-16000,-6000
2017/07/04,0,66000,-44000,22000
2017/07/05,0,66000,-24000,42000
2017/07/06,0,8000,-14000,-6000
2017/07/07,0,0,-32000,-32000
2017/07/10,0,1000,-9000,-8000
2017/07/11,0,26000,-2000,24000
2017/07/12,0,11000,-22000,-11000
2017/07/13,0,18000,-12000,6000
2017/07/14,0,31000,-16000,15000
2017/07/17,0,24000,-102000,-78000
2017/07/18,0,129000,-11000,118000
2017/07/19,0,68000,-106000,-38000
2017/07/20,0,30000,-15000,15000
2017/07/21,0,43000,-11000,32000
2017/07/24,0,75000,-24000,51000
2017/07/25,0,21000,-50000,-29000
2017/07/26,0,9000,-30000,-21000
2017/07/27,0,84000,-6000,78000
2017/07/28,0,12000,-122000,-110000
2017/07/31,0,9000,-24000,-15000
2017/08/01,0,18000,-8000,10000
2017/08/02,0,65000,0,65000
2017/08/03,0,2000,-34000,-32000
2017/08/04,0,1000,-21000,-20000
2017/08/07,0,11000,-5000,6000
2017/08/08,0,15000,-21000,-6000
2017/08/09,0,5000,-53000,-48000
2017/08/10,0,16000,-85000,-69000
2017/08/11,0,2000,-29000,-27000
2017/08/14,0,3000,-11000,-8000
2017/08/15,0,0,-15000,-15000
2017/08/16,0,0,-141000,-141000
2017/08/17,0,47000,-1000,46000
2017/08/18,0,4000,-7000,-3000
