Date,Open,Buy,Sell,Total
2007/01/02,0,759000,-971000,-212000
2007/01/03,0,875000,-340150,534850
2007/01/04,0,886000,0,886000
2007/01/05,0,1330000,-755000,575000
2007/01/08,0,354000,-280000,74000
2007/01/09,0,74000,-753000,-679000
2007/01/10,0,140000,-324000,-184000
2007/01/11,0,1882000,-207000,1675000
2007/01/12,0,912000,-150000,762000
2007/01/15,0,0,-42000,-42000
2007/01/16,0,1702000,-200000,1502000
2007/01/17,0,406000,-200000,206000
2007/01/18,0,0,-2000,-2000
2007/01/19,0,0,-1323000,-1323000
2007/01/22,0,12000,-1615000,-1603000
2007/01/23,0,0,-788000,-788000
2007/01/24,0,542000,-3280000,-2738000
2007/01/25,0,6000,-40000,-34000
2007/01/26,0,0,0,0
2007/01/29,0,0,-470000,-470000
2007/01/30,0,21000,-698000,-677000
2007/01/31,0,0,-100000,-100000
2007/02/01,0,0,-142000,-142000
2007/02/02,0,272000,0,272000
2007/02/05,0,814000,0,814000
2007/02/06,0,18000,0,18000
2007/02/07,0,0,0,0
2007/02/08,0,1000,0,1000
2007/02/09,0,0,0,0
2007/02/12,0,204000,-160000,44000
2007/02/13,0,590000,0,590000
2007/02/14,0,300000,-53000,247000
2007/02/15,0,0,0,0
2007/02/16,0,0,0,0
2007/02/19,0,0,0,0
2007/02/20,0,0,0,0
2007/02/21,0,0,0,0
2007/02/22,0,0,0,0
2007/02/23,0,0,0,0
2007/02/26,0,450000,0,450000
2007/02/27,0,170000,0,170000
2007/02/28,0,0,0,0
2007/03/01,0,0,0,0
2007/03/02,0,243000,-680000,-437000
2007/03/05,0,2143000,-4000,2139000
2007/03/06,0,1410000,0,1410000
2007/03/07,0,10441000,0,10441000
2007/03/08,0,4273000,-1200000,3073000
2007/03/09,0,1425000,-301000,1124000
2007/03/12,0,938000,-446000,492000
2007/03/13,0,1281000,-450000,831000
2007/03/14,0,101000,0,101000
2007/03/15,0,836000,-500000,336000
2007/03/16,0,459000,-601000,-142000
2007/03/19,0,280000,-261000,19000
2007/03/20,0,50000,-408000,-358000
2007/03/21,0,540000,-440000,100000
2007/03/22,0,1341000,-64000,1277000
2007/03/23,0,1245000,0,1245000
2007/03/26,0,1871000,-378000,1493000
2007/03/27,0,1408000,-170000,1238000
2007/03/28,0,935000,-340000,595000
2007/03/29,0,416000,-5000,411000
2007/03/30,0,0,-2437000,-2437000
2007/04/02,0,321000,-1349000,-1028000
2007/04/03,0,0,-1237000,-1237000
2007/04/04,0,716000,-4397000,-3681000
2007/04/05,0,0,0,0
2007/04/06,0,0,0,0
2007/04/09,0,290000,-100000,190000
2007/04/10,0,240000,-3000,237000
2007/04/11,0,70000,0,70000
2007/04/12,0,50000,-371000,-321000
2007/04/13,0,0,-103000,-103000
2007/04/16,0,0,-1099500,-1099500
2007/04/17,0,74000,-665000,-591000
2007/04/18,0,160000,-170000,-10000
2007/04/19,0,0,-3026500,-3026500
2007/04/20,0,75000,-737000,-662000
2007/04/23,0,140000,-75000,65000
2007/04/24,0,900000,-268000,632000
2007/04/25,0,0,-135000,-135000
2007/04/26,0,873000,0,873000
2007/04/27,0,251000,-1300000,-1049000
2007/04/30,0,12000,0,12000
2007/05/01,0,0,0,0
2007/05/02,0,1160000,-713000,447000
2007/05/03,0,670000,0,670000
2007/05/04,0,405000,-38000,367000
2007/05/07,0,1292000,0,1292000
2007/05/08,0,1590000,0,1590000
2007/05/09,0,305000,0,305000
2007/05/10,0,505000,-2000,503000
2007/05/11,0,1993000,-120000,1873000
2007/05/14,0,393000,-34000,359000
2007/05/15,0,6000,0,6000
2007/05/16,0,106000,-19000,87000
2007/05/17,0,384000,-101500,282500
2007/05/18,0,1265000,0,1265000
2007/05/21,0,1310000,-200000,1110000
2007/05/22,0,1986000,-744000,1242000
2007/05/23,0,2871000,-1751500,1119500
2007/05/24,0,1708000,-49000,1659000
2007/05/25,0,882000,-30000,852000
2007/05/28,0,0,-60000,-60000
2007/05/29,0,1578000,-20000,1558000
2007/05/30,0,0,-79000,-79000
2007/05/31,0,640000,0,640000
2007/06/01,0,345000,-140000,205000
2007/06/04,0,141000,-30000,111000
2007/06/05,0,634000,-1670000,-1036000
2007/06/06,0,41000,-1505000,-1464000
2007/06/07,0,320000,-245000,75000
2007/06/08,0,175000,-460000,-285000
2007/06/11,0,59000,-930000,-871000
2007/06/12,0,0,0,0
2007/06/13,0,0,0,0
2007/06/14,0,0,0,0
2007/06/15,0,0,0,0
2007/06/18,0,0,0,0
2007/06/19,0,0,0,0
2007/06/20,0,0,0,0
2007/06/21,0,0,0,0
2007/06/22,0,0,0,0
2007/06/25,0,0,-19000,-19000
2007/06/26,0,280000,-5000,275000
2007/06/27,0,120000,-420000,-300000
2007/06/28,0,155000,-1058000,-903000
2007/06/29,0,220000,-445000,-225000
2007/07/02,0,130000,-356000,-226000
2007/07/03,0,850000,-1169000,-319000
2007/07/04,0,569000,-460000,109000
2007/07/05,0,452000,-70000,382000
2007/07/06,0,634000,0,634000
2007/07/09,0,525000,-234000,291000
2007/07/10,0,475000,-75000,400000
2007/07/11,0,205000,-750500,-545500
2007/07/12,0,118000,-1137500,-1019500
2007/07/13,0,1316000,-1410000,-94000
2007/07/16,0,905000,-434000,471000
2007/07/17,0,448000,-280500,167500
2007/07/18,0,370000,0,370000
2007/07/19,0,395000,-303500,91500
2007/07/20,0,1302000,-100000,1202000
2007/07/23,0,3943000,-50000,3893000
2007/07/24,0,1051000,-10000,1041000
2007/07/25,0,130000,0,130000
2007/07/26,0,1238000,-339000,899000
2007/07/27,0,775000,-1833000,-1058000
2007/07/30,0,355000,-185000,170000
2007/07/31,0,950000,-8000,942000
2007/08/01,0,1216000,0,1216000
2007/08/02,0,110000,-401000,-291000
2007/08/03,0,3362000,-90000,3272000
2007/08/06,0,156000,0,156000
2007/08/07,0,8000,-179000,-171000
2007/08/08,0,242000,-105000,137000
2007/08/09,0,1854000,-594000,1260000
2007/08/10,0,2312000,-792000,1520000
2007/08/13,0,2278000,0,2278000
2007/08/14,0,492000,-613000,-121000
2007/08/15,0,420000,-1985000,-1565000
2007/08/16,0,586000,-298500,287500
2007/08/17,0,875000,0,875000
2007/08/20,0,2192000,-109000,2083000
2007/08/21,0,201000,-1139000,-938000
2007/08/22,0,450000,-1618000,-1168000
2007/08/23,0,792000,-665000,127000
2007/08/24,0,729000,0,729000
2007/08/27,0,342000,-340000,2000
2007/08/28,0,500000,-266000,234000
2007/08/29,0,1456000,-565000,891000
2007/08/30,0,680000,-71000,609000
2007/08/31,0,1000,-425000,-424000
2007/09/03,0,148000,-42000,106000
2007/09/04,0,252000,-601000,-349000
2007/09/05,0,55000,-62000,-7000
2007/09/06,0,328000,-15000,313000
2007/09/07,0,340000,-97000,243000
2007/09/10,0,21000,-270000,-249000
2007/09/11,0,800000,-248000,552000
2007/09/12,0,1237000,-220000,1017000
2007/09/13,0,0,-120000,-120000
2007/09/14,0,520000,-215000,305000
2007/09/17,0,615000,-100000,515000
2007/09/18,0,0,0,0
2007/09/19,0,203000,-1753000,-1550000
2007/09/20,0,57000,-1246500,-1189500
2007/09/21,0,243000,-33000,210000
2007/09/24,0,0,0,0
2007/09/25,0,0,0,0
2007/09/26,0,380000,-835000,-455000
2007/09/27,0,0,-920000,-920000
2007/09/28,0,160000,-28500,131500
2007/10/01,0,0,-1401000,-1401000
2007/10/02,0,151000,-174000,-23000
2007/10/03,0,169000,-1960000,-1791000
2007/10/04,0,50000,-5136000,-5086000
2007/10/05,0,400000,-1073000,-673000
2007/10/08,0,350000,-3463926,-3113926
2007/10/09,0,350000,-2072587,-1722587
2007/10/10,0,0,0,0
2007/10/11,0,100000,-46850,53150
2007/10/12,0,0,-550150,-550150
2007/10/15,0,58000,-13000,45000
2007/10/16,0,129000,-350,128650
2007/10/17,0,2841000,-60750,2780250
2007/10/18,0,643000,0,643000
2007/10/19,0,370000,-427500,-57500
2007/10/22,0,467000,-645000,-178000
2007/10/23,0,135000,-510000,-375000
2007/10/24,0,550000,-712250,-162250
2007/10/25,0,721000,-124375,596625
2007/10/26,0,934000,-426275,507725
2007/10/29,0,584000,0,584000
2007/10/30,0,20000,-1991574,-1971574
2007/10/31,0,855000,-1854125,-999125
2007/11/01,0,400000,-653375,-253375
2007/11/02,0,353000,-1626650,-1273650
2007/11/05,0,705000,-844625,-139625
2007/11/06,0,130000,-756000,-626000
2007/11/07,0,300000,-65000,235000
2007/11/08,0,169000,-158000,11000
2007/11/09,0,625000,-262000,363000
2007/11/12,0,21000,0,21000
2007/11/13,0,2030000,-500,2029500
2007/11/14,0,224000,-150000,74000
2007/11/15,0,100000,-1364600,-1264600
2007/11/16,0,822000,0,822000
2007/11/19,0,542000,-100000,442000
2007/11/20,0,1288000,-98500,1189500
2007/11/21,0,825000,-100000,725000
2007/11/22,0,1312000,-300000,1012000
2007/11/23,0,1734000,-111000,1623000
2007/11/26,0,687000,0,687000
2007/11/27,0,1346000,0,1346000
2007/11/28,0,1010000,0,1010000
2007/11/29,0,306000,0,306000
2007/11/30,0,63000,-500,62500
2007/12/03,0,1900000,-87250,1812750
2007/12/04,0,846000,-50000,796000
2007/12/05,0,2590000,-40000,2550000
2007/12/06,0,993000,-45000,948000
2007/12/07,0,400000,0,400000
2007/12/10,0,65000,-40000,25000
2007/12/11,0,0,0,0
2007/12/12,0,0,-30400,-30400
2007/12/13,0,0,-553000,-553000
2007/12/14,0,311000,-1296000,-985000
2007/12/17,0,474000,-1277000,-803000
2007/12/18,0,743000,-493500,249500
2007/12/19,0,629000,-838000,-209000
2007/12/20,0,46000,-1790000,-1744000
2007/12/21,0,1736000,-3973950,-2237950
2007/12/24,0,117000,0,117000
2007/12/25,0,2863000,-150000,2713000
2007/12/26,0,743000,-50000,693000
2007/12/27,0,2141000,0,2141000
2007/12/28,0,1551000,-196000,1355000
2007/12/31,0,233000,-100000,133000
2008/01/01,0,0,0,0
2008/01/02,0,4476000,-29000,4447000
2008/01/03,0,370000,-175000,195000
2008/01/04,0,814000,-920000,-106000
2008/01/07,0,0,-452000,-452000
2008/01/08,0,21000,-4081775,-4060775
2008/01/09,0,223000,-1596762,-1373762
2008/01/10,0,1357000,-6000,1351000
2008/01/11,0,342000,-670000,-328000
2008/01/14,0,60000,-875000,-815000
2008/01/15,0,121000,0,121000
2008/01/16,0,50000,-400000,-350000
2008/01/17,0,64000,-9000,55000
2008/01/18,0,1443000,-100000,1343000
2008/01/21,0,1330000,-50000,1280000
2008/01/22,0,30000,0,30000
2008/01/23,0,350000,-314000,36000
2008/01/24,0,648000,-557000,91000
2008/01/25,0,1274000,-60000,1214000
2008/01/28,0,930000,-854000,76000
2008/01/29,0,0,0,0
2008/01/30,0,470000,-190000,280000
2008/01/31,0,305000,-1402000,-1097000
2008/02/01,0,20000,-6414000,-6394000
2008/02/04,0,0,0,0
2008/02/05,0,0,0,0
2008/02/06,0,0,0,0
2008/02/07,0,0,0,0
2008/02/08,0,0,0,0
2008/02/11,0,0,0,0
2008/02/12,0,20000,-3059250,-3039250
2008/02/13,0,0,-1024000,-1024000
2008/02/14,0,0,-856000,-856000
2008/02/15,0,520000,-2210200,-1690200
2008/02/18,0,645000,-308000,337000
2008/02/19,0,30000,-1262875,-1232875
2008/02/20,0,0,-1459000,-1459000
2008/02/21,0,1257000,-1675000,-418000
2008/02/22,0,0,0,0
2008/02/25,0,0,-2641000,-2641000
2008/02/26,0,25000,-758750,-733750
2008/02/27,0,80000,-1000,79000
2008/02/28,0,0,0,0
2008/02/29,0,1000,-900000,-899000
2008/03/03,0,0,-501000,-501000
2008/03/04,0,0,-1536000,-1536000
2008/03/05,0,0,-616350,-616350
2008/03/06,0,0,-241850,-241850
2008/03/07,0,500000,-100000,400000
2008/03/10,0,451000,-7000,444000
2008/03/11,0,1000,0,1000
2008/03/12,0,1000,0,1000
2008/03/13,0,340000,0,340000
2008/03/14,0,800000,-70000,730000
2008/03/17,0,101000,-100000,1000
2008/03/18,0,0,-51000,-51000
2008/03/19,0,1000,0,1000
2008/03/20,0,0,0,0
2008/03/21,0,2000,-32000,-30000
2008/03/24,0,1000,0,1000
2008/03/25,0,100000,-4584125,-4484125
2008/03/26,0,1000,-1338000,-1337000
2008/03/27,0,141000,-1970525,-1829525
2008/03/28,0,1000,-20000,-19000
2008/03/31,0,52000,-101000,-49000
2008/04/01,0,0,0,0
2008/04/02,0,595000,-21000,574000
2008/04/03,0,1385000,0,1385000
2008/04/04,0,0,0,0
2008/04/07,0,80000,-503000,-423000
2008/04/08,0,1000,-395000,-394000
2008/04/09,0,20000,-145000,-125000
2008/04/10,0,20000,-545000,-525000
2008/04/11,0,0,-25000,-25000
2008/04/14,0,0,-835000,-835000
2008/04/15,0,0,-2726550,-2726550
2008/04/16,0,100000,-253000,-153000
2008/04/17,0,0,0,0
2008/04/18,0,0,-52000,-52000
2008/04/21,0,0,0,0
2008/04/22,0,103000,0,103000
2008/04/23,0,30000,0,30000
2008/04/24,0,1000,-353962,-352962
2008/04/25,0,0,0,0
2008/04/28,0,17000,0,17000
2008/04/29,0,81000,0,81000
2008/04/30,0,133000,-60500,72500
2008/05/01,0,0,0,0
2008/05/02,0,778000,-30000,748000
2008/05/05,0,854000,0,854000
2008/05/06,0,450000,0,450000
2008/05/07,0,890000,-1000,889000
2008/05/08,0,2000,-30000,-28000
2008/05/09,0,34000,-110000,-76000
2008/05/12,0,1000,0,1000
2008/05/13,0,63000,-50000,13000
2008/05/14,0,7000,0,7000
2008/05/15,0,114000,-100000,14000
2008/05/16,0,20000,-70000,-50000
2008/05/19,0,7000,-123000,-116000
2008/05/20,0,15000,-50000,-35000
2008/05/21,0,10000,-57500,-47500
2008/05/22,0,20000,0,20000
2008/05/23,0,0,-115000,-115000
2008/05/26,0,68000,-692000,-624000
2008/05/27,0,0,-577000,-577000
2008/05/28,0,20000,0,20000
2008/05/29,0,0,0,0
2008/05/30,0,1000,-125000,-124000
2008/06/02,0,1000,-30000,-29000
2008/06/03,0,1000,-715000,-714000
2008/06/04,0,50000,-1500000,-1450000
2008/06/05,0,132000,-831000,-699000
2008/06/06,0,41000,0,41000
2008/06/09,0,11000,0,11000
2008/06/10,0,0,-200000,-200000
2008/06/11,0,0,-150000,-150000
2008/06/12,0,1000,-20000,-19000
2008/06/13,0,13000,-50000,-37000
2008/06/16,0,500000,-312000,188000
2008/06/17,0,0,-120000,-120000
2008/06/18,0,0,-50000,-50000
2008/06/19,0,0,-170000,-170000
2008/06/20,0,0,-103000,-103000
2008/06/23,0,19000,-370000,-351000
2008/06/24,0,0,0,0
2008/06/25,0,14000,0,14000
2008/06/26,0,15000,0,15000
2008/06/27,0,0,-260000,-260000
2008/06/30,0,28000,-50000,-22000
2008/07/01,0,1000,-340000,-339000
2008/07/02,0,100000,-1000,99000
2008/07/03,0,1176000,0,1176000
2008/07/04,0,2324000,0,2324000
2008/07/07,0,1000,0,1000
2008/07/08,0,0,0,0
2008/07/09,0,0,0,0
2008/07/10,0,0,0,0
2008/07/11,0,2000,-75000,-73000
2008/07/14,0,1001000,-42000,959000
2008/07/15,0,517000,-340000,177000
2008/07/16,0,372000,0,372000
2008/07/17,0,80000,0,80000
2008/07/18,0,1417000,-6000,1411000
2008/07/21,0,403000,-52000,351000
2008/07/22,0,927000,-35000,892000
2008/07/23,0,1596000,-327000,1269000
2008/07/24,0,1409000,-252000,1157000
2008/07/25,0,300000,-260000,40000
2008/07/28,0,0,0,0
2008/07/29,0,0,0,0
2008/07/30,0,210000,-22000,188000
2008/07/31,0,376000,-29000,347000
2008/08/01,0,130000,-374000,-244000
2008/08/04,0,51000,-37000,14000
2008/08/05,0,210000,-646000,-436000
2008/08/06,0,1278000,0,1278000
2008/08/07,0,1443000,-200000,1243000
2008/08/08,0,1265000,0,1265000
2008/08/11,0,1738000,0,1738000
2008/08/12,0,535000,-1000,534000
2008/08/13,0,30000,-1050000,-1020000
2008/08/14,0,25000,-4000,21000
2008/08/15,0,140000,0,140000
2008/08/18,0,0,0,0
2008/08/19,0,161000,-3000,158000
2008/08/20,0,260000,-527000,-267000
2008/08/21,0,51000,-190000,-139000
2008/08/22,0,236000,-2651000,-2415000
2008/08/25,0,0,-1027000,-1027000
2008/08/26,0,481000,-1080000,-599000
2008/08/27,0,0,0,0
2008/08/28,0,200000,-54000,146000
2008/08/29,0,2000,-150000,-148000
2008/09/01,0,0,0,0
2008/09/02,0,1018000,0,1018000
2008/09/03,0,256000,0,256000
2008/09/04,0,2097000,0,2097000
2008/09/05,0,328000,0,328000
2008/09/08,0,2000,0,2000
2008/09/09,0,2000,0,2000
2008/09/10,0,59000,0,59000
2008/09/11,0,100000,-350000,-250000
2008/09/12,0,750000,-310000,440000
2008/09/15,0,600000,0,600000
2008/09/16,0,520000,-100000,420000
2008/09/17,0,1280000,0,1280000
2008/09/18,0,977000,-69000,908000
2008/09/19,0,1725000,0,1725000
2008/09/22,0,1067000,-800,1066200
2008/09/23,0,649000,0,649000
2008/09/24,0,425000,-1000,424000
2008/09/25,0,236000,-2000,234000
2008/09/26,0,1301000,-253000,1048000
2008/09/29,0,0,0,0
2008/09/30,0,1100000,0,1100000
2008/10/01,0,29000,-42000,-13000
2008/10/02,0,0,-150,-150
2008/10/03,0,200000,-82525,117475
2008/10/06,0,103000,-3000,100000
2008/10/07,0,60000,-40030,19970
2008/10/08,0,2000,-2593,-593
2008/10/09,0,829000,-6560,822440
2008/10/10,0,0,0,0
2008/10/13,0,313000,0,313000
2008/10/14,0,246000,-3,245997
2008/10/15,0,252000,-12000,240000
2008/10/16,0,2000,-140000,-138000
2008/10/17,0,50000,-235000,-185000
2008/10/20,0,200000,-73000,127000
2008/10/21,0,1179000,-24000,1155000
2008/10/22,0,369000,-400,368600
2008/10/23,0,135000,-3000,132000
2008/10/24,0,0,-60097,-60097
2008/10/27,0,0,-74200,-74200
2008/10/28,0,140000,-3000,137000
2008/10/29,0,1116000,-234000,882000
2008/10/30,0,180000,-4273023,-4093023
2008/10/31,0,485000,-964550,-479550
2008/11/03,0,641000,0,641000
2008/11/04,0,654000,-617160,36840
2008/11/05,0,1000,-270000,-269000
2008/11/06,0,1000,-974000,-973000
2008/11/07,0,0,-700840,-700840
2008/11/10,0,300000,-231200,68800
2008/11/11,0,0,-557016,-557016
2008/11/12,0,100000,-98000,2000
2008/11/13,0,0,-632920,-632920
2008/11/14,0,1000,-784000,-783000
2008/11/17,0,10000,-911000,-901000
2008/11/18,0,0,-1039440,-1039440
2008/11/19,0,582000,-347000,235000
2008/11/20,0,1225000,-1074000,151000
2008/11/21,0,836000,-929000,-93000
2008/11/24,0,851000,-114000,737000
2008/11/25,0,301000,-751240,-450240
2008/11/26,0,161000,-485200,-324200
2008/11/27,0,632000,-150000,482000
2008/11/28,0,200000,-273000,-73000
2008/12/01,0,1000,-151000,-150000
2008/12/02,0,0,-452000,-452000
2008/12/03,0,16000,-10000,6000
2008/12/04,0,0,-292260,-292260
2008/12/05,0,0,-162000,-162000
2008/12/08,0,61000,-160440,-99440
2008/12/09,0,130000,0,130000
2008/12/10,0,120000,0,120000
2008/12/11,0,175000,0,175000
2008/12/12,0,1270000,-203640,1066360
2008/12/15,0,887000,-1000,886000
2008/12/16,0,185000,-15000,170000
2008/12/17,0,451000,0,451000
2008/12/18,0,1000,-1179000,-1178000
2008/12/19,0,208000,-2045000,-1837000
2008/12/22,0,645000,-1276000,-631000
2008/12/23,0,0,-230000,-230000
2008/12/24,0,0,0,0
2008/12/25,0,0,0,0
2008/12/26,0,100000,-643000,-543000
2008/12/29,0,0,-688400,-688400
2008/12/30,0,0,-500000,-500000
2008/12/31,0,0,-904000,-904000
2009/01/01,0,0,0,0
2009/01/02,0,0,0,0
2009/01/05,0,700000,0,700000
2009/01/06,0,229000,-1804000,-1575000
2009/01/07,0,2830000,-121000,2709000
2009/01/08,0,1322000,-100000,1222000
2009/01/09,0,170000,-250000,-80000
2009/01/12,0,150000,-210000,-60000
2009/01/13,0,919000,-513340,405660
2009/01/14,0,3904000,-514000,3390000
2009/01/15,0,1520000,-113000,1407000
2009/01/16,0,3707000,-3468000,239000
2009/01/19,0,818000,-4000,814000
2009/01/20,0,0,-300000,-300000
2009/01/21,0,852000,-1786000,-934000
2009/01/22,0,0,0,0
2009/01/23,0,0,0,0
2009/01/26,0,0,0,0
2009/01/27,0,0,0,0
2009/01/28,0,0,0,0
2009/01/29,0,0,0,0
2009/01/30,0,0,0,0
2009/02/02,0,200000,-4250000,-4050000
2009/02/03,0,496000,-1723000,-1227000
2009/02/04,0,2847000,-623020,2223980
2009/02/05,0,310000,-442000,-132000
2009/02/06,0,251000,-1259000,-1008000
2009/02/09,0,0,-1336000,-1336000
2009/02/10,0,201000,-1624140,-1423140
2009/02/11,0,210000,-4484890,-4274890
2009/02/12,0,50000,-2469000,-2419000
2009/02/13,0,420000,-1792000,-1372000
2009/02/16,0,85000,-2144210,-2059210
2009/02/17,0,260000,-2150720,-1890720
2009/02/18,0,2000,-1590000,-1588000
2009/02/19,0,427000,0,427000
2009/02/20,0,283000,-1804,281196
2009/02/23,0,250000,-210000,40000
2009/02/24,0,500000,0,500000
2009/02/25,0,816000,-130000,686000
2009/02/26,0,173000,-300000,-127000
2009/02/27,0,2718000,0,2718000
2009/03/02,0,4935000,0,4935000
2009/03/03,0,241000,-310000,-69000
2009/03/04,0,6720000,0,6720000
2009/03/05,0,1753000,0,1753000
2009/03/06,0,0,-537000,-537000
2009/03/09,0,149000,-359000,-210000
2009/03/10,0,283000,-729000,-446000
2009/03/11,0,1300000,-75000,1225000
2009/03/12,0,1200000,-1979000,-779000
2009/03/13,0,2830000,-700000,2130000
2009/03/16,0,2651000,-803000,1848000
2009/03/17,0,1511000,-1558000,-47000
2009/03/18,0,160000,-1640380,-1480380
2009/03/19,0,100000,-1192000,-1092000
2009/03/20,0,300000,-709000,-409000
2009/03/23,0,785000,-1000,784000
2009/03/24,0,280000,-312000,-32000
2009/03/25,0,0,-500000,-500000
2009/03/26,0,159000,0,159000
2009/03/27,0,89000,0,89000
2009/03/30,0,800000,-835000,-35000
2009/03/31,0,0,-4327480,-4327480
2009/04/01,0,450000,-2136000,-1686000
2009/04/02,0,700000,-3235000,-2535000
2009/04/03,0,50000,-1861000,-1811000
2009/04/06,0,180000,-150000,30000
2009/04/07,0,150000,-1934000,-1784000
2009/04/08,0,330000,-341000,-11000
2009/04/09,0,1019000,0,1019000
2009/04/10,0,472000,0,472000
2009/04/13,0,500000,-251000,249000
2009/04/14,0,80000,-315000,-235000
2009/04/15,0,2080000,0,2080000
2009/04/16,0,0,-87000,-87000
2009/04/17,0,0,-144000,-144000
2009/04/20,0,135000,-1600000,-1465000
2009/04/21,0,200000,0,200000
2009/04/22,0,1110000,-514000,596000
2009/04/23,0,1981000,0,1981000
2009/04/24,0,645000,0,645000
2009/04/27,0,345000,-100000,245000
2009/04/28,0,165000,-5000,160000
2009/04/29,0,1847000,-496000,1351000
2009/04/30,0,4040000,-17000,4023000
2009/05/01,0,0,0,0
2009/05/04,0,3227000,0,3227000
2009/05/05,0,4799000,-11000,4788000
2009/05/06,0,602000,-301000,301000
2009/05/07,0,1530000,-272000,1258000
2009/05/08,0,1593000,-600000,993000
2009/05/11,0,460000,-51000,409000
2009/05/12,0,1110000,-860000,250000
2009/05/13,0,878000,-875000,3000
2009/05/14,0,436000,0,436000
2009/05/15,0,392000,-360000,32000
2009/05/18,0,811000,-798000,13000
2009/05/19,0,545000,0,545000
2009/05/20,0,501000,-56000,445000
2009/05/21,0,227000,-2988000,-2761000
2009/05/22,0,390000,-3591000,-3201000
2009/05/25,0,0,-2214000,-2214000
2009/05/26,0,110000,-2693000,-2583000
2009/05/27,0,206000,-3573000,-3367000
2009/05/28,0,0,0,0
2009/05/29,0,0,0,0
2009/06/01,0,656000,-3078000,-2422000
2009/06/02,0,142000,-492000,-350000
2009/06/03,0,0,-783000,-783000
2009/06/04,0,3000,-958000,-955000
2009/06/05,0,0,-1365000,-1365000
2009/06/08,0,3000,-114000,-111000
2009/06/09,0,136000,-719000,-583000
2009/06/10,0,1293000,-1291000,2000
2009/06/11,0,1300000,-1295000,5000
2009/06/12,0,35000,-1145000,-1110000
2009/06/15,0,200000,-700000,-500000
2009/06/16,0,2000,-1348000,-1346000
2009/06/17,0,129000,-1016000,-887000
2009/06/18,0,55000,-650000,-595000
2009/06/19,0,1767000,0,1767000
2009/06/22,0,1698000,-140000,1558000
2009/06/23,0,200000,-198000,2000
2009/06/24,0,40000,-1000,39000
2009/06/25,0,1284000,-118000,1166000
2009/06/26,0,330000,-430000,-100000
2009/06/29,0,24000,0,24000
2009/06/30,0,1099000,0,1099000
2009/07/01,0,2613000,0,2613000
2009/07/02,0,398000,-334000,64000
2009/07/03,0,510000,-629000,-119000
2009/07/06,0,89000,-1000,88000
2009/07/07,0,590000,-65000,525000
2009/07/08,0,819000,0,819000
2009/07/09,0,35000,-70000,-35000
2009/07/10,0,135000,-1000,134000
2009/07/13,0,23000,-344000,-321000
2009/07/14,0,287000,-3000,284000
2009/07/15,0,1174000,-6000,1168000
2009/07/16,0,860000,-118000,742000
2009/07/17,0,398000,-6000,392000
2009/07/20,0,70000,0,70000
2009/07/21,0,50000,-121000,-71000
2009/07/22,0,594000,-1000,593000
2009/07/23,0,50000,0,50000
2009/07/24,0,2646000,-51000,2595000
2009/07/27,0,2761000,-30000,2731000
2009/07/28,0,2012000,-200000,1812000
2009/07/29,0,1679000,-190000,1489000
2009/07/30,0,1640000,-1006000,634000
2009/07/31,0,678000,-49000,629000
2009/08/03,0,100000,-1083000,-983000
2009/08/04,0,0,-2812000,-2812000
2009/08/05,0,0,-932000,-932000
2009/08/06,0,0,-562000,-562000
2009/08/07,0,0,0,0
2009/08/10,0,2000,-1000,1000
2009/08/11,0,100000,-1118000,-1018000
2009/08/12,0,30000,-175000,-145000
2009/08/13,0,200000,-65000,135000
2009/08/14,0,267000,-416220,-149220
2009/08/17,0,0,-3207000,-3207000
2009/08/18,0,1000,-482000,-481000
2009/08/19,0,0,-148000,-148000
2009/08/20,0,0,0,0
2009/08/21,0,0,-502000,-502000
2009/08/24,0,1000,0,1000
2009/08/25,0,1095000,-1100000,-5000
2009/08/26,0,0,-1165000,-1165000
2009/08/27,0,51000,0,51000
2009/08/28,0,22000,0,22000
2009/08/31,0,303000,-295000,8000
2009/09/01,0,100000,-642000,-542000
2009/09/02,0,1729000,-127000,1602000
2009/09/03,0,2290000,-1000,2289000
2009/09/04,0,750000,-251000,499000
2009/09/07,0,340000,-1183000,-843000
2009/09/08,0,517000,-583000,-66000
2009/09/09,0,461000,-633000,-172000
2009/09/10,0,889000,-100000,789000
2009/09/11,0,270000,-800000,-530000
2009/09/14,0,1000,-319000,-318000
2009/09/15,0,750000,0,750000
2009/09/16,0,0,-175000,-175000
2009/09/17,0,731000,-250000,481000
2009/09/18,0,282000,-297000,-15000
2009/09/21,0,0,-1176000,-1176000
2009/09/22,0,0,-537000,-537000
2009/09/23,0,0,-2061000,-2061000
2009/09/24,0,0,-735000,-735000
2009/09/25,0,0,-695000,-695000
2009/09/28,0,0,-1639000,-1639000
2009/09/29,0,1000,-575000,-574000
2009/09/30,0,82000,0,82000
2009/10/01,0,0,0,0
2009/10/02,0,50000,-329000,-279000
2009/10/05,0,0,-68028,-68028
2009/10/06,0,0,-358000,-358000
2009/10/07,0,0,-75000,-75000
2009/10/08,0,0,-906000,-906000
2009/10/09,0,12000,-522980,-510980
2009/10/12,0,7000,-8150,-1150
2009/10/13,0,32000,-829190,-797190
2009/10/14,0,180000,-775620,-595620
2009/10/15,0,683000,-803700,-120700
2009/10/16,0,2222000,-453000,1769000
2009/10/19,0,221000,-4100,216900
2009/10/20,0,1702000,-155000,1547000
2009/10/21,0,648000,-102180,545820
2009/10/22,0,0,-211700,-211700
2009/10/23,0,0,-286670,-286670
2009/10/26,0,0,0,0
2009/10/27,0,798000,0,798000
2009/10/28,0,0,0,0
2009/10/29,0,0,-30000,-30000
2009/10/30,0,1883000,-87300,1795700
2009/11/02,0,1000,-80,920
2009/11/03,0,0,-179380,-179380
2009/11/04,0,742000,-400000,342000
2009/11/05,0,220000,0,220000
2009/11/06,0,154000,-400000,-246000
2009/11/09,0,382000,-600000,-218000
2009/11/10,0,300000,-681920,-381920
2009/11/11,0,384000,-651000,-267000
2009/11/12,0,377000,-1000,376000
2009/11/13,0,1094000,-2000,1092000
2009/11/16,0,518000,0,518000
2009/11/17,0,3000000,0,3000000
2009/11/18,0,3598000,-1000,3597000
2009/11/19,0,7134000,-150000,6984000
2009/11/20,0,2806000,0,2806000
2009/11/23,0,1471000,-4000,1467000
2009/11/24,0,185000,-553000,-368000
2009/11/25,0,1481000,-157000,1324000
2009/11/26,0,450000,-136000,314000
2009/11/27,0,1483000,-201000,1282000
2009/11/30,0,2971000,-3000,2968000
2009/12/01,0,4276000,0,4276000
2009/12/02,0,1519000,0,1519000
2009/12/03,0,597000,-250000,347000
2009/12/04,0,18000,-250000,-232000
2009/12/07,0,1222000,0,1222000
2009/12/08,0,200000,-494000,-294000
2009/12/09,0,0,-190000,-190000
2009/12/10,0,100000,-1052000,-952000
2009/12/11,0,552000,0,552000
2009/12/14,0,1623000,-1000,1622000
2009/12/15,0,568000,-15000,553000
2009/12/16,0,417000,-2000,415000
2009/12/17,0,410000,0,410000
2009/12/18,0,1086000,-270000,816000
2009/12/21,0,457000,-186000,271000
2009/12/22,0,568000,-1000,567000
2009/12/23,0,66000,0,66000
2009/12/24,0,140000,0,140000
2009/12/25,0,744000,-2773480,-2029480
2009/12/28,0,799000,-509000,290000
2009/12/29,0,200000,-308000,-108000
2009/12/30,0,120000,-9000,111000
2009/12/31,0,50000,0,50000
2010/01/01,0,0,0,0
2010/01/04,0,70000,-10000,60000
2010/01/05,0,213000,-247000,-34000
2010/01/06,0,0,-1565550,-1565550
2010/01/07,0,0,-246800,-246800
2010/01/08,0,20000,-1129000,-1109000
2010/01/11,0,0,0,0
2010/01/12,0,398000,-1000,397000
2010/01/13,0,55000,-100000,-45000
2010/01/14,0,150000,0,150000
2010/01/15,0,367000,-35000,332000
2010/01/18,0,824000,-143000,681000
2010/01/19,0,270000,-478000,-208000
2010/01/20,0,100000,-447000,-347000
2010/01/21,0,200000,0,200000
2010/01/22,0,150000,-793000,-643000
2010/01/25,0,500000,-900000,-400000
2010/01/26,0,0,-1231000,-1231000
2010/01/27,0,103000,0,103000
2010/01/28,0,891000,0,891000
2010/01/29,0,781000,0,781000
2010/02/01,0,476000,-179000,297000
2010/02/02,0,296000,-75000,221000
2010/02/03,0,618000,-30940,587060
2010/02/04,0,233000,0,233000
2010/02/05,0,201000,-506000,-305000
2010/02/08,0,711000,0,711000
2010/02/09,0,583000,0,583000
2010/02/10,0,433000,0,433000
2010/02/11,0,0,0,0
2010/02/12,0,0,0,0
2010/02/15,0,0,0,0
2010/02/16,0,0,0,0
2010/02/17,0,0,0,0
2010/02/18,0,0,0,0
2010/02/19,0,0,0,0
2010/02/22,0,878000,0,878000
2010/02/23,0,78000,0,78000
2010/02/24,0,1000,-12000,-11000
2010/02/25,0,351000,-200000,151000
2010/02/26,0,1000,-1390000,-1389000
2010/03/01,0,0,-1116000,-1116000
2010/03/02,0,0,0,0
2010/03/03,0,0,-535800,-535800
2010/03/04,0,0,-259000,-259000
2010/03/05,0,0,-1525000,-1525000
2010/03/08,0,50000,0,50000
2010/03/09,0,0,-1700000,-1700000
2010/03/10,0,0,-296000,-296000
2010/03/11,0,783000,-1165000,-382000
2010/03/12,0,0,-1980200,-1980200
2010/03/15,0,0,-898000,-898000
2010/03/16,0,0,-759210,-759210
2010/03/17,0,4000,-1353000,-1349000
2010/03/18,0,0,-5092400,-5092400
2010/03/19,0,0,-1623850,-1623850
2010/03/22,0,650000,-122000,528000
2010/03/23,0,650000,-2044810,-1394810
2010/03/24,0,650000,-321000,329000
2010/03/25,0,500000,-334000,166000
2010/03/26,0,0,-1372000,-1372000
2010/03/29,0,303000,-1652400,-1349400
2010/03/30,0,180000,-533040,-353040
2010/03/31,0,600000,-315000,285000
2010/04/01,0,399000,0,399000
2010/04/02,0,865000,-180000,685000
2010/04/05,0,0,0,0
2010/04/06,0,649000,-1000,648000
2010/04/07,0,38000,-420270,-382270
2010/04/08,0,0,-2995000,-2995000
2010/04/09,0,0,-1520000,-1520000
2010/04/12,0,28000,-398000,-370000
2010/04/13,0,50000,-161000,-111000
2010/04/14,0,393000,-416000,-23000
2010/04/15,0,0,0,0
2010/04/16,0,0,-471000,-471000
2010/04/19,0,108000,-185524,-77524
2010/04/20,0,1000,-208000,-207000
2010/04/21,0,0,-1000000,-1000000
2010/04/22,0,100000,0,100000
2010/04/23,0,0,0,0
2010/04/26,0,0,-400000,-400000
2010/04/27,0,0,-576000,-576000
2010/04/28,0,0,0,0
2010/04/29,0,70000,-966000,-896000
2010/04/30,0,50000,-2000,48000
2010/05/03,0,100000,-1640000,-1540000
2010/05/04,0,0,-1000000,-1000000
2010/05/05,0,300000,-61000,239000
2010/05/06,0,0,-1739570,-1739570
2010/05/07,0,29000,-361000,-332000
2010/05/10,0,0,-587000,-587000
2010/05/11,0,30000,-581000,-551000
2010/05/12,0,0,-150000,-150000
2010/05/13,0,45000,-792000,-747000
2010/05/14,0,253000,-400000,-147000
2010/05/17,0,0,-99620,-99620
2010/05/18,0,0,-600000,-600000
2010/05/19,0,118000,-823000,-705000
2010/05/20,0,360000,-599000,-239000
2010/05/21,0,25000,-325000,-300000
2010/05/24,0,46000,-1000,45000
2010/05/25,0,40000,0,40000
2010/05/26,0,0,-14000,-14000
2010/05/27,0,361000,0,361000
2010/05/28,0,479000,-1000,478000
2010/05/31,0,1022000,-130000,892000
2010/06/01,0,904000,-200000,704000
2010/06/02,0,580000,0,580000
2010/06/03,0,220000,0,220000
2010/06/04,0,0,0,0
2010/06/07,0,162000,0,162000
2010/06/08,0,382000,-65050,316950
2010/06/09,0,0,-20000,-20000
2010/06/10,0,156000,0,156000
2010/06/11,0,334000,-314000,20000
2010/06/14,0,1000,-864000,-863000
2010/06/15,0,51000,-1483000,-1432000
2010/06/16,0,0,0,0
2010/06/17,0,570000,-3155000,-2585000
2010/06/18,0,1000,-191000,-190000
2010/06/21,0,0,-489000,-489000
2010/06/22,0,0,0,0
2010/06/23,0,123000,-76000,47000
2010/06/24,0,5000,-426000,-421000
2010/06/25,0,2000,-100000,-98000
2010/06/28,0,0,-903000,-903000
2010/06/29,0,93000,-100000,-7000
2010/06/30,0,0,0,0
2010/07/01,0,0,-1158000,-1158000
2010/07/02,0,1000,0,1000
2010/07/05,0,0,-503000,-503000
2010/07/06,0,0,0,0
2010/07/07,0,0,0,0
2010/07/08,0,0,-245000,-245000
2010/07/09,0,280000,0,280000
2010/07/12,0,0,-254,-254
2010/07/13,0,0,-90000,-90000
2010/07/14,0,100000,-205000,-105000
2010/07/15,0,552000,-42000,510000
2010/07/16,0,0,-2000,-2000
2010/07/19,0,178000,-504000,-326000
2010/07/20,0,828000,-495000,333000
2010/07/21,0,0,-449000,-449000
2010/07/22,0,0,0,0
2010/07/23,0,0,0,0
2010/07/26,0,417000,0,417000
2010/07/27,0,5000,0,5000
2010/07/28,0,0,-250000,-250000
2010/07/29,0,0,-1795000,-1795000
2010/07/30,0,0,-1266000,-1266000
2010/08/02,0,3000,-829000,-826000
2010/08/03,0,0,-1640000,-1640000
2010/08/04,0,0,-107000,-107000
2010/08/05,0,0,0,0
2010/08/06,0,0,-1000,-1000
2010/08/09,0,3000,0,3000
2010/08/10,0,1000,0,1000
2010/08/11,0,61000,0,61000
2010/08/12,0,127000,0,127000
2010/08/13,0,0,0,0
2010/08/16,0,0,-3060,-3060
2010/08/17,0,0,0,0
2010/08/18,0,0,0,0
2010/08/19,0,0,0,0
2010/08/20,0,0,0,0
2010/08/23,0,0,0,0
2010/08/24,0,0,-1000,-1000
2010/08/25,0,4000,0,4000
2010/08/26,0,0,0,0
2010/08/27,0,0,-40000,-40000
2010/08/30,0,30000,-7000,23000
2010/08/31,0,2000,-692000,-690000
2010/09/01,0,60000,-441000,-381000
2010/09/02,0,0,-508000,-508000
2010/09/03,0,92000,0,92000
2010/09/06,0,410000,0,410000
2010/09/07,0,2000,0,2000
2010/09/08,0,0,-177000,-177000
2010/09/09,0,0,0,0
2010/09/10,0,0,-176000,-176000
2010/09/13,0,0,0,0
2010/09/14,0,0,0,0
2010/09/15,0,172000,0,172000
2010/09/16,0,125000,-195000,-70000
2010/09/17,0,1000,-1000,0
2010/09/20,0,0,0,0
2010/09/21,0,0,0,0
2010/09/22,0,0,0,0
2010/09/23,0,0,-100000,-100000
2010/09/24,0,0,-1000,-1000
2010/09/27,0,0,0,0
2010/09/28,0,0,-106000,-106000
2010/09/29,0,0,0,0
2010/09/30,0,0,0,0
2010/10/01,0,0,0,0
2010/10/04,0,0,0,0
2010/10/05,0,0,-120000,-120000
2010/10/06,0,0,0,0
2010/10/07,0,0,0,0
2010/10/08,0,0,-800000,-800000
2010/10/11,0,0,-287410,-287410
2010/10/12,0,0,-501000,-501000
2010/10/13,0,3000,-500000,-497000
2010/10/14,0,1000,-500000,-499000
2010/10/15,0,0,-3000,-3000
2010/10/18,0,1000,-472030,-471030
2010/10/19,0,1000,-500000,-499000
2010/10/20,0,0,0,0
2010/10/21,0,1114000,0,1114000
2010/10/22,0,0,-333000,-333000
2010/10/25,0,35000,0,35000
2010/10/26,0,0,0,0
2010/10/27,0,150000,-118000,32000
2010/10/28,0,846000,-300000,546000
2010/10/29,0,560000,-21000,539000
2010/11/01,0,700000,0,700000
2010/11/02,0,6000,-4000,2000
2010/11/03,0,4000,-422260,-418260
2010/11/04,0,0,-1200000,-1200000
2010/11/05,0,116000,-569220,-453220
2010/11/08,0,430000,-1590,428410
2010/11/09,0,1000,-5700,-4700
2010/11/10,0,0,-125000,-125000
2010/11/11,0,0,0,0
2010/11/12,0,0,-2000,-2000
2010/11/15,0,130000,0,130000
2010/11/16,0,0,0,0
2010/11/17,0,0,0,0
2010/11/18,0,0,-430000,-430000
2010/11/19,0,0,-403516,-403516
2010/11/22,0,0,-1000,-1000
2010/11/23,0,0,-1000,-1000
2010/11/24,0,0,-408000,-408000
2010/11/25,0,15000,-500000,-485000
2010/11/26,0,260000,0,260000
2010/11/29,0,0,0,0
2010/11/30,0,129000,-4000,125000
2010/12/01,0,0,0,0
2010/12/02,0,25000,-1000,24000
2010/12/03,0,0,0,0
2010/12/06,0,0,-1000,-1000
2010/12/07,0,13000,-300000,-287000
2010/12/08,0,58000,-301000,-243000
2010/12/09,0,0,-500000,-500000
2010/12/10,0,60000,-900010,-840010
2010/12/13,0,98000,0,98000
2010/12/14,0,11000,0,11000
2010/12/15,0,0,0,0
2010/12/16,0,0,0,0
2010/12/17,0,0,-17000,-17000
2010/12/20,0,50000,-1000,49000
2010/12/21,0,0,0,0
2010/12/22,0,56000,-1192810,-1136810
2010/12/23,0,0,0,0
2010/12/24,0,0,0,0
2010/12/27,0,0,-1000,-1000
2010/12/28,0,0,0,0
2010/12/29,0,0,0,0
2010/12/30,0,0,-10000,-10000
2010/12/31,0,0,-61000,-61000
2011/01/03,0,0,-40000,-40000
2011/01/04,0,400000,0,400000
2011/01/05,0,551000,-30000,521000
2011/01/06,0,200000,0,200000
2011/01/07,0,0,0,0
2011/01/10,0,0,-40000,-40000
2011/01/11,0,0,0,0
2011/01/12,0,0,-1580000,-1580000
2011/01/13,0,0,-350000,-350000
2011/01/14,0,125000,-214000,-89000
2011/01/17,0,0,-956000,-956000
2011/01/18,0,0,-50550,-50550
2011/01/19,0,0,-687000,-687000
2011/01/20,0,18000,-40000,-22000
2011/01/21,0,536000,-428000,108000
2011/01/24,0,6000,-40000,-34000
2011/01/25,0,0,0,0
2011/01/26,0,0,0,0
2011/01/27,0,0,-180000,-180000
2011/01/28,0,0,-110000,-110000
2011/01/31,0,0,0,0
2011/02/01,0,0,0,0
2011/02/02,0,0,0,0
2011/02/03,0,0,0,0
2011/02/04,0,0,0,0
2011/02/07,0,0,0,0
2011/02/08,0,445000,-309290,135710
2011/02/09,0,0,0,0
2011/02/10,0,0,-66000,-66000
2011/02/11,0,100000,0,100000
2011/02/14,0,200000,-200000,0
2011/02/15,0,0,-90000,-90000
2011/02/16,0,0,0,0
2011/02/17,0,130000,-742560,-612560
2011/02/18,0,0,0,0
2011/02/21,0,100000,0,100000
2011/02/22,0,0,0,0
2011/02/23,0,7000,0,7000
2011/02/24,0,21000,0,21000
2011/02/25,0,200000,-2000,198000
2011/02/28,0,0,0,0
2011/03/01,0,0,0,0
2011/03/02,0,0,0,0
2011/03/03,0,0,0,0
2011/03/04,0,100000,0,100000
2011/03/07,0,0,0,0
2011/03/08,0,0,-161300,-161300
2011/03/09,0,65000,0,65000
2011/03/10,0,0,0,0
2011/03/11,0,260000,0,260000
2011/03/14,0,0,0,0
2011/03/15,0,35000,-56000,-21000
2011/03/16,0,0,-94000,-94000
2011/03/17,0,69000,-165000,-96000
2011/03/18,0,100000,-3000,97000
2011/03/21,0,0,0,0
2011/03/22,0,290000,0,290000
2011/03/23,0,0,-52000,-52000
2011/03/24,0,0,0,0
2011/03/25,0,0,0,0
2011/03/28,0,37000,0,37000
2011/03/29,0,0,0,0
2011/03/30,0,22000,-9000,13000
2011/03/31,0,0,-18000,-18000
2011/04/01,0,21000,0,21000
2011/04/04,0,0,0,0
2011/04/05,0,0,0,0
2011/04/06,0,0,0,0
2011/04/07,0,0,-70000,-70000
2011/04/08,0,0,-120000,-120000
2011/04/11,0,0,0,0
2011/04/12,0,0,0,0
2011/04/13,0,0,-330000,-330000
2011/04/14,0,0,-70000,-70000
2011/04/15,0,247000,-25000,222000
2011/04/18,0,0,-48000,-48000
2011/04/19,0,0,-39000,-39000
2011/04/20,0,1058000,-24000,1034000
2011/04/21,0,1000,0,1000
2011/04/22,0,0,0,0
2011/04/25,0,0,-37000,-37000
2011/04/26,0,0,0,0
2011/04/27,0,54000,0,54000
2011/04/28,0,575000,-150000,425000
2011/04/29,0,0,-250000,-250000
2011/05/02,0,0,0,0
2011/05/03,0,5000,0,5000
2011/05/04,0,5000,-21000,-16000
2011/05/05,0,300000,0,300000
2011/05/06,0,308000,0,308000
2011/05/09,0,135000,0,135000
2011/05/10,0,0,0,0
2011/05/11,0,312000,0,312000
2011/05/12,0,1000,0,1000
2011/05/13,0,2298000,0,2298000
2011/05/16,0,1116000,0,1116000
2011/05/17,0,330000,0,330000
2011/05/18,0,100000,0,100000
2011/05/19,0,0,-35000,-35000
2011/05/20,0,0,-75000,-75000
2011/05/23,0,643000,-75000,568000
2011/05/24,0,776000,-280000,496000
2011/05/25,0,0,0,0
2011/05/26,0,0,0,0
2011/05/27,0,100000,-1000,99000
2011/05/30,0,0,0,0
2011/05/31,0,6000,0,6000
2011/06/01,0,1240000,0,1240000
2011/06/02,0,0,0,0
2011/06/03,0,0,0,0
2011/06/06,0,0,0,0
2011/06/07,0,200000,-439000,-239000
2011/06/08,0,0,0,0
2011/06/09,0,0,-172000,-172000
2011/06/10,0,0,0,0
2011/06/13,0,0,-481000,-481000
2011/06/14,0,101000,-410000,-309000
2011/06/15,0,46000,0,46000
2011/06/16,0,2000,-1544000,-1542000
2011/06/17,0,23000,-617000,-594000
2011/06/20,0,2000,-331000,-329000
2011/06/21,0,2000,-1715000,-1713000
2011/06/22,0,1000,0,1000
2011/06/23,0,0,-220000,-220000
2011/06/24,0,1000,0,1000
2011/06/27,0,0,0,0
2011/06/28,0,2000,-33000,-31000
2011/06/29,0,4000,0,4000
2011/06/30,0,1000,0,1000
2011/07/01,0,0,-720000,-720000
2011/07/04,0,0,-409000,-409000
2011/07/05,0,0,0,0
2011/07/06,0,0,-2000,-2000
2011/07/07,0,0,0,0
2011/07/08,0,0,-1000,-1000
2011/07/11,0,0,0,0
2011/07/12,0,1000,-17000,-16000
2011/07/13,0,1000,-80000,-79000
2011/07/14,0,16000,0,16000
2011/07/15,0,2000,0,2000
2011/07/18,0,1000,0,1000
2011/07/19,0,0,-580000,-580000
2011/07/20,0,2000,0,2000
2011/07/21,0,1000,-299000,-298000
2011/07/22,0,0,-2000,-2000
2011/07/25,0,0,-2000,-2000
2011/07/26,0,0,0,0
2011/07/27,0,0,-212000,-212000
2011/07/28,0,0,-2000,-2000
2011/07/29,0,0,-348000,-348000
2011/08/01,0,1000,0,1000
2011/08/02,0,0,-1000,-1000
2011/08/03,0,7000,0,7000
2011/08/04,0,7000,0,7000
2011/08/05,0,7000,0,7000
2011/08/08,0,5000,0,5000
2011/08/09,0,8000,0,8000
2011/08/10,0,10000,-650000,-640000
2011/08/11,0,7000,-400000,-393000
2011/08/12,0,0,-3000,-3000
2011/08/15,0,1000,0,1000
2011/08/16,0,0,-34000,-34000
2011/08/17,0,1000,0,1000
2011/08/18,0,15000,0,15000
2011/08/19,0,0,0,0
2011/08/22,0,6000,0,6000
2011/08/23,0,1000,0,1000
2011/08/24,0,0,0,0
2011/08/25,0,0,0,0
2011/08/26,0,95000,0,95000
2011/08/29,0,2000,0,2000
2011/08/30,0,0,0,0
2011/08/31,0,0,0,0
2011/09/01,0,0,-1000,-1000
2011/09/02,0,7000,-1000,6000
2011/09/05,0,455000,-1000,454000
2011/09/06,0,228000,0,228000
2011/09/07,0,2000,0,2000
2011/09/08,0,204000,0,204000
2011/09/09,0,3000,0,3000
2011/09/12,0,0,0,0
2011/09/13,0,122000,-720,121280
2011/09/14,0,1000,0,1000
2011/09/15,0,0,-3000,-3000
2011/09/16,0,108000,0,108000
2011/09/19,0,1000,-2000,-1000
2011/09/20,0,0,0,0
2011/09/21,0,0,-1025,-1025
2011/09/22,0,0,-1000,-1000
2011/09/23,0,289000,0,289000
2011/09/26,0,191000,0,191000
2011/09/27,0,0,0,0
2011/09/28,0,121000,-1000,120000
2011/09/29,0,5000,0,5000
2011/09/30,0,0,0,0
2011/10/03,0,0,0,0
2011/10/04,0,1000,0,1000
2011/10/05,0,1787000,0,1787000
2011/10/06,0,447000,-1000,446000
2011/10/07,0,0,0,0
2011/10/10,0,0,0,0
2011/10/11,0,0,0,0
2011/10/12,0,0,0,0
2011/10/13,0,0,0,0
2011/10/14,0,9000,0,9000
2011/10/17,0,0,-350623,-350623
2011/10/18,0,0,-359901,-359901
2011/10/19,0,12000,0,12000
2011/10/20,0,0,0,0
2011/10/21,0,0,0,0
2011/10/24,0,1000,0,1000
2011/10/25,0,0,-45000,-45000
2011/10/26,0,1000,0,1000
2011/10/27,0,0,0,0
2011/10/28,0,2000,0,2000
2011/10/31,0,0,-2000,-2000
2011/11/01,0,0,0,0
2011/11/02,0,2000,0,2000
2011/11/03,0,0,0,0
2011/11/04,0,0,-1000,-1000
2011/11/07,0,0,0,0
2011/11/08,0,1000,0,1000
2011/11/09,0,0,0,0
2011/11/10,0,0,0,0
2011/11/11,0,0,0,0
2011/11/14,0,1000,-1747,-747
2011/11/15,0,0,0,0
2011/11/16,0,0,0,0
2011/11/17,0,0,0,0
2011/11/18,0,60000,0,60000
2011/11/21,0,2000,0,2000
2011/11/22,0,0,-1000,-1000
2011/11/23,0,3000,0,3000
2011/11/24,0,1000,0,1000
2011/11/25,0,4000,0,4000
2011/11/28,0,1000,0,1000
2011/11/29,0,1000,0,1000
2011/11/30,0,0,-1000,-1000
2011/12/01,0,0,-4000,-4000
2011/12/02,0,0,0,0
2011/12/05,0,1000,0,1000
2011/12/06,0,0,0,0
2011/12/07,0,0,0,0
2011/12/08,0,0,0,0
2011/12/09,0,2717,0,2717
2011/12/12,0,0,0,0
2011/12/13,0,0,0,0
2011/12/14,0,0,-11000,-11000
2011/12/15,0,0,-12000,-12000
2011/12/16,0,1000,-2000,-1000
2011/12/19,0,0,-16000,-16000
2011/12/20,0,1000,-718000,-717000
2011/12/21,0,0,0,0
2011/12/22,0,1000,0,1000
2011/12/23,0,0,-412000,-412000
2011/12/26,0,0,0,0
2011/12/27,0,2000,0,2000
2011/12/28,0,0,-613000,-613000
2011/12/29,0,0,0,0
2011/12/30,0,0,-1000,-1000
2012/01/02,0,1000,0,1000
2012/01/03,0,0,-2000,-2000
2012/01/04,0,0,0,0
2012/01/05,0,650000,-42,649958
2012/01/06,0,820000,-1000,819000
2012/01/09,0,112000,0,112000
2012/01/10,0,775000,0,775000
2012/01/11,0,652000,-1000,651000
2012/01/12,0,1299000,-2000,1297000
2012/01/13,0,911000,-2000,909000
2012/01/16,0,220000,-1000,219000
2012/01/17,0,1512000,-2000,1510000
2012/01/18,0,1768000,-1000,1767000
2012/01/19,0,0,0,0
2012/01/20,0,0,0,0
2012/01/23,0,0,0,0
2012/01/24,0,0,0,0
2012/01/25,0,0,0,0
2012/01/26,0,0,0,0
2012/01/27,0,0,0,0
2012/01/30,0,1672000,-3000,1669000
2012/01/31,0,555000,-1000,554000
2012/02/01,0,130000,-1000,129000
2012/02/02,0,1750000,-1000,1749000
2012/02/03,0,0,-1000,-1000
2012/02/06,0,0,-3000,-3000
2012/02/07,0,1021000,0,1021000
2012/02/08,0,550000,-1000,549000
2012/02/09,0,301000,-5656,295344
2012/02/10,0,0,-253000,-253000
2012/02/13,0,174000,0,174000
2012/02/14,0,2502000,-1372000,1130000
2012/02/15,0,428000,-2000,426000
2012/02/16,0,236000,-38000,198000
2012/02/17,0,220000,-431000,-211000
2012/02/20,0,40000,0,40000
2012/02/21,0,43000,-21000,22000
2012/02/22,0,0,0,0
2012/02/23,0,39000,-1000,38000
2012/02/24,0,20000,-94000,-74000
2012/02/27,0,0,0,0
2012/02/28,0,0,0,0
2012/02/29,0,0,-311000,-311000
2012/03/01,0,25000,-544000,-519000
2012/03/02,0,30000,-176000,-146000
2012/03/05,0,0,-3473000,-3473000
2012/03/06,0,0,-617000,-617000
2012/03/07,0,0,-300000,-300000
2012/03/08,0,0,-2305,-2305
2012/03/09,0,0,-412000,-412000
2012/03/12,0,0,-181180,-181180
2012/03/13,0,0,-1218000,-1218000
2012/03/14,0,0,-1000,-1000
2012/03/15,0,0,-3000,-3000
2012/03/16,0,0,-308000,-308000
2012/03/19,0,0,-5000,-5000
2012/03/20,0,0,0,0
2012/03/21,0,0,-30000,-30000
2012/03/22,0,0,0,0
2012/03/23,0,0,0,0
2012/03/26,0,0,-1000,-1000
2012/03/27,0,0,-30000,-30000
2012/03/28,0,0,-150000,-150000
2012/03/29,0,0,-594000,-594000
2012/03/30,0,0,-420000,-420000
2012/04/02,0,0,-955000,-955000
2012/04/03,0,0,-1096000,-1096000
2012/04/04,0,0,0,0
2012/04/05,0,2597,-351000,-348403
2012/04/06,0,0,-260000,-260000
2012/04/09,0,0,-1000,-1000
2012/04/10,0,398000,-280000,118000
2012/04/11,0,480000,-280000,200000
2012/04/12,0,280000,-240000,40000
2012/04/13,0,40000,-500000,-460000
2012/04/16,0,30000,-392000,-362000
2012/04/17,0,0,-8000,-8000
2012/04/18,0,175000,-7000,168000
2012/04/19,0,170000,-4000,166000
2012/04/20,0,195000,0,195000
2012/04/23,0,45000,0,45000
2012/04/24,0,22000,0,22000
2012/04/25,0,290000,0,290000
2012/04/26,0,3027000,0,3027000
2012/04/27,0,803000,-348000,455000
2012/04/30,0,159000,0,159000
2012/05/01,0,0,0,0
2012/05/02,0,1061000,-310000,751000
2012/05/03,0,452059,0,452059
2012/05/04,0,130000,-4000,126000
2012/05/07,0,512000,-1429000,-917000
2012/05/08,0,237000,-501000,-264000
2012/05/09,0,189000,-1187000,-998000
2012/05/10,0,0,0,0
2012/05/11,0,35000,0,35000
2012/05/14,0,20000,0,20000
2012/05/15,0,255000,0,255000
2012/05/16,0,0,-2000,-2000
2012/05/17,0,408000,-397000,11000
2012/05/18,0,0,-599000,-599000
2012/05/21,0,0,-1430000,-1430000
2012/05/22,0,100000,-359000,-259000
2012/05/23,0,0,-1000,-1000
2012/05/24,0,120000,-178000,-58000
2012/05/25,0,32000,0,32000
2012/05/28,0,40000,0,40000
2012/05/29,0,487000,0,487000
2012/05/30,0,0,-3227,-3227
2012/05/31,0,1800,-83000,-81200
2012/06/01,0,0,-80000,-80000
2012/06/04,0,2000,0,2000
2012/06/05,0,2000,-605000,-603000
2012/06/06,0,60000,-1238000,-1178000
2012/06/07,0,115000,0,115000
2012/06/08,0,12000,-97000,-85000
2012/06/11,0,5000,-93000,-88000
2012/06/12,0,44000,0,44000
2012/06/13,0,16000,-54000,-38000
2012/06/14,0,14000,0,14000
2012/06/15,0,80000,-177000,-97000
2012/06/18,0,30000,0,30000
2012/06/19,0,0,-659000,-659000
2012/06/20,0,0,-70000,-70000
2012/06/21,0,0,-350000,-350000
2012/06/22,0,0,-218000,-218000
2012/06/25,0,100000,-173000,-73000
2012/06/26,0,6198,-151000,-144802
2012/06/27,0,0,-128000,-128000
2012/06/28,0,0,-347000,-347000
2012/06/29,0,0,-117000,-117000
2012/07/02,0,0,-22000,-22000
2012/07/03,0,1000,-50000,-49000
2012/07/04,0,0,0,0
2012/07/05,0,0,-151000,-151000
2012/07/06,0,0,-62000,-62000
2012/07/09,0,0,-37000,-37000
2012/07/10,0,0,-40000,-40000
2012/07/11,0,1000,-205000,-204000
2012/07/12,0,0,-100000,-100000
2012/07/13,0,0,-120000,-120000
2012/07/16,0,0,0,0
2012/07/17,0,2000,-77000,-75000
2012/07/18,0,0,-273000,-273000
2012/07/19,0,0,-318000,-318000
2012/07/20,0,0,-200000,-200000
2012/07/23,0,0,-222000,-222000
2012/07/24,0,50000,-537000,-487000
2012/07/25,0,0,0,0
2012/07/26,0,3000,0,3000
2012/07/27,0,70000,0,70000
2012/07/30,0,0,0,0
2012/07/31,0,0,0,0
2012/08/01,0,1000,0,1000
2012/08/02,0,0,0,0
2012/08/03,0,398000,0,398000
2012/08/06,0,30000,-1000,29000
2012/08/07,0,191000,-17000,174000
2012/08/08,0,41000,-4000,37000
2012/08/09,0,113000,-3000,110000
2012/08/10,0,0,-1000,-1000
2012/08/13,0,42000,-1000,41000
2012/08/14,0,0,-1000,-1000
2012/08/15,0,97000,-1000,96000
2012/08/16,0,253000,-1000,252000
2012/08/17,0,682303,0,682303
2012/08/20,0,25000,-1000,24000
2012/08/21,0,0,0,0
2012/08/22,0,181000,-1000,180000
2012/08/23,0,0,0,0
2012/08/24,0,0,0,0
2012/08/27,0,1000,0,1000
2012/08/28,0,110000,0,110000
2012/08/29,0,0,-4000,-4000
2012/08/30,0,0,0,0
2012/08/31,0,71000,-110000,-39000
2012/09/03,0,0,0,0
2012/09/04,0,0,0,0
2012/09/05,0,1000,-1000,0
2012/09/06,0,0,0,0
2012/09/07,0,1500,0,1500
2012/09/10,0,0,0,0
2012/09/11,0,0,-41000,-41000
2012/09/12,0,162000,-57000,105000
2012/09/13,0,0,-100000,-100000
2012/09/14,0,0,-50000,-50000
2012/09/17,0,500,-100000,-99500
2012/09/18,0,0,-441000,-441000
2012/09/19,0,0,-371000,-371000
2012/09/20,0,0,-290000,-290000
2012/09/21,0,114000,-160000,-46000
2012/09/24,0,1000,-134000,-133000
2012/09/25,0,0,0,0
2012/09/26,0,0,-139000,-139000
2012/09/27,0,6000,-70000,-64000
2012/09/28,0,1000,-20000,-19000
2012/10/01,0,0,0,0
2012/10/02,0,0,-30000,-30000
2012/10/03,0,0,-50000,-50000
2012/10/04,0,0,-320000,-320000
2012/10/05,0,0,0,0
2012/10/08,0,0,-136850,-136850
2012/10/09,0,0,-137280,-137280
2012/10/10,0,0,0,0
2012/10/11,0,0,-3000,-3000
2012/10/12,0,0,-200,-200
2012/10/15,0,0,0,0
2012/10/16,0,0,0,0
2012/10/17,0,20000,0,20000
2012/10/18,0,0,-60000,-60000
2012/10/19,0,0,0,0
2012/10/22,0,0,0,0
2012/10/23,0,500,-15020,-14520
2012/10/24,0,0,0,0
2012/10/25,0,0,0,0
2012/10/26,0,2000,0,2000
2012/10/29,0,650000,-899,649101
2012/10/30,0,100000,-40,99960
2012/10/31,0,185000,-54200,130800
2012/11/01,0,277000,0,277000
2012/11/02,0,170000,0,170000
2012/11/05,0,0,-30000,-30000
2012/11/06,0,0,-160000,-160000
2012/11/07,0,0,0,0
2012/11/08,0,0,-467000,-467000
2012/11/09,0,0,-100000,-100000
2012/11/12,0,0,-1000,-1000
2012/11/13,0,0,-133000,-133000
2012/11/14,0,0,-80000,-80000
2012/11/15,0,0,0,0
2012/11/16,0,0,-238000,-238000
2012/11/19,0,0,-119000,-119000
2012/11/20,0,0,0,0
2012/11/21,0,0,-181000,-181000
2012/11/22,0,256000,-1000,255000
2012/11/23,0,475000,-50000,425000
2012/11/26,0,0,0,0
2012/11/27,0,0,0,0
2012/11/28,0,0,-18120,-18120
2012/11/29,0,0,-21000,-21000
2012/11/30,0,0,-2000,-2000
2012/12/03,0,0,0,0
2012/12/04,0,0,-1000,-1000
2012/12/05,0,0,-74000,-74000
2012/12/06,0,500000,-26000,474000
2012/12/07,0,0,-80000,-80000
2012/12/10,0,7000,-21000,-14000
2012/12/11,0,1000000,0,1000000
2012/12/12,0,520000,0,520000
2012/12/13,0,1994000,-2100,1991900
2012/12/14,0,50000,0,50000
2012/12/17,0,110000,-20000,90000
2012/12/18,0,32000,0,32000
2012/12/19,0,0,0,0
2012/12/20,0,0,0,0
2012/12/21,0,220000,-285000,-65000
2012/12/24,0,300000,-137900,162100
2012/12/25,0,0,-100000,-100000
2012/12/26,0,0,-19000,-19000
2012/12/27,0,0,-150580,-150580
2012/12/28,0,0,-288000,-288000
2012/12/31,0,0,0,0
2013/01/01,0,0,0,0
2013/01/02,0,0,0,0
2013/01/03,0,382000,-1000,381000
2013/01/04,0,565000,-3000,562000
2013/01/07,0,174000,-33000,141000
2013/01/08,0,89000,-296600,-207600
2013/01/09,0,0,-745000,-745000
2013/01/10,0,40000,-651000,-611000
2013/01/11,0,0,-171250,-171250
2013/01/14,0,40000,0,40000
2013/01/15,0,0,0,0
2013/01/16,0,44000,-167000,-123000
2013/01/17,0,0,-6537,-6537
2013/01/18,0,0,0,0
2013/01/21,0,0,-2000,-2000
2013/01/22,0,50000,-27000,23000
2013/01/23,0,40000,-1000,39000
2013/01/24,0,1000,-1000,0
2013/01/25,0,0,-1000,-1000
2013/01/28,0,381000,0,381000
2013/01/29,0,1137000,0,1137000
2013/01/30,0,1651000,0,1651000
2013/01/31,0,1852000,-1000,1851000
2013/02/01,0,2337000,-304000,2033000
2013/02/04,0,2340000,-204955,2135045
2013/02/05,0,809000,0,809000
2013/02/06,0,1194000,-3000,1191000
2013/02/07,0,0,0,0
2013/02/08,0,0,0,0
2013/02/11,0,0,0,0
2013/02/12,0,0,0,0
2013/02/13,0,0,0,0
2013/02/14,0,0,0,0
2013/02/15,0,0,0,0
2013/02/18,0,1429000,-420000,1009000
2013/02/19,0,922000,-107000,815000
2013/02/20,0,589000,-125000,464000
2013/02/21,0,10000,-376000,-366000
2013/02/22,0,0,-259000,-259000
2013/02/25,0,215000,-229000,-14000
2013/02/26,0,40000,-59000,-19000
2013/02/27,0,180000,0,180000
2013/02/28,0,0,0,0
2013/03/01,0,945000,-256000,689000
2013/03/04,0,128000,0,128000
2013/03/05,0,60000,-210000,-150000
2013/03/06,0,581000,-729000,-148000
2013/03/07,0,169000,-277000,-108000
2013/03/08,0,555000,-62000,493000
2013/03/11,0,420000,-143000,277000
2013/03/12,0,700000,0,700000
2013/03/13,0,456000,-1873000,-1417000
2013/03/14,0,192000,-1794000,-1602000
2013/03/15,0,48000,-2065000,-2017000
2013/03/18,0,4000,-290000,-286000
2013/03/19,0,60000,-797000,-737000
2013/03/20,0,138000,0,138000
2013/03/21,0,157000,-52000,105000
2013/03/22,0,0,-1000,-1000
2013/03/25,0,0,0,0
2013/03/26,0,0,-812000,-812000
2013/03/27,0,3000,0,3000
2013/03/28,0,0,0,0
2013/03/29,0,0,-1000,-1000
2013/04/01,0,0,-1000,-1000
2013/04/02,0,0,0,0
2013/04/03,0,0,0,0
2013/04/04,0,0,0,0
2013/04/05,0,0,0,0
2013/04/08,0,0,0,0
2013/04/09,0,0,-161000,-161000
2013/04/10,0,150000,0,150000
2013/04/11,0,425000,-200000,225000
2013/04/12,0,663000,-201000,462000
2013/04/15,0,536000,-200000,336000
2013/04/16,0,349000,-317000,32000
2013/04/17,0,323000,-32000,291000
2013/04/18,0,132000,-36000,96000
2013/04/19,0,845155,0,845155
2013/04/22,0,2264000,0,2264000
2013/04/23,0,299000,-3000,296000
2013/04/24,0,316000,-34000,282000
2013/04/25,0,191000,-61000,130000
2013/04/26,0,642000,-1000,641000
2013/04/29,0,762000,-11000,751000
2013/04/30,0,2407000,0,2407000
2013/05/01,0,0,0,0
2013/05/02,0,617000,-1000,616000
2013/05/03,0,261000,-2000,259000
2013/05/06,0,262000,-27000,235000
2013/05/07,0,65000,-220000,-155000
2013/05/08,0,247000,-20000,227000
2013/05/09,0,350000,-408000,-58000
2013/05/10,0,0,-333000,-333000
2013/05/13,0,0,-52000,-52000
2013/05/14,0,80000,-1001000,-921000
2013/05/15,0,3000,-950000,-947000
2013/05/16,0,190000,-50000,140000
2013/05/17,0,90000,-1128000,-1038000
2013/05/20,0,0,-215000,-215000
2013/05/21,0,50000,-690000,-640000
2013/05/22,0,0,-73000,-73000
2013/05/23,0,0,-146000,-146000
2013/05/24,0,0,-1316000,-1316000
2013/05/27,0,0,-1293000,-1293000
2013/05/28,0,0,-533000,-533000
2013/05/29,0,0,-711000,-711000
2013/05/30,0,1000,-440000,-439000
2013/05/31,0,2000,-681000,-679000
2013/06/03,0,392000,-1228000,-836000
2013/06/04,0,0,-805000,-805000
2013/06/05,0,50000,-1869666,-1819666
2013/06/06,0,0,-1381000,-1381000
2013/06/07,0,0,-44000,-44000
2013/06/10,0,82000,-279000,-197000
2013/06/11,0,0,-581000,-581000
2013/06/12,0,0,0,0
2013/06/13,0,217000,-169000,48000
2013/06/14,0,172000,0,172000
2013/06/17,0,0,-250000,-250000
2013/06/18,0,0,-147000,-147000
2013/06/19,0,0,-223000,-223000
2013/06/20,0,0,0,0
2013/06/21,0,5000,-416000,-411000
2013/06/24,0,0,0,0
2013/06/25,0,0,-206000,-206000
2013/06/26,0,0,-2000,-2000
2013/06/27,0,43000,-90000,-47000
2013/06/28,0,1000,-482000,-481000
2013/07/01,0,30000,-21000,9000
2013/07/02,0,131000,-141000,-10000
2013/07/03,0,200000,0,200000
2013/07/04,0,151000,-714000,-563000
2013/07/05,0,185000,-195130,-10130
2013/07/08,0,0,-40000,-40000
2013/07/09,0,100000,-190000,-90000
2013/07/10,0,100000,-30000,70000
2013/07/11,0,100000,-1,99999
2013/07/12,0,0,-386000,-386000
2013/07/15,0,150000,0,150000
2013/07/16,0,100000,0,100000
2013/07/17,0,0,0,0
2013/07/18,0,1000,-237000,-236000
2013/07/19,0,0,-243000,-243000
2013/07/22,0,280000,0,280000
2013/07/23,0,446000,-217000,229000
2013/07/24,0,1000,0,1000
2013/07/25,0,0,-202000,-202000
2013/07/26,0,0,0,0
2013/07/29,0,0,0,0
2013/07/30,0,0,-173000,-173000
2013/07/31,0,0,0,0
2013/08/01,0,0,0,0
2013/08/02,0,200000,0,200000
2013/08/05,0,125000,-1000,124000
2013/08/06,0,143000,0,143000
2013/08/07,0,0,-300000,-300000
2013/08/08,0,0,-460000,-460000
2013/08/09,0,0,0,0
2013/08/12,0,0,0,0
2013/08/13,0,0,0,0
2013/08/14,0,0,0,0
2013/08/15,0,0,0,0
2013/08/16,0,2000,-2000,0
2013/08/19,0,1000,0,1000
2013/08/20,0,0,0,0
2013/08/21,0,0,0,0
2013/08/22,0,1000,-150000,-149000
2013/08/23,0,2000,-499000,-497000
2013/08/26,0,79000,0,79000
2013/08/27,0,23000,-81000,-58000
2013/08/28,0,26000,0,26000
2013/08/29,0,0,-356000,-356000
2013/08/30,0,1000,-890000,-889000
2013/09/02,0,0,-101000,-101000
2013/09/03,0,1205,-1000,205
2013/09/04,0,0,0,0
2013/09/05,0,82000,0,82000
2013/09/06,0,1000,0,1000
2013/09/09,0,0,0,0
2013/09/10,0,0,0,0
2013/09/11,0,3000,0,3000
2013/09/12,0,0,-255000,-255000
2013/09/13,0,2000,-7000,-5000
2013/09/16,0,0,0,0
2013/09/17,0,0,-116000,-116000
2013/09/18,0,233000,0,233000
2013/09/19,0,0,0,0
2013/09/20,0,0,0,0
2013/09/23,0,19000,-2000,17000
2013/09/24,0,6000,0,6000
2013/09/25,0,0,0,0
2013/09/26,0,1000,-165000,-164000
2013/09/27,0,38000,-5000,33000
2013/09/30,0,25000,-1000,24000
2013/10/01,0,25000,0,25000
2013/10/02,0,0,-1000,-1000
2013/10/03,0,1000,0,1000
2013/10/04,0,0,-221740,-221740
2013/10/07,0,0,-150000,-150000
2013/10/08,0,0,-102640,-102640
2013/10/09,0,100000,-101100,-1100
2013/10/10,0,0,0,0
2013/10/11,0,0,-100000,-100000
2013/10/14,0,50000,-190930,-140930
2013/10/15,0,0,-340000,-340000
2013/10/16,0,50000,0,50000
2013/10/17,0,0,0,0
2013/10/18,0,22000,-43530,-21530
2013/10/21,0,0,0,0
2013/10/22,0,0,-2000,-2000
2013/10/23,0,0,-40000,-40000
2013/10/24,0,0,-115000,-115000
2013/10/25,0,0,0,0
2013/10/28,0,0,-1000,-1000
2013/10/29,0,0,0,0
2013/10/30,0,0,-40000,-40000
2013/10/31,0,1000,-15000,-14000
2013/11/01,0,225000,-85160,139840
2013/11/04,0,83000,0,83000
2013/11/05,0,230000,0,230000
2013/11/06,0,236000,0,236000
2013/11/07,0,216000,0,216000
2013/11/08,0,38000,0,38000
2013/11/11,0,0,0,0
2013/11/12,0,266000,0,266000
2013/11/13,0,134000,0,134000
2013/11/14,0,83000,0,83000
2013/11/15,0,75000,0,75000
2013/11/18,0,0,0,0
2013/11/19,0,0,0,0
2013/11/20,0,0,0,0
2013/11/21,0,80000,-7000,73000
2013/11/22,0,22000,0,22000
2013/11/25,0,0,-28052,-28052
2013/11/26,0,0,0,0
2013/11/27,0,0,0,0
2013/11/28,0,0,0,0
2013/11/29,0,125000,0,125000
2013/12/02,0,0,0,0
2013/12/03,0,0,0,0
2013/12/04,0,136000,0,136000
2013/12/05,0,80000,0,80000
2013/12/06,0,70000,0,70000
2013/12/09,0,16000,0,16000
2013/12/10,0,2000,0,2000
2013/12/11,0,0,-1000,-1000
2013/12/12,0,115000,0,115000
2013/12/13,0,988000,0,988000
2013/12/16,0,717000,0,717000
2013/12/17,0,598000,-981000,-383000
2013/12/18,0,278000,-131000,147000
2013/12/19,0,410000,-160000,250000
2013/12/20,0,170000,-4480,165520
2013/12/23,0,187000,-18000,169000
2013/12/24,0,0,-2000,-2000
2013/12/25,0,0,-2000,-2000
2013/12/26,0,0,0,0
2013/12/27,0,595000,-78000,517000
2013/12/30,0,5000,0,5000
2013/12/31,0,0,-241240,-241240
2014/01/02,0,920000,-1000,919000
2014/01/03,0,208000,-500000,-292000
2014/01/06,0,100000,0,100000
2014/01/07,0,356000,0,356000
2014/01/08,0,715000,0,715000
2014/01/09,0,759000,0,759000
2014/01/10,0,799000,0,799000
2014/01/13,0,0,0,0
2014/01/14,0,0,0,0
2014/01/15,0,290000,0,290000
2014/01/16,0,292000,-1000,291000
2014/01/17,0,1282000,-80000,1202000
2014/01/20,0,2041000,-26000,2015000
2014/01/21,0,925000,-777000,148000
2014/01/22,0,871000,0,871000
2014/01/23,0,397000,-252000,145000
2014/01/24,0,125000,-1203000,-1078000
2014/01/27,0,90000,-460000,-370000
2014/02/05,0,90000,-463000,-373000
2014/02/06,0,0,-6000,-6000
2014/02/07,0,0,-410000,-410000
2014/02/10,0,0,-79000,-79000
2014/02/11,0,20000,0,20000
2014/02/12,0,0,-384000,-384000
2014/02/13,0,51000,-65000,-14000
2014/02/14,0,100594,0,100594
2014/02/17,0,55000,0,55000
2014/02/18,0,71000,-202000,-131000
2014/02/19,0,0,-515000,-515000
2014/02/20,0,0,-451000,-451000
2014/02/21,0,0,0,0
2014/02/24,0,0,-197000,-197000
2014/02/25,0,0,0,0
2014/02/26,0,0,-267000,-267000
2014/02/27,0,298000,-49000,249000
2014/03/03,0,0,-577000,-577000
2014/03/04,0,0,-328000,-328000
2014/03/05,0,0,-164000,-164000
2014/03/06,0,464000,-353000,111000
2014/03/07,0,359000,-120000,239000
2014/03/10,0,600000,-99000,501000
2014/03/11,0,60000,0,60000
2014/03/12,0,638000,-5000,633000
2014/03/13,0,0,-5000,-5000
2014/03/14,0,0,-1000,-1000
2014/03/17,0,0,0,0
2014/03/18,0,447000,0,447000
2014/03/19,0,389000,-30000,359000
2014/03/20,0,0,-210000,-210000
2014/03/21,0,143000,-1104000,-961000
2014/03/24,0,0,-275000,-275000
2014/03/25,0,35000,-25000,10000
2014/03/26,0,0,0,0
2014/03/27,0,0,-13000,-13000
2014/03/28,0,0,0,0
2014/03/31,0,0,-28000,-28000
2014/04/01,0,8000,0,8000
2014/04/02,0,0,-127000,-127000
2014/04/03,0,50000,-53320,-3320
2014/04/07,0,0,-2000,-2000
2014/04/08,0,0,-65000,-65000
2014/04/09,0,0,-201000,-201000
2014/04/10,0,0,-610325,-610325
2014/04/11,0,0,-493000,-493000
2014/04/14,0,0,0,0
2014/04/15,0,0,-130000,-130000
2014/04/16,0,0,-230000,-230000
2014/04/17,0,0,-80000,-80000
2014/04/18,0,550000,-80000,470000
2014/04/21,0,2000,-50000,-48000
2014/04/22,0,0,-82000,-82000
2014/04/23,0,0,0,0
2014/04/24,0,0,-230000,-230000
2014/04/25,0,0,0,0
2014/04/28,0,0,0,0
2014/04/29,0,0,0,0
2014/04/30,0,18000,-127000,-109000
2014/05/02,0,66000,-30000,36000
2014/05/05,0,0,-157000,-157000
2014/05/06,0,0,-168000,-168000
2014/05/07,0,0,-90000,-90000
2014/05/08,0,61000,-532000,-471000
2014/05/09,0,0,0,0
2014/05/12,0,0,0,0
2014/05/13,0,0,-1000,-1000
2014/05/14,0,0,0,0
2014/05/15,0,0,0,0
2014/05/16,0,0,-69000,-69000
2014/05/19,0,0,0,0
2014/05/20,0,0,0,0
2014/05/21,0,0,0,0
2014/05/22,0,25000,0,25000
2014/05/23,0,1103000,-195000,908000
2014/05/26,0,231000,-133000,98000
2014/05/27,0,63000,-54000,9000
2014/05/28,0,0,0,0
2014/05/29,0,598000,-2000,596000
2014/05/30,0,54000,0,54000
2014/06/03,0,0,-2000,-2000
2014/06/04,0,272000,0,272000
2014/06/05,0,153000,0,153000
2014/06/06,0,688000,0,688000
2014/06/09,0,357000,0,357000
2014/06/10,0,248000,-100000,148000
2014/06/11,0,8000,0,8000
2014/06/12,0,633000,-133000,500000
2014/06/13,0,47000,-173000,-126000
2014/06/16,0,58000,-3000,55000
2014/06/17,0,0,-64000,-64000
2014/06/18,0,5000,0,5000
2014/06/19,0,0,0,0
2014/06/20,0,8000,-41000,-33000
2014/06/23,0,0,-766000,-766000
2014/06/24,0,101000,-82000,19000
2014/06/25,0,0,0,0
2014/06/26,0,0,-614000,-614000
2014/06/27,0,0,-200000,-200000
2014/06/30,0,10000,-301000,-291000
2014/07/01,0,160000,-200000,-40000
2014/07/02,0,0,-596592,-596592
2014/07/03,0,220000,-71000,149000
2014/07/04,0,265000,0,265000
2014/07/07,0,14000,-712000,-698000
2014/07/08,0,50000,-51000,-1000
2014/07/09,0,0,-69000,-69000
2014/07/10,0,0,0,0
2014/07/11,0,0,-60000,-60000
2014/07/14,0,26000,0,26000
2014/07/15,0,0,0,0
2014/07/16,0,0,-717000,-717000
2014/07/17,0,2000,0,2000
2014/07/18,0,0,0,0
2014/07/21,0,0,0,0
2014/07/22,0,3000,0,3000
2014/07/23,0,0,0,0
2014/07/24,0,26000,0,26000
2014/07/25,0,560000,0,560000
2014/07/28,0,705000,0,705000
2014/07/29,0,851000,0,851000
2014/07/30,0,1019000,-25000,994000
2014/07/31,0,556000,0,556000
2014/08/01,0,159000,0,159000
2014/08/04,0,107000,0,107000
2014/08/05,0,634000,0,634000
2014/08/06,0,1000,0,1000
2014/08/07,0,280000,0,280000
2014/08/08,0,193000,0,193000
2014/08/11,0,486000,0,486000
2014/08/12,0,599000,-6000,593000
2014/08/13,0,102000,0,102000
2014/08/14,0,371000,0,371000
2014/08/15,0,151000,-115000,36000
2014/08/18,0,125000,-80000,45000
2014/08/19,0,66000,-110000,-44000
2014/08/20,0,11000,-30000,-19000
2014/08/21,0,21000,-40000,-19000
2014/08/22,0,150000,0,150000
2014/08/25,0,2000,0,2000
2014/08/26,0,0,0,0
2014/08/27,0,0,0,0
2014/08/28,0,4000,-5000,-1000
2014/08/29,0,0,-21000,-21000
2014/09/01,0,254000,0,254000
2014/09/02,0,584000,-20000,564000
2014/09/03,0,171000,-30000,141000
2014/09/04,0,202000,-185000,17000
2014/09/05,0,571000,-325000,246000
2014/09/09,0,200000,-160000,40000
2014/09/10,0,0,0,0
2014/09/11,0,274000,-1429000,-1155000
2014/09/12,0,584000,-1120000,-536000
2014/09/15,0,150000,-137000,13000
2014/09/16,0,0,-5000,-5000
2014/09/17,0,421000,0,421000
2014/09/18,0,338000,-50000,288000
2014/09/19,0,0,-396000,-396000
2014/09/22,0,4691,-285000,-280309
2014/09/23,0,0,-63000,-63000
2014/09/24,0,0,0,0
2014/09/25,0,11000,0,11000
2014/09/26,0,0,-50000,-50000
2014/09/29,0,100000,-175000,-75000
2014/09/30,0,3000,-40000,-37000
2014/10/01,0,0,-12000,-12000
2014/10/02,0,0,-1000,-1000
2014/10/03,0,0,-129000,-129000
2014/10/06,0,470000,-57000,413000
2014/10/07,0,0,-65000,-65000
2014/10/08,0,0,-12000,-12000
2014/10/09,0,41000,0,41000
2014/10/13,0,0,-708000,-708000
2014/10/14,0,180000,-66000,114000
2014/10/15,0,22000,0,22000
2014/10/16,0,0,-282000,-282000
2014/10/17,0,150000,0,150000
2014/10/20,0,317000,0,317000
2014/10/21,0,725000,-200000,525000
2014/10/22,0,402000,0,402000
2014/10/23,0,159000,0,159000
2014/10/24,0,214000,0,214000
2014/10/27,0,120000,0,120000
2014/10/28,0,90000,0,90000
2014/10/29,0,61000,-45000,16000
2014/10/30,0,0,-536740,-536740
2014/10/31,0,112000,-3501250,-3389250
2014/11/03,0,140000,-1186000,-1046000
2014/11/04,0,35000,-356000,-321000
2014/11/05,0,0,-33000,-33000
2014/11/06,0,100000,-900000,-800000
2014/11/07,0,0,-230000,-230000
2014/11/10,0,149000,0,149000
2014/11/11,0,138000,-42000,96000
2014/11/12,0,22000,0,22000
2014/11/13,0,20000,0,20000
2014/11/14,0,0,0,0
2014/11/17,0,20000,0,20000
2014/11/18,0,0,-2000,-2000
2014/11/19,0,0,0,0
2014/11/20,0,244000,0,244000
2014/11/21,0,40000,0,40000
2014/11/24,0,10000,0,10000
2014/11/25,0,37000,0,37000
2014/11/26,0,30000,0,30000
2014/11/27,0,57000,0,57000
2014/11/28,0,84000,-100000,-16000
2014/12/01,0,6000,0,6000
2014/12/02,0,10000,0,10000
2014/12/03,0,25000,-1000,24000
2014/12/04,0,0,0,0
2014/12/05,0,403000,-67000,336000
2014/12/08,0,0,0,0
2014/12/09,0,0,0,0
2014/12/10,0,20000,0,20000
2014/12/11,0,0,-155,-155
2014/12/12,0,3000,0,3000
2014/12/15,0,5000,0,5000
2014/12/16,0,0,-157000,-157000
2014/12/17,0,19000,0,19000
2014/12/18,0,3000,-178000,-175000
2014/12/19,0,0,-3000,-3000
2014/12/22,0,70000,-274000,-204000
2014/12/23,0,16000,0,16000
2014/12/24,0,22000,-120147,-98147
2014/12/25,0,0,-292000,-292000
2014/12/26,0,0,-304853,-304853
2014/12/29,0,15000,0,15000
2014/12/30,0,0,0,0
2014/12/31,0,1000,-30000,-29000
2015/01/01,0,0,0,0
2015/01/02,0,0,0,0
2015/01/05,0,0,-214000,-214000
2015/01/06,0,0,-56000,-56000
2015/01/07,0,0,0,0
2015/01/08,0,0,0,0
2015/01/09,0,0,-144000,-144000
2015/01/12,0,0,-66000,-66000
2015/01/13,0,0,-2000,-2000
2015/01/14,0,0,-6000,-6000
2015/01/15,0,0,-332000,-332000
2015/01/16,0,0,-280000,-280000
2015/01/19,0,0,0,0
2015/01/20,0,25000,-284000,-259000
2015/01/21,0,45000,0,45000
2015/01/22,0,18000,0,18000
2015/01/23,0,0,-6000,-6000
2015/01/26,0,0,-138000,-138000
2015/01/27,0,10000,0,10000
2015/01/28,0,18000,-25000,-7000
2015/01/29,0,24000,-2100000,-2076000
2015/01/30,0,0,-334000,-334000
2015/02/02,0,20000,-6000,14000
2015/02/03,0,20000,0,20000
2015/02/04,0,0,-160000,-160000
2015/02/05,0,18000,-80000,-62000
2015/02/06,0,0,0,0
2015/02/09,0,2000,-9000,-7000
2015/02/10,0,0,0,0
2015/02/11,0,0,-540000,-540000
2015/02/12,0,0,-50000,-50000
2015/02/13,0,1000,-46660,-45660
2015/02/16,0,0,0,0
2015/02/17,0,0,0,0
2015/02/18,0,0,0,0
2015/02/19,0,0,0,0
2015/02/20,0,0,0,0
2015/02/23,0,0,0,0
2015/02/24,0,0,-144000,-144000
2015/02/25,0,30000,-238000,-208000
2015/02/26,0,0,-138000,-138000
2015/02/27,0,0,0,0
2015/03/02,0,0,0,0
2015/03/03,0,0,0,0
2015/03/04,0,0,-6000,-6000
2015/03/05,0,0,-205790,-205790
2015/03/06,0,0,-1000,-1000
2015/03/09,0,25000,-1000,24000
2015/03/10,0,0,-25000,-25000
2015/03/11,0,0,-52000,-52000
2015/03/12,0,793,0,793
2015/03/13,0,116000,0,116000
2015/03/16,0,29000,0,29000
2015/03/17,0,0,-34000,-34000
2015/03/18,0,0,-45000,-45000
2015/03/19,0,0,-11000,-11000
2015/03/20,0,387000,-21000,366000
2015/03/23,0,27000,0,27000
2015/03/24,0,36000,-2000,34000
2015/03/25,0,0,0,0
2015/03/26,0,0,0,0
2015/03/27,0,0,-25000,-25000
2015/03/30,0,0,0,0
2015/03/31,0,0,-10000,-10000
2015/04/01,0,0,0,0
2015/04/02,0,0,0,0
2015/04/03,0,0,0,0
2015/04/06,0,0,0,0
2015/04/07,0,0,0,0
2015/04/08,0,0,-346000,-346000
2015/04/09,0,0,-391000,-391000
2015/04/10,0,0,-30000,-30000
2015/04/13,0,0,-254000,-254000
2015/04/14,0,0,-413000,-413000
2015/04/15,0,0,-46000,-46000
2015/04/16,0,0,0,0
2015/04/17,0,0,0,0
2015/04/20,0,0,-622000,-622000
2015/04/21,0,100000,-124000,-24000
2015/04/22,0,100000,0,100000
2015/04/23,0,0,0,0
2015/04/24,0,0,-202000,-202000
2015/04/27,0,0,-550000,-550000
2015/04/28,0,100000,0,100000
2015/04/29,0,142000,-60000,82000
2015/04/30,0,0,-203480,-203480
2015/05/01,0,0,0,0
2015/05/04,0,0,-112000,-112000
2015/05/05,0,0,0,0
2015/05/06,0,0,-107000,-107000
2015/05/07,0,0,-102000,-102000
2015/05/08,0,0,-1000,-1000
2015/05/11,0,15000,-250000,-235000
2015/05/12,0,0,-250000,-250000
2015/05/13,0,0,-143000,-143000
2015/05/14,0,70000,0,70000
2015/05/15,0,0,0,0
2015/05/18,0,0,0,0
2015/05/19,0,0,0,0
2015/05/20,0,0,0,0
2015/05/21,0,0,0,0
2015/05/22,0,0,0,0
2015/05/25,0,0,0,0
2015/05/26,0,0,0,0
2015/05/27,0,0,0,0
2015/05/28,0,0,-32000,-32000
2015/05/29,0,0,0,0
2015/06/01,0,0,0,0
2015/06/02,0,0,0,0
2015/06/03,0,30000,0,30000
2015/06/04,0,0,-269,-269
2015/06/05,0,0,-1000,-1000
2015/06/08,0,65000,-38000,27000
2015/06/09,0,0,-425000,-425000
2015/06/10,0,0,-217000,-217000
2015/06/11,0,0,0,0
2015/06/12,0,0,0,0
2015/06/15,0,0,0,0
2015/06/16,0,0,0,0
2015/06/17,0,0,0,0
2015/06/18,0,35000,0,35000
2015/06/19,0,0,0,0
2015/06/22,0,0,-4000,-4000
2015/06/23,0,0,0,0
2015/06/24,0,0,0,0
2015/06/25,0,0,0,0
2015/06/26,0,85000,0,85000
2015/06/29,0,0,0,0
2015/06/30,0,50000,0,50000
2015/07/01,0,0,0,0
2015/07/02,0,3000,0,3000
2015/07/03,0,0,0,0
2015/07/06,0,0,0,0
2015/07/07,0,0,0,0
2015/07/08,0,0,0,0
2015/07/09,0,0,-1000,-1000
2015/07/10,0,0,0,0
2015/07/13,0,0,-9000,-9000
2015/07/14,0,0,0,0
2015/07/15,0,3000,0,3000
2015/07/16,0,0,0,0
2015/07/17,0,14000,0,14000
2015/07/20,0,0,0,0
2015/07/21,0,0,-1000,-1000
2015/07/22,0,0,0,0
2015/07/23,0,0,0,0
2015/07/24,0,9000,0,9000
2015/07/27,0,0,0,0
2015/07/28,0,5000,0,5000
2015/07/29,0,1000,-433000,-432000
2015/07/30,0,1000,-29000,-28000
2015/07/31,0,0,0,0
2015/08/03,0,2000,-20000,-18000
2015/08/04,0,0,-20000,-20000
2015/08/05,0,0,-50000,-50000
2015/08/06,0,2000,0,2000
2015/08/07,0,12000,0,12000
2015/08/10,0,1000,-22000,-21000
2015/08/11,0,0,-29000,-29000
2015/08/12,0,191000,0,191000
2015/08/13,0,117000,0,117000
2015/08/14,0,26000,-170000,-144000
2015/08/17,0,1000,0,1000
2015/08/18,0,0,0,0
2015/08/19,0,0,0,0
2015/08/20,0,26000,0,26000
2015/08/21,0,0,0,0
2015/08/24,0,96000,0,96000
2015/08/25,0,86133,-43000,43133
2015/08/26,0,17000,0,17000
2015/08/27,0,86000,0,86000
2015/08/28,0,69000,0,69000
2015/08/31,0,6000,-3000,3000
2015/09/01,0,13000,-3000,10000
2015/09/02,0,0,-110000,-110000
2015/09/03,0,23000,0,23000
2015/09/04,0,50000,0,50000
2015/09/07,0,3000,-163000,-160000
2015/09/08,0,1000,0,1000
2015/09/09,0,35000,0,35000
2015/09/10,0,0,0,0
2015/09/11,0,140000,0,140000
2015/09/14,0,1000,0,1000
2015/09/15,0,0,0,0
2015/09/16,0,0,0,0
2015/09/17,0,0,0,0
2015/09/18,0,1543000,-1000,1542000
2015/09/21,0,62000,-1000,61000
2015/09/22,0,0,-674,-674
2015/09/23,0,0,0,0
2015/09/24,0,0,0,0
2015/09/25,0,0,-29000,-29000
2015/09/28,0,0,0,0
2015/09/29,0,0,0,0
2015/09/30,0,0,0,0
2015/10/01,0,200000,0,200000
2015/10/02,0,3000,0,3000
2015/10/05,0,362000,0,362000
2015/10/06,0,866000,0,866000
2015/10/07,0,861000,0,861000
2015/10/08,0,680000,0,680000
2015/10/09,0,0,0,0
2015/10/12,0,0,0,0
2015/10/13,0,153000,0,153000
2015/10/14,0,516000,-100000,416000
2015/10/15,0,589000,0,589000
2015/10/16,0,651000,0,651000
2015/10/19,0,1310000,0,1310000
2015/10/20,0,285000,0,285000
2015/10/21,0,200000,0,200000
2015/10/22,0,251000,0,251000
2015/10/23,0,1199000,-79000,1120000
2015/10/26,0,1062000,0,1062000
2015/10/27,0,791000,0,791000
2015/10/28,0,342000,-234000,108000
2015/10/29,0,1284000,0,1284000
2015/10/30,0,581000,0,581000
2015/11/02,0,318000,0,318000
2015/11/03,0,569000,-350000,219000
2015/11/04,0,257000,-1000,256000
2015/11/05,0,270000,0,270000
2015/11/06,0,1757000,-50000,1707000
2015/11/09,0,310000,-383000,-73000
2015/11/10,0,253000,0,253000
2015/11/11,0,400000,0,400000
2015/11/12,0,136000,0,136000
2015/11/13,0,85000,0,85000
2015/11/16,0,129000,0,129000
2015/11/17,0,47000,0,47000
2015/11/18,0,30000,0,30000
2015/11/19,0,227000,0,227000
2015/11/20,0,0,0,0
2015/11/23,0,0,-117000,-117000
2015/11/24,0,120000,-150000,-30000
2015/11/25,0,0,-37000,-37000
2015/11/26,0,0,0,0
2015/11/27,0,0,0,0
2015/11/30,0,168000,0,168000
2015/12/01,0,200000,-660000,-460000
2015/12/02,0,128000,0,128000
2015/12/03,0,723000,0,723000
2015/12/04,0,875000,0,875000
2015/12/07,0,926000,0,926000
2015/12/08,0,1234000,0,1234000
2015/12/09,0,462000,0,462000
2015/12/10,0,500000,0,500000
2015/12/11,0,286000,0,286000
2015/12/14,0,184019,0,184019
2015/12/15,0,450000,0,450000
2015/12/16,0,408000,0,408000
2015/12/17,0,1207000,0,1207000
2015/12/18,0,951000,0,951000
2015/12/21,0,942000,0,942000
2015/12/22,0,160000,0,160000
2015/12/23,0,200000,-50000,150000
2015/12/24,0,0,0,0
2015/12/25,0,236000,-50000,186000
2015/12/28,0,48000,0,48000
2015/12/29,0,197000,0,197000
2015/12/30,0,100000,-14000,86000
2015/12/31,0,100000,-140000,-40000
2016/01/01,0,0,0,0
2016/01/04,0,154000,-249000,-95000
2016/01/05,0,151000,-246000,-95000
2016/01/06,0,0,0,0
2016/01/07,0,720000,-20000,700000
2016/01/08,0,817000,0,817000
2016/01/11,0,226000,-90000,136000
2016/01/12,0,109000,0,109000
2016/01/13,0,4000,-20000,-16000
2016/01/14,0,0,0,0
2016/01/15,0,241000,-7000,234000
2016/01/18,0,87000,-1110000,-1023000
2016/01/19,0,20000,-71000,-51000
2016/01/20,0,0,-47000,-47000
2016/01/21,0,170000,-580000,-410000
2016/01/22,0,141000,-400000,-259000
2016/01/25,0,188000,-54000,134000
2016/01/26,0,247000,0,247000
2016/01/27,0,0,0,0
2016/01/28,0,351000,-430000,-79000
2016/01/29,0,70000,0,70000
2016/02/01,0,113000,0,113000
2016/02/02,0,130000,-203000,-73000
2016/02/03,0,195000,-485000,-290000
2016/02/04,0,0,0,0
2016/02/05,0,0,0,0
2016/02/08,0,0,0,0
2016/02/09,0,0,0,0
2016/02/10,0,0,0,0
2016/02/11,0,0,0,0
2016/02/12,0,0,0,0
2016/02/15,0,0,-225552,-225552
2016/02/16,0,0,-164000,-164000
2016/02/17,0,0,-809000,-809000
2016/02/18,0,0,-591000,-591000
2016/02/19,0,0,-689000,-689000
2016/02/22,0,0,-723000,-723000
2016/02/23,0,0,-688000,-688000
2016/02/24,0,60000,-873000,-813000
2016/02/25,0,0,0,0
2016/02/26,0,430000,-50000,380000
2016/02/29,0,0,0,0
2016/03/01,0,0,-30000,-30000
2016/03/02,0,0,-384000,-384000
2016/03/03,0,0,-196000,-196000
2016/03/04,0,0,-274025,-274025
2016/03/07,0,0,-49000,-49000
2016/03/08,0,9000,-190975,-181975
2016/03/09,0,0,-128000,-128000
2016/03/10,0,0,-20000,-20000
2016/03/11,0,105000,-242000,-137000
2016/03/14,0,150000,0,150000
2016/03/15,0,0,-15000,-15000
2016/03/16,0,420000,-344000,76000
2016/03/17,0,629000,-204000,425000
2016/03/18,0,868000,-2479000,-1611000
2016/03/21,0,774000,-26000,748000
2016/03/22,0,123000,-150000,-27000
2016/03/23,0,252000,0,252000
2016/03/24,0,155000,0,155000
2016/03/25,0,0,0,0
2016/03/28,0,0,0,0
2016/03/29,0,1000000,-1000,999000
2016/03/30,0,0,-25000,-25000
2016/03/31,0,50000,0,50000
2016/04/01,0,20000,-95000,-75000
2016/04/04,0,0,0,0
2016/04/05,0,0,0,0
2016/04/06,0,0,0,0
2016/04/07,0,107000,0,107000
2016/04/08,0,0,0,0
2016/04/11,0,70000,0,70000
2016/04/12,0,445000,-1000,444000
2016/04/13,0,60000,0,60000
2016/04/14,0,288000,0,288000
2016/04/15,0,311000,-4000,307000
2016/04/18,0,0,0,0
2016/04/19,0,268000,0,268000
2016/04/20,0,85000,0,85000
2016/04/21,0,0,0,0
2016/04/22,0,0,0,0
2016/04/25,0,0,0,0
2016/04/26,0,0,-110000,-110000
2016/04/27,0,1978000,0,1978000
2016/04/28,0,576000,-20000,556000
2016/04/29,0,276000,-20000,256000
2016/05/02,0,0,0,0
2016/05/03,0,101000,-1000,100000
2016/05/04,0,195000,-100000,95000
2016/05/05,0,27000,-115000,-88000
2016/05/06,0,0,-115000,-115000
2016/05/09,0,20000,0,20000
2016/05/10,0,303000,-50375,252625
2016/05/11,0,57000,-100000,-43000
2016/05/12,0,334000,-90000,244000
2016/05/13,0,14000,0,14000
2016/05/16,0,82000,-40000,42000
2016/05/17,0,12000,-60000,-48000
2016/05/18,0,25000,-80000,-55000
2016/05/19,0,99000,-204000,-105000
2016/05/20,0,0,-82000,-82000
2016/05/23,0,60000,-90000,-30000
2016/05/24,0,0,-3185000,-3185000
2016/05/25,0,24000,-6365000,-6341000
2016/05/26,0,15000,-705900,-690900
2016/05/27,0,0,-955000,-955000
2016/05/30,0,0,-596000,-596000
2016/05/31,0,0,-556000,-556000
2016/06/01,0,0,-223000,-223000
2016/06/02,0,0,-896000,-896000
2016/06/03,0,0,-462000,-462000
2016/06/06,0,0,-190000,-190000
2016/06/07,0,20000,-290000,-270000
2016/06/08,0,0,-105000,-105000
2016/06/09,0,0,0,0
2016/06/10,0,0,0,0
2016/06/13,0,0,-467000,-467000
2016/06/14,0,0,-97000,-97000
2016/06/15,0,0,-230000,-230000
2016/06/16,0,0,0,0
2016/06/17,0,34000,-88000,-54000
2016/06/20,0,10000,0,10000
2016/06/21,0,0,0,0
2016/06/22,0,50000,-204000,-154000
2016/06/23,0,0,0,0
2016/06/24,0,0,-210000,-210000
2016/06/27,0,55000,-117000,-62000
2016/06/28,0,423000,-212000,211000
2016/06/29,0,692000,-283000,409000
2016/06/30,0,17000,-95000,-78000
2016/07/01,0,15000,-230000,-215000
2016/07/04,0,0,-370000,-370000
2016/07/05,0,0,-177000,-177000
2016/07/06,0,0,-180000,-180000
2016/07/07,0,14000,-55000,-41000
2016/07/08,0,0,0,0
2016/07/11,0,2464000,0,2464000
2016/07/12,0,560000,-96000,464000
2016/07/13,0,7000,-115000,-108000
2016/07/14,0,188000,-159000,29000
2016/07/15,0,45000,-25000,20000
2016/07/18,0,115000,-173000,-58000
2016/07/19,0,46000,0,46000
2016/07/20,0,10000,-59000,-49000
2016/07/21,0,0,-4000,-4000
2016/07/22,0,0,-37000,-37000
2016/07/25,0,47000,-23000,24000
2016/07/26,0,9000,0,9000
2016/07/27,0,858000,-338000,520000
2016/07/28,0,135000,-10000,125000
2016/07/29,0,20057,-23000,-2943
2016/08/01,0,6000,-20000,-14000
2016/08/02,0,0,-44000,-44000
2016/08/03,0,0,-152000,-152000
2016/08/04,0,36000,-20000,16000
2016/08/05,0,0,-11000,-11000
2016/08/08,0,58000,-78000,-20000
2016/08/09,0,4000,-6000,-2000
2016/08/10,0,0,-55000,-55000
2016/08/11,0,20000,-20000,0
2016/08/12,0,7000,-1000,6000
2016/08/15,0,157000,0,157000
2016/08/16,0,0,-72000,-72000
2016/08/17,0,2000,0,2000
2016/08/18,0,0,-11000,-11000
2016/08/19,0,8000,-29000,-21000
2016/08/22,0,0,-512000,-512000
2016/08/23,0,3000,-66000,-63000
2016/08/24,0,0,-832000,-832000
2016/08/25,0,1000,-130000,-129000
2016/08/26,0,1000,-100000,-99000
2016/08/29,0,3000,-47000,-44000
2016/08/30,0,5000,-150000,-145000
2016/08/31,0,0,0,0
2016/09/01,0,0,-576000,-576000
2016/09/02,0,108000,-185000,-77000
2016/09/05,0,31000,-123000,-92000
2016/09/06,0,0,-449000,-449000
2016/09/07,0,0,-451000,-451000
2016/09/08,0,0,-160000,-160000
2016/09/09,0,0,-30000,-30000
2016/09/12,0,0,-45000,-45000
2016/09/13,0,0,-1201000,-1201000
2016/09/14,0,0,-707744,-707744
2016/09/15,0,0,0,0
2016/09/16,0,0,0,0
2016/09/19,0,0,0,0
2016/09/20,0,0,-24000,-24000
2016/09/21,0,0,-1119000,-1119000
2016/09/22,0,0,-256000,-256000
2016/09/23,0,10000,-52000,-42000
2016/09/26,0,0,-101000,-101000
2016/09/27,0,0,0,0
2016/09/28,0,0,0,0
2016/09/29,0,0,-598000,-598000
2016/09/30,0,300212,-656000,-355788
2016/10/03,0,463000,0,463000
2016/10/04,0,413000,0,413000
2016/10/05,0,40000,-221100,-181100
2016/10/06,0,87000,-173000,-86000
2016/10/07,0,62000,-30000,32000
2016/10/10,0,0,0,0
2016/10/11,0,307000,-97000,210000
2016/10/12,0,353000,0,353000
2016/10/13,0,177000,0,177000
2016/10/14,0,0,0,0
2016/10/17,0,0,-60000,-60000
2016/10/18,0,276000,-244000,32000
2016/10/19,0,166000,-1178000,-1012000
2016/10/20,0,96000,-501000,-405000
2016/10/21,0,24000,-58000,-34000
2016/10/24,0,0,0,0
2016/10/25,0,49000,0,49000
2016/10/26,0,0,0,0
2016/10/27,0,0,-16000,-16000
2016/10/28,0,0,0,0
2016/10/31,0,88000,0,88000
2016/11/01,0,200000,0,200000
2016/11/02,0,70245,0,70245
2016/11/03,0,124000,0,124000
2016/11/04,0,494300,-94000,400300
2016/11/07,0,11000,0,11000
2016/11/08,0,0,0,0
2016/11/09,0,336000,0,336000
2016/11/10,0,230000,0,230000
2016/11/11,0,109000,0,109000
2016/11/14,0,50000,0,50000
2016/11/15,0,200000,-82000,118000
2016/11/16,0,0,0,0
2016/11/17,0,100000,0,100000
2016/11/18,0,10000,0,10000
2016/11/21,0,191000,-25000,166000
2016/11/22,0,101000,-25000,76000
2016/11/23,0,123000,-195000,-72000
2016/11/24,0,0,0,0
2016/11/25,0,0,0,0
2016/11/28,0,0,-372000,-372000
2016/11/29,0,102400,-634000,-531600
2016/11/30,0,0,-5000,-5000
2016/12/01,0,200000,-648000,-448000
2016/12/02,0,395000,-600000,-205000
2016/12/05,0,0,-169000,-169000
2016/12/06,0,0,-99000,-99000
2016/12/07,0,0,-376000,-376000
2016/12/08,0,144000,0,144000
2016/12/09,0,0,0,0
2016/12/12,0,60000,0,60000
2016/12/13,0,11000,0,11000
2016/12/14,0,8000,0,8000
2016/12/15,0,0,0,0
2016/12/16,0,0,-22000,-22000
2016/12/19,0,0,0,0
2016/12/20,0,0,0,0
2016/12/21,0,134000,0,134000
2016/12/22,0,0,0,0
2016/12/23,0,8000,0,8000
2016/12/26,0,6000,0,6000
2016/12/27,0,34000,0,34000
2016/12/28,0,0,0,0
2016/12/29,0,0,0,0
2016/12/30,0,10000,0,10000
2017/01/02,0,0,0,0
2017/01/03,0,0,0,0
2017/01/04,0,8000,-227000,-219000
2017/01/05,0,20000,-267000,-247000
2017/01/06,0,0,-66000,-66000
2017/01/09,0,0,-150000,-150000
2017/01/10,0,0,-340000,-340000
2017/01/11,0,29000,0,29000
2017/01/12,0,247000,0,247000
2017/01/13,0,0,-28000,-28000
2017/01/16,0,13000,-28000,-15000
2017/01/17,0,142000,-28000,114000
2017/01/18,0,114000,-28000,86000
2017/01/19,0,185000,-54000,131000
2017/01/20,0,60000,-70000,-10000
2017/01/23,0,44000,-28005,15995
2017/01/24,0,0,-89000,-89000
2017/01/25,0,0,0,0
2017/01/26,0,0,0,0
2017/01/27,0,0,0,0
2017/01/30,0,0,0,0
2017/01/31,0,0,0,0
2017/02/01,0,0,0,0
2017/02/02,0,15000,-68000,-53000
2017/02/03,0,4000,-30000,-26000
2017/02/06,0,26000,-234000,-208000
2017/02/07,0,0,0,0
2017/02/08,0,0,-400,-400
2017/02/09,0,1823000,-891000,932000
2017/02/10,0,47000,-246000,-199000
2017/02/13,0,0,-60000,-60000
2017/02/14,0,0,-45000,-45000
2017/02/15,0,14000,-160000,-146000
2017/02/16,0,0,-146000,-146000
2017/02/17,0,0,-112000,-112000
2017/02/20,0,0,0,0
2017/02/21,0,0,-115000,-115000
2017/02/22,0,0,-97000,-97000
2017/02/23,0,0,-50000,-50000
2017/02/24,0,45000,-35000,10000
2017/02/27,0,0,0,0
2017/02/28,0,0,0,0
2017/03/01,0,0,-104000,-104000
2017/03/02,0,0,-196000,-196000
2017/03/03,0,0,-20000,-20000
2017/03/06,0,0,-25000,-25000
2017/03/07,0,0,0,0
2017/03/08,0,40000,0,40000
2017/03/09,0,0,-329000,-329000
2017/03/10,0,8000,-5000,3000
2017/03/13,0,200000,0,200000
2017/03/14,0,100000,0,100000
2017/03/15,0,12000,-1000,11000
2017/03/16,0,212000,-322000,-110000
2017/03/17,0,0,-377000,-377000
2017/03/20,0,21000,0,21000
2017/03/21,0,23000,-269000,-246000
2017/03/22,0,0,0,0
2017/03/23,0,0,-120000,-120000
2017/03/24,0,0,-89000,-89000
2017/03/27,0,0,-2000,-2000
2017/03/28,0,22000,0,22000
2017/03/29,0,14000,0,14000
2017/03/30,0,14000,-390000,-376000
2017/03/31,0,0,0,0
2017/04/03,0,0,0,0
2017/04/04,0,0,0,0
2017/04/05,0,20000,0,20000
2017/04/06,0,307000,0,307000
2017/04/07,0,0,-33000,-33000
2017/04/10,0,20000,0,20000
2017/04/11,0,10000,-90000,-80000
2017/04/12,0,0,-38000,-38000
2017/04/13,0,0,0,0
2017/04/14,0,0,-103000,-103000
2017/04/17,0,0,-251000,-251000
2017/04/18,0,6000,-429000,-423000
2017/04/19,0,0,0,0
2017/04/20,0,6000,-641000,-635000
2017/04/21,0,25000,0,25000
2017/04/24,0,0,-13000,-13000
2017/04/25,0,73,-200000,-199927
2017/04/26,0,0,-270000,-270000
2017/04/27,0,0,-262000,-262000
2017/04/28,0,0,-38000,-38000
2017/05/01,0,0,0,0
2017/05/02,0,0,-38000,-38000
2017/05/03,0,0,0,0
2017/05/04,0,26083,-28400,-2317
2017/05/05,0,0,-130236,-130236
2017/05/08,0,0,-188000,-188000
2017/05/09,0,86000,-200000,-114000
2017/05/10,0,10000,-200000,-190000
2017/05/11,0,0,0,0
2017/05/12,0,0,-119000,-119000
2017/05/15,0,0,-272000,-272000
2017/05/16,0,12000,-24000,-12000
2017/05/17,0,20000,0,20000
2017/05/18,0,0,-35000,-35000
2017/05/19,0,0,0,0
2017/05/22,0,0,-56000,-56000
2017/05/23,0,0,-190000,-190000
2017/05/24,0,0,-108000,-108000
2017/05/25,0,20000,0,20000
2017/05/26,0,0,-88000,-88000
2017/05/29,0,0,0,0
2017/05/30,0,0,0,0
2017/05/31,0,5000,0,5000
2017/06/01,0,0,0,0
2017/06/02,0,0,0,0
2017/06/05,0,0,-26000,-26000
2017/06/06,0,30000,-40000,-10000
2017/06/07,0,0,0,0
2017/06/08,0,0,0,0
2017/06/09,0,0,0,0
2017/06/12,0,0,0,0
2017/06/13,0,97000,-4000,93000
2017/06/14,0,0,0,0
2017/06/15,0,0,-29000,-29000
2017/06/16,0,0,-30000,-30000
2017/06/19,0,0,-16000,-16000
2017/06/20,0,0,-60573,-60573
2017/06/21,0,0,0,0
2017/06/22,0,15000,0,15000
2017/06/23,0,0,-17000,-17000
2017/06/26,0,0,-12000,-12000
2017/06/27,0,0,0,0
2017/06/28,0,0,-2569,-2569
2017/06/29,0,0,-2000,-2000
2017/06/30,0,1000,0,1000
2017/07/03,0,0,0,0
2017/07/04,0,0,0,0
2017/07/05,0,0,0,0
2017/07/06,0,0,0,0
2017/07/07,0,0,0,0
2017/07/10,0,0,0,0
2017/07/11,0,0,0,0
2017/07/12,0,0,-581,-581
2017/07/13,0,0,0,0
2017/07/14,0,0,0,0
2017/07/17,0,55000,-53,54947
2017/07/18,0,20000,0,20000
2017/07/19,0,0,-95000,-95000
2017/07/20,0,0,-92000,-92000
2017/07/21,0,0,0,0
2017/07/24,0,0,0,0
2017/07/25,0,30000,0,30000
2017/07/26,0,30000,0,30000
2017/07/27,0,11000,-185000,-174000
2017/07/28,0,0,-301000,-301000
2017/07/31,0,0,-180000,-180000
2017/08/01,0,20000,-76000,-56000
2017/08/02,0,18000,-30000,-12000
2017/08/03,0,10000,0,10000
2017/08/04,0,0,-27000,-27000
2017/08/07,0,10000,-200000,-190000
2017/08/08,0,0,0,0
2017/08/09,0,10000,0,10000
2017/08/10,0,0,0,0
2017/08/11,0,0,0,0
2017/08/14,0,0,0,0
2017/08/15,0,0,0,0
2017/08/16,0,0,0,0
2017/08/17,0,0,-80000,-80000
2017/08/18,0,0,0,0
