Date,Open,Buy,Sell,Total
2007/04/23,0,112000,-60000,52000
2007/04/24,0,6000,-42000,-36000
2007/04/25,0,11000,-45421,-34421
2007/04/26,0,16000,-329000,-313000
2007/04/27,0,52000,-73000,-21000
2007/04/30,0,50000,-63000,-13000
2007/05/01,0,0,0,0
2007/05/02,0,0,-90000,-90000
2007/05/03,0,0,-19000,-19000
2007/05/04,0,200000,-25370,174630
2007/05/07,0,54000,-12000,42000
2007/05/08,0,1000,-40000,-39000
2007/05/09,0,403000,-15000,388000
2007/05/10,0,203000,-155000,48000
2007/05/11,0,3000,-58000,-55000
2007/05/14,0,0,-17000,-17000
2007/05/15,0,11000,-3000,8000
2007/05/16,0,0,-12000,-12000
2007/05/17,0,100000,-212000,-112000
2007/05/18,0,0,-12000,-12000
2007/05/21,0,35000,-1000,34000
2007/05/22,0,136000,-8000,128000
2007/05/23,0,6000,-16000,-10000
2007/05/24,0,8000,-313000,-305000
2007/05/25,0,34000,-320000,-286000
2007/05/28,0,83000,-33000,50000
2007/05/29,0,61000,-52000,9000
2007/05/30,0,33000,-19000,14000
2007/05/31,0,25000,0,25000
2007/06/01,0,13000,-10000,3000
2007/06/04,0,5000,-34304,-29304
2007/06/05,0,485000,-49000,436000
2007/06/06,0,108000,-56000,52000
2007/06/07,0,30000,-9000,21000
2007/06/08,0,15000,-26000,-11000
2007/06/11,0,30000,-29000,1000
2007/06/12,0,16000,-31000,-15000
2007/06/13,0,110000,-15000,95000
2007/06/14,0,164000,-38000,126000
2007/06/15,0,31000,-4000,27000
2007/06/18,0,0,0,0
2007/06/19,0,0,0,0
2007/06/20,0,875000,-80000,795000
2007/06/21,0,236000,-19000,217000
2007/06/22,0,598000,-700000,-102000
2007/06/25,0,718000,-82000,636000
2007/06/26,0,43000,-55000,-12000
2007/06/27,0,81000,-45000,36000
2007/06/28,0,15000,-319000,-304000
2007/06/29,0,30000,-322000,-292000
2007/07/02,0,0,-112000,-112000
2007/07/03,0,48000,-35000,13000
2007/07/04,0,154000,-10000,144000
2007/07/05,0,245000,-26000,219000
2007/07/06,0,1160000,-1502000,-342000
2007/07/09,0,1650000,-1210000,440000
2007/07/10,0,1584000,-1686000,-102000
2007/07/11,0,667000,-773120,-106120
2007/07/12,0,395000,-239000,156000
2007/07/13,0,209000,-19107,189893
2007/07/16,0,150000,-254466,-104466
2007/07/17,0,127000,-80000,47000
2007/07/18,0,20000,-704000,-684000
2007/07/19,0,91000,-324996,-233996
2007/07/20,0,1395000,-183432,1211568
2007/07/23,0,216000,-349000,-133000
2007/07/24,0,134000,-188000,-54000
2007/07/25,0,160000,-74000,86000
2007/07/26,0,70000,-491000,-421000
2007/07/27,0,8000,-1012000,-1004000
2007/07/30,0,127000,-1271000,-1144000
2007/07/31,0,718000,-328000,390000
2007/08/01,0,996000,-378000,618000
2007/08/02,0,130000,-235826,-105826
2007/08/03,0,1118000,-236000,882000
2007/08/06,0,1195000,-253000,942000
2007/08/07,0,1121000,-125000,996000
2007/08/08,0,1352000,-893000,459000
2007/08/09,0,935000,-480856,454144
2007/08/10,0,1044000,-287000,757000
2007/08/13,0,3971000,-418000,3553000
2007/08/14,0,1197000,-1126000,71000
2007/08/15,0,978000,-1284000,-306000
2007/08/16,0,1167000,-1986000,-819000
2007/08/17,0,1793000,-763000,1030000
2007/08/20,0,1450000,-1027000,423000
2007/08/21,0,340000,-976000,-636000
2007/08/22,0,490000,-109000,381000
2007/08/23,0,1623000,-1817000,-194000
2007/08/24,0,5848000,-1407000,4441000
2007/08/27,0,219000,-3461000,-3242000
2007/08/28,0,110000,-892000,-782000
2007/08/29,0,171000,-678000,-507000
2007/08/30,0,249000,-1872000,-1623000
2007/08/31,0,915000,-286000,629000
2007/09/03,0,251000,-124000,127000
2007/09/04,0,78000,-96000,-18000
2007/09/05,0,378000,-157000,221000
2007/09/06,0,726000,-462000,264000
2007/09/07,0,854000,-180000,674000
2007/09/10,0,2000,-505000,-503000
2007/09/11,0,5000,-248000,-243000
2007/09/12,0,102000,-163000,-61000
2007/09/13,0,111000,-392000,-281000
2007/09/14,0,113000,-170000,-57000
2007/09/17,0,222000,-1455000,-1233000
2007/09/18,0,0,0,0
2007/09/19,0,134000,-1423000,-1289000
2007/09/20,0,60000,-253000,-193000
2007/09/21,0,144000,-223000,-79000
2007/09/24,0,0,0,0
2007/09/25,0,0,0,0
2007/09/26,0,270000,-504000,-234000
2007/09/27,0,530000,-486000,44000
2007/09/28,0,180000,-285000,-105000
2007/10/01,0,202000,-134000,68000
2007/10/02,0,277000,-41000,236000
2007/10/03,0,197000,-88000,109000
2007/10/04,0,204000,-235000,-31000
2007/10/05,0,120000,-68220,51780
2007/10/08,0,21000,-147004,-126004
2007/10/09,0,80000,-213860,-133860
2007/10/10,0,0,0,0
2007/10/11,0,6000,-87000,-81000
2007/10/12,0,130000,-557000,-427000
2007/10/15,0,35000,-278240,-243240
2007/10/16,0,40000,-1121000,-1081000
2007/10/17,0,198000,-106000,92000
2007/10/18,0,651000,-103000,548000
2007/10/19,0,1280000,-270000,1010000
2007/10/22,0,206000,-454000,-248000
2007/10/23,0,2113000,-238000,1875000
2007/10/24,0,488000,-1536000,-1048000
2007/10/25,0,596000,-277000,319000
2007/10/26,0,1943000,-324000,1619000
2007/10/29,0,2025000,-650000,1375000
2007/10/30,0,4437000,-655000,3782000
2007/10/31,0,688000,-2683000,-1995000
2007/11/01,0,284000,-1125000,-841000
2007/11/02,0,198000,-2637000,-2439000
2007/11/05,0,162000,-348000,-186000
2007/11/06,0,578000,-351000,227000
2007/11/07,0,80000,-263000,-183000
2007/11/08,0,261000,-2366000,-2105000
2007/11/09,0,220000,-2307000,-2087000
2007/11/12,0,225000,-286000,-61000
2007/11/13,0,771000,-241000,530000
2007/11/14,0,1189000,-105000,1084000
2007/11/15,0,278000,-113000,165000
2007/11/16,0,375000,-1192000,-817000
2007/11/19,0,119000,-588000,-469000
2007/11/20,0,173000,-1281000,-1108000
2007/11/21,0,97000,-460000,-363000
2007/11/22,0,188000,-917000,-729000
2007/11/23,0,24000,-1008000,-984000
2007/11/26,0,158000,-292000,-134000
2007/11/27,0,188000,-1238000,-1050000
2007/11/28,0,22000,-664000,-642000
2007/11/29,0,358000,-69000,289000
2007/11/30,0,24000,-126000,-102000
2007/12/03,0,10000,-233000,-223000
2007/12/04,0,111000,-110000,1000
2007/12/05,0,20000,-150000,-130000
2007/12/06,0,35000,-76000,-41000
2007/12/07,0,480000,-41000,439000
2007/12/10,0,39000,-370000,-331000
2007/12/11,0,50000,-66000,-16000
2007/12/12,0,156000,-379000,-223000
2007/12/13,0,67000,-597000,-530000
2007/12/14,0,158000,-754000,-596000
2007/12/17,0,158000,-388000,-230000
2007/12/18,0,267000,-228280,38720
2007/12/19,0,41000,-345000,-304000
2007/12/20,0,38000,-224000,-186000
2007/12/21,0,124000,-457000,-333000
2007/12/24,0,148000,-128000,20000
2007/12/25,0,66000,-26000,40000
2007/12/26,0,61000,-40000,21000
2007/12/27,0,211000,-128000,83000
2007/12/28,0,137000,-83000,54000
2007/12/31,0,22000,-17000,5000
2008/01/01,0,0,0,0
2008/01/02,0,108000,-177000,-69000
2008/01/03,0,90000,-199832,-109832
2008/01/04,0,72000,-227000,-155000
2008/01/07,0,181000,-354000,-173000
2008/01/08,0,49000,-142000,-93000
2008/01/09,0,104000,-340000,-236000
2008/01/10,0,100000,-43000,57000
2008/01/11,0,144000,-10000,134000
2008/01/14,0,107000,-57000,50000
2008/01/15,0,307000,-156000,151000
2008/01/16,0,78000,-136000,-58000
2008/01/17,0,82000,-73000,9000
2008/01/18,0,62000,-44000,18000
2008/01/21,0,1000,-9000,-8000
2008/01/22,0,79000,-435000,-356000
2008/01/23,0,97000,-68000,29000
2008/01/24,0,72000,-71000,1000
2008/01/25,0,372000,-45000,327000
2008/01/28,0,21000,-344000,-323000
2008/01/29,0,51000,-36000,15000
2008/01/30,0,34000,-104000,-70000
2008/01/31,0,31000,-33000,-2000
2008/02/01,0,40000,-2000,38000
2008/02/04,0,0,0,0
2008/02/05,0,0,0,0
2008/02/06,0,0,0,0
2008/02/07,0,0,0,0
2008/02/08,0,0,0,0
2008/02/11,0,0,0,0
2008/02/12,0,21000,-49000,-28000
2008/02/13,0,14000,-14000,0
2008/02/14,0,65000,-30000,35000
2008/02/15,0,56000,-17256,38744
2008/02/18,0,12000,-28000,-16000
2008/02/19,0,19000,-18000,1000
2008/02/20,0,17000,-21000,-4000
2008/02/21,0,489000,-16000,473000
2008/02/22,0,99000,-34000,65000
2008/02/25,0,64000,-191462,-127462
2008/02/26,0,7000,-379000,-372000
2008/02/27,0,19000,-357688,-338688
2008/02/28,0,0,0,0
2008/02/29,0,27000,-44000,-17000
2008/03/03,0,81000,-23266,57734
2008/03/04,0,18000,-53000,-35000
2008/03/05,0,113000,-8000,105000
2008/03/06,0,278000,-7532,270468
2008/03/07,0,165000,-22000,143000
2008/03/10,0,88000,-76000,12000
2008/03/11,0,92000,-29000,63000
2008/03/12,0,128000,-112497,15503
2008/03/13,0,132000,-62523,69477
2008/03/14,0,80000,-41000,39000
2008/03/17,0,239000,-68000,171000
2008/03/18,0,151000,-23000,128000
2008/03/19,0,79000,-38964,40036
2008/03/20,0,298000,-14000,284000
2008/03/21,0,554000,-37000,517000
2008/03/24,0,166000,-245000,-79000
2008/03/25,0,44000,-133000,-89000
2008/03/26,0,68000,-73000,-5000
2008/03/27,0,36000,-436000,-400000
2008/03/28,0,123000,-25000,98000
2008/03/31,0,102000,-113000,-11000
2008/04/01,0,96000,-73000,23000
2008/04/02,0,195000,-62000,133000
2008/04/03,0,139000,-58000,81000
2008/04/04,0,0,0,0
2008/04/07,0,161000,-20000,141000
2008/04/08,0,6000,-204000,-198000
2008/04/09,0,29000,-62000,-33000
2008/04/10,0,124000,-96000,28000
2008/04/11,0,450000,-284000,166000
2008/04/14,0,4000,-65607,-61607
2008/04/15,0,3000,-25000,-22000
2008/04/16,0,453000,-61000,392000
2008/04/17,0,204000,-341000,-137000
2008/04/18,0,32000,-62000,-30000
2008/04/21,0,108000,-16000,92000
2008/04/22,0,100000,-476000,-376000
2008/04/23,0,126000,-71000,55000
2008/04/24,0,50000,-82000,-32000
2008/04/25,0,34000,-44000,-10000
2008/04/28,0,65000,-59000,6000
2008/04/29,0,169000,-20000,149000
2008/04/30,0,468000,-434000,34000
2008/05/01,0,0,0,0
2008/05/02,0,302000,-172000,130000
2008/05/05,0,168000,-63000,105000
2008/05/06,0,286000,-23000,263000
2008/05/07,0,508000,-136000,372000
2008/05/08,0,724000,-37000,687000
2008/05/09,0,177000,-390000,-213000
2008/05/12,0,198000,-7312,190688
2008/05/13,0,92000,-160000,-68000
2008/05/14,0,318000,-27000,291000
2008/05/15,0,355000,-6000,349000
2008/05/16,0,113000,-55335,57665
2008/05/19,0,120000,-51000,69000
2008/05/20,0,83000,-317000,-234000
2008/05/21,0,77000,-86000,-9000
2008/05/22,0,74000,-130000,-56000
2008/05/23,0,40000,-124000,-84000
2008/05/26,0,461000,-44000,417000
2008/05/27,0,83000,-106840,-23840
2008/05/28,0,88000,-102000,-14000
2008/05/29,0,65000,-59000,6000
2008/05/30,0,250000,-259000,-9000
2008/06/02,0,26000,-214000,-188000
2008/06/03,0,32441,-121000,-88559
2008/06/04,0,40000,-46000,-6000
2008/06/05,0,289000,-18000,271000
2008/06/06,0,108000,-155000,-47000
2008/06/09,0,8000,-44000,-36000
2008/06/10,0,42000,-352000,-310000
2008/06/11,0,244000,-50000,194000
2008/06/12,0,104000,-770000,-666000
2008/06/13,0,49000,-635000,-586000
2008/06/16,0,279000,-220000,59000
2008/06/17,0,134000,-60000,74000
2008/06/18,0,147000,-435000,-288000
2008/06/19,0,86000,-53000,33000
2008/06/20,0,79000,-69000,10000
2008/06/23,0,589000,-19000,570000
2008/06/24,0,79000,-110000,-31000
2008/06/25,0,416000,-221000,195000
2008/06/26,0,191000,-289000,-98000
2008/06/27,0,157000,-186000,-29000
2008/06/30,0,233000,-30000,203000
2008/07/01,0,76000,-38000,38000
2008/07/02,0,266000,-552000,-286000
2008/07/03,0,816000,-36000,780000
2008/07/04,0,82000,-417000,-335000
2008/07/07,0,476000,-140000,336000
2008/07/08,0,188000,-468000,-280000
2008/07/09,0,243000,-232000,11000
2008/07/10,0,163000,-61000,102000
2008/07/11,0,83000,-43000,40000
2008/07/14,0,40000,-81000,-41000
2008/07/15,0,171000,-314000,-143000
2008/07/16,0,62000,-141000,-79000
2008/07/17,0,368000,-113000,255000
2008/07/18,0,160000,-259160,-99160
2008/07/21,0,243000,-98000,145000
2008/07/22,0,344000,-42000,302000
2008/07/23,0,879000,-3000,876000
2008/07/24,0,898000,-15000,883000
2008/07/25,0,856000,-165000,691000
2008/07/28,0,0,0,0
2008/07/29,0,259000,-204000,55000
2008/07/30,0,442000,-324000,118000
2008/07/31,0,394000,-491000,-97000
2008/08/01,0,243000,-85000,158000
2008/08/04,0,325000,-129000,196000
2008/08/05,0,370000,-187000,183000
2008/08/06,0,1234000,-193000,1041000
2008/08/07,0,414000,-245000,169000
2008/08/08,0,674000,-415000,259000
2008/08/11,0,944000,-425000,519000
2008/08/12,0,486000,-739000,-253000
2008/08/13,0,801000,-485000,316000
2008/08/14,0,55000,-69000,-14000
2008/08/15,0,368000,-817000,-449000
2008/08/18,0,409000,-671000,-262000
2008/08/19,0,381000,-436000,-55000
2008/08/20,0,626000,-1242000,-616000
2008/08/21,0,18000,-429000,-411000
2008/08/22,0,152000,-1193000,-1041000
2008/08/25,0,226000,-205000,21000
2008/08/26,0,215000,-145455,69545
2008/08/27,0,355000,-201000,154000
2008/08/28,0,164000,-123000,41000
2008/08/29,0,414000,-342000,72000
2008/09/01,0,724000,-372000,352000
2008/09/02,0,582000,-362000,220000
2008/09/03,0,466000,-309000,157000
2008/09/04,0,700000,-549000,151000
2008/09/05,0,519000,-565000,-46000
2008/09/08,0,640000,-543000,97000
2008/09/09,0,445000,-615000,-170000
2008/09/10,0,326000,-469000,-143000
2008/09/11,0,393000,-618000,-225000
2008/09/12,0,774000,-257000,517000
2008/09/15,0,215000,-399000,-184000
2008/09/16,0,494000,-199000,295000
2008/09/17,0,634000,-255000,379000
2008/09/18,0,683000,-282000,401000
2008/09/19,0,453000,-741000,-288000
2008/09/22,0,715000,-471000,244000
2008/09/23,0,366000,-284000,82000
2008/09/24,0,747000,-385000,362000
2008/09/25,0,198000,-525000,-327000
2008/09/26,0,215000,-746000,-531000
2008/09/29,0,0,0,0
2008/09/30,0,0,-553000,-553000
2008/10/01,0,162000,-1314220,-1152220
2008/10/02,0,101000,-745277,-644277
2008/10/03,0,248000,-142670,105330
2008/10/06,0,36000,-88432,-52432
2008/10/07,0,155000,-29180,125820
2008/10/08,0,120000,-490000,-370000
2008/10/09,0,94000,-186450,-92450
2008/10/10,0,0,0,0
2008/10/13,0,111000,-1360,109640
2008/10/14,0,26000,-7000,19000
2008/10/15,0,156000,-230000,-74000
2008/10/16,0,300000,-45000,255000
2008/10/17,0,331000,-254000,77000
2008/10/20,0,185000,-148336,36664
2008/10/21,0,484000,-409000,75000
2008/10/22,0,255000,-684,254316
2008/10/23,0,1000,-10248,-9248
2008/10/24,0,152000,-3465,148535
2008/10/27,0,148000,-291300,-143300
2008/10/28,0,169000,-292100,-123100
2008/10/29,0,567000,-131000,436000
2008/10/30,0,170000,-497000,-327000
2008/10/31,0,271000,-157773,113227
2008/11/03,0,73000,-192485,-119485
2008/11/04,0,49000,-101000,-52000
2008/11/05,0,22000,-152000,-130000
2008/11/06,0,59000,-9000,50000
2008/11/07,0,110000,-280055,-170055
2008/11/10,0,72000,-38000,34000
2008/11/11,0,43000,-62000,-19000
2008/11/12,0,15000,-35000,-20000
2008/11/13,0,86000,-261000,-175000
2008/11/14,0,23000,-264000,-241000
2008/11/17,0,117000,-23285,93715
2008/11/18,0,169000,-25000,144000
2008/11/19,0,71000,-180268,-109268
2008/11/20,0,109000,-12000,97000
2008/11/21,0,312000,-9000,303000
2008/11/24,0,124000,-39000,85000
2008/11/25,0,211000,-24000,187000
2008/11/26,0,125000,-48000,77000
2008/11/27,0,104000,-15000,89000
2008/11/28,0,180000,-9000,171000
2008/12/01,0,266000,-32000,234000
2008/12/02,0,0,-112000,-112000
2008/12/03,0,257000,-14000,243000
2008/12/04,0,61000,-21000,40000
2008/12/05,0,28000,-3000,25000
2008/12/08,0,490000,-9890,480110
2008/12/09,0,196000,-264000,-68000
2008/12/10,0,184000,-7000,177000
2008/12/11,0,77000,-40000,37000
2008/12/12,0,10000,-356000,-346000
2008/12/15,0,106000,-82000,24000
2008/12/16,0,3000,-208000,-205000
2008/12/17,0,3000,-604000,-601000
2008/12/18,0,3000,-12000,-9000
2008/12/19,0,66000,-21000,45000
2008/12/22,0,57000,-62000,-5000
2008/12/23,0,7000,-208000,-201000
2008/12/24,0,22000,-37000,-15000
2008/12/25,0,9000,-3000,6000
2008/12/26,0,30000,-9000,21000
2008/12/29,0,34000,-9370,24630
2008/12/30,0,66000,-85422,-19422
2008/12/31,0,10000,-105000,-95000
2009/01/01,0,0,0,0
2009/01/02,0,0,0,0
2009/01/05,0,124000,-17000,107000
2009/01/06,0,66000,-41000,25000
2009/01/07,0,30000,-50000,-20000
2009/01/08,0,49000,-49000,0
2009/01/09,0,57000,-41000,16000
2009/01/12,0,174000,-4000,170000
2009/01/13,0,173000,-8000,165000
2009/01/14,0,137000,-10000,127000
2009/01/15,0,41000,-39000,2000
2009/01/16,0,66000,-13000,53000
2009/01/19,0,216000,-14000,202000
2009/01/20,0,150046,-13000,137046
2009/01/21,0,212000,-15000,197000
2009/01/22,0,0,0,0
2009/01/23,0,0,0,0
2009/01/26,0,0,0,0
2009/01/27,0,0,0,0
2009/01/28,0,0,0,0
2009/01/29,0,0,0,0
2009/01/30,0,0,0,0
2009/02/02,0,648000,-84778,563222
2009/02/03,0,78000,-618000,-540000
2009/02/04,0,63000,-3000,60000
2009/02/05,0,315000,-212000,103000
2009/02/06,0,165000,-118000,47000
2009/02/09,0,4000,-166000,-162000
2009/02/10,0,17000,-348000,-331000
2009/02/11,0,27000,-117501,-90501
2009/02/12,0,0,-154000,-154000
2009/02/13,0,242016,-11000,231016
2009/02/16,0,54000,-135000,-81000
2009/02/17,0,24000,-227000,-203000
2009/02/18,0,62000,-98000,-36000
2009/02/19,0,192000,-114000,78000
2009/02/20,0,85000,-50954,34046
2009/02/23,0,71000,-172000,-101000
2009/02/24,0,61000,-59000,2000
2009/02/25,0,111000,-40000,71000
2009/02/26,0,211000,-36000,175000
2009/02/27,0,93000,0,93000
2009/03/02,0,136000,-96000,40000
2009/03/03,0,61000,-210000,-149000
2009/03/04,0,198000,-120000,78000
2009/03/05,0,89000,-165000,-76000
2009/03/06,0,93000,-4000,89000
2009/03/09,0,96000,-7000,89000
2009/03/10,0,79000,-64000,15000
2009/03/11,0,50000,-183000,-133000
2009/03/12,0,70000,-77000,-7000
2009/03/13,0,236000,-37000,199000
2009/03/16,0,4000,-191000,-187000
2009/03/17,0,219000,-121000,98000
2009/03/18,0,169000,-313000,-144000
2009/03/19,0,1041000,-214000,827000
2009/03/20,0,139000,-1004000,-865000
2009/03/23,0,159000,-74000,85000
2009/03/24,0,129000,-77000,52000
2009/03/25,0,195000,-83000,112000
2009/03/26,0,40000,-102000,-62000
2009/03/27,0,12000,-512000,-500000
2009/03/30,0,29000,-284000,-255000
2009/03/31,0,257000,-65000,192000
2009/04/01,0,78000,-134000,-56000
2009/04/02,0,86000,-122000,-36000
2009/04/03,0,25000,-170000,-145000
2009/04/06,0,110000,-52000,58000
2009/04/07,0,47000,-106185,-59185
2009/04/08,0,89000,-308000,-219000
2009/04/09,0,118000,-11000,107000
2009/04/10,0,213000,-327000,-114000
2009/04/13,0,256000,-464000,-208000
2009/04/14,0,125000,-418000,-293000
2009/04/15,0,60000,-270000,-210000
2009/04/16,0,419000,-276000,143000
2009/04/17,0,450000,-269048,180952
2009/04/20,0,386000,-38000,348000
2009/04/21,0,310000,-122000,188000
2009/04/22,0,475000,-679000,-204000
2009/04/23,0,209000,-427000,-218000
2009/04/24,0,122000,-373000,-251000
2009/04/27,0,185000,-141000,44000
2009/04/28,0,143000,-132000,11000
2009/04/29,0,315000,-94000,221000
2009/04/30,0,17000,0,17000
2009/05/01,0,0,0,0
2009/05/04,0,231000,0,231000
2009/05/05,0,2433000,-303000,2130000
2009/05/06,0,1715000,-149858,1565142
2009/05/07,0,1045000,-478022,566978
2009/05/08,0,672000,-176000,496000
2009/05/11,0,288000,-261000,27000
2009/05/12,0,753000,-87000,666000
2009/05/13,0,883000,-703000,180000
2009/05/14,0,646000,-724000,-78000
2009/05/15,0,71000,-336000,-265000
2009/05/18,0,83000,-1322000,-1239000
2009/05/19,0,354000,-851000,-497000
2009/05/20,0,1422000,-217374,1204626
2009/05/21,0,238000,-1059000,-821000
2009/05/22,0,39000,-658000,-619000
2009/05/25,0,12000,-458000,-446000
2009/05/26,0,972000,-573000,399000
2009/05/27,0,288000,-146000,142000
2009/05/28,0,0,0,0
2009/05/29,0,0,0,0
2009/06/01,0,345000,-503000,-158000
2009/06/02,0,258000,-2244000,-1986000
2009/06/03,0,373000,-485000,-112000
2009/06/04,0,304000,-490000,-186000
2009/06/05,0,54000,-333000,-279000
2009/06/08,0,148000,-147000,1000
2009/06/09,0,593000,-273000,320000
2009/06/10,0,148000,-16172,131828
2009/06/11,0,105000,-175000,-70000
2009/06/12,0,220000,-481000,-261000
2009/06/15,0,537000,-140000,397000
2009/06/16,0,107000,-580281,-473281
2009/06/17,0,69000,-197000,-128000
2009/06/18,0,79000,-634000,-555000
2009/06/19,0,165000,-61000,104000
2009/06/22,0,205000,-45000,160000
2009/06/23,0,32000,-117000,-85000
2009/06/24,0,364000,-211000,153000
2009/06/25,0,9000,-481000,-472000
2009/06/26,0,171000,-38000,133000
2009/06/29,0,11000,-39000,-28000
2009/06/30,0,418000,-93000,325000
2009/07/01,0,538000,-466000,72000
2009/07/02,0,1057000,-305000,752000
2009/07/03,0,175000,-654000,-479000
2009/07/06,0,82000,-204000,-122000
2009/07/07,0,251334,-614000,-362666
2009/07/08,0,26000,-78000,-52000
2009/07/09,0,472000,-138000,334000
2009/07/10,0,112000,-324000,-212000
2009/07/13,0,125000,-204000,-79000
2009/07/14,0,50000,-161000,-111000
2009/07/15,0,351000,-114000,237000
2009/07/16,0,957000,-306022,650978
2009/07/17,0,309000,-345000,-36000
2009/07/20,0,102000,-236000,-134000
2009/07/21,0,123000,-511000,-388000
2009/07/22,0,234000,-8000,226000
2009/07/23,0,386000,-143000,243000
2009/07/24,0,613000,-1229000,-616000
2009/07/27,0,350000,-139000,211000
2009/07/28,0,232000,-350000,-118000
2009/07/29,0,1152000,-79000,1073000
2009/07/30,0,263000,-600000,-337000
2009/07/31,0,253000,-558000,-305000
2009/08/03,0,314274,-936241,-621967
2009/08/04,0,226000,-700000,-474000
2009/08/05,0,135000,-46000,89000
2009/08/06,0,1312000,-58000,1254000
2009/08/07,0,0,0,0
2009/08/10,0,140000,-444000,-304000
2009/08/11,0,280000,-202000,78000
2009/08/12,0,1560000,-148000,1412000
2009/08/13,0,1252000,-451000,801000
2009/08/14,0,1214000,-653000,561000
2009/08/17,0,512000,-615000,-103000
2009/08/18,0,400000,-1254000,-854000
2009/08/19,0,214000,-379000,-165000
2009/08/20,0,213000,-300000,-87000
2009/08/21,0,482000,-599000,-117000
2009/08/24,0,401220,-759000,-357780
2009/08/25,0,1615000,-301000,1314000
2009/08/26,0,803000,-806896,-3896
2009/08/27,0,349000,-192000,157000
2009/08/28,0,589000,-418000,171000
2009/08/31,0,549000,-73000,476000
2009/09/01,0,1887000,-492000,1395000
2009/09/02,0,861000,-84000,777000
2009/09/03,0,813000,-638000,175000
2009/09/04,0,1364000,-614000,750000
2009/09/07,0,556000,-529000,27000
2009/09/08,0,436000,-861000,-425000
2009/09/09,0,427000,-715000,-288000
2009/09/10,0,777000,-1085000,-308000
2009/09/11,0,243780,-333000,-89220
2009/09/14,0,242000,-631000,-389000
2009/09/15,0,515000,-12000,503000
2009/09/16,0,989000,-325000,664000
2009/09/17,0,418000,-956000,-538000
2009/09/18,0,473000,-1057000,-584000
2009/09/21,0,566000,-323000,243000
2009/09/22,0,95000,-513000,-418000
2009/09/23,0,789000,-558194,230806
2009/09/24,0,316000,-509000,-193000
2009/09/25,0,696000,-336000,360000
2009/09/28,0,54000,-635236,-581236
2009/09/29,0,176000,-585000,-409000
2009/09/30,0,1111000,-467000,644000
2009/10/01,0,345000,-1599000,-1254000
2009/10/02,0,309000,-82000,227000
2009/10/05,0,324000,-336000,-12000
2009/10/06,0,705500,-858000,-152500
2009/10/07,0,360000,-195000,165000
2009/10/08,0,252000,-399000,-147000
2009/10/09,0,818850,-712020,106830
2009/10/12,0,315000,-107130,207870
2009/10/13,0,589000,-166470,422530
2009/10/14,0,1377000,-334000,1043000
2009/10/15,0,120000,-539890,-419890
2009/10/16,0,161000,-123000,38000
2009/10/19,0,472000,-44000,428000
2009/10/20,0,729000,-1007310,-278310
2009/10/21,0,337000,-199603,137397
2009/10/22,0,400000,-857000,-457000
2009/10/23,0,315000,-540400,-225400
2009/10/26,0,167000,-267000,-100000
2009/10/27,0,135000,-120000,15000
2009/10/28,0,838000,-383000,455000
2009/10/29,0,450000,-964000,-514000
2009/10/30,0,855000,-801000,54000
2009/11/02,0,400000,-1059000,-659000
2009/11/03,0,200000,-485000,-285000
2009/11/04,0,299000,-765000,-466000
2009/11/05,0,35000,-598000,-563000
2009/11/06,0,379000,-80000,299000
2009/11/09,0,83000,-136000,-53000
2009/11/10,0,201000,-616000,-415000
2009/11/11,0,906000,-789000,117000
2009/11/12,0,283000,-557000,-274000
2009/11/13,0,212000,-154000,58000
2009/11/16,0,455000,-386000,69000
2009/11/17,0,75000,-221000,-146000
2009/11/18,0,353000,-114000,239000
2009/11/19,0,845000,-540000,305000
2009/11/20,0,691000,-541000,150000
2009/11/23,0,233000,-16669,216331
2009/11/24,0,571000,-5000,566000
2009/11/25,0,133000,-1247000,-1114000
2009/11/26,0,158000,-219000,-61000
2009/11/27,0,86000,-538000,-452000
2009/11/30,0,9000,-277409,-268409
2009/12/01,0,55000,-487000,-432000
2009/12/02,0,386000,-170000,216000
2009/12/03,0,59350,-336000,-276650
2009/12/04,0,22000,-700000,-678000
2009/12/07,0,2391000,-226000,2165000
2009/12/08,0,548000,-472350,75650
2009/12/09,0,1163000,-1018000,145000
2009/12/10,0,332000,-1617000,-1285000
2009/12/11,0,139000,-270000,-131000
2009/12/14,0,280000,-155000,125000
2009/12/15,0,36000,-157000,-121000
2009/12/16,0,202000,-502000,-300000
2009/12/17,0,397000,-790000,-393000
2009/12/18,0,582000,-230000,352000
2009/12/21,0,979000,-470000,509000
2009/12/22,0,155000,-311040,-156040
2009/12/23,0,166000,-425000,-259000
2009/12/24,0,392000,-519000,-127000
2009/12/25,0,90000,-134000,-44000
2009/12/28,0,118000,-173000,-55000
2009/12/29,0,206000,-994120,-788120
2009/12/30,0,490000,-156000,334000
2009/12/31,0,143000,-221000,-78000
2010/01/01,0,0,0,0
2010/01/04,0,244000,-243000,1000
2010/01/05,0,173000,-430050,-257050
2010/01/06,0,312000,-322000,-10000
2010/01/07,0,566000,-349000,217000
2010/01/08,0,397000,-231000,166000
2010/01/11,0,174000,-302000,-128000
2010/01/12,0,71000,-40000,31000
2010/01/13,0,179000,-719000,-540000
2010/01/14,0,2211000,-208962,2002038
2010/01/15,0,828000,-421070,406930
2010/01/18,0,1257000,-125000,1132000
2010/01/19,0,323000,-976000,-653000
2010/01/20,0,363000,-1179000,-816000
2010/01/21,0,190000,-857000,-667000
2010/01/22,0,57000,-1179000,-1122000
2010/01/25,0,77000,-1820000,-1743000
2010/01/26,0,126000,-991000,-865000
2010/01/27,0,97000,-92000,5000
2010/01/28,0,79000,-448000,-369000
2010/01/29,0,191000,-93000,98000
2010/02/01,0,116000,-140000,-24000
2010/02/02,0,898000,-98002,799998
2010/02/03,0,1046000,-64000,982000
2010/02/04,0,200000,-424000,-224000
2010/02/05,0,147000,-474000,-327000
2010/02/08,0,323000,-1026000,-703000
2010/02/09,0,270000,-31000,239000
2010/02/10,0,25000,-699636,-674636
2010/02/11,0,0,0,0
2010/02/12,0,0,0,0
2010/02/15,0,0,0,0
2010/02/16,0,0,0,0
2010/02/17,0,0,0,0
2010/02/18,0,0,0,0
2010/02/19,0,0,0,0
2010/02/22,0,344000,-6000,338000
2010/02/23,0,17000,-93000,-76000
2010/02/24,0,57000,-315000,-258000
2010/02/25,0,93000,-142000,-49000
2010/02/26,0,57000,-225000,-168000
2010/03/01,0,378000,-53000,325000
2010/03/02,0,166000,-96000,70000
2010/03/03,0,66000,-3000,63000
2010/03/04,0,190000,-253000,-63000
2010/03/05,0,302000,-229000,73000
2010/03/08,0,86000,-37000,49000
2010/03/09,0,99000,-11000,88000
2010/03/10,0,161000,-19000,142000
2010/03/11,0,175000,-36000,139000
2010/03/12,0,74000,-3000,71000
2010/03/15,0,9000,-162000,-153000
2010/03/16,0,101000,-57000,44000
2010/03/17,0,749000,-18000,731000
2010/03/18,0,363000,-41000,322000
2010/03/19,0,64000,-48000,16000
2010/03/22,0,36000,-150000,-114000
2010/03/23,0,164000,-1364000,-1200000
2010/03/24,0,188000,-119285,68715
2010/03/25,0,547000,-158000,389000
2010/03/26,0,405000,-99000,306000
2010/03/29,0,1128000,-32000,1096000
2010/03/30,0,275000,-15000,260000
2010/03/31,0,50000,-44000,6000
2010/04/01,0,247000,-148000,99000
2010/04/02,0,138000,-383000,-245000
2010/04/05,0,0,0,0
2010/04/06,0,290000,-102600,187400
2010/04/07,0,110000,-411000,-301000
2010/04/08,0,249000,-294000,-45000
2010/04/09,0,70000,-30000,40000
2010/04/12,0,114000,-585000,-471000
2010/04/13,0,26000,-899424,-873424
2010/04/14,0,50000,-21000,29000
2010/04/15,0,55000,-20000,35000
2010/04/16,0,1000,-128000,-127000
2010/04/19,0,18000,-339000,-321000
2010/04/20,0,34000,-426000,-392000
2010/04/21,0,544000,-72000,472000
2010/04/22,0,128000,-187000,-59000
2010/04/23,0,81000,-190000,-109000
2010/04/26,0,843290,-26000,817290
2010/04/27,0,465000,-808000,-343000
2010/04/28,0,118000,-249000,-131000
2010/04/29,0,223000,-475000,-252000
2010/04/30,0,157000,-104000,53000
2010/05/03,0,27000,-412000,-385000
2010/05/04,0,21000,-33000,-12000
2010/05/05,0,8000,-300000,-292000
2010/05/06,0,11000,-252000,-241000
2010/05/07,0,320000,-167000,153000
2010/05/10,0,138000,-197000,-59000
2010/05/11,0,24000,-545000,-521000
2010/05/12,0,120000,-122000,-2000
2010/05/13,0,78000,-12000,66000
2010/05/14,0,254000,-3000,251000
2010/05/17,0,144000,-306000,-162000
2010/05/18,0,444000,-124000,320000
2010/05/19,0,380000,-286000,94000
2010/05/20,0,43000,-178000,-135000
2010/05/21,0,64000,-70000,-6000
2010/05/24,0,46000,-126000,-80000
2010/05/25,0,175000,-397000,-222000
2010/05/26,0,599000,-26000,573000
2010/05/27,0,145000,-311000,-166000
2010/05/28,0,92000,-165000,-73000
2010/05/31,0,65000,-80000,-15000
2010/06/01,0,17000,-177000,-160000
2010/06/02,0,69000,-43000,26000
2010/06/03,0,58000,-60000,-2000
2010/06/04,0,79000,-66000,13000
2010/06/07,0,52000,-297000,-245000
2010/06/08,0,65000,-162000,-97000
2010/06/09,0,34000,-280000,-246000
2010/06/10,0,38000,-23000,15000
2010/06/11,0,177000,-51000,126000
2010/06/14,0,108000,-82000,26000
2010/06/15,0,557000,-17000,540000
2010/06/16,0,0,0,0
2010/06/17,0,874000,-73000,801000
2010/06/18,0,83000,-339000,-256000
2010/06/21,0,131000,-166000,-35000
2010/06/22,0,116000,-60000,56000
2010/06/23,0,58000,-12000,46000
2010/06/24,0,3000,-6000,-3000
2010/06/25,0,91000,-53000,38000
2010/06/28,0,6000,-154000,-148000
2010/06/29,0,34000,-22000,12000
2010/06/30,0,124000,-34000,90000
2010/07/01,0,104000,-215000,-111000
2010/07/02,0,95000,-116000,-21000
2010/07/05,0,62000,-102000,-40000
2010/07/06,0,67000,-57000,10000
2010/07/07,0,25000,-39000,-14000
2010/07/08,0,79000,-29208,49792
2010/07/09,0,179000,-198000,-19000
2010/07/12,0,11000,-25000,-14000
2010/07/13,0,0,-109000,-109000
2010/07/14,0,192000,-152000,40000
2010/07/15,0,16000,-69000,-53000
2010/07/16,0,6000,-434000,-428000
2010/07/19,0,33000,-56000,-23000
2010/07/20,0,166000,-65000,101000
2010/07/21,0,1791000,-49000,1742000
2010/07/22,0,61000,-681000,-620000
2010/07/23,0,84000,-545000,-461000
2010/07/26,0,27000,-70000,-43000
2010/07/27,0,28000,-34000,-6000
2010/07/28,0,45000,-36000,9000
2010/07/29,0,10000,-27000,-17000
2010/07/30,0,7000,-108000,-101000
2010/08/02,0,52000,-207150,-155150
2010/08/03,0,1000,-266000,-265000
2010/08/04,0,96000,-39000,57000
2010/08/05,0,470000,-71000,399000
2010/08/06,0,88000,-170000,-82000
2010/08/09,0,113000,-48000,65000
2010/08/10,0,109000,-177000,-68000
2010/08/11,0,44000,-35000,9000
2010/08/12,0,112000,-106000,6000
2010/08/13,0,72000,-305000,-233000
2010/08/16,0,12000,-14000,-2000
2010/08/17,0,138000,-1000,137000
2010/08/18,0,96000,-229000,-133000
2010/08/19,0,88000,-251000,-163000
2010/08/20,0,14000,-224000,-210000
2010/08/23,0,54000,-36000,18000
2010/08/24,0,4000,-159000,-155000
2010/08/25,0,2000,-286000,-284000
2010/08/26,0,15000,-52000,-37000
2010/08/27,0,2000,-98000,-96000
2010/08/30,0,4000,-123000,-119000
2010/08/31,0,16000,-61000,-45000
2010/09/01,0,292000,-237800,54200
2010/09/02,0,132000,-203000,-71000
2010/09/03,0,31000,-173000,-142000
2010/09/06,0,230000,-156000,74000
2010/09/07,0,162000,-76000,86000
2010/09/08,0,25469,-70000,-44531
2010/09/09,0,73000,-176000,-103000
2010/09/10,0,29000,-56000,-27000
2010/09/13,0,153000,-25000,128000
2010/09/14,0,36000,-55000,-19000
2010/09/15,0,248000,-48000,200000
2010/09/16,0,11000,-105199,-94199
2010/09/17,0,86000,-151000,-65000
2010/09/20,0,76000,-67000,9000
2010/09/21,0,370000,-4000,366000
2010/09/22,0,0,0,0
2010/09/23,0,85000,-23000,62000
2010/09/24,0,56000,-25000,31000
2010/09/27,0,132000,-43000,89000
2010/09/28,0,296000,-262000,34000
2010/09/29,0,538000,-491000,47000
2010/09/30,0,153000,-156000,-3000
2010/10/01,0,111000,-389000,-278000
2010/10/04,0,85000,-122000,-37000
2010/10/05,0,124000,-251000,-127000
2010/10/06,0,103000,-57000,46000
2010/10/07,0,16000,-37591,-21591
2010/10/08,0,311000,-37000,274000
2010/10/11,0,78000,-79000,-1000
2010/10/12,0,25000,-172000,-147000
2010/10/13,0,46000,-96000,-50000
2010/10/14,0,379000,-161000,218000
2010/10/15,0,163000,-190000,-27000
2010/10/18,0,137000,-65000,72000
2010/10/19,0,84000,-80000,4000
2010/10/20,0,485000,-226000,259000
2010/10/21,0,228000,-202000,26000
2010/10/22,0,314000,-124000,190000
2010/10/25,0,1206000,-73000,1133000
2010/10/26,0,247000,-183000,64000
2010/10/27,0,274000,-97000,177000
2010/10/28,0,356000,-424000,-68000
2010/10/29,0,208000,-108000,100000
2010/11/01,0,316000,-234000,82000
2010/11/02,0,148000,-109161,38839
2010/11/03,0,71000,-213000,-142000
2010/11/04,0,180000,-75000,105000
2010/11/05,0,110000,-246000,-136000
2010/11/08,0,151000,-876000,-725000
2010/11/09,0,94292,-23000,71292
2010/11/10,0,186000,-285000,-99000
2010/11/11,0,174000,-109000,65000
2010/11/12,0,120000,-121000,-1000
2010/11/15,0,124000,-114000,10000
2010/11/16,0,417000,-192000,225000
2010/11/17,0,105000,-297010,-192010
2010/11/18,0,153000,-11000,142000
2010/11/19,0,46000,-36000,10000
2010/11/22,0,113000,-183000,-70000
2010/11/23,0,155000,-181000,-26000
2010/11/24,0,165000,-160000,5000
2010/11/25,0,47000,-116000,-69000
2010/11/26,0,6000,-77000,-71000
2010/11/29,0,243000,-52000,191000
2010/11/30,0,167000,-274000,-107000
2010/12/01,0,182000,-7000,175000
2010/12/02,0,581000,-53000,528000
2010/12/03,0,22000,-182000,-160000
2010/12/06,0,54000,-262000,-208000
2010/12/07,0,18000,-46000,-28000
2010/12/08,0,35000,-110000,-75000
2010/12/09,0,346000,-109000,237000
2010/12/10,0,247000,-5000,242000
2010/12/13,0,80000,-96000,-16000
2010/12/14,0,66000,-187902,-121902
2010/12/15,0,89000,-191000,-102000
2010/12/16,0,18000,-559000,-541000
2010/12/17,0,15000,-337000,-322000
2010/12/20,0,36000,-43000,-7000
2010/12/21,0,57000,-28000,29000
2010/12/22,0,25000,-26000,-1000
2010/12/23,0,63000,-88000,-25000
2010/12/24,0,165000,-57000,108000
2010/12/27,0,46000,-71000,-25000
2010/12/28,0,32000,-138000,-106000
2010/12/29,0,30000,-180894,-150894
2010/12/30,0,33000,-54000,-21000
2010/12/31,0,0,-32000,-32000
2011/01/03,0,23000,-363000,-340000
2011/01/04,0,190000,-206000,-16000
2011/01/05,0,65000,-235000,-170000
2011/01/06,0,85000,-91000,-6000
2011/01/07,0,454000,-158000,296000
2011/01/10,0,84000,-262000,-178000
2011/01/11,0,274000,-134000,140000
2011/01/12,0,384000,-426000,-42000
2011/01/13,0,163000,-231000,-68000
2011/01/14,0,91000,-16000,75000
2011/01/17,0,2000,-43218,-41218
2011/01/18,0,79000,-45000,34000
2011/01/19,0,0,-455000,-455000
2011/01/20,0,5000,-40000,-35000
2011/01/21,0,166000,-232000,-66000
2011/01/24,0,578000,-504000,74000
2011/01/25,0,25000,-113000,-88000
2011/01/26,0,73000,-148000,-75000
2011/01/27,0,123000,-144000,-21000
2011/01/28,0,130000,-139000,-9000
2011/01/31,0,0,0,0
2011/02/01,0,0,0,0
2011/02/02,0,0,0,0
2011/02/03,0,0,0,0
2011/02/04,0,0,0,0
2011/02/07,0,0,0,0
2011/02/08,0,52000,-207000,-155000
2011/02/09,0,36000,-50000,-14000
2011/02/10,0,248000,-89000,159000
2011/02/11,0,44000,-343000,-299000
2011/02/14,0,390000,-110000,280000
2011/02/15,0,188000,-395000,-207000
2011/02/16,0,128000,-176383,-48383
2011/02/17,0,12000,-143000,-131000
2011/02/18,0,4000,-1000,3000
2011/02/21,0,3000,-170000,-167000
2011/02/22,0,603000,-99000,504000
2011/02/23,0,453000,-417000,36000
2011/02/24,0,589000,-27000,562000
2011/02/25,0,665000,-189000,476000
2011/02/28,0,0,0,0
2011/03/01,0,692000,-118000,574000
2011/03/02,0,162000,-133000,29000
2011/03/03,0,425000,-130000,295000
2011/03/04,0,129000,-136000,-7000
2011/03/07,0,35000,-88977,-53977
2011/03/08,0,97000,-82000,15000
2011/03/09,0,45000,-67000,-22000
2011/03/10,0,80000,-240000,-160000
2011/03/11,0,220000,-293000,-73000
2011/03/14,0,202000,-271000,-69000
2011/03/15,0,708000,-260000,448000
2011/03/16,0,375000,-92000,283000
2011/03/17,0,162000,-78000,84000
2011/03/18,0,102000,-82000,20000
2011/03/21,0,45000,-148000,-103000
2011/03/22,0,39000,-149000,-110000
2011/03/23,0,44000,-44000,0
2011/03/24,0,53000,-6000,47000
2011/03/25,0,295000,-77000,218000
2011/03/28,0,455000,-168000,287000
2011/03/29,0,267000,-25000,242000
2011/03/30,0,487000,-33000,454000
2011/03/31,0,210000,-127000,83000
2011/04/01,0,248000,-201000,47000
2011/04/04,0,0,0,0
2011/04/05,0,0,0,0
2011/04/06,0,115000,-21000,94000
2011/04/07,0,262000,-9000,253000
2011/04/08,0,263000,-32000,231000
2011/04/11,0,67000,-343000,-276000
2011/04/12,0,320000,-346000,-26000
2011/04/13,0,220000,-45000,175000
2011/04/14,0,226000,-29056,196944
2011/04/15,0,26000,-189000,-163000
2011/04/18,0,431000,-112324,318676
2011/04/19,0,57000,-193000,-136000
2011/04/20,0,74000,-249000,-175000
2011/04/21,0,135000,-38000,97000
2011/04/22,0,184000,-2000,182000
2011/04/25,0,25000,-72000,-47000
2011/04/26,0,26000,-27000,-1000
2011/04/27,0,132000,-129000,3000
2011/04/28,0,258000,-495000,-237000
2011/04/29,0,219000,-301000,-82000
2011/05/02,0,0,0,0
2011/05/03,0,346000,-272700,73300
2011/05/04,0,1556000,-387000,1169000
2011/05/05,0,414000,-337000,77000
2011/05/06,0,839000,-109000,730000
2011/05/09,0,383000,-901000,-518000
2011/05/10,0,82000,-752000,-670000
2011/05/11,0,712000,-181158,530842
2011/05/12,0,771000,-219000,552000
2011/05/13,0,46000,-638000,-592000
2011/05/16,0,354000,-155000,199000
2011/05/17,0,638000,-234000,404000
2011/05/18,0,215000,-34000,181000
2011/05/19,0,517000,-604228,-87228
2011/05/20,0,188000,-130000,58000
2011/05/23,0,214000,-56000,158000
2011/05/24,0,414000,-24000,390000
2011/05/25,0,200000,-60000,140000
2011/05/26,0,591000,-43000,548000
2011/05/27,0,911000,-712000,199000
2011/05/30,0,488000,-239000,249000
2011/05/31,0,986000,-786000,200000
2011/06/01,0,372000,-697000,-325000
2011/06/02,0,281000,-79000,202000
2011/06/03,0,873000,-267000,606000
2011/06/06,0,0,0,0
2011/06/07,0,686000,-659000,27000
2011/06/08,0,233000,-545000,-312000
2011/06/09,0,266000,-943000,-677000
2011/06/10,0,63000,-205000,-142000
2011/06/13,0,190000,-337000,-147000
2011/06/14,0,501000,-528000,-27000
2011/06/15,0,1290000,-181000,1109000
2011/06/16,0,366000,-179000,187000
2011/06/17,0,277000,-184000,93000
2011/06/20,0,367000,-464000,-97000
2011/06/21,0,375000,-721000,-346000
2011/06/22,0,139000,-258000,-119000
2011/06/23,0,386000,-133000,253000
2011/06/24,0,375000,-40000,335000
2011/06/27,0,198000,-49200,148800
2011/06/28,0,492000,-472800,19200
2011/06/29,0,486000,-728000,-242000
2011/06/30,0,574000,-603000,-29000
2011/07/01,0,53000,-497000,-444000
2011/07/04,0,616000,-697000,-81000
2011/07/05,0,653200,-327000,326200
2011/07/06,0,756000,-598000,158000
2011/07/07,0,1198000,-205000,993000
2011/07/08,0,84000,-479000,-395000
2011/07/11,0,565000,-774000,-209000
2011/07/12,0,264000,-459000,-195000
2011/07/13,0,656000,-152000,504000
2011/07/14,0,435000,-171000,264000
2011/07/15,0,438000,-324000,114000
2011/07/18,0,237000,-218660,18340
2011/07/19,0,402000,-30000,372000
2011/07/20,0,1179000,-200000,979000
2011/07/21,0,190000,-726000,-536000
2011/07/22,0,346000,-186000,160000
2011/07/25,0,270000,-193000,77000
2011/07/26,0,301000,-170000,131000
2011/07/27,0,879000,-416499,462501
2011/07/28,0,326000,-546000,-220000
2011/07/29,0,1277000,-327000,950000
2011/08/01,0,220000,-1271000,-1051000
2011/08/02,0,231000,-248000,-17000
2011/08/03,0,460000,-400000,60000
2011/08/04,0,499000,-162000,337000
2011/08/05,0,709000,-594000,115000
2011/08/08,0,844000,-549000,295000
2011/08/09,0,1389000,-485957,903043
2011/08/10,0,138000,-318000,-180000
2011/08/11,0,596000,-453000,143000
2011/08/12,0,164000,-626000,-462000
2011/08/15,0,231000,-154000,77000
2011/08/16,0,227000,-306000,-79000
2011/08/17,0,286000,-747000,-461000
2011/08/18,0,231000,-49000,182000
2011/08/19,0,418000,-350000,68000
2011/08/22,0,588000,-194000,394000
2011/08/23,0,993000,-303000,690000
2011/08/24,0,188000,-196000,-8000
2011/08/25,0,229000,-205000,24000
2011/08/26,0,201000,-264000,-63000
2011/08/29,0,319000,-47000,272000
2011/08/30,0,453000,-139000,314000
2011/08/31,0,134000,-289000,-155000
2011/09/01,0,434000,-692000,-258000
2011/09/02,0,98000,-494000,-396000
2011/09/05,0,97000,-475000,-378000
2011/09/06,0,178000,-154000,24000
2011/09/07,0,271000,-60000,211000
2011/09/08,0,257000,-192000,65000
2011/09/09,0,155000,-181000,-26000
2011/09/12,0,0,0,0
2011/09/13,0,119000,-108000,11000
2011/09/14,0,769000,-191000,578000
2011/09/15,0,766000,-45000,721000
2011/09/16,0,624000,-11000,613000
2011/09/19,0,89000,-165000,-76000
2011/09/20,0,238000,-948000,-710000
2011/09/21,0,274000,-474000,-200000
2011/09/22,0,127000,-637000,-510000
2011/09/23,0,741000,-551000,190000
2011/09/26,0,710000,-159000,551000
2011/09/27,0,181000,-147000,34000
2011/09/28,0,428000,-156000,272000
2011/09/29,0,207000,-181000,26000
2011/09/30,0,411000,-236000,175000
2011/10/03,0,299000,-207000,92000
2011/10/04,0,673000,-250000,423000
2011/10/05,0,455000,-353000,102000
2011/10/06,0,384000,-194000,190000
2011/10/07,0,221000,-186000,35000
2011/10/10,0,0,0,0
2011/10/11,0,584000,-193000,391000
2011/10/12,0,274000,-441000,-167000
2011/10/13,0,90000,-170036,-80036
2011/10/14,0,189000,-168000,21000
2011/10/17,0,138000,-274000,-136000
2011/10/18,0,675000,-334115,340885
2011/10/19,0,203000,-575000,-372000
2011/10/20,0,155000,-60000,95000
2011/10/21,0,480000,-69981,410019
2011/10/24,0,272000,-74000,198000
2011/10/25,0,126000,-87000,39000
2011/10/26,0,294000,-63000,231000
2011/10/27,0,709000,-201000,508000
2011/10/28,0,76000,-399000,-323000
2011/10/31,0,74000,-227178,-153178
2011/11/01,0,770000,-211000,559000
2011/11/02,0,351000,-279000,72000
2011/11/03,0,275000,-429000,-154000
2011/11/04,0,425000,-126000,299000
2011/11/07,0,297000,-404000,-107000
2011/11/08,0,119000,-263000,-144000
2011/11/09,0,27000,-233000,-206000
2011/11/10,0,353000,-215000,138000
2011/11/11,0,67000,-94000,-27000
2011/11/14,0,551000,-274000,277000
2011/11/15,0,368000,-527000,-159000
2011/11/16,0,176000,-285000,-109000
2011/11/17,0,72000,-125000,-53000
2011/11/18,0,247000,-163000,84000
2011/11/21,0,576000,-190000,386000
2011/11/22,0,691000,-374250,316750
2011/11/23,0,405000,-338000,67000
2011/11/24,0,288000,-111000,177000
2011/11/25,0,537000,-110000,427000
2011/11/28,0,277000,-309000,-32000
2011/11/29,0,171000,-272000,-101000
2011/11/30,0,45000,-179000,-134000
2011/12/01,0,275000,-124000,151000
2011/12/02,0,119000,-141000,-22000
2011/12/05,0,29000,-33000,-4000
2011/12/06,0,27000,-94000,-67000
2011/12/07,0,14000,-78000,-64000
2011/12/08,0,62000,-156000,-94000
2011/12/09,0,137000,-111000,26000
2011/12/12,0,14000,-86000,-72000
2011/12/13,0,73000,-84000,-11000
2011/12/14,0,43000,-159000,-116000
2011/12/15,0,118000,-153000,-35000
2011/12/16,0,214000,-33000,181000
2011/12/19,0,195000,-114000,81000
2011/12/20,0,200000,-23200,176800
2011/12/21,0,100000,-86000,14000
2011/12/22,0,572000,-242000,330000
2011/12/23,0,185000,-234000,-49000
2011/12/26,0,25000,-100000,-75000
2011/12/27,0,149000,-43000,106000
2011/12/28,0,408000,-57000,351000
2011/12/29,0,242000,-325000,-83000
2011/12/30,0,46000,-224000,-178000
2012/01/02,0,224000,-129000,95000
2012/01/03,0,186000,-120000,66000
2012/01/04,0,85000,-109000,-24000
2012/01/05,0,166000,-135000,31000
2012/01/06,0,77000,-77000,0
2012/01/09,0,61000,-29000,32000
2012/01/10,0,79000,-56000,23000
2012/01/11,0,17000,-38000,-21000
2012/01/12,0,86000,-30000,56000
2012/01/13,0,63000,-39000,24000
2012/01/16,0,189000,-198000,-9000
2012/01/17,0,210000,-40000,170000
2012/01/18,0,300000,-281000,19000
2012/01/19,0,0,0,0
2012/01/20,0,0,0,0
2012/01/23,0,0,0,0
2012/01/24,0,0,0,0
2012/01/25,0,0,0,0
2012/01/26,0,0,0,0
2012/01/27,0,0,0,0
2012/01/30,0,260000,-47000,213000
2012/01/31,0,395000,-145000,250000
2012/02/01,0,505000,-253000,252000
2012/02/02,0,1263000,-605000,658000
2012/02/03,0,538000,-670000,-132000
2012/02/06,0,168000,-258291,-90291
2012/02/07,0,274000,-99000,175000
2012/02/08,0,897000,-263000,634000
2012/02/09,0,371000,-1025000,-654000
2012/02/10,0,59000,-759000,-700000
2012/02/13,0,131000,-220000,-89000
2012/02/14,0,58000,-700000,-642000
2012/02/15,0,300000,-223000,77000
2012/02/16,0,48000,-481000,-433000
2012/02/17,0,318000,-519000,-201000
2012/02/20,0,110000,-328000,-218000
2012/02/21,0,46000,-539000,-493000
2012/02/22,0,105000,-94000,11000
2012/02/23,0,35000,-594000,-559000
2012/02/24,0,39000,-250000,-211000
2012/02/27,0,0,0,0
2012/02/28,0,0,0,0
2012/02/29,0,531000,-90000,441000
2012/03/01,0,500022,-75000,425022
2012/03/02,0,396000,-257000,139000
2012/03/05,0,134000,-762000,-628000
2012/03/06,0,116000,-332000,-216000
2012/03/07,0,253000,-257000,-4000
2012/03/08,0,147000,-260000,-113000
2012/03/09,0,176000,-350000,-174000
2012/03/12,0,8000,-432334,-424334
2012/03/13,0,132000,-160000,-28000
2012/03/14,0,498000,-78000,420000
2012/03/15,0,141000,-229000,-88000
2012/03/16,0,34000,-459000,-425000
2012/03/19,0,66000,-482000,-416000
2012/03/20,0,66000,-226000,-160000
2012/03/21,0,164000,-136000,28000
2012/03/22,0,186000,-88000,98000
2012/03/23,0,28000,-128000,-100000
2012/03/26,0,191000,-313000,-122000
2012/03/27,0,123000,-160000,-37000
2012/03/28,0,89000,-241000,-152000
2012/03/29,0,134000,-609382,-475382
2012/03/30,0,834000,-349000,485000
2012/04/02,0,255000,-862000,-607000
2012/04/03,0,143000,-156000,-13000
2012/04/04,0,0,0,0
2012/04/05,0,753000,-81257,671743
2012/04/06,0,564000,-50000,514000
2012/04/09,0,216000,-380000,-164000
2012/04/10,0,169000,-154000,15000
2012/04/11,0,422000,-39000,383000
2012/04/12,0,298000,-66000,232000
2012/04/13,0,520000,-92000,428000
2012/04/16,0,152000,-155000,-3000
2012/04/17,0,259000,-225000,34000
2012/04/18,0,80000,-236000,-156000
2012/04/19,0,382000,-297000,85000
2012/04/20,0,84000,-305000,-221000
2012/04/23,0,195000,-124000,71000
2012/04/24,0,53000,-114000,-61000
2012/04/25,0,189000,-23000,166000
2012/04/26,0,53007,-97000,-43993
2012/04/27,0,43000,-348000,-305000
2012/04/30,0,262000,-330000,-68000
2012/05/01,0,0,0,0
2012/05/02,0,285000,-216000,69000
2012/05/03,0,225000,-418000,-193000
2012/05/04,0,134000,-1323000,-1189000
2012/05/07,0,779500,-107000,672500
2012/05/08,0,48000,-225000,-177000
2012/05/09,0,305000,-29663,275337
2012/05/10,0,249000,-58000,191000
2012/05/11,0,233000,-617000,-384000
2012/05/14,0,174000,-86000,88000
2012/05/15,0,546000,-54000,492000
2012/05/16,0,484000,-389000,95000
2012/05/17,0,74000,-251000,-177000
2012/05/18,0,503000,-119000,384000
2012/05/21,0,249000,-416000,-167000
2012/05/22,0,352000,-97500,254500
2012/05/23,0,572000,-363000,209000
2012/05/24,0,587000,-280000,307000
2012/05/25,0,395000,-343000,52000
2012/05/28,0,535000,-84000,451000
2012/05/29,0,729000,-537000,192000
2012/05/30,0,165000,-520000,-355000
2012/05/31,0,272000,-337000,-65000
2012/06/01,0,307000,-205000,102000
2012/06/04,0,609000,-437000,172000
2012/06/05,0,162000,-65000,97000
2012/06/06,0,559000,-203000,356000
2012/06/07,0,151000,-253000,-102000
2012/06/08,0,202000,-160000,42000
2012/06/11,0,185000,-325000,-140000
2012/06/12,0,137000,-205000,-68000
2012/06/13,0,213000,-123000,90000
2012/06/14,0,160000,-99000,61000
2012/06/15,0,180000,-462000,-282000
2012/06/18,0,303000,-186000,117000
2012/06/19,0,84000,-60000,24000
2012/06/20,0,346000,-190000,156000
2012/06/21,0,672000,-102000,570000
2012/06/22,0,546000,-200000,346000
2012/06/25,0,201000,-322000,-121000
2012/06/26,0,368000,-286000,82000
2012/06/27,0,375000,-165000,210000
2012/06/28,0,154000,-112000,42000
2012/06/29,0,382000,-134000,248000
2012/07/02,0,374000,-221000,153000
2012/07/03,0,665000,-339000,326000
2012/07/04,0,47000,-38000,9000
2012/07/05,0,418000,-27000,391000
2012/07/06,0,352000,-126000,226000
2012/07/09,0,346000,-451000,-105000
2012/07/10,0,319000,-766000,-447000
2012/07/11,0,225000,-36000,189000
2012/07/12,0,251000,-80000,171000
2012/07/13,0,199000,-133000,66000
2012/07/16,0,92000,-16988,75012
2012/07/17,0,223000,-698000,-475000
2012/07/18,0,319000,-645000,-326000
2012/07/19,0,384000,-651000,-267000
2012/07/20,0,1535000,-321000,1214000
2012/07/23,0,387000,-432000,-45000
2012/07/24,0,403000,-87000,316000
2012/07/25,0,426000,-167000,259000
2012/07/26,0,195000,-56000,139000
2012/07/27,0,113000,-85000,28000
2012/07/30,0,204000,-52000,152000
2012/07/31,0,1445000,-183000,1262000
2012/08/01,0,648000,-1718000,-1070000
2012/08/02,0,0,0,0
2012/08/03,0,320000,-519000,-199000
2012/08/06,0,143000,-598000,-455000
2012/08/07,0,43000,-250000,-207000
2012/08/08,0,69000,-1138000,-1069000
2012/08/09,0,362000,-290000,72000
2012/08/10,0,373000,-152000,221000
2012/08/13,0,454000,-56000,398000
2012/08/14,0,553000,-62000,491000
2012/08/15,0,101000,-275000,-174000
2012/08/16,0,68000,-32000,36000
2012/08/17,0,216000,-58000,158000
2012/08/20,0,47000,-93000,-46000
2012/08/21,0,69000,-78000,-9000
2012/08/22,0,103000,-176000,-73000
2012/08/23,0,52000,-321000,-269000
2012/08/24,0,70000,-353000,-283000
2012/08/27,0,131000,-167000,-36000
2012/08/28,0,243000,-248000,-5000
2012/08/29,0,26000,-140000,-114000
2012/08/30,0,194000,-1078000,-884000
2012/08/31,0,74000,-457808,-383808
2012/09/03,0,391000,-133000,258000
2012/09/04,0,495000,-276000,219000
2012/09/05,0,266000,-123000,143000
2012/09/06,0,83000,-328000,-245000
2012/09/07,0,107000,-214000,-107000
2012/09/10,0,44000,-155000,-111000
2012/09/11,0,154000,-86000,68000
2012/09/12,0,35000,-64000,-29000
2012/09/13,0,98000,-121000,-23000
2012/09/14,0,416000,-120000,296000
2012/09/17,0,106000,-392000,-286000
2012/09/18,0,210000,-143000,67000
2012/09/19,0,104000,-55000,49000
2012/09/20,0,107000,-124000,-17000
2012/09/21,0,129000,-59000,70000
2012/09/24,0,172000,-296000,-124000
2012/09/25,0,43000,-163000,-120000
2012/09/26,0,172000,-206000,-34000
2012/09/27,0,94000,-42000,52000
2012/09/28,0,114000,-178000,-64000
2012/10/01,0,43000,-88000,-45000
2012/10/02,0,70000,-82000,-12000
2012/10/03,0,5000,-113000,-108000
2012/10/04,0,261000,-60000,201000
2012/10/05,0,158000,-58000,100000
2012/10/08,0,47000,-290000,-243000
2012/10/09,0,184000,-70000,114000
2012/10/10,0,0,0,0
2012/10/11,0,414000,-215000,199000
2012/10/12,0,210000,-133000,77000
2012/10/15,0,265000,-93000,172000
2012/10/16,0,114000,-304000,-190000
2012/10/17,0,142000,-105000,37000
2012/10/18,0,200000,-96000,104000
2012/10/19,0,381000,-185000,196000
2012/10/22,0,76000,-109000,-33000
2012/10/23,0,48000,-226000,-178000
2012/10/24,0,248000,-53000,195000
2012/10/25,0,92000,-81000,11000
2012/10/26,0,210000,-110000,100000
2012/10/29,0,165000,-107000,58000
2012/10/30,0,240000,-86000,154000
2012/10/31,0,85000,-125000,-40000
2012/11/01,0,564000,-125000,439000
2012/11/02,0,221000,-296000,-75000
2012/11/05,0,228000,-154000,74000
2012/11/06,0,103000,-157000,-54000
2012/11/07,0,94000,-34000,60000
2012/11/08,0,85000,-85000,0
2012/11/09,0,147000,-48000,99000
2012/11/12,0,55000,-188000,-133000
2012/11/13,0,139000,-42000,97000
2012/11/14,0,134000,-60000,74000
2012/11/15,0,286000,-52000,234000
2012/11/16,0,137000,-156000,-19000
2012/11/19,0,41000,-192000,-151000
2012/11/20,0,71000,-73000,-2000
2012/11/21,0,183000,-107000,76000
2012/11/22,0,120000,-146000,-26000
2012/11/23,0,118000,-41000,77000
2012/11/26,0,96000,-94000,2000
2012/11/27,0,145000,-38000,107000
2012/11/28,0,59000,-60344,-1344
2012/11/29,0,27000,-160000,-133000
2012/11/30,0,359000,-221000,138000
2012/12/03,0,212000,-84000,128000
2012/12/04,0,64000,-32000,32000
2012/12/05,0,229000,-35000,194000
2012/12/06,0,96000,-189000,-93000
2012/12/07,0,115000,-61000,54000
2012/12/10,0,109000,-73000,36000
2012/12/11,0,112000,-96000,16000
2012/12/12,0,368000,-46030,321970
2012/12/13,0,609000,-167000,442000
2012/12/14,0,59000,-612000,-553000
2012/12/17,0,170000,-114000,56000
2012/12/18,0,60000,-15000,45000
2012/12/19,0,64000,-226375,-162375
2012/12/20,0,25000,-130000,-105000
2012/12/21,0,85000,-112000,-27000
2012/12/24,0,25000,-69000,-44000
2012/12/25,0,77000,-22000,55000
2012/12/26,0,36000,-48000,-12000
2012/12/27,0,39000,-168000,-129000
2012/12/28,0,4000,-131000,-127000
2012/12/31,0,0,0,0
2013/01/01,0,0,0,0
2013/01/02,0,56000,-301000,-245000
2013/01/03,0,48000,-92000,-44000
2013/01/04,0,288000,-159895,128105
2013/01/07,0,124000,-64000,60000
2013/01/08,0,193000,-255000,-62000
2013/01/09,0,634000,-101000,533000
2013/01/10,0,55000,-62000,-7000
2013/01/11,0,39000,-14000,25000
2013/01/14,0,80000,-65000,15000
2013/01/15,0,96000,-107000,-11000
2013/01/16,0,113000,-221000,-108000
2013/01/17,0,206000,-190000,16000
2013/01/18,0,231000,-83000,148000
2013/01/21,0,70000,-67000,3000
2013/01/22,0,131000,-112000,19000
2013/01/23,0,117000,-51141,65859
2013/01/24,0,72000,-260000,-188000
2013/01/25,0,150000,-131000,19000
2013/01/28,0,517000,-219000,298000
2013/01/29,0,185000,-459000,-274000
2013/01/30,0,84000,-449000,-365000
2013/01/31,0,243000,-360000,-117000
2013/02/01,0,20000,-364000,-344000
2013/02/04,0,52000,-92000,-40000
2013/02/05,0,337000,-103000,234000
2013/02/06,0,29000,-367000,-338000
2013/02/07,0,0,0,0
2013/02/08,0,0,0,0
2013/02/11,0,0,0,0
2013/02/12,0,0,0,0
2013/02/13,0,0,0,0
2013/02/14,0,0,0,0
2013/02/15,0,0,0,0
2013/02/18,0,122000,-294000,-172000
2013/02/19,0,180000,-196000,-16000
2013/02/20,0,34000,-275000,-241000
2013/02/21,0,46000,-188000,-142000
2013/02/22,0,114000,-75850,38150
2013/02/25,0,142000,-236000,-94000
2013/02/26,0,103000,-94000,9000
2013/02/27,0,70000,-63000,7000
2013/02/28,0,0,0,0
2013/03/01,0,391000,-43000,348000
2013/03/04,0,393000,-41000,352000
2013/03/05,0,25000,-755000,-730000
2013/03/06,0,30000,-87000,-57000
2013/03/07,0,675000,-71000,604000
2013/03/08,0,182000,-20000,162000
2013/03/11,0,166000,-145000,21000
2013/03/12,0,46000,-1038000,-992000
2013/03/13,0,79000,-194000,-115000
2013/03/14,0,50000,-181000,-131000
2013/03/15,0,53000,-206000,-153000
2013/03/18,0,661000,-88000,573000
2013/03/19,0,142000,-73000,69000
2013/03/20,0,137000,-158000,-21000
2013/03/21,0,66000,-228000,-162000
2013/03/22,0,61000,-590000,-529000
2013/03/25,0,11000,-30000,-19000
2013/03/26,0,365000,-83000,282000
2013/03/27,0,90000,-60000,30000
2013/03/28,0,28000,-286000,-258000
2013/03/29,0,128000,-105000,23000
2013/04/01,0,86000,-161000,-75000
2013/04/02,0,31000,-39000,-8000
2013/04/03,0,55000,-32000,23000
2013/04/04,0,0,0,0
2013/04/05,0,0,0,0
2013/04/08,0,90000,-27000,63000
2013/04/09,0,131000,-44000,87000
2013/04/10,0,52000,-43000,9000
2013/04/11,0,355000,-68000,287000
2013/04/12,0,460000,-57000,403000
2013/04/15,0,136000,-153000,-17000
2013/04/16,0,415000,-66000,349000
2013/04/17,0,228000,-309000,-81000
2013/04/18,0,152000,-111000,41000
2013/04/19,0,142000,-127000,15000
2013/04/22,0,137000,-59000,78000
2013/04/23,0,1974000,-216000,1758000
2013/04/24,0,80000,-623000,-543000
2013/04/25,0,102000,-382000,-280000
2013/04/26,0,24000,-1411000,-1387000
2013/04/29,0,29000,-115000,-86000
2013/04/30,0,51000,-152000,-101000
2013/05/01,0,0,0,0
2013/05/02,0,75000,-122000,-47000
2013/05/03,0,20000,-59000,-39000
2013/05/06,0,110000,-41000,69000
2013/05/07,0,57000,-57000,0
2013/05/08,0,417000,-87000,330000
2013/05/09,0,39000,-204000,-165000
2013/05/10,0,67000,-62000,5000
2013/05/13,0,65000,-94000,-29000
2013/05/14,0,33000,-7000,26000
2013/05/15,0,369000,-296000,73000
2013/05/16,0,368000,-432000,-64000
2013/05/17,0,107000,-629000,-522000
2013/05/20,0,326000,-73000,253000
2013/05/21,0,39000,-357000,-318000
2013/05/22,0,178000,-77000,101000
2013/05/23,0,49000,-491000,-442000
2013/05/24,0,169000,-96000,73000
2013/05/27,0,48000,-59000,-11000
2013/05/28,0,25000,-107000,-82000
2013/05/29,0,91000,-69000,22000
2013/05/30,0,101000,-111000,-10000
2013/05/31,0,9000,-92000,-83000
2013/06/03,0,77000,-58790,18210
2013/06/04,0,65000,-90000,-25000
2013/06/05,0,80000,-85000,-5000
2013/06/06,0,138000,-111000,27000
2013/06/07,0,141000,-189000,-48000
2013/06/10,0,109000,-34000,75000
2013/06/11,0,33000,-71000,-38000
2013/06/12,0,0,0,0
2013/06/13,0,89000,-62000,27000
2013/06/14,0,46000,-138000,-92000
2013/06/17,0,22000,-30000,-8000
2013/06/18,0,122000,-5000,117000
2013/06/19,0,85000,-149000,-64000
2013/06/20,0,105000,-108000,-3000
2013/06/21,0,267000,-39000,228000
2013/06/24,0,79000,-58000,21000
2013/06/25,0,235000,-351000,-116000
2013/06/26,0,153000,-34000,119000
2013/06/27,0,57000,-184000,-127000
2013/06/28,0,57000,-93000,-36000
2013/07/01,0,19000,-230000,-211000
2013/07/02,0,22000,-44000,-22000
2013/07/03,0,25000,-35000,-10000
2013/07/04,0,147000,-42000,105000
2013/07/05,0,161000,-38000,123000
2013/07/08,0,52000,-129000,-77000
2013/07/09,0,86000,-22000,64000
2013/07/10,0,268000,-53000,215000
2013/07/11,0,377000,-195000,182000
2013/07/12,0,26000,-247000,-221000
2013/07/15,0,93000,-69000,24000
2013/07/16,0,24000,-120000,-96000
2013/07/17,0,214000,-32000,182000
2013/07/18,0,41000,-50000,-9000
2013/07/19,0,201000,-154000,47000
2013/07/22,0,41000,-54000,-13000
2013/07/23,0,748000,-225000,523000
2013/07/24,0,247000,-444000,-197000
2013/07/25,0,46000,-230000,-184000
2013/07/26,0,159000,-83000,76000
2013/07/29,0,765000,-142000,623000
2013/07/30,0,274000,-33000,241000
2013/07/31,0,1989000,-191000,1798000
2013/08/01,0,707000,-977000,-270000
2013/08/02,0,82000,-303000,-221000
2013/08/05,0,106000,-11000,95000
2013/08/06,0,57000,-76000,-19000
2013/08/07,0,31000,-317000,-286000
2013/08/08,0,63000,-348000,-285000
2013/08/09,0,84000,-118000,-34000
2013/08/12,0,72000,-47000,25000
2013/08/13,0,38000,-21000,17000
2013/08/14,0,64000,-143000,-79000
2013/08/15,0,149000,-149000,0
2013/08/16,0,79000,-141000,-62000
2013/08/19,0,55000,-84000,-29000
2013/08/20,0,78000,-121000,-43000
2013/08/21,0,0,0,0
2013/08/22,0,148000,-132000,16000
2013/08/23,0,6000,-73000,-67000
2013/08/26,0,85000,-32000,53000
2013/08/27,0,18000,-214000,-196000
2013/08/28,0,39000,-109000,-70000
2013/08/29,0,121000,-12000,109000
2013/08/30,0,11000,-102000,-91000
2013/09/02,0,33000,-18000,15000
2013/09/03,0,108000,-77000,31000
2013/09/04,0,93000,-8000,85000
2013/09/05,0,44000,-877000,-833000
2013/09/06,0,1000,-65000,-64000
2013/09/09,0,28000,-99000,-71000
2013/09/10,0,20000,-19000,1000
2013/09/11,0,43000,-66000,-23000
2013/09/12,0,70000,-13000,57000
2013/09/13,0,120000,-16000,104000
2013/09/16,0,98000,-25000,73000
2013/09/17,0,17000,-72000,-55000
2013/09/18,0,311000,-106000,205000
2013/09/19,0,0,0,0
2013/09/20,0,0,0,0
2013/09/23,0,802000,-56000,746000
2013/09/24,0,14000,-170000,-156000
2013/09/25,0,40000,-40000,0
2013/09/26,0,31000,-156000,-125000
2013/09/27,0,167000,-10000,157000
2013/09/30,0,72000,-24000,48000
2013/10/01,0,8000,-22000,-14000
2013/10/02,0,40000,-23000,17000
2013/10/03,0,63000,-106000,-43000
2013/10/04,0,340000,-11000,329000
2013/10/07,0,60000,-26000,34000
2013/10/08,0,105000,-80000,25000
2013/10/09,0,96000,-32000,64000
2013/10/10,0,0,0,0
2013/10/11,0,75000,-463000,-388000
2013/10/14,0,346000,-42000,304000
2013/10/15,0,102000,-134000,-32000
2013/10/16,0,108000,-86000,22000
2013/10/17,0,39000,-14000,25000
2013/10/18,0,255000,-68000,187000
2013/10/21,0,152000,-184000,-32000
2013/10/22,0,56000,-61000,-5000
2013/10/23,0,15000,-179000,-164000
2013/10/24,0,148000,-19000,129000
2013/10/25,0,98000,-151000,-53000
2013/10/28,0,53000,-20000,33000
2013/10/29,0,63000,-374000,-311000
2013/10/30,0,615000,-139000,476000
2013/10/31,0,249000,-142000,107000
2013/11/01,0,172000,-90000,82000
2013/11/04,0,193000,-538000,-345000
2013/11/05,0,110000,-223000,-113000
2013/11/06,0,154000,-202000,-48000
2013/11/07,0,109000,-182000,-73000
2013/11/08,0,315000,-66000,249000
2013/11/11,0,197000,-50000,147000
2013/11/12,0,212000,-6000,206000
2013/11/13,0,102000,-228000,-126000
2013/11/14,0,92000,-110000,-18000
2013/11/15,0,315000,-17000,298000
2013/11/18,0,168000,-29000,139000
2013/11/19,0,110000,-100000,10000
2013/11/20,0,96000,-103000,-7000
2013/11/21,0,249000,-169000,80000
2013/11/22,0,126000,-121000,5000
2013/11/25,0,301000,-99000,202000
2013/11/26,0,103000,-36000,67000
2013/11/27,0,220000,-10000,210000
2013/11/28,0,88000,-80000,8000
2013/11/29,0,39000,-270000,-231000
2013/12/02,0,50000,-59000,-9000
2013/12/03,0,124000,-89000,35000
2013/12/04,0,84000,-35000,49000
2013/12/05,0,11000,-264000,-253000
2013/12/06,0,76000,-50000,26000
2013/12/09,0,52000,-162000,-110000
2013/12/10,0,72000,-96000,-24000
2013/12/11,0,121000,-75000,46000
2013/12/12,0,48000,-26000,22000
2013/12/13,0,407000,-166000,241000
2013/12/16,0,29000,-194000,-165000
2013/12/17,0,45000,-65000,-20000
2013/12/18,0,18000,-131000,-113000
2013/12/19,0,9000,-68000,-59000
2013/12/20,0,19000,-37000,-18000
2013/12/23,0,52000,-23000,29000
2013/12/24,0,22000,-59000,-37000
2013/12/25,0,19000,-16000,3000
2013/12/26,0,1000,-2000,-1000
2013/12/27,0,3000,-73000,-70000
2013/12/30,0,42000,-51000,-9000
2013/12/31,0,68000,-48000,20000
2014/01/02,0,26000,-18000,8000
2014/01/03,0,22000,-49000,-27000
2014/01/06,0,218000,-54000,164000
2014/01/07,0,128000,-142902,-14902
2014/01/08,0,89000,-45000,44000
2014/01/09,0,6000,-116000,-110000
2014/01/10,0,124000,-55000,69000
2014/01/13,0,198000,-115000,83000
2014/01/14,0,225000,-251000,-26000
2014/01/15,0,255000,-312000,-57000
2014/01/16,0,91000,-203000,-112000
2014/01/17,0,408000,-98000,310000
2014/01/20,0,218000,-124892,93108
2014/01/21,0,129000,-303000,-174000
2014/01/22,0,89000,-112000,-23000
2014/01/23,0,64000,-174000,-110000
2014/01/24,0,100000,-22000,78000
2014/01/27,0,270000,-58000,212000
2014/02/05,0,466000,-243000,223000
2014/02/06,0,255000,-102000,153000
2014/02/07,0,84000,-38000,46000
2014/02/10,0,54000,-25000,29000
2014/02/11,0,34000,-66000,-32000
2014/02/12,0,42000,-35000,7000
2014/02/13,0,4000,-61000,-57000
2014/02/14,0,43000,-31000,12000
2014/02/17,0,87000,-2000,85000
2014/02/18,0,98000,-43000,55000
2014/02/19,0,52000,-52000,0
2014/02/20,0,21000,-144000,-123000
2014/02/21,0,93000,-16000,77000
2014/02/24,0,62000,-409000,-347000
2014/02/25,0,44000,-51000,-7000
2014/02/26,0,68000,-3000,65000
2014/02/27,0,107000,-65000,42000
2014/03/03,0,112000,-168000,-56000
2014/03/04,0,4000,-52000,-48000
2014/03/05,0,1082000,-699000,383000
2014/03/06,0,212000,-469000,-257000
2014/03/07,0,120000,-266000,-146000
2014/03/10,0,64000,-29000,35000
2014/03/11,0,280000,-173000,107000
2014/03/12,0,31000,-120000,-89000
2014/03/13,0,614000,-218000,396000
2014/03/14,0,594000,-536000,58000
2014/03/17,0,32000,-367000,-335000
2014/03/18,0,92000,-69000,23000
2014/03/19,0,137000,-396400,-259400
2014/03/20,0,50000,-81000,-31000
2014/03/21,0,206000,-96000,110000
2014/03/24,0,157000,-119000,38000
2014/03/25,0,18000,-112000,-94000
2014/03/26,0,380000,-271000,109000
2014/03/27,0,70000,-560000,-490000
2014/03/28,0,5000,-222000,-217000
2014/03/31,0,286000,-105000,181000
2014/04/01,0,117000,-125000,-8000
2014/04/02,0,121000,-189000,-68000
2014/04/03,0,23000,-48000,-25000
2014/04/07,0,497000,-5000,492000
2014/04/08,0,126000,-360845,-234845
2014/04/09,0,89000,-226000,-137000
2014/04/10,0,44000,-162000,-118000
2014/04/11,0,96000,-139000,-43000
2014/04/14,0,38000,-83000,-45000
2014/04/15,0,43000,-100000,-57000
2014/04/16,0,204000,-291000,-87000
2014/04/17,0,18000,-59000,-41000
2014/04/18,0,6000,-60000,-54000
2014/04/21,0,7000,-36000,-29000
2014/04/22,0,1000,-64000,-63000
2014/04/23,0,341000,-219000,122000
2014/04/24,0,16000,-49000,-33000
2014/04/25,0,44000,-434000,-390000
2014/04/28,0,104000,-150000,-46000
2014/04/29,0,2000,-134000,-132000
2014/04/30,0,48000,-118000,-70000
2014/05/02,0,26000,-101000,-75000
2014/05/05,0,7000,-150000,-143000
2014/05/06,0,108000,-250000,-142000
2014/05/07,0,43000,-294820,-251820
2014/05/08,0,99000,-122000,-23000
2014/05/09,0,1000,-215000,-214000
2014/05/12,0,12000,-183000,-171000
2014/05/13,0,500000,-162000,338000
2014/05/14,0,199000,-623000,-424000
2014/05/15,0,31000,-22000,9000
2014/05/16,0,35000,-178000,-143000
2014/05/19,0,9000,-48440,-39440
2014/05/20,0,13000,-45788,-32788
2014/05/21,0,196000,-30000,166000
2014/05/22,0,106000,-54000,52000
2014/05/23,0,133000,-17000,116000
2014/05/26,0,3000,-43000,-40000
2014/05/27,0,17000,-106000,-89000
2014/05/28,0,245000,-16000,229000
2014/05/29,0,33000,-12790,20210
2014/05/30,0,14000,-118000,-104000
2014/06/03,0,5000,-94000,-89000
2014/06/04,0,24000,-33000,-9000
2014/06/05,0,4000,-103000,-99000
2014/06/06,0,0,-13000,-13000
2014/06/09,0,54000,-21000,33000
2014/06/10,0,96000,-25000,71000
2014/06/11,0,76000,-53000,23000
2014/06/12,0,29000,-49000,-20000
2014/06/13,0,9000,-107000,-98000
2014/06/16,0,93000,-137000,-44000
2014/06/17,0,20000,-78000,-58000
2014/06/18,0,210000,-83000,127000
2014/06/19,0,416000,-96000,320000
2014/06/20,0,150000,-120000,30000
2014/06/23,0,0,-492000,-492000
2014/06/24,0,33000,0,33000
2014/06/25,0,12000,-12000,0
2014/06/26,0,65000,0,65000
2014/06/27,0,45000,0,45000
2014/06/30,0,113000,-39000,74000
2014/07/01,0,72000,-10000,62000
2014/07/02,0,42000,-44000,-2000
2014/07/03,0,30000,-68000,-38000
2014/07/04,0,25000,-20000,5000
2014/07/07,0,0,-188000,-188000
2014/07/08,0,21000,-34000,-13000
2014/07/09,0,25000,-58000,-33000
2014/07/10,0,44000,-5000,39000
2014/07/11,0,99000,-62000,37000
2014/07/14,0,92000,-80000,12000
2014/07/15,0,27000,-135000,-108000
2014/07/16,0,292000,-212000,80000
2014/07/17,0,52000,-77000,-25000
2014/07/18,0,97000,-4000,93000
2014/07/21,0,17000,0,17000
2014/07/22,0,118000,-49000,69000
2014/07/23,0,0,0,0
2014/07/24,0,30000,-17000,13000
2014/07/25,0,14000,-181000,-167000
2014/07/28,0,38000,-10000,28000
2014/07/29,0,89000,-86000,3000
2014/07/30,0,90000,-4000,86000
2014/07/31,0,798000,-39000,759000
2014/08/01,0,99000,-244000,-145000
2014/08/04,0,112000,-107000,5000
2014/08/05,0,94000,-48000,46000
2014/08/06,0,66000,-104000,-38000
2014/08/07,0,0,-174000,-174000
2014/08/08,0,12000,-13000,-1000
2014/08/11,0,112000,-6000,106000
2014/08/12,0,89000,-43000,46000
2014/08/13,0,3000,-20000,-17000
2014/08/14,0,402000,-180000,222000
2014/08/15,0,37000,-330000,-293000
2014/08/18,0,0,-63000,-63000
2014/08/19,0,23000,-20000,3000
2014/08/20,0,25000,-140000,-115000
2014/08/21,0,64000,-9000,55000
2014/08/22,0,29000,-10000,19000
2014/08/25,0,1000,-25000,-24000
2014/08/26,0,26000,-6000,20000
2014/08/27,0,345000,-36000,309000
2014/08/28,0,300000,-169000,131000
2014/08/29,0,232000,-426000,-194000
2014/09/01,0,75000,-85000,-10000
2014/09/02,0,27000,-182000,-155000
2014/09/03,0,1000,-79000,-78000
2014/09/04,0,28000,-41000,-13000
2014/09/05,0,88000,-34000,54000
2014/09/09,0,32000,-55000,-23000
2014/09/10,0,15000,-48000,-33000
2014/09/11,0,56000,-32000,24000
2014/09/12,0,118000,-43000,75000
2014/09/15,0,77000,-146000,-69000
2014/09/16,0,183000,-82000,101000
2014/09/17,0,190000,-339000,-149000
2014/09/18,0,292000,-35000,257000
2014/09/19,0,91000,-137000,-46000
2014/09/22,0,72000,-137045,-65045
2014/09/23,0,182000,-124000,58000
2014/09/24,0,81000,-38000,43000
2014/09/25,0,45000,-13000,32000
2014/09/26,0,106000,-48000,58000
2014/09/29,0,72000,-65000,7000
2014/09/30,0,149000,-63000,86000
2014/10/01,0,46000,-160000,-114000
2014/10/02,0,50000,-71000,-21000
2014/10/03,0,104000,-62000,42000
2014/10/06,0,39000,-12000,27000
2014/10/07,0,23000,-59000,-36000
2014/10/08,0,94000,-93000,1000
2014/10/09,0,109000,-216000,-107000
2014/10/13,0,200000,-75000,125000
2014/10/14,0,127000,-33000,94000
2014/10/15,0,455000,-248000,207000
2014/10/16,0,184000,-281000,-97000
2014/10/17,0,141000,-227000,-86000
2014/10/20,0,233158,-169000,64158
2014/10/21,0,114000,-209000,-95000
2014/10/22,0,33000,-84000,-51000
2014/10/23,0,67000,-329,66671
2014/10/24,0,52000,-45000,7000
2014/10/27,0,71000,-17000,54000
2014/10/28,0,180000,-95000,85000
2014/10/29,0,144000,-124000,20000
2014/10/30,0,84000,-58481,25519
2014/10/31,0,39000,-50000,-11000
2014/11/03,0,50000,-125000,-75000
2014/11/04,0,41000,-40000,1000
2014/11/05,0,39000,-47000,-8000
2014/11/06,0,124000,-115753,8247
2014/11/07,0,42000,-14000,28000
2014/11/10,0,37000,-3000,34000
2014/11/11,0,12000,-50000,-38000
2014/11/12,0,40000,-42000,-2000
2014/11/13,0,347000,-217000,130000
2014/11/14,0,936000,-85000,851000
2014/11/17,0,189000,-21000,168000
2014/11/18,0,117000,-53000,64000
2014/11/19,0,538000,-1065000,-527000
2014/11/20,0,183000,-276000,-93000
2014/11/21,0,229000,-177000,52000
2014/11/24,0,120000,-113000,7000
2014/11/25,0,72000,-94000,-22000
2014/11/26,0,14000,-199000,-185000
2014/11/27,0,17000,-22000,-5000
2014/11/28,0,27000,-50000,-23000
2014/12/01,0,41000,-40000,1000
2014/12/02,0,368000,-17000,351000
2014/12/03,0,10000,-269000,-259000
2014/12/04,0,22000,-53000,-31000
2014/12/05,0,21000,-57122,-36122
2014/12/08,0,128000,-57000,71000
2014/12/09,0,16000,-64000,-48000
2014/12/10,0,72000,-50000,22000
2014/12/11,0,30000,-91000,-61000
2014/12/12,0,39000,-22000,17000
2014/12/15,0,99000,-10000,89000
2014/12/16,0,43000,-20000,23000
2014/12/17,0,96000,-163000,-67000
2014/12/18,0,89000,-27000,62000
2014/12/19,0,152000,-114000,38000
2014/12/22,0,57000,-68000,-11000
2014/12/23,0,20000,-35000,-15000
2014/12/24,0,174000,-12000,162000
2014/12/25,0,83000,-71000,12000
2014/12/26,0,53000,-25000,28000
2014/12/29,0,120000,-44000,76000
2014/12/30,0,85000,-107000,-22000
2014/12/31,0,69000,-112000,-43000
2015/01/01,0,0,0,0
2015/01/02,0,0,0,0
2015/01/05,0,88000,-82000,6000
2015/01/06,0,47000,-309000,-262000
2015/01/07,0,42000,-31000,11000
2015/01/08,0,11000,-18000,-7000
2015/01/09,0,254000,-12000,242000
2015/01/12,0,108000,-55000,53000
2015/01/13,0,39000,-73000,-34000
2015/01/14,0,103000,-286000,-183000
2015/01/15,0,139000,-103000,36000
2015/01/16,0,107000,-91119,15881
2015/01/19,0,182000,-270000,-88000
2015/01/20,0,67000,-139000,-72000
2015/01/21,0,75000,-115000,-40000
2015/01/22,0,34000,-83000,-49000
2015/01/23,0,245000,-60000,185000
2015/01/26,0,60000,-78000,-18000
2015/01/27,0,57000,-103000,-46000
2015/01/28,0,15000,-218000,-203000
2015/01/29,0,54000,-89000,-35000
2015/01/30,0,40000,-56000,-16000
2015/02/02,0,15000,-38000,-23000
2015/02/03,0,199000,-59000,140000
2015/02/04,0,591000,-226000,365000
2015/02/05,0,98000,-415119,-317119
2015/02/06,0,102000,-131000,-29000
2015/02/09,0,20000,-29000,-9000
2015/02/10,0,29000,-35000,-6000
2015/02/11,0,26000,-9000,17000
2015/02/12,0,45000,-25000,20000
2015/02/13,0,71000,-108000,-37000
2015/02/16,0,0,0,0
2015/02/17,0,0,0,0
2015/02/18,0,0,0,0
2015/02/19,0,0,0,0
2015/02/20,0,0,0,0
2015/02/23,0,0,0,0
2015/02/24,0,213000,-230000,-17000
2015/02/25,0,73000,-74000,-1000
2015/02/26,0,111000,-37000,74000
2015/02/27,0,0,0,0
2015/03/02,0,71000,-29000,42000
2015/03/03,0,115000,-42000,73000
2015/03/04,0,73000,-41000,32000
2015/03/05,0,85000,-163842,-78842
2015/03/06,0,139000,-88000,51000
2015/03/09,0,172000,-121071,50929
2015/03/10,0,259000,-77000,182000
2015/03/11,0,22000,-111000,-89000
2015/03/12,0,111000,-173000,-62000
2015/03/13,0,93000,-111000,-18000
2015/03/16,0,75000,-18000,57000
2015/03/17,0,17000,-44119,-27119
2015/03/18,0,36000,-130000,-94000
2015/03/19,0,65000,-21000,44000
2015/03/20,0,34000,-78000,-44000
2015/03/23,0,46000,-89000,-43000
2015/03/24,0,138000,-59000,79000
2015/03/25,0,89000,-336000,-247000
2015/03/26,0,122000,-45000,77000
2015/03/27,0,60000,-37000,23000
2015/03/30,0,90000,-196000,-106000
2015/03/31,0,46000,-59000,-13000
2015/04/01,0,44000,-32000,12000
2015/04/02,0,2000,-34000,-32000
2015/04/03,0,0,0,0
2015/04/06,0,0,0,0
2015/04/07,0,12000,-17000,-5000
2015/04/08,0,25000,-72000,-47000
2015/04/09,0,90000,-32000,58000
2015/04/10,0,174000,-108000,66000
2015/04/13,0,55000,-74000,-19000
2015/04/14,0,20000,-1000,19000
2015/04/15,0,215000,-78000,137000
2015/04/16,0,113000,-83000,30000
2015/04/17,0,11000,-100000,-89000
2015/04/20,0,474000,-22000,452000
2015/04/21,0,78000,-385000,-307000
2015/04/22,0,24000,-263000,-239000
2015/04/23,0,205000,-26000,179000
2015/04/24,0,194000,-274000,-80000
2015/04/27,0,329000,-41000,288000
2015/04/28,0,75000,-165000,-90000
2015/04/29,0,208000,-47000,161000
2015/04/30,0,92000,-237000,-145000
2015/05/01,0,0,0,0
2015/05/04,0,265000,-198000,67000
2015/05/05,0,98000,-343000,-245000
2015/05/06,0,8000,-98000,-90000
2015/05/07,0,16000,-53000,-37000
2015/05/08,0,72000,0,72000
2015/05/11,0,61000,-3000,58000
2015/05/12,0,81000,-123000,-42000
2015/05/13,0,3000,-39000,-36000
2015/05/14,0,94000,-231000,-137000
2015/05/15,0,109000,-162000,-53000
2015/05/18,0,10000,-41000,-31000
2015/05/19,0,1000,-14000,-13000
2015/05/20,0,8000,-249000,-241000
2015/05/21,0,68000,-124000,-56000
2015/05/22,0,84000,-28000,56000
2015/05/25,0,151000,-24000,127000
2015/05/26,0,44000,-43000,1000
2015/05/27,0,32000,-40000,-8000
2015/05/28,0,35000,-23000,12000
2015/05/29,0,79000,-15000,64000
2015/06/01,0,51000,-36000,15000
2015/06/02,0,104000,-26000,78000
2015/06/03,0,13000,-66000,-53000
2015/06/04,0,36000,-175000,-139000
2015/06/05,0,27000,-170000,-143000
2015/06/08,0,10000,-27000,-17000
2015/06/09,0,50000,-10000,40000
2015/06/10,0,127000,-16000,111000
2015/06/11,0,139000,-18000,121000
2015/06/12,0,184000,-19000,165000
2015/06/15,0,71000,-68000,3000
2015/06/16,0,113000,-61000,52000
2015/06/17,0,152000,-15000,137000
2015/06/18,0,79000,-35000,44000
2015/06/19,0,0,0,0
2015/06/22,0,127000,-12000,115000
2015/06/23,0,14000,-5000,9000
2015/06/24,0,67000,0,67000
2015/06/25,0,73000,-40000,33000
2015/06/26,0,43000,-51000,-8000
2015/06/29,0,40000,-22000,18000
2015/06/30,0,15000,-68000,-53000
2015/07/01,0,46000,-4000,42000
2015/07/02,0,7000,-24000,-17000
2015/07/03,0,10000,-91000,-81000
2015/07/06,0,46000,-6000,40000
2015/07/07,0,6000,-30000,-24000
2015/07/08,0,205000,-242000,-37000
2015/07/09,0,139000,-68000,71000
2015/07/10,0,0,0,0
2015/07/13,0,68000,-17000,51000
2015/07/14,0,21000,-82000,-61000
2015/07/15,0,36000,-104000,-68000
2015/07/16,0,51000,0,51000
2015/07/17,0,42000,-16000,26000
2015/07/20,0,63000,-39000,24000
2015/07/21,0,92000,-34000,58000
2015/07/22,0,159000,-16000,143000
2015/07/23,0,153000,-75000,78000
2015/07/24,0,148000,-57000,91000
2015/07/27,0,439000,-26000,413000
2015/07/28,0,623000,-23000,600000
2015/07/29,0,41000,-117000,-76000
2015/07/30,0,63000,-64000,-1000
2015/07/31,0,10000,-178000,-168000
2015/08/03,0,59000,-240000,-181000
2015/08/04,0,509000,-8000,501000
2015/08/05,0,228000,-10000,218000
2015/08/06,0,133000,-38000,95000
2015/08/07,0,103000,-23000,80000
2015/08/10,0,53000,-63000,-10000
2015/08/11,0,149000,-285000,-136000
2015/08/12,0,184000,-162000,22000
2015/08/13,0,182000,-123000,59000
2015/08/14,0,88000,-64000,24000
2015/08/17,0,132000,-139000,-7000
2015/08/18,0,108000,-117000,-9000
2015/08/19,0,178000,-275000,-97000
2015/08/20,0,32000,-50000,-18000
2015/08/21,0,107000,-114000,-7000
2015/08/24,0,284000,-364000,-80000
2015/08/25,0,361000,-216000,145000
2015/08/26,0,126000,-308000,-182000
2015/08/27,0,21000,-154000,-133000
2015/08/28,0,47000,-81000,-34000
2015/08/31,0,10000,-135000,-125000
2015/09/01,0,80000,-309185,-229185
2015/09/02,0,2000,-66000,-64000
2015/09/03,0,0,-184000,-184000
2015/09/04,0,1000,-157000,-156000
2015/09/07,0,60000,-12000,48000
2015/09/08,0,202000,-78000,124000
2015/09/09,0,191000,-214000,-23000
2015/09/10,0,30000,-151000,-121000
2015/09/11,0,77000,-68000,9000
2015/09/14,0,0,-18000,-18000
2015/09/15,0,75000,-26000,49000
2015/09/16,0,291000,-50000,241000
2015/09/17,0,85000,-194000,-109000
2015/09/18,0,20000,-72000,-52000
2015/09/21,0,80000,-78000,2000
2015/09/22,0,23000,-116000,-93000
2015/09/23,0,46000,-239000,-193000
2015/09/24,0,82000,-71000,11000
2015/09/25,0,89000,0,89000
2015/09/28,0,0,0,0
2015/09/29,0,0,0,0
2015/09/30,0,359000,-7000,352000
2015/10/01,0,312000,-185000,127000
2015/10/02,0,89000,-323000,-234000
2015/10/05,0,305000,-42000,263000
2015/10/06,0,150000,-133000,17000
2015/10/07,0,529000,-159000,370000
2015/10/08,0,198000,-330000,-132000
2015/10/09,0,0,0,0
2015/10/12,0,493000,-144000,349000
2015/10/13,0,86000,-370000,-284000
2015/10/14,0,266000,-227000,39000
2015/10/15,0,255000,-246000,9000
2015/10/16,0,3000,-495000,-492000
2015/10/19,0,172000,-131000,41000
2015/10/20,0,89000,-194000,-105000
2015/10/21,0,146000,-125000,21000
2015/10/22,0,33000,-173000,-140000
2015/10/23,0,32000,-114000,-82000
2015/10/26,0,164000,-5000,159000
2015/10/27,0,58000,-119000,-61000
2015/10/28,0,66000,-187000,-121000
2015/10/29,0,108000,-45000,63000
2015/10/30,0,111000,-29000,82000
2015/11/02,0,123000,-6000,117000
2015/11/03,0,51000,-136000,-85000
2015/11/04,0,26000,-99000,-73000
2015/11/05,0,46000,-46000,0
2015/11/06,0,45000,-145000,-100000
2015/11/09,0,169000,-35000,134000
2015/11/10,0,12000,-15000,-3000
2015/11/11,0,39000,-78000,-39000
2015/11/12,0,88000,-26000,62000
2015/11/13,0,74000,-56000,18000
2015/11/16,0,41000,-11000,30000
2015/11/17,0,110000,-16000,94000
2015/11/18,0,75000,-70000,5000
2015/11/19,0,101000,-38000,63000
2015/11/20,0,2000,-82000,-80000
2015/11/23,0,174000,-30000,144000
2015/11/24,0,112000,-11000,101000
2015/11/25,0,125000,-85000,40000
2015/11/26,0,33000,-40000,-7000
2015/11/27,0,71000,-11000,60000
2015/11/30,0,77000,-139000,-62000
2015/12/01,0,26000,-126000,-100000
2015/12/02,0,609000,-131000,478000
2015/12/03,0,36000,-288000,-252000
2015/12/04,0,106000,-238000,-132000
2015/12/07,0,50000,-34000,16000
2015/12/08,0,17000,-61000,-44000
2015/12/09,0,180000,-180000,0
2015/12/10,0,489000,-14000,475000
2015/12/11,0,131000,-307000,-176000
2015/12/14,0,117000,-57000,60000
2015/12/15,0,30000,-55000,-25000
2015/12/16,0,131000,-33000,98000
2015/12/17,0,171000,-53000,118000
2015/12/18,0,25000,-170000,-145000
2015/12/21,0,4000,-55000,-51000
2015/12/22,0,37000,-5000,32000
2015/12/23,0,13000,-25000,-12000
2015/12/24,0,0,-20000,-20000
2015/12/25,0,8000,-11000,-3000
2015/12/28,0,2000,-1000,1000
2015/12/29,0,51000,-44000,7000
2015/12/30,0,68000,-18000,50000
2015/12/31,0,31000,-6000,25000
2016/01/01,0,0,0,0
2016/01/04,0,197000,-129000,68000
2016/01/05,0,98000,-25000,73000
2016/01/06,0,114000,-97000,17000
2016/01/07,0,333000,-183000,150000
2016/01/08,0,79000,-46000,33000
2016/01/11,0,120000,-154000,-34000
2016/01/12,0,29000,-196000,-167000
2016/01/13,0,37000,-39000,-2000
2016/01/14,0,67000,-42000,25000
2016/01/15,0,89000,-183000,-94000
2016/01/18,0,533000,-31000,502000
2016/01/19,0,39000,-9000,30000
2016/01/20,0,64000,-631000,-567000
2016/01/21,0,220000,-60000,160000
2016/01/22,0,29000,-15000,14000
2016/01/25,0,64000,-27000,37000
2016/01/26,0,48000,-101000,-53000
2016/01/27,0,3000,-27000,-24000
2016/01/28,0,337000,-6000,331000
2016/01/29,0,97000,-425000,-328000
2016/02/01,0,18000,-23000,-5000
2016/02/02,0,10000,-197000,-187000
2016/02/03,0,118000,-69000,49000
2016/02/04,0,0,0,0
2016/02/05,0,0,0,0
2016/02/08,0,0,0,0
2016/02/09,0,0,0,0
2016/02/10,0,0,0,0
2016/02/11,0,0,0,0
2016/02/12,0,0,0,0
2016/02/15,0,211000,-13000,198000
2016/02/16,0,172000,-165000,7000
2016/02/17,0,345000,-123000,222000
2016/02/18,0,66000,-101000,-35000
2016/02/19,0,33000,-150000,-117000
2016/02/22,0,81000,-135000,-54000
2016/02/23,0,16000,-147000,-131000
2016/02/24,0,35000,-167000,-132000
2016/02/25,0,0,-37000,-37000
2016/02/26,0,18000,-236000,-218000
2016/02/29,0,0,0,0
2016/03/01,0,164000,-24000,140000
2016/03/02,0,16000,-87000,-71000
2016/03/03,0,27000,-42000,-15000
2016/03/04,0,106000,-59000,47000
2016/03/07,0,42000,-54000,-12000
2016/03/08,0,8000,-45000,-37000
2016/03/09,0,48000,-17000,31000
2016/03/10,0,100000,-53000,47000
2016/03/11,0,59000,-419000,-360000
2016/03/14,0,58000,-69000,-11000
2016/03/15,0,30000,-94000,-64000
2016/03/16,0,149000,-21000,128000
2016/03/17,0,58000,-85000,-27000
2016/03/18,0,101000,-68000,33000
2016/03/21,0,140000,-94000,46000
2016/03/22,0,35000,-373000,-338000
2016/03/23,0,28000,-59000,-31000
2016/03/24,0,263000,-52000,211000
2016/03/25,0,121000,-263000,-142000
2016/03/28,0,7000,-19000,-12000
2016/03/29,0,122000,-37000,85000
2016/03/30,0,140000,-20000,120000
2016/03/31,0,392000,-71000,321000
2016/04/01,0,38000,-86000,-48000
2016/04/04,0,0,0,0
2016/04/05,0,0,0,0
2016/04/06,0,47000,-31000,16000
2016/04/07,0,72000,-63000,9000
2016/04/08,0,58000,-364000,-306000
2016/04/11,0,57000,-44000,13000
2016/04/12,0,6000,-97000,-91000
2016/04/13,0,31000,-48000,-17000
2016/04/14,0,43000,-52000,-9000
2016/04/15,0,52000,-44000,8000
2016/04/18,0,16000,-10000,6000
2016/04/19,0,66000,-107000,-41000
2016/04/20,0,103000,-104000,-1000
2016/04/21,0,56000,-17000,39000
2016/04/22,0,126000,-72000,54000
2016/04/25,0,17000,-31000,-14000
2016/04/26,0,108000,-29000,79000
2016/04/27,0,50000,-127000,-77000
2016/04/28,0,27000,-90000,-63000
2016/04/29,0,384000,-58000,326000
2016/05/02,0,0,0,0
2016/05/03,0,100000,-39836,60164
2016/05/04,0,185000,-137000,48000
2016/05/05,0,179000,-24000,155000
2016/05/06,0,136000,-38000,98000
2016/05/09,0,53000,-5000,48000
2016/05/10,0,182000,-161000,21000
2016/05/11,0,121000,-180000,-59000
2016/05/12,0,134000,-53000,81000
2016/05/13,0,241000,-98000,143000
2016/05/16,0,58000,-56000,2000
2016/05/17,0,81000,-32000,49000
2016/05/18,0,228000,-106000,122000
2016/05/19,0,56000,-114000,-58000
2016/05/20,0,17000,-51000,-34000
2016/05/23,0,66000,-38000,28000
2016/05/24,0,75000,-20000,55000
2016/05/25,0,391000,-82000,309000
2016/05/26,0,35000,-91000,-56000
2016/05/27,0,130000,-39000,91000
2016/05/30,0,30000,-62000,-32000
2016/05/31,0,3000,-20000,-17000
2016/06/01,0,87000,-84000,3000
2016/06/02,0,24000,-147000,-123000
2016/06/03,0,1000,-49000,-48000
2016/06/06,0,21000,-41000,-20000
2016/06/07,0,193000,-104000,89000
2016/06/08,0,60000,-120000,-60000
2016/06/09,0,0,0,0
2016/06/10,0,0,0,0
2016/06/13,0,14000,-86000,-72000
2016/06/14,0,45000,-17000,28000
2016/06/15,0,144000,-54000,90000
2016/06/16,0,165000,-19000,146000
2016/06/17,0,197000,-26000,171000
2016/06/20,0,181000,-133000,48000
2016/06/21,0,90000,-29000,61000
2016/06/22,0,113000,-44000,69000
2016/06/23,0,268000,-90000,178000
2016/06/24,0,69000,-262000,-193000
2016/06/27,0,206000,-4000,202000
2016/06/28,0,30000,-26000,4000
2016/06/29,0,63000,-53000,10000
2016/06/30,0,194000,-210000,-16000
2016/07/01,0,360000,-114000,246000
2016/07/04,0,154000,-390000,-236000
2016/07/05,0,27000,-183000,-156000
2016/07/06,0,29000,-77000,-48000
2016/07/07,0,86000,-47000,39000
2016/07/08,0,0,0,0
2016/07/11,0,260000,-328000,-68000
2016/07/12,0,63000,-186000,-123000
2016/07/13,0,213000,-256000,-43000
2016/07/14,0,64000,-101000,-37000
2016/07/15,0,74000,-129000,-55000
2016/07/18,0,142000,-403000,-261000
2016/07/19,0,51000,-540000,-489000
2016/07/20,0,116000,-159000,-43000
2016/07/21,0,332000,-186000,146000
2016/07/22,0,79000,-174000,-95000
2016/07/25,0,53000,-138000,-85000
2016/07/26,0,462000,-149000,313000
2016/07/27,0,209000,-270000,-61000
2016/07/28,0,434000,-123000,311000
2016/07/29,0,1846000,-67000,1779000
2016/08/01,0,19000,-1624000,-1605000
2016/08/02,0,18000,-336000,-318000
2016/08/03,0,89000,-316000,-227000
2016/08/04,0,26000,-401000,-375000
2016/08/05,0,66000,-272000,-206000
2016/08/08,0,14000,-263000,-249000
2016/08/09,0,4000,-80000,-76000
2016/08/10,0,3000,-153000,-150000
2016/08/11,0,12000,-124000,-112000
2016/08/12,0,5000,-40000,-35000
2016/08/15,0,252000,-96000,156000
2016/08/16,0,20000,-193000,-173000
2016/08/17,0,7000,-102000,-95000
2016/08/18,0,1000,-56000,-55000
2016/08/19,0,1000,-43000,-42000
2016/08/22,0,4000,-73000,-69000
2016/08/23,0,197000,-13000,184000
2016/08/24,0,0,-102000,-102000
2016/08/25,0,46000,-30000,16000
2016/08/26,0,0,-48000,-48000
2016/08/29,0,3000,-65000,-62000
2016/08/30,0,32000,-73000,-41000
2016/08/31,0,17000,-245000,-228000
2016/09/01,0,11000,-186000,-175000
2016/09/02,0,13000,-44000,-31000
2016/09/05,0,25000,-7000,18000
2016/09/06,0,90000,-26000,64000
2016/09/07,0,321000,-74000,247000
2016/09/08,0,148000,-47000,101000
2016/09/09,0,24000,-24000,0
2016/09/12,0,23000,-134000,-111000
2016/09/13,0,106000,-34000,72000
2016/09/14,0,83000,-20000,63000
2016/09/15,0,0,0,0
2016/09/16,0,0,0,0
2016/09/19,0,284000,-338000,-54000
2016/09/20,0,254000,-59000,195000
2016/09/21,0,285000,-216000,69000
2016/09/22,0,428000,-231000,197000
2016/09/23,0,87000,-70000,17000
2016/09/26,0,29000,-17000,12000
2016/09/27,0,0,0,0
2016/09/28,0,0,0,0
2016/09/29,0,257000,-97000,160000
2016/09/30,0,92000,-160000,-68000
2016/10/03,0,63000,-22000,41000
2016/10/04,0,71000,-38000,33000
2016/10/05,0,27000,-59000,-32000
2016/10/06,0,11000,-14000,-3000
2016/10/07,0,86000,-7000,79000
2016/10/10,0,0,0,0
2016/10/11,0,89000,-50000,39000
2016/10/12,0,88000,-26000,62000
2016/10/13,0,73000,-47000,26000
2016/10/14,0,108000,-427000,-319000
2016/10/17,0,124000,-44000,80000
2016/10/18,0,131000,-59000,72000
2016/10/19,0,108000,-136000,-28000
2016/10/20,0,101000,-68000,33000
2016/10/21,0,47000,-62000,-15000
2016/10/24,0,80000,-19000,61000
2016/10/25,0,164000,-150000,14000
2016/10/26,0,132000,-74000,58000
2016/10/27,0,87000,-14000,73000
2016/10/28,0,15000,-51000,-36000
2016/10/31,0,31000,-25000,6000
2016/11/01,0,28000,-18000,10000
2016/11/02,0,102000,-6000,96000
2016/11/03,0,44000,-22000,22000
2016/11/04,0,27000,-32000,-5000
2016/11/07,0,63000,-39000,24000
2016/11/08,0,2000,-19000,-17000
2016/11/09,0,225000,-353000,-128000
2016/11/10,0,85000,-23000,62000
2016/11/11,0,178000,-138000,40000
2016/11/14,0,162000,-28000,134000
2016/11/15,0,45000,-2000,43000
2016/11/16,0,163000,-42000,121000
2016/11/17,0,43000,-252000,-209000
2016/11/18,0,58000,-47000,11000
2016/11/21,0,25000,-65000,-40000
2016/11/22,0,132000,-16000,116000
2016/11/23,0,35000,-63000,-28000
2016/11/24,0,20000,-20000,0
2016/11/25,0,7000,-1000,6000
2016/11/28,0,72000,-9330,62670
2016/11/29,0,127000,-39000,88000
2016/11/30,0,901000,-14000,887000
2016/12/01,0,869000,-127000,742000
2016/12/02,0,22000,-60000,-38000
2016/12/05,0,19000,-24000,-5000
2016/12/06,0,48000,-2000,46000
2016/12/07,0,5000,-10000,-5000
2016/12/08,0,21000,-12000,9000
2016/12/09,0,15000,-69000,-54000
2016/12/12,0,321000,-13000,308000
2016/12/13,0,11000,-159000,-148000
2016/12/14,0,25000,-98000,-73000
2016/12/15,0,47000,-4000,43000
2016/12/16,0,74000,-1724000,-1650000
2016/12/19,0,79000,-9000,70000
2016/12/20,0,80000,-26000,54000
2016/12/21,0,240000,-3000,237000
2016/12/22,0,45000,-7000,38000
2016/12/23,0,60000,-2000,58000
2016/12/26,0,24000,-7000,17000
2016/12/27,0,17000,-3000,14000
2016/12/28,0,7000,-1000,6000
2016/12/29,0,24000,0,24000
2016/12/30,0,5000,-43000,-38000
2017/01/02,0,0,0,0
2017/01/03,0,5000,-6000,-1000
2017/01/04,0,312000,-19000,293000
2017/01/05,0,381000,-15000,366000
2017/01/06,0,338000,-19000,319000
2017/01/09,0,348000,-29000,319000
2017/01/10,0,306000,-51000,255000
2017/01/11,0,73000,-111000,-38000
2017/01/12,0,24000,-1597000,-1573000
2017/01/13,0,3000,-26000,-23000
2017/01/16,0,0,-6000,-6000
2017/01/17,0,0,-10000,-10000
2017/01/18,0,3000,-87000,-84000
2017/01/19,0,12000,-28000,-16000
2017/01/20,0,17000,-14000,3000
2017/01/23,0,0,-11000,-11000
2017/01/24,0,1000,-7000,-6000
2017/01/25,0,0,0,0
2017/01/26,0,0,0,0
2017/01/27,0,0,0,0
2017/01/30,0,0,0,0
2017/01/31,0,0,0,0
2017/02/01,0,0,0,0
2017/02/02,0,768000,-17000,751000
2017/02/03,0,101000,-71000,30000
2017/02/06,0,7000,-33000,-26000
2017/02/07,0,350000,-21000,329000
2017/02/08,0,625000,-45000,580000
2017/02/09,0,239000,-28000,211000
2017/02/10,0,110000,-71000,39000
2017/02/13,0,300000,-59000,241000
2017/02/14,0,37000,-96000,-59000
2017/02/15,0,24000,-333000,-309000
2017/02/16,0,78000,-128000,-50000
2017/02/17,0,9000,-137000,-128000
2017/02/20,0,3000,0,3000
2017/02/21,0,25000,-22000,3000
2017/02/22,0,14000,-26000,-12000
2017/02/23,0,326000,-34000,292000
2017/02/24,0,50000,-222000,-172000
2017/02/27,0,0,0,0
2017/02/28,0,0,0,0
2017/03/01,0,0,-63000,-63000
2017/03/02,0,398000,-56000,342000
2017/03/03,0,139000,-266000,-127000
2017/03/06,0,5000,-25000,-20000
2017/03/07,0,249000,-167000,82000
2017/03/08,0,209000,-120000,89000
2017/03/09,0,249000,-181000,68000
2017/03/10,0,53000,-108000,-55000
2017/03/13,0,248000,-58000,190000
2017/03/14,0,292000,-43000,249000
2017/03/15,0,142000,-38000,104000
2017/03/16,0,179000,-32000,147000
2017/03/17,0,9000,-200000,-191000
2017/03/20,0,9000,-34000,-25000
2017/03/21,0,121000,-157000,-36000
2017/03/22,0,621000,-90000,531000
2017/03/23,0,220000,-40000,180000
2017/03/24,0,527000,-13000,514000
2017/03/27,0,164000,-255000,-91000
2017/03/28,0,79000,-303000,-224000
2017/03/29,0,794000,-64000,730000
2017/03/30,0,485000,-132000,353000
2017/03/31,0,264000,-61000,203000
2017/04/03,0,0,0,0
2017/04/04,0,0,0,0
2017/04/05,0,73000,-648000,-575000
2017/04/06,0,2000,-1000,1000
2017/04/07,0,297000,-162000,135000
2017/04/10,0,65000,-104000,-39000
2017/04/11,0,45000,-67000,-22000
2017/04/12,0,60000,-24000,36000
2017/04/13,0,11000,-49000,-38000
2017/04/14,0,114000,-10000,104000
2017/04/17,0,151000,-261000,-110000
2017/04/18,0,92000,-36000,56000
2017/04/19,0,68000,-93000,-25000
2017/04/20,0,148000,-61000,87000
2017/04/21,0,41000,-16000,25000
2017/04/24,0,31000,-186000,-155000
2017/04/25,0,146000,-157000,-11000
2017/04/26,0,34000,-142000,-108000
2017/04/27,0,2000,-9000,-7000
2017/04/28,0,15000,-21000,-6000
2017/05/01,0,0,0,0
2017/05/02,0,2000,-43000,-41000
2017/05/03,0,63000,-177000,-114000
2017/05/04,0,1000,-21000,-20000
2017/05/05,0,5000,-26000,-21000
2017/05/08,0,3000,-6000,-3000
2017/05/09,0,5000,-30305,-25305
2017/05/10,0,19000,0,19000
2017/05/11,0,0,-1000,-1000
2017/05/12,0,1000,-57000,-56000
2017/05/15,0,93000,-30000,63000
2017/05/16,0,25000,-35000,-10000
2017/05/17,0,253000,-95000,158000
2017/05/18,0,443000,-110000,333000
2017/05/19,0,300000,-28000,272000
2017/05/22,0,91000,0,91000
2017/05/23,0,109000,-73000,36000
2017/05/24,0,271000,-69000,202000
2017/05/25,0,785000,-95000,690000
2017/05/26,0,307000,-747000,-440000
2017/05/29,0,0,0,0
2017/05/30,0,0,0,0
2017/05/31,0,222000,-267000,-45000
2017/06/01,0,70000,-139000,-69000
2017/06/02,0,131000,-41000,90000
2017/06/05,0,13000,-36000,-23000
2017/06/06,0,215000,-36833,178167
2017/06/07,0,394000,-25000,369000
2017/06/08,0,107000,-370000,-263000
2017/06/09,0,451000,-116000,335000
2017/06/12,0,65000,-109000,-44000
2017/06/13,0,45000,-55000,-10000
2017/06/14,0,18000,-79000,-61000
2017/06/15,0,29000,-20000,9000
2017/06/16,0,345000,-15000,330000
2017/06/19,0,677000,-727000,-50000
2017/06/20,0,310000,-178000,132000
2017/06/21,0,214000,-605000,-391000
2017/06/22,0,63000,-233000,-170000
2017/06/23,0,58000,-109000,-51000
2017/06/26,0,190000,-515000,-325000
2017/06/27,0,83000,-141000,-58000
2017/06/28,0,264000,-160000,104000
2017/06/29,0,247000,-328000,-81000
2017/06/30,0,0,-117000,-117000
2017/07/03,0,4000,-73000,-69000
2017/07/04,0,436000,-96000,340000
2017/07/05,0,337000,-92000,245000
2017/07/06,0,24000,-83000,-59000
2017/07/07,0,77000,-636000,-559000
2017/07/10,0,162000,-280000,-118000
2017/07/11,0,345000,-531000,-186000
2017/07/12,0,89000,-149000,-60000
2017/07/13,0,127000,-147000,-20000
2017/07/14,0,38000,-179000,-141000
2017/07/17,0,191000,-548000,-357000
2017/07/18,0,84000,-105000,-21000
2017/07/19,0,158000,-135000,23000
2017/07/20,0,31000,-29000,2000
2017/07/21,0,686000,-79000,607000
2017/07/24,0,117000,-146000,-29000
2017/07/25,0,354000,-173000,181000
2017/07/26,0,188000,-425000,-237000
2017/07/27,0,260000,-144000,116000
2017/07/28,0,1736000,-25000,1711000
2017/07/31,0,36000,-1139000,-1103000
2017/08/01,0,176000,-205000,-29000
2017/08/02,0,144000,-398000,-254000
2017/08/03,0,96000,-324000,-228000
2017/08/04,0,178000,-234000,-56000
2017/08/07,0,27000,-170000,-143000
2017/08/08,0,25000,-271000,-246000
2017/08/09,0,146000,-375000,-229000
2017/08/10,0,189000,-336000,-147000
2017/08/11,0,226000,-376000,-150000
2017/08/14,0,63000,-381000,-318000
2017/08/15,0,129000,-83000,46000
2017/08/16,0,253000,-331000,-78000
2017/08/17,0,157000,-108000,49000
2017/08/18,0,87000,-271000,-184000
