Date,Open,Buy,Sell,Total
2007/01/02,0,839000,-1329000,-490000
2007/01/03,0,6646000,-5486000,1160000
2007/01/04,0,3698700,-1146885,2551815
2007/01/05,0,1094000,-6565000,-5471000
2007/01/08,0,392000,-2626048,-2234048
2007/01/09,0,508616,-1890000,-1381384
2007/01/10,0,5705000,-6343000,-638000
2007/01/11,0,492000,-2531118,-2039118
2007/01/12,0,8209000,-5454482,2754518
2007/01/15,0,4760000,-7092433,-2332433
2007/01/16,0,3184000,-4366000,-1182000
2007/01/17,0,2003000,-3194472,-1191472
2007/01/18,0,3016000,-1829651,1186349
2007/01/19,0,805000,-1136000,-331000
2007/01/22,0,2438000,-2298000,140000
2007/01/23,0,1490000,-2939000,-1449000
2007/01/24,0,2921000,-1108000,1813000
2007/01/25,0,2518000,-1627079,890921
2007/01/26,0,1345000,-1789000,-444000
2007/01/29,0,1792000,-1464826,327174
2007/01/30,0,1169099,-1001000,168099
2007/01/31,0,4409000,-2431214,1977786
2007/02/01,0,2479000,-1872000,607000
2007/02/02,0,1761000,-620000,1141000
2007/02/05,0,1650000,-2050277,-400277
2007/02/06,0,2781000,-4485971,-1704971
2007/02/07,0,2089000,-802897,1286103
2007/02/08,0,2123000,-2033976,89024
2007/02/09,0,9301000,-1632000,7669000
2007/02/12,0,527000,-2548000,-2021000
2007/02/13,0,1190000,-3286989,-2096989
2007/02/14,0,2149000,-2739774,-590774
2007/02/15,0,0,0,0
2007/02/16,0,0,0,0
2007/02/19,0,0,0,0
2007/02/20,0,0,0,0
2007/02/21,0,0,0,0
2007/02/22,0,0,0,0
2007/02/23,0,0,0,0
2007/02/26,0,5305000,-6068734,-763734
2007/02/27,0,768000,-2689713,-1921713
2007/02/28,0,0,0,0
2007/03/01,0,763000,-9350095,-8587095
2007/03/02,0,1343000,-2937000,-1594000
2007/03/05,0,4559000,-7706000,-3147000
2007/03/06,0,1427000,-6546000,-5119000
2007/03/07,0,2133000,-4211159,-2078159
2007/03/08,0,1859318,-1170553,688765
2007/03/09,0,925000,-1571000,-646000
2007/03/12,0,1057000,-2562000,-1505000
2007/03/13,0,3267000,-6685464,-3418464
2007/03/14,0,876000,-10842000,-9966000
2007/03/15,0,1467000,-3515441,-2048441
2007/03/16,0,7108999,-8932534,-1823535
2007/03/19,0,8344000,-5923557,2420443
2007/03/20,0,7261000,-5701576,1559424
2007/03/21,0,1460000,-2348000,-888000
2007/03/22,0,11780000,-9922000,1858000
2007/03/23,0,1911000,-883631,1027369
2007/03/26,0,2940000,-1112262,1827738
2007/03/27,0,1681000,-2904000,-1223000
2007/03/28,0,104000,-3456000,-3352000
2007/03/29,0,2464000,-3147000,-683000
2007/03/30,0,1031000,-958846,72154
2007/04/02,0,1504000,-1683000,-179000
2007/04/03,0,2404606,-4883000,-2478394
2007/04/04,0,2606000,-2563000,43000
2007/04/05,0,0,0,0
2007/04/06,0,0,0,0
2007/04/09,0,2423000,-1381000,1042000
2007/04/10,0,2369000,-729000,1640000
2007/04/11,0,3365000,-3261000,104000
2007/04/12,0,2347000,-3076000,-729000
2007/04/13,0,1333500,-8585000,-7251500
2007/04/16,0,2781000,-4517775,-1736775
2007/04/17,0,5773000,-10849478,-5076478
2007/04/18,0,2698000,-2152411,545589
2007/04/19,0,4833000,-3205000,1628000
2007/04/20,0,3614388,-2352109,1262279
2007/04/23,0,2794000,-5253883,-2459883
2007/04/24,0,4129000,-4133395,-4395
2007/04/25,0,2861000,-1503000,1358000
2007/04/26,0,1938000,-1394000,544000
2007/04/27,0,1645000,-4995332,-3350332
2007/04/30,0,336000,-6030763,-5694763
2007/05/01,0,0,0,0
2007/05/02,0,150000,-631000,-481000
2007/05/03,0,1850840,-7468877,-5618037
2007/05/04,0,2868819,-4482543,-1613724
2007/05/07,0,451000,-5463000,-5012000
2007/05/08,0,548000,-4110767,-3562767
2007/05/09,0,3871000,-8333000,-4462000
2007/05/10,0,1227000,-6628158,-5401158
2007/05/11,0,28000,-1528242,-1500242
2007/05/14,0,1273000,-2002000,-729000
2007/05/15,0,348000,-2208000,-1860000
2007/05/16,0,762000,-7269111,-6507111
2007/05/17,0,518000,-2790845,-2272845
2007/05/18,0,1064000,-3673615,-2609615
2007/05/21,0,672000,-2756439,-2084439
2007/05/22,0,1728000,-6129000,-4401000
2007/05/23,0,1448000,-8887372,-7439372
2007/05/24,0,1172917,-5216559,-4043642
2007/05/25,0,1565000,-4654000,-3089000
2007/05/28,0,12555000,-10147000,2408000
2007/05/29,0,7026000,-17079000,-10053000
2007/05/30,0,1764000,-5209000,-3445000
2007/05/31,0,2359000,-3285764,-926764
2007/06/01,0,3597000,-6070980,-2473980
2007/06/04,0,1088088,-4310000,-3221912
2007/06/05,0,4428000,-5446000,-1018000
2007/06/06,0,9649300,-12122169,-2472869
2007/06/07,0,2205000,-2213770,-8770
2007/06/08,0,1093000,-2868000,-1775000
2007/06/11,0,6113000,-6622000,-509000
2007/06/12,0,4333000,-10765804,-6432804
2007/06/13,0,5614000,-8661000,-3047000
2007/06/14,0,5598000,-9607000,-4009000
2007/06/15,0,20556000,-18405744,2150256
2007/06/18,0,0,0,0
2007/06/19,0,0,0,0
2007/06/20,0,15268000,-2301990,12966010
2007/06/21,0,12668000,-1596000,11072000
2007/06/22,0,10782000,-4008023,6773977
2007/06/25,0,4511000,-4231000,280000
2007/06/26,0,2625000,-4029000,-1404000
2007/06/27,0,683000,-6054858,-5371858
2007/06/28,0,4629000,-9390000,-4761000
2007/06/29,0,719000,-2957895,-2238895
2007/07/02,0,2427000,-6879000,-4452000
2007/07/03,0,3661000,-9696000,-6035000
2007/07/04,0,4140000,-11477900,-7337900
2007/07/05,0,25473000,-17777000,7696000
2007/07/06,0,16099000,-6085905,10013095
2007/07/09,0,18663000,-16089970,2573030
2007/07/10,0,6037000,-16079243,-10042243
2007/07/11,0,3994800,-8246900,-4252100
2007/07/12,0,2118000,-6402469,-4284469
2007/07/13,0,5000000,-3487000,1513000
2007/07/16,0,2499000,-3422000,-923000
2007/07/17,0,1233005,-1109000,124005
2007/07/18,0,1562000,-4278007,-2716007
2007/07/19,0,1652000,-2311300,-659300
2007/07/20,0,1107600,-6293894,-5186294
2007/07/23,0,1812000,-1496000,316000
2007/07/24,0,4950000,-2582400,2367600
2007/07/25,0,846000,-5609200,-4763200
2007/07/26,0,1797000,-4347000,-2550000
2007/07/27,0,3454000,-19525970,-16071970
2007/07/30,0,9712000,-15112868,-5400868
2007/07/31,0,530000,-9795335,-9265335
2007/08/01,0,5109000,-22726989,-17617989
2007/08/02,0,1063000,-2208000,-1145000
2007/08/03,0,4295000,-2894000,1401000
2007/08/06,0,2334000,-7204640,-4870640
2007/08/07,0,2761000,-4663991,-1902991
2007/08/08,0,904000,-6394000,-5490000
2007/08/09,0,4726000,-2590360,2135640
2007/08/10,0,2429000,-6090344,-3661344
2007/08/13,0,2273000,-2859820,-586820
2007/08/14,0,12880000,-8873704,4006296
2007/08/15,0,2622000,-19240000,-16618000
2007/08/16,0,5392000,-20654845,-15262845
2007/08/17,0,2382000,-20056000,-17674000
2007/08/20,0,4884000,-24096000,-19212000
2007/08/21,0,3418000,-7991710,-4573710
2007/08/22,0,2674742,-12038787,-9364045
2007/08/23,0,2703000,-9044136,-6341136
2007/08/24,0,7204000,-24573027,-17369027
2007/08/27,0,6140000,-3457000,2683000
2007/08/28,0,1139000,-456040,682960
2007/08/29,0,1285700,-1819000,-533300
2007/08/30,0,3285000,-611000,2674000
2007/08/31,0,5364700,-2249000,3115700
2007/09/03,0,4246815,-2453000,1793815
2007/09/04,0,4554000,-258000,4296000
2007/09/05,0,2595000,-2051000,544000
2007/09/06,0,12324000,-4403795,7920205
2007/09/07,0,5516000,-2398610,3117390
2007/09/10,0,2589000,-6001000,-3412000
2007/09/11,0,3136000,-3577380,-441380
2007/09/12,0,2998000,-3819516,-821516
2007/09/13,0,1541000,-6819263,-5278263
2007/09/14,0,3757000,-4406000,-649000
2007/09/17,0,1591180,-7910346,-6319166
2007/09/18,0,0,0,0
2007/09/19,0,10327358,-5419358,4908000
2007/09/20,0,3973000,-1865000,2108000
2007/09/21,0,4066000,-891000,3175000
2007/09/24,0,0,0,0
2007/09/25,0,0,0,0
2007/09/26,0,2738080,-2268754,469326
2007/09/27,0,8700000,-4202510,4497490
2007/09/28,0,4247000,-1480000,2767000
2007/10/01,0,2706000,-4135000,-1429000
2007/10/02,0,3420000,-223170,3196830
2007/10/03,0,2372353,-2878840,-506487
2007/10/04,0,4854000,-4104120,749880
2007/10/05,0,1374000,-2946806,-1572806
2007/10/08,0,2339000,-178572,2160428
2007/10/09,0,3872000,-3782160,89840
2007/10/10,0,0,0,0
2007/10/11,0,5351000,-4979855,371145
2007/10/12,0,11245000,-9498472,1746528
2007/10/15,0,2438000,-2612838,-174838
2007/10/16,0,4442300,-8191866,-3749566
2007/10/17,0,1770043,-8739487,-6969444
2007/10/18,0,4174000,-9031106,-4857106
2007/10/19,0,12287000,-17343184,-5056184
2007/10/22,0,2533000,-10013000,-7480000
2007/10/23,0,4804000,-5165200,-361200
2007/10/24,0,5000705,-3976000,1024705
2007/10/25,0,4335811,-3543895,791916
2007/10/26,0,7394999,-956100,6438899
2007/10/29,0,7172000,-408040,6763960
2007/10/30,0,3193000,-4497367,-1304367
2007/10/31,0,14385000,-5539462,8845538
2007/11/01,0,4625960,-7426758,-2800798
2007/11/02,0,2965000,-10345740,-7380740
2007/11/05,0,1231000,-2826471,-1595471
2007/11/06,0,4303000,-3253860,1049140
2007/11/07,0,11522346,-2568600,8953746
2007/11/08,0,4464000,-6340500,-1876500
2007/11/09,0,4318000,-1321754,2996246
2007/11/12,0,3295000,-5603008,-2308008
2007/11/13,0,5927000,-1771646,4155354
2007/11/14,0,8286000,-4504649,3781351
2007/11/15,0,5485045,-2515000,2970045
2007/11/16,0,890667,-2804000,-1913333
2007/11/19,0,1931586,-4949000,-3017414
2007/11/20,0,7218000,-10104120,-2886120
2007/11/21,0,1432000,-4855191,-3423191
2007/11/22,0,9901000,-11973543,-2072543
2007/11/23,0,1041000,-2199000,-1158000
2007/11/26,0,3861000,-1031000,2830000
2007/11/27,0,4186000,-3589000,597000
2007/11/28,0,1840000,-4468000,-2628000
2007/11/29,0,4482000,-2443513,2038487
2007/11/30,0,4626000,-7842000,-3216000
2007/12/03,0,4848412,-9835400,-4986988
2007/12/04,0,2408164,-3232223,-824059
2007/12/05,0,4439000,-4090615,348385
2007/12/06,0,7744020,-6199000,1545020
2007/12/07,0,9034853,-8711976,322877
2007/12/10,0,1519000,-2215300,-696300
2007/12/11,0,1543000,-549000,994000
2007/12/12,0,2009000,-5232000,-3223000
2007/12/13,0,2587000,-2484860,102140
2007/12/14,0,2971160,-4618030,-1646870
2007/12/17,0,1556000,-1259000,297000
2007/12/18,0,5255000,-6055073,-800073
2007/12/19,0,2785000,-5685649,-2900649
2007/12/20,0,1631000,-3248000,-1617000
2007/12/21,0,5278000,-6267000,-989000
2007/12/24,0,3367000,-480000,2887000
2007/12/25,0,301000,-63000,238000
2007/12/26,0,642000,-1067000,-425000
2007/12/27,0,2065000,-1100000,965000
2007/12/28,0,4687000,-4307981,379019
2007/12/31,0,321000,-2177000,-1856000
2008/01/01,0,0,0,0
2008/01/02,0,1725120,-3828288,-2103168
2008/01/03,0,2790000,-3156000,-366000
2008/01/04,0,4334000,-13354472,-9020472
2008/01/07,0,1161000,-6550674,-5389674
2008/01/08,0,1181000,-1964596,-783596
2008/01/09,0,3629000,-5623605,-1994605
2008/01/10,0,2846000,-4193356,-1347356
2008/01/11,0,1323591,-4297214,-2973623
2008/01/14,0,3924000,-3702209,221791
2008/01/15,0,3463000,-5110338,-1647338
2008/01/16,0,5530664,-12394400,-6863736
2008/01/17,0,2417000,-9402619,-6985619
2008/01/18,0,2446668,-3637878,-1191210
2008/01/21,0,286000,-3650419,-3364419
2008/01/22,0,1146000,-7570381,-6424381
2008/01/23,0,4020000,-5885620,-1865620
2008/01/24,0,2416000,-2082789,333211
2008/01/25,0,1622000,-1284000,338000
2008/01/28,0,5239000,-2290218,2948782
2008/01/29,0,4559000,-2987586,1571414
2008/01/30,0,3245270,-5219578,-1974308
2008/01/31,0,2093000,-3158000,-1065000
2008/02/01,0,1322000,-2341870,-1019870
2008/02/04,0,0,0,0
2008/02/05,0,0,0,0
2008/02/06,0,0,0,0
2008/02/07,0,0,0,0
2008/02/08,0,0,0,0
2008/02/11,0,0,0,0
2008/02/12,0,3206000,-2384116,821884
2008/02/13,0,1565000,-2222000,-657000
2008/02/14,0,4389000,-3360299,1028701
2008/02/15,0,667000,-841569,-174569
2008/02/18,0,3410000,-1326000,2084000
2008/02/19,0,2336000,-1108967,1227033
2008/02/20,0,1391000,-2091000,-700000
2008/02/21,0,3712802,-1503651,2209151
2008/02/22,0,1500000,-1476000,24000
2008/02/25,0,3920000,-771544,3148456
2008/02/26,0,3913000,-3179000,734000
2008/02/27,0,9644000,-5887000,3757000
2008/02/28,0,0,0,0
2008/02/29,0,7136814,-2896261,4240553
2008/03/03,0,2879000,-4202820,-1323820
2008/03/04,0,2734000,-2072000,662000
2008/03/05,0,2364000,-2460000,-96000
2008/03/06,0,3935000,-140000,3795000
2008/03/07,0,1986200,-462000,1524200
2008/03/10,0,2865000,-2064000,801000
2008/03/11,0,3984000,-2921000,1063000
2008/03/12,0,3882605,-2070000,1812605
2008/03/13,0,2338000,-2099990,238010
2008/03/14,0,1709000,-1642735,66265
2008/03/17,0,1538000,-3482000,-1944000
2008/03/18,0,2958000,-3361000,-403000
2008/03/19,0,3667246,-1602000,2065246
2008/03/20,0,2274000,-2318365,-44365
2008/03/21,0,4123000,-195000,3928000
2008/03/24,0,6902000,-601000,6301000
2008/03/25,0,7151000,-370396,6780604
2008/03/26,0,2789000,-3464917,-675917
2008/03/27,0,3765615,-3279055,486560
2008/03/28,0,3696615,-3564147,132468
2008/03/31,0,1762561,-1252309,510252
2008/04/01,0,3392156,-1914000,1478156
2008/04/02,0,3549000,-731000,2818000
2008/04/03,0,5717000,-2830000,2887000
2008/04/04,0,0,0,0
2008/04/07,0,3744000,-531000,3213000
2008/04/08,0,432000,-2114000,-1682000
2008/04/09,0,1650000,-1422000,228000
2008/04/10,0,3945000,-710240,3234760
2008/04/11,0,2901000,-1455826,1445174
2008/04/14,0,2199000,-1283000,916000
2008/04/15,0,245000,-1064000,-819000
2008/04/16,0,3308000,-2822000,486000
2008/04/17,0,14535000,-1974813,12560187
2008/04/18,0,6874000,-4078002,2795998
2008/04/21,0,9468000,-4420484,5047516
2008/04/22,0,2684000,-3690196,-1006196
2008/04/23,0,4013000,-1526775,2486225
2008/04/24,0,6814000,-2190000,4624000
2008/04/25,0,7224000,-623004,6600996
2008/04/28,0,5801000,-3208000,2593000
2008/04/29,0,2489000,-2666000,-177000
2008/04/30,0,11966000,-12396983,-430983
2008/05/01,0,0,0,0
2008/05/02,0,7343000,-12494000,-5151000
2008/05/05,0,14243000,-4961000,9282000
2008/05/06,0,2081000,-606000,1475000
2008/05/07,0,3160390,-2637826,522564
2008/05/08,0,3743000,-2878000,865000
2008/05/09,0,4970000,-1555000,3415000
2008/05/12,0,1900100,-164316,1735784
2008/05/13,0,3876000,-2368200,1507800
2008/05/14,0,4770226,-8190361,-3420135
2008/05/15,0,2946000,-709000,2237000
2008/05/16,0,3635000,-1570506,2064494
2008/05/19,0,3647000,-781000,2866000
2008/05/20,0,1057000,-3200000,-2143000
2008/05/21,0,5103336,-4708874,394462
2008/05/22,0,2359000,-4531457,-2172457
2008/05/23,0,7511000,-6487000,1024000
2008/05/26,0,3020000,-1646200,1373800
2008/05/27,0,646000,-2951000,-2305000
2008/05/28,0,3382000,-6261000,-2879000
2008/05/29,0,3619000,-5621359,-2002359
2008/05/30,0,6026000,-7945062,-1919062
2008/06/02,0,2996000,-1914000,1082000
2008/06/03,0,3498000,-2623021,874979
2008/06/04,0,2040000,-3474942,-1434942
2008/06/05,0,7430234,-8136000,-705766
2008/06/06,0,4942014,-2758395,2183619
2008/06/09,0,2457000,-2192000,265000
2008/06/10,0,3175000,-3913700,-738700
2008/06/11,0,2122714,-1651000,471714
2008/06/12,0,4084000,-3783000,301000
2008/06/13,0,2575000,-2741780,-166780
2008/06/16,0,6185000,-3162000,3023000
2008/06/17,0,2049999,-1377358,672641
2008/06/18,0,725000,-1803000,-1078000
2008/06/19,0,1917044,-4058000,-2140956
2008/06/20,0,1806929,-2949000,-1142071
2008/06/23,0,3442000,-571000,2871000
2008/06/24,0,3401000,-1593120,1807880
2008/06/25,0,8186000,-2219192,5966808
2008/06/26,0,4021000,-3633000,388000
2008/06/27,0,6354000,-9110000,-2756000
2008/06/30,0,3134000,-2577000,557000
2008/07/01,0,4506000,-3310000,1196000
2008/07/02,0,7061000,-12125000,-5064000
2008/07/03,0,7214000,-7489851,-275851
2008/07/04,0,2615000,-5151000,-2536000
2008/07/07,0,2392088,-2361000,31088
2008/07/08,0,3780000,-5335000,-1555000
2008/07/09,0,7280000,-7384000,-104000
2008/07/10,0,4486000,-6478000,-1992000
2008/07/11,0,2772000,-4866000,-2094000
2008/07/14,0,3033000,-4473000,-1440000
2008/07/15,0,7161000,-6426705,734295
2008/07/16,0,3267000,-4278000,-1011000
2008/07/17,0,6538000,-10838665,-4300665
2008/07/18,0,3737264,-5241000,-1503736
2008/07/21,0,11297000,-8864230,2432770
2008/07/22,0,9266348,-10151000,-884652
2008/07/23,0,7596000,-13424627,-5828627
2008/07/24,0,19595000,-13690270,5904730
2008/07/25,0,20799526,-10557000,10242526
2008/07/28,0,0,0,0
2008/07/29,0,2298330,-3549000,-1250670
2008/07/30,0,7082000,-5701000,1381000
2008/07/31,0,7246000,-3291000,3955000
2008/08/01,0,6879000,-5589920,1289080
2008/08/04,0,10044000,-6480043,3563957
2008/08/05,0,7527471,-8077000,-549529
2008/08/06,0,9459000,-5967000,3492000
2008/08/07,0,3443513,-5407000,-1963487
2008/08/08,0,11633000,-10979000,654000
2008/08/11,0,22552000,-14005000,8547000
2008/08/12,0,22487000,-10370162,12116838
2008/08/13,0,5477000,-4185500,1291500
2008/08/14,0,4347246,-3292500,1054746
2008/08/15,0,4967732,-5751083,-783351
2008/08/18,0,4080237,-4372000,-291763
2008/08/19,0,3482000,-4667000,-1185000
2008/08/20,0,12428000,-6455500,5972500
2008/08/21,0,5617578,-4799300,818278
2008/08/22,0,5441000,-5531100,-90100
2008/08/25,0,8524000,-2162680,6361320
2008/08/26,0,6318000,-743000,5575000
2008/08/27,0,7362000,-971000,6391000
2008/08/28,0,14449000,-6276000,8173000
2008/08/29,0,12825000,-13791976,-966976
2008/09/01,0,3267000,-11444000,-8177000
2008/09/02,0,2404000,-4899000,-2495000
2008/09/03,0,5419000,-3056980,2362020
2008/09/04,0,10243620,-4888398,5355222
2008/09/05,0,7988000,-5110000,2878000
2008/09/08,0,5668000,-2770200,2897800
2008/09/09,0,4599000,-8356000,-3757000
2008/09/10,0,12482000,-20908000,-8426000
2008/09/11,0,15663000,-16667615,-1004615
2008/09/12,0,13723000,-8647785,5075215
2008/09/15,0,5415900,-5993000,-577100
2008/09/16,0,8961000,-4131385,4829615
2008/09/17,0,13553000,-8369649,5183351
2008/09/18,0,7615000,-12399360,-4784360
2008/09/19,0,32767000,-28091300,4675700
2008/09/22,0,7128370,-1426900,5701470
2008/09/23,0,1832000,-5787240,-3955240
2008/09/24,0,4946192,-5740274,-794082
2008/09/25,0,7370163,-1587000,5783163
2008/09/26,0,9914999,-10287880,-372881
2008/09/29,0,0,0,0
2008/09/30,0,4680000,-5648400,-968400
2008/10/01,0,8563710,-5898540,2665170
2008/10/02,0,4598000,-8593530,-3995530
2008/10/03,0,8332000,-2470203,5861797
2008/10/06,0,11549081,-7004610,4544471
2008/10/07,0,4092000,-6037400,-1945400
2008/10/08,0,5581000,-5056179,524821
2008/10/09,0,9267221,-5036480,4230741
2008/10/10,0,0,0,0
2008/10/13,0,5968429,-4904910,1063519
2008/10/14,0,4932000,-6973185,-2041185
2008/10/15,0,6867680,-4677440,2190240
2008/10/16,0,800829,-7474463,-6673634
2008/10/17,0,3879000,-8586500,-4707500
2008/10/20,0,4315500,-3375400,940100
2008/10/21,0,2836000,-5339863,-2503863
2008/10/22,0,4580000,-9775483,-5195483
2008/10/23,0,4316444,-4053200,263244
2008/10/24,0,2298583,-2774000,-475417
2008/10/27,0,2409000,-4736484,-2327484
2008/10/28,0,5939000,-6036382,-97382
2008/10/29,0,2524000,-9007722,-6483722
2008/10/30,0,8092000,-3913270,4178730
2008/10/31,0,8112000,-5669000,2443000
2008/11/03,0,9806258,-4562258,5244000
2008/11/04,0,6766480,-3560100,3206380
2008/11/05,0,5530000,-2959094,2570906
2008/11/06,0,5293000,-6231000,-938000
2008/11/07,0,4381000,-3168625,1212375
2008/11/10,0,7621000,-2319415,5301585
2008/11/11,0,5642000,-4715123,926877
2008/11/12,0,6356000,-4321700,2034300
2008/11/13,0,6299000,-6774200,-475200
2008/11/14,0,2697000,-5504137,-2807137
2008/11/17,0,5791000,-8226258,-2435258
2008/11/18,0,3446000,-8976000,-5530000
2008/11/19,0,2797000,-5457031,-2660031
2008/11/20,0,8514000,-12361332,-3847332
2008/11/21,0,8355000,-5856320,2498680
2008/11/24,0,6204000,-1463310,4740690
2008/11/25,0,10025000,-4886362,5138638
2008/11/26,0,6040000,-14587174,-8547174
2008/11/27,0,3032101,-524443,2507658
2008/11/28,0,2338030,-6907350,-4569320
2008/12/01,0,7963230,-8912910,-949680
2008/12/02,0,2024000,-4489740,-2465740
2008/12/03,0,534000,-7339417,-6805417
2008/12/04,0,2117000,-4470505,-2353505
2008/12/05,0,3335560,-4386960,-1051400
2008/12/08,0,5195000,-791400,4403600
2008/12/09,0,5735000,-1502999,4232001
2008/12/10,0,5291260,-6493436,-1202176
2008/12/11,0,8688710,-6552824,2135886
2008/12/12,0,2340000,-5212900,-2872900
2008/12/15,0,4151000,-1047094,3103906
2008/12/16,0,3176000,-4028000,-852000
2008/12/17,0,7135000,-2127287,5007713
2008/12/18,0,3477000,-1579000,1898000
2008/12/19,0,4359000,-4827261,-468261
2008/12/22,0,1526000,-5942533,-4416533
2008/12/23,0,4358600,-7190364,-2831764
2008/12/24,0,3246000,-3363300,-117300
2008/12/25,0,346000,-581228,-235228
2008/12/26,0,977000,-218000,759000
2008/12/29,0,1123000,-1316831,-193831
2008/12/30,0,2339000,-738000,1601000
2008/12/31,0,551000,-847900,-296900
2009/01/01,0,0,0,0
2009/01/02,0,0,0,0
2009/01/05,0,1917000,-2097000,-180000
2009/01/06,0,4346654,-3813000,533654
2009/01/07,0,1473963,-3494000,-2020037
2009/01/08,0,1812000,-7024000,-5212000
2009/01/09,0,4578000,-15772000,-11194000
2009/01/12,0,8012129,-18261740,-10249611
2009/01/13,0,5887013,-15985660,-10098647
2009/01/14,0,10409000,-8497723,1911277
2009/01/15,0,3155000,-6478000,-3323000
2009/01/16,0,1796000,-2879365,-1083365
2009/01/19,0,934000,-2119488,-1185488
2009/01/20,0,1880000,-5913000,-4033000
2009/01/21,0,4332900,-2791207,1541693
2009/01/22,0,0,0,0
2009/01/23,0,0,0,0
2009/01/26,0,0,0,0
2009/01/27,0,0,0,0
2009/01/28,0,0,0,0
2009/01/29,0,0,0,0
2009/01/30,0,0,0,0
2009/02/02,0,18410954,-13599682,4811272
2009/02/03,0,1785000,-2112580,-327580
2009/02/04,0,6268000,-1366000,4902000
2009/02/05,0,6407000,-1097000,5310000
2009/02/06,0,6937000,-2514000,4423000
2009/02/09,0,6019995,-912400,5107595
2009/02/10,0,7535000,-6298000,1237000
2009/02/11,0,5604000,-4942000,662000
2009/02/12,0,7025000,-5148530,1876470
2009/02/13,0,7309000,-601000,6708000
2009/02/16,0,2910000,-1016770,1893230
2009/02/17,0,3177000,-1976048,1200952
2009/02/18,0,7259045,-7142866,116179
2009/02/19,0,2878000,-2619357,258643
2009/02/20,0,2895126,-4463425,-1568299
2009/02/23,0,2950000,-1985000,965000
2009/02/24,0,1419000,-1717225,-298225
2009/02/25,0,1574000,-890300,683700
2009/02/26,0,904000,-1447650,-543650
2009/02/27,0,904192,-1107662,-203470
2009/03/02,0,2379000,-3314770,-935770
2009/03/03,0,3293000,-5131200,-1838200
2009/03/04,0,6058000,-3441701,2616299
2009/03/05,0,2243000,-3423000,-1180000
2009/03/06,0,5168000,-785500,4382500
2009/03/09,0,2559000,-3023791,-464791
2009/03/10,0,3010000,-1639872,1370128
2009/03/11,0,9675341,-1768000,7907341
2009/03/12,0,7688000,-3526000,4162000
2009/03/13,0,10531600,-2088340,8443260
2009/03/16,0,4787000,-1610000,3177000
2009/03/17,0,3780000,-985300,2794700
2009/03/18,0,7419440,-6922500,496940
2009/03/19,0,6372000,-8278706,-1906706
2009/03/20,0,7899000,-3367208,4531792
2009/03/23,0,12667000,-3200000,9467000
2009/03/24,0,4512000,-3110033,1401967
2009/03/25,0,7178000,-3444377,3733623
2009/03/26,0,4445000,-6113000,-1668000
2009/03/27,0,3921000,-3082000,839000
2009/03/30,0,5017000,-2780272,2236728
2009/03/31,0,6193000,-3625859,2567141
2009/04/01,0,5372000,-3556000,1816000
2009/04/02,0,7116000,-2766000,4350000
2009/04/03,0,5008000,-4132000,876000
2009/04/06,0,3100000,-2878000,222000
2009/04/07,0,1086000,-4035841,-2949841
2009/04/08,0,7469000,-4908000,2561000
2009/04/09,0,4942000,-4272341,669659
2009/04/10,0,4372000,-828494,3543506
2009/04/13,0,8438000,-6967000,1471000
2009/04/14,0,3247000,-7312011,-4065011
2009/04/15,0,8155000,-6211000,1944000
2009/04/16,0,14514000,-9292000,5222000
2009/04/17,0,36881893,-13207000,23674893
2009/04/20,0,10602330,-3696000,6906330
2009/04/21,0,9602330,-8386360,1215970
2009/04/22,0,9302340,-2868000,6434340
2009/04/23,0,8908000,-7197185,1710815
2009/04/24,0,10841000,-6796500,4044500
2009/04/27,0,7752746,-5659673,2093073
2009/04/28,0,5476000,-3289000,2187000
2009/04/29,0,7507000,-5942210,1564790
2009/04/30,0,4777000,-5535970,-758970
2009/05/01,0,0,0,0
2009/05/04,0,7067389,-6001849,1065540
2009/05/05,0,11133333,-7183000,3950333
2009/05/06,0,6118000,-2641000,3477000
2009/05/07,0,3073000,-5468300,-2395300
2009/05/08,0,11812000,-3515010,8296990
2009/05/11,0,2855000,-3887952,-1032952
2009/05/12,0,5218000,-8451600,-3233600
2009/05/13,0,4495403,-6317994,-1822591
2009/05/14,0,7180000,-11880770,-4700770
2009/05/15,0,4118000,-8175000,-4057000
2009/05/18,0,2702000,-2356000,346000
2009/05/19,0,5559000,-7870431,-2311431
2009/05/20,0,5614000,-8313000,-2699000
2009/05/21,0,6669000,-4398000,2271000
2009/05/22,0,9035000,-4522000,4513000
2009/05/25,0,11495004,-3462000,8033004
2009/05/26,0,3975000,-4580459,-605459
2009/05/27,0,9826534,-6808004,3018530
2009/05/28,0,0,0,0
2009/05/29,0,0,0,0
2009/06/01,0,7873000,-2573222,5299778
2009/06/02,0,7515000,-5388547,2126453
2009/06/03,0,9158000,-4615180,4542820
2009/06/04,0,8546000,-9152200,-606200
2009/06/05,0,11560937,-5825600,5735337
2009/06/08,0,6993000,-8906000,-1913000
2009/06/09,0,11164000,-3516400,7647600
2009/06/10,0,6804000,-4733316,2070684
2009/06/11,0,5662000,-4755684,906316
2009/06/12,0,7341000,-3320620,4020380
2009/06/15,0,3618060,-1868000,1750060
2009/06/16,0,9452000,-2771460,6680540
2009/06/17,0,14380033,-9724620,4655413
2009/06/18,0,12182000,-8701171,3480829
2009/06/19,0,3422000,-2724501,697499
2009/06/22,0,8845000,-1744000,7101000
2009/06/23,0,6359700,-5296774,1062926
2009/06/24,0,11679000,-3364410,8314590
2009/06/25,0,5031000,-2752000,2279000
2009/06/26,0,6918000,-3215000,3703000
2009/06/29,0,7028000,-5334700,1693300
2009/06/30,0,7254000,-3414318,3839682
2009/07/01,0,17338300,-2701000,14637300
2009/07/02,0,9867000,-12698930,-2831930
2009/07/03,0,17593658,-10523759,7069899
2009/07/06,0,8165000,-3757020,4407980
2009/07/07,0,21623000,-5401112,16221888
2009/07/08,0,6276000,-4699627,1576373
2009/07/09,0,6307000,-3668000,2639000
2009/07/10,0,3411000,-3950761,-539761
2009/07/13,0,11598000,-6830000,4768000
2009/07/14,0,1815000,-6834915,-5019915
2009/07/15,0,7562000,-7154149,407851
2009/07/16,0,9148000,-3788385,5359615
2009/07/17,0,6150100,-3941651,2208449
2009/07/20,0,4245400,-3851176,394224
2009/07/21,0,3833200,-1673970,2159230
2009/07/22,0,2263000,-1621000,642000
2009/07/23,0,5174000,-2191800,2982200
2009/07/24,0,15746300,-8670380,7075920
2009/07/27,0,7647000,-3361301,4285699
2009/07/28,0,5380000,-4935880,444120
2009/07/29,0,4059041,-6934095,-2875054
2009/07/30,0,5057000,-6761734,-1704734
2009/07/31,0,2389000,-4839000,-2450000
2009/08/03,0,2235000,-6308114,-4073114
2009/08/04,0,5888000,-10588834,-4700834
2009/08/05,0,2469870,-1516504,953366
2009/08/06,0,4650000,-3482800,1167200
2009/08/07,0,0,0,0
2009/08/10,0,4124000,-4913102,-789102
2009/08/11,0,5347000,-7270440,-1923440
2009/08/12,0,3066000,-3937390,-871390
2009/08/13,0,3640000,-4763070,-1123070
2009/08/14,0,9389805,-4834000,4555805
2009/08/17,0,1374000,-3853800,-2479800
2009/08/18,0,3206000,-2288000,918000
2009/08/19,0,3016590,-2567955,448635
2009/08/20,0,3187000,-1914928,1272072
2009/08/21,0,7721000,-8788220,-1067220
2009/08/24,0,5103000,-5359000,-256000
2009/08/25,0,6906000,-5881016,1024984
2009/08/26,0,12618300,-7042591,5575709
2009/08/27,0,4470000,-2188000,2282000
2009/08/28,0,4962000,-2902043,2059957
2009/08/31,0,6019259,-3880463,2138796
2009/09/01,0,6084000,-4568921,1515079
2009/09/02,0,3399000,-3586200,-187200
2009/09/03,0,2384000,-2218000,166000
2009/09/04,0,6754000,-9500038,-2746038
2009/09/07,0,1708000,-2883800,-1175800
2009/09/08,0,4816000,-4289188,526812
2009/09/09,0,1713000,-2212000,-499000
2009/09/10,0,10312600,-7871526,2441074
2009/09/11,0,3038000,-3376000,-338000
2009/09/14,0,7368000,-4410000,2958000
2009/09/15,0,5604124,-3016000,2588124
2009/09/16,0,5274000,-5137000,137000
2009/09/17,0,2819000,-2689355,129645
2009/09/18,0,3266000,-2119000,1147000
2009/09/21,0,579000,-1596800,-1017800
2009/09/22,0,961000,-3449000,-2488000
2009/09/23,0,2054831,-4027892,-1973061
2009/09/24,0,4570121,-3313000,1257121
2009/09/25,0,7075000,-3902302,3172698
2009/09/28,0,5356700,-8462266,-3105566
2009/09/29,0,7182714,-7992754,-810040
2009/09/30,0,2955490,-11023000,-8067510
2009/10/01,0,7275000,-23746544,-16471544
2009/10/02,0,2469200,-13667232,-11198032
2009/10/05,0,3574833,-10172869,-6598036
2009/10/06,0,9795447,-9868522,-73075
2009/10/07,0,2952280,-5600500,-2648220
2009/10/08,0,2996000,-7963000,-4967000
2009/10/09,0,2545000,-6955066,-4410066
2009/10/12,0,2125116,-7077461,-4952345
2009/10/13,0,4713530,-9605333,-4891803
2009/10/14,0,10016000,-6229872,3786128
2009/10/15,0,6296000,-4022655,2273345
2009/10/16,0,1555000,-2783191,-1228191
2009/10/19,0,2172000,-2104805,67195
2009/10/20,0,6166315,-920660,5245655
2009/10/21,0,2337500,-2853845,-516345
2009/10/22,0,3463000,-5497468,-2034468
2009/10/23,0,1079699,-6726375,-5646676
2009/10/26,0,2930000,-3700760,-770760
2009/10/27,0,1107880,-7979505,-6871625
2009/10/28,0,1240000,-8034770,-6794770
2009/10/29,0,9241600,-15189819,-5948219
2009/10/30,0,2365000,-4244000,-1879000
2009/11/02,0,7076000,-5320715,1755285
2009/11/03,0,8806000,-10197690,-1391690
2009/11/04,0,7460780,-8320897,-860117
2009/11/05,0,5891907,-6385942,-494035
2009/11/06,0,2804001,-4778631,-1974630
2009/11/09,0,4382000,-5093890,-711890
2009/11/10,0,4133000,-6297910,-2164910
2009/11/11,0,8382800,-4191165,4191635
2009/11/12,0,5665010,-6940198,-1275188
2009/11/13,0,2275000,-2275659,-659
2009/11/16,0,8808000,-1706702,7101298
2009/11/17,0,4142928,-1028000,3114928
2009/11/18,0,47215805,-48100807,-885002
2009/11/19,0,2077866,-5817052,-3739186
2009/11/20,0,2364467,-12134000,-9769533
2009/11/23,0,958000,-3356292,-2398292
2009/11/24,0,3710240,-6802160,-3091920
2009/11/25,0,6542678,-10748438,-4205760
2009/11/26,0,1974000,-3689698,-1715698
2009/11/27,0,1339000,-5965372,-4626372
2009/11/30,0,3276128,-3121723,154405
2009/12/01,0,5262000,-3571551,1690449
2009/12/02,0,7375000,-6657290,717710
2009/12/03,0,3894916,-1744619,2150297
2009/12/04,0,1907000,-1620057,286943
2009/12/07,0,3703828,-5579000,-1875172
2009/12/08,0,2663000,-3726975,-1063975
2009/12/09,0,1224001,-6172821,-4948820
2009/12/10,0,4161011,-3448640,712371
2009/12/11,0,2238000,-3210777,-972777
2009/12/14,0,1160000,-755000,405000
2009/12/15,0,3096700,-1980771,1115929
2009/12/16,0,1050000,-2786760,-1736760
2009/12/17,0,13736960,-4451160,9285800
2009/12/18,0,11537000,-2735000,8802000
2009/12/21,0,1789000,-2522220,-733220
2009/12/22,0,2329000,-436542,1892458
2009/12/23,0,2018000,-329827,1688173
2009/12/24,0,6540245,-1793000,4747245
2009/12/25,0,759000,-62245,696755
2009/12/28,0,5490281,-110000,5380281
2009/12/29,0,859000,-3770000,-2911000
2009/12/30,0,3469000,-1843000,1626000
2009/12/31,0,1204000,-1412000,-208000
2010/01/01,0,0,0,0
2010/01/04,0,1718000,-349208,1368792
2010/01/05,0,4807400,-1908271,2899129
2010/01/06,0,3387000,-1610480,1776520
2010/01/07,0,4381000,-3467535,913465
2010/01/08,0,1798240,-2016800,-218560
2010/01/11,0,5723000,-2544260,3178740
2010/01/12,0,4291000,-1763000,2528000
2010/01/13,0,1962000,-3018708,-1056708
2010/01/14,0,13019547,-1996040,11023507
2010/01/15,0,11997850,-2240200,9757650
2010/01/18,0,8289384,-3518000,4771384
2010/01/19,0,7321000,-5366965,1954035
2010/01/20,0,8562639,-9817839,-1255200
2010/01/21,0,4178400,-4540245,-361845
2010/01/22,0,5818350,-7773693,-1955343
2010/01/25,0,4484720,-2127948,2356772
2010/01/26,0,3888000,-5961060,-2073060
2010/01/27,0,4833000,-4383409,449591
2010/01/28,0,5813000,-11351000,-5538000
2010/01/29,0,6503000,-6715761,-212761
2010/02/01,0,6751758,-4425370,2326388
2010/02/02,0,8799000,-7672376,1126624
2010/02/03,0,6559600,-6709887,-150287
2010/02/04,0,3318000,-7128286,-3810286
2010/02/05,0,2026000,-4669766,-2643766
2010/02/08,0,1424000,-4698314,-3274314
2010/02/09,0,2064000,-2955670,-891670
2010/02/10,0,1470250,-1478602,-8352
2010/02/11,0,0,0,0
2010/02/12,0,0,0,0
2010/02/15,0,0,0,0
2010/02/16,0,0,0,0
2010/02/17,0,0,0,0
2010/02/18,0,0,0,0
2010/02/19,0,0,0,0
2010/02/22,0,4180000,-3727802,452198
2010/02/23,0,6401000,-7891769,-1490769
2010/02/24,0,8287100,-6057098,2230002
2010/02/25,0,6278990,-5160651,1118339
2010/02/26,0,5209129,-2084150,3124979
2010/03/01,0,5062000,-3563000,1499000
2010/03/02,0,3540931,-1756509,1784422
2010/03/03,0,1992000,-2298480,-306480
2010/03/04,0,1796000,-4852650,-3056650
2010/03/05,0,9058117,-5287867,3770250
2010/03/08,0,2497000,-508160,1988840
2010/03/09,0,2186020,-5017000,-2830980
2010/03/10,0,2769726,-4650334,-1880608
2010/03/11,0,3099000,-3675990,-576990
2010/03/12,0,3944600,-4087185,-142585
2010/03/15,0,5066000,-3551000,1515000
2010/03/16,0,1282000,-5380321,-4098321
2010/03/17,0,6847100,-14332510,-7485410
2010/03/18,0,4037000,-9057334,-5020334
2010/03/19,0,5599000,-11540703,-5941703
2010/03/22,0,729000,-3810630,-3081630
2010/03/23,0,1599000,-10125981,-8526981
2010/03/24,0,7685712,-5272212,2413500
2010/03/25,0,2174197,-8014020,-5839823
2010/03/26,0,7404150,-7917236,-513086
2010/03/29,0,4293000,-2318000,1975000
2010/03/30,0,3546400,-4745000,-1198600
2010/03/31,0,5207950,-5976651,-768701
2010/04/01,0,6309650,-6119635,190015
2010/04/02,0,3641000,-839000,2802000
2010/04/05,0,0,0,0
2010/04/06,0,6460575,-4571000,1889575
2010/04/07,0,2323990,-3379070,-1055080
2010/04/08,0,5795000,-5215655,579345
2010/04/09,0,3124700,-2821071,303629
2010/04/12,0,3614410,-6588530,-2974120
2010/04/13,0,2012000,-5272894,-3260894
2010/04/14,0,4106000,-7372048,-3266048
2010/04/15,0,3869089,-6613089,-2744000
2010/04/16,0,2262990,-2509140,-246150
2010/04/19,0,3666700,-3629000,37700
2010/04/20,0,7076000,-3300514,3775486
2010/04/21,0,3970859,-6699975,-2729116
2010/04/22,0,1912000,-6441980,-4529980
2010/04/23,0,692000,-6430597,-5738597
2010/04/26,0,5753000,-5720000,33000
2010/04/27,0,15130143,-16860853,-1730710
2010/04/28,0,6868608,-8812420,-1943812
2010/04/29,0,4863000,-3619483,1243517
2010/04/30,0,3537390,-899620,2637770
2010/05/03,0,1206000,-4192130,-2986130
2010/05/04,0,2888000,-4930270,-2042270
2010/05/05,0,3882778,-13438580,-9555802
2010/05/06,0,6722447,-7247394,-524947
2010/05/07,0,11708744,-9182675,2526069
2010/05/10,0,4706950,-7438119,-2731169
2010/05/11,0,5212100,-9589885,-4377785
2010/05/12,0,5816317,-5976988,-160671
2010/05/13,0,2607000,-1630000,977000
2010/05/14,0,4055673,-2777040,1278633
2010/05/17,0,11712550,-11413377,299173
2010/05/18,0,9541000,-7906880,1634120
2010/05/19,0,10057001,-9267172,789829
2010/05/20,0,5679000,-3690310,1988690
2010/05/21,0,8755000,-12770559,-4015559
2010/05/24,0,3800000,-1180175,2619825
2010/05/25,0,8656050,-6834165,1821885
2010/05/26,0,18091210,-14485433,3605777
2010/05/27,0,7267426,-9452250,-2184824
2010/05/28,0,13591000,-7139668,6451332
2010/05/31,0,3969100,-2624000,1345100
2010/06/01,0,2837000,-2991000,-154000
2010/06/02,0,5463000,-4102000,1361000
2010/06/03,0,3372500,-513846,2858654
2010/06/04,0,4501000,-6031310,-1530310
2010/06/07,0,4285830,-6611486,-2325656
2010/06/08,0,3990000,-3102919,887081
2010/06/09,0,9181000,-5674478,3506522
2010/06/10,0,3777000,-2619709,1157291
2010/06/11,0,5628668,-2531000,3097668
2010/06/14,0,1963928,-915000,1048928
2010/06/15,0,3436856,-1516716,1920140
2010/06/16,0,0,0,0
2010/06/17,0,5096691,-2378798,2717893
2010/06/18,0,3799137,-2622520,1176617
2010/06/21,0,19223104,-3265099,15958005
2010/06/22,0,5280226,-1198290,4081936
2010/06/23,0,2796822,-706613,2090209
2010/06/24,0,2962000,-1168598,1793402
2010/06/25,0,1434465,-1540163,-105698
2010/06/28,0,3497115,-2860480,636635
2010/06/29,0,4766018,-3225508,1540510
2010/06/30,0,4570000,-5659560,-1089560
2010/07/01,0,4348807,-7019657,-2670850
2010/07/02,0,2795760,-7935770,-5140010
2010/07/05,0,2945811,-1936245,1009566
2010/07/06,0,3000583,-1390000,1610583
2010/07/07,0,2978009,-5316447,-2338438
2010/07/08,0,7819000,-3624780,4194220
2010/07/09,0,9413600,-4220000,5193600
2010/07/12,0,5438443,-4396804,1041639
2010/07/13,0,3675000,-2602570,1072430
2010/07/14,0,14692120,-1955931,12736189
2010/07/15,0,3057195,-1045634,2011561
2010/07/16,0,10740280,-4669163,6071117
2010/07/19,0,4774000,-2481000,2293000
2010/07/20,0,5178000,-1500772,3677228
2010/07/21,0,3734000,-2875200,858800
2010/07/22,0,2841235,-5448422,-2607187
2010/07/23,0,4644000,-6171706,-1527706
2010/07/26,0,1257650,-1034233,223417
2010/07/27,0,6335204,-7929576,-1594372
2010/07/28,0,5124500,-6609200,-1484700
2010/07/29,0,5669000,-6405103,-736103
2010/07/30,0,3092886,-3115887,-23001
2010/08/02,0,5099800,-259047,4840753
2010/08/03,0,6587000,-6551900,35100
2010/08/04,0,2750500,-9140090,-6389590
2010/08/05,0,7391000,-25220000,-17829000
2010/08/06,0,5839000,-9802905,-3963905
2010/08/09,0,1711000,-5055180,-3344180
2010/08/10,0,2987250,-11734970,-8747720
2010/08/11,0,8813950,-6895328,1918622
2010/08/12,0,5901000,-7056607,-1155607
2010/08/13,0,9606083,-13711798,-4105715
2010/08/16,0,1494000,-2539000,-1045000
2010/08/17,0,783000,-2469000,-1686000
2010/08/18,0,4714000,-8803000,-4089000
2010/08/19,0,6794030,-9854743,-3060713
2010/08/20,0,620050,-5163137,-4543087
2010/08/23,0,3443000,-3238795,204205
2010/08/24,0,6056000,-6537800,-481800
2010/08/25,0,6230000,-9393013,-3163013
2010/08/26,0,9924000,-12158148,-2234148
2010/08/27,0,3042000,-5226957,-2184957
2010/08/30,0,1391292,-2566041,-1174749
2010/08/31,0,5689395,-9787158,-4097763
2010/09/01,0,7165950,-21489550,-14323600
2010/09/02,0,11725000,-13789103,-2064103
2010/09/03,0,5363000,-10097746,-4734746
2010/09/06,0,15593000,-8528170,7064830
2010/09/07,0,12684090,-5707597,6976493
2010/09/08,0,6743730,-5198218,1545512
2010/09/09,0,3672224,-6790000,-3117776
2010/09/10,0,2621520,-7447080,-4825560
2010/09/13,0,8188000,-10526819,-2338819
2010/09/14,0,3342000,-3900070,-558070
2010/09/15,0,6100246,-5383140,717106
2010/09/16,0,2651000,-2453537,197463
2010/09/17,0,5573000,-5732000,-159000
2010/09/20,0,612000,-3581000,-2969000
2010/09/21,0,3545000,-7224730,-3679730
2010/09/22,0,0,0,0
2010/09/23,0,7580000,-10226217,-2646217
2010/09/24,0,5906700,-9087575,-3180875
2010/09/27,0,4964060,-6999222,-2035162
2010/09/28,0,12514310,-4507310,8007000
2010/09/29,0,12262000,-4155614,8106386
2010/09/30,0,7169000,-2172000,4997000
2010/10/01,0,5590719,-3316000,2274719
2010/10/04,0,5366240,-2413000,2953240
2010/10/05,0,6917626,-5601326,1316300
2010/10/06,0,5491427,-3820403,1671024
2010/10/07,0,3846640,-4174299,-327659
2010/10/08,0,3287830,-2597325,690505
2010/10/11,0,3057040,-2887435,169605
2010/10/12,0,5531570,-6769800,-1238230
2010/10/13,0,4282510,-6057327,-1774817
2010/10/14,0,19442660,-7817330,11625330
2010/10/15,0,14063610,-6505003,7558607
2010/10/18,0,7139000,-6994000,145000
2010/10/19,0,13230640,-11331783,1898857
2010/10/20,0,12421000,-2916000,9505000
2010/10/21,0,8241200,-4412470,3828730
2010/10/22,0,14346002,-4071677,10274325
2010/10/25,0,10608800,-3242000,7366800
2010/10/26,0,7662000,-2783910,4878090
2010/10/27,0,5006120,-5017000,-10880
2010/10/28,0,17067473,-7037232,10030241
2010/10/29,0,7627000,-4691626,2935374
2010/11/01,0,18315000,-2297812,16017188
2010/11/02,0,10225750,-2579164,7646586
2010/11/03,0,15404000,-7527000,7877000
2010/11/04,0,7392000,-2246000,5146000
2010/11/05,0,11818000,-3575643,8242357
2010/11/08,0,8306500,-3009443,5297057
2010/11/09,0,4898000,-3466000,1432000
2010/11/10,0,6415000,-2106375,4308625
2010/11/11,0,3970000,-1155289,2814711
2010/11/12,0,7656000,-4506440,3149560
2010/11/15,0,5271070,-2138724,3132346
2010/11/16,0,3453000,-1677365,1775635
2010/11/17,0,5935000,-2920900,3014100
2010/11/18,0,2130000,-2027030,102970
2010/11/19,0,2617140,-2818000,-200860
2010/11/22,0,3742000,-456385,3285615
2010/11/23,0,8377620,-2164000,6213620
2010/11/24,0,3712000,-1553000,2159000
2010/11/25,0,11445000,-3153000,8292000
2010/11/26,0,9498000,-5336000,4162000
2010/11/29,0,4182000,-3019855,1162145
2010/11/30,0,8796493,-6059539,2736954
2010/12/01,0,5739400,-5006165,733235
2010/12/02,0,11736000,-7479370,4256630
2010/12/03,0,7994800,-1469060,6525740
2010/12/06,0,4902000,-1977440,2924560
2010/12/07,0,6874930,-3246025,3628905
2010/12/08,0,2535000,-2911810,-376810
2010/12/09,0,9933000,-724239,9208761
2010/12/10,0,3681000,-449479,3231521
2010/12/13,0,8115475,-4641000,3474475
2010/12/14,0,7695000,-2175817,5519183
2010/12/15,0,10228200,-8870956,1357244
2010/12/16,0,5997000,-2944000,3053000
2010/12/17,0,7132000,-5132396,1999604
2010/12/20,0,3887880,-2790000,1097880
2010/12/21,0,1780000,-1014691,765309
2010/12/22,0,3193890,-1527490,1666400
2010/12/23,0,523000,-573000,-50000
2010/12/24,0,564000,-92000,472000
2010/12/27,0,1053031,-438000,615031
2010/12/28,0,1527000,-777000,750000
2010/12/29,0,2334530,-554000,1780530
2010/12/30,0,3012000,-2144848,867152
2010/12/31,0,1082000,-1225750,-143750
2011/01/03,0,1811000,-432658,1378342
2011/01/04,0,4218400,-5897845,-1679445
2011/01/05,0,4755991,-3962030,793961
2011/01/06,0,8323000,-7453506,869494
2011/01/07,0,10714000,-14154700,-3440700
2011/01/10,0,10847000,-2418000,8429000
2011/01/11,0,11747000,-4891000,6856000
2011/01/12,0,2627000,-1954000,673000
2011/01/13,0,2944697,-984000,1960697
2011/01/14,0,2177000,-1589000,588000
2011/01/17,0,1960748,-1112000,848748
2011/01/18,0,3496000,-1839070,1656930
2011/01/19,0,3113000,-1135000,1978000
2011/01/20,0,3311000,-1615934,1695066
2011/01/21,0,4214000,-2369000,1845000
2011/01/24,0,2608000,-625000,1983000
2011/01/25,0,2744000,-898000,1846000
2011/01/26,0,3992000,-667235,3324765
2011/01/27,0,4992000,-2975516,2016484
2011/01/28,0,3324410,-2797000,527410
2011/01/31,0,0,0,0
2011/02/01,0,0,0,0
2011/02/02,0,0,0,0
2011/02/03,0,0,0,0
2011/02/04,0,0,0,0
2011/02/07,0,0,0,0
2011/02/08,0,8128000,-8680000,-552000
2011/02/09,0,7016570,-5599017,1417553
2011/02/10,0,5715900,-8213060,-2497160
2011/02/11,0,8126000,-11151598,-3025598
2011/02/14,0,8788000,-10606700,-1818700
2011/02/15,0,4803400,-6537681,-1734281
2011/02/16,0,2140000,-2172000,-32000
2011/02/17,0,5272000,-5357420,-85420
2011/02/18,0,4186000,-3909482,276518
2011/02/21,0,3177000,-3236802,-59802
2011/02/22,0,4002000,-6069457,-2067457
2011/02/23,0,5323669,-4102450,1221219
2011/02/24,0,2716828,-3419000,-702172
2011/02/25,0,7042000,-3828014,3213986
2011/02/28,0,0,0,0
2011/03/01,0,5280000,-2728000,2552000
2011/03/02,0,3439828,-6032560,-2592732
2011/03/03,0,7686000,-5916575,1769425
2011/03/04,0,5568639,-1629000,3939639
2011/03/07,0,997000,-448800,548200
2011/03/08,0,2166000,-2163000,3000
2011/03/09,0,1062000,-2769092,-1707092
2011/03/10,0,3512000,-4143560,-631560
2011/03/11,0,5384000,-11662018,-6278018
2011/03/14,0,3154000,-5502000,-2348000
2011/03/15,0,4545000,-6386530,-1841530
2011/03/16,0,5016000,-5132222,-116222
2011/03/17,0,4239000,-5294100,-1055100
2011/03/18,0,3103000,-4128763,-1025763
2011/03/21,0,735000,-2056000,-1321000
2011/03/22,0,543652,-2627140,-2083488
2011/03/23,0,1753000,-3769000,-2016000
2011/03/24,0,970000,-6774000,-5804000
2011/03/25,0,5095000,-2818605,2276395
2011/03/28,0,4172000,-3342000,830000
2011/03/29,0,4336000,-2005476,2330524
2011/03/30,0,9123812,-4159008,4964804
2011/03/31,0,8213123,-8713241,-500118
2011/04/01,0,4255899,-4622000,-366101
2011/04/04,0,0,0,0
2011/04/05,0,0,0,0
2011/04/06,0,6310123,-6238000,72123
2011/04/07,0,2328710,-2600223,-271513
2011/04/08,0,3874234,-3855824,18410
2011/04/11,0,2343273,-7176000,-4832727
2011/04/12,0,1944702,-7110075,-5165373
2011/04/13,0,2147000,-3571188,-1424188
2011/04/14,0,3417000,-3405500,11500
2011/04/15,0,679000,-2578596,-1899596
2011/04/18,0,2151000,-3101603,-950603
2011/04/19,0,1569285,-2163354,-594069
2011/04/20,0,5138746,-4277000,861746
2011/04/21,0,4964017,-4473655,490362
2011/04/22,0,4741000,-2115000,2626000
2011/04/25,0,2032000,-1052000,980000
2011/04/26,0,5484025,-5014589,469436
2011/04/27,0,3586000,-5020369,-1434369
2011/04/28,0,2408619,-2492000,-83381
2011/04/29,0,5286711,-3574440,1712271
2011/05/02,0,0,0,0
2011/05/03,0,5385000,-3428000,1957000
2011/05/04,0,9188000,-5519490,3668510
2011/05/05,0,10336000,-5839000,4497000
2011/05/06,0,1851233,-2415000,-563767
2011/05/09,0,3002000,-4386000,-1384000
2011/05/10,0,3075000,-5925000,-2850000
2011/05/11,0,6861000,-4245000,2616000
2011/05/12,0,10191000,-6981100,3209900
2011/05/13,0,6948000,-2562000,4386000
2011/05/16,0,5459000,-2054000,3405000
2011/05/17,0,2795000,-1840000,955000
2011/05/18,0,5414000,-1785000,3629000
2011/05/19,0,5648000,-2773802,2874198
2011/05/20,0,2890000,-2120302,769698
2011/05/23,0,3750000,-3092000,658000
2011/05/24,0,3161000,-3273281,-112281
2011/05/25,0,2645000,-4206400,-1561400
2011/05/26,0,5745054,-6774755,-1029701
2011/05/27,0,14811000,-4580000,10231000
2011/05/30,0,8660502,-9104028,-443526
2011/05/31,0,11407385,-12917476,-1510091
2011/06/01,0,8736294,-5767165,2969129
2011/06/02,0,3921000,-5385000,-1464000
2011/06/03,0,14296000,-2722370,11573630
2011/06/06,0,0,0,0
2011/06/07,0,3104000,-8724000,-5620000
2011/06/08,0,6392000,-6260000,132000
2011/06/09,0,6573499,-2532920,4040579
2011/06/10,0,9094240,-5960871,3133369
2011/06/13,0,4475000,-4121298,353702
2011/06/14,0,6428000,-2036000,4392000
2011/06/15,0,7867736,-9407415,-1539679
2011/06/16,0,2468781,-4704000,-2235219
2011/06/17,0,3477000,-3315921,161079
2011/06/20,0,2852000,-3661817,-809817
2011/06/21,0,8629000,-8290000,339000
2011/06/22,0,3002000,-3402000,-400000
2011/06/23,0,4113696,-4247856,-134160
2011/06/24,0,4716795,-3093318,1623477
2011/06/27,0,1610505,-1512228,98277
2011/06/28,0,4016000,-2109148,1906852
2011/06/29,0,5699000,-3421070,2277930
2011/06/30,0,8267000,-7223000,1044000
2011/07/01,0,4311086,-5087085,-775999
2011/07/04,0,4044872,-9407083,-5362211
2011/07/05,0,4755060,-9285600,-4530540
2011/07/06,0,2192141,-4475000,-2282859
2011/07/07,0,6610468,-9608975,-2998507
2011/07/08,0,4585020,-3592000,993020
2011/07/11,0,5469139,-10577873,-5108734
2011/07/12,0,6640673,-5951000,689673
2011/07/13,0,7763059,-10418000,-2654941
2011/07/14,0,2315317,-4827000,-2511683
2011/07/15,0,5204444,-8249130,-3044686
2011/07/18,0,1926632,-3933107,-2006475
2011/07/19,0,4153000,-9460000,-5307000
2011/07/20,0,5610287,-13347000,-7736713
2011/07/21,0,3701903,-10622030,-6920127
2011/07/22,0,3958123,-4159000,-200877
2011/07/25,0,1149421,-2188000,-1038579
2011/07/26,0,2736002,-3099000,-362998
2011/07/27,0,5691235,-3210000,2481235
2011/07/28,0,4233297,-5439706,-1206409
2011/07/29,0,3942563,-3333784,608779
2011/08/01,0,4272945,-1443000,2829945
2011/08/02,0,1878643,-6597900,-4719257
2011/08/03,0,4058807,-11498016,-7439209
2011/08/04,0,2221352,-4502800,-2281448
2011/08/05,0,4910042,-7243690,-2333648
2011/08/08,0,1907306,-11688768,-9781462
2011/08/09,0,5878000,-13205727,-7327727
2011/08/10,0,29420000,-33930150,-4510150
2011/08/11,0,6596000,-19614921,-13018921
2011/08/12,0,5932000,-11215843,-5283843
2011/08/15,0,3326973,-6845000,-3518027
2011/08/16,0,2885000,-8527000,-5642000
2011/08/17,0,10149505,-13561713,-3412208
2011/08/18,0,10558254,-10866503,-308249
2011/08/19,0,19039668,-13722424,5317244
2011/08/22,0,9034752,-7770020,1264732
2011/08/23,0,10096000,-5567287,4528713
2011/08/24,0,4866273,-4873323,-7050
2011/08/25,0,9014206,-7618800,1395406
2011/08/26,0,13654656,-15422450,-1767794
2011/08/29,0,11029000,-16261606,-5232606
2011/08/30,0,14760584,-20222000,-5461416
2011/08/31,0,5356981,-6471000,-1114019
2011/09/01,0,8561518,-14641360,-6079842
2011/09/02,0,3154605,-3663472,-508867
2011/09/05,0,4027000,-8890560,-4863560
2011/09/06,0,4938792,-6913880,-1975088
2011/09/07,0,5403702,-5401700,2002
2011/09/08,0,5316993,-8052000,-2735007
2011/09/09,0,6227000,-9658000,-3431000
2011/09/12,0,0,0,0
2011/09/13,0,3088168,-3863000,-774832
2011/09/14,0,9332279,-17711252,-8378973
2011/09/15,0,10393360,-12266875,-1873515
2011/09/16,0,13714000,-20670250,-6956250
2011/09/19,0,5893521,-4606000,1287521
2011/09/20,0,6874170,-5090000,1784170
2011/09/21,0,7155014,-8044000,-888986
2011/09/22,0,4210121,-3903379,306742
2011/09/23,0,5603446,-9387445,-3783999
2011/09/26,0,12414531,-6062000,6352531
2011/09/27,0,4747000,-2410300,2336700
2011/09/28,0,12257516,-2922000,9335516
2011/09/29,0,9882036,-3134500,6747536
2011/09/30,0,12150000,-3451000,8699000
2011/10/03,0,6099565,-6275800,-176235
2011/10/04,0,9111000,-3159000,5952000
2011/10/05,0,5781000,-4697021,1083979
2011/10/06,0,11318420,-2168000,9150420
2011/10/07,0,4651150,-2109000,2542150
2011/10/10,0,0,0,0
2011/10/11,0,12289000,-4186905,8102095
2011/10/12,0,3039000,-1617396,1421604
2011/10/13,0,4060705,-951000,3109705
2011/10/14,0,11452253,-7500500,3951753
2011/10/17,0,7319409,-7036000,283409
2011/10/18,0,6938136,-8727625,-1789489
2011/10/19,0,5406380,-3811757,1594623
2011/10/20,0,4557960,-5675000,-1117040
2011/10/21,0,3688913,-5837700,-2148787
2011/10/24,0,9019996,-10309000,-1289004
2011/10/25,0,3477223,-4264000,-786777
2011/10/26,0,3730000,-2100000,1630000
2011/10/27,0,5422125,-7462000,-2039875
2011/10/28,0,10767000,-5984433,4782567
2011/10/31,0,12494000,-11704000,790000
2011/11/01,0,13048000,-11293876,1754124
2011/11/02,0,4577000,-2620100,1956900
2011/11/03,0,10672000,-7445024,3226976
2011/11/04,0,6567584,-5726000,841584
2011/11/07,0,5487000,-8634000,-3147000
2011/11/08,0,3752173,-4711464,-959291
2011/11/09,0,7203428,-4282000,2921428
2011/11/10,0,9164428,-9111783,52645
2011/11/11,0,2339000,-1643300,695700
2011/11/14,0,6281000,-4660000,1621000
2011/11/15,0,5665000,-4860000,805000
2011/11/16,0,10219305,-8786000,1433305
2011/11/17,0,13364714,-13411308,-46594
2011/11/18,0,4963000,-3177779,1785221
2011/11/21,0,4293000,-5323000,-1030000
2011/11/22,0,2119000,-4236000,-2117000
2011/11/23,0,9131000,-10529000,-1398000
2011/11/24,0,11965000,-15317000,-3352000
2011/11/25,0,5258000,-8123000,-2865000
2011/11/28,0,4046260,-4016800,29460
2011/11/29,0,4681500,-3491400,1190100
2011/11/30,0,8911004,-7729000,1182004
2011/12/01,0,8210500,-4007278,4203222
2011/12/02,0,6713900,-6816000,-102100
2011/12/05,0,5199000,-5646000,-447000
2011/12/06,0,7019375,-6433000,586375
2011/12/07,0,5279000,-4509500,769500
2011/12/08,0,6219000,-7110000,-891000
2011/12/09,0,7110996,-7228000,-117004
2011/12/12,0,2016000,-1974000,42000
2011/12/13,0,6621000,-7013001,-392001
2011/12/14,0,4718500,-4639470,79030
2011/12/15,0,5609375,-2340847,3268528
2011/12/16,0,7245000,-2501721,4743279
2011/12/19,0,2635000,-1804000,831000
2011/12/20,0,2995300,-4053900,-1058600
2011/12/21,0,2840000,-1781400,1058600
2011/12/22,0,4095000,-8886000,-4791000
2011/12/23,0,3979000,-2528000,1451000
2011/12/26,0,995000,-89000,906000
2011/12/27,0,1570000,-293000,1277000
2011/12/28,0,4461000,-1363000,3098000
2011/12/29,0,4196000,-1069200,3126800
2011/12/30,0,3379002,-1528500,1850502
2012/01/02,0,513000,-1307000,-794000
2012/01/03,0,2520000,-654000,1866000
2012/01/04,0,2058000,-1105400,952600
2012/01/05,0,3374669,-1239000,2135669
2012/01/06,0,4232071,-2421198,1810873
2012/01/09,0,4518000,-6068000,-1550000
2012/01/10,0,3642000,-5366468,-1724468
2012/01/11,0,4060000,-1505000,2555000
2012/01/12,0,2022000,-1440000,582000
2012/01/13,0,3583000,-2380000,1203000
2012/01/16,0,2751000,-1773000,978000
2012/01/17,0,3827000,-2621000,1206000
2012/01/18,0,3801000,-5441000,-1640000
2012/01/19,0,0,0,0
2012/01/20,0,0,0,0
2012/01/23,0,0,0,0
2012/01/24,0,0,0,0
2012/01/25,0,0,0,0
2012/01/26,0,0,0,0
2012/01/27,0,0,0,0
2012/01/30,0,10150253,-10991500,-841247
2012/01/31,0,5295774,-11084365,-5788591
2012/02/01,0,4293000,-18960000,-14667000
2012/02/02,0,8101368,-14682829,-6581461
2012/02/03,0,3005000,-3377809,-372809
2012/02/06,0,2503100,-4397275,-1894175
2012/02/07,0,4652000,-3705174,946826
2012/02/08,0,12535000,-1950000,10585000
2012/02/09,0,7529576,-6477541,1052035
2012/02/10,0,7088000,-967000,6121000
2012/02/13,0,5333000,-1062000,4271000
2012/02/14,0,10533351,-8253200,2280151
2012/02/15,0,8188200,-6901380,1286820
2012/02/16,0,4330416,-1408319,2922097
2012/02/17,0,3009000,-2038230,970770
2012/02/20,0,1770100,-520000,1250100
2012/02/21,0,4950000,-3735800,1214200
2012/02/22,0,3318273,-2276000,1042273
2012/02/23,0,2000765,-2422200,-421435
2012/02/24,0,6322000,-7792738,-1470738
2012/02/27,0,0,0,0
2012/02/28,0,0,0,0
2012/02/29,0,15222000,-2136661,13085339
2012/03/01,0,4514249,-1036903,3477346
2012/03/02,0,3878105,-504092,3374013
2012/03/05,0,1769000,-1358000,411000
2012/03/06,0,4295736,-1568000,2727736
2012/03/07,0,3845000,-1394000,2451000
2012/03/08,0,2375000,-1694000,681000
2012/03/09,0,2753000,-4221908,-1468908
2012/03/12,0,6893500,-1505679,5387821
2012/03/13,0,3477000,-797700,2679300
2012/03/14,0,4649019,-3504226,1144793
2012/03/15,0,1899000,-1486270,412730
2012/03/16,0,2071000,-2152000,-81000
2012/03/19,0,2073000,-1652000,421000
2012/03/20,0,4620000,-1483621,3136379
2012/03/21,0,4618257,-2589257,2029000
2012/03/22,0,6351000,-641000,5710000
2012/03/23,0,4304420,-1507856,2796564
2012/03/26,0,1156285,-3907700,-2751415
2012/03/27,0,5960000,-369152,5590848
2012/03/28,0,3828500,-1743099,2085401
2012/03/29,0,11578000,-7658720,3919280
2012/03/30,0,21306074,-8403000,12903074
2012/04/02,0,10621000,-2151000,8470000
2012/04/03,0,6252680,-4040111,2212569
2012/04/04,0,0,0,0
2012/04/05,0,3045000,-2590000,455000
2012/04/06,0,1985403,-3468872,-1483469
2012/04/09,0,2575000,-1419000,1156000
2012/04/10,0,3880840,-3100000,780840
2012/04/11,0,5952000,-4427165,1524835
2012/04/12,0,7266000,-4373881,2892119
2012/04/13,0,4350871,-4966233,-615362
2012/04/16,0,3448076,-4323000,-874924
2012/04/17,0,6770000,-4011329,2758671
2012/04/18,0,7662000,-4424024,3237976
2012/04/19,0,8235000,-4338200,3896800
2012/04/20,0,6289000,-3063792,3225208
2012/04/23,0,4366520,-4314460,52060
2012/04/24,0,4381000,-3962920,418080
2012/04/25,0,3006093,-5196200,-2190107
2012/04/26,0,2783000,-3177000,-394000
2012/04/27,0,6994000,-7099533,-105533
2012/04/30,0,13636000,-10896885,2739115
2012/05/01,0,0,0,0
2012/05/02,0,17773050,-14486179,3286871
2012/05/03,0,7260000,-6576000,684000
2012/05/04,0,11680036,-5169650,6510386
2012/05/07,0,10567000,-18387000,-7820000
2012/05/08,0,7105500,-6091000,1014500
2012/05/09,0,10175500,-9896000,279500
2012/05/10,0,6095817,-5361733,734084
2012/05/11,0,7035188,-7397000,-361812
2012/05/14,0,2314000,-4320000,-2006000
2012/05/15,0,5875000,-7052890,-1177890
2012/05/16,0,4190714,-4378593,-187879
2012/05/17,0,5437115,-3777000,1660115
2012/05/18,0,3291000,-8531000,-5240000
2012/05/21,0,5411000,-2932900,2478100
2012/05/22,0,2212000,-3180394,-968394
2012/05/23,0,14794223,-25111000,-10316777
2012/05/24,0,7828000,-3881035,3946965
2012/05/25,0,5893157,-9777000,-3883843
2012/05/28,0,10155000,-12481825,-2326825
2012/05/29,0,6914000,-8433000,-1519000
2012/05/30,0,12409610,-13983610,-1574000
2012/05/31,0,12664152,-14132052,-1467900
2012/06/01,0,5731000,-9468849,-3737849
2012/06/04,0,6448604,-5402787,1045817
2012/06/05,0,6240000,-7695610,-1455610
2012/06/06,0,4444000,-6878800,-2434800
2012/06/07,0,7423733,-5019000,2404733
2012/06/08,0,3030526,-7785000,-4754474
2012/06/11,0,5293830,-1544000,3749830
2012/06/12,0,3178000,-4150000,-972000
2012/06/13,0,1149510,-3485178,-2335668
2012/06/14,0,3413346,-4719591,-1306245
2012/06/15,0,10757000,-8127721,2629279
2012/06/18,0,5512110,-3042923,2469187
2012/06/19,0,3102494,-3291796,-189302
2012/06/20,0,3308308,-5526245,-2217937
2012/06/21,0,8823578,-15679000,-6855422
2012/06/22,0,7657841,-7768000,-110159
2012/06/25,0,8331734,-7815000,516734
2012/06/26,0,7586000,-8406000,-820000
2012/06/27,0,7425099,-5727699,1697400
2012/06/28,0,6411000,-4364400,2046600
2012/06/29,0,5182000,-5702000,-520000
2012/07/02,0,3814000,-4266000,-452000
2012/07/03,0,3677987,-1358000,2319987
2012/07/04,0,3703245,-4225000,-521755
2012/07/05,0,2852760,-2107000,745760
2012/07/06,0,3952000,-6950116,-2998116
2012/07/09,0,5395000,-10601000,-5206000
2012/07/10,0,9988000,-15468525,-5480525
2012/07/11,0,5045000,-5890000,-845000
2012/07/12,0,4181800,-7251206,-3069406
2012/07/13,0,2966117,-2512146,453971
2012/07/16,0,3008651,-3621200,-612549
2012/07/17,0,5923000,-8388300,-2465300
2012/07/18,0,7900000,-15892987,-7992987
2012/07/19,0,8191460,-6345987,1845473
2012/07/20,0,2158000,-2059335,98665
2012/07/23,0,2387771,-3239000,-851229
2012/07/24,0,1435000,-3432387,-1997387
2012/07/25,0,21228000,-23209800,-1981800
2012/07/26,0,12523291,-11873798,649493
2012/07/27,0,4828291,-5949513,-1121222
2012/07/30,0,7725281,-7692840,32441
2012/07/31,0,19674000,-14226917,5447083
2012/08/01,0,7704000,-14457809,-6753809
2012/08/02,0,0,0,0
2012/08/03,0,9045158,-9805532,-760374
2012/08/06,0,8103020,-1321000,6782020
2012/08/07,0,4489000,-3513374,975626
2012/08/08,0,6626435,-1928292,4698143
2012/08/09,0,12381970,-1931150,10450820
2012/08/10,0,2873000,-4275000,-1402000
2012/08/13,0,3078000,-1745000,1333000
2012/08/14,0,4100255,-1888000,2212255
2012/08/15,0,3780337,-1720195,2060142
2012/08/16,0,3080000,-3817901,-737901
2012/08/17,0,1364000,-549000,815000
2012/08/20,0,1785000,-1239000,546000
2012/08/21,0,4817968,-2049804,2768164
2012/08/22,0,963650,-1731000,-767350
2012/08/23,0,1686774,-2332550,-645776
2012/08/24,0,1296381,-1382551,-86170
2012/08/27,0,1973700,-1650000,323700
2012/08/28,0,4321460,-3902000,419460
2012/08/29,0,2744000,-1558362,1185638
2012/08/30,0,9158455,-4353252,4805203
2012/08/31,0,12346528,-8974417,3372111
2012/09/03,0,8817800,-3920000,4897800
2012/09/04,0,2761000,-2278294,482706
2012/09/05,0,1172000,-4887875,-3715875
2012/09/06,0,2618000,-2292740,325260
2012/09/07,0,4019745,-1486000,2533745
2012/09/10,0,1448313,-716000,732313
2012/09/11,0,1834000,-4214611,-2380611
2012/09/12,0,3543000,-3932462,-389462
2012/09/13,0,5027300,-4673000,354300
2012/09/14,0,6607000,-1254000,5353000
2012/09/17,0,1401000,-861000,540000
2012/09/18,0,2659000,-3936817,-1277817
2012/09/19,0,3629000,-5282183,-1653183
2012/09/20,0,2325000,-3108740,-783740
2012/09/21,0,5282794,-4087000,1195794
2012/09/24,0,3959980,-541000,3418980
2012/09/25,0,5244000,-3992106,1251894
2012/09/26,0,4580000,-3748000,832000
2012/09/27,0,6443500,-9608401,-3164901
2012/09/28,0,7938200,-6467352,1470848
2012/10/01,0,1932000,-1764000,168000
2012/10/02,0,2232000,-2910407,-678407
2012/10/03,0,1220000,-1570000,-350000
2012/10/04,0,6970000,-18316950,-11346950
2012/10/05,0,7073500,-14635000,-7561500
2012/10/08,0,4823000,-6960000,-2137000
2012/10/09,0,12075000,-12835134,-760134
2012/10/10,0,0,0,0
2012/10/11,0,13302000,-23201500,-9899500
2012/10/12,0,5005000,-15616150,-10611150
2012/10/15,0,3930479,-10838717,-6908238
2012/10/16,0,14449000,-14707200,-258200
2012/10/17,0,8285000,-8828335,-543335
2012/10/18,0,3512000,-6540000,-3028000
2012/10/19,0,7085000,-9635000,-2550000
2012/10/22,0,2960000,-5840266,-2880266
2012/10/23,0,4043671,-5385198,-1341527
2012/10/24,0,2735000,-4609501,-1874501
2012/10/25,0,2988000,-3993000,-1005000
2012/10/26,0,3968000,-7339850,-3371850
2012/10/29,0,4701700,-3636000,1065700
2012/10/30,0,9616000,-9414265,201735
2012/10/31,0,4785000,-5380800,-595800
2012/11/01,0,10866000,-7828000,3038000
2012/11/02,0,16263588,-11668258,4595330
2012/11/05,0,2183000,-1603000,580000
2012/11/06,0,2528000,-1612050,915950
2012/11/07,0,4117000,-3224000,893000
2012/11/08,0,4016000,-5959000,-1943000
2012/11/09,0,5159000,-5358000,-199000
2012/11/12,0,4573000,-2239100,2333900
2012/11/13,0,4409000,-6704127,-2295127
2012/11/14,0,2879000,-7955370,-5076370
2012/11/15,0,3115000,-5472000,-2357000
2012/11/16,0,2952000,-4555000,-1603000
2012/11/19,0,2452000,-686000,1766000
2012/11/20,0,5230000,-3047000,2183000
2012/11/21,0,2723000,-4785000,-2062000
2012/11/22,0,1876875,-1686500,190375
2012/11/23,0,3649000,-2462000,1187000
2012/11/26,0,4200000,-3003500,1196500
2012/11/27,0,3634000,-5902532,-2268532
2012/11/28,0,3434100,-3771187,-337087
2012/11/29,0,6847000,-6676000,171000
2012/11/30,0,13851000,-10798547,3052453
2012/12/03,0,3123000,-4948754,-1825754
2012/12/04,0,2456816,-4437000,-1980184
2012/12/05,0,4190000,-5958985,-1768985
2012/12/06,0,5745000,-6928276,-1183276
2012/12/07,0,5995695,-7264000,-1268305
2012/12/10,0,4763000,-7539120,-2776120
2012/12/11,0,6381901,-11872100,-5490199
2012/12/12,0,4908000,-14409000,-9501000
2012/12/13,0,12233724,-13948925,-1715201
2012/12/14,0,16148101,-10752900,5395201
2012/12/17,0,6043540,-9717770,-3674230
2012/12/18,0,2960000,-8207000,-5247000
2012/12/19,0,3867000,-6303000,-2436000
2012/12/20,0,5202000,-7765467,-2563467
2012/12/21,0,4416000,-8432614,-4016614
2012/12/24,0,599000,-523000,76000
2012/12/25,0,1163000,-310000,853000
2012/12/26,0,1310000,-560000,750000
2012/12/27,0,4623099,-2457000,2166099
2012/12/28,0,2349454,-1928000,421454
2012/12/31,0,0,0,0
2013/01/01,0,0,0,0
2013/01/02,0,3434321,-3330869,103452
2013/01/03,0,3074000,-4090700,-1016700
2013/01/04,0,3520000,-7170171,-3650171
2013/01/07,0,2404000,-6821700,-4417700
2013/01/08,0,8493000,-15642120,-7149120
2013/01/09,0,14385466,-16610000,-2224534
2013/01/10,0,9656000,-8112334,1543666
2013/01/11,0,1036000,-4364435,-3328435
2013/01/14,0,5676000,-5629400,46600
2013/01/15,0,9021000,-7048354,1972646
2013/01/16,0,9651000,-7901000,1750000
2013/01/17,0,7634300,-4378830,3255470
2013/01/18,0,8563000,-8019000,544000
2013/01/21,0,6107000,-6541000,-434000
2013/01/22,0,2689000,-3583480,-894480
2013/01/23,0,3293000,-5922137,-2629137
2013/01/24,0,5183000,-5539000,-356000
2013/01/25,0,10400313,-10061845,338468
2013/01/28,0,18028000,-10623863,7404137
2013/01/29,0,7726600,-5421107,2305493
2013/01/30,0,8222000,-3304000,4918000
2013/01/31,0,16677784,-7691000,8986784
2013/02/01,0,5302000,-2558605,2743395
2013/02/04,0,4652000,-2672000,1980000
2013/02/05,0,4869000,-4430000,439000
2013/02/06,0,4519105,-2623000,1896105
2013/02/07,0,0,0,0
2013/02/08,0,0,0,0
2013/02/11,0,0,0,0
2013/02/12,0,0,0,0
2013/02/13,0,0,0,0
2013/02/14,0,0,0,0
2013/02/15,0,0,0,0
2013/02/18,0,13489000,-13360251,128749
2013/02/19,0,7835154,-10108067,-2272913
2013/02/20,0,7148750,-6740644,408106
2013/02/21,0,3784748,-4044000,-259252
2013/02/22,0,5663000,-8166000,-2503000
2013/02/25,0,5391399,-8545838,-3154439
2013/02/26,0,2646458,-7802000,-5155542
2013/02/27,0,4170047,-5568594,-1398547
2013/02/28,0,0,0,0
2013/03/01,0,2481000,-3711000,-1230000
2013/03/04,0,2163000,-4017000,-1854000
2013/03/05,0,3607000,-2856000,751000
2013/03/06,0,4581000,-3190580,1390420
2013/03/07,0,962000,-2795577,-1833577
2013/03/08,0,5234100,-2729000,2505100
2013/03/11,0,5559000,-4330160,1228840
2013/03/12,0,6610000,-2856828,3753172
2013/03/13,0,8109000,-6966800,1142200
2013/03/14,0,5275000,-3678866,1596134
2013/03/15,0,12188902,-7600574,4588328
2013/03/18,0,2088000,-5228650,-3140650
2013/03/19,0,2525000,-4348577,-1823577
2013/03/20,0,5874000,-4357424,1516576
2013/03/21,0,6296000,-3064000,3232000
2013/03/22,0,3784259,-3244431,539828
2013/03/25,0,916000,-2550573,-1634573
2013/03/26,0,4183573,-4509000,-325427
2013/03/27,0,2002000,-1651000,351000
2013/03/28,0,2947714,-2748000,199714
2013/03/29,0,1621000,-1984000,-363000
2013/04/01,0,3607936,-3074900,533036
2013/04/02,0,1752730,-2262000,-509270
2013/04/03,0,3299000,-6477000,-3178000
2013/04/04,0,0,0,0
2013/04/05,0,0,0,0
2013/04/08,0,4282000,-9832619,-5550619
2013/04/09,0,2325200,-8497335,-6172135
2013/04/10,0,2708000,-5528000,-2820000
2013/04/11,0,1628157,-5912600,-4284443
2013/04/12,0,2127000,-10432234,-8305234
2013/04/15,0,2796955,-6371000,-3574045
2013/04/16,0,3285219,-5884961,-2599742
2013/04/17,0,1703000,-7525200,-5822200
2013/04/18,0,1322000,-10290700,-8968700
2013/04/19,0,3693000,-4978400,-1285400
2013/04/22,0,2525000,-6235900,-3710900
2013/04/23,0,5628000,-9531583,-3903583
2013/04/24,0,7264000,-5998068,1265932
2013/04/25,0,2269683,-3822300,-1552617
2013/04/26,0,5495000,-2879600,2615400
2013/04/29,0,3272000,-2266000,1006000
2013/04/30,0,5131000,-5849800,-718800
2013/05/01,0,0,0,0
2013/05/02,0,2065000,-5265523,-3200523
2013/05/03,0,3463400,-3863582,-400182
2013/05/06,0,2303965,-3244548,-940583
2013/05/07,0,4480000,-4221314,258686
2013/05/08,0,9239187,-2942351,6296836
2013/05/09,0,3432671,-1642500,1790171
2013/05/10,0,6364000,-2727000,3637000
2013/05/13,0,2058000,-2694420,-636420
2013/05/14,0,2550000,-3595750,-1045750
2013/05/15,0,3349000,-4931922,-1582922
2013/05/16,0,5692000,-1983000,3709000
2013/05/17,0,3258092,-1733000,1525092
2013/05/20,0,4918881,-2114000,2804881
2013/05/21,0,3041500,-1899841,1141659
2013/05/22,0,3550000,-2569740,980260
2013/05/23,0,4304737,-2981260,1323477
2013/05/24,0,5269909,-6263521,-993612
2013/05/27,0,2386533,-1609543,776990
2013/05/28,0,3151000,-1965000,1186000
2013/05/29,0,4204245,-3255517,948728
2013/05/30,0,6549000,-8186000,-1637000
2013/05/31,0,5810000,-6658146,-848146
2013/06/03,0,3631865,-6480000,-2848135
2013/06/04,0,4162920,-3895000,267920
2013/06/05,0,4839800,-7167421,-2327621
2013/06/06,0,2868521,-10015826,-7147305
2013/06/07,0,2680200,-3183385,-503185
2013/06/10,0,3693000,-2375000,1318000
2013/06/11,0,2835408,-3443000,-607592
2013/06/12,0,0,0,0
2013/06/13,0,4891000,-9054782,-4163782
2013/06/14,0,4659000,-3969522,689478
2013/06/17,0,4172420,-1872000,2300420
2013/06/18,0,1096150,-3913080,-2816930
2013/06/19,0,3194557,-1934000,1260557
2013/06/20,0,1494000,-2455032,-961032
2013/06/21,0,7560710,-11322254,-3761544
2013/06/24,0,1243000,-2321000,-1078000
2013/06/25,0,3627000,-2684352,942648
2013/06/26,0,6620112,-5188500,1431612
2013/06/27,0,4454888,-4041000,413888
2013/06/28,0,8082919,-5442404,2640515
2013/07/01,0,1821000,-2231482,-410482
2013/07/02,0,3173992,-2644865,529127
2013/07/03,0,1843000,-2681600,-838600
2013/07/04,0,2895000,-1593334,1301666
2013/07/05,0,6372546,-2552000,3820546
2013/07/08,0,1907000,-2606000,-699000
2013/07/09,0,3516000,-1183950,2332050
2013/07/10,0,2850000,-1291000,1559000
2013/07/11,0,9560976,-1578000,7982976
2013/07/12,0,3353000,-1359000,1994000
2013/07/15,0,2148000,-4114000,-1966000
2013/07/16,0,3309000,-1651000,1658000
2013/07/17,0,3376000,-1920000,1456000
2013/07/18,0,4380433,-2616000,1764433
2013/07/19,0,7919810,-5727997,2191813
2013/07/22,0,2129966,-1746000,383966
2013/07/23,0,8056000,-1161000,6895000
2013/07/24,0,3315000,-972000,2343000
2013/07/25,0,4492000,-364000,4128000
2013/07/26,0,1522000,-1023420,498580
2013/07/29,0,1513900,-2420000,-906100
2013/07/30,0,3744000,-2048000,1696000
2013/07/31,0,6372000,-3085000,3287000
2013/08/01,0,2381000,-1959000,422000
2013/08/02,0,2069595,-2511000,-441405
2013/08/05,0,2727992,-2829000,-101008
2013/08/06,0,3103000,-3453000,-350000
2013/08/07,0,1764000,-3233000,-1469000
2013/08/08,0,1268406,-3919000,-2650594
2013/08/09,0,1480000,-2890000,-1410000
2013/08/12,0,1092000,-1124000,-32000
2013/08/13,0,1555000,-734000,821000
2013/08/14,0,1409142,-2069000,-659858
2013/08/15,0,2276000,-3642027,-1366027
2013/08/16,0,3639156,-3308024,331132
2013/08/19,0,3356386,-3294000,62386
2013/08/20,0,2287099,-2284875,2224
2013/08/21,0,0,0,0
2013/08/22,0,4906875,-5010334,-103459
2013/08/23,0,2772000,-3439000,-667000
2013/08/26,0,951000,-805000,146000
2013/08/27,0,3880000,-3035399,844601
2013/08/28,0,2397000,-2355000,42000
2013/08/29,0,3626984,-3576000,50984
2013/08/30,0,3777187,-3482000,295187
2013/09/02,0,3368000,-2362695,1005305
2013/09/03,0,2261000,-2028000,233000
2013/09/04,0,3245900,-942400,2303500
2013/09/05,0,8523571,-1424000,7099571
2013/09/06,0,4534000,-2479000,2055000
2013/09/09,0,3938000,-2525000,1413000
2013/09/10,0,5514000,-2412000,3102000
2013/09/11,0,6687700,-3447987,3239713
2013/09/12,0,6080000,-2954000,3126000
2013/09/13,0,5176000,-3128000,2048000
2013/09/16,0,6918000,-568000,6350000
2013/09/17,0,7778000,-6059000,1719000
2013/09/18,0,25375936,-29191000,-3815064
2013/09/19,0,0,0,0
2013/09/20,0,0,0,0
2013/09/23,0,9527680,-16603000,-7075320
2013/09/24,0,12708000,-9878018,2829982
2013/09/25,0,5770000,-4539000,1231000
2013/09/26,0,2599000,-1576270,1022730
2013/09/27,0,2924000,-1713726,1210274
2013/09/30,0,2377301,-2229805,147496
2013/10/01,0,2876000,-2571128,304872
2013/10/02,0,1851600,-2983713,-1132113
2013/10/03,0,8505243,-5334000,3171243
2013/10/04,0,1081000,-1749000,-668000
2013/10/07,0,3335291,-3287000,48291
2013/10/08,0,3012000,-1748000,1264000
2013/10/09,0,4277000,-3169745,1107255
2013/10/10,0,0,0,0
2013/10/11,0,3885959,-1137559,2748400
2013/10/14,0,6343700,-1693331,4650369
2013/10/15,0,5170000,-2119000,3051000
2013/10/16,0,2621000,-761700,1859300
2013/10/17,0,4952000,-774000,4178000
2013/10/18,0,4553000,-860289,3692711
2013/10/21,0,3773000,-1878000,1895000
2013/10/22,0,3185564,-1205000,1980564
2013/10/23,0,2340030,-1637000,703030
2013/10/24,0,2833000,-1825500,1007500
2013/10/25,0,3593000,-2884300,708700
2013/10/28,0,5555000,-3882650,1672350
2013/10/29,0,3531000,-1183000,2348000
2013/10/30,0,7165000,-1663000,5502000
2013/10/31,0,7962000,-5168253,2793747
2013/11/01,0,3896000,-5059100,-1163100
2013/11/04,0,2816000,-1600500,1215500
2013/11/05,0,2874000,-2847325,26675
2013/11/06,0,3543000,-1304700,2238300
2013/11/07,0,4852000,-1687000,3165000
2013/11/08,0,2028000,-4430000,-2402000
2013/11/11,0,1177995,-5422000,-4244005
2013/11/12,0,6206000,-10609000,-4403000
2013/11/13,0,2311214,-5847800,-3536586
2013/11/14,0,6648463,-6990555,-342092
2013/11/15,0,2894000,-7615166,-4721166
2013/11/18,0,906000,-3344000,-2438000
2013/11/19,0,2354159,-3723203,-1369044
2013/11/20,0,1351000,-5249994,-3898994
2013/11/21,0,2919328,-6911830,-3992502
2013/11/22,0,3762000,-6320000,-2558000
2013/11/25,0,2220000,-4056000,-1836000
2013/11/26,0,3355270,-6109980,-2754710
2013/11/27,0,3157291,-4114000,-956709
2013/11/28,0,1727000,-2478665,-751665
2013/11/29,0,2420215,-2225695,194520
2013/12/02,0,1818291,-1748800,69491
2013/12/03,0,2586215,-2765962,-179747
2013/12/04,0,3247200,-6194400,-2947200
2013/12/05,0,5406270,-6643684,-1237414
2013/12/06,0,3913000,-4082000,-169000
2013/12/09,0,4812000,-4701138,110862
2013/12/10,0,5912000,-5719020,192980
2013/12/11,0,3223000,-5404980,-2181980
2013/12/12,0,2661745,-2329367,332378
2013/12/13,0,3463000,-3248470,214530
2013/12/16,0,2120000,-2757884,-637884
2013/12/17,0,1918000,-3944392,-2026392
2013/12/18,0,2005270,-2063590,-58320
2013/12/19,0,4726390,-4157000,569390
2013/12/20,0,3209000,-4287083,-1078083
2013/12/23,0,2663000,-3191760,-528760
2013/12/24,0,1406000,-1647000,-241000
2013/12/25,0,266000,-87000,179000
2013/12/26,0,769000,-2094000,-1325000
2013/12/27,0,2266000,-2253000,13000
2013/12/30,0,3059000,-4410277,-1351277
2013/12/31,0,894000,-1349000,-455000
2014/01/02,0,1042224,-326721,715503
2014/01/03,0,2120000,-1323100,796900
2014/01/06,0,6149470,-2343500,3805970
2014/01/07,0,5144000,-4358000,786000
2014/01/08,0,10373000,-9341000,1032000
2014/01/09,0,5153000,-3504000,1649000
2014/01/10,0,1332000,-1505130,-173130
2014/01/13,0,7362000,-2959000,4403000
2014/01/14,0,9942000,-3624000,6318000
2014/01/15,0,12364000,-4060070,8303930
2014/01/16,0,10784000,-9235520,1548480
2014/01/17,0,7551291,-6250808,1300483
2014/01/20,0,5750000,-2281799,3468201
2014/01/21,0,3344000,-4988161,-1644161
2014/01/22,0,7257000,-4425400,2831600
2014/01/23,0,6730000,-3219143,3510857
2014/01/24,0,4391000,-3980972,410028
2014/01/27,0,7224000,-9438093,-2214093
2014/02/05,0,15179000,-16925713,-1746713
2014/02/06,0,3978000,-7222000,-3244000
2014/02/07,0,5066000,-6917000,-1851000
2014/02/10,0,1203000,-2651000,-1448000
2014/02/11,0,4716019,-7128037,-2412018
2014/02/12,0,5645000,-6937340,-1292340
2014/02/13,0,2789650,-3215000,-425350
2014/02/14,0,3767140,-4006954,-239814
2014/02/17,0,4295000,-2710000,1585000
2014/02/18,0,3895000,-4651000,-756000
2014/02/19,0,2349000,-2499101,-150101
2014/02/20,0,6251140,-3715498,2535642
2014/02/21,0,5092000,-3699410,1392590
2014/02/24,0,2921000,-1794352,1126648
2014/02/25,0,1741145,-1370000,371145
2014/02/26,0,6189420,-3050719,3138701
2014/02/27,0,4566590,-3067447,1499143
2014/03/03,0,10274000,-5995494,4278506
2014/03/04,0,6733000,-2361000,4372000
2014/03/05,0,12010700,-4822906,7187794
2014/03/06,0,10903000,-9835500,1067500
2014/03/07,0,10810000,-4823500,5986500
2014/03/10,0,8173000,-5978779,2194221
2014/03/11,0,9725300,-6499750,3225550
2014/03/12,0,6588600,-2643893,3944707
2014/03/13,0,15380000,-3727078,11652922
2014/03/14,0,15772280,-10592996,5179284
2014/03/17,0,9950000,-2149148,7800852
2014/03/18,0,4862300,-3071960,1790340
2014/03/19,0,6270000,-2082000,4188000
2014/03/20,0,8830900,-4665663,4165237
2014/03/21,0,7689000,-4562906,3126094
2014/03/24,0,8972833,-6150679,2822154
2014/03/25,0,7403000,-6608950,794050
2014/03/26,0,13468000,-3096697,10371303
2014/03/27,0,13748000,-7465000,6283000
2014/03/28,0,5788600,-4906739,881861
2014/03/31,0,6551604,-11629000,-5077396
2014/04/01,0,4739000,-5688242,-949242
2014/04/02,0,12632000,-6777000,5855000
2014/04/03,0,5123000,-4159963,963037
2014/04/07,0,5515320,-7569000,-2053680
2014/04/08,0,6845779,-8136000,-1290221
2014/04/09,0,5432000,-5003000,429000
2014/04/10,0,4757292,-6416708,-1659416
2014/04/11,0,2281000,-1780000,501000
2014/04/14,0,2664710,-3441000,-776290
2014/04/15,0,3392000,-2946000,446000
2014/04/16,0,3270000,-4263000,-993000
2014/04/17,0,914805,-2521000,-1606195
2014/04/18,0,669000,-198000,471000
2014/04/21,0,157000,-193000,-36000
2014/04/22,0,2747000,-2666000,81000
2014/04/23,0,3442000,-3723905,-281905
2014/04/24,0,3304000,-4104902,-800902
2014/04/25,0,6240500,-5596000,644500
2014/04/28,0,4532000,-2653000,1879000
2014/04/29,0,3230610,-3588000,-357390
2014/04/30,0,10244920,-8585021,1659899
2014/05/02,0,4277000,-8169469,-3892469
2014/05/05,0,1100090,-1861000,-760910
2014/05/06,0,1638000,-2028000,-390000
2014/05/07,0,6010000,-6116000,-106000
2014/05/08,0,8426000,-2696500,5729500
2014/05/09,0,6029285,-5964716,64569
2014/05/12,0,4865779,-9535000,-4669221
2014/05/13,0,8505000,-7600614,904386
2014/05/14,0,7054000,-10971596,-3917596
2014/05/15,0,4462000,-6217400,-1755400
2014/05/16,0,5013000,-5797560,-784560
2014/05/19,0,2968000,-4684378,-1716378
2014/05/20,0,2294503,-3589712,-1295209
2014/05/21,0,2424675,-3141805,-717130
2014/05/22,0,4463000,-10501000,-6038000
2014/05/23,0,6555000,-7418406,-863406
2014/05/26,0,2857000,-8138400,-5281400
2014/05/27,0,3621000,-10226000,-6605000
2014/05/28,0,5952740,-12611387,-6658647
2014/05/29,0,7997000,-16225877,-8228877
2014/05/30,0,12587906,-17389700,-4801794
2014/06/03,0,3622000,-9124000,-5502000
2014/06/04,0,1471000,-4389000,-2918000
2014/06/05,0,2291170,-3141351,-850181
2014/06/06,0,2571700,-2135000,436700
2014/06/09,0,3743000,-5008320,-1265320
2014/06/10,0,10436203,-7827600,2608603
2014/06/11,0,7101710,-5161478,1940232
2014/06/12,0,8217170,-5633000,2584170
2014/06/13,0,5045214,-3206690,1838524
2014/06/16,0,4439000,-6812995,-2373995
2014/06/17,0,5014000,-6005653,-991653
2014/06/18,0,6841000,-5162111,1678889
2014/06/19,0,1564423,-6742000,-5177577
2014/06/20,0,4053000,-6858430,-2805430
2014/06/23,0,2017675,-3218570,-1200895
2014/06/24,0,2708740,-3416928,-708188
2014/06/25,0,1473000,-2108079,-635079
2014/06/26,0,2470580,-1644824,825756
2014/06/27,0,1782800,-1462000,320800
2014/06/30,0,5759000,-4833244,925756
2014/07/01,0,3573000,-2995000,578000
2014/07/02,0,846557,-1733242,-886685
2014/07/03,0,1046000,-1944000,-898000
2014/07/04,0,1531000,-1860000,-329000
2014/07/07,0,2475510,-1154840,1320670
2014/07/08,0,5125444,-980000,4145444
2014/07/09,0,2412000,-1221000,1191000
2014/07/10,0,3566971,-2531000,1035971
2014/07/11,0,2526940,-2423000,103940
2014/07/14,0,4530000,-1670480,2859520
2014/07/15,0,5795668,-1524000,4271668
2014/07/16,0,1884605,-1542000,342605
2014/07/17,0,3803613,-2972000,831613
2014/07/18,0,1357000,-1915000,-558000
2014/07/21,0,1121000,-923778,197222
2014/07/22,0,1945000,-960500,984500
2014/07/23,0,0,0,0
2014/07/24,0,3079572,-1381890,1697682
2014/07/25,0,4142000,-5478642,-1336642
2014/07/28,0,4753000,-1350000,3403000
2014/07/29,0,3351000,-1169910,2181090
2014/07/30,0,2179000,-1604000,575000
2014/07/31,0,2120000,-7353210,-5233210
2014/08/01,0,4715605,-2926000,1789605
2014/08/04,0,6724083,-4676000,2048083
2014/08/05,0,4496000,-5648557,-1152557
2014/08/06,0,2604684,-3641000,-1036316
2014/08/07,0,1867678,-4101135,-2233457
2014/08/08,0,2909273,-4819816,-1910543
2014/08/11,0,488000,-3033676,-2545676
2014/08/12,0,1520400,-2323503,-803103
2014/08/13,0,2156000,-946000,1210000
2014/08/14,0,3321000,-1651683,1669317
2014/08/15,0,2107000,-3775000,-1668000
2014/08/18,0,744000,-1314000,-570000
2014/08/19,0,1870955,-1059514,811441
2014/08/20,0,2721505,-2934000,-212495
2014/08/21,0,1398000,-3282000,-1884000
2014/08/22,0,5157318,-1175532,3981786
2014/08/25,0,941500,-1391000,-449500
2014/08/26,0,1046433,-1200000,-153567
2014/08/27,0,3978000,-3007000,971000
2014/08/28,0,2036450,-2673325,-636875
2014/08/29,0,4050400,-2981000,1069400
2014/09/01,0,2200000,-2509000,-309000
2014/09/02,0,1074000,-1897666,-823666
2014/09/03,0,2702451,-3882107,-1179656
2014/09/04,0,1105893,-1305000,-199107
2014/09/05,0,1533000,-3177000,-1644000
2014/09/09,0,1656045,-498366,1157679
2014/09/10,0,1119095,-3008000,-1888905
2014/09/11,0,2971000,-2466720,504280
2014/09/12,0,1180305,-3071165,-1890860
2014/09/15,0,2849000,-5241281,-2392281
2014/09/16,0,852351,-3715332,-2862981
2014/09/17,0,3350400,-6845000,-3494600
2014/09/18,0,2820129,-5646480,-2826351
2014/09/19,0,2842000,-6031520,-3189520
2014/09/22,0,2674204,-5597113,-2922909
2014/09/23,0,2050000,-5216000,-3166000
2014/09/24,0,1862343,-3393704,-1531361
2014/09/25,0,1602000,-3639233,-2037233
2014/09/26,0,3608456,-5082760,-1474304
2014/09/29,0,2813000,-7557000,-4744000
2014/09/30,0,2233000,-4315575,-2082575
2014/10/01,0,1141000,-6006815,-4865815
2014/10/02,0,1996000,-3969250,-1973250
2014/10/03,0,1686779,-2448000,-761221
2014/10/06,0,1761170,-3401000,-1639830
2014/10/07,0,1885000,-5360308,-3475308
2014/10/08,0,3357000,-7488957,-4131957
2014/10/09,0,4846015,-8143693,-3297678
2014/10/13,0,4934000,-7895000,-2961000
2014/10/14,0,2421000,-2932000,-511000
2014/10/15,0,6365000,-9449000,-3084000
2014/10/16,0,1294000,-4965521,-3671521
2014/10/17,0,6363000,-8713055,-2350055
2014/10/20,0,3636051,-5748000,-2111949
2014/10/21,0,10520500,-13050000,-2529500
2014/10/22,0,2213779,-2186800,26979
2014/10/23,0,905039,-1016000,-110961
2014/10/24,0,1354000,-2078310,-724310
2014/10/27,0,1970000,-2439000,-469000
2014/10/28,0,11716000,-10928600,787400
2014/10/29,0,2271336,-3730000,-1458664
2014/10/30,0,1905000,-1781980,123020
2014/10/31,0,7885000,-8319000,-434000
2014/11/03,0,2254000,-2240000,14000
2014/11/04,0,2389000,-1545000,844000
2014/11/05,0,1280000,-2063542,-783542
2014/11/06,0,962000,-934000,28000
2014/11/07,0,481000,-1320004,-839004
2014/11/10,0,2787872,-2705872,82000
2014/11/11,0,2011400,-1848000,163400
2014/11/12,0,1099000,-6987862,-5888862
2014/11/13,0,7151003,-17538003,-10387000
2014/11/14,0,15169210,-19783423,-4614213
2014/11/17,0,13708001,-19154214,-5446213
2014/11/18,0,1747291,-4102902,-2355611
2014/11/19,0,9581160,-11812602,-2231442
2014/11/20,0,4373000,-5250885,-877885
2014/11/21,0,4573000,-3537255,1035745
2014/11/24,0,4389000,-2001000,2388000
2014/11/25,0,9836371,-12900986,-3064615
2014/11/26,0,3316002,-6443002,-3127000
2014/11/27,0,2783235,-3534000,-750765
2014/11/28,0,1035300,-2683223,-1647923
2014/12/01,0,1206278,-2203783,-997505
2014/12/02,0,8939000,-8793300,145700
2014/12/03,0,1068011,-2206841,-1138830
2014/12/04,0,2728000,-3448010,-720010
2014/12/05,0,883000,-1753000,-870000
2014/12/08,0,2927000,-2249000,678000
2014/12/09,0,1995000,-2683350,-688350
2014/12/10,0,2361014,-3741344,-1380330
2014/12/11,0,1895839,-2726744,-830905
2014/12/12,0,3027291,-2582000,445291
2014/12/15,0,4817000,-6061597,-1244597
2014/12/16,0,4992000,-3138579,1853421
2014/12/17,0,5995024,-5764749,230275
2014/12/18,0,2589742,-3571000,-981258
2014/12/19,0,5207524,-1913000,3294524
2014/12/22,0,3951000,-2933019,1017981
2014/12/23,0,2086000,-810000,1276000
2014/12/24,0,4650000,-744000,3906000
2014/12/25,0,299000,-15000,284000
2014/12/26,0,1544000,-74000,1470000
2014/12/29,0,2524018,-461336,2062682
2014/12/30,0,1303000,-1122000,181000
2014/12/31,0,4428380,-4125380,303000
2015/01/01,0,0,0,0
2015/01/02,0,0,0,0
2015/01/05,0,2541001,-1439001,1102000
2015/01/06,0,4242000,-3532270,709730
2015/01/07,0,4499054,-5964054,-1465000
2015/01/08,0,2503165,-923501,1579664
2015/01/09,0,2476000,-523621,1952379
2015/01/12,0,631000,-827000,-196000
2015/01/13,0,2537000,-1007300,1529700
2015/01/14,0,4618000,-6985705,-2367705
2015/01/15,0,3074000,-3691000,-617000
2015/01/16,0,2875000,-4013107,-1138107
2015/01/19,0,4812000,-2317000,2495000
2015/01/20,0,2980000,-3219000,-239000
2015/01/21,0,6185000,-5599806,585194
2015/01/22,0,4368000,-2608000,1760000
2015/01/23,0,6552000,-3131872,3420128
2015/01/26,0,1139000,-1687257,-548257
2015/01/27,0,2252000,-3680800,-1428800
2015/01/28,0,3425000,-2760000,665000
2015/01/29,0,3908000,-5813000,-1905000
2015/01/30,0,3802000,-7185000,-3383000
2015/02/02,0,2069724,-1218564,851160
2015/02/03,0,3109000,-2126042,982958
2015/02/04,0,5886495,-2531853,3354642
2015/02/05,0,4014000,-12135000,-8121000
2015/02/06,0,2855000,-6529000,-3674000
2015/02/09,0,1922058,-3384500,-1462442
2015/02/10,0,1759000,-3041000,-1282000
2015/02/11,0,3422000,-4851000,-1429000
2015/02/12,0,3369000,-3452000,-83000
2015/02/13,0,3539000,-4350770,-811770
2015/02/16,0,0,0,0
2015/02/17,0,0,0,0
2015/02/18,0,0,0,0
2015/02/19,0,0,0,0
2015/02/20,0,0,0,0
2015/02/23,0,0,0,0
2015/02/24,0,8600000,-10014345,-1414345
2015/02/25,0,4026000,-4006000,20000
2015/02/26,0,3984000,-4318761,-334761
2015/02/27,0,0,0,0
2015/03/02,0,3118000,-4243105,-1125105
2015/03/03,0,3066402,-3405000,-338598
2015/03/04,0,2602000,-3099000,-497000
2015/03/05,0,668000,-4414000,-3746000
2015/03/06,0,3563775,-4053000,-489225
2015/03/09,0,1297000,-2069400,-772400
2015/03/10,0,3884474,-4660703,-776229
2015/03/11,0,2060000,-4903670,-2843670
2015/03/12,0,3601800,-3839000,-237200
2015/03/13,0,3106200,-6223000,-3116800
2015/03/16,0,3126000,-3233902,-107902
2015/03/17,0,1921000,-1825000,96000
2015/03/18,0,3439000,-4881196,-1442196
2015/03/19,0,4860000,-2900000,1960000
2015/03/20,0,3713000,-3432000,281000
2015/03/23,0,1315000,-3139000,-1824000
2015/03/24,0,3206779,-6184128,-2977349
2015/03/25,0,6123000,-8166000,-2043000
2015/03/26,0,7253000,-5350000,1903000
2015/03/27,0,6670000,-7818596,-1148596
2015/03/30,0,6266000,-1973395,4292605
2015/03/31,0,6059000,-4312000,1747000
2015/04/01,0,5226000,-8935829,-3709829
2015/04/02,0,6242291,-6422000,-179709
2015/04/03,0,0,0,0
2015/04/06,0,0,0,0
2015/04/07,0,5887000,-6611000,-724000
2015/04/08,0,5034000,-8501346,-3467346
2015/04/09,0,4023469,-3506500,516969
2015/04/10,0,6662000,-10072848,-3410848
2015/04/13,0,3978700,-4004000,-25300
2015/04/14,0,5042000,-5165000,-123000
2015/04/15,0,6524000,-8198000,-1674000
2015/04/16,0,2756000,-3521129,-765129
2015/04/17,0,4182366,-6158000,-1975634
2015/04/20,0,7737649,-3580387,4157262
2015/04/21,0,5772000,-4037000,1735000
2015/04/22,0,8002000,-8409884,-407884
2015/04/23,0,5965000,-2500965,3464035
2015/04/24,0,10298969,-3005000,7293969
2015/04/27,0,7520000,-3712210,3807790
2015/04/28,0,4047000,-2716000,1331000
2015/04/29,0,6549000,-3854927,2694073
2015/04/30,0,5424000,-5923749,-499749
2015/05/01,0,0,0,0
2015/05/04,0,4108000,-1860761,2247239
2015/05/05,0,2893000,-1545719,1347281
2015/05/06,0,4495000,-3241209,1253791
2015/05/07,0,4542000,-4105000,437000
2015/05/08,0,2517113,-3708045,-1190932
2015/05/11,0,2354000,-2664000,-310000
2015/05/12,0,11215000,-12644000,-1429000
2015/05/13,0,4808000,-4188000,620000
2015/05/14,0,7932050,-6456299,1475751
2015/05/15,0,5325000,-3390651,1934349
2015/05/18,0,2560000,-3169000,-609000
2015/05/19,0,3208729,-2432150,776579
2015/05/20,0,2208000,-2667000,-459000
2015/05/21,0,3573100,-4158129,-585029
2015/05/22,0,1247000,-2720893,-1473893
2015/05/25,0,2293000,-1369000,924000
2015/05/26,0,1883000,-1139559,743441
2015/05/27,0,2066000,-3178779,-1112779
2015/05/28,0,3913000,-4912366,-999366
2015/05/29,0,6305712,-6603970,-298258
2015/06/01,0,3248000,-5270000,-2022000
2015/06/02,0,4401667,-6763000,-2361333
2015/06/03,0,3525000,-4184964,-659964
2015/06/04,0,2093535,-5673005,-3579470
2015/06/05,0,1720000,-4897000,-3177000
2015/06/08,0,2551411,-5863915,-3312504
2015/06/09,0,4014000,-5660185,-1646185
2015/06/10,0,1338000,-5274500,-3936500
2015/06/11,0,2148000,-3722000,-1574000
2015/06/12,0,691000,-2935424,-2244424
2015/06/15,0,2019000,-3958885,-1939885
2015/06/16,0,2975000,-4777000,-1802000
2015/06/17,0,2528000,-5347104,-2819104
2015/06/18,0,6540474,-7730514,-1190040
2015/06/19,0,0,0,0
2015/06/22,0,3459510,-4078254,-618744
2015/06/23,0,5414000,-7031000,-1617000
2015/06/24,0,3236861,-4404835,-1167974
2015/06/25,0,3932476,-5512000,-1579524
2015/06/26,0,2662000,-2932000,-270000
2015/06/29,0,3804907,-3697000,107907
2015/06/30,0,4024000,-4107385,-83385
2015/07/01,0,1683990,-2285174,-601184
2015/07/02,0,3285344,-3877000,-591656
2015/07/03,0,6025000,-9479000,-3454000
2015/07/06,0,1922000,-2495725,-573725
2015/07/07,0,1935000,-2935000,-1000000
2015/07/08,0,3084000,-8267669,-5183669
2015/07/09,0,3228000,-4755000,-1527000
2015/07/10,0,0,0,0
2015/07/13,0,2794000,-4182066,-1388066
2015/07/14,0,4115000,-6859000,-2744000
2015/07/15,0,5875000,-4505894,1369106
2015/07/16,0,2586000,-1345000,1241000
2015/07/17,0,3391990,-4174000,-782010
2015/07/20,0,2331510,-829000,1502510
2015/07/21,0,5603000,-4121000,1482000
2015/07/22,0,5402658,-3803200,1599458
2015/07/23,0,4030000,-5902000,-1872000
2015/07/24,0,3021291,-4240000,-1218709
2015/07/27,0,3045150,-4444000,-1398850
2015/07/28,0,3601334,-5525000,-1923666
2015/07/29,0,3312000,-4332696,-1020696
2015/07/30,0,1467000,-4966000,-3499000
2015/07/31,0,3459778,-5712000,-2252222
2015/08/03,0,1661551,-3458000,-1796449
2015/08/04,0,2323548,-2363264,-39716
2015/08/05,0,1934050,-3770221,-1836171
2015/08/06,0,2559000,-3095000,-536000
2015/08/07,0,1297000,-2312000,-1015000
2015/08/10,0,2408000,-1273000,1135000
2015/08/11,0,4805444,-5095000,-289556
2015/08/12,0,3437000,-2226728,1210272
2015/08/13,0,5096000,-4702728,393272
2015/08/14,0,408269,-4007000,-3598731
2015/08/17,0,2249641,-3744000,-1494359
2015/08/18,0,2669000,-3522000,-853000
2015/08/19,0,2185874,-3674000,-1488126
2015/08/20,0,3251000,-4016000,-765000
2015/08/21,0,3899000,-4511000,-612000
2015/08/24,0,4164980,-6493000,-2328020
2015/08/25,0,4653642,-6023799,-1370157
2015/08/26,0,3590000,-4156446,-566446
2015/08/27,0,5845000,-7963000,-2118000
2015/08/28,0,4721000,-3290970,1430030
2015/08/31,0,6679060,-5065000,1614060
2015/09/01,0,2819000,-4577250,-1758250
2015/09/02,0,2311000,-3378721,-1067721
2015/09/03,0,1430000,-1424420,5580
2015/09/04,0,2195360,-2313500,-118140
2015/09/07,0,2684000,-2172457,511543
2015/09/08,0,2891320,-3043744,-152424
2015/09/09,0,4708659,-2458000,2250659
2015/09/10,0,3083201,-2306000,777201
2015/09/11,0,1765400,-1901139,-135739
2015/09/14,0,1523000,-2400000,-877000
2015/09/15,0,966000,-1033000,-67000
2015/09/16,0,2290000,-2683776,-393776
2015/09/17,0,3914000,-3582000,332000
2015/09/18,0,3498835,-2156138,1342697
2015/09/21,0,1441000,-3940200,-2499200
2015/09/22,0,1430000,-2208930,-778930
2015/09/23,0,2203000,-5437685,-3234685
2015/09/24,0,779000,-2872000,-2093000
2015/09/25,0,955000,-2798000,-1843000
2015/09/28,0,0,0,0
2015/09/29,0,0,0,0
2015/09/30,0,6826000,-8644787,-1818787
2015/10/01,0,3499651,-8737200,-5237549
2015/10/02,0,4027622,-6950000,-2922378
2015/10/05,0,2855885,-4368216,-1512331
2015/10/06,0,6273000,-7098100,-825100
2015/10/07,0,4535979,-7943000,-3407021
2015/10/08,0,5035000,-9643000,-4608000
2015/10/09,0,0,0,0
2015/10/12,0,5752000,-10074000,-4322000
2015/10/13,0,3680494,-5281466,-1600972
2015/10/14,0,1667000,-4247000,-2580000
2015/10/15,0,4629000,-5290720,-661720
2015/10/16,0,4003000,-5561850,-1558850
2015/10/19,0,1823000,-2324000,-501000
2015/10/20,0,2632300,-4658000,-2025700
2015/10/21,0,2663000,-1734000,929000
2015/10/22,0,4440005,-2601000,1839005
2015/10/23,0,5482500,-6384000,-901500
2015/10/26,0,2823000,-3744000,-921000
2015/10/27,0,2556900,-2766740,-209840
2015/10/28,0,2150000,-3009476,-859476
2015/10/29,0,2033450,-5078652,-3045202
2015/10/30,0,2054000,-4508000,-2454000
2015/11/02,0,3112000,-3869000,-757000
2015/11/03,0,2935000,-3039223,-104223
2015/11/04,0,4860000,-4780447,79553
2015/11/05,0,1507100,-2520000,-1012900
2015/11/06,0,2312000,-4484000,-2172000
2015/11/09,0,1295173,-1390000,-94827
2015/11/10,0,1805000,-4471000,-2666000
2015/11/11,0,1340330,-3494000,-2153670
2015/11/12,0,1419000,-2282000,-863000
2015/11/13,0,3087982,-6435833,-3347851
2015/11/16,0,1742000,-3634077,-1892077
2015/11/17,0,1881000,-1537000,344000
2015/11/18,0,1402495,-3959000,-2556505
2015/11/19,0,3153000,-2866000,287000
2015/11/20,0,1429000,-1664000,-235000
2015/11/23,0,1971221,-1656000,315221
2015/11/24,0,724000,-1082298,-358298
2015/11/25,0,557209,-1808109,-1250900
2015/11/26,0,2231000,-1174536,1056464
2015/11/27,0,1596000,-1488000,108000
2015/11/30,0,7711214,-10281655,-2570441
2015/12/01,0,4932000,-1641083,3290917
2015/12/02,0,6708000,-3903000,2805000
2015/12/03,0,4288000,-3859423,428577
2015/12/04,0,3884000,-3989501,-105501
2015/12/07,0,4965000,-1785750,3179250
2015/12/08,0,3522000,-3757856,-235856
2015/12/09,0,5269000,-5851000,-582000
2015/12/10,0,6745000,-5511000,1234000
2015/12/11,0,7987628,-8259000,-271372
2015/12/14,0,3252000,-2962913,289087
2015/12/15,0,2506879,-3682020,-1175141
2015/12/16,0,3141880,-6113000,-2971120
2015/12/17,0,3923000,-4244000,-321000
2015/12/18,0,3221693,-2726098,495595
2015/12/21,0,1846000,-1955000,-109000
2015/12/22,0,1260803,-3494000,-2233197
2015/12/23,0,1119000,-430000,689000
2015/12/24,0,663000,-563000,100000
2015/12/25,0,559000,-84000,475000
2015/12/28,0,821000,-661000,160000
2015/12/29,0,877000,-758000,119000
2015/12/30,0,368056,-1857881,-1489825
2015/12/31,0,532011,-1303000,-770989
2016/01/01,0,0,0,0
2016/01/04,0,797680,-4362480,-3564800
2016/01/05,0,1854580,-2085000,-230420
2016/01/06,0,4183202,-7901000,-3717798
2016/01/07,0,4567748,-6153951,-1586203
2016/01/08,0,8353000,-7058908,1294092
2016/01/11,0,3318340,-5141000,-1822660
2016/01/12,0,3679800,-2686000,993800
2016/01/13,0,1324835,-2042518,-717683
2016/01/14,0,2316177,-3495000,-1178823
2016/01/15,0,1350000,-6620493,-5270493
2016/01/18,0,3619309,-4241000,-621691
2016/01/19,0,1672000,-3289263,-1617263
2016/01/20,0,4718020,-6365000,-1646980
2016/01/21,0,3363605,-3518000,-154395
2016/01/22,0,2757000,-2040000,717000
2016/01/25,0,4682000,-1743000,2939000
2016/01/26,0,2314000,-3897000,-1583000
2016/01/27,0,2464000,-2021662,442338
2016/01/28,0,7120000,-5394141,1725859
2016/01/29,0,9131813,-7584120,1547693
2016/02/01,0,7283856,-6518530,765326
2016/02/02,0,4247781,-2156233,2091548
2016/02/03,0,2483000,-3434471,-951471
2016/02/04,0,0,0,0
2016/02/05,0,0,0,0
2016/02/08,0,0,0,0
2016/02/09,0,0,0,0
2016/02/10,0,0,0,0
2016/02/11,0,0,0,0
2016/02/12,0,0,0,0
2016/02/15,0,4771677,-3410537,1361140
2016/02/16,0,3806000,-3419000,387000
2016/02/17,0,3050354,-1588000,1462354
2016/02/18,0,2734672,-1204620,1530052
2016/02/19,0,2793020,-1655997,1137023
2016/02/22,0,1656000,-1525000,131000
2016/02/23,0,1737124,-2081000,-343876
2016/02/24,0,1676397,-1198472,477925
2016/02/25,0,2006168,-1867000,139168
2016/02/26,0,4234000,-3347000,887000
2016/02/29,0,0,0,0
2016/03/01,0,4175562,-2928880,1246682
2016/03/02,0,3039340,-1978000,1061340
2016/03/03,0,5801843,-3876000,1925843
2016/03/04,0,3252916,-3375000,-122084
2016/03/07,0,6443673,-3483000,2960673
2016/03/08,0,5960000,-1777000,4183000
2016/03/09,0,3367507,-1542000,1825507
2016/03/10,0,2040000,-869000,1171000
2016/03/11,0,5286000,-596000,4690000
2016/03/14,0,3220000,-535000,2685000
2016/03/15,0,4170000,-1651077,2518923
2016/03/16,0,2617000,-1159000,1458000
2016/03/17,0,5106000,-1043000,4063000
2016/03/18,0,5339000,-4246211,1092789
2016/03/21,0,6955000,-5213400,1741600
2016/03/22,0,2763000,-3066000,-303000
2016/03/23,0,3202000,-3791000,-589000
2016/03/24,0,3660500,-2457532,1202968
2016/03/25,0,2248000,-2165000,83000
2016/03/28,0,2598000,-2458000,140000
2016/03/29,0,2780000,-2974189,-194189
2016/03/30,0,5154864,-4169800,985064
2016/03/31,0,6512000,-7671578,-1159578
2016/04/01,0,6276604,-6169000,107604
2016/04/04,0,0,0,0
2016/04/05,0,0,0,0
2016/04/06,0,7725926,-8718790,-992864
2016/04/07,0,4639000,-3705000,934000
2016/04/08,0,7161000,-5826000,1335000
2016/04/11,0,5575000,-5503640,71360
2016/04/12,0,5150640,-3903000,1247640
2016/04/13,0,3551989,-2254000,1297989
2016/04/14,0,4268000,-2683879,1584121
2016/04/15,0,2092493,-2661000,-568507
2016/04/18,0,3780000,-2797000,983000
2016/04/19,0,6286000,-3243000,3043000
2016/04/20,0,3237456,-2771640,465816
2016/04/21,0,2262728,-1047000,1215728
2016/04/22,0,1233000,-444411,788589
2016/04/25,0,1384000,-380240,1003760
2016/04/26,0,3166412,-2537199,629213
2016/04/27,0,3967300,-2658448,1308852
2016/04/28,0,4954488,-6477000,-1522512
2016/04/29,0,2495000,-5562093,-3067093
2016/05/02,0,0,0,0
2016/05/03,0,2959000,-5340100,-2381100
2016/05/04,0,2661360,-7257314,-4595954
2016/05/05,0,1466000,-5052151,-3586151
2016/05/06,0,2571000,-3710000,-1139000
2016/05/09,0,1121000,-2439000,-1318000
2016/05/10,0,2499000,-2346000,153000
2016/05/11,0,6066000,-4824800,1241200
2016/05/12,0,6098900,-4415000,1683900
2016/05/13,0,8983000,-7520000,1463000
2016/05/16,0,2980000,-2955011,24989
2016/05/17,0,4648000,-3623944,1024056
2016/05/18,0,7628013,-6252000,1376013
2016/05/19,0,3172000,-3304360,-132360
2016/05/20,0,2407000,-2192150,214850
2016/05/23,0,5979210,-2640000,3339210
2016/05/24,0,3900408,-1633000,2267408
2016/05/25,0,3296000,-2754000,542000
2016/05/26,0,1862000,-899685,962315
2016/05/27,0,1758980,-1434000,324980
2016/05/30,0,3302000,-1922269,1379731
2016/05/31,0,9079576,-8554276,525300
2016/06/01,0,7023665,-5615051,1408614
2016/06/02,0,4489000,-5668800,-1179800
2016/06/03,0,2241000,-1196000,1045000
2016/06/06,0,2854000,-1896000,958000
2016/06/07,0,4803000,-2507000,2296000
2016/06/08,0,6778000,-4240000,2538000
2016/06/09,0,0,0,0
2016/06/10,0,0,0,0
2016/06/13,0,6838000,-4401693,2436307
2016/06/14,0,3239906,-2388000,851906
2016/06/15,0,5391000,-3923035,1467965
2016/06/16,0,5558000,-4024000,1534000
2016/06/17,0,6620595,-5631000,989595
2016/06/20,0,7828000,-5042000,2786000
2016/06/21,0,4536000,-5136000,-600000
2016/06/22,0,9480798,-6301000,3179798
2016/06/23,0,7459142,-4818000,2641142
2016/06/24,0,8237811,-6897965,1339846
2016/06/27,0,2351251,-2858000,-506749
2016/06/28,0,3836324,-3763000,73324
2016/06/29,0,4765200,-3884081,881119
2016/06/30,0,8833000,-7549224,1283776
2016/07/01,0,4722000,-3299022,1422978
2016/07/04,0,3323000,-2200000,1123000
2016/07/05,0,1600000,-1954350,-354350
2016/07/06,0,3129642,-3747000,-617358
2016/07/07,0,4590265,-1799814,2790451
2016/07/08,0,0,0,0
2016/07/11,0,5421000,-3258500,2162500
2016/07/12,0,5216000,-2550881,2665119
2016/07/13,0,7745025,-2101000,5644025
2016/07/14,0,4498000,-6631784,-2133784
2016/07/15,0,6290148,-747000,5543148
2016/07/18,0,8263000,-2787000,5476000
2016/07/19,0,5135198,-2577850,2557348
2016/07/20,0,5246000,-5111000,135000
2016/07/21,0,6829762,-2111750,4718012
2016/07/22,0,2589000,-6081317,-3492317
2016/07/25,0,4732000,-4432000,300000
2016/07/26,0,7473000,-7729000,-256000
2016/07/27,0,2403000,-2376000,27000
2016/07/28,0,4981000,-3026000,1955000
2016/07/29,0,4684000,-3987000,697000
2016/08/01,0,8830928,-6362000,2468928
2016/08/02,0,3059200,-3194000,-134800
2016/08/03,0,3066000,-5064000,-1998000
2016/08/04,0,3158000,-3127000,31000
2016/08/05,0,4172945,-3570000,602945
2016/08/08,0,5362071,-6041600,-679529
2016/08/09,0,4015000,-4226904,-211904
2016/08/10,0,8766000,-9209260,-443260
2016/08/11,0,4330000,-5029000,-699000
2016/08/12,0,4379000,-5855120,-1476120
2016/08/15,0,9161000,-8916000,245000
2016/08/16,0,11137000,-8316000,2821000
2016/08/17,0,5473096,-4702000,771096
2016/08/18,0,2312000,-2343490,-31490
2016/08/19,0,1419330,-2172000,-752670
2016/08/22,0,2421000,-3578000,-1157000
2016/08/23,0,4386000,-5879000,-1493000
2016/08/24,0,1858000,-3124000,-1266000
2016/08/25,0,4253000,-1983200,2269800
2016/08/26,0,1246377,-1641171,-394794
2016/08/29,0,1390000,-3499000,-2109000
2016/08/30,0,2048017,-3191000,-1142983
2016/08/31,0,4837240,-10215305,-5378065
2016/09/01,0,5223200,-5364881,-141681
2016/09/02,0,4530428,-1446000,3084428
2016/09/05,0,2109000,-1478558,630442
2016/09/06,0,8543499,-5010270,3533229
2016/09/07,0,5183000,-4112000,1071000
2016/09/08,0,8193000,-8052000,141000
2016/09/09,0,3912000,-4874000,-962000
2016/09/12,0,3761370,-4026108,-264738
2016/09/13,0,5740000,-5741000,-1000
2016/09/14,0,4236009,-5789087,-1553078
2016/09/15,0,0,0,0
2016/09/16,0,0,0,0
2016/09/19,0,13943100,-8905759,5037341
2016/09/20,0,11785175,-9535646,2249529
2016/09/21,0,12573000,-12146048,426952
2016/09/22,0,5378785,-4357000,1021785
2016/09/23,0,4963000,-2318000,2645000
2016/09/26,0,2563000,-2517000,46000
2016/09/27,0,0,0,0
2016/09/28,0,0,0,0
2016/09/29,0,10616428,-4011077,6605351
2016/09/30,0,3739428,-4592413,-852985
2016/10/03,0,2089361,-767000,1322361
2016/10/04,0,5152000,-4082415,1069585
2016/10/05,0,5202000,-1921051,3280949
2016/10/06,0,4158777,-2710000,1448777
2016/10/07,0,7240916,-2471000,4769916
2016/10/10,0,0,0,0
2016/10/11,0,5594000,-4378000,1216000
2016/10/12,0,3152000,-1061752,2090248
2016/10/13,0,5024000,-5272000,-248000
2016/10/14,0,3884000,-2985000,899000
2016/10/17,0,4712000,-2728016,1983984
2016/10/18,0,2188354,-2401200,-212846
2016/10/19,0,4150677,-2966000,1184677
2016/10/20,0,996872,-1613815,-616943
2016/10/21,0,4063000,-3186000,877000
2016/10/24,0,2130000,-2649000,-519000
2016/10/25,0,4759100,-2952000,1807100
2016/10/26,0,3910000,-3566000,344000
2016/10/27,0,1672736,-4611875,-2939139
2016/10/28,0,2083000,-2161000,-78000
2016/10/31,0,2316413,-3677000,-1360587
2016/11/01,0,2461000,-1848129,612871
2016/11/02,0,1088008,-2027513,-939505
2016/11/03,0,2247000,-2923801,-676801
2016/11/04,0,2299000,-2885000,-586000
2016/11/07,0,1512000,-1234475,277525
2016/11/08,0,2474368,-2119000,355368
2016/11/09,0,3923000,-5701000,-1778000
2016/11/10,0,2926000,-3044000,-118000
2016/11/11,0,3313000,-8710307,-5397307
2016/11/14,0,4090000,-8274155,-4184155
2016/11/15,0,4284000,-6010364,-1726364
2016/11/16,0,4656000,-5864475,-1208475
2016/11/17,0,2430000,-4335000,-1905000
2016/11/18,0,3743000,-4804667,-1061667
2016/11/21,0,2520000,-5235112,-2715112
2016/11/22,0,5993000,-6022450,-29450
2016/11/23,0,2040000,-4050702,-2010702
2016/11/24,0,563000,-1514000,-951000
2016/11/25,0,1155000,-1332128,-177128
2016/11/28,0,3695494,-4016000,-320506
2016/11/29,0,4640000,-6393970,-1753970
2016/11/30,0,8546850,-10515043,-1968193
2016/12/01,0,5670888,-8125968,-2455080
2016/12/02,0,2388000,-3680968,-1292968
2016/12/05,0,1171000,-1927897,-756897
2016/12/06,0,1988000,-2128540,-140540
2016/12/07,0,1237000,-1909974,-672974
2016/12/08,0,2766000,-4093973,-1327973
2016/12/09,0,2876420,-3320205,-443785
2016/12/12,0,4064000,-4190000,-126000
2016/12/13,0,5258722,-6404409,-1145687
2016/12/14,0,6090140,-5149331,940809
2016/12/15,0,3641000,-3927494,-286494
2016/12/16,0,11199170,-10679844,519326
2016/12/19,0,1851822,-818199,1033623
2016/12/20,0,2487101,-2578000,-90899
2016/12/21,0,2171396,-2822480,-651084
2016/12/22,0,3286472,-3673800,-387328
2016/12/23,0,2302000,-3481000,-1179000
2016/12/26,0,876000,-487000,389000
2016/12/27,0,495620,-517000,-21380
2016/12/28,0,1785000,-953001,831999
2016/12/29,0,2059954,-2301954,-242000
2016/12/30,0,2904000,-1027000,1877000
2017/01/02,0,0,0,0
2017/01/03,0,2608000,-2934550,-326550
2017/01/04,0,7425500,-8537000,-1111500
2017/01/05,0,6859206,-9052672,-2193466
2017/01/06,0,3556000,-7246172,-3690172
2017/01/09,0,2986896,-737000,2249896
2017/01/10,0,2263000,-4012000,-1749000
2017/01/11,0,4620392,-3282260,1338132
2017/01/12,0,7543000,-5547322,1995678
2017/01/13,0,4272359,-3221000,1051359
2017/01/16,0,3901000,-2526325,1374675
2017/01/17,0,4369920,-3547000,822920
2017/01/18,0,4244000,-4280008,-36008
2017/01/19,0,4035735,-3181036,854699
2017/01/20,0,2382511,-3238000,-855489
2017/01/23,0,11265000,-11894854,-629854
2017/01/24,0,6371095,-5303358,1067737
2017/01/25,0,0,0,0
2017/01/26,0,0,0,0
2017/01/27,0,0,0,0
2017/01/30,0,0,0,0
2017/01/31,0,0,0,0
2017/02/01,0,0,0,0
2017/02/02,0,8848007,-9392399,-544392
2017/02/03,0,4539000,-5917705,-1378705
2017/02/06,0,4771605,-5040225,-268620
2017/02/07,0,3268661,-5337176,-2068515
2017/02/08,0,4913264,-8187000,-3273736
2017/02/09,0,7641286,-10745000,-3103714
2017/02/10,0,5814300,-7241590,-1427290
2017/02/13,0,4754620,-4496182,258438
2017/02/14,0,6241000,-5453269,787731
2017/02/15,0,7064020,-7071310,-7290
2017/02/16,0,6051000,-7005040,-954040
2017/02/17,0,1638000,-3701000,-2063000
2017/02/20,0,2438000,-3322000,-884000
2017/02/21,0,1057000,-3467000,-2410000
2017/02/22,0,3816862,-5623600,-1806738
2017/02/23,0,7959800,-6415996,1543804
2017/02/24,0,5224000,-4507563,716437
2017/02/27,0,0,0,0
2017/02/28,0,0,0,0
2017/03/01,0,3894438,-3833124,61314
2017/03/02,0,8204000,-5904424,2299576
2017/03/03,0,5137000,-4156147,980853
2017/03/06,0,1692960,-1093408,599552
2017/03/07,0,3715835,-1697912,2017923
2017/03/08,0,1516729,-2969107,-1452378
2017/03/09,0,3017735,-3892256,-874521
2017/03/10,0,3129498,-1515120,1614378
2017/03/13,0,2178904,-970000,1208904
2017/03/14,0,4656166,-836246,3819920
2017/03/15,0,2827000,-2316352,510648
2017/03/16,0,5069000,-1572000,3497000
2017/03/17,0,4309830,-3455314,854516
2017/03/20,0,2357000,-2120000,237000
2017/03/21,0,7738672,-3144000,4594672
2017/03/22,0,2908000,-6512095,-3604095
2017/03/23,0,2030000,-1693559,336441
2017/03/24,0,2115824,-1774680,341144
2017/03/27,0,3258000,-1710699,1547301
2017/03/28,0,4941000,-3190507,1750493
2017/03/29,0,3963168,-14188000,-10224832
2017/03/30,0,3997000,-6720537,-2723537
2017/03/31,0,4712500,-7328000,-2615500
2017/04/03,0,0,0,0
2017/04/04,0,0,0,0
2017/04/05,0,6837316,-4998040,1839276
2017/04/06,0,7122000,-5691000,1431000
2017/04/07,0,4520357,-5553000,-1032643
2017/04/10,0,5419000,-1904106,3514894
2017/04/11,0,6586000,-6197478,388522
2017/04/12,0,6091599,-5607318,484281
2017/04/13,0,4118000,-2665000,1453000
2017/04/14,0,1880000,-871000,1009000
2017/04/17,0,1542000,-847000,695000
2017/04/18,0,5829000,-6424040,-595040
2017/04/19,0,5188915,-5981972,-793057
2017/04/20,0,2599000,-2742705,-143705
2017/04/21,0,2274000,-2396323,-122323
2017/04/24,0,1880815,-799543,1081272
2017/04/25,0,5227614,-3625000,1602614
2017/04/26,0,4483000,-7479321,-2996321
2017/04/27,0,2822626,-4115158,-1292532
2017/04/28,0,2044360,-2424773,-380413
2017/05/01,0,0,0,0
2017/05/02,0,4016000,-2400000,1616000
2017/05/03,0,1715000,-864000,851000
2017/05/04,0,1823000,-1745463,77537
2017/05/05,0,1266112,-409000,857112
2017/05/08,0,2185560,-1857307,328253
2017/05/09,0,3287612,-3536006,-248394
2017/05/10,0,3162832,-1805000,1357832
2017/05/11,0,3559954,-3052699,507255
2017/05/12,0,4158740,-2543389,1615351
2017/05/15,0,4623072,-2334209,2288863
2017/05/16,0,6572000,-3854257,2717743
2017/05/17,0,4023000,-1985978,2037022
2017/05/18,0,4348192,-4227363,120829
2017/05/19,0,1868958,-1228536,640422
2017/05/22,0,6055498,-2944627,3110871
2017/05/23,0,3847720,-3672471,175249
2017/05/24,0,6799362,-4003843,2795519
2017/05/25,0,3878000,-4886207,-1008207
2017/05/26,0,0,0,0
2017/05/29,0,0,0,0
2017/05/30,0,0,0,0
2017/05/31,0,10628820,-8162563,2466257
2017/06/01,0,3836507,-4541000,-704493
2017/06/02,0,6886000,-6480000,406000
2017/06/05,0,3782082,-3711773,70309
2017/06/06,0,5274000,-6662000,-1388000
2017/06/07,0,11043000,-14859394,-3816394
2017/06/08,0,3364000,-3898457,-534457
2017/06/09,0,5813000,-3658000,2155000
2017/06/12,0,2518730,-3294000,-775270
2017/06/13,0,2815000,-3481000,-666000
2017/06/14,0,1770000,-2170992,-400992
2017/06/15,0,4290000,-3776545,513455
2017/06/16,0,5718799,-4179418,1539381
2017/06/19,0,5214016,-3828475,1385541
2017/06/20,0,4197000,-3909846,287154
2017/06/21,0,6928000,-5420413,1507587
2017/06/22,0,2655034,-3050888,-395854
2017/06/23,0,2305000,-1820361,484639
2017/06/26,0,3857000,-1744800,2112200
2017/06/27,0,4480000,-3907000,573000
2017/06/28,0,6358000,-3639894,2718106
2017/06/29,0,3233000,-3179000,54000
2017/06/30,0,3952000,-4539039,-587039
2017/07/03,0,3315000,-3148848,166152
2017/07/04,0,6871000,-8104000,-1233000
2017/07/05,0,3014000,-3178865,-164865
2017/07/06,0,2969000,-2713000,256000
2017/07/07,0,6582060,-6705070,-123010
2017/07/10,0,2339507,-2780092,-440585
2017/07/11,0,7730226,-8100000,-369774
2017/07/12,0,5078000,-3839637,1238363
2017/07/13,0,3924072,-2715000,1209072
2017/07/14,0,3555133,-2996000,559133
2017/07/17,0,2503000,-2038000,465000
2017/07/18,0,2581066,-1572000,1009066
2017/07/19,0,1932000,-1254000,678000
2017/07/20,0,5678840,-5527000,151840
2017/07/21,0,3251338,-1774000,1477338
2017/07/24,0,3668750,-4066178,-397428
2017/07/25,0,5337000,-4250419,1086581
2017/07/26,0,10846000,-9464476,1381524
2017/07/27,0,4113000,-2717000,1396000
2017/07/28,0,5393000,-4135608,1257392
2017/07/31,0,8307000,-7920780,386220
2017/08/01,0,6618000,-2593000,4025000
2017/08/02,0,6021277,-1407000,4614277
2017/08/03,0,3500000,-1964064,1535936
2017/08/04,0,6932000,-2782000,4150000
2017/08/07,0,2878364,-1971104,907260
2017/08/08,0,2916000,-1250000,1666000
2017/08/09,0,4986024,-5877576,-891552
2017/08/10,0,5625032,-4011000,1614032
2017/08/11,0,11488000,-18980000,-7492000
2017/08/14,0,7108000,-9420334,-2312334
2017/08/15,0,4382000,-3867800,514200
2017/08/16,0,4915000,-8749000,-3834000
2017/08/17,0,3837000,-5254000,-1417000
2017/08/18,0,3547000,-4913000,-1366000
