Date,Open,Buy,Sell,Total
2007/01/02,0,270000,-753000,-483000
2007/01/03,0,15000,-4289297,-4274297
2007/01/04,0,50000,-220000,-170000
2007/01/05,0,90000,-623000,-533000
2007/01/08,0,0,-1462000,-1462000
2007/01/09,0,824000,-100000,724000
2007/01/10,0,767000,0,767000
2007/01/11,0,1107000,-742000,365000
2007/01/12,0,1588000,-672000,916000
2007/01/15,0,100000,0,100000
2007/01/16,0,192000,0,192000
2007/01/17,0,10000,0,10000
2007/01/18,0,500000,-1003000,-503000
2007/01/19,0,1200000,-1165000,35000
2007/01/22,0,46000,-17000,29000
2007/01/23,0,59000,-8000,51000
2007/01/24,0,147000,-17000,130000
2007/01/25,0,67000,-100256,-33256
2007/01/26,0,30000,0,30000
2007/01/29,0,0,-101000,-101000
2007/01/30,0,181000,-50000,131000
2007/01/31,0,0,-1200000,-1200000
2007/02/01,0,0,-15000,-15000
2007/02/02,0,2000,0,2000
2007/02/05,0,744000,-21000,723000
2007/02/06,0,95000,-220000,-125000
2007/02/07,0,0,-170000,-170000
2007/02/08,0,4000,0,4000
2007/02/09,0,712000,-35000,677000
2007/02/12,0,268000,-572000,-304000
2007/02/13,0,100000,-844000,-744000
2007/02/14,0,605000,-200000,405000
2007/02/15,0,0,0,0
2007/02/16,0,0,0,0
2007/02/19,0,0,0,0
2007/02/20,0,0,0,0
2007/02/21,0,0,0,0
2007/02/22,0,0,0,0
2007/02/23,0,0,0,0
2007/02/26,0,0,-300000,-300000
2007/02/27,0,16000,-280000,-264000
2007/02/28,0,0,0,0
2007/03/01,0,4000,-240000,-236000
2007/03/02,0,350000,-360000,-10000
2007/03/05,0,0,-235000,-235000
2007/03/06,0,27000,-665000,-638000
2007/03/07,0,0,-700000,-700000
2007/03/08,0,0,-225000,-225000
2007/03/09,0,0,-560000,-560000
2007/03/12,0,15000,-200000,-185000
2007/03/13,0,200000,-1397000,-1197000
2007/03/14,0,201000,-2728000,-2527000
2007/03/15,0,32000,-66000,-34000
2007/03/16,0,150000,-852000,-702000
2007/03/19,0,60000,-450000,-390000
2007/03/20,0,89000,-877000,-788000
2007/03/21,0,0,-509000,-509000
2007/03/22,0,124000,-4165000,-4041000
2007/03/23,0,131000,-384000,-253000
2007/03/26,0,97000,-150000,-53000
2007/03/27,0,319000,-470000,-151000
2007/03/28,0,19000,-300000,-281000
2007/03/29,0,0,-1020000,-1020000
2007/03/30,0,0,-788976,-788976
2007/04/02,0,300000,-100000,200000
2007/04/03,0,0,-611000,-611000
2007/04/04,0,0,-209000,-209000
2007/04/05,0,0,0,0
2007/04/06,0,0,0,0
2007/04/09,0,0,-6000,-6000
2007/04/10,0,0,-7000,-7000
2007/04/11,0,4000,-124000,-120000
2007/04/12,0,0,-233000,-233000
2007/04/13,0,0,-417000,-417000
2007/04/16,0,0,0,0
2007/04/17,0,16000,-54000,-38000
2007/04/18,0,0,0,0
2007/04/19,0,0,-700000,-700000
2007/04/20,0,0,-25000,-25000
2007/04/23,0,1000,0,1000
2007/04/24,0,0,-268000,-268000
2007/04/25,0,0,-345000,-345000
2007/04/26,0,0,-300000,-300000
2007/04/27,0,0,0,0
2007/04/30,0,0,-200000,-200000
2007/05/01,0,0,0,0
2007/05/02,0,11000,0,11000
2007/05/03,0,2016000,0,2016000
2007/05/04,0,2938000,0,2938000
2007/05/07,0,149000,0,149000
2007/05/08,0,0,0,0
2007/05/09,0,350000,0,350000
2007/05/10,0,616000,-11000,605000
2007/05/11,0,0,-6000,-6000
2007/05/14,0,0,-16000,-16000
2007/05/15,0,25000,-1000,24000
2007/05/16,0,238000,-4000,234000
2007/05/17,0,0,-3000,-3000
2007/05/18,0,0,-144000,-144000
2007/05/21,0,1221000,-102000,1119000
2007/05/22,0,6000,-100000,-94000
2007/05/23,0,0,-549000,-549000
2007/05/24,0,0,0,0
2007/05/25,0,1000,0,1000
2007/05/28,0,0,0,0
2007/05/29,0,40000,-238000,-198000
2007/05/30,0,163000,-75000,88000
2007/05/31,0,0,-20000,-20000
2007/06/01,0,400000,-38000,362000
2007/06/04,0,4000,0,4000
2007/06/05,0,200000,-48000,152000
2007/06/06,0,153000,0,153000
2007/06/07,0,0,0,0
2007/06/08,0,0,0,0
2007/06/11,0,0,-49000,-49000
2007/06/12,0,2000,-189000,-187000
2007/06/13,0,0,-895000,-895000
2007/06/14,0,0,-5000,-5000
2007/06/15,0,171000,-14000,157000
2007/06/18,0,0,0,0
2007/06/19,0,0,0,0
2007/06/20,0,300000,-2000,298000
2007/06/21,0,800000,-4000,796000
2007/06/22,0,0,0,0
2007/06/25,0,0,-286000,-286000
2007/06/26,0,0,-16000,-16000
2007/06/27,0,156000,0,156000
2007/06/28,0,53000,0,53000
2007/06/29,0,5000,0,5000
2007/07/02,0,0,0,0
2007/07/03,0,0,0,0
2007/07/04,0,0,-24000,-24000
2007/07/05,0,915000,-176000,739000
2007/07/06,0,1025000,0,1025000
2007/07/09,0,1369000,-15000,1354000
2007/07/10,0,762000,0,762000
2007/07/11,0,3000,-700000,-697000
2007/07/12,0,1811000,0,1811000
2007/07/13,0,0,-150000,-150000
2007/07/16,0,670000,-93000,577000
2007/07/17,0,679000,-219000,460000
2007/07/18,0,960000,-7000,953000
2007/07/19,0,690000,-20000,670000
2007/07/20,0,4000,-2000,2000
2007/07/23,0,400000,-40000,360000
2007/07/24,0,1000,-3000,-2000
2007/07/25,0,10000,0,10000
2007/07/26,0,9000,-417000,-408000
2007/07/27,0,2000,0,2000
2007/07/30,0,2000,-1500000,-1498000
2007/07/31,0,4170000,-62000,4108000
2007/08/01,0,5402000,-140000,5262000
2007/08/02,0,2461000,-18000,2443000
2007/08/03,0,2741000,-2000,2739000
2007/08/06,0,2179000,0,2179000
2007/08/07,0,1387000,0,1387000
2007/08/08,0,1626000,0,1626000
2007/08/09,0,0,0,0
2007/08/10,0,690000,-52000,638000
2007/08/13,0,1984000,-572000,1412000
2007/08/14,0,1024000,-52000,972000
2007/08/15,0,306000,0,306000
2007/08/16,0,1511000,-508000,1003000
2007/08/17,0,3031000,-4000,3027000
2007/08/20,0,3867000,0,3867000
2007/08/21,0,1000,-22000,-21000
2007/08/22,0,2830000,-2000,2828000
2007/08/23,0,3012000,0,3012000
2007/08/24,0,1410000,-435000,975000
2007/08/27,0,203000,-1006000,-803000
2007/08/28,0,0,-1679000,-1679000
2007/08/29,0,0,-161000,-161000
2007/08/30,0,0,-146000,-146000
2007/08/31,0,0,-222000,-222000
2007/09/03,0,9000,-746000,-737000
2007/09/04,0,122000,-4000,118000
2007/09/05,0,0,-390000,-390000
2007/09/06,0,16000,-43000,-27000
2007/09/07,0,4000,-6811000,-6807000
2007/09/10,0,0,-5415000,-5415000
2007/09/11,0,12000,-850000,-838000
2007/09/12,0,10000,0,10000
2007/09/13,0,0,-10000,-10000
2007/09/14,0,5000,-150000,-145000
2007/09/17,0,0,-2236000,-2236000
2007/09/18,0,0,0,0
2007/09/19,0,2000,-600000,-598000
2007/09/20,0,4000,-50000,-46000
2007/09/21,0,12000,-271000,-259000
2007/09/24,0,0,0,0
2007/09/25,0,0,0,0
2007/09/26,0,3000,-469000,-466000
2007/09/27,0,3000,-507000,-504000
2007/09/28,0,49000,-917000,-868000
2007/10/01,0,0,-2965000,-2965000
2007/10/02,0,30000,-326000,-296000
2007/10/03,0,0,-1000,-1000
2007/10/04,0,0,-1655000,-1655000
2007/10/05,0,0,-478000,-478000
2007/10/08,0,17000,-189000,-172000
2007/10/09,0,3000,-664500,-661500
2007/10/10,0,0,0,0
2007/10/11,0,0,-13560,-13560
2007/10/12,0,31000,-23860,7140
2007/10/15,0,82000,-529800,-447800
2007/10/16,0,99000,-300000,-201000
2007/10/17,0,96000,-70000,26000
2007/10/18,0,54000,-735680,-681680
2007/10/19,0,0,-24000,-24000
2007/10/22,0,73000,0,73000
2007/10/23,0,4000,-4000,0
2007/10/24,0,0,0,0
2007/10/25,0,54000,-2000,52000
2007/10/26,0,233000,0,233000
2007/10/29,0,1552000,-30000,1522000
2007/10/30,0,1839000,-3000,1836000
2007/10/31,0,313000,0,313000
2007/11/01,0,153000,-1000,152000
2007/11/02,0,55000,0,55000
2007/11/05,0,1106000,0,1106000
2007/11/06,0,0,-283000,-283000
2007/11/07,0,2000,-1300000,-1298000
2007/11/08,0,2000,-500000,-498000
2007/11/09,0,4000,-2000,2000
2007/11/12,0,5000,0,5000
2007/11/13,0,3000,-2000,1000
2007/11/14,0,79000,-17000,62000
2007/11/15,0,1000,-753000,-752000
2007/11/16,0,22000,-547000,-525000
2007/11/19,0,142000,-2063000,-1921000
2007/11/20,0,53000,-2528000,-2475000
2007/11/21,0,25000,-960000,-935000
2007/11/22,0,154000,-2318000,-2164000
2007/11/23,0,9000,-21000,-12000
2007/11/26,0,1000,0,1000
2007/11/27,0,2000,-25000,-23000
2007/11/28,0,1000,-61000,-60000
2007/11/29,0,2000,-15000,-13000
2007/11/30,0,4000,-30000,-26000
2007/12/03,0,4000,-520000,-516000
2007/12/04,0,7000,0,7000
2007/12/05,0,25000,-1334000,-1309000
2007/12/06,0,1000,0,1000
2007/12/07,0,0,-875000,-875000
2007/12/10,0,1200000,0,1200000
2007/12/11,0,601000,0,601000
2007/12/12,0,0,0,0
2007/12/13,0,4000,0,4000
2007/12/14,0,12000,-2590000,-2578000
2007/12/17,0,0,-1000,-1000
2007/12/18,0,155000,-107000,48000
2007/12/19,0,187000,0,187000
2007/12/20,0,1000,0,1000
2007/12/21,0,601000,-114000,487000
2007/12/24,0,2000,-1137000,-1135000
2007/12/25,0,0,-193000,-193000
2007/12/26,0,0,-201000,-201000
2007/12/27,0,58000,-35000,23000
2007/12/28,0,0,-45000,-45000
2007/12/31,0,144000,0,144000
2008/01/01,0,0,0,0
2008/01/02,0,0,0,0
2008/01/03,0,0,-2000,-2000
2008/01/04,0,0,-308000,-308000
2008/01/07,0,2000,-338000,-336000
2008/01/08,0,4000,-45000,-41000
2008/01/09,0,0,-6000,-6000
2008/01/10,0,22000,-4000,18000
2008/01/11,0,1000,-17000,-16000
2008/01/14,0,1000,-159000,-158000
2008/01/15,0,1000,-206000,-205000
2008/01/16,0,1000,0,1000
2008/01/17,0,2028000,-8000,2020000
2008/01/18,0,552000,-3000,549000
2008/01/21,0,210000,0,210000
2008/01/22,0,0,0,0
2008/01/23,0,13000,-200000,-187000
2008/01/24,0,515000,0,515000
2008/01/25,0,5000,-66000,-61000
2008/01/28,0,80000,0,80000
2008/01/29,0,57000,0,57000
2008/01/30,0,6000,0,6000
2008/01/31,0,300000,0,300000
2008/02/01,0,302000,0,302000
2008/02/04,0,0,0,0
2008/02/05,0,0,0,0
2008/02/06,0,0,0,0
2008/02/07,0,0,0,0
2008/02/08,0,0,0,0
2008/02/11,0,0,0,0
2008/02/12,0,16000,-14000,2000
2008/02/13,0,2000,-136000,-134000
2008/02/14,0,1000000,0,1000000
2008/02/15,0,151000,-9000,142000
2008/02/18,0,136000,-47000,89000
2008/02/19,0,49000,-77000,-28000
2008/02/20,0,0,-5000,-5000
2008/02/21,0,77000,0,77000
2008/02/22,0,0,-1473,-1473
2008/02/25,0,2000,-12000,-10000
2008/02/26,0,1000,-19000,-18000
2008/02/27,0,0,-4000,-4000
2008/02/28,0,0,0,0
2008/02/29,0,1000,-1000,0
2008/03/03,0,0,-11000,-11000
2008/03/04,0,3000,-1875000,-1872000
2008/03/05,0,2000,-1803000,-1801000
2008/03/06,0,0,-703000,-703000
2008/03/07,0,0,0,0
2008/03/10,0,5000,-80000,-75000
2008/03/11,0,10000,-166000,-156000
2008/03/12,0,18000,-52000,-34000
2008/03/13,0,0,0,0
2008/03/14,0,2000,0,2000
2008/03/17,0,4000,-1000,3000
2008/03/18,0,4000,-3000,1000
2008/03/19,0,8000,0,8000
2008/03/20,0,3000,0,3000
2008/03/21,0,6000,0,6000
2008/03/24,0,8000,-13000,-5000
2008/03/25,0,55000,-88000,-33000
2008/03/26,0,4000,0,4000
2008/03/27,0,6000,-135000,-129000
2008/03/28,0,7000,0,7000
2008/03/31,0,153000,-4000,149000
2008/04/01,0,3000,-1000,2000
2008/04/02,0,203000,-10000,193000
2008/04/03,0,689000,-200000,489000
2008/04/04,0,0,0,0
2008/04/07,0,31000,-8000,23000
2008/04/08,0,2000,0,2000
2008/04/09,0,38000,0,38000
2008/04/10,0,395000,0,395000
2008/04/11,0,523000,-5000,518000
2008/04/14,0,71000,-2000,69000
2008/04/15,0,301000,0,301000
2008/04/16,0,377000,-7000,370000
2008/04/17,0,1000,0,1000
2008/04/18,0,62000,-49000,13000
2008/04/21,0,654000,0,654000
2008/04/22,0,104000,-20000,84000
2008/04/23,0,4000,-313000,-309000
2008/04/24,0,7000,-256000,-249000
2008/04/25,0,2000,0,2000
2008/04/28,0,35000,-192000,-157000
2008/04/29,0,5000,0,5000
2008/04/30,0,1882000,-14000,1868000
2008/05/01,0,0,0,0
2008/05/02,0,2540000,0,2540000
2008/05/05,0,514000,-3000,511000
2008/05/06,0,94000,0,94000
2008/05/07,0,1695000,0,1695000
2008/05/08,0,58000,-3000,55000
2008/05/09,0,10000,0,10000
2008/05/12,0,10000,-14000,-4000
2008/05/13,0,280000,-181000,99000
2008/05/14,0,1061000,0,1061000
2008/05/15,0,517000,-1000000,-483000
2008/05/16,0,50000,-866000,-816000
2008/05/19,0,0,-145000,-145000
2008/05/20,0,2253000,-58000,2195000
2008/05/21,0,2200000,-4000,2196000
2008/05/22,0,964000,-1026000,-62000
2008/05/23,0,1003000,-1253000,-250000
2008/05/26,0,1842000,-29000,1813000
2008/05/27,0,507000,-19000,488000
2008/05/28,0,1009000,-65000,944000
2008/05/29,0,22000,-339000,-317000
2008/05/30,0,211000,-141000,70000
2008/06/02,0,36000,-450000,-414000
2008/06/03,0,0,0,0
2008/06/04,0,1370000,0,1370000
2008/06/05,0,17000,0,17000
2008/06/06,0,412000,0,412000
2008/06/09,0,539000,0,539000
2008/06/10,0,89000,-332000,-243000
2008/06/11,0,642000,0,642000
2008/06/12,0,2387000,0,2387000
2008/06/13,0,1063000,0,1063000
2008/06/16,0,914000,-3000,911000
2008/06/17,0,2556000,-1000,2555000
2008/06/18,0,1901000,-269000,1632000
2008/06/19,0,100000,-68000,32000
2008/06/20,0,454000,-1000,453000
2008/06/23,0,111000,-114000,-3000
2008/06/24,0,1972000,0,1972000
2008/06/25,0,3133000,-3000,3130000
2008/06/26,0,2057000,-2166000,-109000
2008/06/27,0,116000,0,116000
2008/06/30,0,496000,0,496000
2008/07/01,0,1281000,-793000,488000
2008/07/02,0,1326000,-1016000,310000
2008/07/03,0,612000,-904000,-292000
2008/07/04,0,67000,0,67000
2008/07/07,0,70000,0,70000
2008/07/08,0,1274000,-200000,1074000
2008/07/09,0,3954000,-427000,3527000
2008/07/10,0,915000,-340000,575000
2008/07/11,0,90000,0,90000
2008/07/14,0,2000,-250000,-248000
2008/07/15,0,16000,-3000,13000
2008/07/16,0,636000,-1000,635000
2008/07/17,0,1148000,0,1148000
2008/07/18,0,306000,-12000,294000
2008/07/21,0,503000,-50000,453000
2008/07/22,0,404000,-200000,204000
2008/07/23,0,1621000,-45000,1576000
2008/07/24,0,1044000,-27000,1017000
2008/07/25,0,100000,-525000,-425000
2008/07/28,0,0,0,0
2008/07/29,0,141000,-4412000,-4271000
2008/07/30,0,2661000,-112000,2549000
2008/07/31,0,1767000,-420000,1347000
2008/08/01,0,505000,0,505000
2008/08/04,0,1807000,-745000,1062000
2008/08/05,0,5110000,-1529000,3581000
2008/08/06,0,1457000,0,1457000
2008/08/07,0,635000,-750000,-115000
2008/08/08,0,151000,-89000,62000
2008/08/11,0,2797000,-213000,2584000
2008/08/12,0,2587000,-515000,2072000
2008/08/13,0,495000,0,495000
2008/08/14,0,344000,-129000,215000
2008/08/15,0,531000,-2921000,-2390000
2008/08/18,0,998000,-684000,314000
2008/08/19,0,1135000,-11000,1124000
2008/08/20,0,642000,-14000,628000
2008/08/21,0,339000,0,339000
2008/08/22,0,323000,0,323000
2008/08/25,0,359000,-128000,231000
2008/08/26,0,392000,-1344000,-952000
2008/08/27,0,950000,0,950000
2008/08/28,0,699000,-272000,427000
2008/08/29,0,441000,-4976000,-4535000
2008/09/01,0,752000,-1740000,-988000
2008/09/02,0,855300,-5000,850300
2008/09/03,0,394000,-256000,138000
2008/09/04,0,1222000,-371000,851000
2008/09/05,0,80000,0,80000
2008/09/08,0,957000,0,957000
2008/09/09,0,433000,-101000,332000
2008/09/10,0,566000,-5146000,-4580000
2008/09/11,0,850000,-4630000,-3780000
2008/09/12,0,1000,-1700000,-1699000
2008/09/15,0,310000,-612000,-302000
2008/09/16,0,236000,-7000,229000
2008/09/17,0,1314000,-5519000,-4205000
2008/09/18,0,207000,0,207000
2008/09/19,0,599000,-169000,430000
2008/09/22,0,1187000,0,1187000
2008/09/23,0,281000,-858000,-577000
2008/09/24,0,888000,-4955000,-4067000
2008/09/25,0,1874000,-104000,1770000
2008/09/26,0,14000,-1086000,-1072000
2008/09/29,0,0,0,0
2008/09/30,0,117000,-1617000,-1500000
2008/10/01,0,73000,-511000,-438000
2008/10/02,0,4000,-2126500,-2122500
2008/10/03,0,80000,-1947230,-1867230
2008/10/06,0,0,-123000,-123000
2008/10/07,0,0,-482000,-482000
2008/10/08,0,23000,-1662600,-1639600
2008/10/09,0,122000,-1060650,-938650
2008/10/10,0,0,0,0
2008/10/13,0,260000,-684000,-424000
2008/10/14,0,720000,-286875,433125
2008/10/15,0,528000,-234750,293250
2008/10/16,0,206000,-178000,28000
2008/10/17,0,693000,-863900,-170900
2008/10/20,0,500000,-21312,478688
2008/10/21,0,1188000,-857000,331000
2008/10/22,0,0,-511000,-511000
2008/10/23,0,207000,-1029500,-822500
2008/10/24,0,100000,-38000,62000
2008/10/27,0,903000,-443000,460000
2008/10/28,0,686000,-1284000,-598000
2008/10/29,0,897000,-1240490,-343490
2008/10/30,0,1618000,-40181,1577819
2008/10/31,0,1249000,-355400,893600
2008/11/03,0,2008000,-1498500,509500
2008/11/04,0,1778000,-624760,1153240
2008/11/05,0,88000,-876000,-788000
2008/11/06,0,26000,-1098000,-1072000
2008/11/07,0,14000,-1425000,-1411000
2008/11/10,0,510000,-560000,-50000
2008/11/11,0,356000,-106560,249440
2008/11/12,0,202000,-99674,102326
2008/11/13,0,1526000,-301000,1225000
2008/11/14,0,139000,-538000,-399000
2008/11/17,0,186000,-142000,44000
2008/11/18,0,604000,-635000,-31000
2008/11/19,0,1242000,-280000,962000
2008/11/20,0,5000,-200000,-195000
2008/11/21,0,491000,-2223000,-1732000
2008/11/24,0,14000,0,14000
2008/11/25,0,622000,-369770,252230
2008/11/26,0,2279000,-800000,1479000
2008/11/27,0,463000,-1383000,-920000
2008/11/28,0,712000,-927000,-215000
2008/12/01,0,1780000,-1395000,385000
2008/12/02,0,1369000,-1688780,-319780
2008/12/03,0,17000,-211000,-194000
2008/12/04,0,540000,0,540000
2008/12/05,0,375000,-1000,374000
2008/12/08,0,1141000,-460,1140540
2008/12/09,0,1050000,-250000,800000
2008/12/10,0,182000,-971710,-789710
2008/12/11,0,56000,-2963000,-2907000
2008/12/12,0,73000,-542750,-469750
2008/12/15,0,300000,-1250000,-950000
2008/12/16,0,598000,-1056300,-458300
2008/12/17,0,204000,-796000,-592000
2008/12/18,0,10000,-184700,-174700
2008/12/19,0,39000,-223000,-184000
2008/12/22,0,8000,-648000,-640000
2008/12/23,0,2000,-33000,-31000
2008/12/24,0,118000,-300000,-182000
2008/12/25,0,2000,-2100000,-2098000
2008/12/26,0,22000,-2201000,-2179000
2008/12/29,0,0,-270000,-270000
2008/12/30,0,0,-200000,-200000
2008/12/31,0,0,-711000,-711000
2009/01/01,0,0,0,0
2009/01/02,0,0,0,0
2009/01/05,0,0,0,0
2009/01/06,0,18000,-530000,-512000
2009/01/07,0,66000,-300000,-234000
2009/01/08,0,2621000,-901000,1720000
2009/01/09,0,8000,-802000,-794000
2009/01/12,0,625000,-1461000,-836000
2009/01/13,0,2878000,0,2878000
2009/01/14,0,806000,-6000,800000
2009/01/15,0,1581000,-60000,1521000
2009/01/16,0,11000,0,11000
2009/01/19,0,2000,-18000,-16000
2009/01/20,0,1826000,0,1826000
2009/01/21,0,5156000,-533150,4622850
2009/01/22,0,0,0,0
2009/01/23,0,0,0,0
2009/01/26,0,0,0,0
2009/01/27,0,0,0,0
2009/01/28,0,0,0,0
2009/01/29,0,0,0,0
2009/01/30,0,0,0,0
2009/02/02,0,3236000,0,3236000
2009/02/03,0,3469000,0,3469000
2009/02/04,0,310000,-25000,285000
2009/02/05,0,1538000,-67000,1471000
2009/02/06,0,1104000,0,1104000
2009/02/09,0,1000000,-2744000,-1744000
2009/02/10,0,1216000,-132103,1083897
2009/02/11,0,317000,-1158000,-841000
2009/02/12,0,152000,-26000,126000
2009/02/13,0,260000,-3000,257000
2009/02/16,0,0,0,0
2009/02/17,0,143000,-200000,-57000
2009/02/18,0,44000,-188000,-144000
2009/02/19,0,180000,-1000000,-820000
2009/02/20,0,27000,-97000,-70000
2009/02/23,0,3566000,-850000,2716000
2009/02/24,0,7000,0,7000
2009/02/25,0,0,-100000,-100000
2009/02/26,0,76000,-6000,70000
2009/02/27,0,512000,-201000,311000
2009/03/02,0,561000,-91000,470000
2009/03/03,0,674000,-554230,119770
2009/03/04,0,827000,-1150000,-323000
2009/03/05,0,501000,-504120,-3120
2009/03/06,0,14000,-14000,0
2009/03/09,0,17000,-14000,3000
2009/03/10,0,182000,-237000,-55000
2009/03/11,0,1155000,-597000,558000
2009/03/12,0,0,-244000,-244000
2009/03/13,0,119000,-1367000,-1248000
2009/03/16,0,6000,-536000,-530000
2009/03/17,0,65000,-54000,11000
2009/03/18,0,0,-378000,-378000
2009/03/19,0,350000,-2853000,-2503000
2009/03/20,0,0,-508300,-508300
2009/03/23,0,816000,-1806000,-990000
2009/03/24,0,0,-23000,-23000
2009/03/25,0,800000,-5000,795000
2009/03/26,0,330000,-32000,298000
2009/03/27,0,480000,-24000,456000
2009/03/30,0,0,-4000,-4000
2009/03/31,0,0,-8000,-8000
2009/04/01,0,120000,0,120000
2009/04/02,0,0,-295000,-295000
2009/04/03,0,0,-55706,-55706
2009/04/06,0,277000,-518000,-241000
2009/04/07,0,110000,0,110000
2009/04/08,0,0,-1828000,-1828000
2009/04/09,0,0,-203000,-203000
2009/04/10,0,291000,-3107000,-2816000
2009/04/13,0,0,-2030000,-2030000
2009/04/14,0,201000,-2420000,-2219000
2009/04/15,0,0,-1439000,-1439000
2009/04/16,0,0,-531000,-531000
2009/04/17,0,1200000,-805000,395000
2009/04/20,0,0,-50000,-50000
2009/04/21,0,608000,0,608000
2009/04/22,0,504000,-20000,484000
2009/04/23,0,0,-964000,-964000
2009/04/24,0,4000,-85000,-81000
2009/04/27,0,2237000,-515000,1722000
2009/04/28,0,3000,-18000,-15000
2009/04/29,0,5000,0,5000
2009/04/30,0,1554000,-39000,1515000
2009/05/01,0,0,0,0
2009/05/04,0,11000,-3000,8000
2009/05/05,0,2187000,0,2187000
2009/05/06,0,400000,-129000,271000
2009/05/07,0,0,-24000,-24000
2009/05/08,0,0,-812000,-812000
2009/05/11,0,1734000,-68000,1666000
2009/05/12,0,150000,-125000,25000
2009/05/13,0,882000,-651000,231000
2009/05/14,0,285000,0,285000
2009/05/15,0,2189000,-172000,2017000
2009/05/18,0,900000,-7000,893000
2009/05/19,0,2129000,-378000,1751000
2009/05/20,0,614000,-3798000,-3184000
2009/05/21,0,80000,-2713000,-2633000
2009/05/22,0,0,-757000,-757000
2009/05/25,0,85000,-3534000,-3449000
2009/05/26,0,79000,-261000,-182000
2009/05/27,0,118000,-514000,-396000
2009/05/28,0,0,0,0
2009/05/29,0,0,0,0
2009/06/01,0,92000,-167000,-75000
2009/06/02,0,87000,-26000,61000
2009/06/03,0,23000,0,23000
2009/06/04,0,600000,-183000,417000
2009/06/05,0,200000,-1901000,-1701000
2009/06/08,0,208000,-686000,-478000
2009/06/09,0,4000,-66000,-62000
2009/06/10,0,202000,-51000,151000
2009/06/11,0,990000,0,990000
2009/06/12,0,0,-9000,-9000
2009/06/15,0,8000,0,8000
2009/06/16,0,770000,-1416000,-646000
2009/06/17,0,596000,-280000,316000
2009/06/18,0,2238000,-1241000,997000
2009/06/19,0,781000,-849000,-68000
2009/06/22,0,839000,-715000,124000
2009/06/23,0,1970000,-21000,1949000
2009/06/24,0,3000,-506000,-503000
2009/06/25,0,181000,-522000,-341000
2009/06/26,0,100000,-569300,-469300
2009/06/29,0,8000,0,8000
2009/06/30,0,1890000,0,1890000
2009/07/01,0,2172000,0,2172000
2009/07/02,0,1469000,0,1469000
2009/07/03,0,641000,-16000,625000
2009/07/06,0,209000,-54000,155000
2009/07/07,0,454000,-952000,-498000
2009/07/08,0,45000,-4000,41000
2009/07/09,0,0,-383000,-383000
2009/07/10,0,211000,-131000,80000
2009/07/13,0,366000,-727000,-361000
2009/07/14,0,719000,-1581390,-862390
2009/07/15,0,0,-2163000,-2163000
2009/07/16,0,515000,-322000,193000
2009/07/17,0,0,-350000,-350000
2009/07/20,0,698000,-1209000,-511000
2009/07/21,0,250000,-245000,5000
2009/07/22,0,0,-1212000,-1212000
2009/07/23,0,0,-6000,-6000
2009/07/24,0,500000,-7000,493000
2009/07/27,0,1296000,-18310,1277690
2009/07/28,0,0,-66000,-66000
2009/07/29,0,100000,-6000,94000
2009/07/30,0,255000,-850000,-595000
2009/07/31,0,323000,-257000,66000
2009/08/03,0,0,-1028000,-1028000
2009/08/04,0,220000,-504000,-284000
2009/08/05,0,649000,0,649000
2009/08/06,0,315000,0,315000
2009/08/07,0,0,0,0
2009/08/10,0,170000,-15000,155000
2009/08/11,0,5000,-442000,-437000
2009/08/12,0,2141000,-150000,1991000
2009/08/13,0,1849000,-51000,1798000
2009/08/14,0,252000,-1000,251000
2009/08/17,0,125000,-24000,101000
2009/08/18,0,5000,-100000,-95000
2009/08/19,0,3000,-387000,-384000
2009/08/20,0,103000,-343000,-240000
2009/08/21,0,781000,-279000,502000
2009/08/24,0,2846000,-1300000,1546000
2009/08/25,0,5840000,-6000,5834000
2009/08/26,0,2540000,0,2540000
2009/08/27,0,426000,-6000,420000
2009/08/28,0,11000,0,11000
2009/08/31,0,10000,-115000,-105000
2009/09/01,0,133000,0,133000
2009/09/02,0,448000,0,448000
2009/09/03,0,328000,-424000,-96000
2009/09/04,0,230000,-7000,223000
2009/09/07,0,100000,-167000,-67000
2009/09/08,0,532000,-170000,362000
2009/09/09,0,34000,-97000,-63000
2009/09/10,0,998000,-484000,514000
2009/09/11,0,1461000,-55000,1406000
2009/09/14,0,246000,-57000,189000
2009/09/15,0,1716000,-89000,1627000
2009/09/16,0,2173000,-485000,1688000
2009/09/17,0,0,-550000,-550000
2009/09/18,0,94000,-353000,-259000
2009/09/21,0,75000,-253000,-178000
2009/09/22,0,0,-338000,-338000
2009/09/23,0,11000,-931000,-920000
2009/09/24,0,0,-926000,-926000
2009/09/25,0,0,-557000,-557000
2009/09/28,0,6000,-1186000,-1180000
2009/09/29,0,170000,-451000,-281000
2009/09/30,0,871000,-1507000,-636000
2009/10/01,0,3486000,-1018000,2468000
2009/10/02,0,167000,-210000,-43000
2009/10/05,0,500000,-2550000,-2050000
2009/10/06,0,845000,-102000,743000
2009/10/07,0,424000,-1234000,-810000
2009/10/08,0,0,-1950000,-1950000
2009/10/09,0,503000,-1438000,-935000
2009/10/12,0,2500000,-970500,1529500
2009/10/13,0,406000,-4960,401040
2009/10/14,0,273000,-313420,-40420
2009/10/15,0,50000,-518290,-468290
2009/10/16,0,1000,-168000,-167000
2009/10/19,0,209000,-409000,-200000
2009/10/20,0,550000,-117170,432830
2009/10/21,0,233000,-669000,-436000
2009/10/22,0,0,-1379000,-1379000
2009/10/23,0,250000,-1342000,-1092000
2009/10/26,0,280000,-196000,84000
2009/10/27,0,54000,-697895,-643895
2009/10/28,0,530000,-98000,432000
2009/10/29,0,1397000,-424530,972470
2009/10/30,0,1920000,0,1920000
2009/11/02,0,2022000,-1696,2020304
2009/11/03,0,771000,-285000,486000
2009/11/04,0,55000,0,55000
2009/11/05,0,530000,0,530000
2009/11/06,0,138000,-115260,22740
2009/11/09,0,5000,-408000,-403000
2009/11/10,0,622000,-329190,292810
2009/11/11,0,420000,-50000,370000
2009/11/12,0,180000,-877000,-697000
2009/11/13,0,215000,-627000,-412000
2009/11/16,0,399000,-925000,-526000
2009/11/17,0,100000,-66000,34000
2009/11/18,0,425000,-1078000,-653000
2009/11/19,0,12000,-2222000,-2210000
2009/11/20,0,299000,-1623000,-1324000
2009/11/23,0,0,-436000,-436000
2009/11/24,0,60000,-2729000,-2669000
2009/11/25,0,710000,-2729000,-2019000
2009/11/26,0,0,-707450,-707450
2009/11/27,0,200000,-1822190,-1622190
2009/11/30,0,0,-10000,-10000
2009/12/01,0,100000,-1568800,-1468800
2009/12/02,0,10000,-950000,-940000
2009/12/03,0,0,-290000,-290000
2009/12/04,0,0,-439850,-439850
2009/12/07,0,1197000,-366000,831000
2009/12/08,0,819000,0,819000
2009/12/09,0,1500000,-1097000,403000
2009/12/10,0,490000,-1506000,-1016000
2009/12/11,0,54000,-922000,-868000
2009/12/14,0,261000,-8000,253000
2009/12/15,0,512000,0,512000
2009/12/16,0,0,-8000,-8000
2009/12/17,0,0,0,0
2009/12/18,0,591000,0,591000
2009/12/21,0,1106000,0,1106000
2009/12/22,0,0,-6000,-6000
2009/12/23,0,20000,-146000,-126000
2009/12/24,0,10000,-291000,-281000
2009/12/25,0,31000,-7000,24000
2009/12/28,0,0,-33000,-33000
2009/12/29,0,0,-79000,-79000
2009/12/30,0,0,-2051000,-2051000
2009/12/31,0,0,-87000,-87000
2010/01/01,0,0,0,0
2010/01/04,0,236000,-1274000,-1038000
2010/01/05,0,120000,-191000,-71000
2010/01/06,0,0,-110400,-110400
2010/01/07,0,370000,-889000,-519000
2010/01/08,0,0,-481000,-481000
2010/01/11,0,0,0,0
2010/01/12,0,0,-355000,-355000
2010/01/13,0,0,-125000,-125000
2010/01/14,0,70000,-1553500,-1483500
2010/01/15,0,405000,-988000,-583000
2010/01/18,0,0,-314000,-314000
2010/01/19,0,1686000,-258000,1428000
2010/01/20,0,46000,-84000,-38000
2010/01/21,0,0,-540000,-540000
2010/01/22,0,0,-512000,-512000
2010/01/25,0,32000,-182210,-150210
2010/01/26,0,0,0,0
2010/01/27,0,15000,0,15000
2010/01/28,0,5000,-40000,-35000
2010/01/29,0,125000,0,125000
2010/02/01,0,919000,-50000,869000
2010/02/02,0,50000,-42000,8000
2010/02/03,0,282000,-44000,238000
2010/02/04,0,50000,-30000,20000
2010/02/05,0,53000,0,53000
2010/02/08,0,20000,0,20000
2010/02/09,0,332000,0,332000
2010/02/10,0,1416000,0,1416000
2010/02/11,0,0,0,0
2010/02/12,0,0,0,0
2010/02/15,0,0,0,0
2010/02/16,0,0,0,0
2010/02/17,0,0,0,0
2010/02/18,0,0,0,0
2010/02/19,0,0,0,0
2010/02/22,0,4000,-298000,-294000
2010/02/23,0,7000,-92000,-85000
2010/02/24,0,3000,-350000,-347000
2010/02/25,0,3000,-172000,-169000
2010/02/26,0,17000,-100000,-83000
2010/03/01,0,3000,-355000,-352000
2010/03/02,0,546000,-650000,-104000
2010/03/03,0,0,-560000,-560000
2010/03/04,0,1170000,-850000,320000
2010/03/05,0,928000,-690000,238000
2010/03/08,0,562000,-340520,221480
2010/03/09,0,0,-130000,-130000
2010/03/10,0,0,-195000,-195000
2010/03/11,0,0,-365320,-365320
2010/03/12,0,174000,-68000,106000
2010/03/15,0,0,-732510,-732510
2010/03/16,0,237000,-285470,-48470
2010/03/17,0,37000,0,37000
2010/03/18,0,34000,-783000,-749000
2010/03/19,0,81000,-586000,-505000
2010/03/22,0,13000,-361000,-348000
2010/03/23,0,22000,-958150,-936150
2010/03/24,0,20000,-1309950,-1289950
2010/03/25,0,0,-1137757,-1137757
2010/03/26,0,0,-1452270,-1452270
2010/03/29,0,5000,-1179908,-1174908
2010/03/30,0,706000,0,706000
2010/03/31,0,0,-4000,-4000
2010/04/01,0,13000,-1500000,-1487000
2010/04/02,0,68000,-1504000,-1436000
2010/04/05,0,0,0,0
2010/04/06,0,0,-41000,-41000
2010/04/07,0,0,0,0
2010/04/08,0,0,0,0
2010/04/09,0,0,-1003000,-1003000
2010/04/12,0,157000,-83370,73630
2010/04/13,0,348000,-380000,-32000
2010/04/14,0,105000,-1517000,-1412000
2010/04/15,0,0,-1725630,-1725630
2010/04/16,0,0,-752000,-752000
2010/04/19,0,0,-14891,-14891
2010/04/20,0,3000,-326050,-323050
2010/04/21,0,500000,0,500000
2010/04/22,0,700000,-75000,625000
2010/04/23,0,0,0,0
2010/04/26,0,281000,0,281000
2010/04/27,0,0,-321000,-321000
2010/04/28,0,0,-3000,-3000
2010/04/29,0,400000,-90000,310000
2010/04/30,0,80000,-1007000,-927000
2010/05/03,0,0,-19000,-19000
2010/05/04,0,1280000,0,1280000
2010/05/05,0,300000,-8000,292000
2010/05/06,0,0,0,0
2010/05/07,0,9000,-1000,8000
2010/05/10,0,1544000,-14000,1530000
2010/05/11,0,857000,-13000,844000
2010/05/12,0,427000,-100000,327000
2010/05/13,0,378000,0,378000
2010/05/14,0,643000,-80000,563000
2010/05/17,0,769000,-12870,756130
2010/05/18,0,4000,-117000,-113000
2010/05/19,0,0,-69000,-69000
2010/05/20,0,7000,-865000,-858000
2010/05/21,0,1079000,-85000,994000
2010/05/24,0,0,-19000,-19000
2010/05/25,0,3000,-387000,-384000
2010/05/26,0,276000,-200000,76000
2010/05/27,0,737000,-7000,730000
2010/05/28,0,836000,-18000,818000
2010/05/31,0,372000,-540,371460
2010/06/01,0,1000,0,1000
2010/06/02,0,68000,0,68000
2010/06/03,0,0,-5000,-5000
2010/06/04,0,0,0,0
2010/06/07,0,0,-152000,-152000
2010/06/08,0,9000,-1000,8000
2010/06/09,0,0,-54000,-54000
2010/06/10,0,9000,-1000,8000
2010/06/11,0,73000,-66189,6811
2010/06/14,0,5000,-1000,4000
2010/06/15,0,0,-249000,-249000
2010/06/16,0,0,0,0
2010/06/17,0,74000,-22000,52000
2010/06/18,0,3000,-1057000,-1054000
2010/06/21,0,0,-1400000,-1400000
2010/06/22,0,139000,-502000,-363000
2010/06/23,0,0,-771000,-771000
2010/06/24,0,28000,-2000,26000
2010/06/25,0,166000,-16000,150000
2010/06/28,0,52000,0,52000
2010/06/29,0,6000,-593000,-587000
2010/06/30,0,100000,0,100000
2010/07/01,0,228000,-100000,128000
2010/07/02,0,3000,0,3000
2010/07/05,0,0,-565000,-565000
2010/07/06,0,10000,-697000,-687000
2010/07/07,0,50000,0,50000
2010/07/08,0,0,-666000,-666000
2010/07/09,0,650000,0,650000
2010/07/12,0,68000,-90000,-22000
2010/07/13,0,0,-428000,-428000
2010/07/14,0,0,-198000,-198000
2010/07/15,0,240000,-81530,158470
2010/07/16,0,4283000,-1000,4282000
2010/07/19,0,209000,-24000,185000
2010/07/20,0,150000,-160000,-10000
2010/07/21,0,54000,-2000,52000
2010/07/22,0,4000,0,4000
2010/07/23,0,54000,-96000,-42000
2010/07/26,0,0,-221840,-221840
2010/07/27,0,526000,0,526000
2010/07/28,0,2000,0,2000
2010/07/29,0,0,-713000,-713000
2010/07/30,0,32000,-240000,-208000
2010/08/02,0,37000,-70000,-33000
2010/08/03,0,5000,-877000,-872000
2010/08/04,0,1000,-1668440,-1667440
2010/08/05,0,0,-864500,-864500
2010/08/06,0,0,-288000,-288000
2010/08/09,0,19000,-1000,18000
2010/08/10,0,42000,-1824000,-1782000
2010/08/11,0,47000,-751000,-704000
2010/08/12,0,0,-12000,-12000
2010/08/13,0,0,-42000,-42000
2010/08/16,0,0,-2000,-2000
2010/08/17,0,1000,-7000,-6000
2010/08/18,0,31000,-6000,25000
2010/08/19,0,0,-1000,-1000
2010/08/20,0,30000,-648000,-618000
2010/08/23,0,0,0,0
2010/08/24,0,0,-20000,-20000
2010/08/25,0,17000,-89000,-72000
2010/08/26,0,351000,-148000,203000
2010/08/27,0,2000,0,2000
2010/08/30,0,7000,-7572,-572
2010/08/31,0,0,-352000,-352000
2010/09/01,0,71000,0,71000
2010/09/02,0,4000,-202000,-198000
2010/09/03,0,501000,0,501000
2010/09/06,0,450000,0,450000
2010/09/07,0,625000,0,625000
2010/09/08,0,0,0,0
2010/09/09,0,0,0,0
2010/09/10,0,0,0,0
2010/09/13,0,0,0,0
2010/09/14,0,2000,-784402,-782402
2010/09/15,0,0,-39000,-39000
2010/09/16,0,0,-221000,-221000
2010/09/17,0,167000,-8000,159000
2010/09/20,0,0,-2003000,-2003000
2010/09/21,0,0,-1304000,-1304000
2010/09/22,0,0,0,0
2010/09/23,0,0,-8000,-8000
2010/09/24,0,0,-1505000,-1505000
2010/09/27,0,0,-4000,-4000
2010/09/28,0,36000,-21000,15000
2010/09/29,0,0,-22000,-22000
2010/09/30,0,0,-33000,-33000
2010/10/01,0,0,0,0
2010/10/04,0,0,-3000,-3000
2010/10/05,0,0,0,0
2010/10/06,0,0,-3000,-3000
2010/10/07,0,250000,0,250000
2010/10/08,0,648000,-1074000,-426000
2010/10/11,0,0,0,0
2010/10/12,0,100000,-3000,97000
2010/10/13,0,100000,-90000,10000
2010/10/14,0,357000,-12000,345000
2010/10/15,0,252000,-1000,251000
2010/10/18,0,3000,-2000,1000
2010/10/19,0,1151000,0,1151000
2010/10/20,0,523000,0,523000
2010/10/21,0,0,0,0
2010/10/22,0,100000,-8000,92000
2010/10/25,0,1455000,0,1455000
2010/10/26,0,14000,0,14000
2010/10/27,0,1118000,0,1118000
2010/10/28,0,0,0,0
2010/10/29,0,5000,-401000,-396000
2010/11/01,0,0,0,0
2010/11/02,0,0,0,0
2010/11/03,0,0,0,0
2010/11/04,0,0,0,0
2010/11/05,0,0,-542000,-542000
2010/11/08,0,0,-2270000,-2270000
2010/11/09,0,7000,0,7000
2010/11/10,0,0,-61000,-61000
2010/11/11,0,4000,0,4000
2010/11/12,0,0,-229000,-229000
2010/11/15,0,400000,-1000,399000
2010/11/16,0,0,-8000,-8000
2010/11/17,0,0,0,0
2010/11/18,0,0,0,0
2010/11/19,0,410000,-209000,201000
2010/11/22,0,0,-120000,-120000
2010/11/23,0,0,-153000,-153000
2010/11/24,0,0,0,0
2010/11/25,0,0,-15000,-15000
2010/11/26,0,3000,-2000,1000
2010/11/29,0,0,-1000,-1000
2010/11/30,0,0,-26000,-26000
2010/12/01,0,0,-395000,-395000
2010/12/02,0,0,-6000,-6000
2010/12/03,0,0,-9000,-9000
2010/12/06,0,0,-13000,-13000
2010/12/07,0,1000,-440000,-439000
2010/12/08,0,0,-4000,-4000
2010/12/09,0,3000,-402000,-399000
2010/12/10,0,0,-250000,-250000
2010/12/13,0,84000,-170000,-86000
2010/12/14,0,0,-10000,-10000
2010/12/15,0,0,-855000,-855000
2010/12/16,0,0,-468000,-468000
2010/12/17,0,107000,-204000,-97000
2010/12/20,0,0,-5000,-5000
2010/12/21,0,1000,0,1000
2010/12/22,0,4000,0,4000
2010/12/23,0,0,-11000,-11000
2010/12/24,0,0,0,0
2010/12/27,0,0,-2000,-2000
2010/12/28,0,0,0,0
2010/12/29,0,64000,0,64000
2010/12/30,0,0,0,0
2010/12/31,0,0,-3000,-3000
2011/01/03,0,0,-477000,-477000
2011/01/04,0,0,0,0
2011/01/05,0,12000,-240000,-228000
2011/01/06,0,0,0,0
2011/01/07,0,403000,0,403000
2011/01/10,0,0,-190000,-190000
2011/01/11,0,0,-400000,-400000
2011/01/12,0,0,0,0
2011/01/13,0,0,0,0
2011/01/14,0,6000,0,6000
2011/01/17,0,0,0,0
2011/01/18,0,0,-237000,-237000
2011/01/19,0,3000,-12000,-9000
2011/01/20,0,23000,-3000,20000
2011/01/21,0,671000,-42000,629000
2011/01/24,0,7000,0,7000
2011/01/25,0,10000,0,10000
2011/01/26,0,0,-1000,-1000
2011/01/27,0,2000,-2000,0
2011/01/28,0,0,-56000,-56000
2011/01/31,0,0,0,0
2011/02/01,0,0,0,0
2011/02/02,0,0,0,0
2011/02/03,0,0,0,0
2011/02/04,0,0,0,0
2011/02/07,0,0,0,0
2011/02/08,0,0,-50000,-50000
2011/02/09,0,0,0,0
2011/02/10,0,0,-3000,-3000
2011/02/11,0,9000,0,9000
2011/02/14,0,4000,0,4000
2011/02/15,0,6000,0,6000
2011/02/16,0,5000,0,5000
2011/02/17,0,0,-28000,-28000
2011/02/18,0,3000,0,3000
2011/02/21,0,0,-4000,-4000
2011/02/22,0,0,0,0
2011/02/23,0,42000,0,42000
2011/02/24,0,4000,0,4000
2011/02/25,0,3000,-7000,-4000
2011/02/28,0,0,0,0
2011/03/01,0,0,0,0
2011/03/02,0,3000,0,3000
2011/03/03,0,0,0,0
2011/03/04,0,369000,0,369000
2011/03/07,0,0,-121000,-121000
2011/03/08,0,0,-148210,-148210
2011/03/09,0,0,-27000,-27000
2011/03/10,0,0,-609120,-609120
2011/03/11,0,13000,0,13000
2011/03/14,0,4000,0,4000
2011/03/15,0,3000,0,3000
2011/03/16,0,0,0,0
2011/03/17,0,25000,0,25000
2011/03/18,0,0,-7000,-7000
2011/03/21,0,0,0,0
2011/03/22,0,0,0,0
2011/03/23,0,0,0,0
2011/03/24,0,185000,0,185000
2011/03/25,0,0,0,0
2011/03/28,0,0,-1000,-1000
2011/03/29,0,0,0,0
2011/03/30,0,0,-25000,-25000
2011/03/31,0,12000,-126000,-114000
2011/04/01,0,0,0,0
2011/04/04,0,0,0,0
2011/04/05,0,0,0,0
2011/04/06,0,0,-3000,-3000
2011/04/07,0,0,0,0
2011/04/08,0,0,0,0
2011/04/11,0,1000,0,1000
2011/04/12,0,0,-11000,-11000
2011/04/13,0,0,0,0
2011/04/14,0,56000,0,56000
2011/04/15,0,0,0,0
2011/04/18,0,1000,-2000,-1000
2011/04/19,0,5000,0,5000
2011/04/20,0,0,0,0
2011/04/21,0,0,-434000,-434000
2011/04/22,0,30000,-192000,-162000
2011/04/25,0,0,-4000,-4000
2011/04/26,0,130000,-4000,126000
2011/04/27,0,318000,-3171,314829
2011/04/28,0,88000,-254000,-166000
2011/04/29,0,0,-280000,-280000
2011/05/02,0,0,0,0
2011/05/03,0,32000,-4000,28000
2011/05/04,0,32000,0,32000
2011/05/05,0,32000,-103000,-71000
2011/05/06,0,57000,0,57000
2011/05/09,0,101000,0,101000
2011/05/10,0,241000,-100000,141000
2011/05/11,0,1025000,0,1025000
2011/05/12,0,119000,-3000,116000
2011/05/13,0,0,-25000,-25000
2011/05/16,0,27000,0,27000
2011/05/17,0,1870000,0,1870000
2011/05/18,0,0,-20000,-20000
2011/05/19,0,414000,-20000,394000
2011/05/20,0,197000,-587000,-390000
2011/05/23,0,3000,-31153,-28153
2011/05/24,0,2000,-298000,-296000
2011/05/25,0,20000,-10000,10000
2011/05/26,0,0,-2000,-2000
2011/05/27,0,400000,0,400000
2011/05/30,0,535000,0,535000
2011/05/31,0,3365000,-3000,3362000
2011/06/01,0,907000,0,907000
2011/06/02,0,150000,0,150000
2011/06/03,0,759000,0,759000
2011/06/06,0,0,0,0
2011/06/07,0,1996000,-120000,1876000
2011/06/08,0,717000,0,717000
2011/06/09,0,307000,0,307000
2011/06/10,0,156000,0,156000
2011/06/13,0,98000,-161000,-63000
2011/06/14,0,449000,0,449000
2011/06/15,0,262000,0,262000
2011/06/16,0,129000,0,129000
2011/06/17,0,303000,-285000,18000
2011/06/20,0,273000,0,273000
2011/06/21,0,180000,-200000,-20000
2011/06/22,0,266000,-650000,-384000
2011/06/23,0,106000,-162000,-56000
2011/06/24,0,212000,0,212000
2011/06/27,0,243000,0,243000
2011/06/28,0,361000,-31000,330000
2011/06/29,0,332000,0,332000
2011/06/30,0,1470000,0,1470000
2011/07/01,0,1359000,-663000,696000
2011/07/04,0,1564000,-12000,1552000
2011/07/05,0,1011000,-3000,1008000
2011/07/06,0,1064000,-13000,1051000
2011/07/07,0,553000,0,553000
2011/07/08,0,556000,-38000,518000
2011/07/11,0,200000,-400000,-200000
2011/07/12,0,30000,-1000,29000
2011/07/13,0,1093000,-134000,959000
2011/07/14,0,0,-273000,-273000
2011/07/15,0,487000,-152000,335000
2011/07/18,0,3000,0,3000
2011/07/19,0,50000,0,50000
2011/07/20,0,862000,0,862000
2011/07/21,0,187000,0,187000
2011/07/22,0,376000,-8000,368000
2011/07/25,0,0,-16000,-16000
2011/07/26,0,95000,-150000,-55000
2011/07/27,0,1513000,-8000,1505000
2011/07/28,0,145000,-50000,95000
2011/07/29,0,261000,0,261000
2011/08/01,0,565000,0,565000
2011/08/02,0,214000,-250000,-36000
2011/08/03,0,27000,-346000,-319000
2011/08/04,0,95000,0,95000
2011/08/05,0,1105000,-340000,765000
2011/08/08,0,231000,0,231000
2011/08/09,0,64000,-259000,-195000
2011/08/10,0,210000,-883000,-673000
2011/08/11,0,47000,-3411000,-3364000
2011/08/12,0,154000,-2361000,-2207000
2011/08/15,0,307000,0,307000
2011/08/16,0,66000,-48000,18000
2011/08/17,0,60000,-3306000,-3246000
2011/08/18,0,97000,-1337000,-1240000
2011/08/19,0,33000,-820000,-787000
2011/08/22,0,100000,-365000,-265000
2011/08/23,0,5000,0,5000
2011/08/24,0,10000,-551000,-541000
2011/08/25,0,5000,0,5000
2011/08/26,0,986000,0,986000
2011/08/29,0,79000,0,79000
2011/08/30,0,429000,0,429000
2011/08/31,0,164000,-1000,163000
2011/09/01,0,1759000,-3000,1756000
2011/09/02,0,43000,-7000,36000
2011/09/05,0,0,-56000,-56000
2011/09/06,0,0,0,0
2011/09/07,0,213000,0,213000
2011/09/08,0,466000,0,466000
2011/09/09,0,117000,0,117000
2011/09/12,0,0,0,0
2011/09/13,0,26000,-193986,-167986
2011/09/14,0,997000,0,997000
2011/09/15,0,589000,-60000,529000
2011/09/16,0,778000,-500000,278000
2011/09/19,0,23000,-7000,16000
2011/09/20,0,3000,-519000,-516000
2011/09/21,0,899053,-3370000,-2470947
2011/09/22,0,1000000,-5106000,-4106000
2011/09/23,0,185000,-1525000,-1340000
2011/09/26,0,470000,-305000,165000
2011/09/27,0,72000,0,72000
2011/09/28,0,653000,-504000,149000
2011/09/29,0,732000,0,732000
2011/09/30,0,470000,-45000,425000
2011/10/03,0,340000,-902000,-562000
2011/10/04,0,402000,-635000,-233000
2011/10/05,0,156000,0,156000
2011/10/06,0,1151000,-250000,901000
2011/10/07,0,549000,-345000,204000
2011/10/10,0,0,0,0
2011/10/11,0,336000,-200000,136000
2011/10/12,0,380000,-167000,213000
2011/10/13,0,7000,-500000,-493000
2011/10/14,0,133000,-693000,-560000
2011/10/17,0,442000,-103665,338335
2011/10/18,0,3000,-1408739,-1405739
2011/10/19,0,0,-100000,-100000
2011/10/20,0,0,0,0
2011/10/21,0,1172000,0,1172000
2011/10/24,0,6000,0,6000
2011/10/25,0,675000,-240000,435000
2011/10/26,0,122000,0,122000
2011/10/27,0,324000,-140000,184000
2011/10/28,0,296000,-110000,186000
2011/10/31,0,189000,-6000,183000
2011/11/01,0,305000,-6000,299000
2011/11/02,0,2034000,0,2034000
2011/11/03,0,2154000,-290000,1864000
2011/11/04,0,400000,-37000,363000
2011/11/07,0,0,0,0
2011/11/08,0,107000,-50000,57000
2011/11/09,0,681000,0,681000
2011/11/10,0,2000,-100000,-98000
2011/11/11,0,0,-102000,-102000
2011/11/14,0,813000,-3598,809402
2011/11/15,0,1684000,-1000,1683000
2011/11/16,0,716000,0,716000
2011/11/17,0,735000,-59000,676000
2011/11/18,0,352000,0,352000
2011/11/21,0,368000,0,368000
2011/11/22,0,39000,0,39000
2011/11/23,0,19000,0,19000
2011/11/24,0,210000,0,210000
2011/11/25,0,1393000,0,1393000
2011/11/28,0,1008000,0,1008000
2011/11/29,0,105000,0,105000
2011/11/30,0,4000,-3000,1000
2011/12/01,0,0,-170000,-170000
2011/12/02,0,335000,-450000,-115000
2011/12/05,0,290000,-55000,235000
2011/12/06,0,0,0,0
2011/12/07,0,3000,0,3000
2011/12/08,0,311000,-100000,211000
2011/12/09,0,347302,-350000,-2698
2011/12/12,0,53000,0,53000
2011/12/13,0,233000,-423000,-190000
2011/12/14,0,0,-1059000,-1059000
2011/12/15,0,327000,-974000,-647000
2011/12/16,0,2000,-12000,-10000
2011/12/19,0,79000,0,79000
2011/12/20,0,297000,0,297000
2011/12/21,0,16000,0,16000
2011/12/22,0,65000,-1465000,-1400000
2011/12/23,0,0,-800000,-800000
2011/12/26,0,0,-15000,-15000
2011/12/27,0,65000,-12000,53000
2011/12/28,0,0,-14000,-14000
2011/12/29,0,0,-52000,-52000
2011/12/30,0,0,-18000,-18000
2012/01/02,0,42000,-529000,-487000
2012/01/03,0,0,-883000,-883000
2012/01/04,0,0,0,0
2012/01/05,0,20000,-229526,-209526
2012/01/06,0,516000,-154000,362000
2012/01/09,0,402000,-177000,225000
2012/01/10,0,482000,-116000,366000
2012/01/11,0,402000,-5000,397000
2012/01/12,0,383000,-11000,372000
2012/01/13,0,102000,-46000,56000
2012/01/16,0,0,-1957000,-1957000
2012/01/17,0,0,-1577000,-1577000
2012/01/18,0,0,-495000,-495000
2012/01/19,0,0,0,0
2012/01/20,0,0,0,0
2012/01/23,0,0,0,0
2012/01/24,0,0,0,0
2012/01/25,0,0,0,0
2012/01/26,0,0,0,0
2012/01/27,0,0,0,0
2012/01/30,0,0,-530000,-530000
2012/01/31,0,40000,-748000,-708000
2012/02/01,0,70000,-633000,-563000
2012/02/02,0,1021000,-10000,1011000
2012/02/03,0,0,-8000,-8000
2012/02/06,0,0,-14000,-14000
2012/02/07,0,0,0,0
2012/02/08,0,406000,-84000,322000
2012/02/09,0,1213000,-37019,1175981
2012/02/10,0,154000,-4000,150000
2012/02/13,0,251000,0,251000
2012/02/14,0,335000,-66000,269000
2012/02/15,0,0,-10000,-10000
2012/02/16,0,1000,-4000,-3000
2012/02/17,0,9000,0,9000
2012/02/20,0,0,-4000,-4000
2012/02/21,0,0,-827000,-827000
2012/02/22,0,0,-300000,-300000
2012/02/23,0,0,-304000,-304000
2012/02/24,0,436000,-1370000,-934000
2012/02/27,0,0,0,0
2012/02/28,0,0,0,0
2012/02/29,0,0,-3000,-3000
2012/03/01,0,0,-51000,-51000
2012/03/02,0,549000,-24000,525000
2012/03/05,0,526000,-1000,525000
2012/03/06,0,10000,-10000,0
2012/03/07,0,5000,0,5000
2012/03/08,0,150502,-580000,-429498
2012/03/09,0,273000,-1000000,-727000
2012/03/12,0,0,-3000,-3000
2012/03/13,0,110000,-85000,25000
2012/03/14,0,30000,-35000,-5000
2012/03/15,0,597000,-64000,533000
2012/03/16,0,0,-250000,-250000
2012/03/19,0,5000,-6000,-1000
2012/03/20,0,30000,-19000,11000
2012/03/21,0,80000,0,80000
2012/03/22,0,0,-39000,-39000
2012/03/23,0,150000,-61000,89000
2012/03/26,0,65000,-2000,63000
2012/03/27,0,0,0,0
2012/03/28,0,100000,-30000,70000
2012/03/29,0,65000,-50000,15000
2012/03/30,0,681000,-4000,677000
2012/04/02,0,155000,-1000,154000
2012/04/03,0,1176000,-23000,1153000
2012/04/04,0,0,0,0
2012/04/05,0,231000,-50197,180803
2012/04/06,0,107000,0,107000
2012/04/09,0,55000,-47000,8000
2012/04/10,0,729000,-50000,679000
2012/04/11,0,897000,-47000,850000
2012/04/12,0,0,-1000,-1000
2012/04/13,0,225000,-245000,-20000
2012/04/16,0,270000,-300000,-30000
2012/04/17,0,575000,-219000,356000
2012/04/18,0,503000,-18000,485000
2012/04/19,0,2609000,-150000,2459000
2012/04/20,0,3300000,-20000,3280000
2012/04/23,0,2732000,0,2732000
2012/04/24,0,1741000,0,1741000
2012/04/25,0,658000,-30000,628000
2012/04/26,0,518000,0,518000
2012/04/27,0,214000,0,214000
2012/04/30,0,2262000,0,2262000
2012/05/01,0,0,0,0
2012/05/02,0,1522000,0,1522000
2012/05/03,0,1020000,-1228,1018772
2012/05/04,0,190000,-223000,-33000
2012/05/07,0,1315000,-10000,1305000
2012/05/08,0,888000,-358000,530000
2012/05/09,0,392000,0,392000
2012/05/10,0,605000,0,605000
2012/05/11,0,1613000,0,1613000
2012/05/14,0,1293000,0,1293000
2012/05/15,0,1145000,0,1145000
2012/05/16,0,403000,0,403000
2012/05/17,0,669000,-87000,582000
2012/05/18,0,333000,-100000,233000
2012/05/21,0,755000,-28000,727000
2012/05/22,0,395000,-538000,-143000
2012/05/23,0,656000,-636000,20000
2012/05/24,0,742000,-735000,7000
2012/05/25,0,432000,-55000,377000
2012/05/28,0,0,-536000,-536000
2012/05/29,0,475000,-20000,455000
2012/05/30,0,260000,-785739,-525739
2012/05/31,0,121000,-1076000,-955000
2012/06/01,0,86000,-918000,-832000
2012/06/04,0,26000,0,26000
2012/06/05,0,101000,-20000,81000
2012/06/06,0,163000,-642000,-479000
2012/06/07,0,30000,0,30000
2012/06/08,0,598000,0,598000
2012/06/11,0,291000,0,291000
2012/06/12,0,499000,-461000,38000
2012/06/13,0,107000,-27000,80000
2012/06/14,0,617000,-87000,530000
2012/06/15,0,193000,-149000,44000
2012/06/18,0,431000,0,431000
2012/06/19,0,14000,-18000,-4000
2012/06/20,0,64000,-20000,44000
2012/06/21,0,206000,-219000,-13000
2012/06/22,0,25000,-1205000,-1180000
2012/06/25,0,0,-207000,-207000
2012/06/26,0,7000,-506250,-499250
2012/06/27,0,159000,0,159000
2012/06/28,0,175000,-12000,163000
2012/06/29,0,5000,-62000,-57000
2012/07/02,0,445000,-35000,410000
2012/07/03,0,284000,-15000,269000
2012/07/04,0,1500000,-278000,1222000
2012/07/05,0,4000,-3000,1000
2012/07/06,0,168000,-674000,-506000
2012/07/09,0,0,-75000,-75000
2012/07/10,0,82000,-1160000,-1078000
2012/07/11,0,11000,-2792000,-2781000
2012/07/12,0,230000,-665000,-435000
2012/07/13,0,0,-892000,-892000
2012/07/16,0,0,-1735000,-1735000
2012/07/17,0,33000,-443000,-410000
2012/07/18,0,82000,-1494000,-1412000
2012/07/19,0,1000,-820000,-819000
2012/07/20,0,0,-470000,-470000
2012/07/23,0,0,-288000,-288000
2012/07/24,0,0,-340000,-340000
2012/07/25,0,94000,-1111000,-1017000
2012/07/26,0,21000,-836000,-815000
2012/07/27,0,0,0,0
2012/07/30,0,0,0,0
2012/07/31,0,0,-530000,-530000
2012/08/01,0,1000,-1159000,-1158000
2012/08/02,0,0,0,0
2012/08/03,0,0,-465000,-465000
2012/08/06,0,33000,0,33000
2012/08/07,0,52000,-106000,-54000
2012/08/08,0,89000,-122000,-33000
2012/08/09,0,493000,-57000,436000
2012/08/10,0,1003000,-526000,477000
2012/08/13,0,86000,-1505000,-1419000
2012/08/14,0,0,-2281000,-2281000
2012/08/15,0,215000,-132000,83000
2012/08/16,0,0,-113000,-113000
2012/08/17,0,16166,-677000,-660834
2012/08/20,0,0,-47000,-47000
2012/08/21,0,0,-12000,-12000
2012/08/22,0,0,-2000,-2000
2012/08/23,0,2000,-111000,-109000
2012/08/24,0,0,-700000,-700000
2012/08/27,0,5000,-177000,-172000
2012/08/28,0,1000,0,1000
2012/08/29,0,0,-465000,-465000
2012/08/30,0,919000,-2000,917000
2012/08/31,0,24000,-646000,-622000
2012/09/03,0,0,-4000,-4000
2012/09/04,0,0,0,0
2012/09/05,0,26000,-125000,-99000
2012/09/06,0,3000,0,3000
2012/09/07,0,666000,-2000,664000
2012/09/10,0,0,-5000,-5000
2012/09/11,0,45000,-60000,-15000
2012/09/12,0,5000,-70000,-65000
2012/09/13,0,1000,-100000,-99000
2012/09/14,0,0,0,0
2012/09/17,0,152000,-54000,98000
2012/09/18,0,0,-129000,-129000
2012/09/19,0,0,-176000,-176000
2012/09/20,0,0,-104000,-104000
2012/09/21,0,0,-162000,-162000
2012/09/24,0,2000,-209000,-207000
2012/09/25,0,0,0,0
2012/09/26,0,0,-350000,-350000
2012/09/27,0,1000,-33000,-32000
2012/09/28,0,50000,0,50000
2012/10/01,0,64000,-100000,-36000
2012/10/02,0,0,0,0
2012/10/03,0,0,0,0
2012/10/04,0,75000,-527000,-452000
2012/10/05,0,1023000,-1376000,-353000
2012/10/08,0,0,-731000,-731000
2012/10/09,0,32000,-3103000,-3071000
2012/10/10,0,0,0,0
2012/10/11,0,0,-250000,-250000
2012/10/12,0,176000,-3000,173000
2012/10/15,0,106000,-109000,-3000
2012/10/16,0,50000,-307000,-257000
2012/10/17,0,3000,-628000,-625000
2012/10/18,0,205000,-184000,21000
2012/10/19,0,0,-110000,-110000
2012/10/22,0,0,0,0
2012/10/23,0,89000,-452000,-363000
2012/10/24,0,0,-473000,-473000
2012/10/25,0,385000,0,385000
2012/10/26,0,2000,-1000,1000
2012/10/29,0,0,-71645,-71645
2012/10/30,0,0,0,0
2012/10/31,0,30000,-5000,25000
2012/11/01,0,399000,-2809000,-2410000
2012/11/02,0,20000,-26000,-6000
2012/11/05,0,332000,0,332000
2012/11/06,0,100000,-30000,70000
2012/11/07,0,0,0,0
2012/11/08,0,0,-169000,-169000
2012/11/09,0,794000,0,794000
2012/11/12,0,193000,-130000,63000
2012/11/13,0,88000,-274000,-186000
2012/11/14,0,64000,-17000,47000
2012/11/15,0,275000,-11000,264000
2012/11/16,0,11000,-100000,-89000
2012/11/19,0,330000,0,330000
2012/11/20,0,60000,-351000,-291000
2012/11/21,0,30000,0,30000
2012/11/22,0,0,0,0
2012/11/23,0,0,-354000,-354000
2012/11/26,0,949000,-200000,749000
2012/11/27,0,634000,-110000,524000
2012/11/28,0,0,-301000,-301000
2012/11/29,0,158000,-295000,-137000
2012/11/30,0,528000,-390000,138000
2012/12/03,0,34000,-1469000,-1435000
2012/12/04,0,32000,-1000,31000
2012/12/05,0,16000,-3000,13000
2012/12/06,0,24000,-603000,-579000
2012/12/07,0,25000,-1901000,-1876000
2012/12/10,0,0,-2206000,-2206000
2012/12/11,0,0,-729800,-729800
2012/12/12,0,10000,-350000,-340000
2012/12/13,0,205000,-422000,-217000
2012/12/14,0,117000,-2000,115000
2012/12/17,0,60000,-158000,-98000
2012/12/18,0,0,-96000,-96000
2012/12/19,0,0,0,0
2012/12/20,0,15000,-14000,1000
2012/12/21,0,0,-349000,-349000
2012/12/24,0,38000,-55000,-17000
2012/12/25,0,0,-40000,-40000
2012/12/26,0,0,-168000,-168000
2012/12/27,0,0,-320000,-320000
2012/12/28,0,0,0,0
2012/12/31,0,0,0,0
2013/01/01,0,0,0,0
2013/01/02,0,0,-513000,-513000
2013/01/03,0,0,-201000,-201000
2013/01/04,0,0,-1565000,-1565000
2013/01/07,0,0,-102000,-102000
2013/01/08,0,0,-145000,-145000
2013/01/09,0,500000,-517000,-17000
2013/01/10,0,300000,-175000,125000
2013/01/11,0,213000,-585000,-372000
2013/01/14,0,0,-1000,-1000
2013/01/15,0,0,-4000,-4000
2013/01/16,0,38000,-177000,-139000
2013/01/17,0,34878,-68000,-33122
2013/01/18,0,0,-33000,-33000
2013/01/21,0,27000,-23000,4000
2013/01/22,0,32000,-7000,25000
2013/01/23,0,0,-94000,-94000
2013/01/24,0,25000,-12000,13000
2013/01/25,0,29000,-5000,24000
2013/01/28,0,310000,-116000,194000
2013/01/29,0,7000,0,7000
2013/01/30,0,197000,0,197000
2013/01/31,0,4000,-5000,-1000
2013/02/01,0,0,0,0
2013/02/04,0,7000,-1047000,-1040000
2013/02/05,0,110000,-76000,34000
2013/02/06,0,0,-20000,-20000
2013/02/07,0,0,0,0
2013/02/08,0,0,0,0
2013/02/11,0,0,0,0
2013/02/12,0,0,0,0
2013/02/13,0,0,0,0
2013/02/14,0,0,0,0
2013/02/15,0,0,0,0
2013/02/18,0,0,-30000,-30000
2013/02/19,0,30000,-4000,26000
2013/02/20,0,0,-351000,-351000
2013/02/21,0,0,-57000,-57000
2013/02/22,0,0,-218000,-218000
2013/02/25,0,20000,-156000,-136000
2013/02/26,0,25000,-198000,-173000
2013/02/27,0,120000,-400000,-280000
2013/02/28,0,0,0,0
2013/03/01,0,0,-130000,-130000
2013/03/04,0,0,0,0
2013/03/05,0,0,0,0
2013/03/06,0,0,-19000,-19000
2013/03/07,0,0,-102000,-102000
2013/03/08,0,9000,-64000,-55000
2013/03/11,0,163000,-6000,157000
2013/03/12,0,30000,-555000,-525000
2013/03/13,0,100000,-3000,97000
2013/03/14,0,60000,-8000,52000
2013/03/15,0,854000,-5286000,-4432000
2013/03/18,0,84000,-96000,-12000
2013/03/19,0,32000,-128000,-96000
2013/03/20,0,8000,-161000,-153000
2013/03/21,0,20000,0,20000
2013/03/22,0,45000,-5000,40000
2013/03/25,0,85000,-50000,35000
2013/03/26,0,0,-246000,-246000
2013/03/27,0,0,-51000,-51000
2013/03/28,0,0,0,0
2013/03/29,0,1000,0,1000
2013/04/01,0,0,-1890000,-1890000
2013/04/02,0,0,-6000,-6000
2013/04/03,0,0,-200000,-200000
2013/04/04,0,0,0,0
2013/04/05,0,0,0,0
2013/04/08,0,0,-188000,-188000
2013/04/09,0,0,-4000,-4000
2013/04/10,0,0,0,0
2013/04/11,0,30000,-367000,-337000
2013/04/12,0,0,-671000,-671000
2013/04/15,0,40000,-154000,-114000
2013/04/16,0,0,-1587000,-1587000
2013/04/17,0,4000,-62000,-58000
2013/04/18,0,0,-204000,-204000
2013/04/19,0,7093,-1244770,-1237677
2013/04/22,0,0,-111000,-111000
2013/04/23,0,87000,-8650,78350
2013/04/24,0,62000,-2000,60000
2013/04/25,0,7000,-163000,-156000
2013/04/26,0,0,-5000,-5000
2013/04/29,0,0,-9000,-9000
2013/04/30,0,0,0,0
2013/05/01,0,0,0,0
2013/05/02,0,0,0,0
2013/05/03,0,0,-11000,-11000
2013/05/06,0,0,-5000,-5000
2013/05/07,0,0,-282000,-282000
2013/05/08,0,0,-200000,-200000
2013/05/09,0,0,-8000,-8000
2013/05/10,0,209000,-62000,147000
2013/05/13,0,0,-6000,-6000
2013/05/14,0,0,-11000,-11000
2013/05/15,0,0,-120000,-120000
2013/05/16,0,7000,-50000,-43000
2013/05/17,0,115000,-374000,-259000
2013/05/20,0,100000,-445243,-345243
2013/05/21,0,222000,-40000,182000
2013/05/22,0,0,-201000,-201000
2013/05/23,0,0,-2000,-2000
2013/05/24,0,100000,-17000,83000
2013/05/27,0,25000,-2000,23000
2013/05/28,0,0,0,0
2013/05/29,0,0,0,0
2013/05/30,0,207000,-149000,58000
2013/05/31,0,200000,0,200000
2013/06/03,0,0,0,0
2013/06/04,0,0,0,0
2013/06/05,0,90000,0,90000
2013/06/06,0,0,-120000,-120000
2013/06/07,0,47000,-16000,31000
2013/06/10,0,0,0,0
2013/06/11,0,4000,0,4000
2013/06/12,0,0,0,0
2013/06/13,0,4000,-75000,-71000
2013/06/14,0,0,0,0
2013/06/17,0,91000,0,91000
2013/06/18,0,0,-3000,-3000
2013/06/19,0,0,0,0
2013/06/20,0,0,0,0
2013/06/21,0,106000,-32000,74000
2013/06/24,0,151000,0,151000
2013/06/25,0,0,0,0
2013/06/26,0,18000,-6000,12000
2013/06/27,0,1111000,0,1111000
2013/06/28,0,177000,0,177000
2013/07/01,0,0,-4000,-4000
2013/07/02,0,25000,0,25000
2013/07/03,0,52000,-96000,-44000
2013/07/04,0,81000,-10000,71000
2013/07/05,0,62000,0,62000
2013/07/08,0,290000,0,290000
2013/07/09,0,30000,0,30000
2013/07/10,0,0,0,0
2013/07/11,0,3542,0,3542
2013/07/12,0,0,-8000,-8000
2013/07/15,0,43000,0,43000
2013/07/16,0,0,0,0
2013/07/17,0,0,0,0
2013/07/18,0,50000,-1000,49000
2013/07/19,0,7000,0,7000
2013/07/22,0,0,0,0
2013/07/23,0,0,0,0
2013/07/24,0,51000,0,51000
2013/07/25,0,0,0,0
2013/07/26,0,845000,-33000,812000
2013/07/29,0,11000,-66000,-55000
2013/07/30,0,12000,0,12000
2013/07/31,0,1000,-1000,0
2013/08/01,0,0,0,0
2013/08/02,0,0,0,0
2013/08/05,0,70000,0,70000
2013/08/06,0,0,0,0
2013/08/07,0,8000,0,8000
2013/08/08,0,0,0,0
2013/08/09,0,0,0,0
2013/08/12,0,176000,0,176000
2013/08/13,0,166000,-40000,126000
2013/08/14,0,32000,0,32000
2013/08/15,0,0,-145000,-145000
2013/08/16,0,10000,-4000,6000
2013/08/19,0,4000,0,4000
2013/08/20,0,1000,0,1000
2013/08/21,0,0,0,0
2013/08/22,0,4000,-625000,-621000
2013/08/23,0,8000,0,8000
2013/08/26,0,12000,0,12000
2013/08/27,0,0,0,0
2013/08/28,0,9000,-26000,-17000
2013/08/29,0,0,-800000,-800000
2013/08/30,0,4000,-78000,-74000
2013/09/02,0,0,0,0
2013/09/03,0,7116,-76000,-68884
2013/09/04,0,0,0,0
2013/09/05,0,7000,0,7000
2013/09/06,0,4000,0,4000
2013/09/09,0,0,-1000,-1000
2013/09/10,0,18000,0,18000
2013/09/11,0,14000,0,14000
2013/09/12,0,0,-39000,-39000
2013/09/13,0,0,-40000,-40000
2013/09/16,0,2000,0,2000
2013/09/17,0,0,0,0
2013/09/18,0,5731000,-84000,5647000
2013/09/19,0,0,0,0
2013/09/20,0,0,0,0
2013/09/23,0,0,-3000,-3000
2013/09/24,0,0,-90000,-90000
2013/09/25,0,0,0,0
2013/09/26,0,1000,0,1000
2013/09/27,0,110000,-5000,105000
2013/09/30,0,3000,-1000,2000
2013/10/01,0,0,-43000,-43000
2013/10/02,0,38000,0,38000
2013/10/03,0,44000,0,44000
2013/10/04,0,101000,0,101000
2013/10/07,0,0,0,0
2013/10/08,0,0,0,0
2013/10/09,0,200000,0,200000
2013/10/10,0,0,0,0
2013/10/11,0,100000,0,100000
2013/10/14,0,0,0,0
2013/10/15,0,380000,0,380000
2013/10/16,0,0,0,0
2013/10/17,0,1000,0,1000
2013/10/18,0,0,-150000,-150000
2013/10/21,0,623000,0,623000
2013/10/22,0,5000,-14000,-9000
2013/10/23,0,176000,0,176000
2013/10/24,0,30000,0,30000
2013/10/25,0,0,0,0
2013/10/28,0,0,-24000,-24000
2013/10/29,0,98000,-1000,97000
2013/10/30,0,234000,0,234000
2013/10/31,0,0,-95000,-95000
2013/11/01,0,0,-2000,-2000
2013/11/04,0,0,-43000,-43000
2013/11/05,0,92000,0,92000
2013/11/06,0,0,0,0
2013/11/07,0,0,0,0
2013/11/08,0,150000,-150000,0
2013/11/11,0,299000,0,299000
2013/11/12,0,0,0,0
2013/11/13,0,13000,0,13000
2013/11/14,0,0,0,0
2013/11/15,0,0,-100000,-100000
2013/11/18,0,0,-54000,-54000
2013/11/19,0,0,0,0
2013/11/20,0,0,0,0
2013/11/21,0,3000,0,3000
2013/11/22,0,0,0,0
2013/11/25,0,0,-6119,-6119
2013/11/26,0,120000,0,120000
2013/11/27,0,0,0,0
2013/11/28,0,0,0,0
2013/11/29,0,0,0,0
2013/12/02,0,0,0,0
2013/12/03,0,0,-150000,-150000
2013/12/04,0,0,-100000,-100000
2013/12/05,0,0,-30000,-30000
2013/12/06,0,0,0,0
2013/12/09,0,0,0,0
2013/12/10,0,1000,0,1000
2013/12/11,0,0,-239000,-239000
2013/12/12,0,0,-138000,-138000
2013/12/13,0,0,0,0
2013/12/16,0,0,0,0
2013/12/17,0,0,-4000,-4000
2013/12/18,0,0,0,0
2013/12/19,0,0,0,0
2013/12/20,0,1646000,-2000,1644000
2013/12/23,0,0,0,0
2013/12/24,0,0,-11000,-11000
2013/12/25,0,0,-10000,-10000
2013/12/26,0,0,-2000,-2000
2013/12/27,0,8000,0,8000
2013/12/30,0,47000,0,47000
2013/12/31,0,348000,-3000,345000
2014/01/02,0,142000,-52000,90000
2014/01/03,0,66000,-2000,64000
2014/01/06,0,0,-3000,-3000
2014/01/07,0,409000,-9000,400000
2014/01/08,0,0,0,0
2014/01/09,0,690000,0,690000
2014/01/10,0,165000,0,165000
2014/01/13,0,600000,0,600000
2014/01/14,0,591000,0,591000
2014/01/15,0,1136000,-90000,1046000
2014/01/16,0,88000,-66000,22000
2014/01/17,0,136000,-70000,66000
2014/01/20,0,1166000,0,1166000
2014/01/21,0,980000,-2000,978000
2014/01/22,0,20000,-4000,16000
2014/01/23,0,73000,-145000,-72000
2014/01/24,0,36000,-8000,28000
2014/01/27,0,576000,-2000,574000
2014/02/05,0,238000,0,238000
2014/02/06,0,0,-75000,-75000
2014/02/07,0,158000,-14000,144000
2014/02/10,0,1000,0,1000
2014/02/11,0,41000,-366000,-325000
2014/02/12,0,177000,-51000,126000
2014/02/13,0,16821,-43000,-26179
2014/02/14,0,0,-32000,-32000
2014/02/17,0,0,0,0
2014/02/18,0,56000,-599000,-543000
2014/02/19,0,70000,-45000,25000
2014/02/20,0,240000,-56000,184000
2014/02/21,0,16000,-8000,8000
2014/02/24,0,53000,-17000,36000
2014/02/25,0,18000,0,18000
2014/02/26,0,70000,-102000,-32000
2014/02/27,0,0,-310000,-310000
2014/03/03,0,0,-1499000,-1499000
2014/03/04,0,0,-264000,-264000
2014/03/05,0,42000,0,42000
2014/03/06,0,20000,-103000,-83000
2014/03/07,0,0,-2000,-2000
2014/03/10,0,62000,-11000,51000
2014/03/11,0,229000,0,229000
2014/03/12,0,0,0,0
2014/03/13,0,490000,0,490000
2014/03/14,0,575000,-61000,514000
2014/03/17,0,100000,-79000,21000
2014/03/18,0,114000,0,114000
2014/03/19,0,38000,0,38000
2014/03/20,0,102000,-100000,2000
2014/03/21,0,42000,-1993000,-1951000
2014/03/24,0,161000,0,161000
2014/03/25,0,0,0,0
2014/03/26,0,0,0,0
2014/03/27,0,720000,0,720000
2014/03/28,0,950000,-2000,948000
2014/03/31,0,587000,0,587000
2014/04/01,0,0,-45000,-45000
2014/04/02,0,372000,-331000,41000
2014/04/03,0,62000,-386000,-324000
2014/04/07,0,0,-198000,-198000
2014/04/08,0,50000,-25000,25000
2014/04/09,0,0,-146000,-146000
2014/04/10,0,226701,-232000,-5299
2014/04/11,0,0,-114000,-114000
2014/04/14,0,830000,-527000,303000
2014/04/15,0,10000,-317000,-307000
2014/04/16,0,27000,-214000,-187000
2014/04/17,0,0,-1000,-1000
2014/04/18,0,0,-248000,-248000
2014/04/21,0,0,-25000,-25000
2014/04/22,0,0,-897000,-897000
2014/04/23,0,0,-249000,-249000
2014/04/24,0,0,-256000,-256000
2014/04/25,0,0,-666000,-666000
2014/04/28,0,0,0,0
2014/04/29,0,50000,-435000,-385000
2014/04/30,0,1000,-18000,-17000
2014/05/02,0,0,0,0
2014/05/05,0,0,-10000,-10000
2014/05/06,0,0,-65000,-65000
2014/05/07,0,0,0,0
2014/05/08,0,9000,-135000,-126000
2014/05/09,0,0,-6000,-6000
2014/05/12,0,0,-18000,-18000
2014/05/13,0,0,-31000,-31000
2014/05/14,0,0,-200000,-200000
2014/05/15,0,0,-735000,-735000
2014/05/16,0,0,-555000,-555000
2014/05/19,0,0,-2000,-2000
2014/05/20,0,0,0,0
2014/05/21,0,0,-18000,-18000
2014/05/22,0,1130000,-682000,448000
2014/05/23,0,299000,-675000,-376000
2014/05/26,0,301000,-83000,218000
2014/05/27,0,103000,-11000,92000
2014/05/28,0,28000,-105000,-77000
2014/05/29,0,0,-124000,-124000
2014/05/30,0,15000,-1000,14000
2014/06/03,0,0,0,0
2014/06/04,0,0,-130000,-130000
2014/06/05,0,73000,0,73000
2014/06/06,0,150000,-1000,149000
2014/06/09,0,0,-201000,-201000
2014/06/10,0,144000,-7000,137000
2014/06/11,0,800000,-12000,788000
2014/06/12,0,162000,-12000,150000
2014/06/13,0,0,-11000,-11000
2014/06/16,0,219000,-15000,204000
2014/06/17,0,515000,0,515000
2014/06/18,0,393000,-12000,381000
2014/06/19,0,1043000,0,1043000
2014/06/20,0,249000,-166000,83000
2014/06/23,0,433000,-136000,297000
2014/06/24,0,560000,-55000,505000
2014/06/25,0,763000,-4000,759000
2014/06/26,0,328000,0,328000
2014/06/27,0,186000,0,186000
2014/06/30,0,797000,-23000,774000
2014/07/01,0,362000,0,362000
2014/07/02,0,14652,0,14652
2014/07/03,0,13000,0,13000
2014/07/04,0,305000,-150000,155000
2014/07/07,0,14000,0,14000
2014/07/08,0,673000,-200000,473000
2014/07/09,0,0,-12000,-12000
2014/07/10,0,0,0,0
2014/07/11,0,0,0,0
2014/07/14,0,611000,0,611000
2014/07/15,0,550000,-63000,487000
2014/07/16,0,350000,-109000,241000
2014/07/17,0,158000,-32000,126000
2014/07/18,0,0,-33000,-33000
2014/07/21,0,0,-34000,-34000
2014/07/22,0,49000,0,49000
2014/07/23,0,0,0,0
2014/07/24,0,332000,0,332000
2014/07/25,0,304000,0,304000
2014/07/28,0,54000,0,54000
2014/07/29,0,4000,0,4000
2014/07/30,0,28000,0,28000
2014/07/31,0,29000,0,29000
2014/08/01,0,21000,-200000,-179000
2014/08/04,0,28000,0,28000
2014/08/05,0,328000,0,328000
2014/08/06,0,8000,0,8000
2014/08/07,0,103000,0,103000
2014/08/08,0,189000,0,189000
2014/08/11,0,13000,-36000,-23000
2014/08/12,0,60000,0,60000
2014/08/13,0,18000,0,18000
2014/08/14,0,367000,0,367000
2014/08/15,0,374000,-100000,274000
2014/08/18,0,50000,0,50000
2014/08/19,0,5000,-40000,-35000
2014/08/20,0,3000,0,3000
2014/08/21,0,3000,-74000,-71000
2014/08/22,0,0,0,0
2014/08/25,0,2000,-100000,-98000
2014/08/26,0,6000,-45000,-39000
2014/08/27,0,4000,0,4000
2014/08/28,0,31000,0,31000
2014/08/29,0,17000,0,17000
2014/09/01,0,120000,-30000,90000
2014/09/02,0,0,0,0
2014/09/03,0,12000,0,12000
2014/09/04,0,313000,-1319000,-1006000
2014/09/05,0,13000,-14000,-1000
2014/09/09,0,75000,-563000,-488000
2014/09/10,0,50000,-486000,-436000
2014/09/11,0,52000,-2104000,-2052000
2014/09/12,0,18000,0,18000
2014/09/15,0,4000,-567000,-563000
2014/09/16,0,83000,-118000,-35000
2014/09/17,0,9000,-635000,-626000
2014/09/18,0,0,-551000,-551000
2014/09/19,0,0,-891000,-891000
2014/09/22,0,18991,-245000,-226009
2014/09/23,0,12000,-1016000,-1004000
2014/09/24,0,1000,-7000,-6000
2014/09/25,0,0,-70000,-70000
2014/09/26,0,0,-596000,-596000
2014/09/29,0,0,-50000,-50000
2014/09/30,0,22000,-346000,-324000
2014/10/01,0,0,0,0
2014/10/02,0,1000,0,1000
2014/10/03,0,0,-253000,-253000
2014/10/06,0,106000,-34000,72000
2014/10/07,0,2000,-54000,-52000
2014/10/08,0,2000,-494000,-492000
2014/10/09,0,0,-186000,-186000
2014/10/13,0,0,0,0
2014/10/14,0,300000,-1210000,-910000
2014/10/15,0,626000,0,626000
2014/10/16,0,17000,0,17000
2014/10/17,0,319000,0,319000
2014/10/20,0,302000,0,302000
2014/10/21,0,43000,0,43000
2014/10/22,0,0,0,0
2014/10/23,0,10000,0,10000
2014/10/24,0,0,0,0
2014/10/27,0,30000,-101000,-71000
2014/10/28,0,0,-3000,-3000
2014/10/29,0,214000,0,214000
2014/10/30,0,122000,0,122000
2014/10/31,0,0,0,0
2014/11/03,0,310000,-395000,-85000
2014/11/04,0,15000,-51000,-36000
2014/11/05,0,170000,0,170000
2014/11/06,0,100000,0,100000
2014/11/07,0,100000,-17000,83000
2014/11/10,0,0,-5000,-5000
2014/11/11,0,21000,0,21000
2014/11/12,0,10000,0,10000
2014/11/13,0,150000,-200000,-50000
2014/11/14,0,150000,0,150000
2014/11/17,0,0,-23000,-23000
2014/11/18,0,0,-3000,-3000
2014/11/19,0,811000,0,811000
2014/11/20,0,695000,0,695000
2014/11/21,0,1254000,0,1254000
2014/11/24,0,117000,0,117000
2014/11/25,0,117000,-1000,116000
2014/11/26,0,0,0,0
2014/11/27,0,120000,-4000,116000
2014/11/28,0,0,0,0
2014/12/01,0,0,0,0
2014/12/02,0,282000,0,282000
2014/12/03,0,298000,-9000,289000
2014/12/04,0,0,-1172000,-1172000
2014/12/05,0,38000,-198000,-160000
2014/12/08,0,40000,0,40000
2014/12/09,0,348000,0,348000
2014/12/10,0,0,-2000,-2000
2014/12/11,0,25000,-596,24404
2014/12/12,0,295000,-149000,146000
2014/12/15,0,0,0,0
2014/12/16,0,147000,-29000,118000
2014/12/17,0,240000,0,240000
2014/12/18,0,0,0,0
2014/12/19,0,75000,-121000,-46000
2014/12/22,0,291000,0,291000
2014/12/23,0,0,0,0
2014/12/24,0,0,-1919000,-1919000
2014/12/25,0,0,0,0
2014/12/26,0,0,-300000,-300000
2014/12/29,0,680000,-125000,555000
2014/12/30,0,8000,-17000,-9000
2014/12/31,0,0,-94000,-94000
2015/01/01,0,0,0,0
2015/01/02,0,0,0,0
2015/01/05,0,0,-614000,-614000
2015/01/06,0,0,-145000,-145000
2015/01/07,0,0,-194000,-194000
2015/01/08,0,0,0,0
2015/01/09,0,0,-165000,-165000
2015/01/12,0,380000,0,380000
2015/01/13,0,15000,-7000,8000
2015/01/14,0,0,0,0
2015/01/15,0,100000,-11000,89000
2015/01/16,0,0,-70000,-70000
2015/01/19,0,0,-1000,-1000
2015/01/20,0,0,0,0
2015/01/21,0,0,-90000,-90000
2015/01/22,0,0,-38000,-38000
2015/01/23,0,1150000,-378000,772000
2015/01/26,0,0,0,0
2015/01/27,0,400000,-100000,300000
2015/01/28,0,315000,-100000,215000
2015/01/29,0,69000,-348000,-279000
2015/01/30,0,0,-504000,-504000
2015/02/02,0,0,-6000,-6000
2015/02/03,0,0,0,0
2015/02/04,0,50000,-142000,-92000
2015/02/05,0,350000,-395000,-45000
2015/02/06,0,0,0,0
2015/02/09,0,433000,0,433000
2015/02/10,0,0,0,0
2015/02/11,0,0,0,0
2015/02/12,0,200000,-169000,31000
2015/02/13,0,772000,-5000,767000
2015/02/16,0,0,0,0
2015/02/17,0,0,0,0
2015/02/18,0,0,0,0
2015/02/19,0,0,0,0
2015/02/20,0,0,0,0
2015/02/23,0,0,0,0
2015/02/24,0,150000,-10000,140000
2015/02/25,0,0,-390000,-390000
2015/02/26,0,30000,-422000,-392000
2015/02/27,0,0,0,0
2015/03/02,0,0,-67000,-67000
2015/03/03,0,0,-30000,-30000
2015/03/04,0,0,-441000,-441000
2015/03/05,0,59000,-4000,55000
2015/03/06,0,11000,-1378000,-1367000
2015/03/09,0,0,-2000,-2000
2015/03/10,0,170000,-254000,-84000
2015/03/11,0,0,-67000,-67000
2015/03/12,0,0,-2180784,-2180784
2015/03/13,0,0,-751000,-751000
2015/03/16,0,0,-96000,-96000
2015/03/17,0,0,-6000,-6000
2015/03/18,0,0,0,0
2015/03/19,0,0,-911000,-911000
2015/03/20,0,59000,-179000,-120000
2015/03/23,0,7000,-81000,-74000
2015/03/24,0,0,-2000,-2000
2015/03/25,0,0,-61000,-61000
2015/03/26,0,0,0,0
2015/03/27,0,0,-59000,-59000
2015/03/30,0,0,0,0
2015/03/31,0,0,-172000,-172000
2015/04/01,0,0,0,0
2015/04/02,0,119000,0,119000
2015/04/03,0,0,0,0
2015/04/06,0,0,0,0
2015/04/07,0,0,-215000,-215000
2015/04/08,0,0,-88000,-88000
2015/04/09,0,0,-8000,-8000
2015/04/10,0,0,-7000,-7000
2015/04/13,0,320000,0,320000
2015/04/14,0,0,-8000,-8000
2015/04/15,0,266000,-9000,257000
2015/04/16,0,0,-13000,-13000
2015/04/17,0,0,-11000,-11000
2015/04/20,0,80000,-3000,77000
2015/04/21,0,0,-15000,-15000
2015/04/22,0,0,-101000,-101000
2015/04/23,0,0,0,0
2015/04/24,0,0,-1000,-1000
2015/04/27,0,520000,0,520000
2015/04/28,0,0,-1000,-1000
2015/04/29,0,0,-4000,-4000
2015/04/30,0,50000,-31000,19000
2015/05/01,0,0,0,0
2015/05/04,0,1120000,-5000,1115000
2015/05/05,0,258000,0,258000
2015/05/06,0,0,0,0
2015/05/07,0,0,0,0
2015/05/08,0,0,0,0
2015/05/11,0,1000,0,1000
2015/05/12,0,0,0,0
2015/05/13,0,0,0,0
2015/05/14,0,2000,-1122000,-1120000
2015/05/15,0,267000,0,267000
2015/05/18,0,95000,0,95000
2015/05/19,0,5000,0,5000
2015/05/20,0,100000,0,100000
2015/05/21,0,37000,-1000,36000
2015/05/22,0,0,-75000,-75000
2015/05/25,0,0,0,0
2015/05/26,0,96000,0,96000
2015/05/27,0,0,0,0
2015/05/28,0,21000,0,21000
2015/05/29,0,0,-79000,-79000
2015/06/01,0,0,0,0
2015/06/02,0,0,0,0
2015/06/03,0,0,-50000,-50000
2015/06/04,0,1086,-1000,86
2015/06/05,0,0,-8000,-8000
2015/06/08,0,0,0,0
2015/06/09,0,0,0,0
2015/06/10,0,0,-1000,-1000
2015/06/11,0,0,0,0
2015/06/12,0,0,-7000,-7000
2015/06/15,0,0,0,0
2015/06/16,0,0,-415000,-415000
2015/06/17,0,0,0,0
2015/06/18,0,37000,-5000,32000
2015/06/19,0,0,0,0
2015/06/22,0,100000,-11000,89000
2015/06/23,0,28000,0,28000
2015/06/24,0,0,-21000,-21000
2015/06/25,0,14000,-3000,11000
2015/06/26,0,8000,0,8000
2015/06/29,0,1000,0,1000
2015/06/30,0,542000,0,542000
2015/07/01,0,0,0,0
2015/07/02,0,3000,0,3000
2015/07/03,0,0,0,0
2015/07/06,0,0,0,0
2015/07/07,0,0,0,0
2015/07/08,0,0,0,0
2015/07/09,0,0,-7000,-7000
2015/07/10,0,0,0,0
2015/07/13,0,0,-11000,-11000
2015/07/14,0,0,-179000,-179000
2015/07/15,0,215000,0,215000
2015/07/16,0,0,-120000,-120000
2015/07/17,0,86000,0,86000
2015/07/20,0,97000,-216000,-119000
2015/07/21,0,37000,-100000,-63000
2015/07/22,0,0,0,0
2015/07/23,0,23000,-62000,-39000
2015/07/24,0,254000,0,254000
2015/07/27,0,98000,-75000,23000
2015/07/28,0,203000,0,203000
2015/07/29,0,19000,0,19000
2015/07/30,0,11000,-600000,-589000
2015/07/31,0,3000,0,3000
2015/08/03,0,63000,-145000,-82000
2015/08/04,0,118000,-14000,104000
2015/08/05,0,29000,-28000,1000
2015/08/06,0,36000,-52000,-16000
2015/08/07,0,59000,-173000,-114000
2015/08/10,0,47000,-37000,10000
2015/08/11,0,3000,-100000,-97000
2015/08/12,0,57000,-339000,-282000
2015/08/13,0,8000,0,8000
2015/08/14,0,140000,0,140000
2015/08/17,0,142000,-2000,140000
2015/08/18,0,0,-7000,-7000
2015/08/19,0,1000,-1217000,-1216000
2015/08/20,0,2000,-1062000,-1060000
2015/08/21,0,26000,-22000,4000
2015/08/24,0,426000,-68000,358000
2015/08/25,0,364059,-113000,251059
2015/08/26,0,358000,-87000,271000
2015/08/27,0,0,-2000,-2000
2015/08/28,0,2000,0,2000
2015/08/31,0,72000,-43000,29000
2015/09/01,0,41000,-75000,-34000
2015/09/02,0,126000,0,126000
2015/09/03,0,29000,-258000,-229000
2015/09/04,0,4000,-85000,-81000
2015/09/07,0,20000,0,20000
2015/09/08,0,10000,0,10000
2015/09/09,0,823000,0,823000
2015/09/10,0,194000,0,194000
2015/09/11,0,11000,0,11000
2015/09/14,0,4000,0,4000
2015/09/15,0,5000,0,5000
2015/09/16,0,0,-21000,-21000
2015/09/17,0,0,-22000,-22000
2015/09/18,0,0,-328000,-328000
2015/09/21,0,18000,0,18000
2015/09/22,0,301721,-2000,299721
2015/09/23,0,0,0,0
2015/09/24,0,0,0,0
2015/09/25,0,0,0,0
2015/09/28,0,0,0,0
2015/09/29,0,0,0,0
2015/09/30,0,250000,0,250000
2015/10/01,0,606000,-18000,588000
2015/10/02,0,28000,-476000,-448000
2015/10/05,0,6000,-200000,-194000
2015/10/06,0,0,0,0
2015/10/07,0,83000,0,83000
2015/10/08,0,0,0,0
2015/10/09,0,0,0,0
2015/10/12,0,161000,0,161000
2015/10/13,0,80000,0,80000
2015/10/14,0,500000,0,500000
2015/10/15,0,0,-46000,-46000
2015/10/16,0,6000,0,6000
2015/10/19,0,0,0,0
2015/10/20,0,0,-80000,-80000
2015/10/21,0,0,0,0
2015/10/22,0,0,0,0
2015/10/23,0,0,-195000,-195000
2015/10/26,0,0,0,0
2015/10/27,0,0,0,0
2015/10/28,0,0,0,0
2015/10/29,0,0,-1000,-1000
2015/10/30,0,0,-54000,-54000
2015/11/02,0,0,-301000,-301000
2015/11/03,0,6000,0,6000
2015/11/04,0,107000,0,107000
2015/11/05,0,252000,0,252000
2015/11/06,0,0,0,0
2015/11/09,0,36000,0,36000
2015/11/10,0,0,0,0
2015/11/11,0,0,0,0
2015/11/12,0,0,0,0
2015/11/13,0,0,0,0
2015/11/16,0,0,0,0
2015/11/17,0,0,0,0
2015/11/18,0,0,0,0
2015/11/19,0,0,-801000,-801000
2015/11/20,0,0,0,0
2015/11/23,0,0,0,0
2015/11/24,0,0,0,0
2015/11/25,0,0,0,0
2015/11/26,0,210000,0,210000
2015/11/27,0,0,0,0
2015/11/30,0,1000,0,1000
2015/12/01,0,0,0,0
2015/12/02,0,0,-48000,-48000
2015/12/03,0,0,-69000,-69000
2015/12/04,0,0,-32000,-32000
2015/12/07,0,0,-34000,-34000
2015/12/08,0,30000,0,30000
2015/12/09,0,0,0,0
2015/12/10,0,30000,-36000,-6000
2015/12/11,0,10000,0,10000
2015/12/14,0,0,-1993,-1993
2015/12/15,0,15000,0,15000
2015/12/16,0,29000,0,29000
2015/12/17,0,28000,0,28000
2015/12/18,0,67000,-11000,56000
2015/12/21,0,13000,0,13000
2015/12/22,0,20000,-11000,9000
2015/12/23,0,0,-45000,-45000
2015/12/24,0,20000,0,20000
2015/12/25,0,0,0,0
2015/12/28,0,0,-39000,-39000
2015/12/29,0,0,-39000,-39000
2015/12/30,0,0,0,0
2015/12/31,0,0,0,0
2016/01/01,0,0,0,0
2016/01/04,0,10000,-136000,-126000
2016/01/05,0,0,-401000,-401000
2016/01/06,0,0,0,0
2016/01/07,0,0,-2000,-2000
2016/01/08,0,0,-200000,-200000
2016/01/11,0,9000,-200000,-191000
2016/01/12,0,0,-1661000,-1661000
2016/01/13,0,0,-2000,-2000
2016/01/14,0,0,-59000,-59000
2016/01/15,0,0,-15000,-15000
2016/01/18,0,0,-997000,-997000
2016/01/19,0,0,-6000,-6000
2016/01/20,0,0,-15000,-15000
2016/01/21,0,0,0,0
2016/01/22,0,0,0,0
2016/01/25,0,20000,-3000,17000
2016/01/26,0,10000,-12000,-2000
2016/01/27,0,0,0,0
2016/01/28,0,0,-22000,-22000
2016/01/29,0,2000,0,2000
2016/02/01,0,0,0,0
2016/02/02,0,0,0,0
2016/02/03,0,0,0,0
2016/02/04,0,0,0,0
2016/02/05,0,0,0,0
2016/02/08,0,0,0,0
2016/02/09,0,0,0,0
2016/02/10,0,0,0,0
2016/02/11,0,0,0,0
2016/02/12,0,0,0,0
2016/02/15,0,0,-763,-763
2016/02/16,0,0,0,0
2016/02/17,0,0,0,0
2016/02/18,0,0,0,0
2016/02/19,0,0,0,0
2016/02/22,0,0,0,0
2016/02/23,0,0,-136000,-136000
2016/02/24,0,233000,-12000,221000
2016/02/25,0,0,-10000,-10000
2016/02/26,0,71000,-8000,63000
2016/02/29,0,0,0,0
2016/03/01,0,0,0,0
2016/03/02,0,0,-3000,-3000
2016/03/03,0,57000,-21000,36000
2016/03/04,0,28000,0,28000
2016/03/07,0,0,-55000,-55000
2016/03/08,0,14000,-3000,11000
2016/03/09,0,0,-14000,-14000
2016/03/10,0,0,-3000,-3000
2016/03/11,0,0,-4000,-4000
2016/03/14,0,0,0,0
2016/03/15,0,0,-80000,-80000
2016/03/16,0,0,-1000,-1000
2016/03/17,0,0,0,0
2016/03/18,0,1811000,0,1811000
2016/03/21,0,145000,-230000,-85000
2016/03/22,0,0,0,0
2016/03/23,0,0,0,0
2016/03/24,0,0,0,0
2016/03/25,0,0,-312000,-312000
2016/03/28,0,0,0,0
2016/03/29,0,0,0,0
2016/03/30,0,0,0,0
2016/03/31,0,17000,0,17000
2016/04/01,0,0,0,0
2016/04/04,0,0,0,0
2016/04/05,0,0,0,0
2016/04/06,0,0,0,0
2016/04/07,0,0,0,0
2016/04/08,0,0,0,0
2016/04/11,0,0,0,0
2016/04/12,0,200000,0,200000
2016/04/13,0,89000,-25000,64000
2016/04/14,0,0,-23000,-23000
2016/04/15,0,0,-40000,-40000
2016/04/18,0,0,0,0
2016/04/19,0,0,0,0
2016/04/20,0,0,0,0
2016/04/21,0,18000,0,18000
2016/04/22,0,0,0,0
2016/04/25,0,0,0,0
2016/04/26,0,0,0,0
2016/04/27,0,0,0,0
2016/04/28,0,0,0,0
2016/04/29,0,0,0,0
2016/05/02,0,0,0,0
2016/05/03,0,44000,-9000,35000
2016/05/04,0,25000,-300000,-275000
2016/05/05,0,0,-99000,-99000
2016/05/06,0,0,0,0
2016/05/09,0,23000,0,23000
2016/05/10,0,1138,0,1138
2016/05/11,0,265000,0,265000
2016/05/12,0,60000,0,60000
2016/05/13,0,0,-24000,-24000
2016/05/16,0,0,0,0
2016/05/17,0,0,-125000,-125000
2016/05/18,0,0,0,0
2016/05/19,0,0,0,0
2016/05/20,0,0,-25000,-25000
2016/05/23,0,35000,0,35000
2016/05/24,0,0,0,0
2016/05/25,0,0,0,0
2016/05/26,0,47000,-3000,44000
2016/05/27,0,0,0,0
2016/05/30,0,9000,0,9000
2016/05/31,0,0,-2000,-2000
2016/06/01,0,5000,-160000,-155000
2016/06/02,0,0,-26000,-26000
2016/06/03,0,0,0,0
2016/06/06,0,0,-9000,-9000
2016/06/07,0,0,-4000,-4000
2016/06/08,0,0,0,0
2016/06/09,0,0,0,0
2016/06/10,0,0,0,0
2016/06/13,0,0,-21000,-21000
2016/06/14,0,0,0,0
2016/06/15,0,0,-56000,-56000
2016/06/16,0,0,-18000,-18000
2016/06/17,0,65000,-33000,32000
2016/06/20,0,170000,-5000,165000
2016/06/21,0,610000,0,610000
2016/06/22,0,0,0,0
2016/06/23,0,610000,0,610000
2016/06/24,0,97000,0,97000
2016/06/27,0,55000,0,55000
2016/06/28,0,1000,0,1000
2016/06/29,0,0,0,0
2016/06/30,0,176000,0,176000
2016/07/01,0,0,-416000,-416000
2016/07/04,0,0,0,0
2016/07/05,0,355000,-143000,212000
2016/07/06,0,0,-24000,-24000
2016/07/07,0,0,-17000,-17000
2016/07/08,0,0,0,0
2016/07/11,0,0,0,0
2016/07/12,0,0,-175000,-175000
2016/07/13,0,0,0,0
2016/07/14,0,207000,-1000,206000
2016/07/15,0,0,-7000,-7000
2016/07/18,0,0,-120000,-120000
2016/07/19,0,18000,-1000,17000
2016/07/20,0,23000,-8000,15000
2016/07/21,0,1000,-11000,-10000
2016/07/22,0,41000,-11000,30000
2016/07/25,0,123000,0,123000
2016/07/26,0,49000,0,49000
2016/07/27,0,0,-2000,-2000
2016/07/28,0,0,-20000,-20000
2016/07/29,0,1180,-8000,-6820
2016/08/01,0,0,0,0
2016/08/02,0,0,-3000,-3000
2016/08/03,0,13000,-160000,-147000
2016/08/04,0,15000,-1220000,-1205000
2016/08/05,0,0,-2000,-2000
2016/08/08,0,6000,-255000,-249000
2016/08/09,0,8000,0,8000
2016/08/10,0,0,0,0
2016/08/11,0,0,-16000,-16000
2016/08/12,0,16000,-3000,13000
2016/08/15,0,14000,-11000,3000
2016/08/16,0,404000,-5000,399000
2016/08/17,0,6000,0,6000
2016/08/18,0,42000,-2000,40000
2016/08/19,0,0,-78000,-78000
2016/08/22,0,0,0,0
2016/08/23,0,5000,-7000,-2000
2016/08/24,0,31000,-4000,27000
2016/08/25,0,37000,-1000,36000
2016/08/26,0,31000,-23000,8000
2016/08/29,0,27000,-59000,-32000
2016/08/30,0,78000,-94000,-16000
2016/08/31,0,0,-140000,-140000
2016/09/01,0,70000,-1098000,-1028000
2016/09/02,0,25000,0,25000
2016/09/05,0,15000,-10000,5000
2016/09/06,0,5000,0,5000
2016/09/07,0,6000,0,6000
2016/09/08,0,0,-4000,-4000
2016/09/09,0,4000,0,4000
2016/09/12,0,10000,-1000,9000
2016/09/13,0,0,-9000,-9000
2016/09/14,0,35000,-62000,-27000
2016/09/15,0,0,0,0
2016/09/16,0,0,0,0
2016/09/19,0,0,0,0
2016/09/20,0,0,0,0
2016/09/21,0,352000,0,352000
2016/09/22,0,373000,-3000,370000
2016/09/23,0,18000,0,18000
2016/09/26,0,0,0,0
2016/09/27,0,0,0,0
2016/09/28,0,0,0,0
2016/09/29,0,0,0,0
2016/09/30,0,33108,0,33108
2016/10/03,0,0,0,0
2016/10/04,0,0,0,0
2016/10/05,0,0,0,0
2016/10/06,0,0,0,0
2016/10/07,0,0,0,0
2016/10/10,0,0,0,0
2016/10/11,0,1000,0,1000
2016/10/12,0,0,0,0
2016/10/13,0,1000,0,1000
2016/10/14,0,0,0,0
2016/10/17,0,0,0,0
2016/10/18,0,55000,0,55000
2016/10/19,0,127000,0,127000
2016/10/20,0,0,-15000,-15000
2016/10/21,0,0,-23000,-23000
2016/10/24,0,0,0,0
2016/10/25,0,30000,-29000,1000
2016/10/26,0,0,-25000,-25000
2016/10/27,0,116000,0,116000
2016/10/28,0,0,0,0
2016/10/31,0,77000,-5300,71700
2016/11/01,0,0,-1000,-1000
2016/11/02,0,491,0,491
2016/11/03,0,0,0,0
2016/11/04,0,0,0,0
2016/11/07,0,0,-4000,-4000
2016/11/08,0,0,0,0
2016/11/09,0,0,0,0
2016/11/10,0,50000,0,50000
2016/11/11,0,18000,0,18000
2016/11/14,0,56000,-156000,-100000
2016/11/15,0,0,0,0
2016/11/16,0,55000,0,55000
2016/11/17,0,0,-276000,-276000
2016/11/18,0,0,-200000,-200000
2016/11/21,0,0,0,0
2016/11/22,0,0,-523000,-523000
2016/11/23,0,0,0,0
2016/11/24,0,0,-11000,-11000
2016/11/25,0,0,0,0
2016/11/28,0,0,0,0
2016/11/29,0,1000,-231000,-230000
2016/11/30,0,1000,0,1000
2016/12/01,0,0,0,0
2016/12/02,0,0,0,0
2016/12/05,0,0,0,0
2016/12/06,0,0,0,0
2016/12/07,0,48000,0,48000
2016/12/08,0,0,0,0
2016/12/09,0,0,0,0
2016/12/12,0,0,0,0
2016/12/13,0,0,0,0
2016/12/14,0,0,0,0
2016/12/15,0,200000,0,200000
2016/12/16,0,100000,-1000,99000
2016/12/19,0,0,0,0
2016/12/20,0,0,0,0
2016/12/21,0,0,0,0
2016/12/22,0,0,-82000,-82000
2016/12/23,0,12000,0,12000
2016/12/26,0,184000,0,184000
2016/12/27,0,0,0,0
2016/12/28,0,20000,0,20000
2016/12/29,0,8000,-44000,-36000
2016/12/30,0,1000,0,1000
2017/01/02,0,0,0,0
2017/01/03,0,0,0,0
2017/01/04,0,0,0,0
2017/01/05,0,456000,0,456000
2017/01/06,0,400000,-2000,398000
2017/01/09,0,50000,0,50000
2017/01/10,0,210000,0,210000
2017/01/11,0,0,-36000,-36000
2017/01/12,0,0,0,0
2017/01/13,0,0,0,0
2017/01/16,0,0,0,0
2017/01/17,0,0,0,0
2017/01/18,0,0,0,0
2017/01/19,0,150000,-25000,125000
2017/01/20,0,100000,0,100000
2017/01/23,0,300,0,300
2017/01/24,0,3000,0,3000
2017/01/25,0,0,0,0
2017/01/26,0,0,0,0
2017/01/27,0,0,0,0
2017/01/30,0,0,0,0
2017/01/31,0,0,0,0
2017/02/01,0,0,0,0
2017/02/02,0,0,-40000,-40000
2017/02/03,0,119000,0,119000
2017/02/06,0,0,0,0
2017/02/07,0,99000,-137000,-38000
2017/02/08,0,0,0,0
2017/02/09,0,159000,-19000,140000
2017/02/10,0,0,0,0
2017/02/13,0,300000,0,300000
2017/02/14,0,1000,0,1000
2017/02/15,0,0,0,0
2017/02/16,0,0,-24000,-24000
2017/02/17,0,1000,0,1000
2017/02/20,0,9000,0,9000
2017/02/21,0,0,0,0
2017/02/22,0,0,0,0
2017/02/23,0,1000,-100000,-99000
2017/02/24,0,0,-70000,-70000
2017/02/27,0,0,0,0
2017/02/28,0,0,0,0
2017/03/01,0,0,-246000,-246000
2017/03/02,0,30000,-244000,-214000
2017/03/03,0,21000,-6000,15000
2017/03/06,0,0,0,0
2017/03/07,0,279000,0,279000
2017/03/08,0,0,0,0
2017/03/09,0,90000,0,90000
2017/03/10,0,0,-4000,-4000
2017/03/13,0,15000,0,15000
2017/03/14,0,56000,-11000,45000
2017/03/15,0,35000,-300000,-265000
2017/03/16,0,11000,0,11000
2017/03/17,0,58000,0,58000
2017/03/20,0,75000,0,75000
2017/03/21,0,43000,0,43000
2017/03/22,0,0,0,0
2017/03/23,0,0,-475000,-475000
2017/03/24,0,1000,-74000,-73000
2017/03/27,0,5000,0,5000
2017/03/28,0,0,-600000,-600000
2017/03/29,0,0,0,0
2017/03/30,0,28000,-122000,-94000
2017/03/31,0,81000,0,81000
2017/04/03,0,0,0,0
2017/04/04,0,0,0,0
2017/04/05,0,0,-47000,-47000
2017/04/06,0,0,0,0
2017/04/07,0,1000,-177000,-176000
2017/04/10,0,2000,0,2000
2017/04/11,0,0,0,0
2017/04/12,0,0,-13000,-13000
2017/04/13,0,0,0,0
2017/04/14,0,0,-10000,-10000
2017/04/17,0,0,0,0
2017/04/18,0,1000,0,1000
2017/04/19,0,0,0,0
2017/04/20,0,1000,0,1000
2017/04/21,0,0,0,0
2017/04/24,0,0,0,0
2017/04/25,0,16002,0,16002
2017/04/26,0,1000,0,1000
2017/04/27,0,0,-23000,-23000
2017/04/28,0,0,-6000,-6000
2017/05/01,0,0,0,0
2017/05/02,0,0,-3000,-3000
2017/05/03,0,0,0,0
2017/05/04,0,0,-1000,-1000
2017/05/05,0,0,0,0
2017/05/08,0,0,0,0
2017/05/09,0,0,0,0
2017/05/10,0,0,-21000,-21000
2017/05/11,0,0,0,0
2017/05/12,0,0,0,0
2017/05/15,0,152000,0,152000
2017/05/16,0,445000,-1000,444000
2017/05/17,0,0,-12000,-12000
2017/05/18,0,0,-4000,-4000
2017/05/19,0,0,-20000,-20000
2017/05/22,0,0,-1000,-1000
2017/05/23,0,0,0,0
2017/05/24,0,0,0,0
2017/05/25,0,0,-4000,-4000
2017/05/26,0,2772000,-21000,2751000
2017/05/29,0,0,0,0
2017/05/30,0,0,0,0
2017/05/31,0,193000,-18000,175000
2017/06/01,0,0,0,0
2017/06/02,0,0,-159000,-159000
2017/06/05,0,12000,-5000,7000
2017/06/06,0,21000,0,21000
2017/06/07,0,34000,-6000,28000
2017/06/08,0,0,-1000,-1000
2017/06/09,0,78000,-5000,73000
2017/06/12,0,0,-115000,-115000
2017/06/13,0,60000,0,60000
2017/06/14,0,0,-11000,-11000
2017/06/15,0,0,-148000,-148000
2017/06/16,0,125000,-503000,-378000
2017/06/19,0,229000,-9000,220000
2017/06/20,0,51000,-11000,40000
2017/06/21,0,4000,0,4000
2017/06/22,0,0,-63000,-63000
2017/06/23,0,100000,-4000,96000
2017/06/26,0,0,-6000,-6000
2017/06/27,0,932000,-3000,929000
2017/06/28,0,0,-53000,-53000
2017/06/29,0,0,-2000,-2000
2017/06/30,0,5000,0,5000
2017/07/03,0,0,-135000,-135000
2017/07/04,0,0,-99000,-99000
2017/07/05,0,41000,-3000,38000
2017/07/06,0,0,-6000,-6000
2017/07/07,0,0,-12000,-12000
2017/07/10,0,0,-4000,-4000
2017/07/11,0,0,0,0
2017/07/12,0,0,-7000,-7000
2017/07/13,0,0,-7000,-7000
2017/07/14,0,0,-8000,-8000
2017/07/17,0,0,-14,-14
2017/07/18,0,13000,0,13000
2017/07/19,0,0,0,0
2017/07/20,0,107000,-16000,91000
2017/07/21,0,608000,-1000,607000
2017/07/24,0,159000,0,159000
2017/07/25,0,2225000,0,2225000
2017/07/26,0,128000,-4000,124000
2017/07/27,0,0,0,0
2017/07/28,0,428000,-80000,348000
2017/07/31,0,268000,-37000,231000
2017/08/01,0,165000,-13000,152000
2017/08/02,0,4000,-6000,-2000
2017/08/03,0,131000,0,131000
2017/08/04,0,450000,-70000,380000
2017/08/07,0,193000,0,193000
2017/08/08,0,217000,-4000,213000
2017/08/09,0,20000,0,20000
2017/08/10,0,109000,0,109000
2017/08/11,0,0,-1157000,-1157000
2017/08/14,0,0,-866000,-866000
2017/08/15,0,5000,-702000,-697000
2017/08/16,0,36000,-150000,-114000
2017/08/17,0,0,-503000,-503000
2017/08/18,0,0,-257000,-257000
