Date,Open,Buy,Sell,Total
2007/01/02,0,8000,-204000,-196000
2007/01/03,0,8000,-194000,-186000
2007/01/04,0,4000,-6000,-2000
2007/01/05,0,6000,-5000,1000
2007/01/08,0,1000,-5310,-4310
2007/01/09,0,0,-13000,-13000
2007/01/10,0,115000,-187000,-72000
2007/01/11,0,50000,-2428000,-2378000
2007/01/12,0,13000,-1234000,-1221000
2007/01/15,0,1000,-967000,-966000
2007/01/16,0,0,-917000,-917000
2007/01/17,0,0,-1712000,-1712000
2007/01/18,0,0,-1695000,-1695000
2007/01/19,0,0,-2260000,-2260000
2007/01/22,0,0,-1326000,-1326000
2007/01/23,0,0,0,0
2007/01/24,0,1000,0,1000
2007/01/25,0,1000,-3000,-2000
2007/01/26,0,5000,-2000,3000
2007/01/29,0,4000,0,4000
2007/01/30,0,8000,0,8000
2007/01/31,0,38000,-15000,23000
2007/02/01,0,111000,-8000,103000
2007/02/02,0,3000,0,3000
2007/02/05,0,63000,-1000,62000
2007/02/06,0,0,-2000,-2000
2007/02/07,0,1000,0,1000
2007/02/08,0,0,0,0
2007/02/09,0,30000,0,30000
2007/02/12,0,0,-11000,-11000
2007/02/13,0,131000,0,131000
2007/02/14,0,0,0,0
2007/02/15,0,0,0,0
2007/02/16,0,0,0,0
2007/02/19,0,0,0,0
2007/02/20,0,0,0,0
2007/02/21,0,0,0,0
2007/02/22,0,0,0,0
2007/02/23,0,0,0,0
2007/02/26,0,1000,-8000,-7000
2007/02/27,0,0,-1000,-1000
2007/02/28,0,0,0,0
2007/03/01,0,0,-75000,-75000
2007/03/02,0,0,0,0
2007/03/05,0,1000,0,1000
2007/03/06,0,0,-3000,-3000
2007/03/07,0,0,-58000,-58000
2007/03/08,0,0,0,0
2007/03/09,0,0,0,0
2007/03/12,0,0,-4000,-4000
2007/03/13,0,27000,0,27000
2007/03/14,0,2000,0,2000
2007/03/15,0,2000,-27000,-25000
2007/03/16,0,0,0,0
2007/03/19,0,0,0,0
2007/03/20,0,0,0,0
2007/03/21,0,5000,0,5000
2007/03/22,0,5000,0,5000
2007/03/23,0,0,-1000,-1000
2007/03/26,0,2000,-407000,-405000
2007/03/27,0,40000,-1000,39000
2007/03/28,0,0,0,0
2007/03/29,0,0,0,0
2007/03/30,0,0,0,0
2007/04/02,0,7000,-12000,-5000
2007/04/03,0,620000,0,620000
2007/04/04,0,0,-34000,-34000
2007/04/05,0,0,0,0
2007/04/06,0,0,0,0
2007/04/09,0,1000,0,1000
2007/04/10,0,280000,0,280000
2007/04/11,0,0,-7000,-7000
2007/04/12,0,74000,0,74000
2007/04/13,0,0,0,0
2007/04/16,0,0,-47000,-47000
2007/04/17,0,0,-1000,-1000
2007/04/18,0,0,-8413,-8413
2007/04/19,0,6000,-4000,2000
2007/04/20,0,0,-10000,-10000
2007/04/23,0,0,0,0
2007/04/24,0,0,-16000,-16000
2007/04/25,0,72000,0,72000
2007/04/26,0,0,-76000,-76000
2007/04/27,0,0,0,0
2007/04/30,0,0,0,0
2007/05/01,0,0,0,0
2007/05/02,0,0,0,0
2007/05/03,0,5000,0,5000
2007/05/04,0,0,0,0
2007/05/07,0,2000,-5000,-3000
2007/05/08,0,0,0,0
2007/05/09,0,0,0,0
2007/05/10,0,0,0,0
2007/05/11,0,105000,0,105000
2007/05/14,0,0,0,0
2007/05/15,0,0,0,0
2007/05/16,0,0,0,0
2007/05/17,0,0,0,0
2007/05/18,0,0,0,0
2007/05/21,0,0,0,0
2007/05/22,0,41000,0,41000
2007/05/23,0,0,-16000,-16000
2007/05/24,0,0,-2000,-2000
2007/05/25,0,0,0,0
2007/05/28,0,0,0,0
2007/05/29,0,1000,0,1000
2007/05/30,0,49000,-2000,47000
2007/05/31,0,1000,0,1000
2007/06/01,0,28000,-24000,4000
2007/06/04,0,25000,-28000,-3000
2007/06/05,0,0,-26000,-26000
2007/06/06,0,1000,0,1000
2007/06/07,0,3000,0,3000
2007/06/08,0,0,-3000,-3000
2007/06/11,0,0,0,0
2007/06/12,0,15000,0,15000
2007/06/13,0,15000,0,15000
2007/06/14,0,0,-30000,-30000
2007/06/15,0,2000,0,2000
2007/06/18,0,0,0,0
2007/06/19,0,0,0,0
2007/06/20,0,37000,0,37000
2007/06/21,0,49000,-2000,47000
2007/06/22,0,16000,0,16000
2007/06/25,0,50000,0,50000
2007/06/26,0,0,-1000,-1000
2007/06/27,0,18000,0,18000
2007/06/28,0,145000,0,145000
2007/06/29,0,73000,-8000,65000
2007/07/02,0,0,0,0
2007/07/03,0,0,-1000,-1000
2007/07/04,0,5000,0,5000
2007/07/05,0,0,0,0
2007/07/06,0,60000,0,60000
2007/07/09,0,5000,0,5000
2007/07/10,0,121000,0,121000
2007/07/11,0,6000,-28000,-22000
2007/07/12,0,4000,-6000,-2000
2007/07/13,0,10000,-12000,-2000
2007/07/16,0,0,-2000,-2000
2007/07/17,0,8000,0,8000
2007/07/18,0,37000,0,37000
2007/07/19,0,10000,-16000,-6000
2007/07/20,0,6000,0,6000
2007/07/23,0,86000,-117000,-31000
2007/07/24,0,6000,-80000,-74000
2007/07/25,0,703000,0,703000
2007/07/26,0,13000,-21000,-8000
2007/07/27,0,97000,-259000,-162000
2007/07/30,0,0,-63000,-63000
2007/07/31,0,2000,-191000,-189000
2007/08/01,0,2000,-115000,-113000
2007/08/02,0,9000,-48000,-39000
2007/08/03,0,614000,-7000,607000
2007/08/06,0,0,-122000,-122000
2007/08/07,0,0,-2000,-2000
2007/08/08,0,9000,-129000,-120000
2007/08/09,0,1051000,-221000,830000
2007/08/10,0,57000,-216000,-159000
2007/08/13,0,2000,-104000,-102000
2007/08/14,0,0,-2000,-2000
2007/08/15,0,48000,-8000,40000
2007/08/16,0,15000,-110000,-95000
2007/08/17,0,2652000,-27000,2625000
2007/08/20,0,6000,0,6000
2007/08/21,0,1696000,-29000,1667000
2007/08/22,0,0,-5000,-5000
2007/08/23,0,10000,-113000,-103000
2007/08/24,0,0,0,0
2007/08/27,0,0,0,0
2007/08/28,0,3000,0,3000
2007/08/29,0,37000,-3000,34000
2007/08/30,0,12000,0,12000
2007/08/31,0,102000,-2000,100000
2007/09/03,0,93000,-112000,-19000
2007/09/04,0,2000,-103000,-101000
2007/09/05,0,0,-14000,-14000
2007/09/06,0,0,0,0
2007/09/07,0,0,0,0
2007/09/10,0,38000,-5000,33000
2007/09/11,0,0,-1058,-1058
2007/09/12,0,1000,-37000,-36000
2007/09/13,0,49000,-1000,48000
2007/09/14,0,0,-14000,-14000
2007/09/17,0,0,0,0
2007/09/18,0,0,0,0
2007/09/19,0,0,0,0
2007/09/20,0,31000,0,31000
2007/09/21,0,8000,-7000,1000
2007/09/24,0,0,0,0
2007/09/25,0,0,0,0
2007/09/26,0,29000,-3000,26000
2007/09/27,0,35000,-25000,10000
2007/09/28,0,0,-4000,-4000
2007/10/01,0,0,-2000,-2000
2007/10/02,0,18000,-31000,-13000
2007/10/03,0,38000,-174,37826
2007/10/04,0,66000,-16000,50000
2007/10/05,0,4000,-2000,2000
2007/10/08,0,12000,0,12000
2007/10/09,0,2000,-9000,-7000
2007/10/10,0,0,0,0
2007/10/11,0,12000,0,12000
2007/10/12,0,0,-32000,-32000
2007/10/15,0,31000,-2000,29000
2007/10/16,0,20000,-58296,-38296
2007/10/17,0,0,-35000,-35000
2007/10/18,0,95000,-13000,82000
2007/10/19,0,26000,-30000,-4000
2007/10/22,0,10000,-32000,-22000
2007/10/23,0,0,-40000,-40000
2007/10/24,0,0,-14000,-14000
2007/10/25,0,0,0,0
2007/10/26,0,39000,-760000,-721000
2007/10/29,0,57000,-220000,-163000
2007/10/30,0,3000,-3000,0
2007/10/31,0,4000,0,4000
2007/11/01,0,5000,-32000,-27000
2007/11/02,0,0,-2000,-2000
2007/11/05,0,14000,-1000000,-986000
2007/11/06,0,31000,-6000,25000
2007/11/07,0,0,-23000,-23000
2007/11/08,0,106000,-81000,25000
2007/11/09,0,29000,0,29000
2007/11/12,0,36000,-25000,11000
2007/11/13,0,8000,-49000,-41000
2007/11/14,0,24000,-5530,18470
2007/11/15,0,4000,-5000,-1000
2007/11/16,0,0,-21000,-21000
2007/11/19,0,0,-2000,-2000
2007/11/20,0,14000,-8000,6000
2007/11/21,0,0,-34000,-34000
2007/11/22,0,30000,-13000,17000
2007/11/23,0,11000,-45000,-34000
2007/11/26,0,21000,0,21000
2007/11/27,0,50000,-11000,39000
2007/11/28,0,5000,-110000,-105000
2007/11/29,0,4000,-161000,-157000
2007/11/30,0,35000,-90000,-55000
2007/12/03,0,21000,-25000,-4000
2007/12/04,0,0,-315000,-315000
2007/12/05,0,0,-464000,-464000
2007/12/06,0,4000,-207000,-203000
2007/12/07,0,0,-175000,-175000
2007/12/10,0,4000,-60000,-56000
2007/12/11,0,3000,-62000,-59000
2007/12/12,0,157000,-92000,65000
2007/12/13,0,5000,-202000,-197000
2007/12/14,0,12000,-1685000,-1673000
2007/12/17,0,58000,-819000,-761000
2007/12/18,0,116000,-526000,-410000
2007/12/19,0,170000,-21000,149000
2007/12/20,0,160000,-34000,126000
2007/12/21,0,21000,-30000,-9000
2007/12/24,0,1000,0,1000
2007/12/25,0,3000,-6000,-3000
2007/12/26,0,5000,-2000,3000
2007/12/27,0,180000,0,180000
2007/12/28,0,197000,-8000,189000
2007/12/31,0,80000,-14000,66000
2008/01/01,0,0,0,0
2008/01/02,0,199000,-20000,179000
2008/01/03,0,23000,-9000,14000
2008/01/04,0,0,-21000,-21000
2008/01/07,0,14000,-8000,6000
2008/01/08,0,17000,-4000,13000
2008/01/09,0,1000,-7000,-6000
2008/01/10,0,0,-21000,-21000
2008/01/11,0,0,0,0
2008/01/14,0,0,0,0
2008/01/15,0,0,0,0
2008/01/16,0,21000,0,21000
2008/01/17,0,17000,-6000,11000
2008/01/18,0,18000,-1000,17000
2008/01/21,0,0,-18000,-18000
2008/01/22,0,0,0,0
2008/01/23,0,5000,-4000,1000
2008/01/24,0,0,-2000,-2000
2008/01/25,0,19000,0,19000
2008/01/28,0,7000,-11000,-4000
2008/01/29,0,18000,-18000,0
2008/01/30,0,11000,-30000,-19000
2008/01/31,0,15000,0,15000
2008/02/01,0,21000,-11000,10000
2008/02/04,0,0,0,0
2008/02/05,0,0,0,0
2008/02/06,0,0,0,0
2008/02/07,0,0,0,0
2008/02/08,0,0,0,0
2008/02/11,0,0,0,0
2008/02/12,0,0,0,0
2008/02/13,0,0,-8000,-8000
2008/02/14,0,2000,0,2000
2008/02/15,0,1000,-2000,-1000
2008/02/18,0,8000,0,8000
2008/02/19,0,5000,-4000,1000
2008/02/20,0,1000,-14000,-13000
2008/02/21,0,12000,-7000,5000
2008/02/22,0,12000,-18000,-6000
2008/02/25,0,0,-12000,-12000
2008/02/26,0,9000,0,9000
2008/02/27,0,15000,0,15000
2008/02/28,0,0,0,0
2008/02/29,0,12000,-12000,0
2008/03/03,0,0,-4000,-4000
2008/03/04,0,32000,-12000,20000
2008/03/05,0,17000,-5000,12000
2008/03/06,0,49000,-13000,36000
2008/03/07,0,25000,-28000,-3000
2008/03/10,0,27000,-5000,22000
2008/03/11,0,6000,-8000,-2000
2008/03/12,0,46000,-6417,39583
2008/03/13,0,19000,-23000,-4000
2008/03/14,0,38000,-30000,8000
2008/03/17,0,12000,-42000,-30000
2008/03/18,0,0,-30000,-30000
2008/03/19,0,15000,0,15000
2008/03/20,0,91000,0,91000
2008/03/21,0,121000,-22000,99000
2008/03/24,0,133000,0,133000
2008/03/25,0,300000,0,300000
2008/03/26,0,2000,0,2000
2008/03/27,0,23000,0,23000
2008/03/28,0,0,-23000,-23000
2008/03/31,0,22000,-12000,10000
2008/04/01,0,2000,-22000,-20000
2008/04/02,0,10000,0,10000
2008/04/03,0,0,-1000,-1000
2008/04/04,0,0,0,0
2008/04/07,0,66000,0,66000
2008/04/08,0,27000,-2000,25000
2008/04/09,0,0,-81000,-81000
2008/04/10,0,31000,-13000,18000
2008/04/11,0,0,0,0
2008/04/14,0,8000,-1000,7000
2008/04/15,0,1000,-26000,-25000
2008/04/16,0,17000,-35000,-18000
2008/04/17,0,111000,-13000,98000
2008/04/18,0,8000,0,8000
2008/04/21,0,55000,0,55000
2008/04/22,0,1000,-41000,-40000
2008/04/23,0,35000,0,35000
2008/04/24,0,10000,-20000,-10000
2008/04/25,0,0,-7000,-7000
2008/04/28,0,0,0,0
2008/04/29,0,31000,-10000,21000
2008/04/30,0,26000,-31000,-5000
2008/05/01,0,0,0,0
2008/05/02,0,11000,-31000,-20000
2008/05/05,0,0,-19000,-19000
2008/05/06,0,15000,0,15000
2008/05/07,0,0,0,0
2008/05/08,0,15000,-157000,-142000
2008/05/09,0,0,-24000,-24000
2008/05/12,0,44000,0,44000
2008/05/13,0,0,-39000,-39000
2008/05/14,0,27000,-34000,-7000
2008/05/15,0,117000,-21000,96000
2008/05/16,0,41000,-1000,40000
2008/05/19,0,25000,-14000,11000
2008/05/20,0,4000,0,4000
2008/05/21,0,6000,0,6000
2008/05/22,0,15000,-6000,9000
2008/05/23,0,49000,-18000,31000
2008/05/26,0,3000,0,3000
2008/05/27,0,1000,-22000,-21000
2008/05/28,0,0,-26000,-26000
2008/05/29,0,0,-8000,-8000
2008/05/30,0,250000,-5000,245000
2008/06/02,0,16000,0,16000
2008/06/03,0,5000,-30000,-25000
2008/06/04,0,40000,-5000,35000
2008/06/05,0,108000,-54000,54000
2008/06/06,0,0,-5000,-5000
2008/06/09,0,630000,-8000,622000
2008/06/10,0,0,-94825,-94825
2008/06/11,0,2000,-2000,0
2008/06/12,0,0,-7000,-7000
2008/06/13,0,172000,-24000,148000
2008/06/16,0,2000,-24000,-22000
2008/06/17,0,297000,-12000,285000
2008/06/18,0,26000,-12000,14000
2008/06/19,0,0,-119000,-119000
2008/06/20,0,211000,-25000,186000
2008/06/23,0,86000,0,86000
2008/06/24,0,18000,-78000,-60000
2008/06/25,0,67000,-20000,47000
2008/06/26,0,0,-29000,-29000
2008/06/27,0,273000,0,273000
2008/06/30,0,22000,-1000,21000
2008/07/01,0,55000,-14000,41000
2008/07/02,0,418000,-3000,415000
2008/07/03,0,246000,-56000,190000
2008/07/04,0,0,-65000,-65000
2008/07/07,0,12000,-8000,4000
2008/07/08,0,0,-55000,-55000
2008/07/09,0,14000,-7000,7000
2008/07/10,0,39000,0,39000
2008/07/11,0,54000,-37000,17000
2008/07/14,0,21000,-36000,-15000
2008/07/15,0,0,-51000,-51000
2008/07/16,0,49000,-22000,27000
2008/07/17,0,91000,-62951,28049
2008/07/18,0,109000,-144000,-35000
2008/07/21,0,14000,0,14000
2008/07/22,0,18000,-13000,5000
2008/07/23,0,242000,-11000,231000
2008/07/24,0,46000,-73000,-27000
2008/07/25,0,463000,-1000,462000
2008/07/28,0,0,0,0
2008/07/29,0,1000,-531000,-530000
2008/07/30,0,19000,-4000,15000
2008/07/31,0,3000,-15000,-12000
2008/08/01,0,77000,-6000,71000
2008/08/04,0,0,-16000,-16000
2008/08/05,0,144000,-7000,137000
2008/08/06,0,74000,-5000,69000
2008/08/07,0,36000,-45000,-9000
2008/08/08,0,46000,-30000,16000
2008/08/11,0,25000,-34000,-9000
2008/08/12,0,15000,-48000,-33000
2008/08/13,0,13000,-12000,1000
2008/08/14,0,2000,-16000,-14000
2008/08/15,0,0,0,0
2008/08/18,0,0,0,0
2008/08/19,0,31000,-24000,7000
2008/08/20,0,140000,-18000,122000
2008/08/21,0,0,-76000,-76000
2008/08/22,0,42000,-19000,23000
2008/08/25,0,148000,-40000,108000
2008/08/26,0,0,-6000,-6000
2008/08/27,0,14000,0,14000
2008/08/28,0,101000,0,101000
2008/08/29,0,3000,0,3000
2008/09/01,0,1000,-16000,-15000
2008/09/02,0,0,-81000,-81000
2008/09/03,0,12000,0,12000
2008/09/04,0,32000,-6000,26000
2008/09/05,0,2000,-120000,-118000
2008/09/08,0,373000,-8000,365000
2008/09/09,0,0,-381080,-381080
2008/09/10,0,28000,-6000,22000
2008/09/11,0,10000,-87000,-77000
2008/09/12,0,32000,-10000,22000
2008/09/15,0,0,-34000,-34000
2008/09/16,0,2000,0,2000
2008/09/17,0,44000,-3000,41000
2008/09/18,0,326000,-47000,279000
2008/09/19,0,14000,-309000,-295000
2008/09/22,0,41000,-78000,-37000
2008/09/23,0,137000,-44000,93000
2008/09/24,0,96650,-84650,12000
2008/09/25,0,31000,-10000,21000
2008/09/26,0,17000,-195000,-178000
2008/09/29,0,0,0,0
2008/09/30,0,0,-17000,-17000
2008/10/01,0,6000,-24000,-18000
2008/10/02,0,60000,-10000,50000
2008/10/03,0,11000,-31000,-20000
2008/10/06,0,0,-34583,-34583
2008/10/07,0,49000,-164542,-115542
2008/10/08,0,0,-569000,-569000
2008/10/09,0,10000,-155077,-145077
2008/10/10,0,0,0,0
2008/10/13,0,0,-6000,-6000
2008/10/14,0,52000,-6000,46000
2008/10/15,0,15000,-19651,-4651
2008/10/16,0,0,0,0
2008/10/17,0,0,-51000,-51000
2008/10/20,0,0,-32551,-32551
2008/10/21,0,32000,0,32000
2008/10/22,0,0,-1000,-1000
2008/10/23,0,0,0,0
2008/10/24,0,0,0,0
2008/10/27,0,0,0,0
2008/10/28,0,0,-452964,-452964
2008/10/29,0,40000,0,40000
2008/10/30,0,42000,-27000,15000
2008/10/31,0,37000,-13000,24000
2008/11/03,0,17000,-156139,-139139
2008/11/04,0,3000,-16000,-13000
2008/11/05,0,39000,-3000,36000
2008/11/06,0,25000,-111000,-86000
2008/11/07,0,3000,-11000,-8000
2008/11/10,0,27000,-17000,10000
2008/11/11,0,21000,-28000,-7000
2008/11/12,0,86000,-20000,66000
2008/11/13,0,6000,-20000,-14000
2008/11/14,0,95000,-73000,22000
2008/11/17,0,15000,-95000,-80000
2008/11/18,0,42000,-15000,27000
2008/11/19,0,26000,-42000,-16000
2008/11/20,0,22000,-26000,-4000
2008/11/21,0,55000,-22000,33000
2008/11/24,0,0,-57000,-57000
2008/11/25,0,51000,-18000,33000
2008/11/26,0,3000,-11000,-8000
2008/11/27,0,312000,-3000,309000
2008/11/28,0,1000,-172000,-171000
2008/12/01,0,65000,-60000,5000
2008/12/02,0,16000,-84000,-68000
2008/12/03,0,3000,-30000,-27000
2008/12/04,0,17000,-19000,-2000
2008/12/05,0,12000,-40000,-28000
2008/12/08,0,15000,-12000,3000
2008/12/09,0,52000,-15000,37000
2008/12/10,0,101000,-8000,93000
2008/12/11,0,272000,-33000,239000
2008/12/12,0,7000,-91000,-84000
2008/12/15,0,5000,-101000,-96000
2008/12/16,0,19000,-8000,11000
2008/12/17,0,50000,-27000,23000
2008/12/18,0,16000,-6000,10000
2008/12/19,0,30000,-27000,3000
2008/12/22,0,9000,-63000,-54000
2008/12/23,0,2000,-118000,-116000
2008/12/24,0,21000,-4000,17000
2008/12/25,0,111000,-21000,90000
2008/12/26,0,1000,-93000,-92000
2008/12/29,0,0,-21000,-21000
2008/12/30,0,81000,0,81000
2008/12/31,0,46000,-56000,-10000
2009/01/01,0,0,0,0
2009/01/02,0,0,0,0
2009/01/05,0,101000,-14000,87000
2009/01/06,0,146000,-67000,79000
2009/01/07,0,46000,-2000,44000
2009/01/08,0,5000,-99000,-94000
2009/01/09,0,6000,-7000,-1000
2009/01/12,0,26000,-8000,18000
2009/01/13,0,9000,-24000,-15000
2009/01/14,0,11000,-4000,7000
2009/01/15,0,0,-132000,-132000
2009/01/16,0,34000,-121000,-87000
2009/01/19,0,177000,-34000,143000
2009/01/20,0,143000,-134000,9000
2009/01/21,0,3000,-197000,-194000
2009/01/22,0,0,0,0
2009/01/23,0,0,0,0
2009/01/26,0,0,0,0
2009/01/27,0,0,0,0
2009/01/28,0,0,0,0
2009/01/29,0,0,0,0
2009/01/30,0,0,0,0
2009/02/02,0,23000,-10000,13000
2009/02/03,0,20000,-23000,-3000
2009/02/04,0,1000,-20000,-19000
2009/02/05,0,13000,-1000,12000
2009/02/06,0,0,-13000,-13000
2009/02/09,0,0,-5000,-5000
2009/02/10,0,0,0,0
2009/02/11,0,6000,0,6000
2009/02/12,0,108000,-42000,66000
2009/02/13,0,0,0,0
2009/02/16,0,0,0,0
2009/02/17,0,0,-171000,-171000
2009/02/18,0,0,0,0
2009/02/19,0,16000,0,16000
2009/02/20,0,0,-15000,-15000
2009/02/23,0,7000,0,7000
2009/02/24,0,0,-7000,-7000
2009/02/25,0,0,0,0
2009/02/26,0,0,-7000,-7000
2009/02/27,0,5000,-2000,3000
2009/03/02,0,0,-12000,-12000
2009/03/03,0,0,0,0
2009/03/04,0,0,0,0
2009/03/05,0,0,0,0
2009/03/06,0,128000,0,128000
2009/03/09,0,0,-4000,-4000
2009/03/10,0,0,-124000,-124000
2009/03/11,0,0,0,0
2009/03/12,0,164000,0,164000
2009/03/13,0,7000,0,7000
2009/03/16,0,21000,0,21000
2009/03/17,0,4000,0,4000
2009/03/18,0,45000,0,45000
2009/03/19,0,46000,-29000,17000
2009/03/20,0,0,-13000,-13000
2009/03/23,0,0,0,0
2009/03/24,0,47000,0,47000
2009/03/25,0,1000,-90000,-89000
2009/03/26,0,2000,-17000,-15000
2009/03/27,0,2000,-111000,-109000
2009/03/30,0,0,0,0
2009/03/31,0,7565,-93650,-86085
2009/04/01,0,5000,-30000,-25000
2009/04/02,0,23000,-5000,18000
2009/04/03,0,0,0,0
2009/04/06,0,3000,-1000,2000
2009/04/07,0,159000,0,159000
2009/04/08,0,40000,-76000,-36000
2009/04/09,0,14000,0,14000
2009/04/10,0,9000,-1000,8000
2009/04/13,0,18000,0,18000
2009/04/14,0,78000,0,78000
2009/04/15,0,101000,-41000,60000
2009/04/16,0,93000,-113000,-20000
2009/04/17,0,163000,-52000,111000
2009/04/20,0,1011000,-183000,828000
2009/04/21,0,220000,-1010000,-790000
2009/04/22,0,178000,-226000,-48000
2009/04/23,0,10000,-185000,-175000
2009/04/24,0,166000,-26000,140000
2009/04/27,0,113000,-153000,-40000
2009/04/28,0,965000,-98000,867000
2009/04/29,0,15000,-949000,-934000
2009/04/30,0,109000,-11000,98000
2009/05/01,0,0,0,0
2009/05/04,0,478000,0,478000
2009/05/05,0,1258000,-557000,701000
2009/05/06,0,45000,-197000,-152000
2009/05/07,0,378000,-1103000,-725000
2009/05/08,0,132000,-362000,-230000
2009/05/11,0,0,-23000,-23000
2009/05/12,0,21000,0,21000
2009/05/13,0,60000,-2000,58000
2009/05/14,0,20000,-6000,14000
2009/05/15,0,1000,-42000,-41000
2009/05/18,0,671000,-190000,481000
2009/05/19,0,145000,-663049,-518049
2009/05/20,0,31000,-111000,-80000
2009/05/21,0,22000,-29000,-7000
2009/05/22,0,186000,-50000,136000
2009/05/25,0,146000,-205000,-59000
2009/05/26,0,36000,-147000,-111000
2009/05/27,0,78000,-56000,22000
2009/05/28,0,0,0,0
2009/05/29,0,0,0,0
2009/06/01,0,196000,-74000,122000
2009/06/02,0,112000,-572000,-460000
2009/06/03,0,142000,-112000,30000
2009/06/04,0,100000,-420000,-320000
2009/06/05,0,163000,-300000,-137000
2009/06/08,0,134000,-175000,-41000
2009/06/09,0,169000,-214000,-45000
2009/06/10,0,185000,-126000,59000
2009/06/11,0,92000,-111000,-19000
2009/06/12,0,76000,-184000,-108000
2009/06/15,0,85000,-30000,55000
2009/06/16,0,203000,-58000,145000
2009/06/17,0,78000,-172000,-94000
2009/06/18,0,49000,-66000,-17000
2009/06/19,0,53000,-5000,48000
2009/06/22,0,4000,-73000,-69000
2009/06/23,0,72000,-25000,47000
2009/06/24,0,259000,-295668,-36668
2009/06/25,0,16000,-229000,-213000
2009/06/26,0,51000,0,51000
2009/06/29,0,21000,-103000,-82000
2009/06/30,0,12000,-4000,8000
2009/07/01,0,143000,-2000,141000
2009/07/02,0,273000,-69000,204000
2009/07/03,0,154000,-406000,-252000
2009/07/06,0,72000,-164000,-92000
2009/07/07,0,6000,-73000,-67000
2009/07/08,0,156000,-2000,154000
2009/07/09,0,267000,-156000,111000
2009/07/10,0,261000,-1000,260000
2009/07/13,0,275000,-7000,268000
2009/07/14,0,91000,-25000,66000
2009/07/15,0,26000,-12000,14000
2009/07/16,0,14000,-25000,-11000
2009/07/17,0,9000,-6000,3000
2009/07/20,0,131000,-3000,128000
2009/07/21,0,0,-114000,-114000
2009/07/22,0,24000,-17000,7000
2009/07/23,0,4000,-19000,-15000
2009/07/24,0,243000,-5000,238000
2009/07/27,0,102000,-140885,-38885
2009/07/28,0,0,-3000,-3000
2009/07/29,0,313000,-101000,212000
2009/07/30,0,131000,-352000,-221000
2009/07/31,0,138000,-177000,-39000
2009/08/03,0,139000,-89000,50000
2009/08/04,0,83000,-505000,-422000
2009/08/05,0,6000,-386000,-380000
2009/08/06,0,29000,-253000,-224000
2009/08/07,0,0,0,0
2009/08/10,0,679000,-13000,666000
2009/08/11,0,217000,-724000,-507000
2009/08/12,0,242000,-216000,26000
2009/08/13,0,577000,0,577000
2009/08/14,0,134000,-352000,-218000
2009/08/17,0,13000,-290000,-277000
2009/08/18,0,96000,-385000,-289000
2009/08/19,0,65000,-103000,-38000
2009/08/20,0,47000,-78000,-31000
2009/08/21,0,525000,-258000,267000
2009/08/24,0,46000,-472000,-426000
2009/08/25,0,223000,-76000,147000
2009/08/26,0,0,-251000,-251000
2009/08/27,0,384000,-202000,182000
2009/08/28,0,178000,-17000,161000
2009/08/31,0,389000,-171000,218000
2009/09/01,0,91000,-52000,39000
2009/09/02,0,46000,-446000,-400000
2009/09/03,0,61000,-3000,58000
2009/09/04,0,476000,-1000,475000
2009/09/07,0,0,-202000,-202000
2009/09/08,0,29000,-711000,-682000
2009/09/09,0,6000,-2000,4000
2009/09/10,0,112000,-1000,111000
2009/09/11,0,13000,-300558,-287558
2009/09/14,0,167000,-248684,-81684
2009/09/15,0,129000,-164000,-35000
2009/09/16,0,73000,-64000,9000
2009/09/17,0,120000,-57000,63000
2009/09/18,0,118000,-791,117209
2009/09/21,0,12000,-188000,-176000
2009/09/22,0,0,-19000,-19000
2009/09/23,0,682,-2000,-1318
2009/09/24,0,99000,-634000,-535000
2009/09/25,0,18000,-316000,-298000
2009/09/28,0,41000,-119000,-78000
2009/09/29,0,11000,-201000,-190000
2009/09/30,0,148000,-1000,147000
2009/10/01,0,1000,-116000,-115000
2009/10/02,0,1000,-67000,-66000
2009/10/05,0,105000,-45000,60000
2009/10/06,0,184000,-4000,180000
2009/10/07,0,0,-280180,-280180
2009/10/08,0,17000,-47000,-30000
2009/10/09,0,30000,-2000,28000
2009/10/12,0,42000,-42000,0
2009/10/13,0,51000,-23000,28000
2009/10/14,0,325000,-5000,320000
2009/10/15,0,60000,-405000,-345000
2009/10/16,0,39000,-2000,37000
2009/10/19,0,1000,0,1000
2009/10/20,0,68000,-2000,66000
2009/10/21,0,3000,-69000,-66000
2009/10/22,0,0,-62000,-62000
2009/10/23,0,0,0,0
2009/10/26,0,0,0,0
2009/10/27,0,557000,-44000,513000
2009/10/28,0,330000,-59000,271000
2009/10/29,0,15000,-33783,-18783
2009/10/30,0,1000,-27000,-26000
2009/11/02,0,87000,-18000,69000
2009/11/03,0,0,-103000,-103000
2009/11/04,0,84000,-2000,82000
2009/11/05,0,69000,-21000,48000
2009/11/06,0,0,-19000,-19000
2009/11/09,0,1000,-6000,-5000
2009/11/10,0,0,0,0
2009/11/11,0,54000,0,54000
2009/11/12,0,14000,0,14000
2009/11/13,0,19000,0,19000
2009/11/16,0,72000,0,72000
2009/11/17,0,57000,-122000,-65000
2009/11/18,0,159000,-51013,107987
2009/11/19,0,95000,-67135,27865
2009/11/20,0,0,-32000,-32000
2009/11/23,0,0,-23000,-23000
2009/11/24,0,92000,-52000,40000
2009/11/25,0,7000,-74000,-67000
2009/11/26,0,0,-254173,-254173
2009/11/27,0,0,-98000,-98000
2009/11/30,0,35000,-18000,17000
2009/12/01,0,326000,-36000,290000
2009/12/02,0,6000,-73000,-67000
2009/12/03,0,0,-35000,-35000
2009/12/04,0,83000,-7000,76000
2009/12/07,0,81000,-34000,47000
2009/12/08,0,188000,-117000,71000
2009/12/09,0,38000,-337000,-299000
2009/12/10,0,3000,-243339,-240339
2009/12/11,0,44000,-63000,-19000
2009/12/14,0,63000,-80000,-17000
2009/12/15,0,32000,-211000,-179000
2009/12/16,0,8000,-24000,-16000
2009/12/17,0,99000,-185000,-86000
2009/12/18,0,50000,-26000,24000
2009/12/21,0,0,-32000,-32000
2009/12/22,0,230000,-7000,223000
2009/12/23,0,97000,0,97000
2009/12/24,0,0,-104000,-104000
2009/12/25,0,0,0,0
2009/12/28,0,21000,0,21000
2009/12/29,0,302000,0,302000
2009/12/30,0,0,-15000,-15000
2009/12/31,0,0,-70000,-70000
2010/01/01,0,0,0,0
2010/01/04,0,20000,-127000,-107000
2010/01/05,0,10000,-38000,-28000
2010/01/06,0,27000,0,27000
2010/01/07,0,67000,-25000,42000
2010/01/08,0,27000,0,27000
2010/01/11,0,0,-7000,-7000
2010/01/12,0,0,-22000,-22000
2010/01/13,0,2000,0,2000
2010/01/14,0,153000,-13000,140000
2010/01/15,0,63000,-152000,-89000
2010/01/18,0,35000,0,35000
2010/01/19,0,0,-2000,-2000
2010/01/20,0,2000,0,2000
2010/01/21,0,140000,0,140000
2010/01/22,0,23000,-6000,17000
2010/01/25,0,6000,0,6000
2010/01/26,0,17000,-23000,-6000
2010/01/27,0,113000,-17000,96000
2010/01/28,0,32000,-27000,5000
2010/01/29,0,4000,-8000,-4000
2010/02/01,0,11000,-50000,-39000
2010/02/02,0,0,-39000,-39000
2010/02/03,0,0,-22000,-22000
2010/02/04,0,41000,-79000,-38000
2010/02/05,0,0,-125000,-125000
2010/02/08,0,0,-229000,-229000
2010/02/09,0,44000,-15000,29000
2010/02/10,0,0,-46000,-46000
2010/02/11,0,0,0,0
2010/02/12,0,0,0,0
2010/02/15,0,0,0,0
2010/02/16,0,0,0,0
2010/02/17,0,0,0,0
2010/02/18,0,0,0,0
2010/02/19,0,0,0,0
2010/02/22,0,21000,0,21000
2010/02/23,0,0,-27000,-27000
2010/02/24,0,78000,-16000,62000
2010/02/25,0,0,-99000,-99000
2010/02/26,0,7000,0,7000
2010/03/01,0,85000,-3000,82000
2010/03/02,0,4000,-15000,-11000
2010/03/03,0,13000,-4000,9000
2010/03/04,0,141000,-14000,127000
2010/03/05,0,62000,0,62000
2010/03/08,0,0,-10000,-10000
2010/03/09,0,0,0,0
2010/03/10,0,102709,0,102709
2010/03/11,0,0,-1000,-1000
2010/03/12,0,13000,-2000,11000
2010/03/15,0,0,-207000,-207000
2010/03/16,0,360000,-9000,351000
2010/03/17,0,1226000,-8000,1218000
2010/03/18,0,825000,-521000,304000
2010/03/19,0,0,-477000,-477000
2010/03/22,0,129000,-410000,-281000
2010/03/23,0,57000,-397000,-340000
2010/03/24,0,282000,-8000,274000
2010/03/25,0,176000,-3000,173000
2010/03/26,0,83000,-350000,-267000
2010/03/29,0,59000,-48000,11000
2010/03/30,0,0,-35000,-35000
2010/03/31,0,141000,-17000,124000
2010/04/01,0,201000,-20000,181000
2010/04/02,0,0,-221000,-221000
2010/04/05,0,0,0,0
2010/04/06,0,156000,-8000,148000
2010/04/07,0,25000,-84000,-59000
2010/04/08,0,86000,-219000,-133000
2010/04/09,0,221000,-108000,113000
2010/04/12,0,26000,-220000,-194000
2010/04/13,0,11000,-127000,-116000
2010/04/14,0,33000,-82000,-49000
2010/04/15,0,16000,-106000,-90000
2010/04/16,0,84000,-207000,-123000
2010/04/19,0,23000,-149000,-126000
2010/04/20,0,29000,-106000,-77000
2010/04/21,0,93000,-46000,47000
2010/04/22,0,41000,-314000,-273000
2010/04/23,0,0,-158000,-158000
2010/04/26,0,252000,-22000,230000
2010/04/27,0,1374000,0,1374000
2010/04/28,0,182000,-225000,-43000
2010/04/29,0,14000,-217000,-203000
2010/04/30,0,96000,-101358,-5358
2010/05/03,0,54000,0,54000
2010/05/04,0,274000,-2000,272000
2010/05/05,0,372000,-100000,272000
2010/05/06,0,179000,-49000,130000
2010/05/07,0,159000,-105000,54000
2010/05/10,0,0,-668000,-668000
2010/05/11,0,40000,-76000,-36000
2010/05/12,0,16000,0,16000
2010/05/13,0,210000,-120000,90000
2010/05/14,0,23000,-271000,-248000
2010/05/17,0,22000,-20000,2000
2010/05/18,0,43000,-75000,-32000
2010/05/19,0,108000,-101000,7000
2010/05/20,0,0,-172000,-172000
2010/05/21,0,911000,-142000,769000
2010/05/24,0,309000,-178000,131000
2010/05/25,0,29000,-90000,-61000
2010/05/26,0,370000,-587000,-217000
2010/05/27,0,391000,-289000,102000
2010/05/28,0,15000,-1128000,-1113000
2010/05/31,0,91000,-34000,57000
2010/06/01,0,66000,-723000,-657000
2010/06/02,0,134000,-411000,-277000
2010/06/03,0,313000,-5000,308000
2010/06/04,0,5000,-188000,-183000
2010/06/07,0,362000,-239000,123000
2010/06/08,0,16000,-42000,-26000
2010/06/09,0,75000,-75000,0
2010/06/10,0,472000,-32000,440000
2010/06/11,0,45000,-219000,-174000
2010/06/14,0,289000,-115000,174000
2010/06/15,0,167000,-11000,156000
2010/06/16,0,0,0,0
2010/06/17,0,47000,-432000,-385000
2010/06/18,0,75000,-20000,55000
2010/06/21,0,25000,-100000,-75000
2010/06/22,0,78000,0,78000
2010/06/23,0,163000,-66000,97000
2010/06/24,0,114000,-116709,-2709
2010/06/25,0,0,-201000,-201000
2010/06/28,0,0,0,0
2010/06/29,0,95000,-58000,37000
2010/06/30,0,264000,-40000,224000
2010/07/01,0,122000,-76000,46000
2010/07/02,0,93000,0,93000
2010/07/05,0,57000,-30000,27000
2010/07/06,0,96000,0,96000
2010/07/07,0,134000,-94000,40000
2010/07/08,0,182000,-82000,100000
2010/07/09,0,14000,0,14000
2010/07/12,0,100000,0,100000
2010/07/13,0,177000,-14000,163000
2010/07/14,0,100000,-194000,-94000
2010/07/15,0,34000,-3000,31000
2010/07/16,0,6000,-81000,-75000
2010/07/19,0,55000,0,55000
2010/07/20,0,97000,-39000,58000
2010/07/21,0,16000,-301000,-285000
2010/07/22,0,54000,-8000,46000
2010/07/23,0,148000,0,148000
2010/07/26,0,144000,-48000,96000
2010/07/27,0,708000,-37000,671000
2010/07/28,0,67000,-31000,36000
2010/07/29,0,0,-4000,-4000
2010/07/30,0,46000,-196000,-150000
2010/08/02,0,3000,-174000,-171000
2010/08/03,0,32000,-175000,-143000
2010/08/04,0,50000,-84000,-34000
2010/08/05,0,2000,-14000,-12000
2010/08/06,0,6000,-162000,-156000
2010/08/09,0,6000,0,6000
2010/08/10,0,2000,0,2000
2010/08/11,0,52000,-14000,38000
2010/08/12,0,0,-107000,-107000
2010/08/13,0,140000,-746000,-606000
2010/08/16,0,11000,-321000,-310000
2010/08/17,0,20000,-230000,-210000
2010/08/18,0,47000,-21094,25906
2010/08/19,0,200000,-30000,170000
2010/08/20,0,37000,-36000,1000
2010/08/23,0,244000,-5000,239000
2010/08/24,0,150000,-31000,119000
2010/08/25,0,306000,-40000,266000
2010/08/26,0,0,-121000,-121000
2010/08/27,0,67000,-11000,56000
2010/08/30,0,24000,-97000,-73000
2010/08/31,0,6000,0,6000
2010/09/01,0,170000,-131000,39000
2010/09/02,0,432000,-127000,305000
2010/09/03,0,133000,0,133000
2010/09/06,0,48000,0,48000
2010/09/07,0,32000,-238000,-206000
2010/09/08,0,136000,-57049,78951
2010/09/09,0,13000,-32000,-19000
2010/09/10,0,17000,-95000,-78000
2010/09/13,0,41000,-106000,-65000
2010/09/14,0,40000,-34000,6000
2010/09/15,0,45000,-12000,33000
2010/09/16,0,22000,-248,21752
2010/09/17,0,319000,-69000,250000
2010/09/20,0,0,-11000,-11000
2010/09/21,0,9000,-54000,-45000
2010/09/22,0,0,0,0
2010/09/23,0,0,-65000,-65000
2010/09/24,0,54000,-19000,35000
2010/09/27,0,26000,-1358,24642
2010/09/28,0,17000,0,17000
2010/09/29,0,97000,-22000,75000
2010/09/30,0,7000,-19000,-12000
2010/10/01,0,12000,-65000,-53000
2010/10/04,0,25000,-1000,24000
2010/10/05,0,100000,-2000,98000
2010/10/06,0,19000,0,19000
2010/10/07,0,30000,0,30000
2010/10/08,0,12000,-18896,-6896
2010/10/11,0,150000,-3000,147000
2010/10/12,0,74000,-78000,-4000
2010/10/13,0,51000,-12000,39000
2010/10/14,0,41000,-1000,40000
2010/10/15,0,11000,0,11000
2010/10/18,0,10000,-9000,1000
2010/10/19,0,0,-43000,-43000
2010/10/20,0,333000,-18004,314996
2010/10/21,0,10000,-510000,-500000
2010/10/22,0,0,-7000,-7000
2010/10/25,0,49000,-6000,43000
2010/10/26,0,283000,-3000,280000
2010/10/27,0,153000,-156000,-3000
2010/10/28,0,69000,-30000,39000
2010/10/29,0,63000,0,63000
2010/11/01,0,147000,-43000,104000
2010/11/02,0,105000,-40000,65000
2010/11/03,0,151000,-85000,66000
2010/11/04,0,118000,0,118000
2010/11/05,0,21000,-3000,18000
2010/11/08,0,39000,-14000,25000
2010/11/09,0,50000,0,50000
2010/11/10,0,121000,-1000,120000
2010/11/11,0,82000,-3000,79000
2010/11/12,0,0,-8000,-8000
2010/11/15,0,13000,-39000,-26000
2010/11/16,0,0,-37000,-37000
2010/11/17,0,66000,-37000,29000
2010/11/18,0,0,0,0
2010/11/19,0,236000,-5000,231000
2010/11/22,0,103000,-2000,101000
2010/11/23,0,58000,-9000,49000
2010/11/24,0,82000,0,82000
2010/11/25,0,110000,-8000,102000
2010/11/26,0,0,-19000,-19000
2010/11/29,0,1000,-61887,-60887
2010/11/30,0,100000,0,100000
2010/12/01,0,120000,0,120000
2010/12/02,0,49000,-55000,-6000
2010/12/03,0,29000,-37000,-8000
2010/12/06,0,1000,-4000,-3000
2010/12/07,0,0,-73000,-73000
2010/12/08,0,3000,-45000,-42000
2010/12/09,0,82000,-89000,-7000
2010/12/10,0,6000,-920000,-914000
2010/12/13,0,112000,-824489,-712489
2010/12/14,0,244000,-37000,207000
2010/12/15,0,456000,-94000,362000
2010/12/16,0,78000,-37000,41000
2010/12/17,0,130000,-11000,119000
2010/12/20,0,126000,-71000,55000
2010/12/21,0,20000,-45149,-25149
2010/12/22,0,11000,-2000,9000
2010/12/23,0,28000,-21000,7000
2010/12/24,0,35000,-36000,-1000
2010/12/27,0,58000,0,58000
2010/12/28,0,25000,-30000,-5000
2010/12/29,0,41000,0,41000
2010/12/30,0,82000,0,82000
2010/12/31,0,32000,-22000,10000
2011/01/03,0,30000,0,30000
2011/01/04,0,70000,-1000,69000
2011/01/05,0,31000,-68000,-37000
2011/01/06,0,0,-9000,-9000
2011/01/07,0,0,-27000,-27000
2011/01/10,0,31000,-5000,26000
2011/01/11,0,226000,-568297,-342297
2011/01/12,0,0,-56000,-56000
2011/01/13,0,4000,-66049,-62049
2011/01/14,0,12000,-128000,-116000
2011/01/17,0,13000,-21000,-8000
2011/01/18,0,28000,-38442,-10442
2011/01/19,0,260000,-158000,102000
2011/01/20,0,155000,-186861,-31861
2011/01/21,0,24000,-11000,13000
2011/01/24,0,72000,-4000,68000
2011/01/25,0,16000,-11000,5000
2011/01/26,0,4000,0,4000
2011/01/27,0,81000,0,81000
2011/01/28,0,17000,0,17000
2011/01/31,0,0,0,0
2011/02/01,0,0,0,0
2011/02/02,0,0,0,0
2011/02/03,0,0,0,0
2011/02/04,0,0,0,0
2011/02/07,0,0,0,0
2011/02/08,0,91000,-298000,-207000
2011/02/09,0,386000,-261000,125000
2011/02/10,0,24000,-120000,-96000
2011/02/11,0,93000,-328000,-235000
2011/02/14,0,0,-100000,-100000
2011/02/15,0,91000,-99000,-8000
2011/02/16,0,53000,-84000,-31000
2011/02/17,0,10000,-111000,-101000
2011/02/18,0,87000,-12000,75000
2011/02/21,0,611000,-75000,536000
2011/02/22,0,8000,-318000,-310000
2011/02/23,0,278000,-184000,94000
2011/02/24,0,82000,-22000,60000
2011/02/25,0,104000,-10000,94000
2011/02/28,0,0,0,0
2011/03/01,0,238000,-24000,214000
2011/03/02,0,242000,-126000,116000
2011/03/03,0,304000,-10000,294000
2011/03/04,0,294000,-160000,134000
2011/03/07,0,46000,-1000,45000
2011/03/08,0,48000,-48000,0
2011/03/09,0,11000,-39000,-28000
2011/03/10,0,34000,-1000,33000
2011/03/11,0,37000,-46000,-9000
2011/03/14,0,87000,-152000,-65000
2011/03/15,0,288000,-126000,162000
2011/03/16,0,158000,-55000,103000
2011/03/17,0,61000,-404000,-343000
2011/03/18,0,2005000,-71000,1934000
2011/03/21,0,1054000,-265000,789000
2011/03/22,0,871000,-522000,349000
2011/03/23,0,1807000,-5000,1802000
2011/03/24,0,534000,-1000,533000
2011/03/25,0,520000,-1000,519000
2011/03/28,0,300000,-10000,290000
2011/03/29,0,428000,0,428000
2011/03/30,0,90000,-197000,-107000
2011/03/31,0,12287,-16000,-3713
2011/04/01,0,96000,-5000,91000
2011/04/04,0,0,0,0
2011/04/05,0,0,0,0
2011/04/06,0,470000,-2000,468000
2011/04/07,0,220300,-1000,219300
2011/04/08,0,415000,-24000,391000
2011/04/11,0,30000,-81000,-51000
2011/04/12,0,7000,-328000,-321000
2011/04/13,0,146000,-349000,-203000
2011/04/14,0,16000,-114000,-98000
2011/04/15,0,168000,-7000,161000
2011/04/18,0,0,-37000,-37000
2011/04/19,0,67400,-314000,-246600
2011/04/20,0,632000,-300000,332000
2011/04/21,0,59000,-113000,-54000
2011/04/22,0,358000,-167000,191000
2011/04/25,0,261300,-158000,103300
2011/04/26,0,347000,-143000,204000
2011/04/27,0,221000,-180000,41000
2011/04/28,0,318000,-2000,316000
2011/04/29,0,295000,-159000,136000
2011/05/02,0,0,0,0
2011/05/03,0,196000,-3000,193000
2011/05/04,0,91000,-66000,25000
2011/05/05,0,81000,-70000,11000
2011/05/06,0,11000,-30000,-19000
2011/05/09,0,225000,-77000,148000
2011/05/10,0,7000,-180000,-173000
2011/05/11,0,119000,-52098,66902
2011/05/12,0,50000,-64000,-14000
2011/05/13,0,106000,-12000,94000
2011/05/16,0,247000,-227000,20000
2011/05/17,0,21000,-223000,-202000
2011/05/18,0,87000,-215000,-128000
2011/05/19,0,144000,-113000,31000
2011/05/20,0,85000,-379000,-294000
2011/05/23,0,110000,-148000,-38000
2011/05/24,0,57000,-230000,-173000
2011/05/25,0,146000,-99000,47000
2011/05/26,0,52000,-164928,-112928
2011/05/27,0,175000,-70000,105000
2011/05/30,0,13000,-143000,-130000
2011/05/31,0,388000,-200000,188000
2011/06/01,0,124000,-45000,79000
2011/06/02,0,154000,-196000,-42000
2011/06/03,0,105000,-70000,35000
2011/06/06,0,0,0,0
2011/06/07,0,203000,-128000,75000
2011/06/08,0,10000,-99000,-89000
2011/06/09,0,137000,-89000,48000
2011/06/10,0,83000,-151000,-68000
2011/06/13,0,5000,-262000,-257000
2011/06/14,0,285000,-103000,182000
2011/06/15,0,286000,-218000,68000
2011/06/16,0,0,-238000,-238000
2011/06/17,0,954000,-776000,178000
2011/06/20,0,195000,-1037657,-842657
2011/06/21,0,227000,-424000,-197000
2011/06/22,0,135000,-185000,-50000
2011/06/23,0,173000,-559000,-386000
2011/06/24,0,170000,-278000,-108000
2011/06/27,0,10000,-212000,-202000
2011/06/28,0,139000,-66000,73000
2011/06/29,0,224000,-188000,36000
2011/06/30,0,113000,-18000,95000
2011/07/01,0,173000,-11000,162000
2011/07/04,0,275000,-64000,211000
2011/07/05,0,28000,-34000,-6000
2011/07/06,0,99000,-153000,-54000
2011/07/07,0,7000,-9000,-2000
2011/07/08,0,122000,-85000,37000
2011/07/11,0,6000,-33000,-27000
2011/07/12,0,100000,-205000,-105000
2011/07/13,0,34000,-342000,-308000
2011/07/14,0,57000,-93000,-36000
2011/07/15,0,300000,-380000,-80000
2011/07/18,0,119000,-40000,79000
2011/07/19,0,89000,-12000,77000
2011/07/20,0,158000,-173902,-15902
2011/07/21,0,78000,-22000,56000
2011/07/22,0,149000,0,149000
2011/07/25,0,22000,-5000,17000
2011/07/26,0,45000,-2000,43000
2011/07/27,0,122000,-10000,112000
2011/07/28,0,21000,-36000,-15000
2011/07/29,0,34000,-157000,-123000
2011/08/01,0,106000,-38000,68000
2011/08/02,0,34000,-220000,-186000
2011/08/03,0,1000,-569000,-568000
2011/08/04,0,120000,-181000,-61000
2011/08/05,0,101000,-455000,-354000
2011/08/08,0,22000,-343000,-321000
2011/08/09,0,80000,-196480,-116480
2011/08/10,0,153000,-290000,-137000
2011/08/11,0,86000,-125000,-39000
2011/08/12,0,0,-147000,-147000
2011/08/15,0,14000,-76000,-62000
2011/08/16,0,90000,-58000,32000
2011/08/17,0,226000,-63000,163000
2011/08/18,0,40000,-176000,-136000
2011/08/19,0,249000,-129000,120000
2011/08/22,0,187000,-1000,186000
2011/08/23,0,536000,-8000,528000
2011/08/24,0,155000,-431000,-276000
2011/08/25,0,350196,-419196,-69000
2011/08/26,0,61000,-3000,58000
2011/08/29,0,186846,-10000,176846
2011/08/30,0,38000,-97000,-59000
2011/08/31,0,199000,-130000,69000
2011/09/01,0,174000,-426000,-252000
2011/09/02,0,18000,-44000,-26000
2011/09/05,0,2000,-67000,-65000
2011/09/06,0,19000,-225000,-206000
2011/09/07,0,35000,-69000,-34000
2011/09/08,0,77000,-368000,-291000
2011/09/09,0,186674,-18000,168674
2011/09/12,0,0,0,0
2011/09/13,0,695000,-18000,677000
2011/09/14,0,1082000,-133024,948976
2011/09/15,0,1109000,-20111,1088889
2011/09/16,0,1099000,-5000,1094000
2011/09/19,0,100000,-144000,-44000
2011/09/20,0,295000,-102000,193000
2011/09/21,0,643000,0,643000
2011/09/22,0,303000,-198000,105000
2011/09/23,0,294000,-113000,181000
2011/09/26,0,234000,0,234000
2011/09/27,0,178000,-13000,165000
2011/09/28,0,247000,-60000,187000
2011/09/29,0,84000,-10000,74000
2011/09/30,0,75000,-45000,30000
2011/10/03,0,221000,-407000,-186000
2011/10/04,0,520000,-27000,493000
2011/10/05,0,181000,-54000,127000
2011/10/06,0,148000,-23000,125000
2011/10/07,0,30000,-102000,-72000
2011/10/10,0,0,0,0
2011/10/11,0,75000,-181000,-106000
2011/10/12,0,88000,0,88000
2011/10/13,0,240000,-125000,115000
2011/10/14,0,212000,-2000,210000
2011/10/17,0,207000,0,207000
2011/10/18,0,456937,-3000,453937
2011/10/19,0,299000,-217000,82000
2011/10/20,0,83000,-39000,44000
2011/10/21,0,102000,-70000,32000
2011/10/24,0,216000,-4000,212000
2011/10/25,0,113000,-9000,104000
2011/10/26,0,242000,-137000,105000
2011/10/27,0,128000,-9143,118857
2011/10/28,0,150000,-100000,50000
2011/10/31,0,208000,-74000,134000
2011/11/01,0,120000,-1000,119000
2011/11/02,0,170000,-59000,111000
2011/11/03,0,111000,-113000,-2000
2011/11/04,0,294000,-8000,286000
2011/11/07,0,229000,0,229000
2011/11/08,0,248000,-64000,184000
2011/11/09,0,183000,-159000,24000
2011/11/10,0,82000,-233000,-151000
2011/11/11,0,180000,-126000,54000
2011/11/14,0,206000,0,206000
2011/11/15,0,39000,-43000,-4000
2011/11/16,0,19000,-122000,-103000
2011/11/17,0,21000,-71000,-50000
2011/11/18,0,70000,-84000,-14000
2011/11/21,0,136000,-72000,64000
2011/11/22,0,210000,-13000,197000
2011/11/23,0,139000,-131000,8000
2011/11/24,0,155000,-44000,111000
2011/11/25,0,28000,-77000,-49000
2011/11/28,0,35000,-1000,34000
2011/11/29,0,287742,-24000,263742
2011/11/30,0,244000,-77000,167000
2011/12/01,0,286000,0,286000
2011/12/02,0,77000,-68000,9000
2011/12/05,0,43000,-34000,9000
2011/12/06,0,248000,-246000,2000
2011/12/07,0,257000,0,257000
2011/12/08,0,115000,-48048,66952
2011/12/09,0,151000,-59000,92000
2011/12/12,0,62500,-7000,55500
2011/12/13,0,169000,-4000,165000
2011/12/14,0,3000,0,3000
2011/12/15,0,40001,-2000,38001
2011/12/16,0,61000,-19000,42000
2011/12/19,0,88307,-167000,-78693
2011/12/20,0,87000,0,87000
2011/12/21,0,180000,0,180000
2011/12/22,0,61881,-55000,6881
2011/12/23,0,83000,-135000,-52000
2011/12/26,0,60000,-19000,41000
2011/12/27,0,78000,-17000,61000
2011/12/28,0,100883,-6000,94883
2011/12/29,0,54000,-17000,37000
2011/12/30,0,41000,-36000,5000
2012/01/02,0,15000,-64000,-49000
2012/01/03,0,160000,-33049,126951
2012/01/04,0,80000,-83000,-3000
2012/01/05,0,90000,-40421,49579
2012/01/06,0,9000,-282000,-273000
2012/01/09,0,144000,-36000,108000
2012/01/10,0,153000,-220000,-67000
2012/01/11,0,48000,-19000,29000
2012/01/12,0,134000,-70000,64000
2012/01/13,0,90000,-10000,80000
2012/01/16,0,38000,-97000,-59000
2012/01/17,0,214000,-22000,192000
2012/01/18,0,36588,-200469,-163881
2012/01/19,0,0,0,0
2012/01/20,0,0,0,0
2012/01/23,0,0,0,0
2012/01/24,0,0,0,0
2012/01/25,0,0,0,0
2012/01/26,0,0,0,0
2012/01/27,0,0,0,0
2012/01/30,0,135000,-200000,-65000
2012/01/31,0,292000,-175000,117000
2012/02/01,0,122901,-117000,5901
2012/02/02,0,634588,-135000,499588
2012/02/03,0,138000,-133000,5000
2012/02/06,0,226000,-200000,26000
2012/02/07,0,369000,-284000,85000
2012/02/08,0,418205,-307000,111205
2012/02/09,0,85400,-31024,54376
2012/02/10,0,162000,-133000,29000
2012/02/13,0,110000,-27000,83000
2012/02/14,0,278000,-178000,100000
2012/02/15,0,199568,-17000,182568
2012/02/16,0,398000,-102000,296000
2012/02/17,0,429000,-28000,401000
2012/02/20,0,371000,-56000,315000
2012/02/21,0,71000,-20000,51000
2012/02/22,0,159000,-34000,125000
2012/02/23,0,84000,-92000,-8000
2012/02/24,0,109000,-462000,-353000
2012/02/27,0,0,0,0
2012/02/28,0,0,0,0
2012/02/29,0,213000,-1000,212000
2012/03/01,0,196000,-64000,132000
2012/03/02,0,56430,-189000,-132570
2012/03/05,0,11001,-37000,-25999
2012/03/06,0,123000,-447000,-324000
2012/03/07,0,126000,-37000,89000
2012/03/08,0,58000,-258267,-200267
2012/03/09,0,175000,-78000,97000
2012/03/12,0,31700,-146000,-114300
2012/03/13,0,255000,-381235,-126235
2012/03/14,0,120000,-7000,113000
2012/03/15,0,186000,-31000,155000
2012/03/16,0,299000,-32000,267000
2012/03/19,0,148000,-150000,-2000
2012/03/20,0,166000,-102000,64000
2012/03/21,0,74000,-85000,-11000
2012/03/22,0,163000,-18000,145000
2012/03/23,0,165000,-7000,158000
2012/03/26,0,121000,-220000,-99000
2012/03/27,0,124739,-106579,18160
2012/03/28,0,171652,-94000,77652
2012/03/29,0,199000,-624000,-425000
2012/03/30,0,252000,-407000,-155000
2012/04/02,0,2000,-303000,-301000
2012/04/03,0,411000,-198000,213000
2012/04/04,0,0,0,0
2012/04/05,0,505000,-124000,381000
2012/04/06,0,404000,-65000,339000
2012/04/09,0,270000,-61000,209000
2012/04/10,0,83000,-82000,1000
2012/04/11,0,97000,-104000,-7000
2012/04/12,0,226000,-491000,-265000
2012/04/13,0,318000,-1128000,-810000
2012/04/16,0,58000,-519000,-461000
2012/04/17,0,760000,-334384,425616
2012/04/18,0,349000,-149000,200000
2012/04/19,0,662000,-76000,586000
2012/04/20,0,728000,-241000,487000
2012/04/23,0,327000,-48000,279000
2012/04/24,0,651000,-67000,584000
2012/04/25,0,530000,-173000,357000
2012/04/26,0,269000,-116000,153000
2012/04/27,0,934000,-165000,769000
2012/04/30,0,46000,-230098,-184098
2012/05/01,0,0,0,0
2012/05/02,0,1706000,-276400,1429600
2012/05/03,0,422000,-143000,279000
2012/05/04,0,271000,-92000,179000
2012/05/07,0,210000,-78000,132000
2012/05/08,0,314000,-72000,242000
2012/05/09,0,883000,-79000,804000
2012/05/10,0,1008000,-98000,910000
2012/05/11,0,58000,-23000,35000
2012/05/14,0,495000,-36000,459000
2012/05/15,0,341000,-23000,318000
2012/05/16,0,379000,-352535,26465
2012/05/17,0,399000,-86000,313000
2012/05/18,0,40000,-47000,-7000
2012/05/21,0,163000,-38000,125000
2012/05/22,0,115000,-7000,108000
2012/05/23,0,248000,-77000,171000
2012/05/24,0,312000,-59000,253000
2012/05/25,0,327000,-100000,227000
2012/05/28,0,112000,-66000,46000
2012/05/29,0,258000,-53000,205000
2012/05/30,0,307000,-122760,184240
2012/05/31,0,924000,-214089,709911
2012/06/01,0,117000,-313155,-196155
2012/06/04,0,155000,-89000,66000
2012/06/05,0,260000,-19000,241000
2012/06/06,0,284000,-152000,132000
2012/06/07,0,848000,-194844,653156
2012/06/08,0,10000,-91000,-81000
2012/06/11,0,1113000,-52688,1060312
2012/06/12,0,596000,-130000,466000
2012/06/13,0,0,-66000,-66000
2012/06/14,0,371000,-37844,333156
2012/06/15,0,2687285,-588467,2098818
2012/06/18,0,2000,-5000,-3000
2012/06/19,0,322024,0,322024
2012/06/20,0,29000,0,29000
2012/06/21,0,153016,0,153016
2012/06/22,0,276000,-46000,230000
2012/06/25,0,316000,-6000,310000
2012/06/26,0,307210,-43000,264210
2012/06/27,0,99828,-4000,95828
2012/06/28,0,96631,0,96631
2012/06/29,0,131630,0,131630
2012/07/02,0,6000,-1000,5000
2012/07/03,0,223000,0,223000
2012/07/04,0,52000,0,52000
2012/07/05,0,76000,-1000,75000
2012/07/06,0,3000,-71000,-68000
2012/07/09,0,87000,-54000,33000
2012/07/10,0,226000,-78000,148000
2012/07/11,0,95000,-3000,92000
2012/07/12,0,9000,-115000,-106000
2012/07/13,0,35000,-103000,-68000
2012/07/16,0,38000,0,38000
2012/07/17,0,36000,-50000,-14000
2012/07/18,0,49000,-4000,45000
2012/07/19,0,73000,-1000,72000
2012/07/20,0,80000,-57000,23000
2012/07/23,0,102000,-58000,44000
2012/07/24,0,172000,-40000,132000
2012/07/25,0,20000,-20000,0
2012/07/26,0,216000,-26000,190000
2012/07/27,0,220000,0,220000
2012/07/30,0,73000,-7000,66000
2012/07/31,0,99000,-44000,55000
2012/08/01,0,240000,-40000,200000
2012/08/02,0,0,0,0
2012/08/03,0,381000,-19000,362000
2012/08/06,0,678000,-97000,581000
2012/08/07,0,225000,-165000,60000
2012/08/08,0,372000,-57000,315000
2012/08/09,0,320000,-60000,260000
2012/08/10,0,425000,-29000,396000
2012/08/13,0,20000,-69000,-49000
2012/08/14,0,163000,-69000,94000
2012/08/15,0,85000,0,85000
2012/08/16,0,128000,-17000,111000
2012/08/17,0,91000,-52000,39000
2012/08/20,0,54000,-413000,-359000
2012/08/21,0,115000,-23000,92000
2012/08/22,0,52000,-1000,51000
2012/08/23,0,34000,-290000,-256000
2012/08/24,0,71000,-385000,-314000
2012/08/27,0,267000,-184000,83000
2012/08/28,0,22000,-254758,-232758
2012/08/29,0,147000,-15000,132000
2012/08/30,0,140000,-406000,-266000
2012/08/31,0,206000,-207000,-1000
2012/09/03,0,574000,-3000,571000
2012/09/04,0,266000,-288577,-22577
2012/09/05,0,114000,-164321,-50321
2012/09/06,0,40000,-784000,-744000
2012/09/07,0,47000,-582000,-535000
2012/09/10,0,23000,-498924,-475924
2012/09/11,0,12000,-58000,-46000
2012/09/12,0,212000,-77000,135000
2012/09/13,0,128000,-645452,-517452
2012/09/14,0,51000,-590735,-539735
2012/09/17,0,75000,-1272000,-1197000
2012/09/18,0,56000,-2828558,-2772558
2012/09/19,0,320000,-316000,4000
2012/09/20,0,161000,-1196321,-1035321
2012/09/21,0,273000,-92000,181000
2012/09/24,0,608000,-2000,606000
2012/09/25,0,237000,-314986,-77986
2012/09/26,0,82000,-241000,-159000
2012/09/27,0,235000,-748057,-513057
2012/09/28,0,364000,-88000,276000
2012/10/01,0,206000,-132000,74000
2012/10/02,0,77200,-199000,-121800
2012/10/03,0,253000,-17000,236000
2012/10/04,0,36000,-358000,-322000
2012/10/05,0,119000,-1068000,-949000
2012/10/08,0,525000,-105000,420000
2012/10/09,0,530000,-117000,413000
2012/10/10,0,0,0,0
2012/10/11,0,216000,0,216000
2012/10/12,0,90000,-167000,-77000
2012/10/15,0,228000,-124200,103800
2012/10/16,0,54000,-243091,-189091
2012/10/17,0,82000,-63000,19000
2012/10/18,0,90000,-123000,-33000
2012/10/19,0,0,-288000,-288000
2012/10/22,0,32000,-138000,-106000
2012/10/23,0,0,-63000,-63000
2012/10/24,0,20000,-217000,-197000
2012/10/25,0,9000,-163000,-154000
2012/10/26,0,78000,-243265,-165265
2012/10/29,0,163000,-93000,70000
2012/10/30,0,91000,-61000,30000
2012/10/31,0,21000,-67000,-46000
2012/11/01,0,206000,-5000,201000
2012/11/02,0,95000,-117000,-22000
2012/11/05,0,71000,-28000,43000
2012/11/06,0,207000,-26000,181000
2012/11/07,0,142000,-145000,-3000
2012/11/08,0,52000,-30000,22000
2012/11/09,0,65000,-82000,-17000
2012/11/12,0,114000,-6000,108000
2012/11/13,0,55000,-180000,-125000
2012/11/14,0,8000,-40738,-32738
2012/11/15,0,57000,-21000,36000
2012/11/16,0,112000,-39000,73000
2012/11/19,0,209000,-107000,102000
2012/11/20,0,67000,-125000,-58000
2012/11/21,0,185000,-430000,-245000
2012/11/22,0,37000,-20000,17000
2012/11/23,0,328000,-22000,306000
2012/11/26,0,475000,-34000,441000
2012/11/27,0,73000,-98000,-25000
2012/11/28,0,45000,-33000,12000
2012/11/29,0,433000,-41000,392000
2012/11/30,0,242000,-70371,171629
2012/12/03,0,425000,-12000,413000
2012/12/04,0,482000,-7000,475000
2012/12/05,0,42000,-24000,18000
2012/12/06,0,72000,-28000,44000
2012/12/07,0,468000,-73000,395000
2012/12/10,0,84000,-152000,-68000
2012/12/11,0,275000,-167000,108000
2012/12/12,0,461000,-251000,210000
2012/12/13,0,335000,-224000,111000
2012/12/14,0,607000,-200000,407000
2012/12/17,0,140000,-69371,70629
2012/12/18,0,246000,-169000,77000
2012/12/19,0,177000,-48000,129000
2012/12/20,0,103000,-31000,72000
2012/12/21,0,19000,-277000,-258000
2012/12/24,0,10000,-48000,-38000
2012/12/25,0,74000,-32000,42000
2012/12/26,0,101000,-10000,91000
2012/12/27,0,97000,-568000,-471000
2012/12/28,0,50000,0,50000
2012/12/31,0,0,0,0
2013/01/01,0,0,0,0
2013/01/02,0,185000,-18000,167000
2013/01/03,0,62000,-87000,-25000
2013/01/04,0,127000,-43000,84000
2013/01/07,0,42000,-38000,4000
2013/01/08,0,53000,-110000,-57000
2013/01/09,0,51000,-337000,-286000
2013/01/10,0,212000,-153000,59000
2013/01/11,0,69000,-103000,-34000
2013/01/14,0,29000,-262000,-233000
2013/01/15,0,323000,-236000,87000
2013/01/16,0,19000,-117000,-98000
2013/01/17,0,69000,-628000,-559000
2013/01/18,0,541000,-10000,531000
2013/01/21,0,143000,-12000,131000
2013/01/22,0,287000,-177958,109042
2013/01/23,0,38000,-34000,4000
2013/01/24,0,172000,-37000,135000
2013/01/25,0,40000,-395239,-355239
2013/01/28,0,99000,0,99000
2013/01/29,0,214000,-268680,-54680
2013/01/30,0,237000,-4000,233000
2013/01/31,0,166000,-433185,-267185
2013/02/01,0,221000,-5000,216000
2013/02/04,0,138000,-497000,-359000
2013/02/05,0,216000,-345000,-129000
2013/02/06,0,162000,-23000,139000
2013/02/07,0,0,0,0
2013/02/08,0,0,0,0
2013/02/11,0,0,0,0
2013/02/12,0,0,0,0
2013/02/13,0,0,0,0
2013/02/14,0,0,0,0
2013/02/15,0,0,0,0
2013/02/18,0,70000,-15000,55000
2013/02/19,0,280000,-52000,228000
2013/02/20,0,104000,-37000,67000
2013/02/21,0,318199,-8000,310199
2013/02/22,0,171000,-2000,169000
2013/02/25,0,24000,-36000,-12000
2013/02/26,0,143000,-11000,132000
2013/02/27,0,73000,-39000,34000
2013/02/28,0,0,0,0
2013/03/01,0,37000,-182000,-145000
2013/03/04,0,191000,-101000,90000
2013/03/05,0,35000,-49000,-14000
2013/03/06,0,22000,-18000,4000
2013/03/07,0,37000,-17000,20000
2013/03/08,0,6000,-61000,-55000
2013/03/11,0,268000,-7000,261000
2013/03/12,0,25000,-76000,-51000
2013/03/13,0,29000,-16000,13000
2013/03/14,0,28000,-63000,-35000
2013/03/15,0,22000,-167949,-145949
2013/03/18,0,175000,-32000,143000
2013/03/19,0,49000,-54000,-5000
2013/03/20,0,74000,-91000,-17000
2013/03/21,0,16303,-30000,-13697
2013/03/22,0,174000,-7000,167000
2013/03/25,0,1000,-146000,-145000
2013/03/26,0,37044,-467871,-430827
2013/03/27,0,73000,-261000,-188000
2013/03/28,0,83005,-11000,72005
2013/03/29,0,13000,-23000,-10000
2013/04/01,0,2000,-13000,-11000
2013/04/02,0,11000,-196000,-185000
2013/04/03,0,92000,-523262,-431262
2013/04/04,0,0,0,0
2013/04/05,0,0,0,0
2013/04/08,0,370964,-175000,195964
2013/04/09,0,17300,-276110,-258810
2013/04/10,0,97255,-262000,-164745
2013/04/11,0,69000,-196000,-127000
2013/04/12,0,39000,-347000,-308000
2013/04/15,0,52000,-82000,-30000
2013/04/16,0,124000,-96000,28000
2013/04/17,0,262000,-202017,59983
2013/04/18,0,259000,-18000,241000
2013/04/19,0,106000,-33000,73000
2013/04/22,0,101000,-414794,-313794
2013/04/23,0,156760,-271000,-114240
2013/04/24,0,172000,-21000,151000
2013/04/25,0,141000,-325013,-184013
2013/04/26,0,96584,-67000,29584
2013/04/29,0,52000,-42000,10000
2013/04/30,0,238000,-12000,226000
2013/05/01,0,0,0,0
2013/05/02,0,74378,-241964,-167586
2013/05/03,0,49000,-5000,44000
2013/05/06,0,214286,-140000,74286
2013/05/07,0,77971,-2000,75971
2013/05/08,0,251659,-194732,56927
2013/05/09,0,157009,-1318,155691
2013/05/10,0,297000,-182000,115000
2013/05/13,0,146000,-257000,-111000
2013/05/14,0,106904,-472067,-365163
2013/05/15,0,98148,-237000,-138852
2013/05/16,0,56000,-318000,-262000
2013/05/17,0,54000,-184000,-130000
2013/05/20,0,427000,-109000,318000
2013/05/21,0,2000,-93000,-91000
2013/05/22,0,30000,-85000,-55000
2013/05/23,0,8000,-44000,-36000
2013/05/24,0,0,-36000,-36000
2013/05/27,0,302000,-182000,120000
2013/05/28,0,474000,-25000,449000
2013/05/29,0,511000,-53000,458000
2013/05/30,0,146000,-37000,109000
2013/05/31,0,302000,-37000,265000
2013/06/03,0,210000,-100000,110000
2013/06/04,0,340000,-151000,189000
2013/06/05,0,97000,-133000,-36000
2013/06/06,0,355000,-311454,43546
2013/06/07,0,419000,-101000,318000
2013/06/10,0,369000,-42000,327000
2013/06/11,0,79000,-209000,-130000
2013/06/12,0,0,0,0
2013/06/13,0,215000,-227000,-12000
2013/06/14,0,216000,-54000,162000
2013/06/17,0,252000,-38000,214000
2013/06/18,0,549000,-34000,515000
2013/06/19,0,58000,-41000,17000
2013/06/20,0,134000,-72000,62000
2013/06/21,0,1279000,-2513000,-1234000
2013/06/24,0,706000,-820000,-114000
2013/06/25,0,284000,-192315,91685
2013/06/26,0,563000,-460000,103000
2013/06/27,0,183000,-73000,110000
2013/06/28,0,237000,-36000,201000
2013/07/01,0,135000,-37000,98000
2013/07/02,0,338000,-86456,251544
2013/07/03,0,235000,-75000,160000
2013/07/04,0,46000,-83000,-37000
2013/07/05,0,56000,-37000,19000
2013/07/08,0,110000,-17000,93000
2013/07/09,0,48000,-17000,31000
2013/07/10,0,166000,-37000,129000
2013/07/11,0,155000,-51000,104000
2013/07/12,0,86000,-41000,45000
2013/07/15,0,129000,-181000,-52000
2013/07/16,0,113000,-96000,17000
2013/07/17,0,64000,-45000,19000
2013/07/18,0,49000,-246801,-197801
2013/07/19,0,12000,-56000,-44000
2013/07/22,0,131000,-46000,85000
2013/07/23,0,601000,-31000,570000
2013/07/24,0,72000,-64893,7107
2013/07/25,0,154000,-1000,153000
2013/07/26,0,43000,-9000,34000
2013/07/29,0,69000,-122000,-53000
2013/07/30,0,319000,-6000,313000
2013/07/31,0,83000,-123000,-40000
2013/08/01,0,242000,-11000,231000
2013/08/02,0,80000,-5000,75000
2013/08/05,0,41000,-19000,22000
2013/08/06,0,45000,-48000,-3000
2013/08/07,0,30000,-8000,22000
2013/08/08,0,23000,-70000,-47000
2013/08/09,0,34000,-163000,-129000
2013/08/12,0,25000,-154029,-129029
2013/08/13,0,122000,-253000,-131000
2013/08/14,0,46000,-67000,-21000
2013/08/15,0,92000,-87000,5000
2013/08/16,0,120000,-270000,-150000
2013/08/19,0,75000,-49000,26000
2013/08/20,0,30000,-339613,-309613
2013/08/21,0,0,0,0
2013/08/22,0,58000,-356000,-298000
2013/08/23,0,31000,-20000,11000
2013/08/26,0,89000,-16000,73000
2013/08/27,0,191000,-399000,-208000
2013/08/28,0,77000,-448000,-371000
2013/08/29,0,80000,-187387,-107387
2013/08/30,0,164000,-540000,-376000
2013/09/02,0,20000,-93000,-73000
2013/09/03,0,218000,-37000,181000
2013/09/04,0,71000,-257000,-186000
2013/09/05,0,153000,-272000,-119000
2013/09/06,0,66000,-469000,-403000
2013/09/09,0,48000,-157000,-109000
2013/09/10,0,368000,-115000,253000
2013/09/11,0,207000,-267000,-60000
2013/09/12,0,160000,-111337,48663
2013/09/13,0,264000,-255000,9000
2013/09/16,0,155000,-42000,113000
2013/09/17,0,24000,-351197,-327197
2013/09/18,0,52000,-405000,-353000
2013/09/19,0,0,0,0
2013/09/20,0,0,0,0
2013/09/23,0,203000,0,203000
2013/09/24,0,71000,-356815,-285815
2013/09/25,0,96000,-605000,-509000
2013/09/26,0,3000,-796284,-793284
2013/09/27,0,32000,-107000,-75000
2013/09/30,0,202000,-482000,-280000
2013/10/01,0,45000,-451000,-406000
2013/10/02,0,68000,-315000,-247000
2013/10/03,0,65000,-326123,-261123
2013/10/04,0,3000,-182000,-179000
2013/10/07,0,46000,-74000,-28000
2013/10/08,0,243000,-192000,51000
2013/10/09,0,1000,-986000,-985000
2013/10/10,0,0,0,0
2013/10/11,0,126000,-1270101,-1144101
2013/10/14,0,90000,-81000,9000
2013/10/15,0,89000,-515000,-426000
2013/10/16,0,463000,-180000,283000
2013/10/17,0,67000,-370000,-303000
2013/10/18,0,83000,0,83000
2013/10/21,0,103000,-182000,-79000
2013/10/22,0,21000,-34000,-13000
2013/10/23,0,47000,-7000,40000
2013/10/24,0,148000,-10000,138000
2013/10/25,0,80000,-10000,70000
2013/10/28,0,64000,-23000,41000
2013/10/29,0,88000,-20000,68000
2013/10/30,0,57000,0,57000
2013/10/31,0,40000,0,40000
2013/11/01,0,13000,-16000,-3000
2013/11/04,0,5000,-86000,-81000
2013/11/05,0,52000,-75000,-23000
2013/11/06,0,41000,-30000,11000
2013/11/07,0,48000,-70000,-22000
2013/11/08,0,53000,-48000,5000
2013/11/11,0,62000,-16000,46000
2013/11/12,0,218000,-178000,40000
2013/11/13,0,7000,-63000,-56000
2013/11/14,0,260000,-584000,-324000
2013/11/15,0,95000,-332000,-237000
2013/11/18,0,30000,-168000,-138000
2013/11/19,0,38000,-242000,-204000
2013/11/20,0,40000,-12000,28000
2013/11/21,0,25000,-28000,-3000
2013/11/22,0,110000,-14000,96000
2013/11/25,0,46000,-11000,35000
2013/11/26,0,157000,-50248,106752
2013/11/27,0,89000,-27000,62000
2013/11/28,0,161000,-9000,152000
2013/11/29,0,205000,-5000,200000
2013/12/02,0,23000,-47000,-24000
2013/12/03,0,289000,-124000,165000
2013/12/04,0,264000,-125000,139000
2013/12/05,0,109000,-406000,-297000
2013/12/06,0,130000,-1000,129000
2013/12/09,0,135000,-594000,-459000
2013/12/10,0,212000,-18000,194000
2013/12/11,0,228000,-16000,212000
2013/12/12,0,0,-3000,-3000
2013/12/13,0,5000,-50000,-45000
2013/12/16,0,1001,-390827,-389826
2013/12/17,0,2000,-95000,-93000
2013/12/18,0,27000,-36000,-9000
2013/12/19,0,11000,-216000,-205000
2013/12/20,0,109000,-19000,90000
2013/12/23,0,15000,-3000,12000
2013/12/24,0,1000,0,1000
2013/12/25,0,6000,-35000,-29000
2013/12/26,0,7000,0,7000
2013/12/27,0,17000,0,17000
2013/12/30,0,58000,-22001,35999
2013/12/31,0,30000,-24000,6000
2014/01/02,0,36000,-31000,5000
2014/01/03,0,55000,-5000,50000
2014/01/06,0,100000,-179929,-79929
2014/01/07,0,98000,-12000,86000
2014/01/08,0,63000,-107000,-44000
2014/01/09,0,65000,-62000,3000
2014/01/10,0,92000,-31000,61000
2014/01/13,0,239000,-31000,208000
2014/01/14,0,765000,-96000,669000
2014/01/15,0,159000,-137000,22000
2014/01/16,0,494000,-7000,487000
2014/01/17,0,63000,-19000,44000
2014/01/20,0,32000,-14000,18000
2014/01/21,0,90000,-20000,70000
2014/01/22,0,477000,0,477000
2014/01/23,0,228000,-21000,207000
2014/01/24,0,294000,-1000,293000
2014/01/27,0,209000,-78000,131000
2014/02/05,0,653000,-410291,242709
2014/02/06,0,537000,-159000,378000
2014/02/07,0,1682000,-317879,1364121
2014/02/10,0,223000,-441000,-218000
2014/02/11,0,129000,-40000,89000
2014/02/12,0,91000,-178000,-87000
2014/02/13,0,88000,-304428,-216428
2014/02/14,0,197000,-114000,83000
2014/02/17,0,77000,-2000,75000
2014/02/18,0,64000,-187675,-123675
2014/02/19,0,187001,-272000,-84999
2014/02/20,0,197000,-278547,-81547
2014/02/21,0,222000,-157000,65000
2014/02/24,0,219000,-110000,109000
2014/02/25,0,38000,-128000,-90000
2014/02/26,0,143000,-214000,-71000
2014/02/27,0,133000,-1000,132000
2014/03/03,0,23000,-29000,-6000
2014/03/04,0,0,-44000,-44000
2014/03/05,0,34000,-5000,29000
2014/03/06,0,157000,-42000,115000
2014/03/07,0,97000,-156000,-59000
2014/03/10,0,78000,-81000,-3000
2014/03/11,0,452000,0,452000
2014/03/12,0,205000,-10000,195000
2014/03/13,0,143000,-218000,-75000
2014/03/14,0,128000,-283172,-155172
2014/03/17,0,122000,-11000,111000
2014/03/18,0,294000,-124000,170000
2014/03/19,0,136000,-23000,113000
2014/03/20,0,387000,-34000,353000
2014/03/21,0,124000,-90000,34000
2014/03/24,0,203000,-74000,129000
2014/03/25,0,182000,-44000,138000
2014/03/26,0,307000,-116000,191000
2014/03/27,0,147000,-10000,137000
2014/03/28,0,460000,-145000,315000
2014/03/31,0,86000,-7000,79000
2014/04/01,0,115000,-38000,77000
2014/04/02,0,317000,-228000,89000
2014/04/03,0,1359000,-189000,1170000
2014/04/07,0,373000,-7000,366000
2014/04/08,0,265000,-175000,90000
2014/04/09,0,369000,-206000,163000
2014/04/10,0,519000,-4000,515000
2014/04/11,0,188000,-11000,177000
2014/04/14,0,125000,-2000,123000
2014/04/15,0,197000,-33000,164000
2014/04/16,0,339000,-13000,326000
2014/04/17,0,123000,-23000,100000
2014/04/18,0,8000,-31000,-23000
2014/04/21,0,68000,-4000,64000
2014/04/22,0,159000,-47000,112000
2014/04/23,0,350000,-11000,339000
2014/04/24,0,57000,-50000,7000
2014/04/25,0,91000,-110000,-19000
2014/04/28,0,195000,-44000,151000
2014/04/29,0,127000,-42000,85000
2014/04/30,0,119000,-56000,63000
2014/05/02,0,199000,-52000,147000
2014/05/05,0,60000,-60000,0
2014/05/06,0,124000,-4000,120000
2014/05/07,0,49000,-135000,-86000
2014/05/08,0,233000,-756164,-523164
2014/05/09,0,148000,-11687,136313
2014/05/12,0,11000,-180000,-169000
2014/05/13,0,149000,-303000,-154000
2014/05/14,0,48000,-314000,-266000
2014/05/15,0,39000,-37000,2000
2014/05/16,0,33000,-118000,-85000
2014/05/19,0,89000,-4000,85000
2014/05/20,0,53010,-14017,38993
2014/05/21,0,90000,-13000,77000
2014/05/22,0,142000,-18000,124000
2014/05/23,0,140000,-245567,-105567
2014/05/26,0,5000,-18000,-13000
2014/05/27,0,51000,0,51000
2014/05/28,0,277000,-20000,257000
2014/05/29,0,58000,-32674,25326
2014/05/30,0,169000,-10000,159000
2014/06/03,0,132000,0,132000
2014/06/04,0,82000,-35000,47000
2014/06/05,0,278000,-144916,133084
2014/06/06,0,307000,-14000,293000
2014/06/09,0,116000,-42000,74000
2014/06/10,0,70007,-45000,25007
2014/06/11,0,504000,-12000,492000
2014/06/12,0,65000,-60000,5000
2014/06/13,0,159000,-20000,139000
2014/06/16,0,196000,-17000,179000
2014/06/17,0,390000,-143338,246662
2014/06/18,0,450000,-6000,444000
2014/06/19,0,741000,-261000,480000
2014/06/20,0,86000,-134806,-48806
2014/06/23,0,91000,-47000,44000
2014/06/24,0,137000,-22000,115000
2014/06/25,0,935000,-77811,857189
2014/06/26,0,344000,-64000,280000
2014/06/27,0,41000,-39000,2000
2014/06/30,0,45000,0,45000
2014/07/01,0,508000,-6000,502000
2014/07/02,0,42000,-165448,-123448
2014/07/03,0,155000,-157000,-2000
2014/07/04,0,25000,-259000,-234000
2014/07/07,0,86000,-44000,42000
2014/07/08,0,799000,-15000,784000
2014/07/09,0,980000,-89000,891000
2014/07/10,0,406000,-113000,293000
2014/07/11,0,533000,-79000,454000
2014/07/14,0,317000,-89689,227311
2014/07/15,0,139804,-47000,92804
2014/07/16,0,403000,-563000,-160000
2014/07/17,0,290000,-377000,-87000
2014/07/18,0,453000,-153000,300000
2014/07/21,0,590000,-367000,223000
2014/07/22,0,56000,-341000,-285000
2014/07/23,0,0,0,0
2014/07/24,0,1109000,-296919,812081
2014/07/25,0,804000,-14000,790000
2014/07/28,0,217000,-129000,88000
2014/07/29,0,727000,-62000,665000
2014/07/30,0,541000,-11000,530000
2014/07/31,0,772000,-53000,719000
2014/08/01,0,505000,-229000,276000
2014/08/04,0,468000,-173000,295000
2014/08/05,0,309000,-444573,-135573
2014/08/06,0,566000,-177000,389000
2014/08/07,0,281000,-431836,-150836
2014/08/08,0,669000,-81000,588000
2014/08/11,0,700000,-253000,447000
2014/08/12,0,216000,-80000,136000
2014/08/13,0,397000,-79000,318000
2014/08/14,0,188000,-56562,131438
2014/08/15,0,263000,-57000,206000
2014/08/18,0,215000,-72000,143000
2014/08/19,0,201000,-205270,-4270
2014/08/20,0,156000,-31000,125000
2014/08/21,0,320000,-184000,136000
2014/08/22,0,218000,-503000,-285000
2014/08/25,0,354000,-131000,223000
2014/08/26,0,956000,-288012,667988
2014/08/27,0,195000,-687000,-492000
2014/08/28,0,320000,-165766,154234
2014/08/29,0,280000,-131000,149000
2014/09/01,0,478000,-92000,386000
2014/09/02,0,265000,-367949,-102949
2014/09/03,0,546000,-178000,368000
2014/09/04,0,304000,-74000,230000
2014/09/05,0,473000,-332000,141000
2014/09/09,0,136000,-243000,-107000
2014/09/10,0,79000,-247000,-168000
2014/09/11,0,340000,-254000,86000
2014/09/12,0,251000,-246000,5000
2014/09/15,0,277000,-13000,264000
2014/09/16,0,178000,-40000,138000
2014/09/17,0,136000,-145000,-9000
2014/09/18,0,1705686,-57000,1648686
2014/09/19,0,824000,-237000,587000
2014/09/22,0,694000,-232000,462000
2014/09/23,0,458000,-169000,289000
2014/09/24,0,690000,-458000,232000
2014/09/25,0,981000,-352000,629000
2014/09/26,0,652000,-54000,598000
2014/09/29,0,1047000,-135000,912000
2014/09/30,0,1105000,-389000,716000
2014/10/01,0,531000,-93000,438000
2014/10/02,0,1304000,-89000,1215000
2014/10/03,0,604000,-144000,460000
2014/10/06,0,272000,-152000,120000
2014/10/07,0,1439000,-183000,1256000
2014/10/08,0,1466222,-933222,533000
2014/10/09,0,1010000,-454000,556000
2014/10/13,0,564000,-193000,371000
2014/10/14,0,1093000,-464000,629000
2014/10/15,0,340000,-672000,-332000
2014/10/16,0,1022000,-332000,690000
2014/10/17,0,284000,-776000,-492000
2014/10/20,0,864000,-402000,462000
2014/10/21,0,739000,-392000,347000
2014/10/22,0,490000,-384000,106000
2014/10/23,0,58000,-193000,-135000
2014/10/24,0,223000,-553000,-330000
2014/10/27,0,414000,-179624,234376
2014/10/28,0,1040000,-263000,777000
2014/10/29,0,642000,-87000,555000
2014/10/30,0,100000,-199000,-99000
2014/10/31,0,631000,-224000,407000
2014/11/03,0,287000,-283000,4000
2014/11/04,0,591000,-399000,192000
2014/11/05,0,326000,-827000,-501000
2014/11/06,0,427000,-46000,381000
2014/11/07,0,403000,-240712,162288
2014/11/10,0,637000,-204000,433000
2014/11/11,0,513000,-35000,478000
2014/11/12,0,510000,-240000,270000
2014/11/13,0,185000,-54000,131000
2014/11/14,0,1143000,-28000,1115000
2014/11/17,0,960000,-430000,530000
2014/11/18,0,732000,-967000,-235000
2014/11/19,0,2266000,-57000,2209000
2014/11/20,0,1646000,-514000,1132000
2014/11/21,0,312000,-341000,-29000
2014/11/24,0,209000,-296000,-87000
2014/11/25,0,525000,-42000,483000
2014/11/26,0,540000,-27000,513000
2014/11/27,0,1152000,-100000,1052000
2014/11/28,0,760000,-113000,647000
2014/12/01,0,220000,-204423,15577
2014/12/02,0,246000,-164000,82000
2014/12/03,0,2780000,-94000,2686000
2014/12/04,0,900678,-260000,640678
2014/12/05,0,2108000,-367000,1741000
2014/12/08,0,125698,-792000,-666302
2014/12/09,0,1429000,-148000,1281000
2014/12/10,0,367809,-221000,146809
2014/12/11,0,962000,-56000,906000
2014/12/12,0,623000,-212000,411000
2014/12/15,0,481000,-247000,234000
2014/12/16,0,740000,-324000,416000
2014/12/17,0,588000,-301000,287000
2014/12/18,0,759000,-141000,618000
2014/12/19,0,1213000,-530903,682097
2014/12/22,0,216000,-89000,127000
2014/12/23,0,842000,-30000,812000
2014/12/24,0,39000,-526000,-487000
2014/12/25,0,48000,-210000,-162000
2014/12/26,0,102000,-37000,65000
2014/12/29,0,334000,-68000,266000
2014/12/30,0,224000,-129000,95000
2014/12/31,0,52000,-37000,15000
2015/01/01,0,0,0,0
2015/01/02,0,0,0,0
2015/01/05,0,240000,-274000,-34000
2015/01/06,0,550000,-457000,93000
2015/01/07,0,673000,-232000,441000
2015/01/08,0,385000,-267211,117789
2015/01/09,0,1430000,-168000,1262000
2015/01/12,0,113000,-745490,-632490
2015/01/13,0,874000,-157000,717000
2015/01/14,0,192000,-149023,42977
2015/01/15,0,464000,-175000,289000
2015/01/16,0,656000,-462861,193139
2015/01/19,0,550001,-75000,475001
2015/01/20,0,357000,-114000,243000
2015/01/21,0,112000,-324926,-212926
2015/01/22,0,748000,-281902,466098
2015/01/23,0,596000,-1050000,-454000
2015/01/26,0,156000,-177000,-21000
2015/01/27,0,476000,-823007,-347007
2015/01/28,0,758000,-132000,626000
2015/01/29,0,899000,-797417,101583
2015/01/30,0,738000,-44000,694000
2015/02/02,0,1000400,-900419,99981
2015/02/03,0,1385000,-127000,1258000
2015/02/04,0,874000,-1242851,-368851
2015/02/05,0,1336000,-209000,1127000
2015/02/06,0,884000,-574272,309728
2015/02/09,0,890000,-305481,584519
2015/02/10,0,921000,-609000,312000
2015/02/11,0,765001,-418000,347001
2015/02/12,0,984000,-623000,361000
2015/02/13,0,785000,-529000,256000
2015/02/16,0,0,0,0
2015/02/17,0,0,0,0
2015/02/18,0,0,0,0
2015/02/19,0,0,0,0
2015/02/20,0,0,0,0
2015/02/23,0,0,0,0
2015/02/24,0,1306000,-624000,682000
2015/02/25,0,414000,-803675,-389675
2015/02/26,0,283000,-1354000,-1071000
2015/02/27,0,0,0,0
2015/03/02,0,594000,-780336,-186336
2015/03/03,0,307000,-635000,-328000
2015/03/04,0,1037000,-1111615,-74615
2015/03/05,0,1608000,-430000,1178000
2015/03/06,0,552000,-1316210,-764210
2015/03/09,0,829000,-582000,247000
2015/03/10,0,1429000,-1182237,246763
2015/03/11,0,966000,-573000,393000
2015/03/12,0,436000,-854260,-418260
2015/03/13,0,2015000,-349000,1666000
2015/03/16,0,1201000,-1246997,-45997
2015/03/17,0,1354000,-1352357,1643
2015/03/18,0,475000,-881118,-406118
2015/03/19,0,468000,-1554509,-1086509
2015/03/20,0,1202000,-458000,744000
2015/03/23,0,507000,-1510448,-1003448
2015/03/24,0,222000,-732000,-510000
2015/03/25,0,199000,-1755000,-1556000
2015/03/26,0,204000,-1875129,-1671129
2015/03/27,0,3528475,-2033000,1495475
2015/03/30,0,791000,-666074,124926
2015/03/31,0,756000,-987000,-231000
2015/04/01,0,561000,-606000,-45000
2015/04/02,0,614000,-1445000,-831000
2015/04/03,0,0,0,0
2015/04/06,0,0,0,0
2015/04/07,0,140000,-404000,-264000
2015/04/08,0,860000,-1339767,-479767
2015/04/09,0,1518000,-1418630,99370
2015/04/10,0,1802000,-284000,1518000
2015/04/13,0,935830,-257000,678830
2015/04/14,0,44000,-600453,-556453
2015/04/15,0,48000,-897000,-849000
2015/04/16,0,617000,-176000,441000
2015/04/17,0,227000,-265000,-38000
2015/04/20,0,386000,-35000,351000
2015/04/21,0,575000,-376000,199000
2015/04/22,0,1624000,-310019,1313981
2015/04/23,0,187061,-567000,-379939
2015/04/24,0,408000,-287404,120596
2015/04/27,0,1350840,-498000,852840
2015/04/28,0,724000,-929707,-205707
2015/04/29,0,743000,-221000,522000
2015/04/30,0,961000,-527000,434000
2015/05/01,0,0,0,0
2015/05/04,0,86000,-181000,-95000
2015/05/05,0,67000,-272000,-205000
2015/05/06,0,632000,-467000,165000
2015/05/07,0,281000,-1223776,-942776
2015/05/08,0,407000,-906000,-499000
2015/05/11,0,342000,-517000,-175000
2015/05/12,0,1603000,-413000,1190000
2015/05/13,0,395955,-1154000,-758045
2015/05/14,0,313684,-481347,-167663
2015/05/15,0,260000,-770000,-510000
2015/05/18,0,215772,-231000,-15228
2015/05/19,0,306000,-397191,-91191
2015/05/20,0,632000,-526000,106000
2015/05/21,0,62000,-549352,-487352
2015/05/22,0,47000,-636767,-589767
2015/05/25,0,218000,-347000,-129000
2015/05/26,0,512000,-374967,137033
2015/05/27,0,971000,-204547,766453
2015/05/28,0,179000,-433889,-254889
2015/05/29,0,506000,-716000,-210000
2015/06/01,0,308719,-78000,230719
2015/06/02,0,488000,-917037,-429037
2015/06/03,0,147000,-659000,-512000
2015/06/04,0,473000,-756426,-283426
2015/06/05,0,902000,-306000,596000
2015/06/08,0,177000,-425000,-248000
2015/06/09,0,516000,-404251,111749
2015/06/10,0,495000,-213000,282000
2015/06/11,0,160000,-513826,-353826
2015/06/12,0,175000,-109000,66000
2015/06/15,0,365000,-407053,-42053
2015/06/16,0,1080000,-1081815,-1815
2015/06/17,0,561000,-819000,-258000
2015/06/18,0,488000,-373000,115000
2015/06/19,0,0,0,0
2015/06/22,0,98000,-1199000,-1101000
2015/06/23,0,96000,-620000,-524000
2015/06/24,0,106000,-988000,-882000
2015/06/25,0,211000,-857000,-646000
2015/06/26,0,1790000,-146000,1644000
2015/06/29,0,1952000,-1307000,645000
2015/06/30,0,1405000,-2356000,-951000
2015/07/01,0,1397000,-1061000,336000
2015/07/02,0,1183000,-633000,550000
2015/07/03,0,262000,-3935000,-3673000
2015/07/06,0,1717000,-2258000,-541000
2015/07/07,0,1010000,-757691,252309
2015/07/08,0,1776000,-1045000,731000
2015/07/09,0,1339000,-504000,835000
2015/07/10,0,0,0,0
2015/07/13,0,1044000,-1129000,-85000
2015/07/14,0,1025000,-1150000,-125000
2015/07/15,0,1607000,-1014000,593000
2015/07/16,0,4591136,-1264000,3327136
2015/07/17,0,777000,-2179000,-1402000
2015/07/20,0,1337000,-477000,860000
2015/07/21,0,755061,-955000,-199939
2015/07/22,0,1220000,-608000,612000
2015/07/23,0,634000,-430000,204000
2015/07/24,0,939000,-53000,886000
2015/07/27,0,1193000,-753000,440000
2015/07/28,0,1076000,-526312,549688
2015/07/29,0,1821000,-701000,1120000
2015/07/30,0,1004000,-1902000,-898000
2015/07/31,0,529020,-574000,-44980
2015/08/03,0,1211000,-975000,236000
2015/08/04,0,1504000,-2104000,-600000
2015/08/05,0,2818000,-685000,2133000
2015/08/06,0,3130000,-1736000,1394000
2015/08/07,0,1938000,-516000,1422000
2015/08/10,0,1561000,-349000,1212000
2015/08/11,0,654000,-793000,-139000
2015/08/12,0,1543000,-514000,1029000
2015/08/13,0,1617000,-149000,1468000
2015/08/14,0,252600,-453000,-200400
2015/08/17,0,1239000,-646000,593000
2015/08/18,0,1521127,-1046000,475127
2015/08/19,0,1289000,-445000,844000
2015/08/20,0,1739000,-514703,1224297
2015/08/21,0,2366000,-1011000,1355000
2015/08/24,0,1047000,-1171000,-124000
2015/08/25,0,3913000,-691982,3221018
2015/08/26,0,1521000,-1245000,276000
2015/08/27,0,728000,-1104890,-376890
2015/08/28,0,734000,-503000,231000
2015/08/31,0,618000,-251000,367000
2015/09/01,0,881000,-740945,140055
2015/09/02,0,305000,-293000,12000
2015/09/03,0,592000,-433000,159000
2015/09/04,0,313191,-530782,-217591
2015/09/07,0,617000,-350000,267000
2015/09/08,0,653000,-221000,432000
2015/09/09,0,1232000,-192000,1040000
2015/09/10,0,1722721,-217000,1505721
2015/09/11,0,767000,-132000,635000
2015/09/14,0,5000,-750671,-745671
2015/09/15,0,1096000,-376000,720000
2015/09/16,0,730000,-899000,-169000
2015/09/17,0,1461000,-614562,846438
2015/09/18,0,2061908,-615000,1446908
2015/09/21,0,2821000,-1381762,1439238
2015/09/22,0,1722000,-864362,857638
2015/09/23,0,455000,-806000,-351000
2015/09/24,0,585000,-232000,353000
2015/09/25,0,479355,-465000,14355
2015/09/28,0,0,0,0
2015/09/29,0,0,0,0
2015/09/30,0,1237000,-909000,328000
2015/10/01,0,766626,-433000,333626
2015/10/02,0,409000,-461000,-52000
2015/10/05,0,315000,-508000,-193000
2015/10/06,0,741000,-730000,11000
2015/10/07,0,412000,-709900,-297900
2015/10/08,0,951000,-956000,-5000
2015/10/09,0,0,0,0
2015/10/12,0,1751000,-2013872,-262872
2015/10/13,0,481000,-442000,39000
2015/10/14,0,46000,-742000,-696000
2015/10/15,0,399000,-731750,-332750
2015/10/16,0,1217000,-1003678,213322
2015/10/19,0,866000,-285020,580980
2015/10/20,0,1096102,-1065000,31102
2015/10/21,0,1008000,-878000,130000
2015/10/22,0,323000,-750599,-427599
2015/10/23,0,255000,-343000,-88000
2015/10/26,0,175000,-634436,-459436
2015/10/27,0,379000,-1133000,-754000
2015/10/28,0,1665000,-695184,969816
2015/10/29,0,395000,-870000,-475000
2015/10/30,0,1032000,-822944,209056
2015/11/02,0,247000,-637000,-390000
2015/11/03,0,1022000,-825414,196586
2015/11/04,0,163000,-1633000,-1470000
2015/11/05,0,421400,-378032,43368
2015/11/06,0,652654,-380000,272654
2015/11/09,0,672000,-242949,429051
2015/11/10,0,481000,-637000,-156000
2015/11/11,0,674000,-565933,108067
2015/11/12,0,634000,-185000,449000
2015/11/13,0,302875,-378590,-75715
2015/11/16,0,334000,-222896,111104
2015/11/17,0,662000,-585951,76049
2015/11/18,0,254000,-363000,-109000
2015/11/19,0,666000,-237941,428059
2015/11/20,0,241000,-1313000,-1072000
2015/11/23,0,408896,-805636,-396740
2015/11/24,0,557000,-894000,-337000
2015/11/25,0,783000,-1695162,-912162
2015/11/26,0,1122000,-300902,821098
2015/11/27,0,137000,-272000,-135000
2015/11/30,0,401000,-216000,185000
2015/12/01,0,926102,-329000,597102
2015/12/02,0,246000,-682000,-436000
2015/12/03,0,387000,-507831,-120831
2015/12/04,0,94000,-627000,-533000
2015/12/07,0,190000,-243000,-53000
2015/12/08,0,78000,-1566000,-1488000
2015/12/09,0,820000,-1053784,-233784
2015/12/10,0,1049000,-1268000,-219000
2015/12/11,0,1094000,-656072,437928
2015/12/14,0,915000,-521000,394000
2015/12/15,0,520000,-1430429,-910429
2015/12/16,0,357000,-244000,113000
2015/12/17,0,1393000,-550199,842801
2015/12/18,0,497000,-1628000,-1131000
2015/12/21,0,235000,-188000,47000
2015/12/22,0,244693,-470074,-225381
2015/12/23,0,1888000,-1422012,465988
2015/12/24,0,491000,-1024000,-533000
2015/12/25,0,287000,-169000,118000
2015/12/28,0,165000,-924000,-759000
2015/12/29,0,714000,-820584,-106584
2015/12/30,0,514000,-1210906,-696906
2015/12/31,0,1053000,-912000,141000
2016/01/01,0,0,0,0
2016/01/04,0,1101000,-260000,841000
2016/01/05,0,676000,-1543866,-867866
2016/01/06,0,1581000,-310719,1270281
2016/01/07,0,1270070,-460000,810070
2016/01/08,0,1276000,-321000,955000
2016/01/11,0,324000,-794000,-470000
2016/01/12,0,585000,-246000,339000
2016/01/13,0,1253000,-145000,1108000
2016/01/14,0,776748,-432000,344748
2016/01/15,0,331000,-398336,-67336
2016/01/18,0,684000,-225000,459000
2016/01/19,0,335000,-580909,-245909
2016/01/20,0,414000,-291000,123000
2016/01/21,0,226937,-328000,-101063
2016/01/22,0,243000,-507000,-264000
2016/01/25,0,462000,-317000,145000
2016/01/26,0,140000,-388000,-248000
2016/01/27,0,184979,-373000,-188021
2016/01/28,0,369000,-317000,52000
2016/01/29,0,468000,-436387,31613
2016/02/01,0,159000,-1242000,-1083000
2016/02/02,0,204000,-302930,-98930
2016/02/03,0,702916,-1063000,-360084
2016/02/04,0,0,0,0
2016/02/05,0,0,0,0
2016/02/08,0,0,0,0
2016/02/09,0,0,0,0
2016/02/10,0,0,0,0
2016/02/11,0,0,0,0
2016/02/12,0,0,0,0
2016/02/15,0,493000,-1297000,-804000
2016/02/16,0,844000,-1193000,-349000
2016/02/17,0,404000,-442000,-38000
2016/02/18,0,275000,-828000,-553000
2016/02/19,0,663000,-1145847,-482847
2016/02/22,0,195000,-724000,-529000
2016/02/23,0,245979,-321000,-75021
2016/02/24,0,127000,-775892,-648892
2016/02/25,0,331000,-862000,-531000
2016/02/26,0,454937,-650887,-195950
2016/02/29,0,0,0,0
2016/03/01,0,400000,-858077,-458077
2016/03/02,0,647000,-657322,-10322
2016/03/03,0,319000,-397000,-78000
2016/03/04,0,672000,-257351,414649
2016/03/07,0,388000,-457000,-69000
2016/03/08,0,529000,-704004,-175004
2016/03/09,0,484000,-709550,-225550
2016/03/10,0,815000,-975000,-160000
2016/03/11,0,261000,-875000,-614000
2016/03/14,0,299000,-1183000,-884000
2016/03/15,0,485000,-817000,-332000
2016/03/16,0,454000,-2092000,-1638000
2016/03/17,0,519000,-2386000,-1867000
2016/03/18,0,820002,-849000,-28998
2016/03/21,0,369000,-2132000,-1763000
2016/03/22,0,994979,-1092000,-97021
2016/03/23,0,319000,-1144000,-825000
2016/03/24,0,1437000,-1089000,348000
2016/03/25,0,470000,-113000,357000
2016/03/28,0,1267000,-229000,1038000
2016/03/29,0,484000,-621000,-137000
2016/03/30,0,789000,-499000,290000
2016/03/31,0,2046885,-322000,1724885
2016/04/01,0,799000,-670000,129000
2016/04/04,0,0,0,0
2016/04/05,0,0,0,0
2016/04/06,0,846000,-349000,497000
2016/04/07,0,191000,-1221217,-1030217
2016/04/08,0,544000,-322742,221258
2016/04/11,0,426000,-201000,225000
2016/04/12,0,235000,-500474,-265474
2016/04/13,0,592000,-31000,561000
2016/04/14,0,517000,-110000,407000
2016/04/15,0,486000,-590000,-104000
2016/04/18,0,555000,-547625,7375
2016/04/19,0,853211,-466000,387211
2016/04/20,0,19000,-524726,-505726
2016/04/21,0,252000,-361000,-109000
2016/04/22,0,92000,-445000,-353000
2016/04/25,0,187948,-343000,-155052
2016/04/26,0,141474,-381168,-239694
2016/04/27,0,384000,-223000,161000
2016/04/28,0,317000,-680000,-363000
2016/04/29,0,127000,-1053000,-926000
2016/05/02,0,0,0,0
2016/05/03,0,207000,-468000,-261000
2016/05/04,0,774000,-296000,478000
2016/05/05,0,263000,-450000,-187000
2016/05/06,0,42000,-626000,-584000
2016/05/09,0,232000,-209000,23000
2016/05/10,0,253000,-729000,-476000
2016/05/11,0,1114000,-401054,712946
2016/05/12,0,900000,-543000,357000
2016/05/13,0,765737,-875128,-109391
2016/05/16,0,412000,-703000,-291000
2016/05/17,0,345474,-961000,-615526
2016/05/18,0,500000,-777868,-277868
2016/05/19,0,763000,-228000,535000
2016/05/20,0,593000,-750400,-157400
2016/05/23,0,700737,-543000,157737
2016/05/24,0,1135000,-269000,866000
2016/05/25,0,158000,-686264,-528264
2016/05/26,0,380000,-1050000,-670000
2016/05/27,0,431000,-741979,-310979
2016/05/30,0,336000,-665000,-329000
2016/05/31,0,1247000,-1298616,-51616
2016/06/01,0,480000,-668000,-188000
2016/06/02,0,574000,-1179000,-605000
2016/06/03,0,833000,-968000,-135000
2016/06/06,0,534000,-404000,130000
2016/06/07,0,518000,-976000,-458000
2016/06/08,0,843000,-1048109,-205109
2016/06/09,0,0,0,0
2016/06/10,0,0,0,0
2016/06/13,0,830000,-803000,27000
2016/06/14,0,903000,-1171905,-268905
2016/06/15,0,205000,-457000,-252000
2016/06/16,0,2609000,-445000,2164000
2016/06/17,0,2044000,-357000,1687000
2016/06/20,0,1359000,-314456,1044544
2016/06/21,0,1757000,-211000,1546000
2016/06/22,0,1741000,-220000,1521000
2016/06/23,0,1222000,-258000,964000
2016/06/24,0,1585000,-264000,1321000
2016/06/27,0,737000,-298000,439000
2016/06/28,0,1462000,-80000,1382000
2016/06/29,0,673000,-455000,218000
2016/06/30,0,1446000,-1172000,274000
2016/07/01,0,272000,-586000,-314000
2016/07/04,0,901000,-185000,716000
2016/07/05,0,652000,-479000,173000
2016/07/06,0,721000,-596000,125000
2016/07/07,0,730000,-262000,468000
2016/07/08,0,0,0,0
2016/07/11,0,1075325,-716000,359325
2016/07/12,0,557000,-696000,-139000
2016/07/13,0,609000,-889000,-280000
2016/07/14,0,553000,-532000,21000
2016/07/15,0,638000,-525000,113000
2016/07/18,0,318000,-827000,-509000
2016/07/19,0,1206000,-465000,741000
2016/07/20,0,1192000,-243000,949000
2016/07/21,0,635000,-264000,371000
2016/07/22,0,761000,-445001,315999
2016/07/25,0,277000,-398000,-121000
2016/07/26,0,828011,-175000,653011
2016/07/27,0,307588,-477933,-170345
2016/07/28,0,275794,-336000,-60206
2016/07/29,0,300000,-509000,-209000
2016/08/01,0,590382,-322000,268382
2016/08/02,0,144000,-606000,-462000
2016/08/03,0,1584000,-614000,970000
2016/08/04,0,459000,-1337000,-878000
2016/08/05,0,848000,-763000,85000
2016/08/08,0,569000,-673000,-104000
2016/08/09,0,1193916,-1056000,137916
2016/08/10,0,577606,-680000,-102394
2016/08/11,0,908000,-804000,104000
2016/08/12,0,660000,-650000,10000
2016/08/15,0,1228176,-752000,476176
2016/08/16,0,1599000,-2219000,-620000
2016/08/17,0,766849,-1279000,-512151
2016/08/18,0,795000,-944000,-149000
2016/08/19,0,761000,-292270,468730
2016/08/22,0,927000,-578000,349000
2016/08/23,0,840588,-764000,76588
2016/08/24,0,678794,-1532000,-853206
2016/08/25,0,1730000,-449000,1281000
2016/08/26,0,757758,-755387,2371
2016/08/29,0,324000,-1310000,-986000
2016/08/30,0,1331000,-687000,644000
2016/08/31,0,1314000,-1067000,247000
2016/09/01,0,621000,-272000,349000
2016/09/02,0,1607000,-269000,1338000
2016/09/05,0,262000,-491000,-229000
2016/09/06,0,531000,-934000,-403000
2016/09/07,0,953690,-422000,531690
2016/09/08,0,453535,-219000,234535
2016/09/09,0,370000,-179000,191000
2016/09/12,0,377000,-524000,-147000
2016/09/13,0,708000,-750000,-42000
2016/09/14,0,1341000,-1537000,-196000
2016/09/15,0,0,0,0
2016/09/16,0,0,0,0
2016/09/19,0,1461609,-462451,999158
2016/09/20,0,880000,-1019051,-139051
2016/09/21,0,483000,-285034,197966
2016/09/22,0,844000,-593000,251000
2016/09/23,0,267888,-690389,-422501
2016/09/26,0,99565,-563000,-463435
2016/09/27,0,0,0,0
2016/09/28,0,0,0,0
2016/09/29,0,424072,-521000,-96928
2016/09/30,0,499000,-451279,47721
2016/10/03,0,661835,-114000,547835
2016/10/04,0,787000,-432754,354246
2016/10/05,0,312000,-747000,-435000
2016/10/06,0,580000,-386000,194000
2016/10/07,0,930000,-262000,668000
2016/10/10,0,0,0,0
2016/10/11,0,2032000,-1047000,985000
2016/10/12,0,1098000,-980261,117739
2016/10/13,0,223000,-410000,-187000
2016/10/14,0,137000,-459000,-322000
2016/10/17,0,454000,-258000,196000
2016/10/18,0,253000,-751000,-498000
2016/10/19,0,124954,-600000,-475046
2016/10/20,0,403000,-83000,320000
2016/10/21,0,848000,-1265000,-417000
2016/10/24,0,729000,-377000,352000
2016/10/25,0,968000,-489520,478480
2016/10/26,0,870000,-351000,519000
2016/10/27,0,1592000,-352000,1240000
2016/10/28,0,562000,-245000,317000
2016/10/31,0,277000,-605000,-328000
2016/11/01,0,333000,-891047,-558047
2016/11/02,0,616000,-451000,165000
2016/11/03,0,712000,-944712,-232712
2016/11/04,0,81000,-807000,-726000
2016/11/07,0,385000,-758754,-373754
2016/11/08,0,495000,-378000,117000
2016/11/09,0,992000,-629000,363000
2016/11/10,0,185000,-445000,-260000
2016/11/11,0,569000,-1731760,-1162760
2016/11/14,0,1474000,-1353000,121000
2016/11/15,0,928600,-654000,274600
2016/11/16,0,2209000,-1102829,1106171
2016/11/17,0,1170000,-1144954,25046
2016/11/18,0,476000,-343000,133000
2016/11/21,0,604000,-657000,-53000
2016/11/22,0,603000,-538000,65000
2016/11/23,0,1571000,-721988,849012
2016/11/24,0,376000,-361000,15000
2016/11/25,0,600000,-654000,-54000
2016/11/28,0,527000,-677300,-150300
2016/11/29,0,661000,-673000,-12000
2016/11/30,0,614000,-699000,-85000
2016/12/01,0,329300,-497307,-168007
2016/12/02,0,378000,-609191,-231191
2016/12/05,0,395000,-526262,-131262
2016/12/06,0,721000,-1387114,-666114
2016/12/07,0,426000,-561166,-135166
2016/12/08,0,442000,-304000,138000
2016/12/09,0,722000,-1156000,-434000
2016/12/12,0,509400,-620000,-110600
2016/12/13,0,395000,-503000,-108000
2016/12/14,0,250000,-737653,-487653
2016/12/15,0,129000,-705000,-576000
2016/12/16,0,278699,-510000,-231301
2016/12/19,0,93000,-351000,-258000
2016/12/20,0,391000,-314357,76643
2016/12/21,0,399000,-1406000,-1007000
2016/12/22,0,103000,-411000,-308000
2016/12/23,0,81000,-337000,-256000
2016/12/26,0,30000,-114000,-84000
2016/12/27,0,113000,-112000,1000
2016/12/28,0,360000,-300000,60000
2016/12/29,0,464000,-288000,176000
2016/12/30,0,295000,-75000,220000
2017/01/02,0,0,0,0
2017/01/03,0,247000,-84000,163000
2017/01/04,0,1636000,-748808,887192
2017/01/05,0,491000,-741000,-250000
2017/01/06,0,389000,-425000,-36000
2017/01/09,0,775000,-142000,633000
2017/01/10,0,721000,-123000,598000
2017/01/11,0,660000,-293000,367000
2017/01/12,0,1435000,-713165,721835
2017/01/13,0,510000,-695000,-185000
2017/01/16,0,538000,-499086,38914
2017/01/17,0,1320000,-776000,544000
2017/01/18,0,993000,-191000,802000
2017/01/19,0,1098000,-812507,285493
2017/01/20,0,1355000,-312000,1043000
2017/01/23,0,2544000,-242000,2302000
2017/01/24,0,2293942,-594000,1699942
2017/01/25,0,0,0,0
2017/01/26,0,0,0,0
2017/01/27,0,0,0,0
2017/01/30,0,0,0,0
2017/01/31,0,0,0,0
2017/02/01,0,0,0,0
2017/02/02,0,3252000,-1685000,1567000
2017/02/03,0,961000,-1192000,-231000
2017/02/06,0,1457000,-731370,725630
2017/02/07,0,286000,-707000,-421000
2017/02/08,0,822000,-419808,402192
2017/02/09,0,731000,-750000,-19000
2017/02/10,0,649942,-851000,-201058
2017/02/13,0,646000,-335000,311000
2017/02/14,0,663942,-896000,-232058
2017/02/15,0,1354830,-1006000,348830
2017/02/16,0,528942,-1449000,-920058
2017/02/17,0,223000,-758000,-535000
2017/02/20,0,1154000,-1413000,-259000
2017/02/21,0,2522000,-1449000,1073000
2017/02/22,0,461913,-595000,-133087
2017/02/23,0,495000,-631000,-136000
2017/02/24,0,311800,-406000,-94200
2017/02/27,0,0,0,0
2017/02/28,0,0,0,0
2017/03/01,0,364000,-557000,-193000
2017/03/02,0,871000,-547000,324000
2017/03/03,0,762000,-469000,293000
2017/03/06,0,251000,-225212,25788
2017/03/07,0,2623000,-376645,2246355
2017/03/08,0,1353000,-890915,462085
2017/03/09,0,659910,-975921,-316011
2017/03/10,0,1729000,-698907,1030093
2017/03/13,0,3470001,-673548,2796453
2017/03/14,0,1464000,-726135,737865
2017/03/15,0,1391000,-1511442,-120442
2017/03/16,0,1370682,-414176,956506
2017/03/17,0,4354743,-1842746,2511997
2017/03/20,0,1649500,-747568,901932
2017/03/21,0,1444910,-690055,754855
2017/03/22,0,1207000,-1651505,-444505
2017/03/23,0,1149001,-958124,190877
2017/03/24,0,1394910,-1193000,201910
2017/03/27,0,2801000,-1238394,1562606
2017/03/28,0,1724000,-715616,1008384
2017/03/29,0,1328001,-725703,602298
2017/03/30,0,1924000,-1183936,740064
2017/03/31,0,2053000,-2035000,18000
2017/04/03,0,0,0,0
2017/04/04,0,0,0,0
2017/04/05,0,1332620,-861758,470862
2017/04/06,0,2335000,-1150834,1184166
2017/04/07,0,1674000,-2207000,-533000
2017/04/10,0,1742000,-1268609,473391
2017/04/11,0,1355700,-899745,455955
2017/04/12,0,801365,-856495,-55130
2017/04/13,0,710000,-98000,612000
2017/04/14,0,941000,-327000,614000
2017/04/17,0,1150000,-572000,578000
2017/04/18,0,899000,-746000,153000
2017/04/19,0,1044000,-479748,564252
