Date,Open,Buy,Sell,Total
2007/04/23,0,13000,-372000,-359000
2007/04/24,0,47000,-63000,-16000
2007/04/25,0,3000,-19000,-16000
2007/04/26,0,2000,-10000,-8000
2007/04/27,0,1000,-15000,-14000
2007/04/30,0,0,-20000,-20000
2007/05/01,0,0,0,0
2007/05/02,0,0,-5000,-5000
2007/05/03,0,10000,-5000,5000
2007/05/04,0,2000,-520,1480
2007/05/07,0,5000,0,5000
2007/05/08,0,18000,-15000,3000
2007/05/09,0,0,-1000,-1000
2007/05/10,0,0,-114000,-114000
2007/05/11,0,0,-12000,-12000
2007/05/14,0,0,0,0
2007/05/15,0,271000,0,271000
2007/05/16,0,0,0,0
2007/05/17,0,0,-271000,-271000
2007/05/18,0,80000,0,80000
2007/05/21,0,6000,-1000,5000
2007/05/22,0,4000,-80000,-76000
2007/05/23,0,0,-2000,-2000
2007/05/24,0,0,0,0
2007/05/25,0,3000,-65000,-62000
2007/05/28,0,3000,-1000,2000
2007/05/29,0,0,0,0
2007/05/30,0,0,-1000,-1000
2007/05/31,0,0,0,0
2007/06/01,0,92000,-3000,89000
2007/06/04,0,20000,-1000,19000
2007/06/05,0,5000,0,5000
2007/06/06,0,15000,-10000,5000
2007/06/07,0,0,-6816,-6816
2007/06/08,0,0,0,0
2007/06/11,0,0,-1000,-1000
2007/06/12,0,0,-9000,-9000
2007/06/13,0,33000,0,33000
2007/06/14,0,340000,-9000,331000
2007/06/15,0,106000,-1000,105000
2007/06/18,0,0,0,0
2007/06/19,0,0,0,0
2007/06/20,0,14000,-90000,-76000
2007/06/21,0,138000,-5000,133000
2007/06/22,0,163000,-73000,90000
2007/06/25,0,56000,0,56000
2007/06/26,0,7000,-6000,1000
2007/06/27,0,0,-45000,-45000
2007/06/28,0,0,0,0
2007/06/29,0,70000,-79000,-9000
2007/07/02,0,4000,-69000,-65000
2007/07/03,0,15000,-3000,12000
2007/07/04,0,117000,0,117000
2007/07/05,0,96000,-287000,-191000
2007/07/06,0,118000,-153000,-35000
2007/07/09,0,104000,-1000,103000
2007/07/10,0,6000,-30000,-24000
2007/07/11,0,154000,-52460,101540
2007/07/12,0,0,-186000,-186000
2007/07/13,0,23000,-8345,14655
2007/07/16,0,26000,-6000,20000
2007/07/17,0,0,-52000,-52000
2007/07/18,0,0,-197000,-197000
2007/07/19,0,2000,-22158,-20158
2007/07/20,0,0,-4000,-4000
2007/07/23,0,45000,-7000,38000
2007/07/24,0,15000,-51000,-36000
2007/07/25,0,39000,-20064,18936
2007/07/26,0,6000,-19000,-13000
2007/07/27,0,5000,-73000,-68000
2007/07/30,0,3000,-6000,-3000
2007/07/31,0,1000,-4000,-3000
2007/08/01,0,0,-13000,-13000
2007/08/02,0,10000,-2105,7895
2007/08/03,0,16000,-22000,-6000
2007/08/06,0,0,-10000,-10000
2007/08/07,0,34000,0,34000
2007/08/08,0,0,-20000,-20000
2007/08/09,0,0,-32560,-32560
2007/08/10,0,14000,-13000,1000
2007/08/13,0,0,-14000,-14000
2007/08/14,0,0,-19000,-19000
2007/08/15,0,0,-20000,-20000
2007/08/16,0,17000,-85000,-68000
2007/08/17,0,6000,-17000,-11000
2007/08/20,0,0,0,0
2007/08/21,0,13000,-16000,-3000
2007/08/22,0,9000,0,9000
2007/08/23,0,35000,-5000,30000
2007/08/24,0,17000,-19000,-2000
2007/08/27,0,0,0,0
2007/08/28,0,0,-3073,-3073
2007/08/29,0,0,-13000,-13000
2007/08/30,0,0,0,0
2007/08/31,0,5000,-3000,2000
2007/09/03,0,0,-259,-259
2007/09/04,0,0,0,0
2007/09/05,0,74000,0,74000
2007/09/06,0,26000,-3000,23000
2007/09/07,0,20000,0,20000
2007/09/10,0,50000,-1000,49000
2007/09/11,0,41000,-7000,34000
2007/09/12,0,2000,0,2000
2007/09/13,0,0,-1800,-1800
2007/09/14,0,0,-119000,-119000
2007/09/17,0,0,-31000,-31000
2007/09/18,0,0,0,0
2007/09/19,0,12000,-7000,5000
2007/09/20,0,16000,-3000,13000
2007/09/21,0,16000,-16000,0
2007/09/24,0,0,0,0
2007/09/25,0,0,0,0
2007/09/26,0,6000,-6000,0
2007/09/27,0,10000,-21000,-11000
2007/09/28,0,326000,-4000,322000
2007/10/01,0,11000,-260000,-249000
2007/10/02,0,14000,-56000,-42000
2007/10/03,0,30000,-29000,1000
2007/10/04,0,8000,-8000,0
2007/10/05,0,1000,-13000,-12000
2007/10/08,0,0,0,0
2007/10/09,0,0,-42000,-42000
2007/10/10,0,0,0,0
2007/10/11,0,55000,-992,54008
2007/10/12,0,0,-14000,-14000
2007/10/15,0,60000,-2000,58000
2007/10/16,0,58000,-10200,47800
2007/10/17,0,2000,-2000,0
2007/10/18,0,11000,0,11000
2007/10/19,0,0,-61000,-61000
2007/10/22,0,3000,-51000,-48000
2007/10/23,0,1000,-1000,0
2007/10/24,0,1000,-25000,-24000
2007/10/25,0,0,-54000,-54000
2007/10/26,0,0,-1000,-1000
2007/10/29,0,42000,-4000,38000
2007/10/30,0,22000,-5000,17000
2007/10/31,0,39000,-5000,34000
2007/11/01,0,10000,-6000,4000
2007/11/02,0,4000,-54000,-50000
2007/11/05,0,1000,-1000,0
2007/11/06,0,0,-70000,-70000
2007/11/07,0,0,-17000,-17000
2007/11/08,0,6000,-44000,-38000
2007/11/09,0,7000,-17000,-10000
2007/11/12,0,12000,-8000,4000
2007/11/13,0,0,-2000,-2000
2007/11/14,0,0,-1000,-1000
2007/11/15,0,1000,-4000,-3000
2007/11/16,0,0,-31000,-31000
2007/11/19,0,100000,0,100000
2007/11/20,0,86000,-22000,64000
2007/11/21,0,1000,-6000,-5000
2007/11/22,0,42000,-1000,41000
2007/11/23,0,30000,0,30000
2007/11/26,0,14000,0,14000
2007/11/27,0,38000,-26286,11714
2007/11/28,0,2000,-19000,-17000
2007/11/29,0,40000,-4000,36000
2007/11/30,0,61000,-4000,57000
2007/12/03,0,20000,0,20000
2007/12/04,0,0,-15000,-15000
2007/12/05,0,80000,-8000,72000
2007/12/06,0,30000,-3000,27000
2007/12/07,0,3000,-10000,-7000
2007/12/10,0,53000,-6314,46686
2007/12/11,0,81000,-11000,70000
2007/12/12,0,9000,-2000,7000
2007/12/13,0,2000,-7000,-5000
2007/12/14,0,13000,-22000,-9000
2007/12/17,0,6000,0,6000
2007/12/18,0,28000,-7000,21000
2007/12/19,0,5000,-31000,-26000
2007/12/20,0,1000,-12000,-11000
2007/12/21,0,8000,-1000,7000
2007/12/24,0,0,-6000,-6000
2007/12/25,0,17000,-43000,-26000
2007/12/26,0,2000,-85000,-83000
2007/12/27,0,56000,-200000,-144000
2007/12/28,0,2000,-121000,-119000
2007/12/31,0,17000,-121000,-104000
2008/01/01,0,0,0,0
2008/01/02,0,19000,-73000,-54000
2008/01/03,0,0,-5400,-5400
2008/01/04,0,1000,-1000,0
2008/01/07,0,1000,-21000,-20000
2008/01/08,0,0,-2000,-2000
2008/01/09,0,15000,-11000,4000
2008/01/10,0,0,-3000,-3000
2008/01/11,0,2000,-1000,1000
2008/01/14,0,6000,0,6000
2008/01/15,0,13000,0,13000
2008/01/16,0,0,0,0
2008/01/17,0,13000,-21000,-8000
2008/01/18,0,0,0,0
2008/01/21,0,10000,-6000,4000
2008/01/22,0,0,0,0
2008/01/23,0,17000,-6000,11000
2008/01/24,0,47000,-18000,29000
2008/01/25,0,38000,0,38000
2008/01/28,0,12000,-30000,-18000
2008/01/29,0,3000,-16000,-13000
2008/01/30,0,10000,-2000,8000
2008/01/31,0,5000,-22000,-17000
2008/02/01,0,13000,0,13000
2008/02/04,0,0,0,0
2008/02/05,0,0,0,0
2008/02/06,0,0,0,0
2008/02/07,0,0,0,0
2008/02/08,0,0,0,0
2008/02/11,0,0,0,0
2008/02/12,0,0,-1000,-1000
2008/02/13,0,3000,-15000,-12000
2008/02/14,0,3000,0,3000
2008/02/15,0,30000,-41632,-11632
2008/02/18,0,17000,-1000,16000
2008/02/19,0,0,0,0
2008/02/20,0,8000,-1000,7000
2008/02/21,0,0,0,0
2008/02/22,0,0,-2000,-2000
2008/02/25,0,1000,0,1000
2008/02/26,0,0,0,0
2008/02/27,0,33000,-6000,27000
2008/02/28,0,0,0,0
2008/02/29,0,7000,-6000,1000
2008/03/03,0,1000,-44000,-43000
2008/03/04,0,21000,-17000,4000
2008/03/05,0,1000,-17000,-16000
2008/03/06,0,17000,-1000,16000
2008/03/07,0,6000,-4000,2000
2008/03/10,0,10000,-1000,9000
2008/03/11,0,2000,-48000,-46000
2008/03/12,0,56000,-3000,53000
2008/03/13,0,10000,-11000,-1000
2008/03/14,0,15000,-6000,9000
2008/03/17,0,2000,-20000,-18000
2008/03/18,0,8000,-5000,3000
2008/03/19,0,0,0,0
2008/03/20,0,11000,0,11000
2008/03/21,0,46000,-11000,35000
2008/03/24,0,23000,-69000,-46000
2008/03/25,0,250000,-28000,222000
2008/03/26,0,14000,-4000,10000
2008/03/27,0,0,-1000,-1000
2008/03/28,0,5000,-1000,4000
2008/03/31,0,1000,-6000,-5000
2008/04/01,0,1000,-5000,-4000
2008/04/02,0,54000,-4000,50000
2008/04/03,0,0,0,0
2008/04/04,0,0,0,0
2008/04/07,0,57000,-1000,56000
2008/04/08,0,114000,-29000,85000
2008/04/09,0,143000,-279000,-136000
2008/04/10,0,135000,-6000,129000
2008/04/11,0,138000,-1000,137000
2008/04/14,0,105000,-26506,78494
2008/04/15,0,0,-77000,-77000
2008/04/16,0,0,0,0
2008/04/17,0,6000,-55000,-49000
2008/04/18,0,2000,-240000,-238000
2008/04/21,0,10000,-44000,-34000
2008/04/22,0,4000,-55000,-51000
2008/04/23,0,14000,-50000,-36000
2008/04/24,0,13000,-13000,0
2008/04/25,0,1000,-12000,-11000
2008/04/28,0,9000,0,9000
2008/04/29,0,1000,-10000,-9000
2008/04/30,0,8000,-47000,-39000
2008/05/01,0,0,0,0
2008/05/02,0,62000,0,62000
2008/05/05,0,4000,-5000,-1000
2008/05/06,0,13000,-2000,11000
2008/05/07,0,4000,-65000,-61000
2008/05/08,0,5000,-2000,3000
2008/05/09,0,13000,-59000,-46000
2008/05/12,0,29000,-30000,-1000
2008/05/13,0,21000,-9003,11997
2008/05/14,0,9000,0,9000
2008/05/15,0,21000,-10000,11000
2008/05/16,0,454000,-2000,452000
2008/05/19,0,1000,0,1000
2008/05/20,0,18000,-232000,-214000
2008/05/21,0,0,-53000,-53000
2008/05/22,0,10000,-19000,-9000
2008/05/23,0,0,-18000,-18000
2008/05/26,0,0,-1000,-1000
2008/05/27,0,0,0,0
2008/05/28,0,0,-8000,-8000
2008/05/29,0,1000,-25000,-24000
2008/05/30,0,31000,-77000,-46000
2008/06/02,0,0,-20000,-20000
2008/06/03,0,0,-25232,-25232
2008/06/04,0,0,-51000,-51000
2008/06/05,0,7000,-2000,5000
2008/06/06,0,195000,-95000,100000
2008/06/09,0,70000,-1000,69000
2008/06/10,0,50000,-8000,42000
2008/06/11,0,0,-7000,-7000
2008/06/12,0,54000,-21000,33000
2008/06/13,0,1000,-83000,-82000
2008/06/16,0,17000,-8000,9000
2008/06/17,0,3000,-5000,-2000
2008/06/18,0,0,0,0
2008/06/19,0,0,-4000,-4000
2008/06/20,0,0,-4000,-4000
2008/06/23,0,12000,0,12000
2008/06/24,0,5000,-176000,-171000
2008/06/25,0,27000,-205000,-178000
2008/06/26,0,0,-15000,-15000
2008/06/27,0,0,-16000,-16000
2008/06/30,0,9000,-8000,1000
2008/07/01,0,32000,0,32000
2008/07/02,0,14000,-23000,-9000
2008/07/03,0,37000,-4000,33000
2008/07/04,0,20000,-2000,18000
2008/07/07,0,40000,0,40000
2008/07/08,0,70000,-12000,58000
2008/07/09,0,30000,-14000,16000
2008/07/10,0,27000,-19000,8000
2008/07/11,0,9000,-45000,-36000
2008/07/14,0,66000,-14000,52000
2008/07/15,0,41000,-6000,35000
2008/07/16,0,0,-8000,-8000
2008/07/17,0,16000,-35000,-19000
2008/07/18,0,4000,-51000,-47000
2008/07/21,0,112000,-90000,22000
2008/07/22,0,46000,0,46000
2008/07/23,0,781000,-17000,764000
2008/07/24,0,0,-139000,-139000
2008/07/25,0,0,0,0
2008/07/28,0,0,0,0
2008/07/29,0,19000,-18000,1000
2008/07/30,0,11000,-159000,-148000
2008/07/31,0,13000,-197000,-184000
2008/08/01,0,20000,-27000,-7000
2008/08/04,0,8000,-21000,-13000
2008/08/05,0,9000,-27000,-18000
2008/08/06,0,19000,-4000,15000
2008/08/07,0,2000,-22000,-20000
2008/08/08,0,141000,-41000,100000
2008/08/11,0,71000,-23000,48000
2008/08/12,0,0,-110000,-110000
2008/08/13,0,0,-75000,-75000
2008/08/14,0,0,-4000,-4000
2008/08/15,0,46000,-23000,23000
2008/08/18,0,1000,-3000,-2000
2008/08/19,0,0,-2000,-2000
2008/08/20,0,2000,-2000,0
2008/08/21,0,37000,-19000,18000
2008/08/22,0,51000,0,51000
2008/08/25,0,8000,-6000,2000
2008/08/26,0,0,-21000,-21000
2008/08/27,0,27000,-6000,21000
2008/08/28,0,74000,-5000,69000
2008/08/29,0,15620,-20000,-4380
2008/09/01,0,45140,-51000,-5860
2008/09/02,0,16900,-71000,-54100
2008/09/03,0,86000,-47000,39000
2008/09/04,0,32000,-25000,7000
2008/09/05,0,40000,-589000,-549000
2008/09/08,0,10000,-22000,-12000
2008/09/09,0,0,-44000,-44000
2008/09/10,0,16000,-60500,-44500
2008/09/11,0,5000,-26000,-21000
2008/09/12,0,1000,-17070,-16070
2008/09/15,0,26000,-4000,22000
2008/09/16,0,37000,-14000,23000
2008/09/17,0,83000,-24000,59000
2008/09/18,0,13000,0,13000
2008/09/19,0,0,-38000,-38000
2008/09/22,0,10000,-27000,-17000
2008/09/23,0,11000,-97000,-86000
2008/09/24,0,27000,-32000,-5000
2008/09/25,0,29000,-30000,-1000
2008/09/26,0,6000,-47000,-41000
2008/09/29,0,0,0,0
2008/09/30,0,33000,-46000,-13000
2008/10/01,0,15000,-34000,-19000
2008/10/02,0,55000,-8000,47000
2008/10/03,0,9000,-28000,-19000
2008/10/06,0,34000,-13622,20378
2008/10/07,0,4000,-16586,-12586
2008/10/08,0,26000,0,26000
2008/10/09,0,9000,-39000,-30000
2008/10/10,0,0,0,0
2008/10/13,0,14000,-24000,-10000
2008/10/14,0,0,-15000,-15000
2008/10/15,0,74000,-19490,54510
2008/10/16,0,85000,-3000,82000
2008/10/17,0,46000,-1000,45000
2008/10/20,0,72000,-44991,27009
2008/10/21,0,86000,-7000,79000
2008/10/22,0,52000,-2000,50000
2008/10/23,0,30000,-30000,0
2008/10/24,0,37000,-82,36918
2008/10/27,0,91000,-125000,-34000
2008/10/28,0,79000,-120000,-41000
2008/10/29,0,175000,-128000,47000
2008/10/30,0,23000,-124000,-101000
2008/10/31,0,78000,-50000,28000
2008/11/03,0,102000,-89000,13000
2008/11/04,0,57000,-5000,52000
2008/11/05,0,93000,-18000,75000
2008/11/06,0,123000,-163000,-40000
2008/11/07,0,45000,-108000,-63000
2008/11/10,0,12000,-14000,-2000
2008/11/11,0,54000,-95000,-41000
2008/11/12,0,72000,-79000,-7000
2008/11/13,0,91000,-106000,-15000
2008/11/14,0,76000,-22000,54000
2008/11/17,0,10000,-44000,-34000
2008/11/18,0,79000,-13000,66000
2008/11/19,0,69000,-249000,-180000
2008/11/20,0,165000,0,165000
2008/11/21,0,5000,-224000,-219000
2008/11/24,0,210000,0,210000
2008/11/25,0,120000,-62000,58000
2008/11/26,0,25000,0,25000
2008/11/27,0,0,-106000,-106000
2008/11/28,0,0,-10000,-10000
2008/12/01,0,11000,-54000,-43000
2008/12/02,0,20000,-31000,-11000
2008/12/03,0,0,0,0
2008/12/04,0,0,-100000,-100000
2008/12/05,0,0,0,0
2008/12/08,0,97000,-80000,17000
2008/12/09,0,40000,-3000,37000
2008/12/10,0,250000,-11000,239000
2008/12/11,0,62000,-5000,57000
2008/12/12,0,0,-350000,-350000
2008/12/15,0,324000,-7000,317000
2008/12/16,0,24000,-7000,17000
2008/12/17,0,330000,-70000,260000
2008/12/18,0,6000,-130000,-124000
2008/12/19,0,34000,-23000,11000
2008/12/22,0,50000,-305000,-255000
2008/12/23,0,0,-56000,-56000
2008/12/24,0,7000,0,7000
2008/12/25,0,3000,0,3000
2008/12/26,0,0,-6000,-6000
2008/12/29,0,3000,0,3000
2008/12/30,0,18000,-8000,10000
2008/12/31,0,2000,-1000,1000
2009/01/01,0,0,0,0
2009/01/02,0,0,0,0
2009/01/05,0,38000,-2000,36000
2009/01/06,0,3000,-1000,2000
2009/01/07,0,164000,-12000,152000
2009/01/08,0,14000,-61000,-47000
2009/01/09,0,13000,-49000,-36000
2009/01/12,0,2000,-5000,-3000
2009/01/13,0,2000,-101000,-99000
2009/01/14,0,71000,0,71000
2009/01/15,0,11000,-9000,2000
2009/01/16,0,55000,-20000,35000
2009/01/19,0,92000,-115000,-23000
2009/01/20,0,0,-108000,-108000
2009/01/21,0,12000,-2000,10000
2009/01/22,0,0,0,0
2009/01/23,0,0,0,0
2009/01/26,0,0,0,0
2009/01/27,0,0,0,0
2009/01/28,0,0,0,0
2009/01/29,0,0,0,0
2009/01/30,0,0,0,0
2009/02/02,0,0,0,0
2009/02/03,0,32000,-36000,-4000
2009/02/04,0,25000,-50000,-25000
2009/02/05,0,439000,-5000,434000
2009/02/06,0,8000,-179000,-171000
2009/02/09,0,150000,-375000,-225000
2009/02/10,0,5000,-14000,-9000
2009/02/11,0,52000,-5000,47000
2009/02/12,0,15000,-52818,-37818
2009/02/13,0,222000,-206000,16000
2009/02/16,0,4000,-71000,-67000
2009/02/17,0,0,-175000,-175000
2009/02/18,0,46000,-11000,35000
2009/02/19,0,172000,-25000,147000
2009/02/20,0,62000,-26000,36000
2009/02/23,0,262000,-18000,244000
2009/02/24,0,13000,-489000,-476000
2009/02/25,0,5000,-17000,-12000
2009/02/26,0,84000,-16000,68000
2009/02/27,0,248000,-14000,234000
2009/03/02,0,90000,-57000,33000
2009/03/03,0,5000,-59000,-54000
2009/03/04,0,184000,-38000,146000
2009/03/05,0,86000,-103000,-17000
2009/03/06,0,25000,-51000,-26000
2009/03/09,0,29000,-8000,21000
2009/03/10,0,390000,-11000,379000
2009/03/11,0,154000,-9000,145000
2009/03/12,0,234000,-12000,222000
2009/03/13,0,146000,-25000,121000
2009/03/16,0,175000,-90000,85000
2009/03/17,0,224000,-116000,108000
2009/03/18,0,10000,-349000,-339000
2009/03/19,0,59000,-514276,-455276
2009/03/20,0,33000,-180000,-147000
2009/03/23,0,495000,-104000,391000
2009/03/24,0,60000,-355000,-295000
2009/03/25,0,166000,-127342,38658
2009/03/26,0,172000,-225000,-53000
2009/03/27,0,60000,-40000,20000
2009/03/30,0,60000,-20000,40000
2009/03/31,0,165000,-40000,125000
2009/04/01,0,407000,-117000,290000
2009/04/02,0,140000,-87580,52420
2009/04/03,0,1000,-29000,-28000
2009/04/06,0,456000,-588395,-132395
2009/04/07,0,112000,-3000,109000
2009/04/08,0,110000,-42000,68000
2009/04/09,0,237000,-149000,88000
2009/04/10,0,76000,-55394,20606
2009/04/13,0,16000,-32000,-16000
2009/04/14,0,120000,-102000,18000
2009/04/15,0,90000,-30000,60000
2009/04/16,0,205000,-50000,155000
2009/04/17,0,146000,-647394,-501394
2009/04/20,0,73000,-81000,-8000
2009/04/21,0,113000,-96000,17000
2009/04/22,0,178000,-224235,-46235
2009/04/23,0,424000,-180000,244000
2009/04/24,0,85000,-87000,-2000
2009/04/27,0,79110,-445000,-365890
2009/04/28,0,79000,-321394,-242394
2009/04/29,0,64000,-436000,-372000
2009/04/30,0,3000,-135000,-132000
2009/05/01,0,0,0,0
2009/05/04,0,79000,-173110,-94110
2009/05/05,0,39000,-324000,-285000
2009/05/06,0,39000,-34000,5000
2009/05/07,0,5000,-41000,-36000
2009/05/08,0,37000,-10722,26278
2009/05/11,0,41000,-85000,-44000
2009/05/12,0,111000,-49000,62000
2009/05/13,0,213000,-182000,31000
2009/05/14,0,265000,-324000,-59000
2009/05/15,0,49000,-82000,-33000
2009/05/18,0,47000,-28000,19000
2009/05/19,0,79000,-255000,-176000
2009/05/20,0,14000,-53755,-39755
2009/05/21,0,44000,-19000,25000
2009/05/22,0,84000,-109415,-25415
2009/05/25,0,98000,-37000,61000
2009/05/26,0,95000,-54000,41000
2009/05/27,0,9000,-403000,-394000
2009/05/28,0,0,0,0
2009/05/29,0,0,0,0
2009/06/01,0,44000,-8000,36000
2009/06/02,0,17000,-18000,-1000
2009/06/03,0,211000,-57000,154000
2009/06/04,0,166000,-7000,159000
2009/06/05,0,17000,-62000,-45000
2009/06/08,0,445000,-176000,269000
2009/06/09,0,267000,-175000,92000
2009/06/10,0,19000,-162198,-143198
2009/06/11,0,12000,-68000,-56000
2009/06/12,0,18000,-209000,-191000
2009/06/15,0,6000,-30000,-24000
2009/06/16,0,40000,-95769,-55769
2009/06/17,0,225000,-175000,50000
2009/06/18,0,76000,-37000,39000
2009/06/19,0,114000,-155000,-41000
2009/06/22,0,54000,-48000,6000
2009/06/23,0,485000,-22000,463000
2009/06/24,0,99000,-104766,-5766
2009/06/25,0,49000,-257000,-208000
2009/06/26,0,0,-128000,-128000
2009/06/29,0,161000,-73000,88000
2009/06/30,0,66000,-39000,27000
2009/07/01,0,751000,-145000,606000
2009/07/02,0,494000,-160000,334000
2009/07/03,0,250000,-98000,152000
2009/07/06,0,376000,-12000,364000
2009/07/07,0,113017,-55000,58017
2009/07/08,0,132000,-53000,79000
2009/07/09,0,264000,-180000,84000
2009/07/10,0,84000,-213000,-129000
2009/07/13,0,494000,-59000,435000
2009/07/14,0,556000,-157000,399000
2009/07/15,0,567241,-177000,390241
2009/07/16,0,14000,-387000,-373000
2009/07/17,0,191000,-7000,184000
2009/07/20,0,36000,-231000,-195000
2009/07/21,0,11000,-218000,-207000
2009/07/22,0,63000,-206000,-143000
2009/07/23,0,258000,-167000,91000
2009/07/24,0,204832,-790000,-585168
2009/07/27,0,578000,-9000,569000
2009/07/28,0,125000,-441000,-316000
2009/07/29,0,115000,-181000,-66000
2009/07/30,0,50000,-228000,-178000
2009/07/31,0,44000,-397250,-353250
2009/08/03,0,53903,-167000,-113097
2009/08/04,0,9000,-145000,-136000
2009/08/05,0,175000,-110000,65000
2009/08/06,0,146000,-97000,49000
2009/08/07,0,0,0,0
2009/08/10,0,53000,-74249,-21249
2009/08/11,0,247000,-155000,92000
2009/08/12,0,380000,-195000,185000
2009/08/13,0,184000,-213000,-29000
2009/08/14,0,192000,-49000,143000
2009/08/17,0,68000,-19000,49000
2009/08/18,0,177000,-350000,-173000
2009/08/19,0,27000,-62000,-35000
2009/08/20,0,141000,-153000,-12000
2009/08/21,0,167000,-79000,88000
2009/08/24,0,46000,-77000,-31000
2009/08/25,0,3000,-106000,-103000
2009/08/26,0,15000,-74000,-59000
2009/08/27,0,22000,-59890,-37890
2009/08/28,0,80000,-111000,-31000
2009/08/31,0,35000,-8000,27000
2009/09/01,0,261000,-63993,197007
2009/09/02,0,112535,-41000,71535
2009/09/03,0,193000,-10514,182486
2009/09/04,0,281140,-194259,86881
2009/09/07,0,303000,-208887,94113
2009/09/08,0,204000,-45000,159000
2009/09/09,0,41110,-15000,26110
2009/09/10,0,294000,-200141,93859
2009/09/11,0,12000,-38049,-26049
2009/09/14,0,66000,-56000,10000
2009/09/15,0,217000,-588000,-371000
2009/09/16,0,144000,-163000,-19000
2009/09/17,0,199000,-162000,37000
2009/09/18,0,53000,-119000,-66000
2009/09/21,0,14000,-245515,-231515
2009/09/22,0,32000,-2000,30000
2009/09/23,0,354000,-82000,272000
2009/09/24,0,46000,-193000,-147000
2009/09/25,0,67000,-5698,61302
2009/09/28,0,18000,-12036,5964
2009/09/29,0,150000,-72000,78000
2009/09/30,0,62000,-61000,1000
2009/10/01,0,251000,-301945,-50945
2009/10/02,0,99000,-38000,61000
2009/10/05,0,91000,-641000,-550000
2009/10/06,0,80000,-875295,-795295
2009/10/07,0,112000,-400000,-288000
2009/10/08,0,66000,-260000,-194000
2009/10/09,0,76000,-78000,-2000
2009/10/12,0,99000,-23000,76000
2009/10/13,0,5000,-40000,-35000
2009/10/14,0,22000,-11000,11000
2009/10/15,0,151000,-11000,140000
2009/10/16,0,135000,-208000,-73000
2009/10/19,0,47000,-32000,15000
2009/10/20,0,68000,-419691,-351691
2009/10/21,0,16000,-24000,-8000
2009/10/22,0,18000,-33000,-15000
2009/10/23,0,189000,-31000,158000
2009/10/26,0,45000,-5000,40000
2009/10/27,0,15000,-17000,-2000
2009/10/28,0,20000,-94931,-74931
2009/10/29,0,24000,-208000,-184000
2009/10/30,0,3000,-26000,-23000
2009/11/02,0,30000,-91000,-61000
2009/11/03,0,22000,-37000,-15000
2009/11/04,0,49000,-3000,46000
2009/11/05,0,10000,-27000,-17000
2009/11/06,0,169000,-11000,158000
2009/11/09,0,40000,-131000,-91000
2009/11/10,0,3000,-178000,-175000
2009/11/11,0,25000,-5000,20000
2009/11/12,0,8000,-50000,-42000
2009/11/13,0,107000,-33000,74000
2009/11/16,0,17000,-65000,-48000
2009/11/17,0,205000,-40000,165000
2009/11/18,0,404000,-11000,393000
2009/11/19,0,227000,-106000,121000
2009/11/20,0,331000,-56000,275000
2009/11/23,0,14000,-7000,7000
2009/11/24,0,37000,-120345,-83345
2009/11/25,0,79000,-21000,58000
2009/11/26,0,78000,-15000,63000
2009/11/27,0,265000,-178000,87000
2009/11/30,0,58000,-152295,-94295
2009/12/01,0,123000,-8000,115000
2009/12/02,0,100000,-115098,-15098
2009/12/03,0,26000,-9000,17000
2009/12/04,0,21000,-5000,16000
2009/12/07,0,22000,-21000,1000
2009/12/08,0,17000,-74000,-57000
2009/12/09,0,21000,-4000,17000
2009/12/10,0,112000,-28000,84000
2009/12/11,0,24000,-11000,13000
2009/12/14,0,82000,-13000,69000
2009/12/15,0,37000,-17000,20000
2009/12/16,0,25000,-58000,-33000
2009/12/17,0,66000,-20000,46000
2009/12/18,0,9000,-3000,6000
2009/12/21,0,22000,-14000,8000
2009/12/22,0,83000,-52000,31000
2009/12/23,0,252000,-51000,201000
2009/12/24,0,302000,-202000,100000
2009/12/25,0,123000,-200000,-77000
2009/12/28,0,17000,-13000,4000
2009/12/29,0,32000,-6000,26000
2009/12/30,0,11000,-73000,-62000
2009/12/31,0,28000,-28000,0
2010/01/01,0,0,0,0
2010/01/04,0,154000,-53000,101000
2010/01/05,0,169000,-25000,144000
2010/01/06,0,108000,-56000,52000
2010/01/07,0,140000,-390000,-250000
2010/01/08,0,510000,-25640,484360
2010/01/11,0,616000,-582613,33387
2010/01/12,0,242000,-387789,-145789
2010/01/13,0,92000,-556000,-464000
2010/01/14,0,518000,-145000,373000
2010/01/15,0,156000,-322000,-166000
2010/01/18,0,131000,-55000,76000
2010/01/19,0,218000,-95000,123000
2010/01/20,0,122342,-272000,-149658
2010/01/21,0,16000,-71000,-55000
2010/01/22,0,273000,-335000,-62000
2010/01/25,0,41000,-32000,9000
2010/01/26,0,411000,-563000,-152000
2010/01/27,0,61000,-168000,-107000
2010/01/28,0,144000,-39000,105000
2010/01/29,0,227000,-32000,195000
2010/02/01,0,201000,-135000,66000
2010/02/02,0,70000,-227012,-157012
2010/02/03,0,460000,-539000,-79000
2010/02/04,0,287000,-223000,64000
2010/02/05,0,424000,-122000,302000
2010/02/08,0,722000,-279000,443000
2010/02/09,0,74000,-324826,-250826
2010/02/10,0,113000,-640864,-527864
2010/02/11,0,0,0,0
2010/02/12,0,0,0,0
2010/02/15,0,0,0,0
2010/02/16,0,0,0,0
2010/02/17,0,0,0,0
2010/02/18,0,0,0,0
2010/02/19,0,0,0,0
2010/02/22,0,302000,-453000,-151000
2010/02/23,0,95000,-644397,-549397
2010/02/24,0,234000,-646000,-412000
2010/02/25,0,157000,-150000,7000
2010/02/26,0,160000,-82000,78000
2010/03/01,0,197000,-257000,-60000
2010/03/02,0,116000,-411000,-295000
2010/03/03,0,14000,-123000,-109000
2010/03/04,0,186000,-86000,100000
2010/03/05,0,69000,-83000,-14000
2010/03/08,0,134000,-126000,8000
2010/03/09,0,36000,-28000,8000
2010/03/10,0,20000,-135000,-115000
2010/03/11,0,18000,-123000,-105000
2010/03/12,0,32000,-2000,30000
2010/03/15,0,249000,-92000,157000
2010/03/16,0,184000,-25000,159000
2010/03/17,0,133000,-94000,39000
2010/03/18,0,139000,-337000,-198000
2010/03/19,0,343000,-45000,298000
2010/03/22,0,206000,-120000,86000
2010/03/23,0,181000,-201000,-20000
2010/03/24,0,170000,-94000,76000
2010/03/25,0,149000,-57000,92000
2010/03/26,0,166000,-14000,152000
2010/03/29,0,582000,-326000,256000
2010/03/30,0,375000,-576000,-201000
2010/03/31,0,200000,-61000,139000
2010/04/01,0,171000,-230000,-59000
2010/04/02,0,53000,-20000,33000
2010/04/05,0,0,0,0
2010/04/06,0,55000,-132000,-77000
2010/04/07,0,126000,-413000,-287000
2010/04/08,0,64000,-46000,18000
2010/04/09,0,166000,-178000,-12000
2010/04/12,0,31000,-118000,-87000
2010/04/13,0,115000,-199000,-84000
2010/04/14,0,73000,-172000,-99000
2010/04/15,0,120000,-129000,-9000
2010/04/16,0,40000,-127000,-87000
2010/04/19,0,109000,-134000,-25000
2010/04/20,0,49000,-127035,-78035
2010/04/21,0,113000,-83000,30000
2010/04/22,0,31000,-72000,-41000
2010/04/23,0,98000,-59000,39000
2010/04/26,0,277000,-105000,172000
2010/04/27,0,182000,-46000,136000
2010/04/28,0,99000,-77404,21596
2010/04/29,0,160000,-100000,60000
2010/04/30,0,89000,-170000,-81000
2010/05/03,0,45000,-73000,-28000
2010/05/04,0,182000,-19600,162400
2010/05/05,0,85000,-169000,-84000
2010/05/06,0,220000,-166000,54000
2010/05/07,0,431000,-107000,324000
2010/05/10,0,139000,-40000,99000
2010/05/11,0,258000,-735083,-477083
2010/05/12,0,238000,-149000,89000
2010/05/13,0,49000,-83000,-34000
2010/05/14,0,235000,-130000,105000
2010/05/17,0,92000,-136000,-44000
2010/05/18,0,701000,-284000,417000
2010/05/19,0,396000,-57000,339000
2010/05/20,0,389000,-263000,126000
2010/05/21,0,349000,-130000,219000
2010/05/24,0,63000,-67000,-4000
2010/05/25,0,183000,-136070,46930
2010/05/26,0,68000,-24000,44000
2010/05/27,0,107000,-15000,92000
2010/05/28,0,42000,-69000,-27000
2010/05/31,0,33000,-10000,23000
2010/06/01,0,8000,-49000,-41000
2010/06/02,0,57000,-137000,-80000
2010/06/03,0,103000,-119000,-16000
2010/06/04,0,41000,-91000,-50000
2010/06/07,0,91000,-63000,28000
2010/06/08,0,91000,-76000,15000
2010/06/09,0,324000,-491000,-167000
2010/06/10,0,149000,-60000,89000
2010/06/11,0,49000,-147000,-98000
2010/06/14,0,140000,-101000,39000
2010/06/15,0,151000,-428000,-277000
2010/06/16,0,0,0,0
2010/06/17,0,603000,-395000,208000
2010/06/18,0,231000,-221000,10000
2010/06/21,0,105000,-169000,-64000
2010/06/22,0,128000,-85000,43000
2010/06/23,0,59000,-70000,-11000
2010/06/24,0,40000,-57915,-17915
2010/06/25,0,46000,-304000,-258000
2010/06/28,0,41000,-223000,-182000
2010/06/29,0,11000,-60000,-49000
2010/06/30,0,274000,-200000,74000
2010/07/01,0,56000,-59000,-3000
2010/07/02,0,159000,-26000,133000
2010/07/05,0,58000,-14000,44000
2010/07/06,0,450000,-251000,199000
2010/07/07,0,69000,-209000,-140000
2010/07/08,0,126000,-104000,22000
2010/07/09,0,46000,-39000,7000
2010/07/12,0,686000,-166000,520000
2010/07/13,0,202000,-377000,-175000
2010/07/14,0,278000,-104000,174000
2010/07/15,0,763000,-111000,652000
2010/07/16,0,248000,-1348000,-1100000
2010/07/19,0,0,-402000,-402000
2010/07/20,0,60000,-262000,-202000
2010/07/21,0,18000,-157000,-139000
2010/07/22,0,59000,-67000,-8000
2010/07/23,0,98000,-31184,66816
2010/07/26,0,82000,-48000,34000
2010/07/27,0,39000,-247000,-208000
2010/07/28,0,6000,-42000,-36000
2010/07/29,0,1000,-43000,-42000
2010/07/30,0,23000,-35000,-12000
2010/08/02,0,115000,-25000,90000
2010/08/03,0,8000,-100000,-92000
2010/08/04,0,3000,-69000,-66000
2010/08/05,0,270000,-37000,233000
2010/08/06,0,27000,-17000,10000
2010/08/09,0,29000,-8000,21000
2010/08/10,0,32000,-22000,10000
2010/08/11,0,79000,-71046,7954
2010/08/12,0,325000,-43150,281850
2010/08/13,0,168000,-35000,133000
2010/08/16,0,104000,-15000,89000
2010/08/17,0,37000,-29000,8000
2010/08/18,0,429000,-716000,-287000
2010/08/19,0,127000,-67000,60000
2010/08/20,0,326000,-211228,114772
2010/08/23,0,129000,-94000,35000
2010/08/24,0,77000,-51000,26000
2010/08/25,0,182000,-361000,-179000
2010/08/26,0,202000,-84000,118000
2010/08/27,0,134000,-86499,47501
2010/08/30,0,45000,-18000,27000
2010/08/31,0,137500,-155000,-17500
2010/09/01,0,191000,-411500,-220500
2010/09/02,0,55000,-118000,-63000
2010/09/03,0,197000,-27000,170000
2010/09/06,0,134000,-160000,-26000
2010/09/07,0,568000,-203500,364500
2010/09/08,0,375000,-266000,109000
2010/09/09,0,275000,-135000,140000
2010/09/10,0,79000,-101000,-22000
2010/09/13,0,58000,-355000,-297000
2010/09/14,0,237000,-103000,134000
2010/09/15,0,114000,-52000,62000
2010/09/16,0,167000,-195000,-28000
2010/09/17,0,316000,-55000,261000
2010/09/20,0,239000,-51000,188000
2010/09/21,0,220000,-107000,113000
2010/09/22,0,0,0,0
2010/09/23,0,55000,-31000,24000
2010/09/24,0,193000,-62000,131000
2010/09/27,0,430000,-429000,1000
2010/09/28,0,215000,-97000,118000
2010/09/29,0,192000,-52000,140000
2010/09/30,0,420000,-162000,258000
2010/10/01,0,48000,-24000,24000
2010/10/04,0,70000,-91000,-21000
2010/10/05,0,74000,-244150,-170150
2010/10/06,0,177010,-86000,91010
2010/10/07,0,86300,-127222,-40922
2010/10/08,0,85000,-28000,57000
2010/10/11,0,128000,-150000,-22000
2010/10/12,0,64000,-119000,-55000
2010/10/13,0,234000,-26000,208000
2010/10/14,0,234390,-389000,-154610
2010/10/15,0,1401000,-293000,1108000
2010/10/18,0,539000,-432000,107000
2010/10/19,0,152000,-135000,17000
2010/10/20,0,723000,-158000,565000
2010/10/21,0,718000,-471000,247000
2010/10/22,0,177000,-1054000,-877000
2010/10/25,0,922000,-526000,396000
2010/10/26,0,391000,-663000,-272000
2010/10/27,0,322000,-158000,164000
2010/10/28,0,475000,-133500,341500
2010/10/29,0,490000,-667000,-177000
2010/11/01,0,362000,-373000,-11000
2010/11/02,0,220445,-338000,-117555
2010/11/03,0,235000,-1443300,-1208300
2010/11/04,0,320000,-170000,150000
2010/11/05,0,262000,-66134,195866
2010/11/08,0,103000,-189000,-86000
2010/11/09,0,214000,-225000,-11000
2010/11/10,0,101000,-76000,25000
2010/11/11,0,63000,-728000,-665000
2010/11/12,0,7000,-99000,-92000
2010/11/15,0,106000,-371000,-265000
2010/11/16,0,218000,-171000,47000
2010/11/17,0,96000,-15000,81000
2010/11/18,0,145000,-63000,82000
2010/11/19,0,49000,-64000,-15000
2010/11/22,0,118000,-8150,109850
2010/11/23,0,38000,-52000,-14000
2010/11/24,0,30000,-68000,-38000
2010/11/25,0,43000,-26000,17000
2010/11/26,0,166000,-131000,35000
2010/11/29,0,71000,-121000,-50000
2010/11/30,0,76000,-3000,73000
2010/12/01,0,160000,-26000,134000
2010/12/02,0,149000,-98000,51000
2010/12/03,0,452000,-28000,424000
2010/12/06,0,136000,-672000,-536000
2010/12/07,0,34000,-178000,-144000
2010/12/08,0,632000,-154000,478000
2010/12/09,0,767000,-212000,555000
2010/12/10,0,166000,-223000,-57000
2010/12/13,0,159000,-90000,69000
2010/12/14,0,116000,-171000,-55000
2010/12/15,0,102000,-231000,-129000
2010/12/16,0,64000,-65000,-1000
2010/12/17,0,47000,-331000,-284000
2010/12/20,0,46000,-174000,-128000
2010/12/21,0,112000,-476000,-364000
2010/12/22,0,196000,-123000,73000
2010/12/23,0,24000,-192000,-168000
2010/12/24,0,130000,-47000,83000
2010/12/27,0,41000,-84000,-43000
2010/12/28,0,88000,-156000,-68000
2010/12/29,0,210000,-260000,-50000
2010/12/30,0,68000,-247000,-179000
2010/12/31,0,49000,-83000,-34000
2011/01/03,0,31000,-52150,-21150
2011/01/04,0,0,-170000,-170000
2011/01/05,0,29000,-283000,-254000
2011/01/06,0,33000,-105000,-72000
2011/01/07,0,70000,-104000,-34000
2011/01/10,0,15000,-123000,-108000
2011/01/11,0,109000,-105000,4000
2011/01/12,0,39000,-27000,12000
2011/01/13,0,30000,-94000,-64000
2011/01/14,0,1000,-192000,-191000
2011/01/17,0,2000,-103000,-101000
2011/01/18,0,381000,-47000,334000
2011/01/19,0,68000,-33000,35000
2011/01/20,0,11000,-107000,-96000
2011/01/21,0,121000,-389000,-268000
2011/01/24,0,17000,-192000,-175000
2011/01/25,0,26000,-47000,-21000
2011/01/26,0,20000,-4000,16000
2011/01/27,0,74000,-65000,9000
2011/01/28,0,9000,-57000,-48000
2011/01/31,0,0,0,0
2011/02/01,0,0,0,0
2011/02/02,0,0,0,0
2011/02/03,0,0,0,0
2011/02/04,0,0,0,0
2011/02/07,0,0,0,0
2011/02/08,0,269000,-174000,95000
2011/02/09,0,224000,-171000,53000
2011/02/10,0,27000,-370000,-343000
2011/02/11,0,129000,-250000,-121000
2011/02/14,0,0,-197000,-197000
2011/02/15,0,7000,-161000,-154000
2011/02/16,0,65000,-56000,9000
2011/02/17,0,19000,-79000,-60000
2011/02/18,0,67000,-16000,51000
2011/02/21,0,13000,-15000,-2000
2011/02/22,0,15000,-212000,-197000
2011/02/23,0,12000,-110000,-98000
2011/02/24,0,10000,-72590,-62590
2011/02/25,0,34000,-4110,29890
2011/02/28,0,0,0,0
2011/03/01,0,9000,-17000,-8000
2011/03/02,0,31000,-21000,10000
2011/03/03,0,27000,-43000,-16000
2011/03/04,0,14000,-32000,-18000
2011/03/07,0,17000,-33000,-16000
2011/03/08,0,42000,-11000,31000
2011/03/09,0,10000,-10000,0
2011/03/10,0,27000,-10000,17000
2011/03/11,0,28000,-48000,-20000
2011/03/14,0,29000,-168000,-139000
2011/03/15,0,36000,-144000,-108000
2011/03/16,0,120000,-8000,112000
2011/03/17,0,137000,-210000,-73000
2011/03/18,0,52000,-84000,-32000
2011/03/21,0,14000,-20000,-6000
2011/03/22,0,46000,-73000,-27000
2011/03/23,0,270000,-157000,113000
2011/03/24,0,111000,-76000,35000
2011/03/25,0,9000,-1000,8000
2011/03/28,0,3000,-42000,-39000
2011/03/29,0,21000,-19000,2000
2011/03/30,0,51000,-68000,-17000
2011/03/31,0,39000,-29000,10000
2011/04/01,0,28000,-39000,-11000
2011/04/04,0,0,0,0
2011/04/05,0,0,0,0
2011/04/06,0,34000,-3000,31000
2011/04/07,0,57000,-1000,56000
2011/04/08,0,158000,-38000,120000
2011/04/11,0,17000,-19000,-2000
2011/04/12,0,67000,-22000,45000
2011/04/13,0,8000,-82000,-74000
2011/04/14,0,11000,-22468,-11468
2011/04/15,0,11000,-50000,-39000
2011/04/18,0,113000,-26000,87000
2011/04/19,0,8000,-85000,-77000
2011/04/20,0,27000,-5000,22000
2011/04/21,0,10000,-15000,-5000
2011/04/22,0,3000,-6000,-3000
2011/04/25,0,10000,-29000,-19000
2011/04/26,0,20000,-36000,-16000
2011/04/27,0,1000,-38000,-37000
2011/04/28,0,25000,-27400,-2400
2011/04/29,0,52000,-14000,38000
2011/05/02,0,0,0,0
2011/05/03,0,27000,-3000,24000
2011/05/04,0,72000,-15000,57000
2011/05/05,0,301000,-46000,255000
2011/05/06,0,31000,-35000,-4000
2011/05/09,0,19000,-15000,4000
2011/05/10,0,8000,-28000,-20000
2011/05/11,0,45000,-38252,6748
2011/05/12,0,6000,-34000,-28000
2011/05/13,0,9000,-16000,-7000
2011/05/16,0,152000,-6000,146000
2011/05/17,0,9000,-64000,-55000
2011/05/18,0,68000,-303000,-235000
2011/05/19,0,243000,-48832,194168
2011/05/20,0,20000,-62000,-42000
2011/05/23,0,2000,-141000,-139000
2011/05/24,0,7000,-18000,-11000
2011/05/25,0,8000,-28000,-20000
2011/05/26,0,7000,-13000,-6000
2011/05/27,0,26000,-97000,-71000
2011/05/30,0,82000,-40000,42000
2011/05/31,0,90000,-27000,63000
2011/06/01,0,269000,-53000,216000
2011/06/02,0,31000,-30000,1000
2011/06/03,0,27000,-2000,25000
2011/06/06,0,0,0,0
2011/06/07,0,15000,-15000,0
2011/06/08,0,11000,-11000,0
2011/06/09,0,0,-23000,-23000
2011/06/10,0,8000,-106000,-98000
2011/06/13,0,3000,-59000,-56000
2011/06/14,0,23000,-3000,20000
2011/06/15,0,12000,-15000,-3000
2011/06/16,0,10000,-25000,-15000
2011/06/17,0,15000,-38000,-23000
2011/06/20,0,4000,-109000,-105000
2011/06/21,0,28000,-72000,-44000
2011/06/22,0,34000,-32000,2000
2011/06/23,0,34000,-4000,30000
2011/06/24,0,36000,-11850,24150
2011/06/27,0,958000,-52000,906000
2011/06/28,0,46000,-826000,-780000
2011/06/29,0,69000,-117000,-48000
2011/06/30,0,65000,-124000,-59000
2011/07/01,0,28000,-50000,-22000
2011/07/04,0,99000,-70000,29000
2011/07/05,0,938000,-49404,888596
2011/07/06,0,602000,-109000,493000
2011/07/07,0,169000,-771000,-602000
2011/07/08,0,16000,-209000,-193000
2011/07/11,0,12000,-537000,-525000
2011/07/12,0,4000,-166000,-162000
2011/07/13,0,1000,-91000,-90000
2011/07/14,0,10000,-81000,-71000
2011/07/15,0,96000,-24000,72000
2011/07/18,0,51000,-22000,29000
2011/07/19,0,48000,-100000,-52000
2011/07/20,0,11000,-45000,-34000
2011/07/21,0,26000,-14000,12000
2011/07/22,0,15000,-94000,-79000
2011/07/25,0,18000,-22000,-4000
2011/07/26,0,45000,-24000,21000
2011/07/27,0,112000,-28000,84000
2011/07/28,0,20000,-122000,-102000
2011/07/29,0,173000,-117000,56000
2011/08/01,0,356000,-151000,205000
2011/08/02,0,20000,-282000,-262000
2011/08/03,0,33000,-79000,-46000
2011/08/04,0,40000,-311000,-271000
2011/08/05,0,6000,-38000,-32000
2011/08/08,0,12000,-57000,-45000
2011/08/09,0,26000,-129000,-103000
2011/08/10,0,73000,-18000,55000
2011/08/11,0,14000,-23000,-9000
2011/08/12,0,28000,-33000,-5000
2011/08/15,0,25000,-20000,5000
2011/08/16,0,33000,-26000,7000
2011/08/17,0,0,-8000,-8000
2011/08/18,0,1000,-13000,-12000
2011/08/19,0,0,-96000,-96000
2011/08/22,0,20000,-30758,-10758
2011/08/23,0,49000,-261,48739
2011/08/24,0,22000,-39410,-17410
2011/08/25,0,32000,-15000,17000
2011/08/26,0,21000,-3000,18000
2011/08/29,0,38000,0,38000
2011/08/30,0,74000,-7069,66931
2011/08/31,0,46000,-1665,44335
2011/09/01,0,15000,-104000,-89000
2011/09/02,0,3000,0,3000
2011/09/05,0,17000,-52280,-35280
2011/09/06,0,5000,-99956,-94956
2011/09/07,0,14000,0,14000
2011/09/08,0,4000,-11000,-7000
2011/09/09,0,6000,-5000,1000
2011/09/12,0,0,0,0
2011/09/13,0,0,-10836,-10836
2011/09/14,0,33000,-17000,16000
2011/09/15,0,31000,-7000,24000
2011/09/16,0,65000,-20000,45000
2011/09/19,0,12000,-12000,0
2011/09/20,0,105000,-29000,76000
2011/09/21,0,31000,-62000,-31000
2011/09/22,0,38000,-10000,28000
2011/09/23,0,13000,-64000,-51000
2011/09/26,0,22000,-44000,-22000
2011/09/27,0,51000,-20000,31000
2011/09/28,0,10000,-10500,-500
2011/09/29,0,51000,-8000,43000
2011/09/30,0,57000,-42000,15000
2011/10/03,0,0,-49000,-49000
2011/10/04,0,23000,0,23000
2011/10/05,0,24000,-5500,18500
2011/10/06,0,6000,-9000,-3000
2011/10/07,0,15000,-83000,-68000
2011/10/10,0,0,0,0
2011/10/11,0,67000,-8000,59000
2011/10/12,0,0,-20000,-20000
2011/10/13,0,1000,-14000,-13000
2011/10/14,0,38000,-36000,2000
2011/10/17,0,50000,-22190,27810
2011/10/18,0,50000,-1000,49000
2011/10/19,0,94000,-8000,86000
2011/10/20,0,114000,-22000,92000
2011/10/21,0,53030,-18996,34034
2011/10/24,0,80000,-3000,77000
2011/10/25,0,71000,-595,70405
2011/10/26,0,109000,-5000,104000
2011/10/27,0,1000,-2000,-1000
2011/10/28,0,0,-23000,-23000
2011/10/31,0,0,-1648,-1648
2011/11/01,0,2000,-12000,-10000
2011/11/02,0,0,-1000,-1000
2011/11/03,0,7000,-21000,-14000
2011/11/04,0,5000,-26000,-21000
2011/11/07,0,80000,-35000,45000
2011/11/08,0,28000,-6000,22000
2011/11/09,0,0,-43000,-43000
2011/11/10,0,89000,-9000,80000
2011/11/11,0,0,-3000,-3000
2011/11/14,0,3039,0,3039
2011/11/15,0,39000,-12000,27000
2011/11/16,0,0,-8000,-8000
2011/11/17,0,11000,-3000,8000
2011/11/18,0,54000,-6000,48000
2011/11/21,0,27000,-29000,-2000
2011/11/22,0,16000,-20000,-4000
2011/11/23,0,156000,-2000,154000
2011/11/24,0,23000,-30000,-7000
2011/11/25,0,11000,-20000,-9000
2011/11/28,0,3000,-5000,-2000
2011/11/29,0,17000,-12000,5000
2011/11/30,0,1000,-13000,-12000
2011/12/01,0,45000,-137000,-92000
2011/12/02,0,5000,-32000,-27000
2011/12/05,0,5000,0,5000
2011/12/06,0,33000,-2000,31000
2011/12/07,0,5000,-22000,-17000
2011/12/08,0,16000,-35000,-19000
2011/12/09,0,23000,-6000,17000
2011/12/12,0,18000,0,18000
2011/12/13,0,11000,0,11000
2011/12/14,0,8000,-80000,-72000
2011/12/15,0,16000,-7000,9000
2011/12/16,0,7000,0,7000
2011/12/19,0,48000,-5000,43000
2011/12/20,0,22000,-2000,20000
2011/12/21,0,15000,-54000,-39000
2011/12/22,0,4000,-12000,-8000
2011/12/23,0,12000,-10000,2000
2011/12/26,0,41000,0,41000
2011/12/27,0,10000,-8000,2000
2011/12/28,0,18000,-21000,-3000
2011/12/29,0,36000,-6000,30000
2011/12/30,0,15000,0,15000
2012/01/02,0,29000,-2000,27000
2012/01/03,0,15000,-81906,-66906
2012/01/04,0,1000,-12000,-11000
2012/01/05,0,17000,-1000,16000
2012/01/06,0,41000,-12000,29000
2012/01/09,0,11000,-31595,-20595
2012/01/10,0,123000,-78000,45000
2012/01/11,0,56000,-24000,32000
2012/01/12,0,150000,-21451,128549
2012/01/13,0,86000,-15000,71000
2012/01/16,0,20000,-62000,-42000
2012/01/17,0,36000,-71000,-35000
2012/01/18,0,12000,-53000,-41000
2012/01/19,0,0,0,0
2012/01/20,0,0,0,0
2012/01/23,0,0,0,0
2012/01/24,0,0,0,0
2012/01/25,0,0,0,0
2012/01/26,0,0,0,0
2012/01/27,0,0,0,0
2012/01/30,0,18000,-29000,-11000
2012/01/31,0,216000,-31000,185000
2012/02/01,0,216000,-95000,121000
2012/02/02,0,214000,-57000,157000
2012/02/03,0,54000,-30000,24000
2012/02/06,0,58000,-67000,-9000
2012/02/07,0,6000,-53000,-47000
2012/02/08,0,74000,-201000,-127000
2012/02/09,0,126000,-131000,-5000
2012/02/10,0,68000,-89000,-21000
2012/02/13,0,94000,-43000,51000
2012/02/14,0,136000,-94000,42000
2012/02/15,0,55000,-97000,-42000
2012/02/16,0,141000,-72000,69000
2012/02/17,0,227000,-90000,137000
2012/02/20,0,68000,-137000,-69000
2012/02/21,0,35000,-56000,-21000
2012/02/22,0,75000,-140000,-65000
2012/02/23,0,54000,-80000,-26000
2012/02/24,0,13000,-43000,-30000
2012/02/27,0,0,0,0
2012/02/28,0,0,0,0
2012/02/29,0,51000,-96544,-45544
2012/03/01,0,186000,-15000,171000
2012/03/02,0,48000,-47000,1000
2012/03/05,0,29000,-51000,-22000
2012/03/06,0,70000,-66000,4000
2012/03/07,0,33000,-37000,-4000
2012/03/08,0,14000,-63000,-49000
2012/03/09,0,213000,-35000,178000
2012/03/12,0,158000,-68000,90000
2012/03/13,0,20000,-173000,-153000
2012/03/14,0,46000,-72000,-26000
2012/03/15,0,41000,-4000,37000
2012/03/16,0,50000,-26000,24000
2012/03/19,0,67000,-19000,48000
2012/03/20,0,2000,-20000,-18000
2012/03/21,0,7000,-32000,-25000
2012/03/22,0,7000,-22000,-15000
2012/03/23,0,1000,-45000,-44000
2012/03/26,0,7000,-53000,-46000
2012/03/27,0,6000,-5000,1000
2012/03/28,0,64000,-17000,47000
2012/03/29,0,82000,-47507,34493
2012/03/30,0,8000,-30000,-22000
2012/04/02,0,11000,-35000,-24000
2012/04/03,0,108000,-49000,59000
2012/04/04,0,0,0,0
2012/04/05,0,7000,-31000,-24000
2012/04/06,0,14000,-48000,-34000
2012/04/09,0,9000,-63000,-54000
2012/04/10,0,29000,-1000,28000
2012/04/11,0,22000,-10000,12000
2012/04/12,0,46000,-31000,15000
2012/04/13,0,9000,-41000,-32000
2012/04/16,0,6000,-18000,-12000
2012/04/17,0,33000,-18000,15000
2012/04/18,0,10000,-67000,-57000
2012/04/19,0,43000,-78000,-35000
2012/04/20,0,22000,-19000,3000
2012/04/23,0,25000,-26000,-1000
2012/04/24,0,44000,-40000,4000
2012/04/25,0,35000,-50000,-15000
2012/04/26,0,19001,-37000,-17999
2012/04/27,0,53000,-17503,35497
2012/04/30,0,24000,-14000,10000
2012/05/01,0,0,0,0
2012/05/02,0,25000,-67000,-42000
2012/05/03,0,20000,-39000,-19000
2012/05/04,0,39000,-22000,17000
2012/05/07,0,15000,-45000,-30000
2012/05/08,0,12000,-32397,-20397
2012/05/09,0,0,-15000,-15000
2012/05/10,0,17000,-13000,4000
2012/05/11,0,21000,-8000,13000
2012/05/14,0,11000,-18000,-7000
2012/05/15,0,13000,-51000,-38000
2012/05/16,0,5000,-9000,-4000
2012/05/17,0,7000,-15000,-8000
2012/05/18,0,21000,-31000,-10000
2012/05/21,0,1000,-15000,-14000
2012/05/22,0,11000,-8000,3000
2012/05/23,0,17000,-7000,10000
2012/05/24,0,23000,-8000,15000
2012/05/25,0,19000,-6000,13000
2012/05/28,0,19000,-10000,9000
2012/05/29,0,14000,-8000,6000
2012/05/30,0,0,0,0
2012/05/31,0,7000,-15000,-8000
2012/06/01,0,32000,-2000,30000
2012/06/04,0,18000,-39000,-21000
2012/06/05,0,11000,-7000,4000
2012/06/06,0,5000,-10000,-5000
2012/06/07,0,17000,-6000,11000
2012/06/08,0,8000,-11305,-3305
2012/06/11,0,5000,-4000,1000
2012/06/12,0,43000,-1000,42000
2012/06/13,0,30000,-32000,-2000
2012/06/14,0,9000,-22000,-13000
2012/06/15,0,0,-7000,-7000
2012/06/18,0,3000,-6000,-3000
2012/06/19,0,12000,-1000,11000
2012/06/20,0,65000,-62000,3000
2012/06/21,0,112000,-62000,50000
2012/06/22,0,207000,-10000,197000
2012/06/25,0,61000,-66000,-5000
2012/06/26,0,548000,-18000,530000
2012/06/27,0,1712000,-59000,1653000
2012/06/28,0,102000,-1563000,-1461000
2012/06/29,0,38000,-401000,-363000
2012/07/02,0,61000,-17000,44000
2012/07/03,0,111000,-78000,33000
2012/07/04,0,37000,-363000,-326000
2012/07/05,0,9000,-38000,-29000
2012/07/06,0,63000,-53000,10000
2012/07/09,0,98000,-54000,44000
2012/07/10,0,153000,-77000,76000
2012/07/11,0,89000,-409000,-320000
2012/07/12,0,67000,-75000,-8000
2012/07/13,0,34000,-100000,-66000
2012/07/16,0,3000,-49000,-46000
2012/07/17,0,33000,-46000,-13000
2012/07/18,0,15000,-77000,-62000
2012/07/19,0,33000,-55070,-22070
2012/07/20,0,10000,-18000,-8000
2012/07/23,0,119000,-127000,-8000
2012/07/24,0,83000,-25000,58000
2012/07/25,0,34200,-100000,-65800
2012/07/26,0,113000,-26000,87000
2012/07/27,0,86000,-137000,-51000
2012/07/30,0,83000,-154000,-71000
2012/07/31,0,63000,-81000,-18000
2012/08/01,0,20000,-56000,-36000
2012/08/02,0,0,0,0
2012/08/03,0,14000,-17000,-3000
2012/08/06,0,101000,-30000,71000
2012/08/07,0,55000,-18000,37000
2012/08/08,0,79000,-36000,43000
2012/08/09,0,140000,-72000,68000
2012/08/10,0,55000,-110000,-55000
2012/08/13,0,67000,-33000,34000
2012/08/14,0,154000,-99000,55000
2012/08/15,0,108000,-94000,14000
2012/08/16,0,288000,-65000,223000
2012/08/17,0,142000,-195000,-53000
2012/08/20,0,29000,-49000,-20000
2012/08/21,0,100000,-95000,5000
2012/08/22,0,15000,-29000,-14000
2012/08/23,0,18000,-14000,4000
2012/08/24,0,68000,-27345,40655
2012/08/27,0,77000,-196420,-119420
2012/08/28,0,74000,-93000,-19000
2012/08/29,0,23000,-27520,-4520
2012/08/30,0,29000,-36000,-7000
2012/08/31,0,72000,-34550,37450
2012/09/03,0,34000,-135000,-101000
2012/09/04,0,18000,-33000,-15000
2012/09/05,0,36215,-24000,12215
2012/09/06,0,49000,-96000,-47000
2012/09/07,0,35000,-8000,27000
2012/09/10,0,125000,-62000,63000
2012/09/11,0,23000,0,23000
2012/09/12,0,151000,-114000,37000
2012/09/13,0,164000,-18400,145600
2012/09/14,0,17000,-126000,-109000
2012/09/17,0,18000,-14000,4000
2012/09/18,0,26000,-28000,-2000
2012/09/19,0,42000,-59455,-17455
2012/09/20,0,9000,-26000,-17000
2012/09/21,0,2000,-15000,-13000
2012/09/24,0,28000,-13000,15000
2012/09/25,0,22000,-42000,-20000
2012/09/26,0,22000,-51000,-29000
2012/09/27,0,19000,-5000,14000
2012/09/28,0,46000,-22000,24000
2012/10/01,0,7000,-32000,-25000
2012/10/02,0,2000,-1910,90
2012/10/03,0,33000,-21000,12000
2012/10/04,0,49000,-7035,41965
2012/10/05,0,10000,-121000,-111000
2012/10/08,0,11000,-12000,-1000
2012/10/09,0,21000,-14052,6948
2012/10/10,0,0,0,0
2012/10/11,0,61000,-72000,-11000
2012/10/12,0,57000,-25000,32000
2012/10/15,0,64000,-11000,53000
2012/10/16,0,40000,-24000,16000
2012/10/17,0,44000,-18000,26000
2012/10/18,0,54000,-24000,30000
2012/10/19,0,94000,-17000,77000
2012/10/22,0,0,-11000,-11000
2012/10/23,0,90000,-39000,51000
2012/10/24,0,102000,-69000,33000
2012/10/25,0,29000,-50000,-21000
2012/10/26,0,68000,-69000,-1000
2012/10/29,0,65000,-10000,55000
2012/10/30,0,50000,-22000,28000
2012/10/31,0,29000,-13000,16000
2012/11/01,0,56000,-20000,36000
2012/11/02,0,36000,-3000,33000
2012/11/05,0,47000,-7000,40000
2012/11/06,0,26000,-6000,20000
2012/11/07,0,13000,-11000,2000
2012/11/08,0,11000,0,11000
2012/11/09,0,37000,-3000,34000
2012/11/12,0,0,-10000,-10000
2012/11/13,0,43000,-17000,26000
2012/11/14,0,10000,-20000,-10000
2012/11/15,0,17000,-8035,8965
2012/11/16,0,29000,-5000,24000
2012/11/19,0,8000,-10000,-2000
2012/11/20,0,20000,-12190,7810
2012/11/21,0,32000,-67195,-35195
2012/11/22,0,28000,-9000,19000
2012/11/23,0,7000,-2000,5000
2012/11/26,0,12000,-8000,4000
2012/11/27,0,5000,-1000,4000
2012/11/28,0,130000,-2000,128000
2012/11/29,0,111000,-11000,100000
2012/11/30,0,18000,-31525,-13525
2012/12/03,0,7000,-62000,-55000
2012/12/04,0,16000,-7000,9000
2012/12/05,0,48000,-7000,41000
2012/12/06,0,60000,-26000,34000
2012/12/07,0,50000,-28000,22000
2012/12/10,0,4000,-99000,-95000
2012/12/11,0,15000,-54000,-39000
2012/12/12,0,24000,-30000,-6000
2012/12/13,0,24000,-12000,12000
2012/12/14,0,10000,-16000,-6000
2012/12/17,0,14000,-5000,9000
2012/12/18,0,44000,-62000,-18000
2012/12/19,0,12000,-53000,-41000
2012/12/20,0,13000,-76000,-63000
2012/12/21,0,6000,-16000,-10000
2012/12/24,0,6000,-5000,1000
2012/12/25,0,13000,-3000,10000
2012/12/26,0,5000,-1000,4000
2012/12/27,0,0,-8000,-8000
2012/12/28,0,6000,-37000,-31000
2012/12/31,0,0,0,0
2013/01/01,0,0,0,0
2013/01/02,0,608000,-12000,596000
2013/01/03,0,30000,-172000,-142000
2013/01/04,0,471000,-42000,429000
2013/01/07,0,27000,-8000,19000
2013/01/08,0,9000,-63711,-54711
2013/01/09,0,139000,-79000,60000
2013/01/10,0,23000,-128000,-105000
2013/01/11,0,56000,-30000,26000
2013/01/14,0,281000,-110000,171000
2013/01/15,0,7000,-200000,-193000
2013/01/16,0,105000,-151000,-46000
2013/01/17,0,83000,-196000,-113000
2013/01/18,0,242000,-132000,110000
2013/01/21,0,54000,-185000,-131000
2013/01/22,0,361000,-76000,285000
2013/01/23,0,397000,-31000,366000
2013/01/24,0,79000,-753000,-674000
2013/01/25,0,180000,-129000,51000
2013/01/28,0,83000,-50000,33000
2013/01/29,0,73000,-9000,64000
2013/01/30,0,114000,-35000,79000
2013/01/31,0,45000,-106000,-61000
2013/02/01,0,32000,-9000,23000
2013/02/04,0,58000,-16000,42000
2013/02/05,0,10000,-51000,-41000
2013/02/06,0,7000,-23000,-16000
2013/02/07,0,0,0,0
2013/02/08,0,0,0,0
2013/02/11,0,0,0,0
2013/02/12,0,0,0,0
2013/02/13,0,0,0,0
2013/02/14,0,0,0,0
2013/02/15,0,0,0,0
2013/02/18,0,155000,-10000,145000
2013/02/19,0,81000,-47000,34000
2013/02/20,0,87000,-26000,61000
2013/02/21,0,298000,0,298000
2013/02/22,0,17000,-238000,-221000
2013/02/25,0,0,-13000,-13000
2013/02/26,0,1000,-47000,-46000
2013/02/27,0,29000,-14000,15000
2013/02/28,0,0,0,0
2013/03/01,0,121000,-78000,43000
2013/03/04,0,116000,-19000,97000
2013/03/05,0,95000,-7000,88000
2013/03/06,0,18000,-26000,-8000
2013/03/07,0,155000,-6000,149000
2013/03/08,0,7000,-37000,-30000
2013/03/11,0,77000,-16000,61000
2013/03/12,0,23000,-311000,-288000
2013/03/13,0,114000,-107000,7000
2013/03/14,0,58000,-15000,43000
2013/03/15,0,122000,-60000,62000
2013/03/18,0,48000,-77000,-29000
2013/03/19,0,213000,-24000,189000
2013/03/20,0,66000,-142000,-76000
2013/03/21,0,32000,-130000,-98000
2013/03/22,0,25000,-26000,-1000
2013/03/25,0,0,-175000,-175000
2013/03/26,0,140000,-39000,101000
2013/03/27,0,43000,-55000,-12000
2013/03/28,0,1000,-65000,-64000
2013/03/29,0,0,-2000,-2000
2013/04/01,0,49000,-65000,-16000
2013/04/02,0,201000,-35000,166000
2013/04/03,0,137000,-65840,71160
2013/04/04,0,0,0,0
2013/04/05,0,0,0,0
2013/04/08,0,257000,-72070,184930
2013/04/09,0,80000,-131000,-51000
2013/04/10,0,2000,-21000,-19000
2013/04/11,0,5000,-16000,-11000
2013/04/12,0,109000,-5000,104000
2013/04/15,0,122000,-40000,82000
2013/04/16,0,0,-97000,-97000
2013/04/17,0,59000,-121000,-62000
2013/04/18,0,32000,-5000,27000
2013/04/19,0,525000,-1000,524000
2013/04/22,0,21000,-330000,-309000
2013/04/23,0,294000,-29000,265000
2013/04/24,0,152000,-58000,94000
2013/04/25,0,3000,-136000,-133000
2013/04/26,0,59000,-344000,-285000
2013/04/29,0,40000,-12000,28000
2013/04/30,0,43000,-30000,13000
2013/05/01,0,0,0,0
2013/05/02,0,11000,-33000,-22000
2013/05/03,0,186000,-7000,179000
2013/05/06,0,174000,-211000,-37000
2013/05/07,0,19000,-422000,-403000
2013/05/08,0,18000,-40000,-22000
2013/05/09,0,47000,-47000,0
2013/05/10,0,24000,-20000,4000
2013/05/13,0,6000,-56000,-50000
2013/05/14,0,7000,-19000,-12000
2013/05/15,0,329000,-66000,263000
2013/05/16,0,45000,-326000,-281000
2013/05/17,0,9000,-25000,-16000
2013/05/20,0,140000,-26000,114000
2013/05/21,0,39000,-136000,-97000
2013/05/22,0,17000,-20000,-3000
2013/05/23,0,26000,-35000,-9000
2013/05/24,0,0,-31000,-31000
2013/05/27,0,10000,0,10000
2013/05/28,0,5000,-9000,-4000
2013/05/29,0,0,0,0
2013/05/30,0,0,-18000,-18000
2013/05/31,0,0,-13000,-13000
2013/06/03,0,52000,-7000,45000
2013/06/04,0,10000,-65000,-55000
2013/06/05,0,11000,-41455,-30455
2013/06/06,0,3000,-9000,-6000
2013/06/07,0,9000,-20000,-11000
2013/06/10,0,9000,0,9000
2013/06/11,0,5000,-32000,-27000
2013/06/12,0,0,0,0
2013/06/13,0,27000,-44000,-17000
2013/06/14,0,157000,-26000,131000
2013/06/17,0,67000,-112000,-45000
2013/06/18,0,164000,-24000,140000
2013/06/19,0,179000,-7000,172000
2013/06/20,0,69000,-66000,3000
2013/06/21,0,373000,-183000,190000
2013/06/24,0,83000,-45000,38000
2013/06/25,0,61000,-33000,28000
2013/06/26,0,117000,-29000,88000
2013/06/27,0,674000,-45000,629000
2013/06/28,0,33000,-423000,-390000
2013/07/01,0,72000,-93000,-21000
2013/07/02,0,123000,-501000,-378000
2013/07/03,0,32000,-55000,-23000
2013/07/04,0,23000,-152000,-129000
2013/07/05,0,18000,-256000,-238000
2013/07/08,0,1000,-17000,-16000
2013/07/09,0,4000,-45000,-41000
2013/07/10,0,35000,-15000,20000
2013/07/11,0,121000,-27550,93450
2013/07/12,0,31000,-98000,-67000
2013/07/15,0,121000,-77000,44000
2013/07/16,0,97000,-35000,62000
2013/07/17,0,20000,-109000,-89000
2013/07/18,0,25000,-50000,-25000
2013/07/19,0,23000,-118000,-95000
2013/07/22,0,23000,-429000,-406000
2013/07/23,0,21000,-283000,-262000
2013/07/24,0,7000,-40000,-33000
2013/07/25,0,295000,-393000,-98000
2013/07/26,0,116000,-4000,112000
2013/07/29,0,0,-22000,-22000
2013/07/30,0,92000,-18000,74000
2013/07/31,0,8000,-36000,-28000
2013/08/01,0,5000,-11000,-6000
2013/08/02,0,16000,-10000,6000
2013/08/05,0,9000,-3000,6000
2013/08/06,0,0,-9000,-9000
2013/08/07,0,22000,-178000,-156000
2013/08/08,0,62000,-43000,19000
2013/08/09,0,13000,-52000,-39000
2013/08/12,0,85000,-26000,59000
2013/08/13,0,271000,-132000,139000
2013/08/14,0,150000,-53000,97000
2013/08/15,0,56000,-35000,21000
2013/08/16,0,30000,-71000,-41000
2013/08/19,0,47000,-44000,3000
2013/08/20,0,92000,-250000,-158000
2013/08/21,0,0,0,0
2013/08/22,0,200000,-173500,26500
2013/08/23,0,36000,-2000,34000
2013/08/26,0,21000,-11000,10000
2013/08/27,0,68000,-72000,-4000
2013/08/28,0,30000,-35000,-5000
2013/08/29,0,20000,-8000,12000
2013/08/30,0,22000,-322000,-300000
2013/09/02,0,12000,-2000,10000
2013/09/03,0,214000,-49000,165000
2013/09/04,0,116000,-55000,61000
2013/09/05,0,59000,-60070,-1070
2013/09/06,0,8000,0,8000
2013/09/09,0,0,-48000,-48000
2013/09/10,0,10000,-120000,-110000
2013/09/11,0,51000,0,51000
2013/09/12,0,15000,-4000,11000
2013/09/13,0,20000,-8000,12000
2013/09/16,0,22000,-3000,19000
2013/09/17,0,0,-69170,-69170
2013/09/18,0,12000,-130200,-118200
2013/09/19,0,0,0,0
2013/09/20,0,0,0,0
2013/09/23,0,50000,-13030,36970
2013/09/24,0,171000,-81000,90000
2013/09/25,0,299000,-23191,275809
2013/09/26,0,31000,-91000,-60000
2013/09/27,0,98000,-64000,34000
2013/09/30,0,74000,-17000,57000
2013/10/01,0,248000,-85000,163000
2013/10/02,0,99000,-23000,76000
2013/10/03,0,20000,-36000,-16000
2013/10/04,0,55000,-13000,42000
2013/10/07,0,121000,-33000,88000
2013/10/08,0,20000,-25000,-5000
2013/10/09,0,69000,-255070,-186070
2013/10/10,0,0,0,0
2013/10/11,0,61000,-69000,-8000
2013/10/14,0,75000,-81000,-6000
2013/10/15,0,95000,-11000,84000
2013/10/16,0,382997,-73040,309957
2013/10/17,0,81000,-301000,-220000
2013/10/18,0,85000,-12000,73000
2013/10/21,0,28000,-26000,2000
2013/10/22,0,99003,-45000,54003
2013/10/23,0,19000,-104000,-85000
2013/10/24,0,62000,-8000,54000
2013/10/25,0,114000,-142000,-28000
2013/10/28,0,102000,-33000,69000
2013/10/29,0,13000,-82000,-69000
2013/10/30,0,50000,-49000,1000
2013/10/31,0,9000,-38000,-29000
2013/11/01,0,64000,-10000,54000
2013/11/04,0,77000,-1000,76000
2013/11/05,0,39000,-18000,21000
2013/11/06,0,81000,0,81000
2013/11/07,0,370000,-226000,144000
2013/11/08,0,119000,-300000,-181000
2013/11/11,0,92000,-103070,-11070
2013/11/12,0,71000,-22000,49000
2013/11/13,0,73000,-96000,-23000
2013/11/14,0,72000,-34000,38000
2013/11/15,0,236000,-62000,174000
2013/11/18,0,108000,-233000,-125000
2013/11/19,0,161000,-24000,137000
2013/11/20,0,109000,-150230,-41230
2013/11/21,0,174000,-104000,70000
2013/11/22,0,208000,-23000,185000
2013/11/25,0,94000,-127000,-33000
2013/11/26,0,187000,-53000,134000
2013/11/27,0,27000,-42000,-15000
2013/11/28,0,79000,-79000,0
2013/11/29,0,14000,-38000,-24000
2013/12/02,0,62000,-65000,-3000
2013/12/03,0,40000,-38000,2000
2013/12/04,0,52000,-90000,-38000
2013/12/05,0,72000,-133000,-61000
2013/12/06,0,21000,-39000,-18000
2013/12/09,0,333000,-46000,287000
2013/12/10,0,17000,-283000,-266000
2013/12/11,0,2000,-96000,-94000
2013/12/12,0,32000,-43000,-11000
2013/12/13,0,76000,-94000,-18000
2013/12/16,0,311000,-15000,296000
2013/12/17,0,105000,-174000,-69000
2013/12/18,0,75000,-185000,-110000
2013/12/19,0,39000,-118000,-79000
2013/12/20,0,9000,-138440,-129440
2013/12/23,0,47000,-9000,38000
2013/12/24,0,12000,-28000,-16000
2013/12/25,0,112000,-90000,22000
2013/12/26,0,98000,-144000,-46000
2013/12/27,0,34000,-21000,13000
2013/12/30,0,4000,-9000,-5000
2013/12/31,0,14000,-42000,-28000
2014/01/02,0,1698000,-71000,1627000
2014/01/03,0,79000,-553000,-474000
2014/01/06,0,153000,-562000,-409000
2014/01/07,0,135000,-420000,-285000
2014/01/08,0,675000,-153000,522000
2014/01/09,0,441000,-263000,178000
2014/01/10,0,19000,-352000,-333000
2014/01/13,0,96000,-176000,-80000
2014/01/14,0,25000,-78000,-53000
2014/01/15,0,147000,-138000,9000
2014/01/16,0,101000,-225000,-124000
2014/01/17,0,72000,-91000,-19000
2014/01/20,0,149000,-37000,112000
2014/01/21,0,61000,-56000,5000
2014/01/22,0,216000,-301000,-85000
2014/01/23,0,84000,-108000,-24000
2014/01/24,0,64000,-219000,-155000
2014/01/27,0,0,-239000,-239000
2014/02/05,0,118000,-184000,-66000
2014/02/06,0,55000,-11272,43728
2014/02/07,0,110000,-49000,61000
2014/02/10,0,27000,-65000,-38000
2014/02/11,0,164000,-46000,118000
2014/02/12,0,61000,-80000,-19000
2014/02/13,0,77000,-84000,-7000
2014/02/14,0,62000,-106000,-44000
2014/02/17,0,54000,-52000,2000
2014/02/18,0,24000,-80000,-56000
2014/02/19,0,75000,-29000,46000
2014/02/20,0,15000,-200000,-185000
2014/02/21,0,25200,-70000,-44800
2014/02/24,0,113000,-88000,25000
2014/02/25,0,12800,-15000,-2200
2014/02/26,0,216000,-30000,186000
2014/02/27,0,197000,-102000,95000
2014/03/03,0,5000,-131000,-126000
2014/03/04,0,40000,-48000,-8000
2014/03/05,0,116000,-164000,-48000
2014/03/06,0,16000,-41000,-25000
2014/03/07,0,12000,-67000,-55000
2014/03/10,0,33000,-64000,-31000
2014/03/11,0,25000,-23000,2000
2014/03/12,0,8000,-5000,3000
2014/03/13,0,26000,-12000,14000
2014/03/14,0,33000,-40000,-7000
2014/03/17,0,16000,-10000,6000
2014/03/18,0,15000,-74000,-59000
2014/03/19,0,41000,-22000,19000
2014/03/20,0,17000,-48000,-31000
2014/03/21,0,51000,-48000,3000
2014/03/24,0,76000,-135000,-59000
2014/03/25,0,21000,-113000,-92000
2014/03/26,0,20000,-61000,-41000
2014/03/27,0,11000,-120000,-109000
2014/03/28,0,15000,-20000,-5000
2014/03/31,0,222000,-26000,196000
2014/04/01,0,128000,-67170,60830
2014/04/02,0,85000,-63000,22000
2014/04/03,0,7000,-62870,-55870
2014/04/07,0,50000,-43000,7000
2014/04/08,0,40000,-24000,16000
2014/04/09,0,18000,-22000,-4000
2014/04/10,0,1000,-87000,-86000
2014/04/11,0,18000,-117000,-99000
2014/04/14,0,0,-49000,-49000
2014/04/15,0,56000,-33000,23000
2014/04/16,0,53000,-40222,12778
2014/04/17,0,35000,-87000,-52000
2014/04/18,0,63000,-1000,62000
2014/04/21,0,23000,-6000,17000
2014/04/22,0,3000,-27000,-24000
2014/04/23,0,1000,-109000,-108000
2014/04/24,0,6000,-6000,0
2014/04/25,0,134000,-10000,124000
2014/04/28,0,19000,-109000,-90000
2014/04/29,0,232000,-18000,214000
2014/04/30,0,251000,-53000,198000
2014/05/02,0,70000,-100000,-30000
2014/05/05,0,20000,-130000,-110000
2014/05/06,0,11000,-20000,-9000
2014/05/07,0,582000,-138843,443157
2014/05/08,0,138000,-162000,-24000
2014/05/09,0,22000,-86000,-64000
2014/05/12,0,40000,-50000,-10000
2014/05/13,0,13000,-50000,-37000
2014/05/14,0,71000,-40000,31000
2014/05/15,0,153000,-46000,107000
2014/05/16,0,61000,-113000,-52000
2014/05/19,0,100000,-130000,-30000
2014/05/20,0,30000,-117000,-87000
2014/05/21,0,46000,-91000,-45000
2014/05/22,0,24235,-69000,-44765
2014/05/23,0,2000,-78000,-76000
2014/05/26,0,34000,-65000,-31000
2014/05/27,0,9000,-24000,-15000
2014/05/28,0,100000,-8000,92000
2014/05/29,0,107000,-23000,84000
2014/05/30,0,10000,-129000,-119000
2014/06/03,0,27000,-64000,-37000
2014/06/04,0,125000,-21000,104000
2014/06/05,0,45000,-81000,-36000
2014/06/06,0,8000,-33000,-25000
2014/06/09,0,46000,-12000,34000
2014/06/10,0,85000,-2220,82780
2014/06/11,0,39000,-1000,38000
2014/06/12,0,115000,-17000,98000
2014/06/13,0,391000,0,391000
2014/06/16,0,124000,-61000,63000
2014/06/17,0,564000,-84000,480000
2014/06/18,0,55000,-480000,-425000
2014/06/19,0,2000,-119000,-117000
2014/06/20,0,0,-281000,-281000
2014/06/23,0,104000,-134000,-30000
2014/06/24,0,16000,-188000,-172000
2014/06/25,0,1000,-63000,-62000
2014/06/26,0,4000,-77000,-73000
2014/06/27,0,4000,-99000,-95000
2014/06/30,0,37000,-55000,-18000
2014/07/01,0,7000,-189000,-182000
2014/07/02,0,280000,-42000,238000
2014/07/03,0,14000,-11000,3000
2014/07/04,0,16000,-143000,-127000
2014/07/07,0,3000,-68000,-65000
2014/07/08,0,35000,-136145,-101145
2014/07/09,0,10000,-50000,-40000
2014/07/10,0,8000,-82000,-74000
2014/07/11,0,25000,-70000,-45000
2014/07/14,0,10000,-33000,-23000
2014/07/15,0,9000,-104000,-95000
2014/07/16,0,14000,-65000,-51000
2014/07/17,0,9000,-117000,-108000
2014/07/18,0,14000,-53000,-39000
2014/07/21,0,6000,0,6000
2014/07/22,0,153000,-6000,147000
2014/07/23,0,0,0,0
2014/07/24,0,10000,-1000,9000
2014/07/25,0,6000,-1000,5000
2014/07/28,0,10000,0,10000
2014/07/29,0,18000,-215930,-197930
2014/07/30,0,100000,-6000,94000
2014/07/31,0,100000,-8000,92000
2014/08/01,0,13000,-202000,-189000
2014/08/04,0,0,-9000,-9000
2014/08/05,0,10000,-208000,-198000
2014/08/06,0,18000,-119000,-101000
2014/08/07,0,0,-6000,-6000
2014/08/08,0,0,-1000,-1000
2014/08/11,0,4000,-2000,2000
2014/08/12,0,11000,-3000,8000
2014/08/13,0,0,-76000,-76000
2014/08/14,0,12000,-179000,-167000
2014/08/15,0,20000,-27000,-7000
2014/08/18,0,130000,-6000,124000
2014/08/19,0,29000,-33000,-4000
2014/08/20,0,0,-52185,-52185
2014/08/21,0,1000,-12000,-11000
2014/08/22,0,0,-12224,-12224
2014/08/25,0,820,-9000,-8180
2014/08/26,0,20000,0,20000
2014/08/27,0,31000,-5000,26000
2014/08/28,0,0,-28000,-28000
2014/08/29,0,36000,-14000,22000
2014/09/01,0,0,-16000,-16000
2014/09/02,0,20000,0,20000
2014/09/03,0,93000,-24000,69000
2014/09/04,0,36000,-6500,29500
2014/09/05,0,23000,-3000,20000
2014/09/09,0,51000,0,51000
2014/09/10,0,113000,-2000,111000
2014/09/11,0,5000,-4000,1000
2014/09/12,0,55000,-67000,-12000
2014/09/15,0,49000,-1000,48000
2014/09/16,0,81000,-135000,-54000
2014/09/17,0,18000,-59000,-41000
2014/09/18,0,16000,-7150,8850
2014/09/19,0,99000,-871,98129
2014/09/22,0,15000,-239000,-224000
2014/09/23,0,54000,-36000,18000
2014/09/24,0,5000,0,5000
2014/09/25,0,95000,-92000,3000
2014/09/26,0,4000,-19000,-15000
2014/09/29,0,9000,-10000,-1000
2014/09/30,0,26000,0,26000
2014/10/01,0,18000,-31000,-13000
2014/10/02,0,7000,-2000,5000
2014/10/03,0,0,0,0
2014/10/06,0,5000,0,5000
2014/10/07,0,5000,-6000,-1000
2014/10/08,0,13000,-4000,9000
2014/10/09,0,9000,-1000,8000
2014/10/13,0,31000,-17000,14000
2014/10/14,0,38000,-27000,11000
2014/10/15,0,37000,-25000,12000
2014/10/16,0,42000,-1000,41000
2014/10/17,0,25000,-2000,23000
2014/10/20,0,10000,-1000,9000
2014/10/21,0,18000,-69000,-51000
2014/10/22,0,12000,0,12000
2014/10/23,0,36000,-220,35780
2014/10/24,0,47000,-5020,41980
2014/10/27,0,44000,-4000,40000
2014/10/28,0,9000,0,9000
2014/10/29,0,5000,0,5000
2014/10/30,0,0,0,0
2014/10/31,0,4000,-38000,-34000
2014/11/03,0,1000,0,1000
2014/11/04,0,0,0,0
2014/11/05,0,22000,0,22000
2014/11/06,0,4000,0,4000
2014/11/07,0,4000,0,4000
2014/11/10,0,1000,0,1000
2014/11/11,0,0,0,0
2014/11/12,0,10000,-1000,9000
2014/11/13,0,7000,0,7000
2014/11/14,0,4000,-7000,-3000
2014/11/17,0,8000,-1000,7000
2014/11/18,0,17000,0,17000
2014/11/19,0,0,-30000,-30000
2014/11/20,0,70000,0,70000
2014/11/21,0,1000,0,1000
2014/11/24,0,4000,-9000,-5000
2014/11/25,0,38000,0,38000
2014/11/26,0,4000,0,4000
2014/11/27,0,27000,0,27000
2014/11/28,0,6000,0,6000
2014/12/01,0,8000,0,8000
2014/12/02,0,0,-63089,-63089
2014/12/03,0,1000,-10000,-9000
2014/12/04,0,0,-17736,-17736
2014/12/05,0,0,-15000,-15000
2014/12/08,0,0,0,0
2014/12/09,0,26000,-1000,25000
2014/12/10,0,20000,0,20000
2014/12/11,0,85000,-45000,40000
2014/12/12,0,9000,-85000,-76000
2014/12/15,0,4000,0,4000
2014/12/16,0,14000,0,14000
2014/12/17,0,7000,-9000,-2000
2014/12/18,0,5000,-53000,-48000
2014/12/19,0,0,-36000,-36000
2014/12/22,0,71000,0,71000
2014/12/23,0,0,-2000,-2000
2014/12/24,0,0,0,0
2014/12/25,0,0,-5000,-5000
2014/12/26,0,0,0,0
2014/12/29,0,50000,-16000,34000
2014/12/30,0,2000,-29000,-27000
2014/12/31,0,18000,-101000,-83000
2015/01/01,0,0,0,0
2015/01/02,0,0,0,0
2015/01/05,0,35000,-3000,32000
2015/01/06,0,0,-18000,-18000
2015/01/07,0,0,0,0
2015/01/08,0,4000,0,4000
2015/01/09,0,1000,-7000,-6000
2015/01/12,0,0,-4000,-4000
2015/01/13,0,0,-34000,-34000
2015/01/14,0,0,-17000,-17000
2015/01/15,0,2000,0,2000
2015/01/16,0,0,-2132,-2132
2015/01/19,0,19000,-1000,18000
2015/01/20,0,14000,-12000,2000
2015/01/21,0,0,-8064,-8064
2015/01/22,0,8000,-16000,-8000
2015/01/23,0,0,-12000,-12000
2015/01/26,0,0,-4000,-4000
2015/01/27,0,0,-4000,-4000
2015/01/28,0,5000,-17000,-12000
2015/01/29,0,41000,0,41000
2015/01/30,0,14000,0,14000
2015/02/02,0,1000,0,1000
2015/02/03,0,2000,0,2000
2015/02/04,0,13000,-4084,8916
2015/02/05,0,0,-15084,-15084
2015/02/06,0,0,-2000,-2000
2015/02/09,0,0,0,0
2015/02/10,0,14000,0,14000
2015/02/11,0,5000,0,5000
2015/02/12,0,0,0,0
2015/02/13,0,1000,-16000,-15000
2015/02/16,0,0,0,0
2015/02/17,0,0,0,0
2015/02/18,0,0,0,0
2015/02/19,0,0,0,0
2015/02/20,0,0,0,0
2015/02/23,0,0,0,0
2015/02/24,0,1000,-5000,-4000
2015/02/25,0,1000,-11000,-10000
2015/02/26,0,2000,-4000,-2000
2015/02/27,0,0,0,0
2015/03/02,0,1000,-76000,-75000
2015/03/03,0,0,0,0
2015/03/04,0,0,-8000,-8000
2015/03/05,0,0,-7577,-7577
2015/03/06,0,0,-12000,-12000
2015/03/09,0,0,-4000,-4000
2015/03/10,0,0,-5000,-5000
2015/03/11,0,0,0,0
2015/03/12,0,0,0,0
2015/03/13,0,0,0,0
2015/03/16,0,6000,-4000,2000
2015/03/17,0,1000,0,1000
2015/03/18,0,0,0,0
2015/03/19,0,9000,-4000,5000
2015/03/20,0,4000,-1000,3000
2015/03/23,0,0,-3000,-3000
2015/03/24,0,0,0,0
2015/03/25,0,2000,-2084,-84
2015/03/26,0,1000,-1000,0
2015/03/27,0,5000,0,5000
2015/03/30,0,0,0,0
2015/03/31,0,5000,-24000,-19000
2015/04/01,0,33000,-2000,31000
2015/04/02,0,0,0,0
2015/04/03,0,0,0,0
2015/04/06,0,0,0,0
2015/04/07,0,5000,0,5000
2015/04/08,0,0,-1000,-1000
2015/04/09,0,0,0,0
2015/04/10,0,0,-10000,-10000
2015/04/13,0,1000,0,1000
2015/04/14,0,16000,0,16000
2015/04/15,0,51000,-3000,48000
2015/04/16,0,4000,-5000,-1000
2015/04/17,0,6000,-50000,-44000
2015/04/20,0,18000,0,18000
2015/04/21,0,5000,-8000,-3000
2015/04/22,0,2000,0,2000
2015/04/23,0,12000,-7000,5000
2015/04/24,0,22000,-4000,18000
2015/04/27,0,10000,-15000,-5000
2015/04/28,0,6000,0,6000
2015/04/29,0,30000,0,30000
2015/04/30,0,24000,0,24000
2015/05/01,0,0,0,0
2015/05/04,0,12000,0,12000
2015/05/05,0,1000,0,1000
2015/05/06,0,2000,0,2000
2015/05/07,0,0,-2000,-2000
2015/05/08,0,2000,-22000,-20000
2015/05/11,0,11000,-33000,-22000
2015/05/12,0,23000,0,23000
2015/05/13,0,20000,-18000,2000
2015/05/14,0,5000,-7000,-2000
2015/05/15,0,5000,-26000,-21000
2015/05/18,0,0,-4000,-4000
2015/05/19,0,0,-17000,-17000
2015/05/20,0,0,-40000,-40000
2015/05/21,0,14000,-50000,-36000
2015/05/22,0,0,-3000,-3000
2015/05/25,0,5000,-2000,3000
2015/05/26,0,1000,-15000,-14000
2015/05/27,0,0,0,0
2015/05/28,0,0,-22000,-22000
2015/05/29,0,22000,0,22000
2015/06/01,0,1000,-11000,-10000
2015/06/02,0,0,-2000,-2000
2015/06/03,0,0,0,0
2015/06/04,0,23000,-2000,21000
2015/06/05,0,19000,-1000,18000
2015/06/08,0,10000,0,10000
2015/06/09,0,77000,0,77000
2015/06/10,0,14000,0,14000
2015/06/11,0,20000,-2000,18000
2015/06/12,0,14000,0,14000
2015/06/15,0,5000,0,5000
2015/06/16,0,14000,0,14000
2015/06/17,0,10000,0,10000
2015/06/18,0,4000,-1000,3000
2015/06/19,0,0,0,0
2015/06/22,0,5000,0,5000
2015/06/23,0,66000,0,66000
2015/06/24,0,3000,-36000,-33000
2015/06/25,0,13000,0,13000
2015/06/26,0,0,-63000,-63000
2015/06/29,0,5000,0,5000
2015/06/30,0,5000,-32000,-27000
2015/07/01,0,0,-3000,-3000
2015/07/02,0,3000,-3000,0
2015/07/03,0,153000,-3000,150000
2015/07/06,0,39000,-79000,-40000
2015/07/07,0,1000,-2000,-1000
2015/07/08,0,66000,-21000,45000
2015/07/09,0,111000,-1000,110000
2015/07/10,0,0,0,0
2015/07/13,0,23000,-7000,16000
2015/07/14,0,5000,-5000,0
2015/07/15,0,34000,-36000,-2000
2015/07/16,0,7000,0,7000
2015/07/17,0,10000,-2000,8000
2015/07/20,0,25000,-1000,24000
2015/07/21,0,20000,0,20000
2015/07/22,0,53000,0,53000
2015/07/23,0,56000,0,56000
2015/07/24,0,63000,0,63000
2015/07/27,0,164000,-25000,139000
2015/07/28,0,120000,0,120000
2015/07/29,0,10000,-2000,8000
2015/07/30,0,35000,-10000,25000
2015/07/31,0,17000,-20000,-3000
2015/08/03,0,31000,-35000,-4000
2015/08/04,0,73000,-2000,71000
2015/08/05,0,46000,0,46000
2015/08/06,0,91000,-3000,88000
2015/08/07,0,25000,-9000,16000
2015/08/10,0,39000,-11779,27221
2015/08/11,0,26000,-75000,-49000
2015/08/12,0,59000,0,59000
2015/08/13,0,3000,0,3000
2015/08/14,0,27000,-105000,-78000
2015/08/17,0,54000,-2000,52000
2015/08/18,0,51000,-8000,43000
2015/08/19,0,94000,-9000,85000
2015/08/20,0,20000,-27000,-7000
2015/08/21,0,77000,-18000,59000
2015/08/24,0,145000,-19000,126000
2015/08/25,0,104000,-7000,97000
2015/08/26,0,21000,-20000,1000
2015/08/27,0,21000,-23000,-2000
2015/08/28,0,16000,-3000,13000
2015/08/31,0,10000,0,10000
2015/09/01,0,5000,-30000,-25000
2015/09/02,0,0,-16000,-16000
2015/09/03,0,0,-10000,-10000
2015/09/04,0,0,-13000,-13000
2015/09/07,0,1000,0,1000
2015/09/08,0,0,0,0
2015/09/09,0,0,-10000,-10000
2015/09/10,0,0,-17000,-17000
2015/09/11,0,11000,-10000,1000
2015/09/14,0,0,-10000,-10000
2015/09/15,0,0,0,0
2015/09/16,0,92000,-15000,77000
2015/09/17,0,3000,-38000,-35000
2015/09/18,0,0,0,0
2015/09/21,0,0,-6000,-6000
2015/09/22,0,2000,-3000,-1000
2015/09/23,0,8000,-7000,1000
2015/09/24,0,16000,-1000,15000
2015/09/25,0,20000,-140,19860
2015/09/28,0,0,0,0
2015/09/29,0,0,0,0
2015/09/30,0,21000,0,21000
2015/10/01,0,6000,0,6000
2015/10/02,0,2000,0,2000
2015/10/05,0,0,0,0
2015/10/06,0,0,0,0
2015/10/07,0,3000,0,3000
2015/10/08,0,8000,0,8000
2015/10/09,0,0,0,0
2015/10/12,0,0,0,0
2015/10/13,0,0,-11000,-11000
2015/10/14,0,0,-8000,-8000
2015/10/15,0,1000,-8000,-7000
2015/10/16,0,62000,-34000,28000
2015/10/19,0,5000,-2000,3000
2015/10/20,0,0,-6000,-6000
2015/10/21,0,45000,-16000,29000
2015/10/22,0,0,-17000,-17000
2015/10/23,0,14000,-14000,0
2015/10/26,0,10000,0,10000
2015/10/27,0,0,-120,-120
2015/10/28,0,3000,-24000,-21000
2015/10/29,0,9000,-35,8965
2015/10/30,0,12000,0,12000
2015/11/02,0,3000,0,3000
2015/11/03,0,0,0,0
2015/11/04,0,12000,0,12000
2015/11/05,0,12000,-8000,4000
2015/11/06,0,0,-3000,-3000
2015/11/09,0,3000,0,3000
2015/11/10,0,8000,0,8000
2015/11/11,0,23000,-10000,13000
2015/11/12,0,23000,-1000,22000
2015/11/13,0,26000,-2500,23500
2015/11/16,0,10000,0,10000
2015/11/17,0,0,-9000,-9000
2015/11/18,0,7000,0,7000
2015/11/19,0,5000,-4000,1000
2015/11/20,0,0,-150,-150
2015/11/23,0,0,-1000,-1000
2015/11/24,0,60000,0,60000
2015/11/25,0,0,-39000,-39000
2015/11/26,0,6000,0,6000
2015/11/27,0,0,0,0
2015/11/30,0,48000,-2000,46000
2015/12/01,0,0,0,0
2015/12/02,0,0,-15,-15
2015/12/03,0,5000,-16000,-11000
2015/12/04,0,0,-33000,-33000
2015/12/07,0,10000,-2000,8000
2015/12/08,0,2000,0,2000
2015/12/09,0,6000,0,6000
2015/12/10,0,0,0,0
2015/12/11,0,1000,-3000,-2000
2015/12/14,0,13000,-5000,8000
2015/12/15,0,0,-24000,-24000
2015/12/16,0,32000,-4000,28000
2015/12/17,0,0,-46000,-46000
2015/12/18,0,0,-14000,-14000
2015/12/21,0,1000,-22000,-21000
2015/12/22,0,0,0,0
2015/12/23,0,83000,-10000,73000
2015/12/24,0,0,0,0
2015/12/25,0,18000,0,18000
2015/12/28,0,1000,0,1000
2015/12/29,0,0,-21000,-21000
2015/12/30,0,19000,0,19000
2015/12/31,0,0,0,0
2016/01/01,0,0,0,0
2016/01/04,0,14000,-9000,5000
2016/01/05,0,8000,-9000,-1000
2016/01/06,0,27000,-3000,24000
2016/01/07,0,46000,-96000,-50000
2016/01/08,0,27000,0,27000
2016/01/11,0,36000,0,36000
2016/01/12,0,52000,0,52000
2016/01/13,0,14000,0,14000
2016/01/14,0,31000,-17000,14000
2016/01/15,0,39000,-71000,-32000
2016/01/18,0,40000,-3000,37000
2016/01/19,0,5000,0,5000
2016/01/20,0,8000,-10000,-2000
2016/01/21,0,34000,-27000,7000
2016/01/22,0,17000,-2000,15000
2016/01/25,0,2000,-41000,-39000
2016/01/26,0,17000,-1000,16000
2016/01/27,0,0,0,0
2016/01/28,0,0,-3000,-3000
2016/01/29,0,0,-24000,-24000
2016/02/01,0,0,-7000,-7000
2016/02/02,0,0,-36000,-36000
2016/02/03,0,1000,-11000,-10000
2016/02/04,0,0,0,0
2016/02/05,0,0,0,0
2016/02/08,0,0,0,0
2016/02/09,0,0,0,0
2016/02/10,0,0,0,0
2016/02/11,0,0,0,0
2016/02/12,0,0,0,0
2016/02/15,0,0,-2000,-2000
2016/02/16,0,24000,-6000,18000
2016/02/17,0,14000,-23000,-9000
2016/02/18,0,0,-28000,-28000
2016/02/19,0,0,-8000,-8000
2016/02/22,0,0,-12000,-12000
2016/02/23,0,0,-11000,-11000
2016/02/24,0,4000,-12000,-8000
2016/02/25,0,14000,-8000,6000
2016/02/26,0,2000,-102000,-100000
2016/02/29,0,0,0,0
2016/03/01,0,86000,-6000,80000
2016/03/02,0,0,-12000,-12000
2016/03/03,0,0,-14000,-14000
2016/03/04,0,0,-10000,-10000
2016/03/07,0,0,-29000,-29000
2016/03/08,0,0,-40000,-40000
2016/03/09,0,1000,-6000,-5000
2016/03/10,0,0,-12000,-12000
2016/03/11,0,0,-17000,-17000
2016/03/14,0,1000,0,1000
2016/03/15,0,0,-16000,-16000
2016/03/16,0,53000,-10000,43000
2016/03/17,0,5000,-17000,-12000
2016/03/18,0,61000,-28000,33000
2016/03/21,0,3000,-11000,-8000
2016/03/22,0,80000,-8000,72000
2016/03/23,0,10000,-6000,4000
2016/03/24,0,1000,-8000,-7000
2016/03/25,0,0,-2000,-2000
2016/03/28,0,7000,0,7000
2016/03/29,0,21000,-46000,-25000
2016/03/30,0,40000,0,40000
2016/03/31,0,14000,-6000,8000
2016/04/01,0,9000,-30000,-21000
2016/04/04,0,0,0,0
2016/04/05,0,0,0,0
2016/04/06,0,18000,-29000,-11000
2016/04/07,0,40000,-32000,8000
2016/04/08,0,4000,-5000,-1000
2016/04/11,0,69000,-1000,68000
2016/04/12,0,6000,-3000,3000
2016/04/13,0,0,0,0
2016/04/14,0,15000,-10000,5000
2016/04/15,0,25000,-5000,20000
2016/04/18,0,0,-5000,-5000
2016/04/19,0,10000,-1000,9000
2016/04/20,0,47000,0,47000
2016/04/21,0,46000,-20000,26000
2016/04/22,0,21000,-9000,12000
2016/04/25,0,0,-12000,-12000
2016/04/26,0,0,-11000,-11000
2016/04/27,0,7000,-13000,-6000
2016/04/28,0,37000,-20000,17000
2016/04/29,0,82000,-2000,80000
2016/05/02,0,0,0,0
2016/05/03,0,62000,-2000,60000
2016/05/04,0,219000,-7000,212000
2016/05/05,0,168000,-10000,158000
2016/05/06,0,169000,-10000,159000
2016/05/09,0,109000,-42000,67000
2016/05/10,0,144000,0,144000
2016/05/11,0,108000,0,108000
2016/05/12,0,100000,-3000,97000
2016/05/13,0,210000,-61000,149000
2016/05/16,0,17000,-3000,14000
2016/05/17,0,16000,-10000,6000
2016/05/18,0,24000,-27000,-3000
2016/05/19,0,86000,-5000,81000
2016/05/20,0,77000,-3000,74000
2016/05/23,0,71000,0,71000
2016/05/24,0,66000,-10000,56000
2016/05/25,0,66000,-7000,59000
2016/05/26,0,66000,-17000,49000
2016/05/27,0,66000,-20000,46000
2016/05/30,0,64000,-21000,43000
2016/05/31,0,63000,-11000,52000
2016/06/01,0,96000,-24000,72000
2016/06/02,0,63000,-64000,-1000
2016/06/03,0,63000,-50000,13000
2016/06/06,0,63000,-27000,36000
2016/06/07,0,90000,-53000,37000
2016/06/08,0,65000,-21000,44000
2016/06/09,0,0,0,0
2016/06/10,0,0,0,0
2016/06/13,0,76000,-39000,37000
2016/06/14,0,75000,-5000,70000
2016/06/15,0,85000,-19000,66000
2016/06/16,0,65000,-14000,51000
2016/06/17,0,82000,-18000,64000
2016/06/20,0,79000,-32000,47000
2016/06/21,0,87000,-21000,66000
2016/06/22,0,72000,-10000,62000
2016/06/23,0,65000,-25000,40000
2016/06/24,0,168000,-42000,126000
2016/06/27,0,8000,-74000,-66000
2016/06/28,0,0,-16000,-16000
2016/06/29,0,0,-46000,-46000
2016/06/30,0,0,-36000,-36000
2016/07/01,0,0,-32000,-32000
2016/07/04,0,0,-82000,-82000
2016/07/05,0,0,-22000,-22000
2016/07/06,0,10000,-16000,-6000
2016/07/07,0,0,-21000,-21000
2016/07/08,0,0,0,0
2016/07/11,0,21000,-92000,-71000
2016/07/12,0,32000,-46000,-14000
2016/07/13,0,0,-105000,-105000
2016/07/14,0,0,-24000,-24000
2016/07/15,0,0,-76000,-76000
2016/07/18,0,0,-209000,-209000
2016/07/19,0,37000,-63000,-26000
2016/07/20,0,74000,-65380,8620
2016/07/21,0,29000,-131000,-102000
2016/07/22,0,0,-42000,-42000
2016/07/25,0,2000,-33000,-31000
2016/07/26,0,0,-54000,-54000
2016/07/27,0,1000,-36000,-35000
2016/07/28,0,2000,-21000,-19000
2016/07/29,0,0,-19000,-19000
2016/08/01,0,0,-46000,-46000
2016/08/02,0,29050,-51000,-21950
2016/08/03,0,0,-26000,-26000
2016/08/04,0,0,-36000,-36000
2016/08/05,0,2000,-32000,-30000
2016/08/08,0,1000,-21000,-20000
2016/08/09,0,1000,-18000,-17000
2016/08/10,0,0,-28000,-28000
2016/08/11,0,0,-35000,-35000
2016/08/12,0,14000,-7000,7000
2016/08/15,0,0,-39000,-39000
2016/08/16,0,0,-42000,-42000
2016/08/17,0,1000,-33000,-32000
2016/08/18,0,1000,-28000,-27000
2016/08/19,0,1000,-12000,-11000
2016/08/22,0,0,-1000,-1000
2016/08/23,0,0,-10000,-10000
2016/08/24,0,0,-16000,-16000
2016/08/25,0,5000,-12000,-7000
2016/08/26,0,0,-18000,-18000
2016/08/29,0,0,-38000,-38000
2016/08/30,0,0,-16015,-16015
2016/08/31,0,0,-31110,-31110
2016/09/01,0,0,-5000,-5000
2016/09/02,0,1000,-9000,-8000
2016/09/05,0,5000,-6050,-1050
2016/09/06,0,3000,-16000,-13000
2016/09/07,0,1000,-23000,-22000
2016/09/08,0,25000,-36000,-11000
2016/09/09,0,0,-5316,-5316
2016/09/12,0,0,-6000,-6000
2016/09/13,0,56000,-4000,52000
2016/09/14,0,25000,0,25000
2016/09/15,0,0,0,0
2016/09/16,0,0,0,0
2016/09/19,0,6000,-40000,-34000
2016/09/20,0,0,-24000,-24000
2016/09/21,0,20000,-28000,-8000
2016/09/22,0,2000,-25000,-23000
2016/09/23,0,13000,-5000,8000
2016/09/26,0,0,-2000,-2000
2016/09/27,0,0,0,0
2016/09/28,0,0,0,0
2016/09/29,0,1000,-5160,-4160
2016/09/30,0,10000,0,10000
2016/10/03,0,0,-5000,-5000
2016/10/04,0,5000,0,5000
2016/10/05,0,0,-1000,-1000
2016/10/06,0,8000,-4000,4000
2016/10/07,0,29000,0,29000
2016/10/10,0,0,0,0
2016/10/11,0,40000,-6000,34000
2016/10/12,0,26000,0,26000
2016/10/13,0,40000,-2000,38000
2016/10/14,0,38000,0,38000
2016/10/17,0,15000,-2000,13000
2016/10/18,0,27000,-1000,26000
2016/10/19,0,43000,-4000,39000
2016/10/20,0,24000,-8000,16000
2016/10/21,0,20000,-12000,8000
2016/10/24,0,15000,0,15000
2016/10/25,0,20000,-1000,19000
2016/10/26,0,112000,0,112000
2016/10/27,0,17000,0,17000
2016/10/28,0,7000,-12000,-5000
2016/10/31,0,4000,-8000,-4000
2016/11/01,0,12000,-4000,8000
2016/11/02,0,39000,0,39000
2016/11/03,0,19000,0,19000
2016/11/04,0,19000,-4000,15000
2016/11/07,0,16000,0,16000
2016/11/08,0,0,0,0
2016/11/09,0,140000,-23000,117000
2016/11/10,0,5000,0,5000
2016/11/11,0,119000,-16000,103000
2016/11/14,0,90000,-8000,82000
2016/11/15,0,23000,-3000,20000
2016/11/16,0,10000,-14000,-4000
2016/11/17,0,58000,-34000,24000
2016/11/18,0,0,-1000,-1000
2016/11/21,0,0,-11000,-11000
2016/11/22,0,4000,-2000,2000
2016/11/23,0,11000,0,11000
2016/11/24,0,0,0,0
2016/11/25,0,0,0,0
2016/11/28,0,8000,-3438,4562
2016/11/29,0,3000,0,3000
2016/11/30,0,0,-52000,-52000
2016/12/01,0,76000,-2000,74000
2016/12/02,0,85000,-7000,78000
2016/12/05,0,14000,-4000,10000
2016/12/06,0,7000,-6000,1000
2016/12/07,0,0,-1000,-1000
2016/12/08,0,34000,-4000,30000
2016/12/09,0,0,-5000,-5000
2016/12/12,0,10000,-86000,-76000
2016/12/13,0,64000,0,64000
2016/12/14,0,0,0,0
2016/12/15,0,34000,0,34000
2016/12/16,0,64000,-1000,63000
2016/12/19,0,25000,-10000,15000
2016/12/20,0,24000,-1000,23000
2016/12/21,0,66000,-2000,64000
2016/12/22,0,27000,-60000,-33000
2016/12/23,0,85000,0,85000
2016/12/26,0,17000,-10000,7000
2016/12/27,0,11000,0,11000
2016/12/28,0,5000,-10000,-5000
2016/12/29,0,6000,0,6000
2016/12/30,0,0,-40000,-40000
2017/01/02,0,0,0,0
2017/01/03,0,0,-10000,-10000
2017/01/04,0,20000,-5000,15000
2017/01/05,0,0,-22000,-22000
2017/01/06,0,0,-9000,-9000
2017/01/09,0,0,-2000,-2000
2017/01/10,0,0,-12000,-12000
2017/01/11,0,0,-19000,-19000
2017/01/12,0,1000,-31000,-30000
2017/01/13,0,0,-5000,-5000
2017/01/16,0,0,-1000,-1000
2017/01/17,0,0,-6000,-6000
2017/01/18,0,41000,-71000,-30000
2017/01/19,0,1000,-38000,-37000
2017/01/20,0,0,-4000,-4000
2017/01/23,0,0,-21000,-21000
2017/01/24,0,0,-4000,-4000
2017/01/25,0,0,0,0
2017/01/26,0,0,0,0
2017/01/27,0,0,0,0
2017/01/30,0,0,0,0
2017/01/31,0,0,0,0
2017/02/01,0,0,0,0
2017/02/02,0,0,-3000,-3000
2017/02/03,0,3000,-11000,-8000
2017/02/06,0,42000,-31000,11000
2017/02/07,0,0,-4000,-4000
2017/02/08,0,100000,-18000,82000
2017/02/09,0,0,-5000,-5000
2017/02/10,0,5000,-5000,0
2017/02/13,0,0,-9000,-9000
2017/02/14,0,0,-24000,-24000
2017/02/15,0,27000,-14000,13000
2017/02/16,0,0,-88000,-88000
2017/02/17,0,0,-28000,-28000
2017/02/20,0,0,-2000,-2000
2017/02/21,0,1000,0,1000
2017/02/22,0,3000,-9000,-6000
2017/02/23,0,4000,-14000,-10000
2017/02/24,0,0,0,0
2017/02/27,0,0,0,0
2017/02/28,0,0,0,0
2017/03/01,0,6000,-5000,1000
2017/03/02,0,9000,0,9000
2017/03/03,0,50000,-31000,19000
2017/03/06,0,50000,-3000,47000
2017/03/07,0,0,0,0
2017/03/08,0,18000,-2000,16000
2017/03/09,0,7000,-3000,4000
2017/03/10,0,6000,0,6000
2017/03/13,0,20000,0,20000
2017/03/14,0,29000,-207000,-178000
2017/03/15,0,42000,0,42000
2017/03/16,0,22000,-35000,-13000
2017/03/17,0,40000,0,40000
2017/03/20,0,70000,-29000,41000
2017/03/21,0,6000,-65000,-59000
2017/03/22,0,7000,0,7000
2017/03/23,0,0,-5000,-5000
2017/03/24,0,0,-4000,-4000
2017/03/27,0,3000,0,3000
2017/03/28,0,30000,0,30000
2017/03/29,0,31000,-15000,16000
2017/03/30,0,25000,0,25000
2017/03/31,0,7000,-11000,-4000
2017/04/03,0,0,0,0
2017/04/04,0,0,0,0
2017/04/05,0,33000,-22000,11000
2017/04/06,0,0,-11000,-11000
2017/04/07,0,2000,-6000,-4000
2017/04/10,0,0,-19000,-19000
2017/04/11,0,14000,-5000,9000
2017/04/12,0,14000,-6000,8000
2017/04/13,0,4000,-2000,2000
2017/04/14,0,44000,-4000,40000
2017/04/17,0,68000,-31000,37000
2017/04/18,0,14000,-12000,2000
2017/04/19,0,32000,-56000,-24000
2017/04/20,0,34000,-25000,9000
2017/04/21,0,23000,0,23000
2017/04/24,0,9000,0,9000
2017/04/25,0,7000,0,7000
2017/04/26,0,3000,-4000,-1000
2017/04/27,0,4000,0,4000
2017/04/28,0,1000,-25000,-24000
2017/05/01,0,0,0,0
2017/05/02,0,8000,-20000,-12000
2017/05/03,0,3000,0,3000
2017/05/04,0,0,-14000,-14000
2017/05/05,0,0,-19000,-19000
2017/05/08,0,2000,-5000,-3000
2017/05/09,0,0,-3175,-3175
2017/05/10,0,0,0,0
2017/05/11,0,10000,-2000,8000
2017/05/12,0,18000,-5000,13000
2017/05/15,0,52000,-12000,40000
2017/05/16,0,51000,-24000,27000
2017/05/17,0,0,-5000,-5000
2017/05/18,0,2000,-4000,-2000
2017/05/19,0,0,-10000,-10000
2017/05/22,0,2000,-4000,-2000
2017/05/23,0,0,-6000,-6000
2017/05/24,0,0,-75000,-75000
2017/05/25,0,1000,-2000,-1000
2017/05/26,0,1000,-9000,-8000
2017/05/29,0,0,0,0
2017/05/30,0,0,0,0
2017/05/31,0,3000,-2000,1000
2017/06/01,0,49000,-3000,46000
2017/06/02,0,2000,-100000,-98000
2017/06/05,0,0,-120000,-120000
2017/06/06,0,0,-123447,-123447
2017/06/07,0,4000,-114000,-110000
2017/06/08,0,0,-79000,-79000
2017/06/09,0,0,-122000,-122000
2017/06/12,0,4000,-141000,-137000
2017/06/13,0,2000,-118000,-116000
2017/06/14,0,19000,-115000,-96000
2017/06/15,0,13000,-104000,-91000
2017/06/16,0,58000,-100000,-42000
2017/06/19,0,233000,-144000,89000
2017/06/20,0,208000,-185000,23000
2017/06/21,0,468000,-811000,-343000
2017/06/22,0,3000,-346070,-343070
2017/06/23,0,20000,-19000,1000
2017/06/26,0,38000,-20000,18000
2017/06/27,0,24000,-57000,-33000
2017/06/28,0,40000,-30000,10000
2017/06/29,0,0,-5000,-5000
2017/06/30,0,0,0,0
2017/07/03,0,0,-10000,-10000
2017/07/04,0,0,-74000,-74000
2017/07/05,0,65000,-49000,16000
2017/07/06,0,0,-25000,-25000
2017/07/07,0,2000,-11000,-9000
2017/07/10,0,0,-2000,-2000
2017/07/11,0,100000,-2597,97403
2017/07/12,0,0,-149000,-149000
2017/07/13,0,0,-9000,-9000
2017/07/14,0,0,-15000,-15000
2017/07/17,0,0,-112000,-112000
2017/07/18,0,0,-191000,-191000
2017/07/19,0,11000,-237000,-226000
2017/07/20,0,6000,-4000,2000
2017/07/21,0,0,0,0
2017/07/24,0,0,-5000,-5000
2017/07/25,0,0,-14000,-14000
2017/07/26,0,0,-54000,-54000
2017/07/27,0,18000,-5000,13000
2017/07/28,0,1000,0,1000
2017/07/31,0,6000,-1000,5000
2017/08/01,0,0,0,0
2017/08/02,0,0,-8000,-8000
2017/08/03,0,0,-9000,-9000
2017/08/04,0,0,-10000,-10000
2017/08/07,0,0,0,0
2017/08/08,0,100000,-12000,88000
2017/08/09,0,105000,-36000,69000
2017/08/10,0,45000,0,45000
2017/08/11,0,29000,0,29000
2017/08/14,0,35000,-14000,21000
2017/08/15,0,10000,0,10000
2017/08/16,0,36000,-203000,-167000
2017/08/17,0,0,-6000,-6000
2017/08/18,0,15000,-10000,5000
