Date,Open,Buy,Sell,Total
2007/01/02,0,478000,0,478000
2007/01/03,0,501000,-1000,500000
2007/01/04,0,653000,-687450,-34450
2007/01/05,0,0,-1051000,-1051000
2007/01/08,0,243000,-2260225,-2017225
2007/01/09,0,886000,-1160000,-274000
2007/01/10,0,248000,-5000,243000
2007/01/11,0,1647000,-204000,1443000
2007/01/12,0,2215000,-555000,1660000
2007/01/15,0,791000,-33000,758000
2007/01/16,0,334000,-105000,229000
2007/01/17,0,310000,-352000,-42000
2007/01/18,0,298000,-184000,114000
2007/01/19,0,2385000,-130860,2254140
2007/01/22,0,2203000,-427000,1776000
2007/01/23,0,426000,-129050,296950
2007/01/24,0,222000,-1771000,-1549000
2007/01/25,0,240000,-1769000,-1529000
2007/01/26,0,67000,-691000,-624000
2007/01/29,0,719000,-704000,15000
2007/01/30,0,547000,-3351185,-2804185
2007/01/31,0,174000,-819000,-645000
2007/02/01,0,298000,-980000,-682000
2007/02/02,0,112000,-573000,-461000
2007/02/05,0,161000,-9000,152000
2007/02/06,0,161000,-10000,151000
2007/02/07,0,773000,-116000,657000
2007/02/08,0,820000,-129000,691000
2007/02/09,0,1043000,-353000,690000
2007/02/12,0,3343000,-186000,3157000
2007/02/13,0,385000,-306000,79000
2007/02/14,0,1232000,-581400,650600
2007/02/15,0,0,0,0
2007/02/16,0,0,0,0
2007/02/19,0,0,0,0
2007/02/20,0,0,0,0
2007/02/21,0,0,0,0
2007/02/22,0,0,0,0
2007/02/23,0,0,0,0
2007/02/26,0,1033000,-946134,86866
2007/02/27,0,1410000,-2028000,-618000
2007/02/28,0,0,0,0
2007/03/01,0,592000,-660000,-68000
2007/03/02,0,117000,-63000,54000
2007/03/05,0,360000,-1118000,-758000
2007/03/06,0,207000,-552000,-345000
2007/03/07,0,531000,-566841,-35841
2007/03/08,0,112000,-10000,102000
2007/03/09,0,391000,-2000,389000
2007/03/12,0,103000,-7000,96000
2007/03/13,0,121000,-49000,72000
2007/03/14,0,253000,-45000,208000
2007/03/15,0,687000,-1236000,-549000
2007/03/16,0,5000,0,5000
2007/03/19,0,71000,-137000,-66000
2007/03/20,0,55000,-270000,-215000
2007/03/21,0,0,-90000,-90000
2007/03/22,0,108000,-147000,-39000
2007/03/23,0,10000,-306000,-296000
2007/03/26,0,74000,-228000,-154000
2007/03/27,0,294000,-447000,-153000
2007/03/28,0,162000,-1005000,-843000
2007/03/29,0,133000,-436000,-303000
2007/03/30,0,172000,-346000,-174000
2007/04/02,0,187000,-15000,172000
2007/04/03,0,197000,-7000,190000
2007/04/04,0,320000,-177000,143000
2007/04/05,0,0,0,0
2007/04/06,0,0,0,0
2007/04/09,0,829000,-136000,693000
2007/04/10,0,464000,-89000,375000
2007/04/11,0,278000,-229000,49000
2007/04/12,0,723000,-167000,556000
2007/04/13,0,771000,-59000,712000
2007/04/16,0,237000,0,237000
2007/04/17,0,378741,-4000,374741
2007/04/18,0,63000,0,63000
2007/04/19,0,211000,-21000,190000
2007/04/20,0,0,-100000,-100000
2007/04/23,0,221000,-14000,207000
2007/04/24,0,800000,-354000,446000
2007/04/25,0,23000,-196000,-173000
2007/04/26,0,152000,-59000,93000
2007/04/27,0,225000,-373000,-148000
2007/04/30,0,118000,-1097100,-979100
2007/05/01,0,0,0,0
2007/05/02,0,3000,-192000,-189000
2007/05/03,0,5000,-35000,-30000
2007/05/04,0,41000,-38000,3000
2007/05/07,0,341000,-151000,190000
2007/05/08,0,765000,-12000,753000
2007/05/09,0,548000,-2000,546000
2007/05/10,0,1000,-292000,-291000
2007/05/11,0,304000,-563000,-259000
2007/05/14,0,1000,0,1000
2007/05/15,0,328000,-2000,326000
2007/05/16,0,420000,-9000,411000
2007/05/17,0,1781000,-859000,922000
2007/05/18,0,868000,-107000,761000
2007/05/21,0,0,-30000,-30000
2007/05/22,0,286000,-20000,266000
2007/05/23,0,602000,-75000,527000
2007/05/24,0,435000,0,435000
2007/05/25,0,156000,0,156000
2007/05/28,0,7000,0,7000
2007/05/29,0,28000,-2000,26000
2007/05/30,0,54000,-102000,-48000
2007/05/31,0,26000,-177100,-151100
2007/06/01,0,0,-2000,-2000
2007/06/04,0,117000,-47000,70000
2007/06/05,0,268000,-73000,195000
2007/06/06,0,184000,-186000,-2000
2007/06/07,0,464000,0,464000
2007/06/08,0,517000,-280000,237000
2007/06/11,0,424000,-11000,413000
2007/06/12,0,311000,-124000,187000
2007/06/13,0,69000,-170000,-101000
2007/06/14,0,1660000,-17000,1643000
2007/06/15,0,193000,-1012000,-819000
2007/06/18,0,0,0,0
2007/06/19,0,0,0,0
2007/06/20,0,135000,-1246000,-1111000
2007/06/21,0,1841000,-213000,1628000
2007/06/22,0,1965000,-1047000,918000
2007/06/25,0,1174000,0,1174000
2007/06/26,0,653000,-37000,616000
2007/06/27,0,544000,-437000,107000
2007/06/28,0,381000,-76500,304500
2007/06/29,0,1031000,-963100,67900
2007/07/02,0,17000,-452000,-435000
2007/07/03,0,648000,-76000,572000
2007/07/04,0,1170000,-35000,1135000
2007/07/05,0,4287000,-383000,3904000
2007/07/06,0,5138000,-849000,4289000
2007/07/09,0,2407000,-625000,1782000
2007/07/10,0,670000,-1252000,-582000
2007/07/11,0,84000,-340000,-256000
2007/07/12,0,95000,-420000,-325000
2007/07/13,0,269000,-268000,1000
2007/07/16,0,31000,-412000,-381000
2007/07/17,0,484000,-1331000,-847000
2007/07/18,0,1003000,-1095000,-92000
2007/07/19,0,400000,-1226000,-826000
2007/07/20,0,163000,-556000,-393000
2007/07/23,0,1124000,-1025000,99000
2007/07/24,0,1459000,-167000,1292000
2007/07/25,0,800000,-341000,459000
2007/07/26,0,1027000,-568000,459000
2007/07/27,0,1334000,-509000,825000
2007/07/30,0,267000,-803000,-536000
2007/07/31,0,222000,-448000,-226000
2007/08/01,0,645500,-483000,162500
2007/08/02,0,547000,-418000,129000
2007/08/03,0,125000,-551000,-426000
2007/08/06,0,101000,-72000,29000
2007/08/07,0,62000,-103000,-41000
2007/08/08,0,37000,-237000,-200000
2007/08/09,0,48000,-488000,-440000
2007/08/10,0,203000,-219000,-16000
2007/08/13,0,4000,-39000,-35000
2007/08/14,0,302000,-467000,-165000
2007/08/15,0,137000,-1438000,-1301000
2007/08/16,0,17000,-659000,-642000
2007/08/17,0,34000,-830000,-796000
2007/08/20,0,669000,-1149000,-480000
2007/08/21,0,712000,-839000,-127000
2007/08/22,0,260000,-418225,-158225
2007/08/23,0,1328000,-1432000,-104000
2007/08/24,0,946000,-423500,522500
2007/08/27,0,134000,-361000,-227000
2007/08/28,0,91000,-430000,-339000
2007/08/29,0,613000,-727900,-114900
2007/08/30,0,568000,-1409700,-841700
2007/08/31,0,130000,-500000,-370000
2007/09/03,0,85000,-730000,-645000
2007/09/04,0,59000,-600200,-541200
2007/09/05,0,391000,-109000,282000
2007/09/06,0,644000,-108000,536000
2007/09/07,0,803000,-108000,695000
2007/09/10,0,375000,-111800,263200
2007/09/11,0,1500672,-602900,897772
2007/09/12,0,1784000,-1493000,291000
2007/09/13,0,867000,-1157000,-290000
2007/09/14,0,353000,-1541000,-1188000
2007/09/17,0,990000,-1542100,-552100
2007/09/18,0,0,0,0
2007/09/19,0,1536000,-1272843,263157
2007/09/20,0,184000,-69000,115000
2007/09/21,0,834000,-402000,432000
2007/09/24,0,0,0,0
2007/09/25,0,0,0,0
2007/09/26,0,606000,-708000,-102000
2007/09/27,0,842000,-281000,561000
2007/09/28,0,797000,-295500,501500
2007/10/01,0,500000,-320000,180000
2007/10/02,0,163000,-1354000,-1191000
2007/10/03,0,119000,-991900,-872900
2007/10/04,0,223000,-743000,-520000
2007/10/05,0,168000,-1049000,-881000
2007/10/08,0,76000,-536200,-460200
2007/10/09,0,7000,-569515,-562515
2007/10/10,0,0,0,0
2007/10/11,0,262000,-770000,-508000
2007/10/12,0,175000,-137000,38000
2007/10/15,0,316000,-543500,-227500
2007/10/16,0,19000,-1539400,-1520400
2007/10/17,0,308000,-1697000,-1389000
2007/10/18,0,738000,-1950000,-1212000
2007/10/19,0,602000,-1184000,-582000
2007/10/22,0,523000,-757000,-234000
2007/10/23,0,321000,-40000,281000
2007/10/24,0,351000,-2497100,-2146100
2007/10/25,0,847000,-2420800,-1573800
2007/10/26,0,651000,-684600,-33600
2007/10/29,0,808000,-1633000,-825000
2007/10/30,0,160000,-1491500,-1331500
2007/10/31,0,246000,-760000,-514000
2007/11/01,0,1258000,-1649000,-391000
2007/11/02,0,1205000,-2174000,-969000
2007/11/05,0,659000,-561900,97100
2007/11/06,0,50000,-1350000,-1300000
2007/11/07,0,1093000,-3883563,-2790563
2007/11/08,0,54000,-2355400,-2301400
2007/11/09,0,62000,-1156000,-1094000
2007/11/12,0,5000,-775000,-770000
2007/11/13,0,286000,-512000,-226000
2007/11/14,0,22000,-901850,-879850
2007/11/15,0,2000,-545500,-543500
2007/11/16,0,39000,-1878900,-1839900
2007/11/19,0,29000,-8000,21000
2007/11/20,0,120000,-48200,71800
2007/11/21,0,113000,-125000,-12000
2007/11/22,0,12000,-283600,-271600
2007/11/23,0,31000,-253000,-222000
2007/11/26,0,681000,-333000,348000
2007/11/27,0,592000,-318000,274000
2007/11/28,0,277000,-169000,108000
2007/11/29,0,263000,-244000,19000
2007/11/30,0,129000,-90000,39000
2007/12/03,0,29100,-322000,-292900
2007/12/04,0,411000,-341000,70000
2007/12/05,0,671000,-303300,367700
2007/12/06,0,129000,-479200,-350200
2007/12/07,0,65000,-165749,-100749
2007/12/10,0,88000,-117447,-29447
2007/12/11,0,102000,-797000,-695000
2007/12/12,0,70000,-513000,-443000
2007/12/13,0,45000,-457000,-412000
2007/12/14,0,39000,-1187000,-1148000
2007/12/17,0,54000,-224000,-170000
2007/12/18,0,28000,-48000,-20000
2007/12/19,0,68000,-455600,-387600
2007/12/20,0,87000,-168000,-81000
2007/12/21,0,62000,-370000,-308000
2007/12/24,0,15000,-53000,-38000
2007/12/25,0,30000,-28000,2000
2007/12/26,0,13000,-808000,-795000
2007/12/27,0,37000,-143000,-106000
2007/12/28,0,145000,-117000,28000
2007/12/31,0,0,-73000,-73000
2008/01/01,0,0,0,0
2008/01/02,0,6000,-142700,-136700
2008/01/03,0,44000,-329000,-285000
2008/01/04,0,390000,-592800,-202800
2008/01/07,0,0,-343000,-343000
2008/01/08,0,12000,-215000,-203000
2008/01/09,0,57000,-368000,-311000
2008/01/10,0,207000,-430653,-223653
2008/01/11,0,628000,-559000,69000
2008/01/14,0,490000,-718000,-228000
2008/01/15,0,219000,-1471262,-1252262
2008/01/16,0,306000,-1539090,-1233090
2008/01/17,0,138000,-937000,-799000
2008/01/18,0,563000,-2309406,-1746406
2008/01/21,0,349000,-1827647,-1478647
2008/01/22,0,334000,-935000,-601000
2008/01/23,0,293000,-838000,-545000
2008/01/24,0,507000,-1289904,-782904
2008/01/25,0,143000,-1616000,-1473000
2008/01/28,0,80000,-689000,-609000
2008/01/29,0,266000,-744600,-478600
2008/01/30,0,761000,-152000,609000
2008/01/31,0,737000,-1012000,-275000
2008/02/01,0,4567000,-4881700,-314700
2008/02/04,0,0,0,0
2008/02/05,0,0,0,0
2008/02/06,0,0,0,0
2008/02/07,0,0,0,0
2008/02/08,0,0,0,0
2008/02/11,0,0,0,0
2008/02/12,0,148000,-174000,-26000
2008/02/13,0,348000,-336000,12000
2008/02/14,0,15000,-69000,-54000
2008/02/15,0,94000,-82000,12000
2008/02/18,0,92000,-565000,-473000
2008/02/19,0,48000,-630000,-582000
2008/02/20,0,22000,-203000,-181000
2008/02/21,0,205000,-750000,-545000
2008/02/22,0,41000,-194000,-153000
2008/02/25,0,77000,-108200,-31200
2008/02/26,0,81000,-284000,-203000
2008/02/27,0,273000,-589000,-316000
2008/02/28,0,0,0,0
2008/02/29,0,242000,-893000,-651000
2008/03/03,0,131400,-266400,-135000
2008/03/04,0,115000,-874000,-759000
2008/03/05,0,128000,-439000,-311000
2008/03/06,0,187000,-384000,-197000
2008/03/07,0,257000,-1003000,-746000
2008/03/10,0,112000,-823000,-711000
2008/03/11,0,114000,-99000,15000
2008/03/12,0,123000,-722000,-599000
2008/03/13,0,704000,-68000,636000
2008/03/14,0,180000,-165000,15000
2008/03/17,0,285000,-139500,145500
2008/03/18,0,121000,-73000,48000
2008/03/19,0,446000,-31000,415000
2008/03/20,0,669000,-114000,555000
2008/03/21,0,440000,-110000,330000
2008/03/24,0,710000,-104000,606000
2008/03/25,0,468000,-108000,360000
2008/03/26,0,407000,-22000,385000
2008/03/27,0,274000,-4000,270000
2008/03/28,0,840000,-173000,667000
2008/03/31,0,308000,-58000,250000
2008/04/01,0,197000,-42000,155000
2008/04/02,0,172000,0,172000
2008/04/03,0,158000,-34000,124000
2008/04/04,0,0,0,0
2008/04/07,0,119000,-2000,117000
2008/04/08,0,52000,-152000,-100000
2008/04/09,0,989000,-149000,840000
2008/04/10,0,568000,-220000,348000
2008/04/11,0,369000,-59000,310000
2008/04/14,0,246000,-41000,205000
2008/04/15,0,15000,-33000,-18000
2008/04/16,0,150000,-79000,71000
2008/04/17,0,1088000,-228000,860000
2008/04/18,0,828000,-22000,806000
2008/04/21,0,878000,-430000,448000
2008/04/22,0,702000,-462000,240000
2008/04/23,0,1177000,-91000,1086000
2008/04/24,0,318000,-163000,155000
2008/04/25,0,607000,-85500,521500
2008/04/28,0,387000,-112000,275000
2008/04/29,0,631000,0,631000
2008/04/30,0,2349000,-905000,1444000
2008/05/01,0,0,0,0
2008/05/02,0,683000,-361000,322000
2008/05/05,0,436000,-191000,245000
2008/05/06,0,279000,-213000,66000
2008/05/07,0,74157,-124000,-49843
2008/05/08,0,216000,-238000,-22000
2008/05/09,0,231000,-196000,35000
2008/05/12,0,36000,-148000,-112000
2008/05/13,0,204000,-231000,-27000
2008/05/14,0,593000,-116700,476300
2008/05/15,0,90000,-329000,-239000
2008/05/16,0,1135000,-1029000,106000
2008/05/19,0,116000,-20000,96000
2008/05/20,0,71000,-84000,-13000
2008/05/21,0,235000,-765000,-530000
2008/05/22,0,757000,-747000,10000
2008/05/23,0,491000,-477000,14000
2008/05/26,0,1533000,-948000,585000
2008/05/27,0,470000,-1035000,-565000
2008/05/28,0,396000,-749000,-353000
2008/05/29,0,259000,-46000,213000
2008/05/30,0,650000,-258000,392000
2008/06/02,0,228000,-310000,-82000
2008/06/03,0,602000,-550000,52000
2008/06/04,0,359000,-441000,-82000
2008/06/05,0,838000,-2683400,-1845400
2008/06/06,0,589000,-665000,-76000
2008/06/09,0,265000,-252000,13000
2008/06/10,0,597000,-1146857,-549857
2008/06/11,0,645000,-68000,577000
2008/06/12,0,39000,-352000,-313000
2008/06/13,0,1060000,-305000,755000
2008/06/16,0,75000,-312000,-237000
2008/06/17,0,149843,-38000,111843
2008/06/18,0,68000,-136000,-68000
2008/06/19,0,81000,-243000,-162000
2008/06/20,0,860000,-219000,641000
2008/06/23,0,158000,-248200,-90200
2008/06/24,0,545000,-59000,486000
2008/06/25,0,1764000,-1081000,683000
2008/06/26,0,270000,-350000,-80000
2008/06/27,0,218000,-22000,196000
2008/06/30,0,312000,-11000,301000
2008/07/01,0,250000,-54000,196000
2008/07/02,0,127000,-37100,89900
2008/07/03,0,63000,-411000,-348000
2008/07/04,0,94000,-207000,-113000
2008/07/07,0,171000,-69000,102000
2008/07/08,0,84000,-321000,-237000
2008/07/09,0,194000,-40000,154000
2008/07/10,0,125000,-15000,110000
2008/07/11,0,169000,-268000,-99000
2008/07/14,0,688000,-204000,484000
2008/07/15,0,204000,-489000,-285000
2008/07/16,0,343000,-692000,-349000
2008/07/17,0,737000,-271000,466000
2008/07/18,0,438000,-517000,-79000
2008/07/21,0,238000,-242000,-4000
2008/07/22,0,386000,-101000,285000
2008/07/23,0,631000,-1544180,-913180
2008/07/24,0,512000,-192000,320000
2008/07/25,0,367000,-757000,-390000
2008/07/28,0,0,0,0
2008/07/29,0,558000,-498000,60000
2008/07/30,0,772000,-63000,709000
2008/07/31,0,2297000,-34000,2263000
2008/08/01,0,208000,-200627,7373
2008/08/04,0,54000,-270000,-216000
2008/08/05,0,327000,-683000,-356000
2008/08/06,0,614000,-174000,440000
2008/08/07,0,601000,-715709,-114709
2008/08/08,0,1128000,-2184000,-1056000
2008/08/11,0,309000,-609464,-300464
2008/08/12,0,236000,-364500,-128500
2008/08/13,0,247000,-420000,-173000
2008/08/14,0,719000,-310000,409000
2008/08/15,0,758000,-40000,718000
2008/08/18,0,213000,-134000,79000
2008/08/19,0,254801,-287000,-32199
2008/08/20,0,277000,-559900,-282900
2008/08/21,0,29000,-178000,-149000
2008/08/22,0,36000,-120000,-84000
2008/08/25,0,91000,-1000,90000
2008/08/26,0,368000,-1000,367000
2008/08/27,0,876000,-287000,589000
2008/08/28,0,702000,-103000,599000
2008/08/29,0,606000,-751909,-145909
2008/09/01,0,893000,-456000,437000
2008/09/02,0,669000,-160627,508373
2008/09/03,0,1601000,-686210,914790
2008/09/04,0,809000,-872000,-63000
2008/09/05,0,1003000,-262000,741000
2008/09/08,0,545000,-640447,-95447
2008/09/09,0,873000,-150000,723000
2008/09/10,0,605000,-284000,321000
2008/09/11,0,600000,-442000,158000
2008/09/12,0,553000,-307410,245590
2008/09/15,0,340000,-236000,104000
2008/09/16,0,83000,-1000,82000
2008/09/17,0,162000,-447000,-285000
2008/09/18,0,4000,-398000,-394000
2008/09/19,0,314000,-182000,132000
2008/09/22,0,373000,-188520,184480
2008/09/23,0,2088000,-60000,2028000
2008/09/24,0,1082212,-1015212,67000
2008/09/25,0,724000,-666500,57500
2008/09/26,0,675000,-189000,486000
2008/09/29,0,0,0,0
2008/09/30,0,2000000,-1281514,718486
2008/10/01,0,1518000,-235000,1283000
2008/10/02,0,1422000,-973230,448770
2008/10/03,0,231000,-391000,-160000
2008/10/06,0,264000,-488690,-224690
2008/10/07,0,223000,-304580,-81580
2008/10/08,0,539000,-869063,-330063
2008/10/09,0,619000,-109750,509250
2008/10/10,0,0,0,0
2008/10/13,0,128000,-125000,3000
2008/10/14,0,486000,-26000,460000
2008/10/15,0,583000,-63220,519780
2008/10/16,0,125000,-347000,-222000
2008/10/17,0,508000,-542000,-34000
2008/10/20,0,555000,-532750,22250
2008/10/21,0,767000,-349000,418000
2008/10/22,0,236000,-61000,175000
2008/10/23,0,238000,-24000,214000
2008/10/24,0,592000,-327000,265000
2008/10/27,0,123000,-124000,-1000
2008/10/28,0,6000,-5000,1000
2008/10/29,0,44000,-222000,-178000
2008/10/30,0,70000,-68550,1450
2008/10/31,0,305000,-531000,-226000
2008/11/03,0,129000,-138000,-9000
2008/11/04,0,241000,-46000,195000
2008/11/05,0,341000,-365150,-24150
2008/11/06,0,41000,-517000,-476000
2008/11/07,0,242000,-303000,-61000
2008/11/10,0,236000,-12000,224000
2008/11/11,0,237000,-291000,-54000
2008/11/12,0,574000,-225000,349000
2008/11/13,0,978000,-105000,873000
2008/11/14,0,10000,-131960,-121960
2008/11/17,0,378000,-447520,-69520
2008/11/18,0,1107000,-1082000,25000
2008/11/19,0,1325000,-2284000,-959000
2008/11/20,0,31000,-1489000,-1458000
2008/11/21,0,507000,-3446000,-2939000
2008/11/24,0,132000,-299000,-167000
2008/11/25,0,675000,-1839102,-1164102
2008/11/26,0,231000,-1679950,-1448950
2008/11/27,0,181000,-2166000,-1985000
2008/11/28,0,265000,-4204281,-3939281
2008/12/01,0,812000,-5862000,-5050000
2008/12/02,0,717000,-1599000,-882000
2008/12/03,0,120000,-166000,-46000
2008/12/04,0,137000,-286746,-149746
2008/12/05,0,118000,-354000,-236000
2008/12/08,0,377000,-669289,-292289
2008/12/09,0,218000,-730141,-512141
2008/12/10,0,262000,-553000,-291000
2008/12/11,0,488960,-273854,215106
2008/12/12,0,92000,-76000,16000
2008/12/15,0,284000,-110000,174000
2008/12/16,0,141000,-104000,37000
2008/12/17,0,737000,-227278,509722
2008/12/18,0,120000,-247000,-127000
2008/12/19,0,142000,-123000,19000
2008/12/22,0,43000,-207000,-164000
2008/12/23,0,20000,-119000,-99000
2008/12/24,0,58000,-200290,-142290
2008/12/25,0,12000,-170000,-158000
2008/12/26,0,134000,-47000,87000
2008/12/29,0,27000,-40000,-13000
2008/12/30,0,142000,-52000,90000
2008/12/31,0,135000,-120000,15000
2009/01/01,0,0,0,0
2009/01/02,0,0,0,0
2009/01/05,0,75000,-39000,36000
2009/01/06,0,63000,-128000,-65000
2009/01/07,0,169000,-226280,-57280
2009/01/08,0,1000,-324000,-323000
2009/01/09,0,27000,-301000,-274000
2009/01/12,0,95000,-94000,1000
2009/01/13,0,219000,-153500,65500
2009/01/14,0,322000,-72000,250000
2009/01/15,0,12000,-257000,-245000
2009/01/16,0,22000,-153000,-131000
2009/01/19,0,0,-180000,-180000
2009/01/20,0,9000,-112000,-103000
2009/01/21,0,129000,-335000,-206000
2009/01/22,0,0,0,0
2009/01/23,0,0,0,0
2009/01/26,0,0,0,0
2009/01/27,0,0,0,0
2009/01/28,0,0,0,0
2009/01/29,0,0,0,0
2009/01/30,0,0,0,0
2009/02/02,0,761213,-1020083,-258870
2009/02/03,0,302000,-94000,208000
2009/02/04,0,218000,-482630,-264630
2009/02/05,0,3011000,-101000,2910000
2009/02/06,0,1185000,-1006000,179000
2009/02/09,0,157000,-8000,149000
2009/02/10,0,44000,-465000,-421000
2009/02/11,0,193000,-116000,77000
2009/02/12,0,36000,-205000,-169000
2009/02/13,0,62000,-1077000,-1015000
2009/02/16,0,225000,-327000,-102000
2009/02/17,0,75000,0,75000
2009/02/18,0,133000,-1048000,-915000
2009/02/19,0,207000,-1156000,-949000
2009/02/20,0,127000,-43000,84000
2009/02/23,0,13000,-1744855,-1731855
2009/02/24,0,10000,-13000,-3000
2009/02/25,0,1422000,-509000,913000
2009/02/26,0,263500,-15000,248500
2009/02/27,0,194000,-86000,108000
2009/03/02,0,15000,-614000,-599000
2009/03/03,0,71000,-132000,-61000
2009/03/04,0,1361000,-2023000,-662000
2009/03/05,0,101000,-848000,-747000
2009/03/06,0,121000,-351000,-230000
2009/03/09,0,196000,-1138000,-942000
2009/03/10,0,1110000,-2958002,-1848002
2009/03/11,0,70000,-605922,-535922
2009/03/12,0,173000,-1196000,-1023000
2009/03/13,0,844000,-21000,823000
2009/03/16,0,800000,-1000,799000
2009/03/17,0,90000,-3000,87000
2009/03/18,0,603000,-650000,-47000
2009/03/19,0,34000,-130026,-96026
2009/03/20,0,1014000,-149000,865000
2009/03/23,0,243000,-341000,-98000
2009/03/24,0,188000,-630800,-442800
2009/03/25,0,495000,-126780,368220
2009/03/26,0,228000,-750000,-522000
2009/03/27,0,318000,-57620,260380
2009/03/30,0,22000,-220000,-198000
2009/03/31,0,361500,-840890,-479390
2009/04/01,0,20000,-134000,-114000
2009/04/02,0,204000,-896000,-692000
2009/04/03,0,17000,-222000,-205000
2009/04/06,0,712000,-411000,301000
2009/04/07,0,165000,-843000,-678000
2009/04/08,0,25300,-103000,-77700
2009/04/09,0,386000,-76000,310000
2009/04/10,0,1196000,-23000,1173000
2009/04/13,0,160000,-11000,149000
2009/04/14,0,133000,-16000,117000
2009/04/15,0,298000,-122000,176000
2009/04/16,0,887000,-1003000,-116000
2009/04/17,0,735000,-155000,580000
2009/04/20,0,408000,-351380,56620
2009/04/21,0,268000,-404000,-136000
2009/04/22,0,797000,-148000,649000
2009/04/23,0,1280171,-1170171,110000
2009/04/24,0,1050000,-353000,697000
2009/04/27,0,4091000,-1382000,2709000
2009/04/28,0,1852000,-1104000,748000
2009/04/29,0,322000,-155000,167000
2009/04/30,0,464000,-3000,461000
2009/05/01,0,0,0,0
2009/05/04,0,1604000,-37000,1567000
2009/05/05,0,1209000,-124000,1085000
2009/05/06,0,284000,-67000,217000
2009/05/07,0,785000,-288000,497000
2009/05/08,0,1861000,-1398000,463000
2009/05/11,0,1672000,-933520,738480
2009/05/12,0,627000,-15000,612000
2009/05/13,0,2080000,-85000,1995000
2009/05/14,0,2688000,-1010000,1678000
2009/05/15,0,1159000,-773000,386000
2009/05/18,0,932000,-380000,552000
2009/05/19,0,612000,-263000,349000
2009/05/20,0,554000,-461000,93000
2009/05/21,0,1567000,-483000,1084000
2009/05/22,0,4243000,-94000,4149000
2009/05/25,0,1291311,-435000,856311
2009/05/26,0,1840000,-416000,1424000
2009/05/27,0,12885301,-8783501,4101800
2009/05/28,0,0,0,0
2009/05/29,0,0,0,0
2009/06/01,0,2809000,-1044680,1764320
2009/06/02,0,1662000,-1709000,-47000
2009/06/03,0,2581000,-1199000,1382000
2009/06/04,0,943000,-389000,554000
2009/06/05,0,872072,-1104000,-231928
2009/06/08,0,2878000,-2234000,644000
2009/06/09,0,2149000,-358000,1791000
2009/06/10,0,632000,-77167,554833
2009/06/11,0,548000,-346000,202000
2009/06/12,0,237000,-435000,-198000
2009/06/15,0,120000,-379000,-259000
2009/06/16,0,2154000,-893380,1260620
2009/06/17,0,2385000,-1107000,1278000
2009/06/18,0,592000,-1173000,-581000
2009/06/19,0,720001,-901380,-181379
2009/06/22,0,266000,-627000,-361000
2009/06/23,0,485100,-1331000,-845900
2009/06/24,0,1238000,-312000,926000
2009/06/25,0,426000,-226000,200000
2009/06/26,0,149000,-180000,-31000
2009/06/29,0,410000,-574000,-164000
2009/06/30,0,320000,-506511,-186511
2009/07/01,0,2616000,-179300,2436700
2009/07/02,0,48000,-1118534,-1070534
2009/07/03,0,63000,-888407,-825407
2009/07/06,0,299000,-244860,54140
2009/07/07,0,294000,-133210,160790
2009/07/08,0,57000,-682501,-625501
2009/07/09,0,782000,-1372000,-590000
2009/07/10,0,357000,-712000,-355000
2009/07/13,0,252000,-2289000,-2037000
2009/07/14,0,380000,-903970,-523970
2009/07/15,0,309000,-1128000,-819000
2009/07/16,0,1777000,-1135000,642000
2009/07/17,0,451291,-2689838,-2238547
2009/07/20,0,2291000,-1144000,1147000
2009/07/21,0,1515000,-2171566,-656566
2009/07/22,0,480000,-1585176,-1105176
2009/07/23,0,1912000,-1778090,133910
2009/07/24,0,1638000,-1578350,59650
2009/07/27,0,579000,-56000,523000
2009/07/28,0,418000,-2289000,-1871000
2009/07/29,0,416000,-1859067,-1443067
2009/07/30,0,111000,-1544000,-1433000
2009/07/31,0,384000,-1424000,-1040000
2009/08/03,0,80000,-374290,-294290
2009/08/04,0,45000,-578000,-533000
2009/08/05,0,135000,-824000,-689000
2009/08/06,0,594000,-354000,240000
2009/08/07,0,0,0,0
2009/08/10,0,1016000,-478470,537530
2009/08/11,0,452000,-127000,325000
2009/08/12,0,621516,-675766,-54250
2009/08/13,0,309000,-146000,163000
2009/08/14,0,168000,-84000,84000
2009/08/17,0,124000,-317000,-193000
2009/08/18,0,285000,-541000,-256000
2009/08/19,0,589000,-270000,319000
2009/08/20,0,396000,-238578,157422
2009/08/21,0,1020000,-1508250,-488250
2009/08/24,0,358000,-1591820,-1233820
2009/08/25,0,269000,-254000,15000
2009/08/26,0,1700000,-612556,1087444
2009/08/27,0,1577000,-207000,1370000
2009/08/28,0,2534000,-123000,2411000
2009/08/31,0,2307000,-633371,1673629
2009/09/01,0,1996000,-325567,1670433
2009/09/02,0,319000,-269841,49159
2009/09/03,0,414000,-431000,-17000
2009/09/04,0,520000,-1846299,-1326299
2009/09/07,0,186000,-377000,-191000
2009/09/08,0,703000,-23000,680000
2009/09/09,0,330000,-59624,270376
2009/09/10,0,1019000,-244402,774598
2009/09/11,0,697000,-80000,617000
2009/09/14,0,547000,-165000,382000
2009/09/15,0,3204785,-339070,2865715
2009/09/16,0,1500000,-396000,1104000
2009/09/17,0,1559000,-278690,1280310
2009/09/18,0,1159000,-522188,636812
2009/09/21,0,348000,-158180,189820
2009/09/22,0,200000,-19000,181000
2009/09/23,0,113000,-1513000,-1400000
2009/09/24,0,429000,-426000,3000
2009/09/25,0,1127000,-1069068,57932
2009/09/28,0,712000,-468550,243450
2009/09/29,0,984916,-34000,950916
2009/09/30,0,365000,-177000,188000
2009/10/01,0,1852000,-1395995,456005
2009/10/02,0,495000,-467483,27517
2009/10/05,0,2974269,-422185,2552084
2009/10/06,0,4968000,-584000,4384000
2009/10/07,0,322000,-106269,215731
2009/10/08,0,3020000,-590845,2429155
2009/10/09,0,2544000,-567945,1976055
2009/10/12,0,2845000,-304000,2541000
2009/10/13,0,798050,-313940,484110
2009/10/14,0,1194000,-922000,272000
2009/10/15,0,875000,-1873000,-998000
2009/10/16,0,312000,-1233000,-921000
2009/10/19,0,361000,-324319,36681
2009/10/20,0,243000,-399000,-156000
2009/10/21,0,1587000,-279000,1308000
2009/10/22,0,996000,-850274,145726
2009/10/23,0,4503000,-435000,4068000
2009/10/26,0,1118000,-538000,580000
2009/10/27,0,1084000,-272000,812000
2009/10/28,0,1972000,-1215000,757000
2009/10/29,0,1539000,-1264000,275000
2009/10/30,0,2153000,-1448000,705000
2009/11/02,0,901000,-363151,537849
2009/11/03,0,843000,-726000,117000
2009/11/04,0,830000,-130439,699561
2009/11/05,0,1049000,-160000,889000
2009/11/06,0,1729000,-74000,1655000
2009/11/09,0,1433000,-385000,1048000
2009/11/10,0,1560000,-81118,1478882
2009/11/11,0,1113000,-431000,682000
2009/11/12,0,1074000,-58000,1016000
2009/11/13,0,2288000,-971000,1317000
2009/11/16,0,940000,-294505,645495
2009/11/17,0,983000,-347000,636000
2009/11/18,0,665000,-302000,363000
2009/11/19,0,213000,-343237,-130237
2009/11/20,0,58000,-694000,-636000
2009/11/23,0,236000,-443976,-207976
2009/11/24,0,240000,-547000,-307000
2009/11/25,0,634000,-1806187,-1172187
2009/11/26,0,229000,-391000,-162000
2009/11/27,0,309000,-2010000,-1701000
2009/11/30,0,681540,-1672956,-991416
2009/12/01,0,293000,-470000,-177000
2009/12/02,0,276000,-399295,-123295
2009/12/03,0,1203902,-122518,1081384
2009/12/04,0,884000,-856000,28000
2009/12/07,0,1101000,-499000,602000
2009/12/08,0,918000,-965000,-47000
2009/12/09,0,320000,-384692,-64692
2009/12/10,0,687000,-1354000,-667000
2009/12/11,0,504000,-440000,64000
2009/12/14,0,136000,-816000,-680000
2009/12/15,0,197000,-568000,-371000
2009/12/16,0,1044000,-693000,351000
2009/12/17,0,369030,-695000,-325970
2009/12/18,0,297000,-693000,-396000
2009/12/21,0,1462000,-1689000,-227000
2009/12/22,0,874000,-795960,78040
2009/12/23,0,1191331,-1021675,169656
2009/12/24,0,1886000,-53000,1833000
2009/12/25,0,642000,-2000,640000
2009/12/28,0,802000,-40000,762000
2009/12/29,0,258000,-31000,227000
2009/12/30,0,721000,-233000,488000
2009/12/31,0,523000,-39000,484000
2010/01/01,0,0,0,0
2010/01/04,0,467000,-32000,435000
2010/01/05,0,320000,-942000,-622000
2010/01/06,0,341000,-1074849,-733849
2010/01/07,0,2002000,-139849,1862151
2010/01/08,0,738990,-856725,-117735
2010/01/11,0,3799000,-364000,3435000
2010/01/12,0,7372000,-886000,6486000
2010/01/13,0,365000,-231000,134000
2010/01/14,0,2207000,-1007050,1199950
2010/01/15,0,3458000,-354000,3104000
2010/01/18,0,1695000,-427000,1268000
2010/01/19,0,2396000,-993200,1402800
2010/01/20,0,1355000,-1785817,-430817
2010/01/21,0,643000,-439000,204000
2010/01/22,0,38000,-622000,-584000
2010/01/25,0,308250,-421000,-112750
2010/01/26,0,34000,-1751000,-1717000
2010/01/27,0,574000,-1864450,-1290450
2010/01/28,0,932000,-429000,503000
2010/01/29,0,274989,-2081210,-1806221
2010/02/01,0,487000,-283880,203120
2010/02/02,0,943567,-468420,475147
2010/02/03,0,150447,-194000,-43553
2010/02/04,0,1208614,-764000,444614
2010/02/05,0,140567,-847310,-706743
2010/02/08,0,948000,-2595692,-1647692
2010/02/09,0,97000,-412690,-315690
2010/02/10,0,221000,-790107,-569107
2010/02/11,0,0,0,0
2010/02/12,0,0,0,0
2010/02/15,0,0,0,0
2010/02/16,0,0,0,0
2010/02/17,0,0,0,0
2010/02/18,0,0,0,0
2010/02/19,0,0,0,0
2010/02/22,0,850000,-782000,68000
2010/02/23,0,2244000,-484542,1759458
2010/02/24,0,660000,-850000,-190000
2010/02/25,0,445000,-847000,-402000
2010/02/26,0,491222,-465000,26222
2010/03/01,0,637000,-493000,144000
2010/03/02,0,752000,-279000,473000
2010/03/03,0,562000,-187000,375000
2010/03/04,0,167000,-446000,-279000
2010/03/05,0,342000,-226000,116000
2010/03/08,0,418000,-126000,292000
2010/03/09,0,471480,-99000,372480
2010/03/10,0,265820,-149000,116820
2010/03/11,0,412908,-161000,251908
2010/03/12,0,250000,-72000,178000
2010/03/15,0,50000,-245000,-195000
2010/03/16,0,59000,-572000,-513000
2010/03/17,0,1555000,-866243,688757
2010/03/18,0,658000,-180000,478000
2010/03/19,0,141000,-82000,59000
2010/03/22,0,122000,-274511,-152511
2010/03/23,0,366000,-1365000,-999000
2010/03/24,0,448000,-348000,100000
2010/03/25,0,912000,-351000,561000
2010/03/26,0,1184000,-777601,406399
2010/03/29,0,2711000,-328000,2383000
2010/03/30,0,2063600,-788000,1275600
2010/03/31,0,1544000,-1203940,340060
2010/04/01,0,2256000,-1067300,1188700
2010/04/02,0,505000,-130000,375000
2010/04/05,0,0,0,0
2010/04/06,0,757000,-33000,724000
2010/04/07,0,2116120,-262000,1854120
2010/04/08,0,1006000,-562000,444000
2010/04/09,0,446000,-387690,58310
2010/04/12,0,412440,-6000,406440
2010/04/13,0,219000,-251000,-32000
2010/04/14,0,465000,-222250,242750
2010/04/15,0,471000,-977000,-506000
2010/04/16,0,814050,-1209000,-394950
2010/04/19,0,185228,-865000,-679772
2010/04/20,0,681000,-513000,168000
2010/04/21,0,1014000,-200000,814000
2010/04/22,0,95000,-605140,-510140
2010/04/23,0,224000,-237000,-13000
2010/04/26,0,924000,-691000,233000
2010/04/27,0,467517,-439517,28000
2010/04/28,0,240000,-1230688,-990688
2010/04/29,0,261000,-208000,53000
2010/04/30,0,515000,-413542,101458
2010/05/03,0,262000,-227000,35000
2010/05/04,0,192000,-297000,-105000
2010/05/05,0,912000,-2451920,-1539920
2010/05/06,0,362000,-2090000,-1728000
2010/05/07,0,1046000,-2144629,-1098629
2010/05/10,0,1078400,-506730,571670
2010/05/11,0,2318000,-1406000,912000
2010/05/12,0,1076000,-924000,152000
2010/05/13,0,630000,-646000,-16000
2010/05/14,0,229000,-24000,205000
2010/05/17,0,89281,-180000,-90719
2010/05/18,0,200000,-307000,-107000
2010/05/19,0,247000,-1052651,-805651
2010/05/20,0,485000,-1723212,-1238212
2010/05/21,0,850000,-777030,72970
2010/05/24,0,217000,-239000,-22000
2010/05/25,0,275000,-584000,-309000
2010/05/26,0,549000,-852283,-303283
2010/05/27,0,225000,-396588,-171588
2010/05/28,0,298000,-735100,-437100
2010/05/31,0,423000,-52000,371000
2010/06/01,0,880000,-972000,-92000
2010/06/02,0,535000,-947000,-412000
2010/06/03,0,689000,-614000,75000
2010/06/04,0,424000,-173000,251000
2010/06/07,0,597000,-669640,-72640
2010/06/08,0,92000,-1880000,-1788000
2010/06/09,0,435000,-3397000,-2962000
2010/06/10,0,2103000,-3025025,-922025
2010/06/11,0,1643639,-2678000,-1034361
2010/06/14,0,1091639,-1378000,-286361
2010/06/15,0,707279,-2089420,-1382141
2010/06/16,0,0,0,0
2010/06/17,0,2633831,-2195619,438212
2010/06/18,0,369600,-1213672,-844072
2010/06/21,0,4771227,-1083103,3688124
2010/06/22,0,1289367,-959503,329864
2010/06/23,0,569666,-369896,199770
2010/06/24,0,42000,-348747,-306747
2010/06/25,0,911466,-1073000,-161534
2010/06/28,0,236000,-668000,-432000
2010/06/29,0,356000,-788000,-432000
2010/06/30,0,718000,-3274000,-2556000
2010/07/01,0,438000,-2082630,-1644630
2010/07/02,0,103000,-1073860,-970860
2010/07/05,0,1774845,-262000,1512845
2010/07/06,0,1937000,-474000,1463000
2010/07/07,0,2325369,-1696301,629068
2010/07/08,0,837000,-863791,-26791
2010/07/09,0,332788,-1155000,-822212
2010/07/12,0,1630000,-473448,1156552
2010/07/13,0,858000,-1043570,-185570
2010/07/14,0,520570,-154834,365736
2010/07/15,0,2501000,-223000,2278000
2010/07/16,0,1496750,-602000,894750
2010/07/19,0,244000,-1806000,-1562000
2010/07/20,0,999584,-2861013,-1861429
2010/07/21,0,328000,-225350,102650
2010/07/22,0,1139000,-1717002,-578002
2010/07/23,0,1201000,-1829600,-628600
2010/07/26,0,250430,-2234000,-1983570
2010/07/27,0,758939,-858000,-99061
2010/07/28,0,700000,-1220000,-520000
2010/07/29,0,801000,-390203,410797
2010/07/30,0,132139,-533000,-400861
2010/08/02,0,828000,-31000,797000
2010/08/03,0,946000,-1958583,-1012583
2010/08/04,0,945000,-133000,812000
2010/08/05,0,792000,-362000,430000
2010/08/06,0,1646612,-1367612,279000
2010/08/09,0,334000,-293000,41000
2010/08/10,0,540000,-391000,149000
2010/08/11,0,671000,-2325149,-1654149
2010/08/12,0,1343350,-5117000,-3773650
2010/08/13,0,958181,-6508000,-5549819
2010/08/16,0,861400,-6151000,-5289600
2010/08/17,0,127000,-2228000,-2101000
2010/08/18,0,668000,-2626000,-1958000
2010/08/19,0,2367000,-3109000,-742000
2010/08/20,0,1320000,-3314000,-1994000
2010/08/23,0,314000,-1833640,-1519640
2010/08/24,0,46000,-1718000,-1672000
2010/08/25,0,947000,-5021790,-4074790
2010/08/26,0,2002000,-4318079,-2316079
2010/08/27,0,456000,-1674459,-1218459
2010/08/30,0,2758840,-5722190,-2963350
2010/08/31,0,772000,-2336851,-1564851
2010/09/01,0,1642800,-1891029,-248229
2010/09/02,0,467000,-1309536,-842536
2010/09/03,0,350000,-3001850,-2651850
2010/09/06,0,380000,-1649500,-1269500
2010/09/07,0,520000,-470930,49070
2010/09/08,0,2026610,-1221221,805389
2010/09/09,0,2009000,-1991550,17450
2010/09/10,0,189740,-278000,-88260
2010/09/13,0,2108000,-245347,1862653
2010/09/14,0,417118,-441500,-24382
2010/09/15,0,1480641,-1610500,-129859
2010/09/16,0,412000,-296000,116000
2010/09/17,0,1515000,-297263,1217737
2010/09/20,0,176000,-134000,42000
2010/09/21,0,375000,-731000,-356000
2010/09/22,0,0,0,0
2010/09/23,0,200000,-227285,-27285
2010/09/24,0,952280,-542520,409760
2010/09/27,0,1552720,-769982,782738
2010/09/28,0,166200,-1064800,-898600
2010/09/29,0,611000,-554628,56372
2010/09/30,0,280000,-3210000,-2930000
2010/10/01,0,229720,-384592,-154872
2010/10/04,0,444280,-34000,410280
2010/10/05,0,441680,-1021740,-580060
2010/10/06,0,203360,-1365000,-1161640
2010/10/07,0,568040,-1827850,-1259810
2010/10/08,0,260100,-877000,-616900
2010/10/11,0,305960,-1050593,-744633
2010/10/12,0,49210,-1388050,-1338840
2010/10/13,0,145710,-693568,-547858
2010/10/14,0,1069500,-280000,789500
2010/10/15,0,256890,-979450,-722560
2010/10/18,0,120300,-1922000,-1801700
2010/10/19,0,530536,-713600,-183064
2010/10/20,0,133000,-901000,-768000
2010/10/21,0,548000,-506000,42000
2010/10/22,0,373328,-384000,-10672
2010/10/25,0,2885000,-4230803,-1345803
2010/10/26,0,1220000,-4405301,-3185301
2010/10/27,0,2286810,-302565,1984245
2010/10/28,0,2930331,-1594000,1336331
2010/10/29,0,322000,-2572050,-2250050
2010/11/01,0,1199000,-704000,495000
2010/11/02,0,338000,-924120,-586120
2010/11/03,0,440000,-1363363,-923363
2010/11/04,0,671000,-419000,252000
2010/11/05,0,2234000,-225690,2008310
2010/11/08,0,714000,-154000,560000
2010/11/09,0,198000,-805000,-607000
2010/11/10,0,251000,-2328267,-2077267
2010/11/11,0,1201000,-297188,903812
2010/11/12,0,62000,-934750,-872750
2010/11/15,0,60150,-1940438,-1880288
2010/11/16,0,1721000,-397000,1324000
2010/11/17,0,965000,-459000,506000
2010/11/18,0,255000,-408470,-153470
2010/11/19,0,1152470,-428395,724075
2010/11/22,0,191300,-217000,-25700
2010/11/23,0,549550,-448000,101550
2010/11/24,0,257000,-300950,-43950
2010/11/25,0,63000,-460319,-397319
2010/11/26,0,165000,-108000,57000
2010/11/29,0,199000,-274743,-75743
2010/11/30,0,367066,-1754830,-1387764
2010/12/01,0,422000,-972850,-550850
2010/12/02,0,240000,-1082586,-842586
2010/12/03,0,79000,-349250,-270250
2010/12/06,0,1264000,-823643,440357
2010/12/07,0,623010,-43000,580010
2010/12/08,0,2579000,-139000,2440000
2010/12/09,0,3596000,-528000,3068000
2010/12/10,0,3049000,-253500,2795500
2010/12/13,0,1704000,-242233,1461767
2010/12/14,0,1267000,-1224000,43000
2010/12/15,0,332000,-91000,241000
2010/12/16,0,139000,-215000,-76000
2010/12/17,0,974000,-76000,898000
2010/12/20,0,1416620,-2302550,-885930
2010/12/21,0,931000,-620225,310775
2010/12/22,0,1916000,-217940,1698060
2010/12/23,0,556000,-123000,433000
2010/12/24,0,115000,-743000,-628000
2010/12/27,0,201000,-65000,136000
2010/12/28,0,1040000,-102350,937650
2010/12/29,0,427780,-146000,281780
2010/12/30,0,388000,-200000,188000
2010/12/31,0,239000,-69860,169140
2011/01/03,0,266000,-8000,258000
2011/01/04,0,126000,-196500,-70500
2011/01/05,0,141000,-873467,-732467
2011/01/06,0,306000,-92400,213600
2011/01/07,0,178000,-202000,-24000
2011/01/10,0,105000,-83000,22000
2011/01/11,0,231000,-112950,118050
2011/01/12,0,63950,-1036100,-972150
2011/01/13,0,101077,-833000,-731923
2011/01/14,0,144000,-39000,105000
2011/01/17,0,79812,-107000,-27188
2011/01/18,0,231000,-318660,-87660
2011/01/19,0,1147000,-1544000,-397000
2011/01/20,0,452000,-432000,20000
2011/01/21,0,122000,-1388900,-1266900
2011/01/24,0,25000,-123000,-98000
2011/01/25,0,84000,-200066,-116066
2011/01/26,0,116000,-448640,-332640
2011/01/27,0,93000,-40310,52690
2011/01/28,0,473370,-917000,-443630
2011/01/31,0,0,0,0
2011/02/01,0,0,0,0
2011/02/02,0,0,0,0
2011/02/03,0,0,0,0
2011/02/04,0,0,0,0
2011/02/07,0,0,0,0
2011/02/08,0,384000,-1606838,-1222838
2011/02/09,0,354000,-1543856,-1189856
2011/02/10,0,44000,-1967460,-1923460
2011/02/11,0,229000,-1574000,-1345000
2011/02/14,0,22000,-1556780,-1534780
2011/02/15,0,348000,-1319335,-971335
2011/02/16,0,658000,-1186000,-528000
2011/02/17,0,86000,-1705170,-1619170
2011/02/18,0,344000,-1314161,-970161
2011/02/21,0,502000,-1320000,-818000
2011/02/22,0,282000,-3381500,-3099500
2011/02/23,0,558587,-2359927,-1801340
2011/02/24,0,411000,-1124472,-713472
2011/02/25,0,361000,-221069,139931
2011/02/28,0,0,0,0
2011/03/01,0,149000,-84000,65000
2011/03/02,0,88065,-424000,-335935
2011/03/03,0,411000,-161000,250000
2011/03/04,0,140000,-145000,-5000
2011/03/07,0,147000,-94000,53000
2011/03/08,0,357000,-88235,268765
2011/03/09,0,159627,-115000,44627
2011/03/10,0,60000,-239190,-179190
2011/03/11,0,131000,-1545290,-1414290
2011/03/14,0,740000,-1646600,-906600
2011/03/15,0,1543000,-1393070,149930
2011/03/16,0,560000,-190790,369210
2011/03/17,0,65000,-365830,-300830
2011/03/18,0,295000,-829549,-534549
2011/03/21,0,183000,-475000,-292000
2011/03/22,0,211000,-358000,-147000
2011/03/23,0,399000,-582000,-183000
2011/03/24,0,79000,-321000,-242000
2011/03/25,0,768000,-1191957,-423957
2011/03/28,0,246000,-1352400,-1106400
2011/03/29,0,377000,-2690200,-2313200
2011/03/30,0,886000,-1415823,-529823
2011/03/31,0,290000,-1316833,-1026833
2011/04/01,0,233000,-710000,-477000
2011/04/04,0,0,0,0
2011/04/05,0,0,0,0
2011/04/06,0,1308250,-1250711,57539
2011/04/07,0,425071,-1301971,-876900
2011/04/08,0,1641774,-905000,736774
2011/04/11,0,376000,-418000,-42000
2011/04/12,0,107764,-217364,-109600
2011/04/13,0,200000,-596000,-396000
2011/04/14,0,195000,-412300,-217300
2011/04/15,0,311000,-107000,204000
2011/04/18,0,574000,-303755,270245
2011/04/19,0,130000,-1057650,-927650
2011/04/20,0,514310,-638000,-123690
2011/04/21,0,655873,-497000,158873
2011/04/22,0,267000,-71000,196000
2011/04/25,0,97000,-39000,58000
2011/04/26,0,494153,-379000,115153
2011/04/27,0,805000,-245000,560000
2011/04/28,0,385262,-62000,323262
2011/04/29,0,256543,-136000,120543
2011/05/02,0,0,0,0
2011/05/03,0,128000,-219000,-91000
2011/05/04,0,191000,-404000,-213000
2011/05/05,0,63000,-108000,-45000
2011/05/06,0,130000,-219058,-89058
2011/05/09,0,362000,-12000,350000
2011/05/10,0,76000,-24000,52000
2011/05/11,0,105000,-114000,-9000
2011/05/12,0,91000,-143000,-52000
2011/05/13,0,282000,-209000,73000
2011/05/16,0,699000,-1158000,-459000
2011/05/17,0,206000,-529000,-323000
2011/05/18,0,308000,-217000,91000
2011/05/19,0,190000,-222576,-32576
2011/05/20,0,141000,-419000,-278000
2011/05/23,0,202000,-483000,-281000
2011/05/24,0,184000,-248126,-64126
2011/05/25,0,43000,-529000,-486000
2011/05/26,0,50462,-156857,-106395
2011/05/27,0,206000,-76000,130000
2011/05/30,0,223000,-200000,23000
2011/05/31,0,2162703,-725000,1437703
2011/06/01,0,560541,-281762,278779
2011/06/02,0,507000,-18000,489000
2011/06/03,0,211000,-6000,205000
2011/06/06,0,0,0,0
2011/06/07,0,62000,-76050,-14050
2011/06/08,0,702000,-80000,622000
2011/06/09,0,213982,-92000,121982
2011/06/10,0,232350,-218830,13520
2011/06/13,0,199000,-890611,-691611
2011/06/14,0,336000,-703000,-367000
2011/06/15,0,966000,-461009,504991
2011/06/16,0,222400,-587550,-365150
2011/06/17,0,1504000,-999203,504797
2011/06/20,0,358000,-126429,231571
2011/06/21,0,500000,-142000,358000
2011/06/22,0,160000,-260000,-100000
2011/06/23,0,89118,-159931,-70813
2011/06/24,0,569000,-50759,518241
2011/06/27,0,1098000,-228916,869084
2011/06/28,0,1130000,-286879,843121
2011/06/29,0,766000,-142000,624000
2011/06/30,0,925000,-423609,501391
2011/07/01,0,321557,-47000,274557
2011/07/04,0,109667,-188625,-78958
2011/07/05,0,348964,-766000,-417036
2011/07/06,0,274082,-1225000,-950918
2011/07/07,0,254502,-302000,-47498
2011/07/08,0,268981,-127000,141981
2011/07/11,0,134241,-148550,-14309
2011/07/12,0,283940,-67000,216940
2011/07/13,0,212413,-141000,71413
2011/07/14,0,122595,-176150,-53555
2011/07/15,0,259820,-122000,137820
2011/07/18,0,86050,-344000,-257950
2011/07/19,0,203000,-726700,-523700
2011/07/20,0,1157402,-694000,463402
2011/07/21,0,772673,-613921,158752
2011/07/22,0,753274,-1011000,-257726
2011/07/25,0,181357,-402000,-220643
2011/07/26,0,333275,-114000,219275
2011/07/27,0,1343547,-311000,1032547
2011/07/28,0,655779,-432000,223779
2011/07/29,0,5793557,-1648000,4145557
2011/08/01,0,1951620,-2281450,-329830
2011/08/02,0,229048,-419000,-189952
2011/08/03,0,279368,-1458000,-1178632
2011/08/04,0,490821,-2547000,-2056179
2011/08/05,0,786627,-2448000,-1661373
2011/08/08,0,580752,-2138000,-1557248
2011/08/09,0,851000,-2135787,-1284787
2011/08/10,0,636075,-1596001,-959926
2011/08/11,0,704000,-409000,295000
2011/08/12,0,184434,-819000,-634566
2011/08/15,0,469127,-150000,319127
2011/08/16,0,759000,-396000,363000
2011/08/17,0,942360,-664000,278360
2011/08/18,0,1850311,-1057000,793311
2011/08/19,0,1115233,-1016275,98958
2011/08/22,0,1025972,-547850,478122
2011/08/23,0,869000,-137710,731290
2011/08/24,0,1247185,-414000,833185
2011/08/25,0,1721543,-576937,1144606
2011/08/26,0,1382257,-161000,1221257
2011/08/29,0,1454000,-291528,1162472
2011/08/30,0,886599,-375000,511599
2011/08/31,0,1023826,-323539,700287
2011/09/01,0,626069,-224077,401992
2011/09/02,0,368970,-305000,63970
2011/09/05,0,551000,-682832,-131832
2011/09/06,0,638814,-543625,95189
2011/09/07,0,451136,-98575,352561
2011/09/08,0,626327,-322000,304327
2011/09/09,0,435000,-231762,203238
2011/09/12,0,0,0,0
2011/09/13,0,515120,-394086,121034
2011/09/14,0,502038,-219122,282916
2011/09/15,0,762000,-84787,677213
2011/09/16,0,931000,-291000,640000
2011/09/19,0,253666,-284000,-30334
2011/09/20,0,1324714,-498750,825964
2011/09/21,0,787557,-261110,526447
2011/09/22,0,362349,-694000,-331651
2011/09/23,0,317690,-450000,-132310
2011/09/26,0,523811,-525000,-1189
2011/09/27,0,608170,-125000,483170
2011/09/28,0,941697,-226000,715697
2011/09/29,0,856630,-189000,667630
2011/09/30,0,916300,-532000,384300
2011/10/03,0,243708,-429180,-185472
2011/10/04,0,1000000,-73000,927000
2011/10/05,0,396000,-286000,110000
2011/10/06,0,780000,-55000,725000
2011/10/07,0,297000,-100000,197000
2011/10/10,0,0,0,0
2011/10/11,0,1803000,-69000,1734000
2011/10/12,0,316000,-32000,284000
2011/10/13,0,1025801,-193000,832801
2011/10/14,0,400366,-920000,-519634
2011/10/17,0,424461,-860689,-436228
2011/10/18,0,421542,-340000,81542
2011/10/19,0,100427,-263105,-162678
2011/10/20,0,161350,-229010,-67660
2011/10/21,0,32464,-104000,-71536
2011/10/24,0,857328,-1041000,-183672
2011/10/25,0,378195,-215000,163195
2011/10/26,0,347000,-1148966,-801966
2011/10/27,0,408000,-469000,-61000
2011/10/28,0,1118000,-1826000,-708000
2011/10/31,0,1270000,-607000,663000
2011/11/01,0,706000,-761000,-55000
2011/11/02,0,360000,-110000,250000
2011/11/03,0,138000,-394280,-256280
2011/11/04,0,504000,-26000,478000
2011/11/07,0,190000,-82000,108000
2011/11/08,0,145000,-188181,-43181
2011/11/09,0,104000,-159000,-55000
2011/11/10,0,22000,-328000,-306000
2011/11/11,0,325000,-224000,101000
2011/11/14,0,170000,-39000,131000
2011/11/15,0,430000,-347000,83000
2011/11/16,0,206000,-348000,-142000
2011/11/17,0,613000,-223201,389799
2011/11/18,0,373000,-225000,148000
2011/11/21,0,975722,-283000,692722
2011/11/22,0,611000,-313000,298000
2011/11/23,0,148000,-803000,-655000
2011/11/24,0,349000,-231000,118000
2011/11/25,0,370000,-726000,-356000
2011/11/28,0,147385,-374000,-226615
2011/11/29,0,535000,-419000,116000
2011/11/30,0,723000,-576000,147000
2011/12/01,0,683000,-133378,549622
2011/12/02,0,572000,-112000,460000
2011/12/05,0,233000,-198000,35000
2011/12/06,0,361175,-428000,-66825
2011/12/07,0,1117000,-507000,610000
2011/12/08,0,947000,-648070,298930
2011/12/09,0,433000,-746000,-313000
2011/12/12,0,36000,-61000,-25000
2011/12/13,0,272000,-137000,135000
2011/12/14,0,2207000,-195347,2011653
2011/12/15,0,607000,-439000,168000
2011/12/16,0,602000,-155000,447000
2011/12/19,0,828500,-762500,66000
2011/12/20,0,471000,-226000,245000
2011/12/21,0,1071000,-291819,779181
2011/12/22,0,647443,-75665,571778
2011/12/23,0,1345000,-14000,1331000
2011/12/26,0,86000,-54000,32000
2011/12/27,0,396000,-174000,222000
2011/12/28,0,426000,-73000,353000
2011/12/29,0,589000,-19965,569035
2011/12/30,0,523327,-112000,411327
2012/01/02,0,234000,-176000,58000
2012/01/03,0,480207,-87000,393207
2012/01/04,0,419000,-279780,139220
2012/01/05,0,1216210,-759050,457160
2012/01/06,0,271000,-237000,34000
2012/01/09,0,758000,-254000,504000
2012/01/10,0,1135000,-91000,1044000
2012/01/11,0,454000,-580000,-126000
2012/01/12,0,265000,-847875,-582875
2012/01/13,0,656000,-174000,482000
2012/01/16,0,72000,-222000,-150000
2012/01/17,0,373000,-170000,203000
2012/01/18,0,914000,-184000,730000
2012/01/19,0,0,0,0
2012/01/20,0,0,0,0
2012/01/23,0,0,0,0
2012/01/24,0,0,0,0
2012/01/25,0,0,0,0
2012/01/26,0,0,0,0
2012/01/27,0,0,0,0
2012/01/30,0,1816327,-618000,1198327
2012/01/31,0,662464,-889965,-227501
2012/02/01,0,1047000,-605000,442000
2012/02/02,0,583700,-368000,215700
2012/02/03,0,389000,-178000,211000
2012/02/06,0,704000,-838000,-134000
2012/02/07,0,935000,-9000,926000
2012/02/08,0,4466000,-145000,4321000
2012/02/09,0,3138000,-440255,2697745
2012/02/10,0,1360000,-161000,1199000
2012/02/13,0,1138000,-69000,1069000
2012/02/14,0,382000,-703000,-321000
2012/02/15,0,1336000,-686340,649660
2012/02/16,0,1694000,-197035,1496965
2012/02/17,0,1206000,-860780,345220
2012/02/20,0,180000,-1018410,-838410
2012/02/21,0,295000,-75000,220000
2012/02/22,0,1224000,-164000,1060000
2012/02/23,0,745000,-270000,475000
2012/02/24,0,1016000,-95000,921000
2012/02/27,0,0,0,0
2012/02/28,0,0,0,0
2012/02/29,0,2860532,-782000,2078532
2012/03/01,0,1297758,-154000,1143758
2012/03/02,0,401604,-124000,277604
2012/03/05,0,469000,-310000,159000
2012/03/06,0,419000,-232000,187000
2012/03/07,0,627000,-296000,331000
2012/03/08,0,361000,-200000,161000
2012/03/09,0,503000,-216000,287000
2012/03/12,0,842000,-374000,468000
2012/03/13,0,1188000,-301840,886160
2012/03/14,0,1545000,-170101,1374899
2012/03/15,0,739000,-296100,442900
2012/03/16,0,249000,-228000,21000
2012/03/19,0,204000,-355000,-151000
2012/03/20,0,350000,-159000,191000
2012/03/21,0,361000,-505000,-144000
2012/03/22,0,376000,-536241,-160241
2012/03/23,0,575000,-208000,367000
2012/03/26,0,409690,-787690,-378000
2012/03/27,0,129000,-204000,-75000
2012/03/28,0,425000,-1015455,-590455
2012/03/29,0,437000,-475000,-38000
2012/03/30,0,506836,-933404,-426568
2012/04/02,0,393000,-292000,101000
2012/04/03,0,1115338,-1108000,7338
2012/04/04,0,0,0,0
2012/04/05,0,456000,-1456000,-1000000
2012/04/06,0,202000,-1099000,-897000
2012/04/09,0,287000,-245000,42000
2012/04/10,0,496000,-255000,241000
2012/04/11,0,1074000,-410000,664000
2012/04/12,0,564000,-1084000,-520000
2012/04/13,0,281516,-261626,19890
2012/04/16,0,458000,-264000,194000
2012/04/17,0,847000,-325700,521300
2012/04/18,0,2051000,-567000,1484000
2012/04/19,0,671000,-148000,523000
2012/04/20,0,442000,-166421,275579
2012/04/23,0,596000,-170000,426000
2012/04/24,0,645000,-270000,375000
2012/04/25,0,599000,-184000,415000
2012/04/26,0,1066000,-147000,919000
2012/04/27,0,276000,-385553,-109553
2012/04/30,0,452000,-227924,224076
2012/05/01,0,0,0,0
2012/05/02,0,1237000,-1099000,138000
2012/05/03,0,491000,-613000,-122000
2012/05/04,0,1024000,-2414082,-1390082
2012/05/07,0,1602000,-1463000,139000
2012/05/08,0,1339000,-1231700,107300
2012/05/09,0,1277000,-1756000,-479000
2012/05/10,0,645843,-467132,178711
2012/05/11,0,73877,-506327,-432450
2012/05/14,0,61000,-627000,-566000
2012/05/15,0,570000,-470000,100000
2012/05/16,0,621000,-911000,-290000
2012/05/17,0,1218000,-626000,592000
2012/05/18,0,1296000,-529000,767000
2012/05/21,0,650375,-107837,542538
2012/05/22,0,642000,-227000,415000
2012/05/23,0,415877,-318000,97877
2012/05/24,0,322000,-166000,156000
2012/05/25,0,230000,-295000,-65000
2012/05/28,0,64000,-238000,-174000
2012/05/29,0,484000,-275000,209000
2012/05/30,0,911000,-941891,-30891
2012/05/31,0,1039124,-708094,331030
2012/06/01,0,306000,-432909,-126909
2012/06/04,0,342000,-280255,61745
2012/06/05,0,675000,-291389,383611
2012/06/06,0,334000,-233000,101000
2012/06/07,0,268901,-205000,63901
2012/06/08,0,347846,-346000,1846
2012/06/11,0,235291,-268000,-32709
2012/06/12,0,287000,-245000,42000
2012/06/13,0,519421,-533695,-14274
2012/06/14,0,606367,-483529,122838
2012/06/15,0,1252986,-1311416,-58430
2012/06/18,0,527694,-38325,489369
2012/06/19,0,1066244,-86000,980244
2012/06/20,0,1361178,-690217,670961
2012/06/21,0,1209519,-486000,723519
2012/06/22,0,774295,-414000,360295
2012/06/25,0,522000,-502630,19370
2012/06/26,0,739000,-306000,433000
2012/06/27,0,887000,-342000,545000
2012/06/28,0,946000,-1445000,-499000
2012/06/29,0,1633000,-136000,1497000
2012/07/02,0,230000,-244000,-14000
2012/07/03,0,851000,-83000,768000
2012/07/04,0,1670558,-51000,1619558
2012/07/05,0,330000,-83000,247000
2012/07/06,0,2298000,-159000,2139000
2012/07/09,0,677000,-436000,241000
2012/07/10,0,1105000,-295000,810000
2012/07/11,0,1330000,-255000,1075000
2012/07/12,0,470000,-1034377,-564377
2012/07/13,0,680846,-231000,449846
2012/07/16,0,360000,-106000,254000
2012/07/17,0,341000,-234000,107000
2012/07/18,0,684000,-449000,235000
2012/07/19,0,927000,-463000,464000
2012/07/20,0,815000,-959000,-144000
2012/07/23,0,215000,-807000,-592000
2012/07/24,0,251000,-391084,-140084
2012/07/25,0,700000,-374000,326000
2012/07/26,0,496000,-416367,79633
2012/07/27,0,1041000,-145000,896000
2012/07/30,0,1325696,-367000,958696
2012/07/31,0,3344000,-854456,2489544
2012/08/01,0,1221000,-222000,999000
2012/08/02,0,0,0,0
2012/08/03,0,2305856,-1251787,1054069
2012/08/06,0,1736000,-249595,1486405
2012/08/07,0,1009000,-356700,652300
2012/08/08,0,1993399,-563000,1430399
2012/08/09,0,2121000,-337000,1784000
2012/08/10,0,525000,-262000,263000
2012/08/13,0,338000,-171000,167000
2012/08/14,0,497000,-89210,407790
2012/08/15,0,418631,-93000,325631
2012/08/16,0,696000,-114000,582000
2012/08/17,0,1321000,-446877,874123
2012/08/20,0,468000,-166000,302000
2012/08/21,0,2523165,-165848,2357317
2012/08/22,0,911053,-405000,506053
2012/08/23,0,1193064,-359000,834064
2012/08/24,0,273000,-216000,57000
2012/08/27,0,637000,-534035,102965
2012/08/28,0,1227000,-62238,1164762
2012/08/29,0,711000,-412020,298980
2012/08/30,0,1049000,-520840,528160
2012/08/31,0,668131,-143303,524828
2012/09/03,0,629000,-276710,352290
2012/09/04,0,505025,-341017,164008
2012/09/05,0,1839000,-680778,1158222
2012/09/06,0,475000,-490680,-15680
2012/09/07,0,1229729,-45377,1184352
2012/09/10,0,936000,-254630,681370
2012/09/11,0,970000,-331456,638544
2012/09/12,0,2117000,-151000,1966000
2012/09/13,0,1374000,-243934,1130066
2012/09/14,0,2306000,-217728,2088272
2012/09/17,0,535000,-149000,386000
2012/09/18,0,1222000,-87000,1135000
2012/09/19,0,1078000,-420920,657080
2012/09/20,0,1190000,-467258,722742
2012/09/21,0,1588456,-773000,815456
2012/09/24,0,863000,-292000,571000
2012/09/25,0,1254000,-356098,897902
2012/09/26,0,1295472,-825000,470472
2012/09/27,0,1068288,-691003,377285
2012/09/28,0,2832000,-211323,2620677
2012/10/01,0,749000,-241000,508000
2012/10/02,0,1119000,-282855,836145
2012/10/03,0,725000,-576631,148369
2012/10/04,0,439000,-479000,-40000
2012/10/05,0,1172000,-871792,300208
2012/10/08,0,774200,-148000,626200
2012/10/09,0,922116,-86490,835626
2012/10/10,0,0,0,0
2012/10/11,0,703000,-587390,115610
2012/10/12,0,1519000,-289000,1230000
2012/10/15,0,389000,-292000,97000
2012/10/16,0,1145000,-439586,705414
2012/10/17,0,623000,-181058,441942
2012/10/18,0,343000,-369231,-26231
2012/10/19,0,494000,-664000,-170000
2012/10/22,0,1498000,-601850,896150
2012/10/23,0,993658,-192207,801451
2012/10/24,0,633000,-476663,156337
2012/10/25,0,468000,-331000,137000
2012/10/26,0,204000,-627000,-423000
2012/10/29,0,768700,-527139,241561
2012/10/30,0,813000,-392315,420685
2012/10/31,0,555000,-381350,173650
2012/11/01,0,792000,-761000,31000
2012/11/02,0,592000,-915000,-323000
2012/11/05,0,1803000,-989945,813055
2012/11/06,0,619359,-358000,261359
2012/11/07,0,633000,-503000,130000
2012/11/08,0,853000,-575999,277001
2012/11/09,0,793000,-1003000,-210000
2012/11/12,0,455000,-164210,290790
2012/11/13,0,666000,-514874,151126
2012/11/14,0,2219000,-1572000,647000
2012/11/15,0,1982000,-1077195,904805
2012/11/16,0,1012000,-1267165,-255165
2012/11/19,0,1396000,-1082960,313040
2012/11/20,0,1141000,-483000,658000
2012/11/21,0,675000,-548000,127000
2012/11/22,0,251000,-345000,-94000
2012/11/23,0,871000,-721726,149274
2012/11/26,0,519000,-650000,-131000
2012/11/27,0,1335000,-528035,806965
2012/11/28,0,1506100,-718888,787212
2012/11/29,0,1222000,-524000,698000
2012/11/30,0,1795819,-700252,1095567
2012/12/03,0,1023000,-416046,606954
2012/12/04,0,563749,-462937,100812
2012/12/05,0,1264000,-1045000,219000
2012/12/06,0,808000,-1736132,-928132
2012/12/07,0,1126000,-960000,166000
2012/12/10,0,1551000,-1365000,186000
2012/12/11,0,1275958,-1884105,-608147
2012/12/12,0,1203000,-876000,327000
2012/12/13,0,916518,-1778000,-861482
2012/12/14,0,1485454,-1213362,272092
2012/12/17,0,1232000,-981943,250057
2012/12/18,0,1352000,-920000,432000
2012/12/19,0,1490000,-688015,801985
2012/12/20,0,624000,-1079020,-455020
2012/12/21,0,442000,-699358,-257358
2012/12/24,0,281000,-308000,-27000
2012/12/25,0,333000,-35000,298000
2012/12/26,0,245000,-45573,199427
2012/12/27,0,259675,-525056,-265381
2012/12/28,0,468000,-634000,-166000
2012/12/31,0,0,0,0
2013/01/01,0,0,0,0
2013/01/02,0,962000,-542000,420000
2013/01/03,0,1403000,-274000,1129000
2013/01/04,0,714000,-498456,215544
2013/01/07,0,1246000,-322500,923500
2013/01/08,0,1306000,-325000,981000
2013/01/09,0,1230000,-954000,276000
2013/01/10,0,1477405,-1746260,-268855
2013/01/11,0,2128475,-449000,1679475
2013/01/14,0,2726000,-237481,2488519
2013/01/15,0,3305000,-1416000,1889000
2013/01/16,0,2327000,-577315,1749685
2013/01/17,0,2909500,-623000,2286500
2013/01/18,0,4145871,-1088879,3056992
2013/01/21,0,2021000,-1959000,62000
2013/01/22,0,1824000,-432310,1391690
2013/01/23,0,534424,-652004,-117580
2013/01/24,0,2137000,-2120000,17000
2013/01/25,0,3008000,-4140000,-1132000
2013/01/28,0,2624000,-1449000,1175000
2013/01/29,0,969000,-809000,160000
2013/01/30,0,1664000,-864523,799477
2013/01/31,0,2761000,-1155910,1605090
2013/02/01,0,590000,-1088000,-498000
2013/02/04,0,657000,-1090262,-433262
2013/02/05,0,1397470,-767000,630470
2013/02/06,0,775588,-628715,146873
2013/02/07,0,0,0,0
2013/02/08,0,0,0,0
2013/02/11,0,0,0,0
2013/02/12,0,0,0,0
2013/02/13,0,0,0,0
2013/02/14,0,0,0,0
2013/02/15,0,0,0,0
2013/02/18,0,814829,-1211610,-396781
2013/02/19,0,1105418,-1596640,-491222
2013/02/20,0,739525,-1104000,-364475
2013/02/21,0,1313605,-435000,878605
2013/02/22,0,1058000,-620000,438000
2013/02/25,0,536000,-577166,-41166
2013/02/26,0,846000,-706939,139061
2013/02/27,0,1753000,-542084,1210916
2013/02/28,0,0,0,0
2013/03/01,0,1912030,-2369000,-456970
2013/03/04,0,3834000,-2454195,1379805
2013/03/05,0,2312000,-1403393,908607
2013/03/06,0,862000,-793000,69000
2013/03/07,0,1718000,-849463,868537
2013/03/08,0,668200,-529000,139200
2013/03/11,0,500000,-615000,-115000
2013/03/12,0,915000,-2413849,-1498849
2013/03/13,0,1166000,-3946960,-2780960
2013/03/14,0,547000,-1241482,-694482
2013/03/15,0,2434000,-2911358,-477358
2013/03/18,0,345000,-1100000,-755000
2013/03/19,0,440000,-785347,-345347
2013/03/20,0,917000,-1146817,-229817
2013/03/21,0,1162000,-1217000,-55000
2013/03/22,0,1838814,-2791315,-952501
2013/03/25,0,622000,-840660,-218660
2013/03/26,0,1632000,-359000,1273000
2013/03/27,0,192000,-737185,-545185
2013/03/28,0,709000,-455000,254000
2013/03/29,0,156000,-375000,-219000
2013/04/01,0,474366,-146000,328366
2013/04/02,0,2314000,-2745327,-431327
2013/04/03,0,1901000,-555705,1345295
2013/04/04,0,0,0,0
2013/04/05,0,0,0,0
2013/04/08,0,524500,-1271070,-746570
2013/04/09,0,522000,-574179,-52179
2013/04/10,0,1081000,-1707060,-626060
2013/04/11,0,888891,-658900,229991
2013/04/12,0,484000,-276000,208000
2013/04/15,0,1158665,-1318830,-160165
2013/04/16,0,539987,-317000,222987
2013/04/17,0,1058000,-772857,285143
2013/04/18,0,1050000,-467000,583000
2013/04/19,0,1909000,-659000,1250000
2013/04/22,0,1178000,-608631,569369
2013/04/23,0,1116000,-347728,768272
2013/04/24,0,1086600,-1034000,52600
2013/04/25,0,988000,-362720,625280
2013/04/26,0,1472000,-352000,1120000
2013/04/29,0,696564,-163000,533564
2013/04/30,0,877000,-1020000,-143000
2013/05/01,0,0,0,0
2013/05/02,0,516000,-1131115,-615115
2013/05/03,0,715000,-345328,369672
2013/05/06,0,655000,-1560313,-905313
2013/05/07,0,1128000,-1230444,-102444
2013/05/08,0,2967000,-1393060,1573940
2013/05/09,0,1494303,-672526,821777
2013/05/10,0,1069000,-700072,368928
2013/05/13,0,534000,-531000,3000
2013/05/14,0,1163000,-529095,633905
2013/05/15,0,1867000,-1559000,308000
2013/05/16,0,558000,-737609,-179609
2013/05/17,0,369182,-285000,84182
2013/05/20,0,996260,-1466275,-470015
2013/05/21,0,2865000,-437163,2427837
2013/05/22,0,847000,-311000,536000
2013/05/23,0,817000,-844644,-27644
2013/05/24,0,715074,-578000,137074
2013/05/27,0,385962,-472000,-86038
2013/05/28,0,1147000,-889000,258000
2013/05/29,0,1106000,-941135,164865
2013/05/30,0,576000,-897000,-321000
2013/05/31,0,1368256,-1057822,310434
2013/06/03,0,797000,-955000,-158000
2013/06/04,0,1462000,-1050000,412000
2013/06/05,0,1139000,-897670,241330
2013/06/06,0,1088364,-903801,184563
2013/06/07,0,830000,-643069,186931
2013/06/10,0,568000,-493000,75000
2013/06/11,0,734000,-833000,-99000
2013/06/12,0,0,0,0
2013/06/13,0,1598000,-1342000,256000
2013/06/14,0,1864000,-873000,991000
2013/06/17,0,866000,-936996,-70996
2013/06/18,0,1122235,-1122733,-498
2013/06/19,0,1932000,-1056008,875992
2013/06/20,0,1454000,-1106013,347987
2013/06/21,0,1270000,-3261100,-1991100
2013/06/24,0,178000,-1202745,-1024745
2013/06/25,0,558000,-1264000,-706000
2013/06/26,0,972000,-2107687,-1135687
2013/06/27,0,2051000,-2113000,-62000
2013/06/28,0,1704200,-1107000,597200
2013/07/01,0,907000,-1095200,-188200
2013/07/02,0,458000,-560743,-102743
2013/07/03,0,1381000,-1227288,153712
2013/07/04,0,779000,-395609,383391
2013/07/05,0,1094000,-376000,718000
2013/07/08,0,375000,-344000,31000
2013/07/09,0,729000,-477000,252000
2013/07/10,0,1175000,-847000,328000
2013/07/11,0,1247000,-648000,599000
2013/07/12,0,1130000,-417000,713000
2013/07/15,0,960840,-512353,448487
2013/07/16,0,1018000,-759640,258360
2013/07/17,0,1291360,-977000,314360
2013/07/18,0,679000,-562676,116324
2013/07/19,0,1087880,-727364,360516
2013/07/22,0,742139,-297000,445139
2013/07/23,0,1727000,-523000,1204000
2013/07/24,0,1042685,-1324774,-282089
2013/07/25,0,699000,-2419973,-1720973
2013/07/26,0,880000,-217000,663000
2013/07/29,0,229000,-351000,-122000
2013/07/30,0,756000,-429000,327000
2013/07/31,0,1444000,-1168050,275950
2013/08/01,0,693000,-591503,101497
2013/08/02,0,1231000,-1050885,180115
2013/08/05,0,664000,-238000,426000
2013/08/06,0,563000,-438000,125000
2013/08/07,0,816000,-1017000,-201000
2013/08/08,0,927000,-1529000,-602000
2013/08/09,0,743000,-1274310,-531310
2013/08/12,0,409000,-326000,83000
2013/08/13,0,854000,-1013273,-159273
2013/08/14,0,1022475,-2580953,-1558478
2013/08/15,0,584000,-2044649,-1460649
2013/08/16,0,443407,-1708105,-1264698
2013/08/19,0,544000,-1363330,-819330
2013/08/20,0,2370755,-3265725,-894970
2013/08/21,0,0,0,0
2013/08/22,0,2191260,-4238738,-2047478
2013/08/23,0,1962490,-3027140,-1064650
2013/08/26,0,277000,-855000,-578000
2013/08/27,0,2533000,-3898549,-1365549
2013/08/28,0,1586000,-2284300,-698300
2013/08/29,0,1084000,-510652,573348
2013/08/30,0,1611000,-2166944,-555944
2013/09/02,0,495000,-1457000,-962000
2013/09/03,0,1406000,-1964787,-558787
2013/09/04,0,1258000,-1307792,-49792
2013/09/05,0,433472,-436316,-2844
2013/09/06,0,1160000,-999446,160554
2013/09/09,0,903000,-592980,310020
2013/09/10,0,1448000,-1664180,-216180
2013/09/11,0,973000,-1649503,-676503
2013/09/12,0,950000,-1367085,-417085
2013/09/13,0,1231170,-675534,555636
2013/09/16,0,944000,-633000,311000
2013/09/17,0,541000,-1099509,-558509
2013/09/18,0,581031,-285754,295277
2013/09/19,0,0,0,0
2013/09/20,0,0,0,0
2013/09/23,0,1028972,-1541662,-512690
2013/09/24,0,1482000,-881767,600233
2013/09/25,0,2655710,-4420290,-1764580
2013/09/26,0,989000,-832136,156864
2013/09/27,0,954000,-1407579,-453579
2013/09/30,0,575000,-1515388,-940388
2013/10/01,0,192000,-734787,-542787
2013/10/02,0,768000,-803234,-35234
2013/10/03,0,825984,-513078,312906
2013/10/04,0,478000,-1543871,-1065871
2013/10/07,0,489673,-628000,-138327
2013/10/08,0,630000,-1260070,-630070
2013/10/09,0,640000,-838441,-198441
2013/10/10,0,0,0,0
2013/10/11,0,1299000,-525513,773487
2013/10/14,0,1162000,-395612,766388
2013/10/15,0,1066000,-534440,531560
2013/10/16,0,740000,-298000,442000
2013/10/17,0,582000,-2440505,-1858505
2013/10/18,0,401000,-2035060,-1634060
2013/10/21,0,706000,-748228,-42228
2013/10/22,0,786000,-293937,492063
2013/10/23,0,1550706,-567550,983156
2013/10/24,0,679000,-1018710,-339710
2013/10/25,0,320000,-939810,-619810
2013/10/28,0,707835,-356315,351520
2013/10/29,0,603000,-531729,71271
2013/10/30,0,902000,-279342,622658
2013/10/31,0,560180,-462154,98026
2013/11/01,0,989000,-303000,686000
2013/11/04,0,656000,-818945,-162945
2013/11/05,0,404000,-416557,-12557
2013/11/06,0,598000,-567832,30168
2013/11/07,0,1691000,-1280900,410100
2013/11/08,0,334586,-523033,-188447
2013/11/11,0,209911,-383000,-173089
2013/11/12,0,298000,-889350,-591350
2013/11/13,0,400489,-397140,3349
2013/11/14,0,276000,-473440,-197440
2013/11/15,0,136000,-377000,-241000
2013/11/18,0,242000,-910308,-668308
2013/11/19,0,148000,-176423,-28423
2013/11/20,0,1237000,-474702,762298
2013/11/21,0,594000,-412000,182000
2013/11/22,0,834220,-478079,356141
2013/11/25,0,1577000,-369800,1207200
2013/11/26,0,550508,-864111,-313603
2013/11/27,0,281673,-730769,-449096
2013/11/28,0,544000,-110187,433813
2013/11/29,0,331000,-125000,206000
2013/12/02,0,530673,-111362,419311
2013/12/03,0,645444,-564537,80907
2013/12/04,0,285000,-705373,-420373
2013/12/05,0,469791,-560791,-91000
2013/12/06,0,550000,-515100,34900
2013/12/09,0,673000,-650125,22875
2013/12/10,0,527800,-530688,-2888
2013/12/11,0,599100,-244000,355100
2013/12/12,0,780500,-730669,49831
2013/12/13,0,815000,-1211000,-396000
2013/12/16,0,612000,-1029002,-417002
2013/12/17,0,152000,-790940,-638940
2013/12/18,0,615038,-1339000,-723962
2013/12/19,0,582000,-1809329,-1227329
2013/12/20,0,1122000,-771042,350958
2013/12/23,0,440000,-242760,197240
2013/12/24,0,377000,-76000,301000
2013/12/25,0,83000,-6000,77000
2013/12/26,0,68000,-38000,30000
2013/12/27,0,377000,-95000,282000
2013/12/30,0,417000,-93782,323218
2013/12/31,0,256003,-22000,234003
2014/01/02,0,280000,-85000,195000
2014/01/03,0,258000,-1061800,-803800
2014/01/06,0,679000,-353550,325450
2014/01/07,0,562065,-241000,321065
2014/01/08,0,1599000,-326000,1273000
2014/01/09,0,1897000,-1389000,508000
2014/01/10,0,1815000,-1132590,682410
2014/01/13,0,759000,-41000,718000
2014/01/14,0,554000,-178000,376000
2014/01/15,0,1374000,-296567,1077433
2014/01/16,0,1992000,-308740,1683260
2014/01/17,0,769673,-495000,274673
2014/01/20,0,416000,-588000,-172000
2014/01/21,0,943000,-630103,312897
2014/01/22,0,808000,-456300,351700
2014/01/23,0,1049000,-226000,823000
2014/01/24,0,627000,-320000,307000
2014/01/27,0,934000,-1095278,-161278
2014/02/05,0,1391640,-2722673,-1331033
2014/02/06,0,384000,-1044000,-660000
2014/02/07,0,612000,-917000,-305000
2014/02/10,0,94000,-588809,-494809
2014/02/11,0,233000,-161534,71466
2014/02/12,0,549000,-489545,59455
2014/02/13,0,208000,-182000,26000
2014/02/14,0,429000,-469156,-40156
2014/02/17,0,391000,-177000,214000
2014/02/18,0,1208000,-376670,831330
2014/02/19,0,422000,-93000,329000
2014/02/20,0,541000,-279000,262000
2014/02/21,0,1022000,-195000,827000
2014/02/24,0,1190000,-682000,508000
2014/02/25,0,1103589,-615979,487610
2014/02/26,0,1736000,-718098,1017902
2014/02/27,0,1458000,-903251,554749
2014/03/03,0,1138000,-1427840,-289840
2014/03/04,0,514000,-657800,-143800
2014/03/05,0,162000,-812213,-650213
2014/03/06,0,657360,-948262,-290902
2014/03/07,0,643000,-558000,85000
2014/03/10,0,296000,-309000,-13000
2014/03/11,0,171000,-416200,-245200
2014/03/12,0,321000,-717000,-396000
2014/03/13,0,133000,-1187251,-1054251
2014/03/14,0,884000,-1127000,-243000
2014/03/17,0,791000,-958000,-167000
2014/03/18,0,1197000,-1001272,195728
2014/03/19,0,472000,-827000,-355000
2014/03/20,0,1262000,-2646171,-1384171
2014/03/21,0,1769000,-724810,1044190
2014/03/24,0,409000,-536708,-127708
2014/03/25,0,368000,-408377,-40377
2014/03/26,0,250000,-596630,-346630
2014/03/27,0,374000,-350000,24000
2014/03/28,0,696000,-493258,202742
2014/03/31,0,1571132,-1375700,195432
2014/04/01,0,1213000,-1228329,-15329
2014/04/02,0,815000,-666000,149000
2014/04/03,0,902000,-682000,220000
2014/04/07,0,787000,-595000,192000
2014/04/08,0,450000,-736000,-286000
2014/04/09,0,867000,-1580000,-713000
2014/04/10,0,929980,-517000,412980
2014/04/11,0,1464021,-237000,1227021
2014/04/14,0,395950,-180000,215950
2014/04/15,0,543000,-266000,277000
2014/04/16,0,1547000,-977000,570000
2014/04/17,0,1264000,-679760,584240
2014/04/18,0,42000,-84000,-42000
2014/04/21,0,113000,-44000,69000
2014/04/22,0,268000,-281000,-13000
2014/04/23,0,957000,-226000,731000
2014/04/24,0,746000,-215000,531000
2014/04/25,0,577300,-357000,220300
2014/04/28,0,1557000,-1231000,326000
2014/04/29,0,829000,-247000,582000
2014/04/30,0,2499000,-1422156,1076844
2014/05/02,0,1661000,-622655,1038345
2014/05/05,0,418000,-434000,-16000
2014/05/06,0,1205000,-180000,1025000
2014/05/07,0,1929000,-446000,1483000
2014/05/08,0,1268000,-634642,633358
2014/05/09,0,799000,-162676,636324
2014/05/12,0,692000,-296000,396000
2014/05/13,0,1453000,-500895,952105
2014/05/14,0,1635000,-421000,1214000
2014/05/15,0,1551000,-539000,1012000
2014/05/16,0,2224000,-2131396,92604
2014/05/19,0,693000,-1015336,-322336
2014/05/20,0,775000,-258063,516937
2014/05/21,0,925000,-336460,588540
2014/05/22,0,1019000,-273000,746000
2014/05/23,0,1651000,-603110,1047890
2014/05/26,0,883890,-59000,824890
2014/05/27,0,623001,-75000,548001
2014/05/28,0,1423000,-925000,498000
2014/05/29,0,3348000,-366933,2981067
2014/05/30,0,3757000,-3953541,-196541
2014/06/03,0,1665000,-1570770,94230
2014/06/04,0,2041000,-699350,1341650
2014/06/05,0,2051083,-1792580,258503
2014/06/06,0,765000,-673000,92000
2014/06/09,0,524000,-398000,126000
2014/06/10,0,687653,-281000,406653
2014/06/11,0,371083,-277000,94083
2014/06/12,0,566083,-230000,336083
2014/06/13,0,513085,-287000,226085
2014/06/16,0,1374000,-281529,1092471
2014/06/17,0,407000,-505056,-98056
2014/06/18,0,723000,-552000,171000
2014/06/19,0,229103,-248000,-18897
2014/06/20,0,1312049,-528157,783892
2014/06/23,0,831000,-1102854,-271854
2014/06/24,0,2082000,-2201150,-119150
2014/06/25,0,1087000,-699955,387045
2014/06/26,0,726299,-565000,161299
2014/06/27,0,1976000,-239000,1737000
2014/06/30,0,1217000,-270000,947000
2014/07/01,0,2162000,-158000,2004000
2014/07/02,0,2124000,-236363,1887637
2014/07/03,0,1928000,-752000,1176000
2014/07/04,0,1703000,-324316,1378684
2014/07/07,0,1219000,-236000,983000
2014/07/08,0,972000,-454000,518000
2014/07/09,0,875000,-207348,667652
2014/07/10,0,1090000,-776225,313775
2014/07/11,0,903000,-306000,597000
2014/07/14,0,990000,-529897,460103
2014/07/15,0,1661138,-578210,1082928
2014/07/16,0,1253000,-346000,907000
2014/07/17,0,1369575,-169000,1200575
2014/07/18,0,685000,-284000,401000
2014/07/21,0,783000,-213015,569985
2014/07/22,0,909000,-199000,710000
2014/07/23,0,0,0,0
2014/07/24,0,1295000,-298000,997000
2014/07/25,0,1611012,-1216012,395000
2014/07/28,0,703000,-95000,608000
2014/07/29,0,1125000,-339000,786000
2014/07/30,0,760000,-329000,431000
2014/07/31,0,692000,-573000,119000
2014/08/01,0,828540,-215000,613540
2014/08/04,0,743000,-362000,381000
2014/08/05,0,1347000,-1172368,174632
2014/08/06,0,1349000,-448225,900775
2014/08/07,0,922750,-167430,755320
2014/08/08,0,736000,-660868,75132
2014/08/11,0,885000,-181000,704000
2014/08/12,0,523000,-419668,103332
2014/08/13,0,557000,-487000,70000
2014/08/14,0,691000,-59000,632000
2014/08/15,0,1053000,-374125,678875
2014/08/18,0,1525000,-151000,1374000
2014/08/19,0,1687875,-534661,1153214
2014/08/20,0,2848665,-522007,2326658
2014/08/21,0,2492826,-675985,1816841
2014/08/22,0,2695565,-388000,2307565
2014/08/25,0,1248000,-811100,436900
2014/08/26,0,1470328,-797000,673328
2014/08/27,0,1452000,-1105000,347000
2014/08/28,0,1098074,-413644,684430
2014/08/29,0,3771000,-757920,3013080
2014/09/01,0,875000,-684000,191000
2014/09/02,0,1414000,-658652,755348
2014/09/03,0,2185083,-556660,1628423
2014/09/04,0,757000,-523211,233789
2014/09/05,0,911600,-364285,547315
2014/09/09,0,854000,-581000,273000
2014/09/10,0,646000,-824000,-178000
2014/09/11,0,1782068,-1100000,682068
2014/09/12,0,2423932,-1111615,1312317
2014/09/15,0,671067,-578466,92601
2014/09/16,0,656000,-747000,-91000
2014/09/17,0,1331000,-320265,1010735
2014/09/18,0,907538,-316010,591528
2014/09/19,0,1203585,-1320500,-116915
2014/09/22,0,1196450,-573000,623450
2014/09/23,0,847000,-430000,417000
2014/09/24,0,2079000,-443000,1636000
2014/09/25,0,637000,-877085,-240085
2014/09/26,0,692000,-393000,299000
2014/09/29,0,1561000,-992352,568648
2014/09/30,0,1583000,-644000,939000
2014/10/01,0,2223005,-991061,1231944
2014/10/02,0,918300,-720475,197825
2014/10/03,0,1988558,-336000,1652558
2014/10/06,0,727000,-1199000,-472000
2014/10/07,0,968000,-502000,466000
2014/10/08,0,393056,-833189,-440133
2014/10/09,0,486000,-513000,-27000
2014/10/13,0,496000,-920460,-424460
2014/10/14,0,801944,-1532113,-730169
2014/10/15,0,2255000,-2373540,-118540
2014/10/16,0,1220458,-1594982,-374524
2014/10/17,0,1531662,-1140000,391662
2014/10/20,0,936200,-446509,489691
2014/10/21,0,1232000,-698099,533901
2014/10/22,0,707970,-949824,-241854
2014/10/23,0,423290,-247000,176290
2014/10/24,0,800000,-1110255,-310255
2014/10/27,0,561000,-888000,-327000
2014/10/28,0,1140000,-1198390,-58390
2014/10/29,0,689000,-768085,-79085
2014/10/30,0,797000,-1049994,-252994
2014/10/31,0,1398336,-1377000,21336
2014/11/03,0,1294000,-573575,720425
2014/11/04,0,1272000,-959075,312925
2014/11/05,0,435000,-323031,111969
2014/11/06,0,416000,-858000,-442000
2014/11/07,0,380120,-468285,-88165
2014/11/10,0,927300,-772000,155300
2014/11/11,0,933000,-568000,365000
2014/11/12,0,816300,-1765877,-949577
2014/11/13,0,1232000,-484000,748000
2014/11/14,0,1243000,-1268604,-25604
2014/11/17,0,430000,-1092699,-662699
2014/11/18,0,1153760,-931747,222013
2014/11/19,0,879000,-1092000,-213000
2014/11/20,0,1276000,-2143699,-867699
2014/11/21,0,591000,-1553355,-962355
2014/11/24,0,539420,-997677,-458257
2014/11/25,0,1380000,-1584327,-204327
2014/11/26,0,465755,-403003,62752
2014/11/27,0,294000,-349815,-55815
2014/11/28,0,311000,-941738,-630738
2014/12/01,0,557000,-1231745,-674745
2014/12/02,0,847000,-982040,-135040
2014/12/03,0,506008,-815329,-309321
2014/12/04,0,387000,-1352091,-965091
2014/12/05,0,177000,-771181,-594181
2014/12/08,0,289000,-419437,-130437
2014/12/09,0,207000,-309000,-102000
2014/12/10,0,272000,-1187600,-915600
2014/12/11,0,2447270,-1578361,868909
2014/12/12,0,3593681,-1414000,2179681
2014/12/15,0,2810000,-1740000,1070000
2014/12/16,0,840849,-1558000,-717151
2014/12/17,0,1407000,-1848328,-441328
2014/12/18,0,1903563,-1682879,220684
2014/12/19,0,1801780,-909062,892718
2014/12/22,0,979000,-1182625,-203625
2014/12/23,0,1443000,-239021,1203979
2014/12/24,0,326000,-215000,111000
2014/12/25,0,86000,-47000,39000
2014/12/26,0,281000,-32000,249000
2014/12/29,0,872000,-277000,595000
2014/12/30,0,1152000,-288000,864000
2014/12/31,0,326000,-133000,193000
2015/01/01,0,0,0,0
2015/01/02,0,0,0,0
2015/01/05,0,261000,-516000,-255000
2015/01/06,0,674487,-1323706,-649219
2015/01/07,0,985000,-1524415,-539415
2015/01/08,0,1267000,-381859,885141
2015/01/09,0,514000,-478400,35600
2015/01/12,0,299000,-274155,24845
2015/01/13,0,596000,-272000,324000
2015/01/14,0,663000,-821555,-158555
2015/01/15,0,455000,-869696,-414696
2015/01/16,0,141000,-858916,-717916
2015/01/19,0,429000,-385300,43700
2015/01/20,0,283000,-115000,168000
2015/01/21,0,428000,-599585,-171585
2015/01/22,0,388000,-301005,86995
2015/01/23,0,1049000,-468652,580348
2015/01/26,0,1071000,-524490,546510
2015/01/27,0,1651000,-802000,849000
2015/01/28,0,626000,-752220,-126220
2015/01/29,0,260000,-829605,-569605
2015/01/30,0,652000,-1326182,-674182
2015/02/02,0,649000,-198000,451000
2015/02/03,0,383000,-538127,-155127
2015/02/04,0,1232000,-1080000,152000
2015/02/05,0,624000,-792000,-168000
2015/02/06,0,673000,-1034000,-361000
2015/02/09,0,549000,-564000,-15000
2015/02/10,0,715000,-560000,155000
2015/02/11,0,290240,-415095,-124855
2015/02/12,0,743000,-483000,260000
2015/02/13,0,623000,-507720,115280
2015/02/16,0,0,0,0
2015/02/17,0,0,0,0
2015/02/18,0,0,0,0
2015/02/19,0,0,0,0
2015/02/20,0,0,0,0
2015/02/23,0,0,0,0
2015/02/24,0,2862000,-2905603,-43603
2015/02/25,0,2381000,-889170,1491830
2015/02/26,0,1309762,-2277416,-967654
2015/02/27,0,0,0,0
2015/03/02,0,1790000,-1243000,547000
2015/03/03,0,1216161,-657445,558716
2015/03/04,0,225000,-430365,-205365
2015/03/05,0,402700,-1286346,-883646
2015/03/06,0,496000,-1160085,-664085
2015/03/09,0,215000,-384000,-169000
2015/03/10,0,440921,-599000,-158079
2015/03/11,0,261000,-545000,-284000
2015/03/12,0,820000,-351000,469000
2015/03/13,0,810000,-471055,338945
2015/03/16,0,832000,-646540,185460
2015/03/17,0,527170,-381170,146000
2015/03/18,0,814964,-527991,286973
2015/03/19,0,861000,-322630,538370
2015/03/20,0,336000,-542000,-206000
2015/03/23,0,412000,-375335,36665
2015/03/24,0,633869,-648130,-14261
2015/03/25,0,330000,-1244446,-914446
2015/03/26,0,610000,-602680,7320
2015/03/27,0,745000,-1101174,-356174
2015/03/30,0,1216846,-1201846,15000
2015/03/31,0,1435000,-1873640,-438640
2015/04/01,0,689000,-1051000,-362000
2015/04/02,0,816681,-926365,-109684
2015/04/03,0,0,0,0
2015/04/06,0,0,0,0
2015/04/07,0,469000,-195411,273589
2015/04/08,0,801000,-1067000,-266000
2015/04/09,0,611000,-337000,274000
2015/04/10,0,2491000,-1997817,493183
2015/04/13,0,1400000,-1305005,94995
2015/04/14,0,1013000,-1154127,-141127
2015/04/15,0,583000,-1428733,-845733
2015/04/16,0,1015000,-1752220,-737220
2015/04/17,0,574161,-1401250,-827089
2015/04/20,0,402933,-2855000,-2452067
2015/04/21,0,1605000,-2117591,-512591
2015/04/22,0,1908087,-1928660,-20573
2015/04/23,0,1879000,-1805809,73191
2015/04/24,0,2237000,-1099000,1138000
2015/04/27,0,1968000,-944825,1023175
2015/04/28,0,1649000,-536000,1113000
2015/04/29,0,979000,-1083640,-104640
2015/04/30,0,1305000,-1356000,-51000
2015/05/01,0,0,0,0
2015/05/04,0,1264000,-190000,1074000
2015/05/05,0,622000,-631000,-9000
2015/05/06,0,1887000,-1569110,317890
2015/05/07,0,1720000,-1914010,-194010
2015/05/08,0,1558869,-2031102,-472233
2015/05/11,0,1480000,-1758728,-278728
2015/05/12,0,2205000,-1840100,364900
2015/05/13,0,454000,-968300,-514300
2015/05/14,0,201000,-1590755,-1389755
2015/05/15,0,657000,-1073557,-416557
2015/05/18,0,1138000,-1538055,-400055
2015/05/19,0,618869,-700000,-81131
2015/05/20,0,1158593,-1428980,-270387
2015/05/21,0,172000,-1674500,-1502500
2015/05/22,0,445000,-1424833,-979833
2015/05/25,0,154000,-846120,-692120
2015/05/26,0,160000,-602000,-442000
2015/05/27,0,1248000,-1144988,103012
2015/05/28,0,1359400,-1462657,-103257
2015/05/29,0,2220862,-2238736,-17874
2015/06/01,0,477000,-1574821,-1097821
2015/06/02,0,531040,-1066000,-534960
2015/06/03,0,321000,-999000,-678000
2015/06/04,0,505500,-1428324,-922824
2015/06/05,0,333000,-672000,-339000
2015/06/08,0,749000,-1343000,-594000
2015/06/09,0,963000,-1880826,-917826
2015/06/10,0,1858000,-954075,903925
2015/06/11,0,1460000,-1033832,426168
2015/06/12,0,352000,-770000,-418000
2015/06/15,0,727000,-1052000,-325000
2015/06/16,0,1603000,-1665060,-62060
2015/06/17,0,2350000,-2776740,-426740
2015/06/18,0,547000,-675548,-128548
2015/06/19,0,0,0,0
2015/06/22,0,767060,-700887,66173
2015/06/23,0,846000,-955297,-109297
2015/06/24,0,742100,-617869,124231
2015/06/25,0,1635842,-1900000,-264158
2015/06/26,0,910000,-1031613,-121613
2015/06/29,0,534000,-809472,-275472
2015/06/30,0,2041000,-2010464,30536
2015/07/01,0,1528000,-349346,1178654
2015/07/02,0,921040,-855000,66040
2015/07/03,0,1894000,-823000,1071000
2015/07/06,0,1424000,-472759,951241
2015/07/07,0,1804000,-1000100,803900
2015/07/08,0,2048000,-1194000,854000
2015/07/09,0,2389000,-1890858,498142
2015/07/10,0,0,0,0
2015/07/13,0,1551000,-2228667,-677667
2015/07/14,0,990000,-581558,408442
2015/07/15,0,1965000,-772504,1192496
2015/07/16,0,990000,-1279485,-289485
2015/07/17,0,680000,-698113,-18113
2015/07/20,0,628060,-537266,90794
2015/07/21,0,1057000,-976000,81000
2015/07/22,0,1217777,-1056042,161735
2015/07/23,0,332000,-382000,-50000
2015/07/24,0,674681,-709085,-34404
2015/07/27,0,1143000,-1322200,-179200
2015/07/28,0,1785334,-2012459,-227125
2015/07/29,0,1168000,-997637,170363
2015/07/30,0,1338000,-1256290,81710
2015/07/31,0,1290723,-1106000,184723
2015/08/03,0,1459142,-1425180,33962
2015/08/04,0,959000,-796000,163000
2015/08/05,0,618000,-742093,-124093
2015/08/06,0,629000,-720000,-91000
2015/08/07,0,669137,-583440,85697
2015/08/10,0,304000,-489557,-185557
2015/08/11,0,557220,-682000,-124780
2015/08/12,0,564000,-512000,52000
2015/08/13,0,843000,-1185974,-342974
2015/08/14,0,1267320,-1260295,7025
2015/08/17,0,505689,-558044,-52355
2015/08/18,0,840000,-1281075,-441075
2015/08/19,0,790087,-819549,-29462
2015/08/20,0,1285000,-1237600,47400
2015/08/21,0,971000,-823270,147730
2015/08/24,0,1159000,-1206000,-47000
2015/08/25,0,2131000,-2980040,-849040
2015/08/26,0,1304000,-1379146,-75146
2015/08/27,0,1409000,-954741,454259
2015/08/28,0,2215000,-1517739,697261
2015/08/31,0,1542000,-1266000,276000
2015/09/01,0,951000,-883809,67191
2015/09/02,0,964685,-647917,316768
2015/09/03,0,681000,-634786,46214
2015/09/04,0,909339,-596874,312465
2015/09/07,0,722000,-863000,-141000
2015/09/08,0,729000,-730000,-1000
2015/09/09,0,1184360,-651000,533360
2015/09/10,0,981000,-988000,-7000
2015/09/11,0,993000,-911000,82000
2015/09/14,0,1557000,-1063000,494000
2015/09/15,0,859184,-485880,373304
2015/09/16,0,894000,-489140,404860
2015/09/17,0,2025000,-1313318,711682
2015/09/18,0,1235874,-531801,704073
2015/09/21,0,1686000,-1079799,606201
2015/09/22,0,396050,-506405,-110355
2015/09/23,0,619000,-727650,-108650
2015/09/24,0,395010,-810947,-415937
2015/09/25,0,1000000,-906470,93530
2015/09/28,0,0,0,0
2015/09/29,0,0,0,0
2015/09/30,0,3043000,-3393633,-350633
2015/10/01,0,2669069,-2702052,-32983
2015/10/02,0,516000,-864000,-348000
2015/10/05,0,4854000,-3441639,1412361
2015/10/06,0,1053375,-841000,212375
2015/10/07,0,1191000,-1028661,162339
2015/10/08,0,868000,-678440,189560
2015/10/09,0,0,0,0
2015/10/12,0,922000,-716000,206000
2015/10/13,0,1198612,-808853,389759
2015/10/14,0,440000,-341000,99000
2015/10/15,0,1134000,-808121,325879
2015/10/16,0,1640495,-1447331,193164
2015/10/19,0,1535700,-601245,934455
2015/10/20,0,2033000,-1728567,304433
2015/10/21,0,1133796,-606561,527235
2015/10/22,0,703000,-267365,435635
2015/10/23,0,782565,-340982,441583
2015/10/26,0,838000,-516000,322000
2015/10/27,0,470000,-299568,170432
2015/10/28,0,921278,-1077805,-156527
2015/10/29,0,841000,-1384280,-543280
2015/10/30,0,883000,-1459379,-576379
2015/11/02,0,1692000,-1398067,293933
2015/11/03,0,865350,-697654,167696
2015/11/04,0,2010000,-1779000,231000
2015/11/05,0,827000,-749000,78000
2015/11/06,0,194000,-1744624,-1550624
2015/11/09,0,284368,-1028953,-744585
2015/11/10,0,725000,-1563415,-838415
2015/11/11,0,1168000,-1659440,-491440
2015/11/12,0,79139,-1138032,-1058893
2015/11/13,0,339000,-1423040,-1084040
2015/11/16,0,630000,-1652572,-1022572
2015/11/17,0,1020000,-832360,187640
2015/11/18,0,408000,-1174000,-766000
2015/11/19,0,1104000,-919000,185000
2015/11/20,0,1258000,-845000,413000
2015/11/23,0,1086370,-813000,273370
2015/11/24,0,1406000,-1065919,340081
2015/11/25,0,2308000,-785083,1522917
2015/11/26,0,1462000,-886095,575905
2015/11/27,0,902000,-649000,253000
2015/11/30,0,6197148,-5119671,1077477
2015/12/01,0,887000,-1414437,-527437
2015/12/02,0,689000,-1626184,-937184
2015/12/03,0,1345000,-1379010,-34010
2015/12/04,0,1347185,-1345440,1745
2015/12/07,0,584089,-713000,-128911
2015/12/08,0,466000,-570241,-104241
2015/12/09,0,546000,-905000,-359000
2015/12/10,0,981000,-1456897,-475897
2015/12/11,0,1047969,-1250627,-202658
2015/12/14,0,739000,-875169,-136169
2015/12/15,0,1559568,-1440282,119286
2015/12/16,0,1079000,-872684,206316
2015/12/17,0,1377000,-1226282,150718
2015/12/18,0,2239572,-1541707,697865
2015/12/21,0,1664000,-1033981,630019
2015/12/22,0,932219,-961140,-28921
2015/12/23,0,1023247,-804000,219247
2015/12/24,0,469000,-495283,-26283
2015/12/25,0,147000,-33000,114000
2015/12/28,0,432000,-494000,-62000
2015/12/29,0,495000,-547176,-52176
2015/12/30,0,563329,-662152,-98823
2015/12/31,0,473002,-357000,116002
2016/01/01,0,0,0,0
2016/01/04,0,1076960,-1602000,-525040
2016/01/05,0,788937,-873022,-84085
2016/01/06,0,934958,-707000,227958
2016/01/07,0,587177,-820541,-233364
2016/01/08,0,515000,-1017484,-502484
2016/01/11,0,293064,-679000,-385936
2016/01/12,0,449000,-599822,-150822
2016/01/13,0,754000,-434504,319496
2016/01/14,0,434612,-898000,-463388
2016/01/15,0,354000,-1011891,-657891
2016/01/18,0,471874,-684005,-212131
2016/01/19,0,540000,-785731,-245731
2016/01/20,0,1219192,-1036581,182611
2016/01/21,0,365000,-1276001,-911001
2016/01/22,0,957000,-333000,624000
2016/01/25,0,574732,-491941,82791
2016/01/26,0,573000,-970000,-397000
2016/01/27,0,1429142,-872221,556921
2016/01/28,0,1539000,-1590882,-51882
2016/01/29,0,1677292,-1242282,435010
2016/02/01,0,1936338,-1283790,652548
2016/02/02,0,1119483,-1041566,77917
2016/02/03,0,752000,-1238056,-486056
2016/02/04,0,0,0,0
2016/02/05,0,0,0,0
2016/02/08,0,0,0,0
2016/02/09,0,0,0,0
2016/02/10,0,0,0,0
2016/02/11,0,0,0,0
2016/02/12,0,0,0,0
2016/02/15,0,1758612,-1137210,621402
2016/02/16,0,902000,-614000,288000
2016/02/17,0,511224,-373000,138224
2016/02/18,0,367312,-614504,-247192
2016/02/19,0,756192,-387736,368456
2016/02/22,0,589000,-573177,15823
2016/02/23,0,647102,-469000,178102
2016/02/24,0,615000,-536754,78246
2016/02/25,0,1267955,-323000,944955
2016/02/26,0,1008000,-681392,326608
2016/02/29,0,0,0,0
2016/03/01,0,760164,-372880,387284
2016/03/02,0,478212,-294000,184212
2016/03/03,0,699000,-228000,471000
2016/03/04,0,570325,-430000,140325
2016/03/07,0,647000,-356000,291000
2016/03/08,0,486000,-499078,-13078
2016/03/09,0,573168,-607225,-34057
2016/03/10,0,806000,-735260,70740
2016/03/11,0,1347290,-979100,368190
2016/03/14,0,1304540,-1225520,79020
2016/03/15,0,624000,-426000,198000
2016/03/16,0,1025045,-909000,116045
2016/03/17,0,1411000,-950130,460870
2016/03/18,0,2917913,-1826563,1091350
2016/03/21,0,876000,-1001000,-125000
2016/03/22,0,1444438,-961313,483125
2016/03/23,0,1461000,-635000,826000
2016/03/24,0,787080,-850408,-63328
2016/03/25,0,374000,-243000,131000
2016/03/28,0,953000,-848000,105000
2016/03/29,0,1292000,-285300,1006700
2016/03/30,0,1753000,-541545,1211455
2016/03/31,0,2698940,-1740944,957996
2016/04/01,0,1407000,-1624000,-217000
2016/04/04,0,0,0,0
2016/04/05,0,0,0,0
2016/04/06,0,1435885,-1960684,-524799
2016/04/07,0,895002,-1109007,-214005
2016/04/08,0,1538310,-1643394,-105084
2016/04/11,0,529000,-703900,-174900
2016/04/12,0,1020650,-503000,517650
2016/04/13,0,987428,-966000,21428
2016/04/14,0,1940000,-935625,1004375
2016/04/15,0,1418000,-847000,571000
2016/04/18,0,1886705,-1724000,162705
2016/04/19,0,1964535,-1193512,771023
2016/04/20,0,1525277,-1190000,335277
2016/04/21,0,1230607,-621000,609607
2016/04/22,0,955000,-484000,471000
2016/04/25,0,385329,-638400,-253071
2016/04/26,0,510208,-437214,72994
2016/04/27,0,1169045,-920000,249045
2016/04/28,0,1260709,-1280000,-19291
2016/04/29,0,896000,-1214436,-318436
2016/05/02,0,0,0,0
2016/05/03,0,614742,-967000,-352258
2016/05/04,0,946505,-1258090,-311585
2016/05/05,0,598000,-1180000,-582000
2016/05/06,0,1152712,-1711000,-558288
2016/05/09,0,507000,-1049106,-542106
2016/05/10,0,473000,-654217,-181217
2016/05/11,0,831000,-796765,34235
2016/05/12,0,365000,-613000,-248000
2016/05/13,0,1042845,-1164000,-121155
2016/05/16,0,435000,-828000,-393000
2016/05/17,0,740690,-864000,-123310
2016/05/18,0,961130,-809000,152130
2016/05/19,0,895000,-1124255,-229255
2016/05/20,0,293749,-471708,-177959
2016/05/23,0,739710,-399000,340710
2016/05/24,0,421000,-746255,-325255
2016/05/25,0,901000,-997729,-96729
2016/05/26,0,558000,-368000,190000
2016/05/27,0,572057,-541065,30992
2016/05/30,0,1347020,-369000,978020
2016/05/31,0,2234867,-1850223,384644
2016/06/01,0,525295,-484000,41295
2016/06/02,0,610184,-571132,39052
2016/06/03,0,460000,-235000,225000
2016/06/06,0,258000,-128220,129780
2016/06/07,0,1162000,-650814,511186
2016/06/08,0,891000,-905089,-14089
2016/06/09,0,0,0,0
2016/06/10,0,0,0,0
2016/06/13,0,525000,-619302,-94302
2016/06/14,0,468100,-657583,-189483
2016/06/15,0,713000,-521000,192000
2016/06/16,0,185000,-542136,-357136
2016/06/17,0,627000,-741000,-114000
2016/06/20,0,561000,-409000,152000
2016/06/21,0,512575,-794040,-281465
2016/06/22,0,417876,-703474,-285598
2016/06/23,0,275020,-545000,-269980
2016/06/24,0,742000,-1116000,-374000
2016/06/27,0,557000,-708000,-151000
2016/06/28,0,1097028,-1496074,-399046
2016/06/29,0,524000,-1103800,-579800
2016/06/30,0,1142000,-1134662,7338
2016/07/01,0,802000,-519018,282982
2016/07/04,0,440000,-285662,154338
2016/07/05,0,403000,-427534,-24534
2016/07/06,0,475000,-1720000,-1245000
2016/07/07,0,726000,-282000,444000
2016/07/08,0,0,0,0
2016/07/11,0,2399140,-2994000,-594860
2016/07/12,0,1910095,-1902298,7797
2016/07/13,0,1466656,-496962,969694
2016/07/14,0,777000,-392000,385000
2016/07/15,0,1252020,-630190,621830
2016/07/18,0,1454000,-534000,920000
2016/07/19,0,1711138,-392000,1319138
2016/07/20,0,1193000,-581000,612000
2016/07/21,0,1091970,-982235,109735
2016/07/22,0,1014031,-773621,240410
2016/07/25,0,1029980,-365103,664877
2016/07/26,0,1058337,-753789,304548
2016/07/27,0,1520585,-803000,717585
2016/07/28,0,827882,-723000,104882
2016/07/29,0,713494,-748000,-34506
2016/08/01,0,992590,-596492,396098
2016/08/02,0,655200,-325180,330020
2016/08/03,0,648000,-521000,127000
2016/08/04,0,327000,-255910,71090
2016/08/05,0,913000,-191445,721555
2016/08/08,0,560019,-510460,49559
2016/08/09,0,748000,-321055,426945
2016/08/10,0,1501895,-598690,903205
2016/08/11,0,939000,-1144217,-205217
2016/08/12,0,749000,-601108,147892
2016/08/15,0,379528,-332000,47528
2016/08/16,0,614592,-685258,-70666
2016/08/17,0,610025,-396000,214025
2016/08/18,0,224000,-160864,63136
2016/08/19,0,229086,-462000,-232914
2016/08/22,0,288000,-273000,15000
2016/08/23,0,702766,-405200,297566
2016/08/24,0,651882,-250000,401882
2016/08/25,0,423000,-431000,-8000
2016/08/26,0,466316,-261000,205316
2016/08/29,0,285915,-297000,-11085
2016/08/30,0,595673,-423360,172313
2016/08/31,0,987988,-863419,124569
2016/09/01,0,200328,-408595,-208267
2016/09/02,0,172692,-133184,39508
2016/09/05,0,419000,-111237,307763
2016/09/06,0,768711,-86121,682590
2016/09/07,0,561814,-413991,147823
2016/09/08,0,495810,-280585,215225
2016/09/09,0,159000,-259000,-100000
2016/09/12,0,430000,-634268,-204268
2016/09/13,0,598000,-810000,-212000
2016/09/14,0,810701,-1072251,-261550
2016/09/15,0,0,0,0
2016/09/16,0,0,0,0
2016/09/19,0,626090,-620699,5391
2016/09/20,0,259208,-175017,84191
2016/09/21,0,279145,-221585,57560
2016/09/22,0,1061735,-522000,539735
2016/09/23,0,1673030,-1318321,354709
2016/09/26,0,956736,-579155,377581
2016/09/27,0,0,0,0
2016/09/28,0,0,0,0
2016/09/29,0,1982184,-1184490,797694
2016/09/30,0,1350913,-855050,495863
2016/10/03,0,1008007,-528000,480007
2016/10/04,0,968000,-655690,312310
2016/10/05,0,478000,-323325,154675
2016/10/06,0,546692,-624871,-78179
2016/10/07,0,950493,-1020795,-70302
2016/10/10,0,0,0,0
2016/10/11,0,1049000,-893779,155221
2016/10/12,0,692295,-433996,258299
2016/10/13,0,552000,-497000,55000
2016/10/14,0,265000,-356000,-91000
2016/10/17,0,456000,-381447,74553
2016/10/18,0,946471,-338055,608416
2016/10/19,0,441620,-211946,229674
2016/10/20,0,542528,-386000,156528
2016/10/21,0,640000,-887773,-247773
2016/10/24,0,1010000,-550550,459450
2016/10/25,0,1081640,-701558,380082
2016/10/26,0,664000,-1163555,-499555
2016/10/27,0,365742,-812100,-446358
2016/10/28,0,429651,-252000,177651
2016/10/31,0,1296114,-377000,919114
2016/11/01,0,639623,-587000,52623
2016/11/02,0,289201,-624096,-334895
2016/11/03,0,539205,-522000,17205
2016/11/04,0,500000,-1497000,-997000
2016/11/07,0,1033680,-1215804,-182124
2016/11/08,0,401742,-367000,34742
2016/11/09,0,768699,-1089000,-320301
2016/11/10,0,330000,-585068,-255068
2016/11/11,0,445604,-1412509,-966905
2016/11/14,0,208000,-759974,-551974
2016/11/15,0,403000,-1889522,-1486522
2016/11/16,0,363225,-1468878,-1105653
2016/11/17,0,477000,-794663,-317663
2016/11/18,0,973069,-1275996,-302927
2016/11/21,0,871564,-1644576,-773012
2016/11/22,0,839188,-635000,204188
2016/11/23,0,730000,-1300046,-570046
2016/11/24,0,283012,-382000,-98988
2016/11/25,0,210000,-532000,-322000
2016/11/28,0,320000,-427000,-107000
2016/11/29,0,566000,-636304,-70304
2016/11/30,0,1862740,-1593936,268804
2016/12/01,0,1102061,-1297000,-194939
2016/12/02,0,244000,-670786,-426786
2016/12/05,0,383000,-370277,12723
2016/12/06,0,564000,-292116,271884
2016/12/07,0,291001,-279398,11603
2016/12/08,0,559000,-283000,276000
2016/12/09,0,454576,-291447,163129
2016/12/12,0,458000,-244000,214000
2016/12/13,0,575811,-588075,-12264
2016/12/14,0,460910,-390065,70845
2016/12/15,0,635000,-1174398,-539398
2016/12/16,0,388116,-1818257,-1430141
2016/12/19,0,35000,-127000,-92000
2016/12/20,0,193528,-278048,-84520
2016/12/21,0,346000,-440000,-94000
2016/12/22,0,824792,-690200,134592
2016/12/23,0,274000,-627000,-353000
2016/12/26,0,33000,-35000,-2000
2016/12/27,0,90000,-97000,-7000
2016/12/28,0,296000,-238000,58000
2016/12/29,0,640480,-463052,177428
2016/12/30,0,519000,-423735,95265
2017/01/02,0,0,0,0
2017/01/03,0,119000,-124675,-5675
2017/01/04,0,145000,-176472,-31472
2017/01/05,0,261819,-180000,81819
2017/01/06,0,267951,-339459,-71508
2017/01/09,0,333000,-341211,-8211
2017/01/10,0,360000,-422100,-62100
2017/01/11,0,370474,-459199,-88725
2017/01/12,0,555000,-685747,-130747
2017/01/13,0,360138,-357500,2638
2017/01/16,0,223000,-499500,-276500
2017/01/17,0,446125,-489579,-43454
2017/01/18,0,436040,-377331,58709
2017/01/19,0,639705,-632186,7519
2017/01/20,0,461074,-757000,-295926
2017/01/23,0,771534,-216090,555444
2017/01/24,0,402096,-431778,-29682
2017/01/25,0,0,0,0
2017/01/26,0,0,0,0
2017/01/27,0,0,0,0
2017/01/30,0,0,0,0
2017/01/31,0,0,0,0
2017/02/01,0,0,0,0
2017/02/02,0,882236,-1301506,-419270
2017/02/03,0,879124,-1039541,-160417
2017/02/06,0,305000,-716000,-411000
2017/02/07,0,305352,-473000,-167648
2017/02/08,0,438768,-849392,-410624
2017/02/09,0,691930,-650720,41210
2017/02/10,0,535000,-288000,247000
2017/02/13,0,378423,-136000,242423
2017/02/14,0,430000,-485848,-55848
2017/02/15,0,619000,-511000,108000
2017/02/16,0,261000,-197000,64000
2017/02/17,0,117000,-532000,-415000
2017/02/20,0,116000,-200610,-84610
2017/02/21,0,553310,-465000,88310
2017/02/22,0,165705,-560721,-395016
2017/02/23,0,929000,-1167000,-238000
2017/02/24,0,597000,-1368039,-771039
2017/02/27,0,0,0,0
2017/02/28,0,0,0,0
2017/03/01,0,1207675,-2141172,-933497
2017/03/02,0,1390000,-1460491,-70491
2017/03/03,0,709000,-756965,-47965
2017/03/06,0,605683,-616633,-10950
2017/03/07,0,423155,-423164,-9
2017/03/08,0,444000,-872782,-428782
2017/03/09,0,378705,-1163600,-784895
2017/03/10,0,361093,-864960,-503867
2017/03/13,0,522938,-771407,-248469
2017/03/14,0,3119147,-854938,2264209
2017/03/15,0,922940,-883469,39471
2017/03/16,0,953303,-477442,475861
2017/03/17,0,1430450,-1008519,421931
2017/03/20,0,1708571,-787114,921457
2017/03/21,0,1148134,-691636,456498
2017/03/22,0,708479,-910094,-201615
2017/03/23,0,621000,-423874,197126
2017/03/24,0,413458,-405335,8123
2017/03/27,0,828000,-350829,477171
2017/03/28,0,910370,-775542,134828
2017/03/29,0,532536,-788103,-255567
2017/03/30,0,767000,-1039000,-272000
2017/03/31,0,977460,-1202525,-225065
2017/04/03,0,0,0,0
2017/04/04,0,0,0,0
2017/04/05,0,2044000,-1244000,800000
2017/04/06,0,813000,-493461,319539
2017/04/07,0,1035975,-637020,398955
2017/04/10,0,378000,-415398,-37398
2017/04/11,0,212000,-294500,-82500
2017/04/12,0,281000,-319622,-38622
2017/04/13,0,376000,-332008,43992
2017/04/14,0,43000,-121000,-78000
2017/04/17,0,127000,-166000,-39000
2017/04/18,0,1162000,-1502005,-340005
2017/04/19,0,422000,-552264,-130264
2017/04/20,0,495020,-410000,85020
2017/04/21,0,423000,-330723,92277
2017/04/24,0,173000,-215000,-42000
2017/04/25,0,618652,-683661,-65009
2017/04/26,0,832000,-866000,-34000
2017/04/27,0,1250000,-420700,829300
2017/04/28,0,336000,-509000,-173000
2017/05/01,0,0,0,0
2017/05/02,0,437000,-335176,101824
2017/05/03,0,292075,-299000,-6925
2017/05/04,0,476000,-109470,366530
2017/05/05,0,349814,-344000,5814
2017/05/08,0,609434,-594364,15070
2017/05/09,0,468355,-353987,114368
2017/05/10,0,527154,-157000,370154
2017/05/11,0,906473,-215000,691473
2017/05/12,0,464000,-441000,23000
2017/05/15,0,479809,-315624,164185
2017/05/16,0,463000,-481149,-18149
2017/05/17,0,550160,-243000,307160
2017/05/18,0,716474,-966166,-249692
2017/05/19,0,521547,-271426,250121
2017/05/22,0,547345,-568437,-21092
2017/05/23,0,541982,-747506,-205524
2017/05/24,0,1149144,-2725554,-1576410
2017/05/25,0,965056,-986001,-20945
2017/05/26,0,0,0,0
2017/05/29,0,0,0,0
2017/05/30,0,0,0,0
2017/05/31,0,5181509,-6278679,-1097170
2017/06/01,0,914890,-671646,243244
2017/06/02,0,602000,-254000,348000
2017/06/05,0,375000,-428000,-53000
2017/06/06,0,278401,-182000,96401
2017/06/07,0,330000,-404099,-74099
2017/06/08,0,674000,-861189,-187189
2017/06/09,0,554000,-1227223,-673223
2017/06/12,0,373778,-1052944,-679166
2017/06/13,0,581000,-856814,-275814
2017/06/14,0,256000,-291489,-35489
2017/06/15,0,370000,-263565,106435
2017/06/16,0,639000,-670756,-31756
2017/06/19,0,358402,-545114,-186712
2017/06/20,0,167000,-774561,-607561
2017/06/21,0,807022,-1327905,-520883
2017/06/22,0,3173000,-428145,2744855
2017/06/23,0,409000,-467189,-58189
2017/06/26,0,545000,-381000,164000
2017/06/27,0,462000,-345000,117000
2017/06/28,0,826817,-1421693,-594876
2017/06/29,0,721000,-396841,324159
2017/06/30,0,1180000,-1115765,64235
2017/07/03,0,383000,-398447,-15447
2017/07/04,0,748000,-775363,-27363
2017/07/05,0,412000,-437000,-25000
2017/07/06,0,247000,-524865,-277865
2017/07/07,0,213605,-171690,41915
2017/07/10,0,365096,-238080,127016
2017/07/11,0,595856,-429000,166856
2017/07/12,0,474390,-398003,76387
2017/07/13,0,969692,-1013000,-43308
2017/07/14,0,98379,-108000,-9621
2017/07/17,0,109000,-58362,50638
2017/07/18,0,449000,-343000,106000
2017/07/19,0,797295,-577800,219495
2017/07/20,0,536884,-525380,11504
2017/07/21,0,595064,-769815,-174751
2017/07/24,0,248000,-194700,53300
2017/07/25,0,185000,-156768,28232
2017/07/26,0,520000,-374000,146000
2017/07/27,0,739000,-276000,463000
2017/07/28,0,505100,-412004,93096
2017/07/31,0,457000,-252000,205000
2017/08/01,0,335000,-212000,123000
2017/08/02,0,373000,-329000,44000
2017/08/03,0,293066,-262314,30752
2017/08/04,0,367000,-362460,4540
2017/08/07,0,476893,-430000,46893
2017/08/08,0,819020,-781756,37264
2017/08/09,0,504603,-427000,77603
2017/08/10,0,626804,-359000,267804
2017/08/11,0,371000,-491115,-120115
2017/08/14,0,295000,-309000,-14000
2017/08/15,0,252000,-216000,36000
2017/08/16,0,495000,-430188,64812
2017/08/17,0,157500,-20000,137500
2017/08/18,0,352000,-139000,213000
