Date,Open,Buy,Sell,Total
2007/01/02,0,125000,-9000,116000
2007/01/03,0,78000,-58000,20000
2007/01/04,0,111000,0,111000
2007/01/05,0,73000,-310758,-237758
2007/01/08,0,1000,-168727,-167727
2007/01/09,0,3000,-72000,-69000
2007/01/10,0,44000,-900000,-856000
2007/01/11,0,0,-125000,-125000
2007/01/12,0,227000,-114000,113000
2007/01/15,0,300000,-208000,92000
2007/01/16,0,14000,-6000,8000
2007/01/17,0,467000,-520100,-53100
2007/01/18,0,22000,-356000,-334000
2007/01/19,0,288000,-280953,7047
2007/01/22,0,209000,-244000,-35000
2007/01/23,0,73000,-49000,24000
2007/01/24,0,263000,-312000,-49000
2007/01/25,0,288000,-406000,-118000
2007/01/26,0,257000,-681350,-424350
2007/01/29,0,30000,-174000,-144000
2007/01/30,0,31000,-49224,-18224
2007/01/31,0,63000,-145138,-82138
2007/02/01,0,1148000,-1390000,-242000
2007/02/02,0,518000,-1800000,-1282000
2007/02/05,0,662000,-789432,-127432
2007/02/06,0,252000,-40000,212000
2007/02/07,0,188000,-145000,43000
2007/02/08,0,391000,-205046,185954
2007/02/09,0,709000,-284390,424610
2007/02/12,0,384000,-284000,100000
2007/02/13,0,892000,-212881,679119
2007/02/14,0,1049000,-564040,484960
2007/02/15,0,0,0,0
2007/02/16,0,0,0,0
2007/02/19,0,0,0,0
2007/02/20,0,0,0,0
2007/02/21,0,0,0,0
2007/02/22,0,0,0,0
2007/02/23,0,0,0,0
2007/02/26,0,1523000,-1107724,415276
2007/02/27,0,1372000,-1567000,-195000
2007/02/28,0,0,0,0
2007/03/01,0,345000,-654000,-309000
2007/03/02,0,44000,-675000,-631000
2007/03/05,0,255000,-878000,-623000
2007/03/06,0,38000,-841675,-803675
2007/03/07,0,133000,-657308,-524308
2007/03/08,0,628000,-610368,17632
2007/03/09,0,128799,-364422,-235623
2007/03/12,0,30000,-358000,-328000
2007/03/13,0,224000,-592360,-368360
2007/03/14,0,138000,-250000,-112000
2007/03/15,0,485000,-568000,-83000
2007/03/16,0,420000,-384800,35200
2007/03/19,0,539000,-606000,-67000
2007/03/20,0,258000,-234471,23529
2007/03/21,0,3000,-467571,-464571
2007/03/22,0,223000,-148000,75000
2007/03/23,0,197000,-210000,-13000
2007/03/26,0,124000,-75000,49000
2007/03/27,0,143000,-159000,-16000
2007/03/28,0,483000,-356000,127000
2007/03/29,0,418000,-310000,108000
2007/03/30,0,402000,-156000,246000
2007/04/02,0,306000,-261000,45000
2007/04/03,0,516000,-266000,250000
2007/04/04,0,346000,-141000,205000
2007/04/05,0,0,0,0
2007/04/06,0,0,0,0
2007/04/09,0,370000,-42000,328000
2007/04/10,0,149000,-13000,136000
2007/04/11,0,551000,-712000,-161000
2007/04/12,0,544982,-709982,-165000
2007/04/13,0,212000,-334000,-122000
2007/04/16,0,1692000,-1235716,456284
2007/04/17,0,336837,-214000,122837
2007/04/18,0,139000,-92000,47000
2007/04/19,0,422000,-1139588,-717588
2007/04/20,0,21000,-649000,-628000
2007/04/23,0,99000,-94000,5000
2007/04/24,0,62000,-263000,-201000
2007/04/25,0,161000,-386000,-225000
2007/04/26,0,557000,-730000,-173000
2007/04/27,0,432000,-737500,-305500
2007/04/30,0,79000,-341398,-262398
2007/05/01,0,0,0,0
2007/05/02,0,132000,-151617,-19617
2007/05/03,0,901000,-819000,82000
2007/05/04,0,295000,-413000,-118000
2007/05/07,0,367000,-394000,-27000
2007/05/08,0,109000,-180000,-71000
2007/05/09,0,230000,-485000,-255000
2007/05/10,0,425000,-455000,-30000
2007/05/11,0,615000,-104089,510911
2007/05/14,0,316000,-536000,-220000
2007/05/15,0,371000,-464000,-93000
2007/05/16,0,604000,-654000,-50000
2007/05/17,0,1062000,-1216000,-154000
2007/05/18,0,1082000,-1161000,-79000
2007/05/21,0,830000,-994000,-164000
2007/05/22,0,34000,-420104,-386104
2007/05/23,0,55000,-862770,-807770
2007/05/24,0,24000,-126000,-102000
2007/05/25,0,2000,-235000,-233000
2007/05/28,0,54000,-198055,-144055
2007/05/29,0,88000,-354000,-266000
2007/05/30,0,198000,-825901,-627901
2007/05/31,0,384000,-387399,-3399
2007/06/01,0,316000,-316000,0
2007/06/04,0,233800,-615000,-381200
2007/06/05,0,258000,-294117,-36117
2007/06/06,0,93000,-933998,-840998
2007/06/07,0,570000,-72000,498000
2007/06/08,0,346000,-525252,-179252
2007/06/11,0,154000,-111049,42951
2007/06/12,0,971000,-153000,818000
2007/06/13,0,58000,-24000,34000
2007/06/14,0,34000,-52000,-18000
2007/06/15,0,193000,-437000,-244000
2007/06/18,0,0,0,0
2007/06/19,0,0,0,0
2007/06/20,0,1062000,-755000,307000
2007/06/21,0,694000,-143059,550941
2007/06/22,0,139000,-1126366,-987366
2007/06/25,0,265000,-921000,-656000
2007/06/26,0,515000,-420682,94318
2007/06/27,0,88000,-1067000,-979000
2007/06/28,0,1168000,-1379000,-211000
2007/06/29,0,1030000,-1491166,-461166
2007/07/02,0,59000,-421000,-362000
2007/07/03,0,114000,-1079000,-965000
2007/07/04,0,563000,-817000,-254000
2007/07/05,0,590000,-756000,-166000
2007/07/06,0,1181000,-3059000,-1878000
2007/07/09,0,790000,-1504000,-714000
2007/07/10,0,1142000,-1124000,18000
2007/07/11,0,753000,-2397000,-1644000
2007/07/12,0,231000,-651000,-420000
2007/07/13,0,215000,-163000,52000
2007/07/16,0,47000,-328000,-281000
2007/07/17,0,474000,-293000,181000
2007/07/18,0,20000,-174000,-154000
2007/07/19,0,741000,-227000,514000
2007/07/20,0,802000,-1292000,-490000
2007/07/23,0,600000,-1390000,-790000
2007/07/24,0,451000,-767000,-316000
2007/07/25,0,951000,-1861227,-910227
2007/07/26,0,699000,-857000,-158000
2007/07/27,0,614000,-802000,-188000
2007/07/30,0,381000,-1083000,-702000
2007/07/31,0,235000,-1183000,-948000
2007/08/01,0,18000,-1581000,-1563000
2007/08/02,0,584000,-84200,499800
2007/08/03,0,103000,-163000,-60000
2007/08/06,0,383000,-402701,-19701
2007/08/07,0,649732,-1006000,-356268
2007/08/08,0,236000,-269000,-33000
2007/08/09,0,234000,-500000,-266000
2007/08/10,0,114000,-948000,-834000
2007/08/13,0,254000,-68000,186000
2007/08/14,0,426000,-204000,222000
2007/08/15,0,194000,-313000,-119000
2007/08/16,0,243000,-551000,-308000
2007/08/17,0,394000,-571000,-177000
2007/08/20,0,240000,-265000,-25000
2007/08/21,0,295000,-203000,92000
2007/08/22,0,164000,-417760,-253760
2007/08/23,0,897000,-1053386,-156386
2007/08/24,0,109000,-323000,-214000
2007/08/27,0,98000,-182000,-84000
2007/08/28,0,139000,-183502,-44502
2007/08/29,0,323332,-526800,-203468
2007/08/30,0,647000,-674000,-27000
2007/08/31,0,1717000,-1636000,81000
2007/09/03,0,39000,-346000,-307000
2007/09/04,0,122000,-249000,-127000
2007/09/05,0,179000,-798957,-619957
2007/09/06,0,374000,-632106,-258106
2007/09/07,0,198000,-453055,-255055
2007/09/10,0,60000,-579102,-519102
2007/09/11,0,38000,-286122,-248122
2007/09/12,0,178000,-198000,-20000
2007/09/13,0,63000,-308000,-245000
2007/09/14,0,748000,-249000,499000
2007/09/17,0,17000,-209000,-192000
2007/09/18,0,0,0,0
2007/09/19,0,827000,-256000,571000
2007/09/20,0,381000,-892000,-511000
2007/09/21,0,93000,-3000,90000
2007/09/24,0,0,0,0
2007/09/25,0,0,0,0
2007/09/26,0,323000,-501261,-178261
2007/09/27,0,598000,-421000,177000
2007/09/28,0,276000,-383000,-107000
2007/10/01,0,14000,-137000,-123000
2007/10/02,0,253000,-706000,-453000
2007/10/03,0,217000,-238000,-21000
2007/10/04,0,232000,-536101,-304101
2007/10/05,0,144000,-96000,48000
2007/10/08,0,123000,-201000,-78000
2007/10/09,0,146000,-241001,-95001
2007/10/10,0,0,0,0
2007/10/11,0,492000,-471000,21000
2007/10/12,0,277000,-691000,-414000
2007/10/15,0,598000,-520000,78000
2007/10/16,0,184000,-309000,-125000
2007/10/17,0,1458000,-1440000,18000
2007/10/18,0,515000,-530000,-15000
2007/10/19,0,162000,-171000,-9000
2007/10/22,0,581000,-995000,-414000
2007/10/23,0,207000,-165000,42000
2007/10/24,0,424000,-302000,122000
2007/10/25,0,1233715,-1027000,206715
2007/10/26,0,391000,-201414,189586
2007/10/29,0,644000,-838000,-194000
2007/10/30,0,54000,-949433,-895433
2007/10/31,0,123000,-789000,-666000
2007/11/01,0,883000,-1698000,-815000
2007/11/02,0,305000,-824000,-519000
2007/11/05,0,309000,-729000,-420000
2007/11/06,0,22000,-682000,-660000
2007/11/07,0,111318,-431000,-319682
2007/11/08,0,745000,-817919,-72919
2007/11/09,0,554000,-289000,265000
2007/11/12,0,434000,-804000,-370000
2007/11/13,0,467000,-1090000,-623000
2007/11/14,0,494000,-1659008,-1165008
2007/11/15,0,235000,-693000,-458000
2007/11/16,0,28000,-819321,-791321
2007/11/19,0,34000,-855855,-821855
2007/11/20,0,97000,-982703,-885703
2007/11/21,0,10000,-1051698,-1041698
2007/11/22,0,136000,-374000,-238000
2007/11/23,0,43000,-393000,-350000
2007/11/26,0,330000,-796913,-466913
2007/11/27,0,222000,-576000,-354000
2007/11/28,0,52000,-35000,17000
2007/11/29,0,232000,-314816,-82816
2007/11/30,0,450000,-2324000,-1874000
2007/12/03,0,26304,-226000,-199696
2007/12/04,0,184000,-1108000,-924000
2007/12/05,0,307000,-1093857,-786857
2007/12/06,0,290401,-224000,66401
2007/12/07,0,217028,-1332108,-1115080
2007/12/10,0,71000,-705832,-634832
2007/12/11,0,321000,-1243960,-922960
2007/12/12,0,77000,-1928000,-1851000
2007/12/13,0,31000,-1814650,-1783650
2007/12/14,0,1078000,-2266000,-1188000
2007/12/17,0,296000,-3329000,-3033000
2007/12/18,0,1120000,-2410195,-1290195
2007/12/19,0,854000,-1954000,-1100000
2007/12/20,0,676000,-736000,-60000
2007/12/21,0,503000,-339000,164000
2007/12/24,0,858000,-2488000,-1630000
2007/12/25,0,12000,-100000,-88000
2007/12/26,0,307000,-2265357,-1958357
2007/12/27,0,634000,-3518939,-2884939
2007/12/28,0,566000,-2401000,-1835000
2007/12/31,0,441000,-1699000,-1258000
2008/01/01,0,0,0,0
2008/01/02,0,414000,-823600,-409600
2008/01/03,0,471000,-710333,-239333
2008/01/04,0,369000,-192000,177000
2008/01/07,0,832000,-920000,-88000
2008/01/08,0,923000,-328000,595000
2008/01/09,0,292000,-124000,168000
2008/01/10,0,625000,-102200,522800
2008/01/11,0,868000,-393000,475000
2008/01/14,0,827000,-218000,609000
2008/01/15,0,520000,-331723,188277
2008/01/16,0,384000,-317000,67000
2008/01/17,0,168000,-363229,-195229
2008/01/18,0,603804,-1549000,-945196
2008/01/21,0,836000,-1265854,-429854
2008/01/22,0,559000,-1118000,-559000
2008/01/23,0,711000,-473000,238000
2008/01/24,0,1686000,-1786600,-100600
2008/01/25,0,242000,-285900,-43900
2008/01/28,0,297000,-414000,-117000
2008/01/29,0,473000,-668112,-195112
2008/01/30,0,1420437,-1766351,-345914
2008/01/31,0,1138000,-2087400,-949400
2008/02/01,0,371000,-7506350,-7135350
2008/02/04,0,0,0,0
2008/02/05,0,0,0,0
2008/02/06,0,0,0,0
2008/02/07,0,0,0,0
2008/02/08,0,0,0,0
2008/02/11,0,0,0,0
2008/02/12,0,471000,-533123,-62123
2008/02/13,0,938000,-1551372,-613372
2008/02/14,0,851000,-1296557,-445557
2008/02/15,0,2389000,-2543000,-154000
2008/02/18,0,1380000,-1445401,-65401
2008/02/19,0,1471000,-836095,634905
2008/02/20,0,2386000,-1309000,1077000
2008/02/21,0,583000,-533621,49379
2008/02/22,0,132000,-590000,-458000
2008/02/25,0,253000,-521400,-268400
2008/02/26,0,369000,-522200,-153200
2008/02/27,0,1237000,-1018600,218400
2008/02/28,0,0,0,0
2008/02/29,0,541834,-500124,41710
2008/03/03,0,42000,-148000,-106000
2008/03/04,0,425000,-253000,172000
2008/03/05,0,346000,-172000,174000
2008/03/06,0,589000,-1140403,-551403
2008/03/07,0,368000,-774892,-406892
2008/03/10,0,421000,-943000,-522000
2008/03/11,0,345000,-888000,-543000
2008/03/12,0,525801,-1058344,-532543
2008/03/13,0,302000,-1058000,-756000
2008/03/14,0,689000,-1078150,-389150
2008/03/17,0,79000,-850000,-771000
2008/03/18,0,287000,-910000,-623000
2008/03/19,0,150000,-764000,-614000
2008/03/20,0,550000,-912000,-362000
2008/03/21,0,503000,-1013000,-510000
2008/03/24,0,1109000,-1329000,-220000
2008/03/25,0,481000,-973777,-492777
2008/03/26,0,294000,-1576035,-1282035
2008/03/27,0,73751,-865000,-791249
2008/03/28,0,628751,-1446841,-818090
2008/03/31,0,134869,-749711,-614842
2008/04/01,0,146749,-598155,-451406
2008/04/02,0,286000,-950442,-664442
2008/04/03,0,210000,-196000,14000
2008/04/04,0,0,0,0
2008/04/07,0,203000,-97000,106000
2008/04/08,0,317000,-425000,-108000
2008/04/09,0,262000,-373000,-111000
2008/04/10,0,271000,-182000,89000
2008/04/11,0,569000,-183117,385883
2008/04/14,0,978000,-134000,844000
2008/04/15,0,381000,-185464,195536
2008/04/16,0,745000,-18000,727000
2008/04/17,0,2112000,-156000,1956000
2008/04/18,0,539000,-191003,347997
2008/04/21,0,800000,-6000,794000
2008/04/22,0,367000,-139000,228000
2008/04/23,0,538000,-68000,470000
2008/04/24,0,81000,-24000,57000
2008/04/25,0,136000,-18000,118000
2008/04/28,0,331000,-5000,326000
2008/04/29,0,100000,-225000,-125000
2008/04/30,0,93000,-81100,11900
2008/05/01,0,0,0,0
2008/05/02,0,347000,-159259,187741
2008/05/05,0,150000,-315000,-165000
2008/05/06,0,275000,-129000,146000
2008/05/07,0,76032,-38000,38032
2008/05/08,0,15000,-346000,-331000
2008/05/09,0,16000,-164000,-148000
2008/05/12,0,94000,-67323,26677
2008/05/13,0,250000,-181000,69000
2008/05/14,0,189000,-139000,50000
2008/05/15,0,461000,-290000,171000
2008/05/16,0,335000,-73000,262000
2008/05/19,0,128000,-204000,-76000
2008/05/20,0,87000,-206000,-119000
2008/05/21,0,127000,-329347,-202347
2008/05/22,0,150000,-379970,-229970
2008/05/23,0,352000,-308975,43025
2008/05/26,0,127000,-53000,74000
2008/05/27,0,168000,-97000,71000
2008/05/28,0,290000,-380000,-90000
2008/05/29,0,487000,-179000,308000
2008/05/30,0,703818,-736114,-32296
2008/06/02,0,356000,-166000,190000
2008/06/03,0,267000,-277758,-10758
2008/06/04,0,72000,-38000,34000
2008/06/05,0,646000,-247825,398175
2008/06/06,0,94000,-86000,8000
2008/06/09,0,32000,-160000,-128000
2008/06/10,0,319000,-688355,-369355
2008/06/11,0,192000,-46000,146000
2008/06/12,0,265000,-238350,26650
2008/06/13,0,93000,-190000,-97000
2008/06/16,0,203000,-277000,-74000
2008/06/17,0,323968,-459000,-135032
2008/06/18,0,83000,-250000,-167000
2008/06/19,0,323000,-463000,-140000
2008/06/20,0,291573,-183000,108573
2008/06/23,0,233000,-30000,203000
2008/06/24,0,95000,-100000,-5000
2008/06/25,0,380000,-41911,338089
2008/06/26,0,119000,-115000,4000
2008/06/27,0,408000,-364000,44000
2008/06/30,0,296000,-116000,180000
2008/07/01,0,410000,-101000,309000
2008/07/02,0,441000,-513559,-72559
2008/07/03,0,261000,-393000,-132000
2008/07/04,0,176000,-188000,-12000
2008/07/07,0,226000,-68000,158000
2008/07/08,0,413000,-512000,-99000
2008/07/09,0,467000,-178000,289000
2008/07/10,0,412000,-237000,175000
2008/07/11,0,241000,-478000,-237000
2008/07/14,0,311000,-271000,40000
2008/07/15,0,281000,-406000,-125000
2008/07/16,0,838000,-768000,70000
2008/07/17,0,815000,-935483,-120483
2008/07/18,0,655000,-189000,466000
2008/07/21,0,374000,-68000,306000
2008/07/22,0,124000,-75000,49000
2008/07/23,0,277000,-281019,-4019
2008/07/24,0,159000,-146000,13000
2008/07/25,0,13000,-154000,-141000
2008/07/28,0,0,0,0
2008/07/29,0,1155000,-1212000,-57000
2008/07/30,0,458000,-360000,98000
2008/07/31,0,228000,-477000,-249000
2008/08/01,0,251000,-470000,-219000
2008/08/04,0,93000,-189000,-96000
2008/08/05,0,395000,-542000,-147000
2008/08/06,0,491000,-310000,181000
2008/08/07,0,60000,-237000,-177000
2008/08/08,0,329000,-609000,-280000
2008/08/11,0,28000,-216000,-188000
2008/08/12,0,128000,-126000,2000
2008/08/13,0,39000,-295000,-256000
2008/08/14,0,119000,-287000,-168000
2008/08/15,0,331000,-238000,93000
2008/08/18,0,654000,-291000,363000
2008/08/19,0,424000,-294000,130000
2008/08/20,0,322000,-536000,-214000
2008/08/21,0,137000,-369000,-232000
2008/08/22,0,125000,-376408,-251408
2008/08/25,0,170000,-156000,14000
2008/08/26,0,268000,-180000,88000
2008/08/27,0,385000,-226000,159000
2008/08/28,0,508000,-453000,55000
2008/08/29,0,1285000,-385229,899771
2008/09/01,0,315000,-341000,-26000
2008/09/02,0,239000,-271000,-32000
2008/09/03,0,357546,-241000,116546
2008/09/04,0,219000,-266000,-47000
2008/09/05,0,89000,-419000,-330000
2008/09/08,0,168000,-402227,-234227
2008/09/09,0,103000,-227000,-124000
2008/09/10,0,203000,-425000,-222000
2008/09/11,0,446000,-696000,-250000
2008/09/12,0,293000,-394000,-101000
2008/09/15,0,308000,-443000,-135000
2008/09/16,0,366000,-178000,188000
2008/09/17,0,365000,-244698,120302
2008/09/18,0,398000,-470000,-72000
2008/09/19,0,292000,-168000,124000
2008/09/22,0,476000,-364000,112000
2008/09/23,0,473000,-523649,-50649
2008/09/24,0,1617854,-2363854,-746000
2008/09/25,0,716199,-1496496,-780297
2008/09/26,0,272000,-459000,-187000
2008/09/29,0,0,0,0
2008/09/30,0,213000,-262745,-49745
2008/10/01,0,113000,-251000,-138000
2008/10/02,0,196000,-259000,-63000
2008/10/03,0,149000,-111150,37850
2008/10/06,0,395000,-512598,-117598
2008/10/07,0,137000,-114000,23000
2008/10/08,0,284001,-339647,-55646
2008/10/09,0,584000,-828015,-244015
2008/10/10,0,0,0,0
2008/10/13,0,252000,-397001,-145001
2008/10/14,0,215000,-150000,65000
2008/10/15,0,238000,-156000,82000
2008/10/16,0,161000,-371000,-210000
2008/10/17,0,390000,-537543,-147543
2008/10/20,0,74000,-1096068,-1022068
2008/10/21,0,45000,-895000,-850000
2008/10/22,0,397000,-311367,85633
2008/10/23,0,117000,-298000,-181000
2008/10/24,0,141000,-315558,-174558
2008/10/27,0,29000,-262000,-233000
2008/10/28,0,417000,-661299,-244299
2008/10/29,0,366000,-661699,-295699
2008/10/30,0,289000,-145000,144000
2008/10/31,0,863000,-605000,258000
2008/11/03,0,676000,-250000,426000
2008/11/04,0,352000,-106000,246000
2008/11/05,0,319000,-188000,131000
2008/11/06,0,250000,-373000,-123000
2008/11/07,0,222000,-559000,-337000
2008/11/10,0,176000,-100000,76000
2008/11/11,0,88000,-80641,7359
2008/11/12,0,165000,-182000,-17000
2008/11/13,0,200000,-330000,-130000
2008/11/14,0,213000,-216000,-3000
2008/11/17,0,120000,-121000,-1000
2008/11/18,0,251000,-348000,-97000
2008/11/19,0,587000,-1072000,-485000
2008/11/20,0,634000,-1418524,-784524
2008/11/21,0,413000,-1678556,-1265556
2008/11/24,0,274000,-360749,-86749
2008/11/25,0,259000,-308784,-49784
2008/11/26,0,378000,-307452,70548
2008/11/27,0,74000,-20000,54000
2008/11/28,0,263000,-188410,74590
2008/12/01,0,352000,-190000,162000
2008/12/02,0,225000,-330000,-105000
2008/12/03,0,262000,-249000,13000
2008/12/04,0,483000,-813000,-330000
2008/12/05,0,362000,-476644,-114644
2008/12/08,0,523000,-411000,112000
2008/12/09,0,398697,-269635,129062
2008/12/10,0,358000,-180000,178000
2008/12/11,0,803655,-314000,489655
2008/12/12,0,172000,-408000,-236000
2008/12/15,0,405000,-248000,157000
2008/12/16,0,162000,-508000,-346000
2008/12/17,0,456000,-556279,-100279
2008/12/18,0,201000,-94000,107000
2008/12/19,0,204000,-248000,-44000
2008/12/22,0,57000,-222922,-165922
2008/12/23,0,32000,-364000,-332000
2008/12/24,0,102298,-359000,-256702
2008/12/25,0,18000,-91000,-73000
2008/12/26,0,9000,-31000,-22000
2008/12/29,0,23000,-153000,-130000
2008/12/30,0,253000,-162000,91000
2008/12/31,0,63000,-78000,-15000
2009/01/01,0,0,0,0
2009/01/02,0,0,0,0
2009/01/05,0,149000,-129000,20000
2009/01/06,0,157382,-95000,62382
2009/01/07,0,98148,-91000,7148
2009/01/08,0,2000,-606000,-604000
2009/01/09,0,52000,-170000,-118000
2009/01/12,0,114437,-432000,-317563
2009/01/13,0,98000,-207000,-109000
2009/01/14,0,19000,-191000,-172000
2009/01/15,0,406000,-956000,-550000
2009/01/16,0,27000,-252000,-225000
2009/01/19,0,4000,-30710,-26710
2009/01/20,0,400000,-525000,-125000
2009/01/21,0,298000,-329000,-31000
2009/01/22,0,0,0,0
2009/01/23,0,0,0,0
2009/01/26,0,0,0,0
2009/01/27,0,0,0,0
2009/01/28,0,0,0,0
2009/01/29,0,0,0,0
2009/01/30,0,0,0,0
2009/02/02,0,968496,-1157080,-188584
2009/02/03,0,215000,-205787,9213
2009/02/04,0,178000,-254000,-76000
2009/02/05,0,283000,-228000,55000
2009/02/06,0,327000,-173000,154000
2009/02/09,0,422000,-207000,215000
2009/02/10,0,209000,-174000,35000
2009/02/11,0,964199,-2021199,-1057000
2009/02/12,0,555000,-912000,-357000
2009/02/13,0,357000,-2039000,-1682000
2009/02/16,0,956000,-1546000,-590000
2009/02/17,0,780000,-3310929,-2530929
2009/02/18,0,483000,-949000,-466000
2009/02/19,0,794149,-1504395,-710246
2009/02/20,0,171000,-284000,-113000
2009/02/23,0,156000,-330000,-174000
2009/02/24,0,140000,-481540,-341540
2009/02/25,0,288000,-796460,-508460
2009/02/26,0,117000,-300730,-183730
2009/02/27,0,303000,-1994427,-1691427
2009/03/02,0,11000,-769646,-758646
2009/03/03,0,67000,-505000,-438000
2009/03/04,0,228000,-694949,-466949
2009/03/05,0,171000,-432000,-261000
2009/03/06,0,378000,-531000,-153000
2009/03/09,0,458000,-521000,-63000
2009/03/10,0,123000,-1836000,-1713000
2009/03/11,0,188628,-684000,-495372
2009/03/12,0,393000,-1553000,-1160000
2009/03/13,0,801000,-1531000,-730000
2009/03/16,0,196000,-1339000,-1143000
2009/03/17,0,377000,-879000,-502000
2009/03/18,0,503000,-990000,-487000
2009/03/19,0,46000,-1074000,-1028000
2009/03/20,0,345000,-647000,-302000
2009/03/23,0,427000,-2139000,-1712000
2009/03/24,0,220000,-2299799,-2079799
2009/03/25,0,833000,-2642200,-1809200
2009/03/26,0,502000,-2152424,-1650424
2009/03/27,0,366000,-629755,-263755
2009/03/30,0,105000,-297000,-192000
2009/03/31,0,426000,-82566,343434
2009/04/01,0,45000,-104000,-59000
2009/04/02,0,460000,-234000,226000
2009/04/03,0,88000,-220000,-132000
2009/04/06,0,107000,-40000,67000
2009/04/07,0,226000,-236000,-10000
2009/04/08,0,399000,-648000,-249000
2009/04/09,0,463000,-163000,300000
2009/04/10,0,333000,-41000,292000
2009/04/13,0,176000,-57000,119000
2009/04/14,0,224773,-134000,90773
2009/04/15,0,221000,-326000,-105000
2009/04/16,0,231000,-55000,176000
2009/04/17,0,348124,-127000,221124
2009/04/20,0,477000,-112000,365000
2009/04/21,0,449000,-294000,155000
2009/04/22,0,48000,-175000,-127000
2009/04/23,0,298000,-125000,173000
2009/04/24,0,368000,-137000,231000
2009/04/27,0,963000,-128000,835000
2009/04/28,0,171000,-111000,60000
2009/04/29,0,441000,-72000,369000
2009/04/30,0,1700081,-30000,1670081
2009/05/01,0,0,0,0
2009/05/04,0,503000,-12000,491000
2009/05/05,0,984472,-659472,325000
2009/05/06,0,278000,-401000,-123000
2009/05/07,0,381000,-530000,-149000
2009/05/08,0,332000,-393484,-61484
2009/05/11,0,116000,-379000,-263000
2009/05/12,0,220000,-568000,-348000
2009/05/13,0,130800,-404253,-273453
2009/05/14,0,194000,-299000,-105000
2009/05/15,0,139000,-423000,-284000
2009/05/18,0,235000,-988000,-753000
2009/05/19,0,406000,-94000,312000
2009/05/20,0,722000,-49000,673000
2009/05/21,0,416000,-457000,-41000
2009/05/22,0,467000,-380000,87000
2009/05/25,0,45000,-629866,-584866
2009/05/26,0,215000,-255000,-40000
2009/05/27,0,854865,-513500,341365
2009/05/28,0,0,0,0
2009/05/29,0,0,0,0
2009/06/01,0,471000,-315000,156000
2009/06/02,0,291000,-73000,218000
2009/06/03,0,822000,-1130482,-308482
2009/06/04,0,148000,-1666000,-1518000
2009/06/05,0,109811,-75000,34811
2009/06/08,0,15000,-270000,-255000
2009/06/09,0,305000,-1193334,-888334
2009/06/10,0,424000,-670340,-246340
2009/06/11,0,261000,-779000,-518000
2009/06/12,0,89000,-1158000,-1069000
2009/06/15,0,128000,-1221198,-1093198
2009/06/16,0,80000,-152630,-72630
2009/06/17,0,93000,-211000,-118000
2009/06/18,0,28000,-197000,-169000
2009/06/19,0,193000,-134003,58997
2009/06/22,0,232000,-104000,128000
2009/06/23,0,269100,-344000,-74900
2009/06/24,0,899000,-485441,413559
2009/06/25,0,162000,-454003,-292003
2009/06/26,0,56000,-50000,6000
2009/06/29,0,404000,-408000,-4000
2009/06/30,0,136000,-224732,-88732
2009/07/01,0,458112,-402000,56112
2009/07/02,0,48000,-448000,-400000
2009/07/03,0,618855,-361000,257855
2009/07/06,0,338000,-289000,49000
2009/07/07,0,266000,-148830,117170
2009/07/08,0,352000,-554347,-202347
2009/07/09,0,364000,-208000,156000
2009/07/10,0,75000,-191000,-116000
2009/07/13,0,435000,-470000,-35000
2009/07/14,0,937000,-946530,-9530
2009/07/15,0,211000,-297000,-86000
2009/07/16,0,428000,-442000,-14000
2009/07/17,0,220000,-479863,-259863
2009/07/20,0,280000,-550000,-270000
2009/07/21,0,241000,-348080,-107080
2009/07/22,0,149000,-358000,-209000
2009/07/23,0,147100,-404730,-257630
2009/07/24,0,33000,-336930,-303930
2009/07/27,0,194000,-2000,192000
2009/07/28,0,246000,-37000,209000
2009/07/29,0,149953,-116000,33953
2009/07/30,0,67000,-352000,-285000
2009/07/31,0,92100,-413000,-320900
2009/08/03,0,55000,-80000,-25000
2009/08/04,0,63000,-311000,-248000
2009/08/05,0,664000,-497000,167000
2009/08/06,0,625000,-459547,165453
2009/08/07,0,0,0,0
2009/08/10,0,559000,-212815,346185
2009/08/11,0,217000,-36000,181000
2009/08/12,0,39000,-122000,-83000
2009/08/13,0,448000,-161000,287000
2009/08/14,0,740000,-107000,633000
2009/08/17,0,1187000,-237000,950000
2009/08/18,0,1026000,-162000,864000
2009/08/19,0,267000,-126000,141000
2009/08/20,0,46000,-90200,-44200
2009/08/21,0,557000,-354060,202940
2009/08/24,0,225000,-16000,209000
2009/08/25,0,599000,-86000,513000
2009/08/26,0,3273000,-149955,3123045
2009/08/27,0,1381000,-138000,1243000
2009/08/28,0,1047000,-20000,1027000
2009/08/31,0,224200,-568859,-344659
2009/09/01,0,118000,-24639,93361
2009/09/02,0,231000,-348000,-117000
2009/09/03,0,544000,-88000,456000
2009/09/04,0,257000,-209000,48000
2009/09/07,0,569000,-121000,448000
2009/09/08,0,711000,-127000,584000
2009/09/09,0,270000,-66683,203317
2009/09/10,0,1145000,-153354,991646
2009/09/11,0,110000,-17119,92881
2009/09/14,0,381000,-99000,282000
2009/09/15,0,917000,-1000,916000
2009/09/16,0,787000,-38000,749000
2009/09/17,0,970000,-94070,875930
2009/09/18,0,731000,-184919,546081
2009/09/21,0,530000,-132000,398000
2009/09/22,0,460000,-220000,240000
2009/09/23,0,919000,-172000,747000
2009/09/24,0,288000,-240000,48000
2009/09/25,0,1136000,-188090,947910
2009/09/28,0,263000,-20000,243000
2009/09/29,0,1130000,-19000,1111000
2009/09/30,0,724000,-33000,691000
2009/10/01,0,607000,-96000,511000
2009/10/02,0,447000,-211000,236000
2009/10/05,0,168008,-190097,-22089
2009/10/06,0,366000,-68000,298000
2009/10/07,0,207000,-8060,198940
2009/10/08,0,459000,-77686,381314
2009/10/09,0,366000,-26250,339750
2009/10/12,0,150000,-96001,53999
2009/10/13,0,273870,-218372,55498
2009/10/14,0,262000,-13000,249000
2009/10/15,0,784000,-13000,771000
2009/10/16,0,341000,-57000,284000
2009/10/19,0,253000,-154237,98763
2009/10/20,0,268524,-37000,231524
2009/10/21,0,430000,-154000,276000
2009/10/22,0,232409,-316000,-83591
2009/10/23,0,205000,-29000,176000
2009/10/26,0,826000,-7030,818970
2009/10/27,0,1169000,-121888,1047112
2009/10/28,0,314000,-211000,103000
2009/10/29,0,514000,-355000,159000
2009/10/30,0,425000,-351000,74000
2009/11/02,0,79000,-238135,-159135
2009/11/03,0,69000,-246000,-177000
2009/11/04,0,202000,-78906,123094
2009/11/05,0,370000,-132000,238000
2009/11/06,0,418000,-20000,398000
2009/11/09,0,694000,-17000,677000
2009/11/10,0,780000,-68507,711493
2009/11/11,0,1040000,-485873,554127
2009/11/12,0,288000,-25000,263000
2009/11/13,0,207000,-34000,173000
2009/11/16,0,741000,-88000,653000
2009/11/17,0,1522000,-133000,1389000
2009/11/18,0,633000,-210409,422591
2009/11/19,0,906000,-77000,829000
2009/11/20,0,335000,-172000,163000
2009/11/23,0,197000,-112000,85000
2009/11/24,0,589000,-4000,585000
2009/11/25,0,305000,-155000,150000
2009/11/26,0,234000,-44139,189861
2009/11/27,0,500000,-578000,-78000
2009/11/30,0,608403,-440379,168024
2009/12/01,0,583000,-239000,344000
2009/12/02,0,484000,-86000,398000
2009/12/03,0,382153,-64177,317976
2009/12/04,0,172865,-117000,55865
2009/12/07,0,459000,-15000,444000
2009/12/08,0,150000,-210000,-60000
2009/12/09,0,142000,-158960,-16960
2009/12/10,0,441000,-474839,-33839
2009/12/11,0,423000,-203880,219120
2009/12/14,0,568000,-23000,545000
2009/12/15,0,393000,-259000,134000
2009/12/16,0,0,-45000,-45000
2009/12/17,0,1453000,-230000,1223000
2009/12/18,0,386291,-542000,-155709
2009/12/21,0,341000,-1070000,-729000
2009/12/22,0,473000,-636000,-163000
2009/12/23,0,287000,-365503,-78503
2009/12/24,0,304000,-465000,-161000
2009/12/25,0,83000,-63000,20000
2009/12/28,0,282000,-1471000,-1189000
2009/12/29,0,123000,-40000,83000
2009/12/30,0,362000,-159000,203000
2009/12/31,0,233000,-444000,-211000
2010/01/01,0,0,0,0
2010/01/04,0,740000,-182000,558000
2010/01/05,0,301000,-264000,37000
2010/01/06,0,90000,-223000,-133000
2010/01/07,0,831000,-233736,597264
2010/01/08,0,166230,-106000,60230
2010/01/11,0,183000,-149000,34000
2010/01/12,0,123000,-478000,-355000
2010/01/13,0,73000,-306000,-233000
2010/01/14,0,288000,-444547,-156547
2010/01/15,0,90000,-505000,-415000
2010/01/18,0,110003,-212000,-101997
2010/01/19,0,40000,-302150,-262150
2010/01/20,0,88000,-281000,-193000
2010/01/21,0,108000,-41000,67000
2010/01/22,0,56000,-231000,-175000
2010/01/25,0,164420,-340000,-175580
2010/01/26,0,825000,-741000,84000
2010/01/27,0,239000,-328060,-89060
2010/01/28,0,175851,-195000,-19149
2010/01/29,0,204109,-300110,-96001
2010/02/01,0,144000,-267400,-123400
2010/02/02,0,24000,-282750,-258750
2010/02/03,0,157140,-106000,51140
2010/02/04,0,25000,-313000,-288000
2010/02/05,0,587000,-567950,19050
2010/02/08,0,485000,-463033,21967
2010/02/09,0,490000,-402000,88000
2010/02/10,0,402000,-379000,23000
2010/02/11,0,0,0,0
2010/02/12,0,0,0,0
2010/02/15,0,0,0,0
2010/02/16,0,0,0,0
2010/02/17,0,0,0,0
2010/02/18,0,0,0,0
2010/02/19,0,0,0,0
2010/02/22,0,368000,-185000,183000
2010/02/23,0,302000,-299049,2951
2010/02/24,0,544000,-327000,217000
2010/02/25,0,737000,-540000,197000
2010/02/26,0,199893,-55000,144893
2010/03/01,0,664000,-277000,387000
2010/03/02,0,455000,-216000,239000
2010/03/03,0,216000,-138000,78000
2010/03/04,0,93000,-387000,-294000
2010/03/05,0,209000,-519000,-310000
2010/03/08,0,185000,-828000,-643000
2010/03/09,0,206830,-1415000,-1208170
2010/03/10,0,334603,-1186707,-852104
2010/03/11,0,69000,-164000,-95000
2010/03/12,0,171000,-205000,-34000
2010/03/15,0,15000,-334000,-319000
2010/03/16,0,3000,-54000,-51000
2010/03/17,0,906330,-148330,758000
2010/03/18,0,377000,-192000,185000
2010/03/19,0,154000,-50000,104000
2010/03/22,0,166330,-293130,-126800
2010/03/23,0,41000,-29000,12000
2010/03/24,0,85312,-16000,69312
2010/03/25,0,147000,-94000,53000
2010/03/26,0,807000,-467000,340000
2010/03/29,0,243000,-809000,-566000
2010/03/30,0,265080,-773000,-507920
2010/03/31,0,128000,-427820,-299820
2010/04/01,0,956000,-1097850,-141850
2010/04/02,0,351000,-14000,337000
2010/04/05,0,0,0,0
2010/04/06,0,243060,-23000,220060
2010/04/07,0,589730,-84000,505730
2010/04/08,0,194000,-119000,75000
2010/04/09,0,316000,-120320,195680
2010/04/12,0,111800,-172000,-60200
2010/04/13,0,38000,-79000,-41000
2010/04/14,0,322000,-32660,289340
2010/04/15,0,129000,-34000,95000
2010/04/16,0,511510,-540000,-28490
2010/04/19,0,485000,-520621,-35621
2010/04/20,0,84000,-297000,-213000
2010/04/21,0,651000,-483000,168000
2010/04/22,0,296000,-454610,-158610
2010/04/23,0,144000,-161000,-17000
2010/04/26,0,533000,-11000,522000
2010/04/27,0,410011,-323011,87000
2010/04/28,0,17000,-186360,-169360
2010/04/29,0,16000,-160000,-144000
2010/04/30,0,399000,-123045,275955
2010/05/03,0,67000,-256238,-189238
2010/05/04,0,55000,-564699,-509699
2010/05/05,0,559420,-1046480,-487060
2010/05/06,0,440665,-690000,-249335
2010/05/07,0,71000,-344360,-273360
2010/05/10,0,22770,-178930,-156160
2010/05/11,0,109000,-388000,-279000
2010/05/12,0,6000,-158000,-152000
2010/05/13,0,162000,-18000,144000
2010/05/14,0,41000,-24000,17000
2010/05/17,0,67000,-488000,-421000
2010/05/18,0,100000,-47000,53000
2010/05/19,0,132000,-155000,-23000
2010/05/20,0,78000,-178000,-100000
2010/05/21,0,79000,-333970,-254970
2010/05/24,0,118000,-90000,28000
2010/05/25,0,151000,-703000,-552000
2010/05/26,0,337000,-812320,-475320
2010/05/27,0,104000,-243573,-139573
2010/05/28,0,301000,-452000,-151000
2010/05/31,0,120000,-154000,-34000
2010/06/01,0,41000,-334250,-293250
2010/06/02,0,155000,-178000,-23000
2010/06/03,0,440000,-37000,403000
2010/06/04,0,171000,-28000,143000
2010/06/07,0,49000,-330938,-281938
2010/06/08,0,62000,-118000,-56000
2010/06/09,0,87000,-381000,-294000
2010/06/10,0,80000,-42000,38000
2010/06/11,0,345804,-37100,308704
2010/06/14,0,248332,-7000,241332
2010/06/15,0,325663,-46620,279043
2010/06/16,0,0,0,0
2010/06/17,0,531129,-34000,497129
2010/06/18,0,342666,-148710,193956
2010/06/21,0,578012,-359463,218549
2010/06/22,0,669154,-128930,540224
2010/06/23,0,1039432,-97783,941649
2010/06/24,0,913600,-59930,853670
2010/06/25,0,1116174,-277000,839174
2010/06/28,0,676000,-563400,112600
2010/06/29,0,273000,-288600,-15600
2010/06/30,0,259905,-460639,-200734
2010/07/01,0,18000,-345710,-327710
2010/07/02,0,30000,-167590,-137590
2010/07/05,0,26569,-149000,-122431
2010/07/06,0,353000,-120000,233000
2010/07/07,0,223564,-93000,130564
2010/07/08,0,161000,-110000,51000
2010/07/09,0,142125,-86000,56125
2010/07/12,0,351000,-145704,205296
2010/07/13,0,177000,-213000,-36000
2010/07/14,0,384740,-109777,274963
2010/07/15,0,437000,-42000,395000
2010/07/16,0,403230,-71000,332230
2010/07/19,0,123000,-56000,67000
2010/07/20,0,233000,-19000,214000
2010/07/21,0,486000,-316000,170000
2010/07/22,0,233000,-598000,-365000
2010/07/23,0,522000,-39000,483000
2010/07/26,0,299280,-40000,259280
2010/07/27,0,92608,-38000,54608
2010/07/28,0,450000,-251000,199000
2010/07/29,0,585144,-374409,210735
2010/07/30,0,46191,-158000,-111809
2010/08/02,0,392000,-82000,310000
2010/08/03,0,510000,-134000,376000
2010/08/04,0,372000,-25000,347000
2010/08/05,0,335000,-103603,231397
2010/08/06,0,593000,-121000,472000
2010/08/09,0,265000,-67000,198000
2010/08/10,0,196000,-206000,-10000
2010/08/11,0,243000,-56348,186652
2010/08/12,0,122000,-216000,-94000
2010/08/13,0,83811,-192000,-108189
2010/08/16,0,125100,-324000,-198900
2010/08/17,0,58000,-59000,-1000
2010/08/18,0,167000,-188000,-21000
2010/08/19,0,455000,-161000,294000
2010/08/20,0,62000,-35000,27000
2010/08/23,0,227000,-47000,180000
2010/08/24,0,266000,-153000,113000
2010/08/25,0,267000,-491000,-224000
2010/08/26,0,349000,-232000,117000
2010/08/27,0,243000,-194374,48626
2010/08/30,0,246328,-110000,136328
2010/08/31,0,484000,-110312,373688
2010/09/01,0,125000,-151000,-26000
2010/09/02,0,678000,-353256,324744
2010/09/03,0,597915,-99000,498915
2010/09/06,0,410000,0,410000
2010/09/07,0,283880,-10585,273295
2010/09/08,0,427390,-29104,398286
2010/09/09,0,437000,-13000,424000
2010/09/10,0,306470,-14000,292470
2010/09/13,0,740000,-25224,714776
2010/09/14,0,574637,-32000,542637
2010/09/15,0,486721,-45000,441721
2010/09/16,0,1132000,-164000,968000
2010/09/17,0,610000,-110000,500000
2010/09/20,0,68000,-21000,47000
2010/09/21,0,159000,-22000,137000
2010/09/22,0,0,0,0
2010/09/23,0,201000,-102869,98131
2010/09/24,0,382660,-474000,-91340
2010/09/27,0,643100,-324884,318216
2010/09/28,0,182600,-52000,130600
2010/09/29,0,297000,-212000,85000
2010/09/30,0,173000,-196000,-23000
2010/10/01,0,162100,-131000,31100
2010/10/04,0,90980,-91000,-20
2010/10/05,0,110070,-238750,-128680
2010/10/06,0,297870,-210000,87870
2010/10/07,0,262940,-222000,40940
2010/10/08,0,172820,-7000,165820
2010/10/11,0,185250,-46000,139250
2010/10/12,0,114410,-147000,-32590
2010/10/13,0,87100,-83000,4100
2010/10/14,0,411470,-96000,315470
2010/10/15,0,110210,-34000,76210
2010/10/18,0,184000,-177000,7000
2010/10/19,0,182000,-220000,-38000
2010/10/20,0,131000,-227345,-96345
2010/10/21,0,236000,-173000,63000
2010/10/22,0,491000,-106000,385000
2010/10/25,0,813000,-155000,658000
2010/10/26,0,549000,-134141,414859
2010/10/27,0,118160,-26000,92160
2010/10/28,0,408839,-122000,286839
2010/10/29,0,358000,-178000,180000
2010/11/01,0,379000,-43000,336000
2010/11/02,0,207000,-5000,202000
2010/11/03,0,345000,-137000,208000
2010/11/04,0,161000,-24000,137000
2010/11/05,0,156000,-3441,152559
2010/11/08,0,134000,-143000,-9000
2010/11/09,0,48000,-29000,19000
2010/11/10,0,121000,-92390,28610
2010/11/11,0,124000,-146760,-22760
2010/11/12,0,193000,-205000,-12000
2010/11/15,0,47320,-74319,-26999
2010/11/16,0,167000,-205000,-38000
2010/11/17,0,403000,-388000,15000
2010/11/18,0,32000,-246580,-214580
2010/11/19,0,297580,-399000,-101420
2010/11/22,0,277230,-418000,-140770
2010/11/23,0,570110,-908000,-337890
2010/11/24,0,408000,-363000,45000
2010/11/25,0,249000,-203000,46000
2010/11/26,0,470000,-334000,136000
2010/11/29,0,278000,-278689,-689
2010/11/30,0,681677,-920177,-238500
2010/12/01,0,252000,-167200,84800
2010/12/02,0,156000,-201586,-45586
2010/12/03,0,69000,-98000,-29000
2010/12/06,0,1070000,-696000,374000
2010/12/07,0,319910,-568655,-248745
2010/12/08,0,675000,-431000,244000
2010/12/09,0,765000,-699000,66000
2010/12/10,0,642000,-404000,238000
2010/12/13,0,122000,-155000,-33000
2010/12/14,0,103000,-144000,-41000
2010/12/15,0,226000,-401000,-175000
2010/12/16,0,439000,-377000,62000
2010/12/17,0,92000,-161000,-69000
2010/12/20,0,418030,-399216,18814
2010/12/21,0,373000,-280680,92320
2010/12/22,0,500000,-266990,233010
2010/12/23,0,19000,-53000,-34000
2010/12/24,0,61000,-54000,7000
2010/12/27,0,161000,-110000,51000
2010/12/28,0,102000,-36000,66000
2010/12/29,0,158200,-24000,134200
2010/12/30,0,249000,-199000,50000
2010/12/31,0,86000,-37320,48680
2011/01/03,0,142000,0,142000
2011/01/04,0,82000,-16000,66000
2011/01/05,0,99135,-138840,-39705
2011/01/06,0,261000,-200000,61000
2011/01/07,0,93000,-238000,-145000
2011/01/10,0,96000,-172000,-76000
2011/01/11,0,328000,-132000,196000
2011/01/12,0,142000,-52000,90000
2011/01/13,0,56743,-100000,-43257
2011/01/14,0,100000,-115000,-15000
2011/01/17,0,172227,-316000,-143773
2011/01/18,0,467000,-525050,-58050
2011/01/19,0,468000,-160000,308000
2011/01/20,0,495000,-141100,353900
2011/01/21,0,309000,-189000,120000
2011/01/24,0,137000,-125000,12000
2011/01/25,0,355000,-205000,150000
2011/01/26,0,493000,-245943,247057
2011/01/27,0,499000,-187470,311530
2011/01/28,0,1110500,-401000,709500
2011/01/31,0,0,0,0
2011/02/01,0,0,0,0
2011/02/02,0,0,0,0
2011/02/03,0,0,0,0
2011/02/04,0,0,0,0
2011/02/07,0,0,0,0
2011/02/08,0,260000,-516000,-256000
2011/02/09,0,616000,-854180,-238180
2011/02/10,0,118000,-372398,-254398
2011/02/11,0,249000,-700000,-451000
2011/02/14,0,439000,-1052670,-613670
2011/02/15,0,282000,-870168,-588168
2011/02/16,0,152000,-450000,-298000
2011/02/17,0,138000,-408380,-270380
2011/02/18,0,128000,-6000,122000
2011/02/21,0,106000,-221000,-115000
2011/02/22,0,245000,-1045000,-800000
2011/02/23,0,352252,-526470,-174218
2011/02/24,0,291000,-171000,120000
2011/02/25,0,160000,-511565,-351565
2011/02/28,0,0,0,0
2011/03/01,0,136000,-162000,-26000
2011/03/02,0,92000,-536000,-444000
2011/03/03,0,188000,-93000,95000
2011/03/04,0,132000,-85000,47000
2011/03/07,0,70000,-26000,44000
2011/03/08,0,243000,-130000,113000
2011/03/09,0,361000,-221680,139320
2011/03/10,0,390000,-152100,237900
2011/03/11,0,28000,-165870,-137870
2011/03/14,0,146000,-625000,-479000
2011/03/15,0,141000,-324680,-183680
2011/03/16,0,256000,-194040,61960
2011/03/17,0,162000,-127530,34470
2011/03/18,0,77000,-229744,-152744
2011/03/21,0,89000,-138781,-49781
2011/03/22,0,288000,-304600,-16600
2011/03/23,0,88000,-98000,-10000
2011/03/24,0,172000,-21000,151000
2011/03/25,0,347000,-3000,344000
2011/03/28,0,121000,-27000,94000
2011/03/29,0,192000,-24047,167953
2011/03/30,0,453000,-29565,423435
2011/03/31,0,221000,-149476,71524
2011/04/01,0,145000,-326000,-181000
2011/04/04,0,0,0,0
2011/04/05,0,0,0,0
2011/04/06,0,601792,-109767,492025
2011/04/07,0,275045,-185045,90000
2011/04/08,0,634949,-39000,595949
2011/04/11,0,349000,-411000,-62000
2011/04/12,0,86638,-179000,-92362
2011/04/13,0,751000,-610000,141000
2011/04/14,0,510000,-256000,254000
2011/04/15,0,558000,-246000,312000
2011/04/18,0,497000,-271433,225567
2011/04/19,0,117000,-612000,-495000
2011/04/20,0,374000,-73895,300105
2011/04/21,0,834000,-108000,726000
2011/04/22,0,146000,-71000,75000
2011/04/25,0,502000,-77000,425000
2011/04/26,0,643000,-523987,119013
2011/04/27,0,286000,-134000,152000
2011/04/28,0,222979,-148000,74979
2011/04/29,0,358000,-446000,-88000
2011/05/02,0,0,0,0
2011/05/03,0,1082000,-994000,88000
2011/05/04,0,830000,-1151141,-321141
2011/05/05,0,286000,-234249,51751
2011/05/06,0,55000,-136000,-81000
2011/05/09,0,426000,-91000,335000
2011/05/10,0,51000,-88000,-37000
2011/05/11,0,120000,-164470,-44470
2011/05/12,0,43000,-80000,-37000
2011/05/13,0,50000,-161000,-111000
2011/05/16,0,56000,-137004,-81004
2011/05/17,0,520000,-136000,384000
2011/05/18,0,418000,-171722,246278
2011/05/19,0,388000,-248475,139525
2011/05/20,0,648000,-108400,539600
2011/05/23,0,115000,-359000,-244000
2011/05/24,0,51000,-52619,-1619
2011/05/25,0,329000,-472594,-143594
2011/05/26,0,104700,-94540,10160
2011/05/27,0,630000,-798000,-168000
2011/05/30,0,256000,-1031000,-775000
2011/05/31,0,921609,-1743938,-822329
2011/06/01,0,682302,-404873,277429
2011/06/02,0,570000,-99000,471000
2011/06/03,0,262000,-125709,136291
2011/06/06,0,0,0,0
2011/06/07,0,190000,-130000,60000
2011/06/08,0,96000,-123000,-27000
2011/06/09,0,299000,-221253,77747
2011/06/10,0,219064,-377000,-157936
2011/06/13,0,143209,-182422,-39213
2011/06/14,0,230000,-347554,-117554
2011/06/15,0,873000,-717296,155704
2011/06/16,0,403245,-391000,12245
2011/06/17,0,419000,-244000,175000
2011/06/20,0,326000,-119391,206609
2011/06/21,0,375000,-336387,38613
2011/06/22,0,137000,-268000,-131000
2011/06/23,0,123232,-107106,16126
2011/06/24,0,325000,-143616,181384
2011/06/27,0,188000,-241749,-53749
2011/06/28,0,232000,-282565,-50565
2011/06/29,0,663000,-607000,56000
2011/06/30,0,360500,-460000,-99500
2011/07/01,0,207529,-62010,145519
2011/07/04,0,50477,-708940,-658463
2011/07/05,0,193852,-449000,-255148
2011/07/06,0,524000,-962000,-438000
2011/07/07,0,428000,-406000,22000
2011/07/08,0,1336000,-978329,357671
2011/07/11,0,388000,-554000,-166000
2011/07/12,0,173186,-381100,-207914
2011/07/13,0,344000,-343000,1000
2011/07/14,0,632000,-653900,-21900
2011/07/15,0,1837520,-1703001,134519
2011/07/18,0,162000,-650656,-488656
2011/07/19,0,100000,-431400,-331400
2011/07/20,0,435430,-734751,-299321
2011/07/21,0,373705,-756000,-382295
2011/07/22,0,1132000,-1090000,42000
2011/07/25,0,55913,-152000,-96087
2011/07/26,0,210889,-226000,-15111
2011/07/27,0,542000,-602000,-60000
2011/07/28,0,893000,-406000,487000
2011/07/29,0,256208,-231087,25121
2011/08/01,0,558551,-149000,409551
2011/08/02,0,295000,-242000,53000
2011/08/03,0,395001,-843666,-448665
2011/08/04,0,693000,-639000,54000
2011/08/05,0,841000,-690373,150627
2011/08/08,0,646000,-1628948,-982948
2011/08/09,0,649000,-1991220,-1342220
2011/08/10,0,1205000,-1760034,-555034
2011/08/11,0,1047000,-868000,179000
2011/08/12,0,964000,-890792,73208
2011/08/15,0,403382,-220000,183382
2011/08/16,0,390000,-459300,-69300
2011/08/17,0,465000,-291230,173770
2011/08/18,0,969062,-1473802,-504740
2011/08/19,0,982000,-777500,204500
2011/08/22,0,873000,-888399,-15399
2011/08/23,0,303000,-724519,-421519
2011/08/24,0,194000,-1272501,-1078501
2011/08/25,0,551000,-1695288,-1144288
2011/08/26,0,417000,-704500,-287500
2011/08/29,0,295000,-603100,-308100
2011/08/30,0,211000,-664600,-453600
2011/08/31,0,201224,-148009,53215
2011/09/01,0,1278000,-381147,896853
2011/09/02,0,109000,-301000,-192000
2011/09/05,0,78000,-1293843,-1215843
2011/09/06,0,576000,-566760,9240
2011/09/07,0,395000,-66500,328500
2011/09/08,0,418900,-348400,70500
2011/09/09,0,401500,-431700,-30200
2011/09/12,0,0,0,0
2011/09/13,0,484000,-566500,-82500
2011/09/14,0,1367000,-1400787,-33787
2011/09/15,0,501000,-204281,296719
2011/09/16,0,879000,-265000,614000
2011/09/19,0,149000,-129600,19400
2011/09/20,0,472773,-488146,-15373
2011/09/21,0,575000,-260000,315000
2011/09/22,0,511451,-824600,-313149
2011/09/23,0,420000,-928594,-508594
2011/09/26,0,443000,-371590,71410
2011/09/27,0,375000,-150000,225000
2011/09/28,0,667685,-196000,471685
2011/09/29,0,391000,-45000,346000
2011/09/30,0,406000,-282401,123599
2011/10/03,0,176000,-373900,-197900
2011/10/04,0,262000,-113000,149000
2011/10/05,0,601000,-202000,399000
2011/10/06,0,941000,-578000,363000
2011/10/07,0,996000,-784838,211162
2011/10/10,0,0,0,0
2011/10/11,0,1977000,-1839955,137045
2011/10/12,0,306000,-364000,-58000
2011/10/13,0,525000,-978550,-453550
2011/10/14,0,451000,-319000,132000
2011/10/17,0,403000,-410775,-7775
2011/10/18,0,126700,-273375,-146675
2011/10/19,0,145300,-197299,-51999
2011/10/20,0,228000,-222000,6000
2011/10/21,0,140000,-109000,31000
2011/10/24,0,453000,-127000,326000
2011/10/25,0,162000,-132000,30000
2011/10/26,0,131000,-128000,3000
2011/10/27,0,65360,-73000,-7640
2011/10/28,0,671000,-609500,61500
2011/10/31,0,253000,-96000,157000
2011/11/01,0,351000,-71000,280000
2011/11/02,0,254000,-168000,86000
2011/11/03,0,224000,-223700,300
2011/11/04,0,389000,-324500,64500
2011/11/07,0,368000,-251000,117000
2011/11/08,0,209144,-114000,95144
2011/11/09,0,290000,-145000,145000
2011/11/10,0,152000,-242000,-90000
2011/11/11,0,229000,-141500,87500
2011/11/14,0,175000,-87993,87007
2011/11/15,0,183000,-140700,42300
2011/11/16,0,557000,-624700,-67700
2011/11/17,0,172000,-174454,-2454
2011/11/18,0,310000,-395000,-85000
2011/11/21,0,449000,-505000,-56000
2011/11/22,0,304000,-200599,103401
2011/11/23,0,404000,-421800,-17800
2011/11/24,0,615000,-440000,175000
2011/11/25,0,443000,-228000,215000
2011/11/28,0,491536,-274000,217536
2011/11/29,0,614000,-286499,327501
2011/11/30,0,615000,-552000,63000
2011/12/01,0,1000000,-310052,689948
2011/12/02,0,544000,-603000,-59000
2011/12/05,0,126000,-18000,108000
2011/12/06,0,112000,-76100,35900
2011/12/07,0,410000,-460431,-50431
2011/12/08,0,177000,-306000,-129000
2011/12/09,0,142000,-427000,-285000
2011/12/12,0,76000,-128000,-52000
2011/12/13,0,69000,-112706,-43706
2011/12/14,0,247000,-74000,173000
2011/12/15,0,78000,-547000,-469000
2011/12/16,0,132000,-103000,29000
2011/12/19,0,203000,-192006,10994
2011/12/20,0,191000,-212600,-21600
2011/12/21,0,307000,-415400,-108400
2011/12/22,0,184000,-422575,-238575
2011/12/23,0,918000,-832000,86000
2011/12/26,0,64000,-96000,-32000
2011/12/27,0,397000,-340000,57000
2011/12/28,0,365200,-432200,-67000
2011/12/29,0,263000,-273101,-10101
2011/12/30,0,135001,-130000,5001
2012/01/02,0,5780,-72000,-66220
2012/01/03,0,180000,-29000,151000
2012/01/04,0,155000,-479700,-324700
2012/01/05,0,388000,-431900,-43900
2012/01/06,0,134000,-190000,-56000
2012/01/09,0,126000,-267000,-141000
2012/01/10,0,364000,-97000,267000
2012/01/11,0,299000,-114000,185000
2012/01/12,0,269000,-25000,244000
2012/01/13,0,377000,-89000,288000
2012/01/16,0,173000,-130001,42999
2012/01/17,0,285000,-54000,231000
2012/01/18,0,414000,-219400,194600
2012/01/19,0,0,0,0
2012/01/20,0,0,0,0
2012/01/23,0,0,0,0
2012/01/24,0,0,0,0
2012/01/25,0,0,0,0
2012/01/26,0,0,0,0
2012/01/27,0,0,0,0
2012/01/30,0,1179550,-364100,815450
2012/01/31,0,727000,-172662,554338
2012/02/01,0,364000,-161000,203000
2012/02/02,0,359000,-214300,144700
2012/02/03,0,284000,-245000,39000
2012/02/06,0,617000,-325000,292000
2012/02/07,0,884169,-219000,665169
2012/02/08,0,575000,-404093,170907
2012/02/09,0,463000,-271767,191233
2012/02/10,0,831000,-231000,600000
2012/02/13,0,571000,-191000,380000
2012/02/14,0,347000,-127000,220000
2012/02/15,0,520000,-45000,475000
2012/02/16,0,349000,-103000,246000
2012/02/17,0,771000,-275000,496000
2012/02/20,0,265000,-166000,99000
2012/02/21,0,514000,-93000,421000
2012/02/22,0,507000,-120000,387000
2012/02/23,0,569000,-270800,298200
2012/02/24,0,316000,-161000,155000
2012/02/27,0,0,0,0
2012/02/28,0,0,0,0
2012/02/29,0,1456000,-356155,1099845
2012/03/01,0,710170,-314000,396170
2012/03/02,0,444114,-216000,228114
2012/03/05,0,334000,-292001,41999
2012/03/06,0,349000,-532000,-183000
2012/03/07,0,413000,-692000,-279000
2012/03/08,0,565000,-539000,26000
2012/03/09,0,302000,-546000,-244000
2012/03/12,0,320000,-292000,28000
2012/03/13,0,449000,-502302,-53302
2012/03/14,0,493600,-429073,64527
2012/03/15,0,270000,-247000,23000
2012/03/16,0,441000,-298000,143000
2012/03/19,0,1059000,-1010000,49000
2012/03/20,0,498000,-453000,45000
2012/03/21,0,382000,-344000,38000
2012/03/22,0,424000,-342000,82000
2012/03/23,0,256000,-207000,49000
2012/03/26,0,350000,-383000,-33000
2012/03/27,0,700000,-195000,505000
2012/03/28,0,613000,-232500,380500
2012/03/29,0,657000,-278000,379000
2012/03/30,0,1012000,-316001,695999
2012/04/02,0,185000,-214980,-29980
2012/04/03,0,452712,-277000,175712
2012/04/04,0,0,0,0
2012/04/05,0,511000,-369560,141440
2012/04/06,0,49000,-355363,-306363
2012/04/09,0,154000,-188000,-34000
2012/04/10,0,911000,-463000,448000
2012/04/11,0,175000,-296670,-121670
2012/04/12,0,321000,-433600,-112600
2012/04/13,0,484490,-176000,308490
2012/04/16,0,683000,-173000,510000
2012/04/17,0,356000,-287600,68400
2012/04/18,0,219000,-154900,64100
2012/04/19,0,793000,-124000,669000
2012/04/20,0,1135000,-189658,945342
2012/04/23,0,327000,-141000,186000
2012/04/24,0,272960,-119000,153960
2012/04/25,0,643000,-66001,576999
2012/04/26,0,185000,-112000,73000
2012/04/27,0,393000,-197000,196000
2012/04/30,0,399000,-79318,319682
2012/05/01,0,0,0,0
2012/05/02,0,935000,-86437,848563
2012/05/03,0,361000,-336000,25000
2012/05/04,0,459000,-53000,406000
2012/05/07,0,282000,-382000,-100000
2012/05/08,0,57000,-124000,-67000
2012/05/09,0,187000,-316000,-129000
2012/05/10,0,160000,-129081,30919
2012/05/11,0,649000,-521000,128000
2012/05/14,0,176000,-125000,51000
2012/05/15,0,332000,-284000,48000
2012/05/16,0,680000,-498000,182000
2012/05/17,0,933000,-490900,442100
2012/05/18,0,423000,-300000,123000
2012/05/21,0,150000,-104000,46000
2012/05/22,0,339000,-243000,96000
2012/05/23,0,664871,-622000,42871
2012/05/24,0,293000,-246001,46999
2012/05/25,0,238000,-298700,-60700
2012/05/28,0,127000,-195000,-68000
2012/05/29,0,292000,-248000,44000
2012/05/30,0,943000,-861157,81843
2012/05/31,0,842937,-680861,162076
2012/06/01,0,227000,-437773,-210773
2012/06/04,0,223781,-305400,-81619
2012/06/05,0,60000,-213000,-153000
2012/06/06,0,283000,-515444,-232444
2012/06/07,0,440655,-383270,57385
2012/06/08,0,80780,-393000,-312220
2012/06/11,0,196000,-391000,-195000
2012/06/12,0,189000,-302000,-113000
2012/06/13,0,110000,-299510,-189510
2012/06/14,0,396000,-435712,-39712
2012/06/15,0,1885000,-2019580,-134580
2012/06/18,0,513000,-695000,-182000
2012/06/19,0,693000,-544000,149000
2012/06/20,0,655000,-442000,213000
2012/06/21,0,248970,-154000,94970
2012/06/22,0,230000,-461000,-231000
2012/06/25,0,184000,-470000,-286000
2012/06/26,0,296000,-167600,128400
2012/06/27,0,129000,-165000,-36000
2012/06/28,0,175000,-293900,-118900
2012/06/29,0,284000,-256000,28000
2012/07/02,0,89000,-133000,-44000
2012/07/03,0,347000,-225000,122000
2012/07/04,0,444000,-249761,194239
2012/07/05,0,310000,-113000,197000
2012/07/06,0,561000,-214000,347000
2012/07/09,0,357000,-184000,173000
2012/07/10,0,722144,-203000,519144
2012/07/11,0,180000,-151000,29000
2012/07/12,0,192000,-237980,-45980
2012/07/13,0,892000,-287000,605000
2012/07/16,0,1517000,-283000,1234000
2012/07/17,0,872237,-547000,325237
2012/07/18,0,345000,-284402,60598
2012/07/19,0,345000,-205000,140000
2012/07/20,0,187000,-128600,58400
2012/07/23,0,493000,-368000,125000
2012/07/24,0,178000,-162444,15556
2012/07/25,0,294000,-387000,-93000
2012/07/26,0,146000,-228439,-82439
2012/07/27,0,343000,-182000,161000
2012/07/30,0,373866,-135000,238866
2012/07/31,0,358000,-212200,145800
2012/08/01,0,523000,-208000,315000
2012/08/02,0,0,0,0
2012/08/03,0,1694870,-1407556,287314
2012/08/06,0,366000,-150000,216000
2012/08/07,0,303000,-42000,261000
2012/08/08,0,563236,-145000,418236
2012/08/09,0,575000,-100000,475000
2012/08/10,0,519000,-57500,461500
2012/08/13,0,195000,-50440,144560
2012/08/14,0,370000,-119000,251000
2012/08/15,0,245000,-28000,217000
2012/08/16,0,325000,-70000,255000
2012/08/17,0,494000,-193103,300897
2012/08/20,0,220000,-69000,151000
2012/08/21,0,426643,-117000,309643
2012/08/22,0,258622,-256000,2622
2012/08/23,0,155174,-53000,102174
2012/08/24,0,61000,-41000,20000
2012/08/27,0,190000,-140000,50000
2012/08/28,0,727322,-428480,298842
2012/08/29,0,449000,-296630,152370
2012/08/30,0,1032000,-753000,279000
2012/08/31,0,516000,-86189,429811
2012/09/03,0,303000,-184500,118500
2012/09/04,0,299000,-357000,-58000
2012/09/05,0,105000,-375300,-270300
2012/09/06,0,363000,-192000,171000
2012/09/07,0,170000,-90471,79529
2012/09/10,0,267000,-44000,223000
2012/09/11,0,960000,-151000,809000
2012/09/12,0,213000,-114000,99000
2012/09/13,0,326000,-104000,222000
2012/09/14,0,279000,-249103,29897
2012/09/17,0,256000,-232000,24000
2012/09/18,0,260000,-350000,-90000
2012/09/19,0,462000,-508000,-46000
2012/09/20,0,179000,-155000,24000
2012/09/21,0,538423,-84000,454423
2012/09/24,0,76000,-18000,58000
2012/09/25,0,561000,-90157,470843
2012/09/26,0,510000,-51000,459000
2012/09/27,0,286000,-208581,77419
2012/09/28,0,667000,-375423,291577
2012/10/01,0,83000,-78000,5000
2012/10/02,0,238000,-434000,-196000
2012/10/03,0,273000,-27000,246000
2012/10/04,0,431000,-41000,390000
2012/10/05,0,83000,-154000,-71000
2012/10/08,0,153000,-60000,93000
2012/10/09,0,478000,-173213,304787
2012/10/10,0,0,0,0
2012/10/11,0,410300,-188000,222300
2012/10/12,0,257000,-204000,53000
2012/10/15,0,152000,-91000,61000
2012/10/16,0,917500,-403000,514500
2012/10/17,0,117320,-241000,-123680
2012/10/18,0,233000,-212000,21000
2012/10/19,0,160000,-78000,82000
2012/10/22,0,78000,-47000,31000
2012/10/23,0,153700,-75195,78505
2012/10/24,0,313000,-847683,-534683
2012/10/25,0,299000,-134000,165000
2012/10/26,0,198000,-105000,93000
2012/10/29,0,58400,-84768,-26368
2012/10/30,0,186000,-155000,31000
2012/10/31,0,148000,-396000,-248000
2012/11/01,0,996000,-565000,431000
2012/11/02,0,426000,-132000,294000
2012/11/05,0,143000,-134000,9000
2012/11/06,0,99000,-61000,38000
2012/11/07,0,218000,-113700,104300
2012/11/08,0,430000,-347000,83000
2012/11/09,0,1256000,-1079000,177000
2012/11/12,0,215000,-120000,95000
2012/11/13,0,516000,-412000,104000
2012/11/14,0,345000,-281000,64000
2012/11/15,0,266000,-344001,-78001
2012/11/16,0,185000,-193050,-8050
2012/11/19,0,175985,-142000,33985
2012/11/20,0,66000,-90000,-24000
2012/11/21,0,628000,-517680,110320
2012/11/22,0,114000,-110500,3500
2012/11/23,0,249000,-173000,76000
2012/11/26,0,158000,-248500,-90500
2012/11/27,0,232000,-180000,52000
2012/11/28,0,223400,-318000,-94600
2012/11/29,0,582000,-382286,199714
2012/11/30,0,610000,-859563,-249563
2012/12/03,0,491000,-231134,259866
2012/12/04,0,253690,-231000,22690
2012/12/05,0,216000,-165000,51000
2012/12/06,0,344000,-106793,237207
2012/12/07,0,346000,-237000,109000
2012/12/10,0,417000,-112627,304373
2012/12/11,0,606414,-224739,381675
2012/12/12,0,683000,-418000,265000
2012/12/13,0,467401,-517000,-49599
2012/12/14,0,585778,-494500,91278
2012/12/17,0,537000,-315000,222000
2012/12/18,0,330000,-195000,135000
2012/12/19,0,464000,-335000,129000
2012/12/20,0,399000,-425000,-26000
2012/12/21,0,261000,-432433,-171433
2012/12/24,0,174000,-53000,121000
2012/12/25,0,160000,-12000,148000
2012/12/26,0,332000,-40000,292000
2012/12/27,0,419000,-241300,177700
2012/12/28,0,1004000,-339000,665000
2012/12/31,0,0,0,0
2013/01/01,0,0,0,0
2013/01/02,0,325000,-125000,200000
2013/01/03,0,836000,-634000,202000
2013/01/04,0,464000,-237000,227000
2013/01/07,0,333000,-270900,62100
2013/01/08,0,131000,-98000,33000
2013/01/09,0,484000,-432000,52000
2013/01/10,0,495000,-289000,206000
2013/01/11,0,187000,-388000,-201000
2013/01/14,0,104000,-68000,36000
2013/01/15,0,204591,-246000,-41409
2013/01/16,0,259000,-235594,23406
2013/01/17,0,156500,-119000,37500
2013/01/18,0,412000,-957000,-545000
2013/01/21,0,95000,-74000,21000
2013/01/22,0,337000,-776000,-439000
2013/01/23,0,307000,-170538,136462
2013/01/24,0,207000,-201000,6000
2013/01/25,0,469000,-426100,42900
2013/01/28,0,197000,-151500,45500
2013/01/29,0,516000,-258730,257270
2013/01/30,0,467000,-232000,235000
2013/01/31,0,390000,-231000,159000
2013/02/01,0,338000,-152000,186000
2013/02/04,0,668700,-283000,385700
2013/02/05,0,1796000,-1107842,688158
2013/02/06,0,855344,-560000,295344
2013/02/07,0,0,0,0
2013/02/08,0,0,0,0
2013/02/11,0,0,0,0
2013/02/12,0,0,0,0
2013/02/13,0,0,0,0
2013/02/14,0,0,0,0
2013/02/15,0,0,0,0
2013/02/18,0,1105758,-368400,737358
2013/02/19,0,357684,-575640,-217956
2013/02/20,0,434576,-446217,-11641
2013/02/21,0,530712,-300000,230712
2013/02/22,0,467000,-492000,-25000
2013/02/25,0,522000,-459836,62164
2013/02/26,0,628000,-600157,27843
2013/02/27,0,838169,-772818,65351
2013/02/28,0,0,0,0
2013/03/01,0,1538000,-1887000,-349000
2013/03/04,0,1430000,-1367000,63000
2013/03/05,0,505000,-345000,160000
2013/03/06,0,599000,-468613,130387
2013/03/07,0,601372,-295300,306072
2013/03/08,0,487900,-490971,-3071
2013/03/11,0,384000,-279000,105000
2013/03/12,0,497542,-566681,-69139
2013/03/13,0,341000,-202700,138300
2013/03/14,0,641000,-623004,17996
2013/03/15,0,370513,-1024540,-654027
2013/03/18,0,75000,-346000,-271000
2013/03/19,0,225000,-797000,-572000
2013/03/20,0,206000,-436635,-230635
2013/03/21,0,726000,-651000,75000
2013/03/22,0,811200,-427278,383922
2013/03/25,0,273000,-222000,51000
2013/03/26,0,607161,-575000,32161
2013/03/27,0,150000,-276000,-126000
2013/03/28,0,166438,-245000,-78562
2013/03/29,0,732000,-1070000,-338000
2013/04/01,0,163217,-86000,77217
2013/04/02,0,120124,-200000,-79876
2013/04/03,0,236000,-207280,28720
2013/04/04,0,0,0,0
2013/04/05,0,0,0,0
2013/04/08,0,200000,-402000,-202000
2013/04/09,0,660227,-458244,201983
2013/04/10,0,381567,-418000,-36433
2013/04/11,0,563970,-191400,372570
2013/04/12,0,144000,-151000,-7000
2013/04/15,0,74359,-98000,-23641
2013/04/16,0,178585,-209000,-30415
2013/04/17,0,395000,-464200,-69200
2013/04/18,0,96000,-251700,-155700
2013/04/19,0,130000,-17100,112900
2013/04/22,0,52000,-85700,-33700
2013/04/23,0,655000,-54000,601000
2013/04/24,0,906000,-499000,407000
2013/04/25,0,288000,-416000,-128000
2013/04/26,0,456000,-255200,200800
2013/04/29,0,239000,-208270,30730
2013/04/30,0,591000,-241600,349400
2013/05/01,0,0,0,0
2013/05/02,0,847357,-706541,140816
2013/05/03,0,493000,-494000,-1000
2013/05/06,0,302000,-261157,40843
2013/05/07,0,316000,-299169,16831
2013/05/08,0,533000,-665089,-132089
2013/05/09,0,298421,-213200,85221
2013/05/10,0,271000,-180000,91000
2013/05/13,0,155000,-125400,29600
2013/05/14,0,460000,-293000,167000
2013/05/15,0,1017348,-551409,465939
2013/05/16,0,1115000,-300000,815000
2013/05/17,0,337000,-137592,199408
2013/05/20,0,205000,-39000,166000
2013/05/21,0,316000,-176549,139451
2013/05/22,0,767000,-269000,498000
2013/05/23,0,1242000,-390000,852000
2013/05/24,0,564046,-393000,171046
2013/05/27,0,375684,-61000,314684
2013/05/28,0,873000,-302332,570668
2013/05/29,0,899000,-146000,753000
2013/05/30,0,870000,-872000,-2000
2013/05/31,0,650061,-580830,69231
2013/06/03,0,330000,-332000,-2000
2013/06/04,0,306000,-259000,47000
2013/06/05,0,293139,-264000,29139
2013/06/06,0,338134,-496400,-158266
2013/06/07,0,828044,-325100,502944
2013/06/10,0,932000,-1003000,-71000
2013/06/11,0,317410,-500100,-182690
2013/06/12,0,0,0,0
2013/06/13,0,569000,-701000,-132000
2013/06/14,0,1327000,-1598000,-271000
2013/06/17,0,601000,-559965,41035
2013/06/18,0,876000,-672001,203999
2013/06/19,0,398000,-396906,1094
2013/06/20,0,528000,-479995,48005
2013/06/21,0,366000,-441201,-75201
2013/06/24,0,958000,-729900,228100
2013/06/25,0,675000,-1061000,-386000
2013/06/26,0,605000,-722563,-117563
2013/06/27,0,574000,-1053000,-479000
2013/06/28,0,701000,-1130300,-429300
2013/07/01,0,506000,-484000,22000
2013/07/02,0,173000,-517562,-344562
2013/07/03,0,714451,-1688200,-973749
2013/07/04,0,624000,-705000,-81000
2013/07/05,0,499000,-687000,-188000
2013/07/08,0,536000,-622000,-86000
2013/07/09,0,388000,-281037,106963
2013/07/10,0,621000,-764000,-143000
2013/07/11,0,1180000,-753312,426688
2013/07/12,0,395000,-298000,97000
2013/07/15,0,332000,-461000,-129000
2013/07/16,0,230000,-305000,-75000
2013/07/17,0,939000,-386000,553000
2013/07/18,0,697000,-1347000,-650000
2013/07/19,0,618380,-633000,-14620
2013/07/22,0,191669,-301000,-109331
2013/07/23,0,601000,-533000,68000
2013/07/24,0,286000,-126000,160000
2013/07/25,0,372000,-147000,225000
2013/07/26,0,201000,-104000,97000
2013/07/29,0,303000,-295878,7122
2013/07/30,0,367000,-338000,29000
2013/07/31,0,134000,-180000,-46000
2013/08/01,0,124000,-181000,-57000
2013/08/02,0,145268,-217990,-72722
2013/08/05,0,297000,-199000,98000
2013/08/06,0,71000,-318000,-247000
2013/08/07,0,438000,-271000,167000
2013/08/08,0,265000,-374000,-109000
2013/08/09,0,192000,-266000,-74000
2013/08/12,0,11000,-25000,-14000
2013/08/13,0,371594,-65000,306594
2013/08/14,0,102388,-377000,-274612
2013/08/15,0,138000,-411689,-273689
2013/08/16,0,360958,-409000,-48042
2013/08/19,0,272000,-407000,-135000
2013/08/20,0,571897,-325134,246763
2013/08/21,0,0,0,0
2013/08/22,0,513897,-521000,-7103
2013/08/23,0,439000,-308000,131000
2013/08/26,0,237000,-174000,63000
2013/08/27,0,685000,-472000,213000
2013/08/28,0,534000,-442000,92000
2013/08/29,0,536000,-544000,-8000
2013/08/30,0,576085,-536000,40085
2013/09/02,0,531000,-517000,14000
2013/09/03,0,573000,-602000,-29000
2013/09/04,0,762000,-749000,13000
2013/09/05,0,1100959,-1088000,12959
2013/09/06,0,741000,-475000,266000
2013/09/09,0,831000,-585000,246000
2013/09/10,0,608000,-460000,148000
2013/09/11,0,425000,-351634,73366
2013/09/12,0,850000,-620000,230000
2013/09/13,0,1167000,-598800,568200
2013/09/16,0,347000,-173000,174000
2013/09/17,0,488000,-340000,148000
2013/09/18,0,265969,-256500,9469
2013/09/19,0,0,0,0
2013/09/20,0,0,0,0
2013/09/23,0,579293,-341000,238293
2013/09/24,0,260000,-232910,27090
2013/09/25,0,976000,-391000,585000
2013/09/26,0,168000,-207000,-39000
2013/09/27,0,309000,-319523,-10523
2013/09/30,0,535000,-460660,74340
2013/10/01,0,376000,-322597,53403
2013/10/02,0,411000,-438397,-27397
2013/10/03,0,1324253,-686000,638253
2013/10/04,0,1592000,-1050000,542000
2013/10/07,0,400000,-360000,40000
2013/10/08,0,979000,-299000,680000
2013/10/09,0,734000,-397000,337000
2013/10/10,0,0,0,0
2013/10/11,0,571000,-831500,-260500
2013/10/14,0,211000,-186601,24399
2013/10/15,0,570000,-268000,302000
2013/10/16,0,253000,-171000,82000
2013/10/17,0,494000,-187250,306750
2013/10/18,0,382000,-341250,40750
2013/10/21,0,239000,-118000,121000
2013/10/22,0,420000,-164930,255070
2013/10/23,0,1060680,-662419,398261
2013/10/24,0,1210000,-889000,321000
2013/10/25,0,448000,-553500,-105500
2013/10/28,0,357000,-224000,133000
2013/10/29,0,350000,-398000,-48000
2013/10/30,0,326000,-285700,40300
2013/10/31,0,352000,-308700,43300
2013/11/01,0,231000,-327000,-96000
2013/11/04,0,315000,-369000,-54000
2013/11/05,0,377000,-259176,117824
2013/11/06,0,302000,-221000,81000
2013/11/07,0,188000,-78000,110000
2013/11/08,0,783954,-419000,364954
2013/11/11,0,305685,-413000,-107315
2013/11/12,0,675000,-586000,89000
2013/11/13,0,370855,-386000,-15145
2013/11/14,0,539491,-523000,16491
2013/11/15,0,186000,-203000,-17000
2013/11/18,0,350000,-602000,-252000
2013/11/19,0,1097300,-1501300,-404000
2013/11/20,0,61000,-178891,-117891
2013/11/21,0,178698,-609000,-430302
2013/11/22,0,485604,-423000,62604
2013/11/25,0,493000,-324000,169000
2013/11/26,0,630653,-460901,169752
2013/11/27,0,27000,-305000,-278000
2013/11/28,0,232000,-203529,28471
2013/11/29,0,362000,-291750,70250
2013/12/02,0,490000,-483250,6750
2013/12/03,0,351878,-265997,85881
2013/12/04,0,234000,-255000,-21000
2013/12/05,0,206000,-191000,15000
2013/12/06,0,706000,-444000,262000
2013/12/09,0,759000,-783475,-24475
2013/12/10,0,356000,-520364,-164364
2013/12/11,0,348000,-394800,-46800
2013/12/12,0,286000,-407534,-121534
2013/12/13,0,153000,-227000,-74000
2013/12/16,0,106000,-201000,-95000
2013/12/17,0,291000,-483000,-192000
2013/12/18,0,503000,-655000,-152000
2013/12/19,0,662000,-522800,139200
2013/12/20,0,580274,-281000,299274
2013/12/23,0,257000,-284827,-27827
2013/12/24,0,158000,-165000,-7000
2013/12/25,0,87000,-26000,61000
2013/12/26,0,150000,-37000,113000
2013/12/27,0,436000,-81000,355000
2013/12/30,0,736400,-381988,354412
2013/12/31,0,625001,-505000,120001
2014/01/02,0,128398,-274000,-145602
2014/01/03,0,295000,-208000,87000
2014/01/06,0,580100,-361533,218567
2014/01/07,0,1083000,-808000,275000
2014/01/08,0,475000,-332000,143000
2014/01/09,0,670000,-198000,472000
2014/01/10,0,144000,-279000,-135000
2014/01/13,0,288339,-425911,-137572
2014/01/14,0,247000,-533000,-286000
2014/01/15,0,345000,-933022,-588022
2014/01/16,0,359000,-468000,-109000
2014/01/17,0,334000,-273000,61000
2014/01/20,0,14000,-77000,-63000
2014/01/21,0,196000,-128659,67341
2014/01/22,0,375000,-346000,29000
2014/01/23,0,489000,-460000,29000
2014/01/24,0,619000,-607000,12000
2014/01/27,0,541000,-1166601,-625601
2014/02/05,0,1790620,-3198121,-1407501
2014/02/06,0,482000,-1078400,-596400
2014/02/07,0,148000,-345000,-197000
2014/02/10,0,145000,-409044,-264044
2014/02/11,0,286380,-478633,-192253
2014/02/12,0,394000,-913479,-519479
2014/02/13,0,543000,-1086000,-543000
2014/02/14,0,352810,-552000,-199190
2014/02/17,0,275000,-503000,-228000
2014/02/18,0,309000,-818000,-509000
2014/02/19,0,788000,-958000,-170000
2014/02/20,0,780525,-1943860,-1163335
2014/02/21,0,679204,-616000,63204
2014/02/24,0,747700,-1627700,-880000
2014/02/25,0,943000,-1816536,-873536
2014/02/26,0,713000,-1323400,-610400
2014/02/27,0,437000,-1017103,-580103
2014/03/03,0,478000,-646000,-168000
2014/03/04,0,611000,-641189,-30189
2014/03/05,0,222000,-744000,-522000
2014/03/06,0,588000,-487000,101000
2014/03/07,0,255000,-200000,55000
2014/03/10,0,273000,-371000,-98000
2014/03/11,0,370000,-205000,165000
2014/03/12,0,536000,-669156,-133156
2014/03/13,0,347000,-535000,-188000
2014/03/14,0,634000,-900152,-266152
2014/03/17,0,58000,-197000,-139000
2014/03/18,0,352000,-409195,-57195
2014/03/19,0,280000,-189000,91000
2014/03/20,0,207000,-421400,-214400
2014/03/21,0,503000,-259293,243707
2014/03/24,0,522217,-364000,158217
2014/03/25,0,423000,-518700,-95700
2014/03/26,0,522000,-107000,415000
2014/03/27,0,162000,-196000,-34000
2014/03/28,0,435000,-124000,311000
2014/03/31,0,301747,-226000,75747
2014/04/01,0,362000,-302099,59901
2014/04/02,0,473000,-350000,123000
2014/04/03,0,380000,-246000,134000
2014/04/07,0,766000,-621000,145000
2014/04/08,0,475000,-392550,82450
2014/04/09,0,1669000,-1128000,541000
2014/04/10,0,592550,-500000,92550
2014/04/11,0,127000,-230000,-103000
2014/04/14,0,299000,-216000,83000
2014/04/15,0,274000,-413442,-139442
2014/04/16,0,439000,-535000,-96000
2014/04/17,0,330000,-591900,-261900
2014/04/18,0,92000,-33000,59000
2014/04/21,0,5000,-5000,0
2014/04/22,0,87000,-114000,-27000
2014/04/23,0,107000,-99000,8000
2014/04/24,0,236000,-119000,117000
2014/04/25,0,142785,-135000,7785
2014/04/28,0,242000,-490000,-248000
2014/04/29,0,216000,-262000,-46000
2014/04/30,0,229000,-465000,-236000
2014/05/02,0,77000,-204300,-127300
2014/05/05,0,44391,-119000,-74609
2014/05/06,0,30000,-50000,-20000
2014/05/07,0,99000,-303000,-204000
2014/05/08,0,154000,-155000,-1000
2014/05/09,0,144000,-292712,-148712
2014/05/12,0,413000,-1111000,-698000
2014/05/13,0,391000,-190000,201000
2014/05/14,0,670000,-228000,442000
2014/05/15,0,260000,-120282,139718
2014/05/16,0,518000,-283000,235000
2014/05/19,0,200000,-145971,54029
2014/05/20,0,286469,-255000,31469
2014/05/21,0,188000,-44000,144000
2014/05/22,0,338000,-216000,122000
2014/05/23,0,487000,-232700,254300
2014/05/26,0,588000,-327000,261000
2014/05/27,0,183000,-209000,-26000
2014/05/28,0,1613000,-1232800,380200
2014/05/29,0,606376,-486515,119861
2014/05/30,0,1461283,-1385252,76031
2014/06/03,0,658000,-567599,90401
2014/06/04,0,369000,-409000,-40000
2014/06/05,0,120000,-218000,-98000
2014/06/06,0,169300,-314000,-144700
2014/06/09,0,621000,-555000,66000
2014/06/10,0,459603,-367100,92503
2014/06/11,0,335000,-531460,-196460
2014/06/12,0,917000,-1043000,-126000
2014/06/13,0,276007,-181000,95007
2014/06/16,0,292000,-420092,-128092
2014/06/17,0,218000,-298807,-80807
2014/06/18,0,974100,-870000,104100
2014/06/19,0,409945,-807000,-397055
2014/06/20,0,629000,-1806600,-1177600
2014/06/23,0,547000,-467914,79086
2014/06/24,0,841000,-961530,-120530
2014/06/25,0,1291465,-1354406,-62941
2014/06/26,0,611906,-434000,177906
2014/06/27,0,539000,-467000,72000
2014/06/30,0,761000,-654248,106752
2014/07/01,0,559000,-459315,99685
2014/07/02,0,630000,-1072581,-442581
2014/07/03,0,415390,-955606,-540216
2014/07/04,0,333000,-361000,-28000
2014/07/07,0,351551,-435000,-83449
2014/07/08,0,392000,-547000,-155000
2014/07/09,0,191000,-300000,-109000
2014/07/10,0,298068,-712000,-413932
2014/07/11,0,287000,-278136,8864
2014/07/14,0,466000,-329000,137000
2014/07/15,0,209080,-730170,-521090
2014/07/16,0,129000,-135000,-6000
2014/07/17,0,300141,-99000,201141
2014/07/18,0,137016,-157000,-19984
2014/07/21,0,87000,-15000,72000
2014/07/22,0,460000,-281590,178410
2014/07/23,0,0,0,0
2014/07/24,0,311190,-245000,66190
2014/07/25,0,460000,-253000,207000
2014/07/28,0,235607,-252000,-16393
2014/07/29,0,695000,-1000350,-305350
2014/07/30,0,606000,-521000,85000
2014/07/31,0,736000,-701000,35000
2014/08/01,0,331000,-363000,-32000
2014/08/04,0,475000,-491000,-16000
2014/08/05,0,255000,-921928,-666928
2014/08/06,0,469042,-397000,72042
2014/08/07,0,200592,-269040,-68448
2014/08/08,0,367098,-505928,-138830
2014/08/11,0,443025,-432000,11025
2014/08/12,0,142000,-300578,-158578
2014/08/13,0,509000,-395091,113909
2014/08/14,0,246000,-228000,18000
2014/08/15,0,528000,-205000,323000
2014/08/18,0,351000,-241000,110000
2014/08/19,0,486511,-361000,125511
2014/08/20,0,800073,-474000,326073
2014/08/21,0,841000,-735000,106000
2014/08/22,0,1024399,-577000,447399
2014/08/25,0,563000,-424000,139000
2014/08/26,0,509698,-94000,415698
2014/08/27,0,984000,-451000,533000
2014/08/28,0,1737438,-1337000,400438
2014/08/29,0,769000,-1424000,-655000
2014/09/01,0,623000,-597000,26000
2014/09/02,0,641000,-1307000,-666000
2014/09/03,0,641054,-1146926,-505872
2014/09/04,0,337000,-1064001,-727001
2014/09/05,0,190000,-734000,-544000
2014/09/09,0,544000,-290000,254000
2014/09/10,0,156187,-821000,-664813
2014/09/11,0,306034,-823000,-516966
2014/09/12,0,204431,-949210,-744779
2014/09/15,0,279000,-462000,-183000
2014/09/16,0,85017,-332000,-246983
2014/09/17,0,439000,-648800,-209800
2014/09/18,0,150309,-266300,-115991
2014/09/19,0,495000,-918097,-423097
2014/09/22,0,373190,-996000,-622810
2014/09/23,0,602000,-1106293,-504293
2014/09/24,0,592000,-1096000,-504000
2014/09/25,0,875000,-1185349,-310349
2014/09/26,0,147207,-413000,-265793
2014/09/29,0,671947,-1331000,-659053
2014/09/30,0,641000,-1833371,-1192371
2014/10/01,0,690087,-841000,-150913
2014/10/02,0,607000,-1259000,-652000
2014/10/03,0,1186000,-1608000,-422000
2014/10/06,0,61907,-931000,-869093
2014/10/07,0,146000,-1715000,-1569000
2014/10/08,0,446000,-1256084,-810084
2014/10/09,0,253701,-1003573,-749872
2014/10/13,0,424700,-1288641,-863941
2014/10/14,0,687292,-1330720,-643428
2014/10/15,0,919000,-1459085,-540085
2014/10/16,0,383034,-980139,-597105
2014/10/17,0,2315000,-3713610,-1398610
2014/10/20,0,1311278,-2253000,-941722
2014/10/21,0,1163000,-1252000,-89000
2014/10/22,0,744000,-670462,73538
2014/10/23,0,655000,-869153,-214153
2014/10/24,0,221000,-959000,-738000
2014/10/27,0,1028000,-321943,706057
2014/10/28,0,569000,-804572,-235572
2014/10/29,0,387750,-1516695,-1128945
2014/10/30,0,819000,-418957,400043
2014/10/31,0,621000,-434000,187000
2014/11/03,0,370129,-999892,-629763
2014/11/04,0,342000,-695508,-353508
2014/11/05,0,522547,-1136929,-614382
2014/11/06,0,462000,-1313352,-851352
2014/11/07,0,423725,-196579,227146
2014/11/10,0,665000,-272000,393000
2014/11/11,0,962000,-2277200,-1315200
2014/11/12,0,621000,-313994,307006
2014/11/13,0,485000,-348395,136605
2014/11/14,0,315000,-765000,-450000
2014/11/17,0,832000,-1745505,-913505
2014/11/18,0,921000,-2368615,-1447615
2014/11/19,0,1123400,-1091875,31525
2014/11/20,0,531000,-407532,123468
2014/11/21,0,372000,-766000,-394000
2014/11/24,0,690000,-516784,173216
2014/11/25,0,3502422,-3516214,-13792
2014/11/26,0,297000,-404495,-107495
2014/11/27,0,387000,-252000,135000
2014/11/28,0,196000,-277000,-81000
2014/12/01,0,52325,-461552,-409227
2014/12/02,0,188000,-852000,-664000
2014/12/03,0,508000,-636383,-128383
2014/12/04,0,168000,-663000,-495000
2014/12/05,0,569000,-356986,212014
2014/12/08,0,392000,-353000,39000
2014/12/09,0,601000,-371000,230000
2014/12/10,0,209188,-594966,-385778
2014/12/11,0,429000,-302279,126721
2014/12/12,0,127000,-620602,-493602
2014/12/15,0,268000,-443123,-175123
2014/12/16,0,449863,-295693,154170
2014/12/17,0,526000,-823676,-297676
2014/12/18,0,335125,-556718,-221593
2014/12/19,0,795000,-363013,431987
2014/12/22,0,244000,-278363,-34363
2014/12/23,0,113482,-278198,-164716
2014/12/24,0,479000,-164341,314659
2014/12/25,0,157000,-103293,53707
2014/12/26,0,235000,-154000,81000
2014/12/29,0,478000,-435392,42608
2014/12/30,0,849781,-1083090,-233309
2014/12/31,0,823000,-394307,428693
2015/01/01,0,0,0,0
2015/01/02,0,0,0,0
2015/01/05,0,556000,-335000,221000
2015/01/06,0,675000,-708000,-33000
2015/01/07,0,425500,-759775,-334275
2015/01/08,0,602000,-178485,423515
2015/01/09,0,450504,-638284,-187780
2015/01/12,0,317000,-124301,192699
2015/01/13,0,610000,-365523,244477
2015/01/14,0,571000,-561000,10000
2015/01/15,0,171000,-771960,-600960
2015/01/16,0,207000,-570011,-363011
2015/01/19,0,130000,-67000,63000
2015/01/20,0,159000,-248020,-89020
2015/01/21,0,225000,-341147,-116147
2015/01/22,0,297000,-315000,-18000
2015/01/23,0,372470,-348000,24470
2015/01/26,0,511000,-47677,463323
2015/01/27,0,882000,-432000,450000
2015/01/28,0,287000,-132000,155000
2015/01/29,0,518000,-555000,-37000
2015/01/30,0,1176000,-1083938,92062
2015/02/02,0,640000,-263099,376901
2015/02/03,0,632000,-230519,401481
2015/02/04,0,424000,-274298,149702
2015/02/05,0,565000,-330937,234063
2015/02/06,0,332000,-305568,26432
2015/02/09,0,816000,-584000,232000
2015/02/10,0,592000,-331000,261000
2015/02/11,0,1394924,-1226041,168883
2015/02/12,0,1465850,-1077002,388848
2015/02/13,0,672000,-202093,469907
2015/02/16,0,0,0,0
2015/02/17,0,0,0,0
2015/02/18,0,0,0,0
2015/02/19,0,0,0,0
2015/02/20,0,0,0,0
2015/02/23,0,0,0,0
2015/02/24,0,1581000,-707451,873549
2015/02/25,0,656561,-56000,600561
2015/02/26,0,699133,-578496,120637
2015/02/27,0,0,0,0
2015/03/02,0,834000,-143523,690477
2015/03/03,0,688006,-301000,387006
2015/03/04,0,1462000,-327000,1135000
2015/03/05,0,796000,-718000,78000
2015/03/06,0,726000,-358484,367516
2015/03/09,0,496000,-478684,17316
2015/03/10,0,742870,-451787,291083
2015/03/11,0,249000,-257679,-8679
2015/03/12,0,486000,-530700,-44700
2015/03/13,0,200037,-164000,36037
2015/03/16,0,402000,-303345,98655
2015/03/17,0,825000,-249000,576000
2015/03/18,0,843000,-151198,691802
2015/03/19,0,909000,-140000,769000
2015/03/20,0,784000,-246607,537393
2015/03/23,0,764000,-277000,487000
2015/03/24,0,751488,-237930,513558
2015/03/25,0,1737000,-1098558,638442
2015/03/26,0,1169000,-867910,301090
2015/03/27,0,1365000,-2313685,-948685
2015/03/30,0,994109,-2133141,-1139032
2015/03/31,0,1109550,-1190390,-80840
2015/04/01,0,673928,-473000,200928
2015/04/02,0,1954000,-596000,1358000
2015/04/03,0,0,0,0
2015/04/06,0,0,0,0
2015/04/07,0,227000,-500247,-273247
2015/04/08,0,384423,-625000,-240577
2015/04/09,0,612000,-400298,211702
2015/04/10,0,877000,-279040,597960
2015/04/13,0,339700,-263290,76410
2015/04/14,0,595000,-133000,462000
2015/04/15,0,919000,-822175,96825
2015/04/16,0,1919283,-381000,1538283
2015/04/17,0,128006,-231000,-102994
2015/04/20,0,286000,-220500,65500
2015/04/21,0,217000,-174000,43000
2015/04/22,0,1003000,-281690,721310
2015/04/23,0,796000,-689364,106636
2015/04/24,0,792000,-135000,657000
2015/04/27,0,1097650,-283940,813710
2015/04/28,0,437000,-547000,-110000
2015/04/29,0,636000,-579000,57000
2015/04/30,0,677649,-375000,302649
2015/05/01,0,0,0,0
2015/05/04,0,618000,-319072,298928
2015/05/05,0,374000,-145000,229000
2015/05/06,0,390000,-127000,263000
2015/05/07,0,170000,-211099,-41099
2015/05/08,0,324488,-176000,148488
2015/05/11,0,238264,-193000,45264
2015/05/12,0,153000,-141000,12000
2015/05/13,0,217000,-153000,64000
2015/05/14,0,501000,-491000,10000
2015/05/15,0,617772,-235000,382772
2015/05/18,0,732261,-568000,164261
2015/05/19,0,198488,-453151,-254663
2015/05/20,0,450000,-562101,-112101
2015/05/21,0,290000,-553000,-263000
2015/05/22,0,355000,-207000,148000
2015/05/25,0,314000,-391740,-77740
2015/05/26,0,315000,-195000,120000
2015/05/27,0,208000,-542488,-334488
2015/05/28,0,379000,-527406,-148406
2015/05/29,0,343468,-498941,-155473
2015/06/01,0,319000,-328000,-9000
2015/06/02,0,444119,-570204,-126085
2015/06/03,0,60300,-252000,-191700
2015/06/04,0,65000,-414580,-349580
2015/06/05,0,262782,-556600,-293818
2015/06/08,0,313608,-372532,-58924
2015/06/09,0,300000,-503292,-203292
2015/06/10,0,695040,-1037000,-341960
2015/06/11,0,195000,-1178469,-983469
2015/06/12,0,431000,-371000,60000
2015/06/15,0,377000,-302000,75000
2015/06/16,0,1001697,-1808000,-806303
2015/06/17,0,2191000,-1185365,1005635
2015/06/18,0,808000,-779000,29000
2015/06/19,0,0,0,0
2015/06/22,0,725129,-934712,-209583
2015/06/23,0,1507452,-1465000,42452
2015/06/24,0,1315140,-1232124,83016
2015/06/25,0,1830006,-1050417,779589
2015/06/26,0,459173,-514292,-55119
2015/06/29,0,1131000,-1132118,-1118
2015/06/30,0,1368859,-1068922,299937
2015/07/01,0,708000,-516440,191560
2015/07/02,0,801206,-919000,-117794
2015/07/03,0,487000,-723096,-236096
2015/07/06,0,878000,-796830,81170
2015/07/07,0,1019486,-977438,42048
2015/07/08,0,705000,-701000,4000
2015/07/09,0,588000,-470000,118000
2015/07/10,0,0,0,0
2015/07/13,0,771000,-526108,244892
2015/07/14,0,878000,-287000,591000
2015/07/15,0,1967000,-303488,1663512
2015/07/16,0,724780,-596000,128780
2015/07/17,0,550000,-429000,121000
2015/07/20,0,923084,-466000,457084
2015/07/21,0,519000,-211000,308000
2015/07/22,0,683000,-1124188,-441188
2015/07/23,0,414000,-289000,125000
2015/07/24,0,672000,-682000,-10000
2015/07/27,0,1199000,-1200772,-1772
2015/07/28,0,743191,-750341,-7150
2015/07/29,0,448150,-597592,-149442
2015/07/30,0,614000,-584395,29605
2015/07/31,0,590933,-427480,163453
2015/08/03,0,1206690,-334000,872690
2015/08/04,0,550000,-536252,13748
2015/08/05,0,344000,-248542,95458
2015/08/06,0,329000,-400341,-71341
2015/08/07,0,985999,-952888,33111
2015/08/10,0,503000,-292000,211000
2015/08/11,0,738655,-676099,62556
2015/08/12,0,614627,-545000,69627
2015/08/13,0,909000,-710542,198458
2015/08/14,0,794000,-507000,287000
2015/08/17,0,585000,-761217,-176217
2015/08/18,0,323000,-386795,-63795
2015/08/19,0,875760,-950000,-74240
2015/08/20,0,727150,-1074000,-346850
2015/08/21,0,462479,-681000,-218521
2015/08/24,0,1182671,-743000,439671
2015/08/25,0,723750,-849052,-125302
2015/08/26,0,486000,-598846,-112846
2015/08/27,0,504200,-518000,-13800
2015/08/28,0,497000,-434954,62046
2015/08/31,0,736541,-710000,26541
2015/09/01,0,653340,-451214,202126
2015/09/02,0,528000,-687006,-159006
2015/09/03,0,503000,-274000,229000
2015/09/04,0,385006,-217226,167780
2015/09/07,0,150000,-128637,21363
2015/09/08,0,592000,-730000,-138000
2015/09/09,0,915233,-660000,255233
2015/09/10,0,290000,-144000,146000
2015/09/11,0,268000,-128000,140000
2015/09/14,0,480000,-195000,285000
2015/09/15,0,402000,-312000,90000
2015/09/16,0,1129000,-279840,849160
2015/09/17,0,1205000,-461674,743326
2015/09/18,0,932488,-336564,595924
2015/09/21,0,355000,-295563,59437
2015/09/22,0,277000,-57324,219676
2015/09/23,0,458000,-599924,-141924
2015/09/24,0,439000,-480000,-41000
2015/09/25,0,431888,-369148,62740
2015/09/28,0,0,0,0
2015/09/29,0,0,0,0
2015/09/30,0,969373,-684000,285373
2015/10/01,0,677000,-591545,85455
2015/10/02,0,259130,-240463,18667
2015/10/05,0,421160,-412719,8441
2015/10/06,0,699400,-425152,274248
2015/10/07,0,512960,-333200,179760
2015/10/08,0,364158,-817000,-452842
2015/10/09,0,0,0,0
2015/10/12,0,526000,-434759,91241
2015/10/13,0,890000,-419974,470026
2015/10/14,0,762000,-1060973,-298973
2015/10/15,0,446000,-445768,232
2015/10/16,0,382000,-242088,139912
2015/10/19,0,476027,-347000,129027
2015/10/20,0,402800,-355791,47009
2015/10/21,0,229000,-222000,7000
2015/10/22,0,142000,-98000,44000
2015/10/23,0,629000,-390000,239000
2015/10/26,0,672000,-218000,454000
2015/10/27,0,409000,-336682,72318
2015/10/28,0,289167,-305253,-16086
2015/10/29,0,347000,-274541,72459
2015/10/30,0,349000,-347000,2000
2015/11/02,0,588000,-547000,41000
2015/11/03,0,580000,-746902,-166902
2015/11/04,0,794500,-550740,243760
2015/11/05,0,543000,-642000,-99000
2015/11/06,0,432400,-797000,-364600
2015/11/09,0,279440,-636000,-356560
2015/11/10,0,408200,-467000,-58800
2015/11/11,0,345000,-454000,-109000
2015/11/12,0,233281,-410000,-176719
2015/11/13,0,326000,-495361,-169361
2015/11/16,0,295000,-515000,-220000
2015/11/17,0,1120400,-617000,503400
2015/11/18,0,324191,-615000,-290809
2015/11/19,0,264000,-321309,-57309
2015/11/20,0,208000,-309000,-101000
2015/11/23,0,404112,-236000,168112
2015/11/24,0,448000,-506243,-58243
2015/11/25,0,458000,-369000,89000
2015/11/26,0,517000,-435547,81453
2015/11/27,0,355000,-367397,-12397
2015/11/30,0,950367,-1151155,-200788
2015/12/01,0,658000,-244927,413073
2015/12/02,0,282000,-356000,-74000
2015/12/03,0,451000,-616073,-165073
2015/12/04,0,274000,-715000,-441000
2015/12/07,0,481000,-426000,55000
2015/12/08,0,120000,-578928,-458928
2015/12/09,0,205000,-592556,-387556
2015/12/10,0,306000,-474597,-168597
2015/12/11,0,1030528,-585000,445528
2015/12/14,0,107609,-367117,-259508
2015/12/15,0,194026,-294267,-100241
2015/12/16,0,85428,-363163,-277735
2015/12/17,0,355000,-204000,151000
2015/12/18,0,574593,-467000,107593
2015/12/21,0,300429,-318000,-17571
2015/12/22,0,186761,-427209,-240448
2015/12/23,0,220428,-303000,-82572
2015/12/24,0,251000,-65000,186000
2015/12/25,0,36000,-30000,6000
2015/12/28,0,140000,-68000,72000
2015/12/29,0,53000,-116803,-63803
2015/12/30,0,29199,-278846,-249647
2015/12/31,0,58000,-75000,-17000
2016/01/01,0,0,0,0
2016/01/04,0,219320,-532000,-312680
2016/01/05,0,294647,-591000,-296353
2016/01/06,0,688590,-467000,221590
2016/01/07,0,395899,-885449,-489550
2016/01/08,0,438000,-994493,-556493
2016/01/11,0,413056,-348088,64968
2016/01/12,0,145800,-266000,-120200
2016/01/13,0,480000,-308285,171715
2016/01/14,0,529230,-327000,202230
2016/01/15,0,319000,-603684,-284684
2016/01/18,0,297488,-690000,-392512
2016/01/19,0,326000,-521071,-195071
2016/01/20,0,312596,-559000,-246404
2016/01/21,0,393071,-794000,-400929
2016/01/22,0,827000,-569198,257802
2016/01/25,0,592000,-514559,77441
2016/01/26,0,648428,-827000,-178572
2016/01/27,0,514200,-525143,-10943
2016/01/28,0,801000,-1132485,-331485
2016/01/29,0,1537428,-2794000,-1256572
2016/02/01,0,1640428,-906566,733862
2016/02/02,0,732000,-425001,306999
2016/02/03,0,861000,-576704,284296
2016/02/04,0,0,0,0
2016/02/05,0,0,0,0
2016/02/08,0,0,0,0
2016/02/09,0,0,0,0
2016/02/10,0,0,0,0
2016/02/11,0,0,0,0
2016/02/12,0,0,0,0
2016/02/15,0,825320,-704036,121284
2016/02/16,0,608000,-565000,43000
2016/02/17,0,391100,-537000,-145900
2016/02/18,0,770010,-347784,422226
2016/02/19,0,530168,-230031,300137
2016/02/22,0,307000,-291000,16000
2016/02/23,0,1004637,-750000,254637
2016/02/24,0,593815,-847908,-254093
2016/02/25,0,473833,-352000,121833
2016/02/26,0,2248000,-800298,1447702
2016/02/29,0,0,0,0
2016/03/01,0,3394937,-1770600,1624337
2016/03/02,0,952039,-443000,509039
2016/03/03,0,576049,-416000,160049
2016/03/04,0,962009,-221000,741009
2016/03/07,0,422009,-234000,188009
2016/03/08,0,643000,-299000,344000
2016/03/09,0,516000,-606000,-90000
2016/03/10,0,509000,-202099,306901
2016/03/11,0,330648,-166662,163986
2016/03/14,0,186000,-88000,98000
2016/03/15,0,840000,-485000,355000
2016/03/16,0,687300,-249000,438300
2016/03/17,0,1388822,-149000,1239822
2016/03/18,0,1091681,-770858,320823
2016/03/21,0,418000,-438001,-20001
2016/03/22,0,570637,-220925,349712
2016/03/23,0,756000,-228000,528000
2016/03/24,0,651000,-117000,534000
2016/03/25,0,349000,-317306,31694
2016/03/28,0,602000,-493000,109000
2016/03/29,0,253000,-159000,94000
2016/03/30,0,985000,-871000,114000
2016/03/31,0,1214901,-1134200,80701
2016/04/01,0,418000,-495526,-77526
2016/04/04,0,0,0,0
2016/04/05,0,0,0,0
2016/04/06,0,606339,-925722,-319383
2016/04/07,0,394000,-376901,17099
2016/04/08,0,593000,-843000,-250000
2016/04/11,0,193000,-364400,-171400
2016/04/12,0,351900,-418000,-66100
2016/04/13,0,523000,-446691,76309
2016/04/14,0,503000,-350476,152524
2016/04/15,0,414000,-431600,-17600
2016/04/18,0,232000,-252000,-20000
2016/04/19,0,377000,-694000,-317000
2016/04/20,0,689124,-608000,81124
2016/04/21,0,500000,-166000,334000
2016/04/22,0,269397,-324000,-54603
2016/04/25,0,232000,-144000,88000
2016/04/26,0,200139,-249000,-48861
2016/04/27,0,361000,-351000,10000
2016/04/28,0,320744,-598000,-277256
2016/04/29,0,283000,-321000,-38000
2016/05/02,0,0,0,0
2016/05/03,0,798000,-1017900,-219900
2016/05/04,0,418000,-789540,-371540
2016/05/05,0,327000,-900000,-573000
2016/05/06,0,493286,-1001000,-507714
2016/05/09,0,650500,-913000,-262500
2016/05/10,0,960711,-1261000,-300289
2016/05/11,0,1374290,-1357607,16683
2016/05/12,0,1093000,-1117000,-24000
2016/05/13,0,1062000,-974000,88000
2016/05/16,0,719000,-584263,134737
2016/05/17,0,713000,-513098,199902
2016/05/18,0,655631,-544071,111560
2016/05/19,0,371000,-385000,-14000
2016/05/20,0,258000,-266084,-8084
2016/05/23,0,715552,-254000,461552
2016/05/24,0,225411,-155000,70411
2016/05/25,0,602411,-193000,409411
2016/05/26,0,686434,-596000,90434
2016/05/27,0,809000,-441724,367276
2016/05/30,0,950000,-759000,191000
2016/05/31,0,1078475,-1014538,63937
2016/06/01,0,811243,-276000,535243
2016/06/02,0,553660,-403000,150660
2016/06/03,0,992900,-700829,292071
2016/06/06,0,369000,-196696,172304
2016/06/07,0,907000,-255000,652000
2016/06/08,0,1210000,-415000,795000
2016/06/09,0,0,0,0
2016/06/10,0,0,0,0
2016/06/13,0,1331569,-828000,503569
2016/06/14,0,1409952,-1158000,251952
2016/06/15,0,473000,-357552,115448
2016/06/16,0,293000,-409000,-116000
2016/06/17,0,548000,-524063,23937
2016/06/20,0,581030,-361000,220030
2016/06/21,0,926245,-638469,287776
2016/06/22,0,2939310,-2964000,-24690
2016/06/23,0,351998,-271000,80998
2016/06/24,0,584000,-664000,-80000
2016/06/27,0,329000,-280829,48171
2016/06/28,0,342000,-190000,152000
2016/06/29,0,663000,-789000,-126000
2016/06/30,0,1046000,-402993,643007
2016/07/01,0,313300,-299834,13466
2016/07/04,0,257000,-109000,148000
2016/07/05,0,221480,-196445,25035
2016/07/06,0,486000,-602000,-116000
2016/07/07,0,258000,-133136,124864
2016/07/08,0,0,0,0
2016/07/11,0,766935,-208743,558192
2016/07/12,0,533000,-808472,-275472
2016/07/13,0,705612,-918444,-212832
2016/07/14,0,936160,-876000,60160
2016/07/15,0,575498,-264983,310515
2016/07/18,0,722383,-898707,-176324
2016/07/19,0,638000,-441800,196200
2016/07/20,0,747000,-262568,484432
2016/07/21,0,409270,-122554,286716
2016/07/22,0,456000,-772991,-316991
2016/07/25,0,468562,-169000,299562
2016/07/26,0,275318,-170000,105318
2016/07/27,0,619000,-592000,27000
2016/07/28,0,479834,-351000,128834
2016/07/29,0,492551,-497000,-4449
2016/08/01,0,547160,-347000,200160
2016/08/02,0,845475,-1327398,-481923
2016/08/03,0,880475,-1103000,-222525
2016/08/04,0,491000,-844200,-353200
2016/08/05,0,522000,-260000,262000
2016/08/08,0,434781,-212000,222781
2016/08/09,0,527000,-255000,272000
2016/08/10,0,512830,-269000,243830
2016/08/11,0,558000,-513599,44401
2016/08/12,0,505400,-412991,92409
2016/08/15,0,469000,-527000,-58000
2016/08/16,0,365000,-404000,-39000
2016/08/17,0,532618,-512000,20618
2016/08/18,0,347077,-262000,85077
2016/08/19,0,267944,-437000,-169056
2016/08/22,0,518000,-149000,369000
2016/08/23,0,451000,-393136,57864
2016/08/24,0,593311,-112000,481311
2016/08/25,0,385021,-298000,87021
2016/08/26,0,204680,-244000,-39320
2016/08/29,0,170000,-176000,-6000
2016/08/30,0,277333,-191000,86333
2016/08/31,0,611715,-514000,97715
2016/09/01,0,567368,-354036,213332
2016/09/02,0,142359,-196000,-53641
2016/09/05,0,387000,-190000,197000
2016/09/06,0,392331,-191000,201331
2016/09/07,0,206000,-123000,83000
2016/09/08,0,723000,-350000,373000
2016/09/09,0,362293,-448300,-86007
2016/09/12,0,292847,-708488,-415641
2016/09/13,0,418000,-776000,-358000
2016/09/14,0,981004,-1070411,-89407
2016/09/15,0,0,0,0
2016/09/16,0,0,0,0
2016/09/19,0,413000,-986000,-573000
2016/09/20,0,408628,-719246,-310618
2016/09/21,0,610940,-508000,102940
2016/09/22,0,202665,-204000,-1335
2016/09/23,0,270832,-257265,13567
2016/09/26,0,337000,-299224,37776
2016/09/27,0,0,0,0
2016/09/28,0,0,0,0
2016/09/29,0,1158860,-552123,606737
2016/09/30,0,736532,-870212,-133680
2016/10/03,0,333000,-307000,26000
2016/10/04,0,270002,-361576,-91574
2016/10/05,0,231000,-465000,-234000
2016/10/06,0,608776,-441000,167776
2016/10/07,0,455997,-505000,-49003
2016/10/10,0,0,0,0
2016/10/11,0,430346,-343300,87046
2016/10/12,0,269000,-190543,78457
2016/10/13,0,546000,-676000,-130000
2016/10/14,0,332000,-255000,77000
2016/10/17,0,415321,-399198,16123
2016/10/18,0,282100,-356400,-74300
2016/10/19,0,317050,-353000,-35950
2016/10/20,0,158000,-168551,-10551
2016/10/21,0,165000,-117000,48000
2016/10/24,0,164000,-177397,-13397
2016/10/25,0,240321,-109000,131321
2016/10/26,0,109000,-170000,-61000
2016/10/27,0,263343,-356000,-92657
2016/10/28,0,306000,-295034,10966
2016/10/31,0,623409,-672214,-48805
2016/11/01,0,336000,-249000,87000
2016/11/02,0,538099,-425084,113015
2016/11/03,0,317000,-543000,-226000
2016/11/04,0,210100,-267000,-56900
2016/11/07,0,206000,-347988,-141988
2016/11/08,0,374429,-845000,-470571
2016/11/09,0,799000,-1138445,-339445
2016/11/10,0,411000,-428000,-17000
2016/11/11,0,309000,-1078515,-769515
2016/11/14,0,189000,-613555,-424555
2016/11/15,0,236983,-648035,-411052
2016/11/16,0,110000,-599488,-489488
2016/11/17,0,185321,-414000,-228679
2016/11/18,0,131000,-367099,-236099
2016/11/21,0,113000,-272420,-159420
2016/11/22,0,421000,-386602,34398
2016/11/23,0,275000,-273015,1985
2016/11/24,0,73000,-125000,-52000
2016/11/25,0,210000,-347000,-137000
2016/11/28,0,356000,-270000,86000
2016/11/29,0,206000,-300680,-94680
2016/11/30,0,769260,-742105,27155
2016/12/01,0,215216,-243000,-27784
2016/12/02,0,180000,-415000,-235000
2016/12/05,0,285000,-350115,-65115
2016/12/06,0,302321,-321000,-18679
2016/12/07,0,236000,-487000,-251000
2016/12/08,0,593404,-855000,-261596
2016/12/09,0,424701,-188903,235798
2016/12/12,0,253422,-376000,-122578
2016/12/13,0,265862,-426453,-160591
2016/12/14,0,406400,-412000,-5600
2016/12/15,0,317000,-389240,-72240
2016/12/16,0,599414,-746562,-147148
2016/12/19,0,240954,-299000,-58046
2016/12/20,0,420441,-333778,86663
2016/12/21,0,481000,-528000,-47000
2016/12/22,0,252580,-233264,19316
2016/12/23,0,252983,-233000,19983
2016/12/26,0,21000,-34000,-13000
2016/12/27,0,97000,-107000,-10000
2016/12/28,0,221000,-153000,68000
2016/12/29,0,263503,-310067,-46564
2016/12/30,0,438375,-224535,213840
2017/01/02,0,0,0,0
2017/01/03,0,150600,-120000,30600
2017/01/04,0,283262,-330000,-46738
2017/01/05,0,454881,-404000,50881
2017/01/06,0,348339,-85250,263089
2017/01/09,0,102974,-76000,26974
2017/01/10,0,394300,-348971,45329
2017/01/11,0,261026,-49000,212026
2017/01/12,0,696834,-255633,441201
2017/01/13,0,451197,-174700,276497
2017/01/16,0,72000,-136000,-64000
2017/01/17,0,152225,-58000,94225
2017/01/18,0,479185,-169469,309716
2017/01/19,0,597000,-348499,248501
2017/01/20,0,303858,-202486,101372
2017/01/23,0,330517,-175483,155034
2017/01/24,0,480824,-406956,73868
2017/01/25,0,0,0,0
2017/01/26,0,0,0,0
2017/01/27,0,0,0,0
2017/01/30,0,0,0,0
2017/01/31,0,0,0,0
2017/02/01,0,0,0,0
2017/02/02,0,1265518,-1292365,-26847
2017/02/03,0,647000,-714759,-67759
2017/02/06,0,358046,-220000,138046
2017/02/07,0,1002517,-961530,40987
2017/02/08,0,1398308,-1395381,2927
2017/02/09,0,817110,-348000,469110
2017/02/10,0,864200,-627000,237200
2017/02/13,0,535198,-493000,42198
2017/02/14,0,516126,-440829,75297
2017/02/15,0,615900,-297000,318900
2017/02/16,0,468000,-336000,132000
2017/02/17,0,205000,-129000,76000
2017/02/20,0,540124,-531000,9124
2017/02/21,0,603000,-533000,70000
2017/02/22,0,502000,-386000,116000
2017/02/23,0,319000,-277000,42000
2017/02/24,0,549394,-661826,-112432
2017/02/27,0,0,0,0
2017/02/28,0,0,0,0
2017/03/01,0,1082325,-1083900,-1575
2017/03/02,0,1631795,-1462122,169673
2017/03/03,0,368548,-395201,-26653
2017/03/06,0,158859,-272853,-113994
2017/03/07,0,274140,-732752,-458612
2017/03/08,0,857000,-757131,99869
2017/03/09,0,487000,-664000,-177000
2017/03/10,0,547684,-722400,-174716
2017/03/13,0,697462,-528690,168772
2017/03/14,0,468363,-336789,131574
2017/03/15,0,246000,-227231,18769
2017/03/16,0,479000,-297000,182000
2017/03/17,0,555000,-472396,82604
2017/03/20,0,296000,-172000,124000
2017/03/21,0,613066,-322000,291066
2017/03/22,0,527000,-746653,-219653
2017/03/23,0,485000,-343395,141605
2017/03/24,0,525610,-288165,237445
2017/03/27,0,792563,-614000,178563
2017/03/28,0,1038000,-1072127,-34127
2017/03/29,0,951144,-1111000,-159856
2017/03/30,0,478500,-469000,9500
2017/03/31,0,895200,-837000,58200
2017/04/03,0,0,0,0
2017/04/04,0,0,0,0
2017/04/05,0,499045,-705000,-205955
2017/04/06,0,309000,-305000,4000
2017/04/07,0,537472,-648000,-110528
2017/04/10,0,740410,-762492,-22082
2017/04/11,0,635000,-697500,-62500
2017/04/12,0,353590,-510000,-156410
2017/04/13,0,439000,-382000,57000
2017/04/14,0,274000,-274000,0
2017/04/17,0,184000,-197000,-13000
2017/04/18,0,116000,-262495,-146495
2017/04/19,0,982000,-1372707,-390707
2017/04/20,0,805000,-1050924,-245924
2017/04/21,0,1154000,-675711,478289
2017/04/24,0,104000,-399000,-295000
2017/04/25,0,598479,-408000,190479
2017/04/26,0,887200,-379000,508200
2017/04/27,0,372920,-145000,227920
2017/04/28,0,452770,-440000,12770
2017/05/01,0,0,0,0
2017/05/02,0,546900,-513404,33496
2017/05/03,0,159000,-159000,0
2017/05/04,0,370000,-358174,11826
2017/05/05,0,168386,-318000,-149614
2017/05/08,0,421363,-991433,-570070
2017/05/09,0,341177,-413485,-72308
2017/05/10,0,831046,-582000,249046
2017/05/11,0,553602,-615260,-61658
2017/05/12,0,254950,-233000,21950
2017/05/15,0,481891,-454659,27232
2017/05/16,0,250344,-279971,-29627
2017/05/17,0,421200,-289289,131911
2017/05/18,0,270126,-418987,-148861
2017/05/19,0,293036,-290922,2114
2017/05/22,0,226670,-241000,-14330
2017/05/23,0,326660,-348674,-22014
2017/05/24,0,431473,-453000,-21527
2017/05/25,0,437008,-451636,-14628
2017/05/26,0,0,0,0
2017/05/29,0,0,0,0
2017/05/30,0,0,0,0
2017/05/31,0,736677,-925770,-189093
2017/06/01,0,353000,-309000,44000
2017/06/02,0,352000,-380000,-28000
2017/06/05,0,293044,-498000,-204956
2017/06/06,0,155408,-189000,-33592
2017/06/07,0,1688000,-1400000,288000
2017/06/08,0,692000,-690711,1289
2017/06/09,0,162000,-326056,-164056
2017/06/12,0,269800,-407000,-137200
2017/06/13,0,694000,-802000,-108000
2017/06/14,0,532000,-744211,-212211
2017/06/15,0,389000,-311000,78000
2017/06/16,0,1461000,-1323959,137041
2017/06/19,0,381198,-699000,-317802
2017/06/20,0,274780,-408000,-133220
2017/06/21,0,417000,-568000,-151000
2017/06/22,0,286998,-321000,-34002
2017/06/23,0,233000,-584500,-351500
2017/06/26,0,520000,-767395,-247395
2017/06/27,0,216504,-385966,-169462
2017/06/28,0,208115,-321472,-113357
2017/06/29,0,419000,-392000,27000
2017/06/30,0,582400,-1105588,-523188
2017/07/03,0,237132,-306186,-69054
2017/07/04,0,159399,-710000,-550601
2017/07/05,0,261000,-795741,-534741
2017/07/06,0,389000,-781198,-392198
2017/07/07,0,787892,-1222199,-434307
2017/07/10,0,241292,-407000,-165708
2017/07/11,0,824713,-445000,379713
2017/07/12,0,355000,-643202,-288202
2017/07/13,0,410676,-325690,84986
2017/07/14,0,514790,-318000,196790
2017/07/17,0,665000,-1111000,-446000
2017/07/18,0,664344,-765000,-100656
2017/07/19,0,447000,-228000,219000
2017/07/20,0,253382,-308000,-54618
2017/07/21,0,200062,-153981,46081
2017/07/24,0,499069,-525000,-25931
2017/07/25,0,635282,-368936,266346
2017/07/26,0,371600,-744000,-372400
2017/07/27,0,418000,-820000,-402000
2017/07/28,0,1114000,-817671,296329
2017/07/31,0,470099,-499748,-29649
2017/08/01,0,879689,-432000,447689
2017/08/02,0,373595,-235249,138346
2017/08/03,0,356034,-670905,-314871
2017/08/04,0,335000,-538275,-203275
2017/08/07,0,252000,-384197,-132197
2017/08/08,0,328000,-546139,-218139
2017/08/09,0,455324,-249000,206324
2017/08/10,0,390432,-709000,-318568
2017/08/11,0,406000,-279904,126096
2017/08/14,0,149000,-250994,-101994
2017/08/15,0,125397,-63000,62397
2017/08/16,0,252071,-357520,-105449
2017/08/17,0,402000,-320161,81839
2017/08/18,0,700302,-1025377,-325075
