Date,Open,Buy,Sell,Total
2007/01/02,0,1941000,0,1941000
2007/01/03,0,588000,-10000,578000
2007/01/04,0,12254630,-2806000,9448630
2007/01/05,0,5919000,-2424000,3495000
2007/01/08,0,434000,-30440,403560
2007/01/09,0,416000,-773000,-357000
2007/01/10,0,10109000,-1043000,9066000
2007/01/11,0,1430000,-2892149,-1462149
2007/01/12,0,1005000,-440000,565000
2007/01/15,0,438000,-162000,276000
2007/01/16,0,625000,-6455000,-5830000
2007/01/17,0,7043000,-3143901,3899099
2007/01/18,0,1419000,-4346000,-2927000
2007/01/19,0,4647000,-13857000,-9210000
2007/01/22,0,7639000,-4677864,2961136
2007/01/23,0,6043000,-289000,5754000
2007/01/24,0,10910000,-5775062,5134938
2007/01/25,0,2702000,-7436000,-4734000
2007/01/26,0,1048000,-1824000,-776000
2007/01/29,0,206000,-518000,-312000
2007/01/30,0,2405000,-2006471,398529
2007/01/31,0,2311000,-2444828,-133828
2007/02/01,0,1800000,-7665000,-5865000
2007/02/02,0,2301000,-2371000,-70000
2007/02/05,0,324000,-977000,-653000
2007/02/06,0,202000,-126000,76000
2007/02/07,0,35000,-5106000,-5071000
2007/02/08,0,2989000,-11301000,-8312000
2007/02/09,0,3213000,-3957000,-744000
2007/02/12,0,3996000,-597000,3399000
2007/02/13,0,4129000,-552777,3576223
2007/02/14,0,2575000,-1669927,905073
2007/02/15,0,0,0,0
2007/02/16,0,0,0,0
2007/02/19,0,0,0,0
2007/02/20,0,0,0,0
2007/02/21,0,0,0,0
2007/02/22,0,0,0,0
2007/02/23,0,0,0,0
2007/02/26,0,4229000,-4004393,224607
2007/02/27,0,5203000,-561000,4642000
2007/02/28,0,0,0,0
2007/03/01,0,4033800,-1474000,2559800
2007/03/02,0,6014000,-911000,5103000
2007/03/05,0,5564000,-919000,4645000
2007/03/06,0,6013000,-1683000,4330000
2007/03/07,0,3316000,-8565577,-5249577
2007/03/08,0,2106000,-5478000,-3372000
2007/03/09,0,31000,-312000,-281000
2007/03/12,0,789000,-13144785,-12355785
2007/03/13,0,80000,-259105,-179105
2007/03/14,0,5000,-526000,-521000
2007/03/15,0,161000,-2050000,-1889000
2007/03/16,0,330100,-440000,-109900
2007/03/19,0,3000,-649000,-646000
2007/03/20,0,2638000,-4848048,-2210048
2007/03/21,0,54100,-6866000,-6811900
2007/03/22,0,2139100,-527000,1612100
2007/03/23,0,3423000,-256000,3167000
2007/03/26,0,104000,-558000,-454000
2007/03/27,0,1660100,-10574000,-8913900
2007/03/28,0,1055000,-7852000,-6797000
2007/03/29,0,429000,-6995104,-6566104
2007/03/30,0,1930000,-2956000,-1026000
2007/04/02,0,1901000,-4498000,-2597000
2007/04/03,0,37000,-650000,-613000
2007/04/04,0,2864200,-3542000,-677800
2007/04/05,0,0,0,0
2007/04/06,0,0,0,0
2007/04/09,0,775200,-2000,773200
2007/04/10,0,2111200,-1808000,303200
2007/04/11,0,484000,-4994954,-4510954
2007/04/12,0,359200,-1493000,-1133800
2007/04/13,0,1033000,-173000,860000
2007/04/16,0,284000,-512000,-228000
2007/04/17,0,36400,-705245,-668845
2007/04/18,0,0,-5112000,-5112000
2007/04/19,0,317000,-3534000,-3217000
2007/04/20,0,556200,-4095000,-3538800
2007/04/23,0,238000,-3000,235000
2007/04/24,0,552000,-249000,303000
2007/04/25,0,10122000,-10000,10112000
2007/04/26,0,991000,-537000,454000
2007/04/27,0,728000,-2111240,-1383240
2007/04/30,0,848000,-2208005,-1360005
2007/05/01,0,0,0,0
2007/05/02,0,268000,-408576,-140576
2007/05/03,0,1194200,0,1194200
2007/05/04,0,5442000,-399000,5043000
2007/05/07,0,2246000,-1162000,1084000
2007/05/08,0,867000,-831332,35668
2007/05/09,0,670000,-3333000,-2663000
2007/05/10,0,1404000,-3387000,-1983000
2007/05/11,0,180000,-6938980,-6758980
2007/05/14,0,2923000,-1708000,1215000
2007/05/15,0,383480,-821000,-437520
2007/05/16,0,140000,-9258000,-9118000
2007/05/17,0,21324000,-22844952,-1520952
2007/05/18,0,1966000,-4615440,-2649440
2007/05/21,0,6307000,-15249095,-8942095
2007/05/22,0,8957000,-7820019,1136981
2007/05/23,0,7425000,-15268000,-7843000
2007/05/24,0,4685994,-4562926,123068
2007/05/25,0,2147003,-11657383,-9510380
2007/05/28,0,5196000,-3321648,1874352
2007/05/29,0,3118000,-33000,3085000
2007/05/30,0,1446000,-2396000,-950000
2007/05/31,0,40491147,-19428999,21062148
2007/06/01,0,4042000,-4594000,-552000
2007/06/04,0,3153000,-938000,2215000
2007/06/05,0,5029000,-6757866,-1728866
2007/06/06,0,2965000,-650000,2315000
2007/06/07,0,904000,-680000,224000
2007/06/08,0,1942000,-262000,1680000
2007/06/11,0,3535000,-410000,3125000
2007/06/12,0,2507000,-2650282,-143282
2007/06/13,0,2907000,-5021000,-2114000
2007/06/14,0,952000,-84000,868000
2007/06/15,0,1555300,-635500,919800
2007/06/18,0,0,0,0
2007/06/19,0,0,0,0
2007/06/20,0,11848000,-9886000,1962000
2007/06/21,0,12802000,-1111696,11690304
2007/06/22,0,4575000,-1204300,3370700
2007/06/25,0,2070938,-6661000,-4590062
2007/06/26,0,1899000,-1731000,168000
2007/06/27,0,1094713,-2743000,-1648287
2007/06/28,0,1656000,-1429218,226782
2007/06/29,0,474000,-875005,-401005
2007/07/02,0,384000,-3307000,-2923000
2007/07/03,0,3211000,-212000,2999000
2007/07/04,0,3582000,-169000,3413000
2007/07/05,0,2384000,-442000,1942000
2007/07/06,0,3032000,-4172000,-1140000
2007/07/09,0,23451000,-7835000,15616000
2007/07/10,0,9792000,-3017731,6774269
2007/07/11,0,10634000,-4513397,6120603
2007/07/12,0,1336000,-5464000,-4128000
2007/07/13,0,1850000,-2313000,-463000
2007/07/16,0,1781000,-4010000,-2229000
2007/07/17,0,1964000,-4580000,-2616000
2007/07/18,0,10166881,-5647911,4518970
2007/07/19,0,10054000,-10646099,-592099
2007/07/20,0,7635000,-3597000,4038000
2007/07/23,0,1134000,-2681347,-1547347
2007/07/24,0,4968001,-1421000,3547001
2007/07/25,0,851000,-7286914,-6435914
2007/07/26,0,2188000,-3003000,-815000
2007/07/27,0,7368000,-11396000,-4028000
2007/07/30,0,3103000,-5562419,-2459419
2007/07/31,0,2345000,-4213000,-1868000
2007/08/01,0,1183325,-8768000,-7584675
2007/08/02,0,3837000,-3975210,-138210
2007/08/03,0,7439669,-8574000,-1134331
2007/08/06,0,5264029,-1675782,3588247
2007/08/07,0,873000,-1053000,-180000
2007/08/08,0,1088000,-811000,277000
2007/08/09,0,445000,-79000,366000
2007/08/10,0,1135000,-2668000,-1533000
2007/08/13,0,1527000,-560522,966478
2007/08/14,0,478000,-1020000,-542000
2007/08/15,0,705144,-3104000,-2398856
2007/08/16,0,1478000,-3967000,-2489000
2007/08/17,0,2001000,-3562478,-1561478
2007/08/20,0,717000,-2002000,-1285000
2007/08/21,0,535000,-65000,470000
2007/08/22,0,3225000,-464961,2760039
2007/08/23,0,5659000,-474000,5185000
2007/08/24,0,1950000,-2964000,-1014000
2007/08/27,0,486000,-3867286,-3381286
2007/08/28,0,399000,-1148642,-749642
2007/08/29,0,2321608,-4121185,-1799577
2007/08/30,0,3783000,-2777000,1006000
2007/08/31,0,9473000,-479000,8994000
2007/09/03,0,3104325,-14107000,-11002675
2007/09/04,0,1258000,-1535069,-277069
2007/09/05,0,791000,-2788318,-1997318
2007/09/06,0,3140000,-618000,2522000
2007/09/07,0,8859000,-3256970,5602030
2007/09/10,0,1435000,-2035989,-600989
2007/09/11,0,1007000,-2993000,-1986000
2007/09/12,0,309000,-2297000,-1988000
2007/09/13,0,311000,-446000,-135000
2007/09/14,0,2395000,-1083165,1311835
2007/09/17,0,112000,-1576975,-1464975
2007/09/18,0,0,0,0
2007/09/19,0,12865840,-9503232,3362608
2007/09/20,0,4363000,-8000,4355000
2007/09/21,0,2850000,-4445988,-1595988
2007/09/24,0,0,0,0
2007/09/25,0,0,0,0
2007/09/26,0,6388000,-3048000,3340000
2007/09/27,0,5968000,-799117,5168883
2007/09/28,0,4906556,-1293180,3613376
2007/10/01,0,2234000,-1659000,575000
2007/10/02,0,3310000,-3091000,219000
2007/10/03,0,7520412,-5671224,1849188
2007/10/04,0,3934000,-4813000,-879000
2007/10/05,0,1503000,-1543000,-40000
2007/10/08,0,1780000,-4271960,-2491960
2007/10/09,0,8011000,-8780846,-769846
2007/10/10,0,0,0,0
2007/10/11,0,6440000,-4710000,1730000
2007/10/12,0,4653000,-2783000,1870000
2007/10/15,0,629000,-3353000,-2724000
2007/10/16,0,6546000,-3166873,3379127
2007/10/17,0,303000,-2664166,-2361166
2007/10/18,0,1420000,-6209000,-4789000
2007/10/19,0,63000,-5484206,-5421206
2007/10/22,0,1274000,-11226146,-9952146
2007/10/23,0,4052000,-7684500,-3632500
2007/10/24,0,776000,-9131898,-8355898
2007/10/25,0,1447095,-5589000,-4141905
2007/10/26,0,6691000,-4000,6687000
2007/10/29,0,3051000,-606000,2445000
2007/10/30,0,383000,-8528795,-8145795
2007/10/31,0,2999000,-6822672,-3823672
2007/11/01,0,2236000,-647751,1588249
2007/11/02,0,2519000,-1454000,1065000
2007/11/05,0,625000,-4213000,-3588000
2007/11/06,0,130000,-1282835,-1152835
2007/11/07,0,389000,-5437000,-5048000
2007/11/08,0,2958000,-10603000,-7645000
2007/11/09,0,11089989,-1605104,9484885
2007/11/12,0,4406649,-10979000,-6572351
2007/11/13,0,7424903,-8407000,-982097
2007/11/14,0,4254753,-2770000,1484753
2007/11/15,0,253000,-2755000,-2502000
2007/11/16,0,1142000,-5466000,-4324000
2007/11/19,0,38000,-7401000,-7363000
2007/11/20,0,1826000,-3637000,-1811000
2007/11/21,0,616000,-9064501,-8448501
2007/11/22,0,889000,-1916428,-1027428
2007/11/23,0,409000,-2018370,-1609370
2007/11/26,0,3299000,-3127000,172000
2007/11/27,0,1941000,-3035000,-1094000
2007/11/28,0,497000,-2804212,-2307212
2007/11/29,0,2935471,-3944000,-1008529
2007/11/30,0,7312000,-8919000,-1607000
2007/12/03,0,9724733,-937000,8787733
2007/12/04,0,9000,-3711000,-3702000
2007/12/05,0,1263000,-4742000,-3479000
2007/12/06,0,7879000,-5182523,2696477
2007/12/07,0,2235000,-1359345,875655
2007/12/10,0,1314000,-5665000,-4351000
2007/12/11,0,757000,-590000,167000
2007/12/12,0,2341000,-3211000,-870000
2007/12/13,0,654000,-1765096,-1111096
2007/12/14,0,7191000,-4754000,2437000
2007/12/17,0,5762000,-930000,4832000
2007/12/18,0,5742000,-2939571,2802429
2007/12/19,0,10000,-3799860,-3789860
2007/12/20,0,579000,-726000,-147000
2007/12/21,0,1997000,-958000,1039000
2007/12/24,0,105000,-405000,-300000
2007/12/25,0,93000,-113000,-20000
2007/12/26,0,607000,-1094000,-487000
2007/12/27,0,1832000,-2331000,-499000
2007/12/28,0,3130000,-1563000,1567000
2007/12/31,0,275000,-664000,-389000
2008/01/01,0,0,0,0
2008/01/02,0,1009000,-2133449,-1124449
2008/01/03,0,3181000,-2866000,315000
2008/01/04,0,1763000,-1621000,142000
2008/01/07,0,86000,-5625000,-5539000
2008/01/08,0,360000,-903000,-543000
2008/01/09,0,2159000,-2934164,-775164
2008/01/10,0,1431000,-669000,762000
2008/01/11,0,483000,-1904000,-1421000
2008/01/14,0,4295000,-1375373,2919627
2008/01/15,0,5957000,-2549152,3407848
2008/01/16,0,1290000,-2192521,-902521
2008/01/17,0,2716001,-4202000,-1485999
2008/01/18,0,5235533,-4522557,712976
2008/01/21,0,1403000,-5692000,-4289000
2008/01/22,0,7426000,-3966000,3460000
2008/01/23,0,3595000,-4991319,-1396319
2008/01/24,0,8829000,-4402871,4426129
2008/01/25,0,837000,-2619000,-1782000
2008/01/28,0,567000,-6227995,-5660995
2008/01/29,0,4378195,-7071000,-2692805
2008/01/30,0,8210449,-6766000,1444449
2008/01/31,0,6815000,-949275,5865725
2008/02/01,0,1188000,-2174000,-986000
2008/02/04,0,0,0,0
2008/02/05,0,0,0,0
2008/02/06,0,0,0,0
2008/02/07,0,0,0,0
2008/02/08,0,0,0,0
2008/02/11,0,0,0,0
2008/02/12,0,2997000,-4769966,-1772966
2008/02/13,0,1328000,-4801392,-3473392
2008/02/14,0,3926000,-5299000,-1373000
2008/02/15,0,867000,-624000,243000
2008/02/18,0,1164000,-1433000,-269000
2008/02/19,0,3102000,-336000,2766000
2008/02/20,0,857000,-2345000,-1488000
2008/02/21,0,2994000,-1821575,1172425
2008/02/22,0,4676000,-1486000,3190000
2008/02/25,0,2721000,-651000,2070000
2008/02/26,0,3079000,-663000,2416000
2008/02/27,0,6760000,-2957138,3802862
2008/02/28,0,0,0,0
2008/02/29,0,2943805,-3231730,-287925
2008/03/03,0,1226888,-4933000,-3706112
2008/03/04,0,4487000,-246000,4241000
2008/03/05,0,2704000,-1041000,1663000
2008/03/06,0,8969000,-3940219,5028781
2008/03/07,0,2701000,-72000,2629000
2008/03/10,0,3319000,-2349195,969805
2008/03/11,0,2406000,-963442,1442558
2008/03/12,0,6283031,-453845,5829186
2008/03/13,0,1506000,-1524000,-18000
2008/03/14,0,966000,-2989000,-2023000
2008/03/17,0,3487000,-4867000,-1380000
2008/03/18,0,2760000,-2144492,615508
2008/03/19,0,3497000,-681000,2816000
2008/03/20,0,2148000,-806000,1342000
2008/03/21,0,4497000,-182000,4315000
2008/03/24,0,8096000,-486000,7610000
2008/03/25,0,5089000,-278214,4810786
2008/03/26,0,4118000,-265707,3852293
2008/03/27,0,844589,-658055,186534
2008/03/28,0,6157589,-4910208,1247381
2008/03/31,0,3858767,-1631990,2226777
2008/04/01,0,4389775,-1788000,2601775
2008/04/02,0,9763000,-281000,9482000
2008/04/03,0,1669000,-2352141,-683141
2008/04/04,0,0,0,0
2008/04/07,0,1799000,-346000,1453000
2008/04/08,0,3278000,-7098000,-3820000
2008/04/09,0,1210000,-1929000,-719000
2008/04/10,0,2615000,-1012019,1602981
2008/04/11,0,1204000,-341115,862885
2008/04/14,0,557000,-1486000,-929000
2008/04/15,0,549000,-671000,-122000
2008/04/16,0,752000,-137000,615000
2008/04/17,0,14625000,-877000,13748000
2008/04/18,0,1219000,-1091002,127998
2008/04/21,0,5866000,-380000,5486000
2008/04/22,0,216000,-1707000,-1491000
2008/04/23,0,2301000,-2001144,299856
2008/04/24,0,424000,-873000,-449000
2008/04/25,0,3942000,-2353000,1589000
2008/04/28,0,3415000,-1380000,2035000
2008/04/29,0,941000,-3621000,-2680000
2008/04/30,0,1370000,-2077000,-707000
2008/05/01,0,0,0,0
2008/05/02,0,1573000,-436000,1137000
2008/05/05,0,126000,-2568000,-2442000
2008/05/06,0,2484000,-250000,2234000
2008/05/07,0,1075000,-432000,643000
2008/05/08,0,2317000,-3270000,-953000
2008/05/09,0,263000,-2625099,-2362099
2008/05/12,0,918000,-548000,370000
2008/05/13,0,2313000,-223000,2090000
2008/05/14,0,2601000,-436000,2165000
2008/05/15,0,4105000,-198000,3907000
2008/05/16,0,4206000,-265000,3941000
2008/05/19,0,1676000,-213000,1463000
2008/05/20,0,2278000,-4807000,-2529000
2008/05/21,0,1618000,-2613347,-995347
2008/05/22,0,667000,-4563000,-3896000
2008/05/23,0,635000,-2933000,-2298000
2008/05/26,0,1093000,-1669000,-576000
2008/05/27,0,417000,-769000,-352000
2008/05/28,0,21000,-2637000,-2616000
2008/05/29,0,1451000,-2453000,-1002000
2008/05/30,0,2411000,-4487833,-2076833
2008/06/02,0,887000,-4157090,-3270090
2008/06/03,0,715315,-8371423,-7656108
2008/06/04,0,1480000,-6309599,-4829599
2008/06/05,0,2065000,-2174000,-109000
2008/06/06,0,494000,-831674,-337674
2008/06/09,0,196000,-1474000,-1278000
2008/06/10,0,30000,-6024335,-5994335
2008/06/11,0,656000,-929000,-273000
2008/06/12,0,3322000,-9342288,-6020288
2008/06/13,0,3589000,-9899400,-6310400
2008/06/16,0,2770000,-6314000,-3544000
2008/06/17,0,2820000,-2234000,586000
2008/06/18,0,250000,-2039000,-1789000
2008/06/19,0,987000,-9404388,-8417388
2008/06/20,0,1675203,-2427149,-751946
2008/06/23,0,1262000,-415000,847000
2008/06/24,0,2653000,-3176000,-523000
2008/06/25,0,5319370,-1020967,4298403
2008/06/26,0,3808000,-1457000,2351000
2008/06/27,0,5979000,-2853000,3126000
2008/06/30,0,4965000,-4029000,936000
2008/07/01,0,2768000,-2591000,177000
2008/07/02,0,692010,-2664000,-1971990
2008/07/03,0,876000,-4639000,-3763000
2008/07/04,0,592000,-2352000,-1760000
2008/07/07,0,1772000,-443037,1328963
2008/07/08,0,362000,-4325000,-3963000
2008/07/09,0,3308000,-251000,3057000
2008/07/10,0,2313000,-438000,1875000
2008/07/11,0,1168000,-1556000,-388000
2008/07/14,0,1839000,-1010000,829000
2008/07/15,0,468000,-3454000,-2986000
2008/07/16,0,2364000,-1883622,480378
2008/07/17,0,2065000,-4253000,-2188000
2008/07/18,0,1727000,-2400000,-673000
2008/07/21,0,2744000,-825000,1919000
2008/07/22,0,535000,-601000,-66000
2008/07/23,0,1485000,-775218,709782
2008/07/24,0,1421000,-535000,886000
2008/07/25,0,87000,-1761000,-1674000
2008/07/28,0,0,0,0
2008/07/29,0,244000,-2199000,-1955000
2008/07/30,0,3069000,-1769000,1300000
2008/07/31,0,1355000,-2676748,-1321748
2008/08/01,0,593000,-1491000,-898000
2008/08/04,0,2567000,-1030000,1537000
2008/08/05,0,2748000,-9612395,-6864395
2008/08/06,0,4104000,-814000,3290000
2008/08/07,0,5437000,-596000,4841000
2008/08/08,0,3355000,-8537000,-5182000
2008/08/11,0,573000,-1272000,-699000
2008/08/12,0,2517000,-1808000,709000
2008/08/13,0,1528000,-2561000,-1033000
2008/08/14,0,2009000,-1488975,520025
2008/08/15,0,2606000,-5439000,-2833000
2008/08/18,0,650000,-3018000,-2368000
2008/08/19,0,440000,-2232000,-1792000
2008/08/20,0,2508000,-2281000,227000
2008/08/21,0,166000,-1786022,-1620022
2008/08/22,0,1025000,-1109029,-84029
2008/08/25,0,2074000,-939000,1135000
2008/08/26,0,108000,-330000,-222000
2008/08/27,0,2759000,-965000,1794000
2008/08/28,0,3945000,-2682000,1263000
2008/08/29,0,868000,-687534,180466
2008/09/01,0,385000,-3482000,-3097000
2008/09/02,0,436000,-3978000,-3542000
2008/09/03,0,4050000,-483000,3567000
2008/09/04,0,2374000,-2535000,-161000
2008/09/05,0,3425000,-2458000,967000
2008/09/08,0,964000,-1179000,-215000
2008/09/09,0,717000,-484000,233000
2008/09/10,0,5109000,-9751072,-4642072
2008/09/11,0,12801000,-7620000,5181000
2008/09/12,0,543000,-1475000,-932000
2008/09/15,0,587000,-3739000,-3152000
2008/09/16,0,2360696,-1870000,490696
2008/09/17,0,824000,-5782000,-4958000
2008/09/18,0,379000,-4205000,-3826000
2008/09/19,0,6843000,-4760000,2083000
2008/09/22,0,2954000,-5087000,-2133000
2008/09/23,0,3526000,-6448000,-2922000
2008/09/24,0,1051902,-3146902,-2095000
2008/09/25,0,10090000,-365000,9725000
2008/09/26,0,1581000,-6577000,-4996000
2008/09/29,0,0,0,0
2008/09/30,0,6937000,-2000370,4936630
2008/10/01,0,2104000,-2386000,-282000
2008/10/02,0,2374000,-1896000,478000
2008/10/03,0,3695000,-1394000,2301000
2008/10/06,0,2016000,-4885000,-2869000
2008/10/07,0,1745000,-593000,1152000
2008/10/08,0,1036000,-4562224,-3526224
2008/10/09,0,2512000,-2887000,-375000
2008/10/10,0,0,0,0
2008/10/13,0,4926000,-1177000,3749000
2008/10/14,0,1498000,-310000,1188000
2008/10/15,0,1264000,-656000,608000
2008/10/16,0,0,-681000,-681000
2008/10/17,0,3123000,-1997000,1126000
2008/10/20,0,547000,-2044000,-1497000
2008/10/21,0,1329000,-2226000,-897000
2008/10/22,0,1903000,-1597000,306000
2008/10/23,0,3367000,-917000,2450000
2008/10/24,0,0,-551000,-551000
2008/10/27,0,18000,-422000,-404000
2008/10/28,0,551806,-1725191,-1173385
2008/10/29,0,1444000,-8151000,-6707000
2008/10/30,0,3966000,-2970000,996000
2008/10/31,0,1110000,-3203000,-2093000
2008/11/03,0,2806000,-2095000,711000
2008/11/04,0,7225000,-784000,6441000
2008/11/05,0,2095000,-2578000,-483000
2008/11/06,0,325000,-1564000,-1239000
2008/11/07,0,1473000,-4240000,-2767000
2008/11/10,0,1581000,-597000,984000
2008/11/11,0,850000,-2426904,-1576904
2008/11/12,0,877000,-3664000,-2787000
2008/11/13,0,655000,-2530000,-1875000
2008/11/14,0,1890000,-3391000,-1501000
2008/11/17,0,2330000,-1278000,1052000
2008/11/18,0,1205000,-1061000,144000
2008/11/19,0,592000,-2098000,-1506000
2008/11/20,0,391000,-1492128,-1101128
2008/11/21,0,3563000,-1553000,2010000
2008/11/24,0,220000,-1990000,-1770000
2008/11/25,0,2225000,-1598822,626178
2008/11/26,0,2700000,-1685510,1014490
2008/11/27,0,1212000,-336000,876000
2008/11/28,0,1891000,-801000,1090000
2008/12/01,0,2963000,-1394000,1569000
2008/12/02,0,3601000,-3535000,66000
2008/12/03,0,1746000,-1400000,346000
2008/12/04,0,332000,-1305000,-973000
2008/12/05,0,1807000,-564922,1242078
2008/12/08,0,9300000,-272116,9027884
2008/12/09,0,2998000,-870000,2128000
2008/12/10,0,3726064,-245000,3481064
2008/12/11,0,4083000,-540000,3543000
2008/12/12,0,1125000,-2975000,-1850000
2008/12/15,0,4461000,-111000,4350000
2008/12/16,0,7010000,-123000,6887000
2008/12/17,0,6813000,-3280000,3533000
2008/12/18,0,6670000,-4368656,2301344
2008/12/19,0,403000,-1994000,-1591000
2008/12/22,0,4778000,-9977000,-5199000
2008/12/23,0,687918,-5700000,-5012082
2008/12/24,0,2393000,-6764000,-4371000
2008/12/25,0,471000,-949000,-478000
2008/12/26,0,860000,-526000,334000
2008/12/29,0,1067000,-400000,667000
2008/12/30,0,2840000,-448000,2392000
2008/12/31,0,437000,-1802000,-1365000
2009/01/01,0,0,0,0
2009/01/02,0,0,0,0
2009/01/05,0,2153000,-679000,1474000
2009/01/06,0,3341086,-416000,2925086
2009/01/07,0,3102258,-661000,2441258
2009/01/08,0,263000,-3104000,-2841000
2009/01/09,0,3288000,-1857000,1431000
2009/01/12,0,1248895,-2087918,-839023
2009/01/13,0,1732137,-712000,1020137
2009/01/14,0,2220000,-827000,1393000
2009/01/15,0,865000,-7515000,-6650000
2009/01/16,0,327000,-1273000,-946000
2009/01/19,0,1599000,-519630,1079370
2009/01/20,0,3260000,-4369000,-1109000
2009/01/21,0,4009000,-1578000,2431000
2009/01/22,0,0,0,0
2009/01/23,0,0,0,0
2009/01/26,0,0,0,0
2009/01/27,0,0,0,0
2009/01/28,0,0,0,0
2009/01/29,0,0,0,0
2009/01/30,0,0,0,0
2009/02/02,0,5084000,-5954196,-870196
2009/02/03,0,1342000,-1655450,-313450
2009/02/04,0,1168000,-1147000,21000
2009/02/05,0,2151000,-794000,1357000
2009/02/06,0,2281000,-342000,1939000
2009/02/09,0,589000,-372000,217000
2009/02/10,0,1762000,-699000,1063000
2009/02/11,0,2160000,-1609000,551000
2009/02/12,0,6175000,-3219000,2956000
2009/02/13,0,1689000,-216000,1473000
2009/02/16,0,4684000,-559000,4125000
2009/02/17,0,542000,-924540,-382540
2009/02/18,0,6365000,-3908000,2457000
2009/02/19,0,3703000,-1172000,2531000
2009/02/20,0,717000,-3083000,-2366000
2009/02/23,0,1757000,-462000,1295000
2009/02/24,0,10263748,-12551190,-2287442
2009/02/25,0,1340000,-566900,773100
2009/02/26,0,1549000,-2788100,-1239100
2009/02/27,0,667000,-3548799,-2881799
2009/03/02,0,2823123,-8964638,-6141515
2009/03/03,0,2091000,-1210000,881000
2009/03/04,0,1593000,-1048000,545000
2009/03/05,0,1651000,-849000,802000
2009/03/06,0,2048000,-1687000,361000
2009/03/09,0,2618000,-2261000,357000
2009/03/10,0,1286000,-1130000,156000
2009/03/11,0,1037000,-483992,553008
2009/03/12,0,1333000,-1246000,87000
2009/03/13,0,7190000,-4000,7186000
2009/03/16,0,1214000,-2265000,-1051000
2009/03/17,0,5021000,-2376000,2645000
2009/03/18,0,4989000,-1288000,3701000
2009/03/19,0,234000,-4118000,-3884000
2009/03/20,0,818000,-1890840,-1072840
2009/03/23,0,2654000,-5298435,-2644435
2009/03/24,0,1823000,-1114000,709000
2009/03/25,0,4452000,-1129250,3322750
2009/03/26,0,847000,-400000,447000
2009/03/27,0,2528000,-471000,2057000
2009/03/30,0,8459000,-8940000,-481000
2009/03/31,0,1884000,-3040000,-1156000
2009/04/01,0,3696000,-3457610,238390
2009/04/02,0,5105000,-3879000,1226000
2009/04/03,0,2889000,-1459990,1429010
2009/04/06,0,825000,-2400000,-1575000
2009/04/07,0,5968000,-6729000,-761000
2009/04/08,0,3939000,-4665000,-726000
2009/04/09,0,4141000,-2884000,1257000
2009/04/10,0,3348000,-1797000,1551000
2009/04/13,0,1672000,-2523000,-851000
2009/04/14,0,2422640,-1233000,1189640
2009/04/15,0,4882000,-3067000,1815000
2009/04/16,0,1230000,-1023000,207000
2009/04/17,0,5075840,-1824000,3251840
2009/04/20,0,2157000,-8143000,-5986000
2009/04/21,0,1211000,-21971000,-20760000
2009/04/22,0,7998000,-4758000,3240000
2009/04/23,0,8144000,-4351000,3793000
2009/04/24,0,2357000,-6128000,-3771000
2009/04/27,0,1957358,-5331000,-3373642
2009/04/28,0,4000000,-4224000,-224000
2009/04/29,0,4075000,-2497000,1578000
2009/04/30,0,6456683,-549000,5907683
2009/05/01,0,0,0,0
2009/05/04,0,7829000,-1207000,6622000
2009/05/05,0,3253000,-78000,3175000
2009/05/06,0,1000000,0,1000000
2009/05/07,0,1018000,-12141000,-11123000
2009/05/08,0,6599555,-1879000,4720555
2009/05/11,0,8570000,-1465000,7105000
2009/05/12,0,2216000,-2150209,65791
2009/05/13,0,8628690,-1275000,7353690
2009/05/14,0,6428000,-4384000,2044000
2009/05/15,0,5674000,-6487000,-813000
2009/05/18,0,373000,-453000,-80000
2009/05/19,0,9134000,-2000,9132000
2009/05/20,0,1496000,-36000,1460000
2009/05/21,0,8265070,-5928070,2337000
2009/05/22,0,2216000,-1866000,350000
2009/05/25,0,4606000,-798096,3807904
2009/05/26,0,4302000,-3100000,1202000
2009/05/27,0,4614096,-6073382,-1459286
2009/05/28,0,0,0,0
2009/05/29,0,0,0,0
2009/06/01,0,1720000,-1439000,281000
2009/06/02,0,3234000,-2772000,462000
2009/06/03,0,3547000,-3584000,-37000
2009/06/04,0,3161000,-2662000,499000
2009/06/05,0,3586531,-2476524,1110007
2009/06/08,0,419000,-566000,-147000
2009/06/09,0,451000,-626000,-175000
2009/06/10,0,2058444,-317000,1741444
2009/06/11,0,2467848,-780700,1687148
2009/06/12,0,500000,-645000,-145000
2009/06/15,0,120000,-100000,20000
2009/06/16,0,67000,-219000,-152000
2009/06/17,0,17000,-931000,-914000
2009/06/18,0,7000,-510000,-503000
2009/06/19,0,153002,-1694000,-1540998
2009/06/22,0,177000,-440000,-263000
2009/06/23,0,0,-518000,-518000
2009/06/24,0,0,-635026,-635026
2009/06/25,0,885000,-734000,151000
2009/06/26,0,655000,0,655000
2009/06/29,0,0,-888000,-888000
2009/06/30,0,1365000,-1440143,-75143
2009/07/01,0,800000,0,800000
2009/07/02,0,601000,-659000,-58000
2009/07/03,0,990000,-90190,899810
2009/07/06,0,755000,-33000,722000
2009/07/07,0,584000,-620280,-36280
2009/07/08,0,113000,-859000,-746000
2009/07/09,0,224000,-707000,-483000
2009/07/10,0,97000,-711000,-614000
2009/07/13,0,0,-1581000,-1581000
2009/07/14,0,531000,-780100,-249100
2009/07/15,0,1809000,-800000,1009000
2009/07/16,0,64000,-1566000,-1502000
2009/07/17,0,324773,-16710,308063
2009/07/20,0,179000,-658000,-479000
2009/07/21,0,1387000,-1620000,-233000
2009/07/22,0,985000,-679921,305079
2009/07/23,0,1497000,-1093440,403560
2009/07/24,0,1047000,-15000,1032000
2009/07/27,0,1876000,-184552,1691448
2009/07/28,0,1367000,-2072000,-705000
2009/07/29,0,1903000,-851000,1052000
2009/07/30,0,813000,-1184137,-371137
2009/07/31,0,418000,-579000,-161000
2009/08/03,0,543000,-3946000,-3403000
2009/08/04,0,2581000,-3280000,-699000
2009/08/05,0,2072000,-1011000,1061000
2009/08/06,0,909000,-3535000,-2626000
2009/08/07,0,0,0,0
2009/08/10,0,1778273,-429000,1349273
2009/08/11,0,264000,-1936000,-1672000
2009/08/12,0,0,-671000,-671000
2009/08/13,0,0,0,0
2009/08/14,0,0,0,0
2009/08/17,0,0,0,0
2009/08/18,0,0,0,0
2009/08/19,0,0,0,0
2009/08/20,0,0,0,0
2009/08/21,0,0,0,0
2009/08/24,0,0,0,0
2009/08/25,0,0,0,0
2009/08/26,0,299000,0,299000
2009/08/27,0,1918000,-20002,1897998
2009/08/28,0,1720000,-732000,988000
2009/08/31,0,2341000,-946607,1394393
2009/09/01,0,3291000,-1023159,2267841
2009/09/02,0,290000,-16692,273308
2009/09/03,0,3023000,-27000,2996000
2009/09/04,0,4674000,-497650,4176350
2009/09/07,0,808000,-65000,743000
2009/09/08,0,1283000,-2000,1281000
2009/09/09,0,1600000,-216000,1384000
2009/09/10,0,2806000,-6830,2799170
2009/09/11,0,2546000,-535000,2011000
2009/09/14,0,2438000,-422335,2015665
2009/09/15,0,2360000,-963264,1396736
2009/09/16,0,513910,-1627000,-1113090
2009/09/17,0,1024000,-1037870,-13870
2009/09/18,0,2507911,-1088911,1419000
2009/09/21,0,2861000,-229000,2632000
2009/09/22,0,7402900,-3210000,4192900
2009/09/23,0,1618396,-1576282,42114
2009/09/24,0,114361,-18000,96361
2009/09/25,0,14000,-31660,-17660
2009/09/28,0,310000,-146000,164000
2009/09/29,0,279000,-200526,78474
2009/09/30,0,444000,0,444000
2009/10/01,0,70000,-73000,-3000
2009/10/02,0,363533,-716000,-352467
2009/10/05,0,315774,-970774,-655000
2009/10/06,0,64000,-4000,60000
2009/10/07,0,116000,0,116000
2009/10/08,0,661705,-66000,595705
2009/10/09,0,150000,-190000,-40000
2009/10/12,0,70000,-398000,-328000
2009/10/13,0,246550,-800078,-553528
2009/10/14,0,206000,-542561,-336561
2009/10/15,0,725000,-403000,322000
2009/10/16,0,260000,-191000,69000
2009/10/19,0,165000,-28756,136244
2009/10/20,0,132000,-1073000,-941000
2009/10/21,0,613000,-1069501,-456501
2009/10/22,0,491000,-346000,145000
2009/10/23,0,150000,-950347,-800347
2009/10/26,0,315000,0,315000
2009/10/27,0,159000,-35000,124000
2009/10/28,0,186000,-1050000,-864000
2009/10/29,0,1086000,-416000,670000
2009/10/30,0,1673000,-550000,1123000
2009/11/02,0,683000,-1000000,-317000
2009/11/03,0,536000,-564482,-28482
2009/11/04,0,1071000,-230518,840482
2009/11/05,0,1509591,-458000,1051591
2009/11/06,0,797278,-56000,741278
2009/11/09,0,513000,-103001,409999
2009/11/10,0,951000,-199000,752000
2009/11/11,0,744000,-453005,290995
2009/11/12,0,1703668,-794790,908878
2009/11/13,0,1088198,-1383000,-294802
2009/11/16,0,1093384,-706000,387384
2009/11/17,0,507000,-840915,-333915
2009/11/18,0,1190000,-867264,322736
2009/11/19,0,1621798,-1770000,-148202
2009/11/20,0,1670000,-1664970,5030
2009/11/23,0,1338000,-3078135,-1740135
2009/11/24,0,264000,-381000,-117000
2009/11/25,0,2230325,-470000,1760325
2009/11/26,0,253000,-55000,198000
2009/11/27,0,42000,-2340181,-2298181
2009/11/30,0,2703630,-5104535,-2400905
2009/12/01,0,681000,-1486780,-805780
2009/12/02,0,3188000,-236000,2952000
2009/12/03,0,5902445,-4514228,1388217
2009/12/04,0,4484629,-41000,4443629
2009/12/07,0,748000,-1189000,-441000
2009/12/08,0,3451000,-784000,2667000
2009/12/09,0,1837000,-1291160,545840
2009/12/10,0,338000,-2049113,-1711113
2009/12/11,0,560000,-417000,143000
2009/12/14,0,2753000,-261000,2492000
2009/12/15,0,5375000,-8492000,-3117000
2009/12/16,0,2876000,-5325000,-2449000
2009/12/17,0,1503860,-947026,556834
2009/12/18,0,1042000,-616000,426000
2009/12/21,0,136000,-309000,-173000
2009/12/22,0,81000,-306000,-225000
2009/12/23,0,54000,-1630759,-1576759
2009/12/24,0,3806000,-191774,3614226
2009/12/25,0,1366000,-1365705,295
2009/12/28,0,6765000,-459000,6306000
2009/12/29,0,8456000,-1299961,7156039
2009/12/30,0,2171000,-1124773,1046227
2009/12/31,0,559000,-760604,-201604
2010/01/01,0,0,0,0
2010/01/04,0,1848000,-238308,1609692
2010/01/05,0,11860000,-1440000,10420000
2010/01/06,0,4223000,-977465,3245535
2010/01/07,0,3150000,-618288,2531712
2010/01/08,0,1458850,-8172713,-6713863
2010/01/11,0,223000,-46000,177000
2010/01/12,0,9673000,-8583776,1089224
2010/01/13,0,1074752,-8315000,-7240248
2010/01/14,0,1551000,-1198000,353000
2010/01/15,0,4561000,-812591,3748409
2010/01/18,0,2211039,-2112739,98300
2010/01/19,0,2816000,-2083580,732420
2010/01/20,0,1499855,-757000,742855
2010/01/21,0,1546000,-4058735,-2512735
2010/01/22,0,2291000,-4260900,-1969900
2010/01/25,0,2342610,-1006000,1336610
2010/01/26,0,2892000,-3109000,-217000
2010/01/27,0,429000,-7756120,-7327120
2010/01/28,0,3738000,-1186000,2552000
2010/01/29,0,1034000,-1656270,-622270
2010/02/01,0,755304,-1232570,-477266
2010/02/02,0,314000,-2304800,-1990800
2010/02/03,0,317520,-796000,-478480
2010/02/04,0,110988,-1044000,-933012
2010/02/05,0,262000,-690770,-428770
2010/02/08,0,361000,-1891377,-1530377
2010/02/09,0,1688000,-442018,1245982
2010/02/10,0,504000,-1110000,-606000
2010/02/11,0,0,0,0
2010/02/12,0,0,0,0
2010/02/15,0,0,0,0
2010/02/16,0,0,0,0
2010/02/17,0,0,0,0
2010/02/18,0,0,0,0
2010/02/19,0,0,0,0
2010/02/22,0,1196000,-2025364,-829364
2010/02/23,0,1408000,-672000,736000
2010/02/24,0,1141000,-897000,244000
2010/02/25,0,1903838,-7850000,-5946162
2010/02/26,0,774000,-4306101,-3532101
2010/03/01,0,750000,-2957814,-2207814
2010/03/02,0,3535000,-811000,2724000
2010/03/03,0,2314000,-2900000,-586000
2010/03/04,0,80000,-1162000,-1082000
2010/03/05,0,1096000,-720000,376000
2010/03/08,0,1105000,-478000,627000
2010/03/09,0,611240,-1456671,-845431
2010/03/10,0,1940059,-147000,1793059
2010/03/11,0,2243238,-521366,1721872
2010/03/12,0,858000,-266186,591814
2010/03/15,0,126000,-645000,-519000
2010/03/16,0,584000,-463000,121000
2010/03/17,0,4187000,-1442000,2745000
2010/03/18,0,2377000,-1620000,757000
2010/03/19,0,707000,-2438892,-1731892
2010/03/22,0,351000,-5169530,-4818530
2010/03/23,0,591000,-732000,-141000
2010/03/24,0,1737000,-599000,1138000
2010/03/25,0,2602000,-722495,1879505
2010/03/26,0,1614000,-1798000,-184000
2010/03/29,0,1871000,-1624000,247000
2010/03/30,0,1979000,-264000,1715000
2010/03/31,0,576000,-637253,-61253
2010/04/01,0,2338000,-739380,1598620
2010/04/02,0,2305000,-264000,2041000
2010/04/05,0,0,0,0
2010/04/06,0,2621000,-94000,2527000
2010/04/07,0,2336620,-1259000,1077620
2010/04/08,0,1412000,-819000,593000
2010/04/09,0,815000,-1960136,-1145136
2010/04/12,0,2007140,-300000,1707140
2010/04/13,0,234000,-1509000,-1275000
2010/04/14,0,3020000,-2798570,221430
2010/04/15,0,2272000,-185000,2087000
2010/04/16,0,2928970,-1300000,1628970
2010/04/19,0,1003000,-3233000,-2230000
2010/04/20,0,320000,-1240000,-920000
2010/04/21,0,2605000,-570000,2035000
2010/04/22,0,5024000,-2547789,2476211
2010/04/23,0,3497000,-1479002,2017998
2010/04/26,0,6197000,-1280000,4917000
2010/04/27,0,482000,-24000,458000
2010/04/28,0,587000,-1715790,-1128790
2010/04/29,0,290000,-1502000,-1212000
2010/04/30,0,2193198,-876363,1316835
2010/05/03,0,146000,-2058000,-1912000
2010/05/04,0,2469002,-2442000,27002
2010/05/05,0,1878000,-2927890,-1049890
2010/05/06,0,1158655,-4144000,-2985345
2010/05/07,0,1488000,-2980114,-1492114
2010/05/10,0,2743000,-1034340,1708660
2010/05/11,0,3567000,-3096000,471000
2010/05/12,0,3098000,-2120236,977764
2010/05/13,0,2967000,-405000,2562000
2010/05/14,0,1928000,-32000,1896000
2010/05/17,0,3355000,-893000,2462000
2010/05/18,0,4866000,-1233000,3633000
2010/05/19,0,6416000,-672002,5743998
2010/05/20,0,2682000,-1559000,1123000
2010/05/21,0,1008000,-916760,91240
2010/05/24,0,505000,-255000,250000
2010/05/25,0,522000,-1360748,-838748
2010/05/26,0,4260290,-1913000,2347290
2010/05/27,0,1560644,-1128500,432144
2010/05/28,0,3322694,-1169000,2153694
2010/05/31,0,3463000,-64000,3399000
2010/06/01,0,1157000,-927000,230000
2010/06/02,0,840000,-686000,154000
2010/06/03,0,940000,-646000,294000
2010/06/04,0,2759000,-503000,2256000
2010/06/07,0,104000,-1182163,-1078163
2010/06/08,0,324000,-187000,137000
2010/06/09,0,627000,-896000,-269000
2010/06/10,0,715000,-166000,549000
2010/06/11,0,967144,-590000,377144
2010/06/14,0,1153144,-882000,271144
2010/06/15,0,1837287,-2484550,-647263
2010/06/16,0,0,0,0
2010/06/17,0,7947142,-4749000,3198142
2010/06/18,0,4293646,-2981000,1312646
2010/06/21,0,6620625,-2105355,4515270
2010/06/22,0,2553960,-566000,1987960
2010/06/23,0,4121778,-414115,3707663
2010/06/24,0,5584765,-4035065,1549700
2010/06/25,0,2731266,-835000,1896266
2010/06/28,0,2595000,-190001,2404999
2010/06/29,0,4897000,-1659000,3238000
2010/06/30,0,4927000,-4364103,562897
2010/07/01,0,405000,-2002250,-1597250
2010/07/02,0,603000,-486050,116950
2010/07/05,0,558000,-346084,211916
2010/07/06,0,1271000,-541000,730000
2010/07/07,0,303791,-1685000,-1381209
2010/07/08,0,886000,-218000,668000
2010/07/09,0,585093,-596000,-10907
2010/07/12,0,1268000,-1921736,-653736
2010/07/13,0,325000,-716000,-391000
2010/07/14,0,1922380,-151677,1770703
2010/07/15,0,1088418,-553000,535418
2010/07/16,0,235000,-1632127,-1397127
2010/07/19,0,943000,-159000,784000
2010/07/20,0,2170000,-498000,1672000
2010/07/21,0,3207000,-1063000,2144000
2010/07/22,0,5071000,-1092001,3978999
2010/07/23,0,4148000,-1621000,2527000
2010/07/26,0,1836290,-1395423,440867
2010/07/27,0,243151,-7123000,-6879849
2010/07/28,0,1877000,-1179000,698000
2010/07/29,0,863000,-1172548,-309548
2010/07/30,0,601360,-4456000,-3854640
2010/08/02,0,1974000,-401235,1572765
2010/08/03,0,1684000,-1327000,357000
2010/08/04,0,258000,-166000,92000
2010/08/05,0,944000,-627000,317000
2010/08/06,0,2194000,-324000,1870000
2010/08/09,0,644000,-99000,545000
2010/08/10,0,3132000,-1014000,2118000
2010/08/11,0,304000,-738265,-434265
2010/08/12,0,3275000,-1258000,2017000
2010/08/13,0,3743787,-1100000,2643787
2010/08/16,0,2045000,-1118000,927000
2010/08/17,0,371002,-198000,173002
2010/08/18,0,809000,-1548000,-739000
2010/08/19,0,556000,-1433000,-877000
2010/08/20,0,1305000,-1780000,-475000
2010/08/23,0,953329,-1259000,-305671
2010/08/24,0,2777000,-1364000,1413000
2010/08/25,0,267000,-2847000,-2580000
2010/08/26,0,118000,-2854000,-2736000
2010/08/27,0,810000,-1800445,-990445
2010/08/30,0,979951,-250000,729951
2010/08/31,0,1325000,-315851,1009149
2010/09/01,0,1159000,-989000,170000
2010/09/02,0,705000,-189714,515286
2010/09/03,0,842000,-890000,-48000
2010/09/06,0,6166000,-765000,5401000
2010/09/07,0,2601945,-2173580,428365
2010/09/08,0,570810,-1920014,-1349204
2010/09/09,0,1157000,-107304,1049696
2010/09/10,0,1448190,-275000,1173190
2010/09/13,0,3205000,-274699,2930301
2010/09/14,0,1578000,-434000,1144000
2010/09/15,0,1087703,-460000,627703
2010/09/16,0,675000,-634000,41000
2010/09/17,0,2222000,-2859000,-637000
2010/09/20,0,480000,-1186924,-706924
2010/09/21,0,2117000,-444000,1673000
2010/09/22,0,0,0,0
2010/09/23,0,551000,-403936,147064
2010/09/24,0,1051660,-243000,808660
2010/09/27,0,354120,-796000,-441880
2010/09/28,0,649400,-443000,206400
2010/09/29,0,2708000,-1950000,758000
2010/09/30,0,3942000,-621000,3321000
2010/10/01,0,294918,-912000,-617082
2010/10/04,0,2628300,-1851000,777300
2010/10/05,0,2107361,-4141250,-2033889
2010/10/06,0,1336250,-1722000,-385750
2010/10/07,0,1071030,-3421948,-2350918
2010/10/08,0,1643050,-3248000,-1604950
2010/10/11,0,1021830,-2233000,-1211170
2010/10/12,0,1303580,-2791000,-1487420
2010/10/13,0,1602090,-3913000,-2310910
2010/10/14,0,1237980,-3971000,-2733020
2010/10/15,0,497630,-2109000,-1611370
2010/10/18,0,2501000,-2567000,-66000
2010/10/19,0,1602000,-1582000,20000
2010/10/20,0,7164000,-1044000,6120000
2010/10/21,0,3394000,-1953181,1440819
2010/10/22,0,1004140,-911000,93140
2010/10/25,0,1523000,-358000,1165000
2010/10/26,0,648000,-441561,206439
2010/10/27,0,446390,-270000,176390
2010/10/28,0,2395285,-1303000,1092285
2010/10/29,0,182000,-132000,50000
2010/11/01,0,2488000,-306000,2182000
2010/11/02,0,1735000,-3202000,-1467000
2010/11/03,0,1551000,-2829000,-1278000
2010/11/04,0,3545000,-3740000,-195000
2010/11/05,0,1168000,-2235338,-1067338
2010/11/08,0,766000,-2743000,-1977000
2010/11/09,0,944000,-1931000,-987000
2010/11/10,0,846000,-2128090,-1282090
2010/11/11,0,852000,-4360027,-3508027
2010/11/12,0,531000,-5391000,-4860000
2010/11/15,0,709682,-4634000,-3924318
2010/11/16,0,1141100,-10198000,-9056900
2010/11/17,0,1144506,-6567000,-5422494
2010/11/18,0,912000,-1945360,-1033360
2010/11/19,0,2052360,-2443000,-390640
2010/11/22,0,1528120,-2316000,-787880
2010/11/23,0,3292370,-5762000,-2469630
2010/11/24,0,9124000,-1538000,7586000
2010/11/25,0,4948000,-1935000,3013000
2010/11/26,0,5560000,-2107000,3453000
2010/11/29,0,2166364,-781858,1384506
2010/11/30,0,3491590,-3089657,401933
2010/12/01,0,1102000,-718000,384000
2010/12/02,0,1376000,-217213,1158787
2010/12/03,0,3486000,-1969000,1517000
2010/12/06,0,3322490,-2094000,1228490
2010/12/07,0,452130,-453000,-870
2010/12/08,0,447000,-1356000,-909000
2010/12/09,0,1903000,-549000,1354000
2010/12/10,0,490000,-6537000,-6047000
2010/12/13,0,121000,-2280000,-2159000
2010/12/14,0,605000,-1222000,-617000
2010/12/15,0,606000,-2224000,-1618000
2010/12/16,0,947000,-1011864,-64864
2010/12/17,0,4309000,-137000,4172000
2010/12/20,0,1414460,-948000,466460
2010/12/21,0,879000,-491251,387749
2010/12/22,0,3467313,-521790,2945523
2010/12/23,0,2506000,-5302000,-2796000
2010/12/24,0,4117000,-2167000,1950000
2010/12/27,0,1646000,-67000,1579000
2010/12/28,0,2213000,-46000,2167000
2010/12/29,0,2787920,-136000,2651920
2010/12/30,0,2107000,-758000,1349000
2010/12/31,0,3089000,-297180,2791820
2011/01/03,0,2089000,-595000,1494000
2011/01/04,0,1957000,-15155000,-13198000
2011/01/05,0,3995000,-2893440,1101560
2011/01/06,0,8944467,-19867000,-10922533
2011/01/07,0,1677878,-12899370,-11221492
2011/01/10,0,142000,-2028000,-1886000
2011/01/11,0,845000,-2832000,-1987000
2011/01/12,0,251000,-454000,-203000
2011/01/13,0,3557601,-12565000,-9007399
2011/01/14,0,329000,-1156000,-827000
2011/01/17,0,498036,-1191000,-692964
2011/01/18,0,2085000,-7383570,-5298570
2011/01/19,0,1707000,-9213000,-7506000
2011/01/20,0,158000,-3108000,-2950000
2011/01/21,0,606000,-5258000,-4652000
2011/01/24,0,1455560,-3682560,-2227000
2011/01/25,0,2302000,-6358000,-4056000
2011/01/26,0,6725000,-18902163,-12177163
2011/01/27,0,5534000,-1934770,3599230
2011/01/28,0,8176000,-1368000,6808000
2011/01/31,0,0,0,0
2011/02/01,0,0,0,0
2011/02/02,0,0,0,0
2011/02/03,0,0,0,0
2011/02/04,0,0,0,0
2011/02/07,0,0,0,0
2011/02/08,0,25147000,-2985000,22162000
2011/02/09,0,1972333,-1970000,2333
2011/02/10,0,1573000,-1983570,-410570
2011/02/11,0,4005000,-3315000,690000
2011/02/14,0,1853000,-2902460,-1049460
2011/02/15,0,2972000,-1961950,1010050
2011/02/16,0,4847000,-2494000,2353000
2011/02/17,0,278000,-4160300,-3882300
2011/02/18,0,1445000,-1154134,290866
2011/02/21,0,604000,-3341866,-2737866
2011/02/22,0,681000,-4764000,-4083000
2011/02/23,0,521412,-7426133,-6904721
2011/02/24,0,897000,-4201000,-3304000
2011/02/25,0,1019000,-5425024,-4406024
2011/02/28,0,0,0,0
2011/03/01,0,519000,-3456949,-2937949
2011/03/02,0,321000,-8379808,-8058808
2011/03/03,0,915000,-314000,601000
2011/03/04,0,1778899,-267000,1511899
2011/03/07,0,57000,-186001,-129001
2011/03/08,0,804000,-2143076,-1339076
2011/03/09,0,557513,-2811756,-2254243
2011/03/10,0,580000,-3249680,-2669680
2011/03/11,0,1126000,-4826456,-3700456
2011/03/14,0,677000,-4416000,-3739000
2011/03/15,0,1428000,-1817000,-389000
2011/03/16,0,931000,-1568120,-637120
2011/03/17,0,2111000,-1047000,1064000
2011/03/18,0,1806000,-1227878,578122
2011/03/21,0,3590000,-1030000,2560000
2011/03/22,0,789000,-746000,43000
2011/03/23,0,1538000,-1269000,269000
2011/03/24,0,3954000,-477000,3477000
2011/03/25,0,6022000,-680000,5342000
2011/03/28,0,3141000,-489000,2652000
2011/03/29,0,815000,-1062786,-247786
2011/03/30,0,1109000,-43000,1066000
2011/03/31,0,564000,-286000,278000
2011/04/01,0,404542,-157000,247542
2011/04/04,0,0,0,0
2011/04/05,0,0,0,0
2011/04/06,0,2913221,-536206,2377015
2011/04/07,0,768863,-194863,574000
2011/04/08,0,1915381,-42000,1873381
2011/04/11,0,398000,-30000,368000
2011/04/12,0,201442,-789000,-587558
2011/04/13,0,497000,-267034,229966
2011/04/14,0,1705000,-203000,1502000
2011/04/15,0,84000,-253000,-169000
2011/04/18,0,271000,-1712165,-1441165
2011/04/19,0,213000,-1084000,-871000
2011/04/20,0,1844000,-343709,1500291
2011/04/21,0,3298000,-172000,3126000
2011/04/22,0,1424000,-105000,1319000
2011/04/25,0,642000,-150285,491715
2011/04/26,0,2442000,-378421,2063579
2011/04/27,0,4049635,-178000,3871635
2011/04/28,0,781825,-315000,466825
2011/04/29,0,850000,-974049,-124049
2011/05/02,0,0,0,0
2011/05/03,0,692000,-621000,71000
2011/05/04,0,2646000,-977000,1669000
2011/05/05,0,1082000,-703000,379000
2011/05/06,0,355127,-336000,19127
2011/05/09,0,888000,-673000,215000
2011/05/10,0,1108000,-177000,931000
2011/05/11,0,1322000,-333000,989000
2011/05/12,0,483000,-583000,-100000
2011/05/13,0,641000,-658000,-17000
2011/05/16,0,353000,-328000,25000
2011/05/17,0,2796900,-657000,2139900
2011/05/18,0,3066000,-866000,2200000
2011/05/19,0,1213000,-1197931,15069
2011/05/20,0,1060100,-615000,445100
2011/05/23,0,1346000,-2177000,-831000
2011/05/24,0,1459000,-258893,1200107
2011/05/25,0,1439800,-1271000,168800
2011/05/26,0,1486000,-750564,735436
2011/05/27,0,1339000,-612000,727000
2011/05/30,0,1153000,-1718000,-565000
2011/05/31,0,12642678,-7507337,5135341
2011/06/01,0,3292000,-747078,2544922
2011/06/02,0,1827000,-433000,1394000
2011/06/03,0,1786000,-261000,1525000
2011/06/06,0,0,0,0
2011/06/07,0,483000,-413111,69889
2011/06/08,0,360000,-283000,77000
2011/06/09,0,675000,-191000,484000
2011/06/10,0,331000,-1403287,-1072287
2011/06/13,0,33000,-1124235,-1091235
2011/06/14,0,911000,-779000,132000
2011/06/15,0,5411000,-3705241,1705759
2011/06/16,0,532000,-1301000,-769000
2011/06/17,0,855000,-802000,53000
2011/06/20,0,896000,-251950,644050
2011/06/21,0,1789000,-1707000,82000
2011/06/22,0,765000,-1032000,-267000
2011/06/23,0,546395,-831116,-284721
2011/06/24,0,2614000,-4675797,-2061797
2011/06/27,0,1367000,-3135744,-1768744
2011/06/28,0,1406000,-3596793,-2190793
2011/06/29,0,2346000,-3864000,-1518000
2011/06/30,0,1554000,-684000,870000
2011/07/01,0,436442,-666000,-229558
2011/07/04,0,266445,-652000,-385555
2011/07/05,0,1865898,-2604000,-738102
2011/07/06,0,689000,-1228367,-539367
2011/07/07,0,623000,-114000,509000
2011/07/08,0,701000,-426000,275000
2011/07/11,0,1188000,-963194,224806
2011/07/12,0,1726140,-395000,1331140
2011/07/13,0,559000,-995000,-436000
2011/07/14,0,1223000,-971000,252000
2011/07/15,0,3197000,-307000,2890000
2011/07/18,0,528000,-1854000,-1326000
2011/07/19,0,820000,-1651000,-831000
2011/07/20,0,1629123,-2848000,-1218877
2011/07/21,0,2025404,-4813000,-2787596
2011/07/22,0,4645000,-259817,4385183
2011/07/25,0,2237433,-509719,1727714
2011/07/26,0,827084,-483000,344084
2011/07/27,0,711000,-1827000,-1116000
2011/07/28,0,627000,-188000,439000
2011/07/29,0,696000,-186502,509498
2011/08/01,0,2731475,-701635,2029840
2011/08/02,0,119000,-614000,-495000
2011/08/03,0,231000,-403000,-172000
2011/08/04,0,1049000,-777000,272000
2011/08/05,0,1714000,-1295000,419000
2011/08/08,0,15000,-1497000,-1482000
2011/08/09,0,18000,-303000,-285000
2011/08/10,0,1958000,-7939178,-5981178
2011/08/11,0,1912000,-4167000,-2255000
2011/08/12,0,1183436,-7577172,-6393736
2011/08/15,0,1315886,-2344825,-1028939
2011/08/16,0,302000,-1906000,-1604000
2011/08/17,0,1296000,-3741000,-2445000
2011/08/18,0,887856,-6606000,-5718144
2011/08/19,0,1423000,-4559000,-3136000
2011/08/22,0,1251000,-2574000,-1323000
2011/08/23,0,1007000,-785017,221983
2011/08/24,0,4690000,-1263000,3427000
2011/08/25,0,682000,-727647,-45647
2011/08/26,0,1130000,-1287000,-157000
2011/08/29,0,850000,-63000,787000
2011/08/30,0,5000,-214000,-209000
2011/08/31,0,3202831,-2079656,1123175
2011/09/01,0,2898000,-1898000,1000000
2011/09/02,0,178000,-50000,128000
2011/09/05,0,412394,-250000,162394
2011/09/06,0,171000,-4972053,-4801053
2011/09/07,0,369000,-2023000,-1654000
2011/09/08,0,119000,-1652100,-1533100
2011/09/09,0,123000,-233000,-110000
2011/09/12,0,0,0,0
2011/09/13,0,1019000,-466000,553000
2011/09/14,0,843000,-747977,95023
2011/09/15,0,159000,-617857,-458857
2011/09/16,0,175000,-406501,-231501
2011/09/19,0,30000,-20000,10000
2011/09/20,0,154000,-73000,81000
2011/09/21,0,553710,-326855,226855
2011/09/22,0,596401,-660000,-63599
2011/09/23,0,224000,-427000,-203000
2011/09/26,0,327000,-227090,99910
2011/09/27,0,213000,-605000,-392000
2011/09/28,0,380802,-503000,-122198
2011/09/29,0,163000,-9000,154000
2011/09/30,0,177000,-320000,-143000
2011/10/03,0,271000,-373000,-102000
2011/10/04,0,1407000,-1111000,296000
2011/10/05,0,448000,-803000,-355000
2011/10/06,0,1116000,-1005000,111000
2011/10/07,0,277000,-395000,-118000
2011/10/10,0,0,0,0
2011/10/11,0,5978281,-4426000,1552281
2011/10/12,0,1900000,-742000,1158000
2011/10/13,0,576000,-336000,240000
2011/10/14,0,3072773,-3769394,-696621
2011/10/17,0,166000,-794000,-628000
2011/10/18,0,1000,-211000,-210000
2011/10/19,0,4000,-589000,-585000
2011/10/20,0,2000,-505134,-503134
2011/10/21,0,0,-371000,-371000
2011/10/24,0,427000,-389000,38000
2011/10/25,0,18000,-16000,2000
2011/10/26,0,753000,-755000,-2000
2011/10/27,0,111000,-103000,8000
2011/10/28,0,589000,-88799,500201
2011/10/31,0,413000,-166000,247000
2011/11/01,0,25000,-118000,-93000
2011/11/02,0,652000,-427000,225000
2011/11/03,0,552000,-616553,-64553
2011/11/04,0,318000,-895553,-577553
2011/11/07,0,584000,-1725000,-1141000
2011/11/08,0,200000,-1374388,-1174388
2011/11/09,0,0,-854000,-854000
2011/11/10,0,70000,-872000,-802000
2011/11/11,0,305000,-765000,-460000
2011/11/14,0,1002000,-851000,151000
2011/11/15,0,879000,-1366000,-487000
2011/11/16,0,780000,-3730000,-2950000
2011/11/17,0,588000,-3994000,-3406000
2011/11/18,0,286000,-13892629,-13606629
2011/11/21,0,4561000,-3018000,1543000
2011/11/22,0,925867,-5893867,-4968000
2011/11/23,0,0,-339107,-339107
2011/11/24,0,1695000,-825216,869784
2011/11/25,0,0,-289363,-289363
2011/11/28,0,1385000,-4032634,-2647634
2011/11/29,0,997084,-5469385,-4472301
2011/11/30,0,14958106,-21111786,-6153680
2011/12/01,0,3919714,-14861053,-10941339
2011/12/02,0,1337000,-20027236,-18690236
2011/12/05,0,0,-3410588,-3410588
2011/12/06,0,0,-1115002,-1115002
2011/12/07,0,2700000,-5001565,-2301565
2011/12/08,0,758000,-3826000,-3068000
2011/12/09,0,15000,-2659000,-2644000
2011/12/12,0,0,-1574000,-1574000
2011/12/13,0,1023000,-1943000,-920000
2011/12/14,0,0,-5839182,-5839182
2011/12/15,0,0,-5090000,-5090000
2011/12/16,0,0,-3439183,-3439183
2011/12/19,0,155000,-788324,-633324
2011/12/20,0,0,-729000,-729000
2011/12/21,0,82000,-709000,-627000
2011/12/22,0,150000,-654000,-504000
2011/12/23,0,0,-1591527,-1591527
2011/12/26,0,0,-429938,-429938
2011/12/27,0,0,-556000,-556000
2011/12/28,0,0,-1142000,-1142000
2011/12/29,0,0,-596000,-596000
2011/12/30,0,0,-1381664,-1381664
2012/01/02,0,333000,-159106,173894
2012/01/03,0,940000,-1450000,-510000
2012/01/04,0,627000,-935479,-308479
2012/01/05,0,208000,-79000,129000
2012/01/06,0,544945,-2097953,-1553008
2012/01/09,0,0,-1020134,-1020134
2012/01/10,0,0,-4583308,-4583308
2012/01/11,0,0,-2609346,-2609346
2012/01/12,0,0,-276000,-276000
2012/01/13,0,0,-555000,-555000
2012/01/16,0,367000,-262000,105000
2012/01/17,0,0,-301419,-301419
2012/01/18,0,400000,-288000,112000
2012/01/19,0,0,0,0
2012/01/20,0,0,0,0
2012/01/23,0,0,0,0
2012/01/24,0,0,0,0
2012/01/25,0,0,0,0
2012/01/26,0,0,0,0
2012/01/27,0,0,0,0
2012/01/30,0,0,-31140,-31140
2012/01/31,0,16000,-300000,-284000
2012/02/01,0,0,-192000,-192000
2012/02/02,0,0,-249000,-249000
2012/02/03,0,0,-215000,-215000
2012/02/06,0,35000,-231000,-196000
2012/02/07,0,0,-182000,-182000
2012/02/08,0,0,-168000,-168000
2012/02/09,0,0,-194000,-194000
2012/02/10,0,0,-1041000,-1041000
2012/02/13,0,0,-260000,-260000
2012/02/14,0,0,-2000,-2000
2012/02/15,0,0,-94000,-94000
2012/02/16,0,10000,-547000,-537000
2012/02/17,0,0,-483000,-483000
2012/02/20,0,0,-342000,-342000
2012/02/21,0,0,-98000,-98000
2012/02/22,0,516000,-238000,278000
2012/02/23,0,320000,-211000,109000
2012/02/24,0,0,-80000,-80000
2012/02/27,0,0,0,0
2012/02/28,0,0,0,0
2012/02/29,0,0,-72589,-72589
2012/03/01,0,800000,-745000,55000
2012/03/02,0,0,-459327,-459327
2012/03/05,0,0,-504000,-504000
2012/03/06,0,0,-43000,-43000
2012/03/07,0,0,-922000,-922000
2012/03/08,0,0,-1720000,-1720000
2012/03/09,0,0,-1041000,-1041000
2012/03/12,0,0,-1073000,-1073000
2012/03/13,0,0,-870000,-870000
2012/03/14,0,93000,-681000,-588000
2012/03/15,0,12479,-1925000,-1912521
2012/03/16,0,1833000,-3859737,-2026737
2012/03/19,0,0,-2342276,-2342276
2012/03/20,0,0,-3416391,-3416391
2012/03/21,0,197000,-1072662,-875662
2012/03/22,0,427000,-1439043,-1012043
2012/03/23,0,309820,-533820,-224000
2012/03/26,0,0,-567000,-567000
2012/03/27,0,0,-2755000,-2755000
2012/03/28,0,0,-79753,-79753
2012/03/29,0,0,-174000,-174000
2012/03/30,0,0,-418698,-418698
2012/04/02,0,0,-15000,-15000
2012/04/03,0,0,-64000,-64000
2012/04/04,0,0,0,0
2012/04/05,0,0,-515000,-515000
2012/04/06,0,0,-29000,-29000
2012/04/09,0,0,-127000,-127000
2012/04/10,0,0,-337000,-337000
2012/04/11,0,0,-342000,-342000
2012/04/12,0,0,-516000,-516000
2012/04/13,0,500000,-84000,416000
2012/04/16,0,500000,-645000,-145000
2012/04/17,0,329000,-317000,12000
2012/04/18,0,769000,-310150,458850
2012/04/19,0,0,-25000,-25000
2012/04/20,0,0,-5000,-5000
2012/04/23,0,0,-1005000,-1005000
2012/04/24,0,0,-177000,-177000
2012/04/25,0,0,-223000,-223000
2012/04/26,0,0,-30000,-30000
2012/04/27,0,0,-20000,-20000
2012/04/30,0,0,-407000,-407000
2012/05/01,0,0,0,0
2012/05/02,0,0,-40000,-40000
2012/05/03,0,0,-84000,-84000
2012/05/04,0,0,-55000,-55000
2012/05/07,0,783000,-75000,708000
2012/05/08,0,0,-75000,-75000
2012/05/09,0,643000,-170000,473000
2012/05/10,0,0,-45000,-45000
2012/05/11,0,0,-32000,-32000
2012/05/14,0,0,-37000,-37000
2012/05/15,0,0,-28000,-28000
2012/05/16,0,0,-19000,-19000
2012/05/17,0,0,-25000,-25000
2012/05/18,0,0,-28000,-28000
2012/05/21,0,125343,-25000,100343
2012/05/22,0,75000,-11000,64000
2012/05/23,0,0,-13000,-13000
2012/05/24,0,0,-12000,-12000
2012/05/25,0,0,-13000,-13000
2012/05/28,0,0,-11000,-11000
2012/05/29,0,0,-16000,-16000
2012/05/30,0,0,-9000,-9000
2012/05/31,0,0,-12006,-12006
2012/06/01,0,0,-57000,-57000
2012/06/04,0,0,-23000,-23000
2012/06/05,0,314000,-141000,173000
2012/06/06,0,0,-203000,-203000
2012/06/07,0,0,-24000,-24000
2012/06/08,0,0,-331953,-331953
2012/06/11,0,0,-13000,-13000
2012/06/12,0,0,-27000,-27000
2012/06/13,0,0,-14199,-14199
2012/06/14,0,1000,-26336,-25336
2012/06/15,0,0,-398000,-398000
2012/06/18,0,0,-189000,-189000
2012/06/19,0,13000,-8000,5000
2012/06/20,0,0,-11000,-11000
2012/06/21,0,0,-6000,-6000
2012/06/22,0,0,-29000,-29000
2012/06/25,0,0,-8826,-8826
2012/06/26,0,0,-11000,-11000
2012/06/27,0,0,-8000,-8000
2012/06/28,0,30000,-17000,13000
2012/06/29,0,51000,-162000,-111000
2012/07/02,0,56000,-11000,45000
2012/07/03,0,11000,-30000,-19000
2012/07/04,0,0,-12000,-12000
2012/07/05,0,0,-11000,-11000
2012/07/06,0,0,-12000,-12000
2012/07/09,0,0,-33000,-33000
2012/07/10,0,106,-41000,-40894
2012/07/11,0,0,-11000,-11000
2012/07/12,0,0,-19000,-19000
2012/07/13,0,0,-12008,-12008
2012/07/16,0,0,-18000,-18000
2012/07/17,0,0,-166552,-166552
2012/07/18,0,0,-275000,-275000
2012/07/19,0,0,-137000,-137000
2012/07/20,0,0,-204000,-204000
2012/07/23,0,0,-269000,-269000
2012/07/24,0,0,-350000,-350000
2012/07/25,0,0,-115000,-115000
2012/07/26,0,0,-108000,-108000
2012/07/27,0,0,-19000,-19000
2012/07/30,0,0,-11000,-11000
2012/07/31,0,10000,-354000,-344000
2012/08/01,0,0,-12000,-12000
2012/08/02,0,0,0,0
2012/08/03,0,0,-112000,-112000
2012/08/06,0,0,-329551,-329551
2012/08/07,0,0,-9000,-9000
2012/08/08,0,0,-16000,-16000
2012/08/09,0,0,-15000,-15000
2012/08/10,0,0,-8000,-8000
2012/08/13,0,0,-158000,-158000
2012/08/14,0,0,-23000,-23000
2012/08/15,0,0,-11000,-11000
2012/08/16,0,0,-19000,-19000
2012/08/17,0,0,-216000,-216000
2012/08/20,0,0,-11000,-11000
2012/08/21,0,0,-16000,-16000
2012/08/22,0,0,-13000,-13000
2012/08/23,0,0,-13000,-13000
2012/08/24,0,0,-10000,-10000
2012/08/27,0,0,-31000,-31000
2012/08/28,0,0,-67000,-67000
2012/08/29,0,0,-54000,-54000
2012/08/30,0,0,-31000,-31000
2012/08/31,0,0,-21000,-21000
2012/09/03,0,0,-17000,-17000
2012/09/04,0,0,-26000,-26000
2012/09/05,0,0,-12000,-12000
2012/09/06,0,0,-33000,-33000
2012/09/07,0,16131,-20000,-3869
2012/09/10,0,0,-30000,-30000
2012/09/11,0,0,-17000,-17000
2012/09/12,0,0,-34000,-34000
2012/09/13,0,0,-34000,-34000
2012/09/14,0,0,-41000,-41000
2012/09/17,0,0,-32000,-32000
2012/09/18,0,0,-24000,-24000
2012/09/19,0,0,-34000,-34000
2012/09/20,0,0,-320000,-320000
2012/09/21,0,0,-1147256,-1147256
2012/09/24,0,0,-79000,-79000
2012/09/25,0,0,-413000,-413000
2012/09/26,0,0,-145000,-145000
2012/09/27,0,0,-133000,-133000
2012/09/28,0,0,-95000,-95000
2012/10/01,0,0,-147000,-147000
2012/10/02,0,430000,-264000,166000
2012/10/03,0,439000,-169000,270000
2012/10/04,0,160000,-46265,113735
2012/10/05,0,195000,-28000,167000
2012/10/08,0,130000,-30000,100000
2012/10/09,0,0,-12000,-12000
2012/10/10,0,0,0,0
2012/10/11,0,0,-10951,-10951
2012/10/12,0,0,-15000,-15000
2012/10/15,0,0,-16000,-16000
2012/10/16,0,0,-28000,-28000
2012/10/17,0,0,-34000,-34000
2012/10/18,0,0,-20000,-20000
2012/10/19,0,0,-20000,-20000
2012/10/22,0,0,-40000,-40000
2012/10/23,0,0,-24000,-24000
2012/10/24,0,0,-24000,-24000
2012/10/25,0,0,-388183,-388183
2012/10/26,0,0,0,0
2012/10/29,0,0,-33000,-33000
2012/10/30,0,0,-13000,-13000
2012/10/31,0,0,-12000,-12000
2012/11/01,0,0,-17000,-17000
2012/11/02,0,0,-228000,-228000
2012/11/05,0,0,-100000,-100000
2012/11/06,0,0,-32000,-32000
2012/11/07,0,0,0,0
2012/11/08,0,0,0,0
2012/11/09,0,0,0,0
2012/11/12,0,0,0,0
2012/11/13,0,0,0,0
2012/11/14,0,0,0,0
2012/11/15,0,0,0,0
2012/11/16,0,0,0,0
2012/11/19,0,0,0,0
2012/11/20,0,0,0,0
2012/11/21,0,0,0,0
2012/11/22,0,0,0,0
2012/11/23,0,0,0,0
2012/11/26,0,0,0,0
2012/11/27,0,0,0,0
2012/11/28,0,0,-335,-335
2012/11/29,0,0,0,0
2012/11/30,0,0,0,0
2012/12/03,0,0,-271009,-271009
2012/12/04,0,147000,-150000,-3000
2012/12/05,0,239000,-45000,194000
2012/12/06,0,0,-46000,-46000
2012/12/07,0,0,-46848,-46848
2012/12/10,0,0,-13000,-13000
2012/12/11,0,730000,-2000,728000
2012/12/12,0,20000,0,20000
2012/12/13,0,0,0,0
2012/12/14,0,241000,0,241000
2012/12/17,0,0,0,0
2012/12/18,0,0,0,0
2012/12/19,0,0,0,0
2012/12/20,0,0,0,0
2012/12/21,0,0,0,0
2012/12/24,0,0,-381769,-381769
2012/12/25,0,0,0,0
2012/12/26,0,0,0,0
2012/12/27,0,0,0,0
2012/12/28,0,0,-250000,-250000
2012/12/31,0,0,0,0
2013/01/01,0,0,0,0
2013/01/02,0,0,-250000,-250000
2013/01/03,0,0,-341000,-341000
2013/01/04,0,0,-300475,-300475
2013/01/07,0,0,-300000,-300000
2013/01/08,0,0,-300000,-300000
2013/01/09,0,0,-300000,-300000
2013/01/10,0,0,-200991,-200991
2013/01/11,0,0,-301000,-301000
2013/01/14,0,0,-300000,-300000
2013/01/15,0,0,-203000,-203000
2013/01/16,0,0,-139000,-139000
2013/01/17,0,0,0,0
2013/01/18,0,0,-8000,-8000
2013/01/21,0,10000,0,10000
2013/01/22,0,10000,0,10000
2013/01/23,0,210000,-200000,10000
2013/01/24,0,0,0,0
2013/01/25,0,0,0,0
2013/01/28,0,0,0,0
2013/01/29,0,20000,-210000,-190000
2013/01/30,0,0,0,0
2013/01/31,0,11000,0,11000
2013/02/01,0,30000,0,30000
2013/02/04,0,0,0,0
2013/02/05,0,0,0,0
2013/02/06,0,0,-10000,-10000
2013/02/07,0,0,0,0
2013/02/08,0,0,0,0
2013/02/11,0,0,0,0
2013/02/12,0,0,0,0
2013/02/13,0,0,0,0
2013/02/14,0,0,0,0
2013/02/15,0,0,0,0
2013/02/18,0,0,-1000,-1000
2013/02/19,0,0,0,0
2013/02/20,0,0,-148000,-148000
2013/02/21,0,0,-38000,-38000
2013/02/22,0,0,0,0
2013/02/25,0,0,0,0
2013/02/26,0,0,-32000,-32000
2013/02/27,0,0,-430000,-430000
2013/02/28,0,0,0,0
2013/03/01,0,0,0,0
2013/03/04,0,0,0,0
2013/03/05,0,0,0,0
2013/03/06,0,0,0,0
2013/03/07,0,0,-55801,-55801
2013/03/08,0,20000,0,20000
2013/03/11,0,0,0,0
2013/03/12,0,12000,-1000,11000
2013/03/13,0,8000,0,8000
2013/03/14,0,83000,0,83000
2013/03/15,0,128000,-2310000,-2182000
2013/03/18,0,348000,-1616000,-1268000
2013/03/19,0,40000,0,40000
2013/03/20,0,1000,-39000,-38000
2013/03/21,0,98000,-128000,-30000
2013/03/22,0,39000,-5000,34000
2013/03/25,0,0,-66000,-66000
2013/03/26,0,300000,-97000,203000
2013/03/27,0,311000,0,311000
2013/03/28,0,0,-182000,-182000
2013/03/29,0,244000,-319000,-75000
2013/04/01,0,2000,-244000,-242000
2013/04/02,0,1233000,-2000,1231000
2013/04/03,0,0,-171000,-171000
2013/04/04,0,0,0,0
2013/04/05,0,0,0,0
2013/04/08,0,200000,-62000,138000
2013/04/09,0,265000,-4676,260324
2013/04/10,0,9000,-265000,-256000
2013/04/11,0,853000,0,853000
2013/04/12,0,500000,-11000,489000
2013/04/15,0,412000,-43000,369000
2013/04/16,0,25000,-3000,22000
2013/04/17,0,308000,0,308000
2013/04/18,0,4000,-440000,-436000
2013/04/19,0,29000,-134000,-105000
2013/04/22,0,0,0,0
2013/04/23,0,0,0,0
2013/04/24,0,0,0,0
2013/04/25,0,0,-43000,-43000
2013/04/26,0,114000,-349000,-235000
2013/04/29,0,101000,-100000,1000
2013/04/30,0,1000,-118000,-117000
2013/05/01,0,0,0,0
2013/05/02,0,56000,-18000,38000
2013/05/03,0,0,0,0
2013/05/06,0,4000,-4000,0
2013/05/07,0,222000,-1000762,-778762
2013/05/08,0,278000,-957,277043
2013/05/09,0,1092000,-4000,1088000
2013/05/10,0,106000,-1000,105000
2013/05/13,0,327000,-121000,206000
2013/05/14,0,113000,-210000,-97000
2013/05/15,0,147000,-512000,-365000
2013/05/16,0,133000,-704713,-571713
2013/05/17,0,20000,0,20000
2013/05/20,0,176000,0,176000
2013/05/21,0,489000,-96000,393000
2013/05/22,0,210000,-1000,209000
2013/05/23,0,0,-36000,-36000
2013/05/24,0,65000,-46000,19000
2013/05/27,0,458000,-18000,440000
2013/05/28,0,171000,-164000,7000
2013/05/29,0,37000,0,37000
2013/05/30,0,63000,-71680,-8680
2013/05/31,0,613000,-322000,291000
2013/06/03,0,109000,-140000,-31000
2013/06/04,0,74000,-94000,-20000
2013/06/05,0,4000,-895000,-891000
2013/06/06,0,0,-110000,-110000
2013/06/07,0,3000,-28000,-25000
2013/06/10,0,544000,-34000,510000
2013/06/11,0,58000,-370000,-312000
2013/06/12,0,0,0,0
2013/06/13,0,0,-250000,-250000
2013/06/14,0,95000,-20000,75000
2013/06/17,0,462000,-1255000,-793000
2013/06/18,0,47000,-47000,0
2013/06/19,0,0,-37000,-37000
2013/06/20,0,146000,-632000,-486000
2013/06/21,0,100000,-251335,-151335
2013/06/24,0,91000,-14000,77000
2013/06/25,0,0,-735000,-735000
2013/06/26,0,57000,0,57000
2013/06/27,0,13000,-121000,-108000
2013/06/28,0,23000,-22000,1000
2013/07/01,0,1277000,-3,1276997
2013/07/02,0,11000,-32221,-21221
2013/07/03,0,7492,-951000,-943508
2013/07/04,0,2000,-299000,-297000
2013/07/05,0,1233000,-36000,1197000
2013/07/08,0,35000,-138000,-103000
2013/07/09,0,21000,-147000,-126000
2013/07/10,0,1104000,-65000,1039000
2013/07/11,0,177000,-18000,159000
2013/07/12,0,3000,-69000,-66000
2013/07/15,0,338000,-24000,314000
2013/07/16,0,140000,0,140000
2013/07/17,0,44000,-13000,31000
2013/07/18,0,42000,-381000,-339000
2013/07/19,0,52000,-64000,-12000
2013/07/22,0,6000,-174000,-168000
2013/07/23,0,0,-171000,-171000
2013/07/24,0,0,0,0
2013/07/25,0,0,0,0
2013/07/26,0,14000,-55000,-41000
2013/07/29,0,0,0,0
2013/07/30,0,21000,-27000,-6000
2013/07/31,0,11000,-94000,-83000
2013/08/01,0,0,-408500,-408500
2013/08/02,0,7000,-44000,-37000
2013/08/05,0,0,0,0
2013/08/06,0,0,-310000,-310000
2013/08/07,0,10000,-34000,-24000
2013/08/08,0,112000,0,112000
2013/08/09,0,44000,-167000,-123000
2013/08/12,0,70000,-11967,58033
2013/08/13,0,14000,-36000,-22000
2013/08/14,0,0,-421000,-421000
2013/08/15,0,0,-53500,-53500
2013/08/16,0,16000,0,16000
2013/08/19,0,10000,-5000,5000
2013/08/20,0,20000,0,20000
2013/08/21,0,0,0,0
2013/08/22,0,567000,0,567000
2013/08/23,0,100000,0,100000
2013/08/26,0,49000,0,49000
2013/08/27,0,1000,0,1000
2013/08/28,0,362000,0,362000
2013/08/29,0,5000,-79000,-74000
2013/08/30,0,0,-111000,-111000
2013/09/02,0,92000,-128000,-36000
2013/09/03,0,0,-74000,-74000
2013/09/04,0,9000,-732000,-723000
2013/09/05,0,2000,-67000,-65000
2013/09/06,0,53000,-726000,-673000
2013/09/09,0,40000,-376000,-336000
2013/09/10,0,0,-39000,-39000
2013/09/11,0,50000,-106000,-56000
2013/09/12,0,338000,-167053,170947
2013/09/13,0,618914,-11000,607914
2013/09/16,0,33000,-23000,10000
2013/09/17,0,25000,-684000,-659000
2013/09/18,0,60000,-62000,-2000
2013/09/19,0,0,0,0
2013/09/20,0,0,0,0
2013/09/23,0,99000,0,99000
2013/09/24,0,164000,0,164000
2013/09/25,0,14000,0,14000
2013/09/26,0,1000,0,1000
2013/09/27,0,30000,0,30000
2013/09/30,0,0,-46000,-46000
2013/10/01,0,10000,-56420,-46420
2013/10/02,0,5000,-1091000,-1086000
2013/10/03,0,6000,-2000,4000
2013/10/04,0,0,-164000,-164000
2013/10/07,0,15000,-68000,-53000
2013/10/08,0,8659,-13000,-4341
2013/10/09,0,1000,-7000,-6000
2013/10/10,0,0,0,0
2013/10/11,0,81000,0,81000
2013/10/14,0,1000,-48000,-47000
2013/10/15,0,59000,-15000,44000
2013/10/16,0,1000,-44000,-43000
2013/10/17,0,21000,-265274,-244274
2013/10/18,0,149000,0,149000
2013/10/21,0,28000,0,28000
2013/10/22,0,3000,-20000,-17000
2013/10/23,0,1000,0,1000
2013/10/24,0,135000,-219000,-84000
2013/10/25,0,24000,-12000,12000
2013/10/28,0,11000,-52000,-41000
2013/10/29,0,25000,-1000,24000
2013/10/30,0,77000,-783000,-706000
2013/10/31,0,2000,-72000,-70000
2013/11/01,0,0,-7000,-7000
2013/11/04,0,1000,-18726,-17726
2013/11/05,0,0,-98000,-98000
2013/11/06,0,0,-98000,-98000
2013/11/07,0,10000,-2000,8000
2013/11/08,0,5000,0,5000
2013/11/11,0,0,-390000,-390000
2013/11/12,0,0,-29000,-29000
2013/11/13,0,0,-8000,-8000
2013/11/14,0,0,-15000,-15000
2013/11/15,0,4000,0,4000
2013/11/18,0,0,0,0
2013/11/19,0,0,-4158,-4158
2013/11/20,0,22000,0,22000
2013/11/21,0,6000,0,6000
2013/11/22,0,3000,-28000,-25000
2013/11/25,0,0,-3000,-3000
2013/11/26,0,53000,0,53000
2013/11/27,0,0,-53000,-53000
2013/11/28,0,1198000,0,1198000
2013/11/29,0,17000,-3000,14000
2013/12/02,0,0,-32000,-32000
2013/12/03,0,0,-27000,-27000
2013/12/04,0,64000,-23000,41000
2013/12/05,0,0,-110000,-110000
2013/12/06,0,0,-184000,-184000
2013/12/09,0,15000,-6000,9000
2013/12/10,0,38000,-818000,-780000
2013/12/11,0,34000,-700000,-666000
2013/12/12,0,0,-614000,-614000
2013/12/13,0,0,-8000,-8000
2013/12/16,0,0,-60000,-60000
2013/12/17,0,27000,-322000,-295000
2013/12/18,0,17000,-82320,-65320
2013/12/19,0,37000,0,37000
2013/12/20,0,4394,-110000,-105606
2013/12/23,0,14000,-53000,-39000
2013/12/24,0,18000,0,18000
2013/12/25,0,81000,-18944,62056
2013/12/26,0,8000,-2000,6000
2013/12/27,0,67000,-22,66978
2013/12/30,0,93000,-1,92999
2013/12/31,0,60000,0,60000
2014/01/02,0,43000,0,43000
2014/01/03,0,1000,-10000,-9000
2014/01/06,0,0,-207000,-207000
2014/01/07,0,0,0,0
2014/01/08,0,0,-7000,-7000
2014/01/09,0,0,0,0
2014/01/10,0,4076000,-127000,3949000
2014/01/13,0,2897000,-300000,2597000
2014/01/14,0,2138000,-20000,2118000
2014/01/15,0,3013000,-6000,3007000
2014/01/16,0,51000,-110000,-59000
2014/01/17,0,2000,0,2000
2014/01/20,0,270000,0,270000
2014/01/21,0,562000,-100000,462000
2014/01/22,0,272000,-200000,72000
2014/01/23,0,295000,-200000,95000
2014/01/24,0,116000,-302000,-186000
2014/01/27,0,0,-869210,-869210
2014/02/05,0,351000,-574967,-223967
2014/02/06,0,425000,-690000,-265000
2014/02/07,0,29000,-1387000,-1358000
2014/02/10,0,136000,-928000,-792000
2014/02/11,0,103000,-1048000,-945000
2014/02/12,0,355000,-1010000,-655000
2014/02/13,0,17000,-1032000,-1015000
2014/02/14,0,102000,-1325000,-1223000
2014/02/17,0,103000,0,103000
2014/02/18,0,125000,-385000,-260000
2014/02/19,0,126000,-563000,-437000
2014/02/20,0,45000,-427000,-382000
2014/02/21,0,50000,-95000,-45000
2014/02/24,0,172000,-40000,132000
2014/02/25,0,162000,-163000,-1000
2014/02/26,0,115000,-257000,-142000
2014/02/27,0,0,-233000,-233000
2014/03/03,0,23000,-5000,18000
2014/03/04,0,62000,0,62000
2014/03/05,0,38000,0,38000
2014/03/06,0,205000,-681000,-476000
2014/03/07,0,89000,-312000,-223000
2014/03/10,0,135000,0,135000
2014/03/11,0,227000,0,227000
2014/03/12,0,2000,-524000,-522000
2014/03/13,0,33000,-130000,-97000
2014/03/14,0,175000,-758000,-583000
2014/03/17,0,673000,-30000,643000
2014/03/18,0,42000,-51000,-9000
2014/03/19,0,162000,-147000,15000
2014/03/20,0,118000,0,118000
2014/03/21,0,0,-183000,-183000
2014/03/24,0,0,-140000,-140000
2014/03/25,0,242000,-433000,-191000
2014/03/26,0,0,-250000,-250000
2014/03/27,0,0,0,0
2014/03/28,0,0,-286000,-286000
2014/03/31,0,0,-21000,-21000
2014/04/01,0,0,-18000,-18000
2014/04/02,0,151000,-43000,108000
2014/04/03,0,3221000,-157000,3064000
2014/04/07,0,55000,-730000,-675000
2014/04/08,0,1000,-7000,-6000
2014/04/09,0,0,-91000,-91000
2014/04/10,0,13000,0,13000
2014/04/11,0,0,-10000,-10000
2014/04/14,0,0,-13000,-13000
2014/04/15,0,15000,-421000,-406000
2014/04/16,0,0,-226000,-226000
2014/04/17,0,415000,-187000,228000
2014/04/18,0,0,-1714000,-1714000
2014/04/21,0,18000,-745000,-727000
2014/04/22,0,4000,-1531000,-1527000
2014/04/23,0,0,-25000,-25000
2014/04/24,0,711000,-395000,316000
2014/04/25,0,116000,-54000,62000
2014/04/28,0,69000,-529000,-460000
2014/04/29,0,1218000,-100000,1118000
2014/04/30,0,368000,-440000,-72000
2014/05/02,0,1133000,-12000,1121000
2014/05/05,0,503000,-592000,-89000
2014/05/06,0,4513000,-365000,4148000
2014/05/07,0,5294000,-300000,4994000
2014/05/08,0,1136000,-592000,544000
2014/05/09,0,920000,-14000,906000
2014/05/12,0,3907000,-350000,3557000
2014/05/13,0,90000,-1089737,-999737
2014/05/14,0,120000,-13000,107000
2014/05/15,0,141000,-1000,140000
2014/05/16,0,1947000,-212000,1735000
2014/05/19,0,522000,-63000,459000
2014/05/20,0,3142000,-263983,2878017
2014/05/21,0,2003000,-155000,1848000
2014/05/22,0,8088000,-206000,7882000
2014/05/23,0,2427000,-159000,2268000
2014/05/26,0,7232000,-165000,7067000
2014/05/27,0,2000000,-175000,1825000
2014/05/28,0,1501000,-573000,928000
2014/05/29,0,3020000,-232600,2787400
2014/05/30,0,106000,-238000,-132000
2014/06/03,0,14964000,-967000,13997000
2014/06/04,0,9450000,-824000,8626000
2014/06/05,0,1409000,-100000,1309000
2014/06/06,0,1498000,-594000,904000
2014/06/09,0,7822000,-311000,7511000
2014/06/10,0,1554000,-1000,1553000
2014/06/11,0,3746000,-2576396,1169604
2014/06/12,0,3420000,-5036000,-1616000
2014/06/13,0,488000,-3200000,-2712000
2014/06/16,0,5382000,-5381000,1000
2014/06/17,0,2316000,-524000,1792000
2014/06/18,0,1158000,-1088000,70000
2014/06/19,0,4206000,-780000,3426000
2014/06/20,0,400000,-1227000,-827000
2014/06/23,0,943000,-301000,642000
2014/06/24,0,26000,-449000,-423000
2014/06/25,0,275000,0,275000
2014/06/26,0,1649000,-289000,1360000
2014/06/27,0,1218000,-909000,309000
2014/06/30,0,998000,-34746,963254
2014/07/01,0,321000,-358000,-37000
2014/07/02,0,735000,-1415000,-680000
2014/07/03,0,7602000,-506000,7096000
2014/07/04,0,1893000,-705000,1188000
2014/07/07,0,511000,-269000,242000
2014/07/08,0,3879000,-3889000,-10000
2014/07/09,0,148000,-643000,-495000
2014/07/10,0,1340000,-644000,696000
2014/07/11,0,3408000,-42000,3366000
2014/07/14,0,5670000,-13000,5657000
2014/07/15,0,1976000,-503000,1473000
2014/07/16,0,415886,-688648,-272762
2014/07/17,0,847000,-158000,689000
2014/07/18,0,1597000,-1169000,428000
2014/07/21,0,233000,-329000,-96000
2014/07/22,0,3315000,-226000,3089000
2014/07/23,0,0,0,0
2014/07/24,0,326000,-480000,-154000
2014/07/25,0,406000,-291000,115000
2014/07/28,0,555000,-353000,202000
2014/07/29,0,1360000,-1067000,293000
2014/07/30,0,589000,-226000,363000
2014/07/31,0,76000,-82000,-6000
2014/08/01,0,3418000,-606000,2812000
2014/08/04,0,3772000,-302000,3470000
2014/08/05,0,5054000,-273000,4781000
2014/08/06,0,1638000,-40000,1598000
2014/08/07,0,2729000,-888000,1841000
2014/08/08,0,3244000,-1000,3243000
2014/08/11,0,412000,-157000,255000
2014/08/12,0,4223000,-1597671,2625329
2014/08/13,0,2265000,-2229000,36000
2014/08/14,0,208000,-415000,-207000
2014/08/15,0,832000,-402000,430000
2014/08/18,0,67000,-256000,-189000
2014/08/19,0,5657000,-359923,5297077
2014/08/20,0,1647622,-104000,1543622
2014/08/21,0,132000,-372000,-240000
2014/08/22,0,627000,-569000,58000
2014/08/25,0,1150000,-953000,197000
2014/08/26,0,0,0,0
2014/08/27,0,0,0,0
2014/08/28,0,0,0,0
2014/08/29,0,0,0,0
2014/09/01,0,0,0,0
2014/09/02,0,0,0,0
2014/09/03,0,0,0,0
2014/09/04,0,0,0,0
2014/09/05,0,0,0,0
2014/09/09,0,2096612,-315901,1780711
2014/09/10,0,298000,-202085,95915
2014/09/11,0,852829,-53000,799829
2014/09/12,0,123000,-92000,31000
2014/09/15,0,61000,-38000,23000
2014/09/16,0,201982,-46142,155840
2014/09/17,0,468000,-62008,405992
2014/09/18,0,198000,-117000,81000
2014/09/19,0,718513,-552773,165740
2014/09/22,0,0,-121647,-121647
2014/09/23,0,20000,-38000,-18000
2014/09/24,0,61000,-40127,20873
2014/09/25,0,23000,-99817,-76817
2014/09/26,0,63000,-200649,-137649
2014/09/29,0,27000,-96000,-69000
2014/09/30,0,11000,-280000,-269000
2014/10/01,0,7000,-16000,-9000
2014/10/02,0,153000,-180000,-27000
2014/10/03,0,122000,-88000,34000
2014/10/06,0,25000,-45000,-20000
2014/10/07,0,89438,-86000,3438
2014/10/08,0,86154,-178154,-92000
2014/10/09,0,58000,-57000,1000
2014/10/13,0,1000,-1000,0
2014/10/14,0,538000,-392000,146000
2014/10/15,0,477000,-300000,177000
2014/10/16,0,263000,-356219,-93219
2014/10/17,0,370000,-108502,261498
2014/10/20,0,429000,-254000,175000
2014/10/21,0,257000,-271000,-14000
2014/10/22,0,345000,-229327,115673
2014/10/23,0,8000,-71200,-63200
2014/10/24,0,278000,-64000,214000
2014/10/27,0,294000,-60002,233998
2014/10/28,0,203000,-74845,128155
2014/10/29,0,666000,-57000,609000
2014/10/30,0,9000,-30000,-21000
2014/10/31,0,94000,-47000,47000
2014/11/03,0,25000,-32000,-7000
2014/11/04,0,226000,-112500,113500
2014/11/05,0,106000,-64000,42000
2014/11/06,0,137000,-84700,52300
2014/11/07,0,54000,-37000,17000
2014/11/10,0,205000,-3000,202000
2014/11/11,0,88000,0,88000
2014/11/12,0,16000,-3000,13000
2014/11/13,0,6000,0,6000
2014/11/14,0,11000,-1000,10000
2014/11/17,0,50000,-41000,9000
2014/11/18,0,109000,-23000,86000
2014/11/19,0,1904000,-60000,1844000
2014/11/20,0,1194000,-130000,1064000
2014/11/21,0,916000,-176075,739925
2014/11/24,0,3298000,-5645000,-2347000
2014/11/25,0,518000,-60000,458000
2014/11/26,0,378000,-71000,307000
2014/11/27,0,158000,-123000,35000
2014/11/28,0,75000,-92000,-17000
2014/12/01,0,225000,-101502,123498
2014/12/02,0,158000,-130000,28000
2014/12/03,0,248000,-822198,-574198
2014/12/04,0,1841000,-207000,1634000
2014/12/05,0,305000,-126000,179000
2014/12/08,0,903000,-60000,843000
2014/12/09,0,240000,-121000,119000
2014/12/10,0,282000,-282000,0
2014/12/11,0,180000,-28158,151842
2014/12/12,0,157000,-438000,-281000
2014/12/15,0,60000,-590000,-530000
2014/12/16,0,589000,-15000,574000
2014/12/17,0,325000,-40008,284992
2014/12/18,0,55000,-257000,-202000
2014/12/19,0,121000,-534783,-413783
2014/12/22,0,248000,-594000,-346000
2014/12/23,0,158000,-41000,117000
2014/12/24,0,199000,-21000,178000
2014/12/25,0,106000,-1164999,-1058999
2014/12/26,0,140000,-345000,-205000
2014/12/29,0,365000,-3088010,-2723010
2014/12/30,0,3398000,-855000,2543000
2014/12/31,0,804000,-811002,-7002
2015/01/01,0,0,0,0
2015/01/02,0,0,0,0
2015/01/05,0,1234000,-1475000,-241000
2015/01/06,0,805000,-2350000,-1545000
2015/01/07,0,451000,-1687200,-1236200
2015/01/08,0,804000,-1226000,-422000
2015/01/09,0,1391000,-418948,972052
2015/01/12,0,634000,-304000,330000
2015/01/13,0,807000,-446937,360063
2015/01/14,0,1012000,-345000,667000
2015/01/15,0,368000,-294000,74000
2015/01/16,0,1142000,-467000,675000
2015/01/19,0,426000,-436000,-10000
2015/01/20,0,2666000,-113000,2553000
2015/01/21,0,1526000,-839000,687000
2015/01/22,0,1630000,-212000,1418000
2015/01/23,0,73000,-767000,-694000
2015/01/26,0,42000,-932000,-890000
2015/01/27,0,753000,-267505,485495
2015/01/28,0,677000,-2371000,-1694000
2015/01/29,0,1263000,-1177000,86000
2015/01/30,0,578000,-1472000,-894000
2015/02/02,0,736000,-944420,-208420
2015/02/03,0,1299000,-113000,1186000
2015/02/04,0,523160,-286000,237160
2015/02/05,0,5572000,-709000,4863000
2015/02/06,0,1368000,-412000,956000
2015/02/09,0,922000,-175000,747000
2015/02/10,0,1102000,-264000,838000
2015/02/11,0,490000,-720441,-230441
2015/02/12,0,1062000,-287000,775000
2015/02/13,0,507000,-102000,405000
2015/02/16,0,0,0,0
2015/02/17,0,0,0,0
2015/02/18,0,0,0,0
2015/02/19,0,0,0,0
2015/02/20,0,0,0,0
2015/02/23,0,0,0,0
2015/02/24,0,407000,-584860,-177860
2015/02/25,0,1432830,-377000,1055830
2015/02/26,0,795000,-429000,366000
2015/02/27,0,0,0,0
2015/03/02,0,945000,-178000,767000
2015/03/03,0,2403000,-374000,2029000
2015/03/04,0,880000,-462000,418000
2015/03/05,0,4305000,-1387000,2918000
2015/03/06,0,645000,-696000,-51000
2015/03/09,0,441000,-2093000,-1652000
2015/03/10,0,413319,-971000,-557681
2015/03/11,0,1243000,-664000,579000
2015/03/12,0,1188000,-511000,677000
2015/03/13,0,1449000,-1088000,361000
2015/03/16,0,1368000,-1016441,351559
2015/03/17,0,1532000,-1077800,454200
2015/03/18,0,3218000,-2107094,1110906
2015/03/19,0,1932000,-981856,950144
2015/03/20,0,7567000,-6434000,1133000
2015/03/23,0,1450000,-432000,1018000
2015/03/24,0,558000,-110000,448000
2015/03/25,0,1275000,-116000,1159000
2015/03/26,0,941000,-412961,528039
2015/03/27,0,2287000,-301000,1986000
2015/03/30,0,932000,-530000,402000
2015/03/31,0,930000,-210000,720000
2015/04/01,0,572000,-371000,201000
2015/04/02,0,697000,-662154,34846
2015/04/03,0,0,0,0
2015/04/06,0,0,0,0
2015/04/07,0,831000,-359000,472000
2015/04/08,0,452000,-1880581,-1428581
2015/04/09,0,2028000,-1644000,384000
2015/04/10,0,1148000,-688115,459885
2015/04/13,0,1333000,-794000,539000
2015/04/14,0,833000,-628000,205000
2015/04/15,0,457000,-897000,-440000
2015/04/16,0,313000,-772676,-459676
2015/04/17,0,735000,-264000,471000
2015/04/20,0,612000,-551000,61000
2015/04/21,0,739000,-210000,529000
2015/04/22,0,1419000,-420000,999000
2015/04/23,0,1745000,-662000,1083000
2015/04/24,0,1143000,-231000,912000
2015/04/27,0,1034000,-770000,264000
2015/04/28,0,673000,-875000,-202000
2015/04/29,0,1925000,-2598000,-673000
2015/04/30,0,1426000,-503000,923000
2015/05/01,0,0,0,0
2015/05/04,0,590000,-586000,4000
2015/05/05,0,714000,-1061000,-347000
2015/05/06,0,1043000,-1336000,-293000
2015/05/07,0,678000,-1417622,-739622
2015/05/08,0,775000,-1415000,-640000
2015/05/11,0,1263000,-836035,426965
2015/05/12,0,1141000,-2678000,-1537000
2015/05/13,0,1326000,-2174000,-848000
2015/05/14,0,535000,-1436000,-901000
2015/05/15,0,499000,-465991,33009
2015/05/18,0,429000,-1371077,-942077
2015/05/19,0,698000,-984000,-286000
2015/05/20,0,127000,-1675000,-1548000
2015/05/21,0,202000,-750000,-548000
2015/05/22,0,243000,-1124000,-881000
2015/05/25,0,426000,-652000,-226000
2015/05/26,0,565000,-359000,206000
2015/05/27,0,804000,-558000,246000
2015/05/28,0,967000,-715000,252000
2015/05/29,0,665000,-554000,111000
2015/06/01,0,424000,-192000,232000
2015/06/02,0,402000,-638000,-236000
2015/06/03,0,270000,-692104,-422104
2015/06/04,0,223000,-1080000,-857000
2015/06/05,0,697000,-930000,-233000
2015/06/08,0,94000,-362000,-268000
2015/06/09,0,258000,-205500,52500
2015/06/10,0,128000,-239056,-111056
2015/06/11,0,189000,-665000,-476000
2015/06/12,0,116000,-264000,-148000
2015/06/15,0,220000,-196000,24000
2015/06/16,0,81000,-1367000,-1286000
2015/06/17,0,564000,-1798000,-1234000
2015/06/18,0,454000,-697855,-243855
2015/06/19,0,0,0,0
2015/06/22,0,834000,-806492,27508
2015/06/23,0,95000,-309000,-214000
2015/06/24,0,150000,-479000,-329000
2015/06/25,0,182000,-432000,-250000
2015/06/26,0,721000,-906000,-185000
2015/06/29,0,103000,-1100642,-997642
2015/06/30,0,673000,-118714,554286
2015/07/01,0,176000,-412000,-236000
2015/07/02,0,497000,-651000,-154000
2015/07/03,0,689000,-601000,88000
2015/07/06,0,1022000,-1224000,-202000
2015/07/07,0,1300000,-1222000,78000
2015/07/08,0,957000,-1769000,-812000
2015/07/09,0,831000,-756964,74036
2015/07/10,0,0,0,0
2015/07/13,0,617000,-369793,247207
2015/07/14,0,444000,-2112000,-1668000
2015/07/15,0,138000,-2178000,-2040000
2015/07/16,0,1104000,-1156000,-52000
2015/07/17,0,665000,-925000,-260000
2015/07/20,0,781000,-629000,152000
2015/07/21,0,567002,-1176000,-608998
2015/07/22,0,233000,-2185000,-1952000
2015/07/23,0,1500000,-1729000,-229000
2015/07/24,0,726000,-143000,583000
2015/07/27,0,606000,-1075000,-469000
2015/07/28,0,1969000,-252000,1717000
2015/07/29,0,529000,-2114000,-1585000
2015/07/30,0,1143000,-1483000,-340000
2015/07/31,0,649000,-1335400,-686400
2015/08/03,0,350000,-1654400,-1304400
2015/08/04,0,763000,-1028400,-265400
2015/08/05,0,284000,-825400,-541400
2015/08/06,0,531000,-880400,-349400
2015/08/07,0,405000,-395400,9600
2015/08/10,0,558000,-296400,261600
2015/08/11,0,349000,-1054400,-705400
2015/08/12,0,1324000,-880400,443600
2015/08/13,0,1411000,-964400,446600
2015/08/14,0,1515000,-931400,583600
2015/08/17,0,180000,-1521400,-1341400
2015/08/18,0,1629000,-1083400,545600
2015/08/19,0,1793000,-1167758,625242
2015/08/20,0,403000,-602400,-199400
2015/08/21,0,223000,-1556280,-1333280
2015/08/24,0,415000,-1228000,-813000
2015/08/25,0,532130,-623891,-91761
2015/08/26,0,532000,-501000,31000
2015/08/27,0,600000,-475000,125000
2015/08/28,0,1382000,-491361,890639
2015/08/31,0,1303000,-390000,913000
2015/09/01,0,904000,-901240,2760
2015/09/02,0,550000,-442000,108000
2015/09/03,0,925947,-547000,378947
2015/09/04,0,202000,-618947,-416947
2015/09/07,0,429000,-283000,146000
2015/09/08,0,175000,-277000,-102000
2015/09/09,0,1028000,-271000,757000
2015/09/10,0,572000,-306000,266000
2015/09/11,0,150000,-262000,-112000
2015/09/14,0,114000,-446910,-332910
2015/09/15,0,553000,-449000,104000
2015/09/16,0,542000,-331000,211000
2015/09/17,0,84000,-249337,-165337
2015/09/18,0,213000,-322588,-109588
2015/09/21,0,65000,-461000,-396000
2015/09/22,0,45000,-146000,-101000
2015/09/23,0,319000,-884000,-565000
2015/09/24,0,355000,-168000,187000
2015/09/25,0,491000,-505000,-14000
2015/09/28,0,0,0,0
2015/09/29,0,0,0,0
2015/09/30,0,491000,-186000,305000
2015/10/01,0,838000,-2758000,-1920000
2015/10/02,0,357000,-2016000,-1659000
2015/10/05,0,686000,-2020000,-1334000
2015/10/06,0,303000,-594000,-291000
2015/10/07,0,316000,-428000,-112000
2015/10/08,0,344000,-744000,-400000
2015/10/09,0,0,0,0
2015/10/12,0,887719,-820000,67719
2015/10/13,0,1071000,-363000,708000
2015/10/14,0,1170000,-500000,670000
2015/10/15,0,1048000,-641000,407000
2015/10/16,0,4098000,-2073000,2025000
2015/10/19,0,1372000,-384000,988000
2015/10/20,0,504000,-574880,-70880
2015/10/21,0,531000,-314000,217000
2015/10/22,0,862000,-125000,737000
2015/10/23,0,173000,-336000,-163000
2015/10/26,0,868000,-163000,705000
2015/10/27,0,1291000,-170000,1121000
2015/10/28,0,93000,-352000,-259000
2015/10/29,0,834217,-420000,414217
2015/10/30,0,835000,-1124000,-289000
2015/11/02,0,218000,-921000,-703000
2015/11/03,0,800000,-601000,199000
2015/11/04,0,2252000,-203000,2049000
2015/11/05,0,498000,-446000,52000
2015/11/06,0,557000,-631000,-74000
2015/11/09,0,295000,-740000,-445000
2015/11/10,0,745000,-896000,-151000
2015/11/11,0,333000,-1327000,-994000
2015/11/12,0,443000,-1030000,-587000
2015/11/13,0,365000,-1014000,-649000
2015/11/16,0,299000,-570000,-271000
2015/11/17,0,315000,-471000,-156000
2015/11/18,0,223000,-1091000,-868000
2015/11/19,0,413000,-553000,-140000
2015/11/20,0,387000,-703000,-316000
2015/11/23,0,356000,-581000,-225000
2015/11/24,0,1099000,-275000,824000
2015/11/25,0,262000,-751000,-489000
2015/11/26,0,585000,-568000,17000
2015/11/27,0,721000,-801000,-80000
2015/11/30,0,2896000,-1911000,985000
2015/12/01,0,302000,-1122208,-820208
2015/12/02,0,424000,-474000,-50000
2015/12/03,0,644000,-448000,196000
2015/12/04,0,279000,-416000,-137000
2015/12/07,0,639000,-321000,318000
2015/12/08,0,683000,-1170419,-487419
2015/12/09,0,183000,-330000,-147000
2015/12/10,0,323000,-467000,-144000
2015/12/11,0,253000,-846000,-593000
2015/12/14,0,590000,-766000,-176000
2015/12/15,0,322000,-101000,221000
2015/12/16,0,5341000,-939068,4401932
2015/12/17,0,4591000,-827000,3764000
2015/12/18,0,2843000,-2073000,770000
2015/12/21,0,1253000,-1460000,-207000
2015/12/22,0,1332000,-2912000,-1580000
2015/12/23,0,1864000,-1030196,833804
2015/12/24,0,1954000,-575000,1379000
2015/12/25,0,2111000,-432000,1679000
2015/12/28,0,966000,-1758000,-792000
2015/12/29,0,3459000,-307000,3152000
2015/12/30,0,813000,-1669000,-856000
2015/12/31,0,1278000,-1155000,123000
2016/01/01,0,0,0,0
2016/01/04,0,1326000,-953000,373000
2016/01/05,0,1407000,-745100,661900
2016/01/06,0,2089000,-1411000,678000
2016/01/07,0,2193000,-1645000,548000
2016/01/08,0,1018000,-1577000,-559000
2016/01/11,0,1512000,-2504000,-992000
2016/01/12,0,2276000,-2777000,-501000
2016/01/13,0,2566789,-1601000,965789
2016/01/14,0,3249000,-1367000,1882000
2016/01/15,0,772000,-1858527,-1086527
2016/01/18,0,2109000,-2050000,59000
2016/01/19,0,2322648,-4826530,-2503882
2016/01/20,0,1206800,-3766000,-2559200
2016/01/21,0,2258164,-627000,1631164
2016/01/22,0,2158000,-1264203,893797
2016/01/25,0,1163000,-1204265,-41265
2016/01/26,0,836814,-213511,623303
2016/01/27,0,1947000,-480000,1467000
2016/01/28,0,1187824,-4434190,-3246366
2016/01/29,0,1204254,-1937930,-733676
2016/02/01,0,514000,-649686,-135686
2016/02/02,0,264000,-1130437,-866437
2016/02/03,0,254000,-667443,-413443
2016/02/04,0,0,0,0
2016/02/05,0,0,0,0
2016/02/08,0,0,0,0
2016/02/09,0,0,0,0
2016/02/10,0,0,0,0
2016/02/11,0,0,0,0
2016/02/12,0,0,0,0
2016/02/15,0,298000,-522429,-224429
2016/02/16,0,448413,-737000,-288587
2016/02/17,0,170000,-1154000,-984000
2016/02/18,0,1492000,-1987000,-495000
2016/02/19,0,871000,-1260000,-389000
2016/02/22,0,1413000,-1592000,-179000
2016/02/23,0,720000,-1056000,-336000
2016/02/24,0,1084000,-942000,142000
2016/02/25,0,3323000,-2132000,1191000
2016/02/26,0,3527908,-2174335,1353573
2016/02/29,0,0,0,0
2016/03/01,0,748000,-1224000,-476000
2016/03/02,0,1120000,-1792000,-672000
2016/03/03,0,1524000,-604000,920000
2016/03/04,0,3316000,-1174000,2142000
2016/03/07,0,3640000,-3220000,420000
2016/03/08,0,1172000,-2417000,-1245000
2016/03/09,0,865000,-786000,79000
2016/03/10,0,1251000,-535476,715524
2016/03/11,0,697000,-684000,13000
2016/03/14,0,1892000,-2320000,-428000
2016/03/15,0,688000,-2346000,-1658000
2016/03/16,0,1033000,-1130000,-97000
2016/03/17,0,900000,-1039932,-139932
2016/03/18,0,1408000,-3100005,-1692005
2016/03/21,0,2706000,-3157442,-451442
2016/03/22,0,926182,-2068000,-1141818
2016/03/23,0,2160403,-1216279,944124
2016/03/24,0,1662000,-1606000,56000
2016/03/25,0,545000,-687107,-142107
2016/03/28,0,380000,-385000,-5000
2016/03/29,0,326000,-1252000,-926000
2016/03/30,0,1238000,-808000,430000
2016/03/31,0,458000,-838326,-380326
2016/04/01,0,1684000,-733000,951000
2016/04/04,0,0,0,0
2016/04/05,0,0,0,0
2016/04/06,0,1105000,-2416453,-1311453
2016/04/07,0,776137,-1388008,-611871
2016/04/08,0,1299988,-1372000,-72012
2016/04/11,0,965000,-1469000,-504000
2016/04/12,0,1032000,-1478746,-446746
2016/04/13,0,1637000,-1558000,79000
2016/04/14,0,4182000,-3966466,215534
2016/04/15,0,2612000,-1877000,735000
2016/04/18,0,1209000,-1136054,72946
2016/04/19,0,2306000,-2630358,-324358
2016/04/20,0,1296176,-1893000,-596824
2016/04/21,0,487000,-1624000,-1137000
2016/04/22,0,723000,-1547000,-824000
2016/04/25,0,1430000,-2014000,-584000
2016/04/26,0,828000,-2048000,-1220000
2016/04/27,0,1620000,-3046000,-1426000
2016/04/28,0,5244534,-3303053,1941481
2016/04/29,0,2181714,-2997000,-815286
2016/05/02,0,0,0,0
2016/05/03,0,3060000,-1277000,1783000
2016/05/04,0,2551000,-1452586,1098414
2016/05/05,0,2064000,-1249857,814143
2016/05/06,0,2755000,-1194000,1561000
2016/05/09,0,2021000,-1316135,704865
2016/05/10,0,1982421,-1487000,495421
2016/05/11,0,2137000,-2036000,101000
2016/05/12,0,2864579,-1047000,1817579
2016/05/13,0,18079000,-4097000,13982000
2016/05/16,0,10065200,-7482000,2583200
2016/05/17,0,4068000,-3500242,567758
2016/05/18,0,4487000,-4304000,183000
2016/05/19,0,2866000,-3848000,-982000
2016/05/20,0,4151603,-2975276,1176327
2016/05/23,0,4366473,-2743000,1623473
2016/05/24,0,3074000,-3431000,-357000
2016/05/25,0,2962000,-6234000,-3272000
2016/05/26,0,2025000,-2981000,-956000
2016/05/27,0,2440063,-4255926,-1815863
2016/05/30,0,4265886,-7133886,-2868000
2016/05/31,0,50100195,-48108521,1991674
2016/06/01,0,1984393,-3147000,-1162607
2016/06/02,0,2386000,-5713000,-3327000
2016/06/03,0,979000,-3775000,-2796000
2016/06/06,0,1091800,-1155792,-63992
2016/06/07,0,5629470,-2841276,2788194
2016/06/08,0,3086000,-2606000,480000
2016/06/09,0,0,0,0
2016/06/10,0,0,0,0
2016/06/13,0,1230000,-4313710,-3083710
2016/06/14,0,4616000,-7624617,-3008617
2016/06/15,0,1617000,-4396000,-2779000
2016/06/16,0,1684263,-2616090,-931827
2016/06/17,0,2731399,-2976000,-244601
2016/06/20,0,1484000,-1621000,-137000
2016/06/21,0,4500000,-1710005,2789995
2016/06/22,0,2689570,-1562000,1127570
2016/06/23,0,607142,-299632,307510
2016/06/24,0,1168000,-1938000,-770000
2016/06/27,0,551000,-1411000,-860000
2016/06/28,0,1210000,-849000,361000
2016/06/29,0,3832000,-1231419,2600581
2016/06/30,0,3307000,-534000,2773000
2016/07/01,0,2949000,-811000,2138000
2016/07/04,0,1169000,-355000,814000
2016/07/05,0,529000,-344000,185000
2016/07/06,0,523025,-1357000,-833975
2016/07/07,0,802000,-606000,196000
2016/07/08,0,0,0,0
2016/07/11,0,1592000,-107000,1485000
2016/07/12,0,999000,-295286,703714
2016/07/13,0,2957000,-2587005,369995
2016/07/14,0,1616000,-1574000,42000
2016/07/15,0,3789142,-1884823,1904319
2016/07/18,0,2154000,-829000,1325000
2016/07/19,0,1888000,-2167775,-279775
2016/07/20,0,2068000,-2673000,-605000
2016/07/21,0,7225000,-682443,6542557
2016/07/22,0,1293000,-1056000,237000
2016/07/25,0,1242000,-1521000,-279000
2016/07/26,0,1947000,-1023000,924000
2016/07/27,0,2509000,-1428000,1081000
2016/07/28,0,1125000,-2470000,-1345000
2016/07/29,0,872321,-2798000,-1925679
2016/08/01,0,1028520,-2453160,-1424640
2016/08/02,0,841000,-2748000,-1907000
2016/08/03,0,552000,-1395000,-843000
2016/08/04,0,586000,-1063000,-477000
2016/08/05,0,1694000,-1983000,-289000
2016/08/08,0,545571,-2986000,-2440429
2016/08/09,0,1116000,-3179886,-2063886
2016/08/10,0,1323320,-2123000,-799680
2016/08/11,0,1177302,-2483000,-1305698
2016/08/12,0,1130000,-1018000,112000
2016/08/15,0,729000,-845000,-116000
2016/08/16,0,1135000,-1272170,-137170
2016/08/17,0,1326111,-2267000,-940889
2016/08/18,0,478000,-1058996,-580996
2016/08/19,0,953142,-1494924,-541782
2016/08/22,0,374954,-1295200,-920246
2016/08/23,0,923000,-1074000,-151000
2016/08/24,0,806000,-584923,221077
2016/08/25,0,1188000,-811000,377000
2016/08/26,0,2803225,-1436000,1367225
2016/08/29,0,967000,-935000,32000
2016/08/30,0,1068857,-1025000,43857
2016/08/31,0,1371940,-2284000,-912060
2016/09/01,0,996000,-769073,226927
2016/09/02,0,1722428,-945000,777428
2016/09/05,0,985000,-828000,157000
2016/09/06,0,1364999,-494000,870999
2016/09/07,0,2338000,-2253000,85000
2016/09/08,0,4514000,-2770000,1744000
2016/09/09,0,1720000,-1035000,685000
2016/09/12,0,2160000,-2207000,-47000
2016/09/13,0,2940000,-2177000,763000
2016/09/14,0,5163772,-5855000,-691228
2016/09/15,0,0,0,0
2016/09/16,0,0,0,0
2016/09/19,0,2827000,-2194000,633000
2016/09/20,0,933968,-663000,270968
2016/09/21,0,1880000,-1109053,770947
2016/09/22,0,1573285,-777000,796285
2016/09/23,0,2006000,-2877661,-871661
2016/09/26,0,2769000,-4141572,-1372572
2016/09/27,0,0,0,0
2016/09/28,0,0,0,0
2016/09/29,0,4908428,-7840523,-2932095
2016/09/30,0,1532428,-3617692,-2085264
2016/10/03,0,967000,-2594000,-1627000
2016/10/04,0,3783000,-6681741,-2898741
2016/10/05,0,5297000,-7023000,-1726000
2016/10/06,0,1209428,-2653000,-1443572
2016/10/07,0,7415713,-6323000,1092713
2016/10/10,0,0,0,0
2016/10/11,0,7472000,-5480000,1992000
2016/10/12,0,5859087,-5687670,171417
2016/10/13,0,4390000,-4664000,-274000
2016/10/14,0,2608047,-3169000,-560953
2016/10/17,0,1683301,-3938516,-2255215
2016/10/18,0,1671000,-2018000,-347000
2016/10/19,0,5774000,-6314476,-540476
2016/10/20,0,3958066,-5053000,-1094934
2016/10/21,0,3852000,-5199712,-1347712
2016/10/24,0,2335000,-5432000,-3097000
2016/10/25,0,1226000,-5033726,-3807726
2016/10/26,0,3314204,-7259000,-3944796
2016/10/27,0,4872236,-8599000,-3726764
2016/10/28,0,3395000,-3233000,162000
2016/10/31,0,3172408,-4724841,-1552433
2016/11/01,0,2688000,-2555000,133000
2016/11/02,0,2484258,-1893315,590943
2016/11/03,0,3809000,-3682000,127000
2016/11/04,0,1121000,-2961090,-1840090
2016/11/07,0,666000,-1504000,-838000
2016/11/08,0,1528118,-3173000,-1644882
2016/11/09,0,1392000,-2512000,-1120000
2016/11/10,0,2177000,-5543000,-3366000
2016/11/11,0,1570000,-3264000,-1694000
2016/11/14,0,960000,-3058000,-2098000
2016/11/15,0,227000,-1921000,-1694000
2016/11/16,0,1087700,-2393000,-1305300
2016/11/17,0,1323572,-1877000,-553428
2016/11/18,0,1867000,-3731364,-1864364
2016/11/21,0,1161000,-3825363,-2664363
2016/11/22,0,1836000,-8503963,-6667963
2016/11/23,0,4922719,-9583275,-4660556
2016/11/24,0,6228001,-8294521,-2066520
2016/11/25,0,3403000,-3012511,390489
2016/11/28,0,4487000,-5697000,-1210000
2016/11/29,0,1775000,-1491000,284000
2016/11/30,0,3514108,-4706876,-1192768
2016/12/01,0,4551138,-2157000,2394138
2016/12/02,0,1627000,-3784000,-2157000
2016/12/05,0,1118000,-2853123,-1735123
2016/12/06,0,3583000,-3346000,237000
2016/12/07,0,2698000,-1400000,1298000
2016/12/08,0,3615000,-3193000,422000
2016/12/09,0,8110008,-1072754,7037254
2016/12/12,0,5670000,-1859000,3811000
2016/12/13,0,2363000,-4340087,-1977087
2016/12/14,0,5983000,-2330000,3653000
2016/12/15,0,4837000,-2415000,2422000
2016/12/16,0,3572103,-2910000,662103
2016/12/19,0,590000,-2472000,-1882000
2016/12/20,0,5571635,-1919670,3651965
2016/12/21,0,2507000,-2304000,203000
2016/12/22,0,10179000,-2971000,7208000
2016/12/23,0,8678176,-4430000,4248176
2016/12/26,0,1499000,-2352000,-853000
2016/12/27,0,829000,-679300,149700
2016/12/28,0,1050000,-1095000,-45000
2016/12/29,0,2658478,-1383000,1275478
2016/12/30,0,1464100,-1136023,328077
2017/01/02,0,0,0,0
2017/01/03,0,1850000,-2210000,-360000
2017/01/04,0,1834000,-1204000,630000
2017/01/05,0,3578902,-1699000,1879902
2017/01/06,0,3995000,-2272000,1723000
2017/01/09,0,2114000,-1238000,876000
2017/01/10,0,1148000,-3250000,-2102000
2017/01/11,0,1860892,-1514000,346892
2017/01/12,0,2172155,-2514000,-341845
2017/01/13,0,3210374,-2336000,874374
2017/01/16,0,2857000,-3540000,-683000
2017/01/17,0,2821743,-3603000,-781257
2017/01/18,0,7898000,-7528377,369623
2017/01/19,0,4456776,-3361267,1095509
2017/01/20,0,3290236,-4370000,-1079764
2017/01/23,0,2416775,-3855000,-1438225
2017/01/24,0,4547309,-5634000,-1086691
2017/01/25,0,0,0,0
2017/01/26,0,0,0,0
2017/01/27,0,0,0,0
2017/01/30,0,0,0,0
2017/01/31,0,0,0,0
2017/02/01,0,0,0,0
2017/02/02,0,5295000,-5610839,-315839
2017/02/03,0,5206727,-9818815,-4612088
2017/02/06,0,420000,-4354502,-3934502
2017/02/07,0,2046914,-2386873,-339959
2017/02/08,0,2931000,-3774173,-843173
2017/02/09,0,933778,-1014041,-80263
2017/02/10,0,1253083,-1986998,-733915
2017/02/13,0,2823516,-922659,1900857
2017/02/14,0,827728,-2020000,-1192272
2017/02/15,0,2469000,-4005000,-1536000
2017/02/16,0,978000,-939000,39000
2017/02/17,0,521000,-2339337,-1818337
2017/02/20,0,380000,-2910784,-2530784
2017/02/21,0,1614000,-2810599,-1196599
2017/02/22,0,660364,-1051487,-391123
2017/02/23,0,1714144,-3539144,-1825000
2017/02/24,0,2899536,-2734882,164654
2017/02/27,0,0,0,0
2017/02/28,0,0,0,0
2017/03/01,0,1284150,-1673800,-389650
2017/03/02,0,822000,-881351,-59351
2017/03/03,0,1243000,-2042000,-799000
2017/03/06,0,1048722,-3955936,-2907214
2017/03/07,0,508185,-2006912,-1498727
2017/03/08,0,667000,-2036596,-1369596
2017/03/09,0,1072000,-5756334,-4684334
2017/03/10,0,3836111,-4538608,-702497
2017/03/13,0,1139504,-1501027,-361523
2017/03/14,0,1936946,-2148537,-211591
2017/03/15,0,476000,-2006256,-1530256
2017/03/16,0,6394646,-5935942,458704
2017/03/17,0,6433661,-2207777,4225884
2017/03/20,0,3049576,-1600045,1449531
2017/03/21,0,2756172,-1520800,1235372
2017/03/22,0,2842716,-1537646,1305070
2017/03/23,0,3791975,-2446860,1345115
2017/03/24,0,10123097,-5540430,4582667
2017/03/27,0,6926451,-4552264,2374187
2017/03/28,0,4922728,-902990,4019738
2017/03/29,0,2495888,-1416217,1079671
2017/03/30,0,4298000,-2687052,1610948
2017/03/31,0,2112000,-3537000,-1425000
2017/04/03,0,0,0,0
2017/04/04,0,0,0,0
2017/04/05,0,4109820,-2849645,1260175
2017/04/06,0,5444864,-1005540,4439324
2017/04/07,0,2450200,-3595000,-1144800
2017/04/10,0,858000,-826699,31301
2017/04/11,0,2095000,-589000,1506000
2017/04/12,0,2851012,-1628000,1223012
2017/04/13,0,1796514,-818000,978514
2017/04/14,0,650000,-3165000,-2515000
2017/04/17,0,1239830,-2187000,-947170
2017/04/18,0,3429000,-2326290,1102710
2017/04/19,0,848000,-1478784,-630784
2017/04/20,0,773786,-1590494,-816708
2017/04/21,0,2266409,-1201946,1064463
2017/04/24,0,1568099,-2135000,-566901
2017/04/25,0,5454366,-1106000,4348366
2017/04/26,0,3635346,-2422000,1213346
2017/04/27,0,6830000,-3137000,3693000
2017/04/28,0,6184996,-1322000,4862996
2017/05/01,0,0,0,0
2017/05/02,0,22703711,-10870611,11833100
2017/05/03,0,6260000,-837000,5423000
2017/05/04,0,8047190,-671000,7376190
2017/05/05,0,10770612,-3348000,7422612
2017/05/08,0,11729053,-1715000,10014053
2017/05/09,0,10921146,-1741000,9180146
2017/05/10,0,5732332,-2132000,3600332
2017/05/11,0,7181067,-2308000,4873067
2017/05/12,0,7164000,-841000,6323000
2017/05/15,0,8108322,-7399000,709322
2017/05/16,0,5178000,-4103000,1075000
2017/05/17,0,1989895,-1702342,287553
2017/05/18,0,3948892,-1517000,2431892
2017/05/19,0,2459238,-1918400,540838
2017/05/22,0,938186,-999250,-61064
2017/05/23,0,1664720,-895022,769698
2017/05/24,0,3758090,-2781000,977090
2017/05/25,0,1292000,-1954493,-662493
2017/05/26,0,0,0,0
2017/05/29,0,0,0,0
2017/05/30,0,0,0,0
2017/05/31,0,3152004,-2611236,540768
2017/06/01,0,977000,-2483988,-1506988
2017/06/02,0,8364000,-3793179,4570821
2017/06/05,0,8359000,-4277700,4081300
2017/06/06,0,135000,-1874000,-1739000
2017/06/07,0,3934000,-2161060,1772940
2017/06/08,0,1903482,-953843,949639
2017/06/09,0,1633368,-1412000,221368
2017/06/12,0,2684000,-3002750,-318750
2017/06/13,0,805000,-1879000,-1074000
2017/06/14,0,2417000,-1469762,947238
2017/06/15,0,1397000,-1417000,-20000
2017/06/16,0,1919316,-972877,946439
2017/06/19,0,5715516,-1412000,4303516
2017/06/20,0,4925000,-1912000,3013000
2017/06/21,0,3804000,-1389043,2414957
2017/06/22,0,2733595,-1807000,926595
2017/06/23,0,1069000,-1238000,-169000
2017/06/26,0,3888000,-856000,3032000
2017/06/27,0,8259934,-2305183,5954751
2017/06/28,0,2521000,-2155000,366000
2017/06/29,0,2490000,-1492688,997312
2017/06/30,0,2224000,-2150000,74000
2017/07/03,0,2004756,-2647569,-642813
2017/07/04,0,3581000,-1922000,1659000
2017/07/05,0,4594000,-1884669,2709331
2017/07/06,0,3351000,-4603397,-1252397
2017/07/07,0,2411780,-2441704,-29924
2017/07/10,0,1493111,-3255276,-1762165
2017/07/11,0,5817705,-4252124,1565581
2017/07/12,0,2167000,-6392883,-4225883
2017/07/13,0,2044948,-3019624,-974676
2017/07/14,0,3672000,-3516494,155506
2017/07/17,0,6069000,-5784320,284680
2017/07/18,0,11882000,-6803760,5078240
2017/07/19,0,5898000,-8646952,-2748952
2017/07/20,0,4335323,-4544000,-208677
2017/07/21,0,8879830,-5363106,3516724
2017/07/24,0,10403560,-7008539,3395021
2017/07/25,0,3266000,-7143236,-3877236
2017/07/26,0,8223000,-7394000,829000
2017/07/27,0,6228000,-6241000,-13000
2017/07/28,0,2134000,-2584858,-450858
2017/07/31,0,5118134,-3624000,1494134
2017/08/01,0,6522428,-5552000,970428
2017/08/02,0,1956000,-4720000,-2764000
2017/08/03,0,2636000,-2521064,114936
2017/08/04,0,1859823,-1693631,166192
2017/08/07,0,1805091,-1330000,475091
2017/08/08,0,2524000,-3465000,-941000
2017/08/09,0,2943141,-3129166,-186025
2017/08/10,0,4774032,-1208420,3565612
2017/08/11,0,10031000,-9232400,798600
2017/08/14,0,6554865,-2528631,4026234
2017/08/15,0,2447317,-3010000,-562683
2017/08/16,0,3349000,-3297000,52000
2017/08/17,0,2538000,-4376000,-1838000
2017/08/18,0,1363000,-2050000,-687000
