Date,Open,Buy,Sell,Total
2007/01/02,0,0,-84000,-84000
2007/01/03,0,0,-325000,-325000
2007/01/04,0,118000,-199518,-81518
2007/01/05,0,1141000,0,1141000
2007/01/08,0,1000000,-3236000,-2236000
2007/01/09,0,0,0,0
2007/01/10,0,21000,-1147000,-1126000
2007/01/11,0,0,-43000,-43000
2007/01/12,0,57000,-48000,9000
2007/01/15,0,0,-164000,-164000
2007/01/16,0,11000,0,11000
2007/01/17,0,19000,0,19000
2007/01/18,0,0,-4000,-4000
2007/01/19,0,0,-2999000,-2999000
2007/01/22,0,56000,-202000,-146000
2007/01/23,0,0,-128000,-128000
2007/01/24,0,24000,0,24000
2007/01/25,0,25000,-613000,-588000
2007/01/26,0,0,-3000,-3000
2007/01/29,0,0,-703000,-703000
2007/01/30,0,86000,0,86000
2007/01/31,0,0,0,0
2007/02/01,0,0,0,0
2007/02/02,0,13000,0,13000
2007/02/05,0,52000,-2000,50000
2007/02/06,0,72000,0,72000
2007/02/07,0,0,0,0
2007/02/08,0,7000,0,7000
2007/02/09,0,96000,0,96000
2007/02/12,0,0,-656000,-656000
2007/02/13,0,0,-200000,-200000
2007/02/14,0,0,-93000,-93000
2007/02/15,0,0,0,0
2007/02/16,0,0,0,0
2007/02/19,0,0,0,0
2007/02/20,0,0,0,0
2007/02/21,0,0,0,0
2007/02/22,0,0,0,0
2007/02/23,0,0,0,0
2007/02/26,0,0,0,0
2007/02/27,0,175000,0,175000
2007/02/28,0,0,0,0
2007/03/01,0,200000,0,200000
2007/03/02,0,260000,0,260000
2007/03/05,0,0,0,0
2007/03/06,0,1832000,-35000,1797000
2007/03/07,0,1050000,-583000,467000
2007/03/08,0,0,0,0
2007/03/09,0,0,0,0
2007/03/12,0,159000,0,159000
2007/03/13,0,0,-2289000,-2289000
2007/03/14,0,0,-648000,-648000
2007/03/15,0,0,0,0
2007/03/16,0,294000,0,294000
2007/03/19,0,1043000,0,1043000
2007/03/20,0,0,-6000,-6000
2007/03/21,0,0,-11000,-11000
2007/03/22,0,0,-515000,-515000
2007/03/23,0,0,-17000,-17000
2007/03/26,0,2000,0,2000
2007/03/27,0,0,0,0
2007/03/28,0,0,0,0
2007/03/29,0,0,-12000,-12000
2007/03/30,0,0,-37000,-37000
2007/04/02,0,0,-58000,-58000
2007/04/03,0,0,0,0
2007/04/04,0,1886000,0,1886000
2007/04/05,0,0,0,0
2007/04/06,0,0,0,0
2007/04/09,0,0,-7000,-7000
2007/04/10,0,0,-16000,-16000
2007/04/11,0,771000,0,771000
2007/04/12,0,0,-1000,-1000
2007/04/13,0,0,-22000,-22000
2007/04/16,0,0,-42000,-42000
2007/04/17,0,8000,0,8000
2007/04/18,0,0,0,0
2007/04/19,0,0,0,0
2007/04/20,0,0,-27000,-27000
2007/04/23,0,2000,0,2000
2007/04/24,0,0,-168000,-168000
2007/04/25,0,500000,-200000,300000
2007/04/26,0,0,0,0
2007/04/27,0,0,-195000,-195000
2007/04/30,0,0,-69000,-69000
2007/05/01,0,0,0,0
2007/05/02,0,13000,-69000,-56000
2007/05/03,0,20000,-270000,-250000
2007/05/04,0,20000,0,20000
2007/05/07,0,0,0,0
2007/05/08,0,0,-204000,-204000
2007/05/09,0,0,-214000,-214000
2007/05/10,0,0,-112000,-112000
2007/05/11,0,0,-7000,-7000
2007/05/14,0,0,-16000,-16000
2007/05/15,0,30000,-21000,9000
2007/05/16,0,0,-226000,-226000
2007/05/17,0,0,-1305000,-1305000
2007/05/18,0,0,-206000,-206000
2007/05/21,0,0,-14000,-14000
2007/05/22,0,8000,0,8000
2007/05/23,0,0,-82000,-82000
2007/05/24,0,0,-250000,-250000
2007/05/25,0,1000,-383000,-382000
2007/05/28,0,0,0,0
2007/05/29,0,100000,0,100000
2007/05/30,0,0,-100000,-100000
2007/05/31,0,0,0,0
2007/06/01,0,0,-100000,-100000
2007/06/04,0,8000,0,8000
2007/06/05,0,0,-121000,-121000
2007/06/06,0,1000,0,1000
2007/06/07,0,0,0,0
2007/06/08,0,0,0,0
2007/06/11,0,0,-24000,-24000
2007/06/12,0,0,-54000,-54000
2007/06/13,0,0,-197000,-197000
2007/06/14,0,0,-7000,-7000
2007/06/15,0,8000,-17000,-9000
2007/06/18,0,0,0,0
2007/06/19,0,0,0,0
2007/06/20,0,0,0,0
2007/06/21,0,280000,-5000,275000
2007/06/22,0,0,-133000,-133000
2007/06/25,0,17000,-368000,-351000
2007/06/26,0,0,0,0
2007/06/27,0,0,-50000,-50000
2007/06/28,0,0,0,0
2007/06/29,0,1000,0,1000
2007/07/02,0,0,0,0
2007/07/03,0,0,0,0
2007/07/04,0,2000,0,2000
2007/07/05,0,204000,-72000,132000
2007/07/06,0,339000,0,339000
2007/07/09,0,325000,0,325000
2007/07/10,0,185000,-180000,5000
2007/07/11,0,4000,0,4000
2007/07/12,0,436000,-7000,429000
2007/07/13,0,0,0,0
2007/07/16,0,0,0,0
2007/07/17,0,0,-8000,-8000
2007/07/18,0,13000,-1000,12000
2007/07/19,0,371000,0,371000
2007/07/20,0,204000,-1000,203000
2007/07/23,0,4000,0,4000
2007/07/24,0,1000,-1041000,-1040000
2007/07/25,0,3000,0,3000
2007/07/26,0,10000,-43000,-33000
2007/07/27,0,2000,0,2000
2007/07/30,0,3000,0,3000
2007/07/31,0,0,-4000,-4000
2007/08/01,0,4000,-254000,-250000
2007/08/02,0,4000,-2000,2000
2007/08/03,0,3000,-102000,-99000
2007/08/06,0,402000,0,402000
2007/08/07,0,1000,-950000,-949000
2007/08/08,0,29000,0,29000
2007/08/09,0,0,-25000,-25000
2007/08/10,0,0,-166000,-166000
2007/08/13,0,0,-2000,-2000
2007/08/14,0,20000,-3000,17000
2007/08/15,0,8000,0,8000
2007/08/16,0,14000,-10000,4000
2007/08/17,0,11000,-5000,6000
2007/08/20,0,17000,0,17000
2007/08/21,0,0,-2000,-2000
2007/08/22,0,34000,-3000,31000
2007/08/23,0,5000,0,5000
2007/08/24,0,0,-7000,-7000
2007/08/27,0,5000,-7000,-2000
2007/08/28,0,0,-408782,-408782
2007/08/29,0,0,-75062,-75062
2007/08/30,0,0,0,0
2007/08/31,0,0,-6000,-6000
2007/09/03,0,11000,-53000,-42000
2007/09/04,0,40000,0,40000
2007/09/05,0,0,-18,-18
2007/09/06,0,0,0,0
2007/09/07,0,3543000,0,3543000
2007/09/10,0,0,-56000,-56000
2007/09/11,0,0,0,0
2007/09/12,0,0,0,0
2007/09/13,0,0,-1544927,-1544927
2007/09/14,0,112000,0,112000
2007/09/17,0,0,0,0
2007/09/18,0,0,0,0
2007/09/19,0,0,0,0
2007/09/20,0,1448000,0,1448000
2007/09/21,0,8000,-106000,-98000
2007/09/24,0,0,0,0
2007/09/25,0,0,0,0
2007/09/26,0,3000,-1441000,-1438000
2007/09/27,0,3000,0,3000
2007/09/28,0,0,-8000,-8000
2007/10/01,0,339000,-13000,326000
2007/10/02,0,110000,-11000,99000
2007/10/03,0,0,-2000,-2000
2007/10/04,0,0,0,0
2007/10/05,0,0,-2000,-2000
2007/10/08,0,34000,-13000,21000
2007/10/09,0,6000,-170000,-164000
2007/10/10,0,0,0,0
2007/10/11,0,0,0,0
2007/10/12,0,0,0,0
2007/10/15,0,5000,0,5000
2007/10/16,0,5000,0,5000
2007/10/17,0,0,0,0
2007/10/18,0,0,0,0
2007/10/19,0,200000,-37000,163000
2007/10/22,0,1000,0,1000
2007/10/23,0,2000,0,2000
2007/10/24,0,0,0,0
2007/10/25,0,5000,0,5000
2007/10/26,0,0,0,0
2007/10/29,0,5000,0,5000
2007/10/30,0,3000,0,3000
2007/10/31,0,25000,-25000,0
2007/11/01,0,15000,-1000,14000
2007/11/02,0,5000,0,5000
2007/11/05,0,1000,0,1000
2007/11/06,0,77000,0,77000
2007/11/07,0,0,0,0
2007/11/08,0,5000,0,5000
2007/11/09,0,7000,-389000,-382000
2007/11/12,0,4000,0,4000
2007/11/13,0,405000,-2000,403000
2007/11/14,0,2000,-4000,-2000
2007/11/15,0,0,0,0
2007/11/16,0,0,0,0
2007/11/19,0,20000,-198664,-178664
2007/11/20,0,0,-1000,-1000
2007/11/21,0,0,-77000,-77000
2007/11/22,0,0,0,0
2007/11/23,0,0,0,0
2007/11/26,0,0,0,0
2007/11/27,0,0,0,0
2007/11/28,0,500000,0,500000
2007/11/29,0,0,0,0
2007/11/30,0,6000,0,6000
2007/12/03,0,6000,0,6000
2007/12/04,0,9000,0,9000
2007/12/05,0,158000,0,158000
2007/12/06,0,119000,0,119000
2007/12/07,0,0,-140000,-140000
2007/12/10,0,0,0,0
2007/12/11,0,0,0,0
2007/12/12,0,0,0,0
2007/12/13,0,14000,0,14000
2007/12/14,0,0,-7000,-7000
2007/12/17,0,0,0,0
2007/12/18,0,1541000,-1000,1540000
2007/12/19,0,233000,0,233000
2007/12/20,0,765000,0,765000
2007/12/21,0,10000,-116000,-106000
2007/12/24,0,1480000,-276000,1204000
2007/12/25,0,0,0,0
2007/12/26,0,0,0,0
2007/12/27,0,80000,0,80000
2007/12/28,0,0,0,0
2007/12/31,0,0,-1920000,-1920000
2008/01/01,0,0,0,0
2008/01/02,0,74000,0,74000
2008/01/03,0,4000,-920000,-916000
2008/01/04,0,0,0,0
2008/01/07,0,0,-874000,-874000
2008/01/08,0,0,-37000,-37000
2008/01/09,0,0,0,0
2008/01/10,0,0,-276000,-276000
2008/01/11,0,10000,0,10000
2008/01/14,0,0,0,0
2008/01/15,0,0,-21000,-21000
2008/01/16,0,0,-515000,-515000
2008/01/17,0,2436000,-16000,2420000
2008/01/18,0,5058000,0,5058000
2008/01/21,0,407000,-356000,51000
2008/01/22,0,0,-44000,-44000
2008/01/23,0,1000,0,1000
2008/01/24,0,3000,0,3000
2008/01/25,0,0,0,0
2008/01/28,0,320000,0,320000
2008/01/29,0,14000,0,14000
2008/01/30,0,8000,0,8000
2008/01/31,0,0,0,0
2008/02/01,0,0,0,0
2008/02/04,0,0,0,0
2008/02/05,0,0,0,0
2008/02/06,0,0,0,0
2008/02/07,0,0,0,0
2008/02/08,0,0,0,0
2008/02/11,0,0,0,0
2008/02/12,0,0,-21000,-21000
2008/02/13,0,0,-6000,-6000
2008/02/14,0,0,0,0
2008/02/15,0,50000,0,50000
2008/02/18,0,50000,0,50000
2008/02/19,0,65000,-320000,-255000
2008/02/20,0,1016000,0,1016000
2008/02/21,0,0,-103000,-103000
2008/02/22,0,0,-1001000,-1001000
2008/02/25,0,0,-3000,-3000
2008/02/26,0,0,0,0
2008/02/27,0,0,-19000,-19000
2008/02/28,0,0,0,0
2008/02/29,0,5000,0,5000
2008/03/03,0,0,0,0
2008/03/04,0,0,-1000,-1000
2008/03/05,0,0,-7000,-7000
2008/03/06,0,0,-5000,-5000
2008/03/07,0,0,0,0
2008/03/10,0,0,0,0
2008/03/11,0,8000,0,8000
2008/03/12,0,70000,0,70000
2008/03/13,0,0,0,0
2008/03/14,0,17000,0,17000
2008/03/17,0,0,-2000,-2000
2008/03/18,0,70000,-38000,32000
2008/03/19,0,40000,0,40000
2008/03/20,0,0,0,0
2008/03/21,0,5000,0,5000
2008/03/24,0,0,0,0
2008/03/25,0,6000,-17000,-11000
2008/03/26,0,0,-287000,-287000
2008/03/27,0,0,-12000,-12000
2008/03/28,0,0,0,0
2008/03/31,0,174000,-6000,168000
2008/04/01,0,1750000,-1000,1749000
2008/04/02,0,0,0,0
2008/04/03,0,5932000,0,5932000
2008/04/04,0,0,0,0
2008/04/07,0,0,0,0
2008/04/08,0,0,-2826000,-2826000
2008/04/09,0,0,-2106000,-2106000
2008/04/10,0,0,0,0
2008/04/11,0,0,0,0
2008/04/14,0,8000,0,8000
2008/04/15,0,0,0,0
2008/04/16,0,0,-9000,-9000
2008/04/17,0,0,0,0
2008/04/18,0,2000,-81000,-79000
2008/04/21,0,0,0,0
2008/04/22,0,0,-1000,-1000
2008/04/23,0,0,0,0
2008/04/24,0,5267000,0,5267000
2008/04/25,0,1738000,0,1738000
2008/04/28,0,536000,-174000,362000
2008/04/29,0,1900000,0,1900000
2008/04/30,0,11000,-14000,-3000
2008/05/01,0,0,0,0
2008/05/02,0,27000,0,27000
2008/05/05,0,1011000,-7000,1004000
2008/05/06,0,17000,0,17000
2008/05/07,0,28000,0,28000
2008/05/08,0,10000,-8000,2000
2008/05/09,0,4000,0,4000
2008/05/12,0,0,-24000,-24000
2008/05/13,0,2016000,-18000,1998000
2008/05/14,0,55000,-40000,15000
2008/05/15,0,22000,0,22000
2008/05/16,0,0,0,0
2008/05/19,0,0,-9000,-9000
2008/05/20,0,0,-10000,-10000
2008/05/21,0,0,-8000,-8000
2008/05/22,0,0,0,0
2008/05/23,0,7000,-200000,-193000
2008/05/26,0,0,0,0
2008/05/27,0,15000,-500000,-485000
2008/05/28,0,5000,0,5000
2008/05/29,0,19000,0,19000
2008/05/30,0,33000,-4000,29000
2008/06/02,0,101000,0,101000
2008/06/03,0,0,-80000,-80000
2008/06/04,0,0,0,0
2008/06/05,0,0,0,0
2008/06/06,0,60000,0,60000
2008/06/09,0,0,0,0
2008/06/10,0,5000,0,5000
2008/06/11,0,354000,0,354000
2008/06/12,0,0,0,0
2008/06/13,0,0,-600000,-600000
2008/06/16,0,0,-5000,-5000
2008/06/17,0,0,-180000,-180000
2008/06/18,0,0,0,0
2008/06/19,0,0,-7000,-7000
2008/06/20,0,69000,0,69000
2008/06/23,0,450000,0,450000
2008/06/24,0,27000,0,27000
2008/06/25,0,42000,0,42000
2008/06/26,0,0,0,0
2008/06/27,0,0,-1100000,-1100000
2008/06/30,0,0,0,0
2008/07/01,0,0,0,0
2008/07/02,0,0,0,0
2008/07/03,0,0,0,0
2008/07/04,0,0,-2000,-2000
2008/07/07,0,15000,0,15000
2008/07/08,0,0,0,0
2008/07/09,0,25000,0,25000
2008/07/10,0,0,-80000,-80000
2008/07/11,0,16000,0,16000
2008/07/14,0,0,0,0
2008/07/15,0,4000,0,4000
2008/07/16,0,26000,-2000,24000
2008/07/17,0,3000,-1400000,-1397000
2008/07/18,0,1000,-3766000,-3765000
2008/07/21,0,53000,-2463618,-2410618
2008/07/22,0,2000,0,2000
2008/07/23,0,0,-48000,-48000
2008/07/24,0,0,-2016000,-2016000
2008/07/25,0,0,-1000000,-1000000
2008/07/28,0,0,0,0
2008/07/29,0,0,-1346000,-1346000
2008/07/30,0,0,-444000,-444000
2008/07/31,0,5000,-824000,-819000
2008/08/01,0,0,-59898,-59898
2008/08/04,0,4000,0,4000
2008/08/05,0,0,-73000,-73000
2008/08/06,0,0,-1500000,-1500000
2008/08/07,0,0,-1500000,-1500000
2008/08/08,0,33000,-1800000,-1767000
2008/08/11,0,0,0,0
2008/08/12,0,0,0,0
2008/08/13,0,0,0,0
2008/08/14,0,0,-508554,-508554
2008/08/15,0,86000,0,86000
2008/08/18,0,0,-17000,-17000
2008/08/19,0,9000,-21000,-12000
2008/08/20,0,4000,-349000,-345000
2008/08/21,0,0,-1616000,-1616000
2008/08/22,0,0,0,0
2008/08/25,0,328000,0,328000
2008/08/26,0,3000,0,3000
2008/08/27,0,0,0,0
2008/08/28,0,0,0,0
2008/08/29,0,1000,-17000,-16000
2008/09/01,0,1000,0,1000
2008/09/02,0,0,0,0
2008/09/03,0,30000,-3000,27000
2008/09/04,0,5000,0,5000
2008/09/05,0,0,0,0
2008/09/08,0,6000,0,6000
2008/09/09,0,1000,0,1000
2008/09/10,0,0,0,0
2008/09/11,0,0,0,0
2008/09/12,0,1200000,0,1200000
2008/09/15,0,0,0,0
2008/09/16,0,0,0,0
2008/09/17,0,12000,-60000,-48000
2008/09/18,0,1000,0,1000
2008/09/19,0,715000,-116000,599000
2008/09/22,0,0,-8000,-8000
2008/09/23,0,102000,0,102000
2008/09/24,0,0,-1900000,-1900000
2008/09/25,0,1600000,-306000,1294000
2008/09/26,0,0,-2000,-2000
2008/09/29,0,0,0,0
2008/09/30,0,0,0,0
2008/10/01,0,851000,-5000,846000
2008/10/02,0,1500000,-898,1499102
2008/10/03,0,1301000,-4000,1297000
2008/10/06,0,0,-23000,-23000
2008/10/07,0,0,-17000,-17000
2008/10/08,0,96000,-4000,92000
2008/10/09,0,20000,0,20000
2008/10/10,0,0,0,0
2008/10/13,0,0,0,0
2008/10/14,0,0,0,0
2008/10/15,0,9000,0,9000
2008/10/16,0,1000,0,1000
2008/10/17,0,0,-58000,-58000
2008/10/20,0,0,0,0
2008/10/21,0,16000,0,16000
2008/10/22,0,0,-114000,-114000
2008/10/23,0,11000,-2749000,-2738000
2008/10/24,0,0,-233000,-233000
2008/10/27,0,0,0,0
2008/10/28,0,7000,-2473000,-2466000
2008/10/29,0,0,-163000,-163000
2008/10/30,0,0,-865,-865
2008/10/31,0,12000,0,12000
2008/11/03,0,0,-166000,-166000
2008/11/04,0,0,-4000,-4000
2008/11/05,0,0,-2000,-2000
2008/11/06,0,0,-4000,-4000
2008/11/07,0,0,-36000,-36000
2008/11/10,0,11000,0,11000
2008/11/11,0,216000,0,216000
2008/11/12,0,0,0,0
2008/11/13,0,0,0,0
2008/11/14,0,2000,-61000,-59000
2008/11/17,0,82000,-29000,53000
2008/11/18,0,0,0,0
2008/11/19,0,0,-123000,-123000
2008/11/20,0,0,0,0
2008/11/21,0,12000,-624,11376
2008/11/24,0,0,-1000,-1000
2008/11/25,0,1000,0,1000
2008/11/26,0,21000,0,21000
2008/11/27,0,0,0,0
2008/11/28,0,0,-16000,-16000
2008/12/01,0,0,0,0
2008/12/02,0,0,0,0
2008/12/03,0,0,0,0
2008/12/04,0,8000,0,8000
2008/12/05,0,0,0,0
2008/12/08,0,0,-112000,-112000
2008/12/09,0,0,0,0
2008/12/10,0,105000,0,105000
2008/12/11,0,0,-4000,-4000
2008/12/12,0,0,0,0
2008/12/15,0,0,0,0
2008/12/16,0,0,0,0
2008/12/17,0,1000,0,1000
2008/12/18,0,4100000,-15000,4085000
2008/12/19,0,8900000,-276000,8624000
2008/12/22,0,19058000,-33000,19025000
2008/12/23,0,0,0,0
2008/12/24,0,0,0,0
2008/12/25,0,1000,0,1000
2008/12/26,0,1000,0,1000
2008/12/29,0,0,0,0
2008/12/30,0,7103000,0,7103000
2008/12/31,0,0,-15000,-15000
2009/01/01,0,0,0,0
2009/01/02,0,0,0,0
2009/01/05,0,0,0,0
2009/01/06,0,0,0,0
2009/01/07,0,160000,0,160000
2009/01/08,0,43000,0,43000
2009/01/09,0,600000,-2732000,-2132000
2009/01/12,0,0,-4144000,-4144000
2009/01/13,0,0,-1682000,-1682000
2009/01/14,0,0,-2567000,-2567000
2009/01/15,0,0,-2174000,-2174000
2009/01/16,0,0,-1500000,-1500000
2009/01/19,0,653000,-35000,618000
2009/01/20,0,0,0,0
2009/01/21,0,0,-75000,-75000
2009/01/22,0,0,0,0
2009/01/23,0,0,0,0
2009/01/26,0,0,0,0
2009/01/27,0,0,0,0
2009/01/28,0,0,0,0
2009/01/29,0,0,0,0
2009/01/30,0,0,0,0
2009/02/02,0,0,0,0
2009/02/03,0,0,0,0
2009/02/04,0,74000,-22000,52000
2009/02/05,0,0,-1000,-1000
2009/02/06,0,0,0,0
2009/02/09,0,4000000,0,4000000
2009/02/10,0,5352000,0,5352000
2009/02/11,0,2000000,0,2000000
2009/02/12,0,0,-43000,-43000
2009/02/13,0,150000,-5866000,-5716000
2009/02/16,0,0,-653000,-653000
2009/02/17,0,1000,0,1000
2009/02/18,0,1228000,-4000,1224000
2009/02/19,0,0,0,0
2009/02/20,0,0,-7000,-7000
2009/02/23,0,0,-21000,-21000
2009/02/24,0,466000,-600000,-134000
2009/02/25,0,0,-1084000,-1084000
2009/02/26,0,0,-4004000,-4004000
2009/02/27,0,0,0,0
2009/03/02,0,76000,-600000,-524000
2009/03/03,0,394000,0,394000
2009/03/04,0,0,-2000,-2000
2009/03/05,0,0,-7387000,-7387000
2009/03/06,0,0,-6677000,-6677000
2009/03/09,0,0,-3472000,-3472000
2009/03/10,0,0,-4000,-4000
2009/03/11,0,0,-3008000,-3008000
2009/03/12,0,0,0,0
2009/03/13,0,24000,-1034000,-1010000
2009/03/16,0,0,0,0
2009/03/17,0,0,-553000,-553000
2009/03/18,0,0,0,0
2009/03/19,0,0,0,0
2009/03/20,0,0,0,0
2009/03/23,0,0,0,0
2009/03/24,0,0,0,0
2009/03/25,0,0,0,0
2009/03/26,0,0,0,0
2009/03/27,0,0,0,0
2009/03/30,0,8671000,-210000,8461000
2009/03/31,0,1000000,0,1000000
2009/04/01,0,240000,0,240000
2009/04/02,0,27000,0,27000
2009/04/03,0,6006000,-2963000,3043000
2009/04/06,0,0,0,0
2009/04/07,0,0,0,0
2009/04/08,0,500000,-845000,-345000
2009/04/09,0,500000,0,500000
2009/04/10,0,200000,0,200000
2009/04/13,0,0,0,0
2009/04/14,0,0,0,0
2009/04/15,0,800000,0,800000
2009/04/16,0,3000000,0,3000000
2009/04/17,0,0,-3000,-3000
2009/04/20,0,0,0,0
2009/04/21,0,0,-680000,-680000
2009/04/22,0,250000,0,250000
2009/04/23,0,1900000,-163000,1737000
2009/04/24,0,1000000,-49679,950321
2009/04/27,0,0,0,0
2009/04/28,0,100000,-10447000,-10347000
2009/04/29,0,0,-3800000,-3800000
2009/04/30,0,0,0,0
2009/05/01,0,0,0,0
2009/05/04,0,3608000,0,3608000
2009/05/05,0,0,0,0
2009/05/06,0,0,0,0
2009/05/07,0,0,-14714000,-14714000
2009/05/08,0,0,-1200106,-1200106
2009/05/11,0,0,-1600000,-1600000
2009/05/12,0,0,-3361000,-3361000
2009/05/13,0,0,-10911,-10911
2009/05/14,0,0,-1000000,-1000000
2009/05/15,0,0,0,0
2009/05/18,0,0,0,0
2009/05/19,0,0,0,0
2009/05/20,0,0,0,0
2009/05/21,0,0,0,0
2009/05/22,0,0,-5859000,-5859000
2009/05/25,0,0,-4238000,-4238000
2009/05/26,0,0,0,0
2009/05/27,0,0,-30000,-30000
2009/05/28,0,0,0,0
2009/05/29,0,0,0,0
2009/06/01,0,0,0,0
2009/06/02,0,0,0,0
2009/06/03,0,0,-372000,-372000
2009/06/04,0,0,0,0
2009/06/05,0,0,0,0
2009/06/08,0,0,0,0
2009/06/09,0,0,0,0
2009/06/10,0,0,0,0
2009/06/11,0,0,0,0
2009/06/12,0,0,0,0
2009/06/15,0,0,0,0
2009/06/16,0,0,0,0
2009/06/17,0,0,0,0
2009/06/18,0,0,0,0
2009/06/19,0,0,0,0
2009/06/22,0,0,0,0
2009/06/23,0,0,0,0
2009/06/24,0,0,0,0
2009/06/25,0,0,0,0
2009/06/26,0,0,0,0
2009/06/29,0,156000,0,156000
2009/06/30,0,0,0,0
2009/07/01,0,0,0,0
2009/07/02,0,825000,0,825000
2009/07/03,0,0,0,0
2009/07/06,0,8000,0,8000
2009/07/07,0,76000,0,76000
2009/07/08,0,0,0,0
2009/07/09,0,0,0,0
2009/07/10,0,0,0,0
2009/07/13,0,0,0,0
2009/07/14,0,0,0,0
2009/07/15,0,0,0,0
2009/07/16,0,0,0,0
2009/07/17,0,0,0,0
2009/07/20,0,0,0,0
2009/07/21,0,0,0,0
2009/07/22,0,0,0,0
2009/07/23,0,0,0,0
2009/07/24,0,0,0,0
2009/07/27,0,0,0,0
2009/07/28,0,0,0,0
2009/07/29,0,0,0,0
2009/07/30,0,0,0,0
2009/07/31,0,0,0,0
2009/08/03,0,0,0,0
2009/08/04,0,0,0,0
2009/08/05,0,0,0,0
2009/08/06,0,0,0,0
2009/08/07,0,0,0,0
2009/08/10,0,0,0,0
2009/08/11,0,16000,0,16000
2009/08/12,0,0,0,0
2009/08/13,0,0,0,0
2009/08/14,0,0,0,0
2009/08/17,0,0,0,0
2009/08/18,0,0,0,0
2009/08/19,0,0,0,0
2009/08/20,0,0,0,0
2009/08/21,0,0,0,0
2009/08/24,0,0,0,0
2009/08/25,0,0,0,0
2009/08/26,0,1500000,0,1500000
2009/08/27,0,0,-150000,-150000
2009/08/28,0,0,0,0
2009/08/31,0,0,0,0
2009/09/01,0,0,0,0
2009/09/02,0,1000000,0,1000000
2009/09/03,0,0,0,0
2009/09/04,0,0,0,0
2009/09/07,0,0,0,0
2009/09/08,0,0,0,0
2009/09/09,0,0,0,0
2009/09/10,0,0,-10000,-10000
2009/09/11,0,160000,0,160000
2009/09/14,0,0,0,0
2009/09/15,0,0,0,0
2009/09/16,0,0,0,0
2009/09/17,0,0,0,0
2009/09/18,0,0,0,0
2009/09/21,0,0,0,0
2009/09/22,0,0,0,0
2009/09/23,0,140000,0,140000
2009/09/24,0,0,0,0
2009/09/25,0,0,0,0
2009/09/28,0,0,0,0
2009/09/29,0,0,0,0
2009/09/30,0,0,0,0
2009/10/01,0,0,0,0
2009/10/02,0,0,0,0
2009/10/05,0,0,0,0
2009/10/06,0,0,0,0
2009/10/07,0,0,0,0
2009/10/08,0,0,0,0
2009/10/09,0,0,0,0
2009/10/12,0,0,0,0
2009/10/13,0,0,0,0
2009/10/14,0,500000,0,500000
2009/10/15,0,0,0,0
2009/10/16,0,0,0,0
2009/10/19,0,0,0,0
2009/10/20,0,0,0,0
2009/10/21,0,0,0,0
2009/10/22,0,0,0,0
2009/10/23,0,0,0,0
2009/10/26,0,0,0,0
2009/10/27,0,0,0,0
2009/10/28,0,0,0,0
2009/10/29,0,1000000,0,1000000
2009/10/30,0,0,0,0
2009/11/02,0,0,0,0
2009/11/03,0,0,0,0
2009/11/04,0,0,0,0
2009/11/05,0,682000,0,682000
2009/11/06,0,0,0,0
2009/11/09,0,0,0,0
2009/11/10,0,0,0,0
2009/11/11,0,0,0,0
2009/11/12,0,0,0,0
2009/11/13,0,14000,0,14000
2009/11/16,0,0,-2000,-2000
2009/11/17,0,0,-100000,-100000
2009/11/18,0,0,0,0
2009/11/19,0,171000,0,171000
2009/11/20,0,60000,0,60000
2009/11/23,0,0,0,0
2009/11/24,0,500000,0,500000
2009/11/25,0,0,0,0
2009/11/26,0,0,0,0
2009/11/27,0,0,0,0
2009/11/30,0,45000,0,45000
2009/12/01,0,8000,-200000,-192000
2009/12/02,0,500000,0,500000
2009/12/03,0,0,0,0
2009/12/04,0,0,0,0
2009/12/07,0,0,-72000,-72000
2009/12/08,0,0,0,0
2009/12/09,0,0,0,0
2009/12/10,0,0,0,0
2009/12/11,0,0,0,0
2009/12/14,0,0,-35000,-35000
2009/12/15,0,0,0,0
2009/12/16,0,0,0,0
2009/12/17,0,0,0,0
2009/12/18,0,0,0,0
2009/12/21,0,487000,0,487000
2009/12/22,0,0,0,0
2009/12/23,0,1787000,0,1787000
2009/12/24,0,500000,0,500000
2009/12/25,0,9350000,0,9350000
2009/12/28,0,2320000,0,2320000
2009/12/29,0,1855000,-500000,1355000
2009/12/30,0,1624000,0,1624000
2009/12/31,0,675000,-300000,375000
2010/01/01,0,0,0,0
2010/01/04,0,340000,-70000,270000
2010/01/05,0,150000,-300000,-150000
2010/01/06,0,2950000,0,2950000
2010/01/07,0,1186000,-487000,699000
2010/01/08,0,840000,0,840000
2010/01/11,0,955000,0,955000
2010/01/12,0,7244000,0,7244000
2010/01/13,0,2880000,0,2880000
2010/01/14,0,541000,-622000,-81000
2010/01/15,0,3147000,0,3147000
2010/01/18,0,290000,-706000,-416000
2010/01/19,0,1574000,-273000,1301000
2010/01/20,0,2000,-50000,-48000
2010/01/21,0,0,-1781000,-1781000
2010/01/22,0,0,0,0
2010/01/25,0,670000,-2104000,-1434000
2010/01/26,0,860000,0,860000
2010/01/27,0,440000,-294000,146000
2010/01/28,0,843000,-380000,463000
2010/01/29,0,0,-150000,-150000
2010/02/01,0,80000,0,80000
2010/02/02,0,1274000,-400000,874000
2010/02/03,0,860000,-1000,859000
2010/02/04,0,0,-12000,-12000
2010/02/05,0,15000,-450000,-435000
2010/02/08,0,0,-206000,-206000
2010/02/09,0,0,-1305000,-1305000
2010/02/10,0,0,-611000,-611000
2010/02/11,0,0,0,0
2010/02/12,0,0,0,0
2010/02/15,0,0,0,0
2010/02/16,0,0,0,0
2010/02/17,0,0,0,0
2010/02/18,0,0,0,0
2010/02/19,0,0,0,0
2010/02/22,0,0,-1854549,-1854549
2010/02/23,0,0,-2000000,-2000000
2010/02/24,0,206000,0,206000
2010/02/25,0,14000,-2890000,-2876000
2010/02/26,0,0,-201000,-201000
2010/03/01,0,320000,0,320000
2010/03/02,0,2045000,-1000000,1045000
2010/03/03,0,0,-4732000,-4732000
2010/03/04,0,0,0,0
2010/03/05,0,0,-12000,-12000
2010/03/08,0,0,0,0
2010/03/09,0,2959000,0,2959000
2010/03/10,0,588000,-400000,188000
2010/03/11,0,2737000,-300000,2437000
2010/03/12,0,850000,0,850000
2010/03/15,0,221000,0,221000
2010/03/16,0,3127000,-200000,2927000
2010/03/17,0,3320000,-6000,3314000
2010/03/18,0,1820000,0,1820000
2010/03/19,0,180000,-94000,86000
2010/03/22,0,2115000,-3985000,-1870000
2010/03/23,0,432000,-333000,99000
2010/03/24,0,2150000,-318000,1832000
2010/03/25,0,0,0,0
2010/03/26,0,1550000,-465000,1085000
2010/03/29,0,0,-295000,-295000
2010/03/30,0,0,-413000,-413000
2010/03/31,0,0,-395000,-395000
2010/04/01,0,125000,0,125000
2010/04/02,0,0,-65000,-65000
2010/04/05,0,0,0,0
2010/04/06,0,0,-900000,-900000
2010/04/07,0,239000,-1680000,-1441000
2010/04/08,0,0,-978000,-978000
2010/04/09,0,0,-795000,-795000
2010/04/12,0,388000,-70000,318000
2010/04/13,0,0,-895000,-895000
2010/04/14,0,0,-1343000,-1343000
2010/04/15,0,400000,0,400000
2010/04/16,0,0,-3046000,-3046000
2010/04/19,0,0,-801452,-801452
2010/04/20,0,0,-1301000,-1301000
2010/04/21,0,50000,0,50000
2010/04/22,0,426000,-200000,226000
2010/04/23,0,0,-940000,-940000
2010/04/26,0,200000,0,200000
2010/04/27,0,190000,0,190000
2010/04/28,0,150000,0,150000
2010/04/29,0,0,0,0
2010/04/30,0,0,-8000,-8000
2010/05/03,0,0,0,0
2010/05/04,0,0,0,0
2010/05/05,0,0,-178000,-178000
2010/05/06,0,0,0,0
2010/05/07,0,0,-1673000,-1673000
2010/05/10,0,0,0,0
2010/05/11,0,1000,0,1000
2010/05/12,0,0,0,0
2010/05/13,0,0,-1000000,-1000000
2010/05/14,0,0,0,0
2010/05/17,0,25000,0,25000
2010/05/18,0,3000,-3279000,-3276000
2010/05/19,0,0,-6892000,-6892000
2010/05/20,0,0,-1919000,-1919000
2010/05/21,0,0,0,0
2010/05/24,0,0,-594000,-594000
2010/05/25,0,0,0,0
2010/05/26,0,41000,0,41000
2010/05/27,0,0,-765000,-765000
2010/05/28,0,0,-3000,-3000
2010/05/31,0,1000000,0,1000000
2010/06/01,0,0,-400000,-400000
2010/06/02,0,1200000,0,1200000
2010/06/03,0,300000,-350000,-50000
2010/06/04,0,500000,0,500000
2010/06/07,0,0,0,0
2010/06/08,0,0,-1000,-1000
2010/06/09,0,0,0,0
2010/06/10,0,0,-1000,-1000
2010/06/11,0,0,-550000,-550000
2010/06/14,0,0,-4000,-4000
2010/06/15,0,0,0,0
2010/06/16,0,0,0,0
2010/06/17,0,700000,-109000,591000
2010/06/18,0,3000,-2000,1000
2010/06/21,0,0,0,0
2010/06/22,0,0,-9000,-9000
2010/06/23,0,200000,-204000,-4000
2010/06/24,0,1000,-2000,-1000
2010/06/25,0,0,-3000,-3000
2010/06/28,0,100000,-11000,89000
2010/06/29,0,0,-664000,-664000
2010/06/30,0,0,-1006000,-1006000
2010/07/01,0,0,-344000,-344000
2010/07/02,0,2000,-2650000,-2648000
2010/07/05,0,0,0,0
2010/07/06,0,0,-600000,-600000
2010/07/07,0,0,0,0
2010/07/08,0,0,0,0
2010/07/09,0,0,0,0
2010/07/12,0,0,0,0
2010/07/13,0,0,-1405000,-1405000
2010/07/14,0,0,0,0
2010/07/15,0,0,-624000,-624000
2010/07/16,0,0,-990000,-990000
2010/07/19,0,0,-8000,-8000
2010/07/20,0,0,-500820,-500820
2010/07/21,0,1000,-500000,-499000
2010/07/22,0,0,-1184000,-1184000
2010/07/23,0,2000,-1600000,-1598000
2010/07/26,0,0,-90000,-90000
2010/07/27,0,13000,-410000,-397000
2010/07/28,0,10000,0,10000
2010/07/29,0,0,-300000,-300000
2010/07/30,0,0,0,0
2010/08/02,0,7000,0,7000
2010/08/03,0,0,0,0
2010/08/04,0,1000,-510000,-509000
2010/08/05,0,0,-500000,-500000
2010/08/06,0,0,0,0
2010/08/09,0,7000,0,7000
2010/08/10,0,0,-1000000,-1000000
2010/08/11,0,0,0,0
2010/08/12,0,2000,0,2000
2010/08/13,0,0,-10000,-10000
2010/08/16,0,0,0,0
2010/08/17,0,0,-1000000,-1000000
2010/08/18,0,0,0,0
2010/08/19,0,0,-1514000,-1514000
2010/08/20,0,0,-1500000,-1500000
2010/08/23,0,0,0,0
2010/08/24,0,0,0,0
2010/08/25,0,9000,0,9000
2010/08/26,0,1000,0,1000
2010/08/27,0,0,0,0
2010/08/30,0,2000,0,2000
2010/08/31,0,0,0,0
2010/09/01,0,25000,0,25000
2010/09/02,0,0,0,0
2010/09/03,0,0,0,0
2010/09/06,0,0,-9000,-9000
2010/09/07,0,4000,0,4000
2010/09/08,0,0,0,0
2010/09/09,0,0,0,0
2010/09/10,0,0,0,0
2010/09/13,0,0,0,0
2010/09/14,0,0,-4000,-4000
2010/09/15,0,0,0,0
2010/09/16,0,0,0,0
2010/09/17,0,13000,0,13000
2010/09/20,0,0,0,0
2010/09/21,0,0,-28000,-28000
2010/09/22,0,0,0,0
2010/09/23,0,0,0,0
2010/09/24,0,0,0,0
2010/09/27,0,0,0,0
2010/09/28,0,0,0,0
2010/09/29,0,0,0,0
2010/09/30,0,0,0,0
2010/10/01,0,0,0,0
2010/10/04,0,0,0,0
2010/10/05,0,0,0,0
2010/10/06,0,0,0,0
2010/10/07,0,0,0,0
2010/10/08,0,0,0,0
2010/10/11,0,0,0,0
2010/10/12,0,0,0,0
2010/10/13,0,0,0,0
2010/10/14,0,0,0,0
2010/10/15,0,0,-9000,-9000
2010/10/18,0,1000,0,1000
2010/10/19,0,0,0,0
2010/10/20,0,0,0,0
2010/10/21,0,0,0,0
2010/10/22,0,0,0,0
2010/10/25,0,0,0,0
2010/10/26,0,18000,-1000,17000
2010/10/27,0,0,0,0
2010/10/28,0,0,0,0
2010/10/29,0,128000,0,128000
2010/11/01,0,0,0,0
2010/11/02,0,0,-86000,-86000
2010/11/03,0,0,-18000,-18000
2010/11/04,0,0,-852,-852
2010/11/05,0,0,0,0
2010/11/08,0,0,0,0
2010/11/09,0,0,0,0
2010/11/10,0,0,0,0
2010/11/11,0,0,0,0
2010/11/12,0,0,-7000,-7000
2010/11/15,0,0,0,0
2010/11/16,0,0,-1000,-1000
2010/11/17,0,0,0,0
2010/11/18,0,0,0,0
2010/11/19,0,0,-52000,-52000
2010/11/22,0,0,-7000,-7000
2010/11/23,0,0,-2000,-2000
2010/11/24,0,0,0,0
2010/11/25,0,20000,0,20000
2010/11/26,0,0,0,0
2010/11/29,0,0,0,0
2010/11/30,0,0,-1000,-1000
2010/12/01,0,0,0,0
2010/12/02,0,0,0,0
2010/12/03,0,0,0,0
2010/12/06,0,15000,0,15000
2010/12/07,0,0,0,0
2010/12/08,0,27000,0,27000
2010/12/09,0,0,0,0
2010/12/10,0,15000,0,15000
2010/12/13,0,0,0,0
2010/12/14,0,0,-1000,-1000
2010/12/15,0,0,0,0
2010/12/16,0,0,0,0
2010/12/17,0,85000,0,85000
2010/12/20,0,0,0,0
2010/12/21,0,0,0,0
2010/12/22,0,0,0,0
2010/12/23,0,0,0,0
2010/12/24,0,0,0,0
2010/12/27,0,0,0,0
2010/12/28,0,0,0,0
2010/12/29,0,0,0,0
2010/12/30,0,0,0,0
2010/12/31,0,0,0,0
2011/01/03,0,0,0,0
2011/01/04,0,0,0,0
2011/01/05,0,10000,0,10000
2011/01/06,0,0,0,0
2011/01/07,0,0,0,0
2011/01/10,0,0,0,0
2011/01/11,0,0,0,0
2011/01/12,0,0,0,0
2011/01/13,0,0,0,0
2011/01/14,0,0,0,0
2011/01/17,0,0,0,0
2011/01/18,0,0,0,0
2011/01/19,0,0,0,0
2011/01/20,0,9000,0,9000
2011/01/21,0,3000,-13000,-10000
2011/01/24,0,0,0,0
2011/01/25,0,0,0,0
2011/01/26,0,85000,0,85000
2011/01/27,0,0,0,0
2011/01/28,0,30000,0,30000
2011/01/31,0,0,0,0
2011/02/01,0,0,0,0
2011/02/02,0,0,0,0
2011/02/03,0,0,0,0
2011/02/04,0,0,0,0
2011/02/07,0,0,0,0
2011/02/08,0,1070000,0,1070000
2011/02/09,0,0,0,0
2011/02/10,0,0,0,0
2011/02/11,0,200000,0,200000
2011/02/14,0,167000,0,167000
2011/02/15,0,30000,0,30000
2011/02/16,0,53000,0,53000
2011/02/17,0,0,0,0
2011/02/18,0,0,0,0
2011/02/21,0,70000,0,70000
2011/02/22,0,0,0,0
2011/02/23,0,0,0,0
2011/02/24,0,0,0,0
2011/02/25,0,0,-9000,-9000
2011/02/28,0,0,0,0
2011/03/01,0,0,-57000,-57000
2011/03/02,0,0,0,0
2011/03/03,0,0,0,0
2011/03/04,0,130000,0,130000
2011/03/07,0,0,-500000,-500000
2011/03/08,0,0,0,0
2011/03/09,0,2340000,0,2340000
2011/03/10,0,0,-55000,-55000
2011/03/11,0,500000,-9000,491000
2011/03/14,0,0,-120000,-120000
2011/03/15,0,1165000,0,1165000
2011/03/16,0,0,0,0
2011/03/17,0,0,0,0
2011/03/18,0,0,0,0
2011/03/21,0,0,0,0
2011/03/22,0,0,-50000,-50000
2011/03/23,0,373000,0,373000
2011/03/24,0,3000,0,3000
2011/03/25,0,550000,0,550000
2011/03/28,0,330000,0,330000
2011/03/29,0,0,0,0
2011/03/30,0,0,0,0
2011/03/31,0,0,0,0
2011/04/01,0,0,0,0
2011/04/04,0,0,0,0
2011/04/05,0,0,0,0
2011/04/06,0,0,0,0
2011/04/07,0,0,0,0
2011/04/08,0,332000,0,332000
2011/04/11,0,0,0,0
2011/04/12,0,0,0,0
2011/04/13,0,0,0,0
2011/04/14,0,0,0,0
2011/04/15,0,0,0,0
2011/04/18,0,0,-4000,-4000
2011/04/19,0,0,0,0
2011/04/20,0,0,0,0
2011/04/21,0,0,0,0
2011/04/22,0,0,0,0
2011/04/25,0,0,0,0
2011/04/26,0,0,0,0
2011/04/27,0,453000,0,453000
2011/04/28,0,0,0,0
2011/04/29,0,0,0,0
2011/05/02,0,0,0,0
2011/05/03,0,18000,0,18000
2011/05/04,0,18000,0,18000
2011/05/05,0,18000,0,18000
2011/05/06,0,219000,0,219000
2011/05/09,0,0,0,0
2011/05/10,0,0,0,0
2011/05/11,0,0,0,0
2011/05/12,0,11000,0,11000
2011/05/13,0,0,0,0
2011/05/16,0,4000,0,4000
2011/05/17,0,0,-465000,-465000
2011/05/18,0,0,-58000,-58000
2011/05/19,0,0,0,0
2011/05/20,0,0,0,0
2011/05/23,0,0,0,0
2011/05/24,0,0,0,0
2011/05/25,0,0,-1725000,-1725000
2011/05/26,0,0,0,0
2011/05/27,0,0,-2000,-2000
2011/05/30,0,0,-200000,-200000
2011/05/31,0,574000,-625000,-51000
2011/06/01,0,0,0,0
2011/06/02,0,0,-110000,-110000
2011/06/03,0,0,0,0
2011/06/06,0,0,0,0
2011/06/07,0,0,0,0
2011/06/08,0,0,0,0
2011/06/09,0,0,0,0
2011/06/10,0,0,0,0
2011/06/13,0,0,0,0
2011/06/14,0,0,0,0
2011/06/15,0,0,0,0
2011/06/16,0,0,0,0
2011/06/17,0,0,-22000,-22000
2011/06/20,0,0,-807000,-807000
2011/06/21,0,0,-1460000,-1460000
2011/06/22,0,209000,0,209000
2011/06/23,0,0,-1475000,-1475000
2011/06/24,0,0,0,0
2011/06/27,0,42000,0,42000
2011/06/28,0,3000,-138000,-135000
2011/06/29,0,34000,0,34000
2011/06/30,0,0,0,0
2011/07/01,0,0,-1000,-1000
2011/07/04,0,0,-1000,-1000
2011/07/05,0,0,0,0
2011/07/06,0,17000,0,17000
2011/07/07,0,0,0,0
2011/07/08,0,0,0,0
2011/07/11,0,0,0,0
2011/07/12,0,0,-1000,-1000
2011/07/13,0,0,0,0
2011/07/14,0,0,-498000,-498000
2011/07/15,0,0,0,0
2011/07/18,0,0,0,0
2011/07/19,0,0,0,0
2011/07/20,0,0,0,0
2011/07/21,0,3000,0,3000
2011/07/22,0,0,0,0
2011/07/25,0,0,0,0
2011/07/26,0,0,0,0
2011/07/27,0,0,0,0
2011/07/28,0,0,0,0
2011/07/29,0,0,0,0
2011/08/01,0,1000,0,1000
2011/08/02,0,0,0,0
2011/08/03,0,0,-513000,-513000
2011/08/04,0,0,0,0
2011/08/05,0,18000,0,18000
2011/08/08,0,0,-209000,-209000
2011/08/09,0,21000,0,21000
2011/08/10,0,120000,0,120000
2011/08/11,0,0,0,0
2011/08/12,0,0,-8000,-8000
2011/08/15,0,0,0,0
2011/08/16,0,0,-2000,-2000
2011/08/17,0,0,-23000,-23000
2011/08/18,0,47000,0,47000
2011/08/19,0,493000,0,493000
2011/08/22,0,28000,0,28000
2011/08/23,0,0,0,0
2011/08/24,0,0,0,0
2011/08/25,0,0,0,0
2011/08/26,0,19000,0,19000
2011/08/29,0,0,0,0
2011/08/30,0,0,0,0
2011/08/31,0,1000,-3000,-2000
2011/09/01,0,1000,0,1000
2011/09/02,0,30000,0,30000
2011/09/05,0,0,0,0
2011/09/06,0,0,-655000,-655000
2011/09/07,0,0,0,0
2011/09/08,0,0,-130,-130
2011/09/09,0,0,0,0
2011/09/12,0,0,0,0
2011/09/13,0,28000,-5493,22507
2011/09/14,0,0,0,0
2011/09/15,0,0,-21000,-21000
2011/09/16,0,10000,-1005000,-995000
2011/09/19,0,0,-22770,-22770
2011/09/20,0,2000,0,2000
2011/09/21,0,0,-72987,-72987
2011/09/22,0,0,0,0
2011/09/23,0,0,0,0
2011/09/26,0,0,0,0
2011/09/27,0,0,0,0
2011/09/28,0,0,0,0
2011/09/29,0,6000,0,6000
2011/09/30,0,0,0,0
2011/10/03,0,0,0,0
2011/10/04,0,0,0,0
2011/10/05,0,14000,0,14000
2011/10/06,0,17000,0,17000
2011/10/07,0,0,0,0
2011/10/10,0,0,0,0
2011/10/11,0,0,0,0
2011/10/12,0,0,0,0
2011/10/13,0,0,0,0
2011/10/14,0,0,0,0
2011/10/17,0,0,0,0
2011/10/18,0,0,0,0
2011/10/19,0,0,0,0
2011/10/20,0,0,0,0
2011/10/21,0,0,0,0
2011/10/24,0,0,0,0
2011/10/25,0,0,0,0
2011/10/26,0,0,0,0
2011/10/27,0,0,0,0
2011/10/28,0,0,0,0
2011/10/31,0,0,0,0
2011/11/01,0,0,0,0
2011/11/02,0,0,0,0
2011/11/03,0,0,0,0
2011/11/04,0,0,0,0
2011/11/07,0,0,0,0
2011/11/08,0,0,0,0
2011/11/09,0,0,0,0
2011/11/10,0,0,0,0
2011/11/11,0,0,0,0
2011/11/14,0,0,0,0
2011/11/15,0,0,0,0
2011/11/16,0,0,0,0
2011/11/17,0,0,-2000,-2000
2011/11/18,0,0,0,0
2011/11/21,0,0,0,0
2011/11/22,0,0,0,0
2011/11/23,0,0,0,0
2011/11/24,0,0,0,0
2011/11/25,0,0,0,0
2011/11/28,0,0,0,0
2011/11/29,0,0,0,0
2011/11/30,0,0,-401000,-401000
2011/12/01,0,0,0,0
2011/12/02,0,0,0,0
2011/12/05,0,0,-1247,-1247
2011/12/06,0,0,0,0
2011/12/07,0,0,0,0
2011/12/08,0,0,0,0
2011/12/09,0,0,0,0
2011/12/12,0,0,0,0
2011/12/13,0,0,0,0
2011/12/14,0,0,0,0
2011/12/15,0,0,0,0
2011/12/16,0,0,0,0
2011/12/19,0,0,0,0
2011/12/20,0,0,0,0
2011/12/21,0,0,0,0
2011/12/22,0,0,0,0
2011/12/23,0,0,0,0
2011/12/26,0,0,0,0
2011/12/27,0,0,0,0
2011/12/28,0,0,0,0
2011/12/29,0,0,0,0
2011/12/30,0,0,0,0
2012/01/02,0,0,0,0
2012/01/03,0,0,0,0
2012/01/04,0,0,0,0
2012/01/05,0,0,0,0
2012/01/06,0,0,0,0
2012/01/09,0,0,0,0
2012/01/10,0,0,0,0
2012/01/11,0,0,0,0
2012/01/12,0,0,0,0
2012/01/13,0,0,0,0
2012/01/16,0,0,0,0
2012/01/17,0,0,0,0
2012/01/18,0,0,0,0
2012/01/19,0,0,0,0
2012/01/20,0,0,0,0
2012/01/23,0,0,0,0
2012/01/24,0,0,0,0
2012/01/25,0,0,0,0
2012/01/26,0,0,0,0
2012/01/27,0,0,0,0
2012/01/30,0,0,0,0
2012/01/31,0,0,0,0
2012/02/01,0,0,0,0
2012/02/02,0,0,0,0
2012/02/03,0,0,0,0
2012/02/06,0,0,0,0
2012/02/07,0,0,0,0
2012/02/08,0,0,0,0
2012/02/09,0,0,0,0
2012/02/10,0,0,0,0
2012/02/13,0,0,0,0
2012/02/14,0,0,0,0
2012/02/15,0,0,0,0
2012/02/16,0,0,0,0
2012/02/17,0,0,0,0
2012/02/20,0,0,0,0
2012/02/21,0,0,0,0
2012/02/22,0,0,0,0
2012/02/23,0,0,0,0
2012/02/24,0,0,0,0
2012/02/27,0,0,0,0
2012/02/28,0,0,0,0
2012/02/29,0,0,0,0
2012/03/01,0,0,0,0
2012/03/02,0,0,0,0
2012/03/05,0,0,0,0
2012/03/06,0,0,0,0
2012/03/07,0,0,0,0
2012/03/08,0,0,0,0
2012/03/09,0,0,0,0
2012/03/12,0,0,0,0
2012/03/13,0,0,0,0
2012/03/14,0,0,0,0
2012/03/15,0,0,0,0
2012/03/16,0,0,0,0
2012/03/19,0,0,0,0
2012/03/20,0,0,0,0
2012/03/21,0,0,0,0
2012/03/22,0,0,0,0
2012/03/23,0,0,0,0
2012/03/26,0,0,0,0
2012/03/27,0,0,0,0
2012/03/28,0,0,0,0
2012/03/29,0,0,0,0
2012/03/30,0,0,0,0
2012/04/02,0,0,0,0
2012/04/03,0,0,0,0
2012/04/04,0,0,0,0
2012/04/05,0,0,0,0
2012/04/06,0,0,0,0
2012/04/09,0,0,0,0
2012/04/10,0,0,0,0
2012/04/11,0,0,0,0
2012/04/12,0,0,0,0
2012/04/13,0,0,0,0
2012/04/16,0,0,0,0
2012/04/17,0,0,0,0
2012/04/18,0,0,0,0
2012/04/19,0,0,0,0
2012/04/20,0,0,0,0
2012/04/23,0,0,0,0
2012/04/24,0,0,0,0
2012/04/25,0,0,0,0
2012/04/26,0,0,0,0
2012/04/27,0,0,0,0
2012/04/30,0,0,0,0
2012/05/01,0,0,0,0
2012/05/02,0,0,0,0
2012/05/03,0,0,0,0
2012/05/04,0,0,0,0
2012/05/07,0,0,0,0
2012/05/08,0,0,0,0
2012/05/09,0,0,0,0
2012/05/10,0,0,0,0
2012/05/11,0,0,0,0
2012/05/14,0,0,0,0
2012/05/15,0,0,0,0
2012/05/16,0,0,0,0
2012/05/17,0,0,0,0
2012/05/18,0,0,0,0
2012/05/21,0,0,0,0
2012/05/22,0,0,0,0
2012/05/23,0,0,0,0
2012/05/24,0,0,0,0
2012/05/25,0,0,0,0
2012/05/28,0,0,0,0
2012/05/29,0,0,0,0
2012/05/30,0,0,0,0
2012/05/31,0,0,0,0
2012/06/01,0,0,0,0
2012/06/04,0,0,0,0
2012/06/05,0,0,0,0
2012/06/06,0,0,0,0
2012/06/07,0,0,0,0
2012/06/08,0,0,0,0
2012/06/11,0,0,0,0
2012/06/12,0,0,0,0
2012/06/13,0,0,0,0
2012/06/14,0,0,0,0
2012/06/15,0,0,0,0
2012/06/18,0,0,0,0
2012/06/19,0,0,0,0
2012/06/20,0,0,0,0
2012/06/21,0,0,0,0
2012/06/22,0,0,0,0
2012/06/25,0,0,0,0
2012/06/26,0,0,0,0
2012/06/27,0,0,0,0
2012/06/28,0,0,0,0
2012/06/29,0,0,0,0
2012/07/02,0,0,0,0
2012/07/03,0,0,0,0
2012/07/04,0,0,0,0
2012/07/05,0,0,0,0
2012/07/06,0,0,0,0
2012/07/09,0,0,0,0
2012/07/10,0,0,0,0
2012/07/11,0,0,0,0
2012/07/12,0,0,0,0
2012/07/13,0,0,0,0
2012/07/16,0,0,0,0
2012/07/17,0,0,0,0
2012/07/18,0,0,0,0
2012/07/19,0,0,0,0
2012/07/20,0,0,0,0
2012/07/23,0,0,0,0
2012/07/24,0,0,0,0
2012/07/25,0,0,0,0
2012/07/26,0,0,0,0
2012/07/27,0,0,0,0
2012/07/30,0,0,0,0
2012/07/31,0,0,0,0
2012/08/01,0,0,0,0
2012/08/02,0,0,0,0
2012/08/03,0,0,0,0
2012/08/06,0,0,0,0
2012/08/07,0,0,0,0
2012/08/08,0,0,0,0
2012/08/09,0,0,0,0
2012/08/10,0,0,0,0
2012/08/13,0,0,0,0
2012/08/14,0,0,0,0
2012/08/15,0,0,0,0
2012/08/16,0,0,0,0
2012/08/17,0,0,0,0
2012/08/20,0,0,0,0
2012/08/21,0,0,0,0
2012/08/22,0,0,0,0
2012/08/23,0,0,0,0
2012/08/24,0,0,0,0
2012/08/27,0,0,0,0
2012/08/28,0,0,0,0
2012/08/29,0,0,0,0
2012/08/30,0,0,0,0
2012/08/31,0,0,0,0
2012/09/03,0,0,0,0
2012/09/04,0,0,0,0
2012/09/05,0,0,0,0
2012/09/06,0,0,0,0
2012/09/07,0,0,0,0
2012/09/10,0,0,0,0
2012/09/11,0,0,0,0
2012/09/12,0,0,0,0
2012/09/13,0,0,0,0
2012/09/14,0,0,0,0
2012/09/17,0,0,0,0
2012/09/18,0,0,0,0
2012/09/19,0,0,0,0
2012/09/20,0,0,0,0
2012/09/21,0,0,0,0
2012/09/24,0,0,0,0
2012/09/25,0,0,0,0
2012/09/26,0,0,0,0
2012/09/27,0,0,0,0
2012/09/28,0,0,0,0
2012/10/01,0,0,0,0
2012/10/02,0,0,0,0
2012/10/03,0,0,0,0
2012/10/04,0,0,0,0
2012/10/05,0,0,0,0
2012/10/08,0,0,0,0
2012/10/09,0,0,0,0
2012/10/10,0,0,0,0
2012/10/11,0,0,0,0
2012/10/12,0,0,0,0
2012/10/15,0,0,0,0
2012/10/16,0,0,0,0
2012/10/17,0,0,0,0
2012/10/18,0,0,0,0
2012/10/19,0,0,0,0
2012/10/22,0,0,0,0
2012/10/23,0,0,0,0
2012/10/24,0,0,0,0
2012/10/25,0,0,0,0
2012/10/26,0,0,0,0
2012/10/29,0,0,0,0
2012/10/30,0,0,0,0
2012/10/31,0,0,0,0
2012/11/01,0,0,0,0
2012/11/02,0,0,0,0
2012/11/05,0,0,0,0
2012/11/06,0,0,0,0
2012/11/07,0,0,0,0
2012/11/08,0,0,0,0
2012/11/09,0,0,0,0
2012/11/12,0,0,0,0
2012/11/13,0,0,0,0
2012/11/14,0,0,0,0
2012/11/15,0,0,0,0
2012/11/16,0,0,0,0
2012/11/19,0,0,0,0
2012/11/20,0,0,0,0
2012/11/21,0,0,0,0
2012/11/22,0,0,0,0
2012/11/23,0,0,0,0
2012/11/26,0,0,0,0
2012/11/27,0,0,0,0
2012/11/28,0,0,0,0
2012/11/29,0,0,0,0
2012/11/30,0,0,0,0
2012/12/03,0,0,0,0
2012/12/04,0,0,0,0
2012/12/05,0,0,0,0
2012/12/06,0,0,0,0
2012/12/07,0,0,0,0
2012/12/10,0,0,0,0
2012/12/11,0,0,0,0
2012/12/12,0,0,0,0
2012/12/13,0,0,0,0
2012/12/14,0,0,0,0
2012/12/17,0,0,0,0
2012/12/18,0,0,0,0
2012/12/19,0,0,0,0
2012/12/20,0,0,0,0
2012/12/21,0,0,0,0
2012/12/24,0,0,0,0
2012/12/25,0,0,0,0
2012/12/26,0,0,0,0
2012/12/27,0,0,0,0
2012/12/28,0,0,0,0
2012/12/31,0,0,0,0
2013/01/01,0,0,0,0
2013/01/02,0,0,0,0
2013/01/03,0,0,0,0
2013/01/04,0,0,0,0
2013/01/07,0,0,0,0
2013/01/08,0,0,0,0
2013/01/09,0,0,0,0
2013/01/10,0,0,0,0
2013/01/11,0,0,0,0
2013/01/14,0,0,0,0
2013/01/15,0,0,0,0
2013/01/16,0,0,0,0
2013/01/17,0,0,0,0
2013/01/18,0,0,0,0
2013/01/21,0,0,0,0
2013/01/22,0,0,0,0
2013/01/23,0,0,0,0
2013/01/24,0,0,0,0
2013/01/25,0,0,0,0
2013/01/28,0,0,0,0
2013/01/29,0,0,0,0
2013/01/30,0,0,0,0
2013/01/31,0,0,0,0
2013/02/01,0,0,0,0
2013/02/04,0,0,0,0
2013/02/05,0,0,0,0
2013/02/06,0,0,0,0
2013/02/07,0,0,0,0
2013/02/08,0,0,0,0
2013/02/11,0,0,0,0
2013/02/12,0,0,0,0
2013/02/13,0,0,0,0
2013/02/14,0,0,0,0
2013/02/15,0,0,0,0
2013/02/18,0,0,0,0
2013/02/19,0,0,0,0
2013/02/20,0,0,0,0
2013/02/21,0,0,0,0
2013/02/22,0,0,0,0
2013/02/25,0,0,0,0
2013/02/26,0,0,0,0
2013/02/27,0,0,0,0
2013/02/28,0,0,0,0
2013/03/01,0,0,0,0
2013/03/04,0,0,0,0
2013/03/05,0,0,0,0
2013/03/06,0,0,0,0
2013/03/07,0,0,0,0
2013/03/08,0,0,0,0
2013/03/11,0,0,0,0
2013/03/12,0,0,0,0
2013/03/13,0,0,0,0
2013/03/14,0,0,0,0
2013/03/15,0,0,0,0
2013/03/18,0,0,0,0
2013/03/19,0,0,0,0
2013/03/20,0,0,0,0
2013/03/21,0,0,0,0
2013/03/22,0,0,0,0
2013/03/25,0,0,0,0
2013/03/26,0,0,0,0
2013/03/27,0,0,0,0
2013/03/28,0,0,0,0
2013/03/29,0,0,0,0
2013/04/01,0,0,0,0
2013/04/02,0,0,0,0
2013/04/03,0,0,0,0
2013/04/04,0,0,0,0
2013/04/05,0,0,0,0
2013/04/08,0,0,0,0
2013/04/09,0,0,0,0
2013/04/10,0,0,0,0
2013/04/11,0,0,0,0
2013/04/12,0,0,0,0
2013/04/15,0,0,0,0
2013/04/16,0,0,0,0
2013/04/17,0,0,0,0
2013/04/18,0,0,0,0
2013/04/19,0,0,0,0
2013/04/22,0,0,0,0
2013/04/23,0,0,0,0
2013/04/24,0,0,0,0
2013/04/25,0,0,0,0
2013/04/26,0,0,0,0
2013/04/29,0,0,0,0
2013/04/30,0,0,0,0
2013/05/01,0,0,0,0
2013/05/02,0,0,0,0
2013/05/03,0,0,0,0
2013/05/06,0,0,0,0
2013/05/07,0,0,0,0
2013/05/08,0,0,0,0
2013/05/09,0,0,0,0
2013/05/10,0,0,0,0
2013/05/13,0,0,0,0
2013/05/14,0,0,0,0
2013/05/15,0,0,0,0
2013/05/16,0,0,0,0
2013/05/17,0,0,0,0
2013/05/20,0,0,0,0
2013/05/21,0,0,0,0
2013/05/22,0,0,0,0
2013/05/23,0,0,0,0
2013/05/24,0,0,0,0
2013/05/27,0,0,0,0
2013/05/28,0,0,0,0
2013/05/29,0,0,0,0
2013/05/30,0,0,0,0
2013/05/31,0,0,0,0
2013/06/03,0,0,0,0
2013/06/04,0,0,0,0
2013/06/05,0,0,0,0
2013/06/06,0,0,0,0
2013/06/07,0,0,0,0
2013/06/10,0,0,0,0
2013/06/11,0,0,0,0
2013/06/12,0,0,0,0
2013/06/13,0,0,0,0
2013/06/14,0,0,0,0
2013/06/17,0,0,0,0
2013/06/18,0,0,0,0
2013/06/19,0,0,0,0
2013/06/20,0,0,0,0
2013/06/21,0,0,0,0
2013/06/24,0,0,0,0
2013/06/25,0,0,0,0
2013/06/26,0,0,0,0
2013/06/27,0,0,0,0
2013/06/28,0,0,0,0
2013/07/01,0,0,0,0
2013/07/02,0,0,0,0
2013/07/03,0,0,0,0
2013/07/04,0,0,0,0
2013/07/05,0,0,0,0
2013/07/08,0,0,0,0
2013/07/09,0,0,0,0
2013/07/10,0,0,0,0
2013/07/11,0,0,0,0
2013/07/12,0,0,0,0
2013/07/15,0,0,0,0
2013/07/16,0,0,0,0
2013/07/17,0,0,0,0
2013/07/18,0,0,0,0
2013/07/19,0,0,0,0
2013/07/22,0,0,0,0
2013/07/23,0,0,0,0
2013/07/24,0,0,0,0
2013/07/25,0,0,0,0
2013/07/26,0,0,0,0
2013/07/29,0,0,0,0
2013/07/30,0,0,0,0
2013/07/31,0,0,0,0
2013/08/01,0,0,0,0
2013/08/02,0,0,0,0
2013/08/05,0,0,0,0
2013/08/06,0,0,0,0
2013/08/07,0,0,0,0
2013/08/08,0,0,0,0
2013/08/09,0,0,0,0
2013/08/12,0,0,0,0
2013/08/13,0,0,0,0
2013/08/14,0,0,0,0
2013/08/15,0,0,0,0
2013/08/16,0,0,0,0
2013/08/19,0,0,0,0
2013/08/20,0,0,0,0
2013/08/21,0,0,0,0
2013/08/22,0,0,0,0
2013/08/23,0,0,0,0
2013/08/26,0,0,0,0
2013/08/27,0,0,0,0
2013/08/28,0,0,0,0
2013/08/29,0,0,0,0
2013/08/30,0,0,0,0
2013/09/02,0,0,0,0
2013/09/03,0,0,0,0
2013/09/04,0,0,0,0
2013/09/05,0,0,0,0
2013/09/06,0,0,0,0
2013/09/09,0,0,0,0
2013/09/10,0,0,0,0
2013/09/11,0,0,0,0
2013/09/12,0,0,0,0
2013/09/13,0,0,0,0
2013/09/16,0,0,0,0
2013/09/17,0,0,0,0
2013/09/18,0,0,0,0
2013/09/19,0,0,0,0
2013/09/20,0,0,0,0
2013/09/23,0,0,0,0
2013/09/24,0,0,0,0
2013/09/25,0,0,0,0
2013/09/26,0,0,0,0
2013/09/27,0,0,0,0
2013/09/30,0,0,0,0
2013/10/01,0,0,0,0
2013/10/02,0,0,0,0
2013/10/03,0,0,0,0
2013/10/04,0,0,0,0
2013/10/07,0,0,0,0
2013/10/08,0,0,0,0
2013/10/09,0,0,0,0
2013/10/10,0,0,0,0
2013/10/11,0,0,0,0
2013/10/14,0,0,0,0
2013/10/15,0,0,0,0
2013/10/16,0,0,0,0
2013/10/17,0,0,0,0
2013/10/18,0,0,0,0
2013/10/21,0,0,0,0
2013/10/22,0,0,0,0
2013/10/23,0,0,0,0
2013/10/24,0,0,0,0
2013/10/25,0,0,0,0
2013/10/28,0,0,0,0
2013/10/29,0,0,0,0
2013/10/30,0,0,0,0
2013/10/31,0,0,0,0
2013/11/01,0,0,0,0
2013/11/04,0,0,0,0
2013/11/05,0,0,0,0
2013/11/06,0,0,0,0
2013/11/07,0,0,0,0
2013/11/08,0,0,0,0
2013/11/11,0,0,0,0
2013/11/12,0,0,0,0
2013/11/13,0,0,0,0
2013/11/14,0,0,0,0
2013/11/15,0,0,0,0
2013/11/18,0,0,0,0
2013/11/19,0,0,0,0
2013/11/20,0,0,0,0
2013/11/21,0,0,0,0
2013/11/22,0,0,0,0
2013/11/25,0,0,0,0
2013/11/26,0,0,0,0
2013/11/27,0,0,0,0
2013/11/28,0,0,0,0
2013/11/29,0,0,0,0
2013/12/02,0,0,0,0
2013/12/03,0,0,0,0
2013/12/04,0,0,0,0
2013/12/05,0,0,0,0
2013/12/06,0,0,0,0
2013/12/09,0,0,0,0
2013/12/10,0,0,0,0
2013/12/11,0,0,0,0
2013/12/12,0,0,0,0
2013/12/13,0,0,0,0
2013/12/16,0,0,0,0
2013/12/17,0,0,0,0
2013/12/18,0,0,0,0
2013/12/19,0,0,0,0
2013/12/20,0,0,0,0
2013/12/23,0,0,0,0
2013/12/24,0,0,0,0
2013/12/25,0,0,0,0
2013/12/26,0,0,0,0
2013/12/27,0,0,0,0
2013/12/30,0,0,0,0
2013/12/31,0,0,0,0
2014/01/02,0,0,0,0
2014/01/03,0,0,0,0
2014/01/06,0,0,0,0
2014/01/07,0,0,0,0
2014/01/08,0,0,0,0
2014/01/09,0,0,0,0
2014/01/10,0,0,0,0
2014/01/13,0,0,0,0
2014/01/14,0,0,0,0
2014/01/15,0,0,0,0
2014/01/16,0,0,0,0
2014/01/17,0,0,0,0
2014/01/20,0,0,0,0
2014/01/21,0,0,0,0
2014/01/22,0,0,0,0
2014/01/23,0,0,0,0
2014/01/24,0,0,0,0
2014/01/27,0,0,0,0
2014/02/05,0,0,0,0
2014/02/06,0,0,0,0
2014/02/07,0,0,0,0
2014/02/10,0,0,0,0
2014/02/11,0,0,0,0
2014/02/12,0,0,0,0
2014/02/13,0,0,0,0
2014/02/14,0,0,0,0
2014/02/17,0,0,0,0
2014/02/18,0,0,0,0
2014/02/19,0,0,0,0
2014/02/20,0,0,0,0
2014/02/21,0,0,0,0
2014/02/24,0,0,0,0
2014/02/25,0,0,0,0
2014/02/26,0,0,0,0
2014/02/27,0,0,0,0
2014/03/03,0,0,0,0
2014/03/04,0,0,0,0
2014/03/05,0,0,0,0
2014/03/06,0,0,0,0
2014/03/07,0,0,0,0
2014/03/10,0,0,0,0
2014/03/11,0,0,0,0
2014/03/12,0,0,0,0
2014/03/13,0,0,0,0
2014/03/14,0,0,0,0
2014/03/17,0,0,0,0
2014/03/18,0,0,0,0
2014/03/19,0,0,0,0
2014/03/20,0,0,0,0
2014/03/21,0,0,0,0
2014/03/24,0,0,0,0
2014/03/25,0,0,0,0
2014/03/26,0,0,0,0
2014/03/27,0,0,0,0
2014/03/28,0,0,0,0
2014/03/31,0,0,0,0
2014/04/01,0,0,0,0
2014/04/02,0,0,0,0
2014/04/03,0,0,0,0
2014/04/07,0,0,0,0
2014/04/08,0,0,0,0
2014/04/09,0,0,0,0
2014/04/10,0,0,0,0
2014/04/11,0,0,0,0
2014/04/14,0,0,0,0
2014/04/15,0,0,0,0
2014/04/16,0,0,0,0
2014/04/17,0,0,0,0
2014/04/18,0,0,0,0
2014/04/21,0,0,0,0
2014/04/22,0,0,0,0
2014/04/23,0,0,0,0
2014/04/24,0,0,0,0
2014/04/25,0,0,0,0
2014/04/28,0,0,0,0
2014/04/29,0,0,0,0
2014/04/30,0,0,0,0
2014/05/02,0,0,0,0
2014/05/05,0,0,0,0
2014/05/06,0,1500000,0,1500000
2014/05/07,0,0,0,0
2014/05/08,0,0,0,0
2014/05/09,0,0,0,0
2014/05/12,0,0,0,0
2014/05/13,0,0,0,0
2014/05/14,0,0,0,0
2014/05/15,0,0,0,0
2014/05/16,0,0,0,0
2014/05/19,0,0,0,0
2014/05/20,0,0,0,0
2014/05/21,0,0,0,0
2014/05/22,0,0,0,0
2014/05/23,0,0,0,0
2014/05/26,0,0,0,0
2014/05/27,0,0,0,0
2014/05/28,0,0,0,0
2014/05/29,0,0,0,0
2014/05/30,0,0,0,0
2014/06/03,0,0,0,0
2014/06/04,0,0,0,0
2014/06/05,0,0,0,0
2014/06/06,0,0,0,0
2014/06/09,0,0,0,0
2014/06/10,0,0,0,0
2014/06/11,0,0,0,0
2014/06/12,0,0,0,0
2014/06/13,0,0,0,0
2014/06/16,0,0,0,0
2014/06/17,0,0,0,0
2014/06/18,0,0,0,0
2014/06/19,0,0,0,0
2014/06/20,0,0,0,0
2014/06/23,0,0,0,0
2014/06/24,0,0,0,0
2014/06/25,0,0,0,0
2014/06/26,0,0,0,0
2014/06/27,0,0,0,0
2014/06/30,0,0,0,0
2014/07/01,0,0,0,0
2014/07/02,0,0,0,0
2014/07/03,0,0,0,0
2014/07/04,0,0,0,0
2014/07/07,0,0,0,0
2014/07/08,0,0,0,0
2014/07/09,0,0,0,0
2014/07/10,0,0,0,0
2014/07/11,0,0,0,0
2014/07/14,0,0,0,0
2014/07/15,0,0,0,0
2014/07/16,0,0,0,0
2014/07/17,0,0,0,0
2014/07/18,0,0,0,0
2014/07/21,0,0,0,0
2014/07/22,0,0,0,0
2014/07/23,0,0,0,0
2014/07/24,0,0,0,0
2014/07/25,0,0,0,0
2014/07/28,0,0,0,0
2014/07/29,0,0,0,0
2014/07/30,0,0,0,0
2014/07/31,0,0,0,0
2014/08/01,0,0,0,0
2014/08/04,0,0,0,0
2014/08/05,0,0,0,0
2014/08/06,0,0,0,0
2014/08/07,0,0,0,0
2014/08/08,0,0,0,0
2014/08/11,0,0,0,0
2014/08/12,0,0,0,0
2014/08/13,0,0,0,0
2014/08/14,0,0,0,0
2014/08/15,0,0,0,0
2014/08/18,0,0,0,0
2014/08/19,0,0,0,0
2014/08/20,0,0,0,0
2014/08/21,0,0,0,0
2014/08/22,0,0,0,0
2014/08/25,0,0,0,0
2014/08/26,0,0,0,0
2014/08/27,0,0,0,0
2014/08/28,0,0,0,0
2014/08/29,0,0,0,0
2014/09/01,0,0,0,0
2014/09/02,0,0,0,0
2014/09/03,0,0,0,0
2014/09/04,0,0,0,0
2014/09/05,0,0,0,0
2014/09/09,0,0,0,0
2014/09/10,0,0,0,0
2014/09/11,0,0,0,0
2014/09/12,0,0,0,0
2014/09/15,0,0,0,0
2014/09/16,0,0,0,0
2014/09/17,0,0,0,0
2014/09/18,0,0,0,0
2014/09/19,0,0,0,0
2014/09/22,0,0,0,0
2014/09/23,0,0,0,0
2014/09/24,0,0,0,0
2014/09/25,0,0,0,0
2014/09/26,0,0,0,0
2014/09/29,0,0,0,0
2014/09/30,0,0,0,0
2014/10/01,0,0,0,0
2014/10/02,0,0,0,0
2014/10/03,0,0,0,0
2014/10/06,0,0,0,0
2014/10/07,0,0,0,0
2014/10/08,0,0,0,0
2014/10/09,0,0,0,0
2014/10/13,0,0,0,0
2014/10/14,0,0,0,0
2014/10/15,0,0,0,0
2014/10/16,0,0,0,0
2014/10/17,0,0,0,0
2014/10/20,0,0,0,0
2014/10/21,0,0,0,0
2014/10/22,0,0,0,0
2014/10/23,0,0,0,0
2014/10/24,0,0,0,0
2014/10/27,0,0,0,0
2014/10/28,0,0,0,0
2014/10/29,0,0,0,0
2014/10/30,0,0,0,0
2014/10/31,0,0,0,0
2014/11/03,0,0,0,0
2014/11/04,0,0,0,0
2014/11/05,0,0,0,0
2014/11/06,0,0,0,0
2014/11/07,0,0,0,0
2014/11/10,0,0,0,0
2014/11/11,0,0,0,0
2014/11/12,0,0,0,0
2014/11/13,0,0,0,0
2014/11/14,0,0,0,0
2014/11/17,0,0,0,0
2014/11/18,0,0,0,0
2014/11/19,0,0,0,0
2014/11/20,0,0,0,0
2014/11/21,0,145000,0,145000
2014/11/24,0,0,0,0
2014/11/25,0,20000,0,20000
2014/11/26,0,0,0,0
2014/11/27,0,0,-1000,-1000
2014/11/28,0,0,0,0
2014/12/01,0,0,0,0
2014/12/02,0,0,0,0
2014/12/03,0,2000,0,2000
2014/12/04,0,150000,0,150000
2014/12/05,0,208000,0,208000
2014/12/08,0,0,0,0
2014/12/09,0,0,0,0
2014/12/10,0,0,0,0
2014/12/11,0,28363,0,28363
2014/12/12,0,928000,0,928000
2014/12/15,0,0,0,0
2014/12/16,0,76000,0,76000
2014/12/17,0,0,0,0
2014/12/18,0,0,0,0
2014/12/19,0,2003000,0,2003000
2014/12/22,0,8000,0,8000
2014/12/23,0,0,0,0
2014/12/24,0,0,0,0
2014/12/25,0,0,0,0
2014/12/26,0,374000,0,374000
2014/12/29,0,261000,0,261000
2014/12/30,0,527000,0,527000
2014/12/31,0,105000,0,105000
2015/01/01,0,0,0,0
2015/01/02,0,0,0,0
2015/01/05,0,256000,0,256000
2015/01/06,0,371000,0,371000
2015/01/07,0,2000,-150000,-148000
2015/01/08,0,218000,0,218000
2015/01/09,0,245000,0,245000
2015/01/12,0,0,-2421000,-2421000
2015/01/13,0,0,-50000,-50000
2015/01/14,0,0,0,0
2015/01/15,0,0,0,0
2015/01/16,0,0,0,0
2015/01/19,0,0,0,0
2015/01/20,0,60000,0,60000
2015/01/21,0,0,0,0
2015/01/22,0,762000,0,762000
2015/01/23,0,0,0,0
2015/01/26,0,0,0,0
2015/01/27,0,544000,0,544000
2015/01/28,0,493000,0,493000
2015/01/29,0,108000,0,108000
2015/01/30,0,248000,-8000,240000
2015/02/02,0,0,0,0
2015/02/03,0,0,-100000,-100000
2015/02/04,0,354000,0,354000
2015/02/05,0,5000,0,5000
2015/02/06,0,62000,0,62000
2015/02/09,0,347000,0,347000
2015/02/10,0,50000,0,50000
2015/02/11,0,0,0,0
2015/02/12,0,197000,0,197000
2015/02/13,0,68000,-6000,62000
2015/02/16,0,0,0,0
2015/02/17,0,0,0,0
2015/02/18,0,0,0,0
2015/02/19,0,0,0,0
2015/02/20,0,0,0,0
2015/02/23,0,0,0,0
2015/02/24,0,0,0,0
2015/02/25,0,420000,-42000,378000
2015/02/26,0,100000,-4000,96000
2015/02/27,0,0,0,0
2015/03/02,0,0,0,0
2015/03/03,0,0,-1000,-1000
2015/03/04,0,17000,-2000,15000
2015/03/05,0,0,-82000,-82000
2015/03/06,0,85000,-60000,25000
2015/03/09,0,0,-3000,-3000
2015/03/10,0,0,0,0
2015/03/11,0,0,0,0
2015/03/12,0,889,-200000,-199111
2015/03/13,0,0,-100000,-100000
2015/03/16,0,25000,-241000,-216000
2015/03/17,0,0,-1078000,-1078000
2015/03/18,0,11000,-13000,-2000
2015/03/19,0,14000,-531000,-517000
2015/03/20,0,1000,-373000,-372000
2015/03/23,0,105000,-2000,103000
2015/03/24,0,0,-3000,-3000
2015/03/25,0,2000,-1000,1000
2015/03/26,0,0,0,0
2015/03/27,0,6000,0,6000
2015/03/30,0,110000,0,110000
2015/03/31,0,7000,0,7000
2015/04/01,0,9000,0,9000
2015/04/02,0,108000,-100125,7875
2015/04/03,0,0,0,0
2015/04/06,0,0,0,0
2015/04/07,0,0,-100000,-100000
2015/04/08,0,0,-160000,-160000
2015/04/09,0,0,0,0
2015/04/10,0,86000,0,86000
2015/04/13,0,0,0,0
2015/04/14,0,64000,-570000,-506000
2015/04/15,0,5000,-42000,-37000
2015/04/16,0,0,-13000,-13000
2015/04/17,0,0,-125000,-125000
2015/04/20,0,0,-6000,-6000
2015/04/21,0,0,-72000,-72000
2015/04/22,0,0,0,0
2015/04/23,0,0,-156000,-156000
2015/04/24,0,0,-1000,-1000
2015/04/27,0,15000,0,15000
2015/04/28,0,0,-2000,-2000
2015/04/29,0,0,-2000,-2000
2015/04/30,0,34000,-1000,33000
2015/05/01,0,0,0,0
2015/05/04,0,0,-5000,-5000
2015/05/05,0,0,0,0
2015/05/06,0,20000,0,20000
2015/05/07,0,0,0,0
2015/05/08,0,33000,0,33000
2015/05/11,0,2000,-59000,-57000
2015/05/12,0,0,0,0
2015/05/13,0,19000,0,19000
2015/05/14,0,3000,0,3000
2015/05/15,0,0,0,0
2015/05/18,0,42000,-399000,-357000
2015/05/19,0,0,-100000,-100000
2015/05/20,0,2000,0,2000
2015/05/21,0,4000,0,4000
2015/05/22,0,21000,0,21000
2015/05/25,0,67000,0,67000
2015/05/26,0,2000,0,2000
2015/05/27,0,0,0,0
2015/05/28,0,22000,-3000,19000
2015/05/29,0,9000,0,9000
2015/06/01,0,38000,0,38000
2015/06/02,0,0,0,0
2015/06/03,0,2000,0,2000
2015/06/04,0,559,-48000,-47441
2015/06/05,0,0,-2000,-2000
2015/06/08,0,28000,0,28000
2015/06/09,0,10000,-6000,4000
2015/06/10,0,0,0,0
2015/06/11,0,0,0,0
2015/06/12,0,109000,-3000,106000
2015/06/15,0,48000,0,48000
2015/06/16,0,0,0,0
2015/06/17,0,112000,0,112000
2015/06/18,0,81000,-1000,80000
2015/06/19,0,0,0,0
2015/06/22,0,19000,0,19000
2015/06/23,0,3000,-259000,-256000
2015/06/24,0,0,-2000,-2000
2015/06/25,0,0,-1000,-1000
2015/06/26,0,3000,0,3000
2015/06/29,0,0,0,0
2015/06/30,0,77000,-3000,74000
2015/07/01,0,0,-3000,-3000
2015/07/02,0,0,0,0
2015/07/03,0,0,0,0
2015/07/06,0,0,-72000,-72000
2015/07/07,0,0,-82000,-82000
2015/07/08,0,0,-162000,-162000
2015/07/09,0,0,0,0
2015/07/10,0,0,0,0
2015/07/13,0,0,-32000,-32000
2015/07/14,0,0,0,0
2015/07/15,0,10000,-101000,-91000
2015/07/16,0,0,-102000,-102000
2015/07/17,0,0,-112000,-112000
2015/07/20,0,10000,0,10000
2015/07/21,0,2000,0,2000
2015/07/22,0,0,0,0
2015/07/23,0,4000,0,4000
2015/07/24,0,1000,-2000,-1000
2015/07/27,0,0,0,0
2015/07/28,0,2000,0,2000
2015/07/29,0,2000,0,2000
2015/07/30,0,1000,0,1000
2015/07/31,0,140000,0,140000
2015/08/03,0,30000,0,30000
2015/08/04,0,4000,0,4000
2015/08/05,0,4000,-371000,-367000
2015/08/06,0,3000,0,3000
2015/08/07,0,6000,0,6000
2015/08/10,0,74000,0,74000
2015/08/11,0,0,0,0
2015/08/12,0,8000,-1000,7000
2015/08/13,0,0,0,0
2015/08/14,0,0,0,0
2015/08/17,0,0,0,0
2015/08/18,0,0,0,0
2015/08/19,0,0,0,0
2015/08/20,0,0,0,0
2015/08/21,0,0,0,0
2015/08/24,0,0,-148000,-148000
2015/08/25,0,0,-297,-297
2015/08/26,0,5000,-110000,-105000
2015/08/27,0,0,-20000,-20000
2015/08/28,0,0,-2000,-2000
2015/08/31,0,2000,-9000,-7000
2015/09/01,0,0,-14000,-14000
2015/09/02,0,9000,0,9000
2015/09/03,0,0,0,0
2015/09/04,0,2000,-2000,0
2015/09/07,0,6000,0,6000
2015/09/08,0,0,0,0
2015/09/09,0,0,0,0
2015/09/10,0,0,0,0
2015/09/11,0,0,0,0
2015/09/14,0,0,0,0
2015/09/15,0,0,0,0
2015/09/16,0,0,0,0
2015/09/17,0,0,0,0
2015/09/18,0,0,-26000,-26000
2015/09/21,0,35000,0,35000
2015/09/22,0,969,0,969
2015/09/23,0,0,0,0
2015/09/24,0,0,0,0
2015/09/25,0,0,0,0
2015/09/28,0,0,0,0
2015/09/29,0,0,0,0
2015/09/30,0,0,0,0
2015/10/01,0,0,-2000,-2000
2015/10/02,0,13000,0,13000
2015/10/05,0,0,0,0
2015/10/06,0,1000,0,1000
2015/10/07,0,0,0,0
2015/10/08,0,0,-837000,-837000
2015/10/09,0,0,0,0
2015/10/12,0,0,0,0
2015/10/13,0,0,0,0
2015/10/14,0,0,0,0
2015/10/15,0,0,-106000,-106000
2015/10/16,0,0,0,0
2015/10/19,0,0,0,0
2015/10/20,0,0,0,0
2015/10/21,0,0,0,0
2015/10/22,0,0,0,0
2015/10/23,0,0,-6000,-6000
2015/10/26,0,0,0,0
2015/10/27,0,0,0,0
2015/10/28,0,0,0,0
2015/10/29,0,0,0,0
2015/10/30,0,0,0,0
2015/11/02,0,0,0,0
2015/11/03,0,0,0,0
2015/11/04,0,19000,0,19000
2015/11/05,0,0,0,0
2015/11/06,0,0,0,0
2015/11/09,0,3000,0,3000
2015/11/10,0,0,0,0
2015/11/11,0,0,0,0
2015/11/12,0,0,0,0
2015/11/13,0,0,0,0
2015/11/16,0,0,0,0
2015/11/17,0,0,0,0
2015/11/18,0,0,0,0
2015/11/19,0,0,-4000,-4000
2015/11/20,0,0,0,0
2015/11/23,0,0,0,0
2015/11/24,0,0,0,0
2015/11/25,0,0,0,0
2015/11/26,0,0,0,0
2015/11/27,0,0,0,0
2015/11/30,0,0,0,0
2015/12/01,0,0,0,0
2015/12/02,0,0,0,0
2015/12/03,0,0,-2000,-2000
2015/12/04,0,0,0,0
2015/12/07,0,0,0,0
2015/12/08,0,0,0,0
2015/12/09,0,0,0,0
2015/12/10,0,0,0,0
2015/12/11,0,0,0,0
2015/12/14,0,246,0,246
2015/12/15,0,0,0,0
2015/12/16,0,0,0,0
2015/12/17,0,0,0,0
2015/12/18,0,0,0,0
2015/12/21,0,0,0,0
2015/12/22,0,0,-3000,-3000
2015/12/23,0,29000,0,29000
2015/12/24,0,0,0,0
2015/12/25,0,0,0,0
2015/12/28,0,99000,0,99000
2015/12/29,0,67000,0,67000
2015/12/30,0,0,0,0
2015/12/31,0,0,0,0
2016/01/01,0,0,0,0
2016/01/04,0,0,0,0
2016/01/05,0,0,-2000,-2000
2016/01/06,0,0,-2000,-2000
2016/01/07,0,0,-3000,-3000
2016/01/08,0,0,0,0
2016/01/11,0,0,0,0
2016/01/12,0,0,0,0
2016/01/13,0,0,0,0
2016/01/14,0,0,0,0
2016/01/15,0,0,-18000,-18000
2016/01/18,0,0,0,0
2016/01/19,0,0,0,0
2016/01/20,0,0,-18000,-18000
2016/01/21,0,0,0,0
2016/01/22,0,0,0,0
2016/01/25,0,0,0,0
2016/01/26,0,0,0,0
2016/01/27,0,0,0,0
2016/01/28,0,0,0,0
2016/01/29,0,0,0,0
2016/02/01,0,110000,0,110000
2016/02/02,0,0,0,0
2016/02/03,0,0,0,0
2016/02/04,0,0,0,0
2016/02/05,0,0,0,0
2016/02/08,0,0,0,0
2016/02/09,0,0,0,0
2016/02/10,0,0,0,0
2016/02/11,0,0,0,0
2016/02/12,0,0,0,0
2016/02/15,0,1467,0,1467
2016/02/16,0,0,0,0
2016/02/17,0,0,0,0
2016/02/18,0,0,0,0
2016/02/19,0,0,-1159,-1159
2016/02/22,0,0,0,0
2016/02/23,0,0,0,0
2016/02/24,0,0,0,0
2016/02/25,0,0,0,0
2016/02/26,0,0,0,0
2016/02/29,0,0,0,0
2016/03/01,0,0,0,0
2016/03/02,0,0,-2000,-2000
2016/03/03,0,0,0,0
2016/03/04,0,0,0,0
2016/03/07,0,0,0,0
2016/03/08,0,0,-2000,-2000
2016/03/09,0,0,-3000,-3000
2016/03/10,0,0,0,0
2016/03/11,0,0,0,0
2016/03/14,0,0,0,0
2016/03/15,0,0,0,0
2016/03/16,0,0,0,0
2016/03/17,0,0,0,0
2016/03/18,0,64000,0,64000
2016/03/21,0,0,0,0
2016/03/22,0,0,0,0
2016/03/23,0,0,0,0
2016/03/24,0,0,0,0
2016/03/25,0,0,0,0
2016/03/28,0,0,0,0
2016/03/29,0,0,0,0
2016/03/30,0,0,0,0
2016/03/31,0,0,0,0
2016/04/01,0,0,0,0
2016/04/04,0,0,0,0
2016/04/05,0,0,0,0
2016/04/06,0,0,0,0
2016/04/07,0,0,0,0
2016/04/08,0,0,0,0
2016/04/11,0,0,0,0
2016/04/12,0,3000,0,3000
2016/04/13,0,0,-3000,-3000
2016/04/14,0,0,0,0
2016/04/15,0,0,-39000,-39000
2016/04/18,0,0,0,0
2016/04/19,0,0,0,0
2016/04/20,0,0,0,0
2016/04/21,0,0,0,0
2016/04/22,0,0,0,0
2016/04/25,0,0,0,0
2016/04/26,0,0,0,0
2016/04/27,0,0,0,0
2016/04/28,0,0,-60000,-60000
2016/04/29,0,0,0,0
2016/05/02,0,0,0,0
2016/05/03,0,0,-1000,-1000
2016/05/04,0,0,0,0
2016/05/05,0,0,0,0
2016/05/06,0,0,0,0
2016/05/09,0,25000,0,25000
2016/05/10,0,2135,0,2135
2016/05/11,0,0,0,0
2016/05/12,0,0,0,0
2016/05/13,0,0,0,0
2016/05/16,0,25000,0,25000
2016/05/17,0,0,0,0
2016/05/18,0,0,0,0
2016/05/19,0,0,0,0
2016/05/20,0,0,0,0
2016/05/23,0,0,0,0
2016/05/24,0,0,0,0
2016/05/25,0,0,0,0
2016/05/26,0,0,-1000,-1000
2016/05/27,0,0,0,0
2016/05/30,0,0,0,0
2016/05/31,0,29000,0,29000
2016/06/01,0,0,0,0
2016/06/02,0,21000,0,21000
2016/06/03,0,0,0,0
2016/06/06,0,0,0,0
2016/06/07,0,0,0,0
2016/06/08,0,0,0,0
2016/06/09,0,0,0,0
2016/06/10,0,0,0,0
2016/06/13,0,0,-50000,-50000
2016/06/14,0,0,0,0
2016/06/15,0,0,0,0
2016/06/16,0,0,-2000,-2000
2016/06/17,0,0,-5000,-5000
2016/06/20,0,0,-1000,-1000
2016/06/21,0,0,0,0
2016/06/22,0,0,0,0
2016/06/23,0,0,0,0
2016/06/24,0,10000,-9000,1000
2016/06/27,0,0,-11000,-11000
2016/06/28,0,0,0,0
2016/06/29,0,0,0,0
2016/06/30,0,0,0,0
2016/07/01,0,0,0,0
2016/07/04,0,0,0,0
2016/07/05,0,0,-5000,-5000
2016/07/06,0,0,-3000,-3000
2016/07/07,0,0,0,0
2016/07/08,0,0,0,0
2016/07/11,0,0,0,0
2016/07/12,0,0,0,0
2016/07/13,0,0,0,0
2016/07/14,0,0,0,0
2016/07/15,0,0,0,0
2016/07/18,0,0,0,0
2016/07/19,0,1000,0,1000
2016/07/20,0,3000,-6000,-3000
2016/07/21,0,0,-8000,-8000
2016/07/22,0,6000,-8000,-2000
2016/07/25,0,17000,0,17000
2016/07/26,0,6000,0,6000
2016/07/27,0,0,-2000,-2000
2016/07/28,0,0,0,0
2016/07/29,0,1565,-41000,-39435
2016/08/01,0,0,0,0
2016/08/02,0,0,-1000,-1000
2016/08/03,0,1000,-4000,-3000
2016/08/04,0,2000,0,2000
2016/08/05,0,0,-2000,-2000
2016/08/08,0,0,-3000,-3000
2016/08/09,0,0,0,0
2016/08/10,0,0,0,0
2016/08/11,0,0,-1000,-1000
2016/08/12,0,0,-2000,-2000
2016/08/15,0,0,0,0
2016/08/16,0,0,-4000,-4000
2016/08/17,0,0,0,0
2016/08/18,0,0,-2000,-2000
2016/08/19,0,0,-12000,-12000
2016/08/22,0,0,0,0
2016/08/23,0,0,-1000,-1000
2016/08/24,0,0,-3000,-3000
2016/08/25,0,8000,-1000,7000
2016/08/26,0,0,0,0
2016/08/29,0,0,0,0
2016/08/30,0,3000,-1000,2000
2016/08/31,0,0,0,0
2016/09/01,0,208000,0,208000
2016/09/02,0,0,0,0
2016/09/05,0,0,0,0
2016/09/06,0,0,0,0
2016/09/07,0,151000,0,151000
2016/09/08,0,0,-3000,-3000
2016/09/09,0,51000,0,51000
2016/09/12,0,100000,0,100000
2016/09/13,0,0,0,0
2016/09/14,0,1842000,0,1842000
2016/09/15,0,0,0,0
2016/09/16,0,0,0,0
2016/09/19,0,0,0,0
2016/09/20,0,0,0,0
2016/09/21,0,0,0,0
2016/09/22,0,0,0,0
2016/09/23,0,0,0,0
2016/09/26,0,235000,0,235000
2016/09/27,0,0,0,0
2016/09/28,0,0,0,0
2016/09/29,0,2200000,0,2200000
2016/09/30,0,10000,-194,9806
2016/10/03,0,0,0,0
2016/10/04,0,0,0,0
2016/10/05,0,90000,0,90000
2016/10/06,0,0,0,0
2016/10/07,0,302000,0,302000
2016/10/10,0,0,0,0
2016/10/11,0,0,0,0
2016/10/12,0,0,0,0
2016/10/13,0,0,0,0
2016/10/14,0,0,0,0
2016/10/17,0,0,0,0
2016/10/18,0,0,0,0
2016/10/19,0,79000,0,79000
2016/10/20,0,109000,-60000,49000
2016/10/21,0,273000,-60000,213000
2016/10/24,0,80000,0,80000
2016/10/25,0,0,-275000,-275000
2016/10/26,0,101000,0,101000
2016/10/27,0,1272000,0,1272000
2016/10/28,0,300000,0,300000
2016/10/31,0,121000,0,121000
2016/11/01,0,200000,0,200000
2016/11/02,0,0,-393,-393
2016/11/03,0,0,0,0
2016/11/04,0,450,0,450
2016/11/07,0,0,0,0
2016/11/08,0,500000,0,500000
2016/11/09,0,0,-302000,-302000
2016/11/10,0,0,0,0
2016/11/11,0,0,0,0
2016/11/14,0,300000,0,300000
2016/11/15,0,132000,0,132000
2016/11/16,0,132000,-213,131787
2016/11/17,0,300000,0,300000
2016/11/18,0,0,0,0
2016/11/21,0,860000,0,860000
2016/11/22,0,1012000,0,1012000
2016/11/23,0,763000,0,763000
2016/11/24,0,2974000,0,2974000
2016/11/25,0,58000,0,58000
2016/11/28,0,792000,0,792000
2016/11/29,0,198600,-9000,189600
2016/11/30,0,0,0,0
2016/12/01,0,495000,0,495000
2016/12/02,0,236000,0,236000
2016/12/05,0,69000,0,69000
2016/12/06,0,282000,0,282000
2016/12/07,0,73000,0,73000
2016/12/08,0,32000,0,32000
2016/12/09,0,349000,0,349000
2016/12/12,0,603000,0,603000
2016/12/13,0,520000,0,520000
2016/12/14,0,301000,0,301000
2016/12/15,0,112000,0,112000
2016/12/16,0,485000,-300,484700
2016/12/19,0,48000,0,48000
2016/12/20,0,9000,0,9000
2016/12/21,0,50000,-272000,-222000
2016/12/22,0,759000,0,759000
2016/12/23,0,112000,0,112000
2016/12/26,0,150000,-877000,-727000
2016/12/27,0,0,-368000,-368000
2016/12/28,0,209000,0,209000
2016/12/29,0,0,-370000,-370000
2016/12/30,0,0,-157000,-157000
2017/01/02,0,0,0,0
2017/01/03,0,30000,-230000,-200000
2017/01/04,0,41000,-132000,-91000
2017/01/05,0,2000,0,2000
2017/01/06,0,265000,-3000,262000
2017/01/09,0,0,0,0
2017/01/10,0,100000,-350000,-250000
2017/01/11,0,0,-444000,-444000
2017/01/12,0,0,-1110000,-1110000
2017/01/13,0,0,-30000,-30000
2017/01/16,0,0,-30000,-30000
2017/01/17,0,0,-30000,-30000
2017/01/18,0,106000,-100000,6000
2017/01/19,0,361000,0,361000
2017/01/20,0,100000,0,100000
2017/01/23,0,754,0,754
2017/01/24,0,0,0,0
2017/01/25,0,0,0,0
2017/01/26,0,0,0,0
2017/01/27,0,0,0,0
2017/01/30,0,0,0,0
2017/01/31,0,0,0,0
2017/02/01,0,0,0,0
2017/02/02,0,40000,-2285000,-2245000
2017/02/03,0,6000,-619000,-613000
2017/02/06,0,0,-876000,-876000
2017/02/07,0,0,-59000,-59000
2017/02/08,0,0,-1334000,-1334000
2017/02/09,0,1000,-143000,-142000
2017/02/10,0,0,-538000,-538000
2017/02/13,0,0,-235000,-235000
2017/02/14,0,0,-1215000,-1215000
2017/02/15,0,0,-1286000,-1286000
2017/02/16,0,0,-100000,-100000
2017/02/17,0,0,0,0
2017/02/20,0,0,-150000,-150000
2017/02/21,0,461000,0,461000
2017/02/22,0,214000,0,214000
2017/02/23,0,0,0,0
2017/02/24,0,0,0,0
2017/02/27,0,0,0,0
2017/02/28,0,0,0,0
2017/03/01,0,0,-200000,-200000
2017/03/02,0,0,0,0
2017/03/03,0,1000,-2000,-1000
2017/03/06,0,350000,0,350000
2017/03/07,0,144000,-282000,-138000
2017/03/08,0,0,0,0
2017/03/09,0,34000,0,34000
2017/03/10,0,100000,-300000,-200000
2017/03/13,0,110000,0,110000
2017/03/14,0,23000,-202000,-179000
2017/03/15,0,35000,0,35000
2017/03/16,0,85000,0,85000
2017/03/17,0,231000,0,231000
2017/03/20,0,525000,-22000,503000
2017/03/21,0,77000,-20000,57000
2017/03/22,0,75000,0,75000
2017/03/23,0,267000,-700000,-433000
2017/03/24,0,223000,0,223000
2017/03/27,0,84000,0,84000
2017/03/28,0,246000,0,246000
2017/03/29,0,0,0,0
2017/03/30,0,58000,0,58000
2017/03/31,0,120000,0,120000
2017/04/03,0,0,0,0
2017/04/04,0,0,0,0
2017/04/05,0,0,-250000,-250000
2017/04/06,0,0,0,0
2017/04/07,0,1000,0,1000
2017/04/10,0,0,0,0
2017/04/11,0,0,-600000,-600000
2017/04/12,0,0,-681000,-681000
2017/04/13,0,0,0,0
2017/04/14,0,34000,-474000,-440000
2017/04/17,0,200000,0,200000
2017/04/18,0,100000,0,100000
2017/04/19,0,60000,-200000,-140000
2017/04/20,0,1000,-400000,-399000
2017/04/21,0,0,0,0
2017/04/24,0,0,-118000,-118000
2017/04/25,0,22,0,22
2017/04/26,0,637000,0,637000
2017/04/27,0,1668000,0,1668000
2017/04/28,0,30000,-526000,-496000
2017/05/01,0,0,0,0
2017/05/02,0,235000,-1000,234000
2017/05/03,0,221000,0,221000
2017/05/04,0,80000,0,80000
2017/05/05,0,0,0,0
2017/05/08,0,10000,0,10000
2017/05/09,0,235000,-168000,67000
2017/05/10,0,322000,0,322000
2017/05/11,0,0,0,0
2017/05/12,0,0,-95000,-95000
2017/05/15,0,587000,0,587000
2017/05/16,0,377000,-394000,-17000
2017/05/17,0,0,-100000,-100000
2017/05/18,0,0,-243000,-243000
2017/05/19,0,0,0,0
2017/05/22,0,0,-40000,-40000
2017/05/23,0,0,0,0
2017/05/24,0,0,0,0
2017/05/25,0,120000,-3000,117000
2017/05/26,0,0,-65000,-65000
2017/05/29,0,0,0,0
2017/05/30,0,0,0,0
2017/05/31,0,0,-38000,-38000
2017/06/01,0,30000,0,30000
2017/06/02,0,0,-10000,-10000
2017/06/05,0,163000,-3000,160000
2017/06/06,0,156000,-36000,120000
2017/06/07,0,0,-585000,-585000
2017/06/08,0,0,0,0
2017/06/09,0,350000,-109000,241000
2017/06/12,0,157000,-108000,49000
2017/06/13,0,0,-40000,-40000
2017/06/14,0,0,-129000,-129000
2017/06/15,0,0,-46000,-46000
2017/06/16,0,0,-49000,-49000
2017/06/19,0,1000,-7000,-6000
2017/06/20,0,0,-137000,-137000
2017/06/21,0,0,0,0
2017/06/22,0,0,-129000,-129000
2017/06/23,0,0,-52000,-52000
2017/06/26,0,0,-4000,-4000
2017/06/27,0,151000,-3000,148000
2017/06/28,0,0,0,0
2017/06/29,0,0,-31000,-31000
2017/06/30,0,4000,0,4000
2017/07/03,0,0,-3000,-3000
2017/07/04,0,0,-703000,-703000
2017/07/05,0,150000,0,150000
2017/07/06,0,80000,-271000,-191000
2017/07/07,0,0,0,0
2017/07/10,0,0,-2000,-2000
2017/07/11,0,78000,0,78000
2017/07/12,0,2086000,-99000,1987000
2017/07/13,0,50000,-106000,-56000
2017/07/14,0,555000,-29000,526000
2017/07/17,0,1851069,0,1851069
2017/07/18,0,1298000,0,1298000
2017/07/19,0,890000,0,890000
2017/07/20,0,64500,-150000,-85500
2017/07/21,0,544000,0,544000
2017/07/24,0,114000,0,114000
2017/07/25,0,92000,0,92000
2017/07/26,0,0,-1201000,-1201000
2017/07/27,0,0,-250000,-250000
2017/07/28,0,0,0,0
2017/07/31,0,1000,0,1000
2017/08/01,0,1000,-261000,-260000
2017/08/02,0,1000,-65000,-64000
2017/08/03,0,1000,0,1000
2017/08/04,0,7000,0,7000
2017/08/07,0,2000,-326000,-324000
2017/08/08,0,2000,-3000,-1000
2017/08/09,0,2000,0,2000
2017/08/10,0,1000,-648000,-647000
2017/08/11,0,0,-376000,-376000
2017/08/14,0,0,0,0
2017/08/15,0,2000,-1000,1000
2017/08/16,0,1000,0,1000
2017/08/17,0,0,0,0
2017/08/18,0,0,0,0
