Date,Open,Buy,Sell,Total
2007/04/23,0,81000,-1112000,-1031000
2007/04/24,0,79000,-661000,-582000
2007/04/25,0,446000,-1518000,-1072000
2007/04/26,0,107000,-6144000,-6037000
2007/04/27,0,132000,-144000,-12000
2007/04/30,0,40000,-335000,-295000
2007/05/01,0,0,0,0
2007/05/02,0,200000,-713000,-513000
2007/05/03,0,50000,-967000,-917000
2007/05/04,0,3774000,-125945,3648055
2007/05/07,0,116000,-948000,-832000
2007/05/08,0,141000,-286000,-145000
2007/05/09,0,46000,-661000,-615000
2007/05/10,0,212000,-219000,-7000
2007/05/11,0,44000,-1312000,-1268000
2007/05/14,0,70000,-2584000,-2514000
2007/05/15,0,13000,-109000,-96000
2007/05/16,0,11000,-530000,-519000
2007/05/17,0,129000,-263000,-134000
2007/05/18,0,14000,-377000,-363000
2007/05/21,0,42000,-152000,-110000
2007/05/22,0,687000,-106000,581000
2007/05/23,0,5000,-505000,-500000
2007/05/24,0,46000,-439000,-393000
2007/05/25,0,155000,-778000,-623000
2007/05/28,0,9000,-232000,-223000
2007/05/29,0,100000,-1916000,-1816000
2007/05/30,0,89000,-115298,-26298
2007/05/31,0,1126000,-606000,520000
2007/06/01,0,2010000,-501000,1509000
2007/06/04,0,0,-1521764,-1521764
2007/06/05,0,50000,-331000,-281000
2007/06/06,0,15000,-241000,-226000
2007/06/07,0,65000,-158000,-93000
2007/06/08,0,437000,-436000,1000
2007/06/11,0,24000,-363000,-339000
2007/06/12,0,21000,-154000,-133000
2007/06/13,0,87000,-134000,-47000
2007/06/14,0,61000,-193000,-132000
2007/06/15,0,557000,-32000,525000
2007/06/18,0,0,0,0
2007/06/19,0,0,0,0
2007/06/20,0,180000,-810000,-630000
2007/06/21,0,3938043,-493000,3445043
2007/06/22,0,4158000,-925000,3233000
2007/06/25,0,310000,-297000,13000
2007/06/26,0,108000,-2032000,-1924000
2007/06/27,0,59000,-553000,-494000
2007/06/28,0,119000,-497000,-378000
2007/06/29,0,491000,-3033874,-2542874
2007/07/02,0,15000,-606000,-591000
2007/07/03,0,2379000,-554000,1825000
2007/07/04,0,3132000,-1346000,1786000
2007/07/05,0,2164000,-376000,1788000
2007/07/06,0,448000,-555000,-107000
2007/07/09,0,6957000,-265000,6692000
2007/07/10,0,3363000,-2079886,1283114
2007/07/11,0,2899000,-436064,2462936
2007/07/12,0,1502000,-3987000,-2485000
2007/07/13,0,390000,-591741,-201741
2007/07/16,0,213000,-5324000,-5111000
2007/07/17,0,434000,-1845000,-1411000
2007/07/18,0,274305,-595000,-320695
2007/07/19,0,803000,-524066,278934
2007/07/20,0,938000,-516540,421460
2007/07/23,0,129000,-1240000,-1111000
2007/07/24,0,660000,-2968000,-2308000
2007/07/25,0,413000,-329000,84000
2007/07/26,0,121000,-2447000,-2326000
2007/07/27,0,121000,-1399000,-1278000
2007/07/30,0,83000,-3058000,-2975000
2007/07/31,0,265034,-195000,70034
2007/08/01,0,864000,-794000,70000
2007/08/02,0,130000,-533920,-403920
2007/08/03,0,1329000,-304000,1025000
2007/08/06,0,200000,-23000,177000
2007/08/07,0,755000,-422000,333000
2007/08/08,0,128000,-429000,-301000
2007/08/09,0,17000,-306172,-289172
2007/08/10,0,20000,-1348000,-1328000
2007/08/13,0,9000,-827000,-818000
2007/08/14,0,30000,-572000,-542000
2007/08/15,0,45000,-2240000,-2195000
2007/08/16,0,118000,-941000,-823000
2007/08/17,0,103000,-893000,-790000
2007/08/20,0,1331000,-55000,1276000
2007/08/21,0,77000,-181000,-104000
2007/08/22,0,200000,-437000,-237000
2007/08/23,0,845000,-1297000,-452000
2007/08/24,0,694000,-1560000,-866000
2007/08/27,0,5092,-1472917,-1467825
2007/08/28,0,0,-169856,-169856
2007/08/29,0,418000,-31000,387000
2007/08/30,0,105000,-354396,-249396
2007/08/31,0,51000,-494856,-443856
2007/09/03,0,40000,-2448393,-2408393
2007/09/04,0,108000,-828000,-720000
2007/09/05,0,98000,-489036,-391036
2007/09/06,0,30000,-155000,-125000
2007/09/07,0,403000,-817493,-414493
2007/09/10,0,5000,-277000,-272000
2007/09/11,0,42000,-431000,-389000
2007/09/12,0,25000,-275000,-250000
2007/09/13,0,14000,-312000,-298000
2007/09/14,0,72000,-255000,-183000
2007/09/17,0,6000,-148000,-142000
2007/09/18,0,0,0,0
2007/09/19,0,50000,-3689000,-3639000
2007/09/20,0,107000,-476000,-369000
2007/09/21,0,302000,-5999000,-5697000
2007/09/24,0,0,0,0
2007/09/25,0,0,0,0
2007/09/26,0,234000,-400000,-166000
2007/09/27,0,1529000,-1254205,274795
2007/09/28,0,235000,-1810000,-1575000
2007/10/01,0,0,-712000,-712000
2007/10/02,0,762000,-320000,442000
2007/10/03,0,2106000,-712000,1394000
2007/10/04,0,45000,-695000,-650000
2007/10/05,0,11000,-177000,-166000
2007/10/08,0,45000,-302000,-257000
2007/10/09,0,265000,-281000,-16000
2007/10/10,0,0,0,0
2007/10/11,0,196000,-100000,96000
2007/10/12,0,30000,-192000,-162000
2007/10/15,0,113000,-348995,-235995
2007/10/16,0,2194000,-492000,1702000
2007/10/17,0,83000,-30000,53000
2007/10/18,0,1297000,-56000,1241000
2007/10/19,0,578000,-119000,459000
2007/10/22,0,155000,-260000,-105000
2007/10/23,0,130000,-111000,19000
2007/10/24,0,148000,-2664000,-2516000
2007/10/25,0,159000,-22000,137000
2007/10/26,0,231000,-2036000,-1805000
2007/10/29,0,132000,-91514,40486
2007/10/30,0,54000,-781401,-727401
2007/10/31,0,128000,-264000,-136000
2007/11/01,0,141000,-1257569,-1116569
2007/11/02,0,167000,-1080000,-913000
2007/11/05,0,101000,-2000,99000
2007/11/06,0,18000,-913000,-895000
2007/11/07,0,6000,-141000,-135000
2007/11/08,0,2155000,-4245000,-2090000
2007/11/09,0,107000,-12974000,-12867000
2007/11/12,0,1207000,-1489000,-282000
2007/11/13,0,212000,-575000,-363000
2007/11/14,0,0,-61000,-61000
2007/11/15,0,12000,-132000,-120000
2007/11/16,0,29000,-829000,-800000
2007/11/19,0,73000,-34000,39000
2007/11/20,0,110000,-143000,-33000
2007/11/21,0,102000,-138000,-36000
2007/11/22,0,127000,-202000,-75000
2007/11/23,0,181000,-32000,149000
2007/11/26,0,213000,-96000,117000
2007/11/27,0,359000,-240401,118599
2007/11/28,0,28000,-1279000,-1251000
2007/11/29,0,665000,-1261000,-596000
2007/11/30,0,465000,-591488,-126488
2007/12/03,0,48000,-204000,-156000
2007/12/04,0,86000,0,86000
2007/12/05,0,2037000,-435000,1602000
2007/12/06,0,650000,-349000,301000
2007/12/07,0,1122000,-244000,878000
2007/12/10,0,71000,-62000,9000
2007/12/11,0,86000,-37000,49000
2007/12/12,0,365000,-434000,-69000
2007/12/13,0,201000,-339000,-138000
2007/12/14,0,180000,-355000,-175000
2007/12/17,0,433000,-700000,-267000
2007/12/18,0,1126000,-394000,732000
2007/12/19,0,818000,-673000,145000
2007/12/20,0,352000,-111192,240808
2007/12/21,0,189000,-405000,-216000
2007/12/24,0,928000,-331000,597000
2007/12/25,0,43000,-292000,-249000
2007/12/26,0,443000,-163000,280000
2007/12/27,0,168000,-503718,-335718
2007/12/28,0,614000,-1248000,-634000
2007/12/31,0,411000,-1325000,-914000
2008/01/01,0,0,0,0
2008/01/02,0,1710000,-178000,1532000
2008/01/03,0,2483000,-198000,2285000
2008/01/04,0,1010000,-12000,998000
2008/01/07,0,1535000,-970000,565000
2008/01/08,0,16000,-221000,-205000
2008/01/09,0,398000,-410000,-12000
2008/01/10,0,1209000,-463000,746000
2008/01/11,0,167000,-101000,66000
2008/01/14,0,175000,-417000,-242000
2008/01/15,0,924000,-528029,395971
2008/01/16,0,162000,-99000,63000
2008/01/17,0,653000,-223000,430000
2008/01/18,0,1375000,-246000,1129000
2008/01/21,0,390000,-689000,-299000
2008/01/22,0,576000,-993000,-417000
2008/01/23,0,856000,-426000,430000
2008/01/24,0,1301000,-715000,586000
2008/01/25,0,251000,-323794,-72794
2008/01/28,0,206000,-457000,-251000
2008/01/29,0,165000,-1378000,-1213000
2008/01/30,0,141000,-195000,-54000
2008/01/31,0,110000,-46000,64000
2008/02/01,0,76000,-7000,69000
2008/02/04,0,0,0,0
2008/02/05,0,0,0,0
2008/02/06,0,0,0,0
2008/02/07,0,0,0,0
2008/02/08,0,0,0,0
2008/02/11,0,0,0,0
2008/02/12,0,39000,-1544000,-1505000
2008/02/13,0,51000,-433000,-382000
2008/02/14,0,2049000,-63000,1986000
2008/02/15,0,127000,-51421,75579
2008/02/18,0,65000,-118000,-53000
2008/02/19,0,53000,-121000,-68000
2008/02/20,0,88000,-428000,-340000
2008/02/21,0,211000,-3033000,-2822000
2008/02/22,0,116000,-881000,-765000
2008/02/25,0,115000,-91730,23270
2008/02/26,0,230000,-332438,-102438
2008/02/27,0,228000,-492292,-264292
2008/02/28,0,0,0,0
2008/02/29,0,363000,-54000,309000
2008/03/03,0,373000,-29719,343281
2008/03/04,0,71000,-695000,-624000
2008/03/05,0,121000,-120000,1000
2008/03/06,0,350000,-181370,168630
2008/03/07,0,144000,-232000,-88000
2008/03/10,0,225000,-134000,91000
2008/03/11,0,261000,-44000,217000
2008/03/12,0,355000,-81514,273486
2008/03/13,0,194000,-174000,20000
2008/03/14,0,278000,-414000,-136000
2008/03/17,0,710000,-851000,-141000
2008/03/18,0,426000,-125054,300946
2008/03/19,0,197000,-31000,166000
2008/03/20,0,622000,-37000,585000
2008/03/21,0,165000,-28000,137000
2008/03/24,0,483000,-1907000,-1424000
2008/03/25,0,222000,-714000,-492000
2008/03/26,0,58000,-300000,-242000
2008/03/27,0,94000,-80000,14000
2008/03/28,0,445000,-103746,341254
2008/03/31,0,239000,-338000,-99000
2008/04/01,0,1220000,-889000,331000
2008/04/02,0,858000,-696000,162000
2008/04/03,0,5344000,-783522,4560478
2008/04/04,0,0,0,0
2008/04/07,0,183000,-1031000,-848000
2008/04/08,0,40000,-530000,-490000
2008/04/09,0,141000,-270000,-129000
2008/04/10,0,1764000,-1331000,433000
2008/04/11,0,146000,-793000,-647000
2008/04/14,0,52000,-2499523,-2447523
2008/04/15,0,494000,-137000,357000
2008/04/16,0,65000,-603000,-538000
2008/04/17,0,2209000,-1468000,741000
2008/04/18,0,82000,-789000,-707000
2008/04/21,0,184000,-415000,-231000
2008/04/22,0,800000,-395000,405000
2008/04/23,0,818000,-1292000,-474000
2008/04/24,0,188000,-1256000,-1068000
2008/04/25,0,2498000,-6590000,-4092000
2008/04/28,0,589000,-1626000,-1037000
2008/04/29,0,324000,-665000,-341000
2008/04/30,0,227000,-782000,-555000
2008/05/01,0,0,0,0
2008/05/02,0,1091000,-947000,144000
2008/05/05,0,161000,-587000,-426000
2008/05/06,0,678000,-358000,320000
2008/05/07,0,584000,-830000,-246000
2008/05/08,0,728000,-320000,408000
2008/05/09,0,88000,-733000,-645000
2008/05/12,0,489000,-136000,353000
2008/05/13,0,166000,-317132,-151132
2008/05/14,0,98000,-2926000,-2828000
2008/05/15,0,344000,-360000,-16000
2008/05/16,0,445000,-731000,-286000
2008/05/19,0,70000,-266000,-196000
2008/05/20,0,3739000,-2025000,1714000
2008/05/21,0,520000,-686000,-166000
2008/05/22,0,964000,-1083000,-119000
2008/05/23,0,103000,-2197000,-2094000
2008/05/26,0,204000,-618000,-414000
2008/05/27,0,29000,-700000,-671000
2008/05/28,0,5000,-1405000,-1400000
2008/05/29,0,104000,-135000,-31000
2008/05/30,0,340000,-157000,183000
2008/06/02,0,69000,-239000,-170000
2008/06/03,0,111000,-164567,-53567
2008/06/04,0,215000,-1739000,-1524000
2008/06/05,0,336000,-25000,311000
2008/06/06,0,70000,-118000,-48000
2008/06/09,0,15000,-1163000,-1148000
2008/06/10,0,72000,-354000,-282000
2008/06/11,0,312000,-104000,208000
2008/06/12,0,779000,-729000,50000
2008/06/13,0,468000,-1127000,-659000
2008/06/16,0,128000,-21000,107000
2008/06/17,0,111000,-19647,91353
2008/06/18,0,95000,-674782,-579782
2008/06/19,0,1439000,-2275000,-836000
2008/06/20,0,565000,-93000,472000
2008/06/23,0,709000,-142000,567000
2008/06/24,0,967000,-657000,310000
2008/06/25,0,691000,-2644000,-1953000
2008/06/26,0,110000,-436000,-326000
2008/06/27,0,389000,-190000,199000
2008/06/30,0,729000,-3000,726000
2008/07/01,0,93000,-53000,40000
2008/07/02,0,643000,-9168,633832
2008/07/03,0,829000,-9022000,-8193000
2008/07/04,0,393000,-112000,281000
2008/07/07,0,23000,-10000,13000
2008/07/08,0,714000,-385000,329000
2008/07/09,0,428000,-491000,-63000
2008/07/10,0,224000,-642000,-418000
2008/07/11,0,136000,-789000,-653000
2008/07/14,0,42000,-453000,-411000
2008/07/15,0,1226000,-207000,1019000
2008/07/16,0,1413000,-2523000,-1110000
2008/07/17,0,143000,-344000,-201000
2008/07/18,0,1736000,-1869000,-133000
2008/07/21,0,1231000,-2428,1228572
2008/07/22,0,2450000,-601000,1849000
2008/07/23,0,1183000,-14000,1169000
2008/07/24,0,445000,-1000,444000
2008/07/25,0,148000,0,148000
2008/07/28,0,0,0,0
2008/07/29,0,672000,-68000,604000
2008/07/30,0,118000,-602000,-484000
2008/07/31,0,1010000,-1767000,-757000
2008/08/01,0,114000,-2332000,-2218000
2008/08/04,0,191000,-456000,-265000
2008/08/05,0,304000,-48000,256000
2008/08/06,0,960000,-302000,658000
2008/08/07,0,91000,-4104000,-4013000
2008/08/08,0,618000,-565000,53000
2008/08/11,0,36000,-223000,-187000
2008/08/12,0,1158000,-922000,236000
2008/08/13,0,145000,-2090000,-1945000
2008/08/14,0,26000,-192000,-166000
2008/08/15,0,21000,-1272000,-1251000
2008/08/18,0,22000,-204000,-182000
2008/08/19,0,17000,-31000,-14000
2008/08/20,0,192000,-96000,96000
2008/08/21,0,75000,-121000,-46000
2008/08/22,0,280000,-1153510,-873510
2008/08/25,0,62000,-50000,12000
2008/08/26,0,40000,-752000,-712000
2008/08/27,0,113000,-407000,-294000
2008/08/28,0,88000,-75000,13000
2008/08/29,0,97000,0,97000
2008/09/01,0,226000,-1627000,-1401000
2008/09/02,0,2130000,-2005000,125000
2008/09/03,0,903000,-4890000,-3987000
2008/09/04,0,64000,-2824000,-2760000
2008/09/05,0,238000,-1240000,-1002000
2008/09/08,0,41000,-1951000,-1910000
2008/09/09,0,569000,-7000,562000
2008/09/10,0,130000,-716000,-586000
2008/09/11,0,201000,-540000,-339000
2008/09/12,0,256000,-1886000,-1630000
2008/09/15,0,667000,-99000,568000
2008/09/16,0,144000,0,144000
2008/09/17,0,144000,-137000,7000
2008/09/18,0,208000,0,208000
2008/09/19,0,138000,-75000,63000
2008/09/22,0,44000,-1453000,-1409000
2008/09/23,0,11000,-259000,-248000
2008/09/24,0,166000,-1026000,-860000
2008/09/25,0,30000,-3828000,-3798000
2008/09/26,0,117000,-510000,-393000
2008/09/29,0,0,0,0
2008/09/30,0,16000,-16000,0
2008/10/01,0,98000,-244000,-146000
2008/10/02,0,153000,-1946000,-1793000
2008/10/03,0,267000,-1208000,-941000
2008/10/06,0,70000,-45871,24129
2008/10/07,0,223000,-68000,155000
2008/10/08,0,183000,-320000,-137000
2008/10/09,0,300000,-217000,83000
2008/10/10,0,0,0,0
2008/10/13,0,293000,-10000,283000
2008/10/14,0,40000,0,40000
2008/10/15,0,88000,-307000,-219000
2008/10/16,0,0,0,0
2008/10/17,0,111000,-87000,24000
2008/10/20,0,176000,-63080,112920
2008/10/21,0,307000,-140000,167000
2008/10/22,0,2000,-23000,-21000
2008/10/23,0,0,-387,-387
2008/10/24,0,0,0,0
2008/10/27,0,10000,0,10000
2008/10/28,0,160000,0,160000
2008/10/29,0,325000,-96000,229000
2008/10/30,0,128000,-126000,2000
2008/10/31,0,229000,-27000,202000
2008/11/03,0,193000,-83000,110000
2008/11/04,0,1000,-18000,-17000
2008/11/05,0,45000,-117000,-72000
2008/11/06,0,92000,0,92000
2008/11/07,0,173000,-474313,-301313
2008/11/10,0,65000,-443000,-378000
2008/11/11,0,73000,-195235,-122235
2008/11/12,0,145000,-705000,-560000
2008/11/13,0,162071,-702000,-539929
2008/11/14,0,106000,-550000,-444000
2008/11/17,0,41000,-493133,-452133
2008/11/18,0,152000,-1046000,-894000
2008/11/19,0,185000,-1510000,-1325000
2008/11/20,0,206000,-1004394,-798394
2008/11/21,0,305000,-1067139,-762139
2008/11/24,0,225000,-500000,-275000
2008/11/25,0,304000,-8000,296000
2008/11/26,0,173000,-700000,-527000
2008/11/27,0,224000,-1300000,-1076000
2008/11/28,0,192000,-1188000,-996000
2008/12/01,0,91000,-998000,-907000
2008/12/02,0,0,-162000,-162000
2008/12/03,0,10000,-111000,-101000
2008/12/04,0,49000,-980605,-931605
2008/12/05,0,29000,-650000,-621000
2008/12/08,0,258000,-511000,-253000
2008/12/09,0,312000,-591000,-279000
2008/12/10,0,59000,-840000,-781000
2008/12/11,0,152000,-27000,125000
2008/12/12,0,14000,-432000,-418000
2008/12/15,0,208000,-91000,117000
2008/12/16,0,5000,-181000,-176000
2008/12/17,0,2003000,-310000,1693000
2008/12/18,0,50000,-25000,25000
2008/12/19,0,0,-38000,-38000
2008/12/22,0,112000,-880000,-768000
2008/12/23,0,2000,-200000,-198000
2008/12/24,0,77000,-938000,-861000
2008/12/25,0,69000,-56000,13000
2008/12/26,0,89000,-52000,37000
2008/12/29,0,61000,-27000,34000
2008/12/30,0,239000,-28000,211000
2008/12/31,0,3000,-14000,-11000
2009/01/01,0,0,0,0
2009/01/02,0,0,0,0
2009/01/05,0,307000,-7502,299498
2009/01/06,0,95000,-11000,84000
2009/01/07,0,40000,-39000,1000
2009/01/08,0,94000,-51000,43000
2009/01/09,0,97000,-28000,69000
2009/01/12,0,98000,-53000,45000
2009/01/13,0,50000,-85000,-35000
2009/01/14,0,16000,-143789,-127789
2009/01/15,0,56000,-29000,27000
2009/01/16,0,213000,-9000,204000
2009/01/19,0,181000,-18150,162850
2009/01/20,0,353000,-412000,-59000
2009/01/21,0,280000,-66000,214000
2009/01/22,0,0,0,0
2009/01/23,0,0,0,0
2009/01/26,0,0,0,0
2009/01/27,0,0,0,0
2009/01/28,0,0,0,0
2009/01/29,0,0,0,0
2009/01/30,0,0,0,0
2009/02/02,0,237000,-49866,187134
2009/02/03,0,14000,-142000,-128000
2009/02/04,0,150000,-25000,125000
2009/02/05,0,80000,-13000,67000
2009/02/06,0,220000,-34000,186000
2009/02/09,0,1000,-453000,-452000
2009/02/10,0,24000,-183000,-159000
2009/02/11,0,376000,-155118,220882
2009/02/12,0,10000,-539311,-529311
2009/02/13,0,189000,-110000,79000
2009/02/16,0,0,-57000,-57000
2009/02/17,0,36000,-235000,-199000
2009/02/18,0,52000,-140000,-88000
2009/02/19,0,82000,-125000,-43000
2009/02/20,0,510000,-39000,471000
2009/02/23,0,125000,-473000,-348000
2009/02/24,0,97000,-68138,28862
2009/02/25,0,172000,-18000,154000
2009/02/26,0,368000,-6000,362000
2009/02/27,0,93000,0,93000
2009/03/02,0,215000,-154000,61000
2009/03/03,0,115000,-12000,103000
2009/03/04,0,157000,-134000,23000
2009/03/05,0,115000,-94000,21000
2009/03/06,0,90000,-6000,84000
2009/03/09,0,122000,-58000,64000
2009/03/10,0,88000,-66000,22000
2009/03/11,0,62000,-238000,-176000
2009/03/12,0,16000,-13000,3000
2009/03/13,0,280000,-3000,277000
2009/03/16,0,4000,-297000,-293000
2009/03/17,0,219000,-179000,40000
2009/03/18,0,117000,-12000,105000
2009/03/19,0,249000,-112000,137000
2009/03/20,0,207000,-208000,-1000
2009/03/23,0,190000,0,190000
2009/03/24,0,45000,-463000,-418000
2009/03/25,0,138000,-81514,56486
2009/03/26,0,0,-86000,-86000
2009/03/27,0,0,-966000,-966000
2009/03/30,0,157000,-823000,-666000
2009/03/31,0,97000,-63000,34000
2009/04/01,0,42000,-263000,-221000
2009/04/02,0,377000,-22000,355000
2009/04/03,0,98000,-314000,-216000
2009/04/06,0,203000,-65000,138000
2009/04/07,0,1420000,-118000,1302000
2009/04/08,0,598000,-1202000,-604000
2009/04/09,0,694000,-4000,690000
2009/04/10,0,424000,-1596000,-1172000
2009/04/13,0,48000,-942000,-894000
2009/04/14,0,700000,-740000,-40000
2009/04/15,0,0,-379000,-379000
2009/04/16,0,3450000,-1864000,1586000
2009/04/17,0,326000,-3808000,-3482000
2009/04/20,0,424000,-255000,169000
2009/04/21,0,189000,-101000,88000
2009/04/22,0,30000,-343000,-313000
2009/04/23,0,499000,-155000,344000
2009/04/24,0,75000,-18000,57000
2009/04/27,0,63000,-60000,3000
2009/04/28,0,257000,-174000,83000
2009/04/29,0,216000,-195000,21000
2009/04/30,0,66000,0,66000
2009/05/01,0,0,0,0
2009/05/04,0,35000,-153000,-118000
2009/05/05,0,72000,0,72000
2009/05/06,0,30000,0,30000
2009/05/07,0,400000,-220000,180000
2009/05/08,0,20000,-18039,1961
2009/05/11,0,0,-48000,-48000
2009/05/12,0,8000,-18742,-10742
2009/05/13,0,0,-52000,-52000
2009/05/14,0,0,0,0
2009/05/15,0,0,-17000,-17000
2009/05/18,0,0,-40000,-40000
2009/05/19,0,0,-1000,-1000
2009/05/20,0,0,0,0
2009/05/21,0,0,-15000,-15000
2009/05/22,0,0,-4000,-4000
2009/05/25,0,0,0,0
2009/05/26,0,0,0,0
2009/05/27,0,42000,-4000,38000
2009/05/28,0,0,0,0
2009/05/29,0,0,0,0
2009/06/01,0,0,-66000,-66000
2009/06/02,0,0,-9000,-9000
2009/06/03,0,0,0,0
2009/06/04,0,0,-10000,-10000
2009/06/05,0,0,0,0
2009/06/08,0,0,0,0
2009/06/09,0,0,0,0
2009/06/10,0,54000,0,54000
2009/06/11,0,0,-54000,-54000
2009/06/12,0,0,0,0
2009/06/15,0,0,0,0
2009/06/16,0,0,-6000,-6000
2009/06/17,0,0,-499,-499
2009/06/18,0,0,0,0
2009/06/19,0,0,0,0
2009/06/22,0,0,0,0
2009/06/23,0,0,0,0
2009/06/24,0,0,0,0
2009/06/25,0,0,0,0
2009/06/26,0,0,0,0
2009/06/29,0,0,0,0
2009/06/30,0,0,0,0
2009/07/01,0,0,0,0
2009/07/02,0,0,0,0
2009/07/03,0,0,0,0
2009/07/06,0,0,0,0
2009/07/07,0,5000,0,5000
2009/07/08,0,0,0,0
2009/07/09,0,18000,0,18000
2009/07/10,0,0,-3000,-3000
2009/07/13,0,0,-4000,-4000
2009/07/14,0,12000,0,12000
2009/07/15,0,0,-3000,-3000
2009/07/16,0,2000,-3000,-1000
2009/07/17,0,9000,0,9000
2009/07/20,0,16000,-4000,12000
2009/07/21,0,300000,-10000,290000
2009/07/22,0,24000,0,24000
2009/07/23,0,28000,0,28000
2009/07/24,0,4000,-28000,-24000
2009/07/27,0,95000,0,95000
2009/07/28,0,0,0,0
2009/07/29,0,0,-300000,-300000
2009/07/30,0,0,-54000,-54000
2009/07/31,0,0,-3000,-3000
2009/08/03,0,0,-48000,-48000
2009/08/04,0,23000,-50000,-27000
2009/08/05,0,0,0,0
2009/08/06,0,0,0,0
2009/08/07,0,0,0,0
2009/08/10,0,0,0,0
2009/08/11,0,0,0,0
2009/08/12,0,0,-3000,-3000
2009/08/13,0,0,0,0
2009/08/14,0,0,0,0
2009/08/17,0,0,0,0
2009/08/18,0,0,0,0
2009/08/19,0,0,0,0
2009/08/20,0,0,0,0
2009/08/21,0,0,0,0
2009/08/24,0,0,0,0
2009/08/25,0,0,0,0
2009/08/26,0,0,0,0
2009/08/27,0,0,0,0
2009/08/28,0,0,0,0
2009/08/31,0,0,0,0
2009/09/01,0,0,0,0
2009/09/02,0,0,0,0
2009/09/03,0,0,0,0
2009/09/04,0,0,0,0
2009/09/07,0,0,0,0
2009/09/08,0,46000,-14,45986
2009/09/09,0,0,-46000,-46000
2009/09/10,0,100000,-100000,0
2009/09/11,0,0,0,0
2009/09/14,0,0,0,0
2009/09/15,0,100000,-100000,0
2009/09/16,0,100000,-2000,98000
2009/09/17,0,0,0,0
2009/09/18,0,1000,-100000,-99000
2009/09/21,0,3000,0,3000
2009/09/22,0,5000,-100000,-95000
2009/09/23,0,196000,-1000,195000
2009/09/24,0,0,0,0
2009/09/25,0,0,-1000,-1000
2009/09/28,0,0,0,0
2009/09/29,0,0,-240,-240
2009/09/30,0,0,0,0
2009/10/01,0,0,-2000,-2000
2009/10/02,0,0,-1000,-1000
2009/10/05,0,0,0,0
2009/10/06,0,0,0,0
2009/10/07,0,0,0,0
2009/10/08,0,0,0,0
2009/10/09,0,0,-100000,-100000
2009/10/12,0,0,0,0
2009/10/13,0,0,0,0
2009/10/14,0,0,0,0
2009/10/15,0,0,0,0
2009/10/16,0,0,0,0
2009/10/19,0,0,0,0
2009/10/20,0,100000,0,100000
2009/10/21,0,0,0,0
2009/10/22,0,0,0,0
2009/10/23,0,0,0,0
2009/10/26,0,0,0,0
2009/10/27,0,0,0,0
2009/10/28,0,0,0,0
2009/10/29,0,0,-100000,-100000
2009/10/30,0,0,0,0
2009/11/02,0,100000,-100000,0
2009/11/03,0,0,0,0
2009/11/04,0,0,0,0
2009/11/05,0,0,0,0
2009/11/06,0,0,0,0
2009/11/09,0,55000,0,55000
2009/11/10,0,1000,0,1000
2009/11/11,0,201000,0,201000
2009/11/12,0,2000,-200000,-198000
2009/11/13,0,0,0,0
2009/11/16,0,0,-3000,-3000
2009/11/17,0,2000,-167784,-165784
2009/11/18,0,0,0,0
2009/11/19,0,8000,-6000,2000
2009/11/20,0,5000,-840000,-835000
2009/11/23,0,38000,-51000,-13000
2009/11/24,0,67000,-1000,66000
2009/11/25,0,51000,-2000,49000
2009/11/26,0,15000,0,15000
2009/11/27,0,6000,-15000,-9000
2009/11/30,0,4000,-54323,-50323
2009/12/01,0,4000,-5000,-1000
2009/12/02,0,10000,-2000,8000
2009/12/03,0,1000,-10000,-9000
2009/12/04,0,21000,0,21000
2009/12/07,0,0,-65000,-65000
2009/12/08,0,8000,-23000,-15000
2009/12/09,0,1901000,-17000,1884000
2009/12/10,0,324000,-14000,310000
2009/12/11,0,856000,-430000,426000
2009/12/14,0,8000,-3000,5000
2009/12/15,0,2313000,-2049000,264000
2009/12/16,0,488000,-1090000,-602000
2009/12/17,0,1556000,-1090000,466000
2009/12/18,0,549000,-451000,98000
2009/12/21,0,0,-1900000,-1900000
2009/12/22,0,2000000,-2040000,-40000
2009/12/23,0,2591000,-130000,2461000
2009/12/24,0,400000,-310000,90000
2009/12/25,0,1676000,-1326000,350000
2009/12/28,0,412000,-3617000,-3205000
2009/12/29,0,1109000,-1130000,-21000
2009/12/30,0,1114000,-1286000,-172000
2009/12/31,0,2349000,-2452630,-103630
2010/01/01,0,0,0,0
2010/01/04,0,2234000,-503000,1731000
2010/01/05,0,1096000,-2396000,-1300000
2010/01/06,0,374000,-541000,-167000
2010/01/07,0,363000,-1445000,-1082000
2010/01/08,0,1595000,-188000,1407000
2010/01/11,0,2285000,-290000,1995000
2010/01/12,0,749000,-2052000,-1303000
2010/01/13,0,901000,-311000,590000
2010/01/14,0,1005000,-1184000,-179000
2010/01/15,0,1924000,-335710,1588290
2010/01/18,0,740000,-1152000,-412000
2010/01/19,0,814000,-2347000,-1533000
2010/01/20,0,633000,-700000,-67000
2010/01/21,0,868000,-193000,675000
2010/01/22,0,1180000,-968000,212000
2010/01/25,0,350000,-880000,-530000
2010/01/26,0,171000,-2269000,-2098000
2010/01/27,0,561000,-1407000,-846000
2010/01/28,0,886000,-1556000,-670000
2010/01/29,0,153000,-223000,-70000
2010/02/01,0,47000,-1198000,-1151000
2010/02/02,0,111000,-1388000,-1277000
2010/02/03,0,591000,-189000,402000
2010/02/04,0,705000,0,705000
2010/02/05,0,299000,-160000,139000
2010/02/08,0,420000,-78000,342000
2010/02/09,0,532000,-208000,324000
2010/02/10,0,983000,-405178,577822
2010/02/11,0,0,0,0
2010/02/12,0,0,0,0
2010/02/15,0,0,0,0
2010/02/16,0,0,0,0
2010/02/17,0,0,0,0
2010/02/18,0,0,0,0
2010/02/19,0,0,0,0
2010/02/22,0,135000,-842000,-707000
2010/02/23,0,202000,-163000,39000
2010/02/24,0,28000,-308000,-280000
2010/02/25,0,312000,-462000,-150000
2010/02/26,0,99000,-60000,39000
2010/03/01,0,529000,-150000,379000
2010/03/02,0,594000,-3000,591000
2010/03/03,0,266000,-21000,245000
2010/03/04,0,355000,-281000,74000
2010/03/05,0,428000,-282000,146000
2010/03/08,0,1072000,-1000000,72000
2010/03/09,0,438000,-271000,167000
2010/03/10,0,20000,-1314000,-1294000
2010/03/11,0,30000,-883000,-853000
2010/03/12,0,516000,-318000,198000
2010/03/15,0,95000,-1000,94000
2010/03/16,0,1032000,-24000,1008000
2010/03/17,0,763000,-382000,381000
2010/03/18,0,902000,-689000,213000
2010/03/19,0,880000,-257000,623000
2010/03/22,0,426000,-58000,368000
2010/03/23,0,971000,-752000,219000
2010/03/24,0,725000,-733000,-8000
2010/03/25,0,127000,-317000,-190000
2010/03/26,0,555000,-234000,321000
2010/03/29,0,1986000,-216000,1770000
2010/03/30,0,270000,-1110000,-840000
2010/03/31,0,150000,-405000,-255000
2010/04/01,0,492000,-55000,437000
2010/04/02,0,54000,-438000,-384000
2010/04/05,0,0,0,0
2010/04/06,0,1727000,-458000,1269000
2010/04/07,0,35000,-214000,-179000
2010/04/08,0,484000,-354000,130000
2010/04/09,0,113000,-710000,-597000
2010/04/12,0,86000,-1075000,-989000
2010/04/13,0,13000,-1453000,-1440000
2010/04/14,0,315000,-842000,-527000
2010/04/15,0,9000,-693000,-684000
2010/04/16,0,51000,-112000,-61000
2010/04/19,0,70000,-1630000,-1560000
2010/04/20,0,4000,-408000,-404000
2010/04/21,0,572000,-355000,217000
2010/04/22,0,564000,-77000,487000
2010/04/23,0,552000,-74000,478000
2010/04/26,0,128000,-56000,72000
2010/04/27,0,140000,-190000,-50000
2010/04/28,0,272000,-250000,22000
2010/04/29,0,220000,0,220000
2010/04/30,0,2000,-22000,-20000
2010/05/03,0,2000,0,2000
2010/05/04,0,236000,0,236000
2010/05/05,0,0,-404000,-404000
2010/05/06,0,726000,-1881000,-1155000
2010/05/07,0,370000,-407000,-37000
2010/05/10,0,30000,-311000,-281000
2010/05/11,0,77000,-313405,-236405
2010/05/12,0,14000,-36000,-22000
2010/05/13,0,28000,-107102,-79102
2010/05/14,0,84000,0,84000
2010/05/17,0,12000,-85000,-73000
2010/05/18,0,440000,-777000,-337000
2010/05/19,0,649000,-105000,544000
2010/05/20,0,0,-164000,-164000
2010/05/21,0,68000,-106000,-38000
2010/05/24,0,250000,-224000,26000
2010/05/25,0,720000,-273000,447000
2010/05/26,0,6000,-782000,-776000
2010/05/27,0,25000,-2000,23000
2010/05/28,0,60000,-180000,-120000
2010/05/31,0,0,-14000,-14000
2010/06/01,0,0,-20000,-20000
2010/06/02,0,14000,0,14000
2010/06/03,0,10000,-150000,-140000
2010/06/04,0,50000,-80000,-30000
2010/06/07,0,58000,0,58000
2010/06/08,0,0,0,0
2010/06/09,0,262000,-60000,202000
2010/06/10,0,0,-118000,-118000
2010/06/11,0,59000,-150000,-91000
2010/06/14,0,1000,0,1000
2010/06/15,0,85000,-154000,-69000
2010/06/16,0,0,0,0
2010/06/17,0,155000,-202000,-47000
2010/06/18,0,0,0,0
2010/06/21,0,11000,0,11000
2010/06/22,0,20000,0,20000
2010/06/23,0,3000,-50000,-47000
2010/06/24,0,0,-470589,-470589
2010/06/25,0,40000,-100000,-60000
2010/06/28,0,0,0,0
2010/06/29,0,202000,0,202000
2010/06/30,0,550000,0,550000
2010/07/01,0,50000,-504000,-454000
2010/07/02,0,222000,-13000,209000
2010/07/05,0,10000,-1000,9000
2010/07/06,0,396000,-40000,356000
2010/07/07,0,19000,-139000,-120000
2010/07/08,0,1000,-15000,-14000
2010/07/09,0,0,0,0
2010/07/12,0,80000,0,80000
2010/07/13,0,0,-411000,-411000
2010/07/14,0,0,-4000,-4000
2010/07/15,0,0,0,0
2010/07/16,0,50000,-293000,-243000
2010/07/19,0,0,0,0
2010/07/20,0,0,0,0
2010/07/21,0,2000,-9000,-7000
2010/07/22,0,6000,-4000,2000
2010/07/23,0,51000,-251,50749
2010/07/26,0,0,0,0
2010/07/27,0,50000,-50000,0
2010/07/28,0,400000,-400000,0
2010/07/29,0,100000,0,100000
2010/07/30,0,0,-31000,-31000
2010/08/02,0,55000,-150000,-95000
2010/08/03,0,150000,0,150000
2010/08/04,0,0,0,0
2010/08/05,0,27000,-27000,0
2010/08/06,0,48000,0,48000
2010/08/09,0,39000,0,39000
2010/08/10,0,3000,-11000,-8000
2010/08/11,0,11000,-5000,6000
2010/08/12,0,5000,-51000,-46000
2010/08/13,0,10000,-67000,-57000
2010/08/16,0,1000,-2000,-1000
2010/08/17,0,10000,0,10000
2010/08/18,0,0,-628000,-628000
2010/08/19,0,18000,-9000,9000
2010/08/20,0,0,-68380,-68380
2010/08/23,0,50000,-17000,33000
2010/08/24,0,0,-30000,-30000
2010/08/25,0,0,-112000,-112000
2010/08/26,0,54000,-545000,-491000
2010/08/27,0,0,-880000,-880000
2010/08/30,0,0,-16000,-16000
2010/08/31,0,0,-103000,-103000
2010/09/01,0,0,-23000,-23000
2010/09/02,0,0,-77000,-77000
2010/09/03,0,0,-32000,-32000
2010/09/06,0,9000,0,9000
2010/09/07,0,0,-28000,-28000
2010/09/08,0,0,-11000,-11000
2010/09/09,0,0,0,0
2010/09/10,0,5000,-107000,-102000
2010/09/13,0,43000,-3000,40000
2010/09/14,0,0,-16000,-16000
2010/09/15,0,0,-3000,-3000
2010/09/16,0,25000,-9000,16000
2010/09/17,0,168000,0,168000
2010/09/20,0,0,-2000,-2000
2010/09/21,0,1000,0,1000
2010/09/22,0,0,0,0
2010/09/23,0,40000,0,40000
2010/09/24,0,29000,-100000,-71000
2010/09/27,0,350000,-17000,333000
2010/09/28,0,0,-202000,-202000
2010/09/29,0,192000,-6000,186000
2010/09/30,0,70000,-25000,45000
2010/10/01,0,0,0,0
2010/10/04,0,0,-204000,-204000
2010/10/05,0,1000,-232000,-231000
2010/10/06,0,0,-16000,-16000
2010/10/07,0,1000,-10469,-9469
2010/10/08,0,27000,0,27000
2010/10/11,0,0,-103000,-103000
2010/10/12,0,0,-58000,-58000
2010/10/13,0,3000,-60000,-57000
2010/10/14,0,25000,-13000,12000
2010/10/15,0,57000,-45000,12000
2010/10/18,0,15000,-27000,-12000
2010/10/19,0,72000,-33000,39000
2010/10/20,0,151000,-9000,142000
2010/10/21,0,131000,-9000,122000
2010/10/22,0,35000,-35000,0
2010/10/25,0,0,0,0
2010/10/26,0,9000,0,9000
2010/10/27,0,0,0,0
2010/10/28,0,3000,0,3000
2010/10/29,0,9000,0,9000
2010/11/01,0,279000,0,279000
2010/11/02,0,56000,-350000,-294000
2010/11/03,0,14000,0,14000
2010/11/04,0,70000,0,70000
2010/11/05,0,22000,0,22000
2010/11/08,0,9000,-107000,-98000
2010/11/09,0,57000,0,57000
2010/11/10,0,0,-23000,-23000
2010/11/11,0,300000,0,300000
2010/11/12,0,300000,-95000,205000
2010/11/15,0,11000,0,11000
2010/11/16,0,100000,-51000,49000
2010/11/17,0,0,0,0
2010/11/18,0,9000,0,9000
2010/11/19,0,0,-22000,-22000
2010/11/22,0,100000,-50000,50000
2010/11/23,0,100000,-352000,-252000
2010/11/24,0,45000,-4050000,-4005000
2010/11/25,0,0,-1068000,-1068000
2010/11/26,0,0,-1000,-1000
2010/11/29,0,68000,-6000,62000
2010/11/30,0,520000,-5000,515000
2010/12/01,0,545000,-601000,-56000
2010/12/02,0,0,0,0
2010/12/03,0,1025000,-2510000,-1485000
2010/12/06,0,2000,-957000,-955000
2010/12/07,0,90000,-474000,-384000
2010/12/08,0,0,-175000,-175000
2010/12/09,0,77000,-261000,-184000
2010/12/10,0,169000,-279000,-110000
2010/12/13,0,200000,-111000,89000
2010/12/14,0,0,-148000,-148000
2010/12/15,0,0,-10000,-10000
2010/12/16,0,52000,0,52000
2010/12/17,0,0,0,0
2010/12/20,0,0,-121000,-121000
2010/12/21,0,2000,-1000,1000
2010/12/22,0,21000,-311000,-290000
2010/12/23,0,0,-105000,-105000
2010/12/24,0,0,-300000,-300000
2010/12/27,0,38000,0,38000
2010/12/28,0,0,-1315000,-1315000
2010/12/29,0,20000,-199000,-179000
2010/12/30,0,12000,-506000,-494000
2010/12/31,0,0,-800000,-800000
2011/01/03,0,0,-16000,-16000
2011/01/04,0,700000,-1889000,-1189000
2011/01/05,0,13000,-543000,-530000
2011/01/06,0,401000,-71000,330000
2011/01/07,0,42000,-553000,-511000
2011/01/10,0,15000,-6000,9000
2011/01/11,0,135000,-6000,129000
2011/01/12,0,660000,-288000,372000
2011/01/13,0,509000,-184000,325000
2011/01/14,0,0,-109000,-109000
2011/01/17,0,0,-16000,-16000
2011/01/18,0,0,-2200000,-2200000
2011/01/19,0,17000,-545000,-528000
2011/01/20,0,12000,-35000,-23000
2011/01/21,0,300000,-400000,-100000
2011/01/24,0,0,-92000,-92000
2011/01/25,0,3000,-214000,-211000
2011/01/26,0,584000,-1750000,-1166000
2011/01/27,0,0,-150000,-150000
2011/01/28,0,746000,-1200000,-454000
2011/01/31,0,0,0,0
2011/02/01,0,0,0,0
2011/02/02,0,0,0,0
2011/02/03,0,0,0,0
2011/02/04,0,0,0,0
2011/02/07,0,0,0,0
2011/02/08,0,612000,-2928000,-2316000
2011/02/09,0,428000,-500000,-72000
2011/02/10,0,1140000,-428000,712000
2011/02/11,0,540000,-74000,466000
2011/02/14,0,186000,-686000,-500000
2011/02/15,0,238000,-395000,-157000
2011/02/16,0,648000,-233000,415000
2011/02/17,0,100000,-92000,8000
2011/02/18,0,0,-720000,-720000
2011/02/21,0,0,-489000,-489000
2011/02/22,0,0,-981000,-981000
2011/02/23,0,0,-840000,-840000
2011/02/24,0,0,0,0
2011/02/25,0,0,-201000,-201000
2011/02/28,0,0,0,0
2011/03/01,0,14000,0,14000
2011/03/02,0,27000,-53000,-26000
2011/03/03,0,0,0,0
2011/03/04,0,0,-15000,-15000
2011/03/07,0,28000,-13000,15000
2011/03/08,0,47000,-161000,-114000
2011/03/09,0,1000,0,1000
2011/03/10,0,60000,0,60000
2011/03/11,0,0,-133000,-133000
2011/03/14,0,3000,-579000,-576000
2011/03/15,0,200000,-1000,199000
2011/03/16,0,182000,-2500,179500
2011/03/17,0,24000,-255000,-231000
2011/03/18,0,0,-124000,-124000
2011/03/21,0,73000,-1210000,-1137000
2011/03/22,0,0,-23000,-23000
2011/03/23,0,3000,0,3000
2011/03/24,0,0,0,0
2011/03/25,0,119000,0,119000
2011/03/28,0,120000,0,120000
2011/03/29,0,0,0,0
2011/03/30,0,43000,0,43000
2011/03/31,0,48000,0,48000
2011/04/01,0,119000,-18000,101000
2011/04/04,0,0,0,0
2011/04/05,0,0,0,0
2011/04/06,0,423000,-107000,316000
2011/04/07,0,54000,-13000,41000
2011/04/08,0,5000,0,5000
2011/04/11,0,11000,0,11000
2011/04/12,0,75000,0,75000
2011/04/13,0,48000,-16000,32000
2011/04/14,0,37000,-24988,12012
2011/04/15,0,0,-24000,-24000
2011/04/18,0,0,-24000,-24000
2011/04/19,0,0,-97000,-97000
2011/04/20,0,2000,-17000,-15000
2011/04/21,0,1000,0,1000
2011/04/22,0,0,-2000,-2000
2011/04/25,0,131000,-134000,-3000
2011/04/26,0,0,0,0
2011/04/27,0,0,-24000,-24000
2011/04/28,0,0,-31000,-31000
2011/04/29,0,2000,0,2000
2011/05/02,0,0,0,0
2011/05/03,0,15000,-2200000,-2185000
2011/05/04,0,3000,-140111,-137111
2011/05/05,0,19000,-23000,-4000
2011/05/06,0,5000,0,5000
2011/05/09,0,131000,0,131000
2011/05/10,0,3000,-10000,-7000
2011/05/11,0,0,-11748,-11748
2011/05/12,0,0,-25000,-25000
2011/05/13,0,0,-5000,-5000
2011/05/16,0,17000,-4000,13000
2011/05/17,0,0,-618000,-618000
2011/05/18,0,0,-14000,-14000
2011/05/19,0,3000,-5168,-2168
2011/05/20,0,0,-4000,-4000
2011/05/23,0,19000,-1000,18000
2011/05/24,0,0,0,0
2011/05/25,0,0,-41000,-41000
2011/05/26,0,0,0,0
2011/05/27,0,10000,-194000,-184000
2011/05/30,0,0,0,0
2011/05/31,0,0,0,0
2011/06/01,0,0,-23000,-23000
2011/06/02,0,0,0,0
2011/06/03,0,1000,0,1000
2011/06/06,0,0,0,0
2011/06/07,0,0,0,0
2011/06/08,0,39000,0,39000
2011/06/09,0,0,0,0
2011/06/10,0,57000,-1000,56000
2011/06/13,0,0,-6000,-6000
2011/06/14,0,3000,0,3000
2011/06/15,0,55000,0,55000
2011/06/16,0,36000,-4000,32000
2011/06/17,0,47000,0,47000
2011/06/20,0,32000,-25000,7000
2011/06/21,0,165000,-3000,162000
2011/06/22,0,0,-312000,-312000
2011/06/23,0,6000,-33000,-27000
2011/06/24,0,9000,0,9000
2011/06/27,0,0,-14000,-14000
2011/06/28,0,47000,0,47000
2011/06/29,0,76000,-31000,45000
2011/06/30,0,31000,-23000,8000
2011/07/01,0,6000,0,6000
2011/07/04,0,9000,-34000,-25000
2011/07/05,0,10000,-68464,-58464
2011/07/06,0,0,-2000,-2000
2011/07/07,0,111000,-6000,105000
2011/07/08,0,136000,-9000,127000
2011/07/11,0,8000,-2000,6000
2011/07/12,0,0,0,0
2011/07/13,0,1000,0,1000
2011/07/14,0,0,0,0
2011/07/15,0,1000,0,1000
2011/07/18,0,0,0,0
2011/07/19,0,0,-1000,-1000
2011/07/20,0,15000,0,15000
2011/07/21,0,183000,-10000,173000
2011/07/22,0,10000,0,10000
2011/07/25,0,2000,-1000,1000
2011/07/26,0,3000,-5000,-2000
2011/07/27,0,0,0,0
2011/07/28,0,0,-59942,-59942
2011/07/29,0,38000,-10000,28000
2011/08/01,0,53000,0,53000
2011/08/02,0,0,-3000,-3000
2011/08/03,0,0,-8000,-8000
2011/08/04,0,11000,0,11000
2011/08/05,0,11000,0,11000
2011/08/08,0,11000,-70000,-59000
2011/08/09,0,0,0,0
2011/08/10,0,0,-84000,-84000
2011/08/11,0,0,-11000,-11000
2011/08/12,0,0,-7000,-7000
2011/08/15,0,0,0,0
2011/08/16,0,0,0,0
2011/08/17,0,0,-3000,-3000
2011/08/18,0,0,-3000,-3000
2011/08/19,0,0,0,0
2011/08/22,0,44000,0,44000
2011/08/23,0,0,0,0
2011/08/24,0,0,0,0
2011/08/25,0,87000,0,87000
2011/08/26,0,0,0,0
2011/08/29,0,1000,0,1000
2011/08/30,0,0,0,0
2011/08/31,0,0,0,0
2011/09/01,0,1000,0,1000
2011/09/02,0,0,0,0
2011/09/05,0,0,0,0
2011/09/06,0,0,0,0
2011/09/07,0,0,0,0
2011/09/08,0,0,0,0
2011/09/09,0,0,0,0
2011/09/12,0,0,0,0
2011/09/13,0,0,0,0
2011/09/14,0,0,0,0
2011/09/15,0,0,0,0
2011/09/16,0,0,0,0
2011/09/19,0,0,0,0
2011/09/20,0,0,0,0
2011/09/21,0,0,0,0
2011/09/22,0,0,0,0
2011/09/23,0,0,0,0
2011/09/26,0,6000,0,6000
2011/09/27,0,0,0,0
2011/09/28,0,0,0,0
2011/09/29,0,0,0,0
2011/09/30,0,0,0,0
2011/10/03,0,0,0,0
2011/10/04,0,0,0,0
2011/10/05,0,0,0,0
2011/10/06,0,0,0,0
2011/10/07,0,0,0,0
2011/10/10,0,0,0,0
2011/10/11,0,0,0,0
2011/10/12,0,0,0,0
2011/10/13,0,0,0,0
2011/10/14,0,0,0,0
2011/10/17,0,0,0,0
2011/10/18,0,0,-2000,-2000
2011/10/19,0,0,0,0
2011/10/20,0,0,0,0
2011/10/21,0,0,0,0
2011/10/24,0,0,0,0
2011/10/25,0,0,0,0
2011/10/26,0,0,0,0
2011/10/27,0,0,0,0
2011/10/28,0,0,0,0
2011/10/31,0,0,0,0
2011/11/01,0,2000,0,2000
2011/11/02,0,0,-2000,-2000
2011/11/03,0,0,0,0
2011/11/04,0,0,0,0
2011/11/07,0,0,0,0
2011/11/08,0,0,0,0
2011/11/09,0,0,0,0
2011/11/10,0,0,0,0
2011/11/11,0,0,0,0
2011/11/14,0,0,0,0
2011/11/15,0,0,0,0
2011/11/16,0,0,0,0
2011/11/17,0,0,0,0
2011/11/18,0,0,-985,-985
2011/11/21,0,0,0,0
2011/11/22,0,0,0,0
2011/11/23,0,0,0,0
2011/11/24,0,0,0,0
2011/11/25,0,0,0,0
2011/11/28,0,0,0,0
2011/11/29,0,0,0,0
2011/11/30,0,0,-2000,-2000
2011/12/01,0,0,0,0
2011/12/02,0,0,0,0
2011/12/05,0,0,0,0
2011/12/06,0,0,0,0
2011/12/07,0,0,0,0
2011/12/08,0,0,0,0
2011/12/09,0,0,0,0
2011/12/12,0,0,0,0
2011/12/13,0,0,0,0
2011/12/14,0,0,0,0
2011/12/15,0,0,0,0
2011/12/16,0,0,0,0
2011/12/19,0,0,0,0
2011/12/20,0,0,0,0
2011/12/21,0,0,0,0
2011/12/22,0,0,0,0
2011/12/23,0,0,0,0
2011/12/26,0,0,0,0
2011/12/27,0,0,0,0
2011/12/28,0,0,0,0
2011/12/29,0,0,0,0
2011/12/30,0,0,0,0
2012/01/02,0,0,0,0
2012/01/03,0,0,0,0
2012/01/04,0,0,0,0
2012/01/05,0,0,0,0
2012/01/06,0,0,0,0
2012/01/09,0,0,0,0
2012/01/10,0,0,0,0
2012/01/11,0,0,0,0
2012/01/12,0,0,0,0
2012/01/13,0,0,0,0
2012/01/16,0,0,0,0
2012/01/17,0,0,0,0
2012/01/18,0,0,0,0
2012/01/19,0,0,0,0
2012/01/20,0,0,0,0
2012/01/23,0,0,0,0
2012/01/24,0,0,0,0
2012/01/25,0,0,0,0
2012/01/26,0,0,0,0
2012/01/27,0,0,0,0
2012/01/30,0,0,0,0
2012/01/31,0,0,0,0
2012/02/01,0,0,0,0
2012/02/02,0,0,0,0
2012/02/03,0,0,0,0
2012/02/06,0,0,0,0
2012/02/07,0,0,0,0
2012/02/08,0,0,0,0
2012/02/09,0,0,0,0
2012/02/10,0,0,0,0
2012/02/13,0,0,0,0
2012/02/14,0,0,0,0
2012/02/15,0,0,0,0
2012/02/16,0,0,0,0
2012/02/17,0,0,0,0
2012/02/20,0,0,0,0
2012/02/21,0,0,0,0
2012/02/22,0,0,0,0
2012/02/23,0,0,0,0
2012/02/24,0,0,0,0
2012/02/27,0,0,0,0
2012/02/28,0,0,0,0
2012/02/29,0,0,0,0
2012/03/01,0,0,0,0
2012/03/02,0,0,0,0
2012/03/05,0,0,0,0
2012/03/06,0,0,0,0
2012/03/07,0,0,0,0
2012/03/08,0,0,0,0
2012/03/09,0,0,-13000,-13000
2012/03/12,0,0,0,0
2012/03/13,0,0,0,0
2012/03/14,0,0,0,0
2012/03/15,0,0,0,0
2012/03/16,0,0,0,0
2012/03/19,0,0,0,0
2012/03/20,0,0,0,0
2012/03/21,0,0,0,0
2012/03/22,0,0,0,0
2012/03/23,0,0,0,0
2012/03/26,0,0,0,0
2012/03/27,0,0,0,0
2012/03/28,0,0,0,0
2012/03/29,0,0,0,0
2012/03/30,0,0,0,0
2012/04/02,0,0,0,0
2012/04/03,0,0,0,0
2012/04/04,0,0,0,0
2012/04/05,0,0,-95,-95
2012/04/06,0,0,0,0
2012/04/09,0,0,0,0
2012/04/10,0,0,0,0
2012/04/11,0,0,0,0
2012/04/12,0,0,0,0
2012/04/13,0,0,0,0
2012/04/16,0,0,0,0
2012/04/17,0,0,0,0
2012/04/18,0,0,0,0
2012/04/19,0,0,0,0
2012/04/20,0,0,0,0
2012/04/23,0,0,0,0
2012/04/24,0,0,0,0
2012/04/25,0,0,0,0
2012/04/26,0,0,0,0
2012/04/27,0,0,0,0
2012/04/30,0,0,0,0
2012/05/01,0,0,0,0
2012/05/02,0,0,0,0
2012/05/03,0,0,0,0
2012/05/04,0,0,0,0
2012/05/07,0,0,0,0
2012/05/08,0,0,0,0
2012/05/09,0,0,0,0
2012/05/10,0,0,-12339,-12339
2012/05/11,0,0,0,0
2012/05/14,0,0,0,0
2012/05/15,0,0,0,0
2012/05/16,0,0,0,0
2012/05/17,0,0,0,0
2012/05/18,0,0,0,0
2012/05/21,0,0,0,0
2012/05/22,0,0,0,0
2012/05/23,0,0,0,0
2012/05/24,0,0,0,0
2012/05/25,0,0,0,0
2012/05/28,0,0,0,0
2012/05/29,0,0,0,0
2012/05/30,0,0,0,0
2012/05/31,0,0,0,0
2012/06/01,0,0,0,0
2012/06/04,0,0,0,0
2012/06/05,0,0,0,0
2012/06/06,0,0,0,0
2012/06/07,0,0,0,0
2012/06/08,0,0,0,0
2012/06/11,0,0,0,0
2012/06/12,0,0,0,0
2012/06/13,0,0,0,0
2012/06/14,0,0,0,0
2012/06/15,0,0,0,0
2012/06/18,0,0,0,0
2012/06/19,0,0,0,0
2012/06/20,0,0,0,0
2012/06/21,0,0,0,0
2012/06/22,0,0,0,0
2012/06/25,0,0,0,0
2012/06/26,0,0,0,0
2012/06/27,0,0,0,0
2012/06/28,0,0,0,0
2012/06/29,0,0,0,0
2012/07/02,0,0,0,0
2012/07/03,0,0,0,0
2012/07/04,0,0,0,0
2012/07/05,0,0,0,0
2012/07/06,0,0,0,0
2012/07/09,0,0,0,0
2012/07/10,0,0,0,0
2012/07/11,0,0,0,0
2012/07/12,0,0,0,0
2012/07/13,0,0,0,0
2012/07/16,0,0,0,0
2012/07/17,0,0,0,0
2012/07/18,0,0,0,0
2012/07/19,0,0,0,0
2012/07/20,0,0,0,0
2012/07/23,0,0,0,0
2012/07/24,0,0,0,0
2012/07/25,0,0,-41000,-41000
2012/07/26,0,0,0,0
2012/07/27,0,0,0,0
2012/07/30,0,0,0,0
2012/07/31,0,0,0,0
2012/08/01,0,0,0,0
2012/08/02,0,0,0,0
2012/08/03,0,0,0,0
2012/08/06,0,0,0,0
2012/08/07,0,0,0,0
2012/08/08,0,0,0,0
2012/08/09,0,0,0,0
2012/08/10,0,0,0,0
2012/08/13,0,0,0,0
2012/08/14,0,0,0,0
2012/08/15,0,0,0,0
2012/08/16,0,0,0,0
2012/08/17,0,0,0,0
2012/08/20,0,0,0,0
2012/08/21,0,0,0,0
2012/08/22,0,0,0,0
2012/08/23,0,0,0,0
2012/08/24,0,0,0,0
2012/08/27,0,0,0,0
2012/08/28,0,0,0,0
2012/08/29,0,0,0,0
2012/08/30,0,0,0,0
2012/08/31,0,0,0,0
2012/09/03,0,0,0,0
2012/09/04,0,0,0,0
2012/09/05,0,0,0,0
2012/09/06,0,0,0,0
2012/09/07,0,0,0,0
2012/09/10,0,0,0,0
2012/09/11,0,0,0,0
2012/09/12,0,0,0,0
2012/09/13,0,0,0,0
2012/09/14,0,0,0,0
2012/09/17,0,0,0,0
2012/09/18,0,0,0,0
2012/09/19,0,0,0,0
2012/09/20,0,0,0,0
2012/09/21,0,0,0,0
2012/09/24,0,0,0,0
2012/09/25,0,0,0,0
2012/09/26,0,0,0,0
2012/09/27,0,0,0,0
2012/09/28,0,0,0,0
2012/10/01,0,0,0,0
2012/10/02,0,0,0,0
2012/10/03,0,0,0,0
2012/10/04,0,0,0,0
2012/10/05,0,0,0,0
2012/10/08,0,0,0,0
2012/10/09,0,0,0,0
2012/10/10,0,0,0,0
2012/10/11,0,0,0,0
2012/10/12,0,0,0,0
2012/10/15,0,0,0,0
2012/10/16,0,0,0,0
2012/10/17,0,0,0,0
2012/10/18,0,0,0,0
2012/10/19,0,0,0,0
2012/10/22,0,0,0,0
2012/10/23,0,0,0,0
2012/10/24,0,0,0,0
2012/10/25,0,0,0,0
2012/10/26,0,0,0,0
2012/10/29,0,0,0,0
2012/10/30,0,0,0,0
2012/10/31,0,0,0,0
2012/11/01,0,0,0,0
2012/11/02,0,0,0,0
2012/11/05,0,0,0,0
2012/11/06,0,0,0,0
2012/11/07,0,0,0,0
2012/11/08,0,0,0,0
2012/11/09,0,0,0,0
2012/11/12,0,0,0,0
2012/11/13,0,0,0,0
2012/11/14,0,0,0,0
2012/11/15,0,0,0,0
2012/11/16,0,0,0,0
2012/11/19,0,0,0,0
2012/11/20,0,0,0,0
2012/11/21,0,0,0,0
2012/11/22,0,0,0,0
2012/11/23,0,0,0,0
2012/11/26,0,0,0,0
2012/11/27,0,0,0,0
2012/11/28,0,0,0,0
2012/11/29,0,0,0,0
2012/11/30,0,0,0,0
2012/12/03,0,0,0,0
2012/12/04,0,0,0,0
2012/12/05,0,0,0,0
2012/12/06,0,0,0,0
2012/12/07,0,0,0,0
2012/12/10,0,0,0,0
2012/12/11,0,0,0,0
2012/12/12,0,0,0,0
2012/12/13,0,0,0,0
2012/12/14,0,0,0,0
2012/12/17,0,0,0,0
2012/12/18,0,0,0,0
2012/12/19,0,0,0,0
2012/12/20,0,0,0,0
2012/12/21,0,0,0,0
2012/12/24,0,0,0,0
2012/12/25,0,0,0,0
2012/12/26,0,0,0,0
2012/12/27,0,0,0,0
2012/12/28,0,0,0,0
2012/12/31,0,0,0,0
2013/01/01,0,0,0,0
2013/01/02,0,0,0,0
2013/01/03,0,0,0,0
2013/01/04,0,0,0,0
2013/01/07,0,0,0,0
2013/01/08,0,0,0,0
2013/01/09,0,0,0,0
2013/01/10,0,0,0,0
2013/01/11,0,0,0,0
2013/01/14,0,0,0,0
2013/01/15,0,0,0,0
2013/01/16,0,0,0,0
2013/01/17,0,0,0,0
2013/01/18,0,0,0,0
2013/01/21,0,0,0,0
2013/01/22,0,0,0,0
2013/01/23,0,0,0,0
2013/01/24,0,0,0,0
2013/01/25,0,0,0,0
2013/01/28,0,0,0,0
2013/01/29,0,0,0,0
2013/01/30,0,0,0,0
2013/01/31,0,0,0,0
2013/02/01,0,0,0,0
2013/02/04,0,0,0,0
2013/02/05,0,0,0,0
2013/02/06,0,0,0,0
2013/02/07,0,0,0,0
2013/02/08,0,0,0,0
2013/02/11,0,0,0,0
2013/02/12,0,0,0,0
2013/02/13,0,0,0,0
2013/02/14,0,0,0,0
2013/02/15,0,0,0,0
2013/02/18,0,0,0,0
2013/02/19,0,0,0,0
2013/02/20,0,0,0,0
2013/02/21,0,0,0,0
2013/02/22,0,0,0,0
2013/02/25,0,0,0,0
2013/02/26,0,0,0,0
2013/02/27,0,0,0,0
2013/02/28,0,0,0,0
2013/03/01,0,0,0,0
2013/03/04,0,0,0,0
2013/03/05,0,0,0,0
2013/03/06,0,0,0,0
2013/03/07,0,0,0,0
2013/03/08,0,0,0,0
2013/03/11,0,0,0,0
2013/03/12,0,0,0,0
2013/03/13,0,0,0,0
2013/03/14,0,0,0,0
2013/03/15,0,0,0,0
2013/03/18,0,0,0,0
2013/03/19,0,0,0,0
2013/03/20,0,0,0,0
2013/03/21,0,0,0,0
2013/03/22,0,0,0,0
2013/03/25,0,0,0,0
2013/03/26,0,0,0,0
2013/03/27,0,0,0,0
2013/03/28,0,0,0,0
2013/03/29,0,0,0,0
2013/04/01,0,0,0,0
2013/04/02,0,0,0,0
2013/04/03,0,0,0,0
2013/04/04,0,0,0,0
2013/04/05,0,0,0,0
2013/04/08,0,0,0,0
2013/04/09,0,0,0,0
2013/04/10,0,0,0,0
2013/04/11,0,0,0,0
2013/04/12,0,0,0,0
2013/04/15,0,0,0,0
2013/04/16,0,0,0,0
2013/04/17,0,0,0,0
2013/04/18,0,0,0,0
2013/04/19,0,0,0,0
2013/04/22,0,0,0,0
2013/04/23,0,0,0,0
2013/04/24,0,0,0,0
2013/04/25,0,0,0,0
2013/04/26,0,0,0,0
2013/04/29,0,0,0,0
2013/04/30,0,0,0,0
2013/05/01,0,0,0,0
2013/05/02,0,0,0,0
2013/05/03,0,0,0,0
2013/05/06,0,0,0,0
2013/05/07,0,0,0,0
2013/05/08,0,0,0,0
2013/05/09,0,0,0,0
2013/05/10,0,0,0,0
2013/05/13,0,0,0,0
2013/05/14,0,0,0,0
2013/05/15,0,0,0,0
2013/05/16,0,0,0,0
2013/05/17,0,0,0,0
2013/05/20,0,0,0,0
2013/05/21,0,0,0,0
2013/05/22,0,0,0,0
2013/05/23,0,0,0,0
2013/05/24,0,0,0,0
2013/05/27,0,0,0,0
2013/05/28,0,0,-2104,-2104
2013/05/29,0,0,0,0
2013/05/30,0,0,0,0
2013/05/31,0,0,0,0
2013/06/03,0,0,0,0
2013/06/04,0,0,0,0
2013/06/05,0,0,0,0
2013/06/06,0,0,0,0
2013/06/07,0,0,0,0
2013/06/10,0,0,0,0
2013/06/11,0,0,0,0
2013/06/12,0,0,0,0
2013/06/13,0,0,0,0
2013/06/14,0,0,0,0
2013/06/17,0,0,0,0
2013/06/18,0,0,0,0
2013/06/19,0,0,0,0
2013/06/20,0,0,0,0
2013/06/21,0,0,0,0
2013/06/24,0,0,0,0
2013/06/25,0,0,0,0
2013/06/26,0,0,0,0
2013/06/27,0,0,0,0
2013/06/28,0,0,0,0
2013/07/01,0,0,0,0
2013/07/02,0,0,0,0
2013/07/03,0,0,0,0
2013/07/04,0,0,0,0
2013/07/05,0,0,0,0
2013/07/08,0,0,0,0
2013/07/09,0,0,0,0
2013/07/10,0,0,0,0
2013/07/11,0,0,0,0
2013/07/12,0,0,0,0
2013/07/15,0,0,0,0
2013/07/16,0,0,0,0
2013/07/17,0,0,0,0
2013/07/18,0,0,0,0
2013/07/19,0,0,0,0
2013/07/22,0,0,0,0
2013/07/23,0,0,0,0
2013/07/24,0,0,0,0
2013/07/25,0,0,0,0
2013/07/26,0,0,0,0
2013/07/29,0,0,0,0
2013/07/30,0,0,0,0
2013/07/31,0,0,0,0
2013/08/01,0,0,0,0
2013/08/02,0,0,0,0
2013/08/05,0,0,0,0
2013/08/06,0,0,0,0
2013/08/07,0,0,0,0
2013/08/08,0,0,0,0
2013/08/09,0,0,0,0
2013/08/12,0,0,0,0
2013/08/13,0,0,0,0
2013/08/14,0,0,0,0
2013/08/15,0,0,0,0
2013/08/16,0,0,0,0
2013/08/19,0,0,0,0
2013/08/20,0,0,0,0
2013/08/21,0,0,0,0
2013/08/22,0,0,0,0
2013/08/23,0,0,0,0
2013/08/26,0,0,0,0
2013/08/27,0,0,0,0
2013/08/28,0,0,0,0
2013/08/29,0,0,0,0
2013/08/30,0,0,0,0
2013/09/02,0,0,0,0
2013/09/03,0,0,0,0
2013/09/04,0,0,0,0
2013/09/05,0,0,0,0
2013/09/06,0,0,0,0
2013/09/09,0,0,0,0
2013/09/10,0,0,0,0
2013/09/11,0,0,0,0
2013/09/12,0,0,0,0
2013/09/13,0,0,0,0
2013/09/16,0,0,0,0
2013/09/17,0,0,0,0
2013/09/18,0,0,0,0
2013/09/19,0,0,0,0
2013/09/20,0,0,0,0
2013/09/23,0,0,0,0
2013/09/24,0,0,0,0
2013/09/25,0,0,0,0
2013/09/26,0,0,0,0
2013/09/27,0,0,0,0
2013/09/30,0,0,0,0
2013/10/01,0,0,0,0
2013/10/02,0,0,0,0
2013/10/03,0,0,0,0
2013/10/04,0,0,0,0
2013/10/07,0,0,0,0
2013/10/08,0,0,0,0
2013/10/09,0,0,0,0
2013/10/10,0,0,0,0
2013/10/11,0,0,0,0
2013/10/14,0,0,0,0
2013/10/15,0,0,0,0
2013/10/16,0,0,0,0
2013/10/17,0,0,0,0
2013/10/18,0,0,0,0
2013/10/21,0,0,0,0
2013/10/22,0,0,0,0
2013/10/23,0,0,0,0
2013/10/24,0,0,0,0
2013/10/25,0,0,0,0
2013/10/28,0,0,0,0
2013/10/29,0,0,0,0
2013/10/30,0,0,0,0
2013/10/31,0,0,0,0
2013/11/01,0,0,0,0
2013/11/04,0,0,0,0
2013/11/05,0,0,0,0
2013/11/06,0,0,0,0
2013/11/07,0,0,0,0
2013/11/08,0,0,0,0
2013/11/11,0,0,0,0
2013/11/12,0,0,0,0
2013/11/13,0,0,0,0
2013/11/14,0,0,0,0
2013/11/15,0,0,0,0
2013/11/18,0,0,0,0
2013/11/19,0,0,0,0
2013/11/20,0,0,0,0
2013/11/21,0,0,0,0
2013/11/22,0,0,0,0
2013/11/25,0,0,0,0
2013/11/26,0,0,0,0
2013/11/27,0,0,0,0
2013/11/28,0,0,0,0
2013/11/29,0,0,0,0
2013/12/02,0,0,0,0
2013/12/03,0,0,0,0
2013/12/04,0,0,0,0
2013/12/05,0,0,0,0
2013/12/06,0,0,0,0
2013/12/09,0,0,0,0
2013/12/10,0,0,0,0
2013/12/11,0,0,0,0
2013/12/12,0,0,0,0
2013/12/13,0,0,0,0
2013/12/16,0,0,0,0
2013/12/17,0,0,0,0
2013/12/18,0,0,0,0
2013/12/19,0,0,0,0
2013/12/20,0,0,0,0
2013/12/23,0,0,0,0
2013/12/24,0,0,0,0
2013/12/25,0,0,0,0
2013/12/26,0,0,0,0
2013/12/27,0,0,0,0
2013/12/30,0,0,0,0
2013/12/31,0,0,0,0
2014/01/02,0,0,0,0
2014/01/03,0,0,0,0
2014/01/06,0,0,0,0
2014/01/07,0,0,0,0
2014/01/08,0,0,0,0
2014/01/09,0,0,0,0
2014/01/10,0,0,0,0
2014/01/13,0,0,0,0
2014/01/14,0,0,0,0
2014/01/15,0,0,0,0
2014/01/16,0,0,0,0
2014/01/17,0,0,0,0
2014/01/20,0,0,0,0
2014/01/21,0,0,0,0
2014/01/22,0,0,0,0
2014/01/23,0,0,0,0
2014/01/24,0,0,0,0
2014/01/27,0,0,0,0
2014/02/05,0,0,0,0
2014/02/06,0,0,0,0
2014/02/07,0,0,0,0
2014/02/10,0,0,0,0
2014/02/11,0,0,0,0
2014/02/12,0,0,0,0
2014/02/13,0,0,0,0
2014/02/14,0,0,0,0
2014/02/17,0,0,0,0
2014/02/18,0,0,0,0
2014/02/19,0,0,0,0
2014/02/20,0,0,0,0
2014/02/21,0,0,0,0
2014/02/24,0,0,0,0
2014/02/25,0,0,0,0
2014/02/26,0,0,0,0
2014/02/27,0,0,0,0
2014/03/03,0,0,0,0
2014/03/04,0,0,0,0
2014/03/05,0,0,0,0
2014/03/06,0,0,0,0
2014/03/07,0,0,0,0
2014/03/10,0,0,0,0
2014/03/11,0,0,0,0
2014/03/12,0,0,0,0
2014/03/13,0,0,0,0
2014/03/14,0,0,0,0
2014/03/17,0,0,0,0
2014/03/18,0,0,0,0
2014/03/19,0,0,0,0
2014/03/20,0,0,0,0
2014/03/21,0,0,0,0
2014/03/24,0,0,0,0
2014/03/25,0,0,0,0
2014/03/26,0,0,0,0
2014/03/27,0,0,0,0
2014/03/28,0,0,0,0
2014/03/31,0,0,0,0
2014/04/01,0,0,0,0
2014/04/02,0,0,0,0
2014/04/03,0,0,0,0
2014/04/07,0,0,0,0
2014/04/08,0,0,0,0
2014/04/09,0,0,0,0
2014/04/10,0,0,0,0
2014/04/11,0,0,0,0
2014/04/14,0,0,0,0
2014/04/15,0,0,0,0
2014/04/16,0,0,0,0
2014/04/17,0,0,0,0
2014/04/18,0,0,0,0
2014/04/21,0,2800000,0,2800000
2014/04/22,0,3700000,0,3700000
2014/04/23,0,0,0,0
2014/04/24,0,0,0,0
2014/04/25,0,0,0,0
2014/04/28,0,1250000,0,1250000
2014/04/29,0,750000,0,750000
2014/04/30,0,250000,0,250000
2014/05/02,0,3500000,0,3500000
2014/05/05,0,0,-2000000,-2000000
2014/05/06,0,250000,0,250000
2014/05/07,0,1388000,0,1388000
2014/05/08,0,0,0,0
2014/05/09,0,0,0,0
2014/05/12,0,0,0,0
2014/05/13,0,0,0,0
2014/05/14,0,0,0,0
2014/05/15,0,0,0,0
2014/05/16,0,0,0,0
2014/05/19,0,0,0,0
2014/05/20,0,0,0,0
2014/05/21,0,0,0,0
2014/05/22,0,0,0,0
2014/05/23,0,0,0,0
2014/05/26,0,0,0,0
2014/05/27,0,0,0,0
2014/05/28,0,0,0,0
2014/05/29,0,0,0,0
2014/05/30,0,0,0,0
2014/06/03,0,0,0,0
2014/06/04,0,0,0,0
2014/06/05,0,0,-888000,-888000
2014/06/06,0,0,-888000,-888000
2014/06/09,0,0,0,0
2014/06/10,0,0,0,0
2014/06/11,0,0,-1976000,-1976000
2014/06/12,0,0,-600000,-600000
2014/06/13,0,0,-1088000,-1088000
2014/06/16,0,0,-1100000,-1100000
2014/06/17,0,0,-400000,-400000
2014/06/18,0,150000,0,150000
2014/06/19,0,50000,0,50000
2014/06/20,0,50000,0,50000
2014/06/23,0,0,0,0
2014/06/24,0,0,0,0
2014/06/25,0,0,0,0
2014/06/26,0,1902000,0,1902000
2014/06/27,0,900000,0,900000
2014/06/30,0,0,0,0
2014/07/01,0,0,0,0
2014/07/02,0,0,0,0
2014/07/03,0,300000,0,300000
2014/07/04,0,0,-300000,-300000
2014/07/07,0,0,0,0
2014/07/08,0,0,0,0
2014/07/09,0,500000,0,500000
2014/07/10,0,450000,0,450000
2014/07/11,0,0,-700000,-700000
2014/07/14,0,0,-6250000,-6250000
2014/07/15,0,0,-500000,-500000
2014/07/16,0,0,0,0
2014/07/17,0,0,0,0
2014/07/18,0,0,0,0
2014/07/21,0,0,0,0
2014/07/22,0,0,0,0
2014/07/23,0,0,0,0
2014/07/24,0,0,0,0
2014/07/25,0,0,0,0
2014/07/28,0,0,0,0
2014/07/29,0,0,-1500000,-1500000
2014/07/30,0,0,0,0
2014/07/31,0,0,0,0
2014/08/01,0,0,0,0
2014/08/04,0,0,0,0
2014/08/05,0,0,0,0
2014/08/06,0,0,0,0
2014/08/07,0,0,0,0
2014/08/08,0,0,0,0
2014/08/11,0,0,0,0
2014/08/12,0,0,0,0
2014/08/13,0,0,0,0
2014/08/14,0,0,0,0
2014/08/15,0,0,0,0
2014/08/18,0,0,0,0
2014/08/19,0,0,0,0
2014/08/20,0,0,0,0
2014/08/21,0,0,0,0
2014/08/22,0,0,0,0
2014/08/25,0,0,0,0
2014/08/26,0,0,0,0
2014/08/27,0,0,0,0
2014/08/28,0,0,0,0
2014/08/29,0,0,0,0
2014/09/01,0,0,0,0
2014/09/02,0,0,0,0
2014/09/03,0,0,0,0
2014/09/04,0,0,0,0
2014/09/05,0,0,0,0
2014/09/09,0,0,0,0
2014/09/10,0,0,0,0
2014/09/11,0,0,0,0
2014/09/12,0,0,0,0
2014/09/15,0,0,0,0
2014/09/16,0,0,0,0
2014/09/17,0,0,0,0
2014/09/18,0,0,0,0
2014/09/19,0,0,0,0
2014/09/22,0,0,0,0
2014/09/23,0,0,0,0
2014/09/24,0,0,-76,-76
2014/09/25,0,0,0,0
2014/09/26,0,0,0,0
2014/09/29,0,0,0,0
2014/09/30,0,0,0,0
2014/10/01,0,0,0,0
2014/10/02,0,0,0,0
2014/10/03,0,0,0,0
2014/10/06,0,0,0,0
2014/10/07,0,0,0,0
2014/10/08,0,0,0,0
2014/10/09,0,0,0,0
2014/10/13,0,0,0,0
2014/10/14,0,0,0,0
2014/10/15,0,0,0,0
2014/10/16,0,0,0,0
2014/10/17,0,0,0,0
2014/10/20,0,0,0,0
2014/10/21,0,0,0,0
2014/10/22,0,0,0,0
2014/10/23,0,0,0,0
2014/10/24,0,0,0,0
2014/10/27,0,0,0,0
2014/10/28,0,0,0,0
2014/10/29,0,0,0,0
2014/10/30,0,0,0,0
2014/10/31,0,0,0,0
2014/11/03,0,0,0,0
2014/11/04,0,0,0,0
2014/11/05,0,0,0,0
2014/11/06,0,0,0,0
2014/11/07,0,0,0,0
2014/11/10,0,0,0,0
2014/11/11,0,0,0,0
2014/11/12,0,0,0,0
2014/11/13,0,0,0,0
2014/11/14,0,0,0,0
2014/11/17,0,0,0,0
2014/11/18,0,0,0,0
2014/11/19,0,15000,0,15000
2014/11/20,0,12000,-2000,10000
2014/11/21,0,0,0,0
2014/11/24,0,138000,-4000,134000
2014/11/25,0,59000,-22000,37000
2014/11/26,0,138000,-4000,134000
2014/11/27,0,561000,-33000,528000
2014/11/28,0,295000,-15000,280000
2014/12/01,0,437000,-64000,373000
2014/12/02,0,70000,-299000,-229000
2014/12/03,0,173000,-24000,149000
2014/12/04,0,607000,-97000,510000
2014/12/05,0,76000,-269000,-193000
2014/12/08,0,20000,-75000,-55000
2014/12/09,0,122000,-200000,-78000
2014/12/10,0,258000,-20000,238000
2014/12/11,0,1008000,-102000,906000
2014/12/12,0,127000,-759000,-632000
2014/12/15,0,68000,-321000,-253000
2014/12/16,0,89000,-61000,28000
2014/12/17,0,312000,-43000,269000
2014/12/18,0,152000,-102000,50000
2014/12/19,0,199000,-261000,-62000
2014/12/22,0,507000,-166000,341000
2014/12/23,0,39000,-194000,-155000
2014/12/24,0,35000,-287000,-252000
2014/12/25,0,3000,-60000,-57000
2014/12/26,0,362000,-71000,291000
2014/12/29,0,1011000,-245000,766000
2014/12/30,0,1440000,-311000,1129000
2014/12/31,0,284000,-629000,-345000
2015/01/01,0,0,0,0
2015/01/02,0,0,0,0
2015/01/05,0,1191000,-241000,950000
2015/01/06,0,2068000,-1087000,981000
2015/01/07,0,364000,-681000,-317000
2015/01/08,0,396000,-274000,122000
2015/01/09,0,108000,-787000,-679000
2015/01/12,0,369000,-472000,-103000
2015/01/13,0,414000,-465000,-51000
2015/01/14,0,245000,-367000,-122000
2015/01/15,0,155000,-296000,-141000
2015/01/16,0,20000,-289000,-269000
2015/01/19,0,182000,-240000,-58000
2015/01/20,0,577000,-316000,261000
2015/01/21,0,753000,-364000,389000
2015/01/22,0,489000,-381000,108000
2015/01/23,0,289000,-502000,-213000
2015/01/26,0,231000,-275000,-44000
2015/01/27,0,273000,-271000,2000
2015/01/28,0,425000,-1619000,-1194000
2015/01/29,0,122000,-221000,-99000
2015/01/30,0,50000,-124000,-74000
2015/02/02,0,47000,-98000,-51000
2015/02/03,0,120000,-117000,3000
2015/02/04,0,807000,-65000,742000
2015/02/05,0,883000,-743000,140000
2015/02/06,0,81000,-901000,-820000
2015/02/09,0,65000,-189000,-124000
2015/02/10,0,179000,-124000,55000
2015/02/11,0,176000,-184000,-8000
2015/02/12,0,39000,-38000,1000
2015/02/13,0,4000,-138000,-134000
2015/02/16,0,0,0,0
2015/02/17,0,0,0,0
2015/02/18,0,0,0,0
2015/02/19,0,0,0,0
2015/02/20,0,0,0,0
2015/02/23,0,0,0,0
2015/02/24,0,40000,-133000,-93000
2015/02/25,0,381000,-90000,291000
2015/02/26,0,127000,-359000,-232000
2015/02/27,0,0,0,0
2015/03/02,0,30000,-17000,13000
2015/03/03,0,386000,-80000,306000
2015/03/04,0,102000,-237000,-135000
2015/03/05,0,528000,-124000,404000
2015/03/06,0,69000,-359000,-290000
2015/03/09,0,171000,-102000,69000
2015/03/10,0,134000,-139000,-5000
2015/03/11,0,72000,-50000,22000
2015/03/12,0,1098000,-153000,945000
2015/03/13,0,127000,-1201000,-1074000
2015/03/16,0,139000,-74000,65000
2015/03/17,0,262000,-32000,230000
2015/03/18,0,112000,-42000,70000
2015/03/19,0,105000,-93000,12000
2015/03/20,0,66000,-287000,-221000
2015/03/23,0,236000,-72000,164000
2015/03/24,0,247000,-312000,-65000
2015/03/25,0,168000,-261000,-93000
2015/03/26,0,47000,-26000,21000
2015/03/27,0,70000,-513000,-443000
2015/03/30,0,672000,-198000,474000
2015/03/31,0,187000,-685000,-498000
2015/04/01,0,128000,-272000,-144000
2015/04/02,0,113000,-174000,-61000
2015/04/03,0,0,0,0
2015/04/06,0,0,0,0
2015/04/07,0,8000,-340000,-332000
2015/04/08,0,341000,-385000,-44000
2015/04/09,0,323000,-137000,186000
2015/04/10,0,45000,-173000,-128000
2015/04/13,0,377000,-114000,263000
2015/04/14,0,22000,-142000,-120000
2015/04/15,0,18000,-127000,-109000
2015/04/16,0,91000,-239000,-148000
2015/04/17,0,13000,-98000,-85000
2015/04/20,0,53000,-45000,8000
2015/04/21,0,8000,-45000,-37000
2015/04/22,0,226000,-59000,167000
2015/04/23,0,264000,-258000,6000
2015/04/24,0,169000,-213000,-44000
2015/04/27,0,13000,-22000,-9000
2015/04/28,0,84000,-145000,-61000
2015/04/29,0,403000,-187000,216000
2015/04/30,0,51000,-185000,-134000
2015/05/01,0,0,0,0
2015/05/04,0,56000,-59000,-3000
2015/05/05,0,240000,-199000,41000
2015/05/06,0,533000,-250000,283000
2015/05/07,0,189000,-254000,-65000
2015/05/08,0,212000,-38000,174000
2015/05/11,0,456000,-478000,-22000
2015/05/12,0,991000,-500000,491000
2015/05/13,0,203000,-503000,-300000
2015/05/14,0,107000,-182000,-75000
2015/05/15,0,48000,-209000,-161000
2015/05/18,0,75000,-110000,-35000
2015/05/19,0,74000,-73000,1000
2015/05/20,0,944000,-483000,461000
2015/05/21,0,207000,-489000,-282000
2015/05/22,0,703000,-364000,339000
2015/05/25,0,513000,-381000,132000
2015/05/26,0,503000,-82000,421000
2015/05/27,0,435000,-83000,352000
2015/05/28,0,751000,-366000,385000
2015/05/29,0,96000,-273000,-177000
2015/06/01,0,216000,-348000,-132000
2015/06/02,0,583000,-175000,408000
2015/06/03,0,759000,-401000,358000
2015/06/04,0,185000,-390000,-205000
2015/06/05,0,83000,-237000,-154000
2015/06/08,0,64000,-91000,-27000
2015/06/09,0,132000,-191000,-59000
2015/06/10,0,45000,-152000,-107000
2015/06/11,0,69000,-100000,-31000
2015/06/12,0,54000,-85000,-31000
2015/06/15,0,39000,-65000,-26000
2015/06/16,0,86000,-121000,-35000
2015/06/17,0,157000,-121000,36000
2015/06/18,0,165000,-49000,116000
2015/06/19,0,0,0,0
2015/06/22,0,88000,-389000,-301000
2015/06/23,0,207000,-178000,29000
2015/06/24,0,393000,-100000,293000
2015/06/25,0,146000,-109000,37000
2015/06/26,0,120000,-117000,3000
2015/06/29,0,130000,-3010000,-2880000
2015/06/30,0,19000,-64000,-45000
2015/07/01,0,18000,-16000,2000
2015/07/02,0,928000,-159000,769000
2015/07/03,0,992000,-73000,919000
2015/07/06,0,23000,-128000,-105000
2015/07/07,0,785000,-209000,576000
2015/07/08,0,925000,-65000,860000
2015/07/09,0,138000,-1293000,-1155000
2015/07/10,0,0,0,0
2015/07/13,0,90000,-115000,-25000
2015/07/14,0,137000,-219000,-82000
2015/07/15,0,216000,-1266000,-1050000
2015/07/16,0,306000,-32000,274000
2015/07/17,0,102000,-58000,44000
2015/07/20,0,49000,-93000,-44000
2015/07/21,0,509000,-594000,-85000
2015/07/22,0,250000,-561000,-311000
2015/07/23,0,246000,-453000,-207000
2015/07/24,0,401000,-252000,149000
2015/07/27,0,229000,-235000,-6000
2015/07/28,0,562000,-9000,553000
2015/07/29,0,28000,-111000,-83000
2015/07/30,0,52000,-53000,-1000
2015/07/31,0,170000,-265000,-95000
2015/08/03,0,374000,-234000,140000
2015/08/04,0,317000,-504000,-187000
2015/08/05,0,715000,-198000,517000
2015/08/06,0,128000,-310000,-182000
2015/08/07,0,30000,-16000,14000
2015/08/10,0,512000,-204000,308000
2015/08/11,0,70000,-643000,-573000
2015/08/12,0,721000,-182000,539000
2015/08/13,0,719000,-550000,169000
2015/08/14,0,734000,-431000,303000
2015/08/17,0,469000,-719000,-250000
2015/08/18,0,426000,-216000,210000
2015/08/19,0,87000,-599000,-512000
2015/08/20,0,304000,-238000,66000
2015/08/21,0,376000,-155000,221000
2015/08/24,0,559000,-379000,180000
2015/08/25,0,336000,-160000,176000
2015/08/26,0,64000,-343000,-279000
2015/08/27,0,19000,-172000,-153000
2015/08/28,0,567000,-142000,425000
2015/08/31,0,178000,-317000,-139000
2015/09/01,0,65000,-226481,-161481
2015/09/02,0,371000,-92000,279000
2015/09/03,0,240000,-642000,-402000
2015/09/04,0,10000,-306000,-296000
2015/09/07,0,246000,-72000,174000
2015/09/08,0,94000,-131000,-37000
2015/09/09,0,64000,-443000,-379000
2015/09/10,0,26000,-108000,-82000
2015/09/11,0,143000,-186000,-43000
2015/09/14,0,61000,-208000,-147000
2015/09/15,0,409000,-62000,347000
2015/09/16,0,129000,-194000,-65000
2015/09/17,0,46000,-23000,23000
2015/09/18,0,195000,-57000,138000
2015/09/21,0,23000,-146000,-123000
2015/09/22,0,41000,-70000,-29000
2015/09/23,0,18000,-387000,-369000
2015/09/24,0,91000,-272000,-181000
2015/09/25,0,378000,-52000,326000
2015/09/28,0,0,0,0
2015/09/29,0,0,0,0
2015/09/30,0,198000,-222000,-24000
2015/10/01,0,222000,-133000,89000
2015/10/02,0,255000,-17000,238000
2015/10/05,0,690000,-106000,584000
2015/10/06,0,41000,-592000,-551000
2015/10/07,0,347000,-133000,214000
2015/10/08,0,89000,-282000,-193000
2015/10/09,0,0,0,0
2015/10/12,0,783000,-124000,659000
2015/10/13,0,102000,-807000,-705000
2015/10/14,0,708000,-47000,661000
2015/10/15,0,208000,-663000,-455000
2015/10/16,0,80000,-339000,-259000
2015/10/19,0,73000,-60000,13000
2015/10/20,0,111000,-53000,58000
2015/10/21,0,59000,-130000,-71000
2015/10/22,0,114000,-28000,86000
2015/10/23,0,42000,-10000,32000
2015/10/26,0,638000,-15000,623000
2015/10/27,0,180000,-433000,-253000
2015/10/28,0,12000,-287000,-275000
2015/10/29,0,128000,-132000,-4000
2015/10/30,0,62000,-256000,-194000
2015/11/02,0,54000,-135000,-81000
2015/11/03,0,266000,-43000,223000
2015/11/04,0,198000,-78000,120000
2015/11/05,0,112000,-45000,67000
2015/11/06,0,13000,-129000,-116000
2015/11/09,0,107000,-71000,36000
2015/11/10,0,0,-46000,-46000
2015/11/11,0,0,-58000,-58000
2015/11/12,0,10000,-36000,-26000
2015/11/13,0,22000,-118000,-96000
2015/11/16,0,1000,-63000,-62000
2015/11/17,0,12000,-33000,-21000
2015/11/18,0,54000,0,54000
2015/11/19,0,87000,-62000,25000
2015/11/20,0,1000,-22000,-21000
2015/11/23,0,48000,-114234,-66234
2015/11/24,0,10000,-66000,-56000
2015/11/25,0,84000,-8000,76000
2015/11/26,0,603000,-33000,570000
2015/11/27,0,63000,-584000,-521000
2015/11/30,0,849000,-64000,785000
2015/12/01,0,198000,-469000,-271000
2015/12/02,0,13000,-102000,-89000
2015/12/03,0,1197000,-30000,1167000
2015/12/04,0,76000,-581000,-505000
2015/12/07,0,76000,-225000,-149000
2015/12/08,0,112000,-214000,-102000
2015/12/09,0,15000,-83000,-68000
2015/12/10,0,22000,-326000,-304000
2015/12/11,0,38000,-257000,-219000
2015/12/14,0,489000,-3000,486000
2015/12/15,0,12000,-1000,11000
2015/12/16,0,577000,-756000,-179000
2015/12/17,0,1235000,-279000,956000
2015/12/18,0,569000,-813000,-244000
2015/12/21,0,1082000,-611000,471000
2015/12/22,0,294000,-1428000,-1134000
2015/12/23,0,418000,-323000,95000
2015/12/24,0,71000,-239000,-168000
2015/12/25,0,682000,-247000,435000
2015/12/28,0,812000,-578633,233367
2015/12/29,0,412000,-535000,-123000
2015/12/30,0,72000,-259000,-187000
2015/12/31,0,182000,-243000,-61000
2016/01/01,0,0,0,0
2016/01/04,0,135000,-4000,131000
2016/01/05,0,61000,-127000,-66000
2016/01/06,0,173000,-539000,-366000
2016/01/07,0,160000,-397000,-237000
2016/01/08,0,54000,-45222,8778
2016/01/11,0,569000,-204000,365000
2016/01/12,0,58000,-595000,-537000
2016/01/13,0,40000,-308000,-268000
2016/01/14,0,25000,-165000,-140000
2016/01/15,0,151000,-76000,75000
2016/01/18,0,565000,-210000,355000
2016/01/19,0,775000,-610000,165000
2016/01/20,0,1066000,-475000,591000
2016/01/21,0,279000,-263000,16000
2016/01/22,0,332000,-94000,238000
2016/01/25,0,95000,-79000,16000
2016/01/26,0,45000,-222000,-177000
2016/01/27,0,136000,-249000,-113000
2016/01/28,0,106000,-398000,-292000
2016/01/29,0,207000,-140000,67000
2016/02/01,0,1073000,-195000,878000
2016/02/02,0,824000,-196000,628000
2016/02/03,0,48000,-367000,-319000
2016/02/04,0,0,0,0
2016/02/05,0,0,0,0
2016/02/08,0,0,0,0
2016/02/09,0,0,0,0
2016/02/10,0,0,0,0
2016/02/11,0,0,0,0
2016/02/12,0,0,0,0
2016/02/15,0,99000,-84000,15000
2016/02/16,0,223000,-22270,200730
2016/02/17,0,107000,-94000,13000
2016/02/18,0,32000,-159000,-127000
2016/02/19,0,519000,-171000,348000
2016/02/22,0,614000,-504000,110000
2016/02/23,0,79000,-1243000,-1164000
2016/02/24,0,77000,-191000,-114000
2016/02/25,0,156000,-362000,-206000
2016/02/26,0,296000,-607000,-311000
2016/02/29,0,0,0,0
2016/03/01,0,36000,-381000,-345000
2016/03/02,0,92000,-299000,-207000
2016/03/03,0,97000,-367000,-270000
2016/03/04,0,1183000,-1093000,90000
2016/03/07,0,1620000,-1681000,-61000
2016/03/08,0,116000,-717000,-601000
2016/03/09,0,53000,-330000,-277000
2016/03/10,0,41000,-523000,-482000
2016/03/11,0,67000,-364734,-297734
2016/03/14,0,344000,-593000,-249000
2016/03/15,0,100000,-658000,-558000
2016/03/16,0,254000,-550000,-296000
2016/03/17,0,78000,-577000,-499000
2016/03/18,0,81000,-248000,-167000
2016/03/21,0,54000,-596000,-542000
2016/03/22,0,209000,-335000,-126000
2016/03/23,0,2000,-55000,-53000
2016/03/24,0,151000,-101000,50000
2016/03/25,0,29000,-288000,-259000
2016/03/28,0,15000,-107000,-92000
2016/03/29,0,238000,-504000,-266000
2016/03/30,0,104000,-704000,-600000
2016/03/31,0,30000,-309000,-279000
2016/04/01,0,13000,-166000,-153000
2016/04/04,0,0,0,0
2016/04/05,0,0,0,0
2016/04/06,0,10000,-105000,-95000
2016/04/07,0,32000,-226000,-194000
2016/04/08,0,46000,-55271,-9271
2016/04/11,0,36000,-10000,26000
2016/04/12,0,12000,-93000,-81000
2016/04/13,0,25000,-308000,-283000
2016/04/14,0,261000,-65000,196000
2016/04/15,0,32000,-83000,-51000
2016/04/18,0,200000,-41000,159000
2016/04/19,0,216000,-147000,69000
2016/04/20,0,39000,-311000,-272000
2016/04/21,0,31000,-111000,-80000
2016/04/22,0,29000,-165000,-136000
2016/04/25,0,469000,-114000,355000
2016/04/26,0,23000,-499000,-476000
2016/04/27,0,469000,-495000,-26000
2016/04/28,0,327000,-313000,14000
2016/04/29,0,123000,-170000,-47000
2016/05/02,0,0,0,0
2016/05/03,0,8000,-493000,-485000
2016/05/04,0,49000,-143000,-94000
2016/05/05,0,67000,-23000,44000
2016/05/06,0,107000,-3000,104000
2016/05/09,0,310000,-72000,238000
2016/05/10,0,96000,-290000,-194000
2016/05/11,0,34000,-79000,-45000
2016/05/12,0,38000,-101000,-63000
2016/05/13,0,471000,-142000,329000
2016/05/16,0,1020000,-66000,954000
2016/05/17,0,88000,-270000,-182000
2016/05/18,0,101000,-147000,-46000
2016/05/19,0,54000,-87000,-33000
2016/05/20,0,279000,-114000,165000
2016/05/23,0,183000,-37000,146000
2016/05/24,0,533000,-106000,427000
2016/05/25,0,745000,-291000,454000
2016/05/26,0,40000,-250000,-210000
2016/05/27,0,167000,-22000,145000
2016/05/30,0,2391000,-233000,2158000
2016/05/31,0,197000,-3115000,-2918000
2016/06/01,0,62000,-613000,-551000
2016/06/02,0,296000,-104000,192000
2016/06/03,0,87000,-909000,-822000
2016/06/06,0,6000,-215000,-209000
2016/06/07,0,159000,-106000,53000
2016/06/08,0,32000,-203000,-171000
2016/06/09,0,0,0,0
2016/06/10,0,0,0,0
2016/06/13,0,137000,-1724000,-1587000
2016/06/14,0,250000,-231000,19000
2016/06/15,0,104000,-132000,-28000
2016/06/16,0,20000,-113000,-93000
2016/06/17,0,479000,-230000,249000
2016/06/20,0,150000,-357000,-207000
2016/06/21,0,101000,-90000,11000
2016/06/22,0,63000,-80000,-17000
2016/06/23,0,13000,-92000,-79000
2016/06/24,0,128000,-231000,-103000
2016/06/27,0,503000,-67000,436000
2016/06/28,0,116000,-462000,-346000
2016/06/29,0,147000,-45000,102000
2016/06/30,0,77000,-156000,-79000
2016/07/01,0,15000,-186000,-171000
2016/07/04,0,38000,-35000,3000
2016/07/05,0,1000,-36000,-35000
2016/07/06,0,10000,-101000,-91000
2016/07/07,0,87000,-6000,81000
2016/07/08,0,0,0,0
2016/07/11,0,126000,-6000,120000
2016/07/12,0,4000,-96000,-92000
2016/07/13,0,689000,-146000,543000
2016/07/14,0,393000,-512000,-119000
2016/07/15,0,92000,-23000,69000
2016/07/18,0,31000,-87000,-56000
2016/07/19,0,681000,-29000,652000
2016/07/20,0,3148000,-40000,3108000
2016/07/21,0,632000,-3544000,-2912000
2016/07/22,0,75000,-775000,-700000
2016/07/25,0,499000,-98000,401000
2016/07/26,0,1086000,-518000,568000
2016/07/27,0,307000,-1235000,-928000
2016/07/28,0,28000,-452000,-424000
2016/07/29,0,26000,-70000,-44000
2016/08/01,0,413000,-32000,381000
2016/08/02,0,25000,-313000,-288000
2016/08/03,0,55000,-105000,-50000
2016/08/04,0,19000,-76000,-57000
2016/08/05,0,29000,-63000,-34000
2016/08/08,0,99000,-121000,-22000
2016/08/09,0,96000,-48000,48000
2016/08/10,0,543000,-34000,509000
2016/08/11,0,15000,-399000,-384000
2016/08/12,0,22000,-149000,-127000
2016/08/15,0,875000,-32000,843000
2016/08/16,0,83000,-687000,-604000
2016/08/17,0,7000,-228000,-221000
2016/08/18,0,45000,-67000,-22000
2016/08/19,0,26000,-41000,-15000
2016/08/22,0,697000,-119000,578000
2016/08/23,0,44000,-509000,-465000
2016/08/24,0,10000,-208000,-198000
2016/08/25,0,93000,-47000,46000
2016/08/26,0,1889000,-550000,1339000
2016/08/29,0,24000,-940000,-916000
2016/08/30,0,67000,-311000,-244000
2016/08/31,0,0,-133000,-133000
2016/09/01,0,3000,-175000,-172000
2016/09/02,0,678000,-90000,588000
2016/09/05,0,14000,-500000,-486000
2016/09/06,0,305000,-78000,227000
2016/09/07,0,1113000,-117000,996000
2016/09/08,0,276000,-809000,-533000
2016/09/09,0,143000,-365000,-222000
2016/09/12,0,1892000,-204000,1688000
2016/09/13,0,178000,-1099000,-921000
2016/09/14,0,153000,-78000,75000
2016/09/15,0,0,0,0
2016/09/16,0,0,0,0
2016/09/19,0,317000,-93000,224000
2016/09/20,0,125000,-237000,-112000
2016/09/21,0,35000,-208000,-173000
2016/09/22,0,210000,-241000,-31000
2016/09/23,0,664000,-46000,618000
2016/09/26,0,1690000,-392000,1298000
2016/09/27,0,0,0,0
2016/09/28,0,0,0,0
2016/09/29,0,980000,-1145000,-165000
2016/09/30,0,85000,-540000,-455000
2016/10/03,0,382000,-510000,-128000
2016/10/04,0,1441000,-165000,1276000
2016/10/05,0,216000,-1295000,-1079000
2016/10/06,0,42000,-679000,-637000
2016/10/07,0,265000,-338000,-73000
2016/10/10,0,0,0,0
2016/10/11,0,731000,-620000,111000
2016/10/12,0,112000,-597000,-485000
2016/10/13,0,56000,-497000,-441000
2016/10/14,0,84000,-354000,-270000
2016/10/17,0,74000,-78000,-4000
2016/10/18,0,28000,-58000,-30000
2016/10/19,0,59000,-63000,-4000
2016/10/20,0,33000,-46000,-13000
2016/10/21,0,20000,-57000,-37000
2016/10/24,0,1701000,-64000,1637000
2016/10/25,0,149000,-512000,-363000
2016/10/26,0,1302000,-892000,410000
2016/10/27,0,340000,-1322000,-982000
2016/10/28,0,92000,-406000,-314000
2016/10/31,0,346000,-48000,298000
2016/11/01,0,47000,-173000,-126000
2016/11/02,0,96000,-296000,-200000
2016/11/03,0,81000,-171000,-90000
2016/11/04,0,32000,-198000,-166000
2016/11/07,0,161000,-18000,143000
2016/11/08,0,50000,-138000,-88000
2016/11/09,0,76000,-361000,-285000
2016/11/10,0,174000,-229000,-55000
2016/11/11,0,54000,-61000,-7000
2016/11/14,0,69000,-63000,6000
2016/11/15,0,96000,-40000,56000
2016/11/16,0,79000,-77000,2000
2016/11/17,0,108000,-188000,-80000
2016/11/18,0,239000,-57000,182000
2016/11/21,0,69000,-158000,-89000
2016/11/22,0,1509000,-177000,1332000
2016/11/23,0,826000,-1258000,-432000
2016/11/24,0,3578000,-579000,2999000
2016/11/25,0,1010000,-2255000,-1245000
2016/11/28,0,1867000,-478864,1388136
2016/11/29,0,419000,-745000,-326000
2016/11/30,0,301000,-376000,-75000
2016/12/01,0,924000,-529000,395000
2016/12/02,0,184000,-902000,-718000
2016/12/05,0,1115000,-272000,843000
2016/12/06,0,427000,-1248000,-821000
2016/12/07,0,269000,-588000,-319000
2016/12/08,0,982000,-280000,702000
2016/12/09,0,1655000,-1101000,554000
2016/12/12,0,3132000,-1133000,1999000
2016/12/13,0,602000,-1446000,-844000
2016/12/14,0,1466000,-527000,939000
2016/12/15,0,579000,-653000,-74000
2016/12/16,0,2776000,-623000,2153000
2016/12/19,0,608000,-611000,-3000
2016/12/20,0,393000,-1009000,-616000
2016/12/21,0,526000,-365000,161000
2016/12/22,0,1515000,-1684000,-169000
2016/12/23,0,1103000,-2118000,-1015000
2016/12/26,0,727000,-1637000,-910000
2016/12/27,0,247000,-526000,-279000
2016/12/28,0,635000,-410000,225000
2016/12/29,0,573000,-944000,-371000
2016/12/30,0,126000,-813000,-687000
2017/01/02,0,0,0,0
2017/01/03,0,280000,-1545000,-1265000
2017/01/04,0,428000,-386000,42000
2017/01/05,0,990000,-424000,566000
2017/01/06,0,900000,-497000,403000
2017/01/09,0,566000,-440000,126000
2017/01/10,0,664000,-458000,206000
2017/01/11,0,624000,-544000,80000
2017/01/12,0,699000,-838000,-139000
2017/01/13,0,1088000,-437000,651000
2017/01/16,0,1045000,-220000,825000
2017/01/17,0,895000,-694000,201000
2017/01/18,0,819000,-899000,-80000
2017/01/19,0,243000,-515000,-272000
2017/01/20,0,493000,-121000,372000
2017/01/23,0,189000,-355000,-166000
2017/01/24,0,426000,-762000,-336000
2017/01/25,0,0,0,0
2017/01/26,0,0,0,0
2017/01/27,0,0,0,0
2017/01/30,0,0,0,0
2017/01/31,0,0,0,0
2017/02/01,0,0,0,0
2017/02/02,0,750000,-175000,575000
2017/02/03,0,449000,-782000,-333000
2017/02/06,0,875000,-318000,557000
2017/02/07,0,178000,-169000,9000
2017/02/08,0,471000,-939000,-468000
2017/02/09,0,462000,-172000,290000
2017/02/10,0,283000,-410000,-127000
2017/02/13,0,658000,-1072000,-414000
2017/02/14,0,175000,-675000,-500000
2017/02/15,0,123000,-303000,-180000
2017/02/16,0,353000,-344000,9000
2017/02/17,0,77000,-25000,52000
2017/02/20,0,267000,-587000,-320000
2017/02/21,0,675000,-478000,197000
2017/02/22,0,51000,-231000,-180000
2017/02/23,0,140000,-637000,-497000
2017/02/24,0,321000,-358000,-37000
2017/02/27,0,0,0,0
2017/02/28,0,0,0,0
2017/03/01,0,110000,-344000,-234000
2017/03/02,0,398000,-300000,98000
2017/03/03,0,369000,-183000,186000
2017/03/06,0,1315000,-417000,898000
2017/03/07,0,218000,-491000,-273000
2017/03/08,0,138000,-221000,-83000
2017/03/09,0,1078000,-385000,693000
2017/03/10,0,317000,-1935000,-1618000
2017/03/13,0,310000,-133000,177000
2017/03/14,0,386000,-149000,237000
2017/03/15,0,317000,-567000,-250000
2017/03/16,0,2071000,-348000,1723000
2017/03/17,0,193000,-1230000,-1037000
2017/03/20,0,1056000,-393000,663000
2017/03/21,0,123000,-670000,-547000
2017/03/22,0,137000,-209000,-72000
2017/03/23,0,1348000,-380000,968000
2017/03/24,0,1170000,-1531000,-361000
2017/03/27,0,911000,-873000,38000
2017/03/28,0,784000,-456000,328000
2017/03/29,0,225000,-557000,-332000
2017/03/30,0,1727000,-960000,767000
2017/03/31,0,455000,-1238000,-783000
2017/04/03,0,0,0,0
2017/04/04,0,0,0,0
2017/04/05,0,331000,-612000,-281000
2017/04/06,0,405000,-261000,144000
2017/04/07,0,765000,-399000,366000
2017/04/10,0,206000,-138000,68000
2017/04/11,0,233000,-475000,-242000
2017/04/12,0,479000,-644000,-165000
2017/04/13,0,3861000,-693000,3168000
2017/04/14,0,373000,-1511000,-1138000
2017/04/17,0,477000,-517000,-40000
2017/04/18,0,147000,-400000,-253000
2017/04/19,0,142000,-494000,-352000
2017/04/20,0,226000,-344000,-118000
2017/04/21,0,121000,-171000,-50000
2017/04/24,0,274000,-321000,-47000
2017/04/25,0,2413000,-717000,1696000
2017/04/26,0,3161000,-1728000,1433000
2017/04/27,0,885000,-3462000,-2577000
2017/04/28,0,1180000,-616000,564000
2017/05/01,0,0,0,0
2017/05/02,0,1212000,-1612000,-400000
2017/05/03,0,434000,-1124000,-690000
2017/05/04,0,793000,-434000,359000
2017/05/05,0,224000,-561000,-337000
2017/05/08,0,708000,-439000,269000
2017/05/09,0,705000,-1476100,-771100
2017/05/10,0,307000,-571000,-264000
2017/05/11,0,322000,-979000,-657000
2017/05/12,0,162000,-747000,-585000
2017/05/15,0,4186000,-769000,3417000
2017/05/16,0,386000,-2326000,-1940000
2017/05/17,0,133000,-998000,-865000
2017/05/18,0,194000,-733000,-539000
2017/05/19,0,141000,-417000,-276000
2017/05/22,0,235000,-262000,-27000
2017/05/23,0,528000,-391000,137000
2017/05/24,0,989000,-411000,578000
2017/05/25,0,197000,-818000,-621000
2017/05/26,0,234000,-306000,-72000
2017/05/29,0,0,0,0
2017/05/30,0,0,0,0
2017/05/31,0,413000,-241000,172000
2017/06/01,0,928000,-246000,682000
2017/06/02,0,2222000,-1139000,1083000
2017/06/05,0,1218000,-562000,656000
2017/06/06,0,158000,-724005,-566005
2017/06/07,0,699000,-1148000,-449000
2017/06/08,0,504000,-241000,263000
2017/06/09,0,154000,-378000,-224000
2017/06/12,0,864000,-187000,677000
2017/06/13,0,327000,-434000,-107000
2017/06/14,0,333000,-509000,-176000
2017/06/15,0,407000,-223000,184000
2017/06/16,0,418000,-81000,337000
2017/06/19,0,4931000,-410000,4521000
2017/06/20,0,330000,-4125000,-3795000
2017/06/21,0,331000,-838000,-507000
2017/06/22,0,538000,-115000,423000
2017/06/23,0,149000,-175000,-26000
2017/06/26,0,1714000,-529000,1185000
2017/06/27,0,1240000,-1156000,84000
2017/06/28,0,387000,-985000,-598000
2017/06/29,0,297000,-511000,-214000
2017/06/30,0,552000,-440000,112000
2017/07/03,0,754000,-789000,-35000
2017/07/04,0,102000,-710000,-608000
2017/07/05,0,991000,-1011000,-20000
2017/07/06,0,1305000,-1140000,165000
2017/07/07,0,299000,-789000,-490000
2017/07/10,0,956000,-168000,788000
2017/07/11,0,773000,-710000,63000
2017/07/12,0,172000,-959000,-787000
2017/07/13,0,440000,-146000,294000
2017/07/14,0,630000,-613000,17000
2017/07/17,0,1600000,-934000,666000
2017/07/18,0,1536000,-1645000,-109000
2017/07/19,0,368000,-1135000,-767000
2017/07/20,0,423000,-798000,-375000
2017/07/21,0,1527000,-993000,534000
2017/07/24,0,1015000,-1374000,-359000
2017/07/25,0,132000,-485000,-353000
2017/07/26,0,288000,-574000,-286000
2017/07/27,0,339000,-273000,66000
2017/07/28,0,174000,-816000,-642000
2017/07/31,0,389000,-609000,-220000
2017/08/01,0,534000,-429000,105000
2017/08/02,0,278000,-486000,-208000
2017/08/03,0,141000,-344000,-203000
2017/08/04,0,108000,-239000,-131000
2017/08/07,0,101000,-559000,-458000
2017/08/08,0,1065000,-776000,289000
2017/08/09,0,75000,-1182000,-1107000
2017/08/10,0,144000,-576000,-432000
2017/08/11,0,187000,-262000,-75000
2017/08/14,0,343000,-1078000,-735000
2017/08/15,0,434000,-414000,20000
2017/08/16,0,337000,-232000,105000
2017/08/17,0,507000,-232000,275000
2017/08/18,0,257000,-500000,-243000
