Date,Open,Buy,Sell,Total
2007/01/02,0,8184000,-2506000,5678000
2007/01/03,0,5252100,-1668000,3584100
2007/01/04,0,7511500,-4875000,2636500
2007/01/05,0,16784000,-5260607,11523393
2007/01/08,0,5619000,-7429751,-1810751
2007/01/09,0,5174000,-14124000,-8950000
2007/01/10,0,8807000,-14844000,-6037000
2007/01/11,0,10860000,-5885950,4974050
2007/01/12,0,14519000,-2982000,11537000
2007/01/15,0,10812000,-3219000,7593000
2007/01/16,0,6457000,-4908320,1548680
2007/01/17,0,4449000,-11756078,-7307078
2007/01/18,0,5297571,-4312939,984632
2007/01/19,0,7097000,-16093506,-8996506
2007/01/22,0,9449000,-10486772,-1037772
2007/01/23,0,7650000,-6636310,1013690
2007/01/24,0,14912565,-15576072,-663507
2007/01/25,0,20947000,-11066001,9880999
2007/01/26,0,4073000,-13901817,-9828817
2007/01/29,0,7709000,-7997332,-288332
2007/01/30,0,7083000,-10838372,-3755372
2007/01/31,0,10128000,-15231935,-5103935
2007/02/01,0,18157000,-1891000,16266000
2007/02/02,0,20901000,-1395440,19505560
2007/02/05,0,17855000,-4583215,13271785
2007/02/06,0,40703000,-13688990,27014010
2007/02/07,0,44283000,-7476000,36807000
2007/02/08,0,9906000,-8232676,1673324
2007/02/09,0,28222000,-2942000,25280000
2007/02/12,0,24098000,-7306723,16791277
2007/02/13,0,7368800,-12750600,-5381800
2007/02/14,0,21391000,-8544021,12846979
2007/02/15,0,0,0,0
2007/02/16,0,0,0,0
2007/02/19,0,0,0,0
2007/02/20,0,0,0,0
2007/02/21,0,0,0,0
2007/02/22,0,0,0,0
2007/02/23,0,0,0,0
2007/02/26,0,40008800,-17415914,22592886
2007/02/27,0,24313121,-23316499,996622
2007/02/28,0,0,0,0
2007/03/01,0,20640625,-35881928,-15241303
2007/03/02,0,8546000,-16234030,-7688030
2007/03/05,0,20249000,-19855251,393749
2007/03/06,0,8825000,-10353000,-1528000
2007/03/07,0,16342000,-14279417,2062583
2007/03/08,0,26125000,-21452140,4672860
2007/03/09,0,33137150,-8222280,24914870
2007/03/12,0,31022000,-18586000,12436000
2007/03/13,0,11097281,-8086069,3011212
2007/03/14,0,4967000,-15875000,-10908000
2007/03/15,0,17735000,-10015428,7719572
2007/03/16,0,14491000,-13876600,614400
2007/03/19,0,19321000,-26745599,-7424599
2007/03/20,0,38362420,-4127104,34235316
2007/03/21,0,18919500,-3430552,15488948
2007/03/22,0,18179000,-5537000,12642000
2007/03/23,0,22861500,-15831905,7029595
2007/03/26,0,14684000,-6897000,7787000
2007/03/27,0,18302000,-15276788,3025212
2007/03/28,0,18434000,-20140265,-1706265
2007/03/29,0,26591715,-20331224,6260491
2007/03/30,0,9094000,-1871571,7222429
2007/04/02,0,14648000,-9689000,4959000
2007/04/03,0,25387800,-3128000,22259800
2007/04/04,0,64964000,-3571571,61392429
2007/04/05,0,0,0,0
2007/04/06,0,0,0,0
2007/04/09,0,45774000,-7946000,37828000
2007/04/10,0,22676000,-15060000,7616000
2007/04/11,0,34996000,-7269484,27726516
2007/04/12,0,34220000,-10982250,23237750
2007/04/13,0,30680000,-2843001,27836999
2007/04/16,0,15989000,-2917000,13072000
2007/04/17,0,15517342,-4634006,10883336
2007/04/18,0,8037000,-2029650,6007350
2007/04/19,0,15371500,-21493000,-6121500
2007/04/20,0,15043000,-4134239,10908761
2007/04/23,0,28478000,-6262290,22215710
2007/04/24,0,44183000,-15162970,29020030
2007/04/25,0,46328000,-10987250,35340750
2007/04/26,0,25299000,-7164000,18135000
2007/04/27,0,18152000,-11316640,6835360
2007/04/30,0,14050000,-7867651,6182349
2007/05/01,0,0,0,0
2007/05/02,0,18224000,-10473000,7751000
2007/05/03,0,27749683,-6213767,21535916
2007/05/04,0,10939540,-6728000,4211540
2007/05/07,0,17831000,-4871800,12959200
2007/05/08,0,10290000,-1356000,8934000
2007/05/09,0,19144000,-11687523,7456477
2007/05/10,0,14987360,-27990000,-13002640
2007/05/11,0,5290000,-35661000,-30371000
2007/05/14,0,6554000,-7823000,-1269000
2007/05/15,0,5161000,-16416620,-11255620
2007/05/16,0,8732000,-10327000,-1595000
2007/05/17,0,35652000,-27366362,8285638
2007/05/18,0,16039000,-14135128,1903872
2007/05/21,0,14567000,-6653736,7913264
2007/05/22,0,4650000,-4393080,256920
2007/05/23,0,17241150,-2702000,14539150
2007/05/24,0,3350500,-6750330,-3399830
2007/05/25,0,1738000,-6389000,-4651000
2007/05/28,0,2194000,-352178,1841822
2007/05/29,0,5417000,-2825000,2592000
2007/05/30,0,8819680,-8348000,471680
2007/05/31,0,11205845,-10804253,401592
2007/06/01,0,10469000,-4058000,6411000
2007/06/04,0,13459710,-4866000,8593710
2007/06/05,0,16212000,-9071000,7141000
2007/06/06,0,46011300,-20190171,25821129
2007/06/07,0,11733000,-7387000,4346000
2007/06/08,0,29595000,-14028460,15566540
2007/06/11,0,20919000,-9827003,11091997
2007/06/12,0,28136000,-5361933,22774067
2007/06/13,0,21717000,-7165607,14551393
2007/06/14,0,44246000,-4876000,39370000
2007/06/15,0,23568000,-8080841,15487159
2007/06/18,0,0,0,0
2007/06/19,0,0,0,0
2007/06/20,0,46747000,-11159561,35587439
2007/06/21,0,50733000,-12450240,38282760
2007/06/22,0,17611000,-15222238,2388762
2007/06/25,0,10419000,-14895748,-4476748
2007/06/26,0,13248304,-17051227,-3802923
2007/06/27,0,13762000,-15246077,-1484077
2007/06/28,0,14697000,-6704699,7992301
2007/06/29,0,10084000,-13165229,-3081229
2007/07/02,0,4650000,-3594100,1055900
2007/07/03,0,12926000,-5201361,7724639
2007/07/04,0,3772000,-2059413,1712587
2007/07/05,0,8841000,-8069300,771700
2007/07/06,0,9852000,-3001257,6850743
2007/07/09,0,17282000,-8789888,8492112
2007/07/10,0,26782000,-6049000,20733000
2007/07/11,0,12725000,-4164000,8561000
2007/07/12,0,11542000,-11689420,-147420
2007/07/13,0,29519000,-16800062,12718938
2007/07/16,0,19826000,-22633753,-2807753
2007/07/17,0,22588200,-22396117,192083
2007/07/18,0,10151000,-13587970,-3436970
2007/07/19,0,10616000,-13093727,-2477727
2007/07/20,0,32281600,-27183000,5098600
2007/07/23,0,9385000,-22811928,-13426928
2007/07/24,0,19449000,-19549886,-100886
2007/07/25,0,16534000,-42729058,-26195058
2007/07/26,0,20605000,-26859704,-6254704
2007/07/27,0,33441000,-77360590,-43919590
2007/07/30,0,26772070,-29512115,-2740045
2007/07/31,0,24309000,-16904780,7404220
2007/08/01,0,21541758,-36889552,-15347794
2007/08/02,0,25924000,-15666400,10257600
2007/08/03,0,16633000,-7783133,8849867
2007/08/06,0,2726000,-18844718,-16118718
2007/08/07,0,6861000,-10114000,-3253000
2007/08/08,0,6063000,-4292073,1770927
2007/08/09,0,15929900,-10429622,5500278
2007/08/10,0,5742400,-14767720,-9025320
2007/08/13,0,6483000,-15064874,-8581874
2007/08/14,0,11426000,-14825004,-3399004
2007/08/15,0,12554000,-38773722,-26219722
2007/08/16,0,12681000,-47620476,-34939476
2007/08/17,0,11482000,-26128519,-14646519
2007/08/20,0,16566424,-15807657,758767
2007/08/21,0,40249000,-50386353,-10137353
2007/08/22,0,21015165,-22798745,-1783580
2007/08/23,0,30235634,-25697000,4538634
2007/08/24,0,6263000,-6517840,-254840
2007/08/27,0,14171000,-4544000,9627000
2007/08/28,0,12658819,-11150274,1508545
2007/08/29,0,13246267,-41868738,-28622471
2007/08/30,0,21679000,-10169000,11510000
2007/08/31,0,17293800,-14311000,2982800
2007/09/03,0,3936000,-6381498,-2445498
2007/09/04,0,8687000,-9209000,-522000
2007/09/05,0,17574000,-7685605,9888395
2007/09/06,0,24879000,-16448240,8430760
2007/09/07,0,26187130,-12349067,13838063
2007/09/10,0,10411000,-22279879,-11868879
2007/09/11,0,17320811,-32192802,-14871991
2007/09/12,0,30728185,-6974862,23753323
2007/09/13,0,24357000,-17110925,7246075
2007/09/14,0,29192000,-21315028,7876972
2007/09/17,0,5225849,-10175416,-4949567
2007/09/18,0,0,0,0
2007/09/19,0,26845980,-9929178,16916802
2007/09/20,0,18040000,-7646159,10393841
2007/09/21,0,8272000,-20906947,-12634947
2007/09/24,0,0,0,0
2007/09/25,0,0,0,0
2007/09/26,0,16728000,-12535857,4192143
2007/09/27,0,13245000,-13366885,-121885
2007/09/28,0,15549000,-23896166,-8347166
2007/10/01,0,1035000,-10411038,-9376038
2007/10/02,0,14547000,-20533579,-5986579
2007/10/03,0,15005331,-30352016,-15346685
2007/10/04,0,4201000,-31582297,-27381297
2007/10/05,0,4711000,-17579126,-12868126
2007/10/08,0,7169000,-6635583,533417
2007/10/09,0,21820000,-46101781,-24281781
2007/10/10,0,0,0,0
2007/10/11,0,8047000,-22773407,-14726407
2007/10/12,0,2148000,-17898636,-15750636
2007/10/15,0,30886000,-19163951,11722049
2007/10/16,0,7872000,-23557551,-15685551
2007/10/17,0,10801215,-19184319,-8383104
2007/10/18,0,35916000,-19844385,16071615
2007/10/19,0,21902000,-25478332,-3576332
2007/10/22,0,18088000,-47528284,-29440284
2007/10/23,0,21129000,-55352744,-34223744
2007/10/24,0,14009671,-62403822,-48394151
2007/10/25,0,20108916,-45762838,-25653922
2007/10/26,0,15441469,-25377115,-9935646
2007/10/29,0,15692584,-17829000,-2136416
2007/10/30,0,19663000,-4641493,15021507
2007/10/31,0,16049696,-9113543,6936153
2007/11/01,0,31211000,-14101992,17109008
2007/11/02,0,18542000,-18694372,-152372
2007/11/05,0,32789053,-20584516,12204537
2007/11/06,0,39942000,-13377170,26564830
2007/11/07,0,37860850,-5989269,31871581
2007/11/08,0,28406000,-13990191,14415809
2007/11/09,0,21275833,-28419930,-7144097
2007/11/12,0,9730000,-24077886,-14347886
2007/11/13,0,20960000,-32957927,-11997927
2007/11/14,0,17659000,-5975554,11683446
2007/11/15,0,7045000,-8228459,-1183459
2007/11/16,0,6514727,-18791563,-12276836
2007/11/19,0,10173347,-7893535,2279812
2007/11/20,0,12158000,-15391300,-3233300
2007/11/21,0,16287000,-30068815,-13781815
2007/11/22,0,30083000,-28008352,2074648
2007/11/23,0,18511000,-15202000,3309000
2007/11/26,0,16788000,-14514070,2273930
2007/11/27,0,6248000,-18898913,-12650913
2007/11/28,0,8638000,-8435347,202653
2007/11/29,0,26328000,-5498349,20829651
2007/11/30,0,22022193,-16501366,5520827
2007/12/03,0,11141657,-11811097,-669440
2007/12/04,0,9202233,-8193522,1008711
2007/12/05,0,8939000,-12629558,-3690558
2007/12/06,0,13014504,-8347164,4667340
2007/12/07,0,23475753,-18276566,5199187
2007/12/10,0,5412000,-8410302,-2998302
2007/12/11,0,7104000,-10147302,-3043302
2007/12/12,0,17615000,-35272811,-17657811
2007/12/13,0,12898000,-47388273,-34490273
2007/12/14,0,21862616,-23090464,-1227848
2007/12/17,0,9426000,-51165287,-41739287
2007/12/18,0,52632000,-61348701,-8716701
2007/12/19,0,25549945,-12011356,13538589
2007/12/20,0,11672510,-6868161,4804349
2007/12/21,0,13999000,-9251596,4747404
2007/12/24,0,11805000,-8022520,3782480
2007/12/25,0,342000,-1513025,-1171025
2007/12/26,0,3007000,-4843000,-1836000
2007/12/27,0,11034000,-2780000,8254000
2007/12/28,0,31452000,-8132688,23319312
2007/12/31,0,9477000,-7554079,1922921
2008/01/01,0,0,0,0
2008/01/02,0,3065673,-12948511,-9882838
2008/01/03,0,6903000,-15968883,-9065883
2008/01/04,0,8067000,-14263250,-6196250
2008/01/07,0,6795000,-19791446,-12996446
2008/01/08,0,8962000,-21824206,-12862206
2008/01/09,0,22685000,-26590193,-3905193
2008/01/10,0,8645000,-6386390,2258610
2008/01/11,0,9095733,-10382483,-1286750
2008/01/14,0,21645000,-17853215,3791785
2008/01/15,0,22644000,-31569795,-8925795
2008/01/16,0,6823144,-32159400,-25336256
2008/01/17,0,14071000,-15637624,-1566624
2008/01/18,0,20622202,-21780398,-1158196
2008/01/21,0,12237000,-28209744,-15972744
2008/01/22,0,13530000,-15786000,-2256000
2008/01/23,0,20279243,-16135833,4143410
2008/01/24,0,25098000,-13424835,11673165
2008/01/25,0,23528000,-9888515,13639485
2008/01/28,0,13201000,-23924000,-10723000
2008/01/29,0,14223000,-11086785,3136215
2008/01/30,0,16446312,-19505000,-3058688
2008/01/31,0,28860000,-53418487,-24558487
2008/02/01,0,6018000,-28598018,-22580018
2008/02/04,0,0,0,0
2008/02/05,0,0,0,0
2008/02/06,0,0,0,0
2008/02/07,0,0,0,0
2008/02/08,0,0,0,0
2008/02/11,0,0,0,0
2008/02/12,0,34672000,-48654693,-13982693
2008/02/13,0,19953000,-3427817,16525183
2008/02/14,0,39436000,-37012077,2423923
2008/02/15,0,16709000,-11209000,5500000
2008/02/18,0,10442000,-19806668,-9364668
2008/02/19,0,11378000,-28849925,-17471925
2008/02/20,0,7953000,-29553159,-21600159
2008/02/21,0,17677163,-13459970,4217193
2008/02/22,0,28317613,-25421595,2896018
2008/02/25,0,37684000,-17324614,20359386
2008/02/26,0,44675000,-14497630,30177370
2008/02/27,0,42121000,-39534000,2587000
2008/02/28,0,0,0,0
2008/02/29,0,39250841,-67828735,-28577894
2008/03/03,0,7507000,-16228000,-8721000
2008/03/04,0,26255000,-16509092,9745908
2008/03/05,0,26581100,-32871000,-6289900
2008/03/06,0,50571100,-29737406,20833694
2008/03/07,0,56439700,-52541182,3898518
2008/03/10,0,15798542,-62194027,-46395485
2008/03/11,0,13147000,-51115008,-37968008
2008/03/12,0,37070000,-37452269,-382269
2008/03/13,0,29395000,-49689000,-20294000
2008/03/14,0,11507000,-31504969,-19997969
2008/03/17,0,32482000,-49035000,-16553000
2008/03/18,0,20938000,-27731976,-6793976
2008/03/19,0,19410000,-23011299,-3601299
2008/03/20,0,21531000,-58102187,-36571187
2008/03/21,0,13913000,-55114000,-41201000
2008/03/24,0,34051000,-73688000,-39637000
2008/03/25,0,19363000,-75547727,-56184727
2008/03/26,0,32348000,-68060207,-35712207
2008/03/27,0,19822185,-137328365,-117506180
2008/03/28,0,24390185,-36282161,-11891976
2008/03/31,0,16560014,-27449243,-10889229
2008/04/01,0,29698602,-25184001,4514601
2008/04/02,0,58379000,-26632935,31746065
2008/04/03,0,37929000,-15433314,22495686
2008/04/04,0,0,0,0
2008/04/07,0,27810000,-23267405,4542595
2008/04/08,0,14477000,-26692223,-12215223
2008/04/09,0,29820000,-23252412,6567588
2008/04/10,0,21582000,-14171764,7410236
2008/04/11,0,39724000,-19949474,19774526
2008/04/14,0,13864000,-38375436,-24511436
2008/04/15,0,21878000,-43595000,-21717000
2008/04/16,0,23475000,-23591205,-116205
2008/04/17,0,36571087,-21423000,15148087
2008/04/18,0,69018000,-20592123,48425877
2008/04/21,0,23083419,-15461799,7621620
2008/04/22,0,24504000,-17846293,6657707
2008/04/23,0,46029000,-51767773,-5738773
2008/04/24,0,22439000,-41302348,-18863348
2008/04/25,0,23073000,-31233670,-8160670
2008/04/28,0,25406000,-27230143,-1824143
2008/04/29,0,14333200,-25931925,-11598725
2008/04/30,0,15774000,-20354259,-4580259
2008/05/01,0,0,0,0
2008/05/02,0,49775303,-16476200,33299103
2008/05/05,0,13032806,-13900279,-867473
2008/05/06,0,26907408,-4813545,22093863
2008/05/07,0,37818000,-4059000,33759000
2008/05/08,0,41738000,-36360275,5377725
2008/05/09,0,16107000,-21338760,-5231760
2008/05/12,0,11301400,-14591050,-3289650
2008/05/13,0,22194787,-6370000,15824787
2008/05/14,0,12380975,-3102321,9278654
2008/05/15,0,19469905,-17185035,2284870
2008/05/16,0,9676000,-41127054,-31451054
2008/05/19,0,4440000,-44273649,-39833649
2008/05/20,0,12071000,-21349514,-9278514
2008/05/21,0,5297412,-19062896,-13765484
2008/05/22,0,5659000,-16725630,-11066630
2008/05/23,0,7894000,-11253229,-3359229
2008/05/26,0,8383000,-7209335,1173665
2008/05/27,0,5232000,-5989355,-757355
2008/05/28,0,5141000,-12231000,-7090000
2008/05/29,0,17292000,-18351000,-1059000
2008/05/30,0,30740620,-9593400,21147220
2008/06/02,0,8280992,-9990909,-1709917
2008/06/03,0,7108681,-41958022,-34849341
2008/06/04,0,5315104,-24233513,-18918409
2008/06/05,0,9549569,-27212643,-17663074
2008/06/06,0,16808000,-10305256,6502744
2008/06/09,0,8715000,-14827000,-6112000
2008/06/10,0,4364000,-15348753,-10984753
2008/06/11,0,18414000,-36996935,-18582935
2008/06/12,0,13091390,-16440000,-3348610
2008/06/13,0,10252920,-22137000,-11884080
2008/06/16,0,16830000,-18769000,-1939000
2008/06/17,0,14071000,-9290955,4780045
2008/06/18,0,3873000,-13145110,-9272110
2008/06/19,0,10694000,-20988828,-10294828
2008/06/20,0,12831357,-25455359,-12624002
2008/06/23,0,28016660,-25093075,2923585
2008/06/24,0,26069300,-51107300,-25038000
2008/06/25,0,29241010,-37750359,-8509349
2008/06/26,0,22960257,-11233000,11727257
2008/06/27,0,25875001,-28824000,-2948999
2008/06/30,0,18234000,-9947000,8287000
2008/07/01,0,20035000,-9352684,10682316
2008/07/02,0,11404000,-17348000,-5944000
2008/07/03,0,19882000,-26449317,-6567317
2008/07/04,0,10071000,-11594000,-1523000
2008/07/07,0,18746263,-8267000,10479263
2008/07/08,0,35452000,-41234926,-5782926
2008/07/09,0,48432000,-124550404,-76118404
2008/07/10,0,53866901,-44047561,9819340
2008/07/11,0,39906000,-30949000,8957000
2008/07/14,0,16122000,-21151000,-5029000
2008/07/15,0,19241000,-24678689,-5437689
2008/07/16,0,24512000,-14068905,10443095
2008/07/17,0,29667000,-28752945,914055
2008/07/18,0,17372000,-18145853,-773853
2008/07/21,0,19714000,-7271423,12442577
2008/07/22,0,6926000,-21363000,-14437000
2008/07/23,0,30545000,-26656225,3888775
2008/07/24,0,23088902,-31702654,-8613752
2008/07/25,0,3945000,-40995129,-37050129
2008/07/28,0,0,0,0
2008/07/29,0,22934000,-56085800,-33151800
2008/07/30,0,15053000,-20055000,-5002000
2008/07/31,0,9148000,-30041200,-20893200
2008/08/01,0,28072000,-13082349,14989651
2008/08/04,0,8061949,-14111901,-6049952
2008/08/05,0,12202000,-22931000,-10729000
2008/08/06,0,18979000,-12168640,6810360
2008/08/07,0,4087999,-11539000,-7451001
2008/08/08,0,20557282,-22164048,-1606766
2008/08/11,0,27248705,-36250000,-9001295
2008/08/12,0,33020000,-23855577,9164423
2008/08/13,0,12591000,-28942793,-16351793
2008/08/14,0,15677000,-19551085,-3874085
2008/08/15,0,19433000,-18234000,1199000
2008/08/18,0,11849000,-10392000,1457000
2008/08/19,0,23185000,-43569000,-20384000
2008/08/20,0,11088252,-14943000,-3854748
2008/08/21,0,7792000,-13574308,-5782308
2008/08/22,0,24904000,-26438315,-1534315
2008/08/25,0,16969947,-8884721,8085226
2008/08/26,0,5774000,-10317025,-4543025
2008/08/27,0,12057000,-15336710,-3279710
2008/08/28,0,45924000,-38271225,7652775
2008/08/29,0,24292000,-30277366,-5985366
2008/09/01,0,11048849,-25425380,-14376531
2008/09/02,0,7471900,-41124675,-33652775
2008/09/03,0,42940000,-21819888,21120112
2008/09/04,0,18771000,-32542880,-13771880
2008/09/05,0,17869000,-25651930,-7782930
2008/09/08,0,22924000,-9702758,13221242
2008/09/09,0,35854282,-51942210,-16087928
2008/09/10,0,44006000,-40514817,3491183
2008/09/11,0,18562000,-24288719,-5726719
2008/09/12,0,17591000,-8851694,8739306
2008/09/15,0,11457500,-9898449,1559051
2008/09/16,0,35258950,-20036130,15222820
2008/09/17,0,42974404,-23042463,19931941
2008/09/18,0,52059743,-57710368,-5650625
2008/09/19,0,34102000,-7108626,26993374
2008/09/22,0,62448643,-21402424,41046219
2008/09/23,0,36480386,-31945074,4535312
2008/09/24,0,28656026,-16552525,12103501
2008/09/25,0,15608100,-15939134,-331034
2008/09/26,0,31033300,-15945831,15087469
2008/09/29,0,0,0,0
2008/09/30,0,30364901,-30109614,255287
2008/10/01,0,37192000,-40037277,-2845277
2008/10/02,0,26438800,-20247551,6191249
2008/10/03,0,16153398,-9799200,6354198
2008/10/06,0,20659690,-21373417,-713727
2008/10/07,0,17164400,-12704597,4459803
2008/10/08,0,18415296,-28269483,-9854187
2008/10/09,0,62391739,-44872552,17519187
2008/10/10,0,0,0,0
2008/10/13,0,58376649,-29093824,29282825
2008/10/14,0,33385000,-27057343,6327657
2008/10/15,0,20834369,-8957459,11876910
2008/10/16,0,8069600,-9106000,-1036400
2008/10/17,0,11597300,-24512070,-12914770
2008/10/20,0,10881636,-7973049,2908587
2008/10/21,0,17886248,-30055669,-12169421
2008/10/22,0,15148900,-9630001,5518899
2008/10/23,0,3093600,-1777000,1316600
2008/10/24,0,6755090,-4712000,2043090
2008/10/27,0,10892200,-9710000,1182200
2008/10/28,0,36915316,-71466797,-34551481
2008/10/29,0,38369306,-22703905,15665401
2008/10/30,0,37884775,-40465401,-2580626
2008/10/31,0,45126100,-36000456,9125644
2008/11/03,0,12169000,-27648827,-15479827
2008/11/04,0,32712590,-27609047,5103543
2008/11/05,0,37926770,-27107847,10818923
2008/11/06,0,17989400,-15240441,2748959
2008/11/07,0,21264000,-31475375,-10211375
2008/11/10,0,20904891,-4470691,16434200
2008/11/11,0,24441000,-20661098,3779902
2008/11/12,0,18886701,-22714110,-3827409
2008/11/13,0,10815300,-23082303,-12267003
2008/11/14,0,35576001,-16694749,18881252
2008/11/17,0,37428591,-32719896,4708695
2008/11/18,0,33985998,-13475736,20510262
2008/11/19,0,16312000,-25968603,-9656603
2008/11/20,0,24967150,-23687016,1280134
2008/11/21,0,22074000,-37035960,-14961960
2008/11/24,0,20470000,-24959896,-4489896
2008/11/25,0,46545000,-29831069,16713931
2008/11/26,0,15250198,-30630058,-15379860
2008/11/27,0,18579450,-31403878,-12824428
2008/11/28,0,18988700,-8809509,10179191
2008/12/01,0,27504416,-33401555,-5897139
2008/12/02,0,17518400,-10838208,6680192
2008/12/03,0,20547051,-21854700,-1307649
2008/12/04,0,11956500,-11997300,-40800
2008/12/05,0,18628300,-6659884,11968416
2008/12/08,0,32744539,-31923190,821349
2008/12/09,0,31293098,-21120539,10172559
2008/12/10,0,20751000,-23973266,-3222266
2008/12/11,0,67468510,-33512168,33956342
2008/12/12,0,46046000,-18128811,27917189
2008/12/15,0,39489300,-12942382,26546918
2008/12/16,0,11352700,-7135756,4216944
2008/12/17,0,34349200,-8460671,25888529
2008/12/18,0,12481100,-16489998,-4008898
2008/12/19,0,14841700,-27485094,-12643394
2008/12/22,0,25640300,-17429656,8210644
2008/12/23,0,12614000,-11104000,1510000
2008/12/24,0,11447641,-7335923,4111718
2008/12/25,0,633000,-2947000,-2314000
2008/12/26,0,2337000,-3641000,-1304000
2008/12/29,0,3037000,-4455000,-1418000
2008/12/30,0,2571000,-2510199,60801
2008/12/31,0,25883000,-12217998,13665002
2009/01/01,0,0,0,0
2009/01/02,0,0,0,0
2009/01/05,0,34546000,-22573954,11972046
2009/01/06,0,55545370,-32025398,23519972
2009/01/07,0,47279624,-31433756,15845868
2009/01/08,0,18646000,-32015400,-13369400
2009/01/09,0,24525000,-13191700,11333300
2009/01/12,0,22151560,-46286986,-24135426
2009/01/13,0,16482457,-24504397,-8021940
2009/01/14,0,27618490,-25708773,1909717
2009/01/15,0,8868701,-19750266,-10881565
2009/01/16,0,15643000,-23712508,-8069508
2009/01/19,0,13900501,-5885305,8015196
2009/01/20,0,15994000,-22937549,-6943549
2009/01/21,0,30097269,-45858661,-15761392
2009/01/22,0,0,0,0
2009/01/23,0,0,0,0
2009/01/26,0,0,0,0
2009/01/27,0,0,0,0
2009/01/28,0,0,0,0
2009/01/29,0,0,0,0
2009/01/30,0,0,0,0
2009/02/02,0,52574263,-61212505,-8638242
2009/02/03,0,15461000,-14846071,614929
2009/02/04,0,30579000,-11734000,18845000
2009/02/05,0,15492000,-15988565,-496565
2009/02/06,0,19346000,-3952672,15393328
2009/02/09,0,53911000,-15713000,38198000
2009/02/10,0,14962000,-15974200,-1012200
2009/02/11,0,22479000,-22668995,-189995
2009/02/12,0,31880000,-26535356,5344644
2009/02/13,0,35382000,-21620725,13761275
2009/02/16,0,8841000,-13069519,-4228519
2009/02/17,0,8650000,-11673482,-3023482
2009/02/18,0,38978000,-33732706,5245294
2009/02/19,0,17203000,-16307391,895609
2009/02/20,0,7145702,-29515702,-22370000
2009/02/23,0,23225130,-24074732,-849602
2009/02/24,0,4824000,-33569260,-28745260
2009/02/25,0,16612000,-18788267,-2176267
2009/02/26,0,9113500,-13984452,-4870952
2009/02/27,0,12275139,-15834791,-3559652
2009/03/02,0,4712127,-28734732,-24022605
2009/03/03,0,21092000,-18325000,2767000
2009/03/04,0,25939888,-15503899,10435989
2009/03/05,0,14432000,-7930660,6501340
2009/03/06,0,12925000,-21827349,-8902349
2009/03/09,0,18825000,-10616000,8209000
2009/03/10,0,11044000,-12735699,-1691699
2009/03/11,0,18398736,-42975678,-24576942
2009/03/12,0,15001000,-16633000,-1632000
2009/03/13,0,30981000,-8503949,22477051
2009/03/16,0,24425000,-12305997,12119003
2009/03/17,0,14421000,-8318999,6102001
2009/03/18,0,28895000,-10870250,18024750
2009/03/19,0,53417000,-14201050,39215950
2009/03/20,0,13281388,-16425692,-3144304
2009/03/23,0,16912188,-15996441,915747
2009/03/24,0,18549000,-15729099,2819901
2009/03/25,0,17845000,-6895430,10949570
2009/03/26,0,19180000,-12630961,6549039
2009/03/27,0,38754000,-11077505,27676495
2009/03/30,0,25296100,-12054647,13241453
2009/03/31,0,14464500,-38100325,-23635825
2009/04/01,0,5178000,-18698000,-13520000
2009/04/02,0,32659000,-8382000,24277000
2009/04/03,0,28268000,-34479901,-6211901
2009/04/06,0,40894000,-43203838,-2309838
2009/04/07,0,19737241,-33093000,-13355759
2009/04/08,0,34816000,-60309000,-25493000
2009/04/09,0,25159000,-18350570,6808430
2009/04/10,0,31902000,-7035281,24866719
2009/04/13,0,28110695,-18980695,9130000
2009/04/14,0,15178227,-8013693,7164534
2009/04/15,0,12642000,-16773557,-4131557
2009/04/16,0,25839000,-15290000,10549000
2009/04/17,0,59499949,-10717689,48782260
2009/04/20,0,39290000,-5890000,33400000
2009/04/21,0,23697000,-41184000,-17487000
2009/04/22,0,15539900,-16388000,-848100
2009/04/23,0,36623300,-9108734,27514566
2009/04/24,0,33521000,-8880000,24641000
2009/04/27,0,34597977,-32268924,2329053
2009/04/28,0,27175422,-13437844,13737578
2009/04/29,0,25293000,-7796036,17496964
2009/04/30,0,19921000,-2738730,17182270
2009/05/01,0,0,0,0
2009/05/04,0,38508987,-21445968,17063019
2009/05/05,0,45059813,-23041462,22018351
2009/05/06,0,17848000,-37707671,-19859671
2009/05/07,0,22960000,-21102912,1857088
2009/05/08,0,13471471,-27178598,-13707127
2009/05/11,0,11041000,-12490755,-1449755
2009/05/12,0,16613000,-24717646,-8104646
2009/05/13,0,9868000,-27271694,-17403694
2009/05/14,0,6009541,-63673000,-57663459
2009/05/15,0,19753000,-19559743,193257
2009/05/18,0,23838884,-18953849,4885035
2009/05/19,0,14158380,-11080000,3078380
2009/05/20,0,21758500,-13261237,8497263
2009/05/21,0,37260000,-17557300,19702700
2009/05/22,0,4834000,-16996000,-12162000
2009/05/25,0,4148000,-29421583,-25273583
2009/05/26,0,22328000,-29279000,-6951000
2009/05/27,0,20736484,-35227431,-14490947
2009/05/28,0,0,0,0
2009/05/29,0,0,0,0
2009/06/01,0,23063950,-30587557,-7523607
2009/06/02,0,9953000,-14013000,-4060000
2009/06/03,0,38198000,-19500780,18697220
2009/06/04,0,15350000,-17812420,-2462420
2009/06/05,0,12854561,-7641000,5213561
2009/06/08,0,31051000,-21578099,9472901
2009/06/09,0,26337000,-11003000,15334000
2009/06/10,0,17537000,-17223975,313025
2009/06/11,0,20323000,-12787121,7535879
2009/06/12,0,11562000,-18729600,-7167600
2009/06/15,0,23714687,-20256492,3458195
2009/06/16,0,14082000,-27446149,-13364149
2009/06/17,0,19930685,-14136615,5794070
2009/06/18,0,18766000,-25759615,-6993615
2009/06/19,0,5732068,-13445305,-7713237
2009/06/22,0,10077000,-13476449,-3399449
2009/06/23,0,4826200,-21732986,-16906786
2009/06/24,0,15089000,-15646242,-557242
2009/06/25,0,6292000,-10553100,-4261100
2009/06/26,0,8195000,-8815559,-620559
2009/06/29,0,9255000,-15737400,-6482400
2009/06/30,0,7131000,-7484241,-353241
2009/07/01,0,22552280,-12471860,10080420
2009/07/02,0,16289000,-22745000,-6456000
2009/07/03,0,6942505,-12193558,-5251053
2009/07/06,0,15703000,-12506555,3196445
2009/07/07,0,9634000,-21828549,-12194549
2009/07/08,0,16961000,-12912161,4048839
2009/07/09,0,42569700,-20549000,22020700
2009/07/10,0,25377000,-8364000,17013000
2009/07/13,0,26625000,-21847000,4778000
2009/07/14,0,25985500,-13407430,12578070
2009/07/15,0,24071000,-8274000,15797000
2009/07/16,0,23460582,-4450000,19010582
2009/07/17,0,25126505,-5712987,19413518
2009/07/20,0,28743000,-8142773,20600227
2009/07/21,0,18061000,-3453140,14607860
2009/07/22,0,19045000,-14983014,4061986
2009/07/23,0,26065500,-12590220,13475280
2009/07/24,0,19875476,-33686879,-13811403
2009/07/27,0,18355000,-26983944,-8628944
2009/07/28,0,13699000,-16680049,-2981049
2009/07/29,0,14475145,-16307646,-1832501
2009/07/30,0,14862000,-16611000,-1749000
2009/07/31,0,32630000,-23945049,8684951
2009/08/03,0,18712890,-8212005,10500885
2009/08/04,0,29690000,-22777196,6912804
2009/08/05,0,22755000,-54467632,-31712632
2009/08/06,0,27561000,-46705612,-19144612
2009/08/07,0,0,0,0
2009/08/10,0,9760687,-29261912,-19501225
2009/08/11,0,22023075,-31778757,-9755682
2009/08/12,0,43919000,-33126450,10792550
2009/08/13,0,27433460,-7351299,20082161
2009/08/14,0,17369000,-5128985,12240015
2009/08/17,0,17300500,-18583912,-1283412
2009/08/18,0,4966000,-12145850,-7179850
2009/08/19,0,9229000,-14475215,-5246215
2009/08/20,0,9499000,-8561000,938000
2009/08/21,0,14227000,-14446329,-219329
2009/08/24,0,9667000,-9778000,-111000
2009/08/25,0,7182000,-16797187,-9615187
2009/08/26,0,34732000,-45267565,-10535565
2009/08/27,0,25058000,-29384100,-4326100
2009/08/28,0,15802000,-8829000,6973000
2009/08/31,0,12498982,-12725245,-226263
2009/09/01,0,10514602,-26929992,-16415390
2009/09/02,0,9510790,-50104033,-40593243
2009/09/03,0,23345000,-29767898,-6422898
2009/09/04,0,24330000,-43667790,-19337790
2009/09/07,0,9346000,-14530000,-5184000
2009/09/08,0,23616301,-23151391,464910
2009/09/09,0,7549550,-16983399,-9433849
2009/09/10,0,27497612,-14511099,12986513
2009/09/11,0,4323790,-17397954,-13074164
2009/09/14,0,4053000,-32607735,-28554735
2009/09/15,0,7350264,-46696741,-39346477
2009/09/16,0,19004000,-22178968,-3174968
2009/09/17,0,11349000,-11211557,137443
2009/09/18,0,12589000,-24995606,-12406606
2009/09/21,0,5024000,-11420108,-6396108
2009/09/22,0,17146000,-5031218,12114782
2009/09/23,0,12954104,-14022230,-1068126
2009/09/24,0,9152000,-21917993,-12765993
2009/09/25,0,3401900,-25786646,-22384746
2009/09/28,0,13766300,-19260529,-5494229
2009/09/29,0,32384304,-27694048,4690256
2009/09/30,0,8275920,-27348491,-19072571
2009/10/01,0,8501000,-29672320,-21171320
2009/10/02,0,13167000,-36842119,-23675119
2009/10/05,0,8942207,-22456501,-13514294
2009/10/06,0,23209100,-15096655,8112445
2009/10/07,0,25310110,-13815130,11494980
2009/10/08,0,18881000,-18701909,179091
2009/10/09,0,19526100,-14080243,5445857
2009/10/12,0,11701000,-5201000,6500000
2009/10/13,0,29680860,-19226062,10454798
2009/10/14,0,14449821,-27587380,-13137559
2009/10/15,0,33889500,-15576490,18313010
2009/10/16,0,5393000,-46703850,-41310850
2009/10/19,0,9819000,-37266608,-27447608
2009/10/20,0,12516310,-15136500,-2620190
2009/10/21,0,9370500,-46333695,-36963195
2009/10/22,0,6487000,-36107528,-29620528
2009/10/23,0,5359000,-16448199,-11089199
2009/10/26,0,5633100,-7876841,-2243741
2009/10/27,0,3039567,-25697193,-22657626
2009/10/28,0,7873000,-46755888,-38882888
2009/10/29,0,9845980,-45483997,-35638017
2009/10/30,0,9509390,-15612650,-6103260
2009/11/02,0,8693788,-26865765,-18171977
2009/11/03,0,10754000,-21815305,-11061305
2009/11/04,0,25245610,-22264343,2981267
2009/11/05,0,15131200,-24966814,-9835614
2009/11/06,0,21368480,-26711110,-5342630
2009/11/09,0,9244200,-7017250,2226950
2009/11/10,0,37441000,-24840148,12600852
2009/11/11,0,22707000,-6929392,15777608
2009/11/12,0,24771143,-20924487,3846656
2009/11/13,0,48510000,-22325579,26184421
2009/11/16,0,38430380,-17008036,21422344
2009/11/17,0,39675198,-7832445,31842753
2009/11/18,0,29272000,-23832720,5439280
2009/11/19,0,7898809,-12903135,-5004326
2009/11/20,0,14299000,-14158116,140884
2009/11/23,0,6730600,-9333772,-2603172
2009/11/24,0,10820100,-9426289,1393811
2009/11/25,0,37391325,-19163955,18227370
2009/11/26,0,20090000,-18326993,1763007
2009/11/27,0,9163000,-26236451,-17073451
2009/11/30,0,31425808,-28960120,2465688
2009/12/01,0,48552000,-10657142,37894858
2009/12/02,0,54213000,-27771092,26441908
2009/12/03,0,38186000,-11647235,26538765
2009/12/04,0,15895300,-11386879,4508421
2009/12/07,0,38412800,-21726177,16686623
2009/12/08,0,20672440,-4221781,16450659
2009/12/09,0,16159138,-2916908,13242230
2009/12/10,0,40068100,-18185915,21882185
2009/12/11,0,26721350,-4396000,22325350
2009/12/14,0,26101000,-9218227,16882773
2009/12/15,0,31537824,-23453860,8083964
2009/12/16,0,9063000,-17821800,-8758800
2009/12/17,0,14237550,-9814830,4422720
2009/12/18,0,36883000,-21567150,15315850
2009/12/21,0,65164000,-39358289,25805711
2009/12/22,0,54880000,-26856019,28023981
2009/12/23,0,13397000,-14033688,-636688
2009/12/24,0,11656000,-3422000,8234000
2009/12/25,0,2707000,-1121385,1585615
2009/12/28,0,10468000,-4553400,5914600
2009/12/29,0,3949000,-1429000,2520000
2009/12/30,0,14458000,-10005082,4452918
2009/12/31,0,10514000,-2754121,7759879
2010/01/01,0,0,0,0
2010/01/04,0,23352000,-28928694,-5576694
2010/01/05,0,38090000,-9239888,28850112
2010/01/06,0,36406125,-19723971,16682154
2010/01/07,0,16799000,-14022259,2776741
2010/01/08,0,27813560,-11942134,15871426
2010/01/11,0,26061000,-19810451,6250549
2010/01/12,0,7327000,-19238268,-11911268
2010/01/13,0,13021000,-9447133,3573867
2010/01/14,0,19458700,-1964192,17494508
2010/01/15,0,22132000,-7521407,14610593
2010/01/18,0,4260807,-22990307,-18729500
2010/01/19,0,20667800,-14194568,6473232
2010/01/20,0,13014600,-19529570,-6514970
2010/01/21,0,22546000,-17654606,4891394
2010/01/22,0,16552000,-27317000,-10765000
2010/01/25,0,8852720,-12823003,-3970283
2010/01/26,0,15199900,-35977000,-20777100
2010/01/27,0,15404000,-17318602,-1914602
2010/01/28,0,13182752,-41464184,-28281432
2010/01/29,0,15330000,-37013526,-21683526
2010/02/01,0,30205496,-56667735,-26462239
2010/02/02,0,32826000,-18326546,14499454
2010/02/03,0,14214470,-22693897,-8479427
2010/02/04,0,13086000,-20731557,-7645557
2010/02/05,0,8596000,-25101900,-16505900
2010/02/08,0,9377000,-16581025,-7204025
2010/02/09,0,25793000,-25173494,619506
2010/02/10,0,14051000,-28129543,-14078543
2010/02/11,0,0,0,0
2010/02/12,0,0,0,0
2010/02/15,0,0,0,0
2010/02/16,0,0,0,0
2010/02/17,0,0,0,0
2010/02/18,0,0,0,0
2010/02/19,0,0,0,0
2010/02/22,0,17609400,-31677578,-14068178
2010/02/23,0,12711311,-32160956,-19449645
2010/02/24,0,5300000,-38037225,-32737225
2010/02/25,0,13888000,-38695820,-24807820
2010/02/26,0,9462891,-15568614,-6105723
2010/03/01,0,41537000,-25769820,15767180
2010/03/02,0,13842300,-11350505,2491795
2010/03/03,0,9171000,-8726587,444413
2010/03/04,0,14246000,-26863652,-12617652
2010/03/05,0,24891000,-18637000,6254000
2010/03/08,0,37139000,-10788517,26350483
2010/03/09,0,19099357,-14422520,4676837
2010/03/10,0,13233000,-14723349,-1490349
2010/03/11,0,7415000,-16813397,-9398397
2010/03/12,0,16085000,-13039060,3045940
2010/03/15,0,13565000,-9045300,4519700
2010/03/16,0,25681001,-6562875,19118126
2010/03/17,0,69278400,-10914125,58364275
2010/03/18,0,19414000,-6298952,13115048
2010/03/19,0,5860000,-4077705,1782295
2010/03/22,0,19154000,-14859585,4294415
2010/03/23,0,18281000,-11531000,6750000
2010/03/24,0,16111980,-8730319,7381661
2010/03/25,0,5276121,-11625000,-6348879
2010/03/26,0,15006000,-14768000,238000
2010/03/29,0,12759000,-9570311,3188689
2010/03/30,0,15097515,-7779091,7318424
2010/03/31,0,28399700,-14632339,13767361
2010/04/01,0,21631000,-8376472,13254528
2010/04/02,0,19006000,-4021000,14985000
2010/04/05,0,0,0,0
2010/04/06,0,37863000,-11138416,26724584
2010/04/07,0,13280230,-3812998,9467232
2010/04/08,0,26168000,-24270000,1898000
2010/04/09,0,13666500,-23266492,-9599992
2010/04/12,0,13600271,-14604629,-1004358
2010/04/13,0,6637000,-11392036,-4755036
2010/04/14,0,10881255,-5172890,5708365
2010/04/15,0,8790000,-14295293,-5505293
2010/04/16,0,13158910,-13231376,-72466
2010/04/19,0,6692000,-16384413,-9692413
2010/04/20,0,8193770,-10950808,-2757038
2010/04/21,0,14830000,-7975424,6854576
2010/04/22,0,18390000,-25388510,-6998510
2010/04/23,0,76224000,-19321280,56902720
2010/04/26,0,33893110,-6852600,27040510
2010/04/27,0,9992800,-12228000,-2235200
2010/04/28,0,14269003,-19860769,-5591766
2010/04/29,0,12757000,-10615599,2141401
2010/04/30,0,34179383,-21664210,12515173
2010/05/03,0,26767000,-27888004,-1121004
2010/05/04,0,13407000,-13035330,371670
2010/05/05,0,6084985,-44081100,-37996115
2010/05/06,0,11964467,-41958617,-29994150
2010/05/07,0,31809230,-40735343,-8926113
2010/05/10,0,10346820,-12482800,-2135980
2010/05/11,0,10050000,-28788090,-18738090
2010/05/12,0,11724347,-29893884,-18169537
2010/05/13,0,17450000,-12237473,5212527
2010/05/14,0,15613000,-8621290,6991710
2010/05/17,0,6275000,-20044496,-13769496
2010/05/18,0,15778000,-41119000,-25341000
2010/05/19,0,20299004,-64451080,-44152076
2010/05/20,0,9025000,-24219140,-15194140
2010/05/21,0,21404390,-18705920,2698470
2010/05/24,0,5834200,-6963160,-1128960
2010/05/25,0,8468000,-23171715,-14703715
2010/05/26,0,15273720,-21543310,-6269590
2010/05/27,0,10169365,-11725405,-1556040
2010/05/28,0,22970000,-13549000,9421000
2010/05/31,0,14361000,-4425821,9935179
2010/06/01,0,13878000,-10109000,3769000
2010/06/02,0,6143000,-16197020,-10054020
2010/06/03,0,20795686,-9067053,11728633
2010/06/04,0,6082000,-3529000,2553000
2010/06/07,0,22548195,-24507900,-1959705
2010/06/08,0,4833000,-27057390,-22224390
2010/06/09,0,7288000,-47592707,-40304707
2010/06/10,0,10576000,-12206000,-1630000
2010/06/11,0,16311000,-10840250,5470750
2010/06/14,0,29402000,-7239000,22163000
2010/06/15,0,20591542,-12598220,7993322
2010/06/16,0,0,0,0
2010/06/17,0,23913010,-15311920,8601090
2010/06/18,0,9131000,-8318256,812744
2010/06/21,0,32411000,-29926248,2484752
2010/06/22,0,4603710,-12689850,-8086140
2010/06/23,0,16561200,-22205522,-5644322
2010/06/24,0,2217000,-7708436,-5491436
2010/06/25,0,7592000,-5810280,1781720
2010/06/28,0,4531800,-9677250,-5145450
2010/06/29,0,17771000,-46581837,-28810837
2010/06/30,0,12171427,-38001044,-25829617
2010/07/01,0,6814000,-22580627,-15766627
2010/07/02,0,8942000,-12630351,-3688351
2010/07/05,0,16716000,-10530619,6185381
2010/07/06,0,8459000,-16098105,-7639105
2010/07/07,0,9569761,-15015652,-5445891
2010/07/08,0,21984000,-5597196,16386804
2010/07/09,0,18551000,-4406647,14144353
2010/07/12,0,10513731,-18088217,-7574486
2010/07/13,0,8097000,-8036310,60690
2010/07/14,0,21195126,-8405700,12789426
2010/07/15,0,9419000,-13855862,-4436862
2010/07/16,0,4590000,-7720502,-3130502
2010/07/19,0,6917000,-17786960,-10869960
2010/07/20,0,14055260,-12952000,1103260
2010/07/21,0,7941000,-9402862,-1461862
2010/07/22,0,3249341,-12592057,-9342716
2010/07/23,0,20939050,-7664000,13275050
2010/07/26,0,14563070,-5323907,9239163
2010/07/27,0,10869543,-10341410,528133
2010/07/28,0,10559000,-8572336,1986664
2010/07/29,0,29035000,-23278441,5756559
2010/07/30,0,2541200,-8933829,-6392629
2010/08/02,0,15148000,-3957210,11190790
2010/08/03,0,15433000,-21988082,-6555082
2010/08/04,0,3936300,-8788222,-4851922
2010/08/05,0,2852000,-6576101,-3724101
2010/08/06,0,11716000,-30215708,-18499708
2010/08/09,0,13808000,-19977000,-6169000
2010/08/10,0,14935000,-12638000,2297000
2010/08/11,0,8006300,-11918720,-3912420
2010/08/12,0,3145785,-13383000,-10237215
2010/08/13,0,7675428,-9836083,-2160655
2010/08/16,0,2655000,-10101679,-7446679
2010/08/17,0,6567000,-16064000,-9497000
2010/08/18,0,5953000,-25560481,-19607481
2010/08/19,0,10116000,-13127605,-3011605
2010/08/20,0,11592000,-18245999,-6653999
2010/08/23,0,9166000,-14130284,-4964284
2010/08/24,0,7674060,-15528187,-7854127
2010/08/25,0,17032000,-40182961,-23150961
2010/08/26,0,5887000,-17578521,-11691521
2010/08/27,0,7646000,-7695555,-49555
2010/08/30,0,8681485,-10278000,-1596515
2010/08/31,0,10002000,-7538173,2463827
2010/09/01,0,7230000,-11692941,-4462941
2010/09/02,0,13827000,-2023231,11803769
2010/09/03,0,24899000,-12566647,12332353
2010/09/06,0,16224000,-5747000,10477000
2010/09/07,0,14348950,-3123890,11225060
2010/09/08,0,17952093,-10319899,7632194
2010/09/09,0,44570000,-15419621,29150379
2010/09/10,0,39518700,-18565000,20953700
2010/09/13,0,26517000,-8653000,17864000
2010/09/14,0,19441700,-8049449,11392251
2010/09/15,0,35261195,-19430521,15830674
2010/09/16,0,38693000,-5925530,32767470
2010/09/17,0,11894000,-5059000,6835000
2010/09/20,0,9526200,-7111000,2415200
2010/09/21,0,13524000,-9681000,3843000
2010/09/22,0,0,0,0
2010/09/23,0,13008000,-9163468,3844532
2010/09/24,0,8469440,-17483000,-9013560
2010/09/27,0,7900010,-11806664,-3906654
2010/09/28,0,26284830,-12860300,13424530
2010/09/29,0,26791000,-28944070,-2153070
2010/09/30,0,63837000,-25654800,38182200
2010/10/01,0,6289678,-3375050,2914628
2010/10/04,0,9886080,-10870000,-983920
2010/10/05,0,10085972,-9223980,861992
2010/10/06,0,17754676,-14900588,2854088
2010/10/07,0,24623480,-22336002,2287478
2010/10/08,0,58508970,-76653109,-18144139
2010/10/11,0,18299470,-18403066,-103596
2010/10/12,0,11780130,-31207000,-19426870
2010/10/13,0,2948840,-8154709,-5205869
2010/10/14,0,22736600,-9948091,12788509
2010/10/15,0,18093180,-7203000,10890180
2010/10/18,0,15984000,-10585000,5399000
2010/10/19,0,15765763,-22782483,-7016720
2010/10/20,0,8755000,-26078000,-17323000
2010/10/21,0,12051000,-60042891,-47991891
2010/10/22,0,24551148,-41034344,-16483196
2010/10/25,0,15245000,-27247000,-12002000
2010/10/26,0,36614000,-28821298,7792702
2010/10/27,0,13506690,-8887000,4619690
2010/10/28,0,37142567,-25590850,11551717
2010/10/29,0,16519000,-10553000,5966000
2010/11/01,0,24926000,-8271150,16654850
2010/11/02,0,20903000,-7639000,13264000
2010/11/03,0,17423000,-12482551,4940449
2010/11/04,0,17886000,-12806898,5079102
2010/11/05,0,22668000,-7025826,15642174
2010/11/08,0,9924000,-5159551,4764449
2010/11/09,0,14865000,-9610600,5254400
2010/11/10,0,8869000,-11471490,-2602490
2010/11/11,0,8294500,-14997366,-6702866
2010/11/12,0,5001500,-17760410,-12758910
2010/11/15,0,4795320,-36928568,-32133248
2010/11/16,0,15279000,-28196830,-12917830
2010/11/17,0,6043900,-12500421,-6456521
2010/11/18,0,8349488,-18209090,-9859602
2010/11/19,0,22655870,-24611360,-1955490
2010/11/22,0,33564910,-18655300,14909610
2010/11/23,0,44695620,-30123014,14572606
2010/11/24,0,15035000,-11682500,3352500
2010/11/25,0,24964000,-9439744,15524256
2010/11/26,0,7499000,-10008000,-2509000
2010/11/29,0,22272500,-34733735,-12461235
2010/11/30,0,15351515,-28479445,-13127930
2010/12/01,0,10872910,-18222910,-7350000
2010/12/02,0,17549054,-26865412,-9316358
2010/12/03,0,15409000,-20101270,-4692270
2010/12/06,0,18132000,-9624000,8508000
2010/12/07,0,18571530,-5148000,13423530
2010/12/08,0,25069000,-12799417,12269583
2010/12/09,0,28407000,-21761230,6645770
2010/12/10,0,24365330,-16039320,8326010
2010/12/13,0,18409000,-9761870,8647130
2010/12/14,0,17922550,-15144450,2778100
2010/12/15,0,26572700,-14220942,12351758
2010/12/16,0,28387940,-20293340,8094600
2010/12/17,0,12113000,-15658868,-3545868
2010/12/20,0,6251930,-10215000,-3963070
2010/12/21,0,4389000,-4414750,-25750
2010/12/22,0,9784000,-7595200,2188800
2010/12/23,0,12461000,-9359000,3102000
2010/12/24,0,2117000,-341000,1776000
2010/12/27,0,2918500,-6024000,-3105500
2010/12/28,0,6269000,-6465000,-196000
2010/12/29,0,4727400,-5851766,-1124366
2010/12/30,0,8102000,-10458000,-2356000
2010/12/31,0,4542000,-2513880,2028120
2011/01/03,0,12918000,-7673763,5244237
2011/01/04,0,5915000,-16579350,-10664350
2011/01/05,0,16692000,-15748525,943475
2011/01/06,0,6352000,-11871400,-5519400
2011/01/07,0,10489000,-14821909,-4332909
2011/01/10,0,8091000,-33382000,-25291000
2011/01/11,0,7348000,-38614084,-31266084
2011/01/12,0,4888112,-17515000,-12626888
2011/01/13,0,10552992,-15706000,-5153008
2011/01/14,0,2068000,-7406030,-5338030
2011/01/17,0,4336032,-14119000,-9782968
2011/01/18,0,4705500,-15422053,-10716553
2011/01/19,0,11525000,-14232225,-2707225
2011/01/20,0,3998000,-26280000,-22282000
2011/01/21,0,7622986,-47402948,-39779962
2011/01/24,0,4063000,-9101000,-5038000
2011/01/25,0,4709594,-9247967,-4538373
2011/01/26,0,4392000,-8517857,-4125857
2011/01/27,0,2427000,-12506785,-10079785
2011/01/28,0,9037660,-17576000,-8538340
2011/01/31,0,0,0,0
2011/02/01,0,0,0,0
2011/02/02,0,0,0,0
2011/02/03,0,0,0,0
2011/02/04,0,0,0,0
2011/02/07,0,0,0,0
2011/02/08,0,12935921,-14085464,-1149543
2011/02/09,0,10642268,-23525677,-12883409
2011/02/10,0,3854000,-22976360,-19122360
2011/02/11,0,5791000,-27137083,-21346083
2011/02/14,0,12622000,-18302670,-5680670
2011/02/15,0,9221000,-14201689,-4980689
2011/02/16,0,10139000,-14588491,-4449491
2011/02/17,0,16709000,-22503564,-5794564
2011/02/18,0,8601000,-12467905,-3866905
2011/02/21,0,8012400,-14699000,-6686600
2011/02/22,0,14169000,-24813000,-10644000
2011/02/23,0,20968000,-17003910,3964090
2011/02/24,0,4964186,-10986000,-6021814
2011/02/25,0,24205000,-23354235,850765
2011/02/28,0,0,0,0
2011/03/01,0,9207000,-29285049,-20078049
2011/03/02,0,5574736,-15324975,-9750239
2011/03/03,0,12337000,-5561710,6775290
2011/03/04,0,2317464,-4883307,-2565843
2011/03/07,0,6481000,-11468730,-4987730
2011/03/08,0,15028000,-9675958,5352042
2011/03/09,0,12775631,-29574459,-16798828
2011/03/10,0,19221000,-13645470,5575530
2011/03/11,0,12411000,-10656910,1754090
2011/03/14,0,18861000,-18830390,30610
2011/03/15,0,14063000,-19100060,-5037060
2011/03/16,0,25477000,-10899432,14577568
2011/03/17,0,20475000,-17684360,2790640
2011/03/18,0,12593340,-15784560,-3191220
2011/03/21,0,3815000,-6623179,-2808179
2011/03/22,0,7675346,-17580000,-9904654
2011/03/23,0,11251000,-35779440,-24528440
2011/03/24,0,13105000,-27854990,-14749990
2011/03/25,0,23041660,-18862723,4178937
2011/03/28,0,11278000,-9882980,1395020
2011/03/29,0,11652000,-7446704,4205296
2011/03/30,0,15694000,-20365000,-4671000
2011/03/31,0,27237790,-75583711,-48345921
2011/04/01,0,19453240,-27854700,-8401460
2011/04/04,0,0,0,0
2011/04/05,0,0,0,0
2011/04/06,0,38432024,-10742920,27689104
2011/04/07,0,10095140,-7257772,2837368
2011/04/08,0,21428017,-1518660,19909357
2011/04/11,0,14116915,-6424000,7692915
2011/04/12,0,15834500,-16653870,-819370
2011/04/13,0,15770000,-30254046,-14484046
2011/04/14,0,9898420,-18036422,-8138002
2011/04/15,0,4163000,-5456000,-1293000
2011/04/18,0,13089100,-30903539,-17814439
2011/04/19,0,13708406,-9777000,3931406
2011/04/20,0,24112145,-25209000,-1096855
2011/04/21,0,13275400,-20219298,-6943898
2011/04/22,0,8435000,-3733640,4701360
2011/04/25,0,5579000,-5286000,293000
2011/04/26,0,7329362,-9204000,-1874638
2011/04/27,0,20690637,-17832901,2857736
2011/04/28,0,22649441,-44146468,-21497027
2011/04/29,0,18803082,-27586000,-8782918
2011/05/02,0,0,0,0
2011/05/03,0,14185026,-12384517,1800509
2011/05/04,0,1842953,-6555576,-4712623
2011/05/05,0,3225489,-5331840,-2106351
2011/05/06,0,2840745,-15570770,-12730025
2011/05/09,0,17645000,-4611000,13034000
2011/05/10,0,15764000,-10360274,5403726
2011/05/11,0,7103000,-13515580,-6412580
2011/05/12,0,9014500,-23411233,-14396733
2011/05/13,0,15711000,-27612000,-11901000
2011/05/16,0,8343000,-31290940,-22947940
2011/05/17,0,11914000,-7413000,4501000
2011/05/18,0,5992000,-7203036,-1211036
2011/05/19,0,9115000,-19148194,-10033194
2011/05/20,0,9388000,-22089007,-12701007
2011/05/23,0,5565000,-30621153,-25056153
2011/05/24,0,19048240,-10701334,8346906
2011/05/25,0,30556406,-35136920,-4580514
2011/05/26,0,17524245,-14991503,2532742
2011/05/27,0,12776000,-19103000,-6327000
2011/05/30,0,11251500,-14462000,-3210500
2011/05/31,0,12988648,-4146487,8842161
2011/06/01,0,19554900,-12143987,7410913
2011/06/02,0,32256000,-24523000,7733000
2011/06/03,0,30600000,-24364325,6235675
2011/06/06,0,0,0,0
2011/06/07,0,25828000,-27984039,-2156039
2011/06/08,0,25946000,-31227000,-5281000
2011/06/09,0,18707000,-21347791,-2640791
2011/06/10,0,24157391,-29214042,-5056651
2011/06/13,0,11506000,-17576483,-6070483
2011/06/14,0,14483000,-17719001,-3236001
2011/06/15,0,24385000,-29561367,-5176367
2011/06/16,0,3661240,-16525494,-12864254
2011/06/17,0,9681405,-26555292,-16873887
2011/06/20,0,21403000,-25366613,-3963613
2011/06/21,0,31067330,-32953390,-1886060
2011/06/22,0,8860000,-14893380,-6033380
2011/06/23,0,4256154,-38554198,-34298044
2011/06/24,0,9745000,-7875327,1869673
2011/06/27,0,4810000,-5118954,-308954
2011/06/28,0,2822000,-6834758,-4012758
2011/06/29,0,6257000,-6788370,-531370
2011/06/30,0,11520000,-9978430,1541570
2011/07/01,0,4758831,-3774366,984465
2011/07/04,0,8186160,-9146220,-960060
2011/07/05,0,18424964,-10552000,7872964
2011/07/06,0,14490560,-5645000,8845560
2011/07/07,0,6296216,-3751060,2545156
2011/07/08,0,21530799,-1194983,20335816
2011/07/11,0,12762696,-18520148,-5757452
2011/07/12,0,14919171,-7408400,7510771
2011/07/13,0,13199040,-17278572,-4079532
2011/07/14,0,5209728,-5804000,-594272
2011/07/15,0,14265212,-18063000,-3797788
2011/07/18,0,5040749,-5120000,-79251
2011/07/19,0,10994000,-3736407,7257593
2011/07/20,0,12902030,-5657000,7245030
2011/07/21,0,16470042,-13667501,2802541
2011/07/22,0,24206547,-11592560,12613987
2011/07/25,0,10438990,-6456983,3982007
2011/07/26,0,14474124,-11192790,3281334
2011/07/27,0,6167064,-2702590,3464474
2011/07/28,0,8377565,-13276264,-4898699
2011/07/29,0,16372946,-19615689,-3242743
2011/08/01,0,16682730,-4678000,12004730
2011/08/02,0,15007788,-17544000,-2536212
2011/08/03,0,11876318,-29649000,-17772682
2011/08/04,0,18964596,-19576050,-611454
2011/08/05,0,14840247,-13391139,1449108
2011/08/08,0,12960672,-22831286,-9870614
2011/08/09,0,24191445,-36028765,-11837320
2011/08/10,0,23206000,-24077128,-871128
2011/08/11,0,40932000,-44715110,-3783110
2011/08/12,0,4840000,-28631589,-23791589
2011/08/15,0,4670467,-3706000,964467
2011/08/16,0,5484000,-5429000,55000
2011/08/17,0,8668439,-8752000,-83561
2011/08/18,0,10643330,-11538951,-895621
2011/08/19,0,5864514,-28928250,-23063736
2011/08/22,0,8244013,-8465000,-220987
2011/08/23,0,9644000,-16521015,-6877015
2011/08/24,0,5278266,-13640700,-8362434
2011/08/25,0,5861990,-8607386,-2745396
2011/08/26,0,7172792,-7468000,-295208
2011/08/29,0,9111000,-2228249,6882751
2011/08/30,0,9557956,-10635362,-1077406
2011/08/31,0,8339193,-13663000,-5323807
2011/09/01,0,47385348,-20345617,27039731
2011/09/02,0,8828819,-15521833,-6693014
2011/09/05,0,1520000,-11388276,-9868276
2011/09/06,0,9111936,-26924117,-17812181
2011/09/07,0,7821698,-12065000,-4243302
2011/09/08,0,9573998,-15655339,-6081341
2011/09/09,0,10239000,-3326104,6912896
2011/09/12,0,0,0,0
2011/09/13,0,4472789,-15905270,-11432481
2011/09/14,0,5011726,-15268978,-10257252
2011/09/15,0,17383000,-30055116,-12672116
2011/09/16,0,21512000,-6589647,14922353
2011/09/19,0,6048569,-10140000,-4091431
2011/09/20,0,8108788,-8362681,-253893
2011/09/21,0,21899374,-13827020,8072354
2011/09/22,0,10284448,-21083490,-10799042
2011/09/23,0,11421269,-21400700,-9979431
2011/09/26,0,12308161,-39290119,-26981958
2011/09/27,0,13734827,-20263000,-6528173
2011/09/28,0,15256349,-19001000,-3744651
2011/09/29,0,25098221,-23486488,1611733
2011/09/30,0,12191000,-10747000,1444000
2011/10/03,0,6923573,-17386897,-10463324
2011/10/04,0,12012000,-15858000,-3846000
2011/10/05,0,4425000,-23351410,-18926410
2011/10/06,0,15562000,-6028058,9533942
2011/10/07,0,8568000,-884000,7684000
2011/10/10,0,0,0,0
2011/10/11,0,31238000,-8086080,23151920
2011/10/12,0,10057953,-6569273,3488680
2011/10/13,0,18374449,-10189940,8184509
2011/10/14,0,8739418,-1726756,7012662
2011/10/17,0,11096845,-4545473,6551372
2011/10/18,0,4240738,-9056000,-4815262
2011/10/19,0,8879883,-6909000,1970883
2011/10/20,0,5732532,-8232780,-2500248
2011/10/21,0,12661350,-4772400,7888950
2011/10/24,0,23894007,-10064157,13829850
2011/10/25,0,23680711,-15106000,8574711
2011/10/26,0,7367000,-22190543,-14823543
2011/10/27,0,7761000,-4345000,3416000
2011/10/28,0,46359000,-7495346,38863654
2011/10/31,0,30046000,-16232659,13813341
2011/11/01,0,16174000,-19405000,-3231000
2011/11/02,0,35691700,-39608256,-3916556
2011/11/03,0,84165000,-44213000,39952000
2011/11/04,0,22047000,-17041336,5005664
2011/11/07,0,37571000,-17889000,19682000
2011/11/08,0,15953063,-4303000,11650063
2011/11/09,0,17988286,-23390960,-5402674
2011/11/10,0,10467286,-43131965,-32664679
2011/11/11,0,12323000,-18296000,-5973000
2011/11/14,0,21494000,-13873419,7620581
2011/11/15,0,15179000,-9098000,6081000
2011/11/16,0,29176000,-33068460,-3892460
2011/11/17,0,10351143,-15826447,-5475304
2011/11/18,0,8801001,-25802000,-17000999
2011/11/21,0,6082000,-4436000,1646000
2011/11/22,0,2805000,-19887755,-17082755
2011/11/23,0,26703000,-14893000,11810000
2011/11/24,0,9825000,-24462000,-14637000
2011/11/25,0,11300000,-14161000,-2861000
2011/11/28,0,4738000,-4626000,112000
2011/11/29,0,13910564,-20821380,-6910816
2011/11/30,0,25965611,-34235000,-8269389
2011/12/01,0,1093000,-5189000,-4096000
2011/12/02,0,40982000,-36101000,4881000
2011/12/05,0,21894000,-11363000,10531000
2011/12/06,0,15082000,-15992000,-910000
2011/12/07,0,10360000,-15664510,-5304510
2011/12/08,0,12897000,-20523432,-7626432
2011/12/09,0,9756897,-16243710,-6486813
2011/12/12,0,5731000,-4306000,1425000
2011/12/13,0,4893000,-8649000,-3756000
2011/12/14,0,1617000,-10574598,-8957598
2011/12/15,0,5575000,-22054180,-16479180
2011/12/16,0,5888000,-8407907,-2519907
2011/12/19,0,5092000,-7007000,-1915000
2011/12/20,0,5397000,-21800841,-16403841
2011/12/21,0,11838000,-28256000,-16418000
2011/12/22,0,5815000,-3979991,1835009
2011/12/23,0,6451000,-4847217,1603783
2011/12/26,0,1629000,-1755000,-126000
2011/12/27,0,4777000,-781000,3996000
2011/12/28,0,5440000,-4112000,1328000
2011/12/29,0,19785916,-14331916,5454000
2011/12/30,0,13017112,-1112000,11905112
2012/01/02,0,5249000,-1247000,4002000
2012/01/03,0,7349000,-3536000,3813000
2012/01/04,0,10209000,-8295000,1914000
2012/01/05,0,10163000,-15393314,-5230314
2012/01/06,0,8665393,-18334000,-9668607
2012/01/09,0,8625000,-5479657,3145343
2012/01/10,0,32630000,-13552343,19077657
2012/01/11,0,26284000,-27899000,-1615000
2012/01/12,0,24486000,-19903000,4583000
2012/01/13,0,20973000,-770000,20203000
2012/01/16,0,14429000,-7408000,7021000
2012/01/17,0,41865000,-15128594,26736406
2012/01/18,0,21582000,-15841000,5741000
2012/01/19,0,0,0,0
2012/01/20,0,0,0,0
2012/01/23,0,0,0,0
2012/01/24,0,0,0,0
2012/01/25,0,0,0,0
2012/01/26,0,0,0,0
2012/01/27,0,0,0,0
2012/01/30,0,39913158,-20271000,19642158
2012/01/31,0,35945919,-19564897,16381022
2012/02/01,0,15628000,-9227480,6400520
2012/02/02,0,30183000,-22127000,8056000
2012/02/03,0,31202000,-25424000,5778000
2012/02/06,0,28548000,-25680172,2867828
2012/02/07,0,14298000,-26543000,-12245000
2012/02/08,0,20424000,-55905000,-35481000
2012/02/09,0,35910000,-12588335,23321665
2012/02/10,0,24863000,-22528000,2335000
2012/02/13,0,7439000,-3091713,4347287
2012/02/14,0,12836399,-7199229,5637170
2012/02/15,0,16918000,-21472947,-4554947
2012/02/16,0,11480000,-9478000,2002000
2012/02/17,0,33325000,-30705859,2619141
2012/02/20,0,8221000,-24356000,-16135000
2012/02/21,0,21206000,-39632000,-18426000
2012/02/22,0,25567000,-27924000,-2357000
2012/02/23,0,11351142,-20011534,-8660392
2012/02/24,0,42917000,-25053000,17864000
2012/02/27,0,0,0,0
2012/02/28,0,0,0,0
2012/02/29,0,46285982,-12087524,34198458
2012/03/01,0,12292361,-13217800,-925439
2012/03/02,0,21670697,-4032242,17638455
2012/03/05,0,23983000,-21053000,2930000
2012/03/06,0,5051000,-22636000,-17585000
2012/03/07,0,5797000,-22545630,-16748630
2012/03/08,0,4972705,-12956000,-7983295
2012/03/09,0,20824000,-11629000,9195000
2012/03/12,0,6790000,-1740000,5050000
2012/03/13,0,20277000,-15387000,4890000
2012/03/14,0,38759912,-35196957,3562955
2012/03/15,0,17004000,-9143448,7860552
2012/03/16,0,21965000,-4590738,17374262
2012/03/19,0,7263000,-9432940,-2169940
2012/03/20,0,4803000,-8796000,-3993000
2012/03/21,0,16544947,-8205947,8339000
2012/03/22,0,7118000,-11673478,-4555478
2012/03/23,0,12500000,-12996000,-496000
2012/03/26,0,14062208,-11483000,2579208
2012/03/27,0,10587000,-6165000,4422000
2012/03/28,0,9762000,-33579197,-23817197
2012/03/29,0,8242000,-16047902,-7805902
2012/03/30,0,15979733,-10469000,5510733
2012/04/02,0,4784000,-7389000,-2605000
2012/04/03,0,13585318,-6898939,6686379
2012/04/04,0,0,0,0
2012/04/05,0,28407000,-22215570,6191430
2012/04/06,0,14181752,-12182771,1998981
2012/04/09,0,9093000,-4825000,4268000
2012/04/10,0,28107000,-13167095,14939905
2012/04/11,0,12927000,-14467701,-1540701
2012/04/12,0,11741000,-9628000,2113000
2012/04/13,0,28625078,-13964379,14660699
2012/04/16,0,3708000,-13880060,-10172060
2012/04/17,0,13892000,-19033000,-5141000
2012/04/18,0,5337000,-10037011,-4700011
2012/04/19,0,4353000,-8298443,-3945443
2012/04/20,0,5374895,-14325618,-8950723
2012/04/23,0,8295002,-10395000,-2099998
2012/04/24,0,6282000,-14433148,-8151148
2012/04/25,0,11825000,-7125000,4700000
2012/04/26,0,2776000,-18890564,-16114564
2012/04/27,0,8223729,-23068000,-14844271
2012/04/30,0,8445000,-21422837,-12977837
2012/05/01,0,0,0,0
2012/05/02,0,7832000,-22226886,-14394886
2012/05/03,0,11274000,-9915000,1359000
2012/05/04,0,12809800,-10861000,1948800
2012/05/07,0,2594000,-13933000,-11339000
2012/05/08,0,6345000,-24101420,-17756420
2012/05/09,0,2247000,-17575000,-15328000
2012/05/10,0,5239088,-8305854,-3066766
2012/05/11,0,5474442,-14858522,-9384080
2012/05/14,0,4152000,-17817000,-13665000
2012/05/15,0,3163000,-20235990,-17072990
2012/05/16,0,5494535,-14807000,-9312465
2012/05/17,0,6537000,-17728000,-11191000
2012/05/18,0,9303400,-13932000,-4628600
2012/05/21,0,1020000,-2570000,-1550000
2012/05/22,0,8483000,-4591050,3891950
2012/05/23,0,2828535,-18502000,-15673465
2012/05/24,0,4126000,-8296856,-4170856
2012/05/25,0,5557000,-2698018,2858982
2012/05/28,0,6955100,-4763100,2192000
2012/05/29,0,13585000,-12275000,1310000
2012/05/30,0,13624000,-18611134,-4987134
2012/05/31,0,15509094,-26694463,-11185369
2012/06/01,0,2585000,-6831338,-4246338
2012/06/04,0,5438455,-8257099,-2818644
2012/06/05,0,14344000,-27952000,-13608000
2012/06/06,0,28293000,-19013000,9280000
2012/06/07,0,14437706,-13889000,548706
2012/06/08,0,16563309,-28252000,-11688691
2012/06/11,0,19993465,-6084000,13909465
2012/06/12,0,18977000,-18427000,550000
2012/06/13,0,10969353,-3895990,7073363
2012/06/14,0,4211155,-6027211,-1816056
2012/06/15,0,15065000,-8159051,6905949
2012/06/18,0,6010328,-3492000,2518328
2012/06/19,0,7658941,-18469492,-10810551
2012/06/20,0,7856477,-8438508,-582031
2012/06/21,0,1787319,-4494000,-2706681
2012/06/22,0,4573396,-6869000,-2295604
2012/06/25,0,4851000,-8647000,-3796000
2012/06/26,0,5976000,-7131000,-1155000
2012/06/27,0,3797000,-1919000,1878000
2012/06/28,0,4554000,-6438000,-1884000
2012/06/29,0,8591000,-4635000,3956000
2012/07/02,0,1890000,-3931001,-2041001
2012/07/03,0,9858535,-11197000,-1338465
2012/07/04,0,5123008,-10027021,-4904013
2012/07/05,0,10872000,-12802000,-1930000
2012/07/06,0,7068000,-12944160,-5876160
2012/07/09,0,3778000,-15217000,-11439000
2012/07/10,0,10989080,-28816700,-17827620
2012/07/11,0,4637732,-20304000,-15666268
2012/07/12,0,6493000,-20489992,-13996992
2012/07/13,0,2803242,-9863684,-7060442
2012/07/16,0,20074000,-8780840,11293160
2012/07/17,0,12794200,-4244000,8550200
2012/07/18,0,17003570,-20790935,-3787365
2012/07/19,0,20294000,-29326535,-9032535
2012/07/20,0,7491000,-9363070,-1872070
2012/07/23,0,9628000,-9358934,269066
2012/07/24,0,25487000,-24233535,1253465
2012/07/25,0,4841000,-19738700,-14897700
2012/07/26,0,15675000,-28981813,-13306813
2012/07/27,0,13894000,-23938000,-10044000
2012/07/30,0,15817305,-15223000,594305
2012/07/31,0,29317939,-34916539,-5598600
2012/08/01,0,4679000,-37087000,-32408000
2012/08/02,0,0,0,0
2012/08/03,0,31419038,-52278535,-20859497
2012/08/06,0,16873000,-9917840,6955160
2012/08/07,0,8053000,-4407975,3645025
2012/08/08,0,27141416,-10165368,16976048
2012/08/09,0,14321000,-6664000,7657000
2012/08/10,0,5950000,-5775000,175000
2012/08/13,0,17280000,-10641410,6638590
2012/08/14,0,11862261,-9108000,2754261
2012/08/15,0,5539000,-5310000,229000
2012/08/16,0,5265000,-8024000,-2759000
2012/08/17,0,2511000,-4101000,-1590000
2012/08/20,0,8520000,-1134000,7386000
2012/08/21,0,18217075,-7392915,10824160
2012/08/22,0,10595892,-15940000,-5344108
2012/08/23,0,17396519,-19215000,-1818481
2012/08/24,0,4393000,-26078938,-21685938
2012/08/27,0,4978000,-29479000,-24501000
2012/08/28,0,7352761,-3990000,3362761
2012/08/29,0,5981000,-10795000,-4814000
2012/08/30,0,19579000,-38754000,-19175000
2012/08/31,0,8100419,-35030731,-26930312
2012/09/03,0,1780000,-3171000,-1391000
2012/09/04,0,9999000,-14516395,-4517395
2012/09/05,0,3773000,-19817000,-16044000
2012/09/06,0,12847100,-20424000,-7576900
2012/09/07,0,42129029,-29637000,12492029
2012/09/10,0,43920546,-41146000,2774546
2012/09/11,0,8896000,-20124000,-11228000
2012/09/12,0,26895000,-43669520,-16774520
2012/09/13,0,17416000,-53736000,-36320000
2012/09/14,0,19591000,-17582611,2008389
2012/09/17,0,27889000,-18189145,9699855
2012/09/18,0,8304000,-5449251,2854749
2012/09/19,0,10672000,-30684638,-20012638
2012/09/20,0,8161000,-17240255,-9079255
2012/09/21,0,61119000,-12018000,49101000
2012/09/24,0,12124000,-15074527,-2950527
2012/09/25,0,10731000,-5470000,5261000
2012/09/26,0,8192000,-21724355,-13532355
2012/09/27,0,12549000,-11957253,591747
2012/09/28,0,14486000,-21258080,-6772080
2012/10/01,0,13593000,-8014000,5579000
2012/10/02,0,18194000,-10692000,7502000
2012/10/03,0,8825200,-7541000,1284200
2012/10/04,0,12410000,-17506700,-5096700
2012/10/05,0,8852000,-6346000,2506000
2012/10/08,0,9730000,-10978000,-1248000
2012/10/09,0,7890000,-15101000,-7211000
2012/10/10,0,0,0,0
2012/10/11,0,21245000,-31265000,-10020000
2012/10/12,0,4932000,-9091000,-4159000
2012/10/15,0,6116000,-5697000,419000
2012/10/16,0,32286000,-12358000,19928000
2012/10/17,0,93474000,-36713480,56760520
2012/10/18,0,12715000,-32568000,-19853000
2012/10/19,0,17358580,-13352000,4006580
2012/10/22,0,7201000,-16368055,-9167055
2012/10/23,0,10280500,-9428926,851574
2012/10/24,0,12098000,-6213632,5884368
2012/10/25,0,14682000,-8546000,6136000
2012/10/26,0,27320000,-32196336,-4876336
2012/10/29,0,26572300,-5606133,20966167
2012/10/30,0,19700000,-12576944,7123056
2012/10/31,0,15230000,-18856000,-3626000
2012/11/01,0,18684000,-8564000,10120000
2012/11/02,0,44340000,-21986575,22353425
2012/11/05,0,10394000,-14277000,-3883000
2012/11/06,0,8744000,-10892000,-2148000
2012/11/07,0,17059000,-5774500,11284500
2012/11/08,0,17504000,-15328500,2175500
2012/11/09,0,23218000,-4434000,18784000
2012/11/12,0,8987000,-9498000,-511000
2012/11/13,0,5423000,-10904000,-5481000
2012/11/14,0,9067000,-7946000,1121000
2012/11/15,0,5934000,-9362000,-3428000
2012/11/16,0,4593000,-10719000,-6126000
2012/11/19,0,7410000,-21133200,-13723200
2012/11/20,0,11775000,-4603192,7171808
2012/11/21,0,11349000,-15016000,-3667000
2012/11/22,0,15475000,-7432500,8042500
2012/11/23,0,32821000,-9793000,23028000
2012/11/26,0,37053000,-9846762,27206238
2012/11/27,0,27952000,-51173000,-23221000
2012/11/28,0,29742700,-22075047,7667653
2012/11/29,0,72809000,-83111000,-10302000
2012/11/30,0,55557000,-22780187,32776813
2012/12/03,0,66100000,-54648830,11451170
2012/12/04,0,33495000,-26864000,6631000
2012/12/05,0,40497000,-27191000,13306000
2012/12/06,0,32838000,-12249618,20588382
2012/12/07,0,31010000,-16355000,14655000
2012/12/10,0,16088000,-17291000,-1203000
2012/12/11,0,42094637,-18235004,23859633
2012/12/12,0,18040008,-14177000,3863008
2012/12/13,0,16668000,-33635000,-16967000
2012/12/14,0,41608359,-30802000,10806359
2012/12/17,0,10398000,-18568300,-8170300
2012/12/18,0,12423000,-28416080,-15993080
2012/12/19,0,22146000,-11942000,10204000
2012/12/20,0,12858138,-12011752,846386
2012/12/21,0,28445500,-26922034,1523466
2012/12/24,0,18139000,-24027000,-5888000
2012/12/25,0,21620000,-6646000,14974000
2012/12/26,0,7711000,-4962000,2749000
2012/12/27,0,8730816,-7594500,1136316
2012/12/28,0,9593000,-8168000,1425000
2012/12/31,0,0,0,0
2013/01/01,0,0,0,0
2013/01/02,0,12449000,-13631000,-1182000
2013/01/03,0,13419000,-23499000,-10080000
2013/01/04,0,10281000,-16295000,-6014000
2013/01/07,0,16745000,-49929800,-33184800
2013/01/08,0,12858000,-35942000,-23084000
2013/01/09,0,27890134,-67920150,-40030016
2013/01/10,0,18700000,-72419897,-53719897
2013/01/11,0,18857000,-46968179,-28111179
2013/01/14,0,12858000,-46549000,-33691000
2013/01/15,0,20719000,-36346000,-15627000
2013/01/16,0,46602440,-49393913,-2791473
2013/01/17,0,14667200,-33814000,-19146800
2013/01/18,0,25979000,-131295724,-105316724
2013/01/21,0,8766000,-30128000,-21362000
2013/01/22,0,17080000,-15237425,1842575
2013/01/23,0,14756000,-53201801,-38445801
2013/01/24,0,29314000,-23740000,5574000
2013/01/25,0,14486000,-27841000,-13355000
2013/01/28,0,3943000,-12171500,-8228500
2013/01/29,0,7357900,-12459500,-5101600
2013/01/30,0,7664810,-22411000,-14746190
2013/01/31,0,30916816,-27925138,2991678
2013/02/01,0,8829000,-15473000,-6644000
2013/02/04,0,3336168,-9700000,-6363832
2013/02/05,0,2832000,-32850000,-30018000
2013/02/06,0,24954252,-11938000,13016252
2013/02/07,0,0,0,0
2013/02/08,0,0,0,0
2013/02/11,0,0,0,0
2013/02/12,0,0,0,0
2013/02/13,0,0,0,0
2013/02/14,0,0,0,0
2013/02/15,0,0,0,0
2013/02/18,0,45438000,-15973000,29465000
2013/02/19,0,44561000,-36108000,8453000
2013/02/20,0,23580128,-26687490,-3107362
2013/02/21,0,12696000,-14483195,-1787195
2013/02/22,0,18855000,-15107000,3748000
2013/02/25,0,19422851,-12890729,6532122
2013/02/26,0,17602715,-14869100,2733615
2013/02/27,0,23867860,-27605478,-3737618
2013/02/28,0,0,0,0
2013/03/01,0,23897000,-23727000,170000
2013/03/04,0,7520000,-20377000,-12857000
2013/03/05,0,18249000,-24707036,-6458036
2013/03/06,0,23735000,-35604000,-11869000
2013/03/07,0,35566000,-20291491,15274509
2013/03/08,0,18072800,-22116000,-4043200
2013/03/11,0,48070500,-34863000,13207500
2013/03/12,0,6320000,-22466451,-16146451
2013/03/13,0,13308000,-21967000,-8659000
2013/03/14,0,8326000,-15419279,-7093279
2013/03/15,0,10641000,-35350000,-24709000
2013/03/18,0,49071000,-65262150,-16191150
2013/03/19,0,42007000,-56776255,-14769255
2013/03/20,0,34970000,-28124947,6845053
2013/03/21,0,28426340,-31236000,-2809660
2013/03/22,0,12558577,-10380673,2177904
2013/03/25,0,11321000,-12574157,-1253157
2013/03/26,0,19639000,-15311000,4328000
2013/03/27,0,13258000,-30942000,-17684000
2013/03/28,0,18902530,-32639000,-13736470
2013/03/29,0,18239000,-6130000,12109000
2013/04/01,0,12117809,-6537759,5580050
2013/04/02,0,4425000,-3399000,1026000
2013/04/03,0,9119000,-3084000,6035000
2013/04/04,0,0,0,0
2013/04/05,0,0,0,0
2013/04/08,0,25936624,-38874361,-12937737
2013/04/09,0,12133000,-27950992,-15817992
2013/04/10,0,29055000,-16780000,12275000
2013/04/11,0,9889087,-4016300,5872787
2013/04/12,0,3654000,-3687000,-33000
2013/04/15,0,3221861,-5621000,-2399139
2013/04/16,0,7725657,-10265511,-2539854
2013/04/17,0,3474000,-9709000,-6235000
2013/04/18,0,23824000,-22515000,1309000
2013/04/19,0,4467000,-9332480,-4865480
2013/04/22,0,14078000,-22021000,-7943000
2013/04/23,0,22234000,-19245000,2989000
2013/04/24,0,32223000,-21553000,10670000
2013/04/25,0,19339483,-20425000,-1085517
2013/04/26,0,14997000,-19872000,-4875000
2013/04/29,0,32960000,-20219000,12741000
2013/04/30,0,19720000,-35747000,-16027000
2013/05/01,0,0,0,0
2013/05/02,0,56631000,-68859575,-12228575
2013/05/03,0,173627000,-151370000,22257000
2013/05/06,0,30602000,-47809375,-17207375
2013/05/07,0,25009000,-35400485,-10391485
2013/05/08,0,61430535,-36347000,25083535
2013/05/09,0,35081313,-40564000,-5482687
2013/05/10,0,26093000,-51902000,-25809000
2013/05/13,0,24532000,-31261560,-6729560
2013/05/14,0,62224700,-44647577,17577123
2013/05/15,0,41549000,-31736300,9812700
2013/05/16,0,59203000,-49955000,9248000
2013/05/17,0,15209000,-12326000,2883000
2013/05/20,0,9090000,-10056000,-966000
2013/05/21,0,28592446,-33507037,-4914591
2013/05/22,0,42104560,-55172860,-13068300
2013/05/23,0,58312000,-73319041,-15007041
2013/05/24,0,59287165,-46110000,13177165
2013/05/27,0,16476340,-7818000,8658340
2013/05/28,0,15624000,-6889000,8735000
2013/05/29,0,31880000,-17568750,14311250
2013/05/30,0,10376000,-43601520,-33225520
2013/05/31,0,57059667,-33387000,23672667
2013/06/03,0,4776000,-32130000,-27354000
2013/06/04,0,10729000,-34754000,-24025000
2013/06/05,0,13301154,-22264252,-8963098
2013/06/06,0,33645154,-29237000,4408154
2013/06/07,0,15663705,-27157000,-11493295
2013/06/10,0,12022000,-32207000,-20185000
2013/06/11,0,31162674,-11903000,19259674
2013/06/12,0,0,0,0
2013/06/13,0,14895000,-34121250,-19226250
2013/06/14,0,21643873,-29854790,-8210917
2013/06/17,0,6129758,-28128000,-21998242
2013/06/18,0,16262577,-30535543,-14272966
2013/06/19,0,10766114,-10241400,524714
2013/06/20,0,19148000,-40408822,-21260822
2013/06/21,0,30770000,-40052225,-9282225
2013/06/24,0,15241000,-57821352,-42580352
2013/06/25,0,23588000,-43051683,-19463683
2013/06/26,0,37406996,-45563465,-8156469
2013/06/27,0,22405004,-37954000,-15548996
2013/06/28,0,30479000,-13510000,16969000
2013/07/01,0,8718000,-31168000,-22450000
2013/07/02,0,14683321,-14323455,359866
2013/07/03,0,12685000,-45041000,-32356000
2013/07/04,0,5219000,-10127060,-4908060
2013/07/05,0,6788000,-13263000,-6475000
2013/07/08,0,5882000,-12198000,-6316000
2013/07/09,0,13379000,-12413000,966000
2013/07/10,0,19032000,-18357000,675000
2013/07/11,0,21112858,-15941000,5171858
2013/07/12,0,17821000,-16323000,1498000
2013/07/15,0,16466000,-17780000,-1314000
2013/07/16,0,16157000,-15167000,990000
2013/07/17,0,12046000,-10840000,1206000
2013/07/18,0,16346000,-55651134,-39305134
2013/07/19,0,30747788,-29414544,1333244
2013/07/22,0,27548656,-24691633,2857023
2013/07/23,0,26930480,-20636000,6294480
2013/07/24,0,6539000,-5359000,1180000
2013/07/25,0,3662000,-2834000,828000
2013/07/26,0,8195000,-7755000,440000
2013/07/29,0,3605000,-8864000,-5259000
2013/07/30,0,28737000,-4828000,23909000
2013/07/31,0,13795816,-32382000,-18586184
2013/08/01,0,37702000,-12478000,25224000
2013/08/02,0,19051000,-34348000,-15297000
2013/08/05,0,12424321,-2847000,9577321
2013/08/06,0,12445835,-16127000,-3681165
2013/08/07,0,18511000,-23925000,-5414000
2013/08/08,0,11544000,-10870000,674000
2013/08/09,0,3160000,-13776000,-10616000
2013/08/12,0,13860000,-8282000,5578000
2013/08/13,0,15567000,-12746000,2821000
2013/08/14,0,11043526,-17030000,-5986474
2013/08/15,0,34603000,-19506668,15096332
2013/08/16,0,32025000,-24998749,7026251
2013/08/19,0,5999000,-9668000,-3669000
2013/08/20,0,15577406,-10539406,5038000
2013/08/21,0,0,0,0
2013/08/22,0,24724406,-21092768,3631638
2013/08/23,0,33818000,-6714000,27104000
2013/08/26,0,14422000,-6328000,8094000
2013/08/27,0,7430000,-9104250,-1674250
2013/08/28,0,3715000,-9558750,-5843750
2013/08/29,0,6664642,-10616000,-3951358
2013/08/30,0,31709000,-8591000,23118000
2013/09/02,0,14095000,-5784000,8311000
2013/09/03,0,10746000,-9320000,1426000
2013/09/04,0,10754000,-27558000,-16804000
2013/09/05,0,11334000,-10330270,1003730
2013/09/06,0,20273000,-37846000,-17573000
2013/09/09,0,14770000,-9077000,5693000
2013/09/10,0,10990000,-17041000,-6051000
2013/09/11,0,24181000,-5455290,18725710
2013/09/12,0,8886000,-9124000,-238000
2013/09/13,0,22047000,-9796000,12251000
2013/09/16,0,20432000,-7007000,13425000
2013/09/17,0,13217000,-13329000,-112000
2013/09/18,0,17830784,-6471030,11359754
2013/09/19,0,0,0,0
2013/09/20,0,0,0,0
2013/09/23,0,13407000,-17833000,-4426000
2013/09/24,0,15261000,-9786192,5474808
2013/09/25,0,14379000,-21494400,-7115400
2013/09/26,0,17396000,-11659000,5737000
2013/09/27,0,10962000,-10027892,934108
2013/09/30,0,11693000,-16297141,-4604141
2013/10/01,0,10017000,-8343963,1673037
2013/10/02,0,16659400,-47387998,-30728598
2013/10/03,0,16275514,-46880000,-30604486
2013/10/04,0,10121000,-53645102,-43524102
2013/10/07,0,16482782,-22728500,-6245718
2013/10/08,0,14865000,-30624957,-15759957
2013/10/09,0,4097000,-24112000,-20015000
2013/10/10,0,0,0,0
2013/10/11,0,3268000,-26338000,-23070000
2013/10/14,0,11026000,-30811873,-19785873
2013/10/15,0,23230000,-15369000,7861000
2013/10/16,0,5667450,-15670950,-10003500
2013/10/17,0,10620000,-20421000,-9801000
2013/10/18,0,14868000,-20611574,-5743574
2013/10/21,0,4439000,-11400000,-6961000
2013/10/22,0,12899000,-16002000,-3103000
2013/10/23,0,7750618,-25153000,-17402382
2013/10/24,0,9043681,-27234940,-18191259
2013/10/25,0,5694000,-35608170,-29914170
2013/10/28,0,5886948,-8633948,-2747000
2013/10/29,0,8349000,-5483000,2866000
2013/10/30,0,8672000,-32917550,-24245550
2013/10/31,0,9683000,-24052470,-14369470
2013/11/01,0,6244000,-23964000,-17720000
2013/11/04,0,1103000,-15957000,-14854000
2013/11/05,0,5942000,-12416661,-6474661
2013/11/06,0,5621000,-28247365,-22626365
2013/11/07,0,14889000,-24573000,-9684000
2013/11/08,0,6926000,-9688000,-2762000
2013/11/11,0,3232500,-33248000,-30015500
2013/11/12,0,11482000,-40674000,-29192000
2013/11/13,0,22672965,-48440492,-25767527
2013/11/14,0,34678000,-76626105,-41948105
2013/11/15,0,8963500,-38166000,-29202500
2013/11/18,0,4870000,-13762692,-8892692
2013/11/19,0,14840000,-51085727,-36245727
2013/11/20,0,16863914,-13789000,3074914
2013/11/21,0,4056000,-19234000,-15178000
2013/11/22,0,1155000,-8448000,-7293000
2013/11/25,0,20195000,-6757000,13438000
2013/11/26,0,20793614,-19850897,942717
2013/11/27,0,6373782,-23233000,-16859218
2013/11/28,0,22419000,-4929000,17490000
2013/11/29,0,12985000,-22237000,-9252000
2013/12/02,0,3157782,-12423755,-9265973
2013/12/03,0,7849780,-7886690,-36910
2013/12/04,0,6653000,-45305000,-38652000
2013/12/05,0,12165000,-8243000,3922000
2013/12/06,0,11694000,-5260000,6434000
2013/12/09,0,17714000,-7471068,10242932
2013/12/10,0,6395000,-3611000,2784000
2013/12/11,0,8286000,-8586000,-300000
2013/12/12,0,2353000,-3503407,-1150407
2013/12/13,0,8234000,-6049000,2185000
2013/12/16,0,3569001,-3875321,-306320
2013/12/17,0,3007000,-10855684,-7848684
2013/12/18,0,4038000,-4139000,-101000
2013/12/19,0,4517900,-4707900,-190000
2013/12/20,0,9427000,-6631659,2795341
2013/12/23,0,13988000,-5998000,7990000
2013/12/24,0,2239000,-2103000,136000
2013/12/25,0,3633000,-1162000,2471000
2013/12/26,0,1778000,-242000,1536000
2013/12/27,0,7869000,-2955000,4914000
2013/12/30,0,10628000,-3801006,6826994
2013/12/31,0,20837000,-2618000,18219000
2014/01/02,0,6468000,-7168000,-700000
2014/01/03,0,8078000,-6185000,1893000
2014/01/06,0,3225000,-11142154,-7917154
2014/01/07,0,8203000,-4813000,3390000
2014/01/08,0,3598000,-3035000,563000
2014/01/09,0,5914000,-6138000,-224000
2014/01/10,0,7005000,-10982000,-3977000
2014/01/13,0,3006295,-8833000,-5826705
2014/01/14,0,8451000,-15059000,-6608000
2014/01/15,0,5074000,-4294048,779952
2014/01/16,0,9478000,-10736642,-1258642
2014/01/17,0,3947782,-4125210,-177428
2014/01/20,0,13067000,-819443,12247557
2014/01/21,0,8492000,-10202087,-1710087
2014/01/22,0,11416000,-14170115,-2754115
2014/01/23,0,12206000,-8692000,3514000
2014/01/24,0,12133000,-7638395,4494605
2014/01/27,0,10046000,-23968989,-13922989
2014/02/05,0,11103000,-50863006,-39760006
2014/02/06,0,5486000,-19327000,-13841000
2014/02/07,0,10380000,-6702000,3678000
2014/02/10,0,3153000,-9039566,-5886566
2014/02/11,0,11901149,-2484138,9417011
2014/02/12,0,12728000,-3465526,9262474
2014/02/13,0,6050000,-7463000,-1413000
2014/02/14,0,22817000,-436250,22380750
2014/02/17,0,4989000,-3607000,1382000
2014/02/18,0,6156000,-3266630,2889370
2014/02/19,0,9856001,-8779247,1076754
2014/02/20,0,11777000,-4006393,7770607
2014/02/21,0,16618000,-5106000,11512000
2014/02/24,0,25624000,-11735000,13889000
2014/02/25,0,18936044,-20104068,-1168024
2014/02/26,0,15468000,-22625100,-7157100
2014/02/27,0,16026000,-7883751,8142249
2014/03/03,0,20663000,-12716406,7946594
2014/03/04,0,17008000,-16049000,959000
2014/03/05,0,18626480,-1855950,16770530
2014/03/06,0,12645000,-1704000,10941000
2014/03/07,0,9600000,-4729000,4871000
2014/03/10,0,7135000,-9023321,-1888321
2014/03/11,0,10226000,-15567997,-5341997
2014/03/12,0,11488000,-16460604,-4972604
2014/03/13,0,9444001,-11648470,-2204469
2014/03/14,0,24886000,-6091000,18795000
2014/03/17,0,31536000,-5272000,26264000
2014/03/18,0,21999000,-13671000,8328000
2014/03/19,0,10757000,-16064000,-5307000
2014/03/20,0,5728000,-16183000,-10455000
2014/03/21,0,17443000,-13375000,4068000
2014/03/24,0,14924000,-9573000,5351000
2014/03/25,0,18058000,-12266540,5791460
2014/03/26,0,49807000,-37271859,12535141
2014/03/27,0,20982000,-17250210,3731790
2014/03/28,0,17883000,-3579000,14304000
2014/03/31,0,23794502,-4668035,19126467
2014/04/01,0,47355000,-3771341,43583659
2014/04/02,0,20777000,-7941000,12836000
2014/04/03,0,105629000,-5947000,99682000
2014/04/07,0,23593000,-23247000,346000
2014/04/08,0,18502321,-15922000,2580321
2014/04/09,0,23127000,-10765137,12361863
2014/04/10,0,43272000,-5999352,37272648
2014/04/11,0,38251000,-22034628,16216372
2014/04/14,0,11800000,-14857576,-3057576
2014/04/15,0,26486000,-29072155,-2586155
2014/04/16,0,35181908,-13222001,21959907
2014/04/17,0,19645000,-12665000,6980000
2014/04/18,0,3987000,-2435000,1552000
2014/04/21,0,4297000,-1455000,2842000
2014/04/22,0,37857000,-7413000,30444000
2014/04/23,0,23882000,-9143000,14739000
2014/04/24,0,33551000,-13312000,20239000
2014/04/25,0,16404000,-9295953,7108047
2014/04/28,0,15541000,-18349000,-2808000
2014/04/29,0,14179000,-5343000,8836000
2014/04/30,0,15674000,-15118000,556000
2014/05/02,0,23937000,-13905000,10032000
2014/05/05,0,9651000,-9487000,164000
2014/05/06,0,19572000,-10742007,8829993
2014/05/07,0,23272000,-14105000,9167000
2014/05/08,0,16566000,-11645544,4920456
2014/05/09,0,21909000,-24109499,-2200499
2014/05/12,0,15870321,-37719000,-21848679
2014/05/13,0,30819000,-14751000,16068000
2014/05/14,0,31583000,-8992000,22591000
2014/05/15,0,5882000,-7017000,-1135000
2014/05/16,0,14266000,-34566000,-20300000
2014/05/19,0,7080000,-9062103,-1982103
2014/05/20,0,12619000,-9126487,3492513
2014/05/21,0,10862000,-17212000,-6350000
2014/05/22,0,18802000,-11629000,7173000
2014/05/23,0,11082000,-8712000,2370000
2014/05/26,0,13142000,-18652000,-5510000
2014/05/27,0,11942360,-11232000,710360
2014/05/28,0,11482725,-2646000,8836725
2014/05/29,0,18574000,-6276218,12297782
2014/05/30,0,34443000,-23441541,11001459
2014/06/03,0,20976000,-4671000,16305000
2014/06/04,0,28330000,-18190000,10140000
2014/06/05,0,8247000,-35961000,-27714000
2014/06/06,0,15272000,-9569000,5703000
2014/06/09,0,4027600,-7524000,-3496400
2014/06/10,0,11019450,-7354000,3665450
2014/06/11,0,23774000,-7790000,15984000
2014/06/12,0,14033000,-5236000,8797000
2014/06/13,0,10412000,-10529900,-117900
2014/06/16,0,13891000,-12782157,1108843
2014/06/17,0,19724000,-23756010,-4032010
2014/06/18,0,29864000,-19579000,10285000
2014/06/19,0,13071920,-16044000,-2972080
2014/06/20,0,13460000,-21024221,-7564221
2014/06/23,0,5193000,-4743326,449674
2014/06/24,0,10646000,-2605854,8040146
2014/06/25,0,14263000,-11254842,3008158
2014/06/26,0,41665417,-6680499,34984918
2014/06/27,0,13463000,-13024690,438310
2014/06/30,0,27775000,-7331628,20443372
2014/07/01,0,12218127,-1863000,10355127
2014/07/02,0,20195642,-5298161,14897481
2014/07/03,0,17582300,-9755000,7827300
2014/07/04,0,14324200,-8510000,5814200
2014/07/07,0,18828073,-7734000,11094073
2014/07/08,0,8908000,-3150700,5757300
2014/07/09,0,14479050,-4378000,10101050
2014/07/10,0,29649766,-2192000,27457766
2014/07/11,0,9911800,-6852000,3059800
2014/07/14,0,7060000,-6740000,320000
2014/07/15,0,24041319,-15057000,8984319
2014/07/16,0,24112000,-20660000,3452000
2014/07/17,0,36608303,-7431675,29176628
2014/07/18,0,17810998,-7377000,10433998
2014/07/21,0,5528002,-8222598,-2694596
2014/07/22,0,17607000,-23488700,-5881700
2014/07/23,0,0,0,0
2014/07/24,0,71905390,-10415000,61490390
2014/07/25,0,26221000,-5840000,20381000
2014/07/28,0,12820000,-6122000,6698000
2014/07/29,0,13149000,-16353930,-3204930
2014/07/30,0,20153000,-5731000,14422000
2014/07/31,0,24275000,-13426000,10849000
2014/08/01,0,21889000,-10004000,11885000
2014/08/04,0,20613000,-10390000,10223000
2014/08/05,0,24279000,-58165827,-33886827
2014/08/06,0,34325000,-18191100,16133900
2014/08/07,0,26896055,-10169955,16726100
2014/08/08,0,16221000,-6930256,9290744
2014/08/11,0,19518075,-3637000,15881075
2014/08/12,0,13118000,-10996807,2121193
2014/08/13,0,13612000,-2888000,10724000
2014/08/14,0,28178000,-3880000,24298000
2014/08/15,0,20829000,-3213000,17616000
2014/08/18,0,10520000,-5104075,5415925
2014/08/19,0,13293209,-3926000,9367209
2014/08/20,0,10573807,-1983000,8590807
2014/08/21,0,6933000,-9258000,-2325000
2014/08/22,0,29800719,-21659000,8141719
2014/08/25,0,7037000,-6098000,939000
2014/08/26,0,9571099,-3951000,5620099
2014/08/27,0,38482000,-9174000,29308000
2014/08/28,0,21831402,-19950000,1881402
2014/08/29,0,13273000,-13532000,-259000
2014/09/01,0,17032000,-5534000,11498000
2014/09/02,0,7710000,-9065000,-1355000
2014/09/03,0,20114500,-5603141,14511359
2014/09/04,0,11274604,-8078000,3196604
2014/09/05,0,8887000,-3750000,5137000
2014/09/09,0,25749000,-6185000,19564000
2014/09/10,0,32491422,-17919000,14572422
2014/09/11,0,28348000,-6136000,22212000
2014/09/12,0,7480494,-7404358,76136
2014/09/15,0,7426000,-15750735,-8324735
2014/09/16,0,11496056,-10111000,1385056
2014/09/17,0,28242000,-9943500,18298500
2014/09/18,0,9482439,-11997226,-2514787
2014/09/19,0,15337000,-14597000,740000
2014/09/22,0,19453000,-21508000,-2055000
2014/09/23,0,16715000,-5394000,11321000
2014/09/24,0,14016850,-3792000,10224850
2014/09/25,0,8125000,-8664006,-539006
2014/09/26,0,12100263,-9276000,2824263
2014/09/29,0,15253000,-17796000,-2543000
2014/09/30,0,18642000,-21588300,-2946300
2014/10/01,0,12735000,-20331463,-7596463
2014/10/02,0,11474000,-31023800,-19549800
2014/10/03,0,6637321,-20529000,-13891679
2014/10/06,0,9924853,-14073000,-4148147
2014/10/07,0,5492000,-12728000,-7236000
2014/10/08,0,16577000,-20660200,-4083200
2014/10/09,0,4989856,-6178000,-1188144
2014/10/13,0,19303000,-26761000,-7458000
2014/10/14,0,15599000,-28291000,-12692000
2014/10/15,0,28399800,-20217800,8182000
2014/10/16,0,15318000,-37517867,-22199867
2014/10/17,0,21991000,-28633000,-6642000
2014/10/20,0,25932000,-26791322,-859322
2014/10/21,0,22638000,-3237000,19401000
2014/10/22,0,47634638,-13916008,33718630
2014/10/23,0,30458321,-14495000,15963321
2014/10/24,0,13865000,-26204221,-12339221
2014/10/27,0,30845000,-5923000,24922000
2014/10/28,0,20988000,-15222000,5766000
2014/10/29,0,63656963,-16542000,47114963
2014/10/30,0,61506000,-17782000,43724000
2014/10/31,0,72353000,-10454000,61899000
2014/11/03,0,28327000,-4307000,24020000
2014/11/04,0,46302640,-3273000,43029640
2014/11/05,0,26370200,-2446000,23924200
2014/11/06,0,18078900,-8251000,9827900
2014/11/07,0,32270000,-4074000,28196000
2014/11/10,0,25228700,-5445000,19783700
2014/11/11,0,32688000,-21055500,11632500
2014/11/12,0,25594896,-13679541,11915355
2014/11/13,0,16439027,-3565027,12874000
2014/11/14,0,18654000,-10038000,8616000
2014/11/17,0,11475000,-11421795,53205
2014/11/18,0,15032002,-12888000,2144002
2014/11/19,0,31239519,-8613014,22626505
2014/11/20,0,26980000,-4129757,22850243
2014/11/21,0,18072000,-9591000,8481000
2014/11/24,0,19802000,-6502000,13300000
2014/11/25,0,19684572,-8011590,11672982
2014/11/26,0,14146000,-7442000,6704000
2014/11/27,0,10639000,-4998000,5641000
2014/11/28,0,13648000,-5134000,8514000
2014/12/01,0,9649000,-9078586,570414
2014/12/02,0,10282000,-13726000,-3444000
2014/12/03,0,18659000,-10639000,8020000
2014/12/04,0,28755500,-7381044,21374456
2014/12/05,0,13457000,-8388000,5069000
2014/12/08,0,9440000,-6386000,3054000
2014/12/09,0,14424822,-7263000,7161822
2014/12/10,0,33230887,-40358187,-7127300
2014/12/11,0,23231000,-7758153,15472847
2014/12/12,0,13292782,-5432440,7860342
2014/12/15,0,17444000,-15963578,1480422
2014/12/16,0,12143000,-6801595,5341405
2014/12/17,0,26626562,-16368607,10257955
2014/12/18,0,18708000,-19376000,-668000
2014/12/19,0,18549000,-18243619,305381
2014/12/22,0,33591000,-6311896,27279104
2014/12/23,0,23242000,-8027000,15215000
2014/12/24,0,30807000,-10556000,20251000
2014/12/25,0,18291000,-2858000,15433000
2014/12/26,0,4705000,-12360616,-7655616
2014/12/29,0,10731649,-6133706,4597943
2014/12/30,0,9429086,-6220086,3209000
2014/12/31,0,7837000,-5482714,2354286
2015/01/01,0,0,0,0
2015/01/02,0,0,0,0
2015/01/05,0,13081000,-14261027,-1180027
2015/01/06,0,28068027,-30117247,-2049220
2015/01/07,0,65314426,-31919134,33395292
2015/01/08,0,44715000,-23860647,20854353
2015/01/09,0,19973000,-36809422,-16836422
2015/01/12,0,11935000,-16143400,-4208400
2015/01/13,0,19790000,-9269115,10520885
2015/01/14,0,13148000,-25864000,-12716000
2015/01/15,0,12226000,-15271793,-3045793
2015/01/16,0,17130732,-13026846,4103886
2015/01/19,0,13172000,-10362000,2810000
2015/01/20,0,11020132,-13666029,-2645897
2015/01/21,0,18414000,-55314000,-36900000
2015/01/22,0,69506000,-24091233,45414767
2015/01/23,0,30091000,-21139477,8951523
2015/01/26,0,20894000,-4215858,16678142
2015/01/27,0,23196000,-25001316,-1805316
2015/01/28,0,34020000,-19923793,14096207
2015/01/29,0,34940000,-14648019,20291981
2015/01/30,0,86594000,-119708000,-33114000
2015/02/02,0,55163000,-88219578,-33056578
2015/02/03,0,60579000,-90358900,-29779900
2015/02/04,0,23359004,-53954548,-30595544
2015/02/05,0,25049000,-18392000,6657000
2015/02/06,0,27053000,-15841073,11211927
2015/02/09,0,35811764,-22396000,13415764
2015/02/10,0,28537000,-26733000,1804000
2015/02/11,0,22669001,-21888038,780963
2015/02/12,0,26056000,-6196000,19860000
2015/02/13,0,40589590,-5597000,34992590
2015/02/16,0,0,0,0
2015/02/17,0,0,0,0
2015/02/18,0,0,0,0
2015/02/19,0,0,0,0
2015/02/20,0,0,0,0
2015/02/23,0,0,0,0
2015/02/24,0,29785600,-71659234,-41873634
2015/02/25,0,33265000,-26660000,6605000
2015/02/26,0,17016198,-15090253,1925945
2015/02/27,0,0,0,0
2015/03/02,0,20225000,-57091700,-36866700
2015/03/03,0,38991523,-34639000,4352523
2015/03/04,0,27111000,-29727000,-2616000
2015/03/05,0,29301000,-37574464,-8273464
2015/03/06,0,20137121,-24198000,-4060879
2015/03/09,0,12148554,-38625464,-26476910
2015/03/10,0,10525937,-37800384,-27274447
2015/03/11,0,11451000,-38252464,-26801464
2015/03/12,0,30698000,-34833420,-4135420
2015/03/13,0,12354429,-31987940,-19633511
2015/03/16,0,18057000,-24557760,-6500760
2015/03/17,0,22425000,-11854000,10571000
2015/03/18,0,41649000,-22959222,18689778
2015/03/19,0,21442000,-9176968,12265032
2015/03/20,0,18216000,-34215000,-15999000
2015/03/23,0,12706000,-15761000,-3055000
2015/03/24,0,15162247,-11780639,3381608
2015/03/25,0,6384000,-13954240,-7570240
2015/03/26,0,20769000,-29218000,-8449000
2015/03/27,0,15184000,-16982300,-1798300
2015/03/30,0,16463000,-19758125,-3295125
2015/03/31,0,20453000,-28704833,-8251833
2015/04/01,0,17445144,-30201000,-12755856
2015/04/02,0,18650782,-22414220,-3763438
2015/04/03,0,0,0,0
2015/04/06,0,0,0,0
2015/04/07,0,7430000,-46564000,-39134000
2015/04/08,0,22475000,-47004258,-24529258
2015/04/09,0,8228487,-12615464,-4386977
2015/04/10,0,16684000,-25516401,-8832401
2015/04/13,0,21508270,-12492000,9016270
2015/04/14,0,17276000,-25478000,-8202000
2015/04/15,0,17185494,-31397494,-14212000
2015/04/16,0,13866000,-7993000,5873000
2015/04/17,0,26255523,-25473331,782192
2015/04/20,0,29919000,-15913790,14005210
2015/04/21,0,51237700,-32492000,18745700
2015/04/22,0,13429000,-41423471,-27994471
2015/04/23,0,33074594,-11950000,21124594
2015/04/24,0,54018360,-11548706,42469654
2015/04/27,0,19695000,-23657000,-3962000
2015/04/28,0,26571000,-17428977,9142023
2015/04/29,0,17530000,-62842000,-45312000
2015/04/30,0,27450518,-29865000,-2414482
2015/05/01,0,0,0,0
2015/05/04,0,9109000,-16677000,-7568000
2015/05/05,0,7938000,-9274000,-1336000
2015/05/06,0,19157000,-32018000,-12861000
2015/05/07,0,19293295,-9651707,9641588
2015/05/08,0,15610247,-10788398,4821849
2015/05/11,0,18539000,-15475000,3064000
2015/05/12,0,11132229,-12333000,-1200771
2015/05/13,0,11459396,-7695010,3764386
2015/05/14,0,12141000,-17181394,-5040394
2015/05/15,0,9670688,-3976870,5693818
2015/05/18,0,7981000,-14469000,-6488000
2015/05/19,0,42472247,-23979719,18492528
2015/05/20,0,18374000,-21195000,-2821000
2015/05/21,0,12201000,-18606167,-6405167
2015/05/22,0,14925000,-11995995,2929005
2015/05/25,0,5506000,-5504000,2000
2015/05/26,0,6193000,-8078058,-1885058
2015/05/27,0,16363000,-15739247,623753
2015/05/28,0,36790000,-22765523,14024477
2015/05/29,0,21146102,-41939140,-20793038
2015/06/01,0,9757000,-25314000,-15557000
2015/06/02,0,23001811,-21607000,1394811
2015/06/03,0,14474000,-20236888,-5762888
2015/06/04,0,16060000,-33084396,-17024396
2015/06/05,0,22646985,-28689920,-6042935
2015/06/08,0,26578000,-24181256,2396744
2015/06/09,0,10561000,-28882052,-18321052
2015/06/10,0,22269465,-17053560,5215905
2015/06/11,0,11967000,-19783889,-7816889
2015/06/12,0,6681190,-22913752,-16232562
2015/06/15,0,22122000,-21178000,944000
2015/06/16,0,12023000,-18192747,-6169747
2015/06/17,0,14364000,-25577111,-11213111
2015/06/18,0,9882257,-16713369,-6831112
2015/06/19,0,0,0,0
2015/06/22,0,20845432,-9286400,11559032
2015/06/23,0,17865000,-21893478,-4028478
2015/06/24,0,22687875,-22152247,535628
2015/06/25,0,27927834,-25683000,2244834
2015/06/26,0,8493000,-11789783,-3296783
2015/06/29,0,12148477,-14316000,-2167523
2015/06/30,0,44010751,-39906481,4104270
2015/07/01,0,21576608,-16094235,5482373
2015/07/02,0,22220324,-18929550,3290774
2015/07/03,0,12662000,-23426000,-10764000
2015/07/06,0,5604000,-23043000,-17439000
2015/07/07,0,26225000,-36688659,-10463659
2015/07/08,0,69561000,-29223000,40338000
2015/07/09,0,34238000,-27241527,6996473
2015/07/10,0,0,0,0
2015/07/13,0,8468168,-26483200,-18015032
2015/07/14,0,25854000,-26146000,-292000
2015/07/15,0,12185000,-11680468,504532
2015/07/16,0,22626000,-46825000,-24199000
2015/07/17,0,27889000,-25383000,2506000
2015/07/20,0,30286444,-40670900,-10384456
2015/07/21,0,45063000,-30100500,14962500
2015/07/22,0,34895392,-33031938,1863454
2015/07/23,0,24240000,-15508307,8731693
2015/07/24,0,28578782,-18188000,10390782
2015/07/27,0,28708000,-46010990,-17302990
2015/07/28,0,56810846,-33821983,22988863
2015/07/29,0,39806000,-66058582,-26252582
2015/07/30,0,32253258,-73439000,-41185742
2015/07/31,0,51561595,-67084919,-15523324
2015/08/03,0,44913344,-28827563,16085781
2015/08/04,0,81765000,-45827356,35937644
2015/08/05,0,17145000,-62304371,-45159371
2015/08/06,0,35106500,-52233350,-17126850
2015/08/07,0,31502000,-33434380,-1932380
2015/08/10,0,21364540,-26908000,-5543460
2015/08/11,0,19980000,-22036900,-2056900
2015/08/12,0,17407000,-19006000,-1599000
2015/08/13,0,14990219,-13185127,1805092
2015/08/14,0,9316000,-34843000,-25527000
2015/08/17,0,7553207,-18142500,-10589293
2015/08/18,0,19742000,-33228950,-13486950
2015/08/19,0,23159444,-49307219,-26147775
2015/08/20,0,26038000,-37774000,-11736000
2015/08/21,0,41800000,-43138471,-1338471
2015/08/24,0,53716000,-41669450,12046550
2015/08/25,0,44299000,-34303173,9995827
2015/08/26,0,16520000,-29657556,-13137556
2015/08/27,0,29052000,-45540000,-16488000
2015/08/28,0,40276000,-28249158,12026842
2015/08/31,0,50907716,-65904000,-14996284
2015/09/01,0,22216000,-41314180,-19098180
2015/09/02,0,13306000,-39201181,-25895181
2015/09/03,0,36612000,-24439000,12173000
2015/09/04,0,6333544,-17342689,-11009145
2015/09/07,0,7736000,-21894100,-14158100
2015/09/08,0,7014000,-9752000,-2738000
2015/09/09,0,51617163,-31499000,20118163
2015/09/10,0,18128000,-18521731,-393731
2015/09/11,0,17710000,-11951398,5758602
2015/09/14,0,15747000,-12128057,3618943
2015/09/15,0,10767000,-12815000,-2048000
2015/09/16,0,25934000,-29142448,-3208448
2015/09/17,0,24750000,-21657545,3092455
2015/09/18,0,13731247,-10309063,3422184
2015/09/21,0,10112000,-21521088,-11409088
2015/09/22,0,38866849,-42053219,-3186370
2015/09/23,0,8943000,-53104962,-44161962
2015/09/24,0,22313901,-39308000,-16994099
2015/09/25,0,13778308,-18255000,-4476692
2015/09/28,0,0,0,0
2015/09/29,0,0,0,0
2015/09/30,0,23503000,-45619334,-22116334
2015/10/01,0,12220000,-14252000,-2032000
2015/10/02,0,7304099,-9802000,-2497901
2015/10/05,0,7141340,-15294000,-8152660
2015/10/06,0,10430000,-26170000,-15740000
2015/10/07,0,18619381,-10950000,7669381
2015/10/08,0,11181518,-10051000,1130518
2015/10/09,0,0,0,0
2015/10/12,0,46959299,-14573000,32386299
2015/10/13,0,16436782,-9094950,7341832
2015/10/14,0,13399000,-11054000,2345000
2015/10/15,0,12554000,-13600840,-1046840
2015/10/16,0,21600000,-24293745,-2693745
2015/10/19,0,14674000,-5369631,9304369
2015/10/20,0,10305100,-12105000,-1799900
2015/10/21,0,14912000,-45728000,-30816000
2015/10/22,0,12951000,-23977767,-11026767
2015/10/23,0,18485564,-18325000,160564
2015/10/26,0,13970000,-21750500,-7780500
2015/10/27,0,27160000,-10737060,16422940
2015/10/28,0,26750000,-31650524,-4900524
2015/10/29,0,19189000,-47505766,-28316766
2015/10/30,0,21990000,-30636000,-8646000
2015/11/02,0,13819000,-7352000,6467000
2015/11/03,0,18558000,-14449327,4108673
2015/11/04,0,33792000,-18288840,15503160
2015/11/05,0,23517900,-28512244,-4994344
2015/11/06,0,10850000,-41927231,-31077231
2015/11/09,0,4161235,-16889865,-12728630
2015/11/10,0,11937010,-22383000,-10445990
2015/11/11,0,19131789,-28489000,-9357211
2015/11/12,0,7639000,-15028000,-7389000
2015/11/13,0,5747919,-44342628,-38594709
2015/11/16,0,10579000,-19428000,-8849000
2015/11/17,0,8907000,-21370000,-12463000
2015/11/18,0,19741399,-15440000,4301399
2015/11/19,0,12702000,-15659000,-2957000
2015/11/20,0,13863000,-12199983,1663017
2015/11/23,0,8492109,-8282000,210109
2015/11/24,0,7907500,-18906081,-10998581
2015/11/25,0,9263000,-16255000,-6992000
2015/11/26,0,21618000,-8798000,12820000
2015/11/27,0,8755920,-25138000,-16382080
2015/11/30,0,33911931,-48769969,-14858038
2015/12/01,0,17566000,-13104393,4461607
2015/12/02,0,14880000,-18162165,-3282165
2015/12/03,0,11720000,-22278766,-10558766
2015/12/04,0,27167000,-28192997,-1025997
2015/12/07,0,24032000,-21754662,2277338
2015/12/08,0,12207010,-25002482,-12795472
2015/12/09,0,16264000,-18848000,-2584000
2015/12/10,0,26002778,-21069784,4932994
2015/12/11,0,23091134,-33522982,-10431848
2015/12/14,0,18567000,-26711011,-8144011
2015/12/15,0,24736000,-20057894,4678106
2015/12/16,0,18513860,-24910580,-6396720
2015/12/17,0,16203000,-22264000,-6061000
2015/12/18,0,19209060,-28877399,-9668339
2015/12/21,0,48345000,-24264000,24081000
2015/12/22,0,66432057,-28059222,38372835
2015/12/23,0,48334667,-9474000,38860667
2015/12/24,0,28223000,-13022000,15201000
2015/12/25,0,9473000,-4172000,5301000
2015/12/28,0,10740000,-9541000,1199000
2015/12/29,0,21921000,-11201358,10719642
2015/12/30,0,3668000,-24125014,-20457014
2015/12/31,0,7089000,-2776000,4313000
2016/01/01,0,0,0,0
2016/01/04,0,5913600,-21890000,-15976400
2016/01/05,0,13955036,-29544533,-15589497
2016/01/06,0,20294018,-18208000,2086018
2016/01/07,0,27658154,-31967063,-4308909
2016/01/08,0,9928000,-22304814,-12376814
2016/01/11,0,26609567,-19643000,6966567
2016/01/12,0,104085000,-31770000,72315000
2016/01/13,0,24436410,-29368164,-4931754
2016/01/14,0,15344782,-13921000,1423782
2016/01/15,0,11127000,-38603457,-27476457
2016/01/18,0,8371247,-20736000,-12364753
2016/01/19,0,4872000,-11308846,-6436846
2016/01/20,0,12247555,-27643000,-15395445
2016/01/21,0,13393000,-10984000,2409000
2016/01/22,0,13026000,-18578000,-5552000
2016/01/25,0,6912000,-31166000,-24254000
2016/01/26,0,11481262,-27557000,-16075738
2016/01/27,0,7653000,-14591209,-6938209
2016/01/28,0,12649000,-18938355,-6289355
2016/01/29,0,25466564,-43960000,-18493436
2016/02/01,0,26438667,-25273000,1165667
2016/02/02,0,17314115,-56926189,-39612074
2016/02/03,0,8179000,-33557333,-25378333
2016/02/04,0,0,0,0
2016/02/05,0,0,0,0
2016/02/08,0,0,0,0
2016/02/09,0,0,0,0
2016/02/10,0,0,0,0
2016/02/11,0,0,0,0
2016/02/12,0,0,0,0
2016/02/15,0,15344782,-25206667,-9861885
2016/02/16,0,14204000,-9794700,4409300
2016/02/17,0,29054564,-29513078,-458514
2016/02/18,0,53326000,-50246000,3080000
2016/02/19,0,10392888,-32735521,-22342633
2016/02/22,0,8298000,-29143000,-20845000
2016/02/23,0,26345882,-36521000,-10175118
2016/02/24,0,50005000,-44155276,5849724
2016/02/25,0,31325711,-15038535,16287176
2016/02/26,0,13626000,-15684541,-2058541
2016/02/29,0,0,0,0
2016/03/01,0,20641498,-19410247,1231251
2016/03/02,0,28744234,-18305000,10439234
2016/03/03,0,27783650,-26196000,1587650
2016/03/04,0,14795000,-50195763,-35400763
2016/03/07,0,14099000,-38981000,-24882000
2016/03/08,0,31561000,-8297804,23263196
2016/03/09,0,24126000,-11175000,12951000
2016/03/10,0,41404000,-6949000,34455000
2016/03/11,0,19938000,-18631000,1307000
2016/03/14,0,23236000,-10955000,12281000
2016/03/15,0,76432000,-14124000,62308000
2016/03/16,0,30109000,-14809044,15299956
2016/03/17,0,17878068,-15027000,2851068
2016/03/18,0,28807000,-18508000,10299000
2016/03/21,0,11179418,-7900000,3279418
2016/03/22,0,31423947,-21486947,9937000
2016/03/23,0,15770000,-13170000,2600000
2016/03/24,0,14013000,-28332121,-14319121
2016/03/25,0,7638000,-5807000,1831000
2016/03/28,0,15147000,-13900000,1247000
2016/03/29,0,13457729,-24553900,-11096171
2016/03/30,0,35598000,-25325000,10273000
2016/03/31,0,32497694,-34818832,-2321138
2016/04/01,0,12172076,-23718331,-11546255
2016/04/04,0,0,0,0
2016/04/05,0,0,0,0
2016/04/06,0,7810514,-26594910,-18784396
2016/04/07,0,9007487,-20517055,-11509568
2016/04/08,0,74546000,-12915000,61631000
2016/04/11,0,57017940,-26391434,30626506
2016/04/12,0,29388000,-13400824,15987176
2016/04/13,0,33603000,-9536100,24066900
2016/04/14,0,24844000,-9514797,15329203
2016/04/15,0,15796808,-6188000,9608808
2016/04/18,0,17573100,-5359000,12214100
2016/04/19,0,16977000,-14911000,2066000
2016/04/20,0,26570731,-10713000,15857731
2016/04/21,0,15796000,-7503000,8293000
2016/04/22,0,24529033,-20363100,4165933
2016/04/25,0,10660000,-22907000,-12247000
2016/04/26,0,20740963,-27902230,-7161267
2016/04/27,0,25197000,-22176708,3020292
2016/04/28,0,14911769,-19544000,-4632231
2016/04/29,0,19008000,-20688000,-1680000
2016/05/02,0,0,0,0
2016/05/03,0,8402500,-45600000,-37197500
2016/05/04,0,14348000,-33371244,-19023244
2016/05/05,0,9768000,-33582000,-23814000
2016/05/06,0,16052066,-28516425,-12464359
2016/05/09,0,19942000,-17787998,2154002
2016/05/10,0,7051032,-19650000,-12598968
2016/05/11,0,5250000,-23614245,-18364245
2016/05/12,0,25280448,-15635000,9645448
2016/05/13,0,12083000,-25554024,-13471024
2016/05/16,0,10997000,-19594000,-8597000
2016/05/17,0,13500000,-22870662,-9370662
2016/05/18,0,18156167,-25688000,-7531833
2016/05/19,0,13789000,-21520900,-7731900
2016/05/20,0,6332000,-22463444,-16131444
2016/05/23,0,34361154,-14062000,20299154
2016/05/24,0,9350958,-23102000,-13751042
2016/05/25,0,8189032,-15388000,-7198968
2016/05/26,0,6775000,-10618000,-3843000
2016/05/27,0,8424200,-10122392,-1698192
2016/05/30,0,11640000,-20976000,-9336000
2016/05/31,0,40305439,-21702399,18603040
2016/06/01,0,17497020,-6972000,10525020
2016/06/02,0,14893940,-13673000,1220940
2016/06/03,0,10655000,-16680226,-6025226
2016/06/06,0,22260000,-15026000,7234000
2016/06/07,0,11940000,-10915000,1025000
2016/06/08,0,21143100,-14518000,6625100
2016/06/09,0,0,0,0
2016/06/10,0,0,0,0
2016/06/13,0,11435000,-22373000,-10938000
2016/06/14,0,18230654,-7737000,10493654
2016/06/15,0,14640000,-10187533,4452467
2016/06/16,0,8327000,-31632000,-23305000
2016/06/17,0,20476000,-16953958,3522042
2016/06/20,0,11580000,-6194042,5385958
2016/06/21,0,12934380,-17601827,-4667447
2016/06/22,0,15349972,-7845000,7504972
2016/06/23,0,15472006,-11509176,3962830
2016/06/24,0,31322219,-31339844,-17625
2016/06/27,0,27261000,-3829000,23432000
2016/06/28,0,15482000,-8678838,6803162
2016/06/29,0,75471000,-11874000,63597000
2016/06/30,0,83076600,-30626000,52450600
2016/07/01,0,35401000,-37076000,-1675000
2016/07/04,0,25376452,-4133000,21243452
2016/07/05,0,17015000,-13596000,3419000
2016/07/06,0,15959923,-15852000,107923
2016/07/07,0,46300000,-10617555,35682445
2016/07/08,0,0,0,0
2016/07/11,0,43998460,-19830300,24168160
2016/07/12,0,17485000,-17083585,401415
2016/07/13,0,47593000,-8781194,38811806
2016/07/14,0,13669840,-16479900,-2810060
2016/07/15,0,29509012,-6420000,23089012
2016/07/18,0,19590150,-9212000,10378150
2016/07/19,0,75081000,-11985000,63096000
2016/07/20,0,40251000,-17795105,22455895
2016/07/21,0,73486452,-17553060,55933392
2016/07/22,0,37201000,-30729443,6471557
2016/07/25,0,23507000,-12014000,11493000
2016/07/26,0,31290996,-16516000,14774996
2016/07/27,0,49718000,-31978000,17740000
2016/07/28,0,52870000,-30538100,22331900
2016/07/29,0,33696455,-15967179,17729276
2016/08/01,0,27693792,-13109000,14584792
2016/08/02,0,29162370,-11322000,17840370
2016/08/03,0,26612800,-18483821,8128979
2016/08/04,0,14640000,-11079000,3561000
2016/08/05,0,46047532,-15582628,30464904
2016/08/08,0,26068134,-8338000,17730134
2016/08/09,0,23772000,-8745000,15027000
2016/08/10,0,24056040,-19837000,4219040
2016/08/11,0,39729000,-28181000,11548000
2016/08/12,0,17477000,-16390000,1087000
2016/08/15,0,26823000,-57112000,-30289000
2016/08/16,0,37838019,-37874000,-35981
2016/08/17,0,25080973,-16822000,8258973
2016/08/18,0,13540000,-21713000,-8173000
2016/08/19,0,33621504,-30440000,3181504
2016/08/22,0,20760900,-27378000,-6617100
2016/08/23,0,16831900,-13410942,3420958
2016/08/24,0,14073900,-11862000,2211900
2016/08/25,0,40269900,-9594000,30675900
2016/08/26,0,13951955,-14107275,-155320
2016/08/29,0,12167900,-10138000,2029900
2016/08/30,0,12454116,-3905000,8549116
2016/08/31,0,26845665,-47878066,-21032401
2016/09/01,0,3744900,-29956000,-26211100
2016/09/02,0,26118269,-30379000,-4260731
2016/09/05,0,30331000,-6430000,23901000
2016/09/06,0,8264007,-8625000,-360993
2016/09/07,0,8936000,-15644000,-6708000
2016/09/08,0,11482000,-20795000,-9313000
2016/09/09,0,8270000,-32950688,-24680688
2016/09/12,0,12130578,-41261647,-29131069
2016/09/13,0,25301576,-33060557,-7758981
2016/09/14,0,16754277,-42464020,-25709743
2016/09/15,0,0,0,0
2016/09/16,0,0,0,0
2016/09/19,0,13129088,-22684000,-9554912
2016/09/20,0,17757021,-33582111,-15825090
2016/09/21,0,38830000,-45061223,-6231223
2016/09/22,0,13357005,-10601179,2755826
2016/09/23,0,9615000,-8170707,1444293
2016/09/26,0,8918862,-14416000,-5497138
2016/09/27,0,0,0,0
2016/09/28,0,0,0,0
2016/09/29,0,14669745,-28555794,-13886049
2016/09/30,0,8313000,-16846693,-8533693
2016/10/03,0,20805001,-12146997,8658004
2016/10/04,0,29808770,-28711668,1097102
2016/10/05,0,9503761,-9878086,-374325
2016/10/06,0,15137504,-12023059,3114445
2016/10/07,0,4215019,-21224000,-17008981
2016/10/10,0,0,0,0
2016/10/11,0,20883629,-31929150,-11045521
2016/10/12,0,27280000,-24599300,2680700
2016/10/13,0,25177113,-26782000,-1604887
2016/10/14,0,15080000,-22116000,-7036000
2016/10/17,0,7924000,-18128068,-10204068
2016/10/18,0,12788064,-13629537,-841473
2016/10/19,0,10885782,-13171000,-2285218
2016/10/20,0,9643000,-9898991,-255991
2016/10/21,0,31177140,-20463642,10713498
2016/10/24,0,18670860,-13488000,5182860
2016/10/25,0,56112001,-18025000,38087001
2016/10/26,0,23203000,-12520707,10682293
2016/10/27,0,14946490,-22937000,-7990510
2016/10/28,0,13516656,-51278000,-37761344
2016/10/31,0,22530600,-58952000,-36421400
2016/11/01,0,16164900,-12155000,4009900
2016/11/02,0,21745600,-19083009,2662591
2016/11/03,0,18859000,-20262555,-1403555
2016/11/04,0,20308000,-21196210,-888210
2016/11/07,0,2234100,-16668247,-14434147
2016/11/08,0,4581600,-9471000,-4889400
2016/11/09,0,9644000,-39490000,-29846000
2016/11/10,0,13207000,-31521000,-18314000
2016/11/11,0,7295000,-27611866,-20316866
2016/11/14,0,3701000,-15705000,-12004000
2016/11/15,0,5016000,-24972498,-19956498
2016/11/16,0,8205000,-12374676,-4169676
2016/11/17,0,11776000,-11277000,499000
2016/11/18,0,7294523,-16317745,-9023222
2016/11/21,0,4072000,-12267965,-8195965
2016/11/22,0,4325000,-22887244,-18562244
2016/11/23,0,3329000,-7302947,-3973947
2016/11/24,0,2402000,-5701402,-3299402
2016/11/25,0,2391000,-2479501,-88501
2016/11/28,0,4301000,-9738000,-5437000
2016/11/29,0,6152000,-13587848,-7435848
2016/11/30,0,22032000,-32577618,-10545618
2016/12/01,0,13288071,-18466098,-5178027
2016/12/02,0,9048000,-11924773,-2876773
2016/12/05,0,4116000,-7116126,-3000126
2016/12/06,0,10885000,-6911000,3974000
2016/12/07,0,11083000,-6448716,4634284
2016/12/08,0,17644350,-19212579,-1568229
2016/12/09,0,9589736,-8635134,954602
2016/12/12,0,5976000,-3914000,2062000
2016/12/13,0,16211095,-21925499,-5714404
2016/12/14,0,3818040,-8351044,-4533004
2016/12/15,0,10343000,-5837000,4506000
2016/12/16,0,11297065,-15117204,-3820139
2016/12/19,0,7997757,-4686000,3311757
2016/12/20,0,13181082,-16257281,-3076199
2016/12/21,0,10036627,-14512615,-4475988
2016/12/22,0,10818104,-7708000,3110104
2016/12/23,0,13312000,-13658350,-346350
2016/12/26,0,351000,-3446000,-3095000
2016/12/27,0,1149000,-5438000,-4289000
2016/12/28,0,7300000,-12495060,-5195060
2016/12/29,0,7114928,-11184391,-4069463
2016/12/30,0,8791000,-11246000,-2455000
2017/01/02,0,0,0,0
2017/01/03,0,8797000,-15771000,-6974000
2017/01/04,0,10814000,-13706000,-2892000
2017/01/05,0,21283052,-20418602,864450
2017/01/06,0,28565000,-7661398,20903602
2017/01/09,0,38370000,-7780000,30590000
2017/01/10,0,33388000,-9140000,24248000
2017/01/11,0,23446815,-14713000,8733815
2017/01/12,0,26505070,-6713000,19792070
2017/01/13,0,24469033,-7014776,17454257
2017/01/16,0,8076000,-19905958,-11829958
2017/01/17,0,10911935,-7262349,3649586
2017/01/18,0,20716000,-16494166,4221834
2017/01/19,0,11165000,-18189410,-7024410
2017/01/20,0,9076962,-16040532,-6963570
2017/01/23,0,16044000,-16402893,-358893
2017/01/24,0,37962703,-28802486,9160217
2017/01/25,0,0,0,0
2017/01/26,0,0,0,0
2017/01/27,0,0,0,0
2017/01/30,0,0,0,0
2017/01/31,0,0,0,0
2017/02/01,0,0,0,0
2017/02/02,0,28118176,-32598724,-4480548
2017/02/03,0,10662000,-21710128,-11048128
2017/02/06,0,5940000,-17703190,-11763190
2017/02/07,0,9509686,-37517847,-28008161
2017/02/08,0,20998926,-54256000,-33257074
2017/02/09,0,33922000,-27207633,6714367
2017/02/10,0,23288100,-52034000,-28745900
2017/02/13,0,23938216,-82804000,-58865784
2017/02/14,0,26417000,-54415600,-27998600
2017/02/15,0,31338100,-78236541,-46898441
2017/02/16,0,5764000,-30812000,-25048000
2017/02/17,0,38927000,-29597982,9329018
2017/02/20,0,8982000,-24970400,-15988400
2017/02/21,0,17575000,-23263000,-5688000
2017/02/22,0,22316000,-31680000,-9364000
2017/02/23,0,41635000,-35656000,5979000
2017/02/24,0,18547000,-18630000,-83000
2017/02/27,0,0,0,0
2017/02/28,0,0,0,0
2017/03/01,0,14962925,-26257044,-11294119
2017/03/02,0,18258211,-24461857,-6203646
2017/03/03,0,12492000,-21621056,-9129056
2017/03/06,0,6479828,-18628580,-12148752
2017/03/07,0,17084065,-28039404,-10955339
2017/03/08,0,46068000,-34473679,11594321
2017/03/09,0,9818000,-31084721,-21266721
2017/03/10,0,14148837,-24855000,-10706163
2017/03/13,0,3008518,-17114000,-14105482
2017/03/14,0,24720407,-23061073,1659334
2017/03/15,0,14958000,-20733259,-5775259
2017/03/16,0,36373089,-24841000,11532089
2017/03/17,0,28281327,-25571444,2709883
2017/03/20,0,8873000,-17149000,-8276000
2017/03/21,0,19219074,-32533000,-13313926
2017/03/22,0,14502200,-23463582,-8961382
2017/03/23,0,12993001,-22319772,-9326771
2017/03/24,0,13558189,-24289185,-10730996
2017/03/27,0,14742000,-17229462,-2487462
2017/03/28,0,14252000,-30244932,-15992932
2017/03/29,0,38240296,-28861000,9379296
2017/03/30,0,9077000,-19412000,-10335000
2017/03/31,0,16405000,-42806743,-26401743
2017/04/03,0,0,0,0
2017/04/04,0,0,0,0
2017/04/05,0,25652002,-29362359,-3710357
2017/04/06,0,18126960,-28900001,-10773041
2017/04/07,0,12266000,-30877000,-18611000
2017/04/10,0,28581000,-20535000,8046000
2017/04/11,0,29630000,-29260000,370000
2017/04/12,0,30687000,-9558690,21128310
2017/04/13,0,47554999,-15261000,32293999
2017/04/14,0,21621000,-9448000,12173000
2017/04/17,0,16034885,-9578000,6456885
2017/04/18,0,12426359,-5951555,6474804
2017/04/19,0,22905671,-14832628,8073043
2017/04/20,0,22150959,-19148832,3002127
2017/04/21,0,11273834,-20422991,-9149157
2017/04/24,0,11822000,-19358000,-7536000
2017/04/25,0,52434833,-25622198,26812635
2017/04/26,0,21458263,-6652228,14806035
2017/04/27,0,9961000,-43291000,-33330000
2017/04/28,0,28188970,-55541844,-27352874
2017/05/01,0,0,0,0
2017/05/02,0,25948000,-25628397,319603
2017/05/03,0,5365585,-21534565,-16168980
2017/05/04,0,7495000,-17631000,-10136000
2017/05/05,0,7944554,-16364000,-8419446
2017/05/08,0,25902770,-22669000,3233770
2017/05/09,0,18443885,-55623000,-37179115
2017/05/10,0,40198294,-40869000,-670706
2017/05/11,0,14146338,-44681000,-30534662
2017/05/12,0,13856000,-22555000,-8699000
2017/05/15,0,4995999,-21665000,-16669001
2017/05/16,0,28623484,-22106300,6517184
2017/05/17,0,21710000,-26483766,-4773766
2017/05/18,0,15450814,-16595090,-1144276
2017/05/19,0,42027258,-28091624,13935634
2017/05/22,0,19014295,-27694200,-8679905
2017/05/23,0,23397740,-9724171,13673569
2017/05/24,0,10417000,-13141000,-2724000
2017/05/25,0,16985000,-23782494,-6797494
2017/05/26,0,0,0,0
2017/05/29,0,0,0,0
2017/05/30,0,0,0,0
2017/05/31,0,26146090,-20026119,6119971
2017/06/01,0,5007000,-18265844,-13258844
2017/06/02,0,5966000,-6854000,-888000
2017/06/05,0,13461000,-17290000,-3829000
2017/06/06,0,34568869,-13699487,20869382
2017/06/07,0,66743254,-13215570,53527684
2017/06/08,0,17215000,-38624146,-21409146
2017/06/09,0,20798000,-22840917,-2042917
2017/06/12,0,10147450,-8870000,1277450
2017/06/13,0,4953000,-10464000,-5511000
2017/06/14,0,21916600,-18743479,3173121
2017/06/15,0,20434000,-12123000,8311000
2017/06/16,0,46774000,-40113794,6660206
2017/06/19,0,10066222,-28006000,-17939778
2017/06/20,0,27355803,-5231570,22124233
2017/06/21,0,31343000,-21928000,9415000
2017/06/22,0,27647105,-21129000,6518105
2017/06/23,0,20827353,-15743439,5083914
2017/06/26,0,52591000,-8687500,43903500
2017/06/27,0,73097000,-17197473,55899527
2017/06/28,0,94962258,-24771643,70190615
2017/06/29,0,42903080,-40265000,2638080
2017/06/30,0,38367000,-12924427,25442573
2017/07/03,0,22160496,-28111366,-5950870
2017/07/04,0,7770000,-25980000,-18210000
2017/07/05,0,23075000,-4414652,18660348
2017/07/06,0,34138000,-35207000,-1069000
2017/07/07,0,14210136,-57852920,-43642784
2017/07/10,0,22105266,-23192695,-1087429
2017/07/11,0,15705554,-24259000,-8553446
2017/07/12,0,12862000,-30928684,-18066684
2017/07/13,0,10563996,-55790000,-45226004
2017/07/14,0,10303000,-27820000,-17517000
2017/07/17,0,9731000,-42033200,-32302200
2017/07/18,0,10819510,-23751800,-12932290
2017/07/19,0,11072836,-34902000,-23829164
2017/07/20,0,7068944,-63861000,-56792056
2017/07/21,0,28293457,-51380000,-23086543
2017/07/24,0,9878059,-24686000,-14807941
2017/07/25,0,14154645,-31507962,-17353317
2017/07/26,0,9601000,-22219000,-12618000
2017/07/27,0,18149000,-37480049,-19331049
2017/07/28,0,8150000,-40831811,-32681811
2017/07/31,0,19558744,-16826333,2732411
2017/08/01,0,19505668,-21686000,-2180332
2017/08/02,0,10353000,-29295000,-18942000
2017/08/03,0,13806123,-30432414,-16626291
2017/08/04,0,11415868,-26227000,-14811132
2017/08/07,0,12242528,-23732000,-11489472
2017/08/08,0,11955413,-38991000,-27035587
2017/08/09,0,18828581,-40160707,-21332126
2017/08/10,0,18698454,-16613000,2085454
2017/08/11,0,68252000,-57814000,10438000
2017/08/14,0,16488640,-19172000,-2683360
2017/08/15,0,7165780,-35910405,-28744625
2017/08/16,0,10212000,-40485320,-30273320
2017/08/17,0,31804000,-33361504,-1557504
2017/08/18,0,5276000,-15757393,-10481393
