Date,Open,Buy,Sell,Total
2007/01/02,0,1008000,-1109000,-101000
2007/01/03,0,880000,-2205083,-1325083
2007/01/04,0,900000,-650000,250000
2007/01/05,0,36000,0,36000
2007/01/08,0,2600000,-481000,2119000
2007/01/09,0,150000,-426000,-276000
2007/01/10,0,0,-663000,-663000
2007/01/11,0,16000,-134970,-118970
2007/01/12,0,779000,-546000,233000
2007/01/15,0,404000,-244000,160000
2007/01/16,0,1870000,-100,1869900
2007/01/17,0,91000,0,91000
2007/01/18,0,270000,-14280,255720
2007/01/19,0,0,-883000,-883000
2007/01/22,0,152000,-308000,-156000
2007/01/23,0,50000,-74000,-24000
2007/01/24,0,50000,-23000,27000
2007/01/25,0,48000,-1000,47000
2007/01/26,0,350000,-16000,334000
2007/01/29,0,0,-323000,-323000
2007/01/30,0,477000,-575000,-98000
2007/01/31,0,100000,0,100000
2007/02/01,0,1445000,-93000,1352000
2007/02/02,0,7178000,0,7178000
2007/02/05,0,2869000,-6000,2863000
2007/02/06,0,4167000,-221000,3946000
2007/02/07,0,4025000,-648000,3377000
2007/02/08,0,9000,0,9000
2007/02/09,0,2129000,-1708000,421000
2007/02/12,0,2787000,-28000,2759000
2007/02/13,0,1688000,-56000,1632000
2007/02/14,0,620000,-74000,546000
2007/02/15,0,0,0,0
2007/02/16,0,0,0,0
2007/02/19,0,0,0,0
2007/02/20,0,0,0,0
2007/02/21,0,0,0,0
2007/02/22,0,0,0,0
2007/02/23,0,0,0,0
2007/02/26,0,600000,0,600000
2007/02/27,0,0,-935000,-935000
2007/02/28,0,0,0,0
2007/03/01,0,20000,-2273000,-2253000
2007/03/02,0,20000,-1030000,-1010000
2007/03/05,0,150000,-412000,-262000
2007/03/06,0,441000,-1518000,-1077000
2007/03/07,0,0,-1813000,-1813000
2007/03/08,0,260000,-4344000,-4084000
2007/03/09,0,0,-900000,-900000
2007/03/12,0,2226000,-155171,2070829
2007/03/13,0,1380000,-372000,1008000
2007/03/14,0,749000,-683000,66000
2007/03/15,0,796000,-423000,373000
2007/03/16,0,0,-91000,-91000
2007/03/19,0,1747000,-191255,1555745
2007/03/20,0,4416000,-77000,4339000
2007/03/21,0,0,-44000,-44000
2007/03/22,0,1121000,-222000,899000
2007/03/23,0,90000,-123000,-33000
2007/03/26,0,305000,0,305000
2007/03/27,0,21000,-460000,-439000
2007/03/28,0,21000,-1621360,-1600360
2007/03/29,0,50000,-1314000,-1264000
2007/03/30,0,0,-1570000,-1570000
2007/04/02,0,781000,-28000,753000
2007/04/03,0,1150000,-112000,1038000
2007/04/04,0,322000,0,322000
2007/04/05,0,0,0,0
2007/04/06,0,0,0,0
2007/04/09,0,382000,0,382000
2007/04/10,0,400000,-6000,394000
2007/04/11,0,2619000,0,2619000
2007/04/12,0,1040000,-44000,996000
2007/04/13,0,1603000,-227000,1376000
2007/04/16,0,90000,-281000,-191000
2007/04/17,0,108000,-136000,-28000
2007/04/18,0,501000,-25000,476000
2007/04/19,0,3264000,-200000,3064000
2007/04/20,0,403000,-126000,277000
2007/04/23,0,1798000,0,1798000
2007/04/24,0,4210000,-25000,4185000
2007/04/25,0,365000,-1050000,-685000
2007/04/26,0,104000,-50000,54000
2007/04/27,0,0,-1065000,-1065000
2007/04/30,0,0,-1101000,-1101000
2007/05/01,0,0,0,0
2007/05/02,0,48000,-700000,-652000
2007/05/03,0,338000,0,338000
2007/05/04,0,279000,-110000,169000
2007/05/07,0,600000,-653000,-53000
2007/05/08,0,0,-9000,-9000
2007/05/09,0,120000,-1170000,-1050000
2007/05/10,0,400000,-1938000,-1538000
2007/05/11,0,1205000,-1682000,-477000
2007/05/14,0,1964000,-215000,1749000
2007/05/15,0,78000,-1117000,-1039000
2007/05/16,0,248000,-1778000,-1530000
2007/05/17,0,3470000,-188000,3282000
2007/05/18,0,274000,-64000,210000
2007/05/21,0,0,-138000,-138000
2007/05/22,0,407000,-2724000,-2317000
2007/05/23,0,683000,-1511000,-828000
2007/05/24,0,6000,-535000,-529000
2007/05/25,0,675000,-1596000,-921000
2007/05/28,0,38000,-235000,-197000
2007/05/29,0,200000,-822000,-622000
2007/05/30,0,27000,-40000,-13000
2007/05/31,0,358000,-3080000,-2722000
2007/06/01,0,0,-513000,-513000
2007/06/04,0,9000,-50000,-41000
2007/06/05,0,0,-2857680,-2857680
2007/06/06,0,1028000,-520000,508000
2007/06/07,0,153000,-200000,-47000
2007/06/08,0,4070000,-200000,3870000
2007/06/11,0,0,-102000,-102000
2007/06/12,0,1699000,-608000,1091000
2007/06/13,0,1025000,-60000,965000
2007/06/14,0,80000,-44000,36000
2007/06/15,0,554000,-63000,491000
2007/06/18,0,0,0,0
2007/06/19,0,0,0,0
2007/06/20,0,64000,-80000,-16000
2007/06/21,0,500000,-403000,97000
2007/06/22,0,899000,-140044,758956
2007/06/25,0,810000,-1465000,-655000
2007/06/26,0,0,-667000,-667000
2007/06/27,0,0,-100000,-100000
2007/06/28,0,570000,-3000,567000
2007/06/29,0,0,-135000,-135000
2007/07/02,0,50000,0,50000
2007/07/03,0,250000,0,250000
2007/07/04,0,7000,-55000,-48000
2007/07/05,0,408000,-314000,94000
2007/07/06,0,632000,-81000,551000
2007/07/09,0,741000,-117000,624000
2007/07/10,0,1362000,-666000,696000
2007/07/11,0,390000,-500000,-110000
2007/07/12,0,90000,-108000,-18000
2007/07/13,0,1976000,-3064000,-1088000
2007/07/16,0,50000,-1708000,-1658000
2007/07/17,0,34000,-712000,-678000
2007/07/18,0,1514000,-90000,1424000
2007/07/19,0,309000,-49000,260000
2007/07/20,0,534000,-93000,441000
2007/07/23,0,568000,-170000,398000
2007/07/24,0,2602000,-7000,2595000
2007/07/25,0,1271000,-182000,1089000
2007/07/26,0,4872000,-994000,3878000
2007/07/27,0,14399000,0,14399000
2007/07/30,0,1314000,-2204000,-890000
2007/07/31,0,15709000,-67000,15642000
2007/08/01,0,2205000,-409000,1796000
2007/08/02,0,256000,-53000,203000
2007/08/03,0,332000,-4000,328000
2007/08/06,0,581000,0,581000
2007/08/07,0,4703000,-150000,4553000
2007/08/08,0,298000,-1051000,-753000
2007/08/09,0,2023000,0,2023000
2007/08/10,0,2160000,-137000,2023000
2007/08/13,0,0,-2533000,-2533000
2007/08/14,0,588000,-238000,350000
2007/08/15,0,1051000,-160000,891000
2007/08/16,0,1539000,-3154000,-1615000
2007/08/17,0,1693000,-2272000,-579000
2007/08/20,0,2457000,-600000,1857000
2007/08/21,0,181000,-3034000,-2853000
2007/08/22,0,108000,-316000,-208000
2007/08/23,0,13000,-150000,-137000
2007/08/24,0,2891000,-1329000,1562000
2007/08/27,0,1621000,-2490000,-869000
2007/08/28,0,376000,-2056000,-1680000
2007/08/29,0,670000,-1115000,-445000
2007/08/30,0,1000,-2954000,-2953000
2007/08/31,0,614000,-381000,233000
2007/09/03,0,987000,-1249000,-262000
2007/09/04,0,499000,-1251000,-752000
2007/09/05,0,0,0,0
2007/09/06,0,0,-180000,-180000
2007/09/07,0,407000,-99476,307524
2007/09/10,0,1067000,-5990,1061010
2007/09/11,0,540000,-583803,-43803
2007/09/12,0,329000,-899410,-570410
2007/09/13,0,0,-17925,-17925
2007/09/14,0,575000,-1327928,-752928
2007/09/17,0,203000,-283000,-80000
2007/09/18,0,0,0,0
2007/09/19,0,11000,0,11000
2007/09/20,0,2992000,-253000,2739000
2007/09/21,0,12170000,-8000,12162000
2007/09/24,0,0,0,0
2007/09/25,0,0,0,0
2007/09/26,0,14179000,-889771,13289229
2007/09/27,0,13977000,-72000,13905000
2007/09/28,0,10205000,-51000,10154000
2007/10/01,0,11238000,-32981,11205019
2007/10/02,0,8555000,-173450,8381550
2007/10/03,0,3674000,-3000,3671000
2007/10/04,0,3745000,-100000,3645000
2007/10/05,0,6606000,-24000,6582000
2007/10/08,0,12848000,-32000,12816000
2007/10/09,0,52657000,-1048000,51609000
2007/10/10,0,0,0,0
2007/10/11,0,4546000,-921530,3624470
2007/10/12,0,2652000,-20000,2632000
2007/10/15,0,12815000,-833000,11982000
2007/10/16,0,14029000,-53472,13975528
2007/10/17,0,2382000,0,2382000
2007/10/18,0,8307000,-500000,7807000
2007/10/19,0,12684000,-98000,12586000
2007/10/22,0,5802000,-1776000,4026000
2007/10/23,0,3759000,-1810000,1949000
2007/10/24,0,2560000,-1000000,1560000
2007/10/25,0,3781000,-700000,3081000
2007/10/26,0,2196000,-1310000,886000
2007/10/29,0,7710000,-601000,7109000
2007/10/30,0,3359000,-660000,2699000
2007/10/31,0,3303000,-70000,3233000
2007/11/01,0,1277000,-250000,1027000
2007/11/02,0,571000,-2854000,-2283000
2007/11/05,0,2870000,-443384,2426616
2007/11/06,0,3656000,-700000,2956000
2007/11/07,0,3839000,-2751739,1087261
2007/11/08,0,1188000,-3413000,-2225000
2007/11/09,0,556000,-1775000,-1219000
2007/11/12,0,33000,-2660000,-2627000
2007/11/13,0,496000,-3289000,-2793000
2007/11/14,0,174000,-1633000,-1459000
2007/11/15,0,371000,-3448280,-3077280
2007/11/16,0,201000,-6309317,-6108317
2007/11/19,0,1142000,-1172317,-30317
2007/11/20,0,787000,-1911000,-1124000
2007/11/21,0,147000,-707295,-560295
2007/11/22,0,1107000,-2299000,-1192000
2007/11/23,0,107000,-6401000,-6294000
2007/11/26,0,515000,-1018000,-503000
2007/11/27,0,236000,-820000,-584000
2007/11/28,0,2000,-3894000,-3892000
2007/11/29,0,1307000,-4049000,-2742000
2007/11/30,0,202000,-1108000,-906000
2007/12/03,0,1859000,-16000,1843000
2007/12/04,0,1569000,-59000,1510000
2007/12/05,0,826000,-640000,186000
2007/12/06,0,879000,-483000,396000
2007/12/07,0,510000,-159000,351000
2007/12/10,0,76000,-2377890,-2301890
2007/12/11,0,258000,-1252000,-994000
2007/12/12,0,400000,-9145657,-8745657
2007/12/13,0,3000,-2529203,-2526203
2007/12/14,0,1807000,-738000,1069000
2007/12/17,0,1413000,-973000,440000
2007/12/18,0,3228000,-1136000,2092000
2007/12/19,0,2309000,-1200000,1109000
2007/12/20,0,1908000,-33000,1875000
2007/12/21,0,5057000,-580000,4477000
2007/12/24,0,8554000,-1038000,7516000
2007/12/25,0,4366000,-4000,4362000
2007/12/26,0,1472000,-1192000,280000
2007/12/27,0,784000,-1139000,-355000
2007/12/28,0,375000,-121000,254000
2007/12/31,0,1401000,-1107000,294000
2008/01/01,0,0,0,0
2008/01/02,0,430000,-1349000,-919000
2008/01/03,0,49000,-10842000,-10793000
2008/01/04,0,1025000,-2963000,-1938000
2008/01/07,0,73000,-6276921,-6203921
2008/01/08,0,3902000,-824972,3077028
2008/01/09,0,6135000,-1136000,4999000
2008/01/10,0,3295000,-553000,2742000
2008/01/11,0,3707000,-5820000,-2113000
2008/01/14,0,1717000,-5319000,-3602000
2008/01/15,0,1510000,-1983976,-473976
2008/01/16,0,648000,-6539063,-5891063
2008/01/17,0,209000,-151000,58000
2008/01/18,0,1357000,-3859000,-2502000
2008/01/21,0,1277000,-1485000,-208000
2008/01/22,0,325000,-671000,-346000
2008/01/23,0,619000,-1632000,-1013000
2008/01/24,0,690000,-3653000,-2963000
2008/01/25,0,2132000,-482000,1650000
2008/01/28,0,259000,-1182000,-923000
2008/01/29,0,166000,-1254931,-1088931
2008/01/30,0,1932000,-776000,1156000
2008/01/31,0,985000,-1254000,-269000
2008/02/01,0,5581000,-2470000,3111000
2008/02/04,0,0,0,0
2008/02/05,0,0,0,0
2008/02/06,0,0,0,0
2008/02/07,0,0,0,0
2008/02/08,0,0,0,0
2008/02/11,0,0,0,0
2008/02/12,0,195000,-3115000,-2920000
2008/02/13,0,1954000,-276000,1678000
2008/02/14,0,1955000,-80000,1875000
2008/02/15,0,2468000,-524000,1944000
2008/02/18,0,2221000,-10841000,-8620000
2008/02/19,0,657000,-2683000,-2026000
2008/02/20,0,3440000,-2087707,1352293
2008/02/21,0,396000,-4708000,-4312000
2008/02/22,0,6316000,-1764000,4552000
2008/02/25,0,15022000,-111000,14911000
2008/02/26,0,6197000,-2011000,4186000
2008/02/27,0,2444000,-1161000,1283000
2008/02/28,0,0,0,0
2008/02/29,0,397000,-3704000,-3307000
2008/03/03,0,1876000,-2289000,-413000
2008/03/04,0,524000,-1441000,-917000
2008/03/05,0,449000,-3754000,-3305000
2008/03/06,0,1600000,-857725,742275
2008/03/07,0,1589000,-2065000,-476000
2008/03/10,0,3470000,-1064000,2406000
2008/03/11,0,650000,-1990000,-1340000
2008/03/12,0,1277000,-5653872,-4376872
2008/03/13,0,1095000,-613675,481325
2008/03/14,0,1773000,-1659963,113037
2008/03/17,0,1502000,-114000,1388000
2008/03/18,0,3199000,-543000,2656000
2008/03/19,0,3608000,-2421000,1187000
2008/03/20,0,1124000,-9466000,-8342000
2008/03/21,0,2672000,-7850000,-5178000
2008/03/24,0,943000,-14291240,-13348240
2008/03/25,0,2539000,-18441000,-15902000
2008/03/26,0,2229000,-12229000,-10000000
2008/03/27,0,4012000,-14035469,-10023469
2008/03/28,0,2783000,-5933000,-3150000
2008/03/31,0,777000,-728000,49000
2008/04/01,0,1249000,-255000,994000
2008/04/02,0,829000,0,829000
2008/04/03,0,693000,-281000,412000
2008/04/04,0,0,0,0
2008/04/07,0,650000,-1284000,-634000
2008/04/08,0,594000,-6949550,-6355550
2008/04/09,0,9000,-2975000,-2966000
2008/04/10,0,91000,-1770000,-1679000
2008/04/11,0,2217000,-1115000,1102000
2008/04/14,0,430000,-4747000,-4317000
2008/04/15,0,202000,-3300000,-3098000
2008/04/16,0,200000,-9889000,-9689000
2008/04/17,0,1309000,-6348000,-5039000
2008/04/18,0,4456000,-406000,4050000
2008/04/21,0,1597000,-275791,1321209
2008/04/22,0,2291000,-1686000,605000
2008/04/23,0,14591000,-4127000,10464000
2008/04/24,0,2414000,-285000,2129000
2008/04/25,0,1756000,-352000,1404000
2008/04/28,0,974000,-184000,790000
2008/04/29,0,1532000,-1500000,32000
2008/04/30,0,3189000,-843000,2346000
2008/05/01,0,0,0,0
2008/05/02,0,2740000,-110000,2630000
2008/05/05,0,2486000,-217000,2269000
2008/05/06,0,1579000,-1400000,179000
2008/05/07,0,2492000,-1924000,568000
2008/05/08,0,250000,-14705752,-14455752
2008/05/09,0,87000,-5302000,-5215000
2008/05/12,0,210000,-3214000,-3004000
2008/05/13,0,220000,-110000,110000
2008/05/14,0,217000,-907000,-690000
2008/05/15,0,98000,-925000,-827000
2008/05/16,0,400000,-4095000,-3695000
2008/05/19,0,97000,-8016000,-7919000
2008/05/20,0,36000,-13152274,-13116274
2008/05/21,0,61000,-1647000,-1586000
2008/05/22,0,42000,-2337828,-2295828
2008/05/23,0,16000,-2789000,-2773000
2008/05/26,0,224000,-8541000,-8317000
2008/05/27,0,1875000,-457000,1418000
2008/05/28,0,1129000,-1292000,-163000
2008/05/29,0,214000,-832000,-618000
2008/05/30,0,710000,-1784000,-1074000
2008/06/02,0,34000,-127000,-93000
2008/06/03,0,0,-3886000,-3886000
2008/06/04,0,167000,-9436742,-9269742
2008/06/05,0,876000,-2813872,-1937872
2008/06/06,0,565000,-1136000,-571000
2008/06/09,0,118000,-1122000,-1004000
2008/06/10,0,126000,-630000,-504000
2008/06/11,0,162000,-100000,62000
2008/06/12,0,73000,0,73000
2008/06/13,0,1526000,-1069000,457000
2008/06/16,0,42000,-658000,-616000
2008/06/17,0,24000,-1356002,-1332002
2008/06/18,0,0,-1070000,-1070000
2008/06/19,0,157000,-77000,80000
2008/06/20,0,704000,-49000,655000
2008/06/23,0,525000,0,525000
2008/06/24,0,459000,-4627242,-4168242
2008/06/25,0,1316000,-1435000,-119000
2008/06/26,0,1643000,-500000,1143000
2008/06/27,0,24000,-2550908,-2526908
2008/06/30,0,3049000,-93000,2956000
2008/07/01,0,4304000,-200000,4104000
2008/07/02,0,3540000,-3110725,429275
2008/07/03,0,272000,-124000,148000
2008/07/04,0,49000,-3202000,-3153000
2008/07/07,0,52000,-770922,-718922
2008/07/08,0,2000000,-6015000,-4015000
2008/07/09,0,1585000,-5866000,-4281000
2008/07/10,0,1935000,-8613000,-6678000
2008/07/11,0,1989000,-2205000,-216000
2008/07/14,0,364000,-668000,-304000
2008/07/15,0,417000,-6082000,-5665000
2008/07/16,0,55000,-673000,-618000
2008/07/17,0,17000,-339000,-322000
2008/07/18,0,26000,-1882510,-1856510
2008/07/21,0,760000,-3510000,-2750000
2008/07/22,0,669000,-651771,17229
2008/07/23,0,1653000,-2382124,-729124
2008/07/24,0,894000,-48000,846000
2008/07/25,0,2542000,-867000,1675000
2008/07/28,0,0,0,0
2008/07/29,0,1818000,-2531975,-713975
2008/07/30,0,1373000,-1853000,-480000
2008/07/31,0,1912000,-3328000,-1416000
2008/08/01,0,2718000,-3632799,-914799
2008/08/04,0,1354000,-1289000,65000
2008/08/05,0,2073000,-142000,1931000
2008/08/06,0,10729000,-4219696,6509304
2008/08/07,0,6459000,-250899,6208101
2008/08/08,0,5300000,-1000000,4300000
2008/08/11,0,10704000,-12000,10692000
2008/08/12,0,2274000,-53000,2221000
2008/08/13,0,1818000,-150000,1668000
2008/08/14,0,2523000,-426000,2097000
2008/08/15,0,1885000,0,1885000
2008/08/18,0,26000,-68000,-42000
2008/08/19,0,21000,-695000,-674000
2008/08/20,0,10000,-1467000,-1457000
2008/08/21,0,476000,-31000,445000
2008/08/22,0,9000,0,9000
2008/08/25,0,927000,-128749,798251
2008/08/26,0,54000,-101998,-47998
2008/08/27,0,2128000,-613999,1514001
2008/08/28,0,170000,-2863898,-2693898
2008/08/29,0,2197000,-30000,2167000
2008/09/01,0,954000,-2127000,-1173000
2008/09/02,0,723002,-892498,-169496
2008/09/03,0,1106000,-14171641,-13065641
2008/09/04,0,157000,-388000,-231000
2008/09/05,0,692000,-1821499,-1129499
2008/09/08,0,10000,-786498,-776498
2008/09/09,0,913000,-2388249,-1475249
2008/09/10,0,547000,-653000,-106000
2008/09/11,0,0,-215000,-215000
2008/09/12,0,0,-1073894,-1073894
2008/09/15,0,444000,-2036998,-1592998
2008/09/16,0,174000,-597642,-423642
2008/09/17,0,777000,-3226996,-2449996
2008/09/18,0,6061000,-2439000,3622000
2008/09/19,0,1548000,-1430000,118000
2008/09/22,0,6382000,-1399,6380601
2008/09/23,0,848000,-3156998,-2308998
2008/09/24,0,379000,-800000,-421000
2008/09/25,0,4622000,-103000,4519000
2008/09/26,0,4279000,-984000,3295000
2008/09/29,0,0,0,0
2008/09/30,0,667000,-468833,198167
2008/10/01,0,564000,-20000,544000
2008/10/02,0,4143000,-155561,3987439
2008/10/03,0,1935000,-611085,1323915
2008/10/06,0,981000,-1192999,-211999
2008/10/07,0,2686000,-38000,2648000
2008/10/08,0,13000,-2490000,-2477000
2008/10/09,0,339000,-6281000,-5942000
2008/10/10,0,0,0,0
2008/10/13,0,0,-4720950,-4720950
2008/10/14,0,1350000,-1096998,253002
2008/10/15,0,58000,-3887000,-3829000
2008/10/16,0,51000,-78342,-27342
2008/10/17,0,50000,-1711740,-1661740
2008/10/20,0,0,-560000,-560000
2008/10/21,0,129000,-7058846,-6929846
2008/10/22,0,0,-50000,-50000
2008/10/23,0,30000,-571000,-541000
2008/10/24,0,24000,-1158000,-1134000
2008/10/27,0,51000,-650000,-599000
2008/10/28,0,270000,-12328999,-12058999
2008/10/29,0,1327000,-7984843,-6657843
2008/10/30,0,205000,-2722020,-2517020
2008/10/31,0,2812000,-5647887,-2835887
2008/11/03,0,51000,-166447,-115447
2008/11/04,0,75000,-1868000,-1793000
2008/11/05,0,524000,0,524000
2008/11/06,0,48000,-8998,39002
2008/11/07,0,35000,-115000,-80000
2008/11/10,0,106000,0,106000
2008/11/11,0,615000,-1978295,-1363295
2008/11/12,0,26000,-698449,-672449
2008/11/13,0,520000,-737000,-217000
2008/11/14,0,730000,-1184000,-454000
2008/11/17,0,58000,-1595000,-1537000
2008/11/18,0,36000,-10333765,-10297765
2008/11/19,0,7900000,-715037,7184963
2008/11/20,0,11054000,-5113000,5941000
2008/11/21,0,7481000,-2898000,4583000
2008/11/24,0,8669000,-1000,8668000
2008/11/25,0,1291000,-3520794,-2229794
2008/11/26,0,125000,-3187208,-3062208
2008/11/27,0,5886000,-1639000,4247000
2008/11/28,0,2969000,-504741,2464259
2008/12/01,0,13003000,-757206,12245794
2008/12/02,0,3050000,-300000,2750000
2008/12/03,0,6060000,-1727749,4332251
2008/12/04,0,12532000,-822547,11709453
2008/12/05,0,2819000,-282058,2536942
2008/12/08,0,5752000,-648,5751352
2008/12/09,0,2700000,0,2700000
2008/12/10,0,561000,-37000,524000
2008/12/11,0,16188000,-3505000,12683000
2008/12/12,0,4019000,-5558000,-1539000
2008/12/15,0,5400024,-78000,5322024
2008/12/16,0,1044000,0,1044000
2008/12/17,0,4057000,-820000,3237000
2008/12/18,0,2317000,-2227000,90000
2008/12/19,0,3369000,-11589491,-8220491
2008/12/22,0,2688000,-2578651,109349
2008/12/23,0,3000,-4870000,-4867000
2008/12/24,0,852000,-2414000,-1562000
2008/12/25,0,1161000,-299000,862000
2008/12/26,0,2103000,-235000,1868000
2008/12/29,0,2278000,0,2278000
2008/12/30,0,5760000,0,5760000
2008/12/31,0,18576000,-44000,18532000
2009/01/01,0,0,0,0
2009/01/02,0,0,0,0
2009/01/05,0,6845000,-200000,6645000
2009/01/06,0,8047000,-80000,7967000
2009/01/07,0,1054000,-1470000,-416000
2009/01/08,0,624000,-2983000,-2359000
2009/01/09,0,1755000,-2300000,-545000
2009/01/12,0,459000,-4230498,-3771498
2009/01/13,0,5660000,-11474000,-5814000
2009/01/14,0,4022000,-7614397,-3592397
2009/01/15,0,1273000,-489000,784000
2009/01/16,0,9490000,-5850000,3640000
2009/01/19,0,2229000,-1805000,424000
2009/01/20,0,1125000,-11688000,-10563000
2009/01/21,0,2569000,-43000,2526000
2009/01/22,0,0,0,0
2009/01/23,0,0,0,0
2009/01/26,0,0,0,0
2009/01/27,0,0,0,0
2009/01/28,0,0,0,0
2009/01/29,0,0,0,0
2009/01/30,0,0,0,0
2009/02/02,0,1193000,0,1193000
2009/02/03,0,3886000,-2755000,1131000
2009/02/04,0,12670000,-150000,12520000
2009/02/05,0,5991000,-500000,5491000
2009/02/06,0,893000,-2000,891000
2009/02/09,0,4581000,-100000,4481000
2009/02/10,0,1947000,-1675000,272000
2009/02/11,0,1496000,-6217000,-4721000
2009/02/12,0,795000,-3223270,-2428270
2009/02/13,0,0,-4184000,-4184000
2009/02/16,0,359000,-1711000,-1352000
2009/02/17,0,1322000,-1590000,-268000
2009/02/18,0,494000,-2654000,-2160000
2009/02/19,0,2772000,0,2772000
2009/02/20,0,1123000,-904000,219000
2009/02/23,0,48000,-6089000,-6041000
2009/02/24,0,9540000,-3278000,6262000
2009/02/25,0,8583000,-1566355,7016645
2009/02/26,0,8075000,-1327000,6748000
2009/02/27,0,1071000,-431000,640000
2009/03/02,0,188000,-645000,-457000
2009/03/03,0,1980000,-4409000,-2429000
2009/03/04,0,1591000,-4000,1587000
2009/03/05,0,573000,0,573000
2009/03/06,0,959000,-90000,869000
2009/03/09,0,379000,-2868000,-2489000
2009/03/10,0,119000,-2151000,-2032000
2009/03/11,0,0,-11407000,-11407000
2009/03/12,0,1047000,-10208000,-9161000
2009/03/13,0,4697000,-867000,3830000
2009/03/16,0,5224000,-12000,5212000
2009/03/17,0,815000,-7251000,-6436000
2009/03/18,0,266000,-3767000,-3501000
2009/03/19,0,3474000,-2898000,576000
2009/03/20,0,1246000,-2915000,-1669000
2009/03/23,0,2013000,-565000,1448000
2009/03/24,0,3310000,-3513000,-203000
2009/03/25,0,0,-6466999,-6466999
2009/03/26,0,1280000,-2778000,-1498000
2009/03/27,0,4287000,-575000,3712000
2009/03/30,0,763000,-1993000,-1230000
2009/03/31,0,266000,-3694000,-3428000
2009/04/01,0,697000,-2747000,-2050000
2009/04/02,0,198000,-3855896,-3657896
2009/04/03,0,2751000,-699000,2052000
2009/04/06,0,4969000,-206000,4763000
2009/04/07,0,4228000,-425000,3803000
2009/04/08,0,14140000,-2045000,12095000
2009/04/09,0,4934000,-489000,4445000
2009/04/10,0,1063000,-209000,854000
2009/04/13,0,5985000,-360000,5625000
2009/04/14,0,0,-473000,-473000
2009/04/15,0,0,-4216000,-4216000
2009/04/16,0,3539000,-2139000,1400000
2009/04/17,0,1697000,-20000,1677000
2009/04/20,0,185000,-622000,-437000
2009/04/21,0,895000,-1133000,-238000
2009/04/22,0,2882000,-508805,2373195
2009/04/23,0,250000,-3419000,-3169000
2009/04/24,0,1275000,-1713000,-438000
2009/04/27,0,304000,-4151000,-3847000
2009/04/28,0,506000,-5718000,-5212000
2009/04/29,0,12000,-1510000,-1498000
2009/04/30,0,281000,-1220000,-939000
2009/05/01,0,0,0,0
2009/05/04,0,1300000,-17000,1283000
2009/05/05,0,1699000,-471000,1228000
2009/05/06,0,190000,-896743,-706743
2009/05/07,0,0,-3375000,-3375000
2009/05/08,0,0,-2362000,-2362000
2009/05/11,0,98000,-5564000,-5466000
2009/05/12,0,0,-1194000,-1194000
2009/05/13,0,104000,-1933000,-1829000
2009/05/14,0,142000,-9705000,-9563000
2009/05/15,0,3582000,-4870000,-1288000
2009/05/18,0,265000,-4175000,-3910000
2009/05/19,0,730000,-3823648,-3093648
2009/05/20,0,11000,-7016865,-7005865
2009/05/21,0,170000,-1184000,-1014000
2009/05/22,0,210000,-933000,-723000
2009/05/25,0,313000,-3855000,-3542000
2009/05/26,0,197000,-12816000,-12619000
2009/05/27,0,282000,-838000,-556000
2009/05/28,0,0,0,0
2009/05/29,0,0,0,0
2009/06/01,0,505000,-858000,-353000
2009/06/02,0,1078000,-1172000,-94000
2009/06/03,0,2300000,-820000,1480000
2009/06/04,0,1340000,-287000,1053000
2009/06/05,0,3170000,-1736000,1434000
2009/06/08,0,6038000,-233000,5805000
2009/06/09,0,5880000,-21000,5859000
2009/06/10,0,1500000,-929000,571000
2009/06/11,0,3002000,0,3002000
2009/06/12,0,188000,-25000,163000
2009/06/15,0,369000,-1231000,-862000
2009/06/16,0,534000,-630000,-96000
2009/06/17,0,5051000,-4583000,468000
2009/06/18,0,1534000,-210000,1324000
2009/06/19,0,115000,-5601000,-5486000
2009/06/22,0,691000,0,691000
2009/06/23,0,1385000,-48000,1337000
2009/06/24,0,407000,-2129000,-1722000
2009/06/25,0,309000,-615000,-306000
2009/06/26,0,366000,-1501000,-1135000
2009/06/29,0,569000,-3731000,-3162000
2009/06/30,0,748000,-150000,598000
2009/07/01,0,310000,-11000,299000
2009/07/02,0,8521000,-302000,8219000
2009/07/03,0,1350000,-2906000,-1556000
2009/07/06,0,117000,-4000,113000
2009/07/07,0,6910000,-550000,6360000
2009/07/08,0,1000000,-466000,534000
2009/07/09,0,5780000,-11000,5769000
2009/07/10,0,3331000,-223000,3108000
2009/07/13,0,0,-18000,-18000
2009/07/14,0,2372000,-487000,1885000
2009/07/15,0,2007000,-931000,1076000
2009/07/16,0,2170000,-1676000,494000
2009/07/17,0,2827000,-5406000,-2579000
2009/07/20,0,821000,-2549000,-1728000
2009/07/21,0,1349000,-520000,829000
2009/07/22,0,0,-5205000,-5205000
2009/07/23,0,30000,-3027000,-2997000
2009/07/24,0,5255000,-20291564,-15036564
2009/07/27,0,4742000,-5953000,-1211000
2009/07/28,0,5300000,-7624000,-2324000
2009/07/29,0,3897000,-1370000,2527000
2009/07/30,0,1483000,-641000,842000
2009/07/31,0,850000,-7813000,-6963000
2009/08/03,0,0,-3380000,-3380000
2009/08/04,0,715000,-28000,687000
2009/08/05,0,2390000,0,2390000
2009/08/06,0,2235000,-3912000,-1677000
2009/08/07,0,0,0,0
2009/08/10,0,1024000,-1515522,-491522
2009/08/11,0,1420000,-2953000,-1533000
2009/08/12,0,1911000,-100000,1811000
2009/08/13,0,912000,-101320,810680
2009/08/14,0,1944000,-3800000,-1856000
2009/08/17,0,1549000,-144000,1405000
2009/08/18,0,13000,-203000,-190000
2009/08/19,0,1399000,-1122000,277000
2009/08/20,0,7000,-312000,-305000
2009/08/21,0,3259000,-6053000,-2794000
2009/08/24,0,761000,-3206000,-2445000
2009/08/25,0,200000,-2600000,-2400000
2009/08/26,0,3850000,-2617000,1233000
2009/08/27,0,4987000,-5000000,-13000
2009/08/28,0,387000,-5216000,-4829000
2009/08/31,0,3997000,-2295000,1702000
2009/09/01,0,10973000,-2497000,8476000
2009/09/02,0,852000,-2046000,-1194000
2009/09/03,0,3366000,-513000,2853000
2009/09/04,0,2895000,-253000,2642000
2009/09/07,0,0,-2856000,-2856000
2009/09/08,0,7150000,-3609000,3541000
2009/09/09,0,672000,-292000,380000
2009/09/10,0,387000,-605000,-218000
2009/09/11,0,91000,-534500,-443500
2009/09/14,0,0,-5085300,-5085300
2009/09/15,0,8000,-663900,-655900
2009/09/16,0,0,-4452010,-4452010
2009/09/17,0,0,-3007552,-3007552
2009/09/18,0,403000,-415480,-12480
2009/09/21,0,220000,-236000,-16000
2009/09/22,0,10000,-690000,-680000
2009/09/23,0,127000,-63000,64000
2009/09/24,0,1958000,-142177,1815823
2009/09/25,0,0,-400000,-400000
2009/09/28,0,745000,-1523010,-778010
2009/09/29,0,1015000,-2798400,-1783400
2009/09/30,0,764000,-20000,744000
2009/10/01,0,0,-4328,-4328
2009/10/02,0,1871000,-585800,1285200
2009/10/05,0,120000,-520000,-400000
2009/10/06,0,0,0,0
2009/10/07,0,1680000,-125000,1555000
2009/10/08,0,928000,-1068250,-140250
2009/10/09,0,1168000,-2775900,-1607900
2009/10/12,0,500000,0,500000
2009/10/13,0,3374000,0,3374000
2009/10/14,0,1402000,-14000,1388000
2009/10/15,0,6344000,0,6344000
2009/10/16,0,804000,-1365500,-561500
2009/10/19,0,22000,0,22000
2009/10/20,0,395000,-490000,-95000
2009/10/21,0,62000,-15000,47000
2009/10/22,0,0,-867300,-867300
2009/10/23,0,140000,-4311295,-4171295
2009/10/26,0,0,-2652200,-2652200
2009/10/27,0,10000,-4482028,-4472028
2009/10/28,0,0,-7769350,-7769350
2009/10/29,0,943000,-9338,933662
2009/10/30,0,2198000,-4000,2194000
2009/11/02,0,1012000,-1110,1010890
2009/11/03,0,10000,-6000,4000
2009/11/04,0,2821000,0,2821000
2009/11/05,0,12000,0,12000
2009/11/06,0,198000,0,198000
2009/11/09,0,969000,-2207000,-1238000
2009/11/10,0,775000,-10350,764650
2009/11/11,0,375000,0,375000
2009/11/12,0,1634000,-3000,1631000
2009/11/13,0,185000,-1040000,-855000
2009/11/16,0,6357000,-8329310,-1972310
2009/11/17,0,2833000,-304000,2529000
2009/11/18,0,1000,-25000,-24000
2009/11/19,0,300000,-10000,290000
2009/11/20,0,266000,-19000,247000
2009/11/23,0,4391000,-516000,3875000
2009/11/24,0,3178000,-520000,2658000
2009/11/25,0,6168000,-14000,6154000
2009/11/26,0,32400000,0,32400000
2009/11/27,0,7984000,0,7984000
2009/11/30,0,8512000,-40000,8472000
2009/12/01,0,10942000,0,10942000
2009/12/02,0,5522000,-11000,5511000
2009/12/03,0,0,0,0
2009/12/04,0,761000,-1510000,-749000
2009/12/07,0,7620000,-584000,7036000
2009/12/08,0,1100000,-3912160,-2812160
2009/12/09,0,920000,-1575000,-655000
2009/12/10,0,1296000,-3125000,-1829000
2009/12/11,0,9000,-2291000,-2282000
2009/12/14,0,393000,-4619970,-4226970
2009/12/15,0,420000,-80000,340000
2009/12/16,0,291000,-4433000,-4142000
2009/12/17,0,990000,-400000,590000
2009/12/18,0,1866000,-781000,1085000
2009/12/21,0,2638000,-72000,2566000
2009/12/22,0,794000,-19000,775000
2009/12/23,0,2035000,-2050000,-15000
2009/12/24,0,2347000,-15000,2332000
2009/12/25,0,0,-73000,-73000
2009/12/28,0,125000,-530,124470
2009/12/29,0,337000,-2613000,-2276000
2009/12/30,0,249000,-6000,243000
2009/12/31,0,72000,-2000,70000
2010/01/01,0,0,0,0
2010/01/04,0,4809000,-18000,4791000
2010/01/05,0,432000,-6000,426000
2010/01/06,0,1922000,-835000,1087000
2010/01/07,0,610000,-164000,446000
2010/01/08,0,670000,-136000,534000
2010/01/11,0,1406000,-1505000,-99000
2010/01/12,0,0,-760000,-760000
2010/01/13,0,236000,-2729000,-2493000
2010/01/14,0,0,-4132000,-4132000
2010/01/15,0,2030000,-3274000,-1244000
2010/01/18,0,250000,-6002000,-5752000
2010/01/19,0,7000,-7844000,-7837000
2010/01/20,0,11000,-6846640,-6835640
2010/01/21,0,0,-3784000,-3784000
2010/01/22,0,125000,-1423000,-1298000
2010/01/25,0,25000,-749000,-724000
2010/01/26,0,134000,-1449000,-1315000
2010/01/27,0,247000,-44000,203000
2010/01/28,0,3008000,-2135000,873000
2010/01/29,0,2543000,-1678000,865000
2010/02/01,0,92000,-914000,-822000
2010/02/02,0,928000,-3861000,-2933000
2010/02/03,0,2169000,-2022000,147000
2010/02/04,0,1267000,-220000,1047000
2010/02/05,0,124000,-3901000,-3777000
2010/02/08,0,3453000,-37000,3416000
2010/02/09,0,16000,-1674000,-1658000
2010/02/10,0,667000,-1950000,-1283000
2010/02/11,0,0,0,0
2010/02/12,0,0,0,0
2010/02/15,0,0,0,0
2010/02/16,0,0,0,0
2010/02/17,0,0,0,0
2010/02/18,0,0,0,0
2010/02/19,0,0,0,0
2010/02/22,0,14000,-702000,-688000
2010/02/23,0,111000,-4404520,-4293520
2010/02/24,0,50000,-1931000,-1881000
2010/02/25,0,5000,-3839000,-3834000
2010/02/26,0,18000,-743608,-725608
2010/03/01,0,10000,-1474000,-1464000
2010/03/02,0,535000,-930408,-395408
2010/03/03,0,0,-3514000,-3514000
2010/03/04,0,554000,-1435000,-881000
2010/03/05,0,7163000,-131000,7032000
2010/03/08,0,261000,0,261000
2010/03/09,0,2074000,-1000000,1074000
2010/03/10,0,1205000,-2506000,-1301000
2010/03/11,0,4000,-1741000,-1737000
2010/03/12,0,82000,-200000,-118000
2010/03/15,0,91000,-233000,-142000
2010/03/16,0,1594000,-50800,1543200
2010/03/17,0,1881000,-1056000,825000
2010/03/18,0,1491000,-948000,543000
2010/03/19,0,576000,-191000,385000
2010/03/22,0,2562000,-2266970,295030
2010/03/23,0,6000,-3587000,-3581000
2010/03/24,0,50000,-5318000,-5268000
2010/03/25,0,0,-4322520,-4322520
2010/03/26,0,0,-3552000,-3552000
2010/03/29,0,13000,-2113000,-2100000
2010/03/30,0,9000,-1613000,-1604000
2010/03/31,0,700000,-3309000,-2609000
2010/04/01,0,1518000,-2225000,-707000
2010/04/02,0,871000,-3171000,-2300000
2010/04/05,0,0,0,0
2010/04/06,0,0,-1087000,-1087000
2010/04/07,0,145000,-2452000,-2307000
2010/04/08,0,2845000,-3276846,-431846
2010/04/09,0,0,-1236000,-1236000
2010/04/12,0,99000,-51000,48000
2010/04/13,0,0,-537000,-537000
2010/04/14,0,319000,-5919950,-5600950
2010/04/15,0,330000,-536000,-206000
2010/04/16,0,50000,-1461000,-1411000
2010/04/19,0,0,-703,-703
2010/04/20,0,106000,-1833000,-1727000
2010/04/21,0,807000,0,807000
2010/04/22,0,4675000,-6000,4669000
2010/04/23,0,1581000,-1197000,384000
2010/04/26,0,450000,-1000000,-550000
2010/04/27,0,4106000,-6770,4099230
2010/04/28,0,535000,-107000,428000
2010/04/29,0,139000,0,139000
2010/04/30,0,550000,-39035,510965
2010/05/03,0,300000,-7000,293000
2010/05/04,0,1534000,0,1534000
2010/05/05,0,7000,-21000,-14000
2010/05/06,0,55000,-481000,-426000
2010/05/07,0,1475000,-901000,574000
2010/05/10,0,662000,0,662000
2010/05/11,0,553000,-23000,530000
2010/05/12,0,4000,-2106883,-2102883
2010/05/13,0,106000,-2678000,-2572000
2010/05/14,0,49000,-1000000,-951000
2010/05/17,0,6000,-5188000,-5182000
2010/05/18,0,32000,-7077000,-7045000
2010/05/19,0,210000,-5632000,-5422000
2010/05/20,0,163000,-1349000,-1186000
2010/05/21,0,314000,-212000,102000
2010/05/24,0,300000,-9000,291000
2010/05/25,0,403000,0,403000
2010/05/26,0,440000,-1009000,-569000
2010/05/27,0,136000,-455000,-319000
2010/05/28,0,0,-447000,-447000
2010/05/31,0,0,-2250000,-2250000
2010/06/01,0,3000,-2177000,-2174000
2010/06/02,0,30000,-5333000,-5303000
2010/06/03,0,0,-1920000,-1920000
2010/06/04,0,0,-468000,-468000
2010/06/07,0,39000,-1339000,-1300000
2010/06/08,0,16000,-2000,14000
2010/06/09,0,8000,-659000,-651000
2010/06/10,0,1519000,-187000,1332000
2010/06/11,0,1900000,-15708,1884292
2010/06/14,0,1379000,-2557048,-1178048
2010/06/15,0,979000,-3572000,-2593000
2010/06/16,0,0,0,0
2010/06/17,0,2986000,-526050,2459950
2010/06/18,0,15000,-945384,-930384
2010/06/21,0,500000,-1240000,-740000
2010/06/22,0,0,-1416000,-1416000
2010/06/23,0,0,-3877000,-3877000
2010/06/24,0,63000,-719000,-656000
2010/06/25,0,0,-793000,-793000
2010/06/28,0,381000,-180000,201000
2010/06/29,0,1213000,-1000000,213000
2010/06/30,0,416000,-690000,-274000
2010/07/01,0,543000,-3323000,-2780000
2010/07/02,0,10000,-1717000,-1707000
2010/07/05,0,0,-1907000,-1907000
2010/07/06,0,1167000,-438000,729000
2010/07/07,0,150000,-622000,-472000
2010/07/08,0,3902000,-436000,3466000
2010/07/09,0,2477000,-960000,1517000
2010/07/12,0,560000,-1100000,-540000
2010/07/13,0,0,-2780000,-2780000
2010/07/14,0,0,-3598490,-3598490
2010/07/15,0,0,-390000,-390000
2010/07/16,0,0,-5940800,-5940800
2010/07/19,0,211000,-5257950,-5046950
2010/07/20,0,100000,-4675947,-4575947
2010/07/21,0,11000,-3402000,-3391000
2010/07/22,0,11000,-1736000,-1725000
2010/07/23,0,12000,-2621500,-2609500
2010/07/26,0,204000,-79000,125000
2010/07/27,0,189000,0,189000
2010/07/28,0,276000,0,276000
2010/07/29,0,597000,-1467000,-870000
2010/07/30,0,1000000,-47000,953000
2010/08/02,0,40000,-168000,-128000
2010/08/03,0,516000,-990000,-474000
2010/08/04,0,502000,-1322000,-820000
2010/08/05,0,600000,-3062000,-2462000
2010/08/06,0,0,-123000,-123000
2010/08/09,0,54000,-3000,51000
2010/08/10,0,130000,0,130000
2010/08/11,0,143000,-104000,39000
2010/08/12,0,0,-534000,-534000
2010/08/13,0,0,-3744000,-3744000
2010/08/16,0,0,-4654000,-4654000
2010/08/17,0,253000,-174000,79000
2010/08/18,0,0,-12000,-12000
2010/08/19,0,35000,-1741171,-1706171
2010/08/20,0,215000,-1133000,-918000
2010/08/23,0,30000,-1784000,-1754000
2010/08/24,0,0,-882980,-882980
2010/08/25,0,121000,-108000,13000
2010/08/26,0,2000,-321000,-319000
2010/08/27,0,4000,-291000,-287000
2010/08/30,0,19000,-117,18883
2010/08/31,0,49000,-341000,-292000
2010/09/01,0,157000,-1715000,-1558000
2010/09/02,0,20000,-692000,-672000
2010/09/03,0,524000,-430000,94000
2010/09/06,0,0,0,0
2010/09/07,0,21000,-28,20972
2010/09/08,0,0,-129000,-129000
2010/09/09,0,2620000,-28000,2592000
2010/09/10,0,226000,0,226000
2010/09/13,0,0,-1500000,-1500000
2010/09/14,0,66000,-7000,59000
2010/09/15,0,79000,0,79000
2010/09/16,0,0,-18000,-18000
2010/09/17,0,89000,-19000,70000
2010/09/20,0,0,-1082000,-1082000
2010/09/21,0,0,-62000,-62000
2010/09/22,0,0,0,0
2010/09/23,0,700000,-21000,679000
2010/09/24,0,0,-10000,-10000
2010/09/27,0,588000,-12000,576000
2010/09/28,0,2960000,0,2960000
2010/09/29,0,10585000,0,10585000
2010/09/30,0,2554000,-413000,2141000
2010/10/01,0,3003000,0,3003000
2010/10/04,0,2250000,-8000,2242000
2010/10/05,0,0,0,0
2010/10/06,0,340000,-57000,283000
2010/10/07,0,280000,0,280000
2010/10/08,0,25000,-1791000,-1766000
2010/10/11,0,320000,-1277000,-957000
2010/10/12,0,70000,-6000,64000
2010/10/13,0,103000,0,103000
2010/10/14,0,1062000,-167000,895000
2010/10/15,0,100000,-1005000,-905000
2010/10/18,0,1508000,-130000,1378000
2010/10/19,0,1827000,-379000,1448000
2010/10/20,0,1700000,0,1700000
2010/10/21,0,97000,-748000,-651000
2010/10/22,0,877000,-1148000,-271000
2010/10/25,0,1800000,0,1800000
2010/10/26,0,1722000,0,1722000
2010/10/27,0,2689000,0,2689000
2010/10/28,0,2720000,0,2720000
2010/10/29,0,428000,-2000,426000
2010/11/01,0,0,-973000,-973000
2010/11/02,0,800000,0,800000
2010/11/03,0,131000,0,131000
2010/11/04,0,1354000,-360000,994000
2010/11/05,0,956000,-483000,473000
2010/11/08,0,40000,-131000,-91000
2010/11/09,0,18000,0,18000
2010/11/10,0,300000,-8000,292000
2010/11/11,0,11000,0,11000
2010/11/12,0,60000,-5000,55000
2010/11/15,0,0,-3000,-3000
2010/11/16,0,0,-184000,-184000
2010/11/17,0,0,-432000,-432000
2010/11/18,0,0,-150000,-150000
2010/11/19,0,11000,-400000,-389000
2010/11/22,0,2160000,0,2160000
2010/11/23,0,820000,0,820000
2010/11/24,0,151000,0,151000
2010/11/25,0,0,-47000,-47000
2010/11/26,0,17000,-563000,-546000
2010/11/29,0,0,-203000,-203000
2010/11/30,0,333000,-76000,257000
2010/12/01,0,0,-15000,-15000
2010/12/02,0,550000,-1768000,-1218000
2010/12/03,0,0,-4391402,-4391402
2010/12/06,0,0,-1977000,-1977000
2010/12/07,0,5000,-1017000,-1012000
2010/12/08,0,0,-158000,-158000
2010/12/09,0,9000,-3466000,-3457000
2010/12/10,0,40000,-6125000,-6085000
2010/12/13,0,0,-522000,-522000
2010/12/14,0,0,-4569000,-4569000
2010/12/15,0,200000,-2000000,-1800000
2010/12/16,0,0,-5938000,-5938000
2010/12/17,0,170000,-2512000,-2342000
2010/12/20,0,0,-17000,-17000
2010/12/21,0,4000,0,4000
2010/12/22,0,10000,-712000,-702000
2010/12/23,0,194000,-70000,124000
2010/12/24,0,0,-4399540,-4399540
2010/12/27,0,0,-7000,-7000
2010/12/28,0,600000,-29000,571000
2010/12/29,0,260000,-100000,160000
2010/12/30,0,634000,0,634000
2010/12/31,0,0,-10000,-10000
2011/01/03,0,0,-1389000,-1389000
2011/01/04,0,0,-1105000,-1105000
2011/01/05,0,27000,-500000,-473000
2011/01/06,0,0,-300000,-300000
2011/01/07,0,35000,-3358000,-3323000
2011/01/10,0,0,-2188000,-2188000
2011/01/11,0,0,0,0
2011/01/12,0,0,-420000,-420000
2011/01/13,0,0,-986000,-986000
2011/01/14,0,0,-1930000,-1930000
2011/01/17,0,0,0,0
2011/01/18,0,0,-290000,-290000
2011/01/19,0,9000,-28000,-19000
2011/01/20,0,38000,-633000,-595000
2011/01/21,0,11000,-1867000,-1856000
2011/01/24,0,0,-786437,-786437
2011/01/25,0,32000,-130000,-98000
2011/01/26,0,40000,-912000,-872000
2011/01/27,0,308000,-1440000,-1132000
2011/01/28,0,180000,-500000,-320000
2011/01/31,0,0,0,0
2011/02/01,0,0,0,0
2011/02/02,0,0,0,0
2011/02/03,0,0,0,0
2011/02/04,0,0,0,0
2011/02/07,0,0,0,0
2011/02/08,0,19000,-3500000,-3481000
2011/02/09,0,50000,-3450000,-3400000
2011/02/10,0,0,-1888032,-1888032
2011/02/11,0,34000,-1500000,-1466000
2011/02/14,0,9000,-300000,-291000
2011/02/15,0,15000,0,15000
2011/02/16,0,15000,-336000,-321000
2011/02/17,0,859000,-56000,803000
2011/02/18,0,5000,0,5000
2011/02/21,0,0,-9000,-9000
2011/02/22,0,10000,-40000,-30000
2011/02/23,0,11000,-1000000,-989000
2011/02/24,0,18000,-800000,-782000
2011/02/25,0,6000,-41000,-35000
2011/02/28,0,0,0,0
2011/03/01,0,150000,0,150000
2011/03/02,0,17000,0,17000
2011/03/03,0,800000,-2661000,-1861000
2011/03/04,0,0,0,0
2011/03/07,0,0,0,0
2011/03/08,0,0,0,0
2011/03/09,0,32000,0,32000
2011/03/10,0,0,-150000,-150000
2011/03/11,0,44000,-200000,-156000
2011/03/14,0,11000,0,11000
2011/03/15,0,6000,-200000,-194000
2011/03/16,0,0,-731000,-731000
2011/03/17,0,140000,-588000,-448000
2011/03/18,0,0,-16000,-16000
2011/03/21,0,0,-100000,-100000
2011/03/22,0,220000,-300000,-80000
2011/03/23,0,100000,0,100000
2011/03/24,0,215000,-1279000,-1064000
2011/03/25,0,0,-2025000,-2025000
2011/03/28,0,0,-264000,-264000
2011/03/29,0,0,0,0
2011/03/30,0,57000,-240000,-183000
2011/03/31,0,100000,-281000,-181000
2011/04/01,0,150000,-1436670,-1286670
2011/04/04,0,0,0,0
2011/04/05,0,0,0,0
2011/04/06,0,100000,-10000,90000
2011/04/07,0,0,-148000,-148000
2011/04/08,0,0,0,0
2011/04/11,0,3000,0,3000
2011/04/12,0,0,-32000,-32000
2011/04/13,0,0,-352000,-352000
2011/04/14,0,26000,-376000,-350000
2011/04/15,0,0,0,0
2011/04/18,0,5000,-5000,0
2011/04/19,0,11000,0,11000
2011/04/20,0,0,0,0
2011/04/21,0,0,0,0
2011/04/22,0,80000,-1000000,-920000
2011/04/25,0,0,-706474,-706474
2011/04/26,0,0,-10000,-10000
2011/04/27,0,768000,-10000,758000
2011/04/28,0,0,-1967000,-1967000
2011/04/29,0,0,-2018000,-2018000
2011/05/02,0,0,0,0
2011/05/03,0,104000,-221038,-117038
2011/05/04,0,1129000,0,1129000
2011/05/05,0,104000,0,104000
2011/05/06,0,187000,-100000,87000
2011/05/09,0,12000,0,12000
2011/05/10,0,1916000,-585000,1331000
2011/05/11,0,0,0,0
2011/05/12,0,15000,-6000,9000
2011/05/13,0,17000,0,17000
2011/05/16,0,6000,-630000,-624000
2011/05/17,0,0,-2811000,-2811000
2011/05/18,0,0,0,0
2011/05/19,0,1005000,-1413000,-408000
2011/05/20,0,0,-2714726,-2714726
2011/05/23,0,10000,-80293,-70293
2011/05/24,0,0,0,0
2011/05/25,0,5096000,0,5096000
2011/05/26,0,6506000,0,6506000
2011/05/27,0,310000,0,310000
2011/05/30,0,495000,0,495000
2011/05/31,0,0,-5000,-5000
2011/06/01,0,2649000,-1246000,1403000
2011/06/02,0,400000,0,400000
2011/06/03,0,225000,-150000,75000
2011/06/06,0,0,0,0
2011/06/07,0,0,0,0
2011/06/08,0,6000,-19000,-13000
2011/06/09,0,0,-65000,-65000
2011/06/10,0,0,0,0
2011/06/13,0,0,0,0
2011/06/14,0,16000,0,16000
2011/06/15,0,0,-634000,-634000
2011/06/16,0,0,-90000,-90000
2011/06/17,0,16000,-867000,-851000
2011/06/20,0,7000,-1294000,-1287000
2011/06/21,0,11000,-2099000,-2088000
2011/06/22,0,6000,0,6000
2011/06/23,0,5000,-46000,-41000
2011/06/24,0,26000,0,26000
2011/06/27,0,6000,-21000,-15000
2011/06/28,0,307000,-80000,227000
2011/06/29,0,323000,-1000000,-677000
2011/06/30,0,6000,-400000,-394000
2011/07/01,0,99000,-412000,-313000
2011/07/04,0,0,-2000,-2000
2011/07/05,0,0,-7753000,-7753000
2011/07/06,0,0,-86000,-86000
2011/07/07,0,330000,-720000,-390000
2011/07/08,0,8000,-3700000,-3692000
2011/07/11,0,0,0,0
2011/07/12,0,32000,-331000,-299000
2011/07/13,0,11000,0,11000
2011/07/14,0,0,-41000,-41000
2011/07/15,0,10000,-14000,-4000
2011/07/18,0,4000,0,4000
2011/07/19,0,6000,-1000000,-994000
2011/07/20,0,7000,0,7000
2011/07/21,0,15000,0,15000
2011/07/22,0,0,-9000,-9000
2011/07/25,0,0,-28000,-28000
2011/07/26,0,10000,0,10000
2011/07/27,0,0,-8000,-8000
2011/07/28,0,0,-9000,-9000
2011/07/29,0,0,0,0
2011/08/01,0,9000,0,9000
2011/08/02,0,0,-20000,-20000
2011/08/03,0,19000,-529000,-510000
2011/08/04,0,38000,0,38000
2011/08/05,0,61000,0,61000
2011/08/08,0,25000,-64000,-39000
2011/08/09,0,95000,-980,94020
2011/08/10,0,0,-19000,-19000
2011/08/11,0,169000,-1000,168000
2011/08/12,0,8000,-38000,-30000
2011/08/15,0,15000,0,15000
2011/08/16,0,505000,-8000,497000
2011/08/17,0,147000,-6000,141000
2011/08/18,0,219000,0,219000
2011/08/19,0,8000,-11000,-3000
2011/08/22,0,138000,0,138000
2011/08/23,0,8000,0,8000
2011/08/24,0,0,0,0
2011/08/25,0,0,-1080000,-1080000
2011/08/26,0,102000,0,102000
2011/08/29,0,15000,0,15000
2011/08/30,0,0,0,0
2011/08/31,0,3000,-12000,-9000
2011/09/01,0,2000,-4000,-2000
2011/09/02,0,136000,-13000,123000
2011/09/05,0,0,0,0
2011/09/06,0,0,-17000,-17000
2011/09/07,0,13000,0,13000
2011/09/08,0,4000,-295000,-291000
2011/09/09,0,51000,0,51000
2011/09/12,0,0,0,0
2011/09/13,0,77000,-9144,67856
2011/09/14,0,14000,0,14000
2011/09/15,0,187000,0,187000
2011/09/16,0,53000,-1329000,-1276000
2011/09/19,0,15000,0,15000
2011/09/20,0,3420000,0,3420000
2011/09/21,0,818717,-78000,740717
2011/09/22,0,0,-16000,-16000
2011/09/23,0,9741000,0,9741000
2011/09/26,0,2639000,0,2639000
2011/09/27,0,15000,0,15000
2011/09/28,0,0,-8000,-8000
2011/09/29,0,59000,0,59000
2011/09/30,0,335000,-135000,200000
2011/10/03,0,0,-3000,-3000
2011/10/04,0,7000,0,7000
2011/10/05,0,64000,0,64000
2011/10/06,0,77000,0,77000
2011/10/07,0,5000,0,5000
2011/10/10,0,0,0,0
2011/10/11,0,0,-5174000,-5174000
2011/10/12,0,0,0,0
2011/10/13,0,19000,0,19000
2011/10/14,0,22000,0,22000
2011/10/17,0,0,-9921,-9921
2011/10/18,0,5000,-2909987,-2904987
2011/10/19,0,0,-3080000,-3080000
2011/10/20,0,0,0,0
2011/10/21,0,0,0,0
2011/10/24,0,12000,-70000,-58000
2011/10/25,0,372000,0,372000
2011/10/26,0,4000,0,4000
2011/10/27,0,9000,-167000,-158000
2011/10/28,0,2531000,0,2531000
2011/10/31,0,281000,0,281000
2011/11/01,0,0,-11000,-11000
2011/11/02,0,8836000,0,8836000
2011/11/03,0,5110000,0,5110000
2011/11/04,0,3278000,-90000,3188000
2011/11/07,0,10051000,-2251000,7800000
2011/11/08,0,6367000,-650000,5717000
2011/11/09,0,9072000,0,9072000
2011/11/10,0,2062000,-550000,1512000
2011/11/11,0,3698000,-3000,3695000
2011/11/14,0,4927000,-24532,4902468
2011/11/15,0,4859000,-2000,4857000
2011/11/16,0,3100000,0,3100000
2011/11/17,0,2419000,-260000,2159000
2011/11/18,0,1227000,-600000,627000
2011/11/21,0,127000,-1103000,-976000
2011/11/22,0,1067000,-1000,1066000
2011/11/23,0,25000,0,25000
2011/11/24,0,1039000,-884000,155000
2011/11/25,0,5592000,0,5592000
2011/11/28,0,0,0,0
2011/11/29,0,14271000,0,14271000
2011/11/30,0,12755000,-2000,12753000
2011/12/01,0,2607000,0,2607000
2011/12/02,0,2618000,0,2618000
2011/12/05,0,2324000,-9000,2315000
2011/12/06,0,12000,0,12000
2011/12/07,0,31000,0,31000
2011/12/08,0,412000,-690000,-278000
2011/12/09,0,10770,0,10770
2011/12/12,0,0,0,0
2011/12/13,0,0,0,0
2011/12/14,0,1469000,-160000,1309000
2011/12/15,0,650000,-2454000,-1804000
2011/12/16,0,4000,-2412000,-2408000
2011/12/19,0,43000,-800000,-757000
2011/12/20,0,402000,0,402000
2011/12/21,0,497000,0,497000
2011/12/22,0,298000,0,298000
2011/12/23,0,1200000,-8000,1192000
2011/12/26,0,0,0,0
2011/12/27,0,14000,-81000,-67000
2011/12/28,0,0,-6000,-6000
2011/12/29,0,0,-2729000,-2729000
2011/12/30,0,0,-1026000,-1026000
2012/01/02,0,16000,-9829000,-9813000
2012/01/03,0,147000,-1208000,-1061000
2012/01/04,0,0,-400000,-400000
2012/01/05,0,282000,-1135626,-853626
2012/01/06,0,0,-405000,-405000
2012/01/09,0,0,-1092000,-1092000
2012/01/10,0,0,-1323000,-1323000
2012/01/11,0,12867000,-8000,12859000
2012/01/12,0,8303000,-17000,8286000
2012/01/13,0,1000000,-2753000,-1753000
2012/01/16,0,969000,-7000,962000
2012/01/17,0,1762000,0,1762000
2012/01/18,0,6994000,-7000,6987000
2012/01/19,0,0,0,0
2012/01/20,0,0,0,0
2012/01/23,0,0,0,0
2012/01/24,0,0,0,0
2012/01/25,0,0,0,0
2012/01/26,0,0,0,0
2012/01/27,0,0,0,0
2012/01/30,0,8917000,-5000,8912000
2012/01/31,0,8067000,-2000,8065000
2012/02/01,0,1150000,-95000,1055000
2012/02/02,0,6155000,-10000,6145000
2012/02/03,0,7729000,-40000,7689000
2012/02/06,0,8875000,-1802000,7073000
2012/02/07,0,200000,-1056000,-856000
2012/02/08,0,1371000,-2282000,-911000
2012/02/09,0,594548,-8566000,-7971452
2012/02/10,0,15000,-224000,-209000
2012/02/13,0,0,-4535000,-4535000
2012/02/14,0,0,-6134000,-6134000
2012/02/15,0,300000,-11420000,-11120000
2012/02/16,0,870000,-5727000,-4857000
2012/02/17,0,24000,-5035000,-5011000
2012/02/20,0,716000,-2708000,-1992000
2012/02/21,0,0,-28186000,-28186000
2012/02/22,0,0,-8541000,-8541000
2012/02/23,0,0,-305000,-305000
2012/02/24,0,2583000,-24000,2559000
2012/02/27,0,0,0,0
2012/02/28,0,0,0,0
2012/02/29,0,522000,-158000,364000
2012/03/01,0,18000,0,18000
2012/03/02,0,0,-4653000,-4653000
2012/03/05,0,1172000,-2000,1170000
2012/03/06,0,0,-4000,-4000
2012/03/07,0,0,0,0
2012/03/08,0,628000,-43189,584811
2012/03/09,0,0,-5000,-5000
2012/03/12,0,0,-62000,-62000
2012/03/13,0,0,-84000,-84000
2012/03/14,0,1635000,-6515000,-4880000
2012/03/15,0,72000,-216000,-144000
2012/03/16,0,0,-339000,-339000
2012/03/19,0,0,-1231000,-1231000
2012/03/20,0,0,-498000,-498000
2012/03/21,0,400000,-498000,-98000
2012/03/22,0,0,-388000,-388000
2012/03/23,0,0,-9318000,-9318000
2012/03/26,0,0,-1806000,-1806000
2012/03/27,0,0,-436000,-436000
2012/03/28,0,0,0,0
2012/03/29,0,0,0,0
2012/03/30,0,110000,-5572000,-5462000
2012/04/02,0,0,-4501000,-4501000
2012/04/03,0,0,0,0
2012/04/04,0,0,0,0
2012/04/05,0,2000,-19471,-17471
2012/04/06,0,2201000,0,2201000
2012/04/09,0,1500000,-2048000,-548000
2012/04/10,0,440000,-2035000,-1595000
2012/04/11,0,211000,0,211000
2012/04/12,0,0,0,0
2012/04/13,0,4920000,0,4920000
2012/04/16,0,10000,0,10000
2012/04/17,0,4250000,0,4250000
2012/04/18,0,645000,0,645000
2012/04/19,0,0,-28000,-28000
2012/04/20,0,2700000,-1190000,1510000
2012/04/23,0,3000,0,3000
2012/04/24,0,1108000,0,1108000
2012/04/25,0,500000,0,500000
2012/04/26,0,0,0,0
2012/04/27,0,3052000,0,3052000
2012/04/30,0,1140000,0,1140000
2012/05/01,0,0,0,0
2012/05/02,0,1045000,0,1045000
2012/05/03,0,548288,0,548288
2012/05/04,0,52000,-54000,-2000
2012/05/07,0,690000,-1000,689000
2012/05/08,0,1162000,0,1162000
2012/05/09,0,280000,-330000,-50000
2012/05/10,0,0,-1000000,-1000000
2012/05/11,0,311000,0,311000
2012/05/14,0,0,-285000,-285000
2012/05/15,0,27000,-1500000,-1473000
2012/05/16,0,895000,-556000,339000
2012/05/17,0,60000,0,60000
2012/05/18,0,57000,-1500000,-1443000
2012/05/21,0,0,0,0
2012/05/22,0,0,-2610000,-2610000
2012/05/23,0,0,-3309000,-3309000
2012/05/24,0,0,0,0
2012/05/25,0,21000,0,21000
2012/05/28,0,174000,-1162000,-988000
2012/05/29,0,5000,-976000,-971000
2012/05/30,0,460543,-460000,543
2012/05/31,0,11000,-2219000,-2208000
2012/06/01,0,85000,-1170000,-1085000
2012/06/04,0,13000,-1590000,-1577000
2012/06/05,0,69000,-920000,-851000
2012/06/06,0,0,-1433000,-1433000
2012/06/07,0,0,-692000,-692000
2012/06/08,0,182000,-1725000,-1543000
2012/06/11,0,1398000,0,1398000
2012/06/12,0,681000,0,681000
2012/06/13,0,39000,-867000,-828000
2012/06/14,0,28000,-2968000,-2940000
2012/06/15,0,1000,-1841000,-1840000
2012/06/18,0,450000,0,450000
2012/06/19,0,786000,-137000,649000
2012/06/20,0,600000,0,600000
2012/06/21,0,907000,0,907000
2012/06/22,0,0,0,0
2012/06/25,0,0,0,0
2012/06/26,0,0,-1326929,-1326929
2012/06/27,0,0,-495000,-495000
2012/06/28,0,0,-909000,-909000
2012/06/29,0,0,0,0
2012/07/02,0,535000,-10000,525000
2012/07/03,0,682000,0,682000
2012/07/04,0,1500000,0,1500000
2012/07/05,0,11000,-7000,4000
2012/07/06,0,1100000,-2284000,-1184000
2012/07/09,0,0,-3000,-3000
2012/07/10,0,1003000,0,1003000
2012/07/11,0,603000,-1603000,-1000000
2012/07/12,0,1000000,0,1000000
2012/07/13,0,0,-1000,-1000
2012/07/16,0,0,-2513000,-2513000
2012/07/17,0,800000,-55000,745000
2012/07/18,0,90000,-1393000,-1303000
2012/07/19,0,2003000,0,2003000
2012/07/20,0,0,-310000,-310000
2012/07/23,0,76000,0,76000
2012/07/24,0,2502000,-1752000,750000
2012/07/25,0,0,0,0
2012/07/26,0,63000,0,63000
2012/07/27,0,0,0,0
2012/07/30,0,4000000,0,4000000
2012/07/31,0,0,0,0
2012/08/01,0,4000,0,4000
2012/08/02,0,0,0,0
2012/08/03,0,0,-1375000,-1375000
2012/08/06,0,19000,-3600000,-3581000
2012/08/07,0,6000,-78000,-72000
2012/08/08,0,5000,-314000,-309000
2012/08/09,0,49000,-21000,28000
2012/08/10,0,14000,-9000,5000
2012/08/13,0,0,-8000,-8000
2012/08/14,0,0,-7000,-7000
2012/08/15,0,456000,-95000,361000
2012/08/16,0,0,-6000,-6000
2012/08/17,0,4827,-3000,1827
2012/08/20,0,119000,-5000,114000
2012/08/21,0,0,-2000,-2000
2012/08/22,0,0,-8000,-8000
2012/08/23,0,6000,-79000,-73000
2012/08/24,0,1000,0,1000
2012/08/27,0,5000,0,5000
2012/08/28,0,2000,0,2000
2012/08/29,0,0,-230000,-230000
2012/08/30,0,0,-2000,-2000
2012/08/31,0,32000,-37000,-5000
2012/09/03,0,0,-1000,-1000
2012/09/04,0,600000,0,600000
2012/09/05,0,284000,-5000,279000
2012/09/06,0,10000,0,10000
2012/09/07,0,1682000,-2000,1680000
2012/09/10,0,2010000,-427000,1583000
2012/09/11,0,300000,0,300000
2012/09/12,0,3878000,0,3878000
2012/09/13,0,537000,0,537000
2012/09/14,0,6276000,-1152000,5124000
2012/09/17,0,7000,-1135000,-1128000
2012/09/18,0,46000,-1066000,-1020000
2012/09/19,0,1444000,-1251000,193000
2012/09/20,0,0,-105000,-105000
2012/09/21,0,1421000,-76000,1345000
2012/09/24,0,1704000,-544000,1160000
2012/09/25,0,600000,0,600000
2012/09/26,0,0,-1274000,-1274000
2012/09/27,0,23000,0,23000
2012/09/28,0,1000,-99000,-98000
2012/10/01,0,2219000,-140000,2079000
2012/10/02,0,150000,0,150000
2012/10/03,0,55000,0,55000
2012/10/04,0,2041000,-500000,1541000
2012/10/05,0,0,-1000,-1000
2012/10/08,0,0,0,0
2012/10/09,0,0,0,0
2012/10/10,0,0,0,0
2012/10/11,0,262000,0,262000
2012/10/12,0,0,-3000,-3000
2012/10/15,0,1967000,0,1967000
2012/10/16,0,4410000,-4000,4406000
2012/10/17,0,2519000,0,2519000
2012/10/18,0,2544000,-1495000,1049000
2012/10/19,0,1888000,0,1888000
2012/10/22,0,3542000,0,3542000
2012/10/23,0,3540000,0,3540000
2012/10/24,0,511000,0,511000
2012/10/25,0,260000,-10000,250000
2012/10/26,0,103000,-1980000,-1877000
2012/10/29,0,2778071,0,2778071
2012/10/30,0,5713000,0,5713000
2012/10/31,0,4554000,-14000,4540000
2012/11/01,0,2378000,0,2378000
2012/11/02,0,8289000,-121000,8168000
2012/11/05,0,1414000,-13000,1401000
2012/11/06,0,150000,0,150000
2012/11/07,0,1810000,0,1810000
2012/11/08,0,157000,-169000,-12000
2012/11/09,0,5641000,0,5641000
2012/11/12,0,350000,0,350000
2012/11/13,0,2887000,-5000,2882000
2012/11/14,0,1470000,0,1470000
2012/11/15,0,755000,-726000,29000
2012/11/16,0,0,-1380000,-1380000
2012/11/19,0,0,-162000,-162000
2012/11/20,0,0,0,0
2012/11/21,0,4873000,-750000,4123000
2012/11/22,0,2411000,-22000,2389000
2012/11/23,0,3833000,-895000,2938000
2012/11/26,0,8452000,-2507000,5945000
2012/11/27,0,1183000,-6759000,-5576000
2012/11/28,0,920000,-565000,355000
2012/11/29,0,1062000,-250000,812000
2012/11/30,0,2046000,-5000,2041000
2012/12/03,0,6081000,-517000,5564000
2012/12/04,0,9214000,-165000,9049000
2012/12/05,0,1087000,-1206000,-119000
2012/12/06,0,2640000,-10737000,-8097000
2012/12/07,0,4941000,-400000,4541000
2012/12/10,0,6417000,-62000,6355000
2012/12/11,0,40000,-2019000,-1979000
2012/12/12,0,3444000,-450000,2994000
2012/12/13,0,12052000,0,12052000
2012/12/14,0,3531000,-3312000,219000
2012/12/17,0,50000,-820000,-770000
2012/12/18,0,3337000,-335000,3002000
2012/12/19,0,2650000,-300000,2350000
2012/12/20,0,160000,0,160000
2012/12/21,0,0,-7784000,-7784000
2012/12/24,0,500000,-4361000,-3861000
2012/12/25,0,278000,-1271000,-993000
2012/12/26,0,1282000,-1472000,-190000
2012/12/27,0,1419000,-4493000,-3074000
2012/12/28,0,1421000,-2120000,-699000
2012/12/31,0,0,0,0
2013/01/01,0,0,0,0
2013/01/02,0,4865000,-1589000,3276000
2013/01/03,0,0,-3142000,-3142000
2013/01/04,0,4313000,-31000,4282000
2013/01/07,0,0,-4074000,-4074000
2013/01/08,0,0,0,0
2013/01/09,0,0,-4631000,-4631000
2013/01/10,0,0,-796000,-796000
2013/01/11,0,1000,-5017000,-5016000
2013/01/14,0,0,-400000,-400000
2013/01/15,0,0,-2566000,-2566000
2013/01/16,0,0,-4251000,-4251000
2013/01/17,0,1270000,-223185,1046815
2013/01/18,0,194000,-48000,146000
2013/01/21,0,601000,-5368000,-4767000
2013/01/22,0,0,-3514000,-3514000
2013/01/23,0,0,-1013000,-1013000
2013/01/24,0,502000,-1527000,-1025000
2013/01/25,0,5103000,-749000,4354000
2013/01/28,0,0,-1776000,-1776000
2013/01/29,0,1937000,-1305000,632000
2013/01/30,0,0,-900000,-900000
2013/01/31,0,401000,-11000,390000
2013/02/01,0,150000,-2500000,-2350000
2013/02/04,0,0,-5474000,-5474000
2013/02/05,0,0,-4106000,-4106000
2013/02/06,0,500000,-3013000,-2513000
2013/02/07,0,0,0,0
2013/02/08,0,0,0,0
2013/02/11,0,0,0,0
2013/02/12,0,0,0,0
2013/02/13,0,0,0,0
2013/02/14,0,0,0,0
2013/02/15,0,0,0,0
2013/02/18,0,5435000,-92000,5343000
2013/02/19,0,9665000,-3000,9662000
2013/02/20,0,7061000,0,7061000
2013/02/21,0,3484000,-4000,3480000
2013/02/22,0,14585000,-54000,14531000
2013/02/25,0,8644000,0,8644000
2013/02/26,0,1807000,-6000,1801000
2013/02/27,0,532000,-2000,530000
2013/02/28,0,0,0,0
2013/03/01,0,688000,0,688000
2013/03/04,0,1526000,0,1526000
2013/03/05,0,4404000,-2500000,1904000
2013/03/06,0,6505000,0,6505000
2013/03/07,0,4093000,0,4093000
2013/03/08,0,474000,-23000,451000
2013/03/11,0,10596000,-2000,10594000
2013/03/12,0,5107000,-1000,5106000
2013/03/13,0,50000,-802000,-752000
2013/03/14,0,0,-1235000,-1235000
2013/03/15,0,1708000,-12000,1696000
2013/03/18,0,69000,-10000,59000
2013/03/19,0,600000,-3000000,-2400000
2013/03/20,0,30000,-11180000,-11150000
2013/03/21,0,1000,-610000,-609000
2013/03/22,0,0,-1499000,-1499000
2013/03/25,0,20000,0,20000
2013/03/26,0,2900000,-750000,2150000
2013/03/27,0,2484000,-789000,1695000
2013/03/28,0,100000,-228000,-128000
2013/03/29,0,400000,0,400000
2013/04/01,0,0,-3095000,-3095000
2013/04/02,0,0,-23000,-23000
2013/04/03,0,2000000,-2903000,-903000
2013/04/04,0,0,0,0
2013/04/05,0,0,0,0
2013/04/08,0,0,-2710000,-2710000
2013/04/09,0,200000,-8029000,-7829000
2013/04/10,0,0,-2725000,-2725000
2013/04/11,0,0,0,0
2013/04/12,0,100000,-1382000,-1282000
2013/04/15,0,0,-1840000,-1840000
2013/04/16,0,200000,-1513000,-1313000
2013/04/17,0,0,-1846000,-1846000
2013/04/18,0,535000,-300000,235000
2013/04/19,0,24196,-3665000,-3640804
2013/04/22,0,1082000,-2692000,-1610000
2013/04/23,0,0,-5623000,-5623000
2013/04/24,0,0,-2629000,-2629000
2013/04/25,0,0,-2500000,-2500000
2013/04/26,0,0,-4930000,-4930000
2013/04/29,0,600000,-29000,571000
2013/04/30,0,1870000,-1379000,491000
2013/05/01,0,0,0,0
2013/05/02,0,10347000,-242000,10105000
2013/05/03,0,878000,-9553000,-8675000
2013/05/06,0,500000,-1941000,-1441000
2013/05/07,0,0,-1315000,-1315000
2013/05/08,0,0,-2111000,-2111000
2013/05/09,0,9000,-3739000,-3730000
2013/05/10,0,2000000,-1031000,969000
2013/05/13,0,1046000,-226000,820000
2013/05/14,0,1145000,0,1145000
2013/05/15,0,516000,-823000,-307000
2013/05/16,0,521000,-1350000,-829000
2013/05/17,0,0,-1100000,-1100000
2013/05/20,0,0,-1079000,-1079000
2013/05/21,0,350000,-1860000,-1510000
2013/05/22,0,0,-5694000,-5694000
2013/05/23,0,0,-2034000,-2034000
2013/05/24,0,0,-37000,-37000
2013/05/27,0,718000,-13000,705000
2013/05/28,0,0,0,0
2013/05/29,0,1990000,0,1990000
2013/05/30,0,4000,-4247000,-4243000
2013/05/31,0,2000,0,2000
2013/06/03,0,1854000,-8347000,-6493000
2013/06/04,0,18000,-9287000,-9269000
2013/06/05,0,0,-5521000,-5521000
2013/06/06,0,0,-2872000,-2872000
2013/06/07,0,0,-11311000,-11311000
2013/06/10,0,0,-88000,-88000
2013/06/11,0,0,-91000,-91000
2013/06/12,0,0,0,0
2013/06/13,0,0,-109000,-109000
2013/06/14,0,559000,-120000,439000
2013/06/17,0,5000,0,5000
2013/06/18,0,0,-4720000,-4720000
2013/06/19,0,0,-3000,-3000
2013/06/20,0,0,-5271000,-5271000
2013/06/21,0,4363000,-22281000,-17918000
2013/06/24,0,102000,-10765000,-10663000
2013/06/25,0,300000,-8312000,-8012000
2013/06/26,0,0,-2461000,-2461000
2013/06/27,0,0,-2000,-2000
2013/06/28,0,0,-145000,-145000
2013/07/01,0,0,-1013000,-1013000
2013/07/02,0,0,-3000,-3000
2013/07/03,0,323000,-1645000,-1322000
2013/07/04,0,333000,-1000000,-667000
2013/07/05,0,338000,-35000,303000
2013/07/08,0,0,-820000,-820000
2013/07/09,0,0,0,0
2013/07/10,0,0,0,0
2013/07/11,0,345919,-300000,45919
2013/07/12,0,0,-30000,-30000
2013/07/15,0,0,-4021000,-4021000
2013/07/16,0,0,0,0
2013/07/17,0,0,0,0
2013/07/18,0,13000,-5369000,-5356000
2013/07/19,0,0,-52000,-52000
2013/07/22,0,0,0,0
2013/07/23,0,3000,0,3000
2013/07/24,0,7000,-1000000,-993000
2013/07/25,0,2000,0,2000
2013/07/26,0,0,0,0
2013/07/29,0,0,0,0
2013/07/30,0,131000,0,131000
2013/07/31,0,5000,-4000,1000
2013/08/01,0,2684000,-2000000,684000
2013/08/02,0,190000,-1000000,-810000
2013/08/05,0,0,0,0
2013/08/06,0,0,-869000,-869000
2013/08/07,0,0,-1000000,-1000000
2013/08/08,0,0,-1000000,-1000000
2013/08/09,0,0,0,0
2013/08/12,0,250000,0,250000
2013/08/13,0,0,0,0
2013/08/14,0,8000,0,8000
2013/08/15,0,4029000,-1325000,2704000
2013/08/16,0,651000,-10000,641000
2013/08/19,0,15000,0,15000
2013/08/20,0,2007000,0,2007000
2013/08/21,0,0,0,0
2013/08/22,0,15000,0,15000
2013/08/23,0,1310000,0,1310000
2013/08/26,0,2083000,0,2083000
2013/08/27,0,0,0,0
2013/08/28,0,598000,0,598000
2013/08/29,0,0,0,0
2013/08/30,0,15000,-11000,4000
2013/09/02,0,350000,0,350000
2013/09/03,0,335000,-22604,312396
2013/09/04,0,0,0,0
2013/09/05,0,0,-56000,-56000
2013/09/06,0,16000,-2000000,-1984000
2013/09/09,0,0,-502000,-502000
2013/09/10,0,5000,-4500000,-4495000
2013/09/11,0,76000,-1000000,-924000
2013/09/12,0,272000,-1869000,-1597000
2013/09/13,0,287000,-14000,273000
2013/09/16,0,7000,0,7000
2013/09/17,0,0,-4517000,-4517000
2013/09/18,0,14000,-734000,-720000
2013/09/19,0,0,0,0
2013/09/20,0,0,0,0
2013/09/23,0,0,-2500000,-2500000
2013/09/24,0,0,0,0
2013/09/25,0,0,0,0
2013/09/26,0,6000,0,6000
2013/09/27,0,0,-167000,-167000
2013/09/30,0,7000,-1754000,-1747000
2013/10/01,0,2000,0,2000
2013/10/02,0,15000,-767000,-752000
2013/10/03,0,15000,-1669000,-1654000
2013/10/04,0,3000,-1500000,-1497000
2013/10/07,0,1000,-936000,-935000
2013/10/08,0,0,0,0
2013/10/09,0,0,0,0
2013/10/10,0,0,0,0
2013/10/11,0,0,-1772000,-1772000
2013/10/14,0,0,0,0
2013/10/15,0,0,-1704000,-1704000
2013/10/16,0,0,0,0
2013/10/17,0,2000,0,2000
2013/10/18,0,0,0,0
2013/10/21,0,0,0,0
2013/10/22,0,0,-247000,-247000
2013/10/23,0,0,-100000,-100000
2013/10/24,0,0,-745000,-745000
2013/10/25,0,0,0,0
2013/10/28,0,0,-64000,-64000
2013/10/29,0,0,-3000,-3000
2013/10/30,0,0,0,0
2013/10/31,0,0,-38000,-38000
2013/11/01,0,10000,-415000,-405000
2013/11/04,0,0,0,0
2013/11/05,0,0,0,0
2013/11/06,0,0,0,0
2013/11/07,0,0,0,0
2013/11/08,0,0,0,0
2013/11/11,0,0,-1000,-1000
2013/11/12,0,0,-310000,-310000
2013/11/13,0,0,-5000,-5000
2013/11/14,0,0,-218000,-218000
2013/11/15,0,0,0,0
2013/11/18,0,0,0,0
2013/11/19,0,0,0,0
2013/11/20,0,0,0,0
2013/11/21,0,0,-3000,-3000
2013/11/22,0,2000,0,2000
2013/11/25,0,13998,0,13998
2013/11/26,0,0,-1000,-1000
2013/11/27,0,0,0,0
2013/11/28,0,0,0,0
2013/11/29,0,1100000,0,1100000
2013/12/02,0,1285000,0,1285000
2013/12/03,0,0,0,0
2013/12/04,0,0,0,0
2013/12/05,0,0,0,0
2013/12/06,0,0,0,0
2013/12/09,0,0,0,0
2013/12/10,0,14000,0,14000
2013/12/11,0,0,0,0
2013/12/12,0,0,0,0
2013/12/13,0,0,0,0
2013/12/16,0,0,0,0
2013/12/17,0,0,-3000,-3000
2013/12/18,0,0,0,0
2013/12/19,0,0,0,0
2013/12/20,0,80000,-8000,72000
2013/12/23,0,0,0,0
2013/12/24,0,0,-30000,-30000
2013/12/25,0,900000,-27000,873000
2013/12/26,0,5931000,0,5931000
2013/12/27,0,5000,0,5000
2013/12/30,0,551000,0,551000
2013/12/31,0,1719000,-7000,1712000
2014/01/02,0,23000,-3000,20000
2014/01/03,0,4883000,0,4883000
2014/01/06,0,0,-19000,-19000
2014/01/07,0,0,-6000,-6000
2014/01/08,0,2000,0,2000
2014/01/09,0,0,0,0
2014/01/10,0,4000,0,4000
2014/01/13,0,0,0,0
2014/01/14,0,6000,0,6000
2014/01/15,0,0,-295000,-295000
2014/01/16,0,0,0,0
2014/01/17,0,0,-1229000,-1229000
2014/01/20,0,0,0,0
2014/01/21,0,0,-305000,-305000
2014/01/22,0,0,-15000,-15000
2014/01/23,0,0,0,0
2014/01/24,0,0,0,0
2014/01/27,0,0,-4000,-4000
2014/02/05,0,0,-4909000,-4909000
2014/02/06,0,0,0,0
2014/02/07,0,0,-3176000,-3176000
2014/02/10,0,8000,0,8000
2014/02/11,0,0,-3000,-3000
2014/02/12,0,0,0,0
2014/02/13,0,6000,-2256055,-2250055
2014/02/14,0,0,0,0
2014/02/17,0,0,0,0
2014/02/18,0,0,-1000,-1000
2014/02/19,0,15000,0,15000
2014/02/20,0,5000,0,5000
2014/02/21,0,4035000,-9000,4026000
2014/02/24,0,1711000,0,1711000
2014/02/25,0,858000,0,858000
2014/02/26,0,6000000,0,6000000
2014/02/27,0,3400000,-7000,3393000
2014/03/03,0,0,0,0
2014/03/04,0,940000,-2500000,-1560000
2014/03/05,0,0,0,0
2014/03/06,0,0,-16000,-16000
2014/03/07,0,0,-5000,-5000
2014/03/10,0,0,-50000,-50000
2014/03/11,0,0,-2000,-2000
2014/03/12,0,0,-6000,-6000
2014/03/13,0,0,0,0
2014/03/14,0,0,-19000,-19000
2014/03/17,0,0,-3000,-3000
2014/03/18,0,0,0,0
2014/03/19,0,0,0,0
2014/03/20,0,0,0,0
2014/03/21,0,626000,-6000,620000
2014/03/24,0,3600000,-858000,2742000
2014/03/25,0,0,0,0
2014/03/26,0,0,0,0
2014/03/27,0,0,0,0
2014/03/28,0,2000000,-6000,1994000
2014/03/31,0,0,0,0
2014/04/01,0,0,-73000,-73000
2014/04/02,0,2200000,0,2200000
2014/04/03,0,1800000,-152000,1648000
2014/04/07,0,934000,-43000,891000
2014/04/08,0,556000,0,556000
2014/04/09,0,500000,0,500000
2014/04/10,0,20169,0,20169
2014/04/11,0,0,0,0
2014/04/14,0,0,0,0
2014/04/15,0,139000,0,139000
2014/04/16,0,0,-402000,-402000
2014/04/17,0,0,-3000,-3000
2014/04/18,0,0,-3000,-3000
2014/04/21,0,11000,-3000,8000
2014/04/22,0,6000000,-5000,5995000
2014/04/23,0,0,-9000,-9000
2014/04/24,0,0,-500000,-500000
2014/04/25,0,0,0,0
2014/04/28,0,0,0,0
2014/04/29,0,0,0,0
2014/04/30,0,0,-2000,-2000
2014/05/02,0,5100000,0,5100000
2014/05/05,0,0,-34000,-34000
2014/05/06,0,0,-1000000,-1000000
2014/05/07,0,0,0,0
2014/05/08,0,24000,0,24000
2014/05/09,0,0,0,0
2014/05/12,0,0,-1500000,-1500000
2014/05/13,0,2000,0,2000
2014/05/14,0,0,0,0
2014/05/15,0,0,-2000,-2000
2014/05/16,0,0,0,0
2014/05/19,0,0,0,0
2014/05/20,0,0,0,0
2014/05/21,0,0,-1000,-1000
2014/05/22,0,0,0,0
2014/05/23,0,0,0,0
2014/05/26,0,0,-63000,-63000
2014/05/27,0,0,-83000,-83000
2014/05/28,0,0,0,0
2014/05/29,0,0,-3000,-3000
2014/05/30,0,0,-2012000,-2012000
2014/06/03,0,0,0,0
2014/06/04,0,0,0,0
2014/06/05,0,0,-139000,-139000
2014/06/06,0,27000,0,27000
2014/06/09,0,30000,0,30000
2014/06/10,0,1000,-8000,-7000
2014/06/11,0,40000,0,40000
2014/06/12,0,11000,-28000,-17000
2014/06/13,0,4443000,-2000,4441000
2014/06/16,0,0,-942000,-942000
2014/06/17,0,0,-1200000,-1200000
2014/06/18,0,0,-500000,-500000
2014/06/19,0,0,0,0
2014/06/20,0,800000,-545000,255000
2014/06/23,0,0,0,0
2014/06/24,0,0,-60000,-60000
2014/06/25,0,0,-13000,-13000
2014/06/26,0,200000,0,200000
2014/06/27,0,1964000,0,1964000
2014/06/30,0,1175000,-18000,1157000
2014/07/01,0,1639000,0,1639000
2014/07/02,0,4076000,-26159,4049841
2014/07/03,0,13524000,0,13524000
2014/07/04,0,8175000,0,8175000
2014/07/07,0,2300000,0,2300000
2014/07/08,0,6205000,-9000,6196000
2014/07/09,0,0,0,0
2014/07/10,0,1465000,0,1465000
2014/07/11,0,2250000,0,2250000
2014/07/14,0,5194000,0,5194000
2014/07/15,0,11186000,-78000,11108000
2014/07/16,0,0,0,0
2014/07/17,0,1765000,0,1765000
2014/07/18,0,2426000,0,2426000
2014/07/21,0,2109000,0,2109000
2014/07/22,0,4125000,0,4125000
2014/07/23,0,0,0,0
2014/07/24,0,3613000,0,3613000
2014/07/25,0,544000,-5172000,-4628000
2014/07/28,0,160000,-1400000,-1240000
2014/07/29,0,182000,0,182000
2014/07/30,0,1509000,-4000,1505000
2014/07/31,0,238000,-3748000,-3510000
2014/08/01,0,1118000,-1040000,78000
2014/08/04,0,1220000,-1000,1219000
2014/08/05,0,1380000,0,1380000
2014/08/06,0,23000,-1538000,-1515000
2014/08/07,0,1595000,-1386000,209000
2014/08/08,0,418000,-1260000,-842000
2014/08/11,0,4252000,0,4252000
2014/08/12,0,1329000,0,1329000
2014/08/13,0,163000,-280000,-117000
2014/08/14,0,51000,-2996000,-2945000
2014/08/15,0,922000,-1197000,-275000
2014/08/18,0,304000,0,304000
2014/08/19,0,1455000,-11000,1444000
2014/08/20,0,3461000,-2100000,1361000
2014/08/21,0,169000,-414000,-245000
2014/08/22,0,0,-1339000,-1339000
2014/08/25,0,1000,-10000000,-9999000
2014/08/26,0,3000,-1550000,-1547000
2014/08/27,0,5000,0,5000
2014/08/28,0,10671000,-2273000,8398000
2014/08/29,0,1229000,-132000,1097000
2014/09/01,0,180000,-2000000,-1820000
2014/09/02,0,400000,-6000000,-5600000
2014/09/03,0,946000,0,946000
2014/09/04,0,799000,0,799000
2014/09/05,0,42000,0,42000
2014/09/09,0,200000,0,200000
2014/09/10,0,141000,0,141000
2014/09/11,0,74000,0,74000
2014/09/12,0,2242000,0,2242000
2014/09/15,0,146000,-43000,103000
2014/09/16,0,13000,-42000,-29000
2014/09/17,0,29000,0,29000
2014/09/18,0,0,-1400000,-1400000
2014/09/19,0,1000,-932000,-931000
2014/09/22,0,559968,-1829000,-1269032
2014/09/23,0,37000,-2178000,-2141000
2014/09/24,0,8000,0,8000
2014/09/25,0,1060000,0,1060000
2014/09/26,0,450000,-7082000,-6632000
2014/09/29,0,0,0,0
2014/09/30,0,880000,-1200000,-320000
2014/10/01,0,150000,-700000,-550000
2014/10/02,0,455000,-670000,-215000
2014/10/03,0,250000,-835000,-585000
2014/10/06,0,49000,-40000,9000
2014/10/07,0,17000,-786000,-769000
2014/10/08,0,5000,-200000,-195000
2014/10/09,0,0,-2000,-2000
2014/10/13,0,900000,-1360000,-460000
2014/10/14,0,0,0,0
2014/10/15,0,11000,0,11000
2014/10/16,0,0,-300000,-300000
2014/10/17,0,3610000,-700000,2910000
2014/10/20,0,4000000,-805000,3195000
2014/10/21,0,37000,-100000,-63000
2014/10/22,0,688000,-100000,588000
2014/10/23,0,9175000,0,9175000
2014/10/24,0,2522000,0,2522000
2014/10/27,0,1804000,-3000,1801000
2014/10/28,0,835000,0,835000
2014/10/29,0,1105000,0,1105000
2014/10/30,0,2308000,0,2308000
2014/10/31,0,805000,-614000,191000
2014/11/03,0,1899000,-11000,1888000
2014/11/04,0,2454000,0,2454000
2014/11/05,0,0,0,0
2014/11/06,0,0,-138000,-138000
2014/11/07,0,4152000,-38000,4114000
2014/11/10,0,1277000,-1123000,154000
2014/11/11,0,267000,-13192000,-12925000
2014/11/12,0,514000,-1450000,-936000
2014/11/13,0,549000,0,549000
2014/11/14,0,3374000,-5458000,-2084000
2014/11/17,0,1395000,-726000,669000
2014/11/18,0,1645000,-153000,1492000
2014/11/19,0,4509000,0,4509000
2014/11/20,0,8916000,0,8916000
2014/11/21,0,6904000,-500000,6404000
2014/11/24,0,1500000,-600000,900000
2014/11/25,0,803000,-453000,350000
2014/11/26,0,340000,-2000,338000
2014/11/27,0,2198000,-5000,2193000
2014/11/28,0,1993000,0,1993000
2014/12/01,0,3518000,0,3518000
2014/12/02,0,1236000,0,1236000
2014/12/03,0,8255000,0,8255000
2014/12/04,0,2963000,-710000,2253000
2014/12/05,0,2516000,-23000,2493000
2014/12/08,0,35000,-7000,28000
2014/12/09,0,1580000,0,1580000
2014/12/10,0,566000,-10821000,-10255000
2014/12/11,0,1290000,-1836038,-546038
2014/12/12,0,0,0,0
2014/12/15,0,563000,-5749000,-5186000
2014/12/16,0,0,-63000,-63000
2014/12/17,0,75000,-367000,-292000
2014/12/18,0,5815000,0,5815000
2014/12/19,0,1843000,-3000,1840000
2014/12/22,0,8978000,-550000,8428000
2014/12/23,0,9225000,-1000,9224000
2014/12/24,0,22172000,0,22172000
2014/12/25,0,8058000,0,8058000
2014/12/26,0,8477000,0,8477000
2014/12/29,0,3638000,-15000,3623000
2014/12/30,0,2885000,-506000,2379000
2014/12/31,0,0,-801000,-801000
2015/01/01,0,0,0,0
2015/01/02,0,0,0,0
2015/01/05,0,5320000,-400000,4920000
2015/01/06,0,8170000,0,8170000
2015/01/07,0,3235000,-13000,3222000
2015/01/08,0,5177000,-3047000,2130000
2015/01/09,0,2415000,-1180000,1235000
2015/01/12,0,1953000,-5665000,-3712000
2015/01/13,0,2142000,-2050000,92000
2015/01/14,0,1450000,-507000,943000
2015/01/15,0,758000,-699000,59000
2015/01/16,0,890000,-9799000,-8909000
2015/01/19,0,1451000,-851000,600000
2015/01/20,0,700000,-500000,200000
2015/01/21,0,580000,-12014000,-11434000
2015/01/22,0,0,-4449000,-4449000
2015/01/23,0,1226000,-2841000,-1615000
2015/01/26,0,2906000,-3868000,-962000
2015/01/27,0,2189000,-1295000,894000
2015/01/28,0,0,-1230000,-1230000
2015/01/29,0,0,-460000,-460000
2015/01/30,0,15000,-10625000,-10610000
2015/02/02,0,0,-6299000,-6299000
2015/02/03,0,167000,-3229000,-3062000
2015/02/04,0,0,-3901000,-3901000
2015/02/05,0,141000,-2600000,-2459000
2015/02/06,0,703000,-606000,97000
2015/02/09,0,0,-5833000,-5833000
2015/02/10,0,0,-6073000,-6073000
2015/02/11,0,639000,-2597000,-1958000
2015/02/12,0,0,-4427000,-4427000
2015/02/13,0,3000,-5431000,-5428000
2015/02/16,0,0,0,0
2015/02/17,0,0,0,0
2015/02/18,0,0,0,0
2015/02/19,0,0,0,0
2015/02/20,0,0,0,0
2015/02/23,0,0,0,0
2015/02/24,0,0,-5530000,-5530000
2015/02/25,0,0,-15007000,-15007000
2015/02/26,0,0,-1180000,-1180000
2015/02/27,0,0,0,0
2015/03/02,0,0,-11547000,-11547000
2015/03/03,0,0,-2652000,-2652000
2015/03/04,0,835000,-1994000,-1159000
2015/03/05,0,330000,-2099000,-1769000
2015/03/06,0,99000,-7037000,-6938000
2015/03/09,0,0,-601000,-601000
2015/03/10,0,0,-1609000,-1609000
2015/03/11,0,0,-1762000,-1762000
2015/03/12,0,17510000,-18021,17491979
2015/03/13,0,0,0,0
2015/03/16,0,8345000,-1203000,7142000
2015/03/17,0,2667000,-1100000,1567000
2015/03/18,0,800000,-500000,300000
2015/03/19,0,0,-6000,-6000
2015/03/20,0,3000,-3890000,-3887000
2015/03/23,0,0,-2651000,-2651000
2015/03/24,0,0,-1107000,-1107000
2015/03/25,0,0,-3811000,-3811000
2015/03/26,0,0,-1000000,-1000000
2015/03/27,0,0,-162000,-162000
2015/03/30,0,0,-1260000,-1260000
2015/03/31,0,1478000,-161000,1317000
2015/04/01,0,2718000,-340000,2378000
2015/04/02,0,0,0,0
2015/04/03,0,0,0,0
2015/04/06,0,0,0,0
2015/04/07,0,1000000,-3700000,-2700000
2015/04/08,0,0,-530000,-530000
2015/04/09,0,0,-1420000,-1420000
2015/04/10,0,0,0,0
2015/04/13,0,0,-3096000,-3096000
2015/04/14,0,0,-3357000,-3357000
2015/04/15,0,8000,-2178000,-2170000
2015/04/16,0,0,-324000,-324000
2015/04/17,0,0,-635000,-635000
2015/04/20,0,590000,-2748000,-2158000
2015/04/21,0,0,-5766000,-5766000
2015/04/22,0,0,-2732000,-2732000
2015/04/23,0,0,-6510000,-6510000
2015/04/24,0,0,-1134000,-1134000
2015/04/27,0,0,-2680000,-2680000
2015/04/28,0,0,-1000,-1000
2015/04/29,0,912000,-4438000,-3526000
2015/04/30,0,89000,-1637000,-1548000
2015/05/01,0,0,0,0
2015/05/04,0,0,-3278000,-3278000
2015/05/05,0,125000,-1405000,-1280000
2015/05/06,0,105000,-935000,-830000
2015/05/07,0,0,-450000,-450000
2015/05/08,0,0,-5649000,-5649000
2015/05/11,0,5000,0,5000
2015/05/12,0,0,0,0
2015/05/13,0,0,0,0
2015/05/14,0,74000,0,74000
2015/05/15,0,0,-6000,-6000
2015/05/18,0,0,0,0
2015/05/19,0,5977000,0,5977000
2015/05/20,0,1495000,0,1495000
2015/05/21,0,3776000,0,3776000
2015/05/22,0,14139000,0,14139000
2015/05/25,0,6226000,0,6226000
2015/05/26,0,3283000,0,3283000
2015/05/27,0,4997000,0,4997000
2015/05/28,0,4301000,-23000,4278000
2015/05/29,0,2603000,-16000,2587000
2015/06/01,0,200000,0,200000
2015/06/02,0,0,-616000,-616000
2015/06/03,0,1988000,0,1988000
2015/06/04,0,1484,-205000,-203516
2015/06/05,0,0,-755000,-755000
2015/06/08,0,0,0,0
2015/06/09,0,0,-6589000,-6589000
2015/06/10,0,0,-3905000,-3905000
2015/06/11,0,0,-11953000,-11953000
2015/06/12,0,0,-3987000,-3987000
2015/06/15,0,0,-2460000,-2460000
2015/06/16,0,0,0,0
2015/06/17,0,0,-1978000,-1978000
2015/06/18,0,868000,-7281000,-6413000
2015/06/19,0,0,0,0
2015/06/22,0,38000,-2635000,-2597000
2015/06/23,0,488000,-5767000,-5279000
2015/06/24,0,0,-9711000,-9711000
2015/06/25,0,0,-4181000,-4181000
2015/06/26,0,0,-224000,-224000
2015/06/29,0,0,-4622000,-4622000
2015/06/30,0,153000,-9122000,-8969000
2015/07/01,0,0,-155000,-155000
2015/07/02,0,0,-323000,-323000
2015/07/03,0,0,-986000,-986000
2015/07/06,0,0,0,0
2015/07/07,0,0,0,0
2015/07/08,0,0,0,0
2015/07/09,0,5000,-21000,-16000
2015/07/10,0,0,0,0
2015/07/13,0,0,-3000,-3000
2015/07/14,0,0,-357000,-357000
2015/07/15,0,51000,0,51000
2015/07/16,0,0,0,0
2015/07/17,0,142000,-1689000,-1547000
2015/07/20,0,0,-1037000,-1037000
2015/07/21,0,6000,-300000,-294000
2015/07/22,0,0,0,0
2015/07/23,0,77000,0,77000
2015/07/24,0,179000,-33000,146000
2015/07/27,0,0,-350000,-350000
2015/07/28,0,153000,-3525000,-3372000
2015/07/29,0,60000,-500000,-440000
2015/07/30,0,38000,-446000,-408000
2015/07/31,0,10000,-300000,-290000
2015/08/03,0,211000,-384000,-173000
2015/08/04,0,124000,0,124000
2015/08/05,0,347000,-330000,17000
2015/08/06,0,118000,0,118000
2015/08/07,0,159000,0,159000
2015/08/10,0,162000,-1698000,-1536000
2015/08/11,0,11000,0,11000
2015/08/12,0,191000,0,191000
2015/08/13,0,24000,0,24000
2015/08/14,0,0,0,0
2015/08/17,0,7000,0,7000
2015/08/18,0,1000,0,1000
2015/08/19,0,5000,0,5000
2015/08/20,0,5000,0,5000
2015/08/21,0,0,0,0
2015/08/24,0,0,0,0
2015/08/25,0,0,-234,-234
2015/08/26,0,146000,0,146000
2015/08/27,0,1000,0,1000
2015/08/28,0,7000,0,7000
2015/08/31,0,1000,-105000,-104000
2015/09/01,0,101000,-1126000,-1025000
2015/09/02,0,213000,0,213000
2015/09/03,0,92000,0,92000
2015/09/04,0,16000,-6000,10000
2015/09/07,0,67000,0,67000
2015/09/08,0,30000,0,30000
2015/09/09,0,2000,0,2000
2015/09/10,0,0,0,0
2015/09/11,0,32000,0,32000
2015/09/14,0,15000,0,15000
2015/09/15,0,16000,-20000,-4000
2015/09/16,0,0,0,0
2015/09/17,0,0,0,0
2015/09/18,0,3000,-643000,-640000
2015/09/21,0,103000,0,103000
2015/09/22,0,7759,-7015000,-7007241
2015/09/23,0,0,0,0
2015/09/24,0,0,0,0
2015/09/25,0,1000,0,1000
2015/09/28,0,0,0,0
2015/09/29,0,0,0,0
2015/09/30,0,0,0,0
2015/10/01,0,19000,-60000,-41000
2015/10/02,0,105000,0,105000
2015/10/05,0,18000,-1443000,-1425000
2015/10/06,0,5000,0,5000
2015/10/07,0,10000,-2213000,-2203000
2015/10/08,0,0,0,0
2015/10/09,0,0,0,0
2015/10/12,0,0,0,0
2015/10/13,0,0,0,0
2015/10/14,0,0,0,0
2015/10/15,0,0,0,0
2015/10/16,0,20000,0,20000
2015/10/19,0,0,0,0
2015/10/20,0,0,0,0
2015/10/21,0,0,-4174000,-4174000
2015/10/22,0,0,0,0
2015/10/23,0,0,-134000,-134000
2015/10/26,0,0,0,0
2015/10/27,0,0,0,0
2015/10/28,0,0,0,0
2015/10/29,0,0,-2000,-2000
2015/10/30,0,0,-294000,-294000
2015/11/02,0,0,0,0
2015/11/03,0,18000,0,18000
2015/11/04,0,132000,0,132000
2015/11/05,0,1000,0,1000
2015/11/06,0,0,0,0
2015/11/09,0,64000,0,64000
2015/11/10,0,0,0,0
2015/11/11,0,0,0,0
2015/11/12,0,0,0,0
2015/11/13,0,0,-1000,-1000
2015/11/16,0,0,-650000,-650000
2015/11/17,0,0,-850000,-850000
2015/11/18,0,2000,-2500000,-2498000
2015/11/19,0,0,-127000,-127000
2015/11/20,0,0,0,0
2015/11/23,0,0,-4000,-4000
2015/11/24,0,0,0,0
2015/11/25,0,0,0,0
2015/11/26,0,0,0,0
2015/11/27,0,0,0,0
2015/11/30,0,1000,0,1000
2015/12/01,0,0,0,0
2015/12/02,0,0,0,0
2015/12/03,0,0,-70000,-70000
2015/12/04,0,0,0,0
2015/12/07,0,0,0,0
2015/12/08,0,0,0,0
2015/12/09,0,0,0,0
2015/12/10,0,0,0,0
2015/12/11,0,0,0,0
2015/12/14,0,0,-6642,-6642
2015/12/15,0,0,0,0
2015/12/16,0,0,0,0
2015/12/17,0,0,0,0
2015/12/18,0,1000,-38000,-37000
2015/12/21,0,0,0,0
2015/12/22,0,4287000,-31000,4256000
2015/12/23,0,600000,0,600000
2015/12/24,0,380000,0,380000
2015/12/25,0,0,0,0
2015/12/28,0,0,-230000,-230000
2015/12/29,0,0,-280000,-280000
2015/12/30,0,0,0,0
2015/12/31,0,0,0,0
2016/01/01,0,0,0,0
2016/01/04,0,0,0,0
2016/01/05,0,0,-11000,-11000
2016/01/06,0,1000,-830000,-829000
2016/01/07,0,0,-8000,-8000
2016/01/08,0,0,0,0
2016/01/11,0,0,-200000,-200000
2016/01/12,0,0,-3000,-3000
2016/01/13,0,400000,-2000,398000
2016/01/14,0,0,0,0
2016/01/15,0,0,-46000,-46000
2016/01/18,0,0,0,0
2016/01/19,0,200000,-194000,6000
2016/01/20,0,0,-46000,-46000
2016/01/21,0,0,0,0
2016/01/22,0,0,0,0
2016/01/25,0,0,-8000,-8000
2016/01/26,0,0,0,0
2016/01/27,0,0,0,0
2016/01/28,0,0,0,0
2016/01/29,0,4000,-2937000,-2933000
2016/02/01,0,150000,0,150000
2016/02/02,0,0,0,0
2016/02/03,0,0,-400000,-400000
2016/02/04,0,0,0,0
2016/02/05,0,0,0,0
2016/02/08,0,0,0,0
2016/02/09,0,0,0,0
2016/02/10,0,0,0,0
2016/02/11,0,0,0,0
2016/02/12,0,0,0,0
2016/02/15,0,0,-2209,-2209
2016/02/16,0,0,0,0
2016/02/17,0,104000,0,104000
2016/02/18,0,0,0,0
2016/02/19,0,5000,0,5000
2016/02/22,0,0,0,0
2016/02/23,0,0,0,0
2016/02/24,0,0,0,0
2016/02/25,0,0,0,0
2016/02/26,0,150000,-1000000,-850000
2016/02/29,0,0,0,0
2016/03/01,0,0,0,0
2016/03/02,0,0,-10000,-10000
2016/03/03,0,0,0,0
2016/03/04,0,1727000,0,1727000
2016/03/07,0,810000,0,810000
2016/03/08,0,6695000,-5000,6690000
2016/03/09,0,2219000,-48000,2171000
2016/03/10,0,6764000,0,6764000
2016/03/11,0,6700000,0,6700000
2016/03/14,0,100000,0,100000
2016/03/15,0,800000,-5000,795000
2016/03/16,0,600000,0,600000
2016/03/17,0,0,0,0
2016/03/18,0,259000,-2000,257000
2016/03/21,0,0,-500000,-500000
2016/03/22,0,0,-2500000,-2500000
2016/03/23,0,0,-1000000,-1000000
2016/03/24,0,0,0,0
2016/03/25,0,0,0,0
2016/03/28,0,2788000,-117000,2671000
2016/03/29,0,9677000,-1000,9676000
2016/03/30,0,500000,0,500000
2016/03/31,0,0,0,0
2016/04/01,0,0,0,0
2016/04/04,0,0,0,0
2016/04/05,0,0,0,0
2016/04/06,0,0,0,0
2016/04/07,0,0,0,0
2016/04/08,0,0,0,0
2016/04/11,0,0,0,0
2016/04/12,0,0,-10000,-10000
2016/04/13,0,0,-87000,-87000
2016/04/14,0,0,0,0
2016/04/15,0,0,-1562000,-1562000
2016/04/18,0,0,-1300000,-1300000
2016/04/19,0,0,0,0
2016/04/20,0,1000,0,1000
2016/04/21,0,0,0,0
2016/04/22,0,0,0,0
2016/04/25,0,2657000,-1000,2656000
2016/04/26,0,0,0,0
2016/04/27,0,0,0,0
2016/04/28,0,0,-245000,-245000
2016/04/29,0,0,0,0
2016/05/02,0,0,0,0
2016/05/03,0,128000,-1809000,-1681000
2016/05/04,0,647000,0,647000
2016/05/05,0,0,-4200000,-4200000
2016/05/06,0,0,0,0
2016/05/09,0,135000,0,135000
2016/05/10,0,5309,0,5309
2016/05/11,0,0,-2500000,-2500000
2016/05/12,0,0,0,0
2016/05/13,0,0,-2500000,-2500000
2016/05/16,0,0,0,0
2016/05/17,0,0,0,0
2016/05/18,0,0,0,0
2016/05/19,0,0,-3890000,-3890000
2016/05/20,0,6038000,0,6038000
2016/05/23,0,3610000,0,3610000
2016/05/24,0,1300000,0,1300000
2016/05/25,0,0,0,0
2016/05/26,0,0,-4000,-4000
2016/05/27,0,500000,0,500000
2016/05/30,0,0,-228000,-228000
2016/05/31,0,0,-1804000,-1804000
2016/06/01,0,533000,0,533000
2016/06/02,0,0,0,0
2016/06/03,0,0,-1000,-1000
2016/06/06,0,0,0,0
2016/06/07,0,400000,0,400000
2016/06/08,0,0,-450000,-450000
2016/06/09,0,0,0,0
2016/06/10,0,0,0,0
2016/06/13,0,1700000,0,1700000
2016/06/14,0,0,0,0
2016/06/15,0,0,-1000,-1000
2016/06/16,0,0,-35000,-35000
2016/06/17,0,1000,-100000,-99000
2016/06/20,0,0,-18000,-18000
2016/06/21,0,0,0,0
2016/06/22,0,0,0,0
2016/06/23,0,0,0,0
2016/06/24,0,0,-1049000,-1049000
2016/06/27,0,0,-8000,-8000
2016/06/28,0,8852000,0,8852000
2016/06/29,0,14856000,0,14856000
2016/06/30,0,25221000,0,25221000
2016/07/01,0,2530000,-1390000,1140000
2016/07/04,0,1567000,-2200000,-633000
2016/07/05,0,6362000,-75000,6287000
2016/07/06,0,6475000,-79000,6396000
2016/07/07,0,6727000,0,6727000
2016/07/08,0,0,0,0
2016/07/11,0,6783000,0,6783000
2016/07/12,0,1172000,0,1172000
2016/07/13,0,1066000,0,1066000
2016/07/14,0,2638000,0,2638000
2016/07/15,0,1127000,0,1127000
2016/07/18,0,1270000,0,1270000
2016/07/19,0,6865000,-651000,6214000
2016/07/20,0,4324000,-2582000,1742000
2016/07/21,0,7136000,-5261000,1875000
2016/07/22,0,1886000,-8157000,-6271000
2016/07/25,0,465000,-1281000,-816000
2016/07/26,0,120000,0,120000
2016/07/27,0,1200000,-3000,1197000
2016/07/28,0,12752000,-1000000,11752000
2016/07/29,0,1219,-907000,-905781
2016/08/01,0,0,-680000,-680000
2016/08/02,0,0,-1108000,-1108000
2016/08/03,0,26000,-1369000,-1343000
2016/08/04,0,1002000,-4000,998000
2016/08/05,0,1620000,-164000,1456000
2016/08/08,0,3089000,-5000,3084000
2016/08/09,0,1000,-1032000,-1031000
2016/08/10,0,381000,-3685000,-3304000
2016/08/11,0,0,-6468000,-6468000
2016/08/12,0,2000,-3573000,-3571000
2016/08/15,0,0,-7289000,-7289000
2016/08/16,0,428000,-3128000,-2700000
2016/08/17,0,4000,-6263000,-6259000
2016/08/18,0,0,-3164000,-3164000
2016/08/19,0,3214000,-1572000,1642000
2016/08/22,0,1935000,-2245000,-310000
2016/08/23,0,532000,-4001000,-3469000
2016/08/24,0,0,-9067000,-9067000
2016/08/25,0,3875000,-5557000,-1682000
2016/08/26,0,4000,-618000,-614000
2016/08/29,0,0,-2979000,-2979000
2016/08/30,0,281000,-1436000,-1155000
2016/08/31,0,101000,0,101000
2016/09/01,0,186000,-3193000,-3007000
2016/09/02,0,0,-2613000,-2613000
2016/09/05,0,824000,-2023000,-1199000
2016/09/06,0,0,-1600000,-1600000
2016/09/07,0,19000,0,19000
2016/09/08,0,0,-3875000,-3875000
2016/09/09,0,2000,0,2000
2016/09/12,0,0,-1170000,-1170000
2016/09/13,0,1275000,-14889000,-13614000
2016/09/14,0,117000,-302000,-185000
2016/09/15,0,0,0,0
2016/09/16,0,0,0,0
2016/09/19,0,2676000,0,2676000
2016/09/20,0,1205000,0,1205000
2016/09/21,0,830000,0,830000
2016/09/22,0,800000,0,800000
2016/09/23,0,284000,0,284000
2016/09/26,0,284000,-300000,-16000
2016/09/27,0,0,0,0
2016/09/28,0,0,0,0
2016/09/29,0,290000,-300000,-10000
2016/09/30,0,214685,0,214685
2016/10/03,0,4591000,0,4591000
2016/10/04,0,222000,0,222000
2016/10/05,0,558000,0,558000
2016/10/06,0,308000,0,308000
2016/10/07,0,213000,0,213000
2016/10/10,0,0,0,0
2016/10/11,0,3000,0,3000
2016/10/12,0,534000,-2000000,-1466000
2016/10/13,0,2000,0,2000
2016/10/14,0,0,-2250000,-2250000
2016/10/17,0,600000,0,600000
2016/10/18,0,4000000,-2128000,1872000
2016/10/19,0,5865000,-476000,5389000
2016/10/20,0,4475000,0,4475000
2016/10/21,0,9624000,0,9624000
2016/10/24,0,15208000,0,15208000
2016/10/25,0,8131000,-213000,7918000
2016/10/26,0,0,-255000,-255000
2016/10/27,0,583000,-750000,-167000
2016/10/28,0,1483000,-2393000,-910000
2016/10/31,0,0,-3385000,-3385000
2016/11/01,0,1214000,-3000,1211000
2016/11/02,0,891,-1184000,-1183109
2016/11/03,0,69000,0,69000
2016/11/04,0,2000,-3000000,-2998000
2016/11/07,0,0,0,0
2016/11/08,0,1600000,0,1600000
2016/11/09,0,786000,0,786000
2016/11/10,0,0,-443000,-443000
2016/11/11,0,217000,-1381000,-1164000
2016/11/14,0,92000,-2000000,-1908000
2016/11/15,0,200000,-351000,-151000
2016/11/16,0,960000,-3460000,-2500000
2016/11/17,0,925000,-1211000,-286000
2016/11/18,0,0,-1423000,-1423000
2016/11/21,0,0,-728000,-728000
2016/11/22,0,0,-548000,-548000
2016/11/23,0,0,-200000,-200000
2016/11/24,0,0,-1920000,-1920000
2016/11/25,0,0,-4319000,-4319000
2016/11/28,0,0,-866000,-866000
2016/11/29,0,3000,-451000,-448000
2016/11/30,0,0,0,0
2016/12/01,0,0,-500000,-500000
2016/12/02,0,0,-1260000,-1260000
2016/12/05,0,0,-1500000,-1500000
2016/12/06,0,0,-1000000,-1000000
2016/12/07,0,1622000,-1150000,472000
2016/12/08,0,2489000,0,2489000
2016/12/09,0,0,-3556000,-3556000
2016/12/12,0,50000,-300000,-250000
2016/12/13,0,0,0,0
2016/12/14,0,215000,0,215000
2016/12/15,0,0,0,0
2016/12/16,0,2482000,-3000,2479000
2016/12/19,0,0,0,0
2016/12/20,0,5730000,-300000,5430000
2016/12/21,0,8565000,0,8565000
2016/12/22,0,4543000,0,4543000
2016/12/23,0,1900000,0,1900000
2016/12/26,0,913000,0,913000
2016/12/27,0,0,-156000,-156000
2016/12/28,0,1654000,0,1654000
2016/12/29,0,500000,-2205000,-1705000
2016/12/30,0,292000,0,292000
2017/01/02,0,0,0,0
2017/01/03,0,892000,-1682000,-790000
2017/01/04,0,470000,0,470000
2017/01/05,0,3205000,0,3205000
2017/01/06,0,3876000,0,3876000
2017/01/09,0,8736000,0,8736000
2017/01/10,0,2972000,0,2972000
2017/01/11,0,789000,0,789000
2017/01/12,0,2179000,-152000,2027000
2017/01/13,0,1359000,0,1359000
2017/01/16,0,2661000,0,2661000
2017/01/17,0,1200000,0,1200000
2017/01/18,0,1220000,0,1220000
2017/01/19,0,1440000,0,1440000
2017/01/20,0,116000,0,116000
2017/01/23,0,401084,-412000,-10916
2017/01/24,0,10000,-3818000,-3808000
2017/01/25,0,0,0,0
2017/01/26,0,0,0,0
2017/01/27,0,0,0,0
2017/01/30,0,0,0,0
2017/01/31,0,0,0,0
2017/02/01,0,0,0,0
2017/02/02,0,7596000,0,7596000
2017/02/03,0,357000,0,357000
2017/02/06,0,558000,-636000,-78000
2017/02/07,0,0,-1272000,-1272000
2017/02/08,0,0,-15278000,-15278000
2017/02/09,0,3000,-10569000,-10566000
2017/02/10,0,0,-1613000,-1613000
2017/02/13,0,300000,-9177000,-8877000
2017/02/14,0,53000,-10548000,-10495000
2017/02/15,0,116000,-3786000,-3670000
2017/02/16,0,0,-747000,-747000
2017/02/17,0,3000,-6141000,-6138000
2017/02/20,0,650000,-1488000,-838000
2017/02/21,0,0,-636000,-636000
2017/02/22,0,0,-1958000,-1958000
2017/02/23,0,3000,0,3000
2017/02/24,0,0,-840000,-840000
2017/02/27,0,0,0,0
2017/02/28,0,0,0,0
2017/03/01,0,0,-1451000,-1451000
2017/03/02,0,0,-4090000,-4090000
2017/03/03,0,5000,-1088000,-1083000
2017/03/06,0,0,-4146000,-4146000
2017/03/07,0,526000,-3000000,-2474000
2017/03/08,0,0,-539000,-539000
2017/03/09,0,0,0,0
2017/03/10,0,0,-1191000,-1191000
2017/03/13,0,0,0,0
2017/03/14,0,0,-1037000,-1037000
2017/03/15,0,0,0,0
2017/03/16,0,0,0,0
2017/03/17,0,15000,0,15000
2017/03/20,0,247000,0,247000
2017/03/21,0,257000,-331000,-74000
2017/03/22,0,0,-200000,-200000
2017/03/23,0,0,0,0
2017/03/24,0,3000,-200000,-197000
2017/03/27,0,10000,-220000,-210000
2017/03/28,0,0,-230000,-230000
2017/03/29,0,0,-540000,-540000
2017/03/30,0,0,0,0
2017/03/31,0,0,-460000,-460000
2017/04/03,0,0,0,0
2017/04/04,0,0,0,0
2017/04/05,0,0,-520000,-520000
2017/04/06,0,0,0,0
2017/04/07,0,5000,-600000,-595000
2017/04/10,0,4000,0,4000
2017/04/11,0,0,-500000,-500000
2017/04/12,0,2000000,-250000,1750000
2017/04/13,0,1200000,0,1200000
2017/04/14,0,0,-36000,-36000
2017/04/17,0,2371000,-250000,2121000
2017/04/18,0,4000,0,4000
2017/04/19,0,0,0,0
2017/04/20,0,3000,0,3000
2017/04/21,0,0,-4886000,-4886000
2017/04/24,0,0,-2675000,-2675000
2017/04/25,0,102,-583000,-582898
2017/04/26,0,3000,-545000,-542000
2017/04/27,0,3000,-1850000,-1847000
2017/04/28,0,0,-4760000,-4760000
2017/05/01,0,0,0,0
2017/05/02,0,0,-276000,-276000
2017/05/03,0,0,-1208000,-1208000
2017/05/04,0,0,-154000,-154000
2017/05/05,0,0,-1250000,-1250000
2017/05/08,0,0,-550000,-550000
2017/05/09,0,0,-5452000,-5452000
2017/05/10,0,0,-400000,-400000
2017/05/11,0,0,-1050000,-1050000
2017/05/12,0,0,-3287000,-3287000
2017/05/15,0,378000,0,378000
2017/05/16,0,1109000,-5000,1104000
2017/05/17,0,0,-1549000,-1549000
2017/05/18,0,0,-10000,-10000
2017/05/19,0,0,0,0
2017/05/22,0,0,-3000,-3000
2017/05/23,0,0,0,0
2017/05/24,0,0,0,0
2017/05/25,0,0,-8000,-8000
2017/05/26,0,0,-10053000,-10053000
2017/05/29,0,0,0,0
2017/05/30,0,0,0,0
2017/05/31,0,0,-1000,-1000
2017/06/01,0,0,0,0
2017/06/02,0,0,-38000,-38000
2017/06/05,0,188000,-5016000,-4828000
2017/06/06,0,240000,0,240000
2017/06/07,0,0,-14000,-14000
2017/06/08,0,0,-6000,-6000
2017/06/09,0,0,-13000,-13000
2017/06/12,0,0,0,0
2017/06/13,0,0,0,0
2017/06/14,0,0,-3000,-3000
2017/06/15,0,9058000,0,9058000
2017/06/16,0,20977000,-610000,20367000
2017/06/19,0,384000,-23000,361000
2017/06/20,0,0,-27000,-27000
2017/06/21,0,30000,0,30000
2017/06/22,0,450000,0,450000
2017/06/23,0,450000,-10000,440000
2017/06/26,0,0,-14000,-14000
2017/06/27,0,285000,-9000,276000
2017/06/28,0,5322000,0,5322000
2017/06/29,0,0,-5000,-5000
2017/06/30,0,508000,0,508000
2017/07/03,0,300000,-516000,-216000
2017/07/04,0,2514000,-327000,2187000
2017/07/05,0,0,0,0
2017/07/06,0,0,-170000,-170000
2017/07/07,0,0,-312000,-312000
2017/07/10,0,0,-288000,-288000
2017/07/11,0,406000,0,406000
2017/07/12,0,401000,-385000,16000
2017/07/13,0,653000,-99000,554000
2017/07/14,0,425000,-18000,407000
2017/07/17,0,428609,-4000,424609
2017/07/18,0,290000,0,290000
2017/07/19,0,0,0,0
2017/07/20,0,15000,-481000,-466000
2017/07/21,0,0,-401000,-401000
2017/07/24,0,0,0,0
2017/07/25,0,4000,0,4000
2017/07/26,0,1000,-13000,-12000
2017/07/27,0,0,0,0
2017/07/28,0,2000,0,2000
2017/07/31,0,17000,-4514000,-4497000
2017/08/01,0,10000,-59000,-49000
2017/08/02,0,13000,-5668000,-5655000
2017/08/03,0,18000,0,18000
2017/08/04,0,23000,0,23000
2017/08/07,0,64000,0,64000
2017/08/08,0,26000,-9000,17000
2017/08/09,0,123000,-1200000,-1077000
2017/08/10,0,57000,0,57000
2017/08/11,0,0,-5000,-5000
2017/08/14,0,0,-4000,-4000
2017/08/15,0,16000,-3000,13000
2017/08/16,0,102000,0,102000
2017/08/17,0,1000,0,1000
2017/08/18,0,0,0,0
