Date,Open,Buy,Sell,Total
2007/04/23,0,2917000,-1099000,1818000
2007/04/24,0,1230000,-1665000,-435000
2007/04/25,0,1523000,-2038000,-515000
2007/04/26,0,605000,-1944000,-1339000
2007/04/27,0,418000,-2872000,-2454000
2007/04/30,0,664000,-2817281,-2153281
2007/05/01,0,0,0,0
2007/05/02,0,201000,-1147000,-946000
2007/05/03,0,677000,-1288000,-611000
2007/05/04,0,1061000,-1156070,-95070
2007/05/07,0,2905000,-209000,2696000
2007/05/08,0,291000,-1242500,-951500
2007/05/09,0,330000,-1988000,-1658000
2007/05/10,0,1559000,-1180210,378790
2007/05/11,0,3315000,-3086000,229000
2007/05/14,0,1053000,-982000,71000
2007/05/15,0,997000,-1346000,-349000
2007/05/16,0,941000,-573000,368000
2007/05/17,0,2990000,-1519000,1471000
2007/05/18,0,1557000,-1101000,456000
2007/05/21,0,2327000,-2639000,-312000
2007/05/22,0,1760000,-156000,1604000
2007/05/23,0,935000,-176000,759000
2007/05/24,0,510000,-258000,252000
2007/05/25,0,2119000,-429000,1690000
2007/05/28,0,177000,-550000,-373000
2007/05/29,0,105000,-576000,-471000
2007/05/30,0,390000,-1093000,-703000
2007/05/31,0,581000,-780000,-199000
2007/06/01,0,2935000,-388124,2546876
2007/06/04,0,690000,-353000,337000
2007/06/05,0,1104000,-332000,772000
2007/06/06,0,2685000,-2229000,456000
2007/06/07,0,535000,-325051,209949
2007/06/08,0,750000,-828000,-78000
2007/06/11,0,2394000,-586000,1808000
2007/06/12,0,2373000,-1169000,1204000
2007/06/13,0,551000,-1513000,-962000
2007/06/14,0,994000,-2938000,-1944000
2007/06/15,0,857000,-821000,36000
2007/06/18,0,0,0,0
2007/06/19,0,0,0,0
2007/06/20,0,560000,-2735000,-2175000
2007/06/21,0,1252000,-2547000,-1295000
2007/06/22,0,1708000,-2079000,-371000
2007/06/25,0,1594000,-4722000,-3128000
2007/06/26,0,1049000,-2335000,-1286000
2007/06/27,0,477000,-588030,-111030
2007/06/28,0,511000,-2376000,-1865000
2007/06/29,0,501000,-900000,-399000
2007/07/02,0,394220,-1294000,-899780
2007/07/03,0,609000,-899000,-290000
2007/07/04,0,255000,-1549000,-1294000
2007/07/05,0,1214000,-203000,1011000
2007/07/06,0,1511570,-1393000,118570
2007/07/09,0,1689000,-1238000,451000
2007/07/10,0,2244000,-1745000,499000
2007/07/11,0,523000,-841296,-318296
2007/07/12,0,1011000,-1455000,-444000
2007/07/13,0,888000,-1849266,-961266
2007/07/16,0,2021000,-2225612,-204612
2007/07/17,0,3264000,-2885000,379000
2007/07/18,0,899041,-2830000,-1930959
2007/07/19,0,1058000,-1252238,-194238
2007/07/20,0,2952000,-3816976,-864976
2007/07/23,0,1998000,-1551100,446900
2007/07/24,0,1710000,-3083000,-1373000
2007/07/25,0,2236000,-3025000,-789000
2007/07/26,0,3177000,-1971852,1205148
2007/07/27,0,13152000,-9198000,3954000
2007/07/30,0,2232000,-3911000,-1679000
2007/07/31,0,670000,-3569000,-2899000
2007/08/01,0,4415000,-9048000,-4633000
2007/08/02,0,1942000,-5095986,-3153986
2007/08/03,0,3799000,-2522000,1277000
2007/08/06,0,218000,-2317000,-2099000
2007/08/07,0,923000,-1960000,-1037000
2007/08/08,0,1197000,-684000,513000
2007/08/09,0,6002000,-1617384,4384616
2007/08/10,0,324000,-4887000,-4563000
2007/08/13,0,101000,-1965000,-1864000
2007/08/14,0,672000,-1598000,-926000
2007/08/15,0,4205000,-5238000,-1033000
2007/08/16,0,6156000,-4577000,1579000
2007/08/17,0,1240000,-3088000,-1848000
2007/08/20,0,3016000,-667000,2349000
2007/08/21,0,500000,-1836000,-1336000
2007/08/22,0,1814000,-843000,971000
2007/08/23,0,3617000,-2199000,1418000
2007/08/24,0,498000,-1037000,-539000
2007/08/27,0,292000,-760000,-468000
2007/08/28,0,170000,-1139000,-969000
2007/08/29,0,1281000,-2482000,-1201000
2007/08/30,0,1313000,-3363000,-2050000
2007/08/31,0,1640000,-288000,1352000
2007/09/03,0,1104000,-449000,655000
2007/09/04,0,702000,-839000,-137000
2007/09/05,0,1550000,-638000,912000
2007/09/06,0,2279138,-639845,1639293
2007/09/07,0,5691000,-3690611,2000389
2007/09/10,0,1740064,-1855576,-115512
2007/09/11,0,3207000,-1311169,1895831
2007/09/12,0,1150000,-850000,300000
2007/09/13,0,504091,-5301129,-4797038
2007/09/14,0,538000,-1788772,-1250772
2007/09/17,0,414000,-1096579,-682579
2007/09/18,0,0,0,0
2007/09/19,0,366000,-1889000,-1523000
2007/09/20,0,4116000,-627803,3488197
2007/09/21,0,2966000,-352000,2614000
2007/09/24,0,0,0,0
2007/09/25,0,0,0,0
2007/09/26,0,4948000,-320000,4628000
2007/09/27,0,4909000,-2303000,2606000
2007/09/28,0,1981000,-2895000,-914000
2007/10/01,0,2030000,-1066000,964000
2007/10/02,0,2766000,-2066000,700000
2007/10/03,0,1735000,-1569000,166000
2007/10/04,0,1772000,-1178000,594000
2007/10/05,0,884000,-1220000,-336000
2007/10/08,0,849000,-2558000,-1709000
2007/10/09,0,10727000,-7425000,3302000
2007/10/10,0,0,0,0
2007/10/11,0,1110000,-1595000,-485000
2007/10/12,0,1472000,-3836000,-2364000
2007/10/15,0,3102000,-2260000,842000
2007/10/16,0,4991000,-1946000,3045000
2007/10/17,0,1071000,-2211000,-1140000
2007/10/18,0,3385000,-1687000,1698000
2007/10/19,0,1854000,-3054367,-1200367
2007/10/22,0,2948000,-2296000,652000
2007/10/23,0,4197000,-1428000,2769000
2007/10/24,0,3807000,-1401000,2406000
2007/10/25,0,2700000,-2877000,-177000
2007/10/26,0,2841000,-1337000,1504000
2007/10/29,0,9562000,-1530000,8032000
2007/10/30,0,1423000,-3988000,-2565000
2007/10/31,0,1027000,-2022000,-995000
2007/11/01,0,4389000,-3493000,896000
2007/11/02,0,1379000,-3441000,-2062000
2007/11/05,0,2544000,-5445000,-2901000
2007/11/06,0,925000,-4380000,-3455000
2007/11/07,0,1602000,-2995000,-1393000
2007/11/08,0,3181000,-4512000,-1331000
2007/11/09,0,1888000,-2322596,-434596
2007/11/12,0,1847000,-2100000,-253000
2007/11/13,0,5953000,-3997580,1955420
2007/11/14,0,3853000,-2719949,1133051
2007/11/15,0,260000,-608000,-348000
2007/11/16,0,519000,-1947000,-1428000
2007/11/19,0,983000,-414000,569000
2007/11/20,0,2531000,-3042000,-511000
2007/11/21,0,3316000,-2007290,1308710
2007/11/22,0,1434000,-1053000,381000
2007/11/23,0,844000,-2916000,-2072000
2007/11/26,0,904000,-2282000,-1378000
2007/11/27,0,1307000,-3382000,-2075000
2007/11/28,0,440000,-2172000,-1732000
2007/11/29,0,522000,-2973000,-2451000
2007/11/30,0,2239000,-395000,1844000
2007/12/03,0,1252000,-556000,696000
2007/12/04,0,1658000,-431000,1227000
2007/12/05,0,1769000,-533000,1236000
2007/12/06,0,958000,-1835000,-877000
2007/12/07,0,416000,-2350000,-1934000
2007/12/10,0,432000,-792000,-360000
2007/12/11,0,527000,-2758000,-2231000
2007/12/12,0,3674000,-4466000,-792000
2007/12/13,0,2341000,-5324000,-2983000
2007/12/14,0,2081000,-6963000,-4882000
2007/12/17,0,3361000,-3042000,319000
2007/12/18,0,3381000,-1881000,1500000
2007/12/19,0,3896000,-2074000,1822000
2007/12/20,0,2452000,-4235000,-1783000
2007/12/21,0,5696000,-1702000,3994000
2007/12/24,0,2674000,-3121000,-447000
2007/12/25,0,1752000,-1607000,145000
2007/12/26,0,1266000,-848000,418000
2007/12/27,0,3466000,-837000,2629000
2007/12/28,0,1937000,-2903000,-966000
2007/12/31,0,3703000,-4988000,-1285000
2008/01/01,0,0,0,0
2008/01/02,0,1871000,-4246628,-2375628
2008/01/03,0,3801000,-1732000,2069000
2008/01/04,0,1294166,-3228427,-1934261
2008/01/07,0,2356000,-2301000,55000
2008/01/08,0,1004000,-2783000,-1779000
2008/01/09,0,4161000,-2651000,1510000
2008/01/10,0,1620000,-1874189,-254189
2008/01/11,0,2873000,-1076000,1797000
2008/01/14,0,1281000,-676000,605000
2008/01/15,0,7147000,-1586000,5561000
2008/01/16,0,3788000,-3231000,557000
2008/01/17,0,2695000,-2065000,630000
2008/01/18,0,2960000,-1681018,1278982
2008/01/21,0,1299000,-282000,1017000
2008/01/22,0,855000,-4966944,-4111944
2008/01/23,0,1299000,-4840000,-3541000
2008/01/24,0,1372000,-1590000,-218000
2008/01/25,0,2929000,-829000,2100000
2008/01/28,0,1455000,-1476000,-21000
2008/01/29,0,488000,-2286000,-1798000
2008/01/30,0,936399,-919000,17399
2008/01/31,0,1889000,-3013000,-1124000
2008/02/01,0,2568000,-2304000,264000
2008/02/04,0,0,0,0
2008/02/05,0,0,0,0
2008/02/06,0,0,0,0
2008/02/07,0,0,0,0
2008/02/08,0,0,0,0
2008/02/11,0,0,0,0
2008/02/12,0,1546000,-2735199,-1189199
2008/02/13,0,389000,-1614000,-1225000
2008/02/14,0,3880000,-1361000,2519000
2008/02/15,0,2143000,-671657,1471343
2008/02/18,0,729000,-1326000,-597000
2008/02/19,0,1192000,-576000,616000
2008/02/20,0,720000,-1773000,-1053000
2008/02/21,0,3866000,-1015000,2851000
2008/02/22,0,3099000,-1497000,1602000
2008/02/25,0,2997000,-3705200,-708200
2008/02/26,0,2325000,-3662000,-1337000
2008/02/27,0,3393000,-2728880,664120
2008/02/28,0,0,0,0
2008/02/29,0,2409000,-3228000,-819000
2008/03/03,0,3373000,-1261163,2111837
2008/03/04,0,2724000,-2251756,472244
2008/03/05,0,1581000,-1941000,-360000
2008/03/06,0,1998000,-1355320,642680
2008/03/07,0,4867000,-1390000,3477000
2008/03/10,0,2574000,-2716000,-142000
2008/03/11,0,2126000,-760000,1366000
2008/03/12,0,2447000,-1236748,1210252
2008/03/13,0,2699000,-1016000,1683000
2008/03/14,0,2181000,-1827000,354000
2008/03/17,0,2886000,-4127000,-1241000
2008/03/18,0,2522000,-661000,1861000
2008/03/19,0,1642000,-1593000,49000
2008/03/20,0,3884000,-1116000,2768000
2008/03/21,0,3549000,-588000,2961000
2008/03/24,0,5370000,-6345000,-975000
2008/03/25,0,3389000,-3214000,175000
2008/03/26,0,1323000,-4067000,-2744000
2008/03/27,0,7130000,-2290000,4840000
2008/03/28,0,3759000,-1502080,2256920
2008/03/31,0,1822000,-1026742,795258
2008/04/01,0,2487000,-993000,1494000
2008/04/02,0,4053000,-3569000,484000
2008/04/03,0,2154000,-1377000,777000
2008/04/04,0,0,0,0
2008/04/07,0,1510000,-479000,1031000
2008/04/08,0,1523000,-1378000,145000
2008/04/09,0,1165000,-999000,166000
2008/04/10,0,498000,-2462000,-1964000
2008/04/11,0,4272000,-6815000,-2543000
2008/04/14,0,1691000,-1386371,304629
2008/04/15,0,2576000,-1201000,1375000
2008/04/16,0,2142000,-3122000,-980000
2008/04/17,0,6376000,-1442000,4934000
2008/04/18,0,9363000,-2409000,6954000
2008/04/21,0,4905000,-2973000,1932000
2008/04/22,0,3467000,-1311000,2156000
2008/04/23,0,9823000,-7389000,2434000
2008/04/24,0,3668000,-6995000,-3327000
2008/04/25,0,11541000,-707000,10834000
2008/04/28,0,4125000,-1729000,2396000
2008/04/29,0,2637000,-1685000,952000
2008/04/30,0,3254000,-1752000,1502000
2008/05/01,0,0,0,0
2008/05/02,0,3914000,-1951000,1963000
2008/05/05,0,2007000,-1766000,241000
2008/05/06,0,4958000,-2043000,2915000
2008/05/07,0,3883000,-4826000,-943000
2008/05/08,0,4223000,-5992000,-1769000
2008/05/09,0,2169000,-3857000,-1688000
2008/05/12,0,1949000,-2474000,-525000
2008/05/13,0,2334054,-1790000,544054
2008/05/14,0,1346000,-3941000,-2595000
2008/05/15,0,2488000,-1482000,1006000
2008/05/16,0,3057000,-2647000,410000
2008/05/19,0,2444000,-4510000,-2066000
2008/05/20,0,2572000,-3567000,-995000
2008/05/21,0,496000,-2053301,-1557301
2008/05/22,0,1246000,-2064000,-818000
2008/05/23,0,1075000,-4507000,-3432000
2008/05/26,0,790000,-3436000,-2646000
2008/05/27,0,739000,-2024000,-1285000
2008/05/28,0,168000,-2542000,-2374000
2008/05/29,0,538000,-3105000,-2567000
2008/05/30,0,1327000,-3860000,-2533000
2008/06/02,0,760000,-868000,-108000
2008/06/03,0,1984000,-3977254,-1993254
2008/06/04,0,2074000,-1746000,328000
2008/06/05,0,1667000,-684000,983000
2008/06/06,0,711000,-953000,-242000
2008/06/09,0,381000,-1510000,-1129000
2008/06/10,0,1149000,-3025000,-1876000
2008/06/11,0,1173000,-1798000,-625000
2008/06/12,0,1381000,-2894000,-1513000
2008/06/13,0,188000,-1213000,-1025000
2008/06/16,0,344000,-519000,-175000
2008/06/17,0,968000,-2469000,-1501000
2008/06/18,0,1301000,-658000,643000
2008/06/19,0,898000,-3061000,-2163000
2008/06/20,0,3741000,-1239000,2502000
2008/06/23,0,772000,-3097000,-2325000
2008/06/24,0,4073000,-6069000,-1996000
2008/06/25,0,3012000,-6714000,-3702000
2008/06/26,0,1190000,-561000,629000
2008/06/27,0,814000,-8287000,-7473000
2008/06/30,0,1184000,-2690000,-1506000
2008/07/01,0,1161000,-1122713,38287
2008/07/02,0,4195000,-2378000,1817000
2008/07/03,0,1637000,-1842000,-205000
2008/07/04,0,479000,-1365926,-886926
2008/07/07,0,1052000,-4365000,-3313000
2008/07/08,0,1647000,-2050000,-403000
2008/07/09,0,2999000,-3047000,-48000
2008/07/10,0,1410000,-3704000,-2294000
2008/07/11,0,1423000,-1994000,-571000
2008/07/14,0,1107000,-1471000,-364000
2008/07/15,0,2044000,-911000,1133000
2008/07/16,0,479000,-997000,-518000
2008/07/17,0,1639000,-414000,1225000
2008/07/18,0,1769000,-1328000,441000
2008/07/21,0,1976000,-146000,1830000
2008/07/22,0,1686000,-74000,1612000
2008/07/23,0,4943000,-573000,4370000
2008/07/24,0,1749000,-3002000,-1253000
2008/07/25,0,2438000,-1290000,1148000
2008/07/28,0,0,0,0
2008/07/29,0,1547000,-1004000,543000
2008/07/30,0,1800000,-987000,813000
2008/07/31,0,1861000,-1655348,205652
2008/08/01,0,1561000,-2192000,-631000
2008/08/04,0,2602000,-1570000,1032000
2008/08/05,0,712000,-281000,431000
2008/08/06,0,3173000,-923000,2250000
2008/08/07,0,1764000,-677000,1087000
2008/08/08,0,6491000,-2466000,4025000
2008/08/11,0,3804000,-3595000,209000
2008/08/12,0,3272000,-2427000,845000
2008/08/13,0,989000,-619000,370000
2008/08/14,0,1538000,-1514000,24000
2008/08/15,0,916000,-1440000,-524000
2008/08/18,0,220000,-870000,-650000
2008/08/19,0,639000,-1066000,-427000
2008/08/20,0,385365,-928000,-542635
2008/08/21,0,977000,-949362,27638
2008/08/22,0,1469452,-2480000,-1010548
2008/08/25,0,707007,-738048,-31041
2008/08/26,0,356000,-1532549,-1176549
2008/08/27,0,1467137,-790000,677137
2008/08/28,0,1034001,-1576000,-541999
2008/08/29,0,913000,-1221149,-308149
2008/09/01,0,1312000,-584000,728000
2008/09/02,0,1168000,-3356600,-2188600
2008/09/03,0,1050000,-2510949,-1460949
2008/09/04,0,2954000,-2081000,873000
2008/09/05,0,1020000,-486566,533434
2008/09/08,0,621000,-2253000,-1632000
2008/09/09,0,1593000,-547000,1046000
2008/09/10,0,960000,-517199,442801
2008/09/11,0,1008400,-312686,695714
2008/09/12,0,803000,-347443,455557
2008/09/15,0,724000,-695000,29000
2008/09/16,0,1861000,-759000,1102000
2008/09/17,0,842000,-1483050,-641050
2008/09/18,0,1976000,-1353000,623000
2008/09/19,0,1038000,-462000,576000
2008/09/22,0,1471000,-1348000,123000
2008/09/23,0,1663003,-732998,930005
2008/09/24,0,1986000,-477000,1509000
2008/09/25,0,930000,-2367000,-1437000
2008/09/26,0,332000,-5013699,-4681699
2008/09/29,0,0,0,0
2008/09/30,0,1222000,-6308593,-5086593
2008/10/01,0,822001,-1372000,-549999
2008/10/02,0,687000,-679000,8000
2008/10/03,0,1810000,-1058000,752000
2008/10/06,0,742000,-1839934,-1097934
2008/10/07,0,834000,-266048,567952
2008/10/08,0,996000,-733300,262700
2008/10/09,0,2513000,-2543249,-30249
2008/10/10,0,0,0,0
2008/10/13,0,433000,-524250,-91250
2008/10/14,0,679000,-185000,494000
2008/10/15,0,723000,-1369000,-646000
2008/10/16,0,2000,-132000,-130000
2008/10/17,0,230000,-476800,-246800
2008/10/20,0,165000,-96341,68659
2008/10/21,0,1152000,-1049800,102200
2008/10/22,0,92000,-55577,36423
2008/10/23,0,0,-15835,-15835
2008/10/24,0,30000,-41000,-11000
2008/10/27,0,347000,-84865,262135
2008/10/28,0,1663000,-1210843,452157
2008/10/29,0,828000,-1371600,-543600
2008/10/30,0,798000,-736598,61402
2008/10/31,0,1176000,-823000,353000
2008/11/03,0,1043000,-1119000,-76000
2008/11/04,0,1257000,-1686000,-429000
2008/11/05,0,736000,-1104000,-368000
2008/11/06,0,1097000,-263800,833200
2008/11/07,0,2777000,-869392,1907608
2008/11/10,0,297000,-1356000,-1059000
2008/11/11,0,222000,-270923,-48923
2008/11/12,0,481000,-126239,354761
2008/11/13,0,372000,-363000,9000
2008/11/14,0,497000,-880614,-383614
2008/11/17,0,277000,-179266,97734
2008/11/18,0,522000,-261000,261000
2008/11/19,0,491000,-348000,143000
2008/11/20,0,575000,-459223,115777
2008/11/21,0,1449000,-141800,1307200
2008/11/24,0,1149000,-492000,657000
2008/11/25,0,821000,-829000,-8000
2008/11/26,0,570000,-1261999,-691999
2008/11/27,0,3459000,-1252000,2207000
2008/11/28,0,1099000,-424000,675000
2008/12/01,0,476000,-1046000,-570000
2008/12/02,0,447000,-499000,-52000
2008/12/03,0,172000,-784000,-612000
2008/12/04,0,997000,-227000,770000
2008/12/05,0,380000,-554000,-174000
2008/12/08,0,2322000,-137449,2184551
2008/12/09,0,2513000,-354000,2159000
2008/12/10,0,313000,-156000,157000
2008/12/11,0,6329008,-874100,5454908
2008/12/12,0,1085000,-4395000,-3310000
2008/12/15,0,1359000,-1250000,109000
2008/12/16,0,1469000,-1027000,442000
2008/12/17,0,964000,-1803000,-839000
2008/12/18,0,277000,-438000,-161000
2008/12/19,0,685000,-880000,-195000
2008/12/22,0,652000,-2180000,-1528000
2008/12/23,0,151000,-1219000,-1068000
2008/12/24,0,350000,-234000,116000
2008/12/25,0,132000,-89000,43000
2008/12/26,0,306000,-56000,250000
2008/12/29,0,164000,-158999,5001
2008/12/30,0,223000,-21000,202000
2008/12/31,0,786000,-498000,288000
2009/01/01,0,0,0,0
2009/01/02,0,0,0,0
2009/01/05,0,2152000,-864098,1287902
2009/01/06,0,2879000,-684000,2195000
2009/01/07,0,659000,-4066000,-3407000
2009/01/08,0,717000,-817500,-100500
2009/01/09,0,771000,-1879500,-1108500
2009/01/12,0,730000,-593000,137000
2009/01/13,0,2313000,-1777000,536000
2009/01/14,0,1487000,-1584000,-97000
2009/01/15,0,710000,-1083000,-373000
2009/01/16,0,978000,-555000,423000
2009/01/19,0,188000,-191700,-3700
2009/01/20,0,1315394,-402000,913394
2009/01/21,0,876000,-361000,515000
2009/01/22,0,0,0,0
2009/01/23,0,0,0,0
2009/01/26,0,0,0,0
2009/01/27,0,0,0,0
2009/01/28,0,0,0,0
2009/01/29,0,0,0,0
2009/01/30,0,0,0,0
2009/02/02,0,1194000,-209726,984274
2009/02/03,0,2543000,-1304000,1239000
2009/02/04,0,736000,-1586000,-850000
2009/02/05,0,3128000,-651000,2477000
2009/02/06,0,672000,-554000,118000
2009/02/09,0,1745000,-2171000,-426000
2009/02/10,0,776000,-1195000,-419000
2009/02/11,0,1141000,-746008,394992
2009/02/12,0,942593,-3230440,-2287847
2009/02/13,0,1945000,-1044000,901000
2009/02/16,0,380000,-2200000,-1820000
2009/02/17,0,1372000,-3602000,-2230000
2009/02/18,0,1084000,-1238000,-154000
2009/02/19,0,3306000,-1285000,2021000
2009/02/20,0,1309000,-1661000,-352000
2009/02/23,0,669000,-1041000,-372000
2009/02/24,0,3002000,-526000,2476000
2009/02/25,0,2413000,-617000,1796000
2009/02/26,0,1356000,-628000,728000
2009/02/27,0,701000,-325000,376000
2009/03/02,0,1632000,-793000,839000
2009/03/03,0,1171000,-1109000,62000
2009/03/04,0,1432000,-861000,571000
2009/03/05,0,2158000,-1666000,492000
2009/03/06,0,1866000,-716000,1150000
2009/03/09,0,843000,-1633000,-790000
2009/03/10,0,1855000,-130000,1725000
2009/03/11,0,2156000,-2617000,-461000
2009/03/12,0,547000,-1819000,-1272000
2009/03/13,0,6247000,-1262000,4985000
2009/03/16,0,2581000,-2225000,356000
2009/03/17,0,1013000,-573000,440000
2009/03/18,0,2563000,-1177000,1386000
2009/03/19,0,1694000,-2301000,-607000
2009/03/20,0,3149000,-1359000,1790000
2009/03/23,0,1677000,-463000,1214000
2009/03/24,0,1102000,-6211000,-5109000
2009/03/25,0,2503000,-1078911,1424089
2009/03/26,0,1611000,-2310000,-699000
2009/03/27,0,422000,-2609000,-2187000
2009/03/30,0,594000,-2702000,-2108000
2009/03/31,0,904000,-699000,205000
2009/04/01,0,1851000,-4831000,-2980000
2009/04/02,0,713000,-4235000,-3522000
2009/04/03,0,586000,-1470000,-884000
2009/04/06,0,2302000,-1537000,765000
2009/04/07,0,1662000,-761000,901000
2009/04/08,0,2454000,-3546000,-1092000
2009/04/09,0,1177000,-1075000,102000
2009/04/10,0,2507000,-4390000,-1883000
2009/04/13,0,1658000,-2240000,-582000
2009/04/14,0,615000,-1408204,-793204
2009/04/15,0,853000,-1636000,-783000
2009/04/16,0,1095000,-2031000,-936000
2009/04/17,0,1055000,-3299000,-2244000
2009/04/20,0,2035000,-1804000,231000
2009/04/21,0,3905000,-803000,3102000
2009/04/22,0,1004000,-2228000,-1224000
2009/04/23,0,866000,-2059000,-1193000
2009/04/24,0,502000,-2292000,-1790000
2009/04/27,0,1080000,-1650000,-570000
2009/04/28,0,2439000,-1119000,1320000
2009/04/29,0,1523000,-1043000,480000
2009/04/30,0,32000,-28000,4000
2009/05/01,0,0,0,0
2009/05/04,0,265000,-391000,-126000
2009/05/05,0,3617000,-1470000,2147000
2009/05/06,0,3408000,-949329,2458671
2009/05/07,0,1401000,-1641000,-240000
2009/05/08,0,3306000,-405026,2900974
2009/05/11,0,963000,-1497000,-534000
2009/05/12,0,1095000,-883000,212000
2009/05/13,0,2150000,-1293000,857000
2009/05/14,0,1566000,-2381000,-815000
2009/05/15,0,2797000,-1840000,957000
2009/05/18,0,428000,-2147000,-1719000
2009/05/19,0,2305000,-1642000,663000
2009/05/20,0,3681000,-1704393,1976607
2009/05/21,0,323000,-3277000,-2954000
2009/05/22,0,222000,-850696,-628696
2009/05/25,0,1230000,-1203000,27000
2009/05/26,0,1125000,-1866000,-741000
2009/05/27,0,2888000,-828000,2060000
2009/05/28,0,0,0,0
2009/05/29,0,0,0,0
2009/06/01,0,1580000,-1389711,190289
2009/06/02,0,2315000,-2643000,-328000
2009/06/03,0,2557000,-2019000,538000
2009/06/04,0,1630000,-2282202,-652202
2009/06/05,0,1670000,-561000,1109000
2009/06/08,0,1783000,-1100000,683000
2009/06/09,0,3337000,-1796000,1541000
2009/06/10,0,2378000,-2735601,-357601
2009/06/11,0,1556000,-1171000,385000
2009/06/12,0,1639000,-3085000,-1446000
2009/06/15,0,923000,-3002000,-2079000
2009/06/16,0,1161000,-3736504,-2575504
2009/06/17,0,855000,-1010000,-155000
2009/06/18,0,724000,-2269000,-1545000
2009/06/19,0,1863000,-502000,1361000
2009/06/22,0,1523000,-585000,938000
2009/06/23,0,1168000,-326000,842000
2009/06/24,0,3258000,-662000,2596000
2009/06/25,0,267000,-867000,-600000
2009/06/26,0,2034000,-937000,1097000
2009/06/29,0,2129000,-1185000,944000
2009/06/30,0,762000,-837000,-75000
2009/07/01,0,1870000,-3410000,-1540000
2009/07/02,0,1275000,-1179340,95660
2009/07/03,0,989000,-533000,456000
2009/07/06,0,819000,-2485000,-1666000
2009/07/07,0,1699304,-854000,845304
2009/07/08,0,839000,-1284000,-445000
2009/07/09,0,2862000,-1470000,1392000
2009/07/10,0,289000,-859000,-570000
2009/07/13,0,633000,-1442000,-809000
2009/07/14,0,1872000,-1036000,836000
2009/07/15,0,2892000,-2252000,640000
2009/07/16,0,1950000,-998000,952000
2009/07/17,0,1560000,-543000,1017000
2009/07/20,0,2086000,-1162000,924000
2009/07/21,0,767000,-2380000,-1613000
2009/07/22,0,2994000,-2091000,903000
2009/07/23,0,2138000,-2514000,-376000
2009/07/24,0,1505000,-6521000,-5016000
2009/07/27,0,1913000,-1572000,341000
2009/07/28,0,421000,-1794000,-1373000
2009/07/29,0,872000,-475000,397000
2009/07/30,0,735000,-833000,-98000
2009/07/31,0,1429000,-3241000,-1812000
2009/08/03,0,410302,-1653000,-1242698
2009/08/04,0,1073000,-1959000,-886000
2009/08/05,0,1261000,-1349000,-88000
2009/08/06,0,1483000,-1060000,423000
2009/08/07,0,0,0,0
2009/08/10,0,2776000,-789000,1987000
2009/08/11,0,3643000,-1032000,2611000
2009/08/12,0,2196000,-4659000,-2463000
2009/08/13,0,542000,-2166000,-1624000
2009/08/14,0,298000,-1025000,-727000
2009/08/17,0,254000,-712000,-458000
2009/08/18,0,1114000,-842000,272000
2009/08/19,0,869000,-969000,-100000
2009/08/20,0,303000,-723000,-420000
2009/08/21,0,371000,-799000,-428000
2009/08/24,0,401950,-322193,79757
2009/08/25,0,259000,-313000,-54000
2009/08/26,0,637000,-424000,213000
2009/08/27,0,733000,-1500327,-767327
2009/08/28,0,552000,-932000,-380000
2009/08/31,0,368000,-633100,-265100
2009/09/01,0,860000,-335000,525000
2009/09/02,0,741050,-567000,174050
2009/09/03,0,3690000,-1006000,2684000
2009/09/04,0,1115000,-1653000,-538000
2009/09/07,0,911000,-1267000,-356000
2009/09/08,0,2862000,-1724000,1138000
2009/09/09,0,502000,-1271980,-769980
2009/09/10,0,1816000,-1670200,145800
2009/09/11,0,439000,-1643250,-1204250
2009/09/14,0,537000,-2197005,-1660005
2009/09/15,0,916000,-642890,273110
2009/09/16,0,543000,-1395540,-852540
2009/09/17,0,640000,-969000,-329000
2009/09/18,0,1262000,-1162950,99050
2009/09/21,0,627000,-1713000,-1086000
2009/09/22,0,212000,-843320,-631320
2009/09/23,0,780000,-1838770,-1058770
2009/09/24,0,652000,-734000,-82000
2009/09/25,0,409000,-635000,-226000
2009/09/28,0,503000,-1041018,-538018
2009/09/29,0,1151000,-388000,763000
2009/09/30,0,735000,-437000,298000
2009/10/01,0,402000,-703000,-301000
2009/10/02,0,1467000,-813000,654000
2009/10/05,0,340000,-736000,-396000
2009/10/06,0,715000,-1209000,-494000
2009/10/07,0,1898000,-686000,1212000
2009/10/08,0,1833000,-2857000,-1024000
2009/10/09,0,517000,-918000,-401000
2009/10/12,0,492000,-497000,-5000
2009/10/13,0,3815000,-1355270,2459730
2009/10/14,0,2296000,-1144000,1152000
2009/10/15,0,2884000,-1986000,898000
2009/10/16,0,1977200,-964000,1013200
2009/10/19,0,1850000,-476000,1374000
2009/10/20,0,690000,-2797810,-2107810
2009/10/21,0,662000,-1537493,-875493
2009/10/22,0,793000,-939000,-146000
2009/10/23,0,666000,-1130800,-464800
2009/10/26,0,366000,-1018000,-652000
2009/10/27,0,765000,-562000,203000
2009/10/28,0,673000,-1582580,-909580
2009/10/29,0,2057000,-768000,1289000
2009/10/30,0,344000,-905000,-561000
2009/11/02,0,963000,-735473,227527
2009/11/03,0,543000,-584000,-41000
2009/11/04,0,2836000,-935000,1901000
2009/11/05,0,467000,-827000,-360000
2009/11/06,0,1020000,-1501000,-481000
2009/11/09,0,461000,-491000,-30000
2009/11/10,0,2012000,-1649000,363000
2009/11/11,0,1467000,-1481000,-14000
2009/11/12,0,1327000,-1442000,-115000
2009/11/13,0,1292000,-1321000,-29000
2009/11/16,0,1767000,-1456000,311000
2009/11/17,0,557000,-1068000,-511000
2009/11/18,0,810000,-1484000,-674000
2009/11/19,0,585000,-934000,-349000
2009/11/20,0,880000,-825000,55000
2009/11/23,0,1457000,-407000,1050000
2009/11/24,0,305000,-634000,-329000
2009/11/25,0,3660000,-1316000,2344000
2009/11/26,0,8166000,-3020000,5146000
2009/11/27,0,2477000,-2727000,-250000
2009/11/30,0,2626000,-2259815,366185
2009/12/01,0,5273000,-1278000,3995000
2009/12/02,0,3039000,-4609000,-1570000
2009/12/03,0,331000,-1513000,-1182000
2009/12/04,0,787000,-3250000,-2463000
2009/12/07,0,4876000,-2735000,2141000
2009/12/08,0,1191000,-1569000,-378000
2009/12/09,0,386000,-676000,-290000
2009/12/10,0,1019000,-4936000,-3917000
2009/12/11,0,1145000,-1048000,97000
2009/12/14,0,2845000,-1229000,1616000
2009/12/15,0,1557000,-515000,1042000
2009/12/16,0,1478000,-1000000,478000
2009/12/17,0,1588000,-502000,1086000
2009/12/18,0,933000,-291000,642000
2009/12/21,0,4267000,-3005000,1262000
2009/12/22,0,1058000,-1035807,22193
2009/12/23,0,2202000,-1044000,1158000
2009/12/24,0,1710000,-827340,882660
2009/12/25,0,1666000,-988000,678000
2009/12/28,0,1065000,-1378000,-313000
2009/12/29,0,1378000,-345000,1033000
2009/12/30,0,2882000,-719000,2163000
2009/12/31,0,1659000,-1676900,-17900
2010/01/01,0,0,0,0
2010/01/04,0,3503000,-3600000,-97000
2010/01/05,0,1273000,-2598900,-1325900
2010/01/06,0,2529000,-4825000,-2296000
2010/01/07,0,2227000,-2611419,-384419
2010/01/08,0,3061000,-2161000,900000
2010/01/11,0,1862000,-3289000,-1427000
2010/01/12,0,1477370,-1861000,-383630
2010/01/13,0,3868000,-4433000,-565000
2010/01/14,0,2247000,-1939856,307144
2010/01/15,0,2402000,-1757000,645000
2010/01/18,0,2463000,-2113000,350000
2010/01/19,0,1818000,-3606000,-1788000
2010/01/20,0,1437210,-1911000,-473790
2010/01/21,0,867000,-1623000,-756000
2010/01/22,0,2160000,-1778000,382000
2010/01/25,0,1171000,-1261000,-90000
2010/01/26,0,3850000,-3768000,82000
2010/01/27,0,1377000,-5250000,-3873000
2010/01/28,0,3469000,-3596000,-127000
2010/01/29,0,3719000,-5022000,-1303000
2010/02/01,0,3097000,-3593000,-496000
2010/02/02,0,1456000,-2608000,-1152000
2010/02/03,0,2680000,-862000,1818000
2010/02/04,0,859000,-917000,-58000
2010/02/05,0,2406000,-2660000,-254000
2010/02/08,0,2612000,-1209915,1402085
2010/02/09,0,4779000,-1680000,3099000
2010/02/10,0,2334000,-2005373,328627
2010/02/11,0,0,0,0
2010/02/12,0,0,0,0
2010/02/15,0,0,0,0
2010/02/16,0,0,0,0
2010/02/17,0,0,0,0
2010/02/18,0,0,0,0
2010/02/19,0,0,0,0
2010/02/22,0,3081000,-1510000,1571000
2010/02/23,0,1652000,-3781000,-2129000
2010/02/24,0,2010000,-1090000,920000
2010/02/25,0,1840000,-2927000,-1087000
2010/02/26,0,1012000,-796000,216000
2010/03/01,0,2157000,-1156000,1001000
2010/03/02,0,1233000,-1882000,-649000
2010/03/03,0,711000,-2274000,-1563000
2010/03/04,0,1355000,-1612000,-257000
2010/03/05,0,2437000,-1693000,744000
2010/03/08,0,5308000,-2178000,3130000
2010/03/09,0,768000,-1644000,-876000
2010/03/10,0,914000,-3795000,-2881000
2010/03/11,0,2615000,-474000,2141000
2010/03/12,0,1673000,-721000,952000
2010/03/15,0,1730000,-1172000,558000
2010/03/16,0,2289000,-2006000,283000
2010/03/17,0,4757000,-5150000,-393000
2010/03/18,0,3346000,-1652000,1694000
2010/03/19,0,1387000,-1077000,310000
2010/03/22,0,1468000,-1390000,78000
2010/03/23,0,1762000,-2724000,-962000
2010/03/24,0,1478000,-1613410,-135410
2010/03/25,0,2835000,-1404000,1431000
2010/03/26,0,2537000,-1705000,832000
2010/03/29,0,2581000,-1131000,1450000
2010/03/30,0,719000,-3799000,-3080000
2010/03/31,0,1484000,-2283000,-799000
2010/04/01,0,1938000,-1729000,209000
2010/04/02,0,1380000,-990000,390000
2010/04/05,0,0,0,0
2010/04/06,0,1554000,-1594613,-40613
2010/04/07,0,420075,-1089475,-669400
2010/04/08,0,1252000,-2182000,-930000
2010/04/09,0,772000,-549000,223000
2010/04/12,0,5548000,-1058000,4490000
2010/04/13,0,620000,-2923000,-2303000
2010/04/14,0,1289000,-606000,683000
2010/04/15,0,941000,-3052000,-2111000
2010/04/16,0,1083000,-818000,265000
2010/04/19,0,760000,-1978000,-1218000
2010/04/20,0,813000,-2177000,-1364000
2010/04/21,0,1570000,-1108000,462000
2010/04/22,0,1196000,-1101000,95000
2010/04/23,0,4211000,-3633000,578000
2010/04/26,0,882000,-3111000,-2229000
2010/04/27,0,610000,-1134000,-524000
2010/04/28,0,907000,-1912000,-1005000
2010/04/29,0,1491000,-1720000,-229000
2010/04/30,0,602000,-2658000,-2056000
2010/05/03,0,1527000,-1507000,20000
2010/05/04,0,1333000,-1928000,-595000
2010/05/05,0,1339000,-3406000,-2067000
2010/05/06,0,1947000,-2499000,-552000
2010/05/07,0,1204000,-2302000,-1098000
2010/05/10,0,1312000,-1036000,276000
2010/05/11,0,1722000,-1837000,-115000
2010/05/12,0,1011000,-1941000,-930000
2010/05/13,0,1544000,-326000,1218000
2010/05/14,0,1340000,-1107000,233000
2010/05/17,0,930000,-3059000,-2129000
2010/05/18,0,1814000,-1745000,69000
2010/05/19,0,2401000,-2744000,-343000
2010/05/20,0,1409151,-1520000,-110849
2010/05/21,0,1498000,-1208060,289940
2010/05/24,0,790000,-702000,88000
2010/05/25,0,2175000,-1615070,559930
2010/05/26,0,897000,-464000,433000
2010/05/27,0,888000,-245000,643000
2010/05/28,0,1392000,-1092000,300000
2010/05/31,0,322000,-356000,-34000
2010/06/01,0,346000,-624000,-278000
2010/06/02,0,1042000,-1057000,-15000
2010/06/03,0,686000,-666000,20000
2010/06/04,0,267000,-186000,81000
2010/06/07,0,761000,-1290000,-529000
2010/06/08,0,994000,-546000,448000
2010/06/09,0,654000,-1471000,-817000
2010/06/10,0,732000,-462000,270000
2010/06/11,0,1058000,-723000,335000
2010/06/14,0,1323000,-693000,630000
2010/06/15,0,2063000,-1210000,853000
2010/06/16,0,0,0,0
2010/06/17,0,2255000,-532000,1723000
2010/06/18,0,357000,-498000,-141000
2010/06/21,0,1277000,-252021,1024979
2010/06/22,0,648000,-25000,623000
2010/06/23,0,1078000,-545000,533000
2010/06/24,0,410000,-190000,220000
2010/06/25,0,483000,-771000,-288000
2010/06/28,0,1160000,-238000,922000
2010/06/29,0,1677000,-646000,1031000
2010/06/30,0,606000,-795000,-189000
2010/07/01,0,930000,-1118000,-188000
2010/07/02,0,624000,-615000,9000
2010/07/05,0,1680000,-633000,1047000
2010/07/06,0,1872000,-565000,1307000
2010/07/07,0,454000,-713000,-259000
2010/07/08,0,2859000,-2216792,642208
2010/07/09,0,780000,-1665000,-885000
2010/07/12,0,3668000,-1090000,2578000
2010/07/13,0,752000,-771000,-19000
2010/07/14,0,1242000,-1019000,223000
2010/07/15,0,1072000,-1463000,-391000
2010/07/16,0,939000,-920000,19000
2010/07/19,0,225000,-1048000,-823000
2010/07/20,0,1493000,-994000,499000
2010/07/21,0,834000,-2658000,-1824000
2010/07/22,0,1281000,-661000,620000
2010/07/23,0,755000,-1917000,-1162000
2010/07/26,0,2086000,-211000,1875000
2010/07/27,0,850000,-1553000,-703000
2010/07/28,0,578000,-953000,-375000
2010/07/29,0,1022000,-778000,244000
2010/07/30,0,384000,-804000,-420000
2010/08/02,0,684000,-1096000,-412000
2010/08/03,0,1554000,-1301000,253000
2010/08/04,0,1356000,-1022000,334000
2010/08/05,0,705000,-767000,-62000
2010/08/06,0,2361000,-550000,1811000
2010/08/09,0,2624000,-1307000,1317000
2010/08/10,0,586000,-1508000,-922000
2010/08/11,0,659000,-757000,-98000
2010/08/12,0,234000,-1058000,-824000
2010/08/13,0,695000,-209000,486000
2010/08/16,0,423000,-226000,197000
2010/08/17,0,895000,-411000,484000
2010/08/18,0,1329000,-1389000,-60000
2010/08/19,0,964000,-358000,606000
2010/08/20,0,358000,-1107000,-749000
2010/08/23,0,1006000,-2232000,-1226000
2010/08/24,0,674000,-1073000,-399000
2010/08/25,0,292000,-2556000,-2264000
2010/08/26,0,1475000,-1779000,-304000
2010/08/27,0,441000,-690000,-249000
2010/08/30,0,652558,-452000,200558
2010/08/31,0,253000,-845000,-592000
2010/09/01,0,369000,-596000,-227000
2010/09/02,0,597000,-963000,-366000
2010/09/03,0,4474000,-2534000,1940000
2010/09/06,0,1221000,-1203000,18000
2010/09/07,0,1032000,-1178590,-146590
2010/09/08,0,1141000,-605256,535744
2010/09/09,0,4594000,-1179000,3415000
2010/09/10,0,2022000,-2603000,-581000
2010/09/13,0,3390000,-2558000,832000
2010/09/14,0,308000,-543000,-235000
2010/09/15,0,2590000,-1645000,945000
2010/09/16,0,958000,-1858000,-900000
2010/09/17,0,3172000,-605000,2567000
2010/09/20,0,1751000,-442000,1309000
2010/09/21,0,1722000,-457000,1265000
2010/09/22,0,0,0,0
2010/09/23,0,3331000,-613000,2718000
2010/09/24,0,2121000,-1116000,1005000
2010/09/27,0,4280000,-1323000,2957000
2010/09/28,0,2694000,-2795000,-101000
2010/09/29,0,9568000,-3531000,6037000
2010/09/30,0,2771000,-5993000,-3222000
2010/10/01,0,1058000,-952000,106000
2010/10/04,0,1701000,-3362000,-1661000
2010/10/05,0,1451000,-2783000,-1332000
2010/10/06,0,6616000,-1681000,4935000
2010/10/07,0,1496000,-1365417,130583
2010/10/08,0,1905000,-8068000,-6163000
2010/10/11,0,460000,-2793000,-2333000
2010/10/12,0,3526000,-1674000,1852000
2010/10/13,0,1334000,-1760000,-426000
2010/10/14,0,1703000,-761000,942000
2010/10/15,0,864000,-1040000,-176000
2010/10/18,0,489000,-3046000,-2557000
2010/10/19,0,1830000,-2492000,-662000
2010/10/20,0,1389000,-1246000,143000
2010/10/21,0,1138000,-4224000,-3086000
2010/10/22,0,1981000,-508000,1473000
2010/10/25,0,5175000,-2031000,3144000
2010/10/26,0,5330000,-920000,4410000
2010/10/27,0,3650000,-3404000,246000
2010/10/28,0,2807000,-2370000,437000
2010/10/29,0,585000,-3003000,-2418000
2010/11/01,0,3105000,-3574000,-469000
2010/11/02,0,607000,-483000,124000
2010/11/03,0,2442000,-2318000,124000
2010/11/04,0,2719000,-475000,2244000
2010/11/05,0,556000,-284000,272000
2010/11/08,0,785000,-2320000,-1535000
2010/11/09,0,302888,-475000,-172112
2010/11/10,0,762000,-459000,303000
2010/11/11,0,1118000,-329000,789000
2010/11/12,0,484000,-1717000,-1233000
2010/11/15,0,812000,-2397000,-1585000
2010/11/16,0,1263000,-665000,598000
2010/11/17,0,293000,-936000,-643000
2010/11/18,0,597000,-61000,536000
2010/11/19,0,1364000,-2321000,-957000
2010/11/22,0,271000,-1619000,-1348000
2010/11/23,0,2883000,-1698000,1185000
2010/11/24,0,1127000,-1299000,-172000
2010/11/25,0,2601000,-2002000,599000
2010/11/26,0,704000,-1078000,-374000
2010/11/29,0,2099000,-1342000,757000
2010/11/30,0,1585000,-2128000,-543000
2010/12/01,0,1102000,-1739000,-637000
2010/12/02,0,1133000,-459000,674000
2010/12/03,0,373000,-2231000,-1858000
2010/12/06,0,981000,-720000,261000
2010/12/07,0,3202000,-2833000,369000
2010/12/08,0,609000,-1765000,-1156000
2010/12/09,0,1918000,-2843000,-925000
2010/12/10,0,2262000,-1482000,780000
2010/12/13,0,4272000,-1312000,2960000
2010/12/14,0,1249000,-2405725,-1156725
2010/12/15,0,1063000,-2427000,-1364000
2010/12/16,0,1669000,-1453000,216000
2010/12/17,0,1442000,-1609000,-167000
2010/12/20,0,1140000,-2274000,-1134000
2010/12/21,0,691000,-296000,395000
2010/12/22,0,426000,-777000,-351000
2010/12/23,0,766000,-489000,277000
2010/12/24,0,750000,-353000,397000
2010/12/27,0,761000,-289000,472000
2010/12/28,0,359000,-418000,-59000
2010/12/29,0,102000,-1725340,-1623340
2010/12/30,0,715000,-665000,50000
2010/12/31,0,1324000,-2397000,-1073000
2011/01/03,0,1018000,-165000,853000
2011/01/04,0,1428000,-2152000,-724000
2011/01/05,0,1602000,-1939000,-337000
2011/01/06,0,1048000,-1899380,-851380
2011/01/07,0,460000,-3396000,-2936000
2011/01/10,0,105000,-2903000,-2798000
2011/01/11,0,2008000,-1134000,874000
2011/01/12,0,1775000,-488000,1287000
2011/01/13,0,307000,-1026000,-719000
2011/01/14,0,5000,-1083000,-1078000
2011/01/17,0,32000,-1039334,-1007334
2011/01/18,0,455000,-205480,249520
2011/01/19,0,2923000,-1584000,1339000
2011/01/20,0,250000,-861000,-611000
2011/01/21,0,302000,-2467000,-2165000
2011/01/24,0,457000,-707000,-250000
2011/01/25,0,252000,-901000,-649000
2011/01/26,0,2446000,-249000,2197000
2011/01/27,0,471000,-725000,-254000
2011/01/28,0,1472000,-1305000,167000
2011/01/31,0,0,0,0
2011/02/01,0,0,0,0
2011/02/02,0,0,0,0
2011/02/03,0,0,0,0
2011/02/04,0,0,0,0
2011/02/07,0,0,0,0
2011/02/08,0,875000,-4582000,-3707000
2011/02/09,0,729000,-2648000,-1919000
2011/02/10,0,1476000,-1295000,181000
2011/02/11,0,739000,-4141000,-3402000
2011/02/14,0,558000,-2208000,-1650000
2011/02/15,0,104000,-652000,-548000
2011/02/16,0,1045000,-967000,78000
2011/02/17,0,1386000,-700000,686000
2011/02/18,0,1056000,-141000,915000
2011/02/21,0,237000,-1736000,-1499000
2011/02/22,0,741000,-1998000,-1257000
2011/02/23,0,1477000,-1156000,321000
2011/02/24,0,2328000,-502000,1826000
2011/02/25,0,3272000,-428000,2844000
2011/02/28,0,0,0,0
2011/03/01,0,3010000,-568000,2442000
2011/03/02,0,460000,-514252,-54252
2011/03/03,0,2020000,-467000,1553000
2011/03/04,0,522000,-586000,-64000
2011/03/07,0,542000,-472927,69073
2011/03/08,0,272000,-816000,-544000
2011/03/09,0,1139000,-264010,874990
2011/03/10,0,143000,-1612000,-1469000
2011/03/11,0,515000,-5729000,-5214000
2011/03/14,0,1158000,-2367000,-1209000
2011/03/15,0,2568000,-3290000,-722000
2011/03/16,0,1664000,-701000,963000
2011/03/17,0,990000,-473000,517000
2011/03/18,0,198000,-954000,-756000
2011/03/21,0,283000,-439000,-156000
2011/03/22,0,271000,-798000,-527000
2011/03/23,0,1171000,-961000,210000
2011/03/24,0,452000,-482000,-30000
2011/03/25,0,1102000,-327000,775000
2011/03/28,0,518000,-363000,155000
2011/03/29,0,343000,-340000,3000
2011/03/30,0,563000,-213000,350000
2011/03/31,0,5223000,-491000,4732000
2011/04/01,0,514000,-2887000,-2373000
2011/04/04,0,0,0,0
2011/04/05,0,0,0,0
2011/04/06,0,1041000,-2170000,-1129000
2011/04/07,0,1219000,-1981000,-762000
2011/04/08,0,767000,-1644000,-877000
2011/04/11,0,236000,-471000,-235000
2011/04/12,0,1379000,-1133198,245802
2011/04/13,0,3134000,-252000,2882000
2011/04/14,0,642000,-638792,3208
2011/04/15,0,270000,-1255000,-985000
2011/04/18,0,382000,-900396,-518396
2011/04/19,0,740000,-239000,501000
2011/04/20,0,485000,-343000,142000
2011/04/21,0,737000,-85000,652000
2011/04/22,0,243000,-427000,-184000
2011/04/25,0,401000,-209000,192000
2011/04/26,0,658000,-319000,339000
2011/04/27,0,1301000,-678000,623000
2011/04/28,0,837000,-1622000,-785000
2011/04/29,0,700000,-3747000,-3047000
2011/05/02,0,0,0,0
2011/05/03,0,804000,-450480,353520
2011/05/04,0,1190000,-36000,1154000
2011/05/05,0,1117000,-405000,712000
2011/05/06,0,1309000,-828000,481000
2011/05/09,0,920000,-1030000,-110000
2011/05/10,0,283000,-860000,-577000
2011/05/11,0,240000,-136270,103730
2011/05/12,0,950000,-850000,100000
2011/05/13,0,1174000,-333000,841000
2011/05/16,0,816000,-1164000,-348000
2011/05/17,0,245000,-2210000,-1965000
2011/05/18,0,880000,-466000,414000
2011/05/19,0,1022000,-448812,573188
2011/05/20,0,3925000,-239000,3686000
2011/05/23,0,1560000,-1170000,390000
2011/05/24,0,1810000,-994000,816000
2011/05/25,0,5299000,-524000,4775000
2011/05/26,0,2009000,-1816000,193000
2011/05/27,0,2192000,-1979000,213000
2011/05/30,0,2195000,-1170000,1025000
2011/05/31,0,2904000,-750000,2154000
2011/06/01,0,3198000,-1463000,1735000
2011/06/02,0,979000,-1629000,-650000
2011/06/03,0,2697000,-1662000,1035000
2011/06/06,0,0,0,0
2011/06/07,0,1341000,-1109000,232000
2011/06/08,0,752000,-628000,124000
2011/06/09,0,877000,-605000,272000
2011/06/10,0,466000,-1590000,-1124000
2011/06/13,0,2146000,-728000,1418000
2011/06/14,0,1614000,-900000,714000
2011/06/15,0,1244000,-2897000,-1653000
2011/06/16,0,627000,-3150000,-2523000
2011/06/17,0,1492000,-5457000,-3965000
2011/06/20,0,3116000,-6091000,-2975000
2011/06/21,0,5500000,-658000,4842000
2011/06/22,0,679000,-1197000,-518000
2011/06/23,0,1724000,-534000,1190000
2011/06/24,0,626000,-619000,7000
2011/06/27,0,465000,-375000,90000
2011/06/28,0,998000,-240000,758000
2011/06/29,0,1505000,-57000,1448000
2011/06/30,0,998000,-466000,532000
2011/07/01,0,247000,-100000,147000
2011/07/04,0,709000,-748000,-39000
2011/07/05,0,939014,-2824000,-1884986
2011/07/06,0,2644000,-86000,2558000
2011/07/07,0,1279000,-1466000,-187000
2011/07/08,0,433000,-780000,-347000
2011/07/11,0,675000,-602000,73000
2011/07/12,0,1091000,-2374000,-1283000
2011/07/13,0,1967000,-344000,1623000
2011/07/14,0,1496000,-583000,913000
2011/07/15,0,1537000,-26000,1511000
2011/07/18,0,780000,-974965,-194965
2011/07/19,0,73000,-410000,-337000
2011/07/20,0,1175000,-341000,834000
2011/07/21,0,215000,-128000,87000
2011/07/22,0,398000,-235000,163000
2011/07/25,0,236000,-1292000,-1056000
2011/07/26,0,421000,-392877,28123
2011/07/27,0,191000,-479000,-288000
2011/07/28,0,1317000,-1081000,236000
2011/07/29,0,1704000,-3074000,-1370000
2011/08/01,0,681000,-1519000,-838000
2011/08/02,0,579300,-1717000,-1137700
2011/08/03,0,7773000,-1553000,6220000
2011/08/04,0,1705000,-3221000,-1516000
2011/08/05,0,2196000,-3424000,-1228000
2011/08/08,0,2473000,-1437000,1036000
2011/08/09,0,3717000,-1341000,2376000
2011/08/10,0,690000,-703161,-13161
2011/08/11,0,2158000,-556000,1602000
2011/08/12,0,905000,-1814000,-909000
2011/08/15,0,1070000,-78000,992000
2011/08/16,0,117000,-1326000,-1209000
2011/08/17,0,436000,-1211000,-775000
2011/08/18,0,664000,-972000,-308000
2011/08/19,0,1163000,-1465000,-302000
2011/08/22,0,1877000,-1006000,871000
2011/08/23,0,1855000,-166000,1689000
2011/08/24,0,708000,-610000,98000
2011/08/25,0,842000,-754000,88000
2011/08/26,0,3335000,-790000,2545000
2011/08/29,0,2704000,-307000,2397000
2011/08/30,0,1976000,-1516000,460000
2011/08/31,0,3371000,-2579000,792000
2011/09/01,0,4951000,-4774000,177000
2011/09/02,0,757000,-970000,-213000
2011/09/05,0,26000,-1089600,-1063600
2011/09/06,0,555000,-2064000,-1509000
2011/09/07,0,578000,-270000,308000
2011/09/08,0,1141000,-492000,649000
2011/09/09,0,400000,-820000,-420000
2011/09/12,0,0,0,0
2011/09/13,0,384000,-1081000,-697000
2011/09/14,0,1614000,-1346000,268000
2011/09/15,0,2712000,-256000,2456000
2011/09/16,0,969000,-125000,844000
2011/09/19,0,152000,-394000,-242000
2011/09/20,0,1049000,-348000,701000
2011/09/21,0,4648000,-506000,4142000
2011/09/22,0,1115000,-2457000,-1342000
2011/09/23,0,2879000,-2694000,185000
2011/09/26,0,2254000,-1993000,261000
2011/09/27,0,976000,-765000,211000
2011/09/28,0,302000,-364000,-62000
2011/09/29,0,413000,-1038000,-625000
2011/09/30,0,147000,-254000,-107000
2011/10/03,0,453000,-145000,308000
2011/10/04,0,945000,-370000,575000
2011/10/05,0,1021000,-65000,956000
2011/10/06,0,958000,-501000,457000
2011/10/07,0,279000,-133000,146000
2011/10/10,0,0,0,0
2011/10/11,0,2340000,-395000,1945000
2011/10/12,0,273000,-373000,-100000
2011/10/13,0,892000,-188046,703954
2011/10/14,0,33000,-769000,-736000
2011/10/17,0,440000,-659000,-219000
2011/10/18,0,590000,-1779208,-1189208
2011/10/19,0,378000,-453000,-75000
2011/10/20,0,232000,-2710944,-2478944
2011/10/21,0,909000,-560000,349000
2011/10/24,0,1234000,-361000,873000
2011/10/25,0,1236000,-391000,845000
2011/10/26,0,1038000,-160000,878000
2011/10/27,0,947000,-363000,584000
2011/10/28,0,2003000,-580000,1423000
2011/10/31,0,1872000,-768096,1103904
2011/11/01,0,5413000,-97000,5316000
2011/11/02,0,6125000,-2625000,3500000
2011/11/03,0,1322000,-3609000,-2287000
2011/11/04,0,4831000,-96000,4735000
2011/11/07,0,1105000,-2656000,-1551000
2011/11/08,0,598000,-1566000,-968000
2011/11/09,0,1751000,-1632000,119000
2011/11/10,0,2507000,-6047000,-3540000
2011/11/11,0,5965000,-882000,5083000
2011/11/14,0,4015000,-1969000,2046000
2011/11/15,0,1086000,-2889000,-1803000
2011/11/16,0,3271000,-2879000,392000
2011/11/17,0,1530000,-115000,1415000
2011/11/18,0,2008000,-2583000,-575000
2011/11/21,0,3417000,-1581000,1836000
2011/11/22,0,3562330,-3018000,544330
2011/11/23,0,1894000,-5307000,-3413000
2011/11/24,0,4471000,-2526000,1945000
2011/11/25,0,976000,-2368000,-1392000
2011/11/28,0,1213100,-96000,1117100
2011/11/29,0,5916000,-2312000,3604000
2011/11/30,0,1712000,-898000,814000
2011/12/01,0,2933400,-549000,2384400
2011/12/02,0,7100000,-1300000,5800000
2011/12/05,0,2675000,-2122000,553000
2011/12/06,0,365000,-5804000,-5439000
2011/12/07,0,1704000,-1198000,506000
2011/12/08,0,1738000,-3019000,-1281000
2011/12/09,0,1202000,-2522000,-1320000
2011/12/12,0,252000,-1400000,-1148000
2011/12/13,0,887000,-844000,43000
2011/12/14,0,738000,-2370000,-1632000
2011/12/15,0,473000,-2111000,-1638000
2011/12/16,0,580000,-892000,-312000
2011/12/19,0,1012000,-1655000,-643000
2011/12/20,0,1221000,-398000,823000
2011/12/21,0,2648800,-783000,1865800
2011/12/22,0,1116000,-420000,696000
2011/12/23,0,2932000,-301000,2631000
2011/12/26,0,1308000,-743000,565000
2011/12/27,0,657000,-302000,355000
2011/12/28,0,535000,-1971000,-1436000
2011/12/29,0,1135000,-413000,722000
2011/12/30,0,382000,-2518000,-2136000
2012/01/02,0,220000,-1675000,-1455000
2012/01/03,0,1969000,-48000,1921000
2012/01/04,0,379000,-321000,58000
2012/01/05,0,503000,-203895,299105
2012/01/06,0,214000,-877000,-663000
2012/01/09,0,301000,-592000,-291000
2012/01/10,0,2719000,-161000,2558000
2012/01/11,0,7958000,-3020000,4938000
2012/01/12,0,1437000,-1541000,-104000
2012/01/13,0,1002000,-3787000,-2785000
2012/01/16,0,628000,-3271000,-2643000
2012/01/17,0,7453000,-2237000,5216000
2012/01/18,0,2797000,-5012000,-2215000
2012/01/19,0,0,0,0
2012/01/20,0,0,0,0
2012/01/23,0,0,0,0
2012/01/24,0,0,0,0
2012/01/25,0,0,0,0
2012/01/26,0,0,0,0
2012/01/27,0,0,0,0
2012/01/30,0,5672000,-497000,5175000
2012/01/31,0,3348000,-5480000,-2132000
2012/02/01,0,1902000,-1449000,453000
2012/02/02,0,5353000,-2948000,2405000
2012/02/03,0,6863000,-4643000,2220000
2012/02/06,0,1632000,-2536000,-904000
2012/02/07,0,3080000,-984000,2096000
2012/02/08,0,3661000,-4231000,-570000
2012/02/09,0,6811000,-5716000,1095000
2012/02/10,0,2351000,-3146000,-795000
2012/02/13,0,702000,-407000,295000
2012/02/14,0,582000,-4969000,-4387000
2012/02/15,0,8294000,-3678000,4616000
2012/02/16,0,889000,-9247000,-8358000
2012/02/17,0,2220000,-3781000,-1561000
2012/02/20,0,2441000,-1580000,861000
2012/02/21,0,2508000,-8482000,-5974000
2012/02/22,0,3286000,-337000,2949000
2012/02/23,0,2590000,-1571000,1019000
2012/02/24,0,6604000,-3580000,3024000
2012/02/27,0,0,0,0
2012/02/28,0,0,0,0
2012/02/29,0,1624070,-1673000,-48930
2012/03/01,0,916000,-389000,527000
2012/03/02,0,511000,-1594000,-1083000
2012/03/05,0,2057000,-1479000,578000
2012/03/06,0,6219000,-1634000,4585000
2012/03/07,0,1691000,-3026000,-1335000
2012/03/08,0,1276000,-1042000,234000
2012/03/09,0,4123000,-1359000,2764000
2012/03/12,0,248000,-3610236,-3362236
2012/03/13,0,1525000,-605000,920000
2012/03/14,0,1971000,-9624000,-7653000
2012/03/15,0,1814000,-1096000,718000
2012/03/16,0,483000,-1055000,-572000
2012/03/19,0,1305000,-2892000,-1587000
2012/03/20,0,214000,-1081000,-867000
2012/03/21,0,524000,-758000,-234000
2012/03/22,0,2115000,-434000,1681000
2012/03/23,0,1211000,-3611000,-2400000
2012/03/26,0,1020000,-4111000,-3091000
2012/03/27,0,532000,-1054000,-522000
2012/03/28,0,2857000,-1828000,1029000
2012/03/29,0,351000,-2893511,-2542511
2012/03/30,0,1652000,-2123000,-471000
2012/04/02,0,2809200,-722000,2087200
2012/04/03,0,1061000,-1318000,-257000
2012/04/04,0,0,0,0
2012/04/05,0,2838000,-546000,2292000
2012/04/06,0,265000,-1559000,-1294000
2012/04/09,0,717000,-2149000,-1432000
2012/04/10,0,3402000,-1201000,2201000
2012/04/11,0,395000,-822000,-427000
2012/04/12,0,837000,-830000,7000
2012/04/13,0,2122000,-582000,1540000
2012/04/16,0,417000,-1552000,-1135000
2012/04/17,0,968000,-3522000,-2554000
2012/04/18,0,1218000,-819000,399000
2012/04/19,0,2286000,-1168000,1118000
2012/04/20,0,1571000,-2263000,-692000
2012/04/23,0,844000,-2546000,-1702000
2012/04/24,0,420000,-2257000,-1837000
2012/04/25,0,1571000,-298000,1273000
2012/04/26,0,804024,-1241000,-436976
2012/04/27,0,1088000,-717000,371000
2012/04/30,0,662000,-1117000,-455000
2012/05/01,0,0,0,0
2012/05/02,0,3377000,-142000,3235000
2012/05/03,0,1281000,-796000,485000
2012/05/04,0,211000,-1491000,-1280000
2012/05/07,0,739000,-816200,-77200
2012/05/08,0,331000,-1885000,-1554000
2012/05/09,0,412000,-1192131,-780131
2012/05/10,0,1148000,-558000,590000
2012/05/11,0,422000,-624000,-202000
2012/05/14,0,341000,-458000,-117000
2012/05/15,0,1117000,-1911000,-794000
2012/05/16,0,1403000,-1405000,-2000
2012/05/17,0,554000,-442000,112000
2012/05/18,0,805000,-1843000,-1038000
2012/05/21,0,876000,-274000,602000
2012/05/22,0,1033000,-173000,860000
2012/05/23,0,595000,-1309000,-714000
2012/05/24,0,844000,-455000,389000
2012/05/25,0,196000,-303000,-107000
2012/05/28,0,156000,-65000,91000
2012/05/29,0,4137000,-284000,3853000
2012/05/30,0,389000,-454000,-65000
2012/05/31,0,41000,-2704000,-2663000
2012/06/01,0,408000,-1188000,-780000
2012/06/04,0,1342000,-2094000,-752000
2012/06/05,0,252000,-19000,233000
2012/06/06,0,1053000,-223000,830000
2012/06/07,0,152000,-1079000,-927000
2012/06/08,0,216000,-626000,-410000
2012/06/11,0,1834000,-426000,1408000
2012/06/12,0,461000,-989000,-528000
2012/06/13,0,72000,-86000,-14000
2012/06/14,0,257000,-131000,126000
2012/06/15,0,1710000,-84000,1626000
2012/06/18,0,576000,-197000,379000
2012/06/19,0,553000,-482000,71000
2012/06/20,0,516000,-148000,368000
2012/06/21,0,577000,-317000,260000
2012/06/22,0,189000,-542000,-353000
2012/06/25,0,156000,-612000,-456000
2012/06/26,0,250000,-417000,-167000
2012/06/27,0,184000,-238000,-54000
2012/06/28,0,424000,-166000,258000
2012/06/29,0,1780000,-204000,1576000
2012/07/02,0,1261000,-357000,904000
2012/07/03,0,692000,-51000,641000
2012/07/04,0,2080000,-38000,2042000
2012/07/05,0,71000,-123000,-52000
2012/07/06,0,298000,-287000,11000
2012/07/09,0,282000,-763000,-481000
2012/07/10,0,240000,-770000,-530000
2012/07/11,0,364000,-112000,252000
2012/07/12,0,30000,-701000,-671000
2012/07/13,0,508000,-195000,313000
2012/07/16,0,109000,-2382578,-2273578
2012/07/17,0,658000,-2109000,-1451000
2012/07/18,0,340000,-2982000,-2642000
2012/07/19,0,981000,-235000,746000
2012/07/20,0,630000,-107000,523000
2012/07/23,0,662000,-1538000,-876000
2012/07/24,0,1491000,-721000,770000
2012/07/25,0,668000,-210000,458000
2012/07/26,0,194000,-282000,-88000
2012/07/27,0,517000,-1000,516000
2012/07/30,0,13000,-94000,-81000
2012/07/31,0,362000,-68000,294000
2012/08/01,0,592000,-42000,550000
2012/08/02,0,0,0,0
2012/08/03,0,552000,-206000,346000
2012/08/06,0,206000,-571000,-365000
2012/08/07,0,0,-100000,-100000
2012/08/08,0,515000,-272301,242699
2012/08/09,0,259000,-1503000,-1244000
2012/08/10,0,816000,-173314,642686
2012/08/13,0,363000,-82000,281000
2012/08/14,0,332000,-100000,232000
2012/08/15,0,0,-96000,-96000
2012/08/16,0,154000,-297000,-143000
2012/08/17,0,298000,-63000,235000
2012/08/20,0,0,-457000,-457000
2012/08/21,0,1664000,0,1664000
2012/08/22,0,891000,-496000,395000
2012/08/23,0,429000,-603000,-174000
2012/08/24,0,55000,-322000,-267000
2012/08/27,0,35000,-1212000,-1177000
2012/08/28,0,0,-599000,-599000
2012/08/29,0,0,-130000,-130000
2012/08/30,0,1081000,-514000,567000
2012/08/31,0,0,-612000,-612000
2012/09/03,0,0,-262000,-262000
2012/09/04,0,10450000,-650000,9800000
2012/09/05,0,320000,-1196090,-876090
2012/09/06,0,7670000,-3056000,4614000
2012/09/07,0,10011000,-759000,9252000
2012/09/10,0,4420000,-224000,4196000
2012/09/11,0,2432000,-2291000,141000
2012/09/12,0,3076000,-246000,2830000
2012/09/13,0,3649000,-840000,2809000
2012/09/14,0,5681000,-1456000,4225000
2012/09/17,0,1173000,-3725000,-2552000
2012/09/18,0,2347000,-1476000,871000
2012/09/19,0,1038000,-14000,1024000
2012/09/20,0,196000,-3085124,-2889124
2012/09/21,0,402000,-2793000,-2391000
2012/09/24,0,1860000,-435000,1425000
2012/09/25,0,86000,-2206000,-2120000
2012/09/26,0,784000,-5824000,-5040000
2012/09/27,0,49000,-3700000,-3651000
2012/09/28,0,25000,-19337000,-19312000
2012/10/01,0,122000,-4138000,-4016000
2012/10/02,0,1413000,-118000,1295000
2012/10/03,0,200000,-403000,-203000
2012/10/04,0,490000,-1030621,-540621
2012/10/05,0,544000,-277000,267000
2012/10/08,0,1932000,-779000,1153000
2012/10/09,0,423000,-600000,-177000
2012/10/10,0,0,0,0
2012/10/11,0,7495000,-102000,7393000
2012/10/12,0,1053000,-192000,861000
2012/10/15,0,3671000,-190000,3481000
2012/10/16,0,1492000,-160000,1332000
2012/10/17,0,4030000,-10675000,-6645000
2012/10/18,0,1847000,-1752000,95000
2012/10/19,0,181000,-2057000,-1876000
2012/10/22,0,750000,-521000,229000
2012/10/23,0,3951000,-1023000,2928000
2012/10/24,0,1927000,-170000,1757000
2012/10/25,0,2373000,-1975000,398000
2012/10/26,0,1022000,-5855000,-4833000
2012/10/29,0,978000,-541000,437000
2012/10/30,0,1095000,-2527000,-1432000
2012/10/31,0,29000,-2349000,-2320000
2012/11/01,0,1844000,-935000,909000
2012/11/02,0,15496000,-1965000,13531000
2012/11/05,0,936000,-161000,775000
2012/11/06,0,4472000,-2640000,1832000
2012/11/07,0,314000,-198000,116000
2012/11/08,0,4180000,-9160000,-4980000
2012/11/09,0,2076000,-216550,1859450
2012/11/12,0,3622000,-130000,3492000
2012/11/13,0,2450000,-4179000,-1729000
2012/11/14,0,2956000,-1931000,1025000
2012/11/15,0,487000,-385000,102000
2012/11/16,0,1706000,-391000,1315000
2012/11/19,0,1944000,-790000,1154000
2012/11/20,0,302000,-15387000,-15085000
2012/11/21,0,700000,-6704000,-6004000
2012/11/22,0,2854000,-635000,2219000
2012/11/23,0,2955000,-3400000,-445000
2012/11/26,0,3491000,-7522000,-4031000
2012/11/27,0,4989000,-3011000,1978000
2012/11/28,0,6649000,-1604000,5045000
2012/11/29,0,3451000,-3019000,432000
2012/11/30,0,1072000,-3698000,-2626000
2012/12/03,0,2518000,-766000,1752000
2012/12/04,0,3561000,-2596000,965000
2012/12/05,0,2714000,-5083000,-2369000
2012/12/06,0,2700000,-2983000,-283000
2012/12/07,0,6970000,-2237000,4733000
2012/12/10,0,1676000,-5435000,-3759000
2012/12/11,0,1420000,-4092000,-2672000
2012/12/12,0,1169000,-2406000,-1237000
2012/12/13,0,4484000,-3504000,980000
2012/12/14,0,4659000,-1938000,2721000
2012/12/17,0,945000,-1648000,-703000
2012/12/18,0,1967000,-2351000,-384000
2012/12/19,0,2837000,-2162000,675000
2012/12/20,0,1324000,-1429102,-105102
2012/12/21,0,1453000,-4253000,-2800000
2012/12/24,0,441000,-5218000,-4777000
2012/12/25,0,880000,-800000,80000
2012/12/26,0,350000,-3996000,-3646000
2012/12/27,0,388004,-285000,103004
2012/12/28,0,0,-715000,-715000
2012/12/31,0,0,0,0
2013/01/01,0,0,0,0
2013/01/02,0,4030000,-1136000,2894000
2013/01/03,0,3790000,-751000,3039000
2013/01/04,0,3243000,-4372000,-1129000
2013/01/07,0,3428000,-4841000,-1413000
2013/01/08,0,2921000,-3476000,-555000
2013/01/09,0,1015000,-4088000,-3073000
2013/01/10,0,770000,-1273000,-503000
2013/01/11,0,3972000,-1195000,2777000
2013/01/14,0,2630000,-328000,2302000
2013/01/15,0,3002000,-2300000,702000
2013/01/16,0,2201000,-6822000,-4621000
2013/01/17,0,236000,-3340000,-3104000
2013/01/18,0,912000,-1628000,-716000
2013/01/21,0,3530000,-255000,3275000
2013/01/22,0,19000,-160000,-141000
2013/01/23,0,3046000,-537000,2509000
2013/01/24,0,2703000,-5438000,-2735000
2013/01/25,0,1802000,-1392000,410000
2013/01/28,0,680000,-1331000,-651000
2013/01/29,0,2200000,-670000,1530000
2013/01/30,0,1288000,-2329000,-1041000
2013/01/31,0,688000,-434000,254000
2013/02/01,0,813000,-1251000,-438000
2013/02/04,0,662000,-1626000,-964000
2013/02/05,0,465000,-3726000,-3261000
2013/02/06,0,0,-2125000,-2125000
2013/02/07,0,0,0,0
2013/02/08,0,0,0,0
2013/02/11,0,0,0,0
2013/02/12,0,0,0,0
2013/02/13,0,0,0,0
2013/02/14,0,0,0,0
2013/02/15,0,0,0,0
2013/02/18,0,6466000,-986000,5480000
2013/02/19,0,8955000,-1259000,7696000
2013/02/20,0,7066000,-4209000,2857000
2013/02/21,0,2888000,-871000,2017000
2013/02/22,0,5004000,-6491000,-1487000
2013/02/25,0,9000,-1484000,-1475000
2013/02/26,0,600000,-597000,3000
2013/02/27,0,351000,-2371000,-2020000
2013/02/28,0,0,0,0
2013/03/01,0,2556000,-310000,2246000
2013/03/04,0,1542000,-75000,1467000
2013/03/05,0,2880000,-1145000,1735000
2013/03/06,0,5052000,0,5052000
2013/03/07,0,2704000,-268000,2436000
2013/03/08,0,5032000,-499000,4533000
2013/03/11,0,9912000,-1040000,8872000
2013/03/12,0,1744000,-3139000,-1395000
2013/03/13,0,1688000,-2345001,-657001
2013/03/14,0,2885000,-6588000,-3703000
2013/03/15,0,1551000,-2815689,-1264689
2013/03/18,0,337000,-7992845,-7655845
2013/03/19,0,2000,-7210000,-7208000
2013/03/20,0,712000,-4094003,-3382003
2013/03/21,0,883000,-121000,762000
2013/03/22,0,390000,-1075000,-685000
2013/03/25,0,402000,-15533000,-15131000
2013/03/26,0,43000,-129000,-86000
2013/03/27,0,30000,-747000,-717000
2013/03/28,0,699000,-360000,339000
2013/03/29,0,455000,-602000,-147000
2013/04/01,0,295000,-400000,-105000
2013/04/02,0,430000,0,430000
2013/04/03,0,226000,-15000,211000
2013/04/04,0,0,0,0
2013/04/05,0,0,0,0
2013/04/08,0,335000,-55000,280000
2013/04/09,0,8651000,-2008000,6643000
2013/04/10,0,5994000,-1632979,4361021
2013/04/11,0,3769000,-877000,2892000
2013/04/12,0,16000,-2697000,-2681000
2013/04/15,0,590000,-909000,-319000
2013/04/16,0,632000,-283000,349000
2013/04/17,0,25000,-1091000,-1066000
2013/04/18,0,304000,-228000,76000
2013/04/19,0,1220000,-50000,1170000
2013/04/22,0,614000,-475000,139000
2013/04/23,0,4210000,-4152000,58000
2013/04/24,0,5069000,-4850000,219000
2013/04/25,0,3745000,-3200000,545000
2013/04/26,0,3926000,-3910000,16000
2013/04/29,0,4787000,-5180000,-393000
2013/04/30,0,7610000,-4450000,3160000
2013/05/01,0,0,0,0
2013/05/02,0,4303000,-3529000,774000
2013/05/03,0,15306000,-1423000,13883000
2013/05/06,0,7862000,-5808000,2054000
2013/05/07,0,1080000,-394000,686000
2013/05/08,0,2427000,-23200000,-20773000
2013/05/09,0,2069000,-13010000,-10941000
2013/05/10,0,1442000,-3445000,-2003000
2013/05/13,0,700000,-769000,-69000
2013/05/14,0,362000,-2303000,-1941000
2013/05/15,0,411000,-265000,146000
2013/05/16,0,3353000,-1423000,1930000
2013/05/17,0,1125000,-1004000,121000
2013/05/20,0,100000,-503000,-403000
2013/05/21,0,2000000,-747000,1253000
2013/05/22,0,3043000,-1265000,1778000
2013/05/23,0,2056000,-2333000,-277000
2013/05/24,0,300000,-2151000,-1851000
2013/05/27,0,328000,-350000,-22000
2013/05/28,0,222000,-1512000,-1290000
2013/05/29,0,975000,-2260000,-1285000
2013/05/30,0,1196000,-963000,233000
2013/05/31,0,28000,-2035000,-2007000
2013/06/03,0,1649000,-90737,1558263
2013/06/04,0,1285000,-484000,801000
2013/06/05,0,650000,-8076000,-7426000
2013/06/06,0,100000,-1257000,-1157000
2013/06/07,0,406000,-403000,3000
2013/06/10,0,54000,-464000,-410000
2013/06/11,0,215000,-2000,213000
2013/06/12,0,0,0,0
2013/06/13,0,266000,-14000,252000
2013/06/14,0,479000,-1000000,-521000
2013/06/17,0,240000,-1400000,-1160000
2013/06/18,0,70000,-104000,-34000
2013/06/19,0,250000,-960000,-710000
2013/06/20,0,639000,-1515000,-876000
2013/06/21,0,879000,-4795000,-3916000
2013/06/24,0,21000,-250000,-229000
2013/06/25,0,1052000,-4000,1048000
2013/06/26,0,0,-88000,-88000
2013/06/27,0,1509000,-180000,1329000
2013/06/28,0,0,-1705000,-1705000
2013/07/01,0,115000,-651000,-536000
2013/07/02,0,50000,-103000,-53000
2013/07/03,0,120000,-213000,-93000
2013/07/04,0,226000,-52000,174000
2013/07/05,0,1738000,-10000,1728000
2013/07/08,0,13000,-127000,-114000
2013/07/09,0,55000,-2000,53000
2013/07/10,0,366000,-22000,344000
2013/07/11,0,365000,-28000,337000
2013/07/12,0,251000,-510000,-259000
2013/07/15,0,294000,-57000,237000
2013/07/16,0,218000,-32000,186000
2013/07/17,0,1000,-2357000,-2356000
2013/07/18,0,28000,0,28000
2013/07/19,0,385000,-1016000,-631000
2013/07/22,0,45000,0,45000
2013/07/23,0,5145000,-35000,5110000
2013/07/24,0,60000,-15000,45000
2013/07/25,0,566000,-5000,561000
2013/07/26,0,531000,-10000,521000
2013/07/29,0,0,-90000,-90000
2013/07/30,0,1515000,-5000000,-3485000
2013/07/31,0,491000,-600000,-109000
2013/08/01,0,12000,-1147000,-1135000
2013/08/02,0,94000,-602000,-508000
2013/08/05,0,45000,0,45000
2013/08/06,0,126000,-54000,72000
2013/08/07,0,1170000,-217000,953000
2013/08/08,0,0,-227000,-227000
2013/08/09,0,309000,-56000,253000
2013/08/12,0,249000,-304000,-55000
2013/08/13,0,0,-200000,-200000
2013/08/14,0,459000,-116000,343000
2013/08/15,0,107000,-1035000,-928000
2013/08/16,0,331000,-696000,-365000
2013/08/19,0,1266000,-95000,1171000
2013/08/20,0,46000,-831000,-785000
2013/08/21,0,0,0,0
2013/08/22,0,442000,-246000,196000
2013/08/23,0,6000,-117000,-111000
2013/08/26,0,86000,-387000,-301000
2013/08/27,0,464000,-60000,404000
2013/08/28,0,36000,0,36000
2013/08/29,0,918000,0,918000
2013/08/30,0,1585000,-426000,1159000
2013/09/02,0,620000,-220000,400000
2013/09/03,0,20000,-174000,-154000
2013/09/04,0,1240000,-2000,1238000
2013/09/05,0,1050000,-100000,950000
2013/09/06,0,930000,-858000,72000
2013/09/09,0,213000,-1497000,-1284000
2013/09/10,0,760000,0,760000
2013/09/11,0,1611000,-1413000,198000
2013/09/12,0,1527000,-613000,914000
2013/09/13,0,373000,-60000,313000
2013/09/16,0,38000,-30000,8000
2013/09/17,0,342000,-34000,308000
2013/09/18,0,1000,-98000,-97000
2013/09/19,0,0,0,0
2013/09/20,0,0,0,0
2013/09/23,0,103000,-152000,-49000
2013/09/24,0,20000,-255000,-235000
2013/09/25,0,0,0,0
2013/09/26,0,405000,-423000,-18000
2013/09/27,0,10000,-37000,-27000
2013/09/30,0,198000,-117000,81000
2013/10/01,0,5000,-1121000,-1116000
2013/10/02,0,362000,-1033000,-671000
2013/10/03,0,3306000,-86000,3220000
2013/10/04,0,2892000,-1462000,1430000
2013/10/07,0,523000,-1961000,-1438000
2013/10/08,0,4177000,-625000,3552000
2013/10/09,0,717000,-2305000,-1588000
2013/10/10,0,0,0,0
2013/10/11,0,71000,-650000,-579000
2013/10/14,0,1348000,-2502000,-1154000
2013/10/15,0,1129000,-959000,170000
2013/10/16,0,263000,-321000,-58000
2013/10/17,0,4725000,-185000,4540000
2013/10/18,0,496000,-6518000,-6022000
2013/10/21,0,181000,-311000,-130000
2013/10/22,0,9000,-853000,-844000
2013/10/23,0,502000,-322807,179193
2013/10/24,0,515000,-237000,278000
2013/10/25,0,1455000,-604000,851000
2013/10/28,0,36000,-17000,19000
2013/10/29,0,1618000,-434000,1184000
2013/10/30,0,129000,-619000,-490000
2013/10/31,0,289000,-169000,120000
2013/11/01,0,201000,-45000,156000
2013/11/04,0,527000,-42000,485000
2013/11/05,0,899000,-641000,258000
2013/11/06,0,1098000,-2640000,-1542000
2013/11/07,0,2098000,-2602000,-504000
2013/11/08,0,495000,-1873000,-1378000
2013/11/11,0,647000,-462000,185000
2013/11/12,0,1591000,-220000,1371000
2013/11/13,0,486000,0,486000
2013/11/14,0,6593000,-513000,6080000
2013/11/15,0,1316000,-4174000,-2858000
2013/11/18,0,2430000,-1036000,1394000
2013/11/19,0,2607000,-642000,1965000
2013/11/20,0,2017000,-738000,1279000
2013/11/21,0,907000,-1289000,-382000
2013/11/22,0,810000,-22000,788000
2013/11/25,0,778000,-107000,671000
2013/11/26,0,4298000,-2811000,1487000
2013/11/27,0,2458000,-1113000,1345000
2013/11/28,0,4606000,-492000,4114000
2013/11/29,0,518000,-1733000,-1215000
2013/12/02,0,449000,-804000,-355000
2013/12/03,0,250000,-1304000,-1054000
2013/12/04,0,592000,-652000,-60000
2013/12/05,0,809000,-364000,445000
2013/12/06,0,1097000,-242000,855000
2013/12/09,0,988000,-230000,758000
2013/12/10,0,62000,-912000,-850000
2013/12/11,0,338000,-782000,-444000
2013/12/12,0,63000,-155000,-92000
2013/12/13,0,148000,-410000,-262000
2013/12/16,0,495000,-161000,334000
2013/12/17,0,263000,-74000,189000
2013/12/18,0,364000,-876000,-512000
2013/12/19,0,153000,-10000,143000
2013/12/20,0,124000,-517000,-393000
2013/12/23,0,2189000,-233000,1956000
2013/12/24,0,158000,-308000,-150000
2013/12/25,0,5339000,-449000,4890000
2013/12/26,0,381000,-3515000,-3134000
2013/12/27,0,185000,-386000,-201000
2013/12/30,0,1061000,-451000,610000
2013/12/31,0,3026000,-841000,2185000
2014/01/02,0,1039000,-1411000,-372000
2014/01/03,0,675000,-539000,136000
2014/01/06,0,1600000,-1227000,373000
2014/01/07,0,680000,-306000,374000
2014/01/08,0,639000,-331000,308000
2014/01/09,0,3246000,-758000,2488000
2014/01/10,0,1914000,-1630000,284000
2014/01/13,0,1271000,-2122000,-851000
2014/01/14,0,739000,-1680000,-941000
2014/01/15,0,1233000,-881000,352000
2014/01/16,0,637000,-1007000,-370000
2014/01/17,0,254000,-468000,-214000
2014/01/20,0,222000,-275000,-53000
2014/01/21,0,291000,-133632,157368
2014/01/22,0,705000,-1810000,-1105000
2014/01/23,0,655000,-186000,469000
2014/01/24,0,20000,-359000,-339000
2014/01/27,0,426000,-1824000,-1398000
2014/02/05,0,145000,-1106000,-961000
2014/02/06,0,137000,-160000,-23000
2014/02/07,0,4043000,-513000,3530000
2014/02/10,0,409000,-1221000,-812000
2014/02/11,0,10000,-980000,-970000
2014/02/12,0,3772000,-400000,3372000
2014/02/13,0,4245000,-4810000,-565000
2014/02/14,0,964000,-2108000,-1144000
2014/02/17,0,408000,-201000,207000
2014/02/18,0,154000,-923000,-769000
2014/02/19,0,291000,-1049000,-758000
2014/02/20,0,121000,-266000,-145000
2014/02/21,0,15964000,-1261874,14702126
2014/02/24,0,12232000,-4818000,7414000
2014/02/25,0,1238000,-2830000,-1592000
2014/02/26,0,2973000,-751000,2222000
2014/02/27,0,3198000,-1152000,2046000
2014/03/03,0,2035000,-1703000,332000
2014/03/04,0,1192000,-2647000,-1455000
2014/03/05,0,770000,-1407000,-637000
2014/03/06,0,1245000,-1381000,-136000
2014/03/07,0,3314000,-1059000,2255000
2014/03/10,0,289000,-5020000,-4731000
2014/03/11,0,2514000,-1377000,1137000
2014/03/12,0,265000,-1680000,-1415000
2014/03/13,0,389000,-799000,-410000
2014/03/14,0,866000,-873000,-7000
2014/03/17,0,34714000,-2146000,32568000
2014/03/18,0,5686000,-12809192,-7123192
2014/03/19,0,2186000,-2026050,159950
2014/03/20,0,705000,-3694000,-2989000
2014/03/21,0,4279000,-508000,3771000
2014/03/24,0,2133000,-2281000,-148000
2014/03/25,0,1421000,-1176000,245000
2014/03/26,0,29335000,-940000,28395000
2014/03/27,0,2073000,-10382000,-8309000
2014/03/28,0,358000,-3211000,-2853000
2014/03/31,0,432000,-3799000,-3367000
2014/04/01,0,11592000,-1747000,9845000
2014/04/02,0,12474000,-3212000,9262000
2014/04/03,0,25978000,-13222000,12756000
2014/04/07,0,7237000,-15531000,-8294000
2014/04/08,0,1645000,-2637000,-992000
2014/04/09,0,11842000,-2538000,9304000
2014/04/10,0,1478000,-10741000,-9263000
2014/04/11,0,1102000,-9476000,-8374000
2014/04/14,0,162000,-1289000,-1127000
2014/04/15,0,948000,-11449077,-10501077
2014/04/16,0,19033000,-2132000,16901000
2014/04/17,0,438000,-10180000,-9742000
2014/04/18,0,366000,-1685000,-1319000
2014/04/21,0,5761000,-158000,5603000
2014/04/22,0,7110000,-3944000,3166000
2014/04/23,0,750000,-7398000,-6648000
2014/04/24,0,2084000,-1604000,480000
2014/04/25,0,1923000,-7306000,-5383000
2014/04/28,0,7429000,-1286000,6143000
2014/04/29,0,825000,-2988000,-2163000
2014/04/30,0,2185000,-1899000,286000
2014/05/02,0,8885000,-1167000,7718000
2014/05/05,0,1347000,-3691000,-2344000
2014/05/06,0,401000,-2056000,-1655000
2014/05/07,0,2452000,-1942768,509232
2014/05/08,0,715000,-2611000,-1896000
2014/05/09,0,1520000,-8641000,-7121000
2014/05/12,0,989000,-29090000,-28101000
2014/05/13,0,1740000,-3904000,-2164000
2014/05/14,0,1314000,-5451000,-4137000
2014/05/15,0,633000,-757000,-124000
2014/05/16,0,317000,-3297000,-2980000
2014/05/19,0,2438000,-1844000,594000
2014/05/20,0,390000,-2497000,-2107000
2014/05/21,0,1086000,-1399000,-313000
2014/05/22,0,1980000,-413000,1567000
2014/05/23,0,5469000,-985000,4484000
2014/05/26,0,440000,-4414000,-3974000
2014/05/27,0,1169000,-1217000,-48000
2014/05/28,0,1007000,-1654000,-647000
2014/05/29,0,499000,-3775439,-3276439
2014/05/30,0,1054000,-1813000,-759000
2014/06/03,0,695000,-535000,160000
2014/06/04,0,16119000,-820000,15299000
2014/06/05,0,1976000,-7155000,-5179000
2014/06/06,0,12484000,-3348000,9136000
2014/06/09,0,2264000,-7806000,-5542000
2014/06/10,0,260000,-2896000,-2636000
2014/06/11,0,10623000,-2973000,7650000
2014/06/12,0,766000,-9474000,-8708000
2014/06/13,0,700000,-4611000,-3911000
2014/06/16,0,794000,-3041000,-2247000
2014/06/17,0,1649000,-2263000,-614000
2014/06/18,0,2912000,-2339000,573000
2014/06/19,0,5894000,-2071000,3823000
2014/06/20,0,1416000,-3446000,-2030000
2014/06/23,0,747000,-3066000,-2319000
2014/06/24,0,841000,-3068000,-2227000
2014/06/25,0,753000,-2793000,-2040000
2014/06/26,0,22843000,-3000000,19843000
2014/06/27,0,3054000,-14648000,-11594000
2014/06/30,0,16712000,-4405000,12307000
2014/07/01,0,3308000,-17897000,-14589000
2014/07/02,0,12692000,-8883000,3809000
2014/07/03,0,15991000,-6524000,9467000
2014/07/04,0,1666000,-11532000,-9866000
2014/07/07,0,8238000,-4752000,3486000
2014/07/08,0,1938000,-5669000,-3731000
2014/07/09,0,710000,-4232000,-3522000
2014/07/10,0,1794000,-2276000,-482000
2014/07/11,0,1264000,-1449000,-185000
2014/07/14,0,17713000,-2343000,15370000
2014/07/15,0,506000,-8647000,-8141000
2014/07/16,0,1158000,-4850000,-3692000
2014/07/17,0,3852000,-2186000,1666000
2014/07/18,0,1636000,-1521000,115000
2014/07/21,0,1691000,-1942000,-251000
2014/07/22,0,5108000,-1726000,3382000
2014/07/23,0,0,0,0
2014/07/24,0,10861000,-3229000,7632000
2014/07/25,0,742000,-7381000,-6639000
2014/07/28,0,2935000,-953000,1982000
2014/07/29,0,2202000,-12702000,-10500000
2014/07/30,0,21266000,-3823000,17443000
2014/07/31,0,1220000,-19200000,-17980000
2014/08/01,0,2673000,-3288000,-615000
2014/08/04,0,1672000,-1362000,310000
2014/08/05,0,3217000,-2564000,653000
2014/08/06,0,1146000,-11082000,-9936000
2014/08/07,0,5043000,-956000,4087000
2014/08/08,0,2721000,-3855000,-1134000
2014/08/11,0,10812000,-1243000,9569000
2014/08/12,0,548000,-5548000,-5000000
2014/08/13,0,1534000,-832000,702000
2014/08/14,0,852000,-2353000,-1501000
2014/08/15,0,4076000,-1280000,2796000
2014/08/18,0,2139000,-4099000,-1960000
2014/08/19,0,1448000,-1347000,101000
2014/08/20,0,1310000,-2119000,-809000
2014/08/21,0,1185000,-5086000,-3901000
2014/08/22,0,2151000,-714000,1437000
2014/08/25,0,4962000,-1301000,3661000
2014/08/26,0,50000,-2295000,-2245000
2014/08/27,0,42660000,-2112000,40548000
2014/08/28,0,7672000,-31040000,-23368000
2014/08/29,0,2906000,-7193000,-4287000
2014/09/01,0,6353000,-3642000,2711000
2014/09/02,0,2560000,-12058000,-9498000
2014/09/03,0,8253000,-1206000,7047000
2014/09/04,0,5797000,-11369000,-5572000
2014/09/05,0,798000,-4347000,-3549000
2014/09/09,0,8372000,-4403000,3969000
2014/09/10,0,1327000,-6909000,-5582000
2014/09/11,0,9148000,-2691000,6457000
2014/09/12,0,347000,-7376000,-7029000
2014/09/15,0,264000,-3807000,-3543000
2014/09/16,0,3714000,-12213000,-8499000
2014/09/17,0,6569000,-5193000,1376000
2014/09/18,0,2815000,-903000,1912000
2014/09/19,0,1494000,-4804000,-3310000
2014/09/22,0,1835000,-6188000,-4353000
2014/09/23,0,757000,-2105162,-1348162
2014/09/24,0,2641000,-727000,1914000
2014/09/25,0,1493000,-4598000,-3105000
2014/09/26,0,1365000,-1575000,-210000
2014/09/29,0,933000,-726000,207000
2014/09/30,0,3531000,-7846000,-4315000
2014/10/01,0,7106000,-1214000,5892000
2014/10/02,0,1167000,-4059000,-2892000
2014/10/03,0,7280000,-2286000,4994000
2014/10/06,0,2453000,-963000,1490000
2014/10/07,0,637000,-2771000,-2134000
2014/10/08,0,1678000,-2066000,-388000
2014/10/09,0,864000,-5732000,-4868000
2014/10/13,0,1128000,-9075000,-7947000
2014/10/14,0,1342000,-2726000,-1384000
2014/10/15,0,355000,-1975000,-1620000
2014/10/16,0,637000,-1778000,-1141000
2014/10/17,0,64000,-2077000,-2013000
2014/10/20,0,941000,-3792000,-2851000
2014/10/21,0,3868000,-371000,3497000
2014/10/22,0,8834000,-2317000,6517000
2014/10/23,0,5368000,-2496042,2871958
2014/10/24,0,945000,-4412000,-3467000
2014/10/27,0,680000,-2334000,-1654000
2014/10/28,0,6164000,-1024000,5140000
2014/10/29,0,11899000,-5257000,6642000
2014/10/30,0,7886000,-9264972,-1378972
2014/10/31,0,6987000,-4170000,2817000
2014/11/03,0,3432000,-7589000,-4157000
2014/11/04,0,5646000,-3798000,1848000
2014/11/05,0,336000,-7215000,-6879000
2014/11/06,0,1678000,-3438817,-1760817
2014/11/07,0,16824990,-4159000,12665990
2014/11/10,0,1019000,-13111000,-12092000
2014/11/11,0,5879000,-5534000,345000
2014/11/12,0,9255000,-1269000,7986000
2014/11/13,0,969000,-5806000,-4837000
2014/11/14,0,4294000,-1334000,2960000
2014/11/17,0,562000,-4536000,-3974000
2014/11/18,0,2488000,-4010000,-1522000
2014/11/19,0,15707000,-2054000,13653000
2014/11/20,0,4932000,-7953000,-3021000
2014/11/21,0,2761603,-7591000,-4829397
2014/11/24,0,1547000,-3388000,-1841000
2014/11/25,0,989000,-498000,491000
2014/11/26,0,216000,-3375000,-3159000
2014/11/27,0,2226000,-338000,1888000
2014/11/28,0,4438000,-1185000,3253000
2014/12/01,0,2804000,-1985000,819000
2014/12/02,0,1019000,-4959000,-3940000
2014/12/03,0,17792000,-5493000,12299000
2014/12/04,0,825000,-7895000,-7070000
2014/12/05,0,2266000,-3904000,-1638000
2014/12/08,0,558000,-3146000,-2588000
2014/12/09,0,513000,-155000,358000
2014/12/10,0,858000,-12161000,-11303000
2014/12/11,0,2618000,-249000,2369000
2014/12/12,0,876000,-1497000,-621000
2014/12/15,0,675000,-547000,128000
2014/12/16,0,1160000,-28000,1132000
2014/12/17,0,908000,-2668000,-1760000
2014/12/18,0,4058000,-1978000,2080000
2014/12/19,0,1527000,-2501000,-974000
2014/12/22,0,13423000,-922000,12501000
2014/12/23,0,444000,-6743000,-6299000
2014/12/24,0,22920000,-2206000,20714000
2014/12/25,0,10396000,-9599000,797000
2014/12/26,0,7295000,-2508000,4787000
2014/12/29,0,8886000,-2218000,6668000
2014/12/30,0,1577000,-8034000,-6457000
2014/12/31,0,1540000,-8374000,-6834000
2015/01/01,0,0,0,0
2015/01/02,0,0,0,0
2015/01/05,0,26349000,-3117000,23232000
2015/01/06,0,9178000,-10961000,-1783000
2015/01/07,0,11414000,-7611000,3803000
2015/01/08,0,6621000,-7778000,-1157000
2015/01/09,0,24217000,-7001000,17216000
2015/01/12,0,2092000,-8411000,-6319000
2015/01/13,0,2915000,-4055000,-1140000
2015/01/14,0,3907000,-3794000,113000
2015/01/15,0,2309000,-4365000,-2056000
2015/01/16,0,5857000,-8702151,-2845151
2015/01/19,0,8935000,-3421000,5514000
2015/01/20,0,5160000,-2728000,2432000
2015/01/21,0,9287000,-6830479,2456521
2015/01/22,0,7241000,-3322000,3919000
2015/01/23,0,3087000,-6547000,-3460000
2015/01/26,0,8805000,-4016000,4789000
2015/01/27,0,3899000,-4401000,-502000
2015/01/28,0,1930000,-3859000,-1929000
2015/01/29,0,6214000,-5532000,682000
2015/01/30,0,4159000,-9360000,-5201000
2015/02/02,0,5330000,-4230000,1100000
2015/02/03,0,3108000,-2056000,1052000
2015/02/04,0,886000,-4592114,-3706114
2015/02/05,0,956000,-480636,475364
2015/02/06,0,875000,-1448000,-573000
2015/02/09,0,108000,-1752000,-1644000
2015/02/10,0,1598000,-5609000,-4011000
2015/02/11,0,2473000,-3924000,-1451000
2015/02/12,0,102000,-4388000,-4286000
2015/02/13,0,211000,-4894000,-4683000
2015/02/16,0,0,0,0
2015/02/17,0,0,0,0
2015/02/18,0,0,0,0
2015/02/19,0,0,0,0
2015/02/20,0,0,0,0
2015/02/23,0,0,0,0
2015/02/24,0,1821000,-3982000,-2161000
2015/02/25,0,2812000,-1032076,1779924
2015/02/26,0,2066000,-768000,1298000
2015/02/27,0,0,0,0
2015/03/02,0,3678000,-9283000,-5605000
2015/03/03,0,3599000,-3736157,-137157
2015/03/04,0,650000,-1553000,-903000
2015/03/05,0,1046000,-3556075,-2510075
2015/03/06,0,1129000,-1521000,-392000
2015/03/09,0,472000,-3883581,-3411581
2015/03/10,0,414000,-985000,-571000
2015/03/11,0,6334000,-787000,5547000
2015/03/12,0,18969000,-4703000,14266000
2015/03/13,0,1181000,-10104011,-8923011
2015/03/16,0,4509000,-1987000,2522000
2015/03/17,0,2743000,-6675076,-3932076
2015/03/18,0,129000,-3638000,-3509000
2015/03/19,0,558000,-463000,95000
2015/03/20,0,1095000,-3012000,-1917000
2015/03/23,0,11357000,-2875000,8482000
2015/03/24,0,140000,-6834000,-6694000
2015/03/25,0,399000,-2960000,-2561000
2015/03/26,0,680000,-6825000,-6145000
2015/03/27,0,117000,-1802000,-1685000
2015/03/30,0,165000,-1104000,-939000
2015/03/31,0,710000,-1532000,-822000
2015/04/01,0,4060000,-974000,3086000
2015/04/02,0,797000,-2139000,-1342000
2015/04/03,0,0,0,0
2015/04/06,0,0,0,0
2015/04/07,0,764000,-4320000,-3556000
2015/04/08,0,6159000,-573000,5586000
2015/04/09,0,4034000,-2011000,2023000
2015/04/10,0,3112000,-6602000,-3490000
2015/04/13,0,3697000,-871000,2826000
2015/04/14,0,2853000,-959000,1894000
2015/04/15,0,1234000,-1988000,-754000
2015/04/16,0,331000,-1322000,-991000
2015/04/17,0,1129000,-2614000,-1485000
2015/04/20,0,4378000,-2799000,1579000
2015/04/21,0,5680000,-5484000,196000
2015/04/22,0,785000,-3552000,-2767000
2015/04/23,0,3937000,-659000,3278000
2015/04/24,0,17108000,-744000,16364000
2015/04/27,0,5181000,-7620000,-2439000
2015/04/28,0,10088000,-4046846,6041154
2015/04/29,0,2419000,-16825000,-14406000
2015/04/30,0,811000,-1702000,-891000
2015/05/01,0,0,0,0
2015/05/04,0,474000,-1945000,-1471000
2015/05/05,0,1194000,-1663000,-469000
2015/05/06,0,1231000,-4055000,-2824000
2015/05/07,0,5190000,-1053000,4137000
2015/05/08,0,189000,-3413000,-3224000
2015/05/11,0,828000,-4613000,-3785000
2015/05/12,0,1437000,-446000,991000
2015/05/13,0,650000,-1201000,-551000
2015/05/14,0,2594000,-1645000,949000
2015/05/15,0,160000,-2870000,-2710000
2015/05/18,0,1261000,-406000,855000
2015/05/19,0,19998000,-1609000,18389000
2015/05/20,0,4625000,-14034000,-9409000
2015/05/21,0,3987000,-2234000,1753000
2015/05/22,0,31303258,-7380000,23923258
2015/05/25,0,5072000,-8828000,-3756000
2015/05/26,0,3003000,-2783000,220000
2015/05/27,0,27541000,-3402000,24139000
2015/05/28,0,1907000,-23435000,-21528000
2015/05/29,0,619000,-4978000,-4359000
2015/06/01,0,1838000,-10221000,-8383000
2015/06/02,0,1763000,-2322000,-559000
2015/06/03,0,8065000,-3077000,4988000
2015/06/04,0,1709000,-9489000,-7780000
2015/06/05,0,4314000,-4781000,-467000
2015/06/08,0,2671000,-3069000,-398000
2015/06/09,0,1414000,-12152000,-10738000
2015/06/10,0,9508000,-1734000,7774000
2015/06/11,0,574000,-4465000,-3891000
2015/06/12,0,3072000,-429000,2643000
2015/06/15,0,1207000,-2307000,-1100000
2015/06/16,0,1345000,-488000,857000
2015/06/17,0,8519000,-3908000,4611000
2015/06/18,0,3781000,-362000,3419000
2015/06/19,0,0,0,0
2015/06/22,0,3910000,-156000,3754000
2015/06/23,0,84000,-4554000,-4470000
2015/06/24,0,450000,-8632000,-8182000
2015/06/25,0,3509000,-780435,2728565
2015/06/26,0,764000,-1320000,-556000
2015/06/29,0,31000,-9345000,-9314000
2015/06/30,0,4806000,-675000,4131000
2015/07/01,0,4058000,-452000,3606000
2015/07/02,0,854000,-169000,685000
2015/07/03,0,3482000,-1593000,1889000
2015/07/06,0,0,-3033000,-3033000
2015/07/07,0,453000,-3985000,-3532000
2015/07/08,0,376000,-6020000,-5644000
2015/07/09,0,6933000,-4074000,2859000
2015/07/10,0,0,0,0
2015/07/13,0,2274000,-3159000,-885000
2015/07/14,0,1655000,-2933000,-1278000
2015/07/15,0,295000,-4366000,-4071000
2015/07/16,0,423000,-5390000,-4967000
2015/07/17,0,2319000,-4581000,-2262000
2015/07/20,0,2504000,-4948000,-2444000
2015/07/21,0,4247000,-1744000,2503000
2015/07/22,0,1958000,-2599000,-641000
2015/07/23,0,1325000,-1085000,240000
2015/07/24,0,1547000,-1317000,230000
2015/07/27,0,2173000,-4830000,-2657000
2015/07/28,0,9600000,-2903000,6697000
2015/07/29,0,1364000,-10281000,-8917000
2015/07/30,0,5548000,-3445000,2103000
2015/07/31,0,2295000,-6336000,-4041000
2015/08/03,0,1582000,-1450000,132000
2015/08/04,0,5678000,-4650000,1028000
2015/08/05,0,2933000,-595000,2338000
2015/08/06,0,2527000,-6899000,-4372000
2015/08/07,0,1981000,-2595000,-614000
2015/08/10,0,1684000,-665000,1019000
2015/08/11,0,790000,-1509000,-719000
2015/08/12,0,8059000,-408000,7651000
2015/08/13,0,1930000,-3334000,-1404000
2015/08/14,0,560000,-4952000,-4392000
2015/08/17,0,5045000,-737000,4308000
2015/08/18,0,1957000,-4176000,-2219000
2015/08/19,0,1722000,-6749000,-5027000
2015/08/20,0,3315000,-284000,3031000
2015/08/21,0,1317000,-999000,318000
2015/08/24,0,1169000,-5915000,-4746000
2015/08/25,0,3032000,-1208000,1824000
2015/08/26,0,185000,-3260000,-3075000
2015/08/27,0,7033000,-916000,6117000
2015/08/28,0,2996000,-3127000,-131000
2015/08/31,0,6292000,-4800000,1492000
2015/09/01,0,189000,-3932225,-3743225
2015/09/02,0,3901000,-3213000,688000
2015/09/03,0,2586000,-2094000,492000
2015/09/04,0,3537000,-3127000,410000
2015/09/07,0,999000,-3041000,-2042000
2015/09/08,0,1854000,-867000,987000
2015/09/09,0,10087000,-1580000,8507000
2015/09/10,0,594000,-5395000,-4801000
2015/09/11,0,2346000,-513000,1833000
2015/09/14,0,967000,-2326000,-1359000
2015/09/15,0,640000,-1009000,-369000
2015/09/16,0,6617000,-1412000,5205000
2015/09/17,0,757000,-3781000,-3024000
2015/09/18,0,2514000,-2303000,211000
2015/09/21,0,357000,-6842401,-6485401
2015/09/22,0,329000,-5100000,-4771000
2015/09/23,0,1276000,-3896000,-2620000
2015/09/24,0,1464000,-1955000,-491000
2015/09/25,0,1583000,-523000,1060000
2015/09/28,0,0,0,0
2015/09/29,0,0,0,0
2015/09/30,0,1051000,-429000,622000
2015/10/01,0,3112009,-73000,3039009
2015/10/02,0,950000,-441000,509000
2015/10/05,0,339000,-1005000,-666000
2015/10/06,0,1212000,-1319000,-107000
2015/10/07,0,2724000,-978000,1746000
2015/10/08,0,1586000,-2544000,-958000
2015/10/09,0,0,0,0
2015/10/12,0,6738000,-922000,5816000
2015/10/13,0,4964000,-4822000,142000
2015/10/14,0,8530000,-3108000,5422000
2015/10/15,0,928000,-5101000,-4173000
2015/10/16,0,396000,-1844000,-1448000
2015/10/19,0,1855000,-422000,1433000
2015/10/20,0,1668000,-2204000,-536000
2015/10/21,0,522000,-8595000,-8073000
2015/10/22,0,1805000,-770000,1035000
2015/10/23,0,1757000,-2501000,-744000
2015/10/26,0,119000,-690000,-571000
2015/10/27,0,2416000,-1274000,1142000
2015/10/28,0,4027000,-1373000,2654000
2015/10/29,0,1090000,-3213000,-2123000
2015/10/30,0,366000,-5225000,-4859000
2015/11/02,0,219000,-110000,109000
2015/11/03,0,398000,-28000,370000
2015/11/04,0,2690000,-67000,2623000
2015/11/05,0,6489000,-485000,6004000
2015/11/06,0,59000,-3493000,-3434000
2015/11/09,0,875000,-665000,210000
2015/11/10,0,80000,-665000,-585000
2015/11/11,0,162000,-2428000,-2266000
2015/11/12,0,458000,-1751000,-1293000
2015/11/13,0,1076000,-1678000,-602000
2015/11/16,0,231000,-554000,-323000
2015/11/17,0,280000,-451000,-171000
2015/11/18,0,276000,-1602000,-1326000
2015/11/19,0,184000,-104000,80000
2015/11/20,0,756000,-13000,743000
2015/11/23,0,84000,-581000,-497000
2015/11/24,0,81000,-359000,-278000
2015/11/25,0,653000,-800000,-147000
2015/11/26,0,853000,-262000,591000
2015/11/27,0,185000,-296000,-111000
2015/11/30,0,22000,-581000,-559000
2015/12/01,0,1035000,-45000,990000
2015/12/02,0,344000,-192000,152000
2015/12/03,0,180000,-1302000,-1122000
2015/12/04,0,1021000,-122000,899000
2015/12/07,0,504000,-324000,180000
2015/12/08,0,423000,-30000,393000
2015/12/09,0,99000,-641000,-542000
2015/12/10,0,231000,-864000,-633000
2015/12/11,0,179000,-89000,90000
2015/12/14,0,319000,-435000,-116000
2015/12/15,0,2823000,-739000,2084000
2015/12/16,0,1819000,-1477000,342000
2015/12/17,0,493000,-321000,172000
2015/12/18,0,1215000,-1714000,-499000
2015/12/21,0,23744000,-352000,23392000
2015/12/22,0,4655000,-14965000,-10310000
2015/12/23,0,25258000,-3363000,21895000
2015/12/24,0,2529000,-6486000,-3957000
2015/12/25,0,1223000,-1855000,-632000
2015/12/28,0,624000,-2304000,-1680000
2015/12/29,0,940000,-2035000,-1095000
2015/12/30,0,2903000,-918000,1985000
2015/12/31,0,237000,-949000,-712000
2016/01/01,0,0,0,0
2016/01/04,0,150000,-4750000,-4600000
2016/01/05,0,472000,-3617000,-3145000
2016/01/06,0,409000,-2985000,-2576000
2016/01/07,0,752000,-356000,396000
2016/01/08,0,391000,-499000,-108000
2016/01/11,0,158000,-2856000,-2698000
2016/01/12,0,8489000,-3767000,4722000
2016/01/13,0,1198000,-5377000,-4179000
2016/01/14,0,1970000,-2210000,-240000
2016/01/15,0,412000,-5283000,-4871000
2016/01/18,0,1175000,-541000,634000
2016/01/19,0,138000,-1691000,-1553000
2016/01/20,0,422000,-8190000,-7768000
2016/01/21,0,3805000,-457000,3348000
2016/01/22,0,914000,-478000,436000
2016/01/25,0,882000,-511000,371000
2016/01/26,0,233000,-1911534,-1678534
2016/01/27,0,285000,-1351000,-1066000
2016/01/28,0,344000,-880000,-536000
2016/01/29,0,662000,-2248000,-1586000
2016/02/01,0,5739000,-377000,5362000
2016/02/02,0,317000,-2094000,-1777000
2016/02/03,0,201000,-3777000,-3576000
2016/02/04,0,0,0,0
2016/02/05,0,0,0,0
2016/02/08,0,0,0,0
2016/02/09,0,0,0,0
2016/02/10,0,0,0,0
2016/02/11,0,0,0,0
2016/02/12,0,0,0,0
2016/02/15,0,200000,-718000,-518000
2016/02/16,0,3316000,-644000,2672000
2016/02/17,0,1276000,-691000,585000
2016/02/18,0,495000,-1045000,-550000
2016/02/19,0,22000,-447000,-425000
2016/02/22,0,181000,-684000,-503000
2016/02/23,0,10495000,-271000,10224000
2016/02/24,0,16654000,-4861000,11793000
2016/02/25,0,3950000,-8902000,-4952000
2016/02/26,0,445000,-5503000,-5058000
2016/02/29,0,0,0,0
2016/03/01,0,50000,-1032000,-982000
2016/03/02,0,7147000,-1084000,6063000
2016/03/03,0,2849000,-7704000,-4855000
2016/03/04,0,181000,-5136000,-4955000
2016/03/07,0,644000,-3260000,-2616000
2016/03/08,0,11030000,-1325000,9705000
2016/03/09,0,3380000,-7481000,-4101000
2016/03/10,0,29765000,-1965000,27800000
2016/03/11,0,1278000,-18812084,-17534084
2016/03/14,0,11665000,-2750000,8915000
2016/03/15,0,5111000,-11155000,-6044000
2016/03/16,0,8473000,-3831300,4641700
2016/03/17,0,7253000,-16539000,-9286000
2016/03/18,0,1778000,-3321000,-1543000
2016/03/21,0,758000,-1864000,-1106000
2016/03/22,0,553000,-7602000,-7049000
2016/03/23,0,1334000,-341000,993000
2016/03/24,0,491000,-1411000,-920000
2016/03/25,0,93000,-580000,-487000
2016/03/28,0,10681000,-1354000,9327000
2016/03/29,0,1316000,-9706000,-8390000
2016/03/30,0,1516000,-1460000,56000
2016/03/31,0,22000,-2341000,-2319000
2016/04/01,0,381000,-3309000,-2928000
2016/04/04,0,0,0,0
2016/04/05,0,0,0,0
2016/04/06,0,294000,-2155000,-1861000
2016/04/07,0,494000,-1899000,-1405000
2016/04/08,0,13890000,-729000,13161000
2016/04/11,0,2263000,-10926000,-8663000
2016/04/12,0,2749502,-2825000,-75498
2016/04/13,0,557000,-3026000,-2469000
2016/04/14,0,1839000,-364000,1475000
2016/04/15,0,474000,-1255000,-781000
2016/04/18,0,7821000,-519000,7302000
2016/04/19,0,416000,-5726000,-5310000
2016/04/20,0,196000,-3822000,-3626000
2016/04/21,0,1972000,-1183000,789000
2016/04/22,0,245000,-1073786,-828786
2016/04/25,0,63000,-717000,-654000
2016/04/26,0,342000,-3407000,-3065000
2016/04/27,0,653000,-219000,434000
2016/04/28,0,698000,-963000,-265000
2016/04/29,0,372000,-2609000,-2237000
2016/05/02,0,0,0,0
2016/05/03,0,159000,-2205000,-2046000
2016/05/04,0,839000,-2607000,-1768000
2016/05/05,0,1501000,-1762000,-261000
2016/05/06,0,2213000,-398000,1815000
2016/05/09,0,5321000,-571000,4750000
2016/05/10,0,1465000,-1032000,433000
2016/05/11,0,307000,-850000,-543000
2016/05/12,0,359000,-817000,-458000
2016/05/13,0,408000,-395000,13000
2016/05/16,0,443000,-147000,296000
2016/05/17,0,1121000,-934000,187000
2016/05/18,0,255000,-2813000,-2558000
2016/05/19,0,322000,-487000,-165000
2016/05/20,0,812000,-594000,218000
2016/05/23,0,7772000,-2719000,5053000
2016/05/24,0,1527000,-5607000,-4080000
2016/05/25,0,1134000,-243000,891000
2016/05/26,0,1926000,-532000,1394000
2016/05/27,0,1632000,-1422000,210000
2016/05/30,0,193000,-3056000,-2863000
2016/05/31,0,428000,-575000,-147000
2016/06/01,0,10699000,-313000,10386000
2016/06/02,0,386000,-7045000,-6659000
2016/06/03,0,411000,-2423000,-2012000
2016/06/06,0,5034000,-1235000,3799000
2016/06/07,0,615000,-2482000,-1867000
2016/06/08,0,506000,-1763000,-1257000
2016/06/09,0,0,0,0
2016/06/10,0,0,0,0
2016/06/13,0,292000,-955000,-663000
2016/06/14,0,286000,-321000,-35000
2016/06/15,0,525000,-569000,-44000
2016/06/16,0,4410000,-1695000,2715000
2016/06/17,0,463000,-5129000,-4666000
2016/06/20,0,598000,-398000,200000
2016/06/21,0,1356000,-330000,1026000
2016/06/22,0,2444000,-903000,1541000
2016/06/23,0,1512000,-1614000,-102000
2016/06/24,0,1511000,-2264000,-753000
2016/06/27,0,560000,-924000,-364000
2016/06/28,0,5402000,-474000,4928000
2016/06/29,0,16699000,-3416000,13283000
2016/06/30,0,13664000,-11976000,1688000
2016/07/01,0,3501000,-10231000,-6730000
2016/07/04,0,11444000,-2154000,9290000
2016/07/05,0,2800000,-3342000,-542000
2016/07/06,0,7034000,-1665000,5369000
2016/07/07,0,3757000,-9985000,-6228000
2016/07/08,0,0,0,0
2016/07/11,0,7274100,-1988000,5286100
2016/07/12,0,3050000,-1878100,1171900
2016/07/13,0,13377865,-2644000,10733865
2016/07/14,0,5461000,-4946000,515000
2016/07/15,0,1796000,-2793000,-997000
2016/07/18,0,10764000,-1842000,8922000
2016/07/19,0,10664814,-13144000,-2479186
2016/07/20,0,2318000,-10588000,-8270000
2016/07/21,0,14424000,-8848000,5576000
2016/07/22,0,1051000,-7314000,-6263000
2016/07/25,0,2727000,-6355000,-3628000
2016/07/26,0,8075000,-1263000,6812000
2016/07/27,0,10777999,-4881000,5896999
2016/07/28,0,4338000,-15904000,-11566000
2016/07/29,0,1972000,-2721000,-749000
2016/08/01,0,765000,-1491000,-726000
2016/08/02,0,1755000,-1776000,-21000
2016/08/03,0,7633000,-1565000,6068000
2016/08/04,0,2418000,-2127000,291000
2016/08/05,0,14473822,-3714000,10759822
2016/08/08,0,3087000,-12094000,-9007000
2016/08/09,0,1007000,-5929000,-4922000
2016/08/10,0,1813995,-8522000,-6708005
2016/08/11,0,5028000,-9093000,-4065000
2016/08/12,0,2304000,-1186000,1118000
2016/08/15,0,6052000,-1891000,4161000
2016/08/16,0,10856873,-2812000,8044873
2016/08/17,0,1488000,-6368000,-4880000
2016/08/18,0,3318000,-2285000,1033000
2016/08/19,0,27627000,-2211000,25416000
2016/08/22,0,6936000,-6244000,692000
2016/08/23,0,1291000,-8093000,-6802000
2016/08/24,0,645684,-13894000,-13248316
2016/08/25,0,10309940,-4629000,5680940
2016/08/26,0,1930000,-4998000,-3068000
2016/08/29,0,223000,-10840000,-10617000
2016/08/30,0,2619000,-2251000,368000
2016/08/31,0,799010,-6684000,-5884990
2016/09/01,0,2163000,-4410000,-2247000
2016/09/02,0,1630000,-7352000,-5722000
2016/09/05,0,15764000,-1949000,13815000
2016/09/06,0,1427000,-2155000,-728000
2016/09/07,0,2087000,-1591000,496000
2016/09/08,0,1654000,-1596000,58000
2016/09/09,0,2123000,-3849000,-1726000
2016/09/12,0,7209000,-296000,6913000
2016/09/13,0,13153000,-6011000,7142000
2016/09/14,0,1023000,-7896000,-6873000
2016/09/15,0,0,0,0
2016/09/16,0,0,0,0
2016/09/19,0,4509000,-851000,3658000
2016/09/20,0,11854000,-1167000,10687000
2016/09/21,0,5754000,-7587000,-1833000
2016/09/22,0,910000,-7464000,-6554000
2016/09/23,0,2314000,-1401000,913000
2016/09/26,0,346000,-2759000,-2413000
2016/09/27,0,0,0,0
2016/09/28,0,0,0,0
2016/09/29,0,433000,-1600000,-1167000
2016/09/30,0,143000,-1711000,-1568000
2016/10/03,0,19909000,-2729000,17180000
2016/10/04,0,769000,-9203000,-8434000
2016/10/05,0,2566000,-2285000,281000
2016/10/06,0,6145000,-3325000,2820000
2016/10/07,0,836000,-2410000,-1574000
2016/10/10,0,0,0,0
2016/10/11,0,104000,-9634000,-9530000
2016/10/12,0,2681000,-5768000,-3087000
2016/10/13,0,6134000,-1021000,5113000
2016/10/14,0,1055000,-2890000,-1835000
2016/10/17,0,2198000,-2734000,-536000
2016/10/18,0,330452,-497000,-166548
2016/10/19,0,6354000,-722000,5632000
2016/10/20,0,2774000,-2566000,208000
2016/10/21,0,16946000,-5546000,11400000
2016/10/24,0,1590000,-8613000,-7023000
2016/10/25,0,5381000,-2437000,2944000
2016/10/26,0,1192000,-3106000,-1914000
2016/10/27,0,5840000,-1573000,4267000
2016/10/28,0,3286000,-11845000,-8559000
2016/10/31,0,4948000,-6594000,-1646000
2016/11/01,0,2785000,-2089000,696000
2016/11/02,0,1079000,-4380000,-3301000
2016/11/03,0,715000,-3323000,-2608000
2016/11/04,0,1698000,-432000,1266000
2016/11/07,0,4001000,-2244000,1757000
2016/11/08,0,3376000,-138000,3238000
2016/11/09,0,742000,-10732000,-9990000
2016/11/10,0,10694000,-829000,9865000
2016/11/11,0,1186000,-11799000,-10613000
2016/11/14,0,1544000,-3990000,-2446000
2016/11/15,0,3778000,-826000,2952000
2016/11/16,0,949000,-3957000,-3008000
2016/11/17,0,9274000,-2729000,6545000
2016/11/18,0,961000,-3983000,-3022000
2016/11/21,0,5035000,-1463000,3572000
2016/11/22,0,2518000,-3181000,-663000
2016/11/23,0,3443000,-926000,2517000
2016/11/24,0,247000,-3042000,-2795000
2016/11/25,0,1506000,-419000,1087000
2016/11/28,0,1122000,-1882484,-760484
2016/11/29,0,1745000,-821000,924000
2016/11/30,0,1494000,-1506000,-12000
2016/12/01,0,1002000,-1006000,-4000
2016/12/02,0,317000,-3709000,-3392000
2016/12/05,0,3003000,-220000,2783000
2016/12/06,0,474000,-234000,240000
2016/12/07,0,7481000,-234000,7247000
2016/12/08,0,3436999,-2910000,526999
2016/12/09,0,1070000,-2618000,-1548000
2016/12/12,0,928000,-2374000,-1446000
2016/12/13,0,5440000,-1325000,4115000
2016/12/14,0,111000,-1537000,-1426000
2016/12/15,0,2001000,-1080000,921000
2016/12/16,0,1606000,-834000,772000
2016/12/19,0,548000,-6593000,-6045000
2016/12/20,0,3514000,-265000,3249000
2016/12/21,0,14878000,-3964000,10914000
2016/12/22,0,4014000,-4563000,-549000
2016/12/23,0,1249000,-2619000,-1370000
2016/12/26,0,1126000,-2339000,-1213000
2016/12/27,0,1944000,-1013000,931000
2016/12/28,0,1223000,-1419000,-196000
2016/12/29,0,345000,-2235000,-1890000
2016/12/30,0,1187000,-3185000,-1998000
2017/01/02,0,0,0,0
2017/01/03,0,6319000,-746000,5573000
2017/01/04,0,605000,-2870000,-2265000
2017/01/05,0,10396000,-603000,9793000
2017/01/06,0,6881000,-3544000,3337000
2017/01/09,0,7801000,-7770000,31000
2017/01/10,0,675000,-3909000,-3234000
2017/01/11,0,1456000,-352000,1104000
2017/01/12,0,10199000,-1388000,8811000
2017/01/13,0,15946000,-2981000,12965000
2017/01/16,0,632000,-10532000,-9900000
2017/01/17,0,226000,-1910000,-1684000
2017/01/18,0,5362000,-3583000,1779000
2017/01/19,0,1133000,-4418000,-3285000
2017/01/20,0,204000,-3458000,-3254000
2017/01/23,0,659000,-2055000,-1396000
2017/01/24,0,216281,-2721000,-2504719
2017/01/25,0,0,0,0
2017/01/26,0,0,0,0
2017/01/27,0,0,0,0
2017/01/30,0,0,0,0
2017/01/31,0,0,0,0
2017/02/01,0,0,0,0
2017/02/02,0,29005000,-3494000,25511000
2017/02/03,0,1164000,-10985000,-9821000
2017/02/06,0,11167000,-2883000,8284000
2017/02/07,0,1479000,-9180000,-7701000
2017/02/08,0,2062000,-12701000,-10639000
2017/02/09,0,10154000,-10376000,-222000
2017/02/10,0,903000,-4857000,-3954000
2017/02/13,0,4073000,-15284000,-11211000
2017/02/14,0,3985000,-1053000,2932000
2017/02/15,0,4904000,-6203000,-1299000
2017/02/16,0,248000,-4234000,-3986000
2017/02/17,0,829000,-1567000,-738000
2017/02/20,0,1231000,-3000000,-1769000
2017/02/21,0,3084000,-563000,2521000
2017/02/22,0,9857000,-2266000,7591000
2017/02/23,0,63000,-2942000,-2879000
2017/02/24,0,307000,-2705000,-2398000
2017/02/27,0,0,0,0
2017/02/28,0,0,0,0
2017/03/01,0,2200000,-5390000,-3190000
2017/03/02,0,796000,-722000,74000
2017/03/03,0,1189000,-2863000,-1674000
2017/03/06,0,4885000,-331000,4554000
2017/03/07,0,547000,-1313000,-766000
2017/03/08,0,2113000,-1072000,1041000
2017/03/09,0,635000,-1979000,-1344000
2017/03/10,0,1378000,-3479000,-2101000
2017/03/13,0,165000,-837000,-672000
2017/03/14,0,2717000,-195000,2522000
2017/03/15,0,1094000,-3307000,-2213000
2017/03/16,0,2680000,-727000,1953000
2017/03/17,0,175000,-1407000,-1232000
2017/03/20,0,143000,-858000,-715000
2017/03/21,0,933000,-300000,633000
2017/03/22,0,758000,-705000,53000
2017/03/23,0,3716000,-1443000,2273000
2017/03/24,0,0,-1543000,-1543000
2017/03/27,0,1214000,-288000,926000
2017/03/28,0,830000,-4960000,-4130000
2017/03/29,0,9202000,-2364000,6838000
2017/03/30,0,906000,-1191000,-285000
2017/03/31,0,2517000,-990000,1527000
2017/04/03,0,0,0,0
2017/04/04,0,0,0,0
2017/04/05,0,440000,-608000,-168000
2017/04/06,0,3285000,-352000,2933000
2017/04/07,0,6278000,-1250000,5028000
2017/04/10,0,19684000,-2880000,16804000
2017/04/11,0,691000,-8856000,-8165000
2017/04/12,0,19053000,-3530000,15523000
2017/04/13,0,3309000,-13144000,-9835000
2017/04/14,0,8948000,-2011000,6937000
2017/04/17,0,10027000,-7533000,2494000
2017/04/18,0,3792000,-4549000,-757000
2017/04/19,0,4178000,-9202000,-5024000
2017/04/20,0,308000,-4547000,-4239000
2017/04/21,0,967000,-1794000,-827000
2017/04/24,0,1889000,-2848000,-959000
2017/04/25,0,20384000,-2097000,18287000
2017/04/26,0,1665000,-7984000,-6319000
2017/04/27,0,10090000,-1611000,8479000
2017/04/28,0,2230000,-14654000,-12424000
2017/05/01,0,0,0,0
2017/05/02,0,1484000,-4006000,-2522000
2017/05/03,0,330000,-606000,-276000
2017/05/04,0,1695000,-1032000,663000
2017/05/05,0,928000,-1670000,-742000
2017/05/08,0,919000,-9980000,-9061000
2017/05/09,0,585000,-17479513,-16894513
2017/05/10,0,5465000,-854000,4611000
2017/05/11,0,1356000,-8778000,-7422000
2017/05/12,0,659000,-650000,9000
2017/05/15,0,728000,-62000,666000
2017/05/16,0,6725000,-1852000,4873000
2017/05/17,0,31000,-3828000,-3797000
2017/05/18,0,50000,-1300000,-1250000
2017/05/19,0,8707000,-2253000,6454000
2017/05/22,0,575000,-4889000,-4314000
2017/05/23,0,2370000,-849000,1521000
2017/05/24,0,38000,-727000,-689000
2017/05/25,0,880000,-1095000,-215000
2017/05/26,0,267000,-3922000,-3655000
2017/05/29,0,0,0,0
2017/05/30,0,0,0,0
2017/05/31,0,99000,-3428000,-3329000
2017/06/01,0,491000,-121000,370000
2017/06/02,0,907000,-207000,700000
2017/06/05,0,9181000,-580000,8601000
2017/06/06,0,9364000,-1595038,7768962
2017/06/07,0,13635000,-3395000,10240000
2017/06/08,0,2200000,-5386000,-3186000
2017/06/09,0,1381000,-8207000,-6826000
2017/06/12,0,1152000,-3982000,-2830000
2017/06/13,0,191000,-1041000,-850000
2017/06/14,0,2602000,-6716000,-4114000
2017/06/15,0,9048000,-1614000,7434000
2017/06/16,0,11303000,-4085000,7218000
2017/06/19,0,2453000,-2450000,3000
2017/06/20,0,6107000,-5070000,1037000
2017/06/21,0,16747000,-3838000,12909000
2017/06/22,0,2789000,-6034000,-3245000
2017/06/23,0,10270000,-4170000,6100000
2017/06/26,0,8711000,-3520000,5191000
2017/06/27,0,12004000,-10527000,1477000
2017/06/28,0,18573000,-10583000,7990000
2017/06/29,0,3877000,-9336000,-5459000
2017/06/30,0,22127000,-3439000,18688000
2017/07/03,0,4048000,-14611000,-10563000
2017/07/04,0,1051000,-17134000,-16083000
2017/07/05,0,2004281,-2917000,-912719
2017/07/06,0,1423000,-7492000,-6069000
2017/07/07,0,762000,-5973000,-5211000
2017/07/10,0,927000,-3369000,-2442000
2017/07/11,0,9151000,-1294000,7857000
2017/07/12,0,107000,-4869000,-4762000
2017/07/13,0,1114000,-12472000,-11358000
2017/07/14,0,3403000,-2136000,1267000
2017/07/17,0,408000,-2906000,-2498000
2017/07/18,0,11689000,-1847000,9842000
2017/07/19,0,1836000,-5614000,-3778000
2017/07/20,0,1333000,-6873000,-5540000
2017/07/21,0,5814000,-5892000,-78000
2017/07/24,0,3785000,-886000,2899000
2017/07/25,0,3891000,-986000,2905000
2017/07/26,0,3022000,-6459000,-3437000
2017/07/27,0,1102000,-8132000,-7030000
2017/07/28,0,673000,-3973000,-3300000
2017/07/31,0,2076000,-455000,1621000
2017/08/01,0,276000,-650000,-374000
2017/08/02,0,282000,-895000,-613000
2017/08/03,0,551000,-220000,331000
2017/08/04,0,5202000,-906000,4296000
2017/08/07,0,177000,-2626000,-2449000
2017/08/08,0,960000,-401000,559000
2017/08/09,0,332000,-11801000,-11469000
2017/08/10,0,2059000,-2857000,-798000
2017/08/11,0,3977000,-2933000,1044000
2017/08/14,0,1323000,-5316000,-3993000
2017/08/15,0,4538000,-928000,3610000
2017/08/16,0,1166000,-5146000,-3980000
2017/08/17,0,7426000,-1825000,5601000
2017/08/18,0,975000,-3998000,-3023000
