Date,Open,Buy,Sell,Total
2007/01/02,0,211000,-8000,203000
2007/01/03,0,0,-21680,-21680
2007/01/04,0,225000,-930000,-705000
2007/01/05,0,44000,0,44000
2007/01/08,0,0,0,0
2007/01/09,0,0,0,0
2007/01/10,0,300000,-14000,286000
2007/01/11,0,376000,0,376000
2007/01/12,0,57000,-193260,-136260
2007/01/15,0,0,-435000,-435000
2007/01/16,0,115000,0,115000
2007/01/17,0,32000,0,32000
2007/01/18,0,200000,-30000,170000
2007/01/19,0,0,-329000,-329000
2007/01/22,0,68000,-4000,64000
2007/01/23,0,0,-248000,-248000
2007/01/24,0,62000,-56000,6000
2007/01/25,0,62000,0,62000
2007/01/26,0,0,-41000,-41000
2007/01/29,0,0,-4000,-4000
2007/01/30,0,246000,0,246000
2007/01/31,0,0,0,0
2007/02/01,0,0,-102040,-102040
2007/02/02,0,11000,-615000,-604000
2007/02/05,0,171000,-130000,41000
2007/02/06,0,261000,0,261000
2007/02/07,0,0,0,0
2007/02/08,0,13000,0,13000
2007/02/09,0,476000,0,476000
2007/02/12,0,220000,-138000,82000
2007/02/13,0,0,-146000,-146000
2007/02/14,0,9000,-25000,-16000
2007/02/15,0,0,0,0
2007/02/16,0,0,0,0
2007/02/19,0,0,0,0
2007/02/20,0,0,0,0
2007/02/21,0,0,0,0
2007/02/22,0,0,0,0
2007/02/23,0,0,0,0
2007/02/26,0,0,0,0
2007/02/27,0,0,-170520,-170520
2007/02/28,0,0,0,0
2007/03/01,0,212000,0,212000
2007/03/02,0,300000,0,300000
2007/03/05,0,600000,-53000,547000
2007/03/06,0,138000,-11000,127000
2007/03/07,0,0,-36000,-36000
2007/03/08,0,0,0,0
2007/03/09,0,0,0,0
2007/03/12,0,17000,-7000,10000
2007/03/13,0,0,-15000,-15000
2007/03/14,0,100000,-10000,90000
2007/03/15,0,222000,0,222000
2007/03/16,0,513000,-559000,-46000
2007/03/19,0,114000,-200000,-86000
2007/03/20,0,0,-664000,-664000
2007/03/21,0,0,-27000,-27000
2007/03/22,0,0,-14000,-14000
2007/03/23,0,0,-490000,-490000
2007/03/26,0,71000,0,71000
2007/03/27,0,54000,-94000,-40000
2007/03/28,0,54000,0,54000
2007/03/29,0,0,-6000,-6000
2007/03/30,0,0,-12000,-12000
2007/04/02,0,48000,-16000,32000
2007/04/03,0,16000,-130000,-114000
2007/04/04,0,73000,0,73000
2007/04/05,0,0,0,0
2007/04/06,0,0,0,0
2007/04/09,0,0,-5000,-5000
2007/04/10,0,0,-8000,-8000
2007/04/11,0,6000,-530000,-524000
2007/04/12,0,0,-107000,-107000
2007/04/13,0,28000,-65000,-37000
2007/04/16,0,0,-12000,-12000
2007/04/17,0,222000,-11000,211000
2007/04/18,0,0,0,0
2007/04/19,0,12000,-200000,-188000
2007/04/20,0,0,-80000,-80000
2007/04/23,0,13000,0,13000
2007/04/24,0,42000,-14000,28000
2007/04/25,0,0,-269000,-269000
2007/04/26,0,0,-1599000,-1599000
2007/04/27,0,0,0,0
2007/04/30,0,0,-583000,-583000
2007/05/01,0,0,0,0
2007/05/02,0,30000,0,30000
2007/05/03,0,48000,-200500,-152500
2007/05/04,0,230000,-100000,130000
2007/05/07,0,0,-190000,-190000
2007/05/08,0,0,-1334000,-1334000
2007/05/09,0,0,-153000,-153000
2007/05/10,0,34000,-29000,5000
2007/05/11,0,0,-2000,-2000
2007/05/14,0,12000,-365000,-353000
2007/05/15,0,72000,-100000,-28000
2007/05/16,0,0,-65000,-65000
2007/05/17,0,0,-492000,-492000
2007/05/18,0,0,-1000,-1000
2007/05/21,0,0,0,0
2007/05/22,0,20000,-45000,-25000
2007/05/23,0,0,-221000,-221000
2007/05/24,0,2549000,-217000,2332000
2007/05/25,0,5000,-70000,-65000
2007/05/28,0,1650000,-75000,1575000
2007/05/29,0,702000,-100000,602000
2007/05/30,0,35000,-236000,-201000
2007/05/31,0,0,-24000,-24000
2007/06/01,0,0,-13000,-13000
2007/06/04,0,12000,-45000,-33000
2007/06/05,0,0,-966000,-966000
2007/06/06,0,7000,0,7000
2007/06/07,0,0,-20000,-20000
2007/06/08,0,0,-134000,-134000
2007/06/11,0,0,-77000,-77000
2007/06/12,0,26000,-35000,-9000
2007/06/13,0,0,-4000,-4000
2007/06/14,0,0,-65000,-65000
2007/06/15,0,138000,-38000,100000
2007/06/18,0,0,0,0
2007/06/19,0,0,0,0
2007/06/20,0,50000,-2000,48000
2007/06/21,0,20000,-12000,8000
2007/06/22,0,0,0,0
2007/06/25,0,0,-788000,-788000
2007/06/26,0,0,-23000,-23000
2007/06/27,0,0,0,0
2007/06/28,0,0,0,0
2007/06/29,0,5000,-85960,-80960
2007/07/02,0,0,-100000,-100000
2007/07/03,0,0,-2000,-2000
2007/07/04,0,5000,-34000,-29000
2007/07/05,0,725000,-206000,519000
2007/07/06,0,703000,0,703000
2007/07/09,0,672000,-23000,649000
2007/07/10,0,4000,0,4000
2007/07/11,0,0,0,0
2007/07/12,0,0,-144000,-144000
2007/07/13,0,0,0,0
2007/07/16,0,0,0,0
2007/07/17,0,45000,-21000,24000
2007/07/18,0,30000,0,30000
2007/07/19,0,11000,-9000,2000
2007/07/20,0,10000,0,10000
2007/07/23,0,1000,-50000,-49000
2007/07/24,0,3000,-26000,-23000
2007/07/25,0,3555000,0,3555000
2007/07/26,0,23000,-64000,-41000
2007/07/27,0,14000,0,14000
2007/07/30,0,2000,0,2000
2007/07/31,0,0,-10000,-10000
2007/08/01,0,0,-278000,-278000
2007/08/02,0,10000,-33000,-23000
2007/08/03,0,701000,-6000,695000
2007/08/06,0,76000,0,76000
2007/08/07,0,644000,0,644000
2007/08/08,0,85000,0,85000
2007/08/09,0,0,-181660,-181660
2007/08/10,0,10000,-111000,-101000
2007/08/13,0,5000,-40000,-35000
2007/08/14,0,29000,0,29000
2007/08/15,0,799000,0,799000
2007/08/16,0,83000,-26000,57000
2007/08/17,0,65000,-710000,-645000
2007/08/20,0,35000,0,35000
2007/08/21,0,600000,0,600000
2007/08/22,0,1311000,-7000,1304000
2007/08/23,0,13000,-8000,5000
2007/08/24,0,0,-8000,-8000
2007/08/27,0,14000,-721000,-707000
2007/08/28,0,950000,-14000,936000
2007/08/29,0,1880000,-281000,1599000
2007/08/30,0,410000,0,410000
2007/08/31,0,281000,-46000,235000
2007/09/03,0,180000,-17000,163000
2007/09/04,0,277000,-614000,-337000
2007/09/05,0,0,0,0
2007/09/06,0,0,-247000,-247000
2007/09/07,0,2000,-45000,-43000
2007/09/10,0,0,-28000,-28000
2007/09/11,0,0,0,0
2007/09/12,0,0,0,0
2007/09/13,0,150000,-2640,147360
2007/09/14,0,864000,0,864000
2007/09/17,0,0,0,0
2007/09/18,0,0,0,0
2007/09/19,0,8000,-30000,-22000
2007/09/20,0,511000,0,511000
2007/09/21,0,11000,-545000,-534000
2007/09/24,0,0,0,0
2007/09/25,0,0,0,0
2007/09/26,0,65000,-12000,53000
2007/09/27,0,11000,-1310000,-1299000
2007/09/28,0,0,-1634000,-1634000
2007/10/01,0,0,-2226000,-2226000
2007/10/02,0,70000,-2417000,-2347000
2007/10/03,0,0,-4000,-4000
2007/10/04,0,0,0,0
2007/10/05,0,0,-30000,-30000
2007/10/08,0,66000,-29000,37000
2007/10/09,0,0,-30000,-30000
2007/10/10,0,0,0,0
2007/10/11,0,0,0,0
2007/10/12,0,11000,0,11000
2007/10/15,0,27000,-58000,-31000
2007/10/16,0,39000,-25000,14000
2007/10/17,0,28000,-225000,-197000
2007/10/18,0,0,0,0
2007/10/19,0,0,-71000,-71000
2007/10/22,0,24000,0,24000
2007/10/23,0,11000,-5000,6000
2007/10/24,0,0,-10000,-10000
2007/10/25,0,11000,0,11000
2007/10/26,0,0,0,0
2007/10/29,0,83000,0,83000
2007/10/30,0,12000,-7000,5000
2007/10/31,0,159000,-10000,149000
2007/11/01,0,147000,0,147000
2007/11/02,0,41000,0,41000
2007/11/05,0,390000,0,390000
2007/11/06,0,300000,0,300000
2007/11/07,0,2000,0,2000
2007/11/08,0,301000,0,301000
2007/11/09,0,1432000,0,1432000
2007/11/12,0,4542000,0,4542000
2007/11/13,0,2212000,-5000,2207000
2007/11/14,0,32000,-200000,-168000
2007/11/15,0,293000,-44100,248900
2007/11/16,0,529000,0,529000
2007/11/19,0,435000,-69100,365900
2007/11/20,0,1117000,-1000,1116000
2007/11/21,0,1327000,0,1327000
2007/11/22,0,2383000,-200000,2183000
2007/11/23,0,3015000,0,3015000
2007/11/26,0,2031000,0,2031000
2007/11/27,0,4949000,-182000,4767000
2007/11/28,0,1202000,0,1202000
2007/11/29,0,787000,0,787000
2007/11/30,0,2350000,0,2350000
2007/12/03,0,64000,-630000,-566000
2007/12/04,0,375000,-338000,37000
2007/12/05,0,216000,-317000,-101000
2007/12/06,0,1000,-482000,-481000
2007/12/07,0,1115000,-105000,1010000
2007/12/10,0,3553000,0,3553000
2007/12/11,0,2000,-78000,-76000
2007/12/12,0,955000,0,955000
2007/12/13,0,3255000,-54000,3201000
2007/12/14,0,3768000,-16000,3752000
2007/12/17,0,4256000,-3000,4253000
2007/12/18,0,3934000,-9100,3924900
2007/12/19,0,138000,-948000,-810000
2007/12/20,0,2034000,-1934977,99023
2007/12/21,0,0,0,0
2007/12/24,0,0,0,0
2007/12/25,0,0,0,0
2007/12/26,0,0,0,0
2007/12/27,0,0,0,0
2007/12/28,0,0,0,0
2007/12/31,0,0,0,0
2008/01/01,0,0,0,0
2008/01/02,0,0,0,0
2008/01/03,0,0,0,0
2008/01/04,0,0,0,0
2008/01/07,0,0,0,0
2008/01/08,0,0,0,0
2008/01/09,0,9812000,-385000,9427000
2008/01/10,0,2478000,-109476,2368524
2008/01/11,0,2625000,-2000,2623000
2008/01/14,0,656000,-215636,440364
2008/01/15,0,2584000,-1281272,1302728
2008/01/16,0,2265000,-100000,2165000
2008/01/17,0,3964000,-139090,3824910
2008/01/18,0,70000,-902000,-832000
2008/01/21,0,1279000,-38909,1240091
2008/01/22,0,4681000,-183000,4498000
2008/01/23,0,6001000,-2000,5999000
2008/01/24,0,4708000,-123000,4585000
2008/01/25,0,2122000,-372000,1750000
2008/01/28,0,188000,-4271000,-4083000
2008/01/29,0,345000,-180000,165000
2008/01/30,0,478000,-1100000,-622000
2008/01/31,0,1285000,0,1285000
2008/02/01,0,37000,-962000,-925000
2008/02/04,0,0,0,0
2008/02/05,0,0,0,0
2008/02/06,0,0,0,0
2008/02/07,0,0,0,0
2008/02/08,0,0,0,0
2008/02/11,0,0,0,0
2008/02/12,0,1489000,-858000,631000
2008/02/13,0,2633000,-729909,1903091
2008/02/14,0,130000,-65000,65000
2008/02/15,0,542000,0,542000
2008/02/18,0,403000,-189000,214000
2008/02/19,0,334000,-821000,-487000
2008/02/20,0,354000,-840272,-486272
2008/02/21,0,866000,-936363,-70363
2008/02/22,0,1208000,-2076401,-868401
2008/02/25,0,790000,-1277090,-487090
2008/02/26,0,695000,-949000,-254000
2008/02/27,0,1106000,-55000,1051000
2008/02/28,0,0,0,0
2008/02/29,0,7210000,-1426636,5783364
2008/03/03,0,4485000,-80000,4405000
2008/03/04,0,6243000,-20000,6223000
2008/03/05,0,2437000,-2390968,46032
2008/03/06,0,5420000,-7000,5413000
2008/03/07,0,1030000,-356000,674000
2008/03/10,0,1338000,-2432267,-1094267
2008/03/11,0,96000,-1000000,-904000
2008/03/12,0,1012000,-1800000,-788000
2008/03/13,0,486000,-1502000,-1016000
2008/03/14,0,622000,-590000,32000
2008/03/17,0,1956000,-53000,1903000
2008/03/18,0,535000,-326000,209000
2008/03/19,0,684000,-10000,674000
2008/03/20,0,5574000,-150000,5424000
2008/03/21,0,321000,-1351909,-1030909
2008/03/24,0,1025000,-1519000,-494000
2008/03/25,0,120000,-241000,-121000
2008/03/26,0,314000,-500000,-186000
2008/03/27,0,1261000,-77000,1184000
2008/03/28,0,330000,-20000,310000
2008/03/31,0,1084000,-27000,1057000
2008/04/01,0,553000,-152000,401000
2008/04/02,0,8000,-1110000,-1102000
2008/04/03,0,5000,-3811000,-3806000
2008/04/04,0,0,0,0
2008/04/07,0,306000,-3648545,-3342545
2008/04/08,0,275000,-2456454,-2181454
2008/04/09,0,2527000,-1469000,1058000
2008/04/10,0,1473000,-1990000,-517000
2008/04/11,0,634000,-4686000,-4052000
2008/04/14,0,2009000,-2174181,-165181
2008/04/15,0,422000,-2298000,-1876000
2008/04/16,0,1119000,-668000,451000
2008/04/17,0,8049000,-457000,7592000
2008/04/18,0,2581000,-138000,2443000
2008/04/21,0,1024000,-1680000,-656000
2008/04/22,0,11000,-4563000,-4552000
2008/04/23,0,111000,-960000,-849000
2008/04/24,0,38000,-80000,-42000
2008/04/25,0,1007000,-324000,683000
2008/04/28,0,272000,-230000,42000
2008/04/29,0,1741000,-90000,1651000
2008/04/30,0,349000,-3804000,-3455000
2008/05/01,0,0,0,0
2008/05/02,0,2332000,-2780000,-448000
2008/05/05,0,276000,-2491000,-2215000
2008/05/06,0,1250000,-736000,514000
2008/05/07,0,75000,-1261454,-1186454
2008/05/08,0,255000,-760000,-505000
2008/05/09,0,1064000,-3161000,-2097000
2008/05/12,0,88000,-380000,-292000
2008/05/13,0,164000,-229000,-65000
2008/05/14,0,2053000,-935000,1118000
2008/05/15,0,215000,-560000,-345000
2008/05/16,0,0,-3501000,-3501000
2008/05/19,0,82000,-1061000,-979000
2008/05/20,0,260000,-28000,232000
2008/05/21,0,50000,-1563000,-1513000
2008/05/22,0,1686000,-1177000,509000
2008/05/23,0,247000,-608000,-361000
2008/05/26,0,1166000,-1014000,152000
2008/05/27,0,943000,0,943000
2008/05/28,0,27000,-150000,-123000
2008/05/29,0,429000,-130000,299000
2008/05/30,0,1143000,-111000,1032000
2008/06/02,0,1222000,-100000,1122000
2008/06/03,0,900000,-17000,883000
2008/06/04,0,15000,0,15000
2008/06/05,0,5000,-200000,-195000
2008/06/06,0,66000,0,66000
2008/06/09,0,257000,-224000,33000
2008/06/10,0,487000,-1334000,-847000
2008/06/11,0,307000,-594000,-287000
2008/06/12,0,981000,-24000,957000
2008/06/13,0,298000,-56000,242000
2008/06/16,0,1252000,-19000,1233000
2008/06/17,0,1568000,-27545,1540455
2008/06/18,0,1034000,0,1034000
2008/06/19,0,498000,-12000,486000
2008/06/20,0,510000,-417000,93000
2008/06/23,0,457000,0,457000
2008/06/24,0,364000,-122000,242000
2008/06/25,0,1142000,-9000,1133000
2008/06/26,0,575000,-786000,-211000
2008/06/27,0,2506000,0,2506000
2008/06/30,0,3845000,0,3845000
2008/07/01,0,2371000,-2398000,-27000
2008/07/02,0,1336000,-2537000,-1201000
2008/07/03,0,189000,-2954000,-2765000
2008/07/04,0,1248000,-2342727,-1094727
2008/07/07,0,445000,-63000,382000
2008/07/08,0,452000,-100000,352000
2008/07/09,0,887000,-3096000,-2209000
2008/07/10,0,581000,-802000,-221000
2008/07/11,0,417000,-550000,-133000
2008/07/14,0,5000,-5163000,-5158000
2008/07/15,0,234000,-3458000,-3224000
2008/07/16,0,492000,-401000,91000
2008/07/17,0,1277000,-1330000,-53000
2008/07/18,0,474000,-1793000,-1319000
2008/07/21,0,7000,-935000,-928000
2008/07/22,0,708000,-522000,186000
2008/07/23,0,811000,-589000,222000
2008/07/24,0,85000,-1396000,-1311000
2008/07/25,0,400000,-40000,360000
2008/07/28,0,0,0,0
2008/07/29,0,3185000,-23000,3162000
2008/07/30,0,2534000,-193000,2341000
2008/07/31,0,1749000,0,1749000
2008/08/01,0,2086000,0,2086000
2008/08/04,0,952000,0,952000
2008/08/05,0,1709000,-65000,1644000
2008/08/06,0,2610000,-238000,2372000
2008/08/07,0,30000,-2054000,-2024000
2008/08/08,0,437000,-208000,229000
2008/08/11,0,716000,-241000,475000
2008/08/12,0,623000,-1912000,-1289000
2008/08/13,0,24000,-1091000,-1067000
2008/08/14,0,503000,-407000,96000
2008/08/15,0,236000,-500000,-264000
2008/08/18,0,831000,-21000,810000
2008/08/19,0,1978000,-69000,1909000
2008/08/20,0,1753000,-45000,1708000
2008/08/21,0,445000,-35000,410000
2008/08/22,0,1407000,-1500000,-93000
2008/08/25,0,98000,0,98000
2008/08/26,0,251000,-44000,207000
2008/08/27,0,0,-110000,-110000
2008/08/28,0,905000,0,905000
2008/08/29,0,1528000,-393000,1135000
2008/09/01,0,1511000,0,1511000
2008/09/02,0,1458000,-7000,1451000
2008/09/03,0,4131000,-33000,4098000
2008/09/04,0,3613000,-4000,3609000
2008/09/05,0,1463000,0,1463000
2008/09/08,0,775000,-113000,662000
2008/09/09,0,521000,-107000,414000
2008/09/10,0,2383000,-95000,2288000
2008/09/11,0,388000,-18000,370000
2008/09/12,0,906000,-701000,205000
2008/09/15,0,478000,-402000,76000
2008/09/16,0,978000,-626000,352000
2008/09/17,0,1200000,-1442000,-242000
2008/09/18,0,1583000,-1254000,329000
2008/09/19,0,336000,-8205000,-7869000
2008/09/22,0,63000,-845000,-782000
2008/09/23,0,50000,-1208000,-1158000
2008/09/24,0,124000,-1717000,-1593000
2008/09/25,0,1243000,-1073000,170000
2008/09/26,0,3702000,-864000,2838000
2008/09/29,0,0,0,0
2008/09/30,0,856000,-1233000,-377000
2008/10/01,0,2642000,-291000,2351000
2008/10/02,0,2920000,-52181,2867819
2008/10/03,0,1408000,-973000,435000
2008/10/06,0,1993000,-173000,1820000
2008/10/07,0,5856000,-569000,5287000
2008/10/08,0,4740000,-277000,4463000
2008/10/09,0,3199000,-154000,3045000
2008/10/10,0,0,0,0
2008/10/13,0,1831000,-960000,871000
2008/10/14,0,170000,-2121000,-1951000
2008/10/15,0,32000,-1802000,-1770000
2008/10/16,0,44000,-100000,-56000
2008/10/17,0,1202000,-2061000,-859000
2008/10/20,0,2709000,-408000,2301000
2008/10/21,0,2852000,-4860000,-2008000
2008/10/22,0,1522000,-183000,1339000
2008/10/23,0,1841000,-1879000,-38000
2008/10/24,0,4672000,-83000,4589000
2008/10/27,0,4610000,-1195000,3415000
2008/10/28,0,3105000,-186000,2919000
2008/10/29,0,4941000,-383000,4558000
2008/10/30,0,9112000,-81000,9031000
2008/10/31,0,3205000,-936000,2269000
2008/11/03,0,1225000,-1013000,212000
2008/11/04,0,473000,-503000,-30000
2008/11/05,0,3017000,-3312000,-295000
2008/11/06,0,1759000,-1024000,735000
2008/11/07,0,3986000,0,3986000
2008/11/10,0,3055000,-505000,2550000
2008/11/11,0,4479000,-1703000,2776000
2008/11/12,0,4250000,-47000,4203000
2008/11/13,0,7601000,-93000,7508000
2008/11/14,0,4280000,-361000,3919000
2008/11/17,0,3962000,-872000,3090000
2008/11/18,0,3688000,-1608000,2080000
2008/11/19,0,2008000,-707000,1301000
2008/11/20,0,4879000,-114000,4765000
2008/11/21,0,4744000,-250000,4494000
2008/11/24,0,3637000,-61000,3576000
2008/11/25,0,2030000,-2204713,-174713
2008/11/26,0,3704000,-1053000,2651000
2008/11/27,0,2922000,-961000,1961000
2008/11/28,0,788000,-2776000,-1988000
2008/12/01,0,673000,-2603287,-1930287
2008/12/02,0,2091000,-8000,2083000
2008/12/03,0,786000,-128200,657800
2008/12/04,0,832000,-418170,413830
2008/12/05,0,2240000,-403360,1836640
2008/12/08,0,7008000,-794000,6214000
2008/12/09,0,556000,-9467210,-8911210
2008/12/10,0,769000,-4330000,-3561000
2008/12/11,0,1295000,-8638640,-7343640
2008/12/12,0,905000,-1058439,-153439
2008/12/15,0,209000,-9085320,-8876320
2008/12/16,0,8659000,-240000,8419000
2008/12/17,0,6916000,-1970000,4946000
2008/12/18,0,2972000,-36000,2936000
2008/12/19,0,3240000,-1370000,1870000
2008/12/22,0,1404000,-975710,428290
2008/12/23,0,6160000,0,6160000
2008/12/24,0,1600000,-1691950,-91950
2008/12/25,0,1860000,-2089000,-229000
2008/12/26,0,17000,-1272000,-1255000
2008/12/29,0,2030000,-329000,1701000
2008/12/30,0,1275000,-951000,324000
2008/12/31,0,50000,-6198000,-6148000
2009/01/01,0,0,0,0
2009/01/02,0,0,0,0
2009/01/05,0,0,-4683400,-4683400
2009/01/06,0,157000,-4572490,-4415490
2009/01/07,0,5000,-7013800,-7008800
2009/01/08,0,940000,-1000000,-60000
2009/01/09,0,1105000,-978100,126900
2009/01/12,0,654800,-62000,592800
2009/01/13,0,2646000,-625000,2021000
2009/01/14,0,385000,-18000,367000
2009/01/15,0,6208000,-382000,5826000
2009/01/16,0,4561000,0,4561000
2009/01/19,0,600000,-528000,72000
2009/01/20,0,2705000,-367000,2338000
2009/01/21,0,4476000,-8000,4468000
2009/01/22,0,0,0,0
2009/01/23,0,0,0,0
2009/01/26,0,0,0,0
2009/01/27,0,0,0,0
2009/01/28,0,0,0,0
2009/01/29,0,0,0,0
2009/01/30,0,0,0,0
2009/02/02,0,50000,0,50000
2009/02/03,0,4325000,-789599,3535401
2009/02/04,0,450000,-10113000,-9663000
2009/02/05,0,521000,-10862000,-10341000
2009/02/06,0,17000,-6454000,-6437000
2009/02/09,0,725000,-8252650,-7527650
2009/02/10,0,277000,-792500,-515500
2009/02/11,0,0,-929000,-929000
2009/02/12,0,2817000,-624000,2193000
2009/02/13,0,2339000,-55000,2284000
2009/02/16,0,100000,-1292000,-1192000
2009/02/17,0,2469000,-400790,2068210
2009/02/18,0,1511000,-107000,1404000
2009/02/19,0,120000,-272000,-152000
2009/02/20,0,2893000,-408000,2485000
2009/02/23,0,6731000,-910000,5821000
2009/02/24,0,1718000,-240000,1478000
2009/02/25,0,510000,-2297000,-1787000
2009/02/26,0,970000,-938000,32000
2009/02/27,0,837000,-1674500,-837500
2009/03/02,0,1008000,-4473705,-3465705
2009/03/03,0,0,0,0
2009/03/04,0,0,0,0
2009/03/05,0,0,0,0
2009/03/06,0,0,0,0
2009/03/09,0,0,0,0
2009/03/10,0,0,0,0
2009/03/11,0,0,0,0
2009/03/12,0,0,0,0
2009/03/13,0,0,0,0
2009/03/16,0,0,0,0
2009/03/17,0,0,0,0
2009/03/18,0,0,0,0
2009/03/19,0,0,0,0
2009/03/20,0,3926000,-7620000,-3694000
2009/03/23,0,70000,-9040585,-8970585
2009/03/24,0,0,-13595883,-13595883
2009/03/25,0,0,-9475077,-9475077
2009/03/26,0,250000,-6186311,-5936311
2009/03/27,0,0,-2642831,-2642831
2009/03/30,0,120000,-1926179,-1806179
2009/03/31,0,486000,-4273031,-3787031
2009/04/01,0,0,-4335221,-4335221
2009/04/02,0,2239000,-1322070,916930
2009/04/03,0,444000,-5362977,-4918977
2009/04/06,0,1210000,-1250675,-40675
2009/04/07,0,2450000,-1236710,1213290
2009/04/08,0,1713000,-3446817,-1733817
2009/04/09,0,857000,0,857000
2009/04/10,0,717000,-2912830,-2195830
2009/04/13,0,5000,-2594027,-2589027
2009/04/14,0,19000,-1898634,-1879634
2009/04/15,0,0,-2137895,-2137895
2009/04/16,0,101000,-2277161,-2176161
2009/04/17,0,60000,-2350000,-2290000
2009/04/20,0,392000,-1120961,-728961
2009/04/21,0,1516000,-319000,1197000
2009/04/22,0,480000,-7062761,-6582761
2009/04/23,0,200000,-303532,-103532
2009/04/24,0,258000,-2964000,-2706000
2009/04/27,0,30000,-231000,-201000
2009/04/28,0,746000,-930448,-184448
2009/04/29,0,4045000,-724634,3320366
2009/04/30,0,2717000,-740000,1977000
2009/05/01,0,0,0,0
2009/05/04,0,636000,-7225000,-6589000
2009/05/05,0,77000,-9651611,-9574611
2009/05/06,0,0,-9264028,-9264028
2009/05/07,0,2000,-8390084,-8388084
2009/05/08,0,50000,-2146155,-2096155
2009/05/11,0,210000,-3745925,-3535925
2009/05/12,0,0,-1099667,-1099667
2009/05/13,0,234000,-845314,-611314
2009/05/14,0,868000,-634801,233199
2009/05/15,0,42000,-428000,-386000
2009/05/18,0,2003000,-6463630,-4460630
2009/05/19,0,174000,-6419881,-6245881
2009/05/20,0,414000,-652098,-238098
2009/05/21,0,415000,-1574000,-1159000
2009/05/22,0,196000,-2805468,-2609468
2009/05/25,0,221000,-1027572,-806572
2009/05/26,0,3777000,-103000,3674000
2009/05/27,0,3760000,-187000,3573000
2009/05/28,0,0,0,0
2009/05/29,0,0,0,0
2009/06/01,0,1287000,-84000,1203000
2009/06/02,0,906000,-677000,229000
2009/06/03,0,5316000,-1245000,4071000
2009/06/04,0,1420000,-101950,1318050
2009/06/05,0,6024000,-158231,5865769
2009/06/08,0,5255000,-25964,5229036
2009/06/09,0,9551000,-283000,9268000
2009/06/10,0,4952000,-75000,4877000
2009/06/11,0,5637000,-250000,5387000
2009/06/12,0,2462000,-37000,2425000
2009/06/15,0,5067000,-1230988,3836012
2009/06/16,0,12121000,-11000,12110000
2009/06/17,0,3279000,-475000,2804000
2009/06/18,0,4945000,-3517805,1427195
2009/06/19,0,1345000,-423000,922000
2009/06/22,0,1102000,-751479,350521
2009/06/23,0,2661000,-546000,2115000
2009/06/24,0,583000,-545456,37544
2009/06/25,0,254000,0,254000
2009/06/26,0,325000,-218707,106293
2009/06/29,0,600000,0,600000
2009/06/30,0,1080000,0,1080000
2009/07/01,0,448000,-100000,348000
2009/07/02,0,250000,-7401600,-7151600
2009/07/03,0,250000,-3982000,-3732000
2009/07/06,0,0,-315534,-315534
2009/07/07,0,812000,-3911000,-3099000
2009/07/08,0,0,-3320000,-3320000
2009/07/09,0,0,-2055687,-2055687
2009/07/10,0,0,-2694000,-2694000
2009/07/13,0,518000,-759000,-241000
2009/07/14,0,2000,-1288000,-1286000
2009/07/15,0,0,-7214473,-7214473
2009/07/16,0,0,-5466000,-5466000
2009/07/17,0,448000,-3757000,-3309000
2009/07/20,0,0,-2334537,-2334537
2009/07/21,0,0,-1492000,-1492000
2009/07/22,0,0,-5038148,-5038148
2009/07/23,0,0,-547000,-547000
2009/07/24,0,0,-920003,-920003
2009/07/27,0,2589000,-300307,2288693
2009/07/28,0,950000,-21000,929000
2009/07/29,0,2516000,-3671000,-1155000
2009/07/30,0,415000,-84000,331000
2009/07/31,0,891000,-2613910,-1722910
2009/08/03,0,2035000,-2150038,-115038
2009/08/04,0,136000,-1324715,-1188715
2009/08/05,0,188000,0,188000
2009/08/06,0,1770000,-1573000,197000
2009/08/07,0,0,0,0
2009/08/10,0,1064000,-447000,617000
2009/08/11,0,14000,-1099000,-1085000
2009/08/12,0,735000,-1077000,-342000
2009/08/13,0,6000,-100510,-94510
2009/08/14,0,80000,-708236,-628236
2009/08/17,0,775000,-676000,99000
2009/08/18,0,9555000,0,9555000
2009/08/19,0,4036000,0,4036000
2009/08/20,0,1789000,-243000,1546000
2009/08/21,0,1250000,-110000,1140000
2009/08/24,0,1799000,-80000,1719000
2009/08/25,0,100000,-509000,-409000
2009/08/26,0,980000,0,980000
2009/08/27,0,545000,-10000,535000
2009/08/28,0,700000,0,700000
2009/08/31,0,142000,0,142000
2009/09/01,0,610000,-2300000,-1690000
2009/09/02,0,150000,-2921000,-2771000
2009/09/03,0,2000,-3050000,-3048000
2009/09/04,0,0,-2720000,-2720000
2009/09/07,0,0,-1523000,-1523000
2009/09/08,0,280000,-1995033,-1715033
2009/09/09,0,55000,-1863000,-1808000
2009/09/10,0,146000,-2464000,-2318000
2009/09/11,0,100000,0,100000
2009/09/14,0,57000,-293000,-236000
2009/09/15,0,0,-371000,-371000
2009/09/16,0,0,-2994000,-2994000
2009/09/17,0,0,-310000,-310000
2009/09/18,0,1000,-3995000,-3994000
2009/09/21,0,100000,-3203696,-3103696
2009/09/22,0,123000,-3056083,-2933083
2009/09/23,0,181000,-296133,-115133
2009/09/24,0,86000,-1291294,-1205294
2009/09/25,0,100000,-1091615,-991615
2009/09/28,0,582000,-204000,378000
2009/09/29,0,1281000,-20200,1260800
2009/09/30,0,0,-1633000,-1633000
2009/10/01,0,288000,-1034000,-746000
2009/10/02,0,1989000,-119300,1869700
2009/10/05,0,1107000,-1081864,25136
2009/10/06,0,0,-1086657,-1086657
2009/10/07,0,0,-667000,-667000
2009/10/08,0,837000,-1743000,-906000
2009/10/09,0,158000,0,158000
2009/10/12,0,217000,-1550000,-1333000
2009/10/13,0,20000,-952883,-932883
2009/10/14,0,0,-474967,-474967
2009/10/15,0,0,-512544,-512544
2009/10/16,0,74000,-212889,-138889
2009/10/19,0,29000,-23000,6000
2009/10/20,0,10000,-836000,-826000
2009/10/21,0,43000,-18000,25000
2009/10/22,0,1960000,-465000,1495000
2009/10/23,0,0,-300000,-300000
2009/10/26,0,330000,-184965,145035
2009/10/27,0,1712000,-398000,1314000
2009/10/28,0,6895000,-5000,6890000
2009/10/29,0,4919000,-6000,4913000
2009/10/30,0,2403000,-3000,2400000
2009/11/02,0,4138000,-118193,4019807
2009/11/03,0,669000,-4000,665000
2009/11/04,0,727000,-500000,227000
2009/11/05,0,634000,-146000,488000
2009/11/06,0,412000,-45433,366567
2009/11/09,0,105000,-509400,-404400
2009/11/10,0,7000,-934507,-927507
2009/11/11,0,0,0,0
2009/11/12,0,0,-420000,-420000
2009/11/13,0,94000,-284000,-190000
2009/11/16,0,174000,-1993694,-1819694
2009/11/17,0,172000,-820341,-648341
2009/11/18,0,90000,-1404600,-1314600
2009/11/19,0,200000,-3406000,-3206000
2009/11/20,0,0,-1543247,-1543247
2009/11/23,0,0,-1657571,-1657571
2009/11/24,0,0,-250000,-250000
2009/11/25,0,82000,-2075000,-1993000
2009/11/26,0,0,-1283000,-1283000
2009/11/27,0,0,0,0
2009/11/30,0,200000,-222000,-22000
2009/12/01,0,0,-1266000,-1266000
2009/12/02,0,0,-1876000,-1876000
2009/12/03,0,0,-3549000,-3549000
2009/12/04,0,0,-2204051,-2204051
2009/12/07,0,0,-4644879,-4644879
2009/12/08,0,0,-1712700,-1712700
2009/12/09,0,0,-836000,-836000
2009/12/10,0,75000,-1666966,-1591966
2009/12/11,0,12000,-231823,-219823
2009/12/14,0,1000,-409322,-408322
2009/12/15,0,34000,-2000,32000
2009/12/16,0,264000,-273000,-9000
2009/12/17,0,120000,-80000,40000
2009/12/18,0,0,-16023,-16023
2009/12/21,0,17000,-70000,-53000
2009/12/22,0,0,-858000,-858000
2009/12/23,0,1288000,-1652876,-364876
2009/12/24,0,0,-143000,-143000
2009/12/25,0,0,-626000,-626000
2009/12/28,0,0,-53488,-53488
2009/12/29,0,0,-7000,-7000
2009/12/30,0,0,-53000,-53000
2009/12/31,0,0,-152000,-152000
2010/01/01,0,0,0,0
2010/01/04,0,20000,-15000,5000
2010/01/05,0,20000,-189000,-169000
2010/01/06,0,0,-82000,-82000
2010/01/07,0,2250000,-407000,1843000
2010/01/08,0,321000,-282000,39000
2010/01/11,0,0,-13000,-13000
2010/01/12,0,1000000,-7017000,-6017000
2010/01/13,0,50000,-857700,-807700
2010/01/14,0,0,-8000,-8000
2010/01/15,0,220000,-817000,-597000
2010/01/18,0,0,-23000,-23000
2010/01/19,0,12000,-25000,-13000
2010/01/20,0,20000,-117000,-97000
2010/01/21,0,0,0,0
2010/01/22,0,0,0,0
2010/01/25,0,0,0,0
2010/01/26,0,0,0,0
2010/01/27,0,0,0,0
2010/01/28,0,0,0,0
2010/01/29,0,0,0,0
2010/02/01,0,0,0,0
2010/02/02,0,0,0,0
2010/02/03,0,0,0,0
2010/02/04,0,0,0,0
2010/02/05,0,0,0,0
2010/02/08,0,2458000,-2750405,-292405
2010/02/09,0,2467000,-59201,2407799
2010/02/10,0,1547000,0,1547000
2010/02/11,0,0,0,0
2010/02/12,0,0,0,0
2010/02/15,0,0,0,0
2010/02/16,0,0,0,0
2010/02/17,0,0,0,0
2010/02/18,0,0,0,0
2010/02/19,0,0,0,0
2010/02/22,0,100000,0,100000
2010/02/23,0,13000,-654,12346
2010/02/24,0,499000,0,499000
2010/02/25,0,791000,0,791000
2010/02/26,0,1033000,0,1033000
2010/03/01,0,682000,0,682000
2010/03/02,0,950000,-1053092,-103092
2010/03/03,0,200000,0,200000
2010/03/04,0,0,0,0
2010/03/05,0,403000,0,403000
2010/03/08,0,150000,-74000,76000
2010/03/09,0,5000,0,5000
2010/03/10,0,265000,-110000,155000
2010/03/11,0,3000,0,3000
2010/03/12,0,0,-200000,-200000
2010/03/15,0,100000,-10000,90000
2010/03/16,0,0,-256000,-256000
2010/03/17,0,0,-1852727,-1852727
2010/03/18,0,6000,-698000,-692000
2010/03/19,0,0,-745000,-745000
2010/03/22,0,213000,0,213000
2010/03/23,0,0,0,0
2010/03/24,0,0,-146817,-146817
2010/03/25,0,300000,0,300000
2010/03/26,0,0,-2000,-2000
2010/03/29,0,0,0,0
2010/03/30,0,5000,-800000,-795000
2010/03/31,0,2899000,0,2899000
2010/04/01,0,78000,-2000,76000
2010/04/02,0,19000,-311000,-292000
2010/04/05,0,0,0,0
2010/04/06,0,0,-9000,-9000
2010/04/07,0,105000,-7000,98000
2010/04/08,0,0,-16000,-16000
2010/04/09,0,250000,-133000,117000
2010/04/12,0,0,-5000,-5000
2010/04/13,0,75000,-12000,63000
2010/04/14,0,73000,-197000,-124000
2010/04/15,0,1766000,-11000,1755000
2010/04/16,0,334000,-13000,321000
2010/04/19,0,150000,-145,149855
2010/04/20,0,311000,-11000,300000
2010/04/21,0,124000,-1188000,-1064000
2010/04/22,0,335000,-300000,35000
2010/04/23,0,0,0,0
2010/04/26,0,0,0,0
2010/04/27,0,5000,-198648,-193648
2010/04/28,0,54000,-107000,-53000
2010/04/29,0,0,0,0
2010/04/30,0,0,-16143,-16143
2010/05/03,0,0,-4000,-4000
2010/05/04,0,0,0,0
2010/05/05,0,1193000,-18000,1175000
2010/05/06,0,3186000,-3007000,179000
2010/05/07,0,1084000,-58000,1026000
2010/05/10,0,577000,0,577000
2010/05/11,0,514000,-351000,163000
2010/05/12,0,3578000,-1620000,1958000
2010/05/13,0,907000,-70000,837000
2010/05/14,0,41000,0,41000
2010/05/17,0,965000,-63000,902000
2010/05/18,0,1353000,0,1353000
2010/05/19,0,543000,-21000,522000
2010/05/20,0,4105000,-24000,4081000
2010/05/21,0,9464000,-35000,9429000
2010/05/24,0,3925000,-1076000,2849000
2010/05/25,0,4586000,-31000,4555000
2010/05/26,0,4646000,-6000,4640000
2010/05/27,0,1880000,-611544,1268456
2010/05/28,0,335000,-158000,177000
2010/05/31,0,131000,0,131000
2010/06/01,0,731000,-1052000,-321000
2010/06/02,0,825000,-120000,705000
2010/06/03,0,0,-295363,-295363
2010/06/04,0,1063000,-11000,1052000
2010/06/07,0,504000,-200000,304000
2010/06/08,0,1212000,-2000,1210000
2010/06/09,0,552000,0,552000
2010/06/10,0,2052000,-2000,2050000
2010/06/11,0,200000,-81000,119000
2010/06/14,0,9000,-410818,-401818
2010/06/15,0,1200000,-1345000,-145000
2010/06/16,0,0,0,0
2010/06/17,0,1369000,-113000,1256000
2010/06/18,0,1030000,-52000,978000
2010/06/21,0,0,-265175,-265175
2010/06/22,0,150000,-672000,-522000
2010/06/23,0,320000,-630000,-310000
2010/06/24,0,563000,-6000,557000
2010/06/25,0,530000,-157000,373000
2010/06/28,0,132000,-454000,-322000
2010/06/29,0,1564000,-500000,1064000
2010/06/30,0,1648000,0,1648000
2010/07/01,0,1053000,0,1053000
2010/07/02,0,2674000,0,2674000
2010/07/05,0,430000,-263000,167000
2010/07/06,0,628000,-1090733,-462733
2010/07/07,0,101000,-174000,-73000
2010/07/08,0,0,-1344000,-1344000
2010/07/09,0,259000,0,259000
2010/07/12,0,754000,-552000,202000
2010/07/13,0,810000,-87000,723000
2010/07/14,0,0,-2229000,-2229000
2010/07/15,0,415000,-946000,-531000
2010/07/16,0,350000,-1636000,-1286000
2010/07/19,0,1100000,-70000,1030000
2010/07/20,0,0,0,0
2010/07/21,0,2000,-9000,-7000
2010/07/22,0,50000,-80000,-30000
2010/07/23,0,0,-160181,-160181
2010/07/26,0,488000,-905000,-417000
2010/07/27,0,50000,-4701000,-4651000
2010/07/28,0,152000,-4165000,-4013000
2010/07/29,0,0,-933000,-933000
2010/07/30,0,0,-1607000,-1607000
2010/08/02,0,39000,-510000,-471000
2010/08/03,0,8000,-1655000,-1647000
2010/08/04,0,0,-1343000,-1343000
2010/08/05,0,50000,-869000,-819000
2010/08/06,0,0,-1097000,-1097000
2010/08/09,0,34000,-1357293,-1323293
2010/08/10,0,80000,-2232000,-2152000
2010/08/11,0,623000,-1848000,-1225000
2010/08/12,0,0,-1259000,-1259000
2010/08/13,0,81000,-997000,-916000
2010/08/16,0,0,-864000,-864000
2010/08/17,0,973000,-658000,315000
2010/08/18,0,555000,-135221,419779
2010/08/19,0,300000,-551000,-251000
2010/08/20,0,23000,-378000,-355000
2010/08/23,0,0,0,0
2010/08/24,0,0,-339293,-339293
2010/08/25,0,303000,-14000,289000
2010/08/26,0,1670000,-8000,1662000
2010/08/27,0,983000,-50000,933000
2010/08/30,0,17000,0,17000
2010/08/31,0,1333000,0,1333000
2010/09/01,0,1532000,0,1532000
2010/09/02,0,521000,-290000,231000
2010/09/03,0,6000,-102000,-96000
2010/09/06,0,300000,-450000,-150000
2010/09/07,0,173000,-2164000,-1991000
2010/09/08,0,0,-12000,-12000
2010/09/09,0,0,-791000,-791000
2010/09/10,0,22000,-550000,-528000
2010/09/13,0,0,-60000,-60000
2010/09/14,0,30000,-854000,-824000
2010/09/15,0,0,-766000,-766000
2010/09/16,0,644000,-1081000,-437000
2010/09/17,0,112000,-1208000,-1096000
2010/09/20,0,369000,-273000,96000
2010/09/21,0,0,-523000,-523000
2010/09/22,0,0,0,0
2010/09/23,0,0,-387000,-387000
2010/09/24,0,0,-332000,-332000
2010/09/27,0,991000,-368000,623000
2010/09/28,0,203000,-727000,-524000
2010/09/29,0,0,-916000,-916000
2010/09/30,0,0,-46000,-46000
2010/10/01,0,0,-385000,-385000
2010/10/04,0,622000,-5000,617000
2010/10/05,0,0,0,0
2010/10/06,0,0,-723000,-723000
2010/10/07,0,0,-139000,-139000
2010/10/08,0,742000,-271000,471000
2010/10/11,0,200000,-200000,0
2010/10/12,0,261000,-499000,-238000
2010/10/13,0,391000,-1123000,-732000
2010/10/14,0,27000,-121000,-94000
2010/10/15,0,19000,-158000,-139000
2010/10/18,0,3218000,-333000,2885000
2010/10/19,0,1307000,-10000,1297000
2010/10/20,0,0,-327500,-327500
2010/10/21,0,0,-20000,-20000
2010/10/22,0,0,-1421000,-1421000
2010/10/25,0,0,-1028000,-1028000
2010/10/26,0,111000,-1921000,-1810000
2010/10/27,0,24000,-1654000,-1630000
2010/10/28,0,84000,-772727,-688727
2010/10/29,0,0,-769000,-769000
2010/11/01,0,0,-1115000,-1115000
2010/11/02,0,0,0,0
2010/11/03,0,1900000,0,1900000
2010/11/04,0,1349000,0,1349000
2010/11/05,0,150000,0,150000
2010/11/08,0,0,-154000,-154000
2010/11/09,0,1842000,0,1842000
2010/11/10,0,1066000,-232676,833324
2010/11/11,0,16000,-523000,-507000
2010/11/12,0,0,-105000,-105000
2010/11/15,0,0,-4000,-4000
2010/11/16,0,0,-329363,-329363
2010/11/17,0,40000,0,40000
2010/11/18,0,0,0,0
2010/11/19,0,1014000,0,1014000
2010/11/22,0,1197000,-532000,665000
2010/11/23,0,269000,-389000,-120000
2010/11/24,0,0,-100000,-100000
2010/11/25,0,0,-1112000,-1112000
2010/11/26,0,5000,-1657000,-1652000
2010/11/29,0,0,-562000,-562000
2010/11/30,0,0,-656000,-656000
2010/12/01,0,0,-1585000,-1585000
2010/12/02,0,0,-673000,-673000
2010/12/03,0,0,-1191000,-1191000
2010/12/06,0,92000,-503000,-411000
2010/12/07,0,3000,-874000,-871000
2010/12/08,0,0,-716000,-716000
2010/12/09,0,26000,-1426000,-1400000
2010/12/10,0,28000,0,28000
2010/12/13,0,0,-568000,-568000
2010/12/14,0,3000,-258000,-255000
2010/12/15,0,12000,-1830000,-1818000
2010/12/16,0,767000,-1963000,-1196000
2010/12/17,0,672000,-1174454,-502454
2010/12/20,0,0,-14000,-14000
2010/12/21,0,83000,-1410000,-1327000
2010/12/22,0,462000,-650000,-188000
2010/12/23,0,0,-356000,-356000
2010/12/24,0,400000,0,400000
2010/12/27,0,0,-798000,-798000
2010/12/28,0,230000,-175000,55000
2010/12/29,0,209000,-577000,-368000
2010/12/30,0,0,-970000,-970000
2010/12/31,0,557000,-836000,-279000
2011/01/03,0,0,-493000,-493000
2011/01/04,0,454000,-1599000,-1145000
2011/01/05,0,3483000,-1529000,1954000
2011/01/06,0,31000,-2346709,-2315709
2011/01/07,0,0,0,0
2011/01/10,0,0,0,0
2011/01/11,0,0,0,0
2011/01/12,0,0,0,0
2011/01/13,0,0,0,0
2011/01/14,0,0,0,0
2011/01/17,0,0,0,0
2011/01/18,0,0,0,0
2011/01/19,0,0,0,0
2011/01/20,0,0,0,0
2011/01/21,0,0,0,0
2011/01/24,0,0,0,0
2011/01/25,0,88000,-2498000,-2410000
2011/01/26,0,527000,-646800,-119800
2011/01/27,0,682000,-163000,519000
2011/01/28,0,500000,-997000,-497000
2011/01/31,0,0,0,0
2011/02/01,0,0,0,0
2011/02/02,0,0,0,0
2011/02/03,0,0,0,0
2011/02/04,0,0,0,0
2011/02/07,0,0,0,0
2011/02/08,0,0,-224400,-224400
2011/02/09,0,0,-1172000,-1172000
2011/02/10,0,304000,-188000,116000
2011/02/11,0,518000,-500000,18000
2011/02/14,0,149000,-34000,115000
2011/02/15,0,30000,-246094,-216094
2011/02/16,0,7000,-400000,-393000
2011/02/17,0,0,-726000,-726000
2011/02/18,0,0,-112000,-112000
2011/02/21,0,0,-924000,-924000
2011/02/22,0,144000,0,144000
2011/02/23,0,140000,0,140000
2011/02/24,0,1701000,-200,1700800
2011/02/25,0,2236000,-20000,2216000
2011/02/28,0,0,0,0
2011/03/01,0,305000,-160000,145000
2011/03/02,0,1105000,0,1105000
2011/03/03,0,150000,-1799000,-1649000
2011/03/04,0,215000,-12000,203000
2011/03/07,0,825000,0,825000
2011/03/08,0,506000,0,506000
2011/03/09,0,474000,0,474000
2011/03/10,0,0,0,0
2011/03/11,0,501000,0,501000
2011/03/14,0,340000,-50000,290000
2011/03/15,0,868000,-29000,839000
2011/03/16,0,2991000,0,2991000
2011/03/17,0,495000,-7000,488000
2011/03/18,0,541000,-83000,458000
2011/03/21,0,300000,0,300000
2011/03/22,0,180000,0,180000
2011/03/23,0,2605000,0,2605000
2011/03/24,0,7000,0,7000
2011/03/25,0,200000,0,200000
2011/03/28,0,633000,0,633000
2011/03/29,0,555000,0,555000
2011/03/30,0,935000,-317000,618000
2011/03/31,0,52000,-1579000,-1527000
2011/04/01,0,12000,-385000,-373000
2011/04/04,0,0,0,0
2011/04/05,0,0,0,0
2011/04/06,0,0,-205000,-205000
2011/04/07,0,0,0,0
2011/04/08,0,241000,-606000,-365000
2011/04/11,0,403000,-150000,253000
2011/04/12,0,244000,-115200,128800
2011/04/13,0,914000,-200000,714000
2011/04/14,0,57000,-527800,-470800
2011/04/15,0,925000,-342000,583000
2011/04/18,0,273000,-3000,270000
2011/04/19,0,408000,0,408000
2011/04/20,0,0,0,0
2011/04/21,0,20000,-925000,-905000
2011/04/22,0,285000,-669000,-384000
2011/04/25,0,135000,-77000,58000
2011/04/26,0,195000,-547000,-352000
2011/04/27,0,779000,-260747,518253
2011/04/28,0,60000,-1053000,-993000
2011/04/29,0,0,-2095000,-2095000
2011/05/02,0,0,0,0
2011/05/03,0,100000,-665000,-565000
2011/05/04,0,80000,0,80000
2011/05/05,0,50000,-855000,-805000
2011/05/06,0,52000,0,52000
2011/05/09,0,207000,-3689000,-3482000
2011/05/10,0,0,-391000,-391000
2011/05/11,0,466000,0,466000
2011/05/12,0,8000,-9000,-1000
2011/05/13,0,130000,-156000,-26000
2011/05/16,0,73000,-1000000,-927000
2011/05/17,0,876000,-958000,-82000
2011/05/18,0,0,-1000000,-1000000
2011/05/19,0,4000,-130000,-126000
2011/05/20,0,40000,-2000,38000
2011/05/23,0,349000,-133000,216000
2011/05/24,0,1728000,0,1728000
2011/05/25,0,0,-3000,-3000
2011/05/26,0,0,-1000,-1000
2011/05/27,0,0,0,0
2011/05/30,0,4000,-30000,-26000
2011/05/31,0,0,-66000,-66000
2011/06/01,0,0,-273000,-273000
2011/06/02,0,79000,0,79000
2011/06/03,0,222000,0,222000
2011/06/06,0,0,0,0
2011/06/07,0,0,-117000,-117000
2011/06/08,0,105000,0,105000
2011/06/09,0,0,-4000,-4000
2011/06/10,0,15000,-407200,-392200
2011/06/13,0,696000,-170000,526000
2011/06/14,0,997000,-135000,862000
2011/06/15,0,282000,-196000,86000
2011/06/16,0,784000,-79000,705000
2011/06/17,0,1125000,-665000,460000
2011/06/20,0,922000,-380000,542000
2011/06/21,0,951000,-865000,86000
2011/06/22,0,130000,-452000,-322000
2011/06/23,0,124000,-206000,-82000
2011/06/24,0,83000,0,83000
2011/06/27,0,553000,0,553000
2011/06/28,0,663000,-248000,415000
2011/06/29,0,255000,-298000,-43000
2011/06/30,0,392000,-47000,345000
2011/07/01,0,13000,-610000,-597000
2011/07/04,0,90000,-820000,-730000
2011/07/05,0,668000,-125000,543000
2011/07/06,0,250000,-125000,125000
2011/07/07,0,250000,-109000,141000
2011/07/08,0,100000,-354000,-254000
2011/07/11,0,561000,0,561000
2011/07/12,0,208000,-20000,188000
2011/07/13,0,768000,0,768000
2011/07/14,0,334000,0,334000
2011/07/15,0,171000,-197000,-26000
2011/07/18,0,772000,-85000,687000
2011/07/19,0,1697000,0,1697000
2011/07/20,0,659000,-325000,334000
2011/07/21,0,272000,-843000,-571000
2011/07/22,0,208000,-1001600,-793600
2011/07/25,0,155000,-1336000,-1181000
2011/07/26,0,96000,-1632000,-1536000
2011/07/27,0,289000,-1765000,-1476000
2011/07/28,0,111000,-170000,-59000
2011/07/29,0,89000,-8000,81000
2011/08/01,0,525000,0,525000
2011/08/02,0,1065000,-1264000,-199000
2011/08/03,0,155000,-7000,148000
2011/08/04,0,277000,-150864,126136
2011/08/05,0,506000,0,506000
2011/08/08,0,930000,-118000,812000
2011/08/09,0,1329000,-132000,1197000
2011/08/10,0,796000,-119000,677000
2011/08/11,0,1322000,-96000,1226000
2011/08/12,0,647000,-18000,629000
2011/08/15,0,1231000,-40000,1191000
2011/08/16,0,847000,-48000,799000
2011/08/17,0,976000,-7000,969000
2011/08/18,0,767000,0,767000
2011/08/19,0,3553000,-129000,3424000
2011/08/22,0,3531000,-38000,3493000
2011/08/23,0,3357000,-25000,3332000
2011/08/24,0,1238000,0,1238000
2011/08/25,0,1852000,0,1852000
2011/08/26,0,2158000,0,2158000
2011/08/29,0,1440000,-326000,1114000
2011/08/30,0,1303000,-1254000,49000
2011/08/31,0,160000,-480000,-320000
2011/09/01,0,0,-1155000,-1155000
2011/09/02,0,781000,-688000,93000
2011/09/05,0,270000,-129000,141000
2011/09/06,0,1560000,0,1560000
2011/09/07,0,570000,0,570000
2011/09/08,0,754000,0,754000
2011/09/09,0,178000,-1001800,-823800
2011/09/12,0,0,0,0
2011/09/13,0,288000,-148567,139433
2011/09/14,0,415000,-265000,150000
2011/09/15,0,2265000,-51000,2214000
2011/09/16,0,149000,-672000,-523000
2011/09/19,0,10000,-1000,9000
2011/09/20,0,40000,0,40000
2011/09/21,0,480000,-35633,444367
2011/09/22,0,385000,-272000,113000
2011/09/23,0,3138000,-921000,2217000
2011/09/26,0,3490000,0,3490000
2011/09/27,0,1081000,0,1081000
2011/09/28,0,333000,-625000,-292000
2011/09/29,0,383000,0,383000
2011/09/30,0,1869000,-57000,1812000
2011/10/03,0,2112000,-3000,2109000
2011/10/04,0,2990000,-16000,2974000
2011/10/05,0,683000,-531000,152000
2011/10/06,0,1428000,-63000,1365000
2011/10/07,0,348000,-2664000,-2316000
2011/10/10,0,0,0,0
2011/10/11,0,115000,-1531000,-1416000
2011/10/12,0,887000,-1329000,-442000
2011/10/13,0,320000,-4587000,-4267000
2011/10/14,0,231000,-441000,-210000
2011/10/17,0,277000,-492752,-215752
2011/10/18,0,1083533,-532000,551533
2011/10/19,0,400000,-317000,83000
2011/10/20,0,1736000,-70000,1666000
2011/10/21,0,1876000,0,1876000
2011/10/24,0,663000,-248000,415000
2011/10/25,0,198000,-1350500,-1152500
2011/10/26,0,189000,-753000,-564000
2011/10/27,0,112000,-1064000,-952000
2011/10/28,0,354000,-3464000,-3110000
2011/10/31,0,385000,-629000,-244000
2011/11/01,0,192000,-147000,45000
2011/11/02,0,333000,-110000,223000
2011/11/03,0,1795000,-566000,1229000
2011/11/04,0,750000,-56000,694000
2011/11/07,0,0,-1021000,-1021000
2011/11/08,0,199000,-364000,-165000
2011/11/09,0,10000,-254000,-244000
2011/11/10,0,2708000,-14000,2694000
2011/11/11,0,2386000,-4000,2382000
2011/11/14,0,433000,-98086,334914
2011/11/15,0,353000,-183000,170000
2011/11/16,0,215000,-1280000,-1065000
2011/11/17,0,2380000,-110000,2270000
2011/11/18,0,1410000,-30000,1380000
2011/11/21,0,471000,0,471000
2011/11/22,0,2728000,-100000,2628000
2011/11/23,0,2650000,-305000,2345000
2011/11/24,0,2296000,-380000,1916000
2011/11/25,0,1453000,-317000,1136000
2011/11/28,0,931000,-170000,761000
2011/11/29,0,297000,-647000,-350000
2011/11/30,0,424000,-4000,420000
2011/12/01,0,255000,-937000,-682000
2011/12/02,0,144000,-454000,-310000
2011/12/05,0,158000,-143000,15000
2011/12/06,0,250000,-88000,162000
2011/12/07,0,1247000,-22000,1225000
2011/12/08,0,817000,0,817000
2011/12/09,0,241000,-317925,-76925
2011/12/12,0,100000,-30000,70000
2011/12/13,0,2000000,-470000,1530000
2011/12/14,0,601000,-325000,276000
2011/12/15,0,710000,-661000,49000
2011/12/16,0,250000,-117000,133000
2011/12/19,0,1024000,-21000,1003000
2011/12/20,0,588000,-52000,536000
2011/12/21,0,0,-1676000,-1676000
2011/12/22,0,13000,-777000,-764000
2011/12/23,0,120000,-4922000,-4802000
2011/12/26,0,0,-7352000,-7352000
2011/12/27,0,23000,-2251000,-2228000
2011/12/28,0,15000,-635000,-620000
2011/12/29,0,0,-68000,-68000
2011/12/30,0,0,-431000,-431000
2012/01/02,0,55000,-67000,-12000
2012/01/03,0,98000,-67000,31000
2012/01/04,0,0,-2229000,-2229000
2012/01/05,0,83001,-2245000,-2161999
2012/01/06,0,0,-1507200,-1507200
2012/01/09,0,364000,-2624000,-2260000
2012/01/10,0,26000,-3299000,-3273000
2012/01/11,0,0,-2095500,-2095500
2012/01/12,0,5000,-2040000,-2035000
2012/01/13,0,24000,-1406000,-1382000
2012/01/16,0,42000,-616000,-574000
2012/01/17,0,2000,-3420000,-3418000
2012/01/18,0,0,-4316000,-4316000
2012/01/19,0,0,0,0
2012/01/20,0,0,0,0
2012/01/23,0,0,0,0
2012/01/24,0,0,0,0
2012/01/25,0,0,0,0
2012/01/26,0,0,0,0
2012/01/27,0,0,0,0
2012/01/30,0,0,-2035000,-2035000
2012/01/31,0,4000,-9732435,-9728435
2012/02/01,0,40000,-3050000,-3010000
2012/02/02,0,550000,-4038217,-3488217
2012/02/03,0,1030000,-2350000,-1320000
2012/02/06,0,0,-462000,-462000
2012/02/07,0,7000,-341000,-334000
2012/02/08,0,0,-1712000,-1712000
2012/02/09,0,0,-2615890,-2615890
2012/02/10,0,500000,-2296000,-1796000
2012/02/13,0,0,-506000,-506000
2012/02/14,0,0,-1269000,-1269000
2012/02/15,0,20000,-1116000,-1096000
2012/02/16,0,164000,-111000,53000
2012/02/17,0,189000,-60000,129000
2012/02/20,0,0,-233951,-233951
2012/02/21,0,100000,-463000,-363000
2012/02/22,0,0,-1311000,-1311000
2012/02/23,0,0,-186000,-186000
2012/02/24,0,80000,-62000,18000
2012/02/27,0,0,0,0
2012/02/28,0,0,0,0
2012/02/29,0,0,-1674000,-1674000
2012/03/01,0,0,-271000,-271000
2012/03/02,0,0,-297000,-297000
2012/03/05,0,1033000,-273000,760000
2012/03/06,0,0,-1067836,-1067836
2012/03/07,0,0,0,0
2012/03/08,0,1212,-122000,-120788
2012/03/09,0,0,-403000,-403000
2012/03/12,0,0,-6000,-6000
2012/03/13,0,0,-78000,-78000
2012/03/14,0,0,-71248,-71248
2012/03/15,0,0,-165464,-165464
2012/03/16,0,214000,-389000,-175000
2012/03/19,0,0,-214000,-214000
2012/03/20,0,0,-254000,-254000
2012/03/21,0,0,-96000,-96000
2012/03/22,0,1084000,-105000,979000
2012/03/23,0,1517000,-200000,1317000
2012/03/26,0,266000,-131000,135000
2012/03/27,0,29000,0,29000
2012/03/28,0,0,0,0
2012/03/29,0,252000,0,252000
2012/03/30,0,557000,-11000,546000
2012/04/02,0,0,-78000,-78000
2012/04/03,0,574000,0,574000
2012/04/04,0,0,0,0
2012/04/05,0,1653000,-6392,1646608
2012/04/06,0,2031000,0,2031000
2012/04/09,0,2395000,-44000,2351000
2012/04/10,0,1320000,0,1320000
2012/04/11,0,147000,0,147000
2012/04/12,0,0,-1000,-1000
2012/04/13,0,184000,-355000,-171000
2012/04/16,0,20000,-800000,-780000
2012/04/17,0,3000,-523000,-520000
2012/04/18,0,1002000,-1744000,-742000
2012/04/19,0,0,-196000,-196000
2012/04/20,0,12000,-138000,-126000
2012/04/23,0,531000,-186981,344019
2012/04/24,0,3614000,0,3614000
2012/04/25,0,593000,0,593000
2012/04/26,0,542000,0,542000
2012/04/27,0,2219000,0,2219000
2012/04/30,0,1990000,0,1990000
2012/05/01,0,0,0,0
2012/05/02,0,315000,0,315000
2012/05/03,0,364,0,364
2012/05/04,0,10000,-956000,-946000
2012/05/07,0,500,-142000,-141500
2012/05/08,0,581000,-95000,486000
2012/05/09,0,0,0,0
2012/05/10,0,0,-32000,-32000
2012/05/11,0,89000,0,89000
2012/05/14,0,2397000,-18000,2379000
2012/05/15,0,2291000,0,2291000
2012/05/16,0,2714000,-1000,2713000
2012/05/17,0,862000,-390000,472000
2012/05/18,0,134000,0,134000
2012/05/21,0,1429000,0,1429000
2012/05/22,0,1208000,0,1208000
2012/05/23,0,674000,-44000,630000
2012/05/24,0,588000,0,588000
2012/05/25,0,1209000,-1000,1208000
2012/05/28,0,1199000,-1000,1198000
2012/05/29,0,19000,-100000,-81000
2012/05/30,0,250000,-771436,-521436
2012/05/31,0,1083000,-586000,497000
2012/06/01,0,11000,-292000,-281000
2012/06/04,0,420000,-1257000,-837000
2012/06/05,0,468000,-386000,82000
2012/06/06,0,135000,-90000,45000
2012/06/07,0,80000,-1960000,-1880000
2012/06/08,0,315000,-330000,-15000
2012/06/11,0,97000,-341000,-244000
2012/06/12,0,213000,0,213000
2012/06/13,0,515000,0,515000
2012/06/14,0,87000,0,87000
2012/06/15,0,0,-790000,-790000
2012/06/18,0,0,-2281000,-2281000
2012/06/19,0,7000,-1759000,-1752000
2012/06/20,0,0,-1489000,-1489000
2012/06/21,0,49000,-35000,14000
2012/06/22,0,180000,-90200,89800
2012/06/25,0,0,-74000,-74000
2012/06/26,0,608,-24000,-23392
2012/06/27,0,190000,0,190000
2012/06/28,0,0,-28000,-28000
2012/06/29,0,530000,-16000,514000
2012/07/02,0,191000,-382000,-191000
2012/07/03,0,91000,-24000,67000
2012/07/04,0,0,-422000,-422000
2012/07/05,0,45000,-6000,39000
2012/07/06,0,200000,-17000,183000
2012/07/09,0,24000,0,24000
2012/07/10,0,1201000,0,1201000
2012/07/11,0,927000,-41000,886000
2012/07/12,0,125000,-423000,-298000
2012/07/13,0,72000,0,72000
2012/07/16,0,63000,-19000,44000
2012/07/17,0,964000,-51000,913000
2012/07/18,0,1147000,-5000,1142000
2012/07/19,0,1102000,-213000,889000
2012/07/20,0,1375000,0,1375000
2012/07/23,0,445000,-4000,441000
2012/07/24,0,349000,-20724,328276
2012/07/25,0,0,0,0
2012/07/26,0,24000,-574000,-550000
2012/07/27,0,64000,-1051000,-987000
2012/07/30,0,0,-873000,-873000
2012/07/31,0,0,-138000,-138000
2012/08/01,0,2500,-357000,-354500
2012/08/02,0,0,0,0
2012/08/03,0,100000,0,100000
2012/08/06,0,97500,-2416000,-2318500
2012/08/07,0,403000,-760000,-357000
2012/08/08,0,2000,-630000,-628000
2012/08/09,0,160000,-1360000,-1200000
2012/08/10,0,95000,-2483000,-2388000
2012/08/13,0,0,-2459000,-2459000
2012/08/14,0,0,-1418000,-1418000
2012/08/15,0,123000,-36000,87000
2012/08/16,0,0,-201000,-201000
2012/08/17,0,3588,-1460872,-1457284
2012/08/20,0,0,-115000,-115000
2012/08/21,0,0,-581000,-581000
2012/08/22,0,0,-762000,-762000
2012/08/23,0,6000,-613000,-607000
2012/08/24,0,40000,-1198000,-1158000
2012/08/27,0,461000,-5000,456000
2012/08/28,0,219000,-3000,216000
2012/08/29,0,44000,-199000,-155000
2012/08/30,0,0,-315000,-315000
2012/08/31,0,166000,-808800,-642800
2012/09/03,0,0,-465000,-465000
2012/09/04,0,0,-256000,-256000
2012/09/05,0,7000,-5000,2000
2012/09/06,0,5000,0,5000
2012/09/07,0,5000,-7000,-2000
2012/09/10,0,0,-58000,-58000
2012/09/11,0,80000,0,80000
2012/09/12,0,4500,-2000,2500
2012/09/13,0,3000,0,3000
2012/09/14,0,0,-621000,-621000
2012/09/17,0,3000,-300000,-297000
2012/09/18,0,0,-304000,-304000
2012/09/19,0,0,-185000,-185000
2012/09/20,0,0,-223000,-223000
2012/09/21,0,500,-166000,-165500
2012/09/24,0,2000,-12000,-10000
2012/09/25,0,0,0,0
2012/09/26,0,0,-26000,-26000
2012/09/27,0,380000,-1000,379000
2012/09/28,0,6000,-2000,4000
2012/10/01,0,2000,-50000,-48000
2012/10/02,0,0,-2000,-2000
2012/10/03,0,100000,0,100000
2012/10/04,0,7000,0,7000
2012/10/05,0,93000,-405000,-312000
2012/10/08,0,0,0,0
2012/10/09,0,1060000,0,1060000
2012/10/10,0,0,0,0
2012/10/11,0,1653000,-202000,1451000
2012/10/12,0,0,-17000,-17000
2012/10/15,0,300000,0,300000
2012/10/16,0,0,0,0
2012/10/17,0,40000,-126000,-86000
2012/10/18,0,0,-162000,-162000
2012/10/19,0,251000,-496000,-245000
2012/10/22,0,244000,0,244000
2012/10/23,0,12000,-861000,-849000
2012/10/24,0,166000,-213432,-47432
2012/10/25,0,85000,-114000,-29000
2012/10/26,0,54000,0,54000
2012/10/29,0,35000,-32656,2344
2012/10/30,0,250000,-57000,193000
2012/10/31,0,220000,-1056000,-836000
2012/11/01,0,0,0,0
2012/11/02,0,31000,-83000,-52000
2012/11/05,0,0,-5000,-5000
2012/11/06,0,361000,0,361000
2012/11/07,0,0,0,0
2012/11/08,0,409000,0,409000
2012/11/09,0,571000,-500,570500
2012/11/12,0,0,-63000,-63000
2012/11/13,0,4000,0,4000
2012/11/14,0,1200000,0,1200000
2012/11/15,0,1306000,-13000,1293000
2012/11/16,0,0,0,0
2012/11/19,0,0,0,0
2012/11/20,0,40000,0,40000
2012/11/21,0,141000,0,141000
2012/11/22,0,0,0,0
2012/11/23,0,0,0,0
2012/11/26,0,0,0,0
2012/11/27,0,10000,-9000,1000
2012/11/28,0,28000,-10000,18000
2012/11/29,0,0,-50000,-50000
2012/11/30,0,0,-604000,-604000
2012/12/03,0,0,-90000,-90000
2012/12/04,0,0,-529000,-529000
2012/12/05,0,0,-3000,-3000
2012/12/06,0,292000,0,292000
2012/12/07,0,0,0,0
2012/12/10,0,0,-55000,-55000
2012/12/11,0,250000,-30000,220000
2012/12/12,0,100000,-61000,39000
2012/12/13,0,0,-81000,-81000
2012/12/14,0,414000,-14000,400000
2012/12/17,0,0,-98000,-98000
2012/12/18,0,0,-130000,-130000
2012/12/19,0,0,0,0
2012/12/20,0,0,-123000,-123000
2012/12/21,0,0,-303000,-303000
2012/12/24,0,0,-276000,-276000
2012/12/25,0,0,0,0
2012/12/26,0,0,-50000,-50000
2012/12/27,0,0,-747000,-747000
2012/12/28,0,50000,-270000,-220000
2012/12/31,0,0,0,0
2013/01/01,0,0,0,0
2013/01/02,0,0,-550000,-550000
2013/01/03,0,0,-852800,-852800
2013/01/04,0,0,-2027000,-2027000
2013/01/07,0,0,-138000,-138000
2013/01/08,0,0,-63000,-63000
2013/01/09,0,0,-126000,-126000
2013/01/10,0,0,-2295000,-2295000
2013/01/11,0,40000,-11000,29000
2013/01/14,0,9000,0,9000
2013/01/15,0,120000,-8000,112000
2013/01/16,0,180000,-21000,159000
2013/01/17,0,80,-395000,-394920
2013/01/18,0,0,-11000,-11000
2013/01/21,0,0,-937000,-937000
2013/01/22,0,0,-10000,-10000
2013/01/23,0,0,-151000,-151000
2013/01/24,0,4000,-25000,-21000
2013/01/25,0,0,-116000,-116000
2013/01/28,0,0,-115000,-115000
2013/01/29,0,51000,0,51000
2013/01/30,0,0,-101905,-101905
2013/01/31,0,0,-329000,-329000
2013/02/01,0,0,-99000,-99000
2013/02/04,0,0,-62000,-62000
2013/02/05,0,0,-91000,-91000
2013/02/06,0,2000,-226000,-224000
2013/02/07,0,0,0,0
2013/02/08,0,0,0,0
2013/02/11,0,0,0,0
2013/02/12,0,0,0,0
2013/02/13,0,0,0,0
2013/02/14,0,0,0,0
2013/02/15,0,0,0,0
2013/02/18,0,0,-96000,-96000
2013/02/19,0,0,-2521000,-2521000
2013/02/20,0,0,-160000,-160000
2013/02/21,0,0,-272000,-272000
2013/02/22,0,0,-21000,-21000
2013/02/25,0,0,0,0
2013/02/26,0,0,-4000,-4000
2013/02/27,0,0,-441000,-441000
2013/02/28,0,0,0,0
2013/03/01,0,0,-642000,-642000
2013/03/04,0,0,0,0
2013/03/05,0,0,-74600,-74600
2013/03/06,0,0,-175000,-175000
2013/03/07,0,0,0,0
2013/03/08,0,3000,-461000,-458000
2013/03/11,0,0,-27000,-27000
2013/03/12,0,0,-87000,-87000
2013/03/13,0,0,-8000,-8000
2013/03/14,0,0,-12000,-12000
2013/03/15,0,2871000,-12000,2859000
2013/03/18,0,33000,-14000,19000
2013/03/19,0,0,-52000,-52000
2013/03/20,0,0,-23000,-23000
2013/03/21,0,0,0,0
2013/03/22,0,0,-25000,-25000
2013/03/25,0,0,0,0
2013/03/26,0,0,-47000,-47000
2013/03/27,0,0,-91000,-91000
2013/03/28,0,0,-50000,-50000
2013/03/29,0,1000,0,1000
2013/04/01,0,0,-5000,-5000
2013/04/02,0,180000,-8000,172000
2013/04/03,0,0,-15000,-15000
2013/04/04,0,0,0,0
2013/04/05,0,0,0,0
2013/04/08,0,0,-4000,-4000
2013/04/09,0,0,-6000,-6000
2013/04/10,0,0,-47000,-47000
2013/04/11,0,0,0,0
2013/04/12,0,0,-2000,-2000
2013/04/15,0,211000,-549000,-338000
2013/04/16,0,0,-580000,-580000
2013/04/17,0,22000,-54000,-32000
2013/04/18,0,500000,-275000,225000
2013/04/19,0,15190,0,15190
2013/04/22,0,0,-13000,-13000
2013/04/23,0,0,-519000,-519000
2013/04/24,0,0,-544000,-544000
2013/04/25,0,0,-38000,-38000
2013/04/26,0,0,-832000,-832000
2013/04/29,0,4000,-513000,-509000
2013/04/30,0,0,0,0
2013/05/01,0,0,0,0
2013/05/02,0,0,-256000,-256000
2013/05/03,0,0,-26000,-26000
2013/05/06,0,0,-118000,-118000
2013/05/07,0,0,0,0
2013/05/08,0,0,0,0
2013/05/09,0,0,-11000,-11000
2013/05/10,0,0,-120000,-120000
2013/05/13,0,500000,-17000,483000
2013/05/14,0,18000,0,18000
2013/05/15,0,156000,0,156000
2013/05/16,0,0,-147600,-147600
2013/05/17,0,0,-26000,-26000
2013/05/20,0,70000,-8000,62000
2013/05/21,0,0,-5000,-5000
2013/05/22,0,341000,-38000,303000
2013/05/23,0,39000,-1000,38000
2013/05/24,0,0,-21000,-21000
2013/05/27,0,21000,-8000,13000
2013/05/28,0,0,0,0
2013/05/29,0,0,0,0
2013/05/30,0,0,-1000,-1000
2013/05/31,0,2000,0,2000
2013/06/03,0,0,-61000,-61000
2013/06/04,0,14000,0,14000
2013/06/05,0,43000,-57000,-14000
2013/06/06,0,97000,0,97000
2013/06/07,0,106000,-14000,92000
2013/06/10,0,0,0,0
2013/06/11,0,56000,0,56000
2013/06/12,0,0,0,0
2013/06/13,0,66000,-4000,62000
2013/06/14,0,0,-32000,-32000
2013/06/17,0,0,-2000,-2000
2013/06/18,0,0,-16000,-16000
2013/06/19,0,101000,0,101000
2013/06/20,0,90000,0,90000
2013/06/21,0,210000,-63000,147000
2013/06/24,0,33000,-49000,-16000
2013/06/25,0,546000,-10000,536000
2013/06/26,0,49000,-10000,39000
2013/06/27,0,0,-12000,-12000
2013/06/28,0,2000,-100000,-98000
2013/07/01,0,265000,-99000,166000
2013/07/02,0,0,-92000,-92000
2013/07/03,0,43000,-49000,-6000
2013/07/04,0,180000,-51000,129000
2013/07/05,0,100000,-43000,57000
2013/07/08,0,0,0,0
2013/07/09,0,30000,0,30000
2013/07/10,0,0,0,0
2013/07/11,0,10000,-1554,8446
2013/07/12,0,552000,-155000,397000
2013/07/15,0,0,-57000,-57000
2013/07/16,0,0,-15000,-15000
2013/07/17,0,200000,0,200000
2013/07/18,0,132000,-54000,78000
2013/07/19,0,1817000,-1000,1816000
2013/07/22,0,150000,0,150000
2013/07/23,0,1000,0,1000
2013/07/24,0,1000,-25000,-24000
2013/07/25,0,0,-60000,-60000
2013/07/26,0,0,-261000,-261000
2013/07/29,0,0,0,0
2013/07/30,0,4000,0,4000
2013/07/31,0,73000,-236000,-163000
2013/08/01,0,0,-185000,-185000
2013/08/02,0,0,0,0
2013/08/05,0,0,-56000,-56000
2013/08/06,0,236000,0,236000
2013/08/07,0,0,0,0
2013/08/08,0,0,0,0
2013/08/09,0,181000,0,181000
2013/08/12,0,0,-25000,-25000
2013/08/13,0,0,0,0
2013/08/14,0,6000,-52000,-46000
2013/08/15,0,7000,-112000,-105000
2013/08/16,0,1000,-3000,-2000
2013/08/19,0,7000,0,7000
2013/08/20,0,2000,0,2000
2013/08/21,0,0,0,0
2013/08/22,0,7000,0,7000
2013/08/23,0,12000,0,12000
2013/08/26,0,19000,0,19000
2013/08/27,0,0,0,0
2013/08/28,0,147000,0,147000
2013/08/29,0,0,0,0
2013/08/30,0,31000,-6000,25000
2013/09/02,0,0,-1260000,-1260000
2013/09/03,0,2425,-1660000,-1657575
2013/09/04,0,0,-35000,-35000
2013/09/05,0,0,-159000,-159000
2013/09/06,0,7000,-49000,-42000
2013/09/09,0,0,-3000,-3000
2013/09/10,0,17000,0,17000
2013/09/11,0,20000,-361342,-341342
2013/09/12,0,0,-208000,-208000
2013/09/13,0,0,-18000,-18000
2013/09/16,0,203000,-180000,23000
2013/09/17,0,200000,0,200000
2013/09/18,0,7000,-622000,-615000
2013/09/19,0,0,0,0
2013/09/20,0,0,0,0
2013/09/23,0,0,-2000,-2000
2013/09/24,0,0,-40000,-40000
2013/09/25,0,0,0,0
2013/09/26,0,3000,0,3000
2013/09/27,0,0,-21000,-21000
2013/09/30,0,3000,-3000,0
2013/10/01,0,39000,-51000,-12000
2013/10/02,0,26000,-52000,-26000
2013/10/03,0,260000,-55000,205000
2013/10/04,0,1000,-67000,-66000
2013/10/07,0,0,0,0
2013/10/08,0,0,0,0
2013/10/09,0,0,0,0
2013/10/10,0,0,0,0
2013/10/11,0,0,-10000,-10000
2013/10/14,0,0,0,0
2013/10/15,0,0,0,0
2013/10/16,0,0,0,0
2013/10/17,0,1000,0,1000
2013/10/18,0,0,0,0
2013/10/21,0,0,-194000,-194000
2013/10/22,0,0,-1389000,-1389000
2013/10/23,0,0,0,0
2013/10/24,0,1000,0,1000
2013/10/25,0,0,0,0
2013/10/28,0,0,-30000,-30000
2013/10/29,0,0,-12000,-12000
2013/10/30,0,0,0,0
2013/10/31,0,1000,-6000,-5000
2013/11/01,0,0,-1000,-1000
2013/11/04,0,0,0,0
2013/11/05,0,0,0,0
2013/11/06,0,0,0,0
2013/11/07,0,0,0,0
2013/11/08,0,0,0,0
2013/11/11,0,0,0,0
2013/11/12,0,0,0,0
2013/11/13,0,0,-10000,-10000
2013/11/14,0,0,0,0
2013/11/15,0,0,0,0
2013/11/18,0,0,-55600,-55600
2013/11/19,0,0,0,0
2013/11/20,0,0,0,0
2013/11/21,0,0,-1000,-1000
2013/11/22,0,0,0,0
2013/11/25,0,0,-884,-884
2013/11/26,0,0,0,0
2013/11/27,0,0,-1000,-1000
2013/11/28,0,0,0,0
2013/11/29,0,0,0,0
2013/12/02,0,0,-2000,-2000
2013/12/03,0,0,-27000,-27000
2013/12/04,0,0,-79000,-79000
2013/12/05,0,0,-1860000,-1860000
2013/12/06,0,0,-477200,-477200
2013/12/09,0,0,0,0
2013/12/10,0,0,-15000,-15000
2013/12/11,0,0,0,0
2013/12/12,0,0,0,0
2013/12/13,0,0,0,0
2013/12/16,0,0,0,0
2013/12/17,0,0,-4000,-4000
2013/12/18,0,0,0,0
2013/12/19,0,0,0,0
2013/12/20,0,88000,0,88000
2013/12/23,0,0,0,0
2013/12/24,0,0,-123000,-123000
2013/12/25,0,0,-25000,-25000
2013/12/26,0,0,-2000,-2000
2013/12/27,0,18000,0,18000
2013/12/30,0,0,-12000,-12000
2013/12/31,0,0,-9000,-9000
2014/01/02,0,0,-20000,-20000
2014/01/03,0,0,-4000,-4000
2014/01/06,0,0,-8000,-8000
2014/01/07,0,0,-8000,-8000
2014/01/08,0,1000,0,1000
2014/01/09,0,0,0,0
2014/01/10,0,13000,0,13000
2014/01/13,0,0,0,0
2014/01/14,0,3000,0,3000
2014/01/15,0,0,-132000,-132000
2014/01/16,0,0,-3000,-3000
2014/01/17,0,0,-4000,-4000
2014/01/20,0,0,0,0
2014/01/21,0,0,-7000,-7000
2014/01/22,0,0,-9000,-9000
2014/01/23,0,200000,0,200000
2014/01/24,0,0,-51000,-51000
2014/01/27,0,0,-8000,-8000
2014/02/05,0,2000,0,2000
2014/02/06,0,0,0,0
2014/02/07,0,0,0,0
2014/02/10,0,4000,0,4000
2014/02/11,0,0,-11000,-11000
2014/02/12,0,0,0,0
2014/02/13,0,0,-15749,-15749
2014/02/14,0,0,0,0
2014/02/17,0,0,-200000,-200000
2014/02/18,0,0,0,0
2014/02/19,0,0,-1000,-1000
2014/02/20,0,0,-14000,-14000
2014/02/21,0,0,-4000,-4000
2014/02/24,0,30000,-23000,7000
2014/02/25,0,0,0,0
2014/02/26,0,0,-280000,-280000
2014/02/27,0,0,-3000,-3000
2014/03/03,0,0,-2000,-2000
2014/03/04,0,0,0,0
2014/03/05,0,100000,0,100000
2014/03/06,0,131000,-5000,126000
2014/03/07,0,69000,-4000,65000
2014/03/10,0,0,-21000,-21000
2014/03/11,0,0,-6000,-6000
2014/03/12,0,0,-4000,-4000
2014/03/13,0,0,0,0
2014/03/14,0,204000,-6000,198000
2014/03/17,0,0,-3000,-3000
2014/03/18,0,100000,0,100000
2014/03/19,0,0,0,0
2014/03/20,0,123000,-52000,71000
2014/03/21,0,180000,-68000,112000
2014/03/24,0,260000,-100000,160000
2014/03/25,0,0,0,0
2014/03/26,0,0,0,0
2014/03/27,0,0,-200000,-200000
2014/03/28,0,0,-5000,-5000
2014/03/31,0,0,0,0
2014/04/01,0,0,-65000,-65000
2014/04/02,0,0,-45000,-45000
2014/04/03,0,0,-84000,-84000
2014/04/07,0,0,-28000,-28000
2014/04/08,0,0,0,0
2014/04/09,0,0,0,0
2014/04/10,0,9720,0,9720
2014/04/11,0,0,-300000,-300000
2014/04/14,0,0,0,0
2014/04/15,0,0,0,0
2014/04/16,0,0,-1000,-1000
2014/04/17,0,0,-136000,-136000
2014/04/18,0,0,-62000,-62000
2014/04/21,0,0,-16000,-16000
2014/04/22,0,0,-3000,-3000
2014/04/23,0,0,-3000,-3000
2014/04/24,0,0,0,0
2014/04/25,0,0,-187000,-187000
2014/04/28,0,0,0,0
2014/04/29,0,0,0,0
2014/04/30,0,4000,-10000,-6000
2014/05/02,0,0,-122000,-122000
2014/05/05,0,0,0,0
2014/05/06,0,0,-60000,-60000
2014/05/07,0,0,0,0
2014/05/08,0,12000,0,12000
2014/05/09,0,0,0,0
2014/05/12,0,0,0,0
2014/05/13,0,0,-27000,-27000
2014/05/14,0,0,0,0
2014/05/15,0,5000,0,5000
2014/05/16,0,0,-37000,-37000
2014/05/19,0,0,0,0
2014/05/20,0,0,0,0
2014/05/21,0,0,-1000,-1000
2014/05/22,0,55000,0,55000
2014/05/23,0,14000,0,14000
2014/05/26,0,9000,-2000,7000
2014/05/27,0,7000,-15000,-8000
2014/05/28,0,0,-2000,-2000
2014/05/29,0,0,-18000,-18000
2014/05/30,0,0,-6000,-6000
2014/06/03,0,0,-6000,-6000
2014/06/04,0,0,0,0
2014/06/05,0,0,0,0
2014/06/06,0,0,0,0
2014/06/09,0,0,0,0
2014/06/10,0,0,-10000,-10000
2014/06/11,0,0,-17000,-17000
2014/06/12,0,0,-14000,-14000
2014/06/13,0,0,-14000,-14000
2014/06/16,0,0,-31000,-31000
2014/06/17,0,0,0,0
2014/06/18,0,0,0,0
2014/06/19,0,0,0,0
2014/06/20,0,10000,-239000,-229000
2014/06/23,0,0,0,0
2014/06/24,0,0,-28000,-28000
2014/06/25,0,0,-6000,-6000
2014/06/26,0,0,0,0
2014/06/27,0,0,0,0
2014/06/30,0,0,-24000,-24000
2014/07/01,0,0,-87000,-87000
2014/07/02,0,0,-129026,-129026
2014/07/03,0,0,-35000,-35000
2014/07/04,0,0,0,0
2014/07/07,0,0,0,0
2014/07/08,0,0,-4000,-4000
2014/07/09,0,0,0,0
2014/07/10,0,0,0,0
2014/07/11,0,0,0,0
2014/07/14,0,0,0,0
2014/07/15,0,0,-35000,-35000
2014/07/16,0,0,0,0
2014/07/17,0,26000,0,26000
2014/07/18,0,0,0,0
2014/07/21,0,0,0,0
2014/07/22,0,20000,0,20000
2014/07/23,0,0,0,0
2014/07/24,0,218000,0,218000
2014/07/25,0,595000,0,595000
2014/07/28,0,850000,0,850000
2014/07/29,0,6000,0,6000
2014/07/30,0,403000,-1000,402000
2014/07/31,0,51000,0,51000
2014/08/01,0,129000,0,129000
2014/08/04,0,0,0,0
2014/08/05,0,265000,0,265000
2014/08/06,0,8000,0,8000
2014/08/07,0,191000,0,191000
2014/08/08,0,177000,0,177000
2014/08/11,0,38000,0,38000
2014/08/12,0,4000,0,4000
2014/08/13,0,9000,0,9000
2014/08/14,0,22000,0,22000
2014/08/15,0,9000,0,9000
2014/08/18,0,1000,0,1000
2014/08/19,0,7000,0,7000
2014/08/20,0,6000,0,6000
2014/08/21,0,53000,0,53000
2014/08/22,0,0,0,0
2014/08/25,0,86000,0,86000
2014/08/26,0,3000,0,3000
2014/08/27,0,2000,0,2000
2014/08/28,0,57000,0,57000
2014/08/29,0,71000,0,71000
2014/09/01,0,0,0,0
2014/09/02,0,57000,0,57000
2014/09/03,0,19000,0,19000
2014/09/04,0,350000,-19000,331000
2014/09/05,0,19000,0,19000
2014/09/09,0,87000,0,87000
2014/09/10,0,87000,0,87000
2014/09/11,0,32000,0,32000
2014/09/12,0,27000,0,27000
2014/09/15,0,6000,0,6000
2014/09/16,0,11000,0,11000
2014/09/17,0,27000,0,27000
2014/09/18,0,0,0,0
2014/09/19,0,37500,-13000,24500
2014/09/22,0,37795,-9000,28795
2014/09/23,0,7000,0,7000
2014/09/24,0,3000,0,3000
2014/09/25,0,0,0,0
2014/09/26,0,19000,0,19000
2014/09/29,0,0,0,0
2014/09/30,0,34000,0,34000
2014/10/01,0,2000,0,2000
2014/10/02,0,1000,0,1000
2014/10/03,0,0,-100000,-100000
2014/10/06,0,9000,-20000,-11000
2014/10/07,0,3000,-20000,-17000
2014/10/08,0,2000,0,2000
2014/10/09,0,27000,-2000,25000
2014/10/13,0,0,0,0
2014/10/14,0,21000,0,21000
2014/10/15,0,5000,0,5000
2014/10/16,0,0,0,0
2014/10/17,0,3000,-100000,-97000
2014/10/20,0,20000,-221000,-201000
2014/10/21,0,19000,0,19000
2014/10/22,0,0,0,0
2014/10/23,0,30000,0,30000
2014/10/24,0,20000,0,20000
2014/10/27,0,20000,-1000,19000
2014/10/28,0,110000,0,110000
2014/10/29,0,15000,-100000,-85000
2014/10/30,0,185000,0,185000
2014/10/31,0,60000,-3000,57000
2014/11/03,0,0,-4000,-4000
2014/11/04,0,999000,0,999000
2014/11/05,0,1400000,0,1400000
2014/11/06,0,400000,0,400000
2014/11/07,0,0,-37000,-37000
2014/11/10,0,11000,-69000,-58000
2014/11/11,0,30000,-60000,-30000
2014/11/12,0,14000,0,14000
2014/11/13,0,0,0,0
2014/11/14,0,36000,0,36000
2014/11/17,0,0,-33000,-33000
2014/11/18,0,0,-1000,-1000
2014/11/19,0,0,0,0
2014/11/20,0,505000,0,505000
2014/11/21,0,100000,0,100000
2014/11/24,0,0,0,0
2014/11/25,0,2000,-2000,0
2014/11/26,0,0,-1000,-1000
2014/11/27,0,0,-4000,-4000
2014/11/28,0,0,0,0
2014/12/01,0,0,0,0
2014/12/02,0,0,-52000,-52000
2014/12/03,0,0,-1208000,-1208000
2014/12/04,0,0,0,0
2014/12/05,0,9000,-89000,-80000
2014/12/08,0,0,-3000,-3000
2014/12/09,0,0,-137000,-137000
2014/12/10,0,0,-8000,-8000
2014/12/11,0,0,-1327,-1327
2014/12/12,0,0,0,0
2014/12/15,0,0,0,0
2014/12/16,0,1000,0,1000
2014/12/17,0,0,-174000,-174000
2014/12/18,0,0,0,0
2014/12/19,0,115000,-1000,114000
2014/12/22,0,0,-40000,-40000
2014/12/23,0,0,-837000,-837000
2014/12/24,0,85000,-130000,-45000
2014/12/25,0,0,-84000,-84000
2014/12/26,0,0,-43000,-43000
2014/12/29,0,0,-7000,-7000
2014/12/30,0,0,-3000,-3000
2014/12/31,0,0,-27000,-27000
2015/01/01,0,0,0,0
2015/01/02,0,0,0,0
2015/01/05,0,0,0,0
2015/01/06,0,17000,-266000,-249000
2015/01/07,0,0,-179000,-179000
2015/01/08,0,0,-143000,-143000
2015/01/09,0,0,-215000,-215000
2015/01/12,0,0,0,0
2015/01/13,0,0,0,0
2015/01/14,0,0,-3000,-3000
2015/01/15,0,0,0,0
2015/01/16,0,0,0,0
2015/01/19,0,0,-6000,-6000
2015/01/20,0,0,0,0
2015/01/21,0,598000,0,598000
2015/01/22,0,0,-5000,-5000
2015/01/23,0,0,-4000,-4000
2015/01/26,0,0,0,0
2015/01/27,0,0,0,0
2015/01/28,0,0,0,0
2015/01/29,0,0,0,0
2015/01/30,0,0,-24000,-24000
2015/02/02,0,0,-2000,-2000
2015/02/03,0,0,0,0
2015/02/04,0,0,-2000,-2000
2015/02/05,0,0,0,0
2015/02/06,0,0,0,0
2015/02/09,0,18000,0,18000
2015/02/10,0,162000,0,162000
2015/02/11,0,456000,0,456000
2015/02/12,0,1070000,-2000,1068000
2015/02/13,0,350000,-18000,332000
2015/02/16,0,0,0,0
2015/02/17,0,0,0,0
2015/02/18,0,0,0,0
2015/02/19,0,0,0,0
2015/02/20,0,0,0,0
2015/02/23,0,0,0,0
2015/02/24,0,37000,0,37000
2015/02/25,0,468000,-23000,445000
2015/02/26,0,280000,-41000,239000
2015/02/27,0,0,0,0
2015/03/02,0,0,0,0
2015/03/03,0,0,-765000,-765000
2015/03/04,0,0,-96000,-96000
2015/03/05,0,15000,-9000,6000
2015/03/06,0,16000,-7000,9000
2015/03/09,0,0,-47000,-47000
2015/03/10,0,248000,0,248000
2015/03/11,0,0,0,0
2015/03/12,0,0,-801,-801
2015/03/13,0,40000,0,40000
2015/03/16,0,8000,0,8000
2015/03/17,0,0,0,0
2015/03/18,0,51000,-53000,-2000
2015/03/19,0,0,-4000,-4000
2015/03/20,0,165000,-278000,-113000
2015/03/23,0,0,-5000,-5000
2015/03/24,0,59000,-7000,52000
2015/03/25,0,0,-3000,-3000
2015/03/26,0,0,0,0
2015/03/27,0,0,-66000,-66000
2015/03/30,0,0,0,0
2015/03/31,0,0,0,0
2015/04/01,0,445000,0,445000
2015/04/02,0,0,0,0
2015/04/03,0,0,0,0
2015/04/06,0,0,0,0
2015/04/07,0,0,-1000,-1000
2015/04/08,0,0,-126000,-126000
2015/04/09,0,0,0,0
2015/04/10,0,0,0,0
2015/04/13,0,1858000,0,1858000
2015/04/14,0,98000,-4000,94000
2015/04/15,0,1239000,-115000,1124000
2015/04/16,0,0,0,0
2015/04/17,0,0,-76000,-76000
2015/04/20,0,0,-5000,-5000
2015/04/21,0,0,0,0
2015/04/22,0,308000,-450000,-142000
2015/04/23,0,0,-690000,-690000
2015/04/24,0,20000,-103000,-83000
2015/04/27,0,0,0,0
2015/04/28,0,0,-37000,-37000
2015/04/29,0,0,-10000,-10000
2015/04/30,0,0,-61000,-61000
2015/05/01,0,0,0,0
2015/05/04,0,0,-7000,-7000
2015/05/05,0,0,-52000,-52000
2015/05/06,0,80000,0,80000
2015/05/07,0,0,-240000,-240000
2015/05/08,0,0,0,0
2015/05/11,0,4000,0,4000
2015/05/12,0,230000,0,230000
2015/05/13,0,0,0,0
2015/05/14,0,6000,0,6000
2015/05/15,0,12000,-2000,10000
2015/05/18,0,0,0,0
2015/05/19,0,0,-10000,-10000
2015/05/20,0,4000,0,4000
2015/05/21,0,0,-203000,-203000
2015/05/22,0,0,-120000,-120000
2015/05/25,0,0,0,0
2015/05/26,0,0,0,0
2015/05/27,0,0,0,0
2015/05/28,0,0,-1000,-1000
2015/05/29,0,0,0,0
2015/06/01,0,0,-80000,-80000
2015/06/02,0,0,0,0
2015/06/03,0,0,0,0
2015/06/04,0,62000,-415,61585
2015/06/05,0,3000,-19000,-16000
2015/06/08,0,19000,0,19000
2015/06/09,0,40000,0,40000
2015/06/10,0,0,-601000,-601000
2015/06/11,0,70000,-29000,41000
2015/06/12,0,0,-6000,-6000
2015/06/15,0,0,-77000,-77000
2015/06/16,0,0,0,0
2015/06/17,0,0,0,0
2015/06/18,0,28000,-5000,23000
2015/06/19,0,0,0,0
2015/06/22,0,19000,-15000,4000
2015/06/23,0,41000,0,41000
2015/06/24,0,0,-33000,-33000
2015/06/25,0,0,-4000,-4000
2015/06/26,0,0,-189000,-189000
2015/06/29,0,0,-1000,-1000
2015/06/30,0,0,0,0
2015/07/01,0,0,0,0
2015/07/02,0,2000,0,2000
2015/07/03,0,70000,0,70000
2015/07/06,0,0,0,0
2015/07/07,0,2000,0,2000
2015/07/08,0,0,0,0
2015/07/09,0,1000,-10000,-9000
2015/07/10,0,0,0,0
2015/07/13,0,0,-8000,-8000
2015/07/14,0,0,0,0
2015/07/15,0,38000,0,38000
2015/07/16,0,0,0,0
2015/07/17,0,50000,0,50000
2015/07/20,0,0,0,0
2015/07/21,0,1153000,0,1153000
2015/07/22,0,210000,0,210000
2015/07/23,0,1050000,0,1050000
2015/07/24,0,536000,0,536000
2015/07/27,0,2319000,0,2319000
2015/07/28,0,747000,0,747000
2015/07/29,0,91000,0,91000
2015/07/30,0,202000,0,202000
2015/07/31,0,934000,0,934000
2015/08/03,0,952000,0,952000
2015/08/04,0,1257000,-98000,1159000
2015/08/05,0,3907000,-373000,3534000
2015/08/06,0,557000,-184000,373000
2015/08/07,0,1015000,-5000,1010000
2015/08/10,0,60000,-1000,59000
2015/08/11,0,5000,0,5000
2015/08/12,0,256000,-2000,254000
2015/08/13,0,583000,0,583000
2015/08/14,0,360000,-78000,282000
2015/08/17,0,623000,-68000,555000
2015/08/18,0,815000,0,815000
2015/08/19,0,914000,-53000,861000
2015/08/20,0,232000,0,232000
2015/08/21,0,401000,0,401000
2015/08/24,0,1149000,0,1149000
2015/08/25,0,306428,0,306428
2015/08/26,0,1404000,0,1404000
2015/08/27,0,557000,0,557000
2015/08/28,0,0,-3000,-3000
2015/08/31,0,69000,-193000,-124000
2015/09/01,0,51000,-143000,-92000
2015/09/02,0,863000,0,863000
2015/09/03,0,1117000,0,1117000
2015/09/04,0,362000,-1000,361000
2015/09/07,0,548000,0,548000
2015/09/08,0,550000,-188000,362000
2015/09/09,0,1000,-287000,-286000
2015/09/10,0,0,-63000,-63000
2015/09/11,0,313000,-40000,273000
2015/09/14,0,7000,-332000,-325000
2015/09/15,0,177000,-250000,-73000
2015/09/16,0,0,-316000,-316000
2015/09/17,0,212000,-846000,-634000
2015/09/18,0,0,-2140000,-2140000
2015/09/21,0,187000,-1409927,-1222927
2015/09/22,0,115567,-488000,-372433
2015/09/23,0,33000,0,33000
2015/09/24,0,27000,0,27000
2015/09/25,0,262000,0,262000
2015/09/28,0,0,0,0
2015/09/29,0,0,0,0
2015/09/30,0,169000,-225000,-56000
2015/10/01,0,88000,-806000,-718000
2015/10/02,0,81000,-100000,-19000
2015/10/05,0,15000,-1280000,-1265000
2015/10/06,0,2000,-293000,-291000
2015/10/07,0,8000,-1572000,-1564000
2015/10/08,0,0,-1608000,-1608000
2015/10/09,0,0,0,0
2015/10/12,0,0,-1373000,-1373000
2015/10/13,0,0,-276000,-276000
2015/10/14,0,0,-340000,-340000
2015/10/15,0,60000,0,60000
2015/10/16,0,8000,-450000,-442000
2015/10/19,0,152000,-395000,-243000
2015/10/20,0,0,-310000,-310000
2015/10/21,0,0,-175000,-175000
2015/10/22,0,0,-250000,-250000
2015/10/23,0,0,-573000,-573000
2015/10/26,0,0,-850000,-850000
2015/10/27,0,0,-276000,-276000
2015/10/28,0,0,-100000,-100000
2015/10/29,0,100000,-201000,-101000
2015/10/30,0,0,0,0
2015/11/02,0,0,-261000,-261000
2015/11/03,0,133000,-166000,-33000
2015/11/04,0,81000,-176000,-95000
2015/11/05,0,1000,-226000,-225000
2015/11/06,0,0,0,0
2015/11/09,0,28000,-149000,-121000
2015/11/10,0,0,0,0
2015/11/11,0,679000,-126000,553000
2015/11/12,0,617000,0,617000
2015/11/13,0,111000,-1000,110000
2015/11/16,0,77000,-144000,-67000
2015/11/17,0,471000,-104000,367000
2015/11/18,0,131000,-124000,7000
2015/11/19,0,0,-633000,-633000
2015/11/20,0,71000,-227000,-156000
2015/11/23,0,221000,-2000,219000
2015/11/24,0,0,-209000,-209000
2015/11/25,0,0,-38000,-38000
2015/11/26,0,250000,-480000,-230000
2015/11/27,0,0,-582000,-582000
2015/11/30,0,51000,0,51000
2015/12/01,0,0,-11000,-11000
2015/12/02,0,0,-77000,-77000
2015/12/03,0,0,-252000,-252000
2015/12/04,0,0,-62000,-62000
2015/12/07,0,0,-13000,-13000
2015/12/08,0,1000,-240000,-239000
2015/12/09,0,350000,0,350000
2015/12/10,0,0,0,0
2015/12/11,0,0,0,0
2015/12/14,0,24000,-179656,-155656
2015/12/15,0,0,-25000,-25000
2015/12/16,0,66000,-315000,-249000
2015/12/17,0,0,-612000,-612000
2015/12/18,0,0,-17000,-17000
2015/12/21,0,0,-100000,-100000
2015/12/22,0,122000,-110000,12000
2015/12/23,0,0,0,0
2015/12/24,0,100000,0,100000
2015/12/25,0,15000,0,15000
2015/12/28,0,139000,0,139000
2015/12/29,0,14000,0,14000
2015/12/30,0,200000,0,200000
2015/12/31,0,0,0,0
2016/01/01,0,0,0,0
2016/01/04,0,250000,-1000000,-750000
2016/01/05,0,31000,-9000,22000
2016/01/06,0,533000,-109000,424000
2016/01/07,0,360000,-4000,356000
2016/01/08,0,36000,0,36000
2016/01/11,0,783000,0,783000
2016/01/12,0,2000000,-1000,1999000
2016/01/13,0,39000,-110000,-71000
2016/01/14,0,1231000,0,1231000
2016/01/15,0,1030000,-51000,979000
2016/01/18,0,410000,0,410000
2016/01/19,0,314000,-12000,302000
2016/01/20,0,320000,-205000,115000
2016/01/21,0,356000,-107000,249000
2016/01/22,0,0,0,0
2016/01/25,0,0,-139000,-139000
2016/01/26,0,105000,-74000,31000
2016/01/27,0,0,-25000,-25000
2016/01/28,0,689000,-357000,332000
2016/01/29,0,82000,0,82000
2016/02/01,0,406000,-150000,256000
2016/02/02,0,184000,0,184000
2016/02/03,0,70000,-106000,-36000
2016/02/04,0,0,0,0
2016/02/05,0,0,0,0
2016/02/08,0,0,0,0
2016/02/09,0,0,0,0
2016/02/10,0,0,0,0
2016/02/11,0,0,0,0
2016/02/12,0,0,0,0
2016/02/15,0,60000,-7620,52380
2016/02/16,0,0,-458000,-458000
2016/02/17,0,1000,-10000,-9000
2016/02/18,0,0,-241000,-241000
2016/02/19,0,31000,-3000,28000
2016/02/22,0,0,0,0
2016/02/23,0,0,-137000,-137000
2016/02/24,0,0,-140000,-140000
2016/02/25,0,55000,-71000,-16000
2016/02/26,0,55000,0,55000
2016/02/29,0,0,0,0
2016/03/01,0,0,-326000,-326000
2016/03/02,0,0,-4000,-4000
2016/03/03,0,6000,0,6000
2016/03/04,0,36000,-300000,-264000
2016/03/07,0,250000,0,250000
2016/03/08,0,21000,-82000,-61000
2016/03/09,0,25000,-88000,-63000
2016/03/10,0,0,-168000,-168000
2016/03/11,0,0,0,0
2016/03/14,0,0,-714000,-714000
2016/03/15,0,0,-22000,-22000
2016/03/16,0,0,-14000,-14000
2016/03/17,0,45000,-31000,14000
2016/03/18,0,118000,-73000,45000
2016/03/21,0,68000,-5000,63000
2016/03/22,0,0,0,0
2016/03/23,0,0,0,0
2016/03/24,0,330000,0,330000
2016/03/25,0,1046000,0,1046000
2016/03/28,0,599000,0,599000
2016/03/29,0,811000,-1000,810000
2016/03/30,0,1034000,-197000,837000
2016/03/31,0,68000,-62000,6000
2016/04/01,0,0,-25000,-25000
2016/04/04,0,0,0,0
2016/04/05,0,0,0,0
2016/04/06,0,44000,-84000,-40000
2016/04/07,0,30000,-563000,-533000
2016/04/08,0,50000,-20000,30000
2016/04/11,0,643000,-16000,627000
2016/04/12,0,701000,-10000,691000
2016/04/13,0,330000,-41000,289000
2016/04/14,0,67000,-16000,51000
2016/04/15,0,95000,-61000,34000
2016/04/18,0,489000,-11000,478000
2016/04/19,0,332000,-29000,303000
2016/04/20,0,0,-37000,-37000
2016/04/21,0,58000,-12000,46000
2016/04/22,0,88000,0,88000
2016/04/25,0,439000,0,439000
2016/04/26,0,57000,-335000,-278000
2016/04/27,0,54000,-45000,9000
2016/04/28,0,0,0,0
2016/04/29,0,450000,-25000,425000
2016/05/02,0,0,0,0
2016/05/03,0,488000,-6000,482000
2016/05/04,0,1164000,-105000,1059000
2016/05/05,0,211000,-143000,68000
2016/05/06,0,110000,-27000,83000
2016/05/09,0,416000,-15000,401000
2016/05/10,0,557205,-2000,555205
2016/05/11,0,438000,-1000,437000
2016/05/12,0,300000,-2000,298000
2016/05/13,0,934000,-3000,931000
2016/05/16,0,95000,0,95000
2016/05/17,0,0,-80000,-80000
2016/05/18,0,0,0,0
2016/05/19,0,0,0,0
2016/05/20,0,163000,0,163000
2016/05/23,0,0,-1174000,-1174000
2016/05/24,0,0,-67000,-67000
2016/05/25,0,69000,-300000,-231000
2016/05/26,0,0,-234000,-234000
2016/05/27,0,183000,-30000,153000
2016/05/30,0,108000,-307000,-199000
2016/05/31,0,30000,-1453000,-1423000
2016/06/01,0,9000,-679000,-670000
2016/06/02,0,63000,0,63000
2016/06/03,0,0,-16000,-16000
2016/06/06,0,20000,-30000,-10000
2016/06/07,0,0,-30000,-30000
2016/06/08,0,154000,0,154000
2016/06/09,0,0,0,0
2016/06/10,0,0,0,0
2016/06/13,0,0,-194000,-194000
2016/06/14,0,40000,-29000,11000
2016/06/15,0,0,-12000,-12000
2016/06/16,0,0,-15000,-15000
2016/06/17,0,108000,-101000,7000
2016/06/20,0,0,-128000,-128000
2016/06/21,0,213000,-304000,-91000
2016/06/22,0,0,-40000,-40000
2016/06/23,0,0,0,0
2016/06/24,0,192000,-56000,136000
2016/06/27,0,165000,-36000,129000
2016/06/28,0,3000,-4000,-1000
2016/06/29,0,375000,0,375000
2016/06/30,0,138000,0,138000
2016/07/01,0,170000,0,170000
2016/07/04,0,125000,0,125000
2016/07/05,0,143000,-356000,-213000
2016/07/06,0,0,-34000,-34000
2016/07/07,0,83000,-21000,62000
2016/07/08,0,0,0,0
2016/07/11,0,150000,0,150000
2016/07/12,0,287000,-111000,176000
2016/07/13,0,0,-100000,-100000
2016/07/14,0,160000,-28000,132000
2016/07/15,0,0,-117000,-117000
2016/07/18,0,140000,-107000,33000
2016/07/19,0,6000,-507000,-501000
2016/07/20,0,98000,-98000,0
2016/07/21,0,31000,-117000,-86000
2016/07/22,0,55000,-1576000,-1521000
2016/07/25,0,157000,-376000,-219000
2016/07/26,0,69000,0,69000
2016/07/27,0,153000,-35000,118000
2016/07/28,0,46000,-1205000,-1159000
2016/07/29,0,207131,-120000,87131
2016/08/01,0,41000,-289000,-248000
2016/08/02,0,47000,-139000,-92000
2016/08/03,0,112000,-558000,-446000
2016/08/04,0,21000,-102000,-81000
2016/08/05,0,0,-55000,-55000
2016/08/08,0,1000,-184000,-183000
2016/08/09,0,0,-1000,-1000
2016/08/10,0,147000,-1000,146000
2016/08/11,0,359000,-18000,341000
2016/08/12,0,40000,-59000,-19000
2016/08/15,0,0,-194000,-194000
2016/08/16,0,22000,-79000,-57000
2016/08/17,0,900000,-211000,689000
2016/08/18,0,310000,-136000,174000
2016/08/19,0,11000,-346000,-335000
2016/08/22,0,323000,0,323000
2016/08/23,0,1100000,-2000,1098000
2016/08/24,0,43000,-10000,33000
2016/08/25,0,84000,-444000,-360000
2016/08/26,0,72000,-50000,22000
2016/08/29,0,5000,0,5000
2016/08/30,0,26000,-20000,6000
2016/08/31,0,2000,-470000,-468000
2016/09/01,0,91000,-35000,56000
2016/09/02,0,0,-80000,-80000
2016/09/05,0,69000,0,69000
2016/09/06,0,0,-109000,-109000
2016/09/07,0,113000,-30000,83000
2016/09/08,0,0,-215000,-215000
2016/09/09,0,111000,-368000,-257000
2016/09/12,0,22000,-49000,-27000
2016/09/13,0,0,0,0
2016/09/14,0,71000,-460000,-389000
2016/09/15,0,0,0,0
2016/09/16,0,0,0,0
2016/09/19,0,22000,-104000,-82000
2016/09/20,0,0,0,0
2016/09/21,0,21000,0,21000
2016/09/22,0,66000,-34000,32000
2016/09/23,0,0,0,0
2016/09/26,0,0,0,0
2016/09/27,0,0,0,0
2016/09/28,0,0,0,0
2016/09/29,0,67000,0,67000
2016/09/30,0,50666,-35000,15666
2016/10/03,0,0,-145000,-145000
2016/10/04,0,0,-220000,-220000
2016/10/05,0,0,-11000,-11000
2016/10/06,0,0,-126000,-126000
2016/10/07,0,14000,-436000,-422000
2016/10/10,0,0,0,0
2016/10/11,0,30000,-75000,-45000
2016/10/12,0,7000,-70000,-63000
2016/10/13,0,0,-95000,-95000
2016/10/14,0,11000,-124000,-113000
2016/10/17,0,170000,-28000,142000
2016/10/18,0,195000,0,195000
2016/10/19,0,0,0,0
2016/10/20,0,300000,-2206000,-1906000
2016/10/21,0,172000,-1093000,-921000
2016/10/24,0,0,-121000,-121000
2016/10/25,0,0,-65000,-65000
2016/10/26,0,0,-128000,-128000
2016/10/27,0,136000,-75000,61000
2016/10/28,0,100000,0,100000
2016/10/31,0,46000,-38000,8000
2016/11/01,0,0,-434000,-434000
2016/11/02,0,0,-29389,-29389
2016/11/03,0,66000,-142000,-76000
2016/11/04,0,64000,-309000,-245000
2016/11/07,0,0,0,0
2016/11/08,0,83000,-10000,73000
2016/11/09,0,30000,-21000,9000
2016/11/10,0,0,0,0
2016/11/11,0,13000,-180000,-167000
2016/11/14,0,0,-1417000,-1417000
2016/11/15,0,0,-18000,-18000
2016/11/16,0,0,-1321000,-1321000
2016/11/17,0,0,-15000,-15000
2016/11/18,0,0,-80000,-80000
2016/11/21,0,0,-880000,-880000
2016/11/22,0,52000,-135000,-83000
2016/11/23,0,0,-108000,-108000
2016/11/24,0,0,-263000,-263000
2016/11/25,0,13000,-527000,-514000
2016/11/28,0,0,-208000,-208000
2016/11/29,0,1000,-42390,-41390
2016/11/30,0,0,-21000,-21000
2016/12/01,0,0,-196000,-196000
2016/12/02,0,0,0,0
2016/12/05,0,316000,-100000,216000
2016/12/06,0,126000,-103000,23000
2016/12/07,0,0,0,0
2016/12/08,0,274000,-378000,-104000
2016/12/09,0,0,-653000,-653000
2016/12/12,0,10000,-330000,-320000
2016/12/13,0,0,-12000,-12000
2016/12/14,0,21000,-698000,-677000
2016/12/15,0,0,-100000,-100000
2016/12/16,0,0,-150000,-150000
2016/12/19,0,0,-1453000,-1453000
2016/12/20,0,0,-200000,-200000
2016/12/21,0,0,-235000,-235000
2016/12/22,0,0,-262000,-262000
2016/12/23,0,0,0,0
2016/12/26,0,30000,-65000,-35000
2016/12/27,0,200000,-60000,140000
2016/12/28,0,5000,0,5000
2016/12/29,0,0,-150000,-150000
2016/12/30,0,0,0,0
2017/01/02,0,0,0,0
2017/01/03,0,0,0,0
2017/01/04,0,80000,0,80000
2017/01/05,0,213000,-121000,92000
2017/01/06,0,80000,-311000,-231000
2017/01/09,0,0,-313000,-313000
2017/01/10,0,0,-181000,-181000
2017/01/11,0,0,-136000,-136000
2017/01/12,0,0,-152000,-152000
2017/01/13,0,0,-58000,-58000
2017/01/16,0,0,0,0
2017/01/17,0,0,-23000,-23000
2017/01/18,0,0,-328000,-328000
2017/01/19,0,101000,-67000,34000
2017/01/20,0,0,-90000,-90000
2017/01/23,0,51696,-254000,-202304
2017/01/24,0,1000,0,1000
2017/01/25,0,0,0,0
2017/01/26,0,0,0,0
2017/01/27,0,0,0,0
2017/01/30,0,0,0,0
2017/01/31,0,0,0,0
2017/02/01,0,0,0,0
2017/02/02,0,101000,-371000,-270000
2017/02/03,0,53000,-715000,-662000
2017/02/06,0,0,-189000,-189000
2017/02/07,0,28000,-451000,-423000
2017/02/08,0,31000,-195000,-164000
2017/02/09,0,74000,-111000,-37000
2017/02/10,0,0,-165000,-165000
2017/02/13,0,0,-137000,-137000
2017/02/14,0,1000,-85000,-84000
2017/02/15,0,0,-178000,-178000
2017/02/16,0,0,-193000,-193000
2017/02/17,0,80000,0,80000
2017/02/20,0,0,0,0
2017/02/21,0,0,0,0
2017/02/22,0,750000,-47000,703000
2017/02/23,0,1000,0,1000
2017/02/24,0,0,-21000,-21000
2017/02/27,0,0,0,0
2017/02/28,0,0,0,0
2017/03/01,0,0,0,0
2017/03/02,0,0,-21000,-21000
2017/03/03,0,46000,-7000,39000
2017/03/06,0,0,0,0
2017/03/07,0,576000,-19000,557000
2017/03/08,0,172000,-35000,137000
2017/03/09,0,0,0,0
2017/03/10,0,40000,0,40000
2017/03/13,0,20000,-522000,-502000
2017/03/14,0,30000,-16000,14000
2017/03/15,0,29000,-20000,9000
2017/03/16,0,0,0,0
2017/03/17,0,5000,-3000,2000
2017/03/20,0,0,-127000,-127000
2017/03/21,0,0,-122000,-122000
2017/03/22,0,0,0,0
2017/03/23,0,0,0,0
2017/03/24,0,1000,0,1000
2017/03/27,0,83000,0,83000
2017/03/28,0,110000,0,110000
2017/03/29,0,351999,-40000,311999
2017/03/30,0,11032,0,11032
2017/03/31,0,23602,0,23602
2017/04/03,0,0,0,0
2017/04/04,0,0,0,0
2017/04/05,0,7867,-1136000,-1128133
2017/04/06,0,0,0,0
2017/04/07,0,151000,-1000,150000
2017/04/10,0,0,0,0
2017/04/11,0,0,-229000,-229000
2017/04/12,0,0,-25000,-25000
2017/04/13,0,0,0,0
2017/04/14,0,0,-78000,-78000
2017/04/17,0,123000,0,123000
2017/04/18,0,51000,0,51000
2017/04/19,0,151864,-1000,150864
2017/04/20,0,1000,-95000,-94000
2017/04/21,0,0,-105000,-105000
2017/04/24,0,0,0,0
2017/04/25,0,0,-132215,-132215
2017/04/26,0,0,-227000,-227000
2017/04/27,0,1000,0,1000
2017/04/28,0,0,-320000,-320000
2017/05/01,0,0,0,0
2017/05/02,0,85000,0,85000
2017/05/03,0,50000,0,50000
2017/05/04,0,129273,-37000,92273
2017/05/05,0,85000,-9524,75476
2017/05/08,0,0,0,0
2017/05/09,0,250000,-150000,100000
2017/05/10,0,140000,-28000,112000
2017/05/11,0,21000,0,21000
2017/05/12,0,35000,-11000,24000
2017/05/15,0,304000,0,304000
2017/05/16,0,895000,-1000,894000
2017/05/17,0,0,-210000,-210000
2017/05/18,0,0,-17000,-17000
2017/05/19,0,15000,-1000,14000
2017/05/22,0,0,-150000,-150000
2017/05/23,0,100000,-47000,53000
2017/05/24,0,0,-388000,-388000
2017/05/25,0,0,-7000,-7000
2017/05/26,0,103000,-43000,60000
2017/05/29,0,0,0,0
2017/05/30,0,0,0,0
2017/05/31,0,103000,0,103000
2017/06/01,0,700000,0,700000
2017/06/02,0,0,-32000,-32000
2017/06/05,0,0,-181000,-181000
2017/06/06,0,0,-34000,-34000
2017/06/07,0,0,-84000,-84000
2017/06/08,0,0,-1000,-1000
2017/06/09,0,80000,-13000,67000
2017/06/12,0,0,0,0
2017/06/13,0,2000,0,2000
2017/06/14,0,2000,0,2000
2017/06/15,0,702000,0,702000
2017/06/16,0,367000,-25000,342000
2017/06/19,0,5000,-19000,-14000
2017/06/20,0,219000,-30810,188190
2017/06/21,0,0,0,0
2017/06/22,0,80000,-1000,79000
2017/06/23,0,70000,-7000,63000
2017/06/26,0,0,-18000,-18000
2017/06/27,0,0,-13000,-13000
2017/06/28,0,30000,-8743,21257
2017/06/29,0,0,-4000,-4000
2017/06/30,0,9000,0,9000
2017/07/03,0,2000,-146000,-144000
2017/07/04,0,10000,-315000,-305000
2017/07/05,0,0,-80000,-80000
2017/07/06,0,0,-392000,-392000
2017/07/07,0,0,-1000,-1000
2017/07/10,0,0,-48000,-48000
2017/07/11,0,0,-22000,-22000
2017/07/12,0,0,-22925,-22925
2017/07/13,0,0,-65000,-65000
2017/07/14,0,0,-15000,-15000
2017/07/17,0,337,-80000,-79663
2017/07/18,0,25000,-100000,-75000
2017/07/19,0,0,-32000,-32000
2017/07/20,0,3000,-443000,-440000
2017/07/21,0,0,-331000,-331000
2017/07/24,0,0,-270000,-270000
2017/07/25,0,3000,-155000,-152000
2017/07/26,0,1000,-8000,-7000
2017/07/27,0,0,0,0
2017/07/28,0,0,-242000,-242000
2017/07/31,0,7000,0,7000
2017/08/01,0,4000,-569000,-565000
2017/08/02,0,6000,-302000,-296000
2017/08/03,0,7000,-109000,-102000
2017/08/04,0,19000,-30000,-11000
2017/08/07,0,8000,0,8000
2017/08/08,0,11000,-127000,-116000
2017/08/09,0,14000,-2000,12000
2017/08/10,0,838000,0,838000
2017/08/11,0,3000,-1000,2000
2017/08/14,0,50000,-1000,49000
2017/08/15,0,167000,-3000,164000
2017/08/16,0,605000,0,605000
2017/08/17,0,0,0,0
2017/08/18,0,0,-175000,-175000
