Date,Open,Buy,Sell,Total
2007/01/02,0,5933000,-2819320,3113680
2007/01/03,0,6298000,-3884100,2413900
2007/01/04,0,1954476,-815000,1139476
2007/01/05,0,4887750,-5644120,-756370
2007/01/08,0,3737002,-4750552,-1013550
2007/01/09,0,3561000,-1807000,1754000
2007/01/10,0,4482000,-7690150,-3208150
2007/01/11,0,2887000,-2593000,294000
2007/01/12,0,5784316,-3768000,2016316
2007/01/15,0,2279000,-2793000,-514000
2007/01/16,0,4213300,-4245000,-31700
2007/01/17,0,11110000,-5605000,5505000
2007/01/18,0,5565300,-4785416,779884
2007/01/19,0,3487000,-2580000,907000
2007/01/22,0,5211000,-4299460,911540
2007/01/23,0,1675000,-2373200,-698200
2007/01/24,0,13903000,-5226000,8677000
2007/01/25,0,7561000,-3206000,4355000
2007/01/26,0,11326000,-8398250,2927750
2007/01/29,0,13725000,-5273500,8451500
2007/01/30,0,8411000,-6652980,1758020
2007/01/31,0,12215000,-5764460,6450540
2007/02/01,0,3898800,-1085000,2813800
2007/02/02,0,9674000,-292100,9381900
2007/02/05,0,4952200,-1854000,3098200
2007/02/06,0,6723000,-3776000,2947000
2007/02/07,0,4916018,-3288600,1627418
2007/02/08,0,7281000,-5113160,2167840
2007/02/09,0,8860620,-3690000,5170620
2007/02/12,0,2199181,-6927000,-4727819
2007/02/13,0,6455000,-5636580,818420
2007/02/14,0,10075000,-6920480,3154520
2007/02/15,0,0,0,0
2007/02/16,0,0,0,0
2007/02/19,0,0,0,0
2007/02/20,0,0,0,0
2007/02/21,0,0,0,0
2007/02/22,0,0,0,0
2007/02/23,0,0,0,0
2007/02/26,0,16666300,-17594000,-927700
2007/02/27,0,9110000,-14821207,-5711207
2007/02/28,0,0,0,0
2007/03/01,0,12566622,-26369660,-13803038
2007/03/02,0,2003000,-7544250,-5541250
2007/03/05,0,10508000,-26947140,-16439140
2007/03/06,0,6082000,-11773240,-5691240
2007/03/07,0,4521000,-8285956,-3764956
2007/03/08,0,4322000,-4808600,-486600
2007/03/09,0,2860150,-4366470,-1506320
2007/03/12,0,3906000,-2581000,1325000
2007/03/13,0,4229000,-7226000,-2997000
2007/03/14,0,3194000,-8120580,-4926580
2007/03/15,0,10267000,-13539060,-3272060
2007/03/16,0,10296000,-8823700,1472300
2007/03/19,0,1084000,-1945000,-861000
2007/03/20,0,1725000,-4157500,-2432500
2007/03/21,0,2912000,-303400,2608600
2007/03/22,0,12892127,-1606000,11286127
2007/03/23,0,12095000,-2963000,9132000
2007/03/26,0,4603000,-2906000,1697000
2007/03/27,0,3972000,-2559480,1412520
2007/03/28,0,4762000,-8054780,-3292780
2007/03/29,0,5617000,-4691240,925760
2007/03/30,0,3062000,-3059000,3000
2007/04/02,0,5885200,-4778240,1106960
2007/04/03,0,5497300,-3448000,2049300
2007/04/04,0,5980000,-2825000,3155000
2007/04/05,0,0,0,0
2007/04/06,0,0,0,0
2007/04/09,0,7301000,-3269220,4031780
2007/04/10,0,10142000,-1567740,8574260
2007/04/11,0,3372150,-1826000,1546150
2007/04/12,0,1861000,-1482150,378850
2007/04/13,0,639000,-8802637,-8163637
2007/04/16,0,5489000,-2348000,3141000
2007/04/17,0,2767000,-1443270,1323730
2007/04/18,0,1197400,-602040,595360
2007/04/19,0,1229400,-9902515,-8673115
2007/04/20,0,1562000,-3153640,-1591640
2007/04/23,0,5839000,-2080980,3758020
2007/04/24,0,1967000,-3009000,-1042000
2007/04/25,0,577000,-4831960,-4254960
2007/04/26,0,1876000,-4056100,-2180100
2007/04/27,0,1952000,-5416300,-3464300
2007/04/30,0,4633364,-9345160,-4711796
2007/05/01,0,0,0,0
2007/05/02,0,4202427,-11431240,-7228813
2007/05/03,0,2419000,-9457000,-7038000
2007/05/04,0,7888000,-14602690,-6714690
2007/05/07,0,2540000,-10000000,-7460000
2007/05/08,0,1041000,-2301000,-1260000
2007/05/09,0,2922000,-775000,2147000
2007/05/10,0,3418000,-4939700,-1521700
2007/05/11,0,1624000,-6159810,-4535810
2007/05/14,0,3079000,-4557760,-1478760
2007/05/15,0,635000,-3123710,-2488710
2007/05/16,0,224000,-1970000,-1746000
2007/05/17,0,2685000,-2897000,-212000
2007/05/18,0,2291000,-6994240,-4703240
2007/05/21,0,5055350,-11898760,-6843410
2007/05/22,0,1478000,-11661160,-10183160
2007/05/23,0,3715000,-9248000,-5533000
2007/05/24,0,621700,-9188961,-8567261
2007/05/25,0,701000,-11271029,-10570029
2007/05/28,0,970000,-2825580,-1855580
2007/05/29,0,1749000,-3568540,-1819540
2007/05/30,0,2182000,-11707880,-9525880
2007/05/31,0,3967000,-12985160,-9018160
2007/06/01,0,1813800,-4637000,-2823200
2007/06/04,0,1766000,-3240000,-1474000
2007/06/05,0,1850000,-8910000,-7060000
2007/06/06,0,1817000,-4873150,-3056150
2007/06/07,0,2269760,-6750000,-4480240
2007/06/08,0,1408000,-13914180,-12506180
2007/06/11,0,290000,-9231700,-8941700
2007/06/12,0,1202000,-5130150,-3928150
2007/06/13,0,2103000,-6508000,-4405000
2007/06/14,0,1438000,-4153142,-2715142
2007/06/15,0,3601000,-2789000,812000
2007/06/18,0,0,0,0
2007/06/19,0,0,0,0
2007/06/20,0,9992300,-22815032,-12822732
2007/06/21,0,13992000,-9909200,4082800
2007/06/22,0,4342000,-10227820,-5885820
2007/06/25,0,4773000,-9872700,-5099700
2007/06/26,0,2663000,-9594800,-6931800
2007/06/27,0,3424000,-8258220,-4834220
2007/06/28,0,4080795,-12251300,-8170505
2007/06/29,0,2422750,-6416740,-3993990
2007/07/02,0,2273700,-3827010,-1553310
2007/07/03,0,3767300,-4040801,-273501
2007/07/04,0,2564000,-1401000,1163000
2007/07/05,0,3294300,-2856000,438300
2007/07/06,0,2074000,-7679020,-5605020
2007/07/09,0,4716200,-5502000,-785800
2007/07/10,0,10916280,-23467640,-12551360
2007/07/11,0,3310000,-11754000,-8444000
2007/07/12,0,1586400,-8043746,-6457346
2007/07/13,0,3452000,-6699350,-3247350
2007/07/16,0,1163000,-12486080,-11323080
2007/07/17,0,2437000,-2977000,-540000
2007/07/18,0,2351000,-8650080,-6299080
2007/07/19,0,3748150,-8067000,-4318850
2007/07/20,0,6235000,-4514760,1720240
2007/07/23,0,8317300,-6536000,1781300
2007/07/24,0,14226000,-9029200,5196800
2007/07/25,0,6884570,-5832400,1052170
2007/07/26,0,6853000,-17329000,-10476000
2007/07/27,0,3875000,-22272000,-18397000
2007/07/30,0,6227334,-19330800,-13103466
2007/07/31,0,2333000,-16571420,-14238420
2007/08/01,0,3509500,-23481100,-19971600
2007/08/02,0,5071000,-8871900,-3800900
2007/08/03,0,3000000,-4540000,-1540000
2007/08/06,0,1930000,-8096000,-6166000
2007/08/07,0,1789000,-6664000,-4875000
2007/08/08,0,1783000,-4050080,-2267080
2007/08/09,0,2705538,-4297000,-1591462
2007/08/10,0,94000,-16026420,-15932420
2007/08/13,0,5039000,-8295000,-3256000
2007/08/14,0,3129000,-11525000,-8396000
2007/08/15,0,2281082,-20726000,-18444918
2007/08/16,0,1791200,-18594300,-16803100
2007/08/17,0,1053000,-22224770,-21171770
2007/08/20,0,4022000,-3253380,768620
2007/08/21,0,10791000,-9996600,794400
2007/08/22,0,4851149,-8161000,-3309851
2007/08/23,0,9356000,-6630044,2725956
2007/08/24,0,8178000,-5742720,2435280
2007/08/27,0,5750000,-1349000,4401000
2007/08/28,0,2204000,-5742300,-3538300
2007/08/29,0,10822700,-5659000,5163700
2007/08/30,0,13433000,-2408000,11025000
2007/08/31,0,14111000,-3222000,10889000
2007/09/03,0,4525000,-9048200,-4523200
2007/09/04,0,15917000,-4931220,10985780
2007/09/05,0,4919000,-5500000,-581000
2007/09/06,0,3913000,-8184000,-4271000
2007/09/07,0,5710000,-4861000,849000
2007/09/10,0,14931000,-13662600,1268400
2007/09/11,0,5909000,-11429200,-5520200
2007/09/12,0,5842000,-2946100,2895900
2007/09/13,0,3227000,-3162318,64682
2007/09/14,0,8288000,-1230200,7057800
2007/09/17,0,5664396,-5799846,-135450
2007/09/18,0,0,0,0
2007/09/19,0,25457000,-4527576,20929424
2007/09/20,0,15982000,-6148800,9833200
2007/09/21,0,5813000,-1398258,4414742
2007/09/24,0,0,0,0
2007/09/25,0,0,0,0
2007/09/26,0,18749400,-8600698,10148702
2007/09/27,0,11584000,-4138100,7445900
2007/09/28,0,5592000,-4625000,967000
2007/10/01,0,8572000,-3765000,4807000
2007/10/02,0,10335000,-4746000,5589000
2007/10/03,0,8305000,-4214474,4090526
2007/10/04,0,13392000,-13424340,-32340
2007/10/05,0,6072000,-1475198,4596802
2007/10/08,0,6368000,-3492344,2875656
2007/10/09,0,6609000,-4656000,1953000
2007/10/10,0,0,0,0
2007/10/11,0,16810000,-18267000,-1457000
2007/10/12,0,11734000,-17701652,-5967652
2007/10/15,0,12165000,-11358000,807000
2007/10/16,0,10255000,-15279858,-5024858
2007/10/17,0,6617095,-18998875,-12381780
2007/10/18,0,4936000,-11271001,-6335001
2007/10/19,0,3686000,-1777400,1908600
2007/10/22,0,12873000,-29351000,-16478000
2007/10/23,0,12098000,-10757000,1341000
2007/10/24,0,7530092,-2724500,4805592
2007/10/25,0,5367070,-4539909,827161
2007/10/26,0,12513315,-691800,11821515
2007/10/29,0,17823000,-1529600,16293400
2007/10/30,0,7127000,-5679632,1447368
2007/10/31,0,9380000,-9518160,-138160
2007/11/01,0,7960100,-3503500,4456600
2007/11/02,0,5677000,-6353316,-676316
2007/11/05,0,6302000,-10442000,-4140000
2007/11/06,0,8787000,-7714300,1072700
2007/11/07,0,3765010,-10942388,-7177378
2007/11/08,0,6510000,-13024100,-6514100
2007/11/09,0,5265000,-5254000,11000
2007/11/12,0,3418000,-15869743,-12451743
2007/11/13,0,9284000,-16868282,-7584282
2007/11/14,0,5415000,-3225938,2189062
2007/11/15,0,2790000,-2723000,67000
2007/11/16,0,6255597,-11665000,-5409403
2007/11/19,0,4657706,-4579572,78134
2007/11/20,0,9234440,-11573200,-2338760
2007/11/21,0,6761000,-12422286,-5661286
2007/11/22,0,9931000,-5285424,4645576
2007/11/23,0,8447000,-5505000,2942000
2007/11/26,0,13051000,-3413000,9638000
2007/11/27,0,14153330,-9204000,4949330
2007/11/28,0,14913000,-3623000,11290000
2007/11/29,0,25795620,-2148106,23647514
2007/11/30,0,25665000,-4932075,20732925
2007/12/03,0,5744200,-1400000,4344200
2007/12/04,0,9192970,-2669000,6523970
2007/12/05,0,7207293,-7531000,-323707
2007/12/06,0,9987000,-3982610,6004390
2007/12/07,0,10819079,-5532538,5286541
2007/12/10,0,4504000,-7479000,-2975000
2007/12/11,0,5133000,-1306000,3827000
2007/12/12,0,2828000,-5109000,-2281000
2007/12/13,0,7755000,-7636900,118100
2007/12/14,0,3835000,-7128030,-3293030
2007/12/17,0,3025000,-4020000,-995000
2007/12/18,0,9633000,-8403612,1229388
2007/12/19,0,3560000,-6578792,-3018792
2007/12/20,0,2997000,-3811000,-814000
2007/12/21,0,0,0,0
2007/12/24,0,0,0,0
2007/12/25,0,0,0,0
2007/12/26,0,0,0,0
2007/12/27,0,0,0,0
2007/12/28,0,0,0,0
2007/12/31,0,0,0,0
2008/01/01,0,0,0,0
2008/01/02,0,0,0,0
2008/01/03,0,0,0,0
2008/01/04,0,0,0,0
2008/01/07,0,0,0,0
2008/01/08,0,0,0,0
2008/01/09,0,18882300,-13904160,4978140
2008/01/10,0,8631000,-7187799,1443201
2008/01/11,0,9759477,-7717612,2041865
2008/01/14,0,14089273,-7880392,6208881
2008/01/15,0,35843648,-22506709,13336939
2008/01/16,0,14840000,-16480324,-1640324
2008/01/17,0,12787000,-26068080,-13281080
2008/01/18,0,23025232,-25943171,-2917939
2008/01/21,0,34617097,-20276472,14340625
2008/01/22,0,47252000,-30618537,16633463
2008/01/23,0,45653000,-42327676,3325324
2008/01/24,0,16934000,-14876498,2057502
2008/01/25,0,20144000,-24575000,-4431000
2008/01/28,0,14533000,-17208000,-2675000
2008/01/29,0,17037000,-19369548,-2332548
2008/01/30,0,12929673,-15383995,-2454322
2008/01/31,0,21095000,-19467239,1627761
2008/02/01,0,21503263,-20780863,722400
2008/02/04,0,0,0,0
2008/02/05,0,0,0,0
2008/02/06,0,0,0,0
2008/02/07,0,0,0,0
2008/02/08,0,0,0,0
2008/02/11,0,0,0,0
2008/02/12,0,38950000,-31479760,7470240
2008/02/13,0,40336000,-40342480,-6480
2008/02/14,0,26193000,-16678000,9515000
2008/02/15,0,16179000,-11935470,4243530
2008/02/18,0,11773000,-7447213,4325787
2008/02/19,0,12050000,-3142456,8907544
2008/02/20,0,12869000,-9992421,2876579
2008/02/21,0,21116207,-5412700,15703507
2008/02/22,0,38361264,-11763250,26598014
2008/02/25,0,38856000,-16189928,22666072
2008/02/26,0,59604000,-52293545,7310455
2008/02/27,0,36244461,-29473621,6770840
2008/02/28,0,0,0,0
2008/02/29,0,43635000,-41095125,2539875
2008/03/03,0,18508000,-26283883,-7775883
2008/03/04,0,53689000,-79016149,-25327149
2008/03/05,0,114204000,-115944363,-1740363
2008/03/06,0,71806000,-60645814,11160186
2008/03/07,0,22581990,-40755859,-18173869
2008/03/10,0,22798001,-27427500,-4629499
2008/03/11,0,33104100,-33253000,-148900
2008/03/12,0,40767357,-42025727,-1258370
2008/03/13,0,15509000,-17045622,-1536622
2008/03/14,0,31101000,-17202668,13898332
2008/03/17,0,15967000,-27101272,-11134272
2008/03/18,0,19289000,-16978686,2310314
2008/03/19,0,39332000,-34303493,5028507
2008/03/20,0,15911000,-38539141,-22628141
2008/03/21,0,15294000,-7919001,7374999
2008/03/24,0,52505000,-12806000,39699000
2008/03/25,0,34543000,-15209812,19333188
2008/03/26,0,29523000,-28962052,560948
2008/03/27,0,20187624,-20321056,-133432
2008/03/28,0,30333024,-24205272,6127752
2008/03/31,0,19999431,-20557743,-558312
2008/04/01,0,6880621,-16571264,-9690643
2008/04/02,0,11067000,-8091090,2975910
2008/04/03,0,9048044,-6652000,2396044
2008/04/04,0,0,0,0
2008/04/07,0,12995000,-13536454,-541454
2008/04/08,0,5661000,-9546000,-3885000
2008/04/09,0,9372000,-20178020,-10806020
2008/04/10,0,14658000,-14009426,648574
2008/04/11,0,8350000,-18683579,-10333579
2008/04/14,0,21118000,-29185032,-8067032
2008/04/15,0,9570100,-6743000,2827100
2008/04/16,0,23332000,-12347100,10984900
2008/04/17,0,14257000,-15003545,-746545
2008/04/18,0,13029000,-26239936,-13210936
2008/04/21,0,15936000,-22446370,-6510370
2008/04/22,0,13733000,-11808860,1924140
2008/04/23,0,37321000,-23580897,13740103
2008/04/24,0,18349000,-24648260,-6299260
2008/04/25,0,19356000,-19932934,-576934
2008/04/28,0,15408000,-28931455,-13523455
2008/04/29,0,7015000,-29466720,-22451720
2008/04/30,0,12471000,-21930362,-9459362
2008/05/01,0,0,0,0
2008/05/02,0,12302000,-22211818,-9909818
2008/05/05,0,5363000,-15517454,-10154454
2008/05/06,0,13353610,-14424000,-1070390
2008/05/07,0,13942500,-12573908,1368592
2008/05/08,0,8780000,-20894000,-12114000
2008/05/09,0,15459300,-12453455,3005845
2008/05/12,0,4837000,-8505000,-3668000
2008/05/13,0,7796000,-9004636,-1208636
2008/05/14,0,8142237,-9824818,-1682581
2008/05/15,0,8782000,-10645683,-1863683
2008/05/16,0,7777000,-8737000,-960000
2008/05/19,0,15567000,-10219000,5348000
2008/05/20,0,8731000,-13188000,-4457000
2008/05/21,0,4808000,-23764715,-18956715
2008/05/22,0,8205000,-17169090,-8964090
2008/05/23,0,4182000,-8974000,-4792000
2008/05/26,0,9172000,-6791000,2381000
2008/05/27,0,5570000,-5749000,-179000
2008/05/28,0,2632000,-12616044,-9984044
2008/05/29,0,9856924,-11103918,-1246994
2008/05/30,0,12084500,-13640939,-1556439
2008/06/02,0,7328000,-10093000,-2765000
2008/06/03,0,6598200,-20529523,-13931323
2008/06/04,0,9170994,-12389000,-3218006
2008/06/05,0,9743000,-16229368,-6486368
2008/06/06,0,6099000,-5203660,895340
2008/06/09,0,3949000,-8238000,-4289000
2008/06/10,0,2703000,-17372344,-14669344
2008/06/11,0,11155000,-7641000,3514000
2008/06/12,0,13871000,-24401000,-10530000
2008/06/13,0,9403000,-10813000,-1410000
2008/06/16,0,6027000,-4667000,1360000
2008/06/17,0,19654000,-14895999,4758001
2008/06/18,0,7500000,-8253000,-753000
2008/06/19,0,7539000,-10173000,-2634000
2008/06/20,0,14590716,-14655473,-64757
2008/06/23,0,9576000,-11501000,-1925000
2008/06/24,0,8734000,-11802000,-3068000
2008/06/25,0,15239000,-6341179,8897821
2008/06/26,0,14649000,-12914873,1734127
2008/06/27,0,16305000,-14262818,2042182
2008/06/30,0,12479000,-7123000,5356000
2008/07/01,0,14759400,-14595000,164400
2008/07/02,0,17184000,-17887909,-703909
2008/07/03,0,23831000,-18711805,5119195
2008/07/04,0,15404000,-22720000,-7316000
2008/07/07,0,15158000,-14005907,1152093
2008/07/08,0,5754000,-19059000,-13305000
2008/07/09,0,21841000,-16554500,5286500
2008/07/10,0,9620163,-10971163,-1351000
2008/07/11,0,11537000,-10510100,1026900
2008/07/14,0,6592000,-13232000,-6640000
2008/07/15,0,7278000,-16343761,-9065761
2008/07/16,0,11158000,-15556309,-4398309
2008/07/17,0,6047000,-12535780,-6488780
2008/07/18,0,11933000,-9699789,2233211
2008/07/21,0,19599000,-5159000,14440000
2008/07/22,0,7694335,-9515112,-1820777
2008/07/23,0,7709000,-8004520,-295520
2008/07/24,0,12060000,-8526000,3534000
2008/07/25,0,12218000,-11390000,828000
2008/07/28,0,0,0,0
2008/07/29,0,14761454,-18425000,-3663546
2008/07/30,0,12058000,-6651000,5407000
2008/07/31,0,17625000,-9156687,8468313
2008/08/01,0,11371000,-5341000,6030000
2008/08/04,0,21606000,-14224031,7381969
2008/08/05,0,20077000,-13875799,6201201
2008/08/06,0,20790000,-14380200,6409800
2008/08/07,0,25741908,-26994000,-1252092
2008/08/08,0,41100000,-28610000,12490000
2008/08/11,0,20719000,-13423000,7296000
2008/08/12,0,17599000,-13098956,4500044
2008/08/13,0,14253000,-9734200,4518800
2008/08/14,0,4676728,-3652200,1024528
2008/08/15,0,24050000,-10382000,13668000
2008/08/18,0,15952000,-4936090,11015910
2008/08/19,0,7434000,-8969000,-1535000
2008/08/20,0,14771843,-17784727,-3012884
2008/08/21,0,16998000,-37573801,-20575801
2008/08/22,0,8780000,-7666800,1113200
2008/08/25,0,9747600,-2846558,6901042
2008/08/26,0,7004000,-8590000,-1586000
2008/08/27,0,10828000,-7297000,3531000
2008/08/28,0,9190000,-7775385,1414615
2008/08/29,0,16643000,-3766358,12876642
2008/09/01,0,10029000,-7838000,2191000
2008/09/02,0,7435445,-3405000,4030445
2008/09/03,0,26607000,-6315000,20292000
2008/09/04,0,20766000,-5974000,14792000
2008/09/05,0,23641740,-16789617,6852123
2008/09/08,0,16808000,-6900900,9907100
2008/09/09,0,15771000,-5492000,10279000
2008/09/10,0,17051000,-16873000,178000
2008/09/11,0,15537000,-18208863,-2671863
2008/09/12,0,11071000,-16519999,-5448999
2008/09/15,0,4837000,-20283094,-15446094
2008/09/16,0,8174000,-12916700,-4742700
2008/09/17,0,12981000,-28237513,-15256513
2008/09/18,0,11651000,-24209599,-12558599
2008/09/19,0,9808230,-26211267,-16403037
2008/09/22,0,20522000,-42042391,-21520391
2008/09/23,0,10278000,-15237580,-4959580
2008/09/24,0,21515318,-22887642,-1372324
2008/09/25,0,12935000,-14306000,-1371000
2008/09/26,0,24153000,-16101000,8052000
2008/09/29,0,0,0,0
2008/09/30,0,21156000,-19206101,1949899
2008/10/01,0,10428000,-6544500,3883500
2008/10/02,0,27965000,-15318960,12646040
2008/10/03,0,7776000,-8951652,-1175652
2008/10/06,0,19001181,-18336908,664273
2008/10/07,0,23237000,-9130500,14106500
2008/10/08,0,26910690,-21319273,5591417
2008/10/09,0,14288000,-26590771,-12302771
2008/10/10,0,0,0,0
2008/10/13,0,14341000,-18867084,-4526084
2008/10/14,0,26375000,-40458333,-14083333
2008/10/15,0,16386402,-21526000,-5139598
2008/10/16,0,14608867,-20802458,-6193591
2008/10/17,0,20716984,-36013793,-15296809
2008/10/20,0,16746000,-16235000,511000
2008/10/21,0,34761000,-21297288,13463712
2008/10/22,0,23768000,-21966733,1801267
2008/10/23,0,25010610,-30199482,-5188872
2008/10/24,0,20059100,-16260000,3799100
2008/10/27,0,19361100,-19712800,-351700
2008/10/28,0,15632000,-21496340,-5864340
2008/10/29,0,20726000,-26855381,-6129381
2008/10/30,0,26549000,-13619508,12929492
2008/10/31,0,31817000,-23507162,8309838
2008/11/03,0,16768555,-20920900,-4152345
2008/11/04,0,11772100,-13965705,-2193605
2008/11/05,0,11823000,-26160230,-14337230
2008/11/06,0,17149000,-24718000,-7569000
2008/11/07,0,22142000,-38138000,-15996000
2008/11/10,0,13789000,-22280000,-8491000
2008/11/11,0,14106000,-18224524,-4118524
2008/11/12,0,18033484,-18154870,-121386
2008/11/13,0,20781000,-24651000,-3870000
2008/11/14,0,25002000,-12560208,12441792
2008/11/17,0,25369000,-23523300,1845700
2008/11/18,0,8361000,-12549000,-4188000
2008/11/19,0,5451000,-11556860,-6105860
2008/11/20,0,11094000,-20326000,-9232000
2008/11/21,0,12384000,-16056870,-3672870
2008/11/24,0,11155000,-14849000,-3694000
2008/11/25,0,25112000,-14112345,10999655
2008/11/26,0,13581720,-24515171,-10933451
2008/11/27,0,11570000,-34527699,-22957699
2008/11/28,0,11692519,-13178849,-1486330
2008/12/01,0,9019000,-15029369,-6010369
2008/12/02,0,11843080,-24684300,-12841220
2008/12/03,0,10402670,-15485703,-5083033
2008/12/04,0,21659000,-11807933,9851067
2008/12/05,0,9822127,-9912825,-90698
2008/12/08,0,16698000,-23965446,-7267446
2008/12/09,0,18959000,-30262535,-11303535
2008/12/10,0,17113000,-23812721,-6699721
2008/12/11,0,22785000,-19272739,3512261
2008/12/12,0,7377000,-27355245,-19978245
2008/12/15,0,18326000,-21263472,-2937472
2008/12/16,0,10710370,-24723421,-14013051
2008/12/17,0,24171100,-27153427,-2982327
2008/12/18,0,10412330,-16811610,-6399280
2008/12/19,0,11930646,-12391119,-460473
2008/12/22,0,5740000,-16915949,-11175949
2008/12/23,0,9048890,-20331960,-11283070
2008/12/24,0,3386630,-9390840,-6004210
2008/12/25,0,226000,-3214000,-2988000
2008/12/26,0,2131000,-2937000,-806000
2008/12/29,0,2431000,-4390166,-1959166
2008/12/30,0,12907000,-17875136,-4968136
2008/12/31,0,5232492,-16120600,-10888108
2009/01/01,0,0,0,0
2009/01/02,0,0,0,0
2009/01/05,0,12042000,-28659400,-16617400
2009/01/06,0,10009402,-40137820,-30128418
2009/01/07,0,15579208,-62724848,-47145640
2009/01/08,0,13623000,-46544732,-32921732
2009/01/09,0,5103000,-10875900,-5772900
2009/01/12,0,41368365,-9587000,31781365
2009/01/13,0,22562589,-8407260,14155329
2009/01/14,0,10261000,-10262700,-1700
2009/01/15,0,16814000,-27070400,-10256400
2009/01/16,0,6578000,-11973161,-5395161
2009/01/19,0,3666000,-7502329,-3836329
2009/01/20,0,17863800,-19632300,-1768500
2009/01/21,0,17369360,-15692919,1676441
2009/01/22,0,0,0,0
2009/01/23,0,0,0,0
2009/01/26,0,0,0,0
2009/01/27,0,0,0,0
2009/01/28,0,0,0,0
2009/01/29,0,0,0,0
2009/01/30,0,0,0,0
2009/02/02,0,20991143,-33840487,-12849344
2009/02/03,0,6282000,-14846550,-8564550
2009/02/04,0,20125000,-15821100,4303900
2009/02/05,0,4140000,-12932489,-8792489
2009/02/06,0,6100000,-12071800,-5971800
2009/02/09,0,2767300,-18448691,-15681391
2009/02/10,0,7367000,-12426850,-5059850
2009/02/11,0,8159000,-18067450,-9908450
2009/02/12,0,8557000,-32736140,-24179140
2009/02/13,0,10431000,-15978210,-5547210
2009/02/16,0,601810,-12635990,-12034180
2009/02/17,0,3143000,-9228814,-6085814
2009/02/18,0,22901000,-15735430,7165570
2009/02/19,0,15027000,-11588000,3439000
2009/02/20,0,6074826,-17192531,-11117705
2009/02/23,0,21058060,-14953060,6105000
2009/02/24,0,15491000,-16080060,-589060
2009/02/25,0,24858000,-17087620,7770380
2009/02/26,0,24746950,-22557699,2189251
2009/02/27,0,28338763,-12661000,15677763
2009/03/02,0,31388037,-21868662,9519375
2009/03/03,0,0,0,0
2009/03/04,0,0,0,0
2009/03/05,0,0,0,0
2009/03/06,0,0,0,0
2009/03/09,0,0,0,0
2009/03/10,0,0,0,0
2009/03/11,0,0,0,0
2009/03/12,0,0,0,0
2009/03/13,0,0,0,0
2009/03/16,0,0,0,0
2009/03/17,0,0,0,0
2009/03/18,0,0,0,0
2009/03/19,0,0,0,0
2009/03/20,0,39609160,-39666807,-57647
2009/03/23,0,18642000,-35920425,-17278425
2009/03/24,0,6089218,-58000158,-51910940
2009/03/25,0,9743010,-28285941,-18542931
2009/03/26,0,8568000,-15803100,-7235100
2009/03/27,0,2498000,-28889161,-26391161
2009/03/30,0,7244000,-19848665,-12604665
2009/03/31,0,9620000,-14798419,-5178419
2009/04/01,0,2272000,-22205613,-19933613
2009/04/02,0,6050000,-37030847,-30980847
2009/04/03,0,13922327,-80239506,-66317179
2009/04/06,0,5425000,-19789680,-14364680
2009/04/07,0,15792000,-21712482,-5920482
2009/04/08,0,15585094,-27083539,-11498445
2009/04/09,0,9362430,-16753866,-7391436
2009/04/10,0,4427000,-21422585,-16995585
2009/04/13,0,3747000,-6380670,-2633670
2009/04/14,0,6347509,-21950743,-15603234
2009/04/15,0,5654148,-28658344,-23004196
2009/04/16,0,16337000,-29962017,-13625017
2009/04/17,0,9901326,-30902799,-21001473
2009/04/20,0,8018721,-13602406,-5583685
2009/04/21,0,11255196,-15935356,-4680160
2009/04/22,0,9201000,-32544062,-23343062
2009/04/23,0,4789673,-13508085,-8718412
2009/04/24,0,7144165,-36799092,-29654927
2009/04/27,0,7764908,-18939125,-11174217
2009/04/28,0,11110000,-13898624,-2788624
2009/04/29,0,28643280,-11640790,17002490
2009/04/30,0,37097012,-32601678,4495334
2009/05/01,0,0,0,0
2009/05/04,0,22946365,-44342433,-21396068
2009/05/05,0,10810409,-24672667,-13862258
2009/05/06,0,23690708,-34877213,-11186505
2009/05/07,0,37011000,-35472331,1538669
2009/05/08,0,17971953,-32545956,-14574003
2009/05/11,0,13713351,-28583460,-14870109
2009/05/12,0,11236455,-28628925,-17392470
2009/05/13,0,5249917,-18166653,-12916736
2009/05/14,0,5995579,-29727689,-23732110
2009/05/15,0,12740488,-22246440,-9505952
2009/05/18,0,6632597,-34163636,-27531039
2009/05/19,0,18116000,-35862038,-17746038
2009/05/20,0,7753000,-14591897,-6838897
2009/05/21,0,5340447,-16347553,-11007106
2009/05/22,0,6977718,-29682861,-22705143
2009/05/25,0,4620354,-13709420,-9089066
2009/05/26,0,8640938,-8066933,574005
2009/05/27,0,10402020,-23371999,-12969979
2009/05/28,0,0,0,0
2009/05/29,0,0,0,0
2009/06/01,0,17976539,-23758375,-5781836
2009/06/02,0,5168727,-18699263,-13530536
2009/06/03,0,8969000,-7037615,1931385
2009/06/04,0,22466100,-16934033,5532067
2009/06/05,0,7949955,-5504560,2445395
2009/06/08,0,5013268,-9373293,-4360025
2009/06/09,0,30231000,-18588261,11642739
2009/06/10,0,5344869,-8327062,-2982193
2009/06/11,0,6175673,-7945702,-1770029
2009/06/12,0,8206714,-8936869,-730155
2009/06/15,0,20232188,-6778615,13453573
2009/06/16,0,21264603,-12757955,8506648
2009/06/17,0,14356000,-25832173,-11476173
2009/06/18,0,10392000,-9426440,965560
2009/06/19,0,7173614,-6836165,337449
2009/06/22,0,8082822,-4586858,3495964
2009/06/23,0,9229833,-15299131,-6069298
2009/06/24,0,17958843,-5924700,12034143
2009/06/25,0,8156000,-10079583,-1923583
2009/06/26,0,4956061,-4805000,151061
2009/06/29,0,10369500,-10576799,-207299
2009/06/30,0,7604105,-4292889,3311216
2009/07/01,0,12116128,-8128000,3988128
2009/07/02,0,6376372,-12020000,-5643628
2009/07/03,0,3659069,-10650343,-6991274
2009/07/06,0,1688000,-3143000,-1455000
2009/07/07,0,2904658,-9790560,-6885902
2009/07/08,0,4080624,-18766504,-14685880
2009/07/09,0,10405460,-8112530,2292930
2009/07/10,0,2838797,-12157219,-9318422
2009/07/13,0,3885128,-10667006,-6781878
2009/07/14,0,4558731,-7242023,-2683292
2009/07/15,0,11964583,-17783962,-5819379
2009/07/16,0,8451000,-32544031,-24093031
2009/07/17,0,12249975,-3334728,8915247
2009/07/20,0,3581000,-8976322,-5395322
2009/07/21,0,4116000,-12107069,-7991069
2009/07/22,0,5433000,-24648215,-19215215
2009/07/23,0,6932000,-11601531,-4669531
2009/07/24,0,5844500,-28049418,-22204918
2009/07/27,0,7958000,-14815937,-6857937
2009/07/28,0,14181000,-27420436,-13239436
2009/07/29,0,4060000,-31362855,-27302855
2009/07/30,0,11329000,-17931160,-6602160
2009/07/31,0,14674000,-44525121,-29851121
2009/08/03,0,6295000,-14411035,-8116035
2009/08/04,0,1882000,-21301771,-19419771
2009/08/05,0,6766504,-10851537,-4085033
2009/08/06,0,12290000,-13173305,-883305
2009/08/07,0,0,0,0
2009/08/10,0,5053646,-22945363,-17891717
2009/08/11,0,7020000,-21138000,-14118000
2009/08/12,0,13338000,-21648100,-8310100
2009/08/13,0,9240000,-15011662,-5771662
2009/08/14,0,2993000,-8093000,-5100000
2009/08/17,0,1401000,-10738219,-9337219
2009/08/18,0,3403000,-11572727,-8169727
2009/08/19,0,2016000,-11608997,-9592997
2009/08/20,0,2315000,-3844276,-1529276
2009/08/21,0,5672000,-12634765,-6962765
2009/08/24,0,8136212,-12586062,-4449850
2009/08/25,0,3041000,-13779894,-10738894
2009/08/26,0,4375135,-5204851,-829716
2009/08/27,0,7213000,-4610000,2603000
2009/08/28,0,11724000,-4358274,7365726
2009/08/31,0,3888000,-11813682,-7925682
2009/09/01,0,4994000,-5308648,-314648
2009/09/02,0,2891073,-7511957,-4620884
2009/09/03,0,4088903,-9118754,-5029851
2009/09/04,0,5912000,-7820296,-1908296
2009/09/07,0,1036877,-7686824,-6649947
2009/09/08,0,6788161,-9465930,-2677769
2009/09/09,0,5603736,-7094426,-1490690
2009/09/10,0,14223000,-2842610,11380390
2009/09/11,0,7058688,-16431642,-9372954
2009/09/14,0,7615000,-6604875,1010125
2009/09/15,0,5061341,-9058344,-3997003
2009/09/16,0,11306493,-14011178,-2704685
2009/09/17,0,7963509,-17829463,-9865954
2009/09/18,0,5003013,-15831280,-10828267
2009/09/21,0,2029522,-15495947,-13466425
2009/09/22,0,986187,-7033992,-6047805
2009/09/23,0,2834996,-5030513,-2195517
2009/09/24,0,2054469,-10282042,-8227573
2009/09/25,0,13324831,-10732993,2591838
2009/09/28,0,10275493,-5557492,4718001
2009/09/29,0,19791420,-4134944,15656476
2009/09/30,0,11150000,-13544589,-2394589
2009/10/01,0,6931789,-10164801,-3233012
2009/10/02,0,4776870,-20601782,-15824912
2009/10/05,0,2874173,-18923668,-16049495
2009/10/06,0,21823243,-36473135,-14649892
2009/10/07,0,19651668,-27391980,-7740312
2009/10/08,0,19198700,-14649366,4549334
2009/10/09,0,8003000,-11752080,-3749080
2009/10/12,0,2420000,-7029736,-4609736
2009/10/13,0,4368840,-10436984,-6068144
2009/10/14,0,5651000,-7056000,-1405000
2009/10/15,0,8092600,-3873897,4218703
2009/10/16,0,7377000,-13813347,-6436347
2009/10/19,0,1380000,-10348574,-8968574
2009/10/20,0,2205000,-6451911,-4246911
2009/10/21,0,3263000,-9232875,-5969875
2009/10/22,0,3997000,-20741237,-16744237
2009/10/23,0,4270595,-5898922,-1628327
2009/10/26,0,16524900,-5108230,11416670
2009/10/27,0,8230500,-5548238,2682262
2009/10/28,0,452000,-8730605,-8278605
2009/10/29,0,9957000,-10772000,-815000
2009/10/30,0,7800000,-10069473,-2269473
2009/11/02,0,567000,-16246651,-15679651
2009/11/03,0,1265000,-12126729,-10861729
2009/11/04,0,2990000,-6097512,-3107512
2009/11/05,0,3100000,-12179583,-9079583
2009/11/06,0,4431000,-2110104,2320896
2009/11/09,0,5357100,-2056273,3300827
2009/11/10,0,4886000,-9874000,-4988000
2009/11/11,0,6121000,-16611114,-10490114
2009/11/12,0,5139000,-10326564,-5187564
2009/11/13,0,4947000,-7422599,-2475599
2009/11/16,0,5280000,-5104475,175525
2009/11/17,0,13804000,-4217195,9586805
2009/11/18,0,8048687,-6182385,1866302
2009/11/19,0,3567000,-7412684,-3845684
2009/11/20,0,2557000,-6997199,-4440199
2009/11/23,0,2908000,-2492000,416000
2009/11/24,0,2799000,-4222000,-1423000
2009/11/25,0,6829000,-6439058,389942
2009/11/26,0,777115,-2615654,-1838539
2009/11/27,0,2328000,-11146346,-8818346
2009/11/30,0,3623532,-5257626,-1634094
2009/12/01,0,3889000,-3895000,-6000
2009/12/02,0,1041000,-7883622,-6842622
2009/12/03,0,5451400,-5061930,389470
2009/12/04,0,8971777,-4529440,4442337
2009/12/07,0,2174000,-4562539,-2388539
2009/12/08,0,3847188,-1373815,2473373
2009/12/09,0,7832354,-4409457,3422897
2009/12/10,0,4630000,-11004874,-6374874
2009/12/11,0,7280419,-2011000,5269419
2009/12/14,0,7324990,-6950892,374098
2009/12/15,0,7300000,-4755102,2544898
2009/12/16,0,2876000,-7495806,-4619806
2009/12/17,0,2182170,-6484000,-4301830
2009/12/18,0,6755000,-10695149,-3940149
2009/12/21,0,2906100,-5835661,-2929561
2009/12/22,0,2984000,-14454601,-11470601
2009/12/23,0,1638500,-1713363,-74863
2009/12/24,0,7081000,-5421000,1660000
2009/12/25,0,1623000,-56091,1566909
2009/12/28,0,4239000,-2168418,2070582
2009/12/29,0,1394000,-10258765,-8864765
2009/12/30,0,5556000,-8378543,-2822543
2009/12/31,0,4117000,-4800000,-683000
2010/01/01,0,0,0,0
2010/01/04,0,3057000,-7520000,-4463000
2010/01/05,0,4172532,-6406426,-2233894
2010/01/06,0,11023000,-7075483,3947517
2010/01/07,0,7902200,-12858355,-4956155
2010/01/08,0,4215290,-27293411,-23078121
2010/01/11,0,5634200,-10403995,-4769795
2010/01/12,0,9282659,-6234161,3048498
2010/01/13,0,2999000,-2070885,928115
2010/01/14,0,2399000,-8295525,-5896525
2010/01/15,0,2399000,-6485099,-4086099
2010/01/18,0,970000,-1551300,-581300
2010/01/19,0,3234000,-6438376,-3204376
2010/01/20,0,7868000,-13291429,-5423429
2010/01/21,0,0,0,0
2010/01/22,0,0,0,0
2010/01/25,0,0,0,0
2010/01/26,0,0,0,0
2010/01/27,0,0,0,0
2010/01/28,0,0,0,0
2010/01/29,0,0,0,0
2010/02/01,0,0,0,0
2010/02/02,0,0,0,0
2010/02/03,0,0,0,0
2010/02/04,0,0,0,0
2010/02/05,0,0,0,0
2010/02/08,0,11921287,-46052001,-34130714
2010/02/09,0,8590182,-20524522,-11934340
2010/02/10,0,1859000,-21626802,-19767802
2010/02/11,0,0,0,0
2010/02/12,0,0,0,0
2010/02/15,0,0,0,0
2010/02/16,0,0,0,0
2010/02/17,0,0,0,0
2010/02/18,0,0,0,0
2010/02/19,0,0,0,0
2010/02/22,0,18172738,-17927115,245623
2010/02/23,0,10030364,-16221098,-6190734
2010/02/24,0,4670818,-17730812,-13059994
2010/02/25,0,7247284,-14892181,-7644897
2010/02/26,0,9379000,-6863903,2515097
2010/03/01,0,15512000,-13544090,1967910
2010/03/02,0,6040218,-8728431,-2688213
2010/03/03,0,5059352,-11951675,-6892323
2010/03/04,0,6705416,-10355580,-3650164
2010/03/05,0,5220000,-6400932,-1180932
2010/03/08,0,6046000,-7355483,-1309483
2010/03/09,0,1642741,-5801392,-4158651
2010/03/10,0,3381918,-7287934,-3906016
2010/03/11,0,409000,-5372289,-4963289
2010/03/12,0,1846000,-1024272,821728
2010/03/15,0,2553000,-4181806,-1628806
2010/03/16,0,1382273,-3529000,-2146727
2010/03/17,0,5179455,-3455293,1724162
2010/03/18,0,3008000,-7272561,-4264561
2010/03/19,0,8416000,-6779121,1636879
2010/03/22,0,963000,-9170079,-8207079
2010/03/23,0,1094000,-3786063,-2692063
2010/03/24,0,3562000,-5636151,-2074151
2010/03/25,0,1774000,-5421641,-3647641
2010/03/26,0,4550000,-5997727,-1447727
2010/03/29,0,6088100,-4863818,1224282
2010/03/30,0,13488578,-3269361,10219217
2010/03/31,0,9864498,-9342013,522485
2010/04/01,0,13823286,-5573852,8249434
2010/04/02,0,1693000,-939000,754000
2010/04/05,0,0,0,0
2010/04/06,0,5918000,-2985000,2933000
2010/04/07,0,8321640,-10437697,-2116057
2010/04/08,0,8593000,-10333505,-1740505
2010/04/09,0,4711196,-3539390,1171806
2010/04/12,0,3715574,-4578412,-862838
2010/04/13,0,4689000,-5824742,-1135742
2010/04/14,0,3531637,-5616911,-2085274
2010/04/15,0,3433000,-7166918,-3733918
2010/04/16,0,2345462,-8146000,-5800538
2010/04/19,0,5245000,-13084330,-7839330
2010/04/20,0,6985000,-13133190,-6148190
2010/04/21,0,7087658,-13427254,-6339596
2010/04/22,0,3663000,-5647228,-1984228
2010/04/23,0,2276000,-3459108,-1183108
2010/04/26,0,10895000,-3842475,7052525
2010/04/27,0,4358000,-5935726,-1577726
2010/04/28,0,7034000,-14649634,-7615634
2010/04/29,0,3254000,-8348000,-5094000
2010/04/30,0,7364000,-8410363,-1046363
2010/05/03,0,7334000,-6843489,490511
2010/05/04,0,5804000,-9666710,-3862710
2010/05/05,0,13899943,-23303812,-9403869
2010/05/06,0,21589481,-25106552,-3517071
2010/05/07,0,16820349,-16321452,498897
2010/05/10,0,18148650,-10143166,8005484
2010/05/11,0,7062000,-10570097,-3508097
2010/05/12,0,6853938,-4496871,2357067
2010/05/13,0,13000000,-1844832,11155168
2010/05/14,0,6897000,-9593362,-2696362
2010/05/17,0,4526000,-3917804,608196
2010/05/18,0,10488100,-7599753,2888347
2010/05/19,0,7537003,-8990433,-1453430
2010/05/20,0,12880091,-12034000,846091
2010/05/21,0,21150000,-13412685,7737315
2010/05/24,0,6009000,-6510000,-501000
2010/05/25,0,13623000,-17360817,-3737817
2010/05/26,0,19538180,-10168272,9369908
2010/05/27,0,9762100,-22356603,-12594503
2010/05/28,0,14950000,-32591093,-17641093
2010/05/31,0,8284000,-2031000,6253000
2010/06/01,0,4979000,-5495280,-516280
2010/06/02,0,7322272,-12426372,-5104100
2010/06/03,0,11764100,-8375380,3388720
2010/06/04,0,6686000,-6905460,-219460
2010/06/07,0,8653812,-6416118,2237694
2010/06/08,0,8963598,-9031578,-67980
2010/06/09,0,7773455,-3441020,4332435
2010/06/10,0,8524000,-780000,7744000
2010/06/11,0,6865000,-4912176,1952824
2010/06/14,0,5450000,-1040507,4409493
2010/06/15,0,14762000,-2649686,12112314
2010/06/16,0,0,0,0
2010/06/17,0,8388930,-16639304,-8250374
2010/06/18,0,6295000,-500727,5794273
2010/06/21,0,9654182,-10038513,-384331
2010/06/22,0,8534920,-5174128,3360792
2010/06/23,0,2955000,-886337,2068663
2010/06/24,0,1857168,-2393390,-536222
2010/06/25,0,857827,-2606348,-1748521
2010/06/28,0,4373000,-3640818,732182
2010/06/29,0,7051000,-4078364,2972636
2010/06/30,0,12774193,-10115815,2658378
2010/07/01,0,9516000,-8899774,616226
2010/07/02,0,21664000,-8708842,12955158
2010/07/05,0,7209200,-1848390,5360810
2010/07/06,0,13878000,-3483260,10394740
2010/07/07,0,2936971,-3076000,-139029
2010/07/08,0,8244454,-2282876,5961578
2010/07/09,0,11878074,-3345364,8532710
2010/07/12,0,6726000,-3666888,3059112
2010/07/13,0,5129500,-1963871,3165629
2010/07/14,0,11052750,-2425601,8627149
2010/07/15,0,3959000,-5236514,-1277514
2010/07/16,0,7803125,-1445000,6358125
2010/07/19,0,5158000,-812000,4346000
2010/07/20,0,7180230,-1501000,5679230
2010/07/21,0,10141000,-3835775,6305225
2010/07/22,0,3917710,-2944033,973677
2010/07/23,0,14319830,-3533156,10786674
2010/07/26,0,5359110,-3191000,2168110
2010/07/27,0,5092075,-3713001,1379074
2010/07/28,0,5709000,-3053156,2655844
2010/07/29,0,6775000,-3949618,2825382
2010/07/30,0,3800416,-4339562,-539146
2010/08/02,0,8489000,-9912200,-1423200
2010/08/03,0,3670182,-6568054,-2897872
2010/08/04,0,6810000,-2939157,3870843
2010/08/05,0,7226000,-5841344,1384656
2010/08/06,0,3697059,-15692271,-11995212
2010/08/09,0,6271273,-19408582,-13137309
2010/08/10,0,4509000,-11786698,-7277698
2010/08/11,0,8013000,-7658193,354807
2010/08/12,0,6007908,-9834318,-3826410
2010/08/13,0,7471902,-1768000,5703902
2010/08/16,0,6934000,-733237,6200763
2010/08/17,0,4911000,-995248,3915752
2010/08/18,0,4343000,-5159716,-816716
2010/08/19,0,2726000,-5934110,-3208110
2010/08/20,0,3551000,-3107500,443500
2010/08/23,0,7519000,-1459000,6060000
2010/08/24,0,3666000,-4766578,-1100578
2010/08/25,0,10806000,-15350890,-4544890
2010/08/26,0,7503000,-8564665,-1061665
2010/08/27,0,8027730,-6413613,1614117
2010/08/30,0,6023293,-2514000,3509293
2010/08/31,0,10979000,-3828155,7150845
2010/09/01,0,20153000,-8679994,11473006
2010/09/02,0,10254000,-5895480,4358520
2010/09/03,0,10837000,-1834000,9003000
2010/09/06,0,8956000,-680241,8275759
2010/09/07,0,6984163,-6917260,66903
2010/09/08,0,8417170,-1405153,7012017
2010/09/09,0,8328000,-1128430,7199570
2010/09/10,0,5594670,-901350,4693320
2010/09/13,0,19227000,-4154000,15073000
2010/09/14,0,9235000,-1502000,7733000
2010/09/15,0,10301246,-4461018,5840228
2010/09/16,0,4380001,-6920264,-2540263
2010/09/17,0,10246000,-3430488,6815512
2010/09/20,0,3878000,-1688000,2190000
2010/09/21,0,5826000,-1380455,4445545
2010/09/22,0,0,0,0
2010/09/23,0,9268160,-6177247,3090913
2010/09/24,0,12405770,-3222256,9183514
2010/09/27,0,9601361,-6622744,2978617
2010/09/28,0,3199750,-1573272,1626478
2010/09/29,0,8452000,-6601011,1850989
2010/09/30,0,2451000,-8844708,-6393708
2010/10/01,0,3000250,-4217936,-1217686
2010/10/04,0,2295800,-7085000,-4789200
2010/10/05,0,2873790,-4090124,-1216334
2010/10/06,0,3731346,-5163590,-1432244
2010/10/07,0,5501770,-1158108,4343662
2010/10/08,0,7924130,-1854094,6070036
2010/10/11,0,4545090,-4180746,364344
2010/10/12,0,4284050,-4220407,63643
2010/10/13,0,3469170,-5118727,-1649557
2010/10/14,0,6067620,-5051000,1016620
2010/10/15,0,6852280,-3289002,3563278
2010/10/18,0,4337000,-3486000,851000
2010/10/19,0,3178100,-6202979,-3024879
2010/10/20,0,5497000,-4466000,1031000
2010/10/21,0,6214000,-4257000,1957000
2010/10/22,0,3417691,-6077003,-2659312
2010/10/25,0,6566000,-846000,5720000
2010/10/26,0,1928744,-1256000,672744
2010/10/27,0,2486340,-1328000,1158340
2010/10/28,0,9802029,-2072838,7729191
2010/10/29,0,5422000,-4793424,628576
2010/11/01,0,9865000,-2613000,7252000
2010/11/02,0,7091000,-3922790,3168210
2010/11/03,0,11817000,-1700963,10116037
2010/11/04,0,3050000,-1047000,2003000
2010/11/05,0,2801000,-3062032,-261032
2010/11/08,0,1814930,-3726437,-1911507
2010/11/09,0,1808000,-6407147,-4599147
2010/11/10,0,6243000,-11599587,-5356587
2010/11/11,0,1773000,-5613986,-3840986
2010/11/12,0,1639500,-8917957,-7278457
2010/11/15,0,1878603,-4107000,-2228397
2010/11/16,0,5238000,-5080743,157257
2010/11/17,0,5903000,-7345332,-1442332
2010/11/18,0,3315000,-5006060,-1691060
2010/11/19,0,7787050,-4755000,3032050
2010/11/22,0,1710480,-609000,1101480
2010/11/23,0,6864480,-6923100,-58620
2010/11/24,0,3592000,-4674000,-1082000
2010/11/25,0,1857000,-4556000,-2699000
2010/11/26,0,4073000,-5977373,-1904373
2010/11/29,0,3144000,-3341376,-197376
2010/11/30,0,4908460,-6334923,-1426463
2010/12/01,0,4989000,-6801000,-1812000
2010/12/02,0,3126869,-4320185,-1193316
2010/12/03,0,1028000,-2705000,-1677000
2010/12/06,0,1535000,-5932000,-4397000
2010/12/07,0,2077170,-4860465,-2783295
2010/12/08,0,3355000,-5086587,-1731587
2010/12/09,0,5308000,-4312636,995364
2010/12/10,0,2809637,-5938350,-3128713
2010/12/13,0,585000,-9118340,-8533340
2010/12/14,0,1633000,-10485545,-8852545
2010/12/15,0,3373363,-18918319,-15544956
2010/12/16,0,9047000,-20016000,-10969000
2010/12/17,0,4241000,-5312561,-1071561
2010/12/20,0,10109950,-12137000,-2027050
2010/12/21,0,1165000,-2334820,-1169820
2010/12/22,0,5838000,-5493320,344680
2010/12/23,0,3204000,-2418046,785954
2010/12/24,0,1292000,-633000,659000
2010/12/27,0,2668000,-1070000,1598000
2010/12/28,0,5578640,-4175090,1403550
2010/12/29,0,3115240,-3038640,76600
2010/12/30,0,4003000,-6275682,-2272682
2010/12/31,0,6557000,-8524250,-1967250
2011/01/03,0,3173901,-1639553,1534348
2011/01/04,0,2399000,-2803000,-404000
2011/01/05,0,7213995,-6798582,415413
2011/01/06,0,10219000,-13315026,-3096026
2011/01/07,0,0,0,0
2011/01/10,0,0,0,0
2011/01/11,0,0,0,0
2011/01/12,0,0,0,0
2011/01/13,0,0,0,0
2011/01/14,0,0,0,0
2011/01/17,0,0,0,0
2011/01/18,0,0,0,0
2011/01/19,0,0,0,0
2011/01/20,0,0,0,0
2011/01/21,0,0,0,0
2011/01/24,0,0,0,0
2011/01/25,0,5311419,-11122321,-5810902
2011/01/26,0,2932000,-9159905,-6227905
2011/01/27,0,3978400,-11870687,-7892287
2011/01/28,0,3492720,-6554948,-3062228
2011/01/31,0,0,0,0
2011/02/01,0,0,0,0
2011/02/02,0,0,0,0
2011/02/03,0,0,0,0
2011/02/04,0,0,0,0
2011/02/07,0,0,0,0
2011/02/08,0,8330835,-26368263,-18037428
2011/02/09,0,6545000,-9256317,-2711317
2011/02/10,0,5208000,-19822280,-14614280
2011/02/11,0,5687000,-24519702,-18832702
2011/02/14,0,3813000,-11389094,-7576094
2011/02/15,0,1558000,-5467242,-3909242
2011/02/16,0,3332000,-7696985,-4364985
2011/02/17,0,1050000,-4324911,-3274911
2011/02/18,0,5552000,-3410200,2141800
2011/02/21,0,1403000,-4019211,-2616211
2011/02/22,0,1209000,-7426005,-6217005
2011/02/23,0,7169600,-4239558,2930042
2011/02/24,0,12340747,-15111796,-2771049
2011/02/25,0,9588838,-16173987,-6585149
2011/02/28,0,0,0,0
2011/03/01,0,2450647,-5869800,-3419153
2011/03/02,0,1075747,-10658800,-9583053
2011/03/03,0,6351000,-3404763,2946237
2011/03/04,0,3867000,-4304002,-437002
2011/03/07,0,5431000,-6515861,-1084861
2011/03/08,0,6392200,-4255714,2136486
2011/03/09,0,1944326,-7864311,-5919985
2011/03/10,0,3870281,-4958500,-1088219
2011/03/11,0,5193283,-4184406,1008877
2011/03/14,0,2025200,-2954467,-929267
2011/03/15,0,5599000,-4901960,697040
2011/03/16,0,2977116,-4985836,-2008720
2011/03/17,0,1239000,-8396381,-7157381
2011/03/18,0,1023000,-11846688,-10823688
2011/03/21,0,1193000,-3746729,-2553729
2011/03/22,0,3068331,-3505200,-436869
2011/03/23,0,3902000,-3382000,520000
2011/03/24,0,6075000,-3161200,2913800
2011/03/25,0,6115088,-6670400,-555312
2011/03/28,0,5481000,-707000,4774000
2011/03/29,0,6266000,-5249493,1016507
2011/03/30,0,9417000,-1410000,8007000
2011/03/31,0,6299959,-2773720,3526239
2011/04/01,0,3963663,-1127958,2835705
2011/04/04,0,0,0,0
2011/04/05,0,0,0,0
2011/04/06,0,10547647,-1719394,8828253
2011/04/07,0,4081545,-3273829,807716
2011/04/08,0,6123977,-2941000,3182977
2011/04/11,0,2340933,-1826800,514133
2011/04/12,0,1939696,-4647816,-2708120
2011/04/13,0,3515000,-7758797,-4243797
2011/04/14,0,2320600,-4881472,-2560872
2011/04/15,0,3690000,-3467600,222400
2011/04/18,0,4591000,-4215087,375913
2011/04/19,0,2234310,-3150800,-916490
2011/04/20,0,5031762,-6665963,-1634201
2011/04/21,0,7704001,-6500600,1203401
2011/04/22,0,3088010,-2787000,301010
2011/04/25,0,1081000,-3308000,-2227000
2011/04/26,0,3359637,-9685578,-6325941
2011/04/27,0,1791000,-5195521,-3404521
2011/04/28,0,3236788,-7159038,-3922250
2011/04/29,0,1622657,-5655873,-4033216
2011/05/02,0,0,0,0
2011/05/03,0,3002000,-3909390,-907390
2011/05/04,0,486962,-5721189,-5234227
2011/05/05,0,2646000,-2674344,-28344
2011/05/06,0,3548215,-7917213,-4368998
2011/05/09,0,3987000,-1023050,2963950
2011/05/10,0,2443000,-953498,1489502
2011/05/11,0,2145000,-2482690,-337690
2011/05/12,0,3648000,-2765540,882460
2011/05/13,0,3240000,-7149934,-3909934
2011/05/16,0,2769800,-4552800,-1783000
2011/05/17,0,1128000,-5496547,-4368547
2011/05/18,0,7508000,-5604289,1903711
2011/05/19,0,2579000,-5872665,-3293665
2011/05/20,0,1870000,-5740824,-3870824
2011/05/23,0,1349360,-3313000,-1963640
2011/05/24,0,2584000,-4686572,-2102572
2011/05/25,0,5908910,-4778671,1130239
2011/05/26,0,623364,-1883049,-1259685
2011/05/27,0,2400000,-4078804,-1678804
2011/05/30,0,1527000,-5741800,-4214800
2011/05/31,0,6289000,-4190712,2098288
2011/06/01,0,5648000,-2903028,2744972
2011/06/02,0,6838000,-3799138,3038862
2011/06/03,0,4008053,-1993216,2014837
2011/06/06,0,0,0,0
2011/06/07,0,21497343,-26199746,-4702403
2011/06/08,0,2483000,-12735000,-10252000
2011/06/09,0,2269000,-11963408,-9694408
2011/06/10,0,2190664,-10514284,-8323620
2011/06/13,0,1755000,-4470331,-2715331
2011/06/14,0,5602000,-7301670,-1699670
2011/06/15,0,11041000,-13847118,-2806118
2011/06/16,0,2491047,-8336000,-5844953
2011/06/17,0,5275070,-6107600,-832530
2011/06/20,0,1933000,-2996282,-1063282
2011/06/21,0,8586836,-3232403,5354433
2011/06/22,0,5517000,-10029854,-4512854
2011/06/23,0,3976964,-3875205,101759
2011/06/24,0,3044000,-2276588,767412
2011/06/27,0,4464000,-7382687,-2918687
2011/06/28,0,5544922,-4366427,1178495
2011/06/29,0,10253210,-4926602,5326608
2011/06/30,0,6263000,-3482700,2780300
2011/07/01,0,5059017,-1081000,3978017
2011/07/04,0,1267831,-3213643,-1945812
2011/07/05,0,3455940,-4533144,-1077204
2011/07/06,0,1467266,-5695952,-4228686
2011/07/07,0,5178724,-11699727,-6521003
2011/07/08,0,3640200,-7104927,-3464727
2011/07/11,0,2677215,-14474442,-11797227
2011/07/12,0,3529467,-5021786,-1492319
2011/07/13,0,3112883,-2228308,884575
2011/07/14,0,1164510,-7684000,-6519490
2011/07/15,0,1675379,-4023636,-2348257
2011/07/18,0,1161186,-3119000,-1957814
2011/07/19,0,3112000,-2584815,527185
2011/07/20,0,5060765,-9514352,-4453587
2011/07/21,0,4039124,-7579940,-3540816
2011/07/22,0,6038535,-26482348,-20443813
2011/07/25,0,6268139,-9466858,-3198719
2011/07/26,0,5125388,-4883672,241716
2011/07/27,0,2254752,-5544233,-3289481
2011/07/28,0,4785844,-3674111,1111733
2011/07/29,0,4485046,-4983688,-498642
2011/08/01,0,5867572,-12190848,-6323276
2011/08/02,0,3408689,-8475000,-5066311
2011/08/03,0,4260850,-1960743,2300107
2011/08/04,0,6965128,-4145700,2819428
2011/08/05,0,20832132,-9260000,11572132
2011/08/08,0,7279687,-16069316,-8789629
2011/08/09,0,11047100,-19799120,-8752020
2011/08/10,0,8686350,-19124362,-10438012
2011/08/11,0,6317000,-5342639,974361
2011/08/12,0,4881000,-7566516,-2685516
2011/08/15,0,3651582,-740109,2911473
2011/08/16,0,3118000,-3898000,-780000
2011/08/17,0,3525563,-2668000,857563
2011/08/18,0,4037730,-7215426,-3177696
2011/08/19,0,11561997,-2437000,9124997
2011/08/22,0,10553180,-2179000,8374180
2011/08/23,0,31471000,-20069301,11401699
2011/08/24,0,13582222,-5564331,8017891
2011/08/25,0,7703806,-2706987,4996819
2011/08/26,0,4489814,-1207037,3282777
2011/08/29,0,9327000,-997786,8329214
2011/08/30,0,5134310,-6458532,-1324222
2011/08/31,0,7385635,-5462073,1923562
2011/09/01,0,12018399,-10628341,1390058
2011/09/02,0,5623703,-7302137,-1678434
2011/09/05,0,3922000,-7853498,-3931498
2011/09/06,0,4103911,-6125419,-2021508
2011/09/07,0,3391504,-2224382,1167122
2011/09/08,0,2608570,-3981000,-1372430
2011/09/09,0,5260500,-1080000,4180500
2011/09/12,0,0,0,0
2011/09/13,0,8264236,-6188735,2075501
2011/09/14,0,11061632,-4536814,6524818
2011/09/15,0,8056000,-3810074,4245926
2011/09/16,0,8361000,-2067123,6293877
2011/09/19,0,2251417,-2301000,-49583
2011/09/20,0,4694892,-5487000,-792108
2011/09/21,0,7835713,-13049240,-5213527
2011/09/22,0,2623986,-7155993,-4532007
2011/09/23,0,8871593,-6352875,2518718
2011/09/26,0,3705218,-2879227,825991
2011/09/27,0,10170487,-1729266,8441221
2011/09/28,0,12189726,-5258818,6930908
2011/09/29,0,9670838,-1659457,8011381
2011/09/30,0,14653000,-4487000,10166000
2011/10/03,0,9761684,-8756556,1005128
2011/10/04,0,8243790,-2382029,5861761
2011/10/05,0,4724000,-2253595,2470405
2011/10/06,0,9341000,-3378000,5963000
2011/10/07,0,6486300,-5301000,1185300
2011/10/10,0,0,0,0
2011/10/11,0,7103000,-21613747,-14510747
2011/10/12,0,4095562,-8905505,-4809943
2011/10/13,0,2960495,-11552000,-8591505
2011/10/14,0,2764489,-9105000,-6340511
2011/10/17,0,4732727,-6727781,-1995054
2011/10/18,0,2321397,-4460538,-2139141
2011/10/19,0,2199749,-1343200,856549
2011/10/20,0,2541671,-3927800,-1386129
2011/10/21,0,2527141,-2379000,148141
2011/10/24,0,9736696,-1802000,7934696
2011/10/25,0,6402138,-2961151,3440987
2011/10/26,0,5548000,-5116873,431127
2011/10/27,0,5526000,-11868000,-6342000
2011/10/28,0,7115000,-17796307,-10681307
2011/10/31,0,5543000,-8161591,-2618591
2011/11/01,0,5967000,-3276776,2690224
2011/11/02,0,3478100,-3975200,-497100
2011/11/03,0,1552000,-8414268,-6862268
2011/11/04,0,6197000,-13295799,-7098799
2011/11/07,0,1300300,-5503000,-4202700
2011/11/08,0,6607558,-6098201,509357
2011/11/09,0,3308714,-2062600,1246114
2011/11/10,0,5188714,-5434218,-245504
2011/11/11,0,2470000,-3105591,-635591
2011/11/14,0,1375000,-1170743,204257
2011/11/15,0,3710830,-3687000,23830
2011/11/16,0,6310000,-5870000,440000
2011/11/17,0,5734844,-8103078,-2368234
2011/11/18,0,4746000,-9281400,-4535400
2011/11/21,0,1337000,-7961770,-6624770
2011/11/22,0,1911000,-7170654,-5259654
2011/11/23,0,1685546,-8899623,-7214077
2011/11/24,0,4140300,-4855033,-714733
2011/11/25,0,600000,-6973000,-6373000
2011/11/28,0,3406040,-4789200,-1383160
2011/11/29,0,2391500,-8427203,-6035703
2011/11/30,0,8356600,-9798833,-1442233
2011/12/01,0,9349000,-1872633,7476367
2011/12/02,0,3047000,-3951700,-904700
2011/12/05,0,2450990,-3277341,-826351
2011/12/06,0,1887000,-3240009,-1353009
2011/12/07,0,6030000,-3918713,2111287
2011/12/08,0,2871000,-2957200,-86200
2011/12/09,0,2289213,-2259000,30213
2011/12/12,0,2922000,-1792600,1129400
2011/12/13,0,2624000,-2465164,158836
2011/12/14,0,2041000,-2589106,-548106
2011/12/15,0,1772000,-7203744,-5431744
2011/12/16,0,2816000,-5097323,-2281323
2011/12/19,0,1754000,-3443000,-1689000
2011/12/20,0,4642100,-3683000,959100
2011/12/21,0,2956000,-1842945,1113055
2011/12/22,0,1601000,-1392093,208907
2011/12/23,0,3477000,-5184051,-1707051
2011/12/26,0,1885500,-305600,1579900
2011/12/27,0,2153000,-184800,1968200
2011/12/28,0,2270000,-1256000,1014000
2011/12/29,0,3422000,-979927,2442073
2011/12/30,0,2623000,-734442,1888558
2012/01/02,0,938000,-717000,221000
2012/01/03,0,3093000,-1941781,1151219
2012/01/04,0,3283000,-3853000,-570000
2012/01/05,0,1830000,-8291012,-6461012
2012/01/06,0,4510000,-6451000,-1941000
2012/01/09,0,2386286,-7436110,-5049824
2012/01/10,0,4722500,-7357275,-2634775
2012/01/11,0,2186200,-8960112,-6773912
2012/01/12,0,4398000,-8130413,-3732413
2012/01/13,0,4231000,-6486000,-2255000
2012/01/16,0,1292000,-4984000,-3692000
2012/01/17,0,4224000,-40498651,-36274651
2012/01/18,0,4046450,-41952675,-37906225
2012/01/19,0,0,0,0
2012/01/20,0,0,0,0
2012/01/23,0,0,0,0
2012/01/24,0,0,0,0
2012/01/25,0,0,0,0
2012/01/26,0,0,0,0
2012/01/27,0,0,0,0
2012/01/30,0,12009037,-49381297,-37372260
2012/01/31,0,10431097,-19061328,-8630231
2012/02/01,0,4805000,-6668200,-1863200
2012/02/02,0,2847000,-13589600,-10742600
2012/02/03,0,2041000,-20286000,-18245000
2012/02/06,0,1862000,-15159000,-13297000
2012/02/07,0,1607326,-13759259,-12151933
2012/02/08,0,3047000,-12421443,-9374443
2012/02/09,0,2114500,-17645371,-15530871
2012/02/10,0,2001300,-17588200,-15586900
2012/02/13,0,3113350,-18411000,-15297650
2012/02/14,0,1664088,-11055192,-9391104
2012/02/15,0,4028000,-15560780,-11532780
2012/02/16,0,3918564,-11122785,-7204221
2012/02/17,0,8053000,-9733016,-1680016
2012/02/20,0,3950000,-5455436,-1505436
2012/02/21,0,4109818,-7311956,-3202138
2012/02/22,0,4351500,-16723526,-12372026
2012/02/23,0,2849398,-29470448,-26621050
2012/02/24,0,2725521,-59398193,-56672672
2012/02/27,0,0,0,0
2012/02/28,0,0,0,0
2012/02/29,0,13072100,-45250650,-32178550
2012/03/01,0,6603635,-17363082,-10759447
2012/03/02,0,2884616,-1705464,1179152
2012/03/05,0,1528150,-6502000,-4973850
2012/03/06,0,4598000,-7263805,-2665805
2012/03/07,0,4538000,-9984711,-5446711
2012/03/08,0,1389000,-5355600,-3966600
2012/03/09,0,1173146,-8813200,-7640054
2012/03/12,0,1619000,-6563853,-4944853
2012/03/13,0,3912000,-4408181,-496181
2012/03/14,0,3335000,-3521078,-186078
2012/03/15,0,2750000,-6989254,-4239254
2012/03/16,0,1358000,-10824070,-9466070
2012/03/19,0,1444000,-3497930,-2053930
2012/03/20,0,1019850,-9750000,-8730150
2012/03/21,0,3809484,-9098375,-5288891
2012/03/22,0,5206000,-10783301,-5577301
2012/03/23,0,2783000,-4055600,-1272600
2012/03/26,0,1635143,-11287108,-9651965
2012/03/27,0,4060000,-8781055,-4721055
2012/03/28,0,5023000,-9767338,-4744338
2012/03/29,0,6736000,-14598544,-7862544
2012/03/30,0,9827871,-19055000,-9227129
2012/04/02,0,5410000,-7306831,-1896831
2012/04/03,0,5164087,-5025400,138687
2012/04/04,0,0,0,0
2012/04/05,0,1077350,-6875805,-5798455
2012/04/06,0,1282430,-5324900,-4042470
2012/04/09,0,728000,-3557000,-2829000
2012/04/10,0,2402000,-9156300,-6754300
2012/04/11,0,2068000,-10896076,-8828076
2012/04/12,0,2484500,-10699350,-8214850
2012/04/13,0,1037747,-3040654,-2002907
2012/04/16,0,951000,-6671882,-5720882
2012/04/17,0,2063000,-14763000,-12700000
2012/04/18,0,2124000,-18383760,-16259760
2012/04/19,0,2741000,-15751033,-13010033
2012/04/20,0,2717000,-14958430,-12241430
2012/04/23,0,4801835,-6732000,-1930165
2012/04/24,0,8681000,-9375000,-694000
2012/04/25,0,5440000,-3288000,2152000
2012/04/26,0,1238000,-5110737,-3872737
2012/04/27,0,3685238,-3459400,225838
2012/04/30,0,4329000,-3863571,465429
2012/05/01,0,0,0,0
2012/05/02,0,5925000,-9841210,-3916210
2012/05/03,0,2582620,-3773000,-1190380
2012/05/04,0,3639503,-3806000,-166497
2012/05/07,0,3822000,-6911486,-3089486
2012/05/08,0,1680000,-3764500,-2084500
2012/05/09,0,2939350,-8549513,-5610163
2012/05/10,0,1804506,-11957516,-10153010
2012/05/11,0,2389503,-10613258,-8223755
2012/05/14,0,817200,-6200310,-5383110
2012/05/15,0,7075162,-4596470,2478692
2012/05/16,0,1253857,-6956849,-5702992
2012/05/17,0,2467000,-5227352,-2760352
2012/05/18,0,1635000,-5719041,-4084041
2012/05/21,0,2356000,-3516532,-1160532
2012/05/22,0,3338000,-2250671,1087329
2012/05/23,0,2562712,-3072521,-509809
2012/05/24,0,1739579,-1675000,64579
2012/05/25,0,2084000,-2130024,-46024
2012/05/28,0,1236000,-5004735,-3768735
2012/05/29,0,2299000,-3817000,-1518000
2012/05/30,0,8605000,-14343830,-5738830
2012/05/31,0,4909798,-11940377,-7030579
2012/06/01,0,2104000,-4785504,-2681504
2012/06/04,0,2214202,-1868693,345509
2012/06/05,0,1398350,-2485000,-1086650
2012/06/06,0,2322000,-2809000,-487000
2012/06/07,0,2046423,-3834000,-1787577
2012/06/08,0,1132904,-8077682,-6944778
2012/06/11,0,4251784,-1107000,3144784
2012/06/12,0,1021000,-2703000,-1682000
2012/06/13,0,814424,-3010370,-2195946
2012/06/14,0,2819744,-3036053,-216309
2012/06/15,0,6432276,-9178170,-2745894
2012/06/18,0,3664455,-3311347,353108
2012/06/19,0,3520040,-854000,2666040
2012/06/20,0,4905208,-1713500,3191708
2012/06/21,0,3131381,-2704000,427381
2012/06/22,0,866685,-2915000,-2048315
2012/06/25,0,1025000,-3692517,-2667517
2012/06/26,0,6145000,-1363432,4781568
2012/06/27,0,5471000,-1983285,3487715
2012/06/28,0,3682000,-3323476,358524
2012/06/29,0,5904000,-1218000,4686000
2012/07/02,0,584000,-2272000,-1688000
2012/07/03,0,3189857,-1484000,1705857
2012/07/04,0,3050069,-558924,2491145
2012/07/05,0,2278000,-1141508,1136492
2012/07/06,0,2608000,-1777000,831000
2012/07/09,0,4000000,-1282000,2718000
2012/07/10,0,4476000,-1716384,2759616
2012/07/11,0,2490000,-1595890,894110
2012/07/12,0,2956767,-5223521,-2266754
2012/07/13,0,1393362,-2196138,-802776
2012/07/16,0,9652347,-1091279,8561068
2012/07/17,0,4654000,-6257008,-1603008
2012/07/18,0,1898350,-6962857,-5064507
2012/07/19,0,2274000,-2425857,-151857
2012/07/20,0,1510000,-909915,600085
2012/07/23,0,2576000,-3631000,-1055000
2012/07/24,0,3911000,-6073387,-2162387
2012/07/25,0,1576000,-4877153,-3301153
2012/07/26,0,4733350,-4625969,107381
2012/07/27,0,4793000,-6682854,-1889854
2012/07/30,0,2215928,-3427000,-1211072
2012/07/31,0,7869113,-5485934,2383179
2012/08/01,0,1583000,-3264000,-1681000
2012/08/02,0,0,0,0
2012/08/03,0,2572535,-2470155,102380
2012/08/06,0,4574000,-1508896,3065104
2012/08/07,0,3602972,-4132570,-529598
2012/08/08,0,4490250,-5603623,-1113373
2012/08/09,0,8527900,-2178431,6349469
2012/08/10,0,3763000,-2719000,1044000
2012/08/13,0,3956000,-586000,3370000
2012/08/14,0,4449053,-165000,4284053
2012/08/15,0,3687107,-271054,3416053
2012/08/16,0,1939000,-1224000,715000
2012/08/17,0,1173000,-1348860,-175860
2012/08/20,0,542000,-1270000,-728000
2012/08/21,0,4926193,-1838933,3087260
2012/08/22,0,916558,-762000,154558
2012/08/23,0,2647511,-1577862,1069649
2012/08/24,0,1588000,-1918325,-330325
2012/08/27,0,1913000,-1802000,111000
2012/08/28,0,1300438,-1184000,116438
2012/08/29,0,1488000,-596000,892000
2012/08/30,0,3008000,-5000000,-1992000
2012/08/31,0,1381343,-2205854,-824511
2012/09/03,0,418000,-1374000,-956000
2012/09/04,0,201000,-2799288,-2598288
2012/09/05,0,430000,-4362291,-3932291
2012/09/06,0,743000,-2160000,-1417000
2012/09/07,0,700693,-1353000,-652307
2012/09/10,0,1527567,-1597000,-69433
2012/09/11,0,1073000,-1653000,-580000
2012/09/12,0,2028000,-1597000,431000
2012/09/13,0,3364000,-3797000,-433000
2012/09/14,0,4929000,-4857000,72000
2012/09/17,0,3003000,-4156900,-1153900
2012/09/18,0,2293000,-4424000,-2131000
2012/09/19,0,5330538,-3762200,1568338
2012/09/20,0,1751763,-4768140,-3016377
2012/09/21,0,4974318,-4929891,44427
2012/09/24,0,1992610,-1995442,-2832
2012/09/25,0,3389000,-1493000,1896000
2012/09/26,0,3290000,-2134000,1156000
2012/09/27,0,3383000,-2038013,1344987
2012/09/28,0,4631100,-2439339,2191761
2012/10/01,0,2402000,-885000,1517000
2012/10/02,0,2925000,-818000,2107000
2012/10/03,0,677000,-659000,18000
2012/10/04,0,2866000,-675000,2191000
2012/10/05,0,1389000,-1037000,352000
2012/10/08,0,1676500,-764000,912500
2012/10/09,0,4112000,-2604136,1507864
2012/10/10,0,0,0,0
2012/10/11,0,2563000,-4479673,-1916673
2012/10/12,0,728000,-2619000,-1891000
2012/10/15,0,855000,-4463010,-3608010
2012/10/16,0,1709000,-3301600,-1592600
2012/10/17,0,4299000,-7018681,-2719681
2012/10/18,0,3263000,-3186408,76592
2012/10/19,0,3575000,-1444979,2130021
2012/10/22,0,1589000,-1140144,448856
2012/10/23,0,3190600,-2119165,1071435
2012/10/24,0,2704000,-2901375,-197375
2012/10/25,0,1646000,-1521000,125000
2012/10/26,0,1188000,-1990088,-802088
2012/10/29,0,1334400,-5689000,-4354600
2012/10/30,0,2609500,-3298884,-689384
2012/10/31,0,567000,-1975000,-1408000
2012/11/01,0,1731000,-4450000,-2719000
2012/11/02,0,1788000,-4364000,-2576000
2012/11/05,0,3436000,-2646000,790000
2012/11/06,0,2115000,-1959000,156000
2012/11/07,0,1996000,-3624400,-1628400
2012/11/08,0,2602000,-4714000,-2112000
2012/11/09,0,2321100,-3464400,-1143300
2012/11/12,0,1676000,-2549000,-873000
2012/11/13,0,1094000,-4724100,-3630100
2012/11/14,0,1801000,-3370000,-1569000
2012/11/15,0,1759000,-3029000,-1270000
2012/11/16,0,1130000,-2763428,-1633428
2012/11/19,0,2045000,-1708502,336498
2012/11/20,0,1631000,-1548264,82736
2012/11/21,0,1885000,-2925000,-1040000
2012/11/22,0,839400,-300204,539196
2012/11/23,0,5232000,-2402400,2829600
2012/11/26,0,3089000,-2084920,1004080
2012/11/27,0,4888430,-1203000,3685430
2012/11/28,0,3491700,-3111447,380253
2012/11/29,0,6561000,-1653400,4907600
2012/11/30,0,8461500,-4838072,3623428
2012/12/03,0,3919000,-470918,3448082
2012/12/04,0,3099514,-1239000,1860514
2012/12/05,0,3521000,-1212533,2308467
2012/12/06,0,3044000,-1872685,1171315
2012/12/07,0,3894100,-964000,2930100
2012/12/10,0,3969000,-1152302,2816698
2012/12/11,0,4081160,-1151000,2930160
2012/12/12,0,4536000,-2140277,2395723
2012/12/13,0,4032408,-4446000,-413592
2012/12/14,0,3647857,-3968781,-320924
2012/12/17,0,4513943,-4225000,288943
2012/12/18,0,2235000,-3581000,-1346000
2012/12/19,0,3818000,-4239700,-421700
2012/12/20,0,1861000,-2282575,-421575
2012/12/21,0,3277000,-6713856,-3436856
2012/12/24,0,868000,-3882000,-3014000
2012/12/25,0,1576000,-222000,1354000
2012/12/26,0,1757000,-1512000,245000
2012/12/27,0,2532925,-6801990,-4269065
2012/12/28,0,2549000,-3093956,-544956
2012/12/31,0,0,0,0
2013/01/01,0,0,0,0
2013/01/02,0,3590000,-553000,3037000
2013/01/03,0,1638200,-2360000,-721800
2013/01/04,0,4002000,-1466000,2536000
2013/01/07,0,2652100,-2359875,292225
2013/01/08,0,4187000,-2392500,1794500
2013/01/09,0,3175540,-1808000,1367540
2013/01/10,0,6511000,-2153000,4358000
2013/01/11,0,2811000,-1252000,1559000
2013/01/14,0,1667742,-2204328,-536586
2013/01/15,0,5006000,-1529000,3477000
2013/01/16,0,2079200,-3842595,-1763395
2013/01/17,0,3684300,-3464670,219630
2013/01/18,0,4440586,-1808000,2632586
2013/01/21,0,999000,-1177200,-178200
2013/01/22,0,2033000,-1419242,613758
2013/01/23,0,3264000,-944465,2319535
2013/01/24,0,2402000,-2801000,-399000
2013/01/25,0,4874492,-2737445,2137047
2013/01/28,0,3331000,-818000,2513000
2013/01/29,0,3426200,-613000,2813200
2013/01/30,0,4593800,-4543212,50588
2013/01/31,0,3068620,-5701476,-2632856
2013/02/01,0,1455300,-3374000,-1918700
2013/02/04,0,2829000,-2274000,555000
2013/02/05,0,1329000,-1782000,-453000
2013/02/06,0,1561722,-2271000,-709278
2013/02/07,0,0,0,0
2013/02/08,0,0,0,0
2013/02/11,0,0,0,0
2013/02/12,0,0,0,0
2013/02/13,0,0,0,0
2013/02/14,0,0,0,0
2013/02/15,0,0,0,0
2013/02/18,0,5108501,-21552000,-16443499
2013/02/19,0,1717748,-7235000,-5517252
2013/02/20,0,4866738,-7895347,-3028609
2013/02/21,0,4969400,-4153195,816205
2013/02/22,0,1766000,-2680178,-914178
2013/02/25,0,1265000,-5669474,-4404474
2013/02/26,0,1807000,-4225165,-2418165
2013/02/27,0,4771000,-6450909,-1679909
2013/02/28,0,0,0,0
2013/03/01,0,3345000,-5972180,-2627180
2013/03/04,0,3003000,-11966365,-8963365
2013/03/05,0,2993000,-4540000,-1547000
2013/03/06,0,2291000,-2003548,287452
2013/03/07,0,980100,-2478052,-1497952
2013/03/08,0,2933300,-4411608,-1478308
2013/03/11,0,2820000,-6285400,-3465400
2013/03/12,0,2827000,-640925,2186075
2013/03/13,0,1880000,-1834000,46000
2013/03/14,0,1549000,-3310922,-1761922
2013/03/15,0,2500595,-4582500,-2081905
2013/03/18,0,804000,-4311200,-3507200
2013/03/19,0,1270060,-4419280,-3149220
2013/03/20,0,1730000,-5441783,-3711783
2013/03/21,0,2486400,-3323000,-836600
2013/03/22,0,2838713,-3520204,-681491
2013/03/25,0,3393000,-3515000,-122000
2013/03/26,0,3210113,-5417418,-2207305
2013/03/27,0,793000,-3108029,-2315029
2013/03/28,0,1883173,-3527290,-1644117
2013/03/29,0,1594000,-804000,790000
2013/04/01,0,1432943,-97000,1335943
2013/04/02,0,2059105,-454000,1605105
2013/04/03,0,1397000,-2151000,-754000
2013/04/04,0,0,0,0
2013/04/05,0,0,0,0
2013/04/08,0,2042600,-3740000,-1697400
2013/04/09,0,2296209,-3101849,-805640
2013/04/10,0,4600000,-3498000,1102000
2013/04/11,0,2846065,-1480000,1366065
2013/04/12,0,4673000,-1032542,3640458
2013/04/15,0,2274525,-717000,1557525
2013/04/16,0,5258932,-1278879,3980053
2013/04/17,0,4898000,-2944000,1954000
2013/04/18,0,2005197,-2470197,-465000
2013/04/19,0,2542000,-476000,2066000
2013/04/22,0,2985000,-496000,2489000
2013/04/23,0,2872630,-645000,2227630
2013/04/24,0,4235000,-665486,3569514
2013/04/25,0,3100125,-633600,2466525
2013/04/26,0,4023000,-528000,3495000
2013/04/29,0,2506000,-466000,2040000
2013/04/30,0,4366000,-3724400,641600
2013/05/01,0,0,0,0
2013/05/02,0,4893488,-1839677,3053811
2013/05/03,0,3354000,-1651000,1703000
2013/05/06,0,1316000,-2209717,-893717
2013/05/07,0,2696000,-2935374,-239374
2013/05/08,0,5066647,-233949,4832698
2013/05/09,0,3820427,-352679,3467748
2013/05/10,0,3261000,-960000,2301000
2013/05/13,0,1269000,-812616,456384
2013/05/14,0,4262000,-2046450,2215550
2013/05/15,0,4703000,-809485,3893515
2013/05/16,0,3770100,-779000,2991100
2013/05/17,0,2594000,-834446,1759554
2013/05/20,0,2411000,-875000,1536000
2013/05/21,0,2664000,-1387954,1276046
2013/05/22,0,2035000,-1059000,976000
2013/05/23,0,2733000,-3550000,-817000
2013/05/24,0,1675066,-2474191,-799125
2013/05/27,0,677154,-359352,317802
2013/05/28,0,973000,-2229500,-1256500
2013/05/29,0,1452000,-1346000,106000
2013/05/30,0,1580000,-11378932,-9798932
2013/05/31,0,5694500,-7098767,-1404267
2013/06/03,0,953000,-5066000,-4113000
2013/06/04,0,1353000,-3963000,-2610000
2013/06/05,0,2030000,-3354706,-1324706
2013/06/06,0,1814403,-3766127,-1951724
2013/06/07,0,2340070,-4199499,-1859429
2013/06/10,0,3682000,-2374000,1308000
2013/06/11,0,2583849,-3067529,-483680
2013/06/12,0,0,0,0
2013/06/13,0,4389000,-8032200,-3643200
2013/06/14,0,1717524,-3517213,-1799689
2013/06/17,0,967000,-1847384,-880384
2013/06/18,0,1643800,-2750614,-1106814
2013/06/19,0,1865000,-1963030,-98030
2013/06/20,0,887000,-3263202,-2376202
2013/06/21,0,4910000,-7651732,-2741732
2013/06/24,0,1360000,-5662200,-4302200
2013/06/25,0,4008000,-3886306,121694
2013/06/26,0,6135000,-4202868,1932132
2013/06/27,0,5165000,-3424000,1741000
2013/06/28,0,6155968,-6159814,-3846
2013/07/01,0,3302000,-4768000,-1466000
2013/07/02,0,2432537,-3664545,-1232008
2013/07/03,0,4850940,-6165500,-1314560
2013/07/04,0,4139000,-3375544,763456
2013/07/05,0,4074177,-1418600,2655577
2013/07/08,0,1060000,-4755000,-3695000
2013/07/09,0,3392000,-2036644,1355356
2013/07/10,0,2149000,-1396000,753000
2013/07/11,0,6163143,-2070724,4092419
2013/07/12,0,3726000,-2423000,1303000
2013/07/15,0,5162400,-3300000,1862400
2013/07/16,0,4827000,-2961805,1865195
2013/07/17,0,5367000,-1271000,4096000
2013/07/18,0,4468000,-1007540,3460460
2013/07/19,0,6327351,-1266877,5060474
2013/07/22,0,10864065,-2190000,8674065
2013/07/23,0,7774000,-514577,7259423
2013/07/24,0,2909000,-960000,1949000
2013/07/25,0,2825000,-401000,2424000
2013/07/26,0,2133000,-709000,1424000
2013/07/29,0,2744000,-724000,2020000
2013/07/30,0,2719000,-919000,1800000
2013/07/31,0,6516000,-3201000,3315000
2013/08/01,0,942000,-1448000,-506000
2013/08/02,0,2139769,-784570,1355199
2013/08/05,0,2256652,-654000,1602652
2013/08/06,0,374000,-3579000,-3205000
2013/08/07,0,2280000,-3958166,-1678166
2013/08/08,0,1975254,-3901000,-1925746
2013/08/09,0,1921200,-3925000,-2003800
2013/08/12,0,1494000,-1646000,-152000
2013/08/13,0,2772000,-3409000,-637000
2013/08/14,0,2015974,-3236552,-1220578
2013/08/15,0,968000,-4067088,-3099088
2013/08/16,0,1905631,-1865000,40631
2013/08/19,0,1128000,-2413000,-1285000
2013/08/20,0,1687884,-2525931,-838047
2013/08/21,0,0,0,0
2013/08/22,0,3283884,-6375171,-3091287
2013/08/23,0,1774000,-1690000,84000
2013/08/26,0,845000,-1381000,-536000
2013/08/27,0,1060000,-1920000,-860000
2013/08/28,0,723000,-2744721,-2021721
2013/08/29,0,2124304,-1370000,754304
2013/08/30,0,4910268,-1480000,3430268
2013/09/02,0,1416000,-433000,983000
2013/09/03,0,2014000,-2270182,-256182
2013/09/04,0,2887000,-596900,2290100
2013/09/05,0,4117479,-2739900,1377579
2013/09/06,0,2787000,-2318000,469000
2013/09/09,0,3600000,-1925000,1675000
2013/09/10,0,4241340,-2292782,1948558
2013/09/11,0,6737000,-4157276,2579724
2013/09/12,0,4645000,-4227637,417363
2013/09/13,0,2728000,-819390,1908610
2013/09/16,0,4773000,-2416800,2356200
2013/09/17,0,2829200,-2038078,791122
2013/09/18,0,3914772,-662000,3252772
2013/09/19,0,0,0,0
2013/09/20,0,0,0,0
2013/09/23,0,4167000,-5035000,-868000
2013/09/24,0,2576800,-4819932,-2243132
2013/09/25,0,5271100,-7049299,-1778199
2013/09/26,0,2281000,-2766950,-485950
2013/09/27,0,4193000,-3794798,398202
2013/09/30,0,6246727,-5363487,883240
2013/10/01,0,3336000,-3965135,-629135
2013/10/02,0,1314440,-3278011,-1963571
2013/10/03,0,6166352,-5174860,991492
2013/10/04,0,10647000,-9313300,1333700
2013/10/07,0,2869045,-4858000,-1988955
2013/10/08,0,5183846,-4640945,542901
2013/10/09,0,2873000,-1683000,1190000
2013/10/10,0,0,0,0
2013/10/11,0,5323000,-6570730,-1247730
2013/10/14,0,3799000,-852216,2946784
2013/10/15,0,5024000,-4842090,181910
2013/10/16,0,5360000,-920100,4439900
2013/10/17,0,4318000,-2764900,1553100
2013/10/18,0,3365140,-1078482,2286658
2013/10/21,0,1966000,-12448000,-10482000
2013/10/22,0,5403000,-9097101,-3694101
2013/10/23,0,6995002,-3398535,3596467
2013/10/24,0,7197000,-3295000,3902000
2013/10/25,0,3245300,-2191972,1053328
2013/10/28,0,5715000,-750000,4965000
2013/10/29,0,4965000,-2882600,2082400
2013/10/30,0,5183339,-996604,4186735
2013/10/31,0,10186000,-2880400,7305600
2013/11/01,0,3039000,-2041760,997240
2013/11/04,0,1590100,-1467000,123100
2013/11/05,0,3369000,-2365772,1003228
2013/11/06,0,3126000,-1570000,1556000
2013/11/07,0,1930000,-2139000,-209000
2013/11/08,0,3705000,-2400910,1304090
2013/11/11,0,922000,-2081000,-1159000
2013/11/12,0,4998000,-2473000,2525000
2013/11/13,0,1420402,-2954000,-1533598
2013/11/14,0,644151,-4445959,-3801808
2013/11/15,0,784000,-2008366,-1224366
2013/11/18,0,944000,-1324095,-380095
2013/11/19,0,3157361,-1377361,1780000
2013/11/20,0,2927000,-5410203,-2483203
2013/11/21,0,1080331,-4032000,-2951669
2013/11/22,0,1438000,-2356200,-918200
2013/11/25,0,726000,-3061000,-2335000
2013/11/26,0,7718180,-7523443,194737
2013/11/27,0,1277945,-1175000,102945
2013/11/28,0,2924000,-2812080,111920
2013/11/29,0,4566000,-2710552,1855448
2013/12/02,0,1645635,-1343000,302635
2013/12/03,0,446979,-2867907,-2420928
2013/12/04,0,1343000,-6500300,-5157300
2013/12/05,0,877000,-3059961,-2182961
2013/12/06,0,1723000,-2970800,-1247800
2013/12/09,0,2966000,-3445472,-479472
2013/12/10,0,1686000,-2377000,-691000
2013/12/11,0,2478000,-1117754,1360246
2013/12/12,0,2489000,-1871218,617782
2013/12/13,0,1409000,-2267000,-858000
2013/12/16,0,194000,-2652463,-2458463
2013/12/17,0,1757000,-3263899,-1506899
2013/12/18,0,1111000,-4208864,-3097864
2013/12/19,0,1929030,-1543073,385957
2013/12/20,0,2117000,-1586159,530841
2013/12/23,0,2335809,-1837026,498783
2013/12/24,0,800049,-477521,322528
2013/12/25,0,666000,-51001,614999
2013/12/26,0,166000,-88000,78000
2013/12/27,0,1431000,-659000,772000
2013/12/30,0,2593000,-1141234,1451766
2013/12/31,0,1396000,-227000,1169000
2014/01/02,0,446143,-1005446,-559303
2014/01/03,0,1743000,-1624000,119000
2014/01/06,0,1953627,-2807576,-853949
2014/01/07,0,2701000,-3526000,-825000
2014/01/08,0,1054000,-4790000,-3736000
2014/01/09,0,1619000,-3810000,-2191000
2014/01/10,0,1238000,-4485202,-3247202
2014/01/13,0,970567,-2202930,-1232363
2014/01/14,0,1549000,-4110000,-2561000
2014/01/15,0,1015000,-5498154,-4483154
2014/01/16,0,609000,-3644796,-3035796
2014/01/17,0,475945,-3648205,-3172260
2014/01/20,0,43276,-5847960,-5804684
2014/01/21,0,1652000,-4125572,-2473572
2014/01/22,0,1605000,-6668800,-5063800
2014/01/23,0,865000,-4262000,-3397000
2014/01/24,0,2435000,-8122000,-5687000
2014/01/27,0,5117000,-11025795,-5908795
2014/02/05,0,5966000,-29745022,-23779022
2014/02/06,0,2708000,-14793903,-12085903
2014/02/07,0,2010000,-7611908,-5601908
2014/02/10,0,512160,-7971110,-7458950
2014/02/11,0,926348,-5431473,-4505125
2014/02/12,0,1217000,-4989082,-3772082
2014/02/13,0,528914,-2126106,-1597192
2014/02/14,0,3207420,-2764300,443120
2014/02/17,0,900000,-2170000,-1270000
2014/02/18,0,1542000,-1081960,460040
2014/02/19,0,1726000,-1665497,60503
2014/02/20,0,1179303,-4631208,-3451905
2014/02/21,0,2799200,-4962000,-2162800
2014/02/24,0,968000,-2293670,-1325670
2014/02/25,0,1773000,-3542000,-1769000
2014/02/26,0,3280000,-2742962,537038
2014/02/27,0,3821130,-3982973,-161843
2014/03/03,0,2683000,-5135615,-2452615
2014/03/04,0,410000,-2031409,-1621409
2014/03/05,0,2870190,-2031000,839190
2014/03/06,0,4012000,-2422836,1589164
2014/03/07,0,4502000,-932000,3570000
2014/03/10,0,1441000,-2015652,-574652
2014/03/11,0,6166000,-3053217,3112783
2014/03/12,0,1638100,-2653897,-1015797
2014/03/13,0,4343000,-3359914,983086
2014/03/14,0,1546000,-3698422,-2152422
2014/03/17,0,1141000,-2893200,-1752200
2014/03/18,0,5640000,-1701500,3938500
2014/03/19,0,1964000,-1762000,202000
2014/03/20,0,4617000,-6393000,-1776000
2014/03/21,0,5460000,-5341800,118200
2014/03/24,0,2202387,-762000,1440387
2014/03/25,0,4535636,-2409990,2125646
2014/03/26,0,1608000,-3183889,-1575889
2014/03/27,0,9047000,-3934000,5113000
2014/03/28,0,2167000,-649413,1517587
2014/03/31,0,3718837,-2206200,1512637
2014/04/01,0,2068000,-1377409,690591
2014/04/02,0,1781000,-1195000,586000
2014/04/03,0,1717000,-1092979,624021
2014/04/07,0,3637000,-3502000,135000
2014/04/08,0,1195652,-1424894,-229242
2014/04/09,0,1919000,-754000,1165000
2014/04/10,0,1801000,-1398342,402658
2014/04/11,0,2085000,-513172,1571828
2014/04/14,0,1466000,-394000,1072000
2014/04/15,0,4529557,-1336437,3193120
2014/04/16,0,4790000,-3469800,1320200
2014/04/17,0,901760,-1300000,-398240
2014/04/18,0,952000,-92000,860000
2014/04/21,0,179000,-472000,-293000
2014/04/22,0,586000,-670000,-84000
2014/04/23,0,1012430,-1202607,-190177
2014/04/24,0,807000,-998000,-191000
2014/04/25,0,1853000,-1629000,224000
2014/04/28,0,3105000,-1394000,1711000
2014/04/29,0,1482000,-1297000,185000
2014/04/30,0,14494555,-5855000,8639555
2014/05/02,0,1587000,-1701000,-114000
2014/05/05,0,1150779,-1621000,-470221
2014/05/06,0,573000,-2078256,-1505256
2014/05/07,0,1495000,-3416000,-1921000
2014/05/08,0,1677000,-988000,689000
2014/05/09,0,3735000,-1043000,2692000
2014/05/12,0,400652,-1114152,-713500
2014/05/13,0,2540800,-1796000,744800
2014/05/14,0,4067000,-2596800,1470200
2014/05/15,0,2345000,-868500,1476500
2014/05/16,0,3792000,-1122000,2670000
2014/05/19,0,1677000,-622375,1054625
2014/05/20,0,4195000,-936190,3258810
2014/05/21,0,2935000,-1353000,1582000
2014/05/22,0,5801000,-287000,5514000
2014/05/23,0,3942000,-1258400,2683600
2014/05/26,0,2830000,-646000,2184000
2014/05/27,0,472000,-647000,-175000
2014/05/28,0,3229000,-985000,2244000
2014/05/29,0,3278000,-3075803,202197
2014/05/30,0,7429000,-8390200,-961200
2014/06/03,0,3841000,-2746000,1095000
2014/06/04,0,623000,-5079000,-4456000
2014/06/05,0,1248000,-5276520,-4028520
2014/06/06,0,744000,-1246000,-502000
2014/06/09,0,1396000,-1000660,395340
2014/06/10,0,4112909,-1092800,3020109
2014/06/11,0,1186000,-1862021,-676021
2014/06/12,0,1782000,-2466000,-684000
2014/06/13,0,1041000,-1518900,-477900
2014/06/16,0,1681000,-1183460,497540
2014/06/17,0,2073000,-1281599,791401
2014/06/18,0,6760000,-1811000,4949000
2014/06/19,0,3681540,-1080208,2601332
2014/06/20,0,2431000,-2216515,214485
2014/06/23,0,1833000,-2039227,-206227
2014/06/24,0,2203000,-1319248,883752
2014/06/25,0,2898000,-1795775,1102225
2014/06/26,0,2993319,-550000,2443319
2014/06/27,0,3357000,-2429000,928000
2014/06/30,0,1664000,-2296177,-632177
2014/07/01,0,2586000,-1924000,662000
2014/07/02,0,2202392,-2009285,193107
2014/07/03,0,1120000,-1863000,-743000
2014/07/04,0,1700551,-2116000,-415449
2014/07/07,0,1997210,-963000,1034210
2014/07/08,0,2254000,-1472585,781415
2014/07/09,0,2685180,-916671,1768509
2014/07/10,0,2672936,-2979067,-306131
2014/07/11,0,2592610,-1735000,857610
2014/07/14,0,3002000,-2240023,761977
2014/07/15,0,5026953,-2246000,2780953
2014/07/16,0,4299145,-4349000,-49855
2014/07/17,0,6445605,-3159768,3285837
2014/07/18,0,3916269,-3472000,444269
2014/07/21,0,2584731,-3248000,-663269
2014/07/22,0,2253000,-2740000,-487000
2014/07/23,0,0,0,0
2014/07/24,0,5101055,-3908267,1192788
2014/07/25,0,979000,-2771000,-1792000
2014/07/28,0,3110000,-4726000,-1616000
2014/07/29,0,5578000,-2590000,2988000
2014/07/30,0,4080000,-2473000,1607000
2014/07/31,0,5095446,-4469273,626173
2014/08/01,0,3254000,-982000,2272000
2014/08/04,0,2454118,-3313000,-858882
2014/08/05,0,3446000,-7295840,-3849840
2014/08/06,0,2973000,-2301047,671953
2014/08/07,0,3732715,-1933399,1799316
2014/08/08,0,2559211,-1921936,637275
2014/08/11,0,2651000,-451781,2199219
2014/08/12,0,2311000,-2482088,-171088
2014/08/13,0,5181793,-1130000,4051793
2014/08/14,0,5006000,-3241000,1765000
2014/08/15,0,2560000,-1588000,972000
2014/08/18,0,1281000,-1139800,141200
2014/08/19,0,5746769,-786000,4960769
2014/08/20,0,5422105,-832000,4590105
2014/08/21,0,3194000,-1451500,1742500
2014/08/22,0,7852780,-1019000,6833780
2014/08/25,0,2993000,-863000,2130000
2014/08/26,0,2809435,-2462000,347435
2014/08/27,0,5785000,-4623000,1162000
2014/08/28,0,3641857,-2222000,1419857
2014/08/29,0,5300000,-4642000,658000
2014/09/01,0,2636000,-3591000,-955000
2014/09/02,0,1769000,-6456000,-4687000
2014/09/03,0,4796540,-3562000,1234540
2014/09/04,0,1928261,-4497025,-2568764
2014/09/05,0,1409000,-3562000,-2153000
2014/09/09,0,2233883,-1927000,306883
2014/09/10,0,2109968,-3554000,-1444032
2014/09/11,0,2657000,-2959000,-302000
2014/09/12,0,1984102,-2483000,-498898
2014/09/15,0,1227000,-2762000,-1535000
2014/09/16,0,790634,-3386000,-2595366
2014/09/17,0,2190000,-5463200,-3273200
2014/09/18,0,1217017,-1299000,-81983
2014/09/19,0,2549000,-1948000,601000
2014/09/22,0,1249896,-5230498,-3980602
2014/09/23,0,1673000,-1876000,-203000
2014/09/24,0,3538826,-3730000,-191174
2014/09/25,0,1166000,-4219421,-3053421
2014/09/26,0,2410815,-3623000,-1212185
2014/09/29,0,3274000,-10368000,-7094000
2014/09/30,0,4869000,-6518800,-1649800
2014/10/01,0,3352900,-5754914,-2402014
2014/10/02,0,2042000,-4087400,-2045400
2014/10/03,0,1654652,-2708000,-1053348
2014/10/06,0,1721098,-4440198,-2719100
2014/10/07,0,1876000,-2583241,-707241
2014/10/08,0,4201000,-4608100,-407100
2014/10/09,0,2620537,-4064000,-1443463
2014/10/13,0,2494000,-4001000,-1507000
2014/10/14,0,2466000,-3388000,-922000
2014/10/15,0,5683100,-6531000,-847900
2014/10/16,0,5759000,-4129987,1629013
2014/10/17,0,15258000,-25134534,-9876534
2014/10/20,0,2009200,-2443566,-434366
2014/10/21,0,2317000,-2531000,-214000
2014/10/22,0,3113652,-2408000,705652
2014/10/23,0,1008652,-1087000,-78348
2014/10/24,0,1701000,-3338200,-1637200
2014/10/27,0,2142000,-1393000,749000
2014/10/28,0,6826000,-2739000,4087000
2014/10/29,0,6531956,-3545466,2986490
2014/10/30,0,6091000,-2586930,3504070
2014/10/31,0,5476000,-2221394,3254606
2014/11/03,0,2717100,-1657000,1060100
2014/11/04,0,4084262,-1888790,2195472
2014/11/05,0,1936000,-1067000,869000
2014/11/06,0,2001100,-491000,1510100
2014/11/07,0,2413000,-2243000,170000
2014/11/10,0,4750899,-733699,4017200
2014/11/11,0,2826000,-968000,1858000
2014/11/12,0,2223000,-2474800,-251800
2014/11/13,0,3034088,-2115088,919000
2014/11/14,0,4747490,-3032086,1715404
2014/11/17,0,1326002,-2206489,-880487
2014/11/18,0,3059945,-1613000,1446945
2014/11/19,0,6867268,-4812046,2055222
2014/11/20,0,3062000,-2394000,668000
2014/11/21,0,1626000,-709000,917000
2014/11/24,0,1505420,-1903000,-397580
2014/11/25,0,3481602,-6408682,-2927080
2014/11/26,0,946097,-2654097,-1708000
2014/11/27,0,1524000,-2340278,-816278
2014/11/28,0,1675000,-1113290,561710
2014/12/01,0,2781883,-3855474,-1073591
2014/12/02,0,2593100,-4166100,-1573000
2014/12/03,0,2160000,-2175700,-15700
2014/12/04,0,3737000,-2856900,880100
2014/12/05,0,2228000,-2875600,-647600
2014/12/08,0,1243000,-1567725,-324725
2014/12/09,0,1817000,-2011646,-194646
2014/12/10,0,2100026,-4353671,-2253645
2014/12/11,0,1174000,-3558109,-2384109
2014/12/12,0,851525,-3143000,-2291475
2014/12/15,0,935000,-5062717,-4127717
2014/12/16,0,2786000,-2831177,-45177
2014/12/17,0,5857100,-7948392,-2091292
2014/12/18,0,3667868,-5880000,-2212132
2014/12/19,0,5012902,-4456310,556592
2014/12/22,0,3010000,-3264000,-254000
2014/12/23,0,2543000,-2395700,147300
2014/12/24,0,2356000,-984000,1372000
2014/12/25,0,327000,-132000,195000
2014/12/26,0,851000,-186000,665000
2014/12/29,0,3254182,-866182,2388000
2014/12/30,0,2979017,-1532024,1446993
2014/12/31,0,1159000,-703000,456000
2015/01/01,0,0,0,0
2015/01/02,0,0,0,0
2015/01/05,0,1727000,-4403000,-2676000
2015/01/06,0,3028000,-4293000,-1265000
2015/01/07,0,2488000,-3935000,-1447000
2015/01/08,0,4636398,-3105198,1531200
2015/01/09,0,3482000,-1868587,1613413
2015/01/12,0,2492000,-1516000,976000
2015/01/13,0,5729000,-1418190,4310810
2015/01/14,0,2645000,-3530697,-885697
2015/01/15,0,1606000,-2325250,-719250
2015/01/16,0,2126000,-3343771,-1217771
2015/01/19,0,2674000,-865000,1809000
2015/01/20,0,3973000,-1003849,2969151
2015/01/21,0,4430000,-658133,3771867
2015/01/22,0,3627000,-1403502,2223498
2015/01/23,0,5138424,-1222284,3916140
2015/01/26,0,1472000,-1578249,-106249
2015/01/27,0,2719000,-175150,2543850
2015/01/28,0,5406000,-1105126,4300874
2015/01/29,0,2708000,-2432000,276000
2015/01/30,0,4105000,-2518200,1586800
2015/02/02,0,1525414,-888000,637414
2015/02/03,0,2878705,-1470696,1408009
2015/02/04,0,5107374,-1605000,3502374
2015/02/05,0,3424000,-654100,2769900
2015/02/06,0,2977000,-1243200,1733800
2015/02/09,0,2787264,-1914000,873264
2015/02/10,0,2754000,-902000,1852000
2015/02/11,0,4180001,-1072000,3108001
2015/02/12,0,6205000,-2083000,4122000
2015/02/13,0,6267000,-1652600,4614400
2015/02/16,0,0,0,0
2015/02/17,0,0,0,0
2015/02/18,0,0,0,0
2015/02/19,0,0,0,0
2015/02/20,0,0,0,0
2015/02/23,0,0,0,0
2015/02/24,0,19008708,-364063,18644645
2015/02/25,0,13263000,-3084499,10178501
2015/02/26,0,7761828,-2612933,5148895
2015/02/27,0,0,0,0
2015/03/02,0,5834000,-2624009,3209991
2015/03/03,0,3625918,-759080,2866838
2015/03/04,0,3077000,-870000,2207000
2015/03/05,0,1687000,-1571000,116000
2015/03/06,0,2497990,-2471000,26990
2015/03/09,0,1151000,-4005000,-2854000
2015/03/10,0,1268220,-3691355,-2423135
2015/03/11,0,2506000,-3480400,-974400
2015/03/12,0,4981900,-3130632,1851268
2015/03/13,0,4513666,-1993000,2520666
2015/03/16,0,1971150,-1860013,111137
2015/03/17,0,3686000,-945000,2741000
2015/03/18,0,6173550,-2281378,3892172
2015/03/19,0,4919000,-890648,4028352
2015/03/20,0,5205000,-2920696,2284304
2015/03/23,0,2066000,-1787000,279000
2015/03/24,0,6073617,-1736445,4337172
2015/03/25,0,3499000,-1179000,2320000
2015/03/26,0,3923000,-920000,3003000
2015/03/27,0,4742057,-2085000,2657057
2015/03/30,0,5395802,-998802,4397000
2015/03/31,0,3767000,-2137000,1630000
2015/04/01,0,1676461,-1983000,-306539
2015/04/02,0,4366945,-1169400,3197545
2015/04/03,0,0,0,0
2015/04/06,0,0,0,0
2015/04/07,0,2144150,-1629000,515150
2015/04/08,0,2837000,-2850564,-13564
2015/04/09,0,2796000,-1013000,1783000
2015/04/10,0,3990950,-2150000,1840950
2015/04/13,0,1018000,-638000,380000
2015/04/14,0,6650000,-8157000,-1507000
2015/04/15,0,1970000,-11241200,-9271200
2015/04/16,0,3138000,-3971000,-833000
2015/04/17,0,2257414,-3963379,-1705965
2015/04/20,0,1417000,-2056965,-639965
2015/04/21,0,10887830,-12258000,-1370170
2015/04/22,0,8751540,-8270868,480672
2015/04/23,0,6075000,-2074557,4000443
2015/04/24,0,7927000,-1400000,6527000
2015/04/27,0,4141920,-1278970,2862950
2015/04/28,0,3599000,-1711000,1888000
2015/04/29,0,7143000,-1637000,5506000
2015/04/30,0,8578105,-5323930,3254175
2015/05/01,0,0,0,0
2015/05/04,0,1388000,-1112000,276000
2015/05/05,0,3283320,-295100,2988220
2015/05/06,0,4625680,-1769000,2856680
2015/05/07,0,1606000,-2145508,-539508
2015/05/08,0,1221617,-1349000,-127383
2015/05/11,0,3229000,-747000,2482000
2015/05/12,0,4938091,-2711000,2227091
2015/05/13,0,565000,-618000,-53000
2015/05/14,0,1451050,-4187000,-2735950
2015/05/15,0,1936000,-1885769,50231
2015/05/18,0,1382250,-2154000,-771750
2015/05/19,0,2213567,-1192000,1021567
2015/05/20,0,1748000,-3425000,-1677000
2015/05/21,0,939300,-5687000,-4747700
2015/05/22,0,1771000,-1958000,-187000
2015/05/25,0,1037000,-1512000,-475000
2015/05/26,0,856000,-1643000,-787000
2015/05/27,0,1945000,-2955617,-1010617
2015/05/28,0,2505237,-6064414,-3559177
2015/05/29,0,7484500,-10508133,-3023633
2015/06/01,0,1447000,-3533000,-2086000
2015/06/02,0,2922330,-4687000,-1764670
2015/06/03,0,1352000,-4023000,-2671000
2015/06/04,0,1259000,-5800000,-4541000
2015/06/05,0,3047825,-7509900,-4462075
2015/06/08,0,4072000,-4266335,-194335
2015/06/09,0,3300000,-3260100,39900
2015/06/10,0,2097807,-2988000,-890193
2015/06/11,0,3322000,-2583000,739000
2015/06/12,0,2007000,-2969000,-962000
2015/06/15,0,694500,-2103000,-1408500
2015/06/16,0,1625000,-3818724,-2193724
2015/06/17,0,3298000,-7146212,-3848212
2015/06/18,0,3355000,-4785094,-1430094
2015/06/19,0,0,0,0
2015/06/22,0,2350842,-2706034,-355192
2015/06/23,0,1084000,-2000000,-916000
2015/06/24,0,2874103,-1871019,1003084
2015/06/25,0,4733104,-3028000,1705104
2015/06/26,0,1257000,-1221000,36000
2015/06/29,0,2668000,-3654418,-986418
2015/06/30,0,6684000,-3910445,2773555
2015/07/01,0,1913000,-2036086,-123086
2015/07/02,0,2284386,-2584000,-299614
2015/07/03,0,2089000,-2289300,-200300
2015/07/06,0,2666000,-2461000,205000
2015/07/07,0,4560000,-1511960,3048040
2015/07/08,0,4425000,-5226278,-801278
2015/07/09,0,3105000,-3687163,-582163
2015/07/10,0,0,0,0
2015/07/13,0,4318000,-3070504,1247496
2015/07/14,0,2186000,-3835800,-1649800
2015/07/15,0,6196000,-3513439,2682561
2015/07/16,0,3478000,-1131000,2347000
2015/07/17,0,1999000,-1457000,542000
2015/07/20,0,1507573,-2065000,-557427
2015/07/21,0,2791000,-1685000,1106000
2015/07/22,0,5630000,-1609065,4020935
2015/07/23,0,2802514,-2005000,797514
2015/07/24,0,4715945,-1322000,3393945
2015/07/27,0,6713000,-1182000,5531000
2015/07/28,0,6905666,-4305441,2600225
2015/07/29,0,6835000,-2957000,3878000
2015/07/30,0,6266000,-1589000,4677000
2015/07/31,0,11424412,-3778000,7646412
2015/08/03,0,6097607,-2351644,3745963
2015/08/04,0,16570420,-1351054,15219366
2015/08/05,0,16833457,-1577288,15256169
2015/08/06,0,12736000,-3851191,8884809
2015/08/07,0,3313690,-2215000,1098690
2015/08/10,0,5405000,-713000,4692000
2015/08/11,0,10302783,-5229900,5072883
2015/08/12,0,10230390,-2215000,8015390
2015/08/13,0,6401000,-4938408,1462592
2015/08/14,0,4716000,-3388900,1327100
2015/08/17,0,5963729,-2653100,3310629
2015/08/18,0,11235000,-2138346,9096654
2015/08/19,0,10321773,-4023000,6298773
2015/08/20,0,6977000,-5785000,1192000
2015/08/21,0,12898000,-4534000,8364000
2015/08/24,0,20379000,-11044115,9334885
2015/08/25,0,13129689,-7238778,5890911
2015/08/26,0,11356500,-8070038,3286462
2015/08/27,0,9493500,-5517296,3976204
2015/08/28,0,9147000,-5009387,4137613
2015/08/31,0,14092184,-7928379,6163805
2015/09/01,0,7360886,-4047670,3313216
2015/09/02,0,7174400,-2787476,4386924
2015/09/03,0,7830870,-3917100,3913770
2015/09/04,0,5253286,-1412236,3841050
2015/09/07,0,2788000,-1648671,1139329
2015/09/08,0,2239000,-1771280,467720
2015/09/09,0,11142145,-2689000,8453145
2015/09/10,0,10047095,-1841818,8205277
2015/09/11,0,9764150,-941256,8822894
2015/09/14,0,8849000,-1285000,7564000
2015/09/15,0,11210000,-2049000,9161000
2015/09/16,0,9904000,-1943161,7960839
2015/09/17,0,10338400,-3186337,7152063
2015/09/18,0,12932617,-4764949,8167668
2015/09/21,0,4093000,-2314188,1778812
2015/09/22,0,6605344,-1147273,5458071
2015/09/23,0,4219000,-3625640,593360
2015/09/24,0,4209716,-1963000,2246716
2015/09/25,0,5194090,-4080000,1114090
2015/09/28,0,0,0,0
2015/09/29,0,0,0,0
2015/09/30,0,22108895,-7001000,15107895
2015/10/01,0,7141138,-2307000,4834138
2015/10/02,0,6727522,-1795100,4932422
2015/10/05,0,6929480,-6566664,362816
2015/10/06,0,6869000,-3978440,2890560
2015/10/07,0,6370776,-3178072,3192704
2015/10/08,0,8628000,-5576000,3052000
2015/10/09,0,0,0,0
2015/10/12,0,9438830,-3901000,5537830
2015/10/13,0,6617115,-4897198,1719917
2015/10/14,0,5479000,-2090600,3388400
2015/10/15,0,8704000,-4275904,4428096
2015/10/16,0,10482000,-9355000,1127000
2015/10/19,0,8165340,-2001054,6164286
2015/10/20,0,9433000,-2320457,7112543
2015/10/21,0,6448000,-2342000,4106000
2015/10/22,0,6104000,-2007000,4097000
2015/10/23,0,7927000,-2256000,5671000
2015/10/26,0,9525000,-1294000,8231000
2015/10/27,0,6373000,-2150768,4222232
2015/10/28,0,4355000,-1561345,2793655
2015/10/29,0,2959000,-3302908,-343908
2015/10/30,0,3726000,-6065596,-2339596
2015/11/02,0,3591000,-2715055,875945
2015/11/03,0,2748000,-2152002,595998
2015/11/04,0,9071000,-6525469,2545531
2015/11/05,0,2231000,-2422189,-191189
2015/11/06,0,1717000,-8039034,-6322034
2015/11/09,0,2436087,-2812000,-375913
2015/11/10,0,1486000,-5642000,-4156000
2015/11/11,0,1681682,-5049000,-3367318
2015/11/12,0,3532000,-6041000,-2509000
2015/11/13,0,2547769,-6236801,-3689032
2015/11/16,0,1309000,-6047000,-4738000
2015/11/17,0,8327000,-2887000,5440000
2015/11/18,0,5118643,-5136000,-17357
2015/11/19,0,4561000,-2830000,1731000
2015/11/20,0,2968000,-3297880,-329880
2015/11/23,0,2726926,-2453700,273226
2015/11/24,0,2288000,-2853231,-565231
2015/11/25,0,2515378,-3733378,-1218000
2015/11/26,0,4534000,-2556810,1977190
2015/11/27,0,1494000,-2568216,-1074216
2015/11/30,0,15241965,-20912575,-5670610
2015/12/01,0,7476000,-5165395,2310605
2015/12/02,0,2316000,-2473000,-157000
2015/12/03,0,3089000,-3909600,-820600
2015/12/04,0,2891000,-4395200,-1504200
2015/12/07,0,4825000,-2822940,2002060
2015/12/08,0,4537000,-5502573,-965573
2015/12/09,0,3747000,-5211544,-1464544
2015/12/10,0,5693000,-5825000,-132000
2015/12/11,0,4080784,-6529121,-2448337
2015/12/14,0,2033590,-5277206,-3243616
2015/12/15,0,1968590,-2910500,-941910
2015/12/16,0,1968484,-1608000,360484
2015/12/17,0,3196000,-1158228,2037772
2015/12/18,0,6341080,-3965928,2375152
2015/12/21,0,4816486,-2546000,2270486
2015/12/22,0,8923861,-1995460,6928401
2015/12/23,0,5135484,-2316792,2818692
2015/12/24,0,2300000,-1735000,565000
2015/12/25,0,583000,-144232,438768
2015/12/28,0,2813000,-2281000,532000
2015/12/29,0,1799000,-1318356,480644
2015/12/30,0,2190841,-2909729,-718888
2015/12/31,0,3348358,-1562000,1786358
2016/01/01,0,0,0,0
2016/01/04,0,4350800,-6029000,-1678200
2016/01/05,0,4064179,-3956000,108179
2016/01/06,0,8857287,-4770588,4086699
2016/01/07,0,9178512,-3313164,5865348
2016/01/08,0,17322732,-8569712,8753020
2016/01/11,0,21444382,-6542000,14902382
2016/01/12,0,9815000,-2333700,7481300
2016/01/13,0,11676854,-4351113,7325741
2016/01/14,0,17780670,-4756000,13024670
2016/01/15,0,9300000,-6722348,2577652
2016/01/18,0,5357984,-3423000,1934984
2016/01/19,0,4954351,-1675660,3278691
2016/01/20,0,5632930,-5073000,559930
2016/01/21,0,5124061,-3788500,1335561
2016/01/22,0,4675210,-3169000,1506210
2016/01/25,0,8749670,-1611000,7138670
2016/01/26,0,7319484,-4855000,2464484
2016/01/27,0,5313000,-2795198,2517802
2016/01/28,0,10219000,-2496870,7722130
2016/01/29,0,12027016,-5290000,6737016
2016/02/01,0,6649993,-1944672,4705321
2016/02/02,0,5903009,-1926862,3976147
2016/02/03,0,4939000,-4069352,869648
2016/02/04,0,0,0,0
2016/02/05,0,0,0,0
2016/02/08,0,0,0,0
2016/02/09,0,0,0,0
2016/02/10,0,0,0,0
2016/02/11,0,0,0,0
2016/02/12,0,0,0,0
2016/02/15,0,13427945,-5455318,7972627
2016/02/16,0,7767100,-5495090,2272010
2016/02/17,0,6162737,-2877000,3285737
2016/02/18,0,4993000,-4122000,871000
2016/02/19,0,6137240,-2262460,3874780
2016/02/22,0,4708000,-3202000,1506000
2016/02/23,0,3548142,-2633800,914342
2016/02/24,0,3747000,-2171634,1575366
2016/02/25,0,8586387,-645000,7941387
2016/02/26,0,11786000,-3653508,8132492
2016/02/29,0,0,0,0
2016/03/01,0,8809063,-2337975,6471088
2016/03/02,0,4381350,-2321000,2060350
2016/03/03,0,6871862,-2277000,4594862
2016/03/04,0,4842080,-4515000,327080
2016/03/07,0,3850085,-3969000,-118915
2016/03/08,0,5859005,-6989772,-1130767
2016/03/09,0,3348236,-2579500,768736
2016/03/10,0,6011000,-2250000,3761000
2016/03/11,0,5706000,-2333000,3373000
2016/03/14,0,8594000,-4356000,4238000
2016/03/15,0,9089000,-6131094,2957906
2016/03/16,0,7164000,-1826000,5338000
2016/03/17,0,9392804,-6285900,3106904
2016/03/18,0,10949575,-6948789,4000786
2016/03/21,0,7199000,-8465000,-1266000
2016/03/22,0,10024270,-7313713,2710557
2016/03/23,0,7150000,-3501000,3649000
2016/03/24,0,8042000,-1562200,6479800
2016/03/25,0,1806000,-915000,891000
2016/03/28,0,1981000,-1675000,306000
2016/03/29,0,3734000,-2891995,842005
2016/03/30,0,6359600,-2896940,3462660
2016/03/31,0,8533353,-7259110,1274243
2016/04/01,0,3516965,-4377500,-860535
2016/04/04,0,0,0,0
2016/04/05,0,0,0,0
2016/04/06,0,5845972,-8733456,-2887484
2016/04/07,0,4851280,-3466353,1384927
2016/04/08,0,6415000,-3398000,3017000
2016/04/11,0,4024000,-2082870,1941130
2016/04/12,0,2832000,-2301000,531000
2016/04/13,0,4171000,-1107900,3063100
2016/04/14,0,3808000,-3802408,5592
2016/04/15,0,5196505,-377000,4819505
2016/04/18,0,2794000,-1199000,1595000
2016/04/19,0,4741000,-5682000,-941000
2016/04/20,0,6143090,-6584000,-440910
2016/04/21,0,6155022,-1548000,4607022
2016/04/22,0,7189379,-1841700,5347679
2016/04/25,0,6325600,-715160,5610440
2016/04/26,0,7015219,-5270990,1744229
2016/04/27,0,5610000,-2685000,2925000
2016/04/28,0,5348478,-4822000,526478
2016/04/29,0,6408531,-3544715,2863816
2016/05/02,0,0,0,0
2016/05/03,0,6220000,-4165606,2054394
2016/05/04,0,7012000,-5754562,1257438
2016/05/05,0,3200000,-3698000,-498000
2016/05/06,0,11398858,-10815000,583858
2016/05/09,0,4021000,-2790000,1231000
2016/05/10,0,7440775,-3379000,4061775
2016/05/11,0,4217008,-5351193,-1134185
2016/05/12,0,8136000,-4545000,3591000
2016/05/13,0,8290200,-6336000,1954200
2016/05/16,0,4914231,-7133904,-2219673
2016/05/17,0,2890000,-2725755,164245
2016/05/18,0,5112742,-3741526,1371216
2016/05/19,0,4109615,-6716000,-2606385
2016/05/20,0,3706000,-2698161,1007839
2016/05/23,0,3884267,-3234000,650267
2016/05/24,0,5705418,-3417000,2288418
2016/05/25,0,2922379,-2083600,838779
2016/05/26,0,2345000,-3208400,-863400
2016/05/27,0,4072800,-2304433,1768367
2016/05/30,0,3440000,-4431182,-991182
2016/05/31,0,13008746,-14303085,-1294339
2016/06/01,0,5614976,-1791000,3823976
2016/06/02,0,4303952,-2233400,2070552
2016/06/03,0,5266000,-1527000,3739000
2016/06/06,0,4030000,-3041000,989000
2016/06/07,0,5538000,-2514000,3024000
2016/06/08,0,6849200,-3654100,3195100
2016/06/09,0,0,0,0
2016/06/10,0,0,0,0
2016/06/13,0,4079300,-3920059,159241
2016/06/14,0,2833670,-3281000,-447330
2016/06/15,0,3983449,-3399370,584079
2016/06/16,0,1173994,-3541000,-2367006
2016/06/17,0,4809106,-3127293,1681813
2016/06/20,0,3575000,-2702000,873000
2016/06/21,0,3462464,-2089520,1372944
2016/06/22,0,3299132,-2597000,702132
2016/06/23,0,2172230,-1444000,728230
2016/06/24,0,2490140,-5742968,-3252828
2016/06/27,0,3449000,-1865000,1584000
2016/06/28,0,8218000,-2199000,6019000
2016/06/29,0,5354700,-967000,4387700
2016/06/30,0,8785000,-2921750,5863250
2016/07/01,0,3983101,-5578180,-1595079
2016/07/04,0,1231000,-520000,711000
2016/07/05,0,1782000,-4222000,-2440000
2016/07/06,0,1311488,-6851000,-5539512
2016/07/07,0,1526000,-2378348,-852348
2016/07/08,0,0,0,0
2016/07/11,0,11206488,-8540000,2666488
2016/07/12,0,9571000,-8832407,738593
2016/07/13,0,7019118,-9458000,-2438882
2016/07/14,0,4892052,-10519577,-5627525
2016/07/15,0,4612503,-3877000,735503
2016/07/18,0,6616000,-7871165,-1255165
2016/07/19,0,6099749,-5413850,685899
2016/07/20,0,5194000,-9833100,-4639100
2016/07/21,0,6371823,-7213888,-842065
2016/07/22,0,6183000,-6816979,-633979
2016/07/25,0,9319000,-6714750,2604250
2016/07/26,0,10107000,-5896000,4211000
2016/07/27,0,6335000,-4147000,2188000
2016/07/28,0,7959000,-3395000,4564000
2016/07/29,0,4009061,-11270000,-7260939
2016/08/01,0,5495160,-2414444,3080716
2016/08/02,0,3385564,-3552666,-167102
2016/08/03,0,3530806,-2766000,764806
2016/08/04,0,1301000,-1659000,-358000
2016/08/05,0,3318515,-4027100,-708585
2016/08/08,0,4141084,-2331480,1809604
2016/08/09,0,3553000,-3820000,-267000
2016/08/10,0,2316000,-1890000,426000
2016/08/11,0,5173000,-6362000,-1189000
2016/08/12,0,7456000,-11357000,-3901000
2016/08/15,0,2323000,-3068433,-745433
2016/08/16,0,3853000,-7336871,-3483871
2016/08/17,0,3414858,-15367051,-11952193
2016/08/18,0,2568971,-5899000,-3330029
2016/08/19,0,5064761,-10371000,-5306239
2016/08/22,0,1665800,-3135931,-1470131
2016/08/23,0,1483800,-3228700,-1744900
2016/08/24,0,935674,-2387700,-1452026
2016/08/25,0,3779929,-3961336,-181407
2016/08/26,0,1461484,-1984700,-523216
2016/08/29,0,1361800,-4566700,-3204900
2016/08/30,0,1135505,-3495700,-2360195
2016/08/31,0,2964009,-8010700,-5046691
2016/09/01,0,602846,-9048668,-8445822
2016/09/02,0,5104675,-12070725,-6966050
2016/09/05,0,2250000,-1537250,712750
2016/09/06,0,3560935,-4216883,-655948
2016/09/07,0,2278000,-2396000,-118000
2016/09/08,0,1901270,-6132863,-4231593
2016/09/09,0,995000,-8385000,-7390000
2016/09/12,0,1134774,-6586060,-5451286
2016/09/13,0,1896000,-10264000,-8368000
2016/09/14,0,2479152,-9801971,-7322819
2016/09/15,0,0,0,0
2016/09/16,0,0,0,0
2016/09/19,0,1965806,-14400808,-12435002
2016/09/20,0,2918474,-15478698,-12560224
2016/09/21,0,2711000,-5525106,-2814106
2016/09/22,0,1838525,-9869000,-8030475
2016/09/23,0,2008871,-8434000,-6425129
2016/09/26,0,1254000,-4254000,-3000000
2016/09/27,0,0,0,0
2016/09/28,0,0,0,0
2016/09/29,0,5301179,-10741653,-5440474
2016/09/30,0,2501820,-11690716,-9188896
2016/10/03,0,2207591,-3478000,-1270409
2016/10/04,0,4087602,-11213763,-7126161
2016/10/05,0,1190000,-6057024,-4867024
2016/10/06,0,1345908,-7030310,-5684402
2016/10/07,0,449785,-8279000,-7829215
2016/10/10,0,0,0,0
2016/10/11,0,3506900,-9741000,-6234100
2016/10/12,0,1750000,-10387508,-8637508
2016/10/13,0,5858000,-9686000,-3828000
2016/10/14,0,789000,-13660520,-12871520
2016/10/17,0,2229000,-2312826,-83826
2016/10/18,0,5075266,-5888690,-813424
2016/10/19,0,1986133,-8583300,-6597167
2016/10/20,0,629810,-3047000,-2417190
2016/10/21,0,1012000,-5226000,-4214000
2016/10/24,0,2458000,-3880000,-1422000
2016/10/25,0,3626000,-8554000,-4928000
2016/10/26,0,758000,-8683999,-7925999
2016/10/27,0,1154725,-12192000,-11037275
2016/10/28,0,1584000,-12171998,-10587998
2016/10/31,0,4329105,-18733000,-14403895
2016/11/01,0,2145000,-8433099,-6288099
2016/11/02,0,2265413,-10585675,-8320262
2016/11/03,0,2164000,-9907270,-7743270
2016/11/04,0,678000,-6683000,-6005000
2016/11/07,0,1468000,-8485982,-7017982
2016/11/08,0,2543123,-7961000,-5417877
2016/11/09,0,2866000,-9283734,-6417734
2016/11/10,0,2237000,-10120487,-7883487
2016/11/11,0,1974000,-19685373,-17711373
2016/11/14,0,1279100,-17673831,-16394731
2016/11/15,0,2439000,-17988000,-15549000
2016/11/16,0,3471000,-8951011,-5480011
2016/11/17,0,1758000,-5669000,-3911000
2016/11/18,0,1459000,-5814000,-4355000
2016/11/21,0,851000,-3682811,-2831811
2016/11/22,0,3719653,-7012024,-3292371
2016/11/23,0,3159000,-5401642,-2242642
2016/11/24,0,611000,-4064001,-3453001
2016/11/25,0,464000,-2432185,-1968185
2016/11/28,0,1594000,-3511809,-1917809
2016/11/29,0,3672000,-5769584,-2097584
2016/11/30,0,8484077,-11381418,-2897341
2016/12/01,0,1589148,-6494050,-4904902
2016/12/02,0,2558000,-7559173,-5001173
2016/12/05,0,3004000,-4440175,-1436175
2016/12/06,0,2703474,-3352000,-648526
2016/12/07,0,925000,-4259000,-3334000
2016/12/08,0,3731000,-7070632,-3339632
2016/12/09,0,3366961,-11234529,-7867568
2016/12/12,0,1379307,-2649000,-1269693
2016/12/13,0,2925838,-4824000,-1898162
2016/12/14,0,1568320,-2793000,-1224680
2016/12/15,0,2959500,-5226000,-2266500
2016/12/16,0,3398329,-14347535,-10949206
2016/12/19,0,1130346,-5948267,-4817921
2016/12/20,0,5074152,-5762715,-688563
2016/12/21,0,2194000,-5168108,-2974108
2016/12/22,0,913688,-4712000,-3798312
2016/12/23,0,934000,-2075000,-1141000
2016/12/26,0,1342000,-328000,1014000
2016/12/27,0,489000,-783000,-294000
2016/12/28,0,1684000,-2322000,-638000
2016/12/29,0,4452681,-4424647,28034
2016/12/30,0,3205000,-3331182,-126182
2017/01/02,0,0,0,0
2017/01/03,0,644000,-1211000,-567000
2017/01/04,0,1859000,-4583200,-2724200
2017/01/05,0,3775790,-4538000,-762210
2017/01/06,0,3563000,-10788000,-7225000
2017/01/09,0,572422,-7605000,-7032578
2017/01/10,0,2631000,-6936000,-4305000
2017/01/11,0,2081108,-4591498,-2510390
2017/01/12,0,4376000,-7964509,-3588509
2017/01/13,0,3346230,-6864339,-3518109
2017/01/16,0,710000,-2372000,-1662000
2017/01/17,0,1057023,-2281000,-1223977
2017/01/18,0,5567929,-8302883,-2734954
2017/01/19,0,1775000,-6730392,-4955392
2017/01/20,0,1656542,-3086000,-1429458
2017/01/23,0,3587147,-1563092,2024055
2017/01/24,0,7310215,-5727616,1582599
2017/01/25,0,0,0,0
2017/01/26,0,0,0,0
2017/01/27,0,0,0,0
2017/01/30,0,0,0,0
2017/01/31,0,0,0,0
2017/02/01,0,0,0,0
2017/02/02,0,2407160,-39739183,-37332023
2017/02/03,0,2092000,-14231810,-12139810
2017/02/06,0,1216426,-5206592,-3990166
2017/02/07,0,782465,-4451763,-3669298
2017/02/08,0,1710197,-8044000,-6333803
2017/02/09,0,2009000,-6965354,-4956354
2017/02/10,0,8078100,-8640000,-561900
2017/02/13,0,2125180,-3292894,-1167714
2017/02/14,0,2394000,-6435548,-4041548
2017/02/15,0,5244746,-7350146,-2105400
2017/02/16,0,2840000,-7124000,-4284000
2017/02/17,0,1833000,-4722000,-2889000
2017/02/20,0,2637000,-2305478,331522
2017/02/21,0,3423000,-1757000,1666000
2017/02/22,0,4607243,-8840000,-4232757
2017/02/23,0,2482000,-2643421,-161421
2017/02/24,0,7468083,-10407114,-2939031
2017/02/27,0,0,0,0
2017/02/28,0,0,0,0
2017/03/01,0,2234775,-8480557,-6245782
2017/03/02,0,1773000,-5394980,-3621980
2017/03/03,0,2897879,-7264268,-4366389
2017/03/06,0,1315801,-3218160,-1902359
2017/03/07,0,1121315,-2076088,-954773
2017/03/08,0,766086,-3065564,-2299478
2017/03/09,0,6216000,-7319250,-1103250
2017/03/10,0,625809,-2676000,-2050191
2017/03/13,0,860594,-2435000,-1574406
2017/03/14,0,2139181,-2050547,88634
2017/03/15,0,2276000,-5323097,-3047097
2017/03/16,0,2934564,-1720000,1214564
2017/03/17,0,5267310,-4583186,684124
2017/03/20,0,2194000,-2866000,-672000
2017/03/21,0,2978599,-2509000,469599
2017/03/22,0,2986000,-3150814,-164814
2017/03/23,0,1943560,-2704151,-760591
2017/03/24,0,2302204,-3052955,-750751
2017/03/27,0,2554000,-323000,2231000
2017/03/28,0,4168000,-2146000,2022000
2017/03/29,0,1831415,-2985958,-1154543
2017/03/30,0,3428000,-7678663,-4250663
2017/03/31,0,9752000,-4496000,5256000
2017/04/03,0,0,0,0
2017/04/04,0,0,0,0
2017/04/05,0,6379319,-10036000,-3656681
2017/04/06,0,2137000,-2262000,-125000
2017/04/07,0,3094478,-2200664,893814
2017/04/10,0,646000,-1153000,-507000
2017/04/11,0,2320324,-4278700,-1958376
2017/04/12,0,2636500,-2945502,-309002
2017/04/13,0,1470938,-2546000,-1075062
2017/04/14,0,1684000,-542000,1142000
2017/04/17,0,2018000,-459000,1559000
2017/04/18,0,1931000,-3123065,-1192065
2017/04/19,0,1208172,-7182724,-5974552
2017/04/20,0,1273527,-2700000,-1426473
2017/04/21,0,3108000,-2571008,536992
2017/04/24,0,1529562,-1418763,110799
2017/04/25,0,4229700,-2005763,2223937
2017/04/26,0,5751000,-2840764,2910236
2017/04/27,0,1040752,-1705764,-665012
2017/04/28,0,3602250,-5173000,-1570750
2017/05/01,0,0,0,0
2017/05/02,0,6802000,-5895000,907000
2017/05/03,0,1697000,-972928,724072
2017/05/04,0,3843000,-4765200,-922200
2017/05/05,0,1336782,-2345000,-1008218
2017/05/08,0,4885032,-7298390,-2413358
2017/05/09,0,3304855,-2288790,1016065
2017/05/10,0,1738202,-2472000,-733798
2017/05/11,0,1806455,-2723580,-917125
2017/05/12,0,2171846,-1429000,742846
2017/05/15,0,1704717,-3168000,-1463283
2017/05/16,0,2223000,-3360570,-1137570
2017/05/17,0,2845782,-4522000,-1676218
2017/05/18,0,1765362,-5677000,-3911638
2017/05/19,0,1969632,-4923327,-2953695
2017/05/22,0,3696006,-4803885,-1107879
2017/05/23,0,2492420,-4318231,-1825811
2017/05/24,0,739416,-1825000,-1085584
2017/05/25,0,2016426,-1661417,355009
2017/05/26,0,0,0,0
2017/05/29,0,0,0,0
2017/05/30,0,0,0,0
2017/05/31,0,7094985,-6042661,1052324
2017/06/01,0,5857295,-1091841,4765454
2017/06/02,0,1827677,-2385000,-557323
2017/06/05,0,3024126,-2331000,693126
2017/06/06,0,4446953,-1474000,2972953
2017/06/07,0,3898000,-3016000,882000
2017/06/08,0,4397000,-498000,3899000
2017/06/09,0,2368010,-2881411,-513401
2017/06/12,0,1233022,-3893298,-2660276
2017/06/13,0,1643000,-421557,1221443
2017/06/14,0,3660000,-2350557,1309443
2017/06/15,0,2614986,-974000,1640986
2017/06/16,0,1856459,-2719694,-863235
2017/06/19,0,1684826,-257461,1427365
2017/06/20,0,972272,-509000,463272
2017/06/21,0,6357000,-4926000,1431000
2017/06/22,0,3892086,-337000,3555086
2017/06/23,0,2198000,-539765,1658235
2017/06/26,0,5572000,-311270,5260730
2017/06/27,0,4959542,-2187000,2772542
2017/06/28,0,2194610,-1577400,617210
2017/06/29,0,2024000,-1883000,141000
2017/06/30,0,2851300,-8081000,-5229700
2017/07/03,0,2239850,-1293726,946124
2017/07/04,0,768000,-5105000,-4337000
2017/07/05,0,1316000,-776000,540000
2017/07/06,0,832000,-2402241,-1570241
2017/07/07,0,741300,-3459443,-2718143
2017/07/10,0,309133,-2602212,-2293079
2017/07/11,0,4775100,-1917000,2858100
2017/07/12,0,4048000,-1525640,2522360
2017/07/13,0,5178971,-5689153,-510182
2017/07/14,0,1298863,-4230600,-2931737
2017/07/17,0,1755000,-1835000,-80000
2017/07/18,0,1980112,-2433000,-452888
2017/07/19,0,2224000,-2476000,-252000
2017/07/20,0,1446418,-2383187,-936769
2017/07/21,0,717377,-2279903,-1562526
2017/07/24,0,4428861,-3004587,1424274
2017/07/25,0,2449000,-594159,1854841
2017/07/26,0,2823000,-2491162,331838
2017/07/27,0,4449000,-1741000,2708000
2017/07/28,0,8692000,-1657513,7034487
2017/07/31,0,7371000,-7930865,-559865
2017/08/01,0,2509700,-4339639,-1829939
2017/08/02,0,4685346,-941755,3743591
2017/08/03,0,2874848,-1419304,1455544
2017/08/04,0,1561000,-933000,628000
2017/08/07,0,1158011,-2099110,-941099
2017/08/08,0,1996399,-813000,1183399
2017/08/09,0,990239,-1474088,-483849
2017/08/10,0,908052,-1620000,-711948
2017/08/11,0,1139000,-1996000,-857000
2017/08/14,0,2126200,-515094,1611106
2017/08/15,0,1352000,-349207,1002793
2017/08/16,0,1997856,-1639000,358856
2017/08/17,0,911698,-578000,333698
2017/08/18,0,3471000,-1182299,2288701
