Date,Open,Buy,Sell,Total
2007/04/23,0,7000,-91000,-84000
2007/04/24,0,3000,-41000,-38000
2007/04/25,0,0,-108000,-108000
2007/04/26,0,17000,-43000,-26000
2007/04/27,0,50000,-96000,-46000
2007/04/30,0,0,-80000,-80000
2007/05/01,0,0,0,0
2007/05/02,0,3000,-118000,-115000
2007/05/03,0,122000,-66000,56000
2007/05/04,0,162000,-940,161060
2007/05/07,0,4000,-16000,-12000
2007/05/08,0,0,-77000,-77000
2007/05/09,0,0,-147000,-147000
2007/05/10,0,6000,-17000,-11000
2007/05/11,0,7000,-168000,-161000
2007/05/14,0,0,-50000,-50000
2007/05/15,0,29000,-97000,-68000
2007/05/16,0,2000,-30000,-28000
2007/05/17,0,5000,-56000,-51000
2007/05/18,0,2000,-41000,-39000
2007/05/21,0,113000,-3000,110000
2007/05/22,0,11000,-19000,-8000
2007/05/23,0,8000,-41000,-33000
2007/05/24,0,8000,-39000,-31000
2007/05/25,0,21000,-39000,-18000
2007/05/28,0,7000,-26000,-19000
2007/05/29,0,1000,-34000,-33000
2007/05/30,0,43000,-207000,-164000
2007/05/31,0,80000,-21000,59000
2007/06/01,0,43000,-10000,33000
2007/06/04,0,14000,-63000,-49000
2007/06/05,0,94000,-120000,-26000
2007/06/06,0,0,-167000,-167000
2007/06/07,0,56000,-30000,26000
2007/06/08,0,31000,-193000,-162000
2007/06/11,0,0,-67000,-67000
2007/06/12,0,0,-79000,-79000
2007/06/13,0,0,-28000,-28000
2007/06/14,0,22000,-102000,-80000
2007/06/15,0,194000,-1000,193000
2007/06/18,0,0,0,0
2007/06/19,0,0,0,0
2007/06/20,0,272000,-26000,246000
2007/06/21,0,563000,-40000,523000
2007/06/22,0,71000,-75000,-4000
2007/06/25,0,166000,-2000,164000
2007/06/26,0,10000,-141000,-131000
2007/06/27,0,64000,-7000,57000
2007/06/28,0,56000,-3000,53000
2007/06/29,0,48000,-226000,-178000
2007/07/02,0,49000,-516000,-467000
2007/07/03,0,20000,-114000,-94000
2007/07/04,0,149000,-68000,81000
2007/07/05,0,0,-105000,-105000
2007/07/06,0,52000,-345000,-293000
2007/07/09,0,238000,-105000,133000
2007/07/10,0,99000,-56000,43000
2007/07/11,0,223000,-84808,138192
2007/07/12,0,199000,-104000,95000
2007/07/13,0,153000,-21770,131230
2007/07/16,0,42000,-148931,-106931
2007/07/17,0,87000,-165000,-78000
2007/07/18,0,638000,-246000,392000
2007/07/19,0,79000,-449982,-370982
2007/07/20,0,42000,-242000,-200000
2007/07/23,0,243000,-508460,-265460
2007/07/24,0,30000,-1165000,-1135000
2007/07/25,0,908000,-620000,288000
2007/07/26,0,82000,-1209000,-1127000
2007/07/27,0,13000,-467000,-454000
2007/07/30,0,150000,-304000,-154000
2007/07/31,0,196000,-507000,-311000
2007/08/01,0,127000,-308000,-181000
2007/08/02,0,72000,-68976,3024
2007/08/03,0,699000,-480000,219000
2007/08/06,0,118000,-28000,90000
2007/08/07,0,22000,-188000,-166000
2007/08/08,0,3000,-347000,-344000
2007/08/09,0,63000,-356000,-293000
2007/08/10,0,10000,-330000,-320000
2007/08/13,0,27000,-241000,-214000
2007/08/14,0,33000,-572000,-539000
2007/08/15,0,113000,-601000,-488000
2007/08/16,0,386000,-64000,322000
2007/08/17,0,196000,-117000,79000
2007/08/20,0,264000,-235000,29000
2007/08/21,0,19000,-75000,-56000
2007/08/22,0,444000,-124000,320000
2007/08/23,0,372000,-725000,-353000
2007/08/24,0,0,-346000,-346000
2007/08/27,0,90000,-467000,-377000
2007/08/28,0,210000,-55000,155000
2007/08/29,0,514000,-204000,310000
2007/08/30,0,114000,-218000,-104000
2007/08/31,0,800000,-65000,735000
2007/09/03,0,270000,-521000,-251000
2007/09/04,0,198000,-742000,-544000
2007/09/05,0,30000,-317000,-287000
2007/09/06,0,70000,-35000,35000
2007/09/07,0,8000,-299000,-291000
2007/09/10,0,26000,-362000,-336000
2007/09/11,0,303000,-25000,278000
2007/09/12,0,0,-338000,-338000
2007/09/13,0,245000,-55000,190000
2007/09/14,0,31000,-68000,-37000
2007/09/17,0,48000,-182000,-134000
2007/09/18,0,0,0,0
2007/09/19,0,15000,-170000,-155000
2007/09/20,0,97000,-14000,83000
2007/09/21,0,489000,0,489000
2007/09/24,0,0,0,0
2007/09/25,0,0,0,0
2007/09/26,0,259000,-325000,-66000
2007/09/27,0,30000,-39000,-9000
2007/09/28,0,30000,-394000,-364000
2007/10/01,0,1000,-256000,-255000
2007/10/02,0,104000,-58300,45700
2007/10/03,0,292000,-67000,225000
2007/10/04,0,217000,-235000,-18000
2007/10/05,0,4000,-35000,-31000
2007/10/08,0,0,-165000,-165000
2007/10/09,0,1000,-208000,-207000
2007/10/10,0,0,0,0
2007/10/11,0,40000,0,40000
2007/10/12,0,80000,-185000,-105000
2007/10/15,0,30000,-11000,19000
2007/10/16,0,62000,-38000,24000
2007/10/17,0,15000,-41000,-26000
2007/10/18,0,70000,-16000,54000
2007/10/19,0,0,-130000,-130000
2007/10/22,0,137000,-232000,-95000
2007/10/23,0,45000,-97000,-52000
2007/10/24,0,85000,-269000,-184000
2007/10/25,0,107000,-76000,31000
2007/10/26,0,157000,-175000,-18000
2007/10/29,0,21000,-67000,-46000
2007/10/30,0,16000,-64000,-48000
2007/10/31,0,122000,-45000,77000
2007/11/01,0,272000,-106000,166000
2007/11/02,0,276000,-206000,70000
2007/11/05,0,111000,-65000,46000
2007/11/06,0,33000,-99000,-66000
2007/11/07,0,6000,-62000,-56000
2007/11/08,0,192000,-178000,14000
2007/11/09,0,166000,-50000,116000
2007/11/12,0,84000,-64000,20000
2007/11/13,0,490000,-28000,462000
2007/11/14,0,1000,-14000,-13000
2007/11/15,0,17000,0,17000
2007/11/16,0,43000,-95000,-52000
2007/11/19,0,14000,-266500,-252500
2007/11/20,0,254000,-42000,212000
2007/11/21,0,103000,-144000,-41000
2007/11/22,0,92000,-27000,65000
2007/11/23,0,39000,-33000,6000
2007/11/26,0,226000,0,226000
2007/11/27,0,326000,-172000,154000
2007/11/28,0,51000,-306000,-255000
2007/11/29,0,207000,-55000,152000
2007/11/30,0,11000,-98000,-87000
2007/12/03,0,8000,-82000,-74000
2007/12/04,0,29000,-93000,-64000
2007/12/05,0,59000,0,59000
2007/12/06,0,143000,0,143000
2007/12/07,0,0,-110000,-110000
2007/12/10,0,76000,0,76000
2007/12/11,0,159000,-25000,134000
2007/12/12,0,280000,0,280000
2007/12/13,0,55000,-121000,-66000
2007/12/14,0,249000,-130000,119000
2007/12/17,0,214000,-5000,209000
2007/12/18,0,547000,-165000,382000
2007/12/19,0,181000,-242000,-61000
2007/12/20,0,9000,-455000,-446000
2007/12/21,0,0,0,0
2007/12/24,0,0,0,0
2007/12/25,0,0,0,0
2007/12/26,0,0,0,0
2007/12/27,0,0,0,0
2007/12/28,0,0,0,0
2007/12/31,0,0,0,0
2008/01/01,0,0,0,0
2008/01/02,0,0,0,0
2008/01/03,0,0,0,0
2008/01/04,0,0,0,0
2008/01/07,0,0,0,0
2008/01/08,0,0,0,0
2008/01/09,0,182000,-180000,2000
2008/01/10,0,164000,-81727,82273
2008/01/11,0,162000,-84000,78000
2008/01/14,0,175000,-4000,171000
2008/01/15,0,128000,-166000,-38000
2008/01/16,0,229000,-30000,199000
2008/01/17,0,441000,-88000,353000
2008/01/18,0,165000,-77000,88000
2008/01/21,0,108000,-339000,-231000
2008/01/22,0,40000,-21000,19000
2008/01/23,0,293000,-125000,168000
2008/01/24,0,92000,-164000,-72000
2008/01/25,0,70000,-241000,-171000
2008/01/28,0,87000,-208000,-121000
2008/01/29,0,89000,-40000,49000
2008/01/30,0,89000,-32000,57000
2008/01/31,0,149000,-10000,139000
2008/02/01,0,91000,-1000,90000
2008/02/04,0,0,0,0
2008/02/05,0,0,0,0
2008/02/06,0,0,0,0
2008/02/07,0,0,0,0
2008/02/08,0,0,0,0
2008/02/11,0,0,0,0
2008/02/12,0,52000,0,52000
2008/02/13,0,24000,-57000,-33000
2008/02/14,0,293000,-78000,215000
2008/02/15,0,140000,-266000,-126000
2008/02/18,0,48000,-49000,-1000
2008/02/19,0,89000,-55000,34000
2008/02/20,0,76000,-39000,37000
2008/02/21,0,547000,-117000,430000
2008/02/22,0,788000,-29000,759000
2008/02/25,0,275000,-245780,29220
2008/02/26,0,378000,-657000,-279000
2008/02/27,0,523000,-893664,-370664
2008/02/28,0,0,0,0
2008/02/29,0,1515000,-728000,787000
2008/03/03,0,912000,-102581,809419
2008/03/04,0,2635000,-339000,2296000
2008/03/05,0,2530819,-1968000,562819
2008/03/06,0,1389000,-876532,512468
2008/03/07,0,943000,-344000,599000
2008/03/10,0,655000,-1093000,-438000
2008/03/11,0,1115000,-738936,376064
2008/03/12,0,733000,-831992,-98992
2008/03/13,0,497000,-125000,372000
2008/03/14,0,372000,-523000,-151000
2008/03/17,0,1336000,-154000,1182000
2008/03/18,0,789000,-374000,415000
2008/03/19,0,516000,-644000,-128000
2008/03/20,0,1910000,-40000,1870000
2008/03/21,0,579000,-1030000,-451000
2008/03/24,0,1104000,-1952000,-848000
2008/03/25,0,778000,-348000,430000
2008/03/26,0,617000,-646000,-29000
2008/03/27,0,479000,-201000,278000
2008/03/28,0,682000,-306193,375807
2008/03/31,0,821000,-200000,621000
2008/04/01,0,196000,-861000,-665000
2008/04/02,0,539000,-236654,302346
2008/04/03,0,80000,-20000,60000
2008/04/04,0,0,0,0
2008/04/07,0,271000,-4000,267000
2008/04/08,0,92000,-539000,-447000
2008/04/09,0,109000,-792000,-683000
2008/04/10,0,334000,-232000,102000
2008/04/11,0,1134000,-527000,607000
2008/04/14,0,984000,-105625,878375
2008/04/15,0,287000,-434000,-147000
2008/04/16,0,904000,-164000,740000
2008/04/17,0,339000,-883000,-544000
2008/04/18,0,681000,-206000,475000
2008/04/21,0,241000,-30000,211000
2008/04/22,0,244000,-182000,62000
2008/04/23,0,998000,-173000,825000
2008/04/24,0,695000,-460000,235000
2008/04/25,0,778000,-295000,483000
2008/04/28,0,2448000,-509000,1939000
2008/04/29,0,685000,-414000,271000
2008/04/30,0,832000,-957000,-125000
2008/05/01,0,0,0,0
2008/05/02,0,737000,-89000,648000
2008/05/05,0,158000,-60000,98000
2008/05/06,0,400000,-1057000,-657000
2008/05/07,0,162000,-84000,78000
2008/05/08,0,544000,-27000,517000
2008/05/09,0,426000,-737000,-311000
2008/05/12,0,976000,-54000,922000
2008/05/13,0,738030,-212600,525430
2008/05/14,0,864000,-216000,648000
2008/05/15,0,473000,-362000,111000
2008/05/16,0,343000,-252000,91000
2008/05/19,0,545000,-377000,168000
2008/05/20,0,292000,-1972000,-1680000
2008/05/21,0,251000,-441000,-190000
2008/05/22,0,110000,-297000,-187000
2008/05/23,0,67000,-1080000,-1013000
2008/05/26,0,221000,-120000,101000
2008/05/27,0,67000,-187000,-120000
2008/05/28,0,44000,-421000,-377000
2008/05/29,0,57000,-547000,-490000
2008/05/30,0,462000,-1561000,-1099000
2008/06/02,0,54000,-26000,28000
2008/06/03,0,106459,-220000,-113541
2008/06/04,0,248000,-28000,220000
2008/06/05,0,710000,-262000,448000
2008/06/06,0,110000,-190000,-80000
2008/06/09,0,335000,-206000,129000
2008/06/10,0,124000,-403000,-279000
2008/06/11,0,165000,-220000,-55000
2008/06/12,0,139000,-83000,56000
2008/06/13,0,85000,-174000,-89000
2008/06/16,0,118000,-226000,-108000
2008/06/17,0,106000,-217000,-111000
2008/06/18,0,399000,-19000,380000
2008/06/19,0,172000,-113000,59000
2008/06/20,0,241000,-204000,37000
2008/06/23,0,314000,-160000,154000
2008/06/24,0,213000,-56000,157000
2008/06/25,0,932000,-300000,632000
2008/06/26,0,393000,-510000,-117000
2008/06/27,0,247000,-1201000,-954000
2008/06/30,0,460000,-871000,-411000
2008/07/01,0,359000,-148000,211000
2008/07/02,0,854000,-176000,678000
2008/07/03,0,520000,-1872000,-1352000
2008/07/04,0,189000,-898000,-709000
2008/07/07,0,34000,-67000,-33000
2008/07/08,0,361000,-299000,62000
2008/07/09,0,632000,-83000,549000
2008/07/10,0,347000,-125000,222000
2008/07/11,0,283000,-173000,110000
2008/07/14,0,166000,-330000,-164000
2008/07/15,0,147000,-406000,-259000
2008/07/16,0,141000,-461994,-320994
2008/07/17,0,514000,-151000,363000
2008/07/18,0,176000,-175000,1000
2008/07/21,0,347000,-220000,127000
2008/07/22,0,484000,-60000,424000
2008/07/23,0,971000,-30000,941000
2008/07/24,0,249000,-6000,243000
2008/07/25,0,224000,-851000,-627000
2008/07/28,0,0,0,0
2008/07/29,0,441000,-66000,375000
2008/07/30,0,205000,-54000,151000
2008/07/31,0,375000,-320000,55000
2008/08/01,0,219000,-56000,163000
2008/08/04,0,381000,0,381000
2008/08/05,0,359000,-405000,-46000
2008/08/06,0,568000,-132000,436000
2008/08/07,0,93000,-156000,-63000
2008/08/08,0,563000,-118000,445000
2008/08/11,0,134000,-344000,-210000
2008/08/12,0,22000,-427000,-405000
2008/08/13,0,73000,-329000,-256000
2008/08/14,0,202000,-239000,-37000
2008/08/15,0,57000,-235000,-178000
2008/08/18,0,45000,-73000,-28000
2008/08/19,0,24000,-79000,-55000
2008/08/20,0,28000,-191000,-163000
2008/08/21,0,58000,-405000,-347000
2008/08/22,0,208000,-583000,-375000
2008/08/25,0,108000,-11000,97000
2008/08/26,0,62000,-27000,35000
2008/08/27,0,172000,-18000,154000
2008/08/28,0,142000,-269000,-127000
2008/08/29,0,145000,-51000,94000
2008/09/01,0,291000,-134000,157000
2008/09/02,0,196000,-59000,137000
2008/09/03,0,630000,-123443,506557
2008/09/04,0,109000,-481000,-372000
2008/09/05,0,272000,-264000,8000
2008/09/08,0,216000,-22000,194000
2008/09/09,0,496000,-49000,447000
2008/09/10,0,156000,-29000,127000
2008/09/11,0,703000,-83000,620000
2008/09/12,0,395000,-291000,104000
2008/09/15,0,67000,-1085000,-1018000
2008/09/16,0,250000,-157000,93000
2008/09/17,0,224000,-151000,73000
2008/09/18,0,551000,-501000,50000
2008/09/19,0,341000,-169000,172000
2008/09/22,0,744000,-186000,558000
2008/09/23,0,73000,-383000,-310000
2008/09/24,0,283000,-60000,223000
2008/09/25,0,104000,-26000,78000
2008/09/26,0,121000,-474000,-353000
2008/09/29,0,0,0,0
2008/09/30,0,31000,-315000,-284000
2008/10/01,0,213000,-439000,-226000
2008/10/02,0,286000,-135000,151000
2008/10/03,0,286000,-192000,94000
2008/10/06,0,108000,-3000,105000
2008/10/07,0,289000,-10000,279000
2008/10/08,0,431000,-667995,-236995
2008/10/09,0,267000,-91000,176000
2008/10/10,0,0,0,0
2008/10/13,0,397000,-74000,323000
2008/10/14,0,750000,-92834,657166
2008/10/15,0,171000,-326000,-155000
2008/10/16,0,33000,-548000,-515000
2008/10/17,0,224000,-401143,-177143
2008/10/20,0,306000,-287545,18455
2008/10/21,0,651000,-396000,255000
2008/10/22,0,372000,-197000,175000
2008/10/23,0,697000,-199022,497978
2008/10/24,0,154000,-697670,-543670
2008/10/27,0,287000,-98000,189000
2008/10/28,0,606000,-71000,535000
2008/10/29,0,695000,-95212,599788
2008/10/30,0,361000,-274000,87000
2008/10/31,0,1249000,-105908,1143092
2008/11/03,0,757000,-887000,-130000
2008/11/04,0,238000,-489000,-251000
2008/11/05,0,133000,-541000,-408000
2008/11/06,0,210000,-203000,7000
2008/11/07,0,805000,-86765,718235
2008/11/10,0,208000,-297000,-89000
2008/11/11,0,219000,-467000,-248000
2008/11/12,0,573810,-401000,172810
2008/11/13,0,389000,-353000,36000
2008/11/14,0,505000,-208000,297000
2008/11/17,0,312000,-433531,-121531
2008/11/18,0,336000,-293000,43000
2008/11/19,0,554000,-86000,468000
2008/11/20,0,496000,-153000,343000
2008/11/21,0,1108000,-143000,965000
2008/11/24,0,437000,-358000,79000
2008/11/25,0,650000,-168000,482000
2008/11/26,0,328000,-489000,-161000
2008/11/27,0,816000,-1049000,-233000
2008/11/28,0,832000,-61000,771000
2008/12/01,0,552000,-65117,486883
2008/12/02,0,484000,-575000,-91000
2008/12/03,0,608000,-187000,421000
2008/12/04,0,843000,-640000,203000
2008/12/05,0,920000,-921410,-1410
2008/12/08,0,1170000,-575641,594359
2008/12/09,0,1114000,-314217,799783
2008/12/10,0,870000,-281100,588900
2008/12/11,0,608000,-671000,-63000
2008/12/12,0,654000,-901000,-247000
2008/12/15,0,597000,-462000,135000
2008/12/16,0,263000,-283000,-20000
2008/12/17,0,515000,-862000,-347000
2008/12/18,0,109000,-457000,-348000
2008/12/19,0,131000,-928000,-797000
2008/12/22,0,653000,-233588,419412
2008/12/23,0,295000,-751000,-456000
2008/12/24,0,302000,-632000,-330000
2008/12/25,0,79000,-33000,46000
2008/12/26,0,129000,-275000,-146000
2008/12/29,0,104000,-102000,2000
2008/12/30,0,132000,-307024,-175024
2008/12/31,0,147000,-287000,-140000
2009/01/01,0,0,0,0
2009/01/02,0,0,0,0
2009/01/05,0,596000,-202326,393674
2009/01/06,0,612000,-20990,591010
2009/01/07,0,772000,-181000,591000
2009/01/08,0,974000,-217000,757000
2009/01/09,0,248000,-161000,87000
2009/01/12,0,357000,-809000,-452000
2009/01/13,0,83000,-204000,-121000
2009/01/14,0,127000,-52000,75000
2009/01/15,0,1359000,-792000,567000
2009/01/16,0,261000,-273000,-12000
2009/01/19,0,96000,-114000,-18000
2009/01/20,0,436205,-126000,310205
2009/01/21,0,610000,-151000,459000
2009/01/22,0,0,0,0
2009/01/23,0,0,0,0
2009/01/26,0,0,0,0
2009/01/27,0,0,0,0
2009/01/28,0,0,0,0
2009/01/29,0,0,0,0
2009/01/30,0,0,0,0
2009/02/02,0,61000,-439979,-378979
2009/02/03,0,299000,-450000,-151000
2009/02/04,0,192000,-142000,50000
2009/02/05,0,191000,-84000,107000
2009/02/06,0,154000,-211000,-57000
2009/02/09,0,25000,-608050,-583050
2009/02/10,0,233000,-364000,-131000
2009/02/11,0,184033,-444000,-259967
2009/02/12,0,463000,-604000,-141000
2009/02/13,0,343000,-562000,-219000
2009/02/16,0,182000,-126000,56000
2009/02/17,0,73000,-206000,-133000
2009/02/18,0,874000,-89000,785000
2009/02/19,0,495000,-499000,-4000
2009/02/20,0,218000,-228533,-10533
2009/02/23,0,264000,-120000,144000
2009/02/24,0,544000,-69000,475000
2009/02/25,0,1021000,-309000,712000
2009/02/26,0,691000,-622000,69000
2009/02/27,0,649000,-985039,-336039
2009/03/02,0,743000,-988000,-245000
2009/03/03,0,0,0,0
2009/03/04,0,0,0,0
2009/03/05,0,0,0,0
2009/03/06,0,0,0,0
2009/03/09,0,0,0,0
2009/03/10,0,0,0,0
2009/03/11,0,0,0,0
2009/03/12,0,0,0,0
2009/03/13,0,0,0,0
2009/03/16,0,0,0,0
2009/03/17,0,0,0,0
2009/03/18,0,0,0,0
2009/03/19,0,0,0,0
2009/03/20,0,828000,-2260993,-1432993
2009/03/23,0,610000,-204106,405894
2009/03/24,0,282000,-930630,-648630
2009/03/25,0,410973,-75128,335845
2009/03/26,0,437000,-193000,244000
2009/03/27,0,332000,-589000,-257000
2009/03/30,0,187000,-834000,-647000
2009/03/31,0,233000,-165000,68000
2009/04/01,0,390000,-336000,54000
2009/04/02,0,648000,-155121,492879
2009/04/03,0,2201000,-279000,1922000
2009/04/06,0,671000,-1745131,-1074131
2009/04/07,0,203000,-757000,-554000
2009/04/08,0,86000,-764000,-678000
2009/04/09,0,265000,-623000,-358000
2009/04/10,0,956000,-1061000,-105000
2009/04/13,0,639000,-1070000,-431000
2009/04/14,0,1608000,-568129,1039871
2009/04/15,0,500000,-763000,-263000
2009/04/16,0,442000,-870000,-428000
2009/04/17,0,1135000,-406129,728871
2009/04/20,0,328000,-243000,85000
2009/04/21,0,540000,-51000,489000
2009/04/22,0,412000,-185000,227000
2009/04/23,0,346000,-115000,231000
2009/04/24,0,425000,-2881497,-2456497
2009/04/27,0,269000,-634176,-365176
2009/04/28,0,325000,-488130,-163130
2009/04/29,0,259000,-973828,-714828
2009/04/30,0,1613000,-611730,1001270
2009/05/01,0,0,0,0
2009/05/04,0,1271000,-1115859,155141
2009/05/05,0,933000,-969000,-36000
2009/05/06,0,586000,-839700,-253700
2009/05/07,0,406000,-1199000,-793000
2009/05/08,0,456000,-272439,183561
2009/05/11,0,595000,-405262,189738
2009/05/12,0,700000,-96000,604000
2009/05/13,0,238000,-266000,-28000
2009/05/14,0,85000,-528000,-443000
2009/05/15,0,120000,-600000,-480000
2009/05/18,0,279000,-360000,-81000
2009/05/19,0,1449000,-607000,842000
2009/05/20,0,793000,-1155000,-362000
2009/05/21,0,748000,-468000,280000
2009/05/22,0,1237000,-850000,387000
2009/05/25,0,663000,-1033131,-370131
2009/05/26,0,192000,-807000,-615000
2009/05/27,0,971000,-491000,480000
2009/05/28,0,0,0,0
2009/05/29,0,0,0,0
2009/06/01,0,1437000,-1064000,373000
2009/06/02,0,1230000,-956000,274000
2009/06/03,0,453000,-1296000,-843000
2009/06/04,0,409000,-842000,-433000
2009/06/05,0,416000,-335000,81000
2009/06/08,0,457000,-1428000,-971000
2009/06/09,0,1862000,-659000,1203000
2009/06/10,0,459000,-276581,182419
2009/06/11,0,265000,-912000,-647000
2009/06/12,0,760000,-1805000,-1045000
2009/06/15,0,663000,-1265000,-602000
2009/06/16,0,187147,-702000,-514853
2009/06/17,0,851000,-52000,799000
2009/06/18,0,284000,-908000,-624000
2009/06/19,0,240000,-285000,-45000
2009/06/22,0,297000,-395000,-98000
2009/06/23,0,267000,-164000,103000
2009/06/24,0,1120000,-566000,554000
2009/06/25,0,712000,-371000,341000
2009/06/26,0,502000,-179000,323000
2009/06/29,0,256000,-528000,-272000
2009/06/30,0,414000,-584000,-170000
2009/07/01,0,809000,-453000,356000
2009/07/02,0,661000,-149000,512000
2009/07/03,0,571000,-264000,307000
2009/07/06,0,166000,-500000,-334000
2009/07/07,0,851000,-46000,805000
2009/07/08,0,632000,-194000,438000
2009/07/09,0,750000,-657000,93000
2009/07/10,0,115000,-153000,-38000
2009/07/13,0,416000,-476000,-60000
2009/07/14,0,68000,-441000,-373000
2009/07/15,0,703000,-765000,-62000
2009/07/16,0,351000,-174000,177000
2009/07/17,0,503000,-547000,-44000
2009/07/20,0,370000,-675000,-305000
2009/07/21,0,235301,-294000,-58699
2009/07/22,0,716000,-68000,648000
2009/07/23,0,320000,-539000,-219000
2009/07/24,0,122000,-502000,-380000
2009/07/27,0,189000,-689000,-500000
2009/07/28,0,421000,-351000,70000
2009/07/29,0,574000,-154000,420000
2009/07/30,0,18000,-1199000,-1181000
2009/07/31,0,3660000,-379000,3281000
2009/08/03,0,725000,-4346000,-3621000
2009/08/04,0,471000,-808000,-337000
2009/08/05,0,37000,-376012,-339012
2009/08/06,0,120000,-227000,-107000
2009/08/07,0,0,0,0
2009/08/10,0,229000,-207000,22000
2009/08/11,0,297000,-88000,209000
2009/08/12,0,215000,-297000,-82000
2009/08/13,0,151000,-293000,-142000
2009/08/14,0,37000,-244000,-207000
2009/08/17,0,89000,-451000,-362000
2009/08/18,0,377000,-124000,253000
2009/08/19,0,50000,-124000,-74000
2009/08/20,0,117000,-242000,-125000
2009/08/21,0,2000,-281000,-279000
2009/08/24,0,42000,-88604,-46604
2009/08/25,0,85000,-48000,37000
2009/08/26,0,121000,-98000,23000
2009/08/27,0,1000,-118000,-117000
2009/08/28,0,117000,-122000,-5000
2009/08/31,0,207000,-73000,134000
2009/09/01,0,108000,-130000,-22000
2009/09/02,0,81000,-178000,-97000
2009/09/03,0,288000,-291000,-3000
2009/09/04,0,94000,-560000,-466000
2009/09/07,0,105000,-491000,-386000
2009/09/08,0,259000,-56000,203000
2009/09/09,0,163000,-74000,89000
2009/09/10,0,779001,-309000,470001
2009/09/11,0,83000,-92000,-9000
2009/09/14,0,126120,-556000,-429880
2009/09/15,0,185000,-16120,168880
2009/09/16,0,297000,-309000,-12000
2009/09/17,0,177000,-112000,65000
2009/09/18,0,259000,-452300,-193300
2009/09/21,0,237000,-1216664,-979664
2009/09/22,0,69350,-208000,-138650
2009/09/23,0,28350,-921608,-893258
2009/09/24,0,56000,-105000,-49000
2009/09/25,0,260000,-491000,-231000
2009/09/28,0,253300,-290432,-37132
2009/09/29,0,142000,-473000,-331000
2009/09/30,0,114000,-129000,-15000
2009/10/01,0,20000,-420000,-400000
2009/10/02,0,84000,-264000,-180000
2009/10/05,0,121000,-420000,-299000
2009/10/06,0,75000,-555000,-480000
2009/10/07,0,34000,-58000,-24000
2009/10/08,0,171000,-191000,-20000
2009/10/09,0,169000,-355000,-186000
2009/10/12,0,22000,-160000,-138000
2009/10/13,0,228055,-175000,53055
2009/10/14,0,123000,-154000,-31000
2009/10/15,0,23000,-221000,-198000
2009/10/16,0,239000,-6000,233000
2009/10/19,0,149000,-56000,93000
2009/10/20,0,374000,-244000,130000
2009/10/21,0,339000,-72927,266073
2009/10/22,0,196000,-32000,164000
2009/10/23,0,210000,-113000,97000
2009/10/26,0,159000,-579000,-420000
2009/10/27,0,53000,-126000,-73000
2009/10/28,0,292000,-87000,205000
2009/10/29,0,363000,-120000,243000
2009/10/30,0,271000,-180000,91000
2009/11/02,0,162000,-248000,-86000
2009/11/03,0,389000,-399000,-10000
2009/11/04,0,217000,-39000,178000
2009/11/05,0,110000,-31000,79000
2009/11/06,0,210000,-341000,-131000
2009/11/09,0,248000,-76000,172000
2009/11/10,0,109000,-18000,91000
2009/11/11,0,607000,-30000,577000
2009/11/12,0,149000,-114575,34425
2009/11/13,0,387000,-163000,224000
2009/11/16,0,35000,-50000,-15000
2009/11/17,0,21000,-138000,-117000
2009/11/18,0,76000,-168000,-92000
2009/11/19,0,318000,-562000,-244000
2009/11/20,0,50000,-209000,-159000
2009/11/23,0,38000,-43000,-5000
2009/11/24,0,0,-90000,-90000
2009/11/25,0,143000,-5000,138000
2009/11/26,0,21000,-233000,-212000
2009/11/27,0,62000,-317000,-255000
2009/11/30,0,29000,-24755,4245
2009/12/01,0,95000,-103000,-8000
2009/12/02,0,189000,-43000,146000
2009/12/03,0,66000,-58000,8000
2009/12/04,0,102000,-147000,-45000
2009/12/07,0,80000,-53146,26854
2009/12/08,0,3000,-273000,-270000
2009/12/09,0,0,-197100,-197100
2009/12/10,0,132000,-291000,-159000
2009/12/11,0,117000,-159000,-42000
2009/12/14,0,53000,-291000,-238000
2009/12/15,0,29000,-93000,-64000
2009/12/16,0,160000,-578000,-418000
2009/12/17,0,39000,-162000,-123000
2009/12/18,0,5000,-34000,-29000
2009/12/21,0,17000,-63000,-46000
2009/12/22,0,210000,-174320,35680
2009/12/23,0,42000,-307000,-265000
2009/12/24,0,7000,-66000,-59000
2009/12/25,0,77000,-19000,58000
2009/12/28,0,31000,-143300,-112300
2009/12/29,0,435000,-86000,349000
2009/12/30,0,21000,-146000,-125000
2009/12/31,0,34000,-62000,-28000
2010/01/01,0,0,0,0
2010/01/04,0,31000,-867000,-836000
2010/01/05,0,16000,-706000,-690000
2010/01/06,0,1083000,-170000,913000
2010/01/07,0,516000,-162000,354000
2010/01/08,0,2348000,-455000,1893000
2010/01/11,0,116000,-91000,25000
2010/01/12,0,43000,-66000,-23000
2010/01/13,0,123000,-18000,105000
2010/01/14,0,47000,-10954,36046
2010/01/15,0,33000,-49000,-16000
2010/01/18,0,39000,-3000,36000
2010/01/19,0,15000,-82000,-67000
2010/01/20,0,15960,-470000,-454040
2010/01/21,0,0,0,0
2010/01/22,0,0,0,0
2010/01/25,0,0,0,0
2010/01/26,0,0,0,0
2010/01/27,0,0,0,0
2010/01/28,0,0,0,0
2010/01/29,0,0,0,0
2010/02/01,0,0,0,0
2010/02/02,0,0,0,0
2010/02/03,0,0,0,0
2010/02/04,0,0,0,0
2010/02/05,0,0,0,0
2010/02/08,0,726000,-819546,-93546
2010/02/09,0,299000,-169685,129315
2010/02/10,0,44000,-233611,-189611
2010/02/11,0,0,0,0
2010/02/12,0,0,0,0
2010/02/15,0,0,0,0
2010/02/16,0,0,0,0
2010/02/17,0,0,0,0
2010/02/18,0,0,0,0
2010/02/19,0,0,0,0
2010/02/22,0,486000,-106000,380000
2010/02/23,0,3000,-241000,-238000
2010/02/24,0,60000,-1295000,-1235000
2010/02/25,0,32000,-1029000,-997000
2010/02/26,0,13000,-249000,-236000
2010/03/01,0,117000,-178000,-61000
2010/03/02,0,61000,-71291,-10291
2010/03/03,0,55000,-3000,52000
2010/03/04,0,57000,-382000,-325000
2010/03/05,0,168000,-518000,-350000
2010/03/08,0,59000,-162497,-103497
2010/03/09,0,20000,-39000,-19000
2010/03/10,0,67000,-80000,-13000
2010/03/11,0,83000,-65000,18000
2010/03/12,0,152000,-123000,29000
2010/03/15,0,151182,-138909,12273
2010/03/16,0,280000,-197000,83000
2010/03/17,0,1132000,-104000,1028000
2010/03/18,0,288000,-8000,280000
2010/03/19,0,32000,-380078,-348078
2010/03/22,0,344000,-34000,310000
2010/03/23,0,406000,-144000,262000
2010/03/24,0,71000,-122009,-51009
2010/03/25,0,914000,-126000,788000
2010/03/26,0,219000,-291000,-72000
2010/03/29,0,335000,-295000,40000
2010/03/30,0,90000,-350000,-260000
2010/03/31,0,326000,-22000,304000
2010/04/01,0,618000,-153000,465000
2010/04/02,0,64000,0,64000
2010/04/05,0,0,0,0
2010/04/06,0,631000,-37000,594000
2010/04/07,0,52000,-306000,-254000
2010/04/08,0,195000,-48000,147000
2010/04/09,0,110130,-60000,50130
2010/04/12,0,11000,0,11000
2010/04/13,0,151200,-182000,-30800
2010/04/14,0,209000,-5636,203364
2010/04/15,0,42000,-29000,13000
2010/04/16,0,185000,-355000,-170000
2010/04/19,0,429000,-77000,352000
2010/04/20,0,834182,-409000,425182
2010/04/21,0,523000,-42000,481000
2010/04/22,0,377000,-223000,154000
2010/04/23,0,35000,-367100,-332100
2010/04/26,0,401000,-169000,232000
2010/04/27,0,25000,-31000,-6000
2010/04/28,0,330000,-319000,11000
2010/04/29,0,67000,-130181,-63181
2010/04/30,0,87000,-165000,-78000
2010/05/03,0,163000,-195000,-32000
2010/05/04,0,138000,-37000,101000
2010/05/05,0,406000,-288000,118000
2010/05/06,0,81000,-775050,-694050
2010/05/07,0,132000,-989000,-857000
2010/05/10,0,80000,-529728,-449728
2010/05/11,0,74000,-1009000,-935000
2010/05/12,0,56000,-338000,-282000
2010/05/13,0,152000,-50000,102000
2010/05/14,0,589000,-5000,584000
2010/05/17,0,98000,-415000,-317000
2010/05/18,0,461000,-75000,386000
2010/05/19,0,926000,-312000,614000
2010/05/20,0,15000,-434000,-419000
2010/05/21,0,116000,-170000,-54000
2010/05/24,0,50000,-36000,14000
2010/05/25,0,471000,-234000,237000
2010/05/26,0,276000,-161000,115000
2010/05/27,0,341000,-61000,280000
2010/05/28,0,163000,-198000,-35000
2010/05/31,0,15000,-345000,-330000
2010/06/01,0,135000,-565000,-430000
2010/06/02,0,182000,-26000,156000
2010/06/03,0,59000,-176000,-117000
2010/06/04,0,28000,0,28000
2010/06/07,0,132000,-67272,64728
2010/06/08,0,136000,-359000,-223000
2010/06/09,0,34600,-628000,-593400
2010/06/10,0,0,-70580,-70580
2010/06/11,0,120000,0,120000
2010/06/14,0,128000,-10000,118000
2010/06/15,0,1014000,-34000,980000
2010/06/16,0,0,0,0
2010/06/17,0,1672000,-51000,1621000
2010/06/18,0,190800,-120000,70800
2010/06/21,0,108150,-6000,102150
2010/06/22,0,104500,-36000,68500
2010/06/23,0,13000,-32000,-19000
2010/06/24,0,3000,-14735,-11735
2010/06/25,0,230000,-17000,213000
2010/06/28,0,3000,-56000,-53000
2010/06/29,0,103000,-55450,47550
2010/06/30,0,144000,-23000,121000
2010/07/01,0,271000,-111000,160000
2010/07/02,0,409000,-138000,271000
2010/07/05,0,164000,-116000,48000
2010/07/06,0,188000,-59000,129000
2010/07/07,0,109000,-34000,75000
2010/07/08,0,28000,-85185,-57185
2010/07/09,0,10000,-27000,-17000
2010/07/12,0,239000,-57000,182000
2010/07/13,0,7000,-34000,-27000
2010/07/14,0,19000,-55000,-36000
2010/07/15,0,22000,-40000,-18000
2010/07/16,0,8000,0,8000
2010/07/19,0,101000,-92000,9000
2010/07/20,0,9000,-3090,5910
2010/07/21,0,8000,-303000,-295000
2010/07/22,0,23000,-50000,-27000
2010/07/23,0,135000,-25000,110000
2010/07/26,0,197000,-27000,170000
2010/07/27,0,37000,-212000,-175000
2010/07/28,0,32000,-59000,-27000
2010/07/29,0,433000,-39000,394000
2010/07/30,0,107520,-332000,-224480
2010/08/02,0,224000,-29200,194800
2010/08/03,0,237450,-139000,98450
2010/08/04,0,97000,-159000,-62000
2010/08/05,0,151000,-295350,-144350
2010/08/06,0,241000,-53250,187750
2010/08/09,0,386000,-232000,154000
2010/08/10,0,728000,-464000,264000
2010/08/11,0,2057000,-376000,1681000
2010/08/12,0,190000,-1158280,-968280
2010/08/13,0,56000,-203000,-147000
2010/08/16,0,197000,-141000,56000
2010/08/17,0,323500,-237000,86500
2010/08/18,0,196500,-1339000,-1142500
2010/08/19,0,228000,-279682,-51682
2010/08/20,0,181500,-285000,-103500
2010/08/23,0,132000,-183000,-51000
2010/08/24,0,384000,-369500,14500
2010/08/25,0,98000,-470000,-372000
2010/08/26,0,169000,-262000,-93000
2010/08/27,0,335000,-424000,-89000
2010/08/30,0,574000,-327000,247000
2010/08/31,0,334000,-230000,104000
2010/09/01,0,806000,-374000,432000
2010/09/02,0,322000,-507000,-185000
2010/09/03,0,171000,-167000,4000
2010/09/06,0,268000,-142000,126000
2010/09/07,0,287000,-386187,-99187
2010/09/08,0,42000,-171000,-129000
2010/09/09,0,123000,-83000,40000
2010/09/10,0,111000,-104000,7000
2010/09/13,0,147000,-104000,43000
2010/09/14,0,574000,-137000,437000
2010/09/15,0,549000,-177000,372000
2010/09/16,0,96000,-92819,3181
2010/09/17,0,294000,-491000,-197000
2010/09/20,0,122000,-115454,6546
2010/09/21,0,13000,-187000,-174000
2010/09/22,0,0,0,0
2010/09/23,0,216000,-53000,163000
2010/09/24,0,316000,-207000,109000
2010/09/27,0,200500,-153000,47500
2010/09/28,0,63000,-135000,-72000
2010/09/29,0,203000,-630000,-427000
2010/09/30,0,85000,-170500,-85500
2010/10/01,0,389000,-181000,208000
2010/10/04,0,170000,-209000,-39000
2010/10/05,0,231000,-231000,0
2010/10/06,0,224000,-269000,-45000
2010/10/07,0,93000,-209753,-116753
2010/10/08,0,332000,-264000,68000
2010/10/11,0,51000,-66000,-15000
2010/10/12,0,269000,-244000,25000
2010/10/13,0,265000,-382000,-117000
2010/10/14,0,273000,-66000,207000
2010/10/15,0,271000,-194000,77000
2010/10/18,0,103000,-252000,-149000
2010/10/19,0,129000,-268000,-139000
2010/10/20,0,175000,-86000,89000
2010/10/21,0,172000,-190000,-18000
2010/10/22,0,451000,-193000,258000
2010/10/25,0,432000,-381000,51000
2010/10/26,0,213000,-238000,-25000
2010/10/27,0,52000,-14000,38000
2010/10/28,0,435000,-356000,79000
2010/10/29,0,141000,-29000,112000
2010/11/01,0,487000,-198000,289000
2010/11/02,0,126000,-156000,-30000
2010/11/03,0,987000,-408000,579000
2010/11/04,0,270000,-234000,36000
2010/11/05,0,220000,-82000,138000
2010/11/08,0,3827000,-48000,3779000
2010/11/09,0,2590482,-274000,2316482
2010/11/10,0,1140000,-509000,631000
2010/11/11,0,2712000,-79000,2633000
2010/11/12,0,1540000,-175000,1365000
2010/11/15,0,889000,-344000,545000
2010/11/16,0,557000,-114000,443000
2010/11/17,0,622000,-88000,534000
2010/11/18,0,573000,-335000,238000
2010/11/19,0,879000,-502000,377000
2010/11/22,0,1103000,-61909,1041091
2010/11/23,0,824000,-37000,787000
2010/11/24,0,211000,-5541,205459
2010/11/25,0,217000,-52000,165000
2010/11/26,0,109000,-267000,-158000
2010/11/29,0,98000,-256000,-158000
2010/11/30,0,130000,-199000,-69000
2010/12/01,0,471000,-65000,406000
2010/12/02,0,131000,-201000,-70000
2010/12/03,0,54000,-171000,-117000
2010/12/06,0,230000,-239000,-9000
2010/12/07,0,249000,-225000,24000
2010/12/08,0,117000,-169000,-52000
2010/12/09,0,56000,-127000,-71000
2010/12/10,0,329000,-69000,260000
2010/12/13,0,75000,-113000,-38000
2010/12/14,0,44000,-109305,-65305
2010/12/15,0,221000,-312000,-91000
2010/12/16,0,793000,-489000,304000
2010/12/17,0,667000,-1366000,-699000
2010/12/20,0,192000,-785000,-593000
2010/12/21,0,409000,-490000,-81000
2010/12/22,0,317000,-68000,249000
2010/12/23,0,337000,-254000,83000
2010/12/24,0,104000,-128000,-24000
2010/12/27,0,173000,-75000,98000
2010/12/28,0,616000,-308000,308000
2010/12/29,0,611000,-109255,501745
2010/12/30,0,568000,-3000,565000
2010/12/31,0,493000,-302000,191000
2011/01/03,0,135000,-181000,-46000
2011/01/04,0,1262000,-664000,598000
2011/01/05,0,1022000,-697000,325000
2011/01/06,0,727000,-369000,358000
2011/01/07,0,0,0,0
2011/01/10,0,0,0,0
2011/01/11,0,0,0,0
2011/01/12,0,0,0,0
2011/01/13,0,0,0,0
2011/01/14,0,0,0,0
2011/01/17,0,0,0,0
2011/01/18,0,0,0,0
2011/01/19,0,0,0,0
2011/01/20,0,0,0,0
2011/01/21,0,0,0,0
2011/01/24,0,0,0,0
2011/01/25,0,718600,-1884400,-1165800
2011/01/26,0,610000,-832400,-222400
2011/01/27,0,548000,-222400,325600
2011/01/28,0,458000,-248000,210000
2011/01/31,0,0,0,0
2011/02/01,0,0,0,0
2011/02/02,0,0,0,0
2011/02/03,0,0,0,0
2011/02/04,0,0,0,0
2011/02/07,0,0,0,0
2011/02/08,0,517000,-819000,-302000
2011/02/09,0,639000,-77800,561200
2011/02/10,0,256000,-574800,-318800
2011/02/11,0,276000,-163000,113000
2011/02/14,0,265000,-138000,127000
2011/02/15,0,280000,-319000,-39000
2011/02/16,0,202000,-311000,-109000
2011/02/17,0,205400,-162000,43400
2011/02/18,0,199000,-1618600,-1419600
2011/02/21,0,219000,-112000,107000
2011/02/22,0,404000,-121000,283000
2011/02/23,0,591000,-48000,543000
2011/02/24,0,706000,-86000,620000
2011/02/25,0,829000,-49000,780000
2011/02/28,0,0,0,0
2011/03/01,0,348000,-96000,252000
2011/03/02,0,297000,-156000,141000
2011/03/03,0,751000,-302000,449000
2011/03/04,0,204000,-222000,-18000
2011/03/07,0,197000,-34000,163000
2011/03/08,0,245000,-70000,175000
2011/03/09,0,327000,-55000,272000
2011/03/10,0,261000,-116000,145000
2011/03/11,0,359000,-79000,280000
2011/03/14,0,515000,-176000,339000
2011/03/15,0,1149000,-169000,980000
2011/03/16,0,696000,-101000,595000
2011/03/17,0,422000,-2000,420000
2011/03/18,0,769000,-42168,726832
2011/03/21,0,710000,-176000,534000
2011/03/22,0,6000,-271327,-265327
2011/03/23,0,29000,-97000,-68000
2011/03/24,0,57000,-13000,44000
2011/03/25,0,374000,-61000,313000
2011/03/28,0,252400,-104000,148400
2011/03/29,0,115000,-46000,69000
2011/03/30,0,241000,-117000,124000
2011/03/31,0,206000,-507000,-301000
2011/04/01,0,139000,-29000,110000
2011/04/04,0,0,0,0
2011/04/05,0,0,0,0
2011/04/06,0,181000,-73000,108000
2011/04/07,0,312000,-8000,304000
2011/04/08,0,208000,-71000,137000
2011/04/11,0,201000,-17000,184000
2011/04/12,0,391000,-32000,359000
2011/04/13,0,409000,-16000,393000
2011/04/14,0,330000,-89403,240597
2011/04/15,0,333000,-279000,54000
2011/04/18,0,272000,-61564,210436
2011/04/19,0,458000,-130000,328000
2011/04/20,0,867000,-11000,856000
2011/04/21,0,331000,-59000,272000
2011/04/22,0,119000,0,119000
2011/04/25,0,293000,-35000,258000
2011/04/26,0,292000,-73000,219000
2011/04/27,0,471000,-191000,280000
2011/04/28,0,270000,-627000,-357000
2011/04/29,0,185000,-660000,-475000
2011/05/02,0,0,0,0
2011/05/03,0,261120,-258723,2397
2011/05/04,0,271000,-20000,251000
2011/05/05,0,330000,-117000,213000
2011/05/06,0,377000,-30080,346920
2011/05/09,0,333000,-109000,224000
2011/05/10,0,158000,-31000,127000
2011/05/11,0,171000,-79838,91162
2011/05/12,0,286000,-23000,263000
2011/05/13,0,441000,-29000,412000
2011/05/16,0,614000,-278000,336000
2011/05/17,0,246000,-185000,61000
2011/05/18,0,616000,-251000,365000
2011/05/19,0,348000,-121128,226872
2011/05/20,0,284000,-54000,230000
2011/05/23,0,404060,-75000,329060
2011/05/24,0,525000,-1034000,-509000
2011/05/25,0,193000,-40000,153000
2011/05/26,0,234000,-10000,224000
2011/05/27,0,277000,-80000,197000
2011/05/30,0,270000,-56500,213500
2011/05/31,0,649400,-80000,569400
2011/06/01,0,255500,-78000,177500
2011/06/02,0,315000,-61000,254000
2011/06/03,0,203000,-1116000,-913000
2011/06/06,0,0,0,0
2011/06/07,0,1799000,-99000,1700000
2011/06/08,0,136000,-414000,-278000
2011/06/09,0,169000,-248000,-79000
2011/06/10,0,50000,-699000,-649000
2011/06/13,0,348000,-155000,193000
2011/06/14,0,271000,-336000,-65000
2011/06/15,0,238000,-643000,-405000
2011/06/16,0,469000,-92000,377000
2011/06/17,0,406000,-65000,341000
2011/06/20,0,669000,-127000,542000
2011/06/21,0,632000,-95000,537000
2011/06/22,0,374000,-200000,174000
2011/06/23,0,1261000,-648000,613000
2011/06/24,0,208000,-1046000,-838000
2011/06/27,0,151000,-276000,-125000
2011/06/28,0,23000,-40000,-17000
2011/06/29,0,741000,-121000,620000
2011/06/30,0,1810000,-83000,1727000
2011/07/01,0,1406000,-245500,1160500
2011/07/04,0,1402000,-694000,708000
2011/07/05,0,1337000,-630000,707000
2011/07/06,0,1368000,-326000,1042000
2011/07/07,0,1657000,-20000,1637000
2011/07/08,0,1104000,-162200,941800
2011/07/11,0,1543000,-12000,1531000
2011/07/12,0,1429000,-308000,1121000
2011/07/13,0,1827000,-438000,1389000
2011/07/14,0,2055000,-117000,1938000
2011/07/15,0,1596000,-200000,1396000
2011/07/18,0,1685000,-162555,1522445
2011/07/19,0,1452000,-110000,1342000
2011/07/20,0,2299000,-1354000,945000
2011/07/21,0,347000,-1093000,-746000
2011/07/22,0,422000,-241000,181000
2011/07/25,0,114000,-118000,-4000
2011/07/26,0,475000,-87079,387921
2011/07/27,0,121000,-163000,-42000
2011/07/28,0,67000,-239000,-172000
2011/07/29,0,194000,-99000,95000
2011/08/01,0,371000,-224000,147000
2011/08/02,0,448000,-165000,283000
2011/08/03,0,452000,-86000,366000
2011/08/04,0,629000,-224000,405000
2011/08/05,0,1065000,-712000,353000
2011/08/08,0,1400000,-582000,818000
2011/08/09,0,1460000,-686200,773800
2011/08/10,0,118000,-470000,-352000
2011/08/11,0,358000,-157000,201000
2011/08/12,0,64000,-551000,-487000
2011/08/15,0,189000,-63000,126000
2011/08/16,0,92000,-70000,22000
2011/08/17,0,105000,-72000,33000
2011/08/18,0,245000,-94000,151000
2011/08/19,0,335000,-59000,276000
2011/08/22,0,823000,-52000,771000
2011/08/23,0,523000,-82000,441000
2011/08/24,0,205000,-137000,68000
2011/08/25,0,189000,-321000,-132000
2011/08/26,0,308000,-46000,262000
2011/08/29,0,207000,-73000,134000
2011/08/30,0,77000,-134000,-57000
2011/08/31,0,241000,-147000,94000
2011/09/01,0,88000,-453000,-365000
2011/09/02,0,46000,-125000,-79000
2011/09/05,0,119000,-194000,-75000
2011/09/06,0,184000,-95000,89000
2011/09/07,0,206000,-43000,163000
2011/09/08,0,109000,-230000,-121000
2011/09/09,0,165000,-293000,-128000
2011/09/12,0,0,0,0
2011/09/13,0,105000,-85000,20000
2011/09/14,0,710000,-66000,644000
2011/09/15,0,410000,-25000,385000
2011/09/16,0,60000,-202000,-142000
2011/09/19,0,161000,-1000,160000
2011/09/20,0,332000,-88000,244000
2011/09/21,0,238000,-99000,139000
2011/09/22,0,206000,-164200,41800
2011/09/23,0,917000,-268000,649000
2011/09/26,0,682000,-228000,454000
2011/09/27,0,351000,-86000,265000
2011/09/28,0,25000,-370000,-345000
2011/09/29,0,15000,-238000,-223000
2011/09/30,0,10000,-152264,-142264
2011/10/03,0,64000,-28000,36000
2011/10/04,0,269000,-287000,-18000
2011/10/05,0,289000,-19000,270000
2011/10/06,0,193000,-382600,-189600
2011/10/07,0,39000,-137256,-98256
2011/10/10,0,0,0,0
2011/10/11,0,131000,-46000,85000
2011/10/12,0,62000,-12000,50000
2011/10/13,0,77000,-66000,11000
2011/10/14,0,32000,-59000,-27000
2011/10/17,0,17000,-27000,-10000
2011/10/18,0,68000,-16000,52000
2011/10/19,0,172000,-439000,-267000
2011/10/20,0,75000,-12000,63000
2011/10/21,0,271239,-12664,258575
2011/10/24,0,181000,-130000,51000
2011/10/25,0,218000,-55000,163000
2011/10/26,0,318000,-32000,286000
2011/10/27,0,276000,-15000,261000
2011/10/28,0,85000,-1000,84000
2011/10/31,0,21000,-136313,-115313
2011/11/01,0,130000,-55000,75000
2011/11/02,0,235000,-42000,193000
2011/11/03,0,142080,-25000,117080
2011/11/04,0,156000,-11000,145000
2011/11/07,0,0,-43000,-43000
2011/11/08,0,56000,-25000,31000
2011/11/09,0,141000,-90000,51000
2011/11/10,0,579000,-19000,560000
2011/11/11,0,93000,-11000,82000
2011/11/14,0,84000,-7000,77000
2011/11/15,0,75000,-58000,17000
2011/11/16,0,280000,-46000,234000
2011/11/17,0,1294000,-74000,1220000
2011/11/18,0,487000,-185000,302000
2011/11/21,0,704000,-87000,617000
2011/11/22,0,755000,-66000,689000
2011/11/23,0,380000,-613000,-233000
2011/11/24,0,245000,-118000,127000
2011/11/25,0,314000,-274000,40000
2011/11/28,0,158000,-68000,90000
2011/11/29,0,174000,-91000,83000
2011/11/30,0,145000,-148000,-3000
2011/12/01,0,199000,-558000,-359000
2011/12/02,0,9000,-92000,-83000
2011/12/05,0,42000,-82000,-40000
2011/12/06,0,76000,-64000,12000
2011/12/07,0,114000,-35000,79000
2011/12/08,0,2000,-145000,-143000
2011/12/09,0,35000,-139000,-104000
2011/12/12,0,9000,-38000,-29000
2011/12/13,0,19000,-9000,10000
2011/12/14,0,14000,-23000,-9000
2011/12/15,0,133000,-77000,56000
2011/12/16,0,208000,-73000,135000
2011/12/19,0,238000,-98000,140000
2011/12/20,0,109000,-30000,79000
2011/12/21,0,62000,-178000,-116000
2011/12/22,0,104000,-36000,68000
2011/12/23,0,73000,-15000,58000
2011/12/26,0,287000,-24000,263000
2011/12/27,0,210000,-9000,201000
2011/12/28,0,188000,-73000,115000
2011/12/29,0,235000,-30000,205000
2011/12/30,0,43000,-229000,-186000
2012/01/02,0,76000,-16000,60000
2012/01/03,0,142000,-76000,66000
2012/01/04,0,314000,-25000,289000
2012/01/05,0,245000,-13013,231987
2012/01/06,0,50000,-14000,36000
2012/01/09,0,356000,-45000,311000
2012/01/10,0,107000,-10000,97000
2012/01/11,0,4000,-79000,-75000
2012/01/12,0,121000,-19000,102000
2012/01/13,0,36000,-33000,3000
2012/01/16,0,6000,-127000,-121000
2012/01/17,0,677000,-42000,635000
2012/01/18,0,436000,-114000,322000
2012/01/19,0,0,0,0
2012/01/20,0,0,0,0
2012/01/23,0,0,0,0
2012/01/24,0,0,0,0
2012/01/25,0,0,0,0
2012/01/26,0,0,0,0
2012/01/27,0,0,0,0
2012/01/30,0,538000,-155000,383000
2012/01/31,0,1157000,-179000,978000
2012/02/01,0,131000,-263000,-132000
2012/02/02,0,27000,-251000,-224000
2012/02/03,0,41000,-399000,-358000
2012/02/06,0,190000,-99000,91000
2012/02/07,0,48000,-13000,35000
2012/02/08,0,87000,-165000,-78000
2012/02/09,0,24000,-390000,-366000
2012/02/10,0,70000,-477000,-407000
2012/02/13,0,139000,-94000,45000
2012/02/14,0,727000,-480000,247000
2012/02/15,0,369000,-156000,213000
2012/02/16,0,91000,-278000,-187000
2012/02/17,0,131000,-160000,-29000
2012/02/20,0,28000,-449000,-421000
2012/02/21,0,25000,-290000,-265000
2012/02/22,0,290000,-1106000,-816000
2012/02/23,0,260000,-559000,-299000
2012/02/24,0,304000,-462000,-158000
2012/02/27,0,0,0,0
2012/02/28,0,0,0,0
2012/02/29,0,659030,-19000,640030
2012/03/01,0,384000,-83000,301000
2012/03/02,0,58000,-144000,-86000
2012/03/05,0,65000,-627000,-562000
2012/03/06,0,132000,-164000,-32000
2012/03/07,0,32000,-281000,-249000
2012/03/08,0,31000,-285000,-254000
2012/03/09,0,81000,-126000,-45000
2012/03/12,0,101000,-186810,-85810
2012/03/13,0,136000,-49000,87000
2012/03/14,0,215000,-42000,173000
2012/03/15,0,45000,-118000,-73000
2012/03/16,0,34000,-188000,-154000
2012/03/19,0,19000,-638000,-619000
2012/03/20,0,3000,-253000,-250000
2012/03/21,0,7000,-165000,-158000
2012/03/22,0,258000,-10000,248000
2012/03/23,0,123000,-147000,-24000
2012/03/26,0,517000,-257000,260000
2012/03/27,0,14000,-160000,-146000
2012/03/28,0,110000,-229000,-119000
2012/03/29,0,2341000,-121613,2219387
2012/03/30,0,14000,-9000,5000
2012/04/02,0,0,-134000,-134000
2012/04/03,0,43000,-85000,-42000
2012/04/04,0,0,0,0
2012/04/05,0,199000,-34000,165000
2012/04/06,0,171000,-89000,82000
2012/04/09,0,243000,-190755,52245
2012/04/10,0,193000,-77000,116000
2012/04/11,0,230000,-14000,216000
2012/04/12,0,527000,-151000,376000
2012/04/13,0,209000,-92000,117000
2012/04/16,0,107000,-10000,97000
2012/04/17,0,639000,-22000,617000
2012/04/18,0,2290000,-718000,1572000
2012/04/19,0,100000,-816000,-716000
2012/04/20,0,647000,-673000,-26000
2012/04/23,0,450000,-10000,440000
2012/04/24,0,187000,-40000,147000
2012/04/25,0,121000,-9000,112000
2012/04/26,0,93012,-69000,24012
2012/04/27,0,573000,-11000,562000
2012/04/30,0,493000,-160000,333000
2012/05/01,0,0,0,0
2012/05/02,0,558000,-176000,382000
2012/05/03,0,221000,-144000,77000
2012/05/04,0,64069,-25000,39069
2012/05/07,0,289000,-23000,266000
2012/05/08,0,105000,-9000,96000
2012/05/09,0,170000,-402,169598
2012/05/10,0,191000,-84000,107000
2012/05/11,0,371000,-25000,346000
2012/05/14,0,177000,-93000,84000
2012/05/15,0,516000,-676000,-160000
2012/05/16,0,678000,-63000,615000
2012/05/17,0,53000,-73000,-20000
2012/05/18,0,377000,-9000,368000
2012/05/21,0,332000,-8000,324000
2012/05/22,0,234000,-139000,95000
2012/05/23,0,253000,-45000,208000
2012/05/24,0,421000,-42000,379000
2012/05/25,0,78000,-40000,38000
2012/05/28,0,83000,-512000,-429000
2012/05/29,0,87000,-944000,-857000
2012/05/30,0,35000,-381000,-346000
2012/05/31,0,269000,-614000,-345000
2012/06/01,0,178000,-47000,131000
2012/06/04,0,646000,-76000,570000
2012/06/05,0,85000,-31000,54000
2012/06/06,0,117000,-13000,104000
2012/06/07,0,249000,-5000,244000
2012/06/08,0,117000,-18000,99000
2012/06/11,0,45000,-74000,-29000
2012/06/12,0,40000,-77000,-37000
2012/06/13,0,43000,-28000,15000
2012/06/14,0,53000,-65000,-12000
2012/06/15,0,100000,-303000,-203000
2012/06/18,0,56000,-386000,-330000
2012/06/19,0,56000,-53000,3000
2012/06/20,0,92000,-24000,68000
2012/06/21,0,103000,-90000,13000
2012/06/22,0,108000,-91000,17000
2012/06/25,0,24000,-144000,-120000
2012/06/26,0,59000,-96000,-37000
2012/06/27,0,667000,-53000,614000
2012/06/28,0,247000,-31000,216000
2012/06/29,0,650000,-66000,584000
2012/07/02,0,38000,-221000,-183000
2012/07/03,0,360000,-181000,179000
2012/07/04,0,44000,-90000,-46000
2012/07/05,0,41000,-51000,-10000
2012/07/06,0,189000,-110000,79000
2012/07/09,0,44000,-475000,-431000
2012/07/10,0,245000,-2716000,-2471000
2012/07/11,0,448000,-284000,164000
2012/07/12,0,377000,-73000,304000
2012/07/13,0,581000,-32000,549000
2012/07/16,0,984000,-11349,972651
2012/07/17,0,92000,-1331000,-1239000
2012/07/18,0,39000,-492000,-453000
2012/07/19,0,50000,-56000,-6000
2012/07/20,0,30000,-100000,-70000
2012/07/23,0,77000,-82000,-5000
2012/07/24,0,315000,-41000,274000
2012/07/25,0,50000,-128000,-78000
2012/07/26,0,6000,-104000,-98000
2012/07/27,0,20000,-30000,-10000
2012/07/30,0,11000,-29000,-18000
2012/07/31,0,293000,-158500,134500
2012/08/01,0,17000,-224000,-207000
2012/08/02,0,0,0,0
2012/08/03,0,3000,-46000,-43000
2012/08/06,0,63000,-350000,-287000
2012/08/07,0,69000,-510000,-441000
2012/08/08,0,27000,-534000,-507000
2012/08/09,0,112000,-617000,-505000
2012/08/10,0,216000,-54000,162000
2012/08/13,0,71000,-26000,45000
2012/08/14,0,196000,-52000,144000
2012/08/15,0,38000,-164000,-126000
2012/08/16,0,19000,-16000,3000
2012/08/17,0,300000,-35000,265000
2012/08/20,0,72000,-11000,61000
2012/08/21,0,69000,-206000,-137000
2012/08/22,0,28000,-20000,8000
2012/08/23,0,25000,-18000,7000
2012/08/24,0,49000,-108000,-59000
2012/08/27,0,39000,-317000,-278000
2012/08/28,0,32000,-200000,-168000
2012/08/29,0,52000,-102000,-50000
2012/08/30,0,3000,-291000,-288000
2012/08/31,0,33000,-40000,-7000
2012/09/03,0,57000,-88000,-31000
2012/09/04,0,53000,-228000,-175000
2012/09/05,0,48000,-126600,-78600
2012/09/06,0,86000,-52000,34000
2012/09/07,0,25000,-128000,-103000
2012/09/10,0,0,-108000,-108000
2012/09/11,0,23000,-107000,-84000
2012/09/12,0,260000,-78000,182000
2012/09/13,0,95000,-38000,57000
2012/09/14,0,127000,-115500,11500
2012/09/17,0,429000,-377000,52000
2012/09/18,0,21000,-541000,-520000
2012/09/19,0,180000,-149000,31000
2012/09/20,0,76000,-66000,10000
2012/09/21,0,60000,-1000,59000
2012/09/24,0,65000,-234000,-169000
2012/09/25,0,18000,-59000,-41000
2012/09/26,0,61000,-6000,55000
2012/09/27,0,102000,-39000,63000
2012/09/28,0,0,-45000,-45000
2012/10/01,0,102000,-27000,75000
2012/10/02,0,72000,-71000,1000
2012/10/03,0,68000,-69000,-1000
2012/10/04,0,178000,-18000,160000
2012/10/05,0,4000,-209000,-205000
2012/10/08,0,104000,-386000,-282000
2012/10/09,0,254000,-602000,-348000
2012/10/10,0,0,0,0
2012/10/11,0,264000,-103000,161000
2012/10/12,0,51000,-101000,-50000
2012/10/15,0,255000,-143000,112000
2012/10/16,0,116000,-82000,34000
2012/10/17,0,42000,-24000,18000
2012/10/18,0,196000,-87000,109000
2012/10/19,0,136000,-177000,-41000
2012/10/22,0,30000,-61000,-31000
2012/10/23,0,115000,-82000,33000
2012/10/24,0,299000,-180000,119000
2012/10/25,0,91000,-32000,59000
2012/10/26,0,68000,-180000,-112000
2012/10/29,0,200000,-4000,196000
2012/10/30,0,105000,-29000,76000
2012/10/31,0,44000,-2000,42000
2012/11/01,0,111000,0,111000
2012/11/02,0,26000,-40000,-14000
2012/11/05,0,163000,-51000,112000
2012/11/06,0,280000,0,280000
2012/11/07,0,57000,-11000,46000
2012/11/08,0,60000,-29000,31000
2012/11/09,0,155000,-1348000,-1193000
2012/11/12,0,61000,-876000,-815000
2012/11/13,0,70000,-20000,50000
2012/11/14,0,21000,-57000,-36000
2012/11/15,0,132000,-37000,95000
2012/11/16,0,19000,-114000,-95000
2012/11/19,0,62000,-11000,51000
2012/11/20,0,4000,-160000,-156000
2012/11/21,0,67000,-167000,-100000
2012/11/22,0,135000,-110000,25000
2012/11/23,0,48000,-229000,-181000
2012/11/26,0,13000,-1000,12000
2012/11/27,0,71000,-7000,64000
2012/11/28,0,27000,-37000,-10000
2012/11/29,0,140000,-86000,54000
2012/11/30,0,69000,-52000,17000
2012/12/03,0,62000,-8000,54000
2012/12/04,0,166000,-24000,142000
2012/12/05,0,213000,-130000,83000
2012/12/06,0,114000,-145000,-31000
2012/12/07,0,228000,-54000,174000
2012/12/10,0,270000,-42000,228000
2012/12/11,0,302000,-19000,283000
2012/12/12,0,83000,-131000,-48000
2012/12/13,0,316000,-82000,234000
2012/12/14,0,86000,-39000,47000
2012/12/17,0,1000,-137000,-136000
2012/12/18,0,57000,-27000,30000
2012/12/19,0,152000,-310000,-158000
2012/12/20,0,61000,-723000,-662000
2012/12/21,0,286000,-1227000,-941000
2012/12/24,0,0,-300000,-300000
2012/12/25,0,155000,-26000,129000
2012/12/26,0,34000,-54000,-20000
2012/12/27,0,392000,-133000,259000
2012/12/28,0,205000,-362000,-157000
2012/12/31,0,0,0,0
2013/01/01,0,0,0,0
2013/01/02,0,17000,-110000,-93000
2013/01/03,0,595000,-195000,400000
2013/01/04,0,52000,-279131,-227131
2013/01/07,0,27000,-171000,-144000
2013/01/08,0,62000,-41000,21000
2013/01/09,0,40000,-89000,-49000
2013/01/10,0,80000,-23000,57000
2013/01/11,0,161000,-280000,-119000
2013/01/14,0,18000,-162000,-144000
2013/01/15,0,13000,-192000,-179000
2013/01/16,0,229000,-131000,98000
2013/01/17,0,38000,-169000,-131000
2013/01/18,0,0,-83000,-83000
2013/01/21,0,35000,-240000,-205000
2013/01/22,0,17000,-97000,-80000
2013/01/23,0,100000,-60000,40000
2013/01/24,0,295000,-150000,145000
2013/01/25,0,181000,-75000,106000
2013/01/28,0,8000,-130000,-122000
2013/01/29,0,39000,-55000,-16000
2013/01/30,0,277000,-131000,146000
2013/01/31,0,20000,-87000,-67000
2013/02/01,0,132000,-116000,16000
2013/02/04,0,3000,-244000,-241000
2013/02/05,0,7000,-102000,-95000
2013/02/06,0,36000,-381000,-345000
2013/02/07,0,0,0,0
2013/02/08,0,0,0,0
2013/02/11,0,0,0,0
2013/02/12,0,0,0,0
2013/02/13,0,0,0,0
2013/02/14,0,0,0,0
2013/02/15,0,0,0,0
2013/02/18,0,322000,-316000,6000
2013/02/19,0,39000,-213770,-174770
2013/02/20,0,42000,-293000,-251000
2013/02/21,0,15000,-169000,-154000
2013/02/22,0,96000,-70000,26000
2013/02/25,0,46000,-151000,-105000
2013/02/26,0,67000,-68000,-1000
2013/02/27,0,22000,-47000,-25000
2013/02/28,0,0,0,0
2013/03/01,0,16000,-99000,-83000
2013/03/04,0,42000,-10000,32000
2013/03/05,0,48000,-240000,-192000
2013/03/06,0,2000,-113000,-111000
2013/03/07,0,214000,-80000,134000
2013/03/08,0,5000,-13000,-8000
2013/03/11,0,35000,-135000,-100000
2013/03/12,0,5000,-64000,-59000
2013/03/13,0,10000,-303001,-293001
2013/03/14,0,63000,-207000,-144000
2013/03/15,0,12000,-323000,-311000
2013/03/18,0,62000,-274000,-212000
2013/03/19,0,178000,-32000,146000
2013/03/20,0,65000,-684000,-619000
2013/03/21,0,42000,-203000,-161000
2013/03/22,0,10000,-355000,-345000
2013/03/25,0,8000,-57000,-49000
2013/03/26,0,10000,-45000,-35000
2013/03/27,0,56000,-40000,16000
2013/03/28,0,18000,-439000,-421000
2013/03/29,0,6000,-186000,-180000
2013/04/01,0,29000,-15000,14000
2013/04/02,0,12000,-6000,6000
2013/04/03,0,15000,0,15000
2013/04/04,0,0,0,0
2013/04/05,0,0,0,0
2013/04/08,0,155000,-52000,103000
2013/04/09,0,70000,0,70000
2013/04/10,0,26000,-95000,-69000
2013/04/11,0,10000,-146000,-136000
2013/04/12,0,10000,-35000,-25000
2013/04/15,0,8000,-36000,-28000
2013/04/16,0,24000,-47000,-23000
2013/04/17,0,35000,-151000,-116000
2013/04/18,0,80000,-88000,-8000
2013/04/19,0,13000,-90000,-77000
2013/04/22,0,13000,-33000,-20000
2013/04/23,0,5000,-11000,-6000
2013/04/24,0,24000,-7000,17000
2013/04/25,0,10000,-16000,-6000
2013/04/26,0,7000,-17000,-10000
2013/04/29,0,6000,-4000,2000
2013/04/30,0,56000,-5000,51000
2013/05/01,0,0,0,0
2013/05/02,0,174000,-74000,100000
2013/05/03,0,109000,-132000,-23000
2013/05/06,0,44000,-9000,35000
2013/05/07,0,2000,-21000,-19000
2013/05/08,0,173000,-35000,138000
2013/05/09,0,0,-67000,-67000
2013/05/10,0,11000,0,11000
2013/05/13,0,15000,-30000,-15000
2013/05/14,0,14000,-1000,13000
2013/05/15,0,353000,-80000,273000
2013/05/16,0,100000,-304000,-204000
2013/05/17,0,377000,-20000,357000
2013/05/20,0,57000,-5000,52000
2013/05/21,0,168000,-121000,47000
2013/05/22,0,28000,-65000,-37000
2013/05/23,0,49000,-281000,-232000
2013/05/24,0,100000,-148000,-48000
2013/05/27,0,25000,-5000,20000
2013/05/28,0,173000,-29000,144000
2013/05/29,0,6000,-148000,-142000
2013/05/30,0,148000,-219535,-71535
2013/05/31,0,9000,-143000,-134000
2013/06/03,0,2000,-57000,-55000
2013/06/04,0,8000,-52000,-44000
2013/06/05,0,4000,-81000,-77000
2013/06/06,0,50000,-62000,-12000
2013/06/07,0,106000,-193000,-87000
2013/06/10,0,56000,-76000,-20000
2013/06/11,0,104000,-50000,54000
2013/06/12,0,0,0,0
2013/06/13,0,203000,-19000,184000
2013/06/14,0,56000,-228000,-172000
2013/06/17,0,66000,-9000,57000
2013/06/18,0,55000,-219000,-164000
2013/06/19,0,107000,-56000,51000
2013/06/20,0,19000,-52000,-33000
2013/06/21,0,155000,-631000,-476000
2013/06/24,0,99000,-68000,31000
2013/06/25,0,418000,-34000,384000
2013/06/26,0,104000,-353000,-249000
2013/06/27,0,117000,-84000,33000
2013/06/28,0,34000,-226000,-192000
2013/07/01,0,57000,-400000,-343000
2013/07/02,0,0,-236000,-236000
2013/07/03,0,297000,-8000,289000
2013/07/04,0,130000,-31000,99000
2013/07/05,0,255000,-104000,151000
2013/07/08,0,34000,-37000,-3000
2013/07/09,0,88000,-8000,80000
2013/07/10,0,104000,-33000,71000
2013/07/11,0,441000,-5000,436000
2013/07/12,0,938000,-20000,918000
2013/07/15,0,1544000,0,1544000
2013/07/16,0,1537000,-24000,1513000
2013/07/17,0,71000,-2613000,-2542000
2013/07/18,0,55000,-1518000,-1463000
2013/07/19,0,241000,-31000,210000
2013/07/22,0,281000,-38000,243000
2013/07/23,0,331000,-37000,294000
2013/07/24,0,18000,-90000,-72000
2013/07/25,0,60000,-53000,7000
2013/07/26,0,62000,0,62000
2013/07/29,0,2000,-57000,-55000
2013/07/30,0,5000,-7000,-2000
2013/07/31,0,30000,-17000,13000
2013/08/01,0,121000,-53000,68000
2013/08/02,0,78000,-8000,70000
2013/08/05,0,26000,-4000,22000
2013/08/06,0,50000,-91000,-41000
2013/08/07,0,79000,-149000,-70000
2013/08/08,0,11000,-225000,-214000
2013/08/09,0,102000,-569000,-467000
2013/08/12,0,119000,-14000,105000
2013/08/13,0,22000,0,22000
2013/08/14,0,5000,-113000,-108000
2013/08/15,0,33000,-51000,-18000
2013/08/16,0,114000,-220000,-106000
2013/08/19,0,22000,-76000,-54000
2013/08/20,0,96000,-83000,13000
2013/08/21,0,0,0,0
2013/08/22,0,120000,-30000,90000
2013/08/23,0,1000,-72000,-71000
2013/08/26,0,34000,-75000,-41000
2013/08/27,0,48000,-148000,-100000
2013/08/28,0,132000,-123000,9000
2013/08/29,0,45000,-141000,-96000
2013/08/30,0,4000,-78000,-74000
2013/09/02,0,0,-5000,-5000
2013/09/03,0,17000,-27000,-10000
2013/09/04,0,3000,-55000,-52000
2013/09/05,0,12000,-40000,-28000
2013/09/06,0,35000,-23000,12000
2013/09/09,0,11000,-9000,2000
2013/09/10,0,0,-10000,-10000
2013/09/11,0,9000,-6000,3000
2013/09/12,0,53000,-2000,51000
2013/09/13,0,74000,-25000,49000
2013/09/16,0,40000,-5000,35000
2013/09/17,0,19000,-19000,0
2013/09/18,0,155000,-10000,145000
2013/09/19,0,0,0,0
2013/09/20,0,0,0,0
2013/09/23,0,468000,-13000,455000
2013/09/24,0,12000,-113000,-101000
2013/09/25,0,15000,-244000,-229000
2013/09/26,0,12000,-231000,-219000
2013/09/27,0,17000,-58000,-41000
2013/09/30,0,43000,-69000,-26000
2013/10/01,0,28000,0,28000
2013/10/02,0,49000,-181000,-132000
2013/10/03,0,113000,-6000,107000
2013/10/04,0,104000,-2000,102000
2013/10/07,0,85000,-18000,67000
2013/10/08,0,78000,-573000,-495000
2013/10/09,0,27000,-83000,-56000
2013/10/10,0,0,0,0
2013/10/11,0,83000,-12000,71000
2013/10/14,0,81000,0,81000
2013/10/15,0,150000,-23000,127000
2013/10/16,0,30000,-115000,-85000
2013/10/17,0,42000,-155000,-113000
2013/10/18,0,0,0,0
2013/10/21,0,44000,-27000,17000
2013/10/22,0,58000,-37000,21000
2013/10/23,0,4000,-254608,-250608
2013/10/24,0,136000,-13000,123000
2013/10/25,0,28000,-173000,-145000
2013/10/28,0,8000,-4000,4000
2013/10/29,0,12000,0,12000
2013/10/30,0,629000,0,629000
2013/10/31,0,108000,-453000,-345000
2013/11/01,0,108000,-47000,61000
2013/11/04,0,133000,-23000,110000
2013/11/05,0,41000,-58000,-17000
2013/11/06,0,111000,-20000,91000
2013/11/07,0,4000,-24000,-20000
2013/11/08,0,23000,-6000,17000
2013/11/11,0,68000,-4000,64000
2013/11/12,0,173000,0,173000
2013/11/13,0,70000,-6000,64000
2013/11/14,0,34000,-2000,32000
2013/11/15,0,48000,-12000,36000
2013/11/18,0,77000,-51000,26000
2013/11/19,0,122000,0,122000
2013/11/20,0,34000,-20000,14000
2013/11/21,0,161000,-107000,54000
2013/11/22,0,23000,-37000,-14000
2013/11/25,0,189000,-5000,184000
2013/11/26,0,138000,-17000,121000
2013/11/27,0,100000,-1000,99000
2013/11/28,0,573000,-14000,559000
2013/11/29,0,111000,-29000,82000
2013/12/02,0,185000,0,185000
2013/12/03,0,560000,-95000,465000
2013/12/04,0,1168000,-10000,1158000
2013/12/05,0,446000,-8000,438000
2013/12/06,0,257000,-36000,221000
2013/12/09,0,1681000,-13000,1668000
2013/12/10,0,104000,-521000,-417000
2013/12/11,0,190000,-214000,-24000
2013/12/12,0,441000,-23000,418000
2013/12/13,0,82000,-2000,80000
2013/12/16,0,521000,-8000,513000
2013/12/17,0,333000,-37000,296000
2013/12/18,0,262000,-7000,255000
2013/12/19,0,282000,-314000,-32000
2013/12/20,0,188000,-16000,172000
2013/12/23,0,184000,-15000,169000
2013/12/24,0,1081000,0,1081000
2013/12/25,0,487000,0,487000
2013/12/26,0,507000,-4000,503000
2013/12/27,0,590000,-47000,543000
2013/12/30,0,72000,-40000,32000
2013/12/31,0,389000,-115000,274000
2014/01/02,0,45000,-4000,41000
2014/01/03,0,160000,-130000,30000
2014/01/06,0,38000,-45000,-7000
2014/01/07,0,82000,-120000,-38000
2014/01/08,0,33000,-2000,31000
2014/01/09,0,30000,-77000,-47000
2014/01/10,0,36000,-9000,27000
2014/01/13,0,35000,-25000,10000
2014/01/14,0,15000,-29000,-14000
2014/01/15,0,243000,-105000,138000
2014/01/16,0,235000,-107000,128000
2014/01/17,0,0,-153000,-153000
2014/01/20,0,1000,-29000,-28000
2014/01/21,0,0,-7305,-7305
2014/01/22,0,100000,0,100000
2014/01/23,0,3000,-64000,-61000
2014/01/24,0,0,-2000,-2000
2014/01/27,0,2000,-87000,-85000
2014/02/05,0,63000,-236000,-173000
2014/02/06,0,24000,-12000,12000
2014/02/07,0,7000,-57000,-50000
2014/02/10,0,0,-12000,-12000
2014/02/11,0,10000,-12000,-2000
2014/02/12,0,144000,-17000,127000
2014/02/13,0,60000,-71000,-11000
2014/02/14,0,44000,-104000,-60000
2014/02/17,0,0,0,0
2014/02/18,0,6000,-15000,-9000
2014/02/19,0,22000,-5000,17000
2014/02/20,0,0,-66000,-66000
2014/02/21,0,12000,-4000,8000
2014/02/24,0,0,-5000,-5000
2014/02/25,0,0,-10838,-10838
2014/02/26,0,0,-17000,-17000
2014/02/27,0,0,-36000,-36000
2014/03/03,0,30000,-256000,-226000
2014/03/04,0,0,0,0
2014/03/05,0,0,-25000,-25000
2014/03/06,0,0,-189000,-189000
2014/03/07,0,0,-30000,-30000
2014/03/10,0,0,0,0
2014/03/11,0,31000,-9000,22000
2014/03/12,0,0,-6000,-6000
2014/03/13,0,0,-181000,-181000
2014/03/14,0,138000,-88000,50000
2014/03/17,0,16000,-66000,-50000
2014/03/18,0,5000,-13752,-8752
2014/03/19,0,793000,-92000,701000
2014/03/20,0,50000,-144074,-94074
2014/03/21,0,557000,-49000,508000
2014/03/24,0,125000,-24000,101000
2014/03/25,0,0,-46000,-46000
2014/03/26,0,73000,-210000,-137000
2014/03/27,0,9000,-53000,-44000
2014/03/28,0,32000,-61000,-29000
2014/03/31,0,0,-44000,-44000
2014/04/01,0,0,-111000,-111000
2014/04/02,0,0,-83248,-83248
2014/04/03,0,0,-37000,-37000
2014/04/07,0,0,-24000,-24000
2014/04/08,0,0,-12000,-12000
2014/04/09,0,0,-66000,-66000
2014/04/10,0,3000,-68000,-65000
2014/04/11,0,0,-18000,-18000
2014/04/14,0,8000,-7000,1000
2014/04/15,0,0,-39000,-39000
2014/04/16,0,308000,-338000,-30000
2014/04/17,0,8000,-91000,-83000
2014/04/18,0,4000,-39755,-35755
2014/04/21,0,21000,-70000,-49000
2014/04/22,0,119000,-110000,9000
2014/04/23,0,63000,-108000,-45000
2014/04/24,0,0,-30000,-30000
2014/04/25,0,8000,-114000,-106000
2014/04/28,0,34000,-15272,18728
2014/04/29,0,20000,-172000,-152000
2014/04/30,0,51000,-168000,-117000
2014/05/02,0,0,-57000,-57000
2014/05/05,0,100000,-114000,-14000
2014/05/06,0,1000,-228000,-227000
2014/05/07,0,0,-263427,-263427
2014/05/08,0,0,-153000,-153000
2014/05/09,0,8000,-365000,-357000
2014/05/12,0,50000,-17000,33000
2014/05/13,0,12000,-3000,9000
2014/05/14,0,130000,-30000,100000
2014/05/15,0,37000,0,37000
2014/05/16,0,10000,-22000,-12000
2014/05/19,0,12000,-2000,10000
2014/05/20,0,77000,-12000,65000
2014/05/21,0,636002,-162000,474002
2014/05/22,0,120000,-112000,8000
2014/05/23,0,28000,-16000,12000
2014/05/26,0,32000,-61000,-29000
2014/05/27,0,40000,-13000,27000
2014/05/28,0,64000,-22000,42000
2014/05/29,0,177000,-3000,174000
2014/05/30,0,69000,-192000,-123000
2014/06/03,0,0,-97000,-97000
2014/06/04,0,36000,-22000,14000
2014/06/05,0,20000,-113000,-93000
2014/06/06,0,0,-12000,-12000
2014/06/09,0,0,0,0
2014/06/10,0,8000,-5000,3000
2014/06/11,0,0,-51000,-51000
2014/06/12,0,30000,-4000,26000
2014/06/13,0,139000,0,139000
2014/06/16,0,10000,-88000,-78000
2014/06/17,0,18000,-8000,10000
2014/06/18,0,756000,-24000,732000
2014/06/19,0,35000,-56000,-21000
2014/06/20,0,100000,-68000,32000
2014/06/23,0,110000,0,110000
2014/06/24,0,79000,0,79000
2014/06/25,0,33000,-25000,8000
2014/06/26,0,70000,0,70000
2014/06/27,0,19000,-20000,-1000
2014/06/30,0,45000,-9000,36000
2014/07/01,0,67000,-4000,63000
2014/07/02,0,113000,-6000,107000
2014/07/03,0,1000,-55447,-54447
2014/07/04,0,0,-33000,-33000
2014/07/07,0,15000,-65000,-50000
2014/07/08,0,67000,-573000,-506000
2014/07/09,0,76000,-14000,62000
2014/07/10,0,335000,-14000,321000
2014/07/11,0,272000,-50000,222000
2014/07/14,0,37000,-14000,23000
2014/07/15,0,386000,-86000,300000
2014/07/16,0,826000,-712000,114000
2014/07/17,0,1000,-842000,-841000
2014/07/18,0,19000,-80000,-61000
2014/07/21,0,33000,-35000,-2000
2014/07/22,0,2000,-140000,-138000
2014/07/23,0,0,0,0
2014/07/24,0,0,-36000,-36000
2014/07/25,0,0,-46000,-46000
2014/07/28,0,118000,-45000,73000
2014/07/29,0,175000,-89000,86000
2014/07/30,0,0,-55000,-55000
2014/07/31,0,34000,-160000,-126000
2014/08/01,0,57000,-52000,5000
2014/08/04,0,46000,-27000,19000
2014/08/05,0,4000,-86000,-82000
2014/08/06,0,5000,-357000,-352000
2014/08/07,0,3000,-360000,-357000
2014/08/08,0,7000,-153000,-146000
2014/08/11,0,10000,-103000,-93000
2014/08/12,0,0,-46000,-46000
2014/08/13,0,0,-110000,-110000
2014/08/14,0,0,-84000,-84000
2014/08/15,0,33000,-59000,-26000
2014/08/18,0,53000,-5000,48000
2014/08/19,0,42000,-39000,3000
2014/08/20,0,60000,-242000,-182000
2014/08/21,0,162000,-51000,111000
2014/08/22,0,441000,-28000,413000
2014/08/25,0,6000,-16000,-10000
2014/08/26,0,15000,-110000,-95000
2014/08/27,0,6000,-52000,-46000
2014/08/28,0,0,-22000,-22000
2014/08/29,0,133000,-165000,-32000
2014/09/01,0,51000,-678000,-627000
2014/09/02,0,38000,-225000,-187000
2014/09/03,0,205000,-501000,-296000
2014/09/04,0,112000,-62000,50000
2014/09/05,0,10000,0,10000
2014/09/09,0,0,-29000,-29000
2014/09/10,0,130000,0,130000
2014/09/11,0,4000,-18000,-14000
2014/09/12,0,34000,-5000,29000
2014/09/15,0,4000,-22000,-18000
2014/09/16,0,25000,0,25000
2014/09/17,0,174000,-254000,-80000
2014/09/18,0,18000,-35000,-17000
2014/09/19,0,29000,-25000,4000
2014/09/22,0,13000,-76058,-63058
2014/09/23,0,163000,0,163000
2014/09/24,0,45000,-30000,15000
2014/09/25,0,25000,-16000,9000
2014/09/26,0,4000,-21000,-17000
2014/09/29,0,8000,-38000,-30000
2014/09/30,0,28000,-136000,-108000
2014/10/01,0,1000,-5000,-4000
2014/10/02,0,49000,-6000,43000
2014/10/03,0,0,-43000,-43000
2014/10/06,0,4000,-3000,1000
2014/10/07,0,6000,-31000,-25000
2014/10/08,0,17000,-6000,11000
2014/10/09,0,30000,-20000,10000
2014/10/13,0,64000,0,64000
2014/10/14,0,21000,0,21000
2014/10/15,0,58000,-142000,-84000
2014/10/16,0,41000,-38000,3000
2014/10/17,0,171000,-133000,38000
2014/10/20,0,0,-14000,-14000
2014/10/21,0,33000,-895000,-862000
2014/10/22,0,11000,-1000,10000
2014/10/23,0,22000,0,22000
2014/10/24,0,70000,-7000,63000
2014/10/27,0,48000,-110000,-62000
2014/10/28,0,61000,0,61000
2014/10/29,0,12000,0,12000
2014/10/30,0,87000,0,87000
2014/10/31,0,41000,-1000,40000
2014/11/03,0,86000,-20000,66000
2014/11/04,0,4000,0,4000
2014/11/05,0,47000,0,47000
2014/11/06,0,180000,-164454,15546
2014/11/07,0,64000,-161000,-97000
2014/11/10,0,35000,0,35000
2014/11/11,0,33000,-2000,31000
2014/11/12,0,15000,-14000,1000
2014/11/13,0,7000,-148000,-141000
2014/11/14,0,4000,-22000,-18000
2014/11/17,0,40000,-117000,-77000
2014/11/18,0,98000,0,98000
2014/11/19,0,39000,-16000,23000
2014/11/20,0,16000,-15000,1000
2014/11/21,0,110000,-9000,101000
2014/11/24,0,62000,-5000,57000
2014/11/25,0,30000,0,30000
2014/11/26,0,66000,-5000,61000
2014/11/27,0,26000,-6000,20000
2014/11/28,0,0,-60000,-60000
2014/12/01,0,485000,0,485000
2014/12/02,0,21000,-13000,8000
2014/12/03,0,102000,-62610,39390
2014/12/04,0,0,-56000,-56000
2014/12/05,0,250000,-33000,217000
2014/12/08,0,32000,-5000,27000
2014/12/09,0,5000,-815000,-810000
2014/12/10,0,62000,0,62000
2014/12/11,0,3000,0,3000
2014/12/12,0,2000,-5000,-3000
2014/12/15,0,55000,0,55000
2014/12/16,0,79000,-27000,52000
2014/12/17,0,57000,-5000,52000
2014/12/18,0,19000,-69000,-50000
2014/12/19,0,78000,-188000,-110000
2014/12/22,0,0,-33000,-33000
2014/12/23,0,0,-15000,-15000
2014/12/24,0,0,-150000,-150000
2014/12/25,0,38000,-4000,34000
2014/12/26,0,0,-5000,-5000
2014/12/29,0,0,-61000,-61000
2014/12/30,0,14000,-31000,-17000
2014/12/31,0,0,-100000,-100000
2015/01/01,0,0,0,0
2015/01/02,0,0,0,0
2015/01/05,0,100000,-30000,70000
2015/01/06,0,118000,-2000,116000
2015/01/07,0,9000,-32000,-23000
2015/01/08,0,0,-4000,-4000
2015/01/09,0,21000,-1000,20000
2015/01/12,0,7000,-4000,3000
2015/01/13,0,135000,-73000,62000
2015/01/14,0,12000,-132000,-120000
2015/01/15,0,5000,-5000,0
2015/01/16,0,8000,-90143,-82143
2015/01/19,0,27000,-77000,-50000
2015/01/20,0,305000,-32000,273000
2015/01/21,0,444000,-32000,412000
2015/01/22,0,101000,-22000,79000
2015/01/23,0,374000,-12000,362000
2015/01/26,0,212000,-4000,208000
2015/01/27,0,70000,-104000,-34000
2015/01/28,0,68000,-25000,43000
2015/01/29,0,46000,-31000,15000
2015/01/30,0,59000,0,59000
2015/02/02,0,54000,0,54000
2015/02/03,0,30000,0,30000
2015/02/04,0,71000,-254000,-183000
2015/02/05,0,1159000,-115000,1044000
2015/02/06,0,60000,-1000,59000
2015/02/09,0,65000,-6000,59000
2015/02/10,0,252000,-4000,248000
2015/02/11,0,228000,-100000,128000
2015/02/12,0,100000,-145000,-45000
2015/02/13,0,384000,-212000,172000
2015/02/16,0,0,0,0
2015/02/17,0,0,0,0
2015/02/18,0,0,0,0
2015/02/19,0,0,0,0
2015/02/20,0,0,0,0
2015/02/23,0,0,0,0
2015/02/24,0,235000,-153000,82000
2015/02/25,0,309000,-470000,-161000
2015/02/26,0,145000,-97000,48000
2015/02/27,0,0,0,0
2015/03/02,0,63000,-5000,58000
2015/03/03,0,105000,-5000,100000
2015/03/04,0,79000,-308000,-229000
2015/03/05,0,18000,-201585,-183585
2015/03/06,0,0,-119000,-119000
2015/03/09,0,58000,-22346,35654
2015/03/10,0,100000,-581000,-481000
2015/03/11,0,0,-4000,-4000
2015/03/12,0,0,0,0
2015/03/13,0,480000,-110000,370000
2015/03/16,0,297000,0,297000
2015/03/17,0,14000,-2204,11796
2015/03/18,0,10000,-25000,-15000
2015/03/19,0,630000,-95000,535000
2015/03/20,0,35000,-5000,30000
2015/03/23,0,13000,-131000,-118000
2015/03/24,0,20000,-107000,-87000
2015/03/25,0,43000,-12000,31000
2015/03/26,0,88000,-5000,83000
2015/03/27,0,16000,-3000,13000
2015/03/30,0,24000,-598000,-574000
2015/03/31,0,222000,-257000,-35000
2015/04/01,0,180000,-239000,-59000
2015/04/02,0,209000,-457000,-248000
2015/04/03,0,0,0,0
2015/04/06,0,0,0,0
2015/04/07,0,50000,-12000,38000
2015/04/08,0,32000,-482000,-450000
2015/04/09,0,80000,-159000,-79000
2015/04/10,0,13000,0,13000
2015/04/13,0,148000,0,148000
2015/04/14,0,360000,-11,359989
2015/04/15,0,225000,-443000,-218000
2015/04/16,0,63000,-275000,-212000
2015/04/17,0,30000,-45000,-15000
2015/04/20,0,45000,-112000,-67000
2015/04/21,0,9000,-22000,-13000
2015/04/22,0,19000,0,19000
2015/04/23,0,18000,-37000,-19000
2015/04/24,0,265000,-7000,258000
2015/04/27,0,55000,-30000,25000
2015/04/28,0,361000,0,361000
2015/04/29,0,414000,-6000,408000
2015/04/30,0,47000,0,47000
2015/05/01,0,0,0,0
2015/05/04,0,3000,0,3000
2015/05/05,0,74000,-20000,54000
2015/05/06,0,102000,-7000,95000
2015/05/07,0,38000,-71000,-33000
2015/05/08,0,81000,-85000,-4000
2015/05/11,0,73000,0,73000
2015/05/12,0,129000,-20000,109000
2015/05/13,0,33000,-81000,-48000
2015/05/14,0,5000,-58000,-53000
2015/05/15,0,114000,-229000,-115000
2015/05/18,0,30000,-82000,-52000
2015/05/19,0,1000,-69000,-68000
2015/05/20,0,90000,-231000,-141000
2015/05/21,0,34000,-1546000,-1512000
2015/05/22,0,103000,-66000,37000
2015/05/25,0,5000,-9000,-4000
2015/05/26,0,7000,-4000,3000
2015/05/27,0,13000,-16000,-3000
2015/05/28,0,6000,-4000,2000
2015/05/29,0,5000,0,5000
2015/06/01,0,42000,0,42000
2015/06/02,0,17000,-18000,-1000
2015/06/03,0,85000,-213000,-128000
2015/06/04,0,174000,-428000,-254000
2015/06/05,0,26000,-75000,-49000
2015/06/08,0,38000,-5000,33000
2015/06/09,0,59000,-10000,49000
2015/06/10,0,54000,0,54000
2015/06/11,0,27000,-63000,-36000
2015/06/12,0,41000,0,41000
2015/06/15,0,3000,-5000,-2000
2015/06/16,0,20000,-5000,15000
2015/06/17,0,87000,-15000,72000
2015/06/18,0,4000,-91000,-87000
2015/06/19,0,0,0,0
2015/06/22,0,119000,-134000,-15000
2015/06/23,0,19000,-30000,-11000
2015/06/24,0,39000,-10000,29000
2015/06/25,0,226000,-20000,206000
2015/06/26,0,185000,-5000,180000
2015/06/29,0,164000,0,164000
2015/06/30,0,1005000,-94000,911000
2015/07/01,0,794000,-13000,781000
2015/07/02,0,702000,-33000,669000
2015/07/03,0,50000,-73000,-23000
2015/07/06,0,0,-27000,-27000
2015/07/07,0,92000,-151000,-59000
2015/07/08,0,116000,-11000,105000
2015/07/09,0,199000,-838000,-639000
2015/07/10,0,0,0,0
2015/07/13,0,15000,-531000,-516000
2015/07/14,0,731000,-386000,345000
2015/07/15,0,1191000,-543000,648000
2015/07/16,0,26000,-1854000,-1828000
2015/07/17,0,83000,-320000,-237000
2015/07/20,0,76000,-58000,18000
2015/07/21,0,124000,-26000,98000
2015/07/22,0,125000,-16000,109000
2015/07/23,0,178000,-36000,142000
2015/07/24,0,50000,-10000,40000
2015/07/27,0,603000,-195000,408000
2015/07/28,0,648000,-1000,647000
2015/07/29,0,7000,-5000,2000
2015/07/30,0,24000,-348000,-324000
2015/07/31,0,15000,-517000,-502000
2015/08/03,0,44000,-594000,-550000
2015/08/04,0,769000,-130000,639000
2015/08/05,0,369000,-25000,344000
2015/08/06,0,127000,-50000,77000
2015/08/07,0,18000,-100000,-82000
2015/08/10,0,65000,-201000,-136000
2015/08/11,0,17000,-676000,-659000
2015/08/12,0,264000,-5000,259000
2015/08/13,0,91000,-13000,78000
2015/08/14,0,77000,-122000,-45000
2015/08/17,0,252000,-74000,178000
2015/08/18,0,66000,-235000,-169000
2015/08/19,0,322000,-1029000,-707000
2015/08/20,0,20000,-147000,-127000
2015/08/21,0,92000,-135000,-43000
2015/08/24,0,351000,-417000,-66000
2015/08/25,0,224000,-95000,129000
2015/08/26,0,462000,-107000,355000
2015/08/27,0,134000,-275000,-141000
2015/08/28,0,331000,-290000,41000
2015/08/31,0,12000,-303000,-291000
2015/09/01,0,74000,-380516,-306516
2015/09/02,0,14000,-114000,-100000
2015/09/03,0,3000,-341000,-338000
2015/09/04,0,16000,-143000,-127000
2015/09/07,0,140000,-77000,63000
2015/09/08,0,195000,-54000,141000
2015/09/09,0,141000,-174000,-33000
2015/09/10,0,49000,-66000,-17000
2015/09/11,0,9000,-109000,-100000
2015/09/14,0,164000,-388000,-224000
2015/09/15,0,176000,-12000,164000
2015/09/16,0,299000,-117000,182000
2015/09/17,0,137000,-195000,-58000
2015/09/18,0,31000,-113000,-82000
2015/09/21,0,83000,-52396,30604
2015/09/22,0,55000,-39000,16000
2015/09/23,0,85000,-1000,84000
2015/09/24,0,812000,-75000,737000
2015/09/25,0,247000,-49000,198000
2015/09/28,0,0,0,0
2015/09/29,0,0,0,0
2015/09/30,0,137000,-65000,72000
2015/10/01,0,88000,-234000,-146000
2015/10/02,0,42000,-107000,-65000
2015/10/05,0,6000,-139000,-133000
2015/10/06,0,10000,-35000,-25000
2015/10/07,0,5000,-18000,-13000
2015/10/08,0,53000,0,53000
2015/10/09,0,0,0,0
2015/10/12,0,2000,-29000,-27000
2015/10/13,0,3000,-47000,-44000
2015/10/14,0,18000,-56000,-38000
2015/10/15,0,249000,-51000,198000
2015/10/16,0,211000,-31000,180000
2015/10/19,0,108000,-152000,-44000
2015/10/20,0,82000,-51000,31000
2015/10/21,0,348000,-15000,333000
2015/10/22,0,6000,-64000,-58000
2015/10/23,0,2000,0,2000
2015/10/26,0,100000,-2000,98000
2015/10/27,0,260000,-14000,246000
2015/10/28,0,108000,-246000,-138000
2015/10/29,0,136000,0,136000
2015/10/30,0,215000,-76000,139000
2015/11/02,0,4000,-75000,-71000
2015/11/03,0,0,-30000,-30000
2015/11/04,0,27000,-88000,-61000
2015/11/05,0,0,-6000,-6000
2015/11/06,0,27000,-362000,-335000
2015/11/09,0,45000,-1000,44000
2015/11/10,0,39000,-6000,33000
2015/11/11,0,15000,-94000,-79000
2015/11/12,0,5000,-16000,-11000
2015/11/13,0,9000,-109000,-100000
2015/11/16,0,14000,-400000,-386000
2015/11/17,0,8000,-116000,-108000
2015/11/18,0,5000,-70000,-65000
2015/11/19,0,5000,-43000,-38000
2015/11/20,0,5000,-986,4014
2015/11/23,0,0,0,0
2015/11/24,0,3000,-10000,-7000
2015/11/25,0,0,-5000,-5000
2015/11/26,0,0,-110000,-110000
2015/11/27,0,10000,0,10000
2015/11/30,0,0,-72000,-72000
2015/12/01,0,44000,0,44000
2015/12/02,0,36000,-37000,-1000
2015/12/03,0,34000,0,34000
2015/12/04,0,41000,0,41000
2015/12/07,0,75000,0,75000
2015/12/08,0,134000,0,134000
2015/12/09,0,108000,0,108000
2015/12/10,0,34000,0,34000
2015/12/11,0,44000,-33000,11000
2015/12/14,0,34000,0,34000
2015/12/15,0,34000,0,34000
2015/12/16,0,87000,-45000,42000
2015/12/17,0,34000,-5000,29000
2015/12/18,0,34000,-65000,-31000
2015/12/21,0,34000,-20000,14000
2015/12/22,0,34000,-115000,-81000
2015/12/23,0,44000,-30000,14000
2015/12/24,0,25000,-5000,20000
2015/12/25,0,33000,-21000,12000
2015/12/28,0,33000,-5000,28000
2015/12/29,0,33000,-5000,28000
2015/12/30,0,37000,-5000,32000
2015/12/31,0,37000,-89000,-52000
2016/01/01,0,0,0,0
2016/01/04,0,116000,-97000,19000
2016/01/05,0,5000,-3000,2000
2016/01/06,0,9000,-79000,-70000
2016/01/07,0,530000,-117000,413000
2016/01/08,0,56000,-41000,15000
2016/01/11,0,20000,-53000,-33000
2016/01/12,0,10000,-141000,-131000
2016/01/13,0,20000,-38000,-18000
2016/01/14,0,120000,-28000,92000
2016/01/15,0,79000,-798000,-719000
2016/01/18,0,99000,-104000,-5000
2016/01/19,0,40000,-49000,-9000
2016/01/20,0,311000,-458000,-147000
2016/01/21,0,40000,-39000,1000
2016/01/22,0,23000,-45000,-22000
2016/01/25,0,29000,-41000,-12000
2016/01/26,0,122000,-71000,51000
2016/01/27,0,113000,-4000,109000
2016/01/28,0,97000,-5000,92000
2016/01/29,0,306000,-311000,-5000
2016/02/01,0,133000,-1000,132000
2016/02/02,0,185000,-32000,153000
2016/02/03,0,191000,-10000,181000
2016/02/04,0,0,0,0
2016/02/05,0,0,0,0
2016/02/08,0,0,0,0
2016/02/09,0,0,0,0
2016/02/10,0,0,0,0
2016/02/11,0,0,0,0
2016/02/12,0,0,0,0
2016/02/15,0,55000,-29000,26000
2016/02/16,0,524000,-28000,496000
2016/02/17,0,849000,-33000,816000
2016/02/18,0,208000,-60000,148000
2016/02/19,0,165000,-29000,136000
2016/02/22,0,281000,-19000,262000
2016/02/23,0,118000,-68000,50000
2016/02/24,0,41000,-128000,-87000
2016/02/25,0,380000,0,380000
2016/02/26,0,227000,-6000,221000
2016/02/29,0,0,0,0
2016/03/01,0,36000,0,36000
2016/03/02,0,400000,-10000,390000
2016/03/03,0,124000,-63000,61000
2016/03/04,0,224000,-81000,143000
2016/03/07,0,66000,-59000,7000
2016/03/08,0,146000,-96000,50000
2016/03/09,0,128000,0,128000
2016/03/10,0,25000,-8000,17000
2016/03/11,0,59000,-193,58807
2016/03/14,0,474000,-14000,460000
2016/03/15,0,30000,-227000,-197000
2016/03/16,0,484000,-25000,459000
2016/03/17,0,60000,-17000,43000
2016/03/18,0,0,-67000,-67000
2016/03/21,0,9000,-43000,-34000
2016/03/22,0,22000,-115000,-93000
2016/03/23,0,0,-13000,-13000
2016/03/24,0,27000,0,27000
2016/03/25,0,0,-5000,-5000
2016/03/28,0,37000,0,37000
2016/03/29,0,39000,-623000,-584000
2016/03/30,0,13000,-60000,-47000
2016/03/31,0,49000,-4000,45000
2016/04/01,0,40000,-895000,-855000
2016/04/04,0,0,0,0
2016/04/05,0,0,0,0
2016/04/06,0,148000,-107000,41000
2016/04/07,0,82000,-89000,-7000
2016/04/08,0,68000,-74000,-6000
2016/04/11,0,10000,-20000,-10000
2016/04/12,0,64000,-57000,7000
2016/04/13,0,30000,-31000,-1000
2016/04/14,0,65000,-9000,56000
2016/04/15,0,84000,-3000,81000
2016/04/18,0,25000,-8000,17000
2016/04/19,0,237000,-14000,223000
2016/04/20,0,228000,-19000,209000
2016/04/21,0,82000,-37000,45000
2016/04/22,0,57000,-74000,-17000
2016/04/25,0,46000,-58000,-12000
2016/04/26,0,54000,-58000,-4000
2016/04/27,0,20000,-93000,-73000
2016/04/28,0,98000,-466000,-368000
2016/04/29,0,45000,-15000,30000
2016/05/02,0,0,0,0
2016/05/03,0,46000,-13000,33000
2016/05/04,0,69000,-133000,-64000
2016/05/05,0,83000,-3000,80000
2016/05/06,0,50000,-35000,15000
2016/05/09,0,48000,0,48000
2016/05/10,0,203000,-1000,202000
2016/05/11,0,58000,-4000,54000
2016/05/12,0,96000,-32000,64000
2016/05/13,0,45000,-58000,-13000
2016/05/16,0,53000,0,53000
2016/05/17,0,93000,-9000,84000
2016/05/18,0,125000,-19000,106000
2016/05/19,0,51000,-31000,20000
2016/05/20,0,45000,-19000,26000
2016/05/23,0,59000,-50000,9000
2016/05/24,0,56000,0,56000
2016/05/25,0,45000,-13000,32000
2016/05/26,0,45000,0,45000
2016/05/27,0,45000,0,45000
2016/05/30,0,54000,-59000,-5000
2016/05/31,0,65000,-3000,62000
2016/06/01,0,45000,-1000,44000
2016/06/02,0,45000,-28000,17000
2016/06/03,0,44000,-10000,34000
2016/06/06,0,44000,-75000,-31000
2016/06/07,0,446000,-8000,438000
2016/06/08,0,176000,-6000,170000
2016/06/09,0,0,0,0
2016/06/10,0,0,0,0
2016/06/13,0,128000,-55000,73000
2016/06/14,0,215000,-9000,206000
2016/06/15,0,244000,-4000,240000
2016/06/16,0,72000,0,72000
2016/06/17,0,164000,-17000,147000
2016/06/20,0,288000,-9000,279000
2016/06/21,0,111000,-8000,103000
2016/06/22,0,20000,-80000,-60000
2016/06/23,0,55000,-47000,8000
2016/06/24,0,1206000,-264000,942000
2016/06/27,0,281000,0,281000
2016/06/28,0,182000,0,182000
2016/06/29,0,272000,0,272000
2016/06/30,0,568000,-53000,515000
2016/07/01,0,989000,-5000,984000
2016/07/04,0,601000,-5000,596000
2016/07/05,0,753000,-11000,742000
2016/07/06,0,868000,-31000,837000
2016/07/07,0,569000,0,569000
2016/07/08,0,0,0,0
2016/07/11,0,1245000,-304000,941000
2016/07/12,0,588000,-57000,531000
2016/07/13,0,492000,-1005000,-513000
2016/07/14,0,682000,0,682000
2016/07/15,0,511000,-37000,474000
2016/07/18,0,1679000,-16000,1663000
2016/07/19,0,1220000,0,1220000
2016/07/20,0,3416000,-52000,3364000
2016/07/21,0,262000,-988000,-726000
2016/07/22,0,212000,-273000,-61000
2016/07/25,0,110000,-1025000,-915000
2016/07/26,0,43000,-690000,-647000
2016/07/27,0,60000,-59000,1000
2016/07/28,0,95000,-34000,61000
2016/07/29,0,43000,-236000,-193000
2016/08/01,0,8000,-380000,-372000
2016/08/02,0,75000,-352000,-277000
2016/08/03,0,20000,-103000,-83000
2016/08/04,0,0,-130000,-130000
2016/08/05,0,60000,-2000,58000
2016/08/08,0,53000,-14000,39000
2016/08/09,0,18000,-15000,3000
2016/08/10,0,0,-24000,-24000
2016/08/11,0,1000,-136000,-135000
2016/08/12,0,49000,-14000,35000
2016/08/15,0,70000,-8000,62000
2016/08/16,0,20000,-92000,-72000
2016/08/17,0,30000,-1955000,-1925000
2016/08/18,0,1000,-129000,-128000
2016/08/19,0,0,-42000,-42000
2016/08/22,0,0,-50000,-50000
2016/08/23,0,0,-46000,-46000
2016/08/24,0,0,-10000,-10000
2016/08/25,0,0,-8000,-8000
2016/08/26,0,1000,0,1000
2016/08/29,0,1000,-95000,-94000
2016/08/30,0,0,-54000,-54000
2016/08/31,0,9000,-611000,-602000
2016/09/01,0,0,-91000,-91000
2016/09/02,0,3000,-4000,-1000
2016/09/05,0,17000,-4000,13000
2016/09/06,0,2000,-18000,-16000
2016/09/07,0,18000,-7000,11000
2016/09/08,0,3000,-15000,-12000
2016/09/09,0,0,-24000,-24000
2016/09/12,0,2000,0,2000
2016/09/13,0,4000,-68000,-64000
2016/09/14,0,0,-53000,-53000
2016/09/15,0,0,0,0
2016/09/16,0,0,0,0
2016/09/19,0,850000,-15000,835000
2016/09/20,0,309000,-12000,297000
2016/09/21,0,8000,-170000,-162000
2016/09/22,0,0,-50000,-50000
2016/09/23,0,28000,-32000,-4000
2016/09/26,0,32000,-1000,31000
2016/09/27,0,0,0,0
2016/09/28,0,0,0,0
2016/09/29,0,2000,0,2000
2016/09/30,0,11000,-58000,-47000
2016/10/03,0,100000,-16000,84000
2016/10/04,0,11000,-3000,8000
2016/10/05,0,0,-31000,-31000
2016/10/06,0,0,-31000,-31000
2016/10/07,0,24000,0,24000
2016/10/10,0,0,0,0
2016/10/11,0,17000,-10000,7000
2016/10/12,0,52000,-2000,50000
2016/10/13,0,1000,-28000,-27000
2016/10/14,0,65000,-2000,63000
2016/10/17,0,14000,-11000,3000
2016/10/18,0,8000,-7000,1000
2016/10/19,0,17000,-143000,-126000
2016/10/20,0,0,-48000,-48000
2016/10/21,0,0,-117000,-117000
2016/10/24,0,0,-14000,-14000
2016/10/25,0,5000,-9000,-4000
2016/10/26,0,0,0,0
2016/10/27,0,0,0,0
2016/10/28,0,0,-9000,-9000
2016/10/31,0,260000,-15000,245000
2016/11/01,0,312000,0,312000
2016/11/02,0,237000,0,237000
2016/11/03,0,102000,-31000,71000
2016/11/04,0,2000,0,2000
2016/11/07,0,588000,-23000,565000
2016/11/08,0,102000,-23000,79000
2016/11/09,0,18000,-292000,-274000
2016/11/10,0,10000,-5000,5000
2016/11/11,0,100000,-3000,97000
2016/11/14,0,135000,-54000,81000
2016/11/15,0,0,-10000,-10000
2016/11/16,0,149000,-218000,-69000
2016/11/17,0,55000,-247000,-192000
2016/11/18,0,1000,-8000,-7000
2016/11/21,0,0,-489000,-489000
2016/11/22,0,16000,-1000,15000
2016/11/23,0,430000,-5000,425000
2016/11/24,0,5000,-40000,-35000
2016/11/25,0,3000,0,3000
2016/11/28,0,69000,-10306,58694
2016/11/29,0,8000,-1000,7000
2016/11/30,0,0,0,0
2016/12/01,0,0,-24000,-24000
2016/12/02,0,0,-70000,-70000
2016/12/05,0,0,-66000,-66000
2016/12/06,0,77000,-18000,59000
2016/12/07,0,0,-90000,-90000
2016/12/08,0,41000,-107000,-66000
2016/12/09,0,266000,-42000,224000
2016/12/12,0,102000,0,102000
2016/12/13,0,31000,0,31000
2016/12/14,0,7000,-100000,-93000
2016/12/15,0,18000,-2333000,-2315000
2016/12/16,0,55000,-9000,46000
2016/12/19,0,140000,-10000,130000
2016/12/20,0,179000,-1176000,-997000
2016/12/21,0,449000,-1512000,-1063000
2016/12/22,0,66000,-626000,-560000
2016/12/23,0,143000,-833000,-690000
2016/12/26,0,0,-515000,-515000
2016/12/27,0,27000,0,27000
2016/12/28,0,14000,0,14000
2016/12/29,0,5000,0,5000
2016/12/30,0,3000,-33000,-30000
2017/01/02,0,0,0,0
2017/01/03,0,16000,0,16000
2017/01/04,0,227000,-36000,191000
2017/01/05,0,100000,-14000,86000
2017/01/06,0,175000,0,175000
2017/01/09,0,0,-2000,-2000
2017/01/10,0,0,-2000,-2000
2017/01/11,0,7000,0,7000
2017/01/12,0,55000,-15000,40000
2017/01/13,0,1000,-20000,-19000
2017/01/16,0,20000,0,20000
2017/01/17,0,3000,-22097,-19097
2017/01/18,0,11000,-151000,-140000
2017/01/19,0,7000,-61000,-54000
2017/01/20,0,300000,-3000,297000
2017/01/23,0,100000,-17000,83000
2017/01/24,0,0,-180000,-180000
2017/01/25,0,0,0,0
2017/01/26,0,0,0,0
2017/01/27,0,0,0,0
2017/01/30,0,0,0,0
2017/01/31,0,0,0,0
2017/02/01,0,0,0,0
2017/02/02,0,200000,-54000,146000
2017/02/03,0,0,-32000,-32000
2017/02/06,0,12000,-69000,-57000
2017/02/07,0,0,-61000,-61000
2017/02/08,0,7000,-201000,-194000
2017/02/09,0,11000,-45000,-34000
2017/02/10,0,57000,-5000,52000
2017/02/13,0,0,0,0
2017/02/14,0,174000,-5328,168672
2017/02/15,0,20000,-96000,-76000
2017/02/16,0,88000,-1000,87000
2017/02/17,0,2000,-60000,-58000
2017/02/20,0,12000,-2000,10000
2017/02/21,0,70000,0,70000
2017/02/22,0,173000,0,173000
2017/02/23,0,117000,-38000,79000
2017/02/24,0,9000,-8000,1000
2017/02/27,0,0,0,0
2017/02/28,0,0,0,0
2017/03/01,0,102000,-17000,85000
2017/03/02,0,355000,-50000,305000
2017/03/03,0,399000,-98000,301000
2017/03/06,0,94000,-176000,-82000
2017/03/07,0,72000,0,72000
2017/03/08,0,0,-49000,-49000
2017/03/09,0,51000,-88000,-37000
2017/03/10,0,16000,-18000,-2000
2017/03/13,0,75000,-4000,71000
2017/03/14,0,4000,-18000,-14000
2017/03/15,0,167000,-320000,-153000
2017/03/16,0,192000,-400000,-208000
2017/03/17,0,28000,-90000,-62000
2017/03/20,0,39000,-70000,-31000
2017/03/21,0,75000,-6000,69000
2017/03/22,0,36000,0,36000
2017/03/23,0,1000,-9000,-8000
2017/03/24,0,1000,-121000,-120000
2017/03/27,0,9000,-1000,8000
2017/03/28,0,99000,-54000,45000
2017/03/29,0,240000,0,240000
2017/03/30,0,0,0,0
2017/03/31,0,145000,-16000,129000
2017/04/03,0,0,0,0
2017/04/04,0,0,0,0
2017/04/05,0,421000,-6000,415000
2017/04/06,0,11000,0,11000
2017/04/07,0,3000,-47000,-44000
2017/04/10,0,18000,-8000,10000
2017/04/11,0,510000,0,510000
2017/04/12,0,18000,-1000,17000
2017/04/13,0,144000,0,144000
2017/04/14,0,2000,-14000,-12000
2017/04/17,0,19000,-50000,-31000
2017/04/18,0,1000,-24000,-23000
2017/04/19,0,6000,-32000,-26000
2017/04/20,0,0,-6000,-6000
2017/04/21,0,6000,0,6000
2017/04/24,0,50000,-5000,45000
2017/04/25,0,101000,-1000,100000
2017/04/26,0,105000,-35000,70000
2017/04/27,0,200000,-4000,196000
2017/04/28,0,301000,-8010000,-7709000
2017/05/01,0,0,0,0
2017/05/02,0,2000,-25000,-23000
2017/05/03,0,0,0,0
2017/05/04,0,5000,0,5000
2017/05/05,0,0,-1000,-1000
2017/05/08,0,14000,-3000,11000
2017/05/09,0,11000,-13282,-2282
2017/05/10,0,100000,0,100000
2017/05/11,0,15000,-5000,10000
2017/05/12,0,8000,0,8000
2017/05/15,0,0,-15000,-15000
2017/05/16,0,13000,-7000,6000
2017/05/17,0,1000,-17000,-16000
2017/05/18,0,4000,-6000,-2000
2017/05/19,0,2000,-10000,-8000
2017/05/22,0,0,0,0
2017/05/23,0,0,-16000,-16000
2017/05/24,0,14000,-22000,-8000
2017/05/25,0,5000,-10000,-5000
2017/05/26,0,69000,-8000,61000
2017/05/29,0,0,0,0
2017/05/30,0,0,0,0
2017/05/31,0,53000,-76000,-23000
2017/06/01,0,16000,-3000,13000
2017/06/02,0,60000,-51000,9000
2017/06/05,0,2000,-9000,-7000
2017/06/06,0,30000,-429,29571
2017/06/07,0,0,-39000,-39000
2017/06/08,0,3000,-18000,-15000
2017/06/09,0,14000,-1078000,-1064000
2017/06/12,0,17000,0,17000
2017/06/13,0,42000,-33000,9000
2017/06/14,0,13000,-22000,-9000
2017/06/15,0,2000,-29000,-27000
2017/06/16,0,20000,0,20000
2017/06/19,0,66000,0,66000
2017/06/20,0,80000,0,80000
2017/06/21,0,326000,-27000,299000
2017/06/22,0,80000,-1000,79000
2017/06/23,0,2000,-50000,-48000
2017/06/26,0,424000,0,424000
2017/06/27,0,171000,0,171000
2017/06/28,0,238000,-5000,233000
2017/06/29,0,45000,0,45000
2017/06/30,0,3000,0,3000
2017/07/03,0,0,-15000,-15000
2017/07/04,0,0,-116000,-116000
2017/07/05,0,462000,-13000,449000
2017/07/06,0,0,-150000,-150000
2017/07/07,0,21000,-110000,-89000
2017/07/10,0,0,-16000,-16000
2017/07/11,0,175000,0,175000
2017/07/12,0,105000,-283000,-178000
2017/07/13,0,0,-96000,-96000
2017/07/14,0,19000,-79000,-60000
2017/07/17,0,9000,-26000,-17000
2017/07/18,0,355000,-20000,335000
2017/07/19,0,1093000,-2000,1091000
2017/07/20,0,1700000,0,1700000
2017/07/21,0,4000,-697000,-693000
2017/07/24,0,0,-439000,-439000
2017/07/25,0,0,-150000,-150000
2017/07/26,0,0,-479000,-479000
2017/07/27,0,17000,-265000,-248000
2017/07/28,0,21000,-61000,-40000
2017/07/31,0,23000,-9000,14000
2017/08/01,0,0,0,0
2017/08/02,0,1000,0,1000
2017/08/03,0,1000,-10000,-9000
2017/08/04,0,4000,-77000,-73000
2017/08/07,0,0,-4000,-4000
2017/08/08,0,0,-40000,-40000
2017/08/09,0,0,-274000,-274000
2017/08/10,0,59000,-150000,-91000
2017/08/11,0,9000,-5000,4000
2017/08/14,0,13000,-59000,-46000
2017/08/15,0,0,-7000,-7000
2017/08/16,0,0,-768000,-768000
2017/08/17,0,0,-61000,-61000
2017/08/18,0,0,-41000,-41000
