Date,Open,Buy,Sell,Total
2007/01/02,0,53000,-7000,46000
2007/01/03,0,913000,-3543000,-2630000
2007/01/04,0,7184000,-8880550,-1696550
2007/01/05,0,1864000,-3024000,-1160000
2007/01/08,0,1196000,-1990450,-794450
2007/01/09,0,1690000,-1329000,361000
2007/01/10,0,1023000,-1848707,-825707
2007/01/11,0,549000,-340000,209000
2007/01/12,0,119000,-26000,93000
2007/01/15,0,323000,-74000,249000
2007/01/16,0,29000,-665000,-636000
2007/01/17,0,299000,-61000,238000
2007/01/18,0,791000,-120269,670731
2007/01/19,0,4000,-323000,-319000
2007/01/22,0,610000,-299382,310618
2007/01/23,0,550000,-422000,128000
2007/01/24,0,123000,-167000,-44000
2007/01/25,0,0,0,0
2007/01/26,0,103000,-889000,-786000
2007/01/29,0,40000,-588028,-548028
2007/01/30,0,39000,-502000,-463000
2007/01/31,0,425000,-619085,-194085
2007/02/01,0,5000,-20000,-15000
2007/02/02,0,13000,0,13000
2007/02/05,0,0,-1000,-1000
2007/02/06,0,247000,0,247000
2007/02/07,0,0,-19000,-19000
2007/02/08,0,211000,-168000,43000
2007/02/09,0,0,-62000,-62000
2007/02/12,0,7000,-123000,-116000
2007/02/13,0,44000,-204712,-160712
2007/02/14,0,10000,-246227,-236227
2007/02/15,0,0,0,0
2007/02/16,0,0,0,0
2007/02/19,0,0,0,0
2007/02/20,0,0,0,0
2007/02/21,0,0,0,0
2007/02/22,0,0,0,0
2007/02/23,0,0,0,0
2007/02/26,0,1000,-144000,-143000
2007/02/27,0,1000,-6000,-5000
2007/02/28,0,0,0,0
2007/03/01,0,20000,-19000,1000
2007/03/02,0,265000,-144000,121000
2007/03/05,0,297000,-329000,-32000
2007/03/06,0,109000,-27000,82000
2007/03/07,0,1586000,-177000,1409000
2007/03/08,0,1548000,-239000,1309000
2007/03/09,0,1378000,-997450,380550
2007/03/12,0,1672000,-706000,966000
2007/03/13,0,131000,0,131000
2007/03/14,0,217000,-16000,201000
2007/03/15,0,154000,0,154000
2007/03/16,0,102000,-45000,57000
2007/03/19,0,773000,-47000,726000
2007/03/20,0,706000,-50000,656000
2007/03/21,0,866000,-477000,389000
2007/03/22,0,2924000,-203000,2721000
2007/03/23,0,74000,-331000,-257000
2007/03/26,0,56000,-56000,0
2007/03/27,0,483000,-320113,162887
2007/03/28,0,3096000,-792000,2304000
2007/03/29,0,56000,-269767,-213767
2007/03/30,0,612000,-71000,541000
2007/04/02,0,269000,0,269000
2007/04/03,0,509000,-327000,182000
2007/04/04,0,1519000,-488000,1031000
2007/04/05,0,0,0,0
2007/04/06,0,0,0,0
2007/04/09,0,73000,0,73000
2007/04/10,0,192000,-1000,191000
2007/04/11,0,72000,-1000,71000
2007/04/12,0,177000,-62487,114513
2007/04/13,0,96000,-4000,92000
2007/04/16,0,9000,-29000,-20000
2007/04/17,0,540000,-50000,490000
2007/04/18,0,0,-5000,-5000
2007/04/19,0,167000,0,167000
2007/04/20,0,480000,-86000,394000
2007/04/23,0,846000,-226000,620000
2007/04/24,0,666000,-160000,506000
2007/04/25,0,4000,-100000,-96000
2007/04/26,0,842000,-1591000,-749000
2007/04/27,0,156000,-57000,99000
2007/04/30,0,32000,-417000,-385000
2007/05/01,0,0,0,0
2007/05/02,0,253000,-10000,243000
2007/05/03,0,606000,-246000,360000
2007/05/04,0,100000,-765000,-665000
2007/05/07,0,326000,-503000,-177000
2007/05/08,0,105000,-12000,93000
2007/05/09,0,0,-6738,-6738
2007/05/10,0,64000,-70000,-6000
2007/05/11,0,4000,-25000,-21000
2007/05/14,0,64000,-88000,-24000
2007/05/15,0,9000,-62000,-53000
2007/05/16,0,16000,-31000,-15000
2007/05/17,0,0,-457342,-457342
2007/05/18,0,0,-722000,-722000
2007/05/21,0,3000,-498000,-495000
2007/05/22,0,72000,-634000,-562000
2007/05/23,0,52000,-516000,-464000
2007/05/24,0,0,-487495,-487495
2007/05/25,0,0,0,0
2007/05/28,0,0,-358000,-358000
2007/05/29,0,23000,-804000,-781000
2007/05/30,0,0,-21000,-21000
2007/05/31,0,1000,-185000,-184000
2007/06/01,0,197000,-143000,54000
2007/06/04,0,4000,-155000,-151000
2007/06/05,0,26000,-4000,22000
2007/06/06,0,95000,-593000,-498000
2007/06/07,0,163000,-22000,141000
2007/06/08,0,132000,-40000,92000
2007/06/11,0,102000,0,102000
2007/06/12,0,27000,-24000,3000
2007/06/13,0,1000,-473000,-472000
2007/06/14,0,5000,-57000,-52000
2007/06/15,0,10000,-101000,-91000
2007/06/18,0,0,0,0
2007/06/19,0,0,0,0
2007/06/20,0,319000,-734200,-415200
2007/06/21,0,578000,-606000,-28000
2007/06/22,0,119000,-363000,-244000
2007/06/25,0,769000,-1005000,-236000
2007/06/26,0,791000,-1198000,-407000
2007/06/27,0,1000,-169000,-168000
2007/06/28,0,410000,-852000,-442000
2007/06/29,0,708000,-68000,640000
2007/07/02,0,42000,-124000,-82000
2007/07/03,0,2000,-223000,-221000
2007/07/04,0,51000,-864000,-813000
2007/07/05,0,1529000,-1352000,177000
2007/07/06,0,142000,-1084000,-942000
2007/07/09,0,43000,-166000,-123000
2007/07/10,0,551000,-284000,267000
2007/07/11,0,278000,-426000,-148000
2007/07/12,0,11000,-1196000,-1185000
2007/07/13,0,1695000,-1546333,148667
2007/07/16,0,17000,-503000,-486000
2007/07/17,0,94000,-571000,-477000
2007/07/18,0,1219000,-7000,1212000
2007/07/19,0,1436000,-1032000,404000
2007/07/20,0,503000,-37000,466000
2007/07/23,0,180000,-55000,125000
2007/07/24,0,122000,-6000,116000
2007/07/25,0,752000,-22000,730000
2007/07/26,0,606000,-77000,529000
2007/07/27,0,279000,-104000,175000
2007/07/30,0,475000,-109000,366000
2007/07/31,0,10000,-274000,-264000
2007/08/01,0,378000,-1172000,-794000
2007/08/02,0,43000,-618000,-575000
2007/08/03,0,514000,-425000,89000
2007/08/06,0,406000,-342000,64000
2007/08/07,0,100000,-569000,-469000
2007/08/08,0,42000,-204000,-162000
2007/08/09,0,126000,-18000,108000
2007/08/10,0,25000,-61000,-36000
2007/08/13,0,5000,-218000,-213000
2007/08/14,0,139000,-131000,8000
2007/08/15,0,201000,-92000,109000
2007/08/16,0,116000,-563000,-447000
2007/08/17,0,199000,-717000,-518000
2007/08/20,0,555000,-1053000,-498000
2007/08/21,0,201000,-227000,-26000
2007/08/22,0,1000,-133000,-132000
2007/08/23,0,52000,-144000,-92000
2007/08/24,0,38000,-90000,-52000
2007/08/27,0,95000,-2000,93000
2007/08/28,0,386000,-101000,285000
2007/08/29,0,107000,-3000,104000
2007/08/30,0,1000,-137000,-136000
2007/08/31,0,80000,0,80000
2007/09/03,0,17000,-70000,-53000
2007/09/04,0,0,-17000,-17000
2007/09/05,0,4000,-992000,-988000
2007/09/06,0,3000,-273000,-270000
2007/09/07,0,0,-78000,-78000
2007/09/10,0,17000,-13000,4000
2007/09/11,0,32000,-20000,12000
2007/09/12,0,0,-69000,-69000
2007/09/13,0,0,-5000,-5000
2007/09/14,0,878000,0,878000
2007/09/17,0,149000,-19000,130000
2007/09/18,0,0,0,0
2007/09/19,0,142000,0,142000
2007/09/20,0,552000,0,552000
2007/09/21,0,252000,-307000,-55000
2007/09/24,0,0,0,0
2007/09/25,0,0,0,0
2007/09/26,0,372000,-132790,239210
2007/09/27,0,94000,-209236,-115236
2007/09/28,0,119000,-463763,-344763
2007/10/01,0,0,-34142,-34142
2007/10/02,0,318000,-242000,76000
2007/10/03,0,77000,-58000,19000
2007/10/04,0,1704000,-58320,1645680
2007/10/05,0,443000,-222000,221000
2007/10/08,0,56000,-124986,-68986
2007/10/09,0,3000,-113965,-110965
2007/10/10,0,0,0,0
2007/10/11,0,356000,-109000,247000
2007/10/12,0,77000,-192534,-115534
2007/10/15,0,13000,-145570,-132570
2007/10/16,0,98000,-974000,-876000
2007/10/17,0,19000,-14000,5000
2007/10/18,0,373000,-79000,294000
2007/10/19,0,312000,-261368,50632
2007/10/22,0,49000,-209000,-160000
2007/10/23,0,283000,-13263,269737
2007/10/24,0,454000,-162000,292000
2007/10/25,0,129000,-128000,1000
2007/10/26,0,740000,-1311000,-571000
2007/10/29,0,464000,-1086000,-622000
2007/10/30,0,268000,-640893,-372893
2007/10/31,0,152000,-802000,-650000
2007/11/01,0,167000,-1795708,-1628708
2007/11/02,0,77000,-816000,-739000
2007/11/05,0,100000,-460000,-360000
2007/11/06,0,393000,-1355358,-962358
2007/11/07,0,100000,-64000,36000
2007/11/08,0,103000,-87000,16000
2007/11/09,0,20000,-44000,-24000
2007/11/12,0,17000,-461000,-444000
2007/11/13,0,17000,-298000,-281000
2007/11/14,0,230000,-66000,164000
2007/11/15,0,0,-3000,-3000
2007/11/16,0,58000,-111000,-53000
2007/11/19,0,2000,-456000,-454000
2007/11/20,0,35000,-32562,2438
2007/11/21,0,0,-313000,-313000
2007/11/22,0,18000,-41000,-23000
2007/11/23,0,1000,-207000,-206000
2007/11/26,0,13000,-143000,-130000
2007/11/27,0,163000,-1233881,-1070881
2007/11/28,0,227000,-607242,-380242
2007/11/29,0,179000,-249000,-70000
2007/11/30,0,109000,-100000,9000
2007/12/03,0,177000,-100952,76048
2007/12/04,0,14000,-15000,-1000
2007/12/05,0,9000,-99000,-90000
2007/12/06,0,302000,-87092,214908
2007/12/07,0,54000,-128679,-74679
2007/12/10,0,63000,-15000,48000
2007/12/11,0,417000,-37000,380000
2007/12/12,0,203000,-121000,82000
2007/12/13,0,245000,-128000,117000
2007/12/14,0,198000,-93000,105000
2007/12/17,0,16000,-43000,-27000
2007/12/18,0,302000,-383482,-81482
2007/12/19,0,24000,-12000,12000
2007/12/20,0,0,-22000,-22000
2007/12/21,0,8000,-4000,4000
2007/12/24,0,23000,-1000,22000
2007/12/25,0,16000,-19000,-3000
2007/12/26,0,33000,-7000,26000
2007/12/27,0,18000,-20000,-2000
2007/12/28,0,7000,-19000,-12000
2007/12/31,0,16000,-18000,-2000
2008/01/01,0,0,0,0
2008/01/02,0,40000,-57397,-17397
2008/01/03,0,96000,-5000,91000
2008/01/04,0,2000,-14000,-12000
2008/01/07,0,0,-135000,-135000
2008/01/08,0,49000,-90099,-41099
2008/01/09,0,111000,-553000,-442000
2008/01/10,0,61000,-7000,54000
2008/01/11,0,54000,-210000,-156000
2008/01/14,0,27000,0,27000
2008/01/15,0,30000,-266000,-236000
2008/01/16,0,57000,-477000,-420000
2008/01/17,0,35000,-823982,-788982
2008/01/18,0,24000,-16000,8000
2008/01/21,0,176000,-15000,161000
2008/01/22,0,0,-41000,-41000
2008/01/23,0,37000,-46000,-9000
2008/01/24,0,85000,-44000,41000
2008/01/25,0,73000,-124699,-51699
2008/01/28,0,7000,-216000,-209000
2008/01/29,0,14000,-885000,-871000
2008/01/30,0,756000,-746663,9337
2008/01/31,0,1371000,-432000,939000
2008/02/01,0,141000,-86000,55000
2008/02/04,0,0,0,0
2008/02/05,0,0,0,0
2008/02/06,0,0,0,0
2008/02/07,0,0,0,0
2008/02/08,0,0,0,0
2008/02/11,0,0,0,0
2008/02/12,0,5000,-127000,-122000
2008/02/13,0,25000,-269000,-244000
2008/02/14,0,76000,-281592,-205592
2008/02/15,0,94000,-689000,-595000
2008/02/18,0,5000,-138806,-133806
2008/02/19,0,32000,-43000,-11000
2008/02/20,0,1000,-51000,-50000
2008/02/21,0,52000,-360741,-308741
2008/02/22,0,42000,-6000,36000
2008/02/25,0,11000,0,11000
2008/02/26,0,15000,0,15000
2008/02/27,0,0,-1000,-1000
2008/02/28,0,0,0,0
2008/02/29,0,117000,-3000,114000
2008/03/03,0,92000,-34000,58000
2008/03/04,0,105000,-63000,42000
2008/03/05,0,4000,-114000,-110000
2008/03/06,0,210000,-635771,-425771
2008/03/07,0,41000,-46000,-5000
2008/03/10,0,16000,-351000,-335000
2008/03/11,0,22000,-218000,-196000
2008/03/12,0,50000,-297850,-247850
2008/03/13,0,4000,-315000,-311000
2008/03/14,0,0,-173000,-173000
2008/03/17,0,8000,-37000,-29000
2008/03/18,0,0,-75000,-75000
2008/03/19,0,28000,-67000,-39000
2008/03/20,0,1490000,-113000,1377000
2008/03/21,0,926000,0,926000
2008/03/24,0,1700900,-269000,1431900
2008/03/25,0,1876200,-1541000,335200
2008/03/26,0,21000,-1753680,-1732680
2008/03/27,0,30000,-33000,-3000
2008/03/28,0,50000,-44000,6000
2008/03/31,0,195000,-279925,-84925
2008/04/01,0,2000,-132000,-130000
2008/04/02,0,479000,-31000,448000
2008/04/03,0,2801000,-760662,2040338
2008/04/04,0,0,0,0
2008/04/07,0,457000,-42000,415000
2008/04/08,0,8000,-26000,-18000
2008/04/09,0,0,-59000,-59000
2008/04/10,0,86000,0,86000
2008/04/11,0,31000,-7000,24000
2008/04/14,0,1617000,-50000,1567000
2008/04/15,0,828000,-14000,814000
2008/04/16,0,1662000,0,1662000
2008/04/17,0,78000,-10000,68000
2008/04/18,0,265000,0,265000
2008/04/21,0,295000,-253000,42000
2008/04/22,0,982000,-832000,150000
2008/04/23,0,1083000,-2000,1081000
2008/04/24,0,106000,-5000,101000
2008/04/25,0,642000,-139000,503000
2008/04/28,0,99000,-1000,98000
2008/04/29,0,77000,-50000,27000
2008/04/30,0,101000,-4000,97000
2008/05/01,0,0,0,0
2008/05/02,0,3057000,-1238000,1819000
2008/05/05,0,2265000,-671000,1594000
2008/05/06,0,100000,-14000,86000
2008/05/07,0,15000,-24000,-9000
2008/05/08,0,481000,-66000,415000
2008/05/09,0,172000,-108000,64000
2008/05/12,0,9000,-11631,-2631
2008/05/13,0,25000,-6000,19000
2008/05/14,0,8000,-29000,-21000
2008/05/15,0,1000,0,1000
2008/05/16,0,211000,-292000,-81000
2008/05/19,0,191000,-1000,190000
2008/05/20,0,60000,0,60000
2008/05/21,0,0,-5000,-5000
2008/05/22,0,79000,-76450,2550
2008/05/23,0,0,-27000,-27000
2008/05/26,0,150000,0,150000
2008/05/27,0,9000,0,9000
2008/05/28,0,141000,-49000,92000
2008/05/29,0,153000,-17000,136000
2008/05/30,0,113000,-69000,44000
2008/06/02,0,8000,-9000,-1000
2008/06/03,0,22000,-17777,4223
2008/06/04,0,218000,-8000,210000
2008/06/05,0,303000,-221900,81100
2008/06/06,0,141000,-726000,-585000
2008/06/09,0,39000,-2000,37000
2008/06/10,0,0,-526390,-526390
2008/06/11,0,2000,-5000,-3000
2008/06/12,0,38000,-933000,-895000
2008/06/13,0,8000,-484000,-476000
2008/06/16,0,29000,-181091,-152091
2008/06/17,0,66000,-52000,14000
2008/06/18,0,3000,-20000,-17000
2008/06/19,0,8000,-67000,-59000
2008/06/20,0,66000,-197000,-131000
2008/06/23,0,14000,0,14000
2008/06/24,0,41000,-3000,38000
2008/06/25,0,63000,-48000,15000
2008/06/26,0,29000,-24000,5000
2008/06/27,0,33000,-3000,30000
2008/06/30,0,60000,-89000,-29000
2008/07/01,0,61000,-156549,-95549
2008/07/02,0,73000,-141000,-68000
2008/07/03,0,30000,-22000,8000
2008/07/04,0,130000,-56000,74000
2008/07/07,0,75000,-46000,29000
2008/07/08,0,0,-64000,-64000
2008/07/09,0,26000,-25000,1000
2008/07/10,0,47000,-12000,35000
2008/07/11,0,24000,-25000,-1000
2008/07/14,0,31000,-25000,6000
2008/07/15,0,53000,-66000,-13000
2008/07/16,0,14000,-88000,-74000
2008/07/17,0,109000,-270000,-161000
2008/07/18,0,347000,-538000,-191000
2008/07/21,0,55000,-1244000,-1189000
2008/07/22,0,16000,-345000,-329000
2008/07/23,0,75000,-966000,-891000
2008/07/24,0,374000,-1522000,-1148000
2008/07/25,0,22000,-332000,-310000
2008/07/28,0,0,0,0
2008/07/29,0,41000,-28000,13000
2008/07/30,0,111000,-46000,65000
2008/07/31,0,17000,-50000,-33000
2008/08/01,0,4000,-87000,-83000
2008/08/04,0,26000,-27000,-1000
2008/08/05,0,26000,-37000,-11000
2008/08/06,0,246000,-17000,229000
2008/08/07,0,30000,-132000,-102000
2008/08/08,0,21000,-36000,-15000
2008/08/11,0,107000,-24000,83000
2008/08/12,0,42000,-42000,0
2008/08/13,0,29000,-578000,-549000
2008/08/14,0,26000,-2000,24000
2008/08/15,0,11000,-27000,-16000
2008/08/18,0,0,-5000,-5000
2008/08/19,0,28000,-62321,-34321
2008/08/20,0,0,-27000,-27000
2008/08/21,0,4000,-105000,-101000
2008/08/22,0,9000,-19000,-10000
2008/08/25,0,101000,-32000,69000
2008/08/26,0,84000,-3000,81000
2008/08/27,0,23000,-23000,0
2008/08/28,0,8000,-149000,-141000
2008/08/29,0,274000,-4000,270000
2008/09/01,0,62000,-37000,25000
2008/09/02,0,6000,-31000,-25000
2008/09/03,0,14000,-8000,6000
2008/09/04,0,45000,-6000,39000
2008/09/05,0,78000,-58000,20000
2008/09/08,0,13000,-211000,-198000
2008/09/09,0,11000,-7000,4000
2008/09/10,0,168000,-12000,156000
2008/09/11,0,58000,-84000,-26000
2008/09/12,0,52000,-3000,49000
2008/09/15,0,2000,-60000,-58000
2008/09/16,0,88000,-2000,86000
2008/09/17,0,168000,-27000,141000
2008/09/18,0,697000,-14000,683000
2008/09/19,0,11000,-33000,-22000
2008/09/22,0,10000,-713000,-703000
2008/09/23,0,130000,-1572000,-1442000
2008/09/24,0,123000,-1914000,-1791000
2008/09/25,0,57000,-341000,-284000
2008/09/26,0,3000,-120000,-117000
2008/09/29,0,0,0,0
2008/09/30,0,797000,-10000,787000
2008/10/01,0,14000,-83000,-69000
2008/10/02,0,14000,-61000,-47000
2008/10/03,0,87000,-71000,16000
2008/10/06,0,24000,-90000,-66000
2008/10/07,0,36000,-17000,19000
2008/10/08,0,500000,-57000,443000
2008/10/09,0,284000,-40000,244000
2008/10/10,0,0,0,0
2008/10/13,0,95000,0,95000
2008/10/14,0,94000,-97000,-3000
2008/10/15,0,34000,-97000,-63000
2008/10/16,0,1000,-1000,0
2008/10/17,0,44000,-66000,-22000
2008/10/20,0,112000,0,112000
2008/10/21,0,18000,-128000,-110000
2008/10/22,0,193000,-60000,133000
2008/10/23,0,132000,-1080000,-948000
2008/10/24,0,10000,-130000,-120000
2008/10/27,0,46000,-152000,-106000
2008/10/28,0,106000,-171001,-65001
2008/10/29,0,114000,-89383,24617
2008/10/30,0,114000,-7000,107000
2008/10/31,0,102000,-1955000,-1853000
2008/11/03,0,116000,-1020000,-904000
2008/11/04,0,57000,-59000,-2000
2008/11/05,0,30000,-106000,-76000
2008/11/06,0,0,-110000,-110000
2008/11/07,0,38000,-38000,0
2008/11/10,0,24000,-110000,-86000
2008/11/11,0,13000,-149000,-136000
2008/11/12,0,131000,-20000,111000
2008/11/13,0,7000,-57000,-50000
2008/11/14,0,67000,-7000,60000
2008/11/17,0,23000,-67000,-44000
2008/11/18,0,0,0,0
2008/11/19,0,13000,-12000,1000
2008/11/20,0,28000,-27000,1000
2008/11/21,0,14000,-21000,-7000
2008/11/24,0,11000,-32000,-21000
2008/11/25,0,80000,-28000,52000
2008/11/26,0,51000,-38000,13000
2008/11/27,0,47000,-52000,-5000
2008/11/28,0,12000,-37000,-25000
2008/12/01,0,66000,-10000,56000
2008/12/02,0,11000,-94000,-83000
2008/12/03,0,54000,-140000,-86000
2008/12/04,0,34000,-44000,-10000
2008/12/05,0,210000,-237000,-27000
2008/12/08,0,52000,-31000,21000
2008/12/09,0,106000,-16000,90000
2008/12/10,0,169000,-24000,145000
2008/12/11,0,94000,-212000,-118000
2008/12/12,0,146000,-122000,24000
2008/12/15,0,115000,-19000,96000
2008/12/16,0,18000,-62000,-44000
2008/12/17,0,169000,-67000,102000
2008/12/18,0,109000,-43000,66000
2008/12/19,0,122000,-184770,-62770
2008/12/22,0,3000,-158000,-155000
2008/12/23,0,151000,-194000,-43000
2008/12/24,0,39000,-69000,-30000
2008/12/25,0,14000,-11000,3000
2008/12/26,0,28000,-18000,10000
2008/12/29,0,35000,-2000,33000
2008/12/30,0,347000,-22000,325000
2008/12/31,0,51000,-53000,-2000
2009/01/01,0,0,0,0
2009/01/02,0,0,0,0
2009/01/05,0,73000,-17000,56000
2009/01/06,0,231000,-44000,187000
2009/01/07,0,53000,-58000,-5000
2009/01/08,0,38000,-168000,-130000
2009/01/09,0,62000,-51000,11000
2009/01/12,0,0,-56000,-56000
2009/01/13,0,258000,-25000,233000
2009/01/14,0,20000,-116000,-96000
2009/01/15,0,2000,-41000,-39000
2009/01/16,0,859000,-26000,833000
2009/01/19,0,0,-83000,-83000
2009/01/20,0,2000,-47000,-45000
2009/01/21,0,18000,-37000,-19000
2009/01/22,0,0,0,0
2009/01/23,0,0,0,0
2009/01/26,0,0,0,0
2009/01/27,0,0,0,0
2009/01/28,0,0,0,0
2009/01/29,0,0,0,0
2009/01/30,0,0,0,0
2009/02/02,0,10000,-42000,-32000
2009/02/03,0,144000,-116000,28000
2009/02/04,0,21000,-75000,-54000
2009/02/05,0,627000,-15000,612000
2009/02/06,0,58000,-49000,9000
2009/02/09,0,96000,-1428000,-1332000
2009/02/10,0,101000,-586000,-485000
2009/02/11,0,20000,0,20000
2009/02/12,0,52000,-131000,-79000
2009/02/13,0,112000,-10000,102000
2009/02/16,0,4000,-322000,-318000
2009/02/17,0,7000,-472000,-465000
2009/02/18,0,10000,-156000,-146000
2009/02/19,0,35000,-15000,20000
2009/02/20,0,12000,-280000,-268000
2009/02/23,0,41000,-3000,38000
2009/02/24,0,58000,-47000,11000
2009/02/25,0,118000,-210000,-92000
2009/02/26,0,102500,-37000,65500
2009/02/27,0,38000,0,38000
2009/03/02,0,85000,-69000,16000
2009/03/03,0,40000,-103000,-63000
2009/03/04,0,333000,-297000,36000
2009/03/05,0,0,-520000,-520000
2009/03/06,0,54500,-286000,-231500
2009/03/09,0,161000,-200000,-39000
2009/03/10,0,188000,-200000,-12000
2009/03/11,0,106000,-318000,-212000
2009/03/12,0,152000,-900000,-748000
2009/03/13,0,585000,-821229,-236229
2009/03/16,0,129000,-50000,79000
2009/03/17,0,2000,-18000,-16000
2009/03/18,0,236000,-684702,-448702
2009/03/19,0,82000,-291000,-209000
2009/03/20,0,0,-124000,-124000
2009/03/23,0,140000,-222242,-82242
2009/03/24,0,1000,-418000,-417000
2009/03/25,0,254000,-434566,-180566
2009/03/26,0,1024000,0,1024000
2009/03/27,0,149000,-146000,3000
2009/03/30,0,103000,-308000,-205000
2009/03/31,0,62000,-184000,-122000
2009/04/01,0,15000,-101000,-86000
2009/04/02,0,94000,0,94000
2009/04/03,0,104000,0,104000
2009/04/06,0,149000,-100000,49000
2009/04/07,0,34000,-165000,-131000
2009/04/08,0,28000,-304000,-276000
2009/04/09,0,181000,-87000,94000
2009/04/10,0,39000,-15000,24000
2009/04/13,0,249000,0,249000
2009/04/14,0,168000,-387000,-219000
2009/04/15,0,529000,-217000,312000
2009/04/16,0,69000,-603000,-534000
2009/04/17,0,63000,-266000,-203000
2009/04/20,0,70000,-55000,15000
2009/04/21,0,65000,-41000,24000
2009/04/22,0,132000,-114000,18000
2009/04/23,0,57000,-67000,-10000
2009/04/24,0,191000,-29000,162000
2009/04/27,0,105000,-320000,-215000
2009/04/28,0,52000,-80000,-28000
2009/04/29,0,98000,-33000,65000
2009/04/30,0,401000,0,401000
2009/05/01,0,0,0,0
2009/05/04,0,167000,0,167000
2009/05/05,0,99000,-371000,-272000
2009/05/06,0,279000,-29000,250000
2009/05/07,0,49000,-51000,-2000
2009/05/08,0,287000,-24000,263000
2009/05/11,0,545000,-206000,339000
2009/05/12,0,83000,-126000,-43000
2009/05/13,0,44000,-63000,-19000
2009/05/14,0,200000,-337000,-137000
2009/05/15,0,19000,-45000,-26000
2009/05/18,0,349000,-40000,309000
2009/05/19,0,28000,-697000,-669000
2009/05/20,0,100000,-67000,33000
2009/05/21,0,256000,-100000,156000
2009/05/22,0,31000,-22000,9000
2009/05/25,0,263000,-80000,183000
2009/05/26,0,49000,-194000,-145000
2009/05/27,0,40000,-85000,-45000
2009/05/28,0,0,0,0
2009/05/29,0,0,0,0
2009/06/01,0,94000,-41000,53000
2009/06/02,0,36000,-254000,-218000
2009/06/03,0,59000,-274000,-215000
2009/06/04,0,20000,-32000,-12000
2009/06/05,0,592000,-1000,591000
2009/06/08,0,69000,-123000,-54000
2009/06/09,0,28000,-47000,-19000
2009/06/10,0,305000,-17000,288000
2009/06/11,0,19000,-384784,-365784
2009/06/12,0,237000,-62000,175000
2009/06/15,0,276000,-42000,234000
2009/06/16,0,19000,-14000,5000
2009/06/17,0,132000,-404000,-272000
2009/06/18,0,105000,-15000,90000
2009/06/19,0,59000,-370000,-311000
2009/06/22,0,122000,-50000,72000
2009/06/23,0,194000,-95000,99000
2009/06/24,0,246000,-26000,220000
2009/06/25,0,84000,-23000,61000
2009/06/26,0,120000,-21000,99000
2009/06/29,0,132000,-7000,125000
2009/06/30,0,88000,-70000,18000
2009/07/01,0,59000,0,59000
2009/07/02,0,566000,-76000,490000
2009/07/03,0,6000,-49000,-43000
2009/07/06,0,0,-401000,-401000
2009/07/07,0,874000,0,874000
2009/07/08,0,198000,-104000,94000
2009/07/09,0,171000,-2521000,-2350000
2009/07/10,0,0,-148000,-148000
2009/07/13,0,222000,-26000,196000
2009/07/14,0,110000,-27000,83000
2009/07/15,0,37000,-22000,15000
2009/07/16,0,5000,-58000,-53000
2009/07/17,0,32000,-191000,-159000
2009/07/20,0,70000,-32000,38000
2009/07/21,0,290000,-287000,3000
2009/07/22,0,186000,-3000,183000
2009/07/23,0,304000,-5000,299000
2009/07/24,0,299000,-46000,253000
2009/07/27,0,154000,-9000,145000
2009/07/28,0,72000,-3000,69000
2009/07/29,0,1053000,-68000,985000
2009/07/30,0,7000,-115000,-108000
2009/07/31,0,12000,-2182000,-2170000
2009/08/03,0,111000,-532000,-421000
2009/08/04,0,648000,-609000,39000
2009/08/05,0,623000,-372000,251000
2009/08/06,0,40000,-647000,-607000
2009/08/07,0,0,0,0
2009/08/10,0,779000,-840000,-61000
2009/08/11,0,865000,-7000,858000
2009/08/12,0,0,-3000,-3000
2009/08/13,0,21000,-158000,-137000
2009/08/14,0,1000,-1973000,-1972000
2009/08/17,0,16000,-1490000,-1474000
2009/08/18,0,74000,-563340,-489340
2009/08/19,0,16000,-331303,-315303
2009/08/20,0,363000,-636000,-273000
2009/08/21,0,260000,-202000,58000
2009/08/24,0,2000,-14000,-12000
2009/08/25,0,352000,-26000,326000
2009/08/26,0,253000,-69000,184000
2009/08/27,0,24000,-1000,23000
2009/08/28,0,52000,-53000,-1000
2009/08/31,0,0,-29000,-29000
2009/09/01,0,72000,-31000,41000
2009/09/02,0,15000,-62000,-47000
2009/09/03,0,8000,-77000,-69000
2009/09/04,0,2000,0,2000
2009/09/07,0,981000,-13000,968000
2009/09/08,0,325000,-578000,-253000
2009/09/09,0,3000,-12000,-9000
2009/09/10,0,51000,-720000,-669000
2009/09/11,0,122000,-27000,95000
2009/09/14,0,0,-126000,-126000
2009/09/15,0,177000,-86000,91000
2009/09/16,0,80000,0,80000
2009/09/17,0,228000,-34000,194000
2009/09/18,0,16000,-309000,-293000
2009/09/21,0,10000,-39000,-29000
2009/09/22,0,0,-23000,-23000
2009/09/23,0,15000,-65000,-50000
2009/09/24,0,56000,-3000,53000
2009/09/25,0,72000,-126000,-54000
2009/09/28,0,14000,-235000,-221000
2009/09/29,0,115000,-217000,-102000
2009/09/30,0,59180,-183000,-123820
2009/10/01,0,15000,-7000,8000
2009/10/02,0,0,-23000,-23000
2009/10/05,0,23000,-24000,-1000
2009/10/06,0,206000,0,206000
2009/10/07,0,0,0,0
2009/10/08,0,42000,-108000,-66000
2009/10/09,0,195000,-27000,168000
2009/10/12,0,98000,-41000,57000
2009/10/13,0,552000,-73000,479000
2009/10/14,0,536000,-245000,291000
2009/10/15,0,169000,-107000,62000
2009/10/16,0,219000,-7000,212000
2009/10/19,0,305000,-12008,292992
2009/10/20,0,308000,-11000,297000
2009/10/21,0,183000,-106000,77000
2009/10/22,0,587000,-260000,327000
2009/10/23,0,206000,-77000,129000
2009/10/26,0,177000,-24000,153000
2009/10/27,0,0,-138000,-138000
2009/10/28,0,414000,-10000,404000
2009/10/29,0,537003,-33000,504003
2009/10/30,0,209000,-31000,178000
2009/11/02,0,81000,-30000,51000
2009/11/03,0,44000,-56000,-12000
2009/11/04,0,223000,-96000,127000
2009/11/05,0,202000,-130000,72000
2009/11/06,0,113000,-236000,-123000
2009/11/09,0,196000,-14000,182000
2009/11/10,0,197000,-340595,-143595
2009/11/11,0,13000,-116000,-103000
2009/11/12,0,34000,-496000,-462000
2009/11/13,0,153000,-393000,-240000
2009/11/16,0,99000,-479000,-380000
2009/11/17,0,52000,-18000,34000
2009/11/18,0,232000,-31000,201000
2009/11/19,0,221000,-86000,135000
2009/11/20,0,226000,-33000,193000
2009/11/23,0,233000,-57000,176000
2009/11/24,0,436000,-68000,368000
2009/11/25,0,13000,-938000,-925000
2009/11/26,0,100000,-957000,-857000
2009/11/27,0,59000,-750000,-691000
2009/11/30,0,103000,-73000,30000
2009/12/01,0,103000,-23000,80000
2009/12/02,0,269000,-26000,243000
2009/12/03,0,157000,-1306000,-1149000
2009/12/04,0,98000,-37000,61000
2009/12/07,0,119000,-484000,-365000
2009/12/08,0,212000,-174000,38000
2009/12/09,0,196000,-38000,158000
2009/12/10,0,380000,-160000,220000
2009/12/11,0,141000,-78000,63000
2009/12/14,0,153000,-620000,-467000
2009/12/15,0,560000,-737000,-177000
2009/12/16,0,28000,-546000,-518000
2009/12/17,0,32000,-326000,-294000
2009/12/18,0,2000,-180000,-178000
2009/12/21,0,39000,-23000,16000
2009/12/22,0,129000,-197000,-68000
2009/12/23,0,560000,-342000,218000
2009/12/24,0,1188000,-757000,431000
2009/12/25,0,0,-4000,-4000
2009/12/28,0,470000,-112000,358000
2009/12/29,0,831000,0,831000
2009/12/30,0,146000,0,146000
2009/12/31,0,119150,-137095,-17945
2010/01/01,0,0,0,0
2010/01/04,0,37000,-232000,-195000
2010/01/05,0,83800,-190800,-107000
2010/01/06,0,1311000,-65000,1246000
2010/01/07,0,200000,-99000,101000
2010/01/08,0,319000,-190000,129000
2010/01/11,0,20000,-291000,-271000
2010/01/12,0,415000,-26000,389000
2010/01/13,0,283000,-466000,-183000
2010/01/14,0,121000,-87000,34000
2010/01/15,0,50000,-14150,35850
2010/01/18,0,78000,0,78000
2010/01/19,0,78000,-141000,-63000
2010/01/20,0,78000,0,78000
2010/01/21,0,126000,-1094000,-968000
2010/01/22,0,1166000,-5000,1161000
2010/01/25,0,622000,-42000,580000
2010/01/26,0,1144000,-67000,1077000
2010/01/27,0,64000,-317000,-253000
2010/01/28,0,33000,-3000,30000
2010/01/29,0,19000,-50000,-31000
2010/02/01,0,11000,-25000,-14000
2010/02/02,0,192000,-613000,-421000
2010/02/03,0,82000,-32000,50000
2010/02/04,0,29000,-15000,14000
2010/02/05,0,0,-116000,-116000
2010/02/08,0,2000,-211000,-209000
2010/02/09,0,68000,-306000,-238000
2010/02/10,0,99000,-324000,-225000
2010/02/11,0,0,0,0
2010/02/12,0,0,0,0
2010/02/15,0,0,0,0
2010/02/16,0,0,0,0
2010/02/17,0,0,0,0
2010/02/18,0,0,0,0
2010/02/19,0,0,0,0
2010/02/22,0,775000,-317000,458000
2010/02/23,0,132000,-172000,-40000
2010/02/24,0,177000,-601000,-424000
2010/02/25,0,143000,-29000,114000
2010/02/26,0,54000,-121000,-67000
2010/03/01,0,105000,-430000,-325000
2010/03/02,0,119000,-157000,-38000
2010/03/03,0,83000,-207000,-124000
2010/03/04,0,24000,-218000,-194000
2010/03/05,0,144000,-341000,-197000
2010/03/08,0,300000,-156000,144000
2010/03/09,0,36000,-1187000,-1151000
2010/03/10,0,20000,-667000,-647000
2010/03/11,0,0,-67000,-67000
2010/03/12,0,48000,-197000,-149000
2010/03/15,0,1000,-104000,-103000
2010/03/16,0,30000,-100000,-70000
2010/03/17,0,36000,-250000,-214000
2010/03/18,0,33000,-7000,26000
2010/03/19,0,86000,-54000,32000
2010/03/22,0,33000,-5000,28000
2010/03/23,0,401000,-66000,335000
2010/03/24,0,84000,0,84000
2010/03/25,0,196000,-20000,176000
2010/03/26,0,730000,-35000,695000
2010/03/29,0,38000,-53000,-15000
2010/03/30,0,31000,-30000,1000
2010/03/31,0,26000,-4000,22000
2010/04/01,0,133000,-20000,113000
2010/04/02,0,119000,-12000,107000
2010/04/05,0,0,0,0
2010/04/06,0,45000,-7000,38000
2010/04/07,0,396000,-233000,163000
2010/04/08,0,69000,-50000,19000
2010/04/09,0,19000,-8000,11000
2010/04/12,0,21000,-214000,-193000
2010/04/13,0,20000,-2000,18000
2010/04/14,0,4000,0,4000
2010/04/15,0,41000,-55000,-14000
2010/04/16,0,44000,-213000,-169000
2010/04/19,0,3000,-70000,-67000
2010/04/20,0,614000,-323000,291000
2010/04/21,0,104000,-235000,-131000
2010/04/22,0,108000,-292000,-184000
2010/04/23,0,262000,-82000,180000
2010/04/26,0,272000,-31000,241000
2010/04/27,0,20000,0,20000
2010/04/28,0,45000,-462000,-417000
2010/04/29,0,85000,-80000,5000
2010/04/30,0,147000,-116000,31000
2010/05/03,0,143000,-126000,17000
2010/05/04,0,12000,-27000,-15000
2010/05/05,0,47000,-94000,-47000
2010/05/06,0,250000,-94000,156000
2010/05/07,0,119000,-41000,78000
2010/05/10,0,88000,-81000,7000
2010/05/11,0,442000,-46000,396000
2010/05/12,0,202000,-87000,115000
2010/05/13,0,89000,0,89000
2010/05/14,0,72000,-118000,-46000
2010/05/17,0,122000,-66000,56000
2010/05/18,0,117000,-45000,72000
2010/05/19,0,138000,-63000,75000
2010/05/20,0,23000,-90000,-67000
2010/05/21,0,157000,-338000,-181000
2010/05/24,0,213000,-13000,200000
2010/05/25,0,31000,-148000,-117000
2010/05/26,0,214000,-53000,161000
2010/05/27,0,24000,-233000,-209000
2010/05/28,0,92000,-91000,1000
2010/05/31,0,21000,-5000,16000
2010/06/01,0,5000,-92000,-87000
2010/06/02,0,37000,-113000,-76000
2010/06/03,0,68000,-816000,-748000
2010/06/04,0,87000,-1121000,-1034000
2010/06/07,0,1000,-103000,-102000
2010/06/08,0,4000,-1491000,-1487000
2010/06/09,0,222000,-1323000,-1101000
2010/06/10,0,89000,-26000,63000
2010/06/11,0,111000,-39000,72000
2010/06/14,0,203000,0,203000
2010/06/15,0,9000,-15000,-6000
2010/06/16,0,0,0,0
2010/06/17,0,34000,-102000,-68000
2010/06/18,0,174000,-171000,3000
2010/06/21,0,162000,-195000,-33000
2010/06/22,0,42000,-113000,-71000
2010/06/23,0,52000,-42000,10000
2010/06/24,0,100000,-298000,-198000
2010/06/25,0,203,-153000,-152797
2010/06/28,0,10000,-153000,-143000
2010/06/29,0,0,-185000,-185000
2010/06/30,0,200000,-220000,-20000
2010/07/01,0,31000,-78000,-47000
2010/07/02,0,0,-135000,-135000
2010/07/05,0,190000,-39000,151000
2010/07/06,0,561000,-34000,527000
2010/07/07,0,370000,-294000,76000
2010/07/08,0,166000,-60000,106000
2010/07/09,0,159000,-5000,154000
2010/07/12,0,205000,-53000,152000
2010/07/13,0,14000,-22000,-8000
2010/07/14,0,34000,-14000,20000
2010/07/15,0,14000,-633000,-619000
2010/07/16,0,2000,-25000,-23000
2010/07/19,0,8000,-9000,-1000
2010/07/20,0,2000,-2000,0
2010/07/21,0,11000,-13000,-2000
2010/07/22,0,0,-16000,-16000
2010/07/23,0,20000,-161000,-141000
2010/07/26,0,105000,-7000,98000
2010/07/27,0,2000,-18000,-16000
2010/07/28,0,5000,-25000,-20000
2010/07/29,0,0,-14000,-14000
2010/07/30,0,0,-63000,-63000
2010/08/02,0,142000,-11000,131000
2010/08/03,0,21000,0,21000
2010/08/04,0,41000,-669000,-628000
2010/08/05,0,0,-184000,-184000
2010/08/06,0,116000,-5000,111000
2010/08/09,0,154000,-2000,152000
2010/08/10,0,5000,-78000,-73000
2010/08/11,0,8000,-3000,5000
2010/08/12,0,10000,-38000,-28000
2010/08/13,0,29000,-23000,6000
2010/08/16,0,153000,-26000,127000
2010/08/17,0,52000,0,52000
2010/08/18,0,0,-23000,-23000
2010/08/19,0,18000,0,18000
2010/08/20,0,685000,-12000,673000
2010/08/23,0,611000,-263000,348000
2010/08/24,0,506000,-58000,448000
2010/08/25,0,27000,-323000,-296000
2010/08/26,0,557000,-42000,515000
2010/08/27,0,23000,-260000,-237000
2010/08/30,0,273000,-241000,32000
2010/08/31,0,5000,-3000,2000
2010/09/01,0,21000,-637000,-616000
2010/09/02,0,18000,0,18000
2010/09/03,0,34000,0,34000
2010/09/06,0,135000,0,135000
2010/09/07,0,46000,0,46000
2010/09/08,0,30000,-3000,27000
2010/09/09,0,558000,0,558000
2010/09/10,0,11000,0,11000
2010/09/13,0,967000,0,967000
2010/09/14,0,2685000,-62000,2623000
2010/09/15,0,1496000,-5000,1491000
2010/09/16,0,1293000,-29000,1264000
2010/09/17,0,769000,-78000,691000
2010/09/20,0,670000,0,670000
2010/09/21,0,1021000,0,1021000
2010/09/22,0,0,0,0
2010/09/23,0,226000,-12000,214000
2010/09/24,0,226000,-6000,220000
2010/09/27,0,347000,-33000,314000
2010/09/28,0,215000,-4000,211000
2010/09/29,0,227000,0,227000
2010/09/30,0,152000,-41000,111000
2010/10/01,0,214000,-31000,183000
2010/10/04,0,352000,-18000,334000
2010/10/05,0,14000,-52000,-38000
2010/10/06,0,15000,-2000,13000
2010/10/07,0,48000,-215000,-167000
2010/10/08,0,3000,0,3000
2010/10/11,0,32000,-6000,26000
2010/10/12,0,0,-18000,-18000
2010/10/13,0,30000,-4000,26000
2010/10/14,0,59000,0,59000
2010/10/15,0,10000,0,10000
2010/10/18,0,11000,-285000,-274000
2010/10/19,0,15000,-38000,-23000
2010/10/20,0,301000,-13000,288000
2010/10/21,0,8000,-35000,-27000
2010/10/22,0,23000,-2000,21000
2010/10/25,0,25000,-2000,23000
2010/10/26,0,221000,0,221000
2010/10/27,0,9000,-15000,-6000
2010/10/28,0,61000,-6000,55000
2010/10/29,0,23000,-226000,-203000
2010/11/01,0,56000,0,56000
2010/11/02,0,42000,-10000,32000
2010/11/03,0,99000,-116000,-17000
2010/11/04,0,46000,-51000,-5000
2010/11/05,0,29000,-23000,6000
2010/11/08,0,16000,-17000,-1000
2010/11/09,0,50000,0,50000
2010/11/10,0,53000,0,53000
2010/11/11,0,112000,0,112000
2010/11/12,0,16000,-114000,-98000
2010/11/15,0,7000,0,7000
2010/11/16,0,0,-33000,-33000
2010/11/17,0,10000,-31000,-21000
2010/11/18,0,12000,-11000,1000
2010/11/19,0,205000,-67000,138000
2010/11/22,0,67000,-22000,45000
2010/11/23,0,4000,-16000,-12000
2010/11/24,0,16000,-23000,-7000
2010/11/25,0,0,-23000,-23000
2010/11/26,0,8000,-25000,-17000
2010/11/29,0,32000,-42000,-10000
2010/11/30,0,79000,-103000,-24000
2010/12/01,0,8000,-18000,-10000
2010/12/02,0,20000,-10000,10000
2010/12/03,0,16000,-15000,1000
2010/12/06,0,28000,-33000,-5000
2010/12/07,0,205000,-6000,199000
2010/12/08,0,205000,-5000,200000
2010/12/09,0,103000,-59000,44000
2010/12/10,0,20000,-7000,13000
2010/12/13,0,225000,-31000,194000
2010/12/14,0,101000,-24000,77000
2010/12/15,0,57000,-213000,-156000
2010/12/16,0,354000,-179000,175000
2010/12/17,0,3000,-5000,-2000
2010/12/20,0,28000,-26000,2000
2010/12/21,0,28000,-9000,19000
2010/12/22,0,47000,-11000,36000
2010/12/23,0,110000,-2000,108000
2010/12/24,0,182000,-8000,174000
2010/12/27,0,21000,-225000,-204000
2010/12/28,0,113000,-10000,103000
2010/12/29,0,268000,-31000,237000
2010/12/30,0,86000,-44000,42000
2010/12/31,0,41000,-297000,-256000
2011/01/03,0,15000,-5000,10000
2011/01/04,0,214000,0,214000
2011/01/05,0,235000,-40000,195000
2011/01/06,0,122000,-154000,-32000
2011/01/07,0,15000,-713000,-698000
2011/01/10,0,13000,-508000,-495000
2011/01/11,0,77000,-317000,-240000
2011/01/12,0,45000,-631000,-586000
2011/01/13,0,12000,-565000,-553000
2011/01/14,0,22000,-265000,-243000
2011/01/17,0,84000,-305000,-221000
2011/01/18,0,27000,-201000,-174000
2011/01/19,0,63000,-353000,-290000
2011/01/20,0,117000,-433000,-316000
2011/01/21,0,10000,-350000,-340000
2011/01/24,0,12000,-191000,-179000
2011/01/25,0,2000,-224000,-222000
2011/01/26,0,2000,-300000,-298000
2011/01/27,0,19000,-174000,-155000
2011/01/28,0,14000,-437000,-423000
2011/01/31,0,0,0,0
2011/02/01,0,0,0,0
2011/02/02,0,0,0,0
2011/02/03,0,0,0,0
2011/02/04,0,0,0,0
2011/02/07,0,0,0,0
2011/02/08,0,144000,-502000,-358000
2011/02/09,0,29000,-183000,-154000
2011/02/10,0,45000,-158000,-113000
2011/02/11,0,1000,-522000,-521000
2011/02/14,0,5000,-709000,-704000
2011/02/15,0,38000,-450000,-412000
2011/02/16,0,20000,-346000,-326000
2011/02/17,0,4000,-177000,-173000
2011/02/18,0,26000,-248000,-222000
2011/02/21,0,29000,-337000,-308000
2011/02/22,0,32000,-59000,-27000
2011/02/23,0,131000,-35000,96000
2011/02/24,0,92000,-172000,-80000
2011/02/25,0,16000,-11000,5000
2011/02/28,0,0,0,0
2011/03/01,0,77000,-6000,71000
2011/03/02,0,10000,-51000,-41000
2011/03/03,0,61000,-34000,27000
2011/03/04,0,23000,-21000,2000
2011/03/07,0,13000,-51000,-38000
2011/03/08,0,145000,-26000,119000
2011/03/09,0,45000,-37000,8000
2011/03/10,0,61319,-307000,-245681
2011/03/11,0,29000,-228000,-199000
2011/03/14,0,99000,-434000,-335000
2011/03/15,0,108000,-833000,-725000
2011/03/16,0,48000,-646000,-598000
2011/03/17,0,121000,-582254,-461254
2011/03/18,0,102000,-906000,-804000
2011/03/21,0,14000,-16000,-2000
2011/03/22,0,122000,-310000,-188000
2011/03/23,0,35000,-272000,-237000
2011/03/24,0,5000,-191000,-186000
2011/03/25,0,216000,-183000,33000
2011/03/28,0,57000,0,57000
2011/03/29,0,14000,-252000,-238000
2011/03/30,0,38000,-156000,-118000
2011/03/31,0,72279,-11000,61279
2011/04/01,0,11000,-2000,9000
2011/04/04,0,0,0,0
2011/04/05,0,0,0,0
2011/04/06,0,86000,-9000,77000
2011/04/07,0,51000,-13000,38000
2011/04/08,0,172000,-1000,171000
2011/04/11,0,57000,-17000,40000
2011/04/12,0,132000,-164000,-32000
2011/04/13,0,67000,-151000,-84000
2011/04/14,0,65000,-172000,-107000
2011/04/15,0,92000,-59000,33000
2011/04/18,0,38000,-11000,27000
2011/04/19,0,20000,-126000,-106000
2011/04/20,0,108000,-96000,12000
2011/04/21,0,224000,-57000,167000
2011/04/22,0,98000,-9000,89000
2011/04/25,0,95000,-10000,85000
2011/04/26,0,63000,-8000,55000
2011/04/27,0,29000,-152000,-123000
2011/04/28,0,82000,-38000,44000
2011/04/29,0,23000,-44000,-21000
2011/05/02,0,0,0,0
2011/05/03,0,211000,-111000,100000
2011/05/04,0,7000,-103000,-96000
2011/05/05,0,28000,-99000,-71000
2011/05/06,0,26000,-78000,-52000
2011/05/09,0,83000,-244000,-161000
2011/05/10,0,4000,-11000,-7000
2011/05/11,0,14000,-39000,-25000
2011/05/12,0,0,-14000,-14000
2011/05/13,0,19000,-8000,11000
2011/05/16,0,0,-42000,-42000
2011/05/17,0,3000,-80000,-77000
2011/05/18,0,140000,-9000,131000
2011/05/19,0,150000,-12000,138000
2011/05/20,0,16000,-28000,-12000
2011/05/23,0,16000,-114000,-98000
2011/05/24,0,37000,-65000,-28000
2011/05/25,0,2000,-97000,-95000
2011/05/26,0,10000,-29397,-19397
2011/05/27,0,23000,-20000,3000
2011/05/30,0,14000,-23000,-9000
2011/05/31,0,150000,-24000,126000
2011/06/01,0,42000,-11000,31000
2011/06/02,0,10000,-1000,9000
2011/06/03,0,8000,0,8000
2011/06/06,0,0,0,0
2011/06/07,0,68000,-28000,40000
2011/06/08,0,4000,-37000,-33000
2011/06/09,0,40000,-10000,30000
2011/06/10,0,16000,-95000,-79000
2011/06/13,0,4000,-14000,-10000
2011/06/14,0,12000,-13000,-1000
2011/06/15,0,51000,-102000,-51000
2011/06/16,0,202000,-121000,81000
2011/06/17,0,205065,-707065,-502000
2011/06/20,0,53000,-59000,-6000
2011/06/21,0,106000,-55000,51000
2011/06/22,0,27000,-41000,-14000
2011/06/23,0,55000,-15065,39935
2011/06/24,0,75000,0,75000
2011/06/27,0,19000,-11000,8000
2011/06/28,0,27000,0,27000
2011/06/29,0,38000,-1000,37000
2011/06/30,0,72000,-32000,40000
2011/07/01,0,15000,-5000,10000
2011/07/04,0,2000,-129000,-127000
2011/07/05,0,8000,-78000,-70000
2011/07/06,0,26000,-60000,-34000
2011/07/07,0,8000,-33000,-25000
2011/07/08,0,60000,-3000,57000
2011/07/11,0,66000,-13000,53000
2011/07/12,0,18000,-5000,13000
2011/07/13,0,35000,-18000,17000
2011/07/14,0,55000,-18000,37000
2011/07/15,0,41000,-12000,29000
2011/07/18,0,18000,-18000,0
2011/07/19,0,92000,-6000,86000
2011/07/20,0,222000,-5000,217000
2011/07/21,0,19000,0,19000
2011/07/22,0,68000,-6000,62000
2011/07/25,0,27000,0,27000
2011/07/26,0,56000,-13000,43000
2011/07/27,0,31000,-14000,17000
2011/07/28,0,26000,-93000,-67000
2011/07/29,0,32000,-8000,24000
2011/08/01,0,143000,0,143000
2011/08/02,0,74000,-4000,70000
2011/08/03,0,19000,-42000,-23000
2011/08/04,0,63000,-25000,38000
2011/08/05,0,162000,-25000,137000
2011/08/08,0,23000,-56000,-33000
2011/08/09,0,60000,-213000,-153000
2011/08/10,0,84000,-215000,-131000
2011/08/11,0,82000,-33000,49000
2011/08/12,0,99000,-105000,-6000
2011/08/15,0,1000,-2000,-1000
2011/08/16,0,0,-9000,-9000
2011/08/17,0,43000,-111000,-68000
2011/08/18,0,31000,-170000,-139000
2011/08/19,0,160000,-104000,56000
2011/08/22,0,44000,-21000,23000
2011/08/23,0,81000,-7000,74000
2011/08/24,0,9000,-30000,-21000
2011/08/25,0,26000,-21000,5000
2011/08/26,0,112000,-3000,109000
2011/08/29,0,24000,-16000,8000
2011/08/30,0,37000,-17000,20000
2011/08/31,0,139000,-22000,117000
2011/09/01,0,142000,-72000,70000
2011/09/02,0,20000,-12000,8000
2011/09/05,0,15000,-34000,-19000
2011/09/06,0,17000,-57000,-40000
2011/09/07,0,16000,-8000,8000
2011/09/08,0,38000,-12000,26000
2011/09/09,0,51000,-11000,40000
2011/09/12,0,0,0,0
2011/09/13,0,3000,-2000,1000
2011/09/14,0,2000,-101000,-99000
2011/09/15,0,72000,-28800,43200
2011/09/16,0,84000,-133200,-49200
2011/09/19,0,224000,-22000,202000
2011/09/20,0,25000,-9000,16000
2011/09/21,0,47000,-7000,40000
2011/09/22,0,12000,-58000,-46000
2011/09/23,0,21000,-35000,-14000
2011/09/26,0,22000,-47000,-25000
2011/09/27,0,46000,-2000,44000
2011/09/28,0,104000,-9000,95000
2011/09/29,0,101000,-23000,78000
2011/09/30,0,69000,-33000,36000
2011/10/03,0,76000,-17000,59000
2011/10/04,0,105000,-4000,101000
2011/10/05,0,341000,-12000,329000
2011/10/06,0,555000,-86000,469000
2011/10/07,0,450000,-92000,358000
2011/10/10,0,0,0,0
2011/10/11,0,966000,-353000,613000
2011/10/12,0,466000,-193000,273000
2011/10/13,0,473000,-146000,327000
2011/10/14,0,43000,-16000,27000
2011/10/17,0,50000,-112000,-62000
2011/10/18,0,21000,-4000,17000
2011/10/19,0,18000,-411000,-393000
2011/10/20,0,3000,-67000,-64000
2011/10/21,0,5000,-208000,-203000
2011/10/24,0,109000,-93000,16000
2011/10/25,0,82000,0,82000
2011/10/26,0,77000,-224000,-147000
2011/10/27,0,342000,-300000,42000
2011/10/28,0,93000,-135000,-42000
2011/10/31,0,15000,-16000,-1000
2011/11/01,0,81000,-41000,40000
2011/11/02,0,112000,-17000,95000
2011/11/03,0,76000,-89000,-13000
2011/11/04,0,34000,-53000,-19000
2011/11/07,0,33000,-48000,-15000
2011/11/08,0,8000,-76000,-68000
2011/11/09,0,174000,-39000,135000
2011/11/10,0,57000,-46000,11000
2011/11/11,0,21000,-79000,-58000
2011/11/14,0,12000,-51000,-39000
2011/11/15,0,14000,0,14000
2011/11/16,0,5000,-18000,-13000
2011/11/17,0,5000,-29000,-24000
2011/11/18,0,50000,-4000,46000
2011/11/21,0,16000,-12000,4000
2011/11/22,0,61000,-20000,41000
2011/11/23,0,75000,-77000,-2000
2011/11/24,0,58000,-24000,34000
2011/11/25,0,2000,-36000,-34000
2011/11/28,0,21000,-36000,-15000
2011/11/29,0,44000,-53000,-9000
2011/11/30,0,1000,-14000,-13000
2011/12/01,0,44000,-19000,25000
2011/12/02,0,21000,-86000,-65000
2011/12/05,0,45000,-76000,-31000
2011/12/06,0,6000,-54000,-48000
2011/12/07,0,34000,-122000,-88000
2011/12/08,0,40000,-172000,-132000
2011/12/09,0,32000,-24000,8000
2011/12/12,0,12000,-32000,-20000
2011/12/13,0,59000,-6000,53000
2011/12/14,0,55000,-7000,48000
2011/12/15,0,26000,-8000,18000
2011/12/16,0,62000,-14000,48000
2011/12/19,0,53000,-27000,26000
2011/12/20,0,96000,-20000,76000
2011/12/21,0,34000,-11000,23000
2011/12/22,0,87000,-15000,72000
2011/12/23,0,81000,-1000,80000
2011/12/26,0,16000,0,16000
2011/12/27,0,26000,0,26000
2011/12/28,0,49000,-7000,42000
2011/12/29,0,19000,-3000,16000
2011/12/30,0,68000,-22000,46000
2012/01/02,0,2000,-31000,-29000
2012/01/03,0,25000,-4000,21000
2012/01/04,0,37000,-27000,10000
2012/01/05,0,17000,-9000,8000
2012/01/06,0,24000,-54000,-30000
2012/01/09,0,36000,-76000,-40000
2012/01/10,0,60000,-3000,57000
2012/01/11,0,43000,-11000,32000
2012/01/12,0,42000,-18000,24000
2012/01/13,0,29000,-1000,28000
2012/01/16,0,38000,-106000,-68000
2012/01/17,0,77000,-90000,-13000
2012/01/18,0,76000,-39000,37000
2012/01/19,0,0,0,0
2012/01/20,0,0,0,0
2012/01/23,0,0,0,0
2012/01/24,0,0,0,0
2012/01/25,0,0,0,0
2012/01/26,0,0,0,0
2012/01/27,0,0,0,0
2012/01/30,0,75000,-1000,74000
2012/01/31,0,93000,-9000,84000
2012/02/01,0,1000,-113000,-112000
2012/02/02,0,2000,-40000,-38000
2012/02/03,0,842000,-171000,671000
2012/02/06,0,88000,-178000,-90000
2012/02/07,0,578000,-1119000,-541000
2012/02/08,0,1524000,-309000,1215000
2012/02/09,0,498000,-619000,-121000
2012/02/10,0,368000,-23000,345000
2012/02/13,0,1360000,-226000,1134000
2012/02/14,0,13000,-135000,-122000
2012/02/15,0,418000,-169000,249000
2012/02/16,0,419000,-461000,-42000
2012/02/17,0,305000,-369000,-64000
2012/02/20,0,134000,-73000,61000
2012/02/21,0,53000,-506000,-453000
2012/02/22,0,43000,-316000,-273000
2012/02/23,0,63000,-75000,-12000
2012/02/24,0,513000,-117000,396000
2012/02/27,0,0,0,0
2012/02/28,0,0,0,0
2012/02/29,0,219000,-34000,185000
2012/03/01,0,591000,-94000,497000
2012/03/02,0,247000,-493000,-246000
2012/03/05,0,135000,-16000,119000
2012/03/06,0,70000,-70000,0
2012/03/07,0,133000,-29000,104000
2012/03/08,0,451000,-84000,367000
2012/03/09,0,90000,-76000,14000
2012/03/12,0,42000,-9000,33000
2012/03/13,0,147000,-475000,-328000
2012/03/14,0,129000,-186000,-57000
2012/03/15,0,307000,-374000,-67000
2012/03/16,0,325000,-327000,-2000
2012/03/19,0,18000,-185000,-167000
2012/03/20,0,8000,-308000,-300000
2012/03/21,0,52000,-110000,-58000
2012/03/22,0,76000,-127000,-51000
2012/03/23,0,186000,-302000,-116000
2012/03/26,0,33000,-129000,-96000
2012/03/27,0,21000,-25000,-4000
2012/03/28,0,87000,-42000,45000
2012/03/29,0,48000,-362000,-314000
2012/03/30,0,244000,-540000,-296000
2012/04/02,0,12000,-322000,-310000
2012/04/03,0,74000,-223000,-149000
2012/04/04,0,0,0,0
2012/04/05,0,153000,-29000,124000
2012/04/06,0,165000,-97000,68000
2012/04/09,0,135000,-63000,72000
2012/04/10,0,179000,-110000,69000
2012/04/11,0,84000,-99000,-15000
2012/04/12,0,51000,-146000,-95000
2012/04/13,0,134000,-92000,42000
2012/04/16,0,431000,-687000,-256000
2012/04/17,0,750000,-221000,529000
2012/04/18,0,266000,-307000,-41000
2012/04/19,0,370000,-151000,219000
2012/04/20,0,347000,-140000,207000
2012/04/23,0,115000,-99000,16000
2012/04/24,0,367000,-27000,340000
2012/04/25,0,199000,-78000,121000
2012/04/26,0,157000,-167000,-10000
2012/04/27,0,639000,-56000,583000
2012/04/30,0,520000,-188000,332000
2012/05/01,0,0,0,0
2012/05/02,0,1608000,-336000,1272000
2012/05/03,0,752000,-428000,324000
2012/05/04,0,708000,-29000,679000
2012/05/07,0,639000,-65000,574000
2012/05/08,0,538000,-222000,316000
2012/05/09,0,474000,-173000,301000
2012/05/10,0,1427000,-269000,1158000
2012/05/11,0,77000,-70000,7000
2012/05/14,0,174000,-34000,140000
2012/05/15,0,377000,-202000,175000
2012/05/16,0,116000,-75000,41000
2012/05/17,0,1120000,-115000,1005000
2012/05/18,0,52000,-217000,-165000
2012/05/21,0,43000,-113000,-70000
2012/05/22,0,43000,-77000,-34000
2012/05/23,0,99000,-62000,37000
2012/05/24,0,146000,-122000,24000
2012/05/25,0,145000,-447000,-302000
2012/05/28,0,66000,-15000,51000
2012/05/29,0,112000,-103000,9000
2012/05/30,0,17000,-143000,-126000
2012/05/31,0,71000,-603000,-532000
2012/06/01,0,91000,-99000,-8000
2012/06/04,0,32000,-31000,1000
2012/06/05,0,306000,-80000,226000
2012/06/06,0,202000,-37000,165000
2012/06/07,0,284000,-6000,278000
2012/06/08,0,578000,-216000,362000
2012/06/11,0,217000,-14000,203000
2012/06/12,0,141000,-144000,-3000
2012/06/13,0,109000,-73000,36000
2012/06/14,0,184000,-134000,50000
2012/06/15,0,307958,-630000,-322042
2012/06/18,0,193000,-148000,45000
2012/06/19,0,19000,-1071000,-1052000
2012/06/20,0,355000,-788000,-433000
2012/06/21,0,118000,-1118986,-1000986
2012/06/22,0,165000,-77000,88000
2012/06/25,0,113000,-319000,-206000
2012/06/26,0,119000,-177000,-58000
2012/06/27,0,6000,-141000,-135000
2012/06/28,0,14998,-522000,-507002
2012/06/29,0,35997,-274000,-238003
2012/07/02,0,61000,-288000,-227000
2012/07/03,0,145000,-641000,-496000
2012/07/04,0,257000,-1249000,-992000
2012/07/05,0,37000,-712000,-675000
2012/07/06,0,116000,-88000,28000
2012/07/09,0,59000,-442000,-383000
2012/07/10,0,31000,-820000,-789000
2012/07/11,0,351000,-234000,117000
2012/07/12,0,46000,-827000,-781000
2012/07/13,0,14000,-605000,-591000
2012/07/16,0,158000,-150000,8000
2012/07/17,0,207000,-396000,-189000
2012/07/18,0,247000,-495000,-248000
2012/07/19,0,166000,-261000,-95000
2012/07/20,0,102000,-61000,41000
2012/07/23,0,102000,-355000,-253000
2012/07/24,0,121000,-309000,-188000
2012/07/25,0,76000,-88000,-12000
2012/07/26,0,42000,-213000,-171000
2012/07/27,0,176000,-549000,-373000
2012/07/30,0,104000,-84000,20000
2012/07/31,0,95000,-248000,-153000
2012/08/01,0,29000,-472000,-443000
2012/08/02,0,0,0,0
2012/08/03,0,0,-277000,-277000
2012/08/06,0,122000,-199000,-77000
2012/08/07,0,35000,-17000,18000
2012/08/08,0,131000,-724000,-593000
2012/08/09,0,211000,-223000,-12000
2012/08/10,0,72000,-351000,-279000
2012/08/13,0,44000,-90000,-46000
2012/08/14,0,48000,-214000,-166000
2012/08/15,0,18000,-319000,-301000
2012/08/16,0,109000,-79000,30000
2012/08/17,0,79000,-70000,9000
2012/08/20,0,0,-244550,-244550
2012/08/21,0,28000,-22000,6000
2012/08/22,0,4000,-107450,-103450
2012/08/23,0,162000,-40000,122000
2012/08/24,0,1350000,-71000,1279000
2012/08/27,0,0,-266000,-266000
2012/08/28,0,47000,-161000,-114000
2012/08/29,0,130000,-603000,-473000
2012/08/30,0,89000,-74000,15000
2012/08/31,0,156000,-83000,73000
2012/09/03,0,29000,-80000,-51000
2012/09/04,0,45000,-247000,-202000
2012/09/05,0,65000,-114000,-49000
2012/09/06,0,39000,-193000,-154000
2012/09/07,0,5000,-31000,-26000
2012/09/10,0,10350,-30000,-19650
2012/09/11,0,119000,-83650,35350
2012/09/12,0,139000,-132000,7000
2012/09/13,0,3000,-182200,-179200
2012/09/14,0,21000,-151850,-130850
2012/09/17,0,148000,-26450,121550
2012/09/18,0,174000,-269000,-95000
2012/09/19,0,47000,-238950,-191950
2012/09/20,0,35000,-72000,-37000
2012/09/21,0,58000,-82000,-24000
2012/09/24,0,88000,-45000,43000
2012/09/25,0,18550,-33550,-15000
2012/09/26,0,83000,-19000,64000
2012/09/27,0,89000,-550,88450
2012/09/28,0,152000,-19000,133000
2012/10/01,0,76000,-84000,-8000
2012/10/02,0,9000,0,9000
2012/10/03,0,73000,-34000,39000
2012/10/04,0,16000,-102000,-86000
2012/10/05,0,422000,-26000,396000
2012/10/08,0,67000,-224000,-157000
2012/10/09,0,326000,-360500,-34500
2012/10/10,0,0,0,0
2012/10/11,0,214000,-78000,136000
2012/10/12,0,18000,-244000,-226000
2012/10/15,0,5000,-14000,-9000
2012/10/16,0,28000,-102400,-74400
2012/10/17,0,45000,-69650,-24650
2012/10/18,0,35000,-53000,-18000
2012/10/19,0,22000,-12000,10000
2012/10/22,0,32000,-33000,-1000
2012/10/23,0,69000,-29000,40000
2012/10/24,0,40000,-90550,-50550
2012/10/25,0,41000,-73000,-32000
2012/10/26,0,335000,-763750,-428750
2012/10/29,0,197000,0,197000
2012/10/30,0,404000,-400000,4000
2012/10/31,0,154000,-64100,89900
2012/11/01,0,137250,-30250,107000
2012/11/02,0,52000,-108000,-56000
2012/11/05,0,17000,-147000,-130000
2012/11/06,0,83000,-53000,30000
2012/11/07,0,2000,-87000,-85000
2012/11/08,0,0,-132000,-132000
2012/11/09,0,15000,-255000,-240000
2012/11/12,0,0,-291000,-291000
2012/11/13,0,181000,-286000,-105000
2012/11/14,0,110000,-69000,41000
2012/11/15,0,55000,-7000,48000
2012/11/16,0,1000,-319000,-318000
2012/11/19,0,83000,-177000,-94000
2012/11/20,0,69000,-200000,-131000
2012/11/21,0,232000,-110000,122000
2012/11/22,0,119000,-30000,89000
2012/11/23,0,160000,-57000,103000
2012/11/26,0,87000,-223000,-136000
2012/11/27,0,264000,-117100,146900
2012/11/28,0,18000,-2000,16000
2012/11/29,0,52000,-186000,-134000
2012/11/30,0,118000,-388000,-270000
2012/12/03,0,160000,-90000,70000
2012/12/04,0,46000,-202000,-156000
2012/12/05,0,6000,-201000,-195000
2012/12/06,0,60000,-241000,-181000
2012/12/07,0,3000,-63000,-60000
2012/12/10,0,70000,-96000,-26000
2012/12/11,0,110000,-38000,72000
2012/12/12,0,85000,-110000,-25000
2012/12/13,0,318000,-264000,54000
2012/12/14,0,111000,-168000,-57000
2012/12/17,0,68000,-118000,-50000
2012/12/18,0,14000,-378050,-364050
2012/12/19,0,80000,-330000,-250000
2012/12/20,0,118000,-161000,-43000
2012/12/21,0,257000,-50000,207000
2012/12/24,0,81000,0,81000
2012/12/25,0,135000,-37000,98000
2012/12/26,0,68000,-18000,50000
2012/12/27,0,229000,0,229000
2012/12/28,0,545000,-2000,543000
2012/12/31,0,0,0,0
2013/01/01,0,0,0,0
2013/01/02,0,49000,-143000,-94000
2013/01/03,0,85000,-17000,68000
2013/01/04,0,110000,-151000,-41000
2013/01/07,0,35000,-29000,6000
2013/01/08,0,49000,-177000,-128000
2013/01/09,0,43000,-119000,-76000
2013/01/10,0,281000,-283000,-2000
2013/01/11,0,179000,-101000,78000
2013/01/14,0,26000,-123000,-97000
2013/01/15,0,29000,-268000,-239000
2013/01/16,0,13000,-37000,-24000
2013/01/17,0,206000,-74000,132000
2013/01/18,0,19000,-242000,-223000
2013/01/21,0,196000,-81000,115000
2013/01/22,0,127000,-13000,114000
2013/01/23,0,45000,-167000,-122000
2013/01/24,0,45000,-58000,-13000
2013/01/25,0,9000,-279000,-270000
2013/01/28,0,127000,-48000,79000
2013/01/29,0,78000,-402000,-324000
2013/01/30,0,116000,-2000,114000
2013/01/31,0,240000,-350000,-110000
2013/02/01,0,215000,-40000,175000
2013/02/04,0,171000,-29000,142000
2013/02/05,0,34000,-393000,-359000
2013/02/06,0,206000,-28000,178000
2013/02/07,0,0,0,0
2013/02/08,0,0,0,0
2013/02/11,0,0,0,0
2013/02/12,0,0,0,0
2013/02/13,0,0,0,0
2013/02/14,0,0,0,0
2013/02/15,0,0,0,0
2013/02/18,0,377000,-33000,344000
2013/02/19,0,45000,-31000,14000
2013/02/20,0,302000,-196000,106000
2013/02/21,0,166000,-51000,115000
2013/02/22,0,92000,-53000,39000
2013/02/25,0,77000,-37000,40000
2013/02/26,0,125000,-105000,20000
2013/02/27,0,146000,-86000,60000
2013/02/28,0,0,0,0
2013/03/01,0,170000,-35000,135000
2013/03/04,0,82000,-67000,15000
2013/03/05,0,359000,-40000,319000
2013/03/06,0,408000,-27000,381000
2013/03/07,0,28000,-113000,-85000
2013/03/08,0,3000,-309000,-306000
2013/03/11,0,15000,-145000,-130000
2013/03/12,0,130000,-28000,102000
2013/03/13,0,135000,-45000,90000
2013/03/14,0,218000,-421000,-203000
2013/03/15,0,171000,-25000,146000
2013/03/18,0,286000,-65000,221000
2013/03/19,0,128000,-43000,85000
2013/03/20,0,25000,-57000,-32000
2013/03/21,0,228000,-6000,222000
2013/03/22,0,167000,-8000,159000
2013/03/25,0,121000,-51850,69150
2013/03/26,0,130000,-156000,-26000
2013/03/27,0,87000,-224000,-137000
2013/03/28,0,183000,0,183000
2013/03/29,0,56000,-3000,53000
2013/04/01,0,158000,-98000,60000
2013/04/02,0,231000,-64000,167000
2013/04/03,0,101000,-268000,-167000
2013/04/04,0,0,0,0
2013/04/05,0,0,0,0
2013/04/08,0,22000,-380550,-358550
2013/04/09,0,35000,-237000,-202000
2013/04/10,0,122000,-223000,-101000
2013/04/11,0,20800,-316000,-295200
2013/04/12,0,133000,-396000,-263000
2013/04/15,0,55000,-27000,28000
2013/04/16,0,94000,-78900,15100
2013/04/17,0,152000,-44250,107750
2013/04/18,0,43000,-34000,9000
2013/04/19,0,25000,-86000,-61000
2013/04/22,0,22000,-46000,-24000
2013/04/23,0,141000,-1000,140000
2013/04/24,0,220000,-59000,161000
2013/04/25,0,18000,-26000,-8000
2013/04/26,0,363000,-39000,324000
2013/04/29,0,282000,-254000,28000
2013/04/30,0,355000,-181000,174000
2013/05/01,0,0,0,0
2013/05/02,0,701000,-131000,570000
2013/05/03,0,144000,-60000,84000
2013/05/06,0,278000,-80000,198000
2013/05/07,0,240000,-176000,64000
2013/05/08,0,161225,-1000,160225
2013/05/09,0,256000,-450,255550
2013/05/10,0,110000,-8000,102000
2013/05/13,0,83000,-5000,78000
2013/05/14,0,273000,0,273000
2013/05/15,0,193000,-2000,191000
2013/05/16,0,181000,-16000,165000
2013/05/17,0,15000,-114000,-99000
2013/05/20,0,54000,-243000,-189000
2013/05/21,0,85000,-3000,82000
2013/05/22,0,248000,-86000,162000
2013/05/23,0,162000,-128000,34000
2013/05/24,0,133000,-157000,-24000
2013/05/27,0,3000,-204000,-201000
2013/05/28,0,756000,-211000,545000
2013/05/29,0,269000,-231000,38000
2013/05/30,0,77000,-183000,-106000
2013/05/31,0,417000,-39610,377390
2013/06/03,0,21000,-82000,-61000
2013/06/04,0,159000,-12000,147000
2013/06/05,0,346000,-82000,264000
2013/06/06,0,375000,-176250,198750
2013/06/07,0,141000,-88000,53000
2013/06/10,0,224000,-18000,206000
2013/06/11,0,391000,-15000,376000
2013/06/12,0,0,0,0
2013/06/13,0,186000,-125000,61000
2013/06/14,0,228000,-260000,-32000
2013/06/17,0,15000,-18000,-3000
2013/06/18,0,830000,-117450,712550
2013/06/19,0,166000,-562000,-396000
2013/06/20,0,109614,-277000,-167386
2013/06/21,0,607000,-301072,305928
2013/06/24,0,600000,-23000,577000
2013/06/25,0,210000,-278000,-68000
2013/06/26,0,827000,-506000,321000
2013/06/27,0,393000,-225000,168000
2013/06/28,0,419000,-193000,226000
2013/07/01,0,274000,-37000,237000
2013/07/02,0,281000,-84009,196991
2013/07/03,0,458000,-588000,-130000
2013/07/04,0,1022000,-225000,797000
2013/07/05,0,757000,-472000,285000
2013/07/08,0,1639000,-117028,1521972
2013/07/09,0,1478000,-388000,1090000
2013/07/10,0,653000,-161000,492000
2013/07/11,0,884000,-419000,465000
2013/07/12,0,235000,-502000,-267000
2013/07/15,0,283044,-33000,250044
2013/07/16,0,16000,-45000,-29000
2013/07/17,0,91000,-18000,73000
2013/07/18,0,303000,0,303000
2013/07/19,0,137000,-125000,12000
2013/07/22,0,588000,-145000,443000
2013/07/23,0,150000,-531000,-381000
2013/07/24,0,174000,-625000,-451000
2013/07/25,0,132000,-451000,-319000
2013/07/26,0,85000,-295000,-210000
2013/07/29,0,21000,-202000,-181000
2013/07/30,0,74000,-471000,-397000
2013/07/31,0,55000,-346000,-291000
2013/08/01,0,77000,-124000,-47000
2013/08/02,0,157000,-108000,49000
2013/08/05,0,175000,-61000,114000
2013/08/06,0,20000,-392000,-372000
2013/08/07,0,133000,-51000,82000
2013/08/08,0,65000,-226000,-161000
2013/08/09,0,494000,-204000,290000
2013/08/12,0,64000,-81000,-17000
2013/08/13,0,92000,-269000,-177000
2013/08/14,0,189000,-71900,117100
2013/08/15,0,557000,-137000,420000
2013/08/16,0,173000,-256000,-83000
2013/08/19,0,49000,-30000,19000
2013/08/20,0,128000,-112000,16000
2013/08/21,0,0,0,0
2013/08/22,0,37000,-113000,-76000
2013/08/23,0,294000,-245972,48028
2013/08/26,0,41000,-94000,-53000
2013/08/27,0,1000,-156000,-155000
2013/08/28,0,34000,-334000,-300000
2013/08/29,0,271000,-71000,200000
2013/08/30,0,270000,-233000,37000
2013/09/02,0,65000,-6000,59000
2013/09/03,0,167000,-464044,-297044
2013/09/04,0,20000,-379000,-359000
2013/09/05,0,456857,-200000,256857
2013/09/06,0,1872000,-65000,1807000
2013/09/09,0,2254000,-111180,2142820
2013/09/10,0,1434000,-451000,983000
2013/09/11,0,159000,-756062,-597062
2013/09/12,0,508000,-627000,-119000
2013/09/13,0,136000,-390000,-254000
2013/09/16,0,1464000,-679000,785000
2013/09/17,0,1333000,-147000,1186000
2013/09/18,0,434000,-664854,-230854
2013/09/19,0,0,0,0
2013/09/20,0,0,0,0
2013/09/23,0,151000,-136620,14380
2013/09/24,0,929000,-500080,428920
2013/09/25,0,1000000,-327000,673000
2013/09/26,0,117000,-342620,-225620
2013/09/27,0,481000,-707180,-226180
2013/09/30,0,604000,-346880,257120
2013/10/01,0,699000,-117440,581560
2013/10/02,0,728000,-492640,235360
2013/10/03,0,492000,-202800,289200
2013/10/04,0,339000,-93080,245920
2013/10/07,0,792000,-296600,495400
2013/10/08,0,268000,-236900,31100
2013/10/09,0,378000,-97000,281000
2013/10/10,0,0,0,0
2013/10/11,0,1142050,-229000,913050
2013/10/14,0,1172000,-412000,760000
2013/10/15,0,429000,-156000,273000
2013/10/16,0,2895000,-2083000,812000
2013/10/17,0,714000,-707000,7000
2013/10/18,0,1591000,-951261,639739
2013/10/21,0,450000,-386000,64000
2013/10/22,0,644000,-143825,500175
2013/10/23,0,759509,-524000,235509
2013/10/24,0,841000,-226000,615000
2013/10/25,0,662000,-869000,-207000
2013/10/28,0,152000,-582000,-430000
2013/10/29,0,121000,-647000,-526000
2013/10/30,0,378000,-310000,68000
2013/10/31,0,865000,-266000,599000
2013/11/01,0,170000,-137000,33000
2013/11/04,0,930004,-184000,746004
2013/11/05,0,315000,-314000,1000
2013/11/06,0,1301000,-300000,1001000
2013/11/07,0,19000,-435860,-416860
2013/11/08,0,256000,-296000,-40000
2013/11/11,0,581000,-710500,-129500
2013/11/12,0,659000,-554000,105000
2013/11/13,0,579000,-182000,397000
2013/11/14,0,688040,-346000,342040
2013/11/15,0,1227000,-546000,681000
2013/11/18,0,1068000,-354000,714000
2013/11/19,0,826000,-652072,173928
2013/11/20,0,434000,-487000,-53000
2013/11/21,0,1188004,-389000,799004
2013/11/22,0,231000,-388300,-157300
2013/11/25,0,169000,-164780,4220
2013/11/26,0,843000,-435000,408000
2013/11/27,0,822000,-810000,12000
2013/11/28,0,189000,-305000,-116000
2013/11/29,0,266500,-61000,205500
2013/12/02,0,452000,-69000,383000
2013/12/03,0,409002,-494000,-84998
2013/12/04,0,748549,-90113,658436
2013/12/05,0,613000,-102061,510939
2013/12/06,0,692046,-87000,605046
2013/12/09,0,920000,-294000,626000
2013/12/10,0,752000,-226000,526000
2013/12/11,0,692000,-567000,125000
2013/12/12,0,261440,-279000,-17560
2013/12/13,0,614000,-538000,76000
2013/12/16,0,1053596,-334051,719545
2013/12/17,0,865000,-652000,213000
2013/12/18,0,928000,-1056000,-128000
2013/12/19,0,902000,-58000,844000
2013/12/20,0,420000,-157033,262967
2013/12/23,0,353000,-350000,3000
2013/12/24,0,519000,-112000,407000
2013/12/25,0,85000,-45000,40000
2013/12/26,0,36000,-58000,-22000
2013/12/27,0,222000,-342000,-120000
2013/12/30,0,372000,-245001,126999
2013/12/31,0,98000,-260940,-162940
2014/01/02,0,606180,-792180,-186000
2014/01/03,0,381000,-360000,21000
2014/01/06,0,604000,-349000,255000
2014/01/07,0,702000,-511041,190959
2014/01/08,0,1232000,-225000,1007000
2014/01/09,0,242000,-422000,-180000
2014/01/10,0,775000,-848000,-73000
2014/01/13,0,644000,-477000,167000
2014/01/14,0,317000,-328000,-11000
2014/01/15,0,446000,-459000,-13000
2014/01/16,0,551000,-321000,230000
2014/01/17,0,89000,-298000,-209000
2014/01/20,0,1752000,-69000,1683000
2014/01/21,0,1528000,-308000,1220000
2014/01/22,0,995000,-518000,477000
2014/01/23,0,1577054,-451516,1125538
2014/01/24,0,1214000,-579000,635000
2014/01/27,0,510027,-455460,54567
2014/02/05,0,1063000,-649060,413940
2014/02/06,0,229000,-977000,-748000
2014/02/07,0,529000,-603039,-74039
2014/02/10,0,656000,-283000,373000
2014/02/11,0,761000,-238000,523000
2014/02/12,0,289000,-145000,144000
2014/02/13,0,384000,-666000,-282000
2014/02/14,0,271410,-262000,9410
2014/02/17,0,215000,-157000,58000
2014/02/18,0,122000,-219000,-97000
2014/02/19,0,147000,-314000,-167000
2014/02/20,0,191000,-354051,-163051
2014/02/21,0,461000,-50000,411000
2014/02/24,0,190000,-328000,-138000
2014/02/25,0,330000,-567410,-237410
2014/02/26,0,190000,-33000,157000
2014/02/27,0,83000,-123906,-40906
2014/03/03,0,580300,-187000,393300
2014/03/04,0,146000,-282212,-136212
2014/03/05,0,89000,-509000,-420000
2014/03/06,0,243380,-267000,-23620
2014/03/07,0,153000,-478000,-325000
2014/03/10,0,996000,-498000,498000
2014/03/11,0,220000,-613159,-393159
2014/03/12,0,267000,-526420,-259420
2014/03/13,0,227000,-127000,100000
2014/03/14,0,233000,-426477,-193477
2014/03/17,0,236000,-724000,-488000
2014/03/18,0,313000,-868000,-555000
2014/03/19,0,378000,-492660,-114660
2014/03/20,0,434000,-707000,-273000
2014/03/21,0,175000,-870000,-695000
2014/03/24,0,820054,-2072053,-1251999
2014/03/25,0,1073000,-407480,665520
2014/03/26,0,1067991,-363000,704991
2014/03/27,0,520000,-685000,-165000
2014/03/28,0,139000,-1009000,-870000
2014/03/31,0,182000,-732000,-550000
2014/04/01,0,135000,-410000,-275000
2014/04/02,0,149000,-335000,-186000
2014/04/03,0,220000,-356000,-136000
2014/04/07,0,37000,-355000,-318000
2014/04/08,0,219000,-543000,-324000
2014/04/09,0,101156,-520000,-418844
2014/04/10,0,186000,-2533371,-2347371
2014/04/11,0,472000,-1420324,-948324
2014/04/14,0,116000,-1197000,-1081000
2014/04/15,0,618000,-701345,-83345
2014/04/16,0,511000,-1104000,-593000
2014/04/17,0,750000,-759000,-9000
2014/04/18,0,163000,-241000,-78000
2014/04/21,0,161000,-132000,29000
2014/04/22,0,49000,-320500,-271500
2014/04/23,0,131000,-734000,-603000
2014/04/24,0,689000,-396000,293000
2014/04/25,0,341098,-980000,-638902
2014/04/28,0,294000,-618000,-324000
2014/04/29,0,65549,-630000,-564451
2014/04/30,0,39000,-395000,-356000
2014/05/02,0,184000,-331000,-147000
2014/05/05,0,224000,-161000,63000
2014/05/06,0,232000,-331000,-99000
2014/05/07,0,104549,-971000,-866451
2014/05/08,0,142000,-375000,-233000
2014/05/09,0,244000,-236000,8000
2014/05/12,0,143000,-272000,-129000
2014/05/13,0,72647,-529000,-456353
2014/05/14,0,607000,-1952000,-1345000
2014/05/15,0,375000,-438000,-63000
2014/05/16,0,1069000,-300211,768789
2014/05/19,0,540098,-320000,220098
2014/05/20,0,389160,-332180,56980
2014/05/21,0,249000,-839000,-590000
2014/05/22,0,431000,-418000,13000
2014/05/23,0,1508000,-369000,1139000
2014/05/26,0,669000,-117000,552000
2014/05/27,0,78000,-6000,72000
2014/05/28,0,195000,-315769,-120769
2014/05/29,0,196196,-353000,-156804
2014/05/30,0,372000,-61000,311000
2014/06/03,0,697000,-187133,509867
2014/06/04,0,167000,-215000,-48000
2014/06/05,0,129000,-119000,10000
2014/06/06,0,69000,-129000,-60000
2014/06/09,0,764000,-1920000,-1156000
2014/06/10,0,990000,-954130,35870
2014/06/11,0,388000,-533000,-145000
2014/06/12,0,54647,-433000,-378353
2014/06/13,0,217000,-470000,-253000
2014/06/16,0,26000,-205000,-179000
2014/06/17,0,19000,-168000,-149000
2014/06/18,0,212000,-228000,-16000
2014/06/19,0,67000,-60000,7000
2014/06/20,0,109000,-265000,-156000
2014/06/23,0,27000,-910112,-883112
2014/06/24,0,323000,-639000,-316000
2014/06/25,0,62000,-237700,-175700
2014/06/26,0,114000,-438000,-324000
2014/06/27,0,349000,-336031,12969
2014/06/30,0,48000,-75092,-27092
2014/07/01,0,565000,-214000,351000
2014/07/02,0,871000,-456000,415000
2014/07/03,0,25000,-211000,-186000
2014/07/04,0,200000,-82000,118000
2014/07/07,0,608000,-188000,420000
2014/07/08,0,31000,-263184,-232184
2014/07/09,0,1620000,-1501000,119000
2014/07/10,0,800000,-519000,281000
2014/07/11,0,652000,-113000,539000
2014/07/14,0,130000,-53000,77000
2014/07/15,0,161000,-293000,-132000
2014/07/16,0,269000,-726730,-457730
2014/07/17,0,243000,-84000,159000
2014/07/18,0,145000,-622000,-477000
2014/07/21,0,709000,-158000,551000
2014/07/22,0,301000,-140000,161000
2014/07/23,0,0,0,0
2014/07/24,0,621000,-643000,-22000
2014/07/25,0,720000,-1119000,-399000
2014/07/28,0,130000,-106000,24000
2014/07/29,0,355000,-605000,-250000
2014/07/30,0,182000,-365240,-183240
2014/07/31,0,101000,-223000,-122000
2014/08/01,0,1213000,-134000,1079000
2014/08/04,0,39623,-281000,-241377
2014/08/05,0,56000,-212000,-156000
2014/08/06,0,74000,-476000,-402000
2014/08/07,0,60000,-294000,-234000
2014/08/08,0,387000,-174000,213000
2014/08/11,0,249000,-123000,126000
2014/08/12,0,60000,-250000,-190000
2014/08/13,0,101000,-146000,-45000
2014/08/14,0,62000,-340000,-278000
2014/08/15,0,766000,-161000,605000
2014/08/18,0,109000,-163000,-54000
2014/08/19,0,195000,-799000,-604000
2014/08/20,0,589000,-485000,104000
2014/08/21,0,143000,-257000,-114000
2014/08/22,0,345246,-209000,136246
2014/08/25,0,441000,-95000,346000
2014/08/26,0,850000,-232000,618000
2014/08/27,0,447800,-118000,329800
2014/08/28,0,121000,-76000,45000
2014/08/29,0,189000,-30000,159000
2014/09/01,0,220000,-226000,-6000
2014/09/02,0,493000,-258750,234250
2014/09/03,0,110000,-485000,-375000
2014/09/04,0,161000,-46000,115000
2014/09/05,0,76000,-115000,-39000
2014/09/09,0,233000,-72350,160650
2014/09/10,0,314000,-376150,-62150
2014/09/11,0,675000,-686000,-11000
2014/09/12,0,623050,-247470,375580
2014/09/15,0,51400,-708300,-656900
2014/09/16,0,557996,-722550,-164554
2014/09/17,0,105550,-1720850,-1615300
2014/09/18,0,313000,-412974,-99974
2014/09/19,0,615900,-194550,421350
2014/09/22,0,418000,-145400,272600
2014/09/23,0,309000,-280275,28725
2014/09/24,0,550000,-456450,93550
2014/09/25,0,283146,-124000,159146
2014/09/26,0,199000,-805562,-606562
2014/09/29,0,228000,-664800,-436800
2014/09/30,0,651000,-1248850,-597850
2014/10/01,0,350000,-218600,131400
2014/10/02,0,281000,-955500,-674500
2014/10/03,0,771000,-253000,518000
2014/10/06,0,977100,-263900,713200
2014/10/07,0,293000,-525000,-232000
2014/10/08,0,394280,-1016280,-622000
2014/10/09,0,1041000,-228363,812637
2014/10/13,0,911850,-926800,-14950
2014/10/14,0,729500,-367000,362500
2014/10/15,0,214000,-877250,-663250
2014/10/16,0,822000,-1379150,-557150
2014/10/17,0,996000,-389500,606500
2014/10/20,0,1782000,-227500,1554500
2014/10/21,0,1916800,-594000,1322800
2014/10/22,0,870000,-474212,395788
2014/10/23,0,302000,-56900,245100
2014/10/24,0,27000,-384000,-357000
2014/10/27,0,484000,-332934,151066
2014/10/28,0,600000,-143900,456100
2014/10/29,0,109000,-280000,-171000
2014/10/30,0,362000,-1394000,-1032000
2014/10/31,0,2725000,-325150,2399850
2014/11/03,0,637000,-1022100,-385100
2014/11/04,0,1039000,-733669,305331
2014/11/05,0,61000,-968158,-907158
2014/11/06,0,76000,-227000,-151000
2014/11/07,0,319000,-1000,318000
2014/11/10,0,983000,-747000,236000
2014/11/11,0,104000,-233650,-129650
2014/11/12,0,410000,-541630,-131630
2014/11/13,0,62000,-277000,-215000
2014/11/14,0,151000,-322000,-171000
2014/11/17,0,275000,-218000,57000
2014/11/18,0,302000,-902000,-600000
2014/11/19,0,507000,-889000,-382000
2014/11/20,0,1100000,-1223300,-123300
2014/11/21,0,419000,-332000,87000
2014/11/24,0,1337000,-1171000,166000
2014/11/25,0,716000,-529146,186854
2014/11/26,0,1380000,-812000,568000
2014/11/27,0,13000,-437000,-424000
2014/11/28,0,33000,-160000,-127000
2014/12/01,0,282000,-295983,-13983
2014/12/02,0,1371000,-1029150,341850
2014/12/03,0,1167000,-394000,773000
2014/12/04,0,1470000,-740000,730000
2014/12/05,0,2804000,-189000,2615000
2014/12/08,0,803000,-2766000,-1963000
2014/12/09,0,247000,-1023100,-776100
2014/12/10,0,661000,-834200,-173200
2014/12/11,0,1084000,-371150,712850
2014/12/12,0,491000,-642800,-151800
2014/12/15,0,140000,-671333,-531333
2014/12/16,0,424000,-596000,-172000
2014/12/17,0,78000,-494050,-416050
2014/12/18,0,303000,-503000,-200000
2014/12/19,0,515000,-465000,50000
2014/12/22,0,665000,-1063000,-398000
2014/12/23,0,94000,-416000,-322000
2014/12/24,0,9000,-25100,-16100
2014/12/25,0,247000,-454000,-207000
2014/12/26,0,194000,-92000,102000
2014/12/29,0,308000,-236000,72000
2014/12/30,0,130000,-136985,-6985
2014/12/31,0,85000,-81000,4000
2015/01/01,0,0,0,0
2015/01/02,0,0,0,0
2015/01/05,0,170000,-262000,-92000
2015/01/06,0,884000,-266000,618000
2015/01/07,0,611000,-271300,339700
2015/01/08,0,639000,-355450,283550
2015/01/09,0,161000,-102376,58624
2015/01/12,0,62001,-246000,-183999
2015/01/13,0,155000,-106000,49000
2015/01/14,0,88000,-217200,-129200
2015/01/15,0,169000,-1500000,-1331000
2015/01/16,0,258000,-856000,-598000
2015/01/19,0,402000,-973879,-571879
2015/01/20,0,607000,-332000,275000
2015/01/21,0,403376,-764000,-360624
2015/01/22,0,4912000,-627000,4285000
2015/01/23,0,1055000,-170000,885000
2015/01/26,0,358000,-202000,156000
2015/01/27,0,296000,-187600,108400
2015/01/28,0,80000,-125000,-45000
2015/01/29,0,709000,-179000,530000
2015/01/30,0,142000,-498000,-356000
2015/02/02,0,370000,-168000,202000
2015/02/03,0,503000,-136814,366186
2015/02/04,0,308000,-144000,164000
2015/02/05,0,545000,-120100,424900
2015/02/06,0,498000,-263450,234550
2015/02/09,0,296000,-5000,291000
2015/02/10,0,130000,-179000,-49000
2015/02/11,0,531000,-260843,270157
2015/02/12,0,99000,-49000,50000
2015/02/13,0,105000,-43000,62000
2015/02/16,0,0,0,0
2015/02/17,0,0,0,0
2015/02/18,0,0,0,0
2015/02/19,0,0,0,0
2015/02/20,0,0,0,0
2015/02/23,0,0,0,0
2015/02/24,0,749000,-108000,641000
2015/02/25,0,363000,-216000,147000
2015/02/26,0,770000,-665000,105000
2015/02/27,0,0,0,0
2015/03/02,0,415000,-588000,-173000
2015/03/03,0,800000,-577000,223000
2015/03/04,0,705000,-700000,5000
2015/03/05,0,54000,-241000,-187000
2015/03/06,0,147000,-91000,56000
2015/03/09,0,283000,-564000,-281000
2015/03/10,0,66000,-241260,-175260
2015/03/11,0,111000,-379150,-268150
2015/03/12,0,93000,-101000,-8000
2015/03/13,0,28000,-448150,-420150
2015/03/16,0,55000,-40000,15000
2015/03/17,0,28000,-88000,-60000
2015/03/18,0,689000,-170745,518255
2015/03/19,0,476000,-14000,462000
2015/03/20,0,409000,-166000,243000
2015/03/23,0,80000,-181181,-101181
2015/03/24,0,266000,-67900,198100
2015/03/25,0,216000,-172781,43219
2015/03/26,0,357493,-239000,118493
2015/03/27,0,226000,-50000,176000
2015/03/30,0,517150,-232473,284677
2015/03/31,0,571000,-226000,345000
2015/04/01,0,106000,-337600,-231600
2015/04/02,0,137000,-484000,-347000
2015/04/03,0,0,0,0
2015/04/06,0,0,0,0
2015/04/07,0,26000,-24000,2000
2015/04/08,0,42000,-378783,-336783
2015/04/09,0,65000,-210000,-145000
2015/04/10,0,2000,-72000,-70000
2015/04/13,0,28000,-714000,-686000
2015/04/14,0,152000,-2611000,-2459000
2015/04/15,0,75000,-191000,-116000
2015/04/16,0,84000,-365000,-281000
2015/04/17,0,211000,-2860000,-2649000
2015/04/20,0,215000,-3920500,-3705500
2015/04/21,0,250000,-1540000,-1290000
2015/04/22,0,81000,-839100,-758100
2015/04/23,0,379000,-973000,-594000
2015/04/24,0,522000,-510000,12000
2015/04/27,0,91000,-365000,-274000
2015/04/28,0,95000,-231000,-136000
2015/04/29,0,328000,-988000,-660000
2015/04/30,0,454000,-90000,364000
2015/05/01,0,0,0,0
2015/05/04,0,297000,-830000,-533000
2015/05/05,0,63000,-705000,-642000
2015/05/06,0,296000,-995000,-699000
2015/05/07,0,354000,-217000,137000
2015/05/08,0,256100,-605000,-348900
2015/05/11,0,250000,-233000,17000
2015/05/12,0,1402000,-313000,1089000
2015/05/13,0,648000,-483050,164950
2015/05/14,0,1354000,-1198000,156000
2015/05/15,0,896000,-2643000,-1747000
2015/05/18,0,437001,-642000,-204999
2015/05/19,0,623000,-371000,252000
2015/05/20,0,1112000,-650000,462000
2015/05/21,0,368000,-898000,-530000
2015/05/22,0,113000,-164000,-51000
2015/05/25,0,385000,-547000,-162000
2015/05/26,0,427000,-160000,267000
2015/05/27,0,1517000,-450000,1067000
2015/05/28,0,1300000,-959000,341000
2015/05/29,0,530000,-727400,-197400
2015/06/01,0,758000,-614000,144000
2015/06/02,0,370000,-102000,268000
2015/06/03,0,221000,-274000,-53000
2015/06/04,0,295000,-158000,137000
2015/06/05,0,184000,-205000,-21000
2015/06/08,0,107000,-531000,-424000
2015/06/09,0,303000,-172000,131000
2015/06/10,0,327000,-37000,290000
2015/06/11,0,249000,-129000,120000
2015/06/12,0,130000,-172000,-42000
2015/06/15,0,216000,-20000,196000
2015/06/16,0,646000,-538000,108000
2015/06/17,0,1002000,-252000,750000
2015/06/18,0,2353000,-234000,2119000
2015/06/19,0,0,0,0
2015/06/22,0,1979000,-117000,1862000
2015/06/23,0,2986000,-330000,2656000
2015/06/24,0,472000,-235000,237000
2015/06/25,0,608000,-107000,501000
2015/06/26,0,714000,-174000,540000
2015/06/29,0,288000,-103000,185000
2015/06/30,0,437000,-202250,234750
2015/07/01,0,341000,-347000,-6000
2015/07/02,0,233000,-253865,-20865
2015/07/03,0,575000,-64000,511000
2015/07/06,0,180000,-333000,-153000
2015/07/07,0,129000,-689000,-560000
2015/07/08,0,327000,-374000,-47000
2015/07/09,0,359000,-155000,204000
2015/07/10,0,0,0,0
2015/07/13,0,52000,-412000,-360000
2015/07/14,0,75000,-118000,-43000
2015/07/15,0,160000,-222000,-62000
2015/07/16,0,428000,-60000,368000
2015/07/17,0,433000,-175000,258000
2015/07/20,0,367000,-245000,122000
2015/07/21,0,167000,-539000,-372000
2015/07/22,0,198000,-331000,-133000
2015/07/23,0,69000,-232000,-163000
2015/07/24,0,251000,-122000,129000
2015/07/27,0,134000,-203000,-69000
2015/07/28,0,716000,-959000,-243000
2015/07/29,0,315000,-344000,-29000
2015/07/30,0,87000,-1025200,-938200
2015/07/31,0,129000,-902000,-773000
2015/08/03,0,555315,-934800,-379485
2015/08/04,0,239000,-1340000,-1101000
2015/08/05,0,698000,-810000,-112000
2015/08/06,0,305000,-483000,-178000
2015/08/07,0,609000,-370000,239000
2015/08/10,0,379000,-249000,130000
2015/08/11,0,56000,-1115000,-1059000
2015/08/12,0,278000,-312000,-34000
2015/08/13,0,235000,-737000,-502000
2015/08/14,0,245000,-566600,-321600
2015/08/17,0,163000,-133000,30000
2015/08/18,0,244000,-343000,-99000
2015/08/19,0,158000,-650350,-492350
2015/08/20,0,612000,-537800,74200
2015/08/21,0,195000,-479235,-284235
2015/08/24,0,305000,-267350,37650
2015/08/25,0,700000,-265000,435000
2015/08/26,0,98000,-179000,-81000
2015/08/27,0,162000,-124000,38000
2015/08/28,0,497000,-70450,426550
2015/08/31,0,369000,-591000,-222000
2015/09/01,0,486000,-376000,110000
2015/09/02,0,441000,-251000,190000
2015/09/03,0,439000,-291000,148000
2015/09/04,0,592000,-638000,-46000
2015/09/07,0,227000,-155000,72000
2015/09/08,0,469000,-216000,253000
2015/09/09,0,1042000,-391000,651000
2015/09/10,0,271000,-616000,-345000
2015/09/11,0,41000,-288000,-247000
2015/09/14,0,96000,-520000,-424000
2015/09/15,0,419000,-395000,24000
2015/09/16,0,1154000,-312000,842000
2015/09/17,0,728000,-594000,134000
2015/09/18,0,624000,-462990,161010
2015/09/21,0,455000,-699000,-244000
2015/09/22,0,135000,-406010,-271010
2015/09/23,0,50000,-483800,-433800
2015/09/24,0,138000,-977000,-839000
2015/09/25,0,406000,-506000,-100000
2015/09/28,0,0,0,0
2015/09/29,0,0,0,0
2015/09/30,0,275000,-507000,-232000
2015/10/01,0,450000,-1919672,-1469672
2015/10/02,0,626000,-91000,535000
2015/10/05,0,34000,-350000,-316000
2015/10/06,0,132000,-608000,-476000
2015/10/07,0,636000,-183000,453000
2015/10/08,0,691000,-435000,256000
2015/10/09,0,0,0,0
2015/10/12,0,1279000,-396000,883000
2015/10/13,0,1052000,-1131000,-79000
2015/10/14,0,977000,-347000,630000
2015/10/15,0,111000,-990000,-879000
2015/10/16,0,1356000,-620000,736000
2015/10/19,0,1553000,-558000,995000
2015/10/20,0,1258000,-233000,1025000
2015/10/21,0,629000,-403000,226000
2015/10/22,0,257000,-433000,-176000
2015/10/23,0,538000,-176000,362000
2015/10/26,0,1226000,-588000,638000
2015/10/27,0,644000,-644650,-650
2015/10/28,0,695000,-592000,103000
2015/10/29,0,644000,-515000,129000
2015/10/30,0,1280000,-499000,781000
2015/11/02,0,868000,-481000,387000
2015/11/03,0,1941000,-581000,1360000
2015/11/04,0,1402000,-2982000,-1580000
2015/11/05,0,1305000,-454000,851000
2015/11/06,0,856000,-601000,255000
2015/11/09,0,480000,-616000,-136000
2015/11/10,0,455000,-161000,294000
2015/11/11,0,580000,-266000,314000
2015/11/12,0,944000,-440000,504000
2015/11/13,0,1334000,-124000,1210000
2015/11/16,0,749000,-208000,541000
2015/11/17,0,463000,-447000,16000
2015/11/18,0,774000,-177000,597000
2015/11/19,0,305000,-2385000,-2080000
2015/11/20,0,322000,-1328000,-1006000
2015/11/23,0,2009000,-451000,1558000
2015/11/24,0,219000,-671000,-452000
2015/11/25,0,278000,-147000,131000
2015/11/26,0,361000,-280000,81000
2015/11/27,0,121000,-436000,-315000
2015/11/30,0,195000,-1701000,-1506000
2015/12/01,0,1214000,-981000,233000
2015/12/02,0,545000,-856000,-311000
2015/12/03,0,909000,-315000,594000
2015/12/04,0,1669000,-209000,1460000
2015/12/07,0,502000,-688000,-186000
2015/12/08,0,678000,-2282000,-1604000
2015/12/09,0,1463000,-2652000,-1189000
2015/12/10,0,519000,-1678000,-1159000
2015/12/11,0,381150,-878000,-496850
2015/12/14,0,819000,-1006000,-187000
2015/12/15,0,1651000,-1697000,-46000
2015/12/16,0,585000,-1365000,-780000
2015/12/17,0,1042000,-1246000,-204000
2015/12/18,0,666000,-913000,-247000
2015/12/21,0,375000,-255000,120000
2015/12/22,0,757000,-334168,422832
2015/12/23,0,299000,-740000,-441000
2015/12/24,0,95000,-249000,-154000
2015/12/25,0,204000,-150000,54000
2015/12/28,0,135000,-262000,-127000
2015/12/29,0,325000,-722869,-397869
2015/12/30,0,540000,-74000,466000
2015/12/31,0,88000,-227000,-139000
2016/01/01,0,0,0,0
2016/01/04,0,268000,-181000,87000
2016/01/05,0,605000,-294000,311000
2016/01/06,0,89000,-858123,-769123
2016/01/07,0,1070000,-1998000,-928000
2016/01/08,0,1704000,-163000,1541000
2016/01/11,0,1441000,-1462000,-21000
2016/01/12,0,1819000,-1264000,555000
2016/01/13,0,363000,-580000,-217000
2016/01/14,0,346000,-1065000,-719000
2016/01/15,0,333000,-356691,-23691
2016/01/18,0,469000,-855000,-386000
2016/01/19,0,251000,-664000,-413000
2016/01/20,0,260000,-350000,-90000
2016/01/21,0,299000,-584000,-285000
2016/01/22,0,227000,-670612,-443612
2016/01/25,0,800000,-426000,374000
2016/01/26,0,143000,-1241004,-1098004
2016/01/27,0,301000,-114000,187000
2016/01/28,0,171000,-191000,-20000
2016/01/29,0,410000,-818000,-408000
2016/02/01,0,603000,-236000,367000
2016/02/02,0,258000,-89000,169000
2016/02/03,0,356000,-205000,151000
2016/02/04,0,0,0,0
2016/02/05,0,0,0,0
2016/02/08,0,0,0,0
2016/02/09,0,0,0,0
2016/02/10,0,0,0,0
2016/02/11,0,0,0,0
2016/02/12,0,0,0,0
2016/02/15,0,335000,-464000,-129000
2016/02/16,0,330000,-213000,117000
2016/02/17,0,344054,-181000,163054
2016/02/18,0,285000,-261000,24000
2016/02/19,0,501000,-336000,165000
2016/02/22,0,219000,-285000,-66000
2016/02/23,0,127000,-188000,-61000
2016/02/24,0,276000,-125000,151000
2016/02/25,0,729000,-298000,431000
2016/02/26,0,189000,-1041000,-852000
2016/02/29,0,0,0,0
2016/03/01,0,143000,-175000,-32000
2016/03/02,0,213000,-1880000,-1667000
2016/03/03,0,428000,-1456000,-1028000
2016/03/04,0,555000,-1901500,-1346500
2016/03/07,0,524000,-948000,-424000
2016/03/08,0,118000,-1047000,-929000
2016/03/09,0,39000,-1343000,-1304000
2016/03/10,0,31000,-1098000,-1067000
2016/03/11,0,18000,-543012,-525012
2016/03/14,0,2144000,-1846309,297691
2016/03/15,0,719000,-880000,-161000
2016/03/16,0,428000,-709000,-281000
2016/03/17,0,990000,-542000,448000
2016/03/18,0,2334000,-1604000,730000
2016/03/21,0,119000,-694000,-575000
2016/03/22,0,218000,-346000,-128000
2016/03/23,0,98000,-364000,-266000
2016/03/24,0,122000,-222000,-100000
2016/03/25,0,12000,-189000,-177000
2016/03/28,0,44000,-121000,-77000
2016/03/29,0,53000,-64000,-11000
2016/03/30,0,109000,-149000,-40000
2016/03/31,0,69000,-250000,-181000
2016/04/01,0,48868,-160000,-111132
2016/04/04,0,0,0,0
2016/04/05,0,0,0,0
2016/04/06,0,590000,-96000,494000
2016/04/07,0,226000,-442000,-216000
2016/04/08,0,254000,-94000,160000
2016/04/11,0,158000,-170000,-12000
2016/04/12,0,162000,-148000,14000
2016/04/13,0,95000,-185000,-90000
2016/04/14,0,2723000,-742000,1981000
2016/04/15,0,276000,-542000,-266000
2016/04/18,0,236000,-401000,-165000
2016/04/19,0,158000,-181000,-23000
2016/04/20,0,242000,-544000,-302000
2016/04/21,0,173000,-277000,-104000
2016/04/22,0,163000,-214000,-51000
2016/04/25,0,208000,-317000,-109000
2016/04/26,0,363000,-88000,275000
2016/04/27,0,176000,-352000,-176000
2016/04/28,0,149000,-211000,-62000
2016/04/29,0,233000,-142000,91000
2016/05/02,0,0,0,0
2016/05/03,0,1784000,-458550,1325450
2016/05/04,0,1286000,-1664000,-378000
2016/05/05,0,763000,-794423,-31423
2016/05/06,0,347000,-326000,21000
2016/05/09,0,200000,-626000,-426000
2016/05/10,0,2251000,-616000,1635000
2016/05/11,0,207000,-2152000,-1945000
2016/05/12,0,918000,-711000,207000
2016/05/13,0,454000,-198000,256000
2016/05/16,0,335000,-550000,-215000
2016/05/17,0,632000,-173000,459000
2016/05/18,0,715000,-546000,169000
2016/05/19,0,422000,-409000,13000
2016/05/20,0,124000,-504000,-380000
2016/05/23,0,508000,-615000,-107000
2016/05/24,0,254000,-666000,-412000
2016/05/25,0,1825000,-467000,1358000
2016/05/26,0,3654000,-221000,3433000
2016/05/27,0,1769000,-793000,976000
2016/05/30,0,500000,-333000,167000
2016/05/31,0,1118000,-670000,448000
2016/06/01,0,450000,-274000,176000
2016/06/02,0,1522000,-331000,1191000
2016/06/03,0,677000,-192000,485000
2016/06/06,0,164000,-511452,-347452
2016/06/07,0,428125,-220000,208125
2016/06/08,0,204000,-199000,5000
2016/06/09,0,0,0,0
2016/06/10,0,0,0,0
2016/06/13,0,115000,-769000,-654000
2016/06/14,0,131000,-184000,-53000
2016/06/15,0,425000,-305000,120000
2016/06/16,0,143000,-293000,-150000
2016/06/17,0,227000,-225000,2000
2016/06/20,0,556000,-188000,368000
2016/06/21,0,333047,-192002,141045
2016/06/22,0,468000,-173000,295000
2016/06/23,0,405000,-681000,-276000
2016/06/24,0,185000,-1077000,-892000
2016/06/27,0,234000,-639000,-405000
2016/06/28,0,104000,-705000,-601000
2016/06/29,0,143000,-229000,-86000
2016/06/30,0,117000,-323000,-206000
2016/07/01,0,756000,-1451000,-695000
2016/07/04,0,1207000,-842000,365000
2016/07/05,0,2163000,-288000,1875000
2016/07/06,0,1714000,-890000,824000
2016/07/07,0,1476000,-199000,1277000
2016/07/08,0,0,0,0
2016/07/11,0,472000,-307000,165000
2016/07/12,0,614000,-212000,402000
2016/07/13,0,430000,-308000,122000
2016/07/14,0,836000,-279000,557000
2016/07/15,0,186142,-641000,-454858
2016/07/18,0,342000,-167000,175000
2016/07/19,0,1468000,-399000,1069000
2016/07/20,0,1320838,-635000,685838
2016/07/21,0,1055000,-932000,123000
2016/07/22,0,858000,-1335000,-477000
2016/07/25,0,888000,-1346000,-458000
2016/07/26,0,898000,-717000,181000
2016/07/27,0,375000,-631000,-256000
2016/07/28,0,618000,-864000,-246000
2016/07/29,0,606000,-334000,272000
2016/08/01,0,1521000,-723000,798000
2016/08/02,0,919000,-1255000,-336000
2016/08/03,0,970000,-566000,404000
2016/08/04,0,871000,-455000,416000
2016/08/05,0,1594000,-309647,1284353
2016/08/08,0,2504000,-379000,2125000
2016/08/09,0,1495000,-1159000,336000
2016/08/10,0,1797422,-483656,1313766
2016/08/11,0,1290044,-1071000,219044
2016/08/12,0,632000,-1078000,-446000
2016/08/15,0,585000,-552000,33000
2016/08/16,0,1006000,-803000,203000
2016/08/17,0,588402,-359148,229254
2016/08/18,0,1230000,-141000,1089000
2016/08/19,0,445000,-617152,-172152
2016/08/22,0,2443000,-443000,2000000
2016/08/23,0,1238000,-229289,1008711
2016/08/24,0,398000,-230000,168000
2016/08/25,0,656107,-47000,609107
2016/08/26,0,360000,-565000,-205000
2016/08/29,0,324000,-1053000,-729000
2016/08/30,0,301000,-384000,-83000
2016/08/31,0,1276000,-530000,746000
2016/09/01,0,347000,-1275000,-928000
2016/09/02,0,773000,-507000,266000
2016/09/05,0,410000,-75000,335000
2016/09/06,0,247000,-488000,-241000
2016/09/07,0,487000,-128000,359000
2016/09/08,0,611000,-522000,89000
2016/09/09,0,132000,-317000,-185000
2016/09/12,0,451000,-263000,188000
2016/09/13,0,301000,-132000,169000
2016/09/14,0,1288000,-271000,1017000
2016/09/15,0,0,0,0
2016/09/16,0,0,0,0
2016/09/19,0,592000,-222000,370000
2016/09/20,0,584000,-136064,447936
2016/09/21,0,309000,-174000,135000
2016/09/22,0,241000,-204936,36064
2016/09/23,0,1274000,-494000,780000
2016/09/26,0,362949,-881000,-518051
2016/09/27,0,0,0,0
2016/09/28,0,0,0,0
2016/09/29,0,422174,-402907,19267
2016/09/30,0,1429905,-427000,1002905
2016/10/03,0,1493000,-805250,687750
2016/10/04,0,638000,-620978,17022
2016/10/05,0,1376095,-804000,572095
2016/10/06,0,379000,-1021000,-642000
2016/10/07,0,664000,-746000,-82000
2016/10/10,0,0,0,0
2016/10/11,0,948000,-1862205,-914205
2016/10/12,0,539469,-824000,-284531
2016/10/13,0,315000,-394000,-79000
2016/10/14,0,661000,-939000,-278000
2016/10/17,0,1114000,-467000,647000
2016/10/18,0,463000,-1207000,-744000
2016/10/19,0,590790,-1047000,-456210
2016/10/20,0,151000,-886000,-735000
2016/10/21,0,2193000,-2038000,155000
2016/10/24,0,2708000,-1860000,848000
2016/10/25,0,3290000,-1812000,1478000
2016/10/26,0,266000,-1657000,-1391000
2016/10/27,0,508000,-1255000,-747000
2016/10/28,0,825000,-2214000,-1389000
2016/10/31,0,855000,-389000,466000
2016/11/01,0,716000,-310000,406000
2016/11/02,0,922000,-981000,-59000
2016/11/03,0,1529000,-731000,798000
2016/11/04,0,578000,-1729000,-1151000
2016/11/07,0,1128000,-517000,611000
2016/11/08,0,405000,-598000,-193000
2016/11/09,0,1132000,-1004000,128000
2016/11/10,0,1686100,-937000,749100
2016/11/11,0,513000,-2155000,-1642000
2016/11/14,0,520743,-1732000,-1211257
2016/11/15,0,1881580,-1663229,218351
2016/11/16,0,2409335,-437000,1972335
2016/11/17,0,714000,-446790,267210
2016/11/18,0,1649000,-879640,769360
2016/11/21,0,1112000,-131000,981000
2016/11/22,0,2977000,-452000,2525000
2016/11/23,0,1196000,-1358000,-162000
2016/11/24,0,303000,-275000,28000
2016/11/25,0,174000,-245000,-71000
2016/11/28,0,179000,-374000,-195000
2016/11/29,0,406000,-333000,73000
2016/11/30,0,512000,-332000,180000
2016/12/01,0,1246000,-587000,659000
2016/12/02,0,1074000,-548000,526000
2016/12/05,0,2062000,-572000,1490000
2016/12/06,0,2140000,-1745000,395000
2016/12/07,0,1207000,-411012,795988
2016/12/08,0,177442,-1205499,-1028057
2016/12/09,0,361000,-146773,214227
2016/12/12,0,303800,-413000,-109200
2016/12/13,0,192000,-679000,-487000
2016/12/14,0,414000,-750683,-336683
2016/12/15,0,256000,-200000,56000
2016/12/16,0,667000,-875836,-208836
2016/12/19,0,343417,-311711,31706
2016/12/20,0,375000,-851235,-476235
2016/12/21,0,54000,-240000,-186000
2016/12/22,0,15000,-270709,-255709
2016/12/23,0,123000,-848710,-725710
2016/12/26,0,216000,-186000,30000
2016/12/27,0,143000,-233000,-90000
2016/12/28,0,231000,-52821,178179
2016/12/29,0,228000,-162647,65353
2016/12/30,0,360000,-140000,220000
2017/01/02,0,0,0,0
2017/01/03,0,225000,-225000,0
2017/01/04,0,154000,-173301,-19301
2017/01/05,0,419000,-666969,-247969
2017/01/06,0,193000,-811969,-618969
2017/01/09,0,459000,-694673,-235673
2017/01/10,0,189000,-532673,-343673
2017/01/11,0,533000,-248772,284228
2017/01/12,0,419000,-327771,91229
2017/01/13,0,298000,-263642,34358
2017/01/16,0,491000,-274642,216358
2017/01/17,0,1204000,-449718,754282
2017/01/18,0,4698000,-320658,4377342
2017/01/19,0,2315000,-1649593,665407
2017/01/20,0,1041000,-172000,869000
2017/01/23,0,384000,-304000,80000
2017/01/24,0,996150,-317000,679150
2017/01/25,0,0,0,0
2017/01/26,0,0,0,0
2017/01/27,0,0,0,0
2017/01/30,0,0,0,0
2017/01/31,0,0,0,0
2017/02/01,0,0,0,0
2017/02/02,0,995000,-532000,463000
2017/02/03,0,359000,-773974,-414974
2017/02/06,0,451000,-977537,-526537
2017/02/07,0,468000,-899803,-431803
2017/02/08,0,128000,-657480,-529480
2017/02/09,0,338000,-408692,-70692
2017/02/10,0,893750,-591158,302592
2017/02/13,0,411000,-1011798,-600798
2017/02/14,0,433750,-1152887,-719137
2017/02/15,0,2596000,-469659,2126341
2017/02/16,0,3466750,-2311000,1155750
2017/02/17,0,1651000,-701810,949190
2017/02/20,0,3119000,-987303,2131697
2017/02/21,0,609000,-1005930,-396930
2017/02/22,0,781125,-1444905,-663780
2017/02/23,0,421000,-575000,-154000
2017/02/24,0,837000,-887000,-50000
2017/02/27,0,0,0,0
2017/02/28,0,0,0,0
2017/03/01,0,456000,-824000,-368000
2017/03/02,0,276000,-123000,153000
2017/03/03,0,369000,-296000,73000
2017/03/06,0,313000,-279000,34000
2017/03/07,0,791000,-465174,325826
2017/03/08,0,651000,-186000,465000
2017/03/09,0,1673116,-225000,1448116
2017/03/10,0,773001,-876000,-102999
2017/03/13,0,2646000,-452550,2193450
2017/03/14,0,561000,-819000,-258000
2017/03/15,0,174000,-370000,-196000
2017/03/16,0,1990000,-855298,1134702
2017/03/17,0,2710528,-2398895,311633
2017/03/20,0,343000,-339014,3986
2017/03/21,0,296116,-184954,111162
2017/03/22,0,928000,-80000,848000
2017/03/23,0,2538001,-477000,2061001
2017/03/24,0,2976116,-748633,2227483
2017/03/27,0,1337000,-1679000,-342000
2017/03/28,0,898000,-364450,533550
2017/03/29,0,177001,-511000,-333999
2017/03/30,0,222000,-145000,77000
2017/03/31,0,195000,-334000,-139000
2017/04/03,0,0,0,0
2017/04/04,0,0,0,0
2017/04/05,0,715068,-867000,-151932
2017/04/06,0,500000,-272000,228000
2017/04/07,0,461000,-558000,-97000
2017/04/10,0,247000,-782000,-535000
2017/04/11,0,355720,-886000,-530280
2017/04/12,0,809000,-529219,279781
2017/04/13,0,838000,-818000,20000
2017/04/14,0,249000,-858000,-609000
2017/04/17,0,731000,-1218000,-487000
2017/04/18,0,1648000,-1238000,410000
2017/04/19,0,972000,-1152000,-180000
