Date,Open,Buy,Sell,Total
2007/01/02,0,0,0,0
2007/01/03,0,130000,-1008125,-878125
2007/01/04,0,1277000,0,1277000
2007/01/05,0,807000,-70425,736575
2007/01/08,0,145000,-45000,100000
2007/01/09,0,1150000,0,1150000
2007/01/10,0,1203000,0,1203000
2007/01/11,0,485000,-53000,432000
2007/01/12,0,111000,0,111000
2007/01/15,0,550000,-247000,303000
2007/01/16,0,725000,0,725000
2007/01/17,0,90000,0,90000
2007/01/18,0,1420000,0,1420000
2007/01/19,0,60000,0,60000
2007/01/22,0,450000,0,450000
2007/01/23,0,0,-61000,-61000
2007/01/24,0,200000,-50000,150000
2007/01/25,0,443000,-55,442945
2007/01/26,0,0,-40000,-40000
2007/01/29,0,30000,-100000,-70000
2007/01/30,0,85000,-845000,-760000
2007/01/31,0,311000,-100000,211000
2007/02/01,0,0,-206000,-206000
2007/02/02,0,211000,-29000,182000
2007/02/05,0,0,0,0
2007/02/06,0,1374000,0,1374000
2007/02/07,0,760000,0,760000
2007/02/08,0,0,-100000,-100000
2007/02/09,0,50000,-542987,-492987
2007/02/12,0,0,-126000,-126000
2007/02/13,0,206000,-45000,161000
2007/02/14,0,173000,-95000,78000
2007/02/15,0,0,0,0
2007/02/16,0,0,0,0
2007/02/19,0,0,0,0
2007/02/20,0,0,0,0
2007/02/21,0,0,0,0
2007/02/22,0,0,0,0
2007/02/23,0,0,0,0
2007/02/26,0,0,-66000,-66000
2007/02/27,0,150000,-520000,-370000
2007/02/28,0,0,0,0
2007/03/01,0,0,-430000,-430000
2007/03/02,0,0,-565000,-565000
2007/03/05,0,0,-695000,-695000
2007/03/06,0,250000,-589000,-339000
2007/03/07,0,110000,-426000,-316000
2007/03/08,0,0,-455000,-455000
2007/03/09,0,370000,-1008000,-638000
2007/03/12,0,0,-537000,-537000
2007/03/13,0,0,-473000,-473000
2007/03/14,0,0,-1195000,-1195000
2007/03/15,0,0,-612000,-612000
2007/03/16,0,0,-400000,-400000
2007/03/19,0,100000,-414000,-314000
2007/03/20,0,0,-67000,-67000
2007/03/21,0,130000,0,130000
2007/03/22,0,100000,-283000,-183000
2007/03/23,0,471000,0,471000
2007/03/26,0,30000,0,30000
2007/03/27,0,283000,-240000,43000
2007/03/28,0,226000,-1775750,-1549750
2007/03/29,0,50000,-892625,-842625
2007/03/30,0,88000,-680100,-592100
2007/04/02,0,609000,-200000,409000
2007/04/03,0,40000,-25000,15000
2007/04/04,0,220000,-190000,30000
2007/04/05,0,0,0,0
2007/04/06,0,0,0,0
2007/04/09,0,842000,0,842000
2007/04/10,0,0,-15000,-15000
2007/04/11,0,127000,-185000,-58000
2007/04/12,0,0,-214000,-214000
2007/04/13,0,200000,-50000,150000
2007/04/16,0,130000,-50000,80000
2007/04/17,0,85000,-95000,-10000
2007/04/18,0,10000,-75000,-65000
2007/04/19,0,50000,-25000,25000
2007/04/20,0,500000,-189000,311000
2007/04/23,0,964000,-92000,872000
2007/04/24,0,432000,0,432000
2007/04/25,0,337000,0,337000
2007/04/26,0,110000,-400000,-290000
2007/04/27,0,0,-100000,-100000
2007/04/30,0,200000,-256000,-56000
2007/05/01,0,0,0,0
2007/05/02,0,6000,0,6000
2007/05/03,0,0,0,0
2007/05/04,0,347000,-82000,265000
2007/05/07,0,408000,-283000,125000
2007/05/08,0,195000,0,195000
2007/05/09,0,0,0,0
2007/05/10,0,0,-165000,-165000
2007/05/11,0,30000,0,30000
2007/05/14,0,80000,-555000,-475000
2007/05/15,0,221000,-158950,62050
2007/05/16,0,0,0,0
2007/05/17,0,250000,0,250000
2007/05/18,0,133000,0,133000
2007/05/21,0,49000,0,49000
2007/05/22,0,100000,-556000,-456000
2007/05/23,0,247000,-520000,-273000
2007/05/24,0,0,0,0
2007/05/25,0,10000,-190000,-180000
2007/05/28,0,543000,0,543000
2007/05/29,0,572000,0,572000
2007/05/30,0,100000,-20000,80000
2007/05/31,0,100000,-15612,84388
2007/06/01,0,100000,-140000,-40000
2007/06/04,0,5000,-150000,-145000
2007/06/05,0,100000,-140000,-40000
2007/06/06,0,30000,-681000,-651000
2007/06/07,0,0,-175000,-175000
2007/06/08,0,45000,-43000,2000
2007/06/11,0,0,-100000,-100000
2007/06/12,0,6000,0,6000
2007/06/13,0,120000,-90000,30000
2007/06/14,0,11000,-160000,-149000
2007/06/15,0,10000,-950,9050
2007/06/18,0,0,0,0
2007/06/19,0,0,0,0
2007/06/20,0,0,-100000,-100000
2007/06/21,0,65000,-215000,-150000
2007/06/22,0,333000,-40000,293000
2007/06/25,0,260000,-10000,250000
2007/06/26,0,500000,-140000,360000
2007/06/27,0,1175000,0,1175000
2007/06/28,0,359000,-250000,109000
2007/06/29,0,720000,-280000,440000
2007/07/02,0,510000,-10000,500000
2007/07/03,0,740000,-235000,505000
2007/07/04,0,196000,-200000,-4000
2007/07/05,0,36000,-332262,-296262
2007/07/06,0,343000,-320000,23000
2007/07/09,0,53000,-11000,42000
2007/07/10,0,0,0,0
2007/07/11,0,0,-535000,-535000
2007/07/12,0,235000,-100000,135000
2007/07/13,0,0,-301000,-301000
2007/07/16,0,0,-760000,-760000
2007/07/17,0,250000,0,250000
2007/07/18,0,100000,-578000,-478000
2007/07/19,0,581000,0,581000
2007/07/20,0,152000,-466000,-314000
2007/07/23,0,0,-3000,-3000
2007/07/24,0,0,0,0
2007/07/25,0,0,-50000,-50000
2007/07/26,0,67000,-1000,66000
2007/07/27,0,0,0,0
2007/07/30,0,22000,0,22000
2007/07/31,0,455000,0,455000
2007/08/01,0,873000,0,873000
2007/08/02,0,320000,-230000,90000
2007/08/03,0,416000,0,416000
2007/08/06,0,0,0,0
2007/08/07,0,30000,0,30000
2007/08/08,0,552000,-300000,252000
2007/08/09,0,0,0,0
2007/08/10,0,0,0,0
2007/08/13,0,0,0,0
2007/08/14,0,571000,-280000,291000
2007/08/15,0,0,0,0
2007/08/16,0,0,-103000,-103000
2007/08/17,0,436000,-20000,416000
2007/08/20,0,578000,-1052,576948
2007/08/21,0,0,0,0
2007/08/22,0,3000,0,3000
2007/08/23,0,301000,0,301000
2007/08/24,0,0,0,0
2007/08/27,0,23000,0,23000
2007/08/28,0,410000,-50000,360000
2007/08/29,0,158000,-2000,156000
2007/08/30,0,190000,0,190000
2007/08/31,0,0,0,0
2007/09/03,0,152000,0,152000
2007/09/04,0,365000,0,365000
2007/09/05,0,65000,-202000,-137000
2007/09/06,0,331000,-100000,231000
2007/09/07,0,200000,-130000,70000
2007/09/10,0,327000,0,327000
2007/09/11,0,191000,-80000,111000
2007/09/12,0,458000,-90000,368000
2007/09/13,0,30000,-4000,26000
2007/09/14,0,120000,-90000,30000
2007/09/17,0,110000,0,110000
2007/09/18,0,0,0,0
2007/09/19,0,100000,0,100000
2007/09/20,0,0,0,0
2007/09/21,0,141000,0,141000
2007/09/24,0,0,0,0
2007/09/25,0,0,0,0
2007/09/26,0,350000,-185000,165000
2007/09/27,0,1358000,-477769,880231
2007/09/28,0,1580000,-29000,1551000
2007/10/01,0,180000,0,180000
2007/10/02,0,315000,0,315000
2007/10/03,0,782000,-796,781204
2007/10/04,0,252000,-5000,247000
2007/10/05,0,815000,-200000,615000
2007/10/08,0,570000,0,570000
2007/10/09,0,125000,-4000,121000
2007/10/10,0,0,0,0
2007/10/11,0,89000,0,89000
2007/10/12,0,419000,-250000,169000
2007/10/15,0,263000,-5000,258000
2007/10/16,0,220000,-57761,162239
2007/10/17,0,495000,-400000,95000
2007/10/18,0,641000,0,641000
2007/10/19,0,473000,-544000,-71000
2007/10/22,0,30000,-15000,15000
2007/10/23,0,0,-110000,-110000
2007/10/24,0,280000,-34000,246000
2007/10/25,0,108000,-201000,-93000
2007/10/26,0,230000,-593796,-363796
2007/10/29,0,132000,-392659,-260659
2007/10/30,0,118000,-413000,-295000
2007/10/31,0,376000,-382918,-6918
2007/11/01,0,716000,-20000,696000
2007/11/02,0,170000,0,170000
2007/11/05,0,0,-32000,-32000
2007/11/06,0,400000,0,400000
2007/11/07,0,654000,0,654000
2007/11/08,0,430000,-25000,405000
2007/11/09,0,165000,0,165000
2007/11/12,0,151000,-327843,-176843
2007/11/13,0,406000,0,406000
2007/11/14,0,213000,-315138,-102138
2007/11/15,0,0,-390,-390
2007/11/16,0,195000,0,195000
2007/11/19,0,42000,-9000,33000
2007/11/20,0,10000,-137000,-127000
2007/11/21,0,64000,-20000,44000
2007/11/22,0,0,-26000,-26000
2007/11/23,0,1000,0,1000
2007/11/26,0,1000,-269952,-268952
2007/11/27,0,0,0,0
2007/11/28,0,160000,-359000,-199000
2007/11/29,0,80000,-300000,-220000
2007/11/30,0,150000,-450000,-300000
2007/12/03,0,300000,-480000,-180000
2007/12/04,0,0,-446000,-446000
2007/12/05,0,120000,0,120000
2007/12/06,0,114000,-185000,-71000
2007/12/07,0,287000,-100000,187000
2007/12/10,0,50000,-243660,-193660
2007/12/11,0,93000,-202000,-109000
2007/12/12,0,50000,0,50000
2007/12/13,0,1000,0,1000
2007/12/14,0,7000,-290000,-283000
2007/12/17,0,0,-10000,-10000
2007/12/18,0,160000,-690000,-530000
2007/12/19,0,660000,-760000,-100000
2007/12/20,0,0,-73000,-73000
2007/12/21,0,38000,0,38000
2007/12/24,0,0,0,0
2007/12/25,0,0,-231000,-231000
2007/12/26,0,114000,-300000,-186000
2007/12/27,0,1000,-231000,-230000
2007/12/28,0,0,-71000,-71000
2007/12/31,0,50000,-60000,-10000
2008/01/01,0,0,0,0
2008/01/02,0,0,-135000,-135000
2008/01/03,0,50000,0,50000
2008/01/04,0,190000,-250000,-60000
2008/01/07,0,250000,-32000,218000
2008/01/08,0,101000,-801000,-700000
2008/01/09,0,0,-1355000,-1355000
2008/01/10,0,520000,-628000,-108000
2008/01/11,0,100000,-445000,-345000
2008/01/14,0,0,0,0
2008/01/15,0,0,0,0
2008/01/16,0,0,-475925,-475925
2008/01/17,0,0,0,0
2008/01/18,0,0,0,0
2008/01/21,0,1000,0,1000
2008/01/22,0,0,-155000,-155000
2008/01/23,0,160000,-170000,-10000
2008/01/24,0,55000,-230017,-175017
2008/01/25,0,192000,-904,191096
2008/01/28,0,301000,-240000,61000
2008/01/29,0,250000,-465000,-215000
2008/01/30,0,125000,-8000,117000
2008/01/31,0,0,0,0
2008/02/01,0,110000,-412000,-302000
2008/02/04,0,0,0,0
2008/02/05,0,0,0,0
2008/02/06,0,0,0,0
2008/02/07,0,0,0,0
2008/02/08,0,0,0,0
2008/02/11,0,0,0,0
2008/02/12,0,0,-100000,-100000
2008/02/13,0,170000,-79688,90312
2008/02/14,0,350000,-120000,230000
2008/02/15,0,0,-300000,-300000
2008/02/18,0,0,-155086,-155086
2008/02/19,0,496000,-951000,-455000
2008/02/20,0,0,0,0
2008/02/21,0,0,-172419,-172419
2008/02/22,0,199000,-172000,27000
2008/02/25,0,0,-109000,-109000
2008/02/26,0,0,-366000,-366000
2008/02/27,0,281000,-125000,156000
2008/02/28,0,0,0,0
2008/02/29,0,982000,-1601000,-619000
2008/03/03,0,20000,-427000,-407000
2008/03/04,0,20000,0,20000
2008/03/05,0,0,-30000,-30000
2008/03/06,0,270000,-838000,-568000
2008/03/07,0,200000,-35000,165000
2008/03/10,0,350000,-137000,213000
2008/03/11,0,61000,-118000,-57000
2008/03/12,0,0,-295184,-295184
2008/03/13,0,80000,-263000,-183000
2008/03/14,0,455000,-28000,427000
2008/03/17,0,46000,0,46000
2008/03/18,0,329000,-112000,217000
2008/03/19,0,330000,-8000,322000
2008/03/20,0,238000,-1659000,-1421000
2008/03/21,0,570000,-100277,469723
2008/03/24,0,1000,-1660000,-1659000
2008/03/25,0,0,-1288746,-1288746
2008/03/26,0,517000,-890000,-373000
2008/03/27,0,0,-380000,-380000
2008/03/28,0,0,-420000,-420000
2008/03/31,0,7000,-142000,-135000
2008/04/01,0,0,0,0
2008/04/02,0,370000,-18569,351431
2008/04/03,0,175000,-100000,75000
2008/04/04,0,0,0,0
2008/04/07,0,0,-20000,-20000
2008/04/08,0,125000,0,125000
2008/04/09,0,20000,0,20000
2008/04/10,0,10000,-1000000,-990000
2008/04/11,0,40000,0,40000
2008/04/14,0,0,-293000,-293000
2008/04/15,0,0,-200000,-200000
2008/04/16,0,0,0,0
2008/04/17,0,360000,0,360000
2008/04/18,0,0,0,0
2008/04/21,0,10000,-500000,-490000
2008/04/22,0,0,-362000,-362000
2008/04/23,0,0,-1000000,-1000000
2008/04/24,0,0,0,0
2008/04/25,0,0,-1803591,-1803591
2008/04/28,0,30000,-1000660,-970660
2008/04/29,0,0,-500000,-500000
2008/04/30,0,28000,-45000,-17000
2008/05/01,0,0,0,0
2008/05/02,0,20000,-229966,-209966
2008/05/05,0,130000,-354522,-224522
2008/05/06,0,517000,-740000,-223000
2008/05/07,0,450000,-1556000,-1106000
2008/05/08,0,0,0,0
2008/05/09,0,0,-337000,-337000
2008/05/12,0,9000,-270000,-261000
2008/05/13,0,100000,-639000,-539000
2008/05/14,0,0,-600000,-600000
2008/05/15,0,0,-350000,-350000
2008/05/16,0,20000,-489000,-469000
2008/05/19,0,0,-125000,-125000
2008/05/20,0,400000,0,400000
2008/05/21,0,0,-125000,-125000
2008/05/22,0,0,0,0
2008/05/23,0,0,0,0
2008/05/26,0,0,-216000,-216000
2008/05/27,0,54000,-100000,-46000
2008/05/28,0,0,-173000,-173000
2008/05/29,0,30000,0,30000
2008/05/30,0,0,-56778,-56778
2008/06/02,0,0,-150000,-150000
2008/06/03,0,0,-60000,-60000
2008/06/04,0,0,0,0
2008/06/05,0,0,0,0
2008/06/06,0,0,-986000,-986000
2008/06/09,0,0,-170000,-170000
2008/06/10,0,0,0,0
2008/06/11,0,0,-950000,-950000
2008/06/12,0,0,-246000,-246000
2008/06/13,0,0,-137000,-137000
2008/06/16,0,8000,-268000,-260000
2008/06/17,0,0,-269000,-269000
2008/06/18,0,0,0,0
2008/06/19,0,0,-29000,-29000
2008/06/20,0,0,0,0
2008/06/23,0,0,0,0
2008/06/24,0,0,0,0
2008/06/25,0,50000,-150000,-100000
2008/06/26,0,50000,-190000,-140000
2008/06/27,0,0,0,0
2008/06/30,0,0,-150000,-150000
2008/07/01,0,0,-135000,-135000
2008/07/02,0,0,-228000,-228000
2008/07/03,0,35000,-200000,-165000
2008/07/04,0,325000,-319184,5816
2008/07/07,0,0,-449,-449
2008/07/08,0,0,0,0
2008/07/09,0,0,0,0
2008/07/10,0,0,0,0
2008/07/11,0,0,0,0
2008/07/14,0,0,-1000,-1000
2008/07/15,0,0,0,0
2008/07/16,0,0,0,0
2008/07/17,0,0,0,0
2008/07/18,0,354000,0,354000
2008/07/21,0,750000,0,750000
2008/07/22,0,659000,0,659000
2008/07/23,0,0,0,0
2008/07/24,0,635000,0,635000
2008/07/25,0,200000,0,200000
2008/07/28,0,0,0,0
2008/07/29,0,404000,0,404000
2008/07/30,0,550000,0,550000
2008/07/31,0,978000,0,978000
2008/08/01,0,445000,0,445000
2008/08/04,0,458000,0,458000
2008/08/05,0,600000,0,600000
2008/08/06,0,420000,0,420000
2008/08/07,0,1710000,0,1710000
2008/08/08,0,271000,-100000,171000
2008/08/11,0,465000,0,465000
2008/08/12,0,158000,-170000,-12000
2008/08/13,0,0,-928000,-928000
2008/08/14,0,350000,-1110000,-760000
2008/08/15,0,0,-80000,-80000
2008/08/18,0,362000,-9914,352086
2008/08/19,0,0,0,0
2008/08/20,0,100000,0,100000
2008/08/21,0,0,-35000,-35000
2008/08/22,0,0,-293000,-293000
2008/08/25,0,504000,-27000,477000
2008/08/26,0,355000,-4000,351000
2008/08/27,0,350000,-75000,275000
2008/08/28,0,0,-100000,-100000
2008/08/29,0,200000,-250000,-50000
2008/09/01,0,0,0,0
2008/09/02,0,575000,-470000,105000
2008/09/03,0,758000,0,758000
2008/09/04,0,175000,0,175000
2008/09/05,0,310000,0,310000
2008/09/08,0,50000,-2018000,-1968000
2008/09/09,0,0,-150000,-150000
2008/09/10,0,340000,-946000,-606000
2008/09/11,0,100000,0,100000
2008/09/12,0,0,0,0
2008/09/15,0,0,0,0
2008/09/16,0,100000,0,100000
2008/09/17,0,369000,-1046000,-677000
2008/09/18,0,0,-541000,-541000
2008/09/19,0,150000,-184000,-34000
2008/09/22,0,250000,-192000,58000
2008/09/23,0,430000,-369000,61000
2008/09/24,0,485000,0,485000
2008/09/25,0,646000,-150000,496000
2008/09/26,0,254000,-167000,87000
2008/09/29,0,0,0,0
2008/09/30,0,0,-240000,-240000
2008/10/01,0,265000,0,265000
2008/10/02,0,0,-100099,-100099
2008/10/03,0,549000,-400000,149000
2008/10/06,0,0,-100000,-100000
2008/10/07,0,0,-127000,-127000
2008/10/08,0,0,-400000,-400000
2008/10/09,0,363000,-493000,-130000
2008/10/10,0,0,0,0
2008/10/13,0,90000,-12000,78000
2008/10/14,0,420000,-330000,90000
2008/10/15,0,0,-88000,-88000
2008/10/16,0,0,0,0
2008/10/17,0,0,0,0
2008/10/20,0,0,-259000,-259000
2008/10/21,0,0,-1014000,-1014000
2008/10/22,0,0,-341000,-341000
2008/10/23,0,0,-580000,-580000
2008/10/24,0,120000,-262000,-142000
2008/10/27,0,941000,-473000,468000
2008/10/28,0,291000,0,291000
2008/10/29,0,0,-218000,-218000
2008/10/30,0,775000,-312000,463000
2008/10/31,0,1080000,-68000,1012000
2008/11/03,0,770000,0,770000
2008/11/04,0,1073000,-130000,943000
2008/11/05,0,830000,-50000,780000
2008/11/06,0,1050000,-565000,485000
2008/11/07,0,481000,-240000,241000
2008/11/10,0,275000,-350000,-75000
2008/11/11,0,400000,-215000,185000
2008/11/12,0,761000,0,761000
2008/11/13,0,0,-350000,-350000
2008/11/14,0,510000,0,510000
2008/11/17,0,0,-336000,-336000
2008/11/18,0,0,-3000,-3000
2008/11/19,0,0,0,0
2008/11/20,0,0,-647000,-647000
2008/11/21,0,0,-180000,-180000
2008/11/24,0,0,0,0
2008/11/25,0,0,0,0
2008/11/26,0,226000,0,226000
2008/11/27,0,25000,0,25000
2008/11/28,0,135000,-225000,-90000
2008/12/01,0,350000,0,350000
2008/12/02,0,0,0,0
2008/12/03,0,0,-300000,-300000
2008/12/04,0,26000,-495000,-469000
2008/12/05,0,0,-310000,-310000
2008/12/08,0,0,-60000,-60000
2008/12/09,0,0,-80000,-80000
2008/12/10,0,0,0,0
2008/12/11,0,0,0,0
2008/12/12,0,0,0,0
2008/12/15,0,0,-308000,-308000
2008/12/16,0,450000,-388000,62000
2008/12/17,0,450000,-641000,-191000
2008/12/18,0,540000,-233000,307000
2008/12/19,0,510000,-174000,336000
2008/12/22,0,500000,-761000,-261000
2008/12/23,0,740000,0,740000
2008/12/24,0,0,-266000,-266000
2008/12/25,0,0,0,0
2008/12/26,0,2000,-373000,-371000
2008/12/29,0,0,-225000,-225000
2008/12/30,0,50000,-240000,-190000
2008/12/31,0,0,0,0
2009/01/01,0,0,0,0
2009/01/02,0,0,0,0
2009/01/05,0,125000,0,125000
2009/01/06,0,69000,0,69000
2009/01/07,0,100000,-9000,91000
2009/01/08,0,1300000,-436000,864000
2009/01/09,0,410000,-568000,-158000
2009/01/12,0,0,-100000,-100000
2009/01/13,0,0,-538000,-538000
2009/01/14,0,256000,-424000,-168000
2009/01/15,0,129000,-110000,19000
2009/01/16,0,68000,0,68000
2009/01/19,0,265000,0,265000
2009/01/20,0,0,0,0
2009/01/21,0,184000,0,184000
2009/01/22,0,0,0,0
2009/01/23,0,0,0,0
2009/01/26,0,0,0,0
2009/01/27,0,0,0,0
2009/01/28,0,0,0,0
2009/01/29,0,0,0,0
2009/01/30,0,0,0,0
2009/02/02,0,0,0,0
2009/02/03,0,0,0,0
2009/02/04,0,0,0,0
2009/02/05,0,100000,0,100000
2009/02/06,0,0,0,0
2009/02/09,0,0,0,0
2009/02/10,0,0,0,0
2009/02/11,0,0,0,0
2009/02/12,0,248000,-2000,246000
2009/02/13,0,860000,0,860000
2009/02/16,0,1077000,0,1077000
2009/02/17,0,970000,0,970000
2009/02/18,0,500000,-300000,200000
2009/02/19,0,400000,0,400000
2009/02/20,0,0,-1000,-1000
2009/02/23,0,432000,0,432000
2009/02/24,0,58000,-556000,-498000
2009/02/25,0,0,0,0
2009/02/26,0,0,0,0
2009/02/27,0,0,0,0
2009/03/02,0,6000,0,6000
2009/03/03,0,765000,0,765000
2009/03/04,0,300000,-926000,-626000
2009/03/05,0,922000,-57000,865000
2009/03/06,0,374000,-1900000,-1526000
2009/03/09,0,100000,-2335000,-2235000
2009/03/10,0,0,-769000,-769000
2009/03/11,0,0,-29000,-29000
2009/03/12,0,732000,0,732000
2009/03/13,0,412000,-915000,-503000
2009/03/16,0,0,-370000,-370000
2009/03/17,0,0,-857107,-857107
2009/03/18,0,300000,-522000,-222000
2009/03/19,0,100000,0,100000
2009/03/20,0,0,0,0
2009/03/23,0,20000,-1000,19000
2009/03/24,0,0,-652000,-652000
2009/03/25,0,0,-350000,-350000
2009/03/26,0,0,-100000,-100000
2009/03/27,0,0,0,0
2009/03/30,0,0,-221000,-221000
2009/03/31,0,0,-266834,-266834
2009/04/01,0,0,0,0
2009/04/02,0,100000,-1150000,-1050000
2009/04/03,0,0,-675000,-675000
2009/04/06,0,0,-778000,-778000
2009/04/07,0,1000,-2144306,-2143306
2009/04/08,0,0,-1050000,-1050000
2009/04/09,0,0,-1000000,-1000000
2009/04/10,0,0,-189000,-189000
2009/04/13,0,48000,-501000,-453000
2009/04/14,0,200000,-501000,-301000
2009/04/15,0,0,0,0
2009/04/16,0,0,-2000,-2000
2009/04/17,0,0,-865000,-865000
2009/04/20,0,0,-351000,-351000
2009/04/21,0,1000,0,1000
2009/04/22,0,0,0,0
2009/04/23,0,200000,-1000,199000
2009/04/24,0,1100000,-200000,900000
2009/04/27,0,0,-60000,-60000
2009/04/28,0,1001000,0,1001000
2009/04/29,0,800000,0,800000
2009/04/30,0,600000,0,600000
2009/05/01,0,0,0,0
2009/05/04,0,11000,0,11000
2009/05/05,0,4000,0,4000
2009/05/06,0,0,-62000,-62000
2009/05/07,0,0,-3000,-3000
2009/05/08,0,900000,0,900000
2009/05/11,0,700000,0,700000
2009/05/12,0,900000,0,900000
2009/05/13,0,500000,-52000,448000
2009/05/14,0,1200000,0,1200000
2009/05/15,0,2000,0,2000
2009/05/18,0,500000,0,500000
2009/05/19,0,1000,0,1000
2009/05/20,0,0,-1000,-1000
2009/05/21,0,0,-600000,-600000
2009/05/22,0,0,-701000,-701000
2009/05/25,0,0,-500000,-500000
2009/05/26,0,0,-19000,-19000
2009/05/27,0,0,-18000,-18000
2009/05/28,0,0,0,0
2009/05/29,0,0,0,0
2009/06/01,0,0,-12000,-12000
2009/06/02,0,0,-110000,-110000
2009/06/03,0,0,0,0
2009/06/04,0,0,0,0
2009/06/05,0,0,0,0
2009/06/08,0,0,-250000,-250000
2009/06/09,0,0,-200000,-200000
2009/06/10,0,0,0,0
2009/06/11,0,0,0,0
2009/06/12,0,0,0,0
2009/06/15,0,0,0,0
2009/06/16,0,1000,0,1000
2009/06/17,0,0,0,0
2009/06/18,0,1000,0,1000
2009/06/19,0,0,0,0
2009/06/22,0,0,0,0
2009/06/23,0,0,0,0
2009/06/24,0,0,0,0
2009/06/25,0,0,0,0
2009/06/26,0,0,0,0
2009/06/29,0,0,-145000,-145000
2009/06/30,0,0,0,0
2009/07/01,0,1000,0,1000
2009/07/02,0,0,0,0
2009/07/03,0,0,-1000,-1000
2009/07/06,0,0,0,0
2009/07/07,0,0,0,0
2009/07/08,0,0,0,0
2009/07/09,0,0,0,0
2009/07/10,0,0,-1000,-1000
2009/07/13,0,0,0,0
2009/07/14,0,0,-1000,-1000
2009/07/15,0,0,0,0
2009/07/16,0,0,-590000,-590000
2009/07/17,0,0,-305000,-305000
2009/07/20,0,0,0,0
2009/07/21,0,0,-1000,-1000
2009/07/22,0,0,0,0
2009/07/23,0,0,-401000,-401000
2009/07/24,0,0,0,0
2009/07/27,0,0,0,0
2009/07/28,0,0,0,0
2009/07/29,0,0,0,0
2009/07/30,0,0,0,0
2009/07/31,0,0,0,0
2009/08/03,0,0,0,0
2009/08/04,0,0,0,0
2009/08/05,0,0,-200000,-200000
2009/08/06,0,0,0,0
2009/08/07,0,0,0,0
2009/08/10,0,0,0,0
2009/08/11,0,0,0,0
2009/08/12,0,0,0,0
2009/08/13,0,0,0,0
2009/08/14,0,0,0,0
2009/08/17,0,0,0,0
2009/08/18,0,1000,-600000,-599000
2009/08/19,0,0,0,0
2009/08/20,0,0,0,0
2009/08/21,0,0,0,0
2009/08/24,0,0,0,0
2009/08/25,0,0,-300000,-300000
2009/08/26,0,0,0,0
2009/08/27,0,1000,-300000,-299000
2009/08/28,0,0,0,0
2009/08/31,0,0,0,0
2009/09/01,0,0,-200000,-200000
2009/09/02,0,0,0,0
2009/09/03,0,0,-1000,-1000
2009/09/04,0,0,0,0
2009/09/07,0,0,0,0
2009/09/08,0,0,0,0
2009/09/09,0,1000,0,1000
2009/09/10,0,0,-300000,-300000
2009/09/11,0,0,0,0
2009/09/14,0,0,-3000,-3000
2009/09/15,0,0,0,0
2009/09/16,0,0,0,0
2009/09/17,0,350000,0,350000
2009/09/18,0,0,-1000,-1000
2009/09/21,0,200000,0,200000
2009/09/22,0,0,0,0
2009/09/23,0,250000,0,250000
2009/09/24,0,0,0,0
2009/09/25,0,0,0,0
2009/09/28,0,0,-200000,-200000
2009/09/29,0,0,0,0
2009/09/30,0,201000,0,201000
2009/10/01,0,106000,0,106000
2009/10/02,0,0,-200000,-200000
2009/10/05,0,0,-300000,-300000
2009/10/06,0,1100000,-700000,400000
2009/10/07,0,509000,0,509000
2009/10/08,0,1359000,0,1359000
2009/10/09,0,571000,0,571000
2009/10/12,0,272000,0,272000
2009/10/13,0,130000,0,130000
2009/10/14,0,995000,0,995000
2009/10/15,0,1713000,0,1713000
2009/10/16,0,91000,-100000,-9000
2009/10/19,0,0,-150000,-150000
2009/10/20,0,150000,-214000,-64000
2009/10/21,0,1810000,-600000,1210000
2009/10/22,0,570000,0,570000
2009/10/23,0,70000,0,70000
2009/10/26,0,1310000,0,1310000
2009/10/27,0,60000,0,60000
2009/10/28,0,670000,0,670000
2009/10/29,0,60000,0,60000
2009/10/30,0,330000,0,330000
2009/11/02,0,101000,0,101000
2009/11/03,0,212000,0,212000
2009/11/04,0,190000,0,190000
2009/11/05,0,10000,-60000,-50000
2009/11/06,0,288000,0,288000
2009/11/09,0,521000,0,521000
2009/11/10,0,555000,-5000,550000
2009/11/11,0,742000,0,742000
2009/11/12,0,180000,-40000,140000
2009/11/13,0,48000,-2000,46000
2009/11/16,0,301000,-650000,-349000
2009/11/17,0,0,-100000,-100000
2009/11/18,0,170000,-1355000,-1185000
2009/11/19,0,120000,-400000,-280000
2009/11/20,0,80000,-401000,-321000
2009/11/23,0,787000,0,787000
2009/11/24,0,905000,0,905000
2009/11/25,0,120000,0,120000
2009/11/26,0,1200000,-687000,513000
2009/11/27,0,1350000,-120000,1230000
2009/11/30,0,80000,-40000,40000
2009/12/01,0,0,-40000,-40000
2009/12/02,0,508000,-210000,298000
2009/12/03,0,336000,-160000,176000
2009/12/04,0,270000,-270000,0
2009/12/07,0,250000,0,250000
2009/12/08,0,243000,-1505000,-1262000
2009/12/09,0,720000,-515000,205000
2009/12/10,0,0,-345000,-345000
2009/12/11,0,0,0,0
2009/12/14,0,760000,-48000,712000
2009/12/15,0,841000,-931000,-90000
2009/12/16,0,80000,0,80000
2009/12/17,0,0,-15000,-15000
2009/12/18,0,100000,-50000,50000
2009/12/21,0,0,-221000,-221000
2009/12/22,0,470000,-247000,223000
2009/12/23,0,1740000,-230000,1510000
2009/12/24,0,185000,0,185000
2009/12/25,0,386000,-1000,385000
2009/12/28,0,99000,-366000,-267000
2009/12/29,0,16000,-113000,-97000
2009/12/30,0,1885000,0,1885000
2009/12/31,0,1182000,-200000,982000
2010/01/01,0,0,0,0
2010/01/04,0,101000,0,101000
2010/01/05,0,700000,0,700000
2010/01/06,0,670000,-1251000,-581000
2010/01/07,0,800000,-235000,565000
2010/01/08,0,0,-843000,-843000
2010/01/11,0,0,-180000,-180000
2010/01/12,0,800000,-418000,382000
2010/01/13,0,870000,0,870000
2010/01/14,0,768000,0,768000
2010/01/15,0,0,0,0
2010/01/18,0,180000,0,180000
2010/01/19,0,641000,-61000,580000
2010/01/20,0,192000,0,192000
2010/01/21,0,0,0,0
2010/01/22,0,0,-100000,-100000
2010/01/25,0,0,-45000,-45000
2010/01/26,0,0,-530000,-530000
2010/01/27,0,1000,0,1000
2010/01/28,0,1000,0,1000
2010/01/29,0,0,0,0
2010/02/01,0,19000,0,19000
2010/02/02,0,0,0,0
2010/02/03,0,0,0,0
2010/02/04,0,0,0,0
2010/02/05,0,1000,0,1000
2010/02/08,0,1000,-2175000,-2174000
2010/02/09,0,0,-1208000,-1208000
2010/02/10,0,0,-480000,-480000
2010/02/11,0,0,0,0
2010/02/12,0,0,0,0
2010/02/15,0,0,0,0
2010/02/16,0,0,0,0
2010/02/17,0,0,0,0
2010/02/18,0,0,0,0
2010/02/19,0,0,0,0
2010/02/22,0,0,-380000,-380000
2010/02/23,0,57000,-150000,-93000
2010/02/24,0,200000,0,200000
2010/02/25,0,150000,-544000,-394000
2010/02/26,0,0,-235000,-235000
2010/03/01,0,1000,-228000,-227000
2010/03/02,0,0,-159000,-159000
2010/03/03,0,630000,-744000,-114000
2010/03/04,0,100000,-233000,-133000
2010/03/05,0,100000,-383000,-283000
2010/03/08,0,0,-200000,-200000
2010/03/09,0,150000,0,150000
2010/03/10,0,0,0,0
2010/03/11,0,0,-57000,-57000
2010/03/12,0,0,0,0
2010/03/15,0,355000,-341000,14000
2010/03/16,0,90000,-695000,-605000
2010/03/17,0,291000,0,291000
2010/03/18,0,965000,-200000,765000
2010/03/19,0,550000,-597000,-47000
2010/03/22,0,800000,-1000,799000
2010/03/23,0,1065000,-720000,345000
2010/03/24,0,100000,-410000,-310000
2010/03/25,0,0,0,0
2010/03/26,0,85000,-284000,-199000
2010/03/29,0,80000,-60000,20000
2010/03/30,0,20000,-278000,-258000
2010/03/31,0,0,0,0
2010/04/01,0,415000,-554000,-139000
2010/04/02,0,0,0,0
2010/04/05,0,0,0,0
2010/04/06,0,288000,-1000,287000
2010/04/07,0,1183000,-247000,936000
2010/04/08,0,330000,0,330000
2010/04/09,0,112000,-13000,99000
2010/04/12,0,180000,0,180000
2010/04/13,0,150000,0,150000
2010/04/14,0,0,-291000,-291000
2010/04/15,0,150000,-18000,132000
2010/04/16,0,0,0,0
2010/04/19,0,0,-180000,-180000
2010/04/20,0,0,-500000,-500000
2010/04/21,0,0,-515000,-515000
2010/04/22,0,0,0,0
2010/04/23,0,36000,-229000,-193000
2010/04/26,0,0,-570000,-570000
2010/04/27,0,70000,-180000,-110000
2010/04/28,0,106000,-1223000,-1117000
2010/04/29,0,0,-524000,-524000
2010/04/30,0,0,-25000,-25000
2010/05/03,0,0,-156000,-156000
2010/05/04,0,0,-140000,-140000
2010/05/05,0,0,-420000,-420000
2010/05/06,0,0,-94000,-94000
2010/05/07,0,0,-608000,-608000
2010/05/10,0,31000,-927000,-896000
2010/05/11,0,0,-715000,-715000
2010/05/12,0,0,-1208000,-1208000
2010/05/13,0,130000,-792000,-662000
2010/05/14,0,180000,-190000,-10000
2010/05/17,0,30000,0,30000
2010/05/18,0,0,-606000,-606000
2010/05/19,0,0,-436000,-436000
2010/05/20,0,1000,0,1000
2010/05/21,0,0,0,0
2010/05/24,0,0,-100000,-100000
2010/05/25,0,0,-100000,-100000
2010/05/26,0,2000,0,2000
2010/05/27,0,1000,-100000,-99000
2010/05/28,0,0,-364000,-364000
2010/05/31,0,0,-474000,-474000
2010/06/01,0,33000,0,33000
2010/06/02,0,50000,0,50000
2010/06/03,0,100000,0,100000
2010/06/04,0,0,-115000,-115000
2010/06/07,0,0,-1445000,-1445000
2010/06/08,0,2000,-1362000,-1360000
2010/06/09,0,0,-772000,-772000
2010/06/10,0,1000,-8000,-7000
2010/06/11,0,0,0,0
2010/06/14,0,1000,0,1000
2010/06/15,0,0,-106000,-106000
2010/06/16,0,0,0,0
2010/06/17,0,0,-978000,-978000
2010/06/18,0,0,-453000,-453000
2010/06/21,0,0,-726000,-726000
2010/06/22,0,0,-556000,-556000
2010/06/23,0,0,-118000,-118000
2010/06/24,0,2000,-285000,-283000
2010/06/25,0,0,-3000,-3000
2010/06/28,0,0,0,0
2010/06/29,0,1000,0,1000
2010/06/30,0,0,0,0
2010/07/01,0,45000,0,45000
2010/07/02,0,0,0,0
2010/07/05,0,0,0,0
2010/07/06,0,0,0,0
2010/07/07,0,0,-100000,-100000
2010/07/08,0,0,0,0
2010/07/09,0,0,0,0
2010/07/12,0,0,0,0
2010/07/13,0,0,0,0
2010/07/14,0,0,0,0
2010/07/15,0,0,-60000,-60000
2010/07/16,0,0,-21000,-21000
2010/07/19,0,0,-2000,-2000
2010/07/20,0,0,0,0
2010/07/21,0,0,0,0
2010/07/22,0,0,0,0
2010/07/23,0,0,0,0
2010/07/26,0,146000,0,146000
2010/07/27,0,0,0,0
2010/07/28,0,44000,0,44000
2010/07/29,0,25000,0,25000
2010/07/30,0,6000,0,6000
2010/08/02,0,2000,0,2000
2010/08/03,0,0,0,0
2010/08/04,0,0,-1000,-1000
2010/08/05,0,0,-1000,-1000
2010/08/06,0,38000,-1000,37000
2010/08/09,0,0,0,0
2010/08/10,0,100000,0,100000
2010/08/11,0,150000,0,150000
2010/08/12,0,150000,-1000,149000
2010/08/13,0,200000,-2000,198000
2010/08/16,0,200000,-1000,199000
2010/08/17,0,451000,0,451000
2010/08/18,0,550000,-1000,549000
2010/08/19,0,300000,0,300000
2010/08/20,0,300000,0,300000
2010/08/23,0,0,0,0
2010/08/24,0,0,-60000,-60000
2010/08/25,0,0,-51000,-51000
2010/08/26,0,400000,0,400000
2010/08/27,0,650000,0,650000
2010/08/30,0,1000,0,1000
2010/08/31,0,0,-40000,-40000
2010/09/01,0,0,-71000,-71000
2010/09/02,0,0,0,0
2010/09/03,0,0,0,0
2010/09/06,0,350000,-10000,340000
2010/09/07,0,0,-30000,-30000
2010/09/08,0,0,0,0
2010/09/09,0,0,0,0
2010/09/10,0,0,0,0
2010/09/13,0,0,0,0
2010/09/14,0,0,0,0
2010/09/15,0,0,-9000,-9000
2010/09/16,0,0,0,0
2010/09/17,0,0,0,0
2010/09/20,0,0,-1000,-1000
2010/09/21,0,0,0,0
2010/09/22,0,0,0,0
2010/09/23,0,0,0,0
2010/09/24,0,0,0,0
2010/09/27,0,0,-1000,-1000
2010/09/28,0,0,0,0
2010/09/29,0,0,0,0
2010/09/30,0,0,0,0
2010/10/01,0,0,-21000,-21000
2010/10/04,0,0,0,0
2010/10/05,0,0,0,0
2010/10/06,0,0,0,0
2010/10/07,0,0,-330000,-330000
2010/10/08,0,0,-115000,-115000
2010/10/11,0,0,-78000,-78000
2010/10/12,0,0,-1000,-1000
2010/10/13,0,0,-7000,-7000
2010/10/14,0,0,0,0
2010/10/15,0,0,0,0
2010/10/18,0,42000,0,42000
2010/10/19,0,0,0,0
2010/10/20,0,0,-30000,-30000
2010/10/21,0,0,-200000,-200000
2010/10/22,0,0,-150000,-150000
2010/10/25,0,0,0,0
2010/10/26,0,0,-90000,-90000
2010/10/27,0,0,-235000,-235000
2010/10/28,0,0,-200000,-200000
2010/10/29,0,0,-100000,-100000
2010/11/01,0,0,0,0
2010/11/02,0,0,0,0
2010/11/03,0,0,-200000,-200000
2010/11/04,0,0,-200000,-200000
2010/11/05,0,0,0,0
2010/11/08,0,0,-81000,-81000
2010/11/09,0,1000,0,1000
2010/11/10,0,0,-1000,-1000
2010/11/11,0,1000,0,1000
2010/11/12,0,0,0,0
2010/11/15,0,0,0,0
2010/11/16,0,52000,0,52000
2010/11/17,0,0,-200000,-200000
2010/11/18,0,0,0,0
2010/11/19,0,0,-45000,-45000
2010/11/22,0,0,0,0
2010/11/23,0,0,-100000,-100000
2010/11/24,0,0,-100000,-100000
2010/11/25,0,0,-100000,-100000
2010/11/26,0,0,0,0
2010/11/29,0,0,0,0
2010/11/30,0,0,-101000,-101000
2010/12/01,0,0,0,0
2010/12/02,0,0,-201000,-201000
2010/12/03,0,0,0,0
2010/12/06,0,0,-51000,-51000
2010/12/07,0,0,-29000,-29000
2010/12/08,0,0,0,0
2010/12/09,0,0,0,0
2010/12/10,0,9000,0,9000
2010/12/13,0,0,0,0
2010/12/14,0,0,0,0
2010/12/15,0,0,0,0
2010/12/16,0,0,-1000,-1000
2010/12/17,0,0,-4000,-4000
2010/12/20,0,0,-1000,-1000
2010/12/21,0,1000,0,1000
2010/12/22,0,0,0,0
2010/12/23,0,0,-11000,-11000
2010/12/24,0,0,0,0
2010/12/27,0,0,0,0
2010/12/28,0,0,0,0
2010/12/29,0,0,0,0
2010/12/30,0,78000,0,78000
2010/12/31,0,159000,0,159000
2011/01/03,0,0,-52000,-52000
2011/01/04,0,14000,0,14000
2011/01/05,0,17000,0,17000
2011/01/06,0,681000,0,681000
2011/01/07,0,958000,0,958000
2011/01/10,0,50000,-1000,49000
2011/01/11,0,250000,0,250000
2011/01/12,0,250000,0,250000
2011/01/13,0,225000,0,225000
2011/01/14,0,150000,0,150000
2011/01/17,0,0,0,0
2011/01/18,0,150000,0,150000
2011/01/19,0,0,0,0
2011/01/20,0,150000,-32000,118000
2011/01/21,0,0,-44000,-44000
2011/01/24,0,0,0,0
2011/01/25,0,0,0,0
2011/01/26,0,0,0,0
2011/01/27,0,0,0,0
2011/01/28,0,56000,0,56000
2011/01/31,0,0,0,0
2011/02/01,0,0,0,0
2011/02/02,0,0,0,0
2011/02/03,0,0,0,0
2011/02/04,0,0,0,0
2011/02/07,0,0,0,0
2011/02/08,0,0,0,0
2011/02/09,0,0,0,0
2011/02/10,0,0,-1000,-1000
2011/02/11,0,1000,0,1000
2011/02/14,0,0,0,0
2011/02/15,0,17000,-60000,-43000
2011/02/16,0,0,0,0
2011/02/17,0,0,0,0
2011/02/18,0,0,0,0
2011/02/21,0,17000,-90000,-73000
2011/02/22,0,0,0,0
2011/02/23,0,4000,0,4000
2011/02/24,0,0,0,0
2011/02/25,0,0,0,0
2011/02/28,0,0,0,0
2011/03/01,0,0,0,0
2011/03/02,0,0,0,0
2011/03/03,0,0,-56000,-56000
2011/03/04,0,0,0,0
2011/03/07,0,0,0,0
2011/03/08,0,0,0,0
2011/03/09,0,2000,0,2000
2011/03/10,0,0,0,0
2011/03/11,0,0,0,0
2011/03/14,0,42000,0,42000
2011/03/15,0,42000,-300000,-258000
2011/03/16,0,156000,-300000,-144000
2011/03/17,0,0,-2000,-2000
2011/03/18,0,0,0,0
2011/03/21,0,0,0,0
2011/03/22,0,100000,-285000,-185000
2011/03/23,0,0,0,0
2011/03/24,0,0,0,0
2011/03/25,0,0,0,0
2011/03/28,0,0,0,0
2011/03/29,0,0,0,0
2011/03/30,0,0,-3000,-3000
2011/03/31,0,0,-150000,-150000
2011/04/01,0,0,-171000,-171000
2011/04/04,0,0,0,0
2011/04/05,0,0,0,0
2011/04/06,0,0,-141000,-141000
2011/04/07,0,0,-52000,-52000
2011/04/08,0,0,-80000,-80000
2011/04/11,0,0,0,0
2011/04/12,0,0,0,0
2011/04/13,0,0,0,0
2011/04/14,0,0,-272000,-272000
2011/04/15,0,100000,-470000,-370000
2011/04/18,0,0,-5000,-5000
2011/04/19,0,0,-108000,-108000
2011/04/20,0,0,-63000,-63000
2011/04/21,0,0,-454000,-454000
2011/04/22,0,0,0,0
2011/04/25,0,0,-364000,-364000
2011/04/26,0,0,0,0
2011/04/27,0,17000,-178000,-161000
2011/04/28,0,0,-29000,-29000
2011/04/29,0,0,0,0
2011/05/02,0,0,0,0
2011/05/03,0,0,-345000,-345000
2011/05/04,0,0,-174000,-174000
2011/05/05,0,0,-131000,-131000
2011/05/06,0,0,-184000,-184000
2011/05/09,0,0,-150000,-150000
2011/05/10,0,0,-427000,-427000
2011/05/11,0,0,0,0
2011/05/12,0,1000,0,1000
2011/05/13,0,0,0,0
2011/05/16,0,0,0,0
2011/05/17,0,0,0,0
2011/05/18,0,0,-250000,-250000
2011/05/19,0,0,-349000,-349000
2011/05/20,0,0,0,0
2011/05/23,0,0,-233000,-233000
2011/05/24,0,0,0,0
2011/05/25,0,0,-236000,-236000
2011/05/26,0,0,-221000,-221000
2011/05/27,0,0,-215000,-215000
2011/05/30,0,0,-209000,-209000
2011/05/31,0,0,-7000,-7000
2011/06/01,0,12000,0,12000
2011/06/02,0,0,0,0
2011/06/03,0,0,0,0
2011/06/06,0,0,0,0
2011/06/07,0,0,0,0
2011/06/08,0,0,0,0
2011/06/09,0,0,0,0
2011/06/10,0,0,0,0
2011/06/13,0,0,0,0
2011/06/14,0,0,0,0
2011/06/15,0,12000,0,12000
2011/06/16,0,0,0,0
2011/06/17,0,1000,0,1000
2011/06/20,0,0,0,0
2011/06/21,0,0,0,0
2011/06/22,0,39000,0,39000
2011/06/23,0,1000,0,1000
2011/06/24,0,0,0,0
2011/06/27,0,0,0,0
2011/06/28,0,0,0,0
2011/06/29,0,1000,0,1000
2011/06/30,0,0,0,0
2011/07/01,0,0,-88000,-88000
2011/07/04,0,0,0,0
2011/07/05,0,2000,0,2000
2011/07/06,0,0,0,0
2011/07/07,0,0,0,0
2011/07/08,0,0,0,0
2011/07/11,0,0,0,0
2011/07/12,0,0,0,0
2011/07/13,0,0,0,0
2011/07/14,0,0,0,0
2011/07/15,0,0,0,0
2011/07/18,0,0,0,0
2011/07/19,0,1000,0,1000
2011/07/20,0,0,0,0
2011/07/21,0,0,0,0
2011/07/22,0,0,0,0
2011/07/25,0,0,-1000,-1000
2011/07/26,0,0,0,0
2011/07/27,0,0,0,0
2011/07/28,0,0,0,0
2011/07/29,0,0,0,0
2011/08/01,0,0,0,0
2011/08/02,0,0,0,0
2011/08/03,0,0,0,0
2011/08/04,0,2000,0,2000
2011/08/05,0,1000,0,1000
2011/08/08,0,0,0,0
2011/08/09,0,1000,0,1000
2011/08/10,0,1000,0,1000
2011/08/11,0,3000,0,3000
2011/08/12,0,0,0,0
2011/08/15,0,0,0,0
2011/08/16,0,0,0,0
2011/08/17,0,12000,0,12000
2011/08/18,0,0,0,0
2011/08/19,0,0,0,0
2011/08/22,0,0,0,0
2011/08/23,0,0,0,0
2011/08/24,0,0,0,0
2011/08/25,0,0,0,0
2011/08/26,0,1000,0,1000
2011/08/29,0,0,0,0
2011/08/30,0,0,0,0
2011/08/31,0,0,0,0
2011/09/01,0,0,0,0
2011/09/02,0,0,0,0
2011/09/05,0,0,-1000,-1000
2011/09/06,0,0,0,0
2011/09/07,0,1000,0,1000
2011/09/08,0,0,0,0
2011/09/09,0,0,0,0
2011/09/12,0,0,0,0
2011/09/13,0,0,0,0
2011/09/14,0,0,0,0
2011/09/15,0,11000,-1000,10000
2011/09/16,0,0,0,0
2011/09/19,0,0,0,0
2011/09/20,0,0,0,0
2011/09/21,0,0,0,0
2011/09/22,0,0,0,0
2011/09/23,0,0,0,0
2011/09/26,0,2000,0,2000
2011/09/27,0,0,0,0
2011/09/28,0,0,0,0
2011/09/29,0,0,0,0
2011/09/30,0,0,0,0
2011/10/03,0,0,0,0
2011/10/04,0,0,0,0
2011/10/05,0,0,0,0
2011/10/06,0,0,0,0
2011/10/07,0,0,-180000,-180000
2011/10/10,0,0,0,0
2011/10/11,0,0,-341000,-341000
2011/10/12,0,0,-408000,-408000
2011/10/13,0,0,0,0
2011/10/14,0,0,0,0
2011/10/17,0,0,0,0
2011/10/18,0,0,0,0
2011/10/19,0,175000,0,175000
2011/10/20,0,0,0,0
2011/10/21,0,0,0,0
2011/10/24,0,181000,0,181000
2011/10/25,0,0,0,0
2011/10/26,0,0,0,0
2011/10/27,0,102000,0,102000
2011/10/28,0,1000,0,1000
2011/10/31,0,0,-1000,-1000
2011/11/01,0,0,0,0
2011/11/02,0,0,0,0
2011/11/03,0,0,0,0
2011/11/04,0,0,-1000,-1000
2011/11/07,0,0,0,0
2011/11/08,0,0,-180000,-180000
2011/11/09,0,0,0,0
2011/11/10,0,1000,0,1000
2011/11/11,0,0,-1000,-1000
2011/11/14,0,1000,0,1000
2011/11/15,0,0,0,0
2011/11/16,0,0,0,0
2011/11/17,0,0,0,0
2011/11/18,0,0,0,0
2011/11/21,0,1000,0,1000
2011/11/22,0,0,-167340,-167340
2011/11/23,0,1000,-110000,-109000
2011/11/24,0,1000,0,1000
2011/11/25,0,0,0,0
2011/11/28,0,1000,0,1000
2011/11/29,0,0,0,0
2011/11/30,0,0,0,0
2011/12/01,0,0,-1000,-1000
2011/12/02,0,0,0,0
2011/12/05,0,230000,0,230000
2011/12/06,0,80000,0,80000
2011/12/07,0,100000,0,100000
2011/12/08,0,150000,0,150000
2011/12/09,0,150000,0,150000
2011/12/12,0,100000,0,100000
2011/12/13,0,100000,0,100000
2011/12/14,0,0,-12000,-12000
2011/12/15,0,170000,-12000,158000
2011/12/16,0,0,0,0
2011/12/19,0,0,0,0
2011/12/20,0,150000,0,150000
2011/12/21,0,0,0,0
2011/12/22,0,0,0,0
2011/12/23,0,0,0,0
2011/12/26,0,0,0,0
2011/12/27,0,1000,0,1000
2011/12/28,0,0,-1000,-1000
2011/12/29,0,0,0,0
2011/12/30,0,367000,0,367000
2012/01/02,0,103000,0,103000
2012/01/03,0,0,0,0
2012/01/04,0,0,0,0
2012/01/05,0,90000,0,90000
2012/01/06,0,234000,0,234000
2012/01/09,0,156000,0,156000
2012/01/10,0,500000,-1000,499000
2012/01/11,0,300000,0,300000
2012/01/12,0,200000,0,200000
2012/01/13,0,200000,-1000,199000
2012/01/16,0,100000,0,100000
2012/01/17,0,60000,-1000,59000
2012/01/18,0,50000,-150000,-100000
2012/01/19,0,0,0,0
2012/01/20,0,0,0,0
2012/01/23,0,0,0,0
2012/01/24,0,0,0,0
2012/01/25,0,0,0,0
2012/01/26,0,0,0,0
2012/01/27,0,0,0,0
2012/01/30,0,0,-1000,-1000
2012/01/31,0,0,-1000,-1000
2012/02/01,0,0,0,0
2012/02/02,0,0,0,0
2012/02/03,0,165000,0,165000
2012/02/06,0,492000,-450000,42000
2012/02/07,0,108000,-150000,-42000
2012/02/08,0,1476000,-1000,1475000
2012/02/09,0,160000,0,160000
2012/02/10,0,107000,0,107000
2012/02/13,0,130000,0,130000
2012/02/14,0,212000,-1000,211000
2012/02/15,0,107000,-1000,106000
2012/02/16,0,58000,0,58000
2012/02/17,0,1046000,-150000,896000
2012/02/20,0,305000,-1000,304000
2012/02/21,0,240000,-150000,90000
2012/02/22,0,30000,0,30000
2012/02/23,0,110000,0,110000
2012/02/24,0,0,-1000,-1000
2012/02/27,0,0,0,0
2012/02/28,0,0,0,0
2012/02/29,0,35000,0,35000
2012/03/01,0,500000,0,500000
2012/03/02,0,116000,-461000,-345000
2012/03/05,0,0,0,0
2012/03/06,0,0,0,0
2012/03/07,0,0,0,0
2012/03/08,0,156000,-151000,5000
2012/03/09,0,0,-300000,-300000
2012/03/12,0,0,-243000,-243000
2012/03/13,0,301000,-485000,-184000
2012/03/14,0,124000,-157000,-33000
2012/03/15,0,1015000,-300000,715000
2012/03/16,0,620000,-1000,619000
2012/03/19,0,221000,0,221000
2012/03/20,0,275000,0,275000
2012/03/21,0,0,-100000,-100000
2012/03/22,0,38000,0,38000
2012/03/23,0,260000,0,260000
2012/03/26,0,0,-1000,-1000
2012/03/27,0,0,0,0
2012/03/28,0,0,0,0
2012/03/29,0,800000,0,800000
2012/03/30,0,1801000,0,1801000
2012/04/02,0,350000,0,350000
2012/04/03,0,47000,-524000,-477000
2012/04/04,0,0,0,0
2012/04/05,0,509000,-20000,489000
2012/04/06,0,998000,0,998000
2012/04/09,0,129000,0,129000
2012/04/10,0,252000,0,252000
2012/04/11,0,260000,0,260000
2012/04/12,0,30000,0,30000
2012/04/13,0,0,0,0
2012/04/16,0,1998000,-14000,1984000
2012/04/17,0,1718000,0,1718000
2012/04/18,0,676000,0,676000
2012/04/19,0,661000,0,661000
2012/04/20,0,0,0,0
2012/04/23,0,98000,0,98000
2012/04/24,0,217000,0,217000
2012/04/25,0,88000,0,88000
2012/04/26,0,629000,0,629000
2012/04/27,0,1399000,0,1399000
2012/04/30,0,1267000,0,1267000
2012/05/01,0,0,0,0
2012/05/02,0,1183000,-136000,1047000
2012/05/03,0,1032000,-130000,902000
2012/05/04,0,426000,-575000,-149000
2012/05/07,0,23000,-723000,-700000
2012/05/08,0,300000,-2423000,-2123000
2012/05/09,0,0,-221000,-221000
2012/05/10,0,0,0,0
2012/05/11,0,0,-48000,-48000
2012/05/14,0,0,-545000,-545000
2012/05/15,0,3000,-200000,-197000
2012/05/16,0,0,-22000,-22000
2012/05/17,0,0,-150000,-150000
2012/05/18,0,200000,-145000,55000
2012/05/21,0,0,-955000,-955000
2012/05/22,0,0,-381000,-381000
2012/05/23,0,0,-61000,-61000
2012/05/24,0,77000,0,77000
2012/05/25,0,0,-60000,-60000
2012/05/28,0,0,-144000,-144000
2012/05/29,0,24000,-590000,-566000
2012/05/30,0,260000,0,260000
2012/05/31,0,0,-1048000,-1048000
2012/06/01,0,0,-1984000,-1984000
2012/06/04,0,1000,-135000,-134000
2012/06/05,0,227000,-3197000,-2970000
2012/06/06,0,0,-297000,-297000
2012/06/07,0,0,0,0
2012/06/08,0,0,-695000,-695000
2012/06/11,0,0,0,0
2012/06/12,0,0,0,0
2012/06/13,0,0,-4000,-4000
2012/06/14,0,0,-4000,-4000
2012/06/15,0,130000,-904000,-774000
2012/06/18,0,0,0,0
2012/06/19,0,0,0,0
2012/06/20,0,0,-180000,-180000
2012/06/21,0,0,0,0
2012/06/22,0,0,-1016000,-1016000
2012/06/25,0,0,-922000,-922000
2012/06/26,0,0,-3000,-3000
2012/06/27,0,0,0,0
2012/06/28,0,12000,-33000,-21000
2012/06/29,0,9000,0,9000
2012/07/02,0,0,-1000,-1000
2012/07/03,0,664000,0,664000
2012/07/04,0,185000,0,185000
2012/07/05,0,140000,-1000,139000
2012/07/06,0,60000,0,60000
2012/07/09,0,67000,0,67000
2012/07/10,0,370000,0,370000
2012/07/11,0,343000,0,343000
2012/07/12,0,114000,-5000,109000
2012/07/13,0,486000,-1144000,-658000
2012/07/16,0,200000,0,200000
2012/07/17,0,20000,-919000,-899000
2012/07/18,0,505000,-1104000,-599000
2012/07/19,0,245000,0,245000
2012/07/20,0,150000,0,150000
2012/07/23,0,54000,0,54000
2012/07/24,0,0,-200000,-200000
2012/07/25,0,182000,-200000,-18000
2012/07/26,0,50000,0,50000
2012/07/27,0,90000,-436000,-346000
2012/07/30,0,0,-445000,-445000
2012/07/31,0,0,-446000,-446000
2012/08/01,0,262000,0,262000
2012/08/02,0,0,0,0
2012/08/03,0,300000,0,300000
2012/08/06,0,1000,0,1000
2012/08/07,0,0,-783000,-783000
2012/08/08,0,0,-2904000,-2904000
2012/08/09,0,27000,-570000,-543000
2012/08/10,0,0,0,0
2012/08/13,0,0,-360000,-360000
2012/08/14,0,0,-982000,-982000
2012/08/15,0,46000,-304000,-258000
2012/08/16,0,0,0,0
2012/08/17,0,687000,-520000,167000
2012/08/20,0,0,0,0
2012/08/21,0,0,-130000,-130000
2012/08/22,0,0,0,0
2012/08/23,0,60000,0,60000
2012/08/24,0,255000,0,255000
2012/08/27,0,700000,-40000,660000
2012/08/28,0,0,-130000,-130000
2012/08/29,0,0,0,0
2012/08/30,0,0,0,0
2012/08/31,0,0,0,0
2012/09/03,0,321000,-40000,281000
2012/09/04,0,0,0,0
2012/09/05,0,0,0,0
2012/09/06,0,0,0,0
2012/09/07,0,0,0,0
2012/09/10,0,0,-242650,-242650
2012/09/11,0,0,-8100,-8100
2012/09/12,0,1000,0,1000
2012/09/13,0,252000,-70000,182000
2012/09/14,0,203000,-10000,193000
2012/09/17,0,0,-52250,-52250
2012/09/18,0,0,-69000,-69000
2012/09/19,0,650000,-14000,636000
2012/09/20,0,300000,0,300000
2012/09/21,0,506000,0,506000
2012/09/24,0,200000,0,200000
2012/09/25,0,0,-49000,-49000
2012/09/26,0,0,-8000,-8000
2012/09/27,0,0,0,0
2012/09/28,0,0,0,0
2012/10/01,0,1860000,-6500,1853500
2012/10/02,0,1560000,-31000,1529000
2012/10/03,0,470000,0,470000
2012/10/04,0,299000,0,299000
2012/10/05,0,100000,-522000,-422000
2012/10/08,0,0,-1082000,-1082000
2012/10/09,0,50000,-840150,-790150
2012/10/10,0,0,0,0
2012/10/11,0,150000,0,150000
2012/10/12,0,0,0,0
2012/10/15,0,94000,-9000,85000
2012/10/16,0,0,0,0
2012/10/17,0,199000,0,199000
2012/10/18,0,0,-26000,-26000
2012/10/19,0,0,0,0
2012/10/22,0,0,0,0
2012/10/23,0,102000,-33750,68250
2012/10/24,0,0,-500,-500
2012/10/25,0,0,-14000,-14000
2012/10/26,0,0,-302300,-302300
2012/10/29,0,190000,-598000,-408000
2012/10/30,0,0,-669000,-669000
2012/10/31,0,0,-673000,-673000
2012/11/01,0,0,-384000,-384000
2012/11/02,0,0,-200000,-200000
2012/11/05,0,0,-317000,-317000
2012/11/06,0,0,-33000,-33000
2012/11/07,0,75000,0,75000
2012/11/08,0,0,0,0
2012/11/09,0,0,0,0
2012/11/12,0,0,0,0
2012/11/13,0,0,0,0
2012/11/14,0,0,0,0
2012/11/15,0,0,-359000,-359000
2012/11/16,0,0,0,0
2012/11/19,0,0,0,0
2012/11/20,0,0,-690000,-690000
2012/11/21,0,0,-121850,-121850
2012/11/22,0,0,0,0
2012/11/23,0,0,0,0
2012/11/26,0,0,0,0
2012/11/27,0,0,0,0
2012/11/28,0,0,0,0
2012/11/29,0,625000,-193,624807
2012/11/30,0,481000,0,481000
2012/12/03,0,0,-450000,-450000
2012/12/04,0,0,-400000,-400000
2012/12/05,0,0,-401000,-401000
2012/12/06,0,0,-173000,-173000
2012/12/07,0,0,-292950,-292950
2012/12/10,0,0,-1000,-1000
2012/12/11,0,0,0,0
2012/12/12,0,0,0,0
2012/12/13,0,353000,-222000,131000
2012/12/14,0,100000,0,100000
2012/12/17,0,0,0,0
2012/12/18,0,55000,0,55000
2012/12/19,0,27000,0,27000
2012/12/20,0,0,0,0
2012/12/21,0,23000,-1000,22000
2012/12/24,0,25000,-215000,-190000
2012/12/25,0,100000,0,100000
2012/12/26,0,0,0,0
2012/12/27,0,140000,-208500,-68500
2012/12/28,0,600000,0,600000
2012/12/31,0,0,0,0
2013/01/01,0,0,0,0
2013/01/02,0,0,-5000,-5000
2013/01/03,0,0,-200000,-200000
2013/01/04,0,0,-1000,-1000
2013/01/07,0,8000,0,8000
2013/01/08,0,420000,0,420000
2013/01/09,0,210000,0,210000
2013/01/10,0,605000,0,605000
2013/01/11,0,1141000,0,1141000
2013/01/14,0,150000,0,150000
2013/01/15,0,291000,0,291000
2013/01/16,0,106000,0,106000
2013/01/17,0,447000,0,447000
2013/01/18,0,0,0,0
2013/01/21,0,0,0,0
2013/01/22,0,30000,0,30000
2013/01/23,0,20000,0,20000
2013/01/24,0,100000,-230000,-130000
2013/01/25,0,50000,-191000,-141000
2013/01/28,0,61000,0,61000
2013/01/29,0,0,0,0
2013/01/30,0,0,0,0
2013/01/31,0,1000,-29000,-28000
2013/02/01,0,0,-151000,-151000
2013/02/04,0,0,-152000,-152000
2013/02/05,0,0,-57000,-57000
2013/02/06,0,0,-1000,-1000
2013/02/07,0,0,0,0
2013/02/08,0,0,0,0
2013/02/11,0,0,0,0
2013/02/12,0,0,0,0
2013/02/13,0,0,0,0
2013/02/14,0,0,0,0
2013/02/15,0,0,0,0
2013/02/18,0,400000,0,400000
2013/02/19,0,419000,0,419000
2013/02/20,0,0,0,0
2013/02/21,0,40000,-1000,39000
2013/02/22,0,0,0,0
2013/02/25,0,2217000,-70000,2147000
2013/02/26,0,515000,0,515000
2013/02/27,0,285000,-56500,228500
2013/02/28,0,0,0,0
2013/03/01,0,127000,-70000,57000
2013/03/04,0,0,-300000,-300000
2013/03/05,0,114000,-149000,-35000
2013/03/06,0,265000,0,265000
2013/03/07,0,1016000,0,1016000
2013/03/08,0,1552000,-300000,1252000
2013/03/11,0,420000,-308000,112000
2013/03/12,0,92000,-44000,48000
2013/03/13,0,48000,-1000,47000
2013/03/14,0,750000,-15000,735000
2013/03/15,0,180000,0,180000
2013/03/18,0,219000,-1000,218000
2013/03/19,0,0,0,0
2013/03/20,0,153000,0,153000
2013/03/21,0,200000,0,200000
2013/03/22,0,400000,0,400000
2013/03/25,0,142000,0,142000
2013/03/26,0,0,0,0
2013/03/27,0,388000,-2000,386000
2013/03/28,0,0,-78000,-78000
2013/03/29,0,0,-53000,-53000
2013/04/01,0,0,0,0
2013/04/02,0,43000,0,43000
2013/04/03,0,0,-60000,-60000
2013/04/04,0,0,0,0
2013/04/05,0,0,0,0
2013/04/08,0,524000,0,524000
2013/04/09,0,851000,-70000,781000
2013/04/10,0,870000,-20000,850000
2013/04/11,0,200000,0,200000
2013/04/12,0,350000,0,350000
2013/04/15,0,274000,0,274000
2013/04/16,0,275000,-200000,75000
2013/04/17,0,7000,-100000,-93000
2013/04/18,0,1000,-30000,-29000
2013/04/19,0,100000,-394000,-294000
2013/04/22,0,0,-1005000,-1005000
2013/04/23,0,100000,-120000,-20000
2013/04/24,0,0,-247000,-247000
2013/04/25,0,0,-69000,-69000
2013/04/26,0,365000,-50000,315000
2013/04/29,0,790000,0,790000
2013/04/30,0,275000,0,275000
2013/05/01,0,0,0,0
2013/05/02,0,100000,0,100000
2013/05/03,0,0,-123000,-123000
2013/05/06,0,150000,-1000,149000
2013/05/07,0,0,-110000,-110000
2013/05/08,0,179000,0,179000
2013/05/09,0,0,0,0
2013/05/10,0,0,-150000,-150000
2013/05/13,0,25000,-520000,-495000
2013/05/14,0,15000,0,15000
2013/05/15,0,150000,0,150000
2013/05/16,0,60000,-20000,40000
2013/05/17,0,150000,0,150000
2013/05/20,0,100000,-210000,-110000
2013/05/21,0,0,0,0
2013/05/22,0,50000,-1000,49000
2013/05/23,0,120000,-30000,90000
2013/05/24,0,1450000,-61000,1389000
2013/05/27,0,1726000,-280000,1446000
2013/05/28,0,1024000,0,1024000
2013/05/29,0,1015000,-235000,780000
2013/05/30,0,1114000,-380000,734000
2013/05/31,0,942000,0,942000
2013/06/03,0,575000,-30000,545000
2013/06/04,0,0,-281000,-281000
2013/06/05,0,384000,-30000,354000
2013/06/06,0,25000,-200000,-175000
2013/06/07,0,48000,0,48000
2013/06/10,0,10000,0,10000
2013/06/11,0,271000,-141000,130000
2013/06/12,0,0,0,0
2013/06/13,0,0,-7000,-7000
2013/06/14,0,0,-57000,-57000
2013/06/17,0,150000,-55000,95000
2013/06/18,0,245000,-25000,220000
2013/06/19,0,2344000,-20000,2324000
2013/06/20,0,1338000,-268000,1070000
2013/06/21,0,134000,-230000,-96000
2013/06/24,0,1000,0,1000
2013/06/25,0,86000,-799000,-713000
2013/06/26,0,50000,-606000,-556000
2013/06/27,0,364000,-43000,321000
2013/06/28,0,30000,-180000,-150000
2013/07/01,0,366000,0,366000
2013/07/02,0,35000,-62000,-27000
2013/07/03,0,598000,0,598000
2013/07/04,0,108000,-191000,-83000
2013/07/05,0,11000,-6000,5000
2013/07/08,0,25000,-1266500,-1241500
2013/07/09,0,15000,-335000,-320000
2013/07/10,0,0,0,0
2013/07/11,0,220156,0,220156
2013/07/12,0,12000,-14000,-2000
2013/07/15,0,0,0,0
2013/07/16,0,0,-172000,-172000
2013/07/17,0,0,-226000,-226000
2013/07/18,0,0,-116000,-116000
2013/07/19,0,0,-280000,-280000
2013/07/22,0,0,-368000,-368000
2013/07/23,0,161000,0,161000
2013/07/24,0,100000,0,100000
2013/07/25,0,473000,0,473000
2013/07/26,0,78000,-240000,-162000
2013/07/29,0,228000,-18000,210000
2013/07/30,0,263000,0,263000
2013/07/31,0,0,0,0
2013/08/01,0,221000,0,221000
2013/08/02,0,58000,-10000,48000
2013/08/05,0,981000,-14000,967000
2013/08/06,0,1406000,0,1406000
2013/08/07,0,40000,-118000,-78000
2013/08/08,0,67000,0,67000
2013/08/09,0,100000,-289000,-189000
2013/08/12,0,115000,-208000,-93000
2013/08/13,0,0,0,0
2013/08/14,0,0,-3886000,-3886000
2013/08/15,0,168000,-160000,8000
2013/08/16,0,0,-1000,-1000
2013/08/19,0,25000,-380000,-355000
2013/08/20,0,0,0,0
2013/08/21,0,0,0,0
2013/08/22,0,0,0,0
2013/08/23,0,952000,0,952000
2013/08/26,0,88000,0,88000
2013/08/27,0,40000,0,40000
2013/08/28,0,7000,0,7000
2013/08/29,0,0,-186000,-186000
2013/08/30,0,395000,0,395000
2013/09/02,0,151000,0,151000
2013/09/03,0,85000,-318,84682
2013/09/04,0,0,0,0
2013/09/05,0,145000,-180000,-35000
2013/09/06,0,908000,0,908000
2013/09/09,0,30000,-301000,-271000
2013/09/10,0,0,-233000,-233000
2013/09/11,0,0,-175000,-175000
2013/09/12,0,40000,-1000,39000
2013/09/13,0,1000,-622000,-621000
2013/09/16,0,0,-504000,-504000
2013/09/17,0,85000,-200000,-115000
2013/09/18,0,35000,-510000,-475000
2013/09/19,0,0,0,0
2013/09/20,0,0,0,0
2013/09/23,0,0,-300000,-300000
2013/09/24,0,30000,-14100,15900
2013/09/25,0,0,0,0
2013/09/26,0,0,-9300,-9300
2013/09/27,0,0,-103540,-103540
2013/09/30,0,0,0,0
2013/10/01,0,20000,-800,19200
2013/10/02,0,25000,0,25000
2013/10/03,0,74000,-549540,-475540
2013/10/04,0,18000,-82000,-64000
2013/10/07,0,0,-80480,-80480
2013/10/08,0,0,-540000,-540000
2013/10/09,0,0,0,0
2013/10/10,0,0,0,0
2013/10/11,0,50000,0,50000
2013/10/14,0,0,0,0
2013/10/15,0,0,0,0
2013/10/16,0,414000,-32000,382000
2013/10/17,0,35000,-18000,17000
2013/10/18,0,159000,0,159000
2013/10/21,0,45000,0,45000
2013/10/22,0,21000,-1000,20000
2013/10/23,0,125000,0,125000
2013/10/24,0,0,-194000,-194000
2013/10/25,0,0,-98000,-98000
2013/10/28,0,0,-50000,-50000
2013/10/29,0,38000,-40000,-2000
2013/10/30,0,20000,-218000,-198000
2013/10/31,0,0,-25000,-25000
2013/11/01,0,276000,-20000,256000
2013/11/04,0,0,-1000,-1000
2013/11/05,0,90000,-182000,-92000
2013/11/06,0,78000,-10000,68000
2013/11/07,0,0,-72000,-72000
2013/11/08,0,20000,-393000,-373000
2013/11/11,0,15000,-13000,2000
2013/11/12,0,0,-698740,-698740
2013/11/13,0,0,-19000,-19000
2013/11/14,0,217000,-140000,77000
2013/11/15,0,34000,-28000,6000
2013/11/18,0,0,0,0
2013/11/19,0,50000,-75000,-25000
2013/11/20,0,0,-291000,-291000
2013/11/21,0,1000,-45000,-44000
2013/11/22,0,0,-29000,-29000
2013/11/25,0,0,-119408,-119408
2013/11/26,0,0,0,0
2013/11/27,0,336000,0,336000
2013/11/28,0,398000,-610000,-212000
2013/11/29,0,93000,-243000,-150000
2013/12/02,0,596000,-330000,266000
2013/12/03,0,103000,-220000,-117000
2013/12/04,0,0,-186000,-186000
2013/12/05,0,0,-66100,-66100
2013/12/06,0,40000,-30000,10000
2013/12/09,0,132000,-208000,-76000
2013/12/10,0,0,-121160,-121160
2013/12/11,0,67000,-573000,-506000
2013/12/12,0,318000,-18000,300000
2013/12/13,0,37000,-628280,-591280
2013/12/16,0,46000,-43000,3000
2013/12/17,0,598000,0,598000
2013/12/18,0,19000,-517000,-498000
2013/12/19,0,305000,-39000,266000
2013/12/20,0,0,-75000,-75000
2013/12/23,0,160000,-25000,135000
2013/12/24,0,0,-3000,-3000
2013/12/25,0,65000,-201000,-136000
2013/12/26,0,100000,-172000,-72000
2013/12/27,0,288000,-37000,251000
2013/12/30,0,52000,-143000,-91000
2013/12/31,0,0,-968000,-968000
2014/01/02,0,49000,-316000,-267000
2014/01/03,0,0,-112000,-112000
2014/01/06,0,1000,-1793000,-1792000
2014/01/07,0,7000,-1349200,-1342200
2014/01/08,0,82000,-389000,-307000
2014/01/09,0,33000,-166000,-133000
2014/01/10,0,1000,-1545760,-1544760
2014/01/13,0,0,-50000,-50000
2014/01/14,0,0,-10000,-10000
2014/01/15,0,64000,-31000,33000
2014/01/16,0,38000,-12000,26000
2014/01/17,0,42000,-22000,20000
2014/01/20,0,220000,-64000,156000
2014/01/21,0,174000,-217000,-43000
2014/01/22,0,0,-143000,-143000
2014/01/23,0,50000,-85820,-35820
2014/01/24,0,262000,-80000,182000
2014/01/27,0,468000,-20000,448000
2014/02/05,0,61000,0,61000
2014/02/06,0,268000,0,268000
2014/02/07,0,135000,-32000,103000
2014/02/10,0,14000,-442000,-428000
2014/02/11,0,10000,-93800,-83800
2014/02/12,0,105000,-10000,95000
2014/02/13,0,307265,0,307265
2014/02/14,0,911000,-80000,831000
2014/02/17,0,94000,0,94000
2014/02/18,0,65000,0,65000
2014/02/19,0,29000,-3000,26000
2014/02/20,0,1000,-168000,-167000
2014/02/21,0,148000,-166000,-18000
2014/02/24,0,10000,-5000,5000
2014/02/25,0,0,-481660,-481660
2014/02/26,0,214000,-30000,184000
2014/02/27,0,50000,-70000,-20000
2014/03/03,0,514000,-387440,126560
2014/03/04,0,1036000,-9000,1027000
2014/03/05,0,115000,-55000,60000
2014/03/06,0,74000,-749000,-675000
2014/03/07,0,289000,-154000,135000
2014/03/10,0,849000,-201000,648000
2014/03/11,0,941000,0,941000
2014/03/12,0,316000,-53000,263000
2014/03/13,0,827000,0,827000
2014/03/14,0,218000,-57000,161000
2014/03/17,0,167000,-2000,165000
2014/03/18,0,116000,-8000,108000
2014/03/19,0,0,-727000,-727000
2014/03/20,0,463000,-599000,-136000
2014/03/21,0,197000,-198000,-1000
2014/03/24,0,273000,-497000,-224000
2014/03/25,0,265000,-160000,105000
2014/03/26,0,250000,-21000,229000
2014/03/27,0,110000,0,110000
2014/03/28,0,60000,0,60000
2014/03/31,0,0,-57000,-57000
2014/04/01,0,6000,0,6000
2014/04/02,0,0,-10000,-10000
2014/04/03,0,0,-77000,-77000
2014/04/07,0,0,-184000,-184000
2014/04/08,0,34000,-230000,-196000
2014/04/09,0,0,-358620,-358620
2014/04/10,0,11924,-294000,-282076
2014/04/11,0,20000,-76000,-56000
2014/04/14,0,155000,-319000,-164000
2014/04/15,0,59000,-2447740,-2388740
2014/04/16,0,0,-86000,-86000
2014/04/17,0,152000,-69000,83000
2014/04/18,0,190000,-136000,54000
2014/04/21,0,0,-192000,-192000
2014/04/22,0,95000,-230000,-135000
2014/04/23,0,0,-5000,-5000
2014/04/24,0,908000,-5000,903000
2014/04/25,0,494000,-5000,489000
2014/04/28,0,221000,-74000,147000
2014/04/29,0,217000,0,217000
2014/04/30,0,180000,0,180000
2014/05/02,0,77000,-27000,50000
2014/05/05,0,69000,-1000,68000
2014/05/06,0,130000,-125000,5000
2014/05/07,0,32000,-34000,-2000
2014/05/08,0,149000,-5000,144000
2014/05/09,0,37000,0,37000
2014/05/12,0,21000,0,21000
2014/05/13,0,10000,-246000,-236000
2014/05/14,0,511000,-69000,442000
2014/05/15,0,1654000,-274000,1380000
2014/05/16,0,913000,0,913000
2014/05/19,0,572000,-260000,312000
2014/05/20,0,514000,-40000,474000
2014/05/21,0,25000,0,25000
2014/05/22,0,101000,0,101000
2014/05/23,0,358000,-182000,176000
2014/05/26,0,122000,-4000,118000
2014/05/27,0,103000,-3000,100000
2014/05/28,0,216000,0,216000
2014/05/29,0,8000,0,8000
2014/05/30,0,75000,-103000,-28000
2014/06/03,0,121000,0,121000
2014/06/04,0,0,-19000,-19000
2014/06/05,0,4000,-356000,-352000
2014/06/06,0,0,-185000,-185000
2014/06/09,0,0,-696000,-696000
2014/06/10,0,130000,-135000,-5000
2014/06/11,0,341000,-404000,-63000
2014/06/12,0,140000,-86000,54000
2014/06/13,0,0,-39000,-39000
2014/06/16,0,0,-3000,-3000
2014/06/17,0,5000,0,5000
2014/06/18,0,100000,-311000,-211000
2014/06/19,0,0,-18000,-18000
2014/06/20,0,150000,-83000,67000
2014/06/23,0,10000,-281000,-271000
2014/06/24,0,0,-527000,-527000
2014/06/25,0,0,-36000,-36000
2014/06/26,0,90000,-70000,20000
2014/06/27,0,0,-215000,-215000
2014/06/30,0,5000,0,5000
2014/07/01,0,75000,0,75000
2014/07/02,0,951000,-1383,949617
2014/07/03,0,135000,-376000,-241000
2014/07/04,0,0,-201000,-201000
2014/07/07,0,268000,-23000,245000
2014/07/08,0,128000,-4000,124000
2014/07/09,0,70000,-83000,-13000
2014/07/10,0,198000,0,198000
2014/07/11,0,0,-2000,-2000
2014/07/14,0,0,-8000,-8000
2014/07/15,0,0,-1000,-1000
2014/07/16,0,0,-27000,-27000
2014/07/17,0,0,-155000,-155000
2014/07/18,0,0,-154000,-154000
2014/07/21,0,0,-53000,-53000
2014/07/22,0,352000,-14000,338000
2014/07/23,0,0,0,0
2014/07/24,0,455000,0,455000
2014/07/25,0,271000,0,271000
2014/07/28,0,0,0,0
2014/07/29,0,0,-111000,-111000
2014/07/30,0,50000,-46000,4000
2014/07/31,0,0,-70000,-70000
2014/08/01,0,163000,-168000,-5000
2014/08/04,0,31000,-36000,-5000
2014/08/05,0,209000,0,209000
2014/08/06,0,705000,-2000,703000
2014/08/07,0,37000,0,37000
2014/08/08,0,0,-425000,-425000
2014/08/11,0,233000,-165000,68000
2014/08/12,0,117000,-3000,114000
2014/08/13,0,168000,-188000,-20000
2014/08/14,0,25000,-176000,-151000
2014/08/15,0,23000,-333000,-310000
2014/08/18,0,0,0,0
2014/08/19,0,460000,0,460000
2014/08/20,0,98000,0,98000
2014/08/21,0,100500,-10000,90500
2014/08/22,0,492000,0,492000
2014/08/25,0,92000,0,92000
2014/08/26,0,290000,-90000,200000
2014/08/27,0,90000,-75000,15000
2014/08/28,0,57000,-1000,56000
2014/08/29,0,292000,-11000,281000
2014/09/01,0,230000,-50000,180000
2014/09/02,0,400000,-99000,301000
2014/09/03,0,76000,-20000,56000
2014/09/04,0,274000,-10000,264000
2014/09/05,0,54000,0,54000
2014/09/09,0,0,-74000,-74000
2014/09/10,0,200000,0,200000
2014/09/11,0,223000,0,223000
2014/09/12,0,18000,-45000,-27000
2014/09/15,0,238000,-60000,178000
2014/09/16,0,226000,-12000,214000
2014/09/17,0,524000,0,524000
2014/09/18,0,105000,-401000,-296000
2014/09/19,0,192000,-1000,191000
2014/09/22,0,11595,-800,10795
2014/09/23,0,121000,-1000,120000
2014/09/24,0,195000,0,195000
2014/09/25,0,13000,0,13000
2014/09/26,0,32000,-80250,-48250
2014/09/29,0,15000,-1606000,-1591000
2014/09/30,0,0,-2155298,-2155298
2014/10/01,0,186000,-249450,-63450
2014/10/02,0,19000,-125100,-106100
2014/10/03,0,125000,-166000,-41000
2014/10/06,0,5000,0,5000
2014/10/07,0,40000,-266000,-226000
2014/10/08,0,26000,-1011219,-985219
2014/10/09,0,40000,-3365430,-3325430
2014/10/13,0,40000,-789132,-749132
2014/10/14,0,134000,-323750,-189750
2014/10/15,0,75000,-28000,47000
2014/10/16,0,155000,-645500,-490500
2014/10/17,0,341000,-1683330,-1342330
2014/10/20,0,30000,-325094,-295094
2014/10/21,0,231000,-108300,122700
2014/10/22,0,200000,-251200,-51200
2014/10/23,0,58000,-176000,-118000
2014/10/24,0,50000,-413000,-363000
2014/10/27,0,32000,0,32000
2014/10/28,0,166000,-10000,156000
2014/10/29,0,769000,0,769000
2014/10/30,0,10000,-474000,-464000
2014/10/31,0,475000,0,475000
2014/11/03,0,875000,0,875000
2014/11/04,0,606000,-120550,485450
2014/11/05,0,9000,0,9000
2014/11/06,0,458000,-52800,405200
2014/11/07,0,0,-475000,-475000
2014/11/10,0,0,-331500,-331500
2014/11/11,0,0,-199000,-199000
2014/11/12,0,0,-414460,-414460
2014/11/13,0,0,0,0
2014/11/14,0,0,0,0
2014/11/17,0,0,0,0
2014/11/18,0,1000,-411050,-410050
2014/11/19,0,0,-1996480,-1996480
2014/11/20,0,0,-228050,-228050
2014/11/21,0,1000,-751300,-750300
2014/11/24,0,0,-108000,-108000
2014/11/25,0,4000,-212900,-208900
2014/11/26,0,0,-588000,-588000
2014/11/27,0,2000,-421000,-419000
2014/11/28,0,0,-520900,-520900
2014/12/01,0,0,-173000,-173000
2014/12/02,0,0,-118800,-118800
2014/12/03,0,0,-460300,-460300
2014/12/04,0,162000,0,162000
2014/12/05,0,0,-75000,-75000
2014/12/08,0,100000,-776100,-676100
2014/12/09,0,70000,-237000,-167000
2014/12/10,0,0,-34000,-34000
2014/12/11,0,219,-468800,-468581
2014/12/12,0,75000,-12000,63000
2014/12/15,0,0,-10130,-10130
2014/12/16,0,0,0,0
2014/12/17,0,0,-103000,-103000
2014/12/18,0,0,0,0
2014/12/19,0,0,-453000,-453000
2014/12/22,0,0,0,0
2014/12/23,0,0,-50000,-50000
2014/12/24,0,0,-100000,-100000
2014/12/25,0,75000,-90000,-15000
2014/12/26,0,0,0,0
2014/12/29,0,0,0,0
2014/12/30,0,0,-62500,-62500
2014/12/31,0,0,0,0
2015/01/01,0,0,0,0
2015/01/02,0,0,0,0
2015/01/05,0,10000,0,10000
2015/01/06,0,18000,-72000,-54000
2015/01/07,0,11000,-2000,9000
2015/01/08,0,0,-417835,-417835
2015/01/09,0,0,0,0
2015/01/12,0,0,0,0
2015/01/13,0,0,-2000,-2000
2015/01/14,0,0,-39000,-39000
2015/01/15,0,0,0,0
2015/01/16,0,50000,-587000,-537000
2015/01/19,0,50000,-2047890,-1997890
2015/01/20,0,115000,-520000,-405000
2015/01/21,0,30000,-590400,-560400
2015/01/22,0,25000,0,25000
2015/01/23,0,340000,-39000,301000
2015/01/26,0,0,0,0
2015/01/27,0,0,0,0
2015/01/28,0,0,-96000,-96000
2015/01/29,0,0,-82500,-82500
2015/01/30,0,402000,0,402000
2015/02/02,0,125000,-328000,-203000
2015/02/03,0,0,0,0
2015/02/04,0,0,-150000,-150000
2015/02/05,0,0,0,0
2015/02/06,0,0,-50000,-50000
2015/02/09,0,1000,-300000,-299000
2015/02/10,0,0,-105950,-105950
2015/02/11,0,0,-80000,-80000
2015/02/12,0,0,0,0
2015/02/13,0,0,0,0
2015/02/16,0,0,0,0
2015/02/17,0,0,0,0
2015/02/18,0,0,0,0
2015/02/19,0,0,0,0
2015/02/20,0,0,0,0
2015/02/23,0,0,0,0
2015/02/24,0,0,-50000,-50000
2015/02/25,0,0,-151000,-151000
2015/02/26,0,150000,-83000,67000
2015/02/27,0,0,0,0
2015/03/02,0,50000,-150000,-100000
2015/03/03,0,0,0,0
2015/03/04,0,40000,-1948,38052
2015/03/05,0,0,0,0
2015/03/06,0,43000,-221000,-178000
2015/03/09,0,0,-150000,-150000
2015/03/10,0,25000,-161000,-136000
2015/03/11,0,0,-243000,-243000
2015/03/12,0,146,-100000,-99854
2015/03/13,0,0,-97000,-97000
2015/03/16,0,0,0,0
2015/03/17,0,0,-310800,-310800
2015/03/18,0,0,-972500,-972500
2015/03/19,0,293000,-240000,53000
2015/03/20,0,810000,0,810000
2015/03/23,0,147000,-64000,83000
2015/03/24,0,0,0,0
2015/03/25,0,0,0,0
2015/03/26,0,0,0,0
2015/03/27,0,0,-150000,-150000
2015/03/30,0,0,-350000,-350000
2015/03/31,0,0,-30000,-30000
2015/04/01,0,0,0,0
2015/04/02,0,0,-60000,-60000
2015/04/03,0,0,0,0
2015/04/06,0,0,0,0
2015/04/07,0,0,-1071,-1071
2015/04/08,0,0,-56000,-56000
2015/04/09,0,0,-60000,-60000
2015/04/10,0,0,0,0
2015/04/13,0,1000,0,1000
2015/04/14,0,0,-105000,-105000
2015/04/15,0,2000,0,2000
2015/04/16,0,0,-1195750,-1195750
2015/04/17,0,0,-1005536,-1005536
2015/04/20,0,0,-10000,-10000
2015/04/21,0,0,0,0
2015/04/22,0,0,0,0
2015/04/23,0,0,-850,-850
2015/04/24,0,0,0,0
2015/04/27,0,0,0,0
2015/04/28,0,0,0,0
2015/04/29,0,0,-663000,-663000
2015/04/30,0,0,-1119,-1119
2015/05/01,0,0,0,0
2015/05/04,0,0,0,0
2015/05/05,0,50000,0,50000
2015/05/06,0,0,0,0
2015/05/07,0,0,0,0
2015/05/08,0,0,0,0
2015/05/11,0,0,0,0
2015/05/12,0,0,0,0
2015/05/13,0,0,0,0
2015/05/14,0,0,0,0
2015/05/15,0,0,-1000,-1000
2015/05/18,0,0,0,0
2015/05/19,0,0,0,0
2015/05/20,0,0,0,0
2015/05/21,0,0,0,0
2015/05/22,0,0,0,0
2015/05/25,0,0,0,0
2015/05/26,0,0,0,0
2015/05/27,0,0,0,0
2015/05/28,0,0,0,0
2015/05/29,0,0,0,0
2015/06/01,0,0,0,0
2015/06/02,0,0,0,0
2015/06/03,0,0,0,0
2015/06/04,0,0,-53244,-53244
2015/06/05,0,1000,0,1000
2015/06/08,0,0,0,0
2015/06/09,0,0,0,0
2015/06/10,0,0,0,0
2015/06/11,0,0,0,0
2015/06/12,0,0,0,0
2015/06/15,0,0,0,0
2015/06/16,0,0,0,0
2015/06/17,0,0,0,0
2015/06/18,0,0,-1456613,-1456613
2015/06/19,0,0,0,0
2015/06/22,0,0,-1500,-1500
2015/06/23,0,0,0,0
2015/06/24,0,0,0,0
2015/06/25,0,0,0,0
2015/06/26,0,0,0,0
2015/06/29,0,0,0,0
2015/06/30,0,0,0,0
2015/07/01,0,0,0,0
2015/07/02,0,0,0,0
2015/07/03,0,0,0,0
2015/07/06,0,0,0,0
2015/07/07,0,0,0,0
2015/07/08,0,0,0,0
2015/07/09,0,0,0,0
2015/07/10,0,0,0,0
2015/07/13,0,0,0,0
2015/07/14,0,0,0,0
2015/07/15,0,1000,0,1000
2015/07/16,0,0,0,0
2015/07/17,0,2000,0,2000
2015/07/20,0,0,0,0
2015/07/21,0,0,0,0
2015/07/22,0,0,0,0
2015/07/23,0,0,0,0
2015/07/24,0,1000,0,1000
2015/07/27,0,0,0,0
2015/07/28,0,2000,0,2000
2015/07/29,0,0,0,0
2015/07/30,0,0,0,0
2015/07/31,0,0,0,0
2015/08/03,0,0,0,0
2015/08/04,0,0,0,0
2015/08/05,0,0,0,0
2015/08/06,0,0,0,0
2015/08/07,0,0,0,0
2015/08/10,0,0,0,0
2015/08/11,0,0,0,0
2015/08/12,0,0,0,0
2015/08/13,0,0,0,0
2015/08/14,0,0,0,0
2015/08/17,0,0,0,0
2015/08/18,0,0,0,0
2015/08/19,0,0,0,0
2015/08/20,0,0,0,0
2015/08/21,0,0,-16000,-16000
2015/08/24,0,0,-4644,-4644
2015/08/25,0,0,0,0
2015/08/26,0,0,0,0
2015/08/27,0,0,0,0
2015/08/28,0,2000,0,2000
2015/08/31,0,0,-1000,-1000
2015/09/01,0,0,-1000,-1000
2015/09/02,0,0,0,0
2015/09/03,0,0,0,0
2015/09/04,0,0,-4000,-4000
2015/09/07,0,0,0,0
2015/09/08,0,0,0,0
2015/09/09,0,0,0,0
2015/09/10,0,0,0,0
2015/09/11,0,0,0,0
2015/09/14,0,0,0,0
2015/09/15,0,0,0,0
2015/09/16,0,0,0,0
2015/09/17,0,0,0,0
2015/09/18,0,0,0,0
2015/09/21,0,0,0,0
2015/09/22,0,0,0,0
2015/09/23,0,0,0,0
2015/09/24,0,0,0,0
2015/09/25,0,0,0,0
2015/09/28,0,0,0,0
2015/09/29,0,0,0,0
2015/09/30,0,0,0,0
2015/10/01,0,0,0,0
2015/10/02,0,1000,0,1000
2015/10/05,0,0,0,0
2015/10/06,0,0,0,0
2015/10/07,0,0,0,0
2015/10/08,0,0,0,0
2015/10/09,0,0,0,0
2015/10/12,0,400000,0,400000
2015/10/13,0,539000,0,539000
2015/10/14,0,445000,0,445000
2015/10/15,0,126000,0,126000
2015/10/16,0,0,0,0
2015/10/19,0,35000,0,35000
2015/10/20,0,835000,0,835000
2015/10/21,0,460000,0,460000
2015/10/22,0,50000,0,50000
2015/10/23,0,0,-445000,-445000
2015/10/26,0,0,0,0
2015/10/27,0,0,0,0
2015/10/28,0,0,0,0
2015/10/29,0,0,0,0
2015/10/30,0,0,-400000,-400000
2015/11/02,0,0,0,0
2015/11/03,0,281000,0,281000
2015/11/04,0,405000,-1000,404000
2015/11/05,0,142000,0,142000
2015/11/06,0,469000,0,469000
2015/11/09,0,0,0,0
2015/11/10,0,0,0,0
2015/11/11,0,0,0,0
2015/11/12,0,0,-192000,-192000
2015/11/13,0,0,0,0
2015/11/16,0,0,0,0
2015/11/17,0,0,0,0
2015/11/18,0,0,0,0
2015/11/19,0,0,0,0
2015/11/20,0,0,0,0
2015/11/23,0,0,0,0
2015/11/24,0,0,0,0
2015/11/25,0,0,0,0
2015/11/26,0,0,0,0
2015/11/27,0,0,0,0
2015/11/30,0,0,0,0
2015/12/01,0,0,-155000,-155000
2015/12/02,0,0,-108000,-108000
2015/12/03,0,360000,-35000,325000
2015/12/04,0,329000,0,329000
2015/12/07,0,409000,-217000,192000
2015/12/08,0,0,-520000,-520000
2015/12/09,0,0,0,0
2015/12/10,0,0,0,0
2015/12/11,0,0,0,0
2015/12/14,0,4073,0,4073
2015/12/15,0,0,-615000,-615000
2015/12/16,0,0,-200000,-200000
2015/12/17,0,90000,-290000,-200000
2015/12/18,0,17000,0,17000
2015/12/21,0,0,0,0
2015/12/22,0,39000,0,39000
2015/12/23,0,0,0,0
2015/12/24,0,0,0,0
2015/12/25,0,0,-100000,-100000
2015/12/28,0,37000,0,37000
2015/12/29,0,37000,-300000,-263000
2015/12/30,0,0,0,0
2015/12/31,0,0,0,0
2016/01/01,0,0,0,0
2016/01/04,0,0,0,0
2016/01/05,0,0,0,0
2016/01/06,0,0,0,0
2016/01/07,0,0,-242000,-242000
2016/01/08,0,0,-61000,-61000
2016/01/11,0,0,0,0
2016/01/12,0,0,0,0
2016/01/13,0,0,0,0
2016/01/14,0,0,0,0
2016/01/15,0,0,-5000,-5000
2016/01/18,0,0,0,0
2016/01/19,0,0,0,0
2016/01/20,0,0,-5000,-5000
2016/01/21,0,0,0,0
2016/01/22,0,0,0,0
2016/01/25,0,160000,0,160000
2016/01/26,0,0,0,0
2016/01/27,0,0,0,0
2016/01/28,0,80000,0,80000
2016/01/29,0,0,0,0
2016/02/01,0,0,0,0
2016/02/02,0,0,0,0
2016/02/03,0,0,0,0
2016/02/04,0,0,0,0
2016/02/05,0,0,0,0
2016/02/08,0,0,0,0
2016/02/09,0,0,0,0
2016/02/10,0,0,0,0
2016/02/11,0,0,0,0
2016/02/12,0,0,0,0
2016/02/15,0,0,-4073,-4073
2016/02/16,0,0,0,0
2016/02/17,0,0,0,0
2016/02/18,0,0,0,0
2016/02/19,0,0,0,0
2016/02/22,0,0,0,0
2016/02/23,0,0,0,0
2016/02/24,0,0,0,0
2016/02/25,0,0,0,0
2016/02/26,0,0,0,0
2016/02/29,0,0,0,0
2016/03/01,0,0,0,0
2016/03/02,0,0,0,0
2016/03/03,0,0,0,0
2016/03/04,0,0,0,0
2016/03/07,0,0,0,0
2016/03/08,0,0,-1000,-1000
2016/03/09,0,0,0,0
2016/03/10,0,0,0,0
2016/03/11,0,0,0,0
2016/03/14,0,0,0,0
2016/03/15,0,0,0,0
2016/03/16,0,0,0,0
2016/03/17,0,0,0,0
2016/03/18,0,0,0,0
2016/03/21,0,0,0,0
2016/03/22,0,0,0,0
2016/03/23,0,0,0,0
2016/03/24,0,0,0,0
2016/03/25,0,0,0,0
2016/03/28,0,0,0,0
2016/03/29,0,0,0,0
2016/03/30,0,0,-376000,-376000
2016/03/31,0,0,0,0
2016/04/01,0,0,-240000,-240000
2016/04/04,0,0,0,0
2016/04/05,0,0,0,0
2016/04/06,0,0,0,0
2016/04/07,0,0,0,0
2016/04/08,0,0,0,0
2016/04/11,0,0,0,0
2016/04/12,0,40000,0,40000
2016/04/13,0,200000,0,200000
2016/04/14,0,792000,0,792000
2016/04/15,0,120000,-64000,56000
2016/04/18,0,50000,0,50000
2016/04/19,0,30000,0,30000
2016/04/20,0,25000,0,25000
2016/04/21,0,0,0,0
2016/04/22,0,60000,0,60000
2016/04/25,0,0,0,0
2016/04/26,0,90000,0,90000
2016/04/27,0,155000,0,155000
2016/04/28,0,0,0,0
2016/04/29,0,438000,0,438000
2016/05/02,0,0,0,0
2016/05/03,0,260000,0,260000
2016/05/04,0,2392000,0,2392000
2016/05/05,0,540000,0,540000
2016/05/06,0,233000,0,233000
2016/05/09,0,323000,0,323000
2016/05/10,0,589944,0,589944
2016/05/11,0,386000,0,386000
2016/05/12,0,340000,0,340000
2016/05/13,0,24000,-150000,-126000
2016/05/16,0,46000,-309000,-263000
2016/05/17,0,230000,0,230000
2016/05/18,0,270000,0,270000
2016/05/19,0,91000,0,91000
2016/05/20,0,35000,0,35000
2016/05/23,0,22000,0,22000
2016/05/24,0,66000,0,66000
2016/05/25,0,78000,0,78000
2016/05/26,0,102000,-592000,-490000
2016/05/27,0,170000,-145000,25000
2016/05/30,0,0,0,0
2016/05/31,0,1000000,0,1000000
2016/06/01,0,0,-200000,-200000
2016/06/02,0,0,-110000,-110000
2016/06/03,0,50000,-190000,-140000
2016/06/06,0,0,0,0
2016/06/07,0,0,0,0
2016/06/08,0,0,0,0
2016/06/09,0,0,0,0
2016/06/10,0,0,0,0
2016/06/13,0,0,-121000,-121000
2016/06/14,0,0,-320000,-320000
2016/06/15,0,0,0,0
2016/06/16,0,0,-68000,-68000
2016/06/17,0,100000,-30000,70000
2016/06/20,0,0,0,0
2016/06/21,0,0,-473000,-473000
2016/06/22,0,100000,0,100000
2016/06/23,0,900000,0,900000
2016/06/24,0,0,-6000,-6000
2016/06/27,0,0,-6000,-6000
2016/06/28,0,0,-185000,-185000
2016/06/29,0,100000,-35000,65000
2016/06/30,0,0,0,0
2016/07/01,0,123000,-250000,-127000
2016/07/04,0,0,0,0
2016/07/05,0,98000,0,98000
2016/07/06,0,1158000,0,1158000
2016/07/07,0,50000,0,50000
2016/07/08,0,0,0,0
2016/07/11,0,0,0,0
2016/07/12,0,0,0,0
2016/07/13,0,0,0,0
2016/07/14,0,401000,0,401000
2016/07/15,0,0,0,0
2016/07/18,0,0,0,0
2016/07/19,0,773000,0,773000
2016/07/20,0,100000,-34000,66000
2016/07/21,0,1027000,0,1027000
2016/07/22,0,1497000,0,1497000
2016/07/25,0,20000,-60000,-40000
2016/07/26,0,122000,-80000,42000
2016/07/27,0,335000,0,335000
2016/07/28,0,391000,-40000,351000
2016/07/29,0,30000,-238,29762
2016/08/01,0,97000,-52000,45000
2016/08/02,0,11000,-495000,-484000
2016/08/03,0,18000,-517000,-499000
2016/08/04,0,0,-145000,-145000
2016/08/05,0,575000,0,575000
2016/08/08,0,2032000,0,2032000
2016/08/09,0,305000,0,305000
2016/08/10,0,498000,0,498000
2016/08/11,0,290000,0,290000
2016/08/12,0,0,0,0
2016/08/15,0,944000,-80000,864000
2016/08/16,0,780000,-851000,-71000
2016/08/17,0,63000,-455000,-392000
2016/08/18,0,138000,-90000,48000
2016/08/19,0,0,-411000,-411000
2016/08/22,0,0,-1633000,-1633000
2016/08/23,0,70000,-30000,40000
2016/08/24,0,0,-29000,-29000
2016/08/25,0,0,-44000,-44000
2016/08/26,0,6000,0,6000
2016/08/29,0,0,-52000,-52000
2016/08/30,0,100000,0,100000
2016/08/31,0,173000,0,173000
2016/09/01,0,0,0,0
2016/09/02,0,8000,-558000,-550000
2016/09/05,0,0,-83000,-83000
2016/09/06,0,0,0,0
2016/09/07,0,0,0,0
2016/09/08,0,0,-125000,-125000
2016/09/09,0,0,-20000,-20000
2016/09/12,0,0,0,0
2016/09/13,0,0,-22000,-22000
2016/09/14,0,18000,-239000,-221000
2016/09/15,0,0,0,0
2016/09/16,0,0,0,0
2016/09/19,0,25000,-222000,-197000
2016/09/20,0,0,-90000,-90000
2016/09/21,0,0,-487000,-487000
2016/09/22,0,0,-120000,-120000
2016/09/23,0,692000,-2000,690000
2016/09/26,0,0,0,0
2016/09/27,0,0,0,0
2016/09/28,0,0,0,0
2016/09/29,0,145000,0,145000
2016/09/30,0,213101,-22000,191101
2016/10/03,0,182000,-12000,170000
2016/10/04,0,148000,-200000,-52000
2016/10/05,0,90000,-60000,30000
2016/10/06,0,234000,-33000,201000
2016/10/07,0,10000,-103000,-93000
2016/10/10,0,0,0,0
2016/10/11,0,144000,-100000,44000
2016/10/12,0,155000,-45000,110000
2016/10/13,0,250000,-182000,68000
2016/10/14,0,108000,-101000,7000
2016/10/17,0,91000,-2108000,-2017000
2016/10/18,0,0,-508000,-508000
2016/10/19,0,455000,-35000,420000
2016/10/20,0,7000,-208000,-201000
2016/10/21,0,6000,-22000,-16000
2016/10/24,0,146000,-40000,106000
2016/10/25,0,0,-16000,-16000
2016/10/26,0,25000,0,25000
2016/10/27,0,224000,0,224000
2016/10/28,0,15000,-10000,5000
2016/10/31,0,0,-128000,-128000
2016/11/01,0,8000,-20000,-12000
2016/11/02,0,8000,-87,7913
2016/11/03,0,0,-57000,-57000
2016/11/04,0,18000,0,18000
2016/11/07,0,130000,-439000,-309000
2016/11/08,0,371000,-129000,242000
2016/11/09,0,0,-56000,-56000
2016/11/10,0,799000,-12000,787000
2016/11/11,0,31000,0,31000
2016/11/14,0,11000,-479000,-468000
2016/11/15,0,13000,-406000,-393000
2016/11/16,0,630000,-271000,359000
2016/11/17,0,325000,-40000,285000
2016/11/18,0,65000,-40000,25000
2016/11/21,0,463000,-65000,398000
2016/11/22,0,114000,-4000,110000
2016/11/23,0,104000,-139000,-35000
2016/11/24,0,0,0,0
2016/11/25,0,24000,-177000,-153000
2016/11/28,0,56000,-36000,20000
2016/11/29,0,33000,-96000,-63000
2016/11/30,0,10000,-25000,-15000
2016/12/01,0,9000,0,9000
2016/12/02,0,137000,-663000,-526000
2016/12/05,0,47000,-250000,-203000
2016/12/06,0,93000,-168000,-75000
2016/12/07,0,189000,-20000,169000
2016/12/08,0,0,-35000,-35000
2016/12/09,0,31000,-70000,-39000
2016/12/12,0,78000,-35000,43000
2016/12/13,0,35000,-90000,-55000
2016/12/14,0,0,-100000,-100000
2016/12/15,0,100000,-333000,-233000
2016/12/16,0,18000,-20000,-2000
2016/12/19,0,137000,-300000,-163000
2016/12/20,0,0,0,0
2016/12/21,0,0,0,0
2016/12/22,0,62000,0,62000
2016/12/23,0,7000,-77000,-70000
2016/12/26,0,8000,-155000,-147000
2016/12/27,0,0,-12000,-12000
2016/12/28,0,0,0,0
2016/12/29,0,30000,-30000,0
2016/12/30,0,14000,-10000,4000
2017/01/02,0,0,0,0
2017/01/03,0,12000,0,12000
2017/01/04,0,0,0,0
2017/01/05,0,10000,-30000,-20000
2017/01/06,0,27000,-85000,-58000
2017/01/09,0,0,-46000,-46000
2017/01/10,0,404000,0,404000
2017/01/11,0,40000,-10000,30000
2017/01/12,0,30000,-15000,15000
2017/01/13,0,0,0,0
2017/01/16,0,85000,-122000,-37000
2017/01/17,0,55000,0,55000
2017/01/18,0,28000,-1000,27000
2017/01/19,0,269000,0,269000
2017/01/20,0,256000,-513000,-257000
2017/01/23,0,485072,-77000,408072
2017/01/24,0,284000,-231000,53000
2017/01/25,0,0,0,0
2017/01/26,0,0,0,0
2017/01/27,0,0,0,0
2017/01/30,0,0,0,0
2017/01/31,0,0,0,0
2017/02/01,0,0,0,0
2017/02/02,0,12000,-304000,-292000
2017/02/03,0,85000,-223000,-138000
2017/02/06,0,0,-2183000,-2183000
2017/02/07,0,0,-1620000,-1620000
2017/02/08,0,5000,-492000,-487000
2017/02/09,0,80000,-97000,-17000
2017/02/10,0,2000,-74000,-72000
2017/02/13,0,240000,-25000,215000
2017/02/14,0,39000,-436000,-397000
2017/02/15,0,440000,-451000,-11000
2017/02/16,0,301000,-118000,183000
2017/02/17,0,167000,0,167000
2017/02/20,0,0,-295000,-295000
2017/02/21,0,2000,-170000,-168000
2017/02/22,0,0,-44000,-44000
2017/02/23,0,6000,-204000,-198000
2017/02/24,0,0,-75000,-75000
2017/02/27,0,0,0,0
2017/02/28,0,0,0,0
2017/03/01,0,0,-30000,-30000
2017/03/02,0,43000,0,43000
2017/03/03,0,15000,0,15000
2017/03/06,0,203000,0,203000
2017/03/07,0,0,0,0
2017/03/08,0,6000,0,6000
2017/03/09,0,111000,0,111000
2017/03/10,0,267000,-10000,257000
2017/03/13,0,532000,0,532000
2017/03/14,0,151000,0,151000
2017/03/15,0,4000,-25000,-21000
2017/03/16,0,428000,0,428000
2017/03/17,0,56000,0,56000
2017/03/20,0,0,-35000,-35000
2017/03/21,0,5000,-5000,0
2017/03/22,0,0,-7000,-7000
2017/03/23,0,72000,0,72000
2017/03/24,0,154000,0,154000
2017/03/27,0,518000,0,518000
2017/03/28,0,116000,-34000,82000
2017/03/29,0,0,-33000,-33000
2017/03/30,0,0,-38000,-38000
2017/03/31,0,8000,0,8000
2017/04/03,0,0,0,0
2017/04/04,0,0,0,0
2017/04/05,0,40000,-1000,39000
2017/04/06,0,40000,-54000,-14000
2017/04/07,0,15000,-83000,-68000
2017/04/10,0,282000,0,282000
2017/04/11,0,24000,-26000,-2000
2017/04/12,0,0,-52000,-52000
2017/04/13,0,20000,-20000,0
2017/04/14,0,28000,-1000,27000
2017/04/17,0,20000,-100000,-80000
2017/04/18,0,0,-200000,-200000
2017/04/19,0,26000,-340000,-314000
