Date,Open,Buy,Sell,Total
2007/01/02,0,0,0,0
2007/01/03,0,0,-620098,-620098
2007/01/04,0,0,-1061000,-1061000
2007/01/05,0,0,-200000,-200000
2007/01/08,0,0,-100000,-100000
2007/01/09,0,820000,0,820000
2007/01/10,0,0,0,0
2007/01/11,0,46000,0,46000
2007/01/12,0,517000,-79000,438000
2007/01/15,0,424000,0,424000
2007/01/16,0,0,-50000,-50000
2007/01/17,0,1000,0,1000
2007/01/18,0,10000,-300574,-290574
2007/01/19,0,0,0,0
2007/01/22,0,810000,-600000,210000
2007/01/23,0,190000,-970000,-780000
2007/01/24,0,1873000,0,1873000
2007/01/25,0,0,0,0
2007/01/26,0,0,0,0
2007/01/29,0,100000,-100000,0
2007/01/30,0,50000,0,50000
2007/01/31,0,0,0,0
2007/02/01,0,323000,0,323000
2007/02/02,0,0,0,0
2007/02/05,0,0,-65991,-65991
2007/02/06,0,0,0,0
2007/02/07,0,20000,0,20000
2007/02/08,0,0,0,0
2007/02/09,0,0,0,0
2007/02/12,0,0,0,0
2007/02/13,0,0,0,0
2007/02/14,0,0,0,0
2007/02/15,0,0,0,0
2007/02/16,0,0,0,0
2007/02/19,0,0,0,0
2007/02/20,0,0,0,0
2007/02/21,0,0,0,0
2007/02/22,0,0,0,0
2007/02/23,0,0,0,0
2007/02/26,0,0,-135000,-135000
2007/02/27,0,0,-130000,-130000
2007/02/28,0,0,0,0
2007/03/01,0,300000,0,300000
2007/03/02,0,1429000,0,1429000
2007/03/05,0,131000,0,131000
2007/03/06,0,580000,0,580000
2007/03/07,0,440000,-197000,243000
2007/03/08,0,130000,0,130000
2007/03/09,0,90000,0,90000
2007/03/12,0,0,-309000,-309000
2007/03/13,0,0,-127768,-127768
2007/03/14,0,740000,0,740000
2007/03/15,0,130000,0,130000
2007/03/16,0,0,0,0
2007/03/19,0,0,-50035,-50035
2007/03/20,0,414000,-50000,364000
2007/03/21,0,48000,0,48000
2007/03/22,0,0,0,0
2007/03/23,0,90000,0,90000
2007/03/26,0,201000,0,201000
2007/03/27,0,0,-552000,-552000
2007/03/28,0,225000,-462000,-237000
2007/03/29,0,0,-240000,-240000
2007/03/30,0,0,0,0
2007/04/02,0,21000,-200000,-179000
2007/04/03,0,0,-1020000,-1020000
2007/04/04,0,1021000,-354970,666030
2007/04/05,0,0,0,0
2007/04/06,0,0,0,0
2007/04/09,0,100000,-200000,-100000
2007/04/10,0,0,-840000,-840000
2007/04/11,0,185000,-300000,-115000
2007/04/12,0,85000,-3000,82000
2007/04/13,0,50000,-100000,-50000
2007/04/16,0,0,-309000,-309000
2007/04/17,0,43000,-750000,-707000
2007/04/18,0,0,-900000,-900000
2007/04/19,0,0,-650000,-650000
2007/04/20,0,2000,-200000,-198000
2007/04/23,0,0,0,0
2007/04/24,0,2000,-11000,-9000
2007/04/25,0,0,0,0
2007/04/26,0,0,0,0
2007/04/27,0,0,0,0
2007/04/30,0,0,-30000,-30000
2007/05/01,0,0,0,0
2007/05/02,0,0,-343000,-343000
2007/05/03,0,0,-709868,-709868
2007/05/04,0,0,0,0
2007/05/07,0,0,-25000,-25000
2007/05/08,0,0,-40000,-40000
2007/05/09,0,0,0,0
2007/05/10,0,0,-1000,-1000
2007/05/11,0,0,0,0
2007/05/14,0,0,0,0
2007/05/15,0,3000,0,3000
2007/05/16,0,0,-136000,-136000
2007/05/17,0,0,-301000,-301000
2007/05/18,0,0,-429000,-429000
2007/05/21,0,0,0,0
2007/05/22,0,0,-290000,-290000
2007/05/23,0,0,0,0
2007/05/24,0,0,0,0
2007/05/25,0,0,0,0
2007/05/28,0,56000,0,56000
2007/05/29,0,1000,0,1000
2007/05/30,0,0,-14000,-14000
2007/05/31,0,0,0,0
2007/06/01,0,74000,0,74000
2007/06/04,0,0,0,0
2007/06/05,0,0,0,0
2007/06/06,0,1000,-14000,-13000
2007/06/07,0,0,0,0
2007/06/08,0,0,-200000,-200000
2007/06/11,0,0,-200000,-200000
2007/06/12,0,0,-29000,-29000
2007/06/13,0,0,-150000,-150000
2007/06/14,0,700000,-134000,566000
2007/06/15,0,400000,-200000,200000
2007/06/18,0,0,0,0
2007/06/19,0,0,0,0
2007/06/20,0,0,-300000,-300000
2007/06/21,0,0,-300000,-300000
2007/06/22,0,0,-1200000,-1200000
2007/06/25,0,203000,-605000,-402000
2007/06/26,0,0,0,0
2007/06/27,0,0,0,0
2007/06/28,0,140000,0,140000
2007/06/29,0,0,0,0
2007/07/02,0,0,0,0
2007/07/03,0,0,0,0
2007/07/04,0,0,0,0
2007/07/05,0,13000,-6000,7000
2007/07/06,0,40000,0,40000
2007/07/09,0,39000,-1000,38000
2007/07/10,0,0,0,0
2007/07/11,0,0,0,0
2007/07/12,0,0,0,0
2007/07/13,0,0,0,0
2007/07/16,0,0,0,0
2007/07/17,0,0,0,0
2007/07/18,0,1000,0,1000
2007/07/19,0,0,0,0
2007/07/20,0,1000,0,1000
2007/07/23,0,0,0,0
2007/07/24,0,0,-1000,-1000
2007/07/25,0,0,-174000,-174000
2007/07/26,0,0,-53000,-53000
2007/07/27,0,1000,-350000,-349000
2007/07/30,0,0,0,0
2007/07/31,0,0,0,0
2007/08/01,0,0,-2000,-2000
2007/08/02,0,0,0,0
2007/08/03,0,22000,0,22000
2007/08/06,0,0,0,0
2007/08/07,0,1000,0,1000
2007/08/08,0,0,0,0
2007/08/09,0,1000,0,1000
2007/08/10,0,2000,-44000,-42000
2007/08/13,0,0,0,0
2007/08/14,0,0,0,0
2007/08/15,0,64000,0,64000
2007/08/16,0,65000,-6000,59000
2007/08/17,0,0,-1000,-1000
2007/08/20,0,1000,0,1000
2007/08/21,0,0,0,0
2007/08/22,0,2000,0,2000
2007/08/23,0,2000,0,2000
2007/08/24,0,0,0,0
2007/08/27,0,2000,0,2000
2007/08/28,0,0,0,0
2007/08/29,0,0,-2000,-2000
2007/08/30,0,0,0,0
2007/08/31,0,2000,-2000,0
2007/09/03,0,0,0,0
2007/09/04,0,1000,-1000,0
2007/09/05,0,0,0,0
2007/09/06,0,0,-164000,-164000
2007/09/07,0,0,-7000,-7000
2007/09/10,0,2000,0,2000
2007/09/11,0,0,0,0
2007/09/12,0,0,0,0
2007/09/13,0,0,0,0
2007/09/14,0,0,0,0
2007/09/17,0,0,0,0
2007/09/18,0,0,0,0
2007/09/19,0,0,0,0
2007/09/20,0,0,0,0
2007/09/21,0,11000,0,11000
2007/09/24,0,0,0,0
2007/09/25,0,0,0,0
2007/09/26,0,24000,-1000,23000
2007/09/27,0,90000,-168000,-78000
2007/09/28,0,0,0,0
2007/10/01,0,0,-30000,-30000
2007/10/02,0,20000,0,20000
2007/10/03,0,0,0,0
2007/10/04,0,0,0,0
2007/10/05,0,0,0,0
2007/10/08,0,0,-13880,-13880
2007/10/09,0,96000,0,96000
2007/10/10,0,0,0,0
2007/10/11,0,0,0,0
2007/10/12,0,0,0,0
2007/10/15,0,0,-3000,-3000
2007/10/16,0,78000,0,78000
2007/10/17,0,342000,0,342000
2007/10/18,0,0,0,0
2007/10/19,0,0,-10000,-10000
2007/10/22,0,0,0,0
2007/10/23,0,0,0,0
2007/10/24,0,0,0,0
2007/10/25,0,0,-111000,-111000
2007/10/26,0,0,0,0
2007/10/29,0,94000,0,94000
2007/10/30,0,0,-205000,-205000
2007/10/31,0,1295000,0,1295000
2007/11/01,0,152000,0,152000
2007/11/02,0,133000,0,133000
2007/11/05,0,436000,-1000,435000
2007/11/06,0,500000,0,500000
2007/11/07,0,0,-34800,-34800
2007/11/08,0,1000,0,1000
2007/11/09,0,0,0,0
2007/11/12,0,1000,0,1000
2007/11/13,0,0,-25000,-25000
2007/11/14,0,16000,0,16000
2007/11/15,0,0,0,0
2007/11/16,0,0,-57240,-57240
2007/11/19,0,0,-101000,-101000
2007/11/20,0,1000,-200000,-199000
2007/11/21,0,27000,0,27000
2007/11/22,0,0,-52000,-52000
2007/11/23,0,1000,0,1000
2007/11/26,0,1000,-300000,-299000
2007/11/27,0,8000,0,8000
2007/11/28,0,0,0,0
2007/11/29,0,0,0,0
2007/11/30,0,0,0,0
2007/12/03,0,0,0,0
2007/12/04,0,4000,0,4000
2007/12/05,0,1000,0,1000
2007/12/06,0,0,-500000,-500000
2007/12/07,0,0,-700000,-700000
2007/12/10,0,0,0,0
2007/12/11,0,0,0,0
2007/12/12,0,32000,0,32000
2007/12/13,0,0,-83120,-83120
2007/12/14,0,1000,-82000,-81000
2007/12/17,0,31000,-200,30800
2007/12/18,0,1000,-22000,-21000
2007/12/19,0,0,0,0
2007/12/20,0,0,-47000,-47000
2007/12/21,0,433000,-3000,430000
2007/12/24,0,0,0,0
2007/12/25,0,0,-7000,-7000
2007/12/26,0,0,0,0
2007/12/27,0,5000,-33000,-28000
2007/12/28,0,0,-42000,-42000
2007/12/31,0,1000,0,1000
2008/01/01,0,0,0,0
2008/01/02,0,1000000,0,1000000
2008/01/03,0,1010000,-1000,1009000
2008/01/04,0,0,-4000,-4000
2008/01/07,0,300000,0,300000
2008/01/08,0,501000,-4000,497000
2008/01/09,0,0,-4000,-4000
2008/01/10,0,6000,-440,5560
2008/01/11,0,0,-5000,-5000
2008/01/14,0,1000,-5000,-4000
2008/01/15,0,0,-1000,-1000
2008/01/16,0,0,0,0
2008/01/17,0,3000,-37000,-34000
2008/01/18,0,4000,0,4000
2008/01/21,0,1000,0,1000
2008/01/22,0,0,-43000,-43000
2008/01/23,0,46000,0,46000
2008/01/24,0,25000,0,25000
2008/01/25,0,1000,0,1000
2008/01/28,0,700000,0,700000
2008/01/29,0,0,0,0
2008/01/30,0,775000,0,775000
2008/01/31,0,0,0,0
2008/02/01,0,1000,0,1000
2008/02/04,0,0,0,0
2008/02/05,0,0,0,0
2008/02/06,0,0,0,0
2008/02/07,0,0,0,0
2008/02/08,0,0,0,0
2008/02/11,0,0,0,0
2008/02/12,0,0,-1000,-1000
2008/02/13,0,251000,0,251000
2008/02/14,0,0,0,0
2008/02/15,0,1000,0,1000
2008/02/18,0,0,0,0
2008/02/19,0,0,-4000,-4000
2008/02/20,0,50000,0,50000
2008/02/21,0,0,0,0
2008/02/22,0,0,-161000,-161000
2008/02/25,0,0,0,0
2008/02/26,0,0,0,0
2008/02/27,0,1045000,-2000,1043000
2008/02/28,0,0,0,0
2008/02/29,0,0,0,0
2008/03/03,0,500000,-825000,-325000
2008/03/04,0,0,-24000,-24000
2008/03/05,0,0,-108000,-108000
2008/03/06,0,0,0,0
2008/03/07,0,0,0,0
2008/03/10,0,1000,0,1000
2008/03/11,0,1000,-155000,-154000
2008/03/12,0,1000,-19000,-18000
2008/03/13,0,0,0,0
2008/03/14,0,0,0,0
2008/03/17,0,1000,0,1000
2008/03/18,0,0,0,0
2008/03/19,0,1000,-108000,-107000
2008/03/20,0,20000,0,20000
2008/03/21,0,496000,0,496000
2008/03/24,0,1823000,-10000,1813000
2008/03/25,0,536000,-2000,534000
2008/03/26,0,365000,0,365000
2008/03/27,0,1459000,-2000,1457000
2008/03/28,0,1001000,0,1001000
2008/03/31,0,180000,-2000,178000
2008/04/01,0,81000,0,81000
2008/04/02,0,30000,-15000,15000
2008/04/03,0,551000,0,551000
2008/04/04,0,0,0,0
2008/04/07,0,90000,0,90000
2008/04/08,0,242000,0,242000
2008/04/09,0,1000,-9000,-8000
2008/04/10,0,0,0,0
2008/04/11,0,0,0,0
2008/04/14,0,0,0,0
2008/04/15,0,100000,0,100000
2008/04/16,0,0,-1000,-1000
2008/04/17,0,350000,-8000,342000
2008/04/18,0,5000,-2000,3000
2008/04/21,0,43000,0,43000
2008/04/22,0,0,-26000,-26000
2008/04/23,0,309000,-600000,-291000
2008/04/24,0,105000,-220000,-115000
2008/04/25,0,200000,0,200000
2008/04/28,0,702000,-90000,612000
2008/04/29,0,948000,-204000,744000
2008/04/30,0,853000,-4000,849000
2008/05/01,0,0,0,0
2008/05/02,0,1172000,0,1172000
2008/05/05,0,0,0,0
2008/05/06,0,1000,0,1000
2008/05/07,0,4000,-1000,3000
2008/05/08,0,4000,0,4000
2008/05/09,0,333000,-44000,289000
2008/05/12,0,1000,0,1000
2008/05/13,0,5000,-9000,-4000
2008/05/14,0,1000,-150000,-149000
2008/05/15,0,30000,0,30000
2008/05/16,0,0,0,0
2008/05/19,0,7000,-67000,-60000
2008/05/20,0,1050000,-1000,1049000
2008/05/21,0,1630000,0,1630000
2008/05/22,0,1000,-810000,-809000
2008/05/23,0,0,0,0
2008/05/26,0,404000,0,404000
2008/05/27,0,16000,-2000,14000
2008/05/28,0,2000,0,2000
2008/05/29,0,1000,-35000,-34000
2008/05/30,0,0,-7000,-7000
2008/06/02,0,1000,0,1000
2008/06/03,0,7000,0,7000
2008/06/04,0,351000,0,351000
2008/06/05,0,0,0,0
2008/06/06,0,92000,0,92000
2008/06/09,0,93000,0,93000
2008/06/10,0,90000,0,90000
2008/06/11,0,401000,0,401000
2008/06/12,0,314000,0,314000
2008/06/13,0,281000,0,281000
2008/06/16,0,0,-2000,-2000
2008/06/17,0,12000,-20000,-8000
2008/06/18,0,0,0,0
2008/06/19,0,0,-1000,-1000
2008/06/20,0,0,-2000,-2000
2008/06/23,0,2000,0,2000
2008/06/24,0,3000,-35000,-32000
2008/06/25,0,0,0,0
2008/06/26,0,360000,-7000,353000
2008/06/27,0,14000,0,14000
2008/06/30,0,3000,0,3000
2008/07/01,0,19000,0,19000
2008/07/02,0,0,-1000,-1000
2008/07/03,0,19000,0,19000
2008/07/04,0,3000,0,3000
2008/07/07,0,3000,0,3000
2008/07/08,0,0,0,0
2008/07/09,0,0,-1000,-1000
2008/07/10,0,0,0,0
2008/07/11,0,22000,-3000,19000
2008/07/14,0,1000,0,1000
2008/07/15,0,1000,0,1000
2008/07/16,0,33000,0,33000
2008/07/17,0,1000,0,1000
2008/07/18,0,0,-14000,-14000
2008/07/21,0,210000,0,210000
2008/07/22,0,1000,0,1000
2008/07/23,0,11000,-4000,7000
2008/07/24,0,560000,-25000,535000
2008/07/25,0,0,-5320,-5320
2008/07/28,0,0,0,0
2008/07/29,0,1000,-42000,-41000
2008/07/30,0,1000,0,1000
2008/07/31,0,700000,0,700000
2008/08/01,0,1000,0,1000
2008/08/04,0,0,0,0
2008/08/05,0,0,0,0
2008/08/06,0,441000,0,441000
2008/08/07,0,1286000,0,1286000
2008/08/08,0,323000,0,323000
2008/08/11,0,1000,-700000,-699000
2008/08/12,0,100000,-3000,97000
2008/08/13,0,0,-480000,-480000
2008/08/14,0,0,-4000,-4000
2008/08/15,0,0,0,0
2008/08/18,0,1000,0,1000
2008/08/19,0,331000,-1000,330000
2008/08/20,0,0,-1000,-1000
2008/08/21,0,101000,-84000,17000
2008/08/22,0,0,0,0
2008/08/25,0,11000,-440000,-429000
2008/08/26,0,1000,-1000,0
2008/08/27,0,0,-450000,-450000
2008/08/28,0,0,0,0
2008/08/29,0,0,-3000,-3000
2008/09/01,0,1000,-100000,-99000
2008/09/02,0,1000,-7000,-6000
2008/09/03,0,167000,-140000,27000
2008/09/04,0,833000,0,833000
2008/09/05,0,2000,0,2000
2008/09/08,0,5000,0,5000
2008/09/09,0,188000,-71000,117000
2008/09/10,0,3000,0,3000
2008/09/11,0,120000,0,120000
2008/09/12,0,0,0,0
2008/09/15,0,0,-67000,-67000
2008/09/16,0,31000,0,31000
2008/09/17,0,26000,-231000,-205000
2008/09/18,0,1000,0,1000
2008/09/19,0,60000,-1250000,-1190000
2008/09/22,0,0,0,0
2008/09/23,0,0,-94000,-94000
2008/09/24,0,0,-1000,-1000
2008/09/25,0,73000,-2000,71000
2008/09/26,0,9000,0,9000
2008/09/29,0,0,0,0
2008/09/30,0,0,-100000,-100000
2008/10/01,0,7000,-1000,6000
2008/10/02,0,0,-240,-240
2008/10/03,0,0,-1000,-1000
2008/10/06,0,2000,-2000,0
2008/10/07,0,0,-2000,-2000
2008/10/08,0,0,-301000,-301000
2008/10/09,0,6000,-800800,-794800
2008/10/10,0,0,0,0
2008/10/13,0,0,0,0
2008/10/14,0,0,-1275014,-1275014
2008/10/15,0,4000,0,4000
2008/10/16,0,3000,0,3000
2008/10/17,0,0,-691000,-691000
2008/10/20,0,0,-589000,-589000
2008/10/21,0,0,-919000,-919000
2008/10/22,0,0,0,0
2008/10/23,0,0,0,0
2008/10/24,0,0,-4420,-4420
2008/10/27,0,50000,-15000,35000
2008/10/28,0,0,-4000,-4000
2008/10/29,0,100000,-2000,98000
2008/10/30,0,98000,0,98000
2008/10/31,0,3000,-20000,-17000
2008/11/03,0,1000,-10000,-9000
2008/11/04,0,625000,0,625000
2008/11/05,0,1000,-147000,-146000
2008/11/06,0,1000,-98000,-97000
2008/11/07,0,0,0,0
2008/11/10,0,300000,0,300000
2008/11/11,0,1000,-26000,-25000
2008/11/12,0,0,-238000,-238000
2008/11/13,0,0,0,0
2008/11/14,0,1000,-29000,-28000
2008/11/17,0,4000,0,4000
2008/11/18,0,0,-201400,-201400
2008/11/19,0,0,-451000,-451000
2008/11/20,0,0,-329000,-329000
2008/11/21,0,0,0,0
2008/11/24,0,1000,-317000,-316000
2008/11/25,0,1000,-150000,-149000
2008/11/26,0,2000,-300920,-298920
2008/11/27,0,5000,0,5000
2008/11/28,0,100000,0,100000
2008/12/01,0,34000,0,34000
2008/12/02,0,0,0,0
2008/12/03,0,66000,-300000,-234000
2008/12/04,0,31000,-720,30280
2008/12/05,0,0,0,0
2008/12/08,0,0,0,0
2008/12/09,0,9000,-300000,-291000
2008/12/10,0,50000,0,50000
2008/12/11,0,72000,0,72000
2008/12/12,0,900000,-6000,894000
2008/12/15,0,253000,0,253000
2008/12/16,0,1915000,-172000,1743000
2008/12/17,0,1040000,-100000,940000
2008/12/18,0,2000,-2000,0
2008/12/19,0,10000,0,10000
2008/12/22,0,2000,-16000,-14000
2008/12/23,0,0,0,0
2008/12/24,0,0,-571000,-571000
2008/12/25,0,150000,-307000,-157000
2008/12/26,0,185000,-153000,32000
2008/12/29,0,0,0,0
2008/12/30,0,0,0,0
2008/12/31,0,150000,0,150000
2009/01/01,0,0,0,0
2009/01/02,0,0,0,0
2009/01/05,0,0,-150000,-150000
2009/01/06,0,30000,-1300000,-1270000
2009/01/07,0,1000,-62000,-61000
2009/01/08,0,0,-300000,-300000
2009/01/09,0,1000,0,1000
2009/01/12,0,1000,-100000,-99000
2009/01/13,0,1000,-152580,-151580
2009/01/14,0,0,0,0
2009/01/15,0,0,-203000,-203000
2009/01/16,0,1000,-300000,-299000
2009/01/19,0,1726000,-5000,1721000
2009/01/20,0,362000,-149000,213000
2009/01/21,0,0,0,0
2009/01/22,0,0,0,0
2009/01/23,0,0,0,0
2009/01/26,0,0,0,0
2009/01/27,0,0,0,0
2009/01/28,0,0,0,0
2009/01/29,0,0,0,0
2009/01/30,0,0,0,0
2009/02/02,0,0,0,0
2009/02/03,0,56000,-588000,-532000
2009/02/04,0,0,-863000,-863000
2009/02/05,0,0,-850000,-850000
2009/02/06,0,1000,-190000,-189000
2009/02/09,0,200000,0,200000
2009/02/10,0,1361000,0,1361000
2009/02/11,0,898000,-1000,897000
2009/02/12,0,4350000,-2000,4348000
2009/02/13,0,250000,0,250000
2009/02/16,0,2080000,0,2080000
2009/02/17,0,1174000,0,1174000
2009/02/18,0,658000,0,658000
2009/02/19,0,629000,0,629000
2009/02/20,0,250000,-1000,249000
2009/02/23,0,0,-250000,-250000
2009/02/24,0,0,0,0
2009/02/25,0,0,-820000,-820000
2009/02/26,0,0,-750000,-750000
2009/02/27,0,0,-600000,-600000
2009/03/02,0,36000,0,36000
2009/03/03,0,0,0,0
2009/03/04,0,821000,0,821000
2009/03/05,0,4590000,-600000,3990000
2009/03/06,0,705000,-12000,693000
2009/03/09,0,300000,-697000,-397000
2009/03/10,0,182000,-185000,-3000
2009/03/11,0,175000,-100000,75000
2009/03/12,0,203000,-4000,199000
2009/03/13,0,104000,-56000,48000
2009/03/16,0,1000,-1105000,-1104000
2009/03/17,0,0,-1445000,-1445000
2009/03/18,0,200000,-692040,-492040
2009/03/19,0,0,-259000,-259000
2009/03/20,0,400000,-1341000,-941000
2009/03/23,0,0,-580000,-580000
2009/03/24,0,150000,-4000,146000
2009/03/25,0,112000,-1141000,-1029000
2009/03/26,0,0,-925000,-925000
2009/03/27,0,1200000,-1115000,85000
2009/03/30,0,0,-1159000,-1159000
2009/03/31,0,0,-959960,-959960
2009/04/01,0,0,-310000,-310000
2009/04/02,0,0,-474000,-474000
2009/04/03,0,1926000,-1000,1925000
2009/04/06,0,0,-1000,-1000
2009/04/07,0,2000,-650000,-648000
2009/04/08,0,1000000,-175000,825000
2009/04/09,0,0,-235000,-235000
2009/04/10,0,0,0,0
2009/04/13,0,25000,-467000,-442000
2009/04/14,0,0,-83000,-83000
2009/04/15,0,0,-110000,-110000
2009/04/16,0,0,-633000,-633000
2009/04/17,0,100000,-4000,96000
2009/04/20,0,0,0,0
2009/04/21,0,1000,-557000,-556000
2009/04/22,0,0,0,0
2009/04/23,0,0,0,0
2009/04/24,0,0,-149000,-149000
2009/04/27,0,1000,-242000,-241000
2009/04/28,0,0,-5000,-5000
2009/04/29,0,0,-352000,-352000
2009/04/30,0,0,-6000,-6000
2009/05/01,0,0,0,0
2009/05/04,0,19000,0,19000
2009/05/05,0,256000,-829000,-573000
2009/05/06,0,0,-1075000,-1075000
2009/05/07,0,15000,-204000,-189000
2009/05/08,0,0,-312000,-312000
2009/05/11,0,18000,-1000000,-982000
2009/05/12,0,1000,-80000,-79000
2009/05/13,0,11000,-350000,-339000
2009/05/14,0,0,0,0
2009/05/15,0,20000,0,20000
2009/05/18,0,16000,-540360,-524360
2009/05/19,0,0,-150000,-150000
2009/05/20,0,20000,-1000,19000
2009/05/21,0,8000,-1300000,-1292000
2009/05/22,0,9000,-1477000,-1468000
2009/05/25,0,549000,-11000,538000
2009/05/26,0,0,-16000,-16000
2009/05/27,0,0,-16000,-16000
2009/05/28,0,0,0,0
2009/05/29,0,0,0,0
2009/06/01,0,0,-10000,-10000
2009/06/02,0,0,-160000,-160000
2009/06/03,0,0,-469480,-469480
2009/06/04,0,0,-500000,-500000
2009/06/05,0,180000,0,180000
2009/06/08,0,0,-61000,-61000
2009/06/09,0,0,-39000,-39000
2009/06/10,0,0,-24000,-24000
2009/06/11,0,1000,0,1000
2009/06/12,0,0,0,0
2009/06/15,0,41000,0,41000
2009/06/16,0,252000,0,252000
2009/06/17,0,2000,-309000,-307000
2009/06/18,0,1000,0,1000
2009/06/19,0,11000,0,11000
2009/06/22,0,2000,0,2000
2009/06/23,0,0,-4000,-4000
2009/06/24,0,1000,-1000,0
2009/06/25,0,0,0,0
2009/06/26,0,0,0,0
2009/06/29,0,0,0,0
2009/06/30,0,0,0,0
2009/07/01,0,1000,0,1000
2009/07/02,0,0,0,0
2009/07/03,0,0,-2000,-2000
2009/07/06,0,0,-385000,-385000
2009/07/07,0,901000,0,901000
2009/07/08,0,500000,-440000,60000
2009/07/09,0,573000,0,573000
2009/07/10,0,128000,-1000,127000
2009/07/13,0,0,-41000,-41000
2009/07/14,0,0,-4000,-4000
2009/07/15,0,0,0,0
2009/07/16,0,120000,0,120000
2009/07/17,0,900000,-545000,355000
2009/07/20,0,427000,-270000,157000
2009/07/21,0,600000,-2000,598000
2009/07/22,0,277000,0,277000
2009/07/23,0,2769000,-1000,2768000
2009/07/24,0,3515000,-1000,3514000
2009/07/27,0,0,-120000,-120000
2009/07/28,0,184000,0,184000
2009/07/29,0,0,0,0
2009/07/30,0,0,-1071000,-1071000
2009/07/31,0,0,0,0
2009/08/03,0,0,0,0
2009/08/04,0,550000,0,550000
2009/08/05,0,0,0,0
2009/08/06,0,0,0,0
2009/08/07,0,0,0,0
2009/08/10,0,2000,-1000,1000
2009/08/11,0,1000,0,1000
2009/08/12,0,0,0,0
2009/08/13,0,0,0,0
2009/08/14,0,1521000,0,1521000
2009/08/17,0,900000,-1000,899000
2009/08/18,0,1011000,-240000,771000
2009/08/19,0,93000,0,93000
2009/08/20,0,22000,0,22000
2009/08/21,0,0,0,0
2009/08/24,0,101000,0,101000
2009/08/25,0,77000,0,77000
2009/08/26,0,0,-583000,-583000
2009/08/27,0,1000,0,1000
2009/08/28,0,0,0,0
2009/08/31,0,1000,0,1000
2009/09/01,0,652000,-426000,226000
2009/09/02,0,0,-304000,-304000
2009/09/03,0,0,-271000,-271000
2009/09/04,0,0,-201000,-201000
2009/09/07,0,0,-391000,-391000
2009/09/08,0,0,0,0
2009/09/09,0,117000,-240000,-123000
2009/09/10,0,0,-110000,-110000
2009/09/11,0,0,0,0
2009/09/14,0,0,-564000,-564000
2009/09/15,0,0,0,0
2009/09/16,0,0,-230000,-230000
2009/09/17,0,0,-177000,-177000
2009/09/18,0,0,-11000,-11000
2009/09/21,0,0,-14000,-14000
2009/09/22,0,0,0,0
2009/09/23,0,0,-130000,-130000
2009/09/24,0,0,-80000,-80000
2009/09/25,0,0,-35000,-35000
2009/09/28,0,0,0,0
2009/09/29,0,1000,-7000,-6000
2009/09/30,0,0,-588000,-588000
2009/10/01,0,0,0,0
2009/10/02,0,0,-214000,-214000
2009/10/05,0,0,-691000,-691000
2009/10/06,0,0,0,0
2009/10/07,0,0,0,0
2009/10/08,0,0,0,0
2009/10/09,0,0,-112000,-112000
2009/10/12,0,0,-3080,-3080
2009/10/13,0,1000,-326000,-325000
2009/10/14,0,1052000,-118000,934000
2009/10/15,0,827000,-91000,736000
2009/10/16,0,1136000,-3000,1133000
2009/10/19,0,6000,-7000,-1000
2009/10/20,0,0,0,0
2009/10/21,0,500000,-1206960,-706960
2009/10/22,0,0,-789000,-789000
2009/10/23,0,0,-240000,-240000
2009/10/26,0,0,-107000,-107000
2009/10/27,0,425000,-480000,-55000
2009/10/28,0,76000,0,76000
2009/10/29,0,498000,-442600,55400
2009/10/30,0,330000,0,330000
2009/11/02,0,1000,-7280,-6280
2009/11/03,0,170000,-260668,-90668
2009/11/04,0,1000,0,1000
2009/11/05,0,301000,0,301000
2009/11/06,0,0,0,0
2009/11/09,0,1000,0,1000
2009/11/10,0,0,0,0
2009/11/11,0,0,-7000,-7000
2009/11/12,0,0,0,0
2009/11/13,0,5000,-2000,3000
2009/11/16,0,300000,0,300000
2009/11/17,0,0,0,0
2009/11/18,0,250000,-1000,249000
2009/11/19,0,466000,0,466000
2009/11/20,0,640000,-1000,639000
2009/11/23,0,330000,-5000,325000
2009/11/24,0,200000,0,200000
2009/11/25,0,0,-150000,-150000
2009/11/26,0,500000,-172000,328000
2009/11/27,0,200000,0,200000
2009/11/30,0,250000,-2000,248000
2009/12/01,0,300000,0,300000
2009/12/02,0,0,0,0
2009/12/03,0,0,0,0
2009/12/04,0,0,-458000,-458000
2009/12/07,0,0,-540000,-540000
2009/12/08,0,0,0,0
2009/12/09,0,0,-162920,-162920
2009/12/10,0,200000,-591000,-391000
2009/12/11,0,501000,-558160,-57160
2009/12/14,0,200000,-750000,-550000
2009/12/15,0,700000,0,700000
2009/12/16,0,0,-1000,-1000
2009/12/17,0,250000,0,250000
2009/12/18,0,1000,0,1000
2009/12/21,0,250000,-78520,171480
2009/12/22,0,0,0,0
2009/12/23,0,752000,0,752000
2009/12/24,0,0,0,0
2009/12/25,0,0,-1000,-1000
2009/12/28,0,15000,0,15000
2009/12/29,0,931000,0,931000
2009/12/30,0,74000,0,74000
2009/12/31,0,250000,-295000,-45000
2010/01/01,0,0,0,0
2010/01/04,0,4000,-1537000,-1533000
2010/01/05,0,250000,-2311498,-2061498
2010/01/06,0,0,-100000,-100000
2010/01/07,0,0,-2000,-2000
2010/01/08,0,0,-3000,-3000
2010/01/11,0,0,-781000,-781000
2010/01/12,0,0,-3000,-3000
2010/01/13,0,0,-250000,-250000
2010/01/14,0,500000,-284000,216000
2010/01/15,0,805000,-1024172,-219172
2010/01/18,0,0,-62235,-62235
2010/01/19,0,786000,0,786000
2010/01/20,0,156000,-3000,153000
2010/01/21,0,0,-555000,-555000
2010/01/22,0,0,0,0
2010/01/25,0,0,-4000,-4000
2010/01/26,0,0,0,0
2010/01/27,0,12000,0,12000
2010/01/28,0,4000,0,4000
2010/01/29,0,4000,0,4000
2010/02/01,0,6000,0,6000
2010/02/02,0,0,0,0
2010/02/03,0,2000,-85000,-83000
2010/02/04,0,2000,0,2000
2010/02/05,0,3000,0,3000
2010/02/08,0,5000,0,5000
2010/02/09,0,1025000,0,1025000
2010/02/10,0,2946000,0,2946000
2010/02/11,0,0,0,0
2010/02/12,0,0,0,0
2010/02/15,0,0,0,0
2010/02/16,0,0,0,0
2010/02/17,0,0,0,0
2010/02/18,0,0,0,0
2010/02/19,0,0,0,0
2010/02/22,0,3000,0,3000
2010/02/23,0,6000,-100000,-94000
2010/02/24,0,0,0,0
2010/02/25,0,0,0,0
2010/02/26,0,3000,-70000,-67000
2010/03/01,0,3000,0,3000
2010/03/02,0,0,-76000,-76000
2010/03/03,0,0,0,0
2010/03/04,0,0,-3000,-3000
2010/03/05,0,0,0,0
2010/03/08,0,0,-217000,-217000
2010/03/09,0,300000,0,300000
2010/03/10,0,0,-4000,-4000
2010/03/11,0,0,-354000,-354000
2010/03/12,0,0,-268000,-268000
2010/03/15,0,0,0,0
2010/03/16,0,758000,0,758000
2010/03/17,0,2000,0,2000
2010/03/18,0,0,-1000,-1000
2010/03/19,0,0,-96000,-96000
2010/03/22,0,0,-1000,-1000
2010/03/23,0,0,-2000,-2000
2010/03/24,0,0,0,0
2010/03/25,0,79000,-1000,78000
2010/03/26,0,0,0,0
2010/03/29,0,2000,0,2000
2010/03/30,0,0,-235000,-235000
2010/03/31,0,0,-1000,-1000
2010/04/01,0,0,-60000,-60000
2010/04/02,0,0,-1000,-1000
2010/04/05,0,0,0,0
2010/04/06,0,168000,-1000,167000
2010/04/07,0,120000,0,120000
2010/04/08,0,0,0,0
2010/04/09,0,110000,0,110000
2010/04/12,0,1370000,-1000,1369000
2010/04/13,0,1240000,-1000,1239000
2010/04/14,0,0,-2000,-2000
2010/04/15,0,500000,-1000,499000
2010/04/16,0,1252000,-1000,1251000
2010/04/19,0,439000,0,439000
2010/04/20,0,100000,-130000,-30000
2010/04/21,0,0,-268000,-268000
2010/04/22,0,650000,0,650000
2010/04/23,0,0,0,0
2010/04/26,0,0,0,0
2010/04/27,0,0,0,0
2010/04/28,0,36000,-1000,35000
2010/04/29,0,0,0,0
2010/04/30,0,0,-97000,-97000
2010/05/03,0,0,-22000,-22000
2010/05/04,0,0,0,0
2010/05/05,0,0,0,0
2010/05/06,0,0,0,0
2010/05/07,0,2000,0,2000
2010/05/10,0,201000,0,201000
2010/05/11,0,1000,0,1000
2010/05/12,0,0,0,0
2010/05/13,0,1000,0,1000
2010/05/14,0,2000,-100000,-98000
2010/05/17,0,0,-231000,-231000
2010/05/18,0,0,-670000,-670000
2010/05/19,0,0,-472000,-472000
2010/05/20,0,2000,-481000,-479000
2010/05/21,0,0,-400000,-400000
2010/05/24,0,0,0,0
2010/05/25,0,80000,0,80000
2010/05/26,0,1000,-300000,-299000
2010/05/27,0,2000,0,2000
2010/05/28,0,0,0,0
2010/05/31,0,1150000,-300000,850000
2010/06/01,0,29000,-300000,-271000
2010/06/02,0,0,0,0
2010/06/03,0,0,0,0
2010/06/04,0,50000,0,50000
2010/06/07,0,0,0,0
2010/06/08,0,1000,0,1000
2010/06/09,0,0,0,0
2010/06/10,0,2000,0,2000
2010/06/11,0,0,0,0
2010/06/14,0,1000,0,1000
2010/06/15,0,295000,0,295000
2010/06/16,0,0,0,0
2010/06/17,0,0,0,0
2010/06/18,0,0,-45000,-45000
2010/06/21,0,0,-350000,-350000
2010/06/22,0,0,-200000,-200000
2010/06/23,0,0,-651000,-651000
2010/06/24,0,0,-241000,-241000
2010/06/25,0,0,-63000,-63000
2010/06/28,0,0,-430000,-430000
2010/06/29,0,2000,-150440,-148440
2010/06/30,0,0,0,0
2010/07/01,0,0,-297000,-297000
2010/07/02,0,0,-610000,-610000
2010/07/05,0,0,-405000,-405000
2010/07/06,0,2000,-500000,-498000
2010/07/07,0,0,-2000000,-2000000
2010/07/08,0,0,-904000,-904000
2010/07/09,0,0,0,0
2010/07/12,0,0,-250000,-250000
2010/07/13,0,0,-462000,-462000
2010/07/14,0,0,0,0
2010/07/15,0,0,-251000,-251000
2010/07/16,0,0,-250000,-250000
2010/07/19,0,43000,0,43000
2010/07/20,0,0,0,0
2010/07/21,0,0,-433000,-433000
2010/07/22,0,0,-533000,-533000
2010/07/23,0,0,-234000,-234000
2010/07/26,0,0,-171000,-171000
2010/07/27,0,0,-1250000,-1250000
2010/07/28,0,0,-800000,-800000
2010/07/29,0,0,-500000,-500000
2010/07/30,0,0,-1256000,-1256000
2010/08/02,0,0,-1552000,-1552000
2010/08/03,0,0,-1269000,-1269000
2010/08/04,0,0,-1506000,-1506000
2010/08/05,0,0,-1196000,-1196000
2010/08/06,0,0,-1192000,-1192000
2010/08/09,0,0,0,0
2010/08/10,0,0,0,0
2010/08/11,0,0,-481,-481
2010/08/12,0,0,-8000,-8000
2010/08/13,0,0,-303000,-303000
2010/08/16,0,0,-2000,-2000
2010/08/17,0,1000,0,1000
2010/08/18,0,0,-1000,-1000
2010/08/19,0,0,-1000,-1000
2010/08/20,0,0,-1000,-1000
2010/08/23,0,0,0,0
2010/08/24,0,0,-3000,-3000
2010/08/25,0,0,-3000,-3000
2010/08/26,0,18000,0,18000
2010/08/27,0,1000,0,1000
2010/08/30,0,3000,-200000,-197000
2010/08/31,0,0,0,0
2010/09/01,0,0,0,0
2010/09/02,0,2000,0,2000
2010/09/03,0,2000,0,2000
2010/09/06,0,0,0,0
2010/09/07,0,0,0,0
2010/09/08,0,0,-79000,-79000
2010/09/09,0,0,0,0
2010/09/10,0,0,0,0
2010/09/13,0,0,0,0
2010/09/14,0,0,-481000,-481000
2010/09/15,0,87000,0,87000
2010/09/16,0,100000,-7000,93000
2010/09/17,0,0,-3000,-3000
2010/09/20,0,0,-2000,-2000
2010/09/21,0,0,-3000,-3000
2010/09/22,0,0,0,0
2010/09/23,0,0,-3000,-3000
2010/09/24,0,0,-3000,-3000
2010/09/27,0,0,-2000,-2000
2010/09/28,0,0,0,0
2010/09/29,0,0,0,0
2010/09/30,0,0,-8000,-8000
2010/10/01,0,0,0,0
2010/10/04,0,0,0,0
2010/10/05,0,0,0,0
2010/10/06,0,0,-1000,-1000
2010/10/07,0,0,0,0
2010/10/08,0,0,0,0
2010/10/11,0,0,0,0
2010/10/12,0,0,-1561000,-1561000
2010/10/13,0,10000,-1034598,-1024598
2010/10/14,0,3000,-603196,-600196
2010/10/15,0,0,-387000,-387000
2010/10/18,0,0,-9000,-9000
2010/10/19,0,5000,-260000,-255000
2010/10/20,0,0,0,0
2010/10/21,0,0,-6000,-6000
2010/10/22,0,0,-300000,-300000
2010/10/25,0,0,0,0
2010/10/26,0,0,-361000,-361000
2010/10/27,0,2000,-78000,-76000
2010/10/28,0,0,-832000,-832000
2010/10/29,0,0,0,0
2010/11/01,0,0,-474000,-474000
2010/11/02,0,0,-929000,-929000
2010/11/03,0,0,-219000,-219000
2010/11/04,0,0,0,0
2010/11/05,0,0,-132000,-132000
2010/11/08,0,0,0,0
2010/11/09,0,4000,-1329000,-1325000
2010/11/10,0,0,-821869,-821869
2010/11/11,0,3000,0,3000
2010/11/12,0,0,-1000,-1000
2010/11/15,0,0,-1000,-1000
2010/11/16,0,2000,0,2000
2010/11/17,0,0,-500000,-500000
2010/11/18,0,0,-130000,-130000
2010/11/19,0,101000,-446000,-345000
2010/11/22,0,0,0,0
2010/11/23,0,0,0,0
2010/11/24,0,100000,-300000,-200000
2010/11/25,0,100000,-415000,-315000
2010/11/26,0,0,-405000,-405000
2010/11/29,0,0,-141985,-141985
2010/11/30,0,0,-1000,-1000
2010/12/01,0,300000,-4000,296000
2010/12/02,0,0,-5000,-5000
2010/12/03,0,0,-4000,-4000
2010/12/06,0,0,-10000,-10000
2010/12/07,0,0,0,0
2010/12/08,0,200000,-3000,197000
2010/12/09,0,200000,-2000,198000
2010/12/10,0,0,0,0
2010/12/13,0,0,-1000,-1000
2010/12/14,0,0,-1000,-1000
2010/12/15,0,0,-3000,-3000
2010/12/16,0,0,-361000,-361000
2010/12/17,0,0,-630000,-630000
2010/12/20,0,0,-1000,-1000
2010/12/21,0,0,-300000,-300000
2010/12/22,0,1000,-500000,-499000
2010/12/23,0,0,-300000,-300000
2010/12/24,0,0,-192000,-192000
2010/12/27,0,0,-1000,-1000
2010/12/28,0,0,-20000,-20000
2010/12/29,0,0,-281000,-281000
2010/12/30,0,0,-89000,-89000
2010/12/31,0,0,-500000,-500000
2011/01/03,0,0,0,0
2011/01/04,0,0,0,0
2011/01/05,0,2000,-33000,-31000
2011/01/06,0,0,-156000,-156000
2011/01/07,0,0,-103000,-103000
2011/01/10,0,0,-301028,-301028
2011/01/11,0,0,-462000,-462000
2011/01/12,0,0,0,0
2011/01/13,0,0,0,0
2011/01/14,0,0,-1000,-1000
2011/01/17,0,0,0,0
2011/01/18,0,0,0,0
2011/01/19,0,0,-3000,-3000
2011/01/20,0,0,-1000,-1000
2011/01/21,0,0,-1000,-1000
2011/01/24,0,0,0,0
2011/01/25,0,1000,0,1000
2011/01/26,0,0,0,0
2011/01/27,0,0,0,0
2011/01/28,0,0,-2000,-2000
2011/01/31,0,0,0,0
2011/02/01,0,0,0,0
2011/02/02,0,0,0,0
2011/02/03,0,0,0,0
2011/02/04,0,0,0,0
2011/02/07,0,0,0,0
2011/02/08,0,0,0,0
2011/02/09,0,0,0,0
2011/02/10,0,0,-1000,-1000
2011/02/11,0,3000,0,3000
2011/02/14,0,0,0,0
2011/02/15,0,2000,0,2000
2011/02/16,0,0,0,0
2011/02/17,0,0,0,0
2011/02/18,0,0,0,0
2011/02/21,0,0,-1000,-1000
2011/02/22,0,0,-200000,-200000
2011/02/23,0,0,-214000,-214000
2011/02/24,0,1000,-300000,-299000
2011/02/25,0,1000,-300000,-299000
2011/02/28,0,0,0,0
2011/03/01,0,0,0,0
2011/03/02,0,0,0,0
2011/03/03,0,0,0,0
2011/03/04,0,0,0,0
2011/03/07,0,0,0,0
2011/03/08,0,0,0,0
2011/03/09,0,19000,0,19000
2011/03/10,0,0,0,0
2011/03/11,0,0,0,0
2011/03/14,0,2000,0,2000
2011/03/15,0,20000,0,20000
2011/03/16,0,0,0,0
2011/03/17,0,0,-34000,-34000
2011/03/18,0,0,0,0
2011/03/21,0,0,0,0
2011/03/22,0,0,0,0
2011/03/23,0,0,0,0
2011/03/24,0,0,0,0
2011/03/25,0,0,0,0
2011/03/28,0,0,0,0
2011/03/29,0,0,0,0
2011/03/30,0,0,-1000,-1000
2011/03/31,0,0,-22000,-22000
2011/04/01,0,0,0,0
2011/04/04,0,0,0,0
2011/04/05,0,0,0,0
2011/04/06,0,0,0,0
2011/04/07,0,0,0,0
2011/04/08,0,0,0,0
2011/04/11,0,0,0,0
2011/04/12,0,0,-1000,-1000
2011/04/13,0,0,0,0
2011/04/14,0,0,0,0
2011/04/15,0,0,0,0
2011/04/18,0,0,0,0
2011/04/19,0,1000,0,1000
2011/04/20,0,0,0,0
2011/04/21,0,0,0,0
2011/04/22,0,0,0,0
2011/04/25,0,0,-301000,-301000
2011/04/26,0,0,0,0
2011/04/27,0,62000,0,62000
2011/04/28,0,0,0,0
2011/04/29,0,0,0,0
2011/05/02,0,0,0,0
2011/05/03,0,0,0,0
2011/05/04,0,0,0,0
2011/05/05,0,0,0,0
2011/05/06,0,0,0,0
2011/05/09,0,0,0,0
2011/05/10,0,0,0,0
2011/05/11,0,0,0,0
2011/05/12,0,1000,0,1000
2011/05/13,0,0,0,0
2011/05/16,0,1000,0,1000
2011/05/17,0,0,0,0
2011/05/18,0,0,0,0
2011/05/19,0,0,0,0
2011/05/20,0,0,0,0
2011/05/23,0,0,0,0
2011/05/24,0,0,0,0
2011/05/25,0,0,0,0
2011/05/26,0,0,0,0
2011/05/27,0,0,0,0
2011/05/30,0,0,0,0
2011/05/31,0,0,0,0
2011/06/01,0,0,0,0
2011/06/02,0,0,0,0
2011/06/03,0,0,0,0
2011/06/06,0,0,0,0
2011/06/07,0,0,0,0
2011/06/08,0,0,0,0
2011/06/09,0,0,0,0
2011/06/10,0,0,0,0
2011/06/13,0,0,0,0
2011/06/14,0,1000,0,1000
2011/06/15,0,30000,0,30000
2011/06/16,0,0,0,0
2011/06/17,0,3000,0,3000
2011/06/20,0,1000,0,1000
2011/06/21,0,1000,0,1000
2011/06/22,0,1000,0,1000
2011/06/23,0,1000,0,1000
2011/06/24,0,1000,0,1000
2011/06/27,0,0,0,0
2011/06/28,0,2000,-5000,-3000
2011/06/29,0,5000,0,5000
2011/06/30,0,0,0,0
2011/07/01,0,1000,0,1000
2011/07/04,0,0,0,0
2011/07/05,0,0,-1000,-1000
2011/07/06,0,0,-2000,-2000
2011/07/07,0,0,0,0
2011/07/08,0,0,0,0
2011/07/11,0,0,0,0
2011/07/12,0,154000,0,154000
2011/07/13,0,2000,0,2000
2011/07/14,0,2000,0,2000
2011/07/15,0,2000,0,2000
2011/07/18,0,1000,0,1000
2011/07/19,0,1000,0,1000
2011/07/20,0,1000,0,1000
2011/07/21,0,0,0,0
2011/07/22,0,0,-82199,-82199
2011/07/25,0,0,-2000,-2000
2011/07/26,0,0,0,0
2011/07/27,0,0,-1000,-1000
2011/07/28,0,0,-2000,-2000
2011/07/29,0,0,0,0
2011/08/01,0,1000,0,1000
2011/08/02,0,0,0,0
2011/08/03,0,3000,0,3000
2011/08/04,0,6000,0,6000
2011/08/05,0,5000,0,5000
2011/08/08,0,4000,0,4000
2011/08/09,0,7000,0,7000
2011/08/10,0,10000,0,10000
2011/08/11,0,10000,-154000,-144000
2011/08/12,0,1000,0,1000
2011/08/15,0,2000,0,2000
2011/08/16,0,28000,0,28000
2011/08/17,0,1000,-1000,0
2011/08/18,0,1000,0,1000
2011/08/19,0,1000,0,1000
2011/08/22,0,1000,0,1000
2011/08/23,0,1000,0,1000
2011/08/24,0,0,0,0
2011/08/25,0,0,0,0
2011/08/26,0,7000,0,7000
2011/08/29,0,1000,0,1000
2011/08/30,0,0,0,0
2011/08/31,0,0,0,0
2011/09/01,0,0,0,0
2011/09/02,0,0,-2000,-2000
2011/09/05,0,0,-1000,-1000
2011/09/06,0,0,0,0
2011/09/07,0,3000,0,3000
2011/09/08,0,0,0,0
2011/09/09,0,0,0,0
2011/09/12,0,0,0,0
2011/09/13,0,113000,-1320,111680
2011/09/14,0,1000,-1000,0
2011/09/15,0,13000,-4000,9000
2011/09/16,0,0,0,0
2011/09/19,0,1000,0,1000
2011/09/20,0,0,0,0
2011/09/21,0,0,-6071,-6071
2011/09/22,0,0,0,0
2011/09/23,0,1000,0,1000
2011/09/26,0,5000,0,5000
2011/09/27,0,1000,0,1000
2011/09/28,0,0,0,0
2011/09/29,0,1000,0,1000
2011/09/30,0,0,0,0
2011/10/03,0,0,0,0
2011/10/04,0,2000,0,2000
2011/10/05,0,0,0,0
2011/10/06,0,0,-1000,-1000
2011/10/07,0,1000,0,1000
2011/10/10,0,0,0,0
2011/10/11,0,0,0,0
2011/10/12,0,0,0,0
2011/10/13,0,0,0,0
2011/10/14,0,3000,0,3000
2011/10/17,0,0,0,0
2011/10/18,0,36151,0,36151
2011/10/19,0,0,0,0
2011/10/20,0,0,0,0
2011/10/21,0,0,0,0
2011/10/24,0,2000,0,2000
2011/10/25,0,0,0,0
2011/10/26,0,0,0,0
2011/10/27,0,1000,0,1000
2011/10/28,0,2000,0,2000
2011/10/31,0,0,-1000,-1000
2011/11/01,0,0,-2000,-2000
2011/11/02,0,0,0,0
2011/11/03,0,1000,0,1000
2011/11/04,0,0,-2000,-2000
2011/11/07,0,0,0,0
2011/11/08,0,2000,0,2000
2011/11/09,0,0,0,0
2011/11/10,0,0,0,0
2011/11/11,0,0,0,0
2011/11/14,0,1000,-24736,-23736
2011/11/15,0,0,0,0
2011/11/16,0,0,0,0
2011/11/17,0,0,-1000,-1000
2011/11/18,0,1000,0,1000
2011/11/21,0,2000,0,2000
2011/11/22,0,1000,-1000,0
2011/11/23,0,3000,0,3000
2011/11/24,0,3000,0,3000
2011/11/25,0,4000,0,4000
2011/11/28,0,1000,0,1000
2011/11/29,0,1000,0,1000
2011/11/30,0,0,0,0
2011/12/01,0,0,-4000,-4000
2011/12/02,0,0,0,0
2011/12/05,0,0,-1000,-1000
2011/12/06,0,0,0,0
2011/12/07,0,0,0,0
2011/12/08,0,0,0,0
2011/12/09,0,2392,0,2392
2011/12/12,0,0,0,0
2011/12/13,0,0,-104000,-104000
2011/12/14,0,0,-33000,-33000
2011/12/15,0,220000,-34000,186000
2011/12/16,0,0,0,0
2011/12/19,0,0,0,0
2011/12/20,0,202000,0,202000
2011/12/21,0,120000,0,120000
2011/12/22,0,1000,0,1000
2011/12/23,0,80000,-1000,79000
2011/12/26,0,200000,0,200000
2011/12/27,0,2000,0,2000
2011/12/28,0,0,-1000,-1000
2011/12/29,0,0,0,0
2011/12/30,0,0,-1000,-1000
2012/01/02,0,2000,0,2000
2012/01/03,0,0,-3000,-3000
2012/01/04,0,100000,0,100000
2012/01/05,0,8119,0,8119
2012/01/06,0,170000,-1000,169000
2012/01/09,0,0,0,0
2012/01/10,0,0,0,0
2012/01/11,0,0,-1000,-1000
2012/01/12,0,0,-2000,-2000
2012/01/13,0,200000,-4000,196000
2012/01/16,0,0,0,0
2012/01/17,0,0,-2000,-2000
2012/01/18,0,0,-2000,-2000
2012/01/19,0,0,0,0
2012/01/20,0,0,0,0
2012/01/23,0,0,0,0
2012/01/24,0,0,0,0
2012/01/25,0,0,0,0
2012/01/26,0,0,0,0
2012/01/27,0,0,0,0
2012/01/30,0,0,-4000,-4000
2012/01/31,0,0,0,0
2012/02/01,0,0,-2000,-2000
2012/02/02,0,0,-1000,-1000
2012/02/03,0,0,-1000,-1000
2012/02/06,0,0,-2000,-2000
2012/02/07,0,0,0,0
2012/02/08,0,0,-2000,-2000
2012/02/09,0,0,-6689,-6689
2012/02/10,0,0,-1000,-1000
2012/02/13,0,0,0,0
2012/02/14,0,0,-2000,-2000
2012/02/15,0,0,-1000,-1000
2012/02/16,0,0,0,0
2012/02/17,0,1000,0,1000
2012/02/20,0,0,-1000,-1000
2012/02/21,0,0,0,0
2012/02/22,0,0,0,0
2012/02/23,0,0,0,0
2012/02/24,0,0,-3000,-3000
2012/02/27,0,0,0,0
2012/02/28,0,0,0,0
2012/02/29,0,0,-1000,-1000
2012/03/01,0,0,0,0
2012/03/02,0,0,-2000,-2000
2012/03/05,0,0,0,0
2012/03/06,0,0,0,0
2012/03/07,0,0,-1000,-1000
2012/03/08,0,0,-3312,-3312
2012/03/09,0,0,0,0
2012/03/12,0,0,0,0
2012/03/13,0,68000,-1000,67000
2012/03/14,0,3000,-8000,-5000
2012/03/15,0,0,-8000,-8000
2012/03/16,0,0,-1000,-1000
2012/03/19,0,0,0,0
2012/03/20,0,0,-1000,-1000
2012/03/21,0,0,0,0
2012/03/22,0,0,0,0
2012/03/23,0,0,0,0
2012/03/26,0,0,0,0
2012/03/27,0,0,0,0
2012/03/28,0,0,0,0
2012/03/29,0,0,0,0
2012/03/30,0,0,-1000,-1000
2012/04/02,0,0,-68000,-68000
2012/04/03,0,0,0,0
2012/04/04,0,0,0,0
2012/04/05,0,0,-9224,-9224
2012/04/06,0,0,0,0
2012/04/09,0,0,-1000,-1000
2012/04/10,0,0,0,0
2012/04/11,0,0,0,0
2012/04/12,0,0,0,0
2012/04/13,0,0,0,0
2012/04/16,0,14000,0,14000
2012/04/17,0,0,0,0
2012/04/18,0,0,0,0
2012/04/19,0,3000,0,3000
2012/04/20,0,0,0,0
2012/04/23,0,1000,0,1000
2012/04/24,0,1000,0,1000
2012/04/25,0,0,0,0
2012/04/26,0,0,0,0
2012/04/27,0,0,0,0
2012/04/30,0,0,0,0
2012/05/01,0,0,0,0
2012/05/02,0,6000,0,6000
2012/05/03,0,7163,0,7163
2012/05/04,0,0,-1000,-1000
2012/05/07,0,0,0,0
2012/05/08,0,0,0,0
2012/05/09,0,0,0,0
2012/05/10,0,0,0,0
2012/05/11,0,0,0,0
2012/05/14,0,0,0,0
2012/05/15,0,4000,0,4000
2012/05/16,0,65000,0,65000
2012/05/17,0,0,0,0
2012/05/18,0,0,0,0
2012/05/21,0,0,0,0
2012/05/22,0,0,0,0
2012/05/23,0,0,-2000,-2000
2012/05/24,0,0,0,0
2012/05/25,0,5000,0,5000
2012/05/28,0,0,0,0
2012/05/29,0,1000,0,1000
2012/05/30,0,0,-9340,-9340
2012/05/31,0,0,0,0
2012/06/01,0,0,0,0
2012/06/04,0,4000,0,4000
2012/06/05,0,3000,0,3000
2012/06/06,0,0,0,0
2012/06/07,0,0,0,0
2012/06/08,0,10000,0,10000
2012/06/11,0,5000,0,5000
2012/06/12,0,12000,0,12000
2012/06/13,0,10000,0,10000
2012/06/14,0,2000,-2000,0
2012/06/15,0,0,0,0
2012/06/18,0,0,0,0
2012/06/19,0,0,0,0
2012/06/20,0,0,0,0
2012/06/21,0,0,0,0
2012/06/22,0,0,0,0
2012/06/25,0,100000,0,100000
2012/06/26,0,310367,-13000,297367
2012/06/27,0,180000,0,180000
2012/06/28,0,60000,-3000,57000
2012/06/29,0,60000,0,60000
2012/07/02,0,0,-1000,-1000
2012/07/03,0,2000,0,2000
2012/07/04,0,0,0,0
2012/07/05,0,0,-1000,-1000
2012/07/06,0,0,0,0
2012/07/09,0,0,0,0
2012/07/10,0,0,0,0
2012/07/11,0,0,0,0
2012/07/12,0,0,0,0
2012/07/13,0,0,0,0
2012/07/16,0,0,0,0
2012/07/17,0,16000,0,16000
2012/07/18,0,0,0,0
2012/07/19,0,0,0,0
2012/07/20,0,0,0,0
2012/07/23,0,0,0,0
2012/07/24,0,0,0,0
2012/07/25,0,0,0,0
2012/07/26,0,0,0,0
2012/07/27,0,0,0,0
2012/07/30,0,0,0,0
2012/07/31,0,0,0,0
2012/08/01,0,0,0,0
2012/08/02,0,0,0,0
2012/08/03,0,0,0,0
2012/08/06,0,0,-2000,-2000
2012/08/07,0,0,-4000,-4000
2012/08/08,0,0,-5000,-5000
2012/08/09,0,20000,-2000,18000
2012/08/10,0,0,-1000,-1000
2012/08/13,0,0,-2000,-2000
2012/08/14,0,0,-120000,-120000
2012/08/15,0,0,-4000,-4000
2012/08/16,0,0,-2000,-2000
2012/08/17,0,926,0,926
2012/08/20,0,12000,-1000,11000
2012/08/21,0,0,-1000,-1000
2012/08/22,0,0,-50000,-50000
2012/08/23,0,0,-80000,-80000
2012/08/24,0,0,0,0
2012/08/27,0,0,0,0
2012/08/28,0,0,-1000,-1000
2012/08/29,0,0,-1000,-1000
2012/08/30,0,0,0,0
2012/08/31,0,0,-1000,-1000
2012/09/03,0,0,0,0
2012/09/04,0,0,0,0
2012/09/05,0,0,-1000,-1000
2012/09/06,0,0,0,0
2012/09/07,0,0,0,0
2012/09/10,0,0,-80000,-80000
2012/09/11,0,0,-80000,-80000
2012/09/12,0,0,0,0
2012/09/13,0,0,0,0
2012/09/14,0,0,0,0
2012/09/17,0,0,0,0
2012/09/18,0,30000,0,30000
2012/09/19,0,41000,0,41000
2012/09/20,0,0,-50000,-50000
2012/09/21,0,0,0,0
2012/09/24,0,0,-45000,-45000
2012/09/25,0,0,0,0
2012/09/26,0,0,-1000,-1000
2012/09/27,0,0,0,0
2012/09/28,0,1000,0,1000
2012/10/01,0,0,0,0
2012/10/02,0,0,0,0
2012/10/03,0,0,0,0
2012/10/04,0,0,0,0
2012/10/05,0,0,0,0
2012/10/08,0,0,0,0
2012/10/09,0,0,0,0
2012/10/10,0,0,0,0
2012/10/11,0,0,0,0
2012/10/12,0,0,0,0
2012/10/15,0,0,0,0
2012/10/16,0,0,0,0
2012/10/17,0,0,0,0
2012/10/18,0,0,-14000,-14000
2012/10/19,0,0,0,0
2012/10/22,0,0,0,0
2012/10/23,0,0,0,0
2012/10/24,0,0,0,0
2012/10/25,0,0,0,0
2012/10/26,0,4000,0,4000
2012/10/29,0,0,-1351,-1351
2012/10/30,0,0,0,0
2012/10/31,0,0,0,0
2012/11/01,0,0,0,0
2012/11/02,0,1000,0,1000
2012/11/05,0,0,0,0
2012/11/06,0,0,0,0
2012/11/07,0,0,0,0
2012/11/08,0,0,0,0
2012/11/09,0,0,0,0
2012/11/12,0,0,0,0
2012/11/13,0,0,0,0
2012/11/14,0,0,0,0
2012/11/15,0,0,0,0
2012/11/16,0,0,0,0
2012/11/19,0,0,0,0
2012/11/20,0,0,0,0
2012/11/21,0,0,0,0
2012/11/22,0,0,-1000,-1000
2012/11/23,0,0,0,0
2012/11/26,0,0,0,0
2012/11/27,0,0,0,0
2012/11/28,0,0,-35000,-35000
2012/11/29,0,0,0,0
2012/11/30,0,0,-1000,-1000
2012/12/03,0,0,0,0
2012/12/04,0,0,0,0
2012/12/05,0,0,0,0
2012/12/06,0,0,0,0
2012/12/07,0,0,0,0
2012/12/10,0,0,-1000,-1000
2012/12/11,0,0,0,0
2012/12/12,0,0,0,0
2012/12/13,0,0,-71000,-71000
2012/12/14,0,0,-60000,-60000
2012/12/17,0,0,0,0
2012/12/18,0,0,0,0
2012/12/19,0,0,0,0
2012/12/20,0,0,-2000,-2000
2012/12/21,0,0,-12000,-12000
2012/12/24,0,0,-65000,-65000
2012/12/25,0,0,0,0
2012/12/26,0,0,0,0
2012/12/27,0,0,0,0
2012/12/28,0,0,0,0
2012/12/31,0,0,0,0
2013/01/01,0,0,0,0
2013/01/02,0,0,0,0
2013/01/03,0,0,-2000,-2000
2013/01/04,0,9000,-1000,8000
2013/01/07,0,34000,-2000,32000
2013/01/08,0,0,0,0
2013/01/09,0,0,0,0
2013/01/10,0,0,0,0
2013/01/11,0,15000,0,15000
2013/01/14,0,0,0,0
2013/01/15,0,7000,0,7000
2013/01/16,0,11000,-2000,9000
2013/01/17,0,10000,-5462,4538
2013/01/18,0,0,0,0
2013/01/21,0,15000,0,15000
2013/01/22,0,0,0,0
2013/01/23,0,0,-1000,-1000
2013/01/24,0,1000,0,1000
2013/01/25,0,1000,-1000,0
2013/01/28,0,0,0,0
2013/01/29,0,0,0,0
2013/01/30,0,0,0,0
2013/01/31,0,1000,0,1000
2013/02/01,0,56000,0,56000
2013/02/04,0,55000,0,55000
2013/02/05,0,29000,-1000,28000
2013/02/06,0,0,-7000,-7000
2013/02/07,0,0,0,0
2013/02/08,0,0,0,0
2013/02/11,0,0,0,0
2013/02/12,0,0,0,0
2013/02/13,0,0,0,0
2013/02/14,0,0,0,0
2013/02/15,0,0,0,0
2013/02/18,0,0,0,0
2013/02/19,0,0,-3000,-3000
2013/02/20,0,0,0,0
2013/02/21,0,0,-3000,-3000
2013/02/22,0,0,-5000,-5000
2013/02/25,0,0,0,0
2013/02/26,0,0,0,0
2013/02/27,0,0,0,0
2013/02/28,0,0,0,0
2013/03/01,0,0,0,0
2013/03/04,0,0,0,0
2013/03/05,0,0,0,0
2013/03/06,0,0,0,0
2013/03/07,0,0,0,0
2013/03/08,0,0,-1000,-1000
2013/03/11,0,2000,-2000,0
2013/03/12,0,0,0,0
2013/03/13,0,0,-2000,-2000
2013/03/14,0,0,-2000,-2000
2013/03/15,0,0,-3000,-3000
2013/03/18,0,0,-5000,-5000
2013/03/19,0,0,0,0
2013/03/20,0,0,0,0
2013/03/21,0,0,0,0
2013/03/22,0,0,-81579,-81579
2013/03/25,0,0,0,0
2013/03/26,0,0,0,0
2013/03/27,0,87000,0,87000
2013/03/28,0,0,0,0
2013/03/29,0,0,0,0
2013/04/01,0,0,-3000,-3000
2013/04/02,0,0,0,0
2013/04/03,0,0,0,0
2013/04/04,0,0,0,0
2013/04/05,0,0,0,0
2013/04/08,0,0,0,0
2013/04/09,0,0,0,0
2013/04/10,0,0,0,0
2013/04/11,0,0,0,0
2013/04/12,0,0,0,0
2013/04/15,0,0,-2000,-2000
2013/04/16,0,0,0,0
2013/04/17,0,0,-2000,-2000
2013/04/18,0,0,0,0
2013/04/19,0,0,-28547,-28547
2013/04/22,0,0,-1000,-1000
2013/04/23,0,0,-5000,-5000
2013/04/24,0,0,-2000,-2000
2013/04/25,0,0,-3000,-3000
2013/04/26,0,0,-5000,-5000
2013/04/29,0,0,-3000,-3000
2013/04/30,0,0,0,0
2013/05/01,0,0,0,0
2013/05/02,0,0,0,0
2013/05/03,0,0,-10000,-10000
2013/05/06,0,0,-6000,-6000
2013/05/07,0,0,0,0
2013/05/08,0,0,0,0
2013/05/09,0,0,-9000,-9000
2013/05/10,0,0,0,0
2013/05/13,0,0,-6000,-6000
2013/05/14,0,0,0,0
2013/05/15,0,0,0,0
2013/05/16,0,0,0,0
2013/05/17,0,0,0,0
2013/05/20,0,0,-4000,-4000
2013/05/21,0,0,0,0
2013/05/22,0,0,-15000,-15000
2013/05/23,0,0,0,0
2013/05/24,0,0,-4000,-4000
2013/05/27,0,0,0,0
2013/05/28,0,0,0,0
2013/05/29,0,0,0,0
2013/05/30,0,0,0,0
2013/05/31,0,0,0,0
2013/06/03,0,0,-16000,-16000
2013/06/04,0,0,0,0
2013/06/05,0,0,0,0
2013/06/06,0,0,0,0
2013/06/07,0,0,0,0
2013/06/10,0,0,0,0
2013/06/11,0,0,-32000,-32000
2013/06/12,0,0,0,0
2013/06/13,0,0,-32000,-32000
2013/06/14,0,0,0,0
2013/06/17,0,0,0,0
2013/06/18,0,0,-1000,-1000
2013/06/19,0,0,0,0
2013/06/20,0,0,0,0
2013/06/21,0,0,0,0
2013/06/24,0,0,0,0
2013/06/25,0,0,0,0
2013/06/26,0,0,0,0
2013/06/27,0,0,0,0
2013/06/28,0,0,0,0
2013/07/01,0,0,-59000,-59000
2013/07/02,0,0,-63000,-63000
2013/07/03,0,0,0,0
2013/07/04,0,0,-2000,-2000
2013/07/05,0,0,-24000,-24000
2013/07/08,0,0,0,0
2013/07/09,0,0,0,0
2013/07/10,0,0,0,0
2013/07/11,0,28645,0,28645
2013/07/12,0,0,0,0
2013/07/15,0,0,0,0
2013/07/16,0,0,0,0
2013/07/17,0,0,0,0
2013/07/18,0,0,0,0
2013/07/19,0,0,0,0
2013/07/22,0,0,0,0
2013/07/23,0,0,0,0
2013/07/24,0,0,0,0
2013/07/25,0,0,0,0
2013/07/26,0,0,0,0
2013/07/29,0,0,0,0
2013/07/30,0,0,-76000,-76000
2013/07/31,0,0,0,0
2013/08/01,0,0,0,0
2013/08/02,0,0,0,0
2013/08/05,0,0,-1000,-1000
2013/08/06,0,0,0,0
2013/08/07,0,0,0,0
2013/08/08,0,0,0,0
2013/08/09,0,0,0,0
2013/08/12,0,0,0,0
2013/08/13,0,0,0,0
2013/08/14,0,0,0,0
2013/08/15,0,0,-7000,-7000
2013/08/16,0,0,-2000,-2000
2013/08/19,0,0,0,0
2013/08/20,0,0,0,0
2013/08/21,0,0,0,0
2013/08/22,0,0,0,0
2013/08/23,0,0,0,0
2013/08/26,0,0,0,0
2013/08/27,0,0,0,0
2013/08/28,0,0,0,0
2013/08/29,0,0,0,0
2013/08/30,0,0,-24000,-24000
2013/09/02,0,0,0,0
2013/09/03,0,0,-18855,-18855
2013/09/04,0,0,0,0
2013/09/05,0,6000,0,6000
2013/09/06,0,0,0,0
2013/09/09,0,0,0,0
2013/09/10,0,0,0,0
2013/09/11,0,0,0,0
2013/09/12,0,14000,0,14000
2013/09/13,0,10000,0,10000
2013/09/16,0,0,0,0
2013/09/17,0,0,0,0
2013/09/18,0,0,0,0
2013/09/19,0,0,0,0
2013/09/20,0,0,0,0
2013/09/23,0,0,0,0
2013/09/24,0,0,0,0
2013/09/25,0,0,0,0
2013/09/26,0,0,0,0
2013/09/27,0,0,0,0
2013/09/30,0,0,0,0
2013/10/01,0,0,0,0
2013/10/02,0,0,0,0
2013/10/03,0,0,0,0
2013/10/04,0,0,0,0
2013/10/07,0,0,0,0
2013/10/08,0,0,0,0
2013/10/09,0,0,0,0
2013/10/10,0,0,0,0
2013/10/11,0,0,0,0
2013/10/14,0,0,0,0
2013/10/15,0,0,0,0
2013/10/16,0,0,0,0
2013/10/17,0,0,0,0
2013/10/18,0,0,0,0
2013/10/21,0,0,0,0
2013/10/22,0,0,-24000,-24000
2013/10/23,0,0,0,0
2013/10/24,0,0,0,0
2013/10/25,0,0,0,0
2013/10/28,0,0,0,0
2013/10/29,0,0,0,0
2013/10/30,0,0,0,0
2013/10/31,0,0,0,0
2013/11/01,0,0,0,0
2013/11/04,0,0,0,0
2013/11/05,0,0,0,0
2013/11/06,0,0,0,0
2013/11/07,0,0,0,0
2013/11/08,0,0,0,0
2013/11/11,0,0,0,0
2013/11/12,0,0,0,0
2013/11/13,0,0,0,0
2013/11/14,0,0,0,0
2013/11/15,0,0,0,0
2013/11/18,0,0,0,0
2013/11/19,0,0,0,0
2013/11/20,0,0,0,0
2013/11/21,0,0,0,0
2013/11/22,0,0,0,0
2013/11/25,0,13826,0,13826
2013/11/26,0,0,0,0
2013/11/27,0,0,0,0
2013/11/28,0,0,0,0
2013/11/29,0,0,0,0
2013/12/02,0,0,0,0
2013/12/03,0,0,0,0
2013/12/04,0,0,0,0
2013/12/05,0,0,0,0
2013/12/06,0,0,0,0
2013/12/09,0,0,0,0
2013/12/10,0,0,-7000,-7000
2013/12/11,0,0,0,0
2013/12/12,0,0,0,0
2013/12/13,0,0,0,0
2013/12/16,0,0,0,0
2013/12/17,0,0,0,0
2013/12/18,0,0,0,0
2013/12/19,0,0,0,0
2013/12/20,0,0,0,0
2013/12/23,0,0,0,0
2013/12/24,0,0,0,0
2013/12/25,0,0,-4000,-4000
2013/12/26,0,0,0,0
2013/12/27,0,0,0,0
2013/12/30,0,13000,0,13000
2013/12/31,0,0,0,0
2014/01/02,0,9000,0,9000
2014/01/03,0,0,0,0
2014/01/06,0,0,0,0
2014/01/07,0,0,0,0
2014/01/08,0,0,0,0
2014/01/09,0,0,0,0
2014/01/10,0,0,0,0
2014/01/13,0,0,0,0
2014/01/14,0,0,0,0
2014/01/15,0,0,0,0
2014/01/16,0,0,0,0
2014/01/17,0,0,0,0
2014/01/20,0,0,0,0
2014/01/21,0,0,0,0
2014/01/22,0,0,0,0
2014/01/23,0,0,0,0
2014/01/24,0,0,0,0
2014/01/27,0,0,0,0
2014/02/05,0,0,0,0
2014/02/06,0,0,0,0
2014/02/07,0,0,0,0
2014/02/10,0,0,0,0
2014/02/11,0,0,0,0
2014/02/12,0,0,0,0
2014/02/13,0,18000,-3160,14840
2014/02/14,0,0,0,0
2014/02/17,0,0,0,0
2014/02/18,0,0,0,0
2014/02/19,0,27000,0,27000
2014/02/20,0,21000,0,21000
2014/02/21,0,0,0,0
2014/02/24,0,1000,0,1000
2014/02/25,0,0,0,0
2014/02/26,0,0,0,0
2014/02/27,0,0,0,0
2014/03/03,0,0,-1000,-1000
2014/03/04,0,0,0,0
2014/03/05,0,0,0,0
2014/03/06,0,0,0,0
2014/03/07,0,0,0,0
2014/03/10,0,0,-2000,-2000
2014/03/11,0,0,-1000,-1000
2014/03/12,0,0,0,0
2014/03/13,0,0,0,0
2014/03/14,0,13000,0,13000
2014/03/17,0,0,0,0
2014/03/18,0,0,0,0
2014/03/19,0,0,0,0
2014/03/20,0,0,0,0
2014/03/21,0,0,0,0
2014/03/24,0,0,0,0
2014/03/25,0,0,0,0
2014/03/26,0,0,0,0
2014/03/27,0,0,0,0
2014/03/28,0,0,-1000,-1000
2014/03/31,0,0,0,0
2014/04/01,0,32000,0,32000
2014/04/02,0,0,0,0
2014/04/03,0,0,-25000,-25000
2014/04/07,0,0,-9000,-9000
2014/04/08,0,0,0,0
2014/04/09,0,555000,0,555000
2014/04/10,0,120000,-3935,116065
2014/04/11,0,0,0,0
2014/04/14,0,0,0,0
2014/04/15,0,15000,0,15000
2014/04/16,0,0,-1000,-1000
2014/04/17,0,574000,-1000,573000
2014/04/18,0,590000,-1000,589000
2014/04/21,0,102000,-1000,101000
2014/04/22,0,0,-1000,-1000
2014/04/23,0,0,0,0
2014/04/24,0,0,0,0
2014/04/25,0,0,0,0
2014/04/28,0,0,0,0
2014/04/29,0,0,-200000,-200000
2014/04/30,0,36000,-324000,-288000
2014/05/02,0,35000,0,35000
2014/05/05,0,35000,-980000,-945000
2014/05/06,0,100000,0,100000
2014/05/07,0,0,0,0
2014/05/08,0,0,-10000,-10000
2014/05/09,0,140000,-1000,139000
2014/05/12,0,30000,0,30000
2014/05/13,0,20000,0,20000
2014/05/14,0,0,0,0
2014/05/15,0,0,0,0
2014/05/16,0,0,0,0
2014/05/19,0,53000,-1000,52000
2014/05/20,0,53000,0,53000
2014/05/21,0,0,0,0
2014/05/22,0,0,0,0
2014/05/23,0,40000,0,40000
2014/05/26,0,3000,0,3000
2014/05/27,0,50000,0,50000
2014/05/28,0,50000,0,50000
2014/05/29,0,120000,-6000,114000
2014/05/30,0,0,0,0
2014/06/03,0,0,0,0
2014/06/04,0,0,-9000,-9000
2014/06/05,0,0,0,0
2014/06/06,0,70000,0,70000
2014/06/09,0,110000,0,110000
2014/06/10,0,0,0,0
2014/06/11,0,0,0,0
2014/06/12,0,0,-12000,-12000
2014/06/13,0,50000,0,50000
2014/06/16,0,0,-10000,-10000
2014/06/17,0,122000,0,122000
2014/06/18,0,122000,0,122000
2014/06/19,0,0,0,0
2014/06/20,0,50000,0,50000
2014/06/23,0,0,0,0
2014/06/24,0,0,0,0
2014/06/25,0,0,0,0
2014/06/26,0,0,0,0
2014/06/27,0,0,0,0
2014/06/30,0,32000,-480000,-448000
2014/07/01,0,0,0,0
2014/07/02,0,0,-1591,-1591
2014/07/03,0,0,0,0
2014/07/04,0,90000,0,90000
2014/07/07,0,0,0,0
2014/07/08,0,0,-1000,-1000
2014/07/09,0,0,0,0
2014/07/10,0,0,0,0
2014/07/11,0,0,0,0
2014/07/14,0,0,0,0
2014/07/15,0,0,-61000,-61000
2014/07/16,0,0,-57000,-57000
2014/07/17,0,0,-108000,-108000
2014/07/18,0,0,-45000,-45000
2014/07/21,0,0,0,0
2014/07/22,0,0,0,0
2014/07/23,0,0,0,0
2014/07/24,0,0,-244000,-244000
2014/07/25,0,0,-24000,-24000
2014/07/28,0,0,-71000,-71000
2014/07/29,0,0,-118000,-118000
2014/07/30,0,7000,-97000,-90000
2014/07/31,0,0,-57000,-57000
2014/08/01,0,0,-56000,-56000
2014/08/04,0,0,0,0
2014/08/05,0,0,0,0
2014/08/06,0,0,0,0
2014/08/07,0,0,-1000,-1000
2014/08/08,0,0,0,0
2014/08/11,0,0,0,0
2014/08/12,0,0,-62000,-62000
2014/08/13,0,0,-50000,-50000
2014/08/14,0,75000,0,75000
2014/08/15,0,0,0,0
2014/08/18,0,0,0,0
2014/08/19,0,0,0,0
2014/08/20,0,0,0,0
2014/08/21,0,16000,0,16000
2014/08/22,0,0,0,0
2014/08/25,0,0,0,0
2014/08/26,0,0,0,0
2014/08/27,0,0,0,0
2014/08/28,0,0,-13000,-13000
2014/08/29,0,0,0,0
2014/09/01,0,0,0,0
2014/09/02,0,0,0,0
2014/09/03,0,0,0,0
2014/09/04,0,0,0,0
2014/09/05,0,0,0,0
2014/09/09,0,0,0,0
2014/09/10,0,0,0,0
2014/09/11,0,0,0,0
2014/09/12,0,0,0,0
2014/09/15,0,0,-49000,-49000
2014/09/16,0,0,-20000,-20000
2014/09/17,0,0,0,0
2014/09/18,0,0,0,0
2014/09/19,0,0,0,0
2014/09/22,0,3097,0,3097
2014/09/23,0,10000,0,10000
2014/09/24,0,0,0,0
2014/09/25,0,0,0,0
2014/09/26,0,0,0,0
2014/09/29,0,0,0,0
2014/09/30,0,0,0,0
2014/10/01,0,0,0,0
2014/10/02,0,5000,0,5000
2014/10/03,0,0,0,0
2014/10/06,0,0,0,0
2014/10/07,0,0,0,0
2014/10/08,0,0,0,0
2014/10/09,0,0,-1000,-1000
2014/10/13,0,0,0,0
2014/10/14,0,0,0,0
2014/10/15,0,0,0,0
2014/10/16,0,0,0,0
2014/10/17,0,0,0,0
2014/10/20,0,0,0,0
2014/10/21,0,7000,-68000,-61000
2014/10/22,0,0,0,0
2014/10/23,0,12000,0,12000
2014/10/24,0,0,0,0
2014/10/27,0,0,0,0
2014/10/28,0,0,0,0
2014/10/29,0,1000,0,1000
2014/10/30,0,0,0,0
2014/10/31,0,0,0,0
2014/11/03,0,0,-42000,-42000
2014/11/04,0,0,-30000,-30000
2014/11/05,0,0,-31000,-31000
2014/11/06,0,0,0,0
2014/11/07,0,0,-62000,-62000
2014/11/10,0,0,0,0
2014/11/11,0,0,0,0
2014/11/12,0,0,0,0
2014/11/13,0,0,0,0
2014/11/14,0,0,0,0
2014/11/17,0,0,-36000,-36000
2014/11/18,0,2000,0,2000
2014/11/19,0,0,0,0
2014/11/20,0,0,0,0
2014/11/21,0,0,0,0
2014/11/24,0,0,0,0
2014/11/25,0,0,-1000,-1000
2014/11/26,0,0,0,0
2014/11/27,0,0,-2000,-2000
2014/11/28,0,0,0,0
2014/12/01,0,0,0,0
2014/12/02,0,0,0,0
2014/12/03,0,0,-2000,-2000
2014/12/04,0,0,0,0
2014/12/05,0,25000,0,25000
2014/12/08,0,0,0,0
2014/12/09,0,0,0,0
2014/12/10,0,0,0,0
2014/12/11,0,0,-486,-486
2014/12/12,0,0,0,0
2014/12/15,0,0,0,0
2014/12/16,0,29000,0,29000
2014/12/17,0,52000,0,52000
2014/12/18,0,0,0,0
2014/12/19,0,0,0,0
2014/12/22,0,0,0,0
2014/12/23,0,0,0,0
2014/12/24,0,0,0,0
2014/12/25,0,0,0,0
2014/12/26,0,0,0,0
2014/12/29,0,0,0,0
2014/12/30,0,0,0,0
2014/12/31,0,0,0,0
2015/01/01,0,0,0,0
2015/01/02,0,0,0,0
2015/01/05,0,0,0,0
2015/01/06,0,0,0,0
2015/01/07,0,0,-1000,-1000
2015/01/08,0,57000,0,57000
2015/01/09,0,0,-31000,-31000
2015/01/12,0,0,0,0
2015/01/13,0,0,0,0
2015/01/14,0,0,0,0
2015/01/15,0,0,0,0
2015/01/16,0,0,0,0
2015/01/19,0,0,-1000,-1000
2015/01/20,0,0,0,0
2015/01/21,0,0,0,0
2015/01/22,0,0,-135000,-135000
2015/01/23,0,0,0,0
2015/01/26,0,0,0,0
2015/01/27,0,0,0,0
2015/01/28,0,0,0,0
2015/01/29,0,0,0,0
2015/01/30,0,0,-4000,-4000
2015/02/02,0,40000,0,40000
2015/02/03,0,0,0,0
2015/02/04,0,0,0,0
2015/02/05,0,0,0,0
2015/02/06,0,0,0,0
2015/02/09,0,1000,0,1000
2015/02/10,0,0,0,0
2015/02/11,0,0,0,0
2015/02/12,0,0,-57000,-57000
2015/02/13,0,2000,-2000,0
2015/02/16,0,0,0,0
2015/02/17,0,0,0,0
2015/02/18,0,0,0,0
2015/02/19,0,0,0,0
2015/02/20,0,0,0,0
2015/02/23,0,0,0,0
2015/02/24,0,0,0,0
2015/02/25,0,0,-2000,-2000
2015/02/26,0,0,-1000,-1000
2015/02/27,0,0,0,0
2015/03/02,0,0,0,0
2015/03/03,0,0,0,0
2015/03/04,0,41000,0,41000
2015/03/05,0,0,-1000,-1000
2015/03/06,0,0,-6000,-6000
2015/03/09,0,0,-2000,-2000
2015/03/10,0,0,0,0
2015/03/11,0,0,0,0
2015/03/12,0,564,0,564
2015/03/13,0,0,0,0
2015/03/16,0,0,-2000,-2000
2015/03/17,0,0,0,0
2015/03/18,0,0,0,0
2015/03/19,0,0,-1000,-1000
2015/03/20,0,0,-3000,-3000
2015/03/23,0,0,-1000,-1000
2015/03/24,0,0,-1000,-1000
2015/03/25,0,0,-1000,-1000
2015/03/26,0,0,0,0
2015/03/27,0,0,0,0
2015/03/30,0,0,0,0
2015/03/31,0,0,0,0
2015/04/01,0,0,0,0
2015/04/02,0,0,0,0
2015/04/03,0,0,0,0
2015/04/06,0,0,0,0
2015/04/07,0,0,0,0
2015/04/08,0,12000,0,12000
2015/04/09,0,0,0,0
2015/04/10,0,0,0,0
2015/04/13,0,0,0,0
2015/04/14,0,0,0,0
2015/04/15,0,0,-38000,-38000
2015/04/16,0,0,0,0
2015/04/17,0,0,0,0
2015/04/20,0,0,0,0
2015/04/21,0,0,0,0
2015/04/22,0,0,0,0
2015/04/23,0,0,0,0
2015/04/24,0,0,-1000,-1000
2015/04/27,0,0,0,0
2015/04/28,0,0,-1000,-1000
2015/04/29,0,0,-1000,-1000
2015/04/30,0,0,0,0
2015/05/01,0,0,0,0
2015/05/04,0,0,0,0
2015/05/05,0,73000,0,73000
2015/05/06,0,0,0,0
2015/05/07,0,0,0,0
2015/05/08,0,0,0,0
2015/05/11,0,1000,0,1000
2015/05/12,0,0,0,0
2015/05/13,0,0,0,0
2015/05/14,0,1000,0,1000
2015/05/15,0,0,0,0
2015/05/18,0,0,0,0
2015/05/19,0,0,0,0
2015/05/20,0,0,0,0
2015/05/21,0,0,0,0
2015/05/22,0,0,0,0
2015/05/25,0,0,0,0
2015/05/26,0,0,0,0
2015/05/27,0,0,-52000,-52000
2015/05/28,0,80000,0,80000
2015/05/29,0,0,0,0
2015/06/01,0,0,0,0
2015/06/02,0,0,0,0
2015/06/03,0,0,0,0
2015/06/04,0,0,-3341,-3341
2015/06/05,0,2000,0,2000
2015/06/08,0,0,-73000,-73000
2015/06/09,0,0,0,0
2015/06/10,0,0,0,0
2015/06/11,0,0,0,0
2015/06/12,0,0,0,0
2015/06/15,0,0,0,0
2015/06/16,0,0,0,0
2015/06/17,0,0,0,0
2015/06/18,0,0,0,0
2015/06/19,0,0,0,0
2015/06/22,0,11000,0,11000
2015/06/23,0,0,0,0
2015/06/24,0,0,0,0
2015/06/25,0,0,0,0
2015/06/26,0,0,0,0
2015/06/29,0,0,0,0
2015/06/30,0,0,0,0
2015/07/01,0,0,0,0
2015/07/02,0,0,0,0
2015/07/03,0,0,0,0
2015/07/06,0,0,0,0
2015/07/07,0,0,0,0
2015/07/08,0,0,0,0
2015/07/09,0,0,0,0
2015/07/10,0,0,0,0
2015/07/13,0,0,0,0
2015/07/14,0,0,0,0
2015/07/15,0,5000,0,5000
2015/07/16,0,0,0,0
2015/07/17,0,0,-86000,-86000
2015/07/20,0,0,0,0
2015/07/21,0,9000,0,9000
2015/07/22,0,0,0,0
2015/07/23,0,0,0,0
2015/07/24,0,3000,0,3000
2015/07/27,0,0,0,0
2015/07/28,0,7000,0,7000
2015/07/29,0,0,0,0
2015/07/30,0,0,-24000,-24000
2015/07/31,0,0,0,0
2015/08/03,0,0,-25000,-25000
2015/08/04,0,0,-25000,-25000
2015/08/05,0,0,0,0
2015/08/06,0,0,0,0
2015/08/07,0,0,0,0
2015/08/10,0,0,-52000,-52000
2015/08/11,0,0,0,0
2015/08/12,0,3000,0,3000
2015/08/13,0,0,0,0
2015/08/14,0,0,0,0
2015/08/17,0,0,0,0
2015/08/18,0,0,0,0
2015/08/19,0,0,0,0
2015/08/20,0,0,0,0
2015/08/21,0,0,0,0
2015/08/24,0,0,0,0
2015/08/25,0,588,0,588
2015/08/26,0,0,0,0
2015/08/27,0,0,0,0
2015/08/28,0,1000,0,1000
2015/08/31,0,0,-7000,-7000
2015/09/01,0,0,-12000,-12000
2015/09/02,0,0,0,0
2015/09/03,0,0,0,0
2015/09/04,0,0,-4000,-4000
2015/09/07,0,1000,0,1000
2015/09/08,0,0,0,0
2015/09/09,0,0,0,0
2015/09/10,0,0,0,0
2015/09/11,0,0,0,0
2015/09/14,0,0,0,0
2015/09/15,0,0,0,0
2015/09/16,0,0,0,0
2015/09/17,0,0,0,0
2015/09/18,0,0,0,0
2015/09/21,0,0,-37000,-37000
2015/09/22,0,74,0,74
2015/09/23,0,0,0,0
2015/09/24,0,0,0,0
2015/09/25,0,0,0,0
2015/09/28,0,0,0,0
2015/09/29,0,0,0,0
2015/09/30,0,0,0,0
2015/10/01,0,0,0,0
2015/10/02,0,5000,0,5000
2015/10/05,0,3000,0,3000
2015/10/06,0,0,0,0
2015/10/07,0,0,0,0
2015/10/08,0,0,0,0
2015/10/09,0,0,0,0
2015/10/12,0,0,0,0
2015/10/13,0,0,0,0
2015/10/14,0,0,0,0
2015/10/15,0,0,0,0
2015/10/16,0,0,0,0
2015/10/19,0,0,0,0
2015/10/20,0,0,0,0
2015/10/21,0,0,0,0
2015/10/22,0,0,0,0
2015/10/23,0,0,0,0
2015/10/26,0,0,0,0
2015/10/27,0,0,0,0
2015/10/28,0,0,0,0
2015/10/29,0,0,0,0
2015/10/30,0,0,0,0
2015/11/02,0,0,0,0
2015/11/03,0,0,0,0
2015/11/04,0,6000,-3000,3000
2015/11/05,0,0,0,0
2015/11/06,0,0,0,0
2015/11/09,0,0,0,0
2015/11/10,0,0,0,0
2015/11/11,0,0,0,0
2015/11/12,0,0,0,0
2015/11/13,0,0,0,0
2015/11/16,0,0,0,0
2015/11/17,0,0,0,0
2015/11/18,0,0,0,0
2015/11/19,0,50000,0,50000
2015/11/20,0,0,0,0
2015/11/23,0,0,0,0
2015/11/24,0,0,0,0
2015/11/25,0,0,0,0
2015/11/26,0,0,0,0
2015/11/27,0,0,0,0
2015/11/30,0,0,0,0
2015/12/01,0,0,0,0
2015/12/02,0,0,0,0
2015/12/03,0,0,0,0
2015/12/04,0,0,0,0
2015/12/07,0,0,0,0
2015/12/08,0,46000,0,46000
2015/12/09,0,0,0,0
2015/12/10,0,0,0,0
2015/12/11,0,0,0,0
2015/12/14,0,0,-923,-923
2015/12/15,0,80000,0,80000
2015/12/16,0,120000,0,120000
2015/12/17,0,0,0,0
2015/12/18,0,0,0,0
2015/12/21,0,0,0,0
2015/12/22,0,35000,-2000,33000
2015/12/23,0,0,0,0
2015/12/24,0,0,0,0
2015/12/25,0,25000,0,25000
2015/12/28,0,3000,0,3000
2015/12/29,0,0,0,0
2015/12/30,0,0,0,0
2015/12/31,0,0,0,0
2016/01/01,0,0,0,0
2016/01/04,0,0,0,0
2016/01/05,0,108000,0,108000
2016/01/06,0,104000,0,104000
2016/01/07,0,0,0,0
2016/01/08,0,0,0,0
2016/01/11,0,148000,0,148000
2016/01/12,0,0,0,0
2016/01/13,0,0,0,0
2016/01/14,0,36000,0,36000
2016/01/15,0,70000,-4000,66000
2016/01/18,0,0,0,0
2016/01/19,0,0,-1000,-1000
2016/01/20,0,0,-4000,-4000
2016/01/21,0,0,0,0
2016/01/22,0,0,0,0
2016/01/25,0,0,0,0
2016/01/26,0,0,0,0
2016/01/27,0,0,0,0
2016/01/28,0,0,0,0
2016/01/29,0,0,0,0
2016/02/01,0,88000,0,88000
2016/02/02,0,0,0,0
2016/02/03,0,0,0,0
2016/02/04,0,0,0,0
2016/02/05,0,0,0,0
2016/02/08,0,0,0,0
2016/02/09,0,0,0,0
2016/02/10,0,0,0,0
2016/02/11,0,0,0,0
2016/02/12,0,0,0,0
2016/02/15,0,435,0,435
2016/02/16,0,0,0,0
2016/02/17,0,0,0,0
2016/02/18,0,0,0,0
2016/02/19,0,0,-1000,-1000
2016/02/22,0,0,0,0
2016/02/23,0,0,0,0
2016/02/24,0,0,0,0
2016/02/25,0,0,0,0
2016/02/26,0,0,0,0
2016/02/29,0,0,0,0
2016/03/01,0,0,0,0
2016/03/02,0,0,-2000,-2000
2016/03/03,0,0,0,0
2016/03/04,0,0,0,0
2016/03/07,0,0,0,0
2016/03/08,0,22000,0,22000
2016/03/09,0,0,0,0
2016/03/10,0,0,0,0
2016/03/11,0,0,0,0
2016/03/14,0,0,0,0
2016/03/15,0,0,0,0
2016/03/16,0,0,0,0
2016/03/17,0,0,0,0
2016/03/18,0,0,0,0
2016/03/21,0,0,0,0
2016/03/22,0,0,0,0
2016/03/23,0,0,0,0
2016/03/24,0,0,0,0
2016/03/25,0,0,0,0
2016/03/28,0,0,0,0
2016/03/29,0,0,0,0
2016/03/30,0,0,0,0
2016/03/31,0,0,0,0
2016/04/01,0,0,0,0
2016/04/04,0,0,0,0
2016/04/05,0,0,0,0
2016/04/06,0,0,0,0
2016/04/07,0,0,0,0
2016/04/08,0,5000,0,5000
2016/04/11,0,0,0,0
2016/04/12,0,0,-1000,-1000
2016/04/13,0,0,0,0
2016/04/14,0,132000,0,132000
2016/04/15,0,0,-3000,-3000
2016/04/18,0,0,0,0
2016/04/19,0,0,0,0
2016/04/20,0,0,0,0
2016/04/21,0,0,0,0
2016/04/22,0,0,0,0
2016/04/25,0,0,0,0
2016/04/26,0,0,0,0
2016/04/27,0,0,0,0
2016/04/28,0,0,0,0
2016/04/29,0,27000,0,27000
2016/05/02,0,0,0,0
2016/05/03,0,0,0,0
2016/05/04,0,0,0,0
2016/05/05,0,32000,0,32000
2016/05/06,0,0,0,0
2016/05/09,0,0,0,0
2016/05/10,0,328,0,328
2016/05/11,0,0,0,0
2016/05/12,0,0,0,0
2016/05/13,0,0,0,0
2016/05/16,0,0,0,0
2016/05/17,0,0,0,0
2016/05/18,0,0,0,0
2016/05/19,0,0,0,0
2016/05/20,0,0,0,0
2016/05/23,0,0,0,0
2016/05/24,0,0,0,0
2016/05/25,0,0,0,0
2016/05/26,0,0,-3000,-3000
2016/05/27,0,0,0,0
2016/05/30,0,0,0,0
2016/05/31,0,0,0,0
2016/06/01,0,0,0,0
2016/06/02,0,0,0,0
2016/06/03,0,0,0,0
2016/06/06,0,0,0,0
2016/06/07,0,0,0,0
2016/06/08,0,0,0,0
2016/06/09,0,0,0,0
2016/06/10,0,0,0,0
2016/06/13,0,0,-21000,-21000
2016/06/14,0,0,0,0
2016/06/15,0,0,0,0
2016/06/16,0,0,0,0
2016/06/17,0,0,0,0
2016/06/20,0,0,0,0
2016/06/21,0,0,0,0
2016/06/22,0,0,-32000,-32000
2016/06/23,0,0,0,0
2016/06/24,0,55000,0,55000
2016/06/27,0,55000,0,55000
2016/06/28,0,0,0,0
2016/06/29,0,0,0,0
2016/06/30,0,0,0,0
2016/07/01,0,0,0,0
2016/07/04,0,0,0,0
2016/07/05,0,0,0,0
2016/07/06,0,0,0,0
2016/07/07,0,0,-35000,-35000
2016/07/08,0,0,0,0
2016/07/11,0,0,-70000,-70000
2016/07/12,0,0,-95000,-95000
2016/07/13,0,0,0,0
2016/07/14,0,0,-41000,-41000
2016/07/15,0,0,-30000,-30000
2016/07/18,0,0,0,0
2016/07/19,0,0,-1000,-1000
2016/07/20,0,0,-4000,-4000
2016/07/21,0,0,-6000,-6000
2016/07/22,0,0,-6000,-6000
2016/07/25,0,0,0,0
2016/07/26,0,0,0,0
2016/07/27,0,0,-1000,-1000
2016/07/28,0,0,0,0
2016/07/29,0,0,-4716,-4716
2016/08/01,0,0,0,0
2016/08/02,0,0,0,0
2016/08/03,0,0,-3000,-3000
2016/08/04,0,0,0,0
2016/08/05,0,0,-2000,-2000
2016/08/08,0,0,-2000,-2000
2016/08/09,0,0,0,0
2016/08/10,0,0,0,0
2016/08/11,0,0,-4000,-4000
2016/08/12,0,0,-2000,-2000
2016/08/15,0,0,0,0
2016/08/16,0,0,-3000,-3000
2016/08/17,0,0,0,0
2016/08/18,0,0,-1000,-1000
2016/08/19,0,0,0,0
2016/08/22,0,0,0,0
2016/08/23,0,0,0,0
2016/08/24,0,0,-2000,-2000
2016/08/25,0,0,-5000,-5000
2016/08/26,0,0,0,0
2016/08/29,0,0,0,0
2016/08/30,0,0,0,0
2016/08/31,0,0,0,0
2016/09/01,0,0,0,0
2016/09/02,0,0,0,0
2016/09/05,0,0,0,0
2016/09/06,0,0,0,0
2016/09/07,0,0,0,0
2016/09/08,0,0,0,0
2016/09/09,0,0,0,0
2016/09/12,0,0,0,0
2016/09/13,0,0,0,0
2016/09/14,0,0,-40000,-40000
2016/09/15,0,0,0,0
2016/09/16,0,0,0,0
2016/09/19,0,0,0,0
2016/09/20,0,0,0,0
2016/09/21,0,0,0,0
2016/09/22,0,0,0,0
2016/09/23,0,0,0,0
2016/09/26,0,0,0,0
2016/09/27,0,0,0,0
2016/09/28,0,0,0,0
2016/09/29,0,0,0,0
2016/09/30,0,0,-99,-99
2016/10/03,0,0,0,0
2016/10/04,0,0,0,0
2016/10/05,0,0,0,0
2016/10/06,0,0,0,0
2016/10/07,0,0,0,0
2016/10/10,0,0,0,0
2016/10/11,0,0,0,0
2016/10/12,0,0,0,0
2016/10/13,0,0,0,0
2016/10/14,0,0,0,0
2016/10/17,0,0,0,0
2016/10/18,0,0,0,0
2016/10/19,0,0,0,0
2016/10/20,0,18000,0,18000
2016/10/21,0,14000,0,14000
2016/10/24,0,0,-209000,-209000
2016/10/25,0,0,-40000,-40000
2016/10/26,0,0,-40000,-40000
2016/10/27,0,0,0,0
2016/10/28,0,0,0,0
2016/10/31,0,0,0,0
2016/11/01,0,0,0,0
2016/11/02,0,560,0,560
2016/11/03,0,0,-86000,-86000
2016/11/04,0,0,0,0
2016/11/07,0,0,0,0
2016/11/08,0,0,0,0
2016/11/09,0,0,-56000,-56000
2016/11/10,0,0,-137000,-137000
2016/11/11,0,0,0,0
2016/11/14,0,0,0,0
2016/11/15,0,0,0,0
2016/11/16,0,0,0,0
2016/11/17,0,0,0,0
2016/11/18,0,0,0,0
2016/11/21,0,0,0,0
2016/11/22,0,0,0,0
2016/11/23,0,0,0,0
2016/11/24,0,0,0,0
2016/11/25,0,0,0,0
2016/11/28,0,0,0,0
2016/11/29,0,0,0,0
2016/11/30,0,0,0,0
2016/12/01,0,0,0,0
2016/12/02,0,0,0,0
2016/12/05,0,0,0,0
2016/12/06,0,0,0,0
2016/12/07,0,0,0,0
2016/12/08,0,0,0,0
2016/12/09,0,0,0,0
2016/12/12,0,0,0,0
2016/12/13,0,0,0,0
2016/12/14,0,0,0,0
2016/12/15,0,0,0,0
2016/12/16,0,0,0,0
2016/12/19,0,0,0,0
2016/12/20,0,0,0,0
2016/12/21,0,0,0,0
2016/12/22,0,0,0,0
2016/12/23,0,0,0,0
2016/12/26,0,0,0,0
2016/12/27,0,0,0,0
2016/12/28,0,0,0,0
2016/12/29,0,0,0,0
2016/12/30,0,0,0,0
2017/01/02,0,0,0,0
2017/01/03,0,0,0,0
2017/01/04,0,0,0,0
2017/01/05,0,6000,0,6000
2017/01/06,0,0,-2000,-2000
2017/01/09,0,0,0,0
2017/01/10,0,0,0,0
2017/01/11,0,0,0,0
2017/01/12,0,0,0,0
2017/01/13,0,0,0,0
2017/01/16,0,0,0,0
2017/01/17,0,0,0,0
2017/01/18,0,0,0,0
2017/01/19,0,0,0,0
2017/01/20,0,0,0,0
2017/01/23,0,140,0,140
2017/01/24,0,0,0,0
2017/01/25,0,0,0,0
2017/01/26,0,0,0,0
2017/01/27,0,0,0,0
2017/01/30,0,0,0,0
2017/01/31,0,0,0,0
2017/02/01,0,0,0,0
2017/02/02,0,0,0,0
2017/02/03,0,15000,0,15000
2017/02/06,0,0,0,0
2017/02/07,0,0,0,0
2017/02/08,0,0,0,0
2017/02/09,0,0,0,0
2017/02/10,0,0,0,0
2017/02/13,0,0,0,0
2017/02/14,0,0,0,0
2017/02/15,0,0,0,0
2017/02/16,0,0,0,0
2017/02/17,0,0,0,0
2017/02/20,0,0,0,0
2017/02/21,0,0,0,0
2017/02/22,0,0,0,0
2017/02/23,0,0,0,0
2017/02/24,0,0,0,0
2017/02/27,0,0,0,0
2017/02/28,0,0,0,0
2017/03/01,0,0,0,0
2017/03/02,0,0,0,0
2017/03/03,0,0,0,0
2017/03/06,0,0,0,0
2017/03/07,0,0,0,0
2017/03/08,0,0,0,0
2017/03/09,0,0,0,0
2017/03/10,0,0,0,0
2017/03/13,0,0,0,0
2017/03/14,0,0,0,0
2017/03/15,0,0,0,0
2017/03/16,0,0,0,0
2017/03/17,0,0,0,0
2017/03/20,0,40000,0,40000
2017/03/21,0,42000,0,42000
2017/03/22,0,0,0,0
2017/03/23,0,0,0,0
2017/03/24,0,0,0,0
2017/03/27,0,0,0,0
2017/03/28,0,0,0,0
2017/03/29,0,0,0,0
2017/03/30,0,0,0,0
2017/03/31,0,0,0,0
2017/04/03,0,0,0,0
2017/04/04,0,0,0,0
2017/04/05,0,0,0,0
2017/04/06,0,0,0,0
2017/04/07,0,0,0,0
2017/04/10,0,0,0,0
2017/04/11,0,0,0,0
2017/04/12,0,0,0,0
2017/04/13,0,0,0,0
2017/04/14,0,0,-8000,-8000
2017/04/17,0,0,0,0
2017/04/18,0,0,0,0
2017/04/19,0,0,0,0
