Date,Open,Buy,Sell,Total
2007/01/02,0,158000,-358000,-200000
2007/01/03,0,255000,0,255000
2007/01/04,0,329000,-52000,277000
2007/01/05,0,892000,-108000,784000
2007/01/08,0,179000,-791073,-612073
2007/01/09,0,35000,-177000,-142000
2007/01/10,0,452000,-407000,45000
2007/01/11,0,303000,-189000,114000
2007/01/12,0,1350000,-10000,1340000
2007/01/15,0,112000,-5000,107000
2007/01/16,0,195000,-185000,10000
2007/01/17,0,6000,-378000,-372000
2007/01/18,0,825000,-545000,280000
2007/01/19,0,794000,-243000,551000
2007/01/22,0,960000,-811000,149000
2007/01/23,0,775000,-761000,14000
2007/01/24,0,764000,-613000,151000
2007/01/25,0,92000,-127000,-35000
2007/01/26,0,351000,-1343895,-992895
2007/01/29,0,39000,0,39000
2007/01/30,0,243000,-1093000,-850000
2007/01/31,0,31000,-122000,-91000
2007/02/01,0,6960000,-15000,6945000
2007/02/02,0,3759000,-209317,3549683
2007/02/05,0,366000,-354248,11752
2007/02/06,0,608000,-1303000,-695000
2007/02/07,0,1800000,-537000,1263000
2007/02/08,0,258000,-145000,113000
2007/02/09,0,38000,-214000,-176000
2007/02/12,0,6000,-30000,-24000
2007/02/13,0,109000,-345226,-236226
2007/02/14,0,12000,-2000,10000
2007/02/15,0,0,0,0
2007/02/16,0,0,0,0
2007/02/19,0,0,0,0
2007/02/20,0,0,0,0
2007/02/21,0,0,0,0
2007/02/22,0,0,0,0
2007/02/23,0,0,0,0
2007/02/26,0,3000,-172229,-169229
2007/02/27,0,133000,-486000,-353000
2007/02/28,0,0,0,0
2007/03/01,0,1000,-245577,-244577
2007/03/02,0,74000,-1238000,-1164000
2007/03/05,0,136000,-1768000,-1632000
2007/03/06,0,684000,-89000,595000
2007/03/07,0,123000,-46883,76117
2007/03/08,0,884000,-110000,774000
2007/03/09,0,289000,-32000,257000
2007/03/12,0,660000,-148000,512000
2007/03/13,0,386000,-148000,238000
2007/03/14,0,274000,-263000,11000
2007/03/15,0,86000,-435000,-349000
2007/03/16,0,646000,-151000,495000
2007/03/19,0,14000,-97000,-83000
2007/03/20,0,140000,-25000,115000
2007/03/21,0,338000,0,338000
2007/03/22,0,16000,-441000,-425000
2007/03/23,0,295000,-73000,222000
2007/03/26,0,83000,-21000,62000
2007/03/27,0,133000,-41000,92000
2007/03/28,0,134000,-79000,55000
2007/03/29,0,0,-274000,-274000
2007/03/30,0,1362000,-634000,728000
2007/04/02,0,956000,-58000,898000
2007/04/03,0,348000,-461000,-113000
2007/04/04,0,851000,-50000,801000
2007/04/05,0,0,0,0
2007/04/06,0,0,0,0
2007/04/09,0,62000,-1000,61000
2007/04/10,0,21000,-38000,-17000
2007/04/11,0,255000,-8000,247000
2007/04/12,0,740000,-2731870,-1991870
2007/04/13,0,103000,-31000,72000
2007/04/16,0,219000,-2449000,-2230000
2007/04/17,0,198000,-2161662,-1963662
2007/04/18,0,706000,-514950,191050
2007/04/19,0,426000,-989000,-563000
2007/04/20,0,221000,-72000,149000
2007/04/23,0,626000,-814000,-188000
2007/04/24,0,676000,-701000,-25000
2007/04/25,0,0,-318000,-318000
2007/04/26,0,0,-5000,-5000
2007/04/27,0,100000,-230000,-130000
2007/04/30,0,17000,-456000,-439000
2007/05/01,0,0,0,0
2007/05/02,0,1895000,-20000,1875000
2007/05/03,0,286000,-25000,261000
2007/05/04,0,767000,-218597,548403
2007/05/07,0,316851,-663000,-346149
2007/05/08,0,1193000,-467000,726000
2007/05/09,0,405000,-166000,239000
2007/05/10,0,548000,-200000,348000
2007/05/11,0,52000,-635000,-583000
2007/05/14,0,449000,-609000,-160000
2007/05/15,0,211000,-16000,195000
2007/05/16,0,41000,-350000,-309000
2007/05/17,0,375000,-160000,215000
2007/05/18,0,135000,-197000,-62000
2007/05/21,0,38000,-400000,-362000
2007/05/22,0,1277000,0,1277000
2007/05/23,0,512000,0,512000
2007/05/24,0,574000,-150000,424000
2007/05/25,0,313000,-640000,-327000
2007/05/28,0,1053000,0,1053000
2007/05/29,0,2780000,-3759,2776241
2007/05/30,0,1854000,-1144000,710000
2007/05/31,0,9092692,-3743000,5349692
2007/06/01,0,2523000,-87766,2435234
2007/06/04,0,596000,-226000,370000
2007/06/05,0,768000,-199364,568636
2007/06/06,0,481000,-287000,194000
2007/06/07,0,1082000,-1619000,-537000
2007/06/08,0,53000,-469000,-416000
2007/06/11,0,172000,-32000,140000
2007/06/12,0,145000,-258641,-113641
2007/06/13,0,611000,-164000,447000
2007/06/14,0,1031000,-1090000,-59000
2007/06/15,0,2750000,-154000,2596000
2007/06/18,0,0,0,0
2007/06/19,0,0,0,0
2007/06/20,0,2650000,-394000,2256000
2007/06/21,0,5184000,-343000,4841000
2007/06/22,0,1638000,-130000,1508000
2007/06/25,0,511000,-1376000,-865000
2007/06/26,0,467000,-1211000,-744000
2007/06/27,0,3825000,-623000,3202000
2007/06/28,0,560000,-237000,323000
2007/06/29,0,714000,-731000,-17000
2007/07/02,0,616000,-353000,263000
2007/07/03,0,918000,-13000,905000
2007/07/04,0,2174000,-121000,2053000
2007/07/05,0,1437000,-13000,1424000
2007/07/06,0,955000,-220000,735000
2007/07/09,0,1594000,-2223000,-629000
2007/07/10,0,1910000,-262000,1648000
2007/07/11,0,270000,-1176000,-906000
2007/07/12,0,550000,-509000,41000
2007/07/13,0,3153000,-1758000,1395000
2007/07/16,0,116000,-459000,-343000
2007/07/17,0,561000,-169000,392000
2007/07/18,0,938000,-1315000,-377000
2007/07/19,0,4245000,-6230000,-1985000
2007/07/20,0,1273000,-890000,383000
2007/07/23,0,1293000,-114000,1179000
2007/07/24,0,963000,-228000,735000
2007/07/25,0,308000,-331000,-23000
2007/07/26,0,434000,-635000,-201000
2007/07/27,0,1079000,-2026000,-947000
2007/07/30,0,1668000,-1092000,576000
2007/07/31,0,1706000,-767000,939000
2007/08/01,0,90000,-2168000,-2078000
2007/08/02,0,989000,-592000,397000
2007/08/03,0,408000,-572000,-164000
2007/08/06,0,137000,-485000,-348000
2007/08/07,0,2652000,-361000,2291000
2007/08/08,0,1331000,-170000,1161000
2007/08/09,0,1255000,-375000,880000
2007/08/10,0,410000,-682435,-272435
2007/08/13,0,304000,-295460,8540
2007/08/14,0,516000,-233000,283000
2007/08/15,0,219837,-3708000,-3488163
2007/08/16,0,544000,-902000,-358000
2007/08/17,0,630000,-3395000,-2765000
2007/08/20,0,323000,-379052,-56052
2007/08/21,0,673000,-199000,474000
2007/08/22,0,230000,-1013000,-783000
2007/08/23,0,1206000,-1113000,93000
2007/08/24,0,143000,-2217000,-2074000
2007/08/27,0,833000,-287000,546000
2007/08/28,0,165000,-481000,-316000
2007/08/29,0,606835,-232540,374295
2007/08/30,0,4324000,-770000,3554000
2007/08/31,0,1202000,-556102,645898
2007/09/03,0,162000,-18000,144000
2007/09/04,0,1001041,-585276,415765
2007/09/05,0,154000,-1151000,-997000
2007/09/06,0,165000,-123191,41809
2007/09/07,0,30000,-861000,-831000
2007/09/10,0,322000,-379079,-57079
2007/09/11,0,120000,-126790,-6790
2007/09/12,0,680000,-808372,-128372
2007/09/13,0,782200,-914015,-131815
2007/09/14,0,2847000,-964268,1882732
2007/09/17,0,4000,-251000,-247000
2007/09/18,0,0,0,0
2007/09/19,0,1713465,-440000,1273465
2007/09/20,0,1426000,-103000,1323000
2007/09/21,0,369000,-151671,217329
2007/09/24,0,0,0,0
2007/09/25,0,0,0,0
2007/09/26,0,1493129,-606923,886206
2007/09/27,0,2237000,-191000,2046000
2007/09/28,0,331000,-513000,-182000
2007/10/01,0,194377,-142976,51401
2007/10/02,0,729000,-382000,347000
2007/10/03,0,641000,-258528,382472
2007/10/04,0,1580000,-816666,763334
2007/10/05,0,2940000,-553453,2386547
2007/10/08,0,1699000,-1235186,463814
2007/10/09,0,2249000,-486000,1763000
2007/10/10,0,0,0,0
2007/10/11,0,904000,-666000,238000
2007/10/12,0,787000,-1831377,-1044377
2007/10/15,0,840000,-403000,437000
2007/10/16,0,1523000,-3737697,-2214697
2007/10/17,0,384000,-1303028,-919028
2007/10/18,0,435000,-1569920,-1134920
2007/10/19,0,139000,-345798,-206798
2007/10/22,0,1900000,-1809000,91000
2007/10/23,0,1812163,-724195,1087968
2007/10/24,0,326000,-605144,-279144
2007/10/25,0,2849689,-821000,2028689
2007/10/26,0,1900000,-467054,1432946
2007/10/29,0,1381000,-263000,1118000
2007/10/30,0,5093000,-1044418,4048582
2007/10/31,0,2659000,-1046000,1613000
2007/11/01,0,752000,-643000,109000
2007/11/02,0,188000,-2454000,-2266000
2007/11/05,0,217000,-663158,-446158
2007/11/06,0,2150652,-532652,1618000
2007/11/07,0,965000,-389000,576000
2007/11/08,0,2862000,-699000,2163000
2007/11/09,0,1605000,-553000,1052000
2007/11/12,0,647000,-2521522,-1874522
2007/11/13,0,936000,-1656570,-720570
2007/11/14,0,1645000,-89000,1556000
2007/11/15,0,1104000,-414755,689245
2007/11/16,0,105000,-567217,-462217
2007/11/19,0,1253000,-234000,1019000
2007/11/20,0,694000,-886000,-192000
2007/11/21,0,1591000,-816383,774617
2007/11/22,0,3641000,-741793,2899207
2007/11/23,0,1419000,-1233186,185814
2007/11/26,0,1031000,-142000,889000
2007/11/27,0,2698000,-373000,2325000
2007/11/28,0,1748000,-328000,1420000
2007/11/29,0,5787615,-135000,5652615
2007/11/30,0,6125000,-2177522,3947478
2007/12/03,0,2444191,-968361,1475830
2007/12/04,0,6452000,-2831000,3621000
2007/12/05,0,6912000,-1305754,5606246
2007/12/06,0,6684556,-745355,5939201
2007/12/07,0,2885984,-1107528,1778456
2007/12/10,0,1806000,-156000,1650000
2007/12/11,0,6220000,-655463,5564537
2007/12/12,0,2074000,-745858,1328142
2007/12/13,0,1842000,-563394,1278606
2007/12/14,0,1452000,-399384,1052616
2007/12/17,0,989000,-1009535,-20535
2007/12/18,0,4646000,-1348395,3297605
2007/12/19,0,3824707,-2641420,1183287
2007/12/20,0,897000,-814000,83000
2007/12/21,0,1571000,-1145897,425103
2007/12/24,0,1498000,-1646705,-148705
2007/12/25,0,57000,-26000,31000
2007/12/26,0,177000,-21000,156000
2007/12/27,0,1465000,-443393,1021607
2007/12/28,0,2161000,-455433,1705567
2007/12/31,0,2786000,-516044,2269956
2008/01/01,0,0,0,0
2008/01/02,0,1443000,-466058,976942
2008/01/03,0,2387000,-415000,1972000
2008/01/04,0,1060000,-532000,528000
2008/01/07,0,1178000,-673230,504770
2008/01/08,0,975000,-319000,656000
2008/01/09,0,1832000,-608975,1223025
2008/01/10,0,1993074,-218000,1775074
2008/01/11,0,498000,-161000,337000
2008/01/14,0,859861,-1181179,-321318
2008/01/15,0,632000,-1753000,-1121000
2008/01/16,0,583000,-2026000,-1443000
2008/01/17,0,413729,-3215002,-2801273
2008/01/18,0,2402100,-4165935,-1763835
2008/01/21,0,609000,-511000,98000
2008/01/22,0,113812,-428049,-314237
2008/01/23,0,1497000,-1032000,465000
2008/01/24,0,657000,-1580314,-923314
2008/01/25,0,2825000,-1064000,1761000
2008/01/28,0,865000,-1528270,-663270
2008/01/29,0,616000,-2644412,-2028412
2008/01/30,0,1215384,-5327790,-4112406
2008/01/31,0,2917000,-5278000,-2361000
2008/02/01,0,405000,-6906852,-6501852
2008/02/04,0,0,0,0
2008/02/05,0,0,0,0
2008/02/06,0,0,0,0
2008/02/07,0,0,0,0
2008/02/08,0,0,0,0
2008/02/11,0,0,0,0
2008/02/12,0,2263000,-8246391,-5983391
2008/02/13,0,1919000,-5468580,-3549580
2008/02/14,0,264000,-5589225,-5325225
2008/02/15,0,1558000,-758000,800000
2008/02/18,0,202000,-1645000,-1443000
2008/02/19,0,3668000,-1061000,2607000
2008/02/20,0,994000,-547000,447000
2008/02/21,0,1476000,-465038,1010962
2008/02/22,0,1145005,-3344000,-2198995
2008/02/25,0,736000,-832000,-96000
2008/02/26,0,699000,-383000,316000
2008/02/27,0,1834000,-634000,1200000
2008/02/28,0,0,0,0
2008/02/29,0,2702201,-972100,1730101
2008/03/03,0,149000,-1560000,-1411000
2008/03/04,0,1113000,-1511880,-398880
2008/03/05,0,1360000,-2261172,-901172
2008/03/06,0,2087000,-176000,1911000
2008/03/07,0,2939286,-1011000,1928286
2008/03/10,0,4794701,-817650,3977051
2008/03/11,0,204000,-1557978,-1353978
2008/03/12,0,662000,-828353,-166353
2008/03/13,0,501000,-1540000,-1039000
2008/03/14,0,266000,-1082025,-816025
2008/03/17,0,1175000,-807000,368000
2008/03/18,0,143000,-538300,-395300
2008/03/19,0,238000,-98000,140000
2008/03/20,0,578000,-155000,423000
2008/03/21,0,782000,-41000,741000
2008/03/24,0,2567000,-2000,2565000
2008/03/25,0,727000,-79000,648000
2008/03/26,0,581000,-326000,255000
2008/03/27,0,456265,-8389097,-7932832
2008/03/28,0,1048863,-4164000,-3115137
2008/03/31,0,1372298,-2754997,-1382699
2008/04/01,0,594298,-2161000,-1566702
2008/04/02,0,525000,-1612000,-1087000
2008/04/03,0,869402,-222889,646513
2008/04/04,0,0,0,0
2008/04/07,0,506000,-28000,478000
2008/04/08,0,385000,-674000,-289000
2008/04/09,0,362000,-374000,-12000
2008/04/10,0,881000,-91000,790000
2008/04/11,0,1134000,-370143,763857
2008/04/14,0,47000,-325000,-278000
2008/04/15,0,31000,-1439000,-1408000
2008/04/16,0,325000,-1173000,-848000
2008/04/17,0,593000,-1823123,-1230123
2008/04/18,0,243000,-12124201,-11881201
2008/04/21,0,600000,-2161525,-1561525
2008/04/22,0,87000,-476366,-389366
2008/04/23,0,1617000,-651000,966000
2008/04/24,0,151000,-1448515,-1297515
2008/04/25,0,707000,-310844,396156
2008/04/28,0,647000,-553000,94000
2008/04/29,0,667000,-509000,158000
2008/04/30,0,130000,-1548129,-1418129
2008/05/01,0,0,0,0
2008/05/02,0,3859000,-541593,3317407
2008/05/05,0,1396000,-673000,723000
2008/05/06,0,758000,-169000,589000
2008/05/07,0,1127047,-243000,884047
2008/05/08,0,513000,-1144000,-631000
2008/05/09,0,51000,-565000,-514000
2008/05/12,0,142000,-177509,-35509
2008/05/13,0,3457000,-127433,3329567
2008/05/14,0,12230000,-680000,11550000
2008/05/15,0,3376000,-2753326,622674
2008/05/16,0,2824000,-422642,2401358
2008/05/19,0,525000,-1019000,-494000
2008/05/20,0,843000,-390000,453000
2008/05/21,0,1520000,-1714952,-194952
2008/05/22,0,172000,-1300576,-1128576
2008/05/23,0,518000,-1964000,-1446000
2008/05/26,0,361000,-4319100,-3958100
2008/05/27,0,208000,-558000,-350000
2008/05/28,0,574000,-493000,81000
2008/05/29,0,310000,-797000,-487000
2008/05/30,0,737000,-632362,104638
2008/06/02,0,145000,-749000,-604000
2008/06/03,0,74000,-2692980,-2618980
2008/06/04,0,114000,-469000,-355000
2008/06/05,0,513000,-459000,54000
2008/06/06,0,504000,-672000,-168000
2008/06/09,0,83000,-1114000,-1031000
2008/06/10,0,433000,-1070078,-637078
2008/06/11,0,61000,-107884,-46884
2008/06/12,0,162000,-1034900,-872900
2008/06/13,0,1296000,-1640000,-344000
2008/06/16,0,768000,-987000,-219000
2008/06/17,0,99953,-459800,-359847
2008/06/18,0,82000,-720000,-638000
2008/06/19,0,63046,-672937,-609891
2008/06/20,0,174619,-227200,-52581
2008/06/23,0,366190,-41000,325190
2008/06/24,0,322000,-121000,201000
2008/06/25,0,899000,-360307,538693
2008/06/26,0,2264000,-7676000,-5412000
2008/06/27,0,1708000,-1077000,631000
2008/06/30,0,1164000,-1329000,-165000
2008/07/01,0,3241000,-2332144,908856
2008/07/02,0,767000,-1868545,-1101545
2008/07/03,0,778948,-5401000,-4622052
2008/07/04,0,336900,-1625865,-1288965
2008/07/07,0,1022050,-257000,765050
2008/07/08,0,119000,-1274000,-1155000
2008/07/09,0,1859000,-1594000,265000
2008/07/10,0,710000,-821000,-111000
2008/07/11,0,1426032,-516000,910032
2008/07/14,0,567000,-597000,-30000
2008/07/15,0,3234000,-703000,2531000
2008/07/16,0,756100,-3325400,-2569300
2008/07/17,0,1183000,-1237000,-54000
2008/07/18,0,2635000,-1116000,1519000
2008/07/21,0,3187000,-770000,2417000
2008/07/22,0,3955000,-403000,3552000
2008/07/23,0,1687000,-901000,786000
2008/07/24,0,957000,-861000,96000
2008/07/25,0,25000,-716000,-691000
2008/07/28,0,0,0,0
2008/07/29,0,1766000,-666000,1100000
2008/07/30,0,1415000,-2974786,-1559786
2008/07/31,0,5933000,-3752841,2180159
2008/08/01,0,2763000,-1130000,1633000
2008/08/04,0,1586000,-351000,1235000
2008/08/05,0,875000,-7226000,-6351000
2008/08/06,0,1676000,-3257000,-1581000
2008/08/07,0,217000,-706075,-489075
2008/08/08,0,864000,-235000,629000
2008/08/11,0,3957000,-414000,3543000
2008/08/12,0,1065000,-487000,578000
2008/08/13,0,363000,-949000,-586000
2008/08/14,0,891726,-549000,342726
2008/08/15,0,1698000,-443000,1255000
2008/08/18,0,159000,-2083982,-1924982
2008/08/19,0,1973199,-1323000,650199
2008/08/20,0,519000,-1905000,-1386000
2008/08/21,0,140000,-1604000,-1464000
2008/08/22,0,166000,-1652616,-1486616
2008/08/25,0,558000,-3829000,-3271000
2008/08/26,0,20000,-3225000,-3205000
2008/08/27,0,458000,-3289000,-2831000
2008/08/28,0,567000,-632000,-65000
2008/08/29,0,247000,-586001,-339001
2008/09/01,0,148000,-758000,-610000
2008/09/02,0,1308000,-175177,1132823
2008/09/03,0,1821000,-620910,1200090
2008/09/04,0,753400,-1787000,-1033600
2008/09/05,0,422000,-1325000,-903000
2008/09/08,0,944000,-518000,426000
2008/09/09,0,56000,-235086,-179086
2008/09/10,0,104000,-1307313,-1203313
2008/09/11,0,493000,-3671291,-3178291
2008/09/12,0,745000,-345319,399681
2008/09/15,0,486000,-864000,-378000
2008/09/16,0,415679,-353005,62674
2008/09/17,0,964386,-2763679,-1799293
2008/09/18,0,589000,-1044389,-455389
2008/09/19,0,1618000,-862945,755055
2008/09/22,0,165000,-3942000,-3777000
2008/09/23,0,585539,-3602078,-3016539
2008/09/24,0,979557,-3440882,-2461325
2008/09/25,0,2028000,-2468114,-440114
2008/09/26,0,774548,-3623000,-2848452
2008/09/29,0,0,0,0
2008/09/30,0,320000,-2980049,-2660049
2008/10/01,0,4782000,-3401938,1380062
2008/10/02,0,3770000,-1493600,2276400
2008/10/03,0,2606000,-480000,2126000
2008/10/06,0,1375999,-1217240,158759
2008/10/07,0,312000,-437686,-125686
2008/10/08,0,118000,-438000,-320000
2008/10/09,0,3244000,-3350737,-106737
2008/10/10,0,0,0,0
2008/10/13,0,388369,-16049,372320
2008/10/14,0,399000,-684398,-285398
2008/10/15,0,2170000,-1035531,1134469
2008/10/16,0,140000,-17000,123000
2008/10/17,0,2383000,-1929000,454000
2008/10/20,0,1256000,-1020777,235223
2008/10/21,0,165568,-546000,-380432
2008/10/22,0,2076000,-309001,1766999
2008/10/23,0,1043490,-452000,591490
2008/10/24,0,978718,-1094000,-115282
2008/10/27,0,13000,-1143368,-1130368
2008/10/28,0,214934,-1212407,-997473
2008/10/29,0,2234996,-1644997,589999
2008/10/30,0,469000,-704000,-235000
2008/10/31,0,36000,-688890,-652890
2008/11/03,0,251000,-77000,174000
2008/11/04,0,663000,-316916,346084
2008/11/05,0,408000,-1714997,-1306997
2008/11/06,0,38000,-397000,-359000
2008/11/07,0,140000,-546000,-406000
2008/11/10,0,378000,-779688,-401688
2008/11/11,0,283000,-252258,30742
2008/11/12,0,581000,-229000,352000
2008/11/13,0,230020,-489000,-258980
2008/11/14,0,67000,-318100,-251100
2008/11/17,0,221000,-40000,181000
2008/11/18,0,897293,-1153808,-256515
2008/11/19,0,161000,-355000,-194000
2008/11/20,0,2369054,-337238,2031816
2008/11/21,0,483000,-279000,204000
2008/11/24,0,678168,-416087,262081
2008/11/25,0,2000,-49907,-47907
2008/11/26,0,444000,-1648504,-1204504
2008/11/27,0,745000,-1488200,-743200
2008/11/28,0,511000,-1102946,-591946
2008/12/01,0,595000,-114000,481000
2008/12/02,0,1073000,-713256,359744
2008/12/03,0,591000,-503000,88000
2008/12/04,0,253000,-1432377,-1179377
2008/12/05,0,313000,-570261,-257261
2008/12/08,0,2098000,-167000,1931000
2008/12/09,0,935408,-858000,77408
2008/12/10,0,1973000,-1904000,69000
2008/12/11,0,1169000,-1475000,-306000
2008/12/12,0,780000,-1934000,-1154000
2008/12/15,0,1854000,-116000,1738000
2008/12/16,0,1477000,-328000,1149000
2008/12/17,0,905000,-2870000,-1965000
2008/12/18,0,1196000,-324839,871161
2008/12/19,0,609000,-2171600,-1562600
2008/12/22,0,990000,-1425001,-435001
2008/12/23,0,79000,-1758000,-1679000
2008/12/24,0,181106,-228000,-46894
2008/12/25,0,146000,-217000,-71000
2008/12/26,0,106000,-339000,-233000
2008/12/29,0,75000,-373986,-298986
2008/12/30,0,742000,-3591375,-2849375
2008/12/31,0,831000,-210000,621000
2009/01/01,0,0,0,0
2009/01/02,0,0,0,0
2009/01/05,0,339000,-444000,-105000
2009/01/06,0,2814000,-1505379,1308621
2009/01/07,0,271000,-1869137,-1598137
2009/01/08,0,667000,-857000,-190000
2009/01/09,0,223000,-310000,-87000
2009/01/12,0,915000,-1711084,-796084
2009/01/13,0,384000,-175342,208658
2009/01/14,0,197000,-3931529,-3734529
2009/01/15,0,1771000,-4052565,-2281565
2009/01/16,0,761000,-666109,94891
2009/01/19,0,1791000,-366390,1424610
2009/01/20,0,759000,-1561000,-802000
2009/01/21,0,2180179,-1302228,877951
2009/01/22,0,0,0,0
2009/01/23,0,0,0,0
2009/01/26,0,0,0,0
2009/01/27,0,0,0,0
2009/01/28,0,0,0,0
2009/01/29,0,0,0,0
2009/01/30,0,0,0,0
2009/02/02,0,1605000,-1062319,542681
2009/02/03,0,2633000,-1293320,1339680
2009/02/04,0,6628000,-683000,5945000
2009/02/05,0,1949000,-1238000,711000
2009/02/06,0,4941000,-446000,4495000
2009/02/09,0,15225000,-1946086,13278914
2009/02/10,0,5476000,-2324019,3151981
2009/02/11,0,161000,-1554000,-1393000
2009/02/12,0,153000,-1369000,-1216000
2009/02/13,0,415000,-1467218,-1052218
2009/02/16,0,7550000,-248000,7302000
2009/02/17,0,10049000,-1354312,8694688
2009/02/18,0,4373000,-280089,4092911
2009/02/19,0,1306920,-375920,931000
2009/02/20,0,74000,-737299,-663299
2009/02/23,0,226000,-902000,-676000
2009/02/24,0,451000,-241230,209770
2009/02/25,0,1869000,-435870,1433130
2009/02/26,0,287000,-363180,-76180
2009/02/27,0,238000,-1673058,-1435058
2009/03/02,0,212760,-3209000,-2996240
2009/03/03,0,251000,-2187100,-1936100
2009/03/04,0,1071000,-1241000,-170000
2009/03/05,0,1534000,-1493000,41000
2009/03/06,0,535540,-581000,-45460
2009/03/09,0,324000,-349000,-25000
2009/03/10,0,343539,-921059,-577520
2009/03/11,0,101000,-2060550,-1959550
2009/03/12,0,1019000,-2734000,-1715000
2009/03/13,0,2009000,-3971272,-1962272
2009/03/16,0,304000,-30272,273728
2009/03/17,0,501000,-155920,345080
2009/03/18,0,1819000,-366000,1453000
2009/03/19,0,378000,-458000,-80000
2009/03/20,0,360000,-7183680,-6823680
2009/03/23,0,1518000,-348000,1170000
2009/03/24,0,3965000,-825000,3140000
2009/03/25,0,853000,-274240,578760
2009/03/26,0,3666000,-121000,3545000
2009/03/27,0,2062000,-725000,1337000
2009/03/30,0,2181000,-169000,2012000
2009/03/31,0,769000,-127794,641206
2009/04/01,0,924000,-277000,647000
2009/04/02,0,4625000,-417000,4208000
2009/04/03,0,4245000,-554000,3691000
2009/04/06,0,663000,-2716000,-2053000
2009/04/07,0,247000,-350000,-103000
2009/04/08,0,663000,-822000,-159000
2009/04/09,0,2883000,-1285000,1598000
2009/04/10,0,4030000,-1304000,2726000
2009/04/13,0,1468000,-653000,815000
2009/04/14,0,1065000,-4627000,-3562000
2009/04/15,0,444000,-5632000,-5188000
2009/04/16,0,640000,-717000,-77000
2009/04/17,0,2038171,-281000,1757171
2009/04/20,0,2440000,-454000,1986000
2009/04/21,0,674000,-910000,-236000
2009/04/22,0,881000,-967000,-86000
2009/04/23,0,1103000,-1124000,-21000
2009/04/24,0,355000,-348000,7000
2009/04/27,0,415000,-184000,231000
2009/04/28,0,652000,-175000,477000
2009/04/29,0,849000,-656000,193000
2009/04/30,0,3538000,-602000,2936000
2009/05/01,0,0,0,0
2009/05/04,0,1194000,-21000,1173000
2009/05/05,0,3432000,-237000,3195000
2009/05/06,0,839000,-693748,145252
2009/05/07,0,3314134,-2697000,617134
2009/05/08,0,890000,-590000,300000
2009/05/11,0,1321000,-1186013,134987
2009/05/12,0,754000,-2986000,-2232000
2009/05/13,0,674000,-1084000,-410000
2009/05/14,0,1246000,-2533000,-1287000
2009/05/15,0,664000,-1856500,-1192500
2009/05/18,0,601000,-1805490,-1204490
2009/05/19,0,2860000,-201161,2658839
2009/05/20,0,2292000,-984000,1308000
2009/05/21,0,438090,-1317550,-879460
2009/05/22,0,2309000,-3227000,-918000
2009/05/25,0,1645000,-1678794,-33794
2009/05/26,0,1400000,-6317000,-4917000
2009/05/27,0,1886056,-3922807,-2036751
2009/05/28,0,0,0,0
2009/05/29,0,0,0,0
2009/06/01,0,1084000,-1026486,57514
2009/06/02,0,954199,-1098199,-144000
2009/06/03,0,1605100,-1060090,545010
2009/06/04,0,807000,-1034513,-227513
2009/06/05,0,1899498,-150099,1749399
2009/06/08,0,380000,-1480000,-1100000
2009/06/09,0,1693000,-1123000,570000
2009/06/10,0,1942000,-1181506,760494
2009/06/11,0,2898000,-1780780,1117220
2009/06/12,0,3104503,-1606000,1498503
2009/06/15,0,593000,-1645000,-1052000
2009/06/16,0,848000,-227440,620560
2009/06/17,0,1076000,-310000,766000
2009/06/18,0,179000,-674000,-495000
2009/06/19,0,1105000,-676000,429000
2009/06/22,0,2537491,-1349000,1188491
2009/06/23,0,273100,-744000,-470900
2009/06/24,0,3548005,-1228000,2320005
2009/06/25,0,3543934,-1325000,2218934
2009/06/26,0,5909000,-865000,5044000
2009/06/29,0,660000,-1259000,-599000
2009/06/30,0,1990000,-978810,1011190
2009/07/01,0,598000,-199000,399000
2009/07/02,0,932000,-331000,601000
2009/07/03,0,394537,-385000,9537
2009/07/06,0,342000,-645000,-303000
2009/07/07,0,1562000,-377932,1184068
2009/07/08,0,539000,-1981000,-1442000
2009/07/09,0,1839000,-550000,1289000
2009/07/10,0,102000,-335000,-233000
2009/07/13,0,132000,-1167000,-1035000
2009/07/14,0,175000,-486590,-311590
2009/07/15,0,1887000,-153324,1733676
2009/07/16,0,604000,-385811,218189
2009/07/17,0,561315,-276380,284935
2009/07/20,0,740000,-304000,436000
2009/07/21,0,234000,-55200,178800
2009/07/22,0,563000,-114000,449000
2009/07/23,0,318000,-420980,-102980
2009/07/24,0,378000,-580320,-202320
2009/07/27,0,1798000,-457000,1341000
2009/07/28,0,430000,-425000,5000
2009/07/29,0,1884729,-845000,1039729
2009/07/30,0,1575071,-1355000,220071
2009/07/31,0,884965,-2712000,-1827035
2009/08/03,0,293000,-1548000,-1255000
2009/08/04,0,1696000,-633000,1063000
2009/08/05,0,1466000,-830000,636000
2009/08/06,0,659000,-5072000,-4413000
2009/08/07,0,0,0,0
2009/08/10,0,1576623,-1165000,411623
2009/08/11,0,2275000,-380159,1894841
2009/08/12,0,1134500,-4743000,-3608500
2009/08/13,0,2090000,-1965311,124689
2009/08/14,0,912000,-398000,514000
2009/08/17,0,1363000,-412000,951000
2009/08/18,0,845000,-716000,129000
2009/08/19,0,303000,-189249,113751
2009/08/20,0,1588000,-1000811,587189
2009/08/21,0,1125000,-741050,383950
2009/08/24,0,1724000,-197000,1527000
2009/08/25,0,342000,-376000,-34000
2009/08/26,0,6543000,-2229000,4314000
2009/08/27,0,1868000,-963000,905000
2009/08/28,0,3235000,-508000,2727000
2009/08/31,0,7649000,-1844473,5804527
2009/09/01,0,5265000,-2238458,3026542
2009/09/02,0,3337000,-1208000,2129000
2009/09/03,0,3317000,-784600,2532400
2009/09/04,0,1155000,-1133000,22000
2009/09/07,0,657000,-634000,23000
2009/09/08,0,4244000,-213000,4031000
2009/09/09,0,611425,-2026032,-1414607
2009/09/10,0,1623744,-1874600,-250856
2009/09/11,0,1348000,-2028000,-680000
2009/09/14,0,295000,-5096000,-4801000
2009/09/15,0,2734000,-8191000,-5457000
2009/09/16,0,2984000,-4006000,-1022000
2009/09/17,0,14603000,-2745360,11857640
2009/09/18,0,2024000,-2888000,-864000
2009/09/21,0,3430000,-2247000,1183000
2009/09/22,0,1529000,-2019000,-490000
2009/09/23,0,1458000,-835000,623000
2009/09/24,0,1603000,-372000,1231000
2009/09/25,0,1811000,-2120510,-309510
2009/09/28,0,5871000,-2522000,3349000
2009/09/29,0,4656000,-2816000,1840000
2009/09/30,0,4897000,-2527000,2370000
2009/10/01,0,7408000,-2533029,4874971
2009/10/02,0,2041000,-12407350,-10366350
2009/10/05,0,2408000,-8782000,-6374000
2009/10/06,0,2574669,-3521000,-946331
2009/10/07,0,2485000,-941149,1543851
2009/10/08,0,6672862,-6327000,345862
2009/10/09,0,6260000,-521507,5738493
2009/10/12,0,1971000,-532000,1439000
2009/10/13,0,4500360,-1473422,3026938
2009/10/14,0,4424000,-2575000,1849000
2009/10/15,0,2676000,-1742000,934000
2009/10/16,0,1325000,-1840000,-515000
2009/10/19,0,2102415,-767000,1335415
2009/10/20,0,5502316,-4199000,1303316
2009/10/21,0,2602000,-970000,1632000
2009/10/22,0,3885010,-1240000,2645010
2009/10/23,0,6392000,-939000,5453000
2009/10/26,0,1425000,-495000,930000
2009/10/27,0,4972000,-1909000,3063000
2009/10/28,0,3787000,-8570735,-4783735
2009/10/29,0,5227000,-13838265,-8611265
2009/10/30,0,3361000,-3586000,-225000
2009/11/02,0,1112000,-930838,181162
2009/11/03,0,1254000,-2185000,-931000
2009/11/04,0,726000,-889164,-163164
2009/11/05,0,2939717,-1193000,1746717
2009/11/06,0,2915700,-1864000,1051700
2009/11/09,0,1093506,-920506,173000
2009/11/10,0,1890000,-900635,989365
2009/11/11,0,744800,-637000,107800
2009/11/12,0,3179201,-515000,2664201
2009/11/13,0,469000,-1360000,-891000
2009/11/16,0,2325000,-197000,2128000
2009/11/17,0,1364717,-545000,819717
2009/11/18,0,1569000,-3693000,-2124000
2009/11/19,0,1533508,-3102910,-1569402
2009/11/20,0,1300000,-3124090,-1824090
2009/11/23,0,2607000,-1670000,937000
2009/11/24,0,892000,-2412267,-1520267
2009/11/25,0,1960235,-3454000,-1493765
2009/11/26,0,1731000,-557000,1174000
2009/11/27,0,1359000,-1917740,-558740
2009/11/30,0,507897,-1052370,-544473
2009/12/01,0,1087000,-1132299,-45299
2009/12/02,0,1936000,-371000,1565000
2009/12/03,0,1537000,-2641986,-1104986
2009/12/04,0,1434000,-1255000,179000
2009/12/07,0,1133000,-222133,910867
2009/12/08,0,2859000,-1078000,1781000
2009/12/09,0,4345000,-3491090,853910
2009/12/10,0,6717000,-4334730,2382270
2009/12/11,0,2207000,-5484193,-3277193
2009/12/14,0,3622000,-2466000,1156000
2009/12/15,0,2221000,-1263000,958000
2009/12/16,0,4384000,-4901000,-517000
2009/12/17,0,3401130,-1739000,1662130
2009/12/18,0,1981820,-1392980,588840
2009/12/21,0,8228000,-220000,8008000
2009/12/22,0,5689506,-2412506,3277000
2009/12/23,0,2263000,-504092,1758908
2009/12/24,0,1836000,-211000,1625000
2009/12/25,0,280000,-39000,241000
2009/12/28,0,1254000,-813000,441000
2009/12/29,0,300000,-266065,33935
2009/12/30,0,2603000,-1854470,748530
2009/12/31,0,425000,-409069,15931
2010/01/01,0,0,0,0
2010/01/04,0,408000,-347000,61000
2010/01/05,0,5416000,-3072000,2344000
2010/01/06,0,2778886,-2251000,527886
2010/01/07,0,1664000,-3380801,-1716801
2010/01/08,0,777840,-1172800,-394960
2010/01/11,0,372000,-822000,-450000
2010/01/12,0,581000,-1289000,-708000
2010/01/13,0,130000,-615000,-485000
2010/01/14,0,1221000,-2517514,-1296514
2010/01/15,0,508600,-3622000,-3113400
2010/01/18,0,546000,-2881000,-2335000
2010/01/19,0,1237000,-4103320,-2866320
2010/01/20,0,2941000,-2640000,301000
2010/01/21,0,1124000,-647145,476855
2010/01/22,0,666500,-3978935,-3312435
2010/01/25,0,1542260,-1359100,183160
2010/01/26,0,1549500,-2794000,-1244500
2010/01/27,0,2733000,-3571820,-838820
2010/01/28,0,3222000,-2436000,786000
2010/01/29,0,2598749,-1225780,1372969
2010/02/01,0,856455,-4043046,-3186591
2010/02/02,0,4657000,-3100860,1556140
2010/02/03,0,3740660,-4226506,-485846
2010/02/04,0,362000,-2678000,-2316000
2010/02/05,0,1246000,-3756120,-2510120
2010/02/08,0,522533,-3533594,-3011061
2010/02/09,0,4444000,-8479350,-4035350
2010/02/10,0,4838326,-10032475,-5194149
2010/02/11,0,0,0,0
2010/02/12,0,0,0,0
2010/02/15,0,0,0,0
2010/02/16,0,0,0,0
2010/02/17,0,0,0,0
2010/02/18,0,0,0,0
2010/02/19,0,0,0,0
2010/02/22,0,3720688,-4394000,-673312
2010/02/23,0,2408000,-9083000,-6675000
2010/02/24,0,1932000,-6907000,-4975000
2010/02/25,0,2055350,-4157500,-2102150
2010/02/26,0,1387000,-7803898,-6416898
2010/03/01,0,4958000,-6021000,-1063000
2010/03/02,0,1426194,-4603200,-3177006
2010/03/03,0,1717000,-2261000,-544000
2010/03/04,0,896000,-2112994,-1216994
2010/03/05,0,1175000,-1666000,-491000
2010/03/08,0,2011000,-2088000,-77000
2010/03/09,0,829970,-126000,703970
2010/03/10,0,950000,-496996,453004
2010/03/11,0,2603000,-1120000,1483000
2010/03/12,0,1918000,-647000,1271000
2010/03/15,0,637000,-801000,-164000
2010/03/16,0,962000,-5785000,-4823000
2010/03/17,0,6659500,-632773,6026727
2010/03/18,0,13151000,-4524100,8626900
2010/03/19,0,11962000,-6963250,4998750
2010/03/22,0,3684000,-4811290,-1127290
2010/03/23,0,710000,-2810000,-2100000
2010/03/24,0,3531000,-1301072,2229928
2010/03/25,0,1795000,-3485000,-1690000
2010/03/26,0,2583200,-4292072,-1708872
2010/03/29,0,4213000,-3805000,408000
2010/03/30,0,3793931,-3946000,-152069
2010/03/31,0,2469000,-6186030,-3717030
2010/04/01,0,2269503,-3935670,-1666167
2010/04/02,0,3470000,-813000,2657000
2010/04/05,0,0,0,0
2010/04/06,0,4276200,-1196136,3080064
2010/04/07,0,3460580,-1790000,1670580
2010/04/08,0,2995625,-2803000,192625
2010/04/09,0,3755000,-4581600,-826600
2010/04/12,0,1818025,-2595000,-776975
2010/04/13,0,1574000,-2896000,-1322000
2010/04/14,0,1877000,-4734600,-2857600
2010/04/15,0,1742000,-3044000,-1302000
2010/04/16,0,3370970,-4226871,-855901
2010/04/19,0,4197000,-785000,3412000
2010/04/20,0,1275000,-3627000,-2352000
2010/04/21,0,2534000,-1469000,1065000
2010/04/22,0,1653000,-2066469,-413469
2010/04/23,0,2278000,-1068000,1210000
2010/04/26,0,1942000,-517000,1425000
2010/04/27,0,3109000,-2148000,961000
2010/04/28,0,1543175,-3148095,-1604920
2010/04/29,0,1357000,-1276000,81000
2010/04/30,0,2243832,-3078510,-834678
2010/05/03,0,3262259,-3544000,-281741
2010/05/04,0,1795175,-1397000,398175
2010/05/05,0,403000,-4440663,-4037663
2010/05/06,0,1538000,-3312000,-1774000
2010/05/07,0,3378480,-2880440,498040
2010/05/10,0,954840,-2217160,-1262320
2010/05/11,0,1848450,-1995000,-146550
2010/05/12,0,442000,-902523,-460523
2010/05/13,0,1462000,-783290,678710
2010/05/14,0,3090000,-436000,2654000
2010/05/17,0,805000,-1797000,-992000
2010/05/18,0,578000,-944452,-366452
2010/05/19,0,268001,-1769609,-1501608
2010/05/20,0,2897000,-1860500,1036500
2010/05/21,0,3264000,-7850440,-4586440
2010/05/24,0,3946000,-1025200,2920800
2010/05/25,0,772000,-3101765,-2329765
2010/05/26,0,2107000,-3350000,-1243000
2010/05/27,0,1014852,-1812080,-797228
2010/05/28,0,1425000,-1501920,-76920
2010/05/31,0,1533000,-2745813,-1212813
2010/06/01,0,1122300,-4545000,-3422700
2010/06/02,0,2623000,-7269997,-4646997
2010/06/03,0,2547000,-7720000,-5173000
2010/06/04,0,902000,-509000,393000
2010/06/07,0,2339000,-9397949,-7058949
2010/06/08,0,3144000,-9800400,-6656400
2010/06/09,0,1542000,-7433430,-5891430
2010/06/10,0,1504000,-2432247,-928247
2010/06/11,0,7973000,-3730905,4242095
2010/06/14,0,2312000,-1881175,430825
2010/06/15,0,1451000,-1343110,107890
2010/06/16,0,0,0,0
2010/06/17,0,3008150,-631745,2376405
2010/06/18,0,1220000,-1074905,145095
2010/06/21,0,5152470,-2386000,2766470
2010/06/22,0,374120,-3286500,-2912380
2010/06/23,0,675000,-951589,-276589
2010/06/24,0,1167287,-2399020,-1231733
2010/06/25,0,1001909,-1190460,-188551
2010/06/28,0,752000,-5483000,-4731000
2010/06/29,0,2387230,-1227410,1159820
2010/06/30,0,4151511,-3430125,721386
2010/07/01,0,969770,-2824850,-1855080
2010/07/02,0,1702000,-5729610,-4027610
2010/07/05,0,603000,-2323332,-1720332
2010/07/06,0,709000,-1767000,-1058000
2010/07/07,0,1689534,-2453000,-763466
2010/07/08,0,1747840,-917000,830840
2010/07/09,0,3083000,-2798780,284220
2010/07/12,0,2030000,-2351744,-321744
2010/07/13,0,1185000,-2173000,-988000
2010/07/14,0,6456103,-2958000,3498103
2010/07/15,0,1342000,-3607250,-2265250
2010/07/16,0,645503,-336000,309503
2010/07/19,0,1774000,-1798065,-24065
2010/07/20,0,2629000,-1323000,1306000
2010/07/21,0,1255000,-422000,833000
2010/07/22,0,1241000,-410000,831000
2010/07/23,0,1610000,-3109000,-1499000
2010/07/26,0,2283700,-888896,1394804
2010/07/27,0,1692845,-347000,1345845
2010/07/28,0,778000,-1035000,-257000
2010/07/29,0,772000,-1379008,-607008
2010/07/30,0,540629,-2003770,-1463141
2010/08/02,0,1396000,-1486370,-90370
2010/08/03,0,518000,-1257000,-739000
2010/08/04,0,1100000,-1473000,-373000
2010/08/05,0,2361000,-6427000,-4066000
2010/08/06,0,3054000,-8702391,-5648391
2010/08/09,0,1092000,-5364000,-4272000
2010/08/10,0,632000,-1197320,-565320
2010/08/11,0,385000,-3928056,-3543056
2010/08/12,0,305356,-3389042,-3083686
2010/08/13,0,468000,-2510461,-2042461
2010/08/16,0,191000,-1927000,-1736000
2010/08/17,0,1149000,-1306446,-157446
2010/08/18,0,927000,-1712000,-785000
2010/08/19,0,650000,-304524,345476
2010/08/20,0,957000,-342970,614030
2010/08/23,0,946000,-650000,296000
2010/08/24,0,671000,-6040000,-5369000
2010/08/25,0,2510070,-6162000,-3651930
2010/08/26,0,2612000,-1370000,1242000
2010/08/27,0,643000,-896263,-253263
2010/08/30,0,2249825,-342000,1907825
2010/08/31,0,828000,-2142231,-1314231
2010/09/01,0,1792000,-1752000,40000
2010/09/02,0,998000,-3265599,-2267599
2010/09/03,0,1551000,-864000,687000
2010/09/06,0,1883000,-3630000,-1747000
2010/09/07,0,1080928,-1314840,-233912
2010/09/08,0,4080960,-1707539,2373421
2010/09/09,0,3469000,-737700,2731300
2010/09/10,0,3487000,-1864000,1623000
2010/09/13,0,2702000,-3421547,-719547
2010/09/14,0,1797721,-2628000,-830279
2010/09/15,0,1811940,-1141254,670686
2010/09/16,0,918100,-764000,154100
2010/09/17,0,4265000,-4840548,-575548
2010/09/20,0,1624000,-1103000,521000
2010/09/21,0,3153000,-1123000,2030000
2010/09/22,0,0,0,0
2010/09/23,0,2899723,-1993000,906723
2010/09/24,0,922470,-2645000,-1722530
2010/09/27,0,1524230,-221300,1302930
2010/09/28,0,1862340,-1018000,844340
2010/09/29,0,2474000,-938368,1535632
2010/09/30,0,2546000,-3306160,-760160
2010/10/01,0,1799018,-1018000,781018
2010/10/04,0,1317950,-1287000,30950
2010/10/05,0,1362177,-2626320,-1264143
2010/10/06,0,1384986,-1839000,-454014
2010/10/07,0,1473780,-1468000,5780
2010/10/08,0,315430,-3282000,-2966570
2010/10/11,0,1120090,-1252800,-132710
2010/10/12,0,1320480,-1362356,-41876
2010/10/13,0,1020700,-658000,362700
2010/10/14,0,2560720,-563000,1997720
2010/10/15,0,554980,-1440000,-885020
2010/10/18,0,1428000,-483000,945000
2010/10/19,0,495000,-1695000,-1200000
2010/10/20,0,1724000,-1020000,704000
2010/10/21,0,1897000,-1646000,251000
2010/10/22,0,1661000,-1008000,653000
2010/10/25,0,4319000,-2715000,1604000
2010/10/26,0,1655000,-2062635,-407635
2010/10/27,0,1156950,-2235000,-1078050
2010/10/28,0,1630472,-803473,826999
2010/10/29,0,2648000,-1365739,1282261
2010/11/01,0,2080240,-897000,1183240
2010/11/02,0,1305000,-712000,593000
2010/11/03,0,3349665,-1570000,1779665
2010/11/04,0,2042495,-1295000,747495
2010/11/05,0,6649000,-400087,6248913
2010/11/08,0,1850125,-681000,1169125
2010/11/09,0,209000,-656000,-447000
2010/11/10,0,836985,-1307970,-470985
2010/11/11,0,976000,-302871,673129
2010/11/12,0,959671,-1556000,-596329
2010/11/15,0,160769,-1468000,-1307231
2010/11/16,0,1253000,-868000,385000
2010/11/17,0,518000,-2155000,-1637000
2010/11/18,0,1874000,-1537890,336110
2010/11/19,0,2994890,-1378500,1616390
2010/11/22,0,3448950,-272000,3176950
2010/11/23,0,6422445,-697328,5725117
2010/11/24,0,2102000,-488220,1613780
2010/11/25,0,1934000,-462287,1471713
2010/11/26,0,3556000,-1262001,2293999
2010/11/29,0,255000,-2365781,-2110781
2010/11/30,0,1809667,-2292186,-482519
2010/12/01,0,1663050,-3552948,-1889898
2010/12/02,0,1682000,-630813,1051187
2010/12/03,0,2167328,-3184000,-1016672
2010/12/06,0,3019260,-3085000,-65740
2010/12/07,0,397700,-951066,-553366
2010/12/08,0,2167000,-4175000,-2008000
2010/12/09,0,2800183,-2250622,549561
2010/12/10,0,927788,-813000,114788
2010/12/13,0,2905000,-80871,2824129
2010/12/14,0,5494000,-884200,4609800
2010/12/15,0,6559175,-1363000,5196175
2010/12/16,0,3066000,-466287,2599713
2010/12/17,0,4778000,-2683511,2094489
2010/12/20,0,3433080,-4270000,-836920
2010/12/21,0,574000,-815273,-241273
2010/12/22,0,3854000,-1270760,2583240
2010/12/23,0,928000,-388000,540000
2010/12/24,0,972000,-275000,697000
2010/12/27,0,650000,-292058,357942
2010/12/28,0,1044435,-462095,582340
2010/12/29,0,3566280,-846706,2719574
2010/12/30,0,4389480,-2210100,2179380
2010/12/31,0,703000,-151110,551890
2011/01/03,0,1492000,-306000,1186000
2011/01/04,0,2982000,-103000,2879000
2011/01/05,0,3888391,-631060,3257331
2011/01/06,0,2980000,-711000,2269000
2011/01/07,0,2060100,-213000,1847100
2011/01/10,0,1411000,-7387000,-5976000
2011/01/11,0,771000,-1781533,-1010533
2011/01/12,0,1115000,-3350000,-2235000
2011/01/13,0,1673345,-272000,1401345
2011/01/14,0,4375200,-1387000,2988200
2011/01/17,0,2058338,-160000,1898338
2011/01/18,0,3548295,-1801112,1747183
2011/01/19,0,3493000,-6235000,-2742000
2011/01/20,0,689000,-2658085,-1969085
2011/01/21,0,1734000,-5086280,-3352280
2011/01/24,0,5419000,-2068253,3350747
2011/01/25,0,5098000,-697230,4400770
2011/01/26,0,6505000,-886220,5618780
2011/01/27,0,3285000,-965610,2319390
2011/01/28,0,2985700,-1400000,1585700
2011/01/31,0,0,0,0
2011/02/01,0,0,0,0
2011/02/02,0,0,0,0
2011/02/03,0,0,0,0
2011/02/04,0,0,0,0
2011/02/07,0,0,0,0
2011/02/08,0,7306000,-2326014,4979986
2011/02/09,0,1446216,-926869,519347
2011/02/10,0,1051000,-1162900,-111900
2011/02/11,0,745000,-1965000,-1220000
2011/02/14,0,8526000,-1322540,7203460
2011/02/15,0,1115000,-962241,152759
2011/02/16,0,1148000,-1465706,-317706
2011/02/17,0,1028003,-1159757,-131754
2011/02/18,0,5378942,-579665,4799277
2011/02/21,0,1925000,-876000,1049000
2011/02/22,0,1743000,-1229000,514000
2011/02/23,0,2366000,-2621460,-255460
2011/02/24,0,1479250,-1853635,-374385
2011/02/25,0,1461000,-875509,585491
2011/02/28,0,0,0,0
2011/03/01,0,4547850,-1521730,3026120
2011/03/02,0,193000,-2421000,-2228000
2011/03/03,0,1470000,-331500,1138500
2011/03/04,0,1301192,-403000,898192
2011/03/07,0,6083000,-2105000,3978000
2011/03/08,0,5809800,-6308800,-499000
2011/03/09,0,7117000,-2922238,4194762
2011/03/10,0,718000,-4278490,-3560490
2011/03/11,0,5359000,-2737250,2621750
2011/03/14,0,1097000,-3882769,-2785769
2011/03/15,0,4641000,-3557670,1083330
2011/03/16,0,1836050,-1741480,94570
2011/03/17,0,1290000,-2295300,-1005300
2011/03/18,0,4217000,-4265500,-48500
2011/03/21,0,2713000,-685000,2028000
2011/03/22,0,1296822,-1262274,34548
2011/03/23,0,989000,-1860330,-871330
2011/03/24,0,1917000,-4159000,-2242000
2011/03/25,0,1853985,-4037750,-2183765
2011/03/28,0,2617000,-5766050,-3149050
2011/03/29,0,2744600,-7697770,-4953170
2011/03/30,0,1751000,-4046267,-2295267
2011/03/31,0,2977000,-5465714,-2488714
2011/04/01,0,6151553,-4867702,1283851
2011/04/04,0,0,0,0
2011/04/05,0,0,0,0
2011/04/06,0,4699949,-3362085,1337864
2011/04/07,0,3497000,-1732000,1765000
2011/04/08,0,4264726,-2017000,2247726
2011/04/11,0,4099806,-1186840,2912966
2011/04/12,0,3732202,-3170000,562202
2011/04/13,0,5724000,-4326000,1398000
2011/04/14,0,2542000,-907000,1635000
2011/04/15,0,2326360,-599000,1727360
2011/04/18,0,929000,-166071,762929
2011/04/19,0,7647000,-4548000,3099000
2011/04/20,0,3118600,-2889000,229600
2011/04/21,0,2537952,-2183000,354952
2011/04/22,0,1925000,-72000,1853000
2011/04/25,0,1755000,-166000,1589000
2011/04/26,0,1049000,-445000,604000
2011/04/27,0,4067000,-651391,3415609
2011/04/28,0,3663701,-1156000,2507701
2011/04/29,0,4551000,-3419088,1131912
2011/05/02,0,0,0,0
2011/05/03,0,7105000,-4304000,2801000
2011/05/04,0,1462000,-1151000,311000
2011/05/05,0,1212000,-1990000,-778000
2011/05/06,0,1215000,-1010250,204750
2011/05/09,0,1427000,-370000,1057000
2011/05/10,0,492000,-1784000,-1292000
2011/05/11,0,715339,-3155000,-2439661
2011/05/12,0,1313000,-2055970,-742970
2011/05/13,0,1375000,-2625000,-1250000
2011/05/16,0,299000,-2615000,-2316000
2011/05/17,0,983000,-1751400,-768400
2011/05/18,0,3758000,-3353930,404070
2011/05/19,0,6192000,-5738000,454000
2011/05/20,0,7085000,-6417000,668000
2011/05/23,0,3501000,-4778000,-1277000
2011/05/24,0,3376000,-1264450,2111550
2011/05/25,0,1369000,-3162000,-1793000
2011/05/26,0,2191179,-3034591,-843412
2011/05/27,0,3953000,-2878000,1075000
2011/05/30,0,2115219,-3662000,-1546781
2011/05/31,0,10909635,-6681200,4228435
2011/06/01,0,6225557,-6399777,-174220
2011/06/02,0,2216000,-4656000,-2440000
2011/06/03,0,2426995,-2344000,82995
2011/06/06,0,0,0,0
2011/06/07,0,747000,-1932420,-1185420
2011/06/08,0,329000,-3018000,-2689000
2011/06/09,0,1250179,-2508000,-1257821
2011/06/10,0,982134,-993691,-11557
2011/06/13,0,857000,-959729,-102729
2011/06/14,0,2574000,-3027000,-453000
2011/06/15,0,2993000,-974000,2019000
2011/06/16,0,2107936,-1157000,950936
2011/06/17,0,1653000,-1939000,-286000
2011/06/20,0,2313000,-1876230,436770
2011/06/21,0,2953000,-4510000,-1557000
2011/06/22,0,1756000,-1809000,-53000
2011/06/23,0,3876074,-4103364,-227290
2011/06/24,0,2491000,-680672,1810328
2011/06/27,0,1549000,-2039388,-490388
2011/06/28,0,772000,-2285910,-1513910
2011/06/29,0,1604000,-3247000,-1643000
2011/06/30,0,1332000,-3177000,-1845000
2011/07/01,0,2609638,-2110000,499638
2011/07/04,0,1063428,-1608000,-544572
2011/07/05,0,604836,-3149148,-2544312
2011/07/06,0,1255000,-3656000,-2401000
2011/07/07,0,804000,-1245529,-441529
2011/07/08,0,600000,-2479000,-1879000
2011/07/11,0,6011000,-3371000,2640000
2011/07/12,0,5275279,-3224000,2051279
2011/07/13,0,3538000,-3460060,77940
2011/07/14,0,4497000,-5084000,-587000
2011/07/15,0,3148930,-4514000,-1365070
2011/07/18,0,2042000,-6209010,-4167010
2011/07/19,0,2511000,-2335950,175050
2011/07/20,0,1839961,-1843000,-3039
2011/07/21,0,2708712,-2108000,600712
2011/07/22,0,1906000,-2522000,-616000
2011/07/25,0,861111,-1140000,-278889
2011/07/26,0,800162,-2737000,-1936838
2011/07/27,0,1467000,-3180095,-1713095
2011/07/28,0,1931000,-2597601,-666601
2011/07/29,0,1413929,-3485685,-2071756
2011/08/01,0,2642222,-1922498,719724
2011/08/02,0,2601000,-2429000,172000
2011/08/03,0,4751000,-5720000,-969000
2011/08/04,0,4121000,-3751000,370000
2011/08/05,0,5598000,-3115000,2483000
2011/08/08,0,2480000,-4025229,-1545229
2011/08/09,0,2484000,-2785393,-301393
2011/08/10,0,5696000,-7110650,-1414650
2011/08/11,0,1704000,-2145000,-441000
2011/08/12,0,3033000,-4606545,-1573545
2011/08/15,0,2130113,-1706519,423594
2011/08/16,0,5258000,-2239000,3019000
2011/08/17,0,3542000,-2709000,833000
2011/08/18,0,5442819,-2343965,3098854
2011/08/19,0,3729000,-1739000,1990000
2011/08/22,0,2560000,-1337031,1222969
2011/08/23,0,3336000,-5825769,-2489769
2011/08/24,0,4943000,-905000,4038000
2011/08/25,0,1929000,-568470,1360530
2011/08/26,0,2467000,-416600,2050400
2011/08/29,0,1308000,-780000,528000
2011/08/30,0,703000,-1316380,-613380
2011/08/31,0,1251082,-471576,779506
2011/09/01,0,2700000,-807523,1892477
2011/09/02,0,1390000,-1824436,-434436
2011/09/05,0,779000,-1393722,-614722
2011/09/06,0,1257000,-841978,415022
2011/09/07,0,1101000,-1699273,-598273
2011/09/08,0,1421000,-2853000,-1432000
2011/09/09,0,1556310,-2219000,-662690
2011/09/12,0,0,0,0
2011/09/13,0,2249000,-5721000,-3472000
2011/09/14,0,4721000,-5666559,-945559
2011/09/15,0,1714000,-1160089,553911
2011/09/16,0,6463000,-5250664,1212336
2011/09/19,0,3247000,-1653000,1594000
2011/09/20,0,2121308,-3089270,-967962
2011/09/21,0,5443000,-2615000,2828000
2011/09/22,0,1194045,-2593000,-1398955
2011/09/23,0,1541000,-2786000,-1245000
2011/09/26,0,482000,-2887000,-2405000
2011/09/27,0,1108000,-3083000,-1975000
2011/09/28,0,1064218,-3018000,-1953782
2011/09/29,0,1054000,-2918000,-1864000
2011/09/30,0,540000,-4190000,-3650000
2011/10/03,0,1235000,-6513998,-5278998
2011/10/04,0,817000,-3207374,-2390374
2011/10/05,0,593000,-2036140,-1443140
2011/10/06,0,3031000,-2567000,464000
2011/10/07,0,501000,-1335400,-834400
2011/10/10,0,0,0,0
2011/10/11,0,565000,-177000,388000
2011/10/12,0,1360000,-1677109,-317109
2011/10/13,0,5699000,-1109001,4589999
2011/10/14,0,1330000,-1876000,-546000
2011/10/17,0,1765000,-2607789,-842789
2011/10/18,0,1247000,-2976800,-1729800
2011/10/19,0,1080000,-3592000,-2512000
2011/10/20,0,1542000,-5853000,-4311000
2011/10/21,0,696000,-4487000,-3791000
2011/10/24,0,2980457,-2587000,393457
2011/10/25,0,1064000,-2724000,-1660000
2011/10/26,0,2188000,-2260500,-72500
2011/10/27,0,926000,-2232000,-1306000
2011/10/28,0,1860000,-8149597,-6289597
2011/10/31,0,1190000,-656547,533453
2011/11/01,0,1405000,-267100,1137900
2011/11/02,0,5321000,-1584000,3737000
2011/11/03,0,3373830,-3230000,143830
2011/11/04,0,3846000,-3585600,260400
2011/11/07,0,15240476,-3146000,12094476
2011/11/08,0,2297000,-2403250,-106250
2011/11/09,0,986000,-1656000,-670000
2011/11/10,0,1603000,-3069000,-1466000
2011/11/11,0,1689019,-870000,819019
2011/11/14,0,1188295,-1052000,136295
2011/11/15,0,356000,-800000,-444000
2011/11/16,0,1199000,-834000,365000
2011/11/17,0,538748,-1082045,-543297
2011/11/18,0,324000,-1792000,-1468000
2011/11/21,0,1368132,-2279440,-911308
2011/11/22,0,2282000,-456000,1826000
2011/11/23,0,1191000,-2514200,-1323200
2011/11/24,0,1914000,-3699000,-1785000
2011/11/25,0,3837750,-1206000,2631750
2011/11/28,0,8151236,-2411000,5740236
2011/11/29,0,8580000,-1885000,6695000
2011/11/30,0,2248000,-908000,1340000
2011/12/01,0,3448000,-1069992,2378008
2011/12/02,0,2981710,-2638000,343710
2011/12/05,0,2030000,-2387000,-357000
2011/12/06,0,980000,-483000,497000
2011/12/07,0,2840000,-989000,1851000
2011/12/08,0,1477000,-816000,661000
2011/12/09,0,1514954,-1116000,398954
2011/12/12,0,1582000,-1163119,418881
2011/12/13,0,1993000,-3065000,-1072000
2011/12/14,0,1586000,-2422000,-836000
2011/12/15,0,1064000,-2281346,-1217346
2011/12/16,0,271000,-1085000,-814000
2011/12/19,0,1777000,-542801,1234199
2011/12/20,0,2807000,-1263500,1543500
2011/12/21,0,4538000,-1148500,3389500
2011/12/22,0,2722000,-363364,2358636
2011/12/23,0,4423000,-888500,3534500
2011/12/26,0,912000,-24000,888000
2011/12/27,0,723000,-111000,612000
2011/12/28,0,1379000,-3025000,-1646000
2011/12/29,0,459000,-1195000,-736000
2011/12/30,0,525441,-337600,187841
2012/01/02,0,339000,-632000,-293000
2012/01/03,0,992000,-280000,712000
2012/01/04,0,190200,-1423544,-1233344
2012/01/05,0,1454000,-579000,875000
2012/01/06,0,409000,-829000,-420000
2012/01/09,0,1166000,-5095000,-3929000
2012/01/10,0,1518424,-4259000,-2740576
2012/01/11,0,1080000,-1922000,-842000
2012/01/12,0,1566000,-890000,676000
2012/01/13,0,3270000,-916000,2354000
2012/01/16,0,1107000,-1413300,-306300
2012/01/17,0,1218000,-1327000,-109000
2012/01/18,0,2920000,-2020000,900000
2012/01/19,0,0,0,0
2012/01/20,0,0,0,0
2012/01/23,0,0,0,0
2012/01/24,0,0,0,0
2012/01/25,0,0,0,0
2012/01/26,0,0,0,0
2012/01/27,0,0,0,0
2012/01/30,0,4081000,-1170000,2911000
2012/01/31,0,6809924,-2637993,4171931
2012/02/01,0,2484000,-1694200,789800
2012/02/02,0,2285000,-401000,1884000
2012/02/03,0,6438300,-672000,5766300
2012/02/06,0,2239000,-271370,1967630
2012/02/07,0,7607305,-618000,6989305
2012/02/08,0,1788000,-1009000,779000
2012/02/09,0,3801000,-5442000,-1641000
2012/02/10,0,912000,-2988000,-2076000
2012/02/13,0,1309000,-1886000,-577000
2012/02/14,0,3353000,-1094300,2258700
2012/02/15,0,4087000,-438000,3649000
2012/02/16,0,1492000,-2408000,-916000
2012/02/17,0,3944000,-2880000,1064000
2012/02/20,0,1600000,-2207000,-607000
2012/02/21,0,2325000,-956000,1369000
2012/02/22,0,1490000,-722000,768000
2012/02/23,0,3704245,-8725000,-5020755
2012/02/24,0,2481000,-1493000,988000
2012/02/27,0,0,0,0
2012/02/28,0,0,0,0
2012/02/29,0,6217000,-6826000,-609000
2012/03/01,0,954406,-3178000,-2223594
2012/03/02,0,2156279,-2782000,-625721
2012/03/05,0,929000,-1624000,-695000
2012/03/06,0,3870170,-2204000,1666170
2012/03/07,0,2681000,-1514000,1167000
2012/03/08,0,1853000,-1227000,626000
2012/03/09,0,6980000,-1420000,5560000
2012/03/12,0,3140000,-2721000,419000
2012/03/13,0,1299000,-2380000,-1081000
2012/03/14,0,2683000,-2383885,299115
2012/03/15,0,1380000,-1815000,-435000
2012/03/16,0,3869000,-3312000,557000
2012/03/19,0,933895,-1792000,-858105
2012/03/20,0,256800,-4101000,-3844200
2012/03/21,0,408000,-1710000,-1302000
2012/03/22,0,666000,-209000,457000
2012/03/23,0,179000,-936000,-757000
2012/03/26,0,390000,-1450000,-1060000
2012/03/27,0,435000,-1559000,-1124000
2012/03/28,0,432000,-1451400,-1019400
2012/03/29,0,661000,-2177000,-1516000
2012/03/30,0,1779000,-5236318,-3457318
2012/04/02,0,227000,-2101000,-1874000
2012/04/03,0,1004989,-4151000,-3146011
2012/04/04,0,0,0,0
2012/04/05,0,3273000,-8324000,-5051000
2012/04/06,0,2989000,-2437775,551225
2012/04/09,0,715000,-958000,-243000
2012/04/10,0,756000,-1581600,-825600
2012/04/11,0,1805000,-1994591,-189591
2012/04/12,0,2671000,-1919000,752000
2012/04/13,0,1506000,-449000,1057000
2012/04/16,0,2100000,-1085000,1015000
2012/04/17,0,200000,-1767000,-1567000
2012/04/18,0,1101000,-5902000,-4801000
2012/04/19,0,546000,-916000,-370000
2012/04/20,0,684000,-1074041,-390041
2012/04/23,0,2315000,-1899000,416000
2012/04/24,0,820000,-3444000,-2624000
2012/04/25,0,1398000,-1197000,201000
2012/04/26,0,1484000,-3278000,-1794000
2012/04/27,0,2038000,-3439800,-1401800
2012/04/30,0,433609,-1059368,-625759
2012/05/01,0,0,0,0
2012/05/02,0,1365000,-2131000,-766000
2012/05/03,0,332000,-803000,-471000
2012/05/04,0,588000,-1364000,-776000
2012/05/07,0,434000,-1275000,-841000
2012/05/08,0,2794000,-4494000,-1700000
2012/05/09,0,237000,-1858000,-1621000
2012/05/10,0,1278000,-1977095,-699095
2012/05/11,0,685000,-1324000,-639000
2012/05/14,0,240000,-1591000,-1351000
2012/05/15,0,662000,-4582000,-3920000
2012/05/16,0,1394925,-1754000,-359075
2012/05/17,0,1027000,-1358000,-331000
2012/05/18,0,467000,-5853000,-5386000
2012/05/21,0,983000,-2947384,-1964384
2012/05/22,0,1477000,-727652,749348
2012/05/23,0,1388000,-1259361,128639
2012/05/24,0,1537000,-1109000,428000
2012/05/25,0,457000,-1155000,-698000
2012/05/28,0,738000,-1382000,-644000
2012/05/29,0,1258000,-1008000,250000
2012/05/30,0,1997000,-2259379,-262379
2012/05/31,0,2059613,-2894341,-834728
2012/06/01,0,365000,-4506959,-4141959
2012/06/04,0,543045,-1490000,-946955
2012/06/05,0,1386000,-2344715,-958715
2012/06/06,0,1918000,-857000,1061000
2012/06/07,0,1744256,-780000,964256
2012/06/08,0,1221006,-534000,687006
2012/06/11,0,980545,-233000,747545
2012/06/12,0,1989000,-2631000,-642000
2012/06/13,0,926000,-979995,-53995
2012/06/14,0,580123,-1861829,-1281706
2012/06/15,0,5964576,-3770255,2194321
2012/06/18,0,3894000,-1579000,2315000
2012/06/19,0,1293000,-775000,518000
2012/06/20,0,1355000,-850000,505000
2012/06/21,0,2486292,-2380000,106292
2012/06/22,0,204000,-2499000,-2295000
2012/06/25,0,364000,-1484000,-1120000
2012/06/26,0,668000,-3607000,-2939000
2012/06/27,0,919000,-2654000,-1735000
2012/06/28,0,1210000,-1574000,-364000
2012/06/29,0,2843797,-267000,2576797
2012/07/02,0,885324,-796000,89324
2012/07/03,0,1875000,-1343000,532000
2012/07/04,0,717000,-479310,237690
2012/07/05,0,1320000,-369000,951000
2012/07/06,0,927000,-439000,488000
2012/07/09,0,1263000,-1197000,66000
2012/07/10,0,926948,-821500,105448
2012/07/11,0,363000,-271000,92000
2012/07/12,0,463000,-2058000,-1595000
2012/07/13,0,647000,-2344000,-1697000
2012/07/16,0,1435666,-8249000,-6813334
2012/07/17,0,3726478,-4021000,-294522
2012/07/18,0,1549213,-528000,1021213
2012/07/19,0,1111000,-2231948,-1120948
2012/07/20,0,1422000,-348000,1074000
2012/07/23,0,558000,-871000,-313000
2012/07/24,0,573000,-1117346,-544346
2012/07/25,0,1194000,-2204350,-1010350
2012/07/26,0,1474000,-1430517,43483
2012/07/27,0,1356000,-535000,821000
2012/07/30,0,1817107,-340000,1477107
2012/07/31,0,1748000,-4195000,-2447000
2012/08/01,0,624000,-730000,-106000
2012/08/02,0,0,0,0
2012/08/03,0,1506593,-1518000,-11407
2012/08/06,0,5067000,-723000,4344000
2012/08/07,0,1387000,-2961551,-1574551
2012/08/08,0,1155624,-1975000,-819376
2012/08/09,0,1443110,-244109,1199001
2012/08/10,0,1212300,-2047000,-834700
2012/08/13,0,684000,-1341000,-657000
2012/08/14,0,1119000,-2729000,-1610000
2012/08/15,0,1038000,-114000,924000
2012/08/16,0,639000,-165000,474000
2012/08/17,0,1127000,-118000,1009000
2012/08/20,0,584000,-133000,451000
2012/08/21,0,1107640,-129806,977834
2012/08/22,0,825924,-427000,398924
2012/08/23,0,684046,-141000,543046
2012/08/24,0,318000,-969800,-651800
2012/08/27,0,349000,-762000,-413000
2012/08/28,0,501852,-1030000,-528148
2012/08/29,0,727000,-886000,-159000
2012/08/30,0,805000,-1225000,-420000
2012/08/31,0,222350,-356073,-133723
2012/09/03,0,320000,-509000,-189000
2012/09/04,0,535000,-197000,338000
2012/09/05,0,509000,-1276000,-767000
2012/09/06,0,1608850,-3113000,-1504150
2012/09/07,0,2063000,-1746379,316621
2012/09/10,0,1829000,-421000,1408000
2012/09/11,0,397000,-431000,-34000
2012/09/12,0,381000,-341000,40000
2012/09/13,0,557000,-190000,367000
2012/09/14,0,4085000,-3482000,603000
2012/09/17,0,1148000,-233040,914960
2012/09/18,0,855000,-1445000,-590000
2012/09/19,0,1547000,-638000,909000
2012/09/20,0,2442000,-1050000,1392000
2012/09/21,0,1616000,-971000,645000
2012/09/24,0,345000,-284000,61000
2012/09/25,0,1186000,-656000,530000
2012/09/26,0,570000,-435300,134700
2012/09/27,0,1093700,-2240524,-1146824
2012/09/28,0,2118000,-1251515,866485
2012/10/01,0,202000,-2134000,-1932000
2012/10/02,0,742000,-2521000,-1779000
2012/10/03,0,576000,-468000,108000
2012/10/04,0,398000,-1344000,-946000
2012/10/05,0,517000,-2028000,-1511000
2012/10/08,0,552000,-715000,-163000
2012/10/09,0,839000,-1010100,-171100
2012/10/10,0,0,0,0
2012/10/11,0,1027000,-1701000,-674000
2012/10/12,0,717000,-3533057,-2816057
2012/10/15,0,1281541,-77000,1204541
2012/10/16,0,937000,-388000,549000
2012/10/17,0,2497000,-914000,1583000
2012/10/18,0,1812000,-2011000,-199000
2012/10/19,0,290000,-1099000,-809000
2012/10/22,0,820000,-747000,73000
2012/10/23,0,657900,-456828,201072
2012/10/24,0,402000,-370927,31073
2012/10/25,0,353000,-486000,-133000
2012/10/26,0,469000,-475000,-6000
2012/10/29,0,3936400,-709000,3227400
2012/10/30,0,2083000,-2669000,-586000
2012/10/31,0,4978000,-5288000,-310000
2012/11/01,0,6530000,-5354000,1176000
2012/11/02,0,3196000,-3326000,-130000
2012/11/05,0,1379000,-851000,528000
2012/11/06,0,1812900,-1704000,108900
2012/11/07,0,1794000,-2187000,-393000
2012/11/08,0,1571510,-2875000,-1303490
2012/11/09,0,2381000,-3960000,-1579000
2012/11/12,0,2425000,-3242000,-817000
2012/11/13,0,3445000,-4365000,-920000
2012/11/14,0,2973600,-7568000,-4594400
2012/11/15,0,1867960,-1117000,750960
2012/11/16,0,1021900,-1238000,-216100
2012/11/19,0,1117990,-593310,524680
2012/11/20,0,1791258,-869000,922258
2012/11/21,0,1639498,-1034000,605498
2012/11/22,0,527000,-1034000,-507000
2012/11/23,0,1941449,-1836500,104949
2012/11/26,0,663000,-3005000,-2342000
2012/11/27,0,1114000,-3564000,-2450000
2012/11/28,0,1115000,-2365000,-1250000
2012/11/29,0,2871000,-2031000,840000
2012/11/30,0,3146000,-3197417,-51417
2012/12/03,0,3279000,-2430000,849000
2012/12/04,0,5311000,-6678000,-1367000
2012/12/05,0,3862000,-955495,2906505
2012/12/06,0,3650000,-1854000,1796000
2012/12/07,0,4800000,-1554000,3246000
2012/12/10,0,2375549,-1106712,1268837
2012/12/11,0,1947053,-1318000,629053
2012/12/12,0,1480390,-957000,523390
2012/12/13,0,1102131,-48000,1054131
2012/12/14,0,1763985,-580000,1183985
2012/12/17,0,4559936,-4726000,-166064
2012/12/18,0,1073000,-2387020,-1314020
2012/12/19,0,1700000,-1170997,529003
2012/12/20,0,3750000,-1420000,2330000
2012/12/21,0,2416000,-1247222,1168778
2012/12/24,0,381000,-684000,-303000
2012/12/25,0,1283000,-305000,978000
2012/12/26,0,429000,-419000,10000
2012/12/27,0,715000,-1722000,-1007000
2012/12/28,0,1339990,-450000,889990
2012/12/31,0,0,0,0
2013/01/01,0,0,0,0
2013/01/02,0,2096300,-1959000,137300
2013/01/03,0,1280000,-3950598,-2670598
2013/01/04,0,1260000,-2770000,-1510000
2013/01/07,0,1537000,-877600,659400
2013/01/08,0,2326000,-2277926,48074
2013/01/09,0,1418999,-2111000,-692001
2013/01/10,0,7346300,-363000,6983300
2013/01/11,0,1372556,-1116000,256556
2013/01/14,0,971430,-1177000,-205570
2013/01/15,0,3541000,-1415000,2126000
2013/01/16,0,2395000,-1129226,1265774
2013/01/17,0,6106600,-550000,5556600
2013/01/18,0,1523000,-774247,748753
2013/01/21,0,758657,-530000,228657
2013/01/22,0,1836000,-646000,1190000
2013/01/23,0,6908000,-524723,6383277
2013/01/24,0,4366000,-2758000,1608000
2013/01/25,0,2899000,-1798000,1101000
2013/01/28,0,2023200,-391000,1632200
2013/01/29,0,2360500,-1530420,830080
2013/01/30,0,3508000,-366000,3142000
2013/01/31,0,2743000,-1051000,1692000
2013/02/01,0,1969000,-1926000,43000
2013/02/04,0,3004000,-1090000,1914000
2013/02/05,0,1506000,-2413000,-907000
2013/02/06,0,2932000,-2611540,320460
2013/02/07,0,0,0,0
2013/02/08,0,0,0,0
2013/02/11,0,0,0,0
2013/02/12,0,0,0,0
2013/02/13,0,0,0,0
2013/02/14,0,0,0,0
2013/02/15,0,0,0,0
2013/02/18,0,3485486,-788000,2697486
2013/02/19,0,2398934,-2544000,-145066
2013/02/20,0,1739630,-629000,1110630
2013/02/21,0,1384000,-484333,899667
2013/02/22,0,1009000,-560000,449000
2013/02/25,0,2534000,-655932,1878068
2013/02/26,0,1425000,-1633188,-208188
2013/02/27,0,1367000,-988844,378156
2013/02/28,0,0,0,0
2013/03/01,0,2467300,-581000,1886300
2013/03/04,0,2127800,-3390000,-1262200
2013/03/05,0,1846000,-2599000,-753000
2013/03/06,0,4544600,-3280000,1264600
2013/03/07,0,7048000,-5122772,1925228
2013/03/08,0,2857000,-2966427,-109427
2013/03/11,0,3399000,-3984000,-585000
2013/03/12,0,854000,-2834781,-1980781
2013/03/13,0,1180000,-2912000,-1732000
2013/03/14,0,931000,-925521,5479
2013/03/15,0,1341000,-2879000,-1538000
2013/03/18,0,440000,-1196000,-756000
2013/03/19,0,323000,-1516000,-1193000
2013/03/20,0,880498,-2336061,-1455563
2013/03/21,0,1835000,-1392000,443000
2013/03/22,0,617034,-811000,-193966
2013/03/25,0,1688000,-460000,1228000
2013/03/26,0,1097000,-1774000,-677000
2013/03/27,0,2574000,-3268000,-694000
2013/03/28,0,2853000,-4309000,-1456000
2013/03/29,0,920000,-1404395,-484395
2013/04/01,0,488639,-328000,160639
2013/04/02,0,1088000,-924000,164000
2013/04/03,0,1022000,-2567000,-1545000
2013/04/04,0,0,0,0
2013/04/05,0,0,0,0
2013/04/08,0,1888708,-4495000,-2606292
2013/04/09,0,1992000,-1929820,62180
2013/04/10,0,904000,-1139000,-235000
2013/04/11,0,1935465,-2402600,-467135
2013/04/12,0,3259000,-876970,2382030
2013/04/15,0,1049493,-1355000,-305507
2013/04/16,0,1563723,-1136000,427723
2013/04/17,0,485530,-1452000,-966470
2013/04/18,0,325000,-1420219,-1095219
2013/04/19,0,1029411,-652000,377411
2013/04/22,0,198000,-899678,-701678
2013/04/23,0,1396000,-1266000,130000
2013/04/24,0,987815,-1030350,-42535
2013/04/25,0,890868,-1579000,-688132
2013/04/26,0,1615113,-1953000,-337887
2013/04/29,0,577000,-469000,108000
2013/04/30,0,2400895,-1486109,914786
2013/05/01,0,0,0,0
2013/05/02,0,2191245,-2337398,-146153
2013/05/03,0,7005000,-5016000,1989000
2013/05/06,0,2882000,-1724875,1157125
2013/05/07,0,2005725,-1321000,684725
2013/05/08,0,1893341,-1309074,584267
2013/05/09,0,5661576,-5140000,521576
2013/05/10,0,1646000,-1258000,388000
2013/05/13,0,2741000,-1951000,790000
2013/05/14,0,1976000,-1255000,721000
2013/05/15,0,2752000,-916000,1836000
2013/05/16,0,5909000,-2404000,3505000
2013/05/17,0,4050000,-896000,3154000
2013/05/20,0,4948000,-679000,4269000
2013/05/21,0,2056000,-2131363,-75363
2013/05/22,0,2479000,-1714000,765000
2013/05/23,0,2971000,-3352000,-381000
2013/05/24,0,2057279,-1733000,324279
2013/05/27,0,776630,-953000,-176370
2013/05/28,0,1034000,-664000,370000
2013/05/29,0,6468000,-1945000,4523000
2013/05/30,0,4470000,-4452544,17456
2013/05/31,0,2403128,-1673512,729616
2013/06/03,0,4906000,-1535000,3371000
2013/06/04,0,1692542,-2169542,-477000
2013/06/05,0,5161200,-4144000,1017200
2013/06/06,0,6107433,-5134000,973433
2013/06/07,0,15187184,-9431000,5756184
2013/06/10,0,6102600,-7634000,-1531400
2013/06/11,0,1343000,-2892000,-1549000
2013/06/12,0,0,0,0
2013/06/13,0,3983000,-5837171,-1854171
2013/06/14,0,2973000,-5035000,-2062000
2013/06/17,0,3516055,-3848295,-332240
2013/06/18,0,893000,-2223000,-1330000
2013/06/19,0,2989000,-5533796,-2544796
2013/06/20,0,2892000,-4909166,-2017166
2013/06/21,0,3745000,-10539596,-6794596
2013/06/24,0,2041962,-4598935,-2556973
2013/06/25,0,2775163,-6175000,-3399837
2013/06/26,0,1849499,-2847935,-998436
2013/06/27,0,6646501,-5811000,835501
2013/06/28,0,1852000,-1644190,207810
2013/07/01,0,8178000,-5002474,3175526
2013/07/02,0,1802170,-2457659,-655489
2013/07/03,0,3278600,-1685000,1593600
2013/07/04,0,2051000,-1521000,530000
2013/07/05,0,2632000,-2289500,342500
2013/07/08,0,930000,-999089,-69089
2013/07/09,0,1338479,-879000,459479
2013/07/10,0,1119000,-1983500,-864500
2013/07/11,0,2553000,-1021335,1531665
2013/07/12,0,1714000,-821000,893000
2013/07/15,0,1284000,-1243000,41000
2013/07/16,0,1933000,-2203223,-270223
2013/07/17,0,1673000,-1374034,298966
2013/07/18,0,1322000,-3041000,-1719000
2013/07/19,0,2560393,-828931,1731462
2013/07/22,0,1570000,-2439000,-869000
2013/07/23,0,3172000,-1321838,1850162
2013/07/24,0,2411000,-3318000,-907000
2013/07/25,0,2239000,-2513000,-274000
2013/07/26,0,1926000,-1477000,449000
2013/07/29,0,903000,-945000,-42000
2013/07/30,0,984000,-1044000,-60000
2013/07/31,0,1345000,-1530000,-185000
2013/08/01,0,1718801,-2252801,-534000
2013/08/02,0,3087000,-5148820,-2061820
2013/08/05,0,1921000,-2101000,-180000
2013/08/06,0,1714654,-2626000,-911346
2013/08/07,0,2420000,-1881000,539000
2013/08/08,0,3664360,-5671000,-2006640
2013/08/09,0,3930000,-2373000,1557000
2013/08/12,0,1926000,-806000,1120000
2013/08/13,0,7055000,-2983000,4072000
2013/08/14,0,5049937,-1987000,3062937
2013/08/15,0,2363000,-2828921,-465921
2013/08/16,0,1312188,-2238000,-925812
2013/08/19,0,500000,-950000,-450000
2013/08/20,0,1804000,-2203000,-399000
2013/08/21,0,0,0,0
2013/08/22,0,1662000,-3473888,-1811888
2013/08/23,0,591000,-2489000,-1898000
2013/08/26,0,721000,-1911762,-1190762
2013/08/27,0,1681000,-671000,1010000
2013/08/28,0,212000,-935000,-723000
2013/08/29,0,518360,-1753000,-1234640
2013/08/30,0,943000,-2782031,-1839031
2013/09/02,0,2496000,-1044249,1451751
2013/09/03,0,3991000,-3324000,667000
2013/09/04,0,2125000,-290000,1835000
2013/09/05,0,4326024,-528000,3798024
2013/09/06,0,495000,-539000,-44000
2013/09/09,0,1050000,-186000,864000
2013/09/10,0,6332000,-1280000,5052000
2013/09/11,0,4488000,-1471286,3016714
2013/09/12,0,7548000,-1373000,6175000
2013/09/13,0,5838760,-3319000,2519760
2013/09/16,0,5062000,-2567000,2495000
2013/09/17,0,9033000,-4437000,4596000
2013/09/18,0,3679550,-1941000,1738550
2013/09/19,0,0,0,0
2013/09/20,0,0,0,0
2013/09/23,0,3205000,-2876074,328926
2013/09/24,0,2843000,-1904377,938623
2013/09/25,0,3202000,-556000,2646000
2013/09/26,0,2106000,-1433000,673000
2013/09/27,0,3197000,-910356,2286644
2013/09/30,0,2353000,-1163377,1189623
2013/10/01,0,2377000,-2225545,151455
2013/10/02,0,2985272,-2595867,389405
2013/10/03,0,5946563,-601000,5345563
2013/10/04,0,6862700,-1775000,5087700
2013/10/07,0,1978382,-1754000,224382
2013/10/08,0,1030000,-957000,73000
2013/10/09,0,1883730,-1212000,671730
2013/10/10,0,0,0,0
2013/10/11,0,2156000,-606000,1550000
2013/10/14,0,519388,-259478,259910
2013/10/15,0,1491000,-2658078,-1167078
2013/10/16,0,1921000,-480000,1441000
2013/10/17,0,5197000,-8620440,-3423440
2013/10/18,0,2273000,-2636000,-363000
2013/10/21,0,1252000,-1019000,233000
2013/10/22,0,458000,-1022209,-564209
2013/10/23,0,3060834,-3092000,-31166
2013/10/24,0,686000,-1595000,-909000
2013/10/25,0,307000,-3233196,-2926196
2013/10/28,0,2942000,-4369000,-1427000
2013/10/29,0,1382000,-3057000,-1675000
2013/10/30,0,3213000,-5340339,-2127339
2013/10/31,0,1926000,-2706000,-780000
2013/11/01,0,1603000,-3363338,-1760338
2013/11/04,0,2562000,-1335000,1227000
2013/11/05,0,2164000,-6179771,-4015771
2013/11/06,0,2872100,-4047800,-1175700
2013/11/07,0,989000,-4670000,-3681000
2013/11/08,0,2479000,-6742000,-4263000
2013/11/11,0,2675000,-8238000,-5563000
2013/11/12,0,3915000,-4479661,-564661
2013/11/13,0,2108214,-5562000,-3453786
2013/11/14,0,2284000,-3139400,-855400
2013/11/15,0,1502000,-2461000,-959000
2013/11/18,0,1492000,-718000,774000
2013/11/19,0,855690,-1843690,-988000
2013/11/20,0,1544000,-4038893,-2494893
2013/11/21,0,809000,-1959000,-1150000
2013/11/22,0,976000,-825000,151000
2013/11/25,0,2703000,-1145000,1558000
2013/11/26,0,4867000,-3510642,1356358
2013/11/27,0,7346382,-4498000,2848382
2013/11/28,0,1954000,-2011000,-57000
2013/11/29,0,3124000,-924000,2200000
2013/12/02,0,1395382,-901000,494382
2013/12/03,0,875000,-400458,474542
2013/12/04,0,1056000,-1486000,-430000
2013/12/05,0,668000,-1044000,-376000
2013/12/06,0,550000,-1071000,-521000
2013/12/09,0,1239000,-1470000,-231000
2013/12/10,0,3651000,-3409465,241535
2013/12/11,0,2483000,-747000,1736000
2013/12/12,0,1255000,-631578,623422
2013/12/13,0,2976000,-3174000,-198000
2013/12/16,0,1072001,-1473000,-400999
2013/12/17,0,365000,-1664960,-1299960
2013/12/18,0,809000,-286000,523000
2013/12/19,0,1620500,-1376000,244500
2013/12/20,0,1475000,-650233,824767
2013/12/23,0,862000,-1199000,-337000
2013/12/24,0,68000,-118000,-50000
2013/12/25,0,397000,-523000,-126000
2013/12/26,0,372000,-1193000,-821000
2013/12/27,0,1334632,-963000,371632
2013/12/30,0,2533000,-838000,1695000
2013/12/31,0,1661000,-1463485,197515
2014/01/02,0,4286000,-2227000,2059000
2014/01/03,0,1902800,-5435411,-3532611
2014/01/06,0,3234398,-2136000,1098398
2014/01/07,0,7268000,-1822000,5446000
2014/01/08,0,13399000,-5596000,7803000
2014/01/09,0,6597000,-11177805,-4580805
2014/01/10,0,2170000,-4175000,-2005000
2014/01/13,0,2159000,-2981000,-822000
2014/01/14,0,3310000,-5012000,-1702000
2014/01/15,0,5895000,-3661615,2233385
2014/01/16,0,11163000,-5553900,5609100
2014/01/17,0,1763562,-1624979,138583
2014/01/20,0,2549000,-2323000,226000
2014/01/21,0,3345000,-3815063,-470063
2014/01/22,0,6342000,-5475000,867000
2014/01/23,0,18540000,-5030000,13510000
2014/01/24,0,8465000,-2511000,5954000
2014/01/27,0,1880000,-7678592,-5798592
2014/02/05,0,3174200,-5059000,-1884800
2014/02/06,0,3464000,-4315000,-851000
2014/02/07,0,2862000,-1963000,899000
2014/02/10,0,1606000,-2786000,-1180000
2014/02/11,0,3475057,-899000,2576057
2014/02/12,0,5226000,-911000,4315000
2014/02/13,0,2124000,-1366000,758000
2014/02/14,0,3151000,-1397500,1753500
2014/02/17,0,2759000,-558000,2201000
2014/02/18,0,3884052,-159000,3725052
2014/02/19,0,3590303,-1641000,1949303
2014/02/20,0,2032000,-377868,1654132
2014/02/21,0,2356000,-455000,1901000
2014/02/24,0,5952000,-5344000,608000
2014/02/25,0,4188966,-1364000,2824966
2014/02/26,0,2958000,-2011000,947000
2014/02/27,0,6280870,-4244208,2036662
2014/03/03,0,3155000,-5207000,-2052000
2014/03/04,0,2022000,-2247000,-225000
2014/03/05,0,6496000,-1168000,5328000
2014/03/06,0,3280000,-1199000,2081000
2014/03/07,0,8712000,-3810000,4902000
2014/03/10,0,3641000,-4100033,-459033
2014/03/11,0,3026000,-1762000,1264000
2014/03/12,0,2448000,-2998100,-550100
2014/03/13,0,1515000,-1532057,-17057
2014/03/14,0,3291000,-2530000,761000
2014/03/17,0,1450000,-562000,888000
2014/03/18,0,2772000,-1715000,1057000
2014/03/19,0,4262000,-5532000,-1270000
2014/03/20,0,12864128,-2637337,10226791
2014/03/21,0,3460000,-4683614,-1223614
2014/03/24,0,3848050,-2530200,1317850
2014/03/25,0,2272000,-1628420,643580
2014/03/26,0,3809000,-1164000,2645000
2014/03/27,0,3888000,-2973856,914144
2014/03/28,0,1716000,-1462000,254000
2014/03/31,0,2911146,-2313100,598046
2014/04/01,0,1916000,-1717984,198016
2014/04/02,0,1958000,-1146000,812000
2014/04/03,0,3178000,-2174000,1004000
2014/04/07,0,2267980,-1873000,394980
2014/04/08,0,1439000,-3691000,-2252000
2014/04/09,0,2018000,-4330000,-2312000
2014/04/10,0,2512000,-2975000,-463000
2014/04/11,0,5661000,-6339000,-678000
2014/04/14,0,5977001,-3679000,2298001
2014/04/15,0,2953000,-1451849,1501151
2014/04/16,0,4082000,-1397000,2685000
2014/04/17,0,2345000,-826000,1519000
2014/04/18,0,1178000,-717000,461000
2014/04/21,0,837000,-975000,-138000
2014/04/22,0,4786000,-2104000,2682000
2014/04/23,0,2140000,-3322000,-1182000
2014/04/24,0,4033000,-1309000,2724000
2014/04/25,0,2784000,-5005500,-2221500
2014/04/28,0,4603000,-6070000,-1467000
2014/04/29,0,847000,-1095000,-248000
2014/04/30,0,1522000,-4395800,-2873800
2014/05/02,0,2925000,-2636000,289000
2014/05/05,0,452000,-2352600,-1900600
2014/05/06,0,226000,-1391000,-1165000
2014/05/07,0,981000,-4024000,-3043000
2014/05/08,0,3909000,-6815300,-2906300
2014/05/09,0,4439000,-6432198,-1993198
2014/05/12,0,1201909,-10132000,-8930091
2014/05/13,0,7783000,-3653000,4130000
2014/05/14,0,3691000,-1405000,2286000
2014/05/15,0,2392000,-1746000,646000
2014/05/16,0,3148000,-1711000,1437000
2014/05/19,0,1510000,-1862167,-352167
2014/05/20,0,1130000,-1073250,56750
2014/05/21,0,3122000,-3425000,-303000
2014/05/22,0,1209000,-672000,537000
2014/05/23,0,2623000,-3979924,-1356924
2014/05/26,0,5922000,-2191000,3731000
2014/05/27,0,3252000,-1014000,2238000
2014/05/28,0,3525000,-1328000,2197000
2014/05/29,0,3598000,-3467570,130430
2014/05/30,0,1374000,-1905698,-531698
2014/06/03,0,3121000,-1845180,1275820
2014/06/04,0,1150000,-2132000,-982000
2014/06/05,0,1562000,-1046000,516000
2014/06/06,0,231000,-306000,-75000
2014/06/09,0,669000,-2213000,-1544000
2014/06/10,0,3078422,-1337000,1741422
2014/06/11,0,2098000,-2752000,-654000
2014/06/12,0,5627000,-4903000,724000
2014/06/13,0,2705019,-7233790,-4528771
2014/06/16,0,11968000,-3870449,8097551
2014/06/17,0,1714661,-1309000,405661
2014/06/18,0,3995000,-2143000,1852000
2014/06/19,0,30975437,-8616000,22359437
2014/06/20,0,3873000,-9908500,-6035500
2014/06/23,0,3807000,-2984168,822832
2014/06/24,0,2025000,-1744119,280881
2014/06/25,0,2319600,-3257976,-938376
2014/06/26,0,1719794,-4343000,-2623206
2014/06/27,0,844000,-1003412,-159412
2014/06/30,0,7770000,-5559000,2211000
2014/07/01,0,12790600,-6762000,6028600
2014/07/02,0,2908000,-4185500,-1277500
2014/07/03,0,5893000,-4566000,1327000
2014/07/04,0,2217000,-1205000,1012000
2014/07/07,0,4593600,-4458000,135600
2014/07/08,0,1635000,-918000,717000
2014/07/09,0,4498900,-2299000,2199900
2014/07/10,0,4885000,-552000,4333000
2014/07/11,0,2432000,-986000,1446000
2014/07/14,0,853000,-1622000,-769000
2014/07/15,0,2909210,-1094000,1815210
2014/07/16,0,1235000,-735000,500000
2014/07/17,0,1734727,-2702000,-967273
2014/07/18,0,1415000,-2325000,-910000
2014/07/21,0,354000,-2290130,-1936130
2014/07/22,0,2701000,-3129610,-428610
2014/07/23,0,0,0,0
2014/07/24,0,3343000,-4249661,-906661
2014/07/25,0,2366000,-4185000,-1819000
2014/07/28,0,3882000,-2736000,1146000
2014/07/29,0,8355000,-4705252,3649748
2014/07/30,0,7769000,-4171000,3598000
2014/07/31,0,3806000,-10103000,-6297000
2014/08/01,0,4703152,-3833000,870152
2014/08/04,0,2524000,-2737000,-213000
2014/08/05,0,4788000,-4641576,146424
2014/08/06,0,5408690,-3218800,2189890
2014/08/07,0,1023153,-2237565,-1214412
2014/08/08,0,3354000,-4382608,-1028608
2014/08/11,0,2657000,-1506270,1150730
2014/08/12,0,6112000,-2946398,3165602
2014/08/13,0,3978000,-3434000,544000
2014/08/14,0,3056000,-2843000,213000
2014/08/15,0,1268000,-2904339,-1636339
2014/08/18,0,2059000,-779400,1279600
2014/08/19,0,1260740,-1195500,65240
2014/08/20,0,2198740,-4552000,-2353260
2014/08/21,0,1539000,-6110000,-4571000
2014/08/22,0,13456076,-22832161,-9376085
2014/08/25,0,2218000,-1076000,1142000
2014/08/26,0,4191571,-5816000,-1624429
2014/08/27,0,5225000,-3905000,1320000
2014/08/28,0,6860000,-2521894,4338106
2014/08/29,0,4870000,-2157000,2713000
2014/09/01,0,8258000,-4109000,4149000
2014/09/02,0,9397000,-8200000,1197000
2014/09/03,0,3846153,-16367213,-12521060
2014/09/04,0,1607000,-3916407,-2309407
2014/09/05,0,2114000,-3313000,-1199000
2014/09/09,0,7364000,-6781000,583000
2014/09/10,0,1165000,-6873000,-5708000
2014/09/11,0,1600000,-6644000,-5044000
2014/09/12,0,5915748,-15419000,-9503252
2014/09/15,0,2493000,-1608000,885000
2014/09/16,0,1019000,-1081000,-62000
2014/09/17,0,1612000,-1163000,449000
2014/09/18,0,966000,-2861000,-1895000
2014/09/19,0,2090617,-2366000,-275383
2014/09/22,0,1234000,-1611862,-377862
2014/09/23,0,728000,-2076000,-1348000
2014/09/24,0,1247000,-923736,323264
2014/09/25,0,1528000,-1791000,-263000
2014/09/26,0,1470000,-1721000,-251000
2014/09/29,0,4898000,-4166960,731040
2014/09/30,0,1828000,-4234268,-2406268
2014/10/01,0,2595000,-3629000,-1034000
2014/10/02,0,1585000,-1734000,-149000
2014/10/03,0,3262000,-1903000,1359000
2014/10/06,0,936000,-2356000,-1420000
2014/10/07,0,907000,-750000,157000
2014/10/08,0,3430000,-1941000,1489000
2014/10/09,0,4320000,-2821000,1499000
2014/10/13,0,4099000,-7283000,-3184000
2014/10/14,0,2995000,-3042000,-47000
2014/10/15,0,2515000,-5169500,-2654500
2014/10/16,0,3767000,-2996000,771000
2014/10/17,0,1169000,-1901000,-732000
2014/10/20,0,1383000,-1719000,-336000
2014/10/21,0,4011000,-3181000,830000
2014/10/22,0,1648000,-2863050,-1215050
2014/10/23,0,2730000,-1507168,1222832
2014/10/24,0,866000,-2782000,-1916000
2014/10/27,0,1124000,-1158574,-34574
2014/10/28,0,2067000,-1547000,520000
2014/10/29,0,1434000,-1794000,-360000
2014/10/30,0,571000,-1381549,-810549
2014/10/31,0,1221000,-785000,436000
2014/11/03,0,1721000,-3966000,-2245000
2014/11/04,0,1566000,-2592750,-1026750
2014/11/05,0,1297000,-1921000,-624000
2014/11/06,0,637000,-738000,-101000
2014/11/07,0,963000,-1297000,-334000
2014/11/10,0,1472000,-1769536,-297536
2014/11/11,0,883000,-278000,605000
2014/11/12,0,427000,-1331000,-904000
2014/11/13,0,2501000,-775000,1726000
2014/11/14,0,3035000,-1437000,1598000
2014/11/17,0,1375000,-2737682,-1362682
2014/11/18,0,1397382,-1079000,318382
2014/11/19,0,2760000,-2701000,59000
2014/11/20,0,1539000,-1341000,198000
2014/11/21,0,3881000,-1318000,2563000
2014/11/24,0,2872000,-3209800,-337800
2014/11/25,0,1737297,-1192000,545297
2014/11/26,0,570000,-1087000,-517000
2014/11/27,0,2503000,-5084000,-2581000
2014/11/28,0,1783000,-2128740,-345740
2014/12/01,0,1731000,-2154391,-423391
2014/12/02,0,1076000,-1672038,-596038
2014/12/03,0,1676000,-652866,1023134
2014/12/04,0,3389000,-1836000,1553000
2014/12/05,0,366000,-2387000,-2021000
2014/12/08,0,1368000,-1549000,-181000
2014/12/09,0,237000,-1015000,-778000
2014/12/10,0,2489000,-1505000,984000
2014/12/11,0,1336974,-2199238,-862264
2014/12/12,0,2690382,-2023000,667382
2014/12/15,0,2113000,-1220797,892203
2014/12/16,0,1095000,-2356000,-1261000
2014/12/17,0,4126000,-5944210,-1818210
2014/12/18,0,4553750,-1420231,3133519
2014/12/19,0,3814000,-6719000,-2905000
2014/12/22,0,2612000,-2236000,376000
2014/12/23,0,10105000,-5745000,4360000
2014/12/24,0,2685000,-2636000,49000
2014/12/25,0,2218000,-911000,1307000
2014/12/26,0,1075000,-693000,382000
2014/12/29,0,1959773,-1061000,898773
2014/12/30,0,2438000,-2281000,157000
2014/12/31,0,1518189,-1753400,-235211
2015/01/01,0,0,0,0
2015/01/02,0,0,0,0
2015/01/05,0,2841000,-2695000,146000
2015/01/06,0,1634000,-3162854,-1528854
2015/01/07,0,1055000,-1242001,-187001
2015/01/08,0,2267000,-968483,1298517
2015/01/09,0,515000,-1351313,-836313
2015/01/12,0,1418000,-1137000,281000
2015/01/13,0,1319000,-1093000,226000
2015/01/14,0,555000,-1424000,-869000
2015/01/15,0,3171000,-1746000,1425000
2015/01/16,0,2347000,-3623379,-1276379
2015/01/19,0,2595000,-5024000,-2429000
2015/01/20,0,1345000,-3554000,-2209000
2015/01/21,0,2657000,-234000,2423000
2015/01/22,0,1341339,-3650766,-2309427
2015/01/23,0,1859000,-3270000,-1411000
2015/01/26,0,1483000,-4224000,-2741000
2015/01/27,0,1594000,-1550828,43172
2015/01/28,0,1442000,-4030000,-2588000
2015/01/29,0,1191000,-1635000,-444000
2015/01/30,0,1577000,-3243645,-1666645
2015/02/02,0,1468000,-3046000,-1578000
2015/02/03,0,3083000,-3169400,-86400
2015/02/04,0,1525000,-2066000,-541000
2015/02/05,0,853000,-1681000,-828000
2015/02/06,0,995000,-2173000,-1178000
2015/02/09,0,696000,-2321714,-1625714
2015/02/10,0,4479071,-3026714,1452357
2015/02/11,0,2260829,-1599000,661829
2015/02/12,0,1993785,-743107,1250678
2015/02/13,0,3142585,-2294265,848320
2015/02/16,0,0,0,0
2015/02/17,0,0,0,0
2015/02/18,0,0,0,0
2015/02/19,0,0,0,0
2015/02/20,0,0,0,0
2015/02/23,0,0,0,0
2015/02/24,0,3788000,-5499229,-1711229
2015/02/25,0,1231000,-983000,248000
2015/02/26,0,1590608,-1801776,-211168
2015/02/27,0,0,0,0
2015/03/02,0,2182040,-2479000,-296960
2015/03/03,0,1329269,-1906000,-576731
2015/03/04,0,2733000,-2218000,515000
2015/03/05,0,1061446,-2020888,-959442
2015/03/06,0,1533000,-1775000,-242000
2015/03/09,0,667000,-1807584,-1140584
2015/03/10,0,1796822,-2568500,-771678
2015/03/11,0,2391293,-3746000,-1354707
2015/03/12,0,1812000,-2792000,-980000
2015/03/13,0,252000,-3644099,-3392099
2015/03/16,0,765000,-1394783,-629783
2015/03/17,0,3308000,-2134000,1174000
2015/03/18,0,2925154,-8353926,-5428772
2015/03/19,0,1825000,-4061000,-2236000
2015/03/20,0,744225,-2352223,-1607998
2015/03/23,0,123000,-2816701,-2693701
2015/03/24,0,325062,-4000000,-3674938
2015/03/25,0,1349000,-3826000,-2477000
2015/03/26,0,1523428,-4547708,-3024280
2015/03/27,0,582000,-5827000,-5245000
2015/03/30,0,1368000,-6625000,-5257000
2015/03/31,0,4419549,-7564431,-3144882
2015/04/01,0,1359900,-15027700,-13667800
2015/04/02,0,2542382,-18501000,-15958618
2015/04/03,0,0,0,0
2015/04/06,0,0,0,0
2015/04/07,0,1290000,-8769171,-7479171
2015/04/08,0,2542773,-5831000,-3288227
2015/04/09,0,1676000,-11516016,-9840016
2015/04/10,0,8614000,-10679000,-2065000
2015/04/13,0,590000,-9117000,-8527000
2015/04/14,0,2674000,-8617000,-5943000
2015/04/15,0,1749000,-7729000,-5980000
2015/04/16,0,2517000,-4037000,-1520000
2015/04/17,0,950269,-3972799,-3022530
2015/04/20,0,824000,-2785000,-1961000
2015/04/21,0,658000,-2569000,-1911000
2015/04/22,0,1937000,-3964750,-2027750
2015/04/23,0,4615137,-2676931,1938206
2015/04/24,0,1935000,-2569800,-634800
2015/04/27,0,943000,-3867000,-2924000
2015/04/28,0,1703000,-2480000,-777000
2015/04/29,0,1134000,-2605000,-1471000
2015/04/30,0,4181000,-2670000,1511000
2015/05/01,0,0,0,0
2015/05/04,0,5855000,-4115000,1740000
2015/05/05,0,579000,-1627000,-1048000
2015/05/06,0,1386000,-1788000,-402000
2015/05/07,0,874000,-1246000,-372000
2015/05/08,0,1751682,-1827994,-76312
2015/05/11,0,1745000,-2305000,-560000
2015/05/12,0,685000,-1566700,-881700
2015/05/13,0,497000,-2303000,-1806000
2015/05/14,0,1222000,-1162832,59168
2015/05/15,0,815982,-2574000,-1758018
2015/05/18,0,1726000,-918416,807584
2015/05/19,0,2727682,-2502000,225682
2015/05/20,0,1953148,-1386000,567148
2015/05/21,0,911000,-2120500,-1209500
2015/05/22,0,2438000,-5772000,-3334000
2015/05/25,0,1053000,-725000,328000
2015/05/26,0,1946002,-470000,1476002
2015/05/27,0,2127593,-491682,1635911
2015/05/28,0,989000,-1951729,-962729
2015/05/29,0,6260064,-3905522,2354542
2015/06/01,0,1827000,-2279000,-452000
2015/06/02,0,2892246,-1429100,1463146
2015/06/03,0,1946000,-2940020,-994020
2015/06/04,0,2591000,-4633900,-2042900
2015/06/05,0,1841000,-2012000,-171000
2015/06/08,0,1250000,-1501000,-251000
2015/06/09,0,1784000,-3310500,-1526500
2015/06/10,0,3406000,-1635602,1770398
2015/06/11,0,1278000,-3127000,-1849000
2015/06/12,0,1513427,-3420045,-1906618
2015/06/15,0,2228000,-3806000,-1578000
2015/06/16,0,674000,-3288000,-2614000
2015/06/17,0,2192000,-4511548,-2319548
2015/06/18,0,3181466,-2539000,642466
2015/06/19,0,0,0,0
2015/06/22,0,374369,-3420142,-3045773
2015/06/23,0,456000,-1274000,-818000
2015/06/24,0,800630,-1925682,-1125052
2015/06/25,0,2278984,-968000,1310984
2015/06/26,0,1098000,-1248000,-150000
2015/06/29,0,760000,-3271163,-2511163
2015/06/30,0,3837668,-4078401,-240733
2015/07/01,0,1626000,-3735409,-2109409
2015/07/02,0,997250,-1891000,-893750
2015/07/03,0,904000,-2343000,-1439000
2015/07/06,0,1859000,-1050000,809000
2015/07/07,0,1298000,-2716000,-1418000
2015/07/08,0,2650378,-5397000,-2746622
2015/07/09,0,3239000,-2234000,1005000
2015/07/10,0,0,0,0
2015/07/13,0,1411000,-2602000,-1191000
2015/07/14,0,1134000,-1224000,-90000
2015/07/15,0,1501000,-3870139,-2369139
2015/07/16,0,1435000,-1362000,73000
2015/07/17,0,1441873,-2756000,-1314127
2015/07/20,0,1104369,-383000,721369
2015/07/21,0,1418000,-1029000,389000
2015/07/22,0,1293000,-1062960,230040
2015/07/23,0,1453000,-537000,916000
2015/07/24,0,1268382,-835531,432851
2015/07/27,0,1694000,-970000,724000
2015/07/28,0,5815666,-6854000,-1038334
2015/07/29,0,5789000,-9499841,-3710841
2015/07/30,0,5070000,-7185000,-2115000
2015/07/31,0,3539479,-6016000,-2476521
2015/08/03,0,3609000,-5814000,-2205000
2015/08/04,0,4660000,-6433469,-1773469
2015/08/05,0,5825000,-3395000,2430000
2015/08/06,0,4954000,-3525000,1429000
2015/08/07,0,4336000,-3939000,397000
2015/08/10,0,3194000,-3377000,-183000
2015/08/11,0,1127000,-5593000,-4466000
2015/08/12,0,763000,-6375000,-5612000
2015/08/13,0,682991,-3451760,-2768769
2015/08/14,0,842362,-3354000,-2511638
2015/08/17,0,457382,-1587269,-1129887
2015/08/18,0,1270000,-2732000,-1462000
2015/08/19,0,795447,-3707000,-2911553
2015/08/20,0,1164000,-3354000,-2190000
2015/08/21,0,1810000,-4946000,-3136000
2015/08/24,0,2502000,-1606000,896000
2015/08/25,0,4133789,-5358742,-1224953
2015/08/26,0,2961000,-3831590,-870590
2015/08/27,0,7148456,-1478000,5670456
2015/08/28,0,2865988,-1692473,1173515
2015/08/31,0,7557252,-4375000,3182252
2015/09/01,0,2352000,-3053000,-701000
2015/09/02,0,2320000,-3260602,-940602
2015/09/03,0,1390000,-881000,509000
2015/09/04,0,421602,-2555112,-2133510
2015/09/07,0,515000,-2777000,-2262000
2015/09/08,0,726417,-1417000,-690583
2015/09/09,0,6742592,-1083000,5659592
2015/09/10,0,4717000,-3960589,756411
2015/09/11,0,1852000,-1232000,620000
2015/09/14,0,3525000,-2072000,1453000
2015/09/15,0,2846000,-1328000,1518000
2015/09/16,0,2333000,-1636578,696422
2015/09/17,0,2472481,-2157645,314836
2015/09/18,0,1805682,-2041000,-235318
2015/09/21,0,2696000,-3460060,-764060
2015/09/22,0,532000,-881000,-349000
2015/09/23,0,2811000,-2953908,-142908
2015/09/24,0,1328000,-2058000,-730000
2015/09/25,0,1010604,-2642000,-1631396
2015/09/28,0,0,0,0
2015/09/29,0,0,0,0
2015/09/30,0,2686000,-8071533,-5385533
2015/10/01,0,3591000,-7999000,-4408000
2015/10/02,0,1684000,-5567000,-3883000
2015/10/05,0,3312560,-7928487,-4615927
2015/10/06,0,1555000,-6620000,-5065000
2015/10/07,0,1449000,-4556000,-3107000
2015/10/08,0,2370000,-6032000,-3662000
2015/10/09,0,0,0,0
2015/10/12,0,3613796,-2946000,667796
2015/10/13,0,1604382,-2167710,-563328
2015/10/14,0,2508000,-3644000,-1136000
2015/10/15,0,1675000,-3631000,-1956000
2015/10/16,0,2063000,-2793100,-730100
2015/10/19,0,1013000,-1451000,-438000
2015/10/20,0,1538000,-1551000,-13000
2015/10/21,0,1327000,-2494000,-1167000
2015/10/22,0,1006000,-1444000,-438000
2015/10/23,0,1821000,-1094000,727000
2015/10/26,0,4232000,-1098000,3134000
2015/10/27,0,4803000,-2115000,2688000
2015/10/28,0,985000,-4619116,-3634116
2015/10/29,0,1213000,-3117227,-1904227
2015/10/30,0,3306000,-2538000,768000
2015/11/02,0,1183000,-1830000,-647000
2015/11/03,0,2679000,-6960913,-4281913
2015/11/04,0,5512000,-291427,5220573
2015/11/05,0,787000,-2339000,-1552000
2015/11/06,0,767000,-4522077,-3755077
2015/11/09,0,773409,-902000,-128591
2015/11/10,0,663000,-7269000,-6606000
2015/11/11,0,2556000,-5881000,-3325000
2015/11/12,0,1173000,-3024000,-1851000
2015/11/13,0,1827000,-4661000,-2834000
2015/11/16,0,6213748,-6752196,-538448
2015/11/17,0,1104000,-3354035,-2250035
2015/11/18,0,1648800,-4649000,-3000200
2015/11/19,0,789000,-4168292,-3379292
2015/11/20,0,687000,-979954,-292954
2015/11/23,0,862152,-2504578,-1642426
2015/11/24,0,1937000,-2417037,-480037
2015/11/25,0,2309000,-1848000,461000
2015/11/26,0,3173000,-1691000,1482000
2015/11/27,0,1378000,-2791340,-1413340
2015/11/30,0,68261400,-87124312,-18862912
2015/12/01,0,6652000,-11565238,-4913238
2015/12/02,0,3255000,-8513135,-5258135
2015/12/03,0,5395000,-17403000,-12008000
2015/12/04,0,2385000,-6357978,-3972978
2015/12/07,0,1883000,-3735363,-1852363
2015/12/08,0,948000,-7087000,-6139000
2015/12/09,0,1397000,-2249117,-852117
2015/12/10,0,821000,-2267000,-1446000
2015/12/11,0,2017000,-2799912,-782912
2015/12/14,0,3202000,-5504000,-2302000
2015/12/15,0,5782000,-4317000,1465000
2015/12/16,0,2539000,-3812000,-1273000
2015/12/17,0,6639000,-5963000,676000
2015/12/18,0,5808509,-4752000,1056509
2015/12/21,0,2585000,-4880565,-2295565
2015/12/22,0,2235700,-2719000,-483300
2015/12/23,0,9516000,-1148451,8367549
2015/12/24,0,1433000,-1010000,423000
2015/12/25,0,675000,-2976000,-2301000
2015/12/28,0,1014000,-2735000,-1721000
2015/12/29,0,2854000,-1912334,941666
2015/12/30,0,844100,-2113902,-1269802
2015/12/31,0,900000,-907000,-7000
2016/01/01,0,0,0,0
2016/01/04,0,955000,-2596000,-1641000
2016/01/05,0,5236000,-915591,4320409
2016/01/06,0,253000,-3364000,-3111000
2016/01/07,0,2779000,-3303000,-524000
2016/01/08,0,3575000,-2146440,1428560
2016/01/11,0,2011000,-4127000,-2116000
2016/01/12,0,3353000,-2114000,1239000
2016/01/13,0,3695000,-2584000,1111000
2016/01/14,0,4041000,-3166000,875000
2016/01/15,0,3514000,-2595870,918130
2016/01/18,0,5566000,-5521000,45000
2016/01/19,0,1684000,-6173000,-4489000
2016/01/20,0,4072000,-5259000,-1187000
2016/01/21,0,2337128,-3371000,-1033872
2016/01/22,0,3463000,-3845000,-382000
2016/01/25,0,2813000,-3876000,-1063000
2016/01/26,0,3054000,-2463000,591000
2016/01/27,0,1200376,-944000,256376
2016/01/28,0,820000,-2401000,-1581000
2016/01/29,0,2493000,-3199000,-706000
2016/02/01,0,4216000,-4113000,103000
2016/02/02,0,2224000,-1530000,694000
2016/02/03,0,1638504,-3921000,-2282496
2016/02/04,0,0,0,0
2016/02/05,0,0,0,0
2016/02/08,0,0,0,0
2016/02/09,0,0,0,0
2016/02/10,0,0,0,0
2016/02/11,0,0,0,0
2016/02/12,0,0,0,0
2016/02/15,0,2809000,-3898000,-1089000
2016/02/16,0,1880000,-709000,1171000
2016/02/17,0,2281000,-3410000,-1129000
2016/02/18,0,666000,-3090000,-2424000
2016/02/19,0,932100,-2067955,-1135855
2016/02/22,0,1690000,-2301000,-611000
2016/02/23,0,1512376,-2113000,-600624
2016/02/24,0,680641,-1659000,-978359
2016/02/25,0,611679,-1360181,-748502
2016/02/26,0,3451991,-2238000,1213991
2016/02/29,0,0,0,0
2016/03/01,0,640000,-3916242,-3276242
2016/03/02,0,1868000,-277000,1591000
2016/03/03,0,1609000,-107000,1502000
2016/03/04,0,2246000,-86000,2160000
2016/03/07,0,2144000,-1680000,464000
2016/03/08,0,2616000,-5113000,-2497000
2016/03/09,0,790000,-2971000,-2181000
2016/03/10,0,1591136,-620000,971136
2016/03/11,0,1067000,-792000,275000
2016/03/14,0,1381000,-2848000,-1467000
2016/03/15,0,792000,-5932000,-5140000
2016/03/16,0,1895000,-1077000,818000
2016/03/17,0,1167481,-1921000,-753519
2016/03/18,0,1156000,-1718000,-562000
2016/03/21,0,555000,-1481022,-926022
2016/03/22,0,785376,-2926000,-2140624
2016/03/23,0,1370000,-1849000,-479000
2016/03/24,0,1023000,-1437000,-414000
2016/03/25,0,253000,-1387245,-1134245
2016/03/28,0,199000,-369000,-170000
2016/03/29,0,2231000,-802000,1429000
2016/03/30,0,907000,-1273000,-366000
2016/03/31,0,1333000,-414000,919000
2016/04/01,0,656496,-1083899,-427403
2016/04/04,0,0,0,0
2016/04/05,0,0,0,0
2016/04/06,0,1705000,-486000,1219000
2016/04/07,0,344000,-906000,-562000
2016/04/08,0,786000,-975383,-189383
2016/04/11,0,1424000,-1654000,-230000
2016/04/12,0,1101000,-1244535,-143535
2016/04/13,0,924000,-802000,122000
2016/04/14,0,497000,-765000,-268000
2016/04/15,0,842911,-1619936,-777025
2016/04/18,0,720000,-349000,371000
2016/04/19,0,966000,-862000,104000
2016/04/20,0,612161,-1769000,-1156839
2016/04/21,0,1227000,-1784000,-557000
2016/04/22,0,1930000,-844000,1086000
2016/04/25,0,1720000,-313000,1407000
2016/04/26,0,1265000,-1666000,-401000
2016/04/27,0,663000,-2393000,-1730000
2016/04/28,0,535839,-2418000,-1882161
2016/04/29,0,2441000,-947019,1493981
2016/05/02,0,0,0,0
2016/05/03,0,1486000,-1015000,471000
2016/05/04,0,1203000,-1043000,160000
2016/05/05,0,844000,-960960,-116960
2016/05/06,0,1445000,-3043106,-1598106
2016/05/09,0,2319000,-1716906,602094
2016/05/10,0,1208000,-1904000,-696000
2016/05/11,0,1116000,-798000,318000
2016/05/12,0,1944000,-478000,1466000
2016/05/13,0,4312000,-5775852,-1463852
2016/05/16,0,2092000,-2625000,-533000
2016/05/17,0,2022000,-2664000,-642000
2016/05/18,0,7557000,-3336000,4221000
2016/05/19,0,1711000,-1852000,-141000
2016/05/20,0,2392000,-1683000,709000
2016/05/23,0,1787000,-2947000,-1160000
2016/05/24,0,1865000,-1467000,398000
2016/05/25,0,1084000,-1426000,-342000
2016/05/26,0,904000,-872000,32000
2016/05/27,0,1966000,-2512000,-546000
2016/05/30,0,501824,-3190000,-2688176
2016/05/31,0,3726000,-2001000,1725000
2016/06/01,0,1054000,-858541,195459
2016/06/02,0,1616000,-401000,1215000
2016/06/03,0,2982000,-334000,2648000
2016/06/06,0,431000,-1776020,-1345020
2016/06/07,0,2146000,-1637000,509000
2016/06/08,0,639000,-2110852,-1471852
2016/06/09,0,0,0,0
2016/06/10,0,0,0,0
2016/06/13,0,1449000,-2083000,-634000
2016/06/14,0,2422000,-857000,1565000
2016/06/15,0,977000,-1770860,-793860
2016/06/16,0,636000,-3011000,-2375000
2016/06/17,0,1424000,-899000,525000
2016/06/20,0,1142000,-805000,337000
2016/06/21,0,935000,-1504006,-569006
2016/06/22,0,2424000,-1376000,1048000
2016/06/23,0,1684000,-2757000,-1073000
2016/06/24,0,5092000,-527000,4565000
2016/06/27,0,4099000,-3848000,251000
2016/06/28,0,2445000,-3056000,-611000
2016/06/29,0,5345000,-2166000,3179000
2016/06/30,0,4807000,-3586000,1221000
2016/07/01,0,4701000,-3464000,1237000
2016/07/04,0,2333000,-716975,1616025
2016/07/05,0,1410000,-719000,691000
2016/07/06,0,2977000,-1488360,1488640
2016/07/07,0,2396000,-1143000,1253000
2016/07/08,0,0,0,0
2016/07/11,0,4129000,-665000,3464000
2016/07/12,0,3971000,-1929490,2041510
2016/07/13,0,2532000,-654000,1878000
2016/07/14,0,1160000,-1434000,-274000
2016/07/15,0,2827000,-1058000,1769000
2016/07/18,0,3685000,-2233000,1452000
2016/07/19,0,2977000,-2101000,876000
2016/07/20,0,14468000,-2788000,11680000
2016/07/21,0,16253000,-7083000,9170000
2016/07/22,0,8031000,-5950016,2080984
2016/07/25,0,5087000,-3910000,1177000
2016/07/26,0,6419000,-2413000,4006000
2016/07/27,0,14864000,-2440000,12424000
2016/07/28,0,1649000,-1112000,537000
2016/07/29,0,1670000,-2135000,-465000
2016/08/01,0,6775000,-3780000,2995000
2016/08/02,0,2835000,-996000,1839000
2016/08/03,0,4063000,-1606000,2457000
2016/08/04,0,2395000,-3580000,-1185000
2016/08/05,0,10230000,-2496000,7734000
2016/08/08,0,3297000,-1029000,2268000
2016/08/09,0,2434000,-4092000,-1658000
2016/08/10,0,5822000,-9813000,-3991000
2016/08/11,0,9214000,-7677000,1537000
2016/08/12,0,3547000,-12864000,-9317000
2016/08/15,0,2689000,-3918000,-1229000
2016/08/16,0,877000,-2560000,-1683000
2016/08/17,0,4438224,-7124000,-2685776
2016/08/18,0,1875000,-1156938,718062
2016/08/19,0,2194000,-2605995,-411995
2016/08/22,0,659000,-1988000,-1329000
2016/08/23,0,236000,-2838000,-2602000
2016/08/24,0,1463000,-5773000,-4310000
2016/08/25,0,2667000,-4074000,-1407000
2016/08/26,0,180000,-3176000,-2996000
2016/08/29,0,281000,-3817000,-3536000
2016/08/30,0,1333000,-2150000,-817000
2016/08/31,0,5292000,-2220000,3072000
2016/09/01,0,8678000,-5647000,3031000
2016/09/02,0,4253000,-2784709,1468291
2016/09/05,0,2679000,-1407000,1272000
2016/09/06,0,926000,-349000,577000
2016/09/07,0,1430000,-307000,1123000
2016/09/08,0,3366000,-1126000,2240000
2016/09/09,0,3577000,-982000,2595000
2016/09/12,0,1331000,-1680599,-349599
2016/09/13,0,2215000,-1152000,1063000
2016/09/14,0,551936,-1356000,-804064
2016/09/15,0,0,0,0
2016/09/16,0,0,0,0
2016/09/19,0,4210000,-3023000,1187000
2016/09/20,0,2579000,-3211000,-632000
2016/09/21,0,820000,-2285000,-1465000
2016/09/22,0,1872000,-2031689,-159689
2016/09/23,0,253000,-3574000,-3321000
2016/09/26,0,252000,-1083000,-831000
2016/09/27,0,0,0,0
2016/09/28,0,0,0,0
2016/09/29,0,1144000,-3106000,-1962000
2016/09/30,0,967000,-5595000,-4628000
2016/10/03,0,548000,-1235000,-687000
2016/10/04,0,1056000,-2972000,-1916000
2016/10/05,0,1533000,-8195000,-6662000
2016/10/06,0,4246000,-4908000,-662000
2016/10/07,0,4044000,-11263000,-7219000
2016/10/10,0,0,0,0
2016/10/11,0,1221000,-4063000,-2842000
2016/10/12,0,271000,-4279000,-4008000
2016/10/13,0,69000,-3646231,-3577231
2016/10/14,0,615000,-4457000,-3842000
2016/10/17,0,1865000,-3268000,-1403000
2016/10/18,0,3660000,-4549000,-889000
2016/10/19,0,946000,-4139000,-3193000
2016/10/20,0,322000,-948000,-626000
2016/10/21,0,117000,-516000,-399000
2016/10/24,0,223000,-742000,-519000
2016/10/25,0,502100,-1145000,-642900
2016/10/26,0,802000,-721943,80057
2016/10/27,0,367000,-1034000,-667000
2016/10/28,0,479000,-1864000,-1385000
2016/10/31,0,511000,-1309000,-798000
2016/11/01,0,409000,-1338000,-929000
2016/11/02,0,163000,-2165000,-2002000
2016/11/03,0,551000,-6720000,-6169000
2016/11/04,0,548000,-1834000,-1286000
2016/11/07,0,494000,-1238000,-744000
2016/11/08,0,1564000,-1731000,-167000
2016/11/09,0,3173000,-2771000,402000
2016/11/10,0,437000,-1827000,-1390000
2016/11/11,0,4525000,-2043000,2482000
2016/11/14,0,7288000,-2320000,4968000
2016/11/15,0,4369000,-2411000,1958000
2016/11/16,0,5032000,-502000,4530000
2016/11/17,0,3787000,-1229000,2558000
2016/11/18,0,2025000,-381000,1644000
2016/11/21,0,7376000,-385000,6991000
2016/11/22,0,5658000,-1832000,3826000
2016/11/23,0,2070000,-1045000,1025000
2016/11/24,0,1744000,-291000,1453000
2016/11/25,0,1061000,-45000,1016000
2016/11/28,0,1632000,-333000,1299000
2016/11/29,0,2834000,-1693000,1141000
2016/11/30,0,368000,-1122000,-754000
2016/12/01,0,2958000,-456000,2502000
2016/12/02,0,719000,-389000,330000
2016/12/05,0,465000,-1404048,-939048
2016/12/06,0,1015000,-539000,476000
2016/12/07,0,790000,-1168000,-378000
2016/12/08,0,884000,-665000,219000
2016/12/09,0,1730000,-449258,1280742
2016/12/12,0,994000,-473000,521000
2016/12/13,0,3944667,-1713754,2230913
2016/12/14,0,1955000,-363000,1592000
2016/12/15,0,3594000,-1040000,2554000
2016/12/16,0,1634000,-1859000,-225000
2016/12/19,0,2287000,-1505000,782000
2016/12/20,0,1933000,-1365000,568000
2016/12/21,0,1891000,-655000,1236000
2016/12/22,0,530000,-556399,-26399
2016/12/23,0,711000,-572000,139000
2016/12/26,0,119000,-508000,-389000
2016/12/27,0,85000,-858000,-773000
2016/12/28,0,1285000,-220000,1065000
2016/12/29,0,639000,-1244994,-605994
2016/12/30,0,1937000,-563000,1374000
2017/01/02,0,0,0,0
2017/01/03,0,241000,-1291000,-1050000
2017/01/04,0,1021000,-692000,329000
2017/01/05,0,10904000,-2655000,8249000
2017/01/06,0,3961000,-2848208,1112792
2017/01/09,0,2311000,-1542000,769000
2017/01/10,0,3177000,-1204000,1973000
2017/01/11,0,446519,-4304000,-3857481
2017/01/12,0,1647000,-2381000,-734000
2017/01/13,0,301000,-1727000,-1426000
2017/01/16,0,542000,-770000,-228000
2017/01/17,0,611000,-234000,377000
2017/01/18,0,1512000,-585375,926625
2017/01/19,0,897000,-441503,455497
2017/01/20,0,767000,-754000,13000
2017/01/23,0,623333,-207000,416333
2017/01/24,0,1414000,-921000,493000
2017/01/25,0,0,0,0
2017/01/26,0,0,0,0
2017/01/27,0,0,0,0
2017/01/30,0,0,0,0
2017/01/31,0,0,0,0
2017/02/01,0,0,0,0
2017/02/02,0,2780000,-719000,2061000
2017/02/03,0,2894000,-1314000,1580000
2017/02/06,0,2793000,-1444000,1349000
2017/02/07,0,416000,-527000,-111000
2017/02/08,0,1683000,-763000,920000
2017/02/09,0,1941000,-7218487,-5277487
2017/02/10,0,5020000,-2738000,2282000
2017/02/13,0,1553000,-3333000,-1780000
2017/02/14,0,4142000,-3928000,214000
2017/02/15,0,2778000,-3292000,-514000
2017/02/16,0,2146000,-1015000,1131000
2017/02/17,0,7917000,-1468000,6449000
2017/02/20,0,9052000,-7359000,1693000
2017/02/21,0,9592000,-11384000,-1792000
2017/02/22,0,6954000,-3187000,3767000
2017/02/23,0,8867000,-11430000,-2563000
2017/02/24,0,3719000,-6379000,-2660000
2017/02/27,0,0,0,0
2017/02/28,0,0,0,0
2017/03/01,0,3418000,-4510580,-1092580
2017/03/02,0,3950000,-2605779,1344221
2017/03/03,0,1116000,-1685000,-569000
2017/03/06,0,1054000,-1305500,-251500
2017/03/07,0,839000,-593000,246000
2017/03/08,0,4460000,-5351000,-891000
2017/03/09,0,1237590,-4633000,-3395410
2017/03/10,0,1672001,-4398000,-2725999
2017/03/13,0,1919890,-1584710,335180
2017/03/14,0,3002000,-2576000,426000
2017/03/15,0,4333000,-2005000,2328000
2017/03/16,0,2676300,-1988300,688000
2017/03/17,0,3124000,-1630000,1494000
2017/03/20,0,4013000,-1727000,2286000
2017/03/21,0,26703000,-1397000,25306000
2017/03/22,0,15150836,-7813021,7337815
2017/03/23,0,6848001,-10753000,-3904999
2017/03/24,0,4712000,-2373000,2339000
2017/03/27,0,8544000,-876871,7667129
2017/03/28,0,10130000,-2351000,7779000
2017/03/29,0,2933900,-5840000,-2906100
2017/03/30,0,2780000,-999000,1781000
2017/03/31,0,3197000,-2258350,938650
2017/04/03,0,0,0,0
2017/04/04,0,0,0,0
2017/04/05,0,2175000,-4008000,-1833000
2017/04/06,0,3086000,-4256000,-1170000
2017/04/07,0,6058000,-951000,5107000
2017/04/10,0,3040000,-2387000,653000
2017/04/11,0,1953000,-885300,1067700
2017/04/12,0,1689686,-1711000,-21314
2017/04/13,0,5214593,-2151000,3063593
2017/04/14,0,950000,-2937000,-1987000
2017/04/17,0,2834000,-2577000,257000
2017/04/18,0,2997000,-644000,2353000
2017/04/19,0,5517152,-1793000,3724152
