Date,Open,Buy,Sell,Total
2007/01/02,0,538000,-9000,529000
2007/01/03,0,285000,-961000,-676000
2007/01/04,0,312000,-550000,-238000
2007/01/05,0,32000,-80306,-48306
2007/01/08,0,70000,-716000,-646000
2007/01/09,0,200000,-1076000,-876000
2007/01/10,0,475000,-430000,45000
2007/01/11,0,1000,-632867,-631867
2007/01/12,0,57000,0,57000
2007/01/15,0,0,-388000,-388000
2007/01/16,0,0,-419945,-419945
2007/01/17,0,0,-135000,-135000
2007/01/18,0,30000,-85000,-55000
2007/01/19,0,210000,-2000,208000
2007/01/22,0,730000,-380000,350000
2007/01/23,0,3441000,0,3441000
2007/01/24,0,404000,-80000,324000
2007/01/25,0,2272000,0,2272000
2007/01/26,0,465000,-100000,365000
2007/01/29,0,150000,0,150000
2007/01/30,0,1130000,-974000,156000
2007/01/31,0,70000,0,70000
2007/02/01,0,1268000,-100000,1168000
2007/02/02,0,845000,0,845000
2007/02/05,0,444000,-460000,-16000
2007/02/06,0,3863000,-206000,3657000
2007/02/07,0,2853000,-220000,2633000
2007/02/08,0,314000,-868000,-554000
2007/02/09,0,2323000,-185000,2138000
2007/02/12,0,1136000,-157000,979000
2007/02/13,0,175000,-646000,-471000
2007/02/14,0,205000,0,205000
2007/02/15,0,0,0,0
2007/02/16,0,0,0,0
2007/02/19,0,0,0,0
2007/02/20,0,0,0,0
2007/02/21,0,0,0,0
2007/02/22,0,0,0,0
2007/02/23,0,0,0,0
2007/02/26,0,250000,-816000,-566000
2007/02/27,0,483000,-439000,44000
2007/02/28,0,0,0,0
2007/03/01,0,361000,-1200000,-839000
2007/03/02,0,181000,-549000,-368000
2007/03/05,0,678000,-2002000,-1324000
2007/03/06,0,340000,0,340000
2007/03/07,0,1908000,0,1908000
2007/03/08,0,228000,-1009000,-781000
2007/03/09,0,80000,-165000,-85000
2007/03/12,0,275000,-133000,142000
2007/03/13,0,888000,-763000,125000
2007/03/14,0,494000,-745000,-251000
2007/03/15,0,2722000,-7000,2715000
2007/03/16,0,330000,-381000,-51000
2007/03/19,0,1055000,-288000,767000
2007/03/20,0,260000,-537000,-277000
2007/03/21,0,198000,-1255000,-1057000
2007/03/22,0,2058000,-34000,2024000
2007/03/23,0,220000,-163000,57000
2007/03/26,0,113000,-271000,-158000
2007/03/27,0,215000,-805000,-590000
2007/03/28,0,0,-1029350,-1029350
2007/03/29,0,450000,-424675,25325
2007/03/30,0,355000,-705000,-350000
2007/04/02,0,1406000,-220000,1186000
2007/04/03,0,512000,-100000,412000
2007/04/04,0,425000,-400000,25000
2007/04/05,0,0,0,0
2007/04/06,0,0,0,0
2007/04/09,0,113000,-131000,-18000
2007/04/10,0,80000,-870000,-790000
2007/04/11,0,10000,-100000,-90000
2007/04/12,0,50000,-2308000,-2258000
2007/04/13,0,73000,-1587920,-1514920
2007/04/16,0,100000,-523000,-423000
2007/04/17,0,302000,-926000,-624000
2007/04/18,0,600000,-544000,56000
2007/04/19,0,40000,-30000,10000
2007/04/20,0,235000,0,235000
2007/04/23,0,100000,0,100000
2007/04/24,0,433000,0,433000
2007/04/25,0,0,-250000,-250000
2007/04/26,0,0,0,0
2007/04/27,0,200000,-215000,-15000
2007/04/30,0,190000,0,190000
2007/05/01,0,0,0,0
2007/05/02,0,270000,-215000,55000
2007/05/03,0,743000,-200000,543000
2007/05/04,0,201000,0,201000
2007/05/07,0,85000,-20000,65000
2007/05/08,0,1145000,-70000,1075000
2007/05/09,0,208000,-367000,-159000
2007/05/10,0,150000,-2000,148000
2007/05/11,0,700000,-800000,-100000
2007/05/14,0,1150000,-52000,1098000
2007/05/15,0,171000,0,171000
2007/05/16,0,213000,-1000,212000
2007/05/17,0,766000,-80000,686000
2007/05/18,0,434000,-40000,394000
2007/05/21,0,147000,-45000,102000
2007/05/22,0,106000,-821000,-715000
2007/05/23,0,83000,-765000,-682000
2007/05/24,0,80000,-40000,40000
2007/05/25,0,872000,-70000,802000
2007/05/28,0,100000,0,100000
2007/05/29,0,499000,0,499000
2007/05/30,0,1382000,-78000,1304000
2007/05/31,0,344000,0,344000
2007/06/01,0,724000,-80000,644000
2007/06/04,0,640000,-40000,600000
2007/06/05,0,970000,-30000,940000
2007/06/06,0,1601000,-136000,1465000
2007/06/07,0,0,-6000,-6000
2007/06/08,0,376000,-466000,-90000
2007/06/11,0,60000,-40000,20000
2007/06/12,0,50000,-222000,-172000
2007/06/13,0,625000,-590000,35000
2007/06/14,0,2160000,-3926000,-1766000
2007/06/15,0,3320000,-1379000,1941000
2007/06/18,0,0,0,0
2007/06/19,0,0,0,0
2007/06/20,0,158000,-255000,-97000
2007/06/21,0,18000,-456000,-438000
2007/06/22,0,380000,0,380000
2007/06/25,0,476000,-421000,55000
2007/06/26,0,0,-559935,-559935
2007/06/27,0,66000,-335000,-269000
2007/06/28,0,500000,-104000,396000
2007/06/29,0,250000,-181000,69000
2007/07/02,0,55000,-44000,11000
2007/07/03,0,40000,-801000,-761000
2007/07/04,0,1101000,-92000,1009000
2007/07/05,0,475000,-36000,439000
2007/07/06,0,1613000,0,1613000
2007/07/09,0,1709000,-1000,1708000
2007/07/10,0,1655000,-257000,1398000
2007/07/11,0,3988000,-246000,3742000
2007/07/12,0,1587000,-1000,1586000
2007/07/13,0,4110000,0,4110000
2007/07/16,0,914000,-63000,851000
2007/07/17,0,878000,0,878000
2007/07/18,0,1920000,-150000,1770000
2007/07/19,0,1514000,-7064857,-5550857
2007/07/20,0,820000,-54000,766000
2007/07/23,0,618000,-275000,343000
2007/07/24,0,1369000,-1000,1368000
2007/07/25,0,840000,-267000,573000
2007/07/26,0,674000,-2000,672000
2007/07/27,0,132000,-1098000,-966000
2007/07/30,0,516000,-250000,266000
2007/07/31,0,1865000,-5000,1860000
2007/08/01,0,1748000,-2000,1746000
2007/08/02,0,324000,-100000,224000
2007/08/03,0,481000,-525000,-44000
2007/08/06,0,81000,-1070000,-989000
2007/08/07,0,756000,-320000,436000
2007/08/08,0,756000,0,756000
2007/08/09,0,999000,0,999000
2007/08/10,0,774000,-89000,685000
2007/08/13,0,480000,0,480000
2007/08/14,0,211000,-100000,111000
2007/08/15,0,41000,0,41000
2007/08/16,0,226000,-404000,-178000
2007/08/17,0,1679000,-51000,1628000
2007/08/20,0,1483000,-5000,1478000
2007/08/21,0,915000,-600000,315000
2007/08/22,0,1046000,-675000,371000
2007/08/23,0,675000,-398000,277000
2007/08/24,0,5000,-88000,-83000
2007/08/27,0,172000,-955000,-783000
2007/08/28,0,318000,-420000,-102000
2007/08/29,0,27000,0,27000
2007/08/30,0,1073000,-250000,823000
2007/08/31,0,281000,-40000,241000
2007/09/03,0,0,-195306,-195306
2007/09/04,0,2000,-894228,-892228
2007/09/05,0,469000,-339834,129166
2007/09/06,0,279000,-1559175,-1280175
2007/09/07,0,40000,-755,39245
2007/09/10,0,535000,-1396000,-861000
2007/09/11,0,497000,-119000,378000
2007/09/12,0,870000,-150000,720000
2007/09/13,0,1717959,0,1717959
2007/09/14,0,351000,-260000,91000
2007/09/17,0,30000,0,30000
2007/09/18,0,0,0,0
2007/09/19,0,440000,-629000,-189000
2007/09/20,0,230000,0,230000
2007/09/21,0,23000,-355304,-332304
2007/09/24,0,0,0,0
2007/09/25,0,0,0,0
2007/09/26,0,200000,0,200000
2007/09/27,0,210000,-30000,180000
2007/09/28,0,10000,-1622641,-1612641
2007/10/01,0,730000,-758000,-28000
2007/10/02,0,311000,-1003192,-692192
2007/10/03,0,145000,-4191383,-4046383
2007/10/04,0,62000,-2420578,-2358578
2007/10/05,0,100000,-1212483,-1112483
2007/10/08,0,200000,-1270755,-1070755
2007/10/09,0,215000,-2979123,-2764123
2007/10/10,0,0,0,0
2007/10/11,0,114000,-200000,-86000
2007/10/12,0,0,-620283,-620283
2007/10/15,0,750000,-2681000,-1931000
2007/10/16,0,222000,-2208942,-1986942
2007/10/17,0,200000,-1746536,-1546536
2007/10/18,0,31000,-1134069,-1103069
2007/10/19,0,0,-196000,-196000
2007/10/22,0,155000,-271824,-116824
2007/10/23,0,503000,-304511,198489
2007/10/24,0,0,-1048756,-1048756
2007/10/25,0,54000,0,54000
2007/10/26,0,10000,-390837,-380837
2007/10/29,0,15000,-453,14547
2007/10/30,0,129000,-1508352,-1379352
2007/10/31,0,107000,-1194000,-1087000
2007/11/01,0,0,-2287000,-2287000
2007/11/02,0,82000,-240000,-158000
2007/11/05,0,7000,-210920,-203920
2007/11/06,0,145000,-125000,20000
2007/11/07,0,325000,-450000,-125000
2007/11/08,0,103000,-1172878,-1069878
2007/11/09,0,251000,-1114110,-863110
2007/11/12,0,754000,-1883524,-1129524
2007/11/13,0,76000,-506134,-430134
2007/11/14,0,953000,-146033,806967
2007/11/15,0,199000,-1562000,-1363000
2007/11/16,0,100000,-251000,-151000
2007/11/19,0,134000,-17000,117000
2007/11/20,0,170000,-688000,-518000
2007/11/21,0,494000,-125664,368336
2007/11/22,0,550000,-867942,-317942
2007/11/23,0,553000,-278000,275000
2007/11/26,0,591000,-370000,221000
2007/11/27,0,20000,-456000,-436000
2007/11/28,0,0,-579000,-579000
2007/11/29,0,470000,0,470000
2007/11/30,0,2628000,0,2628000
2007/12/03,0,1412000,-250023,1161977
2007/12/04,0,3290000,-50000,3240000
2007/12/05,0,767000,0,767000
2007/12/06,0,102000,-276031,-174031
2007/12/07,0,189000,-893000,-704000
2007/12/10,0,0,0,0
2007/12/11,0,100000,-2040837,-1940837
2007/12/12,0,0,-1292000,-1292000
2007/12/13,0,120000,-953000,-833000
2007/12/14,0,95000,-834659,-739659
2007/12/17,0,80000,-569000,-489000
2007/12/18,0,93000,-1355567,-1262567
2007/12/19,0,0,0,0
2007/12/20,0,150000,-120000,30000
2007/12/21,0,200000,-626000,-426000
2007/12/24,0,0,-231000,-231000
2007/12/25,0,551000,-1123000,-572000
2007/12/26,0,210000,-56000,154000
2007/12/27,0,524000,-2177055,-1653055
2007/12/28,0,55000,-35000,20000
2007/12/31,0,1410000,-321410,1088590
2008/01/01,0,0,0,0
2008/01/02,0,1215000,-645000,570000
2008/01/03,0,150000,-1148000,-998000
2008/01/04,0,325000,-1050940,-725940
2008/01/07,0,50000,-1877390,-1827390
2008/01/08,0,30000,-2751542,-2721542
2008/01/09,0,140000,-1856532,-1716532
2008/01/10,0,42000,-2745902,-2703902
2008/01/11,0,330000,-1568207,-1238207
2008/01/14,0,0,-999919,-999919
2008/01/15,0,200000,-744106,-544106
2008/01/16,0,0,-1772449,-1772449
2008/01/17,0,0,-2621942,-2621942
2008/01/18,0,41000,-1390723,-1349723
2008/01/21,0,236000,-897026,-661026
2008/01/22,0,0,-1820674,-1820674
2008/01/23,0,90000,-3567221,-3477221
2008/01/24,0,187000,-2624565,-2437565
2008/01/25,0,434000,-3426331,-2992331
2008/01/28,0,100000,-1592765,-1492765
2008/01/29,0,30000,-994000,-964000
2008/01/30,0,267000,-1403494,-1136494
2008/01/31,0,306000,-1510000,-1204000
2008/02/01,0,770000,-1164405,-394405
2008/02/04,0,0,0,0
2008/02/05,0,0,0,0
2008/02/06,0,0,0,0
2008/02/07,0,0,0,0
2008/02/08,0,0,0,0
2008/02/11,0,0,0,0
2008/02/12,0,615000,-2375881,-1760881
2008/02/13,0,3241000,-1107552,2133448
2008/02/14,0,300000,-20000,280000
2008/02/15,0,1052000,-6000,1046000
2008/02/18,0,3510000,-2000,3508000
2008/02/19,0,1948000,-610000,1338000
2008/02/20,0,380000,-966000,-586000
2008/02/21,0,998000,-764064,233936
2008/02/22,0,1776000,-1569283,206717
2008/02/25,0,151000,-285000,-134000
2008/02/26,0,1565000,-410000,1155000
2008/02/27,0,0,-217000,-217000
2008/02/28,0,0,0,0
2008/02/29,0,212000,-503570,-291570
2008/03/03,0,1601000,-660995,940005
2008/03/04,0,0,-1086558,-1086558
2008/03/05,0,0,-450000,-450000
2008/03/06,0,1182000,-85755,1096245
2008/03/07,0,2271000,-58000,2213000
2008/03/10,0,541000,0,541000
2008/03/11,0,355000,-1821629,-1466629
2008/03/12,0,115000,-933000,-818000
2008/03/13,0,0,-838000,-838000
2008/03/14,0,1020000,-50000,970000
2008/03/17,0,0,-542000,-542000
2008/03/18,0,5000,0,5000
2008/03/19,0,220000,-130000,90000
2008/03/20,0,1000,0,1000
2008/03/21,0,25000,-1020110,-995110
2008/03/24,0,0,-3238000,-3238000
2008/03/25,0,0,-665270,-665270
2008/03/26,0,0,-2702966,-2702966
2008/03/27,0,0,-2711795,-2711795
2008/03/28,0,2000,-5013069,-5011069
2008/03/31,0,0,-94000,-94000
2008/04/01,0,292000,-201000,91000
2008/04/02,0,0,-127000,-127000
2008/04/03,0,0,-75,-75
2008/04/04,0,0,0,0
2008/04/07,0,258000,0,258000
2008/04/08,0,52000,-715,51285
2008/04/09,0,0,-265000,-265000
2008/04/10,0,385000,-2368825,-1983825
2008/04/11,0,12000,-150000,-138000
2008/04/14,0,51000,0,51000
2008/04/15,0,100000,-1400745,-1300745
2008/04/16,0,0,-420000,-420000
2008/04/17,0,0,-1717000,-1717000
2008/04/18,0,0,-587841,-587841
2008/04/21,0,2000,-1346836,-1344836
2008/04/22,0,7000,-680000,-673000
2008/04/23,0,1280000,-358237,921763
2008/04/24,0,150000,-308000,-158000
2008/04/25,0,0,-169000,-169000
2008/04/28,0,832000,0,832000
2008/04/29,0,742000,0,742000
2008/04/30,0,270000,-5000,265000
2008/05/01,0,0,0,0
2008/05/02,0,573000,-837,572163
2008/05/05,0,2125000,0,2125000
2008/05/06,0,1118000,-125000,993000
2008/05/07,0,184000,-1000,183000
2008/05/08,0,697000,0,697000
2008/05/09,0,0,-401000,-401000
2008/05/12,0,4000,0,4000
2008/05/13,0,372000,-2000,370000
2008/05/14,0,664000,-42000,622000
2008/05/15,0,998000,0,998000
2008/05/16,0,0,-57,-57
2008/05/19,0,313000,0,313000
2008/05/20,0,117000,0,117000
2008/05/21,0,40000,-150000,-110000
2008/05/22,0,0,0,0
2008/05/23,0,0,-1140000,-1140000
2008/05/26,0,24000,-529000,-505000
2008/05/27,0,0,-2844000,-2844000
2008/05/28,0,1000,-636000,-635000
2008/05/29,0,0,-80000,-80000
2008/05/30,0,0,-1877137,-1877137
2008/06/02,0,0,-209000,-209000
2008/06/03,0,0,-1155000,-1155000
2008/06/04,0,0,-296000,-296000
2008/06/05,0,0,0,0
2008/06/06,0,0,-10547,-10547
2008/06/09,0,0,-100000,-100000
2008/06/10,0,0,-365000,-365000
2008/06/11,0,0,-165000,-165000
2008/06/12,0,0,-80000,-80000
2008/06/13,0,5000,-340000,-335000
2008/06/16,0,0,-127946,-127946
2008/06/17,0,0,-1105,-1105
2008/06/18,0,0,0,0
2008/06/19,0,0,-71763,-71763
2008/06/20,0,0,-3000,-3000
2008/06/23,0,2000,-198000,-196000
2008/06/24,0,0,-300000,-300000
2008/06/25,0,21000,-492000,-471000
2008/06/26,0,0,0,0
2008/06/27,0,10000,0,10000
2008/06/30,0,13000,0,13000
2008/07/01,0,0,-1690000,-1690000
2008/07/02,0,2023000,-2000,2021000
2008/07/03,0,1300000,0,1300000
2008/07/04,0,305000,-150000,155000
2008/07/07,0,2000,-34000,-32000
2008/07/08,0,3000,0,3000
2008/07/09,0,0,-100000,-100000
2008/07/10,0,25000,-2023000,-1998000
2008/07/11,0,2000,-4000,-2000
2008/07/14,0,305000,0,305000
2008/07/15,0,1000,0,1000
2008/07/16,0,32000,0,32000
2008/07/17,0,0,0,0
2008/07/18,0,925000,-51000,874000
2008/07/21,0,0,-124000,-124000
2008/07/22,0,1299000,0,1299000
2008/07/23,0,1123000,-52549,1070451
2008/07/24,0,11000,-2000,9000
2008/07/25,0,0,-258076,-258076
2008/07/28,0,0,0,0
2008/07/29,0,306000,-130000,176000
2008/07/30,0,0,-258976,-258976
2008/07/31,0,0,-55413,-55413
2008/08/01,0,717000,-60000,657000
2008/08/04,0,1140000,-100000,1040000
2008/08/05,0,0,-1373000,-1373000
2008/08/06,0,396000,-150000,246000
2008/08/07,0,170000,0,170000
2008/08/08,0,1319000,0,1319000
2008/08/11,0,1155000,-400000,755000
2008/08/12,0,120000,0,120000
2008/08/13,0,0,-250000,-250000
2008/08/14,0,241000,-2000,239000
2008/08/15,0,30000,0,30000
2008/08/18,0,40000,-350000,-310000
2008/08/19,0,40000,-1012000,-972000
2008/08/20,0,80000,-102000,-22000
2008/08/21,0,0,-352000,-352000
2008/08/22,0,0,-1043000,-1043000
2008/08/25,0,0,-439000,-439000
2008/08/26,0,0,-946000,-946000
2008/08/27,0,0,-174000,-174000
2008/08/28,0,0,0,0
2008/08/29,0,1000,0,1000
2008/09/01,0,0,0,0
2008/09/02,0,0,-284000,-284000
2008/09/03,0,8000,-384926,-376926
2008/09/04,0,0,-7476,-7476
2008/09/05,0,0,0,0
2008/09/08,0,0,-1499,-1499
2008/09/09,0,0,-1799,-1799
2008/09/10,0,0,-206038,-206038
2008/09/11,0,0,0,0
2008/09/12,0,100000,-109647,-9647
2008/09/15,0,800000,0,800000
2008/09/16,0,401000,-200000,201000
2008/09/17,0,2225000,-7997,2217003
2008/09/18,0,66000,0,66000
2008/09/19,0,0,-15589,-15589
2008/09/22,0,0,-15299,-15299
2008/09/23,0,855000,0,855000
2008/09/24,0,24000,0,24000
2008/09/25,0,0,-806739,-806739
2008/09/26,0,0,-100000,-100000
2008/09/29,0,0,0,0
2008/09/30,0,0,-999,-999
2008/10/01,0,193000,-1000,192000
2008/10/02,0,0,-1173,-1173
2008/10/03,0,160000,-302000,-142000
2008/10/06,0,6000,-3000,3000
2008/10/07,0,0,-2000,-2000
2008/10/08,0,0,-1000,-1000
2008/10/09,0,208000,-152000,56000
2008/10/10,0,0,0,0
2008/10/13,0,0,0,0
2008/10/14,0,0,0,0
2008/10/15,0,0,-6308,-6308
2008/10/16,0,0,0,0
2008/10/17,0,1000,-3000,-2000
2008/10/20,0,65000,-1000,64000
2008/10/21,0,130000,0,130000
2008/10/22,0,335000,-161012,173988
2008/10/23,0,150000,-4000,146000
2008/10/24,0,65000,-2089,62911
2008/10/27,0,50000,-4000,46000
2008/10/28,0,0,-102000,-102000
2008/10/29,0,260000,0,260000
2008/10/30,0,21000,-1300000,-1279000
2008/10/31,0,50000,-300000,-250000
2008/11/03,0,3000,-1352000,-1349000
2008/11/04,0,2000,-667049,-665049
2008/11/05,0,0,0,0
2008/11/06,0,1000,-1086531,-1085531
2008/11/07,0,0,-579898,-579898
2008/11/10,0,25000,-330000,-305000
2008/11/11,0,0,0,0
2008/11/12,0,47000,-105000,-58000
2008/11/13,0,0,-1000,-1000
2008/11/14,0,82000,0,82000
2008/11/17,0,9000,-8000,1000
2008/11/18,0,135000,-134000,1000
2008/11/19,0,0,-151000,-151000
2008/11/20,0,0,-110000,-110000
2008/11/21,0,89000,-109797,-20797
2008/11/24,0,0,-140000,-140000
2008/11/25,0,0,-14000,-14000
2008/11/26,0,34000,-104,33896
2008/11/27,0,29000,0,29000
2008/11/28,0,300000,0,300000
2008/12/01,0,650000,0,650000
2008/12/02,0,0,0,0
2008/12/03,0,0,-168149,-168149
2008/12/04,0,0,0,0
2008/12/05,0,0,-100000,-100000
2008/12/08,0,64000,0,64000
2008/12/09,0,220000,0,220000
2008/12/10,0,0,-200000,-200000
2008/12/11,0,0,-250000,-250000
2008/12/12,0,0,-282000,-282000
2008/12/15,0,0,0,0
2008/12/16,0,1100000,0,1100000
2008/12/17,0,205000,0,205000
2008/12/18,0,950000,-2000,948000
2008/12/19,0,80000,-30000,50000
2008/12/22,0,718000,0,718000
2008/12/23,0,0,0,0
2008/12/24,0,0,0,0
2008/12/25,0,0,0,0
2008/12/26,0,0,-3000,-3000
2008/12/29,0,0,0,0
2008/12/30,0,0,-401799,-401799
2008/12/31,0,300000,0,300000
2009/01/01,0,0,0,0
2009/01/02,0,0,0,0
2009/01/05,0,90000,0,90000
2009/01/06,0,1095000,0,1095000
2009/01/07,0,169000,0,169000
2009/01/08,0,200000,-60000,140000
2009/01/09,0,600000,-150000,450000
2009/01/12,0,0,-2000,-2000
2009/01/13,0,0,-870000,-870000
2009/01/14,0,0,-1258000,-1258000
2009/01/15,0,1438000,-2383000,-945000
2009/01/16,0,1134000,0,1134000
2009/01/19,0,60000,-5000,55000
2009/01/20,0,351000,0,351000
2009/01/21,0,113000,0,113000
2009/01/22,0,0,0,0
2009/01/23,0,0,0,0
2009/01/26,0,0,0,0
2009/01/27,0,0,0,0
2009/01/28,0,0,0,0
2009/01/29,0,0,0,0
2009/01/30,0,0,0,0
2009/02/02,0,3369000,0,3369000
2009/02/03,0,3616000,-100000,3516000
2009/02/04,0,7698000,-100099,7597901
2009/02/05,0,4257000,0,4257000
2009/02/06,0,708000,0,708000
2009/02/09,0,3109000,-2409000,700000
2009/02/10,0,1278000,-150000,1128000
2009/02/11,0,793000,-4061349,-3268349
2009/02/12,0,536000,-964000,-428000
2009/02/13,0,230000,-290000,-60000
2009/02/16,0,801000,0,801000
2009/02/17,0,1178000,-1200000,-22000
2009/02/18,0,2000,-2275000,-2273000
2009/02/19,0,304000,0,304000
2009/02/20,0,1520000,-851000,669000
2009/02/23,0,50000,-1034000,-984000
2009/02/24,0,1490000,-1006000,484000
2009/02/25,0,300000,-30000,270000
2009/02/26,0,1030000,-126000,904000
2009/02/27,0,2976000,-20000,2956000
2009/03/02,0,2511000,-126000,2385000
2009/03/03,0,1288000,0,1288000
2009/03/04,0,4063000,-200000,3863000
2009/03/05,0,3189000,0,3189000
2009/03/06,0,1949000,-33000,1916000
2009/03/09,0,220000,-68000,152000
2009/03/10,0,477000,-550000,-73000
2009/03/11,0,0,-1106000,-1106000
2009/03/12,0,0,-1469000,-1469000
2009/03/13,0,283000,-142000,141000
2009/03/16,0,481000,-652000,-171000
2009/03/17,0,462000,-490000,-28000
2009/03/18,0,1440000,-162000,1278000
2009/03/19,0,415000,-82000,333000
2009/03/20,0,0,-1190000,-1190000
2009/03/23,0,805000,-1744000,-939000
2009/03/24,0,1509000,0,1509000
2009/03/25,0,1350000,0,1350000
2009/03/26,0,2566000,-8000,2558000
2009/03/27,0,1566000,0,1566000
2009/03/30,0,0,-2568549,-2568549
2009/03/31,0,270000,-1717000,-1447000
2009/04/01,0,590000,-150000,440000
2009/04/02,0,0,-1253000,-1253000
2009/04/03,0,1983000,-132000,1851000
2009/04/06,0,901000,-134000,767000
2009/04/07,0,896000,-3932000,-3036000
2009/04/08,0,30000,-2857000,-2827000
2009/04/09,0,829000,-1145000,-316000
2009/04/10,0,5007000,-130000,4877000
2009/04/13,0,3224000,-27000,3197000
2009/04/14,0,2493000,-125000,2368000
2009/04/15,0,347000,-800000,-453000
2009/04/16,0,996000,0,996000
2009/04/17,0,80000,-738000,-658000
2009/04/20,0,335000,0,335000
2009/04/21,0,4593000,0,4593000
2009/04/22,0,4248000,0,4248000
2009/04/23,0,4997000,-514000,4483000
2009/04/24,0,652000,-390000,262000
2009/04/27,0,1390000,-300000,1090000
2009/04/28,0,2464000,-100000,2364000
2009/04/29,0,1786000,0,1786000
2009/04/30,0,0,-7000,-7000
2009/05/01,0,0,0,0
2009/05/04,0,1212000,0,1212000
2009/05/05,0,4235000,0,4235000
2009/05/06,0,1838000,-783000,1055000
2009/05/07,0,2488000,-500000,1988000
2009/05/08,0,2123000,-600000,1523000
2009/05/11,0,1253000,-1000,1252000
2009/05/12,0,1408000,-240000,1168000
2009/05/13,0,299000,-140000,159000
2009/05/14,0,592000,0,592000
2009/05/15,0,2316000,-130000,2186000
2009/05/18,0,2043000,-1892000,151000
2009/05/19,0,1281000,-626000,655000
2009/05/20,0,712000,0,712000
2009/05/21,0,1284000,0,1284000
2009/05/22,0,1764000,0,1764000
2009/05/25,0,2563000,-68000,2495000
2009/05/26,0,589000,-314000,275000
2009/05/27,0,1299000,-873000,426000
2009/05/28,0,0,0,0
2009/05/29,0,0,0,0
2009/06/01,0,222000,-215000,7000
2009/06/02,0,900000,-450000,450000
2009/06/03,0,220000,-4085000,-3865000
2009/06/04,0,881000,-589000,292000
2009/06/05,0,583000,-513000,70000
2009/06/08,0,183000,0,183000
2009/06/09,0,176000,-6151000,-5975000
2009/06/10,0,1110000,-6827000,-5717000
2009/06/11,0,530000,-40000,490000
2009/06/12,0,545000,-113000,432000
2009/06/15,0,417000,-1732000,-1315000
2009/06/16,0,52000,-3498000,-3446000
2009/06/17,0,262000,-300000,-38000
2009/06/18,0,1157000,-590000,567000
2009/06/19,0,1310000,-30000,1280000
2009/06/22,0,2501000,0,2501000
2009/06/23,0,112000,-1003000,-891000
2009/06/24,0,200000,-347000,-147000
2009/06/25,0,262000,0,262000
2009/06/26,0,338000,-325000,13000
2009/06/29,0,267000,-426000,-159000
2009/06/30,0,100000,-350000,-250000
2009/07/01,0,102000,0,102000
2009/07/02,0,385000,-914000,-529000
2009/07/03,0,36000,-1781000,-1745000
2009/07/06,0,28000,-3193000,-3165000
2009/07/07,0,30000,-1277000,-1247000
2009/07/08,0,440000,0,440000
2009/07/09,0,1415000,0,1415000
2009/07/10,0,147000,-441000,-294000
2009/07/13,0,0,-323000,-323000
2009/07/14,0,577000,-104000,473000
2009/07/15,0,560000,-4000,556000
2009/07/16,0,1369000,-14000,1355000
2009/07/17,0,598000,-1373000,-775000
2009/07/20,0,100000,-300000,-200000
2009/07/21,0,1115000,-702000,413000
2009/07/22,0,600000,-2063000,-1463000
2009/07/23,0,396000,-251000,145000
2009/07/24,0,2147000,-121000,2026000
2009/07/27,0,289000,-215000,74000
2009/07/28,0,400000,-1842000,-1442000
2009/07/29,0,855000,-2270000,-1415000
2009/07/30,0,375000,-2436000,-2061000
2009/07/31,0,739000,-1066000,-327000
2009/08/03,0,290000,-820000,-530000
2009/08/04,0,100000,-1571000,-1471000
2009/08/05,0,150000,-955000,-805000
2009/08/06,0,100000,-2989000,-2889000
2009/08/07,0,0,0,0
2009/08/10,0,365000,-156000,209000
2009/08/11,0,503000,-100000,403000
2009/08/12,0,1369000,0,1369000
2009/08/13,0,198000,-37000,161000
2009/08/14,0,1215000,0,1215000
2009/08/17,0,0,-1181000,-1181000
2009/08/18,0,508000,-250000,258000
2009/08/19,0,101000,-57000,44000
2009/08/20,0,150000,-1500000,-1350000
2009/08/21,0,353000,-180000,173000
2009/08/24,0,231000,-1789000,-1558000
2009/08/25,0,308000,-540000,-232000
2009/08/26,0,226000,-130000,96000
2009/08/27,0,323000,-1119,321881
2009/08/28,0,1025000,0,1025000
2009/08/31,0,1197000,-140000,1057000
2009/09/01,0,1220000,0,1220000
2009/09/02,0,0,-270000,-270000
2009/09/03,0,1042000,-61000,981000
2009/09/04,0,70000,-1000,69000
2009/09/07,0,0,-1344000,-1344000
2009/09/08,0,333000,0,333000
2009/09/09,0,40000,-70000,-30000
2009/09/10,0,289000,-117000,172000
2009/09/11,0,45000,-795000,-750000
2009/09/14,0,125000,-1230000,-1105000
2009/09/15,0,931000,-2054000,-1123000
2009/09/16,0,1934000,-569000,1365000
2009/09/17,0,1759000,-50000,1709000
2009/09/18,0,2777000,-1000,2776000
2009/09/21,0,940000,-1000,939000
2009/09/22,0,506000,-200000,306000
2009/09/23,0,150000,-18000,132000
2009/09/24,0,100000,-295000,-195000
2009/09/25,0,2003000,-1405000,598000
2009/09/28,0,1000,-192000,-191000
2009/09/29,0,1371000,-662000,709000
2009/09/30,0,2165000,-51000,2114000
2009/10/01,0,874000,0,874000
2009/10/02,0,1182000,-45000,1137000
2009/10/05,0,1414000,-250000,1164000
2009/10/06,0,692000,-30000,662000
2009/10/07,0,440000,-250000,190000
2009/10/08,0,80000,-936000,-856000
2009/10/09,0,595000,-1162000,-567000
2009/10/12,0,626000,-270000,356000
2009/10/13,0,101000,-113000,-12000
2009/10/14,0,116000,-349000,-233000
2009/10/15,0,0,-1336000,-1336000
2009/10/16,0,0,-527000,-527000
2009/10/19,0,52000,-55000,-3000
2009/10/20,0,0,-341000,-341000
2009/10/21,0,413000,-955000,-542000
2009/10/22,0,0,-100000,-100000
2009/10/23,0,70000,-2772000,-2702000
2009/10/26,0,70000,-305000,-235000
2009/10/27,0,1000,-345000,-344000
2009/10/28,0,0,-2170000,-2170000
2009/10/29,0,41000,-1073000,-1032000
2009/10/30,0,75000,-163000,-88000
2009/11/02,0,1505000,-290000,1215000
2009/11/03,0,240000,-47000,193000
2009/11/04,0,201000,-545000,-344000
2009/11/05,0,1000,-10000,-9000
2009/11/06,0,0,0,0
2009/11/09,0,1000,-460000,-459000
2009/11/10,0,200000,-291000,-91000
2009/11/11,0,0,-266000,-266000
2009/11/12,0,0,-1000,-1000
2009/11/13,0,7000,-467000,-460000
2009/11/16,0,125000,0,125000
2009/11/17,0,177000,-56000,121000
2009/11/18,0,375000,-376000,-1000
2009/11/19,0,0,-795000,-795000
2009/11/20,0,746000,-2828000,-2082000
2009/11/23,0,236000,-1426000,-1190000
2009/11/24,0,1316000,-180000,1136000
2009/11/25,0,474000,-688000,-214000
2009/11/26,0,251000,-218000,33000
2009/11/27,0,255000,-200000,55000
2009/11/30,0,374000,-2000,372000
2009/12/01,0,342000,-249000,93000
2009/12/02,0,230000,-1003000,-773000
2009/12/03,0,12000,-187800,-175800
2009/12/04,0,748000,-171000,577000
2009/12/07,0,100000,-410000,-310000
2009/12/08,0,50000,-40000,10000
2009/12/09,0,155000,-228000,-73000
2009/12/10,0,1186000,0,1186000
2009/12/11,0,394000,0,394000
2009/12/14,0,78000,-82000,-4000
2009/12/15,0,70000,0,70000
2009/12/16,0,38000,-202000,-164000
2009/12/17,0,1525000,0,1525000
2009/12/18,0,0,-273000,-273000
2009/12/21,0,42000,-110000,-68000
2009/12/22,0,0,-1000,-1000
2009/12/23,0,0,-150000,-150000
2009/12/24,0,100000,0,100000
2009/12/25,0,0,-551000,-551000
2009/12/28,0,800000,-61000,739000
2009/12/29,0,50000,-429000,-379000
2009/12/30,0,0,-42000,-42000
2009/12/31,0,850000,0,850000
2010/01/01,0,0,0,0
2010/01/04,0,1000,-1853000,-1852000
2010/01/05,0,979000,-259000,720000
2010/01/06,0,20000,0,20000
2010/01/07,0,0,-121000,-121000
2010/01/08,0,1226000,-2491000,-1265000
2010/01/11,0,52000,-153000,-101000
2010/01/12,0,2800000,-1029000,1771000
2010/01/13,0,260000,-20000,240000
2010/01/14,0,205000,-20000,185000
2010/01/15,0,3490000,-708000,2782000
2010/01/18,0,173000,-314395,-141395
2010/01/19,0,95000,-1578000,-1483000
2010/01/20,0,380000,-312000,68000
2010/01/21,0,259000,-100000,159000
2010/01/22,0,38000,-596000,-558000
2010/01/25,0,90000,-754000,-664000
2010/01/26,0,20000,-512000,-492000
2010/01/27,0,34000,-667000,-633000
2010/01/28,0,885000,-114000,771000
2010/01/29,0,171000,-670000,-499000
2010/02/01,0,87000,-280000,-193000
2010/02/02,0,275000,-624000,-349000
2010/02/03,0,194000,-1000,193000
2010/02/04,0,96000,-25000,71000
2010/02/05,0,60000,-1429000,-1369000
2010/02/08,0,40000,0,40000
2010/02/09,0,794000,-63000,731000
2010/02/10,0,741000,-197000,544000
2010/02/11,0,0,0,0
2010/02/12,0,0,0,0
2010/02/15,0,0,0,0
2010/02/16,0,0,0,0
2010/02/17,0,0,0,0
2010/02/18,0,0,0,0
2010/02/19,0,0,0,0
2010/02/22,0,235000,-706000,-471000
2010/02/23,0,74000,-813000,-739000
2010/02/24,0,51000,-115000,-64000
2010/02/25,0,1000,-263000,-262000
2010/02/26,0,227000,-374000,-147000
2010/03/01,0,143000,-864000,-721000
2010/03/02,0,711000,-300000,411000
2010/03/03,0,232000,0,232000
2010/03/04,0,1545000,-440000,1105000
2010/03/05,0,545000,-300000,245000
2010/03/08,0,95000,-280000,-185000
2010/03/09,0,1070000,-447000,623000
2010/03/10,0,875000,-1000,874000
2010/03/11,0,120000,-45000,75000
2010/03/12,0,100000,-879000,-779000
2010/03/15,0,64000,-200000,-136000
2010/03/16,0,65000,-482000,-417000
2010/03/17,0,20000,-710000,-690000
2010/03/18,0,750000,-132000,618000
2010/03/19,0,667000,0,667000
2010/03/22,0,1608000,-101000,1507000
2010/03/23,0,2674000,-147000,2527000
2010/03/24,0,877000,0,877000
2010/03/25,0,1326000,-51000,1275000
2010/03/26,0,762000,0,762000
2010/03/29,0,722000,-100000,622000
2010/03/30,0,242000,-553000,-311000
2010/03/31,0,30000,-74000,-44000
2010/04/01,0,94000,-52000,42000
2010/04/02,0,67000,-333000,-266000
2010/04/05,0,0,0,0
2010/04/06,0,281000,-1000,280000
2010/04/07,0,240000,0,240000
2010/04/08,0,138000,-150000,-12000
2010/04/09,0,413000,-132000,281000
2010/04/12,0,369000,-351000,18000
2010/04/13,0,0,-237000,-237000
2010/04/14,0,535000,-1736000,-1201000
2010/04/15,0,74000,-2115200,-2041200
2010/04/16,0,2156000,-416000,1740000
2010/04/19,0,650000,-202795,447205
2010/04/20,0,459000,-1307000,-848000
2010/04/21,0,100000,0,100000
2010/04/22,0,63000,-346000,-283000
2010/04/23,0,905000,-32000,873000
2010/04/26,0,256000,-2294000,-2038000
2010/04/27,0,0,-1066000,-1066000
2010/04/28,0,19000,-97000,-78000
2010/04/29,0,109000,0,109000
2010/04/30,0,0,-1171000,-1171000
2010/05/03,0,0,-411000,-411000
2010/05/04,0,45000,-590000,-545000
2010/05/05,0,0,-186000,-186000
2010/05/06,0,500000,-1063000,-563000
2010/05/07,0,998000,-44000,954000
2010/05/10,0,615000,0,615000
2010/05/11,0,115000,-115000,0
2010/05/12,0,0,-98000,-98000
2010/05/13,0,421000,-346000,75000
2010/05/14,0,600000,-196000,404000
2010/05/17,0,774000,-271000,503000
2010/05/18,0,121000,-100000,21000
2010/05/19,0,451000,0,451000
2010/05/20,0,406000,-397000,9000
2010/05/21,0,416000,-959000,-543000
2010/05/24,0,137000,-1000,136000
2010/05/25,0,560000,0,560000
2010/05/26,0,393000,0,393000
2010/05/27,0,206000,-1000,205000
2010/05/28,0,670000,-46000,624000
2010/05/31,0,435000,-835000,-400000
2010/06/01,0,140000,-1581000,-1441000
2010/06/02,0,350000,-1985000,-1635000
2010/06/03,0,200000,-1221000,-1021000
2010/06/04,0,136000,-130000,6000
2010/06/07,0,230000,-655000,-425000
2010/06/08,0,500000,-1014199,-514199
2010/06/09,0,20000,-700000,-680000
2010/06/10,0,266000,-438000,-172000
2010/06/11,0,666000,-45000,621000
2010/06/14,0,419000,0,419000
2010/06/15,0,12000,0,12000
2010/06/16,0,0,0,0
2010/06/17,0,528000,-490000,38000
2010/06/18,0,0,-379000,-379000
2010/06/21,0,849000,-637000,212000
2010/06/22,0,577000,-355000,222000
2010/06/23,0,252000,-191000,61000
2010/06/24,0,445000,-1000,444000
2010/06/25,0,9000,-247000,-238000
2010/06/28,0,54000,-184000,-130000
2010/06/29,0,0,-1107000,-1107000
2010/06/30,0,100000,-1059000,-959000
2010/07/01,0,0,-1763000,-1763000
2010/07/02,0,2000,-422000,-420000
2010/07/05,0,96000,-992000,-896000
2010/07/06,0,286000,-55000,231000
2010/07/07,0,509000,-222000,287000
2010/07/08,0,1255000,0,1255000
2010/07/09,0,100000,0,100000
2010/07/12,0,1220000,-167000,1053000
2010/07/13,0,208000,-380000,-172000
2010/07/14,0,1702000,0,1702000
2010/07/15,0,33000,-165000,-132000
2010/07/16,0,0,-442000,-442000
2010/07/19,0,0,-195000,-195000
2010/07/20,0,455000,-145000,310000
2010/07/21,0,443000,-100000,343000
2010/07/22,0,0,-102000,-102000
2010/07/23,0,244000,-715000,-471000
2010/07/26,0,0,-1403000,-1403000
2010/07/27,0,7000,-2126000,-2119000
2010/07/28,0,0,-261000,-261000
2010/07/29,0,50000,0,50000
2010/07/30,0,0,-161000,-161000
2010/08/02,0,4000,-44000,-40000
2010/08/03,0,2000,-491000,-489000
2010/08/04,0,0,-884000,-884000
2010/08/05,0,0,-4182000,-4182000
2010/08/06,0,0,-4401000,-4401000
2010/08/09,0,5000,-360000,-355000
2010/08/10,0,11000,-808000,-797000
2010/08/11,0,12000,-290000,-278000
2010/08/12,0,0,-150000,-150000
2010/08/13,0,30000,-456000,-426000
2010/08/16,0,20000,-10000,10000
2010/08/17,0,364000,-200427,163573
2010/08/18,0,0,-140000,-140000
2010/08/19,0,0,-150000,-150000
2010/08/20,0,4000,-471000,-467000
2010/08/23,0,0,0,0
2010/08/24,0,150000,-1194000,-1044000
2010/08/25,0,5000,-1710000,-1705000
2010/08/26,0,20000,-620000,-600000
2010/08/27,0,0,-500000,-500000
2010/08/30,0,1000,-1000,0
2010/08/31,0,0,0,0
2010/09/01,0,13000,0,13000
2010/09/02,0,0,0,0
2010/09/03,0,56000,0,56000
2010/09/06,0,100000,0,100000
2010/09/07,0,2000,-355000,-353000
2010/09/08,0,0,-600000,-600000
2010/09/09,0,0,-880000,-880000
2010/09/10,0,2127000,-40000,2087000
2010/09/13,0,1481000,-200000,1281000
2010/09/14,0,724000,0,724000
2010/09/15,0,340000,-400000,-60000
2010/09/16,0,621000,-506000,115000
2010/09/17,0,2683000,-379000,2304000
2010/09/20,0,1155000,0,1155000
2010/09/21,0,5413000,-121000,5292000
2010/09/22,0,0,0,0
2010/09/23,0,4612000,0,4612000
2010/09/24,0,2544000,-40000,2504000
2010/09/27,0,506000,-1000,505000
2010/09/28,0,2867000,0,2867000
2010/09/29,0,645000,0,645000
2010/09/30,0,204000,-146000,58000
2010/10/01,0,450000,-743000,-293000
2010/10/04,0,435000,-292000,143000
2010/10/05,0,1181000,-510000,671000
2010/10/06,0,82000,0,82000
2010/10/07,0,0,0,0
2010/10/08,0,0,0,0
2010/10/11,0,0,-714000,-714000
2010/10/12,0,899000,-70000,829000
2010/10/13,0,1267000,0,1267000
2010/10/14,0,1509000,-132000,1377000
2010/10/15,0,209000,-250000,-41000
2010/10/18,0,25000,-80000,-55000
2010/10/19,0,274000,-25000,249000
2010/10/20,0,247000,-2000,245000
2010/10/21,0,10000,0,10000
2010/10/22,0,0,-265000,-265000
2010/10/25,0,3089000,-140000,2949000
2010/10/26,0,1068000,-100000,968000
2010/10/27,0,353000,-567000,-214000
2010/10/28,0,556000,-50000,506000
2010/10/29,0,375000,-499000,-124000
2010/11/01,0,500000,-120000,380000
2010/11/02,0,1038000,-224000,814000
2010/11/03,0,100000,-3843000,-3743000
2010/11/04,0,130000,-135000,-5000
2010/11/05,0,141000,-415000,-274000
2010/11/08,0,10000,-529000,-519000
2010/11/09,0,1000,-190000,-189000
2010/11/10,0,0,-467000,-467000
2010/11/11,0,0,-758000,-758000
2010/11/12,0,865000,-921000,-56000
2010/11/15,0,0,-1130000,-1130000
2010/11/16,0,194000,0,194000
2010/11/17,0,1255000,0,1255000
2010/11/18,0,264000,-215000,49000
2010/11/19,0,105000,-5000,100000
2010/11/22,0,110000,0,110000
2010/11/23,0,663000,-642000,21000
2010/11/24,0,482000,-545000,-63000
2010/11/25,0,600000,-163000,437000
2010/11/26,0,1491000,-100000,1391000
2010/11/29,0,150000,-100000,50000
2010/11/30,0,934000,-195000,739000
2010/12/01,0,0,-358000,-358000
2010/12/02,0,30000,-3193000,-3163000
2010/12/03,0,747000,-384000,363000
2010/12/06,0,170000,-1213000,-1043000
2010/12/07,0,126000,-5030000,-4904000
2010/12/08,0,28000,-1906000,-1878000
2010/12/09,0,20000,-231000,-211000
2010/12/10,0,100000,-715000,-615000
2010/12/13,0,138000,-1000,137000
2010/12/14,0,127000,-435000,-308000
2010/12/15,0,616000,-393000,223000
2010/12/16,0,0,-267000,-267000
2010/12/17,0,0,-394000,-394000
2010/12/20,0,95000,-791000,-696000
2010/12/21,0,43000,-300000,-257000
2010/12/22,0,533000,-115000,418000
2010/12/23,0,969000,0,969000
2010/12/24,0,0,-368000,-368000
2010/12/27,0,130000,0,130000
2010/12/28,0,354000,0,354000
2010/12/29,0,241000,-250000,-9000
2010/12/30,0,1204000,0,1204000
2010/12/31,0,438000,0,438000
2011/01/03,0,25000,-380000,-355000
2011/01/04,0,0,-225000,-225000
2011/01/05,0,313000,0,313000
2011/01/06,0,17000,-106000,-89000
2011/01/07,0,248000,0,248000
2011/01/10,0,92000,-831000,-739000
2011/01/11,0,100000,-135000,-35000
2011/01/12,0,90000,-451000,-361000
2011/01/13,0,464000,-37000,427000
2011/01/14,0,0,-882000,-882000
2011/01/17,0,0,-842000,-842000
2011/01/18,0,144000,0,144000
2011/01/19,0,131000,-2167000,-2036000
2011/01/20,0,160000,-181000,-21000
2011/01/21,0,0,-256000,-256000
2011/01/24,0,100000,-107000,-7000
2011/01/25,0,103000,0,103000
2011/01/26,0,309000,-240000,69000
2011/01/27,0,926000,-25000,901000
2011/01/28,0,67000,-40000,27000
2011/01/31,0,0,0,0
2011/02/01,0,0,0,0
2011/02/02,0,0,0,0
2011/02/03,0,0,0,0
2011/02/04,0,0,0,0
2011/02/07,0,0,0,0
2011/02/08,0,0,-219000,-219000
2011/02/09,0,157000,-572000,-415000
2011/02/10,0,204000,-281000,-77000
2011/02/11,0,337000,-1461000,-1124000
2011/02/14,0,133000,-240000,-107000
2011/02/15,0,690000,-215000,475000
2011/02/16,0,292000,-240000,52000
2011/02/17,0,0,-210000,-210000
2011/02/18,0,167000,-440000,-273000
2011/02/21,0,86000,-860000,-774000
2011/02/22,0,68000,-1776000,-1708000
2011/02/23,0,8000,-602000,-594000
2011/02/24,0,118000,-1610000,-1492000
2011/02/25,0,1000,-1074000,-1073000
2011/02/28,0,0,0,0
2011/03/01,0,636000,0,636000
2011/03/02,0,54000,-295000,-241000
2011/03/03,0,757000,0,757000
2011/03/04,0,857000,0,857000
2011/03/07,0,1939000,-560000,1379000
2011/03/08,0,8791000,-297000,8494000
2011/03/09,0,1521000,0,1521000
2011/03/10,0,1764000,0,1764000
2011/03/11,0,448000,-1000000,-552000
2011/03/14,0,336000,0,336000
2011/03/15,0,734000,0,734000
2011/03/16,0,856000,0,856000
2011/03/17,0,568000,-2000,566000
2011/03/18,0,1307000,-2000,1305000
2011/03/21,0,86000,-70000,16000
2011/03/22,0,313000,-714000,-401000
2011/03/23,0,100000,-425000,-325000
2011/03/24,0,80000,-135000,-55000
2011/03/25,0,20000,-29000,-9000
2011/03/28,0,5000,-618000,-613000
2011/03/29,0,5000,-514000,-509000
2011/03/30,0,5000,-2000,3000
2011/03/31,0,0,-890000,-890000
2011/04/01,0,199000,-2538000,-2339000
2011/04/04,0,0,0,0
2011/04/05,0,0,0,0
2011/04/06,0,265000,-1429000,-1164000
2011/04/07,0,65000,-150000,-85000
2011/04/08,0,896000,-150000,746000
2011/04/11,0,0,-131000,-131000
2011/04/12,0,760000,-979000,-219000
2011/04/13,0,386000,-558000,-172000
2011/04/14,0,38000,-775000,-737000
2011/04/15,0,0,-310000,-310000
2011/04/18,0,0,-215000,-215000
2011/04/19,0,51000,-1840000,-1789000
2011/04/20,0,358000,-3395000,-3037000
2011/04/21,0,19000,-284000,-265000
2011/04/22,0,0,-646000,-646000
2011/04/25,0,75000,-2361000,-2286000
2011/04/26,0,17000,-895000,-878000
2011/04/27,0,442000,-531000,-89000
2011/04/28,0,160000,-839000,-679000
2011/04/29,0,0,-4750000,-4750000
2011/05/02,0,0,0,0
2011/05/03,0,9000,-3206000,-3197000
2011/05/04,0,9000,-3975000,-3966000
2011/05/05,0,9000,-1808000,-1799000
2011/05/06,0,192000,-1451000,-1259000
2011/05/09,0,1000,-1095000,-1094000
2011/05/10,0,570000,-468000,102000
2011/05/11,0,835000,-192000,643000
2011/05/12,0,0,-369000,-369000
2011/05/13,0,475000,0,475000
2011/05/16,0,0,-119000,-119000
2011/05/17,0,0,-35000,-35000
2011/05/18,0,180000,-96000,84000
2011/05/19,0,0,-1500000,-1500000
2011/05/20,0,222000,-805000,-583000
2011/05/23,0,0,-169000,-169000
2011/05/24,0,0,-664000,-664000
2011/05/25,0,0,0,0
2011/05/26,0,2000,-48000,-46000
2011/05/27,0,75000,0,75000
2011/05/30,0,0,0,0
2011/05/31,0,656000,0,656000
2011/06/01,0,60000,0,60000
2011/06/02,0,40000,0,40000
2011/06/03,0,0,-1500000,-1500000
2011/06/06,0,0,0,0
2011/06/07,0,0,0,0
2011/06/08,0,1067000,0,1067000
2011/06/09,0,0,0,0
2011/06/10,0,60000,0,60000
2011/06/13,0,501000,0,501000
2011/06/14,0,1546000,0,1546000
2011/06/15,0,252000,-1000,251000
2011/06/16,0,103000,0,103000
2011/06/17,0,91000,-117042,-26042
2011/06/20,0,131000,-12000,119000
2011/06/21,0,1000,-62000,-61000
2011/06/22,0,1000,-166000,-165000
2011/06/23,0,212000,0,212000
2011/06/24,0,1000,-61000,-60000
2011/06/27,0,0,-1719000,-1719000
2011/06/28,0,11000,-531000,-520000
2011/06/29,0,12000,-295000,-283000
2011/06/30,0,1000,-234000,-233000
2011/07/01,0,0,-47000,-47000
2011/07/04,0,0,-520000,-520000
2011/07/05,0,0,-473000,-473000
2011/07/06,0,0,-980000,-980000
2011/07/07,0,20000,-392000,-372000
2011/07/08,0,25000,-2373000,-2348000
2011/07/11,0,20000,-3635000,-3615000
2011/07/12,0,1000,-2089000,-2088000
2011/07/13,0,1000,0,1000
2011/07/14,0,9000,-50000,-41000
2011/07/15,0,6000,-475000,-469000
2011/07/18,0,1148000,-311000,837000
2011/07/19,0,151000,-515000,-364000
2011/07/20,0,221000,-38000,183000
2011/07/21,0,152000,-900000,-748000
2011/07/22,0,0,-2000,-2000
2011/07/25,0,0,-134000,-134000
2011/07/26,0,21000,0,21000
2011/07/27,0,0,-237000,-237000
2011/07/28,0,0,-56000,-56000
2011/07/29,0,223000,0,223000
2011/08/01,0,1000,-997000,-996000
2011/08/02,0,0,-2000,-2000
2011/08/03,0,3000,0,3000
2011/08/04,0,6000,-570000,-564000
2011/08/05,0,6000,-2800000,-2794000
2011/08/08,0,4000,-132000,-128000
2011/08/09,0,12000,-425000,-413000
2011/08/10,0,83000,-245000,-162000
2011/08/11,0,9000,-200000,-191000
2011/08/12,0,1000,-4000,-3000
2011/08/15,0,11000,0,11000
2011/08/16,0,12000,0,12000
2011/08/17,0,2000,0,2000
2011/08/18,0,21000,0,21000
2011/08/19,0,1000,-105000,-104000
2011/08/22,0,204000,0,204000
2011/08/23,0,1000,0,1000
2011/08/24,0,0,0,0
2011/08/25,0,0,0,0
2011/08/26,0,9000,0,9000
2011/08/29,0,1670000,0,1670000
2011/08/30,0,1335000,0,1335000
2011/08/31,0,452000,0,452000
2011/09/01,0,401000,-400000,1000
2011/09/02,0,143000,-1000,142000
2011/09/05,0,50000,-173000,-123000
2011/09/06,0,30000,-250000,-220000
2011/09/07,0,62000,-210000,-148000
2011/09/08,0,0,-71000,-71000
2011/09/09,0,5000,-91000,-86000
2011/09/12,0,0,0,0
2011/09/13,0,258000,-960,257040
2011/09/14,0,3000,0,3000
2011/09/15,0,252000,-293000,-41000
2011/09/16,0,725000,-6155000,-5430000
2011/09/19,0,2000,-407819,-405819
2011/09/20,0,130000,0,130000
2011/09/21,0,1143000,-7222,1135778
2011/09/22,0,565000,-401000,164000
2011/09/23,0,156000,0,156000
2011/09/26,0,127000,0,127000
2011/09/27,0,638000,0,638000
2011/09/28,0,348000,0,348000
2011/09/29,0,890000,0,890000
2011/09/30,0,800000,0,800000
2011/10/03,0,344000,-139000,205000
2011/10/04,0,298000,-52000,246000
2011/10/05,0,662000,0,662000
2011/10/06,0,938000,0,938000
2011/10/07,0,51000,0,51000
2011/10/10,0,0,0,0
2011/10/11,0,20000,0,20000
2011/10/12,0,1857000,0,1857000
2011/10/13,0,2063000,0,2063000
2011/10/14,0,1087000,0,1087000
2011/10/17,0,1251000,-851,1250149
2011/10/18,0,130000,-252283,-122283
2011/10/19,0,191000,0,191000
2011/10/20,0,488000,-116000,372000
2011/10/21,0,50000,0,50000
2011/10/24,0,132000,-28000,104000
2011/10/25,0,1725000,0,1725000
2011/10/26,0,1579000,-60000,1519000
2011/10/27,0,1885000,-20000,1865000
2011/10/28,0,1804000,-260000,1544000
2011/10/31,0,664000,-1000,663000
2011/11/01,0,966000,-2000,964000
2011/11/02,0,3361000,-497000,2864000
2011/11/03,0,1631000,0,1631000
2011/11/04,0,2779000,-2000,2777000
2011/11/07,0,928000,-174000,754000
2011/11/08,0,1968000,0,1968000
2011/11/09,0,40000,-1381000,-1341000
2011/11/10,0,310000,-2602000,-2292000
2011/11/11,0,1036000,-932000,104000
2011/11/14,0,925007,-255000,670007
2011/11/15,0,256063,-786000,-529937
2011/11/16,0,269000,-823000,-554000
2011/11/17,0,345000,-378000,-33000
2011/11/18,0,206000,-615000,-409000
2011/11/21,0,230000,-2090000,-1860000
2011/11/22,0,19000,-616000,-597000
2011/11/23,0,319000,-40000,279000
2011/11/24,0,1000,-120000,-119000
2011/11/25,0,809000,-685000,124000
2011/11/28,0,1000,-50000,-49000
2011/11/29,0,2155000,-705000,1450000
2011/11/30,0,1062000,-575000,487000
2011/12/01,0,282000,-380000,-98000
2011/12/02,0,35000,-171000,-136000
2011/12/05,0,52000,-266000,-214000
2011/12/06,0,92000,0,92000
2011/12/07,0,151000,0,151000
2011/12/08,0,181000,-337000,-156000
2011/12/09,0,997,-286000,-285003
2011/12/12,0,0,-100000,-100000
2011/12/13,0,50000,0,50000
2011/12/14,0,472000,-21000,451000
2011/12/15,0,90000,-534000,-444000
2011/12/16,0,431000,-333000,98000
2011/12/19,0,61000,-150000,-89000
2011/12/20,0,445000,-394000,51000
2011/12/21,0,1811000,-412000,1399000
2011/12/22,0,174000,0,174000
2011/12/23,0,310000,-126000,184000
2011/12/26,0,90000,-355000,-265000
2011/12/27,0,1000,0,1000
2011/12/28,0,500000,-96000,404000
2011/12/29,0,385000,-384000,1000
2011/12/30,0,0,-1000,-1000
2012/01/02,0,1000,-2328000,-2327000
2012/01/03,0,5000,-1977000,-1972000
2012/01/04,0,47000,-560000,-513000
2012/01/05,0,0,-64350,-64350
2012/01/06,0,401000,0,401000
2012/01/09,0,234000,-2573000,-2339000
2012/01/10,0,100000,-1341000,-1241000
2012/01/11,0,0,-30000,-30000
2012/01/12,0,110000,-489000,-379000
2012/01/13,0,278000,-2000,276000
2012/01/16,0,0,-905000,-905000
2012/01/17,0,93000,0,93000
2012/01/18,0,1031000,-1000,1030000
2012/01/19,0,0,0,0
2012/01/20,0,0,0,0
2012/01/23,0,0,0,0
2012/01/24,0,0,0,0
2012/01/25,0,0,0,0
2012/01/26,0,0,0,0
2012/01/27,0,0,0,0
2012/01/30,0,434000,0,434000
2012/01/31,0,186000,-392000,-206000
2012/02/01,0,32000,-887000,-855000
2012/02/02,0,296000,-2000,294000
2012/02/03,0,193000,-1000,192000
2012/02/06,0,510000,-1152000,-642000
2012/02/07,0,10000,0,10000
2012/02/08,0,84000,-60000,24000
2012/02/09,0,14440,-253000,-238560
2012/02/10,0,0,-121000,-121000
2012/02/13,0,43000,-1329000,-1286000
2012/02/14,0,60000,-382000,-322000
2012/02/15,0,60000,-1000,59000
2012/02/16,0,115000,-167000,-52000
2012/02/17,0,1000,-210000,-209000
2012/02/20,0,93000,-1561000,-1468000
2012/02/21,0,422000,-1877000,-1455000
2012/02/22,0,1085000,-20000,1065000
2012/02/23,0,2521000,-120000,2401000
2012/02/24,0,464000,-359000,105000
2012/02/27,0,0,0,0
2012/02/28,0,0,0,0
2012/02/29,0,2019000,-113000,1906000
2012/03/01,0,90000,-130000,-40000
2012/03/02,0,0,-66000,-66000
2012/03/05,0,315000,-127000,188000
2012/03/06,0,0,-70000,-70000
2012/03/07,0,248000,-273000,-25000
2012/03/08,0,475000,-6622,468378
2012/03/09,0,698000,-238000,460000
2012/03/12,0,405000,-80000,325000
2012/03/13,0,421000,-152000,269000
2012/03/14,0,0,-20000,-20000
2012/03/15,0,198000,-18000,180000
2012/03/16,0,692000,-9000,683000
2012/03/19,0,0,-2000,-2000
2012/03/20,0,0,0,0
2012/03/21,0,0,-963000,-963000
2012/03/22,0,0,-300300,-300300
2012/03/23,0,0,-340000,-340000
2012/03/26,0,402000,-293000,109000
2012/03/27,0,0,0,0
2012/03/28,0,0,-526000,-526000
2012/03/29,0,0,-35000,-35000
2012/03/30,0,0,0,0
2012/04/02,0,0,0,0
2012/04/03,0,0,-760000,-760000
2012/04/04,0,0,0,0
2012/04/05,0,6991,-1879000,-1872009
2012/04/06,0,0,-2459000,-2459000
2012/04/09,0,174000,-1209000,-1035000
2012/04/10,0,116000,-924000,-808000
2012/04/11,0,0,-394000,-394000
2012/04/12,0,1148000,-84000,1064000
2012/04/13,0,13000,0,13000
2012/04/16,0,28000,-618000,-590000
2012/04/17,0,0,0,0
2012/04/18,0,0,-1754000,-1754000
2012/04/19,0,150000,-9000,141000
2012/04/20,0,0,-231000,-231000
2012/04/23,0,150000,-357000,-207000
2012/04/24,0,151000,-668000,-517000
2012/04/25,0,223000,-100000,123000
2012/04/26,0,305000,-194000,111000
2012/04/27,0,230000,-357000,-127000
2012/04/30,0,100000,-443000,-343000
2012/05/01,0,0,0,0
2012/05/02,0,442000,0,442000
2012/05/03,0,637000,-5041,631959
2012/05/04,0,779000,-75000,704000
2012/05/07,0,579000,0,579000
2012/05/08,0,160000,0,160000
2012/05/09,0,311000,0,311000
2012/05/10,0,80000,0,80000
2012/05/11,0,50000,0,50000
2012/05/14,0,163000,0,163000
2012/05/15,0,152000,0,152000
2012/05/16,0,50000,-3000,47000
2012/05/17,0,184000,0,184000
2012/05/18,0,0,0,0
2012/05/21,0,0,-403000,-403000
2012/05/22,0,770000,0,770000
2012/05/23,0,0,-62000,-62000
2012/05/24,0,0,-887000,-887000
2012/05/25,0,2000,0,2000
2012/05/28,0,0,0,0
2012/05/29,0,11000,-210000,-199000
2012/05/30,0,10000,-366056,-356056
2012/05/31,0,0,-203000,-203000
2012/06/01,0,0,-557000,-557000
2012/06/04,0,0,-626000,-626000
2012/06/05,0,0,-721000,-721000
2012/06/06,0,0,-95000,-95000
2012/06/07,0,242000,-3000,239000
2012/06/08,0,231000,-300000,-69000
2012/06/11,0,210000,0,210000
2012/06/12,0,32000,0,32000
2012/06/13,0,163000,-307000,-144000
2012/06/14,0,143000,-8000,135000
2012/06/15,0,0,0,0
2012/06/18,0,297000,-450,296550
2012/06/19,0,96000,0,96000
2012/06/20,0,75000,-362000,-287000
2012/06/21,0,30000,-37000,-7000
2012/06/22,0,40000,-77000,-37000
2012/06/25,0,99000,0,99000
2012/06/26,0,309949,-362000,-52051
2012/06/27,0,90000,-150000,-60000
2012/06/28,0,240000,0,240000
2012/06/29,0,160000,0,160000
2012/07/02,0,550000,-1000,549000
2012/07/03,0,100000,-300000,-200000
2012/07/04,0,1021000,0,1021000
2012/07/05,0,1379000,-1000,1378000
2012/07/06,0,0,-3000,-3000
2012/07/09,0,0,-1000,-1000
2012/07/10,0,0,0,0
2012/07/11,0,41000,0,41000
2012/07/12,0,0,-1155000,-1155000
2012/07/13,0,0,-1883000,-1883000
2012/07/16,0,96000,-1047000,-951000
2012/07/17,0,470000,-2875000,-2405000
2012/07/18,0,31000,0,31000
2012/07/19,0,100000,-97000,3000
2012/07/20,0,280000,-576000,-296000
2012/07/23,0,0,0,0
2012/07/24,0,200000,-36000,164000
2012/07/25,0,30000,0,30000
2012/07/26,0,6000,0,6000
2012/07/27,0,35000,0,35000
2012/07/30,0,15000,-15000,0
2012/07/31,0,2620000,-1014000,1606000
2012/08/01,0,137000,-714000,-577000
2012/08/02,0,0,0,0
2012/08/03,0,0,-150000,-150000
2012/08/06,0,331000,-190000,141000
2012/08/07,0,2603000,-462000,2141000
2012/08/08,0,0,-502000,-502000
2012/08/09,0,4000,0,4000
2012/08/10,0,1000,0,1000
2012/08/13,0,0,0,0
2012/08/14,0,2000,0,2000
2012/08/15,0,38000,-220000,-182000
2012/08/16,0,25000,-1000,24000
2012/08/17,0,1000,-33896,-32896
2012/08/20,0,0,-76000,-76000
2012/08/21,0,0,-101000,-101000
2012/08/22,0,0,-100000,-100000
2012/08/23,0,1000,0,1000
2012/08/24,0,0,0,0
2012/08/27,0,0,0,0
2012/08/28,0,0,0,0
2012/08/29,0,106000,-2000,104000
2012/08/30,0,88000,0,88000
2012/08/31,0,4000,-752000,-748000
2012/09/03,0,0,0,0
2012/09/04,0,0,-686000,-686000
2012/09/05,0,1000,-1298000,-1297000
2012/09/06,0,1000,-961000,-960000
2012/09/07,0,841000,0,841000
2012/09/10,0,584000,0,584000
2012/09/11,0,0,0,0
2012/09/12,0,5000,0,5000
2012/09/13,0,25000,-588000,-563000
2012/09/14,0,7000,0,7000
2012/09/17,0,1000,0,1000
2012/09/18,0,38000,-278000,-240000
2012/09/19,0,680000,-100000,580000
2012/09/20,0,180000,-238000,-58000
2012/09/21,0,0,-111000,-111000
2012/09/24,0,0,0,0
2012/09/25,0,0,0,0
2012/09/26,0,0,0,0
2012/09/27,0,1000,-157000,-156000
2012/09/28,0,0,-1180000,-1180000
2012/10/01,0,0,0,0
2012/10/02,0,200000,-176000,24000
2012/10/03,0,100000,0,100000
2012/10/04,0,15000,-851000,-836000
2012/10/05,0,15000,0,15000
2012/10/08,0,187000,-75000,112000
2012/10/09,0,20000,0,20000
2012/10/10,0,0,0,0
2012/10/11,0,42000,0,42000
2012/10/12,0,0,-385000,-385000
2012/10/15,0,500000,0,500000
2012/10/16,0,16000,0,16000
2012/10/17,0,301000,0,301000
2012/10/18,0,84000,-82000,2000
2012/10/19,0,19000,0,19000
2012/10/22,0,15000,0,15000
2012/10/23,0,0,0,0
2012/10/24,0,50000,0,50000
2012/10/25,0,0,-2000,-2000
2012/10/26,0,21000,-1000,20000
2012/10/29,0,8817,-320000,-311183
2012/10/30,0,0,-771000,-771000
2012/10/31,0,15000,-551000,-536000
2012/11/01,0,0,-434000,-434000
2012/11/02,0,518000,0,518000
2012/11/05,0,0,-206000,-206000
2012/11/06,0,7000,-222000,-215000
2012/11/07,0,390000,0,390000
2012/11/08,0,200000,-354000,-154000
2012/11/09,0,0,0,0
2012/11/12,0,0,-289000,-289000
2012/11/13,0,1000,0,1000
2012/11/14,0,0,-952000,-952000
2012/11/15,0,0,-884000,-884000
2012/11/16,0,0,-549000,-549000
2012/11/19,0,0,-1471000,-1471000
2012/11/20,0,89000,-1049000,-960000
2012/11/21,0,946000,-2218000,-1272000
2012/11/22,0,0,-465000,-465000
2012/11/23,0,0,-2782000,-2782000
2012/11/26,0,0,-500000,-500000
2012/11/27,0,0,-1000000,-1000000
2012/11/28,0,13000,-1296000,-1283000
2012/11/29,0,0,0,0
2012/11/30,0,0,0,0
2012/12/03,0,330000,0,330000
2012/12/04,0,730000,-1000,729000
2012/12/05,0,1403000,-1000,1402000
2012/12/06,0,691000,0,691000
2012/12/07,0,544000,0,544000
2012/12/10,0,193000,0,193000
2012/12/11,0,6000,0,6000
2012/12/12,0,0,0,0
2012/12/13,0,0,0,0
2012/12/14,0,801000,-1000,800000
2012/12/17,0,0,0,0
2012/12/18,0,0,-166000,-166000
2012/12/19,0,0,0,0
2012/12/20,0,4000,0,4000
2012/12/21,0,1030000,-98000,932000
2012/12/24,0,1002000,0,1002000
2012/12/25,0,40000,0,40000
2012/12/26,0,90000,0,90000
2012/12/27,0,130000,0,130000
2012/12/28,0,0,0,0
2012/12/31,0,0,0,0
2013/01/01,0,0,0,0
2013/01/02,0,0,0,0
2013/01/03,0,89000,-483000,-394000
2013/01/04,0,385000,-3000,382000
2013/01/07,0,12000,-19000,-7000
2013/01/08,0,30000,-1000,29000
2013/01/09,0,500000,-84000,416000
2013/01/10,0,3112000,0,3112000
2013/01/11,0,669000,-3000,666000
2013/01/14,0,454000,0,454000
2013/01/15,0,698000,-2000,696000
2013/01/16,0,1453000,-4000,1449000
2013/01/17,0,105000,-3209533,-3104533
2013/01/18,0,0,-720000,-720000
2013/01/21,0,174000,-8000,166000
2013/01/22,0,105000,0,105000
2013/01/23,0,455000,-1000,454000
2013/01/24,0,671000,-833000,-162000
2013/01/25,0,286000,-452000,-166000
2013/01/28,0,120000,-556000,-436000
2013/01/29,0,50000,0,50000
2013/01/30,0,30000,-6000,24000
2013/01/31,0,3000,-251000,-248000
2013/02/01,0,15000,0,15000
2013/02/04,0,8000,-56000,-48000
2013/02/05,0,0,-63000,-63000
2013/02/06,0,0,-1001000,-1001000
2013/02/07,0,0,0,0
2013/02/08,0,0,0,0
2013/02/11,0,0,0,0
2013/02/12,0,0,0,0
2013/02/13,0,0,0,0
2013/02/14,0,0,0,0
2013/02/15,0,0,0,0
2013/02/18,0,499000,0,499000
2013/02/19,0,1149000,0,1149000
2013/02/20,0,0,0,0
2013/02/21,0,10000,-1000,9000
2013/02/22,0,167000,-1262000,-1095000
2013/02/25,0,300000,-75000,225000
2013/02/26,0,167000,-1000,166000
2013/02/27,0,343000,-75000,268000
2013/02/28,0,0,0,0
2013/03/01,0,577000,-18000,559000
2013/03/04,0,107000,0,107000
2013/03/05,0,75000,0,75000
2013/03/06,0,750000,0,750000
2013/03/07,0,270000,-67000,203000
2013/03/08,0,0,-87000,-87000
2013/03/11,0,0,-392000,-392000
2013/03/12,0,395000,-79000,316000
2013/03/13,0,0,-782000,-782000
2013/03/14,0,0,-2815000,-2815000
2013/03/15,0,21000,-569000,-548000
2013/03/18,0,0,-87000,-87000
2013/03/19,0,0,-35000,-35000
2013/03/20,0,0,-1000,-1000
2013/03/21,0,101000,0,101000
2013/03/22,0,190000,-1000,189000
2013/03/25,0,10000,-1000,9000
2013/03/26,0,0,0,0
2013/03/27,0,10000,-10000,0
2013/03/28,0,100000,-779000,-679000
2013/03/29,0,0,0,0
2013/04/01,0,0,-15000,-15000
2013/04/02,0,0,-1125000,-1125000
2013/04/03,0,0,-451000,-451000
2013/04/04,0,0,0,0
2013/04/05,0,0,0,0
2013/04/08,0,0,-371000,-371000
2013/04/09,0,90000,-192000,-102000
2013/04/10,0,0,-660000,-660000
2013/04/11,0,4000,-590000,-586000
2013/04/12,0,0,-54000,-54000
2013/04/15,0,0,-1000,-1000
2013/04/16,0,0,-100000,-100000
2013/04/17,0,0,-508000,-508000
2013/04/18,0,0,-408000,-408000
2013/04/19,0,4873,-116000,-111127
2013/04/22,0,0,-147000,-147000
2013/04/23,0,0,-286000,-286000
2013/04/24,0,0,0,0
2013/04/25,0,0,0,0
2013/04/26,0,0,-171000,-171000
2013/04/29,0,0,-72000,-72000
2013/04/30,0,0,-159000,-159000
2013/05/01,0,0,0,0
2013/05/02,0,0,0,0
2013/05/03,0,0,-1102000,-1102000
2013/05/06,0,0,-93000,-93000
2013/05/07,0,0,-11000,-11000
2013/05/08,0,0,0,0
2013/05/09,0,0,-1000,-1000
2013/05/10,0,0,-275000,-275000
2013/05/13,0,0,-93000,-93000
2013/05/14,0,1000,-751000,-750000
2013/05/15,0,0,0,0
2013/05/16,0,0,0,0
2013/05/17,0,0,-14000,-14000
2013/05/20,0,0,0,0
2013/05/21,0,0,-107000,-107000
2013/05/22,0,0,-323000,-323000
2013/05/23,0,0,-303000,-303000
2013/05/24,0,0,-181000,-181000
2013/05/27,0,0,-191000,-191000
2013/05/28,0,168000,-482000,-314000
2013/05/29,0,17000,0,17000
2013/05/30,0,0,-1000,-1000
2013/05/31,0,18700,0,18700
2013/06/03,0,17000,0,17000
2013/06/04,0,50000,0,50000
2013/06/05,0,0,-48000,-48000
2013/06/06,0,0,-168000,-168000
2013/06/07,0,925000,0,925000
2013/06/10,0,1126000,0,1126000
2013/06/11,0,65000,-338000,-273000
2013/06/12,0,0,0,0
2013/06/13,0,4000,0,4000
2013/06/14,0,100000,-140000,-40000
2013/06/17,0,60000,-300000,-240000
2013/06/18,0,0,-1000,-1000
2013/06/19,0,0,-329000,-329000
2013/06/20,0,0,0,0
2013/06/21,0,7000,-1000,6000
2013/06/24,0,14000,-1000,13000
2013/06/25,0,50000,-168000,-118000
2013/06/26,0,0,-2000,-2000
2013/06/27,0,0,-2000,-2000
2013/06/28,0,0,-3000,-3000
2013/07/01,0,75000,-2000,73000
2013/07/02,0,35000,0,35000
2013/07/03,0,0,0,0
2013/07/04,0,2000,-500000,-498000
2013/07/05,0,41000,0,41000
2013/07/08,0,0,0,0
2013/07/09,0,22000,0,22000
2013/07/10,0,30000,-175000,-145000
2013/07/11,0,0,-7162,-7162
2013/07/12,0,0,-182000,-182000
2013/07/15,0,0,-67000,-67000
2013/07/16,0,0,-542000,-542000
2013/07/17,0,0,0,0
2013/07/18,0,0,-63000,-63000
2013/07/19,0,0,0,0
2013/07/22,0,0,0,0
2013/07/23,0,0,-100000,-100000
2013/07/24,0,0,0,0
2013/07/25,0,0,0,0
2013/07/26,0,37000,0,37000
2013/07/29,0,0,-20000,-20000
2013/07/30,0,20000,0,20000
2013/07/31,0,1000,-255000,-254000
2013/08/01,0,0,0,0
2013/08/02,0,0,-100000,-100000
2013/08/05,0,0,-1002000,-1002000
2013/08/06,0,0,0,0
2013/08/07,0,0,-253000,-253000
2013/08/08,0,0,-135000,-135000
2013/08/09,0,0,-150000,-150000
2013/08/12,0,0,0,0
2013/08/13,0,0,-80000,-80000
2013/08/14,0,1000,0,1000
2013/08/15,0,1000,0,1000
2013/08/16,0,1000,0,1000
2013/08/19,0,1000,0,1000
2013/08/20,0,0,0,0
2013/08/21,0,0,0,0
2013/08/22,0,1000,0,1000
2013/08/23,0,3000,0,3000
2013/08/26,0,4000,0,4000
2013/08/27,0,0,0,0
2013/08/28,0,2000,0,2000
2013/08/29,0,0,0,0
2013/08/30,0,2000,0,2000
2013/09/02,0,0,0,0
2013/09/03,0,2071,0,2071
2013/09/04,0,0,0,0
2013/09/05,0,0,-2000,-2000
2013/09/06,0,28000,0,28000
2013/09/09,0,0,0,0
2013/09/10,0,0,-3000,-3000
2013/09/11,0,4000,0,4000
2013/09/12,0,29000,0,29000
2013/09/13,0,28000,0,28000
2013/09/16,0,1000,0,1000
2013/09/17,0,0,0,0
2013/09/18,0,165000,-8000,157000
2013/09/19,0,0,0,0
2013/09/20,0,0,0,0
2013/09/23,0,0,0,0
2013/09/24,0,195000,0,195000
2013/09/25,0,0,0,0
2013/09/26,0,0,0,0
2013/09/27,0,0,0,0
2013/09/30,0,1000,-1000,0
2013/10/01,0,81000,0,81000
2013/10/02,0,107000,0,107000
2013/10/03,0,1000,0,1000
2013/10/04,0,728000,0,728000
2013/10/07,0,158000,-1000,157000
2013/10/08,0,16000,0,16000
2013/10/09,0,5000,-136000,-131000
2013/10/10,0,0,0,0
2013/10/11,0,26000,0,26000
2013/10/14,0,20000,-9000,11000
2013/10/15,0,205000,0,205000
2013/10/16,0,0,0,0
2013/10/17,0,15000,0,15000
2013/10/18,0,44000,-300,43700
2013/10/21,0,0,0,0
2013/10/22,0,0,-1000,-1000
2013/10/23,0,0,-1000,-1000
2013/10/24,0,0,0,0
2013/10/25,0,66000,0,66000
2013/10/28,0,0,0,0
2013/10/29,0,0,0,0
2013/10/30,0,0,-200000,-200000
2013/10/31,0,0,-200000,-200000
2013/11/01,0,1000,-4000,-3000
2013/11/04,0,0,0,0
2013/11/05,0,0,0,0
2013/11/06,0,0,-2000,-2000
2013/11/07,0,20000,0,20000
2013/11/08,0,0,0,0
2013/11/11,0,24000,0,24000
2013/11/12,0,348000,0,348000
2013/11/13,0,952000,0,952000
2013/11/14,0,0,-249000,-249000
2013/11/15,0,1085000,-2000,1083000
2013/11/18,0,134000,-44000,90000
2013/11/19,0,515000,0,515000
2013/11/20,0,0,0,0
2013/11/21,0,0,0,0
2013/11/22,0,0,-1000,-1000
2013/11/25,0,51000,0,51000
2013/11/26,0,1594681,0,1594681
2013/11/27,0,0,0,0
2013/11/28,0,567000,-200000,367000
2013/11/29,0,275000,0,275000
2013/12/02,0,0,0,0
2013/12/03,0,100000,0,100000
2013/12/04,0,0,0,0
2013/12/05,0,105000,0,105000
2013/12/06,0,0,0,0
2013/12/09,0,800000,0,800000
2013/12/10,0,830000,-3000,827000
2013/12/11,0,310000,0,310000
2013/12/12,0,0,0,0
2013/12/13,0,778000,0,778000
2013/12/16,0,170000,0,170000
2013/12/17,0,100000,-1000,99000
2013/12/18,0,200000,0,200000
2013/12/19,0,680000,0,680000
2013/12/20,0,307000,-40000,267000
2013/12/23,0,0,0,0
2013/12/24,0,0,-3000,-3000
2013/12/25,0,200000,-4000,196000
2013/12/26,0,260000,0,260000
2013/12/27,0,2000,0,2000
2013/12/30,0,0,-25000,-25000
2013/12/31,0,100000,-1000,99000
2014/01/02,0,1017000,-26000,991000
2014/01/03,0,1037000,0,1037000
2014/01/06,0,210000,-2000,208000
2014/01/07,0,298000,0,298000
2014/01/08,0,2362000,0,2362000
2014/01/09,0,1275000,0,1275000
2014/01/10,0,366000,0,366000
2014/01/13,0,95000,0,95000
2014/01/14,0,113000,0,113000
2014/01/15,0,593000,-1000,592000
2014/01/16,0,507000,0,507000
2014/01/17,0,349000,-134000,215000
2014/01/20,0,1834000,0,1834000
2014/01/21,0,823000,-1000,822000
2014/01/22,0,2037000,0,2037000
2014/01/23,0,800000,0,800000
2014/01/24,0,1506000,-13000,1493000
2014/01/27,0,2379000,-340000,2039000
2014/02/05,0,526000,-200000,326000
2014/02/06,0,3289000,0,3289000
2014/02/07,0,200000,-140000,60000
2014/02/10,0,178000,-332000,-154000
2014/02/11,0,50000,-126000,-76000
2014/02/12,0,106000,-246000,-140000
2014/02/13,0,28000,-229416,-201416
2014/02/14,0,0,-450000,-450000
2014/02/17,0,312000,-135000,177000
2014/02/18,0,345000,-590000,-245000
2014/02/19,0,566000,-62000,504000
2014/02/20,0,135000,-2000,133000
2014/02/21,0,61000,-338000,-277000
2014/02/24,0,606000,0,606000
2014/02/25,0,300000,-182000,118000
2014/02/26,0,22000,-1244000,-1222000
2014/02/27,0,50000,-590000,-540000
2014/03/03,0,34000,-356000,-322000
2014/03/04,0,820000,-300000,520000
2014/03/05,0,150000,-388000,-238000
2014/03/06,0,1229000,-769000,460000
2014/03/07,0,664000,-16000,648000
2014/03/10,0,1611000,-1000,1610000
2014/03/11,0,175000,0,175000
2014/03/12,0,328000,-1000,327000
2014/03/13,0,78000,-437000,-359000
2014/03/14,0,0,-3000,-3000
2014/03/17,0,0,-412000,-412000
2014/03/18,0,29000,-646000,-617000
2014/03/19,0,145000,-6205000,-6060000
2014/03/20,0,134000,-172000,-38000
2014/03/21,0,933000,-506000,427000
2014/03/24,0,107000,-700000,-593000
2014/03/25,0,254000,-28000,226000
2014/03/26,0,0,-366000,-366000
2014/03/27,0,332000,0,332000
2014/03/28,0,0,-311000,-311000
2014/03/31,0,0,0,0
2014/04/01,0,8000,-198000,-190000
2014/04/02,0,12000,0,12000
2014/04/03,0,121000,-118000,3000
2014/04/07,0,0,-1000,-1000
2014/04/08,0,0,-316000,-316000
2014/04/09,0,0,-131000,-131000
2014/04/10,0,14937,-894000,-879063
2014/04/11,0,0,-812000,-812000
2014/04/14,0,0,-1000000,-1000000
2014/04/15,0,77000,-731000,-654000
2014/04/16,0,139000,-153000,-14000
2014/04/17,0,67000,-23000,44000
2014/04/18,0,0,0,0
2014/04/21,0,0,-484000,-484000
2014/04/22,0,69000,-626000,-557000
2014/04/23,0,0,-99000,-99000
2014/04/24,0,0,-1849000,-1849000
2014/04/25,0,198000,-216000,-18000
2014/04/28,0,0,-560000,-560000
2014/04/29,0,0,-70000,-70000
2014/04/30,0,45000,-82000,-37000
2014/05/02,0,13000,-140000,-127000
2014/05/05,0,0,-330000,-330000
2014/05/06,0,0,-50000,-50000
2014/05/07,0,75000,-272000,-197000
2014/05/08,0,287000,-1903000,-1616000
2014/05/09,0,30000,0,30000
2014/05/12,0,534000,0,534000
2014/05/13,0,0,-305000,-305000
2014/05/14,0,83000,-101000,-18000
2014/05/15,0,3000,-210000,-207000
2014/05/16,0,170000,0,170000
2014/05/19,0,20000,-1000,19000
2014/05/20,0,147000,0,147000
2014/05/21,0,0,0,0
2014/05/22,0,0,0,0
2014/05/23,0,0,-570000,-570000
2014/05/26,0,87000,-172000,-85000
2014/05/27,0,0,-13000,-13000
2014/05/28,0,0,0,0
2014/05/29,0,730000,-1000,729000
2014/05/30,0,98000,-433000,-335000
2014/06/03,0,0,-51000,-51000
2014/06/04,0,0,0,0
2014/06/05,0,0,0,0
2014/06/06,0,0,-683000,-683000
2014/06/09,0,2000,-35000,-33000
2014/06/10,0,10000,-62000,-52000
2014/06/11,0,365000,-157000,208000
2014/06/12,0,138000,-405000,-267000
2014/06/13,0,230000,-29000,201000
2014/06/16,0,300000,-20000,280000
2014/06/17,0,355000,-534000,-179000
2014/06/18,0,3498000,0,3498000
2014/06/19,0,599000,0,599000
2014/06/20,0,853000,-29000,824000
2014/06/23,0,74000,-120000,-46000
2014/06/24,0,0,-5000,-5000
2014/06/25,0,0,-125000,-125000
2014/06/26,0,800000,0,800000
2014/06/27,0,443000,0,443000
2014/06/30,0,1333000,-8000,1325000
2014/07/01,0,3265000,0,3265000
2014/07/02,0,452055,0,452055
2014/07/03,0,921000,0,921000
2014/07/04,0,1058000,0,1058000
2014/07/07,0,1762000,0,1762000
2014/07/08,0,345000,-1000,344000
2014/07/09,0,400000,-400000,0
2014/07/10,0,192000,0,192000
2014/07/11,0,435000,-269000,166000
2014/07/14,0,50000,-578000,-528000
2014/07/15,0,537000,-1000,536000
2014/07/16,0,0,-11000,-11000
2014/07/17,0,104000,-300000,-196000
2014/07/18,0,300000,-400000,-100000
2014/07/21,0,960000,0,960000
2014/07/22,0,131000,-30000,101000
2014/07/23,0,0,0,0
2014/07/24,0,2000,0,2000
2014/07/25,0,223000,-1046000,-823000
2014/07/28,0,0,-1658000,-1658000
2014/07/29,0,128000,-1254000,-1126000
2014/07/30,0,173000,-24000,149000
2014/07/31,0,380000,-317000,63000
2014/08/01,0,1240000,-400000,840000
2014/08/04,0,631000,0,631000
2014/08/05,0,332000,-190000,142000
2014/08/06,0,100000,-305000,-205000
2014/08/07,0,20000,-181000,-161000
2014/08/08,0,296000,-192000,104000
2014/08/11,0,54000,0,54000
2014/08/12,0,10000,-200000,-190000
2014/08/13,0,2000,-160000,-158000
2014/08/14,0,67000,-821000,-754000
2014/08/15,0,2000,-35000,-33000
2014/08/18,0,0,-695000,-695000
2014/08/19,0,2000,0,2000
2014/08/20,0,1000,-1188000,-1187000
2014/08/21,0,43000,-704000,-661000
2014/08/22,0,0,-2642000,-2642000
2014/08/25,0,0,-469000,-469000
2014/08/26,0,516000,-351000,165000
2014/08/27,0,620000,0,620000
2014/08/28,0,11000,-1745000,-1734000
2014/08/29,0,1000,-523000,-522000
2014/09/01,0,0,-900000,-900000
2014/09/02,0,0,-3132000,-3132000
2014/09/03,0,289000,-587000,-298000
2014/09/04,0,3000,-250000,-247000
2014/09/05,0,5000,0,5000
2014/09/09,0,0,-270000,-270000
2014/09/10,0,70000,0,70000
2014/09/11,0,319000,-20000,299000
2014/09/12,0,46000,-250000,-204000
2014/09/15,0,51000,0,51000
2014/09/16,0,2000,0,2000
2014/09/17,0,37000,0,37000
2014/09/18,0,37000,-433000,-396000
2014/09/19,0,55000,-131000,-76000
2014/09/22,0,1180134,-72000,1108134
2014/09/23,0,95000,-100000,-5000
2014/09/24,0,31000,0,31000
2014/09/25,0,847000,-413000,434000
2014/09/26,0,125000,0,125000
2014/09/29,0,120000,0,120000
2014/09/30,0,86000,0,86000
2014/10/01,0,0,0,0
2014/10/02,0,0,0,0
2014/10/03,0,0,-1410000,-1410000
2014/10/06,0,232000,0,232000
2014/10/07,0,1000,0,1000
2014/10/08,0,0,-524000,-524000
2014/10/09,0,200000,0,200000
2014/10/13,0,70000,0,70000
2014/10/14,0,0,0,0
2014/10/15,0,276000,0,276000
2014/10/16,0,266000,-309000,-43000
2014/10/17,0,0,-493000,-493000
2014/10/20,0,200000,-70000,130000
2014/10/21,0,910000,0,910000
2014/10/22,0,841000,-484000,357000
2014/10/23,0,405000,-141000,264000
2014/10/24,0,83000,-130000,-47000
2014/10/27,0,0,-233000,-233000
2014/10/28,0,0,-57000,-57000
2014/10/29,0,638000,0,638000
2014/10/30,0,45000,0,45000
2014/10/31,0,107000,0,107000
2014/11/03,0,184000,-1000,183000
2014/11/04,0,40000,-344000,-304000
2014/11/05,0,0,-73000,-73000
2014/11/06,0,50000,-29000,21000
2014/11/07,0,0,-300000,-300000
2014/11/10,0,48000,0,48000
2014/11/11,0,232000,0,232000
2014/11/12,0,116000,0,116000
2014/11/13,0,318000,0,318000
2014/11/14,0,447000,0,447000
2014/11/17,0,288000,0,288000
2014/11/18,0,201000,-1203000,-1002000
2014/11/19,0,0,0,0
2014/11/20,0,1000,0,1000
2014/11/21,0,1110000,0,1110000
2014/11/24,0,1234000,0,1234000
2014/11/25,0,406000,-1000,405000
2014/11/26,0,908000,0,908000
2014/11/27,0,1009000,-1000,1008000
2014/11/28,0,443000,-31000,412000
2014/12/01,0,411000,0,411000
2014/12/02,0,332000,-10000,322000
2014/12/03,0,304000,-3000,301000
2014/12/04,0,86000,0,86000
2014/12/05,0,181000,0,181000
2014/12/08,0,6000,0,6000
2014/12/09,0,0,-49000,-49000
2014/12/10,0,7000,-1000,6000
2014/12/11,0,0,-713,-713
2014/12/12,0,293000,0,293000
2014/12/15,0,386000,0,386000
2014/12/16,0,471000,-2000,469000
2014/12/17,0,2406000,0,2406000
2014/12/18,0,1120000,0,1120000
2014/12/19,0,395000,-80000,315000
2014/12/22,0,946000,0,946000
2014/12/23,0,338000,0,338000
2014/12/24,0,2834000,0,2834000
2014/12/25,0,131000,0,131000
2014/12/26,0,107000,-435000,-328000
2014/12/29,0,200000,-90000,110000
2014/12/30,0,34000,-339000,-305000
2014/12/31,0,20000,-639000,-619000
2015/01/01,0,0,0,0
2015/01/02,0,0,0,0
2015/01/05,0,17000,0,17000
2015/01/06,0,75000,-286000,-211000
2015/01/07,0,0,-1000,-1000
2015/01/08,0,15000,-777000,-762000
2015/01/09,0,30000,-892000,-862000
2015/01/12,0,69000,0,69000
2015/01/13,0,50000,-553000,-503000
2015/01/14,0,76000,-39000,37000
2015/01/15,0,0,-70000,-70000
2015/01/16,0,0,-932000,-932000
2015/01/19,0,0,-321000,-321000
2015/01/20,0,0,-219000,-219000
2015/01/21,0,0,-202000,-202000
2015/01/22,0,0,-938000,-938000
2015/01/23,0,183000,-1411000,-1228000
2015/01/26,0,81000,-1332000,-1251000
2015/01/27,0,0,-456000,-456000
2015/01/28,0,0,-110000,-110000
2015/01/29,0,0,-1499000,-1499000
2015/01/30,0,0,-713000,-713000
2015/02/02,0,0,-1959000,-1959000
2015/02/03,0,364000,-260000,104000
2015/02/04,0,0,-255000,-255000
2015/02/05,0,147000,-94000,53000
2015/02/06,0,501000,0,501000
2015/02/09,0,387000,-109000,278000
2015/02/10,0,2784000,0,2784000
2015/02/11,0,1674000,0,1674000
2015/02/12,0,1731000,0,1731000
2015/02/13,0,778000,-533000,245000
2015/02/16,0,0,0,0
2015/02/17,0,0,0,0
2015/02/18,0,0,0,0
2015/02/19,0,0,0,0
2015/02/20,0,0,0,0
2015/02/23,0,0,0,0
2015/02/24,0,620000,0,620000
2015/02/25,0,187000,-320000,-133000
2015/02/26,0,3000,-45000,-42000
2015/02/27,0,0,0,0
2015/03/02,0,20000,0,20000
2015/03/03,0,160000,-172000,-12000
2015/03/04,0,96000,-953000,-857000
2015/03/05,0,0,-185000,-185000
2015/03/06,0,5000,0,5000
2015/03/09,0,0,-702000,-702000
2015/03/10,0,0,-287000,-287000
2015/03/11,0,50000,-103000,-53000
2015/03/12,0,1793,-1535000,-1533207
2015/03/13,0,0,-332000,-332000
2015/03/16,0,25000,-199000,-174000
2015/03/17,0,1904000,-1204000,700000
2015/03/18,0,262000,-1758000,-1496000
2015/03/19,0,0,-1158000,-1158000
2015/03/20,0,1000,-482000,-481000
2015/03/23,0,0,-469000,-469000
2015/03/24,0,0,-200000,-200000
2015/03/25,0,0,-655000,-655000
2015/03/26,0,0,-253000,-253000
2015/03/27,0,0,-28000,-28000
2015/03/30,0,0,0,0
2015/03/31,0,0,-1500000,-1500000
2015/04/01,0,0,-1635000,-1635000
2015/04/02,0,52000,-2092000,-2040000
2015/04/03,0,0,0,0
2015/04/06,0,0,0,0
2015/04/07,0,150000,-611000,-461000
2015/04/08,0,60000,-10000,50000
2015/04/09,0,400000,-2625000,-2225000
2015/04/10,0,68000,-1439000,-1371000
2015/04/13,0,27000,-90000,-63000
2015/04/14,0,0,-1446000,-1446000
2015/04/15,0,300000,-156000,144000
2015/04/16,0,122000,0,122000
2015/04/17,0,0,-93000,-93000
2015/04/20,0,0,0,0
2015/04/21,0,0,0,0
2015/04/22,0,0,-500000,-500000
2015/04/23,0,0,-1124000,-1124000
2015/04/24,0,0,-401000,-401000
2015/04/27,0,0,-600000,-600000
2015/04/28,0,0,-642000,-642000
2015/04/29,0,0,-34000,-34000
2015/04/30,0,42000,-1288000,-1246000
2015/05/01,0,0,0,0
2015/05/04,0,0,-310000,-310000
2015/05/05,0,48000,-450000,-402000
2015/05/06,0,27000,-43000,-16000
2015/05/07,0,44000,0,44000
2015/05/08,0,344000,0,344000
2015/05/11,0,0,0,0
2015/05/12,0,0,0,0
2015/05/13,0,0,0,0
2015/05/14,0,0,0,0
2015/05/15,0,0,0,0
2015/05/18,0,0,0,0
2015/05/19,0,59000,0,59000
2015/05/20,0,252000,0,252000
2015/05/21,0,60000,0,60000
2015/05/22,0,69000,0,69000
2015/05/25,0,83000,0,83000
2015/05/26,0,0,0,0
2015/05/27,0,0,-367000,-367000
2015/05/28,0,126000,-21000,105000
2015/05/29,0,3000,0,3000
2015/06/01,0,0,0,0
2015/06/02,0,0,0,0
2015/06/03,0,0,0,0
2015/06/04,0,1296,-42000,-40704
2015/06/05,0,1000,-1000,0
2015/06/08,0,0,0,0
2015/06/09,0,0,-660000,-660000
2015/06/10,0,58000,-104000,-46000
2015/06/11,0,0,-8000,-8000
2015/06/12,0,190000,-10000,180000
2015/06/15,0,45000,-339000,-294000
2015/06/16,0,61000,0,61000
2015/06/17,0,52000,0,52000
2015/06/18,0,0,-2000,-2000
2015/06/19,0,0,0,0
2015/06/22,0,0,-9000,-9000
2015/06/23,0,0,-1000,-1000
2015/06/24,0,0,-218000,-218000
2015/06/25,0,0,0,0
2015/06/26,0,350000,-17000,333000
2015/06/29,0,0,-1000,-1000
2015/06/30,0,300000,0,300000
2015/07/01,0,0,0,0
2015/07/02,0,0,0,0
2015/07/03,0,0,0,0
2015/07/06,0,0,0,0
2015/07/07,0,0,0,0
2015/07/08,0,0,-310000,-310000
2015/07/09,0,0,-156000,-156000
2015/07/10,0,0,0,0
2015/07/13,0,0,-790000,-790000
2015/07/14,0,0,-291000,-291000
2015/07/15,0,6000,-399000,-393000
2015/07/16,0,0,-350000,-350000
2015/07/17,0,0,-63000,-63000
2015/07/20,0,0,0,0
2015/07/21,0,1000,0,1000
2015/07/22,0,0,-56000,-56000
2015/07/23,0,21000,0,21000
2015/07/24,0,21000,-367000,-346000
2015/07/27,0,0,-97000,-97000
2015/07/28,0,41000,-26000,15000
2015/07/29,0,2000,0,2000
2015/07/30,0,1000,0,1000
2015/07/31,0,2000,0,2000
2015/08/03,0,3000,-300000,-297000
2015/08/04,0,1000,-277000,-276000
2015/08/05,0,0,-700000,-700000
2015/08/06,0,4000,0,4000
2015/08/07,0,1000,-664000,-663000
2015/08/10,0,1000,0,1000
2015/08/11,0,2000,-59000,-57000
2015/08/12,0,1000,0,1000
2015/08/13,0,1000,0,1000
2015/08/14,0,0,0,0
2015/08/17,0,2000,0,2000
2015/08/18,0,1000,0,1000
2015/08/19,0,0,0,0
2015/08/20,0,0,0,0
2015/08/21,0,64000,-481000,-417000
2015/08/24,0,0,0,0
2015/08/25,0,2227,0,2227
2015/08/26,0,0,0,0
2015/08/27,0,0,0,0
2015/08/28,0,2000,-64000,-62000
2015/08/31,0,0,-6000,-6000
2015/09/01,0,12000,-5000,7000
2015/09/02,0,0,0,0
2015/09/03,0,11000,0,11000
2015/09/04,0,66000,-3000,63000
2015/09/07,0,10000,0,10000
2015/09/08,0,4000,0,4000
2015/09/09,0,177000,0,177000
2015/09/10,0,0,0,0
2015/09/11,0,3000,0,3000
2015/09/14,0,2000,0,2000
2015/09/15,0,2000,0,2000
2015/09/16,0,0,0,0
2015/09/17,0,0,0,0
2015/09/18,0,11000,0,11000
2015/09/21,0,124000,0,124000
2015/09/22,0,0,-1197,-1197
2015/09/23,0,0,0,0
2015/09/24,0,0,0,0
2015/09/25,0,0,0,0
2015/09/28,0,0,0,0
2015/09/29,0,0,0,0
2015/09/30,0,0,-177000,-177000
2015/10/01,0,2000,0,2000
2015/10/02,0,16000,-65000,-49000
2015/10/05,0,3000,0,3000
2015/10/06,0,0,0,0
2015/10/07,0,2000,0,2000
2015/10/08,0,0,0,0
2015/10/09,0,0,0,0
2015/10/12,0,0,0,0
2015/10/13,0,0,0,0
2015/10/14,0,0,0,0
2015/10/15,0,0,0,0
2015/10/16,0,2000,0,2000
2015/10/19,0,0,0,0
2015/10/20,0,650000,0,650000
2015/10/21,0,0,0,0
2015/10/22,0,0,0,0
2015/10/23,0,0,0,0
2015/10/26,0,0,0,0
2015/10/27,0,46000,0,46000
2015/10/28,0,275000,-650000,-375000
2015/10/29,0,0,0,0
2015/10/30,0,63000,-1000,62000
2015/11/02,0,600000,0,600000
2015/11/03,0,402000,0,402000
2015/11/04,0,18000,0,18000
2015/11/05,0,0,0,0
2015/11/06,0,0,0,0
2015/11/09,0,0,0,0
2015/11/10,0,0,0,0
2015/11/11,0,0,0,0
2015/11/12,0,0,0,0
2015/11/13,0,0,-63000,-63000
2015/11/16,0,0,-231000,-231000
2015/11/17,0,0,0,0
2015/11/18,0,1000,0,1000
2015/11/19,0,0,0,0
2015/11/20,0,0,0,0
2015/11/23,0,0,-1000,-1000
2015/11/24,0,0,0,0
2015/11/25,0,0,0,0
2015/11/26,0,0,0,0
2015/11/27,0,0,0,0
2015/11/30,0,0,-1052612,-1052612
2015/12/01,0,0,-265,-265
2015/12/02,0,0,0,0
2015/12/03,0,0,0,0
2015/12/04,0,0,0,0
2015/12/07,0,0,0,0
2015/12/08,0,0,0,0
2015/12/09,0,0,0,0
2015/12/10,0,0,0,0
2015/12/11,0,0,0,0
2015/12/14,0,0,-643,-643
2015/12/15,0,0,0,0
2015/12/16,0,0,0,0
2015/12/17,0,0,0,0
2015/12/18,0,0,0,0
2015/12/21,0,0,0,0
2015/12/22,0,613000,0,613000
2015/12/23,0,683000,0,683000
2015/12/24,0,471000,0,471000
2015/12/25,0,321000,0,321000
2015/12/28,0,448000,-72000,376000
2015/12/29,0,0,-81000,-81000
2015/12/30,0,1023000,0,1023000
2015/12/31,0,877000,0,877000
2016/01/01,0,0,0,0
2016/01/04,0,98000,-162000,-64000
2016/01/05,0,1012000,0,1012000
2016/01/06,0,486000,0,486000
2016/01/07,0,210000,0,210000
2016/01/08,0,295000,0,295000
2016/01/11,0,2212000,0,2212000
2016/01/12,0,0,0,0
2016/01/13,0,341000,0,341000
2016/01/14,0,695000,0,695000
2016/01/15,0,686000,-2000,684000
2016/01/18,0,1693000,0,1693000
2016/01/19,0,183000,-2000,181000
2016/01/20,0,406000,-2000,404000
2016/01/21,0,98000,-58000,40000
2016/01/22,0,30000,0,30000
2016/01/25,0,100000,0,100000
2016/01/26,0,0,0,0
2016/01/27,0,0,0,0
2016/01/28,0,0,-795000,-795000
2016/01/29,0,0,-300000,-300000
2016/02/01,0,0,-467000,-467000
2016/02/02,0,0,-20000,-20000
2016/02/03,0,0,-520000,-520000
2016/02/04,0,0,0,0
2016/02/05,0,0,0,0
2016/02/08,0,0,0,0
2016/02/09,0,0,0,0
2016/02/10,0,0,0,0
2016/02/11,0,0,0,0
2016/02/12,0,0,0,0
2016/02/15,0,1480,-1227000,-1225520
2016/02/16,0,0,0,0
2016/02/17,0,0,-44000,-44000
2016/02/18,0,0,-93000,-93000
2016/02/19,0,0,-340000,-340000
2016/02/22,0,0,0,0
2016/02/23,0,0,-60000,-60000
2016/02/24,0,0,-40000,-40000
2016/02/25,0,0,0,0
2016/02/26,0,0,-100000,-100000
2016/02/29,0,0,0,0
2016/03/01,0,0,0,0
2016/03/02,0,0,-101000,-101000
2016/03/03,0,0,0,0
2016/03/04,0,0,0,0
2016/03/07,0,0,-50000,-50000
2016/03/08,0,0,0,0
2016/03/09,0,0,0,0
2016/03/10,0,0,0,0
2016/03/11,0,0,0,0
2016/03/14,0,0,-1000000,-1000000
2016/03/15,0,0,-1484000,-1484000
2016/03/16,0,0,-393000,-393000
2016/03/17,0,0,0,0
2016/03/18,0,0,0,0
2016/03/21,0,0,0,0
2016/03/22,0,0,-332000,-332000
2016/03/23,0,0,0,0
2016/03/24,0,0,-100000,-100000
2016/03/25,0,0,0,0
2016/03/28,0,0,-48000,-48000
2016/03/29,0,1000,0,1000
2016/03/30,0,0,0,0
2016/03/31,0,0,0,0
2016/04/01,0,0,0,0
2016/04/04,0,0,0,0
2016/04/05,0,0,0,0
2016/04/06,0,0,0,0
2016/04/07,0,0,0,0
2016/04/08,0,0,0,0
2016/04/11,0,0,0,0
2016/04/12,0,0,-2000,-2000
2016/04/13,0,0,0,0
2016/04/14,0,0,0,0
2016/04/15,0,9000,0,9000
2016/04/18,0,0,0,0
2016/04/19,0,0,0,0
2016/04/20,0,0,-1000,-1000
2016/04/21,0,0,0,0
2016/04/22,0,0,0,0
2016/04/25,0,1000,0,1000
2016/04/26,0,0,0,0
2016/04/27,0,0,0,0
2016/04/28,0,0,0,0
2016/04/29,0,0,-487000,-487000
2016/05/02,0,0,0,0
2016/05/03,0,0,-3000,-3000
2016/05/04,0,0,0,0
2016/05/05,0,0,0,0
2016/05/06,0,0,-652000,-652000
2016/05/09,0,0,0,0
2016/05/10,0,298,0,298
2016/05/11,0,0,0,0
2016/05/12,0,0,0,0
2016/05/13,0,0,0,0
2016/05/16,0,0,-1248000,-1248000
2016/05/17,0,0,-1370000,-1370000
2016/05/18,0,0,-86000,-86000
2016/05/19,0,0,-86000,-86000
2016/05/20,0,0,0,0
2016/05/23,0,0,0,0
2016/05/24,0,0,0,0
2016/05/25,0,0,0,0
2016/05/26,0,2000,0,2000
2016/05/27,0,0,0,0
2016/05/30,0,0,0,0
2016/05/31,0,250000,0,250000
2016/06/01,0,0,0,0
2016/06/02,0,0,0,0
2016/06/03,0,0,-36000,-36000
2016/06/06,0,0,0,0
2016/06/07,0,0,0,0
2016/06/08,0,0,-494000,-494000
2016/06/09,0,0,0,0
2016/06/10,0,0,0,0
2016/06/13,0,0,-203000,-203000
2016/06/14,0,0,-250000,-250000
2016/06/15,0,0,0,0
2016/06/16,0,0,0,0
2016/06/17,0,4000,0,4000
2016/06/20,0,0,0,0
2016/06/21,0,275000,0,275000
2016/06/22,0,0,0,0
2016/06/23,0,0,0,0
2016/06/24,0,400000,-1000,399000
2016/06/27,0,500000,-3000,497000
2016/06/28,0,2097000,-4000,2093000
2016/06/29,0,4033000,0,4033000
2016/06/30,0,670000,0,670000
2016/07/01,0,820000,0,820000
2016/07/04,0,141000,0,141000
2016/07/05,0,343000,0,343000
2016/07/06,0,0,0,0
2016/07/07,0,40000,0,40000
2016/07/08,0,0,0,0
2016/07/11,0,0,0,0
2016/07/12,0,20000,0,20000
2016/07/13,0,0,0,0
2016/07/14,0,0,-1000,-1000
2016/07/15,0,0,0,0
2016/07/18,0,702000,-2000000,-1298000
2016/07/19,0,0,-50000,-50000
2016/07/20,0,125000,-1501000,-1376000
2016/07/21,0,437000,-1000,436000
2016/07/22,0,1801000,-551000,1250000
2016/07/25,0,242000,0,242000
2016/07/26,0,756000,0,756000
2016/07/27,0,0,-262000,-262000
2016/07/28,0,34000,-1763000,-1729000
2016/07/29,0,1083,-1251000,-1249917
2016/08/01,0,154000,-527000,-373000
2016/08/02,0,0,-365000,-365000
2016/08/03,0,0,-1000,-1000
2016/08/04,0,0,-1000,-1000
2016/08/05,0,3000,-118000,-115000
2016/08/08,0,0,-1000,-1000
2016/08/09,0,0,-745000,-745000
2016/08/10,0,0,-1562000,-1562000
2016/08/11,0,0,-215000,-215000
2016/08/12,0,0,-313000,-313000
2016/08/15,0,0,-470000,-470000
2016/08/16,0,0,-1000,-1000
2016/08/17,0,0,-379000,-379000
2016/08/18,0,0,0,0
2016/08/19,0,0,-1000,-1000
2016/08/22,0,0,0,0
2016/08/23,0,0,0,0
2016/08/24,0,0,-600000,-600000
2016/08/25,0,0,-231456,-231456
2016/08/26,0,0,0,0
2016/08/29,0,0,0,0
2016/08/30,0,0,0,0
2016/08/31,0,0,0,0
2016/09/01,0,5768000,0,5768000
2016/09/02,0,380000,0,380000
2016/09/05,0,0,0,0
2016/09/06,0,0,0,0
2016/09/07,0,0,0,0
2016/09/08,0,70000,-1000,69000
2016/09/09,0,283000,0,283000
2016/09/12,0,25000,0,25000
2016/09/13,0,0,0,0
2016/09/14,0,0,-1000,-1000
2016/09/15,0,0,0,0
2016/09/16,0,0,0,0
2016/09/19,0,0,0,0
2016/09/20,0,0,0,0
2016/09/21,0,25000,0,25000
2016/09/22,0,0,0,0
2016/09/23,0,225000,0,225000
2016/09/26,0,0,0,0
2016/09/27,0,0,0,0
2016/09/28,0,0,0,0
2016/09/29,0,0,0,0
2016/09/30,0,115000,-155,114845
2016/10/03,0,0,-838000,-838000
2016/10/04,0,0,0,0
2016/10/05,0,0,-1083000,-1083000
2016/10/06,0,0,-1574000,-1574000
2016/10/07,0,35000,-449000,-414000
2016/10/10,0,0,0,0
2016/10/11,0,500000,0,500000
2016/10/12,0,0,-587000,-587000
2016/10/13,0,89000,-1419000,-1330000
2016/10/14,0,0,-710000,-710000
2016/10/17,0,44000,-4000,40000
2016/10/18,0,0,0,0
2016/10/19,0,0,0,0
2016/10/20,0,5000,-65000,-60000
2016/10/21,0,100000,0,100000
2016/10/24,0,0,0,0
2016/10/25,0,0,-50000,-50000
2016/10/26,0,0,0,0
2016/10/27,0,0,0,0
2016/10/28,0,0,0,0
2016/10/31,0,0,0,0
2016/11/01,0,0,0,0
2016/11/02,0,0,-280,-280
2016/11/03,0,0,0,0
2016/11/04,0,400,-200000,-199600
2016/11/07,0,0,0,0
2016/11/08,0,0,0,0
2016/11/09,0,0,0,0
2016/11/10,0,0,0,0
2016/11/11,0,48000,-375000,-327000
2016/11/14,0,0,0,0
2016/11/15,0,0,0,0
2016/11/16,0,0,0,0
2016/11/17,0,0,0,0
2016/11/18,0,0,0,0
2016/11/21,0,0,0,0
2016/11/22,0,5001000,0,5001000
2016/11/23,0,0,0,0
2016/11/24,0,0,0,0
2016/11/25,0,0,-500000,-500000
2016/11/28,0,0,0,0
2016/11/29,0,5600,0,5600
2016/11/30,0,0,0,0
2016/12/01,0,0,0,0
2016/12/02,0,0,0,0
2016/12/05,0,0,0,0
2016/12/06,0,0,0,0
2016/12/07,0,307000,0,307000
2016/12/08,0,0,0,0
2016/12/09,0,0,0,0
2016/12/12,0,0,0,0
2016/12/13,0,0,0,0
2016/12/14,0,50000,0,50000
2016/12/15,0,50000,0,50000
2016/12/16,0,0,-1200,-1200
2016/12/19,0,0,0,0
2016/12/20,0,0,0,0
2016/12/21,0,0,0,0
2016/12/22,0,0,0,0
2016/12/23,0,0,0,0
2016/12/26,0,0,0,0
2016/12/27,0,0,0,0
2016/12/28,0,0,0,0
2016/12/29,0,0,0,0
2016/12/30,0,0,0,0
2017/01/02,0,0,0,0
2017/01/03,0,0,0,0
2017/01/04,0,0,0,0
2017/01/05,0,901000,0,901000
2017/01/06,0,300000,0,300000
2017/01/09,0,100000,0,100000
2017/01/10,0,0,0,0
2017/01/11,0,0,0,0
2017/01/12,0,0,0,0
2017/01/13,0,0,0,0
2017/01/16,0,0,-213000,-213000
2017/01/17,0,0,-684000,-684000
2017/01/18,0,0,-39000,-39000
2017/01/19,0,0,-150000,-150000
2017/01/20,0,0,0,0
2017/01/23,0,73,-1190000,-1189927
2017/01/24,0,0,0,0
2017/01/25,0,0,0,0
2017/01/26,0,0,0,0
2017/01/27,0,0,0,0
2017/01/30,0,0,0,0
2017/01/31,0,0,0,0
2017/02/01,0,0,0,0
2017/02/02,0,0,-2632000,-2632000
2017/02/03,0,304000,0,304000
2017/02/06,0,408000,0,408000
2017/02/07,0,0,0,0
2017/02/08,0,0,0,0
2017/02/09,0,256000,-1638000,-1382000
2017/02/10,0,0,-650000,-650000
2017/02/13,0,0,-40000,-40000
2017/02/14,0,80000,0,80000
2017/02/15,0,120000,0,120000
2017/02/16,0,80000,0,80000
2017/02/17,0,0,0,0
2017/02/20,0,2193000,0,2193000
2017/02/21,0,38000,-307000,-269000
2017/02/22,0,1476000,0,1476000
2017/02/23,0,1390000,-75000,1315000
2017/02/24,0,800000,0,800000
2017/02/27,0,0,0,0
2017/02/28,0,0,0,0
2017/03/01,0,675000,-248000,427000
2017/03/02,0,40000,0,40000
2017/03/03,0,270000,0,270000
2017/03/06,0,160000,0,160000
2017/03/07,0,210000,-416000,-206000
2017/03/08,0,1080000,0,1080000
2017/03/09,0,664000,0,664000
2017/03/10,0,243000,0,243000
2017/03/13,0,0,0,0
2017/03/14,0,147000,0,147000
2017/03/15,0,135000,0,135000
2017/03/16,0,1376000,0,1376000
2017/03/17,0,0,-2000,-2000
2017/03/20,0,61000,0,61000
2017/03/21,0,707000,0,707000
2017/03/22,0,2885000,0,2885000
2017/03/23,0,2667000,0,2667000
2017/03/24,0,227000,0,227000
2017/03/27,0,125000,-50000,75000
2017/03/28,0,0,-887000,-887000
2017/03/29,0,0,0,0
2017/03/30,0,0,0,0
2017/03/31,0,0,0,0
2017/04/03,0,0,0,0
2017/04/04,0,0,0,0
2017/04/05,0,140000,0,140000
2017/04/06,0,0,-936000,-936000
2017/04/07,0,110000,-390000,-280000
2017/04/10,0,84000,-50000,34000
2017/04/11,0,167000,-75000,92000
2017/04/12,0,34000,0,34000
2017/04/13,0,1072000,0,1072000
2017/04/14,0,25000,-4000,21000
2017/04/17,0,0,-210000,-210000
2017/04/18,0,404000,0,404000
2017/04/19,0,18000,-879000,-861000
