Date,Open,Buy,Sell,Total
2007/01/02,0,85000,-41000,44000
2007/01/03,0,0,-924780,-924780
2007/01/04,0,865000,0,865000
2007/01/05,0,0,-50000,-50000
2007/01/08,0,104000,-400000,-296000
2007/01/09,0,0,-280000,-280000
2007/01/10,0,520000,0,520000
2007/01/11,0,602000,0,602000
2007/01/12,0,1000,0,1000
2007/01/15,0,950000,0,950000
2007/01/16,0,466000,-406000,60000
2007/01/17,0,84000,-444000,-360000
2007/01/18,0,200000,-2000,198000
2007/01/19,0,0,-264000,-264000
2007/01/22,0,0,-1741000,-1741000
2007/01/23,0,0,-500000,-500000
2007/01/24,0,0,0,0
2007/01/25,0,0,0,0
2007/01/26,0,0,0,0
2007/01/29,0,0,0,0
2007/01/30,0,15000,0,15000
2007/01/31,0,0,0,0
2007/02/01,0,700000,0,700000
2007/02/02,0,350000,-300000,50000
2007/02/05,0,1000,-1000,0
2007/02/06,0,18000,0,18000
2007/02/07,0,0,0,0
2007/02/08,0,500000,0,500000
2007/02/09,0,0,-1000,-1000
2007/02/12,0,100000,0,100000
2007/02/13,0,0,-65000,-65000
2007/02/14,0,88000,0,88000
2007/02/15,0,0,0,0
2007/02/16,0,0,0,0
2007/02/19,0,0,0,0
2007/02/20,0,0,0,0
2007/02/21,0,0,0,0
2007/02/22,0,0,0,0
2007/02/23,0,0,0,0
2007/02/26,0,1200000,0,1200000
2007/02/27,0,1407000,0,1407000
2007/02/28,0,0,0,0
2007/03/01,0,300000,0,300000
2007/03/02,0,2493000,0,2493000
2007/03/05,0,749000,-314000,435000
2007/03/06,0,100000,-146000,-46000
2007/03/07,0,0,0,0
2007/03/08,0,260000,0,260000
2007/03/09,0,600000,0,600000
2007/03/12,0,1000,0,1000
2007/03/13,0,0,-905000,-905000
2007/03/14,0,1228000,0,1228000
2007/03/15,0,2340000,-372489,1967511
2007/03/16,0,2038000,-1000,2037000
2007/03/19,0,330000,0,330000
2007/03/20,0,1000000,-706000,294000
2007/03/21,0,603000,0,603000
2007/03/22,0,701000,0,701000
2007/03/23,0,0,-400000,-400000
2007/03/26,0,1000,0,1000
2007/03/27,0,1199000,-71000,1128000
2007/03/28,0,0,0,0
2007/03/29,0,400000,0,400000
2007/03/30,0,500000,0,500000
2007/04/02,0,1550000,0,1550000
2007/04/03,0,1300000,-250000,1050000
2007/04/04,0,185000,-250000,-65000
2007/04/05,0,0,0,0
2007/04/06,0,0,0,0
2007/04/09,0,1000000,-300000,700000
2007/04/10,0,0,-827000,-827000
2007/04/11,0,0,-260000,-260000
2007/04/12,0,1784000,-6000,1778000
2007/04/13,0,0,-1000,-1000
2007/04/16,0,0,-173000,-173000
2007/04/17,0,188000,-300000,-112000
2007/04/18,0,0,-191000,-191000
2007/04/19,0,0,-124000,-124000
2007/04/20,0,7000,-2828000,-2821000
2007/04/23,0,101000,-4645000,-4544000
2007/04/24,0,6000,-250000,-244000
2007/04/25,0,0,-130000,-130000
2007/04/26,0,0,0,0
2007/04/27,0,200000,-226000,-26000
2007/04/30,0,0,-23000,-23000
2007/05/01,0,0,0,0
2007/05/02,0,117000,-1100000,-983000
2007/05/03,0,833000,-1700000,-867000
2007/05/04,0,0,0,0
2007/05/07,0,100000,0,100000
2007/05/08,0,200000,0,200000
2007/05/09,0,0,0,0
2007/05/10,0,0,-139000,-139000
2007/05/11,0,0,-144000,-144000
2007/05/14,0,984000,-77000,907000
2007/05/15,0,108000,0,108000
2007/05/16,0,20000,-2000,18000
2007/05/17,0,0,-84000,-84000
2007/05/18,0,10000,0,10000
2007/05/21,0,0,0,0
2007/05/22,0,2000,-988000,-986000
2007/05/23,0,0,0,0
2007/05/24,0,1250000,0,1250000
2007/05/25,0,1678000,0,1678000
2007/05/28,0,1950000,0,1950000
2007/05/29,0,398000,0,398000
2007/05/30,0,1030000,0,1030000
2007/05/31,0,1400000,0,1400000
2007/06/01,0,1000000,0,1000000
2007/06/04,0,1000,0,1000
2007/06/05,0,1000000,-120000,880000
2007/06/06,0,1101000,-28000,1073000
2007/06/07,0,0,-1230000,-1230000
2007/06/08,0,200000,-2150000,-1950000
2007/06/11,0,250000,-4000000,-3750000
2007/06/12,0,1249000,-1225000,24000
2007/06/13,0,0,-1720000,-1720000
2007/06/14,0,0,-1021000,-1021000
2007/06/15,0,0,-31000,-31000
2007/06/18,0,0,0,0
2007/06/19,0,0,0,0
2007/06/20,0,0,-601000,-601000
2007/06/21,0,0,-439000,-439000
2007/06/22,0,500000,-600000,-100000
2007/06/25,0,8000,-878000,-870000
2007/06/26,0,0,0,0
2007/06/27,0,0,-600000,-600000
2007/06/28,0,0,-400000,-400000
2007/06/29,0,0,-746000,-746000
2007/07/02,0,0,0,0
2007/07/03,0,0,0,0
2007/07/04,0,1000,-1500000,-1499000
2007/07/05,0,54000,-459000,-405000
2007/07/06,0,93000,-1900000,-1807000
2007/07/09,0,90000,-152000,-62000
2007/07/10,0,250000,-150000,100000
2007/07/11,0,2000,-600000,-598000
2007/07/12,0,0,-65323,-65323
2007/07/13,0,3100000,-450000,2650000
2007/07/16,0,1200000,-1000000,200000
2007/07/17,0,0,-1000,-1000
2007/07/18,0,2000,0,2000
2007/07/19,0,1000,0,1000
2007/07/20,0,1000,-1501000,-1500000
2007/07/23,0,0,-1000000,-1000000
2007/07/24,0,1000,-1000,0
2007/07/25,0,0,-1000000,-1000000
2007/07/26,0,1001000,-705000,296000
2007/07/27,0,1000,0,1000
2007/07/30,0,0,-3000000,-3000000
2007/07/31,0,0,-1450000,-1450000
2007/08/01,0,0,-2000,-2000
2007/08/02,0,0,-1000,-1000
2007/08/03,0,1000,-351000,-350000
2007/08/06,0,0,-250000,-250000
2007/08/07,0,1000,0,1000
2007/08/08,0,1000,-1580000,-1579000
2007/08/09,0,0,-185000,-185000
2007/08/10,0,0,-135000,-135000
2007/08/13,0,1000,-1000000,-999000
2007/08/14,0,1000,0,1000
2007/08/15,0,0,-250000,-250000
2007/08/16,0,3000,-15000,-12000
2007/08/17,0,1000,-662000,-661000
2007/08/20,0,1000,-865000,-864000
2007/08/21,0,1000,0,1000
2007/08/22,0,4000,-1000,3000
2007/08/23,0,2000,0,2000
2007/08/24,0,0,-1000,-1000
2007/08/27,0,5000,-1034000,-1029000
2007/08/28,0,0,-100000,-100000
2007/08/29,0,1000,-514000,-513000
2007/08/30,0,0,-400000,-400000
2007/08/31,0,5000,-573580,-568580
2007/09/03,0,0,-1057942,-1057942
2007/09/04,0,4000,-20980,-16980
2007/09/05,0,0,-134965,-134965
2007/09/06,0,0,-2234750,-2234750
2007/09/07,0,400000,-1020980,-620980
2007/09/10,0,4000,0,4000
2007/09/11,0,0,0,0
2007/09/12,0,400000,-959000,-559000
2007/09/13,0,0,-24000,-24000
2007/09/14,0,2000,0,2000
2007/09/17,0,0,0,0
2007/09/18,0,0,0,0
2007/09/19,0,0,0,0
2007/09/20,0,0,0,0
2007/09/21,0,2000,0,2000
2007/09/24,0,0,0,0
2007/09/25,0,0,0,0
2007/09/26,0,0,-2000,-2000
2007/09/27,0,1000,-646,354
2007/09/28,0,0,0,0
2007/10/01,0,16000,0,16000
2007/10/02,0,942000,0,942000
2007/10/03,0,458000,-401000,57000
2007/10/04,0,0,0,0
2007/10/05,0,0,0,0
2007/10/08,0,0,-4000,-4000
2007/10/09,0,2000,0,2000
2007/10/10,0,0,0,0
2007/10/11,0,0,0,0
2007/10/12,0,0,0,0
2007/10/15,0,1000,-103000,-102000
2007/10/16,0,1000,-74950,-73950
2007/10/17,0,0,0,0
2007/10/18,0,0,-25000,-25000
2007/10/19,0,0,-24000,-24000
2007/10/22,0,1000,-200000,-199000
2007/10/23,0,0,0,0
2007/10/24,0,0,0,0
2007/10/25,0,1000,-210000,-209000
2007/10/26,0,0,0,0
2007/10/29,0,1000,0,1000
2007/10/30,0,1000,0,1000
2007/10/31,0,1850000,0,1850000
2007/11/01,0,0,0,0
2007/11/02,0,156000,0,156000
2007/11/05,0,15000,0,15000
2007/11/06,0,0,-1400000,-1400000
2007/11/07,0,0,0,0
2007/11/08,0,1000,0,1000
2007/11/09,0,2000,0,2000
2007/11/12,0,1000,0,1000
2007/11/13,0,2000,-1000,1000
2007/11/14,0,0,0,0
2007/11/15,0,1000,-300000,-299000
2007/11/16,0,0,-100000,-100000
2007/11/19,0,0,-6000,-6000
2007/11/20,0,1000,0,1000
2007/11/21,0,0,-100000,-100000
2007/11/22,0,1000,0,1000
2007/11/23,0,2000,0,2000
2007/11/26,0,1000,0,1000
2007/11/27,0,127000,0,127000
2007/11/28,0,1000,0,1000
2007/11/29,0,0,0,0
2007/11/30,0,1000,0,1000
2007/12/03,0,0,0,0
2007/12/04,0,0,0,0
2007/12/05,0,0,0,0
2007/12/06,0,0,0,0
2007/12/07,0,0,0,0
2007/12/10,0,0,0,0
2007/12/11,0,0,0,0
2007/12/12,0,0,0,0
2007/12/13,0,1000,0,1000
2007/12/14,0,3000,-2000,1000
2007/12/17,0,0,0,0
2007/12/18,0,230000,-86413,143587
2007/12/19,0,1000,-1500000,-1499000
2007/12/20,0,0,0,0
2007/12/21,0,0,-4000,-4000
2007/12/24,0,0,-2000,-2000
2007/12/25,0,816000,-8000,808000
2007/12/26,0,460000,0,460000
2007/12/27,0,222000,0,222000
2007/12/28,0,0,-1000,-1000
2007/12/31,0,1828000,0,1828000
2008/01/01,0,0,0,0
2008/01/02,0,820000,-78000,742000
2008/01/03,0,0,-204000,-204000
2008/01/04,0,200000,-1000,199000
2008/01/07,0,1000,0,1000
2008/01/08,0,1000,-10000,-9000
2008/01/09,0,0,0,0
2008/01/10,0,16000,-5000,11000
2008/01/11,0,4000,0,4000
2008/01/14,0,1000,-882000,-881000
2008/01/15,0,0,-2000,-2000
2008/01/16,0,0,0,0
2008/01/17,0,10000,-76000,-66000
2008/01/18,0,10000,0,10000
2008/01/21,0,3000,0,3000
2008/01/22,0,0,0,0
2008/01/23,0,1000,0,1000
2008/01/24,0,68000,0,68000
2008/01/25,0,0,0,0
2008/01/28,0,202000,0,202000
2008/01/29,0,1000,-148000,-147000
2008/01/30,0,0,0,0
2008/01/31,0,0,-1500000,-1500000
2008/02/01,0,1000,0,1000
2008/02/04,0,0,0,0
2008/02/05,0,0,0,0
2008/02/06,0,0,0,0
2008/02/07,0,0,0,0
2008/02/08,0,0,0,0
2008/02/11,0,0,0,0
2008/02/12,0,0,-661000,-661000
2008/02/13,0,0,0,0
2008/02/14,0,0,0,0
2008/02/15,0,474000,0,474000
2008/02/18,0,0,0,0
2008/02/19,0,0,-19000,-19000
2008/02/20,0,0,-1000,-1000
2008/02/21,0,1000,0,1000
2008/02/22,0,0,0,0
2008/02/25,0,0,0,0
2008/02/26,0,1000,0,1000
2008/02/27,0,3121000,-15000,3106000
2008/02/28,0,0,0,0
2008/02/29,0,0,0,0
2008/03/03,0,10000,0,10000
2008/03/04,0,1000,0,1000
2008/03/05,0,1000,0,1000
2008/03/06,0,0,0,0
2008/03/07,0,0,0,0
2008/03/10,0,1000,0,1000
2008/03/11,0,2000,0,2000
2008/03/12,0,3000,-121000,-118000
2008/03/13,0,0,0,0
2008/03/14,0,0,0,0
2008/03/17,0,2000,0,2000
2008/03/18,0,1000,-1000,0
2008/03/19,0,1000,0,1000
2008/03/20,0,1000,0,1000
2008/03/21,0,3000,0,3000
2008/03/24,0,2000,0,2000
2008/03/25,0,0,-5000,-5000
2008/03/26,0,1000,0,1000
2008/03/27,0,2000,-3000,-1000
2008/03/28,0,2000,0,2000
2008/03/31,0,1000,-5000,-4000
2008/04/01,0,1000,-1000,0
2008/04/02,0,12000,0,12000
2008/04/03,0,1000,0,1000
2008/04/04,0,0,0,0
2008/04/07,0,0,0,0
2008/04/08,0,1000,0,1000
2008/04/09,0,1000,0,1000
2008/04/10,0,1000,0,1000
2008/04/11,0,0,0,0
2008/04/14,0,0,-1000,-1000
2008/04/15,0,1000,0,1000
2008/04/16,0,0,-3000,-3000
2008/04/17,0,500000,-27000,473000
2008/04/18,0,1000,-6000,-5000
2008/04/21,0,2000,0,2000
2008/04/22,0,1000,0,1000
2008/04/23,0,1000,0,1000
2008/04/24,0,2000,0,2000
2008/04/25,0,1000,0,1000
2008/04/28,0,81000,0,81000
2008/04/29,0,101000,0,101000
2008/04/30,0,8000,-12000,-4000
2008/05/01,0,0,0,0
2008/05/02,0,2000,-300000,-298000
2008/05/05,0,201000,0,201000
2008/05/06,0,103000,0,103000
2008/05/07,0,111000,-3000,108000
2008/05/08,0,11000,-200000,-189000
2008/05/09,0,3000,0,3000
2008/05/12,0,6000,0,6000
2008/05/13,0,9000,-4000,5000
2008/05/14,0,1000,0,1000
2008/05/15,0,24000,0,24000
2008/05/16,0,0,0,0
2008/05/19,0,8000,0,8000
2008/05/20,0,0,-2000,-2000
2008/05/21,0,0,0,0
2008/05/22,0,415000,0,415000
2008/05/23,0,400000,-1000,399000
2008/05/26,0,12000,0,12000
2008/05/27,0,188000,-81000,107000
2008/05/28,0,3000,0,3000
2008/05/29,0,102000,0,102000
2008/05/30,0,102000,0,102000
2008/06/02,0,4000,-1910000,-1906000
2008/06/03,0,0,-1090000,-1090000
2008/06/04,0,2000,0,2000
2008/06/05,0,0,0,0
2008/06/06,0,217000,0,217000
2008/06/09,0,218000,0,218000
2008/06/10,0,229000,0,229000
2008/06/11,0,2000,0,2000
2008/06/12,0,34000,0,34000
2008/06/13,0,1477000,0,1477000
2008/06/16,0,0,-3000,-3000
2008/06/17,0,119000,0,119000
2008/06/18,0,520000,0,520000
2008/06/19,0,0,-2000,-2000
2008/06/20,0,1000,-5000,-4000
2008/06/23,0,5000,0,5000
2008/06/24,0,1000,0,1000
2008/06/25,0,0,-1000,-1000
2008/06/26,0,330000,0,330000
2008/06/27,0,509000,0,509000
2008/06/30,0,874000,0,874000
2008/07/01,0,47000,0,47000
2008/07/02,0,941000,-1000,940000
2008/07/03,0,46000,-205000,-159000
2008/07/04,0,747000,0,747000
2008/07/07,0,222000,0,222000
2008/07/08,0,0,0,0
2008/07/09,0,1403000,-2000,1401000
2008/07/10,0,0,0,0
2008/07/11,0,5000,-7000,-2000
2008/07/14,0,0,0,0
2008/07/15,0,3000,-1000,2000
2008/07/16,0,288000,0,288000
2008/07/17,0,370000,0,370000
2008/07/18,0,400000,-616000,-216000
2008/07/21,0,14000,0,14000
2008/07/22,0,931000,0,931000
2008/07/23,0,822000,-163000,659000
2008/07/24,0,0,-48000,-48000
2008/07/25,0,0,-12899,-12899
2008/07/28,0,0,0,0
2008/07/29,0,2000,-475000,-473000
2008/07/30,0,3000,-69296,-66296
2008/07/31,0,1000,0,1000
2008/08/01,0,1000,0,1000
2008/08/04,0,1000,0,1000
2008/08/05,0,0,-930000,-930000
2008/08/06,0,3000,-820000,-817000
2008/08/07,0,0,0,0
2008/08/08,0,9000,0,9000
2008/08/11,0,0,0,0
2008/08/12,0,698000,-74000,624000
2008/08/13,0,0,0,0
2008/08/14,0,2000,0,2000
2008/08/15,0,0,0,0
2008/08/18,0,1000,0,1000
2008/08/19,0,1086000,-196000,890000
2008/08/20,0,118000,-4000,114000
2008/08/21,0,1003000,0,1003000
2008/08/22,0,1000,0,1000
2008/08/25,0,1000,-500000,-499000
2008/08/26,0,1000,-43000,-42000
2008/08/27,0,0,-17065,-17065
2008/08/28,0,0,0,0
2008/08/29,0,0,-3000,-3000
2008/09/01,0,0,0,0
2008/09/02,0,3000,0,3000
2008/09/03,0,20000,0,20000
2008/09/04,0,1405000,0,1405000
2008/09/05,0,5000,0,5000
2008/09/08,0,0,0,0
2008/09/09,0,18000,0,18000
2008/09/10,0,5000,0,5000
2008/09/11,0,0,0,0
2008/09/12,0,127000,0,127000
2008/09/15,0,0,-30000,-30000
2008/09/16,0,2000,0,2000
2008/09/17,0,200000,-206000,-6000
2008/09/18,0,2000,0,2000
2008/09/19,0,200000,-10399,189601
2008/09/22,0,3000,-1259880,-1256880
2008/09/23,0,9000,-123000,-114000
2008/09/24,0,0,-761880,-761880
2008/09/25,0,0,-5000,-5000
2008/09/26,0,1000,0,1000
2008/09/29,0,0,0,0
2008/09/30,0,555000,0,555000
2008/10/01,0,1000,-13720,-12720
2008/10/02,0,1000,-838,162
2008/10/03,0,0,-2643,-2643
2008/10/06,0,6000,-6000,0
2008/10/07,0,0,-6000,-6000
2008/10/08,0,0,-2000,-2000
2008/10/09,0,19000,-3000,16000
2008/10/10,0,0,0,0
2008/10/13,0,0,-1100000,-1100000
2008/10/14,0,0,-15000,-15000
2008/10/15,0,8000,0,8000
2008/10/16,0,6000,-810000,-804000
2008/10/17,0,0,-906000,-906000
2008/10/20,0,0,0,0
2008/10/21,0,0,0,0
2008/10/22,0,0,0,0
2008/10/23,0,0,-5183,-5183
2008/10/24,0,0,-5000,-5000
2008/10/27,0,0,-25000,-25000
2008/10/28,0,0,-1843000,-1843000
2008/10/29,0,0,-3000,-3000
2008/10/30,0,767000,-1449,765551
2008/10/31,0,0,0,0
2008/11/03,0,2000,0,2000
2008/11/04,0,0,0,0
2008/11/05,0,3000,0,3000
2008/11/06,0,0,-2000,-2000
2008/11/07,0,0,0,0
2008/11/10,0,2000,0,2000
2008/11/11,0,2000,0,2000
2008/11/12,0,0,-4000,-4000
2008/11/13,0,0,-324970,-324970
2008/11/14,0,1000,-17000,-16000
2008/11/17,0,8000,0,8000
2008/11/18,0,0,0,0
2008/11/19,0,0,-757000,-757000
2008/11/20,0,0,-210317,-210317
2008/11/21,0,0,-831000,-831000
2008/11/24,0,4000,-26000,-22000
2008/11/25,0,1539000,0,1539000
2008/11/26,0,1405000,0,1405000
2008/11/27,0,0,-456000,-456000
2008/11/28,0,0,0,0
2008/12/01,0,2015000,0,2015000
2008/12/02,0,1800000,0,1800000
2008/12/03,0,223000,-216000,7000
2008/12/04,0,227000,-546,226454
2008/12/05,0,0,0,0
2008/12/08,0,2000,0,2000
2008/12/09,0,21000,-655,20345
2008/12/10,0,0,0,0
2008/12/11,0,23000,0,23000
2008/12/12,0,0,-13000,-13000
2008/12/15,0,0,-2000,-2000
2008/12/16,0,0,0,0
2008/12/17,0,2000,0,2000
2008/12/18,0,4000,0,4000
2008/12/19,0,2224000,-2000,2222000
2008/12/22,0,6000,0,6000
2008/12/23,0,0,0,0
2008/12/24,0,0,0,0
2008/12/25,0,1000,0,1000
2008/12/26,0,1000,-5000,-4000
2008/12/29,0,0,0,0
2008/12/30,0,0,0,0
2008/12/31,0,0,0,0
2009/01/01,0,0,0,0
2009/01/02,0,0,0,0
2009/01/05,0,0,0,0
2009/01/06,0,79000,0,79000
2009/01/07,0,0,0,0
2009/01/08,0,0,0,0
2009/01/09,0,4000,0,4000
2009/01/12,0,3000,0,3000
2009/01/13,0,1000,-226000,-225000
2009/01/14,0,0,0,0
2009/01/15,0,0,0,0
2009/01/16,0,2000,-800000,-798000
2009/01/19,0,0,-1032000,-1032000
2009/01/20,0,0,-870000,-870000
2009/01/21,0,0,-401000,-401000
2009/01/22,0,0,0,0
2009/01/23,0,0,0,0
2009/01/26,0,0,0,0
2009/01/27,0,0,0,0
2009/01/28,0,0,0,0
2009/01/29,0,0,0,0
2009/01/30,0,0,0,0
2009/02/02,0,0,0,0
2009/02/03,0,17000,-840000,-823000
2009/02/04,0,0,-950000,-950000
2009/02/05,0,0,-1065000,-1065000
2009/02/06,0,1000,-1400000,-1399000
2009/02/09,0,0,-2002000,-2002000
2009/02/10,0,0,0,0
2009/02/11,0,0,-3000,-3000
2009/02/12,0,0,-2237588,-2237588
2009/02/13,0,0,0,0
2009/02/16,0,784000,0,784000
2009/02/17,0,1000,0,1000
2009/02/18,0,4000,0,4000
2009/02/19,0,0,0,0
2009/02/20,0,0,-202000,-202000
2009/02/23,0,0,0,0
2009/02/24,0,0,0,0
2009/02/25,0,0,0,0
2009/02/26,0,0,0,0
2009/02/27,0,1000,0,1000
2009/03/02,0,21000,0,21000
2009/03/03,0,0,-250000,-250000
2009/03/04,0,0,0,0
2009/03/05,0,586000,0,586000
2009/03/06,0,0,0,0
2009/03/09,0,7450000,-2000,7448000
2009/03/10,0,0,-161000,-161000
2009/03/11,0,1303000,0,1303000
2009/03/12,0,0,-39000,-39000
2009/03/13,0,7000,-4000,3000
2009/03/16,0,4501000,-2000,4499000
2009/03/17,0,0,-579983,-579983
2009/03/18,0,0,-307000,-307000
2009/03/19,0,0,0,0
2009/03/20,0,0,-2000,-2000
2009/03/23,0,0,-1092000,-1092000
2009/03/24,0,0,-8000,-8000
2009/03/25,0,0,0,0
2009/03/26,0,350000,0,350000
2009/03/27,0,300000,-35000,265000
2009/03/30,0,0,0,0
2009/03/31,0,200000,-4000,196000
2009/04/01,0,0,-185000,-185000
2009/04/02,0,1000,-5000,-4000
2009/04/03,0,0,-3000,-3000
2009/04/06,0,0,-701000,-701000
2009/04/07,0,3000,-2600000,-2597000
2009/04/08,0,100000,-1985000,-1885000
2009/04/09,0,200000,-1000,199000
2009/04/10,0,0,0,0
2009/04/13,0,0,-678000,-678000
2009/04/14,0,0,-620000,-620000
2009/04/15,0,200000,0,200000
2009/04/16,0,0,-5000,-5000
2009/04/17,0,0,-9000,-9000
2009/04/20,0,200000,-1436000,-1236000
2009/04/21,0,3000,0,3000
2009/04/22,0,300000,-11000,289000
2009/04/23,0,0,-2000,-2000
2009/04/24,0,0,-11000,-11000
2009/04/27,0,1000,0,1000
2009/04/28,0,1000,-12000,-11000
2009/04/29,0,0,0,0
2009/04/30,0,0,-14000,-14000
2009/05/01,0,0,0,0
2009/05/04,0,342000,-1000,341000
2009/05/05,0,12000,-530000,-518000
2009/05/06,0,916000,-38000,878000
2009/05/07,0,0,-908000,-908000
2009/05/08,0,0,-32000,-32000
2009/05/11,0,1000,0,1000
2009/05/12,0,2000,0,2000
2009/05/13,0,0,-5367000,-5367000
2009/05/14,0,0,0,0
2009/05/15,0,6000,-900000,-894000
2009/05/18,0,0,-1031596,-1031596
2009/05/19,0,2000,0,2000
2009/05/20,0,2000,-2000,0
2009/05/21,0,0,0,0
2009/05/22,0,0,-3000,-3000
2009/05/25,0,3000,-3000,0
2009/05/26,0,0,-374000,-374000
2009/05/27,0,18000,-26000,-8000
2009/05/28,0,0,0,0
2009/05/29,0,0,0,0
2009/06/01,0,0,-12000,-12000
2009/06/02,0,0,-28000,-28000
2009/06/03,0,808000,0,808000
2009/06/04,0,29000,0,29000
2009/06/05,0,0,0,0
2009/06/08,0,29000,0,29000
2009/06/09,0,37000,0,37000
2009/06/10,0,15000,-206000,-191000
2009/06/11,0,17000,0,17000
2009/06/12,0,0,0,0
2009/06/15,0,3000,-698000,-695000
2009/06/16,0,4000,-806000,-802000
2009/06/17,0,4000,0,4000
2009/06/18,0,4000,0,4000
2009/06/19,0,0,-11000,-11000
2009/06/22,0,4000,0,4000
2009/06/23,0,0,-8000,-8000
2009/06/24,0,1000,-2000,-1000
2009/06/25,0,1000,0,1000
2009/06/26,0,0,0,0
2009/06/29,0,0,0,0
2009/06/30,0,0,0,0
2009/07/01,0,3000,0,3000
2009/07/02,0,0,0,0
2009/07/03,0,0,-6000,-6000
2009/07/06,0,0,-23000,-23000
2009/07/07,0,2000,0,2000
2009/07/08,0,0,-2000,-2000
2009/07/09,0,0,0,0
2009/07/10,0,0,-2000,-2000
2009/07/13,0,1000,-3000,-2000
2009/07/14,0,0,-8000,-8000
2009/07/15,0,0,-37000,-37000
2009/07/16,0,0,-62000,-62000
2009/07/17,0,0,-657272,-657272
2009/07/20,0,0,-93957,-93957
2009/07/21,0,0,-3000,-3000
2009/07/22,0,0,-4000,-4000
2009/07/23,0,0,-2000,-2000
2009/07/24,0,0,-2000,-2000
2009/07/27,0,0,0,0
2009/07/28,0,0,-15000,-15000
2009/07/29,0,400000,0,400000
2009/07/30,0,0,-3000,-3000
2009/07/31,0,0,0,0
2009/08/03,0,0,0,0
2009/08/04,0,0,0,0
2009/08/05,0,0,-286000,-286000
2009/08/06,0,0,0,0
2009/08/07,0,0,0,0
2009/08/10,0,5000,0,5000
2009/08/11,0,2000,0,2000
2009/08/12,0,0,0,0
2009/08/13,0,0,0,0
2009/08/14,0,0,0,0
2009/08/17,0,0,-1000,-1000
2009/08/18,0,2000,0,2000
2009/08/19,0,1000,0,1000
2009/08/20,0,1000,0,1000
2009/08/21,0,0,0,0
2009/08/24,0,2000,-182,1818
2009/08/25,0,0,-15000,-15000
2009/08/26,0,0,0,0
2009/08/27,0,3000,-15000,-12000
2009/08/28,0,0,0,0
2009/08/31,0,0,0,0
2009/09/01,0,0,0,0
2009/09/02,0,0,0,0
2009/09/03,0,0,-2000,-2000
2009/09/04,0,0,-3000,-3000
2009/09/07,0,0,-2000,-2000
2009/09/08,0,0,0,0
2009/09/09,0,10000,-254712,-244712
2009/09/10,0,0,0,0
2009/09/11,0,0,0,0
2009/09/14,0,0,-23000,-23000
2009/09/15,0,0,0,0
2009/09/16,0,0,0,0
2009/09/17,0,0,0,0
2009/09/18,0,0,-1052,-1052
2009/09/21,0,0,-1000,-1000
2009/09/22,0,0,0,0
2009/09/23,0,0,-1000,-1000
2009/09/24,0,0,0,0
2009/09/25,0,0,0,0
2009/09/28,0,0,0,0
2009/09/29,0,3000,0,3000
2009/09/30,0,0,0,0
2009/10/01,0,0,0,0
2009/10/02,0,0,0,0
2009/10/05,0,0,0,0
2009/10/06,0,0,0,0
2009/10/07,0,0,0,0
2009/10/08,0,0,0,0
2009/10/09,0,1000,0,1000
2009/10/12,0,0,0,0
2009/10/13,0,2000,0,2000
2009/10/14,0,0,-6000,-6000
2009/10/15,0,0,0,0
2009/10/16,0,0,0,0
2009/10/19,0,4000,0,4000
2009/10/20,0,200000,0,200000
2009/10/21,0,200000,-3000,197000
2009/10/22,0,200000,0,200000
2009/10/23,0,200000,0,200000
2009/10/26,0,0,0,0
2009/10/27,0,2002000,0,2002000
2009/10/28,0,0,-1000,-1000
2009/10/29,0,1000,0,1000
2009/10/30,0,0,0,0
2009/11/02,0,2000,0,2000
2009/11/03,0,2000,0,2000
2009/11/04,0,1000,0,1000
2009/11/05,0,2000,0,2000
2009/11/06,0,1000,0,1000
2009/11/09,0,2000,0,2000
2009/11/10,0,1000,-10000,-9000
2009/11/11,0,0,0,0
2009/11/12,0,0,-405000,-405000
2009/11/13,0,110000,-6000,104000
2009/11/16,0,1000,0,1000
2009/11/17,0,0,0,0
2009/11/18,0,0,-3000,-3000
2009/11/19,0,0,-1000000,-1000000
2009/11/20,0,0,-2000,-2000
2009/11/23,0,0,0,0
2009/11/24,0,0,0,0
2009/11/25,0,0,0,0
2009/11/26,0,0,0,0
2009/11/27,0,0,0,0
2009/11/30,0,0,-1000,-1000
2009/12/01,0,0,0,0
2009/12/02,0,0,0,0
2009/12/03,0,0,0,0
2009/12/04,0,0,-2000,-2000
2009/12/07,0,2619000,0,2619000
2009/12/08,0,2537000,0,2537000
2009/12/09,0,0,0,0
2009/12/10,0,0,-16000,-16000
2009/12/11,0,1579000,0,1579000
2009/12/14,0,300000,-114000,186000
2009/12/15,0,0,0,0
2009/12/16,0,0,-14000,-14000
2009/12/17,0,916000,0,916000
2009/12/18,0,0,0,0
2009/12/21,0,0,-169000,-169000
2009/12/22,0,0,-1000,-1000
2009/12/23,0,0,0,0
2009/12/24,0,0,-80000,-80000
2009/12/25,0,0,-3000,-3000
2009/12/28,0,17000,0,17000
2009/12/29,0,157000,0,157000
2009/12/30,0,78000,0,78000
2009/12/31,0,0,-75000,-75000
2010/01/01,0,0,0,0
2010/01/04,0,6000,0,6000
2010/01/05,0,0,-2000,-2000
2010/01/06,0,0,-145000,-145000
2010/01/07,0,0,-3000,-3000
2010/01/08,0,326000,-4000,322000
2010/01/11,0,6846000,0,6846000
2010/01/12,0,932000,-5000,927000
2010/01/13,0,0,0,0
2010/01/14,0,214000,0,214000
2010/01/15,0,3150000,-1000,3149000
2010/01/18,0,1999000,-1000000,999000
2010/01/19,0,1502000,-3000,1499000
2010/01/20,0,0,-4000,-4000
2010/01/21,0,0,0,0
2010/01/22,0,0,0,0
2010/01/25,0,0,-6000,-6000
2010/01/26,0,0,0,0
2010/01/27,0,1120000,0,1120000
2010/01/28,0,5000,0,5000
2010/01/29,0,6000,-4388000,-4382000
2010/02/01,0,6000,-1100000,-1094000
2010/02/02,0,0,-3313000,-3313000
2010/02/03,0,823000,0,823000
2010/02/04,0,4000,-627000,-623000
2010/02/05,0,3000,0,3000
2010/02/08,0,6000,0,6000
2010/02/09,0,6000,0,6000
2010/02/10,0,0,-289000,-289000
2010/02/11,0,0,0,0
2010/02/12,0,0,0,0
2010/02/15,0,0,0,0
2010/02/16,0,0,0,0
2010/02/17,0,0,0,0
2010/02/18,0,0,0,0
2010/02/19,0,0,0,0
2010/02/22,0,5000,0,5000
2010/02/23,0,7000,0,7000
2010/02/24,0,1000,-200000,-199000
2010/02/25,0,0,-669000,-669000
2010/02/26,0,4000,0,4000
2010/03/01,0,3000,0,3000
2010/03/02,0,0,0,0
2010/03/03,0,0,-719000,-719000
2010/03/04,0,0,-3000,-3000
2010/03/05,0,0,0,0
2010/03/08,0,0,0,0
2010/03/09,0,102000,0,102000
2010/03/10,0,0,-5000,-5000
2010/03/11,0,0,0,0
2010/03/12,0,1139000,0,1139000
2010/03/15,0,800000,0,800000
2010/03/16,0,0,0,0
2010/03/17,0,790000,-1000,789000
2010/03/18,0,268000,-6000,262000
2010/03/19,0,1134000,-7000,1127000
2010/03/22,0,0,-6000,-6000
2010/03/23,0,3000,-707000,-704000
2010/03/24,0,0,0,0
2010/03/25,0,546000,-7000,539000
2010/03/26,0,0,0,0
2010/03/29,0,7000,-9000,-2000
2010/03/30,0,880000,0,880000
2010/03/31,0,0,-5000,-5000
2010/04/01,0,658000,0,658000
2010/04/02,0,0,-5000,-5000
2010/04/05,0,0,0,0
2010/04/06,0,0,-2188000,-2188000
2010/04/07,0,0,-1189000,-1189000
2010/04/08,0,0,-1968000,-1968000
2010/04/09,0,0,-784000,-784000
2010/04/12,0,0,-3000,-3000
2010/04/13,0,0,-5000,-5000
2010/04/14,0,0,-301000,-301000
2010/04/15,0,0,-4000,-4000
2010/04/16,0,0,-237000,-237000
2010/04/19,0,0,-199000,-199000
2010/04/20,0,2000,-522000,-520000
2010/04/21,0,0,0,0
2010/04/22,0,0,-837000,-837000
2010/04/23,0,0,0,0
2010/04/26,0,0,0,0
2010/04/27,0,0,-1746000,-1746000
2010/04/28,0,0,-291000,-291000
2010/04/29,0,0,0,0
2010/04/30,0,0,0,0
2010/05/03,0,0,0,0
2010/05/04,0,0,0,0
2010/05/05,0,10000,-1295000,-1285000
2010/05/06,0,0,0,0
2010/05/07,0,32000,-373000,-341000
2010/05/10,0,6000,-59000,-53000
2010/05/11,0,4000,0,4000
2010/05/12,0,0,-4000,-4000
2010/05/13,0,2000,-22000,-20000
2010/05/14,0,12000,0,12000
2010/05/17,0,0,-405000,-405000
2010/05/18,0,1000,-400000,-399000
2010/05/19,0,0,0,0
2010/05/20,0,5000,0,5000
2010/05/21,0,0,0,0
2010/05/24,0,0,-6000,-6000
2010/05/25,0,2000,0,2000
2010/05/26,0,6000,0,6000
2010/05/27,0,7000,0,7000
2010/05/28,0,0,-4000,-4000
2010/05/31,0,0,0,0
2010/06/01,0,1000,0,1000
2010/06/02,0,0,0,0
2010/06/03,0,0,0,0
2010/06/04,0,0,0,0
2010/06/07,0,73000,0,73000
2010/06/08,0,6000,-1000,5000
2010/06/09,0,0,0,0
2010/06/10,0,7000,-1120,5880
2010/06/11,0,0,0,0
2010/06/14,0,4000,0,4000
2010/06/15,0,117000,0,117000
2010/06/16,0,0,0,0
2010/06/17,0,0,0,0
2010/06/18,0,0,0,0
2010/06/21,0,700000,0,700000
2010/06/22,0,0,-5000,-5000
2010/06/23,0,0,-3000,-3000
2010/06/24,0,0,-58000,-58000
2010/06/25,0,0,-95000,-95000
2010/06/28,0,0,0,0
2010/06/29,0,5000,0,5000
2010/06/30,0,0,0,0
2010/07/01,0,0,0,0
2010/07/02,0,0,0,0
2010/07/05,0,0,0,0
2010/07/06,0,2000,0,2000
2010/07/07,0,0,0,0
2010/07/08,0,0,0,0
2010/07/09,0,1085000,0,1085000
2010/07/12,0,351000,0,351000
2010/07/13,0,600000,0,600000
2010/07/14,0,588000,0,588000
2010/07/15,0,237000,-204000,33000
2010/07/16,0,0,0,0
2010/07/19,0,75000,0,75000
2010/07/20,0,0,0,0
2010/07/21,0,0,-4000,-4000
2010/07/22,0,0,-296000,-296000
2010/07/23,0,110000,0,110000
2010/07/26,0,1000000,-325000,675000
2010/07/27,0,0,-116000,-116000
2010/07/28,0,220000,0,220000
2010/07/29,0,200000,0,200000
2010/07/30,0,0,-10000,-10000
2010/08/02,0,300000,-5000,295000
2010/08/03,0,0,0,0
2010/08/04,0,0,-10000,-10000
2010/08/05,0,0,-12000,-12000
2010/08/06,0,0,-8000,-8000
2010/08/09,0,0,0,0
2010/08/10,0,300000,0,300000
2010/08/11,0,0,0,0
2010/08/12,0,0,-13000,-13000
2010/08/13,0,1000,-2000,-1000
2010/08/16,0,0,-3000,-3000
2010/08/17,0,2000,0,2000
2010/08/18,0,0,-3000,-3000
2010/08/19,0,0,-23145,-23145
2010/08/20,0,0,-1000,-1000
2010/08/23,0,0,0,0
2010/08/24,0,0,-5000,-5000
2010/08/25,0,0,-6000,-6000
2010/08/26,0,0,-3000,-3000
2010/08/27,0,3000,0,3000
2010/08/30,0,5000,0,5000
2010/08/31,0,0,-1888000,-1888000
2010/09/01,0,0,-4255000,-4255000
2010/09/02,0,4000,0,4000
2010/09/03,0,2000,0,2000
2010/09/06,0,0,-257000,-257000
2010/09/07,0,0,-1360000,-1360000
2010/09/08,0,0,-1912000,-1912000
2010/09/09,0,0,-692000,-692000
2010/09/10,0,0,0,0
2010/09/13,0,0,0,0
2010/09/14,0,0,0,0
2010/09/15,0,7000,0,7000
2010/09/16,0,0,-298000,-298000
2010/09/17,0,0,-1182000,-1182000
2010/09/20,0,0,-3000,-3000
2010/09/21,0,0,-5000,-5000
2010/09/22,0,0,0,0
2010/09/23,0,2372000,-5000,2367000
2010/09/24,0,0,-6000,-6000
2010/09/27,0,0,-3000,-3000
2010/09/28,0,0,0,0
2010/09/29,0,0,0,0
2010/09/30,0,0,-13000,-13000
2010/10/01,0,0,0,0
2010/10/04,0,0,0,0
2010/10/05,0,0,-1825000,-1825000
2010/10/06,0,0,-550000,-550000
2010/10/07,0,0,0,0
2010/10/08,0,0,0,0
2010/10/11,0,0,0,0
2010/10/12,0,0,-4000,-4000
2010/10/13,0,0,-66000,-66000
2010/10/14,0,6000,0,6000
2010/10/15,0,0,0,0
2010/10/18,0,1000,-2000,-1000
2010/10/19,0,9000,0,9000
2010/10/20,0,0,0,0
2010/10/21,0,0,0,0
2010/10/22,0,0,0,0
2010/10/25,0,0,0,0
2010/10/26,0,0,0,0
2010/10/27,0,30000,0,30000
2010/10/28,0,0,0,0
2010/10/29,0,0,0,0
2010/11/01,0,0,0,0
2010/11/02,0,0,0,0
2010/11/03,0,0,0,0
2010/11/04,0,0,0,0
2010/11/05,0,0,0,0
2010/11/08,0,0,0,0
2010/11/09,0,9000,0,9000
2010/11/10,0,0,-4000,-4000
2010/11/11,0,5000,0,5000
2010/11/12,0,0,-2000,-2000
2010/11/15,0,0,-1000,-1000
2010/11/16,0,0,-2000,-2000
2010/11/17,0,0,0,0
2010/11/18,0,0,0,0
2010/11/19,0,2000,0,2000
2010/11/22,0,0,0,0
2010/11/23,0,26000,0,26000
2010/11/24,0,0,0,0
2010/11/25,0,0,0,0
2010/11/26,0,24000,0,24000
2010/11/29,0,0,0,0
2010/11/30,0,0,-3000,-3000
2010/12/01,0,0,-8000,-8000
2010/12/02,0,198000,-10000,188000
2010/12/03,0,281000,-6000,275000
2010/12/06,0,0,-20000,-20000
2010/12/07,0,500000,0,500000
2010/12/08,0,0,-7000,-7000
2010/12/09,0,0,-8000,-8000
2010/12/10,0,0,0,0
2010/12/13,0,0,-3000,-3000
2010/12/14,0,0,-14000,-14000
2010/12/15,0,0,0,0
2010/12/16,0,0,-5000,-5000
2010/12/17,0,0,-21000,-21000
2010/12/20,0,0,-5000,-5000
2010/12/21,0,1000,-500000,-499000
2010/12/22,0,5000,0,5000
2010/12/23,0,0,0,0
2010/12/24,0,0,0,0
2010/12/27,0,0,-3000,-3000
2010/12/28,0,0,0,0
2010/12/29,0,0,0,0
2010/12/30,0,1500000,-715,1499285
2010/12/31,0,0,0,0
2011/01/03,0,2000000,0,2000000
2011/01/04,0,2000000,-7000,1993000
2011/01/05,0,6795000,0,6795000
2011/01/06,0,2412000,-6000,2406000
2011/01/07,0,2400000,0,2400000
2011/01/10,0,2963000,-245000,2718000
2011/01/11,0,1700000,0,1700000
2011/01/12,0,1015000,0,1015000
2011/01/13,0,1500000,0,1500000
2011/01/14,0,419000,-228000,191000
2011/01/17,0,2594000,0,2594000
2011/01/18,0,347000,0,347000
2011/01/19,0,2680000,-62000,2618000
2011/01/20,0,2117000,-5000,2112000
2011/01/21,0,1000000,-5000,995000
2011/01/24,0,300000,0,300000
2011/01/25,0,3000,-2000000,-1997000
2011/01/26,0,611000,-179000,432000
2011/01/27,0,0,-500000,-500000
2011/01/28,0,0,-510000,-510000
2011/01/31,0,0,0,0
2011/02/01,0,0,0,0
2011/02/02,0,0,0,0
2011/02/03,0,0,0,0
2011/02/04,0,0,0,0
2011/02/07,0,0,0,0
2011/02/08,0,0,-300000,-300000
2011/02/09,0,0,-300000,-300000
2011/02/10,0,0,-1881000,-1881000
2011/02/11,0,13000,0,13000
2011/02/14,0,0,-453000,-453000
2011/02/15,0,15000,0,15000
2011/02/16,0,0,-325000,-325000
2011/02/17,0,0,-1046000,-1046000
2011/02/18,0,0,0,0
2011/02/21,0,0,-6000,-6000
2011/02/22,0,0,-1453000,-1453000
2011/02/23,0,0,-89000,-89000
2011/02/24,0,5000,-863000,-858000
2011/02/25,0,3000,-2650000,-2647000
2011/02/28,0,0,0,0
2011/03/01,0,0,-1689000,-1689000
2011/03/02,0,0,0,0
2011/03/03,0,0,-500000,-500000
2011/03/04,0,0,0,0
2011/03/07,0,0,0,0
2011/03/08,0,0,-700000,-700000
2011/03/09,0,0,-755000,-755000
2011/03/10,0,0,-4254000,-4254000
2011/03/11,0,5000,-60000,-55000
2011/03/14,0,5000,-600000,-595000
2011/03/15,0,3000,-691000,-688000
2011/03/16,0,0,-900000,-900000
2011/03/17,0,73000,0,73000
2011/03/18,0,0,0,0
2011/03/21,0,0,-89000,-89000
2011/03/22,0,0,0,0
2011/03/23,0,0,0,0
2011/03/24,0,0,0,0
2011/03/25,0,0,-800000,-800000
2011/03/28,0,0,0,0
2011/03/29,0,0,0,0
2011/03/30,0,86000,0,86000
2011/03/31,0,94000,-680000,-586000
2011/04/01,0,0,-1099000,-1099000
2011/04/04,0,0,0,0
2011/04/05,0,0,0,0
2011/04/06,0,0,0,0
2011/04/07,0,0,-657000,-657000
2011/04/08,0,0,0,0
2011/04/11,0,0,-113000,-113000
2011/04/12,0,0,-7000,-7000
2011/04/13,0,0,0,0
2011/04/14,0,0,-163000,-163000
2011/04/15,0,0,0,0
2011/04/18,0,0,-31000,-31000
2011/04/19,0,4000,0,4000
2011/04/20,0,0,-2200000,-2200000
2011/04/21,0,0,0,0
2011/04/22,0,0,0,0
2011/04/25,0,0,-4000,-4000
2011/04/26,0,0,-5000,-5000
2011/04/27,0,139000,0,139000
2011/04/28,0,0,0,0
2011/04/29,0,0,0,0
2011/05/02,0,0,0,0
2011/05/03,0,0,0,0
2011/05/04,0,0,0,0
2011/05/05,0,0,0,0
2011/05/06,0,0,0,0
2011/05/09,0,2000,0,2000
2011/05/10,0,0,0,0
2011/05/11,0,0,0,0
2011/05/12,0,6000,-3000,3000
2011/05/13,0,0,-82000,-82000
2011/05/16,0,2000,0,2000
2011/05/17,0,2000,0,2000
2011/05/18,0,0,-1200000,-1200000
2011/05/19,0,2000,0,2000
2011/05/20,0,0,-1000,-1000
2011/05/23,0,0,-361000,-361000
2011/05/24,0,0,0,0
2011/05/25,0,0,0,0
2011/05/26,0,0,0,0
2011/05/27,0,0,0,0
2011/05/30,0,2000,0,2000
2011/05/31,0,4682000,0,4682000
2011/06/01,0,1987000,0,1987000
2011/06/02,0,246000,0,246000
2011/06/03,0,3020000,0,3020000
2011/06/06,0,0,0,0
2011/06/07,0,408000,0,408000
2011/06/08,0,3000,0,3000
2011/06/09,0,0,0,0
2011/06/10,0,50000,0,50000
2011/06/13,0,0,0,0
2011/06/14,0,6000,0,6000
2011/06/15,0,0,-86000,-86000
2011/06/16,0,0,0,0
2011/06/17,0,11000,-1700000,-1689000
2011/06/20,0,5000,-95000,-90000
2011/06/21,0,7000,0,7000
2011/06/22,0,265000,0,265000
2011/06/23,0,3000,-2164000,-2161000
2011/06/24,0,4000,-1022000,-1018000
2011/06/27,0,0,0,0
2011/06/28,0,11000,-10000,1000
2011/06/29,0,14000,0,14000
2011/06/30,0,4000,0,4000
2011/07/01,0,1000,-800000,-799000
2011/07/04,0,0,0,0
2011/07/05,0,0,-162000,-162000
2011/07/06,0,0,-566000,-566000
2011/07/07,0,0,0,0
2011/07/08,0,0,-203000,-203000
2011/07/11,0,0,-650000,-650000
2011/07/12,0,3000,-3226000,-3223000
2011/07/13,0,7000,0,7000
2011/07/14,0,0,-2617000,-2617000
2011/07/15,0,7000,0,7000
2011/07/18,0,38000,0,38000
2011/07/19,0,5000,0,5000
2011/07/20,0,5000,0,5000
2011/07/21,0,3000,0,3000
2011/07/22,0,0,-7000,-7000
2011/07/25,0,0,-9000,-9000
2011/07/26,0,0,0,0
2011/07/27,0,0,-6000,-6000
2011/07/28,0,0,-7000,-7000
2011/07/29,0,0,0,0
2011/08/01,0,3000,0,3000
2011/08/02,0,0,-2000,-2000
2011/08/03,0,514000,0,514000
2011/08/04,0,29000,0,29000
2011/08/05,0,22000,-900000,-878000
2011/08/08,0,19000,0,19000
2011/08/09,0,30000,0,30000
2011/08/10,0,34000,0,34000
2011/08/11,0,16000,0,16000
2011/08/12,0,1000,0,1000
2011/08/15,0,2000,0,2000
2011/08/16,0,0,-135000,-135000
2011/08/17,0,3000,-2000,1000
2011/08/18,0,3000,0,3000
2011/08/19,0,3000,-1000,2000
2011/08/22,0,1000,0,1000
2011/08/23,0,3000,0,3000
2011/08/24,0,0,0,0
2011/08/25,0,0,0,0
2011/08/26,0,3000,0,3000
2011/08/29,0,5000,0,5000
2011/08/30,0,0,0,0
2011/08/31,0,0,0,0
2011/09/01,0,0,-1000,-1000
2011/09/02,0,0,-4000,-4000
2011/09/05,0,0,-3000,-3000
2011/09/06,0,0,0,0
2011/09/07,0,7000,0,7000
2011/09/08,0,0,-1500000,-1500000
2011/09/09,0,0,0,0
2011/09/12,0,0,0,0
2011/09/13,0,0,-2258,-2258
2011/09/14,0,4000,-3000,1000
2011/09/15,0,0,-219000,-219000
2011/09/16,0,1000,0,1000
2011/09/19,0,1000,0,1000
2011/09/20,0,0,0,0
2011/09/21,0,0,-7172,-7172
2011/09/22,0,0,0,0
2011/09/23,0,2000,0,2000
2011/09/26,0,6000,0,6000
2011/09/27,0,3000,0,3000
2011/09/28,0,0,-1000,-1000
2011/09/29,0,2000,0,2000
2011/09/30,0,0,0,0
2011/10/03,0,0,-1000,-1000
2011/10/04,0,3000,0,3000
2011/10/05,0,1000,0,1000
2011/10/06,0,0,0,0
2011/10/07,0,1000,0,1000
2011/10/10,0,0,0,0
2011/10/11,0,0,0,0
2011/10/12,0,0,0,0
2011/10/13,0,0,0,0
2011/10/14,0,3000,-1000,2000
2011/10/17,0,0,-1615,-1615
2011/10/18,0,29875,0,29875
2011/10/19,0,0,0,0
2011/10/20,0,0,0,0
2011/10/21,0,0,0,0
2011/10/24,0,3000,0,3000
2011/10/25,0,0,0,0
2011/10/26,0,0,0,0
2011/10/27,0,2000,0,2000
2011/10/28,0,2000,0,2000
2011/10/31,0,0,-2000,-2000
2011/11/01,0,0,-3000,-3000
2011/11/02,0,0,0,0
2011/11/03,0,1000,0,1000
2011/11/04,0,0,-5000,-5000
2011/11/07,0,0,0,0
2011/11/08,0,2000,0,2000
2011/11/09,0,0,0,0
2011/11/10,0,1000,0,1000
2011/11/11,0,0,-1000,-1000
2011/11/14,0,3000,-48438,-45438
2011/11/15,0,0,-1000,-1000
2011/11/16,0,0,0,0
2011/11/17,0,2000,0,2000
2011/11/18,0,1000,0,1000
2011/11/21,0,3000,0,3000
2011/11/22,0,2000,-3000,-1000
2011/11/23,0,5000,0,5000
2011/11/24,0,3000,0,3000
2011/11/25,0,8000,0,8000
2011/11/28,0,1000,0,1000
2011/11/29,0,2000,0,2000
2011/11/30,0,0,-1000,-1000
2011/12/01,0,0,-8000,-8000
2011/12/02,0,0,0,0
2011/12/05,0,0,-2000,-2000
2011/12/06,0,0,0,0
2011/12/07,0,1000,0,1000
2011/12/08,0,0,0,0
2011/12/09,0,6878,0,6878
2011/12/12,0,0,0,0
2011/12/13,0,0,0,0
2011/12/14,0,50000,0,50000
2011/12/15,0,48000,0,48000
2011/12/16,0,1000,0,1000
2011/12/19,0,2000,0,2000
2011/12/20,0,2000,-130000,-128000
2011/12/21,0,0,0,0
2011/12/22,0,3000,0,3000
2011/12/23,0,0,-2000,-2000
2011/12/26,0,0,0,0
2011/12/27,0,4000,0,4000
2011/12/28,0,0,-2000,-2000
2011/12/29,0,0,0,0
2011/12/30,0,0,-4000,-4000
2012/01/02,0,5000,0,5000
2012/01/03,0,0,-7000,-7000
2012/01/04,0,300000,0,300000
2012/01/05,0,400230,-2000,398230
2012/01/06,0,0,-1000,-1000
2012/01/09,0,1000000,0,1000000
2012/01/10,0,500000,-1000,499000
2012/01/11,0,300000,-3000,297000
2012/01/12,0,300000,-5000,295000
2012/01/13,0,0,-9000,-9000
2012/01/16,0,0,-2000,-2000
2012/01/17,0,300000,0,300000
2012/01/18,0,0,-3000,-3000
2012/01/19,0,0,0,0
2012/01/20,0,0,0,0
2012/01/23,0,0,0,0
2012/01/24,0,0,0,0
2012/01/25,0,0,0,0
2012/01/26,0,0,0,0
2012/01/27,0,0,0,0
2012/01/30,0,400000,-1000,399000
2012/01/31,0,2300000,-1000,2299000
2012/02/01,0,0,-4000,-4000
2012/02/02,0,0,-3000,-3000
2012/02/03,0,0,-4000,-4000
2012/02/06,0,1388000,-7000,1381000
2012/02/07,0,1000000,-350000,650000
2012/02/08,0,0,-152000,-152000
2012/02/09,0,617295,-509000,108295
2012/02/10,0,147000,-500000,-353000
2012/02/13,0,0,0,0
2012/02/14,0,106000,-6000,100000
2012/02/15,0,0,-7000,-7000
2012/02/16,0,3000,0,3000
2012/02/17,0,15000,-1188000,-1173000
2012/02/20,0,0,-2000,-2000
2012/02/21,0,0,0,0
2012/02/22,0,0,0,0
2012/02/23,0,0,-3000,-3000
2012/02/24,0,0,-11000,-11000
2012/02/27,0,0,0,0
2012/02/28,0,0,0,0
2012/02/29,0,0,-1000,-1000
2012/03/01,0,0,0,0
2012/03/02,0,0,-6000,-6000
2012/03/05,0,0,-1000,-1000
2012/03/06,0,0,-1000,-1000
2012/03/07,0,0,0,0
2012/03/08,0,14859,-4000,10859
2012/03/09,0,0,0,0
2012/03/12,0,0,-2000,-2000
2012/03/13,0,0,-3000,-3000
2012/03/14,0,7000,-95000,-88000
2012/03/15,0,0,-96000,-96000
2012/03/16,0,0,-3000,-3000
2012/03/19,0,0,0,0
2012/03/20,0,700000,-2000,698000
2012/03/21,0,900000,0,900000
2012/03/22,0,0,0,0
2012/03/23,0,0,0,0
2012/03/26,0,0,-1000,-1000
2012/03/27,0,0,0,0
2012/03/28,0,0,0,0
2012/03/29,0,0,0,0
2012/03/30,0,0,-2000,-2000
2012/04/02,0,0,0,0
2012/04/03,0,0,0,0
2012/04/04,0,0,0,0
2012/04/05,0,0,-25860,-25860
2012/04/06,0,700000,0,700000
2012/04/09,0,0,-3000,-3000
2012/04/10,0,0,0,0
2012/04/11,0,0,0,0
2012/04/12,0,0,0,0
2012/04/13,0,0,0,0
2012/04/16,0,33000,0,33000
2012/04/17,0,0,0,0
2012/04/18,0,0,0,0
2012/04/19,0,3000,0,3000
2012/04/20,0,0,0,0
2012/04/23,0,1000,0,1000
2012/04/24,0,5000,0,5000
2012/04/25,0,0,0,0
2012/04/26,0,0,0,0
2012/04/27,0,0,0,0
2012/04/30,0,0,0,0
2012/05/01,0,0,0,0
2012/05/02,0,14000,0,14000
2012/05/03,0,10217,0,10217
2012/05/04,0,0,-1000,-1000
2012/05/07,0,0,0,0
2012/05/08,0,0,0,0
2012/05/09,0,0,0,0
2012/05/10,0,0,0,0
2012/05/11,0,0,0,0
2012/05/14,0,0,0,0
2012/05/15,0,11000,0,11000
2012/05/16,0,121000,0,121000
2012/05/17,0,0,-2000,-2000
2012/05/18,0,0,-500000,-500000
2012/05/21,0,0,0,0
2012/05/22,0,0,0,0
2012/05/23,0,0,-206000,-206000
2012/05/24,0,0,-300000,-300000
2012/05/25,0,7000,0,7000
2012/05/28,0,0,0,0
2012/05/29,0,3000,0,3000
2012/05/30,0,16243,0,16243
2012/05/31,0,0,0,0
2012/06/01,0,0,0,0
2012/06/04,0,8000,0,8000
2012/06/05,0,5000,-500000,-495000
2012/06/06,0,0,-700000,-700000
2012/06/07,0,0,0,0
2012/06/08,0,0,0,0
2012/06/11,0,0,-700000,-700000
2012/06/12,0,0,0,0
2012/06/13,0,0,-71000,-71000
2012/06/14,0,0,-73000,-73000
2012/06/15,0,0,-600000,-600000
2012/06/18,0,0,-700000,-700000
2012/06/19,0,0,0,0
2012/06/20,0,0,0,0
2012/06/21,0,0,0,0
2012/06/22,0,0,0,0
2012/06/25,0,0,0,0
2012/06/26,0,0,-44915,-44915
2012/06/27,0,0,0,0
2012/06/28,0,0,-5000,-5000
2012/06/29,0,0,-300000,-300000
2012/07/02,0,0,-3000,-3000
2012/07/03,0,3000,0,3000
2012/07/04,0,0,0,0
2012/07/05,0,4051000,-1000,4050000
2012/07/06,0,4780000,0,4780000
2012/07/09,0,1561000,0,1561000
2012/07/10,0,495000,0,495000
2012/07/11,0,0,0,0
2012/07/12,0,400000,0,400000
2012/07/13,0,342000,0,342000
2012/07/16,0,0,-1230000,-1230000
2012/07/17,0,459000,0,459000
2012/07/18,0,906000,0,906000
2012/07/19,0,0,0,0
2012/07/20,0,100000,0,100000
2012/07/23,0,0,0,0
2012/07/24,0,150000,-41000,109000
2012/07/25,0,685000,-950000,-265000
2012/07/26,0,0,-500000,-500000
2012/07/27,0,0,0,0
2012/07/30,0,0,0,0
2012/07/31,0,0,0,0
2012/08/01,0,2490000,0,2490000
2012/08/02,0,0,0,0
2012/08/03,0,1347000,0,1347000
2012/08/06,0,917000,0,917000
2012/08/07,0,1408000,0,1408000
2012/08/08,0,280000,0,280000
2012/08/09,0,38000,0,38000
2012/08/10,0,0,0,0
2012/08/13,0,0,-1000000,-1000000
2012/08/14,0,0,0,0
2012/08/15,0,0,-107000,-107000
2012/08/16,0,0,0,0
2012/08/17,0,410,0,410
2012/08/20,0,19000,0,19000
2012/08/21,0,0,0,0
2012/08/22,0,1106000,0,1106000
2012/08/23,0,0,0,0
2012/08/24,0,3767000,0,3767000
2012/08/27,0,3421000,0,3421000
2012/08/28,0,1223000,0,1223000
2012/08/29,0,1450000,-211000,1239000
2012/08/30,0,2232000,0,2232000
2012/08/31,0,500000,0,500000
2012/09/03,0,550000,0,550000
2012/09/04,0,0,0,0
2012/09/05,0,0,0,0
2012/09/06,0,0,0,0
2012/09/07,0,55000,0,55000
2012/09/10,0,1497000,0,1497000
2012/09/11,0,905000,0,905000
2012/09/12,0,1977000,0,1977000
2012/09/13,0,1986000,0,1986000
2012/09/14,0,405000,-50000,355000
2012/09/17,0,755000,-904000,-149000
2012/09/18,0,200000,-1021000,-821000
2012/09/19,0,0,-37000,-37000
2012/09/20,0,200000,0,200000
2012/09/21,0,0,-855000,-855000
2012/09/24,0,700000,-100000,600000
2012/09/25,0,1565000,0,1565000
2012/09/26,0,1016000,-100000,916000
2012/09/27,0,766000,0,766000
2012/09/28,0,81000,-64000,17000
2012/10/01,0,0,0,0
2012/10/02,0,0,-99000,-99000
2012/10/03,0,0,0,0
2012/10/04,0,0,-286000,-286000
2012/10/05,0,0,-1322000,-1322000
2012/10/08,0,79000,-722000,-643000
2012/10/09,0,0,-861000,-861000
2012/10/10,0,0,0,0
2012/10/11,0,1000000,-200000,800000
2012/10/12,0,953000,-201000,752000
2012/10/15,0,700000,0,700000
2012/10/16,0,1159000,-300000,859000
2012/10/17,0,720000,-40000,680000
2012/10/18,0,0,-7000,-7000
2012/10/19,0,69000,0,69000
2012/10/22,0,0,0,0
2012/10/23,0,302000,0,302000
2012/10/24,0,0,-400000,-400000
2012/10/25,0,0,-1000,-1000
2012/10/26,0,0,-17000,-17000
2012/10/29,0,200000,-709934,-509934
2012/10/30,0,1905000,-1500000,405000
2012/10/31,0,0,0,0
2012/11/01,0,0,0,0
2012/11/02,0,1000,0,1000
2012/11/05,0,0,0,0
2012/11/06,0,0,-500000,-500000
2012/11/07,0,1000000,0,1000000
2012/11/08,0,0,0,0
2012/11/09,0,0,0,0
2012/11/12,0,200000,0,200000
2012/11/13,0,31000,0,31000
2012/11/14,0,0,0,0
2012/11/15,0,0,0,0
2012/11/16,0,0,-500000,-500000
2012/11/19,0,0,-600000,-600000
2012/11/20,0,0,-197000,-197000
2012/11/21,0,60000,-500000,-440000
2012/11/22,0,300000,-1000,299000
2012/11/23,0,300000,-1679000,-1379000
2012/11/26,0,0,-900000,-900000
2012/11/27,0,0,-1191000,-1191000
2012/11/28,0,2611000,-767000,1844000
2012/11/29,0,250000,-1100000,-850000
2012/11/30,0,1600000,-662000,938000
2012/12/03,0,769000,-892000,-123000
2012/12/04,0,2321000,-2000,2319000
2012/12/05,0,1532000,-1000,1531000
2012/12/06,0,2222000,0,2222000
2012/12/07,0,141000,0,141000
2012/12/10,0,2774000,-1000,2773000
2012/12/11,0,2127000,0,2127000
2012/12/12,0,45000,-320000,-275000
2012/12/13,0,0,-1947000,-1947000
2012/12/14,0,469000,-255000,214000
2012/12/17,0,546000,-344000,202000
2012/12/18,0,614000,0,614000
2012/12/19,0,35000,0,35000
2012/12/20,0,816000,-2000,814000
2012/12/21,0,802000,-15000,787000
2012/12/24,0,1006000,0,1006000
2012/12/25,0,1865000,0,1865000
2012/12/26,0,1420000,-388000,1032000
2012/12/27,0,2618000,-1732000,886000
2012/12/28,0,2462000,0,2462000
2012/12/31,0,0,0,0
2013/01/01,0,0,0,0
2013/01/02,0,4974000,0,4974000
2013/01/03,0,2650000,-578000,2072000
2013/01/04,0,120000,-2881000,-2761000
2013/01/07,0,0,-610000,-610000
2013/01/08,0,240000,-2000,238000
2013/01/09,0,1251000,0,1251000
2013/01/10,0,0,-599000,-599000
2013/01/11,0,531000,-1843000,-1312000
2013/01/14,0,1714000,-772000,942000
2013/01/15,0,176000,-432000,-256000
2013/01/16,0,0,-3000,-3000
2013/01/17,0,684000,-26186,657814
2013/01/18,0,0,-619000,-619000
2013/01/21,0,2534000,-1732000,802000
2013/01/22,0,1760000,-157000,1603000
2013/01/23,0,344000,-460000,-116000
2013/01/24,0,0,-2132000,-2132000
2013/01/25,0,0,-295000,-295000
2013/01/28,0,160000,-580000,-420000
2013/01/29,0,555000,-555000,0
2013/01/30,0,181000,0,181000
2013/01/31,0,135000,-1851000,-1716000
2013/02/01,0,173000,-2747000,-2574000
2013/02/04,0,444000,-1948000,-1504000
2013/02/05,0,5000,-1091000,-1086000
2013/02/06,0,1000,-30000,-29000
2013/02/07,0,0,0,0
2013/02/08,0,0,0,0
2013/02/11,0,0,0,0
2013/02/12,0,0,0,0
2013/02/13,0,0,0,0
2013/02/14,0,0,0,0
2013/02/15,0,0,0,0
2013/02/18,0,0,-1000,-1000
2013/02/19,0,810000,-2000,808000
2013/02/20,0,317000,0,317000
2013/02/21,0,0,-2000,-2000
2013/02/22,0,0,-1011000,-1011000
2013/02/25,0,492000,0,492000
2013/02/26,0,300000,-1000,299000
2013/02/27,0,70000,0,70000
2013/02/28,0,0,0,0
2013/03/01,0,150000,0,150000
2013/03/04,0,1970000,-100000,1870000
2013/03/05,0,300000,0,300000
2013/03/06,0,700000,-2000,698000
2013/03/07,0,600000,0,600000
2013/03/08,0,500000,-5000,495000
2013/03/11,0,874000,-595000,279000
2013/03/12,0,132000,-608000,-476000
2013/03/13,0,400000,-132000,268000
2013/03/14,0,494000,-681000,-187000
2013/03/15,0,365000,-696000,-331000
2013/03/18,0,0,-4000,-4000
2013/03/19,0,0,-848000,-848000
2013/03/20,0,500000,-150000,350000
2013/03/21,0,0,0,0
2013/03/22,0,0,-393000,-393000
2013/03/25,0,0,-1319000,-1319000
2013/03/26,0,132000,-127000,5000
2013/03/27,0,0,-901000,-901000
2013/03/28,0,0,-600000,-600000
2013/03/29,0,0,0,0
2013/04/01,0,0,-1000,-1000
2013/04/02,0,700000,-342000,358000
2013/04/03,0,568000,0,568000
2013/04/04,0,0,0,0
2013/04/05,0,0,0,0
2013/04/08,0,400000,0,400000
2013/04/09,0,0,-370000,-370000
2013/04/10,0,297000,-2290000,-1993000
2013/04/11,0,250000,0,250000
2013/04/12,0,350000,-1000,349000
2013/04/15,0,500000,-1000,499000
2013/04/16,0,0,0,0
2013/04/17,0,480000,0,480000
2013/04/18,0,2000,0,2000
2013/04/19,0,53866,-223000,-169134
2013/04/22,0,380000,-397000,-17000
2013/04/23,0,0,-6000,-6000
2013/04/24,0,450000,-2000,448000
2013/04/25,0,291000,-5000,286000
2013/04/26,0,100000,-3000,97000
2013/04/29,0,0,-1000,-1000
2013/04/30,0,0,-200000,-200000
2013/05/01,0,0,0,0
2013/05/02,0,0,-200000,-200000
2013/05/03,0,0,-207000,-207000
2013/05/06,0,366000,-4000,362000
2013/05/07,0,0,0,0
2013/05/08,0,0,-1000,-1000
2013/05/09,0,100000,-219000,-119000
2013/05/10,0,0,-1283000,-1283000
2013/05/13,0,0,-203000,-203000
2013/05/14,0,1000,-50000,-49000
2013/05/15,0,1000000,-182000,818000
2013/05/16,0,25000,-150000,-125000
2013/05/17,0,0,-1000,-1000
2013/05/20,0,0,-11000,-11000
2013/05/21,0,0,0,0
2013/05/22,0,745000,-9000,736000
2013/05/23,0,0,-1103000,-1103000
2013/05/24,0,0,-106000,-106000
2013/05/27,0,0,-268000,-268000
2013/05/28,0,60000,0,60000
2013/05/29,0,0,0,0
2013/05/30,0,1000,0,1000
2013/05/31,0,0,0,0
2013/06/03,0,0,0,0
2013/06/04,0,6000,0,6000
2013/06/05,0,0,0,0
2013/06/06,0,0,-170000,-170000
2013/06/07,0,0,-622000,-622000
2013/06/10,0,300000,-425000,-125000
2013/06/11,0,43000,-534000,-491000
2013/06/12,0,0,0,0
2013/06/13,0,36000,-490000,-454000
2013/06/14,0,0,-550000,-550000
2013/06/17,0,296000,-200000,96000
2013/06/18,0,150000,-401000,-251000
2013/06/19,0,0,0,0
2013/06/20,0,0,0,0
2013/06/21,0,2000,-31000,-29000
2013/06/24,0,1000,-271000,-270000
2013/06/25,0,0,0,0
2013/06/26,0,0,0,0
2013/06/27,0,50000,0,50000
2013/06/28,0,600000,0,600000
2013/07/01,0,800000,0,800000
2013/07/02,0,800000,0,800000
2013/07/03,0,440000,0,440000
2013/07/04,0,4000,0,4000
2013/07/05,0,0,-90000,-90000
2013/07/08,0,200000,0,200000
2013/07/09,0,0,0,0
2013/07/10,0,200000,-500000,-300000
2013/07/11,0,0,-4602,-4602
2013/07/12,0,0,0,0
2013/07/15,0,150000,-349000,-199000
2013/07/16,0,0,-473000,-473000
2013/07/17,0,0,-486000,-486000
2013/07/18,0,1000,-488000,-487000
2013/07/19,0,171000,-362000,-191000
2013/07/22,0,0,-1725000,-1725000
2013/07/23,0,1000,0,1000
2013/07/24,0,1000,-400000,-399000
2013/07/25,0,0,-500000,-500000
2013/07/26,0,318000,0,318000
2013/07/29,0,0,0,0
2013/07/30,0,0,-518000,-518000
2013/07/31,0,1000,-501000,-500000
2013/08/01,0,31000,-2759000,-2728000
2013/08/02,0,0,-80000,-80000
2013/08/05,0,366000,-2000,364000
2013/08/06,0,0,0,0
2013/08/07,0,0,0,0
2013/08/08,0,60000,0,60000
2013/08/09,0,0,0,0
2013/08/12,0,0,0,0
2013/08/13,0,0,0,0
2013/08/14,0,270000,0,270000
2013/08/15,0,24000,-2000,22000
2013/08/16,0,2000,-1000,1000
2013/08/19,0,350000,0,350000
2013/08/20,0,1333000,0,1333000
2013/08/21,0,0,0,0
2013/08/22,0,700000,0,700000
2013/08/23,0,164000,-150000,14000
2013/08/26,0,0,0,0
2013/08/27,0,0,0,0
2013/08/28,0,0,0,0
2013/08/29,0,0,0,0
2013/08/30,0,0,-500000,-500000
2013/09/02,0,0,-500000,-500000
2013/09/03,0,7589,0,7589
2013/09/04,0,0,0,0
2013/09/05,0,0,-2000,-2000
2013/09/06,0,0,0,0
2013/09/09,0,0,-1000,-1000
2013/09/10,0,114000,-2000,112000
2013/09/11,0,0,0,0
2013/09/12,0,46000,0,46000
2013/09/13,0,901000,-2000,899000
2013/09/16,0,0,0,0
2013/09/17,0,250000,0,250000
2013/09/18,0,2000,0,2000
2013/09/19,0,0,0,0
2013/09/20,0,0,0,0
2013/09/23,0,0,-1951000,-1951000
2013/09/24,0,0,-2100000,-2100000
2013/09/25,0,0,-2600000,-2600000
2013/09/26,0,0,-1564000,-1564000
2013/09/27,0,0,-362000,-362000
2013/09/30,0,0,-1692000,-1692000
2013/10/01,0,0,-564000,-564000
2013/10/02,0,0,-602000,-602000
2013/10/03,0,84000,-1328000,-1244000
2013/10/04,0,0,-701000,-701000
2013/10/07,0,0,-1068000,-1068000
2013/10/08,0,0,-3595000,-3595000
2013/10/09,0,250000,-5243000,-4993000
2013/10/10,0,0,0,0
2013/10/11,0,1873000,-1380000,493000
2013/10/14,0,145000,-1100000,-955000
2013/10/15,0,639000,0,639000
2013/10/16,0,0,0,0
2013/10/17,0,0,0,0
2013/10/18,0,0,-1000,-1000
2013/10/21,0,125000,0,125000
2013/10/22,0,50000,-14000,36000
2013/10/23,0,0,-1000,-1000
2013/10/24,0,19000,0,19000
2013/10/25,0,81000,0,81000
2013/10/28,0,0,0,0
2013/10/29,0,450000,0,450000
2013/10/30,0,0,0,0
2013/10/31,0,421000,0,421000
2013/11/01,0,0,-3000,-3000
2013/11/04,0,840000,0,840000
2013/11/05,0,0,0,0
2013/11/06,0,0,0,0
2013/11/07,0,0,0,0
2013/11/08,0,0,0,0
2013/11/11,0,0,0,0
2013/11/12,0,250000,0,250000
2013/11/13,0,0,0,0
2013/11/14,0,0,0,0
2013/11/15,0,0,-400000,-400000
2013/11/18,0,0,-440000,-440000
2013/11/19,0,0,0,0
2013/11/20,0,0,0,0
2013/11/21,0,0,-2000,-2000
2013/11/22,0,0,0,0
2013/11/25,0,8021,-733000,-724979
2013/11/26,0,0,-1332000,-1332000
2013/11/27,0,0,-535000,-535000
2013/11/28,0,0,-466000,-466000
2013/11/29,0,0,-1000000,-1000000
2013/12/02,0,357000,0,357000
2013/12/03,0,185000,0,185000
2013/12/04,0,700000,-1001000,-301000
2013/12/05,0,200000,-387000,-187000
2013/12/06,0,0,-1013000,-1013000
2013/12/09,0,190000,-784000,-594000
2013/12/10,0,4000,-10000,-6000
2013/12/11,0,0,-805000,-805000
2013/12/12,0,0,0,0
2013/12/13,0,0,0,0
2013/12/16,0,0,0,0
2013/12/17,0,0,-662000,-662000
2013/12/18,0,0,-655000,-655000
2013/12/19,0,23000,-628000,-605000
2013/12/20,0,0,-1337000,-1337000
2013/12/23,0,0,-945000,-945000
2013/12/24,0,0,-893000,-893000
2013/12/25,0,0,-505000,-505000
2013/12/26,0,500000,-500000,0
2013/12/27,0,5000,-650000,-645000
2013/12/30,0,500000,-546000,-46000
2013/12/31,0,958000,-352000,606000
2014/01/02,0,900000,-54000,846000
2014/01/03,0,500000,-357000,143000
2014/01/06,0,300000,-1000,299000
2014/01/07,0,300000,0,300000
2014/01/08,0,1071000,-1000000,71000
2014/01/09,0,300000,0,300000
2014/01/10,0,502000,0,502000
2014/01/13,0,1300000,0,1300000
2014/01/14,0,0,0,0
2014/01/15,0,2000,-1000,1000
2014/01/16,0,1000000,0,1000000
2014/01/17,0,1200000,-1000,1199000
2014/01/20,0,0,0,0
2014/01/21,0,0,0,0
2014/01/22,0,0,-1000,-1000
2014/01/23,0,0,0,0
2014/01/24,0,0,0,0
2014/01/27,0,0,-1000,-1000
2014/02/05,0,0,0,0
2014/02/06,0,221000,0,221000
2014/02/07,0,0,0,0
2014/02/10,0,0,-126000,-126000
2014/02/11,0,200000,0,200000
2014/02/12,0,50000,-582000,-532000
2014/02/13,0,1000000,-3172,996828
2014/02/14,0,0,0,0
2014/02/17,0,0,0,0
2014/02/18,0,0,0,0
2014/02/19,0,1090000,-15000,1075000
2014/02/20,0,0,-11000,-11000
2014/02/21,0,0,0,0
2014/02/24,0,519000,-477000,42000
2014/02/25,0,2203000,-463000,1740000
2014/02/26,0,600000,0,600000
2014/02/27,0,850000,0,850000
2014/03/03,0,0,-2000,-2000
2014/03/04,0,0,0,0
2014/03/05,0,0,-796000,-796000
2014/03/06,0,5000,-509000,-504000
2014/03/07,0,0,-231000,-231000
2014/03/10,0,0,-2000,-2000
2014/03/11,0,181000,0,181000
2014/03/12,0,520000,-1001000,-481000
2014/03/13,0,1591000,-400000,1191000
2014/03/14,0,0,-1007000,-1007000
2014/03/17,0,0,0,0
2014/03/18,0,1265000,-420000,845000
2014/03/19,0,1035000,-39000,996000
2014/03/20,0,224000,-1655000,-1431000
2014/03/21,0,7436000,-4000,7432000
2014/03/24,0,212000,0,212000
2014/03/25,0,0,0,0
2014/03/26,0,0,-480000,-480000
2014/03/27,0,0,-1876000,-1876000
2014/03/28,0,0,-501000,-501000
2014/03/31,0,0,-700000,-700000
2014/04/01,0,14000,0,14000
2014/04/02,0,400000,0,400000
2014/04/03,0,5000,-18000,-13000
2014/04/07,0,0,-2373000,-2373000
2014/04/08,0,45000,-1015000,-970000
2014/04/09,0,0,-450000,-450000
2014/04/10,0,0,-3334085,-3334085
2014/04/11,0,0,-950000,-950000
2014/04/14,0,0,-1000000,-1000000
2014/04/15,0,0,-390000,-390000
2014/04/16,0,0,-1000,-1000
2014/04/17,0,346000,-1000,345000
2014/04/18,0,0,-1000,-1000
2014/04/21,0,6000,-1000,5000
2014/04/22,0,0,-1000,-1000
2014/04/23,0,0,-600000,-600000
2014/04/24,0,0,-800000,-800000
2014/04/25,0,0,0,0
2014/04/28,0,0,0,0
2014/04/29,0,0,-800000,-800000
2014/04/30,0,0,-1026000,-1026000
2014/05/02,0,0,0,0
2014/05/05,0,0,-49000,-49000
2014/05/06,0,528000,0,528000
2014/05/07,0,0,0,0
2014/05/08,0,1000,0,1000
2014/05/09,0,0,-1000000,-1000000
2014/05/12,0,250000,-500000,-250000
2014/05/13,0,0,-365000,-365000
2014/05/14,0,382000,-1000000,-618000
2014/05/15,0,501000,0,501000
2014/05/16,0,0,-925000,-925000
2014/05/19,0,1344000,-1000,1343000
2014/05/20,0,2123000,0,2123000
2014/05/21,0,0,0,0
2014/05/22,0,1600000,0,1600000
2014/05/23,0,1905000,0,1905000
2014/05/26,0,847000,0,847000
2014/05/27,0,501000,0,501000
2014/05/28,0,0,0,0
2014/05/29,0,0,-2000,-2000
2014/05/30,0,0,0,0
2014/06/03,0,0,0,0
2014/06/04,0,300000,0,300000
2014/06/05,0,382000,0,382000
2014/06/06,0,380000,0,380000
2014/06/09,0,310000,-1000,309000
2014/06/10,0,200000,-1000,199000
2014/06/11,0,100000,0,100000
2014/06/12,0,56000,-1578000,-1522000
2014/06/13,0,160000,-430000,-270000
2014/06/16,0,0,-4000,-4000
2014/06/17,0,661000,-500000,161000
2014/06/18,0,0,0,0
2014/06/19,0,75000,0,75000
2014/06/20,0,192000,-2000,190000
2014/06/23,0,1300000,0,1300000
2014/06/24,0,22000,0,22000
2014/06/25,0,21000,0,21000
2014/06/26,0,1663000,0,1663000
2014/06/27,0,0,0,0
2014/06/30,0,1651000,-1000,1650000
2014/07/01,0,1333000,0,1333000
2014/07/02,0,400000,-1909,398091
2014/07/03,0,1000000,0,1000000
2014/07/04,0,233000,0,233000
2014/07/07,0,735000,0,735000
2014/07/08,0,381000,-1000,380000
2014/07/09,0,0,0,0
2014/07/10,0,0,-160000,-160000
2014/07/11,0,0,0,0
2014/07/14,0,0,0,0
2014/07/15,0,274000,-231000,43000
2014/07/16,0,0,0,0
2014/07/17,0,323000,-949000,-626000
2014/07/18,0,0,-940000,-940000
2014/07/21,0,0,0,0
2014/07/22,0,947000,0,947000
2014/07/23,0,0,0,0
2014/07/24,0,0,0,0
2014/07/25,0,0,0,0
2014/07/28,0,0,0,0
2014/07/29,0,0,-60000,-60000
2014/07/30,0,176000,-108000,68000
2014/07/31,0,0,-1135000,-1135000
2014/08/01,0,0,-300000,-300000
2014/08/04,0,180000,0,180000
2014/08/05,0,0,0,0
2014/08/06,0,620000,0,620000
2014/08/07,0,30000,-30000,0
2014/08/08,0,411000,-600000,-189000
2014/08/11,0,1000,-900000,-899000
2014/08/12,0,19000,-500000,-481000
2014/08/13,0,344000,0,344000
2014/08/14,0,374000,0,374000
2014/08/15,0,0,0,0
2014/08/18,0,0,-680000,-680000
2014/08/19,0,5000,-1751000,-1746000
2014/08/20,0,145000,0,145000
2014/08/21,0,8000,0,8000
2014/08/22,0,0,0,0
2014/08/25,0,433000,0,433000
2014/08/26,0,144000,0,144000
2014/08/27,0,0,0,0
2014/08/28,0,0,-8000,-8000
2014/08/29,0,0,-65000,-65000
2014/09/01,0,0,-100000,-100000
2014/09/02,0,0,0,0
2014/09/03,0,0,-180000,-180000
2014/09/04,0,0,-1057000,-1057000
2014/09/05,0,0,-550000,-550000
2014/09/09,0,0,-550000,-550000
2014/09/10,0,0,-30000,-30000
2014/09/11,0,0,-250000,-250000
2014/09/12,0,0,0,0
2014/09/15,0,0,-6000,-6000
2014/09/16,0,0,-6000,-6000
2014/09/17,0,0,-150000,-150000
2014/09/18,0,0,-30000,-30000
2014/09/19,0,0,-897000,-897000
2014/09/22,0,5899,-51000,-45101
2014/09/23,0,13000,0,13000
2014/09/24,0,0,-40000,-40000
2014/09/25,0,0,0,0
2014/09/26,0,0,0,0
2014/09/29,0,0,0,0
2014/09/30,0,150000,-100000,50000
2014/10/01,0,0,0,0
2014/10/02,0,180000,-44000,136000
2014/10/03,0,597000,-41000,556000
2014/10/06,0,0,0,0
2014/10/07,0,0,-543000,-543000
2014/10/08,0,0,0,0
2014/10/09,0,0,0,0
2014/10/13,0,0,-125000,-125000
2014/10/14,0,650000,0,650000
2014/10/15,0,250000,0,250000
2014/10/16,0,250000,0,250000
2014/10/17,0,272000,0,272000
2014/10/20,0,0,0,0
2014/10/21,0,5000,0,5000
2014/10/22,0,0,0,0
2014/10/23,0,38000,0,38000
2014/10/24,0,30000,0,30000
2014/10/27,0,15000,0,15000
2014/10/28,0,10000,0,10000
2014/10/29,0,17000,0,17000
2014/10/30,0,700000,0,700000
2014/10/31,0,0,0,0
2014/11/03,0,1081000,-451000,630000
2014/11/04,0,643000,0,643000
2014/11/05,0,0,0,0
2014/11/06,0,520000,0,520000
2014/11/07,0,0,0,0
2014/11/10,0,0,0,0
2014/11/11,0,0,0,0
2014/11/12,0,750000,0,750000
2014/11/13,0,1208000,0,1208000
2014/11/14,0,0,0,0
2014/11/17,0,0,0,0
2014/11/18,0,0,-3000,-3000
2014/11/19,0,499000,0,499000
2014/11/20,0,152000,0,152000
2014/11/21,0,117000,0,117000
2014/11/24,0,1297000,0,1297000
2014/11/25,0,455000,-1000,454000
2014/11/26,0,1304000,-1000,1303000
2014/11/27,0,9000,0,9000
2014/11/28,0,200000,0,200000
2014/12/01,0,140000,0,140000
2014/12/02,0,0,-1999000,-1999000
2014/12/03,0,14000,0,14000
2014/12/04,0,0,0,0
2014/12/05,0,35000,0,35000
2014/12/08,0,0,0,0
2014/12/09,0,0,0,0
2014/12/10,0,0,-270000,-270000
2014/12/11,0,617,-250000,-249383
2014/12/12,0,0,0,0
2014/12/15,0,0,0,0
2014/12/16,0,0,-1000,-1000
2014/12/17,0,0,0,0
2014/12/18,0,0,0,0
2014/12/19,0,0,-6000,-6000
2014/12/22,0,170000,-466000,-296000
2014/12/23,0,0,0,0
2014/12/24,0,0,0,0
2014/12/25,0,130000,0,130000
2014/12/26,0,0,0,0
2014/12/29,0,150000,-642000,-492000
2014/12/30,0,160000,0,160000
2014/12/31,0,0,-101000,-101000
2015/01/01,0,0,0,0
2015/01/02,0,0,0,0
2015/01/05,0,1547000,0,1547000
2015/01/06,0,2595000,0,2595000
2015/01/07,0,775000,-1000,774000
2015/01/08,0,626000,0,626000
2015/01/09,0,778000,-485000,293000
2015/01/12,0,350000,-486000,-136000
2015/01/13,0,125000,-212000,-87000
2015/01/14,0,0,-480000,-480000
2015/01/15,0,0,-210000,-210000
2015/01/16,0,0,-317000,-317000
2015/01/19,0,0,0,0
2015/01/20,0,0,0,0
2015/01/21,0,0,0,0
2015/01/22,0,780000,-452000,328000
2015/01/23,0,0,-175000,-175000
2015/01/26,0,727000,0,727000
2015/01/27,0,734000,-610000,124000
2015/01/28,0,0,0,0
2015/01/29,0,0,-690000,-690000
2015/01/30,0,0,-3000,-3000
2015/02/02,0,0,0,0
2015/02/03,0,334000,0,334000
2015/02/04,0,507000,0,507000
2015/02/05,0,53000,-1490000,-1437000
2015/02/06,0,43000,-192000,-149000
2015/02/09,0,1026000,-59000,967000
2015/02/10,0,397000,0,397000
2015/02/11,0,150000,0,150000
2015/02/12,0,0,0,0
2015/02/13,0,0,-363000,-363000
2015/02/16,0,0,0,0
2015/02/17,0,0,0,0
2015/02/18,0,0,0,0
2015/02/19,0,0,0,0
2015/02/20,0,0,0,0
2015/02/23,0,0,0,0
2015/02/24,0,0,0,0
2015/02/25,0,0,-3000,-3000
2015/02/26,0,160000,-11000,149000
2015/02/27,0,0,0,0
2015/03/02,0,604000,0,604000
2015/03/03,0,865000,-1000,864000
2015/03/04,0,1696000,-16000,1680000
2015/03/05,0,155000,-1000,154000
2015/03/06,0,621000,-982000,-361000
2015/03/09,0,0,-201000,-201000
2015/03/10,0,0,-148000,-148000
2015/03/11,0,200000,0,200000
2015/03/12,0,0,-217451,-217451
2015/03/13,0,0,-100000,-100000
2015/03/16,0,20000,-255000,-235000
2015/03/17,0,0,-450000,-450000
2015/03/18,0,0,0,0
2015/03/19,0,0,-1201000,-1201000
2015/03/20,0,548000,-59000,489000
2015/03/23,0,0,-213000,-213000
2015/03/24,0,0,-1000,-1000
2015/03/25,0,0,-1461000,-1461000
2015/03/26,0,0,-470000,-470000
2015/03/27,0,0,-120000,-120000
2015/03/30,0,0,0,0
2015/03/31,0,0,0,0
2015/04/01,0,0,-657000,-657000
2015/04/02,0,0,-47000,-47000
2015/04/03,0,0,0,0
2015/04/06,0,0,0,0
2015/04/07,0,0,-36000,-36000
2015/04/08,0,0,-87000,-87000
2015/04/09,0,0,-43000,-43000
2015/04/10,0,0,0,0
2015/04/13,0,0,0,0
2015/04/14,0,0,0,0
2015/04/15,0,10000,-200000,-190000
2015/04/16,0,0,-80000,-80000
2015/04/17,0,0,-55000,-55000
2015/04/20,0,0,-872000,-872000
2015/04/21,0,0,-375000,-375000
2015/04/22,0,0,-94000,-94000
2015/04/23,0,0,-369000,-369000
2015/04/24,0,0,-2360000,-2360000
2015/04/27,0,0,-98000,-98000
2015/04/28,0,0,-107000,-107000
2015/04/29,0,508000,-102000,406000
2015/04/30,0,0,-1000,-1000
2015/05/01,0,0,0,0
2015/05/04,0,0,-880000,-880000
2015/05/05,0,0,-899000,-899000
2015/05/06,0,0,-347000,-347000
2015/05/07,0,0,-275000,-275000
2015/05/08,0,0,-300000,-300000
2015/05/11,0,1000,0,1000
2015/05/12,0,0,-380000,-380000
2015/05/13,0,0,-350000,-350000
2015/05/14,0,1000,0,1000
2015/05/15,0,0,0,0
2015/05/18,0,0,-123000,-123000
2015/05/19,0,0,-281000,-281000
2015/05/20,0,0,-141000,-141000
2015/05/21,0,102000,-4000,98000
2015/05/22,0,0,-400000,-400000
2015/05/25,0,40000,0,40000
2015/05/26,0,2000,-206000,-204000
2015/05/27,0,0,0,0
2015/05/28,0,100000,-125000,-25000
2015/05/29,0,0,0,0
2015/06/01,0,1200000,0,1200000
2015/06/02,0,0,-144000,-144000
2015/06/03,0,0,0,0
2015/06/04,0,1507,-682000,-680493
2015/06/05,0,2000,-528000,-526000
2015/06/08,0,0,-300000,-300000
2015/06/09,0,0,0,0
2015/06/10,0,0,0,0
2015/06/11,0,0,-1580000,-1580000
2015/06/12,0,0,0,0
2015/06/15,0,0,0,0
2015/06/16,0,0,-1068000,-1068000
2015/06/17,0,0,-314000,-314000
2015/06/18,0,153000,-3000,150000
2015/06/19,0,0,0,0
2015/06/22,0,19000,0,19000
2015/06/23,0,1150000,-239000,911000
2015/06/24,0,950000,0,950000
2015/06/25,0,1036000,0,1036000
2015/06/26,0,250000,0,250000
2015/06/29,0,50000,0,50000
2015/06/30,0,850000,0,850000
2015/07/01,0,150000,0,150000
2015/07/02,0,13000,0,13000
2015/07/03,0,0,0,0
2015/07/06,0,0,0,0
2015/07/07,0,0,0,0
2015/07/08,0,100000,0,100000
2015/07/09,0,0,0,0
2015/07/10,0,0,0,0
2015/07/13,0,0,-42000,-42000
2015/07/14,0,200000,0,200000
2015/07/15,0,7000,0,7000
2015/07/16,0,0,0,0
2015/07/17,0,0,-2153000,-2153000
2015/07/20,0,0,-1600000,-1600000
2015/07/21,0,0,-3425000,-3425000
2015/07/22,0,0,0,0
2015/07/23,0,350000,-800000,-450000
2015/07/24,0,9000,-1300000,-1291000
2015/07/27,0,0,-1200000,-1200000
2015/07/28,0,11000,-1200000,-1189000
2015/07/29,0,0,-200000,-200000
2015/07/30,0,350000,-53000,297000
2015/07/31,0,0,0,0
2015/08/03,0,0,-1025000,-1025000
2015/08/04,0,0,0,0
2015/08/05,0,0,0,0
2015/08/06,0,0,0,0
2015/08/07,0,48000,0,48000
2015/08/10,0,0,0,0
2015/08/11,0,0,-172000,-172000
2015/08/12,0,2000,0,2000
2015/08/13,0,200000,0,200000
2015/08/14,0,0,0,0
2015/08/17,0,0,-230000,-230000
2015/08/18,0,0,0,0
2015/08/19,0,0,0,0
2015/08/20,0,0,0,0
2015/08/21,0,0,0,0
2015/08/24,0,0,0,0
2015/08/25,0,0,-3222,-3222
2015/08/26,0,74000,-482000,-408000
2015/08/27,0,669000,-506000,163000
2015/08/28,0,1000,0,1000
2015/08/31,0,28000,-11000,17000
2015/09/01,0,33000,-18000,15000
2015/09/02,0,0,0,0
2015/09/03,0,0,0,0
2015/09/04,0,3000,-1000,2000
2015/09/07,0,2000,-518000,-516000
2015/09/08,0,0,-517000,-517000
2015/09/09,0,0,0,0
2015/09/10,0,0,-440000,-440000
2015/09/11,0,1000,0,1000
2015/09/14,0,0,0,0
2015/09/15,0,0,0,0
2015/09/16,0,0,-153000,-153000
2015/09/17,0,0,-182000,-182000
2015/09/18,0,0,-1024000,-1024000
2015/09/21,0,1000,-4000,-3000
2015/09/22,0,4145,0,4145
2015/09/23,0,0,0,0
2015/09/24,0,0,0,0
2015/09/25,0,0,0,0
2015/09/28,0,0,0,0
2015/09/29,0,0,0,0
2015/09/30,0,0,0,0
2015/10/01,0,0,-582000,-582000
2015/10/02,0,13000,0,13000
2015/10/05,0,0,-3000,-3000
2015/10/06,0,0,0,0
2015/10/07,0,0,0,0
2015/10/08,0,0,0,0
2015/10/09,0,0,0,0
2015/10/12,0,0,0,0
2015/10/13,0,0,0,0
2015/10/14,0,0,0,0
2015/10/15,0,1154000,0,1154000
2015/10/16,0,600000,0,600000
2015/10/19,0,0,0,0
2015/10/20,0,0,0,0
2015/10/21,0,0,0,0
2015/10/22,0,0,0,0
2015/10/23,0,0,-144000,-144000
2015/10/26,0,600000,0,600000
2015/10/27,0,981000,0,981000
2015/10/28,0,430000,0,430000
2015/10/29,0,600000,0,600000
2015/10/30,0,0,-1220000,-1220000
2015/11/02,0,1100000,0,1100000
2015/11/03,0,0,-280000,-280000
2015/11/04,0,1117000,0,1117000
2015/11/05,0,91000,0,91000
2015/11/06,0,0,0,0
2015/11/09,0,69000,0,69000
2015/11/10,0,0,0,0
2015/11/11,0,0,0,0
2015/11/12,0,0,0,0
2015/11/13,0,0,0,0
2015/11/16,0,600000,0,600000
2015/11/17,0,1050000,0,1050000
2015/11/18,0,0,0,0
2015/11/19,0,450000,0,450000
2015/11/20,0,0,0,0
2015/11/23,0,0,0,0
2015/11/24,0,0,0,0
2015/11/25,0,0,0,0
2015/11/26,0,0,0,0
2015/11/27,0,0,0,0
2015/11/30,0,0,0,0
2015/12/01,0,0,0,0
2015/12/02,0,0,-48000,-48000
2015/12/03,0,0,0,0
2015/12/04,0,0,0,0
2015/12/07,0,100000,0,100000
2015/12/08,0,0,-577000,-577000
2015/12/09,0,0,0,0
2015/12/10,0,287000,0,287000
2015/12/11,0,0,0,0
2015/12/14,0,200000,-1778,198222
2015/12/15,0,1573000,0,1573000
2015/12/16,0,210000,0,210000
2015/12/17,0,1683000,0,1683000
2015/12/18,0,785000,-6000,779000
2015/12/21,0,1400000,-307000,1093000
2015/12/22,0,0,0,0
2015/12/23,0,0,0,0
2015/12/24,0,0,0,0
2015/12/25,0,986000,0,986000
2015/12/28,0,10000,0,10000
2015/12/29,0,97000,0,97000
2015/12/30,0,0,0,0
2015/12/31,0,503000,0,503000
2016/01/01,0,0,0,0
2016/01/04,0,500000,0,500000
2016/01/05,0,91000,0,91000
2016/01/06,0,600000,0,600000
2016/01/07,0,300000,-750000,-450000
2016/01/08,0,0,-450000,-450000
2016/01/11,0,0,0,0
2016/01/12,0,1010000,0,1010000
2016/01/13,0,0,0,0
2016/01/14,0,300000,0,300000
2016/01/15,0,30000,-210000,-180000
2016/01/18,0,0,-280000,-280000
2016/01/19,0,0,-2000,-2000
2016/01/20,0,0,-210000,-210000
2016/01/21,0,0,0,0
2016/01/22,0,0,-150000,-150000
2016/01/25,0,100000,-200000,-100000
2016/01/26,0,0,-160000,-160000
2016/01/27,0,0,0,0
2016/01/28,0,271000,-800000,-529000
2016/01/29,0,1000000,-900000,100000
2016/02/01,0,0,0,0
2016/02/02,0,0,0,0
2016/02/03,0,0,0,0
2016/02/04,0,0,0,0
2016/02/05,0,0,0,0
2016/02/08,0,0,0,0
2016/02/09,0,0,0,0
2016/02/10,0,0,0,0
2016/02/11,0,0,0,0
2016/02/12,0,0,0,0
2016/02/15,0,0,-211,-211
2016/02/16,0,1001000,0,1001000
2016/02/17,0,0,0,0
2016/02/18,0,400000,0,400000
2016/02/19,0,0,-2000,-2000
2016/02/22,0,0,0,0
2016/02/23,0,0,0,0
2016/02/24,0,0,0,0
2016/02/25,0,0,-150000,-150000
2016/02/26,0,280000,0,280000
2016/02/29,0,0,0,0
2016/03/01,0,0,-200000,-200000
2016/03/02,0,190000,-1000,189000
2016/03/03,0,1021000,0,1021000
2016/03/04,0,502000,0,502000
2016/03/07,0,0,-350000,-350000
2016/03/08,0,3878000,0,3878000
2016/03/09,0,1000000,-198000,802000
2016/03/10,0,1019000,0,1019000
2016/03/11,0,1500000,-283000,1217000
2016/03/14,0,1474000,0,1474000
2016/03/15,0,904000,-669000,235000
2016/03/16,0,2930000,-171000,2759000
2016/03/17,0,1110000,-310000,800000
2016/03/18,0,500000,-1798000,-1298000
2016/03/21,0,566000,-350000,216000
2016/03/22,0,0,-330000,-330000
2016/03/23,0,0,0,0
2016/03/24,0,0,-350000,-350000
2016/03/25,0,500000,-1007000,-507000
2016/03/28,0,500000,0,500000
2016/03/29,0,1000,-300000,-299000
2016/03/30,0,1866000,-230000,1636000
2016/03/31,0,450000,0,450000
2016/04/01,0,330000,0,330000
2016/04/04,0,0,0,0
2016/04/05,0,0,0,0
2016/04/06,0,430000,-127000,303000
2016/04/07,0,500000,-210000,290000
2016/04/08,0,172000,-58000,114000
2016/04/11,0,889000,0,889000
2016/04/12,0,494000,0,494000
2016/04/13,0,678000,0,678000
2016/04/14,0,0,0,0
2016/04/15,0,0,-10000,-10000
2016/04/18,0,0,-102000,-102000
2016/04/19,0,0,0,0
2016/04/20,0,0,-362000,-362000
2016/04/21,0,0,-282000,-282000
2016/04/22,0,150000,-307000,-157000
2016/04/25,0,705000,0,705000
2016/04/26,0,125000,0,125000
2016/04/27,0,50000,0,50000
2016/04/28,0,30000,0,30000
2016/04/29,0,217000,0,217000
2016/05/02,0,0,0,0
2016/05/03,0,0,-778000,-778000
2016/05/04,0,249000,0,249000
2016/05/05,0,65000,0,65000
2016/05/06,0,144000,-443000,-299000
2016/05/09,0,0,-52000,-52000
2016/05/10,0,368000,-325,367675
2016/05/11,0,1518000,-1000000,518000
2016/05/12,0,828000,-743000,85000
2016/05/13,0,58000,-490000,-432000
2016/05/16,0,219000,-190000,29000
2016/05/17,0,0,-170000,-170000
2016/05/18,0,0,-386000,-386000
2016/05/19,0,0,0,0
2016/05/20,0,60000,-58000,2000
2016/05/23,0,80000,0,80000
2016/05/24,0,0,0,0
2016/05/25,0,0,0,0
2016/05/26,0,72000,-1000,71000
2016/05/27,0,3645000,-1500000,2145000
2016/05/30,0,133000,-1500000,-1367000
2016/05/31,0,3910000,-603000,3307000
2016/06/01,0,1582000,-683000,899000
2016/06/02,0,180000,0,180000
2016/06/03,0,488000,0,488000
2016/06/06,0,103000,-1249000,-1146000
2016/06/07,0,522000,-686000,-164000
2016/06/08,0,75000,-97000,-22000
2016/06/09,0,0,0,0
2016/06/10,0,0,0,0
2016/06/13,0,1630000,-56000,1574000
2016/06/14,0,0,0,0
2016/06/15,0,285000,0,285000
2016/06/16,0,0,0,0
2016/06/17,0,167000,0,167000
2016/06/20,0,0,-302000,-302000
2016/06/21,0,25000,-224000,-199000
2016/06/22,0,365000,-50000,315000
2016/06/23,0,0,0,0
2016/06/24,0,10000,-209000,-199000
2016/06/27,0,0,-8000,-8000
2016/06/28,0,317000,-1189000,-872000
2016/06/29,0,25000,-375000,-350000
2016/06/30,0,0,-250000,-250000
2016/07/01,0,0,-425000,-425000
2016/07/04,0,165000,-300000,-135000
2016/07/05,0,135000,-1821000,-1686000
2016/07/06,0,199000,-2544000,-2345000
2016/07/07,0,465000,0,465000
2016/07/08,0,0,0,0
2016/07/11,0,25000,-329000,-304000
2016/07/12,0,68000,-2437000,-2369000
2016/07/13,0,0,-397000,-397000
2016/07/14,0,0,-3401000,-3401000
2016/07/15,0,0,-833000,-833000
2016/07/18,0,0,-407000,-407000
2016/07/19,0,32000,-319000,-287000
2016/07/20,0,0,-401000,-401000
2016/07/21,0,0,-56000,-56000
2016/07/22,0,103000,-5000,98000
2016/07/25,0,34000,0,34000
2016/07/26,0,15000,-204000,-189000
2016/07/27,0,0,-17000,-17000
2016/07/28,0,0,0,0
2016/07/29,0,2109919,-4000,2105919
2016/08/01,0,1059000,0,1059000
2016/08/02,0,0,-534000,-534000
2016/08/03,0,0,-41000,-41000
2016/08/04,0,0,-526000,-526000
2016/08/05,0,610000,-501000,109000
2016/08/08,0,104000,-6000,98000
2016/08/09,0,41000,-1027000,-986000
2016/08/10,0,50000,-500000,-450000
2016/08/11,0,300000,-138000,162000
2016/08/12,0,888000,-319000,569000
2016/08/15,0,249000,-837000,-588000
2016/08/16,0,471000,-930000,-459000
2016/08/17,0,91000,-1415000,-1324000
2016/08/18,0,0,-936000,-936000
2016/08/19,0,353000,-472000,-119000
2016/08/22,0,100000,-1310000,-1210000
2016/08/23,0,74000,-888000,-814000
2016/08/24,0,0,-264000,-264000
2016/08/25,0,0,-1794000,-1794000
2016/08/26,0,0,-1500000,-1500000
2016/08/29,0,17000,-145000,-128000
2016/08/30,0,25000,-500000,-475000
2016/08/31,0,0,0,0
2016/09/01,0,0,0,0
2016/09/02,0,0,0,0
2016/09/05,0,96000,0,96000
2016/09/06,0,0,-268000,-268000
2016/09/07,0,58000,-100000,-42000
2016/09/08,0,0,0,0
2016/09/09,0,150000,0,150000
2016/09/12,0,0,-601000,-601000
2016/09/13,0,0,-1388000,-1388000
2016/09/14,0,0,-3334000,-3334000
2016/09/15,0,0,0,0
2016/09/16,0,0,0,0
2016/09/19,0,0,0,0
2016/09/20,0,0,-400000,-400000
2016/09/21,0,0,-243000,-243000
2016/09/22,0,4000,-1414000,-1410000
2016/09/23,0,200000,-561000,-361000
2016/09/26,0,170000,-420000,-250000
2016/09/27,0,0,0,0
2016/09/28,0,0,0,0
2016/09/29,0,100000,-400000,-300000
2016/09/30,0,180000,-355216,-175216
2016/10/03,0,0,-20000,-20000
2016/10/04,0,0,-140000,-140000
2016/10/05,0,300000,-135000,165000
2016/10/06,0,250000,-250000,0
2016/10/07,0,110000,-308000,-198000
2016/10/10,0,0,0,0
2016/10/11,0,240000,0,240000
2016/10/12,0,130000,0,130000
2016/10/13,0,120000,0,120000
2016/10/14,0,110000,0,110000
2016/10/17,0,110000,0,110000
2016/10/18,0,110000,0,110000
2016/10/19,0,60000,0,60000
2016/10/20,0,163000,0,163000
2016/10/21,0,49000,0,49000
2016/10/24,0,0,0,0
2016/10/25,0,0,-58000,-58000
2016/10/26,0,0,0,0
2016/10/27,0,402000,0,402000
2016/10/28,0,0,0,0
2016/10/31,0,0,0,0
2016/11/01,0,0,0,0
2016/11/02,0,175000,-9,174991
2016/11/03,0,157000,0,157000
2016/11/04,0,0,0,0
2016/11/07,0,150000,0,150000
2016/11/08,0,150000,0,150000
2016/11/09,0,30000,0,30000
2016/11/10,0,410000,0,410000
2016/11/11,0,450000,-162000,288000
2016/11/14,0,150000,0,150000
2016/11/15,0,768000,0,768000
2016/11/16,0,767000,0,767000
2016/11/17,0,126000,0,126000
2016/11/18,0,0,0,0
2016/11/21,0,0,0,0
2016/11/22,0,52000,0,52000
2016/11/23,0,0,0,0
2016/11/24,0,0,0,0
2016/11/25,0,0,0,0
2016/11/28,0,0,0,0
2016/11/29,0,5000,-1799000,-1794000
2016/11/30,0,120000,0,120000
2016/12/01,0,0,0,0
2016/12/02,0,0,0,0
2016/12/05,0,0,0,0
2016/12/06,0,230000,0,230000
2016/12/07,0,0,0,0
2016/12/08,0,391000,0,391000
2016/12/09,0,66000,0,66000
2016/12/12,0,30000,-200000,-170000
2016/12/13,0,0,0,0
2016/12/14,0,66000,0,66000
2016/12/15,0,0,-800000,-800000
2016/12/16,0,0,-1000,-1000
2016/12/19,0,0,0,0
2016/12/20,0,0,0,0
2016/12/21,0,0,0,0
2016/12/22,0,0,0,0
2016/12/23,0,0,0,0
2016/12/26,0,0,0,0
2016/12/27,0,0,0,0
2016/12/28,0,0,0,0
2016/12/29,0,0,0,0
2016/12/30,0,0,-5000,-5000
2017/01/02,0,0,0,0
2017/01/03,0,120000,-85000,35000
2017/01/04,0,1845000,0,1845000
2017/01/05,0,1006000,0,1006000
2017/01/06,0,2545000,0,2545000
2017/01/09,0,1559000,0,1559000
2017/01/10,0,50000,0,50000
2017/01/11,0,0,0,0
2017/01/12,0,0,0,0
2017/01/13,0,0,0,0
2017/01/16,0,0,0,0
2017/01/17,0,0,-70000,-70000
2017/01/18,0,0,0,0
2017/01/19,0,0,-200000,-200000
2017/01/20,0,0,0,0
2017/01/23,0,299,0,299
2017/01/24,0,0,0,0
2017/01/25,0,0,0,0
2017/01/26,0,0,0,0
2017/01/27,0,0,0,0
2017/01/30,0,0,0,0
2017/01/31,0,0,0,0
2017/02/01,0,0,0,0
2017/02/02,0,0,0,0
2017/02/03,0,171000,0,171000
2017/02/06,0,500000,-200000,300000
2017/02/07,0,2595000,0,2595000
2017/02/08,0,572000,0,572000
2017/02/09,0,195000,0,195000
2017/02/10,0,449000,0,449000
2017/02/13,0,1543000,-93000,1450000
2017/02/14,0,565000,0,565000
2017/02/15,0,1614000,0,1614000
2017/02/16,0,200000,0,200000
2017/02/17,0,0,-888000,-888000
2017/02/20,0,0,0,0
2017/02/21,0,0,0,0
2017/02/22,0,0,0,0
2017/02/23,0,0,0,0
2017/02/24,0,0,0,0
2017/02/27,0,0,0,0
2017/02/28,0,0,0,0
2017/03/01,0,0,0,0
2017/03/02,0,0,0,0
2017/03/03,0,0,0,0
2017/03/06,0,88000,-1012000,-924000
2017/03/07,0,0,-1200000,-1200000
2017/03/08,0,0,-947000,-947000
2017/03/09,0,0,0,0
2017/03/10,0,0,0,0
2017/03/13,0,692000,-270000,422000
2017/03/14,0,105000,0,105000
2017/03/15,0,0,0,0
2017/03/16,0,0,0,0
2017/03/17,0,104000,-651000,-547000
2017/03/20,0,79000,0,79000
2017/03/21,0,617000,-500000,117000
2017/03/22,0,127000,0,127000
2017/03/23,0,60000,-440000,-380000
2017/03/24,0,0,-200000,-200000
2017/03/27,0,1000,0,1000
2017/03/28,0,57000,0,57000
2017/03/29,0,57000,0,57000
2017/03/30,0,0,0,0
2017/03/31,0,0,0,0
2017/04/03,0,0,0,0
2017/04/04,0,0,0,0
2017/04/05,0,0,0,0
2017/04/06,0,0,0,0
2017/04/07,0,0,0,0
2017/04/10,0,0,0,0
2017/04/11,0,0,-1140000,-1140000
2017/04/12,0,0,0,0
2017/04/13,0,0,0,0
2017/04/14,0,0,-8000,-8000
2017/04/17,0,0,-2191000,-2191000
2017/04/18,0,0,-1239000,-1239000
2017/04/19,0,0,0,0
