Date,Open,Buy,Sell,Total
2007/01/02,0,939000,0,939000
2007/01/03,0,728000,-2842000,-2114000
2007/01/04,0,550000,-1793000,-1243000
2007/01/05,0,225000,-471000,-246000
2007/01/08,0,109000,-822960,-713960
2007/01/09,0,2356000,-630568,1725432
2007/01/10,0,24000,-1380000,-1356000
2007/01/11,0,1524000,-1358404,165596
2007/01/12,0,6331000,-1803748,4527252
2007/01/15,0,7649000,-1123000,6526000
2007/01/16,0,2750000,-8022000,-5272000
2007/01/17,0,347000,-6141138,-5794138
2007/01/18,0,4032000,-217000,3815000
2007/01/19,0,764000,-19000,745000
2007/01/22,0,2255000,-3183000,-928000
2007/01/23,0,3481000,-3429000,52000
2007/01/24,0,2672000,-2220000,452000
2007/01/25,0,238000,-1988000,-1750000
2007/01/26,0,32000,-4095000,-4063000
2007/01/29,0,1792000,-6485955,-4693955
2007/01/30,0,99000,-3075000,-2976000
2007/01/31,0,1836000,-5597232,-3761232
2007/02/01,0,960000,-7395000,-6435000
2007/02/02,0,2064000,-3220797,-1156797
2007/02/05,0,48000,-3312283,-3264283
2007/02/06,0,3048000,-4006000,-958000
2007/02/07,0,150000,-17000,133000
2007/02/08,0,453000,-5769000,-5316000
2007/02/09,0,49000,-12729298,-12680298
2007/02/12,0,1174600,-2102470,-927870
2007/02/13,0,628000,-18000,610000
2007/02/14,0,934000,-1000,933000
2007/02/15,0,0,0,0
2007/02/16,0,0,0,0
2007/02/19,0,0,0,0
2007/02/20,0,0,0,0
2007/02/21,0,0,0,0
2007/02/22,0,0,0,0
2007/02/23,0,0,0,0
2007/02/26,0,1394359,-5904125,-4509766
2007/02/27,0,8396000,-827000,7569000
2007/02/28,0,0,0,0
2007/03/01,0,2436000,-123000,2313000
2007/03/02,0,4160000,-3118680,1041320
2007/03/05,0,55000,-2992399,-2937399
2007/03/06,0,201000,-1757000,-1556000
2007/03/07,0,3288000,-930000,2358000
2007/03/08,0,285000,-1868000,-1583000
2007/03/09,0,2554000,-470000,2084000
2007/03/12,0,676000,-22000,654000
2007/03/13,0,1413000,-1223000,190000
2007/03/14,0,1932000,-1441000,491000
2007/03/15,0,3196000,-639000,2557000
2007/03/16,0,960000,-629000,331000
2007/03/19,0,610000,-1267000,-657000
2007/03/20,0,1000,-1120000,-1119000
2007/03/21,0,1512000,-300000,1212000
2007/03/22,0,916000,-101000,815000
2007/03/23,0,2838000,-1009000,1829000
2007/03/26,0,1640000,-2402000,-762000
2007/03/27,0,54000,-200000,-146000
2007/03/28,0,72000,-1970000,-1898000
2007/03/29,0,83000,-100000,-17000
2007/03/30,0,109000,-15000,94000
2007/04/02,0,3712000,-1829000,1883000
2007/04/03,0,17000,-19000,-2000
2007/04/04,0,1236000,-434000,802000
2007/04/05,0,0,0,0
2007/04/06,0,0,0,0
2007/04/09,0,1708000,-4353987,-2645987
2007/04/10,0,27000,-5844000,-5817000
2007/04/11,0,311000,-5706000,-5395000
2007/04/12,0,129000,-4283000,-4154000
2007/04/13,0,310000,-4285000,-3975000
2007/04/16,0,1523000,-4917331,-3394331
2007/04/17,0,597000,-605000,-8000
2007/04/18,0,158000,-5000,153000
2007/04/19,0,1179000,-2245000,-1066000
2007/04/20,0,602000,-36000,566000
2007/04/23,0,951000,-5054000,-4103000
2007/04/24,0,91000,-2898000,-2807000
2007/04/25,0,45000,-338894,-293894
2007/04/26,0,879000,-1080000,-201000
2007/04/27,0,13000,-3937849,-3924849
2007/04/30,0,1174000,-73000,1101000
2007/05/01,0,0,0,0
2007/05/02,0,812000,-1000,811000
2007/05/03,0,310000,-129000,181000
2007/05/04,0,926000,-507000,419000
2007/05/07,0,6999000,-621000,6378000
2007/05/08,0,160000,-166000,-6000
2007/05/09,0,0,-174000,-174000
2007/05/10,0,2000,-1171000,-1169000
2007/05/11,0,2465000,-3939000,-1474000
2007/05/14,0,4954000,-918147,4035853
2007/05/15,0,450000,-472000,-22000
2007/05/16,0,445000,-1220000,-775000
2007/05/17,0,111000,-831000,-720000
2007/05/18,0,100000,-2418000,-2318000
2007/05/21,0,50000,-3491725,-3441725
2007/05/22,0,442000,-12000,430000
2007/05/23,0,1362000,-1998000,-636000
2007/05/24,0,1910000,-1590000,320000
2007/05/25,0,1738000,-1152000,586000
2007/05/28,0,599000,-1310000,-711000
2007/05/29,0,3072000,-3000,3069000
2007/05/30,0,1675000,-1073000,602000
2007/05/31,0,3913000,-1050000,2863000
2007/06/01,0,52000,-924956,-872956
2007/06/04,0,817000,-5000,812000
2007/06/05,0,7144000,-2000,7142000
2007/06/06,0,8592000,-1650000,6942000
2007/06/07,0,43000,-357000,-314000
2007/06/08,0,2567000,-2032000,535000
2007/06/11,0,1004000,-1000000,4000
2007/06/12,0,78000,-5476000,-5398000
2007/06/13,0,177000,-6294000,-6117000
2007/06/14,0,2049000,-14000,2035000
2007/06/15,0,8000,-141000,-133000
2007/06/18,0,0,0,0
2007/06/19,0,0,0,0
2007/06/20,0,881000,-9620717,-8739717
2007/06/21,0,1609000,-1985000,-376000
2007/06/22,0,694000,-262000,432000
2007/06/25,0,1801000,-1460000,341000
2007/06/26,0,1213000,-1754000,-541000
2007/06/27,0,1006000,0,1006000
2007/06/28,0,6593000,-1301000,5292000
2007/06/29,0,2615000,-3715000,-1100000
2007/07/02,0,809000,-19000,790000
2007/07/03,0,277000,-2583832,-2306832
2007/07/04,0,4949000,-1380000,3569000
2007/07/05,0,1932000,-4060000,-2128000
2007/07/06,0,613000,-5468000,-4855000
2007/07/09,0,1561000,-2200000,-639000
2007/07/10,0,371000,-102000,269000
2007/07/11,0,873000,-1972000,-1099000
2007/07/12,0,2450000,-126000,2324000
2007/07/13,0,770000,-1353000,-583000
2007/07/16,0,13000,-3126000,-3113000
2007/07/17,0,741000,-3132000,-2391000
2007/07/18,0,709000,-3102000,-2393000
2007/07/19,0,1583600,-3454000,-1870400
2007/07/20,0,106000,-6017000,-5911000
2007/07/23,0,242000,-140000,102000
2007/07/24,0,5793000,-633000,5160000
2007/07/25,0,3668000,-88000,3580000
2007/07/26,0,2011000,-8235000,-6224000
2007/07/27,0,590000,-5609000,-5019000
2007/07/30,0,22000,-2428000,-2406000
2007/07/31,0,70000,-2002000,-1932000
2007/08/01,0,92000,-3178000,-3086000
2007/08/02,0,332000,-685000,-353000
2007/08/03,0,105000,-7569000,-7464000
2007/08/06,0,354000,-3352700,-2998700
2007/08/07,0,373000,-3847000,-3474000
2007/08/08,0,176000,-5569000,-5393000
2007/08/09,0,298000,-3106117,-2808117
2007/08/10,0,719000,-3818000,-3099000
2007/08/13,0,4000,-2107000,-2103000
2007/08/14,0,51000,-2615000,-2564000
2007/08/15,0,80092,-145000,-64908
2007/08/16,0,983000,-5960000,-4977000
2007/08/17,0,1034000,-537000,497000
2007/08/20,0,310000,-87000,223000
2007/08/21,0,1060000,-418000,642000
2007/08/22,0,1352000,-402000,950000
2007/08/23,0,4303000,-16000,4287000
2007/08/24,0,4263000,-15000,4248000
2007/08/27,0,3512000,-249000,3263000
2007/08/28,0,1619000,0,1619000
2007/08/29,0,1907000,-166000,1741000
2007/08/30,0,3312000,-1498000,1814000
2007/08/31,0,3315000,-1083725,2231275
2007/09/03,0,1405000,-1203000,202000
2007/09/04,0,46000,-1781884,-1735884
2007/09/05,0,35000,-2516944,-2481944
2007/09/06,0,2622000,-352351,2269649
2007/09/07,0,449000,-638414,-189414
2007/09/10,0,2000,-303092,-301092
2007/09/11,0,214000,-200000,14000
2007/09/12,0,150000,-296000,-146000
2007/09/13,0,33000,-2053750,-2020750
2007/09/14,0,353000,-1175960,-822960
2007/09/17,0,33000,-154900,-121900
2007/09/18,0,0,0,0
2007/09/19,0,558100,-425071,133029
2007/09/20,0,431000,-1000,430000
2007/09/21,0,522000,-2613674,-2091674
2007/09/24,0,0,0,0
2007/09/25,0,0,0,0
2007/09/26,0,24000,-1507273,-1483273
2007/09/27,0,296000,0,296000
2007/09/28,0,73000,-53000,20000
2007/10/01,0,1000,-741139,-740139
2007/10/02,0,2659000,-2970620,-311620
2007/10/03,0,200501,-184000,16501
2007/10/04,0,411243,-1440000,-1028757
2007/10/05,0,83000,-328000,-245000
2007/10/08,0,336300,-232000,104300
2007/10/09,0,18000,-176000,-158000
2007/10/10,0,0,0,0
2007/10/11,0,471000,-4673328,-4202328
2007/10/12,0,633000,-13000,620000
2007/10/15,0,17000,-26099,-9099
2007/10/16,0,1846000,-28000,1818000
2007/10/17,0,1320000,-44000,1276000
2007/10/18,0,4600000,-1337000,3263000
2007/10/19,0,1267000,-1652000,-385000
2007/10/22,0,122000,-1691000,-1569000
2007/10/23,0,26000,-1924440,-1898440
2007/10/24,0,33000,-2568000,-2535000
2007/10/25,0,440000,0,440000
2007/10/26,0,171000,-1014000,-843000
2007/10/29,0,157000,-11000,146000
2007/10/30,0,3942000,-34000,3908000
2007/10/31,0,3843000,-27137,3815863
2007/11/01,0,382000,-274886,107114
2007/11/02,0,455000,-2781000,-2326000
2007/11/05,0,905000,-135000,770000
2007/11/06,0,40000,-373000,-333000
2007/11/07,0,6000,-361000,-355000
2007/11/08,0,60000,-369000,-309000
2007/11/09,0,557000,-96000,461000
2007/11/12,0,71000,-1492870,-1421870
2007/11/13,0,149000,-956284,-807284
2007/11/14,0,4000,-16000,-12000
2007/11/15,0,169000,-242999,-73999
2007/11/16,0,429000,-39000,390000
2007/11/19,0,478000,-73000,405000
2007/11/20,0,331000,-1838913,-1507913
2007/11/21,0,195000,-426000,-231000
2007/11/22,0,281000,-4537000,-4256000
2007/11/23,0,390000,-3724331,-3334331
2007/11/26,0,511000,-2277000,-1766000
2007/11/27,0,222000,-2599000,-2377000
2007/11/28,0,83000,-2105000,-2022000
2007/11/29,0,685000,-2947000,-2262000
2007/11/30,0,131000,-4906000,-4775000
2007/12/03,0,304000,-2549199,-2245199
2007/12/04,0,610000,-3924467,-3314467
2007/12/05,0,404000,-5985000,-5581000
2007/12/06,0,481203,-2647000,-2165797
2007/12/07,0,410000,-1834672,-1424672
2007/12/10,0,65000,-1490000,-1425000
2007/12/11,0,245000,-945000,-700000
2007/12/12,0,1332000,-2080000,-748000
2007/12/13,0,190000,-2792000,-2602000
2007/12/14,0,201000,-3936000,-3735000
2007/12/17,0,4583000,-3941000,642000
2007/12/18,0,3554000,-11595000,-8041000
2007/12/19,0,224000,-11794000,-11570000
2007/12/20,0,69000,-6871000,-6802000
2007/12/21,0,323000,-20110000,-19787000
2007/12/24,0,971000,-10796000,-9825000
2007/12/25,0,98000,-269000,-171000
2007/12/26,0,77000,-221000,-144000
2007/12/27,0,933000,-1316000,-383000
2007/12/28,0,240000,-322000,-82000
2007/12/31,0,9336000,-767000,8569000
2008/01/01,0,0,0,0
2008/01/02,0,7010000,-1699598,5310402
2008/01/03,0,4125000,-66000,4059000
2008/01/04,0,4190000,-309503,3880497
2008/01/07,0,13000,-42000,-29000
2008/01/08,0,1120000,-52000,1068000
2008/01/09,0,1071000,-25000,1046000
2008/01/10,0,763000,-137000,626000
2008/01/11,0,152000,0,152000
2008/01/14,0,54000,-8000,46000
2008/01/15,0,21000,-217985,-196985
2008/01/16,0,110000,-574000,-464000
2008/01/17,0,160000,-43002,116998
2008/01/18,0,1408000,-487000,921000
2008/01/21,0,0,-163000,-163000
2008/01/22,0,22000,-174000,-152000
2008/01/23,0,82000,-103000,-21000
2008/01/24,0,6000,-723000,-717000
2008/01/25,0,390000,-300000,90000
2008/01/28,0,9000,-542000,-533000
2008/01/29,0,23000,-11397000,-11374000
2008/01/30,0,148000,-135000,13000
2008/01/31,0,536000,-666150,-130150
2008/02/01,0,1662000,-164000,1498000
2008/02/04,0,0,0,0
2008/02/05,0,0,0,0
2008/02/06,0,0,0,0
2008/02/07,0,0,0,0
2008/02/08,0,0,0,0
2008/02/11,0,0,0,0
2008/02/12,0,1647000,-97000,1550000
2008/02/13,0,91000,-22000,69000
2008/02/14,0,386000,-11000,375000
2008/02/15,0,957000,-147000,810000
2008/02/18,0,58000,-138000,-80000
2008/02/19,0,389000,0,389000
2008/02/20,0,94102,-1140000,-1045898
2008/02/21,0,974000,-40000,934000
2008/02/22,0,430000,-53000,377000
2008/02/25,0,849000,-184000,665000
2008/02/26,0,186000,-2000,184000
2008/02/27,0,110000,-939000,-829000
2008/02/28,0,0,0,0
2008/02/29,0,3516000,-9000,3507000
2008/03/03,0,11000,-33000,-22000
2008/03/04,0,1791000,-162725,1628275
2008/03/05,0,34000,-184000,-150000
2008/03/06,0,628000,-44000,584000
2008/03/07,0,374000,-94000,280000
2008/03/10,0,167000,-56982,110018
2008/03/11,0,1333000,-85000,1248000
2008/03/12,0,418000,-39900,378100
2008/03/13,0,11000,-454794,-443794
2008/03/14,0,2000,-935000,-933000
2008/03/17,0,52000,-218000,-166000
2008/03/18,0,972000,-4276000,-3304000
2008/03/19,0,3110000,-1060000,2050000
2008/03/20,0,614000,-1620000,-1006000
2008/03/21,0,545000,-34000,511000
2008/03/24,0,3182000,-178000,3004000
2008/03/25,0,960000,-101000,859000
2008/03/26,0,296000,-13000,283000
2008/03/27,0,221000,-176000,45000
2008/03/28,0,400000,-127000,273000
2008/03/31,0,849000,-889436,-40436
2008/04/01,0,1234028,-58000,1176028
2008/04/02,0,1672000,-188059,1483941
2008/04/03,0,123000,-85000,38000
2008/04/04,0,0,0,0
2008/04/07,0,1098000,-502000,596000
2008/04/08,0,1191000,-2780038,-1589038
2008/04/09,0,379000,-566000,-187000
2008/04/10,0,172000,-388000,-216000
2008/04/11,0,1307000,-377000,930000
2008/04/14,0,468000,-963000,-495000
2008/04/15,0,583000,-278592,304408
2008/04/16,0,3891000,-107198,3783802
2008/04/17,0,2985000,-1076000,1909000
2008/04/18,0,1043000,-117000,926000
2008/04/21,0,4871000,-621000,4250000
2008/04/22,0,1903000,-3575399,-1672399
2008/04/23,0,3892000,-2150000,1742000
2008/04/24,0,2585000,-271000,2314000
2008/04/25,0,14000,-517000,-503000
2008/04/28,0,436000,-3800000,-3364000
2008/04/29,0,517000,0,517000
2008/04/30,0,1239000,-255000,984000
2008/05/01,0,0,0,0
2008/05/02,0,5616000,-366000,5250000
2008/05/05,0,128000,0,128000
2008/05/06,0,303000,-31000,272000
2008/05/07,0,196000,-41000,155000
2008/05/08,0,1534000,-233000,1301000
2008/05/09,0,447000,-206000,241000
2008/05/12,0,457000,-2189753,-1732753
2008/05/13,0,209000,-77000,132000
2008/05/14,0,1395000,-500000,895000
2008/05/15,0,344000,-146797,197203
2008/05/16,0,4374000,-403000,3971000
2008/05/19,0,740000,-141000,599000
2008/05/20,0,516000,-101000,415000
2008/05/21,0,765000,-224000,541000
2008/05/22,0,478000,-686195,-208195
2008/05/23,0,34000,-176000,-142000
2008/05/26,0,80000,-3140008,-3060008
2008/05/27,0,95000,-2832000,-2737000
2008/05/28,0,765000,-269000,496000
2008/05/29,0,95000,-1702000,-1607000
2008/05/30,0,297000,-1991000,-1694000
2008/06/02,0,718000,-532000,186000
2008/06/03,0,723000,-89105,633895
2008/06/04,0,822900,-335000,487900
2008/06/05,0,665000,-329000,336000
2008/06/06,0,55000,-126000,-71000
2008/06/09,0,148000,-1029000,-881000
2008/06/10,0,235000,-1042825,-807825
2008/06/11,0,1366000,-1045000,321000
2008/06/12,0,179000,-6211496,-6032496
2008/06/13,0,852000,-2811000,-1959000
2008/06/16,0,300000,-382000,-82000
2008/06/17,0,1825000,-1835000,-10000
2008/06/18,0,1334000,-2270000,-936000
2008/06/19,0,1055000,-652000,403000
2008/06/20,0,1449000,-439000,1010000
2008/06/23,0,1371000,-3298000,-1927000
2008/06/24,0,2450000,-9149000,-6699000
2008/06/25,0,1507000,-6001000,-4494000
2008/06/26,0,795000,-324000,471000
2008/06/27,0,558000,-108000,450000
2008/06/30,0,1247000,-98000,1149000
2008/07/01,0,2449000,-2105000,344000
2008/07/02,0,4105000,-600000,3505000
2008/07/03,0,9745000,-3715000,6030000
2008/07/04,0,5829000,-3584000,2245000
2008/07/07,0,1278000,-37000,1241000
2008/07/08,0,3756000,-1801000,1955000
2008/07/09,0,999000,-697000,302000
2008/07/10,0,1017000,-494000,523000
2008/07/11,0,2079000,-395000,1684000
2008/07/14,0,372000,-2039000,-1667000
2008/07/15,0,194000,-1161000,-967000
2008/07/16,0,2616000,-472000,2144000
2008/07/17,0,2674000,-625000,2049000
2008/07/18,0,3541000,-3173000,368000
2008/07/21,0,311000,-557774,-246774
2008/07/22,0,1249000,-108000,1141000
2008/07/23,0,965000,-1126427,-161427
2008/07/24,0,1076000,-74000,1002000
2008/07/25,0,789000,-89000,700000
2008/07/28,0,0,0,0
2008/07/29,0,480000,-5907111,-5427111
2008/07/30,0,640000,-75000,565000
2008/07/31,0,1876000,-1153000,723000
2008/08/01,0,892000,-242000,650000
2008/08/04,0,529000,-492000,37000
2008/08/05,0,898000,-929000,-31000
2008/08/06,0,819000,-101000,718000
2008/08/07,0,179000,-271000,-92000
2008/08/08,0,604980,-788000,-183020
2008/08/11,0,7129000,-4494000,2635000
2008/08/12,0,1353000,-471000,882000
2008/08/13,0,840000,0,840000
2008/08/14,0,2011000,-421000,1590000
2008/08/15,0,148000,-1557000,-1409000
2008/08/18,0,265000,-99000,166000
2008/08/19,0,331000,-740343,-409343
2008/08/20,0,380000,-471161,-91161
2008/08/21,0,0,-884560,-884560
2008/08/22,0,15000,-415000,-400000
2008/08/25,0,223000,-62000,161000
2008/08/26,0,128000,-9000,119000
2008/08/27,0,736000,-1362000,-626000
2008/08/28,0,422000,-1292000,-870000
2008/08/29,0,301000,-865000,-564000
2008/09/01,0,84000,-113000,-29000
2008/09/02,0,465000,-398000,67000
2008/09/03,0,117000,-1934000,-1817000
2008/09/04,0,666000,-892000,-226000
2008/09/05,0,337000,-1557000,-1220000
2008/09/08,0,735000,-215000,520000
2008/09/09,0,181000,-1194000,-1013000
2008/09/10,0,347000,-501000,-154000
2008/09/11,0,0,-963038,-963038
2008/09/12,0,151000,-29000,122000
2008/09/15,0,1876000,-437000,1439000
2008/09/16,0,20000,-29825,-9825
2008/09/17,0,156000,-663470,-507470
2008/09/18,0,1116000,-1154000,-38000
2008/09/19,0,343000,-410000,-67000
2008/09/22,0,2164000,-577000,1587000
2008/09/23,0,309000,-1281000,-972000
2008/09/24,0,5957241,-6038541,-81300
2008/09/25,0,265000,-333000,-68000
2008/09/26,0,249000,-959000,-710000
2008/09/29,0,0,0,0
2008/09/30,0,2582000,-1220000,1362000
2008/10/01,0,404000,-754000,-350000
2008/10/02,0,1444000,-987000,457000
2008/10/03,0,240000,-1641000,-1401000
2008/10/06,0,423000,-2768984,-2345984
2008/10/07,0,158000,-1235044,-1077044
2008/10/08,0,165000,-3280000,-3115000
2008/10/09,0,348000,-2039000,-1691000
2008/10/10,0,0,0,0
2008/10/13,0,26000,-1169000,-1143000
2008/10/14,0,1067000,-2070000,-1003000
2008/10/15,0,118000,-168001,-50001
2008/10/16,0,287000,-13000,274000
2008/10/17,0,1142000,-244000,898000
2008/10/20,0,543392,-811828,-268436
2008/10/21,0,776000,-173000,603000
2008/10/22,0,739000,-354000,385000
2008/10/23,0,0,-41000,-41000
2008/10/24,0,36000,-748038,-712038
2008/10/27,0,57000,-147000,-90000
2008/10/28,0,51000,-539326,-488326
2008/10/29,0,146000,-230478,-84478
2008/10/30,0,188000,-6000,182000
2008/10/31,0,99000,-127000,-28000
2008/11/03,0,802000,-196000,606000
2008/11/04,0,9000,-391000,-382000
2008/11/05,0,327930,-9000,318930
2008/11/06,0,605000,-35000,570000
2008/11/07,0,227000,-23000,204000
2008/11/10,0,21000,-403287,-382287
2008/11/11,0,1590000,-121000,1469000
2008/11/12,0,124000,-104000,20000
2008/11/13,0,650000,-827019,-177019
2008/11/14,0,221000,-86000,135000
2008/11/17,0,345000,-507000,-162000
2008/11/18,0,334000,-285000,49000
2008/11/19,0,161000,-1961000,-1800000
2008/11/20,0,169000,-965724,-796724
2008/11/21,0,680000,-123235,556765
2008/11/24,0,7000,-240000,-233000
2008/11/25,0,219000,-110000,109000
2008/11/26,0,186000,-124000,62000
2008/11/27,0,535000,-710000,-175000
2008/11/28,0,627000,-463000,164000
2008/12/01,0,53000,-69499,-16499
2008/12/02,0,171000,-86000,85000
2008/12/03,0,1362000,-124000,1238000
2008/12/04,0,33000,-378000,-345000
2008/12/05,0,103000,-33000,70000
2008/12/08,0,121000,-1010222,-889222
2008/12/09,0,273000,-708799,-435799
2008/12/10,0,216000,-959387,-743387
2008/12/11,0,1015000,-437000,578000
2008/12/12,0,64000,-245000,-181000
2008/12/15,0,661000,-66000,595000
2008/12/16,0,316000,-363000,-47000
2008/12/17,0,634000,-125000,509000
2008/12/18,0,1100000,-108000,992000
2008/12/19,0,342000,-856000,-514000
2008/12/22,0,81000,-919553,-838553
2008/12/23,0,109000,-887000,-778000
2008/12/24,0,225188,-83000,142188
2008/12/25,0,0,-160000,-160000
2008/12/26,0,94000,-89000,5000
2008/12/29,0,20000,-21000,-1000
2008/12/30,0,247000,-637000,-390000
2008/12/31,0,0,-695000,-695000
2009/01/01,0,0,0,0
2009/01/02,0,0,0,0
2009/01/05,0,102000,-606000,-504000
2009/01/06,0,424000,-2954439,-2530439
2009/01/07,0,318000,-2598343,-2280343
2009/01/08,0,11000,-740000,-729000
2009/01/09,0,79000,-19000,60000
2009/01/12,0,88000,-2284000,-2196000
2009/01/13,0,235000,-2072000,-1837000
2009/01/14,0,158000,-1869077,-1711077
2009/01/15,0,29000,-23000,6000
2009/01/16,0,18000,-84000,-66000
2009/01/19,0,13000,-18000,-5000
2009/01/20,0,0,-98648,-98648
2009/01/21,0,388000,-739000,-351000
2009/01/22,0,0,0,0
2009/01/23,0,0,0,0
2009/01/26,0,0,0,0
2009/01/27,0,0,0,0
2009/01/28,0,0,0,0
2009/01/29,0,0,0,0
2009/01/30,0,0,0,0
2009/02/02,0,135000,-1020000,-885000
2009/02/03,0,665000,-502538,162462
2009/02/04,0,40000,-401000,-361000
2009/02/05,0,12000,-5813000,-5801000
2009/02/06,0,436000,0,436000
2009/02/09,0,76000,-13000,63000
2009/02/10,0,259000,-443096,-184096
2009/02/11,0,386000,-1141439,-755439
2009/02/12,0,2041000,-338000,1703000
2009/02/13,0,116000,-90000,26000
2009/02/16,0,0,-488000,-488000
2009/02/17,0,93000,-359979,-266979
2009/02/18,0,370000,-925000,-555000
2009/02/19,0,413000,-418000,-5000
2009/02/20,0,1000000,-17000,983000
2009/02/23,0,112000,-423000,-311000
2009/02/24,0,3000,0,3000
2009/02/25,0,108000,-1745260,-1637260
2009/02/26,0,4000,-186000,-182000
2009/02/27,0,137000,-30000,107000
2009/03/02,0,121000,-149000,-28000
2009/03/03,0,1000,-588000,-587000
2009/03/04,0,642000,-45000,597000
2009/03/05,0,93000,-1636000,-1543000
2009/03/06,0,1258000,-521500,736500
2009/03/09,0,1349000,-72000,1277000
2009/03/10,0,0,-56000,-56000
2009/03/11,0,80000,-694392,-614392
2009/03/12,0,138000,-45000,93000
2009/03/13,0,24000,-1000,23000
2009/03/16,0,113000,-150000,-37000
2009/03/17,0,1544000,-702450,841550
2009/03/18,0,200000,-416000,-216000
2009/03/19,0,1000,-126000,-125000
2009/03/20,0,0,-31000,-31000
2009/03/23,0,385000,0,385000
2009/03/24,0,0,0,0
2009/03/25,0,161000,-2374345,-2213345
2009/03/26,0,10000,-2443000,-2433000
2009/03/27,0,4000,-1636133,-1632133
2009/03/30,0,31000,-1046000,-1015000
2009/03/31,0,70000,-2243000,-2173000
2009/04/01,0,6000,-447000,-441000
2009/04/02,0,342000,-784000,-442000
2009/04/03,0,156000,-382089,-226089
2009/04/06,0,185000,-6000,179000
2009/04/07,0,5429000,-641000,4788000
2009/04/08,0,6040000,-731000,5309000
2009/04/09,0,789000,-32000,757000
2009/04/10,0,308000,-560000,-252000
2009/04/13,0,549000,-1392000,-843000
2009/04/14,0,541000,-535170,5830
2009/04/15,0,430000,-311000,119000
2009/04/16,0,595000,-1539000,-944000
2009/04/17,0,357000,-623930,-266930
2009/04/20,0,221000,-235000,-14000
2009/04/21,0,1125000,-35000,1090000
2009/04/22,0,1538000,-683000,855000
2009/04/23,0,55000,-4136000,-4081000
2009/04/24,0,219000,-240000,-21000
2009/04/27,0,354000,-1055000,-701000
2009/04/28,0,1247000,-200000,1047000
2009/04/29,0,403000,-228041,174959
2009/04/30,0,132000,-520758,-388758
2009/05/01,0,0,0,0
2009/05/04,0,396000,-55000,341000
2009/05/05,0,346000,-3989925,-3643925
2009/05/06,0,412000,-2235618,-1823618
2009/05/07,0,608000,-2706000,-2098000
2009/05/08,0,6092000,-5640000,452000
2009/05/11,0,135000,-2620000,-2485000
2009/05/12,0,212000,-123000,89000
2009/05/13,0,213000,-83000,130000
2009/05/14,0,459000,-384000,75000
2009/05/15,0,22000,-879287,-857287
2009/05/18,0,204000,-291000,-87000
2009/05/19,0,313000,-168245,144755
2009/05/20,0,531000,-67000,464000
2009/05/21,0,45000,-365000,-320000
2009/05/22,0,359000,-140000,219000
2009/05/25,0,667000,-166746,500254
2009/05/26,0,22000,-903000,-881000
2009/05/27,0,270000,-33000,237000
2009/05/28,0,0,0,0
2009/05/29,0,0,0,0
2009/06/01,0,318000,-159000,159000
2009/06/02,0,1074000,-214000,860000
2009/06/03,0,491000,-589000,-98000
2009/06/04,0,131000,-774000,-643000
2009/06/05,0,911000,-616000,295000
2009/06/08,0,84000,-1280000,-1196000
2009/06/09,0,333000,-103000,230000
2009/06/10,0,87000,-95000,-8000
2009/06/11,0,543000,-112000,431000
2009/06/12,0,14000,-509000,-495000
2009/06/15,0,5000,-24000,-19000
2009/06/16,0,399000,-73000,326000
2009/06/17,0,64000,-266000,-202000
2009/06/18,0,17000,-64000,-47000
2009/06/19,0,145001,-35000,110001
2009/06/22,0,185000,-68000,117000
2009/06/23,0,170000,-170000,0
2009/06/24,0,500000,-436000,64000
2009/06/25,0,0,-176000,-176000
2009/06/26,0,0,-46000,-46000
2009/06/29,0,70000,-12000,58000
2009/06/30,0,245000,-31000,214000
2009/07/01,0,411000,-216000,195000
2009/07/02,0,66000,-229000,-163000
2009/07/03,0,216000,0,216000
2009/07/06,0,75000,-376000,-301000
2009/07/07,0,1246000,-75000,1171000
2009/07/08,0,715000,-44000,671000
2009/07/09,0,217000,-332131,-115131
2009/07/10,0,2252000,-182000,2070000
2009/07/13,0,1769000,-61000,1708000
2009/07/14,0,2615000,-97000,2518000
2009/07/15,0,284000,-154000,130000
2009/07/16,0,366000,-52000,314000
2009/07/17,0,3869000,-112000,3757000
2009/07/20,0,190000,-88000,102000
2009/07/21,0,351000,-340000,11000
2009/07/22,0,264000,-1965000,-1701000
2009/07/23,0,40000,-336000,-296000
2009/07/24,0,40000,-2123000,-2083000
2009/07/27,0,322000,-867000,-545000
2009/07/28,0,201000,-735000,-534000
2009/07/29,0,450000,-1047000,-597000
2009/07/30,0,281000,-285000,-4000
2009/07/31,0,62000,-25000,37000
2009/08/03,0,5275000,-72000,5203000
2009/08/04,0,305000,-536049,-231049
2009/08/05,0,540000,-2142000,-1602000
2009/08/06,0,614000,-3057000,-2443000
2009/08/07,0,0,0,0
2009/08/10,0,46000,-298000,-252000
2009/08/11,0,80000,-89000,-9000
2009/08/12,0,225000,-18000,207000
2009/08/13,0,957000,-304389,652611
2009/08/14,0,506000,-1986000,-1480000
2009/08/17,0,188000,-111000,77000
2009/08/18,0,141000,-89000,52000
2009/08/19,0,189000,-177000,12000
2009/08/20,0,226000,-774000,-548000
2009/08/21,0,811550,-211000,600550
2009/08/24,0,397000,-423000,-26000
2009/08/25,0,909000,-2000,907000
2009/08/26,0,1020000,-105000,915000
2009/08/27,0,306000,-19550,286450
2009/08/28,0,1097000,0,1097000
2009/08/31,0,954000,-71000,883000
2009/09/01,0,154000,0,154000
2009/09/02,0,206000,-383335,-177335
2009/09/03,0,2218000,-18000,2200000
2009/09/04,0,2102000,-161000,1941000
2009/09/07,0,0,-388000,-388000
2009/09/08,0,1205000,-127000,1078000
2009/09/09,0,225000,-39000,186000
2009/09/10,0,1558000,-1000000,558000
2009/09/11,0,990000,-1602000,-612000
2009/09/14,0,291000,-30000,261000
2009/09/15,0,278000,-1029000,-751000
2009/09/16,0,734000,0,734000
2009/09/17,0,991000,-10000,981000
2009/09/18,0,1604000,-9312,1594688
2009/09/21,0,685000,-142000,543000
2009/09/22,0,119000,-2000,117000
2009/09/23,0,54000,-544000,-490000
2009/09/24,0,112000,0,112000
2009/09/25,0,1011000,-117000,894000
2009/09/28,0,54000,-42000,12000
2009/09/29,0,76000,-150000,-74000
2009/09/30,0,490482,-5584000,-5093518
2009/10/01,0,816000,-279000,537000
2009/10/02,0,147000,-86000,61000
2009/10/05,0,868000,-401000,467000
2009/10/06,0,2036000,-57000,1979000
2009/10/07,0,490000,-46000,444000
2009/10/08,0,89000,-491000,-402000
2009/10/09,0,444000,-394000,50000
2009/10/12,0,288000,-141000,147000
2009/10/13,0,967000,-65000,902000
2009/10/14,0,483000,-143000,340000
2009/10/15,0,5323000,-105000,5218000
2009/10/16,0,2968000,-1185000,1783000
2009/10/19,0,9570000,-539000,9031000
2009/10/20,0,8133000,-532000,7601000
2009/10/21,0,4876000,-684000,4192000
2009/10/22,0,1511000,-241000,1270000
2009/10/23,0,1660000,-105000,1555000
2009/10/26,0,16977000,-367000,16610000
2009/10/27,0,3560000,-3102000,458000
2009/10/28,0,3286000,-5607000,-2321000
2009/10/29,0,3159000,-1651000,1508000
2009/10/30,0,1889000,-1429000,460000
2009/11/02,0,533000,-5159000,-4626000
2009/11/03,0,1084000,-436000,648000
2009/11/04,0,1992000,-162000,1830000
2009/11/05,0,1567000,-401000,1166000
2009/11/06,0,4886000,-21750,4864250
2009/11/09,0,2138000,-184000,1954000
2009/11/10,0,79000,-36462,42538
2009/11/11,0,1401000,-150000,1251000
2009/11/12,0,3475000,-80000,3395000
2009/11/13,0,1364000,-1579000,-215000
2009/11/16,0,856000,-82000,774000
2009/11/17,0,339000,-14000,325000
2009/11/18,0,2289000,-509332,1779668
2009/11/19,0,643000,-199000,444000
2009/11/20,0,2405000,-337000,2068000
2009/11/23,0,1342000,-498000,844000
2009/11/24,0,1375000,-24000,1351000
2009/11/25,0,1409000,-18000,1391000
2009/11/26,0,24000,-865,23135
2009/11/27,0,21000,-209000,-188000
2009/11/30,0,733000,-37000,696000
2009/12/01,0,3892000,-44000,3848000
2009/12/02,0,5653000,-280000,5373000
2009/12/03,0,3058000,-50651,3007349
2009/12/04,0,2220000,-43237,2176763
2009/12/07,0,982000,-111000,871000
2009/12/08,0,989000,-261000,728000
2009/12/09,0,1128000,-3100000,-1972000
2009/12/10,0,2322000,-1238323,1083677
2009/12/11,0,12277000,-506000,11771000
2009/12/14,0,3881000,-91000,3790000
2009/12/15,0,305000,-232000,73000
2009/12/16,0,542000,-3026000,-2484000
2009/12/17,0,812000,-477000,335000
2009/12/18,0,299000,-45000,254000
2009/12/21,0,1000,-748000,-747000
2009/12/22,0,382000,-160000,222000
2009/12/23,0,365000,-37000,328000
2009/12/24,0,350000,-494000,-144000
2009/12/25,0,3878000,-24000,3854000
2009/12/28,0,97000,-776000,-679000
2009/12/29,0,4650000,-79000,4571000
2009/12/30,0,2758000,-123000,2635000
2009/12/31,0,20000,-121000,-101000
2010/01/01,0,0,0,0
2010/01/04,0,451000,-285000,166000
2010/01/05,0,273000,-1724000,-1451000
2010/01/06,0,809000,-2496000,-1687000
2010/01/07,0,1779000,-374000,1405000
2010/01/08,0,142000,-612000,-470000
2010/01/11,0,343000,-362000,-19000
2010/01/12,0,3057000,-243000,2814000
2010/01/13,0,410000,-751000,-341000
2010/01/14,0,12843000,-212324,12630676
2010/01/15,0,10772000,-1390000,9382000
2010/01/18,0,5031000,-2245000,2786000
2010/01/19,0,156000,-4222000,-4066000
2010/01/20,0,166000,-116000,50000
2010/01/21,0,882000,-3027000,-2145000
2010/01/22,0,3194000,-99000,3095000
2010/01/25,0,1000,-378000,-377000
2010/01/26,0,1760000,-5324000,-3564000
2010/01/27,0,711000,-1459000,-748000
2010/01/28,0,127000,-71000,56000
2010/01/29,0,739000,-2378000,-1639000
2010/02/01,0,1450000,-2095000,-645000
2010/02/02,0,328000,-16076000,-15748000
2010/02/03,0,316000,-309000,7000
2010/02/04,0,92000,-2562000,-2470000
2010/02/05,0,2000,-277000,-275000
2010/02/08,0,1016000,-642000,374000
2010/02/09,0,170000,-620000,-450000
2010/02/10,0,39000,-1696000,-1657000
2010/02/11,0,0,0,0
2010/02/12,0,0,0,0
2010/02/15,0,0,0,0
2010/02/16,0,0,0,0
2010/02/17,0,0,0,0
2010/02/18,0,0,0,0
2010/02/19,0,0,0,0
2010/02/22,0,335000,-684000,-349000
2010/02/23,0,19000,-391000,-372000
2010/02/24,0,184000,-1134000,-950000
2010/02/25,0,298000,-110000,188000
2010/02/26,0,351000,-91000,260000
2010/03/01,0,259000,-103000,156000
2010/03/02,0,64000,-215000,-151000
2010/03/03,0,134000,0,134000
2010/03/04,0,54000,-453000,-399000
2010/03/05,0,39000,0,39000
2010/03/08,0,1101000,-29000,1072000
2010/03/09,0,25000,-273000,-248000
2010/03/10,0,165000,-577000,-412000
2010/03/11,0,6143000,-311000,5832000
2010/03/12,0,836000,-440000,396000
2010/03/15,0,53000,-249000,-196000
2010/03/16,0,30000,-110000,-80000
2010/03/17,0,628000,-525,627475
2010/03/18,0,141000,-2224000,-2083000
2010/03/19,0,231000,-110000,121000
2010/03/22,0,131000,-1524000,-1393000
2010/03/23,0,120000,-2152000,-2032000
2010/03/24,0,2887000,-1108000,1779000
2010/03/25,0,190000,-5311000,-5121000
2010/03/26,0,463000,-86000,377000
2010/03/29,0,1274000,-128000,1146000
2010/03/30,0,250000,-156000,94000
2010/03/31,0,532000,-13000,519000
2010/04/01,0,3488000,-267000,3221000
2010/04/02,0,102000,-213000,-111000
2010/04/05,0,0,0,0
2010/04/06,0,4146000,-374000,3772000
2010/04/07,0,3900000,-120000,3780000
2010/04/08,0,3167000,-157000,3010000
2010/04/09,0,1934000,0,1934000
2010/04/12,0,631000,-402780,228220
2010/04/13,0,619000,-1297000,-678000
2010/04/14,0,2281000,-96137,2184863
2010/04/15,0,4538000,-82000,4456000
2010/04/16,0,649000,-194100,454900
2010/04/19,0,456182,-1280000,-823818
2010/04/20,0,345000,-3223000,-2878000
2010/04/21,0,2355731,-58000,2297731
2010/04/22,0,1198000,-617000,581000
2010/04/23,0,653697,-240000,413697
2010/04/26,0,2372000,-32000,2340000
2010/04/27,0,58000,-28000,30000
2010/04/28,0,1214000,-700000,514000
2010/04/29,0,506000,-337000,169000
2010/04/30,0,1455000,-146000,1309000
2010/05/03,0,704000,-809000,-105000
2010/05/04,0,293000,-208000,85000
2010/05/05,0,156000,-6135000,-5979000
2010/05/06,0,456000,-299000,157000
2010/05/07,0,591000,-3467000,-2876000
2010/05/10,0,159000,-517000,-358000
2010/05/11,0,44000,-219000,-175000
2010/05/12,0,262327,-36000,226327
2010/05/13,0,106000,-222000,-116000
2010/05/14,0,125000,-1239990,-1114990
2010/05/17,0,519000,-2030000,-1511000
2010/05/18,0,1241000,-2229000,-988000
2010/05/19,0,983000,-801000,182000
2010/05/20,0,17000,-217000,-200000
2010/05/21,0,493000,-315000,178000
2010/05/24,0,304000,-70000,234000
2010/05/25,0,70000,-574000,-504000
2010/05/26,0,876000,-3512000,-2636000
2010/05/27,0,509000,-307000,202000
2010/05/28,0,2065000,-121259,1943741
2010/05/31,0,3874000,-204000,3670000
2010/06/01,0,1363000,-423000,940000
2010/06/02,0,749000,-297000,452000
2010/06/03,0,133000,-193000,-60000
2010/06/04,0,392000,-12000,380000
2010/06/07,0,211000,-264000,-53000
2010/06/08,0,541000,-370000,171000
2010/06/09,0,519000,-215000,304000
2010/06/10,0,653000,-45000,608000
2010/06/11,0,776406,-80000,696406
2010/06/14,0,117406,-24000,93406
2010/06/15,0,143812,-357000,-213188
2010/06/16,0,0,0,0
2010/06/17,0,1253223,-109000,1144223
2010/06/18,0,180586,-1081076,-900490
2010/06/21,0,728552,-4097000,-3368448
2010/06/22,0,73507,-420000,-346493
2010/06/23,0,23658,-7000,16658
2010/06/24,0,197000,-431000,-234000
2010/06/25,0,44000,-36000,8000
2010/06/28,0,45000,-56000,-11000
2010/06/29,0,706000,-150000,556000
2010/06/30,0,409000,-957000,-548000
2010/07/01,0,25000,-138000,-113000
2010/07/02,0,18000,-53000,-35000
2010/07/05,0,219000,-30045,188955
2010/07/06,0,239000,-367000,-128000
2010/07/07,0,358000,-111000,247000
2010/07/08,0,99000,-11092,87908
2010/07/09,0,606000,-79000,527000
2010/07/12,0,349803,-387000,-37197
2010/07/13,0,129000,-1817000,-1688000
2010/07/14,0,6957000,-192000,6765000
2010/07/15,0,751000,-111000,640000
2010/07/16,0,246000,-2369105,-2123105
2010/07/19,0,633000,-62000,571000
2010/07/20,0,173000,-1232000,-1059000
2010/07/21,0,284000,-26000,258000
2010/07/22,0,150000,-116001,33999
2010/07/23,0,508000,-13000,495000
2010/07/26,0,318000,-471000,-153000
2010/07/27,0,115000,-898000,-783000
2010/07/28,0,69000,-122000,-53000
2010/07/29,0,0,-647000,-647000
2010/07/30,0,361000,-1430000,-1069000
2010/08/02,0,592000,-1807000,-1215000
2010/08/03,0,791000,-3532000,-2741000
2010/08/04,0,26000,-147000,-121000
2010/08/05,0,779000,-18000,761000
2010/08/06,0,521000,-892000,-371000
2010/08/09,0,196000,-1188000,-992000
2010/08/10,0,320000,-1795000,-1475000
2010/08/11,0,136000,-372000,-236000
2010/08/12,0,113000,-283000,-170000
2010/08/13,0,561000,-3519000,-2958000
2010/08/16,0,262000,-1251534,-989534
2010/08/17,0,53000,-413000,-360000
2010/08/18,0,185000,-4255000,-4070000
2010/08/19,0,229000,-6548000,-6319000
2010/08/20,0,550000,-195024,354976
2010/08/23,0,797000,-685000,112000
2010/08/24,0,30000,-533000,-503000
2010/08/25,0,28000,-628000,-600000
2010/08/26,0,665000,-693000,-28000
2010/08/27,0,200000,-997000,-797000
2010/08/30,0,6000,-1729000,-1723000
2010/08/31,0,75000,-2668000,-2593000
2010/09/01,0,681000,-3208000,-2527000
2010/09/02,0,641000,-19000,622000
2010/09/03,0,0,-14000,-14000
2010/09/06,0,140500,-20080,120420
2010/09/07,0,1054935,-435000,619935
2010/09/08,0,667000,-145991,521009
2010/09/09,0,550000,-38000,512000
2010/09/10,0,125000,-454000,-329000
2010/09/13,0,365000,-436000,-71000
2010/09/14,0,315000,-157000,158000
2010/09/15,0,1775000,-215000,1560000
2010/09/16,0,377000,-28000,349000
2010/09/17,0,233000,-49000,184000
2010/09/20,0,64000,-3000,61000
2010/09/21,0,251000,-31000,220000
2010/09/22,0,0,0,0
2010/09/23,0,3075000,-628672,2446328
2010/09/24,0,388000,-176000,212000
2010/09/27,0,22000,-1000,21000
2010/09/28,0,51000,-6000,45000
2010/09/29,0,1338000,-40000,1298000
2010/09/30,0,512000,-119000,393000
2010/10/01,0,147000,0,147000
2010/10/04,0,670000,-4000,666000
2010/10/05,0,291000,-232000,59000
2010/10/06,0,306000,-15000,291000
2010/10/07,0,382000,0,382000
2010/10/08,0,292000,-99,291901
2010/10/11,0,756500,-86000,670500
2010/10/12,0,1127000,-259000,868000
2010/10/13,0,552000,-68000,484000
2010/10/14,0,707000,0,707000
2010/10/15,0,2053000,-2146000,-93000
2010/10/18,0,1494000,-1275000,219000
2010/10/19,0,753000,-617000,136000
2010/10/20,0,1006000,-998000,8000
2010/10/21,0,1291000,-648000,643000
2010/10/22,0,391001,-576000,-184999
2010/10/25,0,713000,-1500000,-787000
2010/10/26,0,163000,-3019000,-2856000
2010/10/27,0,119000,-2129000,-2010000
2010/10/28,0,602000,-3533000,-2931000
2010/10/29,0,704000,-131000,573000
2010/11/01,0,926000,0,926000
2010/11/02,0,796000,-133000,663000
2010/11/03,0,425000,-391000,34000
2010/11/04,0,525000,-2800000,-2275000
2010/11/05,0,399000,0,399000
2010/11/08,0,151000,-2000,149000
2010/11/09,0,255000,-6000,249000
2010/11/10,0,45000,-43000,2000
2010/11/11,0,188000,-294000,-106000
2010/11/12,0,814000,-345000,469000
2010/11/15,0,112000,-6000,106000
2010/11/16,0,1659000,-790322,868678
2010/11/17,0,38000,-510000,-472000
2010/11/18,0,0,-251000,-251000
2010/11/19,0,78000,-144000,-66000
2010/11/22,0,103000,0,103000
2010/11/23,0,145000,-218340,-73340
2010/11/24,0,241000,-500000,-259000
2010/11/25,0,236000,-521000,-285000
2010/11/26,0,191000,-142000,49000
2010/11/29,0,151000,-132000,19000
2010/11/30,0,1671000,-34000,1637000
2010/12/01,0,388000,-334000,54000
2010/12/02,0,616000,-399000,217000
2010/12/03,0,435000,-1059000,-624000
2010/12/06,0,5511000,-743000,4768000
2010/12/07,0,5000,-775000,-770000
2010/12/08,0,900000,-1926000,-1026000
2010/12/09,0,2716000,-1730000,986000
2010/12/10,0,535000,-388000,147000
2010/12/13,0,857000,-499000,358000
2010/12/14,0,833000,-602000,231000
2010/12/15,0,939000,-333000,606000
2010/12/16,0,773000,-1169000,-396000
2010/12/17,0,1023000,-1956000,-933000
2010/12/20,0,130000,-843000,-713000
2010/12/21,0,311000,-1325000,-1014000
2010/12/22,0,263000,-1927090,-1664090
2010/12/23,0,338000,-1553000,-1215000
2010/12/24,0,665000,-787000,-122000
2010/12/27,0,119000,-625000,-506000
2010/12/28,0,1095000,-246000,849000
2010/12/29,0,672000,-421000,251000
2010/12/30,0,1366000,-2221000,-855000
2010/12/31,0,513000,-3641563,-3128563
2011/01/03,0,5753000,-1390000,4363000
2011/01/04,0,1685000,-3470000,-1785000
2011/01/05,0,18531000,-6277000,12254000
2011/01/06,0,148000,-3899000,-3751000
2011/01/07,0,923000,-1613749,-690749
2011/01/10,0,6634000,-3120000,3514000
2011/01/11,0,2779000,-1670643,1108357
2011/01/12,0,3510000,-1203000,2307000
2011/01/13,0,2544564,-717000,1827564
2011/01/14,0,1912000,-1358000,554000
2011/01/17,0,9235000,-147000,9088000
2011/01/18,0,24708000,-3573000,21135000
2011/01/19,0,13160000,-2053000,11107000
2011/01/20,0,7004000,-608000,6396000
2011/01/21,0,485000,-294000,191000
2011/01/24,0,3493000,-3000,3490000
2011/01/25,0,637000,-160000,477000
2011/01/26,0,3991000,0,3991000
2011/01/27,0,398000,-78000,320000
2011/01/28,0,1820000,-1134000,686000
2011/01/31,0,0,0,0
2011/02/01,0,0,0,0
2011/02/02,0,0,0,0
2011/02/03,0,0,0,0
2011/02/04,0,0,0,0
2011/02/07,0,0,0,0
2011/02/08,0,2317000,-1721000,596000
2011/02/09,0,2164000,-199000,1965000
2011/02/10,0,1009000,-187000,822000
2011/02/11,0,2614000,-437000,2177000
2011/02/14,0,4003000,-873000,3130000
2011/02/15,0,1057000,-1564263,-507263
2011/02/16,0,4268000,-1036000,3232000
2011/02/17,0,1019000,-614000,405000
2011/02/18,0,1749000,-90000,1659000
2011/02/21,0,4932000,-192000,4740000
2011/02/22,0,11863000,-793000,11070000
2011/02/23,0,6950997,-4689000,2261997
2011/02/24,0,2237000,-270000,1967000
2011/02/25,0,1508000,-1043000,465000
2011/02/28,0,0,0,0
2011/03/01,0,2251000,-2077000,174000
2011/03/02,0,1286000,-820000,466000
2011/03/03,0,9208000,-809000,8399000
2011/03/04,0,1754800,-110000,1644800
2011/03/07,0,2279000,-225000,2054000
2011/03/08,0,4091000,-2145000,1946000
2011/03/09,0,9414000,-6502000,2912000
2011/03/10,0,6892000,-6343073,548927
2011/03/11,0,633000,-545000,88000
2011/03/14,0,2733000,-112000,2621000
2011/03/15,0,1658000,-362000,1296000
2011/03/16,0,311000,-742000,-431000
2011/03/17,0,2005000,-2251000,-246000
2011/03/18,0,3497000,-4106573,-609573
2011/03/21,0,214000,-2907000,-2693000
2011/03/22,0,8055839,-3841000,4214839
2011/03/23,0,52000,-335000,-283000
2011/03/24,0,726000,-546000,180000
2011/03/25,0,182000,-649000,-467000
2011/03/28,0,435000,-2012000,-1577000
2011/03/29,0,516000,-1267000,-751000
2011/03/30,0,716000,-123000,593000
2011/03/31,0,2197854,-561000,1636854
2011/04/01,0,642328,-183000,459328
2011/04/04,0,0,0,0
2011/04/05,0,0,0,0
2011/04/06,0,3930000,-6266000,-2336000
2011/04/07,0,4331001,-2157441,2173560
2011/04/08,0,3753000,-2071000,1682000
2011/04/11,0,1912000,-1511000,401000
2011/04/12,0,3855000,-4495891,-640891
2011/04/13,0,703000,-593000,110000
2011/04/14,0,553000,-255000,298000
2011/04/15,0,898000,-38000,860000
2011/04/18,0,84000,-65000,19000
2011/04/19,0,383000,-2431000,-2048000
2011/04/20,0,1334805,-54000,1280805
2011/04/21,0,938000,-16000,922000
2011/04/22,0,194000,-92000,102000
2011/04/25,0,339000,-2000,337000
2011/04/26,0,355862,-2509000,-2153138
2011/04/27,0,313000,-1622087,-1309087
2011/04/28,0,1232000,-3649000,-2417000
2011/04/29,0,3485080,-712000,2773080
2011/05/02,0,0,0,0
2011/05/03,0,2822000,-2911000,-89000
2011/05/04,0,2425000,-2730000,-305000
2011/05/05,0,2956000,-884000,2072000
2011/05/06,0,2984183,-81000,2903183
2011/05/09,0,1027000,-82000,945000
2011/05/10,0,1362000,-32000,1330000
2011/05/11,0,1085000,-106000,979000
2011/05/12,0,1753000,-1129000,624000
2011/05/13,0,708000,-12000,696000
2011/05/16,0,120000,-1252000,-1132000
2011/05/17,0,20000,-1333000,-1313000
2011/05/18,0,1268000,-1521000,-253000
2011/05/19,0,900000,-107000,793000
2011/05/20,0,2603000,-2220000,383000
2011/05/23,0,1709000,-2909000,-1200000
2011/05/24,0,507000,-1125000,-618000
2011/05/25,0,52000,-4367338,-4315338
2011/05/26,0,102000,-206126,-104126
2011/05/27,0,1861000,-155000,1706000
2011/05/30,0,1128000,-1571000,-443000
2011/05/31,0,1847000,-306000,1541000
2011/06/01,0,2415000,-682000,1733000
2011/06/02,0,800000,-246000,554000
2011/06/03,0,845000,-1214000,-369000
2011/06/06,0,0,0,0
2011/06/07,0,1080000,-205000,875000
2011/06/08,0,2812000,-182000,2630000
2011/06/09,0,2167000,-42000,2125000
2011/06/10,0,1968000,-2278000,-310000
2011/06/13,0,1854000,-1786000,68000
2011/06/14,0,1884000,-1468000,416000
2011/06/15,0,2362000,-1406000,956000
2011/06/16,0,860000,-1064000,-204000
2011/06/17,0,1533018,-567011,966007
2011/06/20,0,669000,-295000,374000
2011/06/21,0,1713500,-3657000,-1943500
2011/06/22,0,1480000,-4223000,-2743000
2011/06/23,0,849000,-5973000,-5124000
2011/06/24,0,1116000,-1950000,-834000
2011/06/27,0,159000,-2531000,-2372000
2011/06/28,0,699500,-1440000,-740500
2011/06/29,0,474000,-2756000,-2282000
2011/06/30,0,41000,-1969000,-1928000
2011/07/01,0,670000,-2596000,-1926000
2011/07/04,0,842000,-1137000,-295000
2011/07/05,0,126000,-566000,-440000
2011/07/06,0,1180541,-469000,711541
2011/07/07,0,1656604,-2170000,-513396
2011/07/08,0,606139,-3495000,-2888861
2011/07/11,0,221843,-3115000,-2893157
2011/07/12,0,1154683,-4904000,-3749317
2011/07/13,0,730793,-2309000,-1578207
2011/07/14,0,1756035,-2262000,-505965
2011/07/15,0,195000,-1517000,-1322000
2011/07/18,0,354871,-3238000,-2883129
2011/07/19,0,1220000,-502000,718000
2011/07/20,0,823110,-4996000,-4172890
2011/07/21,0,2420397,-585000,1835397
2011/07/22,0,649381,-4966000,-4316619
2011/07/25,0,231000,-247000,-16000
2011/07/26,0,399866,-1297000,-897134
2011/07/27,0,314744,-655000,-340256
2011/07/28,0,238471,-176000,62471
2011/07/29,0,606752,-329000,277752
2011/08/01,0,631000,-431000,200000
2011/08/02,0,296626,-561000,-264374
2011/08/03,0,257890,-499000,-241110
2011/08/04,0,475116,-415000,60116
2011/08/05,0,358139,-1977000,-1618861
2011/08/08,0,931605,-3297000,-2365395
2011/08/09,0,1396000,-3338000,-1942000
2011/08/10,0,1369000,-3861000,-2492000
2011/08/11,0,5886000,-2609000,3277000
2011/08/12,0,3973000,-1427000,2546000
2011/08/15,0,1344000,-3153000,-1809000
2011/08/16,0,1237000,-482000,755000
2011/08/17,0,576997,-386000,190997
2011/08/18,0,300272,-563000,-262728
2011/08/19,0,617896,-3832000,-3214104
2011/08/22,0,342239,-1812000,-1469761
2011/08/23,0,459000,-137000,322000
2011/08/24,0,1205660,-1061000,144660
2011/08/25,0,1697700,-1920000,-222300
2011/08/26,0,154596,-857000,-702404
2011/08/29,0,272000,-204384,67616
2011/08/30,0,431271,-360000,71271
2011/08/31,0,745782,-277000,468782
2011/09/01,0,396260,-400000,-3740
2011/09/02,0,296661,-255000,41661
2011/09/05,0,121000,-379000,-258000
2011/09/06,0,240655,-1101000,-860345
2011/09/07,0,254360,-35000,219360
2011/09/08,0,481308,-762000,-280692
2011/09/09,0,297000,-141000,156000
2011/09/12,0,0,0,0
2011/09/13,0,156785,-250000,-93215
2011/09/14,0,2563160,-1363000,1200160
2011/09/15,0,664000,-466000,198000
2011/09/16,0,1216000,-266000,950000
2011/09/19,0,407561,-24000,383561
2011/09/20,0,607000,-609000,-2000
2011/09/21,0,1206842,-1070000,136842
2011/09/22,0,796000,-1945000,-1149000
2011/09/23,0,3956010,-2254000,1702010
2011/09/26,0,121840,-1602000,-1480160
2011/09/27,0,1459097,-71000,1388097
2011/09/28,0,5016925,-1561000,3455925
2011/09/29,0,1175391,-32000,1143391
2011/09/30,0,664000,-289000,375000
2011/10/03,0,1826189,-81000,1745189
2011/10/04,0,3822000,-2014000,1808000
2011/10/05,0,710000,-748000,-38000
2011/10/06,0,1538000,-1984000,-446000
2011/10/07,0,382000,-1165000,-783000
2011/10/10,0,0,0,0
2011/10/11,0,485000,-1006000,-521000
2011/10/12,0,1824000,-750000,1074000
2011/10/13,0,3731332,-1533000,2198332
2011/10/14,0,531700,-637000,-105300
2011/10/17,0,578060,-300000,278060
2011/10/18,0,913806,-761000,152806
2011/10/19,0,399421,-190000,209421
2011/10/20,0,2652539,-3540000,-887461
2011/10/21,0,363696,-869000,-505304
2011/10/24,0,1450314,-900000,550314
2011/10/25,0,1017958,-1057000,-39042
2011/10/26,0,472000,-496000,-24000
2011/10/27,0,510000,-942000,-432000
2011/10/28,0,2323000,-854000,1469000
2011/10/31,0,88000,-291016,-203016
2011/11/01,0,466000,-162000,304000
2011/11/02,0,654000,-242000,412000
2011/11/03,0,986000,-614000,372000
2011/11/04,0,592000,-51000,541000
2011/11/07,0,84000,-44000,40000
2011/11/08,0,127000,-70000,57000
2011/11/09,0,698000,-84000,614000
2011/11/10,0,359000,-112000,247000
2011/11/11,0,191000,-1682000,-1491000
2011/11/14,0,626000,0,626000
2011/11/15,0,551000,0,551000
2011/11/16,0,798000,-245000,553000
2011/11/17,0,107000,-165000,-58000
2011/11/18,0,197000,-100000,97000
2011/11/21,0,736000,-288000,448000
2011/11/22,0,1080000,-1930000,-850000
2011/11/23,0,1363000,-1839000,-476000
2011/11/24,0,673000,-803000,-130000
2011/11/25,0,196000,-435000,-239000
2011/11/28,0,306000,-843000,-537000
2011/11/29,0,1288000,-1237000,51000
2011/11/30,0,1055000,-923000,132000
2011/12/01,0,838000,-1271000,-433000
2011/12/02,0,435000,-1001000,-566000
2011/12/05,0,392000,-865000,-473000
2011/12/06,0,454000,-1217000,-763000
2011/12/07,0,613000,-289000,324000
2011/12/08,0,813000,-703000,110000
2011/12/09,0,221000,-1468000,-1247000
2011/12/12,0,78000,-41000,37000
2011/12/13,0,119000,-535000,-416000
2011/12/14,0,212000,-672000,-460000
2011/12/15,0,483000,-1593000,-1110000
2011/12/16,0,77000,-581000,-504000
2011/12/19,0,713000,-1596000,-883000
2011/12/20,0,728000,-2264000,-1536000
2011/12/21,0,195000,-438000,-243000
2011/12/22,0,550000,-2330000,-1780000
2011/12/23,0,547000,-1428000,-881000
2011/12/26,0,23000,-351000,-328000
2011/12/27,0,579000,-480349,98651
2011/12/28,0,156000,-47000,109000
2011/12/29,0,290000,-383000,-93000
2011/12/30,0,209000,-245000,-36000
2012/01/02,0,53000,-145000,-92000
2012/01/03,0,243000,-73000,170000
2012/01/04,0,135000,-352000,-217000
2012/01/05,0,413000,-1804000,-1391000
2012/01/06,0,799000,-2447000,-1648000
2012/01/09,0,304000,-2828000,-2524000
2012/01/10,0,522000,-2897000,-2375000
2012/01/11,0,2563000,-771000,1792000
2012/01/12,0,1549000,-2158000,-609000
2012/01/13,0,1156000,-1717000,-561000
2012/01/16,0,293000,-2065700,-1772700
2012/01/17,0,1606000,-1344000,262000
2012/01/18,0,1980000,-2696000,-716000
2012/01/19,0,0,0,0
2012/01/20,0,0,0,0
2012/01/23,0,0,0,0
2012/01/24,0,0,0,0
2012/01/25,0,0,0,0
2012/01/26,0,0,0,0
2012/01/27,0,0,0,0
2012/01/30,0,3299000,-4125000,-826000
2012/01/31,0,4686921,-1570000,3116921
2012/02/01,0,1982000,-8172000,-6190000
2012/02/02,0,2408000,-3106000,-698000
2012/02/03,0,3935000,-1130000,2805000
2012/02/06,0,4185000,-2666000,1519000
2012/02/07,0,2998000,-1310000,1688000
2012/02/08,0,5856000,-2435000,3421000
2012/02/09,0,3717000,-2399000,1318000
2012/02/10,0,2566000,-1393000,1173000
2012/02/13,0,5238000,-2043000,3195000
2012/02/14,0,560802,-6222000,-5661198
2012/02/15,0,2867000,-7525000,-4658000
2012/02/16,0,714000,-3905000,-3191000
2012/02/17,0,2003000,-1478000,525000
2012/02/20,0,7000,-2325000,-2318000
2012/02/21,0,64000,-185000,-121000
2012/02/22,0,792000,-975000,-183000
2012/02/23,0,369000,-2915000,-2546000
2012/02/24,0,362000,-792000,-430000
2012/02/27,0,0,0,0
2012/02/28,0,0,0,0
2012/02/29,0,1703105,-1647000,56105
2012/03/01,0,719000,-824000,-105000
2012/03/02,0,422000,-684500,-262500
2012/03/05,0,503000,-3001000,-2498000
2012/03/06,0,574000,-1384000,-810000
2012/03/07,0,809000,-1175000,-366000
2012/03/08,0,508000,-1274000,-766000
2012/03/09,0,340000,-2196000,-1856000
2012/03/12,0,137000,-1252000,-1115000
2012/03/13,0,539000,-2153000,-1614000
2012/03/14,0,581000,-2130000,-1549000
2012/03/15,0,178000,-3122000,-2944000
2012/03/16,0,874000,-7046000,-6172000
2012/03/19,0,424000,-2377000,-1953000
2012/03/20,0,141000,-1686000,-1545000
2012/03/21,0,690000,-3118000,-2428000
2012/03/22,0,1103000,-1693000,-590000
2012/03/23,0,211000,-344000,-133000
2012/03/26,0,282000,-907000,-625000
2012/03/27,0,546000,-505000,41000
2012/03/28,0,1316000,-406000,910000
2012/03/29,0,421000,-850000,-429000
2012/03/30,0,1293731,-1366000,-72269
2012/04/02,0,281000,-450000,-169000
2012/04/03,0,1859000,-655000,1204000
2012/04/04,0,0,0,0
2012/04/05,0,883000,-1717000,-834000
2012/04/06,0,1096000,-1146000,-50000
2012/04/09,0,638000,-505000,133000
2012/04/10,0,1552000,-480000,1072000
2012/04/11,0,206000,-482000,-276000
2012/04/12,0,1252000,-298000,954000
2012/04/13,0,1348000,-489000,859000
2012/04/16,0,1587000,-409000,1178000
2012/04/17,0,697000,-306000,391000
2012/04/18,0,1405000,-283000,1122000
2012/04/19,0,978000,-190000,788000
2012/04/20,0,1748000,-449000,1299000
2012/04/23,0,789000,-171000,618000
2012/04/24,0,980000,-402000,578000
2012/04/25,0,1203000,-1986000,-783000
2012/04/26,0,999000,-313133,685867
2012/04/27,0,765000,-814229,-49229
2012/04/30,0,791000,-34000,757000
2012/05/01,0,0,0,0
2012/05/02,0,2660000,-1318000,1342000
2012/05/03,0,810000,-526000,284000
2012/05/04,0,1319000,-51000,1268000
2012/05/07,0,1474000,-163000,1311000
2012/05/08,0,994000,-416000,578000
2012/05/09,0,1277000,-586000,691000
2012/05/10,0,1773252,-557278,1215974
2012/05/11,0,704597,-240000,464597
2012/05/14,0,459000,-536000,-77000
2012/05/15,0,1172000,-968000,204000
2012/05/16,0,2406000,-868000,1538000
2012/05/17,0,1934000,-494000,1440000
2012/05/18,0,947000,-205000,742000
2012/05/21,0,1767000,-546000,1221000
2012/05/22,0,1405000,-298000,1107000
2012/05/23,0,1026000,-874000,152000
2012/05/24,0,1235000,-115000,1120000
2012/05/25,0,629000,-188000,441000
2012/05/28,0,311000,-54000,257000
2012/05/29,0,975000,-566000,409000
2012/05/30,0,1413000,-330000,1083000
2012/05/31,0,2229000,-437000,1792000
2012/06/01,0,1862000,-837000,1025000
2012/06/04,0,852000,-47000,805000
2012/06/05,0,1503000,-45000,1458000
2012/06/06,0,1901000,-584000,1317000
2012/06/07,0,1922498,-208000,1714498
2012/06/08,0,1272623,-30000,1242623
2012/06/11,0,1337551,-419000,918551
2012/06/12,0,2774000,-77000,2697000
2012/06/13,0,596878,-40000,556878
2012/06/14,0,2497328,-1528500,968828
2012/06/15,0,14284960,-2967232,11317728
2012/06/18,0,2936375,-1314000,1622375
2012/06/19,0,778064,-646000,132064
2012/06/20,0,680392,-17000,663392
2012/06/21,0,1135305,-34000,1101305
2012/06/22,0,871586,-185000,686586
2012/06/25,0,1333000,-635000,698000
2012/06/26,0,1434000,-258000,1176000
2012/06/27,0,613000,-401000,212000
2012/06/28,0,330316,-697000,-366684
2012/06/29,0,1651316,-13000,1638316
2012/07/02,0,574000,-35000,539000
2012/07/03,0,1248000,-2000,1246000
2012/07/04,0,1536462,-714000,822462
2012/07/05,0,908000,-31000,877000
2012/07/06,0,156000,-108000,48000
2012/07/09,0,1004000,-20000,984000
2012/07/10,0,394000,-122000,272000
2012/07/11,0,1346000,-169000,1177000
2012/07/12,0,622000,-177000,445000
2012/07/13,0,1078383,-254000,824383
2012/07/16,0,1332000,-309000,1023000
2012/07/17,0,330000,-141000,189000
2012/07/18,0,1183000,-525000,658000
2012/07/19,0,841000,-288000,553000
2012/07/20,0,58000,-282000,-224000
2012/07/23,0,174000,-590000,-416000
2012/07/24,0,283000,-953000,-670000
2012/07/25,0,1705000,-709000,996000
2012/07/26,0,196000,-568000,-372000
2012/07/27,0,348000,-1084000,-736000
2012/07/30,0,169000,-645000,-476000
2012/07/31,0,1405000,-4168251,-2763251
2012/08/01,0,2083000,-225000,1858000
2012/08/02,0,0,0,0
2012/08/03,0,167000,-1924000,-1757000
2012/08/06,0,193000,-672000,-479000
2012/08/07,0,293000,-122000,171000
2012/08/08,0,1926000,-286000,1640000
2012/08/09,0,623000,-54000,569000
2012/08/10,0,254000,-95000,159000
2012/08/13,0,35000,-422000,-387000
2012/08/14,0,178000,-178000,0
2012/08/15,0,691000,-699000,-8000
2012/08/16,0,963000,-107000,856000
2012/08/17,0,594000,-5000,589000
2012/08/20,0,217000,-139000,78000
2012/08/21,0,43000,-5000,38000
2012/08/22,0,1758000,-113000,1645000
2012/08/23,0,1067000,-2001000,-934000
2012/08/24,0,919000,-1213200,-294200
2012/08/27,0,1075000,-879000,196000
2012/08/28,0,484000,-151000,333000
2012/08/29,0,15698000,-284000,15414000
2012/08/30,0,5282000,-2090000,3192000
2012/08/31,0,991281,-233059,758222
2012/09/03,0,323558,-318000,5558
2012/09/04,0,2410000,-269000,2141000
2012/09/05,0,1361000,-246000,1115000
2012/09/06,0,802000,-382000,420000
2012/09/07,0,3398761,-614000,2784761
2012/09/10,0,1450000,-484000,966000
2012/09/11,0,2324000,-367000,1957000
2012/09/12,0,2711000,-782000,1929000
2012/09/13,0,1943000,-100036,1842964
2012/09/14,0,4454000,-709000,3745000
2012/09/17,0,1339000,-830000,509000
2012/09/18,0,4227000,-795000,3432000
2012/09/19,0,1305000,-299000,1006000
2012/09/20,0,2061000,-1157000,904000
2012/09/21,0,588000,-1207000,-619000
2012/09/24,0,951000,-1894000,-943000
2012/09/25,0,2281000,-659000,1622000
2012/09/26,0,380000,-162000,218000
2012/09/27,0,2105000,-410000,1695000
2012/09/28,0,806000,-655000,151000
2012/10/01,0,816000,-123000,693000
2012/10/02,0,295000,-177000,118000
2012/10/03,0,239000,-45000,194000
2012/10/04,0,560000,-766000,-206000
2012/10/05,0,646000,-121000,525000
2012/10/08,0,993000,-253000,740000
2012/10/09,0,3683000,-308000,3375000
2012/10/10,0,0,0,0
2012/10/11,0,12924000,-372000,12552000
2012/10/12,0,5133000,-380000,4753000
2012/10/15,0,4258000,-174000,4084000
2012/10/16,0,5506000,-699000,4807000
2012/10/17,0,846000,-111000,735000
2012/10/18,0,617000,-67000,550000
2012/10/19,0,84000,-92000,-8000
2012/10/22,0,623000,-242154,380846
2012/10/23,0,3136000,-119000,3017000
2012/10/24,0,4664000,-1954000,2710000
2012/10/25,0,1344000,-1167000,177000
2012/10/26,0,3056000,-413000,2643000
2012/10/29,0,3502000,-170000,3332000
2012/10/30,0,191000,-126000,65000
2012/10/31,0,1256000,-674000,582000
2012/11/01,0,1444000,-722000,722000
2012/11/02,0,3792000,-7459000,-3667000
2012/11/05,0,3439000,-11000,3428000
2012/11/06,0,3554000,-1685000,1869000
2012/11/07,0,1951000,-1146000,805000
2012/11/08,0,331000,-216000,115000
2012/11/09,0,741000,-521000,220000
2012/11/12,0,670000,-211883,458117
2012/11/13,0,791000,-516000,275000
2012/11/14,0,1935000,-288000,1647000
2012/11/15,0,1406000,-441000,965000
2012/11/16,0,2103000,-618000,1485000
2012/11/19,0,2345000,-1107000,1238000
2012/11/20,0,1248000,-722000,526000
2012/11/21,0,790000,-1086000,-296000
2012/11/22,0,44000,-260000,-216000
2012/11/23,0,1126000,-764000,362000
2012/11/26,0,1987000,-604000,1383000
2012/11/27,0,1767000,-235000,1532000
2012/11/28,0,491000,-319000,172000
2012/11/29,0,644000,-512000,132000
2012/11/30,0,4735000,-176000,4559000
2012/12/03,0,2321364,-40000,2281364
2012/12/04,0,4022000,-1336000,2686000
2012/12/05,0,1639000,-416000,1223000
2012/12/06,0,2910000,-170000,2740000
2012/12/07,0,5138000,-1247000,3891000
2012/12/10,0,3929000,-580000,3349000
2012/12/11,0,1484000,-308000,1176000
2012/12/12,0,2861000,-38000,2823000
2012/12/13,0,2073000,-1426000,647000
2012/12/14,0,849000,-549000,300000
2012/12/17,0,738000,-216000,522000
2012/12/18,0,492000,-231000,261000
2012/12/19,0,1501000,-608000,893000
2012/12/20,0,769000,-260000,509000
2012/12/21,0,398000,-1253000,-855000
2012/12/24,0,543000,-931000,-388000
2012/12/25,0,245000,-383000,-138000
2012/12/26,0,449000,-753852,-304852
2012/12/27,0,1825118,-1040000,785118
2012/12/28,0,2771000,-130005,2640995
2012/12/31,0,0,0,0
2013/01/01,0,0,0,0
2013/01/02,0,3236600,-2219000,1017600
2013/01/03,0,432000,-985058,-553058
2013/01/04,0,2351000,-614053,1736947
2013/01/07,0,687000,-409000,278000
2013/01/08,0,2855000,-212000,2643000
2013/01/09,0,530000,-99000,431000
2013/01/10,0,2924000,-6725000,-3801000
2013/01/11,0,1472000,-605000,867000
2013/01/14,0,363000,-4112000,-3749000
2013/01/15,0,3254000,-2181363,1072637
2013/01/16,0,454000,-992000,-538000
2013/01/17,0,1406000,-208000,1198000
2013/01/18,0,2661000,-249000,2412000
2013/01/21,0,257000,-790000,-533000
2013/01/22,0,751000,-336045,414955
2013/01/23,0,886000,-1067000,-181000
2013/01/24,0,2624000,-1417000,1207000
2013/01/25,0,526000,-1208670,-682670
2013/01/28,0,799000,-1012000,-213000
2013/01/29,0,2209000,-2726000,-517000
2013/01/30,0,2827000,-983000,1844000
2013/01/31,0,3657000,-5459000,-1802000
2013/02/01,0,5157000,-14000,5143000
2013/02/04,0,2718000,-321436,2396564
2013/02/05,0,2652000,-483000,2169000
2013/02/06,0,2339000,-348000,1991000
2013/02/07,0,0,0,0
2013/02/08,0,0,0,0
2013/02/11,0,0,0,0
2013/02/12,0,0,0,0
2013/02/13,0,0,0,0
2013/02/14,0,0,0,0
2013/02/15,0,0,0,0
2013/02/18,0,4649000,-1025000,3624000
2013/02/19,0,8734000,-358000,8376000
2013/02/20,0,1941000,-940000,1001000
2013/02/21,0,242000,-874000,-632000
2013/02/22,0,1613000,-1193000,420000
2013/02/25,0,1136000,-714000,422000
2013/02/26,0,380000,-739000,-359000
2013/02/27,0,2537000,-1536000,1001000
2013/02/28,0,0,0,0
2013/03/01,0,7845000,-202000,7643000
2013/03/04,0,4617000,-3244857,1372143
2013/03/05,0,3597000,-2328000,1269000
2013/03/06,0,3963000,-4202000,-239000
2013/03/07,0,3844000,-2288000,1556000
2013/03/08,0,1559000,-959000,600000
2013/03/11,0,3896000,-2083000,1813000
2013/03/12,0,1821000,-63000,1758000
2013/03/13,0,2130000,-393000,1737000
2013/03/14,0,2310000,-585000,1725000
2013/03/15,0,2651000,-1158980,1492020
2013/03/18,0,2260000,-411000,1849000
2013/03/19,0,1462000,-1173562,288438
2013/03/20,0,1291000,-2079000,-788000
2013/03/21,0,1544000,-1300000,244000
2013/03/22,0,1544000,-477637,1066363
2013/03/25,0,1585000,-803000,782000
2013/03/26,0,1168000,-1356000,-188000
2013/03/27,0,461000,-7000,454000
2013/03/28,0,2159000,-823000,1336000
2013/03/29,0,878000,-111000,767000
2013/04/01,0,299000,-24000,275000
2013/04/02,0,1611000,-1784000,-173000
2013/04/03,0,784000,-397426,386574
2013/04/04,0,0,0,0
2013/04/05,0,0,0,0
2013/04/08,0,3320000,-5130000,-1810000
2013/04/09,0,2834000,-4177450,-1343450
2013/04/10,0,1851116,-341000,1510116
2013/04/11,0,1214000,-800417,413583
2013/04/12,0,2013000,-1311000,702000
2013/04/15,0,1216000,-257000,959000
2013/04/16,0,907000,-144000,763000
2013/04/17,0,687000,-1085660,-398660
2013/04/18,0,1089000,-757101,331899
2013/04/19,0,2336000,-474000,1862000
2013/04/22,0,1350000,-173000,1177000
2013/04/23,0,1211000,-247000,964000
2013/04/24,0,1653500,-781000,872500
2013/04/25,0,963000,-65000,898000
2013/04/26,0,1775000,-1031000,744000
2013/04/29,0,650000,-201000,449000
2013/04/30,0,1901000,-339000,1562000
2013/05/01,0,0,0,0
2013/05/02,0,1753000,-948332,804668
2013/05/03,0,1794000,-339000,1455000
2013/05/06,0,1139000,-982000,157000
2013/05/07,0,1317000,-636000,681000
2013/05/08,0,4157971,-228104,3929867
2013/05/09,0,832208,-333000,499208
2013/05/10,0,1355000,-148000,1207000
2013/05/13,0,1008232,-130000,878232
2013/05/14,0,2773000,-601000,2172000
2013/05/15,0,4345000,-5178899,-833899
2013/05/16,0,2781674,-1799000,982674
2013/05/17,0,817118,-945000,-127882
2013/05/20,0,2326520,-2268000,58520
2013/05/21,0,3662000,-2987000,675000
2013/05/22,0,3736443,-1093220,2643223
2013/05/23,0,2885000,-2302780,582220
2013/05/24,0,3686000,-1424000,2262000
2013/05/27,0,1586000,-1055000,531000
2013/05/28,0,1025000,-747000,278000
2013/05/29,0,665000,-794000,-129000
2013/05/30,0,1109000,-505400,603600
2013/05/31,0,1692000,-2352000,-660000
2013/06/03,0,1524000,-401000,1123000
2013/06/04,0,2859000,-3864364,-1005364
2013/06/05,0,1557000,-1272000,285000
2013/06/06,0,2779000,-2438000,341000
2013/06/07,0,3326000,-3271384,54616
2013/06/10,0,953000,-1694000,-741000
2013/06/11,0,1382000,-904000,478000
2013/06/12,0,0,0,0
2013/06/13,0,2283348,-1548000,735348
2013/06/14,0,1870000,-1887000,-17000
2013/06/17,0,1029000,-2468000,-1439000
2013/06/18,0,1836000,-2131169,-295169
2013/06/19,0,8123000,-8445268,-322268
2013/06/20,0,1598000,-1497000,101000
2013/06/21,0,9329000,-9687000,-358000
2013/06/24,0,2798000,-799662,1998338
2013/06/25,0,4920000,-968000,3952000
2013/06/26,0,3184000,-5124219,-1940219
2013/06/27,0,1460000,-812000,648000
2013/06/28,0,890000,-1148000,-258000
2013/07/01,0,1347000,-1173000,174000
2013/07/02,0,5946000,-6569579,-623579
2013/07/03,0,1400000,-1635349,-235349
2013/07/04,0,485000,-175000,310000
2013/07/05,0,1057000,-698000,359000
2013/07/08,0,1334000,-667419,666581
2013/07/09,0,1119000,-1187000,-68000
2013/07/10,0,1668000,-417000,1251000
2013/07/11,0,2822000,-3920000,-1098000
2013/07/12,0,1749000,-1565000,184000
2013/07/15,0,4061000,-3362153,698847
2013/07/16,0,3537000,-2976000,561000
2013/07/17,0,4122000,-639000,3483000
2013/07/18,0,2492000,-1670193,821807
2013/07/19,0,2324801,-3753000,-1428199
2013/07/22,0,3621000,-2686000,935000
2013/07/23,0,3394000,-1708000,1686000
2013/07/24,0,2564000,-971250,1592750
2013/07/25,0,1812000,-246000,1566000
2013/07/26,0,1933210,-2964000,-1030790
2013/07/29,0,1101000,-1384076,-283076
2013/07/30,0,3983000,-3819391,163609
2013/07/31,0,2209000,-3097000,-888000
2013/08/01,0,3759000,-2411000,1348000
2013/08/02,0,1352000,-827000,525000
2013/08/05,0,1719000,-1518000,201000
2013/08/06,0,1618000,-1270264,347736
2013/08/07,0,1936558,-1584000,352558
2013/08/08,0,1588000,-2118000,-530000
2013/08/09,0,1335000,-1430000,-95000
2013/08/12,0,1841000,-1891000,-50000
2013/08/13,0,5277000,-3408949,1868051
2013/08/14,0,799450,-603000,196450
2013/08/15,0,1416000,-310000,1106000
2013/08/16,0,951000,-1886000,-935000
2013/08/19,0,2350000,-1835000,515000
2013/08/20,0,5093000,-829000,4264000
2013/08/21,0,0,0,0
2013/08/22,0,3665000,-2919000,746000
2013/08/23,0,5929000,-3099000,2830000
2013/08/26,0,1868710,-323000,1545710
2013/08/27,0,2340000,-428000,1912000
2013/08/28,0,1536000,-954000,582000
2013/08/29,0,2060000,-799000,1261000
2013/08/30,0,1522103,-855000,667103
2013/09/02,0,725000,-49000,676000
2013/09/03,0,2481394,-709000,1772394
2013/09/04,0,1075000,-2299000,-1224000
2013/09/05,0,2504000,-3738000,-1234000
2013/09/06,0,2250514,-1280000,970514
2013/09/09,0,1769000,-1083000,686000
2013/09/10,0,1326545,-104000,1222545
2013/09/11,0,1478000,-845000,633000
2013/09/12,0,2171000,-854000,1317000
2013/09/13,0,977000,-720000,257000
2013/09/16,0,870000,-687000,183000
2013/09/17,0,1424408,-1716000,-291592
2013/09/18,0,1205000,-3477942,-2272942
2013/09/19,0,0,0,0
2013/09/20,0,0,0,0
2013/09/23,0,2037570,-2782142,-744572
2013/09/24,0,2757000,-1710305,1046695
2013/09/25,0,2640700,-2706336,-65636
2013/09/26,0,947000,-1606000,-659000
2013/09/27,0,1800204,-245000,1555204
2013/09/30,0,1742000,-1817000,-75000
2013/10/01,0,532000,-886000,-354000
2013/10/02,0,298364,-3288765,-2990401
2013/10/03,0,3092400,-7807000,-4714600
2013/10/04,0,789400,-877091,-87691
2013/10/07,0,1004000,-550000,454000
2013/10/08,0,2528000,-7184050,-4656050
2013/10/09,0,3984000,-2671081,1312919
2013/10/10,0,0,0,0
2013/10/11,0,6596449,-1613000,4983449
2013/10/14,0,4051000,-962000,3089000
2013/10/15,0,3594000,-3573000,21000
2013/10/16,0,3760000,-2104000,1656000
2013/10/17,0,3383000,-2941000,442000
2013/10/18,0,3826479,-1371000,2455479
2013/10/21,0,2422000,-1709327,712673
2013/10/22,0,2906000,-1954000,952000
2013/10/23,0,2785000,-1559000,1226000
2013/10/24,0,3290000,-1745000,1545000
2013/10/25,0,1293000,-1362000,-69000
2013/10/28,0,4170000,-1642000,2528000
2013/10/29,0,3701000,-2586000,1115000
2013/10/30,0,3464000,-1861000,1603000
2013/10/31,0,3362000,-2215000,1147000
2013/11/01,0,2529257,-2133097,396160
2013/11/04,0,723154,-486000,237154
2013/11/05,0,1344000,-279000,1065000
2013/11/06,0,752464,-1220600,-468136
2013/11/07,0,1715000,-3072000,-1357000
2013/11/08,0,1280000,-3414000,-2134000
2013/11/11,0,1308000,-1990000,-682000
2013/11/12,0,3644000,-1551000,2093000
2013/11/13,0,232000,-1516000,-1284000
2013/11/14,0,1098000,-3087000,-1989000
2013/11/15,0,385153,-528000,-142847
2013/11/18,0,297299,-923000,-625701
2013/11/19,0,543500,-2126000,-1582500
2013/11/20,0,943000,-1493000,-550000
2013/11/21,0,1511450,-1274000,237450
2013/11/22,0,1024000,-1113621,-89621
2013/11/25,0,300000,-876000,-576000
2013/11/26,0,1543000,-3288251,-1745251
2013/11/27,0,196759,-355000,-158241
2013/11/28,0,458000,-101000,357000
2013/11/29,0,906000,-1211000,-305000
2013/12/02,0,653366,-1773000,-1119634
2013/12/03,0,1323167,-571816,751351
2013/12/04,0,517086,-313222,203864
2013/12/05,0,467000,-1401700,-934700
2013/12/06,0,1973788,-3331300,-1357512
2013/12/09,0,366698,-474000,-107302
2013/12/10,0,449000,-1477000,-1028000
2013/12/11,0,687000,-297000,390000
2013/12/12,0,522000,-337000,185000
2013/12/13,0,2166000,-2242000,-76000
2013/12/16,0,931961,-801000,130961
2013/12/17,0,39000,-2107000,-2068000
2013/12/18,0,603050,-922000,-318950
2013/12/19,0,1557000,-1022000,535000
2013/12/20,0,69000,-626000,-557000
2013/12/23,0,242000,-497000,-255000
2013/12/24,0,83000,-358000,-275000
2013/12/25,0,47000,-467000,-420000
2013/12/26,0,35000,-463000,-428000
2013/12/27,0,2004000,-1283000,721000
2013/12/30,0,1433000,-340001,1092999
2013/12/31,0,1794000,-623000,1171000
2014/01/02,0,5040000,-424000,4616000
2014/01/03,0,2913000,-8469900,-5556900
2014/01/06,0,1941000,-9754000,-7813000
2014/01/07,0,1610000,-3560000,-1950000
2014/01/08,0,960785,-4737000,-3776215
2014/01/09,0,1304000,-3752000,-2448000
2014/01/10,0,4800000,-3994000,806000
2014/01/13,0,3011000,-3216000,-205000
2014/01/14,0,2144000,-1497000,647000
2014/01/15,0,2724000,-1943000,781000
2014/01/16,0,2964000,-1247000,1717000
2014/01/17,0,200000,-1800000,-1600000
2014/01/20,0,226809,-929000,-702191
2014/01/21,0,1016000,-3954000,-2938000
2014/01/22,0,3447000,-2298000,1149000
2014/01/23,0,1260554,-2780000,-1519446
2014/01/24,0,3526700,-3069700,457000
2014/01/27,0,1047277,-534103,513174
2014/02/05,0,1883000,-2711000,-828000
2014/02/06,0,4300000,-1993000,2307000
2014/02/07,0,1830000,-2956000,-1126000
2014/02/10,0,570000,-1049000,-479000
2014/02/11,0,517000,-608000,-91000
2014/02/12,0,1493000,-3853000,-2360000
2014/02/13,0,1247000,-735000,512000
2014/02/14,0,260000,-3729000,-3469000
2014/02/17,0,565000,-1163000,-598000
2014/02/18,0,815000,-57000,758000
2014/02/19,0,1925000,-2313426,-388426
2014/02/20,0,1970000,-892000,1078000
2014/02/21,0,471000,-1519000,-1048000
2014/02/24,0,1607000,-829000,778000
2014/02/25,0,497000,-1371000,-874000
2014/02/26,0,1652000,-1504000,148000
2014/02/27,0,5106000,-1331000,3775000
2014/03/03,0,6183000,-2773000,3410000
2014/03/04,0,255000,-1486000,-1231000
2014/03/05,0,2392000,-405000,1987000
2014/03/06,0,1411000,-1241000,170000
2014/03/07,0,2508000,-5247000,-2739000
2014/03/10,0,2726000,-6565000,-3839000
2014/03/11,0,5655000,-3747000,1908000
2014/03/12,0,2167000,-1540000,627000
2014/03/13,0,7345000,-2069000,5276000
2014/03/14,0,4470000,-9316000,-4846000
2014/03/17,0,1195000,-1203000,-8000
2014/03/18,0,1599000,-4008948,-2409948
2014/03/19,0,2362000,-5254000,-2892000
2014/03/20,0,1610000,-1380700,229300
2014/03/21,0,1462000,-2916000,-1454000
2014/03/24,0,2322556,-5340493,-3017937
2014/03/25,0,2026000,-2743000,-717000
2014/03/26,0,3163000,-3072656,90344
2014/03/27,0,2282000,-2962000,-680000
2014/03/28,0,4448000,-5852000,-1404000
2014/03/31,0,2516000,-1948000,568000
2014/04/01,0,2001000,-1489000,512000
2014/04/02,0,5164000,-1241000,3923000
2014/04/03,0,1880000,-3585002,-1705002
2014/04/07,0,2484000,-2077725,406275
2014/04/08,0,2502000,-2704000,-202000
2014/04/09,0,873590,-893000,-19410
2014/04/10,0,7322000,-5779131,1542869
2014/04/11,0,1378000,-3909000,-2531000
2014/04/14,0,1366000,-1094000,272000
2014/04/15,0,2028000,-1409000,619000
2014/04/16,0,2326000,-1729000,597000
2014/04/17,0,913000,-1045000,-132000
2014/04/18,0,106000,-1435000,-1329000
2014/04/21,0,851000,-640000,211000
2014/04/22,0,1228000,-1500000,-272000
2014/04/23,0,1493000,-4841000,-3348000
2014/04/24,0,1708000,-3671000,-1963000
2014/04/25,0,1600000,-2840000,-1240000
2014/04/28,0,1500000,-2584000,-1084000
2014/04/29,0,1569000,-3410070,-1841070
2014/04/30,0,1127000,-1570000,-443000
2014/05/02,0,1467000,-3329000,-1862000
2014/05/05,0,538000,-2799000,-2261000
2014/05/06,0,2787000,-1748000,1039000
2014/05/07,0,256000,-3540000,-3284000
2014/05/08,0,2924000,-4410000,-1486000
2014/05/09,0,2809000,-3103201,-294201
2014/05/12,0,4664000,-2047000,2617000
2014/05/13,0,2769000,-1963000,806000
2014/05/14,0,1773000,-593000,1180000
2014/05/15,0,961000,-1335000,-374000
2014/05/16,0,1192000,-218280,973720
2014/05/19,0,3238000,-1018000,2220000
2014/05/20,0,786254,-2406050,-1619796
2014/05/21,0,650000,-1047560,-397560
2014/05/22,0,1582000,-1343000,239000
2014/05/23,0,2135000,-374000,1761000
2014/05/26,0,1068000,-726000,342000
2014/05/27,0,432000,-566000,-134000
2014/05/28,0,2340000,-381000,1959000
2014/05/29,0,2887000,-169060,2717940
2014/05/30,0,2648000,-270000,2378000
2014/06/03,0,2782000,-905000,1877000
2014/06/04,0,1756000,-642000,1114000
2014/06/05,0,3852000,-573000,3279000
2014/06/06,0,6858000,-3211000,3647000
2014/06/09,0,2591000,-2684000,-93000
2014/06/10,0,775094,-379000,396094
2014/06/11,0,1222000,-1605000,-383000
2014/06/12,0,872000,-653000,219000
2014/06/13,0,1619000,-273000,1346000
2014/06/16,0,483000,-173000,310000
2014/06/17,0,1373000,-3230000,-1857000
2014/06/18,0,1417000,-1488000,-71000
2014/06/19,0,1058000,-930000,128000
2014/06/20,0,817000,-843911,-26911
2014/06/23,0,987000,-1247000,-260000
2014/06/24,0,1258000,-695000,563000
2014/06/25,0,15199000,-3829000,11370000
2014/06/26,0,975371,-5166000,-4190629
2014/06/27,0,1896000,-3779000,-1883000
2014/06/30,0,1384000,-378843,1005157
2014/07/01,0,4489000,-3883000,606000
2014/07/02,0,5833937,-4528000,1305937
2014/07/03,0,783000,-3430000,-2647000
2014/07/04,0,1223000,-3001000,-1778000
2014/07/07,0,577000,-1393000,-816000
2014/07/08,0,1415000,-307000,1108000
2014/07/09,0,1135000,-661000,474000
2014/07/10,0,3683000,-4007000,-324000
2014/07/11,0,1658000,-3299000,-1641000
2014/07/14,0,1471000,-1730000,-259000
2014/07/15,0,2104000,-1680000,424000
2014/07/16,0,2318000,-3575000,-1257000
2014/07/17,0,3620661,-6658000,-3037339
2014/07/18,0,5682115,-4075000,1607115
2014/07/21,0,3426000,-2818989,607011
2014/07/22,0,2258000,-487000,1771000
2014/07/23,0,0,0,0
2014/07/24,0,5813706,-1939000,3874706
2014/07/25,0,1470000,-2355000,-885000
2014/07/28,0,2595000,-843000,1752000
2014/07/29,0,2103000,-1363000,740000
2014/07/30,0,1363000,-1221000,142000
2014/07/31,0,2628000,-2521000,107000
2014/08/01,0,3835000,-1118000,2717000
2014/08/04,0,5039000,-816000,4223000
2014/08/05,0,1529000,-1755000,-226000
2014/08/06,0,1559294,-3141000,-1581706
2014/08/07,0,2370242,-8303000,-5932758
2014/08/08,0,4959000,-1464000,3495000
2014/08/11,0,1924177,-1417000,507177
2014/08/12,0,1475000,-2326000,-851000
2014/08/13,0,1100000,-2879000,-1779000
2014/08/14,0,838000,-4383000,-3545000
2014/08/15,0,2244000,-61000,2183000
2014/08/18,0,613000,-485000,128000
2014/08/19,0,1505000,-757982,747018
2014/08/20,0,1163000,-335000,828000
2014/08/21,0,1078000,-631000,447000
2014/08/22,0,2791000,-1258300,1532700
2014/08/25,0,3724000,-6530000,-2806000
2014/08/26,0,4767000,-4635455,131545
2014/08/27,0,1766000,-769000,997000
2014/08/28,0,3230000,-1715965,1514035
2014/08/29,0,1681000,-1084000,597000
2014/09/01,0,1429000,-944000,485000
2014/09/02,0,1015000,-1349139,-334139
2014/09/03,0,1797000,-1960000,-163000
2014/09/04,0,3875000,-6599000,-2724000
2014/09/05,0,2424000,-3621000,-1197000
2014/09/09,0,1119289,-1179289,-60000
2014/09/10,0,719000,-337000,382000
2014/09/11,0,3679220,-1587843,2091377
2014/09/12,0,529506,-1951000,-1421494
2014/09/15,0,2762000,-2887990,-125990
2014/09/16,0,883000,-1148000,-265000
2014/09/17,0,2459000,-2194000,265000
2014/09/18,0,700000,-2217487,-1517487
2014/09/19,0,501131,-1137000,-635869
2014/09/22,0,388758,-3685519,-3296761
2014/09/23,0,842000,-1835000,-993000
2014/09/24,0,873000,-174000,699000
2014/09/25,0,1886000,-626000,1260000
2014/09/26,0,360000,-676000,-316000
2014/09/29,0,497000,-755000,-258000
2014/09/30,0,1304000,-1280000,24000
2014/10/01,0,1860295,-1760764,99531
2014/10/02,0,1537000,-1103288,433712
2014/10/03,0,1400000,-562000,838000
2014/10/06,0,1342000,-297000,1045000
2014/10/07,0,519000,-1871000,-1352000
2014/10/08,0,757000,-4896289,-4139289
2014/10/09,0,964000,-902000,62000
2014/10/13,0,405000,-1500000,-1095000
2014/10/14,0,1529000,-2915000,-1386000
2014/10/15,0,1527000,-1544000,-17000
2014/10/16,0,470235,-1301000,-830765
2014/10/17,0,3358000,-2160467,1197533
2014/10/20,0,1496000,-1995235,-499235
2014/10/21,0,421000,-1069000,-648000
2014/10/22,0,2428000,-2967000,-539000
2014/10/23,0,280000,-2698000,-2418000
2014/10/24,0,884000,-2561000,-1677000
2014/10/27,0,373000,-1392581,-1019581
2014/10/28,0,801000,-952000,-151000
2014/10/29,0,481000,-2949000,-2468000
2014/10/30,0,1087000,-2150000,-1063000
2014/10/31,0,895000,-2619000,-1724000
2014/11/03,0,1038000,-4211000,-3173000
2014/11/04,0,1342000,-1693000,-351000
2014/11/05,0,1299000,-2316000,-1017000
2014/11/06,0,2404000,-1699000,705000
2014/11/07,0,415000,-1552000,-1137000
2014/11/10,0,1271000,-3862000,-2591000
2014/11/11,0,1118000,-2630000,-1512000
2014/11/12,0,1512000,-2643951,-1131951
2014/11/13,0,423000,-1774000,-1351000
2014/11/14,0,313000,-1622000,-1309000
2014/11/17,0,291000,-1865000,-1574000
2014/11/18,0,236000,-4042000,-3806000
2014/11/19,0,810000,-3541000,-2731000
2014/11/20,0,510000,-2381841,-1871841
2014/11/21,0,2281000,-1254000,1027000
2014/11/24,0,326000,-1812000,-1486000
2014/11/25,0,1924000,-377000,1547000
2014/11/26,0,1653000,-638000,1015000
2014/11/27,0,307000,-766000,-459000
2014/11/28,0,774000,-653000,121000
2014/12/01,0,1538000,-155000,1383000
2014/12/02,0,482000,-2151000,-1669000
2014/12/03,0,1323000,-692000,631000
2014/12/04,0,240000,-1917000,-1677000
2014/12/05,0,3560000,-2706000,854000
2014/12/08,0,550000,-941000,-391000
2014/12/09,0,107000,-665000,-558000
2014/12/10,0,260000,-1994000,-1734000
2014/12/11,0,450000,-1513000,-1063000
2014/12/12,0,452000,-1999000,-1547000
2014/12/15,0,368000,-902000,-534000
2014/12/16,0,782000,-2041000,-1259000
2014/12/17,0,1194000,-4437000,-3243000
2014/12/18,0,187000,-995000,-808000
2014/12/19,0,1545000,-2294000,-749000
2014/12/22,0,181000,-3034000,-2853000
2014/12/23,0,584000,-3238000,-2654000
2014/12/24,0,68000,-2517000,-2449000
2014/12/25,0,193000,-703000,-510000
2014/12/26,0,60000,-700000,-640000
2014/12/29,0,397000,-1576000,-1179000
2014/12/30,0,1637000,-1918962,-281962
2014/12/31,0,196000,-1166000,-970000
2015/01/01,0,0,0,0
2015/01/02,0,0,0,0
2015/01/05,0,1356000,-1031000,325000
2015/01/06,0,2804000,-1815000,989000
2015/01/07,0,1531000,-2984000,-1453000
2015/01/08,0,3618000,-782000,2836000
2015/01/09,0,448000,-2270000,-1822000
2015/01/12,0,1855000,-2999000,-1144000
2015/01/13,0,527000,-1413000,-886000
2015/01/14,0,1380000,-2058000,-678000
2015/01/15,0,339000,-1407000,-1068000
2015/01/16,0,2504000,-3759704,-1255704
2015/01/19,0,1565000,-1543000,22000
2015/01/20,0,1899000,-1562000,337000
2015/01/21,0,681000,-1142000,-461000
2015/01/22,0,765000,-2865000,-2100000
2015/01/23,0,2297000,-5878000,-3581000
2015/01/26,0,1723000,-2263000,-540000
2015/01/27,0,2232000,-2643000,-411000
2015/01/28,0,2737000,-1769000,968000
2015/01/29,0,2975000,-1930000,1045000
2015/01/30,0,2692000,-1912100,779900
2015/02/02,0,1614000,-2730000,-1116000
2015/02/03,0,3404000,-5594000,-2190000
2015/02/04,0,1682000,-1949000,-267000
2015/02/05,0,1074000,-1063000,11000
2015/02/06,0,1723000,-3183000,-1460000
2015/02/09,0,2653000,-3780000,-1127000
2015/02/10,0,1654000,-5309000,-3655000
2015/02/11,0,973000,-2037000,-1064000
2015/02/12,0,978000,-1702000,-724000
2015/02/13,0,410000,-2140000,-1730000
2015/02/16,0,0,0,0
2015/02/17,0,0,0,0
2015/02/18,0,0,0,0
2015/02/19,0,0,0,0
2015/02/20,0,0,0,0
2015/02/23,0,0,0,0
2015/02/24,0,2418000,-4078699,-1660699
2015/02/25,0,4687000,-5109000,-422000
2015/02/26,0,4133000,-3503000,630000
2015/02/27,0,0,0,0
2015/03/02,0,5845000,-3769000,2076000
2015/03/03,0,17261000,-3441000,13820000
2015/03/04,0,2864000,-3653000,-789000
2015/03/05,0,940000,-2277000,-1337000
2015/03/06,0,2184000,-1281000,903000
2015/03/09,0,9469000,-8082000,1387000
2015/03/10,0,3217163,-497000,2720163
2015/03/11,0,2293000,-1167000,1126000
2015/03/12,0,5370000,-2514000,2856000
2015/03/13,0,2195000,-1062000,1133000
2015/03/16,0,954000,-1231550,-277550
2015/03/17,0,6630000,-4397000,2233000
2015/03/18,0,2936169,-1205296,1730873
2015/03/19,0,2411000,-930000,1481000
2015/03/20,0,2565000,-562000,2003000
2015/03/23,0,1184000,-1031000,153000
2015/03/24,0,1561000,-2294000,-733000
2015/03/25,0,3110000,-1540000,1570000
2015/03/26,0,2995000,-1510000,1485000
2015/03/27,0,732000,-1569000,-837000
2015/03/30,0,619000,-1871000,-1252000
2015/03/31,0,2590000,-4770965,-2180965
2015/04/01,0,544000,-2428000,-1884000
2015/04/02,0,2640000,-2756000,-116000
2015/04/03,0,0,0,0
2015/04/06,0,0,0,0
2015/04/07,0,1444000,-4257000,-2813000
2015/04/08,0,565000,-7537000,-6972000
2015/04/09,0,962000,-3506000,-2544000
2015/04/10,0,381000,-2662000,-2281000
2015/04/13,0,884000,-3095000,-2211000
2015/04/14,0,496171,-2322000,-1825829
2015/04/15,0,571000,-1727000,-1156000
2015/04/16,0,1042000,-1505000,-463000
2015/04/17,0,1698500,-1872000,-173500
2015/04/20,0,2685000,-2936000,-251000
2015/04/21,0,1523000,-424000,1099000
2015/04/22,0,1677000,-2209000,-532000
2015/04/23,0,2758000,-5622000,-2864000
2015/04/24,0,2885000,-4989000,-2104000
2015/04/27,0,343000,-1028000,-685000
2015/04/28,0,674225,-1230000,-555775
2015/04/29,0,626000,-1573000,-947000
2015/04/30,0,1707000,-2059000,-352000
2015/05/01,0,0,0,0
2015/05/04,0,87000,-3798000,-3711000
2015/05/05,0,878000,-860000,18000
2015/05/06,0,506000,-2929000,-2423000
2015/05/07,0,1080000,-1370000,-290000
2015/05/08,0,277000,-2855000,-2578000
2015/05/11,0,224000,-1542000,-1318000
2015/05/12,0,449000,-2665000,-2216000
2015/05/13,0,1625000,-1320011,304989
2015/05/14,0,492000,-1745000,-1253000
2015/05/15,0,1124000,-639236,484764
2015/05/18,0,1191000,-1279000,-88000
2015/05/19,0,573000,-936895,-363895
2015/05/20,0,625000,-2625000,-2000000
2015/05/21,0,508000,-865000,-357000
2015/05/22,0,304000,-680000,-376000
2015/05/25,0,311000,-254000,57000
2015/05/26,0,477000,-258000,219000
2015/05/27,0,669025,-221000,448025
2015/05/28,0,2049000,-798000,1251000
2015/05/29,0,586000,-2504000,-1918000
2015/06/01,0,1041000,-935000,106000
2015/06/02,0,1034000,-1600000,-566000
2015/06/03,0,1518000,-520000,998000
2015/06/04,0,2463500,-2037240,426260
2015/06/05,0,845000,-1156000,-311000
2015/06/08,0,3717000,-2898000,819000
2015/06/09,0,1297000,-2353249,-1056249
2015/06/10,0,386000,-1992000,-1606000
2015/06/11,0,1245000,-1270000,-25000
2015/06/12,0,241000,-739000,-498000
2015/06/15,0,123000,-833000,-710000
2015/06/16,0,579000,-849000,-270000
2015/06/17,0,732000,-1681000,-949000
2015/06/18,0,547000,-984000,-437000
2015/06/19,0,0,0,0
2015/06/22,0,1079000,-2327000,-1248000
2015/06/23,0,403000,-2010000,-1607000
2015/06/24,0,524000,-1489000,-965000
2015/06/25,0,676000,-1153000,-477000
2015/06/26,0,282000,-1134000,-852000
2015/06/29,0,620000,-1854000,-1234000
2015/06/30,0,570000,-2784000,-2214000
2015/07/01,0,831000,-1326000,-495000
2015/07/02,0,888000,-2176000,-1288000
2015/07/03,0,402000,-2299000,-1897000
2015/07/06,0,1057000,-1899000,-842000
2015/07/07,0,297000,-1053000,-756000
2015/07/08,0,1259000,-2932000,-1673000
2015/07/09,0,1149000,-2972000,-1823000
2015/07/10,0,0,0,0
2015/07/13,0,551000,-4069000,-3518000
2015/07/14,0,1288000,-3243000,-1955000
2015/07/15,0,790000,-2484000,-1694000
2015/07/16,0,993000,-4062500,-3069500
2015/07/17,0,1797000,-5594000,-3797000
2015/07/20,0,3639000,-1345000,2294000
2015/07/21,0,1766000,-1198351,567649
2015/07/22,0,1455000,-738000,717000
2015/07/23,0,812000,-2271000,-1459000
2015/07/24,0,4029000,-3749000,280000
2015/07/27,0,1447000,-1037000,410000
2015/07/28,0,2853000,-973000,1880000
2015/07/29,0,2770000,-5340000,-2570000
2015/07/30,0,1903000,-3931000,-2028000
2015/07/31,0,2070000,-3263000,-1193000
2015/08/03,0,879000,-1489000,-610000
2015/08/04,0,723000,-3653000,-2930000
2015/08/05,0,854000,-3600650,-2746650
2015/08/06,0,1006000,-1908000,-902000
2015/08/07,0,435000,-830000,-395000
2015/08/10,0,792000,-1735000,-943000
2015/08/11,0,699000,-2021000,-1322000
2015/08/12,0,477000,-2800000,-2323000
2015/08/13,0,1677000,-735000,942000
2015/08/14,0,633000,-822000,-189000
2015/08/17,0,501000,-2630000,-2129000
2015/08/18,0,279000,-1857000,-1578000
2015/08/19,0,735000,-2614000,-1879000
2015/08/20,0,741000,-1287000,-546000
2015/08/21,0,501000,-2617000,-2116000
2015/08/24,0,629000,-1772025,-1143025
2015/08/25,0,2147300,-2289170,-141870
2015/08/26,0,1692000,-305000,1387000
2015/08/27,0,771000,-1524297,-753297
2015/08/28,0,1631000,-553000,1078000
2015/08/31,0,2044000,-2825000,-781000
2015/09/01,0,1344000,-1813000,-469000
2015/09/02,0,690000,-1973000,-1283000
2015/09/03,0,1150000,-664000,486000
2015/09/04,0,578000,-1787500,-1209500
2015/09/07,0,2084000,-79000,2005000
2015/09/08,0,907000,-333703,573297
2015/09/09,0,906000,-1037000,-131000
2015/09/10,0,896000,-2301341,-1405341
2015/09/11,0,1832000,-708000,1124000
2015/09/14,0,1107000,-1863000,-756000
2015/09/15,0,1470000,-621000,849000
2015/09/16,0,688000,-1375000,-687000
2015/09/17,0,260000,-836000,-576000
2015/09/18,0,879000,-1258972,-379972
2015/09/21,0,905000,-2455000,-1550000
2015/09/22,0,753473,-2430000,-1676527
2015/09/23,0,2003000,-1175000,828000
2015/09/24,0,2765000,-2473000,292000
2015/09/25,0,376000,-1114000,-738000
2015/09/28,0,0,0,0
2015/09/29,0,0,0,0
2015/09/30,0,1350000,-3288000,-1938000
2015/10/01,0,2137000,-1046120,1090880
2015/10/02,0,446000,-2397000,-1951000
2015/10/05,0,592000,-1928000,-1336000
2015/10/06,0,236000,-2227000,-1991000
2015/10/07,0,607000,-2469000,-1862000
2015/10/08,0,348000,-2407000,-2059000
2015/10/09,0,0,0,0
2015/10/12,0,869130,-6154000,-5284870
2015/10/13,0,1322000,-1444000,-122000
2015/10/14,0,1249000,-663000,586000
2015/10/15,0,2750000,-1162000,1588000
2015/10/16,0,1879000,-6089000,-4210000
2015/10/19,0,1091000,-366000,725000
2015/10/20,0,466000,-989000,-523000
2015/10/21,0,1147000,-316000,831000
2015/10/22,0,617000,-448000,169000
2015/10/23,0,2372000,-861000,1511000
2015/10/26,0,725000,-690500,34500
2015/10/27,0,724000,-1639000,-915000
2015/10/28,0,1106000,-851469,254531
2015/10/29,0,338000,-3275828,-2937828
2015/10/30,0,2103000,-6813000,-4710000
2015/11/02,0,2091000,-5922000,-3831000
2015/11/03,0,7127000,-8350000,-1223000
2015/11/04,0,767000,-4992550,-4225550
2015/11/05,0,765000,-523000,242000
2015/11/06,0,751000,-7487000,-6736000
2015/11/09,0,1770366,-4894457,-3124091
2015/11/10,0,3039000,-3040366,-1366
2015/11/11,0,1929000,-904000,1025000
2015/11/12,0,2458000,-2327000,131000
2015/11/13,0,1383000,-1810000,-427000
2015/11/16,0,1529000,-2078432,-549432
2015/11/17,0,1030000,-1808000,-778000
2015/11/18,0,1532000,-4025000,-2493000
2015/11/19,0,935000,-1859000,-924000
2015/11/20,0,554000,-425000,129000
2015/11/23,0,621000,-299000,322000
2015/11/24,0,693000,-1853471,-1160471
2015/11/25,0,538000,-1070000,-532000
2015/11/26,0,1548000,-1074000,474000
2015/11/27,0,1037000,-1148000,-111000
2015/11/30,0,1897000,-1497000,400000
2015/12/01,0,1324000,-1113794,210206
2015/12/02,0,1696000,-1423000,273000
2015/12/03,0,660000,-265000,395000
2015/12/04,0,2617000,-2025000,592000
2015/12/07,0,2034000,-2404000,-370000
2015/12/08,0,1862000,-1589000,273000
2015/12/09,0,1876000,-1082568,793432
2015/12/10,0,1608000,-765500,842500
2015/12/11,0,1376000,-839000,537000
2015/12/14,0,1156000,-1257000,-101000
2015/12/15,0,1652000,-1623000,29000
2015/12/16,0,2891000,-961000,1930000
2015/12/17,0,3967000,-1946000,2021000
2015/12/18,0,3110216,-4963000,-1852784
2015/12/21,0,5639000,-5344000,295000
2015/12/22,0,1505000,-1306000,199000
2015/12/23,0,2733000,-1418889,1314111
2015/12/24,0,1366000,-339000,1027000
2015/12/25,0,1112000,-357000,755000
2015/12/28,0,1739000,-917000,822000
2015/12/29,0,943000,-1004618,-61618
2015/12/30,0,1362000,-456778,905222
2015/12/31,0,1196611,-1032000,164611
2016/01/01,0,0,0,0
2016/01/04,0,1196000,-1459000,-263000
2016/01/05,0,1379000,-1735000,-356000
2016/01/06,0,1361000,-1348000,13000
2016/01/07,0,4252652,-3151000,1101652
2016/01/08,0,2579000,-1638000,941000
2016/01/11,0,381000,-472000,-91000
2016/01/12,0,697400,-1669000,-971600
2016/01/13,0,117000,-5027500,-4910500
2016/01/14,0,781658,-1012000,-230342
2016/01/15,0,400000,-1170397,-770397
2016/01/18,0,2512000,-1386000,1126000
2016/01/19,0,2443000,-4236515,-1793515
2016/01/20,0,2668000,-919000,1749000
2016/01/21,0,1217397,-570000,647397
2016/01/22,0,2254000,-2167000,87000
2016/01/25,0,1062000,-49000,1013000
2016/01/26,0,1050000,-212000,838000
2016/01/27,0,2053799,-638000,1415799
2016/01/28,0,2393000,-495000,1898000
2016/01/29,0,3181000,-2205000,976000
2016/02/01,0,3044000,-529000,2515000
2016/02/02,0,3170000,-587000,2583000
2016/02/03,0,2991196,-1388000,1603196
2016/02/04,0,0,0,0
2016/02/05,0,0,0,0
2016/02/08,0,0,0,0
2016/02/09,0,0,0,0
2016/02/10,0,0,0,0
2016/02/11,0,0,0,0
2016/02/12,0,0,0,0
2016/02/15,0,2913000,-3202520,-289520
2016/02/16,0,2221000,-675000,1546000
2016/02/17,0,2330000,-1289000,1041000
2016/02/18,0,3231000,-1130000,2101000
2016/02/19,0,8516000,-1771000,6745000
2016/02/22,0,1895000,-2163000,-268000
2016/02/23,0,5386465,-3564000,1822465
2016/02/24,0,3458334,-2375000,1083334
2016/02/25,0,3035000,-1823000,1212000
2016/02/26,0,5487397,-892000,4595397
2016/02/29,0,0,0,0
2016/03/01,0,2945000,-4338600,-1393600
2016/03/02,0,10372000,-3602000,6770000
2016/03/03,0,5471000,-2582000,2889000
2016/03/04,0,6842000,-1955773,4886227
2016/03/07,0,3382000,-2032700,1349300
2016/03/08,0,4276000,-2314286,1961714
2016/03/09,0,5209000,-1919466,3289534
2016/03/10,0,3344000,-305180,3038820
2016/03/11,0,3869000,-1804000,2065000
2016/03/14,0,3062000,-2012000,1050000
2016/03/15,0,14447000,-3178000,11269000
2016/03/16,0,5171000,-8543000,-3372000
2016/03/17,0,8048000,-1171000,6877000
2016/03/18,0,4322264,-1564000,2758264
2016/03/21,0,3315000,-2188000,1127000
2016/03/22,0,6279799,-1205000,5074799
2016/03/23,0,4321000,-2538000,1783000
2016/03/24,0,1962000,-1079000,883000
2016/03/25,0,590000,-183000,407000
2016/03/28,0,1988000,-945000,1043000
2016/03/29,0,10759000,-1769000,8990000
2016/03/30,0,7640000,-7071200,568800
2016/03/31,0,8946000,-2903000,6043000
2016/04/01,0,3733000,-1796000,1937000
2016/04/04,0,0,0,0
2016/04/05,0,0,0,0
2016/04/06,0,3034000,-842000,2192000
2016/04/07,0,1216000,-1039000,177000
2016/04/08,0,3387000,-1576000,1811000
2016/04/11,0,1208000,-1329000,-121000
2016/04/12,0,1730000,-1522068,207932
2016/04/13,0,1167000,-2603000,-1436000
2016/04/14,0,1758000,-738000,1020000
2016/04/15,0,2235000,-2998220,-763220
2016/04/18,0,1615000,-1883000,-268000
2016/04/19,0,1467033,-1031000,436033
2016/04/20,0,4193000,-3081000,1112000
2016/04/21,0,3683000,-3262000,421000
2016/04/22,0,7470000,-5121000,2349000
2016/04/25,0,7571044,-2543000,5028044
2016/04/26,0,6260680,-3340000,2920680
2016/04/27,0,7630000,-828000,6802000
2016/04/28,0,7659000,-1206000,6453000
2016/04/29,0,5661000,-1852000,3809000
2016/05/02,0,0,0,0
2016/05/03,0,6107300,-3495000,2612300
2016/05/04,0,4937000,-1758000,3179000
2016/05/05,0,1589000,-766000,823000
2016/05/06,0,6490000,-5054000,1436000
2016/05/09,0,2879000,-2584000,295000
2016/05/10,0,6530000,-7030000,-500000
2016/05/11,0,8526000,-4497000,4029000
2016/05/12,0,7053000,-3222000,3831000
2016/05/13,0,8513011,-4469755,4043256
2016/05/16,0,6294000,-4338000,1956000
2016/05/17,0,4252022,-3736000,516022
2016/05/18,0,3487000,-2756576,730424
2016/05/19,0,1720000,-1334000,386000
2016/05/20,0,1381342,-2031582,-650240
2016/05/23,0,1128011,-690000,438011
2016/05/24,0,839000,-2608000,-1769000
2016/05/25,0,2325557,-2664000,-338443
2016/05/26,0,1226620,-2949000,-1722380
2016/05/27,0,4974000,-8138949,-3164949
2016/05/30,0,4468000,-1653000,2815000
2016/05/31,0,3560000,-3372119,187881
2016/06/01,0,1095000,-2113000,-1018000
2016/06/02,0,762000,-1936641,-1174641
2016/06/03,0,3398000,-2226000,1172000
2016/06/06,0,2837000,-490000,2347000
2016/06/07,0,2441000,-3046000,-605000
2016/06/08,0,3422000,-2773000,649000
2016/06/09,0,0,0,0
2016/06/10,0,0,0,0
2016/06/13,0,2825000,-2335000,490000
2016/06/14,0,1678000,-2009000,-331000
2016/06/15,0,1891000,-1030000,861000
2016/06/16,0,3293000,-4229000,-936000
2016/06/17,0,3533000,-4537033,-1004033
2016/06/20,0,2184000,-3703000,-1519000
2016/06/21,0,1776000,-1862000,-86000
2016/06/22,0,2583000,-1123000,1460000
2016/06/23,0,1541000,-3572000,-2031000
2016/06/24,0,2955000,-3254375,-299375
2016/06/27,0,1767000,-3471000,-1704000
2016/06/28,0,1198000,-2561175,-1363175
2016/06/29,0,2078000,-2802000,-724000
2016/06/30,0,1631000,-4251000,-2620000
2016/07/01,0,603000,-2102000,-1499000
2016/07/04,0,986118,-1531049,-544931
2016/07/05,0,1798000,-5459000,-3661000
2016/07/06,0,7027000,-1183000,5844000
2016/07/07,0,1669000,-3829000,-2160000
2016/07/08,0,0,0,0
2016/07/11,0,2633967,-3617000,-983033
2016/07/12,0,1045598,-1454883,-409285
2016/07/13,0,862000,-5563000,-4701000
2016/07/14,0,1948000,-1595000,353000
2016/07/15,0,1379490,-3659554,-2280064
2016/07/18,0,720000,-1191000,-471000
2016/07/19,0,2363000,-681000,1682000
2016/07/20,0,2813000,-1815118,997882
2016/07/21,0,1503000,-634000,869000
2016/07/22,0,3118000,-2028000,1090000
2016/07/25,0,3254000,-1281000,1973000
2016/07/26,0,1538000,-4051882,-2513882
2016/07/27,0,1758264,-1409866,348398
2016/07/28,0,8168132,-1918000,6250132
2016/07/29,0,13179700,-3271000,9908700
2016/08/01,0,6526396,-1226393,5300003
2016/08/02,0,6217073,-1632000,4585073
2016/08/03,0,2112000,-1608000,504000
2016/08/04,0,3410000,-4141451,-731451
2016/08/05,0,4269000,-1639000,2630000
2016/08/08,0,1029000,-1806000,-777000
2016/08/09,0,6336000,-4168000,2168000
2016/08/10,0,2901625,-4639779,-1738154
2016/08/11,0,1223000,-3050000,-1827000
2016/08/12,0,4396000,-1454000,2942000
2016/08/15,0,2800528,-782000,2018528
2016/08/16,0,1289155,-1189000,100155
2016/08/17,0,2327373,-2175000,152373
2016/08/18,0,5615000,-2499000,3116000
2016/08/19,0,2284000,-6120373,-3836373
2016/08/22,0,3733000,-1391722,2341278
2016/08/23,0,3617264,-675000,2942264
2016/08/24,0,2074132,-1338000,736132
2016/08/25,0,1528000,-907795,620205
2016/08/26,0,1947909,-813500,1134409
2016/08/29,0,2921000,-2481000,440000
2016/08/30,0,1352000,-295000,1057000
2016/08/31,0,2102000,-1342000,760000
2016/09/01,0,682000,-1665000,-983000
2016/09/02,0,1349000,-1640000,-291000
2016/09/05,0,2149000,-1601000,548000
2016/09/06,0,1094000,-932000,162000
2016/09/07,0,1864482,-845000,1019482
2016/09/08,0,1701723,-1026000,675723
2016/09/09,0,1396239,-748552,647687
2016/09/12,0,1357000,-3556000,-2199000
2016/09/13,0,1855000,-1313000,542000
2016/09/14,0,1060000,-857000,203000
2016/09/15,0,0,0,0
2016/09/16,0,0,0,0
2016/09/19,0,1803594,-1555158,248436
2016/09/20,0,1349000,-1141429,207571
2016/09/21,0,3505000,-2780781,724219
2016/09/22,0,1465000,-5106967,-3641967
2016/09/23,0,1726000,-2871698,-1145698
2016/09/26,0,1628786,-3883000,-2254214
2016/09/27,0,0,0,0
2016/09/28,0,0,0,0
2016/09/29,0,2182000,-3514989,-1332989
2016/09/30,0,3403000,-3402504,496
2016/10/03,0,3766221,-1582000,2184221
2016/10/04,0,2595700,-863020,1732680
2016/10/05,0,4382000,-2175000,2207000
2016/10/06,0,4219000,-1548000,2671000
2016/10/07,0,2370000,-1669000,701000
2016/10/10,0,0,0,0
2016/10/11,0,1622000,-1341000,281000
2016/10/12,0,2714281,-992000,1722281
2016/10/13,0,1428000,-3216000,-1788000
2016/10/14,0,1283000,-4375000,-3092000
2016/10/17,0,840000,-2738685,-1898685
2016/10/18,0,781000,-1883000,-1102000
2016/10/19,0,851992,-1883729,-1031737
2016/10/20,0,1123000,-1117000,6000
2016/10/21,0,6111000,-9395920,-3284920
2016/10/24,0,1152000,-3375000,-2223000
2016/10/25,0,1002000,-1687549,-685549
2016/10/26,0,187000,-2615000,-2428000
2016/10/27,0,351000,-3649035,-3298035
2016/10/28,0,273000,-3784000,-3511000
2016/10/31,0,2450000,-2384000,66000
2016/11/01,0,450000,-3184000,-2734000
2016/11/02,0,1852000,-1894000,-42000
2016/11/03,0,4819000,-5979689,-1160689
2016/11/04,0,1815000,-4583000,-2768000
2016/11/07,0,1753000,-8048785,-6295785
2016/11/08,0,2497000,-5454108,-2957108
2016/11/09,0,3015000,-9748000,-6733000
2016/11/10,0,3741110,-3331000,410110
2016/11/11,0,2404000,-7683427,-5279427
2016/11/14,0,2227220,-3667000,-1439780
2016/11/15,0,3161000,-2500061,660939
2016/11/16,0,586000,-2556707,-1970707
2016/11/17,0,1097000,-3470992,-2373992
2016/11/18,0,1252000,-1565669,-313669
2016/11/21,0,1362000,-3172404,-1810404
2016/11/22,0,1262000,-3234996,-1972996
2016/11/23,0,2321000,-2936957,-615957
2016/11/24,0,1098000,-1032000,66000
2016/11/25,0,385000,-920000,-535000
2016/11/28,0,147000,-1768498,-1621498
2016/11/29,0,562000,-1636268,-1074268
2016/11/30,0,2570000,-4653538,-2083538
2016/12/01,0,519000,-3583501,-3064501
2016/12/02,0,1287000,-4210318,-2923318
2016/12/05,0,860000,-3242229,-2382229
2016/12/06,0,1581000,-5513228,-3932228
2016/12/07,0,1720000,-2419730,-699730
2016/12/08,0,1847000,-2600422,-753422
2016/12/09,0,2238000,-3429556,-1191556
2016/12/12,0,939900,-1970000,-1030100
2016/12/13,0,1037000,-1394116,-357116
2016/12/14,0,1076000,-4070525,-2994525
2016/12/15,0,1030990,-2118000,-1087010
2016/12/16,0,780000,-2096722,-1316722
2016/12/19,0,833460,-1744963,-911503
2016/12/20,0,624000,-336290,287710
2016/12/21,0,119000,-2296384,-2177384
2016/12/22,0,389000,-2774164,-2385164
2016/12/23,0,139000,-1927470,-1788470
2016/12/26,0,11000,-672000,-661000
2016/12/27,0,399000,-1279000,-880000
2016/12/28,0,1160000,-1081000,79000
2016/12/29,0,726368,-1880000,-1153632
2016/12/30,0,1198000,-2392000,-1194000
2017/01/02,0,0,0,0
2017/01/03,0,1419000,-392000,1027000
2017/01/04,0,931000,-1043035,-112035
2017/01/05,0,1026000,-621000,405000
2017/01/06,0,887000,-1873000,-986000
2017/01/09,0,1140000,-3876000,-2736000
2017/01/10,0,982000,-1763000,-781000
2017/01/11,0,1329000,-1934000,-605000
2017/01/12,0,1570000,-4318000,-2748000
2017/01/13,0,690000,-3620000,-2930000
2017/01/16,0,1172000,-2308690,-1136690
2017/01/17,0,605000,-814000,-209000
2017/01/18,0,1840000,-2328400,-488400
2017/01/19,0,389000,-1458166,-1069166
2017/01/20,0,148000,-1295950,-1147950
2017/01/23,0,872000,-2272381,-1400381
2017/01/24,0,3592684,-2425357,1167327
2017/01/25,0,0,0,0
2017/01/26,0,0,0,0
2017/01/27,0,0,0,0
2017/01/30,0,0,0,0
2017/01/31,0,0,0,0
2017/02/01,0,0,0,0
2017/02/02,0,2292000,-1509795,782205
2017/02/03,0,1096000,-1713000,-617000
2017/02/06,0,1447000,-3547000,-2100000
2017/02/07,0,5352000,-5876424,-524424
2017/02/08,0,2513000,-2768577,-255577
2017/02/09,0,3544000,-1254000,2290000
2017/02/10,0,1125884,-1073000,52884
2017/02/13,0,803000,-1890000,-1087000
2017/02/14,0,713884,-4125000,-3411116
2017/02/15,0,4557000,-2815000,1742000
2017/02/16,0,4533884,-2544000,1989884
2017/02/17,0,3573000,-5116000,-1543000
2017/02/20,0,3196000,-4036000,-840000
2017/02/21,0,2996000,-1621000,1375000
2017/02/22,0,3629826,-1371000,2258826
2017/02/23,0,2187000,-5283000,-3096000
2017/02/24,0,2253000,-1985766,267234
2017/02/27,0,0,0,0
2017/02/28,0,0,0,0
2017/03/01,0,2228000,-3468000,-1240000
2017/03/02,0,1399000,-2704000,-1305000
2017/03/03,0,1419000,-13275279,-11856279
2017/03/06,0,1299000,-7236473,-5937473
2017/03/07,0,2125000,-5765832,-3640832
2017/03/08,0,3424000,-4083951,-659951
2017/03/09,0,2612808,-7354280,-4741472
2017/03/10,0,706000,-5336153,-4630153
2017/03/13,0,1287001,-3165135,-1878134
2017/03/14,0,1738000,-5639970,-3901970
2017/03/15,0,3215000,-4699225,-1484225
2017/03/16,0,12893000,-14625751,-1732751
2017/03/17,0,2042000,-12624962,-10582962
2017/03/20,0,653000,-3274026,-2621026
2017/03/21,0,1029808,-5565293,-4535485
2017/03/22,0,1283000,-4527399,-3244399
2017/03/23,0,2879001,-4233082,-1354081
2017/03/24,0,2795808,-1286146,1509662
2017/03/27,0,565000,-1511396,-946396
2017/03/28,0,1446000,-1956950,-510950
2017/03/29,0,3174000,-1617895,1556105
2017/03/30,0,3008000,-1285724,1722276
2017/03/31,0,1499000,-1298000,201000
2017/04/03,0,0,0,0
2017/04/04,0,0,0,0
2017/04/05,0,2729616,-2531657,197959
2017/04/06,0,597000,-577000,20000
2017/04/07,0,688000,-1372000,-684000
2017/04/10,0,469000,-2733976,-2264976
2017/04/11,0,688360,-1241808,-553448
2017/04/12,0,600801,-3463497,-2862696
2017/04/13,0,294000,-676000,-382000
2017/04/14,0,447000,-919000,-472000
2017/04/17,0,1055000,-778400,276600
2017/04/18,0,3433000,-945000,2488000
2017/04/19,0,3329000,-2500143,828857
