Date,Open,Buy,Sell,Total
2007/01/02,0,46000,0,46000
2007/01/03,0,460000,0,460000
2007/01/04,0,7000,-7000,0
2007/01/05,0,22000,-42000,-20000
2007/01/08,0,105000,-386646,-281646
2007/01/09,0,0,0,0
2007/01/10,0,686000,-46000,640000
2007/01/11,0,389000,-217000,172000
2007/01/12,0,0,0,0
2007/01/15,0,0,-44000,-44000
2007/01/16,0,53000,-9000,44000
2007/01/17,0,387500,-240000,147500
2007/01/18,0,25000,-440000,-415000
2007/01/19,0,466000,-338000,128000
2007/01/22,0,230000,-236000,-6000
2007/01/23,0,0,-12000,-12000
2007/01/24,0,304000,-100000,204000
2007/01/25,0,4000,-337000,-333000
2007/01/26,0,19000,-115000,-96000
2007/01/29,0,24000,-2000,22000
2007/01/30,0,74000,-109000,-35000
2007/01/31,0,178000,-5000,173000
2007/02/01,0,225000,-80000,145000
2007/02/02,0,56000,-1000,55000
2007/02/05,0,11000,-8000,3000
2007/02/06,0,5000,-12000,-7000
2007/02/07,0,24600,-19000,5600
2007/02/08,0,14000,-6000,8000
2007/02/09,0,7000,-34643,-27643
2007/02/12,0,255000,0,255000
2007/02/13,0,114000,0,114000
2007/02/14,0,174000,-107077,66923
2007/02/15,0,0,0,0
2007/02/16,0,0,0,0
2007/02/19,0,0,0,0
2007/02/20,0,0,0,0
2007/02/21,0,0,0,0
2007/02/22,0,0,0,0
2007/02/23,0,0,0,0
2007/02/26,0,1444400,-281000,1163400
2007/02/27,0,1030000,-377000,653000
2007/02/28,0,0,0,0
2007/03/01,0,1014000,-444000,570000
2007/03/02,0,87000,-544000,-457000
2007/03/05,0,308000,-631000,-323000
2007/03/06,0,40000,-248631,-208631
2007/03/07,0,19000,-399886,-380886
2007/03/08,0,270000,-24000,246000
2007/03/09,0,382000,-34000,348000
2007/03/12,0,0,-158000,-158000
2007/03/13,0,140000,-536000,-396000
2007/03/14,0,132000,-961000,-829000
2007/03/15,0,18000,-1004000,-986000
2007/03/16,0,22000,-458200,-436200
2007/03/19,0,13000,-92000,-79000
2007/03/20,0,10000,-581000,-571000
2007/03/21,0,11000,-480300,-469300
2007/03/22,0,99000,-72000,27000
2007/03/23,0,94000,-189726,-95726
2007/03/26,0,55000,-13000,42000
2007/03/27,0,0,-19000,-19000
2007/03/28,0,148000,-640000,-492000
2007/03/29,0,57000,-52000,5000
2007/03/30,0,479628,-720628,-241000
2007/04/02,0,82000,-74000,8000
2007/04/03,0,18000,-100000,-82000
2007/04/04,0,178000,-336000,-158000
2007/04/05,0,0,0,0
2007/04/06,0,0,0,0
2007/04/09,0,21000,-3000,18000
2007/04/10,0,152695,-77000,75695
2007/04/11,0,319000,-3000,316000
2007/04/12,0,91000,-169628,-78628
2007/04/13,0,153000,-16000,137000
2007/04/16,0,505000,-53000,452000
2007/04/17,0,138886,-7000,131886
2007/04/18,0,35000,-90000,-55000
2007/04/19,0,10000,-145000,-135000
2007/04/20,0,186000,-26000,160000
2007/04/23,0,27000,-16000,11000
2007/04/24,0,67000,-3000,64000
2007/04/25,0,32000,-47000,-15000
2007/04/26,0,662000,-111000,551000
2007/04/27,0,524000,-220000,304000
2007/04/30,0,259000,-68189,190811
2007/05/01,0,0,0,0
2007/05/02,0,13000,0,13000
2007/05/03,0,117000,-192000,-75000
2007/05/04,0,82000,-36000,46000
2007/05/07,0,233000,-69000,164000
2007/05/08,0,7000,-128000,-121000
2007/05/09,0,20000,-2000,18000
2007/05/10,0,115000,-220000,-105000
2007/05/11,0,37000,-52000,-15000
2007/05/14,0,0,-89000,-89000
2007/05/15,0,74000,-55000,19000
2007/05/16,0,8000,-21000,-13000
2007/05/17,0,30000,-193000,-163000
2007/05/18,0,116000,-19000,97000
2007/05/21,0,130000,-161000,-31000
2007/05/22,0,49000,0,49000
2007/05/23,0,9000,-10000,-1000
2007/05/24,0,30000,-858000,-828000
2007/05/25,0,0,-206000,-206000
2007/05/28,0,12000,0,12000
2007/05/29,0,24000,-331000,-307000
2007/05/30,0,76000,-1494000,-1418000
2007/05/31,0,586000,-2601190,-2015190
2007/06/01,0,402066,-2750000,-2347934
2007/06/04,0,108000,-1306000,-1198000
2007/06/05,0,104000,-1154000,-1050000
2007/06/06,0,123000,-1122000,-999000
2007/06/07,0,56000,-1233000,-1177000
2007/06/08,0,251000,-2118000,-1867000
2007/06/11,0,363000,-4227000,-3864000
2007/06/12,0,1469000,-4634000,-3165000
2007/06/13,0,483000,-2332146,-1849146
2007/06/14,0,9000,-105000,-96000
2007/06/15,0,0,-416000,-416000
2007/06/18,0,0,0,0
2007/06/19,0,0,0,0
2007/06/20,0,682000,-617000,65000
2007/06/21,0,1187000,-905000,282000
2007/06/22,0,391000,-296000,95000
2007/06/25,0,353000,-50000,303000
2007/06/26,0,799000,-47000,752000
2007/06/27,0,15000,-11000,4000
2007/06/28,0,106000,-192000,-86000
2007/06/29,0,503000,-72189,430811
2007/07/02,0,379000,-3000,376000
2007/07/03,0,979000,-46000,933000
2007/07/04,0,584000,-101000,483000
2007/07/05,0,1181000,-516000,665000
2007/07/06,0,3660000,-55000,3605000
2007/07/09,0,43000,-160000,-117000
2007/07/10,0,180000,-13000,167000
2007/07/11,0,236000,-2218000,-1982000
2007/07/12,0,2000,-52093,-50093
2007/07/13,0,2978000,-3000,2975000
2007/07/16,0,251000,-2119000,-1868000
2007/07/17,0,168000,-186000,-18000
2007/07/18,0,311000,-150000,161000
2007/07/19,0,53000,-245000,-192000
2007/07/20,0,390000,-59000,331000
2007/07/23,0,105000,-42000,63000
2007/07/24,0,903000,-7000,896000
2007/07/25,0,514000,-406000,108000
2007/07/26,0,1067000,-11000,1056000
2007/07/27,0,313000,-189000,124000
2007/07/30,0,84000,-171000,-87000
2007/07/31,0,290000,-314000,-24000
2007/08/01,0,251000,-2520000,-2269000
2007/08/02,0,914000,-1139000,-225000
2007/08/03,0,603000,-84000,519000
2007/08/06,0,2930000,-574000,2356000
2007/08/07,0,236000,-88545,147455
2007/08/08,0,67000,-473997,-406997
2007/08/09,0,156000,-37000,119000
2007/08/10,0,908000,-290000,618000
2007/08/13,0,122000,-240000,-118000
2007/08/14,0,235000,-32000,203000
2007/08/15,0,36000,-160000,-124000
2007/08/16,0,703000,-942000,-239000
2007/08/17,0,24000,-71244,-47244
2007/08/20,0,66000,-84000,-18000
2007/08/21,0,125000,-71000,54000
2007/08/22,0,104000,-1338830,-1234830
2007/08/23,0,656000,-1745000,-1089000
2007/08/24,0,44000,-55000,-11000
2007/08/27,0,170000,-59000,111000
2007/08/28,0,17000,-1074000,-1057000
2007/08/29,0,81000,-3000,78000
2007/08/30,0,13000,-21000,-8000
2007/08/31,0,56000,-8000,48000
2007/09/03,0,155000,-526000,-371000
2007/09/04,0,124000,-1124000,-1000000
2007/09/05,0,3338000,-409000,2929000
2007/09/06,0,832000,-940000,-108000
2007/09/07,0,525000,-485000,40000
2007/09/10,0,853000,-106000,747000
2007/09/11,0,1176000,-16000,1160000
2007/09/12,0,795000,-662059,132941
2007/09/13,0,57000,-94000,-37000
2007/09/14,0,261000,-776000,-515000
2007/09/17,0,247000,-86000,161000
2007/09/18,0,0,0,0
2007/09/19,0,962000,-290000,672000
2007/09/20,0,1008000,-13000,995000
2007/09/21,0,37000,-270000,-233000
2007/09/24,0,0,0,0
2007/09/25,0,0,0,0
2007/09/26,0,1524000,-303000,1221000
2007/09/27,0,482000,-270000,212000
2007/09/28,0,132000,-228000,-96000
2007/10/01,0,46000,-298000,-252000
2007/10/02,0,533000,-607474,-74474
2007/10/03,0,95000,-596000,-501000
2007/10/04,0,168000,-607000,-439000
2007/10/05,0,67000,-65000,2000
2007/10/08,0,25000,-49000,-24000
2007/10/09,0,230000,-113000,117000
2007/10/10,0,0,0,0
2007/10/11,0,265000,-133702,131298
2007/10/12,0,0,-13000,-13000
2007/10/15,0,301000,-62000,239000
2007/10/16,0,22000,-34000,-12000
2007/10/17,0,14000,-31000,-17000
2007/10/18,0,345000,-130000,215000
2007/10/19,0,572000,-16000,556000
2007/10/22,0,64000,-81000,-17000
2007/10/23,0,5000,-32000,-27000
2007/10/24,0,1493,-105000,-103507
2007/10/25,0,17000,-6000,11000
2007/10/26,0,55000,-1000,54000
2007/10/29,0,105000,0,105000
2007/10/30,0,273000,-46835,226165
2007/10/31,0,87000,-31000,56000
2007/11/01,0,451000,-96000,355000
2007/11/02,0,116000,-221000,-105000
2007/11/05,0,28000,-256000,-228000
2007/11/06,0,347000,-245000,102000
2007/11/07,0,261000,-66000,195000
2007/11/08,0,150000,-113000,37000
2007/11/09,0,1468000,-327000,1141000
2007/11/12,0,247000,-68000,179000
2007/11/13,0,155781,-813000,-657219
2007/11/14,0,345000,-33118,311882
2007/11/15,0,721000,-366138,354862
2007/11/16,0,590000,-915000,-325000
2007/11/19,0,361000,-361000,0
2007/11/20,0,181000,-423445,-242445
2007/11/21,0,239000,-97000,142000
2007/11/22,0,33000,-232058,-199058
2007/11/23,0,217000,-62000,155000
2007/11/26,0,669000,-54000,615000
2007/11/27,0,385300,-591000,-205700
2007/11/28,0,1168000,-102247,1065753
2007/11/29,0,1797998,-265277,1532721
2007/11/30,0,5825473,-4439081,1386392
2007/12/03,0,192000,-193000,-1000
2007/12/04,0,316000,-156000,160000
2007/12/05,0,834000,-256000,578000
2007/12/06,0,1049000,-162089,886911
2007/12/07,0,362000,-64194,297806
2007/12/10,0,73000,-124247,-51247
2007/12/11,0,80000,-161000,-81000
2007/12/12,0,60000,-192761,-132761
2007/12/13,0,104000,-242000,-138000
2007/12/14,0,90000,-116000,-26000
2007/12/17,0,35000,-106000,-71000
2007/12/18,0,456000,-206000,250000
2007/12/19,0,313000,-347000,-34000
2007/12/20,0,55000,-173000,-118000
2007/12/21,0,185000,-83000,102000
2007/12/24,0,108000,-43000,65000
2007/12/25,0,98000,-31000,67000
2007/12/26,0,95000,-18000,77000
2007/12/27,0,903000,-306038,596962
2007/12/28,0,119000,-453000,-334000
2007/12/31,0,95000,-1000,94000
2008/01/01,0,0,0,0
2008/01/02,0,199000,-171859,27141
2008/01/03,0,39049,-175049,-136000
2008/01/04,0,129000,-200000,-71000
2008/01/07,0,12000,-215000,-203000
2008/01/08,0,18000,-223000,-205000
2008/01/09,0,189000,-307000,-118000
2008/01/10,0,195000,-136325,58675
2008/01/11,0,82000,-142000,-60000
2008/01/14,0,383000,-133000,250000
2008/01/15,0,524000,-97823,426177
2008/01/16,0,233000,-640000,-407000
2008/01/17,0,246001,-223000,23001
2008/01/18,0,286768,-285000,1768
2008/01/21,0,3000,-371000,-368000
2008/01/22,0,4000,-588000,-584000
2008/01/23,0,118000,-144000,-26000
2008/01/24,0,148000,-678000,-530000
2008/01/25,0,55000,-67000,-12000
2008/01/28,0,64000,-142000,-78000
2008/01/29,0,223000,-390000,-167000
2008/01/30,0,721668,-743157,-21489
2008/01/31,0,338000,-24000,314000
2008/02/01,0,859000,-603000,256000
2008/02/04,0,0,0,0
2008/02/05,0,0,0,0
2008/02/06,0,0,0,0
2008/02/07,0,0,0,0
2008/02/08,0,0,0,0
2008/02/11,0,0,0,0
2008/02/12,0,106000,-583000,-477000
2008/02/13,0,689000,-672000,17000
2008/02/14,0,367000,-84000,283000
2008/02/15,0,183000,-64000,119000
2008/02/18,0,201000,-82000,119000
2008/02/19,0,353000,-48000,305000
2008/02/20,0,79000,-783000,-704000
2008/02/21,0,161000,-230123,-69123
2008/02/22,0,148000,-140000,8000
2008/02/25,0,361200,-146275,214925
2008/02/26,0,331000,-131000,200000
2008/02/27,0,750100,-481000,269100
2008/02/28,0,0,0,0
2008/02/29,0,1809787,-1102890,706897
2008/03/03,0,213409,-221000,-7591
2008/03/04,0,495100,-144000,351100
2008/03/05,0,370000,-114000,256000
2008/03/06,0,597000,-53098,543902
2008/03/07,0,346000,-49246,296754
2008/03/10,0,520000,-420000,100000
2008/03/11,0,468000,-619000,-151000
2008/03/12,0,853100,-65959,787141
2008/03/13,0,93000,-520000,-427000
2008/03/14,0,39000,-392850,-353850
2008/03/17,0,14000,-484000,-470000
2008/03/18,0,31000,-216000,-185000
2008/03/19,0,206000,-238000,-32000
2008/03/20,0,280100,-44000,236100
2008/03/21,0,468000,-20000,448000
2008/03/24,0,1434000,-61000,1373000
2008/03/25,0,392000,-401000,-9000
2008/03/26,0,334000,-53000,281000
2008/03/27,0,43931,-78000,-34069
2008/03/28,0,524931,-326000,198931
2008/03/31,0,383292,-196828,186464
2008/04/01,0,150893,-516000,-365107
2008/04/02,0,1226000,-13000,1213000
2008/04/03,0,81000,-769000,-688000
2008/04/04,0,0,0,0
2008/04/07,0,179000,-610000,-431000
2008/04/08,0,700000,-446000,254000
2008/04/09,0,160000,-907600,-747600
2008/04/10,0,439000,-412000,27000
2008/04/11,0,859000,-639120,219880
2008/04/14,0,150000,-94000,56000
2008/04/15,0,572000,-317827,254173
2008/04/16,0,1252000,-615000,637000
2008/04/17,0,1334000,-901000,433000
2008/04/18,0,666000,-189000,477000
2008/04/21,0,299000,-138000,161000
2008/04/22,0,220000,-46000,174000
2008/04/23,0,356000,-549049,-193049
2008/04/24,0,53000,-99000,-46000
2008/04/25,0,365000,-347000,18000
2008/04/28,0,533000,-1283764,-750764
2008/04/29,0,215000,-603098,-388098
2008/04/30,0,570000,-138692,431308
2008/05/01,0,0,0,0
2008/05/02,0,632000,-586000,46000
2008/05/05,0,664000,-230000,434000
2008/05/06,0,259000,-26000,233000
2008/05/07,0,933453,-311000,622453
2008/05/08,0,219000,-468000,-249000
2008/05/09,0,206000,-167000,39000
2008/05/12,0,111000,-30332,80668
2008/05/13,0,498000,-298000,200000
2008/05/14,0,107000,-48089,58911
2008/05/15,0,232000,-165000,67000
2008/05/16,0,395000,-946000,-551000
2008/05/19,0,243000,-55000,188000
2008/05/20,0,205000,-179000,26000
2008/05/21,0,269000,-238000,31000
2008/05/22,0,112000,-331747,-219747
2008/05/23,0,133000,-118000,15000
2008/05/26,0,144000,-78000,66000
2008/05/27,0,132000,-96000,36000
2008/05/28,0,557000,-304000,253000
2008/05/29,0,163000,-1167000,-1004000
2008/05/30,0,333000,-480595,-147595
2008/06/02,0,160000,-33000,127000
2008/06/03,0,810000,-358728,451272
2008/06/04,0,1379300,-209000,1170300
2008/06/05,0,1568000,-551000,1017000
2008/06/06,0,1508000,-223000,1285000
2008/06/09,0,470000,-460000,10000
2008/06/10,0,95000,-458064,-363064
2008/06/11,0,138000,-372000,-234000
2008/06/12,0,27000,-412000,-385000
2008/06/13,0,36000,-304000,-268000
2008/06/16,0,118000,-293000,-175000
2008/06/17,0,212547,-192000,20547
2008/06/18,0,60000,-488000,-428000
2008/06/19,0,114000,-532000,-418000
2008/06/20,0,158120,-174000,-15880
2008/06/23,0,292000,-110000,182000
2008/06/24,0,152000,-1067200,-915200
2008/06/25,0,294000,-109000,185000
2008/06/26,0,448000,-446000,2000
2008/06/27,0,486000,-1473000,-987000
2008/06/30,0,352000,-38000,314000
2008/07/01,0,480000,-256000,224000
2008/07/02,0,492000,-125000,367000
2008/07/03,0,593000,-287000,306000
2008/07/04,0,959000,-1318000,-359000
2008/07/07,0,224000,-137000,87000
2008/07/08,0,27000,-540000,-513000
2008/07/09,0,290000,-60000,230000
2008/07/10,0,279000,-136000,143000
2008/07/11,0,114000,-659000,-545000
2008/07/14,0,146000,-500000,-354000
2008/07/15,0,40000,-162000,-122000
2008/07/16,0,108000,-104000,4000
2008/07/17,0,8000,-202000,-194000
2008/07/18,0,294000,-490000,-196000
2008/07/21,0,583000,-91108,491892
2008/07/22,0,498000,-990000,-492000
2008/07/23,0,185000,-1095000,-910000
2008/07/24,0,171000,-26000,145000
2008/07/25,0,30000,-1703000,-1673000
2008/07/28,0,0,0,0
2008/07/29,0,326000,-1468000,-1142000
2008/07/30,0,288000,-650000,-362000
2008/07/31,0,509000,-1402000,-893000
2008/08/01,0,119000,-683000,-564000
2008/08/04,0,247000,-772000,-525000
2008/08/05,0,611000,-1539000,-928000
2008/08/06,0,685348,-56000,629348
2008/08/07,0,261000,-34000,227000
2008/08/08,0,1832000,-183000,1649000
2008/08/11,0,1164000,-189000,975000
2008/08/12,0,156631,-28000,128631
2008/08/13,0,325000,-453000,-128000
2008/08/14,0,1010000,-98000,912000
2008/08/15,0,915000,-259000,656000
2008/08/18,0,591000,-670000,-79000
2008/08/19,0,96000,-297000,-201000
2008/08/20,0,103000,-403000,-300000
2008/08/21,0,240000,-258000,-18000
2008/08/22,0,102000,-275839,-173839
2008/08/25,0,154000,-64000,90000
2008/08/26,0,66000,-75000,-9000
2008/08/27,0,405000,-202947,202053
2008/08/28,0,403000,-368000,35000
2008/08/29,0,118000,-197000,-79000
2008/09/01,0,89000,-323247,-234247
2008/09/02,0,60000,-369000,-309000
2008/09/03,0,129000,-941000,-812000
2008/09/04,0,10000,-704000,-694000
2008/09/05,0,83000,-476000,-393000
2008/09/08,0,615000,-243000,372000
2008/09/09,0,825000,-17000,808000
2008/09/10,0,106000,-307000,-201000
2008/09/11,0,553000,-515129,37871
2008/09/12,0,238000,-223000,15000
2008/09/15,0,26000,-227000,-201000
2008/09/16,0,637000,-22000,615000
2008/09/17,0,239000,-757096,-518096
2008/09/18,0,59000,-136000,-77000
2008/09/19,0,1371130,-1173000,198130
2008/09/22,0,711000,-1163000,-452000
2008/09/23,0,678000,-1337038,-659038
2008/09/24,0,625789,-1175311,-549522
2008/09/25,0,243000,-692000,-449000
2008/09/26,0,91000,-332000,-241000
2008/09/29,0,0,0,0
2008/09/30,0,135000,-32000,103000
2008/10/01,0,98000,-399000,-301000
2008/10/02,0,32000,-184000,-152000
2008/10/03,0,202000,-47487,154513
2008/10/06,0,409000,-547400,-138400
2008/10/07,0,167000,-68000,99000
2008/10/08,0,281951,-336000,-54049
2008/10/09,0,536000,-250000,286000
2008/10/10,0,0,0,0
2008/10/13,0,693000,-288000,405000
2008/10/14,0,32000,-32000,0
2008/10/15,0,515066,-87000,428066
2008/10/16,0,286000,-23569,262431
2008/10/17,0,143000,-286227,-143227
2008/10/20,0,106000,-463978,-357978
2008/10/21,0,215000,-409586,-194586
2008/10/22,0,214000,-188000,26000
2008/10/23,0,448000,-42000,406000
2008/10/24,0,206000,-52000,154000
2008/10/27,0,59001,-72000,-12999
2008/10/28,0,280000,-634670,-354670
2008/10/29,0,278000,-229000,49000
2008/10/30,0,301000,-84000,217000
2008/10/31,0,117000,-169000,-52000
2008/11/03,0,92000,-149000,-57000
2008/11/04,0,720693,-114000,606693
2008/11/05,0,483000,-198810,284190
2008/11/06,0,272000,-226000,46000
2008/11/07,0,174000,-566601,-392601
2008/11/10,0,81000,-42000,39000
2008/11/11,0,79000,-51736,27264
2008/11/12,0,59000,-134000,-75000
2008/11/13,0,46000,-290000,-244000
2008/11/14,0,270860,-337000,-66140
2008/11/17,0,711000,-648988,62012
2008/11/18,0,555000,-174000,381000
2008/11/19,0,10000,-369852,-359852
2008/11/20,0,313753,-192319,121434
2008/11/21,0,238001,-392307,-154306
2008/11/24,0,165000,-142000,23000
2008/11/25,0,108000,-14459,93541
2008/11/26,0,363000,-138556,224444
2008/11/27,0,148000,-1000,147000
2008/11/28,0,272000,-67000,205000
2008/12/01,0,336000,-14000,322000
2008/12/02,0,815000,-774361,40639
2008/12/03,0,226000,-194000,32000
2008/12/04,0,7000,-186983,-179983
2008/12/05,0,99000,-59033,39967
2008/12/08,0,656000,-12860,643140
2008/12/09,0,386406,-63000,323406
2008/12/10,0,829000,-34000,795000
2008/12/11,0,624000,-81000,543000
2008/12/12,0,137000,-431000,-294000
2008/12/15,0,333000,-11000,322000
2008/12/16,0,66000,-18000,48000
2008/12/17,0,696000,-59000,637000
2008/12/18,0,349000,-401000,-52000
2008/12/19,0,1273000,-84000,1189000
2008/12/22,0,147000,-336001,-189001
2008/12/23,0,154000,-328000,-174000
2008/12/24,0,216389,-195000,21389
2008/12/25,0,229000,-76000,153000
2008/12/26,0,8000,-107000,-99000
2008/12/29,0,170000,-37000,133000
2008/12/30,0,440000,-601300,-161300
2008/12/31,0,35000,-217000,-182000
2009/01/01,0,0,0,0
2009/01/02,0,0,0,0
2009/01/05,0,130000,-212000,-82000
2009/01/06,0,481266,-772000,-290734
2009/01/07,0,253000,-540000,-287000
2009/01/08,0,53000,-539000,-486000
2009/01/09,0,184000,-250000,-66000
2009/01/12,0,114151,-225000,-110849
2009/01/13,0,171351,-253000,-81649
2009/01/14,0,1658000,-1491000,167000
2009/01/15,0,117643,-948000,-830357
2009/01/16,0,460000,-300000,160000
2009/01/19,0,114000,-591560,-477560
2009/01/20,0,584000,-596000,-12000
2009/01/21,0,145069,-287000,-141931
2009/01/22,0,0,0,0
2009/01/23,0,0,0,0
2009/01/26,0,0,0,0
2009/01/27,0,0,0,0
2009/01/28,0,0,0,0
2009/01/29,0,0,0,0
2009/01/30,0,0,0,0
2009/02/02,0,1279429,-1495920,-216491
2009/02/03,0,183000,-816740,-633740
2009/02/04,0,519000,-487000,32000
2009/02/05,0,749000,-399000,350000
2009/02/06,0,614000,-410000,204000
2009/02/09,0,165000,-94000,71000
2009/02/10,0,409000,-212000,197000
2009/02/11,0,378068,-169068,209000
2009/02/12,0,255000,-706000,-451000
2009/02/13,0,620000,-250000,370000
2009/02/16,0,164000,-71000,93000
2009/02/17,0,88000,-202642,-114642
2009/02/18,0,479000,-57247,421753
2009/02/19,0,265000,-156568,108432
2009/02/20,0,124000,-303000,-179000
2009/02/23,0,709000,-16000,693000
2009/02/24,0,8000,-231340,-223340
2009/02/25,0,207000,-735450,-528450
2009/02/26,0,207000,-428190,-221190
2009/02/27,0,109000,-446482,-337482
2009/03/02,0,98040,-566000,-467960
2009/03/03,0,88000,-316000,-228000
2009/03/04,0,113000,-592000,-479000
2009/03/05,0,240000,-113388,126612
2009/03/06,0,511000,-129000,382000
2009/03/09,0,214000,-465000,-251000
2009/03/10,0,264000,-480148,-216148
2009/03/11,0,271168,-144000,127168
2009/03/12,0,664000,-49000,615000
2009/03/13,0,778000,-173000,605000
2009/03/16,0,169000,-15000,154000
2009/03/17,0,512000,-546000,-34000
2009/03/18,0,389000,-497000,-108000
2009/03/19,0,136000,-449000,-313000
2009/03/20,0,152000,-67000,85000
2009/03/23,0,426000,-39000,387000
2009/03/24,0,184000,-254000,-70000
2009/03/25,0,671000,-25980,645020
2009/03/26,0,723000,-245000,478000
2009/03/27,0,287000,-260000,27000
2009/03/30,0,150000,-192000,-42000
2009/03/31,0,377000,-262165,114835
2009/04/01,0,113000,-456000,-343000
2009/04/02,0,401000,-563000,-162000
2009/04/03,0,99000,-347156,-248156
2009/04/06,0,146000,-171000,-25000
2009/04/07,0,162000,-517000,-355000
2009/04/08,0,1080000,-641000,439000
2009/04/09,0,701000,-317000,384000
2009/04/10,0,257000,-328000,-71000
2009/04/13,0,201000,-68000,133000
2009/04/14,0,387773,-126000,261773
2009/04/15,0,1000000,-242000,758000
2009/04/16,0,1036000,-361000,675000
2009/04/17,0,532551,-113000,419551
2009/04/20,0,265000,-55000,210000
2009/04/21,0,110000,-184000,-74000
2009/04/22,0,87000,-245000,-158000
2009/04/23,0,235756,-278756,-43000
2009/04/24,0,162000,-162000,0
2009/04/27,0,224000,-96000,128000
2009/04/28,0,294000,-69000,225000
2009/04/29,0,466000,-200000,266000
2009/04/30,0,691079,-156000,535079
2009/05/01,0,0,0,0
2009/05/04,0,570000,-14000,556000
2009/05/05,0,643105,-370105,273000
2009/05/06,0,365000,-418000,-53000
2009/05/07,0,465000,-1880000,-1415000
2009/05/08,0,583953,-302000,281953
2009/05/11,0,131000,-644500,-513500
2009/05/12,0,253000,-432000,-179000
2009/05/13,0,93000,-283000,-190000
2009/05/14,0,43000,-261000,-218000
2009/05/15,0,190000,-494000,-304000
2009/05/18,0,158000,-239000,-81000
2009/05/19,0,346000,-125300,220700
2009/05/20,0,121000,-83000,38000
2009/05/21,0,213825,-301000,-87175
2009/05/22,0,224000,-441000,-217000
2009/05/25,0,68000,-335325,-267325
2009/05/26,0,430000,-239000,191000
2009/05/27,0,635325,-302352,332973
2009/05/28,0,0,0,0
2009/05/29,0,0,0,0
2009/06/01,0,515000,-215000,300000
2009/06/02,0,307000,-935000,-628000
2009/06/03,0,407000,-1546695,-1139695
2009/06/04,0,269000,-905000,-636000
2009/06/05,0,152461,-605000,-452539
2009/06/08,0,70000,-389000,-319000
2009/06/09,0,203000,-103000,100000
2009/06/10,0,201000,-105808,95192
2009/06/11,0,441000,-192000,249000
2009/06/12,0,108000,-421000,-313000
2009/06/15,0,94000,-563732,-469732
2009/06/16,0,102000,-217760,-115760
2009/06/17,0,15000,-425000,-410000
2009/06/18,0,33000,-257000,-224000
2009/06/19,0,58000,-175000,-117000
2009/06/22,0,332000,-132000,200000
2009/06/23,0,390441,-418000,-27559
2009/06/24,0,641000,-550000,91000
2009/06/25,0,285000,-133000,152000
2009/06/26,0,91000,-126000,-35000
2009/06/29,0,265000,-524000,-259000
2009/06/30,0,292000,-118737,173263
2009/07/01,0,377280,-34000,343280
2009/07/02,0,289000,-299000,-10000
2009/07/03,0,60000,-127062,-67062
2009/07/06,0,192000,-104000,88000
2009/07/07,0,151000,-339080,-188080
2009/07/08,0,231000,-374000,-143000
2009/07/09,0,104000,-155000,-51000
2009/07/10,0,181000,-227000,-46000
2009/07/13,0,91000,-468000,-377000
2009/07/14,0,111000,-131610,-20610
2009/07/15,0,330200,-228000,102200
2009/07/16,0,115000,-115000,0
2009/07/17,0,498000,-64110,433890
2009/07/20,0,1810709,-141008,1669701
2009/07/21,0,187000,-362240,-175240
2009/07/22,0,304000,-266000,38000
2009/07/23,0,183000,-178970,4030
2009/07/24,0,561000,-449190,111810
2009/07/27,0,351000,-249413,101587
2009/07/28,0,465000,-58000,407000
2009/07/29,0,218000,-88748,129252
2009/07/30,0,161000,-374200,-213200
2009/07/31,0,1407000,-220000,1187000
2009/08/03,0,107000,-151000,-44000
2009/08/04,0,41000,-424000,-383000
2009/08/05,0,293000,-149000,144000
2009/08/06,0,2991000,-128000,2863000
2009/08/07,0,0,0,0
2009/08/10,0,1748000,-522374,1225626
2009/08/11,0,781000,-124360,656640
2009/08/12,0,317000,-239000,78000
2009/08/13,0,361842,-139000,222842
2009/08/14,0,65000,-192000,-127000
2009/08/17,0,172000,-366000,-194000
2009/08/18,0,953000,-64000,889000
2009/08/19,0,1073000,-128741,944259
2009/08/20,0,947000,-159097,787903
2009/08/21,0,415000,-431270,-16270
2009/08/24,0,3441000,-309351,3131649
2009/08/25,0,656000,-161000,495000
2009/08/26,0,637000,-323000,314000
2009/08/27,0,520000,-351000,169000
2009/08/28,0,325000,-126000,199000
2009/08/31,0,309000,-305329,3671
2009/09/01,0,806000,-118779,687221
2009/09/02,0,820000,-359000,461000
2009/09/03,0,539661,-208000,331661
2009/09/04,0,74000,-819000,-745000
2009/09/07,0,92000,-186000,-94000
2009/09/08,0,788000,-737000,51000
2009/09/09,0,247000,-94149,152851
2009/09/10,0,739000,-89350,649650
2009/09/11,0,224000,-286000,-62000
2009/09/14,0,180000,-182000,-2000
2009/09/15,0,448000,-182000,266000
2009/09/16,0,301000,-78000,223000
2009/09/17,0,170835,-8470,162365
2009/09/18,0,472000,-113000,359000
2009/09/21,0,41000,-172000,-131000
2009/09/22,0,68000,-151148,-83148
2009/09/23,0,1010000,-1027032,-17032
2009/09/24,0,379000,-574932,-195932
2009/09/25,0,150000,-113300,36700
2009/09/28,0,542000,-391552,150448
2009/09/29,0,698907,-87000,611907
2009/09/30,0,818000,-324387,493613
2009/10/01,0,444005,-92698,351307
2009/10/02,0,992000,-186099,805901
2009/10/05,0,505071,-187532,317539
2009/10/06,0,1132000,-93126,1038874
2009/10/07,0,1272055,-99564,1172491
2009/10/08,0,336000,-309744,26256
2009/10/09,0,830000,-620730,209270
2009/10/12,0,591000,-310000,281000
2009/10/13,0,677920,-313395,364525
2009/10/14,0,1189190,-273190,916000
2009/10/15,0,926000,-392000,534000
2009/10/16,0,398000,-654000,-256000
2009/10/19,0,1019000,-1602643,-583643
2009/10/20,0,635000,-1402000,-767000
2009/10/21,0,129000,-459543,-330543
2009/10/22,0,178240,-490655,-312415
2009/10/23,0,25000,-63000,-38000
2009/10/26,0,310000,-60000,250000
2009/10/27,0,39000,-139000,-100000
2009/10/28,0,15000,-829000,-814000
2009/10/29,0,75000,-1114000,-1039000
2009/10/30,0,468000,-1063110,-595110
2009/11/02,0,745000,-715939,29061
2009/11/03,0,659000,-721232,-62232
2009/11/04,0,986000,-296758,689242
2009/11/05,0,1075000,-176000,899000
2009/11/06,0,254000,-104000,150000
2009/11/09,0,604000,-13000,591000
2009/11/10,0,242000,-177061,64939
2009/11/11,0,379000,-189000,190000
2009/11/12,0,2968000,-668771,2299229
2009/11/13,0,206000,-249000,-43000
2009/11/16,0,292000,-215461,76539
2009/11/17,0,314000,-80000,234000
2009/11/18,0,1027000,-64000,963000
2009/11/19,0,181000,-499476,-318476
2009/11/20,0,612000,-492154,119846
2009/11/23,0,422000,-362598,59402
2009/11/24,0,175000,-18000,157000
2009/11/25,0,983000,-145000,838000
2009/11/26,0,152698,-179000,-26302
2009/11/27,0,18000,-519000,-501000
2009/11/30,0,277285,-304624,-27339
2009/12/01,0,1003000,-1014000,-11000
2009/12/02,0,395000,-576966,-181966
2009/12/03,0,762866,-175429,587437
2009/12/04,0,403000,-360200,42800
2009/12/07,0,255000,-90000,165000
2009/12/08,0,251000,-253000,-2000
2009/12/09,0,153000,-298050,-145050
2009/12/10,0,191000,-436039,-245039
2009/12/11,0,264000,-133000,131000
2009/12/14,0,207418,-361000,-153582
2009/12/15,0,140000,-31000,109000
2009/12/16,0,23000,-149000,-126000
2009/12/17,0,1255000,-299000,956000
2009/12/18,0,678000,-349000,329000
2009/12/21,0,121000,-36000,85000
2009/12/22,0,156000,-141000,15000
2009/12/23,0,194000,-285552,-91552
2009/12/24,0,252000,-502000,-250000
2009/12/25,0,92000,-49000,43000
2009/12/28,0,415000,-110630,304370
2009/12/29,0,113000,-28000,85000
2009/12/30,0,441000,-500308,-59308
2009/12/31,0,234000,-33000,201000
2010/01/01,0,0,0,0
2010/01/04,0,862000,-32000,830000
2010/01/05,0,397000,-2028000,-1631000
2010/01/06,0,96000,-121000,-25000
2010/01/07,0,242000,-105968,136032
2010/01/08,0,521450,-776381,-254931
2010/01/11,0,72000,-2840236,-2768236
2010/01/12,0,128000,-125000,3000
2010/01/13,0,70000,-216224,-146224
2010/01/14,0,450694,-67830,382864
2010/01/15,0,141802,-60000,81802
2010/01/18,0,280000,-84494,195506
2010/01/19,0,44000,-232160,-188160
2010/01/20,0,62000,-257000,-195000
2010/01/21,0,391000,-28286,362714
2010/01/22,0,97000,-314000,-217000
2010/01/25,0,3660,-322000,-318340
2010/01/26,0,85247,-722225,-636978
2010/01/27,0,1039000,-382547,656453
2010/01/28,0,352566,-223000,129566
2010/01/29,0,303000,-282710,20290
2010/02/01,0,491000,-271540,219460
2010/02/02,0,434000,-372520,61480
2010/02/03,0,369360,-147455,221905
2010/02/04,0,208000,-267000,-59000
2010/02/05,0,805000,-570474,234526
2010/02/08,0,239844,-284000,-44156
2010/02/09,0,358000,-143200,214800
2010/02/10,0,69000,-191000,-122000
2010/02/11,0,0,0,0
2010/02/12,0,0,0,0
2010/02/15,0,0,0,0
2010/02/16,0,0,0,0
2010/02/17,0,0,0,0
2010/02/18,0,0,0,0
2010/02/19,0,0,0,0
2010/02/22,0,736000,-125668,610332
2010/02/23,0,1014000,-74000,940000
2010/02/24,0,557335,-210000,347335
2010/02/25,0,960160,-404000,556160
2010/02/26,0,813995,-78000,735995
2010/03/01,0,618000,-148000,470000
2010/03/02,0,402000,-193000,209000
2010/03/03,0,188000,-3000,185000
2010/03/04,0,116000,-188000,-72000
2010/03/05,0,288000,-47001,240999
2010/03/08,0,177000,-31000,146000
2010/03/09,0,745030,-28000,717030
2010/03/10,0,507849,-96000,411849
2010/03/11,0,415000,-3000,412000
2010/03/12,0,383000,-4000,379000
2010/03/15,0,366000,-124000,242000
2010/03/16,0,123000,-29000,94000
2010/03/17,0,725000,-65044,659956
2010/03/18,0,322000,-70000,252000
2010/03/19,0,113000,-20000,93000
2010/03/22,0,59000,-131150,-72150
2010/03/23,0,51000,-2000,49000
2010/03/24,0,152000,-4000,148000
2010/03/25,0,240000,-124000,116000
2010/03/26,0,653000,-133000,520000
2010/03/29,0,234000,-20000,214000
2010/03/30,0,462000,-73000,389000
2010/03/31,0,145000,-339760,-194760
2010/04/01,0,480000,-104410,375590
2010/04/02,0,69000,-50235,18765
2010/04/05,0,0,0,0
2010/04/06,0,456000,-68000,388000
2010/04/07,0,895450,-373000,522450
2010/04/08,0,591000,-41000,550000
2010/04/09,0,330000,-127640,202360
2010/04/12,0,79000,-357000,-278000
2010/04/13,0,1867000,-167000,1700000
2010/04/14,0,84939,-8840,76099
2010/04/15,0,150000,-65000,85000
2010/04/16,0,44670,-92000,-47330
2010/04/19,0,133000,-263000,-130000
2010/04/20,0,45000,-544000,-499000
2010/04/21,0,367000,-354000,13000
2010/04/22,0,223000,-295614,-72614
2010/04/23,0,313000,-186000,127000
2010/04/26,0,447000,-40000,407000
2010/04/27,0,733610,-187610,546000
2010/04/28,0,728000,-777010,-49010
2010/04/29,0,479000,-1399000,-920000
2010/04/30,0,542000,-791445,-249445
2010/05/03,0,228000,-456000,-228000
2010/05/04,0,256000,-405297,-149297
2010/05/05,0,40000,-936920,-896920
2010/05/06,0,851786,-931681,-79895
2010/05/07,0,571000,-1705209,-1134209
2010/05/10,0,1293960,-1381770,-87810
2010/05/11,0,296000,-2072635,-1776635
2010/05/12,0,463000,-1025890,-562890
2010/05/13,0,335000,-807640,-472640
2010/05/14,0,156000,-138582,17418
2010/05/17,0,93000,-779000,-686000
2010/05/18,0,173000,-268000,-95000
2010/05/19,0,639000,-837000,-198000
2010/05/20,0,781000,-729000,52000
2010/05/21,0,479000,-378290,100710
2010/05/24,0,578000,-548000,30000
2010/05/25,0,24000,-814000,-790000
2010/05/26,0,1994582,-5415800,-3421218
2010/05/27,0,536000,-735572,-199572
2010/05/28,0,125000,-753000,-628000
2010/05/31,0,479000,-184000,295000
2010/06/01,0,211000,-343000,-132000
2010/06/02,0,477000,-286483,190517
2010/06/03,0,350000,-417000,-67000
2010/06/04,0,385000,-324000,61000
2010/06/07,0,486000,-704623,-218623
2010/06/08,0,132000,-92000,40000
2010/06/09,0,424000,-481294,-57294
2010/06/10,0,233000,-93000,140000
2010/06/11,0,172837,-54000,118837
2010/06/14,0,295837,-51000,244837
2010/06/15,0,270225,-48190,222035
2010/06/16,0,0,0,0
2010/06/17,0,266886,-161000,105886
2010/06/18,0,173786,-95347,78439
2010/06/21,0,416073,-13113,402960
2010/06/22,0,173493,-23000,150493
2010/06/23,0,132814,-70193,62621
2010/06/24,0,42000,-100290,-58290
2010/06/25,0,108000,-302804,-194804
2010/06/28,0,88000,-141000,-53000
2010/06/29,0,269000,-162000,107000
2010/06/30,0,253000,-472000,-219000
2010/07/01,0,24000,-344740,-320740
2010/07/02,0,59000,-119890,-60890
2010/07/05,0,75315,-373000,-297685
2010/07/06,0,556000,-94000,462000
2010/07/07,0,24493,-194000,-169507
2010/07/08,0,78000,-17000,61000
2010/07/09,0,76000,-117540,-41540
2010/07/12,0,573464,-93784,479680
2010/07/13,0,152000,-364049,-212049
2010/07/14,0,266483,-21000,245483
2010/07/15,0,126000,-309295,-183295
2010/07/16,0,37243,-39000,-1757
2010/07/19,0,107000,-33000,74000
2010/07/20,0,184000,-120000,64000
2010/07/21,0,150000,-90000,60000
2010/07/22,0,47803,-92004,-44201
2010/07/23,0,276000,-363500,-87500
2010/07/26,0,233200,-488000,-254800
2010/07/27,0,288323,-112000,176323
2010/07/28,0,156000,-86000,70000
2010/07/29,0,137000,-88029,48971
2010/07/30,0,109215,-177000,-67785
2010/08/02,0,259000,-39000,220000
2010/08/03,0,40000,-143000,-103000
2010/08/04,0,92000,-141000,-49000
2010/08/05,0,46000,-52000,-6000
2010/08/06,0,110000,-163000,-53000
2010/08/09,0,148000,-132000,16000
2010/08/10,0,49000,-394000,-345000
2010/08/11,0,80000,-311636,-231636
2010/08/12,0,66000,-556000,-490000
2010/08/13,0,92548,-900000,-807452
2010/08/16,0,75000,-348000,-273000
2010/08/17,0,40000,-303000,-263000
2010/08/18,0,208000,-577000,-369000
2010/08/19,0,218000,-683000,-465000
2010/08/20,0,47000,-454000,-407000
2010/08/23,0,203000,-266000,-63000
2010/08/24,0,117000,-489000,-372000
2010/08/25,0,40000,-875000,-835000
2010/08/26,0,50000,-660813,-610813
2010/08/27,0,118000,-676122,-558122
2010/08/30,0,955735,-750000,205735
2010/08/31,0,640000,-502958,137042
2010/09/01,0,1262000,-816000,446000
2010/09/02,0,120000,-369216,-249216
2010/09/03,0,145000,-344000,-199000
2010/09/06,0,893000,-858000,35000
2010/09/07,0,344034,-356388,-12354
2010/09/08,0,40280,-889840,-849560
2010/09/09,0,469000,-679464,-210464
2010/09/10,0,732340,-245000,487340
2010/09/13,0,1404000,-849166,554834
2010/09/14,0,169851,-402000,-232149
2010/09/15,0,307422,-805370,-497948
2010/09/16,0,60000,-773543,-713543
2010/09/17,0,170000,-435000,-265000
2010/09/20,0,89000,-122000,-33000
2010/09/21,0,805000,-716000,89000
2010/09/22,0,0,0,0
2010/09/23,0,862000,-602076,259924
2010/09/24,0,629400,-603727,25673
2010/09/27,0,285800,-182000,103800
2010/09/28,0,394360,-261000,133360
2010/09/29,0,241000,-423000,-182000
2010/09/30,0,1122720,-610000,512720
2010/10/01,0,343800,-607797,-263997
2010/10/04,0,661480,-305000,356480
2010/10/05,0,398780,-234280,164500
2010/10/06,0,487764,-448000,39764
2010/10/07,0,403420,-228000,175420
2010/10/08,0,407250,-155000,252250
2010/10/11,0,439920,-201000,238920
2010/10/12,0,142030,-609000,-466970
2010/10/13,0,344800,-174000,170800
2010/10/14,0,260110,-172003,88107
2010/10/15,0,60880,-81000,-20120
2010/10/18,0,78000,-235000,-157000
2010/10/19,0,90000,-247000,-157000
2010/10/20,0,226000,-547000,-321000
2010/10/21,0,126000,-247000,-121000
2010/10/22,0,439004,-217000,222004
2010/10/25,0,511000,-334000,177000
2010/10/26,0,203000,-213135,-10135
2010/10/27,0,78850,-158000,-79150
2010/10/28,0,333300,-503000,-169700
2010/10/29,0,107000,-337000,-230000
2010/11/01,0,513000,-755000,-242000
2010/11/02,0,507000,-510000,-3000
2010/11/03,0,2137000,-644000,1493000
2010/11/04,0,1013000,-607000,406000
2010/11/05,0,115000,-619121,-504121
2010/11/08,0,168000,-152000,16000
2010/11/09,0,200000,-132000,68000
2010/11/10,0,285000,-354290,-69290
2010/11/11,0,91000,-189555,-98555
2010/11/12,0,291000,-222000,69000
2010/11/15,0,85230,-117682,-32452
2010/11/16,0,116000,-116000,0
2010/11/17,0,69000,-484000,-415000
2010/11/18,0,32000,-79150,-47150
2010/11/19,0,130150,-128000,2150
2010/11/22,0,95360,-42000,53360
2010/11/23,0,30460,-87000,-56540
2010/11/24,0,155000,-184000,-29000
2010/11/25,0,28000,-177000,-149000
2010/11/26,0,11000,-119000,-108000
2010/11/29,0,71000,-212789,-141789
2010/11/30,0,170494,-252452,-81958
2010/12/01,0,326000,-223000,103000
2010/12/02,0,174000,-492442,-318442
2010/12/03,0,15000,-472000,-457000
2010/12/06,0,35000,-146000,-111000
2010/12/07,0,5400,-116000,-110600
2010/12/08,0,70000,-270000,-200000
2010/12/09,0,151000,-163989,-12989
2010/12/10,0,161467,-48000,113467
2010/12/13,0,64000,-182000,-118000
2010/12/14,0,76000,-863616,-787616
2010/12/15,0,449000,-207000,242000
2010/12/16,0,64000,-157000,-93000
2010/12/17,0,106000,-205000,-99000
2010/12/20,0,59750,-142000,-82250
2010/12/21,0,41000,-115970,-74970
2010/12/22,0,113632,-131380,-17748
2010/12/23,0,62000,-35000,27000
2010/12/24,0,118000,-8000,110000
2010/12/27,0,92000,0,92000
2010/12/28,0,82000,-11000,71000
2010/12/29,0,91530,-82000,9530
2010/12/30,0,384000,-215000,169000
2010/12/31,0,790000,-348020,441980
2011/01/03,0,256000,-64000,192000
2011/01/04,0,531000,-75000,456000
2011/01/05,0,427000,-197610,229390
2011/01/06,0,325000,-289826,35174
2011/01/07,0,1025000,-165000,860000
2011/01/10,0,493000,-145000,348000
2011/01/11,0,495000,-122000,373000
2011/01/12,0,361000,-73000,288000
2011/01/13,0,564172,-132000,432172
2011/01/14,0,704186,-64000,640186
2011/01/17,0,374551,-63000,311551
2011/01/18,0,365000,-229770,135230
2011/01/19,0,889000,-194000,695000
2011/01/20,0,453000,-106000,347000
2011/01/21,0,414000,-442000,-28000
2011/01/24,0,835000,-327000,508000
2011/01/25,0,163000,-127000,36000
2011/01/26,0,167000,-152730,14270
2011/01/27,0,86000,-233070,-147070
2011/01/28,0,198100,-232000,-33900
2011/01/31,0,0,0,0
2011/02/01,0,0,0,0
2011/02/02,0,0,0,0
2011/02/03,0,0,0,0
2011/02/04,0,0,0,0
2011/02/07,0,0,0,0
2011/02/08,0,729000,-223000,506000
2011/02/09,0,412000,-214330,197670
2011/02/10,0,380000,-347310,32690
2011/02/11,0,458000,-332000,126000
2011/02/14,0,268000,-323680,-55680
2011/02/15,0,738000,-595110,142890
2011/02/16,0,947000,-657000,290000
2011/02/17,0,621000,-589000,32000
2011/02/18,0,110000,-10000,100000
2011/02/21,0,55000,-110000,-55000
2011/02/22,0,50000,-384000,-334000
2011/02/23,0,229848,-108990,120858
2011/02/24,0,206000,-147000,59000
2011/02/25,0,167000,-389976,-222976
2011/02/28,0,0,0,0
2011/03/01,0,248000,-336000,-88000
2011/03/02,0,193000,-304757,-111757
2011/03/03,0,173000,-224000,-51000
2011/03/04,0,85000,-4000,81000
2011/03/07,0,29000,-18000,11000
2011/03/08,0,149000,-127000,22000
2011/03/09,0,300000,-286752,13248
2011/03/10,0,208000,-71260,136740
2011/03/11,0,397000,-418429,-21429
2011/03/14,0,259000,-161000,98000
2011/03/15,0,548000,-611500,-63500
2011/03/16,0,432000,-258250,173750
2011/03/17,0,70000,-128390,-58390
2011/03/18,0,116000,-196214,-80214
2011/03/21,0,25000,-105000,-80000
2011/03/22,0,43000,-150000,-107000
2011/03/23,0,331000,-155000,176000
2011/03/24,0,400000,-212000,188000
2011/03/25,0,178000,-573000,-395000
2011/03/28,0,205000,-118000,87000
2011/03/29,0,303250,-53000,250250
2011/03/30,0,209000,-11000,198000
2011/03/31,0,286000,-127091,158909
2011/04/01,0,331000,-2000,329000
2011/04/04,0,0,0,0
2011/04/05,0,0,0,0
2011/04/06,0,1065586,-40100,1025486
2011/04/07,0,652494,-65494,587000
2011/04/08,0,292549,0,292549
2011/04/11,0,68000,-22000,46000
2011/04/12,0,179878,-44000,135878
2011/04/13,0,121000,-133000,-12000
2011/04/14,0,173000,-124000,49000
2011/04/15,0,44000,-122000,-78000
2011/04/18,0,157000,-77323,79677
2011/04/19,0,88000,-63000,25000
2011/04/20,0,222471,-70000,152471
2011/04/21,0,415000,-184000,231000
2011/04/22,0,194000,0,194000
2011/04/25,0,197000,-14000,183000
2011/04/26,0,182007,-25000,157007
2011/04/27,0,240000,-52000,188000
2011/04/28,0,261016,-98000,163016
2011/04/29,0,386875,-71000,315875
2011/05/02,0,0,0,0
2011/05/03,0,364000,-34000,330000
2011/05/04,0,523000,-670000,-147000
2011/05/05,0,331000,-54000,277000
2011/05/06,0,117000,-46000,71000
2011/05/09,0,271000,-12000,259000
2011/05/10,0,227000,-8000,219000
2011/05/11,0,300000,-87000,213000
2011/05/12,0,354000,-175000,179000
2011/05/13,0,239000,-229000,10000
2011/05/16,0,38000,-176515,-138515
2011/05/17,0,114000,-153000,-39000
2011/05/18,0,190000,-157000,33000
2011/05/19,0,541000,-768481,-227481
2011/05/20,0,283000,-746000,-463000
2011/05/23,0,493000,-264000,229000
2011/05/24,0,150000,-87939,62061
2011/05/25,0,199000,-453516,-254516
2011/05/26,0,229878,-250952,-21074
2011/05/27,0,199000,-45000,154000
2011/05/30,0,77000,-124000,-47000
2011/05/31,0,1478000,-439488,1038512
2011/06/01,0,745000,-265180,479820
2011/06/02,0,350000,-113000,237000
2011/06/03,0,235000,-5000,230000
2011/06/06,0,0,0,0
2011/06/07,0,73000,-22000,51000
2011/06/08,0,100000,-9000,91000
2011/06/09,0,163000,-56208,106792
2011/06/10,0,121334,-84000,37334
2011/06/13,0,50000,-94685,-44685
2011/06/14,0,238000,-68000,170000
2011/06/15,0,633000,-346000,287000
2011/06/16,0,159605,-139000,20605
2011/06/17,0,961384,-583935,377449
2011/06/20,0,160000,-149060,10940
2011/06/21,0,278000,-88000,190000
2011/06/22,0,431000,-141000,290000
2011/06/23,0,276033,-38843,237190
2011/06/24,0,424000,-148331,275669
2011/06/27,0,142500,-89272,53228
2011/06/28,0,111000,-50107,60893
2011/06/29,0,249000,-82000,167000
2011/06/30,0,513000,-150000,363000
2011/07/01,0,139973,-121000,18973
2011/07/04,0,126069,-61000,65069
2011/07/05,0,150220,-32000,118220
2011/07/06,0,224488,-84000,140488
2011/07/07,0,289208,-2000,287208
2011/07/08,0,97272,-19000,78272
2011/07/11,0,175734,-16000,159734
2011/07/12,0,135910,-81000,54910
2011/07/13,0,113641,-82000,31641
2011/07/14,0,411330,-141000,270330
2011/07/15,0,306250,-154000,152250
2011/07/18,0,282456,-73000,209456
2011/07/19,0,92000,-184900,-92900
2011/07/20,0,484220,-192072,292148
2011/07/21,0,127780,-66000,61780
2011/07/22,0,236534,-92000,144534
2011/07/25,0,35787,-69000,-33213
2011/07/26,0,146948,-7000,139948
2011/07/27,0,167067,-110000,57067
2011/07/28,0,129792,-252000,-122208
2011/07/29,0,154752,-64000,90752
2011/08/01,0,275692,-271000,4692
2011/08/02,0,193550,-103000,90550
2011/08/03,0,85443,-52193,33250
2011/08/04,0,98600,-85000,13600
2011/08/05,0,134450,-313106,-178656
2011/08/08,0,66320,-328000,-261680
2011/08/09,0,106000,-440307,-334307
2011/08/10,0,203000,-627000,-424000
2011/08/11,0,295000,-259000,36000
2011/08/12,0,103000,-497405,-394405
2011/08/15,0,124808,-52000,72808
2011/08/16,0,76000,-140000,-64000
2011/08/17,0,552565,-481136,71429
2011/08/18,0,74879,-408000,-333121
2011/08/19,0,120240,-110000,10240
2011/08/22,0,132039,-129000,3039
2011/08/23,0,360000,-243210,116790
2011/08/24,0,127238,-262000,-134762
2011/08/25,0,294063,-294901,-838
2011/08/26,0,156069,-177000,-20931
2011/08/29,0,235000,-113000,122000
2011/08/30,0,211107,-159000,52107
2011/08/31,0,203391,-199000,4391
2011/09/01,0,303244,-142735,160509
2011/09/02,0,187846,-201000,-13154
2011/09/05,0,119000,-466441,-347441
2011/09/06,0,41047,-154987,-113940
2011/09/07,0,31975,-71000,-39025
2011/09/08,0,93123,-126000,-32877
2011/09/09,0,87000,-201000,-114000
2011/09/12,0,0,0,0
2011/09/13,0,41892,-150000,-108108
2011/09/14,0,53125,-212624,-159499
2011/09/15,0,170000,-247303,-77303
2011/09/16,0,302000,-137000,165000
2011/09/19,0,18610,-70000,-51390
2011/09/20,0,80314,-193000,-112686
2011/09/21,0,162074,-120000,42074
2011/09/22,0,121007,-565000,-443993
2011/09/23,0,74404,-324000,-249596
2011/09/26,0,60819,-273000,-212181
2011/09/27,0,312549,-112720,199829
2011/09/28,0,175853,-102000,73853
2011/09/29,0,379357,-119000,260357
2011/09/30,0,206000,-258000,-52000
2011/10/03,0,177417,-282000,-104583
2011/10/04,0,267000,-115000,152000
2011/10/05,0,62000,-77000,-15000
2011/10/06,0,180000,-178709,1291
2011/10/07,0,272000,-140000,132000
2011/10/10,0,0,0,0
2011/10/11,0,170000,-87677,82323
2011/10/12,0,127000,-19000,108000
2011/10/13,0,5263,-54000,-48737
2011/10/14,0,28152,-59000,-30848
2011/10/17,0,108774,-27000,81774
2011/10/18,0,33540,-20000,13540
2011/10/19,0,42207,-117000,-74793
2011/10/20,0,29140,-68000,-38860
2011/10/21,0,10228,-19000,-8772
2011/10/24,0,268123,-40000,228123
2011/10/25,0,26020,-15000,11020
2011/10/26,0,71000,-85000,-14000
2011/10/27,0,34000,-53000,-19000
2011/10/28,0,236000,-105000,131000
2011/10/31,0,103000,-243000,-140000
2011/11/01,0,132000,-189000,-57000
2011/11/02,0,128000,-599040,-471040
2011/11/03,0,79000,-463799,-384799
2011/11/04,0,260000,-42148,217852
2011/11/07,0,27000,-30000,-3000
2011/11/08,0,59742,-224243,-164501
2011/11/09,0,55000,-95000,-40000
2011/11/10,0,20000,-165000,-145000
2011/11/11,0,52000,-127000,-75000
2011/11/14,0,125000,-98000,27000
2011/11/15,0,161000,-39000,122000
2011/11/16,0,237000,-210000,27000
2011/11/17,0,286000,-222240,63760
2011/11/18,0,44000,-136000,-92000
2011/11/21,0,89477,-115000,-25523
2011/11/22,0,133000,-171000,-38000
2011/11/23,0,35000,-184000,-149000
2011/11/24,0,174000,-185000,-11000
2011/11/25,0,34000,-223000,-189000
2011/11/28,0,135220,-123000,12220
2011/11/29,0,232000,-304000,-72000
2011/11/30,0,167000,-248000,-81000
2011/12/01,0,519000,-138000,381000
2011/12/02,0,518000,-90000,428000
2011/12/05,0,137000,-48000,89000
2011/12/06,0,373000,-140000,233000
2011/12/07,0,750000,-101000,649000
2011/12/08,0,298000,-100000,198000
2011/12/09,0,183000,-256000,-73000
2011/12/12,0,60000,-15000,45000
2011/12/13,0,37000,-63000,-26000
2011/12/14,0,163000,-146000,17000
2011/12/15,0,75000,-586000,-511000
2011/12/16,0,16000,-96748,-80748
2011/12/19,0,16000,-80000,-64000
2011/12/20,0,173000,-201000,-28000
2011/12/21,0,151000,-483000,-332000
2011/12/22,0,136000,-19000,117000
2011/12/23,0,148000,-69000,79000
2011/12/26,0,27000,-60000,-33000
2011/12/27,0,74000,-183000,-109000
2011/12/28,0,238000,-265000,-27000
2011/12/29,0,206000,-80000,126000
2011/12/30,0,71000,-68000,3000
2012/01/02,0,31000,-145000,-114000
2012/01/03,0,170000,-88000,82000
2012/01/04,0,103000,-462000,-359000
2012/01/05,0,169000,-656346,-487346
2012/01/06,0,123000,-168000,-45000
2012/01/09,0,140000,-121000,19000
2012/01/10,0,252000,-285000,-33000
2012/01/11,0,125000,-478000,-353000
2012/01/12,0,194000,-192000,2000
2012/01/13,0,284000,-403000,-119000
2012/01/16,0,117000,-665000,-548000
2012/01/17,0,191000,-578000,-387000
2012/01/18,0,224000,-367000,-143000
2012/01/19,0,0,0,0
2012/01/20,0,0,0,0
2012/01/23,0,0,0,0
2012/01/24,0,0,0,0
2012/01/25,0,0,0,0
2012/01/26,0,0,0,0
2012/01/27,0,0,0,0
2012/01/30,0,333073,-362000,-28927
2012/01/31,0,185133,-102000,83133
2012/02/01,0,99000,-78000,21000
2012/02/02,0,676000,-245477,430523
2012/02/03,0,1112000,-268000,844000
2012/02/06,0,132000,-781000,-649000
2012/02/07,0,269000,-131000,138000
2012/02/08,0,286000,-986000,-700000
2012/02/09,0,245000,-292533,-47533
2012/02/10,0,196000,-229000,-33000
2012/02/13,0,135000,-141000,-6000
2012/02/14,0,327642,-498500,-170858
2012/02/15,0,512000,-57001,454999
2012/02/16,0,158000,-76000,82000
2012/02/17,0,393000,-33000,360000
2012/02/20,0,51000,-144000,-93000
2012/02/21,0,60000,-43000,17000
2012/02/22,0,218000,-73000,145000
2012/02/23,0,104000,-111000,-7000
2012/02/24,0,150000,-94000,56000
2012/02/27,0,0,0,0
2012/02/28,0,0,0,0
2012/02/29,0,0,-91000,-91000
2012/03/01,0,447542,-197000,250542
2012/03/02,0,188751,-138000,50751
2012/03/05,0,84000,-110000,-26000
2012/03/06,0,77000,-152000,-75000
2012/03/07,0,189000,-62000,127000
2012/03/08,0,57000,-127000,-70000
2012/03/09,0,124000,-84000,40000
2012/03/12,0,81000,-110000,-29000
2012/03/13,0,193000,-31000,162000
2012/03/14,0,270000,-4467,265533
2012/03/15,0,255000,-234000,21000
2012/03/16,0,94000,-160000,-66000
2012/03/19,0,66000,-109000,-43000
2012/03/20,0,51000,-159000,-108000
2012/03/21,0,268258,-318258,-50000
2012/03/22,0,200000,-7000,193000
2012/03/23,0,227000,-20000,207000
2012/03/26,0,190000,-385000,-195000
2012/03/27,0,52000,-98000,-46000
2012/03/28,0,167000,-99000,68000
2012/03/29,0,288000,-202000,86000
2012/03/30,0,275270,-168000,107270
2012/04/02,0,152000,-112000,40000
2012/04/03,0,305966,-321001,-15035
2012/04/04,0,0,0,0
2012/04/05,0,262000,-604000,-342000
2012/04/06,0,110000,-261640,-151640
2012/04/09,0,50000,-151000,-101000
2012/04/10,0,120000,-75000,45000
2012/04/11,0,133000,-124202,8798
2012/04/12,0,79000,-193000,-114000
2012/04/13,0,185590,-128760,56830
2012/04/16,0,156000,-50000,106000
2012/04/17,0,215000,-108000,107000
2012/04/18,0,107000,-49000,58000
2012/04/19,0,198000,-12000,186000
2012/04/20,0,229000,-36659,192341
2012/04/23,0,202000,-66000,136000
2012/04/24,0,184000,-26000,158000
2012/04/25,0,115000,-62000,53000
2012/04/26,0,124000,-58000,66000
2012/04/27,0,44880,-115000,-70120
2012/04/30,0,46000,-37555,8445
2012/05/01,0,0,0,0
2012/05/02,0,465000,-67000,398000
2012/05/03,0,131000,-86000,45000
2012/05/04,0,119000,-73000,46000
2012/05/07,0,317000,-270000,47000
2012/05/08,0,257000,-107300,149700
2012/05/09,0,305000,-205000,100000
2012/05/10,0,241728,-148696,93032
2012/05/11,0,321756,-153000,168756
2012/05/14,0,284000,-87000,197000
2012/05/15,0,199000,-200000,-1000
2012/05/16,0,268000,-368000,-100000
2012/05/17,0,337000,-146000,191000
2012/05/18,0,193000,-274000,-81000
2012/05/21,0,94000,-80000,14000
2012/05/22,0,113000,-57000,56000
2012/05/23,0,146348,-129000,17348
2012/05/24,0,393000,-25000,368000
2012/05/25,0,170000,-111000,59000
2012/05/28,0,61000,-54000,7000
2012/05/29,0,357000,-50000,307000
2012/05/30,0,497000,-418336,78664
2012/05/31,0,849261,-279457,569804
2012/06/01,0,361000,-216909,144091
2012/06/04,0,365000,-167336,197664
2012/06/05,0,396000,-296000,100000
2012/06/06,0,52000,-146000,-94000
2012/06/07,0,78455,-135000,-56545
2012/06/08,0,73748,-46000,27748
2012/06/11,0,270064,-64000,206064
2012/06/12,0,156000,-114000,42000
2012/06/13,0,65169,-114000,-48831
2012/06/14,0,106125,-183807,-77682
2012/06/15,0,1444278,-1972261,-527983
2012/06/18,0,217878,-96937,120941
2012/06/19,0,335026,-283000,52026
2012/06/20,0,264973,-268500,-3527
2012/06/21,0,283335,-243000,40335
2012/06/22,0,114067,-185000,-70933
2012/06/25,0,18000,-308000,-290000
2012/06/26,0,350000,-197000,153000
2012/06/27,0,78000,-36000,42000
2012/06/28,0,366000,-157000,209000
2012/06/29,0,454000,-42000,412000
2012/07/02,0,104000,-121000,-17000
2012/07/03,0,197000,-27000,170000
2012/07/04,0,134843,-40000,94843
2012/07/05,0,53000,-42000,11000
2012/07/06,0,190000,-75000,115000
2012/07/09,0,340000,-57000,283000
2012/07/10,0,185000,-54000,131000
2012/07/11,0,56000,-89000,-33000
2012/07/12,0,193000,-276000,-83000
2012/07/13,0,260658,-141049,119609
2012/07/16,0,384000,-42000,342000
2012/07/17,0,1719000,-114000,1605000
2012/07/18,0,754000,-265000,489000
2012/07/19,0,272000,-78000,194000
2012/07/20,0,571000,-20000,551000
2012/07/23,0,156000,-124000,32000
2012/07/24,0,364000,-218955,145045
2012/07/25,0,25000,-176000,-151000
2012/07/26,0,35000,-82406,-47406
2012/07/27,0,624000,-62621,561379
2012/07/30,0,204851,-46000,158851
2012/07/31,0,678000,-379424,298576
2012/08/01,0,472000,-25000,447000
2012/08/02,0,0,0,0
2012/08/03,0,533993,-225190,308803
2012/08/06,0,594000,-165000,429000
2012/08/07,0,427000,-9000,418000
2012/08/08,0,404164,-136000,268164
2012/08/09,0,577000,-7000,570000
2012/08/10,0,353000,0,353000
2012/08/13,0,137000,-108000,29000
2012/08/14,0,386000,-114114,271886
2012/08/15,0,395260,-13000,382260
2012/08/16,0,228000,-5000,223000
2012/08/17,0,113000,-191991,-78991
2012/08/20,0,65000,-66000,-1000
2012/08/21,0,203530,-98239,105291
2012/08/22,0,39432,-109000,-69568
2012/08/23,0,107899,-3000,104899
2012/08/24,0,19000,-4000,15000
2012/08/27,0,62000,-32000,30000
2012/08/28,0,40223,-81000,-40777
2012/08/29,0,37000,-458000,-421000
2012/08/30,0,236000,-244000,-8000
2012/08/31,0,43573,-50000,-6427
2012/09/03,0,137000,-145000,-8000
2012/09/04,0,93000,-144890,-51890
2012/09/05,0,326000,-262000,64000
2012/09/06,0,229000,-280000,-51000
2012/09/07,0,330978,-107000,223978
2012/09/10,0,229745,-216000,13745
2012/09/11,0,93000,-80000,13000
2012/09/12,0,302000,-354000,-52000
2012/09/13,0,427000,-97000,330000
2012/09/14,0,472000,-198000,274000
2012/09/17,0,296000,-48000,248000
2012/09/18,0,312000,-33000,279000
2012/09/19,0,512000,-33000,479000
2012/09/20,0,268000,-75000,193000
2012/09/21,0,492882,-86000,406882
2012/09/24,0,88000,-43000,45000
2012/09/25,0,225000,-9000,216000
2012/09/26,0,162000,-32000,130000
2012/09/27,0,154000,-118729,35271
2012/09/28,0,220000,-86725,133275
2012/10/01,0,84000,-79000,5000
2012/10/02,0,129000,-32000,97000
2012/10/03,0,434000,-226640,207360
2012/10/04,0,255000,-156000,99000
2012/10/05,0,253000,-291000,-38000
2012/10/08,0,312100,-290000,22100
2012/10/09,0,205000,-50670,154330
2012/10/10,0,0,0,0
2012/10/11,0,61000,-35000,26000
2012/10/12,0,57000,-36000,21000
2012/10/15,0,22000,-22000,0
2012/10/16,0,42000,-143000,-101000
2012/10/17,0,94000,-271203,-177203
2012/10/18,0,53000,-82000,-29000
2012/10/19,0,55000,-277000,-222000
2012/10/22,0,243000,-286636,-43636
2012/10/23,0,327012,-399405,-72393
2012/10/24,0,162000,-274017,-112017
2012/10/25,0,268000,-324000,-56000
2012/10/26,0,448000,-331000,117000
2012/10/29,0,295400,-289000,6400
2012/10/30,0,316100,-116000,200100
2012/10/31,0,470000,-193000,277000
2012/11/01,0,313000,-138000,175000
2012/11/02,0,289000,-665000,-376000
2012/11/05,0,231000,-140000,91000
2012/11/06,0,74000,-67000,7000
2012/11/07,0,35000,-56000,-21000
2012/11/08,0,127000,-284000,-157000
2012/11/09,0,41000,-268000,-227000
2012/11/12,0,81000,-73000,8000
2012/11/13,0,66000,-228000,-162000
2012/11/14,0,100000,-98000,2000
2012/11/15,0,46000,-129000,-83000
2012/11/16,0,40000,-200468,-160468
2012/11/19,0,107000,-127244,-20244
2012/11/20,0,31000,-98000,-67000
2012/11/21,0,97000,-185000,-88000
2012/11/22,0,36000,-75000,-39000
2012/11/23,0,271000,-117000,154000
2012/11/26,0,158000,-24000,134000
2012/11/27,0,152000,-165000,-13000
2012/11/28,0,344700,-404625,-59925
2012/11/29,0,403000,-335557,67443
2012/11/30,0,580000,-271235,308765
2012/12/03,0,129000,-123000,6000
2012/12/04,0,184250,-40000,144250
2012/12/05,0,141000,-40000,101000
2012/12/06,0,128000,-91395,36605
2012/12/07,0,184000,-119000,65000
2012/12/10,0,111000,-333205,-222205
2012/12/11,0,159438,-205000,-45562
2012/12/12,0,186000,-129000,57000
2012/12/13,0,131045,-61000,70045
2012/12/14,0,255614,-38000,217614
2012/12/17,0,158000,-178000,-20000
2012/12/18,0,161000,-84000,77000
2012/12/19,0,116000,-55000,61000
2012/12/20,0,274000,-347000,-73000
2012/12/21,0,179000,-268067,-89067
2012/12/24,0,46000,-109000,-63000
2012/12/25,0,125000,-16000,109000
2012/12/26,0,89000,-117000,-28000
2012/12/27,0,73794,-19000,54794
2012/12/28,0,154000,-125000,29000
2012/12/31,0,0,0,0
2013/01/01,0,0,0,0
2013/01/02,0,240000,-79000,161000
2013/01/03,0,124000,-32000,92000
2013/01/04,0,5000,-159000,-154000
2013/01/07,0,61000,-106500,-45500
2013/01/08,0,31000,-83000,-52000
2013/01/09,0,26000,-61000,-35000
2013/01/10,0,182000,-141378,40622
2013/01/11,0,64000,-54000,10000
2013/01/14,0,27000,-74021,-47021
2013/01/15,0,137500,-187013,-49513
2013/01/16,0,136000,-207124,-71124
2013/01/17,0,153400,-139000,14400
2013/01/18,0,120000,-69036,50964
2013/01/21,0,11000,-87000,-76000
2013/01/22,0,63000,-108243,-45243
2013/01/23,0,96000,-17290,78710
2013/01/24,0,40000,-116000,-76000
2013/01/25,0,168805,-211704,-42899
2013/01/28,0,102000,-30000,72000
2013/01/29,0,130000,-140766,-10766
2013/01/30,0,177000,-169000,8000
2013/01/31,0,282000,-585963,-303963
2013/02/01,0,184000,-192000,-8000
2013/02/04,0,151000,-170000,-19000
2013/02/05,0,337000,-352000,-15000
2013/02/06,0,500238,-427000,73238
2013/02/07,0,0,0,0
2013/02/08,0,0,0,0
2013/02/11,0,0,0,0
2013/02/12,0,0,0,0
2013/02/13,0,0,0,0
2013/02/14,0,0,0,0
2013/02/15,0,0,0,0
2013/02/18,0,979403,-121000,858403
2013/02/19,0,561624,-194394,367230
2013/02/20,0,347858,-51000,296858
2013/02/21,0,476000,-71000,405000
2013/02/22,0,491000,-63000,428000
2013/02/25,0,417000,-119129,297871
2013/02/26,0,235000,-186214,48786
2013/02/27,0,535000,-268879,266121
2013/02/28,0,0,0,0
2013/03/01,0,146000,-62000,84000
2013/03/04,0,652000,-235000,417000
2013/03/05,0,253000,-107000,146000
2013/03/06,0,168000,-29000,139000
2013/03/07,0,158554,-255706,-97152
2013/03/08,0,231200,-181000,50200
2013/03/11,0,359000,-684000,-325000
2013/03/12,0,325000,-292797,32203
2013/03/13,0,470000,-377000,93000
2013/03/14,0,369000,-370080,-1080
2013/03/15,0,2018102,-986988,1031114
2013/03/18,0,156000,-307000,-151000
2013/03/19,0,246000,-181986,64014
2013/03/20,0,751000,-921105,-170105
2013/03/21,0,141000,-219000,-78000
2013/03/22,0,622627,-754000,-131373
2013/03/25,0,83000,-503000,-420000
2013/03/26,0,130000,-242000,-112000
2013/03/27,0,75000,-438000,-363000
2013/03/28,0,324000,-360000,-36000
2013/03/29,0,208000,-45000,163000
2013/04/01,0,187148,-185000,2148
2013/04/02,0,327000,-84000,243000
2013/04/03,0,1081000,-395000,686000
2013/04/04,0,0,0,0
2013/04/05,0,0,0,0
2013/04/08,0,720000,-670000,50000
2013/04/09,0,145000,-537150,-392150
2013/04/10,0,337000,-606000,-269000
2013/04/11,0,219761,-408254,-188493
2013/04/12,0,285000,-122000,163000
2013/04/15,0,156295,-77000,79295
2013/04/16,0,334400,-126400,208000
2013/04/17,0,632000,-221000,411000
2013/04/18,0,208400,-349000,-140600
2013/04/19,0,365000,-206716,158284
2013/04/22,0,428600,-546000,-117400
2013/04/23,0,138000,-495000,-357000
2013/04/24,0,165000,-310000,-145000
2013/04/25,0,240900,-286000,-45100
2013/04/26,0,309100,-262000,47100
2013/04/29,0,256000,-41000,215000
2013/04/30,0,461600,-151000,310600
2013/05/01,0,0,0,0
2013/05/02,0,336000,-220432,115568
2013/05/03,0,63000,-137314,-74314
2013/05/06,0,218000,-153000,65000
2013/05/07,0,133000,-148280,-15280
2013/05/08,0,264200,-252117,12083
2013/05/09,0,141109,-63000,78109
2013/05/10,0,275000,-77000,198000
2013/05/13,0,91400,-129000,-37600
2013/05/14,0,525000,-560000,-35000
2013/05/15,0,179146,-172000,7146
2013/05/16,0,489000,-146000,343000
2013/05/17,0,93726,-34100,59626
2013/05/20,0,48648,-74000,-25352
2013/05/21,0,322000,-72371,249629
2013/05/22,0,238000,-17000,221000
2013/05/23,0,321000,-178000,143000
2013/05/24,0,166000,-125000,41000
2013/05/27,0,156250,-250000,-93750
2013/05/28,0,138000,-349289,-211289
2013/05/29,0,536000,-92000,444000
2013/05/30,0,426000,-298000,128000
2013/05/31,0,582000,-487313,94687
2013/06/03,0,392000,-334000,58000
2013/06/04,0,578000,-248000,330000
2013/06/05,0,302000,-136792,165208
2013/06/06,0,527726,-427700,100026
2013/06/07,0,516000,-234028,281972
2013/06/10,0,316000,-229000,87000
2013/06/11,0,227000,-224000,3000
2013/06/12,0,0,0,0
2013/06/13,0,1226000,-296167,929833
2013/06/14,0,238000,-580000,-342000
2013/06/17,0,278000,-28706,249294
2013/06/18,0,222000,-224000,-2000
2013/06/19,0,269000,-108991,160009
2013/06/20,0,811000,-296602,514398
2013/06/21,0,1398000,-1708301,-310301
2013/06/24,0,460000,-898000,-438000
2013/06/25,0,185000,-1121000,-936000
2013/06/26,0,323000,-551000,-228000
2013/06/27,0,260000,-716000,-456000
2013/06/28,0,544000,-730835,-186835
2013/07/01,0,171000,-400000,-229000
2013/07/02,0,154000,-848842,-694842
2013/07/03,0,119000,-709142,-590142
2013/07/04,0,186000,-682000,-496000
2013/07/05,0,231000,-507000,-276000
2013/07/08,0,311000,-658596,-347596
2013/07/09,0,159000,-225930,-66930
2013/07/10,0,169000,-294000,-125000
2013/07/11,0,521000,-313000,208000
2013/07/12,0,201000,-143000,58000
2013/07/15,0,397000,-207064,189936
2013/07/16,0,476000,-92000,384000
2013/07/17,0,383000,-83000,300000
2013/07/18,0,221000,-111421,109579
2013/07/19,0,458284,-51000,407284
2013/07/22,0,309457,-89000,220457
2013/07/23,0,250000,-30000,220000
2013/07/24,0,208000,-87522,120478
2013/07/25,0,157000,-24000,133000
2013/07/26,0,157000,-2000,155000
2013/07/29,0,191000,-312449,-121449
2013/07/30,0,222000,-132000,90000
2013/07/31,0,172000,-157000,15000
2013/08/01,0,70000,-221000,-151000
2013/08/02,0,138000,-98000,40000
2013/08/05,0,157000,-94000,63000
2013/08/06,0,108000,-255000,-147000
2013/08/07,0,91000,-159000,-68000
2013/08/08,0,34000,-196000,-162000
2013/08/09,0,58000,-187000,-129000
2013/08/12,0,109000,-59000,50000
2013/08/13,0,86000,-89000,-3000
2013/08/14,0,118998,-124000,-5002
2013/08/15,0,19000,-150035,-131035
2013/08/16,0,174323,-133468,40855
2013/08/19,0,93000,-115000,-22000
2013/08/20,0,169109,-195109,-26000
2013/08/21,0,0,0,0
2013/08/22,0,230109,-300000,-69891
2013/08/23,0,218235,-170479,47756
2013/08/26,0,44000,-22000,22000
2013/08/27,0,42000,-97000,-55000
2013/08/28,0,13000,-68000,-55000
2013/08/29,0,126000,-120527,5473
2013/08/30,0,605000,-136000,469000
2013/09/02,0,187000,-38000,149000
2013/09/03,0,136000,-186936,-50936
2013/09/04,0,144000,-22000,122000
2013/09/05,0,262777,-42000,220777
2013/09/06,0,189000,-78000,111000
2013/09/09,0,294000,-139000,155000
2013/09/10,0,490000,-171786,318214
2013/09/11,0,427000,-44256,382744
2013/09/12,0,414000,-29000,385000
2013/09/13,0,118000,-66109,51891
2013/09/16,0,216000,-47000,169000
2013/09/17,0,134000,-78000,56000
2013/09/18,0,334289,-615026,-280737
2013/09/19,0,0,0,0
2013/09/20,0,0,0,0
2013/09/23,0,591000,-162000,429000
2013/09/24,0,89000,-299472,-210472
2013/09/25,0,607000,-612000,-5000
2013/09/26,0,319000,-151000,168000
2013/09/27,0,217000,-219456,-2456
2013/09/30,0,293220,-429000,-135780
2013/10/01,0,95000,-180084,-85084
2013/10/02,0,132270,-238568,-106298
2013/10/03,0,388673,-294000,94673
2013/10/04,0,200000,-437000,-237000
2013/10/07,0,105164,-425000,-319836
2013/10/08,0,315000,-170000,145000
2013/10/09,0,53000,-293000,-240000
2013/10/10,0,0,0,0
2013/10/11,0,122000,-54543,67457
2013/10/14,0,110000,-175763,-65763
2013/10/15,0,443000,-637000,-194000
2013/10/16,0,160000,-194000,-34000
2013/10/17,0,212000,-218000,-6000
2013/10/18,0,246000,-615420,-369420
2013/10/21,0,15000,-168000,-153000
2013/10/22,0,156146,-215430,-59284
2013/10/23,0,113967,-150000,-36033
2013/10/24,0,254000,-135100,118900
2013/10/25,0,45768,-97000,-51232
2013/10/28,0,128000,-42000,86000
2013/10/29,0,90000,-200000,-110000
2013/10/30,0,96000,-35000,61000
2013/10/31,0,198000,-258000,-60000
2013/11/01,0,61000,-137000,-76000
2013/11/04,0,47000,-71000,-24000
2013/11/05,0,36000,-339736,-303736
2013/11/06,0,132000,-82000,50000
2013/11/07,0,155000,-179000,-24000
2013/11/08,0,480000,-215000,265000
2013/11/11,0,81000,-180000,-99000
2013/11/12,0,84000,-109000,-25000
2013/11/13,0,75769,-313000,-237231
2013/11/14,0,97979,-127000,-29021
2013/11/15,0,101000,-48000,53000
2013/11/18,0,33000,-405000,-372000
2013/11/19,0,185000,-33433,151567
2013/11/20,0,99000,-65681,33319
2013/11/21,0,211000,-222000,-11000
2013/11/22,0,159108,-211003,-51895
2013/11/25,0,176000,-368000,-192000
2013/11/26,0,323000,-252170,70830
2013/11/27,0,135164,-208000,-72836
2013/11/28,0,197000,-107000,90000
2013/11/29,0,150000,-237000,-87000
2013/12/02,0,246164,-181000,65164
2013/12/03,0,61000,-134534,-73534
2013/12/04,0,272000,-197000,75000
2013/12/05,0,166000,-182000,-16000
2013/12/06,0,63000,-94000,-31000
2013/12/09,0,301000,-27197,273803
2013/12/10,0,79000,-73000,6000
2013/12/11,0,237000,-138000,99000
2013/12/12,0,54000,-174172,-120172
2013/12/13,0,299000,-299000,0
2013/12/16,0,114000,-201333,-87333
2013/12/17,0,50000,-188498,-138498
2013/12/18,0,72000,-229000,-157000
2013/12/19,0,230000,-533000,-303000
2013/12/20,0,269755,-65000,204755
2013/12/23,0,229000,-43000,186000
2013/12/24,0,69000,-36000,33000
2013/12/25,0,53000,0,53000
2013/12/26,0,21000,-3000,18000
2013/12/27,0,128000,-16000,112000
2013/12/30,0,313000,-16004,296996
2013/12/31,0,601000,-216000,385000
2014/01/02,0,36634,-132016,-95382
2014/01/03,0,181000,-196000,-15000
2014/01/06,0,137309,-337978,-200669
2014/01/07,0,73000,-103000,-30000
2014/01/08,0,58000,-28000,30000
2014/01/09,0,136000,-78000,58000
2014/01/10,0,62000,-290000,-228000
2014/01/13,0,77000,-54000,23000
2014/01/14,0,23000,-106000,-83000
2014/01/15,0,90000,-630811,-540811
2014/01/16,0,427000,-79000,348000
2014/01/17,0,17164,-28000,-10836
2014/01/20,0,90000,-68000,22000
2014/01/21,0,16000,-32447,-16447
2014/01/22,0,86000,-75000,11000
2014/01/23,0,44000,-144000,-100000
2014/01/24,0,166000,-202000,-36000
2014/01/27,0,240000,-563943,-323943
2014/02/05,0,290000,-929000,-639000
2014/02/06,0,133000,-481000,-348000
2014/02/07,0,133000,-283000,-150000
2014/02/10,0,113000,-222000,-109000
2014/02/11,0,63000,-274109,-211109
2014/02/12,0,212000,-98246,113754
2014/02/13,0,143000,-210000,-67000
2014/02/14,0,166000,-348463,-182463
2014/02/17,0,201000,-208000,-7000
2014/02/18,0,206000,-45000,161000
2014/02/19,0,264000,-172000,92000
2014/02/20,0,141757,-419000,-277243
2014/02/21,0,238000,-423000,-185000
2014/02/24,0,154000,-119000,35000
2014/02/25,0,64000,-106788,-42788
2014/02/26,0,142000,-267000,-125000
2014/02/27,0,189000,-349434,-160434
2014/03/03,0,488000,-526204,-38204
2014/03/04,0,101000,-178000,-77000
2014/03/05,0,8000,-256071,-248071
2014/03/06,0,123000,-141000,-18000
2014/03/07,0,74000,-85000,-11000
2014/03/10,0,109000,-220000,-111000
2014/03/11,0,45000,-38000,7000
2014/03/12,0,63030,-112000,-48970
2014/03/13,0,204000,-113515,90485
2014/03/14,0,271000,-245000,26000
2014/03/17,0,22000,-44000,-22000
2014/03/18,0,115000,-67431,47569
2014/03/19,0,258000,-98000,160000
2014/03/20,0,405000,-163701,241299
2014/03/21,0,470000,-184000,286000
2014/03/24,0,1315000,-632032,682968
2014/03/25,0,245000,-104000,141000
2014/03/26,0,309000,-371000,-62000
2014/03/27,0,195000,-294000,-99000
2014/03/28,0,303000,-184000,119000
2014/03/31,0,492164,-731800,-239636
2014/04/01,0,167000,-131004,35996
2014/04/02,0,333000,-708000,-375000
2014/04/03,0,783000,-173000,610000
2014/04/07,0,250000,-324000,-74000
2014/04/08,0,314000,-257000,57000
2014/04/09,0,197000,-44000,153000
2014/04/10,0,183000,-292000,-109000
2014/04/11,0,222000,-157000,65000
2014/04/14,0,133610,-118000,15610
2014/04/15,0,301000,-169000,132000
2014/04/16,0,409000,-232000,177000
2014/04/17,0,50000,-45000,5000
2014/04/18,0,13000,-113000,-100000
2014/04/21,0,58000,-117879,-59879
2014/04/22,0,118000,-330000,-212000
2014/04/23,0,83000,-151807,-68807
2014/04/24,0,182000,-117000,65000
2014/04/25,0,171000,-327740,-156740
2014/04/28,0,397000,-90000,307000
2014/04/29,0,139000,-60000,79000
2014/04/30,0,660000,-374000,286000
2014/05/02,0,229000,-161000,68000
2014/05/05,0,398000,-331000,67000
2014/05/06,0,192000,-187000,5000
2014/05/07,0,537000,-429065,107935
2014/05/08,0,1116000,-311917,804083
2014/05/09,0,862000,-723341,138659
2014/05/12,0,71000,-43000,28000
2014/05/13,0,218000,-1057000,-839000
2014/05/14,0,227000,-295000,-68000
2014/05/15,0,97000,-305000,-208000
2014/05/16,0,307000,-296705,10295
2014/05/19,0,92000,-242354,-150354
2014/05/20,0,95000,-250453,-155453
2014/05/21,0,116000,-146808,-30808
2014/05/22,0,117000,-112000,5000
2014/05/23,0,181000,-226658,-45658
2014/05/26,0,106000,-14000,92000
2014/05/27,0,99000,-7000,92000
2014/05/28,0,452000,-390037,61963
2014/05/29,0,62000,-90499,-28499
2014/05/30,0,732339,-353025,379314
2014/06/03,0,306000,-345052,-39052
2014/06/04,0,35000,-145000,-110000
2014/06/05,0,96000,-283000,-187000
2014/06/06,0,92000,-712000,-620000
2014/06/09,0,107000,-55000,52000
2014/06/10,0,267269,-42100,225169
2014/06/11,0,185871,-57100,128771
2014/06/12,0,200871,-124000,76871
2014/06/13,0,356742,-112017,244725
2014/06/16,0,120000,-219000,-99000
2014/06/17,0,119000,-166000,-47000
2014/06/18,0,445100,-47000,398100
2014/06/19,0,200351,-123000,77351
2014/06/20,0,459700,-279494,180206
2014/06/23,0,192000,-155489,36511
2014/06/24,0,105000,-107201,-2201
2014/06/25,0,116000,-198649,-82649
2014/06/26,0,126128,-89000,37128
2014/06/27,0,224000,-125000,99000
2014/06/30,0,168000,-175000,-7000
2014/07/01,0,309000,-42000,267000
2014/07/02,0,695000,-36000,659000
2014/07/03,0,722000,-14000,708000
2014/07/04,0,456000,-51000,405000
2014/07/07,0,644000,-125000,519000
2014/07/08,0,2065000,-391000,1674000
2014/07/09,0,1442000,-739000,703000
2014/07/10,0,684000,-235000,449000
2014/07/11,0,347000,-80000,267000
2014/07/14,0,317000,-302944,14056
2014/07/15,0,204071,-133000,71071
2014/07/16,0,442000,-138000,304000
2014/07/17,0,546529,-217216,329313
2014/07/18,0,258000,-284000,-26000
2014/07/21,0,445000,-443661,1339
2014/07/22,0,593000,-386000,207000
2014/07/23,0,0,0,0
2014/07/24,0,720000,-147000,573000
2014/07/25,0,111000,-250000,-139000
2014/07/28,0,204000,-95000,109000
2014/07/29,0,329000,-70000,259000
2014/07/30,0,225000,-194000,31000
2014/07/31,0,113000,-163000,-50000
2014/08/01,0,72000,-57000,15000
2014/08/04,0,148000,-67000,81000
2014/08/05,0,253000,-268344,-15344
2014/08/06,0,273000,-20000,253000
2014/08/07,0,132059,-104050,28009
2014/08/08,0,68000,-94360,-26360
2014/08/11,0,40000,-69000,-29000
2014/08/12,0,139000,-287031,-148031
2014/08/13,0,142000,-55000,87000
2014/08/14,0,21000,-95000,-74000
2014/08/15,0,53000,-23000,30000
2014/08/18,0,114000,-106000,8000
2014/08/19,0,261150,-6000,255150
2014/08/20,0,118150,-33000,85150
2014/08/21,0,134000,-23000,111000
2014/08/22,0,387321,-9000,378321
2014/08/25,0,180000,-10000,170000
2014/08/26,0,147134,-202000,-54866
2014/08/27,0,305000,-160000,145000
2014/08/28,0,270000,-33000,237000
2014/08/29,0,282000,-429369,-147369
2014/09/01,0,168000,-16000,152000
2014/09/02,0,107000,-28000,79000
2014/09/03,0,186000,-13000,173000
2014/09/04,0,151000,-89000,62000
2014/09/05,0,83000,-89000,-6000
2014/09/09,0,162984,-60000,102984
2014/09/10,0,126672,-136000,-9328
2014/09/11,0,185000,-172000,13000
2014/09/12,0,132456,-195000,-62544
2014/09/15,0,195000,-88000,107000
2014/09/16,0,239000,-131000,108000
2014/09/17,0,209000,-249000,-40000
2014/09/18,0,192000,-184000,8000
2014/09/19,0,260299,-285000,-24701
2014/09/22,0,240000,-374000,-134000
2014/09/23,0,247000,-92000,155000
2014/09/24,0,654000,-40278,613722
2014/09/25,0,403000,-165000,238000
2014/09/26,0,232000,-57000,175000
2014/09/29,0,401000,-324000,77000
2014/09/30,0,878000,-134000,744000
2014/10/01,0,269000,-229000,40000
2014/10/02,0,331924,-152000,179924
2014/10/03,0,62000,-83000,-21000
2014/10/06,0,141000,-165000,-24000
2014/10/07,0,251000,-132730,118270
2014/10/08,0,514000,-131073,382927
2014/10/09,0,341000,-212000,129000
2014/10/13,0,401000,-301000,100000
2014/10/14,0,151000,-128000,23000
2014/10/15,0,480600,-224000,256600
2014/10/16,0,123000,-466000,-343000
2014/10/17,0,768000,-818000,-50000
2014/10/20,0,143000,-94929,48071
2014/10/21,0,172000,-51000,121000
2014/10/22,0,583000,-96000,487000
2014/10/23,0,231500,-49000,182500
2014/10/24,0,417000,-188000,229000
2014/10/27,0,251000,-58000,193000
2014/10/28,0,603000,-51600,551400
2014/10/29,0,478000,-84000,394000
2014/10/30,0,186000,-79200,106800
2014/10/31,0,201273,-17000,184273
2014/11/03,0,72000,-50000,22000
2014/11/04,0,168000,-138000,30000
2014/11/05,0,111000,-95829,15171
2014/11/06,0,433000,-35000,398000
2014/11/07,0,27000,-59000,-32000
2014/11/10,0,251000,-96900,154100
2014/11/11,0,403000,-31000,372000
2014/11/12,0,106000,-148485,-42485
2014/11/13,0,187000,-316000,-129000
2014/11/14,0,122000,-101204,20796
2014/11/17,0,68000,-106137,-38137
2014/11/18,0,128164,-71117,57047
2014/11/19,0,473000,-252000,221000
2014/11/20,0,93000,-72000,21000
2014/11/21,0,120000,-233000,-113000
2014/11/24,0,158000,-184000,-26000
2014/11/25,0,611751,-355000,256751
2014/11/26,0,286000,-117810,168190
2014/11/27,0,267000,-39000,228000
2014/11/28,0,126000,-96711,29289
2014/12/01,0,200000,-264000,-64000
2014/12/02,0,292000,-289000,3000
2014/12/03,0,105000,-82000,23000
2014/12/04,0,163000,-99909,63091
2014/12/05,0,120000,-46000,74000
2014/12/08,0,51000,-83000,-32000
2014/12/09,0,125000,-244968,-119968
2014/12/10,0,428000,-358000,70000
2014/12/11,0,229000,-235307,-6307
2014/12/12,0,163164,-331000,-167836
2014/12/15,0,216000,-318000,-102000
2014/12/16,0,333000,-328000,5000
2014/12/17,0,341000,-552071,-211071
2014/12/18,0,86000,-673495,-587495
2014/12/19,0,348000,-252374,95626
2014/12/22,0,221000,-388000,-167000
2014/12/23,0,163000,-131000,32000
2014/12/24,0,208000,-82000,126000
2014/12/25,0,27000,-11000,16000
2014/12/26,0,52000,-13000,39000
2014/12/29,0,261000,-82000,179000
2014/12/30,0,119000,-138000,-19000
2014/12/31,0,61000,-76279,-15279
2015/01/01,0,0,0,0
2015/01/02,0,0,0,0
2015/01/05,0,168000,-171000,-3000
2015/01/06,0,300000,-282000,18000
2015/01/07,0,112000,-200000,-88000
2015/01/08,0,145000,-144180,820
2015/01/09,0,69000,-73300,-4300
2015/01/12,0,133000,-95000,38000
2015/01/13,0,211000,-192000,19000
2015/01/14,0,233000,-282517,-49517
2015/01/15,0,159000,-110000,49000
2015/01/16,0,199000,-228001,-29001
2015/01/19,0,101000,-37000,64000
2015/01/20,0,370000,-113000,257000
2015/01/21,0,213000,-141000,72000
2015/01/22,0,392000,-82000,310000
2015/01/23,0,467000,-175762,291238
2015/01/26,0,224000,-143926,80074
2015/01/27,0,249800,-65000,184800
2015/01/28,0,713000,-533000,180000
2015/01/29,0,361000,-264000,97000
2015/01/30,0,504000,-623000,-119000
2015/02/02,0,302000,-138000,164000
2015/02/03,0,359000,-40000,319000
2015/02/04,0,258000,-102000,156000
2015/02/05,0,235000,-73000,162000
2015/02/06,0,216000,-65000,151000
2015/02/09,0,50000,-80773,-30773
2015/02/10,0,301000,-177000,124000
2015/02/11,0,231000,-220000,11000
2015/02/12,0,224000,-148058,75942
2015/02/13,0,91000,-45000,46000
2015/02/16,0,0,0,0
2015/02/17,0,0,0,0
2015/02/18,0,0,0,0
2015/02/19,0,0,0,0
2015/02/20,0,0,0,0
2015/02/23,0,0,0,0
2015/02/24,0,284000,-113226,170774
2015/02/25,0,196000,-122000,74000
2015/02/26,0,192000,-181230,10770
2015/02/27,0,0,0,0
2015/03/02,0,322000,-221339,100661
2015/03/03,0,407451,-83000,324451
2015/03/04,0,282000,-127035,154965
2015/03/05,0,127300,-111000,16300
2015/03/06,0,614300,-299000,315300
2015/03/09,0,58000,-206000,-148000
2015/03/10,0,357304,-407559,-50255
2015/03/11,0,133000,-221000,-88000
2015/03/12,0,183000,-127122,55878
2015/03/13,0,311000,-457190,-146190
2015/03/16,0,308000,-685428,-377428
2015/03/17,0,339000,-143000,196000
2015/03/18,0,500000,-474052,25948
2015/03/19,0,358000,-497000,-139000
2015/03/20,0,1216000,-546000,670000
2015/03/23,0,363000,-77000,286000
2015/03/24,0,361000,-52000,309000
2015/03/25,0,256000,-487000,-231000
2015/03/26,0,441000,-152000,289000
2015/03/27,0,371500,-172000,199500
2015/03/30,0,164500,-70000,94500
2015/03/31,0,372000,-264000,108000
2015/04/01,0,233000,-312000,-79000
2015/04/02,0,645164,-191000,454164
2015/04/03,0,0,0,0
2015/04/06,0,0,0,0
2015/04/07,0,188300,-148000,40300
2015/04/08,0,1045000,-358000,687000
2015/04/09,0,604000,-329000,275000
2015/04/10,0,620000,-133000,487000
2015/04/13,0,175000,-25000,150000
2015/04/14,0,752000,-118000,634000
2015/04/15,0,328000,-440000,-112000
2015/04/16,0,219000,-124000,95000
2015/04/17,0,300251,-39159,261092
2015/04/20,0,360000,-47000,313000
2015/04/21,0,236000,-34000,202000
2015/04/22,0,680000,-374000,306000
2015/04/23,0,361000,-273297,87703
2015/04/24,0,513000,-53000,460000
2015/04/27,0,427000,-82000,345000
2015/04/28,0,513000,-175000,338000
2015/04/29,0,319000,-155000,164000
2015/04/30,0,285000,-367863,-82863
2015/05/01,0,0,0,0
2015/05/04,0,501000,-306000,195000
2015/05/05,0,153000,-232000,-79000
2015/05/06,0,349000,-391484,-42484
2015/05/07,0,214000,-198000,16000
2015/05/08,0,284554,-164742,119812
2015/05/11,0,427000,-174000,253000
2015/05/12,0,244000,-120854,123146
2015/05/13,0,234000,-288000,-54000
2015/05/14,0,117699,-267000,-149301
2015/05/15,0,63000,-121116,-58116
2015/05/18,0,149000,-145000,4000
2015/05/19,0,191000,-478000,-287000
2015/05/20,0,520911,-511000,9911
2015/05/21,0,102000,-463000,-361000
2015/05/22,0,144000,-266343,-122343
2015/05/25,0,159000,-142000,17000
2015/05/26,0,107000,-293586,-186586
2015/05/27,0,366000,-407662,-41662
2015/05/28,0,192000,-362181,-170181
2015/05/29,0,481072,-606852,-125780
2015/06/01,0,359000,-309000,50000
2015/06/02,0,460010,-508000,-47990
2015/06/03,0,502000,-319000,183000
2015/06/04,0,294000,-516000,-222000
2015/06/05,0,109000,-307000,-198000
2015/06/08,0,570938,-465545,105393
2015/06/09,0,161755,-612251,-450496
2015/06/10,0,669000,-474000,195000
2015/06/11,0,442000,-593000,-151000
2015/06/12,0,234000,-388000,-154000
2015/06/15,0,72000,-427000,-355000
2015/06/16,0,171071,-404000,-232929
2015/06/17,0,424000,-526000,-102000
2015/06/18,0,533000,-583846,-50846
2015/06/19,0,0,0,0
2015/06/22,0,368012,-236943,131069
2015/06/23,0,205000,-316130,-111130
2015/06/24,0,134020,-126000,8020
2015/06/25,0,325387,-344000,-18613
2015/06/26,0,113000,-250608,-137608
2015/06/29,0,313000,-239753,73247
2015/06/30,0,488000,-356120,131880
2015/07/01,0,106000,-91000,15000
2015/07/02,0,383008,-401790,-18782
2015/07/03,0,60000,-152000,-92000
2015/07/06,0,103000,-124000,-21000
2015/07/07,0,354000,-366580,-12580
2015/07/08,0,387000,-410820,-23820
2015/07/09,0,230000,-144000,86000
2015/07/10,0,0,0,0
2015/07/13,0,250500,-514040,-263540
2015/07/14,0,123000,-171715,-48715
2015/07/15,0,303174,-163275,139899
2015/07/16,0,77000,-219000,-142000
2015/07/17,0,68000,-283000,-215000
2015/07/20,0,31012,-74000,-42988
2015/07/21,0,58000,-150000,-92000
2015/07/22,0,28000,-370380,-342380
2015/07/23,0,103177,-256000,-152823
2015/07/24,0,13136,-113000,-99864
2015/07/27,0,256000,-220000,36000
2015/07/28,0,284000,-233000,51000
2015/07/29,0,151000,-470424,-319424
2015/07/30,0,258000,-160000,98000
2015/07/31,0,897481,-679000,218481
2015/08/03,0,444000,-262000,182000
2015/08/04,0,532000,-297000,235000
2015/08/05,0,166000,-125000,41000
2015/08/06,0,65000,-197000,-132000
2015/08/07,0,157000,-307310,-150310
2015/08/10,0,216000,-239800,-23800
2015/08/11,0,384000,-523000,-139000
2015/08/12,0,517573,-245000,272573
2015/08/13,0,231000,-322600,-91600
2015/08/14,0,80000,-102000,-22000
2015/08/17,0,222136,-83157,138979
2015/08/18,0,186000,-510000,-324000
2015/08/19,0,251021,-396000,-144979
2015/08/20,0,532000,-725000,-193000
2015/08/21,0,518000,-601000,-83000
2015/08/24,0,996000,-801000,195000
2015/08/25,0,790000,-529368,260632
2015/08/26,0,377000,-451552,-74552
2015/08/27,0,381000,-406000,-25000
2015/08/28,0,329000,-359020,-30020
2015/08/31,0,1271016,-831572,439444
2015/09/01,0,459000,-816000,-357000
2015/09/02,0,288000,-507251,-219251
2015/09/03,0,365000,-435000,-70000
2015/09/04,0,547251,-444000,103251
2015/09/07,0,134000,-131391,2609
2015/09/08,0,108000,-232000,-124000
2015/09/09,0,568033,-461000,107033
2015/09/10,0,371998,-347200,24798
2015/09/11,0,243000,-197000,46000
2015/09/14,0,330000,-285000,45000
2015/09/15,0,197000,-441000,-244000
2015/09/16,0,481000,-316678,164322
2015/09/17,0,749600,-613000,136600
2015/09/18,0,296000,-1512252,-1216252
2015/09/21,0,156000,-748452,-592452
2015/09/22,0,162000,-722172,-560172
2015/09/23,0,133000,-894048,-761048
2015/09/24,0,193000,-501000,-308000
2015/09/25,0,128000,-380000,-252000
2015/09/28,0,0,0,0
2015/09/29,0,0,0,0
2015/09/30,0,651000,-820745,-169745
2015/10/01,0,255174,-424000,-168826
2015/10/02,0,220000,-268300,-48300
2015/10/05,0,133000,-226000,-93000
2015/10/06,0,311000,-229000,82000
2015/10/07,0,279000,-329000,-50000
2015/10/08,0,143000,-138000,5000
2015/10/09,0,0,0,0
2015/10/12,0,483000,-79000,404000
2015/10/13,0,229136,-158582,70554
2015/10/14,0,317000,-168600,148400
2015/10/15,0,734000,-535600,198400
2015/10/16,0,803000,-380000,423000
2015/10/19,0,771000,-418000,353000
2015/10/20,0,912000,-586000,326000
2015/10/21,0,488000,-425000,63000
2015/10/22,0,572000,-263657,308343
2015/10/23,0,749000,-465500,283500
2015/10/26,0,448000,-58400,389600
2015/10/27,0,188000,-186248,1752
2015/10/28,0,288920,-161233,127687
2015/10/29,0,98000,-247841,-149841
2015/10/30,0,191000,-124000,67000
2015/11/02,0,84000,-132000,-48000
2015/11/03,0,309000,-57099,251901
2015/11/04,0,613000,-487471,125529
2015/11/05,0,445000,-110000,335000
2015/11/06,0,509000,-348000,161000
2015/11/09,0,226000,-120000,106000
2015/11/10,0,174000,-372000,-198000
2015/11/11,0,326030,-473000,-146970
2015/11/12,0,129000,-356000,-227000
2015/11/13,0,148000,-301764,-153764
2015/11/16,0,199000,-421000,-222000
2015/11/17,0,311000,-1406000,-1095000
2015/11/18,0,654000,-1102000,-448000
2015/11/19,0,668000,-703000,-35000
2015/11/20,0,269000,-432000,-163000
2015/11/23,0,131000,-50000,81000
2015/11/24,0,249000,-139866,109134
2015/11/25,0,236000,-242000,-6000
2015/11/26,0,202000,-153072,48928
2015/11/27,0,174000,-215000,-41000
2015/11/30,0,921145,-1029986,-108841
2015/12/01,0,313000,-378844,-65844
2015/12/02,0,568000,-278000,290000
2015/12/03,0,136188,-98000,38188
2015/12/04,0,201000,-232000,-31000
2015/12/07,0,286000,-293000,-7000
2015/12/08,0,202000,-312000,-110000
2015/12/09,0,162000,-274000,-112000
2015/12/10,0,87000,-238828,-151828
2015/12/11,0,214000,-243000,-29000
2015/12/14,0,168000,-111067,56933
2015/12/15,0,114218,-228042,-113824
2015/12/16,0,195000,-340273,-145273
2015/12/17,0,182000,-99000,83000
2015/12/18,0,507757,-173000,334757
2015/12/21,0,44000,-333000,-289000
2015/12/22,0,236966,-132000,104966
2015/12/23,0,40000,-29000,11000
2015/12/24,0,67000,-47000,20000
2015/12/25,0,32000,-21000,11000
2015/12/28,0,189000,-151000,38000
2015/12/29,0,30000,-90000,-60000
2015/12/30,0,61000,-122684,-61684
2015/12/31,0,49000,-46000,3000
2016/01/01,0,0,0,0
2016/01/04,0,46120,-299000,-252880
2016/01/05,0,165827,-145000,20827
2016/01/06,0,76440,-172000,-95560
2016/01/07,0,291620,-230942,60678
2016/01/08,0,103000,-347582,-244582
2016/01/11,0,193014,-424000,-230986
2016/01/12,0,64000,-332000,-268000
2016/01/13,0,152000,-140295,11705
2016/01/14,0,122829,-186000,-63171
2016/01/15,0,111000,-312002,-201002
2016/01/18,0,245000,-189359,55641
2016/01/19,0,127000,-162917,-35917
2016/01/20,0,249042,-366000,-116958
2016/01/21,0,109000,-176000,-67000
2016/01/22,0,292000,-172000,120000
2016/01/25,0,226783,-234000,-7217
2016/01/26,0,235617,-450000,-214383
2016/01/27,0,623000,-254087,368913
2016/01/28,0,574000,-272298,301702
2016/01/29,0,1843658,-1440000,403658
2016/02/01,0,407021,-26000,381021
2016/02/02,0,601000,-196101,404899
2016/02/03,0,460000,-319296,140704
2016/02/04,0,0,0,0
2016/02/05,0,0,0,0
2016/02/08,0,0,0,0
2016/02/09,0,0,0,0
2016/02/10,0,0,0,0
2016/02/11,0,0,0,0
2016/02/12,0,0,0,0
2016/02/15,0,582829,-383704,199125
2016/02/16,0,656000,-239895,416105
2016/02/17,0,301658,-104000,197658
2016/02/18,0,635121,-202000,433121
2016/02/19,0,1077042,-893842,183200
2016/02/22,0,561000,-234000,327000
2016/02/23,0,437222,-129000,308222
2016/02/24,0,441000,-145649,295351
2016/02/25,0,395565,-36000,359565
2016/02/26,0,710000,-179000,531000
2016/02/29,0,0,0,0
2016/03/01,0,739048,-263000,476048
2016/03/02,0,805007,-282000,523007
2016/03/03,0,603328,-309000,294328
2016/03/04,0,364000,-232047,131953
2016/03/07,0,241000,-345000,-104000
2016/03/08,0,299000,-358794,-59794
2016/03/09,0,357000,-94095,262905
2016/03/10,0,243000,-117000,126000
2016/03/11,0,505000,-277187,227813
2016/03/14,0,249000,-233000,16000
2016/03/15,0,362000,-350000,12000
2016/03/16,0,389000,-266000,123000
2016/03/17,0,726000,-596000,130000
2016/03/18,0,2079000,-1159064,919936
2016/03/21,0,971000,-694000,277000
2016/03/22,0,598748,-1016748,-418000
2016/03/23,0,338000,-233000,105000
2016/03/24,0,222000,-281000,-59000
2016/03/25,0,65000,-108000,-43000
2016/03/28,0,169000,-148000,21000
2016/03/29,0,304000,-226000,78000
2016/03/30,0,871000,-648658,222342
2016/03/31,0,958000,-768105,189895
2016/04/01,0,373000,-513000,-140000
2016/04/04,0,0,0,0
2016/04/05,0,0,0,0
2016/04/06,0,354000,-478147,-124147
2016/04/07,0,128000,-283000,-155000
2016/04/08,0,203000,-346200,-143200
2016/04/11,0,85000,-86130,-1130
2016/04/12,0,66000,-133000,-67000
2016/04/13,0,263000,-197000,66000
2016/04/14,0,145000,-290000,-145000
2016/04/15,0,290000,-150000,140000
2016/04/18,0,144000,-80000,64000
2016/04/19,0,111000,-291000,-180000
2016/04/20,0,135151,-241000,-105849
2016/04/21,0,113000,-222000,-109000
2016/04/22,0,221000,-178000,43000
2016/04/25,0,228000,-300000,-72000
2016/04/26,0,240518,-448000,-207482
2016/04/27,0,271000,-399000,-128000
2016/04/28,0,204753,-447000,-242247
2016/04/29,0,97000,-209000,-112000
2016/05/02,0,0,0,0
2016/05/03,0,206000,-223000,-17000
2016/05/04,0,389000,-477243,-88243
2016/05/05,0,116000,-252000,-136000
2016/05/06,0,36000,-291000,-255000
2016/05/09,0,183000,-256000,-73000
2016/05/10,0,245000,-409000,-164000
2016/05/11,0,130000,-362350,-232350
2016/05/12,0,209000,-108000,101000
2016/05/13,0,173001,-493720,-320719
2016/05/16,0,94000,-114000,-20000
2016/05/17,0,154000,-186000,-32000
2016/05/18,0,291000,-218000,73000
2016/05/19,0,127000,-287000,-160000
2016/05/20,0,222660,-104021,118639
2016/05/23,0,428695,-195000,233695
2016/05/24,0,70000,-282000,-212000
2016/05/25,0,217000,-214745,2255
2016/05/26,0,75000,-104000,-29000
2016/05/27,0,200531,-275837,-75306
2016/05/30,0,538000,-404000,134000
2016/05/31,0,692174,-700951,-8777
2016/06/01,0,169000,-89000,80000
2016/06/02,0,118000,-172000,-54000
2016/06/03,0,120000,-67000,53000
2016/06/06,0,199000,-177498,21502
2016/06/07,0,472000,-324000,148000
2016/06/08,0,307000,-285000,22000
2016/06/09,0,0,0,0
2016/06/10,0,0,0,0
2016/06/13,0,208000,-289000,-81000
2016/06/14,0,156000,-92000,64000
2016/06/15,0,187000,-79000,108000
2016/06/16,0,229000,-191000,38000
2016/06/17,0,125000,-350000,-225000
2016/06/20,0,196000,-73000,123000
2016/06/21,0,355000,-56000,299000
2016/06/22,0,133942,-193368,-59426
2016/06/23,0,47428,-81000,-33572
2016/06/24,0,131000,-350000,-219000
2016/06/27,0,158000,-121000,37000
2016/06/28,0,139000,-325000,-186000
2016/06/29,0,319000,-262000,57000
2016/06/30,0,336000,-245741,90259
2016/07/01,0,377000,-113000,264000
2016/07/04,0,192694,-153990,38704
2016/07/05,0,103000,-216930,-113930
2016/07/06,0,61000,-301000,-240000
2016/07/07,0,184000,-135000,49000
2016/07/08,0,0,0,0
2016/07/11,0,550000,-222000,328000
2016/07/12,0,304000,-142231,161769
2016/07/13,0,614000,-206000,408000
2016/07/14,0,214000,-201000,13000
2016/07/15,0,285428,-105000,180428
2016/07/18,0,499000,-88000,411000
2016/07/19,0,426119,-127000,299119
2016/07/20,0,370000,-110000,260000
2016/07/21,0,486000,-138000,348000
2016/07/22,0,362000,-285000,77000
2016/07/25,0,214000,-176000,38000
2016/07/26,0,250000,-49000,201000
2016/07/27,0,148000,-53000,95000
2016/07/28,0,321000,-65000,256000
2016/07/29,0,225000,-262000,-37000
2016/08/01,0,294712,-194038,100674
2016/08/02,0,151000,-156000,-5000
2016/08/03,0,415000,-226038,188962
2016/08/04,0,71000,-63000,8000
2016/08/05,0,248170,-23000,225170
2016/08/08,0,175714,-181000,-5286
2016/08/09,0,345000,-155000,190000
2016/08/10,0,280000,-383034,-103034
2016/08/11,0,209000,-181000,28000
2016/08/12,0,204000,-137000,67000
2016/08/15,0,176000,-18000,158000
2016/08/16,0,196000,-164000,32000
2016/08/17,0,130635,-98000,32635
2016/08/18,0,34000,-155000,-121000
2016/08/19,0,161537,-164000,-2463
2016/08/22,0,44000,-90799,-46799
2016/08/23,0,156000,-422799,-266799
2016/08/24,0,53000,-473799,-420799
2016/08/25,0,311300,-523799,-212499
2016/08/26,0,129000,-180799,-51799
2016/08/29,0,152000,-343799,-191799
2016/08/30,0,197238,-287799,-90561
2016/08/31,0,185115,-424799,-239684
2016/09/01,0,53699,-237799,-184100
2016/09/02,0,185952,-362176,-176224
2016/09/05,0,171000,-168003,2997
2016/09/06,0,201666,-79000,122666
2016/09/07,0,274000,-608000,-334000
2016/09/08,0,196819,-371000,-174181
2016/09/09,0,119000,-147000,-28000
2016/09/12,0,287000,-346000,-59000
2016/09/13,0,209000,-363000,-154000
2016/09/14,0,330000,-292062,37938
2016/09/15,0,0,0,0
2016/09/16,0,0,0,0
2016/09/19,0,307657,-255000,52657
2016/09/20,0,99000,-283000,-184000
2016/09/21,0,335000,-276164,58836
2016/09/22,0,314190,-208000,106190
2016/09/23,0,264000,-68782,195218
2016/09/26,0,54000,-52000,2000
2016/09/27,0,0,0,0
2016/09/28,0,0,0,0
2016/09/29,0,451952,-304409,147543
2016/09/30,0,172952,-616965,-444013
2016/10/03,0,103000,-92000,11000
2016/10/04,0,163000,-75799,87201
2016/10/05,0,95000,-160000,-65000
2016/10/06,0,80590,-170000,-89410
2016/10/07,0,45142,-141000,-95858
2016/10/10,0,0,0,0
2016/10/11,0,147000,-380000,-233000
2016/10/12,0,228000,-236602,-8602
2016/10/13,0,232000,-451000,-219000
2016/10/14,0,225000,-371000,-146000
2016/10/17,0,180000,-451202,-271202
2016/10/18,0,228658,-141000,87658
2016/10/19,0,85829,-111000,-25171
2016/10/20,0,124000,-184008,-60008
2016/10/21,0,501000,-651000,-150000
2016/10/24,0,158000,-763000,-605000
2016/10/25,0,88000,-222000,-134000
2016/10/26,0,26000,-327000,-301000
2016/10/27,0,135624,-550000,-414376
2016/10/28,0,93000,-147000,-54000
2016/10/31,0,185672,-208000,-22328
2016/11/01,0,51000,-109000,-58000
2016/11/02,0,80072,-276000,-195928
2016/11/03,0,145000,-347000,-202000
2016/11/04,0,72000,-110000,-38000
2016/11/07,0,120000,-92122,27878
2016/11/08,0,101312,-105000,-3688
2016/11/09,0,196000,-579000,-383000
2016/11/10,0,138000,-264000,-126000
2016/11/11,0,82000,-730835,-648835
2016/11/14,0,93000,-410000,-317000
2016/11/15,0,172302,-311000,-138698
2016/11/16,0,284000,-622000,-338000
2016/11/17,0,122000,-453000,-331000
2016/11/18,0,322000,-278000,44000
2016/11/21,0,246000,-399339,-153339
2016/11/22,0,234987,-411000,-176013
2016/11/23,0,462000,-346623,115377
2016/11/24,0,52000,-263000,-211000
2016/11/25,0,17000,-127000,-110000
2016/11/28,0,89000,-164000,-75000
2016/11/29,0,235000,-297356,-62356
2016/11/30,0,1206000,-819852,386148
2016/12/01,0,538992,-433000,105992
2016/12/02,0,402000,-336000,66000
2016/12/05,0,173000,-274066,-101066
2016/12/06,0,357000,-231641,125359
2016/12/07,0,122000,-131127,-9127
2016/12/08,0,163000,-126000,37000
2016/12/09,0,184072,-98003,86069
2016/12/12,0,149000,-283000,-134000
2016/12/13,0,187599,-214000,-26401
2016/12/14,0,161130,-101000,60130
2016/12/15,0,156000,-119000,37000
2016/12/16,0,115100,-298000,-182900
2016/12/19,0,59000,-46000,13000
2016/12/20,0,100904,-204000,-103096
2016/12/21,0,106785,-129000,-22215
2016/12/22,0,155468,-170000,-14532
2016/12/23,0,96000,-159000,-63000
2016/12/26,0,41000,-31000,10000
2016/12/27,0,23000,-28000,-5000
2016/12/28,0,44000,-63000,-19000
2016/12/29,0,124000,-125195,-1195
2016/12/30,0,147000,-57000,90000
2017/01/02,0,0,0,0
2017/01/03,0,82000,-80000,2000
2017/01/04,0,184000,-118347,65653
2017/01/05,0,96368,-74500,21868
2017/01/06,0,83000,-112000,-29000
2017/01/09,0,66000,-137442,-71442
2017/01/10,0,50000,-63000,-13000
2017/01/11,0,90528,-73769,16759
2017/01/12,0,153000,-67000,86000
2017/01/13,0,141642,-71000,70642
2017/01/16,0,277000,-553983,-276983
2017/01/17,0,163360,-338204,-174844
2017/01/18,0,155100,-173701,-18601
2017/01/19,0,261457,-320388,-58931
2017/01/20,0,393284,-521150,-127866
2017/01/23,0,315926,-151000,164926
2017/01/24,0,211414,-236000,-24586
2017/01/25,0,0,0,0
2017/01/26,0,0,0,0
2017/01/27,0,0,0,0
2017/01/30,0,0,0,0
2017/01/31,0,0,0,0
2017/02/01,0,0,0,0
2017/02/02,0,429140,-504658,-75518
2017/02/03,0,318000,-311552,6448
2017/02/06,0,138000,-139000,-1000
2017/02/07,0,137113,-219000,-81887
2017/02/08,0,180452,-294815,-114363
2017/02/09,0,166861,-328000,-161139
2017/02/10,0,450000,-449355,645
2017/02/13,0,239144,-222000,17144
2017/02/14,0,286000,-297799,-11799
2017/02/15,0,235000,-127000,108000
2017/02/16,0,138000,-215928,-77928
2017/02/17,0,88000,-191000,-103000
2017/02/20,0,74000,-92000,-18000
2017/02/21,0,183000,-114000,69000
2017/02/22,0,142026,-133000,9026
2017/02/23,0,648000,-556000,92000
2017/02/24,0,310858,-572000,-261142
2017/02/27,0,0,0,0
2017/02/28,0,0,0,0
2017/03/01,0,221724,-342450,-120726
2017/03/02,0,124559,-380816,-256257
2017/03/03,0,253000,-273273,-20273
2017/03/06,0,148470,-131314,17156
2017/03/07,0,114000,-104208,9792
2017/03/08,0,162000,-199073,-37073
2017/03/09,0,104026,-372277,-268251
2017/03/10,0,92000,-340000,-248000
2017/03/13,0,575336,-177324,398012
2017/03/14,0,1183316,-90696,1092620
2017/03/15,0,496000,-136168,359832
2017/03/16,0,705000,-83000,622000
2017/03/17,0,706497,-142081,564416
2017/03/20,0,738000,-84000,654000
2017/03/21,0,1214624,-131000,1083624
2017/03/22,0,577850,-159080,418770
2017/03/23,0,604000,-283240,320760
2017/03/24,0,738070,-282120,455950
2017/03/27,0,505000,-32000,473000
2017/03/28,0,811000,-117000,694000
2017/03/29,0,595192,-131000,464192
2017/03/30,0,548000,-390972,157028
2017/03/31,0,763000,-228000,535000
2017/04/03,0,0,0,0
2017/04/04,0,0,0,0
2017/04/05,0,848000,-133000,715000
2017/04/06,0,378000,-312000,66000
2017/04/07,0,760000,-273000,487000
2017/04/10,0,343525,-340000,3525
2017/04/11,0,558000,-254000,304000
2017/04/12,0,223000,-226000,-3000
2017/04/13,0,172000,-113000,59000
2017/04/14,0,164000,-75000,89000
2017/04/17,0,95000,-89000,6000
2017/04/18,0,647000,-207360,439640
2017/04/19,0,308000,-380056,-72056
2017/04/20,0,324000,-329000,-5000
2017/04/21,0,363000,-239430,123570
2017/04/24,0,88000,-118000,-30000
2017/04/25,0,572924,-63000,509924
2017/04/26,0,890000,-324000,566000
2017/04/27,0,249000,-219000,30000
2017/04/28,0,152000,-70188,81812
2017/05/01,0,0,0,0
2017/05/02,0,320958,-106000,214958
2017/05/03,0,66000,-55000,11000
2017/05/04,0,355000,-76000,279000
2017/05/05,0,302008,-184000,118008
2017/05/08,0,155040,-621000,-465960
2017/05/09,0,224232,-296000,-71768
2017/05/10,0,267143,-113000,154143
2017/05/11,0,145104,-60000,85104
2017/05/12,0,319000,-207000,112000
2017/05/15,0,104648,-110000,-5352
2017/05/16,0,281000,-266946,14054
2017/05/17,0,187140,-156000,31140
2017/05/18,0,61528,-161000,-99472
2017/05/19,0,50005,-60000,-9995
2017/05/22,0,184840,-130148,54692
2017/05/23,0,216480,-220520,-4040
2017/05/24,0,829027,-687748,141279
2017/05/25,0,580436,-388858,191578
2017/05/26,0,0,0,0
2017/05/29,0,0,0,0
2017/05/30,0,0,0,0
2017/05/31,0,1165029,-970828,194201
2017/06/01,0,267000,-295912,-28912
2017/06/02,0,330000,-324000,6000
2017/06/05,0,420000,-187000,233000
2017/06/06,0,47000,-68000,-21000
2017/06/07,0,60000,-86618,-26618
2017/06/08,0,226000,-83000,143000
2017/06/09,0,111000,-357429,-246429
2017/06/12,0,52000,-251000,-199000
2017/06/13,0,109000,-85000,24000
2017/06/14,0,300000,-329191,-29191
2017/06/15,0,329238,-294438,34800
2017/06/16,0,99000,-1162772,-1063772
2017/06/19,0,66144,-119000,-52856
2017/06/20,0,102000,-216287,-114287
2017/06/21,0,438000,-216651,221349
2017/06/22,0,159000,-124000,35000
2017/06/23,0,164000,-184500,-20500
2017/06/26,0,219000,-111500,107500
2017/06/27,0,78000,-107000,-29000
2017/06/28,0,175000,-436819,-261819
2017/06/29,0,81000,-292288,-211288
2017/06/30,0,130000,-697171,-567171
2017/07/03,0,610000,-247708,362292
2017/07/04,0,214000,-324000,-110000
2017/07/05,0,200000,-243000,-43000
2017/07/06,0,190000,-221571,-31571
2017/07/07,0,132220,-117310,14910
2017/07/10,0,34039,-84050,-50011
2017/07/11,0,178132,-23000,155132
2017/07/12,0,273000,-195573,77427
2017/07/13,0,167000,-166000,1000
2017/07/14,0,119000,-177000,-58000
2017/07/17,0,109000,-122000,-13000
2017/07/18,0,134000,-111000,23000
2017/07/19,0,216000,-332000,-116000
2017/07/20,0,85312,-91000,-5688
2017/07/21,0,85026,-196384,-111358
2017/07/24,0,110000,-117000,-7000
2017/07/25,0,76000,-159624,-83624
2017/07/26,0,98000,-244993,-146993
2017/07/27,0,242000,-312089,-70089
2017/07/28,0,84000,-270358,-186358
2017/07/31,0,226000,-408000,-182000
2017/08/01,0,334115,-235000,99115
2017/08/02,0,164000,-170000,-6000
2017/08/03,0,121000,-203100,-82100
2017/08/04,0,216000,-416000,-200000
2017/08/07,0,181000,-295000,-114000
2017/08/08,0,90000,-108000,-18000
2017/08/09,0,155484,-258000,-102516
2017/08/10,0,104288,-177000,-72712
2017/08/11,0,257000,-276940,-19940
2017/08/14,0,210000,-314000,-104000
2017/08/15,0,342000,-174000,168000
2017/08/16,0,199000,-239973,-40973
2017/08/17,0,55000,-53000,2000
2017/08/18,0,67000,-145000,-78000
