Date,Open,Buy,Sell,Total
2007/01/02,0,150000,-330391,-180391
2007/01/03,0,170000,-1303000,-1133000
2007/01/04,0,100000,-177034,-77034
2007/01/05,0,0,-442,-442
2007/01/08,0,0,-721000,-721000
2007/01/09,0,0,-195000,-195000
2007/01/10,0,101000,-352537,-251537
2007/01/11,0,47000,0,47000
2007/01/12,0,2000,-20000,-18000
2007/01/15,0,0,-5000,-5000
2007/01/16,0,2000,0,2000
2007/01/17,0,2000,-550000,-548000
2007/01/18,0,0,-271000,-271000
2007/01/19,0,450000,-2000,448000
2007/01/22,0,4000,-110000,-106000
2007/01/23,0,55000,0,55000
2007/01/24,0,320000,0,320000
2007/01/25,0,360000,-50000,310000
2007/01/26,0,0,-1000,-1000
2007/01/29,0,0,0,0
2007/01/30,0,5000,-105000,-100000
2007/01/31,0,0,0,0
2007/02/01,0,0,-100000,-100000
2007/02/02,0,4000,-50000,-46000
2007/02/05,0,0,0,0
2007/02/06,0,12000,0,12000
2007/02/07,0,0,0,0
2007/02/08,0,2000,0,2000
2007/02/09,0,50000,0,50000
2007/02/12,0,0,-84952,-84952
2007/02/13,0,0,0,0
2007/02/14,0,170000,0,170000
2007/02/15,0,0,0,0
2007/02/16,0,0,0,0
2007/02/19,0,0,0,0
2007/02/20,0,0,0,0
2007/02/21,0,0,0,0
2007/02/22,0,0,0,0
2007/02/23,0,0,0,0
2007/02/26,0,0,0,0
2007/02/27,0,190000,0,190000
2007/02/28,0,0,0,0
2007/03/01,0,0,0,0
2007/03/02,0,752000,0,752000
2007/03/05,0,600000,-1000,599000
2007/03/06,0,269000,0,269000
2007/03/07,0,2855000,-199940,2655060
2007/03/08,0,210000,-339000,-129000
2007/03/09,0,620000,-164000,456000
2007/03/12,0,300000,-59000,241000
2007/03/13,0,275000,-180000,95000
2007/03/14,0,394000,-234000,160000
2007/03/15,0,1570000,-82000,1488000
2007/03/16,0,1603000,-126000,1477000
2007/03/19,0,300000,-925000,-625000
2007/03/20,0,200000,-68000,132000
2007/03/21,0,940000,-15000,925000
2007/03/22,0,0,-180000,-180000
2007/03/23,0,319000,-145000,174000
2007/03/26,0,518000,-33000,485000
2007/03/27,0,284000,-45000,239000
2007/03/28,0,310000,-60000,250000
2007/03/29,0,311000,-52000,259000
2007/03/30,0,0,-156000,-156000
2007/04/02,0,90000,-630000,-540000
2007/04/03,0,72000,-350000,-278000
2007/04/04,0,830000,-650000,180000
2007/04/05,0,0,0,0
2007/04/06,0,0,0,0
2007/04/09,0,0,-301000,-301000
2007/04/10,0,0,-378000,-378000
2007/04/11,0,57000,-912000,-855000
2007/04/12,0,0,-371000,-371000
2007/04/13,0,305000,-547000,-242000
2007/04/16,0,160000,-224000,-64000
2007/04/17,0,0,0,0
2007/04/18,0,422000,-63000,359000
2007/04/19,0,5000,-145000,-140000
2007/04/20,0,501000,-192000,309000
2007/04/23,0,120000,-185000,-65000
2007/04/24,0,0,-646000,-646000
2007/04/25,0,78000,-14000,64000
2007/04/26,0,0,-3199000,-3199000
2007/04/27,0,0,-700000,-700000
2007/04/30,0,95000,-150000,-55000
2007/05/01,0,0,0,0
2007/05/02,0,0,-100000,-100000
2007/05/03,0,0,0,0
2007/05/04,0,120000,0,120000
2007/05/07,0,0,0,0
2007/05/08,0,30000,-450000,-420000
2007/05/09,0,0,0,0
2007/05/10,0,0,-1154000,-1154000
2007/05/11,0,207000,0,207000
2007/05/14,0,0,-100000,-100000
2007/05/15,0,501000,-100000,401000
2007/05/16,0,385000,-5000,380000
2007/05/17,0,209000,-45000,164000
2007/05/18,0,0,-450000,-450000
2007/05/21,0,0,-875000,-875000
2007/05/22,0,38000,-190000,-152000
2007/05/23,0,145000,-799000,-654000
2007/05/24,0,576000,-245000,331000
2007/05/25,0,955000,0,955000
2007/05/28,0,20000,0,20000
2007/05/29,0,320000,0,320000
2007/05/30,0,1584000,0,1584000
2007/05/31,0,1780000,0,1780000
2007/06/01,0,1510000,0,1510000
2007/06/04,0,320000,0,320000
2007/06/05,0,65000,-697000,-632000
2007/06/06,0,66000,0,66000
2007/06/07,0,250000,-45000,205000
2007/06/08,0,745000,0,745000
2007/06/11,0,567000,-4000,563000
2007/06/12,0,4478000,-1400000,3078000
2007/06/13,0,1190000,-2000,1188000
2007/06/14,0,1163000,-20000,1143000
2007/06/15,0,140000,-214000,-74000
2007/06/18,0,0,0,0
2007/06/19,0,0,0,0
2007/06/20,0,1210000,0,1210000
2007/06/21,0,903000,-180000,723000
2007/06/22,0,900000,-1305000,-405000
2007/06/25,0,170000,-222000,-52000
2007/06/26,0,80000,-627000,-547000
2007/06/27,0,0,0,0
2007/06/28,0,495000,-23000,472000
2007/06/29,0,250000,-1154000,-904000
2007/07/02,0,137000,-135000,2000
2007/07/03,0,164000,-21000,143000
2007/07/04,0,1310000,-139000,1171000
2007/07/05,0,1272000,-77000,1195000
2007/07/06,0,461000,-10000,451000
2007/07/09,0,241000,0,241000
2007/07/10,0,295000,0,295000
2007/07/11,0,292000,-100000,192000
2007/07/12,0,320000,0,320000
2007/07/13,0,179000,-36000,143000
2007/07/16,0,1366000,0,1366000
2007/07/17,0,803000,-300000,503000
2007/07/18,0,2434000,-1523000,911000
2007/07/19,0,2416000,-133000,2283000
2007/07/20,0,509000,0,509000
2007/07/23,0,391000,0,391000
2007/07/24,0,100000,-239000,-139000
2007/07/25,0,51000,-1340000,-1289000
2007/07/26,0,549000,-925000,-376000
2007/07/27,0,131000,-1090000,-959000
2007/07/30,0,100000,-99000,1000
2007/07/31,0,410000,-1020000,-610000
2007/08/01,0,363000,-650000,-287000
2007/08/02,0,527000,-1947000,-1420000
2007/08/03,0,507000,-2512000,-2005000
2007/08/06,0,1011000,-1615000,-604000
2007/08/07,0,293000,-70000,223000
2007/08/08,0,588000,0,588000
2007/08/09,0,891000,-27000,864000
2007/08/10,0,331000,-11000,320000
2007/08/13,0,152000,-100000,52000
2007/08/14,0,770000,-539000,231000
2007/08/15,0,201000,-4000,197000
2007/08/16,0,157000,-634949,-477949
2007/08/17,0,210000,-221000,-11000
2007/08/20,0,570000,-5000,565000
2007/08/21,0,1000,-192000,-191000
2007/08/22,0,202000,-1922000,-1720000
2007/08/23,0,39000,-516000,-477000
2007/08/24,0,80000,-988000,-908000
2007/08/27,0,301000,-117000,184000
2007/08/28,0,35000,-295000,-260000
2007/08/29,0,470000,-1389000,-919000
2007/08/30,0,240000,-1059000,-819000
2007/08/31,0,1000,-2460000,-2459000
2007/09/03,0,22000,-2025000,-2003000
2007/09/04,0,130000,-865794,-735794
2007/09/05,0,150000,-630000,-480000
2007/09/06,0,0,-50000,-50000
2007/09/07,0,186000,-224000,-38000
2007/09/10,0,1000,-15000,-14000
2007/09/11,0,0,-460000,-460000
2007/09/12,0,210000,-150000,60000
2007/09/13,0,50000,-279000,-229000
2007/09/14,0,7000,-756000,-749000
2007/09/17,0,0,-920000,-920000
2007/09/18,0,0,0,0
2007/09/19,0,0,-479000,-479000
2007/09/20,0,0,-256000,-256000
2007/09/21,0,0,-452000,-452000
2007/09/24,0,0,0,0
2007/09/25,0,0,0,0
2007/09/26,0,731000,-640000,91000
2007/09/27,0,670000,-29000,641000
2007/09/28,0,1350000,-422000,928000
2007/10/01,0,0,-72000,-72000
2007/10/02,0,1000,-200000,-199000
2007/10/03,0,250000,0,250000
2007/10/04,0,0,-50000,-50000
2007/10/05,0,0,0,0
2007/10/08,0,0,-320000,-320000
2007/10/09,0,0,-1871000,-1871000
2007/10/10,0,0,0,0
2007/10/11,0,0,0,0
2007/10/12,0,0,-445000,-445000
2007/10/15,0,0,-95000,-95000
2007/10/16,0,0,-374000,-374000
2007/10/17,0,0,-260000,-260000
2007/10/18,0,0,-136000,-136000
2007/10/19,0,0,-354000,-354000
2007/10/22,0,0,-930000,-930000
2007/10/23,0,0,-250000,-250000
2007/10/24,0,0,-790000,-790000
2007/10/25,0,0,-843000,-843000
2007/10/26,0,0,-208000,-208000
2007/10/29,0,0,-467930,-467930
2007/10/30,0,100000,-431260,-331260
2007/10/31,0,100000,-34348,65652
2007/11/01,0,65000,-76284,-11284
2007/11/02,0,1000,-47453,-46453
2007/11/05,0,3000,-1483,1517
2007/11/06,0,13000,-11993,1007
2007/11/07,0,0,-660874,-660874
2007/11/08,0,0,-271000,-271000
2007/11/09,0,0,-1605,-1605
2007/11/12,0,1000,-545940,-544940
2007/11/13,0,0,-837,-837
2007/11/14,0,1000,-494,506
2007/11/15,0,0,-346,-346
2007/11/16,0,0,0,0
2007/11/19,0,0,0,0
2007/11/20,0,1000,0,1000
2007/11/21,0,0,-1603,-1603
2007/11/22,0,0,0,0
2007/11/23,0,1000,0,1000
2007/11/26,0,0,0,0
2007/11/27,0,0,-283000,-283000
2007/11/28,0,0,-346,-346
2007/11/29,0,1000,0,1000
2007/11/30,0,540000,-30000,510000
2007/12/03,0,243000,0,243000
2007/12/04,0,100000,0,100000
2007/12/05,0,538000,0,538000
2007/12/06,0,0,-20000,-20000
2007/12/07,0,50000,-30000,20000
2007/12/10,0,75000,0,75000
2007/12/11,0,170000,-1000,169000
2007/12/12,0,0,-190000,-190000
2007/12/13,0,0,-45000,-45000
2007/12/14,0,65000,-16296,48704
2007/12/17,0,120000,0,120000
2007/12/18,0,104000,0,104000
2007/12/19,0,25000,0,25000
2007/12/20,0,0,0,0
2007/12/21,0,199000,-19000,180000
2007/12/24,0,0,-975000,-975000
2007/12/25,0,0,-422027,-422027
2007/12/26,0,0,0,0
2007/12/27,0,91000,-120000,-29000
2007/12/28,0,0,-1000,-1000
2007/12/31,0,34000,0,34000
2008/01/01,0,0,0,0
2008/01/02,0,463000,-524000,-61000
2008/01/03,0,566000,0,566000
2008/01/04,0,175000,0,175000
2008/01/07,0,0,0,0
2008/01/08,0,1000,-274094,-273094
2008/01/09,0,152000,-83092,68908
2008/01/10,0,368000,-27000,341000
2008/01/11,0,1000,0,1000
2008/01/14,0,0,0,0
2008/01/15,0,0,0,0
2008/01/16,0,1000,-159000,-158000
2008/01/17,0,3000,0,3000
2008/01/18,0,598000,0,598000
2008/01/21,0,1000,0,1000
2008/01/22,0,0,0,0
2008/01/23,0,60000,0,60000
2008/01/24,0,451000,0,451000
2008/01/25,0,76000,0,76000
2008/01/28,0,15000,-90000,-75000
2008/01/29,0,10000,-260000,-250000
2008/01/30,0,95000,-38000,57000
2008/01/31,0,45000,-215000,-170000
2008/02/01,0,41000,0,41000
2008/02/04,0,0,0,0
2008/02/05,0,0,0,0
2008/02/06,0,0,0,0
2008/02/07,0,0,0,0
2008/02/08,0,0,0,0
2008/02/11,0,0,0,0
2008/02/12,0,12000,-111000,-99000
2008/02/13,0,15000,-498000,-483000
2008/02/14,0,15000,-186000,-171000
2008/02/15,0,0,-955000,-955000
2008/02/18,0,4000,-50000,-46000
2008/02/19,0,7000,-610817,-603817
2008/02/20,0,800000,-1000,799000
2008/02/21,0,301000,-696000,-395000
2008/02/22,0,0,-100000,-100000
2008/02/25,0,0,-135000,-135000
2008/02/26,0,0,-571000,-571000
2008/02/27,0,442000,-402000,40000
2008/02/28,0,0,0,0
2008/02/29,0,61000,-235000,-174000
2008/03/03,0,0,-500000,-500000
2008/03/04,0,0,-209000,-209000
2008/03/05,0,0,-25000,-25000
2008/03/06,0,0,0,0
2008/03/07,0,0,0,0
2008/03/10,0,95000,0,95000
2008/03/11,0,212000,0,212000
2008/03/12,0,1000,-7000,-6000
2008/03/13,0,318000,0,318000
2008/03/14,0,588000,0,588000
2008/03/17,0,300000,0,300000
2008/03/18,0,31000,0,31000
2008/03/19,0,26000,0,26000
2008/03/20,0,0,0,0
2008/03/21,0,2000,0,2000
2008/03/24,0,1000,-7000,-6000
2008/03/25,0,0,-1000,-1000
2008/03/26,0,1000,-16000,-15000
2008/03/27,0,0,-1000,-1000
2008/03/28,0,1000,0,1000
2008/03/31,0,342000,0,342000
2008/04/01,0,1321000,-1000,1320000
2008/04/02,0,359000,-24000,335000
2008/04/03,0,699000,0,699000
2008/04/04,0,0,0,0
2008/04/07,0,206000,0,206000
2008/04/08,0,1000,-475000,-474000
2008/04/09,0,109000,-79000,30000
2008/04/10,0,10000,-50000,-40000
2008/04/11,0,175000,0,175000
2008/04/14,0,0,-295000,-295000
2008/04/15,0,0,-305000,-305000
2008/04/16,0,604000,0,604000
2008/04/17,0,200000,0,200000
2008/04/18,0,0,-2000,-2000
2008/04/21,0,950000,0,950000
2008/04/22,0,573000,-11000,562000
2008/04/23,0,431000,0,431000
2008/04/24,0,51000,-226000,-175000
2008/04/25,0,955000,0,955000
2008/04/28,0,360000,-53000,307000
2008/04/29,0,576000,0,576000
2008/04/30,0,286000,-31000,255000
2008/05/01,0,0,0,0
2008/05/02,0,142000,-507000,-365000
2008/05/05,0,126000,-38000,88000
2008/05/06,0,238000,0,238000
2008/05/07,0,1991000,-1000,1990000
2008/05/08,0,2586000,0,2586000
2008/05/09,0,302000,-19000,283000
2008/05/12,0,39000,-67000,-28000
2008/05/13,0,242000,-18000,224000
2008/05/14,0,70000,-10000,60000
2008/05/15,0,37000,-50000,-13000
2008/05/16,0,0,-570000,-570000
2008/05/19,0,120000,-404000,-284000
2008/05/20,0,124000,-670000,-546000
2008/05/21,0,5000,-1152000,-1147000
2008/05/22,0,0,-46000,-46000
2008/05/23,0,100000,-262000,-162000
2008/05/26,0,0,-428000,-428000
2008/05/27,0,79000,0,79000
2008/05/28,0,151000,-555000,-404000
2008/05/29,0,470000,-160000,310000
2008/05/30,0,186000,-149000,37000
2008/06/02,0,387000,-30000,357000
2008/06/03,0,316000,-250000,66000
2008/06/04,0,152000,0,152000
2008/06/05,0,320000,-191000,129000
2008/06/06,0,121000,-228000,-107000
2008/06/09,0,519000,0,519000
2008/06/10,0,302000,-500000,-198000
2008/06/11,0,340000,-200000,140000
2008/06/12,0,1000,-5000,-4000
2008/06/13,0,70000,0,70000
2008/06/16,0,0,-3000,-3000
2008/06/17,0,86000,-94000,-8000
2008/06/18,0,0,-120000,-120000
2008/06/19,0,0,-386000,-386000
2008/06/20,0,0,-101000,-101000
2008/06/23,0,2000,-430000,-428000
2008/06/24,0,0,-599000,-599000
2008/06/25,0,128000,-818000,-690000
2008/06/26,0,30000,-55000,-25000
2008/06/27,0,200000,0,200000
2008/06/30,0,101000,-1253000,-1152000
2008/07/01,0,184000,-589000,-405000
2008/07/02,0,8000,0,8000
2008/07/03,0,604000,-125000,479000
2008/07/04,0,375000,0,375000
2008/07/07,0,44000,0,44000
2008/07/08,0,59000,0,59000
2008/07/09,0,78000,0,78000
2008/07/10,0,162000,0,162000
2008/07/11,0,256000,-1000,255000
2008/07/14,0,50000,0,50000
2008/07/15,0,1000,0,1000
2008/07/16,0,1000,0,1000
2008/07/17,0,0,0,0
2008/07/18,0,0,-11000,-11000
2008/07/21,0,201000,0,201000
2008/07/22,0,20000,-49000,-29000
2008/07/23,0,100000,-1394000,-1294000
2008/07/24,0,0,-39000,-39000
2008/07/25,0,0,-555000,-555000
2008/07/28,0,0,0,0
2008/07/29,0,0,-410000,-410000
2008/07/30,0,21000,-86781,-65781
2008/07/31,0,0,-213000,-213000
2008/08/01,0,0,-150000,-150000
2008/08/04,0,0,-78000,-78000
2008/08/05,0,0,-150000,-150000
2008/08/06,0,1000,0,1000
2008/08/07,0,521000,0,521000
2008/08/08,0,1402000,0,1402000
2008/08/11,0,0,0,0
2008/08/12,0,479000,-662000,-183000
2008/08/13,0,31000,-530000,-499000
2008/08/14,0,0,-206000,-206000
2008/08/15,0,0,-185000,-185000
2008/08/18,0,103000,-490000,-387000
2008/08/19,0,125000,-1000,124000
2008/08/20,0,330000,-102000,228000
2008/08/21,0,28000,-46000,-18000
2008/08/22,0,0,-79000,-79000
2008/08/25,0,10000,0,10000
2008/08/26,0,0,-5000,-5000
2008/08/27,0,0,0,0
2008/08/28,0,0,0,0
2008/08/29,0,0,-392000,-392000
2008/09/01,0,0,-497000,-497000
2008/09/02,0,1000,-433000,-432000
2008/09/03,0,2000,-959000,-957000
2008/09/04,0,1000,-215000,-214000
2008/09/05,0,1000,-217000,-216000
2008/09/08,0,2000,-1167938,-1165938
2008/09/09,0,1000,-355000,-354000
2008/09/10,0,1000,0,1000
2008/09/11,0,0,-180845,-180845
2008/09/12,0,0,-289445,-289445
2008/09/15,0,0,0,0
2008/09/16,0,0,0,0
2008/09/17,0,0,-74000,-74000
2008/09/18,0,4000,-93000,-89000
2008/09/19,0,100000,-880000,-780000
2008/09/22,0,0,-50000,-50000
2008/09/23,0,100000,-48000,52000
2008/09/24,0,0,-1000,-1000
2008/09/25,0,100000,-231000,-131000
2008/09/26,0,1000,0,1000
2008/09/29,0,0,0,0
2008/09/30,0,0,0,0
2008/10/01,0,0,-215000,-215000
2008/10/02,0,0,-51815,-51815
2008/10/03,0,0,-113000,-113000
2008/10/06,0,1000,-3000,-2000
2008/10/07,0,0,-2000,-2000
2008/10/08,0,2000,0,2000
2008/10/09,0,2000,-1000,1000
2008/10/10,0,0,0,0
2008/10/13,0,99000,0,99000
2008/10/14,0,36000,0,36000
2008/10/15,0,2000,0,2000
2008/10/16,0,1000,-58000,-57000
2008/10/17,0,0,-11371,-11371
2008/10/20,0,0,-2305,-2305
2008/10/21,0,0,-144000,-144000
2008/10/22,0,0,-54102,-54102
2008/10/23,0,0,-4000,-4000
2008/10/24,0,0,-38000,-38000
2008/10/27,0,0,-12554,-12554
2008/10/28,0,0,-266000,-266000
2008/10/29,0,0,-44000,-44000
2008/10/30,0,0,-2982,-2982
2008/10/31,0,0,-2000,-2000
2008/11/03,0,0,0,0
2008/11/04,0,1000,0,1000
2008/11/05,0,123000,0,123000
2008/11/06,0,1000,0,1000
2008/11/07,0,17000,0,17000
2008/11/10,0,0,0,0
2008/11/11,0,102000,0,102000
2008/11/12,0,0,0,0
2008/11/13,0,0,-1000,-1000
2008/11/14,0,250000,0,250000
2008/11/17,0,1000,0,1000
2008/11/18,0,24000,0,24000
2008/11/19,0,1000,0,1000
2008/11/20,0,0,0,0
2008/11/21,0,0,-50463,-50463
2008/11/24,0,531000,0,531000
2008/11/25,0,122000,0,122000
2008/11/26,0,2000,0,2000
2008/11/27,0,0,0,0
2008/11/28,0,0,0,0
2008/12/01,0,287000,0,287000
2008/12/02,0,267000,-384000,-117000
2008/12/03,0,416000,-190000,226000
2008/12/04,0,307000,0,307000
2008/12/05,0,0,0,0
2008/12/08,0,0,0,0
2008/12/09,0,10000,0,10000
2008/12/10,0,0,0,0
2008/12/11,0,749000,0,749000
2008/12/12,0,84000,0,84000
2008/12/15,0,0,-2000,-2000
2008/12/16,0,0,0,0
2008/12/17,0,0,0,0
2008/12/18,0,405000,-1000,404000
2008/12/19,0,578000,0,578000
2008/12/22,0,841000,-15000,826000
2008/12/23,0,499000,0,499000
2008/12/24,0,202000,0,202000
2008/12/25,0,427000,0,427000
2008/12/26,0,448000,0,448000
2008/12/29,0,200000,0,200000
2008/12/30,0,569000,0,569000
2008/12/31,0,50000,-221000,-171000
2009/01/01,0,0,0,0
2009/01/02,0,0,0,0
2009/01/05,0,0,0,0
2009/01/06,0,290000,0,290000
2009/01/07,0,1140000,-40,1139960
2009/01/08,0,440000,-520000,-80000
2009/01/09,0,65000,-286000,-221000
2009/01/12,0,81000,-53000,28000
2009/01/13,0,50000,-122000,-72000
2009/01/14,0,158000,-202000,-44000
2009/01/15,0,15000,-2000,13000
2009/01/16,0,80000,0,80000
2009/01/19,0,460000,0,460000
2009/01/20,0,80000,0,80000
2009/01/21,0,520000,0,520000
2009/01/22,0,0,0,0
2009/01/23,0,0,0,0
2009/01/26,0,0,0,0
2009/01/27,0,0,0,0
2009/01/28,0,0,0,0
2009/01/29,0,0,0,0
2009/01/30,0,0,0,0
2009/02/02,0,815000,0,815000
2009/02/03,0,1810000,0,1810000
2009/02/04,0,452000,-347,451653
2009/02/05,0,675000,0,675000
2009/02/06,0,51000,-188000,-137000
2009/02/09,0,250000,-487000,-237000
2009/02/10,0,511000,-700000,-189000
2009/02/11,0,270000,-490000,-220000
2009/02/12,0,150000,-1023000,-873000
2009/02/13,0,40000,-2028000,-1988000
2009/02/16,0,0,-1969000,-1969000
2009/02/17,0,0,-937000,-937000
2009/02/18,0,21000,-329000,-308000
2009/02/19,0,0,-135388,-135388
2009/02/20,0,0,-581000,-581000
2009/02/23,0,20000,-755000,-735000
2009/02/24,0,180000,0,180000
2009/02/25,0,1930000,-238000,1692000
2009/02/26,0,1335000,-10000,1325000
2009/02/27,0,1500000,-70000,1430000
2009/03/02,0,109000,0,109000
2009/03/03,0,0,-70000,-70000
2009/03/04,0,370000,0,370000
2009/03/05,0,423000,0,423000
2009/03/06,0,200000,-60000,140000
2009/03/09,0,170000,-150000,20000
2009/03/10,0,0,-409000,-409000
2009/03/11,0,0,-150000,-150000
2009/03/12,0,98000,-31385,66615
2009/03/13,0,2000,0,2000
2009/03/16,0,151000,-1000,150000
2009/03/17,0,7000,-1683000,-1676000
2009/03/18,0,0,-2047000,-2047000
2009/03/19,0,110000,-628000,-518000
2009/03/20,0,190000,-182000,8000
2009/03/23,0,280000,-1000,279000
2009/03/24,0,50000,-246000,-196000
2009/03/25,0,1160000,-294000,866000
2009/03/26,0,1290000,-170000,1120000
2009/03/27,0,585000,0,585000
2009/03/30,0,15000,-1151000,-1136000
2009/03/31,0,100000,-435000,-335000
2009/04/01,0,101000,0,101000
2009/04/02,0,0,-603000,-603000
2009/04/03,0,190000,-1000000,-810000
2009/04/06,0,595000,-630000,-35000
2009/04/07,0,420000,-96000,324000
2009/04/08,0,877000,-735000,142000
2009/04/09,0,491000,0,491000
2009/04/10,0,160000,-14000,146000
2009/04/13,0,408000,0,408000
2009/04/14,0,0,-1000,-1000
2009/04/15,0,1057000,-24000,1033000
2009/04/16,0,623000,-1000,622000
2009/04/17,0,220000,-34000,186000
2009/04/20,0,242000,-2000,240000
2009/04/21,0,238000,-400000,-162000
2009/04/22,0,450000,-50000,400000
2009/04/23,0,716000,-50000,666000
2009/04/24,0,958000,0,958000
2009/04/27,0,400000,-223000,177000
2009/04/28,0,240000,-1801000,-1561000
2009/04/29,0,43000,-40000,3000
2009/04/30,0,108000,0,108000
2009/05/01,0,0,0,0
2009/05/04,0,239000,-5000,234000
2009/05/05,0,1000,-22000,-21000
2009/05/06,0,88000,-11000,77000
2009/05/07,0,100000,-466000,-366000
2009/05/08,0,535000,-3000,532000
2009/05/11,0,0,-203000,-203000
2009/05/12,0,397000,-462000,-65000
2009/05/13,0,0,-502000,-502000
2009/05/14,0,0,-130000,-130000
2009/05/15,0,1000,-1786000,-1785000
2009/05/18,0,0,-700000,-700000
2009/05/19,0,94000,-163000,-69000
2009/05/20,0,0,-185000,-185000
2009/05/21,0,0,-1348000,-1348000
2009/05/22,0,0,-291000,-291000
2009/05/25,0,4000,-867000,-863000
2009/05/26,0,14000,-1364000,-1350000
2009/05/27,0,12000,-663000,-651000
2009/05/28,0,0,0,0
2009/05/29,0,0,0,0
2009/06/01,0,510000,-761000,-251000
2009/06/02,0,728000,0,728000
2009/06/03,0,0,-30000,-30000
2009/06/04,0,508000,-60000,448000
2009/06/05,0,866000,-1000,865000
2009/06/08,0,102000,0,102000
2009/06/09,0,0,-181413,-181413
2009/06/10,0,637000,0,637000
2009/06/11,0,1000,-321000,-320000
2009/06/12,0,0,0,0
2009/06/15,0,0,-207000,-207000
2009/06/16,0,696000,0,696000
2009/06/17,0,19000,0,19000
2009/06/18,0,1000,0,1000
2009/06/19,0,174000,0,174000
2009/06/22,0,54000,0,54000
2009/06/23,0,30000,-3000,27000
2009/06/24,0,209000,-2000,207000
2009/06/25,0,460000,0,460000
2009/06/26,0,98000,0,98000
2009/06/29,0,468000,0,468000
2009/06/30,0,335000,-61000,274000
2009/07/01,0,1000,0,1000
2009/07/02,0,88000,0,88000
2009/07/03,0,0,-2000,-2000
2009/07/06,0,200000,0,200000
2009/07/07,0,41000,0,41000
2009/07/08,0,0,-1000,-1000
2009/07/09,0,281000,0,281000
2009/07/10,0,150000,0,150000
2009/07/13,0,140000,-1000,139000
2009/07/14,0,102000,-2000,100000
2009/07/15,0,417000,-5000,412000
2009/07/16,0,212000,-14000,198000
2009/07/17,0,289000,-3000,286000
2009/07/20,0,1817000,0,1817000
2009/07/21,0,1355000,-612000,743000
2009/07/22,0,0,-114000,-114000
2009/07/23,0,537000,-410000,127000
2009/07/24,0,1251000,-1000,1250000
2009/07/27,0,129000,0,129000
2009/07/28,0,1670000,-80000,1590000
2009/07/29,0,179000,-4549,174451
2009/07/30,0,200000,-73000,127000
2009/07/31,0,1658000,-10000,1648000
2009/08/03,0,1070000,-6000,1064000
2009/08/04,0,530000,-1000,529000
2009/08/05,0,585000,-18000,567000
2009/08/06,0,871000,-512000,359000
2009/08/07,0,0,0,0
2009/08/10,0,1088000,-67000,1021000
2009/08/11,0,1948000,-178000,1770000
2009/08/12,0,165000,-259000,-94000
2009/08/13,0,1018000,-288000,730000
2009/08/14,0,0,-45000,-45000
2009/08/17,0,0,-389000,-389000
2009/08/18,0,1000,-411000,-410000
2009/08/19,0,190000,0,190000
2009/08/20,0,50000,-97000,-47000
2009/08/21,0,100000,-140000,-40000
2009/08/24,0,38000,-193000,-155000
2009/08/25,0,13000,-34000,-21000
2009/08/26,0,0,-1316000,-1316000
2009/08/27,0,226000,-1545,224455
2009/08/28,0,30000,0,30000
2009/08/31,0,2000,-547000,-545000
2009/09/01,0,493000,0,493000
2009/09/02,0,20000,0,20000
2009/09/03,0,248000,-1000,247000
2009/09/04,0,98000,-837000,-739000
2009/09/07,0,871000,-70000,801000
2009/09/08,0,616000,-356000,260000
2009/09/09,0,52000,-638000,-586000
2009/09/10,0,3000,-63000,-60000
2009/09/11,0,40000,0,40000
2009/09/14,0,87000,-6000,81000
2009/09/15,0,635000,0,635000
2009/09/16,0,300000,-220000,80000
2009/09/17,0,0,-220000,-220000
2009/09/18,0,210000,-451000,-241000
2009/09/21,0,119000,-70000,49000
2009/09/22,0,90000,0,90000
2009/09/23,0,750000,-574000,176000
2009/09/24,0,239000,-252000,-13000
2009/09/25,0,40000,0,40000
2009/09/28,0,20000,-176000,-156000
2009/09/29,0,76000,-75000,1000
2009/09/30,0,40000,-400000,-360000
2009/10/01,0,0,-293497,-293497
2009/10/02,0,0,-159682,-159682
2009/10/05,0,31000,-1000,30000
2009/10/06,0,80000,-955407,-875407
2009/10/07,0,449000,-249000,200000
2009/10/08,0,607000,-466000,141000
2009/10/09,0,0,-234945,-234945
2009/10/12,0,116000,-83034,32966
2009/10/13,0,426000,-3000,423000
2009/10/14,0,306000,-115000,191000
2009/10/15,0,70000,-29115,40885
2009/10/16,0,0,-1000,-1000
2009/10/19,0,1000,-39000,-38000
2009/10/20,0,0,-140000,-140000
2009/10/21,0,3000,-386741,-383741
2009/10/22,0,0,0,0
2009/10/23,0,350000,-778000,-428000
2009/10/26,0,0,-24000,-24000
2009/10/27,0,0,-116000,-116000
2009/10/28,0,0,0,0
2009/10/29,0,1000,-1358884,-1357884
2009/10/30,0,0,-141214,-141214
2009/11/02,0,0,-1239945,-1239945
2009/11/03,0,1000,0,1000
2009/11/04,0,0,-48000,-48000
2009/11/05,0,1000,-624834,-623834
2009/11/06,0,0,-531000,-531000
2009/11/09,0,0,-775770,-775770
2009/11/10,0,358000,-642531,-284531
2009/11/11,0,0,-57491,-57491
2009/11/12,0,1000,-253000,-252000
2009/11/13,0,3000,-17000,-14000
2009/11/16,0,0,-123000,-123000
2009/11/17,0,0,-499978,-499978
2009/11/18,0,0,-1586062,-1586062
2009/11/19,0,0,-1413041,-1413041
2009/11/20,0,0,-322961,-322961
2009/11/23,0,0,-1524527,-1524527
2009/11/24,0,0,-5027,-5027
2009/11/25,0,29000,-644000,-615000
2009/11/26,0,0,-264042,-264042
2009/11/27,0,0,0,0
2009/11/30,0,0,-722000,-722000
2009/12/01,0,0,-182000,-182000
2009/12/02,0,100000,-1483781,-1383781
2009/12/03,0,0,0,0
2009/12/04,0,0,-1683858,-1683858
2009/12/07,0,86000,-219672,-133672
2009/12/08,0,347000,-854,346146
2009/12/09,0,100000,0,100000
2009/12/10,0,0,-327945,-327945
2009/12/11,0,0,-34000,-34000
2009/12/14,0,0,-2981,-2981
2009/12/15,0,0,-83956,-83956
2009/12/16,0,0,0,0
2009/12/17,0,855000,-300727,554273
2009/12/18,0,150000,-50000,100000
2009/12/21,0,39000,0,39000
2009/12/22,0,667000,-705,666295
2009/12/23,0,1651000,0,1651000
2009/12/24,0,1021000,0,1021000
2009/12/25,0,0,-1000,-1000
2009/12/28,0,0,0,0
2009/12/29,0,1000,-564000,-563000
2009/12/30,0,330000,-170000,160000
2009/12/31,0,0,0,0
2010/01/01,0,0,0,0
2010/01/04,0,1000,-97472,-96472
2010/01/05,0,0,-37000,-37000
2010/01/06,0,58000,0,58000
2010/01/07,0,310000,-110000,200000
2010/01/08,0,130000,-1000,129000
2010/01/11,0,40000,-483000,-443000
2010/01/12,0,30000,-193000,-163000
2010/01/13,0,0,-3148,-3148
2010/01/14,0,0,0,0
2010/01/15,0,0,-369000,-369000
2010/01/18,0,0,-192000,-192000
2010/01/19,0,0,-955000,-955000
2010/01/20,0,0,-1000,-1000
2010/01/21,0,0,-136000,-136000
2010/01/22,0,0,-290000,-290000
2010/01/25,0,0,-1127,-1127
2010/01/26,0,0,0,0
2010/01/27,0,2000,0,2000
2010/01/28,0,1000,-80000,-79000
2010/01/29,0,10000,0,10000
2010/02/01,0,1000,-124000,-123000
2010/02/02,0,0,-57000,-57000
2010/02/03,0,22000,-205000,-183000
2010/02/04,0,0,0,0
2010/02/05,0,0,-67000,-67000
2010/02/08,0,1000,0,1000
2010/02/09,0,1000,0,1000
2010/02/10,0,0,0,0
2010/02/11,0,0,0,0
2010/02/12,0,0,0,0
2010/02/15,0,0,0,0
2010/02/16,0,0,0,0
2010/02/17,0,0,0,0
2010/02/18,0,0,0,0
2010/02/19,0,0,0,0
2010/02/22,0,0,0,0
2010/02/23,0,1000,0,1000
2010/02/24,0,0,-100000,-100000
2010/02/25,0,0,-623,-623
2010/02/26,0,0,0,0
2010/03/01,0,39000,0,39000
2010/03/02,0,0,0,0
2010/03/03,0,0,-90000,-90000
2010/03/04,0,0,-1000,-1000
2010/03/05,0,0,-10000,-10000
2010/03/08,0,100000,0,100000
2010/03/09,0,30000,-80000,-50000
2010/03/10,0,100000,0,100000
2010/03/11,0,39000,-290000,-251000
2010/03/12,0,1000,-457000,-456000
2010/03/15,0,0,0,0
2010/03/16,0,565000,0,565000
2010/03/17,0,1000,0,1000
2010/03/18,0,50000,0,50000
2010/03/19,0,0,-1000,-1000
2010/03/22,0,0,0,0
2010/03/23,0,1000,-1000,0
2010/03/24,0,0,0,0
2010/03/25,0,0,0,0
2010/03/26,0,96000,0,96000
2010/03/29,0,1000,0,1000
2010/03/30,0,130000,-300000,-170000
2010/03/31,0,0,-1000,-1000
2010/04/01,0,0,0,0
2010/04/02,0,507000,0,507000
2010/04/05,0,0,0,0
2010/04/06,0,40000,-627000,-587000
2010/04/07,0,0,-76675,-76675
2010/04/08,0,0,0,0
2010/04/09,0,0,-106000,-106000
2010/04/12,0,196000,0,196000
2010/04/13,0,147000,-50000,97000
2010/04/14,0,0,-5000,-5000
2010/04/15,0,0,-32000,-32000
2010/04/16,0,0,-226000,-226000
2010/04/19,0,25000,-39406,-14406
2010/04/20,0,0,-23000,-23000
2010/04/21,0,0,0,0
2010/04/22,0,0,0,0
2010/04/23,0,0,-38000,-38000
2010/04/26,0,0,-420000,-420000
2010/04/27,0,0,-350000,-350000
2010/04/28,0,0,-336000,-336000
2010/04/29,0,0,0,0
2010/04/30,0,0,-1000,-1000
2010/05/03,0,100000,0,100000
2010/05/04,0,0,-13000,-13000
2010/05/05,0,200000,-1000,199000
2010/05/06,0,0,-39000,-39000
2010/05/07,0,1000,-230000,-229000
2010/05/10,0,1000,-250568,-249568
2010/05/11,0,400000,-853,399147
2010/05/12,0,0,-120000,-120000
2010/05/13,0,0,-195000,-195000
2010/05/14,0,0,-16011,-16011
2010/05/17,0,0,-37000,-37000
2010/05/18,0,0,-127000,-127000
2010/05/19,0,0,0,0
2010/05/20,0,4000,-250000,-246000
2010/05/21,0,58000,-300000,-242000
2010/05/24,0,1000,-615000,-614000
2010/05/25,0,0,-130000,-130000
2010/05/26,0,1000,-491000,-490000
2010/05/27,0,5000,0,5000
2010/05/28,0,0,-87000,-87000
2010/05/31,0,0,0,0
2010/06/01,0,100000,-77000,23000
2010/06/02,0,0,-225000,-225000
2010/06/03,0,300000,-181000,119000
2010/06/04,0,280000,-624000,-344000
2010/06/07,0,200000,-100000,100000
2010/06/08,0,251000,-1070,249930
2010/06/09,0,200000,-6000,194000
2010/06/10,0,315000,0,315000
2010/06/11,0,0,-8000,-8000
2010/06/14,0,195000,0,195000
2010/06/15,0,196000,0,196000
2010/06/16,0,0,0,0
2010/06/17,0,0,0,0
2010/06/18,0,0,0,0
2010/06/21,0,0,0,0
2010/06/22,0,320000,0,320000
2010/06/23,0,0,0,0
2010/06/24,0,5000,-1000,4000
2010/06/25,0,2000,0,2000
2010/06/28,0,0,-2000,-2000
2010/06/29,0,122000,0,122000
2010/06/30,0,150000,0,150000
2010/07/01,0,0,0,0
2010/07/02,0,1000,0,1000
2010/07/05,0,0,0,0
2010/07/06,0,1000,0,1000
2010/07/07,0,0,0,0
2010/07/08,0,200000,0,200000
2010/07/09,0,0,0,0
2010/07/12,0,250000,0,250000
2010/07/13,0,0,0,0
2010/07/14,0,0,0,0
2010/07/15,0,0,-2000,-2000
2010/07/16,0,200000,-1000,199000
2010/07/19,0,0,-3000,-3000
2010/07/20,0,600000,0,600000
2010/07/21,0,1000,0,1000
2010/07/22,0,0,0,0
2010/07/23,0,1000,0,1000
2010/07/26,0,0,0,0
2010/07/27,0,2000,0,2000
2010/07/28,0,0,0,0
2010/07/29,0,0,-50000,-50000
2010/07/30,0,0,-3000,-3000
2010/08/02,0,1000,-2000,-1000
2010/08/03,0,0,0,0
2010/08/04,0,0,0,0
2010/08/05,0,0,-1000,-1000
2010/08/06,0,0,0,0
2010/08/09,0,1000,0,1000
2010/08/10,0,0,0,0
2010/08/11,0,0,0,0
2010/08/12,0,1000,-101000,-100000
2010/08/13,0,0,-231000,-231000
2010/08/16,0,0,-450000,-450000
2010/08/17,0,0,-400000,-400000
2010/08/18,0,0,-510379,-510379
2010/08/19,0,0,-2197,-2197
2010/08/20,0,0,-722000,-722000
2010/08/23,0,0,-625000,-625000
2010/08/24,0,0,-152000,-152000
2010/08/25,0,2000,-108000,-106000
2010/08/26,0,0,-405000,-405000
2010/08/27,0,0,0,0
2010/08/30,0,1000,-650000,-649000
2010/08/31,0,0,0,0
2010/09/01,0,4000,-700000,-696000
2010/09/02,0,0,0,0
2010/09/03,0,250000,0,250000
2010/09/06,0,250000,0,250000
2010/09/07,0,1000,0,1000
2010/09/08,0,0,0,0
2010/09/09,0,0,-38000,-38000
2010/09/10,0,0,-577000,-577000
2010/09/13,0,0,-800000,-800000
2010/09/14,0,0,0,0
2010/09/15,0,507000,0,507000
2010/09/16,0,250000,-606851,-356851
2010/09/17,0,0,-744137,-744137
2010/09/20,0,0,-52000,-52000
2010/09/21,0,0,0,0
2010/09/22,0,0,0,0
2010/09/23,0,0,-97,-97
2010/09/24,0,0,-1000,-1000
2010/09/27,0,0,0,0
2010/09/28,0,0,0,0
2010/09/29,0,0,0,0
2010/09/30,0,0,0,0
2010/10/01,0,637000,0,637000
2010/10/04,0,0,0,0
2010/10/05,0,0,0,0
2010/10/06,0,0,-1000,-1000
2010/10/07,0,0,0,0
2010/10/08,0,0,0,0
2010/10/11,0,0,0,0
2010/10/12,0,0,0,0
2010/10/13,0,0,-1000,-1000
2010/10/14,0,0,0,0
2010/10/15,0,0,-1000,-1000
2010/10/18,0,0,0,0
2010/10/19,0,1000,0,1000
2010/10/20,0,0,0,0
2010/10/21,0,0,-260000,-260000
2010/10/22,0,0,-250000,-250000
2010/10/25,0,0,0,0
2010/10/26,0,0,0,0
2010/10/27,0,0,-150000,-150000
2010/10/28,0,0,0,0
2010/10/29,0,0,-250000,-250000
2010/11/01,0,0,-1715000,-1715000
2010/11/02,0,0,0,0
2010/11/03,0,0,-622000,-622000
2010/11/04,0,0,-348000,-348000
2010/11/05,0,0,0,0
2010/11/08,0,0,0,0
2010/11/09,0,1000,0,1000
2010/11/10,0,0,-1000,-1000
2010/11/11,0,1000,0,1000
2010/11/12,0,0,-1000,-1000
2010/11/15,0,0,-1000,-1000
2010/11/16,0,0,0,0
2010/11/17,0,0,0,0
2010/11/18,0,0,0,0
2010/11/19,0,0,0,0
2010/11/22,0,0,-1000,-1000
2010/11/23,0,0,0,0
2010/11/24,0,0,0,0
2010/11/25,0,0,0,0
2010/11/26,0,0,0,0
2010/11/29,0,0,0,0
2010/11/30,0,0,0,0
2010/12/01,0,0,0,0
2010/12/02,0,0,-1000,-1000
2010/12/03,0,0,0,0
2010/12/06,0,0,-1000,-1000
2010/12/07,0,0,0,0
2010/12/08,0,0,-1000,-1000
2010/12/09,0,0,0,0
2010/12/10,0,128000,0,128000
2010/12/13,0,550000,0,550000
2010/12/14,0,571000,0,571000
2010/12/15,0,168000,0,168000
2010/12/16,0,626000,0,626000
2010/12/17,0,1029000,0,1029000
2010/12/20,0,0,0,0
2010/12/21,0,0,0,0
2010/12/22,0,12000,0,12000
2010/12/23,0,0,0,0
2010/12/24,0,0,0,0
2010/12/27,0,0,0,0
2010/12/28,0,150000,0,150000
2010/12/29,0,0,0,0
2010/12/30,0,0,0,0
2010/12/31,0,568000,0,568000
2011/01/03,0,417000,0,417000
2011/01/04,0,142000,0,142000
2011/01/05,0,1000,0,1000
2011/01/06,0,0,0,0
2011/01/07,0,0,-120000,-120000
2011/01/10,0,22000,-1000,21000
2011/01/11,0,246000,0,246000
2011/01/12,0,24000,0,24000
2011/01/13,0,22000,-180000,-158000
2011/01/14,0,0,-378000,-378000
2011/01/17,0,0,0,0
2011/01/18,0,6000,0,6000
2011/01/19,0,0,-1000,-1000
2011/01/20,0,22000,0,22000
2011/01/21,0,923000,-1000,922000
2011/01/24,0,246000,0,246000
2011/01/25,0,0,-420000,-420000
2011/01/26,0,0,0,0
2011/01/27,0,202000,0,202000
2011/01/28,0,468000,-1000,467000
2011/01/31,0,0,0,0
2011/02/01,0,0,0,0
2011/02/02,0,0,0,0
2011/02/03,0,0,0,0
2011/02/04,0,0,0,0
2011/02/07,0,0,0,0
2011/02/08,0,0,0,0
2011/02/09,0,225000,0,225000
2011/02/10,0,0,0,0
2011/02/11,0,1000,-100000,-99000
2011/02/14,0,0,0,0
2011/02/15,0,93000,0,93000
2011/02/16,0,0,0,0
2011/02/17,0,0,-115000,-115000
2011/02/18,0,1000,-223000,-222000
2011/02/21,0,0,-130000,-130000
2011/02/22,0,0,0,0
2011/02/23,0,7000,-307000,-300000
2011/02/24,0,0,0,0
2011/02/25,0,1000,-296000,-295000
2011/02/28,0,0,0,0
2011/03/01,0,6000,-250000,-244000
2011/03/02,0,0,-291000,-291000
2011/03/03,0,0,0,0
2011/03/04,0,0,-224000,-224000
2011/03/07,0,0,0,0
2011/03/08,0,170000,-162000,8000
2011/03/09,0,171000,-258000,-87000
2011/03/10,0,165000,-205000,-40000
2011/03/11,0,173000,-304000,-131000
2011/03/14,0,1000,-193000,-192000
2011/03/15,0,206000,-182000,24000
2011/03/16,0,168000,0,168000
2011/03/17,0,2000,0,2000
2011/03/18,0,0,-183000,-183000
2011/03/21,0,0,0,0
2011/03/22,0,108000,-604,107396
2011/03/23,0,71000,0,71000
2011/03/24,0,0,0,0
2011/03/25,0,0,-147000,-147000
2011/03/28,0,0,0,0
2011/03/29,0,0,-40000,-40000
2011/03/30,0,0,-7000,-7000
2011/03/31,0,0,-38000,-38000
2011/04/01,0,0,-190000,-190000
2011/04/04,0,0,0,0
2011/04/05,0,0,0,0
2011/04/06,0,0,0,0
2011/04/07,0,0,0,0
2011/04/08,0,113000,0,113000
2011/04/11,0,0,0,0
2011/04/12,0,0,-54000,-54000
2011/04/13,0,0,0,0
2011/04/14,0,18000,-112000,-94000
2011/04/15,0,0,-22000,-22000
2011/04/18,0,80000,-82000,-2000
2011/04/19,0,1000,-38000,-37000
2011/04/20,0,0,-85000,-85000
2011/04/21,0,1000,-64000,-63000
2011/04/22,0,0,0,0
2011/04/25,0,130000,0,130000
2011/04/26,0,40000,-45000,-5000
2011/04/27,0,47000,-83000,-36000
2011/04/28,0,0,-117000,-117000
2011/04/29,0,0,0,0
2011/05/02,0,0,0,0
2011/05/03,0,155000,0,155000
2011/05/04,0,3000,0,3000
2011/05/05,0,3000,0,3000
2011/05/06,0,1000,0,1000
2011/05/09,0,0,0,0
2011/05/10,0,0,0,0
2011/05/11,0,0,0,0
2011/05/12,0,10000,0,10000
2011/05/13,0,0,-1000,-1000
2011/05/16,0,1000,0,1000
2011/05/17,0,0,0,0
2011/05/18,0,0,0,0
2011/05/19,0,0,-3000,-3000
2011/05/20,0,0,-44000,-44000
2011/05/23,0,0,-2532,-2532
2011/05/24,0,0,0,0
2011/05/25,0,0,-236000,-236000
2011/05/26,0,0,-187000,-187000
2011/05/27,0,0,-274000,-274000
2011/05/30,0,0,-200581,-200581
2011/05/31,0,0,-183000,-183000
2011/06/01,0,0,-150000,-150000
2011/06/02,0,0,-311000,-311000
2011/06/03,0,0,-162000,-162000
2011/06/06,0,0,0,0
2011/06/07,0,0,0,0
2011/06/08,0,0,0,0
2011/06/09,0,0,0,0
2011/06/10,0,0,0,0
2011/06/13,0,0,0,0
2011/06/14,0,1000,0,1000
2011/06/15,0,80000,0,80000
2011/06/16,0,2000,0,2000
2011/06/17,0,18000,-2000,16000
2011/06/20,0,3000,0,3000
2011/06/21,0,3000,0,3000
2011/06/22,0,1000,-49000,-48000
2011/06/23,0,1000,0,1000
2011/06/24,0,1000,0,1000
2011/06/27,0,0,-62000,-62000
2011/06/28,0,7000,-4000,3000
2011/06/29,0,4000,0,4000
2011/06/30,0,2000,-210000,-208000
2011/07/01,0,0,-151000,-151000
2011/07/04,0,0,-191000,-191000
2011/07/05,0,0,-181000,-181000
2011/07/06,0,0,-181000,-181000
2011/07/07,0,0,-180000,-180000
2011/07/08,0,0,-112000,-112000
2011/07/11,0,0,-111000,-111000
2011/07/12,0,1000,0,1000
2011/07/13,0,2000,0,2000
2011/07/14,0,5000,0,5000
2011/07/15,0,2000,0,2000
2011/07/18,0,1000,0,1000
2011/07/19,0,2000,0,2000
2011/07/20,0,8000,0,8000
2011/07/21,0,1000,0,1000
2011/07/22,0,0,-102000,-102000
2011/07/25,0,0,-103000,-103000
2011/07/26,0,0,-72000,-72000
2011/07/27,0,0,-75000,-75000
2011/07/28,0,0,-78000,-78000
2011/07/29,0,0,-75000,-75000
2011/08/01,0,1000,-79000,-78000
2011/08/02,0,0,-73000,-73000
2011/08/03,0,5000,-2000,3000
2011/08/04,0,10000,0,10000
2011/08/05,0,10000,0,10000
2011/08/08,0,6000,0,6000
2011/08/09,0,12000,0,12000
2011/08/10,0,11000,0,11000
2011/08/11,0,5000,0,5000
2011/08/12,0,0,0,0
2011/08/15,0,1000,0,1000
2011/08/16,0,0,-216000,-216000
2011/08/17,0,1000,-122000,-121000
2011/08/18,0,4000,-71000,-67000
2011/08/19,0,101000,0,101000
2011/08/22,0,1000,-59000,-58000
2011/08/23,0,1000,-31000,-30000
2011/08/24,0,0,0,0
2011/08/25,0,0,0,0
2011/08/26,0,8000,0,8000
2011/08/29,0,1000,0,1000
2011/08/30,0,200000,0,200000
2011/08/31,0,0,0,0
2011/09/01,0,169000,0,169000
2011/09/02,0,0,-2000,-2000
2011/09/05,0,0,-1000,-1000
2011/09/06,0,0,0,0
2011/09/07,0,3000,0,3000
2011/09/08,0,0,0,0
2011/09/09,0,5000,0,5000
2011/09/12,0,0,0,0
2011/09/13,0,2000,-556,1444
2011/09/14,0,1000,-1000,0
2011/09/15,0,0,-51000,-51000
2011/09/16,0,2000,-216000,-214000
2011/09/19,0,0,-1000,-1000
2011/09/20,0,0,0,0
2011/09/21,0,1726,0,1726
2011/09/22,0,0,0,0
2011/09/23,0,1000,0,1000
2011/09/26,0,3000,-5000,-2000
2011/09/27,0,2000,-100000,-98000
2011/09/28,0,0,-82000,-82000
2011/09/29,0,2000,-100000,-98000
2011/09/30,0,0,-50000,-50000
2011/10/03,0,0,-2000,-2000
2011/10/04,0,2000,0,2000
2011/10/05,0,2000,0,2000
2011/10/06,0,2000,-1000,1000
2011/10/07,0,138000,0,138000
2011/10/10,0,0,0,0
2011/10/11,0,0,-35000,-35000
2011/10/12,0,0,0,0
2011/10/13,0,0,-27000,-27000
2011/10/14,0,2000,0,2000
2011/10/17,0,0,-668,-668
2011/10/18,0,0,-2889,-2889
2011/10/19,0,0,0,0
2011/10/20,0,0,-15000,-15000
2011/10/21,0,0,0,0
2011/10/24,0,1000,0,1000
2011/10/25,0,0,-28000,-28000
2011/10/26,0,1000,0,1000
2011/10/27,0,0,0,0
2011/10/28,0,5000,-160000,-155000
2011/10/31,0,0,-1000,-1000
2011/11/01,0,0,-1000,-1000
2011/11/02,0,1000,0,1000
2011/11/03,0,1000,0,1000
2011/11/04,0,208000,-2000,206000
2011/11/07,0,0,0,0
2011/11/08,0,1000,0,1000
2011/11/09,0,0,0,0
2011/11/10,0,0,0,0
2011/11/11,0,0,0,0
2011/11/14,0,117000,-4914,112086
2011/11/15,0,0,0,0
2011/11/16,0,0,0,0
2011/11/17,0,31000,-1000,30000
2011/11/18,0,1000,0,1000
2011/11/21,0,202000,0,202000
2011/11/22,0,200000,-1000,199000
2011/11/23,0,153000,0,153000
2011/11/24,0,125000,0,125000
2011/11/25,0,266000,0,266000
2011/11/28,0,67000,0,67000
2011/11/29,0,131000,0,131000
2011/11/30,0,140000,0,140000
2011/12/01,0,225000,-3000,222000
2011/12/02,0,130000,0,130000
2011/12/05,0,1000,-1000,0
2011/12/06,0,166000,0,166000
2011/12/07,0,136000,0,136000
2011/12/08,0,0,0,0
2011/12/09,0,133616,0,133616
2011/12/12,0,518000,0,518000
2011/12/13,0,148000,0,148000
2011/12/14,0,314000,0,314000
2011/12/15,0,631000,0,631000
2011/12/16,0,0,-1000,-1000
2011/12/19,0,125000,0,125000
2011/12/20,0,202000,0,202000
2011/12/21,0,261000,0,261000
2011/12/22,0,293000,0,293000
2011/12/23,0,348000,-1000,347000
2011/12/26,0,150000,0,150000
2011/12/27,0,252000,0,252000
2011/12/28,0,216000,-173000,43000
2011/12/29,0,66000,-201000,-135000
2011/12/30,0,165000,-2000,163000
2012/01/02,0,3000,0,3000
2012/01/03,0,150000,-336000,-186000
2012/01/04,0,249000,-160000,89000
2012/01/05,0,168442,-51000,117442
2012/01/06,0,353000,-1000,352000
2012/01/09,0,153000,0,153000
2012/01/10,0,138000,-1000,137000
2012/01/11,0,100000,-51000,49000
2012/01/12,0,100000,-3000,97000
2012/01/13,0,206000,-59000,147000
2012/01/16,0,143000,-1000,142000
2012/01/17,0,377000,-102000,275000
2012/01/18,0,212000,-2000,210000
2012/01/19,0,0,0,0
2012/01/20,0,0,0,0
2012/01/23,0,0,0,0
2012/01/24,0,0,0,0
2012/01/25,0,0,0,0
2012/01/26,0,0,0,0
2012/01/27,0,0,0,0
2012/01/30,0,0,-2000,-2000
2012/01/31,0,0,-1000,-1000
2012/02/01,0,0,-2000,-2000
2012/02/02,0,314000,-187000,127000
2012/02/03,0,899000,-2000,897000
2012/02/06,0,450000,-4000,446000
2012/02/07,0,0,-202000,-202000
2012/02/08,0,582000,-1000,581000
2012/02/09,0,1088000,-23766,1064234
2012/02/10,0,365000,-190000,175000
2012/02/13,0,150000,-118000,32000
2012/02/14,0,263000,-1006000,-743000
2012/02/15,0,370000,-3000,367000
2012/02/16,0,0,-132000,-132000
2012/02/17,0,0,-26000,-26000
2012/02/20,0,0,-18000,-18000
2012/02/21,0,0,-35000,-35000
2012/02/22,0,0,-33000,-33000
2012/02/23,0,0,-247000,-247000
2012/02/24,0,45000,-5000,40000
2012/02/27,0,0,0,0
2012/02/28,0,0,0,0
2012/02/29,0,0,0,0
2012/03/01,0,0,0,0
2012/03/02,0,0,-336000,-336000
2012/03/05,0,346000,-314000,32000
2012/03/06,0,464000,-308000,156000
2012/03/07,0,20000,0,20000
2012/03/08,0,340733,-2000,338733
2012/03/09,0,0,0,0
2012/03/12,0,97000,-371000,-274000
2012/03/13,0,0,0,0
2012/03/14,0,21000,0,21000
2012/03/15,0,219000,0,219000
2012/03/16,0,145000,-91000,54000
2012/03/19,0,0,-4000,-4000
2012/03/20,0,0,-61000,-61000
2012/03/21,0,0,-100000,-100000
2012/03/22,0,235000,0,235000
2012/03/23,0,180000,0,180000
2012/03/26,0,274000,-111000,163000
2012/03/27,0,97000,0,97000
2012/03/28,0,0,-140000,-140000
2012/03/29,0,0,-480000,-480000
2012/03/30,0,50000,-382000,-332000
2012/04/02,0,90000,0,90000
2012/04/03,0,130000,0,130000
2012/04/04,0,0,0,0
2012/04/05,0,104211,-430000,-325789
2012/04/06,0,0,0,0
2012/04/09,0,0,-1000,-1000
2012/04/10,0,0,0,0
2012/04/11,0,0,-20000,-20000
2012/04/12,0,0,-1000,-1000
2012/04/13,0,0,-6000,-6000
2012/04/16,0,0,-24000,-24000
2012/04/17,0,0,-50000,-50000
2012/04/18,0,0,0,0
2012/04/19,0,0,0,0
2012/04/20,0,0,-50000,-50000
2012/04/23,0,1000,-50000,-49000
2012/04/24,0,3000,-50000,-47000
2012/04/25,0,20000,0,20000
2012/04/26,0,0,0,0
2012/04/27,0,0,0,0
2012/04/30,0,2000,0,2000
2012/05/01,0,0,0,0
2012/05/02,0,11000,0,11000
2012/05/03,0,20000,-5140,14860
2012/05/04,0,0,-47000,-47000
2012/05/07,0,0,-246100,-246100
2012/05/08,0,0,0,0
2012/05/09,0,0,0,0
2012/05/10,0,0,0,0
2012/05/11,0,0,0,0
2012/05/14,0,41000,0,41000
2012/05/15,0,52000,0,52000
2012/05/16,0,12000,0,12000
2012/05/17,0,18000,0,18000
2012/05/18,0,17000,0,17000
2012/05/21,0,0,0,0
2012/05/22,0,0,0,0
2012/05/23,0,0,-1000,-1000
2012/05/24,0,0,0,0
2012/05/25,0,0,0,0
2012/05/28,0,0,0,0
2012/05/29,0,1000,-138000,-137000
2012/05/30,0,978,0,978
2012/05/31,0,0,0,0
2012/06/01,0,0,0,0
2012/06/04,0,61000,0,61000
2012/06/05,0,106000,-180000,-74000
2012/06/06,0,0,-24000,-24000
2012/06/07,0,0,-80000,-80000
2012/06/08,0,17000,-73000,-56000
2012/06/11,0,6000,0,6000
2012/06/12,0,21000,0,21000
2012/06/13,0,9000,-135000,-126000
2012/06/14,0,5000,-215000,-210000
2012/06/15,0,11000,-114000,-103000
2012/06/18,0,0,-257000,-257000
2012/06/19,0,0,-131000,-131000
2012/06/20,0,0,-198000,-198000
2012/06/21,0,0,-172000,-172000
2012/06/22,0,0,-175000,-175000
2012/06/25,0,0,-114000,-114000
2012/06/26,0,0,-239601,-239601
2012/06/27,0,0,-16000,-16000
2012/06/28,0,0,-4000,-4000
2012/06/29,0,65000,-190000,-125000
2012/07/02,0,0,-52000,-52000
2012/07/03,0,2000,-147000,-145000
2012/07/04,0,0,0,0
2012/07/05,0,0,-1000,-1000
2012/07/06,0,0,-1000,-1000
2012/07/09,0,0,-25000,-25000
2012/07/10,0,0,-9000,-9000
2012/07/11,0,0,-3000,-3000
2012/07/12,0,0,-76000,-76000
2012/07/13,0,0,0,0
2012/07/16,0,100000,0,100000
2012/07/17,0,114000,0,114000
2012/07/18,0,0,-95000,-95000
2012/07/19,0,200000,-20000,180000
2012/07/20,0,0,-110000,-110000
2012/07/23,0,0,-69000,-69000
2012/07/24,0,0,-116000,-116000
2012/07/25,0,0,0,0
2012/07/26,0,140000,-100000,40000
2012/07/27,0,209000,-118000,91000
2012/07/30,0,0,0,0
2012/07/31,0,0,0,0
2012/08/01,0,0,-10000,-10000
2012/08/02,0,0,0,0
2012/08/03,0,0,0,0
2012/08/06,0,1000,-2000,-1000
2012/08/07,0,227000,-24000,203000
2012/08/08,0,172000,-5000,167000
2012/08/09,0,26000,-3000,23000
2012/08/10,0,0,-1000,-1000
2012/08/13,0,0,-2000,-2000
2012/08/14,0,0,0,0
2012/08/15,0,0,-89000,-89000
2012/08/16,0,0,-95000,-95000
2012/08/17,0,0,-117360,-117360
2012/08/20,0,0,-23000,-23000
2012/08/21,0,0,-18000,-18000
2012/08/22,0,0,-148000,-148000
2012/08/23,0,11000,-125000,-114000
2012/08/24,0,0,-118000,-118000
2012/08/27,0,0,-31000,-31000
2012/08/28,0,0,0,0
2012/08/29,0,0,-207000,-207000
2012/08/30,0,1000,0,1000
2012/08/31,0,1000,-1000,0
2012/09/03,0,0,-96000,-96000
2012/09/04,0,0,-10000,-10000
2012/09/05,0,0,-11000,-11000
2012/09/06,0,0,0,0
2012/09/07,0,1000,0,1000
2012/09/10,0,0,0,0
2012/09/11,0,0,0,0
2012/09/12,0,3000,-81000,-78000
2012/09/13,0,0,-90000,-90000
2012/09/14,0,0,-46000,-46000
2012/09/17,0,0,-52000,-52000
2012/09/18,0,0,-179000,-179000
2012/09/19,0,0,-102000,-102000
2012/09/20,0,0,-129000,-129000
2012/09/21,0,0,-468000,-468000
2012/09/24,0,0,-62008,-62008
2012/09/25,0,0,-182000,-182000
2012/09/26,0,0,-1000,-1000
2012/09/27,0,0,-21000,-21000
2012/09/28,0,0,0,0
2012/10/01,0,0,0,0
2012/10/02,0,0,0,0
2012/10/03,0,0,0,0
2012/10/04,0,200000,0,200000
2012/10/05,0,270000,-150000,120000
2012/10/08,0,150000,-158000,-8000
2012/10/09,0,0,0,0
2012/10/10,0,0,0,0
2012/10/11,0,0,-3000,-3000
2012/10/12,0,0,0,0
2012/10/15,0,0,0,0
2012/10/16,0,0,0,0
2012/10/17,0,71000,0,71000
2012/10/18,0,0,-6500,-6500
2012/10/19,0,0,0,0
2012/10/22,0,0,-100000,-100000
2012/10/23,0,0,-130000,-130000
2012/10/24,0,0,-130000,-130000
2012/10/25,0,0,-130000,-130000
2012/10/26,0,0,-131000,-131000
2012/10/29,0,7013,-285000,-277987
2012/10/30,0,0,-285000,-285000
2012/10/31,0,0,-380000,-380000
2012/11/01,0,0,-135000,-135000
2012/11/02,0,0,-81000,-81000
2012/11/05,0,0,-81000,-81000
2012/11/06,0,0,0,0
2012/11/07,0,0,0,0
2012/11/08,0,0,-4000,-4000
2012/11/09,0,0,0,0
2012/11/12,0,0,-140000,-140000
2012/11/13,0,0,0,0
2012/11/14,0,0,0,0
2012/11/15,0,0,0,0
2012/11/16,0,0,0,0
2012/11/19,0,0,0,0
2012/11/20,0,0,0,0
2012/11/21,0,0,0,0
2012/11/22,0,0,-1000,-1000
2012/11/23,0,180000,0,180000
2012/11/26,0,0,0,0
2012/11/27,0,40000,0,40000
2012/11/28,0,20000,-40000,-20000
2012/11/29,0,20000,0,20000
2012/11/30,0,36000,0,36000
2012/12/03,0,29000,0,29000
2012/12/04,0,4000,-1000,3000
2012/12/05,0,20000,0,20000
2012/12/06,0,10000,0,10000
2012/12/07,0,20000,0,20000
2012/12/10,0,20000,-2000,18000
2012/12/11,0,0,0,0
2012/12/12,0,0,0,0
2012/12/13,0,0,0,0
2012/12/14,0,0,-1000,-1000
2012/12/17,0,0,0,0
2012/12/18,0,0,0,0
2012/12/19,0,0,0,0
2012/12/20,0,0,0,0
2012/12/21,0,5000,-7000,-2000
2012/12/24,0,19000,0,19000
2012/12/25,0,0,0,0
2012/12/26,0,0,0,0
2012/12/27,0,0,0,0
2012/12/28,0,0,0,0
2012/12/31,0,0,0,0
2013/01/01,0,0,0,0
2013/01/02,0,0,-50000,-50000
2013/01/03,0,0,-51000,-51000
2013/01/04,0,5000,-1000,4000
2013/01/07,0,16000,-32000,-16000
2013/01/08,0,0,-10000,-10000
2013/01/09,0,0,-25000,-25000
2013/01/10,0,0,-25000,-25000
2013/01/11,0,7000,0,7000
2013/01/14,0,33000,-20000,13000
2013/01/15,0,44000,-30000,14000
2013/01/16,0,139000,-30000,109000
2013/01/17,0,119000,-20485,98515
2013/01/18,0,0,-25000,-25000
2013/01/21,0,9000,0,9000
2013/01/22,0,1000,-30000,-29000
2013/01/23,0,0,-30000,-30000
2013/01/24,0,0,0,0
2013/01/25,0,0,-1000,-1000
2013/01/28,0,0,-10000,-10000
2013/01/29,0,116000,-73000,43000
2013/01/30,0,0,-80000,-80000
2013/01/31,0,5000,-50000,-45000
2013/02/01,0,0,-62000,-62000
2013/02/04,0,1000,0,1000
2013/02/05,0,0,0,0
2013/02/06,0,0,-17000,-17000
2013/02/07,0,0,0,0
2013/02/08,0,0,0,0
2013/02/11,0,0,0,0
2013/02/12,0,0,0,0
2013/02/13,0,0,0,0
2013/02/14,0,0,0,0
2013/02/15,0,0,0,0
2013/02/18,0,0,-20000,-20000
2013/02/19,0,0,-1000,-1000
2013/02/20,0,45000,0,45000
2013/02/21,0,32000,-64000,-32000
2013/02/22,0,0,-317000,-317000
2013/02/25,0,270000,-10000,260000
2013/02/26,0,50000,0,50000
2013/02/27,0,35000,0,35000
2013/02/28,0,0,0,0
2013/03/01,0,0,-1000,-1000
2013/03/04,0,0,0,0
2013/03/05,0,599000,-80000,519000
2013/03/06,0,117000,0,117000
2013/03/07,0,110000,-30000,80000
2013/03/08,0,368000,-1000,367000
2013/03/11,0,30000,-51000,-21000
2013/03/12,0,80000,-22000,58000
2013/03/13,0,0,-1000,-1000
2013/03/14,0,0,-1000,-1000
2013/03/15,0,55000,-52000,3000
2013/03/18,0,0,-2000,-2000
2013/03/19,0,252000,-50100,201900
2013/03/20,0,0,-51000,-51000
2013/03/21,0,100000,0,100000
2013/03/22,0,451000,-1000,450000
2013/03/25,0,276000,0,276000
2013/03/26,0,0,-50000,-50000
2013/03/27,0,411000,-1000,410000
2013/03/28,0,0,-416000,-416000
2013/03/29,0,673000,0,673000
2013/04/01,0,250000,-111000,139000
2013/04/02,0,120000,0,120000
2013/04/03,0,0,0,0
2013/04/04,0,0,0,0
2013/04/05,0,0,0,0
2013/04/08,0,349000,0,349000
2013/04/09,0,767000,0,767000
2013/04/10,0,0,0,0
2013/04/11,0,0,0,0
2013/04/12,0,0,0,0
2013/04/15,0,174000,-1000,173000
2013/04/16,0,0,0,0
2013/04/17,0,35000,0,35000
2013/04/18,0,200000,0,200000
2013/04/19,0,101956,0,101956
2013/04/22,0,7000,-1000,6000
2013/04/23,0,259000,-3000,256000
2013/04/24,0,195000,-1000,194000
2013/04/25,0,0,-2000,-2000
2013/04/26,0,0,-183000,-183000
2013/04/29,0,0,-177000,-177000
2013/04/30,0,0,-267000,-267000
2013/05/01,0,0,0,0
2013/05/02,0,0,0,0
2013/05/03,0,0,-5000,-5000
2013/05/06,0,0,-53000,-53000
2013/05/07,0,0,-1000,-1000
2013/05/08,0,0,-15000,-15000
2013/05/09,0,0,-200000,-200000
2013/05/10,0,0,-169000,-169000
2013/05/13,0,0,-152000,-152000
2013/05/14,0,0,-258000,-258000
2013/05/15,0,0,-305000,-305000
2013/05/16,0,0,-515000,-515000
2013/05/17,0,42000,-118000,-76000
2013/05/20,0,0,-176000,-176000
2013/05/21,0,0,-106000,-106000
2013/05/22,0,0,-324000,-324000
2013/05/23,0,0,-440000,-440000
2013/05/24,0,0,-357000,-357000
2013/05/27,0,0,-105000,-105000
2013/05/28,0,0,-138000,-138000
2013/05/29,0,50000,-144000,-94000
2013/05/30,0,50000,-179000,-129000
2013/05/31,0,60000,-250000,-190000
2013/06/03,0,0,-143000,-143000
2013/06/04,0,0,-16000,-16000
2013/06/05,0,0,-16000,-16000
2013/06/06,0,0,0,0
2013/06/07,0,0,0,0
2013/06/10,0,0,0,0
2013/06/11,0,0,-15000,-15000
2013/06/12,0,0,0,0
2013/06/13,0,0,-476000,-476000
2013/06/14,0,0,-9000,-9000
2013/06/17,0,0,-406000,-406000
2013/06/18,0,0,-56000,-56000
2013/06/19,0,0,-250000,-250000
2013/06/20,0,0,-167000,-167000
2013/06/21,0,1000,-78200,-77200
2013/06/24,0,1000,0,1000
2013/06/25,0,0,-58000,-58000
2013/06/26,0,0,-197000,-197000
2013/06/27,0,0,-78000,-78000
2013/06/28,0,0,-45000,-45000
2013/07/01,0,0,-22000,-22000
2013/07/02,0,0,0,0
2013/07/03,0,0,-174000,-174000
2013/07/04,0,117000,0,117000
2013/07/05,0,1000,-200000,-199000
2013/07/08,0,0,-200000,-200000
2013/07/09,0,0,-200000,-200000
2013/07/10,0,0,-200000,-200000
2013/07/11,0,1851,-214000,-212149
2013/07/12,0,0,0,0
2013/07/15,0,40000,0,40000
2013/07/16,0,0,0,0
2013/07/17,0,0,0,0
2013/07/18,0,0,0,0
2013/07/19,0,0,0,0
2013/07/22,0,0,0,0
2013/07/23,0,0,0,0
2013/07/24,0,0,-180000,-180000
2013/07/25,0,0,-100000,-100000
2013/07/26,0,0,0,0
2013/07/29,0,0,0,0
2013/07/30,0,0,-35000,-35000
2013/07/31,0,0,0,0
2013/08/01,0,0,0,0
2013/08/02,0,0,0,0
2013/08/05,0,0,-1000,-1000
2013/08/06,0,0,0,0
2013/08/07,0,0,0,0
2013/08/08,0,0,-20000,-20000
2013/08/09,0,0,0,0
2013/08/12,0,0,-11000,-11000
2013/08/13,0,0,-23000,-23000
2013/08/14,0,0,0,0
2013/08/15,0,3000,0,3000
2013/08/16,0,0,-147000,-147000
2013/08/19,0,0,-42000,-42000
2013/08/20,0,0,0,0
2013/08/21,0,0,0,0
2013/08/22,0,0,-27000,-27000
2013/08/23,0,1000,0,1000
2013/08/26,0,1000,-1000,0
2013/08/27,0,0,0,0
2013/08/28,0,1000,0,1000
2013/08/29,0,0,0,0
2013/08/30,0,2000,0,2000
2013/09/02,0,0,0,0
2013/09/03,0,0,-1875,-1875
2013/09/04,0,0,0,0
2013/09/05,0,117000,-21000,96000
2013/09/06,0,1000,-84000,-83000
2013/09/09,0,0,0,0
2013/09/10,0,0,0,0
2013/09/11,0,1000,-13000,-12000
2013/09/12,0,0,-21000,-21000
2013/09/13,0,0,-21000,-21000
2013/09/16,0,0,0,0
2013/09/17,0,627000,0,627000
2013/09/18,0,919000,0,919000
2013/09/19,0,0,0,0
2013/09/20,0,0,0,0
2013/09/23,0,174000,0,174000
2013/09/24,0,0,0,0
2013/09/25,0,30000,0,30000
2013/09/26,0,0,0,0
2013/09/27,0,50000,0,50000
2013/09/30,0,65000,0,65000
2013/10/01,0,0,0,0
2013/10/02,0,65000,0,65000
2013/10/03,0,0,0,0
2013/10/04,0,0,0,0
2013/10/07,0,0,0,0
2013/10/08,0,0,0,0
2013/10/09,0,0,0,0
2013/10/10,0,0,0,0
2013/10/11,0,0,0,0
2013/10/14,0,0,-117000,-117000
2013/10/15,0,0,0,0
2013/10/16,0,0,0,0
2013/10/17,0,1000,0,1000
2013/10/18,0,0,-400,-400
2013/10/21,0,0,0,0
2013/10/22,0,0,-2000,-2000
2013/10/23,0,0,0,0
2013/10/24,0,0,0,0
2013/10/25,0,0,0,0
2013/10/28,0,0,-1000,-1000
2013/10/29,0,0,0,0
2013/10/30,0,0,0,0
2013/10/31,0,0,-1000,-1000
2013/11/01,0,0,0,0
2013/11/04,0,0,0,0
2013/11/05,0,0,0,0
2013/11/06,0,0,0,0
2013/11/07,0,0,0,0
2013/11/08,0,0,0,0
2013/11/11,0,0,-68000,-68000
2013/11/12,0,0,0,0
2013/11/13,0,0,0,0
2013/11/14,0,0,-110000,-110000
2013/11/15,0,0,-50000,-50000
2013/11/18,0,0,0,0
2013/11/19,0,0,0,0
2013/11/20,0,0,0,0
2013/11/21,0,0,0,0
2013/11/22,0,0,-1000,-1000
2013/11/25,0,386,0,386
2013/11/26,0,0,0,0
2013/11/27,0,0,0,0
2013/11/28,0,0,0,0
2013/11/29,0,0,0,0
2013/12/02,0,0,-53000,-53000
2013/12/03,0,0,-29000,-29000
2013/12/04,0,0,-55000,-55000
2013/12/05,0,0,-102000,-102000
2013/12/06,0,0,-7000,-7000
2013/12/09,0,0,-43000,-43000
2013/12/10,0,0,-23000,-23000
2013/12/11,0,0,0,0
2013/12/12,0,16000,-25000,-9000
2013/12/13,0,17000,-43000,-26000
2013/12/16,0,16000,-86000,-70000
2013/12/17,0,17000,-44000,-27000
2013/12/18,0,18000,-50000,-32000
2013/12/19,0,0,-10000,-10000
2013/12/20,0,72000,-118000,-46000
2013/12/23,0,15000,-50000,-35000
2013/12/24,0,32000,-44000,-12000
2013/12/25,0,0,-2000,-2000
2013/12/26,0,0,-58000,-58000
2013/12/27,0,0,-141000,-141000
2013/12/30,0,13000,-153000,-140000
2013/12/31,0,0,0,0
2014/01/02,0,11000,-110000,-99000
2014/01/03,0,0,0,0
2014/01/06,0,0,0,0
2014/01/07,0,0,-70000,-70000
2014/01/08,0,0,0,0
2014/01/09,0,0,0,0
2014/01/10,0,0,0,0
2014/01/13,0,0,0,0
2014/01/14,0,0,0,0
2014/01/15,0,0,-90000,-90000
2014/01/16,0,0,0,0
2014/01/17,0,0,0,0
2014/01/20,0,0,0,0
2014/01/21,0,0,0,0
2014/01/22,0,0,0,0
2014/01/23,0,0,0,0
2014/01/24,0,0,0,0
2014/01/27,0,0,-3000,-3000
2014/02/05,0,0,0,0
2014/02/06,0,0,0,0
2014/02/07,0,40000,0,40000
2014/02/10,0,0,0,0
2014/02/11,0,0,0,0
2014/02/12,0,0,0,0
2014/02/13,0,3000,-4576,-1576
2014/02/14,0,0,0,0
2014/02/17,0,0,-1000,-1000
2014/02/18,0,0,0,0
2014/02/19,0,69000,0,69000
2014/02/20,0,9000,0,9000
2014/02/21,0,0,0,0
2014/02/24,0,0,0,0
2014/02/25,0,0,0,0
2014/02/26,0,0,0,0
2014/02/27,0,60000,-4000,56000
2014/03/03,0,0,0,0
2014/03/04,0,0,0,0
2014/03/05,0,0,0,0
2014/03/06,0,0,-1000,-1000
2014/03/07,0,0,-47000,-47000
2014/03/10,0,0,-66000,-66000
2014/03/11,0,0,0,0
2014/03/12,0,0,0,0
2014/03/13,0,0,-140000,-140000
2014/03/14,0,2000,0,2000
2014/03/17,0,0,0,0
2014/03/18,0,0,-80000,-80000
2014/03/19,0,0,0,0
2014/03/20,0,0,-67000,-67000
2014/03/21,0,127000,-717000,-590000
2014/03/24,0,59000,-60000,-1000
2014/03/25,0,0,-60000,-60000
2014/03/26,0,0,0,0
2014/03/27,0,0,0,0
2014/03/28,0,0,-1000,-1000
2014/03/31,0,12000,0,12000
2014/04/01,0,7000,0,7000
2014/04/02,0,0,0,0
2014/04/03,0,35000,-11000,24000
2014/04/07,0,0,-3000,-3000
2014/04/08,0,0,0,0
2014/04/09,0,0,-88000,-88000
2014/04/10,0,100971,0,100971
2014/04/11,0,0,0,0
2014/04/14,0,0,0,0
2014/04/15,0,0,0,0
2014/04/16,0,0,0,0
2014/04/17,0,0,0,0
2014/04/18,0,0,0,0
2014/04/21,0,0,-1000,-1000
2014/04/22,0,0,-1000,-1000
2014/04/23,0,0,0,0
2014/04/24,0,0,0,0
2014/04/25,0,0,0,0
2014/04/28,0,49000,0,49000
2014/04/29,0,0,0,0
2014/04/30,0,0,-10000,-10000
2014/05/02,0,0,0,0
2014/05/05,0,0,-1000,-1000
2014/05/06,0,0,0,0
2014/05/07,0,0,0,0
2014/05/08,0,0,0,0
2014/05/09,0,261000,0,261000
2014/05/12,0,83000,0,83000
2014/05/13,0,527000,-1000,526000
2014/05/14,0,262000,0,262000
2014/05/15,0,265000,0,265000
2014/05/16,0,0,0,0
2014/05/19,0,0,0,0
2014/05/20,0,0,0,0
2014/05/21,0,0,0,0
2014/05/22,0,0,0,0
2014/05/23,0,0,0,0
2014/05/26,0,0,-9000,-9000
2014/05/27,0,0,-13000,-13000
2014/05/28,0,184000,0,184000
2014/05/29,0,134000,-1000,133000
2014/05/30,0,0,0,0
2014/06/03,0,0,0,0
2014/06/04,0,0,-92000,-92000
2014/06/05,0,27000,0,27000
2014/06/06,0,84000,-116000,-32000
2014/06/09,0,0,-100000,-100000
2014/06/10,0,195000,0,195000
2014/06/11,0,286000,-1000,285000
2014/06/12,0,103000,-1000,102000
2014/06/13,0,89000,0,89000
2014/06/16,0,100000,-3000,97000
2014/06/17,0,0,0,0
2014/06/18,0,100000,-100000,0
2014/06/19,0,205000,0,205000
2014/06/20,0,68000,-51000,17000
2014/06/23,0,0,0,0
2014/06/24,0,71000,-1000,70000
2014/06/25,0,0,0,0
2014/06/26,0,45000,0,45000
2014/06/27,0,10000,-50000,-40000
2014/06/30,0,16000,-50000,-34000
2014/07/01,0,140000,-280000,-140000
2014/07/02,0,3867,0,3867
2014/07/03,0,0,-27000,-27000
2014/07/04,0,0,0,0
2014/07/07,0,10000,0,10000
2014/07/08,0,12000,0,12000
2014/07/09,0,0,0,0
2014/07/10,0,0,0,0
2014/07/11,0,0,0,0
2014/07/14,0,0,0,0
2014/07/15,0,0,0,0
2014/07/16,0,0,0,0
2014/07/17,0,1000,-9000,-8000
2014/07/18,0,0,0,0
2014/07/21,0,0,-196000,-196000
2014/07/22,0,1000,0,1000
2014/07/23,0,0,0,0
2014/07/24,0,7000,-80000,-73000
2014/07/25,0,0,0,0
2014/07/28,0,0,0,0
2014/07/29,0,0,0,0
2014/07/30,0,6000,-6000,0
2014/07/31,0,5000,-120000,-115000
2014/08/01,0,2000,0,2000
2014/08/04,0,10000,0,10000
2014/08/05,0,0,0,0
2014/08/06,0,0,-130000,-130000
2014/08/07,0,9000,-115000,-106000
2014/08/08,0,6000,-5000,1000
2014/08/11,0,1000,0,1000
2014/08/12,0,2000,-4000,-2000
2014/08/13,0,1000,0,1000
2014/08/14,0,1000,0,1000
2014/08/15,0,0,-20000,-20000
2014/08/18,0,0,-65000,-65000
2014/08/19,0,0,-60000,-60000
2014/08/20,0,2000,0,2000
2014/08/21,0,11000,-60000,-49000
2014/08/22,0,0,0,0
2014/08/25,0,2000,-146000,-144000
2014/08/26,0,0,-143000,-143000
2014/08/27,0,1000,-65000,-64000
2014/08/28,0,1000,-83000,-82000
2014/08/29,0,0,-407000,-407000
2014/09/01,0,0,-252000,-252000
2014/09/02,0,0,-5000,-5000
2014/09/03,0,0,-30000,-30000
2014/09/04,0,1000,0,1000
2014/09/05,0,1000,0,1000
2014/09/09,0,0,0,0
2014/09/10,0,0,0,0
2014/09/11,0,1000,0,1000
2014/09/12,0,2000,0,2000
2014/09/15,0,0,-10000,-10000
2014/09/16,0,0,0,0
2014/09/17,0,0,0,0
2014/09/18,0,0,0,0
2014/09/19,0,0,-124000,-124000
2014/09/22,0,1000,-43802,-42802
2014/09/23,0,100000,-3000,97000
2014/09/24,0,82000,0,82000
2014/09/25,0,0,0,0
2014/09/26,0,0,0,0
2014/09/29,0,0,0,0
2014/09/30,0,1000,0,1000
2014/10/01,0,0,0,0
2014/10/02,0,0,0,0
2014/10/03,0,0,0,0
2014/10/06,0,1000,0,1000
2014/10/07,0,0,0,0
2014/10/08,0,0,0,0
2014/10/09,0,0,0,0
2014/10/13,0,0,0,0
2014/10/14,0,0,0,0
2014/10/15,0,0,0,0
2014/10/16,0,0,0,0
2014/10/17,0,0,-20000,-20000
2014/10/20,0,0,0,0
2014/10/21,0,1000,0,1000
2014/10/22,0,0,0,0
2014/10/23,0,2000,0,2000
2014/10/24,0,0,0,0
2014/10/27,0,0,0,0
2014/10/28,0,0,0,0
2014/10/29,0,0,0,0
2014/10/30,0,0,0,0
2014/10/31,0,0,0,0
2014/11/03,0,0,0,0
2014/11/04,0,0,0,0
2014/11/05,0,0,0,0
2014/11/06,0,0,0,0
2014/11/07,0,0,0,0
2014/11/10,0,0,0,0
2014/11/11,0,1000,0,1000
2014/11/12,0,1000,0,1000
2014/11/13,0,0,0,0
2014/11/14,0,0,0,0
2014/11/17,0,0,0,0
2014/11/18,0,0,0,0
2014/11/19,0,41000,-25000,16000
2014/11/20,0,23000,0,23000
2014/11/21,0,0,0,0
2014/11/24,0,0,0,0
2014/11/25,0,0,0,0
2014/11/26,0,0,0,0
2014/11/27,0,0,-1000,-1000
2014/11/28,0,0,0,0
2014/12/01,0,0,0,0
2014/12/02,0,0,0,0
2014/12/03,0,1000,0,1000
2014/12/04,0,0,0,0
2014/12/05,0,1000,0,1000
2014/12/08,0,0,0,0
2014/12/09,0,0,0,0
2014/12/10,0,0,0,0
2014/12/11,0,45,-122000,-121955
2014/12/12,0,0,-60000,-60000
2014/12/15,0,0,0,0
2014/12/16,0,9000,0,9000
2014/12/17,0,45000,0,45000
2014/12/18,0,0,0,0
2014/12/19,0,0,-6000,-6000
2014/12/22,0,0,0,0
2014/12/23,0,0,-10000,-10000
2014/12/24,0,0,-10000,-10000
2014/12/25,0,0,-30000,-30000
2014/12/26,0,0,0,0
2014/12/29,0,0,0,0
2014/12/30,0,0,0,0
2014/12/31,0,7000,-1000,6000
2015/01/01,0,0,0,0
2015/01/02,0,0,0,0
2015/01/05,0,0,0,0
2015/01/06,0,0,0,0
2015/01/07,0,0,0,0
2015/01/08,0,0,0,0
2015/01/09,0,0,0,0
2015/01/12,0,0,0,0
2015/01/13,0,93000,-44000,49000
2015/01/14,0,66000,0,66000
2015/01/15,0,0,0,0
2015/01/16,0,0,0,0
2015/01/19,0,0,-1000,-1000
2015/01/20,0,0,0,0
2015/01/21,0,40000,0,40000
2015/01/22,0,0,-7000,-7000
2015/01/23,0,0,-3000,-3000
2015/01/26,0,0,0,0
2015/01/27,0,0,0,0
2015/01/28,0,0,0,0
2015/01/29,0,0,0,0
2015/01/30,0,0,-1000,-1000
2015/02/02,0,0,0,0
2015/02/03,0,0,0,0
2015/02/04,0,0,0,0
2015/02/05,0,0,0,0
2015/02/06,0,0,0,0
2015/02/09,0,1000,0,1000
2015/02/10,0,0,0,0
2015/02/11,0,0,0,0
2015/02/12,0,0,0,0
2015/02/13,0,0,-1000,-1000
2015/02/16,0,0,0,0
2015/02/17,0,0,0,0
2015/02/18,0,0,0,0
2015/02/19,0,0,0,0
2015/02/20,0,0,0,0
2015/02/23,0,0,0,0
2015/02/24,0,0,0,0
2015/02/25,0,0,0,0
2015/02/26,0,0,-1000,-1000
2015/02/27,0,0,0,0
2015/03/02,0,0,0,0
2015/03/03,0,0,0,0
2015/03/04,0,0,-5000,-5000
2015/03/05,0,0,0,0
2015/03/06,0,0,0,0
2015/03/09,0,0,-1000,-1000
2015/03/10,0,0,0,0
2015/03/11,0,0,0,0
2015/03/12,0,0,-412,-412
2015/03/13,0,0,0,0
2015/03/16,0,0,-3000,-3000
2015/03/17,0,0,0,0
2015/03/18,0,0,0,0
2015/03/19,0,0,-306000,-306000
2015/03/20,0,0,-1143000,-1143000
2015/03/23,0,0,-100389,-100389
2015/03/24,0,0,0,0
2015/03/25,0,0,0,0
2015/03/26,0,0,0,0
2015/03/27,0,0,0,0
2015/03/30,0,0,0,0
2015/03/31,0,0,0,0
2015/04/01,0,0,0,0
2015/04/02,0,0,0,0
2015/04/03,0,0,0,0
2015/04/06,0,0,0,0
2015/04/07,0,0,0,0
2015/04/08,0,547000,0,547000
2015/04/09,0,0,0,0
2015/04/10,0,0,0,0
2015/04/13,0,0,0,0
2015/04/14,0,0,0,0
2015/04/15,0,213000,0,213000
2015/04/16,0,0,0,0
2015/04/17,0,0,0,0
2015/04/20,0,0,0,0
2015/04/21,0,20000,0,20000
2015/04/22,0,0,0,0
2015/04/23,0,0,0,0
2015/04/24,0,0,-110000,-110000
2015/04/27,0,0,0,0
2015/04/28,0,0,0,0
2015/04/29,0,0,0,0
2015/04/30,0,0,0,0
2015/05/01,0,0,0,0
2015/05/04,0,0,0,0
2015/05/05,0,100000,0,100000
2015/05/06,0,120000,0,120000
2015/05/07,0,111000,-50000,61000
2015/05/08,0,0,0,0
2015/05/11,0,0,0,0
2015/05/12,0,0,0,0
2015/05/13,0,0,-40000,-40000
2015/05/14,0,1000,0,1000
2015/05/15,0,0,0,0
2015/05/18,0,0,-35000,-35000
2015/05/19,0,0,0,0
2015/05/20,0,0,0,0
2015/05/21,0,0,0,0
2015/05/22,0,0,-60000,-60000
2015/05/25,0,0,-570000,-570000
2015/05/26,0,0,-107000,-107000
2015/05/27,0,0,0,0
2015/05/28,0,0,-73000,-73000
2015/05/29,0,0,-325000,-325000
2015/06/01,0,0,0,0
2015/06/02,0,0,0,0
2015/06/03,0,0,-18000,-18000
2015/06/04,0,0,-65,-65
2015/06/05,0,0,0,0
2015/06/08,0,0,-40000,-40000
2015/06/09,0,0,0,0
2015/06/10,0,0,-16000,-16000
2015/06/11,0,0,0,0
2015/06/12,0,0,-30000,-30000
2015/06/15,0,0,0,0
2015/06/16,0,32000,-35000,-3000
2015/06/17,0,0,-38000,-38000
2015/06/18,0,0,0,0
2015/06/19,0,0,0,0
2015/06/22,0,0,-1000,-1000
2015/06/23,0,0,0,0
2015/06/24,0,0,-19000,-19000
2015/06/25,0,0,0,0
2015/06/26,0,0,0,0
2015/06/29,0,0,0,0
2015/06/30,0,0,-22000,-22000
2015/07/01,0,0,0,0
2015/07/02,0,0,0,0
2015/07/03,0,0,0,0
2015/07/06,0,0,0,0
2015/07/07,0,0,0,0
2015/07/08,0,0,0,0
2015/07/09,0,0,0,0
2015/07/10,0,0,0,0
2015/07/13,0,0,0,0
2015/07/14,0,0,0,0
2015/07/15,0,2000,0,2000
2015/07/16,0,0,0,0
2015/07/17,0,8000,0,8000
2015/07/20,0,0,0,0
2015/07/21,0,1000,-60000,-59000
2015/07/22,0,0,-80000,-80000
2015/07/23,0,0,-85000,-85000
2015/07/24,0,5000,0,5000
2015/07/27,0,0,0,0
2015/07/28,0,3000,0,3000
2015/07/29,0,0,0,0
2015/07/30,0,1000,0,1000
2015/07/31,0,0,0,0
2015/08/03,0,0,0,0
2015/08/04,0,1000,0,1000
2015/08/05,0,0,0,0
2015/08/06,0,0,0,0
2015/08/07,0,0,0,0
2015/08/10,0,1000,0,1000
2015/08/11,0,0,0,0
2015/08/12,0,0,0,0
2015/08/13,0,0,-32000,-32000
2015/08/14,0,0,0,0
2015/08/17,0,0,0,0
2015/08/18,0,0,0,0
2015/08/19,0,1000,0,1000
2015/08/20,0,0,0,0
2015/08/21,0,0,0,0
2015/08/24,0,0,-4000,-4000
2015/08/25,0,223,-63000,-62777
2015/08/26,0,0,0,0
2015/08/27,0,0,0,0
2015/08/28,0,1000,0,1000
2015/08/31,0,0,-4000,-4000
2015/09/01,0,2000,-5000,-3000
2015/09/02,0,0,0,0
2015/09/03,0,2000,0,2000
2015/09/04,0,0,-1000,-1000
2015/09/07,0,1000,0,1000
2015/09/08,0,1000,0,1000
2015/09/09,0,0,0,0
2015/09/10,0,0,0,0
2015/09/11,0,1000,0,1000
2015/09/14,0,0,0,0
2015/09/15,0,0,0,0
2015/09/16,0,600000,0,600000
2015/09/17,0,750000,0,750000
2015/09/18,0,1231000,-1000,1230000
2015/09/21,0,407000,-19000,388000
2015/09/22,0,220,0,220
2015/09/23,0,0,0,0
2015/09/24,0,0,0,0
2015/09/25,0,0,0,0
2015/09/28,0,0,0,0
2015/09/29,0,0,0,0
2015/09/30,0,0,0,0
2015/10/01,0,0,0,0
2015/10/02,0,3000,0,3000
2015/10/05,0,2000,0,2000
2015/10/06,0,0,0,0
2015/10/07,0,0,0,0
2015/10/08,0,0,0,0
2015/10/09,0,0,0,0
2015/10/12,0,0,0,0
2015/10/13,0,0,0,0
2015/10/14,0,0,0,0
2015/10/15,0,0,0,0
2015/10/16,0,1000,0,1000
2015/10/19,0,0,0,0
2015/10/20,0,0,0,0
2015/10/21,0,0,0,0
2015/10/22,0,0,0,0
2015/10/23,0,0,-37000,-37000
2015/10/26,0,0,0,0
2015/10/27,0,0,0,0
2015/10/28,0,0,0,0
2015/10/29,0,0,0,0
2015/10/30,0,0,-1000,-1000
2015/11/02,0,0,0,0
2015/11/03,0,0,0,0
2015/11/04,0,2000,-1000,1000
2015/11/05,0,0,0,0
2015/11/06,0,0,0,0
2015/11/09,0,17000,0,17000
2015/11/10,0,0,0,0
2015/11/11,0,0,0,0
2015/11/12,0,0,0,0
2015/11/13,0,0,0,0
2015/11/16,0,0,0,0
2015/11/17,0,0,0,0
2015/11/18,0,0,0,0
2015/11/19,0,0,0,0
2015/11/20,0,0,0,0
2015/11/23,0,0,0,0
2015/11/24,0,0,0,0
2015/11/25,0,0,0,0
2015/11/26,0,0,0,0
2015/11/27,0,0,0,0
2015/11/30,0,0,0,0
2015/12/01,0,0,0,0
2015/12/02,0,0,0,0
2015/12/03,0,0,0,0
2015/12/04,0,0,0,0
2015/12/07,0,0,0,0
2015/12/08,0,0,0,0
2015/12/09,0,0,0,0
2015/12/10,0,0,0,0
2015/12/11,0,0,0,0
2015/12/14,0,0,-322,-322
2015/12/15,0,0,0,0
2015/12/16,0,29000,0,29000
2015/12/17,0,28000,0,28000
2015/12/18,0,68000,0,68000
2015/12/21,0,14000,0,14000
2015/12/22,0,0,0,0
2015/12/23,0,0,0,0
2015/12/24,0,0,0,0
2015/12/25,0,0,0,0
2015/12/28,0,39000,0,39000
2015/12/29,0,38000,0,38000
2015/12/30,0,0,0,0
2015/12/31,0,0,0,0
2016/01/01,0,0,0,0
2016/01/04,0,0,0,0
2016/01/05,0,0,0,0
2016/01/06,0,0,0,0
2016/01/07,0,0,0,0
2016/01/08,0,0,0,0
2016/01/11,0,0,0,0
2016/01/12,0,0,-56000,-56000
2016/01/13,0,0,0,0
2016/01/14,0,0,0,0
2016/01/15,0,0,-6000,-6000
2016/01/18,0,0,0,0
2016/01/19,0,0,0,0
2016/01/20,0,0,-35000,-35000
2016/01/21,0,0,0,0
2016/01/22,0,0,0,0
2016/01/25,0,0,0,0
2016/01/26,0,0,0,0
2016/01/27,0,0,0,0
2016/01/28,0,104000,0,104000
2016/01/29,0,0,0,0
2016/02/01,0,0,0,0
2016/02/02,0,23000,0,23000
2016/02/03,0,0,0,0
2016/02/04,0,0,0,0
2016/02/05,0,0,0,0
2016/02/08,0,0,0,0
2016/02/09,0,0,0,0
2016/02/10,0,0,0,0
2016/02/11,0,0,0,0
2016/02/12,0,0,0,0
2016/02/15,0,0,-477,-477
2016/02/16,0,0,0,0
2016/02/17,0,0,0,0
2016/02/18,0,0,0,0
2016/02/19,0,0,0,0
2016/02/22,0,0,0,0
2016/02/23,0,0,0,0
2016/02/24,0,0,0,0
2016/02/25,0,0,0,0
2016/02/26,0,0,0,0
2016/02/29,0,0,0,0
2016/03/01,0,0,0,0
2016/03/02,0,0,-2000,-2000
2016/03/03,0,0,0,0
2016/03/04,0,0,0,0
2016/03/07,0,0,0,0
2016/03/08,0,1000,0,1000
2016/03/09,0,6000,0,6000
2016/03/10,0,0,0,0
2016/03/11,0,0,0,0
2016/03/14,0,0,-272000,-272000
2016/03/15,0,0,-272000,-272000
2016/03/16,0,0,-557000,-557000
2016/03/17,0,0,-665000,-665000
2016/03/18,0,0,-1263000,-1263000
2016/03/21,0,0,-273571,-273571
2016/03/22,0,0,0,0
2016/03/23,0,0,0,0
2016/03/24,0,0,0,0
2016/03/25,0,0,0,0
2016/03/28,0,0,0,0
2016/03/29,0,0,0,0
2016/03/30,0,0,-60000,-60000
2016/03/31,0,0,-17000,-17000
2016/04/01,0,0,-10000,-10000
2016/04/04,0,0,0,0
2016/04/05,0,0,0,0
2016/04/06,0,0,-7000,-7000
2016/04/07,0,0,-3000,-3000
2016/04/08,0,0,-2000,-2000
2016/04/11,0,0,-2000,-2000
2016/04/12,0,0,0,0
2016/04/13,0,0,0,0
2016/04/14,0,0,0,0
2016/04/15,0,39000,0,39000
2016/04/18,0,0,0,0
2016/04/19,0,0,0,0
2016/04/20,0,0,0,0
2016/04/21,0,0,0,0
2016/04/22,0,0,0,0
2016/04/25,0,0,0,0
2016/04/26,0,0,0,0
2016/04/27,0,0,-3000,-3000
2016/04/28,0,0,0,0
2016/04/29,0,0,0,0
2016/05/02,0,0,0,0
2016/05/03,0,0,-1000,-1000
2016/05/04,0,0,-78000,-78000
2016/05/05,0,0,0,0
2016/05/06,0,0,0,0
2016/05/09,0,0,-13000,-13000
2016/05/10,0,428,-12000,-11572
2016/05/11,0,0,0,0
2016/05/12,0,0,0,0
2016/05/13,0,0,0,0
2016/05/16,0,0,0,0
2016/05/17,0,0,0,0
2016/05/18,0,0,0,0
2016/05/19,0,0,0,0
2016/05/20,0,0,0,0
2016/05/23,0,2000,0,2000
2016/05/24,0,0,0,0
2016/05/25,0,0,0,0
2016/05/26,0,3000,-1000,2000
2016/05/27,0,0,0,0
2016/05/30,0,7000,0,7000
2016/05/31,0,90000,0,90000
2016/06/01,0,4000,0,4000
2016/06/02,0,0,0,0
2016/06/03,0,0,0,0
2016/06/06,0,0,0,0
2016/06/07,0,0,0,0
2016/06/08,0,0,0,0
2016/06/09,0,0,0,0
2016/06/10,0,0,0,0
2016/06/13,0,0,-1000,-1000
2016/06/14,0,0,0,0
2016/06/15,0,0,-1000,-1000
2016/06/16,0,0,0,0
2016/06/17,0,1000,-1000,0
2016/06/20,0,0,0,0
2016/06/21,0,123000,0,123000
2016/06/22,0,0,0,0
2016/06/23,0,0,0,0
2016/06/24,0,0,-1000,-1000
2016/06/27,0,0,-5000,-5000
2016/06/28,0,0,0,0
2016/06/29,0,179000,0,179000
2016/06/30,0,160000,0,160000
2016/07/01,0,260000,0,260000
2016/07/04,0,0,0,0
2016/07/05,0,0,0,0
2016/07/06,0,150000,0,150000
2016/07/07,0,0,0,0
2016/07/08,0,0,0,0
2016/07/11,0,0,0,0
2016/07/12,0,0,0,0
2016/07/13,0,0,-2000,-2000
2016/07/14,0,0,-110000,-110000
2016/07/15,0,0,-80000,-80000
2016/07/18,0,0,0,0
2016/07/19,0,0,-1000,-1000
2016/07/20,0,0,-80000,-80000
2016/07/21,0,0,-149000,-149000
2016/07/22,0,0,-4000,-4000
2016/07/25,0,0,0,0
2016/07/26,0,0,0,0
2016/07/27,0,0,-1000,-1000
2016/07/28,0,0,0,0
2016/07/29,0,38,-3000,-2962
2016/08/01,0,0,0,0
2016/08/02,0,0,0,0
2016/08/03,0,0,-2000,-2000
2016/08/04,0,0,0,0
2016/08/05,0,0,-1000,-1000
2016/08/08,0,0,-1000,-1000
2016/08/09,0,0,0,0
2016/08/10,0,0,0,0
2016/08/11,0,0,-1000,-1000
2016/08/12,0,0,-1000,-1000
2016/08/15,0,0,0,0
2016/08/16,0,0,-2000,-2000
2016/08/17,0,0,-90000,-90000
2016/08/18,0,0,-1000,-1000
2016/08/19,0,0,-60000,-60000
2016/08/22,0,0,-35000,-35000
2016/08/23,0,0,0,0
2016/08/24,0,0,-2000,-2000
2016/08/25,0,0,-65000,-65000
2016/08/26,0,0,0,0
2016/08/29,0,0,0,0
2016/08/30,0,0,0,0
2016/08/31,0,0,0,0
2016/09/01,0,0,0,0
2016/09/02,0,0,0,0
2016/09/05,0,0,0,0
2016/09/06,0,0,0,0
2016/09/07,0,0,0,0
2016/09/08,0,0,-1000,-1000
2016/09/09,0,5000,0,5000
2016/09/12,0,0,0,0
2016/09/13,0,0,0,0
2016/09/14,0,0,0,0
2016/09/15,0,0,0,0
2016/09/16,0,0,0,0
2016/09/19,0,0,0,0
2016/09/20,0,0,0,0
2016/09/21,0,0,0,0
2016/09/22,0,0,0,0
2016/09/23,0,0,0,0
2016/09/26,0,0,0,0
2016/09/27,0,0,0,0
2016/09/28,0,0,0,0
2016/09/29,0,0,0,0
2016/09/30,0,514,0,514
2016/10/03,0,0,0,0
2016/10/04,0,0,0,0
2016/10/05,0,0,-4000,-4000
2016/10/06,0,0,0,0
2016/10/07,0,0,-15000,-15000
2016/10/10,0,0,0,0
2016/10/11,0,0,0,0
2016/10/12,0,0,-70000,-70000
2016/10/13,0,0,0,0
2016/10/14,0,0,0,0
2016/10/17,0,0,0,0
2016/10/18,0,0,0,0
2016/10/19,0,0,0,0
2016/10/20,0,0,-11000,-11000
2016/10/21,0,0,-13000,-13000
2016/10/24,0,0,-156000,-156000
2016/10/25,0,0,-140000,-140000
2016/10/26,0,0,0,0
2016/10/27,0,0,0,0
2016/10/28,0,0,0,0
2016/10/31,0,0,-5000,-5000
2016/11/01,0,0,0,0
2016/11/02,0,0,-73,-73
2016/11/03,0,0,0,0
2016/11/04,0,0,-2000,-2000
2016/11/07,0,0,0,0
2016/11/08,0,0,-1000,-1000
2016/11/09,0,0,0,0
2016/11/10,0,0,0,0
2016/11/11,0,0,0,0
2016/11/14,0,0,0,0
2016/11/15,0,0,-6000,-6000
2016/11/16,0,0,0,0
2016/11/17,0,0,0,0
2016/11/18,0,0,0,0
2016/11/21,0,0,0,0
2016/11/22,0,1000,0,1000
2016/11/23,0,0,0,0
2016/11/24,0,0,0,0
2016/11/25,0,0,0,0
2016/11/28,0,0,0,0
2016/11/29,0,1000,0,1000
2016/11/30,0,0,0,0
2016/12/01,0,0,0,0
2016/12/02,0,0,0,0
2016/12/05,0,0,0,0
2016/12/06,0,0,0,0
2016/12/07,0,0,0,0
2016/12/08,0,0,0,0
2016/12/09,0,0,0,0
2016/12/12,0,0,0,0
2016/12/13,0,0,0,0
2016/12/14,0,0,0,0
2016/12/15,0,0,0,0
2016/12/16,0,0,0,0
2016/12/19,0,0,0,0
2016/12/20,0,0,0,0
2016/12/21,0,0,0,0
2016/12/22,0,0,0,0
2016/12/23,0,0,0,0
2016/12/26,0,0,0,0
2016/12/27,0,0,0,0
2016/12/28,0,0,0,0
2016/12/29,0,0,0,0
2016/12/30,0,0,0,0
2017/01/02,0,0,0,0
2017/01/03,0,0,0,0
2017/01/04,0,0,0,0
2017/01/05,0,0,-14000,-14000
2017/01/06,0,0,-17000,-17000
2017/01/09,0,0,0,0
2017/01/10,0,0,0,0
2017/01/11,0,0,0,0
2017/01/12,0,0,0,0
2017/01/13,0,0,0,0
2017/01/16,0,0,0,0
2017/01/17,0,0,0,0
2017/01/18,0,0,0,0
2017/01/19,0,0,0,0
2017/01/20,0,0,0,0
2017/01/23,0,82,0,82
2017/01/24,0,0,0,0
2017/01/25,0,0,0,0
2017/01/26,0,0,0,0
2017/01/27,0,0,0,0
2017/01/30,0,0,0,0
2017/01/31,0,0,0,0
2017/02/01,0,0,0,0
2017/02/02,0,0,0,0
2017/02/03,0,4000,0,4000
2017/02/06,0,0,0,0
2017/02/07,0,0,0,0
2017/02/08,0,0,0,0
2017/02/09,0,0,0,0
2017/02/10,0,0,-24000,-24000
2017/02/13,0,0,0,0
2017/02/14,0,0,0,0
2017/02/15,0,0,0,0
2017/02/16,0,0,0,0
2017/02/17,0,0,0,0
2017/02/20,0,0,0,0
2017/02/21,0,0,0,0
2017/02/22,0,0,0,0
2017/02/23,0,0,0,0
2017/02/24,0,0,0,0
2017/02/27,0,0,0,0
2017/02/28,0,0,0,0
2017/03/01,0,0,0,0
2017/03/02,0,0,0,0
2017/03/03,0,0,0,0
2017/03/06,0,0,0,0
2017/03/07,0,0,0,0
2017/03/08,0,0,0,0
2017/03/09,0,0,0,0
2017/03/10,0,0,0,0
2017/03/13,0,0,0,0
2017/03/14,0,0,0,0
2017/03/15,0,0,0,0
2017/03/16,0,0,0,0
2017/03/17,0,18000,-1000,17000
2017/03/20,0,3000,0,3000
2017/03/21,0,3000,0,3000
2017/03/22,0,0,0,0
2017/03/23,0,0,0,0
2017/03/24,0,0,0,0
2017/03/27,0,0,0,0
2017/03/28,0,0,0,0
2017/03/29,0,0,0,0
2017/03/30,0,0,0,0
2017/03/31,0,0,0,0
2017/04/03,0,0,0,0
2017/04/04,0,0,0,0
2017/04/05,0,0,0,0
2017/04/06,0,0,0,0
2017/04/07,0,0,0,0
2017/04/10,0,0,0,0
2017/04/11,0,0,0,0
2017/04/12,0,0,0,0
2017/04/13,0,0,0,0
2017/04/14,0,0,-2000,-2000
2017/04/17,0,0,0,0
2017/04/18,0,0,0,0
2017/04/19,0,0,0,0
2017/04/20,0,0,0,0
2017/04/21,0,0,0,0
2017/04/24,0,0,0,0
2017/04/25,0,0,-15,-15
2017/04/26,0,0,0,0
2017/04/27,0,0,0,0
2017/04/28,0,0,0,0
2017/05/01,0,0,0,0
2017/05/02,0,0,0,0
2017/05/03,0,0,0,0
2017/05/04,0,0,-200,-200
2017/05/05,0,0,0,0
2017/05/08,0,0,0,0
2017/05/09,0,0,0,0
2017/05/10,0,0,0,0
2017/05/11,0,0,0,0
2017/05/12,0,0,0,0
2017/05/15,0,0,0,0
2017/05/16,0,0,0,0
2017/05/17,0,0,0,0
2017/05/18,0,0,0,0
2017/05/19,0,0,0,0
2017/05/22,0,0,0,0
2017/05/23,0,0,0,0
2017/05/24,0,0,0,0
2017/05/25,0,0,0,0
2017/05/26,0,0,0,0
2017/05/29,0,0,0,0
2017/05/30,0,0,0,0
2017/05/31,0,0,0,0
2017/06/01,0,0,0,0
2017/06/02,0,0,0,0
2017/06/05,0,2000,0,2000
2017/06/06,0,3000,0,3000
2017/06/07,0,0,0,0
2017/06/08,0,0,0,0
2017/06/09,0,0,0,0
2017/06/12,0,0,0,0
2017/06/13,0,0,0,0
2017/06/14,0,500000,0,500000
2017/06/15,0,586000,0,586000
2017/06/16,0,1353000,-1200,1351800
2017/06/19,0,30000,0,30000
2017/06/20,0,0,0,0
2017/06/21,0,2000,0,2000
2017/06/22,0,0,0,0
2017/06/23,0,0,0,0
2017/06/26,0,0,0,0
2017/06/27,0,0,0,0
2017/06/28,0,0,0,0
2017/06/29,0,0,0,0
2017/06/30,0,1000,0,1000
2017/07/03,0,0,0,0
2017/07/04,0,0,0,0
2017/07/05,0,0,0,0
2017/07/06,0,0,0,0
2017/07/07,0,0,-18000,-18000
2017/07/10,0,0,0,0
2017/07/11,0,0,0,0
2017/07/12,0,0,0,0
2017/07/13,0,0,0,0
2017/07/14,0,0,0,0
2017/07/17,0,64,0,64
2017/07/18,0,0,0,0
2017/07/19,0,0,0,0
2017/07/20,0,0,0,0
2017/07/21,0,0,0,0
2017/07/24,0,0,0,0
2017/07/25,0,0,0,0
2017/07/26,0,0,0,0
2017/07/27,0,0,0,0
2017/07/28,0,0,0,0
2017/07/31,0,0,0,0
2017/08/01,0,0,-2000,-2000
2017/08/02,0,0,0,0
2017/08/03,0,0,0,0
2017/08/04,0,0,0,0
2017/08/07,0,4000,0,4000
2017/08/08,0,0,0,0
2017/08/09,0,8000,0,8000
2017/08/10,0,4000,0,4000
2017/08/11,0,0,0,0
2017/08/14,0,0,0,0
2017/08/15,0,0,0,0
2017/08/16,0,7000,0,7000
2017/08/17,0,0,0,0
2017/08/18,0,0,0,0
