Date,Open,Buy,Sell,Total
2007/04/23,0,305000,-71000,234000
2007/04/24,0,348000,-20000,328000
2007/04/25,0,196000,-10000,186000
2007/04/26,0,1142000,-350000,792000
2007/04/27,0,418000,-273000,145000
2007/04/30,0,3000,-161000,-158000
2007/05/01,0,0,0,0
2007/05/02,0,293000,-50000,243000
2007/05/03,0,302000,-301000,1000
2007/05/04,0,807000,-395535,411465
2007/05/07,0,152000,-437000,-285000
2007/05/08,0,460000,-25000,435000
2007/05/09,0,390000,-210000,180000
2007/05/10,0,402000,-645000,-243000
2007/05/11,0,345000,-91000,254000
2007/05/14,0,509000,-902000,-393000
2007/05/15,0,50000,-415000,-365000
2007/05/16,0,0,-105000,-105000
2007/05/17,0,26000,-340000,-314000
2007/05/18,0,2000,-92000,-90000
2007/05/21,0,179000,-624000,-445000
2007/05/22,0,95000,-58000,37000
2007/05/23,0,28000,-160000,-132000
2007/05/24,0,506000,-309000,197000
2007/05/25,0,252000,-32000,220000
2007/05/28,0,22000,-139000,-117000
2007/05/29,0,471000,-237000,234000
2007/05/30,0,611000,-300000,311000
2007/05/31,0,604000,-151000,453000
2007/06/01,0,622000,-850000,-228000
2007/06/04,0,55000,-328000,-273000
2007/06/05,0,380000,-189000,191000
2007/06/06,0,75000,-189000,-114000
2007/06/07,0,155000,-115028,39972
2007/06/08,0,566000,-36000,530000
2007/06/11,0,574000,-74000,500000
2007/06/12,0,1130000,-1504000,-374000
2007/06/13,0,835000,-812000,23000
2007/06/14,0,393000,-479000,-86000
2007/06/15,0,220000,-174000,46000
2007/06/18,0,0,0,0
2007/06/19,0,0,0,0
2007/06/20,0,422000,-350000,72000
2007/06/21,0,75000,-827000,-752000
2007/06/22,0,478000,-236000,242000
2007/06/25,0,104000,-125000,-21000
2007/06/26,0,177000,-248000,-71000
2007/06/27,0,129000,-29000,100000
2007/06/28,0,245000,-269000,-24000
2007/06/29,0,121000,-283000,-162000
2007/07/02,0,108000,-493912,-385912
2007/07/03,0,237000,-251000,-14000
2007/07/04,0,1029000,-273400,755600
2007/07/05,0,804000,-155000,649000
2007/07/06,0,284000,-625000,-341000
2007/07/09,0,677000,-471000,206000
2007/07/10,0,489000,-742000,-253000
2007/07/11,0,238000,-507540,-269540
2007/07/12,0,207000,-613000,-406000
2007/07/13,0,510000,-534538,-24538
2007/07/16,0,172000,-295000,-123000
2007/07/17,0,211000,-216000,-5000
2007/07/18,0,125000,-230000,-105000
2007/07/19,0,3000,-662576,-659576
2007/07/20,0,117000,-354000,-237000
2007/07/23,0,200000,-75000,125000
2007/07/24,0,93000,-251000,-158000
2007/07/25,0,36000,-137000,-101000
2007/07/26,0,18000,-226000,-208000
2007/07/27,0,76000,-140000,-64000
2007/07/30,0,124000,-65000,59000
2007/07/31,0,98000,-106000,-8000
2007/08/01,0,8000,-321000,-313000
2007/08/02,0,172000,-288094,-116094
2007/08/03,0,139000,-105000,34000
2007/08/06,0,531000,-160000,371000
2007/08/07,0,157000,-266000,-109000
2007/08/08,0,42000,-22000,20000
2007/08/09,0,76000,-57120,18880
2007/08/10,0,142000,-201000,-59000
2007/08/13,0,59000,-104000,-45000
2007/08/14,0,130000,-54000,76000
2007/08/15,0,2000,-481000,-479000
2007/08/16,0,33000,-291000,-258000
2007/08/17,0,134000,-141000,-7000
2007/08/20,0,291000,0,291000
2007/08/21,0,283000,-871000,-588000
2007/08/22,0,129000,-674000,-545000
2007/08/23,0,75000,-140000,-65000
2007/08/24,0,178000,-1000,177000
2007/08/27,0,212000,-20000,192000
2007/08/28,0,27000,-274000,-247000
2007/08/29,0,0,-488000,-488000
2007/08/30,0,2000,-18000,-16000
2007/08/31,0,50000,0,50000
2007/09/03,0,127000,-225000,-98000
2007/09/04,0,34000,-27000,7000
2007/09/05,0,637000,-19000,618000
2007/09/06,0,69000,-48000,21000
2007/09/07,0,257000,-5000,252000
2007/09/10,0,0,-433000,-433000
2007/09/11,0,90000,-325000,-235000
2007/09/12,0,199000,0,199000
2007/09/13,0,10000,-242000,-232000
2007/09/14,0,1000,-176000,-175000
2007/09/17,0,14000,-64000,-50000
2007/09/18,0,0,0,0
2007/09/19,0,20000,-231000,-211000
2007/09/20,0,45000,-37000,8000
2007/09/21,0,266000,-5000,261000
2007/09/24,0,0,0,0
2007/09/25,0,0,0,0
2007/09/26,0,306000,-72000,234000
2007/09/27,0,326000,-78000,248000
2007/09/28,0,285000,-16000,269000
2007/10/01,0,22000,-379000,-357000
2007/10/02,0,153000,-30000,123000
2007/10/03,0,28000,-38000,-10000
2007/10/04,0,4000,-134000,-130000
2007/10/05,0,219021,-4000,215021
2007/10/08,0,10000,-258000,-248000
2007/10/09,0,0,-204000,-204000
2007/10/10,0,0,0,0
2007/10/11,0,134000,-3000,131000
2007/10/12,0,10000,-16000,-6000
2007/10/15,0,20000,-259000,-239000
2007/10/16,0,144000,-28000,116000
2007/10/17,0,285000,-42000,243000
2007/10/18,0,413000,-187000,226000
2007/10/19,0,69000,-29000,40000
2007/10/22,0,54000,-564000,-510000
2007/10/23,0,24000,-74000,-50000
2007/10/24,0,8000,-116000,-108000
2007/10/25,0,14000,-84000,-70000
2007/10/26,0,3000,-182000,-179000
2007/10/29,0,11000,-3018,7982
2007/10/30,0,56000,-4594,51406
2007/10/31,0,98000,-5356,92644
2007/11/01,0,8000,-1000,7000
2007/11/02,0,3000,-157000,-154000
2007/11/05,0,11000,-27000,-16000
2007/11/06,0,102000,-2000,100000
2007/11/07,0,52000,-38000,14000
2007/11/08,0,6000,-62000,-56000
2007/11/09,0,20000,-240000,-220000
2007/11/12,0,12000,-47000,-35000
2007/11/13,0,5000,-13791,-8791
2007/11/14,0,100000,-12000,88000
2007/11/15,0,98000,-1366,96634
2007/11/16,0,128000,-83000,45000
2007/11/19,0,30000,-67000,-37000
2007/11/20,0,15000,-9000,6000
2007/11/21,0,6000,-138000,-132000
2007/11/22,0,107000,-90000,17000
2007/11/23,0,226000,-50000,176000
2007/11/26,0,258000,-6000,252000
2007/11/27,0,166000,-30000,136000
2007/11/28,0,37000,-24000,13000
2007/11/29,0,190000,-34000,156000
2007/11/30,0,225000,-669000,-444000
2007/12/03,0,63000,-272000,-209000
2007/12/04,0,61000,-160412,-99412
2007/12/05,0,67000,-161000,-94000
2007/12/06,0,63000,-74000,-11000
2007/12/07,0,5000,-83000,-78000
2007/12/10,0,14000,-22000,-8000
2007/12/11,0,41000,-58157,-17157
2007/12/12,0,46000,-50000,-4000
2007/12/13,0,129000,-231000,-102000
2007/12/14,0,23000,-32000,-9000
2007/12/17,0,30000,-12000,18000
2007/12/18,0,140000,-107009,32991
2007/12/19,0,46000,-60000,-14000
2007/12/20,0,36000,-4000,32000
2007/12/21,0,1000,-40859,-39859
2007/12/24,0,345000,-161000,184000
2007/12/25,0,4000,-2000,2000
2007/12/26,0,3000,-77000,-74000
2007/12/27,0,17000,-80000,-63000
2007/12/28,0,187000,-290000,-103000
2007/12/31,0,1000,-9000,-8000
2008/01/01,0,0,0,0
2008/01/02,0,142000,-19000,123000
2008/01/03,0,18000,-63578,-45578
2008/01/04,0,58000,-18000,40000
2008/01/07,0,14000,-211148,-197148
2008/01/08,0,15000,-14000,1000
2008/01/09,0,23000,-27000,-4000
2008/01/10,0,3000,-10000,-7000
2008/01/11,0,11000,-2000,9000
2008/01/14,0,33000,-16000,17000
2008/01/15,0,11000,-12138,-1138
2008/01/16,0,29000,-22000,7000
2008/01/17,0,3000,-39000,-36000
2008/01/18,0,22000,-25000,-3000
2008/01/21,0,0,-6000,-6000
2008/01/22,0,60000,-12000,48000
2008/01/23,0,56000,-14000,42000
2008/01/24,0,5000,-11000,-6000
2008/01/25,0,23000,-12000,11000
2008/01/28,0,2000,-15000,-13000
2008/01/29,0,22000,-8000,14000
2008/01/30,0,10000,-56000,-46000
2008/01/31,0,20000,-31000,-11000
2008/02/01,0,0,0,0
2008/02/04,0,0,0,0
2008/02/05,0,0,0,0
2008/02/06,0,0,0,0
2008/02/07,0,0,0,0
2008/02/08,0,0,0,0
2008/02/11,0,0,0,0
2008/02/12,0,11000,-41000,-30000
2008/02/13,0,13000,-4000,9000
2008/02/14,0,12000,0,12000
2008/02/15,0,52000,-15580,36420
2008/02/18,0,41000,-6000,35000
2008/02/19,0,0,-15000,-15000
2008/02/20,0,173000,-41000,132000
2008/02/21,0,147000,-35000,112000
2008/02/22,0,13000,-2000,11000
2008/02/25,0,5000,-2500,2500
2008/02/26,0,153000,-900,152100
2008/02/27,0,91000,-13600,77400
2008/02/28,0,0,0,0
2008/02/29,0,64000,-83000,-19000
2008/03/03,0,14000,-12950,1050
2008/03/04,0,41000,-6079,34921
2008/03/05,0,8000,-3000,5000
2008/03/06,0,87000,-24900,62100
2008/03/07,0,185000,-2000,183000
2008/03/10,0,5000,-6000,-1000
2008/03/11,0,0,-2000,-2000
2008/03/12,0,19000,-30885,-11885
2008/03/13,0,3000,-53000,-50000
2008/03/14,0,4000,-4000,0
2008/03/17,0,1000,-44000,-43000
2008/03/18,0,3000,-5000,-2000
2008/03/19,0,0,-121000,-121000
2008/03/20,0,2000,0,2000
2008/03/21,0,9000,0,9000
2008/03/24,0,18000,-5000,13000
2008/03/25,0,100000,-2000,98000
2008/03/26,0,0,-16000,-16000
2008/03/27,0,1000,-3000,-2000
2008/03/28,0,14000,-3516,10484
2008/03/31,0,5000,-16189,-11189
2008/04/01,0,100000,-30440,69560
2008/04/02,0,39000,-40000,-1000
2008/04/03,0,319000,-105147,213853
2008/04/04,0,0,0,0
2008/04/07,0,135000,-17000,118000
2008/04/08,0,165000,-29000,136000
2008/04/09,0,112000,-104000,8000
2008/04/10,0,28000,-16000,12000
2008/04/11,0,24000,-83000,-59000
2008/04/14,0,0,-152432,-152432
2008/04/15,0,29000,-11000,18000
2008/04/16,0,24000,-219000,-195000
2008/04/17,0,121000,-228000,-107000
2008/04/18,0,15000,-87000,-72000
2008/04/21,0,35000,-182000,-147000
2008/04/22,0,44000,-467000,-423000
2008/04/23,0,155000,-47000,108000
2008/04/24,0,70000,-42000,28000
2008/04/25,0,56000,-152000,-96000
2008/04/28,0,92000,-45000,47000
2008/04/29,0,215000,-12000,203000
2008/04/30,0,101000,-221000,-120000
2008/05/01,0,0,0,0
2008/05/02,0,98000,-178000,-80000
2008/05/05,0,19000,-488000,-469000
2008/05/06,0,427000,-566000,-139000
2008/05/07,0,62000,-56000,6000
2008/05/08,0,128000,-481000,-353000
2008/05/09,0,6000,-44000,-38000
2008/05/12,0,285000,-124000,161000
2008/05/13,0,241000,-124304,116696
2008/05/14,0,136000,-56000,80000
2008/05/15,0,206000,-59000,147000
2008/05/16,0,519000,-19000,500000
2008/05/19,0,236000,-127000,109000
2008/05/20,0,201000,-374000,-173000
2008/05/21,0,310000,-141000,169000
2008/05/22,0,62000,-117000,-55000
2008/05/23,0,121000,-1187000,-1066000
2008/05/26,0,51000,-228000,-177000
2008/05/27,0,102000,-97000,5000
2008/05/28,0,199000,-276000,-77000
2008/05/29,0,28000,-511000,-483000
2008/05/30,0,90000,-164000,-74000
2008/06/02,0,47000,-355000,-308000
2008/06/03,0,84088,-87000,-2912
2008/06/04,0,139000,-113000,26000
2008/06/05,0,180000,-68000,112000
2008/06/06,0,104000,-166000,-62000
2008/06/09,0,84000,-117000,-33000
2008/06/10,0,28000,-173000,-145000
2008/06/11,0,35000,-50000,-15000
2008/06/12,0,51000,-34000,17000
2008/06/13,0,54000,-65000,-11000
2008/06/16,0,70000,-103000,-33000
2008/06/17,0,128000,-115000,13000
2008/06/18,0,78000,-29000,49000
2008/06/19,0,41000,-71000,-30000
2008/06/20,0,16000,-345000,-329000
2008/06/23,0,16000,-46000,-30000
2008/06/24,0,76000,-171000,-95000
2008/06/25,0,66000,-353000,-287000
2008/06/26,0,1000,-67000,-66000
2008/06/27,0,39000,-26000,13000
2008/06/30,0,7000,-56000,-49000
2008/07/01,0,4000,-39000,-35000
2008/07/02,0,72000,-9000,63000
2008/07/03,0,50000,-80000,-30000
2008/07/04,0,41000,-59000,-18000
2008/07/07,0,28000,-3000,25000
2008/07/08,0,1000,-20000,-19000
2008/07/09,0,11000,-17000,-6000
2008/07/10,0,30000,-4000,26000
2008/07/11,0,36000,-83000,-47000
2008/07/14,0,6000,-34000,-28000
2008/07/15,0,12000,-2000,10000
2008/07/16,0,2000,-15000,-13000
2008/07/17,0,0,-14000,-14000
2008/07/18,0,9000,-31000,-22000
2008/07/21,0,147000,-3000,144000
2008/07/22,0,66000,-72000,-6000
2008/07/23,0,678000,-43000,635000
2008/07/24,0,109000,0,109000
2008/07/25,0,188000,-79000,109000
2008/07/28,0,0,0,0
2008/07/29,0,58000,-24000,34000
2008/07/30,0,21000,-46000,-25000
2008/07/31,0,108000,-53000,55000
2008/08/01,0,10000,-556000,-546000
2008/08/04,0,212000,-2000,210000
2008/08/05,0,16000,-12000,4000
2008/08/06,0,198000,-12000,186000
2008/08/07,0,10000,-17000,-7000
2008/08/08,0,72000,-286000,-214000
2008/08/11,0,37000,-35000,2000
2008/08/12,0,76000,-8000,68000
2008/08/13,0,66000,-62000,4000
2008/08/14,0,17000,-1000,16000
2008/08/15,0,17000,-26000,-9000
2008/08/18,0,41000,-40000,1000
2008/08/19,0,16000,-6000,10000
2008/08/20,0,3000,-176000,-173000
2008/08/21,0,8000,-13000,-5000
2008/08/22,0,163000,-45000,118000
2008/08/25,0,2000,-5000,-3000
2008/08/26,0,2000,-152000,-150000
2008/08/27,0,4000,-107000,-103000
2008/08/28,0,111000,-23000,88000
2008/08/29,0,152000,-2000,150000
2008/09/01,0,0,-35000,-35000
2008/09/02,0,5000,-63000,-58000
2008/09/03,0,58000,-25000,33000
2008/09/04,0,0,-23000,-23000
2008/09/05,0,10000,-37000,-27000
2008/09/08,0,0,-84000,-84000
2008/09/09,0,5000,0,5000
2008/09/10,0,9000,0,9000
2008/09/11,0,3000,-9000,-6000
2008/09/12,0,10000,-2000,8000
2008/09/15,0,0,0,0
2008/09/16,0,4000,0,4000
2008/09/17,0,2000,-7000,-5000
2008/09/18,0,1000,-2000,-1000
2008/09/19,0,4000,-6000,-2000
2008/09/22,0,0,-600000,-600000
2008/09/23,0,18000,-45000,-27000
2008/09/24,0,16000,-106000,-90000
2008/09/25,0,21000,-4000,17000
2008/09/26,0,31000,-22000,9000
2008/09/29,0,0,0,0
2008/09/30,0,2000,-1000,1000
2008/10/01,0,9000,-22000,-13000
2008/10/02,0,1000,-1000,0
2008/10/03,0,10000,-23000,-13000
2008/10/06,0,20000,-237,19763
2008/10/07,0,4000,-8000,-4000
2008/10/08,0,38000,-10000,28000
2008/10/09,0,81000,-10000,71000
2008/10/10,0,0,0,0
2008/10/13,0,10000,-107000,-97000
2008/10/14,0,0,-4000,-4000
2008/10/15,0,11000,-4000,7000
2008/10/16,0,0,0,0
2008/10/17,0,30075,-4000,26075
2008/10/20,0,1072,-14489,-13417
2008/10/21,0,1000,-3000,-2000
2008/10/22,0,81000,-11000,70000
2008/10/23,0,5000,-1000,4000
2008/10/24,0,0,0,0
2008/10/27,0,10000,-11000,-1000
2008/10/28,0,10000,-32000,-22000
2008/10/29,0,10000,-65000,-55000
2008/10/30,0,113000,0,113000
2008/10/31,0,86000,-10000,76000
2008/11/03,0,95000,-24928,70072
2008/11/04,0,13000,-118049,-105049
2008/11/05,0,58000,-60000,-2000
2008/11/06,0,6000,-2000,4000
2008/11/07,0,4000,-60000,-56000
2008/11/10,0,10000,-100000,-90000
2008/11/11,0,0,-7463,-7463
2008/11/12,0,0,-11000,-11000
2008/11/13,0,0,-4000,-4000
2008/11/14,0,0,0,0
2008/11/17,0,1000,0,1000
2008/11/18,0,11000,-2000,9000
2008/11/19,0,2000,-8058,-6058
2008/11/20,0,0,0,0
2008/11/21,0,5000,-10000,-5000
2008/11/24,0,0,-987,-987
2008/11/25,0,0,0,0
2008/11/26,0,0,0,0
2008/11/27,0,0,0,0
2008/11/28,0,0,0,0
2008/12/01,0,10000,-21,9979
2008/12/02,0,4000,-10000,-6000
2008/12/03,0,1000,0,1000
2008/12/04,0,0,-4200,-4200
2008/12/05,0,3000,0,3000
2008/12/08,0,8000,-1000,7000
2008/12/09,0,190000,-2000,188000
2008/12/10,0,93000,-206000,-113000
2008/12/11,0,11000,-159000,-148000
2008/12/12,0,11000,-17000,-6000
2008/12/15,0,7000,-51000,-44000
2008/12/16,0,33000,-13000,20000
2008/12/17,0,54000,-33000,21000
2008/12/18,0,88000,-180000,-92000
2008/12/19,0,5000,-186000,-181000
2008/12/22,0,55000,-181000,-126000
2008/12/23,0,15000,-16000,-1000
2008/12/24,0,3000,-4000,-1000
2008/12/25,0,0,-105000,-105000
2008/12/26,0,52000,-24000,28000
2008/12/29,0,13000,-40000,-27000
2008/12/30,0,0,-104000,-104000
2008/12/31,0,43000,-108000,-65000
2009/01/01,0,0,0,0
2009/01/02,0,0,0,0
2009/01/05,0,109000,-12284,96716
2009/01/06,0,447000,0,447000
2009/01/07,0,242000,-432000,-190000
2009/01/08,0,425000,-9000,416000
2009/01/09,0,306000,-21000,285000
2009/01/12,0,0,-75000,-75000
2009/01/13,0,2000,-103000,-101000
2009/01/14,0,104000,-63000,41000
2009/01/15,0,17000,-19000,-2000
2009/01/16,0,10000,-109000,-99000
2009/01/19,0,31000,-152000,-121000
2009/01/20,0,0,-20000,-20000
2009/01/21,0,19000,-38000,-19000
2009/01/22,0,0,0,0
2009/01/23,0,0,0,0
2009/01/26,0,0,0,0
2009/01/27,0,0,0,0
2009/01/28,0,0,0,0
2009/01/29,0,0,0,0
2009/01/30,0,0,0,0
2009/02/02,0,27000,-59000,-32000
2009/02/03,0,464000,-59000,405000
2009/02/04,0,131000,-94000,37000
2009/02/05,0,59000,-172000,-113000
2009/02/06,0,178000,-99000,79000
2009/02/09,0,268000,-142000,126000
2009/02/10,0,181000,-173000,8000
2009/02/11,0,198000,-151000,47000
2009/02/12,0,135000,-148000,-13000
2009/02/13,0,47000,-86000,-39000
2009/02/16,0,27000,-114149,-87149
2009/02/17,0,36000,-225000,-189000
2009/02/18,0,19000,-155000,-136000
2009/02/19,0,16000,-16000,0
2009/02/20,0,5000,-5644,-644
2009/02/23,0,395000,-51000,344000
2009/02/24,0,478000,-80000,398000
2009/02/25,0,102000,-140000,-38000
2009/02/26,0,79000,-182000,-103000
2009/02/27,0,1000,-253000,-252000
2009/03/02,0,28000,-29000,-1000
2009/03/03,0,124000,-11000,113000
2009/03/04,0,26000,-63000,-37000
2009/03/05,0,46000,-112000,-66000
2009/03/06,0,92000,-68000,24000
2009/03/09,0,29000,-43000,-14000
2009/03/10,0,50000,-87000,-37000
2009/03/11,0,36000,-29000,7000
2009/03/12,0,38000,-14000,24000
2009/03/13,0,147000,-61000,86000
2009/03/16,0,137000,-132000,5000
2009/03/17,0,229000,-487000,-258000
2009/03/18,0,138000,-6000,132000
2009/03/19,0,24000,-81000,-57000
2009/03/20,0,82000,-347000,-265000
2009/03/23,0,23000,-288000,-265000
2009/03/24,0,39000,-157000,-118000
2009/03/25,0,278000,-121647,156353
2009/03/26,0,384000,-116000,268000
2009/03/27,0,289000,-80000,209000
2009/03/30,0,299000,-230000,69000
2009/03/31,0,76000,-25000,51000
2009/04/01,0,85000,-166000,-81000
2009/04/02,0,86000,-626000,-540000
2009/04/03,0,6000,-55000,-49000
2009/04/06,0,69000,-16000,53000
2009/04/07,0,271000,-88000,183000
2009/04/08,0,128000,-204000,-76000
2009/04/09,0,118000,-282000,-164000
2009/04/10,0,117000,-320000,-203000
2009/04/13,0,293000,-443000,-150000
2009/04/14,0,19000,-61000,-42000
2009/04/15,0,297000,-209000,88000
2009/04/16,0,156000,-140000,16000
2009/04/17,0,44000,-100000,-56000
2009/04/20,0,97000,-50000,47000
2009/04/21,0,23000,-141000,-118000
2009/04/22,0,220000,-527145,-307145
2009/04/23,0,77000,-63000,14000
2009/04/24,0,17000,-281000,-264000
2009/04/27,0,92000,-52000,40000
2009/04/28,0,67000,-309000,-242000
2009/04/29,0,24000,-49000,-25000
2009/04/30,0,10000,-89000,-79000
2009/05/01,0,0,0,0
2009/05/04,0,114000,-310000,-196000
2009/05/05,0,85000,-24000,61000
2009/05/06,0,45000,-99000,-54000
2009/05/07,0,123000,-51000,72000
2009/05/08,0,11000,-123000,-112000
2009/05/11,0,70000,-13000,57000
2009/05/12,0,135000,-20000,115000
2009/05/13,0,51000,-55000,-4000
2009/05/14,0,80180,-64000,16180
2009/05/15,0,24000,-57000,-33000
2009/05/18,0,82000,-40000,42000
2009/05/19,0,36000,-174180,-138180
2009/05/20,0,24000,-145000,-121000
2009/05/21,0,35000,-166000,-131000
2009/05/22,0,206000,-76414,129586
2009/05/25,0,81000,-26000,55000
2009/05/26,0,163000,-164000,-1000
2009/05/27,0,389000,-36000,353000
2009/05/28,0,0,0,0
2009/05/29,0,0,0,0
2009/06/01,0,103000,-16031,86969
2009/06/02,0,100000,-43144,56856
2009/06/03,0,140000,-33000,107000
2009/06/04,0,119000,-97234,21766
2009/06/05,0,38000,-26000,12000
2009/06/08,0,70000,-161000,-91000
2009/06/09,0,127000,-137000,-10000
2009/06/10,0,134000,-184617,-50617
2009/06/11,0,33000,-26000,7000
2009/06/12,0,146000,-86000,60000
2009/06/15,0,144000,-21000,123000
2009/06/16,0,75000,-116856,-41856
2009/06/17,0,43000,-43000,0
2009/06/18,0,5000,-35000,-30000
2009/06/19,0,180000,-9000,171000
2009/06/22,0,48000,-27000,21000
2009/06/23,0,110000,-10000,100000
2009/06/24,0,229000,-125855,103145
2009/06/25,0,23000,-159000,-136000
2009/06/26,0,104000,-103000,1000
2009/06/29,0,13000,-1000,12000
2009/06/30,0,9000,-47000,-38000
2009/07/01,0,109000,-21000,88000
2009/07/02,0,110000,-146000,-36000
2009/07/03,0,22000,-1000,21000
2009/07/06,0,20000,-147000,-127000
2009/07/07,0,43235,-109000,-65765
2009/07/08,0,100000,-67000,33000
2009/07/09,0,14000,-103000,-89000
2009/07/10,0,53000,-23000,30000
2009/07/13,0,6000,-54000,-48000
2009/07/14,0,5000,-27000,-22000
2009/07/15,0,176147,-51000,125147
2009/07/16,0,55000,-164170,-109170
2009/07/17,0,170000,-84690,85310
2009/07/20,0,336000,-146000,190000
2009/07/21,0,626000,-42000,584000
2009/07/22,0,197000,-166000,31000
2009/07/23,0,180000,-404000,-224000
2009/07/24,0,313878,-378000,-64122
2009/07/27,0,53000,-3000,50000
2009/07/28,0,56000,-433000,-377000
2009/07/29,0,626000,-289000,337000
2009/07/30,0,190000,-386000,-196000
2009/07/31,0,179000,-339000,-160000
2009/08/03,0,121605,-205000,-83395
2009/08/04,0,537000,-323000,214000
2009/08/05,0,228000,-183000,45000
2009/08/06,0,226000,-201000,25000
2009/08/07,0,0,0,0
2009/08/10,0,178000,-139000,39000
2009/08/11,0,128000,-231000,-103000
2009/08/12,0,224000,-102000,122000
2009/08/13,0,280000,-137000,143000
2009/08/14,0,74000,-32000,42000
2009/08/17,0,218000,-285000,-67000
2009/08/18,0,174000,-476000,-302000
2009/08/19,0,122000,-169000,-47000
2009/08/20,0,85000,-130000,-45000
2009/08/21,0,37000,-128000,-91000
2009/08/24,0,11000,-296000,-285000
2009/08/25,0,62000,-145000,-83000
2009/08/26,0,270000,-81000,189000
2009/08/27,0,33000,-19638,13362
2009/08/28,0,19000,-108000,-89000
2009/08/31,0,113000,-78000,35000
2009/09/01,0,120000,-198000,-78000
2009/09/02,0,355000,-18000,337000
2009/09/03,0,209000,-206500,2500
2009/09/04,0,102000,-243000,-141000
2009/09/07,0,576000,-84000,492000
2009/09/08,0,119000,-575000,-456000
2009/09/09,0,36000,-290000,-254000
2009/09/10,0,121000,-83000,38000
2009/09/11,0,20000,-1000,19000
2009/09/14,0,43000,-37000,6000
2009/09/15,0,20000,-6000,14000
2009/09/16,0,12000,-47000,-35000
2009/09/17,0,31000,-16000,15000
2009/09/18,0,42000,-104000,-62000
2009/09/21,0,13000,-29000,-16000
2009/09/22,0,140000,-16000,124000
2009/09/23,0,31000,-70000,-39000
2009/09/24,0,9000,-53000,-44000
2009/09/25,0,21000,-11000,10000
2009/09/28,0,3000,-6145,-3145
2009/09/29,0,13000,-12000,1000
2009/09/30,0,245000,-15088,229912
2009/10/01,0,42000,-56000,-14000
2009/10/02,0,8000,-82593,-74593
2009/10/05,0,73000,-18599,54401
2009/10/06,0,145000,-68000,77000
2009/10/07,0,161000,-235137,-74137
2009/10/08,0,35000,-261000,-226000
2009/10/09,0,52000,-35000,17000
2009/10/12,0,436000,-34000,402000
2009/10/13,0,71000,-2000,69000
2009/10/14,0,535000,-146000,389000
2009/10/15,0,232000,-45000,187000
2009/10/16,0,62000,-43000,19000
2009/10/19,0,124000,-27000,97000
2009/10/20,0,42000,-49000,-7000
2009/10/21,0,63000,-168000,-105000
2009/10/22,0,61000,-63000,-2000
2009/10/23,0,35518,-83000,-47482
2009/10/26,0,6000,-79000,-73000
2009/10/27,0,12000,-82693,-70693
2009/10/28,0,65000,-104000,-39000
2009/10/29,0,209000,-57000,152000
2009/10/30,0,21000,-285000,-264000
2009/11/02,0,156000,-22000,134000
2009/11/03,0,13000,-90544,-77544
2009/11/04,0,167000,-11000,156000
2009/11/05,0,227000,-19000,208000
2009/11/06,0,23000,-21000,2000
2009/11/09,0,23000,-1019879,-996879
2009/11/10,0,83000,-339836,-256836
2009/11/11,0,93000,-201000,-108000
2009/11/12,0,142000,-90000,52000
2009/11/13,0,24000,-36000,-12000
2009/11/16,0,0,-14000,-14000
2009/11/17,0,134000,-56000,78000
2009/11/18,0,89000,-18000,71000
2009/11/19,0,25000,-17000,8000
2009/11/20,0,70000,-32000,38000
2009/11/23,0,66000,-11000,55000
2009/11/24,0,35000,-54000,-19000
2009/11/25,0,44000,-21000,23000
2009/11/26,0,23000,-17000,6000
2009/11/27,0,9000,-38000,-29000
2009/11/30,0,0,-25000,-25000
2009/12/01,0,42000,-111000,-69000
2009/12/02,0,185000,-46000,139000
2009/12/03,0,13000,-85000,-72000
2009/12/04,0,61000,-16000,45000
2009/12/07,0,87000,-28000,59000
2009/12/08,0,176000,-24000,152000
2009/12/09,0,400000,-33000,367000
2009/12/10,0,145000,-315000,-170000
2009/12/11,0,23000,-8000,15000
2009/12/14,0,67000,-78000,-11000
2009/12/15,0,2000,-48000,-46000
2009/12/16,0,50000,-115000,-65000
2009/12/17,0,394000,-31000,363000
2009/12/18,0,133000,-59000,74000
2009/12/21,0,230000,-10000,220000
2009/12/22,0,564000,-276000,288000
2009/12/23,0,899000,-85000,814000
2009/12/24,0,922000,-264000,658000
2009/12/25,0,128000,-81000,47000
2009/12/28,0,103000,-9000,94000
2009/12/29,0,41000,-88148,-47148
2009/12/30,0,174000,-139000,35000
2009/12/31,0,412000,-306000,106000
2010/01/01,0,0,0,0
2010/01/04,0,294000,-224000,70000
2010/01/05,0,236000,-183000,53000
2010/01/06,0,188000,-433000,-245000
2010/01/07,0,62000,-158000,-96000
2010/01/08,0,215000,-152000,63000
2010/01/11,0,282000,-652000,-370000
2010/01/12,0,150000,-90000,60000
2010/01/13,0,84000,-168000,-84000
2010/01/14,0,96000,-128000,-32000
2010/01/15,0,127000,-125000,2000
2010/01/18,0,85000,-42000,43000
2010/01/19,0,96000,-480000,-384000
2010/01/20,0,163422,-236000,-72578
2010/01/21,0,79000,-196000,-117000
2010/01/22,0,85000,-218025,-133025
2010/01/25,0,112000,-136000,-24000
2010/01/26,0,97000,-1195000,-1098000
2010/01/27,0,47000,-466000,-419000
2010/01/28,0,45000,-208000,-163000
2010/01/29,0,4000,-34000,-30000
2010/02/01,0,42000,-30000,12000
2010/02/02,0,17000,-120000,-103000
2010/02/03,0,103000,-99000,4000
2010/02/04,0,21000,-5000,16000
2010/02/05,0,55000,-106000,-51000
2010/02/08,0,33000,-25695,7305
2010/02/09,0,93000,-160000,-67000
2010/02/10,0,77000,-100221,-23221
2010/02/11,0,0,0,0
2010/02/12,0,0,0,0
2010/02/15,0,0,0,0
2010/02/16,0,0,0,0
2010/02/17,0,0,0,0
2010/02/18,0,0,0,0
2010/02/19,0,0,0,0
2010/02/22,0,57000,-141000,-84000
2010/02/23,0,48000,-19000,29000
2010/02/24,0,9000,-38000,-29000
2010/02/25,0,10000,-115098,-105098
2010/02/26,0,18000,-30000,-12000
2010/03/01,0,134000,-11000,123000
2010/03/02,0,45000,-35000,10000
2010/03/03,0,35000,-16000,19000
2010/03/04,0,29000,-45000,-16000
2010/03/05,0,44000,-46000,-2000
2010/03/08,0,16000,-112000,-96000
2010/03/09,0,62000,-62000,0
2010/03/10,0,69000,-19000,50000
2010/03/11,0,144000,-25000,119000
2010/03/12,0,58000,-22000,36000
2010/03/15,0,6000,-75000,-69000
2010/03/16,0,11000,-49038,-38038
2010/03/17,0,86000,-32988,53012
2010/03/18,0,235000,-43000,192000
2010/03/19,0,81000,-88000,-7000
2010/03/22,0,68000,-153000,-85000
2010/03/23,0,86000,-82000,4000
2010/03/24,0,55059,-156000,-100941
2010/03/25,0,113000,-43000,70000
2010/03/26,0,45000,-52000,-7000
2010/03/29,0,46000,-45000,1000
2010/03/30,0,9000,-49000,-40000
2010/03/31,0,16000,-19000,-3000
2010/04/01,0,48000,-34000,14000
2010/04/02,0,29000,-19263,9737
2010/04/05,0,0,0,0
2010/04/06,0,148000,-90000,58000
2010/04/07,0,35000,-47000,-12000
2010/04/08,0,59000,-98000,-39000
2010/04/09,0,27000,-60000,-33000
2010/04/12,0,21000,-183000,-162000
2010/04/13,0,13000,-93000,-80000
2010/04/14,0,9000,0,9000
2010/04/15,0,16000,-4000,12000
2010/04/16,0,17000,-42000,-25000
2010/04/19,0,16000,-91000,-75000
2010/04/20,0,53000,-109000,-56000
2010/04/21,0,2000,-71000,-69000
2010/04/22,0,25000,-27000,-2000
2010/04/23,0,23000,-55000,-32000
2010/04/26,0,61000,-16000,45000
2010/04/27,0,39000,-32000,7000
2010/04/28,0,17000,-29000,-12000
2010/04/29,0,7000,-31000,-24000
2010/04/30,0,5000,-19000,-14000
2010/05/03,0,11000,-19000,-8000
2010/05/04,0,5000,-18000,-13000
2010/05/05,0,5000,-77000,-72000
2010/05/06,0,18000,-22000,-4000
2010/05/07,0,25000,-39891,-14891
2010/05/10,0,12000,-18000,-6000
2010/05/11,0,9000,-60099,-51099
2010/05/12,0,27000,-14000,13000
2010/05/13,0,31000,-12000,19000
2010/05/14,0,44000,-7000,37000
2010/05/17,0,13000,-49000,-36000
2010/05/18,0,27000,-6000,21000
2010/05/19,0,31000,-65000,-34000
2010/05/20,0,5000,-27000,-22000
2010/05/21,0,10000,-15000,-5000
2010/05/24,0,25000,-1000,24000
2010/05/25,0,25000,-48000,-23000
2010/05/26,0,38000,-38000,0
2010/05/27,0,28000,-93000,-65000
2010/05/28,0,21000,-35000,-14000
2010/05/31,0,0,-9000,-9000
2010/06/01,0,2000,-19000,-17000
2010/06/02,0,8000,-3000,5000
2010/06/03,0,74000,-3000,71000
2010/06/04,0,41000,-21000,20000
2010/06/07,0,0,-29000,-29000
2010/06/08,0,3000,-45000,-42000
2010/06/09,0,6000,-33000,-27000
2010/06/10,0,8000,-20000,-12000
2010/06/11,0,6000,-18000,-12000
2010/06/14,0,11000,-3000,8000
2010/06/15,0,54000,-4000,50000
2010/06/16,0,0,0,0
2010/06/17,0,83000,-10000,73000
2010/06/18,0,18000,-3000,15000
2010/06/21,0,9000,-16000,-7000
2010/06/22,0,20000,-4000,16000
2010/06/23,0,1000,-22000,-21000
2010/06/24,0,13000,-2900,10100
2010/06/25,0,10000,-24000,-14000
2010/06/28,0,0,-11000,-11000
2010/06/29,0,0,-5000,-5000
2010/06/30,0,5000,-9000,-4000
2010/07/01,0,2000,-15000,-13000
2010/07/02,0,4000,-8000,-4000
2010/07/05,0,4000,-7000,-3000
2010/07/06,0,8000,-2000,6000
2010/07/07,0,12000,0,12000
2010/07/08,0,39000,-4000,35000
2010/07/09,0,6000,0,6000
2010/07/12,0,35000,-9000,26000
2010/07/13,0,17000,-20000,-3000
2010/07/14,0,1000,-2000,-1000
2010/07/15,0,1000,-9000,-8000
2010/07/16,0,0,-3000,-3000
2010/07/19,0,5000,-9000,-4000
2010/07/20,0,30000,-4000,26000
2010/07/21,0,8000,-14000,-6000
2010/07/22,0,2000,-13000,-11000
2010/07/23,0,6000,-11082,-5082
2010/07/26,0,1000,-35000,-34000
2010/07/27,0,30000,0,30000
2010/07/28,0,1000,-32000,-31000
2010/07/29,0,0,-18000,-18000
2010/07/30,0,0,-9000,-9000
2010/08/02,0,13000,-13000,0
2010/08/03,0,1000,0,1000
2010/08/04,0,0,0,0
2010/08/05,0,0,0,0
2010/08/06,0,16000,0,16000
2010/08/09,0,8000,-1000,7000
2010/08/10,0,1000,-9000,-8000
2010/08/11,0,21000,-3000,18000
2010/08/12,0,0,-22000,-22000
2010/08/13,0,4000,-22000,-18000
2010/08/16,0,3000,-5000,-2000
2010/08/17,0,11000,-11559,-559
2010/08/18,0,11000,-6000,5000
2010/08/19,0,10000,-4000,6000
2010/08/20,0,5000,-3097,1903
2010/08/23,0,14000,-7000,7000
2010/08/24,0,7000,-9000,-2000
2010/08/25,0,0,-26000,-26000
2010/08/26,0,1000,-1000,0
2010/08/27,0,0,-1000,-1000
2010/08/30,0,9000,-6000,3000
2010/08/31,0,4000,-1000,3000
2010/09/01,0,2000,-2000,0
2010/09/02,0,11000,-3000,8000
2010/09/03,0,3000,-13000,-10000
2010/09/06,0,112000,0,112000
2010/09/07,0,138000,-26000,112000
2010/09/08,0,10366,-134000,-123634
2010/09/09,0,1000,-29000,-28000
2010/09/10,0,6000,-29000,-23000
2010/09/13,0,9000,-24000,-15000
2010/09/14,0,11000,-12000,-1000
2010/09/15,0,5000,-4000,1000
2010/09/16,0,0,-14000,-14000
2010/09/17,0,13000,-3000,10000
2010/09/20,0,13000,-12000,1000
2010/09/21,0,14000,-5000,9000
2010/09/22,0,0,0,0
2010/09/23,0,4000,-10000,-6000
2010/09/24,0,3000,-7000,-4000
2010/09/27,0,20000,-9000,11000
2010/09/28,0,1000,-2000,-1000
2010/09/29,0,36000,-9000,27000
2010/09/30,0,110000,-17000,93000
2010/10/01,0,11000,-69049,-58049
2010/10/04,0,1000,-75000,-74000
2010/10/05,0,2000,-7000,-5000
2010/10/06,0,0,-16000,-16000
2010/10/07,0,1000,-4094,-3094
2010/10/08,0,1000,-2000,-1000
2010/10/11,0,30000,-2000,28000
2010/10/12,0,30000,-31000,-1000
2010/10/13,0,0,-34000,-34000
2010/10/14,0,0,-6000,-6000
2010/10/15,0,0,-16000,-16000
2010/10/18,0,0,-8000,-8000
2010/10/19,0,0,-1000,-1000
2010/10/20,0,10000,0,10000
2010/10/21,0,0,0,0
2010/10/22,0,1000,-7000,-6000
2010/10/25,0,21000,-11000,10000
2010/10/26,0,9000,0,9000
2010/10/27,0,30000,0,30000
2010/10/28,0,21000,0,21000
2010/10/29,0,7000,-17000,-10000
2010/11/01,0,50000,-44000,6000
2010/11/02,0,49000,-22000,27000
2010/11/03,0,28000,-4000,24000
2010/11/04,0,6000,-1000,5000
2010/11/05,0,16000,0,16000
2010/11/08,0,10000,-15000,-5000
2010/11/09,0,2000,-13000,-11000
2010/11/10,0,1000,-4000,-3000
2010/11/11,0,2000,-23000,-21000
2010/11/12,0,0,-15000,-15000
2010/11/15,0,1000,-1000,0
2010/11/16,0,16000,0,16000
2010/11/17,0,1000,-4000,-3000
2010/11/18,0,1000,0,1000
2010/11/19,0,8000,-8000,0
2010/11/22,0,3000,0,3000
2010/11/23,0,40000,-5000,35000
2010/11/24,0,55000,0,55000
2010/11/25,0,1000,-11000,-10000
2010/11/26,0,0,-14000,-14000
2010/11/29,0,2000,-1000,1000
2010/11/30,0,3000,0,3000
2010/12/01,0,1000,-1000,0
2010/12/02,0,29000,-45000,-16000
2010/12/03,0,1000,-5133,-4133
2010/12/06,0,4000,-8000,-4000
2010/12/07,0,45000,-17000,28000
2010/12/08,0,21000,-19000,2000
2010/12/09,0,22000,0,22000
2010/12/10,0,98000,-13000,85000
2010/12/13,0,120000,-68000,52000
2010/12/14,0,26000,-24000,2000
2010/12/15,0,12000,-6000,6000
2010/12/16,0,51000,-17000,34000
2010/12/17,0,495000,-3000,492000
2010/12/20,0,14000,-23000,-9000
2010/12/21,0,1000,-38000,-37000
2010/12/22,0,39000,-9000,30000
2010/12/23,0,0,-6000,-6000
2010/12/24,0,0,-61000,-61000
2010/12/27,0,5000,-3000,2000
2010/12/28,0,32000,-22000,10000
2010/12/29,0,26000,-8000,18000
2010/12/30,0,8000,-156000,-148000
2010/12/31,0,15000,-150000,-135000
2011/01/03,0,4000,-156000,-152000
2011/01/04,0,102000,-42000,60000
2011/01/05,0,28000,-88000,-60000
2011/01/06,0,40000,-10000,30000
2011/01/07,0,96000,-26000,70000
2011/01/10,0,0,-6000,-6000
2011/01/11,0,62000,-3000,59000
2011/01/12,0,55000,-2000,53000
2011/01/13,0,86000,-23000,63000
2011/01/14,0,0,-4000,-4000
2011/01/17,0,5000,-129000,-124000
2011/01/18,0,6000,-4000,2000
2011/01/19,0,56000,-16000,40000
2011/01/20,0,18000,-67000,-49000
2011/01/21,0,114000,-4000,110000
2011/01/24,0,91000,-26000,65000
2011/01/25,0,534000,-51000,483000
2011/01/26,0,33000,-3000,30000
2011/01/27,0,12000,-2000,10000
2011/01/28,0,24000,-11000,13000
2011/01/31,0,0,0,0
2011/02/01,0,0,0,0
2011/02/02,0,0,0,0
2011/02/03,0,0,0,0
2011/02/04,0,0,0,0
2011/02/07,0,0,0,0
2011/02/08,0,22000,-33000,-11000
2011/02/09,0,15000,-151000,-136000
2011/02/10,0,2000,-282000,-280000
2011/02/11,0,23000,-110000,-87000
2011/02/14,0,0,-105000,-105000
2011/02/15,0,10000,-278000,-268000
2011/02/16,0,84000,-144000,-60000
2011/02/17,0,0,-66000,-66000
2011/02/18,0,15000,-7000,8000
2011/02/21,0,5000,-15000,-10000
2011/02/22,0,2000,-51000,-49000
2011/02/23,0,0,-50000,-50000
2011/02/24,0,1000,-16000,-15000
2011/02/25,0,0,-2000,-2000
2011/02/28,0,0,0,0
2011/03/01,0,3000,-5000,-2000
2011/03/02,0,8000,-18000,-10000
2011/03/03,0,0,-5000,-5000
2011/03/04,0,0,-9000,-9000
2011/03/07,0,5000,-2000,3000
2011/03/08,0,7000,-3000,4000
2011/03/09,0,1000,-1000,0
2011/03/10,0,0,-4000,-4000
2011/03/11,0,2000,-23000,-21000
2011/03/14,0,2000,-15000,-13000
2011/03/15,0,29000,0,29000
2011/03/16,0,22000,-9000,13000
2011/03/17,0,0,-9000,-9000
2011/03/18,0,1000,-21000,-20000
2011/03/21,0,0,-5000,-5000
2011/03/22,0,0,-2000,-2000
2011/03/23,0,0,0,0
2011/03/24,0,434000,-10000,424000
2011/03/25,0,237000,-2000,235000
2011/03/28,0,20000,0,20000
2011/03/29,0,0,-2000,-2000
2011/03/30,0,0,-13000,-13000
2011/03/31,0,1000,-412,588
2011/04/01,0,10000,-2000,8000
2011/04/04,0,0,0,0
2011/04/05,0,0,0,0
2011/04/06,0,12000,-14000,-2000
2011/04/07,0,52000,-1000,51000
2011/04/08,0,56000,0,56000
2011/04/11,0,16000,-2000,14000
2011/04/12,0,30000,-5000,25000
2011/04/13,0,18000,-1000,17000
2011/04/14,0,4000,-2886,1114
2011/04/15,0,0,-4000,-4000
2011/04/18,0,15000,-4000,11000
2011/04/19,0,29000,-9000,20000
2011/04/20,0,30000,-13000,17000
2011/04/21,0,78000,-2000,76000
2011/04/22,0,17000,0,17000
2011/04/25,0,5000,-27000,-22000
2011/04/26,0,0,0,0
2011/04/27,0,54000,-4000,50000
2011/04/28,0,114000,-2000,112000
2011/04/29,0,86000,0,86000
2011/05/02,0,0,0,0
2011/05/03,0,8000,0,8000
2011/05/04,0,22000,-3000,19000
2011/05/05,0,16000,0,16000
2011/05/06,0,31000,-2000,29000
2011/05/09,0,2000,-354000,-352000
2011/05/10,0,5000,-319000,-314000
2011/05/11,0,32000,-5710,26290
2011/05/12,0,0,-2000,-2000
2011/05/13,0,15000,-5000,10000
2011/05/16,0,13000,0,13000
2011/05/17,0,0,0,0
2011/05/18,0,3000,-15000,-12000
2011/05/19,0,9000,-10860,-1860
2011/05/20,0,0,-110000,-110000
2011/05/23,0,9000,-104000,-95000
2011/05/24,0,0,-9000,-9000
2011/05/25,0,2000,-37000,-35000
2011/05/26,0,0,0,0
2011/05/27,0,0,-8000,-8000
2011/05/30,0,0,-7000,-7000
2011/05/31,0,0,-16000,-16000
2011/06/01,0,83000,0,83000
2011/06/02,0,12000,0,12000
2011/06/03,0,8000,0,8000
2011/06/06,0,0,0,0
2011/06/07,0,0,-37000,-37000
2011/06/08,0,0,-80000,-80000
2011/06/09,0,0,-78000,-78000
2011/06/10,0,0,0,0
2011/06/13,0,1000,-9000,-8000
2011/06/14,0,0,-11000,-11000
2011/06/15,0,0,-32000,-32000
2011/06/16,0,7000,0,7000
2011/06/17,0,5000,-1000,4000
2011/06/20,0,39000,-80000,-41000
2011/06/21,0,16000,-27000,-11000
2011/06/22,0,0,-25000,-25000
2011/06/23,0,4000,-15000,-11000
2011/06/24,0,1000,-4000,-3000
2011/06/27,0,6000,-22000,-16000
2011/06/28,0,9000,0,9000
2011/06/29,0,10000,-4000,6000
2011/06/30,0,4000,-72000,-68000
2011/07/01,0,0,0,0
2011/07/04,0,7000,-7000,0
2011/07/05,0,0,-13912,-13912
2011/07/06,0,1000,0,1000
2011/07/07,0,15000,0,15000
2011/07/08,0,0,-26000,-26000
2011/07/11,0,22000,0,22000
2011/07/12,0,0,0,0
2011/07/13,0,7000,-55000,-48000
2011/07/14,0,1000,0,1000
2011/07/15,0,20000,0,20000
2011/07/18,0,50000,-45000,5000
2011/07/19,0,6000,-50000,-44000
2011/07/20,0,0,-13000,-13000
2011/07/21,0,11000,0,11000
2011/07/22,0,2000,0,2000
2011/07/25,0,20000,0,20000
2011/07/26,0,1000,-3000,-2000
2011/07/27,0,0,0,0
2011/07/28,0,0,-25000,-25000
2011/07/29,0,2000,-1000,1000
2011/08/01,0,7000,0,7000
2011/08/02,0,0,-1000,-1000
2011/08/03,0,0,-1000,-1000
2011/08/04,0,29000,0,29000
2011/08/05,0,54000,-1000,53000
2011/08/08,0,1000,-15000,-14000
2011/08/09,0,31000,-6000,25000
2011/08/10,0,0,-6645,-6645
2011/08/11,0,0,-1000,-1000
2011/08/12,0,0,-1000,-1000
2011/08/15,0,0,0,0
2011/08/16,0,0,0,0
2011/08/17,0,0,0,0
2011/08/18,0,0,0,0
2011/08/19,0,0,0,0
2011/08/22,0,4000,0,4000
2011/08/23,0,2000,0,2000
2011/08/24,0,0,0,0
2011/08/25,0,6000,0,6000
2011/08/26,0,0,0,0
2011/08/29,0,1000,0,1000
2011/08/30,0,0,0,0
2011/08/31,0,0,0,0
2011/09/01,0,1000,0,1000
2011/09/02,0,0,0,0
2011/09/05,0,0,-5000,-5000
2011/09/06,0,0,-3000,-3000
2011/09/07,0,0,0,0
2011/09/08,0,0,-5000,-5000
2011/09/09,0,1000,-2000,-1000
2011/09/12,0,0,0,0
2011/09/13,0,0,0,0
2011/09/14,0,0,0,0
2011/09/15,0,1000,0,1000
2011/09/16,0,0,0,0
2011/09/19,0,4000,0,4000
2011/09/20,0,6000,-1000,5000
2011/09/21,0,9000,-1000,8000
2011/09/22,0,2000,0,2000
2011/09/23,0,6000,-7000,-1000
2011/09/26,0,6000,0,6000
2011/09/27,0,0,0,0
2011/09/28,0,3000,-5000,-2000
2011/09/29,0,2000,-2000,0
2011/09/30,0,0,-5000,-5000
2011/10/03,0,0,0,0
2011/10/04,0,0,0,0
2011/10/05,0,0,0,0
2011/10/06,0,1000,-954,46
2011/10/07,0,1000,-571,429
2011/10/10,0,0,0,0
2011/10/11,0,0,0,0
2011/10/12,0,0,0,0
2011/10/13,0,0,-2000,-2000
2011/10/14,0,0,0,0
2011/10/17,0,0,0,0
2011/10/18,0,0,0,0
2011/10/19,0,24000,-2000,22000
2011/10/20,0,34000,-999,33001
2011/10/21,0,29030,0,29030
2011/10/24,0,35000,0,35000
2011/10/25,0,38000,0,38000
2011/10/26,0,19000,0,19000
2011/10/27,0,0,0,0
2011/10/28,0,1000,0,1000
2011/10/31,0,0,-454,-454
2011/11/01,0,2000,-1000,1000
2011/11/02,0,0,-1000,-1000
2011/11/03,0,0,-1000,-1000
2011/11/04,0,1000,0,1000
2011/11/07,0,0,0,0
2011/11/08,0,4000,0,4000
2011/11/09,0,2000,-14000,-12000
2011/11/10,0,13000,-1000,12000
2011/11/11,0,12000,-17000,-5000
2011/11/14,0,1000,-33000,-32000
2011/11/15,0,1000,0,1000
2011/11/16,0,0,-1000,-1000
2011/11/17,0,1000,-7000,-6000
2011/11/18,0,5000,-5000,0
2011/11/21,0,15000,-1000,14000
2011/11/22,0,2000,0,2000
2011/11/23,0,9000,-1000,8000
2011/11/24,0,4000,-1000,3000
2011/11/25,0,5000,0,5000
2011/11/28,0,1000,-5000,-4000
2011/11/29,0,0,-7000,-7000
2011/11/30,0,0,-4000,-4000
2011/12/01,0,10000,0,10000
2011/12/02,0,20000,0,20000
2011/12/05,0,5000,0,5000
2011/12/06,0,0,-10000,-10000
2011/12/07,0,0,-5000,-5000
2011/12/08,0,5000,-4000,1000
2011/12/09,0,16000,-1000,15000
2011/12/12,0,0,-10000,-10000
2011/12/13,0,0,-1000,-1000
2011/12/14,0,0,-1000,-1000
2011/12/15,0,12000,0,12000
2011/12/16,0,5000,0,5000
2011/12/19,0,11000,0,11000
2011/12/20,0,4000,-4488,-488
2011/12/21,0,5000,-20000,-15000
2011/12/22,0,0,0,0
2011/12/23,0,0,0,0
2011/12/26,0,0,0,0
2011/12/27,0,4000,0,4000
2011/12/28,0,7000,0,7000
2011/12/29,0,38000,0,38000
2011/12/30,0,30000,0,30000
2012/01/02,0,14000,-10000,4000
2012/01/03,0,15000,-43000,-28000
2012/01/04,0,3000,-5000,-2000
2012/01/05,0,0,-253,-253
2012/01/06,0,0,-4000,-4000
2012/01/09,0,0,-10000,-10000
2012/01/10,0,8000,-4000,4000
2012/01/11,0,5000,0,5000
2012/01/12,0,2000,0,2000
2012/01/13,0,1000,0,1000
2012/01/16,0,0,-5000,-5000
2012/01/17,0,0,0,0
2012/01/18,0,9000,-9000,0
2012/01/19,0,0,0,0
2012/01/20,0,0,0,0
2012/01/23,0,0,0,0
2012/01/24,0,0,0,0
2012/01/25,0,0,0,0
2012/01/26,0,0,0,0
2012/01/27,0,0,0,0
2012/01/30,0,2000,-10000,-8000
2012/01/31,0,2000,-9000,-7000
2012/02/01,0,1000,-14000,-13000
2012/02/02,0,1000,-16000,-15000
2012/02/03,0,32000,-5000,27000
2012/02/06,0,0,-13000,-13000
2012/02/07,0,1000,-32000,-31000
2012/02/08,0,7000,-4000,3000
2012/02/09,0,180000,-7000,173000
2012/02/10,0,0,-4000,-4000
2012/02/13,0,7000,0,7000
2012/02/14,0,47000,-130000,-83000
2012/02/15,0,74000,-60000,14000
2012/02/16,0,5000,-69000,-64000
2012/02/17,0,6000,-24000,-18000
2012/02/20,0,0,-10000,-10000
2012/02/21,0,1000,-7000,-6000
2012/02/22,0,4000,0,4000
2012/02/23,0,6000,-5000,1000
2012/02/24,0,0,-39000,-39000
2012/02/27,0,0,0,0
2012/02/28,0,0,0,0
2012/02/29,0,0,0,0
2012/03/01,0,16000,0,16000
2012/03/02,0,0,-1000,-1000
2012/03/05,0,0,-5000,-5000
2012/03/06,0,7000,0,7000
2012/03/07,0,0,-8000,-8000
2012/03/08,0,1000,-22000,-21000
2012/03/09,0,2000,-7000,-5000
2012/03/12,0,1000,-1000,0
2012/03/13,0,12000,0,12000
2012/03/14,0,15000,0,15000
2012/03/15,0,1000,-1000,0
2012/03/16,0,0,0,0
2012/03/19,0,0,-9000,-9000
2012/03/20,0,1000,-10000,-9000
2012/03/21,0,4000,0,4000
2012/03/22,0,3000,-3000,0
2012/03/23,0,51000,-1000,50000
2012/03/26,0,30000,-10000,20000
2012/03/27,0,0,-32000,-32000
2012/03/28,0,0,-1000,-1000
2012/03/29,0,4000,-534,3466
2012/03/30,0,0,0,0
2012/04/02,0,0,-53000,-53000
2012/04/03,0,4000,0,4000
2012/04/04,0,0,0,0
2012/04/05,0,14000,-3000,11000
2012/04/06,0,8000,-4000,4000
2012/04/09,0,0,0,0
2012/04/10,0,0,0,0
2012/04/11,0,0,-2000,-2000
2012/04/12,0,0,0,0
2012/04/13,0,0,0,0
2012/04/16,0,0,0,0
2012/04/17,0,4000,0,4000
2012/04/18,0,0,-4000,-4000
2012/04/19,0,0,0,0
2012/04/20,0,11000,0,11000
2012/04/23,0,1000,0,1000
2012/04/24,0,0,-1000,-1000
2012/04/25,0,1000,-1000,0
2012/04/26,0,0,-6000,-6000
2012/04/27,0,0,-79,-79
2012/04/30,0,0,-5000,-5000
2012/05/01,0,0,0,0
2012/05/02,0,0,0,0
2012/05/03,0,0,0,0
2012/05/04,0,0,0,0
2012/05/07,0,0,0,0
2012/05/08,0,0,-3000,-3000
2012/05/09,0,6000,-938,5062
2012/05/10,0,10000,-2000,8000
2012/05/11,0,0,-3000,-3000
2012/05/14,0,0,-1000,-1000
2012/05/15,0,21000,0,21000
2012/05/16,0,0,-8000,-8000
2012/05/17,0,4000,-13000,-9000
2012/05/18,0,7000,0,7000
2012/05/21,0,0,0,0
2012/05/22,0,4000,-3000,1000
2012/05/23,0,3000,-4000,-1000
2012/05/24,0,4000,-4000,0
2012/05/25,0,10000,-6000,4000
2012/05/28,0,5000,0,5000
2012/05/29,0,1000,0,1000
2012/05/30,0,0,-1000,-1000
2012/05/31,0,4000,-5000,-1000
2012/06/01,0,17000,0,17000
2012/06/04,0,9000,0,9000
2012/06/05,0,4000,-2000,2000
2012/06/06,0,0,0,0
2012/06/07,0,0,-3000,-3000
2012/06/08,0,7000,-9202,-2202
2012/06/11,0,0,-1000,-1000
2012/06/12,0,4000,0,4000
2012/06/13,0,8000,-3000,5000
2012/06/14,0,2000,0,2000
2012/06/15,0,41000,0,41000
2012/06/18,0,0,-33000,-33000
2012/06/19,0,2000,-4000,-2000
2012/06/20,0,4000,0,4000
2012/06/21,0,0,0,0
2012/06/22,0,0,-7000,-7000
2012/06/25,0,5000,-17000,-12000
2012/06/26,0,0,-1000,-1000
2012/06/27,0,4000,0,4000
2012/06/28,0,0,0,0
2012/06/29,0,20000,0,20000
2012/07/02,0,16000,-1000,15000
2012/07/03,0,79000,0,79000
2012/07/04,0,161000,0,161000
2012/07/05,0,1000,-49000,-48000
2012/07/06,0,3000,-55000,-52000
2012/07/09,0,0,-8000,-8000
2012/07/10,0,0,-132000,-132000
2012/07/11,0,0,-4000,-4000
2012/07/12,0,0,-5000,-5000
2012/07/13,0,4000,0,4000
2012/07/16,0,0,0,0
2012/07/17,0,0,-28000,-28000
2012/07/18,0,0,0,0
2012/07/19,0,0,0,0
2012/07/20,0,0,-5000,-5000
2012/07/23,0,0,0,0
2012/07/24,0,8000,0,8000
2012/07/25,0,0,0,0
2012/07/26,0,0,0,0
2012/07/27,0,4000,0,4000
2012/07/30,0,0,0,0
2012/07/31,0,0,0,0
2012/08/01,0,0,-4000,-4000
2012/08/02,0,0,0,0
2012/08/03,0,0,0,0
2012/08/06,0,0,0,0
2012/08/07,0,0,-1000,-1000
2012/08/08,0,1000,0,1000
2012/08/09,0,6000,0,6000
2012/08/10,0,15000,0,15000
2012/08/13,0,50000,-4000,46000
2012/08/14,0,67000,0,67000
2012/08/15,0,20000,-4000,16000
2012/08/16,0,40000,0,40000
2012/08/17,0,18000,-4000,14000
2012/08/20,0,0,-70000,-70000
2012/08/21,0,3000,-90000,-87000
2012/08/22,0,0,0,0
2012/08/23,0,1000,0,1000
2012/08/24,0,4000,0,4000
2012/08/27,0,0,-2000,-2000
2012/08/28,0,0,-5000,-5000
2012/08/29,0,0,0,0
2012/08/30,0,7000,-12000,-5000
2012/08/31,0,2000,-1191,809
2012/09/03,0,0,-417,-417
2012/09/04,0,0,-3000,-3000
2012/09/05,0,0,-1000,-1000
2012/09/06,0,8000,-3000,5000
2012/09/07,0,4000,0,4000
2012/09/10,0,0,0,0
2012/09/11,0,0,0,0
2012/09/12,0,9000,-1000,8000
2012/09/13,0,3000,0,3000
2012/09/14,0,4000,-5000,-1000
2012/09/17,0,0,-2000,-2000
2012/09/18,0,8000,0,8000
2012/09/19,0,3000,0,3000
2012/09/20,0,8000,-5000,3000
2012/09/21,0,0,0,0
2012/09/24,0,1000,-5000,-4000
2012/09/25,0,0,0,0
2012/09/26,0,0,0,0
2012/09/27,0,4000,0,4000
2012/09/28,0,0,0,0
2012/10/01,0,0,0,0
2012/10/02,0,1000,0,1000
2012/10/03,0,0,0,0
2012/10/04,0,2000,0,2000
2012/10/05,0,0,-2000,-2000
2012/10/08,0,0,-11000,-11000
2012/10/09,0,0,0,0
2012/10/10,0,0,0,0
2012/10/11,0,8000,-2000,6000
2012/10/12,0,0,-11000,-11000
2012/10/15,0,7000,-6000,1000
2012/10/16,0,0,-6000,-6000
2012/10/17,0,0,-1000,-1000
2012/10/18,0,0,-4000,-4000
2012/10/19,0,0,-6000,-6000
2012/10/22,0,0,-4000,-4000
2012/10/23,0,0,-9000,-9000
2012/10/24,0,0,0,0
2012/10/25,0,0,0,0
2012/10/26,0,0,0,0
2012/10/29,0,0,-8000,-8000
2012/10/30,0,0,-5000,-5000
2012/10/31,0,8000,-1000,7000
2012/11/01,0,0,0,0
2012/11/02,0,0,0,0
2012/11/05,0,6000,0,6000
2012/11/06,0,0,0,0
2012/11/07,0,0,-1000,-1000
2012/11/08,0,7000,0,7000
2012/11/09,0,0,0,0
2012/11/12,0,0,0,0
2012/11/13,0,0,-1000,-1000
2012/11/14,0,0,-1000,-1000
2012/11/15,0,0,0,0
2012/11/16,0,7000,-3000,4000
2012/11/19,0,1000,0,1000
2012/11/20,0,0,-1000,-1000
2012/11/21,0,0,-4000,-4000
2012/11/22,0,0,0,0
2012/11/23,0,0,0,0
2012/11/26,0,4000,0,4000
2012/11/27,0,2000,0,2000
2012/11/28,0,1000,0,1000
2012/11/29,0,5000,0,5000
2012/11/30,0,2000,-3000,-1000
2012/12/03,0,3000,-4000,-1000
2012/12/04,0,5000,0,5000
2012/12/05,0,10000,0,10000
2012/12/06,0,4000,0,4000
2012/12/07,0,5000,0,5000
2012/12/10,0,0,0,0
2012/12/11,0,13000,0,13000
2012/12/12,0,15000,0,15000
2012/12/13,0,13000,0,13000
2012/12/14,0,15000,-1000,14000
2012/12/17,0,11000,0,11000
2012/12/18,0,35000,0,35000
2012/12/19,0,33000,0,33000
2012/12/20,0,33000,-6000,27000
2012/12/21,0,24000,-7000,17000
2012/12/24,0,28000,-2000,26000
2012/12/25,0,3000,0,3000
2012/12/26,0,0,0,0
2012/12/27,0,0,-2000,-2000
2012/12/28,0,0,0,0
2012/12/31,0,0,0,0
2013/01/01,0,0,0,0
2013/01/02,0,0,0,0
2013/01/03,0,0,-1000,-1000
2013/01/04,0,0,-3000,-3000
2013/01/07,0,0,-2000,-2000
2013/01/08,0,0,-2000,-2000
2013/01/09,0,0,0,0
2013/01/10,0,1000,0,1000
2013/01/11,0,0,0,0
2013/01/14,0,0,-3000,-3000
2013/01/15,0,0,-4000,-4000
2013/01/16,0,0,-8000,-8000
2013/01/17,0,0,-1000,-1000
2013/01/18,0,0,-1000,-1000
2013/01/21,0,0,-1000,-1000
2013/01/22,0,0,-1000,-1000
2013/01/23,0,0,0,0
2013/01/24,0,1000,-3000,-2000
2013/01/25,0,0,-3000,-3000
2013/01/28,0,0,0,0
2013/01/29,0,4000,-59000,-55000
2013/01/30,0,4000,-51000,-47000
2013/01/31,0,0,-60000,-60000
2013/02/01,0,0,-36000,-36000
2013/02/04,0,0,0,0
2013/02/05,0,0,0,0
2013/02/06,0,0,0,0
2013/02/07,0,0,0,0
2013/02/08,0,0,0,0
2013/02/11,0,0,0,0
2013/02/12,0,0,0,0
2013/02/13,0,0,0,0
2013/02/14,0,0,0,0
2013/02/15,0,0,0,0
2013/02/18,0,1000,0,1000
2013/02/19,0,0,-5000,-5000
2013/02/20,0,0,0,0
2013/02/21,0,1000,0,1000
2013/02/22,0,0,-6000,-6000
2013/02/25,0,0,0,0
2013/02/26,0,0,0,0
2013/02/27,0,0,0,0
2013/02/28,0,0,0,0
2013/03/01,0,0,-1000,-1000
2013/03/04,0,0,0,0
2013/03/05,0,46000,-1000,45000
2013/03/06,0,40000,0,40000
2013/03/07,0,162000,0,162000
2013/03/08,0,40000,-143000,-103000
2013/03/11,0,38000,0,38000
2013/03/12,0,0,-86000,-86000
2013/03/13,0,1000,-89000,-88000
2013/03/14,0,0,-27000,-27000
2013/03/15,0,28000,-5000,23000
2013/03/18,0,0,-6000,-6000
2013/03/19,0,2000,0,2000
2013/03/20,0,0,-24000,-24000
2013/03/21,0,0,0,0
2013/03/22,0,50000,0,50000
2013/03/25,0,9000,0,9000
2013/03/26,0,0,0,0
2013/03/27,0,0,0,0
2013/03/28,0,26000,0,26000
2013/03/29,0,40000,0,40000
2013/04/01,0,52000,-3000,49000
2013/04/02,0,12000,0,12000
2013/04/03,0,42000,-228,41772
2013/04/04,0,0,0,0
2013/04/05,0,0,0,0
2013/04/08,0,82000,-5000,77000
2013/04/09,0,63000,-25000,38000
2013/04/10,0,39000,-91000,-52000
2013/04/11,0,34000,-33000,1000
2013/04/12,0,11000,0,11000
2013/04/15,0,11000,-11000,0
2013/04/16,0,15000,-29000,-14000
2013/04/17,0,55000,-53000,2000
2013/04/18,0,12000,-6000,6000
2013/04/19,0,12000,-5000,7000
2013/04/22,0,46000,-1000,45000
2013/04/23,0,42000,-6000,36000
2013/04/24,0,13000,-4000,9000
2013/04/25,0,27000,-1000,26000
2013/04/26,0,12000,-166000,-154000
2013/04/29,0,12000,-40000,-28000
2013/04/30,0,13000,0,13000
2013/05/01,0,0,0,0
2013/05/02,0,12000,0,12000
2013/05/03,0,372000,0,372000
2013/05/06,0,58000,0,58000
2013/05/07,0,18000,0,18000
2013/05/08,0,54000,0,54000
2013/05/09,0,22000,0,22000
2013/05/10,0,15000,-3000,12000
2013/05/13,0,12000,0,12000
2013/05/14,0,18000,0,18000
2013/05/15,0,59000,-2000,57000
2013/05/16,0,21000,-10000,11000
2013/05/17,0,3000,-9000,-6000
2013/05/20,0,0,0,0
2013/05/21,0,5000,-1000,4000
2013/05/22,0,0,0,0
2013/05/23,0,0,-6000,-6000
2013/05/24,0,4000,-19000,-15000
2013/05/27,0,11000,0,11000
2013/05/28,0,10000,-1000,9000
2013/05/29,0,0,-20000,-20000
2013/05/30,0,0,-9000,-9000
2013/05/31,0,3000,-3000,0
2013/06/03,0,0,0,0
2013/06/04,0,5000,-517000,-512000
2013/06/05,0,16000,-8000,8000
2013/06/06,0,0,-23000,-23000
2013/06/07,0,3000,-3000,0
2013/06/10,0,1000,0,1000
2013/06/11,0,0,-1000,-1000
2013/06/12,0,0,0,0
2013/06/13,0,0,-1000,-1000
2013/06/14,0,21000,0,21000
2013/06/17,0,6000,0,6000
2013/06/18,0,0,0,0
2013/06/19,0,10000,0,10000
2013/06/20,0,0,0,0
2013/06/21,0,20000,0,20000
2013/06/24,0,0,-3000,-3000
2013/06/25,0,2000,0,2000
2013/06/26,0,0,-4000,-4000
2013/06/27,0,26000,-4000,22000
2013/06/28,0,0,-13000,-13000
2013/07/01,0,0,-11000,-11000
2013/07/02,0,3000,-1025,1975
2013/07/03,0,11000,0,11000
2013/07/04,0,7000,0,7000
2013/07/05,0,10000,0,10000
2013/07/08,0,1000,-10000,-9000
2013/07/09,0,2000,0,2000
2013/07/10,0,10000,-1000,9000
2013/07/11,0,9000,0,9000
2013/07/12,0,0,0,0
2013/07/15,0,4000,-6000,-2000
2013/07/16,0,5000,-2000,3000
2013/07/17,0,0,-8000,-8000
2013/07/18,0,4000,-3000,1000
2013/07/19,0,8000,-3000,5000
2013/07/22,0,3000,0,3000
2013/07/23,0,34000,0,34000
2013/07/24,0,0,-3000,-3000
2013/07/25,0,7000,0,7000
2013/07/26,0,1000,-1000,0
2013/07/29,0,5000,-21000,-16000
2013/07/30,0,1000,-4000,-3000
2013/07/31,0,3000,0,3000
2013/08/01,0,0,-3000,-3000
2013/08/02,0,2000,0,2000
2013/08/05,0,0,-1000,-1000
2013/08/06,0,0,-5000,-5000
2013/08/07,0,0,-11000,-11000
2013/08/08,0,0,-14000,-14000
2013/08/09,0,1000,-4000,-3000
2013/08/12,0,0,-1000,-1000
2013/08/13,0,0,0,0
2013/08/14,0,0,-15000,-15000
2013/08/15,0,0,-9000,-9000
2013/08/16,0,0,-7000,-7000
2013/08/19,0,3000,-7000,-4000
2013/08/20,0,0,0,0
2013/08/21,0,0,0,0
2013/08/22,0,0,-12000,-12000
2013/08/23,0,0,0,0
2013/08/26,0,0,0,0
2013/08/27,0,0,-9000,-9000
2013/08/28,0,0,0,0
2013/08/29,0,0,0,0
2013/08/30,0,0,-3000,-3000
2013/09/02,0,4000,0,4000
2013/09/03,0,3000,0,3000
2013/09/04,0,0,0,0
2013/09/05,0,8000,-2000,6000
2013/09/06,0,0,0,0
2013/09/09,0,0,0,0
2013/09/10,0,0,0,0
2013/09/11,0,0,0,0
2013/09/12,0,0,-1000,-1000
2013/09/13,0,0,0,0
2013/09/16,0,0,0,0
2013/09/17,0,0,0,0
2013/09/18,0,2000,-10000,-8000
2013/09/19,0,0,0,0
2013/09/20,0,0,0,0
2013/09/23,0,1000,-16000,-15000
2013/09/24,0,0,0,0
2013/09/25,0,8000,0,8000
2013/09/26,0,26000,0,26000
2013/09/27,0,26000,-9000,17000
2013/09/30,0,39000,-3000,36000
2013/10/01,0,0,-1000,-1000
2013/10/02,0,6000,0,6000
2013/10/03,0,7000,0,7000
2013/10/04,0,6000,-1000,5000
2013/10/07,0,16000,0,16000
2013/10/08,0,0,0,0
2013/10/09,0,31000,0,31000
2013/10/10,0,0,0,0
2013/10/11,0,21000,0,21000
2013/10/14,0,29000,0,29000
2013/10/15,0,20000,0,20000
2013/10/16,0,26000,-7000,19000
2013/10/17,0,6000,0,6000
2013/10/18,0,0,0,0
2013/10/21,0,20000,-5000,15000
2013/10/22,0,7000,0,7000
2013/10/23,0,0,-14000,-14000
2013/10/24,0,44000,-7000,37000
2013/10/25,0,48000,-10000,38000
2013/10/28,0,15000,0,15000
2013/10/29,0,14000,0,14000
2013/10/30,0,1000,0,1000
2013/10/31,0,6000,-5000,1000
2013/11/01,0,57000,0,57000
2013/11/04,0,32000,-1000,31000
2013/11/05,0,40000,-2000,38000
2013/11/06,0,25000,0,25000
2013/11/07,0,7000,-2000,5000
2013/11/08,0,37000,0,37000
2013/11/11,0,72000,0,72000
2013/11/12,0,59000,-26000,33000
2013/11/13,0,73000,0,73000
2013/11/14,0,30000,-5000,25000
2013/11/15,0,14000,-1000,13000
2013/11/18,0,31000,-1000,30000
2013/11/19,0,0,-18000,-18000
2013/11/20,0,20000,0,20000
2013/11/21,0,107000,-26000,81000
2013/11/22,0,31000,0,31000
2013/11/25,0,0,0,0
2013/11/26,0,13000,-2000,11000
2013/11/27,0,0,0,0
2013/11/28,0,6000,-26000,-20000
2013/11/29,0,2000,-25000,-23000
2013/12/02,0,1000,0,1000
2013/12/03,0,17000,0,17000
2013/12/04,0,0,0,0
2013/12/05,0,0,0,0
2013/12/06,0,8000,0,8000
2013/12/09,0,1000,-1000,0
2013/12/10,0,0,0,0
2013/12/11,0,7000,0,7000
2013/12/12,0,3000,-3000,0
2013/12/13,0,6000,-3000,3000
2013/12/16,0,0,0,0
2013/12/17,0,0,-1000,-1000
2013/12/18,0,0,-5000,-5000
2013/12/19,0,0,0,0
2013/12/20,0,0,0,0
2013/12/23,0,0,0,0
2013/12/24,0,0,0,0
2013/12/25,0,0,-1000,-1000
2013/12/26,0,1000,0,1000
2013/12/27,0,0,0,0
2013/12/30,0,0,0,0
2013/12/31,0,14000,-381000,-367000
2014/01/02,0,0,-6000,-6000
2014/01/03,0,0,0,0
2014/01/06,0,6000,0,6000
2014/01/07,0,6000,0,6000
2014/01/08,0,6000,0,6000
2014/01/09,0,17000,-11000,6000
2014/01/10,0,0,-7000,-7000
2014/01/13,0,0,-19000,-19000
2014/01/14,0,36000,-1000,35000
2014/01/15,0,0,-27000,-27000
2014/01/16,0,2,-13000,-12998
2014/01/17,0,0,-7000,-7000
2014/01/20,0,9000,-19000,-10000
2014/01/21,0,0,-7000,-7000
2014/01/22,0,0,0,0
2014/01/23,0,0,-14000,-14000
2014/01/24,0,0,0,0
2014/01/27,0,20000,0,20000
2014/02/05,0,85000,-3000,82000
2014/02/06,0,39000,0,39000
2014/02/07,0,7000,0,7000
2014/02/10,0,0,-2000,-2000
2014/02/11,0,0,-2000,-2000
2014/02/12,0,0,-1000,-1000
2014/02/13,0,0,-5000,-5000
2014/02/14,0,0,-6000,-6000
2014/02/17,0,0,0,0
2014/02/18,0,18000,-18000,0
2014/02/19,0,2000,-5000,-3000
2014/02/20,0,0,-2000,-2000
2014/02/21,0,1000,-9000,-8000
2014/02/24,0,0,0,0
2014/02/25,0,0,-7000,-7000
2014/02/26,0,0,0,0
2014/02/27,0,0,-20000,-20000
2014/03/03,0,0,-7000,-7000
2014/03/04,0,11000,0,11000
2014/03/05,0,0,-11000,-11000
2014/03/06,0,0,-18000,-18000
2014/03/07,0,0,-27000,-27000
2014/03/10,0,11000,-11000,0
2014/03/11,0,3000,-1000,2000
2014/03/12,0,0,0,0
2014/03/13,0,0,-7000,-7000
2014/03/14,0,2000,0,2000
2014/03/17,0,0,0,0
2014/03/18,0,0,-32000,-32000
2014/03/19,0,13000,0,13000
2014/03/20,0,61000,-2000,59000
2014/03/21,0,39000,-19000,20000
2014/03/24,0,24000,-2000,22000
2014/03/25,0,0,-17000,-17000
2014/03/26,0,0,-28000,-28000
2014/03/27,0,0,-7000,-7000
2014/03/28,0,4000,-25000,-21000
2014/03/31,0,0,-39000,-39000
2014/04/01,0,35000,-16000,19000
2014/04/02,0,0,-19000,-19000
2014/04/03,0,17000,-1000,16000
2014/04/07,0,0,0,0
2014/04/08,0,0,-13000,-13000
2014/04/09,0,0,-12000,-12000
2014/04/10,0,0,-25000,-25000
2014/04/11,0,8000,0,8000
2014/04/14,0,0,-9000,-9000
2014/04/15,0,23000,-39000,-16000
2014/04/16,0,10000,-65000,-55000
2014/04/17,0,10000,-23000,-13000
2014/04/18,0,30000,-1000,29000
2014/04/21,0,10000,-7000,3000
2014/04/22,0,113000,-5000,108000
2014/04/23,0,41000,-4000,37000
2014/04/24,0,40000,-2000,38000
2014/04/25,0,38000,-82000,-44000
2014/04/28,0,16000,0,16000
2014/04/29,0,17000,-3000,14000
2014/04/30,0,10000,-6000,4000
2014/05/02,0,17000,-8000,9000
2014/05/05,0,18000,-15000,3000
2014/05/06,0,21000,-9000,12000
2014/05/07,0,13000,-8486,4514
2014/05/08,0,0,-1551,-1551
2014/05/09,0,95000,-9000,86000
2014/05/12,0,121000,-12000,109000
2014/05/13,0,538000,-1000,537000
2014/05/14,0,60000,0,60000
2014/05/15,0,30000,0,30000
2014/05/16,0,31000,-95000,-64000
2014/05/19,0,33000,-29000,4000
2014/05/20,0,12000,-82000,-70000
2014/05/21,0,32000,-20000,12000
2014/05/22,0,12000,-12000,0
2014/05/23,0,25000,-88000,-63000
2014/05/26,0,12000,-93000,-81000
2014/05/27,0,18000,-28000,-10000
2014/05/28,0,51000,-1000,50000
2014/05/29,0,16000,-14000,2000
2014/05/30,0,55000,-7000,48000
2014/06/03,0,35000,-6000,29000
2014/06/04,0,10000,-8000,2000
2014/06/05,0,165000,-14000,151000
2014/06/06,0,64000,-105000,-41000
2014/06/09,0,25000,-134000,-109000
2014/06/10,0,88000,0,88000
2014/06/11,0,12000,-100000,-88000
2014/06/12,0,46000,-5000,41000
2014/06/13,0,0,0,0
2014/06/16,0,50000,-19000,31000
2014/06/17,0,0,0,0
2014/06/18,0,95000,-32000,63000
2014/06/19,0,45000,-69000,-24000
2014/06/20,0,0,-91000,-91000
2014/06/23,0,3000,-100000,-97000
2014/06/24,0,28000,0,28000
2014/06/25,0,0,0,0
2014/06/26,0,4000,-88000,-84000
2014/06/27,0,21000,0,21000
2014/06/30,0,2000,-22000,-20000
2014/07/01,0,4000,-6000,-2000
2014/07/02,0,6000,-155000,-149000
2014/07/03,0,0,-141000,-141000
2014/07/04,0,0,-62000,-62000
2014/07/07,0,0,-12000,-12000
2014/07/08,0,70000,0,70000
2014/07/09,0,0,-28000,-28000
2014/07/10,0,4000,0,4000
2014/07/11,0,16000,0,16000
2014/07/14,0,0,-5000,-5000
2014/07/15,0,0,-15000,-15000
2014/07/16,0,0,-24000,-24000
2014/07/17,0,6000,0,6000
2014/07/18,0,46000,-5000,41000
2014/07/21,0,5000,0,5000
2014/07/22,0,0,-9000,-9000
2014/07/23,0,0,0,0
2014/07/24,0,3000,-38000,-35000
2014/07/25,0,0,0,0
2014/07/28,0,5000,0,5000
2014/07/29,0,12000,-3000,9000
2014/07/30,0,0,-78000,-78000
2014/07/31,0,6000,-1000,5000
2014/08/01,0,7000,0,7000
2014/08/04,0,0,-6000,-6000
2014/08/05,0,0,-8000,-8000
2014/08/06,0,23000,-8000,15000
2014/08/07,0,0,-25000,-25000
2014/08/08,0,0,-6000,-6000
2014/08/11,0,0,0,0
2014/08/12,0,0,-3000,-3000
2014/08/13,0,0,-1000,-1000
2014/08/14,0,0,-21000,-21000
2014/08/15,0,0,-4000,-4000
2014/08/18,0,0,-5000,-5000
2014/08/19,0,0,-2000,-2000
2014/08/20,0,0,-6000,-6000
2014/08/21,0,0,0,0
2014/08/22,0,1000,-10000,-9000
2014/08/25,0,0,-5000,-5000
2014/08/26,0,0,0,0
2014/08/27,0,0,-4000,-4000
2014/08/28,0,0,-19000,-19000
2014/08/29,0,0,-8000,-8000
2014/09/01,0,2000,0,2000
2014/09/02,0,0,0,0
2014/09/03,0,0,0,0
2014/09/04,0,5000,-3000,2000
2014/09/05,0,13000,0,13000
2014/09/09,0,1000,0,1000
2014/09/10,0,10000,-6000,4000
2014/09/11,0,6000,0,6000
2014/09/12,0,31000,-1000,30000
2014/09/15,0,14000,-2000,12000
2014/09/16,0,22000,-4000,18000
2014/09/17,0,15000,-11000,4000
2014/09/18,0,16000,0,16000
2014/09/19,0,10000,-68,9932
2014/09/22,0,15000,-6000,9000
2014/09/23,0,45000,0,45000
2014/09/24,0,6000,0,6000
2014/09/25,0,28000,-8000,20000
2014/09/26,0,5000,-14000,-9000
2014/09/29,0,10000,0,10000
2014/09/30,0,19000,0,19000
2014/10/01,0,2000,-1000,1000
2014/10/02,0,7000,0,7000
2014/10/03,0,0,-3000,-3000
2014/10/06,0,2000,-1000,1000
2014/10/07,0,4000,-4000,0
2014/10/08,0,0,0,0
2014/10/09,0,11000,-5000,6000
2014/10/13,0,36000,0,36000
2014/10/14,0,23000,0,23000
2014/10/15,0,36000,-2000,34000
2014/10/16,0,44000,0,44000
2014/10/17,0,28000,-4000,24000
2014/10/20,0,0,0,0
2014/10/21,0,21000,0,21000
2014/10/22,0,12000,0,12000
2014/10/23,0,18000,0,18000
2014/10/24,0,61000,0,61000
2014/10/27,0,18000,0,18000
2014/10/28,0,5000,0,5000
2014/10/29,0,0,0,0
2014/10/30,0,0,0,0
2014/10/31,0,4000,0,4000
2014/11/03,0,16000,0,16000
2014/11/04,0,0,0,0
2014/11/05,0,7000,0,7000
2014/11/06,0,4000,-155000,-151000
2014/11/07,0,4000,-172000,-168000
2014/11/10,0,2000,0,2000
2014/11/11,0,2000,0,2000
2014/11/12,0,12000,0,12000
2014/11/13,0,8000,0,8000
2014/11/14,0,5000,-3000,2000
2014/11/17,0,8000,0,8000
2014/11/18,0,19000,-16000,3000
2014/11/19,0,0,0,0
2014/11/20,0,1000,0,1000
2014/11/21,0,0,0,0
2014/11/24,0,5000,-1000,4000
2014/11/25,0,6000,-9000,-3000
2014/11/26,0,5000,-1295,3705
2014/11/27,0,3000,0,3000
2014/11/28,0,3000,0,3000
2014/12/01,0,7000,0,7000
2014/12/02,0,0,-1000,-1000
2014/12/03,0,0,-6000,-6000
2014/12/04,0,0,-15000,-15000
2014/12/05,0,0,-15000,-15000
2014/12/08,0,0,0,0
2014/12/09,0,0,0,0
2014/12/10,0,0,0,0
2014/12/11,0,0,0,0
2014/12/12,0,1000,-1000,0
2014/12/15,0,4000,-5000,-1000
2014/12/16,0,9000,-4000,5000
2014/12/17,0,6000,0,6000
2014/12/18,0,10000,-2000,8000
2014/12/19,0,0,-12000,-12000
2014/12/22,0,0,-1000,-1000
2014/12/23,0,1000,-1000,0
2014/12/24,0,0,0,0
2014/12/25,0,0,-5000,-5000
2014/12/26,0,0,0,0
2014/12/29,0,0,-17000,-17000
2014/12/30,0,1000,-9000,-8000
2014/12/31,0,2000,-1000,1000
2015/01/01,0,0,0,0
2015/01/02,0,0,0,0
2015/01/05,0,0,-1000,-1000
2015/01/06,0,0,0,0
2015/01/07,0,0,0,0
2015/01/08,0,0,-1000,-1000
2015/01/09,0,2000,0,2000
2015/01/12,0,0,-5000,-5000
2015/01/13,0,0,-4000,-4000
2015/01/14,0,10000,-5000,5000
2015/01/15,0,0,0,0
2015/01/16,0,0,-1000,-1000
2015/01/19,0,0,0,0
2015/01/20,0,0,-16000,-16000
2015/01/21,0,0,-5053,-5053
2015/01/22,0,1000,-20000,-19000
2015/01/23,0,38000,-35000,3000
2015/01/26,0,0,-5000,-5000
2015/01/27,0,0,-8000,-8000
2015/01/28,0,4000,-18000,-14000
2015/01/29,0,1000,0,1000
2015/01/30,0,18000,0,18000
2015/02/02,0,1000,0,1000
2015/02/03,0,0,0,0
2015/02/04,0,0,-4230,-4230
2015/02/05,0,0,-19230,-19230
2015/02/06,0,0,-1000,-1000
2015/02/09,0,0,0,0
2015/02/10,0,12000,0,12000
2015/02/11,0,0,0,0
2015/02/12,0,0,-1000,-1000
2015/02/13,0,1000,-16000,-15000
2015/02/16,0,0,0,0
2015/02/17,0,0,0,0
2015/02/18,0,0,0,0
2015/02/19,0,0,0,0
2015/02/20,0,0,0,0
2015/02/23,0,0,0,0
2015/02/24,0,0,-19000,-19000
2015/02/25,0,0,-10153,-10153
2015/02/26,0,10000,-5000,5000
2015/02/27,0,0,0,0
2015/03/02,0,23000,0,23000
2015/03/03,0,32000,-5000,27000
2015/03/04,0,10000,-9000,1000
2015/03/05,0,23000,-6575,16425
2015/03/06,0,11000,-10000,1000
2015/03/09,0,32000,-4000,28000
2015/03/10,0,55000,-14000,41000
2015/03/11,0,11000,-1000,10000
2015/03/12,0,26000,0,26000
2015/03/13,0,15000,-4000,11000
2015/03/16,0,46000,-10000,36000
2015/03/17,0,27000,-153,26847
2015/03/18,0,13000,-8000,5000
2015/03/19,0,120000,-5000,115000
2015/03/20,0,10000,-5000,5000
2015/03/23,0,11000,-443,10557
2015/03/24,0,13000,-1000,12000
2015/03/25,0,129000,-30000,99000
2015/03/26,0,24000,-1000,23000
2015/03/27,0,10000,0,10000
2015/03/30,0,26000,0,26000
2015/03/31,0,9000,0,9000
2015/04/01,0,17000,-8000,9000
2015/04/02,0,22000,0,22000
2015/04/03,0,0,0,0
2015/04/06,0,0,0,0
2015/04/07,0,9000,0,9000
2015/04/08,0,422000,-1000,421000
2015/04/09,0,261000,-210000,51000
2015/04/10,0,22000,-193000,-171000
2015/04/13,0,17000,0,17000
2015/04/14,0,141000,-55000,86000
2015/04/15,0,30000,-24000,6000
2015/04/16,0,18000,-28000,-10000
2015/04/17,0,87000,-26000,61000
2015/04/20,0,26000,-41000,-15000
2015/04/21,0,20000,-142000,-122000
2015/04/22,0,21000,-112000,-91000
2015/04/23,0,42000,-14000,28000
2015/04/24,0,132000,-127000,5000
2015/04/27,0,11000,0,11000
2015/04/28,0,13000,-18000,-5000
2015/04/29,0,47000,0,47000
2015/04/30,0,68000,0,68000
2015/05/01,0,0,0,0
2015/05/04,0,54000,-2000,52000
2015/05/05,0,22000,-16000,6000
2015/05/06,0,24000,-5000,19000
2015/05/07,0,42000,-81000,-39000
2015/05/08,0,30000,-20000,10000
2015/05/11,0,13000,0,13000
2015/05/12,0,23000,-3000,20000
2015/05/13,0,12000,-105000,-93000
2015/05/14,0,21000,-4000,17000
2015/05/15,0,20000,-14000,6000
2015/05/18,0,11000,-2000,9000
2015/05/19,0,38000,-31000,7000
2015/05/20,0,22000,-18000,4000
2015/05/21,0,23000,-33000,-10000
2015/05/22,0,27000,-2000,25000
2015/05/25,0,21000,-31000,-10000
2015/05/26,0,20000,0,20000
2015/05/27,0,108000,0,108000
2015/05/28,0,9000,-2000,7000
2015/05/29,0,8000,-9000,-1000
2015/06/01,0,14000,0,14000
2015/06/02,0,10000,-1000,9000
2015/06/03,0,63000,-16000,47000
2015/06/04,0,15000,-101000,-86000
2015/06/05,0,9000,-4000,5000
2015/06/08,0,14000,-36000,-22000
2015/06/09,0,16000,-13000,3000
2015/06/10,0,9000,-10000,-1000
2015/06/11,0,10000,-871,9129
2015/06/12,0,9000,0,9000
2015/06/15,0,7000,0,7000
2015/06/16,0,9000,0,9000
2015/06/17,0,8000,-1000,7000
2015/06/18,0,9000,0,9000
2015/06/19,0,0,0,0
2015/06/22,0,8000,0,8000
2015/06/23,0,19000,0,19000
2015/06/24,0,9000,0,9000
2015/06/25,0,14000,0,14000
2015/06/26,0,10000,0,10000
2015/06/29,0,13000,-12000,1000
2015/06/30,0,13000,-15000,-2000
2015/07/01,0,10000,-1000,9000
2015/07/02,0,39000,-57000,-18000
2015/07/03,0,30000,-4000,26000
2015/07/06,0,27000,0,27000
2015/07/07,0,6000,0,6000
2015/07/08,0,3000,-33000,-30000
2015/07/09,0,6000,-58000,-52000
2015/07/10,0,0,0,0
2015/07/13,0,1000,-18000,-17000
2015/07/14,0,0,-4000,-4000
2015/07/15,0,2000,-24000,-22000
2015/07/16,0,0,0,0
2015/07/17,0,0,0,0
2015/07/20,0,2000,-1000,1000
2015/07/21,0,0,0,0
2015/07/22,0,29000,-23000,6000
2015/07/23,0,3000,-7000,-4000
2015/07/24,0,0,0,0
2015/07/27,0,31000,-5000,26000
2015/07/28,0,34000,-1000,33000
2015/07/29,0,0,-30000,-30000
2015/07/30,0,0,-122000,-122000
2015/07/31,0,0,-316000,-316000
2015/08/03,0,0,-75000,-75000
2015/08/04,0,30000,-51000,-21000
2015/08/05,0,20000,-5000,15000
2015/08/06,0,4000,-2000,2000
2015/08/07,0,4000,-11000,-7000
2015/08/10,0,49000,-11000,38000
2015/08/11,0,0,-32000,-32000
2015/08/12,0,17000,0,17000
2015/08/13,0,1000,0,1000
2015/08/14,0,2000,-8000,-6000
2015/08/17,0,8000,-4000,4000
2015/08/18,0,0,-4000,-4000
2015/08/19,0,0,-12000,-12000
2015/08/20,0,0,-5000,-5000
2015/08/21,0,6000,-8000,-2000
2015/08/24,0,9000,-19000,-10000
2015/08/25,0,0,-7000,-7000
2015/08/26,0,0,-4000,-4000
2015/08/27,0,0,-13000,-13000
2015/08/28,0,0,-3000,-3000
2015/08/31,0,0,0,0
2015/09/01,0,0,0,0
2015/09/02,0,0,0,0
2015/09/03,0,0,-1000,-1000
2015/09/04,0,0,0,0
2015/09/07,0,12000,0,12000
2015/09/08,0,0,-1000,-1000
2015/09/09,0,0,0,0
2015/09/10,0,0,0,0
2015/09/11,0,0,0,0
2015/09/14,0,0,0,0
2015/09/15,0,0,0,0
2015/09/16,0,0,0,0
2015/09/17,0,30000,-2000,28000
2015/09/18,0,3000,-28000,-25000
2015/09/21,0,0,-2000,-2000
2015/09/22,0,0,0,0
2015/09/23,0,19000,0,19000
2015/09/24,0,28000,0,28000
2015/09/25,0,17000,-1000,16000
2015/09/28,0,0,0,0
2015/09/29,0,0,0,0
2015/09/30,0,37000,-2000,35000
2015/10/01,0,2000,-12000,-10000
2015/10/02,0,4000,0,4000
2015/10/05,0,0,-1000,-1000
2015/10/06,0,0,-1000,-1000
2015/10/07,0,5000,-3000,2000
2015/10/08,0,0,-1000,-1000
2015/10/09,0,0,0,0
2015/10/12,0,0,0,0
2015/10/13,0,0,-18000,-18000
2015/10/14,0,0,-9000,-9000
2015/10/15,0,0,-19000,-19000
2015/10/16,0,0,-31000,-31000
2015/10/19,0,0,-5000,-5000
2015/10/20,0,0,-9000,-9000
2015/10/21,0,10000,0,10000
2015/10/22,0,11000,-18000,-7000
2015/10/23,0,14000,-9000,5000
2015/10/26,0,0,0,0
2015/10/27,0,3000,0,3000
2015/10/28,0,34000,0,34000
2015/10/29,0,25000,0,25000
2015/10/30,0,18000,0,18000
2015/11/02,0,19000,0,19000
2015/11/03,0,0,-1000,-1000
2015/11/04,0,7000,-7000,0
2015/11/05,0,0,-17000,-17000
2015/11/06,0,6000,-31000,-25000
2015/11/09,0,4000,-26000,-22000
2015/11/10,0,14000,-29000,-15000
2015/11/11,0,39000,-4000,35000
2015/11/12,0,39000,0,39000
2015/11/13,0,44000,-1000,43000
2015/11/16,0,21000,0,21000
2015/11/17,0,6000,0,6000
2015/11/18,0,8000,0,8000
2015/11/19,0,9000,-1000,8000
2015/11/20,0,0,0,0
2015/11/23,0,0,0,0
2015/11/24,0,5000,0,5000
2015/11/25,0,4000,0,4000
2015/11/26,0,9000,0,9000
2015/11/27,0,7000,0,7000
2015/11/30,0,114000,-19000,95000
2015/12/01,0,113000,0,113000
2015/12/02,0,0,0,0
2015/12/03,0,0,0,0
2015/12/04,0,5000,-4000,1000
2015/12/07,0,0,-5000,-5000
2015/12/08,0,10000,0,10000
2015/12/09,0,15000,0,15000
2015/12/10,0,1000,-4000,-3000
2015/12/11,0,7000,0,7000
2015/12/14,0,18000,0,18000
2015/12/15,0,4000,-1000,3000
2015/12/16,0,12000,0,12000
2015/12/17,0,1000,0,1000
2015/12/18,0,1000,-27000,-26000
2015/12/21,0,0,-37000,-37000
2015/12/22,0,0,0,0
2015/12/23,0,0,-8000,-8000
2015/12/24,0,0,0,0
2015/12/25,0,0,0,0
2015/12/28,0,49000,0,49000
2015/12/29,0,43000,-28000,15000
2015/12/30,0,35000,0,35000
2015/12/31,0,20000,0,20000
2016/01/01,0,0,0,0
2016/01/04,0,105000,-1000,104000
2016/01/05,0,15000,-1000,14000
2016/01/06,0,69000,-10000,59000
2016/01/07,0,69000,0,69000
2016/01/08,0,88000,0,88000
2016/01/11,0,75000,-22000,53000
2016/01/12,0,27000,0,27000
2016/01/13,0,42000,0,42000
2016/01/14,0,58000,-14000,44000
2016/01/15,0,70000,-12000,58000
2016/01/18,0,36000,0,36000
2016/01/19,0,10000,-1000,9000
2016/01/20,0,30000,-3000,27000
2016/01/21,0,29000,-2000,27000
2016/01/22,0,28000,0,28000
2016/01/25,0,0,-5000,-5000
2016/01/26,0,0,0,0
2016/01/27,0,0,-9000,-9000
2016/01/28,0,0,-4000,-4000
2016/01/29,0,0,-15000,-15000
2016/02/01,0,4000,-9000,-5000
2016/02/02,0,7000,-46000,-39000
2016/02/03,0,0,-19000,-19000
2016/02/04,0,0,0,0
2016/02/05,0,0,0,0
2016/02/08,0,0,0,0
2016/02/09,0,0,0,0
2016/02/10,0,0,0,0
2016/02/11,0,0,0,0
2016/02/12,0,0,0,0
2016/02/15,0,0,0,0
2016/02/16,0,14000,-34000,-20000
2016/02/17,0,6000,-36000,-30000
2016/02/18,0,0,-47000,-47000
2016/02/19,0,0,-13000,-13000
2016/02/22,0,4000,-18000,-14000
2016/02/23,0,0,-18000,-18000
2016/02/24,0,0,-11000,-11000
2016/02/25,0,0,-9000,-9000
2016/02/26,0,0,-32000,-32000
2016/02/29,0,0,0,0
2016/03/01,0,11000,-9000,2000
2016/03/02,0,0,-23000,-23000
2016/03/03,0,40000,-9000,31000
2016/03/04,0,4000,-9000,-5000
2016/03/07,0,10000,-30000,-20000
2016/03/08,0,30000,-13000,17000
2016/03/09,0,20000,-43000,-23000
2016/03/10,0,0,-4000,-4000
2016/03/11,0,0,-19000,-19000
2016/03/14,0,7000,0,7000
2016/03/15,0,0,-27000,-27000
2016/03/16,0,33000,-9000,24000
2016/03/17,0,1000,-10000,-9000
2016/03/18,0,0,-35000,-35000
2016/03/21,0,0,-2771,-2771
2016/03/22,0,0,-6000,-6000
2016/03/23,0,0,-3000,-3000
2016/03/24,0,0,-6000,-6000
2016/03/25,0,0,0,0
2016/03/28,0,4000,0,4000
2016/03/29,0,0,0,0
2016/03/30,0,1000,0,1000
2016/03/31,0,0,0,0
2016/04/01,0,7000,-17000,-10000
2016/04/04,0,0,0,0
2016/04/05,0,0,0,0
2016/04/06,0,0,-21000,-21000
2016/04/07,0,2000,-5000,-3000
2016/04/08,0,0,-13000,-13000
2016/04/11,0,0,-1000,-1000
2016/04/12,0,2000,-2000,0
2016/04/13,0,0,-1000,-1000
2016/04/14,0,0,-2000,-2000
2016/04/15,0,2000,-1000,1000
2016/04/18,0,0,-1000,-1000
2016/04/19,0,11000,-1000,10000
2016/04/20,0,4000,-1000,3000
2016/04/21,0,2000,0,2000
2016/04/22,0,0,-9000,-9000
2016/04/25,0,2000,0,2000
2016/04/26,0,2000,-2000,0
2016/04/27,0,0,0,0
2016/04/28,0,0,-3000,-3000
2016/04/29,0,0,0,0
2016/05/02,0,0,0,0
2016/05/03,0,3000,-2000,1000
2016/05/04,0,0,-5000,-5000
2016/05/05,0,0,0,0
2016/05/06,0,0,0,0
2016/05/09,0,0,0,0
2016/05/10,0,15000,-23000,-8000
2016/05/11,0,13000,0,13000
2016/05/12,0,10000,0,10000
2016/05/13,0,8000,-32000,-24000
2016/05/16,0,0,0,0
2016/05/17,0,0,0,0
2016/05/18,0,1000,0,1000
2016/05/19,0,0,-1000,-1000
2016/05/20,0,0,-1000,-1000
2016/05/23,0,23000,-8000,15000
2016/05/24,0,0,0,0
2016/05/25,0,0,0,0
2016/05/26,0,46000,0,46000
2016/05/27,0,6000,0,6000
2016/05/30,0,0,0,0
2016/05/31,0,0,-20000,-20000
2016/06/01,0,0,-10000,-10000
2016/06/02,0,0,0,0
2016/06/03,0,0,-4000,-4000
2016/06/06,0,0,-7000,-7000
2016/06/07,0,13000,0,13000
2016/06/08,0,0,0,0
2016/06/09,0,0,0,0
2016/06/10,0,0,0,0
2016/06/13,0,0,-1291,-1291
2016/06/14,0,1000,0,1000
2016/06/15,0,21000,-4000,17000
2016/06/16,0,34000,0,34000
2016/06/17,0,60000,0,60000
2016/06/20,0,19000,0,19000
2016/06/21,0,14000,0,14000
2016/06/22,0,8000,0,8000
2016/06/23,0,17000,-2000,15000
2016/06/24,0,27000,-20000,7000
2016/06/27,0,32000,0,32000
2016/06/28,0,0,0,0
2016/06/29,0,2000,0,2000
2016/06/30,0,0,-1000,-1000
2016/07/01,0,0,-14000,-14000
2016/07/04,0,119000,0,119000
2016/07/05,0,5000,-3000,2000
2016/07/06,0,57000,0,57000
2016/07/07,0,0,-122000,-122000
2016/07/08,0,0,0,0
2016/07/11,0,0,0,0
2016/07/12,0,0,0,0
2016/07/13,0,1000,0,1000
2016/07/14,0,0,0,0
2016/07/15,0,0,0,0
2016/07/18,0,0,-10000,-10000
2016/07/19,0,5000,0,5000
2016/07/20,0,2000,0,2000
2016/07/21,0,11000,0,11000
2016/07/22,0,0,-39000,-39000
2016/07/25,0,1000,-2000,-1000
2016/07/26,0,3000,0,3000
2016/07/27,0,0,-1000,-1000
2016/07/28,0,1000,0,1000
2016/07/29,0,0,-2000,-2000
2016/08/01,0,4000,-66000,-62000
2016/08/02,0,0,-1000,-1000
2016/08/03,0,1000,-149000,-148000
2016/08/04,0,2000,-8000,-6000
2016/08/05,0,0,-1000,-1000
2016/08/08,0,3000,-17000,-14000
2016/08/09,0,1000,0,1000
2016/08/10,0,0,0,0
2016/08/11,0,0,-2000,-2000
2016/08/12,0,0,0,0
2016/08/15,0,0,-1000,-1000
2016/08/16,0,0,0,0
2016/08/17,0,1000,-5000,-4000
2016/08/18,0,0,0,0
2016/08/19,0,0,-2000,-2000
2016/08/22,0,0,0,0
2016/08/23,0,0,0,0
2016/08/24,0,0,0,0
2016/08/25,0,4000,0,4000
2016/08/26,0,0,-1000,-1000
2016/08/29,0,0,-1000,-1000
2016/08/30,0,0,-4000,-4000
2016/08/31,0,0,-5000,-5000
2016/09/01,0,0,-1000,-1000
2016/09/02,0,0,0,0
2016/09/05,0,11000,0,11000
2016/09/06,0,0,0,0
2016/09/07,0,8000,0,8000
2016/09/08,0,0,-11000,-11000
2016/09/09,0,0,0,0
2016/09/12,0,0,-1000,-1000
2016/09/13,0,0,-1000,-1000
2016/09/14,0,0,0,0
2016/09/15,0,0,0,0
2016/09/16,0,0,0,0
2016/09/19,0,0,0,0
2016/09/20,0,0,0,0
2016/09/21,0,0,0,0
2016/09/22,0,0,0,0
2016/09/23,0,0,-2000,-2000
2016/09/26,0,0,0,0
2016/09/27,0,0,0,0
2016/09/28,0,0,0,0
2016/09/29,0,0,0,0
2016/09/30,0,0,0,0
2016/10/03,0,0,0,0
2016/10/04,0,0,0,0
2016/10/05,0,0,-2000,-2000
2016/10/06,0,0,-14000,-14000
2016/10/07,0,0,0,0
2016/10/10,0,0,0,0
2016/10/11,0,1000,-10000,-9000
2016/10/12,0,4000,-8000,-4000
2016/10/13,0,0,-2000,-2000
2016/10/14,0,1000,0,1000
2016/10/17,0,0,0,0
2016/10/18,0,0,0,0
2016/10/19,0,0,-6000,-6000
2016/10/20,0,0,-13000,-13000
2016/10/21,0,0,-8000,-8000
2016/10/24,0,0,0,0
2016/10/25,0,0,-1000,-1000
2016/10/26,0,0,0,0
2016/10/27,0,0,0,0
2016/10/28,0,1000,0,1000
2016/10/31,0,1000,-1000,0
2016/11/01,0,1000,0,1000
2016/11/02,0,6000,0,6000
2016/11/03,0,3000,0,3000
2016/11/04,0,1000,-2000,-1000
2016/11/07,0,3000,-2000,1000
2016/11/08,0,0,0,0
2016/11/09,0,0,-14000,-14000
2016/11/10,0,0,0,0
2016/11/11,0,0,0,0
2016/11/14,0,2000,-1000,1000
2016/11/15,0,0,0,0
2016/11/16,0,0,-3000,-3000
2016/11/17,0,0,-12000,-12000
2016/11/18,0,0,-1000,-1000
2016/11/21,0,0,0,0
2016/11/22,0,10000,0,10000
2016/11/23,0,0,0,0
2016/11/24,0,0,0,0
2016/11/25,0,0,0,0
2016/11/28,0,0,-526,-526
2016/11/29,0,1000,0,1000
2016/11/30,0,0,-2000,-2000
2016/12/01,0,2000,0,2000
2016/12/02,0,0,0,0
2016/12/05,0,0,-1000,-1000
2016/12/06,0,1000,0,1000
2016/12/07,0,1000,0,1000
2016/12/08,0,1000,0,1000
2016/12/09,0,0,0,0
2016/12/12,0,2000,0,2000
2016/12/13,0,0,0,0
2016/12/14,0,1000,0,1000
2016/12/15,0,0,0,0
2016/12/16,0,0,0,0
2016/12/19,0,4000,0,4000
2016/12/20,0,5000,0,5000
2016/12/21,0,9000,0,9000
2016/12/22,0,5000,0,5000
2016/12/23,0,11000,0,11000
2016/12/26,0,0,0,0
2016/12/27,0,0,0,0
2016/12/28,0,0,0,0
2016/12/29,0,0,0,0
2016/12/30,0,0,0,0
2017/01/02,0,0,0,0
2017/01/03,0,0,0,0
2017/01/04,0,0,0,0
2017/01/05,0,0,0,0
2017/01/06,0,9000,0,9000
2017/01/09,0,1000,0,1000
2017/01/10,0,0,0,0
2017/01/11,0,0,0,0
2017/01/12,0,0,0,0
2017/01/13,0,0,0,0
2017/01/16,0,0,0,0
2017/01/17,0,0,-9000,-9000
2017/01/18,0,1000,-6000,-5000
2017/01/19,0,0,-4000,-4000
2017/01/20,0,0,0,0
2017/01/23,0,0,-1000,-1000
2017/01/24,0,0,0,0
2017/01/25,0,0,0,0
2017/01/26,0,0,0,0
2017/01/27,0,0,0,0
2017/01/30,0,0,0,0
2017/01/31,0,0,0,0
2017/02/01,0,0,0,0
2017/02/02,0,5000,-2000,3000
2017/02/03,0,1000,-3000,-2000
2017/02/06,0,0,0,0
2017/02/07,0,0,-1000,-1000
2017/02/08,0,0,-2000,-2000
2017/02/09,0,0,-3000,-3000
2017/02/10,0,0,0,0
2017/02/13,0,0,0,0
2017/02/14,0,70000,0,70000
2017/02/15,0,30000,0,30000
2017/02/16,0,0,0,0
2017/02/17,0,0,0,0
2017/02/20,0,0,0,0
2017/02/21,0,0,0,0
2017/02/22,0,0,0,0
2017/02/23,0,0,0,0
2017/02/24,0,10000,0,10000
2017/02/27,0,0,0,0
2017/02/28,0,0,0,0
2017/03/01,0,1000,0,1000
2017/03/02,0,0,-61000,-61000
2017/03/03,0,0,-40000,-40000
2017/03/06,0,0,-4000,-4000
2017/03/07,0,0,0,0
2017/03/08,0,0,0,0
2017/03/09,0,0,0,0
2017/03/10,0,0,0,0
2017/03/13,0,20000,-3000,17000
2017/03/14,0,0,-12000,-12000
2017/03/15,0,0,-10000,-10000
2017/03/16,0,18000,0,18000
2017/03/17,0,10000,0,10000
2017/03/20,0,20000,-10000,10000
2017/03/21,0,2000,-4000,-2000
2017/03/22,0,33000,0,33000
2017/03/23,0,8000,-5846,2154
2017/03/24,0,0,-22000,-22000
2017/03/27,0,18000,-4000,14000
2017/03/28,0,5000,-18000,-13000
2017/03/29,0,16000,0,16000
2017/03/30,0,0,0,0
2017/03/31,0,1000,-1000,0
2017/04/03,0,0,0,0
2017/04/04,0,0,0,0
2017/04/05,0,40000,-25000,15000
2017/04/06,0,15000,-1000,14000
2017/04/07,0,0,0,0
2017/04/10,0,3000,-5000,-2000
2017/04/11,0,0,-12000,-12000
2017/04/12,0,7000,-3000,4000
2017/04/13,0,0,-2000,-2000
2017/04/14,0,10000,-3000,7000
2017/04/17,0,49000,-5000,44000
2017/04/18,0,6000,-399000,-393000
2017/04/19,0,19000,-13000,6000
2017/04/20,0,0,-8000,-8000
2017/04/21,0,2000,-36000,-34000
2017/04/24,0,9000,-9000,0
2017/04/25,0,13000,-11000,2000
2017/04/26,0,29000,-4000,25000
2017/04/27,0,0,-141000,-141000
2017/04/28,0,0,-6000,-6000
2017/05/01,0,0,0,0
2017/05/02,0,11000,-13000,-2000
2017/05/03,0,7000,-15000,-8000
2017/05/04,0,0,-17000,-17000
2017/05/05,0,0,-2000,-2000
2017/05/08,0,0,0,0
2017/05/09,0,0,-11383,-11383
2017/05/10,0,1000,-5000,-4000
2017/05/11,0,0,0,0
2017/05/12,0,0,0,0
2017/05/15,0,5000,-1000,4000
2017/05/16,0,0,-3000,-3000
2017/05/17,0,0,0,0
2017/05/18,0,4000,0,4000
2017/05/19,0,0,-4000,-4000
2017/05/22,0,0,-4000,-4000
2017/05/23,0,0,-12000,-12000
2017/05/24,0,0,-3000,-3000
2017/05/25,0,0,0,0
2017/05/26,0,0,0,0
2017/05/29,0,0,0,0
2017/05/30,0,0,0,0
2017/05/31,0,0,-1000,-1000
2017/06/01,0,0,0,0
2017/06/02,0,0,0,0
2017/06/05,0,0,0,0
2017/06/06,0,0,-885,-885
2017/06/07,0,0,0,0
2017/06/08,0,0,0,0
2017/06/09,0,0,0,0
2017/06/12,0,0,0,0
2017/06/13,0,3000,0,3000
2017/06/14,0,0,-2000,-2000
2017/06/15,0,0,-1000,-1000
2017/06/16,0,5000,0,5000
2017/06/19,0,0,-32000,-32000
2017/06/20,0,20000,-7000,13000
2017/06/21,0,24000,-26000,-2000
2017/06/22,0,0,-14000,-14000
2017/06/23,0,0,-8000,-8000
2017/06/26,0,29000,-14000,15000
2017/06/27,0,9000,-9000,0
2017/06/28,0,44000,-18000,26000
2017/06/29,0,10000,-14000,-4000
2017/06/30,0,99000,0,99000
2017/07/03,0,0,-123000,-123000
2017/07/04,0,0,-47000,-47000
2017/07/05,0,26000,-5000,21000
2017/07/06,0,0,-4000,-4000
2017/07/07,0,0,-8000,-8000
2017/07/10,0,0,-3000,-3000
2017/07/11,0,6000,-1000,5000
2017/07/12,0,1000,-24000,-23000
2017/07/13,0,1000,-7000,-6000
2017/07/14,0,0,-16000,-16000
2017/07/17,0,0,-16000,-16000
2017/07/18,0,0,-4000,-4000
2017/07/19,0,8000,-7000,1000
2017/07/20,0,1000,0,1000
2017/07/21,0,0,0,0
2017/07/24,0,0,-4000,-4000
2017/07/25,0,0,-9000,-9000
2017/07/26,0,0,-18000,-18000
2017/07/27,0,0,-4000,-4000
2017/07/28,0,0,0,0
2017/07/31,0,4000,-21000,-17000
2017/08/01,0,0,0,0
2017/08/02,0,0,-5000,-5000
2017/08/03,0,0,-6000,-6000
2017/08/04,0,0,-4000,-4000
2017/08/07,0,0,0,0
2017/08/08,0,0,-8000,-8000
2017/08/09,0,5000,-15000,-10000
2017/08/10,0,25000,0,25000
2017/08/11,0,22000,0,22000
2017/08/14,0,26000,0,26000
2017/08/15,0,8000,0,8000
2017/08/16,0,27000,0,27000
2017/08/17,0,0,-2000,-2000
2017/08/18,0,12000,-3000,9000
