Date,Open,Buy,Sell,Total
2007/01/02,0,1378000,-978860,399140
2007/01/03,0,4160000,-1803000,2357000
2007/01/04,0,1591500,-1146900,444600
2007/01/05,0,1192626,-1726642,-534016
2007/01/08,0,608515,-1395994,-787479
2007/01/09,0,904000,-1954720,-1050720
2007/01/10,0,998000,-1822150,-824150
2007/01/11,0,1956000,-4317800,-2361800
2007/01/12,0,1669000,-3631000,-1962000
2007/01/15,0,2353000,-540000,1813000
2007/01/16,0,1946000,-1669200,276800
2007/01/17,0,1841200,-1266500,574700
2007/01/18,0,2923000,-526510,2396490
2007/01/19,0,1020800,-194000,826800
2007/01/22,0,2530000,-1610800,919200
2007/01/23,0,1989000,-1485000,504000
2007/01/24,0,2709000,-1095600,1613400
2007/01/25,0,796000,-896267,-100267
2007/01/26,0,1364000,-2319000,-955000
2007/01/29,0,2601000,-2645360,-44360
2007/01/30,0,2461000,-3965662,-1504662
2007/01/31,0,928000,-3091000,-2163000
2007/02/01,0,400460,-611500,-211040
2007/02/02,0,1221000,-1685280,-464280
2007/02/05,0,477000,-1893100,-1416100
2007/02/06,0,1503000,-1126430,376570
2007/02/07,0,2762300,-994100,1768200
2007/02/08,0,1895326,-797100,1098226
2007/02/09,0,869400,-2466300,-1596900
2007/02/12,0,911788,-3591150,-2679362
2007/02/13,0,219000,-1406217,-1187217
2007/02/14,0,4000000,-1946866,2053134
2007/02/15,0,0,0,0
2007/02/16,0,0,0,0
2007/02/19,0,0,0,0
2007/02/20,0,0,0,0
2007/02/21,0,0,0,0
2007/02/22,0,0,0,0
2007/02/23,0,0,0,0
2007/02/26,0,3470000,-1682400,1787600
2007/02/27,0,1405100,-1434449,-29349
2007/02/28,0,0,0,0
2007/03/01,0,2529000,-5807200,-3278200
2007/03/02,0,591000,-1782700,-1191700
2007/03/05,0,809000,-4335144,-3526144
2007/03/06,0,1649000,-3181800,-1532800
2007/03/07,0,1587000,-1889971,-302971
2007/03/08,0,2525030,-2360980,164050
2007/03/09,0,799000,-1118400,-319400
2007/03/12,0,744000,-996600,-252600
2007/03/13,0,2765000,-1925669,839331
2007/03/14,0,1072000,-1850000,-778000
2007/03/15,0,2023000,-1343100,679900
2007/03/16,0,865000,-860805,4195
2007/03/19,0,262000,-414400,-152400
2007/03/20,0,944000,-802900,141100
2007/03/21,0,356000,-262400,93600
2007/03/22,0,6772000,-662600,6109400
2007/03/23,0,2395000,-473097,1921903
2007/03/26,0,1523000,-755100,767900
2007/03/27,0,2914000,-514000,2400000
2007/03/28,0,932000,-1321000,-389000
2007/03/29,0,2353000,-1188250,1164750
2007/03/30,0,2531000,-169000,2362000
2007/04/02,0,1149130,-698130,451000
2007/04/03,0,2802700,-483916,2318784
2007/04/04,0,3249000,-1607000,1642000
2007/04/05,0,0,0,0
2007/04/06,0,0,0,0
2007/04/09,0,1693000,-1127000,566000
2007/04/10,0,1369000,-173000,1196000
2007/04/11,0,2332000,-317905,2014095
2007/04/12,0,2249500,-329097,1920403
2007/04/13,0,266000,-309000,-43000
2007/04/16,0,1716000,-1777500,-61500
2007/04/17,0,2181449,-1089210,1092239
2007/04/18,0,946100,-434000,512100
2007/04/19,0,1822000,-2397200,-575200
2007/04/20,0,548000,-223800,324200
2007/04/23,0,3246000,-210457,3035543
2007/04/24,0,2725000,-491000,2234000
2007/04/25,0,1362000,-665000,697000
2007/04/26,0,1403000,-985000,418000
2007/04/27,0,947000,-1469500,-522500
2007/04/30,0,3753000,-1373667,2379333
2007/05/01,0,0,0,0
2007/05/02,0,2182000,-678200,1503800
2007/05/03,0,2271000,-1117500,1153500
2007/05/04,0,5281000,-1748442,3532558
2007/05/07,0,1267330,-1445001,-177671
2007/05/08,0,616330,-524001,92329
2007/05/09,0,1287000,-2976164,-1689164
2007/05/10,0,1791000,-1529300,261700
2007/05/11,0,884500,-682598,201902
2007/05/14,0,3364000,-1517800,1846200
2007/05/15,0,1360000,-2281104,-921104
2007/05/16,0,1454100,-3993498,-2539398
2007/05/17,0,924000,-2547870,-1623870
2007/05/18,0,1567000,-3400368,-1833368
2007/05/21,0,1638000,-1910000,-272000
2007/05/22,0,2137000,-704000,1433000
2007/05/23,0,1168000,-1244000,-76000
2007/05/24,0,3872300,-2230680,1641620
2007/05/25,0,1479000,-2276182,-797182
2007/05/28,0,254000,-1920000,-1666000
2007/05/29,0,1606000,-1288130,317870
2007/05/30,0,888000,-1633420,-745420
2007/05/31,0,1528000,-1628667,-100667
2007/06/01,0,1595667,-2880000,-1284333
2007/06/04,0,1139000,-1510000,-371000
2007/06/05,0,1909000,-3211800,-1302800
2007/06/06,0,1518400,-2090063,-571663
2007/06/07,0,1399000,-2707475,-1308475
2007/06/08,0,1361000,-2486820,-1125820
2007/06/11,0,1620000,-2242000,-622000
2007/06/12,0,710100,-2904169,-2194069
2007/06/13,0,434000,-3916596,-3482596
2007/06/14,0,2649000,-2728600,-79600
2007/06/15,0,5629000,-2377600,3251400
2007/06/18,0,0,0,0
2007/06/19,0,0,0,0
2007/06/20,0,8697950,-8173590,524360
2007/06/21,0,6262000,-12386090,-6124090
2007/06/22,0,2564000,-2016230,547770
2007/06/25,0,2474000,-1835480,638520
2007/06/26,0,1844528,-428000,1416528
2007/06/27,0,836260,-907000,-70740
2007/06/28,0,2197000,-1187100,1009900
2007/06/29,0,3834335,-3405466,428869
2007/07/02,0,885200,-1140000,-254800
2007/07/03,0,1512830,-553101,959729
2007/07/04,0,2971000,-449800,2521200
2007/07/05,0,3446215,-1609343,1836872
2007/07/06,0,2152000,-2069832,82168
2007/07/09,0,1920000,-1814620,105380
2007/07/10,0,1829605,-886600,943005
2007/07/11,0,1897000,-1970000,-73000
2007/07/12,0,1437700,-7030943,-5593243
2007/07/13,0,2135265,-718500,1416765
2007/07/16,0,1306000,-1682500,-376500
2007/07/17,0,1746236,-1640410,105826
2007/07/18,0,2234200,-1521800,712400
2007/07/19,0,1877850,-1222200,655650
2007/07/20,0,1895700,-225500,1670200
2007/07/23,0,1137000,-1097919,39081
2007/07/24,0,3316000,-1631100,1684900
2007/07/25,0,729000,-3438500,-2709500
2007/07/26,0,1823000,-1623200,199800
2007/07/27,0,783700,-4571600,-3787900
2007/07/30,0,2152000,-4914170,-2762170
2007/07/31,0,5545000,-2452225,3092775
2007/08/01,0,2715050,-4757800,-2042750
2007/08/02,0,1682700,-1881951,-199251
2007/08/03,0,5776003,-3866418,1909585
2007/08/06,0,256000,-3042587,-2786587
2007/08/07,0,1066000,-3253825,-2187825
2007/08/08,0,3167400,-1648000,1519400
2007/08/09,0,4255000,-4648000,-393000
2007/08/10,0,1013000,-2963405,-1950405
2007/08/13,0,1233500,-2661500,-1428000
2007/08/14,0,1089000,-1511000,-422000
2007/08/15,0,4289000,-4624000,-335000
2007/08/16,0,2398600,-6480595,-4081995
2007/08/17,0,6434000,-7056450,-622450
2007/08/20,0,3591000,-8533100,-4942100
2007/08/21,0,1797000,-3300700,-1503700
2007/08/22,0,3413670,-2095041,1318629
2007/08/23,0,4755000,-1639000,3116000
2007/08/24,0,4742000,-4231400,510600
2007/08/27,0,4856000,-3508250,1347750
2007/08/28,0,2452700,-1820700,632000
2007/08/29,0,2462200,-1772000,690200
2007/08/30,0,3595000,-1824000,1771000
2007/08/31,0,4857500,-4484510,372990
2007/09/03,0,1853000,-2032000,-179000
2007/09/04,0,2925000,-1390000,1535000
2007/09/05,0,5302735,-2971411,2331324
2007/09/06,0,4695748,-1385030,3310718
2007/09/07,0,2287000,-2182445,104555
2007/09/10,0,2007000,-2240812,-233812
2007/09/11,0,5418310,-4155724,1262586
2007/09/12,0,1729700,-3571200,-1841500
2007/09/13,0,2653000,-2151200,501800
2007/09/14,0,3536200,-3112850,423350
2007/09/17,0,1260159,-2379825,-1119666
2007/09/18,0,0,0,0
2007/09/19,0,4889000,-4863839,25161
2007/09/20,0,2828000,-2929975,-101975
2007/09/21,0,1095000,-2140725,-1045725
2007/09/24,0,0,0,0
2007/09/25,0,0,0,0
2007/09/26,0,2426777,-2703200,-276423
2007/09/27,0,2148495,-1660750,487745
2007/09/28,0,2193000,-1009468,1183532
2007/10/01,0,590000,-951530,-361530
2007/10/02,0,3883673,-2595725,1287948
2007/10/03,0,5609662,-3098137,2511525
2007/10/04,0,1840741,-2335761,-495020
2007/10/05,0,775381,-4915849,-4140468
2007/10/08,0,2673151,-1059000,1614151
2007/10/09,0,1913000,-1395800,517200
2007/10/10,0,0,0,0
2007/10/11,0,4613241,-3600001,1013240
2007/10/12,0,904545,-2526893,-1622348
2007/10/15,0,1179904,-808300,371604
2007/10/16,0,3235682,-2837823,397859
2007/10/17,0,6796016,-2692064,4103952
2007/10/18,0,2604945,-1183829,1421116
2007/10/19,0,1874000,-1092000,782000
2007/10/22,0,862900,-3419450,-2556550
2007/10/23,0,2683000,-3500116,-817116
2007/10/24,0,5466850,-4341450,1125400
2007/10/25,0,4480496,-1348962,3131534
2007/10/26,0,1468951,-4053400,-2584449
2007/10/29,0,1571204,-422267,1148937
2007/10/30,0,1505139,-1365100,140039
2007/10/31,0,1839963,-3728893,-1888930
2007/11/01,0,2638000,-1729758,908242
2007/11/02,0,521500,-2444918,-1923418
2007/11/05,0,1391731,-3008355,-1616624
2007/11/06,0,7440070,-30488641,-23048571
2007/11/07,0,4257401,-8160796,-3903395
2007/11/08,0,4220000,-6059747,-1839747
2007/11/09,0,3425886,-8156208,-4730322
2007/11/12,0,6169000,-6099975,69025
2007/11/13,0,2346503,-3503045,-1156542
2007/11/14,0,4489445,-1762605,2726840
2007/11/15,0,1931000,-4100454,-2169454
2007/11/16,0,1689652,-3730213,-2040561
2007/11/19,0,479409,-1535300,-1055891
2007/11/20,0,1599000,-3043055,-1444055
2007/11/21,0,2373000,-5791470,-3418470
2007/11/22,0,2379000,-8614863,-6235863
2007/11/23,0,2433050,-3074225,-641175
2007/11/26,0,7492000,-5583090,1908910
2007/11/27,0,3178800,-4048915,-870115
2007/11/28,0,1520020,-2547830,-1027810
2007/11/29,0,6455000,-19113184,-12658184
2007/11/30,0,10762761,-7959454,2803307
2007/12/03,0,4818856,-2690690,2128166
2007/12/04,0,1700079,-3095221,-1395142
2007/12/05,0,2396158,-1427460,968698
2007/12/06,0,2526508,-1751885,774623
2007/12/07,0,1532906,-1626255,-93349
2007/12/10,0,3258000,-2332662,925338
2007/12/11,0,3188000,-2591195,596805
2007/12/12,0,1322000,-5271074,-3949074
2007/12/13,0,4268000,-4822692,-554692
2007/12/14,0,1099000,-6074469,-4975469
2007/12/17,0,4038000,-2181338,1856662
2007/12/18,0,3124441,-2850903,273538
2007/12/19,0,3929400,-4071526,-142126
2007/12/20,0,1918000,-872350,1045650
2007/12/21,0,1865000,-422000,1443000
2007/12/24,0,1040000,-714000,326000
2007/12/25,0,319000,-301000,18000
2007/12/26,0,561000,-313000,248000
2007/12/27,0,1081000,-1507500,-426500
2007/12/28,0,1649000,-3975439,-2326439
2007/12/31,0,435000,-1574500,-1139500
2008/01/01,0,0,0,0
2008/01/02,0,643111,-2302568,-1659457
2008/01/03,0,1939325,-3424875,-1485550
2008/01/04,0,2654000,-8933754,-6279754
2008/01/07,0,5636020,-6075795,-439775
2008/01/08,0,3417000,-11218260,-7801260
2008/01/09,0,3751000,-5420643,-1669643
2008/01/10,0,5549200,-3249963,2299237
2008/01/11,0,1872454,-2536850,-664396
2008/01/14,0,4160000,-5259698,-1099698
2008/01/15,0,1976000,-2132991,-156991
2008/01/16,0,1821566,-7716552,-5894986
2008/01/17,0,714000,-5628593,-4914593
2008/01/18,0,1907023,-7220562,-5313539
2008/01/21,0,1693670,-3757033,-2063363
2008/01/22,0,323194,-1972694,-1649500
2008/01/23,0,1804000,-1556475,247525
2008/01/24,0,1909000,-3148564,-1239564
2008/01/25,0,2591000,-453150,2137850
2008/01/28,0,11803005,-3618000,8185005
2008/01/29,0,2633000,-1147023,1485977
2008/01/30,0,3417755,-1762172,1655583
2008/01/31,0,1294246,-1284950,9296
2008/02/01,0,7288000,-15513435,-8225435
2008/02/04,0,0,0,0
2008/02/05,0,0,0,0
2008/02/06,0,0,0,0
2008/02/07,0,0,0,0
2008/02/08,0,0,0,0
2008/02/11,0,0,0,0
2008/02/12,0,6709100,-11107667,-4398567
2008/02/13,0,2458500,-2111997,346503
2008/02/14,0,2000000,-1564712,435288
2008/02/15,0,7298000,-5220254,2077746
2008/02/18,0,6158000,-3042582,3115418
2008/02/19,0,1631000,-770500,860500
2008/02/20,0,1680998,-986250,694748
2008/02/21,0,3323831,-1488998,1834833
2008/02/22,0,1014000,-904655,109345
2008/02/25,0,1724000,-1664945,59055
2008/02/26,0,4583200,-924000,3659200
2008/02/27,0,5845000,-2340775,3504225
2008/02/28,0,0,0,0
2008/02/29,0,1948868,-1744211,204657
2008/03/03,0,1587000,-1932690,-345690
2008/03/04,0,4191000,-872000,3319000
2008/03/05,0,3851000,-3849000,2000
2008/03/06,0,3361095,-2552152,808943
2008/03/07,0,2897076,-1503000,1394076
2008/03/10,0,2846000,-4453100,-1607100
2008/03/11,0,4088000,-2700971,1387029
2008/03/12,0,3753500,-1335208,2418292
2008/03/13,0,1555000,-3746085,-2191085
2008/03/14,0,2483000,-1948000,535000
2008/03/17,0,1909000,-5125000,-3216000
2008/03/18,0,1313000,-2677000,-1364000
2008/03/19,0,3182000,-926630,2255370
2008/03/20,0,2434000,-1481806,952194
2008/03/21,0,4910508,-1669000,3241508
2008/03/24,0,4014000,-602000,3412000
2008/03/25,0,3396000,-476170,2919830
2008/03/26,0,2856000,-3341987,-485987
2008/03/27,0,1406775,-1806420,-399645
2008/03/28,0,3092775,-4643226,-1550451
2008/03/31,0,3253816,-2703526,550290
2008/04/01,0,1104828,-2655158,-1550330
2008/04/02,0,3920000,-2287368,1632632
2008/04/03,0,1267000,-3207274,-1940274
2008/04/04,0,0,0,0
2008/04/07,0,3701000,-6301205,-2600205
2008/04/08,0,4583093,-4180040,403053
2008/04/09,0,2388000,-1317000,1071000
2008/04/10,0,1140000,-953874,186126
2008/04/11,0,2718000,-511360,2206640
2008/04/14,0,366698,-1034660,-667962
2008/04/15,0,3813000,-2663063,1149937
2008/04/16,0,2571000,-7077359,-4506359
2008/04/17,0,3489100,-14483002,-10993902
2008/04/18,0,2156055,-18041117,-15885062
2008/04/21,0,4032000,-4857096,-825096
2008/04/22,0,1337000,-2147650,-810650
2008/04/23,0,2050068,-2175037,-124969
2008/04/24,0,817000,-2557875,-1740875
2008/04/25,0,741000,-774515,-33515
2008/04/28,0,1333000,-2507000,-1174000
2008/04/29,0,1305038,-2212000,-906962
2008/04/30,0,1105160,-2365000,-1259840
2008/05/01,0,0,0,0
2008/05/02,0,4615000,-1209000,3406000
2008/05/05,0,1810000,-2045000,-235000
2008/05/06,0,1437570,-1673235,-235665
2008/05/07,0,3904900,-1781000,2123900
2008/05/08,0,852000,-1292000,-440000
2008/05/09,0,1247000,-1492000,-245000
2008/05/12,0,1061000,-2532217,-1471217
2008/05/13,0,2779000,-1054000,1725000
2008/05/14,0,1561469,-2696000,-1134531
2008/05/15,0,2778000,-2111209,666791
2008/05/16,0,3672400,-1027200,2645200
2008/05/19,0,1179000,-898600,280400
2008/05/20,0,3120000,-2614000,506000
2008/05/21,0,1404800,-2127115,-722315
2008/05/22,0,1086000,-2483076,-1397076
2008/05/23,0,1100000,-2778000,-1678000
2008/05/26,0,1814000,-3327900,-1513900
2008/05/27,0,2014740,-1387000,627740
2008/05/28,0,1564000,-1382000,182000
2008/05/29,0,1439556,-1036977,402579
2008/05/30,0,4089757,-3790285,299472
2008/06/02,0,1424600,-2374450,-949850
2008/06/03,0,573000,-2106401,-1533401
2008/06/04,0,2920325,-2452000,468325
2008/06/05,0,2379000,-3162529,-783529
2008/06/06,0,1436000,-1199841,236159
2008/06/09,0,1220000,-1690730,-470730
2008/06/10,0,734000,-2563196,-1829196
2008/06/11,0,1939800,-1980750,-40950
2008/06/12,0,773000,-6369600,-5596600
2008/06/13,0,906000,-2658000,-1752000
2008/06/16,0,1472000,-1527232,-55232
2008/06/17,0,2320000,-1227200,1092800
2008/06/18,0,3085400,-1736000,1349400
2008/06/19,0,2331900,-4052595,-1720695
2008/06/20,0,979686,-1838900,-859214
2008/06/23,0,2028000,-1553650,474350
2008/06/24,0,544000,-3083624,-2539624
2008/06/25,0,2134530,-1183626,950904
2008/06/26,0,6202675,-1430000,4772675
2008/06/27,0,7205000,-4935489,2269511
2008/06/30,0,1826000,-1373750,452250
2008/07/01,0,1389000,-1197000,192000
2008/07/02,0,675000,-4586700,-3911700
2008/07/03,0,1367000,-2741300,-1374300
2008/07/04,0,3316000,-3720000,-404000
2008/07/07,0,928000,-4266200,-3338200
2008/07/08,0,1734200,-4795728,-3061528
2008/07/09,0,3809000,-2004200,1804800
2008/07/10,0,1659000,-3529185,-1870185
2008/07/11,0,916000,-3632700,-2716700
2008/07/14,0,1464000,-5340727,-3876727
2008/07/15,0,5586500,-3535200,2051300
2008/07/16,0,2305000,-6536137,-4231137
2008/07/17,0,3655000,-2043447,1611553
2008/07/18,0,8309120,-1868742,6440378
2008/07/21,0,5190020,-855433,4334587
2008/07/22,0,1034000,-2157360,-1123360
2008/07/23,0,1888000,-2215705,-327705
2008/07/24,0,2028000,-1191000,837000
2008/07/25,0,1418472,-2777126,-1358654
2008/07/28,0,0,0,0
2008/07/29,0,1241600,-3523654,-2282054
2008/07/30,0,5560000,-1920000,3640000
2008/07/31,0,4309000,-1753008,2555992
2008/08/01,0,1917600,-926600,991000
2008/08/04,0,997300,-883340,113960
2008/08/05,0,4046024,-1973960,2072064
2008/08/06,0,3297000,-943200,2353800
2008/08/07,0,4244461,-3502197,742264
2008/08/08,0,4635000,-1579340,3055660
2008/08/11,0,7037000,-1048780,5988220
2008/08/12,0,7482000,-2947625,4534375
2008/08/13,0,2600000,-5195000,-2595000
2008/08/14,0,1360887,-2625900,-1265013
2008/08/15,0,1139244,-2410000,-1270756
2008/08/18,0,1099000,-1355000,-256000
2008/08/19,0,1415189,-3061700,-1646511
2008/08/20,0,1038000,-995245,42755
2008/08/21,0,1210876,-1322637,-111761
2008/08/22,0,2443000,-1031000,1412000
2008/08/25,0,2810000,-708515,2101485
2008/08/26,0,1002000,-964000,38000
2008/08/27,0,6579000,-735866,5843134
2008/08/28,0,3571650,-3484869,86781
2008/08/29,0,1972500,-975069,997431
2008/09/01,0,3130050,-1663225,1466825
2008/09/02,0,1704000,-4170854,-2466854
2008/09/03,0,6344000,-3263886,3080114
2008/09/04,0,3170000,-3102638,67362
2008/09/05,0,7258000,-13838750,-6580750
2008/09/08,0,2810000,-3899824,-1089824
2008/09/09,0,4643000,-3053450,1589550
2008/09/10,0,5265000,-6351436,-1086436
2008/09/11,0,4519000,-5431684,-912684
2008/09/12,0,3420000,-3164896,255104
2008/09/15,0,2057000,-1877730,179270
2008/09/16,0,4571000,-1438351,3132649
2008/09/17,0,3864304,-4233546,-369242
2008/09/18,0,5317142,-5430024,-112882
2008/09/19,0,11056781,-4996984,6059797
2008/09/22,0,3458445,-2320674,1137771
2008/09/23,0,2072410,-3470877,-1398467
2008/09/24,0,4300814,-2429365,1871449
2008/09/25,0,3191203,-1005454,2185749
2008/09/26,0,4747024,-2507009,2240015
2008/09/29,0,0,0,0
2008/09/30,0,3229000,-4592080,-1363080
2008/10/01,0,387000,-1211540,-824540
2008/10/02,0,3030760,-3034672,-3912
2008/10/03,0,4509998,-2293220,2216778
2008/10/06,0,597000,-4845039,-4248039
2008/10/07,0,1669705,-1843787,-174082
2008/10/08,0,850483,-2666172,-1815689
2008/10/09,0,2155573,-1886312,269261
2008/10/10,0,0,0,0
2008/10/13,0,2063609,-2248796,-185187
2008/10/14,0,2204000,-364851,1839149
2008/10/15,0,3868000,-1189199,2678801
2008/10/16,0,2837620,-3496000,-658380
2008/10/17,0,1820000,-1130906,689094
2008/10/20,0,3078920,-2738028,340892
2008/10/21,0,5036320,-2032227,3004093
2008/10/22,0,1402390,-974369,428021
2008/10/23,0,2395740,-2603240,-207500
2008/10/24,0,1433000,-1753000,-320000
2008/10/27,0,869623,-4651414,-3781791
2008/10/28,0,1253000,-4787561,-3534561
2008/10/29,0,7887275,-8823971,-936696
2008/10/30,0,1849000,-5883060,-4034060
2008/10/31,0,4215000,-2979130,1235870
2008/11/03,0,3967000,-5204548,-1237548
2008/11/04,0,2870000,-2539206,330794
2008/11/05,0,5105835,-5569437,-463602
2008/11/06,0,1253000,-1766740,-513740
2008/11/07,0,1968030,-9557063,-7589033
2008/11/10,0,2999000,-1423945,1575055
2008/11/11,0,2435000,-1963091,471909
2008/11/12,0,2824000,-2884564,-60564
2008/11/13,0,1976000,-2465588,-489588
2008/11/14,0,3413000,-1501281,1911719
2008/11/17,0,2796000,-1199160,1596840
2008/11/18,0,2285662,-1689000,596662
2008/11/19,0,2313000,-2513475,-200475
2008/11/20,0,1401000,-2062370,-661370
2008/11/21,0,1563000,-1928320,-365320
2008/11/24,0,2371000,-2011610,359390
2008/11/25,0,3015000,-2417570,597430
2008/11/26,0,4566370,-1481337,3085033
2008/11/27,0,4307000,-1260683,3046317
2008/11/28,0,1897152,-498790,1398362
2008/12/01,0,5940000,-3406311,2533689
2008/12/02,0,5567000,-3896000,1671000
2008/12/03,0,6786000,-7450529,-664529
2008/12/04,0,3224000,-2762990,461010
2008/12/05,0,1467000,-3948391,-2481391
2008/12/08,0,6984530,-9104480,-2119950
2008/12/09,0,4544000,-3663158,880842
2008/12/10,0,3554000,-981435,2572565
2008/12/11,0,3159459,-4347899,-1188440
2008/12/12,0,7497000,-1842129,5654871
2008/12/15,0,2252000,-1083812,1168188
2008/12/16,0,4341000,-938462,3402538
2008/12/17,0,5454000,-2307010,3146990
2008/12/18,0,2373000,-866000,1507000
2008/12/19,0,1628000,-1624000,4000
2008/12/22,0,7514000,-1007802,6506198
2008/12/23,0,365000,-753000,-388000
2008/12/24,0,1661000,-1212254,448746
2008/12/25,0,55000,-185010,-130010
2008/12/26,0,1435000,-1074000,361000
2008/12/29,0,1595000,-829181,765819
2008/12/30,0,1819000,-1671000,148000
2008/12/31,0,1130000,-326000,804000
2009/01/01,0,0,0,0
2009/01/02,0,0,0,0
2009/01/05,0,4469000,-2691926,1777074
2009/01/06,0,4149000,-1312151,2836849
2009/01/07,0,7796390,-1327879,6468511
2009/01/08,0,5709920,-5610928,98992
2009/01/09,0,2987000,-2196500,790500
2009/01/12,0,3050230,-2097477,952753
2009/01/13,0,3490847,-873986,2616861
2009/01/14,0,1917500,-5328512,-3411012
2009/01/15,0,2062000,-4824952,-2762952
2009/01/16,0,1480000,-2068140,-588140
2009/01/19,0,3601000,-2202004,1398996
2009/01/20,0,3033000,-3055339,-22339
2009/01/21,0,2348700,-3960760,-1612060
2009/01/22,0,0,0,0
2009/01/23,0,0,0,0
2009/01/26,0,0,0,0
2009/01/27,0,0,0,0
2009/01/28,0,0,0,0
2009/01/29,0,0,0,0
2009/01/30,0,0,0,0
2009/02/02,0,8109044,-3290800,4818244
2009/02/03,0,4348000,-6413633,-2065633
2009/02/04,0,1115000,-1650000,-535000
2009/02/05,0,2840031,-2888381,-48350
2009/02/06,0,3224000,-1988000,1236000
2009/02/09,0,8504000,-1527300,6976700
2009/02/10,0,3868614,-2338002,1530612
2009/02/11,0,3783407,-1436000,2347407
2009/02/12,0,5153400,-2841239,2312161
2009/02/13,0,3114500,-2328456,786044
2009/02/16,0,3014000,-3018521,-4521
2009/02/17,0,3160241,-3320720,-160479
2009/02/18,0,2931338,-1535254,1396084
2009/02/19,0,2201000,-1396863,804137
2009/02/20,0,1930548,-1976078,-45530
2009/02/23,0,1454000,-308500,1145500
2009/02/24,0,3575000,-2714650,860350
2009/02/25,0,1871000,-1122461,748539
2009/02/26,0,992883,-1145525,-152642
2009/02/27,0,2785154,-1768424,1016730
2009/03/02,0,1490820,-5115674,-3624854
2009/03/03,0,1793000,-3491000,-1698000
2009/03/04,0,5143409,-4462005,681404
2009/03/05,0,5194000,-6337370,-1143370
2009/03/06,0,2612000,-4007765,-1395765
2009/03/09,0,1790000,-4309140,-2519140
2009/03/10,0,1678800,-3788680,-2109880
2009/03/11,0,3302483,-913750,2388733
2009/03/12,0,3429500,-1535890,1893610
2009/03/13,0,6417000,-5428650,988350
2009/03/16,0,1359000,-1687400,-328400
2009/03/17,0,1652000,-876000,776000
2009/03/18,0,2271000,-1699797,571203
2009/03/19,0,2183000,-2352920,-169920
2009/03/20,0,783000,-1684221,-901221
2009/03/23,0,1477649,-2868300,-1390651
2009/03/24,0,8688100,-3245131,5442969
2009/03/25,0,5255094,-2674440,2580654
2009/03/26,0,1428000,-1351637,76363
2009/03/27,0,1698000,-7398315,-5700315
2009/03/30,0,1150000,-3505610,-2355610
2009/03/31,0,2673000,-3335402,-662402
2009/04/01,0,894000,-4593400,-3699400
2009/04/02,0,3134800,-2633500,501300
2009/04/03,0,882004,-3679520,-2797516
2009/04/06,0,1602000,-7822600,-6220600
2009/04/07,0,1809717,-5952180,-4142463
2009/04/08,0,4497000,-14401565,-9904565
2009/04/09,0,3167000,-2190462,976538
2009/04/10,0,1280000,-555080,724920
2009/04/13,0,1068170,-1863000,-794830
2009/04/14,0,3406960,-1893584,1513376
2009/04/15,0,1158000,-1543287,-385287
2009/04/16,0,4243000,-1198080,3044920
2009/04/17,0,3711739,-2033375,1678364
2009/04/20,0,1788500,-1962500,-174000
2009/04/21,0,1128000,-4635368,-3507368
2009/04/22,0,675000,-3207000,-2532000
2009/04/23,0,1028000,-1135040,-107040
2009/04/24,0,1188000,-1924010,-736010
2009/04/27,0,5573100,-3659360,1913740
2009/04/28,0,5665000,-767150,4897850
2009/04/29,0,3731000,-1104000,2627000
2009/04/30,0,4206000,-377170,3828830
2009/05/01,0,0,0,0
2009/05/04,0,2403000,-649666,1753334
2009/05/05,0,16513000,-2024675,14488325
2009/05/06,0,8009241,-6523046,1486195
2009/05/07,0,3950000,-1926286,2023714
2009/05/08,0,6733799,-4415000,2318799
2009/05/11,0,1798000,-2704261,-906261
2009/05/12,0,2251877,-7549500,-5297623
2009/05/13,0,1257111,-4874442,-3617331
2009/05/14,0,2810000,-4561348,-1751348
2009/05/15,0,1874057,-2089860,-215803
2009/05/18,0,1576000,-1060401,515599
2009/05/19,0,2230000,-1399170,830830
2009/05/20,0,2245273,-1447183,798090
2009/05/21,0,2552446,-1785181,767265
2009/05/22,0,1363000,-1205088,157912
2009/05/25,0,2487000,-2591590,-104590
2009/05/26,0,2383000,-920000,1463000
2009/05/27,0,6201747,-2870162,3331585
2009/05/28,0,0,0,0
2009/05/29,0,0,0,0
2009/06/01,0,5273007,-2616456,2656551
2009/06/02,0,5418000,-1674900,3743100
2009/06/03,0,3355944,-423000,2932944
2009/06/04,0,4120133,-2290160,1829973
2009/06/05,0,2541600,-332919,2208681
2009/06/08,0,4778000,-4959663,-181663
2009/06/09,0,3805040,-4385278,-580238
2009/06/10,0,1295500,-1222920,72580
2009/06/11,0,1762559,-4049414,-2286855
2009/06/12,0,604684,-1280330,-675646
2009/06/15,0,3957000,-2535300,1421700
2009/06/16,0,3237840,-5158700,-1920860
2009/06/17,0,3379000,-1926730,1452270
2009/06/18,0,7479000,-2242857,5236143
2009/06/19,0,4525260,-1713230,2812030
2009/06/22,0,3283000,-1461000,1822000
2009/06/23,0,1681787,-1730800,-49013
2009/06/24,0,4444000,-920300,3523700
2009/06/25,0,2930000,-508000,2422000
2009/06/26,0,2288000,-1283029,1004971
2009/06/29,0,3346000,-3402000,-56000
2009/06/30,0,4124700,-622963,3501737
2009/07/01,0,2999329,-1127711,1871618
2009/07/02,0,5960100,-761020,5199080
2009/07/03,0,1971987,-1635600,336387
2009/07/06,0,1524823,-523420,1001403
2009/07/07,0,6536164,-3162924,3373240
2009/07/08,0,5831900,-2550687,3281213
2009/07/09,0,2552900,-2492084,60816
2009/07/10,0,956700,-4576500,-3619800
2009/07/13,0,2130000,-1737073,392927
2009/07/14,0,7329000,-4776637,2552363
2009/07/15,0,3202950,-2149093,1053857
2009/07/16,0,3856400,-1432779,2423621
2009/07/17,0,2011206,-1361351,649855
2009/07/20,0,3655080,-3429207,225873
2009/07/21,0,1752900,-869900,883000
2009/07/22,0,2189240,-2389640,-200400
2009/07/23,0,1541660,-1885230,-343570
2009/07/24,0,804900,-3086104,-2281204
2009/07/27,0,2193498,-1143786,1049712
2009/07/28,0,2758000,-1467000,1291000
2009/07/29,0,5651000,-1178459,4472541
2009/07/30,0,9617000,-5658792,3958208
2009/07/31,0,3219765,-2450480,769285
2009/08/03,0,2756880,-1044912,1711968
2009/08/04,0,1884100,-3603443,-1719343
2009/08/05,0,9290900,-4547409,4743491
2009/08/06,0,5846652,-3119700,2726952
2009/08/07,0,0,0,0
2009/08/10,0,6517002,-2706224,3810778
2009/08/11,0,3985600,-2146870,1838730
2009/08/12,0,2524883,-3012853,-487970
2009/08/13,0,2577600,-1901900,675700
2009/08/14,0,1002000,-1512743,-510743
2009/08/17,0,794300,-1102737,-308437
2009/08/18,0,820500,-1161745,-341245
2009/08/19,0,1870245,-1868612,1633
2009/08/20,0,2102302,-1082007,1020295
2009/08/21,0,1551000,-2488070,-937070
2009/08/24,0,2350000,-2840000,-490000
2009/08/25,0,3754200,-2988117,766083
2009/08/26,0,2842600,-485163,2357437
2009/08/27,0,2291900,-684000,1607900
2009/08/28,0,2382000,-301421,2080579
2009/08/31,0,1357567,-1918496,-560929
2009/09/01,0,4404320,-776398,3627922
2009/09/02,0,2227084,-2356418,-129334
2009/09/03,0,5924597,-1639778,4284819
2009/09/04,0,3482200,-3146535,335665
2009/09/07,0,2674700,-2486046,188654
2009/09/08,0,5039000,-2919370,2119630
2009/09/09,0,4592486,-4403619,188867
2009/09/10,0,3462679,-622603,2840076
2009/09/11,0,1058332,-1876790,-818458
2009/09/14,0,4266800,-1822780,2444020
2009/09/15,0,2872213,-1419562,1452651
2009/09/16,0,2630225,-615022,2015203
2009/09/17,0,3710913,-1444026,2266887
2009/09/18,0,2482000,-1857440,624560
2009/09/21,0,1157100,-765678,391422
2009/09/22,0,1118000,-802074,315926
2009/09/23,0,2546090,-1356085,1190005
2009/09/24,0,1348000,-833081,514919
2009/09/25,0,2201933,-891990,1309943
2009/09/28,0,1201900,-548012,653888
2009/09/29,0,3439556,-109046,3330510
2009/09/30,0,5692500,-576983,5115517
2009/10/01,0,3119300,-366590,2752710
2009/10/02,0,1613960,-1370548,243412
2009/10/05,0,1677590,-991489,686101
2009/10/06,0,2566107,-1820370,745737
2009/10/07,0,3748999,-4601945,-852946
2009/10/08,0,2557000,-7373656,-4816656
2009/10/09,0,6523100,-4010661,2512439
2009/10/12,0,1200913,-782721,418192
2009/10/13,0,2042870,-2202538,-159668
2009/10/14,0,3041000,-3075216,-34216
2009/10/15,0,4276000,-1922223,2353777
2009/10/16,0,5245865,-2395575,2850290
2009/10/19,0,1565300,-2715407,-1150107
2009/10/20,0,2477499,-1081162,1396337
2009/10/21,0,10072284,-9615772,456512
2009/10/22,0,2771447,-7566612,-4795165
2009/10/23,0,2431000,-10744459,-8313459
2009/10/26,0,2443775,-4151514,-1707739
2009/10/27,0,2628900,-6444560,-3815660
2009/10/28,0,3815000,-3284395,530605
2009/10/29,0,1153000,-5074192,-3921192
2009/10/30,0,1593841,-2260043,-666202
2009/11/02,0,4984040,-1570002,3414038
2009/11/03,0,4187000,-2404014,1782986
2009/11/04,0,1527497,-682732,844765
2009/11/05,0,1510521,-883000,627521
2009/11/06,0,1374001,-709530,664471
2009/11/09,0,1399954,-35000,1364954
2009/11/10,0,6811309,-1515373,5295936
2009/11/11,0,6007560,-413056,5594504
2009/11/12,0,4568497,-3458371,1110126
2009/11/13,0,2790600,-1034624,1755976
2009/11/16,0,4037200,-924035,3113165
2009/11/17,0,3301989,-3455083,-153094
2009/11/18,0,1509940,-1631533,-121593
2009/11/19,0,2203152,-1836454,366698
2009/11/20,0,5330940,-3453729,1877211
2009/11/23,0,5240940,-916166,4324774
2009/11/24,0,3090282,-4292038,-1201756
2009/11/25,0,2584335,-3823005,-1238670
2009/11/26,0,2428400,-1048891,1379509
2009/11/27,0,1294400,-3048534,-1754134
2009/11/30,0,1499937,-1683882,-183945
2009/12/01,0,1464400,-2141648,-677248
2009/12/02,0,3872673,-4170652,-297979
2009/12/03,0,1378310,-1866698,-488388
2009/12/04,0,1019000,-2806411,-1787411
2009/12/07,0,4705000,-757011,3947989
2009/12/08,0,4759100,-881447,3877653
2009/12/09,0,3606000,-2672127,933873
2009/12/10,0,2769000,-2073331,695669
2009/12/11,0,1045903,-1256424,-210521
2009/12/14,0,1321486,-299754,1021732
2009/12/15,0,1768184,-1460321,307863
2009/12/16,0,2162360,-1638819,523541
2009/12/17,0,3621169,-2120801,1500368
2009/12/18,0,2488000,-1995207,492793
2009/12/21,0,3006214,-2769540,236674
2009/12/22,0,3320000,-1572366,1747634
2009/12/23,0,2339440,-230646,2108794
2009/12/24,0,1776000,-328870,1447130
2009/12/25,0,641000,-20000,621000
2009/12/28,0,1469000,-666066,802934
2009/12/29,0,991500,-555990,435510
2009/12/30,0,4540000,-1237715,3302285
2009/12/31,0,1160000,-405859,754141
2010/01/01,0,0,0,0
2010/01/04,0,2447082,-615078,1832004
2010/01/05,0,3829000,-1342585,2486415
2010/01/06,0,3920600,-2491717,1428883
2010/01/07,0,3076100,-2101513,974587
2010/01/08,0,2925664,-2965337,-39673
2010/01/11,0,2224831,-648000,1576831
2010/01/12,0,1829584,-1166885,662699
2010/01/13,0,3260000,-2719599,540401
2010/01/14,0,4179143,-1871636,2307507
2010/01/15,0,7132345,-3200412,3931933
2010/01/18,0,1918400,-339820,1578580
2010/01/19,0,1146000,-765670,380330
2010/01/20,0,2891000,-1199012,1691988
2010/01/21,0,1413224,-4053832,-2640608
2010/01/22,0,3189000,-6868485,-3679485
2010/01/25,0,1596240,-2137487,-541247
2010/01/26,0,1686020,-3134711,-1448691
2010/01/27,0,2437000,-1344300,1092700
2010/01/28,0,1508038,-2547012,-1038974
2010/01/29,0,3690000,-4636420,-946420
2010/02/01,0,1022631,-1901930,-879299
2010/02/02,0,2237000,-3432331,-1195331
2010/02/03,0,2914930,-2905186,9744
2010/02/04,0,2237000,-1971431,265569
2010/02/05,0,2739674,-3353510,-613836
2010/02/08,0,1026670,-1547604,-520934
2010/02/09,0,2309641,-2881040,-571399
2010/02/10,0,1700364,-1192995,507369
2010/02/11,0,0,0,0
2010/02/12,0,0,0,0
2010/02/15,0,0,0,0
2010/02/16,0,0,0,0
2010/02/17,0,0,0,0
2010/02/18,0,0,0,0
2010/02/19,0,0,0,0
2010/02/22,0,4690394,-1995354,2695040
2010/02/23,0,2752099,-1397253,1354846
2010/02/24,0,1966000,-2331532,-365532
2010/02/25,0,4325000,-6090812,-1765812
2010/02/26,0,4004294,-5811229,-1806935
2010/03/01,0,4696100,-2979303,1716797
2010/03/02,0,2657000,-1891228,765772
2010/03/03,0,2814000,-245204,2568796
2010/03/04,0,1030309,-1683094,-652785
2010/03/05,0,1814075,-3118175,-1304100
2010/03/08,0,5025642,-1717452,3308190
2010/03/09,0,2662980,-639594,2023386
2010/03/10,0,3144652,-613684,2530968
2010/03/11,0,3390283,-942120,2448163
2010/03/12,0,1933687,-1704060,229627
2010/03/15,0,2694000,-1561083,1132917
2010/03/16,0,2005000,-2129299,-124299
2010/03/17,0,3351119,-622037,2729082
2010/03/18,0,3396000,-3387144,8856
2010/03/19,0,1439803,-2909052,-1469249
2010/03/22,0,818890,-1808038,-989148
2010/03/23,0,908000,-5461984,-4553984
2010/03/24,0,1678200,-2717355,-1039155
2010/03/25,0,2841746,-2365180,476566
2010/03/26,0,9511000,-2226004,7284996
2010/03/29,0,4213000,-2245358,1967642
2010/03/30,0,1717100,-1877466,-160366
2010/03/31,0,2659438,-2428099,231339
2010/04/01,0,5491861,-2749013,2742848
2010/04/02,0,1319008,-567092,751916
2010/04/05,0,0,0,0
2010/04/06,0,2474500,-576938,1897562
2010/04/07,0,1731360,-1930495,-199135
2010/04/08,0,1205389,-2771151,-1565762
2010/04/09,0,702365,-1524077,-821712
2010/04/12,0,1218890,-1862670,-643780
2010/04/13,0,2185047,-1932023,253024
2010/04/14,0,1922997,-1969420,-46423
2010/04/15,0,1716000,-1376414,339586
2010/04/16,0,756930,-843400,-86470
2010/04/19,0,1592000,-2886650,-1294650
2010/04/20,0,3914306,-6187244,-2272938
2010/04/21,0,5122160,-1622177,3499983
2010/04/22,0,7314000,-2052028,5261972
2010/04/23,0,3669000,-1387564,2281436
2010/04/26,0,5522100,-1031724,4490376
2010/04/27,0,6902282,-5457713,1444569
2010/04/28,0,1460000,-1756177,-296177
2010/04/29,0,1282000,-4884700,-3602700
2010/04/30,0,3448683,-8303278,-4854595
2010/05/03,0,1177000,-3585262,-2408262
2010/05/04,0,1182000,-1193137,-11137
2010/05/05,0,2306541,-3598340,-1291799
2010/05/06,0,945478,-2410024,-1464546
2010/05/07,0,2150789,-1706766,444023
2010/05/10,0,1223780,-1606470,-382690
2010/05/11,0,1369000,-1566711,-197711
2010/05/12,0,522802,-981678,-458876
2010/05/13,0,1469000,-2623246,-1154246
2010/05/14,0,1301000,-1630996,-329996
2010/05/17,0,478000,-1385460,-907460
2010/05/18,0,772000,-1988553,-1216553
2010/05/19,0,2067000,-2354034,-287034
2010/05/20,0,1223000,-2051654,-828654
2010/05/21,0,2954000,-4959722,-2005722
2010/05/24,0,1060000,-2081222,-1021222
2010/05/25,0,1079820,-1777696,-697876
2010/05/26,0,2333650,-2196450,137200
2010/05/27,0,1519000,-1659118,-140118
2010/05/28,0,2608000,-1443022,1164978
2010/05/31,0,1330508,-665346,665162
2010/06/01,0,1189000,-950961,238039
2010/06/02,0,1920306,-1513645,406661
2010/06/03,0,3620000,-400754,3219246
2010/06/04,0,2407000,-1614144,792856
2010/06/07,0,1654000,-1642220,11780
2010/06/08,0,708327,-728000,-19673
2010/06/09,0,3380674,-1259000,2121674
2010/06/10,0,1600000,-1176290,423710
2010/06/11,0,3834473,-3670346,164127
2010/06/14,0,2964503,-4383500,-1418997
2010/06/15,0,5965947,-7988048,-2022101
2010/06/16,0,0,0,0
2010/06/17,0,4829323,-8969457,-4140134
2010/06/18,0,3891118,-8793842,-4902724
2010/06/21,0,4303380,-3447840,855540
2010/06/22,0,1471098,-2262890,-791792
2010/06/23,0,2300427,-2558336,-257909
2010/06/24,0,1005471,-3011706,-2006235
2010/06/25,0,1786035,-5425327,-3639292
2010/06/28,0,2011000,-7086169,-5075169
2010/06/29,0,6423651,-9649142,-3225491
2010/06/30,0,2642000,-6587541,-3945541
2010/07/01,0,1474030,-9187028,-7712998
2010/07/02,0,2478000,-10290063,-7812063
2010/07/05,0,1116530,-888888,227642
2010/07/06,0,2464319,-1529614,934705
2010/07/07,0,2297958,-2615006,-317048
2010/07/08,0,2148000,-1661754,486246
2010/07/09,0,4213723,-1411746,2801977
2010/07/12,0,3430858,-3388181,42677
2010/07/13,0,1077000,-3090766,-2013766
2010/07/14,0,2743238,-2099844,643394
2010/07/15,0,2016465,-5169186,-3152721
2010/07/16,0,4151055,-4781354,-630299
2010/07/19,0,1933000,-3188800,-1255800
2010/07/20,0,1006930,-2841754,-1834824
2010/07/21,0,1272000,-3802029,-2530029
2010/07/22,0,1689440,-4452826,-2763386
2010/07/23,0,3293230,-1866072,1427158
2010/07/26,0,4049000,-874117,3174883
2010/07/27,0,10040495,-3388299,6652196
2010/07/28,0,2648700,-11082314,-8433614
2010/07/29,0,3155925,-7154409,-3998484
2010/07/30,0,1868535,-4130000,-2261465
2010/08/02,0,6409024,-5407146,1001878
2010/08/03,0,6647100,-5210525,1436575
2010/08/04,0,4541693,-5287463,-745770
2010/08/05,0,3744924,-2904740,840184
2010/08/06,0,4204510,-3450800,753710
2010/08/09,0,4525000,-1176000,3349000
2010/08/10,0,4135983,-4357144,-221161
2010/08/11,0,5050619,-3573283,1477336
2010/08/12,0,1591584,-2330172,-738588
2010/08/13,0,2995563,-3591670,-596107
2010/08/16,0,1786789,-2131079,-344290
2010/08/17,0,2044000,-1989394,54606
2010/08/18,0,3618000,-6844970,-3226970
2010/08/19,0,1881000,-3555278,-1674278
2010/08/20,0,956450,-1976204,-1019754
2010/08/23,0,2370364,-1000639,1369725
2010/08/24,0,1297183,-2080190,-783007
2010/08/25,0,3683452,-6365957,-2682505
2010/08/26,0,953648,-1369004,-415356
2010/08/27,0,821000,-2548333,-1727333
2010/08/30,0,3167949,-2334533,833416
2010/08/31,0,2100000,-2075215,24785
2010/09/01,0,2878259,-4003261,-1125002
2010/09/02,0,2112404,-1495224,617180
2010/09/03,0,6041055,-5746402,294653
2010/09/06,0,2392019,-1198099,1193920
2010/09/07,0,1980408,-1151878,828530
2010/09/08,0,796022,-2287179,-1491157
2010/09/09,0,730000,-2673012,-1943012
2010/09/10,0,975700,-1128378,-152678
2010/09/13,0,2765112,-521029,2244083
2010/09/14,0,3115686,-3381512,-265826
2010/09/15,0,2221733,-5128313,-2906580
2010/09/16,0,2154000,-3193019,-1039019
2010/09/17,0,4434158,-3833749,600409
2010/09/20,0,1554000,-2220220,-666220
2010/09/21,0,1473500,-5104092,-3630592
2010/09/22,0,0,0,0
2010/09/23,0,3070199,-7053734,-3983535
2010/09/24,0,2220760,-10821270,-8600510
2010/09/27,0,2570960,-2957329,-386369
2010/09/28,0,1337560,-3227704,-1890144
2010/09/29,0,2994000,-5617594,-2623594
2010/09/30,0,1846990,-4316694,-2469704
2010/10/01,0,5188094,-5759547,-571453
2010/10/04,0,2780470,-5939474,-3159004
2010/10/05,0,4068255,-8332021,-4263766
2010/10/06,0,2922597,-7035767,-4113170
2010/10/07,0,2610387,-5757950,-3147563
2010/10/08,0,8453930,-9763311,-1309381
2010/10/11,0,3222710,-3119251,103459
2010/10/12,0,3437090,-5338298,-1901208
2010/10/13,0,3617754,-5284816,-1667062
2010/10/14,0,4506308,-4928763,-422455
2010/10/15,0,3009350,-5084787,-2075437
2010/10/18,0,1340389,-6653827,-5313438
2010/10/19,0,3029740,-4864480,-1834740
2010/10/20,0,4372000,-4886157,-514157
2010/10/21,0,4107441,-4246812,-139371
2010/10/22,0,2524346,-1924976,599370
2010/10/25,0,2430000,-2235187,194813
2010/10/26,0,1294010,-1294719,-709
2010/10/27,0,2892170,-3875846,-983676
2010/10/28,0,4646581,-5035032,-388451
2010/10/29,0,3488000,-5284538,-1796538
2010/11/01,0,5421400,-5330021,91379
2010/11/02,0,6708270,-6933374,-225104
2010/11/03,0,6925800,-3022326,3903474
2010/11/04,0,2377268,-3426588,-1049320
2010/11/05,0,6677527,-7531643,-854116
2010/11/08,0,2594000,-4852639,-2258639
2010/11/09,0,871050,-3115248,-2244198
2010/11/10,0,1540000,-3997249,-2457249
2010/11/11,0,663016,-4151372,-3488356
2010/11/12,0,727532,-3350913,-2623381
2010/11/15,0,794150,-1635321,-841171
2010/11/16,0,1660000,-3342166,-1682166
2010/11/17,0,897000,-2781558,-1884558
2010/11/18,0,2247000,-4842792,-2595792
2010/11/19,0,717680,-3030763,-2313083
2010/11/22,0,1049620,-3458048,-2408428
2010/11/23,0,5571582,-6690323,-1118741
2010/11/24,0,3062000,-4586590,-1524590
2010/11/25,0,1955000,-888000,1067000
2010/11/26,0,879000,-3323877,-2444877
2010/11/29,0,1110785,-3097405,-1986620
2010/11/30,0,1498673,-4336852,-2838179
2010/12/01,0,1390500,-1425993,-35493
2010/12/02,0,1569090,-1452691,116399
2010/12/03,0,3196000,-2711164,484836
2010/12/06,0,2833729,-3986594,-1152865
2010/12/07,0,552920,-614017,-61097
2010/12/08,0,714000,-1214025,-500025
2010/12/09,0,1759000,-1232355,526645
2010/12/10,0,597095,-1366483,-769388
2010/12/13,0,1763000,-184938,1578062
2010/12/14,0,3162000,-632818,2529182
2010/12/15,0,1065000,-1716016,-651016
2010/12/16,0,768500,-1396832,-628332
2010/12/17,0,2829000,-412136,2416864
2010/12/20,0,807730,-411000,396730
2010/12/21,0,458000,-258212,199788
2010/12/22,0,680700,-4231855,-3551155
2010/12/23,0,501000,-253281,247719
2010/12/24,0,207490,-106000,101490
2010/12/27,0,585765,-108100,477665
2010/12/28,0,1812000,-275022,1536978
2010/12/29,0,1360980,-2125600,-764620
2010/12/30,0,1100800,-1786052,-685252
2010/12/31,0,540000,-460350,79650
2011/01/03,0,774040,-618086,155954
2011/01/04,0,780910,-1393034,-612124
2011/01/05,0,4860404,-1591009,3269395
2011/01/06,0,580000,-1305338,-725338
2011/01/07,0,1732000,-6020473,-4288473
2011/01/10,0,1118500,-1885782,-767282
2011/01/11,0,3365681,-788516,2577165
2011/01/12,0,2689017,-747053,1941964
2011/01/13,0,4971916,-4089078,882838
2011/01/14,0,427000,-2539096,-2112096
2011/01/17,0,539556,-2386045,-1846489
2011/01/18,0,797125,-1225392,-428267
2011/01/19,0,1207000,-1261403,-54403
2011/01/20,0,1435753,-1647325,-211572
2011/01/21,0,726000,-1454699,-728699
2011/01/24,0,726000,-1330321,-604321
2011/01/25,0,1087000,-938567,148433
2011/01/26,0,837931,-553671,284260
2011/01/27,0,696500,-1327424,-630924
2011/01/28,0,1618440,-4832882,-3214442
2011/01/31,0,0,0,0
2011/02/01,0,0,0,0
2011/02/02,0,0,0,0
2011/02/03,0,0,0,0
2011/02/04,0,0,0,0
2011/02/07,0,0,0,0
2011/02/08,0,6276666,-7010215,-733549
2011/02/09,0,4574735,-10612547,-6037812
2011/02/10,0,4799000,-4476877,322123
2011/02/11,0,3522614,-5299983,-1777369
2011/02/14,0,2258000,-2709078,-451078
2011/02/15,0,2658000,-1850894,807106
2011/02/16,0,1659954,-2104538,-444584
2011/02/17,0,1439288,-2064677,-625389
2011/02/18,0,1642000,-751271,890729
2011/02/21,0,1166170,-1776121,-609951
2011/02/22,0,2551869,-3011555,-459686
2011/02/23,0,3785811,-3439996,345815
2011/02/24,0,404121,-1785212,-1381091
2011/02/25,0,1362000,-4623611,-3261611
2011/02/28,0,0,0,0
2011/03/01,0,1153000,-3880116,-2727116
2011/03/02,0,1044171,-2545182,-1501011
2011/03/03,0,1004000,-2970400,-1966400
2011/03/04,0,688741,-1366187,-677446
2011/03/07,0,701000,-1550008,-849008
2011/03/08,0,1556000,-351069,1204931
2011/03/09,0,1705015,-674349,1030666
2011/03/10,0,1245000,-1927893,-682893
2011/03/11,0,1170000,-1049212,120788
2011/03/14,0,1145000,-1006896,138104
2011/03/15,0,1263000,-1662450,-399450
2011/03/16,0,1840000,-1087589,752411
2011/03/17,0,3615012,-2897800,717212
2011/03/18,0,2095609,-2679896,-584287
2011/03/21,0,321000,-1144938,-823938
2011/03/22,0,737843,-1140786,-402943
2011/03/23,0,2175000,-1997719,177281
2011/03/24,0,667000,-3185081,-2518081
2011/03/25,0,1488671,-904000,584671
2011/03/28,0,619250,-810000,-190750
2011/03/29,0,947550,-2352062,-1404512
2011/03/30,0,1206000,-1360034,-154034
2011/03/31,0,2210397,-2106303,104094
2011/04/01,0,1271383,-955167,316216
2011/04/04,0,0,0,0
2011/04/05,0,0,0,0
2011/04/06,0,7235867,-7008056,227811
2011/04/07,0,2623150,-1924996,698154
2011/04/08,0,2284394,-784907,1499487
2011/04/11,0,2952491,-1052110,1900381
2011/04/12,0,320538,-1428936,-1108398
2011/04/13,0,688000,-1176885,-488885
2011/04/14,0,584000,-1830293,-1246293
2011/04/15,0,165000,-1390010,-1225010
2011/04/18,0,825000,-3409067,-2584067
2011/04/19,0,661000,-4972224,-4311224
2011/04/20,0,2378712,-3510200,-1131488
2011/04/21,0,1536829,-1171004,365825
2011/04/22,0,511000,-569125,-58125
2011/04/25,0,294000,-719000,-425000
2011/04/26,0,1183846,-1524000,-340154
2011/04/27,0,762000,-3153126,-2391126
2011/04/28,0,758730,-2697028,-1938298
2011/04/29,0,1157749,-1865375,-707626
2011/05/02,0,0,0,0
2011/05/03,0,5805000,-1936000,3869000
2011/05/04,0,5345278,-2564000,2781278
2011/05/05,0,5978345,-5072250,906095
2011/05/06,0,2125044,-2303000,-177956
2011/05/09,0,6469000,-1449853,5019147
2011/05/10,0,841750,-634000,207750
2011/05/11,0,1364000,-1178000,186000
2011/05/12,0,1754000,-1997001,-243001
2011/05/13,0,696000,-1662000,-966000
2011/05/16,0,358000,-1535200,-1177200
2011/05/17,0,1787000,-5924500,-4137500
2011/05/18,0,561000,-1460052,-899052
2011/05/19,0,713000,-2336979,-1623979
2011/05/20,0,798000,-1774956,-976956
2011/05/23,0,1165000,-4388997,-3223997
2011/05/24,0,1018000,-3424209,-2406209
2011/05/25,0,340000,-2615000,-2275000
2011/05/26,0,543302,-3218780,-2675478
2011/05/27,0,600000,-5540401,-4940401
2011/05/30,0,1075000,-760000,315000
2011/05/31,0,3254066,-2285746,968320
2011/06/01,0,2626575,-1359039,1267536
2011/06/02,0,1289000,-2413248,-1124248
2011/06/03,0,570880,-985532,-414652
2011/06/06,0,0,0,0
2011/06/07,0,870900,-3606360,-2735460
2011/06/08,0,3933466,-2305887,1627579
2011/06/09,0,1041000,-1370224,-329224
2011/06/10,0,630027,-6704626,-6074599
2011/06/13,0,1079000,-4004069,-2925069
2011/06/14,0,1416000,-3288566,-1872566
2011/06/15,0,1830000,-4003985,-2173985
2011/06/16,0,727664,-1973670,-1246006
2011/06/17,0,3024625,-2427025,597600
2011/06/20,0,1003000,-412346,590654
2011/06/21,0,5078000,-2868023,2209977
2011/06/22,0,3934000,-1634210,2299790
2011/06/23,0,4054443,-3365248,689195
2011/06/24,0,1449039,-4498295,-3049256
2011/06/27,0,2184000,-2481478,-297478
2011/06/28,0,2081100,-1548720,532380
2011/06/29,0,3432000,-2151856,1280144
2011/06/30,0,2460000,-3185350,-725350
2011/07/01,0,463511,-2391618,-1928107
2011/07/04,0,496334,-2162000,-1665666
2011/07/05,0,341540,-2276458,-1934918
2011/07/06,0,579574,-2242763,-1663189
2011/07/07,0,750458,-1406540,-656082
2011/07/08,0,825213,-4738224,-3913011
2011/07/11,0,451249,-2523403,-2072154
2011/07/12,0,3814527,-7139349,-3324822
2011/07/13,0,3795797,-9800681,-6004884
2011/07/14,0,6620923,-6764427,-143504
2011/07/15,0,2455763,-4375001,-1919238
2011/07/18,0,1489908,-3747500,-2257592
2011/07/19,0,2263000,-2386199,-123199
2011/07/20,0,4048172,-3814546,233626
2011/07/21,0,464333,-1278348,-814015
2011/07/22,0,3484602,-5938719,-2454117
2011/07/25,0,1784425,-2556900,-772475
2011/07/26,0,2316842,-4422642,-2105800
2011/07/27,0,728201,-4339868,-3611667
2011/07/28,0,967794,-6884091,-5916297
2011/07/29,0,1884704,-3356495,-1471791
2011/08/01,0,1311530,-5949000,-4637470
2011/08/02,0,2727526,-7633737,-4906211
2011/08/03,0,2835067,-7876000,-5040933
2011/08/04,0,1259802,-6154120,-4894318
2011/08/05,0,7630529,-3975750,3654779
2011/08/08,0,1993110,-3883067,-1889957
2011/08/09,0,5282000,-3984094,1297906
2011/08/10,0,6305185,-4809302,1495883
2011/08/11,0,4589000,-2454000,2135000
2011/08/12,0,2006862,-1805860,201002
2011/08/15,0,1904456,-388000,1516456
2011/08/16,0,1395000,-1182000,213000
2011/08/17,0,538370,-2608585,-2070215
2011/08/18,0,1123058,-1950521,-827463
2011/08/19,0,1888597,-1385158,503439
2011/08/22,0,2471230,-1555782,915448
2011/08/23,0,3448750,-3351724,97026
2011/08/24,0,7511522,-1600921,5910601
2011/08/25,0,5793195,-581910,5211285
2011/08/26,0,6637189,-1338761,5298428
2011/08/29,0,2919000,-2935189,-16189
2011/08/30,0,4368822,-4097000,271822
2011/08/31,0,3345154,-2154714,1190440
2011/09/01,0,4055840,-1707810,2348030
2011/09/02,0,3099084,-2464273,634811
2011/09/05,0,3119702,-6561721,-3442019
2011/09/06,0,3458981,-6352631,-2893650
2011/09/07,0,3007204,-7793000,-4785796
2011/09/08,0,3198487,-3079001,119486
2011/09/09,0,2451000,-4137000,-1686000
2011/09/12,0,0,0,0
2011/09/13,0,1523515,-1418132,105383
2011/09/14,0,2531793,-1440076,1091717
2011/09/15,0,6083000,-1101067,4981933
2011/09/16,0,9179300,-2105595,7073705
2011/09/19,0,2639557,-1102000,1537557
2011/09/20,0,10423999,-800502,9623497
2011/09/21,0,20426701,-2675796,17750905
2011/09/22,0,9504600,-3642100,5862500
2011/09/23,0,5858427,-10668611,-4810184
2011/09/26,0,3791383,-2661008,1130375
2011/09/27,0,3572000,-2806847,765153
2011/09/28,0,4329025,-2229000,2100025
2011/09/29,0,4059912,-1032200,3027712
2011/09/30,0,2226800,-1331000,895800
2011/10/03,0,2629139,-2741400,-112261
2011/10/04,0,2841578,-1794000,1047578
2011/10/05,0,2373820,-1364971,1008849
2011/10/06,0,2802000,-2152764,649236
2011/10/07,0,3248050,-4638584,-1390534
2011/10/10,0,0,0,0
2011/10/11,0,5079015,-3164669,1914346
2011/10/12,0,2169352,-2878352,-709000
2011/10/13,0,6198258,-2701100,3497158
2011/10/14,0,4055541,-773424,3282117
2011/10/17,0,1466495,-1085804,380691
2011/10/18,0,3054295,-4554750,-1500455
2011/10/19,0,1826640,-3640000,-1813360
2011/10/20,0,3083167,-3733500,-650333
2011/10/21,0,2294678,-2029815,264863
2011/10/24,0,4606988,-4763765,-156777
2011/10/25,0,6216601,-4887199,1329402
2011/10/26,0,1264600,-3994333,-2729733
2011/10/27,0,1068500,-7306568,-6238068
2011/10/28,0,2801317,-1941892,859425
2011/10/31,0,2488000,-10007000,-7519000
2011/11/01,0,1476000,-5493943,-4017943
2011/11/02,0,1621400,-2602900,-981500
2011/11/03,0,959000,-4486000,-3527000
2011/11/04,0,1509195,-2235000,-725805
2011/11/07,0,360300,-862100,-501800
2011/11/08,0,357250,-1594788,-1237538
2011/11/09,0,558096,-1329939,-771843
2011/11/10,0,300096,-2473000,-2172904
2011/11/11,0,1833000,-2649500,-816500
2011/11/14,0,1619370,-1137000,482370
2011/11/15,0,616000,-2309000,-1693000
2011/11/16,0,631807,-2395176,-1763369
2011/11/17,0,2633474,-2158048,475426
2011/11/18,0,2408000,-2177811,230189
2011/11/21,0,1491000,-1870537,-379537
2011/11/22,0,1072000,-3699000,-2627000
2011/11/23,0,1615994,-2538000,-922006
2011/11/24,0,1909722,-4296472,-2386750
2011/11/25,0,2864000,-3532000,-668000
2011/11/28,0,2063740,-2074000,-10260
2011/11/29,0,1843000,-1719000,124000
2011/11/30,0,5631717,-5737597,-105880
2011/12/01,0,2169000,-2611968,-442968
2011/12/02,0,1671000,-741300,929700
2011/12/05,0,736000,-1519003,-783003
2011/12/06,0,817000,-3486800,-2669800
2011/12/07,0,2891574,-2706600,184974
2011/12/08,0,1148000,-2964000,-1816000
2011/12/09,0,2052100,-1814000,238100
2011/12/12,0,1622600,-1237001,385599
2011/12/13,0,3827000,-2728000,1099000
2011/12/14,0,570500,-2742582,-2172082
2011/12/15,0,1805000,-4424196,-2619196
2011/12/16,0,727000,-2243814,-1516814
2011/12/19,0,812900,-1017563,-204663
2011/12/20,0,2360000,-1936819,423181
2011/12/21,0,1196000,-2220140,-1024140
2011/12/22,0,1038000,-1423196,-385196
2011/12/23,0,1569000,-2497241,-928241
2011/12/26,0,827000,-629002,197998
2011/12/27,0,476000,-464000,12000
2011/12/28,0,645539,-2866000,-2220461
2011/12/29,0,1275260,-1639365,-364105
2011/12/30,0,1648532,-1706529,-57997
2012/01/02,0,389000,-829000,-440000
2012/01/03,0,1104000,-746000,358000
2012/01/04,0,1300911,-2790000,-1489089
2012/01/05,0,740000,-2450000,-1710000
2012/01/06,0,1125322,-5561255,-4435933
2012/01/09,0,448000,-4611000,-4163000
2012/01/10,0,1821000,-3822000,-2001000
2012/01/11,0,956900,-2745973,-1789073
2012/01/12,0,983000,-3328001,-2345001
2012/01/13,0,1898000,-4410500,-2512500
2012/01/16,0,398000,-3114740,-2716740
2012/01/17,0,1774000,-4016000,-2242000
2012/01/18,0,2198000,-3366000,-1168000
2012/01/19,0,0,0,0
2012/01/20,0,0,0,0
2012/01/23,0,0,0,0
2012/01/24,0,0,0,0
2012/01/25,0,0,0,0
2012/01/26,0,0,0,0
2012/01/27,0,0,0,0
2012/01/30,0,7290592,-4402929,2887663
2012/01/31,0,6500328,-5570700,929628
2012/02/01,0,2365020,-1704000,661020
2012/02/02,0,3125000,-3847000,-722000
2012/02/03,0,3042000,-1910165,1131835
2012/02/06,0,6883000,-5580620,1302380
2012/02/07,0,2749577,-3100852,-351275
2012/02/08,0,3992389,-3043111,949278
2012/02/09,0,2618000,-4144922,-1526922
2012/02/10,0,3078000,-1577000,1501000
2012/02/13,0,2278000,-2663828,-385828
2012/02/14,0,3006027,-1639710,1366317
2012/02/15,0,1282000,-399401,882599
2012/02/16,0,928000,-1671000,-743000
2012/02/17,0,2171000,-2483015,-312015
2012/02/20,0,1562000,-510000,1052000
2012/02/21,0,917047,-819894,97153
2012/02/22,0,2051000,-2182000,-131000
2012/02/23,0,718447,-4412182,-3693735
2012/02/24,0,1045468,-791000,254468
2012/02/27,0,0,0,0
2012/02/28,0,0,0,0
2012/02/29,0,2482543,-7633023,-5150480
2012/03/01,0,1307655,-1106913,200742
2012/03/02,0,1650671,-2065933,-415262
2012/03/05,0,353000,-1442000,-1089000
2012/03/06,0,2648000,-1892200,755800
2012/03/07,0,1010000,-1587973,-577973
2012/03/08,0,973100,-4625330,-3652230
2012/03/09,0,2532000,-4522000,-1990000
2012/03/12,0,705000,-1826936,-1121936
2012/03/13,0,1542000,-1456500,85500
2012/03/14,0,2219784,-2283520,-63736
2012/03/15,0,4584000,-3643373,940627
2012/03/16,0,1428000,-3959803,-2531803
2012/03/19,0,646000,-2062957,-1416957
2012/03/20,0,1192000,-3862000,-2670000
2012/03/21,0,1039377,-3156048,-2116671
2012/03/22,0,1197000,-3458500,-2261500
2012/03/23,0,664000,-5743990,-5079990
2012/03/26,0,548289,-3183208,-2634919
2012/03/27,0,738500,-1191490,-452990
2012/03/28,0,3100000,-6222550,-3122550
2012/03/29,0,4690326,-3681854,1008472
2012/03/30,0,3292340,-2282750,1009590
2012/04/02,0,1375000,-1567458,-192458
2012/04/03,0,3510379,-1136750,2373629
2012/04/04,0,0,0,0
2012/04/05,0,995000,-1180000,-185000
2012/04/06,0,58000,-2558830,-2500830
2012/04/09,0,151000,-1039000,-888000
2012/04/10,0,1548000,-1106000,442000
2012/04/11,0,1049000,-970132,78868
2012/04/12,0,1979000,-2163030,-184030
2012/04/13,0,2620524,-2520884,99640
2012/04/16,0,3240000,-2218680,1021320
2012/04/17,0,1943208,-1819000,124208
2012/04/18,0,2586000,-448000,2138000
2012/04/19,0,1694600,-206000,1488600
2012/04/20,0,3042922,-3094092,-51170
2012/04/23,0,1355494,-2500000,-1144506
2012/04/24,0,1313000,-3176847,-1863847
2012/04/25,0,2735000,-3226963,-491963
2012/04/26,0,2295000,-2127000,168000
2012/04/27,0,4712963,-5576000,-863037
2012/04/30,0,6044000,-3335011,2708989
2012/05/01,0,0,0,0
2012/05/02,0,4627000,-8081190,-3454190
2012/05/03,0,4716000,-2172800,2543200
2012/05/04,0,3776000,-2569774,1206226
2012/05/07,0,4334000,-2662000,1672000
2012/05/08,0,2225000,-3273000,-1048000
2012/05/09,0,1246000,-1565286,-319286
2012/05/10,0,1351813,-1170752,181061
2012/05/11,0,762513,-1051921,-289408
2012/05/14,0,1698000,-472000,1226000
2012/05/15,0,1863000,-2846771,-983771
2012/05/16,0,1922548,-1828606,93942
2012/05/17,0,3378000,-947558,2430442
2012/05/18,0,1055000,-1332000,-277000
2012/05/21,0,610000,-1032598,-422598
2012/05/22,0,578000,-2471344,-1893344
2012/05/23,0,960548,-1923000,-962452
2012/05/24,0,1721000,-520636,1200364
2012/05/25,0,1481000,-1228477,252523
2012/05/28,0,1804880,-1156121,648759
2012/05/29,0,4107000,-1884000,2223000
2012/05/30,0,3501000,-3841222,-340222
2012/05/31,0,4102636,-7714102,-3611466
2012/06/01,0,702000,-1272016,-570016
2012/06/04,0,1598541,-1926937,-328396
2012/06/05,0,682000,-1700880,-1018880
2012/06/06,0,1948000,-1156000,792000
2012/06/07,0,3029550,-1400000,1629550
2012/06/08,0,1232497,-2545000,-1312503
2012/06/11,0,1110336,-987100,123236
2012/06/12,0,2298000,-2698000,-400000
2012/06/13,0,1527548,-672000,855548
2012/06/14,0,2052460,-2188730,-136270
2012/06/15,0,3244000,-2748325,495675
2012/06/18,0,4461568,-707011,3754557
2012/06/19,0,2045806,-1369002,676804
2012/06/20,0,3918882,-2498840,1420042
2012/06/21,0,827100,-1899300,-1072200
2012/06/22,0,1119889,-2709000,-1589111
2012/06/25,0,9510000,-3559008,5950992
2012/06/26,0,4724000,-1955000,2769000
2012/06/27,0,1917000,-1639352,277648
2012/06/28,0,4239000,-2295000,1944000
2012/06/29,0,2465649,-3229449,-763800
2012/07/02,0,1215000,-2945000,-1730000
2012/07/03,0,2150548,-1375556,774992
2012/07/04,0,3135188,-3378000,-242812
2012/07/05,0,1648000,-966000,682000
2012/07/06,0,1512000,-581000,931000
2012/07/09,0,1267400,-1065400,202000
2012/07/10,0,1049000,-1217196,-168196
2012/07/11,0,1277000,-953000,324000
2012/07/12,0,2722000,-2955415,-233415
2012/07/13,0,2990342,-1904876,1085466
2012/07/16,0,1384000,-1235179,148821
2012/07/17,0,3014900,-1162000,1852900
2012/07/18,0,1651000,-2715448,-1064448
2012/07/19,0,578000,-656548,-78548
2012/07/20,0,1723000,-772464,950536
2012/07/23,0,433000,-2235850,-1802850
2012/07/24,0,1126600,-2762248,-1635648
2012/07/25,0,971000,-4447544,-3476544
2012/07/26,0,1247204,-3068525,-1821321
2012/07/27,0,4534000,-6084819,-1550819
2012/07/30,0,2599879,-5155001,-2555122
2012/07/31,0,10541338,-12042776,-1501438
2012/08/01,0,12604000,-1188004,11415996
2012/08/02,0,0,0,0
2012/08/03,0,12468145,-2666229,9801916
2012/08/06,0,4463500,-2813971,1649529
2012/08/07,0,3454203,-2166000,1288203
2012/08/08,0,6230134,-2463196,3766938
2012/08/09,0,5025000,-4715000,310000
2012/08/10,0,5610000,-3499000,2111000
2012/08/13,0,5468000,-4211000,1257000
2012/08/14,0,4013827,-4634000,-620173
2012/08/15,0,6709000,-7191031,-482031
2012/08/16,0,3430123,-509000,2921123
2012/08/17,0,5362500,-1403225,3959275
2012/08/20,0,5227000,-397000,4830000
2012/08/21,0,5566119,-4152074,1414045
2012/08/22,0,4713658,-1997128,2716530
2012/08/23,0,11238961,-2430811,8808150
2012/08/24,0,10159114,-3305181,6853933
2012/08/27,0,4056404,-2026456,2029948
2012/08/28,0,5631100,-989000,4642100
2012/08/29,0,4952000,-3231833,1720167
2012/08/30,0,5500784,-3156008,2344776
2012/08/31,0,6580347,-3916254,2664093
2012/09/03,0,1398000,-1107553,290447
2012/09/04,0,2721000,-650738,2070262
2012/09/05,0,1259009,-2300798,-1041789
2012/09/06,0,1581512,-1412382,169130
2012/09/07,0,8175506,-1263775,6911731
2012/09/10,0,8941000,-3177810,5763190
2012/09/11,0,4523400,-2175001,2348399
2012/09/12,0,3387000,-4007570,-620570
2012/09/13,0,3427000,-3076640,350360
2012/09/14,0,5274000,-1836581,3437419
2012/09/17,0,3266362,-2808774,457588
2012/09/18,0,2780000,-2657580,122420
2012/09/19,0,4129000,-5058231,-929231
2012/09/20,0,3003000,-5284371,-2281371
2012/09/21,0,4648367,-2433000,2215367
2012/09/24,0,3949300,-3259695,689605
2012/09/25,0,1796000,-1013670,782330
2012/09/26,0,2488000,-1159000,1329000
2012/09/27,0,2672434,-1150364,1522070
2012/09/28,0,9597700,-6960002,2637698
2012/10/01,0,2460400,-5421465,-2961065
2012/10/02,0,2867000,-377240,2489760
2012/10/03,0,2000880,-507426,1493454
2012/10/04,0,2059000,-1463972,595028
2012/10/05,0,4316654,-2096292,2220362
2012/10/08,0,6237492,-2241659,3995833
2012/10/09,0,4283000,-1132680,3150320
2012/10/10,0,0,0,0
2012/10/11,0,13182184,-8277558,4904626
2012/10/12,0,3584405,-2857400,727005
2012/10/15,0,1739962,-1723329,16633
2012/10/16,0,4854000,-5280883,-426883
2012/10/17,0,2713800,-3044878,-331078
2012/10/18,0,2162000,-1193684,968316
2012/10/19,0,2478000,-679242,1798758
2012/10/22,0,2317000,-936172,1380828
2012/10/23,0,1176023,-935977,240046
2012/10/24,0,2639000,-891680,1747320
2012/10/25,0,2471083,-1578280,892803
2012/10/26,0,1923532,-1385132,538400
2012/10/29,0,10630600,-2321960,8308640
2012/10/30,0,6183800,-5337760,846040
2012/10/31,0,4434000,-2858980,1575020
2012/11/01,0,3010000,-2316227,693773
2012/11/02,0,2269000,-1504894,764106
2012/11/05,0,2235000,-1830019,404981
2012/11/06,0,3522000,-4638900,-1116900
2012/11/07,0,4334200,-4846600,-512400
2012/11/08,0,5916302,-4790318,1125984
2012/11/09,0,5096000,-1870167,3225833
2012/11/12,0,1550000,-1050064,499936
2012/11/13,0,2486604,-2824000,-337396
2012/11/14,0,3690291,-3401658,288633
2012/11/15,0,3866762,-3151000,715762
2012/11/16,0,3267745,-2287713,980032
2012/11/19,0,1398774,-1246408,152366
2012/11/20,0,1425000,-2625000,-1200000
2012/11/21,0,1671000,-1891594,-220594
2012/11/22,0,1890000,-678305,1211695
2012/11/23,0,2542000,-956378,1585622
2012/11/26,0,2414000,-1335573,1078427
2012/11/27,0,2371000,-1145302,1225698
2012/11/28,0,1242200,-1993130,-750930
2012/11/29,0,3749000,-1347593,2401407
2012/11/30,0,4247400,-3584613,662787
2012/12/03,0,4428403,-1551300,2877103
2012/12/04,0,1883856,-1966974,-83118
2012/12/05,0,2227000,-594320,1632680
2012/12/06,0,3096000,-2945766,150234
2012/12/07,0,2844800,-5930019,-3085219
2012/12/10,0,2247450,-4327745,-2080295
2012/12/11,0,2720609,-3907464,-1186855
2012/12/12,0,3391603,-3460208,-68605
2012/12/13,0,5277227,-7642785,-2365558
2012/12/14,0,4535647,-2364097,2171550
2012/12/17,0,3568000,-2649000,919000
2012/12/18,0,1955393,-2380073,-424680
2012/12/19,0,4061620,-4411402,-349782
2012/12/20,0,1515040,-3414002,-1898962
2012/12/21,0,651000,-1971598,-1320598
2012/12/24,0,419000,-1016000,-597000
2012/12/25,0,685000,-905759,-220759
2012/12/26,0,2100616,-615000,1485616
2012/12/27,0,2363454,-1917042,446412
2012/12/28,0,3584649,-3920000,-335351
2012/12/31,0,0,0,0
2013/01/01,0,0,0,0
2013/01/02,0,2736000,-3080511,-344511
2013/01/03,0,4945708,-5183333,-237625
2013/01/04,0,4472000,-14299865,-9827865
2013/01/07,0,4123000,-8473423,-4350423
2013/01/08,0,3199206,-6616322,-3417116
2013/01/09,0,7503000,-3985166,3517834
2013/01/10,0,9018650,-5072000,3946650
2013/01/11,0,1685500,-1322500,363000
2013/01/14,0,2636526,-1282000,1354526
2013/01/15,0,2487500,-998077,1489423
2013/01/16,0,3448689,-3186048,262641
2013/01/17,0,3854300,-4080000,-225700
2013/01/18,0,1985000,-1860288,124712
2013/01/21,0,4244439,-1730599,2513840
2013/01/22,0,3101000,-1835462,1265538
2013/01/23,0,3902200,-3920554,-18354
2013/01/24,0,3629800,-3083397,546403
2013/01/25,0,4395576,-2238580,2156996
2013/01/28,0,3749032,-2616886,1132146
2013/01/29,0,3067228,-2210801,856427
2013/01/30,0,4751548,-3512000,1239548
2013/01/31,0,5946781,-5370796,575985
2013/02/01,0,4643146,-1744000,2899146
2013/02/04,0,5109100,-3007852,2101248
2013/02/05,0,5902116,-3344369,2557747
2013/02/06,0,2903198,-1320090,1583108
2013/02/07,0,0,0,0
2013/02/08,0,0,0,0
2013/02/11,0,0,0,0
2013/02/12,0,0,0,0
2013/02/13,0,0,0,0
2013/02/14,0,0,0,0
2013/02/15,0,0,0,0
2013/02/18,0,3433306,-3556330,-123024
2013/02/19,0,2177900,-2579733,-401833
2013/02/20,0,2651714,-2562630,89084
2013/02/21,0,3379000,-2381845,997155
2013/02/22,0,2488010,-1442480,1045530
2013/02/25,0,1295300,-2734311,-1439011
2013/02/26,0,1653850,-2248177,-594327
2013/02/27,0,3425000,-1912194,1512806
2013/02/28,0,0,0,0
2013/03/01,0,5699000,-1971844,3727156
2013/03/04,0,7523000,-4352172,3170828
2013/03/05,0,8514082,-3205686,5308396
2013/03/06,0,4998880,-2353573,2645307
2013/03/07,0,3340000,-1118288,2221712
2013/03/08,0,2192500,-1942732,249768
2013/03/11,0,6422462,-4781200,1641262
2013/03/12,0,5469528,-1190171,4279357
2013/03/13,0,1605710,-1416278,189432
2013/03/14,0,2200000,-2673178,-473178
2013/03/15,0,2448155,-2400731,47424
2013/03/18,0,2359000,-2659100,-300100
2013/03/19,0,3574000,-3277250,296750
2013/03/20,0,1157000,-3504188,-2347188
2013/03/21,0,4520426,-5295629,-775203
2013/03/22,0,1781244,-1613695,167549
2013/03/25,0,1373000,-2103000,-730000
2013/03/26,0,2257500,-2170905,86595
2013/03/27,0,2954000,-2941655,12345
2013/03/28,0,3260000,-1738470,1521530
2013/03/29,0,1782858,-773555,1009303
2013/04/01,0,1228888,-1351560,-122672
2013/04/02,0,1841201,-1680762,160439
2013/04/03,0,5305463,-2758428,2547035
2013/04/04,0,0,0,0
2013/04/05,0,0,0,0
2013/04/08,0,3637561,-4518525,-880964
2013/04/09,0,3126000,-2772455,353545
2013/04/10,0,3435000,-3591895,-156895
2013/04/11,0,404071,-2251000,-1846929
2013/04/12,0,678000,-1391562,-713562
2013/04/15,0,913737,-2656591,-1742854
2013/04/16,0,1644393,-2699520,-1055127
2013/04/17,0,2676678,-2161000,515678
2013/04/18,0,2305400,-1588344,717056
2013/04/19,0,9339500,-4032050,5307450
2013/04/22,0,8101702,-3498214,4603488
2013/04/23,0,3935000,-2660762,1274238
2013/04/24,0,3278000,-1651630,1626370
2013/04/25,0,1801744,-1522176,279568
2013/04/26,0,1714000,-1728150,-14150
2013/04/29,0,1804000,-1160703,643297
2013/04/30,0,1948256,-1729197,219059
2013/05/01,0,0,0,0
2013/05/02,0,2829000,-1702014,1126986
2013/05/03,0,2766500,-590500,2176000
2013/05/06,0,1422052,-801111,620941
2013/05/07,0,10405982,-4259611,6146371
2013/05/08,0,8421548,-3635607,4785941
2013/05/09,0,3176752,-1756028,1420724
2013/05/10,0,3321000,-2435000,886000
2013/05/13,0,2373211,-1728000,645211
2013/05/14,0,1342304,-1181222,161082
2013/05/15,0,2206000,-1379014,826986
2013/05/16,0,3424000,-643518,2780482
2013/05/17,0,5614700,-872000,4742700
2013/05/20,0,1901000,-443786,1457214
2013/05/21,0,2133500,-2030962,102538
2013/05/22,0,5427000,-2122100,3304900
2013/05/23,0,4645000,-5645000,-1000000
2013/05/24,0,1631171,-4197806,-2566635
2013/05/27,0,846428,-2513220,-1666792
2013/05/28,0,1735086,-2256099,-521013
2013/05/29,0,2349000,-2704917,-355917
2013/05/30,0,2346000,-3079599,-733599
2013/05/31,0,7716391,-5573122,2143269
2013/06/03,0,2309590,-2153354,156236
2013/06/04,0,3110886,-2515686,595200
2013/06/05,0,2827784,-3156405,-328621
2013/06/06,0,2863039,-3159105,-296066
2013/06/07,0,3823451,-3112866,710585
2013/06/10,0,3337100,-1624000,1713100
2013/06/11,0,3826995,-5621550,-1794555
2013/06/12,0,0,0,0
2013/06/13,0,2375108,-3388065,-1012957
2013/06/14,0,2198300,-3039992,-841692
2013/06/17,0,2084878,-3545065,-1460187
2013/06/18,0,1948753,-1686896,261857
2013/06/19,0,3033000,-2124812,908188
2013/06/20,0,2514000,-4661756,-2147756
2013/06/21,0,5337000,-9817374,-4480374
2013/06/24,0,1817000,-8275127,-6458127
2013/06/25,0,6168000,-8301137,-2133137
2013/06/26,0,8469171,-6930361,1538810
2013/06/27,0,6624446,-7659000,-1034554
2013/06/28,0,6602000,-6211000,391000
2013/07/01,0,2648000,-3585415,-937415
2013/07/02,0,1402729,-2592419,-1189690
2013/07/03,0,3594442,-2633557,960885
2013/07/04,0,1875000,-3996773,-2121773
2013/07/05,0,5097000,-4306100,790900
2013/07/08,0,6794000,-4777770,2016230
2013/07/09,0,3528000,-1199000,2329000
2013/07/10,0,3711110,-2315654,1395456
2013/07/11,0,4521637,-3886000,635637
2013/07/12,0,7334000,-4976000,2358000
2013/07/15,0,2621500,-2138000,483500
2013/07/16,0,2568820,-3281000,-712180
2013/07/17,0,3044000,-4432902,-1388902
2013/07/18,0,3257058,-3838870,-581812
2013/07/19,0,4621081,-5561557,-940476
2013/07/22,0,1859896,-2580603,-720707
2013/07/23,0,4230000,-2967296,1262704
2013/07/24,0,3495000,-2023000,1472000
2013/07/25,0,3916000,-2047100,1868900
2013/07/26,0,3894000,-2428120,1465880
2013/07/29,0,2735000,-1910394,824606
2013/07/30,0,2558500,-2460000,98500
2013/07/31,0,3882000,-2034896,1847104
2013/08/01,0,2443184,-1858143,585041
2013/08/02,0,3504000,-2285109,1218891
2013/08/05,0,2149729,-1239000,910729
2013/08/06,0,1081200,-2637000,-1555800
2013/08/07,0,2142000,-2045004,96996
2013/08/08,0,2201124,-2021000,180124
2013/08/09,0,1689000,-1797378,-108378
2013/08/12,0,1635500,-1265400,370100
2013/08/13,0,4351000,-1928027,2422973
2013/08/14,0,2481282,-1835602,645680
2013/08/15,0,3033000,-2055607,977393
2013/08/16,0,1083999,-1459022,-375023
2013/08/19,0,3042000,-2007834,1034166
2013/08/20,0,3411334,-1440115,1971219
2013/08/21,0,0,0,0
2013/08/22,0,1826334,-2484757,-658423
2013/08/23,0,1330900,-948185,382715
2013/08/26,0,2527602,-1506000,1021602
2013/08/27,0,3759100,-1688144,2070956
2013/08/28,0,3585000,-2644192,940808
2013/08/29,0,5925747,-4523360,1402387
2013/08/30,0,3357718,-3273701,84017
2013/09/02,0,1535061,-2135688,-600627
2013/09/03,0,2251081,-1498759,752322
2013/09/04,0,1026000,-1142995,-116995
2013/09/05,0,2082814,-2265105,-182291
2013/09/06,0,3732505,-2635086,1097419
2013/09/09,0,3211000,-2638114,572886
2013/09/10,0,2679000,-2898598,-219598
2013/09/11,0,3371200,-1394442,1976758
2013/09/12,0,3073000,-1516811,1556189
2013/09/13,0,2862500,-1792452,1070048
2013/09/16,0,3377000,-2813824,563176
2013/09/17,0,3281000,-2010666,1270334
2013/09/18,0,2743464,-2521808,221656
2013/09/19,0,0,0,0
2013/09/20,0,0,0,0
2013/09/23,0,2999705,-2565625,434080
2013/09/24,0,2650909,-2764211,-113302
2013/09/25,0,2457000,-2352947,104053
2013/09/26,0,5581695,-3874691,1707004
2013/09/27,0,5861000,-5015827,845173
2013/09/30,0,2698000,-4172817,-1474817
2013/10/01,0,3321752,-3313202,8550
2013/10/02,0,4333839,-3126714,1207125
2013/10/03,0,7733544,-7314790,418754
2013/10/04,0,6514621,-4207372,2307249
2013/10/07,0,3870385,-2290550,1579835
2013/10/08,0,4781000,-3115233,1665767
2013/10/09,0,6123000,-1987233,4135767
2013/10/10,0,0,0,0
2013/10/11,0,6065500,-3057874,3007626
2013/10/14,0,4463100,-2128802,2334298
2013/10/15,0,6458800,-1595772,4863028
2013/10/16,0,5632000,-2818150,2813850
2013/10/17,0,4425200,-1004250,3420950
2013/10/18,0,2632460,-1155647,1476813
2013/10/21,0,2406000,-1672008,733992
2013/10/22,0,3159000,-1840323,1318677
2013/10/23,0,4444381,-908457,3535924
2013/10/24,0,2168000,-2434988,-266988
2013/10/25,0,798000,-1359942,-561942
2013/10/28,0,1166800,-932733,234067
2013/10/29,0,2095000,-1278005,816995
2013/10/30,0,1978000,-2202018,-224018
2013/10/31,0,5200300,-2184734,3015566
2013/11/01,0,4114468,-1287185,2827283
2013/11/04,0,14731500,-3115968,11615532
2013/11/05,0,8083394,-4804673,3278721
2013/11/06,0,2538196,-1835805,702391
2013/11/07,0,1724000,-1181466,542534
2013/11/08,0,1679000,-1610702,68298
2013/11/11,0,2030000,-2122095,-92095
2013/11/12,0,2168000,-2764262,-596262
2013/11/13,0,2694202,-4100814,-1406612
2013/11/14,0,1903000,-4922531,-3019531
2013/11/15,0,1920000,-4454389,-2534389
2013/11/18,0,4128208,-4376747,-248539
2013/11/19,0,2997703,-4311788,-1314085
2013/11/20,0,3978705,-5733048,-1754343
2013/11/21,0,3598242,-3167000,431242
2013/11/22,0,3446000,-2278436,1167564
2013/11/25,0,3757680,-1768192,1989488
2013/11/26,0,2994543,-1974016,1020527
2013/11/27,0,1533586,-1104690,428896
2013/11/28,0,3392000,-1592174,1799826
2013/11/29,0,3823000,-2853984,969016
2013/12/02,0,1571554,-2165500,-593946
2013/12/03,0,2343494,-1468259,875235
2013/12/04,0,2318320,-1299675,1018645
2013/12/05,0,1406241,-1497175,-90934
2013/12/06,0,1900000,-1618000,282000
2013/12/09,0,1960104,-1827764,132340
2013/12/10,0,1500000,-1154268,345732
2013/12/11,0,2456630,-1792117,664513
2013/12/12,0,2087000,-2188289,-101289
2013/12/13,0,2532878,-2858200,-325322
2013/12/16,0,3589222,-2373576,1215646
2013/12/17,0,3805000,-2706845,1098155
2013/12/18,0,2642393,-2967724,-325331
2013/12/19,0,2071000,-1675776,395224
2013/12/20,0,4482000,-2807041,1674959
2013/12/23,0,3338200,-1726166,1612034
2013/12/24,0,886700,-710400,176300
2013/12/25,0,776000,-349000,427000
2013/12/26,0,514000,-459000,55000
2013/12/27,0,3931000,-1967100,1963900
2013/12/30,0,3583797,-2302155,1281642
2013/12/31,0,2040700,-1022890,1017810
2014/01/02,0,1695150,-1713201,-18051
2014/01/03,0,1395430,-1569201,-173771
2014/01/06,0,1092623,-1175122,-82499
2014/01/07,0,2372000,-7098000,-4726000
2014/01/08,0,3682395,-7063339,-3380944
2014/01/09,0,4006660,-4086642,-79982
2014/01/10,0,4529400,-3554978,974422
2014/01/13,0,2961997,-2544225,417772
2014/01/14,0,2801000,-3603809,-802809
2014/01/15,0,6123672,-8324339,-2200667
2014/01/16,0,2548797,-3261318,-712521
2014/01/17,0,817684,-1223285,-405601
2014/01/20,0,1128837,-2480744,-1351907
2014/01/21,0,2859400,-8493147,-5633747
2014/01/22,0,5061698,-4459405,602293
2014/01/23,0,3894545,-2580800,1313745
2014/01/24,0,2876365,-1783203,1093162
2014/01/27,0,3654800,-4979918,-1325118
2014/02/05,0,7546382,-9678993,-2132611
2014/02/06,0,5111124,-4135523,975601
2014/02/07,0,3901200,-3221094,680106
2014/02/10,0,1958000,-1184519,773481
2014/02/11,0,3519558,-1308091,2211467
2014/02/12,0,5968788,-1500447,4468341
2014/02/13,0,2960100,-1830146,1129954
2014/02/14,0,4090355,-1153518,2936837
2014/02/17,0,2325000,-1166017,1158983
2014/02/18,0,1943300,-503245,1440055
2014/02/19,0,1909764,-755113,1154651
2014/02/20,0,2849333,-1065260,1784073
2014/02/21,0,2648000,-1999841,648159
2014/02/24,0,1880037,-998035,882002
2014/02/25,0,4875483,-1371830,3503653
2014/02/26,0,6271000,-1541527,4729473
2014/02/27,0,5927547,-4043178,1884369
2014/03/03,0,6212496,-3184713,3027783
2014/03/04,0,2661000,-1506780,1154220
2014/03/05,0,2231432,-853756,1377676
2014/03/06,0,6820918,-1265843,5555075
2014/03/07,0,8760418,-2515629,6244789
2014/03/10,0,2888500,-1245318,1643182
2014/03/11,0,2212500,-1328583,883917
2014/03/12,0,1855160,-3270423,-1415263
2014/03/13,0,3032420,-5523799,-2491379
2014/03/14,0,3218442,-2301011,917431
2014/03/17,0,1263000,-1149653,113347
2014/03/18,0,1708000,-1545843,162157
2014/03/19,0,2933000,-5620467,-2687467
2014/03/20,0,2959562,-2820870,138692
2014/03/21,0,2427000,-2407630,19370
2014/03/24,0,3187117,-3423828,-236711
2014/03/25,0,1595000,-2071846,-476846
2014/03/26,0,4314000,-2701094,1612906
2014/03/27,0,2278022,-2644630,-366608
2014/03/28,0,2087204,-3231143,-1143939
2014/03/31,0,2887441,-3245594,-358153
2014/04/01,0,2906796,-869315,2037481
2014/04/02,0,3728880,-1265005,2463875
2014/04/03,0,2571000,-2861193,-290193
2014/04/07,0,5846091,-4903279,942812
2014/04/08,0,9834346,-7233453,2600893
2014/04/09,0,3558500,-1661396,1897104
2014/04/10,0,3207760,-1556044,1651716
2014/04/11,0,2395170,-1630019,765151
2014/04/14,0,3499000,-1449613,2049387
2014/04/15,0,2557177,-2080798,476379
2014/04/16,0,1807000,-2230210,-423210
2014/04/17,0,4148098,-2668376,1479722
2014/04/18,0,722533,-925000,-202467
2014/04/21,0,2018000,-583708,1434292
2014/04/22,0,3068500,-1816888,1251612
2014/04/23,0,2862600,-1348965,1513635
2014/04/24,0,4081000,-1525058,2555942
2014/04/25,0,4281000,-2968430,1312570
2014/04/28,0,3777000,-3021513,755487
2014/04/29,0,2719665,-2204347,515318
2014/04/30,0,2887000,-3101253,-214253
2014/05/02,0,13473000,-2049566,11423434
2014/05/05,0,7349120,-2311859,5037261
2014/05/06,0,856600,-4014674,-3158074
2014/05/07,0,4519000,-2725638,1793362
2014/05/08,0,4408000,-1922121,2485879
2014/05/09,0,863000,-2161056,-1298056
2014/05/12,0,1757974,-6121391,-4363417
2014/05/13,0,4519553,-5659600,-1140047
2014/05/14,0,4369000,-2489792,1879208
2014/05/15,0,1396461,-1483000,-86539
2014/05/16,0,2050081,-4119989,-2069908
2014/05/19,0,1481908,-3414008,-1932100
2014/05/20,0,1561100,-2953178,-1392078
2014/05/21,0,1809000,-2571022,-762022
2014/05/22,0,2974000,-1658239,1315761
2014/05/23,0,1081374,-2598519,-1517145
2014/05/26,0,1080900,-2935000,-1854100
2014/05/27,0,4168000,-2252417,1915583
2014/05/28,0,1566036,-2762786,-1196750
2014/05/29,0,2192200,-4477036,-2284836
2014/05/30,0,3559220,-6943547,-3384327
2014/06/03,0,3540076,-4036284,-496208
2014/06/04,0,2107000,-3393114,-1286114
2014/06/05,0,5621600,-2645983,2975617
2014/06/06,0,1736000,-1615862,120138
2014/06/09,0,3069000,-577320,2491680
2014/06/10,0,2235980,-1511285,724695
2014/06/11,0,1119000,-2187200,-1068200
2014/06/12,0,2472686,-1408400,1064286
2014/06/13,0,1888502,-953757,934745
2014/06/16,0,2207050,-2775527,-568477
2014/06/17,0,5449931,-1655165,3794766
2014/06/18,0,6058675,-1973330,4085345
2014/06/19,0,4109745,-1734791,2374954
2014/06/20,0,2253000,-2932173,-679173
2014/06/23,0,2921000,-996675,1924325
2014/06/24,0,1283000,-1307872,-24872
2014/06/25,0,2975000,-1966475,1008525
2014/06/26,0,1996894,-819028,1177866
2014/06/27,0,4463440,-6274751,-1811311
2014/06/30,0,1672190,-1193152,479038
2014/07/01,0,2766200,-1843393,922807
2014/07/02,0,4831979,-2082216,2749763
2014/07/03,0,6372600,-2430255,3942345
2014/07/04,0,3563000,-1737468,1825532
2014/07/07,0,5359269,-2541787,2817482
2014/07/08,0,2033020,-1698527,334493
2014/07/09,0,1661565,-1894824,-233259
2014/07/10,0,2066158,-4458000,-2391842
2014/07/11,0,1586000,-4505297,-2919297
2014/07/14,0,2326000,-6125883,-3799883
2014/07/15,0,2544517,-5458240,-2913723
2014/07/16,0,3336000,-5366713,-2030713
2014/07/17,0,3668038,-3321000,347038
2014/07/18,0,2181000,-860400,1320600
2014/07/21,0,3496000,-2247317,1248683
2014/07/22,0,2806900,-1213248,1593652
2014/07/23,0,0,0,0
2014/07/24,0,2912525,-2290307,622218
2014/07/25,0,2714000,-2164309,549691
2014/07/28,0,1867383,-2393105,-525722
2014/07/29,0,2705000,-3521160,-816160
2014/07/30,0,2345214,-2870991,-525777
2014/07/31,0,5661240,-15149623,-9488383
2014/08/01,0,12297436,-6629074,5668362
2014/08/04,0,4818744,-4722990,95754
2014/08/05,0,4282190,-4937904,-655714
2014/08/06,0,5762000,-1969419,3792581
2014/08/07,0,2941956,-3092461,-150505
2014/08/08,0,2117045,-3308101,-1191056
2014/08/11,0,1706000,-1466481,239519
2014/08/12,0,1294600,-2564755,-1270155
2014/08/13,0,1743000,-570403,1172597
2014/08/14,0,2132000,-949265,1182735
2014/08/15,0,935000,-474286,460714
2014/08/18,0,1461000,-958059,502941
2014/08/19,0,3438326,-1478293,1960033
2014/08/20,0,2122036,-1153593,968443
2014/08/21,0,3023700,-2348873,674827
2014/08/22,0,3027054,-3995287,-968233
2014/08/25,0,842000,-1456798,-614798
2014/08/26,0,1136763,-3993415,-2856652
2014/08/27,0,3776000,-4553558,-777558
2014/08/28,0,1050878,-1088003,-37125
2014/08/29,0,2240500,-1717310,523190
2014/09/01,0,6348000,-2464482,3883518
2014/09/02,0,6287200,-1792775,4494425
2014/09/03,0,5287201,-2503027,2784174
2014/09/04,0,2555645,-1231144,1324501
2014/09/05,0,4361500,-1603177,2758323
2014/09/09,0,7666267,-2755406,4910861
2014/09/10,0,2256759,-3222753,-965994
2014/09/11,0,1531000,-1768295,-237295
2014/09/12,0,3245479,-3622139,-376660
2014/09/15,0,1885400,-2440501,-555101
2014/09/16,0,200171,-2926384,-2726213
2014/09/17,0,2226006,-4546530,-2320524
2014/09/18,0,1033015,-2168482,-1135467
2014/09/19,0,832210,-3257634,-2425424
2014/09/22,0,2355034,-4980500,-2625466
2014/09/23,0,2889741,-8248388,-5358647
2014/09/24,0,7044696,-18385027,-11340331
2014/09/25,0,6481870,-7987216,-1505346
2014/09/26,0,8879129,-9360332,-481203
2014/09/29,0,4414425,-9086524,-4672099
2014/09/30,0,4803000,-7900517,-3097517
2014/10/01,0,4705783,-5093334,-387551
2014/10/02,0,2737000,-3196100,-459100
2014/10/03,0,1208129,-2162506,-954377
2014/10/06,0,2747117,-2241528,505589
2014/10/07,0,3422968,-4348603,-925635
2014/10/08,0,3961672,-8049331,-4087659
2014/10/09,0,4703737,-5781782,-1078045
2014/10/13,0,7197131,-8551089,-1353958
2014/10/14,0,5168530,-3484228,1684302
2014/10/15,0,9257880,-5732974,3524906
2014/10/16,0,5462052,-7217279,-1755227
2014/10/17,0,5071257,-5138448,-67191
2014/10/20,0,2809654,-2733774,75880
2014/10/21,0,2392000,-2174700,217300
2014/10/22,0,1690864,-1420500,270364
2014/10/23,0,1212129,-1269765,-57636
2014/10/24,0,1548000,-1026095,521905
2014/10/27,0,3496498,-2026000,1470498
2014/10/28,0,2768000,-2002718,765282
2014/10/29,0,4267487,-3040416,1227071
2014/10/30,0,1829772,-2312118,-482346
2014/10/31,0,3204400,-2758860,445540
2014/11/03,0,3170412,-2416296,754116
2014/11/04,0,2347842,-2521524,-173682
2014/11/05,0,1806080,-2337218,-531138
2014/11/06,0,2316111,-2983450,-667339
2014/11/07,0,5171000,-4569299,601701
2014/11/10,0,8093900,-3037150,5056750
2014/11/11,0,5410060,-4502122,907938
2014/11/12,0,3928295,-1778879,2149416
2014/11/13,0,3972106,-2033263,1938843
2014/11/14,0,3906815,-1132878,2773937
2014/11/17,0,2833000,-2323800,509200
2014/11/18,0,2332484,-3247532,-915048
2014/11/19,0,5187884,-6622600,-1434716
2014/11/20,0,3455000,-4299550,-844550
2014/11/21,0,1807000,-1586530,220470
2014/11/24,0,1524000,-469076,1054924
2014/11/25,0,3515115,-1834678,1680437
2014/11/26,0,2817000,-891209,1925791
2014/11/27,0,5505000,-1098006,4406994
2014/11/28,0,3668900,-1731690,1937210
2014/12/01,0,2889000,-3061713,-172713
2014/12/02,0,2582800,-3325455,-742655
2014/12/03,0,2048000,-2632721,-584721
2014/12/04,0,3571000,-3138119,432881
2014/12/05,0,4902000,-4147130,754870
2014/12/08,0,2621590,-6501491,-3879901
2014/12/09,0,2573880,-5099893,-2526013
2014/12/10,0,1988350,-3168000,-1179650
2014/12/11,0,2586000,-2934217,-348217
2014/12/12,0,2515164,-1820294,694870
2014/12/15,0,2055000,-2124215,-69215
2014/12/16,0,2724142,-2240463,483679
2014/12/17,0,5970515,-4438460,1532055
2014/12/18,0,3307000,-3514951,-207951
2014/12/19,0,5593489,-1969301,3624188
2014/12/22,0,2138000,-1965235,172765
2014/12/23,0,1978000,-729045,1248955
2014/12/24,0,1750000,-611073,1138927
2014/12/25,0,509000,-59794,449206
2014/12/26,0,680000,-176060,503940
2014/12/29,0,1912000,-828014,1083986
2014/12/30,0,1320001,-1078412,241589
2014/12/31,0,1163000,-676767,486233
2015/01/01,0,0,0,0
2015/01/02,0,0,0,0
2015/01/05,0,1461000,-1045326,415674
2015/01/06,0,4336000,-3981400,354600
2015/01/07,0,6405031,-3228653,3176378
2015/01/08,0,5036000,-2559756,2476244
2015/01/09,0,5221000,-1478967,3742033
2015/01/12,0,3359387,-1153487,2205900
2015/01/13,0,2964400,-1660872,1303528
2015/01/14,0,5418000,-3868635,1549365
2015/01/15,0,3181000,-2354729,826271
2015/01/16,0,2276130,-4064203,-1788073
2015/01/19,0,3023141,-2182049,841092
2015/01/20,0,2740143,-1166105,1574038
2015/01/21,0,3877740,-1828501,2049239
2015/01/22,0,4190132,-2003286,2186846
2015/01/23,0,3326000,-2688959,637041
2015/01/26,0,4468700,-1317357,3151343
2015/01/27,0,3629480,-2128937,1500543
2015/01/28,0,2058480,-982775,1075705
2015/01/29,0,1033000,-1716464,-683464
2015/01/30,0,3236179,-5582675,-2346496
2015/02/02,0,1816000,-2683973,-867973
2015/02/03,0,1717000,-1786443,-69443
2015/02/04,0,3101345,-2401292,700053
2015/02/05,0,2583000,-3253708,-670708
2015/02/06,0,2203106,-3109020,-905914
2015/02/09,0,3069400,-2060520,1008880
2015/02/10,0,7765075,-8599000,-833925
2015/02/11,0,19556244,-22633968,-3077724
2015/02/12,0,5916987,-3855018,2061969
2015/02/13,0,4712000,-3953442,758558
2015/02/16,0,0,0,0
2015/02/17,0,0,0,0
2015/02/18,0,0,0,0
2015/02/19,0,0,0,0
2015/02/20,0,0,0,0
2015/02/23,0,0,0,0
2015/02/24,0,14591630,-12837386,1754244
2015/02/25,0,5011171,-3129485,1881686
2015/02/26,0,6178000,-4288118,1889882
2015/02/27,0,0,0,0
2015/03/02,0,4790224,-3411069,1379155
2015/03/03,0,3101368,-1916466,1184902
2015/03/04,0,3450000,-2316052,1133948
2015/03/05,0,4257000,-3710580,546420
2015/03/06,0,5821000,-5740475,80525
2015/03/09,0,4350000,-6791000,-2441000
2015/03/10,0,5017683,-6260290,-1242607
2015/03/11,0,2913000,-5428415,-2515415
2015/03/12,0,2523038,-4493092,-1970054
2015/03/13,0,2498976,-4354035,-1855059
2015/03/16,0,2797000,-10625398,-7828398
2015/03/17,0,4400237,-10456723,-6056486
2015/03/18,0,3401588,-5163653,-1762065
2015/03/19,0,1199075,-3191294,-1992219
2015/03/20,0,2923500,-5450541,-2527041
2015/03/23,0,1542000,-3934942,-2392942
2015/03/24,0,3080129,-4923451,-1843322
2015/03/25,0,3998000,-2709853,1288147
2015/03/26,0,5845560,-7781308,-1935748
2015/03/27,0,5497000,-8937682,-3440682
2015/03/30,0,4777940,-5112223,-334283
2015/03/31,0,3957075,-4725327,-768252
2015/04/01,0,2432000,-3362001,-930001
2015/04/02,0,3948819,-7231274,-3282455
2015/04/03,0,0,0,0
2015/04/06,0,0,0,0
2015/04/07,0,10827452,-9843785,983667
2015/04/08,0,6277172,-5863251,413921
2015/04/09,0,3457000,-2857647,599353
2015/04/10,0,2203225,-4977251,-2774026
2015/04/13,0,2463512,-2837052,-373540
2015/04/14,0,4447600,-6125612,-1678012
2015/04/15,0,4428000,-9304952,-4876952
2015/04/16,0,12767000,-12150084,616916
2015/04/17,0,5515692,-6679200,-1163508
2015/04/20,0,4840700,-7002572,-2161872
2015/04/21,0,4671570,-6254792,-1583222
2015/04/22,0,6152476,-5532478,619998
2015/04/23,0,3079000,-4374042,-1295042
2015/04/24,0,10902860,-7269187,3633673
2015/04/27,0,3356750,-4424460,-1067710
2015/04/28,0,3710700,-5426505,-1715805
2015/04/29,0,2135600,-2682600,-547000
2015/04/30,0,5724065,-6338429,-614364
2015/05/01,0,0,0,0
2015/05/04,0,7172400,-9588962,-2416562
2015/05/05,0,3445039,-5130908,-1685869
2015/05/06,0,3099124,-4895712,-1796588
2015/05/07,0,5053000,-4988841,64159
2015/05/08,0,3756629,-1769862,1986767
2015/05/11,0,2641529,-2553000,88529
2015/05/12,0,3696961,-3881045,-184084
2015/05/13,0,8316850,-4735193,3581657
2015/05/14,0,7888800,-5704000,2184800
2015/05/15,0,1530846,-2085837,-554991
2015/05/18,0,3122975,-3173000,-50025
2015/05/19,0,3182229,-4485004,-1302775
2015/05/20,0,5765000,-4066324,1698676
2015/05/21,0,4000853,-3867501,133352
2015/05/22,0,5485400,-2616521,2868879
2015/05/25,0,1895500,-4477000,-2581500
2015/05/26,0,1720410,-1415000,305410
2015/05/27,0,3730700,-3089144,641556
2015/05/28,0,6128020,-3335853,2792167
2015/05/29,0,8943965,-5672667,3271298
2015/06/01,0,3356770,-2759126,597644
2015/06/02,0,3689211,-4067012,-377801
2015/06/03,0,2201022,-2314000,-112978
2015/06/04,0,3410000,-3244468,165532
2015/06/05,0,2710000,-2450952,259048
2015/06/08,0,1291000,-1933600,-642600
2015/06/09,0,1741820,-1237875,503945
2015/06/10,0,2168000,-3021687,-853687
2015/06/11,0,1928000,-2676026,-748026
2015/06/12,0,2908532,-1720936,1187596
2015/06/15,0,2166010,-3105000,-938990
2015/06/16,0,1754500,-2988582,-1234082
2015/06/17,0,4989500,-3207023,1782477
2015/06/18,0,2747425,-2342970,404455
2015/06/19,0,0,0,0
2015/06/22,0,4555420,-2150237,2405183
2015/06/23,0,1988530,-4206238,-2217708
2015/06/24,0,1588173,-3232511,-1644338
2015/06/25,0,3487073,-2003000,1484073
2015/06/26,0,1413901,-4659155,-3245254
2015/06/29,0,1772254,-2341911,-569657
2015/06/30,0,1984357,-3243060,-1258703
2015/07/01,0,2286000,-1524162,761838
2015/07/02,0,1679008,-3216058,-1537050
2015/07/03,0,2932000,-2773000,159000
2015/07/06,0,1328000,-2475184,-1147184
2015/07/07,0,2763000,-3332070,-569070
2015/07/08,0,4784863,-5120060,-335197
2015/07/09,0,6362000,-7351184,-989184
2015/07/10,0,0,0,0
2015/07/13,0,4676000,-4752541,-76541
2015/07/14,0,4684000,-3944092,739908
2015/07/15,0,2144000,-4554920,-2410920
2015/07/16,0,1213000,-3574859,-2361859
2015/07/17,0,2340470,-3191369,-850899
2015/07/20,0,6317330,-6514847,-197517
2015/07/21,0,3855000,-2525854,1329146
2015/07/22,0,2215900,-2407015,-191115
2015/07/23,0,4129000,-3854517,274483
2015/07/24,0,4087184,-4393182,-305998
2015/07/27,0,5543000,-4565000,978000
2015/07/28,0,5017080,-4701345,315735
2015/07/29,0,3915100,-3262772,652328
2015/07/30,0,4427400,-4641298,-213898
2015/07/31,0,6002159,-4191500,1810659
2015/08/03,0,1920790,-1981000,-60210
2015/08/04,0,11496000,-11598173,-102173
2015/08/05,0,8644530,-7177120,1467410
2015/08/06,0,5858000,-2529000,3329000
2015/08/07,0,4968237,-4607100,361137
2015/08/10,0,5760000,-4461923,1298077
2015/08/11,0,3554600,-3831499,-276899
2015/08/12,0,3592370,-7206092,-3613722
2015/08/13,0,3432000,-4756001,-1324001
2015/08/14,0,7035000,-8853100,-1818100
2015/08/17,0,5009384,-4910000,99384
2015/08/18,0,1913000,-2436601,-523601
2015/08/19,0,10495330,-10476000,19330
2015/08/20,0,7986000,-6603100,1382900
2015/08/21,0,4981000,-7037719,-2056719
2015/08/24,0,4962000,-4981100,-19100
2015/08/25,0,11677560,-12925173,-1247613
2015/08/26,0,8730000,-10043981,-1313981
2015/08/27,0,10051355,-10809000,-757645
2015/08/28,0,6638000,-5254934,1383066
2015/08/31,0,6152330,-5539814,612516
2015/09/01,0,2892412,-3526576,-634164
2015/09/02,0,1946275,-5658716,-3712441
2015/09/03,0,1311000,-3245077,-1934077
2015/09/04,0,4162731,-4255159,-92428
2015/09/07,0,3131000,-3109967,21033
2015/09/08,0,2044000,-3137230,-1093230
2015/09/09,0,4134421,-2500520,1633901
2015/09/10,0,2530216,-5455423,-2925207
2015/09/11,0,1360170,-3459000,-2098830
2015/09/14,0,890000,-1254746,-364746
2015/09/15,0,682200,-1559700,-877500
2015/09/16,0,2500300,-2426918,73382
2015/09/17,0,2771000,-1751190,1019810
2015/09/18,0,1888168,-2333174,-445006
2015/09/21,0,1741000,-6946588,-5205588
2015/09/22,0,2575591,-6136164,-3560573
2015/09/23,0,2854800,-8561947,-5707147
2015/09/24,0,4097359,-11496595,-7399236
2015/09/25,0,3121436,-5270995,-2149559
2015/09/28,0,0,0,0
2015/09/29,0,0,0,0
2015/09/30,0,9444182,-8747163,697019
2015/10/01,0,3951888,-3261611,690277
2015/10/02,0,2634225,-4593658,-1959433
2015/10/05,0,3362770,-5549247,-2186477
2015/10/06,0,7049000,-8285027,-1236027
2015/10/07,0,5646400,-4057150,1589250
2015/10/08,0,8920000,-2373669,6546331
2015/10/09,0,0,0,0
2015/10/12,0,5324231,-4223441,1100790
2015/10/13,0,6372522,-3048107,3324415
2015/10/14,0,1708000,-3004031,-1296031
2015/10/15,0,4359000,-1272560,3086440
2015/10/16,0,4662938,-4354099,308839
2015/10/19,0,2014432,-1429344,585088
2015/10/20,0,2945000,-1540172,1404828
2015/10/21,0,4338800,-4216000,122800
2015/10/22,0,4393400,-5354272,-960872
2015/10/23,0,6675104,-5693504,981600
2015/10/26,0,3143000,-2097000,1046000
2015/10/27,0,2155200,-3479587,-1324387
2015/10/28,0,5085000,-6807461,-1722461
2015/10/29,0,1915000,-1626047,288953
2015/10/30,0,1881000,-1420795,460205
2015/11/02,0,6323400,-3221541,3101859
2015/11/03,0,8962000,-3600139,5361861
2015/11/04,0,12948000,-4185395,8762605
2015/11/05,0,1422544,-2856094,-1433550
2015/11/06,0,4411100,-4682000,-270900
2015/11/09,0,2455645,-2444226,11419
2015/11/10,0,2279000,-3621300,-1342300
2015/11/11,0,1801983,-3813895,-2011912
2015/11/12,0,1346644,-1877644,-531000
2015/11/13,0,716000,-4918978,-4202978
2015/11/16,0,1789949,-2187874,-397925
2015/11/17,0,1955104,-3675900,-1720796
2015/11/18,0,1503000,-3756000,-2253000
2015/11/19,0,1391000,-2206709,-815709
2015/11/20,0,737000,-2192980,-1455980
2015/11/23,0,6446507,-3973088,2473419
2015/11/24,0,2491814,-3742922,-1251108
2015/11/25,0,1318162,-3672362,-2354200
2015/11/26,0,4306000,-1790559,2515441
2015/11/27,0,1458000,-2618973,-1160973
2015/11/30,0,4580784,-7954704,-3373920
2015/12/01,0,4974457,-8264071,-3289614
2015/12/02,0,4755852,-2250881,2504971
2015/12/03,0,4448248,-1706601,2741647
2015/12/04,0,760000,-2198675,-1438675
2015/12/07,0,3355000,-1334822,2020178
2015/12/08,0,2235000,-3456195,-1221195
2015/12/09,0,1027410,-1968000,-940590
2015/12/10,0,1058495,-3679576,-2621081
2015/12/11,0,1115092,-2199776,-1084684
2015/12/14,0,952329,-1541574,-589245
2015/12/15,0,1737052,-2224765,-487713
2015/12/16,0,1197817,-3914862,-2717045
2015/12/17,0,2077000,-1967720,109280
2015/12/18,0,3145756,-2768552,377204
2015/12/21,0,2780617,-5169639,-2389022
2015/12/22,0,2684566,-1917890,766676
2015/12/23,0,955817,-2099356,-1143539
2015/12/24,0,603027,-1087000,-483973
2015/12/25,0,731000,-157642,573358
2015/12/28,0,1023000,-799120,223880
2015/12/29,0,3328000,-6080100,-2752100
2015/12/30,0,2003999,-3120340,-1116341
2015/12/31,0,905505,-874023,31482
2016/01/01,0,0,0,0
2016/01/04,0,1882520,-2504000,-621480
2016/01/05,0,1363108,-2319020,-955912
2016/01/06,0,4806323,-6592900,-1786577
2016/01/07,0,4534179,-8588112,-4053933
2016/01/08,0,6982000,-6605362,376638
2016/01/11,0,4437220,-6107416,-1670196
2016/01/12,0,4125012,-4000000,125012
2016/01/13,0,3928874,-5873004,-1944130
2016/01/14,0,5544389,-6622754,-1078365
2016/01/15,0,1812000,-5617021,-3805021
2016/01/18,0,1855133,-1908500,-53367
2016/01/19,0,2719000,-3768704,-1049704
2016/01/20,0,3265477,-2866143,399334
2016/01/21,0,2223610,-2135049,88561
2016/01/22,0,1517000,-1519847,-2847
2016/01/25,0,1498000,-1322000,176000
2016/01/26,0,1445817,-3231200,-1785383
2016/01/27,0,1090000,-367035,722965
2016/01/28,0,2998200,-5340879,-2342679
2016/01/29,0,4567476,-6014000,-1446524
2016/02/01,0,3365302,-6108544,-2743242
2016/02/02,0,6476314,-6772033,-295719
2016/02/03,0,2225000,-9732111,-7507111
2016/02/04,0,0,0,0
2016/02/05,0,0,0,0
2016/02/08,0,0,0,0
2016/02/09,0,0,0,0
2016/02/10,0,0,0,0
2016/02/11,0,0,0,0
2016/02/12,0,0,0,0
2016/02/15,0,5308684,-4556976,751708
2016/02/16,0,4435170,-3435800,999370
2016/02/17,0,4452368,-3700000,752368
2016/02/18,0,3897538,-1715502,2182036
2016/02/19,0,2165660,-1146821,1018839
2016/02/22,0,3837000,-1610412,2226588
2016/02/23,0,3051315,-1653576,1397739
2016/02/24,0,2807000,-1594622,1212378
2016/02/25,0,4271862,-1105010,3166852
2016/02/26,0,3338000,-2142581,1195419
2016/02/29,0,0,0,0
2016/03/01,0,2282771,-2622534,-339763
2016/03/02,0,3060110,-1268000,1792110
2016/03/03,0,4157298,-1965210,2192088
2016/03/04,0,1987000,-828000,1159000
2016/03/07,0,1931000,-1601322,329678
2016/03/08,0,1922289,-1437201,485088
2016/03/09,0,1756813,-1776000,-19187
2016/03/10,0,1102000,-2691440,-1589440
2016/03/11,0,3184000,-300928,2883072
2016/03/14,0,5113000,-1978000,3135000
2016/03/15,0,3489100,-3816671,-327571
2016/03/16,0,1939000,-2096670,-157670
2016/03/17,0,2193542,-3663859,-1470317
2016/03/18,0,4884801,-3447531,1437270
2016/03/21,0,2126000,-2382400,-256400
2016/03/22,0,1632583,-3191928,-1559345
2016/03/23,0,1390880,-2201500,-810620
2016/03/24,0,1652180,-821000,831180
2016/03/25,0,569000,-413800,155200
2016/03/28,0,951000,-824920,126080
2016/03/29,0,1472000,-698142,773858
2016/03/30,0,4011000,-4193571,-182571
2016/03/31,0,3052000,-3847308,-795308
2016/04/01,0,1720145,-2898500,-1178355
2016/04/04,0,0,0,0
2016/04/05,0,0,0,0
2016/04/06,0,2521286,-5992695,-3471409
2016/04/07,0,3262125,-5869044,-2606919
2016/04/08,0,2010000,-3353500,-1343500
2016/04/11,0,2543900,-3884910,-1341010
2016/04/12,0,2303000,-2624297,-321297
2016/04/13,0,4553000,-3068000,1485000
2016/04/14,0,2805000,-2774266,30734
2016/04/15,0,2956331,-1627000,1329331
2016/04/18,0,983000,-965000,18000
2016/04/19,0,1739000,-1397800,341200
2016/04/20,0,3330762,-1625000,1705762
2016/04/21,0,1485590,-1325716,159874
2016/04/22,0,1400770,-1771000,-370230
2016/04/25,0,1164239,-1527240,-363001
2016/04/26,0,7932800,-6838500,1094300
2016/04/27,0,6500828,-3715207,2785621
2016/04/28,0,1893512,-3286000,-1392488
2016/04/29,0,2027154,-1906234,120920
2016/05/02,0,0,0,0
2016/05/03,0,5996000,-10164101,-4168101
2016/05/04,0,2452000,-9072301,-6620301
2016/05/05,0,2145000,-4572900,-2427900
2016/05/06,0,3475542,-17311000,-13835458
2016/05/09,0,6855848,-8523300,-1667452
2016/05/10,0,4758771,-2546010,2212761
2016/05/11,0,942895,-2169300,-1226405
2016/05/12,0,1071000,-1402000,-331000
2016/05/13,0,0,0,0
2016/05/16,0,2564000,-3814348,-1250348
2016/05/17,0,1261000,-2243390,-982390
2016/05/18,0,2281445,-1815000,466445
2016/05/19,0,1133400,-1904071,-770671
2016/05/20,0,1797000,-1231118,565882
2016/05/23,0,1876175,-1368000,508175
2016/05/24,0,1024770,-714848,309922
2016/05/25,0,989937,-1204400,-214463
2016/05/26,0,2448000,-2582800,-134800
2016/05/27,0,1507000,-1310048,196952
2016/05/30,0,2612000,-662041,1949959
2016/05/31,0,8177622,-8536642,-359020
2016/06/01,0,1768620,-954463,814157
2016/06/02,0,3363902,-5058300,-1694398
2016/06/03,0,3348444,-1998000,1350444
2016/06/06,0,6844944,-6260842,584102
2016/06/07,0,9056388,-7288807,1767581
2016/06/08,0,5825556,-7130266,-1304710
2016/06/09,0,0,0,0
2016/06/10,0,0,0,0
2016/06/13,0,5663272,-6637614,-974342
2016/06/14,0,7408952,-6993000,415952
2016/06/15,0,5491684,-3940441,1551243
2016/06/16,0,3324271,-3357844,-33573
2016/06/17,0,4476292,-5178675,-702383
2016/06/20,0,2497000,-2803224,-306224
2016/06/21,0,4170430,-4460390,-289960
2016/06/22,0,2856430,-2509000,347430
2016/06/23,0,1484070,-1116468,367602
2016/06/24,0,3901448,-3321228,580220
2016/06/27,0,1743071,-1542074,200997
2016/06/28,0,4675000,-4448291,226709
2016/06/29,0,5393000,-4892972,500028
2016/06/30,0,17275028,-17866405,-591377
2016/07/01,0,11552361,-8301565,3250796
2016/07/04,0,11175000,-9186786,1988214
2016/07/05,0,5414500,-7784500,-2370000
2016/07/06,0,3079695,-6194077,-3114382
2016/07/07,0,1065000,-2748449,-1683449
2016/07/08,0,0,0,0
2016/07/11,0,5229010,-4400134,828876
2016/07/12,0,5913000,-4611370,1301630
2016/07/13,0,2838000,-3364992,-526992
2016/07/14,0,4506240,-5987620,-1481380
2016/07/15,0,6241070,-5353712,887358
2016/07/18,0,2921000,-2357175,563825
2016/07/19,0,2286000,-2379350,-93350
2016/07/20,0,3703000,-4025900,-322900
2016/07/21,0,5119852,-3247655,1872197
2016/07/22,0,2564000,-2046000,518000
2016/07/25,0,1265004,-1015000,250004
2016/07/26,0,5308000,-4463425,844575
2016/07/27,0,7058900,-8144098,-1085198
2016/07/28,0,4285000,-1228000,3057000
2016/07/29,0,3812025,-2366286,1445739
2016/08/01,0,2653584,-1943002,710582
2016/08/02,0,4680844,-1662844,3018000
2016/08/03,0,2149844,-2672193,-522349
2016/08/04,0,5947000,-5620000,327000
2016/08/05,0,5811653,-2040326,3771327
2016/08/08,0,3628067,-1457968,2170099
2016/08/09,0,2475000,-736701,1738299
2016/08/10,0,2285000,-309550,1975450
2016/08/11,0,1859000,-925782,933218
2016/08/12,0,1456000,-470000,986000
2016/08/15,0,1065000,-858832,206168
2016/08/16,0,2383000,-1123537,1259463
2016/08/17,0,5143433,-2718232,2425201
2016/08/18,0,2495000,-1405853,1089147
2016/08/19,0,1517429,-3162090,-1644661
2016/08/22,0,2087200,-2543000,-455800
2016/08/23,0,1978200,-1881764,96436
2016/08/24,0,2379179,-2389368,-10189
2016/08/25,0,2637221,-2549018,88203
2016/08/26,0,2073866,-2369000,-295134
2016/08/29,0,2561200,-2435273,125927
2016/08/30,0,2282101,-571304,1710797
2016/08/31,0,3717750,-2665731,1052019
2016/09/01,0,3340250,-2070404,1269846
2016/09/02,0,1165607,-1915032,-749425
2016/09/05,0,5177214,-2604208,2573006
2016/09/06,0,2238915,-3460567,-1221652
2016/09/07,0,2729600,-2796997,-67397
2016/09/08,0,2275000,-4188382,-1913382
2016/09/09,0,1902000,-3044000,-1142000
2016/09/12,0,1031000,-3434120,-2403120
2016/09/13,0,2425000,-2570624,-145624
2016/09/14,0,6063300,-5294050,769250
2016/09/15,0,0,0,0
2016/09/16,0,0,0,0
2016/09/19,0,4508000,-6490610,-1982610
2016/09/20,0,4133633,-5125000,-991367
2016/09/21,0,7316140,-6044312,1271828
2016/09/22,0,1882050,-2675250,-793200
2016/09/23,0,2424204,-1952679,471525
2016/09/26,0,1744000,-3190200,-1446200
2016/09/27,0,0,0,0
2016/09/28,0,0,0,0
2016/09/29,0,4226380,-4915810,-689430
2016/09/30,0,2874380,-5017725,-2143345
2016/10/03,0,2890000,-3064076,-174076
2016/10/04,0,3058654,-3192236,-133582
2016/10/05,0,4878000,-1951700,2926300
2016/10/06,0,7292340,-6798968,493372
2016/10/07,0,3405141,-4674000,-1268859
2016/10/10,0,0,0,0
2016/10/11,0,2804560,-2993300,-188740
2016/10/12,0,2435000,-3008642,-573642
2016/10/13,0,5238550,-5612000,-373450
2016/10/14,0,4226351,-3249366,976985
2016/10/17,0,3504000,-2631893,872107
2016/10/18,0,2417974,-2265440,152534
2016/10/19,0,1387684,-1997000,-609316
2016/10/20,0,980000,-2317288,-1337288
2016/10/21,0,2189000,-2828352,-639352
2016/10/24,0,1973000,-1817056,155944
2016/10/25,0,3689000,-1823539,1865461
2016/10/26,0,1904000,-1771400,132600
2016/10/27,0,1053602,-1303000,-249398
2016/10/28,0,1970032,-1836049,133983
2016/10/31,0,2801293,-2185296,615997
2016/11/01,0,1236600,-2255000,-1018400
2016/11/02,0,1919552,-870333,1049219
2016/11/03,0,1943000,-1595808,347192
2016/11/04,0,2131000,-3504000,-1373000
2016/11/07,0,1548000,-1137149,410851
2016/11/08,0,1062392,-1357758,-295366
2016/11/09,0,1496028,-3235000,-1738972
2016/11/10,0,2426000,-3465750,-1039750
2016/11/11,0,7705400,-10873731,-3168331
2016/11/14,0,4032065,-4540343,-508278
2016/11/15,0,1971916,-4463000,-2491084
2016/11/16,0,2151000,-3394297,-1243297
2016/11/17,0,2535000,-2431574,103426
2016/11/18,0,4215843,-3666628,549215
2016/11/21,0,1200000,-2059216,-859216
2016/11/22,0,4033000,-3086349,946651
2016/11/23,0,2381738,-3120963,-739225
2016/11/24,0,2661400,-4094544,-1433144
2016/11/25,0,713440,-1439562,-726122
2016/11/28,0,2083000,-2864000,-781000
2016/11/29,0,2100000,-3559692,-1459692
2016/11/30,0,5911412,-6367117,-455705
2016/12/01,0,2323272,-2750352,-427080
2016/12/02,0,3815300,-3452044,363256
2016/12/05,0,2116616,-2311439,-194823
2016/12/06,0,3453000,-2780200,672800
2016/12/07,0,3124384,-3433000,-308616
2016/12/08,0,5287000,-2540000,2747000
2016/12/09,0,3041387,-2183300,858087
2016/12/12,0,2442000,-2384723,57277
2016/12/13,0,2735993,-3286347,-550354
2016/12/14,0,3394610,-6533700,-3139090
2016/12/15,0,2862000,-3116000,-254000
2016/12/16,0,3009960,-2534458,475502
2016/12/19,0,1866319,-2462091,-595772
2016/12/20,0,1916278,-5319000,-3402722
2016/12/21,0,1795700,-3613866,-1818166
2016/12/22,0,2489620,-2493322,-3702
2016/12/23,0,1637027,-2369000,-731973
2016/12/26,0,534150,-1104519,-570369
2016/12/27,0,818000,-547000,271000
2016/12/28,0,1035124,-1092232,-57108
2016/12/29,0,1637146,-1810738,-173592
2016/12/30,0,1892860,-1324110,568750
2017/01/02,0,0,0,0
2017/01/03,0,2473955,-2112653,361302
2017/01/04,0,1418000,-2325097,-907097
2017/01/05,0,2336488,-2358946,-22458
2017/01/06,0,1855000,-1981200,-126200
2017/01/09,0,1216680,-1166348,50332
2017/01/10,0,450175,-2231000,-1780825
2017/01/11,0,1913679,-2702374,-788695
2017/01/12,0,1877109,-1106223,770886
2017/01/13,0,1698056,-2280107,-582051
2017/01/16,0,1387750,-2266388,-878638
2017/01/17,0,1830812,-1153000,677812
2017/01/18,0,1803750,-3213113,-1409363
2017/01/19,0,3613000,-4239514,-626514
2017/01/20,0,1067784,-2365008,-1297224
2017/01/23,0,2221209,-1100063,1121146
2017/01/24,0,2556703,-4069471,-1512768
2017/01/25,0,0,0,0
2017/01/26,0,0,0,0
2017/01/27,0,0,0,0
2017/01/30,0,0,0,0
2017/01/31,0,0,0,0
2017/02/01,0,0,0,0
2017/02/02,0,9067225,-13691044,-4623819
2017/02/03,0,6563000,-6767232,-204232
2017/02/06,0,6605682,-6425457,180225
2017/02/07,0,6215737,-1526184,4689553
2017/02/08,0,3995188,-6403687,-2408499
2017/02/09,0,4112788,-3709714,403074
2017/02/10,0,4896500,-2923662,1972838
2017/02/13,0,3445416,-1220455,2224961
2017/02/14,0,2805614,-2275351,530263
2017/02/15,0,3737379,-3294589,442790
2017/02/16,0,3269469,-1783000,1486469
2017/02/17,0,8277276,-4058634,4218642
2017/02/20,0,2850600,-1964676,885924
2017/02/21,0,3393000,-1705882,1687118
2017/02/22,0,2841738,-1790153,1051585
2017/02/23,0,4168388,-3250889,917499
2017/02/24,0,6181000,-5654080,526920
2017/02/27,0,0,0,0
2017/02/28,0,0,0,0
2017/03/01,0,5469721,-4680632,789089
2017/03/02,0,7002039,-5241972,1760067
2017/03/03,0,4240000,-4596433,-356433
2017/03/06,0,3284614,-2723520,561094
2017/03/07,0,2767540,-2520535,247005
2017/03/08,0,5866126,-4933499,932627
2017/03/09,0,1782000,-2996882,-1214882
2017/03/10,0,3146324,-2179563,966761
2017/03/13,0,3821576,-2387482,1434094
2017/03/14,0,3776605,-3251343,525262
2017/03/15,0,3223000,-2678288,544712
2017/03/16,0,3680256,-1125493,2554763
2017/03/17,0,4581703,-2829206,1752497
2017/03/20,0,3079931,-994346,2085585
2017/03/21,0,7284168,-2508864,4775304
2017/03/22,0,1671000,-2847686,-1176686
2017/03/23,0,2327000,-3111047,-784047
2017/03/24,0,1671001,-1686726,-15725
2017/03/27,0,2790807,-1682873,1107934
2017/03/28,0,2123000,-2214703,-91703
2017/03/29,0,5187655,-7766072,-2578417
2017/03/30,0,2011000,-2666000,-655000
2017/03/31,0,5176000,-7907303,-2731303
2017/04/03,0,0,0,0
2017/04/04,0,0,0,0
2017/04/05,0,7305000,-7127504,177496
2017/04/06,0,4316300,-5350653,-1034353
2017/04/07,0,2157000,-2600899,-443899
2017/04/10,0,2858000,-2823313,34687
2017/04/11,0,2725000,-3924696,-1199696
2017/04/12,0,3375000,-3140510,234490
2017/04/13,0,2450000,-2482000,-32000
2017/04/14,0,1434000,-1073283,360717
2017/04/17,0,612000,-806702,-194702
2017/04/18,0,2932000,-1450760,1481240
2017/04/19,0,3715465,-3065156,650309
2017/04/20,0,2964295,-1807833,1156462
2017/04/21,0,1575179,-1092682,482497
2017/04/24,0,1056229,-731500,324729
2017/04/25,0,3103581,-3169480,-65899
2017/04/26,0,4128169,-3575683,552486
2017/04/27,0,2321000,-734919,1586081
2017/04/28,0,2708000,-1858173,849827
2017/05/01,0,0,0,0
2017/05/02,0,6520533,-2727315,3793218
2017/05/03,0,3392500,-2976238,416262
2017/05/04,0,1866000,-1830100,35900
2017/05/05,0,1217628,-1314000,-96372
2017/05/08,0,3790148,-4541737,-751589
2017/05/09,0,2624544,-3116000,-491456
2017/05/10,0,3066423,-2628000,438423
2017/05/11,0,4553788,-3986323,567465
2017/05/12,0,2832000,-1571687,1260313
2017/05/15,0,2256568,-2999264,-742696
2017/05/16,0,2804000,-4343770,-1539770
2017/05/17,0,2169000,-2760200,-591200
2017/05/18,0,3314048,-3613100,-299052
2017/05/19,0,1689169,-2145447,-456278
2017/05/22,0,1873418,-3720512,-1847094
2017/05/23,0,1528680,-3329838,-1801158
2017/05/24,0,9624071,-8282182,1341889
2017/05/25,0,10507269,-2478468,8028801
2017/05/26,0,0,0,0
2017/05/29,0,0,0,0
2017/05/30,0,0,0,0
2017/05/31,0,8869196,-7250768,1618428
2017/06/01,0,2980000,-2665331,314669
2017/06/02,0,3652578,-1663644,1988934
2017/06/05,0,8163939,-3518275,4645664
2017/06/06,0,6026770,-3215699,2811071
2017/06/07,0,13390140,-4989459,8400681
2017/06/08,0,11041800,-5076071,5965729
2017/06/09,0,6396000,-5529265,866735
2017/06/12,0,3172093,-2200000,972093
2017/06/13,0,4329752,-4793765,-464013
2017/06/14,0,10038000,-7791485,2246515
2017/06/15,0,4421962,-2844132,1577830
2017/06/16,0,6372884,-2949832,3423052
2017/06/19,0,3114104,-1802592,1311512
2017/06/20,0,5174000,-2782470,2391530
2017/06/21,0,7757130,-5491166,2265964
2017/06/22,0,4229560,-2643012,1586548
2017/06/23,0,2923000,-3044510,-121510
2017/06/26,0,4388300,-4548096,-159796
2017/06/27,0,3710150,-2935274,774876
2017/06/28,0,3661095,-4143329,-482234
2017/06/29,0,2740256,-1043761,1696495
2017/06/30,0,5307200,-6602757,-1295557
2017/07/03,0,4248000,-2905000,1343000
2017/07/04,0,1873000,-1454519,418481
2017/07/05,0,1320000,-1981479,-661479
2017/07/06,0,1776000,-2605405,-829405
2017/07/07,0,1418700,-1259108,159592
2017/07/10,0,1418090,-1517865,-99775
2017/07/11,0,2094011,-1111893,982118
2017/07/12,0,3149031,-2245206,903825
2017/07/13,0,1117093,-1898967,-781874
2017/07/14,0,1343159,-1162522,180637
2017/07/17,0,1573423,-1569898,3525
2017/07/18,0,1579000,-2117000,-538000
2017/07/19,0,7596505,-4821614,2774891
2017/07/20,0,1755824,-2741487,-985663
2017/07/21,0,1132220,-884353,247867
2017/07/24,0,2434294,-1911854,522440
2017/07/25,0,3743800,-5181253,-1437453
2017/07/26,0,4807412,-5576181,-768769
2017/07/27,0,2914145,-5271635,-2357490
2017/07/28,0,2363000,-2518255,-155255
2017/07/31,0,3881867,-3042766,839101
2017/08/01,0,9897000,-4402388,5494612
2017/08/02,0,17057596,-9143500,7914096
2017/08/03,0,3304852,-4430836,-1125984
2017/08/04,0,1610000,-4302025,-2692025
2017/08/07,0,1257275,-7273249,-6015974
2017/08/08,0,2129163,-6010000,-3880837
2017/08/09,0,1157330,-2728458,-1571128
2017/08/10,0,1916208,-1528000,388208
2017/08/11,0,1667000,-1898155,-231155
2017/08/14,0,1140000,-2235387,-1095387
2017/08/15,0,3405000,-6609674,-3204674
2017/08/16,0,3985991,-3828000,157991
2017/08/17,0,2174000,-3004512,-830512
2017/08/18,0,1685000,-3032016,-1347016
