Date,Open,Buy,Sell,Total
2007/01/02,0,820000,-2000,818000
2007/01/03,0,2253000,-44000,2209000
2007/01/04,0,700000,-118000,582000
2007/01/05,0,273000,-241010,31990
2007/01/08,0,169000,-303519,-134519
2007/01/09,0,135000,-264000,-129000
2007/01/10,0,82000,-168000,-86000
2007/01/11,0,238000,-140000,98000
2007/01/12,0,16000,-50000,-34000
2007/01/15,0,92000,-113650,-21650
2007/01/16,0,525000,-120000,405000
2007/01/17,0,40000,0,40000
2007/01/18,0,68000,-12000,56000
2007/01/19,0,52000,-56000,-4000
2007/01/22,0,111000,-6000,105000
2007/01/23,0,45000,-9000,36000
2007/01/24,0,113000,0,113000
2007/01/25,0,145000,-75000,70000
2007/01/26,0,11000,-119000,-108000
2007/01/29,0,10000,-371000,-361000
2007/01/30,0,462000,-121000,341000
2007/01/31,0,135000,-30000,105000
2007/02/01,0,182000,-28000,154000
2007/02/02,0,164000,-9000,155000
2007/02/05,0,99000,-317000,-218000
2007/02/06,0,149000,-175000,-26000
2007/02/07,0,136000,-95000,41000
2007/02/08,0,29000,-14000,15000
2007/02/09,0,458000,-145000,313000
2007/02/12,0,75000,-317900,-242900
2007/02/13,0,115000,-54000,61000
2007/02/14,0,291000,-192000,99000
2007/02/15,0,0,0,0
2007/02/16,0,0,0,0
2007/02/19,0,0,0,0
2007/02/20,0,0,0,0
2007/02/21,0,0,0,0
2007/02/22,0,0,0,0
2007/02/23,0,0,0,0
2007/02/26,0,53000,-57000,-4000
2007/02/27,0,325000,-181000,144000
2007/02/28,0,0,0,0
2007/03/01,0,342000,0,342000
2007/03/02,0,157000,-113500,43500
2007/03/05,0,0,-319000,-319000
2007/03/06,0,17000,-45000,-28000
2007/03/07,0,51000,-266000,-215000
2007/03/08,0,365000,-120000,245000
2007/03/09,0,122000,-98950,23050
2007/03/12,0,3000,-105000,-102000
2007/03/13,0,559000,-213895,345105
2007/03/14,0,441000,-315000,126000
2007/03/15,0,556000,-16000,540000
2007/03/16,0,92000,-222162,-130162
2007/03/19,0,0,-20600,-20600
2007/03/20,0,10000,-113000,-103000
2007/03/21,0,342000,-114000,228000
2007/03/22,0,498000,-68000,430000
2007/03/23,0,0,-51000,-51000
2007/03/26,0,0,-277000,-277000
2007/03/27,0,49000,-121000,-72000
2007/03/28,0,70000,-35000,35000
2007/03/29,0,176000,-16000,160000
2007/03/30,0,0,-252000,-252000
2007/04/02,0,130000,-2000,128000
2007/04/03,0,659000,-259000,400000
2007/04/04,0,168000,-20000,148000
2007/04/05,0,0,0,0
2007/04/06,0,0,0,0
2007/04/09,0,235000,-125000,110000
2007/04/10,0,178000,-598000,-420000
2007/04/11,0,158000,-95000,63000
2007/04/12,0,84000,-18000,66000
2007/04/13,0,94000,-211000,-117000
2007/04/16,0,287000,-109000,178000
2007/04/17,0,86000,-40000,46000
2007/04/18,0,28000,-50000,-22000
2007/04/19,0,100000,-14000,86000
2007/04/20,0,11000,-14000,-3000
2007/04/23,0,137000,0,137000
2007/04/24,0,194000,-17000,177000
2007/04/25,0,339000,-105000,234000
2007/04/26,0,269000,0,269000
2007/04/27,0,193000,-50000,143000
2007/04/30,0,307000,-170000,137000
2007/05/01,0,0,0,0
2007/05/02,0,205000,-14000,191000
2007/05/03,0,220000,-40000,180000
2007/05/04,0,639000,-166000,473000
2007/05/07,0,462000,-517000,-55000
2007/05/08,0,24000,-374000,-350000
2007/05/09,0,95000,-219000,-124000
2007/05/10,0,65000,-223000,-158000
2007/05/11,0,102000,-7000,95000
2007/05/14,0,229000,-44000,185000
2007/05/15,0,32000,-451000,-419000
2007/05/16,0,149000,-153000,-4000
2007/05/17,0,15000,-117000,-102000
2007/05/18,0,9000,-87000,-78000
2007/05/21,0,115000,-59000,56000
2007/05/22,0,56000,-6000,50000
2007/05/23,0,79000,-55000,24000
2007/05/24,0,253000,-33000,220000
2007/05/25,0,82000,-36000,46000
2007/05/28,0,87000,-435000,-348000
2007/05/29,0,132000,-160000,-28000
2007/05/30,0,89000,0,89000
2007/05/31,0,107000,-40000,67000
2007/06/01,0,68000,-113000,-45000
2007/06/04,0,236000,-177000,59000
2007/06/05,0,335000,-107000,228000
2007/06/06,0,404000,-285000,119000
2007/06/07,0,200000,-290000,-90000
2007/06/08,0,253000,-66000,187000
2007/06/11,0,105000,-59000,46000
2007/06/12,0,538000,-299000,239000
2007/06/13,0,135000,-444550,-309550
2007/06/14,0,865000,-181000,684000
2007/06/15,0,794000,-86000,708000
2007/06/18,0,0,0,0
2007/06/19,0,0,0,0
2007/06/20,0,413000,-88000,325000
2007/06/21,0,241000,-298000,-57000
2007/06/22,0,125000,-517000,-392000
2007/06/25,0,550000,-182000,368000
2007/06/26,0,242000,-6000,236000
2007/06/27,0,180000,-50000,130000
2007/06/28,0,74000,-71000,3000
2007/06/29,0,180000,-25000,155000
2007/07/02,0,120000,-78000,42000
2007/07/03,0,173000,-46000,127000
2007/07/04,0,410000,-60000,350000
2007/07/05,0,1063000,-23000,1040000
2007/07/06,0,1260000,0,1260000
2007/07/09,0,648000,-22000,626000
2007/07/10,0,466000,-44000,422000
2007/07/11,0,81000,-130000,-49000
2007/07/12,0,136000,-113000,23000
2007/07/13,0,197000,-306000,-109000
2007/07/16,0,80000,-395000,-315000
2007/07/17,0,216000,-32000,184000
2007/07/18,0,533000,-3000,530000
2007/07/19,0,11000,-38000,-27000
2007/07/20,0,695000,0,695000
2007/07/23,0,212000,-217000,-5000
2007/07/24,0,148000,-204000,-56000
2007/07/25,0,429000,-5000,424000
2007/07/26,0,205000,-51000,154000
2007/07/27,0,160000,-159000,1000
2007/07/30,0,674000,-96000,578000
2007/07/31,0,568000,-22000,546000
2007/08/01,0,649000,-38000,611000
2007/08/02,0,332000,-46000,286000
2007/08/03,0,1603000,-1000,1602000
2007/08/06,0,203000,-10000,193000
2007/08/07,0,226000,-61000,165000
2007/08/08,0,480000,-353000,127000
2007/08/09,0,324000,-334000,-10000
2007/08/10,0,254000,-1662000,-1408000
2007/08/13,0,1000,-326000,-325000
2007/08/14,0,19000,-355000,-336000
2007/08/15,0,161000,-117000,44000
2007/08/16,0,873000,-10000,863000
2007/08/17,0,1187000,-1000,1186000
2007/08/20,0,557000,0,557000
2007/08/21,0,130000,-98000,32000
2007/08/22,0,217000,-95000,122000
2007/08/23,0,412000,-145000,267000
2007/08/24,0,249000,-1000,248000
2007/08/27,0,45000,-164000,-119000
2007/08/28,0,370000,-100000,270000
2007/08/29,0,535000,-187000,348000
2007/08/30,0,306000,-137000,169000
2007/08/31,0,52000,-27000,25000
2007/09/03,0,260000,-65000,195000
2007/09/04,0,637750,-3000,634750
2007/09/05,0,348000,-95000,253000
2007/09/06,0,240000,-161000,79000
2007/09/07,0,29000,-494935,-465935
2007/09/10,0,260000,-92500,167500
2007/09/11,0,459250,-198000,261250
2007/09/12,0,316000,-59300,256700
2007/09/13,0,61000,-15500,45500
2007/09/14,0,360000,-144000,216000
2007/09/17,0,114000,-45000,69000
2007/09/18,0,0,0,0
2007/09/19,0,42000,-76000,-34000
2007/09/20,0,2000,-602000,-600000
2007/09/21,0,414000,-182000,232000
2007/09/24,0,0,0,0
2007/09/25,0,0,0,0
2007/09/26,0,75000,-84250,-9250
2007/09/27,0,321000,-1000,320000
2007/09/28,0,177000,-171000,6000
2007/10/01,0,55000,-2000,53000
2007/10/02,0,164000,-101000,63000
2007/10/03,0,389000,-94000,295000
2007/10/04,0,12000,0,12000
2007/10/05,0,20000,-10200,9800
2007/10/08,0,293000,-608000,-315000
2007/10/09,0,283000,-10000,273000
2007/10/10,0,0,0,0
2007/10/11,0,29000,0,29000
2007/10/12,0,19000,-79000,-60000
2007/10/15,0,82000,-18000,64000
2007/10/16,0,294000,0,294000
2007/10/17,0,84000,-3000,81000
2007/10/18,0,261000,-100000,161000
2007/10/19,0,137000,-153000,-16000
2007/10/22,0,71000,-25850,45150
2007/10/23,0,223000,-3000,220000
2007/10/24,0,282000,-20000,262000
2007/10/25,0,43000,-39000,4000
2007/10/26,0,92000,-28000,64000
2007/10/29,0,168000,0,168000
2007/10/30,0,71000,-1000,70000
2007/10/31,0,270000,-92000,178000
2007/11/01,0,708000,-70000,638000
2007/11/02,0,84000,-87500,-3500
2007/11/05,0,11000,-107200,-96200
2007/11/06,0,104000,-749000,-645000
2007/11/07,0,428000,-867000,-439000
2007/11/08,0,102000,-100000,2000
2007/11/09,0,466000,-978000,-512000
2007/11/12,0,123000,-249500,-126500
2007/11/13,0,80000,-20000,60000
2007/11/14,0,339000,-251000,88000
2007/11/15,0,52000,-623500,-571500
2007/11/16,0,52000,-381000,-329000
2007/11/19,0,24000,-155000,-131000
2007/11/20,0,10000,-336000,-326000
2007/11/21,0,31000,-510000,-479000
2007/11/22,0,196000,-1668150,-1472150
2007/11/23,0,132000,-2408000,-2276000
2007/11/26,0,123000,-1074000,-951000
2007/11/27,0,53000,-437000,-384000
2007/11/28,0,317000,-90650,226350
2007/11/29,0,137000,-1517500,-1380500
2007/11/30,0,131600,-250150,-118550
2007/12/03,0,174000,-34000,140000
2007/12/04,0,89000,-130050,-41050
2007/12/05,0,164000,-54800,109200
2007/12/06,0,156000,-200450,-44450
2007/12/07,0,390000,-1408600,-1018600
2007/12/10,0,300000,-138000,162000
2007/12/11,0,51000,-755650,-704650
2007/12/12,0,94000,-838200,-744200
2007/12/13,0,34000,-1476320,-1442320
2007/12/14,0,336000,-665000,-329000
2007/12/17,0,110000,-377850,-267850
2007/12/18,0,852000,-486000,366000
2007/12/19,0,891000,-11000,880000
2007/12/20,0,463000,-25235,437765
2007/12/21,0,347000,0,347000
2007/12/24,0,1724000,0,1724000
2007/12/25,0,31000,-2000,29000
2007/12/26,0,18000,-107000,-89000
2007/12/27,0,553000,-2164050,-1611050
2007/12/28,0,65000,-921350,-856350
2007/12/31,0,35000,-859950,-824950
2008/01/01,0,0,0,0
2008/01/02,0,608000,-96000,512000
2008/01/03,0,112000,-2300750,-2188750
2008/01/04,0,0,-962508,-962508
2008/01/07,0,55000,-1037130,-982130
2008/01/08,0,104000,-1822727,-1718727
2008/01/09,0,382000,-170750,211250
2008/01/10,0,1126000,-349400,776600
2008/01/11,0,692000,-65200,626800
2008/01/14,0,291000,-368000,-77000
2008/01/15,0,195000,-600150,-405150
2008/01/16,0,80000,-539150,-459150
2008/01/17,0,188000,-176655,11345
2008/01/18,0,120000,-482000,-362000
2008/01/21,0,154000,0,154000
2008/01/22,0,6000,-58605,-52605
2008/01/23,0,197000,-980750,-783750
2008/01/24,0,120000,-1993200,-1873200
2008/01/25,0,59000,-1000,58000
2008/01/28,0,2785000,-103000,2682000
2008/01/29,0,322000,-58000,264000
2008/01/30,0,481000,-73000,408000
2008/01/31,0,3000,-160265,-157265
2008/02/01,0,111000,-3489250,-3378250
2008/02/04,0,0,0,0
2008/02/05,0,0,0,0
2008/02/06,0,0,0,0
2008/02/07,0,0,0,0
2008/02/08,0,0,0,0
2008/02/11,0,0,0,0
2008/02/12,0,15000,-1541250,-1526250
2008/02/13,0,76000,-1155100,-1079100
2008/02/14,0,0,-10500,-10500
2008/02/15,0,1170000,-51000,1119000
2008/02/18,0,1148000,0,1148000
2008/02/19,0,144000,-110000,34000
2008/02/20,0,260231,-174000,86231
2008/02/21,0,195000,-87000,108000
2008/02/22,0,582000,-234250,347750
2008/02/25,0,245000,-97000,148000
2008/02/26,0,0,-769000,-769000
2008/02/27,0,258000,-297000,-39000
2008/02/28,0,0,0,0
2008/02/29,0,28000,-196000,-168000
2008/03/03,0,21000,-359000,-338000
2008/03/04,0,1000,-296400,-295400
2008/03/05,0,605000,-149000,456000
2008/03/06,0,262000,-181000,81000
2008/03/07,0,342000,-67000,275000
2008/03/10,0,874000,-19000,855000
2008/03/11,0,699000,-41000,658000
2008/03/12,0,677000,-15000,662000
2008/03/13,0,80000,-221000,-141000
2008/03/14,0,28000,0,28000
2008/03/17,0,97000,-139000,-42000
2008/03/18,0,91000,-342500,-251500
2008/03/19,0,244000,0,244000
2008/03/20,0,411000,-147000,264000
2008/03/21,0,1179000,-112630,1066370
2008/03/24,0,350000,-233020,116980
2008/03/25,0,228000,-84400,143600
2008/03/26,0,232000,-119000,113000
2008/03/27,0,40000,-193000,-153000
2008/03/28,0,302000,-75500,226500
2008/03/31,0,86000,-157000,-71000
2008/04/01,0,161000,-68000,93000
2008/04/02,0,1802000,-100000,1702000
2008/04/03,0,255000,-100000,155000
2008/04/04,0,0,0,0
2008/04/07,0,285000,-358350,-73350
2008/04/08,0,960000,-289000,671000
2008/04/09,0,67000,-324207,-257207
2008/04/10,0,94000,-189000,-95000
2008/04/11,0,220000,-104000,116000
2008/04/14,0,12000,-31750,-19750
2008/04/15,0,661000,-62000,599000
2008/04/16,0,215000,-794000,-579000
2008/04/17,0,71000,-1222000,-1151000
2008/04/18,0,195000,-2102000,-1907000
2008/04/21,0,311000,-62400,248600
2008/04/22,0,333000,-625700,-292700
2008/04/23,0,451000,0,451000
2008/04/24,0,622000,-630000,-8000
2008/04/25,0,21000,-50000,-29000
2008/04/28,0,26000,-69000,-43000
2008/04/29,0,211000,-520500,-309500
2008/04/30,0,240000,-104000,136000
2008/05/01,0,0,0,0
2008/05/02,0,2203000,0,2203000
2008/05/05,0,656000,-2000,654000
2008/05/06,0,120000,-144000,-24000
2008/05/07,0,557000,-70000,487000
2008/05/08,0,95000,-81000,14000
2008/05/09,0,104000,-165000,-61000
2008/05/12,0,185000,-317000,-132000
2008/05/13,0,346000,-341000,5000
2008/05/14,0,283000,-23000,260000
2008/05/15,0,53000,-457000,-404000
2008/05/16,0,110000,-443000,-333000
2008/05/19,0,19000,-158000,-139000
2008/05/20,0,9000,-150840,-141840
2008/05/21,0,30000,-450000,-420000
2008/05/22,0,48000,-426000,-378000
2008/05/23,0,112000,-1590000,-1478000
2008/05/26,0,262000,-1284000,-1022000
2008/05/27,0,133000,-101668,31332
2008/05/28,0,26000,-70000,-44000
2008/05/29,0,158000,-10000,148000
2008/05/30,0,31000,-190500,-159500
2008/06/02,0,94000,-3291640,-3197640
2008/06/03,0,350000,-786000,-436000
2008/06/04,0,1000,-837350,-836350
2008/06/05,0,0,-15000,-15000
2008/06/06,0,40000,-115000,-75000
2008/06/09,0,145000,0,145000
2008/06/10,0,34000,-4000,30000
2008/06/11,0,45000,-252000,-207000
2008/06/12,0,854000,-85000,769000
2008/06/13,0,157000,-27000,130000
2008/06/16,0,0,-171250,-171250
2008/06/17,0,96000,-264000,-168000
2008/06/18,0,510000,0,510000
2008/06/19,0,284000,-8000,276000
2008/06/20,0,639000,0,639000
2008/06/23,0,125000,-16000,109000
2008/06/24,0,137000,0,137000
2008/06/25,0,404000,-39000,365000
2008/06/26,0,2134000,-213000,1921000
2008/06/27,0,588000,-202000,386000
2008/06/30,0,269000,0,269000
2008/07/01,0,19000,-147000,-128000
2008/07/02,0,175000,-770936,-595936
2008/07/03,0,185000,-667000,-482000
2008/07/04,0,87000,-160000,-73000
2008/07/07,0,121000,-319000,-198000
2008/07/08,0,370000,-226500,143500
2008/07/09,0,148000,-501000,-353000
2008/07/10,0,1155000,-546000,609000
2008/07/11,0,668000,-140000,528000
2008/07/14,0,1632000,-623075,1008925
2008/07/15,0,797000,-151000,646000
2008/07/16,0,2368000,-667000,1701000
2008/07/17,0,860000,-345000,515000
2008/07/18,0,2454000,-40000,2414000
2008/07/21,0,715000,-155000,560000
2008/07/22,0,473000,-136000,337000
2008/07/23,0,594000,-52600,541400
2008/07/24,0,54000,-614000,-560000
2008/07/25,0,111000,-142303,-31303
2008/07/28,0,0,0,0
2008/07/29,0,56000,-2000,54000
2008/07/30,0,486000,-1556500,-1070500
2008/07/31,0,475000,-318117,156883
2008/08/01,0,1000,0,1000
2008/08/04,0,415000,-13000,402000
2008/08/05,0,288000,-206000,82000
2008/08/06,0,1353000,-583,1352417
2008/08/07,0,1153000,-387000,766000
2008/08/08,0,314000,-163000,151000
2008/08/11,0,605000,-78000,527000
2008/08/12,0,444000,-137000,307000
2008/08/13,0,398000,-159000,239000
2008/08/14,0,342000,-198000,144000
2008/08/15,0,261000,-405000,-144000
2008/08/18,0,214000,-177000,37000
2008/08/19,0,387000,-55000,332000
2008/08/20,0,628000,-5000,623000
2008/08/21,0,217000,-4000,213000
2008/08/22,0,320000,-221000,99000
2008/08/25,0,75000,-288000,-213000
2008/08/26,0,312000,-98000,214000
2008/08/27,0,215000,-112000,103000
2008/08/28,0,463000,-133000,330000
2008/08/29,0,75000,-93000,-18000
2008/09/01,0,264000,-164680,99320
2008/09/02,0,640000,-378290,261710
2008/09/03,0,137000,-201650,-64650
2008/09/04,0,81000,-104000,-23000
2008/09/05,0,2016000,-152000,1864000
2008/09/08,0,986000,-171300,814700
2008/09/09,0,270000,-256800,13200
2008/09/10,0,342000,-420000,-78000
2008/09/11,0,83000,-102417,-19417
2008/09/12,0,53000,-212000,-159000
2008/09/15,0,90000,0,90000
2008/09/16,0,204000,-271000,-67000
2008/09/17,0,198000,-40400,157600
2008/09/18,0,225000,-15000,210000
2008/09/19,0,1161000,-232600,928400
2008/09/22,0,94000,-106243,-12243
2008/09/23,0,334000,-19000,315000
2008/09/24,0,65000,-122000,-57000
2008/09/25,0,92000,-79310,12690
2008/09/26,0,332000,-193005,138995
2008/09/29,0,0,0,0
2008/09/30,0,51000,-251000,-200000
2008/10/01,0,263000,-18350,244650
2008/10/02,0,121000,-1750321,-1629321
2008/10/03,0,61000,-1288142,-1227142
2008/10/06,0,362000,-181000,181000
2008/10/07,0,150000,-432000,-282000
2008/10/08,0,113000,-23000,90000
2008/10/09,0,665000,-304540,360460
2008/10/10,0,0,0,0
2008/10/13,0,91000,-105000,-14000
2008/10/14,0,255000,-103120,151880
2008/10/15,0,116000,-28000,88000
2008/10/16,0,217000,-746307,-529307
2008/10/17,0,299000,-106668,192332
2008/10/20,0,87000,-158000,-71000
2008/10/21,0,991000,-73000,918000
2008/10/22,0,340000,-76000,264000
2008/10/23,0,93000,-457040,-364040
2008/10/24,0,44000,-75000,-31000
2008/10/27,0,422000,-81100,340900
2008/10/28,0,885000,-37650,847350
2008/10/29,0,684000,-89000,595000
2008/10/30,0,1617000,-107231,1509769
2008/10/31,0,479000,-161000,318000
2008/11/03,0,218000,-485000,-267000
2008/11/04,0,25000,-633690,-608690
2008/11/05,0,77000,-1320210,-1243210
2008/11/06,0,5000,-2164500,-2159500
2008/11/07,0,414000,-1930700,-1516700
2008/11/10,0,399000,-1115430,-716430
2008/11/11,0,180000,-1260900,-1080900
2008/11/12,0,55000,-706190,-651190
2008/11/13,0,134000,-656400,-522400
2008/11/14,0,266000,-238000,28000
2008/11/17,0,59000,-783000,-724000
2008/11/18,0,443000,-1199600,-756600
2008/11/19,0,1106000,-650095,455905
2008/11/20,0,408000,-1251000,-843000
2008/11/21,0,685000,-849402,-164402
2008/11/24,0,690000,-718180,-28180
2008/11/25,0,289000,-138220,150780
2008/11/26,0,192000,-561000,-369000
2008/11/27,0,220000,-647024,-427024
2008/11/28,0,8000,-979587,-971587
2008/12/01,0,28000,-815000,-787000
2008/12/02,0,0,-2675000,-2675000
2008/12/03,0,0,-2040100,-2040100
2008/12/04,0,605000,-789700,-184700
2008/12/05,0,334000,-1249400,-915400
2008/12/08,0,1439000,-1132220,306780
2008/12/09,0,1033000,-94000,939000
2008/12/10,0,157000,-66000,91000
2008/12/11,0,1348000,-1000,1347000
2008/12/12,0,1337000,-288520,1048480
2008/12/15,0,1070000,-20000,1050000
2008/12/16,0,95000,-12704,82296
2008/12/17,0,770000,-1446000,-676000
2008/12/18,0,194000,-132905,61095
2008/12/19,0,205000,-73500,131500
2008/12/22,0,129000,-273000,-144000
2008/12/23,0,0,-644250,-644250
2008/12/24,0,10000,-219220,-209220
2008/12/25,0,230000,-674250,-444250
2008/12/26,0,40000,-470000,-430000
2008/12/29,0,0,-856850,-856850
2008/12/30,0,30000,-442000,-412000
2008/12/31,0,166000,-613450,-447450
2009/01/01,0,0,0,0
2009/01/02,0,0,0,0
2009/01/05,0,150000,-51000,99000
2009/01/06,0,414000,0,414000
2009/01/07,0,297000,-72000,225000
2009/01/08,0,465000,-158860,306140
2009/01/09,0,338000,-7510,330490
2009/01/12,0,21000,-202000,-181000
2009/01/13,0,117000,-141000,-24000
2009/01/14,0,42000,-567620,-525620
2009/01/15,0,280000,-254000,26000
2009/01/16,0,695000,-130000,565000
2009/01/19,0,426000,-149000,277000
2009/01/20,0,37000,-114000,-77000
2009/01/21,0,54000,-160000,-106000
2009/01/22,0,0,0,0
2009/01/23,0,0,0,0
2009/01/26,0,0,0,0
2009/01/27,0,0,0,0
2009/01/28,0,0,0,0
2009/01/29,0,0,0,0
2009/01/30,0,0,0,0
2009/02/02,0,439000,-555300,-116300
2009/02/03,0,314000,-60000,254000
2009/02/04,0,277000,-289000,-12000
2009/02/05,0,443000,-53000,390000
2009/02/06,0,1173000,-10700,1162300
2009/02/09,0,1289000,-18000,1271000
2009/02/10,0,286000,-49487,236513
2009/02/11,0,221000,-231000,-10000
2009/02/12,0,109000,-925000,-816000
2009/02/13,0,365000,-2000,363000
2009/02/16,0,462000,-29000,433000
2009/02/17,0,4000,-339000,-335000
2009/02/18,0,290000,-487000,-197000
2009/02/19,0,226000,-12000,214000
2009/02/20,0,138000,-2000,136000
2009/02/23,0,323000,-12000,311000
2009/02/24,0,328000,-102000,226000
2009/02/25,0,231000,-2000,229000
2009/02/26,0,32000,-201000,-169000
2009/02/27,0,121000,-107000,14000
2009/03/02,0,448000,-128000,320000
2009/03/03,0,249000,-20000,229000
2009/03/04,0,1026000,-254000,772000
2009/03/05,0,98000,-328400,-230400
2009/03/06,0,20000,-435000,-415000
2009/03/09,0,105000,-175000,-70000
2009/03/10,0,131000,-146000,-15000
2009/03/11,0,123000,-42000,81000
2009/03/12,0,235000,-186000,49000
2009/03/13,0,305000,-67000,238000
2009/03/16,0,12000,-256000,-244000
2009/03/17,0,131000,-191000,-60000
2009/03/18,0,58000,-78000,-20000
2009/03/19,0,80000,-485000,-405000
2009/03/20,0,25000,-399000,-374000
2009/03/23,0,0,-110000,-110000
2009/03/24,0,312000,-328000,-16000
2009/03/25,0,514000,-3000,511000
2009/03/26,0,0,-74000,-74000
2009/03/27,0,101000,-34000,67000
2009/03/30,0,100000,-262000,-162000
2009/03/31,0,52000,-80000,-28000
2009/04/01,0,56000,-94000,-38000
2009/04/02,0,0,-1446000,-1446000
2009/04/03,0,0,-830000,-830000
2009/04/06,0,0,-1686000,-1686000
2009/04/07,0,2000,-1492000,-1490000
2009/04/08,0,75000,-722000,-647000
2009/04/09,0,310000,-348000,-38000
2009/04/10,0,122000,-302150,-180150
2009/04/13,0,25000,-38000,-13000
2009/04/14,0,289000,-344000,-55000
2009/04/15,0,382000,-367000,15000
2009/04/16,0,135000,-24000,111000
2009/04/17,0,628000,-2000,626000
2009/04/20,0,132000,-330000,-198000
2009/04/21,0,347000,-32000,315000
2009/04/22,0,356000,-90000,266000
2009/04/23,0,250000,-467700,-217700
2009/04/24,0,574000,-145240,428760
2009/04/27,0,1806000,-21000,1785000
2009/04/28,0,1976000,-7000,1969000
2009/04/29,0,283000,0,283000
2009/04/30,0,5000,-10000,-5000
2009/05/01,0,0,0,0
2009/05/04,0,335000,-1000,334000
2009/05/05,0,1358000,-10000,1348000
2009/05/06,0,694000,0,694000
2009/05/07,0,200000,-62000,138000
2009/05/08,0,223000,-171000,52000
2009/05/11,0,811000,-60000,751000
2009/05/12,0,341000,-167000,174000
2009/05/13,0,424000,-248000,176000
2009/05/14,0,328000,-21000,307000
2009/05/15,0,118000,-250000,-132000
2009/05/18,0,20000,0,20000
2009/05/19,0,1542000,-75000,1467000
2009/05/20,0,505000,-7000,498000
2009/05/21,0,1205000,-35000,1170000
2009/05/22,0,575000,-52000,523000
2009/05/25,0,706000,-606000,100000
2009/05/26,0,215000,-206000,9000
2009/05/27,0,222000,-450000,-228000
2009/05/28,0,0,0,0
2009/05/29,0,0,0,0
2009/06/01,0,19000,-61000,-42000
2009/06/02,0,33000,-128000,-95000
2009/06/03,0,95000,-195795,-100795
2009/06/04,0,9000,-460000,-451000
2009/06/05,0,175000,-55000,120000
2009/06/08,0,27000,-94000,-67000
2009/06/09,0,0,-243000,-243000
2009/06/10,0,219000,-297000,-78000
2009/06/11,0,86000,-192000,-106000
2009/06/12,0,0,-685000,-685000
2009/06/15,0,69000,-1290000,-1221000
2009/06/16,0,52000,-617500,-565500
2009/06/17,0,5000,-278000,-273000
2009/06/18,0,240000,-222000,18000
2009/06/19,0,11000,-72000,-61000
2009/06/22,0,23000,-63137,-40137
2009/06/23,0,0,-509000,-509000
2009/06/24,0,1000,-2000,-1000
2009/06/25,0,56000,0,56000
2009/06/26,0,282000,-163000,119000
2009/06/29,0,3000,-788000,-785000
2009/06/30,0,105000,0,105000
2009/07/01,0,328000,-11000,317000
2009/07/02,0,136000,-7000,129000
2009/07/03,0,473000,-205000,268000
2009/07/06,0,151000,-4000,147000
2009/07/07,0,411000,0,411000
2009/07/08,0,401000,-22000,379000
2009/07/09,0,573000,0,573000
2009/07/10,0,88000,-2000,86000
2009/07/13,0,236000,-34000,202000
2009/07/14,0,263000,-5000,258000
2009/07/15,0,291000,-6420,284580
2009/07/16,0,125000,-4000,121000
2009/07/17,0,659000,0,659000
2009/07/20,0,367000,0,367000
2009/07/21,0,372000,-40000,332000
2009/07/22,0,84000,-44000,40000
2009/07/23,0,136000,-94000,42000
2009/07/24,0,388000,-1000,387000
2009/07/27,0,82000,-7000,75000
2009/07/28,0,133000,-21000,112000
2009/07/29,0,190000,-15000,175000
2009/07/30,0,122000,-117000,5000
2009/07/31,0,128000,-118000,10000
2009/08/03,0,22000,-49000,-27000
2009/08/04,0,10000,-393000,-383000
2009/08/05,0,525000,-206000,319000
2009/08/06,0,33000,-247000,-214000
2009/08/07,0,0,0,0
2009/08/10,0,208000,-114000,94000
2009/08/11,0,170000,-63000,107000
2009/08/12,0,60000,-17000,43000
2009/08/13,0,104000,-31000,73000
2009/08/14,0,169000,-116000,53000
2009/08/17,0,0,-396000,-396000
2009/08/18,0,1000,-118000,-117000
2009/08/19,0,8000,-38000,-30000
2009/08/20,0,1000,-160000,-159000
2009/08/21,0,0,-105000,-105000
2009/08/24,0,78000,-786000,-708000
2009/08/25,0,0,-3000,-3000
2009/08/26,0,11000,-116000,-105000
2009/08/27,0,44000,-166000,-122000
2009/08/28,0,16000,-30000,-14000
2009/08/31,0,70000,-47590,22410
2009/09/01,0,106000,-21064,84936
2009/09/02,0,22000,-85000,-63000
2009/09/03,0,5000,-16000,-11000
2009/09/04,0,29000,-108000,-79000
2009/09/07,0,0,-435620,-435620
2009/09/08,0,0,-2296240,-2296240
2009/09/09,0,26000,-1207574,-1181574
2009/09/10,0,29000,-604100,-575100
2009/09/11,0,0,-492755,-492755
2009/09/14,0,0,-403510,-403510
2009/09/15,0,96000,-221000,-125000
2009/09/16,0,50000,-309534,-259534
2009/09/17,0,37000,-95000,-58000
2009/09/18,0,16000,-167140,-151140
2009/09/21,0,53000,-131100,-78100
2009/09/22,0,24000,-241000,-217000
2009/09/23,0,3000,-338130,-335130
2009/09/24,0,0,-42000,-42000
2009/09/25,0,90000,-223000,-133000
2009/09/28,0,60000,-88000,-28000
2009/09/29,0,177000,0,177000
2009/09/30,0,63000,-9000,54000
2009/10/01,0,0,-294000,-294000
2009/10/02,0,3000,-500740,-497740
2009/10/05,0,282000,-137391,144609
2009/10/06,0,254000,-948150,-694150
2009/10/07,0,25000,-741410,-716410
2009/10/08,0,0,-1348200,-1348200
2009/10/09,0,21000,-470282,-449282
2009/10/12,0,8000,-192000,-184000
2009/10/13,0,88000,-14000,74000
2009/10/14,0,0,-162536,-162536
2009/10/15,0,0,-212300,-212300
2009/10/16,0,146000,-20000,126000
2009/10/19,0,3000,-181000,-178000
2009/10/20,0,13000,-175888,-162888
2009/10/21,0,8000,-532264,-524264
2009/10/22,0,8000,-352360,-344360
2009/10/23,0,5000,-403328,-398328
2009/10/26,0,0,-1174490,-1174490
2009/10/27,0,67000,-663000,-596000
2009/10/28,0,173000,-1000,172000
2009/10/29,0,138876,-134000,4876
2009/10/30,0,357000,-28030,328970
2009/11/02,0,810000,-25144,784856
2009/11/03,0,433000,-42000,391000
2009/11/04,0,146000,-25000,121000
2009/11/05,0,151000,-284000,-133000
2009/11/06,0,67000,-117000,-50000
2009/11/09,0,28000,-443850,-415850
2009/11/10,0,136000,-28012,107988
2009/11/11,0,190000,-20000,170000
2009/11/12,0,190000,-186000,4000
2009/11/13,0,10000,-362024,-352024
2009/11/16,0,24000,-16624,7376
2009/11/17,0,5000,-36000,-31000
2009/11/18,0,70000,-14000,56000
2009/11/19,0,294000,-51000,243000
2009/11/20,0,438000,-61000,377000
2009/11/23,0,18000,-340220,-322220
2009/11/24,0,0,-304000,-304000
2009/11/25,0,25000,-10000,15000
2009/11/26,0,26000,-98000,-72000
2009/11/27,0,35000,-110000,-75000
2009/11/30,0,0,-11000,-11000
2009/12/01,0,3000,-125901,-122901
2009/12/02,0,122000,0,122000
2009/12/03,0,28000,-97000,-69000
2009/12/04,0,0,-418120,-418120
2009/12/07,0,126000,-28000,98000
2009/12/08,0,6000,-115000,-109000
2009/12/09,0,0,-139162,-139162
2009/12/10,0,0,-125000,-125000
2009/12/11,0,2000,-643830,-641830
2009/12/14,0,0,-70310,-70310
2009/12/15,0,5000,-2000,3000
2009/12/16,0,30000,-42000,-12000
2009/12/17,0,33000,0,33000
2009/12/18,0,13000,-49000,-36000
2009/12/21,0,35000,-65078,-30078
2009/12/22,0,1000,-12000,-11000
2009/12/23,0,5000,-27000,-22000
2009/12/24,0,47000,0,47000
2009/12/25,0,0,-80000,-80000
2009/12/28,0,0,-97000,-97000
2009/12/29,0,43000,-430000,-387000
2009/12/30,0,20000,-5000,15000
2009/12/31,0,32000,-51000,-19000
2010/01/01,0,0,0,0
2010/01/04,0,2000,-6000,-4000
2010/01/05,0,0,-38000,-38000
2010/01/06,0,20000,-78000,-58000
2010/01/07,0,6000,-80000,-74000
2010/01/08,0,20000,-326022,-306022
2010/01/11,0,30000,-252000,-222000
2010/01/12,0,18000,-151355,-133355
2010/01/13,0,0,-261140,-261140
2010/01/14,0,20000,-77288,-57288
2010/01/15,0,122000,-401082,-279082
2010/01/18,0,65000,-332000,-267000
2010/01/19,0,0,-115420,-115420
2010/01/20,0,12000,-193034,-181034
2010/01/21,0,0,-249300,-249300
2010/01/22,0,10000,-377200,-367200
2010/01/25,0,0,-27000,-27000
2010/01/26,0,0,-80000,-80000
2010/01/27,0,29000,-25000,4000
2010/01/28,0,99000,-468000,-369000
2010/01/29,0,19000,-227000,-208000
2010/02/01,0,12000,-44000,-32000
2010/02/02,0,9000,-499000,-490000
2010/02/03,0,45000,-25000,20000
2010/02/04,0,21000,-18000,3000
2010/02/05,0,12000,-36000,-24000
2010/02/08,0,47000,0,47000
2010/02/09,0,167000,-3000,164000
2010/02/10,0,5000,-42000,-37000
2010/02/11,0,0,0,0
2010/02/12,0,0,0,0
2010/02/15,0,0,0,0
2010/02/16,0,0,0,0
2010/02/17,0,0,0,0
2010/02/18,0,0,0,0
2010/02/19,0,0,0,0
2010/02/22,0,4000,-351115,-347115
2010/02/23,0,42000,-301800,-259800
2010/02/24,0,53000,-25000,28000
2010/02/25,0,112000,-345531,-233531
2010/02/26,0,76000,-10060,65940
2010/03/01,0,145000,-90422,54578
2010/03/02,0,186000,-50000,136000
2010/03/03,0,0,-211190,-211190
2010/03/04,0,50000,-49178,822
2010/03/05,0,0,-76000,-76000
2010/03/08,0,148000,0,148000
2010/03/09,0,185000,-25000,160000
2010/03/10,0,150000,-6000,144000
2010/03/11,0,15000,-25000,-10000
2010/03/12,0,49000,-15000,34000
2010/03/15,0,0,-76051,-76051
2010/03/16,0,20000,-49000,-29000
2010/03/17,0,3000,-52032,-49032
2010/03/18,0,0,-4000,-4000
2010/03/19,0,0,-23000,-23000
2010/03/22,0,0,-24000,-24000
2010/03/23,0,0,-1000,-1000
2010/03/24,0,0,-57000,-57000
2010/03/25,0,196000,-118000,78000
2010/03/26,0,30000,-57000,-27000
2010/03/29,0,10000,-3000,7000
2010/03/30,0,0,-115000,-115000
2010/03/31,0,12000,-70000,-58000
2010/04/01,0,0,-129390,-129390
2010/04/02,0,0,-38000,-38000
2010/04/05,0,0,0,0
2010/04/06,0,0,-9000,-9000
2010/04/07,0,0,-28000,-28000
2010/04/08,0,0,-413000,-413000
2010/04/09,0,6000,-22000,-16000
2010/04/12,0,48000,-31000,17000
2010/04/13,0,0,-954776,-954776
2010/04/14,0,0,-52000,-52000
2010/04/15,0,0,-16000,-16000
2010/04/16,0,5000,-126000,-121000
2010/04/19,0,0,-11198,-11198
2010/04/20,0,1000,-15000,-14000
2010/04/21,0,19000,-2000,17000
2010/04/22,0,14000,-33900,-19900
2010/04/23,0,95000,-20000,75000
2010/04/26,0,0,0,0
2010/04/27,0,15000,-11484,3516
2010/04/28,0,0,-3000,-3000
2010/04/29,0,0,-32000,-32000
2010/04/30,0,0,-758154,-758154
2010/05/03,0,75000,-100000,-25000
2010/05/04,0,35000,-64000,-29000
2010/05/05,0,138000,-6000,132000
2010/05/06,0,150000,0,150000
2010/05/07,0,20000,0,20000
2010/05/10,0,1000,-26000,-25000
2010/05/11,0,3000,-10000,-7000
2010/05/12,0,0,-34000,-34000
2010/05/13,0,1000,0,1000
2010/05/14,0,0,-72000,-72000
2010/05/17,0,23000,-85000,-62000
2010/05/18,0,14000,-10000,4000
2010/05/19,0,0,-78000,-78000
2010/05/20,0,2000,-67090,-65090
2010/05/21,0,10000,-125000,-115000
2010/05/24,0,96000,-1000,95000
2010/05/25,0,213000,0,213000
2010/05/26,0,298000,-5000,293000
2010/05/27,0,71000,-16000,55000
2010/05/28,0,0,-1000,-1000
2010/05/31,0,0,-35000,-35000
2010/06/01,0,0,0,0
2010/06/02,0,11000,0,11000
2010/06/03,0,22000,-80000,-58000
2010/06/04,0,0,-20000,-20000
2010/06/07,0,40000,0,40000
2010/06/08,0,2000,-203000,-201000
2010/06/09,0,0,0,0
2010/06/10,0,2000,-286839,-284839
2010/06/11,0,70000,-50364,19636
2010/06/14,0,1000,-106130,-105130
2010/06/15,0,0,-677000,-677000
2010/06/16,0,0,0,0
2010/06/17,0,0,-321012,-321012
2010/06/18,0,14000,-123000,-109000
2010/06/21,0,35000,-172074,-137074
2010/06/22,0,0,-79000,-79000
2010/06/23,0,0,-159120,-159120
2010/06/24,0,7000,-327148,-320148
2010/06/25,0,4000,-210713,-206713
2010/06/28,0,23000,-783057,-760057
2010/06/29,0,124000,-534156,-410156
2010/06/30,0,0,-357000,-357000
2010/07/01,0,50000,-79000,-29000
2010/07/02,0,102000,-357000,-255000
2010/07/05,0,125000,-125194,-194
2010/07/06,0,93000,-116000,-23000
2010/07/07,0,209000,-60000,149000
2010/07/08,0,321000,-54000,267000
2010/07/09,0,106000,-50000,56000
2010/07/12,0,115000,-40504,74496
2010/07/13,0,37000,0,37000
2010/07/14,0,24000,0,24000
2010/07/15,0,10000,-28000,-18000
2010/07/16,0,1055000,-278000,777000
2010/07/19,0,55000,-25024,29976
2010/07/20,0,0,-3000,-3000
2010/07/21,0,34000,-120000,-86000
2010/07/22,0,0,0,0
2010/07/23,0,2000,-72000,-70000
2010/07/26,0,74000,-34673,39327
2010/07/27,0,16000,-27000,-11000
2010/07/28,0,0,-1226060,-1226060
2010/07/29,0,0,-890755,-890755
2010/07/30,0,5000,-28212,-23212
2010/08/02,0,25000,-730189,-705189
2010/08/03,0,108000,-153020,-45020
2010/08/04,0,0,-54000,-54000
2010/08/05,0,34000,-2660,31340
2010/08/06,0,63000,-2000,61000
2010/08/09,0,520000,0,520000
2010/08/10,0,151000,-30000,121000
2010/08/11,0,155000,-12000,143000
2010/08/12,0,70000,-4000,66000
2010/08/13,0,137000,-24000,113000
2010/08/16,0,1000,-95000,-94000
2010/08/17,0,15000,-3000,12000
2010/08/18,0,103000,-13000,90000
2010/08/19,0,200000,-52000,148000
2010/08/20,0,10000,-47000,-37000
2010/08/23,0,28000,-30000,-2000
2010/08/24,0,20000,-167247,-147247
2010/08/25,0,17000,-1000,16000
2010/08/26,0,324000,-27000,297000
2010/08/27,0,35000,-153000,-118000
2010/08/30,0,4000,-45462,-41462
2010/08/31,0,54000,-37268,16732
2010/09/01,0,55000,-201188,-146188
2010/09/02,0,121000,0,121000
2010/09/03,0,478000,-154,477846
2010/09/06,0,307000,-11,306989
2010/09/07,0,79000,-18000,61000
2010/09/08,0,20000,-4000,16000
2010/09/09,0,0,0,0
2010/09/10,0,63000,0,63000
2010/09/13,0,10000,-95065,-85065
2010/09/14,0,31000,-1121,29879
2010/09/15,0,0,-336020,-336020
2010/09/16,0,1000,-166049,-165049
2010/09/17,0,47000,-54000,-7000
2010/09/20,0,15000,-2752,12248
2010/09/21,0,0,-24071,-24071
2010/09/22,0,0,0,0
2010/09/23,0,15000,-167599,-152599
2010/09/24,0,10000,-282101,-272101
2010/09/27,0,23000,-129868,-106868
2010/09/28,0,24000,0,24000
2010/09/29,0,0,-113000,-113000
2010/09/30,0,1000,-77000,-76000
2010/10/01,0,93000,-56000,37000
2010/10/04,0,0,-100019,-100019
2010/10/05,0,60000,-255595,-195595
2010/10/06,0,0,-133007,-133007
2010/10/07,0,50000,-48074,1926
2010/10/08,0,0,-323080,-323080
2010/10/11,0,0,-50000,-50000
2010/10/12,0,0,-316279,-316279
2010/10/13,0,14000,-100378,-86378
2010/10/14,0,3000,-17000,-14000
2010/10/15,0,29000,-253330,-224330
2010/10/18,0,51000,-87306,-36306
2010/10/19,0,260000,-122052,137948
2010/10/20,0,268000,-56000,212000
2010/10/21,0,0,-54240,-54240
2010/10/22,0,0,-15440,-15440
2010/10/25,0,31000,-5225,25775
2010/10/26,0,2000,0,2000
2010/10/27,0,3000,-5000,-2000
2010/10/28,0,0,-48000,-48000
2010/10/29,0,0,-61252,-61252
2010/11/01,0,143000,-107561,35439
2010/11/02,0,0,-389276,-389276
2010/11/03,0,0,-181496,-181496
2010/11/04,0,86000,-2023,83977
2010/11/05,0,0,-55470,-55470
2010/11/08,0,0,-71036,-71036
2010/11/09,0,3000,-50000,-47000
2010/11/10,0,35000,-11000,24000
2010/11/11,0,1000,-1000,0
2010/11/12,0,0,-11000,-11000
2010/11/15,0,30000,-111000,-81000
2010/11/16,0,30000,-17000,13000
2010/11/17,0,0,0,0
2010/11/18,0,0,-12222,-12222
2010/11/19,0,72000,-10949,61051
2010/11/22,0,30000,0,30000
2010/11/23,0,138000,0,138000
2010/11/24,0,10000,0,10000
2010/11/25,0,40000,-4000,36000
2010/11/26,0,32000,0,32000
2010/11/29,0,20000,-79,19921
2010/11/30,0,21000,-26000,-5000
2010/12/01,0,0,-2000,-2000
2010/12/02,0,0,-10000,-10000
2010/12/03,0,261000,-13000,248000
2010/12/06,0,56000,-5000,51000
2010/12/07,0,326000,-11000,315000
2010/12/08,0,759000,-2000,757000
2010/12/09,0,168000,0,168000
2010/12/10,0,22000,-16000,6000
2010/12/13,0,114000,-1000,113000
2010/12/14,0,312000,-72128,239872
2010/12/15,0,40000,-10000,30000
2010/12/16,0,0,-160000,-160000
2010/12/17,0,160000,-9000,151000
2010/12/20,0,5000,-1000,4000
2010/12/21,0,10000,0,10000
2010/12/22,0,1000,0,1000
2010/12/23,0,0,-165000,-165000
2010/12/24,0,0,-70000,-70000
2010/12/27,0,0,-108000,-108000
2010/12/28,0,0,-167000,-167000
2010/12/29,0,0,0,0
2010/12/30,0,0,-9000,-9000
2010/12/31,0,0,-88000,-88000
2011/01/03,0,1000,-552271,-551271
2011/01/04,0,0,-49082,-49082
2011/01/05,0,46000,-111000,-65000
2011/01/06,0,6000,-180115,-174115
2011/01/07,0,0,-341546,-341546
2011/01/10,0,0,-83000,-83000
2011/01/11,0,0,-100000,-100000
2011/01/12,0,0,-51187,-51187
2011/01/13,0,0,0,0
2011/01/14,0,0,-62000,-62000
2011/01/17,0,0,-239790,-239790
2011/01/18,0,11000,-395104,-384104
2011/01/19,0,0,-469931,-469931
2011/01/20,0,4000,-12643,-8643
2011/01/21,0,103000,-11109,91891
2011/01/24,0,1000,-50000,-49000
2011/01/25,0,4000,-22000,-18000
2011/01/26,0,0,-15000,-15000
2011/01/27,0,0,0,0
2011/01/28,0,0,-198000,-198000
2011/01/31,0,0,0,0
2011/02/01,0,0,0,0
2011/02/02,0,0,0,0
2011/02/03,0,0,0,0
2011/02/04,0,0,0,0
2011/02/07,0,0,0,0
2011/02/08,0,0,-588000,-588000
2011/02/09,0,0,-324357,-324357
2011/02/10,0,16000,-79604,-63604
2011/02/11,0,3000,0,3000
2011/02/14,0,0,-15,-15
2011/02/15,0,2000,-55000,-53000
2011/02/16,0,0,-185000,-185000
2011/02/17,0,0,-56000,-56000
2011/02/18,0,0,-269000,-269000
2011/02/21,0,0,-130000,-130000
2011/02/22,0,47000,-24000,23000
2011/02/23,0,9000,-54000,-45000
2011/02/24,0,1000,-22000,-21000
2011/02/25,0,1000,-6000,-5000
2011/02/28,0,0,0,0
2011/03/01,0,0,0,0
2011/03/02,0,168000,0,168000
2011/03/03,0,71000,-639,70361
2011/03/04,0,0,-108000,-108000
2011/03/07,0,0,-71000,-71000
2011/03/08,0,10000,-42000,-32000
2011/03/09,0,73000,0,73000
2011/03/10,0,58000,0,58000
2011/03/11,0,86000,0,86000
2011/03/14,0,1000,0,1000
2011/03/15,0,1000,0,1000
2011/03/16,0,20000,-24179,-4179
2011/03/17,0,4000,-43000,-39000
2011/03/18,0,0,-102000,-102000
2011/03/21,0,0,0,0
2011/03/22,0,75000,-32000,43000
2011/03/23,0,96000,0,96000
2011/03/24,0,34000,0,34000
2011/03/25,0,0,0,0
2011/03/28,0,11000,-87000,-76000
2011/03/29,0,1000,0,1000
2011/03/30,0,0,-10000,-10000
2011/03/31,0,1000,-20000,-19000
2011/04/01,0,0,-114,-114
2011/04/04,0,0,0,0
2011/04/05,0,0,0,0
2011/04/06,0,1000,-293692,-292692
2011/04/07,0,53000,-96000,-43000
2011/04/08,0,0,0,0
2011/04/11,0,0,0,0
2011/04/12,0,0,-1000,-1000
2011/04/13,0,78000,0,78000
2011/04/14,0,2000,-55000,-53000
2011/04/15,0,0,0,0
2011/04/18,0,2000,-20000,-18000
2011/04/19,0,162000,-8000,154000
2011/04/20,0,0,-20079,-20079
2011/04/21,0,0,0,0
2011/04/22,0,15000,-199,14801
2011/04/25,0,0,-1423,-1423
2011/04/26,0,302000,-1000,301000
2011/04/27,0,518000,0,518000
2011/04/28,0,256000,-53000,203000
2011/04/29,0,0,-30000,-30000
2011/05/02,0,0,0,0
2011/05/03,0,630000,-160,629840
2011/05/04,0,294000,0,294000
2011/05/05,0,127000,0,127000
2011/05/06,0,75000,-44000,31000
2011/05/09,0,78000,0,78000
2011/05/10,0,188000,-60000,128000
2011/05/11,0,0,0,0
2011/05/12,0,2000,0,2000
2011/05/13,0,48000,0,48000
2011/05/16,0,113000,0,113000
2011/05/17,0,83000,0,83000
2011/05/18,0,0,0,0
2011/05/19,0,1000,0,1000
2011/05/20,0,111000,-1000,110000
2011/05/23,0,0,-33000,-33000
2011/05/24,0,27000,0,27000
2011/05/25,0,0,0,0
2011/05/26,0,0,0,0
2011/05/27,0,99000,0,99000
2011/05/30,0,41000,-32000,9000
2011/05/31,0,0,0,0
2011/06/01,0,129000,0,129000
2011/06/02,0,0,0,0
2011/06/03,0,111000,0,111000
2011/06/06,0,0,0,0
2011/06/07,0,61000,-20000,41000
2011/06/08,0,0,-8000,-8000
2011/06/09,0,194000,-598000,-404000
2011/06/10,0,0,0,0
2011/06/13,0,0,-309000,-309000
2011/06/14,0,19000,-59380,-40380
2011/06/15,0,20000,-24000,-4000
2011/06/16,0,0,0,0
2011/06/17,0,5000,-113000,-108000
2011/06/20,0,1000,-5000,-4000
2011/06/21,0,33000,-5440,27560
2011/06/22,0,105000,0,105000
2011/06/23,0,60000,0,60000
2011/06/24,0,71000,0,71000
2011/06/27,0,114000,0,114000
2011/06/28,0,125000,-9000,116000
2011/06/29,0,23000,0,23000
2011/06/30,0,26000,0,26000
2011/07/01,0,79000,-1000,78000
2011/07/04,0,80000,-115000,-35000
2011/07/05,0,86000,-15000,71000
2011/07/06,0,9000,-4000,5000
2011/07/07,0,0,-105000,-105000
2011/07/08,0,23000,0,23000
2011/07/11,0,0,-17000,-17000
2011/07/12,0,7000,-8000,-1000
2011/07/13,0,35000,-52053,-17053
2011/07/14,0,111000,-27000,84000
2011/07/15,0,107000,-6000,101000
2011/07/18,0,106000,-5170,100830
2011/07/19,0,97000,-5000,92000
2011/07/20,0,128000,-55000,73000
2011/07/21,0,22000,-5000,17000
2011/07/22,0,242000,-7000,235000
2011/07/25,0,0,-9000,-9000
2011/07/26,0,463000,-5000,458000
2011/07/27,0,77000,-1000,76000
2011/07/28,0,1158000,-52000,1106000
2011/07/29,0,36000,-115000,-79000
2011/08/01,0,1000,-215060,-214060
2011/08/02,0,30000,-578000,-548000
2011/08/03,0,72000,0,72000
2011/08/04,0,22000,-528000,-506000
2011/08/05,0,89000,-327000,-238000
2011/08/08,0,92000,-462080,-370080
2011/08/09,0,293000,0,293000
2011/08/10,0,469000,-50000,419000
2011/08/11,0,296000,0,296000
2011/08/12,0,108000,-45000,63000
2011/08/15,0,152000,0,152000
2011/08/16,0,123000,0,123000
2011/08/17,0,45000,0,45000
2011/08/18,0,44000,-50000,-6000
2011/08/19,0,146000,0,146000
2011/08/22,0,957000,0,957000
2011/08/23,0,467000,-30000,437000
2011/08/24,0,3009000,0,3009000
2011/08/25,0,1487000,0,1487000
2011/08/26,0,756000,-40000,716000
2011/08/29,0,123000,-25000,98000
2011/08/30,0,120000,-50000,70000
2011/08/31,0,115000,-81000,34000
2011/09/01,0,147000,-73000,74000
2011/09/02,0,173000,-122000,51000
2011/09/05,0,148000,-3000,145000
2011/09/06,0,209000,-487000,-278000
2011/09/07,0,598000,0,598000
2011/09/08,0,161000,-309000,-148000
2011/09/09,0,318000,0,318000
2011/09/12,0,0,0,0
2011/09/13,0,15000,-1121,13879
2011/09/14,0,578000,0,578000
2011/09/15,0,689000,-13000,676000
2011/09/16,0,1668000,-174000,1494000
2011/09/19,0,683000,0,683000
2011/09/20,0,1192000,-73000,1119000
2011/09/21,0,2109545,-84000,2025545
2011/09/22,0,436000,-90000,346000
2011/09/23,0,213000,-46000,167000
2011/09/26,0,508000,-141000,367000
2011/09/27,0,762000,-25000,737000
2011/09/28,0,581000,-1000,580000
2011/09/29,0,114000,-97000,17000
2011/09/30,0,797000,-20000,777000
2011/10/03,0,244000,-283000,-39000
2011/10/04,0,117000,-577000,-460000
2011/10/05,0,418000,-237000,181000
2011/10/06,0,128000,0,128000
2011/10/07,0,360000,-794000,-434000
2011/10/10,0,0,0,0
2011/10/11,0,39000,-310000,-271000
2011/10/12,0,381000,-44000,337000
2011/10/13,0,416000,-5000,411000
2011/10/14,0,543000,-35000,508000
2011/10/17,0,130000,-1060,128940
2011/10/18,0,85290,-237000,-151710
2011/10/19,0,109000,-25000,84000
2011/10/20,0,96000,-10000,86000
2011/10/21,0,52000,-785000,-733000
2011/10/24,0,870000,0,870000
2011/10/25,0,523000,-555000,-32000
2011/10/26,0,211000,-574000,-363000
2011/10/27,0,149000,-262908,-113908
2011/10/28,0,187000,-512000,-325000
2011/10/31,0,105000,-951000,-846000
2011/11/01,0,110000,-4000,106000
2011/11/02,0,164000,-28000,136000
2011/11/03,0,4000,-58000,-54000
2011/11/04,0,197000,-13000,184000
2011/11/07,0,236000,-10000,226000
2011/11/08,0,27000,-349000,-322000
2011/11/09,0,257000,-110000,147000
2011/11/10,0,12000,-99000,-87000
2011/11/11,0,132000,-18000,114000
2011/11/14,0,458000,-337,457663
2011/11/15,0,325000,-106000,219000
2011/11/16,0,112000,-364000,-252000
2011/11/17,0,142000,-504987,-362987
2011/11/18,0,153000,-69000,84000
2011/11/21,0,278000,0,278000
2011/11/22,0,67000,-145000,-78000
2011/11/23,0,243000,-70000,173000
2011/11/24,0,615000,-145000,470000
2011/11/25,0,503000,-126000,377000
2011/11/28,0,136000,-56000,80000
2011/11/29,0,231000,-173000,58000
2011/11/30,0,135000,-75000,60000
2011/12/01,0,435000,-251000,184000
2011/12/02,0,41000,-10000,31000
2011/12/05,0,573000,-146000,427000
2011/12/06,0,120000,-135000,-15000
2011/12/07,0,148000,-929000,-781000
2011/12/08,0,125000,-275000,-150000
2011/12/09,0,43000,-128595,-85595
2011/12/12,0,65000,0,65000
2011/12/13,0,133000,-186000,-53000
2011/12/14,0,426000,-85000,341000
2011/12/15,0,369000,-36000,333000
2011/12/16,0,30000,-158000,-128000
2011/12/19,0,25000,-40000,-15000
2011/12/20,0,167000,-302000,-135000
2011/12/21,0,694000,-2000,692000
2011/12/22,0,266000,-309000,-43000
2011/12/23,0,327000,-2000,325000
2011/12/26,0,489000,-20000,469000
2011/12/27,0,103000,-234000,-131000
2011/12/28,0,138000,-165000,-27000
2011/12/29,0,150000,-18000,132000
2011/12/30,0,101000,-26000,75000
2012/01/02,0,73000,0,73000
2012/01/03,0,148000,-95000,53000
2012/01/04,0,194000,0,194000
2012/01/05,0,10000,-40732,-30732
2012/01/06,0,104000,-390000,-286000
2012/01/09,0,61000,-976000,-915000
2012/01/10,0,19000,-553000,-534000
2012/01/11,0,67000,-189000,-122000
2012/01/12,0,43000,-264000,-221000
2012/01/13,0,7000,-546000,-539000
2012/01/16,0,53000,-768000,-715000
2012/01/17,0,110000,-808065,-698065
2012/01/18,0,220000,-609000,-389000
2012/01/19,0,0,0,0
2012/01/20,0,0,0,0
2012/01/23,0,0,0,0
2012/01/24,0,0,0,0
2012/01/25,0,0,0,0
2012/01/26,0,0,0,0
2012/01/27,0,0,0,0
2012/01/30,0,189000,-238214,-49214
2012/01/31,0,73000,-367000,-294000
2012/02/01,0,100000,-588000,-488000
2012/02/02,0,23000,-2982000,-2959000
2012/02/03,0,86000,-814000,-728000
2012/02/06,0,15000,-270000,-255000
2012/02/07,0,0,-300000,-300000
2012/02/08,0,11000,-24000,-13000
2012/02/09,0,231000,-67116,163884
2012/02/10,0,368000,-106000,262000
2012/02/13,0,494000,-20000,474000
2012/02/14,0,921000,-12000,909000
2012/02/15,0,123000,-3000,120000
2012/02/16,0,0,-20000,-20000
2012/02/17,0,147000,-60000,87000
2012/02/20,0,0,-1000,-1000
2012/02/21,0,19000,-133000,-114000
2012/02/22,0,113000,-165000,-52000
2012/02/23,0,13000,-70000,-57000
2012/02/24,0,10000,-28000,-18000
2012/02/27,0,0,0,0
2012/02/28,0,0,0,0
2012/02/29,0,0,-29000,-29000
2012/03/01,0,364000,-173000,191000
2012/03/02,0,116000,-122000,-6000
2012/03/05,0,142000,-355000,-213000
2012/03/06,0,369000,-245000,124000
2012/03/07,0,302000,-28000,274000
2012/03/08,0,204774,-33000,171774
2012/03/09,0,14000,-46000,-32000
2012/03/12,0,42000,-45000,-3000
2012/03/13,0,42000,-19000,23000
2012/03/14,0,170000,-5000,165000
2012/03/15,0,178000,-44000,134000
2012/03/16,0,99000,-261000,-162000
2012/03/19,0,123000,-24000,99000
2012/03/20,0,137000,-6000,131000
2012/03/21,0,61000,-169000,-108000
2012/03/22,0,194000,-155000,39000
2012/03/23,0,23000,-476000,-453000
2012/03/26,0,58000,-119000,-61000
2012/03/27,0,37000,-149000,-112000
2012/03/28,0,20000,-402000,-382000
2012/03/29,0,146000,-876000,-730000
2012/03/30,0,14000,-234000,-220000
2012/04/02,0,80000,0,80000
2012/04/03,0,61000,-50000,11000
2012/04/04,0,0,0,0
2012/04/05,0,135000,-6067,128933
2012/04/06,0,49000,-31000,18000
2012/04/09,0,262000,-9000,253000
2012/04/10,0,65000,-66000,-1000
2012/04/11,0,37000,-20000,17000
2012/04/12,0,90000,-327000,-237000
2012/04/13,0,43000,-61000,-18000
2012/04/16,0,90000,-84000,6000
2012/04/17,0,70000,-198000,-128000
2012/04/18,0,65000,-41000,24000
2012/04/19,0,162000,-232612,-70612
2012/04/20,0,76000,-1159000,-1083000
2012/04/23,0,1000,-369000,-368000
2012/04/24,0,40000,-203000,-163000
2012/04/25,0,40000,-10000,30000
2012/04/26,0,0,-197000,-197000
2012/04/27,0,47000,-444000,-397000
2012/04/30,0,153000,-427000,-274000
2012/05/01,0,0,0,0
2012/05/02,0,206000,-60000,146000
2012/05/03,0,108000,-50450,57550
2012/05/04,0,241000,-21000,220000
2012/05/07,0,9000,-13000,-4000
2012/05/08,0,60000,0,60000
2012/05/09,0,147000,-260000,-113000
2012/05/10,0,0,-51000,-51000
2012/05/11,0,536000,-204000,332000
2012/05/14,0,40000,-150000,-110000
2012/05/15,0,6000,0,6000
2012/05/16,0,189000,-142000,47000
2012/05/17,0,67000,-63000,4000
2012/05/18,0,282000,0,282000
2012/05/21,0,309000,0,309000
2012/05/22,0,320000,-136000,184000
2012/05/23,0,296000,-104000,192000
2012/05/24,0,215000,0,215000
2012/05/25,0,196000,-20000,176000
2012/05/28,0,147000,-14000,133000
2012/05/29,0,342000,-210000,132000
2012/05/30,0,120000,-175239,-55239
2012/05/31,0,165000,-20000,145000
2012/06/01,0,139000,-164000,-25000
2012/06/04,0,139000,-395000,-256000
2012/06/05,0,576000,0,576000
2012/06/06,0,0,-103000,-103000
2012/06/07,0,77000,-100000,-23000
2012/06/08,0,62000,-150000,-88000
2012/06/11,0,9000,-70000,-61000
2012/06/12,0,43000,0,43000
2012/06/13,0,14000,-157000,-143000
2012/06/14,0,460000,-3000,457000
2012/06/15,0,995000,-80000,915000
2012/06/18,0,712000,-10000,702000
2012/06/19,0,295000,-6000,289000
2012/06/20,0,74000,-20000,54000
2012/06/21,0,243000,-14000,229000
2012/06/22,0,179000,-111000,68000
2012/06/25,0,45000,-42000,3000
2012/06/26,0,1140,-205953,-204813
2012/06/27,0,6000,-674000,-668000
2012/06/28,0,11000,-1444000,-1433000
2012/06/29,0,35000,-205000,-170000
2012/07/02,0,65000,-518000,-453000
2012/07/03,0,222000,0,222000
2012/07/04,0,92000,-385000,-293000
2012/07/05,0,45000,-1000,44000
2012/07/06,0,58000,-381000,-323000
2012/07/09,0,167000,0,167000
2012/07/10,0,25000,-10000,15000
2012/07/11,0,56000,-12000,44000
2012/07/12,0,153000,-16000,137000
2012/07/13,0,276000,-95000,181000
2012/07/16,0,55000,0,55000
2012/07/17,0,198000,-6000,192000
2012/07/18,0,366000,-16000,350000
2012/07/19,0,97000,-194000,-97000
2012/07/20,0,0,-182000,-182000
2012/07/23,0,102000,0,102000
2012/07/24,0,162000,0,162000
2012/07/25,0,63000,-338000,-275000
2012/07/26,0,90000,-400000,-310000
2012/07/27,0,138000,0,138000
2012/07/30,0,311000,0,311000
2012/07/31,0,394000,-20000,374000
2012/08/01,0,3415000,-35000,3380000
2012/08/02,0,0,0,0
2012/08/03,0,1031000,-15000,1016000
2012/08/06,0,252000,-1000,251000
2012/08/07,0,546000,-35000,511000
2012/08/08,0,307000,-68000,239000
2012/08/09,0,75000,-274000,-199000
2012/08/10,0,181000,0,181000
2012/08/13,0,802000,-23000,779000
2012/08/14,0,304000,-93000,211000
2012/08/15,0,167000,-346000,-179000
2012/08/16,0,399000,-32000,367000
2012/08/17,0,83576,-1000,82576
2012/08/20,0,68000,-21000,47000
2012/08/21,0,253000,0,253000
2012/08/22,0,146000,-293000,-147000
2012/08/23,0,343000,-9000,334000
2012/08/24,0,513000,-261938,251062
2012/08/27,0,124000,-35000,89000
2012/08/28,0,297000,-122554,174446
2012/08/29,0,1806000,-12734,1793266
2012/08/30,0,173000,-45000,128000
2012/08/31,0,102000,-309000,-207000
2012/09/03,0,191000,-27000,164000
2012/09/04,0,83000,-137086,-54086
2012/09/05,0,103000,-344820,-241820
2012/09/06,0,145000,-237000,-92000
2012/09/07,0,287884,-10730,277154
2012/09/10,0,70000,-27000,43000
2012/09/11,0,19000,-49640,-30640
2012/09/12,0,36000,-318000,-282000
2012/09/13,0,956000,-48000,908000
2012/09/14,0,6000,-182000,-176000
2012/09/17,0,1000,-428546,-427546
2012/09/18,0,159000,-398000,-239000
2012/09/19,0,65000,-373000,-308000
2012/09/20,0,65000,-75208,-10208
2012/09/21,0,61000,-334000,-273000
2012/09/24,0,182000,-125671,56329
2012/09/25,0,5000,-118000,-113000
2012/09/26,0,71000,-38696,32304
2012/09/27,0,71000,-27000,44000
2012/09/28,0,115000,-251000,-136000
2012/10/01,0,125000,-136000,-11000
2012/10/02,0,77000,-12000,65000
2012/10/03,0,41068,-128000,-86932
2012/10/04,0,90000,-191000,-101000
2012/10/05,0,105000,-38000,67000
2012/10/08,0,48000,0,48000
2012/10/09,0,0,-19614,-19614
2012/10/10,0,0,0,0
2012/10/11,0,38000,-364000,-326000
2012/10/12,0,105000,-56000,49000
2012/10/15,0,5000,-195000,-190000
2012/10/16,0,18000,-91000,-73000
2012/10/17,0,10000,-126640,-116640
2012/10/18,0,59000,-68306,-9306
2012/10/19,0,5000,-16000,-11000
2012/10/22,0,72000,0,72000
2012/10/23,0,214000,0,214000
2012/10/24,0,31000,-68000,-37000
2012/10/25,0,149000,-204306,-55306
2012/10/26,0,35000,-50000,-15000
2012/10/29,0,161630,-100000,61630
2012/10/30,0,332000,-461000,-129000
2012/10/31,0,76000,-452000,-376000
2012/11/01,0,8000,-20000,-12000
2012/11/02,0,75000,-469000,-394000
2012/11/05,0,5000,-601522,-596522
2012/11/06,0,9000,-575452,-566452
2012/11/07,0,64000,-138000,-74000
2012/11/08,0,8000,-358000,-350000
2012/11/09,0,44000,-273000,-229000
2012/11/12,0,29000,-45000,-16000
2012/11/13,0,235000,-16000,219000
2012/11/14,0,40000,-305000,-265000
2012/11/15,0,63000,-198000,-135000
2012/11/16,0,51000,-130000,-79000
2012/11/19,0,0,-22000,-22000
2012/11/20,0,0,-221000,-221000
2012/11/21,0,30000,-145000,-115000
2012/11/22,0,46000,-105486,-59486
2012/11/23,0,30000,-40000,-10000
2012/11/26,0,18000,-80000,-62000
2012/11/27,0,351000,-23086,327914
2012/11/28,0,6000,-16152,-10152
2012/11/29,0,182000,-13000,169000
2012/11/30,0,439000,-2000,437000
2012/12/03,0,92000,-251000,-159000
2012/12/04,0,92000,-34000,58000
2012/12/05,0,95000,-239822,-144822
2012/12/06,0,107000,-802215,-695215
2012/12/07,0,257000,-119000,138000
2012/12/10,0,34000,-61000,-27000
2012/12/11,0,157000,-53000,104000
2012/12/12,0,892000,-39000,853000
2012/12/13,0,1157000,-2000,1155000
2012/12/14,0,106000,-57000,49000
2012/12/17,0,45000,-12000,33000
2012/12/18,0,50000,0,50000
2012/12/19,0,141000,-623000,-482000
2012/12/20,0,41000,-1111000,-1070000
2012/12/21,0,10000,-113000,-103000
2012/12/24,0,13000,-137000,-124000
2012/12/25,0,20000,-172000,-152000
2012/12/26,0,0,-37000,-37000
2012/12/27,0,26000,-276194,-250194
2012/12/28,0,26000,-367000,-341000
2012/12/31,0,0,0,0
2013/01/01,0,0,0,0
2013/01/02,0,22000,-1291012,-1269012
2013/01/03,0,178000,-939000,-761000
2013/01/04,0,216000,-1569400,-1353400
2013/01/07,0,107000,-870400,-763400
2013/01/08,0,340000,-399000,-59000
2013/01/09,0,210000,-168000,42000
2013/01/10,0,332000,-86000,246000
2013/01/11,0,173000,-433000,-260000
2013/01/14,0,34000,-75000,-41000
2013/01/15,0,100000,-7778,92222
2013/01/16,0,169000,-212546,-43546
2013/01/17,0,51782,-49000,2782
2013/01/18,0,211000,-81000,130000
2013/01/21,0,214000,-54000,160000
2013/01/22,0,814000,-3000,811000
2013/01/23,0,17000,-69000,-52000
2013/01/24,0,100000,-64000,36000
2013/01/25,0,168000,-60000,108000
2013/01/28,0,54000,-44000,10000
2013/01/29,0,510000,-134000,376000
2013/01/30,0,24000,-335000,-311000
2013/01/31,0,40000,-660000,-620000
2013/02/01,0,0,-643000,-643000
2013/02/04,0,0,-181288,-181288
2013/02/05,0,365000,-164000,201000
2013/02/06,0,184000,-141000,43000
2013/02/07,0,0,0,0
2013/02/08,0,0,0,0
2013/02/11,0,0,0,0
2013/02/12,0,0,0,0
2013/02/13,0,0,0,0
2013/02/14,0,0,0,0
2013/02/15,0,0,0,0
2013/02/18,0,115000,-22000,93000
2013/02/19,0,90000,-76000,14000
2013/02/20,0,96000,-157000,-61000
2013/02/21,0,13000,-2000,11000
2013/02/22,0,171000,-5000,166000
2013/02/25,0,104000,-4000,100000
2013/02/26,0,123000,-9000,114000
2013/02/27,0,159000,-45000,114000
2013/02/28,0,0,0,0
2013/03/01,0,153000,-35000,118000
2013/03/04,0,545000,0,545000
2013/03/05,0,252000,0,252000
2013/03/06,0,107000,0,107000
2013/03/07,0,104000,0,104000
2013/03/08,0,44000,-104000,-60000
2013/03/11,0,60000,-45000,15000
2013/03/12,0,344000,-397000,-53000
2013/03/13,0,401000,-41000,360000
2013/03/14,0,75000,-41000,34000
2013/03/15,0,457000,-4000,453000
2013/03/18,0,109000,-3000,106000
2013/03/19,0,23000,-100,22900
2013/03/20,0,207000,-160000,47000
2013/03/21,0,79000,-20000,59000
2013/03/22,0,42000,-73000,-31000
2013/03/25,0,39000,-150000,-111000
2013/03/26,0,70000,-124000,-54000
2013/03/27,0,80000,-17000,63000
2013/03/28,0,4000,0,4000
2013/03/29,0,5000,-10000,-5000
2013/04/01,0,155000,-1000,154000
2013/04/02,0,562000,-1000,561000
2013/04/03,0,339000,0,339000
2013/04/04,0,0,0,0
2013/04/05,0,0,0,0
2013/04/08,0,23000,-2000,21000
2013/04/09,0,163000,-251000,-88000
2013/04/10,0,146000,-6000,140000
2013/04/11,0,142000,-115000,27000
2013/04/12,0,25000,-15000,10000
2013/04/15,0,32000,-160000,-128000
2013/04/16,0,42000,0,42000
2013/04/17,0,88000,-333000,-245000
2013/04/18,0,45000,-113000,-68000
2013/04/19,0,250791,0,250791
2013/04/22,0,492000,-9000,483000
2013/04/23,0,15000,-83000,-68000
2013/04/24,0,6000,-2000,4000
2013/04/25,0,140000,-152000,-12000
2013/04/26,0,60000,-396768,-336768
2013/04/29,0,167000,-180000,-13000
2013/04/30,0,231000,-136000,95000
2013/05/01,0,0,0,0
2013/05/02,0,14000,-185000,-171000
2013/05/03,0,97000,-39000,58000
2013/05/06,0,28000,-12000,16000
2013/05/07,0,85000,-387700,-302700
2013/05/08,0,6000,-248000,-242000
2013/05/09,0,36000,-262000,-226000
2013/05/10,0,40000,-335000,-295000
2013/05/13,0,0,-397000,-397000
2013/05/14,0,10000,-61000,-51000
2013/05/15,0,2000,-233000,-231000
2013/05/16,0,85000,-120000,-35000
2013/05/17,0,30000,-29000,1000
2013/05/20,0,0,-18000,-18000
2013/05/21,0,0,-55000,-55000
2013/05/22,0,257000,-16000,241000
2013/05/23,0,220000,-139000,81000
2013/05/24,0,0,-221000,-221000
2013/05/27,0,15000,-484000,-469000
2013/05/28,0,0,-274000,-274000
2013/05/29,0,2000,-95636,-93636
2013/05/30,0,0,-70000,-70000
2013/05/31,0,4500,-56000,-51500
2013/06/03,0,1000,-150000,-149000
2013/06/04,0,0,-10000,-10000
2013/06/05,0,3000,-15000,-12000
2013/06/06,0,0,-34000,-34000
2013/06/07,0,0,-35000,-35000
2013/06/10,0,25000,0,25000
2013/06/11,0,9000,-22000,-13000
2013/06/12,0,0,0,0
2013/06/13,0,160000,-16000,144000
2013/06/14,0,0,-20000,-20000
2013/06/17,0,95000,-15000,80000
2013/06/18,0,0,-179000,-179000
2013/06/19,0,0,-192000,-192000
2013/06/20,0,0,-277000,-277000
2013/06/21,0,83000,-109000,-26000
2013/06/24,0,33000,-310000,-277000
2013/06/25,0,484000,-346000,138000
2013/06/26,0,297000,-49000,248000
2013/06/27,0,159000,-155000,4000
2013/06/28,0,175000,0,175000
2013/07/01,0,23000,-397000,-374000
2013/07/02,0,163000,-360000,-197000
2013/07/03,0,130000,-399000,-269000
2013/07/04,0,110000,-81000,29000
2013/07/05,0,140000,-65000,75000
2013/07/08,0,20000,-215000,-195000
2013/07/09,0,116000,0,116000
2013/07/10,0,0,-31000,-31000
2013/07/11,0,178000,-133224,44776
2013/07/12,0,46000,-9000,37000
2013/07/15,0,0,-73000,-73000
2013/07/16,0,30000,-183000,-153000
2013/07/17,0,24000,-122000,-98000
2013/07/18,0,27000,-597000,-570000
2013/07/19,0,9000,-1059342,-1050342
2013/07/22,0,127000,-80000,47000
2013/07/23,0,504000,-80000,424000
2013/07/24,0,71000,-10000,61000
2013/07/25,0,135000,0,135000
2013/07/26,0,269000,0,269000
2013/07/29,0,306000,0,306000
2013/07/30,0,117000,-82000,35000
2013/07/31,0,34000,-36000,-2000
2013/08/01,0,193000,0,193000
2013/08/02,0,123000,0,123000
2013/08/05,0,29000,-5000,24000
2013/08/06,0,55000,-179000,-124000
2013/08/07,0,34000,-78000,-44000
2013/08/08,0,118000,0,118000
2013/08/09,0,51000,-49000,2000
2013/08/12,0,0,0,0
2013/08/13,0,103000,0,103000
2013/08/14,0,55000,0,55000
2013/08/15,0,318000,-1000,317000
2013/08/16,0,10000,-147000,-137000
2013/08/19,0,253000,0,253000
2013/08/20,0,917000,0,917000
2013/08/21,0,0,0,0
2013/08/22,0,266000,-30000,236000
2013/08/23,0,51000,-100000,-49000
2013/08/26,0,305000,-25000,280000
2013/08/27,0,274000,0,274000
2013/08/28,0,127000,-273000,-146000
2013/08/29,0,0,-78000,-78000
2013/08/30,0,4000,-332000,-328000
2013/09/02,0,0,-269500,-269500
2013/09/03,0,196389,-755000,-558611
2013/09/04,0,48000,-102000,-54000
2013/09/05,0,17000,-171500,-154500
2013/09/06,0,2000,-158000,-156000
2013/09/09,0,150000,0,150000
2013/09/10,0,20000,-191000,-171000
2013/09/11,0,9000,-103000,-94000
2013/09/12,0,25000,-2000,23000
2013/09/13,0,0,-6000,-6000
2013/09/16,0,1000,-73000,-72000
2013/09/17,0,0,0,0
2013/09/18,0,5000,-102000,-97000
2013/09/19,0,0,0,0
2013/09/20,0,0,0,0
2013/09/23,0,70000,-127000,-57000
2013/09/24,0,0,-182000,-182000
2013/09/25,0,11000,-107000,-96000
2013/09/26,0,193000,-102826,90174
2013/09/27,0,80000,-66000,14000
2013/09/30,0,27000,-129000,-102000
2013/10/01,0,49000,-483000,-434000
2013/10/02,0,27000,-144000,-117000
2013/10/03,0,76000,-26000,50000
2013/10/04,0,123000,-15000,108000
2013/10/07,0,56000,-297000,-241000
2013/10/08,0,134000,-54000,80000
2013/10/09,0,143000,-163000,-20000
2013/10/10,0,0,0,0
2013/10/11,0,17000,-100000,-83000
2013/10/14,0,123000,-3000,120000
2013/10/15,0,128000,0,128000
2013/10/16,0,197000,-2000,195000
2013/10/17,0,17000,-30000,-13000
2013/10/18,0,3000,-3000,0
2013/10/21,0,15000,0,15000
2013/10/22,0,0,-302000,-302000
2013/10/23,0,229000,-140000,89000
2013/10/24,0,85000,0,85000
2013/10/25,0,135000,-14000,121000
2013/10/28,0,6000,-10000,-4000
2013/10/29,0,4000,-35000,-31000
2013/10/30,0,65000,0,65000
2013/10/31,0,39000,-500,38500
2013/11/01,0,166000,-3000,163000
2013/11/04,0,448000,-20000,428000
2013/11/05,0,317000,-54000,263000
2013/11/06,0,42000,-2000,40000
2013/11/07,0,21000,-1000,20000
2013/11/08,0,23000,-40000,-17000
2013/11/11,0,0,-5000,-5000
2013/11/12,0,0,-8576,-8576
2013/11/13,0,18000,-7563,10437
2013/11/14,0,75000,-45000,30000
2013/11/15,0,342000,0,342000
2013/11/18,0,28000,0,28000
2013/11/19,0,201000,0,201000
2013/11/20,0,108000,-24000,84000
2013/11/21,0,36000,-19000,17000
2013/11/22,0,53000,-98000,-45000
2013/11/25,0,7000,-634,6366
2013/11/26,0,8000,-40000,-32000
2013/11/27,0,4000,-3000,1000
2013/11/28,0,94000,-4000,90000
2013/11/29,0,38000,-34000,4000
2013/12/02,0,8000,-30000,-22000
2013/12/03,0,0,-121000,-121000
2013/12/04,0,0,-103000,-103000
2013/12/05,0,4000,-34000,-30000
2013/12/06,0,6000,-79000,-73000
2013/12/09,0,0,-153000,-153000
2013/12/10,0,1000,-161565,-160565
2013/12/11,0,71000,0,71000
2013/12/12,0,0,-150000,-150000
2013/12/13,0,40000,-316000,-276000
2013/12/16,0,32000,-239000,-207000
2013/12/17,0,197000,-430000,-233000
2013/12/18,0,99000,-610000,-511000
2013/12/19,0,94000,0,94000
2013/12/20,0,13000,-32000,-19000
2013/12/23,0,10000,0,10000
2013/12/24,0,1000,-30000,-29000
2013/12/25,0,26000,-15000,11000
2013/12/26,0,0,-28000,-28000
2013/12/27,0,3000,-45000,-42000
2013/12/30,0,5000,-36000,-31000
2013/12/31,0,2000,-64000,-62000
2014/01/02,0,0,-28000,-28000
2014/01/03,0,112000,-276000,-164000
2014/01/06,0,0,-273000,-273000
2014/01/07,0,0,-1680000,-1680000
2014/01/08,0,1000,-1903820,-1902820
2014/01/09,0,0,-270000,-270000
2014/01/10,0,26000,-118000,-92000
2014/01/13,0,0,-143000,-143000
2014/01/14,0,8000,-81408,-73408
2014/01/15,0,1411000,-273000,1138000
2014/01/16,0,0,-222112,-222112
2014/01/17,0,0,-144000,-144000
2014/01/20,0,0,-337000,-337000
2014/01/21,0,10000,-1299000,-1289000
2014/01/22,0,11000,-140000,-129000
2014/01/23,0,12000,-229000,-217000
2014/01/24,0,8000,-126000,-118000
2014/01/27,0,35000,-406000,-371000
2014/02/05,0,25000,-2482,22518
2014/02/06,0,128000,-9000,119000
2014/02/07,0,81000,-24000,57000
2014/02/10,0,44000,-34000,10000
2014/02/11,0,32000,-1000,31000
2014/02/12,0,341000,-52000,289000
2014/02/13,0,30109,-25000,5109
2014/02/14,0,14000,-114000,-100000
2014/02/17,0,24000,0,24000
2014/02/18,0,85000,0,85000
2014/02/19,0,3000,-25000,-22000
2014/02/20,0,9000,-93000,-84000
2014/02/21,0,6000,-204000,-198000
2014/02/24,0,50000,-306000,-256000
2014/02/25,0,147000,-226000,-79000
2014/02/26,0,14000,0,14000
2014/02/27,0,121000,-8000,113000
2014/03/03,0,25000,-66000,-41000
2014/03/04,0,0,-164000,-164000
2014/03/05,0,31000,-18674,12326
2014/03/06,0,132000,-34176,97824
2014/03/07,0,268000,-82000,186000
2014/03/10,0,7000,-37000,-30000
2014/03/11,0,44000,-53000,-9000
2014/03/12,0,70000,-103000,-33000
2014/03/13,0,0,-294000,-294000
2014/03/14,0,3000,-146000,-143000
2014/03/17,0,0,-487000,-487000
2014/03/18,0,0,-439584,-439584
2014/03/19,0,46000,-284000,-238000
2014/03/20,0,0,-225000,-225000
2014/03/21,0,0,-254000,-254000
2014/03/24,0,0,-162000,-162000
2014/03/25,0,0,-125000,-125000
2014/03/26,0,0,-109000,-109000
2014/03/27,0,6000,-123000,-117000
2014/03/28,0,0,-105000,-105000
2014/03/31,0,0,-119000,-119000
2014/04/01,0,120000,-10000,110000
2014/04/02,0,50000,-26000,24000
2014/04/03,0,54000,-62000,-8000
2014/04/07,0,12000,-320000,-308000
2014/04/08,0,0,-319000,-319000
2014/04/09,0,145000,-116000,29000
2014/04/10,0,66753,-278000,-211247
2014/04/11,0,91000,-4000,87000
2014/04/14,0,70000,-74000,-4000
2014/04/15,0,0,-34000,-34000
2014/04/16,0,0,-234000,-234000
2014/04/17,0,63000,-137000,-74000
2014/04/18,0,0,-204288,-204288
2014/04/21,0,83000,-1000,82000
2014/04/22,0,9000,-25000,-16000
2014/04/23,0,11000,-97000,-86000
2014/04/24,0,10000,-60000,-50000
2014/04/25,0,152000,-15000,137000
2014/04/28,0,110000,0,110000
2014/04/29,0,326000,-10000,316000
2014/04/30,0,22000,-116000,-94000
2014/05/02,0,756000,-40000,716000
2014/05/05,0,333000,-70000,263000
2014/05/06,0,199000,-13000,186000
2014/05/07,0,85000,0,85000
2014/05/08,0,385000,-17000,368000
2014/05/09,0,17000,-1000,16000
2014/05/12,0,228000,-95000,133000
2014/05/13,0,117000,-1000,116000
2014/05/14,0,105000,-4000,101000
2014/05/15,0,203000,-20000,183000
2014/05/16,0,88000,-152000,-64000
2014/05/19,0,4000,-428000,-424000
2014/05/20,0,42000,-25000,17000
2014/05/21,0,0,-56000,-56000
2014/05/22,0,20000,-222000,-202000
2014/05/23,0,58000,-131000,-73000
2014/05/26,0,16000,-205000,-189000
2014/05/27,0,2000,-15000,-13000
2014/05/28,0,23000,-166000,-143000
2014/05/29,0,0,-94000,-94000
2014/05/30,0,0,-499348,-499348
2014/06/03,0,10000,-106000,-96000
2014/06/04,0,35000,-28000,7000
2014/06/05,0,30000,-85000,-55000
2014/06/06,0,100000,-72000,28000
2014/06/09,0,6000,-5000,1000
2014/06/10,0,15000,-25000,-10000
2014/06/11,0,14000,-64000,-50000
2014/06/12,0,12000,-356000,-344000
2014/06/13,0,29000,-64651,-35651
2014/06/16,0,2000,-132000,-130000
2014/06/17,0,9000,-384950,-375950
2014/06/18,0,22000,-125000,-103000
2014/06/19,0,172000,-10000,162000
2014/06/20,0,17000,-96000,-79000
2014/06/23,0,0,-2000,-2000
2014/06/24,0,8000,-12000,-4000
2014/06/25,0,28000,-154000,-126000
2014/06/26,0,14000,-11000,3000
2014/06/27,0,7000,-224000,-217000
2014/06/30,0,7000,-92000,-85000
2014/07/01,0,20000,-173000,-153000
2014/07/02,0,5000,-91140,-86140
2014/07/03,0,130000,-202000,-72000
2014/07/04,0,86000,-85000,1000
2014/07/07,0,9000,-58000,-49000
2014/07/08,0,12000,-10000,2000
2014/07/09,0,2000,-17000,-15000
2014/07/10,0,38000,-13000,25000
2014/07/11,0,17000,-44000,-27000
2014/07/14,0,31000,-197000,-166000
2014/07/15,0,30000,-21000,9000
2014/07/16,0,69000,-230000,-161000
2014/07/17,0,19000,-50000,-31000
2014/07/18,0,127000,-16000,111000
2014/07/21,0,3000,-6000,-3000
2014/07/22,0,7000,-24000,-17000
2014/07/23,0,0,0,0
2014/07/24,0,3000,-2000,1000
2014/07/25,0,102000,-6000,96000
2014/07/28,0,10000,-57000,-47000
2014/07/29,0,18000,-42000,-24000
2014/07/30,0,47000,-12000,35000
2014/07/31,0,97000,-94000,3000
2014/08/01,0,90000,-368000,-278000
2014/08/04,0,34000,0,34000
2014/08/05,0,108000,-7000,101000
2014/08/06,0,289000,-20000,269000
2014/08/07,0,34000,0,34000
2014/08/08,0,133000,-32000,101000
2014/08/11,0,19000,-40000,-21000
2014/08/12,0,93000,-55000,38000
2014/08/13,0,31000,0,31000
2014/08/14,0,7000,-60000,-53000
2014/08/15,0,4000,0,4000
2014/08/18,0,14000,0,14000
2014/08/19,0,294000,0,294000
2014/08/20,0,50000,0,50000
2014/08/21,0,70000,0,70000
2014/08/22,0,93000,-28000,65000
2014/08/25,0,0,-183000,-183000
2014/08/26,0,125000,-184000,-59000
2014/08/27,0,153000,-184000,-31000
2014/08/28,0,92000,-243000,-151000
2014/08/29,0,0,-73000,-73000
2014/09/01,0,39000,-45000,-6000
2014/09/02,0,15000,-60640,-45640
2014/09/03,0,108000,-61000,47000
2014/09/04,0,183000,-33604,149396
2014/09/05,0,7000,-10000,-3000
2014/09/09,0,282000,-50000,232000
2014/09/10,0,22000,0,22000
2014/09/11,0,18000,0,18000
2014/09/12,0,36000,-7000,29000
2014/09/15,0,15000,-54000,-39000
2014/09/16,0,16000,-8000,8000
2014/09/17,0,47000,0,47000
2014/09/18,0,29000,-41000,-12000
2014/09/19,0,14000,-21000,-7000
2014/09/22,0,54830,-2000,52830
2014/09/23,0,22000,-157000,-135000
2014/09/24,0,292000,-368000,-76000
2014/09/25,0,462000,-243317,218683
2014/09/26,0,324000,0,324000
2014/09/29,0,290000,0,290000
2014/09/30,0,167000,-162000,5000
2014/10/01,0,26000,-27000,-1000
2014/10/02,0,2000,-132000,-130000
2014/10/03,0,25000,-49000,-24000
2014/10/06,0,67000,-246000,-179000
2014/10/07,0,29000,-176000,-147000
2014/10/08,0,24000,-272112,-248112
2014/10/09,0,41000,-250000,-209000
2014/10/13,0,215000,-228000,-13000
2014/10/14,0,0,-129000,-129000
2014/10/15,0,24000,-53000,-29000
2014/10/16,0,65000,-10000,55000
2014/10/17,0,202000,0,202000
2014/10/20,0,134000,-17000,117000
2014/10/21,0,67000,0,67000
2014/10/22,0,0,0,0
2014/10/23,0,31000,-132000,-101000
2014/10/24,0,0,-115000,-115000
2014/10/27,0,0,-84000,-84000
2014/10/28,0,6000,-12000,-6000
2014/10/29,0,1000,0,1000
2014/10/30,0,67000,-3000,64000
2014/10/31,0,0,-255918,-255918
2014/11/03,0,0,-19000,-19000
2014/11/04,0,13000,-2000,11000
2014/11/05,0,0,-140000,-140000
2014/11/06,0,0,-353000,-353000
2014/11/07,0,165000,-189000,-24000
2014/11/10,0,308000,-91000,217000
2014/11/11,0,29000,-45437,-16437
2014/11/12,0,5000,-21000,-16000
2014/11/13,0,0,-3000,-3000
2014/11/14,0,0,-22000,-22000
2014/11/17,0,16000,-21000,-5000
2014/11/18,0,2000,-167000,-165000
2014/11/19,0,30000,-57000,-27000
2014/11/20,0,2000,-195000,-193000
2014/11/21,0,9000,-533000,-524000
2014/11/24,0,8000,-18000,-10000
2014/11/25,0,20000,-20000,0
2014/11/26,0,3000,0,3000
2014/11/27,0,71000,-6032,64968
2014/11/28,0,31000,-27000,4000
2014/12/01,0,23000,-107000,-84000
2014/12/02,0,79000,0,79000
2014/12/03,0,5000,-25000,-20000
2014/12/04,0,14000,-29000,-15000
2014/12/05,0,38000,-91000,-53000
2014/12/08,0,0,-400000,-400000
2014/12/09,0,0,-78000,-78000
2014/12/10,0,0,-11000,-11000
2014/12/11,0,0,-21027,-21027
2014/12/12,0,0,-94000,-94000
2014/12/15,0,0,-426000,-426000
2014/12/16,0,5000,-224000,-219000
2014/12/17,0,2000,-316468,-314468
2014/12/18,0,55000,0,55000
2014/12/19,0,85000,-301000,-216000
2014/12/22,0,29000,-50000,-21000
2014/12/23,0,77000,-277000,-200000
2014/12/24,0,44000,0,44000
2014/12/25,0,12000,-130000,-118000
2014/12/26,0,27000,-41000,-14000
2014/12/29,0,314000,-3000,311000
2014/12/30,0,4000,-4000,0
2014/12/31,0,5000,-1000,4000
2015/01/01,0,0,0,0
2015/01/02,0,0,0,0
2015/01/05,0,19000,0,19000
2015/01/06,0,229000,-53160,175840
2015/01/07,0,778000,-60000,718000
2015/01/08,0,183000,-65000,118000
2015/01/09,0,77000,-5000,72000
2015/01/12,0,89000,-45000,44000
2015/01/13,0,79000,-70000,9000
2015/01/14,0,70000,-25000,45000
2015/01/15,0,50000,0,50000
2015/01/16,0,10000,-1000,9000
2015/01/19,0,116000,-7000,109000
2015/01/20,0,207000,-6000,201000
2015/01/21,0,182000,-2000,180000
2015/01/22,0,64000,-6000,58000
2015/01/23,0,36000,0,36000
2015/01/26,0,222000,-39000,183000
2015/01/27,0,140000,-100000,40000
2015/01/28,0,60000,-34000,26000
2015/01/29,0,19000,-144000,-125000
2015/01/30,0,46000,-249000,-203000
2015/02/02,0,3000,-25000,-22000
2015/02/03,0,10000,-217000,-207000
2015/02/04,0,4000,-148000,-144000
2015/02/05,0,256000,-20000,236000
2015/02/06,0,0,-11000,-11000
2015/02/09,0,414000,-55000,359000
2015/02/10,0,0,-558000,-558000
2015/02/11,0,7000,-2081964,-2074964
2015/02/12,0,0,-219364,-219364
2015/02/13,0,39000,-156000,-117000
2015/02/16,0,0,0,0
2015/02/17,0,0,0,0
2015/02/18,0,0,0,0
2015/02/19,0,0,0,0
2015/02/20,0,0,0,0
2015/02/23,0,0,0,0
2015/02/24,0,3000,-225332,-222332
2015/02/25,0,0,-93000,-93000
2015/02/26,0,7000,-103000,-96000
2015/02/27,0,0,0,0
2015/03/02,0,28000,-68000,-40000
2015/03/03,0,0,-11000,-11000
2015/03/04,0,0,-66000,-66000
2015/03/05,0,31000,-193000,-162000
2015/03/06,0,24000,-46000,-22000
2015/03/09,0,10000,-78000,-68000
2015/03/10,0,0,-141000,-141000
2015/03/11,0,51000,-70000,-19000
2015/03/12,0,18000,-252180,-234180
2015/03/13,0,26000,-35000,-9000
2015/03/16,0,16000,-567000,-551000
2015/03/17,0,22000,-61920,-39920
2015/03/18,0,0,-141000,-141000
2015/03/19,0,0,-14000,-14000
2015/03/20,0,1000,-618000,-617000
2015/03/23,0,40000,-80000,-40000
2015/03/24,0,25000,-18000,7000
2015/03/25,0,0,-136528,-136528
2015/03/26,0,0,0,0
2015/03/27,0,0,-234000,-234000
2015/03/30,0,0,-202000,-202000
2015/03/31,0,0,-73483,-73483
2015/04/01,0,0,-166000,-166000
2015/04/02,0,0,-165000,-165000
2015/04/03,0,0,0,0
2015/04/06,0,0,0,0
2015/04/07,0,45000,-111000,-66000
2015/04/08,0,29000,-209054,-180054
2015/04/09,0,0,-195392,-195392
2015/04/10,0,0,-210000,-210000
2015/04/13,0,97000,-76820,20180
2015/04/14,0,24000,-97000,-73000
2015/04/15,0,2000,-536000,-534000
2015/04/16,0,0,-135000,-135000
2015/04/17,0,10000,-117000,-107000
2015/04/20,0,0,-48000,-48000
2015/04/21,0,0,-73000,-73000
2015/04/22,0,0,-248000,-248000
2015/04/23,0,0,-380000,-380000
2015/04/24,0,90000,-160570,-70570
2015/04/27,0,10000,-3000,7000
2015/04/28,0,21000,-127000,-106000
2015/04/29,0,43000,-18000,25000
2015/04/30,0,0,-66000,-66000
2015/05/01,0,0,0,0
2015/05/04,0,485000,-605000,-120000
2015/05/05,0,25000,-231000,-206000
2015/05/06,0,0,-140340,-140340
2015/05/07,0,25000,0,25000
2015/05/08,0,67000,0,67000
2015/05/11,0,36000,-2000,34000
2015/05/12,0,0,-7000,-7000
2015/05/13,0,71000,-3000,68000
2015/05/14,0,245000,-7000,238000
2015/05/15,0,81000,-12726,68274
2015/05/18,0,43000,0,43000
2015/05/19,0,16000,0,16000
2015/05/20,0,72000,0,72000
2015/05/21,0,139000,-1000,138000
2015/05/22,0,355000,0,355000
2015/05/25,0,102000,-19000,83000
2015/05/26,0,10000,-10000,0
2015/05/27,0,2000,-17000,-15000
2015/05/28,0,270000,-20000,250000
2015/05/29,0,162000,0,162000
2015/06/01,0,180000,-10000,170000
2015/06/02,0,111000,-30000,81000
2015/06/03,0,27000,0,27000
2015/06/04,0,22133,-15000,7133
2015/06/05,0,2000,-3000,-1000
2015/06/08,0,50000,-9000,41000
2015/06/09,0,0,-26000,-26000
2015/06/10,0,62000,-13000,49000
2015/06/11,0,333000,-7000,326000
2015/06/12,0,50000,-4000,46000
2015/06/15,0,80000,0,80000
2015/06/16,0,266000,-29000,237000
2015/06/17,0,343000,-163000,180000
2015/06/18,0,90000,-62266,27734
2015/06/19,0,0,0,0
2015/06/22,0,44000,-36000,8000
2015/06/23,0,141000,-8000,133000
2015/06/24,0,138000,-12000,126000
2015/06/25,0,7000,-2000,5000
2015/06/26,0,102000,0,102000
2015/06/29,0,19000,-1000,18000
2015/06/30,0,234000,0,234000
2015/07/01,0,51000,-25000,26000
2015/07/02,0,75000,-31000,44000
2015/07/03,0,18000,-67000,-49000
2015/07/06,0,110000,0,110000
2015/07/07,0,10000,-159000,-149000
2015/07/08,0,15000,-93000,-78000
2015/07/09,0,7000,-85000,-78000
2015/07/10,0,0,0,0
2015/07/13,0,0,-225000,-225000
2015/07/14,0,0,-116000,-116000
2015/07/15,0,104000,-118000,-14000
2015/07/16,0,0,-76000,-76000
2015/07/17,0,39000,-538000,-499000
2015/07/20,0,8000,-485000,-477000
2015/07/21,0,9000,-105000,-96000
2015/07/22,0,2000,-84000,-82000
2015/07/23,0,56000,-180000,-124000
2015/07/24,0,36000,-108000,-72000
2015/07/27,0,57000,-233000,-176000
2015/07/28,0,24000,-215000,-191000
2015/07/29,0,42000,-203000,-161000
2015/07/30,0,7000,-115000,-108000
2015/07/31,0,199000,-30000,169000
2015/08/03,0,195000,0,195000
2015/08/04,0,149000,-1190434,-1041434
2015/08/05,0,154000,-839388,-685388
2015/08/06,0,20000,-148000,-128000
2015/08/07,0,26000,-17000,9000
2015/08/10,0,46000,-12000,34000
2015/08/11,0,13000,-35000,-22000
2015/08/12,0,31000,-34000,-3000
2015/08/13,0,23000,0,23000
2015/08/14,0,0,-237078,-237078
2015/08/17,0,2000,-424000,-422000
2015/08/18,0,0,-13000,-13000
2015/08/19,0,1000,-17000,-16000
2015/08/20,0,1000,-18000,-17000
2015/08/21,0,0,-387000,-387000
2015/08/24,0,48000,-161000,-113000
2015/08/25,0,169322,-76000,93322
2015/08/26,0,24000,-46000,-22000
2015/08/27,0,7000,-45000,-38000
2015/08/28,0,39000,0,39000
2015/08/31,0,0,-152000,-152000
2015/09/01,0,18000,-18000,0
2015/09/02,0,35000,-1000,34000
2015/09/03,0,16000,-2000,14000
2015/09/04,0,70000,-35000,35000
2015/09/07,0,10000,-81584,-71584
2015/09/08,0,216000,-9000,207000
2015/09/09,0,678000,0,678000
2015/09/10,0,238000,0,238000
2015/09/11,0,229000,0,229000
2015/09/14,0,85000,0,85000
2015/09/15,0,2000,-11000,-9000
2015/09/16,0,0,-8000,-8000
2015/09/17,0,20000,0,20000
2015/09/18,0,0,-106000,-106000
2015/09/21,0,6000,-201000,-195000
2015/09/22,0,1707,-263000,-261293
2015/09/23,0,0,-294000,-294000
2015/09/24,0,0,-101000,-101000
2015/09/25,0,5000,0,5000
2015/09/28,0,0,0,0
2015/09/29,0,0,0,0
2015/09/30,0,0,-10000,-10000
2015/10/01,0,3000,-16000,-13000
2015/10/02,0,49000,0,49000
2015/10/05,0,3000,0,3000
2015/10/06,0,2000,0,2000
2015/10/07,0,4000,-173000,-169000
2015/10/08,0,31000,-75000,-44000
2015/10/09,0,0,0,0
2015/10/12,0,0,0,0
2015/10/13,0,619000,-83000,536000
2015/10/14,0,608000,0,608000
2015/10/15,0,30000,-13000,17000
2015/10/16,0,118000,0,118000
2015/10/19,0,43000,0,43000
2015/10/20,0,0,0,0
2015/10/21,0,15000,0,15000
2015/10/22,0,0,-363000,-363000
2015/10/23,0,6000,-177000,-171000
2015/10/26,0,4000,0,4000
2015/10/27,0,0,-140000,-140000
2015/10/28,0,3000,-222000,-219000
2015/10/29,0,3000,0,3000
2015/10/30,0,9000,-44000,-35000
2015/11/02,0,44000,-8000,36000
2015/11/03,0,18000,-6000,12000
2015/11/04,0,740000,0,740000
2015/11/05,0,129000,-45000,84000
2015/11/06,0,19000,-2000,17000
2015/11/09,0,26000,0,26000
2015/11/10,0,5000,0,5000
2015/11/11,0,29000,-118000,-89000
2015/11/12,0,36000,-208000,-172000
2015/11/13,0,24000,0,24000
2015/11/16,0,0,-10000,-10000
2015/11/17,0,0,0,0
2015/11/18,0,5000,-10000,-5000
2015/11/19,0,0,-45232,-45232
2015/11/20,0,0,-9000,-9000
2015/11/23,0,18000,-1000,17000
2015/11/24,0,252000,0,252000
2015/11/25,0,0,0,0
2015/11/26,0,0,-70000,-70000
2015/11/27,0,4000,0,4000
2015/11/30,0,76000,0,76000
2015/12/01,0,0,-778,-778
2015/12/02,0,1000,0,1000
2015/12/03,0,3000,-44000,-41000
2015/12/04,0,0,-44000,-44000
2015/12/07,0,0,-24000,-24000
2015/12/08,0,50000,-2000,48000
2015/12/09,0,0,-6000,-6000
2015/12/10,0,15000,-12000,3000
2015/12/11,0,158000,0,158000
2015/12/14,0,26000,-8748,17252
2015/12/15,0,20000,-346000,-326000
2015/12/16,0,16000,-27000,-11000
2015/12/17,0,0,0,0
2015/12/18,0,0,-6000,-6000
2015/12/21,0,0,-205000,-205000
2015/12/22,0,1000,0,1000
2015/12/23,0,0,-11000,-11000
2015/12/24,0,0,-48000,-48000
2015/12/25,0,0,-39000,-39000
2015/12/28,0,14000,-110000,-96000
2015/12/29,0,12000,0,12000
2015/12/30,0,13000,0,13000
2015/12/31,0,0,-51000,-51000
2016/01/01,0,0,0,0
2016/01/04,0,0,-29000,-29000
2016/01/05,0,0,-2000,-2000
2016/01/06,0,0,-785000,-785000
2016/01/07,0,10000,-54000,-44000
2016/01/08,0,15000,-281000,-266000
2016/01/11,0,6000,-88000,-82000
2016/01/12,0,10000,-51000,-41000
2016/01/13,0,0,-1000,-1000
2016/01/14,0,0,-19036,-19036
2016/01/15,0,0,-40000,-40000
2016/01/18,0,0,-7000,-7000
2016/01/19,0,118000,-71000,47000
2016/01/20,0,43000,-27000,16000
2016/01/21,0,0,-6000,-6000
2016/01/22,0,0,0,0
2016/01/25,0,0,-4000,-4000
2016/01/26,0,0,0,0
2016/01/27,0,0,-141000,-141000
2016/01/28,0,0,-21000,-21000
2016/01/29,0,6000,-22000,-16000
2016/02/01,0,35000,-16000,19000
2016/02/02,0,0,-24000,-24000
2016/02/03,0,0,0,0
2016/02/04,0,0,0,0
2016/02/05,0,0,0,0
2016/02/08,0,0,0,0
2016/02/09,0,0,0,0
2016/02/10,0,0,0,0
2016/02/11,0,0,0,0
2016/02/12,0,0,0,0
2016/02/15,0,329,0,329
2016/02/16,0,0,0,0
2016/02/17,0,41000,0,41000
2016/02/18,0,3000,-45000,-42000
2016/02/19,0,1000,0,1000
2016/02/22,0,0,0,0
2016/02/23,0,0,0,0
2016/02/24,0,0,0,0
2016/02/25,0,0,-3000,-3000
2016/02/26,0,0,-32000,-32000
2016/02/29,0,0,0,0
2016/03/01,0,0,-137000,-137000
2016/03/02,0,0,-3000,-3000
2016/03/03,0,0,0,0
2016/03/04,0,9000,-31000,-22000
2016/03/07,0,44000,-28000,16000
2016/03/08,0,0,-3000,-3000
2016/03/09,0,0,-7000,-7000
2016/03/10,0,0,-3000,-3000
2016/03/11,0,17000,-2000,15000
2016/03/14,0,18000,-2000,16000
2016/03/15,0,336000,-1000,335000
2016/03/16,0,14000,0,14000
2016/03/17,0,248000,-8000,240000
2016/03/18,0,22000,0,22000
2016/03/21,0,0,-20000,-20000
2016/03/22,0,0,-20000,-20000
2016/03/23,0,0,0,0
2016/03/24,0,0,0,0
2016/03/25,0,0,-37000,-37000
2016/03/28,0,0,0,0
2016/03/29,0,14000,0,14000
2016/03/30,0,8000,0,8000
2016/03/31,0,109000,0,109000
2016/04/01,0,0,0,0
2016/04/04,0,0,0,0
2016/04/05,0,0,0,0
2016/04/06,0,0,0,0
2016/04/07,0,21000,-14000,7000
2016/04/08,0,0,-20000,-20000
2016/04/11,0,228000,0,228000
2016/04/12,0,45000,0,45000
2016/04/13,0,2000,-30000,-28000
2016/04/14,0,175000,0,175000
2016/04/15,0,140000,-52000,88000
2016/04/18,0,0,0,0
2016/04/19,0,0,0,0
2016/04/20,0,13000,0,13000
2016/04/21,0,0,-217000,-217000
2016/04/22,0,25000,-7000,18000
2016/04/25,0,159000,-1000,158000
2016/04/26,0,362000,0,362000
2016/04/27,0,144000,0,144000
2016/04/28,0,479000,0,479000
2016/04/29,0,268000,-6000,262000
2016/05/02,0,0,0,0
2016/05/03,0,28000,-365000,-337000
2016/05/04,0,100000,-65000,35000
2016/05/05,0,31000,-8000,23000
2016/05/06,0,140000,-8000,132000
2016/05/09,0,100000,-26000,74000
2016/05/10,0,13000,-100,12900
2016/05/11,0,105000,0,105000
2016/05/12,0,82000,0,82000
2016/05/13,0,0,0,0
2016/05/16,0,91000,0,91000
2016/05/17,0,0,0,0
2016/05/18,0,0,0,0
2016/05/19,0,0,-8000,-8000
2016/05/20,0,100000,-7000,93000
2016/05/23,0,90000,0,90000
2016/05/24,0,99000,0,99000
2016/05/25,0,66000,0,66000
2016/05/26,0,330000,0,330000
2016/05/27,0,206000,0,206000
2016/05/30,0,50000,0,50000
2016/05/31,0,292000,0,292000
2016/06/01,0,92000,0,92000
2016/06/02,0,285000,-22000,263000
2016/06/03,0,54000,-60000,-6000
2016/06/06,0,1063000,0,1063000
2016/06/07,0,120000,0,120000
2016/06/08,0,349000,0,349000
2016/06/09,0,0,0,0
2016/06/10,0,0,0,0
2016/06/13,0,98000,0,98000
2016/06/14,0,20000,0,20000
2016/06/15,0,122000,0,122000
2016/06/16,0,122000,-14000,108000
2016/06/17,0,13000,-17000,-4000
2016/06/20,0,7000,-3000,4000
2016/06/21,0,34000,0,34000
2016/06/22,0,77000,0,77000
2016/06/23,0,0,-11000,-11000
2016/06/24,0,21000,0,21000
2016/06/27,0,21000,-11000,10000
2016/06/28,0,204000,-190000,14000
2016/06/29,0,725000,-94000,631000
2016/06/30,0,828000,-40000,788000
2016/07/01,0,181000,-50000,131000
2016/07/04,0,793000,0,793000
2016/07/05,0,177000,-843000,-666000
2016/07/06,0,46000,-225000,-179000
2016/07/07,0,115000,0,115000
2016/07/08,0,0,0,0
2016/07/11,0,361000,0,361000
2016/07/12,0,142000,0,142000
2016/07/13,0,148000,0,148000
2016/07/14,0,15000,-141000,-126000
2016/07/15,0,44000,-491000,-447000
2016/07/18,0,5000,-13000,-8000
2016/07/19,0,13000,-219000,-206000
2016/07/20,0,13000,-248000,-235000
2016/07/21,0,3000,-444000,-441000
2016/07/22,0,23000,-37000,-14000
2016/07/25,0,60000,-137000,-77000
2016/07/26,0,118000,-8000,110000
2016/07/27,0,187000,-44000,143000
2016/07/28,0,47000,-101000,-54000
2016/07/29,0,61228,-47000,14228
2016/08/01,0,21000,-45000,-24000
2016/08/02,0,12000,-295000,-283000
2016/08/03,0,31000,-44000,-13000
2016/08/04,0,37000,-543000,-506000
2016/08/05,0,0,-105000,-105000
2016/08/08,0,0,-10000,-10000
2016/08/09,0,55000,-98000,-43000
2016/08/10,0,35000,0,35000
2016/08/11,0,0,-6000,-6000
2016/08/12,0,0,-1000,-1000
2016/08/15,0,0,-76000,-76000
2016/08/16,0,38000,-318000,-280000
2016/08/17,0,19000,0,19000
2016/08/18,0,10000,-1000,9000
2016/08/19,0,37000,-155000,-118000
2016/08/22,0,0,-120000,-120000
2016/08/23,0,15000,-19000,-4000
2016/08/24,0,0,-2000,-2000
2016/08/25,0,14000,-51000,-37000
2016/08/26,0,1000,-84000,-83000
2016/08/29,0,0,-1000,-1000
2016/08/30,0,10000,-1000,9000
2016/08/31,0,7000,-48000,-41000
2016/09/01,0,33000,0,33000
2016/09/02,0,0,-129000,-129000
2016/09/05,0,12000,-39000,-27000
2016/09/06,0,4000,-11000,-7000
2016/09/07,0,3000,-39000,-36000
2016/09/08,0,506000,-734000,-228000
2016/09/09,0,97000,0,97000
2016/09/12,0,0,-117000,-117000
2016/09/13,0,0,-72000,-72000
2016/09/14,0,20000,-616000,-596000
2016/09/15,0,0,0,0
2016/09/16,0,0,0,0
2016/09/19,0,0,0,0
2016/09/20,0,120000,-55000,65000
2016/09/21,0,0,0,0
2016/09/22,0,0,-1000,-1000
2016/09/23,0,4000,-4000,0
2016/09/26,0,0,-21000,-21000
2016/09/27,0,0,0,0
2016/09/28,0,0,0,0
2016/09/29,0,0,0,0
2016/09/30,0,39586,-423000,-383414
2016/10/03,0,10000,-50000,-40000
2016/10/04,0,0,-250000,-250000
2016/10/05,0,8000,0,8000
2016/10/06,0,0,-513000,-513000
2016/10/07,0,0,0,0
2016/10/10,0,0,0,0
2016/10/11,0,4000,-76000,-72000
2016/10/12,0,15000,-190000,-175000
2016/10/13,0,8000,-78000,-70000
2016/10/14,0,8000,-52000,-44000
2016/10/17,0,4000,0,4000
2016/10/18,0,14000,0,14000
2016/10/19,0,0,0,0
2016/10/20,0,0,0,0
2016/10/21,0,8000,-3000,5000
2016/10/24,0,0,0,0
2016/10/25,0,49000,0,49000
2016/10/26,0,0,-25000,-25000
2016/10/27,0,6000,-104000,-98000
2016/10/28,0,0,-223000,-223000
2016/10/31,0,0,-1400,-1400
2016/11/01,0,0,-7000,-7000
2016/11/02,0,11000,-4116,6884
2016/11/03,0,3000,0,3000
2016/11/04,0,2000,-227000,-225000
2016/11/07,0,0,-184000,-184000
2016/11/08,0,3000,-16000,-13000
2016/11/09,0,0,-3000,-3000
2016/11/10,0,0,-193000,-193000
2016/11/11,0,0,-215000,-215000
2016/11/14,0,0,-2000,-2000
2016/11/15,0,0,-93000,-93000
2016/11/16,0,0,-77000,-77000
2016/11/17,0,0,-9000,-9000
2016/11/18,0,0,0,0
2016/11/21,0,0,-50000,-50000
2016/11/22,0,0,0,0
2016/11/23,0,0,-109000,-109000
2016/11/24,0,0,-17000,-17000
2016/11/25,0,0,0,0
2016/11/28,0,0,-21000,-21000
2016/11/29,0,1000,-48600,-47600
2016/11/30,0,0,0,0
2016/12/01,0,0,0,0
2016/12/02,0,0,0,0
2016/12/05,0,0,-55000,-55000
2016/12/06,0,0,0,0
2016/12/07,0,13000,0,13000
2016/12/08,0,0,0,0
2016/12/09,0,0,0,0
2016/12/12,0,0,0,0
2016/12/13,0,0,0,0
2016/12/14,0,29000,0,29000
2016/12/15,0,0,-82000,-82000
2016/12/16,0,60000,-1000,59000
2016/12/19,0,0,-100000,-100000
2016/12/20,0,0,-54000,-54000
2016/12/21,0,0,-94000,-94000
2016/12/22,0,0,-82000,-82000
2016/12/23,0,0,0,0
2016/12/26,0,0,0,0
2016/12/27,0,55000,-103000,-48000
2016/12/28,0,0,0,0
2016/12/29,0,0,-103000,-103000
2016/12/30,0,0,-7000,-7000
2017/01/02,0,0,0,0
2017/01/03,0,0,-82000,-82000
2017/01/04,0,0,-109000,-109000
2017/01/05,0,3000,-45000,-42000
2017/01/06,0,0,-95000,-95000
2017/01/09,0,0,-194725,-194725
2017/01/10,0,0,-5000,-5000
2017/01/11,0,0,-167282,-167282
2017/01/12,0,0,-45000,-45000
2017/01/13,0,0,-203000,-203000
2017/01/16,0,0,-95000,-95000
2017/01/17,0,0,-154000,-154000
2017/01/18,0,0,-52000,-52000
2017/01/19,0,0,-22000,-22000
2017/01/20,0,0,-163000,-163000
2017/01/23,0,435,0,435
2017/01/24,0,1000,0,1000
2017/01/25,0,0,0,0
2017/01/26,0,0,0,0
2017/01/27,0,0,0,0
2017/01/30,0,0,0,0
2017/01/31,0,0,0,0
2017/02/01,0,0,0,0
2017/02/02,0,150000,-255000,-105000
2017/02/03,0,9000,-36000,-27000
2017/02/06,0,0,0,0
2017/02/07,0,19000,-39000,-20000
2017/02/08,0,0,0,0
2017/02/09,0,5000,-5000,0
2017/02/10,0,0,0,0
2017/02/13,0,0,0,0
2017/02/14,0,1000,0,1000
2017/02/15,0,0,-20000,-20000
2017/02/16,0,9000,-6000,3000
2017/02/17,0,0,-21000,-21000
2017/02/20,0,3000,0,3000
2017/02/21,0,0,0,0
2017/02/22,0,0,-28000,-28000
2017/02/23,0,1000,0,1000
2017/02/24,0,0,0,0
2017/02/27,0,0,0,0
2017/02/28,0,0,0,0
2017/03/01,0,0,-196000,-196000
2017/03/02,0,0,-46000,-46000
2017/03/03,0,1000,-44000,-43000
2017/03/06,0,0,-26000,-26000
2017/03/07,0,87000,0,87000
2017/03/08,0,0,0,0
2017/03/09,0,0,-10000,-10000
2017/03/10,0,0,-8000,-8000
2017/03/13,0,0,-3000,-3000
2017/03/14,0,0,-6000,-6000
2017/03/15,0,10000,-7000,3000
2017/03/16,0,0,0,0
2017/03/17,0,11000,0,11000
2017/03/20,0,0,-14000,-14000
2017/03/21,0,0,-15000,-15000
2017/03/22,0,5000,0,5000
2017/03/23,0,40000,-15000,25000
2017/03/24,0,1000,-9000,-8000
2017/03/27,0,1000,0,1000
2017/03/28,0,15000,0,15000
2017/03/29,0,62613,0,62613
2017/03/30,0,2250,-5000,-2750
2017/03/31,0,4814,0,4814
2017/04/03,0,0,0,0
2017/04/04,0,0,0,0
2017/04/05,0,1604,0,1604
2017/04/06,0,0,0,0
2017/04/07,0,1000,0,1000
2017/04/10,0,0,0,0
2017/04/11,0,0,0,0
2017/04/12,0,0,-8000,-8000
2017/04/13,0,0,0,0
2017/04/14,0,0,-3000,-3000
2017/04/17,0,0,0,0
2017/04/18,0,1000,0,1000
2017/04/19,0,1604,0,1604
2017/04/20,0,0,0,0
2017/04/21,0,0,0,0
2017/04/24,0,0,0,0
2017/04/25,0,0,-18,-18
2017/04/26,0,1000,-28000,-27000
2017/04/27,0,9000,0,9000
2017/04/28,0,0,-3000,-3000
2017/05/01,0,0,0,0
2017/05/02,0,796000,-2000,794000
2017/05/03,0,15000,0,15000
2017/05/04,0,7177,0,7177
2017/05/05,0,23882,0,23882
2017/05/08,0,0,0,0
2017/05/09,0,0,0,0
2017/05/10,0,0,-4000,-4000
2017/05/11,0,0,-5000,-5000
2017/05/12,0,0,0,0
2017/05/15,0,62000,0,62000
2017/05/16,0,182000,0,182000
2017/05/17,0,0,0,0
2017/05/18,0,0,-1000,-1000
2017/05/19,0,0,0,0
2017/05/22,0,0,-1000,-1000
2017/05/23,0,0,-10000,-10000
2017/05/24,0,105000,-5000,100000
2017/05/25,0,288000,-2000,286000
2017/05/26,0,667000,-8000,659000
2017/05/29,0,0,0,0
2017/05/30,0,0,0,0
2017/05/31,0,108000,0,108000
2017/06/01,0,0,0,0
2017/06/02,0,132000,-6000,126000
2017/06/05,0,50000,-7000,43000
2017/06/06,0,410000,-7000,403000
2017/06/07,0,0,-6000,-6000
2017/06/08,0,0,-1000,-1000
2017/06/09,0,0,-2000,-2000
2017/06/12,0,0,-5000,-5000
2017/06/13,0,0,-5000,-5000
2017/06/14,0,0,-54000,-54000
2017/06/15,0,0,0,0
2017/06/16,0,89000,-23000,66000
2017/06/19,0,2000,-4000,-2000
2017/06/20,0,0,-30796,-30796
2017/06/21,0,25000,-6000,19000
2017/06/22,0,0,-72000,-72000
2017/06/23,0,0,-1000,-1000
2017/06/26,0,0,-3000,-3000
2017/06/27,0,45000,-1000,44000
2017/06/28,0,0,-62782,-62782
2017/06/29,0,0,-8000,-8000
2017/06/30,0,2000,-78000,-76000
2017/07/03,0,26000,-5000,21000
2017/07/04,0,0,-1000,-1000
2017/07/05,0,0,-1000,-1000
2017/07/06,0,0,-23000,-23000
2017/07/07,0,12000,-316000,-304000
2017/07/10,0,4000,-7000,-3000
2017/07/11,0,4000,0,4000
2017/07/12,0,45000,-4820,40180
2017/07/13,0,22000,-3000,19000
2017/07/14,0,18000,-3000,15000
2017/07/17,0,57,-1000,-943
2017/07/18,0,36000,0,36000
2017/07/19,0,49000,0,49000
2017/07/20,0,233000,-7000,226000
2017/07/21,0,197000,0,197000
2017/07/24,0,153000,0,153000
2017/07/25,0,3000,0,3000
2017/07/26,0,867000,-2000,865000
2017/07/27,0,522000,0,522000
2017/07/28,0,128000,0,128000
2017/07/31,0,107000,-297000,-190000
2017/08/01,0,463000,-3000,460000
2017/08/02,0,577000,-15000,562000
2017/08/03,0,36000,0,36000
2017/08/04,0,343000,0,343000
2017/08/07,0,321000,-14000,307000
2017/08/08,0,106000,-2000,104000
2017/08/09,0,19000,0,19000
2017/08/10,0,7000,0,7000
2017/08/11,0,7000,-1000,6000
2017/08/14,0,1000,-28000,-27000
2017/08/15,0,198000,0,198000
2017/08/16,0,33000,-54000,-21000
2017/08/17,0,4000,-56000,-52000
2017/08/18,0,0,-48000,-48000
