Date,Open,Buy,Sell,Total
2007/04/23,0,310000,-82000,228000
2007/04/24,0,292000,-71000,221000
2007/04/25,0,98000,-195000,-97000
2007/04/26,0,117000,-253000,-136000
2007/04/27,0,183000,-175000,8000
2007/04/30,0,252000,-450000,-198000
2007/05/01,0,0,0,0
2007/05/02,0,384000,-422000,-38000
2007/05/03,0,232000,-304000,-72000
2007/05/04,0,362000,-848360,-486360
2007/05/07,0,142000,-109000,33000
2007/05/08,0,122000,-153000,-31000
2007/05/09,0,364000,-138000,226000
2007/05/10,0,410000,-35000,375000
2007/05/11,0,57000,-115300,-58300
2007/05/14,0,421000,-268000,153000
2007/05/15,0,242000,-163000,79000
2007/05/16,0,198000,-201000,-3000
2007/05/17,0,253000,-137000,116000
2007/05/18,0,230000,-109000,121000
2007/05/21,0,131000,-81000,50000
2007/05/22,0,223000,-113000,110000
2007/05/23,0,265000,-74000,191000
2007/05/24,0,344000,-243000,101000
2007/05/25,0,341000,-113000,228000
2007/05/28,0,147000,-138000,9000
2007/05/29,0,301000,-365000,-64000
2007/05/30,0,118000,-189000,-71000
2007/05/31,0,238000,-556000,-318000
2007/06/01,0,391000,-250000,141000
2007/06/04,0,348000,-127000,221000
2007/06/05,0,383000,-249000,134000
2007/06/06,0,283000,-335042,-52042
2007/06/07,0,225000,-202000,23000
2007/06/08,0,169000,-93000,76000
2007/06/11,0,72000,-317000,-245000
2007/06/12,0,358000,-217000,141000
2007/06/13,0,260000,-68000,192000
2007/06/14,0,568000,-448000,120000
2007/06/15,0,346000,-379000,-33000
2007/06/18,0,0,0,0
2007/06/19,0,0,0,0
2007/06/20,0,282000,-565000,-283000
2007/06/21,0,379000,-232000,147000
2007/06/22,0,266000,-250000,16000
2007/06/25,0,241000,-330000,-89000
2007/06/26,0,35000,-355000,-320000
2007/06/27,0,65000,-221000,-156000
2007/06/28,0,38000,-319000,-281000
2007/06/29,0,343000,-475000,-132000
2007/07/02,0,36000,-98000,-62000
2007/07/03,0,291000,-132000,159000
2007/07/04,0,443000,-303000,140000
2007/07/05,0,331000,-475000,-144000
2007/07/06,0,230000,-455000,-225000
2007/07/09,0,263000,-197000,66000
2007/07/10,0,70000,-281000,-211000
2007/07/11,0,70000,-173468,-103468
2007/07/12,0,192000,-297000,-105000
2007/07/13,0,172000,-276064,-104064
2007/07/16,0,116000,-470473,-354473
2007/07/17,0,115000,-262000,-147000
2007/07/18,0,149000,-306000,-157000
2007/07/19,0,281000,-250060,30940
2007/07/20,0,202000,-107124,94876
2007/07/23,0,546000,-169000,377000
2007/07/24,0,861000,-455000,406000
2007/07/25,0,189000,-461000,-272000
2007/07/26,0,19000,-579000,-560000
2007/07/27,0,226000,-349000,-123000
2007/07/30,0,392000,-201000,191000
2007/07/31,0,171000,-291000,-120000
2007/08/01,0,161501,-398000,-236499
2007/08/02,0,277000,-250435,26565
2007/08/03,0,118000,-462000,-344000
2007/08/06,0,103000,-41000,62000
2007/08/07,0,68000,-488000,-420000
2007/08/08,0,144000,-204000,-60000
2007/08/09,0,334000,-119480,214520
2007/08/10,0,116000,-101000,15000
2007/08/13,0,144000,-73000,71000
2007/08/14,0,172000,-193000,-21000
2007/08/15,0,313000,-325000,-12000
2007/08/16,0,390000,-301000,89000
2007/08/17,0,456000,-301000,155000
2007/08/20,0,328000,-230000,98000
2007/08/21,0,113000,-292000,-179000
2007/08/22,0,39000,-146000,-107000
2007/08/23,0,198000,-227000,-29000
2007/08/24,0,103000,-130000,-27000
2007/08/27,0,106000,-233000,-127000
2007/08/28,0,163000,-148000,15000
2007/08/29,0,160000,-137000,23000
2007/08/30,0,357000,-148000,209000
2007/08/31,0,173250,-497000,-323750
2007/09/03,0,73000,-112000,-39000
2007/09/04,0,113500,-113000,500
2007/09/05,0,182000,-261000,-79000
2007/09/06,0,141950,-86400,55550
2007/09/07,0,163550,-61600,101950
2007/09/10,0,246000,-74000,172000
2007/09/11,0,149250,-237000,-87750
2007/09/12,0,221000,-65500,155500
2007/09/13,0,50350,-241650,-191300
2007/09/14,0,117000,-129000,-12000
2007/09/17,0,313000,-110000,203000
2007/09/18,0,0,0,0
2007/09/19,0,169000,-435050,-266050
2007/09/20,0,269000,-305000,-36000
2007/09/21,0,304000,-72000,232000
2007/09/24,0,0,0,0
2007/09/25,0,0,0,0
2007/09/26,0,538000,-158000,380000
2007/09/27,0,436000,-127000,309000
2007/09/28,0,155000,-180000,-25000
2007/10/01,0,230000,-304000,-74000
2007/10/02,0,643000,-234200,408800
2007/10/03,0,328000,-361000,-33000
2007/10/04,0,239000,-477750,-238750
2007/10/05,0,344000,-428000,-84000
2007/10/08,0,162000,-325550,-163550
2007/10/09,0,116000,-334400,-218400
2007/10/10,0,0,0,0
2007/10/11,0,221000,-48000,173000
2007/10/12,0,165000,-246000,-81000
2007/10/15,0,106000,-147000,-41000
2007/10/16,0,360000,-213000,147000
2007/10/17,0,189000,-474000,-285000
2007/10/18,0,176000,-200000,-24000
2007/10/19,0,113000,-180000,-67000
2007/10/22,0,158000,-165000,-7000
2007/10/23,0,319000,-261000,58000
2007/10/24,0,568000,-463000,105000
2007/10/25,0,408000,-281000,127000
2007/10/26,0,278000,-61000,217000
2007/10/29,0,88000,-132750,-44750
2007/10/30,0,340000,-155000,185000
2007/10/31,0,310000,-276000,34000
2007/11/01,0,200000,-312000,-112000
2007/11/02,0,33000,0,33000
2007/11/05,0,72000,0,72000
2007/11/06,0,1336000,-790000,546000
2007/11/07,0,276000,-849550,-573550
2007/11/08,0,398000,-425000,-27000
2007/11/09,0,523000,-306000,217000
2007/11/12,0,213000,-189000,24000
2007/11/13,0,708000,-153450,554550
2007/11/14,0,397000,-334900,62100
2007/11/15,0,349000,-140000,209000
2007/11/16,0,186000,-269000,-83000
2007/11/19,0,128000,-51000,77000
2007/11/20,0,338000,-705000,-367000
2007/11/21,0,258000,-665000,-407000
2007/11/22,0,677000,-713100,-36100
2007/11/23,0,168000,-464500,-296500
2007/11/26,0,256000,-257000,-1000
2007/11/27,0,212000,-487550,-275550
2007/11/28,0,297000,-287000,10000
2007/11/29,0,986000,-681000,305000
2007/11/30,0,222000,-361000,-139000
2007/12/03,0,80000,-49000,31000
2007/12/04,0,68000,-229000,-161000
2007/12/05,0,190000,-59118,130882
2007/12/06,0,52000,-345000,-293000
2007/12/07,0,20000,-326000,-306000
2007/12/10,0,7000,-69000,-62000
2007/12/11,0,177000,-236000,-59000
2007/12/12,0,389000,-289000,100000
2007/12/13,0,354000,-422000,-68000
2007/12/14,0,759000,-837000,-78000
2007/12/17,0,206000,-249000,-43000
2007/12/18,0,539000,-109000,430000
2007/12/19,0,826000,-69000,757000
2007/12/20,0,283000,-400000,-117000
2007/12/21,0,154000,-248000,-94000
2007/12/24,0,365000,-463000,-98000
2007/12/25,0,190501,-121000,69501
2007/12/26,0,126000,-15000,111000
2007/12/27,0,407000,-854000,-447000
2007/12/28,0,446000,-456000,-10000
2007/12/31,0,516000,-331000,185000
2008/01/01,0,0,0,0
2008/01/02,0,486000,-367000,119000
2008/01/03,0,124000,-379000,-255000
2008/01/04,0,136000,-745000,-609000
2008/01/07,0,114000,-487000,-373000
2008/01/08,0,191000,-494000,-303000
2008/01/09,0,320000,-166000,154000
2008/01/10,0,493000,-406000,87000
2008/01/11,0,181000,-227000,-46000
2008/01/14,0,125000,-182000,-57000
2008/01/15,0,121000,-226000,-105000
2008/01/16,0,107000,-78000,29000
2008/01/17,0,233000,-113000,120000
2008/01/18,0,270000,-87000,183000
2008/01/21,0,167000,-67000,100000
2008/01/22,0,112000,-239000,-127000
2008/01/23,0,79000,-789000,-710000
2008/01/24,0,192000,-53000,139000
2008/01/25,0,19000,-3000,16000
2008/01/28,0,217000,-333000,-116000
2008/01/29,0,103000,-54000,49000
2008/01/30,0,251000,-87000,164000
2008/01/31,0,33000,0,33000
2008/02/01,0,496000,-520000,-24000
2008/02/04,0,0,0,0
2008/02/05,0,0,0,0
2008/02/06,0,0,0,0
2008/02/07,0,0,0,0
2008/02/08,0,0,0,0
2008/02/11,0,0,0,0
2008/02/12,0,200000,-248000,-48000
2008/02/13,0,92000,-159200,-67200
2008/02/14,0,28000,-9000,19000
2008/02/15,0,566000,-92876,473124
2008/02/18,0,191885,-411000,-219115
2008/02/19,0,335000,-92000,243000
2008/02/20,0,194000,-219000,-25000
2008/02/21,0,402000,-150000,252000
2008/02/22,0,324000,-335000,-11000
2008/02/25,0,186000,-189880,-3880
2008/02/26,0,53000,-140000,-87000
2008/02/27,0,480000,-150552,329448
2008/02/28,0,0,0,0
2008/02/29,0,128000,-104000,24000
2008/03/03,0,108000,-307667,-199667
2008/03/04,0,127000,-152000,-25000
2008/03/05,0,304000,-378000,-74000
2008/03/06,0,774000,-325328,448672
2008/03/07,0,650000,-216000,434000
2008/03/10,0,53000,-692000,-639000
2008/03/11,0,110000,-173000,-63000
2008/03/12,0,361000,-79408,281592
2008/03/13,0,128000,-307000,-179000
2008/03/14,0,234000,-241000,-7000
2008/03/17,0,239000,-279000,-40000
2008/03/18,0,157000,-107000,50000
2008/03/19,0,257000,-157000,100000
2008/03/20,0,534000,-92000,442000
2008/03/21,0,463000,-29000,434000
2008/03/24,0,475000,-338000,137000
2008/03/25,0,274000,-125000,149000
2008/03/26,0,314000,-333000,-19000
2008/03/27,0,325000,-229920,95080
2008/03/28,0,245000,-80000,165000
2008/03/31,0,73000,-38119,34881
2008/04/01,0,215000,-125000,90000
2008/04/02,0,618000,-102000,516000
2008/04/03,0,206000,-67000,139000
2008/04/04,0,0,0,0
2008/04/07,0,291000,-170000,121000
2008/04/08,0,521000,-445000,76000
2008/04/09,0,212000,-202000,10000
2008/04/10,0,263000,-185000,78000
2008/04/11,0,283000,-331000,-48000
2008/04/14,0,352000,-51499,300501
2008/04/15,0,689000,-381000,308000
2008/04/16,0,407000,-377000,30000
2008/04/17,0,588000,-537000,51000
2008/04/18,0,833000,-501000,332000
2008/04/21,0,371000,-394000,-23000
2008/04/22,0,231000,-197000,34000
2008/04/23,0,322000,-153000,169000
2008/04/24,0,94000,-193000,-99000
2008/04/25,0,29000,-94000,-65000
2008/04/28,0,106000,-205000,-99000
2008/04/29,0,96000,-161000,-65000
2008/04/30,0,84000,-86000,-2000
2008/05/01,0,0,0,0
2008/05/02,0,1124000,-129000,995000
2008/05/05,0,239000,-241000,-2000
2008/05/06,0,130000,-65000,65000
2008/05/07,0,553000,-266000,287000
2008/05/08,0,292000,-90000,202000
2008/05/09,0,248000,-453000,-205000
2008/05/12,0,176000,-662000,-486000
2008/05/13,0,496006,-229613,266393
2008/05/14,0,260000,-236000,24000
2008/05/15,0,220000,-273000,-53000
2008/05/16,0,641000,-130000,511000
2008/05/19,0,103000,-97000,6000
2008/05/20,0,301000,-423000,-122000
2008/05/21,0,245000,-250000,-5000
2008/05/22,0,99000,-409000,-310000
2008/05/23,0,164000,-1077000,-913000
2008/05/26,0,142000,-350000,-208000
2008/05/27,0,101000,-216000,-115000
2008/05/28,0,65000,-104000,-39000
2008/05/29,0,136000,-48000,88000
2008/05/30,0,153000,-233000,-80000
2008/06/02,0,330000,-214000,116000
2008/06/03,0,69437,-413000,-343563
2008/06/04,0,289000,-126000,163000
2008/06/05,0,211000,-55000,156000
2008/06/06,0,211000,-197000,14000
2008/06/09,0,31000,-95000,-64000
2008/06/10,0,38000,-262000,-224000
2008/06/11,0,166000,-249000,-83000
2008/06/12,0,370000,-625000,-255000
2008/06/13,0,115000,-381000,-266000
2008/06/16,0,350000,-881000,-531000
2008/06/17,0,331000,-122000,209000
2008/06/18,0,242000,-158000,84000
2008/06/19,0,62000,-200000,-138000
2008/06/20,0,199000,-122000,77000
2008/06/23,0,197000,-296000,-99000
2008/06/24,0,123000,-288000,-165000
2008/06/25,0,409000,-325000,84000
2008/06/26,0,340000,-449000,-109000
2008/06/27,0,250000,-744000,-494000
2008/06/30,0,205000,-547000,-342000
2008/07/01,0,355000,-266000,89000
2008/07/02,0,667000,-372000,295000
2008/07/03,0,425000,-276000,149000
2008/07/04,0,96000,-456000,-360000
2008/07/07,0,216000,-378000,-162000
2008/07/08,0,188000,-408000,-220000
2008/07/09,0,339000,-369000,-30000
2008/07/10,0,224000,-142000,82000
2008/07/11,0,456000,-116000,340000
2008/07/14,0,630000,-199000,431000
2008/07/15,0,751000,-584770,166230
2008/07/16,0,489000,-899000,-410000
2008/07/17,0,329000,-197000,132000
2008/07/18,0,567000,-784000,-217000
2008/07/21,0,450000,-280000,170000
2008/07/22,0,252000,-258000,-6000
2008/07/23,0,401000,-228000,173000
2008/07/24,0,165000,-187000,-22000
2008/07/25,0,185000,-225000,-40000
2008/07/28,0,0,0,0
2008/07/29,0,210000,-155000,55000
2008/07/30,0,142000,-306000,-164000
2008/07/31,0,181000,-250000,-69000
2008/08/01,0,197010,-137000,60010
2008/08/04,0,136000,-79343,56657
2008/08/05,0,237000,-97000,140000
2008/08/06,0,537000,-68000,469000
2008/08/07,0,300000,-122000,178000
2008/08/08,0,465000,-401000,64000
2008/08/11,0,361000,-735000,-374000
2008/08/12,0,291000,-293000,-2000
2008/08/13,0,344000,-533000,-189000
2008/08/14,0,241000,-110000,131000
2008/08/15,0,531000,-223047,307953
2008/08/18,0,374000,-544000,-170000
2008/08/19,0,297000,-143000,154000
2008/08/20,0,246000,-267000,-21000
2008/08/21,0,103000,-126000,-23000
2008/08/22,0,110000,-291000,-181000
2008/08/25,0,139000,-32000,107000
2008/08/26,0,160000,-21000,139000
2008/08/27,0,387000,-410000,-23000
2008/08/28,0,107760,-98334,9426
2008/08/29,0,147900,-101340,46560
2008/09/01,0,164000,-231500,-67500
2008/09/02,0,367000,-168384,198616
2008/09/03,0,263050,-587650,-324600
2008/09/04,0,205000,-307731,-102731
2008/09/05,0,448400,-441320,7080
2008/09/08,0,553000,-193000,360000
2008/09/09,0,188300,-404000,-215700
2008/09/10,0,228350,-181000,47350
2008/09/11,0,126000,-362000,-236000
2008/09/12,0,296000,-470000,-174000
2008/09/15,0,96000,-241000,-145000
2008/09/16,0,447000,-234000,213000
2008/09/17,0,186000,-163485,22515
2008/09/18,0,199000,-502010,-303010
2008/09/19,0,273000,-122000,151000
2008/09/22,0,67000,-101010,-34010
2008/09/23,0,500000,-36000,464000
2008/09/24,0,196000,-220000,-24000
2008/09/25,0,64000,-125030,-61030
2008/09/26,0,138000,-409160,-271160
2008/09/29,0,0,0,0
2008/09/30,0,93000,-229000,-136000
2008/10/01,0,120000,-144000,-24000
2008/10/02,0,365000,-540530,-175530
2008/10/03,0,500000,-357000,143000
2008/10/06,0,127000,-106561,20439
2008/10/07,0,317000,-194842,122158
2008/10/08,0,289000,-290422,-1422
2008/10/09,0,316000,-158300,157700
2008/10/10,0,0,0,0
2008/10/13,0,194000,-210000,-16000
2008/10/14,0,41000,-17000,24000
2008/10/15,0,248000,-121000,127000
2008/10/16,0,59000,-175552,-116552
2008/10/17,0,192000,-186000,6000
2008/10/20,0,138000,-94442,43558
2008/10/21,0,340000,-184000,156000
2008/10/22,0,133000,-127852,5148
2008/10/23,0,94000,-268347,-174347
2008/10/24,0,38000,-143755,-105755
2008/10/27,0,339000,-212364,126636
2008/10/28,0,377000,-203836,173164
2008/10/29,0,247000,-279000,-32000
2008/10/30,0,576000,-164000,412000
2008/10/31,0,755427,-457299,298128
2008/11/03,0,201000,-92656,108344
2008/11/04,0,84000,-119004,-35004
2008/11/05,0,205000,-491016,-286016
2008/11/06,0,104000,-271000,-167000
2008/11/07,0,664091,-293000,371091
2008/11/10,0,52000,-371300,-319300
2008/11/11,0,213000,-312000,-99000
2008/11/12,0,123000,-57000,66000
2008/11/13,0,216000,-623000,-407000
2008/11/14,0,40000,-238676,-198676
2008/11/17,0,61000,-41477,19523
2008/11/18,0,181000,-41000,140000
2008/11/19,0,324000,-32121,291879
2008/11/20,0,321000,-64000,257000
2008/11/21,0,421000,-110890,310110
2008/11/24,0,203000,-235020,-32020
2008/11/25,0,136000,-298537,-162537
2008/11/26,0,273000,-209000,64000
2008/11/27,0,155000,-136000,19000
2008/11/28,0,134000,-30837,103163
2008/12/01,0,138000,-75225,62775
2008/12/02,0,106000,-38392,67608
2008/12/03,0,80000,-381000,-301000
2008/12/04,0,46000,-65000,-19000
2008/12/05,0,142000,-13000,129000
2008/12/08,0,278000,-62000,216000
2008/12/09,0,187000,-193000,-6000
2008/12/10,0,146000,-45000,101000
2008/12/11,0,224000,-230000,-6000
2008/12/12,0,18000,-546000,-528000
2008/12/15,0,122000,-264200,-142200
2008/12/16,0,178000,-97000,81000
2008/12/17,0,177000,-260000,-83000
2008/12/18,0,279000,-139400,139600
2008/12/19,0,158400,-85000,73400
2008/12/22,0,63000,-139353,-76353
2008/12/23,0,57000,-99000,-42000
2008/12/24,0,57000,-95000,-38000
2008/12/25,0,23000,-173060,-150060
2008/12/26,0,45000,-48000,-3000
2008/12/29,0,25000,-29119,-4119
2008/12/30,0,178000,-40000,138000
2008/12/31,0,18000,-94806,-76806
2009/01/01,0,0,0,0
2009/01/02,0,0,0,0
2009/01/05,0,210000,-64880,145120
2009/01/06,0,272000,-99000,173000
2009/01/07,0,141000,-320000,-179000
2009/01/08,0,81000,-179000,-98000
2009/01/09,0,66000,-87000,-21000
2009/01/12,0,59000,-49000,10000
2009/01/13,0,156000,-132000,24000
2009/01/14,0,232000,-129000,103000
2009/01/15,0,71000,-78000,-7000
2009/01/16,0,157000,-27000,130000
2009/01/19,0,19000,-119190,-100190
2009/01/20,0,158000,-9514,148486
2009/01/21,0,84000,-27000,57000
2009/01/22,0,0,0,0
2009/01/23,0,0,0,0
2009/01/26,0,0,0,0
2009/01/27,0,0,0,0
2009/01/28,0,0,0,0
2009/01/29,0,0,0,0
2009/01/30,0,0,0,0
2009/02/02,0,41000,-428492,-387492
2009/02/03,0,116000,-120000,-4000
2009/02/04,0,189000,-26000,163000
2009/02/05,0,100000,-120000,-20000
2009/02/06,0,138000,-119000,19000
2009/02/09,0,630000,-594000,36000
2009/02/10,0,65000,-788000,-723000
2009/02/11,0,94000,-110604,-16604
2009/02/12,0,67000,-223626,-156626
2009/02/13,0,171000,-77000,94000
2009/02/16,0,29000,-206000,-177000
2009/02/17,0,48000,-353000,-305000
2009/02/18,0,197000,-90000,107000
2009/02/19,0,348000,-248000,100000
2009/02/20,0,91000,-130000,-39000
2009/02/23,0,134000,-149000,-15000
2009/02/24,0,156000,-169000,-13000
2009/02/25,0,197000,-380000,-183000
2009/02/26,0,149000,-306000,-157000
2009/02/27,0,72000,-116000,-44000
2009/03/02,0,257000,-140000,117000
2009/03/03,0,231000,-131000,100000
2009/03/04,0,267000,-231000,36000
2009/03/05,0,529000,-142000,387000
2009/03/06,0,301000,-184000,117000
2009/03/09,0,107000,-54000,53000
2009/03/10,0,213000,-67000,146000
2009/03/11,0,326000,-137000,189000
2009/03/12,0,184000,-155000,29000
2009/03/13,0,506000,-286000,220000
2009/03/16,0,31000,-180000,-149000
2009/03/17,0,311000,-192000,119000
2009/03/18,0,266000,-155000,111000
2009/03/19,0,347000,-274000,73000
2009/03/20,0,128000,-115000,13000
2009/03/23,0,104000,-137000,-33000
2009/03/24,0,638000,-261000,377000
2009/03/25,0,260000,-831041,-571041
2009/03/26,0,133000,-194000,-61000
2009/03/27,0,144000,-417000,-273000
2009/03/30,0,290000,-190000,100000
2009/03/31,0,247000,-58000,189000
2009/04/01,0,182000,-386000,-204000
2009/04/02,0,145000,-111000,34000
2009/04/03,0,95000,-142000,-47000
2009/04/06,0,553000,-145000,408000
2009/04/07,0,439000,-253000,186000
2009/04/08,0,487000,-558000,-71000
2009/04/09,0,317000,-416000,-99000
2009/04/10,0,269000,-551000,-282000
2009/04/13,0,184000,-333000,-149000
2009/04/14,0,700000,-305000,395000
2009/04/15,0,249000,-321000,-72000
2009/04/16,0,490000,-354000,136000
2009/04/17,0,187000,-598600,-411600
2009/04/20,0,314000,-83000,231000
2009/04/21,0,263000,-184000,79000
2009/04/22,0,185000,-131000,54000
2009/04/23,0,145000,-171000,-26000
2009/04/24,0,650000,-307000,343000
2009/04/27,0,715000,-227000,488000
2009/04/28,0,435000,-525000,-90000
2009/04/29,0,476000,-739000,-263000
2009/04/30,0,3000,-10000,-7000
2009/05/01,0,0,0,0
2009/05/04,0,10000,-15000,-5000
2009/05/05,0,976000,-755000,221000
2009/05/06,0,373000,-473931,-100931
2009/05/07,0,132000,-181000,-49000
2009/05/08,0,230000,-229491,509
2009/05/11,0,223000,-253000,-30000
2009/05/12,0,300000,-306000,-6000
2009/05/13,0,300000,-337000,-37000
2009/05/14,0,104000,-217000,-113000
2009/05/15,0,287000,-165000,122000
2009/05/18,0,251000,-290000,-39000
2009/05/19,0,393000,-289497,103503
2009/05/20,0,551000,-205000,346000
2009/05/21,0,156000,-525000,-369000
2009/05/22,0,632000,-374000,258000
2009/05/25,0,159000,-545000,-386000
2009/05/26,0,341000,-516000,-175000
2009/05/27,0,488000,-203000,285000
2009/05/28,0,0,0,0
2009/05/29,0,0,0,0
2009/06/01,0,98000,-294793,-196793
2009/06/02,0,139000,-350000,-211000
2009/06/03,0,169000,-194000,-25000
2009/06/04,0,73000,-437034,-364034
2009/06/05,0,188000,-125000,63000
2009/06/08,0,66000,-180000,-114000
2009/06/09,0,473000,-186690,286310
2009/06/10,0,340000,-157517,182483
2009/06/11,0,206000,-212000,-6000
2009/06/12,0,208000,-549000,-341000
2009/06/15,0,283000,-350000,-67000
2009/06/16,0,276000,-238924,37076
2009/06/17,0,278000,-294000,-16000
2009/06/18,0,175000,-366000,-191000
2009/06/19,0,215000,-208000,7000
2009/06/22,0,84000,-149000,-65000
2009/06/23,0,139000,-46000,93000
2009/06/24,0,460000,-297000,163000
2009/06/25,0,99000,-273000,-174000
2009/06/26,0,96000,-187000,-91000
2009/06/29,0,68000,-123000,-55000
2009/06/30,0,278000,-238000,40000
2009/07/01,0,248000,-190000,58000
2009/07/02,0,184000,-226000,-42000
2009/07/03,0,263000,-44100,218900
2009/07/06,0,274000,-183000,91000
2009/07/07,0,472474,-220000,252474
2009/07/08,0,226000,-333000,-107000
2009/07/09,0,493000,-76000,417000
2009/07/10,0,296000,-133000,163000
2009/07/13,0,210000,-343000,-133000
2009/07/14,0,450000,-247000,203000
2009/07/15,0,461000,-172000,289000
2009/07/16,0,925000,-176000,749000
2009/07/17,0,376000,-772176,-396176
2009/07/20,0,116000,-614000,-498000
2009/07/21,0,89000,-531000,-442000
2009/07/22,0,242000,-164000,78000
2009/07/23,0,168000,-132000,36000
2009/07/24,0,208056,-217000,-8944
2009/07/27,0,360000,-225000,135000
2009/07/28,0,333000,-177000,156000
2009/07/29,0,461000,-218000,243000
2009/07/30,0,239000,-584000,-345000
2009/07/31,0,124000,-330411,-206411
2009/08/03,0,178814,-523000,-344186
2009/08/04,0,220000,-268079,-48079
2009/08/05,0,341000,-447000,-106000
2009/08/06,0,255000,-276000,-21000
2009/08/07,0,0,0,0
2009/08/10,0,241000,-219000,22000
2009/08/11,0,140000,-222000,-82000
2009/08/12,0,128000,-164000,-36000
2009/08/13,0,148000,-76000,72000
2009/08/14,0,260000,-61000,199000
2009/08/17,0,139000,-215000,-76000
2009/08/18,0,346000,-211000,135000
2009/08/19,0,222000,-241000,-19000
2009/08/20,0,237000,-125000,112000
2009/08/21,0,344000,-351000,-7000
2009/08/24,0,638020,-112000,526020
2009/08/25,0,106000,-112000,-6000
2009/08/26,0,267000,-196000,71000
2009/08/27,0,90000,-99608,-9608
2009/08/28,0,382120,-274954,107166
2009/08/31,0,194000,-297423,-103423
2009/09/01,0,966000,-187795,778205
2009/09/02,0,634000,-382030,251970
2009/09/03,0,429000,-623000,-194000
2009/09/04,0,249283,-421000,-171717
2009/09/07,0,193000,-1146154,-953154
2009/09/08,0,234000,-961820,-727820
2009/09/09,0,257000,-258260,-1260
2009/09/10,0,188000,-302000,-114000
2009/09/11,0,278000,-82080,195920
2009/09/14,0,87000,-173000,-86000
2009/09/15,0,44000,-83000,-39000
2009/09/16,0,62000,-279004,-217004
2009/09/17,0,103000,-152060,-49060
2009/09/18,0,5000,-287000,-282000
2009/09/21,0,42000,-263280,-221280
2009/09/22,0,18000,-127000,-109000
2009/09/23,0,142000,-266199,-124199
2009/09/24,0,31000,-78000,-47000
2009/09/25,0,102000,-196830,-94830
2009/09/28,0,99000,-50807,48193
2009/09/29,0,108290,-226600,-118310
2009/09/30,0,367000,-156055,210945
2009/10/01,0,155000,-221000,-66000
2009/10/02,0,85000,-187190,-102190
2009/10/05,0,63000,-121000,-58000
2009/10/06,0,30000,-133000,-103000
2009/10/07,0,116000,-219000,-103000
2009/10/08,0,198000,-315000,-117000
2009/10/09,0,201000,-129000,72000
2009/10/12,0,97000,-45000,52000
2009/10/13,0,97000,-97000,0
2009/10/14,0,320000,-36000,284000
2009/10/15,0,49000,-239000,-190000
2009/10/16,0,355000,-207000,148000
2009/10/19,0,179000,-19184,159816
2009/10/20,0,33000,-303000,-270000
2009/10/21,0,34000,-149889,-115889
2009/10/22,0,160000,-388000,-228000
2009/10/23,0,241000,-169000,72000
2009/10/26,0,182000,-175000,7000
2009/10/27,0,490000,-8000,482000
2009/10/28,0,215000,-175000,40000
2009/10/29,0,468000,-356000,112000
2009/10/30,0,94000,-302000,-208000
2009/11/02,0,244000,-227060,16940
2009/11/03,0,96000,-198000,-102000
2009/11/04,0,69000,-61000,8000
2009/11/05,0,144000,-248000,-104000
2009/11/06,0,107000,-136835,-29835
2009/11/09,0,161000,-145938,15062
2009/11/10,0,133000,-258000,-125000
2009/11/11,0,216000,-257001,-41001
2009/11/12,0,52000,-119000,-67000
2009/11/13,0,99000,-43000,56000
2009/11/16,0,115000,-80000,35000
2009/11/17,0,137000,-248000,-111000
2009/11/18,0,156000,-72000,84000
2009/11/19,0,337000,-147000,190000
2009/11/20,0,1070000,-262000,808000
2009/11/23,0,70000,-366000,-296000
2009/11/24,0,124000,-294090,-170090
2009/11/25,0,104000,-12000,92000
2009/11/26,0,49000,-211000,-162000
2009/11/27,0,93000,-117000,-24000
2009/11/30,0,146000,-102454,43546
2009/12/01,0,32000,-28000,4000
2009/12/02,0,132000,-124000,8000
2009/12/03,0,151000,-216000,-65000
2009/12/04,0,118000,-20000,98000
2009/12/07,0,641000,-115000,526000
2009/12/08,0,81000,-225000,-144000
2009/12/09,0,66000,-126503,-60503
2009/12/10,0,105000,-318000,-213000
2009/12/11,0,202000,-75000,127000
2009/12/14,0,98000,-136000,-38000
2009/12/15,0,204000,-100000,104000
2009/12/16,0,56000,-105000,-49000
2009/12/17,0,36000,-145000,-109000
2009/12/18,0,30000,-26000,4000
2009/12/21,0,114000,-21000,93000
2009/12/22,0,235000,-83402,151598
2009/12/23,0,51600,-85000,-33400
2009/12/24,0,85000,-131180,-46180
2009/12/25,0,19000,-44000,-25000
2009/12/28,0,96000,-42000,54000
2009/12/29,0,64000,-87000,-23000
2009/12/30,0,224000,-93000,131000
2009/12/31,0,47000,-142000,-95000
2010/01/01,0,0,0,0
2010/01/04,0,170000,-185000,-15000
2010/01/05,0,160000,-236000,-76000
2010/01/06,0,134180,-89000,45180
2010/01/07,0,84000,-63000,21000
2010/01/08,0,172400,-423050,-250650
2010/01/11,0,45000,-132000,-87000
2010/01/12,0,31000,-71000,-40000
2010/01/13,0,89000,-126000,-37000
2010/01/14,0,140000,-274372,-134372
2010/01/15,0,61000,-226000,-165000
2010/01/18,0,62000,-47000,15000
2010/01/19,0,39000,-91000,-52000
2010/01/20,0,15980,-210000,-194020
2010/01/21,0,71000,-261000,-190000
2010/01/22,0,135000,-106000,29000
2010/01/25,0,56000,-77000,-21000
2010/01/26,0,22000,-293000,-271000
2010/01/27,0,158000,-145004,12996
2010/01/28,0,245000,-79000,166000
2010/01/29,0,202000,-310000,-108000
2010/02/01,0,116000,-86000,30000
2010/02/02,0,95000,-399001,-304001
2010/02/03,0,158000,-127000,31000
2010/02/04,0,42000,-86000,-44000
2010/02/05,0,71000,-296004,-225004
2010/02/08,0,125000,-28881,96119
2010/02/09,0,196000,-64000,132000
2010/02/10,0,137000,-76538,60462
2010/02/11,0,0,0,0
2010/02/12,0,0,0,0
2010/02/15,0,0,0,0
2010/02/16,0,0,0,0
2010/02/17,0,0,0,0
2010/02/18,0,0,0,0
2010/02/19,0,0,0,0
2010/02/22,0,169000,-149100,19900
2010/02/23,0,40000,-51000,-11000
2010/02/24,0,44000,-79000,-35000
2010/02/25,0,48000,-152000,-104000
2010/02/26,0,174000,-37000,137000
2010/03/01,0,181000,-121000,60000
2010/03/02,0,57000,-61000,-4000
2010/03/03,0,40000,-115969,-75969
2010/03/04,0,35000,-106000,-71000
2010/03/05,0,174000,-59000,115000
2010/03/08,0,82000,-71000,11000
2010/03/09,0,26000,-108000,-82000
2010/03/10,0,17000,-75000,-58000
2010/03/11,0,89000,-36000,53000
2010/03/12,0,28000,-16000,12000
2010/03/15,0,29000,-78000,-49000
2010/03/16,0,153000,-39000,114000
2010/03/17,0,247000,-34000,213000
2010/03/18,0,106000,-79000,27000
2010/03/19,0,112000,-14000,98000
2010/03/22,0,110000,-92000,18000
2010/03/23,0,260000,-90000,170000
2010/03/24,0,77000,-127152,-50152
2010/03/25,0,196000,-70000,126000
2010/03/26,0,136000,-241000,-105000
2010/03/29,0,152000,-34000,118000
2010/03/30,0,181000,-132000,49000
2010/03/31,0,107000,-33000,74000
2010/04/01,0,225000,-187000,38000
2010/04/02,0,36000,-125090,-89090
2010/04/05,0,0,0,0
2010/04/06,0,141000,-151000,-10000
2010/04/07,0,48000,-9000,39000
2010/04/08,0,247000,-76000,171000
2010/04/09,0,77000,-36199,40801
2010/04/12,0,115000,-93000,22000
2010/04/13,0,172000,-71000,101000
2010/04/14,0,137000,-65000,72000
2010/04/15,0,64000,-100000,-36000
2010/04/16,0,99000,-71000,28000
2010/04/19,0,124000,-81000,43000
2010/04/20,0,154000,-418012,-264012
2010/04/21,0,122000,-180000,-58000
2010/04/22,0,38000,-301000,-263000
2010/04/23,0,462000,-143000,319000
2010/04/26,0,71000,-185000,-114000
2010/04/27,0,35000,-354000,-319000
2010/04/28,0,41000,-55050,-14050
2010/04/29,0,255000,-114000,141000
2010/04/30,0,432000,-101000,331000
2010/05/03,0,176000,-96000,80000
2010/05/04,0,87000,-174000,-87000
2010/05/05,0,234000,-194000,40000
2010/05/06,0,178000,-186000,-8000
2010/05/07,0,171000,-354000,-183000
2010/05/10,0,67000,-96000,-29000
2010/05/11,0,77000,-284000,-207000
2010/05/12,0,118000,-103000,15000
2010/05/13,0,262000,-130000,132000
2010/05/14,0,136000,-131000,5000
2010/05/17,0,59000,-162000,-103000
2010/05/18,0,96000,-63000,33000
2010/05/19,0,256000,-172000,84000
2010/05/20,0,124000,-195000,-71000
2010/05/21,0,167000,-260000,-93000
2010/05/24,0,129000,-118000,11000
2010/05/25,0,116000,-251000,-135000
2010/05/26,0,126000,-83000,43000
2010/05/27,0,154000,-77000,77000
2010/05/28,0,92000,-184000,-92000
2010/05/31,0,49000,-81000,-32000
2010/06/01,0,39000,-156000,-117000
2010/06/02,0,130000,-224000,-94000
2010/06/03,0,288000,-125000,163000
2010/06/04,0,46000,-108000,-62000
2010/06/07,0,97000,-248000,-151000
2010/06/08,0,76000,-128000,-52000
2010/06/09,0,62000,-256000,-194000
2010/06/10,0,51000,-42000,9000
2010/06/11,0,242000,-35000,207000
2010/06/14,0,181000,-108000,73000
2010/06/15,0,354000,-105000,249000
2010/06/16,0,0,0,0
2010/06/17,0,437000,-83000,354000
2010/06/18,0,119000,-139000,-20000
2010/06/21,0,129000,-257000,-128000
2010/06/22,0,37000,-64000,-27000
2010/06/23,0,77000,-45000,32000
2010/06/24,0,86000,-33000,53000
2010/06/25,0,86000,-193000,-107000
2010/06/28,0,242000,-69000,173000
2010/06/29,0,143000,-32000,111000
2010/06/30,0,340000,-56000,284000
2010/07/01,0,403000,-129000,274000
2010/07/02,0,584000,-106000,478000
2010/07/05,0,374000,-288000,86000
2010/07/06,0,515000,-157000,358000
2010/07/07,0,149000,-310000,-161000
2010/07/08,0,278000,-356987,-78987
2010/07/09,0,290000,-378000,-88000
2010/07/12,0,67000,-272000,-205000
2010/07/13,0,159000,-207000,-48000
2010/07/14,0,314000,-191000,123000
2010/07/15,0,83000,-162000,-79000
2010/07/16,0,87000,-131000,-44000
2010/07/19,0,109000,-130000,-21000
2010/07/20,0,154000,-47000,107000
2010/07/21,0,223000,-164000,59000
2010/07/22,0,90000,-97000,-7000
2010/07/23,0,429000,-85000,344000
2010/07/26,0,728000,-190000,538000
2010/07/27,0,843000,-202000,641000
2010/07/28,0,493000,-794000,-301000
2010/07/29,0,316000,-591000,-275000
2010/07/30,0,301000,-258000,43000
2010/08/02,0,767000,-323000,444000
2010/08/03,0,562000,-355000,207000
2010/08/04,0,209000,-161000,48000
2010/08/05,0,48000,-460000,-412000
2010/08/06,0,203000,-226000,-23000
2010/08/09,0,593000,-182000,411000
2010/08/10,0,86000,-255000,-169000
2010/08/11,0,145000,-69000,76000
2010/08/12,0,137000,-93000,44000
2010/08/13,0,276000,-135000,141000
2010/08/16,0,138251,-152000,-13749
2010/08/17,0,143000,-88000,55000
2010/08/18,0,420534,-78000,342534
2010/08/19,0,381000,-82000,299000
2010/08/20,0,150000,-266000,-116000
2010/08/23,0,117000,-650000,-533000
2010/08/24,0,150000,-130000,20000
2010/08/25,0,199000,-484000,-285000
2010/08/26,0,190000,-323000,-133000
2010/08/27,0,177000,-144185,32815
2010/08/30,0,351357,-158120,193237
2010/08/31,0,249000,-133161,115839
2010/09/01,0,95000,-70516,24484
2010/09/02,0,159000,-212209,-53209
2010/09/03,0,1442000,-277139,1164861
2010/09/06,0,504257,-543000,-38743
2010/09/07,0,102000,-606000,-504000
2010/09/08,0,225000,-132000,93000
2010/09/09,0,341000,-503175,-162175
2010/09/10,0,800000,-89000,711000
2010/09/13,0,532000,-264000,268000
2010/09/14,0,503000,-1090040,-587040
2010/09/15,0,330000,-660000,-330000
2010/09/16,0,586000,-226326,359674
2010/09/17,0,479000,-269000,210000
2010/09/20,0,103000,-325000,-222000
2010/09/21,0,509000,-99000,410000
2010/09/22,0,0,0,0
2010/09/23,0,278000,-296000,-18000
2010/09/24,0,456000,-372000,84000
2010/09/27,0,151000,-162000,-11000
2010/09/28,0,668163,-137000,531163
2010/09/29,0,293000,-350000,-57000
2010/09/30,0,260000,-622000,-362000
2010/10/01,0,820000,-241000,579000
2010/10/04,0,310000,-767000,-457000
2010/10/05,0,474000,-835000,-361000
2010/10/06,0,414000,-522641,-108641
2010/10/07,0,324000,-198205,125795
2010/10/08,0,555000,-579000,-24000
2010/10/11,0,104000,-89000,15000
2010/10/12,0,109000,-381000,-272000
2010/10/13,0,290000,-84000,206000
2010/10/14,0,459000,-282000,177000
2010/10/15,0,358000,-1170000,-812000
2010/10/18,0,219000,-499030,-280030
2010/10/19,0,591000,-297000,294000
2010/10/20,0,618000,-282000,336000
2010/10/21,0,93000,-555000,-462000
2010/10/22,0,220000,-221000,-1000
2010/10/25,0,364000,-126000,238000
2010/10/26,0,95000,-147000,-52000
2010/10/27,0,68000,-512000,-444000
2010/10/28,0,438000,-128206,309794
2010/10/29,0,118000,-173000,-55000
2010/11/01,0,882000,-442045,439955
2010/11/02,0,321000,-579020,-258020
2010/11/03,0,354000,-270000,84000
2010/11/04,0,973000,-239125,733875
2010/11/05,0,237000,-399000,-162000
2010/11/08,0,112000,-673000,-561000
2010/11/09,0,146111,-394000,-247889
2010/11/10,0,177000,-169000,8000
2010/11/11,0,315000,-74000,241000
2010/11/12,0,79000,-384000,-305000
2010/11/15,0,203000,-72000,131000
2010/11/16,0,606000,-121000,485000
2010/11/17,0,92000,-246000,-154000
2010/11/18,0,82000,-24000,58000
2010/11/19,0,139000,-74000,65000
2010/11/22,0,975000,-34000,941000
2010/11/23,0,824000,-332000,492000
2010/11/24,0,488000,-190000,298000
2010/11/25,0,131000,-317000,-186000
2010/11/26,0,450000,-311000,139000
2010/11/29,0,167000,-203000,-36000
2010/11/30,0,321000,-405000,-84000
2010/12/01,0,137000,-124041,12959
2010/12/02,0,672000,-169000,503000
2010/12/03,0,3162000,-150420,3011580
2010/12/06,0,593000,-959000,-366000
2010/12/07,0,283000,-887000,-604000
2010/12/08,0,945000,-381000,564000
2010/12/09,0,307000,-271000,36000
2010/12/10,0,281000,-804000,-523000
2010/12/13,0,745500,-263000,482500
2010/12/14,0,943500,-635967,307533
2010/12/15,0,428000,-566000,-138000
2010/12/16,0,150000,-321000,-171000
2010/12/17,0,870000,-373000,497000
2010/12/20,0,304000,-307000,-3000
2010/12/21,0,421000,-111000,310000
2010/12/22,0,352000,-102000,250000
2010/12/23,0,416000,-321000,95000
2010/12/24,0,206000,-835000,-629000
2010/12/27,0,104000,-1353000,-1249000
2010/12/28,0,95000,-341000,-246000
2010/12/29,0,155000,-748298,-593298
2010/12/30,0,81000,-316000,-235000
2010/12/31,0,777000,-180000,597000
2011/01/03,0,195413,-283000,-87587
2011/01/04,0,517000,-160413,356587
2011/01/05,0,243000,-518000,-275000
2011/01/06,0,96000,-843000,-747000
2011/01/07,0,343000,-1752000,-1409000
2011/01/10,0,79000,-468000,-389000
2011/01/11,0,649000,-262110,386890
2011/01/12,0,1310000,-260000,1050000
2011/01/13,0,55000,-254603,-199603
2011/01/14,0,116603,-212000,-95397
2011/01/17,0,31000,-449402,-418402
2011/01/18,0,168000,-128000,40000
2011/01/19,0,69000,-285000,-216000
2011/01/20,0,70000,-63000,7000
2011/01/21,0,135000,-221000,-86000
2011/01/24,0,81000,-107000,-26000
2011/01/25,0,121000,-90000,31000
2011/01/26,0,124000,-73000,51000
2011/01/27,0,579000,-148000,431000
2011/01/28,0,56000,-767000,-711000
2011/01/31,0,0,0,0
2011/02/01,0,0,0,0
2011/02/02,0,0,0,0
2011/02/03,0,0,0,0
2011/02/04,0,0,0,0
2011/02/07,0,0,0,0
2011/02/08,0,113000,-2322000,-2209000
2011/02/09,0,375000,-1779000,-1404000
2011/02/10,0,770000,-198000,572000
2011/02/11,0,68000,-640000,-572000
2011/02/14,0,141000,-67000,74000
2011/02/15,0,253000,-236000,17000
2011/02/16,0,127000,-200000,-73000
2011/02/17,0,89000,-919000,-830000
2011/02/18,0,340000,-42943,297057
2011/02/21,0,45000,-255000,-210000
2011/02/22,0,294000,-403000,-109000
2011/02/23,0,349000,-63000,286000
2011/02/24,0,329000,-27000,302000
2011/02/25,0,563000,-216000,347000
2011/02/28,0,0,0,0
2011/03/01,0,117000,-539000,-422000
2011/03/02,0,1605000,-224000,1381000
2011/03/03,0,404000,-521000,-117000
2011/03/04,0,76000,-535000,-459000
2011/03/07,0,182000,-380992,-198992
2011/03/08,0,520000,-199000,321000
2011/03/09,0,221000,-103000,118000
2011/03/10,0,430000,-8000,422000
2011/03/11,0,134000,-187000,-53000
2011/03/14,0,204000,-458000,-254000
2011/03/15,0,309000,-737000,-428000
2011/03/16,0,687000,-173000,514000
2011/03/17,0,1668000,-191000,1477000
2011/03/18,0,128000,-350000,-222000
2011/03/21,0,105000,-365000,-260000
2011/03/22,0,550000,-248000,302000
2011/03/23,0,97000,-214003,-117003
2011/03/24,0,176000,-301000,-125000
2011/03/25,0,192000,-310000,-118000
2011/03/28,0,200000,-78000,122000
2011/03/29,0,281000,-53000,228000
2011/03/30,0,36000,-338000,-302000
2011/03/31,0,70000,-111000,-41000
2011/04/01,0,347000,-226000,121000
2011/04/04,0,0,0,0
2011/04/05,0,0,0,0
2011/04/06,0,560000,-202000,358000
2011/04/07,0,226000,-276000,-50000
2011/04/08,0,145000,-249000,-104000
2011/04/11,0,164000,-138000,26000
2011/04/12,0,433000,-251000,182000
2011/04/13,0,290000,-118000,172000
2011/04/14,0,63000,-756134,-693134
2011/04/15,0,155000,-129000,26000
2011/04/18,0,93000,-804649,-711649
2011/04/19,0,354000,-385000,-31000
2011/04/20,0,152000,-159000,-7000
2011/04/21,0,145000,-87000,58000
2011/04/22,0,35000,-168000,-133000
2011/04/25,0,69000,-354000,-285000
2011/04/26,0,125500,-196000,-70500
2011/04/27,0,656000,-148000,508000
2011/04/28,0,154000,-424000,-270000
2011/04/29,0,255000,-377000,-122000
2011/05/02,0,0,0,0
2011/05/03,0,1275000,-97886,1177114
2011/05/04,0,276000,-345000,-69000
2011/05/05,0,353000,-94000,259000
2011/05/06,0,403000,-186000,217000
2011/05/09,0,495000,-249000,246000
2011/05/10,0,67000,-261000,-194000
2011/05/11,0,129000,-317682,-188682
2011/05/12,0,267000,-39000,228000
2011/05/13,0,366000,-220000,146000
2011/05/16,0,113000,-287000,-174000
2011/05/17,0,399000,-517000,-118000
2011/05/18,0,183000,-243000,-60000
2011/05/19,0,285000,-442212,-157212
2011/05/20,0,199000,-586000,-387000
2011/05/23,0,708000,-255000,453000
2011/05/24,0,568000,-102000,466000
2011/05/25,0,197000,-319000,-122000
2011/05/26,0,348000,-259000,89000
2011/05/27,0,602000,-154000,448000
2011/05/30,0,465000,-303000,162000
2011/05/31,0,359000,-427008,-68008
2011/06/01,0,760000,-170000,590000
2011/06/02,0,60000,-395000,-335000
2011/06/03,0,128000,-159000,-31000
2011/06/06,0,0,0,0
2011/06/07,0,139000,-477000,-338000
2011/06/08,0,100000,-169000,-69000
2011/06/09,0,286000,-193000,93000
2011/06/10,0,571000,-246000,325000
2011/06/13,0,484000,-269000,215000
2011/06/14,0,173000,-200000,-27000
2011/06/15,0,571000,-363000,208000
2011/06/16,0,218000,-880000,-662000
2011/06/17,0,290000,-167000,123000
2011/06/20,0,519000,-455000,64000
2011/06/21,0,1237000,-238000,999000
2011/06/22,0,649000,-378000,271000
2011/06/23,0,324000,-259000,65000
2011/06/24,0,520000,-397000,123000
2011/06/27,0,108000,-517000,-409000
2011/06/28,0,68000,-199000,-131000
2011/06/29,0,789000,-385000,404000
2011/06/30,0,238000,-449000,-211000
2011/07/01,0,328000,-207000,121000
2011/07/04,0,179000,-419000,-240000
2011/07/05,0,377000,-296000,81000
2011/07/06,0,1545000,-101000,1444000
2011/07/07,0,3428900,-95000,3333900
2011/07/08,0,305000,-1896000,-1591000
2011/07/11,0,107000,-1515000,-1408000
2011/07/12,0,511000,-2015900,-1504900
2011/07/13,0,468000,-976000,-508000
2011/07/14,0,890000,-44000,846000
2011/07/15,0,773000,-361000,412000
2011/07/18,0,108000,-508870,-400870
2011/07/19,0,784507,-122000,662507
2011/07/20,0,1494000,-507000,987000
2011/07/21,0,243000,-322000,-79000
2011/07/22,0,1128000,-473000,655000
2011/07/25,0,248000,-570000,-322000
2011/07/26,0,1025000,-130754,894246
2011/07/27,0,330000,-583000,-253000
2011/07/28,0,402000,-1205000,-803000
2011/07/29,0,420000,-943000,-523000
2011/08/01,0,525000,-471000,54000
2011/08/02,0,697000,-197000,500000
2011/08/03,0,525000,-396000,129000
2011/08/04,0,420000,-914000,-494000
2011/08/05,0,665000,-975000,-310000
2011/08/08,0,1206000,-286000,920000
2011/08/09,0,2046000,-298008,1747992
2011/08/10,0,748000,-691737,56263
2011/08/11,0,609000,-382000,227000
2011/08/12,0,316000,-1364000,-1048000
2011/08/15,0,645000,-217000,428000
2011/08/16,0,77000,-495000,-418000
2011/08/17,0,459000,-535000,-76000
2011/08/18,0,335000,-359000,-24000
2011/08/19,0,511000,-686000,-175000
2011/08/22,0,1956000,-403000,1553000
2011/08/23,0,765000,-507000,258000
2011/08/24,0,1078000,-1257000,-179000
2011/08/25,0,560000,-1293000,-733000
2011/08/26,0,866000,-370000,496000
2011/08/29,0,432000,-356000,76000
2011/08/30,0,778000,-717000,61000
2011/08/31,0,235000,-426000,-191000
2011/09/01,0,367000,-567000,-200000
2011/09/02,0,277000,-307000,-30000
2011/09/05,0,350000,-464000,-114000
2011/09/06,0,560000,-857000,-297000
2011/09/07,0,809000,-86000,723000
2011/09/08,0,230000,-204000,26000
2011/09/09,0,297000,-212000,85000
2011/09/12,0,0,0,0
2011/09/13,0,193000,-232000,-39000
2011/09/14,0,744000,-1041000,-297000
2011/09/15,0,1487000,-469000,1018000
2011/09/16,0,1040000,-891000,149000
2011/09/19,0,242000,-520000,-278000
2011/09/20,0,740000,-886000,-146000
2011/09/21,0,789000,-1586000,-797000
2011/09/22,0,663000,-979000,-316000
2011/09/23,0,823000,-1001000,-178000
2011/09/26,0,484000,-979000,-495000
2011/09/27,0,989000,-370000,619000
2011/09/28,0,681000,-463000,218000
2011/09/29,0,166000,-476000,-310000
2011/09/30,0,275000,-253000,22000
2011/10/03,0,388000,-526000,-138000
2011/10/04,0,583000,-427000,156000
2011/10/05,0,336000,-282921,53079
2011/10/06,0,345000,-226000,119000
2011/10/07,0,676000,-1053316,-377316
2011/10/10,0,0,0,0
2011/10/11,0,250000,-249000,1000
2011/10/12,0,567000,-219000,348000
2011/10/13,0,435000,-538000,-103000
2011/10/14,0,445000,-564000,-119000
2011/10/17,0,261000,-255000,6000
2011/10/18,0,498000,-209078,288922
2011/10/19,0,408000,-639000,-231000
2011/10/20,0,342000,-318000,24000
2011/10/21,0,732000,-672000,60000
2011/10/24,0,1088000,-185000,903000
2011/10/25,0,278000,-499000,-221000
2011/10/26,0,653000,-525000,128000
2011/10/27,0,425000,-722000,-297000
2011/10/28,0,472000,-501000,-29000
2011/10/31,0,701000,-442284,258716
2011/11/01,0,457000,-245000,212000
2011/11/02,0,536000,-212000,324000
2011/11/03,0,349000,-603000,-254000
2011/11/04,0,491000,-418000,73000
2011/11/07,0,76000,-126000,-50000
2011/11/08,0,95000,-125000,-30000
2011/11/09,0,143000,-118000,25000
2011/11/10,0,317000,-453000,-136000
2011/11/11,0,561000,-239000,322000
2011/11/14,0,311000,-115000,196000
2011/11/15,0,141000,-205000,-64000
2011/11/16,0,63000,-407000,-344000
2011/11/17,0,210000,-279000,-69000
2011/11/18,0,246000,-228000,18000
2011/11/21,0,395000,-392168,2832
2011/11/22,0,365000,-633000,-268000
2011/11/23,0,196000,-357000,-161000
2011/11/24,0,769000,-1178723,-409723
2011/11/25,0,463000,-415000,48000
2011/11/28,0,512000,-382000,130000
2011/11/29,0,240279,-264000,-23721
2011/11/30,0,316000,-239000,77000
2011/12/01,0,916000,-121267,794733
2011/12/02,0,132000,-202000,-70000
2011/12/05,0,53000,-330000,-277000
2011/12/06,0,66000,-1157000,-1091000
2011/12/07,0,469300,-386000,83300
2011/12/08,0,354000,-397000,-43000
2011/12/09,0,557000,-326000,231000
2011/12/12,0,160000,-151000,9000
2011/12/13,0,328000,-162000,166000
2011/12/14,0,149000,-129000,20000
2011/12/15,0,197000,-631300,-434300
2011/12/16,0,255000,-138000,117000
2011/12/19,0,172000,-484000,-312000
2011/12/20,0,326000,-126000,200000
2011/12/21,0,615000,-58000,557000
2011/12/22,0,174000,-34000,140000
2011/12/23,0,1288000,-205000,1083000
2011/12/26,0,128000,-208000,-80000
2011/12/27,0,313000,-199000,114000
2011/12/28,0,380000,-300457,79543
2011/12/29,0,118000,-183000,-65000
2011/12/30,0,400000,-408000,-8000
2012/01/02,0,119000,-332000,-213000
2012/01/03,0,182000,-498000,-316000
2012/01/04,0,138000,-327000,-189000
2012/01/05,0,234000,-25371,208629
2012/01/06,0,84000,-111000,-27000
2012/01/09,0,129000,-482000,-353000
2012/01/10,0,116000,-132000,-16000
2012/01/11,0,134200,-65000,69200
2012/01/12,0,142000,-279000,-137000
2012/01/13,0,124500,-185000,-60500
2012/01/16,0,222000,-751700,-529700
2012/01/17,0,284000,-344000,-60000
2012/01/18,0,114000,-192000,-78000
2012/01/19,0,0,0,0
2012/01/20,0,0,0,0
2012/01/23,0,0,0,0
2012/01/24,0,0,0,0
2012/01/25,0,0,0,0
2012/01/26,0,0,0,0
2012/01/27,0,0,0,0
2012/01/30,0,899800,-110000,789800
2012/01/31,0,926000,-345800,580200
2012/02/01,0,420000,-241000,179000
2012/02/02,0,430000,-226000,204000
2012/02/03,0,640000,-538000,102000
2012/02/06,0,90000,-933000,-843000
2012/02/07,0,232000,-479000,-247000
2012/02/08,0,441000,-74000,367000
2012/02/09,0,336000,-175000,161000
2012/02/10,0,466000,-440000,26000
2012/02/13,0,1904000,-139000,1765000
2012/02/14,0,729000,-1049000,-320000
2012/02/15,0,181000,-256000,-75000
2012/02/16,0,165000,-782000,-617000
2012/02/17,0,242000,-247000,-5000
2012/02/20,0,251000,-211000,40000
2012/02/21,0,121000,-200000,-79000
2012/02/22,0,506000,-430000,76000
2012/02/23,0,183000,-493000,-310000
2012/02/24,0,104000,-305000,-201000
2012/02/27,0,0,0,0
2012/02/28,0,0,0,0
2012/02/29,0,374010,-202000,172010
2012/03/01,0,381000,-130000,251000
2012/03/02,0,1085000,-552000,533000
2012/03/05,0,86000,-514000,-428000
2012/03/06,0,267000,-239000,28000
2012/03/07,0,582000,-413000,169000
2012/03/08,0,122000,-233000,-111000
2012/03/09,0,212000,-391000,-179000
2012/03/12,0,110000,-417261,-307261
2012/03/13,0,126000,-386000,-260000
2012/03/14,0,115000,-100000,15000
2012/03/15,0,465000,-60000,405000
2012/03/16,0,84000,-201000,-117000
2012/03/19,0,67000,-339000,-272000
2012/03/20,0,72000,-158000,-86000
2012/03/21,0,77000,-410000,-333000
2012/03/22,0,98000,-193000,-95000
2012/03/23,0,214000,-169000,45000
2012/03/26,0,255000,-103000,152000
2012/03/27,0,120000,-136000,-16000
2012/03/28,0,203000,-1740000,-1537000
2012/03/29,0,200000,-578013,-378013
2012/03/30,0,236000,-90000,146000
2012/04/02,0,37000,-262000,-225000
2012/04/03,0,132000,-218000,-86000
2012/04/04,0,0,0,0
2012/04/05,0,153000,-74000,79000
2012/04/06,0,239000,-133000,106000
2012/04/09,0,133000,-108000,25000
2012/04/10,0,51000,-210000,-159000
2012/04/11,0,83000,-18000,65000
2012/04/12,0,42000,-104000,-62000
2012/04/13,0,64000,-146000,-82000
2012/04/16,0,324000,-94000,230000
2012/04/17,0,206000,-349000,-143000
2012/04/18,0,171000,-191000,-20000
2012/04/19,0,147000,-141000,6000
2012/04/20,0,63000,-816000,-753000
2012/04/23,0,315000,-99000,216000
2012/04/24,0,199000,-192000,7000
2012/04/25,0,269000,-64000,205000
2012/04/26,0,95013,-292211,-197198
2012/04/27,0,130000,-759000,-629000
2012/04/30,0,686300,-52000,634300
2012/05/01,0,0,0,0
2012/05/02,0,692000,-113000,579000
2012/05/03,0,109000,-295000,-186000
2012/05/04,0,220000,-149000,71000
2012/05/07,0,212000,-205000,7000
2012/05/08,0,166000,-273995,-107995
2012/05/09,0,188000,-168328,19672
2012/05/10,0,150000,-158000,-8000
2012/05/11,0,100000,-111000,-11000
2012/05/14,0,106000,-126000,-20000
2012/05/15,0,281000,-53000,228000
2012/05/16,0,232000,-291000,-59000
2012/05/17,0,383000,-101000,282000
2012/05/18,0,183000,-469000,-286000
2012/05/21,0,206000,-119000,87000
2012/05/22,0,115000,-71000,44000
2012/05/23,0,190000,-551000,-361000
2012/05/24,0,196000,-89000,107000
2012/05/25,0,96000,-54000,42000
2012/05/28,0,211000,-130000,81000
2012/05/29,0,580000,-151000,429000
2012/05/30,0,218000,-351000,-133000
2012/05/31,0,130500,-188000,-57500
2012/06/01,0,161000,-357000,-196000
2012/06/04,0,359000,-162000,197000
2012/06/05,0,71000,-103400,-32400
2012/06/06,0,91000,-99000,-8000
2012/06/07,0,275000,-87000,188000
2012/06/08,0,97000,-185000,-88000
2012/06/11,0,131000,-65000,66000
2012/06/12,0,98000,-154000,-56000
2012/06/13,0,153000,-143000,10000
2012/06/14,0,309000,-245000,64000
2012/06/15,0,846900,-151000,695900
2012/06/18,0,573000,-141000,432000
2012/06/19,0,382000,-68600,313400
2012/06/20,0,212300,-140000,72300
2012/06/21,0,351000,-81000,270000
2012/06/22,0,131000,-179000,-48000
2012/06/25,0,337300,-342000,-4700
2012/06/26,0,203000,-605000,-402000
2012/06/27,0,235000,-76000,159000
2012/06/28,0,92000,-99000,-7000
2012/06/29,0,240000,-228000,12000
2012/07/02,0,209000,-261000,-52000
2012/07/03,0,214000,-153000,61000
2012/07/04,0,162000,-55000,107000
2012/07/05,0,91000,-53000,38000
2012/07/06,0,103000,-187000,-84000
2012/07/09,0,131000,-118000,13000
2012/07/10,0,110000,-982000,-872000
2012/07/11,0,97000,-179000,-82000
2012/07/12,0,241000,-164000,77000
2012/07/13,0,993000,-81000,912000
2012/07/16,0,117000,-547800,-430800
2012/07/17,0,186000,-87000,99000
2012/07/18,0,204000,-174000,30000
2012/07/19,0,138000,-63000,75000
2012/07/20,0,72000,-153000,-81000
2012/07/23,0,91000,-125000,-34000
2012/07/24,0,124000,-74000,50000
2012/07/25,0,69000,-80000,-11000
2012/07/26,0,70000,-134000,-64000
2012/07/27,0,341000,-75000,266000
2012/07/30,0,288000,-29000,259000
2012/07/31,0,583000,-134000,449000
2012/08/01,0,459000,-655000,-196000
2012/08/02,0,0,0,0
2012/08/03,0,277000,-592000,-315000
2012/08/06,0,262000,-337000,-75000
2012/08/07,0,178000,-364000,-186000
2012/08/08,0,317150,-258000,59150
2012/08/09,0,1042850,-220000,822850
2012/08/10,0,527000,-232000,295000
2012/08/13,0,696000,-964000,-268000
2012/08/14,0,326000,-743000,-417000
2012/08/15,0,405000,-234000,171000
2012/08/16,0,997000,-261000,736000
2012/08/17,0,374000,-336000,38000
2012/08/20,0,160000,-264000,-104000
2012/08/21,0,253000,-689000,-436000
2012/08/22,0,211000,-427000,-216000
2012/08/23,0,349000,-368000,-19000
2012/08/24,0,394450,-298000,96450
2012/08/27,0,66000,-396000,-330000
2012/08/28,0,74000,-482000,-408000
2012/08/29,0,211000,-152000,59000
2012/08/30,0,107000,-222000,-115000
2012/08/31,0,86000,-121000,-35000
2012/09/03,0,226000,-336114,-110114
2012/09/04,0,290000,-279000,11000
2012/09/05,0,231000,-209000,22000
2012/09/06,0,116000,-792000,-676000
2012/09/07,0,650000,-523000,127000
2012/09/10,0,280000,-258000,22000
2012/09/11,0,50600,-151000,-100400
2012/09/12,0,265000,-79000,186000
2012/09/13,0,176400,-91000,85400
2012/09/14,0,483000,-248000,235000
2012/09/17,0,150000,-436000,-286000
2012/09/18,0,912000,-146000,766000
2012/09/19,0,1098000,-292498,805502
2012/09/20,0,635000,-144000,491000
2012/09/21,0,436000,-1076000,-640000
2012/09/24,0,900000,-250000,650000
2012/09/25,0,55000,-371000,-316000
2012/09/26,0,213000,-589000,-376000
2012/09/27,0,157000,-397000,-240000
2012/09/28,0,415000,-1030000,-615000
2012/10/01,0,247000,-329000,-82000
2012/10/02,0,427000,-525000,-98000
2012/10/03,0,72000,-181000,-109000
2012/10/04,0,149000,-218000,-69000
2012/10/05,0,520000,-809000,-289000
2012/10/08,0,34000,-597000,-563000
2012/10/09,0,137000,-656000,-519000
2012/10/10,0,0,0,0
2012/10/11,0,140000,-408000,-268000
2012/10/12,0,64000,-158000,-94000
2012/10/15,0,371000,-322000,49000
2012/10/16,0,392000,-274000,118000
2012/10/17,0,379000,-336000,43000
2012/10/18,0,541000,-148000,393000
2012/10/19,0,210000,-162000,48000
2012/10/22,0,225000,-79000,146000
2012/10/23,0,187000,-173486,13514
2012/10/24,0,401000,-153000,248000
2012/10/25,0,244000,-754000,-510000
2012/10/26,0,147000,-274000,-127000
2012/10/29,0,887000,-369000,518000
2012/10/30,0,234000,-800000,-566000
2012/10/31,0,109000,-337000,-228000
2012/11/01,0,226000,-144000,82000
2012/11/02,0,95000,-233000,-138000
2012/11/05,0,88000,-407000,-319000
2012/11/06,0,403000,-690000,-287000
2012/11/07,0,361000,-293000,68000
2012/11/08,0,165000,-216000,-51000
2012/11/09,0,501000,-223000,278000
2012/11/12,0,195000,-119000,76000
2012/11/13,0,102000,-196000,-94000
2012/11/14,0,117000,-603000,-486000
2012/11/15,0,135000,-93000,42000
2012/11/16,0,75000,-189912,-114912
2012/11/19,0,97000,-273000,-176000
2012/11/20,0,31000,-449000,-418000
2012/11/21,0,338000,-76000,262000
2012/11/22,0,196000,-28000,168000
2012/11/23,0,323000,-323000,0
2012/11/26,0,365000,-140000,225000
2012/11/27,0,189000,-118000,71000
2012/11/28,0,181000,-62000,119000
2012/11/29,0,259000,-225000,34000
2012/11/30,0,633000,-180000,453000
2012/12/03,0,438000,-123000,315000
2012/12/04,0,226000,-122000,104000
2012/12/05,0,245000,-185000,60000
2012/12/06,0,330000,-659000,-329000
2012/12/07,0,473000,-120000,353000
2012/12/10,0,441000,-314000,127000
2012/12/11,0,327000,-175471,151529
2012/12/12,0,1160000,-261000,899000
2012/12/13,0,744000,-654000,90000
2012/12/14,0,321000,-132000,189000
2012/12/17,0,146000,-575000,-429000
2012/12/18,0,182000,-169000,13000
2012/12/19,0,395000,-342133,52867
2012/12/20,0,218000,-151000,67000
2012/12/21,0,293000,-268000,25000
2012/12/24,0,143000,-82000,61000
2012/12/25,0,295000,-109000,186000
2012/12/26,0,254000,-75000,179000
2012/12/27,0,151000,-214000,-63000
2012/12/28,0,103000,-311000,-208000
2012/12/31,0,0,0,0
2013/01/01,0,0,0,0
2013/01/02,0,186000,-325000,-139000
2013/01/03,0,195000,-191000,4000
2013/01/04,0,372036,-694000,-321964
2013/01/07,0,323000,-470000,-147000
2013/01/08,0,528000,-254000,274000
2013/01/09,0,213000,-158000,55000
2013/01/10,0,124000,-738000,-614000
2013/01/11,0,84000,-175000,-91000
2013/01/14,0,138000,-171000,-33000
2013/01/15,0,66000,-167000,-101000
2013/01/16,0,488000,-340000,148000
2013/01/17,0,66000,-316000,-250000
2013/01/18,0,105000,-219000,-114000
2013/01/21,0,393000,-254000,139000
2013/01/22,0,16000,-317000,-301000
2013/01/23,0,155000,-59000,96000
2013/01/24,0,124000,-132000,-8000
2013/01/25,0,200000,-185000,15000
2013/01/28,0,90000,-152000,-62000
2013/01/29,0,55000,-188000,-133000
2013/01/30,0,120000,-154000,-34000
2013/01/31,0,240000,-125000,115000
2013/02/01,0,150000,-57000,93000
2013/02/04,0,210000,-229000,-19000
2013/02/05,0,323000,-231000,92000
2013/02/06,0,225000,-451000,-226000
2013/02/07,0,0,0,0
2013/02/08,0,0,0,0
2013/02/11,0,0,0,0
2013/02/12,0,0,0,0
2013/02/13,0,0,0,0
2013/02/14,0,0,0,0
2013/02/15,0,0,0,0
2013/02/18,0,263000,-285000,-22000
2013/02/19,0,139000,-89000,50000
2013/02/20,0,483000,-125000,358000
2013/02/21,0,270000,-197000,73000
2013/02/22,0,203000,-166000,37000
2013/02/25,0,1679000,-250000,1429000
2013/02/26,0,239000,-488000,-249000
2013/02/27,0,210000,-191000,19000
2013/02/28,0,0,0,0
2013/03/01,0,298000,-378000,-80000
2013/03/04,0,301000,-167000,134000
2013/03/05,0,570000,-401000,169000
2013/03/06,0,95000,-429000,-334000
2013/03/07,0,95000,-277000,-182000
2013/03/08,0,440000,-213000,227000
2013/03/11,0,97000,-261000,-164000
2013/03/12,0,1112000,-323000,789000
2013/03/13,0,278000,-483000,-205000
2013/03/14,0,246000,-712000,-466000
2013/03/15,0,219000,-374338,-155338
2013/03/18,0,210000,-260000,-50000
2013/03/19,0,553000,-352000,201000
2013/03/20,0,424000,-147000,277000
2013/03/21,0,349000,-289000,60000
2013/03/22,0,232000,-217484,14516
2013/03/25,0,309000,-316000,-7000
2013/03/26,0,291000,-338000,-47000
2013/03/27,0,209000,-235000,-26000
2013/03/28,0,156000,-241000,-85000
2013/03/29,0,241000,-86000,155000
2013/04/01,0,190000,-109000,81000
2013/04/02,0,702000,-525000,177000
2013/04/03,0,580000,-788000,-208000
2013/04/04,0,0,0,0
2013/04/05,0,0,0,0
2013/04/08,0,549000,-388000,161000
2013/04/09,0,144000,-837000,-693000
2013/04/10,0,275000,-605000,-330000
2013/04/11,0,108000,-363287,-255287
2013/04/12,0,141000,-373000,-232000
2013/04/15,0,93000,-594000,-501000
2013/04/16,0,370000,-361000,9000
2013/04/17,0,386000,-267000,119000
2013/04/18,0,182000,-242000,-60000
2013/04/19,0,566000,-206000,360000
2013/04/22,0,747000,-530000,217000
2013/04/23,0,236000,-320000,-84000
2013/04/24,0,144000,-334000,-190000
2013/04/25,0,321000,-166000,155000
2013/04/26,0,265000,-571000,-306000
2013/04/29,0,335000,-255000,80000
2013/04/30,0,544000,-139000,405000
2013/05/01,0,0,0,0
2013/05/02,0,803000,-389000,414000
2013/05/03,0,211000,-432000,-221000
2013/05/06,0,1172000,-110000,1062000
2013/05/07,0,417000,-1570000,-1153000
2013/05/08,0,357000,-665000,-308000
2013/05/09,0,8000,-391000,-383000
2013/05/10,0,125000,-447000,-322000
2013/05/13,0,115000,-123000,-8000
2013/05/14,0,203000,-94000,109000
2013/05/15,0,462000,-161000,301000
2013/05/16,0,575000,-232000,343000
2013/05/17,0,141000,-536000,-395000
2013/05/20,0,74000,-269000,-195000
2013/05/21,0,133000,-239000,-106000
2013/05/22,0,180000,-367000,-187000
2013/05/23,0,164000,-484000,-320000
2013/05/24,0,509000,-372000,137000
2013/05/27,0,564000,-121000,443000
2013/05/28,0,344000,-100000,244000
2013/05/29,0,150000,-110000,40000
2013/05/30,0,117000,-269827,-152827
2013/05/31,0,182000,-507000,-325000
2013/06/03,0,114000,-97000,17000
2013/06/04,0,192000,-51000,141000
2013/06/05,0,181000,-151000,30000
2013/06/06,0,35000,-165000,-130000
2013/06/07,0,275000,-204000,71000
2013/06/10,0,209000,-237000,-28000
2013/06/11,0,350000,-338000,12000
2013/06/12,0,0,0,0
2013/06/13,0,335000,-215000,120000
2013/06/14,0,239000,-333000,-94000
2013/06/17,0,388000,-122000,266000
2013/06/18,0,348000,-108000,240000
2013/06/19,0,425000,-262000,163000
2013/06/20,0,195000,-252000,-57000
2013/06/21,0,330000,-1086000,-756000
2013/06/24,0,373000,-560000,-187000
2013/06/25,0,632000,-398000,234000
2013/06/26,0,683000,-744000,-61000
2013/06/27,0,331000,-450000,-119000
2013/06/28,0,144000,-390000,-246000
2013/07/01,0,418000,-115000,303000
2013/07/02,0,274000,-328000,-54000
2013/07/03,0,105000,-300000,-195000
2013/07/04,0,918000,-94000,824000
2013/07/05,0,487000,-200000,287000
2013/07/08,0,213000,-417000,-204000
2013/07/09,0,226000,-290000,-64000
2013/07/10,0,33000,-502000,-469000
2013/07/11,0,404000,-297000,107000
2013/07/12,0,592000,-288000,304000
2013/07/15,0,962000,-149000,813000
2013/07/16,0,210000,-670000,-460000
2013/07/17,0,466000,-507000,-41000
2013/07/18,0,214000,-300000,-86000
2013/07/19,0,525000,-240000,285000
2013/07/22,0,275000,-197000,78000
2013/07/23,0,727000,-272000,455000
2013/07/24,0,112000,-356000,-244000
2013/07/25,0,467000,-201000,266000
2013/07/26,0,260000,-446000,-186000
2013/07/29,0,264000,-198000,66000
2013/07/30,0,88000,-163000,-75000
2013/07/31,0,505000,-180000,325000
2013/08/01,0,426000,-271000,155000
2013/08/02,0,312000,-233000,79000
2013/08/05,0,210000,-438000,-228000
2013/08/06,0,142000,-266000,-124000
2013/08/07,0,90000,-76000,14000
2013/08/08,0,270000,-145000,125000
2013/08/09,0,134000,-209000,-75000
2013/08/12,0,78000,-166002,-88002
2013/08/13,0,878000,-134000,744000
2013/08/14,0,137000,-82000,55000
2013/08/15,0,39000,-310000,-271000
2013/08/16,0,201000,-221000,-20000
2013/08/19,0,711000,-288000,423000
2013/08/20,0,146000,-470000,-324000
2013/08/21,0,0,0,0
2013/08/22,0,426000,-141000,285000
2013/08/23,0,140000,-178538,-38538
2013/08/26,0,134000,-106000,28000
2013/08/27,0,174000,-400000,-226000
2013/08/28,0,178000,-164000,14000
2013/08/29,0,281000,-314000,-33000
2013/08/30,0,360000,-147000,213000
2013/09/02,0,132000,-284000,-152000
2013/09/03,0,374000,-161000,213000
2013/09/04,0,258070,-33000,225070
2013/09/05,0,219000,-106000,113000
2013/09/06,0,253000,-227000,26000
2013/09/09,0,56000,-238000,-182000
2013/09/10,0,129000,-192000,-63000
2013/09/11,0,114000,-329000,-215000
2013/09/12,0,365000,-113000,252000
2013/09/13,0,78000,-191000,-113000
2013/09/16,0,33000,-240000,-207000
2013/09/17,0,24000,-89000,-65000
2013/09/18,0,89000,-267000,-178000
2013/09/19,0,0,0,0
2013/09/20,0,0,0,0
2013/09/23,0,71000,-89000,-18000
2013/09/24,0,122000,-54000,68000
2013/09/25,0,76000,-69000,7000
2013/09/26,0,78000,-187000,-109000
2013/09/27,0,27000,-73000,-46000
2013/09/30,0,140000,-86000,54000
2013/10/01,0,8000,-76000,-68000
2013/10/02,0,235000,-168000,67000
2013/10/03,0,728000,-142000,586000
2013/10/04,0,113000,-467000,-354000
2013/10/07,0,74000,-375000,-301000
2013/10/08,0,398000,-183000,215000
2013/10/09,0,201997,-311000,-109003
2013/10/10,0,0,0,0
2013/10/11,0,171000,-388000,-217000
2013/10/14,0,128000,-397000,-269000
2013/10/15,0,780000,-176000,604000
2013/10/16,0,73000,-480000,-407000
2013/10/17,0,135000,-533000,-398000
2013/10/18,0,33000,-240000,-207000
2013/10/21,0,374000,-47000,327000
2013/10/22,0,455000,-254000,201000
2013/10/23,0,223000,-302000,-79000
2013/10/24,0,510000,-147000,363000
2013/10/25,0,180000,-497000,-317000
2013/10/28,0,327000,-89000,238000
2013/10/29,0,538000,-142000,396000
2013/10/30,0,183000,-120000,63000
2013/10/31,0,520000,-113000,407000
2013/11/01,0,206000,-654000,-448000
2013/11/04,0,288000,-1140000,-852000
2013/11/05,0,260000,-843000,-583000
2013/11/06,0,854000,-121000,733000
2013/11/07,0,109000,-404000,-295000
2013/11/08,0,200000,-139000,61000
2013/11/11,0,316000,-32000,284000
2013/11/12,0,676000,-303000,373000
2013/11/13,0,346000,-237000,109000
2013/11/14,0,605000,-135000,470000
2013/11/15,0,387000,-152000,235000
2013/11/18,0,191000,-84000,107000
2013/11/19,0,1174000,-204000,970000
2013/11/20,0,505000,-427000,78000
2013/11/21,0,347000,-416000,-69000
2013/11/22,0,254000,-290000,-36000
2013/11/25,0,220000,-343000,-123000
2013/11/26,0,324000,-350000,-26000
2013/11/27,0,104000,-401000,-297000
2013/11/28,0,180000,-335000,-155000
2013/11/29,0,64000,-278000,-214000
2013/12/02,0,83000,-176851,-93851
2013/12/03,0,385000,-244000,141000
2013/12/04,0,87994,-294000,-206006
2013/12/05,0,110000,-146000,-36000
2013/12/06,0,113000,-554000,-441000
2013/12/09,0,127000,-134000,-7000
2013/12/10,0,182000,-111000,71000
2013/12/11,0,66000,-250719,-184719
2013/12/12,0,244000,-526000,-282000
2013/12/13,0,611000,-103000,508000
2013/12/16,0,78000,-220000,-142000
2013/12/17,0,137000,-116000,21000
2013/12/18,0,51000,-226000,-175000
2013/12/19,0,242000,-298000,-56000
2013/12/20,0,249000,-585000,-336000
2013/12/23,0,151000,-249000,-98000
2013/12/24,0,137000,-137000,0
2013/12/25,0,92000,-187000,-95000
2013/12/26,0,30000,-180000,-150000
2013/12/27,0,366000,-250229,115771
2013/12/30,0,479000,-380000,99000
2013/12/31,0,192000,-377000,-185000
2014/01/02,0,251000,-232000,19000
2014/01/03,0,141000,-151000,-10000
2014/01/06,0,108000,-172000,-64000
2014/01/07,0,1009000,-415000,594000
2014/01/08,0,780000,-324000,456000
2014/01/09,0,115000,-115000,0
2014/01/10,0,103000,-556000,-453000
2014/01/13,0,85000,-342000,-257000
2014/01/14,0,222000,-361000,-139000
2014/01/15,0,405000,-334000,71000
2014/01/16,0,128000,-227000,-99000
2014/01/17,0,90000,-95000,-5000
2014/01/20,0,309000,-110000,199000
2014/01/21,0,669000,-857000,-188000
2014/01/22,0,658000,-328000,330000
2014/01/23,0,45000,-498000,-453000
2014/01/24,0,142000,-481000,-339000
2014/01/27,0,333000,-673000,-340000
2014/02/05,0,592000,-309000,283000
2014/02/06,0,197000,-294454,-97454
2014/02/07,0,187000,-314000,-127000
2014/02/10,0,82000,-164000,-82000
2014/02/11,0,635000,-217000,418000
2014/02/12,0,837000,-437000,400000
2014/02/13,0,199000,-331000,-132000
2014/02/14,0,148000,-183238,-35238
2014/02/17,0,241000,-118000,123000
2014/02/18,0,53000,-336000,-283000
2014/02/19,0,124292,-284000,-159708
2014/02/20,0,96000,-254000,-158000
2014/02/21,0,337000,-101000,236000
2014/02/24,0,107000,-231000,-124000
2014/02/25,0,1147000,-268000,879000
2014/02/26,0,125000,-691000,-566000
2014/02/27,0,348000,-176000,172000
2014/03/03,0,395992,-692000,-296008
2014/03/04,0,54000,-249000,-195000
2014/03/05,0,216000,-104000,112000
2014/03/06,0,979000,-433000,546000
2014/03/07,0,288000,-921000,-633000
2014/03/10,0,250000,-182000,68000
2014/03/11,0,300000,-115000,185000
2014/03/12,0,306000,-411000,-105000
2014/03/13,0,758000,-290000,468000
2014/03/14,0,187000,-230000,-43000
2014/03/17,0,250000,-148000,102000
2014/03/18,0,317000,-240000,77000
2014/03/19,0,415000,-884804,-469804
2014/03/20,0,416000,-266000,150000
2014/03/21,0,274000,-403000,-129000
2014/03/24,0,215888,-303000,-87112
2014/03/25,0,301991,-130588,171403
2014/03/26,0,330000,-245000,85000
2014/03/27,0,144000,-158000,-14000
2014/03/28,0,281000,-247000,34000
2014/03/31,0,164000,-165000,-1000
2014/04/01,0,426000,-374000,52000
2014/04/02,0,388000,-324000,64000
2014/04/03,0,136000,-471000,-335000
2014/04/07,0,913000,-214000,699000
2014/04/08,0,444000,-678424,-234424
2014/04/09,0,56000,-512000,-456000
2014/04/10,0,234000,-280000,-46000
2014/04/11,0,119000,-141000,-22000
2014/04/14,0,217000,-384000,-167000
2014/04/15,0,78000,-429000,-351000
2014/04/16,0,356000,-353175,2825
2014/04/17,0,575992,-298000,277992
2014/04/18,0,357000,-247620,109380
2014/04/21,0,668000,-293000,375000
2014/04/22,0,310000,-188000,122000
2014/04/23,0,371000,-402000,-31000
2014/04/24,0,348000,-451000,-103000
2014/04/25,0,1093000,-872000,221000
2014/04/28,0,1873000,-636000,1237000
2014/04/29,0,916000,-690000,226000
2014/04/30,0,600000,-365000,235000
2014/05/02,0,988057,-1377000,-388943
2014/05/05,0,846000,-1094000,-248000
2014/05/06,0,1085000,-437622,647378
2014/05/07,0,481000,-377577,103423
2014/05/08,0,492000,-792000,-300000
2014/05/09,0,212000,-411000,-199000
2014/05/12,0,783000,-298000,485000
2014/05/13,0,1087000,-618000,469000
2014/05/14,0,431000,-441000,-10000
2014/05/15,0,290000,-365000,-75000
2014/05/16,0,1343090,-740000,603090
2014/05/19,0,356000,-513000,-157000
2014/05/20,0,322000,-274000,48000
2014/05/21,0,444000,-707000,-263000
2014/05/22,0,663000,-282000,381000
2014/05/23,0,494000,-141000,353000
2014/05/26,0,548000,-154000,394000
2014/05/27,0,322000,-533000,-211000
2014/05/28,0,371480,-363322,8158
2014/05/29,0,465000,-459092,5908
2014/05/30,0,404000,-496000,-92000
2014/06/03,0,473190,-377000,96190
2014/06/04,0,194000,-100000,94000
2014/06/05,0,1048000,-525000,523000
2014/06/06,0,92000,-974000,-882000
2014/06/09,0,380000,-570000,-190000
2014/06/10,0,23000,-455708,-432708
2014/06/11,0,96000,-165000,-69000
2014/06/12,0,258000,-156000,102000
2014/06/13,0,146000,-307000,-161000
2014/06/16,0,138000,-144000,-6000
2014/06/17,0,656000,-178000,478000
2014/06/18,0,376000,-1475000,-1099000
2014/06/19,0,374288,-239000,135288
2014/06/20,0,291000,-153000,138000
2014/06/23,0,403000,-592000,-189000
2014/06/24,0,311000,-390000,-79000
2014/06/25,0,739400,-559000,180400
2014/06/26,0,972000,-405000,567000
2014/06/27,0,1299000,-577000,722000
2014/06/30,0,271000,-196000,75000
2014/07/01,0,516000,-323000,193000
2014/07/02,0,927000,-528000,399000
2014/07/03,0,2931320,-930000,2001320
2014/07/04,0,236000,-3008000,-2772000
2014/07/07,0,378000,-973000,-595000
2014/07/08,0,127000,-289000,-162000
2014/07/09,0,114000,-679000,-565000
2014/07/10,0,390000,-175000,215000
2014/07/11,0,468000,-584000,-116000
2014/07/14,0,1468000,-424000,1044000
2014/07/15,0,246000,-345000,-99000
2014/07/16,0,543000,-710000,-167000
2014/07/17,0,121000,-687000,-566000
2014/07/18,0,288000,-327000,-39000
2014/07/21,0,448000,-579000,-131000
2014/07/22,0,275000,-524000,-249000
2014/07/23,0,0,0,0
2014/07/24,0,75000,-353000,-278000
2014/07/25,0,147000,-577000,-430000
2014/07/28,0,380000,-151000,229000
2014/07/29,0,318000,-323000,-5000
2014/07/30,0,508000,-118000,390000
2014/07/31,0,938000,-1514000,-576000
2014/08/01,0,1207000,-869000,338000
2014/08/04,0,130000,-270000,-140000
2014/08/05,0,196000,-256000,-60000
2014/08/06,0,604000,-328000,276000
2014/08/07,0,271000,-694000,-423000
2014/08/08,0,281000,-113000,168000
2014/08/11,0,102016,-75000,27016
2014/08/12,0,249000,-351000,-102000
2014/08/13,0,32000,-213000,-181000
2014/08/14,0,47000,-306000,-259000
2014/08/15,0,52000,-216000,-164000
2014/08/18,0,103000,-156000,-53000
2014/08/19,0,733000,-213190,519810
2014/08/20,0,46000,-572000,-526000
2014/08/21,0,170000,-168000,2000
2014/08/22,0,338000,-7000,331000
2014/08/25,0,213000,-88000,125000
2014/08/26,0,716000,-244000,472000
2014/08/27,0,670000,-78000,592000
2014/08/28,0,47000,-232000,-185000
2014/08/29,0,74000,-230000,-156000
2014/09/01,0,880000,-522000,358000
2014/09/02,0,37000,-989000,-952000
2014/09/03,0,448000,-984000,-536000
2014/09/04,0,126000,-276000,-150000
2014/09/05,0,287000,-496265,-209265
2014/09/09,0,668000,-100000,568000
2014/09/10,0,375000,-217117,157883
2014/09/11,0,97000,-79000,18000
2014/09/12,0,134000,-454000,-320000
2014/09/15,0,72000,-18000,54000
2014/09/16,0,215000,-152000,63000
2014/09/17,0,585000,-143000,442000
2014/09/18,0,123000,-10000,113000
2014/09/19,0,289000,-54761,234239
2014/09/22,0,80000,-290000,-210000
2014/09/23,0,266000,-642000,-376000
2014/09/24,0,1607000,-356000,1251000
2014/09/25,0,281000,-655000,-374000
2014/09/26,0,340000,-169000,171000
2014/09/29,0,285000,-351000,-66000
2014/09/30,0,464000,-207462,256538
2014/10/01,0,131000,-313000,-182000
2014/10/02,0,158000,-261000,-103000
2014/10/03,0,123000,-167000,-44000
2014/10/06,0,772000,-186000,586000
2014/10/07,0,221000,-692000,-471000
2014/10/08,0,177000,-644000,-467000
2014/10/09,0,327000,-1470000,-1143000
2014/10/13,0,304000,-622000,-318000
2014/10/14,0,205000,-267000,-62000
2014/10/15,0,438000,-704000,-266000
2014/10/16,0,279000,-355000,-76000
2014/10/17,0,40000,-617000,-577000
2014/10/20,0,130000,-74000,56000
2014/10/21,0,137000,-74000,63000
2014/10/22,0,186000,-160000,26000
2014/10/23,0,131000,-94093,36907
2014/10/24,0,42000,-206000,-164000
2014/10/27,0,80000,-302000,-222000
2014/10/28,0,161000,-133837,27163
2014/10/29,0,444000,-106665,337335
2014/10/30,0,199000,-212000,-13000
2014/10/31,0,110000,-173580,-63580
2014/11/03,0,191000,-122000,69000
2014/11/04,0,150000,-63000,87000
2014/11/05,0,150000,-135000,15000
2014/11/06,0,328000,-345000,-17000
2014/11/07,0,520000,-502000,18000
2014/11/10,0,493000,-442367,50633
2014/11/11,0,144000,-546000,-402000
2014/11/12,0,46000,-420000,-374000
2014/11/13,0,390995,-169000,221995
2014/11/14,0,81000,-159000,-78000
2014/11/17,0,55000,-207000,-152000
2014/11/18,0,148000,-155000,-7000
2014/11/19,0,679000,-107000,572000
2014/11/20,0,159000,-156000,3000
2014/11/21,0,176000,-98000,78000
2014/11/24,0,49000,-151000,-102000
2014/11/25,0,136000,-254000,-118000
2014/11/26,0,348000,-80000,268000
2014/11/27,0,629000,-633000,-4000
2014/11/28,0,111000,-220000,-109000
2014/12/01,0,152000,-209000,-57000
2014/12/02,0,88000,-121000,-33000
2014/12/03,0,455000,-95000,360000
2014/12/04,0,754000,-61000,693000
2014/12/05,0,107000,-884286,-777286
2014/12/08,0,94000,-243000,-149000
2014/12/09,0,378000,-38000,340000
2014/12/10,0,77000,-311000,-234000
2014/12/11,0,99000,-96000,3000
2014/12/12,0,152000,-62000,90000
2014/12/15,0,59000,-67000,-8000
2014/12/16,0,68000,-52000,16000
2014/12/17,0,152000,-548000,-396000
2014/12/18,0,144000,-65000,79000
2014/12/19,0,450000,-240000,210000
2014/12/22,0,114000,-375000,-261000
2014/12/23,0,14000,-194000,-180000
2014/12/24,0,263000,-100000,163000
2014/12/25,0,36000,-81000,-45000
2014/12/26,0,62000,-97000,-35000
2014/12/29,0,87000,-68000,19000
2014/12/30,0,15000,-89000,-74000
2014/12/31,0,8000,-117000,-109000
2015/01/01,0,0,0,0
2015/01/02,0,0,0,0
2015/01/05,0,3000,-75000,-72000
2015/01/06,0,4000,-144000,-140000
2015/01/07,0,1072000,-205000,867000
2015/01/08,0,99000,-921000,-822000
2015/01/09,0,160000,-395000,-235000
2015/01/12,0,54000,-62000,-8000
2015/01/13,0,33000,-26000,7000
2015/01/14,0,285000,-156000,129000
2015/01/15,0,103000,-78000,25000
2015/01/16,0,94000,-166245,-72245
2015/01/19,0,161000,-70000,91000
2015/01/20,0,32000,-215000,-183000
2015/01/21,0,349000,-263000,86000
2015/01/22,0,54000,-112000,-58000
2015/01/23,0,169000,-288000,-119000
2015/01/26,0,317000,-144000,173000
2015/01/27,0,187000,-174000,13000
2015/01/28,0,62000,-96000,-34000
2015/01/29,0,194000,-175000,19000
2015/01/30,0,191000,-115000,76000
2015/02/02,0,80000,-136000,-56000
2015/02/03,0,215000,-119000,96000
2015/02/04,0,130000,-101184,28816
2015/02/05,0,89000,-171184,-82184
2015/02/06,0,230000,-322000,-92000
2015/02/09,0,581000,-306000,275000
2015/02/10,0,206000,-103783,102217
2015/02/11,0,1940000,-455000,1485000
2015/02/12,0,32000,-1153000,-1121000
2015/02/13,0,37000,-214000,-177000
2015/02/16,0,0,0,0
2015/02/17,0,0,0,0
2015/02/18,0,0,0,0
2015/02/19,0,0,0,0
2015/02/20,0,0,0,0
2015/02/23,0,0,0,0
2015/02/24,0,468000,-413000,55000
2015/02/25,0,34000,-261123,-227123
2015/02/26,0,44000,-251000,-207000
2015/02/27,0,0,0,0
2015/03/02,0,27000,-142000,-115000
2015/03/03,0,10000,-221000,-211000
2015/03/04,0,2000,-166082,-164082
2015/03/05,0,1000,-182000,-181000
2015/03/06,0,393998,-111000,282998
2015/03/09,0,392000,-130069,261931
2015/03/10,0,391000,-37000,354000
2015/03/11,0,328000,-35000,293000
2015/03/12,0,641000,-90000,551000
2015/03/13,0,104000,-146000,-42000
2015/03/16,0,676000,-216000,460000
2015/03/17,0,1193000,-35245,1157755
2015/03/18,0,261000,-442000,-181000
2015/03/19,0,100000,-408000,-308000
2015/03/20,0,525000,-104000,421000
2015/03/23,0,120000,-181000,-61000
2015/03/24,0,960000,-138000,822000
2015/03/25,0,43000,-1463000,-1420000
2015/03/26,0,247801,-374000,-126199
2015/03/27,0,238000,-498000,-260000
2015/03/30,0,119000,-130000,-11000
2015/03/31,0,378000,-148000,230000
2015/04/01,0,42000,-211000,-169000
2015/04/02,0,106000,-408000,-302000
2015/04/03,0,0,0,0
2015/04/06,0,0,0,0
2015/04/07,0,634000,-66000,568000
2015/04/08,0,66000,-266000,-200000
2015/04/09,0,239000,-208000,31000
2015/04/10,0,316000,-221000,95000
2015/04/13,0,191000,-143000,48000
2015/04/14,0,78000,-297000,-219000
2015/04/15,0,390000,-490826,-100826
2015/04/16,0,349000,-285000,64000
2015/04/17,0,119000,-291000,-172000
2015/04/20,0,89000,-349000,-260000
2015/04/21,0,209000,-184000,25000
2015/04/22,0,801000,-85000,716000
2015/04/23,0,302000,-228000,74000
2015/04/24,0,798000,-498000,300000
2015/04/27,0,66000,-348000,-282000
2015/04/28,0,113000,-406000,-293000
2015/04/29,0,298000,-156000,142000
2015/04/30,0,35000,-380000,-345000
2015/05/01,0,0,0,0
2015/05/04,0,1422000,-278000,1144000
2015/05/05,0,99000,-365000,-266000
2015/05/06,0,168000,-83000,85000
2015/05/07,0,133000,-71000,62000
2015/05/08,0,969000,-128000,841000
2015/05/11,0,89000,-399000,-310000
2015/05/12,0,254000,-93000,161000
2015/05/13,0,1272000,-329000,943000
2015/05/14,0,402000,-1663000,-1261000
2015/05/15,0,149000,-557000,-408000
2015/05/18,0,477000,-165000,312000
2015/05/19,0,174000,-294000,-120000
2015/05/20,0,271000,-275000,-4000
2015/05/21,0,514000,-475000,39000
2015/05/22,0,647000,-416000,231000
2015/05/25,0,239000,-426000,-187000
2015/05/26,0,164000,-105000,59000
2015/05/27,0,33000,-83000,-50000
2015/05/28,0,411000,-225000,186000
2015/05/29,0,225000,-600000,-375000
2015/06/01,0,94000,-231000,-137000
2015/06/02,0,83000,-148000,-65000
2015/06/03,0,81000,-89000,-8000
2015/06/04,0,113000,-304000,-191000
2015/06/05,0,70000,-815000,-745000
2015/06/08,0,250000,-125000,125000
2015/06/09,0,310000,-227000,83000
2015/06/10,0,491000,-209000,282000
2015/06/11,0,259000,-203000,56000
2015/06/12,0,1247000,-205000,1042000
2015/06/15,0,216000,-769000,-553000
2015/06/16,0,536000,-78000,458000
2015/06/17,0,1148000,-273000,875000
2015/06/18,0,335000,-1031000,-696000
2015/06/19,0,0,0,0
2015/06/22,0,913000,-473000,440000
2015/06/23,0,515000,-497000,18000
2015/06/24,0,641000,-367000,274000
2015/06/25,0,811000,-429000,382000
2015/06/26,0,570000,-361000,209000
2015/06/29,0,283000,-483000,-200000
2015/06/30,0,509000,-312000,197000
2015/07/01,0,449000,-227000,222000
2015/07/02,0,654000,-330000,324000
2015/07/03,0,524000,-415000,109000
2015/07/06,0,371000,-184000,187000
2015/07/07,0,359000,-365000,-6000
2015/07/08,0,921000,-889000,32000
2015/07/09,0,1087000,-929000,158000
2015/07/10,0,0,0,0
2015/07/13,0,901000,-236000,665000
2015/07/14,0,1635000,-389000,1246000
2015/07/15,0,140000,-2015000,-1875000
2015/07/16,0,113000,-915000,-802000
2015/07/17,0,209000,-596000,-387000
2015/07/20,0,457000,-1577000,-1120000
2015/07/21,0,617000,-548000,69000
2015/07/22,0,124000,-568000,-444000
2015/07/23,0,243000,-627000,-384000
2015/07/24,0,176000,-531000,-355000
2015/07/27,0,315000,-593000,-278000
2015/07/28,0,546000,-173000,373000
2015/07/29,0,70000,-383000,-313000
2015/07/30,0,711000,-242000,469000
2015/07/31,0,125000,-618000,-493000
2015/08/03,0,80000,-77020,2980
2015/08/04,0,1680000,-779000,901000
2015/08/05,0,669000,-986000,-317000
2015/08/06,0,241000,-539000,-298000
2015/08/07,0,535000,-292000,243000
2015/08/10,0,924000,-480000,444000
2015/08/11,0,171000,-1037000,-866000
2015/08/12,0,667000,-974000,-307000
2015/08/13,0,445000,-445000,0
2015/08/14,0,596000,-1248000,-652000
2015/08/17,0,489000,-410000,79000
2015/08/18,0,381000,-146000,235000
2015/08/19,0,148000,-488000,-340000
2015/08/20,0,546000,-726000,-180000
2015/08/21,0,206000,-323000,-117000
2015/08/24,0,470000,-1515000,-1045000
2015/08/25,0,1418000,-770000,648000
2015/08/26,0,826000,-1408000,-582000
2015/08/27,0,822000,-1655000,-833000
2015/08/28,0,3678000,-1399000,2279000
2015/08/31,0,379000,-1510000,-1131000
2015/09/01,0,531000,-1242894,-711894
2015/09/02,0,503000,-273000,230000
2015/09/03,0,223000,-412000,-189000
2015/09/04,0,1534000,-843000,691000
2015/09/07,0,267000,-591000,-324000
2015/09/08,0,1246000,-546000,700000
2015/09/09,0,1696000,-809000,887000
2015/09/10,0,976000,-1144000,-168000
2015/09/11,0,1512000,-896182,615818
2015/09/14,0,137000,-384000,-247000
2015/09/15,0,186000,-247485,-61485
2015/09/16,0,402000,-432000,-30000
2015/09/17,0,484000,-269000,215000
2015/09/18,0,155000,-195000,-40000
2015/09/21,0,347000,-1000000,-653000
2015/09/22,0,496000,-469000,27000
2015/09/23,0,424000,-424000,0
2015/09/24,0,756000,-626000,130000
2015/09/25,0,1017000,-329000,688000
2015/09/28,0,0,0,0
2015/09/29,0,0,0,0
2015/09/30,0,858000,-490000,368000
2015/10/01,0,607000,-622000,-15000
2015/10/02,0,339000,-644000,-305000
2015/10/05,0,214000,-506000,-292000
2015/10/06,0,562000,-588000,-26000
2015/10/07,0,1606000,-267000,1339000
2015/10/08,0,702000,-1896000,-1194000
2015/10/09,0,0,0,0
2015/10/12,0,380000,-833000,-453000
2015/10/13,0,1466000,-436000,1030000
2015/10/14,0,192000,-680000,-488000
2015/10/15,0,204000,-494000,-290000
2015/10/16,0,192000,-86000,106000
2015/10/19,0,393000,-407000,-14000
2015/10/20,0,82000,-193000,-111000
2015/10/21,0,173000,-622000,-449000
2015/10/22,0,821000,-139000,682000
2015/10/23,0,260000,-588000,-328000
2015/10/26,0,189000,-292000,-103000
2015/10/27,0,274000,-380000,-106000
2015/10/28,0,383000,-802000,-419000
2015/10/29,0,334000,-326000,8000
2015/10/30,0,176000,-558000,-382000
2015/11/02,0,2217000,-220000,1997000
2015/11/03,0,415000,-1488000,-1073000
2015/11/04,0,2421000,-1015000,1406000
2015/11/05,0,245000,-1420000,-1175000
2015/11/06,0,594000,-633000,-39000
2015/11/09,0,584000,-454000,130000
2015/11/10,0,1018000,-143000,875000
2015/11/11,0,785000,-424000,361000
2015/11/12,0,682000,-655000,27000
2015/11/13,0,806000,-493000,313000
2015/11/16,0,465000,-296000,169000
2015/11/17,0,339000,-649000,-310000
2015/11/18,0,341000,-530000,-189000
2015/11/19,0,1134000,-163000,971000
2015/11/20,0,142000,-295000,-153000
2015/11/23,0,1547000,-443000,1104000
2015/11/24,0,505000,-1188000,-683000
2015/11/25,0,437000,-705000,-268000
2015/11/26,0,910000,-367000,543000
2015/11/27,0,234000,-379000,-145000
2015/11/30,0,246000,-472000,-226000
2015/12/01,0,750000,-422000,328000
2015/12/02,0,920000,-344000,576000
2015/12/03,0,507000,-819000,-312000
2015/12/04,0,148000,-671000,-523000
2015/12/07,0,255000,-289000,-34000
2015/12/08,0,107000,-159000,-52000
2015/12/09,0,106000,-209000,-103000
2015/12/10,0,255000,-192000,63000
2015/12/11,0,205000,-265000,-60000
2015/12/14,0,94000,-195000,-101000
2015/12/15,0,478000,-238000,240000
2015/12/16,0,189000,-630000,-441000
2015/12/17,0,656000,-114000,542000
2015/12/18,0,98000,-358000,-260000
2015/12/21,0,173000,-100000,73000
2015/12/22,0,1476000,-147000,1329000
2015/12/23,0,56000,-738000,-682000
2015/12/24,0,52000,-214000,-162000
2015/12/25,0,122000,-176000,-54000
2015/12/28,0,131000,-46000,85000
2015/12/29,0,144000,-977000,-833000
2015/12/30,0,155000,-408000,-253000
2015/12/31,0,196000,-253000,-57000
2016/01/01,0,0,0,0
2016/01/04,0,46000,-342000,-296000
2016/01/05,0,220000,-149000,71000
2016/01/06,0,568000,-747000,-179000
2016/01/07,0,430000,-886000,-456000
2016/01/08,0,882000,-273000,609000
2016/01/11,0,246000,-442000,-196000
2016/01/12,0,130000,-742000,-612000
2016/01/13,0,354000,-320000,34000
2016/01/14,0,331000,-525000,-194000
2016/01/15,0,690000,-482000,208000
2016/01/18,0,915000,-367000,548000
2016/01/19,0,1800000,-320000,1480000
2016/01/20,0,419000,-742000,-323000
2016/01/21,0,346000,-175000,171000
2016/01/22,0,281000,-142000,139000
2016/01/25,0,257000,-91000,166000
2016/01/26,0,436000,-626000,-190000
2016/01/27,0,193000,-37000,156000
2016/01/28,0,391000,-80000,311000
2016/01/29,0,899000,-517000,382000
2016/02/01,0,180000,-675508,-495508
2016/02/02,0,1208000,-705000,503000
2016/02/03,0,419000,-560000,-141000
2016/02/04,0,0,0,0
2016/02/05,0,0,0,0
2016/02/08,0,0,0,0
2016/02/09,0,0,0,0
2016/02/10,0,0,0,0
2016/02/11,0,0,0,0
2016/02/12,0,0,0,0
2016/02/15,0,661000,-162000,499000
2016/02/16,0,530000,-357000,173000
2016/02/17,0,360000,-596000,-236000
2016/02/18,0,1786000,-99000,1687000
2016/02/19,0,262000,-849000,-587000
2016/02/22,0,1128000,-605000,523000
2016/02/23,0,182000,-1265000,-1083000
2016/02/24,0,74000,-522000,-448000
2016/02/25,0,453000,-293000,160000
2016/02/26,0,69000,-700000,-631000
2016/02/29,0,0,0,0
2016/03/01,0,306000,-182000,124000
2016/03/02,0,50000,-263000,-213000
2016/03/03,0,705000,-206000,499000
2016/03/04,0,2000,-584000,-582000
2016/03/07,0,81000,-264000,-183000
2016/03/08,0,153000,-200000,-47000
2016/03/09,0,971000,-178000,793000
2016/03/10,0,172000,-428000,-256000
2016/03/11,0,805000,-187000,618000
2016/03/14,0,1581000,-968000,613000
2016/03/15,0,141000,-1491000,-1350000
2016/03/16,0,529000,-83000,446000
2016/03/17,0,1222000,-531000,691000
2016/03/18,0,145000,-352000,-207000
2016/03/21,0,56000,-321000,-265000
2016/03/22,0,91000,-1135000,-1044000
2016/03/23,0,229000,-102000,127000
2016/03/24,0,319000,-64000,255000
2016/03/25,0,32000,-191000,-159000
2016/03/28,0,418000,-178000,240000
2016/03/29,0,658000,-115000,543000
2016/03/30,0,614000,-284000,330000
2016/03/31,0,242000,-213000,29000
2016/04/01,0,109000,-429000,-320000
2016/04/04,0,0,0,0
2016/04/05,0,0,0,0
2016/04/06,0,144000,-315000,-171000
2016/04/07,0,560000,-247000,313000
2016/04/08,0,212000,-205000,7000
2016/04/11,0,89000,-521000,-432000
2016/04/12,0,101000,-649000,-548000
2016/04/13,0,76000,-266000,-190000
2016/04/14,0,637000,-150000,487000
2016/04/15,0,217000,-352000,-135000
2016/04/18,0,99000,-192000,-93000
2016/04/19,0,119000,-176000,-57000
2016/04/20,0,140000,-269000,-129000
2016/04/21,0,107000,-147000,-40000
2016/04/22,0,42000,-171000,-129000
2016/04/25,0,255000,-316000,-61000
2016/04/26,0,1196000,-943000,253000
2016/04/27,0,1080000,-703000,377000
2016/04/28,0,186000,-721000,-535000
2016/04/29,0,130000,-624000,-494000
2016/05/02,0,0,0,0
2016/05/03,0,283000,-877000,-594000
2016/05/04,0,161000,-696000,-535000
2016/05/05,0,507000,-183000,324000
2016/05/06,0,554000,-744000,-190000
2016/05/09,0,984000,-304000,680000
2016/05/10,0,483000,-589000,-106000
2016/05/11,0,142000,-564000,-422000
2016/05/12,0,142000,-141000,1000
2016/05/13,0,0,0,0
2016/05/16,0,484000,-270000,214000
2016/05/17,0,245000,-84000,161000
2016/05/18,0,367000,-100000,267000
2016/05/19,0,152000,-293000,-141000
2016/05/20,0,339000,-143000,196000
2016/05/23,0,1626000,-216000,1410000
2016/05/24,0,194000,-1007000,-813000
2016/05/25,0,587000,-221000,366000
2016/05/26,0,802000,-316000,486000
2016/05/27,0,227000,-933000,-706000
2016/05/30,0,1850000,-216000,1634000
2016/05/31,0,338000,-1356000,-1018000
2016/06/01,0,359000,-315000,44000
2016/06/02,0,383000,-323000,60000
2016/06/03,0,157000,-211000,-54000
2016/06/06,0,499000,-704000,-205000
2016/06/07,0,298000,-803000,-505000
2016/06/08,0,186000,-476000,-290000
2016/06/09,0,0,0,0
2016/06/10,0,0,0,0
2016/06/13,0,152000,-346000,-194000
2016/06/14,0,383000,-126000,257000
2016/06/15,0,297000,-589000,-292000
2016/06/16,0,32000,-589000,-557000
2016/06/17,0,185000,-117000,68000
2016/06/20,0,175000,-23000,152000
2016/06/21,0,765000,-53000,712000
2016/06/22,0,59000,-478000,-419000
2016/06/23,0,48000,-326000,-278000
2016/06/24,0,540000,-776000,-236000
2016/06/27,0,490000,-253000,237000
2016/06/28,0,521000,-330850,190150
2016/06/29,0,1719000,-465000,1254000
2016/06/30,0,382000,-1042000,-660000
2016/07/01,0,315000,-584000,-269000
2016/07/04,0,1221000,-215000,1006000
2016/07/05,0,442000,-391000,51000
2016/07/06,0,507000,-261000,246000
2016/07/07,0,383000,-118000,265000
2016/07/08,0,0,0,0
2016/07/11,0,671000,-447000,224000
2016/07/12,0,530000,-585000,-55000
2016/07/13,0,669000,-287000,382000
2016/07/14,0,3139000,-113000,3026000
2016/07/15,0,99000,-2989000,-2890000
2016/07/18,0,42000,-429000,-387000
2016/07/19,0,19000,-542000,-523000
2016/07/20,0,27000,-1208000,-1181000
2016/07/21,0,153000,-194000,-41000
2016/07/22,0,92000,-137000,-45000
2016/07/25,0,82000,-88000,-6000
2016/07/26,0,809000,-60000,749000
2016/07/27,0,263000,-783000,-520000
2016/07/28,0,190000,-307000,-117000
2016/07/29,0,352000,-296000,56000
2016/08/01,0,820021,-34000,786021
2016/08/02,0,300000,-529000,-229000
2016/08/03,0,460000,-186000,274000
2016/08/04,0,455000,-1331000,-876000
2016/08/05,0,258000,-256000,2000
2016/08/08,0,59000,-349000,-290000
2016/08/09,0,103000,-162000,-59000
2016/08/10,0,28000,-237000,-209000
2016/08/11,0,437430,-317000,120430
2016/08/12,0,263000,-339000,-76000
2016/08/15,0,39000,-187000,-148000
2016/08/16,0,251000,-142000,109000
2016/08/17,0,168000,-616000,-448000
2016/08/18,0,19000,-250000,-231000
2016/08/19,0,375000,-91000,284000
2016/08/22,0,509000,-255000,254000
2016/08/23,0,374000,-462000,-88000
2016/08/24,0,102000,-80000,22000
2016/08/25,0,564000,-54000,510000
2016/08/26,0,101000,-405000,-304000
2016/08/29,0,5000,-216000,-211000
2016/08/30,0,52000,-132000,-80000
2016/08/31,0,262000,-118000,144000
2016/09/01,0,123000,-235000,-112000
2016/09/02,0,72000,-207000,-135000
2016/09/05,0,1520000,-119000,1401000
2016/09/06,0,212000,-830000,-618000
2016/09/07,0,697000,-329000,368000
2016/09/08,0,124000,-240000,-116000
2016/09/09,0,86000,-779000,-693000
2016/09/12,0,224000,-96000,128000
2016/09/13,0,42000,-195000,-153000
2016/09/14,0,73000,-157000,-84000
2016/09/15,0,0,0,0
2016/09/16,0,0,0,0
2016/09/19,0,447000,-68000,379000
2016/09/20,0,614000,-356000,258000
2016/09/21,0,65000,-900000,-835000
2016/09/22,0,71000,-191000,-120000
2016/09/23,0,59000,-25000,34000
2016/09/26,0,28000,-38000,-10000
2016/09/27,0,0,0,0
2016/09/28,0,0,0,0
2016/09/29,0,348000,-34000,314000
2016/09/30,0,145000,-316000,-171000
2016/10/03,0,49000,-75000,-26000
2016/10/04,0,298000,-75000,223000
2016/10/05,0,223000,-192000,31000
2016/10/06,0,179000,-719000,-540000
2016/10/07,0,41000,-80000,-39000
2016/10/10,0,0,0,0
2016/10/11,0,33000,-322000,-289000
2016/10/12,0,104000,-189000,-85000
2016/10/13,0,163000,-332000,-169000
2016/10/14,0,45000,-75000,-30000
2016/10/17,0,558000,-73000,485000
2016/10/18,0,21000,-333000,-312000
2016/10/19,0,260000,-59000,201000
2016/10/20,0,249000,-206000,43000
2016/10/21,0,212000,-87000,125000
2016/10/24,0,277000,-53000,224000
2016/10/25,0,41000,-282000,-241000
2016/10/26,0,14000,-180000,-166000
2016/10/27,0,90000,-25000,65000
2016/10/28,0,112000,-149000,-37000
2016/10/31,0,384000,-123000,261000
2016/11/01,0,33000,-123000,-90000
2016/11/02,0,43000,-37000,6000
2016/11/03,0,87000,-67000,20000
2016/11/04,0,73000,-1065000,-992000
2016/11/07,0,470000,-143000,327000
2016/11/08,0,266000,-536000,-270000
2016/11/09,0,308000,-488000,-180000
2016/11/10,0,402000,-108000,294000
2016/11/11,0,341000,-138000,203000
2016/11/14,0,302000,-144000,158000
2016/11/15,0,173000,-60000,113000
2016/11/16,0,112000,-368000,-256000
2016/11/17,0,562000,-51000,511000
2016/11/18,0,205000,-248000,-43000
2016/11/21,0,57000,-119000,-62000
2016/11/22,0,389000,-53000,336000
2016/11/23,0,68000,-179000,-111000
2016/11/24,0,65000,-59000,6000
2016/11/25,0,41000,-21000,20000
2016/11/28,0,374000,-18048,355952
2016/11/29,0,196000,-193000,3000
2016/11/30,0,260000,-65000,195000
2016/12/01,0,225000,-124000,101000
2016/12/02,0,20000,-181000,-161000
2016/12/05,0,52000,-109000,-57000
2016/12/06,0,226000,-86000,140000
2016/12/07,0,77000,-207000,-130000
2016/12/08,0,373000,-84000,289000
2016/12/09,0,524000,-317000,207000
2016/12/12,0,70000,-524000,-454000
2016/12/13,0,27000,-32000,-5000
2016/12/14,0,261000,-365000,-104000
2016/12/15,0,396000,-87000,309000
2016/12/16,0,171000,-312000,-141000
2016/12/19,0,150000,-76000,74000
2016/12/20,0,342000,-377000,-35000
2016/12/21,0,484000,-75000,409000
2016/12/22,0,301000,-66000,235000
2016/12/23,0,239000,-34000,205000
2016/12/26,0,200000,-39000,161000
2016/12/27,0,224000,-26000,198000
2016/12/28,0,110000,-147000,-37000
2016/12/29,0,125000,-66000,59000
2016/12/30,0,46000,-85000,-39000
2017/01/02,0,0,0,0
2017/01/03,0,84000,-71000,13000
2017/01/04,0,83000,-111000,-28000
2017/01/05,0,113000,-68000,45000
2017/01/06,0,122000,-139000,-17000
2017/01/09,0,36000,-200000,-164000
2017/01/10,0,92000,-112000,-20000
2017/01/11,0,63000,-89000,-26000
2017/01/12,0,39000,-60000,-21000
2017/01/13,0,41000,-98000,-57000
2017/01/16,0,101000,-179000,-78000
2017/01/17,0,219000,-211691,7309
2017/01/18,0,20000,-504000,-484000
2017/01/19,0,60000,-70000,-10000
2017/01/20,0,41000,-64000,-23000
2017/01/23,0,102000,-30000,72000
2017/01/24,0,32000,-59000,-27000
2017/01/25,0,0,0,0
2017/01/26,0,0,0,0
2017/01/27,0,0,0,0
2017/01/30,0,0,0,0
2017/01/31,0,0,0,0
2017/02/01,0,0,0,0
2017/02/02,0,229000,-209000,20000
2017/02/03,0,164000,-72000,92000
2017/02/06,0,248000,-84000,164000
2017/02/07,0,198000,-232000,-34000
2017/02/08,0,187000,-182000,5000
2017/02/09,0,81000,-113000,-32000
2017/02/10,0,45000,-137000,-92000
2017/02/13,0,389000,-88000,301000
2017/02/14,0,123000,-143000,-20000
2017/02/15,0,89000,-174000,-85000
2017/02/16,0,14000,-141000,-127000
2017/02/17,0,1599000,-197000,1402000
2017/02/20,0,16000,-364000,-348000
2017/02/21,0,531000,-276000,255000
2017/02/22,0,6000,-431000,-425000
2017/02/23,0,70000,-149000,-79000
2017/02/24,0,28000,-212000,-184000
2017/02/27,0,0,0,0
2017/02/28,0,0,0,0
2017/03/01,0,525000,-165000,360000
2017/03/02,0,117000,-443000,-326000
2017/03/03,0,122000,-267000,-145000
2017/03/06,0,340000,-312000,28000
2017/03/07,0,224000,-102000,122000
2017/03/08,0,692000,-416000,276000
2017/03/09,0,202000,-430000,-228000
2017/03/10,0,761000,-338000,423000
2017/03/13,0,213000,-718000,-505000
2017/03/14,0,441000,-126000,315000
2017/03/15,0,304000,-296000,8000
2017/03/16,0,227000,-206000,21000
2017/03/17,0,24000,-306000,-282000
2017/03/20,0,29000,-122000,-93000
2017/03/21,0,1115000,-84000,1031000
2017/03/22,0,216000,-386000,-170000
2017/03/23,0,135000,-323000,-188000
2017/03/24,0,120000,-34000,86000
2017/03/27,0,36000,-100000,-64000
2017/03/28,0,76000,-114000,-38000
2017/03/29,0,96000,-327000,-231000
2017/03/30,0,181000,-94000,87000
2017/03/31,0,150000,-135000,15000
2017/04/03,0,0,0,0
2017/04/04,0,0,0,0
2017/04/05,0,234000,-88000,146000
2017/04/06,0,44000,-141000,-97000
2017/04/07,0,52000,-146000,-94000
2017/04/10,0,142000,-180000,-38000
2017/04/11,0,39000,-142000,-103000
2017/04/12,0,315000,-104000,211000
2017/04/13,0,58000,-206000,-148000
2017/04/14,0,62000,-89000,-27000
2017/04/17,0,33000,-80000,-47000
2017/04/18,0,19000,-190000,-171000
2017/04/19,0,200548,-214000,-13452
2017/04/20,0,12000,-206000,-194000
2017/04/21,0,50000,-112000,-62000
2017/04/24,0,7000,-157000,-150000
2017/04/25,0,11000,-75000,-64000
2017/04/26,0,37000,-96000,-59000
2017/04/27,0,349000,-91000,258000
2017/04/28,0,39000,-484000,-445000
2017/05/01,0,0,0,0
2017/05/02,0,1363000,-28000,1335000
2017/05/03,0,107000,-545000,-438000
2017/05/04,0,78000,-77000,1000
2017/05/05,0,11000,-32000,-21000
2017/05/08,0,51000,-184000,-133000
2017/05/09,0,51000,-171477,-120477
2017/05/10,0,173000,-146000,27000
2017/05/11,0,1271000,-213000,1058000
2017/05/12,0,49000,-1224000,-1175000
2017/05/15,0,131000,-60000,71000
2017/05/16,0,74000,-196000,-122000
2017/05/17,0,39000,-171000,-132000
2017/05/18,0,54000,-136000,-82000
2017/05/19,0,24000,-13000,11000
2017/05/22,0,39000,-44000,-5000
2017/05/23,0,78000,-35000,43000
2017/05/24,0,1328000,-233000,1095000
2017/05/25,0,1942000,-1058000,884000
2017/05/26,0,210000,-1474000,-1264000
2017/05/29,0,0,0,0
2017/05/30,0,0,0,0
2017/05/31,0,131000,-325000,-194000
2017/06/01,0,67000,-280000,-213000
2017/06/02,0,1599000,-56000,1543000
2017/06/05,0,1037000,-331000,706000
2017/06/06,0,93000,-857444,-764444
2017/06/07,0,1311000,-355000,956000
2017/06/08,0,840000,-1048000,-208000
2017/06/09,0,180000,-539000,-359000
2017/06/12,0,229000,-371000,-142000
2017/06/13,0,243000,-77000,166000
2017/06/14,0,176000,-425000,-249000
2017/06/15,0,520000,-282000,238000
2017/06/16,0,243000,-351000,-108000
2017/06/19,0,413000,-84000,329000
2017/06/20,0,94000,-208000,-114000
2017/06/21,0,2478000,-308000,2170000
2017/06/22,0,378000,-1232000,-854000
2017/06/23,0,137000,-339000,-202000
2017/06/26,0,648000,-128000,520000
2017/06/27,0,514000,-452000,62000
2017/06/28,0,362000,-200000,162000
2017/06/29,0,263000,-229000,34000
2017/06/30,0,633000,-331000,302000
2017/07/03,0,914046,-244000,670046
2017/07/04,0,136000,-475000,-339000
2017/07/05,0,3072000,-67000,3005000
2017/07/06,0,88000,-2872000,-2784000
2017/07/07,0,85000,-337000,-252000
2017/07/10,0,100000,-400000,-300000
2017/07/11,0,589000,-208000,381000
2017/07/12,0,79000,-339000,-260000
2017/07/13,0,90000,-191000,-101000
2017/07/14,0,44000,-115000,-71000
2017/07/17,0,90000,-74000,16000
2017/07/18,0,215000,-228000,-13000
2017/07/19,0,853000,-390000,463000
2017/07/20,0,107000,-650000,-543000
2017/07/21,0,102000,-341000,-239000
2017/07/24,0,105000,-475000,-370000
2017/07/25,0,852000,-52000,800000
2017/07/26,0,298000,-553000,-255000
2017/07/27,0,591000,-248000,343000
2017/07/28,0,209000,-927000,-718000
2017/07/31,0,349000,-1011000,-662000
2017/08/01,0,1032000,-452000,580000
2017/08/02,0,360000,-1237000,-877000
2017/08/03,0,308000,-229000,79000
2017/08/04,0,273000,-153000,120000
2017/08/07,0,948000,-101000,847000
2017/08/08,0,300000,-622000,-322000
2017/08/09,0,92000,-303000,-211000
2017/08/10,0,207000,-637000,-430000
2017/08/11,0,247000,-397000,-150000
2017/08/14,0,364000,-177000,187000
2017/08/15,0,498000,-526000,-28000
2017/08/16,0,440000,-524000,-84000
2017/08/17,0,233000,-168000,65000
2017/08/18,0,265000,-157000,108000
