Date,Open,Buy,Sell,Total
2007/01/02,0,125000,-8367,116633
2007/01/03,0,150000,-87000,63000
2007/01/04,0,94000,-303970,-209970
2007/01/05,0,38000,-356287,-318287
2007/01/08,0,79000,-103000,-24000
2007/01/09,0,80000,-32554,47446
2007/01/10,0,384000,-99102,284898
2007/01/11,0,150000,-246000,-96000
2007/01/12,0,67000,-571000,-504000
2007/01/15,0,85000,-154573,-69573
2007/01/16,0,79000,-18000,61000
2007/01/17,0,125000,0,125000
2007/01/18,0,0,-377910,-377910
2007/01/19,0,119000,-694590,-575590
2007/01/22,0,10000,-68000,-58000
2007/01/23,0,59000,-606818,-547818
2007/01/24,0,8000,-224110,-216110
2007/01/25,0,2000,-675000,-673000
2007/01/26,0,20000,-686860,-666860
2007/01/29,0,159000,-604000,-445000
2007/01/30,0,143000,-13000,130000
2007/01/31,0,78000,0,78000
2007/02/01,0,111000,-97770,13230
2007/02/02,0,309000,-1044704,-735704
2007/02/05,0,6000,-67000,-61000
2007/02/06,0,36000,-43896,-7896
2007/02/07,0,126000,-247000,-121000
2007/02/08,0,86000,0,86000
2007/02/09,0,346578,-35000,311578
2007/02/12,0,65000,0,65000
2007/02/13,0,244000,-173000,71000
2007/02/14,0,360000,-43000,317000
2007/02/15,0,0,0,0
2007/02/16,0,0,0,0
2007/02/19,0,0,0,0
2007/02/20,0,0,0,0
2007/02/21,0,0,0,0
2007/02/22,0,0,0,0
2007/02/23,0,0,0,0
2007/02/26,0,85000,-491257,-406257
2007/02/27,0,310000,-706851,-396851
2007/02/28,0,0,0,0
2007/03/01,0,306000,-1550316,-1244316
2007/03/02,0,250000,-2188062,-1938062
2007/03/05,0,90000,-800380,-710380
2007/03/06,0,496000,-2071595,-1575595
2007/03/07,0,616000,-438441,177559
2007/03/08,0,360000,-150931,209069
2007/03/09,0,198000,-60789,137211
2007/03/12,0,55000,-200340,-145340
2007/03/13,0,38000,-1055683,-1017683
2007/03/14,0,2000,-547981,-545981
2007/03/15,0,233000,-437094,-204094
2007/03/16,0,100000,-90000,10000
2007/03/19,0,45000,-874509,-829509
2007/03/20,0,27000,-498346,-471346
2007/03/21,0,0,-338000,-338000
2007/03/22,0,0,-42000,-42000
2007/03/23,0,0,-674745,-674745
2007/03/26,0,0,-737422,-737422
2007/03/27,0,298000,-112995,185005
2007/03/28,0,101000,-383000,-282000
2007/03/29,0,0,-601000,-601000
2007/03/30,0,0,-350940,-350940
2007/04/02,0,0,-207935,-207935
2007/04/03,0,0,-409398,-409398
2007/04/04,0,9000,-443584,-434584
2007/04/05,0,0,0,0
2007/04/06,0,0,0,0
2007/04/09,0,0,-538000,-538000
2007/04/10,0,0,-201000,-201000
2007/04/11,0,15000,-703,14297
2007/04/12,0,0,-101591,-101591
2007/04/13,0,0,-115000,-115000
2007/04/16,0,0,-53000,-53000
2007/04/17,0,32000,-127000,-95000
2007/04/18,0,35000,-60000,-25000
2007/04/19,0,11000,-63000,-52000
2007/04/20,0,50000,-10000,40000
2007/04/23,0,230000,-24000,206000
2007/04/24,0,170000,-11000,159000
2007/04/25,0,42000,-10597,31403
2007/04/26,0,0,-1000,-1000
2007/04/27,0,129000,-204000,-75000
2007/04/30,0,165000,-3000,162000
2007/05/01,0,0,0,0
2007/05/02,0,1057000,-15000,1042000
2007/05/03,0,1403000,0,1403000
2007/05/04,0,152000,0,152000
2007/05/07,0,149000,0,149000
2007/05/08,0,40000,0,40000
2007/05/09,0,0,-10000,-10000
2007/05/10,0,58000,-64648,-6648
2007/05/11,0,25000,-129000,-104000
2007/05/14,0,180000,-52000,128000
2007/05/15,0,323000,-20000,303000
2007/05/16,0,449000,-50000,399000
2007/05/17,0,220000,-73000,147000
2007/05/18,0,20000,-1000,19000
2007/05/21,0,500000,-6000,494000
2007/05/22,0,880000,0,880000
2007/05/23,0,801000,-25000,776000
2007/05/24,0,425000,0,425000
2007/05/25,0,247000,0,247000
2007/05/28,0,65000,-20000,45000
2007/05/29,0,773000,0,773000
2007/05/30,0,45000,-40000,5000
2007/05/31,0,97000,-56000,41000
2007/06/01,0,30000,-45000,-15000
2007/06/04,0,275000,-167000,108000
2007/06/05,0,291000,-36000,255000
2007/06/06,0,112000,-711000,-599000
2007/06/07,0,284000,-567847,-283847
2007/06/08,0,79000,-275000,-196000
2007/06/11,0,20000,-22000,-2000
2007/06/12,0,250000,-99000,151000
2007/06/13,0,2000,-579000,-577000
2007/06/14,0,86000,-469000,-383000
2007/06/15,0,341000,-317239,23761
2007/06/18,0,0,0,0
2007/06/19,0,0,0,0
2007/06/20,0,88000,-403000,-315000
2007/06/21,0,11000,-44000,-33000
2007/06/22,0,118000,-35000,83000
2007/06/25,0,455000,-1250000,-795000
2007/06/26,0,134000,-657000,-523000
2007/06/27,0,137000,-214000,-77000
2007/06/28,0,83000,-42000,41000
2007/06/29,0,1185000,-384000,801000
2007/07/02,0,1209000,-79000,1130000
2007/07/03,0,105000,-12000,93000
2007/07/04,0,716000,-90000,626000
2007/07/05,0,566000,-61000,505000
2007/07/06,0,355000,-877000,-522000
2007/07/09,0,294000,-349000,-55000
2007/07/10,0,1373000,-207000,1166000
2007/07/11,0,1749000,-295000,1454000
2007/07/12,0,1891000,-14000,1877000
2007/07/13,0,585000,0,585000
2007/07/16,0,82000,-42000,40000
2007/07/17,0,341000,-100000,241000
2007/07/18,0,202000,-5000,197000
2007/07/19,0,229000,-248000,-19000
2007/07/20,0,28000,-78000,-50000
2007/07/23,0,0,-273000,-273000
2007/07/24,0,0,-138000,-138000
2007/07/25,0,251000,-75628,175372
2007/07/26,0,8000,-213000,-205000
2007/07/27,0,374000,-199000,175000
2007/07/30,0,90000,-20000,70000
2007/07/31,0,70000,-657000,-587000
2007/08/01,0,13000,-783000,-770000
2007/08/02,0,1000,-436000,-435000
2007/08/03,0,0,-77554,-77554
2007/08/06,0,1000,-523000,-522000
2007/08/07,0,848000,0,848000
2007/08/08,0,186000,-1000,185000
2007/08/09,0,210000,-209000,1000
2007/08/10,0,126000,-1511000,-1385000
2007/08/13,0,22000,-1295000,-1273000
2007/08/14,0,11000,-2341000,-2330000
2007/08/15,0,44000,-213000,-169000
2007/08/16,0,150000,-1460918,-1310918
2007/08/17,0,19000,-248994,-229994
2007/08/20,0,32000,-629236,-597236
2007/08/21,0,143000,-532000,-389000
2007/08/22,0,418000,-314000,104000
2007/08/23,0,671000,-18000,653000
2007/08/24,0,541000,0,541000
2007/08/27,0,10000,-41000,-31000
2007/08/28,0,228000,-10000,218000
2007/08/29,0,155000,-237000,-82000
2007/08/30,0,201000,-13864,187136
2007/08/31,0,300000,-2346,297654
2007/09/03,0,356000,-35000,321000
2007/09/04,0,428000,-7000,421000
2007/09/05,0,606000,-350146,255854
2007/09/06,0,332000,0,332000
2007/09/07,0,1948000,-104000,1844000
2007/09/10,0,788000,-40000,748000
2007/09/11,0,740000,-40000,700000
2007/09/12,0,11000,0,11000
2007/09/13,0,10000,-296000,-286000
2007/09/14,0,4000,-135000,-131000
2007/09/17,0,16000,-85000,-69000
2007/09/18,0,0,0,0
2007/09/19,0,1000,-15000,-14000
2007/09/20,0,21000,-25000,-4000
2007/09/21,0,550000,-9000,541000
2007/09/24,0,0,0,0
2007/09/25,0,0,0,0
2007/09/26,0,21000,-21000,0
2007/09/27,0,151000,-75000,76000
2007/09/28,0,0,-172000,-172000
2007/10/01,0,0,-2000,-2000
2007/10/02,0,21000,-161000,-140000
2007/10/03,0,0,0,0
2007/10/04,0,296000,-343000,-47000
2007/10/05,0,95000,-79000,16000
2007/10/08,0,24000,-97000,-73000
2007/10/09,0,50000,-1402821,-1352821
2007/10/10,0,0,0,0
2007/10/11,0,15000,0,15000
2007/10/12,0,0,-74000,-74000
2007/10/15,0,0,-28000,-28000
2007/10/16,0,6000,-958000,-952000
2007/10/17,0,0,-732000,-732000
2007/10/18,0,0,-401000,-401000
2007/10/19,0,0,-461000,-461000
2007/10/22,0,0,-1861000,-1861000
2007/10/23,0,300000,-180000,120000
2007/10/24,0,0,-101000,-101000
2007/10/25,0,0,-346000,-346000
2007/10/26,0,200000,-318000,-118000
2007/10/29,0,1000,0,1000
2007/10/30,0,0,-192000,-192000
2007/10/31,0,253000,-144000,109000
2007/11/01,0,261000,-150000,111000
2007/11/02,0,91000,-140000,-49000
2007/11/05,0,0,-72823,-72823
2007/11/06,0,692000,-312700,379300
2007/11/07,0,425000,-574200,-149200
2007/11/08,0,55000,-140000,-85000
2007/11/09,0,18000,-532900,-514900
2007/11/12,0,61000,-90000,-29000
2007/11/13,0,275000,-215246,59754
2007/11/14,0,218000,-10000,208000
2007/11/15,0,621000,-1924900,-1303900
2007/11/16,0,257000,-1400,255600
2007/11/19,0,420000,-3000,417000
2007/11/20,0,121000,-50000,71000
2007/11/21,0,0,-34500,-34500
2007/11/22,0,520000,-2000,518000
2007/11/23,0,159000,0,159000
2007/11/26,0,8000,0,8000
2007/11/27,0,125000,0,125000
2007/11/28,0,240000,0,240000
2007/11/29,0,675000,-20000,655000
2007/11/30,0,61000,-500000,-439000
2007/12/03,0,0,-40000,-40000
2007/12/04,0,22000,-118000,-96000
2007/12/05,0,72000,-10000,62000
2007/12/06,0,126000,-89600,36400
2007/12/07,0,0,-100000,-100000
2007/12/10,0,86000,0,86000
2007/12/11,0,300000,-291000,9000
2007/12/12,0,200000,-300000,-100000
2007/12/13,0,3000,-1132000,-1129000
2007/12/14,0,27000,-250000,-223000
2007/12/17,0,26000,-92500,-66500
2007/12/18,0,580000,0,580000
2007/12/19,0,683000,0,683000
2007/12/20,0,121000,0,121000
2007/12/21,0,102000,0,102000
2007/12/24,0,125000,0,125000
2007/12/25,0,172000,0,172000
2007/12/26,0,40000,0,40000
2007/12/27,0,557000,-614000,-57000
2007/12/28,0,727000,-50000,677000
2007/12/31,0,230000,0,230000
2008/01/01,0,0,0,0
2008/01/02,0,53000,0,53000
2008/01/03,0,70000,-389900,-319900
2008/01/04,0,10000,-450000,-440000
2008/01/07,0,0,-859700,-859700
2008/01/08,0,1000,-340000,-339000
2008/01/09,0,60000,-3591129,-3531129
2008/01/10,0,187000,-1503700,-1316700
2008/01/11,0,60000,-2004638,-1944638
2008/01/14,0,0,-16000,-16000
2008/01/15,0,0,-265900,-265900
2008/01/16,0,0,-73000,-73000
2008/01/17,0,600000,-218000,382000
2008/01/18,0,155000,-100000,55000
2008/01/21,0,1000,0,1000
2008/01/22,0,100000,0,100000
2008/01/23,0,2000,0,2000
2008/01/24,0,3000,-581000,-578000
2008/01/25,0,0,-2408,-2408
2008/01/28,0,428000,-17894,410106
2008/01/29,0,188000,-150000,38000
2008/01/30,0,238000,-180951,57049
2008/01/31,0,0,0,0
2008/02/01,0,31000,0,31000
2008/02/04,0,0,0,0
2008/02/05,0,0,0,0
2008/02/06,0,0,0,0
2008/02/07,0,0,0,0
2008/02/08,0,0,0,0
2008/02/11,0,0,0,0
2008/02/12,0,0,-13000,-13000
2008/02/13,0,501000,-1000,500000
2008/02/14,0,0,0,0
2008/02/15,0,292000,-3000,289000
2008/02/18,0,13000,-2000,11000
2008/02/19,0,1079000,-90086,988914
2008/02/20,0,532000,-30000,502000
2008/02/21,0,540000,-1000,539000
2008/02/22,0,480000,0,480000
2008/02/25,0,50000,-558000,-508000
2008/02/26,0,150000,-1867000,-1717000
2008/02/27,0,153000,-188000,-35000
2008/02/28,0,0,0,0
2008/02/29,0,100000,-207000,-107000
2008/03/03,0,0,-982700,-982700
2008/03/04,0,591000,-795000,-204000
2008/03/05,0,0,-1000,-1000
2008/03/06,0,0,-201798,-201798
2008/03/07,0,175000,-806000,-631000
2008/03/10,0,38000,-663283,-625283
2008/03/11,0,2000,-92000,-90000
2008/03/12,0,1311000,-799000,512000
2008/03/13,0,20000,0,20000
2008/03/14,0,500000,-20000,480000
2008/03/17,0,445000,-46000,399000
2008/03/18,0,1000,-3000,-2000
2008/03/19,0,624000,0,624000
2008/03/20,0,1000,0,1000
2008/03/21,0,453000,0,453000
2008/03/24,0,1000,-651000,-650000
2008/03/25,0,0,-3000,-3000
2008/03/26,0,1000,0,1000
2008/03/27,0,180000,0,180000
2008/03/28,0,83000,0,83000
2008/03/31,0,47000,-1000,46000
2008/04/01,0,75000,-15000,60000
2008/04/02,0,700000,-34000,666000
2008/04/03,0,958000,0,958000
2008/04/04,0,0,0,0
2008/04/07,0,100000,-22000,78000
2008/04/08,0,300000,-785100,-485100
2008/04/09,0,61000,-2214000,-2153000
2008/04/10,0,90000,-950000,-860000
2008/04/11,0,375000,0,375000
2008/04/14,0,237000,-1078000,-841000
2008/04/15,0,117000,-882700,-765700
2008/04/16,0,86000,0,86000
2008/04/17,0,20000,-821000,-801000
2008/04/18,0,365000,-664000,-299000
2008/04/21,0,27000,-45066,-18066
2008/04/22,0,0,-203000,-203000
2008/04/23,0,0,-100000,-100000
2008/04/24,0,550000,0,550000
2008/04/25,0,25000,-1431000,-1406000
2008/04/28,0,65000,0,65000
2008/04/29,0,0,-205000,-205000
2008/04/30,0,4000,-125000,-121000
2008/05/01,0,0,0,0
2008/05/02,0,327000,-805000,-478000
2008/05/05,0,1000,-2840441,-2839441
2008/05/06,0,0,0,0
2008/05/07,0,4000,-1000,3000
2008/05/08,0,2000,0,2000
2008/05/09,0,301000,0,301000
2008/05/12,0,0,-3000,-3000
2008/05/13,0,201000,0,201000
2008/05/14,0,1150000,-2000,1148000
2008/05/15,0,60000,0,60000
2008/05/16,0,890000,-70000,820000
2008/05/19,0,454000,0,454000
2008/05/20,0,200000,0,200000
2008/05/21,0,100000,0,100000
2008/05/22,0,151000,0,151000
2008/05/23,0,0,-200000,-200000
2008/05/26,0,1000,-941000,-940000
2008/05/27,0,0,-208000,-208000
2008/05/28,0,3000,0,3000
2008/05/29,0,1000,-1298000,-1297000
2008/05/30,0,0,-5000,-5000
2008/06/02,0,1000,-33000,-32000
2008/06/03,0,1000,0,1000
2008/06/04,0,0,0,0
2008/06/05,0,0,0,0
2008/06/06,0,0,0,0
2008/06/09,0,1000,0,1000
2008/06/10,0,0,0,0
2008/06/11,0,0,0,0
2008/06/12,0,0,0,0
2008/06/13,0,1000,0,1000
2008/06/16,0,0,-2000,-2000
2008/06/17,0,0,0,0
2008/06/18,0,0,0,0
2008/06/19,0,0,0,0
2008/06/20,0,0,-201000,-201000
2008/06/23,0,11000,-377000,-366000
2008/06/24,0,1000,-230000,-229000
2008/06/25,0,15000,-1000,14000
2008/06/26,0,0,0,0
2008/06/27,0,0,0,0
2008/06/30,0,351000,0,351000
2008/07/01,0,1000,0,1000
2008/07/02,0,2299000,0,2299000
2008/07/03,0,0,0,0
2008/07/04,0,101000,0,101000
2008/07/07,0,2000,0,2000
2008/07/08,0,0,0,0
2008/07/09,0,0,0,0
2008/07/10,0,50000,-1944000,-1894000
2008/07/11,0,92000,-738000,-646000
2008/07/14,0,45000,0,45000
2008/07/15,0,0,0,0
2008/07/16,0,62000,0,62000
2008/07/17,0,66000,0,66000
2008/07/18,0,35000,-6000,29000
2008/07/21,0,100000,-82000,18000
2008/07/22,0,1650000,0,1650000
2008/07/23,0,410000,-7106,402894
2008/07/24,0,2297000,-2000,2295000
2008/07/25,0,1100000,-110000,990000
2008/07/28,0,0,0,0
2008/07/29,0,25000,-40000,-15000
2008/07/30,0,759000,-2000,757000
2008/07/31,0,688000,0,688000
2008/08/01,0,170000,-3600,166400
2008/08/04,0,30000,0,30000
2008/08/05,0,6394000,-350000,6044000
2008/08/06,0,2516000,-50000,2466000
2008/08/07,0,1575000,-1000000,575000
2008/08/08,0,1330000,0,1330000
2008/08/11,0,90000,-75000,15000
2008/08/12,0,556000,-49000,507000
2008/08/13,0,559000,-20000,539000
2008/08/14,0,349000,-428000,-79000
2008/08/15,0,1674000,0,1674000
2008/08/18,0,648000,-129000,519000
2008/08/19,0,137000,-2000,135000
2008/08/20,0,20000,-2000,18000
2008/08/21,0,98000,-2000,96000
2008/08/22,0,78000,0,78000
2008/08/25,0,408000,-66000,342000
2008/08/26,0,270000,-495669,-225669
2008/08/27,0,301000,-67000,234000
2008/08/28,0,1031000,-566000,465000
2008/08/29,0,4000,-758000,-754000
2008/09/01,0,100000,-1435000,-1335000
2008/09/02,0,268000,-150000,118000
2008/09/03,0,482000,-50000,432000
2008/09/04,0,181000,-50000,131000
2008/09/05,0,451000,0,451000
2008/09/08,0,620000,0,620000
2008/09/09,0,388000,0,388000
2008/09/10,0,371000,-250000,121000
2008/09/11,0,989000,0,989000
2008/09/12,0,446000,-427,445573
2008/09/15,0,442000,0,442000
2008/09/16,0,1000,-276000,-275000
2008/09/17,0,2324000,-1000,2323000
2008/09/18,0,230000,-28000,202000
2008/09/19,0,697000,-1000,696000
2008/09/22,0,869000,0,869000
2008/09/23,0,980000,-378000,602000
2008/09/24,0,3085000,-870000,2215000
2008/09/25,0,764000,-721000,43000
2008/09/26,0,350000,-476000,-126000
2008/09/29,0,0,0,0
2008/09/30,0,120000,-100289,19711
2008/10/01,0,1512000,-2000,1510000
2008/10/02,0,934000,-671300,262700
2008/10/03,0,606000,-338000,268000
2008/10/06,0,1308000,-181000,1127000
2008/10/07,0,260000,-477000,-217000
2008/10/08,0,166000,-256000,-90000
2008/10/09,0,150000,-30000,120000
2008/10/10,0,0,0,0
2008/10/13,0,0,-242000,-242000
2008/10/14,0,672000,-134000,538000
2008/10/15,0,359000,-30000,329000
2008/10/16,0,720000,-267000,453000
2008/10/17,0,4873000,-303000,4570000
2008/10/20,0,592000,-241000,351000
2008/10/21,0,1566000,-184000,1382000
2008/10/22,0,585000,-100000,485000
2008/10/23,0,437000,-33000,404000
2008/10/24,0,190000,-3000,187000
2008/10/27,0,529000,-308000,221000
2008/10/28,0,1526000,-33000,1493000
2008/10/29,0,894000,-40000,854000
2008/10/30,0,1382000,-1000,1381000
2008/10/31,0,1014000,-410000,604000
2008/11/03,0,51000,-78000,-27000
2008/11/04,0,305000,-25000,280000
2008/11/05,0,551000,-1095000,-544000
2008/11/06,0,191000,-446000,-255000
2008/11/07,0,251000,-1667000,-1416000
2008/11/10,0,200000,-2503000,-2303000
2008/11/11,0,1000,-2476000,-2475000
2008/11/12,0,312000,-4877000,-4565000
2008/11/13,0,0,-2069000,-2069000
2008/11/14,0,430000,-230000,200000
2008/11/17,0,6000,-1645000,-1639000
2008/11/18,0,100000,-2565000,-2465000
2008/11/19,0,47000,-1794000,-1747000
2008/11/20,0,0,-1897000,-1897000
2008/11/21,0,267000,-2571000,-2304000
2008/11/24,0,1238000,-553000,685000
2008/11/25,0,256000,-185000,71000
2008/11/26,0,732000,-127000,605000
2008/11/27,0,545000,-100000,445000
2008/11/28,0,220000,-75000,145000
2008/12/01,0,223000,-638000,-415000
2008/12/02,0,0,-942000,-942000
2008/12/03,0,235000,-1493500,-1258500
2008/12/04,0,200000,-1071400,-871400
2008/12/05,0,0,-806600,-806600
2008/12/08,0,120000,-15100,104900
2008/12/09,0,976000,-52400,923600
2008/12/10,0,1677000,-200000,1477000
2008/12/11,0,5361000,-592600,4768400
2008/12/12,0,4953000,-186000,4767000
2008/12/15,0,3810000,-300000,3510000
2008/12/16,0,2105000,-323000,1782000
2008/12/17,0,1255000,-35000,1220000
2008/12/18,0,47000,-2000,45000
2008/12/19,0,0,-8000,-8000
2008/12/22,0,1500000,-751000,749000
2008/12/23,0,800000,-512000,288000
2008/12/24,0,351000,-235000,116000
2008/12/25,0,0,-2202000,-2202000
2008/12/26,0,2000,-35000,-33000
2008/12/29,0,0,-130000,-130000
2008/12/30,0,130000,-41000,89000
2008/12/31,0,50000,-60000,-10000
2009/01/01,0,0,0,0
2009/01/02,0,0,0,0
2009/01/05,0,1760000,-125000,1635000
2009/01/06,0,5360000,-8100,5351900
2009/01/07,0,3085000,-65000,3020000
2009/01/08,0,509000,-658000,-149000
2009/01/09,0,1593000,0,1593000
2009/01/12,0,606000,-1078000,-472000
2009/01/13,0,231000,-210700,20300
2009/01/14,0,1150000,-32000,1118000
2009/01/15,0,310000,-1007000,-697000
2009/01/16,0,50000,-340000,-290000
2009/01/19,0,1520000,-646500,873500
2009/01/20,0,1040000,-1585000,-545000
2009/01/21,0,1278000,-210000,1068000
2009/01/22,0,0,0,0
2009/01/23,0,0,0,0
2009/01/26,0,0,0,0
2009/01/27,0,0,0,0
2009/01/28,0,0,0,0
2009/01/29,0,0,0,0
2009/01/30,0,0,0,0
2009/02/02,0,1528000,-40000,1488000
2009/02/03,0,1024000,-759700,264300
2009/02/04,0,849000,-407800,441200
2009/02/05,0,238000,-440000,-202000
2009/02/06,0,431000,-7840500,-7409500
2009/02/09,0,138000,-3761900,-3623900
2009/02/10,0,1000,-1833000,-1832000
2009/02/11,0,60000,-1044500,-984500
2009/02/12,0,164000,-447000,-283000
2009/02/13,0,124000,-555000,-431000
2009/02/16,0,270000,-730000,-460000
2009/02/17,0,70000,-308000,-238000
2009/02/18,0,52000,-60000,-8000
2009/02/19,0,115000,-40000,75000
2009/02/20,0,64000,-14000,50000
2009/02/23,0,0,-436000,-436000
2009/02/24,0,20000,-919000,-899000
2009/02/25,0,0,-125000,-125000
2009/02/26,0,42000,-650000,-608000
2009/02/27,0,181000,-650000,-469000
2009/03/02,0,125000,-879000,-754000
2009/03/03,0,315000,-674900,-359900
2009/03/04,0,0,-863000,-863000
2009/03/05,0,1475000,-170000,1305000
2009/03/06,0,314000,-1274000,-960000
2009/03/09,0,25000,-2070000,-2045000
2009/03/10,0,400000,-1178000,-778000
2009/03/11,0,1295000,-843000,452000
2009/03/12,0,1352000,-193000,1159000
2009/03/13,0,661000,-1000,660000
2009/03/16,0,4066000,-200000,3866000
2009/03/17,0,1525000,0,1525000
2009/03/18,0,2391000,-2000,2389000
2009/03/19,0,1076000,-36000,1040000
2009/03/20,0,336000,-365000,-29000
2009/03/23,0,2132000,-1000,2131000
2009/03/24,0,2295000,-114000,2181000
2009/03/25,0,1142000,-76000,1066000
2009/03/26,0,1190000,-350000,840000
2009/03/27,0,1630000,-380000,1250000
2009/03/30,0,884000,-191000,693000
2009/03/31,0,645000,-499000,146000
2009/04/01,0,0,0,0
2009/04/02,0,290000,-897000,-607000
2009/04/03,0,557000,-667000,-110000
2009/04/06,0,674000,-32000,642000
2009/04/07,0,340000,-2636000,-2296000
2009/04/08,0,0,-3082000,-3082000
2009/04/09,0,403000,-2820000,-2417000
2009/04/10,0,50000,-4413000,-4363000
2009/04/13,0,0,-2179000,-2179000
2009/04/14,0,463000,-179000,284000
2009/04/15,0,70000,-1039000,-969000
2009/04/16,0,402000,-1181000,-779000
2009/04/17,0,16000,-538000,-522000
2009/04/20,0,173000,-2489000,-2316000
2009/04/21,0,0,-785000,-785000
2009/04/22,0,2264000,-116200,2147800
2009/04/23,0,2297000,0,2297000
2009/04/24,0,365000,0,365000
2009/04/27,0,115000,-1060000,-945000
2009/04/28,0,260000,-1413000,-1153000
2009/04/29,0,0,0,0
2009/04/30,0,645000,-1138000,-493000
2009/05/01,0,0,0,0
2009/05/04,0,1121000,-167000,954000
2009/05/05,0,264000,-1662000,-1398000
2009/05/06,0,847000,-7432500,-6585500
2009/05/07,0,507000,-4300000,-3793000
2009/05/08,0,1418000,0,1418000
2009/05/11,0,1658000,0,1658000
2009/05/12,0,2452000,-800000,1652000
2009/05/13,0,550000,-839000,-289000
2009/05/14,0,1181000,-230000,951000
2009/05/15,0,1000,-526000,-525000
2009/05/18,0,60000,-836500,-776500
2009/05/19,0,450000,-489000,-39000
2009/05/20,0,60000,-286000,-226000
2009/05/21,0,138000,-930000,-792000
2009/05/22,0,130000,-533000,-403000
2009/05/25,0,0,-438000,-438000
2009/05/26,0,28000,-1494000,-1466000
2009/05/27,0,123000,-204000,-81000
2009/05/28,0,0,0,0
2009/05/29,0,0,0,0
2009/06/01,0,88000,-902000,-814000
2009/06/02,0,0,-1177000,-1177000
2009/06/03,0,0,-495000,-495000
2009/06/04,0,26000,-1526000,-1500000
2009/06/05,0,0,-939000,-939000
2009/06/08,0,2000,-164800,-162800
2009/06/09,0,3000,-2615000,-2612000
2009/06/10,0,1000,-67900,-66900
2009/06/11,0,177000,-396000,-219000
2009/06/12,0,0,-436800,-436800
2009/06/15,0,152000,-1550000,-1398000
2009/06/16,0,2000,-130000,-128000
2009/06/17,0,29000,-702000,-673000
2009/06/18,0,2000,-1333200,-1331200
2009/06/19,0,21000,-1450500,-1429500
2009/06/22,0,101000,-66800,34200
2009/06/23,0,0,-274000,-274000
2009/06/24,0,130000,-701000,-571000
2009/06/25,0,1000,-333000,-332000
2009/06/26,0,113000,-150000,-37000
2009/06/29,0,0,-60300,-60300
2009/06/30,0,0,0,0
2009/07/01,0,1000,-200000,-199000
2009/07/02,0,113000,-145000,-32000
2009/07/03,0,0,-210000,-210000
2009/07/06,0,0,-250000,-250000
2009/07/07,0,161000,-310000,-149000
2009/07/08,0,0,-1000,-1000
2009/07/09,0,0,-771000,-771000
2009/07/10,0,0,-311000,-311000
2009/07/13,0,0,-71000,-71000
2009/07/14,0,0,-773000,-773000
2009/07/15,0,100000,-42000,58000
2009/07/16,0,1942000,-30000,1912000
2009/07/17,0,285000,-6000,279000
2009/07/20,0,0,-300000,-300000
2009/07/21,0,44000,-2000,42000
2009/07/22,0,615000,-100000,515000
2009/07/23,0,436000,-1000,435000
2009/07/24,0,385000,-1000,384000
2009/07/27,0,661000,0,661000
2009/07/28,0,30000,-300000,-270000
2009/07/29,0,481000,-4000,477000
2009/07/30,0,10000,-151000,-141000
2009/07/31,0,884000,-20000,864000
2009/08/03,0,462000,0,462000
2009/08/04,0,820000,-2000,818000
2009/08/05,0,369000,-330000,39000
2009/08/06,0,0,-160000,-160000
2009/08/07,0,0,0,0
2009/08/10,0,740000,-261000,479000
2009/08/11,0,87000,-160000,-73000
2009/08/12,0,1138000,0,1138000
2009/08/13,0,1287000,0,1287000
2009/08/14,0,1257000,-400000,857000
2009/08/17,0,0,-471000,-471000
2009/08/18,0,630000,-2030000,-1400000
2009/08/19,0,0,0,0
2009/08/20,0,26000,-388000,-362000
2009/08/21,0,5000,-216000,-211000
2009/08/24,0,1000,-100000,-99000
2009/08/25,0,0,-830000,-830000
2009/08/26,0,0,-76000,-76000
2009/08/27,0,1000,-1000,0
2009/08/28,0,0,-100000,-100000
2009/08/31,0,3000,-170000,-167000
2009/09/01,0,431000,-119000,312000
2009/09/02,0,630000,-254000,376000
2009/09/03,0,300000,-1000,299000
2009/09/04,0,0,-179000,-179000
2009/09/07,0,12000,-1000,11000
2009/09/08,0,0,-572000,-572000
2009/09/09,0,95000,-1400000,-1305000
2009/09/10,0,4000,-128000,-124000
2009/09/11,0,96000,-68000,28000
2009/09/14,0,1000,-77000,-76000
2009/09/15,0,80000,0,80000
2009/09/16,0,1504000,-258000,1246000
2009/09/17,0,0,-15000,-15000
2009/09/18,0,331000,-101000,230000
2009/09/21,0,657000,-1000,656000
2009/09/22,0,708000,0,708000
2009/09/23,0,281000,0,281000
2009/09/24,0,1345000,-1096000,249000
2009/09/25,0,0,-2056000,-2056000
2009/09/28,0,0,-1123000,-1123000
2009/09/29,0,101000,-364000,-263000
2009/09/30,0,10000,-208700,-198700
2009/10/01,0,10000,-155000,-145000
2009/10/02,0,0,-134000,-134000
2009/10/05,0,240000,-81000,159000
2009/10/06,0,0,-688000,-688000
2009/10/07,0,0,-450000,-450000
2009/10/08,0,0,-600000,-600000
2009/10/09,0,1000,-1216000,-1215000
2009/10/12,0,0,-1003000,-1003000
2009/10/13,0,1000,-495000,-494000
2009/10/14,0,0,-390000,-390000
2009/10/15,0,0,-366000,-366000
2009/10/16,0,0,-63000,-63000
2009/10/19,0,667000,-158000,509000
2009/10/20,0,610000,-251000,359000
2009/10/21,0,145000,-1900,143100
2009/10/22,0,0,-1154000,-1154000
2009/10/23,0,215000,-100000,115000
2009/10/26,0,878000,0,878000
2009/10/27,0,8000,0,8000
2009/10/28,0,150000,0,150000
2009/10/29,0,150000,0,150000
2009/10/30,0,50000,0,50000
2009/11/02,0,391000,-209300,181700
2009/11/03,0,1000,-128370,-127370
2009/11/04,0,105000,-88390,16610
2009/11/05,0,233000,-320000,-87000
2009/11/06,0,70000,-834340,-764340
2009/11/09,0,1000,-616900,-615900
2009/11/10,0,55000,-167600,-112600
2009/11/11,0,0,-1800,-1800
2009/11/12,0,266000,-346000,-80000
2009/11/13,0,536000,-2000,534000
2009/11/16,0,1509000,-210,1508790
2009/11/17,0,0,-94600,-94600
2009/11/18,0,10000,-251000,-241000
2009/11/19,0,220000,-566000,-346000
2009/11/20,0,2000,0,2000
2009/11/23,0,126000,-36000,90000
2009/11/24,0,0,0,0
2009/11/25,0,0,-4000,-4000
2009/11/26,0,1868000,0,1868000
2009/11/27,0,2577000,0,2577000
2009/11/30,0,3746000,-3000,3743000
2009/12/01,0,2118000,0,2118000
2009/12/02,0,3156000,-88000,3068000
2009/12/03,0,1112000,-502300,609700
2009/12/04,0,200000,-81000,119000
2009/12/07,0,1406000,-2184000,-778000
2009/12/08,0,644000,-574000,70000
2009/12/09,0,706000,-372000,334000
2009/12/10,0,250000,-57000,193000
2009/12/11,0,601000,-308600,292400
2009/12/14,0,0,-569000,-569000
2009/12/15,0,0,-636000,-636000
2009/12/16,0,0,-32000,-32000
2009/12/17,0,0,-320000,-320000
2009/12/18,0,2000,-398000,-396000
2009/12/21,0,723000,0,723000
2009/12/22,0,177000,-30000,147000
2009/12/23,0,0,-1315000,-1315000
2009/12/24,0,740000,-1559000,-819000
2009/12/25,0,0,-892550,-892550
2009/12/28,0,0,-725000,-725000
2009/12/29,0,0,-507000,-507000
2009/12/30,0,100000,-456000,-356000
2009/12/31,0,1040000,-800,1039200
2010/01/01,0,0,0,0
2010/01/04,0,1358000,0,1358000
2010/01/05,0,315000,-1299600,-984600
2010/01/06,0,0,-2261200,-2261200
2010/01/07,0,540000,-2166000,-1626000
2010/01/08,0,0,-1889000,-1889000
2010/01/11,0,0,-78000,-78000
2010/01/12,0,0,-904900,-904900
2010/01/13,0,0,0,0
2010/01/14,0,0,-74000,-74000
2010/01/15,0,0,-67000,-67000
2010/01/18,0,120000,0,120000
2010/01/19,0,13000,-250000,-237000
2010/01/20,0,0,-200000,-200000
2010/01/21,0,0,-250000,-250000
2010/01/22,0,0,0,0
2010/01/25,0,0,-541000,-541000
2010/01/26,0,0,-400000,-400000
2010/01/27,0,2000,0,2000
2010/01/28,0,0,-1601000,-1601000
2010/01/29,0,1000,-500000,-499000
2010/02/01,0,0,0,0
2010/02/02,0,0,0,0
2010/02/03,0,2000,-550000,-548000
2010/02/04,0,0,-325500,-325500
2010/02/05,0,0,-1040000,-1040000
2010/02/08,0,1000,-631000,-630000
2010/02/09,0,0,-214000,-214000
2010/02/10,0,442000,-1250400,-808400
2010/02/11,0,0,0,0
2010/02/12,0,0,0,0
2010/02/15,0,0,0,0
2010/02/16,0,0,0,0
2010/02/17,0,0,0,0
2010/02/18,0,0,0,0
2010/02/19,0,0,0,0
2010/02/22,0,1000,-650543,-649543
2010/02/23,0,0,-300000,-300000
2010/02/24,0,2000,0,2000
2010/02/25,0,2000,0,2000
2010/02/26,0,1000,0,1000
2010/03/01,0,0,-20000,-20000
2010/03/02,0,350000,0,350000
2010/03/03,0,0,0,0
2010/03/04,0,300000,-10000,290000
2010/03/05,0,0,0,0
2010/03/08,0,173000,0,173000
2010/03/09,0,0,0,0
2010/03/10,0,311000,-1000,310000
2010/03/11,0,0,-20000,-20000
2010/03/12,0,3000,-50000,-47000
2010/03/15,0,0,0,0
2010/03/16,0,0,-76000,-76000
2010/03/17,0,5000,-1000,4000
2010/03/18,0,250000,-500000,-250000
2010/03/19,0,905000,-1000,904000
2010/03/22,0,563000,0,563000
2010/03/23,0,71000,-1000,70000
2010/03/24,0,880000,0,880000
2010/03/25,0,597000,0,597000
2010/03/26,0,200000,0,200000
2010/03/29,0,1660000,-97000,1563000
2010/03/30,0,268000,0,268000
2010/03/31,0,420000,-1000,419000
2010/04/01,0,1607000,0,1607000
2010/04/02,0,0,0,0
2010/04/05,0,0,0,0
2010/04/06,0,1303000,0,1303000
2010/04/07,0,308000,0,308000
2010/04/08,0,0,0,0
2010/04/09,0,0,-77000,-77000
2010/04/12,0,0,-207000,-207000
2010/04/13,0,0,-104000,-104000
2010/04/14,0,170000,-502000,-332000
2010/04/15,0,1186000,-410000,776000
2010/04/16,0,50000,-5000,45000
2010/04/19,0,175000,-493688,-318688
2010/04/20,0,476000,-1000,475000
2010/04/21,0,240000,0,240000
2010/04/22,0,133000,-45000,88000
2010/04/23,0,1125000,0,1125000
2010/04/26,0,0,-45000,-45000
2010/04/27,0,0,0,0
2010/04/28,0,0,-101000,-101000
2010/04/29,0,810000,-127000,683000
2010/04/30,0,0,-1000,-1000
2010/05/03,0,80000,0,80000
2010/05/04,0,520000,-312000,208000
2010/05/05,0,0,-2000,-2000
2010/05/06,0,110000,0,110000
2010/05/07,0,12000,0,12000
2010/05/10,0,493000,0,493000
2010/05/11,0,400000,0,400000
2010/05/12,0,0,0,0
2010/05/13,0,0,0,0
2010/05/14,0,1000,-550000,-549000
2010/05/17,0,0,-1000,-1000
2010/05/18,0,1000,-668000,-667000
2010/05/19,0,0,-670000,-670000
2010/05/20,0,1000,-140000,-139000
2010/05/21,0,0,-98000,-98000
2010/05/24,0,404000,-1000,403000
2010/05/25,0,0,0,0
2010/05/26,0,141000,-19000,122000
2010/05/27,0,934000,-11000,923000
2010/05/28,0,783000,-81000,702000
2010/05/31,0,962000,-250000,712000
2010/06/01,0,746000,-147000,599000
2010/06/02,0,35000,-103000,-68000
2010/06/03,0,200000,-152000,48000
2010/06/04,0,100000,0,100000
2010/06/07,0,0,0,0
2010/06/08,0,355000,-536000,-181000
2010/06/09,0,38000,-2745000,-2707000
2010/06/10,0,336000,-113000,223000
2010/06/11,0,501000,-950,500050
2010/06/14,0,1000,-101000,-100000
2010/06/15,0,0,-705000,-705000
2010/06/16,0,0,0,0
2010/06/17,0,0,0,0
2010/06/18,0,0,-102000,-102000
2010/06/21,0,0,0,0
2010/06/22,0,0,-1000,-1000
2010/06/23,0,0,0,0
2010/06/24,0,8000,0,8000
2010/06/25,0,5000,0,5000
2010/06/28,0,0,-3000,-3000
2010/06/29,0,1000,-398000,-397000
2010/06/30,0,200000,-121000,79000
2010/07/01,0,0,-292000,-292000
2010/07/02,0,1000,-527000,-526000
2010/07/05,0,150000,-734000,-584000
2010/07/06,0,0,-235000,-235000
2010/07/07,0,0,-383000,-383000
2010/07/08,0,0,-220000,-220000
2010/07/09,0,0,-1350000,-1350000
2010/07/12,0,0,0,0
2010/07/13,0,0,-16000,-16000
2010/07/14,0,1060000,0,1060000
2010/07/15,0,130000,-478000,-348000
2010/07/16,0,40000,-204000,-164000
2010/07/19,0,0,-5000,-5000
2010/07/20,0,366000,-348000,18000
2010/07/21,0,821000,-1000,820000
2010/07/22,0,109000,-316000,-207000
2010/07/23,0,268000,-1015000,-747000
2010/07/26,0,0,-768000,-768000
2010/07/27,0,6000,-770000,-764000
2010/07/28,0,0,-560000,-560000
2010/07/29,0,1310000,-200000,1110000
2010/07/30,0,0,-17000,-17000
2010/08/02,0,3000,-314000,-311000
2010/08/03,0,702000,0,702000
2010/08/04,0,749000,-1000,748000
2010/08/05,0,400000,0,400000
2010/08/06,0,743000,-1000,742000
2010/08/09,0,3000,0,3000
2010/08/10,0,0,-294000,-294000
2010/08/11,0,0,0,0
2010/08/12,0,1000,-41000,-40000
2010/08/13,0,182000,-40000,142000
2010/08/16,0,500000,-900000,-400000
2010/08/17,0,1000,-600000,-599000
2010/08/18,0,0,-701000,-701000
2010/08/19,0,0,-4400,-4400
2010/08/20,0,0,-73000,-73000
2010/08/23,0,0,0,0
2010/08/24,0,0,-422000,-422000
2010/08/25,0,4000,-1957000,-1953000
2010/08/26,0,0,-816000,-816000
2010/08/27,0,1000,-185000,-184000
2010/08/30,0,2000,-210000,-208000
2010/08/31,0,0,0,0
2010/09/01,0,10000,-30000,-20000
2010/09/02,0,2000,0,2000
2010/09/03,0,0,0,0
2010/09/06,0,0,-140000,-140000
2010/09/07,0,64000,0,64000
2010/09/08,0,0,-400000,-400000
2010/09/09,0,0,0,0
2010/09/10,0,0,0,0
2010/09/13,0,0,0,0
2010/09/14,0,0,-531000,-531000
2010/09/15,0,7000,-976000,-969000
2010/09/16,0,2000,0,2000
2010/09/17,0,0,-121000,-121000
2010/09/20,0,0,-752000,-752000
2010/09/21,0,0,-816000,-816000
2010/09/22,0,0,0,0
2010/09/23,0,110000,-813000,-703000
2010/09/24,0,0,-250000,-250000
2010/09/27,0,193000,-24000,169000
2010/09/28,0,0,0,0
2010/09/29,0,351000,0,351000
2010/09/30,0,110000,-205000,-95000
2010/10/01,0,0,-1000000,-1000000
2010/10/04,0,0,0,0
2010/10/05,0,0,0,0
2010/10/06,0,0,-1000,-1000
2010/10/07,0,0,-300000,-300000
2010/10/08,0,0,0,0
2010/10/11,0,0,0,0
2010/10/12,0,100000,-1000,99000
2010/10/13,0,1067000,-18000,1049000
2010/10/14,0,639000,-100000,539000
2010/10/15,0,50000,-2000,48000
2010/10/18,0,0,0,0
2010/10/19,0,436000,0,436000
2010/10/20,0,1933000,0,1933000
2010/10/21,0,2274000,0,2274000
2010/10/22,0,1550000,0,1550000
2010/10/25,0,821000,0,821000
2010/10/26,0,2454000,-1000,2453000
2010/10/27,0,602000,0,602000
2010/10/28,0,611000,0,611000
2010/10/29,0,1120000,-393000,727000
2010/11/01,0,2067000,0,2067000
2010/11/02,0,797000,0,797000
2010/11/03,0,1180000,-26000,1154000
2010/11/04,0,1525000,0,1525000
2010/11/05,0,1260000,0,1260000
2010/11/08,0,2392000,0,2392000
2010/11/09,0,894000,0,894000
2010/11/10,0,85000,-2000,83000
2010/11/11,0,1166000,0,1166000
2010/11/12,0,50000,-276000,-226000
2010/11/15,0,18000,-1000,17000
2010/11/16,0,75000,-450000,-375000
2010/11/17,0,0,-742000,-742000
2010/11/18,0,873000,0,873000
2010/11/19,0,1990000,-174000,1816000
2010/11/22,0,190000,-442000,-252000
2010/11/23,0,300000,-14000,286000
2010/11/24,0,403000,0,403000
2010/11/25,0,1494000,0,1494000
2010/11/26,0,793000,0,793000
2010/11/29,0,540000,-89000,451000
2010/11/30,0,393000,-6000,387000
2010/12/01,0,44000,-137000,-93000
2010/12/02,0,22000,-296000,-274000
2010/12/03,0,1230000,-192000,1038000
2010/12/06,0,329000,-7000,322000
2010/12/07,0,529000,0,529000
2010/12/08,0,1104000,-57000,1047000
2010/12/09,0,1038000,-54000,984000
2010/12/10,0,650000,0,650000
2010/12/13,0,621000,-176000,445000
2010/12/14,0,840000,-734000,106000
2010/12/15,0,718000,-595000,123000
2010/12/16,0,520000,-2000,518000
2010/12/17,0,205000,-77000,128000
2010/12/20,0,0,-638000,-638000
2010/12/21,0,208000,-452000,-244000
2010/12/22,0,77000,-401000,-324000
2010/12/23,0,1993000,0,1993000
2010/12/24,0,1625000,-185000,1440000
2010/12/27,0,360000,0,360000
2010/12/28,0,76000,-36000,40000
2010/12/29,0,485000,-379000,106000
2010/12/30,0,121000,-130000,-9000
2010/12/31,0,568000,0,568000
2011/01/03,0,490000,-414000,76000
2011/01/04,0,20000,-226000,-206000
2011/01/05,0,136000,-44000,92000
2011/01/06,0,971000,-156000,815000
2011/01/07,0,156000,-29000,127000
2011/01/10,0,450000,-142000,308000
2011/01/11,0,621000,0,621000
2011/01/12,0,958000,0,958000
2011/01/13,0,497000,-46000,451000
2011/01/14,0,8000,-97000,-89000
2011/01/17,0,1009000,0,1009000
2011/01/18,0,265000,-45000,220000
2011/01/19,0,832000,-78000,754000
2011/01/20,0,45000,-647000,-602000
2011/01/21,0,366000,-5000,361000
2011/01/24,0,404000,-123000,281000
2011/01/25,0,218000,-180000,38000
2011/01/26,0,473000,-350000,123000
2011/01/27,0,240000,-39000,201000
2011/01/28,0,746000,-26000,720000
2011/01/31,0,0,0,0
2011/02/01,0,0,0,0
2011/02/02,0,0,0,0
2011/02/03,0,0,0,0
2011/02/04,0,0,0,0
2011/02/07,0,0,0,0
2011/02/08,0,516000,0,516000
2011/02/09,0,305000,-20000,285000
2011/02/10,0,100000,-569000,-469000
2011/02/11,0,424000,-548000,-124000
2011/02/14,0,333000,-200000,133000
2011/02/15,0,1012000,-225000,787000
2011/02/16,0,100000,-174000,-74000
2011/02/17,0,209000,-224000,-15000
2011/02/18,0,238000,0,238000
2011/02/21,0,388000,-29000,359000
2011/02/22,0,662000,-350000,312000
2011/02/23,0,61000,-30000,31000
2011/02/24,0,781000,-200000,581000
2011/02/25,0,653000,-163000,490000
2011/02/28,0,0,0,0
2011/03/01,0,914000,0,914000
2011/03/02,0,915000,-248000,667000
2011/03/03,0,1431000,-220000,1211000
2011/03/04,0,57000,-450000,-393000
2011/03/07,0,112000,-351000,-239000
2011/03/08,0,62000,-841000,-779000
2011/03/09,0,320000,-134000,186000
2011/03/10,0,31000,-1659000,-1628000
2011/03/11,0,1070000,-101000,969000
2011/03/14,0,542000,-312000,230000
2011/03/15,0,1000,-450000,-449000
2011/03/16,0,466000,-195000,271000
2011/03/17,0,328000,-483000,-155000
2011/03/18,0,422000,-200000,222000
2011/03/21,0,1350000,0,1350000
2011/03/22,0,149000,-243000,-94000
2011/03/23,0,463000,-304000,159000
2011/03/24,0,0,0,0
2011/03/25,0,67000,-458000,-391000
2011/03/28,0,0,-136000,-136000
2011/03/29,0,139000,-516000,-377000
2011/03/30,0,645000,-5000,640000
2011/03/31,0,87000,-380000,-293000
2011/04/01,0,30000,-1070000,-1040000
2011/04/04,0,0,0,0
2011/04/05,0,0,0,0
2011/04/06,0,210000,-477000,-267000
2011/04/07,0,222000,-500000,-278000
2011/04/08,0,463000,-176000,287000
2011/04/11,0,153000,-417000,-264000
2011/04/12,0,70000,-1026000,-956000
2011/04/13,0,58000,-642000,-584000
2011/04/14,0,613000,-51000,562000
2011/04/15,0,40000,-528000,-488000
2011/04/18,0,818000,-219000,599000
2011/04/19,0,737000,-438000,299000
2011/04/20,0,533000,-652000,-119000
2011/04/21,0,110000,-329000,-219000
2011/04/22,0,225000,-238000,-13000
2011/04/25,0,23000,-129000,-106000
2011/04/26,0,109000,-673000,-564000
2011/04/27,0,86000,-15000,71000
2011/04/28,0,25000,-811000,-786000
2011/04/29,0,45000,-5000,40000
2011/05/02,0,0,0,0
2011/05/03,0,70000,-360000,-290000
2011/05/04,0,839000,-727000,112000
2011/05/05,0,767000,-114000,653000
2011/05/06,0,100000,-261000,-161000
2011/05/09,0,298000,-422000,-124000
2011/05/10,0,312000,-614000,-302000
2011/05/11,0,413000,-1672000,-1259000
2011/05/12,0,380000,-2803000,-2423000
2011/05/13,0,334000,-1530000,-1196000
2011/05/16,0,265000,-1324000,-1059000
2011/05/17,0,609000,-86000,523000
2011/05/18,0,55000,-6000,49000
2011/05/19,0,365000,0,365000
2011/05/20,0,34000,-192000,-158000
2011/05/23,0,1107000,-1000,1106000
2011/05/24,0,68000,0,68000
2011/05/25,0,158000,-583000,-425000
2011/05/26,0,654000,-1383000,-729000
2011/05/27,0,326000,-536000,-210000
2011/05/30,0,26000,-510000,-484000
2011/05/31,0,398000,-501000,-103000
2011/06/01,0,475000,-305000,170000
2011/06/02,0,688000,-254000,434000
2011/06/03,0,69000,-373000,-304000
2011/06/06,0,0,0,0
2011/06/07,0,294000,-223000,71000
2011/06/08,0,95000,0,95000
2011/06/09,0,384000,0,384000
2011/06/10,0,569000,-500000,69000
2011/06/13,0,261000,-33000,228000
2011/06/14,0,211000,-19000,192000
2011/06/15,0,155000,-320000,-165000
2011/06/16,0,1389000,-863000,526000
2011/06/17,0,2446000,-868000,1578000
2011/06/20,0,932000,-40864,891136
2011/06/21,0,1283000,-356000,927000
2011/06/22,0,440000,-92000,348000
2011/06/23,0,378000,-101000,277000
2011/06/24,0,267000,-50000,217000
2011/06/27,0,193000,-626000,-433000
2011/06/28,0,560000,0,560000
2011/06/29,0,159000,-84000,75000
2011/06/30,0,171000,-352000,-181000
2011/07/01,0,102000,-75000,27000
2011/07/04,0,203000,-145000,58000
2011/07/05,0,533000,-40000,493000
2011/07/06,0,327000,-73000,254000
2011/07/07,0,404000,-102000,302000
2011/07/08,0,236000,-70000,166000
2011/07/11,0,372000,-302000,70000
2011/07/12,0,276000,-106000,170000
2011/07/13,0,205000,-88000,117000
2011/07/14,0,356000,-590000,-234000
2011/07/15,0,728000,-26000,702000
2011/07/18,0,107000,-311000,-204000
2011/07/19,0,976000,-170000,806000
2011/07/20,0,2148000,-124000,2024000
2011/07/21,0,318000,-42000,276000
2011/07/22,0,85000,-157000,-72000
2011/07/25,0,90000,-172000,-82000
2011/07/26,0,109000,-33000,76000
2011/07/27,0,0,-71000,-71000
2011/07/28,0,564000,-350000,214000
2011/07/29,0,190000,-422000,-232000
2011/08/01,0,598000,-19000,579000
2011/08/02,0,1189000,0,1189000
2011/08/03,0,463000,-69000,394000
2011/08/04,0,595000,-280000,315000
2011/08/05,0,73000,-132000,-59000
2011/08/08,0,164000,-295000,-131000
2011/08/09,0,311000,-392000,-81000
2011/08/10,0,533000,-47000,486000
2011/08/11,0,223000,-37000,186000
2011/08/12,0,401000,-171000,230000
2011/08/15,0,61000,-181000,-120000
2011/08/16,0,99000,-883000,-784000
2011/08/17,0,510000,-1083000,-573000
2011/08/18,0,713000,-423000,290000
2011/08/19,0,212000,-2146000,-1934000
2011/08/22,0,117000,-895000,-778000
2011/08/23,0,274000,-1160000,-886000
2011/08/24,0,289000,-30000,259000
2011/08/25,0,582000,-453000,129000
2011/08/26,0,108000,-508000,-400000
2011/08/29,0,961000,-481000,480000
2011/08/30,0,631000,0,631000
2011/08/31,0,542000,-70000,472000
2011/09/01,0,10000,-215000,-205000
2011/09/02,0,269000,-390000,-121000
2011/09/05,0,20000,-50000,-30000
2011/09/06,0,114000,-36000,78000
2011/09/07,0,246000,-30000,216000
2011/09/08,0,634000,0,634000
2011/09/09,0,479000,0,479000
2011/09/12,0,0,0,0
2011/09/13,0,656000,-100759,555241
2011/09/14,0,430000,-454000,-24000
2011/09/15,0,211000,-1959000,-1748000
2011/09/16,0,2391000,-2462000,-71000
2011/09/19,0,86000,-167000,-81000
2011/09/20,0,1037000,-1387000,-350000
2011/09/21,0,430486,-108522,321964
2011/09/22,0,594000,-360000,234000
2011/09/23,0,238000,-2634000,-2396000
2011/09/26,0,752000,-246000,506000
2011/09/27,0,622000,-144000,478000
2011/09/28,0,2129000,-191000,1938000
2011/09/29,0,677000,-15000,662000
2011/09/30,0,581000,-275000,306000
2011/10/03,0,606000,-274000,332000
2011/10/04,0,661000,-72000,589000
2011/10/05,0,453000,0,453000
2011/10/06,0,887000,-74000,813000
2011/10/07,0,1027000,-231000,796000
2011/10/10,0,0,0,0
2011/10/11,0,1074000,0,1074000
2011/10/12,0,1000000,0,1000000
2011/10/13,0,226000,-192000,34000
2011/10/14,0,1065000,-370000,695000
2011/10/17,0,0,-295000,-295000
2011/10/18,0,1000,-1000,0
2011/10/19,0,0,-5000,-5000
2011/10/20,0,72000,-3830874,-3758874
2011/10/21,0,41000,-1755000,-1714000
2011/10/24,0,339000,-470000,-131000
2011/10/25,0,570000,-609000,-39000
2011/10/26,0,300000,-647000,-347000
2011/10/27,0,148000,-469000,-321000
2011/10/28,0,114000,-105000,9000
2011/10/31,0,36000,-465000,-429000
2011/11/01,0,233000,-639000,-406000
2011/11/02,0,450000,-382000,68000
2011/11/03,0,295000,-259000,36000
2011/11/04,0,8000,-1169000,-1161000
2011/11/07,0,231000,-362000,-131000
2011/11/08,0,202000,-206000,-4000
2011/11/09,0,41000,-1092000,-1051000
2011/11/10,0,48000,-1392000,-1344000
2011/11/11,0,285000,-693000,-408000
2011/11/14,0,104000,-769756,-665756
2011/11/15,0,68000,-504000,-436000
2011/11/16,0,61000,-137000,-76000
2011/11/17,0,296000,-153000,143000
2011/11/18,0,281000,-122000,159000
2011/11/21,0,300000,-350000,-50000
2011/11/22,0,56000,-1028000,-972000
2011/11/23,0,92000,-635000,-543000
2011/11/24,0,2000,-73000,-71000
2011/11/25,0,59000,-1901000,-1842000
2011/11/28,0,21000,-2038000,-2017000
2011/11/29,0,1000,-355000,-354000
2011/11/30,0,161000,-257000,-96000
2011/12/01,0,138000,-566000,-428000
2011/12/02,0,0,-312000,-312000
2011/12/05,0,27000,-1636000,-1609000
2011/12/06,0,260000,-553000,-293000
2011/12/07,0,528000,-566000,-38000
2011/12/08,0,191000,-1171000,-980000
2011/12/09,0,582163,-1632247,-1050084
2011/12/12,0,225000,-1491000,-1266000
2011/12/13,0,1146000,-1401000,-255000
2011/12/14,0,3413000,-213000,3200000
2011/12/15,0,2235000,-580000,1655000
2011/12/16,0,802000,-193000,609000
2011/12/19,0,21000,-481000,-460000
2011/12/20,0,319000,-349000,-30000
2011/12/21,0,2082000,-4000,2078000
2011/12/22,0,3390000,-302000,3088000
2011/12/23,0,917000,-26000,891000
2011/12/26,0,1456000,-820000,636000
2011/12/27,0,615000,-374000,241000
2011/12/28,0,399000,-261000,138000
2011/12/29,0,74000,-620000,-546000
2011/12/30,0,480000,-145000,335000
2012/01/02,0,3000,-211000,-208000
2012/01/03,0,118000,-714000,-596000
2012/01/04,0,1133000,-22000,1111000
2012/01/05,0,572000,-8290,563710
2012/01/06,0,1643000,-19000,1624000
2012/01/09,0,3582000,-259000,3323000
2012/01/10,0,1201000,-285000,916000
2012/01/11,0,78000,-2000,76000
2012/01/12,0,460000,-3000,457000
2012/01/13,0,435000,-14000,421000
2012/01/16,0,473000,-47000,426000
2012/01/17,0,690000,-37000,653000
2012/01/18,0,961000,-35000,926000
2012/01/19,0,0,0,0
2012/01/20,0,0,0,0
2012/01/23,0,0,0,0
2012/01/24,0,0,0,0
2012/01/25,0,0,0,0
2012/01/26,0,0,0,0
2012/01/27,0,0,0,0
2012/01/30,0,143000,-1000,142000
2012/01/31,0,1232000,-965000,267000
2012/02/01,0,546000,-372000,174000
2012/02/02,0,357000,-467000,-110000
2012/02/03,0,202000,-1273000,-1071000
2012/02/06,0,83000,-1172000,-1089000
2012/02/07,0,332000,-74000,258000
2012/02/08,0,1715000,-83000,1632000
2012/02/09,0,575637,-360000,215637
2012/02/10,0,147000,-553000,-406000
2012/02/13,0,22000,-235000,-213000
2012/02/14,0,774000,-119000,655000
2012/02/15,0,1175000,-159000,1016000
2012/02/16,0,469000,-515000,-46000
2012/02/17,0,315000,-1401000,-1086000
2012/02/20,0,142000,-69000,73000
2012/02/21,0,166000,-221000,-55000
2012/02/22,0,421000,-500000,-79000
2012/02/23,0,93000,-18000,75000
2012/02/24,0,282000,-3000,279000
2012/02/27,0,0,0,0
2012/02/28,0,0,0,0
2012/02/29,0,1121000,-26000,1095000
2012/03/01,0,934000,-6000,928000
2012/03/02,0,1443000,-2000,1441000
2012/03/05,0,223000,-203000,20000
2012/03/06,0,427000,-608000,-181000
2012/03/07,0,35000,-67000,-32000
2012/03/08,0,466066,-293000,173066
2012/03/09,0,448000,-205000,243000
2012/03/12,0,178000,-111000,67000
2012/03/13,0,105000,-638000,-533000
2012/03/14,0,519000,-788000,-269000
2012/03/15,0,26000,-1213000,-1187000
2012/03/16,0,192000,-372000,-180000
2012/03/19,0,90000,-1126120,-1036120
2012/03/20,0,8000,-570000,-562000
2012/03/21,0,80000,-671000,-591000
2012/03/22,0,553000,0,553000
2012/03/23,0,266000,-566000,-300000
2012/03/26,0,140000,-994000,-854000
2012/03/27,0,98000,-1018000,-920000
2012/03/28,0,81000,-74000,7000
2012/03/29,0,105000,-552000,-447000
2012/03/30,0,79000,-154000,-75000
2012/04/02,0,122000,-208000,-86000
2012/04/03,0,100000,-506000,-406000
2012/04/04,0,0,0,0
2012/04/05,0,430000,-393118,36882
2012/04/06,0,188000,-103000,85000
2012/04/09,0,141000,-67000,74000
2012/04/10,0,50000,-27000,23000
2012/04/11,0,230000,-20,229980
2012/04/12,0,518000,0,518000
2012/04/13,0,845000,-18000,827000
2012/04/16,0,280000,-38000,242000
2012/04/17,0,111000,-108000,3000
2012/04/18,0,230000,-282000,-52000
2012/04/19,0,53000,-1510000,-1457000
2012/04/20,0,770000,-256000,514000
2012/04/23,0,299000,-1975000,-1676000
2012/04/24,0,664000,-95000,569000
2012/04/25,0,265000,-85000,180000
2012/04/26,0,208000,-829000,-621000
2012/04/27,0,142000,-139000,3000
2012/04/30,0,358000,-1718000,-1360000
2012/05/01,0,0,0,0
2012/05/02,0,228000,-7000,221000
2012/05/03,0,468783,-11000,457783
2012/05/04,0,160000,-796000,-636000
2012/05/07,0,6200,-430000,-423800
2012/05/08,0,182000,-20000,162000
2012/05/09,0,55000,-302000,-247000
2012/05/10,0,104000,-253000,-149000
2012/05/11,0,7000,-281000,-274000
2012/05/14,0,250000,-140000,110000
2012/05/15,0,5000,-1612000,-1607000
2012/05/16,0,169000,-1092000,-923000
2012/05/17,0,53000,-259000,-206000
2012/05/18,0,86000,-107000,-21000
2012/05/21,0,184000,-330000,-146000
2012/05/22,0,302000,-160000,142000
2012/05/23,0,289000,-709000,-420000
2012/05/24,0,260000,-25000,235000
2012/05/25,0,21000,-44000,-23000
2012/05/28,0,18000,-20000,-2000
2012/05/29,0,1180000,-46000,1134000
2012/05/30,0,674000,-114375,559625
2012/05/31,0,5000,-2000,3000
2012/06/01,0,485000,0,485000
2012/06/04,0,159000,-106000,53000
2012/06/05,0,262000,0,262000
2012/06/06,0,529000,-16000,513000
2012/06/07,0,921000,-35000,886000
2012/06/08,0,119000,-115000,4000
2012/06/11,0,290000,0,290000
2012/06/12,0,56000,0,56000
2012/06/13,0,108000,-204000,-96000
2012/06/14,0,154000,-381000,-227000
2012/06/15,0,482000,0,482000
2012/06/18,0,242000,-15080,226920
2012/06/19,0,228000,-2000,226000
2012/06/20,0,852000,-124000,728000
2012/06/21,0,261000,-270000,-9000
2012/06/22,0,152000,-59000,93000
2012/06/25,0,62000,-23000,39000
2012/06/26,0,272982,-185000,87982
2012/06/27,0,173000,0,173000
2012/06/28,0,560000,-22000,538000
2012/06/29,0,218000,-20000,198000
2012/07/02,0,572000,-210000,362000
2012/07/03,0,348000,-11000,337000
2012/07/04,0,276000,-5000,271000
2012/07/05,0,215000,-21000,194000
2012/07/06,0,20000,-685000,-665000
2012/07/09,0,10000,-988000,-978000
2012/07/10,0,1000,-261000,-260000
2012/07/11,0,0,-255000,-255000
2012/07/12,0,95000,-222000,-127000
2012/07/13,0,93000,-200000,-107000
2012/07/16,0,35000,-283000,-248000
2012/07/17,0,271000,-1145000,-874000
2012/07/18,0,203000,-590000,-387000
2012/07/19,0,413000,-564000,-151000
2012/07/20,0,78000,-813000,-735000
2012/07/23,0,4000,-2221000,-2217000
2012/07/24,0,242000,-761000,-519000
2012/07/25,0,191000,-223000,-32000
2012/07/26,0,4000,-279000,-275000
2012/07/27,0,229000,-3533000,-3304000
2012/07/30,0,397000,-2174000,-1777000
2012/07/31,0,0,-968000,-968000
2012/08/01,0,0,-5880000,-5880000
2012/08/02,0,0,0,0
2012/08/03,0,10000,-836000,-826000
2012/08/06,0,867000,-313000,554000
2012/08/07,0,70000,-582000,-512000
2012/08/08,0,747000,-35000,712000
2012/08/09,0,779000,-84000,695000
2012/08/10,0,1153000,-313000,840000
2012/08/13,0,300000,-544000,-244000
2012/08/14,0,22000,-238000,-216000
2012/08/15,0,31000,-151000,-120000
2012/08/16,0,664000,-144000,520000
2012/08/17,0,499000,-41664,457336
2012/08/20,0,5000,-390000,-385000
2012/08/21,0,65000,-135000,-70000
2012/08/22,0,216000,-61000,155000
2012/08/23,0,52000,-285000,-233000
2012/08/24,0,347000,-70000,277000
2012/08/27,0,717000,-1382000,-665000
2012/08/28,0,705000,-98000,607000
2012/08/29,0,15000,-20000,-5000
2012/08/30,0,0,-10000,-10000
2012/08/31,0,2500,-17000,-14500
2012/09/03,0,676000,-311000,365000
2012/09/04,0,1025000,-100000,925000
2012/09/05,0,30000,-601000,-571000
2012/09/06,0,105000,-2658000,-2553000
2012/09/07,0,321000,-870000,-549000
2012/09/10,0,38000,-898000,-860000
2012/09/11,0,18000,-150000,-132000
2012/09/12,0,617000,-809000,-192000
2012/09/13,0,649000,-809000,-160000
2012/09/14,0,100000,-107000,-7000
2012/09/17,0,793000,-27000,766000
2012/09/18,0,492000,-434000,58000
2012/09/19,0,894000,-190000,704000
2012/09/20,0,697000,-5000,692000
2012/09/21,0,70000,-7000,63000
2012/09/24,0,5000,-3000,2000
2012/09/25,0,25000,-2573000,-2548000
2012/09/26,0,0,-2466000,-2466000
2012/09/27,0,0,-787000,-787000
2012/09/28,0,51000,-331000,-280000
2012/10/01,0,31000,-485000,-454000
2012/10/02,0,30000,-172000,-142000
2012/10/03,0,0,-372000,-372000
2012/10/04,0,57000,-25000,32000
2012/10/05,0,17000,-875000,-858000
2012/10/08,0,0,-1294000,-1294000
2012/10/09,0,142000,-1751000,-1609000
2012/10/10,0,0,0,0
2012/10/11,0,0,-1317000,-1317000
2012/10/12,0,0,-1000,-1000
2012/10/15,0,100000,-1278000,-1178000
2012/10/16,0,100000,-252000,-152000
2012/10/17,0,671000,-113000,558000
2012/10/18,0,210000,-184000,26000
2012/10/19,0,0,-512000,-512000
2012/10/22,0,15000,-40000,-25000
2012/10/23,0,160000,0,160000
2012/10/24,0,443000,-20000,423000
2012/10/25,0,233000,-271000,-38000
2012/10/26,0,23000,-1138000,-1115000
2012/10/29,0,0,-551707,-551707
2012/10/30,0,0,-163000,-163000
2012/10/31,0,739000,-502000,237000
2012/11/01,0,0,-512300,-512300
2012/11/02,0,313000,-2000,311000
2012/11/05,0,12000,0,12000
2012/11/06,0,241000,-266000,-25000
2012/11/07,0,71000,-100000,-29000
2012/11/08,0,0,-21000,-21000
2012/11/09,0,591000,-20000,571000
2012/11/12,0,399000,-20000,379000
2012/11/13,0,110000,-35000,75000
2012/11/14,0,1499000,-350000,1149000
2012/11/15,0,1334000,-13000,1321000
2012/11/16,0,4481000,0,4481000
2012/11/19,0,1597000,0,1597000
2012/11/20,0,869000,-50000,819000
2012/11/21,0,313000,-55000,258000
2012/11/22,0,135000,-683000,-548000
2012/11/23,0,980000,-25000,955000
2012/11/26,0,1601000,-25000,1576000
2012/11/27,0,235000,-44000,191000
2012/11/28,0,1208000,-352000,856000
2012/11/29,0,1471000,0,1471000
2012/11/30,0,770000,-51000,719000
2012/12/03,0,155000,0,155000
2012/12/04,0,178000,-160000,18000
2012/12/05,0,388000,-21000,367000
2012/12/06,0,222000,-430000,-208000
2012/12/07,0,145000,-371000,-226000
2012/12/10,0,55000,-83000,-28000
2012/12/11,0,81000,-121000,-40000
2012/12/12,0,84000,0,84000
2012/12/13,0,270000,-39000,231000
2012/12/14,0,305000,-827000,-522000
2012/12/17,0,94000,-1196000,-1102000
2012/12/18,0,224000,-1086000,-862000
2012/12/19,0,138000,-69000,69000
2012/12/20,0,899000,0,899000
2012/12/21,0,505000,-143000,362000
2012/12/24,0,240000,-196000,44000
2012/12/25,0,45000,-1300000,-1255000
2012/12/26,0,138000,-189000,-51000
2012/12/27,0,557000,0,557000
2012/12/28,0,0,-585000,-585000
2012/12/31,0,0,0,0
2013/01/01,0,0,0,0
2013/01/02,0,678000,-285000,393000
2013/01/03,0,545000,-1000,544000
2013/01/04,0,1440000,-18000,1422000
2013/01/07,0,1010000,-10000,1000000
2013/01/08,0,174000,-454000,-280000
2013/01/09,0,641000,-11000,630000
2013/01/10,0,267000,-2211000,-1944000
2013/01/11,0,0,-2443000,-2443000
2013/01/14,0,55000,-2837000,-2782000
2013/01/15,0,25000,-6291000,-6266000
2013/01/16,0,181000,-1252000,-1071000
2013/01/17,0,28655,-789000,-760345
2013/01/18,0,60000,-40000,20000
2013/01/21,0,15000,-111000,-96000
2013/01/22,0,20000,-99000,-79000
2013/01/23,0,171000,-233000,-62000
2013/01/24,0,1000,-834000,-833000
2013/01/25,0,53000,-80000,-27000
2013/01/28,0,204000,0,204000
2013/01/29,0,452000,-16000,436000
2013/01/30,0,126000,-50000,76000
2013/01/31,0,23000,-59000,-36000
2013/02/01,0,91000,-177000,-86000
2013/02/04,0,2000,-611000,-609000
2013/02/05,0,0,-1650000,-1650000
2013/02/06,0,941000,-455000,486000
2013/02/07,0,0,0,0
2013/02/08,0,0,0,0
2013/02/11,0,0,0,0
2013/02/12,0,0,0,0
2013/02/13,0,0,0,0
2013/02/14,0,0,0,0
2013/02/15,0,0,0,0
2013/02/18,0,1011000,-42000,969000
2013/02/19,0,86000,-61000,25000
2013/02/20,0,1823000,-161000,1662000
2013/02/21,0,519000,-31000,488000
2013/02/22,0,1440000,-5000,1435000
2013/02/25,0,146000,-90000,56000
2013/02/26,0,100000,-10000,90000
2013/02/27,0,16000,0,16000
2013/02/28,0,0,0,0
2013/03/01,0,100000,-160000,-60000
2013/03/04,0,0,-376000,-376000
2013/03/05,0,0,-170000,-170000
2013/03/06,0,62000,-1850000,-1788000
2013/03/07,0,251000,-828000,-577000
2013/03/08,0,26000,-659000,-633000
2013/03/11,0,0,-1406000,-1406000
2013/03/12,0,0,-465000,-465000
2013/03/13,0,204000,0,204000
2013/03/14,0,27000,-2000,25000
2013/03/15,0,85000,-81000,4000
2013/03/18,0,106000,-2000,104000
2013/03/19,0,132000,-248000,-116000
2013/03/20,0,0,-373000,-373000
2013/03/21,0,0,-100000,-100000
2013/03/22,0,0,-118000,-118000
2013/03/25,0,0,-213000,-213000
2013/03/26,0,350000,-60000,290000
2013/03/27,0,0,-13000,-13000
2013/03/28,0,530000,0,530000
2013/03/29,0,255000,-88000,167000
2013/04/01,0,2773000,-151000,2622000
2013/04/02,0,332000,-154000,178000
2013/04/03,0,569000,0,569000
2013/04/04,0,0,0,0
2013/04/05,0,0,0,0
2013/04/08,0,1572000,-770000,802000
2013/04/09,0,521000,0,521000
2013/04/10,0,160000,0,160000
2013/04/11,0,626000,-10000,616000
2013/04/12,0,433000,0,433000
2013/04/15,0,578000,0,578000
2013/04/16,0,593000,0,593000
2013/04/17,0,584000,-3000,581000
2013/04/18,0,452000,-55000,397000
2013/04/19,0,470647,-15000,455647
2013/04/22,0,182000,-550000,-368000
2013/04/23,0,0,-1220000,-1220000
2013/04/24,0,100000,-400000,-300000
2013/04/25,0,98000,-23000,75000
2013/04/26,0,10000,-106000,-96000
2013/04/29,0,0,-275000,-275000
2013/04/30,0,670000,-121000,549000
2013/05/01,0,0,0,0
2013/05/02,0,230000,-76000,154000
2013/05/03,0,250000,-252000,-2000
2013/05/06,0,597000,-1000,596000
2013/05/07,0,478000,-292000,186000
2013/05/08,0,311000,-120000,191000
2013/05/09,0,234000,-235000,-1000
2013/05/10,0,72000,-13000,59000
2013/05/13,0,199000,-2000,197000
2013/05/14,0,294000,-1000,293000
2013/05/15,0,5000,0,5000
2013/05/16,0,213000,0,213000
2013/05/17,0,130000,-61000,69000
2013/05/20,0,34000,-1000,33000
2013/05/21,0,92000,-288000,-196000
2013/05/22,0,5000,-703000,-698000
2013/05/23,0,0,-688000,-688000
2013/05/24,0,0,-413000,-413000
2013/05/27,0,34000,-139000,-105000
2013/05/28,0,20000,-1001000,-981000
2013/05/29,0,34000,-300000,-266000
2013/05/30,0,13000,0,13000
2013/05/31,0,35000,-139000,-104000
2013/06/03,0,5000,-250000,-245000
2013/06/04,0,0,-451000,-451000
2013/06/05,0,0,-1436000,-1436000
2013/06/06,0,57000,-543000,-486000
2013/06/07,0,32000,-253000,-221000
2013/06/10,0,202000,-40000,162000
2013/06/11,0,53000,0,53000
2013/06/12,0,0,0,0
2013/06/13,0,18000,-153000,-135000
2013/06/14,0,166000,-50000,116000
2013/06/17,0,0,-30000,-30000
2013/06/18,0,1035000,-41000,994000
2013/06/19,0,52000,0,52000
2013/06/20,0,100000,-40000,60000
2013/06/21,0,115000,-234000,-119000
2013/06/24,0,152000,0,152000
2013/06/25,0,0,-162000,-162000
2013/06/26,0,27000,-1000,26000
2013/06/27,0,80000,0,80000
2013/06/28,0,0,0,0
2013/07/01,0,15000,-87000,-72000
2013/07/02,0,0,-182000,-182000
2013/07/03,0,23000,-1194000,-1171000
2013/07/04,0,1000,-1029000,-1028000
2013/07/05,0,33000,-41000,-8000
2013/07/08,0,0,-354000,-354000
2013/07/09,0,0,-140000,-140000
2013/07/10,0,0,-105000,-105000
2013/07/11,0,0,-209084,-209084
2013/07/12,0,40000,-617000,-577000
2013/07/15,0,0,-270000,-270000
2013/07/16,0,0,-999000,-999000
2013/07/17,0,0,-126000,-126000
2013/07/18,0,21000,-1681000,-1660000
2013/07/19,0,1000,-1786000,-1785000
2013/07/22,0,0,-1312000,-1312000
2013/07/23,0,0,-65000,-65000
2013/07/24,0,1000,-150000,-149000
2013/07/25,0,0,-397000,-397000
2013/07/26,0,0,-749000,-749000
2013/07/29,0,0,-150000,-150000
2013/07/30,0,9000,-190000,-181000
2013/07/31,0,0,-977000,-977000
2013/08/01,0,209000,-417000,-208000
2013/08/02,0,0,-429000,-429000
2013/08/05,0,0,-40000,-40000
2013/08/06,0,945000,0,945000
2013/08/07,0,139000,0,139000
2013/08/08,0,89000,0,89000
2013/08/09,0,14000,-103000,-89000
2013/08/12,0,0,-101000,-101000
2013/08/13,0,0,0,0
2013/08/14,0,1000,-55000,-54000
2013/08/15,0,0,-2000,-2000
2013/08/16,0,1000,-4000,-3000
2013/08/19,0,1000,0,1000
2013/08/20,0,120500,0,120500
2013/08/21,0,0,0,0
2013/08/22,0,131000,-366000,-235000
2013/08/23,0,277000,0,277000
2013/08/26,0,32000,0,32000
2013/08/27,0,473000,-33000,440000
2013/08/28,0,232000,-70000,162000
2013/08/29,0,367000,-73000,294000
2013/08/30,0,609000,-56000,553000
2013/09/02,0,147000,-35000,112000
2013/09/03,0,2132,-395000,-392868
2013/09/04,0,460000,0,460000
2013/09/05,0,66000,0,66000
2013/09/06,0,1000,0,1000
2013/09/09,0,0,0,0
2013/09/10,0,0,-1000,-1000
2013/09/11,0,4000,-165000,-161000
2013/09/12,0,77000,-4000,73000
2013/09/13,0,100000,-225000,-125000
2013/09/16,0,0,0,0
2013/09/17,0,5000,0,5000
2013/09/18,0,298700,-107000,191700
2013/09/19,0,0,0,0
2013/09/20,0,0,0,0
2013/09/23,0,1075000,0,1075000
2013/09/24,0,702000,0,702000
2013/09/25,0,1097000,-1000,1096000
2013/09/26,0,376000,-25000,351000
2013/09/27,0,0,0,0
2013/09/30,0,40000,-1000,39000
2013/10/01,0,648000,-19000,629000
2013/10/02,0,810000,-19000,791000
2013/10/03,0,958000,-21000,937000
2013/10/04,0,130000,0,130000
2013/10/07,0,586000,-40000,546000
2013/10/08,0,128000,0,128000
2013/10/09,0,0,0,0
2013/10/10,0,0,0,0
2013/10/11,0,30000,0,30000
2013/10/14,0,215000,-60000,155000
2013/10/15,0,321000,-70000,251000
2013/10/16,0,256000,-80000,176000
2013/10/17,0,1000,-720000,-719000
2013/10/18,0,108000,-300,107700
2013/10/21,0,373000,0,373000
2013/10/22,0,61000,-2000,59000
2013/10/23,0,306000,0,306000
2013/10/24,0,200000,0,200000
2013/10/25,0,657000,0,657000
2013/10/28,0,54000,-36000,18000
2013/10/29,0,100000,0,100000
2013/10/30,0,44000,0,44000
2013/10/31,0,100000,-55500,44500
2013/11/01,0,60000,-50000,10000
2013/11/04,0,262000,-195000,67000
2013/11/05,0,394000,0,394000
2013/11/06,0,143000,-60000,83000
2013/11/07,0,0,-71000,-71000
2013/11/08,0,0,-80000,-80000
2013/11/11,0,119000,0,119000
2013/11/12,0,100000,0,100000
2013/11/13,0,0,-62000,-62000
2013/11/14,0,24000,0,24000
2013/11/15,0,10000,0,10000
2013/11/18,0,0,-16000,-16000
2013/11/19,0,0,0,0
2013/11/20,0,38000,0,38000
2013/11/21,0,0,-133000,-133000
2013/11/22,0,69000,-63000,6000
2013/11/25,0,0,-1710,-1710
2013/11/26,0,0,-177000,-177000
2013/11/27,0,0,-125000,-125000
2013/11/28,0,0,-107000,-107000
2013/11/29,0,104000,-476000,-372000
2013/12/02,0,86000,-8000,78000
2013/12/03,0,0,-624000,-624000
2013/12/04,0,0,-275000,-275000
2013/12/05,0,8000,-221000,-213000
2013/12/06,0,557000,-19000,538000
2013/12/09,0,629000,-337000,292000
2013/12/10,0,492000,-251000,241000
2013/12/11,0,657000,-50000,607000
2013/12/12,0,279000,-80000,199000
2013/12/13,0,36000,-39000,-3000
2013/12/16,0,3000,-50000,-47000
2013/12/17,0,200000,-462000,-262000
2013/12/18,0,167000,0,167000
2013/12/19,0,369000,-60000,309000
2013/12/20,0,142000,-123000,19000
2013/12/23,0,0,-80000,-80000
2013/12/24,0,42000,-3000,39000
2013/12/25,0,87000,-122000,-35000
2013/12/26,0,9000,-171000,-162000
2013/12/27,0,41000,-56000,-15000
2013/12/30,0,435000,0,435000
2013/12/31,0,53000,-1000,52000
2014/01/02,0,821000,-2000,819000
2014/01/03,0,646000,-1000,645000
2014/01/06,0,549000,-341000,208000
2014/01/07,0,10000,0,10000
2014/01/08,0,27000,0,27000
2014/01/09,0,904000,0,904000
2014/01/10,0,150000,0,150000
2014/01/13,0,116000,-33000,83000
2014/01/14,0,54000,-380000,-326000
2014/01/15,0,67000,-24000,43000
2014/01/16,0,176000,-110000,66000
2014/01/17,0,167000,-1000,166000
2014/01/20,0,146000,-215000,-69000
2014/01/21,0,752000,-233000,519000
2014/01/22,0,240000,-102000,138000
2014/01/23,0,117000,-100000,17000
2014/01/24,0,104000,-300000,-196000
2014/01/27,0,58000,-363000,-305000
2014/02/05,0,703000,-150000,553000
2014/02/06,0,574000,-159000,415000
2014/02/07,0,860000,-420000,440000
2014/02/10,0,294000,-140000,154000
2014/02/11,0,618000,-139000,479000
2014/02/12,0,600000,-40000,560000
2014/02/13,0,76000,-109542,-33542
2014/02/14,0,196000,-399000,-203000
2014/02/17,0,125000,-297000,-172000
2014/02/18,0,1109000,-278000,831000
2014/02/19,0,96000,-265000,-169000
2014/02/20,0,1000,-300000,-299000
2014/02/21,0,116000,-124000,-8000
2014/02/24,0,10000,-76000,-66000
2014/02/25,0,331000,-574000,-243000
2014/02/26,0,47000,-50000,-3000
2014/02/27,0,7000,-72000,-65000
2014/03/03,0,0,-16000,-16000
2014/03/04,0,50000,-108000,-58000
2014/03/05,0,583000,-114000,469000
2014/03/06,0,800000,-461000,339000
2014/03/07,0,66000,-65000,1000
2014/03/10,0,114000,-208000,-94000
2014/03/11,0,0,-26000,-26000
2014/03/12,0,0,-179000,-179000
2014/03/13,0,0,-566000,-566000
2014/03/14,0,73000,-24000,49000
2014/03/17,0,103000,0,103000
2014/03/18,0,56000,-16000,40000
2014/03/19,0,25000,-101000,-76000
2014/03/20,0,0,-202000,-202000
2014/03/21,0,0,0,0
2014/03/24,0,125000,-125000,0
2014/03/25,0,0,0,0
2014/03/26,0,58000,-75000,-17000
2014/03/27,0,145000,-10000,135000
2014/03/28,0,67000,-1000,66000
2014/03/31,0,76000,0,76000
2014/04/01,0,305000,-46000,259000
2014/04/02,0,78000,-8000,70000
2014/04/03,0,670000,-265000,405000
2014/04/07,0,10000,-8000,2000
2014/04/08,0,147000,-75000,72000
2014/04/09,0,22000,0,22000
2014/04/10,0,229401,-127000,102401
2014/04/11,0,17000,-3000,14000
2014/04/14,0,18000,-24000,-6000
2014/04/15,0,1000,-26000,-25000
2014/04/16,0,447000,-148000,299000
2014/04/17,0,1355000,-105000,1250000
2014/04/18,0,218000,-33000,185000
2014/04/21,0,304000,0,304000
2014/04/22,0,580000,-1000,579000
2014/04/23,0,1316000,-21000,1295000
2014/04/24,0,675000,-30000,645000
2014/04/25,0,320000,-38000,282000
2014/04/28,0,336000,-109000,227000
2014/04/29,0,468000,-37000,431000
2014/04/30,0,438000,-35000,403000
2014/05/02,0,308000,-15000,293000
2014/05/05,0,159000,-73000,86000
2014/05/06,0,196000,-120000,76000
2014/05/07,0,377000,-6000,371000
2014/05/08,0,101000,-15000,86000
2014/05/09,0,113000,0,113000
2014/05/12,0,387000,-6000,381000
2014/05/13,0,158000,-1000,157000
2014/05/14,0,264000,0,264000
2014/05/15,0,36000,0,36000
2014/05/16,0,163000,0,163000
2014/05/19,0,199000,-16000,183000
2014/05/20,0,610000,-5000,605000
2014/05/21,0,235000,0,235000
2014/05/22,0,362000,-10000,352000
2014/05/23,0,460000,-49000,411000
2014/05/26,0,337000,-17000,320000
2014/05/27,0,7000,-21000,-14000
2014/05/28,0,15000,-164000,-149000
2014/05/29,0,65000,-160000,-95000
2014/05/30,0,133000,-86000,47000
2014/06/03,0,122000,-10000,112000
2014/06/04,0,114000,-21000,93000
2014/06/05,0,127000,-24000,103000
2014/06/06,0,0,-2000,-2000
2014/06/09,0,0,-4000,-4000
2014/06/10,0,30000,-37000,-7000
2014/06/11,0,153000,-42000,111000
2014/06/12,0,61000,-21000,40000
2014/06/13,0,7000,-157000,-150000
2014/06/16,0,27000,-27000,0
2014/06/17,0,125000,-72000,53000
2014/06/18,0,4000,-74000,-70000
2014/06/19,0,50000,-72000,-22000
2014/06/20,0,3000,-125500,-122500
2014/06/23,0,18000,-96000,-78000
2014/06/24,0,72000,-804000,-732000
2014/06/25,0,124000,-477000,-353000
2014/06/26,0,7000,-130000,-123000
2014/06/27,0,20000,-47000,-27000
2014/06/30,0,13000,-52000,-39000
2014/07/01,0,0,-349000,-349000
2014/07/02,0,12654,-474000,-461346
2014/07/03,0,0,-146000,-146000
2014/07/04,0,0,-415000,-415000
2014/07/07,0,2000,0,2000
2014/07/08,0,5000,0,5000
2014/07/09,0,54000,-66000,-12000
2014/07/10,0,2000,-42000,-40000
2014/07/11,0,12000,-199000,-187000
2014/07/14,0,120000,-87000,33000
2014/07/15,0,143000,-49000,94000
2014/07/16,0,130000,-20000,110000
2014/07/17,0,35000,-110000,-75000
2014/07/18,0,0,-481000,-481000
2014/07/21,0,0,-239000,-239000
2014/07/22,0,3000,-8000,-5000
2014/07/23,0,0,0,0
2014/07/24,0,106000,-37000,69000
2014/07/25,0,1000,-191000,-190000
2014/07/28,0,6000,-750000,-744000
2014/07/29,0,265000,-1177000,-912000
2014/07/30,0,31000,-46000,-15000
2014/07/31,0,5000,-47000,-42000
2014/08/01,0,145000,-369000,-224000
2014/08/04,0,126000,-25000,101000
2014/08/05,0,0,-297000,-297000
2014/08/06,0,251000,-135000,116000
2014/08/07,0,209000,-76000,133000
2014/08/08,0,8000,-162000,-154000
2014/08/11,0,269000,-230000,39000
2014/08/12,0,864000,-173000,691000
2014/08/13,0,100000,0,100000
2014/08/14,0,121000,-80000,41000
2014/08/15,0,17000,-11000,6000
2014/08/18,0,25000,0,25000
2014/08/19,0,379000,-60000,319000
2014/08/20,0,109000,-1000,108000
2014/08/21,0,141000,0,141000
2014/08/22,0,30000,-10000,20000
2014/08/25,0,72000,0,72000
2014/08/26,0,558000,-14000,544000
2014/08/27,0,130500,-4000,126500
2014/08/28,0,249000,0,249000
2014/08/29,0,160000,-310000,-150000
2014/09/01,0,70000,0,70000
2014/09/02,0,83000,-18000,65000
2014/09/03,0,214000,-400000,-186000
2014/09/04,0,65000,-150000,-85000
2014/09/05,0,131000,-140000,-9000
2014/09/09,0,304000,-26000,278000
2014/09/10,0,82000,-41000,41000
2014/09/11,0,268000,-7000,261000
2014/09/12,0,128000,-462000,-334000
2014/09/15,0,51000,-121000,-70000
2014/09/16,0,62000,-3000,59000
2014/09/17,0,236000,-101000,135000
2014/09/18,0,22000,0,22000
2014/09/19,0,205000,-2000,203000
2014/09/22,0,33151,-171000,-137849
2014/09/23,0,17000,-63000,-46000
2014/09/24,0,34000,0,34000
2014/09/25,0,122000,-801000,-679000
2014/09/26,0,25000,-450000,-425000
2014/09/29,0,60000,0,60000
2014/09/30,0,361000,-251000,110000
2014/10/01,0,72000,-348000,-276000
2014/10/02,0,10000,-100000,-90000
2014/10/03,0,61000,-100000,-39000
2014/10/06,0,11000,-192000,-181000
2014/10/07,0,1000,-536000,-535000
2014/10/08,0,0,-149000,-149000
2014/10/09,0,154000,-100000,54000
2014/10/13,0,0,-7000,-7000
2014/10/14,0,0,0,0
2014/10/15,0,12000,-437000,-425000
2014/10/16,0,87000,-146000,-59000
2014/10/17,0,4000,-126000,-122000
2014/10/20,0,6000,-10000,-4000
2014/10/21,0,143000,0,143000
2014/10/22,0,62000,0,62000
2014/10/23,0,4000,-115000,-111000
2014/10/24,0,18000,-41000,-23000
2014/10/27,0,0,-235000,-235000
2014/10/28,0,77000,-125000,-48000
2014/10/29,0,633000,-100000,533000
2014/10/30,0,107000,0,107000
2014/10/31,0,18000,-2074000,-2056000
2014/11/03,0,22000,-884000,-862000
2014/11/04,0,120000,-25000,95000
2014/11/05,0,75000,-131000,-56000
2014/11/06,0,139000,-170000,-31000
2014/11/07,0,130000,-371000,-241000
2014/11/10,0,70000,-699000,-629000
2014/11/11,0,5000,-402000,-397000
2014/11/12,0,2000,-951000,-949000
2014/11/13,0,111000,-480000,-369000
2014/11/14,0,17000,-463000,-446000
2014/11/17,0,20000,-6000,14000
2014/11/18,0,296000,-22000,274000
2014/11/19,0,9000,-295000,-286000
2014/11/20,0,212000,-242000,-30000
2014/11/21,0,3000,-374000,-371000
2014/11/24,0,0,-123000,-123000
2014/11/25,0,54000,-222000,-168000
2014/11/26,0,88000,-8000,80000
2014/11/27,0,187000,-50000,137000
2014/11/28,0,0,-139000,-139000
2014/12/01,0,10000,-69000,-59000
2014/12/02,0,4000,-162000,-158000
2014/12/03,0,10000,-121000,-111000
2014/12/04,0,0,-10000,-10000
2014/12/05,0,51000,-47000,4000
2014/12/08,0,0,-390000,-390000
2014/12/09,0,0,-399000,-399000
2014/12/10,0,0,-171000,-171000
2014/12/11,0,0,-217112,-217112
2014/12/12,0,0,-75000,-75000
2014/12/15,0,50000,-124000,-74000
2014/12/16,0,7000,-1371000,-1364000
2014/12/17,0,12000,-1141000,-1129000
2014/12/18,0,0,-33000,-33000
2014/12/19,0,82000,-298000,-216000
2014/12/22,0,0,0,0
2014/12/23,0,0,-18000,-18000
2014/12/24,0,35000,-274000,-239000
2014/12/25,0,0,-50000,-50000
2014/12/26,0,0,-335000,-335000
2014/12/29,0,0,-91000,-91000
2014/12/30,0,34000,-26000,8000
2014/12/31,0,0,-89000,-89000
2015/01/01,0,0,0,0
2015/01/02,0,0,0,0
2015/01/05,0,0,-130000,-130000
2015/01/06,0,310000,-40000,270000
2015/01/07,0,154000,-4000,150000
2015/01/08,0,352000,0,352000
2015/01/09,0,58000,0,58000
2015/01/12,0,146000,0,146000
2015/01/13,0,6000,-3000,3000
2015/01/14,0,352000,-10000,342000
2015/01/15,0,260000,-4000,256000
2015/01/16,0,16000,-1000,15000
2015/01/19,0,94000,-18000,76000
2015/01/20,0,450000,-7000,443000
2015/01/21,0,378000,0,378000
2015/01/22,0,835000,-116000,719000
2015/01/23,0,429000,-10000,419000
2015/01/26,0,604000,-73000,531000
2015/01/27,0,470000,-98000,372000
2015/01/28,0,84000,0,84000
2015/01/29,0,312000,-156000,156000
2015/01/30,0,166000,-2000,164000
2015/02/02,0,385000,-43000,342000
2015/02/03,0,1106000,0,1106000
2015/02/04,0,92000,-1000,91000
2015/02/05,0,63000,0,63000
2015/02/06,0,35000,-4000,31000
2015/02/09,0,114000,0,114000
2015/02/10,0,102000,-61000,41000
2015/02/11,0,58000,-479000,-421000
2015/02/12,0,353000,0,353000
2015/02/13,0,260000,-8000,252000
2015/02/16,0,0,0,0
2015/02/17,0,0,0,0
2015/02/18,0,0,0,0
2015/02/19,0,0,0,0
2015/02/20,0,0,0,0
2015/02/23,0,0,0,0
2015/02/24,0,405000,-5000,400000
2015/02/25,0,10000,-18000,-8000
2015/02/26,0,107000,-397000,-290000
2015/02/27,0,0,0,0
2015/03/02,0,280000,-73000,207000
2015/03/03,0,276000,-2000,274000
2015/03/04,0,11000,-261000,-250000
2015/03/05,0,50000,-147000,-97000
2015/03/06,0,218000,-128000,90000
2015/03/09,0,253000,-17000,236000
2015/03/10,0,26000,-160000,-134000
2015/03/11,0,41000,-108000,-67000
2015/03/12,0,290000,-162082,127918
2015/03/13,0,0,-97000,-97000
2015/03/16,0,0,-101000,-101000
2015/03/17,0,37000,0,37000
2015/03/18,0,122000,-9000,113000
2015/03/19,0,374000,-1000,373000
2015/03/20,0,735000,-6000,729000
2015/03/23,0,814000,-21000,793000
2015/03/24,0,328000,-155000,173000
2015/03/25,0,0,-40000,-40000
2015/03/26,0,143000,-119000,24000
2015/03/27,0,169000,-13000,156000
2015/03/30,0,23000,-706000,-683000
2015/03/31,0,98000,-93000,5000
2015/04/01,0,94000,-558000,-464000
2015/04/02,0,345000,-9000,336000
2015/04/03,0,0,0,0
2015/04/06,0,0,0,0
2015/04/07,0,258000,0,258000
2015/04/08,0,189000,-59000,130000
2015/04/09,0,5000,-109000,-104000
2015/04/10,0,187000,-8000,179000
2015/04/13,0,0,0,0
2015/04/14,0,104000,-26000,78000
2015/04/15,0,2000,-151000,-149000
2015/04/16,0,116000,-11000,105000
2015/04/17,0,37000,-140000,-103000
2015/04/20,0,28000,-31000,-3000
2015/04/21,0,88000,0,88000
2015/04/22,0,151000,-42000,109000
2015/04/23,0,116000,-81000,35000
2015/04/24,0,54000,-287000,-233000
2015/04/27,0,139000,-47000,92000
2015/04/28,0,85000,-71000,14000
2015/04/29,0,12000,-1454000,-1442000
2015/04/30,0,13000,-591000,-578000
2015/05/01,0,0,0,0
2015/05/04,0,41000,-214000,-173000
2015/05/05,0,51000,-75000,-24000
2015/05/06,0,10000,-145000,-135000
2015/05/07,0,24000,-163000,-139000
2015/05/08,0,10000,-114000,-104000
2015/05/11,0,1000,-342000,-341000
2015/05/12,0,5000,-73000,-68000
2015/05/13,0,11000,-77000,-66000
2015/05/14,0,41000,-12000,29000
2015/05/15,0,15000,-133000,-118000
2015/05/18,0,0,-105000,-105000
2015/05/19,0,4000,-545000,-541000
2015/05/20,0,115000,-10000,105000
2015/05/21,0,18000,-16000,2000
2015/05/22,0,10000,-35000,-25000
2015/05/25,0,75000,-36000,39000
2015/05/26,0,139000,-70000,69000
2015/05/27,0,52000,-145000,-93000
2015/05/28,0,30000,-100000,-70000
2015/05/29,0,52000,-27000,25000
2015/06/01,0,34000,-251000,-217000
2015/06/02,0,0,-214000,-214000
2015/06/03,0,125000,-73000,52000
2015/06/04,0,103,-104000,-103897
2015/06/05,0,55000,-110000,-55000
2015/06/08,0,15000,-501000,-486000
2015/06/09,0,68000,-93000,-25000
2015/06/10,0,749000,0,749000
2015/06/11,0,25000,-45000,-20000
2015/06/12,0,16000,-3000,13000
2015/06/15,0,16000,0,16000
2015/06/16,0,4000,-10000,-6000
2015/06/17,0,28000,0,28000
2015/06/18,0,174000,-1000,173000
2015/06/19,0,0,0,0
2015/06/22,0,122000,-47000,75000
2015/06/23,0,387000,-5000,382000
2015/06/24,0,142000,-6000,136000
2015/06/25,0,213000,-1000,212000
2015/06/26,0,635000,-7000,628000
2015/06/29,0,316000,-5000,311000
2015/06/30,0,15000,-1000,14000
2015/07/01,0,291000,-38000,253000
2015/07/02,0,100000,0,100000
2015/07/03,0,83000,0,83000
2015/07/06,0,33000,0,33000
2015/07/07,0,102000,-16000,86000
2015/07/08,0,39000,-179000,-140000
2015/07/09,0,6000,-89000,-83000
2015/07/10,0,0,0,0
2015/07/13,0,28000,-66000,-38000
2015/07/14,0,2000,-793000,-791000
2015/07/15,0,65000,-41000,24000
2015/07/16,0,2000,-5000,-3000
2015/07/17,0,5000,-250000,-245000
2015/07/20,0,112000,-63000,49000
2015/07/21,0,4000,-18000,-14000
2015/07/22,0,87000,-112000,-25000
2015/07/23,0,65000,-109000,-44000
2015/07/24,0,46000,-455000,-409000
2015/07/27,0,181000,0,181000
2015/07/28,0,34000,-78000,-44000
2015/07/29,0,119000,0,119000
2015/07/30,0,172000,-186000,-14000
2015/07/31,0,155000,0,155000
2015/08/03,0,41000,0,41000
2015/08/04,0,46000,-51000,-5000
2015/08/05,0,110000,-252000,-142000
2015/08/06,0,118000,-219000,-101000
2015/08/07,0,34000,0,34000
2015/08/10,0,120000,-1000,119000
2015/08/11,0,38000,-5000,33000
2015/08/12,0,77000,-32000,45000
2015/08/13,0,107000,0,107000
2015/08/14,0,50000,-10000,40000
2015/08/17,0,0,-20000,-20000
2015/08/18,0,3500,0,3500
2015/08/19,0,52500,-101000,-48500
2015/08/20,0,149000,-46000,103000
2015/08/21,0,41000,-263000,-222000
2015/08/24,0,10000,-441000,-431000
2015/08/25,0,208030,0,208030
2015/08/26,0,26000,-37000,-11000
2015/08/27,0,50000,0,50000
2015/08/28,0,4000,-186000,-182000
2015/08/31,0,10000,-65000,-55000
2015/09/01,0,8000,-62000,-54000
2015/09/02,0,48000,-86000,-38000
2015/09/03,0,8000,-79000,-71000
2015/09/04,0,11000,-170000,-159000
2015/09/07,0,6000,-131000,-125000
2015/09/08,0,3000,-12000,-9000
2015/09/09,0,235000,0,235000
2015/09/10,0,5000,-11000,-6000
2015/09/11,0,2000,-29000,-27000
2015/09/14,0,90000,-77000,13000
2015/09/15,0,1000,0,1000
2015/09/16,0,22000,-178000,-156000
2015/09/17,0,25000,-103000,-78000
2015/09/18,0,68000,-103000,-35000
2015/09/21,0,2000,-27000,-25000
2015/09/22,0,55174,-10000,45174
2015/09/23,0,0,-4000,-4000
2015/09/24,0,20000,-30000,-10000
2015/09/25,0,59000,-5000,54000
2015/09/28,0,0,0,0
2015/09/29,0,0,0,0
2015/09/30,0,204000,0,204000
2015/10/01,0,253000,-5000,248000
2015/10/02,0,56000,-28000,28000
2015/10/05,0,2000,-191000,-189000
2015/10/06,0,349000,-125000,224000
2015/10/07,0,0,0,0
2015/10/08,0,206000,0,206000
2015/10/09,0,0,0,0
2015/10/12,0,50000,0,50000
2015/10/13,0,14000,0,14000
2015/10/14,0,48000,-84000,-36000
2015/10/15,0,46000,-118000,-72000
2015/10/16,0,8000,-246000,-238000
2015/10/19,0,27000,-95000,-68000
2015/10/20,0,7000,-611000,-604000
2015/10/21,0,0,-295000,-295000
2015/10/22,0,31000,-158000,-127000
2015/10/23,0,130000,-16000,114000
2015/10/26,0,182000,-27000,155000
2015/10/27,0,6000,-617000,-611000
2015/10/28,0,65000,-435000,-370000
2015/10/29,0,10000,-112000,-102000
2015/10/30,0,53000,-521000,-468000
2015/11/02,0,25000,-72000,-47000
2015/11/03,0,291000,-24000,267000
2015/11/04,0,138000,-28000,110000
2015/11/05,0,54000,-296000,-242000
2015/11/06,0,12000,-460000,-448000
2015/11/09,0,59000,-302000,-243000
2015/11/10,0,0,-47000,-47000
2015/11/11,0,12000,-12000,0
2015/11/12,0,0,-123000,-123000
2015/11/13,0,0,-32000,-32000
2015/11/16,0,50000,-188000,-138000
2015/11/17,0,20000,-127000,-107000
2015/11/18,0,1000,-49000,-48000
2015/11/19,0,26000,-11000,15000
2015/11/20,0,8000,-57000,-49000
2015/11/23,0,10000,-49000,-39000
2015/11/24,0,12000,-49000,-37000
2015/11/25,0,0,-100000,-100000
2015/11/26,0,45000,-64000,-19000
2015/11/27,0,0,-155000,-155000
2015/11/30,0,20000,-172000,-152000
2015/12/01,0,20000,-6000,14000
2015/12/02,0,20000,-87000,-67000
2015/12/03,0,4000,-9000,-5000
2015/12/04,0,0,-22000,-22000
2015/12/07,0,12000,-58000,-46000
2015/12/08,0,0,-102000,-102000
2015/12/09,0,0,-20000,-20000
2015/12/10,0,0,-275000,-275000
2015/12/11,0,0,-967000,-967000
2015/12/14,0,34000,-213116,-179116
2015/12/15,0,0,-689000,-689000
2015/12/16,0,46000,-623000,-577000
2015/12/17,0,35000,-55000,-20000
2015/12/18,0,20000,-343000,-323000
2015/12/21,0,0,-580000,-580000
2015/12/22,0,41000,-382000,-341000
2015/12/23,0,62000,-133000,-71000
2015/12/24,0,172000,0,172000
2015/12/25,0,0,-75000,-75000
2015/12/28,0,59000,-1000,58000
2015/12/29,0,6000,-110000,-104000
2015/12/30,0,20000,-216000,-196000
2015/12/31,0,46000,-209000,-163000
2016/01/01,0,0,0,0
2016/01/04,0,6000,-494000,-488000
2016/01/05,0,83000,-95000,-12000
2016/01/06,0,87000,-570000,-483000
2016/01/07,0,181000,-314000,-133000
2016/01/08,0,95000,-329000,-234000
2016/01/11,0,128000,-827000,-699000
2016/01/12,0,94000,-61000,33000
2016/01/13,0,380000,-22000,358000
2016/01/14,0,68000,-39000,29000
2016/01/15,0,89000,-40000,49000
2016/01/18,0,149000,-620000,-471000
2016/01/19,0,153000,-22000,131000
2016/01/20,0,47000,-38000,9000
2016/01/21,0,78000,-105000,-27000
2016/01/22,0,9000,-261000,-252000
2016/01/25,0,335000,-35000,300000
2016/01/26,0,168000,0,168000
2016/01/27,0,24000,0,24000
2016/01/28,0,213000,-436000,-223000
2016/01/29,0,1480000,0,1480000
2016/02/01,0,474000,-5000,469000
2016/02/02,0,21000,-258000,-237000
2016/02/03,0,31000,-24000,7000
2016/02/04,0,0,0,0
2016/02/05,0,0,0,0
2016/02/08,0,0,0,0
2016/02/09,0,0,0,0
2016/02/10,0,0,0,0
2016/02/11,0,0,0,0
2016/02/12,0,0,0,0
2016/02/15,0,76000,-239,75761
2016/02/16,0,355000,-29000,326000
2016/02/17,0,695000,0,695000
2016/02/18,0,153000,0,153000
2016/02/19,0,91000,0,91000
2016/02/22,0,34000,0,34000
2016/02/23,0,70000,-58000,12000
2016/02/24,0,10000,0,10000
2016/02/25,0,50000,-19000,31000
2016/02/26,0,226000,-24000,202000
2016/02/29,0,0,0,0
2016/03/01,0,596000,0,596000
2016/03/02,0,229000,-12000,217000
2016/03/03,0,85000,-20000,65000
2016/03/04,0,173000,-33000,140000
2016/03/07,0,20000,-332000,-312000
2016/03/08,0,5000,-567000,-562000
2016/03/09,0,70000,-676000,-606000
2016/03/10,0,9000,-10000,-1000
2016/03/11,0,0,-11000,-11000
2016/03/14,0,0,-78000,-78000
2016/03/15,0,0,-210000,-210000
2016/03/16,0,50000,-180000,-130000
2016/03/17,0,0,0,0
2016/03/18,0,276000,-128000,148000
2016/03/21,0,193000,-285000,-92000
2016/03/22,0,0,-402000,-402000
2016/03/23,0,0,-21000,-21000
2016/03/24,0,0,-61000,-61000
2016/03/25,0,0,-666000,-666000
2016/03/28,0,4000,-2035000,-2031000
2016/03/29,0,1000,-1226000,-1225000
2016/03/30,0,0,-270000,-270000
2016/03/31,0,45000,-135000,-90000
2016/04/01,0,2000,-179000,-177000
2016/04/04,0,0,0,0
2016/04/05,0,0,0,0
2016/04/06,0,0,-325000,-325000
2016/04/07,0,0,-199000,-199000
2016/04/08,0,3000,-641000,-638000
2016/04/11,0,0,-237000,-237000
2016/04/12,0,8000,-100000,-92000
2016/04/13,0,0,-138000,-138000
2016/04/14,0,0,-61000,-61000
2016/04/15,0,0,-112000,-112000
2016/04/18,0,2000,-954000,-952000
2016/04/19,0,0,-1085000,-1085000
2016/04/20,0,0,-72000,-72000
2016/04/21,0,0,-109000,-109000
2016/04/22,0,0,-187000,-187000
2016/04/25,0,0,-11000,-11000
2016/04/26,0,2000,-118000,-116000
2016/04/27,0,2000,-53000,-51000
2016/04/28,0,0,-49000,-49000
2016/04/29,0,2000,-35000,-33000
2016/05/02,0,0,0,0
2016/05/03,0,0,-282000,-282000
2016/05/04,0,0,-227000,-227000
2016/05/05,0,20000,-589000,-569000
2016/05/06,0,375000,-39000,336000
2016/05/09,0,110000,-24000,86000
2016/05/10,0,66038,-158000,-91962
2016/05/11,0,5000,-2000,3000
2016/05/12,0,0,0,0
2016/05/13,0,0,-66000,-66000
2016/05/16,0,0,-16000,-16000
2016/05/17,0,206000,0,206000
2016/05/18,0,100000,-30000,70000
2016/05/19,0,48000,0,48000
2016/05/20,0,771000,0,771000
2016/05/23,0,414000,-9000,405000
2016/05/24,0,135000,0,135000
2016/05/25,0,110000,-89000,21000
2016/05/26,0,0,-14000,-14000
2016/05/27,0,0,-12000,-12000
2016/05/30,0,0,-140000,-140000
2016/05/31,0,0,-36000,-36000
2016/06/01,0,0,-1000,-1000
2016/06/02,0,0,-189000,-189000
2016/06/03,0,0,0,0
2016/06/06,0,0,-15000,-15000
2016/06/07,0,0,0,0
2016/06/08,0,40000,-40000,0
2016/06/09,0,0,0,0
2016/06/10,0,0,0,0
2016/06/13,0,0,0,0
2016/06/14,0,0,0,0
2016/06/15,0,0,0,0
2016/06/16,0,0,-258000,-258000
2016/06/17,0,50000,-362000,-312000
2016/06/20,0,0,-80000,-80000
2016/06/21,0,0,-13000,-13000
2016/06/22,0,97000,0,97000
2016/06/23,0,0,-5000,-5000
2016/06/24,0,13000,-1000,12000
2016/06/27,0,0,-246000,-246000
2016/06/28,0,0,-122000,-122000
2016/06/29,0,0,0,0
2016/06/30,0,0,0,0
2016/07/01,0,0,0,0
2016/07/04,0,0,0,0
2016/07/05,0,0,-30000,-30000
2016/07/06,0,0,-61000,-61000
2016/07/07,0,0,-364000,-364000
2016/07/08,0,0,0,0
2016/07/11,0,0,-111000,-111000
2016/07/12,0,0,-15000,-15000
2016/07/13,0,0,-41000,-41000
2016/07/14,0,0,-1000,-1000
2016/07/15,0,215000,-18000,197000
2016/07/18,0,249000,-15000,234000
2016/07/19,0,1000,-18000,-17000
2016/07/20,0,234000,-14000,220000
2016/07/21,0,1000,-45000,-44000
2016/07/22,0,11000,-3000,8000
2016/07/25,0,140000,-7000,133000
2016/07/26,0,11000,-156000,-145000
2016/07/27,0,0,-51000,-51000
2016/07/28,0,0,-465000,-465000
2016/07/29,0,359,-188000,-187641
2016/08/01,0,20000,-1000,19000
2016/08/02,0,0,-497000,-497000
2016/08/03,0,2000,-101000,-99000
2016/08/04,0,4000,-347000,-343000
2016/08/05,0,0,-2003000,-2003000
2016/08/08,0,71000,-1000,70000
2016/08/09,0,30000,0,30000
2016/08/10,0,30000,-112000,-82000
2016/08/11,0,26000,-299000,-273000
2016/08/12,0,0,-108000,-108000
2016/08/15,0,0,-101000,-101000
2016/08/16,0,25000,-114000,-89000
2016/08/17,0,0,-131000,-131000
2016/08/18,0,75000,-21000,54000
2016/08/19,0,50000,-24000,26000
2016/08/22,0,0,-208000,-208000
2016/08/23,0,0,-71000,-71000
2016/08/24,0,8000,-1000,7000
2016/08/25,0,9000,-229000,-220000
2016/08/26,0,0,-160000,-160000
2016/08/29,0,0,-40000,-40000
2016/08/30,0,5000,-153000,-148000
2016/08/31,0,0,-150000,-150000
2016/09/01,0,15000,-100000,-85000
2016/09/02,0,1000,-143000,-142000
2016/09/05,0,0,-187000,-187000
2016/09/06,0,0,0,0
2016/09/07,0,2000,-80000,-78000
2016/09/08,0,0,-5000,-5000
2016/09/09,0,0,0,0
2016/09/12,0,37000,0,37000
2016/09/13,0,0,-268000,-268000
2016/09/14,0,92000,0,92000
2016/09/15,0,0,0,0
2016/09/16,0,0,0,0
2016/09/19,0,117000,-51000,66000
2016/09/20,0,84000,0,84000
2016/09/21,0,85000,-419000,-334000
2016/09/22,0,0,-2000,-2000
2016/09/23,0,0,-360000,-360000
2016/09/26,0,0,0,0
2016/09/27,0,0,0,0
2016/09/28,0,0,0,0
2016/09/29,0,0,-182000,-182000
2016/09/30,0,10200,0,10200
2016/10/03,0,0,-192000,-192000
2016/10/04,0,113000,-15000,98000
2016/10/05,0,36000,0,36000
2016/10/06,0,0,-9000,-9000
2016/10/07,0,0,0,0
2016/10/10,0,0,0,0
2016/10/11,0,1000,-164000,-163000
2016/10/12,0,0,-90000,-90000
2016/10/13,0,0,-75000,-75000
2016/10/14,0,0,-49000,-49000
2016/10/17,0,0,0,0
2016/10/18,0,0,0,0
2016/10/19,0,25000,-3000,22000
2016/10/20,0,0,-6000,-6000
2016/10/21,0,0,-191000,-191000
2016/10/24,0,57000,-85000,-28000
2016/10/25,0,25000,-10000,15000
2016/10/26,0,38000,-45000,-7000
2016/10/27,0,0,0,0
2016/10/28,0,0,0,0
2016/10/31,0,0,0,0
2016/11/01,0,0,0,0
2016/11/02,0,0,-14,-14
2016/11/03,0,0,0,0
2016/11/04,0,0,-10000,-10000
2016/11/07,0,0,0,0
2016/11/08,0,0,0,0
2016/11/09,0,0,-45000,-45000
2016/11/10,0,0,-170000,-170000
2016/11/11,0,0,0,0
2016/11/14,0,0,0,0
2016/11/15,0,0,0,0
2016/11/16,0,0,-30000,-30000
2016/11/17,0,15000,0,15000
2016/11/18,0,0,0,0
2016/11/21,0,0,0,0
2016/11/22,0,0,0,0
2016/11/23,0,0,0,0
2016/11/24,0,0,0,0
2016/11/25,0,0,0,0
2016/11/28,0,15000,0,15000
2016/11/29,0,59000,-8000,51000
2016/11/30,0,11000,0,11000
2016/12/01,0,4000,0,4000
2016/12/02,0,9000,0,9000
2016/12/05,0,5000,0,5000
2016/12/06,0,5000,-113000,-108000
2016/12/07,0,0,0,0
2016/12/08,0,0,0,0
2016/12/09,0,0,0,0
2016/12/12,0,4000,0,4000
2016/12/13,0,0,0,0
2016/12/14,0,0,0,0
2016/12/15,0,1000,0,1000
2016/12/16,0,0,0,0
2016/12/19,0,4000,0,4000
2016/12/20,0,0,-32000,-32000
2016/12/21,0,0,0,0
2016/12/22,0,0,-96000,-96000
2016/12/23,0,0,0,0
2016/12/26,0,0,0,0
2016/12/27,0,0,0,0
2016/12/28,0,0,0,0
2016/12/29,0,0,0,0
2016/12/30,0,0,0,0
2017/01/02,0,0,0,0
2017/01/03,0,0,0,0
2017/01/04,0,0,0,0
2017/01/05,0,2000,-68000,-66000
2017/01/06,0,0,-3000,-3000
2017/01/09,0,0,-165000,-165000
2017/01/10,0,0,-57000,-57000
2017/01/11,0,0,-25000,-25000
2017/01/12,0,0,-20000,-20000
2017/01/13,0,0,0,0
2017/01/16,0,0,0,0
2017/01/17,0,0,0,0
2017/01/18,0,0,0,0
2017/01/19,0,98000,0,98000
2017/01/20,0,676000,0,676000
2017/01/23,0,42171,0,42171
2017/01/24,0,61000,0,61000
2017/01/25,0,0,0,0
2017/01/26,0,0,0,0
2017/01/27,0,0,0,0
2017/01/30,0,0,0,0
2017/01/31,0,0,0,0
2017/02/01,0,0,0,0
2017/02/02,0,5000,-8000,-3000
2017/02/03,0,6000,0,6000
2017/02/06,0,0,-10000,-10000
2017/02/07,0,20000,-20000,0
2017/02/08,0,0,0,0
2017/02/09,0,11000,0,11000
2017/02/10,0,0,0,0
2017/02/13,0,0,0,0
2017/02/14,0,0,0,0
2017/02/15,0,0,-157000,-157000
2017/02/16,0,0,-15000,-15000
2017/02/17,0,0,0,0
2017/02/20,0,17000,-4000,13000
2017/02/21,0,0,0,0
2017/02/22,0,25000,-103000,-78000
2017/02/23,0,11000,-44000,-33000
2017/02/24,0,0,0,0
2017/02/27,0,0,0,0
2017/02/28,0,0,0,0
2017/03/01,0,0,0,0
2017/03/02,0,50000,0,50000
2017/03/03,0,10000,-27000,-17000
2017/03/06,0,0,0,0
2017/03/07,0,48000,0,48000
2017/03/08,0,0,0,0
2017/03/09,0,5000,0,5000
2017/03/10,0,0,0,0
2017/03/13,0,4000,0,4000
2017/03/14,0,45000,-3000,42000
2017/03/15,0,62000,-2000,60000
2017/03/16,0,133000,0,133000
2017/03/17,0,94000,0,94000
2017/03/20,0,31000,-12000,19000
2017/03/21,0,22000,-13000,9000
2017/03/22,0,0,-25000,-25000
2017/03/23,0,0,0,0
2017/03/24,0,0,0,0
2017/03/27,0,0,-5000,-5000
2017/03/28,0,0,-4000,-4000
2017/03/29,0,30488,0,30488
2017/03/30,0,401096,0,401096
2017/03/31,0,19344,0,19344
2017/04/03,0,0,0,0
2017/04/04,0,0,0,0
2017/04/05,0,781,-35000,-34219
2017/04/06,0,40000,-45000,-5000
2017/04/07,0,41000,0,41000
2017/04/10,0,0,-5000,-5000
2017/04/11,0,0,0,0
2017/04/12,0,0,-1000,-1000
2017/04/13,0,0,-20000,-20000
2017/04/14,0,0,-73000,-73000
2017/04/17,0,0,-18000,-18000
2017/04/18,0,50000,0,50000
2017/04/19,0,781,0,781
2017/04/20,0,1000,-40000,-39000
2017/04/21,0,0,0,0
2017/04/24,0,0,0,0
2017/04/25,0,25000,-35,24965
2017/04/26,0,0,0,0
2017/04/27,0,16000,0,16000
2017/04/28,0,0,-2000,-2000
2017/05/01,0,0,0,0
2017/05/02,0,0,0,0
2017/05/03,0,6000,0,6000
2017/05/04,0,43639,0,43639
2017/05/05,0,42193,0,42193
2017/05/08,0,515000,0,515000
2017/05/09,0,857000,0,857000
2017/05/10,0,343000,0,343000
2017/05/11,0,80000,0,80000
2017/05/12,0,10000,-3000,7000
2017/05/15,0,599000,0,599000
2017/05/16,0,330000,0,330000
2017/05/17,0,53000,0,53000
2017/05/18,0,63000,0,63000
2017/05/19,0,39000,-2000,37000
2017/05/22,0,184000,0,184000
2017/05/23,0,288000,-120000,168000
2017/05/24,0,120000,0,120000
2017/05/25,0,12000,0,12000
2017/05/26,0,10000,-13000,-3000
2017/05/29,0,0,0,0
2017/05/30,0,0,0,0
2017/05/31,0,0,0,0
2017/06/01,0,0,-10000,-10000
2017/06/02,0,40000,0,40000
2017/06/05,0,68000,-1000,67000
2017/06/06,0,80000,-10000,70000
2017/06/07,0,124000,0,124000
2017/06/08,0,242000,0,242000
2017/06/09,0,91000,-8000,83000
2017/06/12,0,0,0,0
2017/06/13,0,0,-67000,-67000
2017/06/14,0,16000,0,16000
2017/06/15,0,0,-18000,-18000
2017/06/16,0,12000,-101000,-89000
2017/06/19,0,121000,-54000,67000
2017/06/20,0,213000,-875,212125
2017/06/21,0,45000,0,45000
2017/06/22,0,56000,0,56000
2017/06/23,0,17000,0,17000
2017/06/26,0,0,-514000,-514000
2017/06/27,0,0,-23000,-23000
2017/06/28,0,0,-10868,-10868
2017/06/29,0,0,-487000,-487000
2017/06/30,0,2000,0,2000
2017/07/03,0,11000,-32000,-21000
2017/07/04,0,48000,-27000,21000
2017/07/05,0,0,-33000,-33000
2017/07/06,0,99000,-53000,46000
2017/07/07,0,0,-67000,-67000
2017/07/10,0,0,-4000,-4000
2017/07/11,0,94000,-4000,90000
2017/07/12,0,46000,-886,45114
2017/07/13,0,80000,-14000,66000
2017/07/14,0,30000,0,30000
2017/07/17,0,27000,-23,26977
2017/07/18,0,0,-5000,-5000
2017/07/19,0,0,-78000,-78000
2017/07/20,0,0,-93000,-93000
2017/07/21,0,62000,-56000,6000
2017/07/24,0,85000,-21000,64000
2017/07/25,0,0,-18000,-18000
2017/07/26,0,0,-24000,-24000
2017/07/27,0,9000,-35000,-26000
2017/07/28,0,18000,-143000,-125000
2017/07/31,0,117000,-118000,-1000
2017/08/01,0,295000,-2000,293000
2017/08/02,0,424000,0,424000
2017/08/03,0,300000,0,300000
2017/08/04,0,146000,0,146000
2017/08/07,0,99000,0,99000
2017/08/08,0,63000,-290000,-227000
2017/08/09,0,20000,0,20000
2017/08/10,0,38000,-23000,15000
2017/08/11,0,4000,0,4000
2017/08/14,0,14000,0,14000
2017/08/15,0,20000,-1000,19000
2017/08/16,0,82000,-18000,64000
2017/08/17,0,0,-8000,-8000
2017/08/18,0,63000,-97000,-34000
