Date,Open,Buy,Sell,Total
2007/01/02,0,739000,-100000,639000
2007/01/03,0,2282000,-266000,2016000
2007/01/04,0,1598000,-533307,1064693
2007/01/05,0,2287000,-617000,1670000
2007/01/08,0,815000,-529314,285686
2007/01/09,0,2496000,-294985,2201015
2007/01/10,0,6887500,-2016408,4871092
2007/01/11,0,1355150,-1340000,15150
2007/01/12,0,1723000,-845265,877735
2007/01/15,0,1678000,-925000,753000
2007/01/16,0,1628000,-589300,1038700
2007/01/17,0,753000,-1001500,-248500
2007/01/18,0,436000,-265925,170075
2007/01/19,0,2163000,-836882,1326118
2007/01/22,0,3380000,-510000,2870000
2007/01/23,0,722104,-826000,-103896
2007/01/24,0,1044000,-1011000,33000
2007/01/25,0,743000,-952000,-209000
2007/01/26,0,987800,-1150021,-162221
2007/01/29,0,748000,-930339,-182339
2007/01/30,0,498153,-1026000,-527847
2007/01/31,0,922000,-591747,330253
2007/02/01,0,1189000,-2275000,-1086000
2007/02/02,0,2126000,-5232712,-3106712
2007/02/05,0,1580000,-2860259,-1280259
2007/02/06,0,740000,-961486,-221486
2007/02/07,0,700000,-1142000,-442000
2007/02/08,0,791138,-664596,126542
2007/02/09,0,1103000,-835727,267273
2007/02/12,0,1299000,-679858,619142
2007/02/13,0,1391000,-1501126,-110126
2007/02/14,0,1063000,-2336871,-1273871
2007/02/15,0,0,0,0
2007/02/16,0,0,0,0
2007/02/19,0,0,0,0
2007/02/20,0,0,0,0
2007/02/21,0,0,0,0
2007/02/22,0,0,0,0
2007/02/23,0,0,0,0
2007/02/26,0,1197000,-1829437,-632437
2007/02/27,0,485000,-1043286,-558286
2007/02/28,0,0,0,0
2007/03/01,0,988000,-2971000,-1983000
2007/03/02,0,2485000,-4485000,-2000000
2007/03/05,0,907000,-5015184,-4108184
2007/03/06,0,3195000,-7731019,-4536019
2007/03/07,0,3936000,-9893868,-5957868
2007/03/08,0,4261000,-3438352,822648
2007/03/09,0,2884000,-1612779,1271221
2007/03/12,0,1917000,-746000,1171000
2007/03/13,0,2019000,-1562799,456201
2007/03/14,0,1280000,-1902191,-622191
2007/03/15,0,1606000,-754478,851522
2007/03/16,0,255000,-799762,-544762
2007/03/19,0,836000,-839385,-3385
2007/03/20,0,279000,-159000,120000
2007/03/21,0,402000,-14000,388000
2007/03/22,0,941000,-511000,430000
2007/03/23,0,1094000,-3288385,-2194385
2007/03/26,0,1286000,-939000,347000
2007/03/27,0,5742000,-2978852,2763148
2007/03/28,0,1616000,-4344639,-2728639
2007/03/29,0,1239000,-698881,540119
2007/03/30,0,780000,-465000,315000
2007/04/02,0,585000,-290000,295000
2007/04/03,0,396000,-1446203,-1050203
2007/04/04,0,664000,-1831297,-1167297
2007/04/05,0,0,0,0
2007/04/06,0,0,0,0
2007/04/09,0,1414000,-486729,927271
2007/04/10,0,577000,-135955,441045
2007/04/11,0,911000,-667554,243446
2007/04/12,0,1032000,-1496701,-464701
2007/04/13,0,425000,-299056,125944
2007/04/16,0,655000,-1737412,-1082412
2007/04/17,0,1705575,-1195127,510448
2007/04/18,0,714000,-2169920,-1455920
2007/04/19,0,1852000,-1120000,732000
2007/04/20,0,1380000,-907000,473000
2007/04/23,0,1695500,-1003056,692444
2007/04/24,0,1576000,-1323000,253000
2007/04/25,0,1470000,-1120764,349236
2007/04/26,0,1809000,-1758000,51000
2007/04/27,0,231000,-787550,-556550
2007/04/30,0,2128500,-1241878,886622
2007/05/01,0,0,0,0
2007/05/02,0,4519000,-1017663,3501337
2007/05/03,0,2902000,-1347000,1555000
2007/05/04,0,956000,-861615,94385
2007/05/07,0,2353755,-2200629,153126
2007/05/08,0,877000,-1043076,-166076
2007/05/09,0,1325000,-1450000,-125000
2007/05/10,0,1434000,-2008141,-574141
2007/05/11,0,864000,-917881,-53881
2007/05/14,0,281000,-217000,64000
2007/05/15,0,381000,-560715,-179715
2007/05/16,0,485000,-1177000,-692000
2007/05/17,0,514000,-1651000,-1137000
2007/05/18,0,1324000,-3460000,-2136000
2007/05/21,0,1815000,-2383000,-568000
2007/05/22,0,2684000,-2174777,509223
2007/05/23,0,1261000,-57410,1203590
2007/05/24,0,3307000,-1107800,2199200
2007/05/25,0,1796000,-1634029,161971
2007/05/28,0,578000,-879000,-301000
2007/05/29,0,860000,-746000,114000
2007/05/30,0,125798,-544930,-419132
2007/05/31,0,4110000,-2280336,1829664
2007/06/01,0,1845000,-661381,1183619
2007/06/04,0,1676000,-518000,1158000
2007/06/05,0,3010000,-2405000,605000
2007/06/06,0,1377000,-3502158,-2125158
2007/06/07,0,796000,-1174791,-378791
2007/06/08,0,598000,-717216,-119216
2007/06/11,0,622000,-406395,215605
2007/06/12,0,59000,-503209,-444209
2007/06/13,0,408000,-2000882,-1592882
2007/06/14,0,634000,-1379076,-745076
2007/06/15,0,736000,-4550870,-3814870
2007/06/18,0,0,0,0
2007/06/19,0,0,0,0
2007/06/20,0,1761000,-7025066,-5264066
2007/06/21,0,3188000,-9833200,-6645200
2007/06/22,0,521000,-2873000,-2352000
2007/06/25,0,2050000,-208146,1841854
2007/06/26,0,1271000,-655000,616000
2007/06/27,0,1371000,-473695,897305
2007/06/28,0,1904000,-315940,1588060
2007/06/29,0,1080000,-1585245,-505245
2007/07/02,0,1807000,-253000,1554000
2007/07/03,0,3044450,-816985,2227465
2007/07/04,0,1004000,-368000,636000
2007/07/05,0,889339,-802558,86781
2007/07/06,0,953000,-994307,-41307
2007/07/09,0,3270000,-800000,2470000
2007/07/10,0,3846000,-2174271,1671729
2007/07/11,0,1566000,-992326,573674
2007/07/12,0,2777400,-1203000,1574400
2007/07/13,0,1301000,-570000,731000
2007/07/16,0,352000,-1615042,-1263042
2007/07/17,0,1443000,-701000,742000
2007/07/18,0,1054000,-3471686,-2417686
2007/07/19,0,1500000,-3476628,-1976628
2007/07/20,0,957000,-289000,668000
2007/07/23,0,366000,-326000,40000
2007/07/24,0,1458800,-365100,1093700
2007/07/25,0,102000,-1581000,-1479000
2007/07/26,0,986000,-2513700,-1527700
2007/07/27,0,395000,-2288000,-1893000
2007/07/30,0,923000,-2177688,-1254688
2007/07/31,0,1167000,-1261103,-94103
2007/08/01,0,2462000,-5116406,-2654406
2007/08/02,0,1107000,-522000,585000
2007/08/03,0,184000,-1176000,-992000
2007/08/06,0,721000,-951000,-230000
2007/08/07,0,803000,-236000,567000
2007/08/08,0,1638000,-1352865,285135
2007/08/09,0,999000,-970045,28955
2007/08/10,0,450000,-1289851,-839851
2007/08/13,0,887000,-566000,321000
2007/08/14,0,1054000,-1627000,-573000
2007/08/15,0,2156000,-3110615,-954615
2007/08/16,0,2417000,-2616429,-199429
2007/08/17,0,1342000,-1153433,188567
2007/08/20,0,1255000,-1798461,-543461
2007/08/21,0,1393000,-1352000,41000
2007/08/22,0,1159000,-226734,932266
2007/08/23,0,1723000,-1355859,367141
2007/08/24,0,537000,-807000,-270000
2007/08/27,0,412000,-1528000,-1116000
2007/08/28,0,213000,-760218,-547218
2007/08/29,0,1539000,-931000,608000
2007/08/30,0,1782000,-523745,1258255
2007/08/31,0,1341000,-564703,776297
2007/09/03,0,2304000,-1627000,677000
2007/09/04,0,2030000,-773495,1256505
2007/09/05,0,2992000,-2663000,329000
2007/09/06,0,1966000,-2099000,-133000
2007/09/07,0,1467000,-1061000,406000
2007/09/10,0,300000,-2244146,-1944146
2007/09/11,0,1008000,-1797000,-789000
2007/09/12,0,1017000,-1589000,-572000
2007/09/13,0,328000,-975000,-647000
2007/09/14,0,1871900,-305700,1566200
2007/09/17,0,608000,-612670,-4670
2007/09/18,0,0,0,0
2007/09/19,0,2366000,-365000,2001000
2007/09/20,0,1331000,-725000,606000
2007/09/21,0,2569000,-1042000,1527000
2007/09/24,0,0,0,0
2007/09/25,0,0,0,0
2007/09/26,0,661000,-864415,-203415
2007/09/27,0,1564000,-3437400,-1873400
2007/09/28,0,463000,-1683000,-1220000
2007/10/01,0,128000,-837000,-709000
2007/10/02,0,448000,-889536,-441536
2007/10/03,0,460000,-1519431,-1059431
2007/10/04,0,722000,-1283000,-561000
2007/10/05,0,1369600,-4464000,-3094400
2007/10/08,0,281000,-1068000,-787000
2007/10/09,0,1499000,-1487600,11400
2007/10/10,0,0,0,0
2007/10/11,0,1104000,-4351708,-3247708
2007/10/12,0,238000,-594000,-356000
2007/10/15,0,293000,-192146,100854
2007/10/16,0,1825000,-3138000,-1313000
2007/10/17,0,1220000,-2849000,-1629000
2007/10/18,0,611000,-2573100,-1962100
2007/10/19,0,154000,-620000,-466000
2007/10/22,0,363000,-1701000,-1338000
2007/10/23,0,552000,-882688,-330688
2007/10/24,0,280000,-1618000,-1338000
2007/10/25,0,335817,-4645000,-4309183
2007/10/26,0,1153000,-2228140,-1075140
2007/10/29,0,562000,-2854000,-2292000
2007/10/30,0,1425000,-1923000,-498000
2007/10/31,0,1123000,-1414000,-291000
2007/11/01,0,342000,-1410000,-1068000
2007/11/02,0,280000,-1675575,-1395575
2007/11/05,0,856000,-2452006,-1596006
2007/11/06,0,170000,-915255,-745255
2007/11/07,0,1162700,-460259,702441
2007/11/08,0,3421000,-1896461,1524539
2007/11/09,0,361000,-818693,-457693
2007/11/12,0,89000,-2633200,-2544200
2007/11/13,0,2504000,-5854728,-3350728
2007/11/14,0,1375000,-155491,1219509
2007/11/15,0,1753000,-1782363,-29363
2007/11/16,0,1340000,-1747376,-407376
2007/11/19,0,539000,-596000,-57000
2007/11/20,0,604000,-522764,81236
2007/11/21,0,423000,-1581240,-1158240
2007/11/22,0,474000,-551000,-77000
2007/11/23,0,339000,-572400,-233400
2007/11/26,0,3205000,-769800,2435200
2007/11/27,0,856000,-1363000,-507000
2007/11/28,0,2920000,-517597,2402403
2007/11/29,0,2284510,-924652,1359858
2007/11/30,0,880300,-658500,221800
2007/12/03,0,141800,-1858428,-1716628
2007/12/04,0,922000,-408000,514000
2007/12/05,0,531000,-315061,215939
2007/12/06,0,1827400,-3315000,-1487600
2007/12/07,0,1071600,-357157,714443
2007/12/10,0,827626,-1000926,-173300
2007/12/11,0,391000,-268836,122164
2007/12/12,0,431000,-2817896,-2386896
2007/12/13,0,512000,-5094600,-4582600
2007/12/14,0,1436000,-3311500,-1875500
2007/12/17,0,316000,-963000,-647000
2007/12/18,0,606000,-425112,180888
2007/12/19,0,308000,-1167125,-859125
2007/12/20,0,239000,-264176,-25176
2007/12/21,0,468000,-82000,386000
2007/12/24,0,169000,-268000,-99000
2007/12/25,0,119000,-32800,86200
2007/12/26,0,272000,-532200,-260200
2007/12/27,0,436000,-265300,170700
2007/12/28,0,583000,-542000,41000
2007/12/31,0,294800,-426000,-131200
2008/01/01,0,0,0,0
2008/01/02,0,79000,-348600,-269600
2008/01/03,0,398000,-5169900,-4771900
2008/01/04,0,632000,-4125200,-3493200
2008/01/07,0,222000,-134000,88000
2008/01/08,0,14000,-832470,-818470
2008/01/09,0,3549000,-22624494,-19075494
2008/01/10,0,2115000,-3199800,-1084800
2008/01/11,0,974000,-604000,370000
2008/01/14,0,726000,-1911600,-1185600
2008/01/15,0,892000,-1179993,-287993
2008/01/16,0,370000,-2241444,-1871444
2008/01/17,0,1503001,-3577127,-2074126
2008/01/18,0,406455,-5191261,-4784806
2008/01/21,0,1009000,-4668467,-3659467
2008/01/22,0,97000,-1617000,-1520000
2008/01/23,0,636000,-1593800,-957800
2008/01/24,0,2541000,-2600700,-59700
2008/01/25,0,816000,-976804,-160804
2008/01/28,0,1080000,-963800,116200
2008/01/29,0,542000,-2012040,-1470040
2008/01/30,0,905728,-3173000,-2267272
2008/01/31,0,2588000,-606101,1981899
2008/02/01,0,329000,-165000,164000
2008/02/04,0,0,0,0
2008/02/05,0,0,0,0
2008/02/06,0,0,0,0
2008/02/07,0,0,0,0
2008/02/08,0,0,0,0
2008/02/11,0,0,0,0
2008/02/12,0,454000,-1387784,-933784
2008/02/13,0,349000,-438003,-89003
2008/02/14,0,209000,-181449,27551
2008/02/15,0,3410000,-759000,2651000
2008/02/18,0,2720000,-454000,2266000
2008/02/19,0,2200000,-4983832,-2783832
2008/02/20,0,76000,-945349,-869349
2008/02/21,0,898000,-1359254,-461254
2008/02/22,0,1182000,-406800,775200
2008/02/25,0,3620000,-830400,2789600
2008/02/26,0,2113004,-1106000,1007004
2008/02/27,0,2788222,-3835000,-1046778
2008/02/28,0,0,0,0
2008/02/29,0,726289,-1022500,-296211
2008/03/03,0,785000,-936000,-151000
2008/03/04,0,615000,-1469057,-854057
2008/03/05,0,495000,-1127942,-632942
2008/03/06,0,943000,-1231529,-288529
2008/03/07,0,1483245,-1972017,-488772
2008/03/10,0,1541000,-349000,1192000
2008/03/11,0,402000,-235000,167000
2008/03/12,0,680596,-462000,218596
2008/03/13,0,619000,-1213000,-594000
2008/03/14,0,228000,-3671000,-3443000
2008/03/17,0,103000,-1829534,-1726534
2008/03/18,0,595000,-720797,-125797
2008/03/19,0,338000,-152192,185808
2008/03/20,0,744000,-1009855,-265855
2008/03/21,0,1074000,-35000,1039000
2008/03/24,0,1332000,-138000,1194000
2008/03/25,0,1241000,-1151640,89360
2008/03/26,0,638000,-291000,347000
2008/03/27,0,106150,-1170700,-1064550
2008/03/28,0,786150,-1276700,-490550
2008/03/31,0,279040,-150000,129040
2008/04/01,0,891453,-376971,514482
2008/04/02,0,849000,-903000,-54000
2008/04/03,0,2026000,-2977000,-951000
2008/04/04,0,0,0,0
2008/04/07,0,969000,-929000,40000
2008/04/08,0,1082287,-1811000,-728713
2008/04/09,0,1052000,-727000,325000
2008/04/10,0,1525000,-3756445,-2231445
2008/04/11,0,1533413,-178211,1355202
2008/04/14,0,2479829,-9362963,-6883134
2008/04/15,0,1299000,-6209800,-4910800
2008/04/16,0,736000,-7378209,-6642209
2008/04/17,0,1131000,-3719437,-2588437
2008/04/18,0,701000,-598002,102998
2008/04/21,0,303000,-1073046,-770046
2008/04/22,0,802000,-1042338,-240338
2008/04/23,0,1677000,-432442,1244558
2008/04/24,0,1350000,-120000,1230000
2008/04/25,0,2767000,-471126,2295874
2008/04/28,0,722000,-78653,643347
2008/04/29,0,103000,-1200000,-1097000
2008/04/30,0,363000,-111000,252000
2008/05/01,0,0,0,0
2008/05/02,0,976000,-1842000,-866000
2008/05/05,0,1868000,-1082573,785427
2008/05/06,0,1267000,-2323000,-1056000
2008/05/07,0,351000,-347000,4000
2008/05/08,0,449000,-1343000,-894000
2008/05/09,0,764000,-804000,-40000
2008/05/12,0,178000,-66000,112000
2008/05/13,0,3943000,-676739,3266261
2008/05/14,0,7216000,-1392300,5823700
2008/05/15,0,1284000,-1104048,179952
2008/05/16,0,2099000,-575000,1524000
2008/05/19,0,921000,-156000,765000
2008/05/20,0,336000,-234000,102000
2008/05/21,0,144000,-274012,-130012
2008/05/22,0,626000,-1972799,-1346799
2008/05/23,0,529000,-1041500,-512500
2008/05/26,0,400000,-194000,206000
2008/05/27,0,1460000,-1268805,191195
2008/05/28,0,560000,-675000,-115000
2008/05/29,0,597000,-700000,-103000
2008/05/30,0,777900,-2379565,-1601665
2008/06/02,0,930000,-416529,513471
2008/06/03,0,593000,-661265,-68265
2008/06/04,0,125000,-616000,-491000
2008/06/05,0,581000,-725000,-144000
2008/06/06,0,33000,-1178000,-1145000
2008/06/09,0,451000,-630558,-179558
2008/06/10,0,130000,-1052961,-922961
2008/06/11,0,81000,-605000,-524000
2008/06/12,0,2008000,-2373000,-365000
2008/06/13,0,1287000,-1803725,-516725
2008/06/16,0,179000,-609500,-430500
2008/06/17,0,256000,-85000,171000
2008/06/18,0,174000,-277000,-103000
2008/06/19,0,60000,-805000,-745000
2008/06/20,0,120125,-1916944,-1796819
2008/06/23,0,380000,-3212000,-2832000
2008/06/24,0,1924000,-3820000,-1896000
2008/06/25,0,1472099,-1310664,161435
2008/06/26,0,254000,-312000,-58000
2008/06/27,0,439000,-736730,-297730
2008/06/30,0,397000,-717000,-320000
2008/07/01,0,1549000,-227802,1321198
2008/07/02,0,1625000,-1021000,604000
2008/07/03,0,453000,-1698083,-1245083
2008/07/04,0,225000,-595000,-370000
2008/07/07,0,312000,-1293730,-981730
2008/07/08,0,630000,-2019000,-1389000
2008/07/09,0,826000,-1848678,-1022678
2008/07/10,0,592000,-4645000,-4053000
2008/07/11,0,733000,-747000,-14000
2008/07/14,0,545000,-729000,-184000
2008/07/15,0,349000,-1900000,-1551000
2008/07/16,0,688000,-2905475,-2217475
2008/07/17,0,478000,-693609,-215609
2008/07/18,0,387300,-2292974,-1905674
2008/07/21,0,1072000,-219000,853000
2008/07/22,0,908000,-664000,244000
2008/07/23,0,418000,-624000,-206000
2008/07/24,0,556000,-617786,-61786
2008/07/25,0,25000,-1047000,-1022000
2008/07/28,0,0,0,0
2008/07/29,0,350000,-3820000,-3470000
2008/07/30,0,526000,-2757000,-2231000
2008/07/31,0,405000,-1102000,-697000
2008/08/01,0,459000,-1846000,-1387000
2008/08/04,0,164000,-432399,-268399
2008/08/05,0,2081000,-836000,1245000
2008/08/06,0,6596000,-973000,5623000
2008/08/07,0,2703000,-493000,2210000
2008/08/08,0,2278000,-430000,1848000
2008/08/11,0,691000,-1002000,-311000
2008/08/12,0,2313000,-198000,2115000
2008/08/13,0,947000,-2053000,-1106000
2008/08/14,0,1496000,-2169000,-673000
2008/08/15,0,1980000,-1101000,879000
2008/08/18,0,150000,-991000,-841000
2008/08/19,0,1537000,-1223693,313307
2008/08/20,0,270000,-626000,-356000
2008/08/21,0,629000,-890000,-261000
2008/08/22,0,631000,-370000,261000
2008/08/25,0,414000,-2553825,-2139825
2008/08/26,0,600000,-761000,-161000
2008/08/27,0,812000,-856700,-44700
2008/08/28,0,897000,-686000,211000
2008/08/29,0,1088000,-117324,970676
2008/09/01,0,896000,-652000,244000
2008/09/02,0,1554000,-522000,1032000
2008/09/03,0,600000,-3427990,-2827990
2008/09/04,0,1913000,-765878,1147122
2008/09/05,0,1266000,-3676000,-2410000
2008/09/08,0,2484000,-3029000,-545000
2008/09/09,0,1461000,-3047000,-1586000
2008/09/10,0,1659000,-2415998,-756998
2008/09/11,0,5382000,-1633000,3749000
2008/09/12,0,2325000,-1008000,1317000
2008/09/15,0,399000,-543000,-144000
2008/09/16,0,1887468,-1256275,631193
2008/09/17,0,366000,-2398416,-2032416
2008/09/18,0,1015000,-1384000,-369000
2008/09/19,0,1019000,-347492,671508
2008/09/22,0,6525000,-1609000,4916000
2008/09/23,0,1085000,-3131400,-2046400
2008/09/24,0,1984798,-2689798,-705000
2008/09/25,0,249000,-1245000,-996000
2008/09/26,0,702000,-1464000,-762000
2008/09/29,0,0,0,0
2008/09/30,0,2113000,-6717015,-4604015
2008/10/01,0,676000,-5819000,-5143000
2008/10/02,0,568000,-1304197,-736197
2008/10/03,0,837000,-3607217,-2770217
2008/10/06,0,285000,-3493300,-3208300
2008/10/07,0,746900,-3156018,-2409118
2008/10/08,0,326000,-2744504,-2418504
2008/10/09,0,966000,-1315300,-349300
2008/10/10,0,0,0,0
2008/10/13,0,1123300,-2518000,-1394700
2008/10/14,0,486000,-2401000,-1915000
2008/10/15,0,1879000,-889304,989696
2008/10/16,0,628000,-1333100,-705100
2008/10/17,0,5542900,-1354200,4188700
2008/10/20,0,1433900,-1056600,377300
2008/10/21,0,3063000,-1403000,1660000
2008/10/22,0,2789000,-360300,2428700
2008/10/23,0,378000,-163000,215000
2008/10/24,0,72000,-60000,12000
2008/10/27,0,120000,-1869000,-1749000
2008/10/28,0,333510,-4280720,-3947210
2008/10/29,0,3450000,-2952000,498000
2008/10/30,0,348000,-75000,273000
2008/10/31,0,674000,-901000,-227000
2008/11/03,0,914000,-1457000,-543000
2008/11/04,0,555000,-221332,333668
2008/11/05,0,459000,-460000,-1000
2008/11/06,0,247000,-463900,-216900
2008/11/07,0,740000,-1384000,-644000
2008/11/10,0,266000,-280000,-14000
2008/11/11,0,1263000,-205746,1057254
2008/11/12,0,2126000,-4454900,-2328900
2008/11/13,0,2748970,-864000,1884970
2008/11/14,0,274000,-194000,80000
2008/11/17,0,326000,-85000,241000
2008/11/18,0,581000,-156000,425000
2008/11/19,0,484000,-1740000,-1256000
2008/11/20,0,372000,-827744,-455744
2008/11/21,0,782000,-867000,-85000
2008/11/24,0,407000,-383000,24000
2008/11/25,0,665000,-1541371,-876371
2008/11/26,0,267000,-1420212,-1153212
2008/11/27,0,164000,-216000,-52000
2008/11/28,0,597000,-318794,278206
2008/12/01,0,1075000,-167000,908000
2008/12/02,0,786000,-760500,25500
2008/12/03,0,775000,-919721,-144721
2008/12/04,0,655000,-879832,-224832
2008/12/05,0,720670,-993824,-273154
2008/12/08,0,515000,-479495,35505
2008/12/09,0,1848100,-1274250,573850
2008/12/10,0,1149000,-1349080,-200080
2008/12/11,0,888000,-1029200,-141200
2008/12/12,0,326000,-1004000,-678000
2008/12/15,0,1280000,-5535333,-4255333
2008/12/16,0,598000,-358350,239650
2008/12/17,0,2410000,-501780,1908220
2008/12/18,0,359000,-91000,268000
2008/12/19,0,378000,-1745200,-1367200
2008/12/22,0,120001,-724000,-603999
2008/12/23,0,296900,-328000,-31100
2008/12/24,0,173000,-342200,-169200
2008/12/25,0,73000,-504000,-431000
2008/12/26,0,161000,-155000,6000
2008/12/29,0,47000,-487454,-440454
2008/12/30,0,1018000,-252000,766000
2008/12/31,0,162000,-562300,-400300
2009/01/01,0,0,0,0
2009/01/02,0,0,0,0
2009/01/05,0,1074000,-203000,871000
2009/01/06,0,5033000,-1198058,3834942
2009/01/07,0,2934000,-3085674,-151674
2009/01/08,0,670000,-695900,-25900
2009/01/09,0,342000,-523000,-181000
2009/01/12,0,3496010,-832800,2663210
2009/01/13,0,178000,-462961,-284961
2009/01/14,0,62000,-1097000,-1035000
2009/01/15,0,320000,-1070000,-750000
2009/01/16,0,73000,-960361,-887361
2009/01/19,0,231000,-272180,-41180
2009/01/20,0,269000,-1404900,-1135900
2009/01/21,0,2364520,-582520,1782000
2009/01/22,0,0,0,0
2009/01/23,0,0,0,0
2009/01/26,0,0,0,0
2009/01/27,0,0,0,0
2009/01/28,0,0,0,0
2009/01/29,0,0,0,0
2009/01/30,0,0,0,0
2009/02/02,0,1085000,-426435,658565
2009/02/03,0,1483000,-887070,595930
2009/02/04,0,873000,-311000,562000
2009/02/05,0,227000,-574000,-347000
2009/02/06,0,853000,-131500,721500
2009/02/09,0,788000,-102000,686000
2009/02/10,0,474000,-508000,-34000
2009/02/11,0,232899,-276399,-43500
2009/02/12,0,82000,-3036000,-2954000
2009/02/13,0,392000,-614000,-222000
2009/02/16,0,579000,-613000,-34000
2009/02/17,0,164000,-1690505,-1526505
2009/02/18,0,507000,-823025,-316025
2009/02/19,0,489000,-358000,131000
2009/02/20,0,129000,-1061910,-932910
2009/02/23,0,406000,-181000,225000
2009/02/24,0,137000,-4451590,-4314590
2009/02/25,0,364000,-590400,-226400
2009/02/26,0,943500,-443130,500370
2009/02/27,0,577000,-745964,-168964
2009/03/02,0,115000,-1583613,-1468613
2009/03/03,0,148000,-988000,-840000
2009/03/04,0,3321000,-483200,2837800
2009/03/05,0,1128000,-4120000,-2992000
2009/03/06,0,1214000,-217000,997000
2009/03/09,0,422000,-1268000,-846000
2009/03/10,0,393001,-945400,-552399
2009/03/11,0,593000,-136369,456631
2009/03/12,0,2241000,-207000,2034000
2009/03/13,0,1913000,-153000,1760000
2009/03/16,0,4647000,-2292000,2355000
2009/03/17,0,1344000,-845000,499000
2009/03/18,0,3496000,-2209000,1287000
2009/03/19,0,2925000,-1908000,1017000
2009/03/20,0,847000,-1037000,-190000
2009/03/23,0,811000,-3833090,-3022090
2009/03/24,0,3877000,-1357000,2520000
2009/03/25,0,2221000,-2349630,-128630
2009/03/26,0,2036000,-1037300,998700
2009/03/27,0,246000,-1142000,-896000
2009/03/30,0,267000,-1000000,-733000
2009/03/31,0,418500,-1367391,-948891
2009/04/01,0,1212000,-1096000,116000
2009/04/02,0,9558000,-2145000,7413000
2009/04/03,0,2958000,-751200,2206800
2009/04/06,0,4977000,-866000,4111000
2009/04/07,0,4000000,-1218360,2781640
2009/04/08,0,1787000,-1680000,107000
2009/04/09,0,2544000,-4067774,-1523774
2009/04/10,0,596000,-634000,-38000
2009/04/13,0,668000,-746000,-78000
2009/04/14,0,5222513,-493000,4729513
2009/04/15,0,2285000,-820000,1465000
2009/04/16,0,3099000,-2277000,822000
2009/04/17,0,1753047,-582000,1171047
2009/04/20,0,2153000,-1586000,567000
2009/04/21,0,466000,-2141000,-1675000
2009/04/22,0,7941000,-620000,7321000
2009/04/23,0,4219000,-672000,3547000
2009/04/24,0,1708000,-995100,712900
2009/04/27,0,1212000,-573000,639000
2009/04/28,0,1841000,-3704000,-1863000
2009/04/29,0,1381000,-556000,825000
2009/04/30,0,4018000,-652000,3366000
2009/05/01,0,0,0,0
2009/05/04,0,1062126,-133000,929126
2009/05/05,0,1151000,-6574000,-5423000
2009/05/06,0,3329000,-2112000,1217000
2009/05/07,0,1749000,-2199600,-450600
2009/05/08,0,1837000,-1355209,481791
2009/05/11,0,5437000,-1508000,3929000
2009/05/12,0,3830578,-3030000,800578
2009/05/13,0,175000,-387000,-212000
2009/05/14,0,5709145,-8326746,-2617601
2009/05/15,0,1806000,-1090000,716000
2009/05/18,0,131000,-777000,-646000
2009/05/19,0,2755000,-264196,2490804
2009/05/20,0,477000,-565000,-88000
2009/05/21,0,2048000,-567000,1481000
2009/05/22,0,1867000,-1066660,800340
2009/05/25,0,166000,-705200,-539200
2009/05/26,0,1507000,-2012437,-505437
2009/05/27,0,6057000,-2162462,3894538
2009/05/28,0,0,0,0
2009/05/29,0,0,0,0
2009/06/01,0,953000,-1168000,-215000
2009/06/02,0,1562000,-460000,1102000
2009/06/03,0,767000,-1218000,-451000
2009/06/04,0,449000,-4383000,-3934000
2009/06/05,0,290000,-661569,-371569
2009/06/08,0,263000,-507000,-244000
2009/06/09,0,761098,-346000,415098
2009/06/10,0,1381000,-463235,917765
2009/06/11,0,864359,-1529000,-664641
2009/06/12,0,313000,-591000,-278000
2009/06/15,0,1221000,-592000,629000
2009/06/16,0,3135000,-2824480,310520
2009/06/17,0,138000,-886000,-748000
2009/06/18,0,1047000,-500000,547000
2009/06/19,0,616000,-1572080,-956080
2009/06/22,0,1129000,-657800,471200
2009/06/23,0,167480,-744000,-576520
2009/06/24,0,930000,-921200,8800
2009/06/25,0,749000,-904000,-155000
2009/06/26,0,213000,-2320000,-2107000
2009/06/29,0,678000,-1508000,-830000
2009/06/30,0,908000,-929241,-21241
2009/07/01,0,846000,-238000,608000
2009/07/02,0,413000,-470000,-57000
2009/07/03,0,161843,-391000,-229157
2009/07/06,0,159000,-521000,-362000
2009/07/07,0,807600,-494240,313360
2009/07/08,0,145000,-879930,-734930
2009/07/09,0,1369000,-1187000,182000
2009/07/10,0,1203000,-452000,751000
2009/07/13,0,20000,-930000,-910000
2009/07/14,0,67000,-3392550,-3325550
2009/07/15,0,3833000,-1666000,2167000
2009/07/16,0,6556000,-2278230,4277770
2009/07/17,0,2820000,-960757,1859243
2009/07/20,0,596000,-991715,-395715
2009/07/21,0,3974000,-1388250,2585750
2009/07/22,0,1103000,-1556000,-453000
2009/07/23,0,4244000,-1743060,2500940
2009/07/24,0,295000,-785410,-490410
2009/07/27,0,3266000,-235543,3030457
2009/07/28,0,1149000,-360320,788680
2009/07/29,0,648257,-4905000,-4256743
2009/07/30,0,6170000,-3997000,2173000
2009/07/31,0,3301000,-961000,2340000
2009/08/03,0,1077000,-705000,372000
2009/08/04,0,110000,-433000,-323000
2009/08/05,0,207000,-901100,-694100
2009/08/06,0,91000,-502000,-411000
2009/08/07,0,0,0,0
2009/08/10,0,279892,-301000,-21108
2009/08/11,0,425000,-1973000,-1548000
2009/08/12,0,719000,-1391000,-672000
2009/08/13,0,3201000,-3683000,-482000
2009/08/14,0,1123000,-907000,216000
2009/08/17,0,1408000,-1220000,188000
2009/08/18,0,906000,-3070000,-2164000
2009/08/19,0,822000,-3009786,-2187786
2009/08/20,0,548000,-1265000,-717000
2009/08/21,0,1571000,-979880,591120
2009/08/24,0,1517000,-1721000,-204000
2009/08/25,0,1010000,-2196204,-1186204
2009/08/26,0,1436000,-288000,1148000
2009/08/27,0,264000,-1480000,-1216000
2009/08/28,0,1014000,-63000,951000
2009/08/31,0,994994,-637560,357434
2009/09/01,0,2663000,-670505,1992495
2009/09/02,0,2443000,-568000,1875000
2009/09/03,0,3850000,-223000,3627000
2009/09/04,0,3348500,-2873000,475500
2009/09/07,0,537000,-869000,-332000
2009/09/08,0,2409500,-1323000,1086500
2009/09/09,0,4950000,-227000,4723000
2009/09/10,0,1968818,-3490100,-1521282
2009/09/11,0,592000,-969000,-377000
2009/09/14,0,107000,-1446000,-1339000
2009/09/15,0,4549300,-866900,3682400
2009/09/16,0,2065000,-417000,1648000
2009/09/17,0,515000,-1535580,-1020580
2009/09/18,0,1290000,-467000,823000
2009/09/21,0,2219000,-598000,1621000
2009/09/22,0,1197000,-30000,1167000
2009/09/23,0,3226000,-3786100,-560100
2009/09/24,0,504000,-2957000,-2453000
2009/09/25,0,1065700,-17096300,-16030600
2009/09/28,0,3132000,-8646200,-5514200
2009/09/29,0,1954000,-1771600,182400
2009/09/30,0,346000,-1215000,-869000
2009/10/01,0,1012000,-2091000,-1079000
2009/10/02,0,778600,-2735000,-1956400
2009/10/05,0,192380,-2876380,-2684000
2009/10/06,0,2123200,-5025200,-2902000
2009/10/07,0,599889,-176120,423769
2009/10/08,0,560000,-2064800,-1504800
2009/10/09,0,716000,-7776500,-7060500
2009/10/12,0,658000,-2725200,-2067200
2009/10/13,0,2178960,-1718365,460595
2009/10/14,0,1909000,-988000,921000
2009/10/15,0,2296000,-1265000,1031000
2009/10/16,0,2183000,-298000,1885000
2009/10/19,0,616000,-476443,139557
2009/10/20,0,1469659,-153000,1316659
2009/10/21,0,881999,-939600,-57601
2009/10/22,0,1074000,-1014000,60000
2009/10/23,0,880000,-765000,115000
2009/10/26,0,2197520,-278000,1919520
2009/10/27,0,958000,-299000,659000
2009/10/28,0,3939000,-3816000,123000
2009/10/29,0,2337000,-5265000,-2928000
2009/10/30,0,2355002,-1204600,1150402
2009/11/02,0,738000,-2468570,-1730570
2009/11/03,0,1455000,-3861198,-2406198
2009/11/04,0,4614571,-3861860,752711
2009/11/05,0,1704000,-189740,1514260
2009/11/06,0,1820000,-148000,1672000
2009/11/09,0,1321000,-144094,1176906
2009/11/10,0,1609000,-103424,1505576
2009/11/11,0,899000,0,899000
2009/11/12,0,1033000,-260420,772580
2009/11/13,0,1158000,-123131,1034869
2009/11/16,0,5251000,-21000,5230000
2009/11/17,0,1028000,-162000,866000
2009/11/18,0,738000,-396400,341600
2009/11/19,0,199000,-599732,-400732
2009/11/20,0,105000,-1043000,-938000
2009/11/23,0,297000,-10000,287000
2009/11/24,0,479000,-290500,188500
2009/11/25,0,692000,-172000,520000
2009/11/26,0,358800,-165600,193200
2009/11/27,0,106000,-1043000,-937000
2009/11/30,0,2118136,-1087880,1030256
2009/12/01,0,467000,-557500,-90500
2009/12/02,0,1011000,-1471000,-460000
2009/12/03,0,586800,-290889,295911
2009/12/04,0,688000,-809000,-121000
2009/12/07,0,3354000,-527800,2826200
2009/12/08,0,261000,-2856800,-2595800
2009/12/09,0,132000,-1697700,-1565700
2009/12/10,0,419000,-1829290,-1410290
2009/12/11,0,293700,-124000,169700
2009/12/14,0,191000,-1055517,-864517
2009/12/15,0,266000,-1456740,-1190740
2009/12/16,0,107000,-246000,-139000
2009/12/17,0,161980,-282000,-120020
2009/12/18,0,83000,-207000,-124000
2009/12/21,0,598000,-50000,548000
2009/12/22,0,911000,-127000,784000
2009/12/23,0,169000,-124937,44063
2009/12/24,0,523000,-435900,87100
2009/12/25,0,144000,-46000,98000
2009/12/28,0,576000,-25000,551000
2009/12/29,0,807000,-207000,600000
2009/12/30,0,601000,-365000,236000
2009/12/31,0,943000,-259000,684000
2010/01/01,0,0,0,0
2010/01/04,0,541000,-2789000,-2248000
2010/01/05,0,247000,-2994000,-2747000
2010/01/06,0,483000,-11400996,-10917996
2010/01/07,0,1139000,-3221842,-2082842
2010/01/08,0,243160,-875689,-632529
2010/01/11,0,879000,-558000,321000
2010/01/12,0,938000,-574000,364000
2010/01/13,0,481000,-225000,256000
2010/01/14,0,91000,-97410,-6410
2010/01/15,0,46000,-229100,-183100
2010/01/18,0,36000,-174000,-138000
2010/01/19,0,23000,-780670,-757670
2010/01/20,0,1292000,-2182000,-890000
2010/01/21,0,130000,-86000,44000
2010/01/22,0,64000,-1790000,-1726000
2010/01/25,0,11520,-1666000,-1654480
2010/01/26,0,174000,-846000,-672000
2010/01/27,0,281000,-149580,131420
2010/01/28,0,282000,-468000,-186000
2010/01/29,0,982800,-596400,386400
2010/02/01,0,511400,-628620,-117220
2010/02/02,0,444000,-569180,-125180
2010/02/03,0,308310,-1262200,-953890
2010/02/04,0,265000,-4101000,-3836000
2010/02/05,0,1326000,-1460100,-134100
2010/02/08,0,2979000,-1182230,1796770
2010/02/09,0,667000,-561147,105853
2010/02/10,0,341000,-1546000,-1205000
2010/02/11,0,0,0,0
2010/02/12,0,0,0,0
2010/02/15,0,0,0,0
2010/02/16,0,0,0,0
2010/02/17,0,0,0,0
2010/02/18,0,0,0,0
2010/02/19,0,0,0,0
2010/02/22,0,1538000,-1219460,318540
2010/02/23,0,533000,-453400,79600
2010/02/24,0,559000,-444000,115000
2010/02/25,0,1719800,-842000,877800
2010/02/26,0,1604754,-728000,876754
2010/03/01,0,1109000,-551850,557150
2010/03/02,0,736600,-965438,-228838
2010/03/03,0,85000,-412000,-327000
2010/03/04,0,90000,-386000,-296000
2010/03/05,0,632000,-52000,580000
2010/03/08,0,612588,-62000,550588
2010/03/09,0,207430,-5000,202430
2010/03/10,0,253727,-77000,176727
2010/03/11,0,936000,-700000,236000
2010/03/12,0,556000,-69000,487000
2010/03/15,0,1129000,-249000,880000
2010/03/16,0,436000,-917000,-481000
2010/03/17,0,1560600,-1511000,49600
2010/03/18,0,2585700,-1825990,759710
2010/03/19,0,519000,-416000,103000
2010/03/22,0,92000,-414750,-322750
2010/03/23,0,151000,-124000,27000
2010/03/24,0,6625000,-703362,5921638
2010/03/25,0,3099767,-1687000,1412767
2010/03/26,0,921000,-1767000,-846000
2010/03/29,0,440000,-1308400,-868400
2010/03/30,0,494800,-771000,-276200
2010/03/31,0,4712000,-3582850,1129150
2010/04/01,0,5433000,-719710,4713290
2010/04/02,0,1287000,-582000,705000
2010/04/05,0,0,0,0
2010/04/06,0,2352000,-104000,2248000
2010/04/07,0,3089610,-170000,2919610
2010/04/08,0,4276000,-511000,3765000
2010/04/09,0,1321000,-946100,374900
2010/04/12,0,258380,-627000,-368620
2010/04/13,0,118000,-235000,-117000
2010/04/14,0,361000,-554510,-193510
2010/04/15,0,922000,-118000,804000
2010/04/16,0,2286830,-236000,2050830
2010/04/19,0,4493000,-682000,3811000
2010/04/20,0,3495000,-366000,3129000
2010/04/21,0,8072000,-477300,7594700
2010/04/22,0,1483000,-903262,579738
2010/04/23,0,1484000,-1197000,287000
2010/04/26,0,7150000,-2532000,4618000
2010/04/27,0,2702000,-106000,2596000
2010/04/28,0,2466000,-770800,1695200
2010/04/29,0,704000,-524000,180000
2010/04/30,0,1888000,-746400,1141600
2010/05/03,0,105000,-1185000,-1080000
2010/05/04,0,724000,-799000,-75000
2010/05/05,0,2446072,-1854085,591987
2010/05/06,0,624797,-2360100,-1735303
2010/05/07,0,895573,-441840,453733
2010/05/10,0,3101320,-1546840,1554480
2010/05/11,0,4228000,-1943000,2285000
2010/05/12,0,398407,-1912000,-1513593
2010/05/13,0,1449000,-2064000,-615000
2010/05/14,0,1431000,-449100,981900
2010/05/17,0,1196000,-1942000,-746000
2010/05/18,0,289000,-1220868,-931868
2010/05/19,0,2275000,-4038000,-1763000
2010/05/20,0,2135863,-1644863,491000
2010/05/21,0,665000,-1509570,-844570
2010/05/24,0,1514000,-859000,655000
2010/05/25,0,1121000,-592000,529000
2010/05/26,0,5383000,-5168730,214270
2010/05/27,0,3190000,-862658,2327342
2010/05/28,0,2515000,-1103000,1412000
2010/05/31,0,446000,-938000,-492000
2010/06/01,0,238000,-910000,-672000
2010/06/02,0,813000,-597000,216000
2010/06/03,0,273000,-419000,-146000
2010/06/04,0,311000,-233000,78000
2010/06/07,0,3237725,-3864225,-626500
2010/06/08,0,239000,-4554450,-4315450
2010/06/09,0,2700000,-11204234,-8504234
2010/06/10,0,686000,-2657400,-1971400
2010/06/11,0,1626904,-2688800,-1061896
2010/06/14,0,439904,-162000,277904
2010/06/15,0,764808,-543140,221668
2010/06/16,0,0,0,0
2010/06/17,0,964342,-248836,715506
2010/06/18,0,536849,-451546,85303
2010/06/21,0,1787256,-130800,1656456
2010/06/22,0,704856,-96000,608856
2010/06/23,0,237887,-201593,36294
2010/06/24,0,400734,-254450,146284
2010/06/25,0,629152,-779000,-149848
2010/06/28,0,737000,-1179000,-442000
2010/06/29,0,2028000,-1811100,216900
2010/06/30,0,2073000,-3929000,-1856000
2010/07/01,0,166000,-1379670,-1213670
2010/07/02,0,137000,-180156,-43156
2010/07/05,0,895766,-295000,600766
2010/07/06,0,1186000,-409000,777000
2010/07/07,0,773274,-455000,318274
2010/07/08,0,2128000,-1248170,879830
2010/07/09,0,290831,-673000,-382169
2010/07/12,0,3262037,-1209597,2052440
2010/07/13,0,3577000,-867243,2709757
2010/07/14,0,3758230,-524356,3233874
2010/07/15,0,818000,-771000,47000
2010/07/16,0,76834,-1527000,-1450166
2010/07/19,0,471000,-1569000,-1098000
2010/07/20,0,702000,-832000,-130000
2010/07/21,0,7150500,-731000,6419500
2010/07/22,0,896301,-2059000,-1162699
2010/07/23,0,1257000,-4827000,-3570000
2010/07/26,0,1903540,-4091000,-2187460
2010/07/27,0,560940,-9391000,-8830060
2010/07/28,0,982000,-9022000,-8040000
2010/07/29,0,1762000,-7029722,-5267722
2010/07/30,0,1643529,-387000,1256529
2010/08/02,0,2161000,-201000,1960000
2010/08/03,0,608000,-805000,-197000
2010/08/04,0,937000,-210000,727000
2010/08/05,0,2142000,-530100,1611900
2010/08/06,0,5203000,-768000,4435000
2010/08/09,0,778000,-413000,365000
2010/08/10,0,1362000,-521000,841000
2010/08/11,0,358000,-458473,-100473
2010/08/12,0,1189000,-419000,770000
2010/08/13,0,1825994,-998972,827022
2010/08/16,0,551000,-764000,-213000
2010/08/17,0,144000,-1730000,-1586000
2010/08/18,0,1237000,-733770,503230
2010/08/19,0,2824000,-254000,2570000
2010/08/20,0,314000,-247430,66570
2010/08/23,0,273000,-937000,-664000
2010/08/24,0,2978000,-759000,2219000
2010/08/25,0,1375000,-1364000,11000
2010/08/26,0,463000,-383000,80000
2010/08/27,0,438000,-615110,-177110
2010/08/30,0,1582754,-496000,1086754
2010/08/31,0,143000,-636534,-493534
2010/09/01,0,281000,-1323000,-1042000
2010/09/02,0,1759000,-515931,1243069
2010/09/03,0,1459000,-229000,1230000
2010/09/06,0,648000,-363000,285000
2010/09/07,0,607904,-2857590,-2249686
2010/09/08,0,612750,-84552,528198
2010/09/09,0,640000,-1038000,-398000
2010/09/10,0,375910,-687000,-311090
2010/09/13,0,900000,-3545409,-2645409
2010/09/14,0,437701,-201000,236701
2010/09/15,0,696451,-1743000,-1046549
2010/09/16,0,808000,-125000,683000
2010/09/17,0,602000,-199000,403000
2010/09/20,0,243000,-1089000,-846000
2010/09/21,0,1311000,-322000,989000
2010/09/22,0,0,0,0
2010/09/23,0,1853000,-259152,1593848
2010/09/24,0,418000,-557000,-139000
2010/09/27,0,296130,-733000,-436870
2010/09/28,0,671890,-193000,478890
2010/09/29,0,2440000,-1243000,1197000
2010/09/30,0,306120,-624000,-317880
2010/10/01,0,477130,-777000,-299870
2010/10/04,0,387060,-33000,354060
2010/10/05,0,185080,-227390,-42310
2010/10/06,0,1764680,-469000,1295680
2010/10/07,0,487750,-253000,234750
2010/10/08,0,574240,-195000,379240
2010/10/11,0,1461420,-180000,1281420
2010/10/12,0,392730,-541000,-148270
2010/10/13,0,1752120,-237000,1515120
2010/10/14,0,6145100,-756000,5389100
2010/10/15,0,5352340,-582000,4770340
2010/10/18,0,309000,-1100000,-791000
2010/10/19,0,2496000,-911400,1584600
2010/10/20,0,3839580,-1231000,2608580
2010/10/21,0,993000,-1293000,-300000
2010/10/22,0,905000,-634001,270999
2010/10/25,0,2659000,-470000,2189000
2010/10/26,0,2842204,-2024000,818204
2010/10/27,0,369240,-1334000,-964760
2010/10/28,0,3298539,-5403000,-2104461
2010/10/29,0,979000,-675000,304000
2010/11/01,0,1602000,-2299000,-697000
2010/11/02,0,587000,-19000,568000
2010/11/03,0,1029000,-546000,483000
2010/11/04,0,556000,-99000,457000
2010/11/05,0,386000,-803852,-417852
2010/11/08,0,2842000,-1676000,1166000
2010/11/09,0,761000,-474000,287000
2010/11/10,0,1450000,-803760,646240
2010/11/11,0,826000,-108468,717532
2010/11/12,0,743000,-425000,318000
2010/11/15,0,649620,-2192000,-1542380
2010/11/16,0,431000,-2803000,-2372000
2010/11/17,0,1290000,-347000,943000
2010/11/18,0,3821300,-285050,3536250
2010/11/19,0,4416450,-1383000,3033450
2010/11/22,0,3525403,-515000,3010403
2010/11/23,0,3498810,-845358,2653452
2010/11/24,0,1837000,-429000,1408000
2010/11/25,0,15473000,-1785000,13688000
2010/11/26,0,10855000,-2990000,7865000
2010/11/29,0,5166494,-843000,4323494
2010/11/30,0,2896646,-1353926,1542720
2010/12/01,0,856000,-4306000,-3450000
2010/12/02,0,1087000,-2439502,-1352502
2010/12/03,0,4641900,-433000,4208900
2010/12/06,0,11637000,-879462,10757538
2010/12/07,0,11038090,-3924000,7114090
2010/12/08,0,4127000,-4096000,31000
2010/12/09,0,1712000,-1901100,-189100
2010/12/10,0,4732200,-4328110,404090
2010/12/13,0,2386000,-2730000,-344000
2010/12/14,0,3762000,-5321200,-1559200
2010/12/15,0,3870000,-3345000,525000
2010/12/16,0,1612797,-3726000,-2113203
2010/12/17,0,3875000,-2516000,1359000
2010/12/20,0,3447990,-3796000,-348010
2010/12/21,0,854000,-66739,787261
2010/12/22,0,1689000,-1275580,413420
2010/12/23,0,2823000,-4984000,-2161000
2010/12/24,0,1165000,-563000,602000
2010/12/27,0,2515000,-181260,2333740
2010/12/28,0,637000,-85000,552000
2010/12/29,0,1441690,-2902000,-1460310
2010/12/30,0,1715000,-1177000,538000
2010/12/31,0,675000,-89400,585600
2011/01/03,0,1701600,-4634300,-2932700
2011/01/04,0,3278500,-1201000,2077500
2011/01/05,0,1454138,-647620,806518
2011/01/06,0,2076000,-213000,1863000
2011/01/07,0,1211000,-661418,549582
2011/01/10,0,1425000,-236000,1189000
2011/01/11,0,3189000,-2026000,1163000
2011/01/12,0,3335228,-972669,2362559
2011/01/13,0,1094865,-347000,747865
2011/01/14,0,1395000,-271000,1124000
2011/01/17,0,1496835,-494000,1002835
2011/01/18,0,456000,-960030,-504030
2011/01/19,0,1683000,-1089000,594000
2011/01/20,0,1982000,-1061100,920900
2011/01/21,0,4423500,-1707000,2716500
2011/01/24,0,759000,-419000,340000
2011/01/25,0,2955436,-1769436,1186000
2011/01/26,0,2692000,-531014,2160986
2011/01/27,0,587000,-968830,-381830
2011/01/28,0,2406900,-2243000,163900
2011/01/31,0,0,0,0
2011/02/01,0,0,0,0
2011/02/02,0,0,0,0
2011/02/03,0,0,0,0
2011/02/04,0,0,0,0
2011/02/07,0,0,0,0
2011/02/08,0,3896000,-4088600,-192600
2011/02/09,0,755000,-1533150,-778150
2011/02/10,0,3550000,-2479050,1070950
2011/02/11,0,2513000,-3097000,-584000
2011/02/14,0,3645000,-3797090,-152090
2011/02/15,0,1515000,-3253487,-1738487
2011/02/16,0,1898000,-1846000,52000
2011/02/17,0,2142000,-1444660,697340
2011/02/18,0,6952000,-1307423,5644577
2011/02/21,0,1856000,-441577,1414423
2011/02/22,0,3292800,-1980000,1312800
2011/02/23,0,3931015,-5579560,-1648545
2011/02/24,0,3794000,-1661800,2132200
2011/02/25,0,2978000,-3151473,-173473
2011/02/28,0,0,0,0
2011/03/01,0,2298000,-719820,1578180
2011/03/02,0,4119117,-4147000,-27883
2011/03/03,0,2483000,-669000,1814000
2011/03/04,0,2948000,-1192000,1756000
2011/03/07,0,318000,-2109000,-1791000
2011/03/08,0,594600,-780904,-186304
2011/03/09,0,1847000,-452894,1394106
2011/03/10,0,3989000,-1661720,2327280
2011/03/11,0,2646000,-3753020,-1107020
2011/03/14,0,4447000,-3465500,981500
2011/03/15,0,3409000,-5498310,-2089310
2011/03/16,0,1811000,-2694830,-883830
2011/03/17,0,2616000,-4269020,-1653020
2011/03/18,0,1405000,-3165599,-1760599
2011/03/21,0,1574000,-1192000,382000
2011/03/22,0,395000,-1307000,-912000
2011/03/23,0,759000,-154000,605000
2011/03/24,0,1553000,-1054400,498600
2011/03/25,0,1473000,-1811967,-338967
2011/03/28,0,764000,-306120,457880
2011/03/29,0,1554650,-426000,1128650
2011/03/30,0,6939000,-2973900,3965100
2011/03/31,0,9143000,-3367843,5775157
2011/04/01,0,4634215,-1439891,3194324
2011/04/04,0,0,0,0
2011/04/05,0,0,0,0
2011/04/06,0,7116025,-3403125,3712900
2011/04/07,0,6442515,-1643299,4799216
2011/04/08,0,6870738,-1733932,5136806
2011/04/11,0,3185806,-3661100,-475294
2011/04/12,0,1736556,-1039200,697356
2011/04/13,0,2910000,-3058100,-148100
2011/04/14,0,2754000,-4986200,-2232200
2011/04/15,0,1977000,-2069000,-92000
2011/04/18,0,2681000,-570840,2110160
2011/04/19,0,1563924,-2684438,-1120514
2011/04/20,0,5681000,-2540945,3140055
2011/04/21,0,4074000,-2310785,1763215
2011/04/22,0,543000,-497000,46000
2011/04/25,0,1059000,-390000,669000
2011/04/26,0,1053000,-1533491,-480491
2011/04/27,0,3368000,-1436042,1931958
2011/04/28,0,6170048,-1898000,4272048
2011/04/29,0,3554000,-810600,2743400
2011/05/02,0,0,0,0
2011/05/03,0,2341245,-676786,1664459
2011/05/04,0,1436000,-2729000,-1293000
2011/05/05,0,2678030,-4351244,-1673214
2011/05/06,0,3293000,-1275000,2018000
2011/05/09,0,806000,-1396460,-590460
2011/05/10,0,1135390,-1848052,-712662
2011/05/11,0,2477000,-1104000,1373000
2011/05/12,0,1703000,-5034900,-3331900
2011/05/13,0,549000,-769000,-220000
2011/05/16,0,2106000,-2617000,-511000
2011/05/17,0,2223000,-1290000,933000
2011/05/18,0,1286000,-726000,560000
2011/05/19,0,1442000,-892078,549922
2011/05/20,0,2990000,-535000,2455000
2011/05/23,0,640000,-1582000,-942000
2011/05/24,0,1096000,-1736060,-640060
2011/05/25,0,1990924,-595000,1395924
2011/05/26,0,6404624,-2043956,4360668
2011/05/27,0,3262000,-1891000,1371000
2011/05/30,0,1542801,-850000,692801
2011/05/31,0,3473557,-2695098,778459
2011/06/01,0,8339057,-2165460,6173597
2011/06/02,0,4012100,-14364660,-10352560
2011/06/03,0,5366775,-2386497,2980278
2011/06/06,0,0,0,0
2011/06/07,0,5243828,-4961180,282648
2011/06/08,0,8898000,-3087100,5810900
2011/06/09,0,4590000,-3233735,1356265
2011/06/10,0,2477092,-4156674,-1679582
2011/06/13,0,3631500,-3826399,-194899
2011/06/14,0,2817000,-1472500,1344500
2011/06/15,0,2927000,-2638565,288435
2011/06/16,0,5014270,-11777573,-6763303
2011/06/17,0,6868000,-13899262,-7031262
2011/06/20,0,8036000,-4880766,3155234
2011/06/21,0,9478081,-7484175,1993906
2011/06/22,0,10463000,-3580000,6883000
2011/06/23,0,3877354,-1619199,2258155
2011/06/24,0,1964000,-2137461,-173461
2011/06/27,0,2723000,-1218002,1504998
2011/06/28,0,2840000,-679799,2160201
2011/06/29,0,1699000,-688900,1010100
2011/06/30,0,1746000,-639200,1106800
2011/07/01,0,7287041,-1147986,6139055
2011/07/04,0,3976100,-1024806,2951294
2011/07/05,0,4049934,-982800,3067134
2011/07/06,0,6195000,-2688000,3507000
2011/07/07,0,3838875,-1455106,2383769
2011/07/08,0,8065675,-1889000,6176675
2011/07/11,0,1839000,-3355000,-1516000
2011/07/12,0,2364144,-1241450,1122694
2011/07/13,0,1815700,-1107100,708600
2011/07/14,0,5428840,-4217000,1211840
2011/07/15,0,4647300,-3597000,1050300
2011/07/18,0,5192000,-1206000,3986000
2011/07/19,0,9604000,-1610165,7993835
2011/07/20,0,6353418,-4618000,1735418
2011/07/21,0,3188808,-1634042,1554766
2011/07/22,0,3911225,-1475000,2436225
2011/07/25,0,1066495,-2525000,-1458505
2011/07/26,0,3466000,-446030,3019970
2011/07/27,0,6826000,-2097000,4729000
2011/07/28,0,7576369,-10103000,-2526631
2011/07/29,0,3760961,-4087808,-326847
2011/08/01,0,3351000,-1905000,1446000
2011/08/02,0,4252242,-4455000,-202758
2011/08/03,0,1198000,-2993290,-1795290
2011/08/04,0,1264000,-1219000,45000
2011/08/05,0,1047000,-695000,352000
2011/08/08,0,7455000,-12420832,-4965832
2011/08/09,0,4041194,-11763054,-7721860
2011/08/10,0,6807380,-7122456,-315076
2011/08/11,0,2398395,-2072224,326171
2011/08/12,0,5518000,-3149381,2368619
2011/08/15,0,609647,-834000,-224353
2011/08/16,0,490000,-1515614,-1025614
2011/08/17,0,2227000,-6439400,-4212400
2011/08/18,0,4395217,-5550113,-1154896
2011/08/19,0,2673000,-2695000,-22000
2011/08/22,0,2639000,-1639000,1000000
2011/08/23,0,5952000,-3747613,2204387
2011/08/24,0,8074100,-4837125,3236975
2011/08/25,0,3993615,-3961000,32615
2011/08/26,0,2796300,-3482871,-686571
2011/08/29,0,5955250,-5004600,950650
2011/08/30,0,2983000,-2457400,525600
2011/08/31,0,6064228,-6704200,-639972
2011/09/01,0,4430600,-4163365,267235
2011/09/02,0,1447575,-1781000,-333425
2011/09/05,0,3039000,-3849658,-810658
2011/09/06,0,3028000,-4443251,-1415251
2011/09/07,0,2368000,-1930000,438000
2011/09/08,0,4048000,-2034000,2014000
2011/09/09,0,2373000,-781951,1591049
2011/09/12,0,0,0,0
2011/09/13,0,1762000,-2992000,-1230000
2011/09/14,0,2832000,-4198950,-1366950
2011/09/15,0,8214470,-8631450,-416980
2011/09/16,0,9959980,-16064139,-6104159
2011/09/19,0,1780000,-12211040,-10431040
2011/09/20,0,3410760,-14230195,-10819435
2011/09/21,0,3881286,-6635000,-2753714
2011/09/22,0,1713762,-6761763,-5048001
2011/09/23,0,6818000,-9788674,-2970674
2011/09/26,0,4417000,-3436500,980500
2011/09/27,0,5164500,-4943000,221500
2011/09/28,0,10569000,-4299200,6269800
2011/09/29,0,6039000,-4284800,1754200
2011/09/30,0,2472000,-2839000,-367000
2011/10/03,0,2611355,-4321400,-1710045
2011/10/04,0,2674000,-3921200,-1247200
2011/10/05,0,1302100,-3021332,-1719232
2011/10/06,0,5557000,-4691633,865367
2011/10/07,0,2175930,-4540667,-2364737
2011/10/10,0,0,0,0
2011/10/11,0,6957000,-5079200,1877800
2011/10/12,0,2714000,-1595690,1118310
2011/10/13,0,4479710,-1266445,3213265
2011/10/14,0,1131373,-2026500,-895127
2011/10/17,0,370100,-2782000,-2411900
2011/10/18,0,607050,-1095000,-487950
2011/10/19,0,1155547,-3497000,-2341453
2011/10/20,0,19777586,-40420140,-20642554
2011/10/21,0,8569500,-6174500,2395000
2011/10/24,0,3655000,-3668000,-13000
2011/10/25,0,8207818,-4756000,3451818
2011/10/26,0,2872000,-2737000,135000
2011/10/27,0,9037000,-3237930,5799070
2011/10/28,0,11542000,-1644796,9897204
2011/10/31,0,4300680,-5351500,-1050820
2011/11/01,0,2761200,-5329700,-2568500
2011/11/02,0,1909600,-3002000,-1092400
2011/11/03,0,2217000,-3322000,-1105000
2011/11/04,0,3853735,-3099000,754735
2011/11/07,0,2207176,-1181000,1026176
2011/11/08,0,2069000,-1168619,900381
2011/11/09,0,1815572,-5880300,-4064728
2011/11/10,0,3030572,-3888250,-857678
2011/11/11,0,1388000,-4348600,-2960600
2011/11/14,0,2686000,-3174240,-488240
2011/11/15,0,1400189,-1610594,-210405
2011/11/16,0,2815000,-4118260,-1303260
2011/11/17,0,1526286,-1126597,399689
2011/11/18,0,3723000,-1597100,2125900
2011/11/21,0,1694850,-2020527,-325677
2011/11/22,0,3918000,-3207350,710650
2011/11/23,0,1036350,-1613000,-576650
2011/11/24,0,635780,-3626000,-2990220
2011/11/25,0,2743000,-13405001,-10662001
2011/11/28,0,6453024,-4257000,2196024
2011/11/29,0,1074000,-2266000,-1192000
2011/11/30,0,5193969,-4616500,577469
2011/12/01,0,3188424,-1503247,1685177
2011/12/02,0,1870792,-1405792,465000
2011/12/05,0,1313000,-1549000,-236000
2011/12/06,0,3127606,-6232000,-3104394
2011/12/07,0,2340495,-8956736,-6616241
2011/12/08,0,2361500,-6884000,-4522500
2011/12/09,0,6097064,-15311700,-9214636
2011/12/12,0,1686000,-5273918,-3587918
2011/12/13,0,7524000,-3538370,3985630
2011/12/14,0,4502424,-6120860,-1618436
2011/12/15,0,1948606,-2861598,-912992
2011/12/16,0,837000,-2007733,-1170733
2011/12/19,0,1410000,-3395495,-1985495
2011/12/20,0,3982000,-1636000,2346000
2011/12/21,0,2223000,-3711000,-1488000
2011/12/22,0,1524685,-1947000,-422315
2011/12/23,0,1576212,-2418000,-841788
2011/12/26,0,846000,-771315,74685
2011/12/27,0,775000,-1631045,-856045
2011/12/28,0,1995100,-2874000,-878900
2011/12/29,0,1154000,-5256545,-4102545
2011/12/30,0,497995,-2189800,-1691805
2012/01/02,0,1082000,-1132000,-50000
2012/01/03,0,1132000,-721050,410950
2012/01/04,0,2481715,-2278865,202850
2012/01/05,0,712212,-2151000,-1438788
2012/01/06,0,5553000,-3408000,2145000
2012/01/09,0,4687429,-2793369,1894060
2012/01/10,0,1718000,-7212000,-5494000
2012/01/11,0,3076000,-1669795,1406205
2012/01/12,0,2847000,-1041225,1805775
2012/01/13,0,3125000,-1057000,2068000
2012/01/16,0,2194000,-1877000,317000
2012/01/17,0,6988000,-2372800,4615200
2012/01/18,0,4543500,-2052500,2491000
2012/01/19,0,0,0,0
2012/01/20,0,0,0,0
2012/01/23,0,0,0,0
2012/01/24,0,0,0,0
2012/01/25,0,0,0,0
2012/01/26,0,0,0,0
2012/01/27,0,0,0,0
2012/01/30,0,3616000,-1904900,1711100
2012/01/31,0,13090470,-8790010,4300460
2012/02/01,0,3676365,-2827585,848780
2012/02/02,0,4853326,-1089000,3764326
2012/02/03,0,2506000,-4265100,-1759100
2012/02/06,0,4558960,-912500,3646460
2012/02/07,0,2629727,-5678913,-3049186
2012/02/08,0,4809500,-6052400,-1242900
2012/02/09,0,4093132,-3005094,1088038
2012/02/10,0,6982000,-1969000,5013000
2012/02/13,0,613050,-2253000,-1639950
2012/02/14,0,7435704,-2106740,5328964
2012/02/15,0,4778000,-3454514,1323486
2012/02/16,0,2626262,-4440000,-1813738
2012/02/17,0,4581450,-7851660,-3270210
2012/02/20,0,1665000,-4376000,-2711000
2012/02/21,0,1348773,-2811098,-1462325
2012/02/22,0,1732390,-2647946,-915556
2012/02/23,0,524000,-1678000,-1154000
2012/02/24,0,1060000,-1193607,-133607
2012/02/27,0,0,0,0
2012/02/28,0,0,0,0
2012/02/29,0,5954669,-2389600,3565069
2012/03/01,0,3548107,-2204803,1343304
2012/03/02,0,3012037,-2177850,834187
2012/03/05,0,1845250,-2145000,-299750
2012/03/06,0,2078202,-4854366,-2776164
2012/03/07,0,793000,-3851200,-3058200
2012/03/08,0,2385000,-1069655,1315345
2012/03/09,0,3380000,-2072000,1308000
2012/03/12,0,1768000,-1561581,206419
2012/03/13,0,1525202,-6638000,-5112798
2012/03/14,0,1939202,-2439373,-500171
2012/03/15,0,1253577,-2508000,-1254423
2012/03/16,0,1336000,-1298095,37905
2012/03/19,0,1196600,-1524000,-327400
2012/03/20,0,2504050,-1529000,975050
2012/03/21,0,2321500,-2008500,313000
2012/03/22,0,2771000,-1850993,920007
2012/03/23,0,2000404,-941500,1058904
2012/03/26,0,537715,-5910000,-5372285
2012/03/27,0,1297000,-1514550,-217550
2012/03/28,0,1753000,-1945300,-192300
2012/03/29,0,1109050,-1615000,-505950
2012/03/30,0,1069000,-1779090,-710090
2012/04/02,0,2034047,-2692000,-657953
2012/04/03,0,2156022,-4338908,-2182886
2012/04/04,0,0,0,0
2012/04/05,0,3018000,-2722000,296000
2012/04/06,0,1502000,-1924235,-422235
2012/04/09,0,167000,-2344000,-2177000
2012/04/10,0,700858,-2287500,-1586642
2012/04/11,0,1261000,-1093657,167343
2012/04/12,0,1894000,-1633867,260133
2012/04/13,0,3354359,-1817488,1536871
2012/04/16,0,1374000,-1201000,173000
2012/04/17,0,2301500,-3815590,-1514090
2012/04/18,0,2874000,-1634095,1239905
2012/04/19,0,3696000,-2305000,1391000
2012/04/20,0,4008955,-2005109,2003846
2012/04/23,0,4946003,-3205245,1740758
2012/04/24,0,4456000,-5173000,-717000
2012/04/25,0,2463100,-840000,1623100
2012/04/26,0,482000,-634000,-152000
2012/04/27,0,3159000,-4173800,-1014800
2012/04/30,0,1655050,-1668548,-13498
2012/05/01,0,0,0,0
2012/05/02,0,4549000,-1896150,2652850
2012/05/03,0,1878500,-1591634,286866
2012/05/04,0,1509000,-2463875,-954875
2012/05/07,0,1105000,-4176000,-3071000
2012/05/08,0,1578000,-1793767,-215767
2012/05/09,0,1110000,-879000,231000
2012/05/10,0,313000,-1999961,-1686961
2012/05/11,0,863858,-2658000,-1794142
2012/05/14,0,221000,-2383100,-2162100
2012/05/15,0,2247000,-4584000,-2337000
2012/05/16,0,1680721,-7583000,-5902279
2012/05/17,0,2601000,-3616600,-1015600
2012/05/18,0,1602500,-2895000,-1292500
2012/05/21,0,2274389,-4676050,-2401661
2012/05/22,0,2403000,-1832200,570800
2012/05/23,0,4406286,-2280000,2126286
2012/05/24,0,3506600,-1605500,1901100
2012/05/25,0,1009000,-808661,200339
2012/05/28,0,424000,-892326,-468326
2012/05/29,0,1757000,-2215000,-458000
2012/05/30,0,2317000,-1432630,884370
2012/05/31,0,1907269,-1551021,356248
2012/06/01,0,4449240,-2185988,2263252
2012/06/04,0,1650749,-1209000,441749
2012/06/05,0,746000,-895137,-149137
2012/06/06,0,5456000,-1327400,4128600
2012/06/07,0,4204616,-3125800,1078816
2012/06/08,0,1806871,-913000,893871
2012/06/11,0,2102000,-515000,1587000
2012/06/12,0,1323000,-3944000,-2621000
2012/06/13,0,1018903,-3023700,-2004797
2012/06/14,0,2312000,-3430486,-1118486
2012/06/15,0,1925300,-2711157,-785857
2012/06/18,0,1278000,-2474000,-1196000
2012/06/19,0,663286,-900379,-237093
2012/06/20,0,3266286,-998000,2268286
2012/06/21,0,1419018,-913000,506018
2012/06/22,0,1262286,-2189000,-926714
2012/06/25,0,2936000,-1969000,967000
2012/06/26,0,2455000,-5146000,-2691000
2012/06/27,0,4260400,-2071600,2188800
2012/06/28,0,350869,-2912670,-2561801
2012/06/29,0,1229330,-1177000,52330
2012/07/02,0,2559000,-2465000,94000
2012/07/03,0,1490286,-1625605,-135319
2012/07/04,0,2175000,-1328000,847000
2012/07/05,0,1055000,-1882000,-827000
2012/07/06,0,2731000,-3927000,-1196000
2012/07/09,0,3771000,-11119900,-7348900
2012/07/10,0,2055330,-8232510,-6177180
2012/07/11,0,1951000,-11096728,-9145728
2012/07/12,0,1899338,-9910100,-8010762
2012/07/13,0,1029000,-2314304,-1285304
2012/07/16,0,1254000,-2936000,-1682000
2012/07/17,0,2258000,-5177600,-2919600
2012/07/18,0,1038000,-2930286,-1892286
2012/07/19,0,2080310,-1270286,810024
2012/07/20,0,1086000,-3044872,-1958872
2012/07/23,0,1945000,-4263000,-2318000
2012/07/24,0,2180200,-1069486,1110714
2012/07/25,0,2518000,-5008000,-2490000
2012/07/26,0,1720000,-2526000,-806000
2012/07/27,0,6296000,-7266248,-970248
2012/07/30,0,1866126,-3594000,-1727874
2012/07/31,0,2541000,-7250000,-4709000
2012/08/01,0,13191700,-35132480,-21940780
2012/08/02,0,0,0,0
2012/08/03,0,3073854,-2185918,887936
2012/08/06,0,2895000,-4422795,-1527795
2012/08/07,0,1364900,-2054000,-689100
2012/08/08,0,2686481,-4445000,-1758519
2012/08/09,0,4856000,-1624000,3232000
2012/08/10,0,2696000,-3466710,-770710
2012/08/13,0,1632000,-3069200,-1437200
2012/08/14,0,2409577,-1114000,1295577
2012/08/15,0,1333000,-1195270,137730
2012/08/16,0,3304000,-1060000,2244000
2012/08/17,0,1431000,-1331000,100000
2012/08/20,0,269000,-97000,172000
2012/08/21,0,1007432,-1715806,-708374
2012/08/22,0,2663267,-1947000,716267
2012/08/23,0,1230515,-709628,520887
2012/08/24,0,1006000,-1031925,-25925
2012/08/27,0,2243000,-1209000,1034000
2012/08/28,0,1707657,-1929000,-221343
2012/08/29,0,1259000,-646000,613000
2012/08/30,0,1443000,-827000,616000
2012/08/31,0,502380,-200000,302380
2012/09/03,0,383000,-1283000,-900000
2012/09/04,0,1037000,-2667000,-1630000
2012/09/05,0,387000,-1695871,-1308871
2012/09/06,0,2746000,-4102500,-1356500
2012/09/07,0,3051000,-2736000,315000
2012/09/10,0,887094,-3505000,-2617906
2012/09/11,0,671000,-4946090,-4275090
2012/09/12,0,1882000,-4851000,-2969000
2012/09/13,0,1137000,-3500000,-2363000
2012/09/14,0,1433000,-2445000,-1012000
2012/09/17,0,2210000,-2145000,65000
2012/09/18,0,1784600,-3694000,-1909400
2012/09/19,0,2228000,-1134000,1094000
2012/09/20,0,919000,-768198,150802
2012/09/21,0,1025954,-1576000,-550046
2012/09/24,0,1010000,-1514000,-504000
2012/09/25,0,1028000,-2834000,-1806000
2012/09/26,0,1474000,-1451000,23000
2012/09/27,0,1808000,-6241104,-4433104
2012/09/28,0,1354000,-3207085,-1853085
2012/10/01,0,1335000,-1646000,-311000
2012/10/02,0,2635000,-1494500,1140500
2012/10/03,0,546000,-1128000,-582000
2012/10/04,0,727000,-454000,273000
2012/10/05,0,623000,-2097000,-1474000
2012/10/08,0,935300,-1942180,-1006880
2012/10/09,0,1222000,-3203309,-1981309
2012/10/10,0,0,0,0
2012/10/11,0,2425000,-1312217,1112783
2012/10/12,0,892040,-772000,120040
2012/10/15,0,514270,-287000,227270
2012/10/16,0,6265000,-4080000,2185000
2012/10/17,0,5167000,-2017230,3149770
2012/10/18,0,3047000,-2479000,568000
2012/10/19,0,3186500,-2332000,854500
2012/10/22,0,1527000,-717000,810000
2012/10/23,0,1904800,-2056384,-151584
2012/10/24,0,599500,-1049666,-450166
2012/10/25,0,534000,-1079000,-545000
2012/10/26,0,952000,-3384000,-2432000
2012/10/29,0,3429800,-2062000,1367800
2012/10/30,0,464000,-1411000,-947000
2012/10/31,0,3614000,-3160000,454000
2012/11/01,0,711000,-3867000,-3156000
2012/11/02,0,321280,-733255,-411975
2012/11/05,0,954000,-284000,670000
2012/11/06,0,932425,-1328000,-395575
2012/11/07,0,2731000,-2955000,-224000
2012/11/08,0,1058000,-2901800,-1843800
2012/11/09,0,3528000,-3093990,434010
2012/11/12,0,1566000,-1009000,557000
2012/11/13,0,577000,-1180500,-603500
2012/11/14,0,1059720,-559000,500720
2012/11/15,0,512270,-1057000,-544730
2012/11/16,0,8752230,-1776000,6976230
2012/11/19,0,3363076,-2418000,945076
2012/11/20,0,4472000,-1847000,2625000
2012/11/21,0,1710000,-3043600,-1333600
2012/11/22,0,1186000,-533000,653000
2012/11/23,0,2317000,-777000,1540000
2012/11/26,0,553000,-1917000,-1364000
2012/11/27,0,2175000,-3870000,-1695000
2012/11/28,0,3263900,-1689765,1574135
2012/11/29,0,9122000,-2877150,6244850
2012/11/30,0,6651000,-1547287,5103713
2012/12/03,0,4318254,-2670134,1648120
2012/12/04,0,3475563,-2538000,937563
2012/12/05,0,1552000,-766564,785436
2012/12/06,0,1186000,-4593000,-3407000
2012/12/07,0,1067000,-990000,77000
2012/12/10,0,665980,-1352000,-686020
2012/12/11,0,870482,-1244000,-373518
2012/12/12,0,2805000,-1632000,1173000
2012/12/13,0,2992948,-1171000,1821948
2012/12/14,0,1721681,-3598399,-1876718
2012/12/17,0,1908000,-7158000,-5250000
2012/12/18,0,1324000,-5654140,-4330140
2012/12/19,0,1932000,-4382000,-2450000
2012/12/20,0,604000,-5129000,-4525000
2012/12/21,0,346200,-2201014,-1854814
2012/12/24,0,581000,-1290000,-709000
2012/12/25,0,199000,-128000,71000
2012/12/26,0,188000,-588000,-400000
2012/12/27,0,787000,-3078000,-2291000
2012/12/28,0,985000,-598000,387000
2012/12/31,0,0,0,0
2013/01/01,0,0,0,0
2013/01/02,0,1445000,-951000,494000
2013/01/03,0,2956000,-2165450,790550
2013/01/04,0,985850,-2875400,-1889550
2013/01/07,0,3455000,-2742300,712700
2013/01/08,0,2599000,-2641600,-42600
2013/01/09,0,3118000,-3132700,-14700
2013/01/10,0,2663300,-6538620,-3875320
2013/01/11,0,2829000,-5815806,-2986806
2013/01/14,0,3821077,-8945000,-5123923
2013/01/15,0,1091000,-5694000,-4603000
2013/01/16,0,2998375,-7727064,-4728689
2013/01/17,0,1320300,-1200000,120300
2013/01/18,0,744000,-620902,123098
2013/01/21,0,1280355,-1060385,219970
2013/01/22,0,308340,-829934,-521594
2013/01/23,0,1054000,-1420721,-366721
2013/01/24,0,1220000,-5410000,-4190000
2013/01/25,0,695134,-1172000,-476866
2013/01/28,0,362000,-539000,-177000
2013/01/29,0,1120300,-1557000,-436700
2013/01/30,0,1386000,-2528600,-1142600
2013/01/31,0,1135082,-666000,469082
2013/02/01,0,816785,-495000,321785
2013/02/04,0,1616000,-309450,1306550
2013/02/05,0,3716000,-2091000,1625000
2013/02/06,0,4532699,-1096000,3436699
2013/02/07,0,0,0,0
2013/02/08,0,0,0,0
2013/02/11,0,0,0,0
2013/02/12,0,0,0,0
2013/02/13,0,0,0,0
2013/02/14,0,0,0,0
2013/02/15,0,0,0,0
2013/02/18,0,1262000,-1285067,-23067
2013/02/19,0,791250,-1721182,-929932
2013/02/20,0,4356250,-2441931,1914319
2013/02/21,0,855000,-1774000,-919000
2013/02/22,0,3211000,-1404000,1807000
2013/02/25,0,1125000,-994380,130620
2013/02/26,0,760000,-405392,354608
2013/02/27,0,1524204,-548450,975754
2013/02/28,0,0,0,0
2013/03/01,0,1210650,-348526,862124
2013/03/04,0,2050000,-1214000,836000
2013/03/05,0,1869000,-1232082,636918
2013/03/06,0,1022000,-3914000,-2892000
2013/03/07,0,2001640,-3521192,-1519552
2013/03/08,0,1065501,-762000,303501
2013/03/11,0,1143034,-801030,342004
2013/03/12,0,2417000,-812018,1604982
2013/03/13,0,1129000,-534683,594317
2013/03/14,0,474000,-526807,-52807
2013/03/15,0,1549535,-2389120,-839585
2013/03/18,0,917000,-1520051,-603051
2013/03/19,0,738125,-2551629,-1813504
2013/03/20,0,982000,-1886012,-904012
2013/03/21,0,791000,-1790000,-999000
2013/03/22,0,661655,-589068,72587
2013/03/25,0,82000,-108179,-26179
2013/03/26,0,421425,-2055665,-1634240
2013/03/27,0,889000,-355210,533790
2013/03/28,0,1883610,-635000,1248610
2013/03/29,0,1448000,-556000,892000
2013/04/01,0,4858436,-1894000,2964436
2013/04/02,0,3881154,-365145,3516009
2013/04/03,0,5059820,-672000,4387820
2013/04/04,0,0,0,0
2013/04/05,0,0,0,0
2013/04/08,0,6397000,-1367275,5029725
2013/04/09,0,2497749,-2303386,194363
2013/04/10,0,3151507,-997938,2153569
2013/04/11,0,5360744,-1190100,4170644
2013/04/12,0,1628768,-1329000,299768
2013/04/15,0,567743,-275000,292743
2013/04/16,0,2148661,-1801000,347661
2013/04/17,0,1405000,-1319460,85540
2013/04/18,0,5734000,-1622172,4111828
2013/04/19,0,2728000,-2303231,424769
2013/04/22,0,1250000,-952660,297340
2013/04/23,0,1926000,-3739245,-1813245
2013/04/24,0,1726000,-491000,1235000
2013/04/25,0,2988743,-680000,2308743
2013/04/26,0,2015743,-283895,1731848
2013/04/29,0,1823000,-154000,1669000
2013/04/30,0,3092139,-357000,2735139
2013/05/01,0,0,0,0
2013/05/02,0,4331472,-913765,3417707
2013/05/03,0,4107000,-1053000,3054000
2013/05/06,0,3046020,-3453875,-407855
2013/05/07,0,5362604,-2679007,2683597
2013/05/08,0,4955222,-1072375,3882847
2013/05/09,0,1419450,-273000,1146450
2013/05/10,0,12142000,-3582255,8559745
2013/05/13,0,1911000,-492000,1419000
2013/05/14,0,2095800,-539315,1556485
2013/05/15,0,4171000,-1739000,2432000
2013/05/16,0,3935000,-742000,3193000
2013/05/17,0,3418036,-1602000,1816036
2013/05/20,0,3247602,-821000,2426602
2013/05/21,0,2245000,-1072390,1172610
2013/05/22,0,2416000,-1009023,1406977
2013/05/23,0,1187000,-1534910,-347910
2013/05/24,0,5866070,-1768098,4097972
2013/05/27,0,2552727,-988000,1564727
2013/05/28,0,2027000,-829000,1198000
2013/05/29,0,5563630,-818000,4745630
2013/05/30,0,5524205,-2596000,2928205
2013/05/31,0,9804799,-4926760,4878039
2013/06/03,0,1716000,-3825000,-2109000
2013/06/04,0,3476655,-3416630,60025
2013/06/05,0,3234588,-2039395,1195193
2013/06/06,0,2158827,-1954265,204562
2013/06/07,0,1563075,-2025000,-461925
2013/06/10,0,858200,-1071000,-212800
2013/06/11,0,685000,-567215,117785
2013/06/12,0,0,0,0
2013/06/13,0,6341750,-5541555,800195
2013/06/14,0,3425000,-1667375,1757625
2013/06/17,0,802000,-745899,56101
2013/06/18,0,1805250,-930000,875250
2013/06/19,0,1388000,-1017879,370121
2013/06/20,0,749000,-800667,-51667
2013/06/21,0,576000,-1879055,-1303055
2013/06/24,0,1042000,-2005236,-963236
2013/06/25,0,2331000,-4185148,-1854148
2013/06/26,0,4303082,-1622125,2680957
2013/06/27,0,2901000,-1783000,1118000
2013/06/28,0,3438100,-808000,2630100
2013/07/01,0,2103437,-1190000,913437
2013/07/02,0,1109872,-1808720,-698848
2013/07/03,0,2071876,-2527000,-455124
2013/07/04,0,1761000,-6483000,-4722000
2013/07/05,0,3139000,-909000,2230000
2013/07/08,0,1116000,-2824298,-1708298
2013/07/09,0,872000,-3589000,-2717000
2013/07/10,0,2393900,-3669000,-1275100
2013/07/11,0,1978904,-3104000,-1125096
2013/07/12,0,3221000,-2127000,1094000
2013/07/15,0,1162416,-2559000,-1396584
2013/07/16,0,1277195,-1287000,-9805
2013/07/17,0,2042000,-1822000,220000
2013/07/18,0,2057000,-2867000,-810000
2013/07/19,0,1971725,-9309196,-7337471
2013/07/22,0,1481611,-6690610,-5208999
2013/07/23,0,1643800,-3987000,-2343200
2013/07/24,0,2123245,-2794333,-671088
2013/07/25,0,2448298,-3258000,-809702
2013/07/26,0,2850000,-1890795,959205
2013/07/29,0,360635,-637248,-276613
2013/07/30,0,1305099,-350000,955099
2013/07/31,0,806515,-6073000,-5266485
2013/08/01,0,1317700,-3573000,-2255300
2013/08/02,0,3063859,-2041900,1021959
2013/08/05,0,840138,-819930,20208
2013/08/06,0,2901426,-2713355,188071
2013/08/07,0,1277932,-2598000,-1320068
2013/08/08,0,2296000,-911000,1385000
2013/08/09,0,1289000,-878000,411000
2013/08/12,0,205000,-356000,-151000
2013/08/13,0,2374000,-158000,2216000
2013/08/14,0,1871571,-573000,1298571
2013/08/15,0,1270661,-725387,545274
2013/08/16,0,1018807,-453000,565807
2013/08/19,0,1246504,-584590,661914
2013/08/20,0,1083522,-914326,169196
2013/08/21,0,0,0,0
2013/08/22,0,2168090,-1403041,765049
2013/08/23,0,560000,-801368,-241368
2013/08/26,0,463400,-1047000,-583600
2013/08/27,0,933000,-1864000,-931000
2013/08/28,0,940000,-1073730,-133730
2013/08/29,0,2302513,-844004,1458509
2013/08/30,0,2521000,-1028000,1493000
2013/09/02,0,550000,-1494000,-944000
2013/09/03,0,1055000,-2354000,-1299000
2013/09/04,0,580000,-1546000,-966000
2013/09/05,0,1281678,-1280000,1678
2013/09/06,0,819000,-658000,161000
2013/09/09,0,1006000,-504000,502000
2013/09/10,0,1541000,-289002,1251998
2013/09/11,0,2574200,-269820,2304380
2013/09/12,0,1255000,-431000,824000
2013/09/13,0,979000,-436000,543000
2013/09/16,0,1725000,-173000,1552000
2013/09/17,0,2328044,-2307000,21044
2013/09/18,0,10595864,-2968774,7627090
2013/09/19,0,0,0,0
2013/09/20,0,0,0,0
2013/09/23,0,4140078,-2689197,1450881
2013/09/24,0,6255827,-1589363,4666464
2013/09/25,0,2324000,-775000,1549000
2013/09/26,0,1026000,-359000,667000
2013/09/27,0,2016000,-2551002,-535002
2013/09/30,0,962596,-1400360,-437764
2013/10/01,0,2549558,-1581362,968196
2013/10/02,0,595400,-1229177,-633777
2013/10/03,0,5764558,-667000,5097558
2013/10/04,0,3789568,-410000,3379568
2013/10/07,0,298055,-2194395,-1896340
2013/10/08,0,2103172,-1493231,609941
2013/10/09,0,2395260,-507000,1888260
2013/10/10,0,0,0,0
2013/10/11,0,7044895,-668749,6376146
2013/10/14,0,1261450,-1523284,-261834
2013/10/15,0,2224000,-428000,1796000
2013/10/16,0,1270000,-1430500,-160500
2013/10/17,0,4835484,-1677000,3158484
2013/10/18,0,2617048,-240000,2377048
2013/10/21,0,6568605,-932000,5636605
2013/10/22,0,4312820,-215418,4097402
2013/10/23,0,1574015,-640000,934015
2013/10/24,0,1537220,-600000,937220
2013/10/25,0,1501230,-1468500,32730
2013/10/28,0,1540680,-458000,1082680
2013/10/29,0,1037426,-1113000,-75574
2013/10/30,0,2348000,-557000,1791000
2013/10/31,0,1347000,-548066,798934
2013/11/01,0,1956000,-965000,991000
2013/11/04,0,4807200,-1218000,3589200
2013/11/05,0,2964029,-1696250,1267779
2013/11/06,0,2574561,-426488,2148073
2013/11/07,0,1365000,-1258000,107000
2013/11/08,0,1841753,-1029000,812753
2013/11/11,0,2715302,-803000,1912302
2013/11/12,0,2748000,-1039055,1708945
2013/11/13,0,2388246,-1655050,733196
2013/11/14,0,1830544,-1962000,-131456
2013/11/15,0,1633190,-317000,1316190
2013/11/18,0,2384250,-238000,2146250
2013/11/19,0,1602918,-837318,765600
2013/11/20,0,1175327,-1194708,-19381
2013/11/21,0,2304208,-1792500,511708
2013/11/22,0,2238704,-403000,1835704
2013/11/25,0,1140009,-847000,293009
2013/11/26,0,1832016,-1866075,-34059
2013/11/27,0,872555,-939000,-66445
2013/11/28,0,910000,-736195,173805
2013/11/29,0,1977700,-1048000,929700
2013/12/02,0,1858055,-865000,993055
2013/12/03,0,913718,-565354,348364
2013/12/04,0,2650000,-1189100,1460900
2013/12/05,0,1980222,-843000,1137222
2013/12/06,0,8219111,-1618000,6601111
2013/12/09,0,3786185,-1643438,2142747
2013/12/10,0,3684000,-514349,3169651
2013/12/11,0,3327000,-1582000,1745000
2013/12/12,0,3288400,-1757602,1530798
2013/12/13,0,2264955,-2053900,211055
2013/12/16,0,917330,-2356114,-1438784
2013/12/17,0,935090,-757000,178090
2013/12/18,0,3754959,-2028019,1726940
2013/12/19,0,816304,-1485085,-668781
2013/12/20,0,1306130,-474372,831758
2013/12/23,0,1934158,-888500,1045658
2013/12/24,0,1291400,-420000,871400
2013/12/25,0,279000,-217000,62000
2013/12/26,0,289000,-1058000,-769000
2013/12/27,0,2744831,-739000,2005831
2013/12/30,0,2327001,-594000,1733001
2013/12/31,0,2302255,-399000,1903255
2014/01/02,0,1382055,-1693081,-311026
2014/01/03,0,940185,-1855000,-914815
2014/01/06,0,1408000,-681577,726423
2014/01/07,0,2830000,-1189222,1640778
2014/01/08,0,1580000,-736000,844000
2014/01/09,0,6350200,-2100000,4250200
2014/01/10,0,2958000,-1126000,1832000
2014/01/13,0,3360000,-545495,2814505
2014/01/14,0,1126122,-2474000,-1347878
2014/01/15,0,4407100,-1496044,2911056
2014/01/16,0,3308000,-3573743,-265743
2014/01/17,0,2354000,-368261,1985739
2014/01/20,0,1344000,-559000,785000
2014/01/21,0,912000,-912497,-497
2014/01/22,0,2188000,-2795000,-607000
2014/01/23,0,2153222,-1206000,947222
2014/01/24,0,1415000,-1068000,347000
2014/01/27,0,1090000,-2343134,-1253134
2014/02/05,0,3612650,-5861198,-2248548
2014/02/06,0,2532000,-2916153,-384153
2014/02/07,0,7801000,-2484480,5316520
2014/02/10,0,4464067,-3015037,1449030
2014/02/11,0,3774000,-1142461,2631539
2014/02/12,0,5054679,-2743586,2311093
2014/02/13,0,1245000,-4934064,-3689064
2014/02/14,0,3441000,-9076409,-5635409
2014/02/17,0,2869000,-3087000,-218000
2014/02/18,0,1185800,-1276043,-90243
2014/02/19,0,1393420,-550250,843170
2014/02/20,0,2461408,-1720517,740891
2014/02/21,0,2651000,-2152000,499000
2014/02/24,0,2447000,-1969898,477102
2014/02/25,0,1664121,-1108286,555835
2014/02/26,0,4221000,-3024103,1196897
2014/02/27,0,2492000,-1976875,515125
2014/03/03,0,3412400,-2240270,1172130
2014/03/04,0,1448712,-1643000,-194288
2014/03/05,0,1459000,-3288895,-1829895
2014/03/06,0,1913450,-1740000,173450
2014/03/07,0,2288000,-358000,1930000
2014/03/10,0,461000,-669943,-208943
2014/03/11,0,1089320,-1121699,-32379
2014/03/12,0,1228160,-1450858,-222698
2014/03/13,0,978000,-1835790,-857790
2014/03/14,0,1389000,-2677000,-1288000
2014/03/17,0,410000,-343005,66995
2014/03/18,0,1502000,-392863,1109137
2014/03/19,0,1119000,-1144000,-25000
2014/03/20,0,1307000,-1163571,143429
2014/03/21,0,1730000,-2170462,-440462
2014/03/24,0,2665040,-1102500,1562540
2014/03/25,0,1331000,-982933,348067
2014/03/26,0,1927000,-627267,1299733
2014/03/27,0,2980000,-954355,2025645
2014/03/28,0,1691000,-668000,1023000
2014/03/31,0,1571103,-2146000,-574897
2014/04/01,0,1767000,-752383,1014617
2014/04/02,0,957000,-546155,410845
2014/04/03,0,2556000,-589238,1966762
2014/04/07,0,3985000,-2577465,1407535
2014/04/08,0,1667371,-584000,1083371
2014/04/09,0,3600000,-515033,3084967
2014/04/10,0,3999021,-1804749,2194272
2014/04/11,0,1464000,-2027789,-563789
2014/04/14,0,527000,-979000,-452000
2014/04/15,0,1334200,-2873446,-1539246
2014/04/16,0,4399000,-1673000,2726000
2014/04/17,0,5672184,-2048330,3623854
2014/04/18,0,484000,-355000,129000
2014/04/21,0,885000,-2307000,-1422000
2014/04/22,0,2698400,-1175000,1523400
2014/04/23,0,1840788,-800000,1040788
2014/04/24,0,4201000,-1842424,2358576
2014/04/25,0,6030380,-2783000,3247380
2014/04/28,0,4317000,-3670000,647000
2014/04/29,0,2305368,-5993710,-3688342
2014/04/30,0,3379296,-5612000,-2232704
2014/05/02,0,3328000,-3318136,9864
2014/05/05,0,5612494,-2927000,2685494
2014/05/06,0,1540000,-1419000,121000
2014/05/07,0,1641000,-3658000,-2017000
2014/05/08,0,1132694,-1352000,-219306
2014/05/09,0,1143008,-925778,217230
2014/05/12,0,1081371,-1066000,15371
2014/05/13,0,3675150,-1584000,2091150
2014/05/14,0,1183000,-1905000,-722000
2014/05/15,0,647260,-1065000,-417740
2014/05/16,0,1006000,-869714,136286
2014/05/19,0,984000,-588688,395312
2014/05/20,0,1813957,-1134758,679199
2014/05/21,0,1169307,-1112478,56829
2014/05/22,0,1492000,-1138000,354000
2014/05/23,0,2488000,-1217316,1270684
2014/05/26,0,963000,-859000,104000
2014/05/27,0,143000,-1539000,-1396000
2014/05/28,0,1339247,-2466633,-1127386
2014/05/29,0,1597426,-967702,629724
2014/05/30,0,3072184,-7025107,-3952923
2014/06/03,0,3413900,-3405797,8103
2014/06/04,0,3254000,-934510,2319490
2014/06/05,0,2184000,-1038531,1145469
2014/06/06,0,2117300,-1210200,907100
2014/06/09,0,839000,-1116465,-277465
2014/06/10,0,1637824,-2190000,-552176
2014/06/11,0,3119912,-1891047,1228865
2014/06/12,0,418000,-1579167,-1161167
2014/06/13,0,1779412,-1744261,35151
2014/06/16,0,709000,-1394973,-685973
2014/06/17,0,1744000,-3594423,-1850423
2014/06/18,0,2083000,-1457500,625500
2014/06/19,0,1670120,-1959625,-289505
2014/06/20,0,936100,-810459,125641
2014/06/23,0,1418640,-2563207,-1144567
2014/06/24,0,4233912,-4766377,-532465
2014/06/25,0,4042000,-2361185,1680815
2014/06/26,0,2547292,-1372139,1175153
2014/06/27,0,902400,-1297100,-394700
2014/06/30,0,1388245,-843118,545127
2014/07/01,0,1395490,-967000,428490
2014/07/02,0,1350077,-1017426,332651
2014/07/03,0,1044125,-605575,438550
2014/07/04,0,1281050,-2429000,-1147950
2014/07/07,0,2725315,-1786088,939227
2014/07/08,0,1794000,-1027000,767000
2014/07/09,0,1429730,-1227478,202252
2014/07/10,0,1905142,-1497060,408082
2014/07/11,0,1641338,-981534,659804
2014/07/14,0,658000,-1324202,-666202
2014/07/15,0,1456678,-767000,689678
2014/07/16,0,1404620,-1033000,371620
2014/07/17,0,1446539,-2003350,-556811
2014/07/18,0,1748000,-2273295,-525295
2014/07/21,0,478000,-712935,-234935
2014/07/22,0,504000,-518000,-14000
2014/07/23,0,0,0,0
2014/07/24,0,1720905,-2413500,-692595
2014/07/25,0,1278000,-1816545,-538545
2014/07/28,0,1269681,-4490000,-3220319
2014/07/29,0,1808000,-4869406,-3061406
2014/07/30,0,2561000,-2512000,49000
2014/07/31,0,2832000,-5104000,-2272000
2014/08/01,0,3763620,-889509,2874111
2014/08/04,0,2511019,-1022000,1489019
2014/08/05,0,1737880,-1914040,-176160
2014/08/06,0,2209896,-622000,1587896
2014/08/07,0,1620005,-1864885,-244880
2014/08/08,0,3577124,-1644056,1933068
2014/08/11,0,1991685,-1438468,553217
2014/08/12,0,9896639,-1840744,8055895
2014/08/13,0,2031379,-1369000,662379
2014/08/14,0,3021649,-1211000,1810649
2014/08/15,0,833050,-595920,237130
2014/08/18,0,854000,-1072850,-218850
2014/08/19,0,2044030,-663950,1380080
2014/08/20,0,2240283,-755755,1484528
2014/08/21,0,1977000,-637003,1339997
2014/08/22,0,1661134,-1588000,73134
2014/08/25,0,650000,-266325,383675
2014/08/26,0,1672290,-1646000,26290
2014/08/27,0,2004940,-712102,1292838
2014/08/28,0,1720810,-616000,1104810
2014/08/29,0,1332000,-1163600,168400
2014/09/01,0,1050000,-610000,440000
2014/09/02,0,1247300,-1325862,-78562
2014/09/03,0,2807091,-1581666,1225425
2014/09/04,0,2125436,-2084579,40857
2014/09/05,0,1219000,-1528000,-309000
2014/09/09,0,1749903,-862636,887267
2014/09/10,0,1032688,-2885340,-1852652
2014/09/11,0,1289000,-1138105,150895
2014/09/12,0,2386558,-2913380,-526822
2014/09/15,0,1644579,-886823,757756
2014/09/16,0,848238,-1056000,-207762
2014/09/17,0,1135000,-1502000,-367000
2014/09/18,0,705556,-682394,23162
2014/09/19,0,1033500,-714785,318715
2014/09/22,0,1075093,-2296567,-1221474
2014/09/23,0,313000,-1415669,-1102669
2014/09/24,0,1158458,-766709,391749
2014/09/25,0,1187200,-3327291,-2140091
2014/09/26,0,2308591,-4579870,-2271279
2014/09/29,0,2651000,-4745810,-2094810
2014/09/30,0,1147200,-2197182,-1049982
2014/10/01,0,1484000,-2636273,-1152273
2014/10/02,0,3316422,-1167136,2149286
2014/10/03,0,3093371,-826300,2267071
2014/10/06,0,2585164,-3776000,-1190836
2014/10/07,0,1003000,-2473599,-1470599
2014/10/08,0,1346000,-1240517,105483
2014/10/09,0,2609000,-2257711,351289
2014/10/13,0,949000,-3332401,-2383401
2014/10/14,0,790000,-1440320,-650320
2014/10/15,0,1574000,-2469000,-895000
2014/10/16,0,681000,-2231262,-1550262
2014/10/17,0,3681025,-4509897,-828872
2014/10/20,0,1845790,-2193148,-347358
2014/10/21,0,937965,-1668592,-730627
2014/10/22,0,730691,-1430760,-700069
2014/10/23,0,1568371,-1174697,393674
2014/10/24,0,342340,-1708700,-1366360
2014/10/27,0,629000,-830000,-201000
2014/10/28,0,2535000,-542000,1993000
2014/10/29,0,2065114,-2589195,-524081
2014/10/30,0,1296000,-3224805,-1928805
2014/10/31,0,1235000,-3642711,-2407711
2014/11/03,0,1054616,-722616,332000
2014/11/04,0,2159029,-2097570,61459
2014/11/05,0,780700,-1717657,-936957
2014/11/06,0,698600,-982000,-283400
2014/11/07,0,2765250,-1913191,852059
2014/11/10,0,589255,-3583825,-2994570
2014/11/11,0,762000,-6663120,-5901120
2014/11/12,0,1897263,-7681450,-5784187
2014/11/13,0,2439001,-8820059,-6381058
2014/11/14,0,4032339,-3608539,423800
2014/11/17,0,3501871,-1130701,2371170
2014/11/18,0,6645525,-2229000,4416525
2014/11/19,0,3299898,-4773501,-1473603
2014/11/20,0,1735085,-4684060,-2948975
2014/11/21,0,2735000,-791000,1944000
2014/11/24,0,1368000,-776000,592000
2014/11/25,0,1605496,-3186200,-1580704
2014/11/26,0,5634000,-1047365,4586635
2014/11/27,0,3396410,-1312000,2084410
2014/11/28,0,920000,-689591,230409
2014/12/01,0,1645000,-1732629,-87629
2014/12/02,0,1151905,-1973845,-821940
2014/12/03,0,775336,-2362017,-1586681
2014/12/04,0,1498750,-1645458,-146708
2014/12/05,0,3230000,-2024288,1205712
2014/12/08,0,497900,-2504643,-2006743
2014/12/09,0,362000,-1958360,-1596360
2014/12/10,0,422613,-3690027,-3267414
2014/12/11,0,646400,-2932935,-2286535
2014/12/12,0,594055,-2160745,-1566690
2014/12/15,0,247000,-2555963,-2308963
2014/12/16,0,765135,-6656168,-5891033
2014/12/17,0,1335062,-4141566,-2806504
2014/12/18,0,996610,-3105480,-2108870
2014/12/19,0,2321235,-3671710,-1350475
2014/12/22,0,1565000,-1302900,262100
2014/12/23,0,424470,-1912000,-1487530
2014/12/24,0,512000,-742690,-230690
2014/12/25,0,127000,-286000,-159000
2014/12/26,0,261000,-269000,-8000
2014/12/29,0,661250,-400500,260750
2014/12/30,0,835040,-395437,439603
2014/12/31,0,911000,-404000,507000
2015/01/01,0,0,0,0
2015/01/02,0,0,0,0
2015/01/05,0,1031160,-814000,217160
2015/01/06,0,1272000,-2396686,-1124686
2015/01/07,0,1154525,-2077385,-922860
2015/01/08,0,2436439,-737449,1698990
2015/01/09,0,1377000,-1013699,363301
2015/01/12,0,654000,-975712,-321712
2015/01/13,0,1011000,-2104601,-1093601
2015/01/14,0,2070000,-2189000,-119000
2015/01/15,0,2558000,-827000,1731000
2015/01/16,0,2426243,-2413167,13076
2015/01/19,0,1995264,-655000,1340264
2015/01/20,0,3681264,-1147306,2533958
2015/01/21,0,4663471,-1848931,2814540
2015/01/22,0,4816440,-1386000,3430440
2015/01/23,0,4400465,-1445920,2954545
2015/01/26,0,2288170,-2444732,-156562
2015/01/27,0,2642170,-1154000,1488170
2015/01/28,0,4290169,-1523000,2767169
2015/01/29,0,1758860,-1570000,188860
2015/01/30,0,1919000,-1053385,865615
2015/02/02,0,2692378,-652378,2040000
2015/02/03,0,4397000,-2046158,2350842
2015/02/04,0,4011300,-2648295,1363005
2015/02/05,0,3342000,-3858000,-516000
2015/02/06,0,2809000,-2924000,-115000
2015/02/09,0,2999660,-1340000,1659660
2015/02/10,0,4040000,-1283783,2756217
2015/02/11,0,2205024,-899560,1305464
2015/02/12,0,3013325,-1488299,1525026
2015/02/13,0,4800850,-1085000,3715850
2015/02/16,0,0,0,0
2015/02/17,0,0,0,0
2015/02/18,0,0,0,0
2015/02/19,0,0,0,0
2015/02/20,0,0,0,0
2015/02/23,0,0,0,0
2015/02/24,0,5083585,-3500999,1582586
2015/02/25,0,1780000,-1045495,734505
2015/02/26,0,4123525,-2871560,1251965
2015/02/27,0,0,0,0
2015/03/02,0,4201265,-2198139,2003126
2015/03/03,0,1727284,-1401704,325580
2015/03/04,0,1187000,-1167000,20000
2015/03/05,0,1150795,-2068741,-917946
2015/03/06,0,5459000,-3059300,2399700
2015/03/09,0,1173000,-1173510,-510
2015/03/10,0,2677343,-1567000,1110343
2015/03/11,0,4646070,-1762000,2884070
2015/03/12,0,742000,-1302000,-560000
2015/03/13,0,1130752,-1716000,-585248
2015/03/16,0,1043000,-701045,341955
2015/03/17,0,1318000,-1426000,-108000
2015/03/18,0,1975000,-1290220,684780
2015/03/19,0,2985488,-2441039,544449
2015/03/20,0,2924000,-3368849,-444849
2015/03/23,0,11286500,-5529000,5757500
2015/03/24,0,4462099,-4857327,-395228
2015/03/25,0,3357296,-1300981,2056315
2015/03/26,0,4545880,-4074979,470901
2015/03/27,0,3265110,-3738917,-473807
2015/03/30,0,3985115,-881008,3104107
2015/03/31,0,3137000,-1151638,1985362
2015/04/01,0,2907261,-1303047,1604214
2015/04/02,0,3184100,-1672729,1511371
2015/04/03,0,0,0,0
2015/04/06,0,0,0,0
2015/04/07,0,3260205,-1959000,1301205
2015/04/08,0,2492815,-3595000,-1102185
2015/04/09,0,1761000,-3301381,-1540381
2015/04/10,0,2815403,-2337750,477653
2015/04/13,0,2850234,-3826900,-976666
2015/04/14,0,2237460,-2296118,-58658
2015/04/15,0,1469000,-2092000,-623000
2015/04/16,0,1766800,-917000,849800
2015/04/17,0,1923429,-1204014,719415
2015/04/20,0,1476000,-1755894,-279894
2015/04/21,0,3744371,-1807000,1937371
2015/04/22,0,3672000,-3652000,20000
2015/04/23,0,1701000,-3196000,-1495000
2015/04/24,0,2378964,-2474937,-95973
2015/04/27,0,1751000,-2671018,-920018
2015/04/28,0,1554000,-2730000,-1176000
2015/04/29,0,2071000,-993000,1078000
2015/04/30,0,4774509,-3497475,1277034
2015/05/01,0,0,0,0
2015/05/04,0,1099559,-2494401,-1394842
2015/05/05,0,960885,-933000,27885
2015/05/06,0,804993,-1623000,-818007
2015/05/07,0,1749681,-2008718,-259037
2015/05/08,0,1663510,-2189959,-526449
2015/05/11,0,2783093,-650986,2132107
2015/05/12,0,1955000,-1725729,229271
2015/05/13,0,1641950,-1675000,-33050
2015/05/14,0,590829,-1338162,-747333
2015/05/15,0,688000,-1017065,-329065
2015/05/18,0,770751,-503000,267751
2015/05/19,0,1742101,-1077810,664291
2015/05/20,0,1850000,-2317200,-467200
2015/05/21,0,1355000,-2087215,-732215
2015/05/22,0,2957430,-1468852,1488578
2015/05/25,0,2104000,-1487000,617000
2015/05/26,0,2653000,-1220504,1432496
2015/05/27,0,1496000,-1101182,394818
2015/05/28,0,1769000,-2206552,-437552
2015/05/29,0,1915543,-2752625,-837082
2015/06/01,0,646700,-771000,-124300
2015/06/02,0,793466,-1267239,-473773
2015/06/03,0,1092050,-1044807,47243
2015/06/04,0,1136000,-2346801,-1210801
2015/06/05,0,1196729,-2233530,-1036801
2015/06/08,0,723208,-1058498,-335290
2015/06/09,0,1001000,-1223232,-222232
2015/06/10,0,1605046,-1508680,96366
2015/06/11,0,1799277,-1642937,156340
2015/06/12,0,955000,-1146278,-191278
2015/06/15,0,1088000,-1356500,-268500
2015/06/16,0,807000,-881600,-74600
2015/06/17,0,1094810,-1545403,-450593
2015/06/18,0,654635,-1608424,-953789
2015/06/19,0,0,0,0
2015/06/22,0,1325537,-2136611,-811074
2015/06/23,0,4332897,-2357183,1975714
2015/06/24,0,962348,-403083,559265
2015/06/25,0,2080269,-1141000,939269
2015/06/26,0,1414674,-326107,1088567
2015/06/29,0,446200,-654000,-207800
2015/06/30,0,1674600,-1173762,500838
2015/07/01,0,3062363,-1282413,1779950
2015/07/02,0,2528740,-1883264,645476
2015/07/03,0,1282430,-2493000,-1210570
2015/07/06,0,1040458,-2073691,-1033233
2015/07/07,0,2416680,-3870400,-1453720
2015/07/08,0,3834000,-4208686,-374686
2015/07/09,0,2384915,-2075906,309009
2015/07/10,0,0,0,0
2015/07/13,0,2408000,-2704494,-296494
2015/07/14,0,1511500,-1048025,463475
2015/07/15,0,2935365,-978328,1957037
2015/07/16,0,923000,-483400,439600
2015/07/17,0,1515000,-264800,1250200
2015/07/20,0,801162,-628173,172989
2015/07/21,0,1037000,-1566622,-529622
2015/07/22,0,1657030,-5171334,-3514304
2015/07/23,0,3605405,-4551000,-945595
2015/07/24,0,1307055,-1385100,-78045
2015/07/27,0,1728000,-2485036,-757036
2015/07/28,0,2913000,-3598088,-685088
2015/07/29,0,3447171,-4148241,-701070
2015/07/30,0,3613870,-3909255,-295385
2015/07/31,0,3511708,-2392253,1119455
2015/08/03,0,1691241,-2561236,-869995
2015/08/04,0,3331000,-3530526,-199526
2015/08/05,0,4315322,-2925234,1390088
2015/08/06,0,3336000,-2537101,798899
2015/08/07,0,2520004,-1915375,604629
2015/08/10,0,1889864,-1990049,-100185
2015/08/11,0,2154000,-1408873,745127
2015/08/12,0,1989564,-1591047,398517
2015/08/13,0,2184200,-1862289,321911
2015/08/14,0,1253939,-1596820,-342881
2015/08/17,0,1358317,-2188000,-829683
2015/08/18,0,1100416,-1292369,-191953
2015/08/19,0,2020926,-2910070,-889144
2015/08/20,0,917224,-2062868,-1145644
2015/08/21,0,2011000,-4753190,-2742190
2015/08/24,0,2924253,-3230727,-306474
2015/08/25,0,4734048,-3398027,1336021
2015/08/26,0,2017000,-4054316,-2037316
2015/08/27,0,3772750,-3001220,771530
2015/08/28,0,2276590,-3380955,-1104365
2015/08/31,0,2146050,-2331447,-185397
2015/09/01,0,1414000,-2110520,-696520
2015/09/02,0,2914000,-4403719,-1489719
2015/09/03,0,1467000,-919151,547849
2015/09/04,0,1050200,-2259947,-1209747
2015/09/07,0,996000,-1655000,-659000
2015/09/08,0,536000,-1028293,-492293
2015/09/09,0,6102779,-790818,5311961
2015/09/10,0,2311776,-1358261,953515
2015/09/11,0,1989200,-2455526,-466326
2015/09/14,0,999520,-1097826,-98306
2015/09/15,0,1398900,-1829000,-430100
2015/09/16,0,1204000,-653374,550626
2015/09/17,0,2170000,-1075348,1094652
2015/09/18,0,2290647,-842210,1448437
2015/09/21,0,624500,-830676,-206176
2015/09/22,0,1738400,-914279,824121
2015/09/23,0,1665000,-2631252,-966252
2015/09/24,0,1370000,-2662457,-1292457
2015/09/25,0,2731000,-1508000,1223000
2015/09/28,0,0,0,0
2015/09/29,0,0,0,0
2015/09/30,0,6086000,-4187151,1898849
2015/10/01,0,3459100,-3099642,359458
2015/10/02,0,1381099,-2038100,-657001
2015/10/05,0,1490000,-2890000,-1400000
2015/10/06,0,3306000,-3461881,-155881
2015/10/07,0,4376000,-4107000,269000
2015/10/08,0,2434000,-2322000,112000
2015/10/09,0,0,0,0
2015/10/12,0,2552024,-2452723,99301
2015/10/13,0,4203055,-3493234,709821
2015/10/14,0,2510000,-2650870,-140870
2015/10/15,0,2266000,-3132000,-866000
2015/10/16,0,1895136,-4848000,-2952864
2015/10/19,0,2602864,-4382646,-1779782
2015/10/20,0,1346500,-3274783,-1928283
2015/10/21,0,2357000,-3837865,-1480865
2015/10/22,0,1189000,-1082000,107000
2015/10/23,0,2513968,-2057000,456968
2015/10/26,0,2716727,-1060000,1656727
2015/10/27,0,1077800,-5607120,-4529320
2015/10/28,0,1403000,-2163416,-760416
2015/10/29,0,1356000,-2931446,-1575446
2015/10/30,0,2682000,-3635121,-953121
2015/11/02,0,1478821,-2541200,-1062379
2015/11/03,0,2699000,-2015530,683470
2015/11/04,0,2393150,-1155080,1238070
2015/11/05,0,1611287,-1906124,-294837
2015/11/06,0,2744000,-3039235,-295235
2015/11/09,0,3729413,-4335831,-606418
2015/11/10,0,2308000,-3387500,-1079500
2015/11/11,0,2341099,-2731412,-390313
2015/11/12,0,1843000,-4282175,-2439175
2015/11/13,0,1804174,-2404162,-599988
2015/11/16,0,838000,-1407000,-569000
2015/11/17,0,1099000,-1077000,22000
2015/11/18,0,2026000,-2132000,-106000
2015/11/19,0,2231000,-1531081,699919
2015/11/20,0,1196627,-1258240,-61613
2015/11/23,0,2051669,-1405053,646616
2015/11/24,0,2456000,-1100009,1355991
2015/11/25,0,1628470,-1625369,3101
2015/11/26,0,1899109,-1269988,629121
2015/11/27,0,2068850,-1044884,1023966
2015/11/30,0,3135907,-2925741,210166
2015/12/01,0,2356152,-2175299,180853
2015/12/02,0,1786800,-1448242,338558
2015/12/03,0,641000,-1246807,-605807
2015/12/04,0,1688470,-1637043,51427
2015/12/07,0,3871405,-1644239,2227166
2015/12/08,0,2583100,-1074496,1508604
2015/12/09,0,1711000,-1397682,313318
2015/12/10,0,1738030,-2935750,-1197720
2015/12/11,0,1829949,-3015645,-1185696
2015/12/14,0,2179359,-3020722,-841363
2015/12/15,0,2741000,-2909441,-168441
2015/12/16,0,3091044,-3619021,-527977
2015/12/17,0,2072000,-2164366,-92366
2015/12/18,0,3216264,-3294000,-77736
2015/12/21,0,2236777,-2516500,-279723
2015/12/22,0,2137179,-2003000,134179
2015/12/23,0,2238873,-1642000,596873
2015/12/24,0,1696266,-1234464,461802
2015/12/25,0,95000,-263000,-168000
2015/12/28,0,820000,-1325000,-505000
2015/12/29,0,1527000,-1917128,-390128
2015/12/30,0,1353095,-1656544,-303449
2015/12/31,0,1101501,-1147820,-46319
2016/01/01,0,0,0,0
2016/01/04,0,2253840,-1272000,981840
2016/01/05,0,1587460,-2377876,-790416
2016/01/06,0,8922961,-6452100,2470861
2016/01/07,0,5085247,-15902324,-10817077
2016/01/08,0,9368250,-12726495,-3358245
2016/01/11,0,6956108,-5044500,1911608
2016/01/12,0,5371000,-5822594,-451594
2016/01/13,0,7053881,-7254310,-200429
2016/01/14,0,7122265,-5264402,1857863
2016/01/15,0,4807280,-7114139,-2306859
2016/01/18,0,1424083,-2455259,-1031176
2016/01/19,0,2575369,-3995325,-1419956
2016/01/20,0,3436868,-5384650,-1947782
2016/01/21,0,3028405,-1601000,1427405
2016/01/22,0,3106595,-3229000,-122405
2016/01/25,0,6978000,-2662000,4316000
2016/01/26,0,2070894,-4017033,-1946139
2016/01/27,0,2043000,-3828396,-1785396
2016/01/28,0,4417000,-3930058,486942
2016/01/29,0,4977667,-4755996,221671
2016/02/01,0,2881843,-3782316,-900473
2016/02/02,0,1539969,-4328512,-2788543
2016/02/03,0,1756000,-1907727,-151727
2016/02/04,0,0,0,0
2016/02/05,0,0,0,0
2016/02/08,0,0,0,0
2016/02/09,0,0,0,0
2016/02/10,0,0,0,0
2016/02/11,0,0,0,0
2016/02/12,0,0,0,0
2016/02/15,0,4132424,-9357942,-5225518
2016/02/16,0,4588306,-1378500,3209806
2016/02/17,0,1923728,-1609800,313928
2016/02/18,0,2182000,-2248087,-66087
2016/02/19,0,1134324,-2105224,-970900
2016/02/22,0,1589980,-1803377,-213397
2016/02/23,0,1165150,-3099000,-1933850
2016/02/24,0,2077000,-1512655,564345
2016/02/25,0,1923719,-720309,1203410
2016/02/26,0,2567340,-1445810,1121530
2016/02/29,0,0,0,0
2016/03/01,0,4112439,-3553721,558718
2016/03/02,0,4188043,-1701567,2486476
2016/03/03,0,1220935,-2402083,-1181148
2016/03/04,0,1964075,-1059061,905014
2016/03/07,0,2201000,-1270010,930990
2016/03/08,0,1868393,-1087744,780649
2016/03/09,0,1506425,-1214197,292228
2016/03/10,0,591680,-700845,-109165
2016/03/11,0,1981000,-800316,1180684
2016/03/14,0,2192000,-335000,1857000
2016/03/15,0,3741000,-1105030,2635970
2016/03/16,0,1672000,-1072000,600000
2016/03/17,0,1684000,-590897,1093103
2016/03/18,0,6690728,-1076000,5614728
2016/03/21,0,2500632,-1992800,507832
2016/03/22,0,858649,-896000,-37351
2016/03/23,0,638000,-406500,231500
2016/03/24,0,1182000,-1698587,-516587
2016/03/25,0,1189000,-1708000,-519000
2016/03/28,0,2319400,-2649000,-329600
2016/03/29,0,2373000,-2069865,303135
2016/03/30,0,5024590,-2348246,2676344
2016/03/31,0,2241000,-2828487,-587487
2016/04/01,0,2266000,-1981472,284528
2016/04/04,0,0,0,0
2016/04/05,0,0,0,0
2016/04/06,0,6590664,-3600274,2990390
2016/04/07,0,2269698,-3356000,-1086302
2016/04/08,0,3935000,-1813020,2121980
2016/04/11,0,3262000,-1346445,1915555
2016/04/12,0,3814455,-2068000,1746455
2016/04/13,0,6234000,-1737000,4497000
2016/04/14,0,3635000,-1095000,2540000
2016/04/15,0,2031258,-2078468,-47210
2016/04/18,0,1067361,-2540000,-1472639
2016/04/19,0,3212000,-4386500,-1174500
2016/04/20,0,6418197,-3807000,2611197
2016/04/21,0,4778093,-3924996,853097
2016/04/22,0,5477037,-4704300,772737
2016/04/25,0,4661000,-4653720,7280
2016/04/26,0,4410351,-4548555,-138204
2016/04/27,0,4550285,-4153000,397285
2016/04/28,0,3991480,-3315000,676480
2016/04/29,0,1183000,-1636680,-453680
2016/05/02,0,0,0,0
2016/05/03,0,4743265,-5893278,-1150013
2016/05/04,0,2082900,-3550508,-1467608
2016/05/05,0,3447000,-7159063,-3712063
2016/05/06,0,7098201,-7815674,-717473
2016/05/09,0,2725300,-2937185,-211885
2016/05/10,0,909000,-1966357,-1057357
2016/05/11,0,1378936,-2301000,-922064
2016/05/12,0,3142136,-2633000,509136
2016/05/13,0,2393120,-5298654,-2905534
2016/05/16,0,1865000,-1587295,277705
2016/05/17,0,2045223,-2666362,-621139
2016/05/18,0,1709200,-1831788,-122588
2016/05/19,0,1429000,-1847192,-418192
2016/05/20,0,4019473,-2739762,1279711
2016/05/23,0,6257420,-3408600,2848820
2016/05/24,0,3213350,-2285500,927850
2016/05/25,0,3098000,-6704215,-3606215
2016/05/26,0,1867600,-2128000,-260400
2016/05/27,0,3350410,-1861393,1489017
2016/05/30,0,1432000,-596141,835859
2016/05/31,0,1980000,-2240735,-260735
2016/06/01,0,1630032,-1499000,131032
2016/06/02,0,1255100,-999545,255555
2016/06/03,0,1589385,-521000,1068385
2016/06/06,0,1372650,-1543000,-170350
2016/06/07,0,1576000,-1140000,436000
2016/06/08,0,5335300,-3207400,2127900
2016/06/09,0,0,0,0
2016/06/10,0,0,0,0
2016/06/13,0,2014326,-1006380,1007946
2016/06/14,0,2759054,-3639000,-879946
2016/06/15,0,2423000,-2828161,-405161
2016/06/16,0,2363000,-1877800,485200
2016/06/17,0,2974334,-1289409,1684925
2016/06/20,0,1580000,-176504,1403496
2016/06/21,0,2116001,-1631208,484793
2016/06/22,0,2292400,-1120930,1171470
2016/06/23,0,1661800,-884064,777736
2016/06/24,0,2842359,-3371006,-528647
2016/06/27,0,938000,-3569000,-2631000
2016/06/28,0,1429000,-2005346,-576346
2016/06/29,0,2766100,-981000,1785100
2016/06/30,0,1218700,-1645104,-426404
2016/07/01,0,1943000,-1228450,714550
2016/07/04,0,1421178,-1658000,-236822
2016/07/05,0,1580000,-4135000,-2555000
2016/07/06,0,2140535,-6677000,-4536465
2016/07/07,0,2620000,-4674256,-2054256
2016/07/08,0,0,0,0
2016/07/11,0,2328000,-3142640,-814640
2016/07/12,0,2594000,-2173976,420024
2016/07/13,0,1426613,-631000,795613
2016/07/14,0,2184000,-1938000,246000
2016/07/15,0,3642939,-2045000,1597939
2016/07/18,0,2104000,-1157000,947000
2016/07/19,0,2074000,-1105950,968050
2016/07/20,0,2055338,-921000,1134338
2016/07/21,0,2027829,-1591250,436579
2016/07/22,0,1394000,-1573564,-179564
2016/07/25,0,1944000,-2236000,-292000
2016/07/26,0,2339000,-2980568,-641568
2016/07/27,0,3846000,-5468000,-1622000
2016/07/28,0,1694000,-5410000,-3716000
2016/07/29,0,1722732,-3203000,-1480268
2016/08/01,0,929504,-2271000,-1341496
2016/08/02,0,670326,-654000,16326
2016/08/03,0,994123,-853000,141123
2016/08/04,0,864000,-2946500,-2082500
2016/08/05,0,3876000,-3128000,748000
2016/08/08,0,2798465,-9573726,-6775261
2016/08/09,0,1434000,-3609730,-2175730
2016/08/10,0,918000,-3138000,-2220000
2016/08/11,0,1797000,-4389000,-2592000
2016/08/12,0,1715400,-2257313,-541913
2016/08/15,0,1138415,-2640920,-1502505
2016/08/16,0,2892000,-1761905,1130095
2016/08/17,0,821566,-686000,135566
2016/08/18,0,4041000,-1945440,2095560
2016/08/19,0,5814512,-3907959,1906553
2016/08/22,0,1349365,-569370,779995
2016/08/23,0,1278000,-893000,385000
2016/08/24,0,3087000,-541000,2546000
2016/08/25,0,2464021,-846313,1617708
2016/08/26,0,1930682,-1479000,451682
2016/08/29,0,1454000,-459819,994181
2016/08/30,0,2399800,-853435,1546365
2016/08/31,0,2532255,-1759830,772425
2016/09/01,0,1277705,-1188612,89093
2016/09/02,0,1949154,-1617510,331644
2016/09/05,0,3082435,-420435,2662000
2016/09/06,0,4448600,-1868101,2580499
2016/09/07,0,10069000,-2209000,7860000
2016/09/08,0,11072805,-2977054,8095751
2016/09/09,0,6263811,-1895000,4368811
2016/09/12,0,8382352,-3408932,4973420
2016/09/13,0,3903144,-2072000,1831144
2016/09/14,0,11935000,-3720832,8214168
2016/09/15,0,0,0,0
2016/09/16,0,0,0,0
2016/09/19,0,9925072,-3537000,6388072
2016/09/20,0,2003127,-1474932,528195
2016/09/21,0,1858100,-1281257,576843
2016/09/22,0,1783000,-1605444,177556
2016/09/23,0,2268000,-439981,1828019
2016/09/26,0,2390144,-4173995,-1783851
2016/09/27,0,0,0,0
2016/09/28,0,0,0,0
2016/09/29,0,3593944,-3060892,533052
2016/09/30,0,2339000,-2482038,-143038
2016/10/03,0,1079333,-1153000,-73667
2016/10/04,0,1720240,-1363567,356673
2016/10/05,0,581100,-1211000,-629900
2016/10/06,0,1264957,-5268510,-4003553
2016/10/07,0,2134300,-1505250,629050
2016/10/10,0,0,0,0
2016/10/11,0,2447048,-2566000,-118952
2016/10/12,0,2195259,-747963,1447296
2016/10/13,0,1306500,-1414000,-107500
2016/10/14,0,817754,-1222000,-404246
2016/10/17,0,671270,-804480,-133210
2016/10/18,0,921482,-527000,394482
2016/10/19,0,1220491,-427000,793491
2016/10/20,0,1096301,-296371,799930
2016/10/21,0,797000,-463250,333750
2016/10/24,0,718000,-843000,-125000
2016/10/25,0,1117000,-377181,739819
2016/10/26,0,1065331,-1447157,-381826
2016/10/27,0,992080,-1502000,-509920
2016/10/28,0,1349000,-1019000,330000
2016/10/31,0,1104240,-897000,207240
2016/11/01,0,873359,-1228000,-354641
2016/11/02,0,1152240,-2551162,-1398922
2016/11/03,0,1858150,-2700127,-841977
2016/11/04,0,916000,-2491000,-1575000
2016/11/07,0,3040000,-3096815,-56815
2016/11/08,0,1714640,-700000,1014640
2016/11/09,0,2247000,-2062000,185000
2016/11/10,0,1826000,-1681115,144885
2016/11/11,0,3356150,-4775226,-1419076
2016/11/14,0,1163000,-3027000,-1864000
2016/11/15,0,670000,-955000,-285000
2016/11/16,0,686000,-1589815,-903815
2016/11/17,0,549353,-1390509,-841156
2016/11/18,0,1677000,-769086,907914
2016/11/21,0,1430000,-660534,769466
2016/11/22,0,1948321,-1218398,729923
2016/11/23,0,2260454,-1357191,903263
2016/11/24,0,1071000,-1206000,-135000
2016/11/25,0,954000,-329276,624724
2016/11/28,0,2626000,-951000,1675000
2016/11/29,0,4028615,-2526136,1502479
2016/11/30,0,2929888,-3358276,-428388
2016/12/01,0,2559921,-1438000,1121921
2016/12/02,0,2103000,-1153511,949489
2016/12/05,0,954511,-1047221,-92710
2016/12/06,0,3291023,-2422000,869023
2016/12/07,0,1106000,-1325000,-219000
2016/12/08,0,2094000,-1985343,108657
2016/12/09,0,2072240,-1472030,600210
2016/12/12,0,1849841,-1699000,150841
2016/12/13,0,2397094,-1504208,892886
2016/12/14,0,1934052,-1697491,236561
2016/12/15,0,1920736,-999100,921636
2016/12/16,0,3396278,-3669000,-272722
2016/12/19,0,1424520,-1886000,-461480
2016/12/20,0,1603801,-1227000,376801
2016/12/21,0,1413033,-1894967,-481934
2016/12/22,0,538736,-1678180,-1139444
2016/12/23,0,581000,-520600,60400
2016/12/26,0,28000,-283100,-255100
2016/12/27,0,155000,-455980,-300980
2016/12/28,0,540527,-460000,80527
2016/12/29,0,512814,-726000,-213186
2016/12/30,0,1124900,-604649,520251
2017/01/02,0,0,0,0
2017/01/03,0,531000,-245000,286000
2017/01/04,0,391857,-355888,35969
2017/01/05,0,677960,-1998446,-1320486
2017/01/06,0,2476500,-2476000,500
2017/01/09,0,1590182,-890000,700182
2017/01/10,0,596000,-522000,74000
2017/01/11,0,1880160,-3422255,-1542095
2017/01/12,0,2260459,-4267000,-2006541
2017/01/13,0,1935720,-2634200,-698480
2017/01/16,0,544400,-220000,324400
2017/01/17,0,1317910,-448000,869910
2017/01/18,0,1154608,-1433389,-278781
2017/01/19,0,7539000,-3368063,4170937
2017/01/20,0,13490080,-4216221,9273859
2017/01/23,0,6080600,-2076141,4004459
2017/01/24,0,14081162,-7941789,6139373
2017/01/25,0,0,0,0
2017/01/26,0,0,0,0
2017/01/27,0,0,0,0
2017/01/30,0,0,0,0
2017/01/31,0,0,0,0
2017/02/01,0,0,0,0
2017/02/02,0,5575597,-5328613,246984
2017/02/03,0,4903618,-2937840,1965778
2017/02/06,0,2869858,-1828003,1041855
2017/02/07,0,3921757,-1894105,2027652
2017/02/08,0,2096712,-1448122,648590
2017/02/09,0,1751822,-1431000,320822
2017/02/10,0,3234000,-1531470,1702530
2017/02/13,0,2925744,-1620378,1305366
2017/02/14,0,2597172,-1126063,1471109
2017/02/15,0,2818000,-1452121,1365879
2017/02/16,0,2000255,-1236000,764255
2017/02/17,0,2238096,-2186000,52096
2017/02/20,0,2376972,-2567000,-190028
2017/02/21,0,1717000,-1808780,-91780
2017/02/22,0,2083789,-2139826,-56037
2017/02/23,0,2799000,-2815828,-16828
2017/02/24,0,1402000,-1048059,353941
2017/02/27,0,0,0,0
2017/02/28,0,0,0,0
2017/03/01,0,2392483,-2407783,-15300
2017/03/02,0,2344000,-746855,1597145
2017/03/03,0,1330954,-957588,373366
2017/03/06,0,1108385,-847240,261145
2017/03/07,0,1045475,-869133,176342
2017/03/08,0,1566400,-1854560,-288160
2017/03/09,0,1227572,-1309000,-81428
2017/03/10,0,965159,-1220000,-254841
2017/03/13,0,470720,-603360,-132640
2017/03/14,0,3168880,-1248935,1919945
2017/03/15,0,1349470,-1981789,-632319
2017/03/16,0,1733280,-891000,842280
2017/03/17,0,5382988,-3595828,1787160
2017/03/20,0,3976206,-2137000,1839206
2017/03/21,0,4575660,-972944,3602716
2017/03/22,0,4809648,-3917577,892071
2017/03/23,0,3055185,-2199861,855324
2017/03/24,0,1517371,-1304052,213319
2017/03/27,0,2803000,-1477000,1326000
2017/03/28,0,2357618,-1606742,750876
2017/03/29,0,2723907,-1352378,1371529
2017/03/30,0,3438000,-2700998,737002
2017/03/31,0,4038000,-1400195,2637805
2017/04/03,0,0,0,0
2017/04/04,0,0,0,0
2017/04/05,0,3940272,-2981300,958972
2017/04/06,0,6802818,-1791591,5011227
2017/04/07,0,2504881,-2591000,-86119
2017/04/10,0,1726000,-384000,1342000
2017/04/11,0,2036234,-803030,1233204
2017/04/12,0,1286742,-1120664,166078
2017/04/13,0,1919480,-2279000,-359520
2017/04/14,0,616000,-776000,-160000
2017/04/17,0,956505,-303000,653505
2017/04/18,0,981000,-802200,178800
2017/04/19,0,2255881,-794320,1461561
2017/04/20,0,1804403,-408515,1395888
2017/04/21,0,1267734,-417793,849941
2017/04/24,0,659821,-291000,368821
2017/04/25,0,4117934,-1835655,2282279
2017/04/26,0,2632000,-2458562,173438
2017/04/27,0,1190000,-1401215,-211215
2017/04/28,0,851800,-884627,-32827
2017/05/01,0,0,0,0
2017/05/02,0,1773261,-1997700,-224439
2017/05/03,0,3651860,-741000,2910860
2017/05/04,0,2137000,-954513,1182487
2017/05/05,0,1791360,-737000,1054360
2017/05/08,0,4847717,-953500,3894217
2017/05/09,0,5886951,-2250775,3636176
2017/05/10,0,1714270,-2437655,-723385
2017/05/11,0,1605694,-2225900,-620206
2017/05/12,0,2450000,-2563000,-113000
2017/05/15,0,4325160,-3918170,406990
2017/05/16,0,3752050,-3097560,654490
2017/05/17,0,1722700,-777600,945100
2017/05/18,0,1200760,-2848049,-1647289
2017/05/19,0,1279709,-2045150,-765441
2017/05/22,0,3123047,-4447926,-1324879
2017/05/23,0,1256600,-900213,356387
2017/05/24,0,1456800,-1149033,307767
2017/05/25,0,455000,-526001,-71001
2017/05/26,0,0,0,0
2017/05/29,0,0,0,0
2017/05/30,0,0,0,0
2017/05/31,0,1769824,-2569029,-799205
2017/06/01,0,569767,-967100,-397333
2017/06/02,0,2145000,-2970164,-825164
2017/06/05,0,2099600,-1712831,386769
2017/06/06,0,6497060,-3553204,2943856
2017/06/07,0,2444000,-4790822,-2346822
2017/06/08,0,4396686,-4083900,312786
2017/06/09,0,2723000,-2107956,615044
2017/06/12,0,2084662,-1910000,174662
2017/06/13,0,1749500,-2202812,-453312
2017/06/14,0,2586000,-1149034,1436966
2017/06/15,0,1078000,-1717000,-639000
2017/06/16,0,1578658,-1326046,252612
2017/06/19,0,560480,-1987332,-1426852
2017/06/20,0,1857111,-2213420,-356309
2017/06/21,0,1362000,-1209985,152015
2017/06/22,0,882950,-1923000,-1040050
2017/06/23,0,2841545,-3480958,-639413
2017/06/26,0,3526000,-2099000,1427000
2017/06/27,0,1793000,-1089468,703532
2017/06/28,0,1242471,-1657384,-414913
2017/06/29,0,1426283,-1409973,16310
2017/06/30,0,1959398,-2134174,-174776
2017/07/03,0,872091,-886351,-14260
2017/07/04,0,1393000,-2057000,-664000
2017/07/05,0,1282152,-1230781,51371
2017/07/06,0,2338902,-739000,1599902
2017/07/07,0,895540,-1135748,-240208
2017/07/10,0,1840262,-1741932,98330
2017/07/11,0,4669174,-3256806,1412368
2017/07/12,0,2481400,-810465,1670935
2017/07/13,0,938972,-1300219,-361247
2017/07/14,0,2447776,-1710843,736933
2017/07/17,0,1499000,-1346000,153000
2017/07/18,0,2126301,-2483000,-356699
2017/07/19,0,1397000,-2634000,-1237000
2017/07/20,0,1906676,-4578425,-2671749
2017/07/21,0,4027870,-6695400,-2667530
2017/07/24,0,2230250,-2320883,-90633
2017/07/25,0,1338895,-1146080,192815
2017/07/26,0,1244500,-1878744,-634244
2017/07/27,0,1660782,-1871000,-210218
2017/07/28,0,1189405,-2176501,-987096
2017/07/31,0,2923766,-5286986,-2363220
2017/08/01,0,3076070,-2846500,229570
2017/08/02,0,3206000,-2742567,463433
2017/08/03,0,1624682,-2255728,-631046
2017/08/04,0,1412485,-1402620,9865
2017/08/07,0,5254930,-3603225,1651705
2017/08/08,0,2833500,-2506000,327500
2017/08/09,0,2056984,-1918088,138896
2017/08/10,0,2084965,-2321322,-236357
2017/08/11,0,2750000,-3832610,-1082610
2017/08/14,0,1163222,-583569,579653
2017/08/15,0,716000,-1492000,-776000
2017/08/16,0,779915,-1352920,-573005
2017/08/17,0,727412,-658000,69412
2017/08/18,0,600500,-2004000,-1403500
