Date,Open,Buy,Sell,Total
2007/04/23,0,32000,-78000,-46000
2007/04/24,0,34000,-2000,32000
2007/04/25,0,156000,-58000,98000
2007/04/26,0,10000,-6000,4000
2007/04/27,0,112000,-7000,105000
2007/04/30,0,76000,-26000,50000
2007/05/01,0,0,0,0
2007/05/02,0,818000,-18000,800000
2007/05/03,0,125000,-390000,-265000
2007/05/04,0,135000,-150000,-15000
2007/05/07,0,583000,-102000,481000
2007/05/08,0,277000,-6000,271000
2007/05/09,0,50000,-84000,-34000
2007/05/10,0,370000,-42000,328000
2007/05/11,0,170000,-17000,153000
2007/05/14,0,183000,-116000,67000
2007/05/15,0,14000,-122000,-108000
2007/05/16,0,112000,-50000,62000
2007/05/17,0,321000,-85000,236000
2007/05/18,0,328000,-85000,243000
2007/05/21,0,702000,-98000,604000
2007/05/22,0,418000,-87000,331000
2007/05/23,0,175000,-498000,-323000
2007/05/24,0,263000,-648000,-385000
2007/05/25,0,141000,-247000,-106000
2007/05/28,0,69000,-136000,-67000
2007/05/29,0,120000,-306000,-186000
2007/05/30,0,72000,-36000,36000
2007/05/31,0,167000,-589000,-422000
2007/06/01,0,20000,-158000,-138000
2007/06/04,0,255000,-254000,1000
2007/06/05,0,133000,-481000,-348000
2007/06/06,0,174000,-534000,-360000
2007/06/07,0,90000,-53000,37000
2007/06/08,0,275000,-69000,206000
2007/06/11,0,16000,-57000,-41000
2007/06/12,0,56000,-29000,27000
2007/06/13,0,43000,-376000,-333000
2007/06/14,0,12000,-143000,-131000
2007/06/15,0,133000,-115000,18000
2007/06/18,0,0,0,0
2007/06/19,0,0,0,0
2007/06/20,0,174000,-294000,-120000
2007/06/21,0,422000,-10000,412000
2007/06/22,0,383000,0,383000
2007/06/25,0,536000,-86000,450000
2007/06/26,0,26000,-310000,-284000
2007/06/27,0,437000,-384000,53000
2007/06/28,0,207000,-56000,151000
2007/06/29,0,362000,-429000,-67000
2007/07/02,0,236000,-169000,67000
2007/07/03,0,58000,-294000,-236000
2007/07/04,0,149000,-31000,118000
2007/07/05,0,630000,-171000,459000
2007/07/06,0,72000,-1187000,-1115000
2007/07/09,0,170000,-105000,65000
2007/07/10,0,332000,-89000,243000
2007/07/11,0,528000,-132324,395676
2007/07/12,0,532000,-283000,249000
2007/07/13,0,44000,-168323,-124323
2007/07/16,0,85000,-327485,-242485
2007/07/17,0,81000,-155000,-74000
2007/07/18,0,63000,-155000,-92000
2007/07/19,0,44000,-41364,2636
2007/07/20,0,80000,-35000,45000
2007/07/23,0,53000,-116000,-63000
2007/07/24,0,120000,-365000,-245000
2007/07/25,0,96000,-39000,57000
2007/07/26,0,185000,-342000,-157000
2007/07/27,0,196000,-453030,-257030
2007/07/30,0,89000,-201000,-112000
2007/07/31,0,204000,-114000,90000
2007/08/01,0,417000,-408000,9000
2007/08/02,0,369000,-302202,66798
2007/08/03,0,553000,-170000,383000
2007/08/06,0,89000,-312000,-223000
2007/08/07,0,152000,-387000,-235000
2007/08/08,0,51000,-36000,15000
2007/08/09,0,70000,-224100,-154100
2007/08/10,0,125000,-173000,-48000
2007/08/13,0,213000,-199000,14000
2007/08/14,0,301000,-280000,21000
2007/08/15,0,306000,-212000,94000
2007/08/16,0,519000,-292000,227000
2007/08/17,0,84000,-420000,-336000
2007/08/20,0,72000,-255000,-183000
2007/08/21,0,145000,-476000,-331000
2007/08/22,0,84000,-218000,-134000
2007/08/23,0,412000,-241000,171000
2007/08/24,0,40000,-145000,-105000
2007/08/27,0,36000,-149000,-113000
2007/08/28,0,47000,-57000,-10000
2007/08/29,0,58000,-10000,48000
2007/08/30,0,15000,-263000,-248000
2007/08/31,0,160000,-36000,124000
2007/09/03,0,88000,-29000,59000
2007/09/04,0,129000,-246000,-117000
2007/09/05,0,211000,-215000,-4000
2007/09/06,0,143000,-135000,8000
2007/09/07,0,544000,-24000,520000
2007/09/10,0,71000,-325000,-254000
2007/09/11,0,156000,-670000,-514000
2007/09/12,0,123000,-214000,-91000
2007/09/13,0,7000,-129000,-122000
2007/09/14,0,17000,-165173,-148173
2007/09/17,0,61000,-349970,-288970
2007/09/18,0,0,0,0
2007/09/19,0,9000,-157000,-148000
2007/09/20,0,80000,-28000,52000
2007/09/21,0,59000,-55000,4000
2007/09/24,0,0,0,0
2007/09/25,0,0,0,0
2007/09/26,0,225000,-77000,148000
2007/09/27,0,407000,-73000,334000
2007/09/28,0,64000,-243000,-179000
2007/10/01,0,154000,-80000,74000
2007/10/02,0,138000,-27000,111000
2007/10/03,0,144000,-18000,126000
2007/10/04,0,287000,-127000,160000
2007/10/05,0,269000,-267000,2000
2007/10/08,0,84000,-379000,-295000
2007/10/09,0,61000,-128000,-67000
2007/10/10,0,0,0,0
2007/10/11,0,142000,-139000,3000
2007/10/12,0,15000,-41000,-26000
2007/10/15,0,33000,-110000,-77000
2007/10/16,0,383000,-19000,364000
2007/10/17,0,60000,-471000,-411000
2007/10/18,0,90000,-120000,-30000
2007/10/19,0,42000,-108000,-66000
2007/10/22,0,38000,-141000,-103000
2007/10/23,0,89000,-19000,70000
2007/10/24,0,90000,-223000,-133000
2007/10/25,0,243000,-21000,222000
2007/10/26,0,74000,-16000,58000
2007/10/29,0,220000,-43000,177000
2007/10/30,0,40000,-225000,-185000
2007/10/31,0,312000,-30000,282000
2007/11/01,0,128000,-99000,29000
2007/11/02,0,183000,-178800,4200
2007/11/05,0,285000,-172000,113000
2007/11/06,0,563000,-129000,434000
2007/11/07,0,17000,-86400,-69400
2007/11/08,0,35000,-357000,-322000
2007/11/09,0,47000,-62000,-15000
2007/11/12,0,46000,-218000,-172000
2007/11/13,0,348000,-905000,-557000
2007/11/14,0,228000,-7800,220200
2007/11/15,0,541000,-83000,458000
2007/11/16,0,65000,-82000,-17000
2007/11/19,0,178000,-24000,154000
2007/11/20,0,112000,-55000,57000
2007/11/21,0,53000,-85091,-32091
2007/11/22,0,60000,-329000,-269000
2007/11/23,0,14000,-666000,-652000
2007/11/26,0,265000,-16300,248700
2007/11/27,0,120000,-57000,63000
2007/11/28,0,137000,-51000,86000
2007/11/29,0,85000,-199251,-114251
2007/11/30,0,34000,-397000,-363000
2007/12/03,0,4000,-40700,-36700
2007/12/04,0,122000,-27000,95000
2007/12/05,0,212000,-48982,163018
2007/12/06,0,182000,-77000,105000
2007/12/07,0,39000,-58000,-19000
2007/12/10,0,7000,-78000,-71000
2007/12/11,0,51000,-213000,-162000
2007/12/12,0,170000,-273000,-103000
2007/12/13,0,73000,-406000,-333000
2007/12/14,0,805000,-646000,159000
2007/12/17,0,326700,-234000,92700
2007/12/18,0,411000,-131000,280000
2007/12/19,0,490000,-81000,409000
2007/12/20,0,103000,-350000,-247000
2007/12/21,0,128000,-60000,68000
2007/12/24,0,204000,-121000,83000
2007/12/25,0,47000,-55000,-8000
2007/12/26,0,49000,-24000,25000
2007/12/27,0,231000,-103000,128000
2007/12/28,0,110000,-616000,-506000
2007/12/31,0,248000,-149000,99000
2008/01/01,0,0,0,0
2008/01/02,0,80000,-99000,-19000
2008/01/03,0,156000,-635000,-479000
2008/01/04,0,39000,-206000,-167000
2008/01/07,0,36000,0,36000
2008/01/08,0,3000,-1000,2000
2008/01/09,0,619000,-722900,-103900
2008/01/10,0,143000,-370000,-227000
2008/01/11,0,494000,-63645,430355
2008/01/14,0,79000,-352000,-273000
2008/01/15,0,114000,-143000,-29000
2008/01/16,0,163000,-42000,121000
2008/01/17,0,89000,-209000,-120000
2008/01/18,0,180000,-168000,12000
2008/01/21,0,74000,-176300,-102300
2008/01/22,0,21000,-47000,-26000
2008/01/23,0,48000,-80000,-32000
2008/01/24,0,153000,-160000,-7000
2008/01/25,0,90000,-65000,25000
2008/01/28,0,124000,-74000,50000
2008/01/29,0,259000,-101900,157100
2008/01/30,0,224000,-91000,133000
2008/01/31,0,44000,-161000,-117000
2008/02/01,0,63000,-10000,53000
2008/02/04,0,0,0,0
2008/02/05,0,0,0,0
2008/02/06,0,0,0,0
2008/02/07,0,0,0,0
2008/02/08,0,0,0,0
2008/02/11,0,0,0,0
2008/02/12,0,10000,-259000,-249000
2008/02/13,0,59000,-23000,36000
2008/02/14,0,0,-21000,-21000
2008/02/15,0,146000,-26000,120000
2008/02/18,0,51000,-6000,45000
2008/02/19,0,729000,-81000,648000
2008/02/20,0,17000,-58000,-41000
2008/02/21,0,335000,-315000,20000
2008/02/22,0,171000,-291000,-120000
2008/02/25,0,366000,-355967,10033
2008/02/26,0,40000,-138028,-98028
2008/02/27,0,105000,-86113,18887
2008/02/28,0,0,0,0
2008/02/29,0,74000,-21000,53000
2008/03/03,0,77000,-370014,-293014
2008/03/04,0,83000,-71100,11900
2008/03/05,0,25000,-99000,-74000
2008/03/06,0,140000,-12028,127972
2008/03/07,0,397000,-134000,263000
2008/03/10,0,23000,-230000,-207000
2008/03/11,0,109000,-19000,90000
2008/03/12,0,57000,-84305,-27305
2008/03/13,0,31000,-123000,-92000
2008/03/14,0,38000,-372000,-334000
2008/03/17,0,65000,-62000,3000
2008/03/18,0,80000,-63000,17000
2008/03/19,0,69000,-50000,19000
2008/03/20,0,127000,-30000,97000
2008/03/21,0,99000,-9000,90000
2008/03/24,0,133000,-59000,74000
2008/03/25,0,141000,-22000,119000
2008/03/26,0,26000,-56200,-30200
2008/03/27,0,70000,-71000,-1000
2008/03/28,0,62000,-14000,48000
2008/03/31,0,31007,-44000,-12993
2008/04/01,0,119000,-56000,63000
2008/04/02,0,650000,-20000,630000
2008/04/03,0,567000,-298271,268729
2008/04/04,0,0,0,0
2008/04/07,0,148000,-40200,107800
2008/04/08,0,387000,-76000,311000
2008/04/09,0,251000,-395000,-144000
2008/04/10,0,560000,-190000,370000
2008/04/11,0,141000,-151000,-10000
2008/04/14,0,79000,-328421,-249421
2008/04/15,0,216000,-98000,118000
2008/04/16,0,184000,-223000,-39000
2008/04/17,0,47000,-321000,-274000
2008/04/18,0,235000,-284077,-49077
2008/04/21,0,107000,-12000,95000
2008/04/22,0,119000,-103000,16000
2008/04/23,0,278000,-181000,97000
2008/04/24,0,390000,-169000,221000
2008/04/25,0,48000,-475000,-427000
2008/04/28,0,34000,-382000,-348000
2008/04/29,0,71000,-69000,2000
2008/04/30,0,41000,-82000,-41000
2008/05/01,0,0,0,0
2008/05/02,0,31000,-454000,-423000
2008/05/05,0,62000,-207000,-145000
2008/05/06,0,167000,-17000,150000
2008/05/07,0,103000,-98000,5000
2008/05/08,0,51000,-30000,21000
2008/05/09,0,98000,-159000,-61000
2008/05/12,0,88000,-44000,44000
2008/05/13,0,89000,-41597,47403
2008/05/14,0,421000,-97000,324000
2008/05/15,0,198000,-68000,130000
2008/05/16,0,166000,-105000,61000
2008/05/19,0,232000,-27200,204800
2008/05/20,0,103000,-186000,-83000
2008/05/21,0,51000,-58000,-7000
2008/05/22,0,41000,-30000,11000
2008/05/23,0,39000,-463000,-424000
2008/05/26,0,69000,-85000,-16000
2008/05/27,0,32000,-64000,-32000
2008/05/28,0,1000,-40000,-39000
2008/05/29,0,61000,-11000,50000
2008/05/30,0,44000,-183000,-139000
2008/06/02,0,90000,-32000,58000
2008/06/03,0,39000,-64333,-25333
2008/06/04,0,107000,-9000,98000
2008/06/05,0,248000,-84000,164000
2008/06/06,0,77000,-34000,43000
2008/06/09,0,52000,-109000,-57000
2008/06/10,0,15000,-206000,-191000
2008/06/11,0,48000,-97000,-49000
2008/06/12,0,31000,-406000,-375000
2008/06/13,0,68000,-47000,21000
2008/06/16,0,6000,-124000,-118000
2008/06/17,0,32000,-94000,-62000
2008/06/18,0,40000,-14000,26000
2008/06/19,0,79000,-119000,-40000
2008/06/20,0,139000,-154000,-15000
2008/06/23,0,72000,-399000,-327000
2008/06/24,0,42000,-359000,-317000
2008/06/25,0,352000,-102000,250000
2008/06/26,0,50000,-239000,-189000
2008/06/27,0,77000,-133000,-56000
2008/06/30,0,261000,-53000,208000
2008/07/01,0,254000,-38000,216000
2008/07/02,0,328000,-441000,-113000
2008/07/03,0,293000,-51500,241500
2008/07/04,0,117000,-111000,6000
2008/07/07,0,168000,-45000,123000
2008/07/08,0,61000,-224000,-163000
2008/07/09,0,115000,-169000,-54000
2008/07/10,0,157000,-130700,26300
2008/07/11,0,108000,-87000,21000
2008/07/14,0,50000,-89000,-39000
2008/07/15,0,5000,-231000,-226000
2008/07/16,0,105000,-166000,-61000
2008/07/17,0,176000,-70000,106000
2008/07/18,0,87000,-41000,46000
2008/07/21,0,207000,-13000,194000
2008/07/22,0,286000,-19000,267000
2008/07/23,0,157000,-232000,-75000
2008/07/24,0,600000,-20000,580000
2008/07/25,0,104000,-745000,-641000
2008/07/28,0,0,0,0
2008/07/29,0,12000,-310000,-298000
2008/07/30,0,35000,-45000,-10000
2008/07/31,0,39000,-110000,-71000
2008/08/01,0,34000,-26000,8000
2008/08/04,0,210000,-11000,199000
2008/08/05,0,597000,-244014,352986
2008/08/06,0,271000,-446000,-175000
2008/08/07,0,364000,-151000,213000
2008/08/08,0,731000,-168000,563000
2008/08/11,0,203000,-277000,-74000
2008/08/12,0,575000,-150000,425000
2008/08/13,0,561000,-215000,346000
2008/08/14,0,225000,-145000,80000
2008/08/15,0,207000,-395000,-188000
2008/08/18,0,223000,-818000,-595000
2008/08/19,0,1004000,-447000,557000
2008/08/20,0,64000,-195000,-131000
2008/08/21,0,61000,-458000,-397000
2008/08/22,0,171000,-98000,73000
2008/08/25,0,66000,-286000,-220000
2008/08/26,0,181000,-532000,-351000
2008/08/27,0,319000,-290000,29000
2008/08/28,0,90000,-213000,-123000
2008/08/29,0,62000,-133000,-71000
2008/09/01,0,260000,-303000,-43000
2008/09/02,0,181000,-229000,-48000
2008/09/03,0,215000,-83000,132000
2008/09/04,0,76000,-133000,-57000
2008/09/05,0,199000,-105000,94000
2008/09/08,0,115000,-109000,6000
2008/09/09,0,124000,-68000,56000
2008/09/10,0,163000,-59000,104000
2008/09/11,0,72000,-170000,-98000
2008/09/12,0,286000,-156000,130000
2008/09/15,0,203000,-95000,108000
2008/09/16,0,194000,-105000,89000
2008/09/17,0,196000,-168000,28000
2008/09/18,0,135000,-108000,27000
2008/09/19,0,98000,-95000,3000
2008/09/22,0,119000,-107000,12000
2008/09/23,0,629000,-94000,535000
2008/09/24,0,159000,-313000,-154000
2008/09/25,0,172000,-143000,29000
2008/09/26,0,190000,-293000,-103000
2008/09/29,0,0,0,0
2008/09/30,0,92000,-253000,-161000
2008/10/01,0,367000,-314000,53000
2008/10/02,0,315000,-187756,127244
2008/10/03,0,483000,-288000,195000
2008/10/06,0,126000,-264206,-138206
2008/10/07,0,625000,-257000,368000
2008/10/08,0,195000,-896994,-701994
2008/10/09,0,405000,-422000,-17000
2008/10/10,0,0,0,0
2008/10/13,0,133000,-83000,50000
2008/10/14,0,69000,-33000,36000
2008/10/15,0,309000,-197517,111483
2008/10/16,0,245000,-442000,-197000
2008/10/17,0,272458,-381000,-108542
2008/10/20,0,200000,-136861,63139
2008/10/21,0,35000,-348000,-313000
2008/10/22,0,131000,-135000,-4000
2008/10/23,0,5000,-155507,-150507
2008/10/24,0,0,-30811,-30811
2008/10/27,0,66000,-232546,-166546
2008/10/28,0,469000,-179135,289865
2008/10/29,0,132000,-221000,-89000
2008/10/30,0,88000,-56000,32000
2008/10/31,0,246000,-58000,188000
2008/11/03,0,402000,-95000,307000
2008/11/04,0,129000,-215488,-86488
2008/11/05,0,207000,-167000,40000
2008/11/06,0,14000,-82363,-68363
2008/11/07,0,123000,-72000,51000
2008/11/10,0,29000,-132000,-103000
2008/11/11,0,1000,-124509,-123509
2008/11/12,0,279000,-485491,-206491
2008/11/13,0,61000,-258000,-197000
2008/11/14,0,88000,-221888,-133888
2008/11/17,0,14000,-274000,-260000
2008/11/18,0,1000,-21000,-20000
2008/11/19,0,9000,-38000,-29000
2008/11/20,0,758000,-24000,734000
2008/11/21,0,135000,-9000,126000
2008/11/24,0,39000,-49965,-10965
2008/11/25,0,22000,-36000,-14000
2008/11/26,0,6000,-11000,-5000
2008/11/27,0,127000,-1000,126000
2008/11/28,0,54000,-43000,11000
2008/12/01,0,134000,-47000,87000
2008/12/02,0,55000,-98500,-43500
2008/12/03,0,6000,-679502,-673502
2008/12/04,0,10000,-550121,-540121
2008/12/05,0,41200,-21211,19989
2008/12/08,0,71000,-23900,47100
2008/12/09,0,78000,-84635,-6635
2008/12/10,0,871000,-6000,865000
2008/12/11,0,987000,-102000,885000
2008/12/12,0,434000,-446200,-12200
2008/12/15,0,214000,-291000,-77000
2008/12/16,0,115000,-220000,-105000
2008/12/17,0,121000,-197000,-76000
2008/12/18,0,38000,-364000,-326000
2008/12/19,0,352000,-4000,348000
2008/12/22,0,154000,-447000,-293000
2008/12/23,0,284000,-306000,-22000
2008/12/24,0,7000,-328000,-321000
2008/12/25,0,10000,-647000,-637000
2008/12/26,0,6000,-288000,-282000
2008/12/29,0,1000,-2000,-1000
2008/12/30,0,44000,-2698,41302
2008/12/31,0,5000,-207064,-202064
2009/01/01,0,0,0,0
2009/01/02,0,0,0,0
2009/01/05,0,425000,-1374,423626
2009/01/06,0,704000,-324000,380000
2009/01/07,0,384000,-144000,240000
2009/01/08,0,92000,-85000,7000
2009/01/09,0,12000,-73616,-61616
2009/01/12,0,34000,-62000,-28000
2009/01/13,0,44000,-121000,-77000
2009/01/14,0,14000,-45000,-31000
2009/01/15,0,40000,-162000,-122000
2009/01/16,0,7000,-94000,-87000
2009/01/19,0,37000,-265000,-228000
2009/01/20,0,21000,-38000,-17000
2009/01/21,0,28000,-19000,9000
2009/01/22,0,0,0,0
2009/01/23,0,0,0,0
2009/01/26,0,0,0,0
2009/01/27,0,0,0,0
2009/01/28,0,0,0,0
2009/01/29,0,0,0,0
2009/01/30,0,0,0,0
2009/02/02,0,553000,-1000,552000
2009/02/03,0,259000,-245000,14000
2009/02/04,0,42000,-524000,-482000
2009/02/05,0,63000,-35000,28000
2009/02/06,0,111000,-169000,-58000
2009/02/09,0,53300,-120000,-66700
2009/02/10,0,95000,-371000,-276000
2009/02/11,0,95000,-11000,84000
2009/02/12,0,404000,-109000,295000
2009/02/13,0,119000,-114000,5000
2009/02/16,0,429000,-158000,271000
2009/02/17,0,143000,-108000,35000
2009/02/18,0,46000,-116000,-70000
2009/02/19,0,153000,-183000,-30000
2009/02/20,0,61000,-59304,1696
2009/02/23,0,139000,-23000,116000
2009/02/24,0,111000,-51000,60000
2009/02/25,0,35000,-367000,-332000
2009/02/26,0,214000,-162000,52000
2009/02/27,0,259000,-104000,155000
2009/03/02,0,157000,-176000,-19000
2009/03/03,0,71000,-72000,-1000
2009/03/04,0,905000,-527000,378000
2009/03/05,0,35000,-605000,-570000
2009/03/06,0,703000,-403000,300000
2009/03/09,0,266000,-31000,235000
2009/03/10,0,231000,-321000,-90000
2009/03/11,0,277000,-93000,184000
2009/03/12,0,1027000,-340000,687000
2009/03/13,0,35000,-282000,-247000
2009/03/16,0,513000,-449000,64000
2009/03/17,0,307000,-471000,-164000
2009/03/18,0,277000,-329000,-52000
2009/03/19,0,402000,-135000,267000
2009/03/20,0,353000,-57000,296000
2009/03/23,0,549000,-97000,452000
2009/03/24,0,192000,-997162,-805162
2009/03/25,0,197000,-591000,-394000
2009/03/26,0,173000,-92000,81000
2009/03/27,0,98000,-670000,-572000
2009/03/30,0,291000,-260000,31000
2009/03/31,0,61000,-62000,-1000
2009/04/01,0,311000,-156000,155000
2009/04/02,0,345000,-252000,93000
2009/04/03,0,59000,-451000,-392000
2009/04/06,0,235000,-228907,6093
2009/04/07,0,285000,-200000,85000
2009/04/08,0,73000,-264000,-191000
2009/04/09,0,727000,-122000,605000
2009/04/10,0,223000,-409581,-186581
2009/04/13,0,303000,-638000,-335000
2009/04/14,0,545000,-270000,275000
2009/04/15,0,311000,-150000,161000
2009/04/16,0,697000,-567000,130000
2009/04/17,0,251000,-910000,-659000
2009/04/20,0,446000,-312000,134000
2009/04/21,0,257000,-34000,223000
2009/04/22,0,615000,-783175,-168175
2009/04/23,0,1075000,-287000,788000
2009/04/24,0,440000,-575000,-135000
2009/04/27,0,184000,-327000,-143000
2009/04/28,0,301000,-363580,-62580
2009/04/29,0,137000,-289000,-152000
2009/04/30,0,361000,-211000,150000
2009/05/01,0,0,0,0
2009/05/04,0,971000,-340000,631000
2009/05/05,0,250000,-406000,-156000
2009/05/06,0,342000,-302000,40000
2009/05/07,0,114000,-417000,-303000
2009/05/08,0,654000,-35000,619000
2009/05/11,0,505000,-294535,210465
2009/05/12,0,437000,-217000,220000
2009/05/13,0,255000,-11000,244000
2009/05/14,0,1140000,-345000,795000
2009/05/15,0,491000,-564000,-73000
2009/05/18,0,282000,-153000,129000
2009/05/19,0,308000,-361000,-53000
2009/05/20,0,634000,-358000,276000
2009/05/21,0,217000,-577000,-360000
2009/05/22,0,928000,-709000,219000
2009/05/25,0,220000,-680935,-460935
2009/05/26,0,111000,-489000,-378000
2009/05/27,0,348000,-139000,209000
2009/05/28,0,0,0,0
2009/05/29,0,0,0,0
2009/06/01,0,133000,-100000,33000
2009/06/02,0,180000,-262533,-82533
2009/06/03,0,127000,-111500,15500
2009/06/04,0,190000,-295000,-105000
2009/06/05,0,48000,-70000,-22000
2009/06/08,0,117000,-171000,-54000
2009/06/09,0,132000,-1060000,-928000
2009/06/10,0,120000,-569000,-449000
2009/06/11,0,93000,-212000,-119000
2009/06/12,0,6000,-194000,-188000
2009/06/15,0,39000,-323000,-284000
2009/06/16,0,254000,-26409,227591
2009/06/17,0,24000,-255000,-231000
2009/06/18,0,63000,-88000,-25000
2009/06/19,0,82000,-60000,22000
2009/06/22,0,177000,-26000,151000
2009/06/23,0,19000,-205000,-186000
2009/06/24,0,176000,-64406,111594
2009/06/25,0,192000,-31000,161000
2009/06/26,0,20000,-238000,-218000
2009/06/29,0,71000,-9000,62000
2009/06/30,0,368000,-16000,352000
2009/07/01,0,505000,-175000,330000
2009/07/02,0,411000,-212000,199000
2009/07/03,0,389000,-103000,286000
2009/07/06,0,224000,-57000,167000
2009/07/07,0,185404,-54000,131404
2009/07/08,0,87000,-305000,-218000
2009/07/09,0,63280,-326000,-262720
2009/07/10,0,241000,-136000,105000
2009/07/13,0,16000,-354280,-338280
2009/07/14,0,65000,-33400,31600
2009/07/15,0,371000,-27000,344000
2009/07/16,0,1886712,-1297000,589712
2009/07/17,0,519000,-499000,20000
2009/07/20,0,85000,-752000,-667000
2009/07/21,0,75000,-465000,-390000
2009/07/22,0,217000,-109000,108000
2009/07/23,0,629000,-93000,536000
2009/07/24,0,103458,-267000,-163542
2009/07/27,0,177000,-389000,-212000
2009/07/28,0,337165,-180000,157165
2009/07/29,0,79000,-559165,-480165
2009/07/30,0,214000,-363000,-149000
2009/07/31,0,203000,-592000,-389000
2009/08/03,0,6165,-139000,-132835
2009/08/04,0,16000,-338000,-322000
2009/08/05,0,45000,-92000,-47000
2009/08/06,0,21000,-175000,-154000
2009/08/07,0,0,0,0
2009/08/10,0,52000,-103000,-51000
2009/08/11,0,12000,-8000,4000
2009/08/12,0,79000,-35000,44000
2009/08/13,0,344000,-16000,328000
2009/08/14,0,272000,-294000,-22000
2009/08/17,0,132000,-50000,82000
2009/08/18,0,384000,-77000,307000
2009/08/19,0,121000,-518000,-397000
2009/08/20,0,107000,-43000,64000
2009/08/21,0,38000,-68000,-30000
2009/08/24,0,172000,-5000,167000
2009/08/25,0,78000,-12000,66000
2009/08/26,0,60000,-47000,13000
2009/08/27,0,37000,-109000,-72000
2009/08/28,0,19000,-96000,-77000
2009/08/31,0,8000,-210000,-202000
2009/09/01,0,492000,-7000,485000
2009/09/02,0,517000,-22000,495000
2009/09/03,0,551000,-258000,293000
2009/09/04,0,315000,-18000,297000
2009/09/07,0,95000,-154000,-59000
2009/09/08,0,357000,-27000,330000
2009/09/09,0,720000,-23000,697000
2009/09/10,0,664000,-1214000,-550000
2009/09/11,0,55000,-172000,-117000
2009/09/14,0,21000,-143000,-122000
2009/09/15,0,174400,-77000,97400
2009/09/16,0,494000,-423000,71000
2009/09/17,0,80000,-219000,-139000
2009/09/18,0,82000,-89000,-7000
2009/09/21,0,1085000,-130000,955000
2009/09/22,0,168000,-283000,-115000
2009/09/23,0,240000,-406000,-166000
2009/09/24,0,237000,-998000,-761000
2009/09/25,0,332000,-844000,-512000
2009/09/28,0,81000,-33594,47406
2009/09/29,0,196000,-408000,-212000
2009/09/30,0,80000,-63000,17000
2009/10/01,0,98000,-230000,-132000
2009/10/02,0,66000,-7000,59000
2009/10/05,0,66000,-23000,43000
2009/10/06,0,313000,-37000,276000
2009/10/07,0,73000,-8000,65000
2009/10/08,0,16000,-530000,-514000
2009/10/09,0,245000,-249000,-4000
2009/10/12,0,39000,-50000,-11000
2009/10/13,0,64000,-215000,-151000
2009/10/14,0,331000,-22000,309000
2009/10/15,0,553000,-375000,178000
2009/10/16,0,55000,-57000,-2000
2009/10/19,0,26000,-8000,18000
2009/10/20,0,382000,-190000,192000
2009/10/21,0,11000,-20000,-9000
2009/10/22,0,105000,-79000,26000
2009/10/23,0,100000,-182000,-82000
2009/10/26,0,538000,-623000,-85000
2009/10/27,0,173000,-32000,141000
2009/10/28,0,117000,-444000,-327000
2009/10/29,0,38000,-175000,-137000
2009/10/30,0,106000,-109000,-3000
2009/11/02,0,62000,-86000,-24000
2009/11/03,0,48000,-49000,-1000
2009/11/04,0,39000,-27300,11700
2009/11/05,0,7000,-26000,-19000
2009/11/06,0,110000,-76000,34000
2009/11/09,0,22000,-25000,-3000
2009/11/10,0,333000,-445000,-112000
2009/11/11,0,61000,-23200,37800
2009/11/12,0,230000,-109000,121000
2009/11/13,0,121000,-13000,108000
2009/11/16,0,504000,-28000,476000
2009/11/17,0,313000,-510000,-197000
2009/11/18,0,231000,-31000,200000
2009/11/19,0,747000,-134000,613000
2009/11/20,0,42000,-156000,-114000
2009/11/23,0,93000,-212000,-119000
2009/11/24,0,132000,-11000,121000
2009/11/25,0,189000,-33000,156000
2009/11/26,0,787000,-78100,708900
2009/11/27,0,534000,-100000,434000
2009/11/30,0,637000,-300500,336500
2009/12/01,0,410000,-521500,-111500
2009/12/02,0,193000,-309000,-116000
2009/12/03,0,339000,-861000,-522000
2009/12/04,0,214000,-397000,-183000
2009/12/07,0,117000,-292000,-175000
2009/12/08,0,636000,-511000,125000
2009/12/09,0,146000,-287000,-141000
2009/12/10,0,160000,-149000,11000
2009/12/11,0,191000,-52000,139000
2009/12/14,0,93000,-67000,26000
2009/12/15,0,146000,-141000,5000
2009/12/16,0,39000,-85000,-46000
2009/12/17,0,34000,-198000,-164000
2009/12/18,0,41000,-24000,17000
2009/12/21,0,74000,-25000,49000
2009/12/22,0,42000,-121000,-79000
2009/12/23,0,127000,-136000,-9000
2009/12/24,0,80000,-45000,35000
2009/12/25,0,45000,-65000,-20000
2009/12/28,0,24000,-75000,-51000
2009/12/29,0,129000,-149000,-20000
2009/12/30,0,197000,-40000,157000
2009/12/31,0,284000,-127500,156500
2010/01/01,0,0,0,0
2010/01/04,0,242000,-155000,87000
2010/01/05,0,214000,-323000,-109000
2010/01/06,0,195000,-196000,-1000
2010/01/07,0,130000,-49000,81000
2010/01/08,0,95000,-75000,20000
2010/01/11,0,80000,-56000,24000
2010/01/12,0,101000,-10000,91000
2010/01/13,0,59000,-42000,17000
2010/01/14,0,73000,-51000,22000
2010/01/15,0,238000,-131000,107000
2010/01/18,0,102000,-403000,-301000
2010/01/19,0,20000,-202000,-182000
2010/01/20,0,19040,-17000,2040
2010/01/21,0,8000,-228000,-220000
2010/01/22,0,20000,-194000,-174000
2010/01/25,0,81000,-81000,0
2010/01/26,0,105000,-905000,-800000
2010/01/27,0,147000,-769000,-622000
2010/01/28,0,37000,-131000,-94000
2010/01/29,0,110000,-197000,-87000
2010/02/01,0,98000,-68000,30000
2010/02/02,0,91000,-112000,-21000
2010/02/03,0,22000,-10000,12000
2010/02/04,0,126000,-532000,-406000
2010/02/05,0,115000,-85000,30000
2010/02/08,0,94000,-159000,-65000
2010/02/09,0,109000,-184400,-75400
2010/02/10,0,65000,-33658,31342
2010/02/11,0,0,0,0
2010/02/12,0,0,0,0
2010/02/15,0,0,0,0
2010/02/16,0,0,0,0
2010/02/17,0,0,0,0
2010/02/18,0,0,0,0
2010/02/19,0,0,0,0
2010/02/22,0,95000,-7000,88000
2010/02/23,0,14000,-25990,-11990
2010/02/24,0,60000,-33000,27000
2010/02/25,0,16000,-25000,-9000
2010/02/26,0,36000,-43000,-7000
2010/03/01,0,114000,-16000,98000
2010/03/02,0,658000,-33000,625000
2010/03/03,0,29000,-135000,-106000
2010/03/04,0,54000,-412000,-358000
2010/03/05,0,158000,-11000,147000
2010/03/08,0,70000,-47000,23000
2010/03/09,0,72000,-30000,42000
2010/03/10,0,7000,-53000,-46000
2010/03/11,0,57000,-114000,-57000
2010/03/12,0,35000,-54000,-19000
2010/03/15,0,10000,-124000,-114000
2010/03/16,0,32000,-49000,-17000
2010/03/17,0,130000,-27000,103000
2010/03/18,0,615000,-11000,604000
2010/03/19,0,120000,-264000,-144000
2010/03/22,0,121000,-102000,19000
2010/03/23,0,69000,-119000,-50000
2010/03/24,0,221000,-186000,35000
2010/03/25,0,446000,-202000,244000
2010/03/26,0,409000,-75000,334000
2010/03/29,0,111000,-252000,-141000
2010/03/30,0,101000,-63000,38000
2010/03/31,0,162000,-272000,-110000
2010/04/01,0,285000,-91000,194000
2010/04/02,0,147000,-268000,-121000
2010/04/05,0,0,0,0
2010/04/06,0,45000,-124000,-79000
2010/04/07,0,121000,-319000,-198000
2010/04/08,0,45000,-768800,-723800
2010/04/09,0,5000,-102000,-97000
2010/04/12,0,374000,-13000,361000
2010/04/13,0,208000,-157000,51000
2010/04/14,0,0,-1000,-1000
2010/04/15,0,61000,-6000,55000
2010/04/16,0,30000,-41000,-11000
2010/04/19,0,13000,-91000,-78000
2010/04/20,0,438000,-135000,303000
2010/04/21,0,514000,-128000,386000
2010/04/22,0,211000,-90000,121000
2010/04/23,0,107000,-90000,17000
2010/04/26,0,292000,-233000,59000
2010/04/27,0,114000,-196000,-82000
2010/04/28,0,186000,-131198,54802
2010/04/29,0,239000,-270301,-31301
2010/04/30,0,173000,-434000,-261000
2010/05/03,0,273000,-131000,142000
2010/05/04,0,262000,-126000,136000
2010/05/05,0,13000,-317000,-304000
2010/05/06,0,180000,-235000,-55000
2010/05/07,0,92000,-97000,-5000
2010/05/10,0,288000,-372000,-84000
2010/05/11,0,94000,-227600,-133600
2010/05/12,0,38000,-121000,-83000
2010/05/13,0,20000,-43000,-23000
2010/05/14,0,129000,-48000,81000
2010/05/17,0,30000,-333000,-303000
2010/05/18,0,31000,-65000,-34000
2010/05/19,0,153000,-185000,-32000
2010/05/20,0,5000,-134000,-129000
2010/05/21,0,65000,-84000,-19000
2010/05/24,0,47000,-12000,35000
2010/05/25,0,82000,-107000,-25000
2010/05/26,0,221000,-8000,213000
2010/05/27,0,30000,-186000,-156000
2010/05/28,0,69000,-63000,6000
2010/05/31,0,90000,-41000,49000
2010/06/01,0,68000,-143000,-75000
2010/06/02,0,222000,-25000,197000
2010/06/03,0,266000,-140000,126000
2010/06/04,0,41000,-50000,-9000
2010/06/07,0,22000,-96000,-74000
2010/06/08,0,21000,-510000,-489000
2010/06/09,0,84000,-216000,-132000
2010/06/10,0,30000,-65000,-35000
2010/06/11,0,25000,-28000,-3000
2010/06/14,0,31000,-5000,26000
2010/06/15,0,79000,-25000,54000
2010/06/16,0,0,0,0
2010/06/17,0,106000,-34000,72000
2010/06/18,0,21000,-5000,16000
2010/06/21,0,32000,-11000,21000
2010/06/22,0,10000,-10000,0
2010/06/23,0,20000,-18000,2000
2010/06/24,0,495000,-24398,470602
2010/06/25,0,23000,-223000,-200000
2010/06/28,0,19000,-184000,-165000
2010/06/29,0,38000,-39000,-1000
2010/06/30,0,40000,-71000,-31000
2010/07/01,0,30000,-18000,12000
2010/07/02,0,21000,-19000,2000
2010/07/05,0,79000,-1000,78000
2010/07/06,0,126000,-43000,83000
2010/07/07,0,74000,-23000,51000
2010/07/08,0,144000,-74000,70000
2010/07/09,0,89000,-6000,83000
2010/07/12,0,313000,-74000,239000
2010/07/13,0,300000,-133000,167000
2010/07/14,0,145000,-206000,-61000
2010/07/15,0,59000,-103000,-44000
2010/07/16,0,87000,-60000,27000
2010/07/19,0,50000,-16000,34000
2010/07/20,0,304000,-140000,164000
2010/07/21,0,135000,-199000,-64000
2010/07/22,0,34000,-146000,-112000
2010/07/23,0,88000,-637558,-549558
2010/07/26,0,125000,-37000,88000
2010/07/27,0,230000,-31000,199000
2010/07/28,0,183000,-44000,139000
2010/07/29,0,170200,-31000,139200
2010/07/30,0,17000,-142000,-125000
2010/08/02,0,70000,-156200,-86200
2010/08/03,0,38000,-38000,0
2010/08/04,0,72000,-21000,51000
2010/08/05,0,284000,-326000,-42000
2010/08/06,0,336000,-195000,141000
2010/08/09,0,31000,-126000,-95000
2010/08/10,0,70000,-328000,-258000
2010/08/11,0,46000,-59000,-13000
2010/08/12,0,58000,-56000,2000
2010/08/13,0,580000,-57000,523000
2010/08/16,0,83000,-319000,-236000
2010/08/17,0,63000,-90000,-27000
2010/08/18,0,30000,-89000,-59000
2010/08/19,0,550000,-154000,396000
2010/08/20,0,206000,-171593,34407
2010/08/23,0,56000,-79000,-23000
2010/08/24,0,282000,-73000,209000
2010/08/25,0,98000,-648000,-550000
2010/08/26,0,7000,-103000,-96000
2010/08/27,0,27000,-296000,-269000
2010/08/30,0,54000,-71000,-17000
2010/08/31,0,15000,-76000,-61000
2010/09/01,0,84000,-20000,64000
2010/09/02,0,19000,-330000,-311000
2010/09/03,0,136000,-21000,115000
2010/09/06,0,59000,-70000,-11000
2010/09/07,0,164000,-32000,132000
2010/09/08,0,15000,-66000,-51000
2010/09/09,0,19000,-39000,-20000
2010/09/10,0,71000,-103000,-32000
2010/09/13,0,124000,-19000,105000
2010/09/14,0,406000,-25000,381000
2010/09/15,0,56000,-401201,-345201
2010/09/16,0,237000,-68000,169000
2010/09/17,0,128000,-57000,71000
2010/09/20,0,34000,-109000,-75000
2010/09/21,0,373000,-93000,280000
2010/09/22,0,0,0,0
2010/09/23,0,47000,-259000,-212000
2010/09/24,0,63000,-34000,29000
2010/09/27,0,30000,-42000,-12000
2010/09/28,0,42000,-91000,-49000
2010/09/29,0,501000,-148000,353000
2010/09/30,0,73000,-158000,-85000
2010/10/01,0,41000,-10096,30904
2010/10/04,0,27000,-58000,-31000
2010/10/05,0,27000,-33000,-6000
2010/10/06,0,139000,-22000,117000
2010/10/07,0,111000,-150588,-39588
2010/10/08,0,23000,-9000,14000
2010/10/11,0,3000,-59000,-56000
2010/10/12,0,71000,-117000,-46000
2010/10/13,0,485000,-120000,365000
2010/10/14,0,557000,-264000,293000
2010/10/15,0,82000,-127000,-45000
2010/10/18,0,339000,-164000,175000
2010/10/19,0,110000,-85000,25000
2010/10/20,0,2475000,-418000,2057000
2010/10/21,0,633000,-764000,-131000
2010/10/22,0,766000,-303000,463000
2010/10/25,0,799000,-832000,-33000
2010/10/26,0,240000,-420000,-180000
2010/10/27,0,670000,-68000,602000
2010/10/28,0,246000,-90000,156000
2010/10/29,0,143000,-217000,-74000
2010/11/01,0,529000,-823000,-294000
2010/11/02,0,207000,-329000,-122000
2010/11/03,0,384000,-630000,-246000
2010/11/04,0,478000,-540000,-62000
2010/11/05,0,288000,-120000,168000
2010/11/08,0,288000,-585000,-297000
2010/11/09,0,436000,-441000,-5000
2010/11/10,0,482000,-165000,317000
2010/11/11,0,118000,-420000,-302000
2010/11/12,0,529000,-497000,32000
2010/11/15,0,585000,-243000,342000
2010/11/16,0,326000,-144000,182000
2010/11/17,0,103000,-128000,-25000
2010/11/18,0,367000,-280000,87000
2010/11/19,0,117000,-661000,-544000
2010/11/22,0,249000,-115000,134000
2010/11/23,0,251000,-111000,140000
2010/11/24,0,494000,-193000,301000
2010/11/25,0,1063000,-534000,529000
2010/11/26,0,109000,-1013000,-904000
2010/11/29,0,220000,-569000,-349000
2010/11/30,0,223000,-376000,-153000
2010/12/01,0,354000,-271000,83000
2010/12/02,0,1091000,-137000,954000
2010/12/03,0,503000,-719000,-216000
2010/12/06,0,311000,-642000,-331000
2010/12/07,0,397000,-735000,-338000
2010/12/08,0,244000,-390000,-146000
2010/12/09,0,391000,-299000,92000
2010/12/10,0,686000,-605000,81000
2010/12/13,0,193000,-278000,-85000
2010/12/14,0,604000,-357000,247000
2010/12/15,0,235000,-235000,0
2010/12/16,0,188000,-112000,76000
2010/12/17,0,212000,-457000,-245000
2010/12/20,0,828000,-338000,490000
2010/12/21,0,358000,-728000,-370000
2010/12/22,0,281000,-611000,-330000
2010/12/23,0,723000,-916000,-193000
2010/12/24,0,217000,-678000,-461000
2010/12/27,0,248000,-658000,-410000
2010/12/28,0,135000,-330000,-195000
2010/12/29,0,383000,-551000,-168000
2010/12/30,0,227000,-295000,-68000
2010/12/31,0,335000,-497000,-162000
2011/01/03,0,561000,-221000,340000
2011/01/04,0,392000,-582000,-190000
2011/01/05,0,229000,-449000,-220000
2011/01/06,0,382000,-123000,259000
2011/01/07,0,77000,-161000,-84000
2011/01/10,0,122000,-138000,-16000
2011/01/11,0,934000,-142000,792000
2011/01/12,0,269000,-714000,-445000
2011/01/13,0,205000,-329000,-124000
2011/01/14,0,161000,-276000,-115000
2011/01/17,0,366000,-288000,78000
2011/01/18,0,328000,-136000,192000
2011/01/19,0,401000,-236000,165000
2011/01/20,0,432000,-146000,286000
2011/01/21,0,372000,-172000,200000
2011/01/24,0,129000,-165000,-36000
2011/01/25,0,173000,-131000,42000
2011/01/26,0,188000,-330000,-142000
2011/01/27,0,200000,-140000,60000
2011/01/28,0,408000,-625000,-217000
2011/01/31,0,0,0,0
2011/02/01,0,0,0,0
2011/02/02,0,0,0,0
2011/02/03,0,0,0,0
2011/02/04,0,0,0,0
2011/02/07,0,0,0,0
2011/02/08,0,126000,-532000,-406000
2011/02/09,0,348000,-279000,69000
2011/02/10,0,167000,-270000,-103000
2011/02/11,0,228000,-394000,-166000
2011/02/14,0,399000,-93000,306000
2011/02/15,0,621000,-294000,327000
2011/02/16,0,441000,-549000,-108000
2011/02/17,0,143000,-301000,-158000
2011/02/18,0,226000,-558000,-332000
2011/02/21,0,195000,-191000,4000
2011/02/22,0,651000,-240000,411000
2011/02/23,0,1004000,-316000,688000
2011/02/24,0,568000,-380000,188000
2011/02/25,0,764000,-368000,396000
2011/02/28,0,0,0,0
2011/03/01,0,349000,-65000,284000
2011/03/02,0,882000,-677000,205000
2011/03/03,0,311000,-841000,-530000
2011/03/04,0,207000,-323000,-116000
2011/03/07,0,613000,-432000,181000
2011/03/08,0,492000,-136779,355221
2011/03/09,0,666000,-377000,289000
2011/03/10,0,936000,-431000,505000
2011/03/11,0,788147,-586000,202147
2011/03/14,0,715000,-878000,-163000
2011/03/15,0,1030000,-745000,285000
2011/03/16,0,342000,-900000,-558000
2011/03/17,0,469000,-355000,114000
2011/03/18,0,398000,-280000,118000
2011/03/21,0,533000,-174000,359000
2011/03/22,0,167000,-127000,40000
2011/03/23,0,56000,-77000,-21000
2011/03/24,0,17000,-465000,-448000
2011/03/25,0,181000,-365000,-184000
2011/03/28,0,92000,-796000,-704000
2011/03/29,0,138000,-179000,-41000
2011/03/30,0,872000,-491625,380375
2011/03/31,0,549232,-472000,77232
2011/04/01,0,131000,-641000,-510000
2011/04/04,0,0,0,0
2011/04/05,0,0,0,0
2011/04/06,0,434000,-479000,-45000
2011/04/07,0,146000,-1278000,-1132000
2011/04/08,0,165000,-1070000,-905000
2011/04/11,0,267000,-236811,30189
2011/04/12,0,149000,-259000,-110000
2011/04/13,0,577000,-389000,188000
2011/04/14,0,821000,-323252,497748
2011/04/15,0,167000,-262000,-95000
2011/04/18,0,511000,-1203000,-692000
2011/04/19,0,724000,-700000,24000
2011/04/20,0,587000,-1010000,-423000
2011/04/21,0,427000,-865614,-438614
2011/04/22,0,482000,-456000,26000
2011/04/25,0,77000,-331000,-254000
2011/04/26,0,272000,-122000,150000
2011/04/27,0,142000,-175795,-33795
2011/04/28,0,278000,-473550,-195550
2011/04/29,0,108000,-338000,-230000
2011/05/02,0,0,0,0
2011/05/03,0,233000,-637150,-404150
2011/05/04,0,640000,-166000,474000
2011/05/05,0,1166000,-355000,811000
2011/05/06,0,72000,-519000,-447000
2011/05/09,0,376000,-619000,-243000
2011/05/10,0,269000,-334000,-65000
2011/05/11,0,108000,-349634,-241634
2011/05/12,0,693000,-127000,566000
2011/05/13,0,315000,-865000,-550000
2011/05/16,0,700000,-288000,412000
2011/05/17,0,373000,-415000,-42000
2011/05/18,0,347000,-456000,-109000
2011/05/19,0,193000,-437244,-244244
2011/05/20,0,201000,-488000,-287000
2011/05/23,0,387000,-117000,270000
2011/05/24,0,349000,-175000,174000
2011/05/25,0,169000,-432000,-263000
2011/05/26,0,556100,-484000,72100
2011/05/27,0,231000,-370000,-139000
2011/05/30,0,53000,-76000,-23000
2011/05/31,0,1208000,-434000,774000
2011/06/01,0,486000,-696000,-210000
2011/06/02,0,1327000,-430000,897000
2011/06/03,0,105000,-349000,-244000
2011/06/06,0,0,0,0
2011/06/07,0,190000,-279000,-89000
2011/06/08,0,210000,-1049000,-839000
2011/06/09,0,135000,-599000,-464000
2011/06/10,0,271000,-872000,-601000
2011/06/13,0,442000,-229000,213000
2011/06/14,0,347000,-152000,195000
2011/06/15,0,353000,-697000,-344000
2011/06/16,0,448000,-522000,-74000
2011/06/17,0,525000,-428000,97000
2011/06/20,0,393000,-619000,-226000
2011/06/21,0,1045000,-943000,102000
2011/06/22,0,848000,-368000,480000
2011/06/23,0,340000,-219000,121000
2011/06/24,0,356000,-554000,-198000
2011/06/27,0,400000,-211000,189000
2011/06/28,0,346469,-541000,-194531
2011/06/29,0,273000,-232000,41000
2011/06/30,0,553000,-456000,97000
2011/07/01,0,741000,-125274,615726
2011/07/04,0,466000,-409000,57000
2011/07/05,0,553000,-930000,-377000
2011/07/06,0,852000,-1038000,-186000
2011/07/07,0,524059,-1054000,-529941
2011/07/08,0,384000,-1341000,-957000
2011/07/11,0,372000,-431000,-59000
2011/07/12,0,356001,-602000,-245999
2011/07/13,0,331000,-389000,-58000
2011/07/14,0,1116000,-558000,558000
2011/07/15,0,661000,-290000,371000
2011/07/18,0,675000,-495940,179060
2011/07/19,0,773000,-603000,170000
2011/07/20,0,661000,-1969000,-1308000
2011/07/21,0,176000,-694000,-518000
2011/07/22,0,211000,-800000,-589000
2011/07/25,0,236000,-184000,52000
2011/07/26,0,97000,-126489,-29489
2011/07/27,0,15000,-113000,-98000
2011/07/28,0,489000,-544000,-55000
2011/07/29,0,366285,-762000,-395715
2011/08/01,0,533000,-324000,209000
2011/08/02,0,476000,-365000,111000
2011/08/03,0,509000,-487000,22000
2011/08/04,0,498000,-529000,-31000
2011/08/05,0,238000,-50000,188000
2011/08/08,0,960000,-1570000,-610000
2011/08/09,0,1514000,-633000,881000
2011/08/10,0,274000,-462646,-188646
2011/08/11,0,637000,-677000,-40000
2011/08/12,0,271000,-622000,-351000
2011/08/15,0,301000,-275000,26000
2011/08/16,0,161000,-500000,-339000
2011/08/17,0,262000,-629000,-367000
2011/08/18,0,1169000,-949000,220000
2011/08/19,0,272000,-482000,-210000
2011/08/22,0,450000,-970000,-520000
2011/08/23,0,1150000,-733913,416087
2011/08/24,0,855000,-392000,463000
2011/08/25,0,341000,-776000,-435000
2011/08/26,0,536000,-442000,94000
2011/08/29,0,339000,-673000,-334000
2011/08/30,0,845000,-204000,641000
2011/08/31,0,807000,-539000,268000
2011/09/01,0,300000,-776000,-476000
2011/09/02,0,170000,-342000,-172000
2011/09/05,0,398000,-125504,272496
2011/09/06,0,212000,-546000,-334000
2011/09/07,0,637000,-141000,496000
2011/09/08,0,371000,-681000,-310000
2011/09/09,0,312000,-315000,-3000
2011/09/12,0,0,0,0
2011/09/13,0,297000,-250000,47000
2011/09/14,0,554000,-1025000,-471000
2011/09/15,0,618000,-1084000,-466000
2011/09/16,0,1110000,-601000,509000
2011/09/19,0,251000,-582000,-331000
2011/09/20,0,1301000,-620000,681000
2011/09/21,0,415000,-351000,64000
2011/09/22,0,483000,-681000,-198000
2011/09/23,0,668000,-1029000,-361000
2011/09/26,0,520000,-1214000,-694000
2011/09/27,0,947000,-462000,485000
2011/09/28,0,690000,-493000,197000
2011/09/29,0,573000,-856000,-283000
2011/09/30,0,126000,-218000,-92000
2011/10/03,0,169000,-510000,-341000
2011/10/04,0,560000,-196000,364000
2011/10/05,0,139000,-367212,-228212
2011/10/06,0,376000,-250000,126000
2011/10/07,0,122000,-507000,-385000
2011/10/10,0,0,0,0
2011/10/11,0,798000,-78000,720000
2011/10/12,0,1224000,-207000,1017000
2011/10/13,0,242000,-499000,-257000
2011/10/14,0,297000,-707000,-410000
2011/10/17,0,12000,-74000,-62000
2011/10/18,0,0,-1000,-1000
2011/10/19,0,24000,-79000,-55000
2011/10/20,0,1624000,-1892000,-268000
2011/10/21,0,469000,-343222,125778
2011/10/24,0,432000,-196000,236000
2011/10/25,0,584136,-468000,116136
2011/10/26,0,192000,-164000,28000
2011/10/27,0,439000,-567000,-128000
2011/10/28,0,225000,-442000,-217000
2011/10/31,0,164000,-480000,-316000
2011/11/01,0,308000,-289560,18440
2011/11/02,0,503000,-180000,323000
2011/11/03,0,132000,-208000,-76000
2011/11/04,0,233000,-598000,-365000
2011/11/07,0,680000,-137000,543000
2011/11/08,0,32000,-599000,-567000
2011/11/09,0,153000,-335000,-182000
2011/11/10,0,370000,-350000,20000
2011/11/11,0,336000,-89000,247000
2011/11/14,0,958000,-80000,878000
2011/11/15,0,254000,-207000,47000
2011/11/16,0,263000,-318000,-55000
2011/11/17,0,363000,-191000,172000
2011/11/18,0,264000,-120000,144000
2011/11/21,0,195000,-148000,47000
2011/11/22,0,516000,-667000,-151000
2011/11/23,0,139000,-291000,-152000
2011/11/24,0,88000,-80000,8000
2011/11/25,0,445000,-1282000,-837000
2011/11/28,0,220000,-398000,-178000
2011/11/29,0,487000,-66000,421000
2011/11/30,0,105000,-217000,-112000
2011/12/01,0,256000,-76000,180000
2011/12/02,0,137000,-146000,-9000
2011/12/05,0,171000,-363000,-192000
2011/12/06,0,200000,-114000,86000
2011/12/07,0,304000,-253000,51000
2011/12/08,0,304000,-183000,121000
2011/12/09,0,251000,-183000,68000
2011/12/12,0,157000,-91000,66000
2011/12/13,0,200000,-244000,-44000
2011/12/14,0,420000,-180000,240000
2011/12/15,0,379000,-225000,154000
2011/12/16,0,137000,-127000,10000
2011/12/19,0,164000,-191000,-27000
2011/12/20,0,339000,-314000,25000
2011/12/21,0,74000,-195000,-121000
2011/12/22,0,357000,-203000,154000
2011/12/23,0,294000,-64000,230000
2011/12/26,0,196000,-385000,-189000
2011/12/27,0,231000,-73000,158000
2011/12/28,0,109000,-182000,-73000
2011/12/29,0,156000,-37000,119000
2011/12/30,0,312000,-133000,179000
2012/01/02,0,34000,-434000,-400000
2012/01/03,0,471000,-23000,448000
2012/01/04,0,126000,-139000,-13000
2012/01/05,0,178000,-75737,102263
2012/01/06,0,606000,-168000,438000
2012/01/09,0,421000,-288000,133000
2012/01/10,0,147000,-132000,15000
2012/01/11,0,150000,-158000,-8000
2012/01/12,0,139000,-151000,-12000
2012/01/13,0,200000,-220000,-20000
2012/01/16,0,63000,-194000,-131000
2012/01/17,0,481000,-303000,178000
2012/01/18,0,557000,-241000,316000
2012/01/19,0,0,0,0
2012/01/20,0,0,0,0
2012/01/23,0,0,0,0
2012/01/24,0,0,0,0
2012/01/25,0,0,0,0
2012/01/26,0,0,0,0
2012/01/27,0,0,0,0
2012/01/30,0,55000,-61000,-6000
2012/01/31,0,396000,-792000,-396000
2012/02/01,0,400000,-369000,31000
2012/02/02,0,255000,-303000,-48000
2012/02/03,0,495000,-102000,393000
2012/02/06,0,82000,-72000,10000
2012/02/07,0,289000,-227000,62000
2012/02/08,0,863000,-376000,487000
2012/02/09,0,327000,-507000,-180000
2012/02/10,0,202000,-488000,-286000
2012/02/13,0,88000,-212000,-124000
2012/02/14,0,543000,-293000,250000
2012/02/15,0,455000,-428000,27000
2012/02/16,0,204000,-523299,-319299
2012/02/17,0,668000,-979000,-311000
2012/02/20,0,259000,-430000,-171000
2012/02/21,0,94000,-206000,-112000
2012/02/22,0,394000,-247000,147000
2012/02/23,0,355000,-384000,-29000
2012/02/24,0,294000,-256000,38000
2012/02/27,0,0,0,0
2012/02/28,0,0,0,0
2012/02/29,0,1096000,-281000,815000
2012/03/01,0,429006,-757000,-327994
2012/03/02,0,277000,-714000,-437000
2012/03/05,0,246000,-442000,-196000
2012/03/06,0,816000,-448636,367364
2012/03/07,0,569000,-354000,215000
2012/03/08,0,337000,-535000,-198000
2012/03/09,0,116000,-845000,-729000
2012/03/12,0,336000,-414239,-78239
2012/03/13,0,372000,-189000,183000
2012/03/14,0,444000,-277000,167000
2012/03/15,0,411000,-111000,300000
2012/03/16,0,241000,-202000,39000
2012/03/19,0,663000,-451000,212000
2012/03/20,0,531000,-185000,346000
2012/03/21,0,465000,-867000,-402000
2012/03/22,0,383000,-417000,-34000
2012/03/23,0,157000,-81000,76000
2012/03/26,0,263000,-273000,-10000
2012/03/27,0,265000,-193000,72000
2012/03/28,0,130000,-224000,-94000
2012/03/29,0,335000,-255835,79165
2012/03/30,0,152000,-236000,-84000
2012/04/02,0,263000,-357000,-94000
2012/04/03,0,756000,-643000,113000
2012/04/04,0,0,0,0
2012/04/05,0,581000,-403000,178000
2012/04/06,0,347000,-769000,-422000
2012/04/09,0,246000,-184000,62000
2012/04/10,0,114000,-524000,-410000
2012/04/11,0,117000,-213000,-96000
2012/04/12,0,458000,-261000,197000
2012/04/13,0,128000,-463000,-335000
2012/04/16,0,52000,-126000,-74000
2012/04/17,0,326000,-442000,-116000
2012/04/18,0,541000,-323000,218000
2012/04/19,0,432000,-270000,162000
2012/04/20,0,1128000,-580000,548000
2012/04/23,0,316000,-207000,109000
2012/04/24,0,292000,-477000,-185000
2012/04/25,0,446000,-360000,86000
2012/04/26,0,103000,-336000,-233000
2012/04/27,0,218000,-449000,-231000
2012/04/30,0,453000,-145003,307997
2012/05/01,0,0,0,0
2012/05/02,0,402000,-428000,-26000
2012/05/03,0,274000,-202000,72000
2012/05/04,0,531000,-186000,345000
2012/05/07,0,460000,-278000,182000
2012/05/08,0,177000,-127700,49300
2012/05/09,0,391000,-195678,195322
2012/05/10,0,270000,-327000,-57000
2012/05/11,0,352000,-419000,-67000
2012/05/14,0,126000,-149000,-23000
2012/05/15,0,1063000,-246000,817000
2012/05/16,0,486000,-419000,67000
2012/05/17,0,369000,-499000,-130000
2012/05/18,0,757000,-678000,79000
2012/05/21,0,330000,-374000,-44000
2012/05/22,0,334000,-423000,-89000
2012/05/23,0,379000,-216000,163000
2012/05/24,0,148000,-397000,-249000
2012/05/25,0,241000,-251000,-10000
2012/05/28,0,275000,-255000,20000
2012/05/29,0,352000,-393000,-41000
2012/05/30,0,230000,-224000,6000
2012/05/31,0,285000,-119000,166000
2012/06/01,0,423000,-489000,-66000
2012/06/04,0,482000,-325340,156660
2012/06/05,0,91000,-490000,-399000
2012/06/06,0,158000,-366000,-208000
2012/06/07,0,192000,-181000,11000
2012/06/08,0,73000,-88000,-15000
2012/06/11,0,278000,-207000,71000
2012/06/12,0,118000,-111000,7000
2012/06/13,0,117000,-136000,-19000
2012/06/14,0,202000,-98000,104000
2012/06/15,0,804000,-355000,449000
2012/06/18,0,661000,-219000,442000
2012/06/19,0,135000,-224000,-89000
2012/06/20,0,569000,-343000,226000
2012/06/21,0,170000,-280000,-110000
2012/06/22,0,237000,-143000,94000
2012/06/25,0,406000,-129000,277000
2012/06/26,0,320000,-249000,71000
2012/06/27,0,93000,-341000,-248000
2012/06/28,0,251000,-134000,117000
2012/06/29,0,289000,-249000,40000
2012/07/02,0,245000,-251000,-6000
2012/07/03,0,144000,-586000,-442000
2012/07/04,0,433000,-199000,234000
2012/07/05,0,304000,-208000,96000
2012/07/06,0,683000,-537000,146000
2012/07/09,0,649000,-301000,348000
2012/07/10,0,678000,-279000,399000
2012/07/11,0,744000,-254000,490000
2012/07/12,0,291000,-188000,103000
2012/07/13,0,137000,-310000,-173000
2012/07/16,0,533000,-365903,167097
2012/07/17,0,584000,-529000,55000
2012/07/18,0,287000,-194000,93000
2012/07/19,0,632000,-506000,126000
2012/07/20,0,195000,-82000,113000
2012/07/23,0,762000,-512000,250000
2012/07/24,0,509000,-646000,-137000
2012/07/25,0,286000,-441000,-155000
2012/07/26,0,105000,-147000,-42000
2012/07/27,0,662000,-449000,213000
2012/07/30,0,569000,-301000,268000
2012/07/31,0,50000,-8993,41007
2012/08/01,0,1316000,-965000,351000
2012/08/02,0,0,0,0
2012/08/03,0,228000,-584000,-356000
2012/08/06,0,418000,-545000,-127000
2012/08/07,0,119000,-73000,46000
2012/08/08,0,494000,-142000,352000
2012/08/09,0,602000,-516000,86000
2012/08/10,0,706000,-479000,227000
2012/08/13,0,1382000,-710000,672000
2012/08/14,0,347000,-128000,219000
2012/08/15,0,120000,-443000,-323000
2012/08/16,0,311000,-287000,24000
2012/08/17,0,329000,-296997,32003
2012/08/20,0,53000,-462000,-409000
2012/08/21,0,162000,-278000,-116000
2012/08/22,0,187000,-142000,45000
2012/08/23,0,25000,-1122000,-1097000
2012/08/24,0,945000,-227000,718000
2012/08/27,0,503000,-239000,264000
2012/08/28,0,260000,-190000,70000
2012/08/29,0,1402000,-71000,1331000
2012/08/30,0,413000,-1505000,-1092000
2012/08/31,0,81000,-275000,-194000
2012/09/03,0,191000,-479000,-288000
2012/09/04,0,652000,-380362,271638
2012/09/05,0,221000,-292997,-71997
2012/09/06,0,335000,-1311000,-976000
2012/09/07,0,354000,-458000,-104000
2012/09/10,0,215000,-293000,-78000
2012/09/11,0,69000,-213000,-144000
2012/09/12,0,595000,-186000,409000
2012/09/13,0,394000,-124000,270000
2012/09/14,0,702000,-398000,304000
2012/09/17,0,1082000,-288000,794000
2012/09/18,0,539000,-141000,398000
2012/09/19,0,225000,-512000,-287000
2012/09/20,0,303000,-265000,38000
2012/09/21,0,220000,-291000,-71000
2012/09/24,0,117000,-198000,-81000
2012/09/25,0,464000,-1458000,-994000
2012/09/26,0,251000,-71000,180000
2012/09/27,0,283000,-674000,-391000
2012/09/28,0,117000,-117000,0
2012/10/01,0,255000,-67000,188000
2012/10/02,0,457000,-137000,320000
2012/10/03,0,106000,-48000,58000
2012/10/04,0,162000,-234000,-72000
2012/10/05,0,55000,-433000,-378000
2012/10/08,0,80000,-312000,-232000
2012/10/09,0,324000,-1244576,-920576
2012/10/10,0,0,0,0
2012/10/11,0,362000,-257000,105000
2012/10/12,0,68000,-215000,-147000
2012/10/15,0,146000,-93000,53000
2012/10/16,0,140000,-108000,32000
2012/10/17,0,534000,-224000,310000
2012/10/18,0,79000,-198000,-119000
2012/10/19,0,99000,-34000,65000
2012/10/22,0,438000,-84000,354000
2012/10/23,0,197000,-246000,-49000
2012/10/24,0,163000,-218000,-55000
2012/10/25,0,115000,-246000,-131000
2012/10/26,0,134000,-462000,-328000
2012/10/29,0,167000,-823000,-656000
2012/10/30,0,296000,-20000,276000
2012/10/31,0,1087000,-273000,814000
2012/11/01,0,357000,-259000,98000
2012/11/02,0,106000,-617000,-511000
2012/11/05,0,89000,-140000,-51000
2012/11/06,0,365000,-335000,30000
2012/11/07,0,377000,-77000,300000
2012/11/08,0,347000,-162000,185000
2012/11/09,0,651000,-506000,145000
2012/11/12,0,360000,-396000,-36000
2012/11/13,0,95000,-284000,-189000
2012/11/14,0,553000,-208000,345000
2012/11/15,0,311000,-244000,67000
2012/11/16,0,1739000,-271000,1468000
2012/11/19,0,320000,-817000,-497000
2012/11/20,0,216000,-394991,-178991
2012/11/21,0,383000,-638000,-255000
2012/11/22,0,174000,-251000,-77000
2012/11/23,0,737000,-120000,617000
2012/11/26,0,474000,-317000,157000
2012/11/27,0,483000,-272500,210500
2012/11/28,0,379000,-272000,107000
2012/11/29,0,1496000,-299000,1197000
2012/11/30,0,421000,-630000,-209000
2012/12/03,0,329000,-402000,-73000
2012/12/04,0,711000,-114000,597000
2012/12/05,0,339000,-208000,131000
2012/12/06,0,247000,-1739914,-1492914
2012/12/07,0,140000,-747000,-607000
2012/12/10,0,133000,-93000,40000
2012/12/11,0,234000,-356000,-122000
2012/12/12,0,630998,-257000,373998
2012/12/13,0,111000,-352000,-241000
2012/12/14,0,209000,-394000,-185000
2012/12/17,0,364000,-582000,-218000
2012/12/18,0,250000,-391000,-141000
2012/12/19,0,400000,-169130,230870
2012/12/20,0,197000,-207000,-10000
2012/12/21,0,245000,-237000,8000
2012/12/24,0,76000,-87000,-11000
2012/12/25,0,296000,-56000,240000
2012/12/26,0,78000,-194000,-116000
2012/12/27,0,958002,-677000,281002
2012/12/28,0,59000,-554000,-495000
2012/12/31,0,0,0,0
2013/01/01,0,0,0,0
2013/01/02,0,340000,-190000,150000
2013/01/03,0,1594000,-386000,1208000
2013/01/04,0,1251000,-807000,444000
2013/01/07,0,1546000,-1261678,284322
2013/01/08,0,379000,-720990,-341990
2013/01/09,0,571000,-828000,-257000
2013/01/10,0,346000,-2212001,-1866001
2013/01/11,0,247000,-293000,-46000
2013/01/14,0,585000,-469000,116000
2013/01/15,0,872000,-663000,209000
2013/01/16,0,552000,-470000,82000
2013/01/17,0,636000,-643000,-7000
2013/01/18,0,354000,-234000,120000
2013/01/21,0,118000,-124000,-6000
2013/01/22,0,218000,-156000,62000
2013/01/23,0,102000,-369000,-267000
2013/01/24,0,514000,-687000,-173000
2013/01/25,0,233000,-162000,71000
2013/01/28,0,144000,-47000,97000
2013/01/29,0,780000,-547000,233000
2013/01/30,0,285000,-486000,-201000
2013/01/31,0,57000,-368000,-311000
2013/02/01,0,293000,-190093,102907
2013/02/04,0,254000,-184000,70000
2013/02/05,0,197952,-429000,-231048
2013/02/06,0,866000,-266000,600000
2013/02/07,0,0,0,0
2013/02/08,0,0,0,0
2013/02/11,0,0,0,0
2013/02/12,0,0,0,0
2013/02/13,0,0,0,0
2013/02/14,0,0,0,0
2013/02/15,0,0,0,0
2013/02/18,0,53000,-309000,-256000
2013/02/19,0,164000,-175000,-11000
2013/02/20,0,755000,-809744,-54744
2013/02/21,0,231000,-548000,-317000
2013/02/22,0,714000,-332000,382000
2013/02/25,0,247000,-55000,192000
2013/02/26,0,210000,-211203,-1203
2013/02/27,0,38000,-161000,-123000
2013/02/28,0,0,0,0
2013/03/01,0,79000,-159000,-80000
2013/03/04,0,36000,-160000,-124000
2013/03/05,0,116000,-158000,-42000
2013/03/06,0,387000,-901000,-514000
2013/03/07,0,357000,-282000,75000
2013/03/08,0,72000,-96000,-24000
2013/03/11,0,232000,-309332,-77332
2013/03/12,0,156000,-334000,-178000
2013/03/13,0,54000,-141214,-87214
2013/03/14,0,225999,-75000,150999
2013/03/15,0,484000,-84000,400000
2013/03/18,0,215000,-349000,-134000
2013/03/19,0,203000,-77994,125006
2013/03/20,0,1131278,-308000,823278
2013/03/21,0,314000,-159000,155000
2013/03/22,0,176000,-20129,155871
2013/03/25,0,176000,-64000,112000
2013/03/26,0,776000,-71000,705000
2013/03/27,0,379000,-190000,189000
2013/03/28,0,1031000,-537000,494000
2013/03/29,0,307000,-656000,-349000
2013/04/01,0,2142000,-1224993,917007
2013/04/02,0,274000,-453995,-179995
2013/04/03,0,973000,-482000,491000
2013/04/04,0,0,0,0
2013/04/05,0,0,0,0
2013/04/08,0,991984,-318000,673984
2013/04/09,0,308000,-534689,-226689
2013/04/10,0,243000,-320000,-77000
2013/04/11,0,460871,-803000,-342129
2013/04/12,0,804000,-1135000,-331000
2013/04/15,0,167997,-455000,-287003
2013/04/16,0,1191536,-288000,903536
2013/04/17,0,348000,-448000,-100000
2013/04/18,0,942000,-232000,710000
2013/04/19,0,1005999,-1671000,-665001
2013/04/22,0,481000,-505000,-24000
2013/04/23,0,709000,-508000,201000
2013/04/24,0,901000,-569000,332000
2013/04/25,0,583000,-498000,85000
2013/04/26,0,356000,-692000,-336000
2013/04/29,0,480000,-208000,272000
2013/04/30,0,1165000,-538000,627000
2013/05/01,0,0,0,0
2013/05/02,0,513000,-729000,-216000
2013/05/03,0,524000,-637000,-113000
2013/05/06,0,4126500,-783994,3342506
2013/05/07,0,865000,-3062000,-2197000
2013/05/08,0,704017,-991000,-286983
2013/05/09,0,427227,-824000,-396773
2013/05/10,0,708000,-655000,53000
2013/05/13,0,405000,-861000,-456000
2013/05/14,0,119000,-803000,-684000
2013/05/15,0,329000,-503000,-174000
2013/05/16,0,168000,-584000,-416000
2013/05/17,0,1065000,-610000,455000
2013/05/20,0,497000,-548000,-51000
2013/05/21,0,523000,-638000,-115000
2013/05/22,0,274000,-780000,-506000
2013/05/23,0,202998,-630000,-427002
2013/05/24,0,322000,-371000,-49000
2013/05/27,0,693000,-386000,307000
2013/05/28,0,395000,-366000,29000
2013/05/29,0,831000,-562000,269000
2013/05/30,0,461000,-1083006,-622006
2013/05/31,0,202000,-693000,-491000
2013/06/03,0,264000,-441992,-177992
2013/06/04,0,185000,-253000,-68000
2013/06/05,0,176000,-628081,-452081
2013/06/06,0,328000,-473000,-145000
2013/06/07,0,252000,-688000,-436000
2013/06/10,0,296000,-207000,89000
2013/06/11,0,150000,-127000,23000
2013/06/12,0,0,0,0
2013/06/13,0,81973,-126000,-44027
2013/06/14,0,383165,-287000,96165
2013/06/17,0,127000,-64000,63000
2013/06/18,0,334000,-110000,224000
2013/06/19,0,168000,-206000,-38000
2013/06/20,0,143000,-435000,-292000
2013/06/21,0,260000,-414000,-154000
2013/06/24,0,84000,-211342,-127342
2013/06/25,0,303000,-1153000,-850000
2013/06/26,0,586000,-187000,399000
2013/06/27,0,191000,-137000,54000
2013/06/28,0,124008,-120000,4008
2013/07/01,0,321999,-59000,262999
2013/07/02,0,112000,-275000,-163000
2013/07/03,0,150000,-827000,-677000
2013/07/04,0,466000,-328000,138000
2013/07/05,0,1131000,-150000,981000
2013/07/08,0,86000,-990987,-904987
2013/07/09,0,372000,-101000,271000
2013/07/10,0,196000,-188991,7009
2013/07/11,0,576000,-99000,477000
2013/07/12,0,239000,-201000,38000
2013/07/15,0,81000,-205673,-124673
2013/07/16,0,119000,-85000,34000
2013/07/17,0,91000,-128000,-37000
2013/07/18,0,259000,-334000,-75000
2013/07/19,0,230000,-782000,-552000
2013/07/22,0,725000,-168993,556007
2013/07/23,0,277000,-125997,151003
2013/07/24,0,46000,-218000,-172000
2013/07/25,0,216000,-64000,152000
2013/07/26,0,168000,-112000,56000
2013/07/29,0,39000,-306000,-267000
2013/07/30,0,128000,-183000,-55000
2013/07/31,0,239000,-505997,-266997
2013/08/01,0,961000,-88000,873000
2013/08/02,0,243000,-296685,-53685
2013/08/05,0,378000,-47000,331000
2013/08/06,0,563000,-183000,380000
2013/08/07,0,53000,-237555,-184555
2013/08/08,0,65000,-218000,-153000
2013/08/09,0,105000,-96995,8005
2013/08/12,0,132000,-86921,45079
2013/08/13,0,140000,-181000,-41000
2013/08/14,0,27000,-245000,-218000
2013/08/15,0,101000,-170000,-69000
2013/08/16,0,103000,-47000,56000
2013/08/19,0,20000,-84000,-64000
2013/08/20,0,94000,-486000,-392000
2013/08/21,0,0,0,0
2013/08/22,0,586000,-308000,278000
2013/08/23,0,56000,-146954,-90954
2013/08/26,0,122000,-91000,31000
2013/08/27,0,126000,-61000,65000
2013/08/28,0,1308000,-20000,1288000
2013/08/29,0,153000,-1114000,-961000
2013/08/30,0,128000,-340000,-212000
2013/09/02,0,121000,-97000,24000
2013/09/03,0,2205000,-117000,2088000
2013/09/04,0,58000,-1084000,-1026000
2013/09/05,0,129103,-122000,7103
2013/09/06,0,26000,-511475,-485475
2013/09/09,0,69000,-353000,-284000
2013/09/10,0,246000,-187000,59000
2013/09/11,0,127000,-252000,-125000
2013/09/12,0,437000,-49000,388000
2013/09/13,0,53000,-252000,-199000
2013/09/16,0,183000,-21000,162000
2013/09/17,0,81000,-275000,-194000
2013/09/18,0,783000,-512000,271000
2013/09/19,0,0,0,0
2013/09/20,0,0,0,0
2013/09/23,0,566000,-531000,35000
2013/09/24,0,169000,-558000,-389000
2013/09/25,0,109000,-576000,-467000
2013/09/26,0,309000,-281000,28000
2013/09/27,0,290000,-205000,85000
2013/09/30,0,148000,-72000,76000
2013/10/01,0,1113000,-514000,599000
2013/10/02,0,178000,-311000,-133000
2013/10/03,0,966000,-460000,506000
2013/10/04,0,257000,-554000,-297000
2013/10/07,0,179000,-888000,-709000
2013/10/08,0,144000,-203000,-59000
2013/10/09,0,87000,-155000,-68000
2013/10/10,0,0,0,0
2013/10/11,0,96000,-377000,-281000
2013/10/14,0,381114,-282000,99114
2013/10/15,0,161054,-344000,-182946
2013/10/16,0,264000,-159000,105000
2013/10/17,0,422000,-236000,186000
2013/10/18,0,110626,-122000,-11374
2013/10/21,0,1134000,-262000,872000
2013/10/22,0,177000,-437000,-260000
2013/10/23,0,204000,-337040,-133040
2013/10/24,0,967000,-270229,696771
2013/10/25,0,303000,-797000,-494000
2013/10/28,0,191000,-217000,-26000
2013/10/29,0,307000,-127000,180000
2013/10/30,0,269000,-434000,-165000
2013/10/31,0,82000,-284000,-202000
2013/11/01,0,306998,-266000,40998
2013/11/04,0,1191000,-342000,849000
2013/11/05,0,249000,-1157000,-908000
2013/11/06,0,281000,-722000,-441000
2013/11/07,0,217000,-473000,-256000
2013/11/08,0,298000,-578000,-280000
2013/11/11,0,220000,-378000,-158000
2013/11/12,0,161000,-161000,0
2013/11/13,0,162000,-62000,100000
2013/11/14,0,243000,-122000,121000
2013/11/15,0,164000,-283000,-119000
2013/11/18,0,50000,-127000,-77000
2013/11/19,0,325000,-79000,246000
2013/11/20,0,985000,-166000,819000
2013/11/21,0,185000,-883000,-698000
2013/11/22,0,101000,-322000,-221000
2013/11/25,0,431000,-107000,324000
2013/11/26,0,194000,-95000,99000
2013/11/27,0,238000,-192000,46000
2013/11/28,0,364000,-56000,308000
2013/11/29,0,613000,-256000,357000
2013/12/02,0,220000,-173000,47000
2013/12/03,0,326000,-105000,221000
2013/12/04,0,488000,-508000,-20000
2013/12/05,0,184000,-153000,31000
2013/12/06,0,1122000,-729000,393000
2013/12/09,0,386000,-1261000,-875000
2013/12/10,0,305000,-708000,-403000
2013/12/11,0,363000,-834880,-471880
2013/12/12,0,258763,-644000,-385237
2013/12/13,0,432000,-331000,101000
2013/12/16,0,314000,-41000,273000
2013/12/17,0,219000,-157000,62000
2013/12/18,0,887000,-353000,534000
2013/12/19,0,442000,-700999,-258999
2013/12/20,0,872000,-488000,384000
2013/12/23,0,808000,-269000,539000
2013/12/24,0,98000,-415000,-317000
2013/12/25,0,550000,-230000,320000
2013/12/26,0,337000,-152000,185000
2013/12/27,0,257000,-169000,88000
2013/12/30,0,416000,-490000,-74000
2013/12/31,0,219000,-743000,-524000
2014/01/02,0,324000,-227000,97000
2014/01/03,0,275000,-138000,137000
2014/01/06,0,181000,-789000,-608000
2014/01/07,0,175000,-203000,-28000
2014/01/08,0,79000,-317000,-238000
2014/01/09,0,927000,-818000,109000
2014/01/10,0,386000,-627000,-241000
2014/01/13,0,158000,-561000,-403000
2014/01/14,0,327000,-350000,-23000
2014/01/15,0,312000,-599000,-287000
2014/01/16,0,492000,-168000,324000
2014/01/17,0,30000,-284000,-254000
2014/01/20,0,466000,-648000,-182000
2014/01/21,0,616000,-442000,174000
2014/01/22,0,842000,-201000,641000
2014/01/23,0,538000,-430000,108000
2014/01/24,0,256000,-273000,-17000
2014/01/27,0,216327,-107000,109327
2014/02/05,0,695000,-532000,163000
2014/02/06,0,1289000,-410000,879000
2014/02/07,0,901000,-1512000,-611000
2014/02/10,0,270000,-775000,-505000
2014/02/11,0,866000,-420000,446000
2014/02/12,0,608000,-779000,-171000
2014/02/13,0,443193,-446000,-2807
2014/02/14,0,1379000,-587000,792000
2014/02/17,0,968000,-246000,722000
2014/02/18,0,261000,-410000,-149000
2014/02/19,0,62000,-588000,-526000
2014/02/20,0,639433,-480000,159433
2014/02/21,0,521000,-533000,-12000
2014/02/24,0,173000,-920000,-747000
2014/02/25,0,238582,-300066,-61484
2014/02/26,0,1750000,-794000,956000
2014/02/27,0,180000,-1270000,-1090000
2014/03/03,0,291000,-324000,-33000
2014/03/04,0,358000,-357000,1000
2014/03/05,0,214000,-415000,-201000
2014/03/06,0,938000,-213000,725000
2014/03/07,0,401000,-726000,-325000
2014/03/10,0,362000,-419000,-57000
2014/03/11,0,356000,-240000,116000
2014/03/12,0,132000,-36000,96000
2014/03/13,0,115000,-468000,-353000
2014/03/14,0,166000,-550000,-384000
2014/03/17,0,286000,-221000,65000
2014/03/18,0,241020,-140000,101020
2014/03/19,0,559000,-778928,-219928
2014/03/20,0,201000,-450000,-249000
2014/03/21,0,151000,-373828,-222828
2014/03/24,0,387000,-186000,201000
2014/03/25,0,317000,-325000,-8000
2014/03/26,0,53000,-464000,-411000
2014/03/27,0,342000,-112000,230000
2014/03/28,0,151000,-357000,-206000
2014/03/31,0,323000,-117000,206000
2014/04/01,0,229000,-193000,36000
2014/04/02,0,1168000,-432000,736000
2014/04/03,0,361000,-920000,-559000
2014/04/07,0,449000,-557000,-108000
2014/04/08,0,123000,-207000,-84000
2014/04/09,0,145000,-205000,-60000
2014/04/10,0,99000,-433000,-334000
2014/04/11,0,200000,-248000,-48000
2014/04/14,0,705000,-179000,526000
2014/04/15,0,85000,-824000,-739000
2014/04/16,0,1234000,-635000,599000
2014/04/17,0,1421370,-1115000,306370
2014/04/18,0,261000,-627000,-366000
2014/04/21,0,1151000,-104000,1047000
2014/04/22,0,845899,-1160000,-314101
2014/04/23,0,483000,-863000,-380000
2014/04/24,0,769000,-570000,199000
2014/04/25,0,411000,-825000,-414000
2014/04/28,0,1361273,-363000,998273
2014/04/29,0,2527992,-991000,1536992
2014/04/30,0,992000,-2365000,-1373000
2014/05/02,0,587000,-260000,327000
2014/05/05,0,1134173,-853000,281173
2014/05/06,0,673000,-1134000,-461000
2014/05/07,0,741000,-769710,-28710
2014/05/08,0,444000,-432000,12000
2014/05/09,0,389000,-212000,177000
2014/05/12,0,324000,-289000,35000
2014/05/13,0,1078000,-747000,331000
2014/05/14,0,297804,-315000,-17196
2014/05/15,0,279000,-284000,-5000
2014/05/16,0,315000,-581000,-266000
2014/05/19,0,1078000,-389000,689000
2014/05/20,0,271369,-825000,-553631
2014/05/21,0,194000,-399000,-205000
2014/05/22,0,728000,-898000,-170000
2014/05/23,0,1523000,-743000,780000
2014/05/26,0,587000,-952000,-365000
2014/05/27,0,390000,-390000,0
2014/05/28,0,506000,-403628,102372
2014/05/29,0,421000,-343033,77967
2014/05/30,0,678000,-440000,238000
2014/06/03,0,819000,-444000,375000
2014/06/04,0,254000,-1146000,-892000
2014/06/05,0,390000,-741000,-351000
2014/06/06,0,316000,-980000,-664000
2014/06/09,0,272000,-60000,212000
2014/06/10,0,919000,-221000,698000
2014/06/11,0,399000,-763000,-364000
2014/06/12,0,249000,-434000,-185000
2014/06/13,0,557000,-515000,42000
2014/06/16,0,151000,-186000,-35000
2014/06/17,0,960000,-248000,712000
2014/06/18,0,567000,-905000,-338000
2014/06/19,0,990000,-401000,589000
2014/06/20,0,234435,-287000,-52565
2014/06/23,0,487000,-998000,-511000
2014/06/24,0,1546000,-2216000,-670000
2014/06/25,0,1461000,-544000,917000
2014/06/26,0,274000,-491000,-217000
2014/06/27,0,261000,-399846,-138846
2014/06/30,0,588000,-346000,242000
2014/07/01,0,404000,-601000,-197000
2014/07/02,0,713000,-668000,45000
2014/07/03,0,407000,-204000,203000
2014/07/04,0,555000,-791000,-236000
2014/07/07,0,830998,-606000,224998
2014/07/08,0,178000,-350000,-172000
2014/07/09,0,211000,-729000,-518000
2014/07/10,0,526092,-429000,97092
2014/07/11,0,414000,-740000,-326000
2014/07/14,0,235000,-334000,-99000
2014/07/15,0,369000,-319000,50000
2014/07/16,0,181000,-659000,-478000
2014/07/17,0,340000,-733000,-393000
2014/07/18,0,1312000,-569000,743000
2014/07/21,0,856000,-871000,-15000
2014/07/22,0,307000,-274000,33000
2014/07/23,0,0,0,0
2014/07/24,0,1402000,-699000,703000
2014/07/25,0,253000,-1303000,-1050000
2014/07/28,0,1118000,-1117940,60
2014/07/29,0,758000,-1256000,-498000
2014/07/30,0,1016000,-1064980,-48980
2014/07/31,0,356000,-1223000,-867000
2014/08/01,0,742000,-314577,427423
2014/08/04,0,311000,-582000,-271000
2014/08/05,0,373000,-787778,-414778
2014/08/06,0,848000,-606000,242000
2014/08/07,0,174000,-564652,-390652
2014/08/08,0,732000,-398000,334000
2014/08/11,0,812000,-444000,368000
2014/08/12,0,3094985,-2532000,562985
2014/08/13,0,697000,-996000,-299000
2014/08/14,0,587000,-661000,-74000
2014/08/15,0,318000,-451000,-133000
2014/08/18,0,276000,-373750,-97750
2014/08/19,0,1576000,-826000,750000
2014/08/20,0,190000,-931000,-741000
2014/08/21,0,349000,-535000,-186000
2014/08/22,0,506000,-177636,328364
2014/08/25,0,206000,-109000,97000
2014/08/26,0,1467000,-612000,855000
2014/08/27,0,866000,-669000,197000
2014/08/28,0,339000,-806000,-467000
2014/08/29,0,556000,-578000,-22000
2014/09/01,0,238000,-118000,120000
2014/09/02,0,361000,-933000,-572000
2014/09/03,0,1152000,-312000,840000
2014/09/04,0,333000,-622000,-289000
2014/09/05,0,338000,-532000,-194000
2014/09/09,0,286000,-621000,-335000
2014/09/10,0,1144000,-327000,817000
2014/09/11,0,183000,-878000,-695000
2014/09/12,0,1346000,-1153000,193000
2014/09/15,0,343000,-425000,-82000
2014/09/16,0,955000,-172000,783000
2014/09/17,0,617000,-956000,-339000
2014/09/18,0,225000,-282000,-57000
2014/09/19,0,822000,-331490,490510
2014/09/22,0,401000,-976000,-575000
2014/09/23,0,345000,-486235,-141235
2014/09/24,0,469000,-446000,23000
2014/09/25,0,799000,-1750000,-951000
2014/09/26,0,1105000,-858000,247000
2014/09/29,0,953000,-489000,464000
2014/09/30,0,999998,-1050000,-50002
2014/10/01,0,784000,-641995,142005
2014/10/02,0,793000,-520000,273000
2014/10/03,0,1006000,-598000,408000
2014/10/06,0,382000,-938000,-556000
2014/10/07,0,72000,-835000,-763000
2014/10/08,0,102000,-196000,-94000
2014/10/09,0,312000,-896000,-584000
2014/10/13,0,305000,-677998,-372998
2014/10/14,0,261000,-305000,-44000
2014/10/15,0,754000,-1272000,-518000
2014/10/16,0,1128000,-407090,720910
2014/10/17,0,426000,-1722000,-1296000
2014/10/20,0,1031000,-668000,363000
2014/10/21,0,280000,-503398,-223398
2014/10/22,0,808000,-591000,217000
2014/10/23,0,219000,-687000,-468000
2014/10/24,0,473000,-515000,-42000
2014/10/27,0,350000,-570000,-220000
2014/10/28,0,1273000,-431654,841346
2014/10/29,0,1360000,-761000,599000
2014/10/30,0,587000,-614000,-27000
2014/10/31,0,419000,-459000,-40000
2014/11/03,0,400000,-420000,-20000
2014/11/04,0,1004000,-151000,853000
2014/11/05,0,379000,-566418,-187418
2014/11/06,0,620000,-145000,475000
2014/11/07,0,631000,-1222000,-591000
2014/11/10,0,338000,-408000,-70000
2014/11/11,0,434000,-1265000,-831000
2014/11/12,0,925000,-824000,101000
2014/11/13,0,2536000,-694000,1842000
2014/11/14,0,930000,-907000,23000
2014/11/17,0,604000,-510000,94000
2014/11/18,0,28000,-1626000,-1598000
2014/11/19,0,363000,-456000,-93000
2014/11/20,0,1221000,-116000,1105000
2014/11/21,0,438000,-672000,-234000
2014/11/24,0,47000,-305000,-258000
2014/11/25,0,476000,-163014,312986
2014/11/26,0,729000,-443280,285720
2014/11/27,0,227000,-1250000,-1023000
2014/11/28,0,180000,-368000,-188000
2014/12/01,0,285000,-461000,-176000
2014/12/02,0,104000,-436000,-332000
2014/12/03,0,635000,-63000,572000
2014/12/04,0,110000,-150000,-40000
2014/12/05,0,567000,-92000,475000
2014/12/08,0,113000,-538000,-425000
2014/12/09,0,116000,-653000,-537000
2014/12/10,0,217000,-359000,-142000
2014/12/11,0,176000,-233000,-57000
2014/12/12,0,152000,-512000,-360000
2014/12/15,0,240000,-231000,9000
2014/12/16,0,459000,-1358000,-899000
2014/12/17,0,639000,-246000,393000
2014/12/18,0,205000,-618000,-413000
2014/12/19,0,1174000,-834000,340000
2014/12/22,0,967000,-163000,804000
2014/12/23,0,309000,-335000,-26000
2014/12/24,0,269000,-231000,38000
2014/12/25,0,67000,-171000,-104000
2014/12/26,0,35000,-137000,-102000
2014/12/29,0,59000,-52000,7000
2014/12/30,0,65000,-129000,-64000
2014/12/31,0,28000,-142000,-114000
2015/01/01,0,0,0,0
2015/01/02,0,0,0,0
2015/01/05,0,299000,-168000,131000
2015/01/06,0,79000,-455000,-376000
2015/01/07,0,121000,-60000,61000
2015/01/08,0,109000,-57000,52000
2015/01/09,0,121000,-234000,-113000
2015/01/12,0,52000,-115000,-63000
2015/01/13,0,405000,-38000,367000
2015/01/14,0,337000,-279000,58000
2015/01/15,0,89000,-346000,-257000
2015/01/16,0,66000,-230103,-164103
2015/01/19,0,98000,-172000,-74000
2015/01/20,0,945000,-178000,767000
2015/01/21,0,318000,-783000,-465000
2015/01/22,0,193000,-613000,-420000
2015/01/23,0,664000,-117000,547000
2015/01/26,0,94000,-349000,-255000
2015/01/27,0,193000,-148000,45000
2015/01/28,0,436000,-199000,237000
2015/01/29,0,164000,-317000,-153000
2015/01/30,0,148000,-282000,-134000
2015/02/02,0,109000,-206000,-97000
2015/02/03,0,1178000,-280000,898000
2015/02/04,0,87000,-825078,-738078
2015/02/05,0,86000,-106077,-20077
2015/02/06,0,292000,-194000,98000
2015/02/09,0,99000,-100000,-1000
2015/02/10,0,97000,-203000,-106000
2015/02/11,0,76000,-109000,-33000
2015/02/12,0,445000,-144000,301000
2015/02/13,0,196000,-623000,-427000
2015/02/16,0,0,0,0
2015/02/17,0,0,0,0
2015/02/18,0,0,0,0
2015/02/19,0,0,0,0
2015/02/20,0,0,0,0
2015/02/23,0,0,0,0
2015/02/24,0,246000,-167000,79000
2015/02/25,0,92000,-84052,7948
2015/02/26,0,186000,-225000,-39000
2015/02/27,0,0,0,0
2015/03/02,0,14000,-154000,-140000
2015/03/03,0,70000,-90188,-20188
2015/03/04,0,116000,-84000,32000
2015/03/05,0,649000,-107051,541949
2015/03/06,0,1365000,-563000,802000
2015/03/09,0,69000,-687689,-618689
2015/03/10,0,112000,-222000,-110000
2015/03/11,0,74000,-216000,-142000
2015/03/12,0,119000,-29000,90000
2015/03/13,0,176000,-344000,-168000
2015/03/16,0,127000,-108000,19000
2015/03/17,0,236000,-27052,208948
2015/03/18,0,576000,-144000,432000
2015/03/19,0,2058000,-413000,1645000
2015/03/20,0,179000,-689000,-510000
2015/03/23,0,548000,-1306000,-758000
2015/03/24,0,407999,-422000,-14001
2015/03/25,0,133000,-503000,-370000
2015/03/26,0,344000,-223000,121000
2015/03/27,0,447000,-468000,-21000
2015/03/30,0,128000,-361000,-233000
2015/03/31,0,440000,-306000,134000
2015/04/01,0,342000,-226000,116000
2015/04/02,0,335000,-401000,-66000
2015/04/03,0,0,0,0
2015/04/06,0,0,0,0
2015/04/07,0,451000,-356000,95000
2015/04/08,0,263000,-206000,57000
2015/04/09,0,290000,-145000,145000
2015/04/10,0,521000,-79000,442000
2015/04/13,0,128000,-227000,-99000
2015/04/14,0,506000,-144000,362000
2015/04/15,0,469000,-413343,55657
2015/04/16,0,468000,-76000,392000
2015/04/17,0,68000,-80000,-12000
2015/04/20,0,147998,-118000,29998
2015/04/21,0,837000,-554000,283000
2015/04/22,0,465000,-558000,-93000
2015/04/23,0,387000,-392000,-5000
2015/04/24,0,674000,-909000,-235000
2015/04/27,0,725000,-240000,485000
2015/04/28,0,812000,-342000,470000
2015/04/29,0,767000,-933000,-166000
2015/04/30,0,393000,-575000,-182000
2015/05/01,0,0,0,0
2015/05/04,0,142000,-283000,-141000
2015/05/05,0,342000,-180000,162000
2015/05/06,0,211000,-439000,-228000
2015/05/07,0,140000,-913000,-773000
2015/05/08,0,183000,-233000,-50000
2015/05/11,0,266000,-222000,44000
2015/05/12,0,141000,-229000,-88000
2015/05/13,0,152000,-104000,48000
2015/05/14,0,61000,-197000,-136000
2015/05/15,0,40000,-402000,-362000
2015/05/18,0,54000,-188000,-134000
2015/05/19,0,975000,-64000,911000
2015/05/20,0,178000,-384000,-206000
2015/05/21,0,45000,-565000,-520000
2015/05/22,0,500000,-338000,162000
2015/05/25,0,883000,-355000,528000
2015/05/26,0,794000,-787000,7000
2015/05/27,0,535000,-665000,-130000
2015/05/28,0,407000,-389000,18000
2015/05/29,0,253000,-246000,7000
2015/06/01,0,45000,-163000,-118000
2015/06/02,0,140000,-184000,-44000
2015/06/03,0,222000,-117000,105000
2015/06/04,0,156000,-694000,-538000
2015/06/05,0,342000,-387000,-45000
2015/06/08,0,252000,-296000,-44000
2015/06/09,0,207000,-232000,-25000
2015/06/10,0,1153000,-190000,963000
2015/06/11,0,114000,-753000,-639000
2015/06/12,0,101000,-181000,-80000
2015/06/15,0,73000,-219000,-146000
2015/06/16,0,33000,-53000,-20000
2015/06/17,0,139000,-175000,-36000
2015/06/18,0,65000,-251000,-186000
2015/06/19,0,0,0,0
2015/06/22,0,284000,-48000,236000
2015/06/23,0,1262000,-664000,598000
2015/06/24,0,174000,-729000,-555000
2015/06/25,0,242000,-314000,-72000
2015/06/26,0,41000,-264000,-223000
2015/06/29,0,67000,-71000,-4000
2015/06/30,0,179000,-106000,73000
2015/07/01,0,708000,-579000,129000
2015/07/02,0,38000,-345000,-307000
2015/07/03,0,180000,-135000,45000
2015/07/06,0,74000,-54000,20000
2015/07/07,0,220000,-367000,-147000
2015/07/08,0,264000,-957000,-693000
2015/07/09,0,626000,-175000,451000
2015/07/10,0,0,0,0
2015/07/13,0,504000,-324000,180000
2015/07/14,0,353000,-554000,-201000
2015/07/15,0,195000,-427000,-232000
2015/07/16,0,94000,-164000,-70000
2015/07/17,0,318000,-202000,116000
2015/07/20,0,528000,-124000,404000
2015/07/21,0,220000,-360000,-140000
2015/07/22,0,387000,-422000,-35000
2015/07/23,0,591000,-579000,12000
2015/07/24,0,166000,-315000,-149000
2015/07/27,0,250000,-500000,-250000
2015/07/28,0,366000,-148000,218000
2015/07/29,0,310000,-609000,-299000
2015/07/30,0,246000,-637000,-391000
2015/07/31,0,493000,-626000,-133000
2015/08/03,0,402000,-565000,-163000
2015/08/04,0,492000,-833000,-341000
2015/08/05,0,904000,-600000,304000
2015/08/06,0,468000,-765000,-297000
2015/08/07,0,523000,-287000,236000
2015/08/10,0,604000,-409000,195000
2015/08/11,0,254000,-543000,-289000
2015/08/12,0,132000,-190000,-58000
2015/08/13,0,418000,-139000,279000
2015/08/14,0,187000,-372000,-185000
2015/08/17,0,224000,-378000,-154000
2015/08/18,0,546000,-362000,184000
2015/08/19,0,1185000,-616000,569000
2015/08/20,0,398000,-928000,-530000
2015/08/21,0,358000,-619000,-261000
2015/08/24,0,513000,-659000,-146000
2015/08/25,0,872000,-525000,347000
2015/08/26,0,423000,-835000,-412000
2015/08/27,0,575000,-878000,-303000
2015/08/28,0,268000,-657000,-389000
2015/08/31,0,377000,-181000,196000
2015/09/01,0,96000,-329960,-233960
2015/09/02,0,232428,-266000,-33572
2015/09/03,0,141000,-358000,-217000
2015/09/04,0,222000,-573000,-351000
2015/09/07,0,325000,-168000,157000
2015/09/08,0,100000,-137000,-37000
2015/09/09,0,1399000,-351000,1048000
2015/09/10,0,180000,-433000,-253000
2015/09/11,0,255000,-275000,-20000
2015/09/14,0,414000,-158000,256000
2015/09/15,0,121000,-329000,-208000
2015/09/16,0,323000,-391000,-68000
2015/09/17,0,389000,-139000,250000
2015/09/18,0,146000,-180000,-34000
2015/09/21,0,176000,-282000,-106000
2015/09/22,0,368000,-218000,150000
2015/09/23,0,261000,-347000,-86000
2015/09/24,0,229000,-584000,-355000
2015/09/25,0,519000,-404000,115000
2015/09/28,0,0,0,0
2015/09/29,0,0,0,0
2015/09/30,0,514000,-457000,57000
2015/10/01,0,245000,-572000,-327000
2015/10/02,0,262000,-155000,107000
2015/10/05,0,281000,-185000,96000
2015/10/06,0,476000,-484000,-8000
2015/10/07,0,97000,-102000,-5000
2015/10/08,0,433000,-334000,99000
2015/10/09,0,0,0,0
2015/10/12,0,77000,-197000,-120000
2015/10/13,0,302000,-89000,213000
2015/10/14,0,106000,-147000,-41000
2015/10/15,0,245000,-160000,85000
2015/10/16,0,315000,-509000,-194000
2015/10/19,0,344000,-470000,-126000
2015/10/20,0,424000,-132000,292000
2015/10/21,0,570000,-198000,372000
2015/10/22,0,183000,-130000,53000
2015/10/23,0,446000,-150000,296000
2015/10/26,0,114000,-163000,-49000
2015/10/27,0,334000,-277000,57000
2015/10/28,0,182000,-173000,9000
2015/10/29,0,445000,-167000,278000
2015/10/30,0,423000,-436000,-13000
2015/11/02,0,447000,-136000,311000
2015/11/03,0,553000,-104000,449000
2015/11/04,0,537000,-334000,203000
2015/11/05,0,387000,-345000,42000
2015/11/06,0,289000,-330000,-41000
2015/11/09,0,368000,-1025000,-657000
2015/11/10,0,293000,-73000,220000
2015/11/11,0,146000,-387000,-241000
2015/11/12,0,455000,-586000,-131000
2015/11/13,0,389000,-234000,155000
2015/11/16,0,157000,-47000,110000
2015/11/17,0,214000,-299000,-85000
2015/11/18,0,64000,-275000,-211000
2015/11/19,0,384000,-209000,175000
2015/11/20,0,104000,-169000,-65000
2015/11/23,0,219000,-263000,-44000
2015/11/24,0,23000,-359000,-336000
2015/11/25,0,194000,-148000,46000
2015/11/26,0,198000,-138000,60000
2015/11/27,0,38000,-85000,-47000
2015/11/30,0,118000,-107000,11000
2015/12/01,0,263000,-63000,200000
2015/12/02,0,557000,-159000,398000
2015/12/03,0,156000,-282000,-126000
2015/12/04,0,66000,-211000,-145000
2015/12/07,0,178000,-171000,7000
2015/12/08,0,81000,-211000,-130000
2015/12/09,0,101000,-181000,-80000
2015/12/10,0,139000,-431000,-292000
2015/12/11,0,140000,-310000,-170000
2015/12/14,0,248000,-133000,115000
2015/12/15,0,133000,-508000,-375000
2015/12/16,0,545000,-218000,327000
2015/12/17,0,352000,-238000,114000
2015/12/18,0,150000,-205000,-55000
2015/12/21,0,210000,-123000,87000
2015/12/22,0,426000,-147000,279000
2015/12/23,0,70000,-283000,-213000
2015/12/24,0,8000,-167000,-159000
2015/12/25,0,83000,-48000,35000
2015/12/28,0,14000,-231000,-217000
2015/12/29,0,140000,-103000,37000
2015/12/30,0,70000,-119000,-49000
2015/12/31,0,30000,-37000,-7000
2016/01/01,0,0,0,0
2016/01/04,0,11000,-258000,-247000
2016/01/05,0,113000,-311000,-198000
2016/01/06,0,851000,-367000,484000
2016/01/07,0,2027000,-87000,1940000
2016/01/08,0,1027000,-316000,711000
2016/01/11,0,157000,-463000,-306000
2016/01/12,0,360000,-1222000,-862000
2016/01/13,0,1099000,-547000,552000
2016/01/14,0,209000,-732000,-523000
2016/01/15,0,321000,-1018000,-697000
2016/01/18,0,726000,-210000,516000
2016/01/19,0,1705000,-222000,1483000
2016/01/20,0,473000,-1992000,-1519000
2016/01/21,0,180000,-326000,-146000
2016/01/22,0,446000,-173000,273000
2016/01/25,0,952000,-469000,483000
2016/01/26,0,448000,-433000,15000
2016/01/27,0,196000,-149000,47000
2016/01/28,0,505000,-624000,-119000
2016/01/29,0,1362000,-668000,694000
2016/02/01,0,175000,-507000,-332000
2016/02/02,0,516000,-162000,354000
2016/02/03,0,146000,-705000,-559000
2016/02/04,0,0,0,0
2016/02/05,0,0,0,0
2016/02/08,0,0,0,0
2016/02/09,0,0,0,0
2016/02/10,0,0,0,0
2016/02/11,0,0,0,0
2016/02/12,0,0,0,0
2016/02/15,0,646000,-28000,618000
2016/02/16,0,694000,-619000,75000
2016/02/17,0,358000,-774000,-416000
2016/02/18,0,272000,-232000,40000
2016/02/19,0,177000,-330000,-153000
2016/02/22,0,113000,-109000,4000
2016/02/23,0,163000,-322000,-159000
2016/02/24,0,442000,-110000,332000
2016/02/25,0,155000,-308000,-153000
2016/02/26,0,101000,-312000,-211000
2016/02/29,0,0,0,0
2016/03/01,0,794000,-292000,502000
2016/03/02,0,197000,-891000,-694000
2016/03/03,0,205000,-241000,-36000
2016/03/04,0,190000,-179000,11000
2016/03/07,0,190000,-108000,82000
2016/03/08,0,169000,-446000,-277000
2016/03/09,0,552000,-23000,529000
2016/03/10,0,70000,-239000,-169000
2016/03/11,0,112000,-187000,-75000
2016/03/14,0,80000,-478000,-398000
2016/03/15,0,59000,-479000,-420000
2016/03/16,0,1092000,-115000,977000
2016/03/17,0,31000,-703000,-672000
2016/03/18,0,1097000,-353000,744000
2016/03/21,0,48000,-676000,-628000
2016/03/22,0,127000,-152000,-25000
2016/03/23,0,78000,-150000,-72000
2016/03/24,0,202000,-540000,-338000
2016/03/25,0,281000,-454000,-173000
2016/03/28,0,746000,-249000,497000
2016/03/29,0,195000,-197000,-2000
2016/03/30,0,1032000,-168000,864000
2016/03/31,0,251000,-891000,-640000
2016/04/01,0,51000,-273000,-222000
2016/04/04,0,0,0,0
2016/04/05,0,0,0,0
2016/04/06,0,325000,-368000,-43000
2016/04/07,0,330000,-660000,-330000
2016/04/08,0,45000,-411000,-366000
2016/04/11,0,226000,-49000,177000
2016/04/12,0,13000,-401000,-388000
2016/04/13,0,995000,-251000,744000
2016/04/14,0,28000,-907000,-879000
2016/04/15,0,208000,-34000,174000
2016/04/18,0,81000,-256000,-175000
2016/04/19,0,414000,-805000,-391000
2016/04/20,0,988000,-244000,744000
2016/04/21,0,161000,-828000,-667000
2016/04/22,0,111000,-723000,-612000
2016/04/25,0,384000,-110000,274000
2016/04/26,0,448000,-218000,230000
2016/04/27,0,147000,-215000,-68000
2016/04/28,0,172000,-292000,-120000
2016/04/29,0,89000,-80000,9000
2016/05/02,0,0,0,0
2016/05/03,0,247000,-248000,-1000
2016/05/04,0,163000,-141000,22000
2016/05/05,0,323000,-571000,-248000
2016/05/06,0,1125000,-291000,834000
2016/05/09,0,279000,-208000,71000
2016/05/10,0,657000,-246000,411000
2016/05/11,0,196000,-450000,-254000
2016/05/12,0,402000,-281000,121000
2016/05/13,0,387000,-890000,-503000
2016/05/16,0,416000,-80000,336000
2016/05/17,0,1216000,-465000,751000
2016/05/18,0,149000,-676000,-527000
2016/05/19,0,338000,-318000,20000
2016/05/20,0,371000,-447000,-76000
2016/05/23,0,1382000,-690000,692000
2016/05/24,0,112000,-620000,-508000
2016/05/25,0,456000,-437000,19000
2016/05/26,0,337000,-110000,227000
2016/05/27,0,287000,-239000,48000
2016/05/30,0,577000,-229000,348000
2016/05/31,0,556000,-395000,161000
2016/06/01,0,640000,-418000,222000
2016/06/02,0,268000,-455000,-187000
2016/06/03,0,491000,-137000,354000
2016/06/06,0,135000,-260000,-125000
2016/06/07,0,546000,-78000,468000
2016/06/08,0,189000,-519000,-330000
2016/06/09,0,0,0,0
2016/06/10,0,0,0,0
2016/06/13,0,64000,-158000,-94000
2016/06/14,0,463000,-49000,414000
2016/06/15,0,347000,-347000,0
2016/06/16,0,45000,-1305000,-1260000
2016/06/17,0,110000,-97000,13000
2016/06/20,0,205000,-22000,183000
2016/06/21,0,125000,-116000,9000
2016/06/22,0,232000,-111000,121000
2016/06/23,0,47000,-227000,-180000
2016/06/24,0,115000,-493000,-378000
2016/06/27,0,121000,-79000,42000
2016/06/28,0,437000,-90000,347000
2016/06/29,0,198000,-194000,4000
2016/06/30,0,194000,-272000,-78000
2016/07/01,0,102666,-269000,-166334
2016/07/04,0,93000,-23000,70000
2016/07/05,0,30000,-186000,-156000
2016/07/06,0,91000,-229000,-138000
2016/07/07,0,222000,-138000,84000
2016/07/08,0,0,0,0
2016/07/11,0,285000,-58000,227000
2016/07/12,0,1031000,-206000,825000
2016/07/13,0,296000,-606000,-310000
2016/07/14,0,86000,-206000,-120000
2016/07/15,0,1239000,-185000,1054000
2016/07/18,0,143000,-863000,-720000
2016/07/19,0,64000,-320000,-256000
2016/07/20,0,89000,-302000,-213000
2016/07/21,0,347000,-109000,238000
2016/07/22,0,20000,-275000,-255000
2016/07/25,0,58000,-133000,-75000
2016/07/26,0,220000,-29000,191000
2016/07/27,0,384000,-40000,344000
2016/07/28,0,158000,-609000,-451000
2016/07/29,0,711000,-56000,655000
2016/08/01,0,323000,-23000,300000
2016/08/02,0,26000,-112000,-86000
2016/08/03,0,31000,-122000,-91000
2016/08/04,0,122000,-450000,-328000
2016/08/05,0,71000,-216000,-145000
2016/08/08,0,1030000,-215000,815000
2016/08/09,0,78000,-413000,-335000
2016/08/10,0,224000,-448000,-224000
2016/08/11,0,241000,-679000,-438000
2016/08/12,0,361000,-29000,332000
2016/08/15,0,590000,-40000,550000
2016/08/16,0,6000,-386000,-380000
2016/08/17,0,10000,-121000,-111000
2016/08/18,0,443000,-120000,323000
2016/08/19,0,79000,-404000,-325000
2016/08/22,0,33000,-132000,-99000
2016/08/23,0,307000,-110000,197000
2016/08/24,0,112000,-319000,-207000
2016/08/25,0,35000,-70000,-35000
2016/08/26,0,38000,-192000,-154000
2016/08/29,0,297000,-39000,258000
2016/08/30,0,265000,-93000,172000
2016/08/31,0,117000,-307000,-190000
2016/09/01,0,165000,-26000,139000
2016/09/02,0,40000,-364000,-324000
2016/09/05,0,409000,-102000,307000
2016/09/06,0,134000,-158000,-24000
2016/09/07,0,3021000,-46000,2975000
2016/09/08,0,612000,-2704000,-2092000
2016/09/09,0,133000,-903000,-770000
2016/09/12,0,223000,-170000,53000
2016/09/13,0,18000,-592000,-574000
2016/09/14,0,213000,-271000,-58000
2016/09/15,0,0,0,0
2016/09/16,0,0,0,0
2016/09/19,0,592000,-298000,294000
2016/09/20,0,162000,-459000,-297000
2016/09/21,0,636000,-94000,542000
2016/09/22,0,117000,-913000,-796000
2016/09/23,0,238000,-105000,133000
2016/09/26,0,36000,-202000,-166000
2016/09/27,0,0,0,0
2016/09/28,0,0,0,0
2016/09/29,0,500000,-14000,486000
2016/09/30,0,21000,-266000,-245000
2016/10/03,0,180000,-114000,66000
2016/10/04,0,378000,-84000,294000
2016/10/05,0,293000,-228000,65000
2016/10/06,0,207000,-269000,-62000
2016/10/07,0,154000,-159000,-5000
2016/10/10,0,0,0,0
2016/10/11,0,558000,-236000,322000
2016/10/12,0,546000,-559000,-13000
2016/10/13,0,361000,-358000,3000
2016/10/14,0,204000,-268000,-64000
2016/10/17,0,293000,-119666,173334
2016/10/18,0,270000,-203000,67000
2016/10/19,0,17000,-799000,-782000
2016/10/20,0,151000,-40000,111000
2016/10/21,0,20000,-253000,-233000
2016/10/24,0,99000,-133000,-34000
2016/10/25,0,273000,-108000,165000
2016/10/26,0,285000,-121000,164000
2016/10/27,0,104000,-245000,-141000
2016/10/28,0,153000,-278000,-125000
2016/10/31,0,159000,-58000,101000
2016/11/01,0,16000,-95000,-79000
2016/11/02,0,31000,-286000,-255000
2016/11/03,0,128000,-92000,36000
2016/11/04,0,32000,-69000,-37000
2016/11/07,0,71000,-24000,47000
2016/11/08,0,5000,-123000,-118000
2016/11/09,0,47000,-638000,-591000
2016/11/10,0,197000,-19000,178000
2016/11/11,0,51000,-495000,-444000
2016/11/14,0,339000,-129000,210000
2016/11/15,0,59000,-109000,-50000
2016/11/16,0,187000,-137000,50000
2016/11/17,0,144000,-185000,-41000
2016/11/18,0,188000,-94000,94000
2016/11/21,0,27000,-20000,7000
2016/11/22,0,41000,-114000,-73000
2016/11/23,0,26000,-121000,-95000
2016/11/24,0,111000,-77000,34000
2016/11/25,0,20000,-12000,8000
2016/11/28,0,1085000,-54776,1030224
2016/11/29,0,526000,-863000,-337000
2016/11/30,0,64000,-349000,-285000
2016/12/01,0,77000,-71000,6000
2016/12/02,0,30000,-325000,-295000
2016/12/05,0,214000,-133000,81000
2016/12/06,0,308000,-21000,287000
2016/12/07,0,35000,-275000,-240000
2016/12/08,0,137000,-4000,133000
2016/12/09,0,9000,-105000,-96000
2016/12/12,0,617000,-43000,574000
2016/12/13,0,95000,-449000,-354000
2016/12/14,0,224000,-172000,52000
2016/12/15,0,203000,-89000,114000
2016/12/16,0,85000,-116000,-31000
2016/12/19,0,136000,-221000,-85000
2016/12/20,0,67000,-170000,-103000
2016/12/21,0,143000,-14000,129000
2016/12/22,0,64000,-50000,14000
2016/12/23,0,167000,-18000,149000
2016/12/26,0,23000,-11000,12000
2016/12/27,0,65000,-4000,61000
2016/12/28,0,143000,-53000,90000
2016/12/29,0,21000,-15000,6000
2016/12/30,0,44000,-71000,-27000
2017/01/02,0,0,0,0
2017/01/03,0,33000,-11000,22000
2017/01/04,0,12000,-119000,-107000
2017/01/05,0,147000,-59000,88000
2017/01/06,0,17000,-60000,-43000
2017/01/09,0,25000,-90000,-65000
2017/01/10,0,38000,-49000,-11000
2017/01/11,0,7000,-234000,-227000
2017/01/12,0,34000,-121000,-87000
2017/01/13,0,100000,-91000,9000
2017/01/16,0,121000,-37000,84000
2017/01/17,0,4000,-203117,-199117
2017/01/18,0,22000,-58000,-36000
2017/01/19,0,634000,-299000,335000
2017/01/20,0,306000,-412000,-106000
2017/01/23,0,22000,-174000,-152000
2017/01/24,0,205000,-49000,156000
2017/01/25,0,0,0,0
2017/01/26,0,0,0,0
2017/01/27,0,0,0,0
2017/01/30,0,0,0,0
2017/01/31,0,0,0,0
2017/02/01,0,0,0,0
2017/02/02,0,142000,-293000,-151000
2017/02/03,0,172000,-154000,18000
2017/02/06,0,209000,-153000,56000
2017/02/07,0,285000,-99000,186000
2017/02/08,0,93000,-462000,-369000
2017/02/09,0,118000,-43000,75000
2017/02/10,0,650000,-33000,617000
2017/02/13,0,137000,-329000,-192000
2017/02/14,0,34000,-173000,-139000
2017/02/15,0,34000,-96000,-62000
2017/02/16,0,33000,-185000,-152000
2017/02/17,0,25000,-89000,-64000
2017/02/20,0,279000,-129000,150000
2017/02/21,0,382000,-332000,50000
2017/02/22,0,71000,-177000,-106000
2017/02/23,0,85000,-138000,-53000
2017/02/24,0,45000,-101000,-56000
2017/02/27,0,0,0,0
2017/02/28,0,0,0,0
2017/03/01,0,122000,-358000,-236000
2017/03/02,0,25000,-118000,-93000
2017/03/03,0,32000,-37000,-5000
2017/03/06,0,0,-36000,-36000
2017/03/07,0,14000,-17000,-3000
2017/03/08,0,2000,-54000,-52000
2017/03/09,0,146000,-65000,81000
2017/03/10,0,74000,-157000,-83000
2017/03/13,0,101000,-14000,87000
2017/03/14,0,1401000,-378000,1023000
2017/03/15,0,226000,-647000,-421000
2017/03/16,0,669000,-146000,523000
2017/03/17,0,267000,-683000,-416000
2017/03/20,0,805000,-238000,567000
2017/03/21,0,96000,-489000,-393000
2017/03/22,0,118000,-35000,83000
2017/03/23,0,50000,-29000,21000
2017/03/24,0,37000,-80000,-43000
2017/03/27,0,109000,-95000,14000
2017/03/28,0,47000,-261000,-214000
2017/03/29,0,244000,-76000,168000
2017/03/30,0,39000,-306000,-267000
2017/03/31,0,397000,-165000,232000
2017/04/03,0,0,0,0
2017/04/04,0,0,0,0
2017/04/05,0,106000,-249000,-143000
2017/04/06,0,182000,-134000,48000
2017/04/07,0,252000,-247000,5000
2017/04/10,0,69000,-87000,-18000
2017/04/11,0,479000,-142000,337000
2017/04/12,0,17000,-143000,-126000
2017/04/13,0,20000,-124000,-104000
2017/04/14,0,29000,-98000,-69000
2017/04/17,0,57000,-131000,-74000
2017/04/18,0,69000,-155000,-86000
2017/04/19,0,134000,-131000,3000
2017/04/20,0,302000,-54000,248000
2017/04/21,0,55000,-147000,-92000
2017/04/24,0,95000,-85000,10000
2017/04/25,0,513000,-200000,313000
2017/04/26,0,235000,-339000,-104000
2017/04/27,0,129000,-108000,21000
2017/04/28,0,132000,-90000,42000
2017/05/01,0,0,0,0
2017/05/02,0,84000,-97000,-13000
2017/05/03,0,266000,-269000,-3000
2017/05/04,0,27000,-273000,-246000
2017/05/05,0,88000,-80000,8000
2017/05/08,0,170000,-140000,30000
2017/05/09,0,257000,-310772,-53772
2017/05/10,0,141000,-223000,-82000
2017/05/11,0,246000,-28000,218000
2017/05/12,0,196000,-126000,70000
2017/05/15,0,362000,-113000,249000
2017/05/16,0,167000,-275000,-108000
2017/05/17,0,51000,-139000,-88000
2017/05/18,0,252000,-65000,187000
2017/05/19,0,177000,-121000,56000
2017/05/22,0,318000,-67000,251000
2017/05/23,0,189000,-189000,0
2017/05/24,0,44000,-212000,-168000
2017/05/25,0,70000,-47000,23000
2017/05/26,0,88000,-75000,13000
2017/05/29,0,0,0,0
2017/05/30,0,0,0,0
2017/05/31,0,17000,-24000,-7000
2017/06/01,0,258000,-23000,235000
2017/06/02,0,238000,-157000,81000
2017/06/05,0,786000,-258000,528000
2017/06/06,0,284000,-840535,-556535
2017/06/07,0,313000,-509000,-196000
2017/06/08,0,481000,-155000,326000
2017/06/09,0,224000,-229000,-5000
2017/06/12,0,92000,-183000,-91000
2017/06/13,0,116000,-151000,-35000
2017/06/14,0,287000,-274000,13000
2017/06/15,0,361000,-225000,136000
2017/06/16,0,382000,-142000,240000
2017/06/19,0,332000,-74000,258000
2017/06/20,0,528000,-308000,220000
2017/06/21,0,172000,-487000,-315000
2017/06/22,0,340000,-105000,235000
2017/06/23,0,459000,-370000,89000
2017/06/26,0,252000,-217000,35000
2017/06/27,0,81000,-101000,-20000
2017/06/28,0,142000,-86000,56000
2017/06/29,0,154000,-35000,119000
2017/06/30,0,216000,-126000,90000
2017/07/03,0,106000,-64000,42000
2017/07/04,0,102000,-210000,-108000
2017/07/05,0,540000,-86000,454000
2017/07/06,0,119000,-335000,-216000
2017/07/07,0,54000,-80000,-26000
2017/07/10,0,66000,-77000,-11000
2017/07/11,0,458000,-164000,294000
2017/07/12,0,117000,-515000,-398000
2017/07/13,0,17000,-84000,-67000
2017/07/14,0,99000,-216000,-117000
2017/07/17,0,15000,-150000,-135000
2017/07/18,0,145000,-107000,38000
2017/07/19,0,99000,-286000,-187000
2017/07/20,0,554000,-236000,318000
2017/07/21,0,718000,-118000,600000
2017/07/24,0,461000,-129000,332000
2017/07/25,0,25000,-283000,-258000
2017/07/26,0,80000,-64000,16000
2017/07/27,0,204000,-66000,138000
2017/07/28,0,44000,-232000,-188000
2017/07/31,0,426000,-65000,361000
2017/08/01,0,776000,-154000,622000
2017/08/02,0,788000,-586000,202000
2017/08/03,0,456000,-591000,-135000
2017/08/04,0,257000,-318000,-61000
2017/08/07,0,838000,-318000,520000
2017/08/08,0,288000,-607000,-319000
2017/08/09,0,294000,-565000,-271000
2017/08/10,0,303000,-513000,-210000
2017/08/11,0,344000,-137000,207000
2017/08/14,0,105000,-243000,-138000
2017/08/15,0,176000,-228000,-52000
2017/08/16,0,119000,-202000,-83000
2017/08/17,0,567000,-84000,483000
2017/08/18,0,382000,-349000,33000
