Date,Open,Buy,Sell,Total
2007/01/02,0,60000,-349272,-289272
2007/01/03,0,932000,-250000,682000
2007/01/04,0,100000,0,100000
2007/01/05,0,35000,0,35000
2007/01/08,0,0,0,0
2007/01/09,0,0,0,0
2007/01/10,0,0,-9000,-9000
2007/01/11,0,1000,0,1000
2007/01/12,0,1000,-160000,-159000
2007/01/15,0,0,0,0
2007/01/16,0,251000,0,251000
2007/01/17,0,0,0,0
2007/01/18,0,0,0,0
2007/01/19,0,0,0,0
2007/01/22,0,0,0,0
2007/01/23,0,0,-1100000,-1100000
2007/01/24,0,0,0,0
2007/01/25,0,3746000,-300000,3446000
2007/01/26,0,580000,0,580000
2007/01/29,0,500000,0,500000
2007/01/30,0,0,0,0
2007/01/31,0,70000,0,70000
2007/02/01,0,204000,-200000,4000
2007/02/02,0,131000,0,131000
2007/02/05,0,0,0,0
2007/02/06,0,0,0,0
2007/02/07,0,1465000,0,1465000
2007/02/08,0,520000,0,520000
2007/02/09,0,0,-300000,-300000
2007/02/12,0,0,-200000,-200000
2007/02/13,0,969000,-750000,219000
2007/02/14,0,0,-324000,-324000
2007/02/15,0,0,0,0
2007/02/16,0,0,0,0
2007/02/19,0,0,0,0
2007/02/20,0,0,0,0
2007/02/21,0,0,0,0
2007/02/22,0,0,0,0
2007/02/23,0,0,0,0
2007/02/26,0,0,-180000,-180000
2007/02/27,0,275000,-5000,270000
2007/02/28,0,0,0,0
2007/03/01,0,0,0,0
2007/03/02,0,2700000,-875000,1825000
2007/03/05,0,0,0,0
2007/03/06,0,1000000,0,1000000
2007/03/07,0,500000,-100000,400000
2007/03/08,0,300000,-15000,285000
2007/03/09,0,0,0,0
2007/03/12,0,0,0,0
2007/03/13,0,0,0,0
2007/03/14,0,0,-61000,-61000
2007/03/15,0,1378000,-4061000,-2683000
2007/03/16,0,287000,0,287000
2007/03/19,0,357000,0,357000
2007/03/20,0,1010000,0,1010000
2007/03/21,0,1250000,-150000,1100000
2007/03/22,0,1095000,0,1095000
2007/03/23,0,0,-445000,-445000
2007/03/26,0,0,-80000,-80000
2007/03/27,0,3000000,-964000,2036000
2007/03/28,0,3000000,-2085000,915000
2007/03/29,0,0,-104000,-104000
2007/03/30,0,0,0,0
2007/04/02,0,0,-500000,-500000
2007/04/03,0,400000,-300000,100000
2007/04/04,0,0,0,0
2007/04/05,0,0,0,0
2007/04/06,0,0,0,0
2007/04/09,0,700000,-288000,412000
2007/04/10,0,0,-913000,-913000
2007/04/11,0,110000,0,110000
2007/04/12,0,600000,-200000,400000
2007/04/13,0,0,0,0
2007/04/16,0,0,-600000,-600000
2007/04/17,0,0,-550000,-550000
2007/04/18,0,0,-300000,-300000
2007/04/19,0,0,-1301000,-1301000
2007/04/20,0,40000,-1130000,-1090000
2007/04/23,0,1000,-241000,-240000
2007/04/24,0,3000,-420000,-417000
2007/04/25,0,0,-1550000,-1550000
2007/04/26,0,1000000,0,1000000
2007/04/27,0,0,-200000,-200000
2007/04/30,0,0,0,0
2007/05/01,0,0,0,0
2007/05/02,0,0,-96000,-96000
2007/05/03,0,0,0,0
2007/05/04,0,0,0,0
2007/05/07,0,100000,-130000,-30000
2007/05/08,0,0,0,0
2007/05/09,0,0,-100000,-100000
2007/05/10,0,0,-1000,-1000
2007/05/11,0,0,0,0
2007/05/14,0,300000,0,300000
2007/05/15,0,4000,-1000,3000
2007/05/16,0,0,-170000,-170000
2007/05/17,0,0,-1000,-1000
2007/05/18,0,12000,0,12000
2007/05/21,0,0,-200000,-200000
2007/05/22,0,0,-300000,-300000
2007/05/23,0,0,0,0
2007/05/24,0,0,-3000,-3000
2007/05/25,0,0,0,0
2007/05/28,0,0,-450000,-450000
2007/05/29,0,1000,0,1000
2007/05/30,0,0,0,0
2007/05/31,0,163000,0,163000
2007/06/01,0,4000000,0,4000000
2007/06/04,0,3701000,-70000,3631000
2007/06/05,0,2054000,0,2054000
2007/06/06,0,4242000,0,4242000
2007/06/07,0,500000,0,500000
2007/06/08,0,480000,0,480000
2007/06/11,0,0,0,0
2007/06/12,0,100000,0,100000
2007/06/13,0,425000,0,425000
2007/06/14,0,0,0,0
2007/06/15,0,550000,0,550000
2007/06/18,0,0,0,0
2007/06/19,0,0,0,0
2007/06/20,0,250000,0,250000
2007/06/21,0,0,0,0
2007/06/22,0,1040000,-300000,740000
2007/06/25,0,3000,-319000,-316000
2007/06/26,0,0,0,0
2007/06/27,0,0,0,0
2007/06/28,0,0,0,0
2007/06/29,0,0,-1381000,-1381000
2007/07/02,0,0,0,0
2007/07/03,0,0,-980000,-980000
2007/07/04,0,0,-1281000,-1281000
2007/07/05,0,182000,0,182000
2007/07/06,0,383000,0,383000
2007/07/09,0,571000,0,571000
2007/07/10,0,1000,-550000,-549000
2007/07/11,0,400000,-240000,160000
2007/07/12,0,848000,-2035000,-1187000
2007/07/13,0,60000,-423000,-363000
2007/07/16,0,1750000,0,1750000
2007/07/17,0,2078000,-1000,2077000
2007/07/18,0,1851000,0,1851000
2007/07/19,0,2000,0,2000
2007/07/20,0,501000,-56000,445000
2007/07/23,0,500000,-1000000,-500000
2007/07/24,0,280000,-1000,279000
2007/07/25,0,1000,0,1000
2007/07/26,0,0,-3000,-3000
2007/07/27,0,2066000,0,2066000
2007/07/30,0,134000,0,134000
2007/07/31,0,2630000,-319000,2311000
2007/08/01,0,2590000,-2000,2588000
2007/08/02,0,1271000,0,1271000
2007/08/03,0,60000,0,60000
2007/08/06,0,8000,0,8000
2007/08/07,0,11000,0,11000
2007/08/08,0,1000,-269000,-268000
2007/08/09,0,0,-280000,-280000
2007/08/10,0,18000,0,18000
2007/08/13,0,8000,0,8000
2007/08/14,0,800000,0,800000
2007/08/15,0,200000,0,200000
2007/08/16,0,10000,-8000,2000
2007/08/17,0,20000,-2000,18000
2007/08/20,0,1000,0,1000
2007/08/21,0,121000,-30000,91000
2007/08/22,0,145000,0,145000
2007/08/23,0,801000,0,801000
2007/08/24,0,0,-1000,-1000
2007/08/27,0,3000,-200000,-197000
2007/08/28,0,0,0,0
2007/08/29,0,0,-978000,-978000
2007/08/30,0,0,-206000,-206000
2007/08/31,0,2000,-2000,0
2007/09/03,0,0,0,0
2007/09/04,0,2062000,-40000,2022000
2007/09/05,0,200000,-130000,70000
2007/09/06,0,3000,-150000,-147000
2007/09/07,0,140000,-15000,125000
2007/09/10,0,154000,-1000,153000
2007/09/11,0,3000,-160000,-157000
2007/09/12,0,0,0,0
2007/09/13,0,0,-400000,-400000
2007/09/14,0,1000,0,1000
2007/09/17,0,0,-290000,-290000
2007/09/18,0,0,0,0
2007/09/19,0,0,-1413000,-1413000
2007/09/20,0,0,0,0
2007/09/21,0,0,0,0
2007/09/24,0,0,0,0
2007/09/25,0,0,0,0
2007/09/26,0,0,0,0
2007/09/27,0,200000,-236000,-36000
2007/09/28,0,0,-110000,-110000
2007/10/01,0,0,-480000,-480000
2007/10/02,0,120000,0,120000
2007/10/03,0,0,0,0
2007/10/04,0,0,0,0
2007/10/05,0,0,0,0
2007/10/08,0,0,-35000,-35000
2007/10/09,0,0,-700000,-700000
2007/10/10,0,0,0,0
2007/10/11,0,0,-700000,-700000
2007/10/12,0,0,-800000,-800000
2007/10/15,0,0,-7000,-7000
2007/10/16,0,601000,0,601000
2007/10/17,0,0,0,0
2007/10/18,0,0,-113000,-113000
2007/10/19,0,0,-12000,-12000
2007/10/22,0,0,0,0
2007/10/23,0,0,0,0
2007/10/24,0,0,-740000,-740000
2007/10/25,0,0,-166000,-166000
2007/10/26,0,0,-80000,-80000
2007/10/29,0,0,0,0
2007/10/30,0,1000,-1010000,-1009000
2007/10/31,0,66000,-1000000,-934000
2007/11/01,0,0,-3131000,-3131000
2007/11/02,0,2000,-5941000,-5939000
2007/11/05,0,8000,-1032000,-1024000
2007/11/06,0,48000,-62000,-14000
2007/11/07,0,0,-1286000,-1286000
2007/11/08,0,1000,-1600000,-1599000
2007/11/09,0,0,0,0
2007/11/12,0,1000,0,1000
2007/11/13,0,0,0,0
2007/11/14,0,49000,0,49000
2007/11/15,0,0,0,0
2007/11/16,0,5000,0,5000
2007/11/19,0,4000,0,4000
2007/11/20,0,1000,0,1000
2007/11/21,0,0,-4000,-4000
2007/11/22,0,1000,-2000,-1000
2007/11/23,0,2000,0,2000
2007/11/26,0,0,0,0
2007/11/27,0,15000,0,15000
2007/11/28,0,0,0,0
2007/11/29,0,1000,0,1000
2007/11/30,0,0,-600000,-600000
2007/12/03,0,0,-180000,-180000
2007/12/04,0,0,-120000,-120000
2007/12/05,0,1000,0,1000
2007/12/06,0,0,0,0
2007/12/07,0,0,0,0
2007/12/10,0,0,0,0
2007/12/11,0,0,0,0
2007/12/12,0,0,0,0
2007/12/13,0,42000,0,42000
2007/12/14,0,2000,-1000,1000
2007/12/17,0,0,0,0
2007/12/18,0,1000,-600000,-599000
2007/12/19,0,1000,0,1000
2007/12/20,0,0,0,0
2007/12/21,0,0,-3000,-3000
2007/12/24,0,0,0,0
2007/12/25,0,0,-9000,-9000
2007/12/26,0,0,0,0
2007/12/27,0,520000,-54000,466000
2007/12/28,0,0,-64000,-64000
2007/12/31,0,0,0,0
2008/01/01,0,0,0,0
2008/01/02,0,0,0,0
2008/01/03,0,0,0,0
2008/01/04,0,0,-7000,-7000
2008/01/07,0,1000,0,1000
2008/01/08,0,0,-8000,-8000
2008/01/09,0,9000,-6000,3000
2008/01/10,0,8000,-39000,-31000
2008/01/11,0,0,-7000,-7000
2008/01/14,0,0,0,0
2008/01/15,0,1000,-1000,0
2008/01/16,0,0,0,0
2008/01/17,0,0,0,0
2008/01/18,0,6000,-363000,-357000
2008/01/21,0,1000,-21458,-20458
2008/01/22,0,0,0,0
2008/01/23,0,1000,0,1000
2008/01/24,0,2000,0,2000
2008/01/25,0,1000,-7000,-6000
2008/01/28,0,0,0,0
2008/01/29,0,1000,0,1000
2008/01/30,0,0,0,0
2008/01/31,0,0,0,0
2008/02/01,0,0,0,0
2008/02/04,0,0,0,0
2008/02/05,0,0,0,0
2008/02/06,0,0,0,0
2008/02/07,0,0,0,0
2008/02/08,0,0,0,0
2008/02/11,0,0,0,0
2008/02/12,0,0,0,0
2008/02/13,0,43000,0,43000
2008/02/14,0,0,0,0
2008/02/15,0,0,0,0
2008/02/18,0,0,0,0
2008/02/19,0,0,0,0
2008/02/20,0,0,0,0
2008/02/21,0,0,0,0
2008/02/22,0,0,0,0
2008/02/25,0,1000,0,1000
2008/02/26,0,0,0,0
2008/02/27,0,0,-1000,-1000
2008/02/28,0,0,0,0
2008/02/29,0,0,0,0
2008/03/03,0,0,-1000,-1000
2008/03/04,0,0,0,0
2008/03/05,0,1000,0,1000
2008/03/06,0,0,-1480000,-1480000
2008/03/07,0,0,0,0
2008/03/10,0,1000,0,1000
2008/03/11,0,1000,0,1000
2008/03/12,0,2000,-741000,-739000
2008/03/13,0,0,-326000,-326000
2008/03/14,0,0,0,0
2008/03/17,0,1000,0,1000
2008/03/18,0,1000,-1000,0
2008/03/19,0,1000,0,1000
2008/03/20,0,0,0,0
2008/03/21,0,1000,-2483000,-2482000
2008/03/24,0,2000,0,2000
2008/03/25,0,0,-1000,-1000
2008/03/26,0,1000,0,1000
2008/03/27,0,1000,0,1000
2008/03/28,0,1000,0,1000
2008/03/31,0,1000,-2000,-1000
2008/04/01,0,201000,0,201000
2008/04/02,0,512000,0,512000
2008/04/03,0,0,0,0
2008/04/04,0,0,0,0
2008/04/07,0,1000,0,1000
2008/04/08,0,200000,0,200000
2008/04/09,0,1000,-15000,-14000
2008/04/10,0,0,0,0
2008/04/11,0,0,0,0
2008/04/14,0,0,0,0
2008/04/15,0,0,0,0
2008/04/16,0,300000,0,300000
2008/04/17,0,0,0,0
2008/04/18,0,0,-1000,-1000
2008/04/21,0,1000,0,1000
2008/04/22,0,1000,-400000,-399000
2008/04/23,0,1000,0,1000
2008/04/24,0,2000,0,2000
2008/04/25,0,0,0,0
2008/04/28,0,5000,0,5000
2008/04/29,0,1000,0,1000
2008/04/30,0,5000,-3000,2000
2008/05/01,0,0,0,0
2008/05/02,0,2000,0,2000
2008/05/05,0,0,0,0
2008/05/06,0,2000,-800000,-798000
2008/05/07,0,2000,0,2000
2008/05/08,0,0,0,0
2008/05/09,0,1000,-81000,-80000
2008/05/12,0,126000,0,126000
2008/05/13,0,2000,-7000,-5000
2008/05/14,0,0,0,0
2008/05/15,0,0,-132000,-132000
2008/05/16,0,0,-243000,-243000
2008/05/19,0,0,-16250,-16250
2008/05/20,0,0,-1000,-1000
2008/05/21,0,0,0,0
2008/05/22,0,2000,0,2000
2008/05/23,0,0,-1000,-1000
2008/05/26,0,0,0,0
2008/05/27,0,4000,0,4000
2008/05/28,0,2000,-12000,-10000
2008/05/29,0,2000,-2692000,-2690000
2008/05/30,0,0,-1440000,-1440000
2008/06/02,0,3000,-2162000,-2159000
2008/06/03,0,27000,-584000,-557000
2008/06/04,0,1000,-1580000,-1579000
2008/06/05,0,1000,-1153000,-1152000
2008/06/06,0,1000,-97000,-96000
2008/06/09,0,1000,0,1000
2008/06/10,0,0,0,0
2008/06/11,0,2000,0,2000
2008/06/12,0,3000,0,3000
2008/06/13,0,3000,0,3000
2008/06/16,0,11000,0,11000
2008/06/17,0,2000,-875000,-873000
2008/06/18,0,0,-1000000,-1000000
2008/06/19,0,0,-2000,-2000
2008/06/20,0,0,0,0
2008/06/23,0,2000,0,2000
2008/06/24,0,1000,0,1000
2008/06/25,0,0,-1000,-1000
2008/06/26,0,0,0,0
2008/06/27,0,1000,0,1000
2008/06/30,0,5000,0,5000
2008/07/01,0,2000,0,2000
2008/07/02,0,0,-1000,-1000
2008/07/03,0,2000,0,2000
2008/07/04,0,5000,0,5000
2008/07/07,0,2000,0,2000
2008/07/08,0,0,0,0
2008/07/09,0,0,-2000,-2000
2008/07/10,0,50000,0,50000
2008/07/11,0,1000,0,1000
2008/07/14,0,8000,0,8000
2008/07/15,0,1000,-1000,0
2008/07/16,0,1000,0,1000
2008/07/17,0,2000,0,2000
2008/07/18,0,0,0,0
2008/07/21,0,1000,0,1000
2008/07/22,0,0,0,0
2008/07/23,0,1000,0,1000
2008/07/24,0,1000,0,1000
2008/07/25,0,0,-6000,-6000
2008/07/28,0,0,0,0
2008/07/29,0,2000,0,2000
2008/07/30,0,1000,0,1000
2008/07/31,0,1000,0,1000
2008/08/01,0,2000,0,2000
2008/08/04,0,0,-1283000,-1283000
2008/08/05,0,0,-1745000,-1745000
2008/08/06,0,2000,0,2000
2008/08/07,0,0,0,0
2008/08/08,0,5000,0,5000
2008/08/11,0,701000,0,701000
2008/08/12,0,0,-4000,-4000
2008/08/13,0,0,0,0
2008/08/14,0,0,-48000,-48000
2008/08/15,0,60000,0,60000
2008/08/18,0,0,0,0
2008/08/19,0,0,-2000,-2000
2008/08/20,0,0,0,0
2008/08/21,0,2000,-550000,-548000
2008/08/22,0,1000,-150000,-149000
2008/08/25,0,1000,0,1000
2008/08/26,0,0,-2000,-2000
2008/08/27,0,0,-15000,-15000
2008/08/28,0,0,0,0
2008/08/29,0,0,0,0
2008/09/01,0,1000,0,1000
2008/09/02,0,2000,0,2000
2008/09/03,0,3000,0,3000
2008/09/04,0,6000,0,6000
2008/09/05,0,3000,0,3000
2008/09/08,0,0,0,0
2008/09/09,0,14000,0,14000
2008/09/10,0,4000,0,4000
2008/09/11,0,0,0,0
2008/09/12,0,0,0,0
2008/09/15,0,0,0,0
2008/09/16,0,7000,0,7000
2008/09/17,0,0,-1000,-1000
2008/09/18,0,2000,0,2000
2008/09/19,0,0,-43000,-43000
2008/09/22,0,0,0,0
2008/09/23,0,43000,0,43000
2008/09/24,0,0,-2000,-2000
2008/09/25,0,0,-3000,-3000
2008/09/26,0,1000,-60000,-59000
2008/09/29,0,0,0,0
2008/09/30,0,0,0,0
2008/10/01,0,500000,0,500000
2008/10/02,0,3000,0,3000
2008/10/03,0,0,0,0
2008/10/06,0,0,-1000,-1000
2008/10/07,0,0,-4000,-4000
2008/10/08,0,0,-26000,-26000
2008/10/09,0,0,-13000,-13000
2008/10/10,0,0,0,0
2008/10/13,0,0,0,0
2008/10/14,0,70000,-4000,66000
2008/10/15,0,5000,0,5000
2008/10/16,0,6000,0,6000
2008/10/17,0,0,-3000,-3000
2008/10/20,0,0,0,0
2008/10/21,0,0,0,0
2008/10/22,0,0,0,0
2008/10/23,0,0,-1197,-1197
2008/10/24,0,0,-79,-79
2008/10/27,0,0,-20000,-20000
2008/10/28,0,0,-9000,-9000
2008/10/29,0,0,-3000,-3000
2008/10/30,0,127000,-1000,126000
2008/10/31,0,0,0,0
2008/11/03,0,0,0,0
2008/11/04,0,0,-570000,-570000
2008/11/05,0,3000,0,3000
2008/11/06,0,0,-2000,-2000
2008/11/07,0,0,0,0
2008/11/10,0,2000,0,2000
2008/11/11,0,2000,0,2000
2008/11/12,0,1000,0,1000
2008/11/13,0,0,0,0
2008/11/14,0,0,0,0
2008/11/17,0,26000,0,26000
2008/11/18,0,0,0,0
2008/11/19,0,0,-14000,-14000
2008/11/20,0,0,0,0
2008/11/21,0,0,0,0
2008/11/24,0,5000,0,5000
2008/11/25,0,1000,0,1000
2008/11/26,0,1000,0,1000
2008/11/27,0,11000,0,11000
2008/11/28,0,0,0,0
2008/12/01,0,4000,0,4000
2008/12/02,0,0,0,0
2008/12/03,0,45000,0,45000
2008/12/04,0,2000,-134196,-132196
2008/12/05,0,0,0,0
2008/12/08,0,2000,0,2000
2008/12/09,0,20000,0,20000
2008/12/10,0,0,0,0
2008/12/11,0,24000,0,24000
2008/12/12,0,0,-14000,-14000
2008/12/15,0,0,-1000,-1000
2008/12/16,0,0,0,0
2008/12/17,0,1000,0,1000
2008/12/18,0,5000,0,5000
2008/12/19,0,0,0,0
2008/12/22,0,0,0,0
2008/12/23,0,0,0,0
2008/12/24,0,0,0,0
2008/12/25,0,1000,0,1000
2008/12/26,0,0,-21000,-21000
2008/12/29,0,0,0,0
2008/12/30,0,0,0,0
2008/12/31,0,0,0,0
2009/01/01,0,0,0,0
2009/01/02,0,0,0,0
2009/01/05,0,0,0,0
2009/01/06,0,0,0,0
2009/01/07,0,0,-2000,-2000
2009/01/08,0,0,0,0
2009/01/09,0,4000,0,4000
2009/01/12,0,3000,0,3000
2009/01/13,0,1000,0,1000
2009/01/14,0,0,0,0
2009/01/15,0,0,0,0
2009/01/16,0,3000,0,3000
2009/01/19,0,0,0,0
2009/01/20,0,0,0,0
2009/01/21,0,0,-1000,-1000
2009/01/22,0,0,0,0
2009/01/23,0,0,0,0
2009/01/26,0,0,0,0
2009/01/27,0,0,0,0
2009/01/28,0,0,0,0
2009/01/29,0,0,0,0
2009/01/30,0,0,0,0
2009/02/02,0,0,0,0
2009/02/03,0,0,0,0
2009/02/04,0,0,0,0
2009/02/05,0,0,0,0
2009/02/06,0,0,0,0
2009/02/09,0,0,0,0
2009/02/10,0,0,0,0
2009/02/11,0,0,-4000,-4000
2009/02/12,0,0,-4000,-4000
2009/02/13,0,0,0,0
2009/02/16,0,0,0,0
2009/02/17,0,28000,0,28000
2009/02/18,0,0,0,0
2009/02/19,0,0,0,0
2009/02/20,0,0,-2000,-2000
2009/02/23,0,0,0,0
2009/02/24,0,0,0,0
2009/02/25,0,0,0,0
2009/02/26,0,0,0,0
2009/02/27,0,1000,0,1000
2009/03/02,0,23000,0,23000
2009/03/03,0,0,0,0
2009/03/04,0,0,0,0
2009/03/05,0,0,0,0
2009/03/06,0,0,0,0
2009/03/09,0,0,0,0
2009/03/10,0,0,0,0
2009/03/11,0,0,0,0
2009/03/12,0,0,-10000,-10000
2009/03/13,0,8000,-5000,3000
2009/03/16,0,0,-2000,-2000
2009/03/17,0,0,-12000,-12000
2009/03/18,0,0,-6000,-6000
2009/03/19,0,0,0,0
2009/03/20,0,0,-3000,-3000
2009/03/23,0,0,-2000,-2000
2009/03/24,0,0,-9000,-9000
2009/03/25,0,0,0,0
2009/03/26,0,0,0,0
2009/03/27,0,0,0,0
2009/03/30,0,0,-2000,-2000
2009/03/31,0,0,-3000,-3000
2009/04/01,0,0,0,0
2009/04/02,0,0,-13000,-13000
2009/04/03,0,0,-4000,-4000
2009/04/06,0,0,-1000,-1000
2009/04/07,0,3000,0,3000
2009/04/08,0,0,-1000,-1000
2009/04/09,0,0,-1000,-1000
2009/04/10,0,0,0,0
2009/04/13,0,0,-4000,-4000
2009/04/14,0,0,-4000,-4000
2009/04/15,0,0,0,0
2009/04/16,0,0,-7000,-7000
2009/04/17,0,0,-5000,-5000
2009/04/20,0,0,0,0
2009/04/21,0,4000,0,4000
2009/04/22,0,0,0,0
2009/04/23,0,0,-7000,-7000
2009/04/24,0,0,-1000,-1000
2009/04/27,0,1000,0,1000
2009/04/28,0,1000,0,1000
2009/04/29,0,0,0,0
2009/04/30,0,0,0,0
2009/05/01,0,0,0,0
2009/05/04,0,63000,0,63000
2009/05/05,0,19000,0,19000
2009/05/06,0,0,-8000,-8000
2009/05/07,0,0,-10000,-10000
2009/05/08,0,0,-3000,-3000
2009/05/11,0,1000,0,1000
2009/05/12,0,0,0,0
2009/05/13,0,0,-14000,-14000
2009/05/14,0,0,0,0
2009/05/15,0,7000,0,7000
2009/05/18,0,0,0,0
2009/05/19,0,2000,0,2000
2009/05/20,0,0,-3000,-3000
2009/05/21,0,0,0,0
2009/05/22,0,0,-3000,-3000
2009/05/25,0,0,-57000,-57000
2009/05/26,0,7000,-76000,-69000
2009/05/27,0,0,-78000,-78000
2009/05/28,0,0,0,0
2009/05/29,0,0,0,0
2009/06/01,0,0,-53000,-53000
2009/06/02,0,0,0,0
2009/06/03,0,0,0,0
2009/06/04,0,0,0,0
2009/06/05,0,0,0,0
2009/06/08,0,0,0,0
2009/06/09,0,0,0,0
2009/06/10,0,0,0,0
2009/06/11,0,1000,0,1000
2009/06/12,0,0,0,0
2009/06/15,0,16000,0,16000
2009/06/16,0,3000,0,3000
2009/06/17,0,2000,0,2000
2009/06/18,0,2000,0,2000
2009/06/19,0,0,0,0
2009/06/22,0,3000,0,3000
2009/06/23,0,0,-7000,-7000
2009/06/24,0,1000,-2000,-1000
2009/06/25,0,0,0,0
2009/06/26,0,0,0,0
2009/06/29,0,0,0,0
2009/06/30,0,0,0,0
2009/07/01,0,2000,0,2000
2009/07/02,0,0,0,0
2009/07/03,0,0,-4000,-4000
2009/07/06,0,0,0,0
2009/07/07,0,1000,0,1000
2009/07/08,0,0,-1000,-1000
2009/07/09,0,0,0,0
2009/07/10,0,0,-1000,-1000
2009/07/13,0,0,-4000,-4000
2009/07/14,0,0,-4000,-4000
2009/07/15,0,0,0,0
2009/07/16,0,0,-1000,-1000
2009/07/17,0,0,0,0
2009/07/20,0,0,0,0
2009/07/21,0,0,-2000,-2000
2009/07/22,0,0,-1000,-1000
2009/07/23,0,0,-1000,-1000
2009/07/24,0,0,-1000,-1000
2009/07/27,0,0,0,0
2009/07/28,0,0,0,0
2009/07/29,0,0,0,0
2009/07/30,0,0,-2000,-2000
2009/07/31,0,0,0,0
2009/08/03,0,400000,0,400000
2009/08/04,0,150000,0,150000
2009/08/05,0,200000,0,200000
2009/08/06,0,0,0,0
2009/08/07,0,0,0,0
2009/08/10,0,3000,0,3000
2009/08/11,0,1000,0,1000
2009/08/12,0,0,0,0
2009/08/13,0,369000,0,369000
2009/08/14,0,0,0,0
2009/08/17,0,716000,-1000,715000
2009/08/18,0,2000,0,2000
2009/08/19,0,151000,0,151000
2009/08/20,0,1000,-100000,-99000
2009/08/21,0,0,0,0
2009/08/24,0,1000,0,1000
2009/08/25,0,0,0,0
2009/08/26,0,2623000,0,2623000
2009/08/27,0,1853000,0,1853000
2009/08/28,0,0,0,0
2009/08/31,0,0,0,0
2009/09/01,0,0,0,0
2009/09/02,0,0,0,0
2009/09/03,0,0,-1000,-1000
2009/09/04,0,0,-2000,-2000
2009/09/07,0,0,-1000,-1000
2009/09/08,0,885000,0,885000
2009/09/09,0,0,-22000,-22000
2009/09/10,0,0,0,0
2009/09/11,0,0,0,0
2009/09/14,0,0,-43000,-43000
2009/09/15,0,350000,0,350000
2009/09/16,0,1956000,0,1956000
2009/09/17,0,0,0,0
2009/09/18,0,500000,-1000,499000
2009/09/21,0,0,0,0
2009/09/22,0,0,0,0
2009/09/23,0,734000,-1000,733000
2009/09/24,0,0,0,0
2009/09/25,0,0,0,0
2009/09/28,0,0,0,0
2009/09/29,0,2000,0,2000
2009/09/30,0,0,0,0
2009/10/01,0,0,0,0
2009/10/02,0,0,0,0
2009/10/05,0,0,0,0
2009/10/06,0,0,0,0
2009/10/07,0,0,0,0
2009/10/08,0,0,0,0
2009/10/09,0,0,0,0
2009/10/12,0,300000,0,300000
2009/10/13,0,301000,0,301000
2009/10/14,0,308000,0,308000
2009/10/15,0,1458000,0,1458000
2009/10/16,0,804000,0,804000
2009/10/19,0,455000,0,455000
2009/10/20,0,0,-1191000,-1191000
2009/10/21,0,0,-844000,-844000
2009/10/22,0,0,0,0
2009/10/23,0,0,-400000,-400000
2009/10/26,0,0,-249000,-249000
2009/10/27,0,1000,-2297000,-2296000
2009/10/28,0,0,-515000,-515000
2009/10/29,0,1000,-327000,-326000
2009/10/30,0,0,0,0
2009/11/02,0,1000,-829000,-828000
2009/11/03,0,0,-681000,-681000
2009/11/04,0,1000,-1110000,-1109000
2009/11/05,0,1000,-539000,-538000
2009/11/06,0,0,-521000,-521000
2009/11/09,0,1000,-406000,-405000
2009/11/10,0,1000,0,1000
2009/11/11,0,0,0,0
2009/11/12,0,0,0,0
2009/11/13,0,8000,-2000,6000
2009/11/16,0,0,-2000,-2000
2009/11/17,0,0,0,0
2009/11/18,0,0,-446000,-446000
2009/11/19,0,0,0,0
2009/11/20,0,0,-1000,-1000
2009/11/23,0,0,-831000,-831000
2009/11/24,0,0,-1122000,-1122000
2009/11/25,0,0,0,0
2009/11/26,0,0,-420000,-420000
2009/11/27,0,0,0,0
2009/11/30,0,0,0,0
2009/12/01,0,0,-363000,-363000
2009/12/02,0,0,0,0
2009/12/03,0,0,0,0
2009/12/04,0,0,-1000,-1000
2009/12/07,0,0,0,0
2009/12/08,0,0,0,0
2009/12/09,0,0,0,0
2009/12/10,0,0,-1000,-1000
2009/12/11,0,1000,0,1000
2009/12/14,0,0,-190000,-190000
2009/12/15,0,0,-780,-780
2009/12/16,0,0,0,0
2009/12/17,0,0,0,0
2009/12/18,0,0,0,0
2009/12/21,0,0,0,0
2009/12/22,0,0,-1000,-1000
2009/12/23,0,435000,0,435000
2009/12/24,0,0,0,0
2009/12/25,0,0,-1000,-1000
2009/12/28,0,1000,0,1000
2009/12/29,0,13000,0,13000
2009/12/30,0,5000,0,5000
2009/12/31,0,800000,0,800000
2010/01/01,0,0,0,0
2010/01/04,0,2000,0,2000
2010/01/05,0,0,-1000,-1000
2010/01/06,0,0,0,0
2010/01/07,0,641000,-1000,640000
2010/01/08,0,250000,-1000,249000
2010/01/11,0,733000,0,733000
2010/01/12,0,0,-1000,-1000
2010/01/13,0,0,0,0
2010/01/14,0,0,0,0
2010/01/15,0,0,0,0
2010/01/18,0,0,0,0
2010/01/19,0,591000,-1000,590000
2010/01/20,0,186000,0,186000
2010/01/21,0,0,-800000,-800000
2010/01/22,0,0,0,0
2010/01/25,0,0,-2000,-2000
2010/01/26,0,0,0,0
2010/01/27,0,604000,-733000,-129000
2010/01/28,0,2000,0,2000
2010/01/29,0,1000,0,1000
2010/02/01,0,860000,0,860000
2010/02/02,0,1575000,0,1575000
2010/02/03,0,753000,0,753000
2010/02/04,0,831000,0,831000
2010/02/05,0,0,0,0
2010/02/08,0,599000,0,599000
2010/02/09,0,2208000,0,2208000
2010/02/10,0,1114000,0,1114000
2010/02/11,0,0,0,0
2010/02/12,0,0,0,0
2010/02/15,0,0,0,0
2010/02/16,0,0,0,0
2010/02/17,0,0,0,0
2010/02/18,0,0,0,0
2010/02/19,0,0,0,0
2010/02/22,0,1000,0,1000
2010/02/23,0,2000,0,2000
2010/02/24,0,0,0,0
2010/02/25,0,0,0,0
2010/02/26,0,1000,0,1000
2010/03/01,0,1000,0,1000
2010/03/02,0,0,0,0
2010/03/03,0,0,0,0
2010/03/04,0,0,-301000,-301000
2010/03/05,0,591000,0,591000
2010/03/08,0,1050000,0,1050000
2010/03/09,0,72000,0,72000
2010/03/10,0,0,-1000,-1000
2010/03/11,0,0,0,0
2010/03/12,0,0,-19000,-19000
2010/03/15,0,0,0,0
2010/03/16,0,0,0,0
2010/03/17,0,17000,0,17000
2010/03/18,0,2329000,-1000,2328000
2010/03/19,0,0,-1000,-1000
2010/03/22,0,1347000,-1000,1346000
2010/03/23,0,1747000,-1000,1746000
2010/03/24,0,0,0,0
2010/03/25,0,0,-1000,-1000
2010/03/26,0,0,0,0
2010/03/29,0,468000,-6000,462000
2010/03/30,0,0,0,0
2010/03/31,0,200000,0,200000
2010/04/01,0,0,0,0
2010/04/02,0,0,-1000,-1000
2010/04/05,0,0,0,0
2010/04/06,0,0,-1000,-1000
2010/04/07,0,1000000,-1203000,-203000
2010/04/08,0,6920000,-347000,6573000
2010/04/09,0,0,0,0
2010/04/12,0,700000,-1000,699000
2010/04/13,0,0,-401000,-401000
2010/04/14,0,500000,-162000,338000
2010/04/15,0,0,0,0
2010/04/16,0,247000,-5000,242000
2010/04/19,0,1000000,-335000,665000
2010/04/20,0,1000,-3297000,-3296000
2010/04/21,0,0,-2183000,-2183000
2010/04/22,0,0,0,0
2010/04/23,0,834000,0,834000
2010/04/26,0,0,0,0
2010/04/27,0,600000,-9374000,-8774000
2010/04/28,0,0,-1576000,-1576000
2010/04/29,0,0,-543000,-543000
2010/04/30,0,0,-448000,-448000
2010/05/03,0,0,-435000,-435000
2010/05/04,0,150000,-1011000,-861000
2010/05/05,0,1581000,0,1581000
2010/05/06,0,400000,0,400000
2010/05/07,0,672000,0,672000
2010/05/10,0,2000,-500000,-498000
2010/05/11,0,0,-97000,-97000
2010/05/12,0,0,-3000,-3000
2010/05/13,0,1000,0,1000
2010/05/14,0,2000,0,2000
2010/05/17,0,0,-3000,-3000
2010/05/18,0,1000,0,1000
2010/05/19,0,0,-300000,-300000
2010/05/20,0,1000,-200000,-199000
2010/05/21,0,0,0,0
2010/05/24,0,0,-250000,-250000
2010/05/25,0,0,0,0
2010/05/26,0,1000,0,1000
2010/05/27,0,2000,0,2000
2010/05/28,0,0,-250000,-250000
2010/05/31,0,0,-315000,-315000
2010/06/01,0,0,0,0
2010/06/02,0,0,0,0
2010/06/03,0,0,0,0
2010/06/04,0,693000,-82000,611000
2010/06/07,0,0,0,0
2010/06/08,0,555000,-550000,5000
2010/06/09,0,0,0,0
2010/06/10,0,1000,0,1000
2010/06/11,0,0,0,0
2010/06/14,0,1000,0,1000
2010/06/15,0,520000,0,520000
2010/06/16,0,0,0,0
2010/06/17,0,0,0,0
2010/06/18,0,0,0,0
2010/06/21,0,0,0,0
2010/06/22,0,0,0,0
2010/06/23,0,0,0,0
2010/06/24,0,0,-50000,-50000
2010/06/25,0,0,-900000,-900000
2010/06/28,0,0,0,0
2010/06/29,0,1000,0,1000
2010/06/30,0,0,0,0
2010/07/01,0,0,0,0
2010/07/02,0,0,0,0
2010/07/05,0,0,0,0
2010/07/06,0,0,0,0
2010/07/07,0,0,-317000,-317000
2010/07/08,0,0,0,0
2010/07/09,0,0,0,0
2010/07/12,0,0,0,0
2010/07/13,0,0,-1627000,-1627000
2010/07/14,0,0,-428000,-428000
2010/07/15,0,3000,0,3000
2010/07/16,0,0,0,0
2010/07/19,0,3000,0,3000
2010/07/20,0,0,0,0
2010/07/21,0,0,-1000,-1000
2010/07/22,0,0,0,0
2010/07/23,0,0,0,0
2010/07/26,0,0,0,0
2010/07/27,0,0,0,0
2010/07/28,0,0,0,0
2010/07/29,0,0,0,0
2010/07/30,0,0,-7000,-7000
2010/08/02,0,0,-1006000,-1006000
2010/08/03,0,0,-500000,-500000
2010/08/04,0,0,-501000,-501000
2010/08/05,0,0,-2001000,-2001000
2010/08/06,0,0,-1000,-1000
2010/08/09,0,0,0,0
2010/08/10,0,0,0,0
2010/08/11,0,0,0,0
2010/08/12,0,0,-1000,-1000
2010/08/13,0,0,-3000,-3000
2010/08/16,0,0,0,0
2010/08/17,0,786000,0,786000
2010/08/18,0,0,0,0
2010/08/19,0,0,-501000,-501000
2010/08/20,0,0,-300000,-300000
2010/08/23,0,0,-753000,-753000
2010/08/24,0,0,-580000,-580000
2010/08/25,0,0,-787000,-787000
2010/08/26,0,0,-600000,-600000
2010/08/27,0,0,-535000,-535000
2010/08/30,0,1000,0,1000
2010/08/31,0,0,0,0
2010/09/01,0,0,-900000,-900000
2010/09/02,0,0,-600000,-600000
2010/09/03,0,1000,0,1000
2010/09/06,0,0,0,0
2010/09/07,0,0,0,0
2010/09/08,0,399000,-133000,266000
2010/09/09,0,399000,0,399000
2010/09/10,0,0,0,0
2010/09/13,0,0,0,0
2010/09/14,0,119000,0,119000
2010/09/15,0,73000,0,73000
2010/09/16,0,0,-2000,-2000
2010/09/17,0,0,-1000,-1000
2010/09/20,0,0,-1000,-1000
2010/09/21,0,0,-1000,-1000
2010/09/22,0,0,0,0
2010/09/23,0,0,-1000,-1000
2010/09/24,0,0,-2000,-2000
2010/09/27,0,0,0,0
2010/09/28,0,0,0,0
2010/09/29,0,0,0,0
2010/09/30,0,0,-3000,-3000
2010/10/01,0,0,0,0
2010/10/04,0,0,0,0
2010/10/05,0,0,0,0
2010/10/06,0,0,-1000,-1000
2010/10/07,0,0,0,0
2010/10/08,0,0,-155000,-155000
2010/10/11,0,0,0,0
2010/10/12,0,0,-1000,-1000
2010/10/13,0,0,-18000,-18000
2010/10/14,0,1000,0,1000
2010/10/15,0,0,0,0
2010/10/18,0,0,-5000,-5000
2010/10/19,0,2000,0,2000
2010/10/20,0,0,0,0
2010/10/21,0,0,0,0
2010/10/22,0,0,0,0
2010/10/25,0,0,0,0
2010/10/26,0,0,0,0
2010/10/27,0,1000,0,1000
2010/10/28,0,0,0,0
2010/10/29,0,0,0,0
2010/11/01,0,0,-73000,-73000
2010/11/02,0,0,0,0
2010/11/03,0,0,0,0
2010/11/04,0,0,0,0
2010/11/05,0,0,0,0
2010/11/08,0,0,0,0
2010/11/09,0,2000,0,2000
2010/11/10,0,0,-1000,-1000
2010/11/11,0,1000,0,1000
2010/11/12,0,0,0,0
2010/11/15,0,0,0,0
2010/11/16,0,0,0,0
2010/11/17,0,0,0,0
2010/11/18,0,0,0,0
2010/11/19,0,0,-27000,-27000
2010/11/22,0,0,0,0
2010/11/23,0,0,0,0
2010/11/24,0,0,0,0
2010/11/25,0,0,0,0
2010/11/26,0,0,0,0
2010/11/29,0,0,0,0
2010/11/30,0,0,-1000,-1000
2010/12/01,0,0,-1000,-1000
2010/12/02,0,0,-2000,-2000
2010/12/03,0,0,-2000,-2000
2010/12/06,0,0,-4000,-4000
2010/12/07,0,0,-92000,-92000
2010/12/08,0,0,-2000,-2000
2010/12/09,0,1038000,0,1038000
2010/12/10,0,2426000,0,2426000
2010/12/13,0,1312000,-1000,1311000
2010/12/14,0,1803000,-101000,1702000
2010/12/15,0,1100000,0,1100000
2010/12/16,0,0,-1000,-1000
2010/12/17,0,13000,0,13000
2010/12/20,0,0,-1000,-1000
2010/12/21,0,0,0,0
2010/12/22,0,1000,0,1000
2010/12/23,0,0,-374000,-374000
2010/12/24,0,900000,0,900000
2010/12/27,0,912000,0,912000
2010/12/28,0,0,0,0
2010/12/29,0,0,-474000,-474000
2010/12/30,0,0,0,0
2010/12/31,0,0,0,0
2011/01/03,0,0,0,0
2011/01/04,0,0,0,0
2011/01/05,0,2000,0,2000
2011/01/06,0,1288000,0,1288000
2011/01/07,0,300000,-930000,-630000
2011/01/10,0,0,-651000,-651000
2011/01/11,0,0,0,0
2011/01/12,0,0,0,0
2011/01/13,0,0,0,0
2011/01/14,0,0,-2000,-2000
2011/01/17,0,0,-371000,-371000
2011/01/18,0,0,-45000,-45000
2011/01/19,0,0,-900000,-900000
2011/01/20,0,0,-694000,-694000
2011/01/21,0,86000,0,86000
2011/01/24,0,0,0,0
2011/01/25,0,0,0,0
2011/01/26,0,0,0,0
2011/01/27,0,0,0,0
2011/01/28,0,0,-2000,-2000
2011/01/31,0,0,0,0
2011/02/01,0,0,0,0
2011/02/02,0,0,0,0
2011/02/03,0,0,0,0
2011/02/04,0,0,0,0
2011/02/07,0,0,0,0
2011/02/08,0,0,0,0
2011/02/09,0,0,0,0
2011/02/10,0,0,0,0
2011/02/11,0,2000,0,2000
2011/02/14,0,1000,-1045000,-1044000
2011/02/15,0,1000,0,1000
2011/02/16,0,0,-963000,-963000
2011/02/17,0,0,-580000,-580000
2011/02/18,0,0,-200000,-200000
2011/02/21,0,0,-541000,-541000
2011/02/22,0,0,0,0
2011/02/23,0,0,-13000,-13000
2011/02/24,0,0,-300000,-300000
2011/02/25,0,1000,0,1000
2011/02/28,0,0,0,0
2011/03/01,0,0,-400000,-400000
2011/03/02,0,0,0,0
2011/03/03,0,0,0,0
2011/03/04,0,0,0,0
2011/03/07,0,0,0,0
2011/03/08,0,0,-324000,-324000
2011/03/09,0,21000,0,21000
2011/03/10,0,0,-343000,-343000
2011/03/11,0,0,-1000,-1000
2011/03/14,0,1000,0,1000
2011/03/15,0,1000,0,1000
2011/03/16,0,0,-235000,-235000
2011/03/17,0,10000,-1860000,-1850000
2011/03/18,0,0,0,0
2011/03/21,0,0,0,0
2011/03/22,0,0,0,0
2011/03/23,0,0,0,0
2011/03/24,0,0,0,0
2011/03/25,0,0,0,0
2011/03/28,0,0,0,0
2011/03/29,0,0,0,0
2011/03/30,0,15000,0,15000
2011/03/31,0,0,-25000,-25000
2011/04/01,0,0,0,0
2011/04/04,0,0,0,0
2011/04/05,0,0,0,0
2011/04/06,0,0,0,0
2011/04/07,0,0,-51000,-51000
2011/04/08,0,0,0,0
2011/04/11,0,0,0,0
2011/04/12,0,0,-1000,-1000
2011/04/13,0,0,0,0
2011/04/14,0,2000,0,2000
2011/04/15,0,0,0,0
2011/04/18,0,0,0,0
2011/04/19,0,1000,0,1000
2011/04/20,0,0,0,0
2011/04/21,0,0,0,0
2011/04/22,0,0,-86000,-86000
2011/04/25,0,0,-1000,-1000
2011/04/26,0,0,-1000,-1000
2011/04/27,0,74000,0,74000
2011/04/28,0,0,0,0
2011/04/29,0,0,0,0
2011/05/02,0,0,0,0
2011/05/03,0,0,0,0
2011/05/04,0,0,0,0
2011/05/05,0,0,0,0
2011/05/06,0,0,0,0
2011/05/09,0,12000,0,12000
2011/05/10,0,0,0,0
2011/05/11,0,0,0,0
2011/05/12,0,2000,0,2000
2011/05/13,0,0,0,0
2011/05/16,0,1000,0,1000
2011/05/17,0,0,0,0
2011/05/18,0,0,0,0
2011/05/19,0,0,0,0
2011/05/20,0,0,0,0
2011/05/23,0,0,-1000,-1000
2011/05/24,0,0,0,0
2011/05/25,0,0,0,0
2011/05/26,0,0,0,0
2011/05/27,0,0,0,0
2011/05/30,0,1000,0,1000
2011/05/31,0,0,0,0
2011/06/01,0,0,0,0
2011/06/02,0,0,-296000,-296000
2011/06/03,0,0,0,0
2011/06/06,0,0,0,0
2011/06/07,0,0,0,0
2011/06/08,0,1000,0,1000
2011/06/09,0,0,0,0
2011/06/10,0,0,0,0
2011/06/13,0,0,0,0
2011/06/14,0,1000,0,1000
2011/06/15,0,0,-18000,-18000
2011/06/16,0,0,0,0
2011/06/17,0,3000,0,3000
2011/06/20,0,1000,0,1000
2011/06/21,0,2000,0,2000
2011/06/22,0,1000,0,1000
2011/06/23,0,1000,0,1000
2011/06/24,0,1000,0,1000
2011/06/27,0,0,0,0
2011/06/28,0,41000,0,41000
2011/06/29,0,6000,0,6000
2011/06/30,0,1000,0,1000
2011/07/01,0,0,0,0
2011/07/04,0,0,0,0
2011/07/05,0,0,0,0
2011/07/06,0,227000,0,227000
2011/07/07,0,0,0,0
2011/07/08,0,0,-1000,-1000
2011/07/11,0,0,0,0
2011/07/12,0,1000,0,1000
2011/07/13,0,2000,0,2000
2011/07/14,0,3000,0,3000
2011/07/15,0,2000,0,2000
2011/07/18,0,0,0,0
2011/07/19,0,2000,0,2000
2011/07/20,0,0,0,0
2011/07/21,0,2000,0,2000
2011/07/22,0,0,-2000,-2000
2011/07/25,0,0,-2000,-2000
2011/07/26,0,0,0,0
2011/07/27,0,0,-2000,-2000
2011/07/28,0,0,-2000,-2000
2011/07/29,0,0,0,0
2011/08/01,0,1000,0,1000
2011/08/02,0,0,0,0
2011/08/03,0,3000,0,3000
2011/08/04,0,7000,0,7000
2011/08/05,0,6000,0,6000
2011/08/08,0,5000,0,5000
2011/08/09,0,6000,0,6000
2011/08/10,0,6000,0,6000
2011/08/11,0,11000,0,11000
2011/08/12,0,1000,0,1000
2011/08/15,0,2000,0,2000
2011/08/16,0,15000,0,15000
2011/08/17,0,0,-29000,-29000
2011/08/18,0,1000,0,1000
2011/08/19,0,1000,-1000,0
2011/08/22,0,1000,0,1000
2011/08/23,0,1000,-81000,-80000
2011/08/24,0,0,0,0
2011/08/25,0,0,0,0
2011/08/26,0,1000,0,1000
2011/08/29,0,2000,0,2000
2011/08/30,0,0,0,0
2011/08/31,0,0,0,0
2011/09/01,0,0,0,0
2011/09/02,0,0,-2000,-2000
2011/09/05,0,0,-1000,-1000
2011/09/06,0,0,0,0
2011/09/07,0,3000,0,3000
2011/09/08,0,0,0,0
2011/09/09,0,0,0,0
2011/09/12,0,0,0,0
2011/09/13,0,0,0,0
2011/09/14,0,1000,0,1000
2011/09/15,0,33000,-3174,29826
2011/09/16,0,1000,0,1000
2011/09/19,0,1000,0,1000
2011/09/20,0,0,0,0
2011/09/21,0,0,0,0
2011/09/22,0,0,0,0
2011/09/23,0,1000,0,1000
2011/09/26,0,6000,0,6000
2011/09/27,0,2000,0,2000
2011/09/28,0,0,-1000,-1000
2011/09/29,0,1000,0,1000
2011/09/30,0,0,0,0
2011/10/03,0,0,0,0
2011/10/04,0,0,0,0
2011/10/05,0,0,0,0
2011/10/06,0,0,0,0
2011/10/07,0,1000,0,1000
2011/10/10,0,0,0,0
2011/10/11,0,228000,0,228000
2011/10/12,0,0,0,0
2011/10/13,0,0,0,0
2011/10/14,0,0,-186452,-186452
2011/10/17,0,0,0,0
2011/10/18,0,0,0,0
2011/10/19,0,0,0,0
2011/10/20,0,0,0,0
2011/10/21,0,0,0,0
2011/10/24,0,2000,0,2000
2011/10/25,0,0,0,0
2011/10/26,0,1000,0,1000
2011/10/27,0,1000,0,1000
2011/10/28,0,2000,0,2000
2011/10/31,0,0,-2000,-2000
2011/11/01,0,0,-2000,-2000
2011/11/02,0,0,0,0
2011/11/03,0,1000,0,1000
2011/11/04,0,0,0,0
2011/11/07,0,0,0,0
2011/11/08,0,165000,0,165000
2011/11/09,0,0,0,0
2011/11/10,0,1000,0,1000
2011/11/11,0,0,-1000,-1000
2011/11/14,0,2000,0,2000
2011/11/15,0,0,0,0
2011/11/16,0,0,0,0
2011/11/17,0,1000,0,1000
2011/11/18,0,0,0,0
2011/11/21,0,3000,0,3000
2011/11/22,0,1000,0,1000
2011/11/23,0,4000,0,4000
2011/11/24,0,3000,0,3000
2011/11/25,0,6000,0,6000
2011/11/28,0,1000,0,1000
2011/11/29,0,2000,0,2000
2011/11/30,0,0,-1000,-1000
2011/12/01,0,0,0,0
2011/12/02,0,0,0,0
2011/12/05,0,0,-2000,-2000
2011/12/06,0,0,0,0
2011/12/07,0,1000,0,1000
2011/12/08,0,0,0,0
2011/12/09,0,0,0,0
2011/12/12,0,0,0,0
2011/12/13,0,0,0,0
2011/12/14,0,35000,0,35000
2011/12/15,0,34000,0,34000
2011/12/16,0,1000,0,1000
2011/12/19,0,2000,0,2000
2011/12/20,0,1000,0,1000
2011/12/21,0,0,0,0
2011/12/22,0,2000,0,2000
2011/12/23,0,0,-2000,-2000
2011/12/26,0,0,0,0
2011/12/27,0,4000,0,4000
2011/12/28,0,0,-2000,-2000
2011/12/29,0,0,0,0
2011/12/30,0,0,-3000,-3000
2012/01/02,0,4000,0,4000
2012/01/03,0,0,-6000,-6000
2012/01/04,0,0,0,0
2012/01/05,0,0,-1000,-1000
2012/01/06,0,0,-1000,-1000
2012/01/09,0,0,0,0
2012/01/10,0,0,0,0
2012/01/11,0,0,-3000,-3000
2012/01/12,0,0,-4000,-4000
2012/01/13,0,0,-7000,-7000
2012/01/16,0,0,-2000,-2000
2012/01/17,0,0,0,0
2012/01/18,0,0,-2000,-2000
2012/01/19,0,0,0,0
2012/01/20,0,0,0,0
2012/01/23,0,0,0,0
2012/01/24,0,0,0,0
2012/01/25,0,0,0,0
2012/01/26,0,0,0,0
2012/01/27,0,0,0,0
2012/01/30,0,0,-1000,-1000
2012/01/31,0,0,0,0
2012/02/01,0,0,-3000,-3000
2012/02/02,0,0,-3000,-3000
2012/02/03,0,0,-3000,-3000
2012/02/06,0,0,-6000,-6000
2012/02/07,0,0,0,0
2012/02/08,0,0,-1000,-1000
2012/02/09,0,0,-2000,-2000
2012/02/10,0,0,-3000,-3000
2012/02/13,0,0,0,0
2012/02/14,0,59000,-3000,56000
2012/02/15,0,0,-4000,-4000
2012/02/16,0,0,-1000,-1000
2012/02/17,0,5000,0,5000
2012/02/20,0,300000,-2000,298000
2012/02/21,0,0,0,0
2012/02/22,0,0,0,0
2012/02/23,0,0,-1000,-1000
2012/02/24,0,0,-6000,-6000
2012/02/27,0,0,0,0
2012/02/28,0,0,0,0
2012/02/29,0,0,-1000,-1000
2012/03/01,0,0,0,0
2012/03/02,0,0,-3000,-3000
2012/03/05,0,0,-1000,-1000
2012/03/06,0,0,0,0
2012/03/07,0,0,-21000,-21000
2012/03/08,0,0,-2000,-2000
2012/03/09,0,0,0,0
2012/03/12,0,0,-1000,-1000
2012/03/13,0,0,-1000,-1000
2012/03/14,0,113000,0,113000
2012/03/15,0,0,-1000,-1000
2012/03/16,0,0,-2000,-2000
2012/03/19,0,0,0,0
2012/03/20,0,0,-2000,-2000
2012/03/21,0,0,0,0
2012/03/22,0,0,0,0
2012/03/23,0,0,0,0
2012/03/26,0,0,-1000,-1000
2012/03/27,0,0,0,0
2012/03/28,0,0,0,0
2012/03/29,0,0,0,0
2012/03/30,0,0,-2000,-2000
2012/04/02,0,0,0,0
2012/04/03,0,0,0,0
2012/04/04,0,0,0,0
2012/04/05,0,1000,0,1000
2012/04/06,0,0,0,0
2012/04/09,0,41000,-1000,40000
2012/04/10,0,0,0,0
2012/04/11,0,0,0,0
2012/04/12,0,0,-1000,-1000
2012/04/13,0,0,0,0
2012/04/16,0,3000,0,3000
2012/04/17,0,0,0,0
2012/04/18,0,0,0,0
2012/04/19,0,40000,0,40000
2012/04/20,0,0,0,0
2012/04/23,0,1000,0,1000
2012/04/24,0,4000,0,4000
2012/04/25,0,0,0,0
2012/04/26,0,0,0,0
2012/04/27,0,0,0,0
2012/04/30,0,0,0,0
2012/05/01,0,0,0,0
2012/05/02,0,11000,0,11000
2012/05/03,0,0,0,0
2012/05/04,0,0,-1000,-1000
2012/05/07,0,23000,0,23000
2012/05/08,0,0,0,0
2012/05/09,0,0,0,0
2012/05/10,0,0,0,0
2012/05/11,0,0,0,0
2012/05/14,0,0,0,0
2012/05/15,0,9000,0,9000
2012/05/16,0,0,-1000,-1000
2012/05/17,0,0,0,0
2012/05/18,0,0,0,0
2012/05/21,0,0,0,0
2012/05/22,0,0,0,0
2012/05/23,0,0,-2000,-2000
2012/05/24,0,0,0,0
2012/05/25,0,1000,0,1000
2012/05/28,0,0,0,0
2012/05/29,0,1000,0,1000
2012/05/30,0,0,0,0
2012/05/31,0,0,0,0
2012/06/01,0,0,0,0
2012/06/04,0,5000,0,5000
2012/06/05,0,4000,0,4000
2012/06/06,0,0,0,0
2012/06/07,0,18000,0,18000
2012/06/08,0,0,0,0
2012/06/11,0,0,0,0
2012/06/12,0,0,0,0
2012/06/13,0,0,-40000,-40000
2012/06/14,0,0,-42000,-42000
2012/06/15,0,0,0,0
2012/06/18,0,0,0,0
2012/06/19,0,0,0,0
2012/06/20,0,0,0,0
2012/06/21,0,0,0,0
2012/06/22,0,0,0,0
2012/06/25,0,0,-8000,-8000
2012/06/26,0,0,-3000,-3000
2012/06/27,0,0,0,0
2012/06/28,0,0,-3000,-3000
2012/06/29,0,0,0,0
2012/07/02,0,0,-1000,-1000
2012/07/03,0,1000,0,1000
2012/07/04,0,0,0,0
2012/07/05,0,0,-1000,-1000
2012/07/06,0,0,0,0
2012/07/09,0,0,-44000,-44000
2012/07/10,0,0,0,0
2012/07/11,0,0,0,0
2012/07/12,0,0,0,0
2012/07/13,0,0,0,0
2012/07/16,0,0,0,0
2012/07/17,0,0,-67000,-67000
2012/07/18,0,0,0,0
2012/07/19,0,0,0,0
2012/07/20,0,0,0,0
2012/07/23,0,0,0,0
2012/07/24,0,0,0,0
2012/07/25,0,0,0,0
2012/07/26,0,0,0,0
2012/07/27,0,0,0,0
2012/07/30,0,0,0,0
2012/07/31,0,0,0,0
2012/08/01,0,0,0,0
2012/08/02,0,0,0,0
2012/08/03,0,0,0,0
2012/08/06,0,0,0,0
2012/08/07,0,34000,0,34000
2012/08/08,0,0,0,0
2012/08/09,0,12000,0,12000
2012/08/10,0,0,0,0
2012/08/13,0,0,0,0
2012/08/14,0,0,0,0
2012/08/15,0,39000,0,39000
2012/08/16,0,0,0,0
2012/08/17,0,0,0,0
2012/08/20,0,0,0,0
2012/08/21,0,0,0,0
2012/08/22,0,0,0,0
2012/08/23,0,0,0,0
2012/08/24,0,0,0,0
2012/08/27,0,0,0,0
2012/08/28,0,0,0,0
2012/08/29,0,0,0,0
2012/08/30,0,0,0,0
2012/08/31,0,0,0,0
2012/09/03,0,0,0,0
2012/09/04,0,0,0,0
2012/09/05,0,0,0,0
2012/09/06,0,0,0,0
2012/09/07,0,0,-18000,-18000
2012/09/10,0,0,0,0
2012/09/11,0,0,0,0
2012/09/12,0,0,0,0
2012/09/13,0,0,0,0
2012/09/14,0,0,0,0
2012/09/17,0,0,0,0
2012/09/18,0,11000,0,11000
2012/09/19,0,17000,0,17000
2012/09/20,0,0,0,0
2012/09/21,0,0,0,0
2012/09/24,0,0,0,0
2012/09/25,0,0,0,0
2012/09/26,0,0,0,0
2012/09/27,0,0,0,0
2012/09/28,0,0,0,0
2012/10/01,0,0,0,0
2012/10/02,0,21000,0,21000
2012/10/03,0,0,0,0
2012/10/04,0,0,0,0
2012/10/05,0,0,0,0
2012/10/08,0,0,-445000,-445000
2012/10/09,0,0,0,0
2012/10/10,0,0,0,0
2012/10/11,0,0,0,0
2012/10/12,0,0,-1000,-1000
2012/10/15,0,0,0,0
2012/10/16,0,0,0,0
2012/10/17,0,0,0,0
2012/10/18,0,23000,0,23000
2012/10/19,0,0,0,0
2012/10/22,0,0,0,0
2012/10/23,0,0,0,0
2012/10/24,0,0,0,0
2012/10/25,0,0,0,0
2012/10/26,0,0,-5000,-5000
2012/10/29,0,0,0,0
2012/10/30,0,0,0,0
2012/10/31,0,0,0,0
2012/11/01,0,0,0,0
2012/11/02,0,0,0,0
2012/11/05,0,0,0,0
2012/11/06,0,0,0,0
2012/11/07,0,0,0,0
2012/11/08,0,0,0,0
2012/11/09,0,0,0,0
2012/11/12,0,0,0,0
2012/11/13,0,0,0,0
2012/11/14,0,0,0,0
2012/11/15,0,0,0,0
2012/11/16,0,0,0,0
2012/11/19,0,0,0,0
2012/11/20,0,0,-50000,-50000
2012/11/21,0,0,-50000,-50000
2012/11/22,0,0,-51000,-51000
2012/11/23,0,0,0,0
2012/11/26,0,0,0,0
2012/11/27,0,0,0,0
2012/11/28,0,71000,0,71000
2012/11/29,0,0,0,0
2012/11/30,0,0,0,0
2012/12/03,0,0,0,0
2012/12/04,0,0,0,0
2012/12/05,0,0,-101000,-101000
2012/12/06,0,0,-50000,-50000
2012/12/07,0,0,0,0
2012/12/10,0,0,-1000,-1000
2012/12/11,0,0,0,0
2012/12/12,0,0,0,0
2012/12/13,0,0,0,0
2012/12/14,0,0,0,0
2012/12/17,0,0,0,0
2012/12/18,0,0,0,0
2012/12/19,0,0,0,0
2012/12/20,0,0,-2000,-2000
2012/12/21,0,0,-15000,-15000
2012/12/24,0,0,0,0
2012/12/25,0,0,0,0
2012/12/26,0,0,0,0
2012/12/27,0,0,0,0
2012/12/28,0,0,0,0
2012/12/31,0,0,0,0
2013/01/01,0,0,0,0
2013/01/02,0,0,0,0
2013/01/03,0,0,-2000,-2000
2013/01/04,0,0,-7000,-7000
2013/01/07,0,0,-35000,-35000
2013/01/08,0,0,0,0
2013/01/09,0,0,0,0
2013/01/10,0,0,0,0
2013/01/11,0,0,-7000,-7000
2013/01/14,0,0,0,0
2013/01/15,0,0,-4000,-4000
2013/01/16,0,0,-6000,-6000
2013/01/17,0,0,-6000,-6000
2013/01/18,0,0,0,0
2013/01/21,0,0,-16000,-16000
2013/01/22,0,0,-1000,-1000
2013/01/23,0,0,-2000,-2000
2013/01/24,0,0,-5000,-5000
2013/01/25,0,0,-3000,-3000
2013/01/28,0,0,0,0
2013/01/29,0,0,0,0
2013/01/30,0,0,0,0
2013/01/31,0,1000,-2000,-1000
2013/02/01,0,0,0,0
2013/02/04,0,0,-74000,-74000
2013/02/05,0,0,-71000,-71000
2013/02/06,0,0,-2000,-2000
2013/02/07,0,0,0,0
2013/02/08,0,0,0,0
2013/02/11,0,0,0,0
2013/02/12,0,0,0,0
2013/02/13,0,0,0,0
2013/02/14,0,0,0,0
2013/02/15,0,0,0,0
2013/02/18,0,0,0,0
2013/02/19,0,0,0,0
2013/02/20,0,0,0,0
2013/02/21,0,0,-1000,-1000
2013/02/22,0,0,0,0
2013/02/25,0,0,0,0
2013/02/26,0,0,0,0
2013/02/27,0,0,0,0
2013/02/28,0,0,0,0
2013/03/01,0,0,0,0
2013/03/04,0,0,0,0
2013/03/05,0,0,0,0
2013/03/06,0,0,-1000,-1000
2013/03/07,0,0,0,0
2013/03/08,0,0,0,0
2013/03/11,0,0,0,0
2013/03/12,0,0,0,0
2013/03/13,0,0,-1000,-1000
2013/03/14,0,0,0,0
2013/03/15,0,0,0,0
2013/03/18,0,0,-1000,-1000
2013/03/19,0,0,0,0
2013/03/20,0,0,0,0
2013/03/21,0,0,0,0
2013/03/22,0,0,-1000,-1000
2013/03/25,0,0,0,0
2013/03/26,0,0,0,0
2013/03/27,0,0,-19000,-19000
2013/03/28,0,0,0,0
2013/03/29,0,0,0,0
2013/04/01,0,0,0,0
2013/04/02,0,0,0,0
2013/04/03,0,0,0,0
2013/04/04,0,0,0,0
2013/04/05,0,0,0,0
2013/04/08,0,0,0,0
2013/04/09,0,0,0,0
2013/04/10,0,0,0,0
2013/04/11,0,0,0,0
2013/04/12,0,0,0,0
2013/04/15,0,0,0,0
2013/04/16,0,0,0,0
2013/04/17,0,0,-4000,-4000
2013/04/18,0,0,-149000,-149000
2013/04/19,0,0,0,0
2013/04/22,0,0,-1000,-1000
2013/04/23,0,0,0,0
2013/04/24,0,0,0,0
2013/04/25,0,0,0,0
2013/04/26,0,0,-1000,-1000
2013/04/29,0,0,0,0
2013/04/30,0,0,0,0
2013/05/01,0,0,0,0
2013/05/02,0,0,0,0
2013/05/03,0,0,-1000,-1000
2013/05/06,0,0,0,0
2013/05/07,0,0,0,0
2013/05/08,0,0,0,0
2013/05/09,0,0,0,0
2013/05/10,0,0,0,0
2013/05/13,0,0,0,0
2013/05/14,0,0,-3000,-3000
2013/05/15,0,0,0,0
2013/05/16,0,0,0,0
2013/05/17,0,0,0,0
2013/05/20,0,0,0,0
2013/05/21,0,0,0,0
2013/05/22,0,0,-1000,-1000
2013/05/23,0,0,0,0
2013/05/24,0,0,-2000,-2000
2013/05/27,0,0,0,0
2013/05/28,0,0,0,0
2013/05/29,0,0,0,0
2013/05/30,0,0,0,0
2013/05/31,0,0,0,0
2013/06/03,0,0,0,0
2013/06/04,0,0,0,0
2013/06/05,0,0,0,0
2013/06/06,0,0,0,0
2013/06/07,0,0,-1000,-1000
2013/06/10,0,0,0,0
2013/06/11,0,9000,0,9000
2013/06/12,0,0,0,0
2013/06/13,0,7000,0,7000
2013/06/14,0,0,0,0
2013/06/17,0,0,0,0
2013/06/18,0,0,0,0
2013/06/19,0,0,0,0
2013/06/20,0,0,0,0
2013/06/21,0,0,0,0
2013/06/24,0,0,0,0
2013/06/25,0,0,0,0
2013/06/26,0,0,0,0
2013/06/27,0,0,0,0
2013/06/28,0,0,0,0
2013/07/01,0,0,0,0
2013/07/02,0,0,0,0
2013/07/03,0,0,0,0
2013/07/04,0,0,-2000,-2000
2013/07/05,0,8000,0,8000
2013/07/08,0,0,0,0
2013/07/09,0,0,0,0
2013/07/10,0,0,0,0
2013/07/11,0,0,0,0
2013/07/12,0,0,0,0
2013/07/15,0,0,0,0
2013/07/16,0,0,0,0
2013/07/17,0,0,0,0
2013/07/18,0,0,0,0
2013/07/19,0,0,0,0
2013/07/22,0,0,0,0
2013/07/23,0,0,0,0
2013/07/24,0,0,0,0
2013/07/25,0,0,0,0
2013/07/26,0,0,0,0
2013/07/29,0,0,0,0
2013/07/30,0,20000,0,20000
2013/07/31,0,0,0,0
2013/08/01,0,0,0,0
2013/08/02,0,0,0,0
2013/08/05,0,0,-2000,-2000
2013/08/06,0,0,0,0
2013/08/07,0,0,0,0
2013/08/08,0,0,0,0
2013/08/09,0,0,0,0
2013/08/12,0,0,0,0
2013/08/13,0,0,0,0
2013/08/14,0,0,0,0
2013/08/15,0,111000,0,111000
2013/08/16,0,4000,0,4000
2013/08/19,0,0,0,0
2013/08/20,0,0,0,0
2013/08/21,0,0,0,0
2013/08/22,0,0,0,0
2013/08/23,0,0,0,0
2013/08/26,0,0,0,0
2013/08/27,0,0,0,0
2013/08/28,0,0,0,0
2013/08/29,0,0,0,0
2013/08/30,0,0,0,0
2013/09/02,0,0,0,0
2013/09/03,0,0,0,0
2013/09/04,0,0,0,0
2013/09/05,0,0,-1000,-1000
2013/09/06,0,0,0,0
2013/09/09,0,0,0,0
2013/09/10,0,0,0,0
2013/09/11,0,0,0,0
2013/09/12,0,13000,0,13000
2013/09/13,0,13000,0,13000
2013/09/16,0,0,0,0
2013/09/17,0,0,0,0
2013/09/18,0,0,0,0
2013/09/19,0,0,0,0
2013/09/20,0,0,0,0
2013/09/23,0,0,0,0
2013/09/24,0,0,0,0
2013/09/25,0,0,0,0
2013/09/26,0,0,0,0
2013/09/27,0,5000,0,5000
2013/09/30,0,0,-1000,-1000
2013/10/01,0,0,0,0
2013/10/02,0,0,0,0
2013/10/03,0,0,0,0
2013/10/04,0,0,0,0
2013/10/07,0,0,0,0
2013/10/08,0,0,0,0
2013/10/09,0,0,0,0
2013/10/10,0,0,0,0
2013/10/11,0,0,0,0
2013/10/14,0,0,0,0
2013/10/15,0,0,0,0
2013/10/16,0,0,0,0
2013/10/17,0,0,0,0
2013/10/18,0,0,0,0
2013/10/21,0,0,0,0
2013/10/22,0,0,-33000,-33000
2013/10/23,0,0,0,0
2013/10/24,0,0,0,0
2013/10/25,0,0,0,0
2013/10/28,0,0,0,0
2013/10/29,0,0,0,0
2013/10/30,0,0,0,0
2013/10/31,0,0,-1000,-1000
2013/11/01,0,0,0,0
2013/11/04,0,0,0,0
2013/11/05,0,0,0,0
2013/11/06,0,0,0,0
2013/11/07,0,0,0,0
2013/11/08,0,0,0,0
2013/11/11,0,0,0,0
2013/11/12,0,0,0,0
2013/11/13,0,0,0,0
2013/11/14,0,0,0,0
2013/11/15,0,0,0,0
2013/11/18,0,0,0,0
2013/11/19,0,0,0,0
2013/11/20,0,0,0,0
2013/11/21,0,0,-1000,-1000
2013/11/22,0,0,0,0
2013/11/25,0,0,0,0
2013/11/26,0,0,0,0
2013/11/27,0,0,0,0
2013/11/28,0,0,0,0
2013/11/29,0,0,0,0
2013/12/02,0,0,0,0
2013/12/03,0,0,0,0
2013/12/04,0,0,0,0
2013/12/05,0,0,0,0
2013/12/06,0,0,0,0
2013/12/09,0,0,0,0
2013/12/10,0,0,-7000,-7000
2013/12/11,0,0,0,0
2013/12/12,0,0,0,0
2013/12/13,0,0,0,0
2013/12/16,0,0,0,0
2013/12/17,0,0,0,0
2013/12/18,0,0,-2000,-2000
2013/12/19,0,0,0,0
2013/12/20,0,0,0,0
2013/12/23,0,0,0,0
2013/12/24,0,0,-2000,-2000
2013/12/25,0,0,-2000,-2000
2013/12/26,0,0,0,0
2013/12/27,0,1000,0,1000
2013/12/30,0,31000,0,31000
2013/12/31,0,0,-1000,-1000
2014/01/02,0,30000,0,30000
2014/01/03,0,0,0,0
2014/01/06,0,0,0,0
2014/01/07,0,0,0,0
2014/01/08,0,0,0,0
2014/01/09,0,0,0,0
2014/01/10,0,0,-10000,-10000
2014/01/13,0,0,0,0
2014/01/14,0,0,0,0
2014/01/15,0,0,0,0
2014/01/16,0,0,-1000,-1000
2014/01/17,0,0,0,0
2014/01/20,0,0,0,0
2014/01/21,0,0,-1000,-1000
2014/01/22,0,0,0,0
2014/01/23,0,0,0,0
2014/01/24,0,0,-1000,-1000
2014/01/27,0,0,0,0
2014/02/05,0,0,0,0
2014/02/06,0,0,0,0
2014/02/07,0,0,0,0
2014/02/10,0,0,0,0
2014/02/11,0,0,0,0
2014/02/12,0,0,0,0
2014/02/13,0,0,-2000,-2000
2014/02/14,0,0,0,0
2014/02/17,0,0,0,0
2014/02/18,0,0,0,0
2014/02/19,0,0,0,0
2014/02/20,0,0,-1000,-1000
2014/02/21,0,0,0,0
2014/02/24,0,0,-1000,-1000
2014/02/25,0,0,0,0
2014/02/26,0,0,0,0
2014/02/27,0,0,0,0
2014/03/03,0,0,0,0
2014/03/04,0,0,0,0
2014/03/05,0,0,0,0
2014/03/06,0,0,0,0
2014/03/07,0,0,0,0
2014/03/10,0,0,-3000,-3000
2014/03/11,0,0,-1000,-1000
2014/03/12,0,0,0,0
2014/03/13,0,0,0,0
2014/03/14,0,0,-4000,-4000
2014/03/17,0,0,0,0
2014/03/18,0,0,0,0
2014/03/19,0,0,0,0
2014/03/20,0,0,0,0
2014/03/21,0,0,0,0
2014/03/24,0,0,0,0
2014/03/25,0,0,0,0
2014/03/26,0,0,0,0
2014/03/27,0,0,0,0
2014/03/28,0,0,0,0
2014/03/31,0,0,0,0
2014/04/01,0,17000,0,17000
2014/04/02,0,0,0,0
2014/04/03,0,0,-36000,-36000
2014/04/07,0,0,-3000,-3000
2014/04/08,0,0,0,0
2014/04/09,0,0,0,0
2014/04/10,0,0,0,0
2014/04/11,0,0,0,0
2014/04/14,0,0,0,0
2014/04/15,0,0,0,0
2014/04/16,0,0,0,0
2014/04/17,0,0,-1000,-1000
2014/04/18,0,0,-1000,-1000
2014/04/21,0,0,-4000,-4000
2014/04/22,0,0,-1000,-1000
2014/04/23,0,0,0,0
2014/04/24,0,0,0,0
2014/04/25,0,0,0,0
2014/04/28,0,0,0,0
2014/04/29,0,0,0,0
2014/04/30,0,0,-2000,-2000
2014/05/02,0,0,0,0
2014/05/05,0,0,0,0
2014/05/06,0,0,0,0
2014/05/07,0,0,0,0
2014/05/08,0,0,-15000,-15000
2014/05/09,0,0,-1000,-1000
2014/05/12,0,0,0,0
2014/05/13,0,0,0,0
2014/05/14,0,0,0,0
2014/05/15,0,0,0,0
2014/05/16,0,0,0,0
2014/05/19,0,0,-1000,-1000
2014/05/20,0,0,0,0
2014/05/21,0,0,0,0
2014/05/22,0,0,0,0
2014/05/23,0,0,0,0
2014/05/26,0,0,-8000,-8000
2014/05/27,0,0,-18000,-18000
2014/05/28,0,0,-1000,-1000
2014/05/29,0,0,-2000,-2000
2014/05/30,0,0,-1000,-1000
2014/06/03,0,0,0,0
2014/06/04,0,0,0,0
2014/06/05,0,0,0,0
2014/06/06,0,2968000,-1000,2967000
2014/06/09,0,0,0,0
2014/06/10,0,0,0,0
2014/06/11,0,750000,0,750000
2014/06/12,0,300000,-13000,287000
2014/06/13,0,0,0,0
2014/06/16,0,0,-2000,-2000
2014/06/17,0,0,0,0
2014/06/18,0,0,0,0
2014/06/19,0,0,0,0
2014/06/20,0,0,0,0
2014/06/23,0,0,0,0
2014/06/24,0,0,0,0
2014/06/25,0,0,-10000,-10000
2014/06/26,0,0,0,0
2014/06/27,0,0,0,0
2014/06/30,0,0,-4000,-4000
2014/07/01,0,0,0,0
2014/07/02,0,0,0,0
2014/07/03,0,0,0,0
2014/07/04,0,0,0,0
2014/07/07,0,0,0,0
2014/07/08,0,0,-1000,-1000
2014/07/09,0,0,0,0
2014/07/10,0,0,0,0
2014/07/11,0,0,0,0
2014/07/14,0,0,0,0
2014/07/15,0,0,0,0
2014/07/16,0,0,0,0
2014/07/17,0,0,0,0
2014/07/18,0,0,0,0
2014/07/21,0,0,-190000,-190000
2014/07/22,0,0,0,0
2014/07/23,0,0,0,0
2014/07/24,0,0,0,0
2014/07/25,0,0,0,0
2014/07/28,0,0,0,0
2014/07/29,0,0,0,0
2014/07/30,0,49000,0,49000
2014/07/31,0,1000,0,1000
2014/08/01,0,0,0,0
2014/08/04,0,0,0,0
2014/08/05,0,0,0,0
2014/08/06,0,0,0,0
2014/08/07,0,576000,-34000,542000
2014/08/08,0,0,0,0
2014/08/11,0,0,0,0
2014/08/12,0,2000,0,2000
2014/08/13,0,0,0,0
2014/08/14,0,0,0,0
2014/08/15,0,0,0,0
2014/08/18,0,0,-744000,-744000
2014/08/19,0,0,0,0
2014/08/20,0,0,0,0
2014/08/21,0,150000,0,150000
2014/08/22,0,0,0,0
2014/08/25,0,0,0,0
2014/08/26,0,0,0,0
2014/08/27,0,0,0,0
2014/08/28,0,4000,0,4000
2014/08/29,0,0,0,0
2014/09/01,0,0,0,0
2014/09/02,0,0,0,0
2014/09/03,0,0,0,0
2014/09/04,0,0,0,0
2014/09/05,0,0,0,0
2014/09/09,0,0,0,0
2014/09/10,0,0,0,0
2014/09/11,0,0,0,0
2014/09/12,0,0,-850000,-850000
2014/09/15,0,1000,0,1000
2014/09/16,0,0,0,0
2014/09/17,0,0,0,0
2014/09/18,0,0,0,0
2014/09/19,0,0,-510000,-510000
2014/09/22,0,0,-513000,-513000
2014/09/23,0,0,-14000,-14000
2014/09/24,0,0,0,0
2014/09/25,0,0,0,0
2014/09/26,0,0,0,0
2014/09/29,0,0,0,0
2014/09/30,0,0,0,0
2014/10/01,0,0,0,0
2014/10/02,0,0,0,0
2014/10/03,0,0,0,0
2014/10/06,0,0,0,0
2014/10/07,0,0,0,0
2014/10/08,0,0,0,0
2014/10/09,0,0,0,0
2014/10/13,0,0,0,0
2014/10/14,0,0,0,0
2014/10/15,0,0,-321000,-321000
2014/10/16,0,0,-754000,-754000
2014/10/17,0,0,-702000,-702000
2014/10/20,0,0,0,0
2014/10/21,0,3000,0,3000
2014/10/22,0,0,0,0
2014/10/23,0,5000,0,5000
2014/10/24,0,0,0,0
2014/10/27,0,0,0,0
2014/10/28,0,0,0,0
2014/10/29,0,0,0,0
2014/10/30,0,0,0,0
2014/10/31,0,0,0,0
2014/11/03,0,0,0,0
2014/11/04,0,0,0,0
2014/11/05,0,0,0,0
2014/11/06,0,0,0,0
2014/11/07,0,0,0,0
2014/11/10,0,0,0,0
2014/11/11,0,0,0,0
2014/11/12,0,0,0,0
2014/11/13,0,0,0,0
2014/11/14,0,0,0,0
2014/11/17,0,0,0,0
2014/11/18,0,0,-9000,-9000
2014/11/19,0,0,0,0
2014/11/20,0,0,0,0
2014/11/21,0,0,0,0
2014/11/24,0,0,0,0
2014/11/25,0,0,0,0
2014/11/26,0,0,0,0
2014/11/27,0,452000,-1000,451000
2014/11/28,0,266000,0,266000
2014/12/01,0,0,0,0
2014/12/02,0,600000,0,600000
2014/12/03,0,600000,-3000,597000
2014/12/04,0,0,0,0
2014/12/05,0,229000,0,229000
2014/12/08,0,800000,0,800000
2014/12/09,0,100000,0,100000
2014/12/10,0,0,0,0
2014/12/11,0,0,0,0
2014/12/12,0,0,0,0
2014/12/15,0,0,0,0
2014/12/16,0,0,-6000,-6000
2014/12/17,0,0,0,0
2014/12/18,0,236000,0,236000
2014/12/19,0,0,0,0
2014/12/22,0,0,0,0
2014/12/23,0,166000,0,166000
2014/12/24,0,116000,0,116000
2014/12/25,0,0,0,0
2014/12/26,0,0,0,0
2014/12/29,0,0,0,0
2014/12/30,0,0,0,0
2014/12/31,0,0,0,0
2015/01/01,0,0,0,0
2015/01/02,0,0,0,0
2015/01/05,0,0,0,0
2015/01/06,0,0,0,0
2015/01/07,0,0,0,0
2015/01/08,0,0,0,0
2015/01/09,0,0,0,0
2015/01/12,0,0,0,0
2015/01/13,0,0,0,0
2015/01/14,0,0,0,0
2015/01/15,0,0,0,0
2015/01/16,0,0,0,0
2015/01/19,0,0,0,0
2015/01/20,0,0,0,0
2015/01/21,0,0,0,0
2015/01/22,0,0,-3000,-3000
2015/01/23,0,0,0,0
2015/01/26,0,0,0,0
2015/01/27,0,0,0,0
2015/01/28,0,0,0,0
2015/01/29,0,0,0,0
2015/01/30,0,0,-16000,-16000
2015/02/02,0,0,0,0
2015/02/03,0,0,0,0
2015/02/04,0,0,0,0
2015/02/05,0,100000,0,100000
2015/02/06,0,4823000,0,4823000
2015/02/09,0,5833000,-1244000,4589000
2015/02/10,0,2686000,0,2686000
2015/02/11,0,1368000,0,1368000
2015/02/12,0,1068000,0,1068000
2015/02/13,0,685000,-10000,675000
2015/02/16,0,0,0,0
2015/02/17,0,0,0,0
2015/02/18,0,0,0,0
2015/02/19,0,0,0,0
2015/02/20,0,0,0,0
2015/02/23,0,0,0,0
2015/02/24,0,0,0,0
2015/02/25,0,730000,0,730000
2015/02/26,0,0,-206000,-206000
2015/02/27,0,0,0,0
2015/03/02,0,600000,-681000,-81000
2015/03/03,0,390000,-2616000,-2226000
2015/03/04,0,300000,-40000,260000
2015/03/05,0,0,-204000,-204000
2015/03/06,0,0,-355000,-355000
2015/03/09,0,100000,-5000,95000
2015/03/10,0,0,0,0
2015/03/11,0,0,0,0
2015/03/12,0,0,-1275000,-1275000
2015/03/13,0,0,-770000,-770000
2015/03/16,0,0,-259000,-259000
2015/03/17,0,0,-3796000,-3796000
2015/03/18,0,200000,-125000,75000
2015/03/19,0,197000,-448000,-251000
2015/03/20,0,0,-448000,-448000
2015/03/23,0,0,-2000,-2000
2015/03/24,0,0,-2000,-2000
2015/03/25,0,120000,-2000,118000
2015/03/26,0,968000,0,968000
2015/03/27,0,681000,0,681000
2015/03/30,0,0,0,0
2015/03/31,0,0,0,0
2015/04/01,0,0,0,0
2015/04/02,0,1000000,0,1000000
2015/04/03,0,0,0,0
2015/04/06,0,0,0,0
2015/04/07,0,197000,0,197000
2015/04/08,0,217000,0,217000
2015/04/09,0,616000,0,616000
2015/04/10,0,0,0,0
2015/04/13,0,360000,0,360000
2015/04/14,0,0,0,0
2015/04/15,0,0,-358936,-358936
2015/04/16,0,0,0,0
2015/04/17,0,0,-1400000,-1400000
2015/04/20,0,0,-1067000,-1067000
2015/04/21,0,0,-338000,-338000
2015/04/22,0,0,0,0
2015/04/23,0,0,-297000,-297000
2015/04/24,0,0,-150000,-150000
2015/04/27,0,0,-303000,-303000
2015/04/28,0,0,-1300000,-1300000
2015/04/29,0,252000,-1649000,-1397000
2015/04/30,0,0,-1000000,-1000000
2015/05/01,0,0,0,0
2015/05/04,0,0,0,0
2015/05/05,0,0,-1374000,-1374000
2015/05/06,0,0,0,0
2015/05/07,0,566000,0,566000
2015/05/08,0,466000,0,466000
2015/05/11,0,106000,0,106000
2015/05/12,0,0,-597000,-597000
2015/05/13,0,0,0,0
2015/05/14,0,0,0,0
2015/05/15,0,0,0,0
2015/05/18,0,0,-545000,-545000
2015/05/19,0,0,0,0
2015/05/20,0,0,0,0
2015/05/21,0,0,0,0
2015/05/22,0,0,0,0
2015/05/25,0,450000,0,450000
2015/05/26,0,467000,0,467000
2015/05/27,0,0,0,0
2015/05/28,0,102000,0,102000
2015/05/29,0,0,0,0
2015/06/01,0,0,0,0
2015/06/02,0,1260000,0,1260000
2015/06/03,0,0,0,0
2015/06/04,0,865000,0,865000
2015/06/05,0,2002000,-1000,2001000
2015/06/08,0,0,0,0
2015/06/09,0,0,0,0
2015/06/10,0,0,0,0
2015/06/11,0,0,0,0
2015/06/12,0,0,-2068000,-2068000
2015/06/15,0,0,-1724000,-1724000
2015/06/16,0,0,-900000,-900000
2015/06/17,0,0,0,0
2015/06/18,0,0,0,0
2015/06/19,0,0,0,0
2015/06/22,0,8000,0,8000
2015/06/23,0,0,0,0
2015/06/24,0,0,-150000,-150000
2015/06/25,0,0,0,0
2015/06/26,0,0,-200000,-200000
2015/06/29,0,0,0,0
2015/06/30,0,0,0,0
2015/07/01,0,0,0,0
2015/07/02,0,0,0,0
2015/07/03,0,0,0,0
2015/07/06,0,0,0,0
2015/07/07,0,0,0,0
2015/07/08,0,0,-336000,-336000
2015/07/09,0,0,-802000,-802000
2015/07/10,0,0,0,0
2015/07/13,0,0,0,0
2015/07/14,0,0,0,0
2015/07/15,0,16000,-500000,-484000
2015/07/16,0,0,-500000,-500000
2015/07/17,0,259000,0,259000
2015/07/20,0,0,-360000,-360000
2015/07/21,0,0,-440000,-440000
2015/07/22,0,0,0,0
2015/07/23,0,0,-50000,-50000
2015/07/24,0,6000,-950000,-944000
2015/07/27,0,0,0,0
2015/07/28,0,25000,0,25000
2015/07/29,0,0,0,0
2015/07/30,0,0,0,0
2015/07/31,0,0,0,0
2015/08/03,0,0,0,0
2015/08/04,0,0,0,0
2015/08/05,0,0,0,0
2015/08/06,0,0,0,0
2015/08/07,0,0,0,0
2015/08/10,0,0,0,0
2015/08/11,0,0,0,0
2015/08/12,0,0,-2000,-2000
2015/08/13,0,0,0,0
2015/08/14,0,0,0,0
2015/08/17,0,0,0,0
2015/08/18,0,0,0,0
2015/08/19,0,0,0,0
2015/08/20,0,0,0,0
2015/08/21,0,0,-600000,-600000
2015/08/24,0,0,0,0
2015/08/25,0,0,0,0
2015/08/26,0,0,-700000,-700000
2015/08/27,0,0,-312000,-312000
2015/08/28,0,0,0,0
2015/08/31,0,0,-29000,-29000
2015/09/01,0,0,-47000,-47000
2015/09/02,0,0,0,0
2015/09/03,0,0,0,0
2015/09/04,0,0,0,0
2015/09/07,0,2000,0,2000
2015/09/08,0,0,0,0
2015/09/09,0,0,0,0
2015/09/10,0,0,0,0
2015/09/11,0,0,0,0
2015/09/14,0,0,0,0
2015/09/15,0,0,0,0
2015/09/16,0,0,0,0
2015/09/17,0,0,0,0
2015/09/18,0,0,0,0
2015/09/21,0,0,-345000,-345000
2015/09/22,0,0,0,0
2015/09/23,0,0,0,0
2015/09/24,0,0,0,0
2015/09/25,0,0,0,0
2015/09/28,0,0,0,0
2015/09/29,0,0,0,0
2015/09/30,0,0,0,0
2015/10/01,0,0,0,0
2015/10/02,0,0,0,0
2015/10/05,0,0,0,0
2015/10/06,0,0,0,0
2015/10/07,0,0,0,0
2015/10/08,0,0,0,0
2015/10/09,0,0,0,0
2015/10/12,0,0,0,0
2015/10/13,0,0,0,0
2015/10/14,0,0,0,0
2015/10/15,0,0,0,0
2015/10/16,0,0,0,0
2015/10/19,0,0,0,0
2015/10/20,0,0,0,0
2015/10/21,0,0,0,0
2015/10/22,0,1000000,0,1000000
2015/10/23,0,1000000,0,1000000
2015/10/26,0,0,0,0
2015/10/27,0,0,0,0
2015/10/28,0,1000000,0,1000000
2015/10/29,0,0,0,0
2015/10/30,0,0,0,0
2015/11/02,0,0,0,0
2015/11/03,0,0,0,0
2015/11/04,0,0,0,0
2015/11/05,0,0,0,0
2015/11/06,0,0,0,0
2015/11/09,0,0,0,0
2015/11/10,0,0,0,0
2015/11/11,0,0,0,0
2015/11/12,0,0,0,0
2015/11/13,0,0,0,0
2015/11/16,0,0,0,0
2015/11/17,0,0,0,0
2015/11/18,0,0,0,0
2015/11/19,0,0,0,0
2015/11/20,0,0,0,0
2015/11/23,0,0,0,0
2015/11/24,0,0,0,0
2015/11/25,0,0,0,0
2015/11/26,0,0,0,0
2015/11/27,0,0,0,0
2015/11/30,0,0,0,0
2015/12/01,0,0,0,0
2015/12/02,0,0,-597000,-597000
2015/12/03,0,0,0,0
2015/12/04,0,329000,0,329000
2015/12/07,0,266000,0,266000
2015/12/08,0,32000,0,32000
2015/12/09,0,300000,0,300000
2015/12/10,0,650000,0,650000
2015/12/11,0,750000,0,750000
2015/12/14,0,1300000,0,1300000
2015/12/15,0,527000,0,527000
2015/12/16,0,1361000,0,1361000
2015/12/17,0,647000,0,647000
2015/12/18,0,583000,0,583000
2015/12/21,0,200000,0,200000
2015/12/22,0,0,-6000,-6000
2015/12/23,0,0,0,0
2015/12/24,0,1115000,0,1115000
2015/12/25,0,250000,0,250000
2015/12/28,0,0,0,0
2015/12/29,0,0,0,0
2015/12/30,0,100000,0,100000
2015/12/31,0,100000,0,100000
2016/01/01,0,0,0,0
2016/01/04,0,0,0,0
2016/01/05,0,0,0,0
2016/01/06,0,0,0,0
2016/01/07,0,0,0,0
2016/01/08,0,0,0,0
2016/01/11,0,0,0,0
2016/01/12,0,0,0,0
2016/01/13,0,0,0,0
2016/01/14,0,0,0,0
2016/01/15,0,0,-300000,-300000
2016/01/18,0,102000,0,102000
2016/01/19,0,0,-1000,-1000
2016/01/20,0,0,0,0
2016/01/21,0,0,0,0
2016/01/22,0,0,-80000,-80000
2016/01/25,0,0,-158000,-158000
2016/01/26,0,0,-50000,-50000
2016/01/27,0,0,-50000,-50000
2016/01/28,0,0,0,0
2016/01/29,0,0,0,0
2016/02/01,0,0,-58000,-58000
2016/02/02,0,0,0,0
2016/02/03,0,31000,-130000,-99000
2016/02/04,0,0,0,0
2016/02/05,0,0,0,0
2016/02/08,0,0,0,0
2016/02/09,0,0,0,0
2016/02/10,0,0,0,0
2016/02/11,0,0,0,0
2016/02/12,0,0,0,0
2016/02/15,0,31000,0,31000
2016/02/16,0,250000,0,250000
2016/02/17,0,0,0,0
2016/02/18,0,0,0,0
2016/02/19,0,100000,0,100000
2016/02/22,0,0,0,0
2016/02/23,0,0,0,0
2016/02/24,0,30000,0,30000
2016/02/25,0,0,0,0
2016/02/26,0,1388000,0,1388000
2016/02/29,0,0,0,0
2016/03/01,0,704000,0,704000
2016/03/02,0,620000,0,620000
2016/03/03,0,1494000,-29000,1465000
2016/03/04,0,2158000,-28000,2130000
2016/03/07,0,439000,0,439000
2016/03/08,0,258000,-216000,42000
2016/03/09,0,1531000,-70000,1461000
2016/03/10,0,9001000,-66000,8935000
2016/03/11,0,4322000,-62000,4260000
2016/03/14,0,500000,0,500000
2016/03/15,0,642000,0,642000
2016/03/16,0,0,0,0
2016/03/17,0,480000,-3040000,-2560000
2016/03/18,0,400000,-158000,242000
2016/03/21,0,530000,0,530000
2016/03/22,0,0,0,0
2016/03/23,0,0,-250000,-250000
2016/03/24,0,0,-454000,-454000
2016/03/25,0,0,-451000,-451000
2016/03/28,0,430000,-852000,-422000
2016/03/29,0,155000,0,155000
2016/03/30,0,638000,-223000,415000
2016/03/31,0,325000,-350000,-25000
2016/04/01,0,101000,-772000,-671000
2016/04/04,0,0,0,0
2016/04/05,0,0,0,0
2016/04/06,0,449000,-635000,-186000
2016/04/07,0,435000,0,435000
2016/04/08,0,0,-19000,-19000
2016/04/11,0,2552000,0,2552000
2016/04/12,0,1894000,0,1894000
2016/04/13,0,1500000,-300000,1200000
2016/04/14,0,1365000,-500000,865000
2016/04/15,0,30000,-11000,19000
2016/04/18,0,0,-11000,-11000
2016/04/19,0,0,-69000,-69000
2016/04/20,0,333000,-66000,267000
2016/04/21,0,370000,-1018000,-648000
2016/04/22,0,0,-814000,-814000
2016/04/25,0,0,0,0
2016/04/26,0,0,0,0
2016/04/27,0,28000,0,28000
2016/04/28,0,2608000,0,2608000
2016/04/29,0,150000,0,150000
2016/05/02,0,0,0,0
2016/05/03,0,0,-2000,-2000
2016/05/04,0,0,-104000,-104000
2016/05/05,0,17000,-143000,-126000
2016/05/06,0,0,0,0
2016/05/09,0,0,0,0
2016/05/10,0,758565,0,758565
2016/05/11,0,1040000,-497000,543000
2016/05/12,0,100000,0,100000
2016/05/13,0,333000,0,333000
2016/05/16,0,100000,-120000,-20000
2016/05/17,0,477000,0,477000
2016/05/18,0,223000,-250000,-27000
2016/05/19,0,239000,-200000,39000
2016/05/20,0,184000,0,184000
2016/05/23,0,930000,0,930000
2016/05/24,0,100000,-158000,-58000
2016/05/25,0,2559000,0,2559000
2016/05/26,0,592000,0,592000
2016/05/27,0,363000,0,363000
2016/05/30,0,284000,0,284000
2016/05/31,0,690000,0,690000
2016/06/01,0,0,-89000,-89000
2016/06/02,0,0,-41000,-41000
2016/06/03,0,0,-45000,-45000
2016/06/06,0,73000,0,73000
2016/06/07,0,63000,0,63000
2016/06/08,0,0,0,0
2016/06/09,0,0,0,0
2016/06/10,0,0,0,0
2016/06/13,0,0,-91000,-91000
2016/06/14,0,0,-46000,-46000
2016/06/15,0,0,0,0
2016/06/16,0,250000,-210000,40000
2016/06/17,0,350000,-100000,250000
2016/06/20,0,0,0,0
2016/06/21,0,227000,-365000,-138000
2016/06/22,0,68000,-100000,-32000
2016/06/23,0,0,0,0
2016/06/24,0,0,-165000,-165000
2016/06/27,0,0,-801000,-801000
2016/06/28,0,0,-570000,-570000
2016/06/29,0,0,-444000,-444000
2016/06/30,0,0,-36000,-36000
2016/07/01,0,0,-147000,-147000
2016/07/04,0,19000,0,19000
2016/07/05,0,219000,0,219000
2016/07/06,0,0,-165000,-165000
2016/07/07,0,100000,-325000,-225000
2016/07/08,0,0,0,0
2016/07/11,0,146000,-150000,-4000
2016/07/12,0,0,-720000,-720000
2016/07/13,0,430000,-418000,12000
2016/07/14,0,0,-961000,-961000
2016/07/15,0,0,0,0
2016/07/18,0,0,-1259000,-1259000
2016/07/19,0,108000,-488000,-380000
2016/07/20,0,0,-1000,-1000
2016/07/21,0,0,-1000,-1000
2016/07/22,0,100000,-1000,99000
2016/07/25,0,0,0,0
2016/07/26,0,150000,-680000,-530000
2016/07/27,0,0,0,0
2016/07/28,0,230000,-203000,27000
2016/07/29,0,950000,-202514,747486
2016/08/01,0,917000,0,917000
2016/08/02,0,0,-60000,-60000
2016/08/03,0,0,-531000,-531000
2016/08/04,0,0,0,0
2016/08/05,0,0,0,0
2016/08/08,0,48000,-100000,-52000
2016/08/09,0,0,0,0
2016/08/10,0,95000,-200000,-105000
2016/08/11,0,0,-125000,-125000
2016/08/12,0,0,0,0
2016/08/15,0,4000,-120000,-116000
2016/08/16,0,0,-345000,-345000
2016/08/17,0,0,0,0
2016/08/18,0,35000,-135000,-100000
2016/08/19,0,50000,0,50000
2016/08/22,0,0,-17000,-17000
2016/08/23,0,200000,-207000,-7000
2016/08/24,0,0,-20000,-20000
2016/08/25,0,0,-236000,-236000
2016/08/26,0,1005000,-100000,905000
2016/08/29,0,430000,0,430000
2016/08/30,0,0,0,0
2016/08/31,0,2143000,0,2143000
2016/09/01,0,1022000,-915000,107000
2016/09/02,0,500000,0,500000
2016/09/05,0,160000,0,160000
2016/09/06,0,1070000,0,1070000
2016/09/07,0,977000,-51,976949
2016/09/08,0,841000,0,841000
2016/09/09,0,208000,-47595,160405
2016/09/12,0,0,0,0
2016/09/13,0,0,0,0
2016/09/14,0,0,0,0
2016/09/15,0,0,0,0
2016/09/16,0,0,0,0
2016/09/19,0,0,0,0
2016/09/20,0,0,0,0
2016/09/21,0,0,0,0
2016/09/22,0,0,0,0
2016/09/23,0,1312000,0,1312000
2016/09/26,0,0,0,0
2016/09/27,0,0,0,0
2016/09/28,0,0,0,0
2016/09/29,0,635000,-31000,604000
2016/09/30,0,390000,0,390000
2016/10/03,0,803000,0,803000
2016/10/04,0,773000,0,773000
2016/10/05,0,299000,0,299000
2016/10/06,0,209000,-251350,-42350
2016/10/07,0,0,-61050,-61050
2016/10/10,0,0,0,0
2016/10/11,0,850000,0,850000
2016/10/12,0,114000,-65900,48100
2016/10/13,0,113000,-1000,112000
2016/10/14,0,1150000,-300000,850000
2016/10/17,0,859000,0,859000
2016/10/18,0,0,0,0
2016/10/19,0,0,-90000,-90000
2016/10/20,0,0,-24000,-24000
2016/10/21,0,1156000,-200000,956000
2016/10/24,0,375000,-99000,276000
2016/10/25,0,667000,-47000,620000
2016/10/26,0,640000,-117000,523000
2016/10/27,0,82000,-585000,-503000
2016/10/28,0,408000,-98000,310000
2016/10/31,0,25000,-133000,-108000
2016/11/01,0,240000,-175000,65000
2016/11/02,0,25032,0,25032
2016/11/03,0,180000,0,180000
2016/11/04,0,85000,-130000,-45000
2016/11/07,0,228000,-809000,-581000
2016/11/08,0,50000,-907000,-857000
2016/11/09,0,35000,-1895275,-1860275
2016/11/10,0,501000,-922975,-421975
2016/11/11,0,215000,-172000,43000
2016/11/14,0,484000,-136000,348000
2016/11/15,0,190000,-111000,79000
2016/11/16,0,191000,0,191000
2016/11/17,0,50000,0,50000
2016/11/18,0,30000,-200000,-170000
2016/11/21,0,0,0,0
2016/11/22,0,216000,-516000,-300000
2016/11/23,0,200000,0,200000
2016/11/24,0,0,0,0
2016/11/25,0,0,0,0
2016/11/28,0,0,0,0
2016/11/29,0,116000,-126000,-10000
2016/11/30,0,44000,0,44000
2016/12/01,0,160000,-188000,-28000
2016/12/02,0,155000,-254000,-99000
2016/12/05,0,0,0,0
2016/12/06,0,150000,-25000,125000
2016/12/07,0,374000,-194000,180000
2016/12/08,0,240000,0,240000
2016/12/09,0,0,-36000,-36000
2016/12/12,0,74000,0,74000
2016/12/13,0,0,0,0
2016/12/14,0,150000,0,150000
2016/12/15,0,0,0,0
2016/12/16,0,78000,0,78000
2016/12/19,0,0,0,0
2016/12/20,0,150000,-487000,-337000
2016/12/21,0,115000,-218000,-103000
2016/12/22,0,100000,-1921850,-1821850
2016/12/23,0,0,-1426000,-1426000
2016/12/26,0,200000,-720000,-520000
2016/12/27,0,0,-100000,-100000
2016/12/28,0,117000,0,117000
2016/12/29,0,0,0,0
2016/12/30,0,0,0,0
2017/01/02,0,0,0,0
2017/01/03,0,154000,-756000,-602000
2017/01/04,0,106000,-704000,-598000
2017/01/05,0,0,-701000,-701000
2017/01/06,0,0,-211000,-211000
2017/01/09,0,0,-150000,-150000
2017/01/10,0,25000,-200000,-175000
2017/01/11,0,0,-424000,-424000
2017/01/12,0,0,-200000,-200000
2017/01/13,0,388000,-684000,-296000
2017/01/16,0,600000,-250000,350000
2017/01/17,0,0,-200000,-200000
2017/01/18,0,1004000,0,1004000
2017/01/19,0,3402000,0,3402000
2017/01/20,0,1962000,-114000,1848000
2017/01/23,0,146091,0,146091
2017/01/24,0,111000,-165000,-54000
2017/01/25,0,0,0,0
2017/01/26,0,0,0,0
2017/01/27,0,0,0,0
2017/01/30,0,0,0,0
2017/01/31,0,0,0,0
2017/02/01,0,0,0,0
2017/02/02,0,635000,-600000,35000
2017/02/03,0,872000,-742000,130000
2017/02/06,0,344000,-200000,144000
2017/02/07,0,73000,-230000,-157000
2017/02/08,0,67000,-1959000,-1892000
2017/02/09,0,61000,-2171850,-2110850
2017/02/10,0,14000,-1813000,-1799000
2017/02/13,0,957000,-198000,759000
2017/02/14,0,51000,-100000,-49000
2017/02/15,0,93000,0,93000
2017/02/16,0,55000,-497600,-442600
2017/02/17,0,164000,-80000,84000
2017/02/20,0,1504000,0,1504000
2017/02/21,0,358000,-425000,-67000
2017/02/22,0,92000,-80000,12000
2017/02/23,0,0,-100000,-100000
2017/02/24,0,1640000,-319000,1321000
2017/02/27,0,0,0,0
2017/02/28,0,0,0,0
2017/03/01,0,1024000,-50000,974000
2017/03/02,0,730000,-100000,630000
2017/03/03,0,303000,-163500,139500
2017/03/06,0,687000,-429000,258000
2017/03/07,0,0,-354000,-354000
2017/03/08,0,0,-637000,-637000
2017/03/09,0,357000,-519000,-162000
2017/03/10,0,0,-220000,-220000
2017/03/13,0,50000,-22000,28000
2017/03/14,0,0,-350000,-350000
2017/03/15,0,400000,0,400000
2017/03/16,0,438000,-222000,216000
2017/03/17,0,796000,-381000,415000
2017/03/20,0,1039000,0,1039000
2017/03/21,0,1090000,-1350000,-260000
2017/03/22,0,0,-490000,-490000
2017/03/23,0,251000,-985000,-734000
2017/03/24,0,0,-924000,-924000
2017/03/27,0,209000,-67000,142000
2017/03/28,0,20000,-30000,-10000
2017/03/29,0,0,-100000,-100000
2017/03/30,0,0,-45000,-45000
2017/03/31,0,0,-118000,-118000
2017/04/03,0,0,0,0
2017/04/04,0,0,0,0
2017/04/05,0,250000,-433000,-183000
2017/04/06,0,0,0,0
2017/04/07,0,45000,-268000,-223000
2017/04/10,0,363000,-450000,-87000
2017/04/11,0,231000,-520000,-289000
2017/04/12,0,1909000,-199000,1710000
2017/04/13,0,2173000,-1292000,881000
2017/04/14,0,812000,-199000,613000
2017/04/17,0,930000,-175000,755000
2017/04/18,0,1033000,-50000,983000
2017/04/19,0,1113000,-443000,670000
