Date,Open,Buy,Sell,Total
2007/01/02,0,64000,-138000,-74000
2007/01/03,0,71000,-160000,-89000
2007/01/04,0,62000,0,62000
2007/01/05,0,92000,-5000,87000
2007/01/08,0,0,-7994,-7994
2007/01/09,0,16000,-2000,14000
2007/01/10,0,326000,-27000,299000
2007/01/11,0,103000,-28000,75000
2007/01/12,0,0,-55000,-55000
2007/01/15,0,37000,-86000,-49000
2007/01/16,0,23000,-408000,-385000
2007/01/17,0,1225000,-210000,1015000
2007/01/18,0,605000,-109000,496000
2007/01/19,0,95000,-2000,93000
2007/01/22,0,1425000,-10000,1415000
2007/01/23,0,145000,-10000,135000
2007/01/24,0,58000,-19000,39000
2007/01/25,0,4000,-719000,-715000
2007/01/26,0,0,-229000,-229000
2007/01/29,0,0,-199000,-199000
2007/01/30,0,74000,-43000,31000
2007/01/31,0,4000,-784918,-780918
2007/02/01,0,5000,-112000,-107000
2007/02/02,0,2360000,-181000,2179000
2007/02/05,0,717000,-194000,523000
2007/02/06,0,9000,-40000,-31000
2007/02/07,0,1840000,-30000,1810000
2007/02/08,0,135000,-32000,103000
2007/02/09,0,123000,0,123000
2007/02/12,0,116000,-101000,15000
2007/02/13,0,213000,-7000,206000
2007/02/14,0,1622000,-53000,1569000
2007/02/15,0,0,0,0
2007/02/16,0,0,0,0
2007/02/19,0,0,0,0
2007/02/20,0,0,0,0
2007/02/21,0,0,0,0
2007/02/22,0,0,0,0
2007/02/23,0,0,0,0
2007/02/26,0,2082000,-1917884,164116
2007/02/27,0,40000,-1902000,-1862000
2007/02/28,0,0,0,0
2007/03/01,0,120000,-82000,38000
2007/03/02,0,39000,-995000,-956000
2007/03/05,0,37000,-4295000,-4258000
2007/03/06,0,98000,-84000,14000
2007/03/07,0,235000,-21000,214000
2007/03/08,0,79000,0,79000
2007/03/09,0,130000,-334000,-204000
2007/03/12,0,0,-98000,-98000
2007/03/13,0,647000,-143000,504000
2007/03/14,0,832000,-2161000,-1329000
2007/03/15,0,784000,0,784000
2007/03/16,0,881000,-14000,867000
2007/03/19,0,1166000,-22000,1144000
2007/03/20,0,3175000,-104000,3071000
2007/03/21,0,1678000,-382000,1296000
2007/03/22,0,23000,-28000,-5000
2007/03/23,0,0,-181000,-181000
2007/03/26,0,147000,-54000,93000
2007/03/27,0,34000,-28000,6000
2007/03/28,0,0,-9000,-9000
2007/03/29,0,3000,-80000,-77000
2007/03/30,0,35000,-4000,31000
2007/04/02,0,241000,-2000,239000
2007/04/03,0,458000,-3000,455000
2007/04/04,0,21000,-29000,-8000
2007/04/05,0,0,0,0
2007/04/06,0,0,0,0
2007/04/09,0,6000,-629000,-623000
2007/04/10,0,110000,-358000,-248000
2007/04/11,0,105000,-708000,-603000
2007/04/12,0,309000,-129000,180000
2007/04/13,0,2000,-19000,-17000
2007/04/16,0,95000,-38000,57000
2007/04/17,0,101000,-32000,69000
2007/04/18,0,5000,-11000,-6000
2007/04/19,0,657000,-293000,364000
2007/04/20,0,102000,-2000,100000
2007/04/23,0,1038000,0,1038000
2007/04/24,0,1166000,0,1166000
2007/04/25,0,9000,-20000,-11000
2007/04/26,0,0,-10000,-10000
2007/04/27,0,2000,-25000,-23000
2007/04/30,0,45000,-1356000,-1311000
2007/05/01,0,0,0,0
2007/05/02,0,72000,-300000,-228000
2007/05/03,0,183000,-165000,18000
2007/05/04,0,270000,-3120000,-2850000
2007/05/07,0,2000,-1101000,-1099000
2007/05/08,0,434000,-20000,414000
2007/05/09,0,0,0,0
2007/05/10,0,8000,-78000,-70000
2007/05/11,0,273000,-664000,-391000
2007/05/14,0,161000,-5000,156000
2007/05/15,0,2000,-9000,-7000
2007/05/16,0,66000,-291000,-225000
2007/05/17,0,73000,-3855000,-3782000
2007/05/18,0,51000,-6000,45000
2007/05/21,0,5000,0,5000
2007/05/22,0,258000,0,258000
2007/05/23,0,9000,-2000,7000
2007/05/24,0,21000,0,21000
2007/05/25,0,105000,0,105000
2007/05/28,0,38000,0,38000
2007/05/29,0,38000,-31000,7000
2007/05/30,0,0,0,0
2007/05/31,0,235000,-502000,-267000
2007/06/01,0,2639000,-1042000,1597000
2007/06/04,0,244000,-573000,-329000
2007/06/05,0,1209000,-711138,497862
2007/06/06,0,132000,-468000,-336000
2007/06/07,0,3633000,-514000,3119000
2007/06/08,0,64000,-140000,-76000
2007/06/11,0,217000,-1837000,-1620000
2007/06/12,0,250000,-51000,199000
2007/06/13,0,1844000,-196000,1648000
2007/06/14,0,101000,-510320,-409320
2007/06/15,0,25000,-209000,-184000
2007/06/18,0,0,0,0
2007/06/19,0,0,0,0
2007/06/20,0,531000,-260000,271000
2007/06/21,0,1251000,-33000,1218000
2007/06/22,0,1398000,-12000,1386000
2007/06/25,0,548000,-44000,504000
2007/06/26,0,364000,-100000,264000
2007/06/27,0,104000,-2000,102000
2007/06/28,0,64000,-54000,10000
2007/06/29,0,662000,-74000,588000
2007/07/02,0,39000,-81000,-42000
2007/07/03,0,617000,-121000,496000
2007/07/04,0,169000,-249000,-80000
2007/07/05,0,2294000,-239000,2055000
2007/07/06,0,903000,-81000,822000
2007/07/09,0,1234000,-12000,1222000
2007/07/10,0,915000,-19000,896000
2007/07/11,0,490000,-11000,479000
2007/07/12,0,150000,-34000,116000
2007/07/13,0,356000,-56000,300000
2007/07/16,0,30000,-187000,-157000
2007/07/17,0,244000,-157000,87000
2007/07/18,0,3371000,-464000,2907000
2007/07/19,0,815000,-884000,-69000
2007/07/20,0,171000,-1639000,-1468000
2007/07/23,0,2339000,-2567000,-228000
2007/07/24,0,142000,-264000,-122000
2007/07/25,0,233000,-157000,76000
2007/07/26,0,1332000,-66000,1266000
2007/07/27,0,3568000,-1971000,1597000
2007/07/30,0,10000,-748000,-738000
2007/07/31,0,603000,-396000,207000
2007/08/01,0,469000,-3016000,-2547000
2007/08/02,0,1084000,-129000,955000
2007/08/03,0,535000,-172000,363000
2007/08/06,0,91000,-726930,-635930
2007/08/07,0,28000,-6000,22000
2007/08/08,0,114000,-68000,46000
2007/08/09,0,109000,-279000,-170000
2007/08/10,0,174000,-1844000,-1670000
2007/08/13,0,5000,-270000,-265000
2007/08/14,0,375000,-36000,339000
2007/08/15,0,38000,-140000,-102000
2007/08/16,0,341000,-107000,234000
2007/08/17,0,404000,-138000,266000
2007/08/20,0,192000,-303000,-111000
2007/08/21,0,512000,-555000,-43000
2007/08/22,0,1040000,-9000,1031000
2007/08/23,0,1115000,-1677000,-562000
2007/08/24,0,256000,-268000,-12000
2007/08/27,0,739000,0,739000
2007/08/28,0,674000,-5000,669000
2007/08/29,0,278000,-24000,254000
2007/08/30,0,354000,-726000,-372000
2007/08/31,0,523000,0,523000
2007/09/03,0,86000,-6000,80000
2007/09/04,0,11000,-14000,-3000
2007/09/05,0,202000,-40000,162000
2007/09/06,0,10000,-70000,-60000
2007/09/07,0,0,-14000,-14000
2007/09/10,0,60000,-42000,18000
2007/09/11,0,0,-46000,-46000
2007/09/12,0,263000,-42000,221000
2007/09/13,0,15000,-20000,-5000
2007/09/14,0,34000,0,34000
2007/09/17,0,106000,-37000,69000
2007/09/18,0,0,0,0
2007/09/19,0,422000,-602000,-180000
2007/09/20,0,194000,-19000,175000
2007/09/21,0,216000,-813000,-597000
2007/09/24,0,0,0,0
2007/09/25,0,0,0,0
2007/09/26,0,265000,-477000,-212000
2007/09/27,0,89000,-526000,-437000
2007/09/28,0,61000,-81000,-20000
2007/10/01,0,9000,-17000,-8000
2007/10/02,0,38000,-249642,-211642
2007/10/03,0,298000,-121000,177000
2007/10/04,0,649000,-694000,-45000
2007/10/05,0,627000,-314000,313000
2007/10/08,0,116000,-150000,-34000
2007/10/09,0,11000,-1201000,-1190000
2007/10/10,0,0,0,0
2007/10/11,0,322000,-206000,116000
2007/10/12,0,509000,-347000,162000
2007/10/15,0,241000,-11000,230000
2007/10/16,0,154000,-10000,144000
2007/10/17,0,95000,-54000,41000
2007/10/18,0,193000,-633000,-440000
2007/10/19,0,162000,-38000,124000
2007/10/22,0,261000,-351000,-90000
2007/10/23,0,157000,-308000,-151000
2007/10/24,0,154000,-401000,-247000
2007/10/25,0,67000,-14000,53000
2007/10/26,0,81000,-32000,49000
2007/10/29,0,61000,-13000,48000
2007/10/30,0,612000,-14000,598000
2007/10/31,0,645000,-302000,343000
2007/11/01,0,250000,-231000,19000
2007/11/02,0,858000,-287000,571000
2007/11/05,0,12000,-55000,-43000
2007/11/06,0,6000,-30000,-24000
2007/11/07,0,1702000,-49000,1653000
2007/11/08,0,402000,-249000,153000
2007/11/09,0,1967000,-176000,1791000
2007/11/12,0,370000,-390000,-20000
2007/11/13,0,72000,-256000,-184000
2007/11/14,0,94000,-411000,-317000
2007/11/15,0,25000,-549000,-524000
2007/11/16,0,209000,-114000,95000
2007/11/19,0,321000,-28000,293000
2007/11/20,0,93000,-135000,-42000
2007/11/21,0,22000,-105000,-83000
2007/11/22,0,17000,-26000,-9000
2007/11/23,0,7000,-237000,-230000
2007/11/26,0,158000,-166000,-8000
2007/11/27,0,753000,-21000,732000
2007/11/28,0,457000,-101000,356000
2007/11/29,0,252000,-819000,-567000
2007/11/30,0,3640000,-267000,3373000
2007/12/03,0,76000,-66000,10000
2007/12/04,0,243000,-460000,-217000
2007/12/05,0,384000,-875000,-491000
2007/12/06,0,532000,-144000,388000
2007/12/07,0,6918,-494000,-487082
2007/12/10,0,17000,-198000,-181000
2007/12/11,0,35000,-1499000,-1464000
2007/12/12,0,76000,-894000,-818000
2007/12/13,0,35000,-491000,-456000
2007/12/14,0,104000,-889000,-785000
2007/12/17,0,79000,-969000,-890000
2007/12/18,0,243000,-2427000,-2184000
2007/12/19,0,389000,-1882000,-1493000
2007/12/20,0,131000,-229000,-98000
2007/12/21,0,700000,-2329000,-1629000
2007/12/24,0,18000,-1091000,-1073000
2007/12/25,0,11000,-1709000,-1698000
2007/12/26,0,52000,-819000,-767000
2007/12/27,0,88000,-18000,70000
2007/12/28,0,249000,-112000,137000
2007/12/31,0,63000,-138000,-75000
2008/01/01,0,0,0,0
2008/01/02,0,26000,-317000,-291000
2008/01/03,0,713000,-81000,632000
2008/01/04,0,268000,-200000,68000
2008/01/07,0,0,-289000,-289000
2008/01/08,0,0,-313000,-313000
2008/01/09,0,117000,-85000,32000
2008/01/10,0,44000,-387000,-343000
2008/01/11,0,84000,-73000,11000
2008/01/14,0,37000,-365000,-328000
2008/01/15,0,38000,-3000,35000
2008/01/16,0,121000,-448000,-327000
2008/01/17,0,168000,-354000,-186000
2008/01/18,0,24000,-86000,-62000
2008/01/21,0,12000,-65000,-53000
2008/01/22,0,787000,-56000,731000
2008/01/23,0,23000,-46000,-23000
2008/01/24,0,0,-10000,-10000
2008/01/25,0,51000,-1001000,-950000
2008/01/28,0,29000,-260000,-231000
2008/01/29,0,549000,-285000,264000
2008/01/30,0,184000,-550000,-366000
2008/01/31,0,925000,-334000,591000
2008/02/01,0,916000,-114000,802000
2008/02/04,0,0,0,0
2008/02/05,0,0,0,0
2008/02/06,0,0,0,0
2008/02/07,0,0,0,0
2008/02/08,0,0,0,0
2008/02/11,0,0,0,0
2008/02/12,0,551000,-543000,8000
2008/02/13,0,412000,-114000,298000
2008/02/14,0,413000,-1000,412000
2008/02/15,0,116000,-550000,-434000
2008/02/18,0,125000,-375000,-250000
2008/02/19,0,244000,-2000,242000
2008/02/20,0,490000,-34000,456000
2008/02/21,0,327000,-3000,324000
2008/02/22,0,713000,-21000,692000
2008/02/25,0,332000,-20000,312000
2008/02/26,0,372000,-95000,277000
2008/02/27,0,185000,-44000,141000
2008/02/28,0,0,0,0
2008/02/29,0,830000,-74000,756000
2008/03/03,0,923000,-109000,814000
2008/03/04,0,1295000,-99000,1196000
2008/03/05,0,729000,-65000,664000
2008/03/06,0,685000,-2000,683000
2008/03/07,0,728000,-38000,690000
2008/03/10,0,109000,-6000,103000
2008/03/11,0,339000,-51000,288000
2008/03/12,0,184000,-169000,15000
2008/03/13,0,638000,-215000,423000
2008/03/14,0,11000,-82000,-71000
2008/03/17,0,81000,-182000,-101000
2008/03/18,0,56000,-175000,-119000
2008/03/19,0,101000,-69000,32000
2008/03/20,0,251000,-29000,222000
2008/03/21,0,302000,-10000,292000
2008/03/24,0,611000,-70000,541000
2008/03/25,0,436000,-22000,414000
2008/03/26,0,420000,-124000,296000
2008/03/27,0,1019000,-86000,933000
2008/03/28,0,1122000,-80000,1042000
2008/03/31,0,372000,-39000,333000
2008/04/01,0,635000,-22000,613000
2008/04/02,0,367000,-40000,327000
2008/04/03,0,53000,-102000,-49000
2008/04/04,0,0,0,0
2008/04/07,0,53000,-31000,22000
2008/04/08,0,1171000,-136000,1035000
2008/04/09,0,1678000,-1314000,364000
2008/04/10,0,1368000,-1222053,145947
2008/04/11,0,1366000,-43000,1323000
2008/04/14,0,1129000,-101000,1028000
2008/04/15,0,0,-24000,-24000
2008/04/16,0,51000,-511000,-460000
2008/04/17,0,400000,-600000,-200000
2008/04/18,0,38000,-22000,16000
2008/04/21,0,252000,-9000,243000
2008/04/22,0,488000,-5000,483000
2008/04/23,0,483000,-515000,-32000
2008/04/24,0,1599000,-1000,1598000
2008/04/25,0,20000,-78000,-58000
2008/04/28,0,71000,0,71000
2008/04/29,0,7000,-30000,-23000
2008/04/30,0,15000,-157000,-142000
2008/05/01,0,0,0,0
2008/05/02,0,66000,-94000,-28000
2008/05/05,0,195000,0,195000
2008/05/06,0,163000,-11000,152000
2008/05/07,0,0,-120000,-120000
2008/05/08,0,704000,-95000,609000
2008/05/09,0,927000,-535000,392000
2008/05/12,0,1097000,-79000,1018000
2008/05/13,0,20000,-9000,11000
2008/05/14,0,127000,-43000,84000
2008/05/15,0,15000,-100000,-85000
2008/05/16,0,61000,-102000,-41000
2008/05/19,0,73000,-118000,-45000
2008/05/20,0,138000,-223000,-85000
2008/05/21,0,32000,-38000,-6000
2008/05/22,0,94000,-207000,-113000
2008/05/23,0,8000,-545000,-537000
2008/05/26,0,20000,-529000,-509000
2008/05/27,0,89000,-1815000,-1726000
2008/05/28,0,68000,-405000,-337000
2008/05/29,0,73000,-732000,-659000
2008/05/30,0,137000,-230000,-93000
2008/06/02,0,108000,-30000,78000
2008/06/03,0,0,-55000,-55000
2008/06/04,0,160000,0,160000
2008/06/05,0,170000,-104000,66000
2008/06/06,0,2000,-115000,-113000
2008/06/09,0,104000,-32000,72000
2008/06/10,0,0,-285000,-285000
2008/06/11,0,51000,-783000,-732000
2008/06/12,0,282000,-63000,219000
2008/06/13,0,33000,-341000,-308000
2008/06/16,0,4000,-64000,-60000
2008/06/17,0,15000,-32000,-17000
2008/06/18,0,322000,-567000,-245000
2008/06/19,0,1000,-333000,-332000
2008/06/20,0,0,-180000,-180000
2008/06/23,0,92000,0,92000
2008/06/24,0,7000,-41000,-34000
2008/06/25,0,314000,-13000,301000
2008/06/26,0,20000,-12000,8000
2008/06/27,0,20000,-113000,-93000
2008/06/30,0,189000,-73000,116000
2008/07/01,0,222000,-6000,216000
2008/07/02,0,211000,-18000,193000
2008/07/03,0,101000,-38000,63000
2008/07/04,0,0,-160000,-160000
2008/07/07,0,64000,-30000,34000
2008/07/08,0,0,-366000,-366000
2008/07/09,0,232000,-1025000,-793000
2008/07/10,0,187000,-10000,177000
2008/07/11,0,6000,-82000,-76000
2008/07/14,0,122000,-244000,-122000
2008/07/15,0,268000,-88000,180000
2008/07/16,0,98000,-76000,22000
2008/07/17,0,230000,-210000,20000
2008/07/18,0,9000,-305000,-296000
2008/07/21,0,136000,-10000,126000
2008/07/22,0,40000,-18000,22000
2008/07/23,0,244000,-179747,64253
2008/07/24,0,30000,-36000,-6000
2008/07/25,0,278000,-4000,274000
2008/07/28,0,0,0,0
2008/07/29,0,2000,-685000,-683000
2008/07/30,0,196000,-9000,187000
2008/07/31,0,302000,-143000,159000
2008/08/01,0,79000,-156000,-77000
2008/08/04,0,158000,-405000,-247000
2008/08/05,0,437000,-256000,181000
2008/08/06,0,56000,-181000,-125000
2008/08/07,0,306000,-44000,262000
2008/08/08,0,205000,-3000,202000
2008/08/11,0,6000,-26000,-20000
2008/08/12,0,40000,-23000,17000
2008/08/13,0,16000,-17000,-1000
2008/08/14,0,298000,-14000,284000
2008/08/15,0,4000,-493000,-489000
2008/08/18,0,20000,-63000,-43000
2008/08/19,0,342082,-236000,106082
2008/08/20,0,175000,-95000,80000
2008/08/21,0,532000,-321000,211000
2008/08/22,0,33000,-93000,-60000
2008/08/25,0,44000,-274000,-230000
2008/08/26,0,0,-79000,-79000
2008/08/27,0,37000,-433000,-396000
2008/08/28,0,624000,-418000,206000
2008/08/29,0,6000,-587000,-581000
2008/09/01,0,0,-97000,-97000
2008/09/02,0,5000,-820000,-815000
2008/09/03,0,76000,-235000,-159000
2008/09/04,0,331000,-254000,77000
2008/09/05,0,189000,-123000,66000
2008/09/08,0,270000,-20000,250000
2008/09/09,0,31000,-393000,-362000
2008/09/10,0,160000,-74000,86000
2008/09/11,0,377000,-398000,-21000
2008/09/12,0,157000,-56000,101000
2008/09/15,0,0,-62000,-62000
2008/09/16,0,187000,-129000,58000
2008/09/17,0,0,-384000,-384000
2008/09/18,0,633000,0,633000
2008/09/19,0,298000,-182000,116000
2008/09/22,0,338000,-70000,268000
2008/09/23,0,23000,-208000,-185000
2008/09/24,0,7357000,-7271000,86000
2008/09/25,0,1451000,-50000,1401000
2008/09/26,0,596000,-183000,413000
2008/09/29,0,0,0,0
2008/09/30,0,0,-56000,-56000
2008/10/01,0,316000,-38000,278000
2008/10/02,0,0,-224000,-224000
2008/10/03,0,209000,0,209000
2008/10/06,0,141992,-91000,50992
2008/10/07,0,66000,-96000,-30000
2008/10/08,0,6000,-66000,-60000
2008/10/09,0,6000,-477475,-471475
2008/10/10,0,0,0,0
2008/10/13,0,95000,-6000,89000
2008/10/14,0,1000,0,1000
2008/10/15,0,156001,-96000,60001
2008/10/16,0,0,-159000,-159000
2008/10/17,0,0,0,0
2008/10/20,0,152000,-473,151527
2008/10/21,0,39000,-12000,27000
2008/10/22,0,236000,-1,235999
2008/10/23,0,0,-276000,-276000
2008/10/24,0,285000,-19000,266000
2008/10/27,0,97000,-16000,81000
2008/10/28,0,25000,-37000,-12000
2008/10/29,0,39000,-46000,-7000
2008/10/30,0,167000,-39000,128000
2008/10/31,0,19000,-28000,-9000
2008/11/03,0,954889,-940889,14000
2008/11/04,0,37000,-79000,-42000
2008/11/05,0,111000,-116000,-5000
2008/11/06,0,379000,-166000,213000
2008/11/07,0,52000,-343000,-291000
2008/11/10,0,30000,-32000,-2000
2008/11/11,0,16000,-24000,-8000
2008/11/12,0,75000,-46000,29000
2008/11/13,0,17000,-315000,-298000
2008/11/14,0,64000,-469000,-405000
2008/11/17,0,68000,-389000,-321000
2008/11/18,0,204000,-19000,185000
2008/11/19,0,60000,-216000,-156000
2008/11/20,0,87000,-41000,46000
2008/11/21,0,57001,-107000,-49999
2008/11/24,0,0,-34000,-34000
2008/11/25,0,80000,-21199,58801
2008/11/26,0,32000,-480360,-448360
2008/11/27,0,185000,-1309000,-1124000
2008/11/28,0,183041,-452000,-268959
2008/12/01,0,1000,-50000,-49000
2008/12/02,0,42000,-146000,-104000
2008/12/03,0,12000,-428000,-416000
2008/12/04,0,9000,-26000,-17000
2008/12/05,0,28000,0,28000
2008/12/08,0,63000,-1132000,-1069000
2008/12/09,0,158000,-45000,113000
2008/12/10,0,211000,-989507,-778507
2008/12/11,0,112000,-1281000,-1169000
2008/12/12,0,258000,-118000,140000
2008/12/15,0,127000,-3000,124000
2008/12/16,0,21000,-177000,-156000
2008/12/17,0,29000,-569000,-540000
2008/12/18,0,483000,-685000,-202000
2008/12/19,0,151000,-481000,-330000
2008/12/22,0,40000,-161001,-121001
2008/12/23,0,1000,-192000,-191000
2008/12/24,0,44000,-1134,42866
2008/12/25,0,0,-44000,-44000
2008/12/26,0,45000,0,45000
2008/12/29,0,35000,-19000,16000
2008/12/30,0,233000,-93000,140000
2008/12/31,0,86000,-117000,-31000
2009/01/01,0,0,0,0
2009/01/02,0,0,0,0
2009/01/05,0,74000,-35000,39000
2009/01/06,0,228000,-63000,165000
2009/01/07,0,109000,-68000,41000
2009/01/08,0,0,-505000,-505000
2009/01/09,0,33000,0,33000
2009/01/12,0,63000,-66000,-3000
2009/01/13,0,31000,-27000,4000
2009/01/14,0,3000,-190000,-187000
2009/01/15,0,20000,-139000,-119000
2009/01/16,0,13000,-78023,-65023
2009/01/19,0,89000,-13000,76000
2009/01/20,0,26000,-97000,-71000
2009/01/21,0,51000,-107000,-56000
2009/01/22,0,0,0,0
2009/01/23,0,0,0,0
2009/01/26,0,0,0,0
2009/01/27,0,0,0,0
2009/01/28,0,0,0,0
2009/01/29,0,0,0,0
2009/01/30,0,0,0,0
2009/02/02,0,314000,-110000,204000
2009/02/03,0,114000,-2000,112000
2009/02/04,0,97000,-285000,-188000
2009/02/05,0,100000,-194000,-94000
2009/02/06,0,29000,-200000,-171000
2009/02/09,0,0,-16000,-16000
2009/02/10,0,25000,-147000,-122000
2009/02/11,0,287000,-238000,49000
2009/02/12,0,93000,-97000,-4000
2009/02/13,0,28000,-189000,-161000
2009/02/16,0,1000,-93000,-92000
2009/02/17,0,192000,-261000,-69000
2009/02/18,0,0,-172000,-172000
2009/02/19,0,0,-484000,-484000
2009/02/20,0,0,-13000,-13000
2009/02/23,0,4000,0,4000
2009/02/24,0,0,-4000,-4000
2009/02/25,0,115000,-470000,-355000
2009/02/26,0,0,-1347500,-1347500
2009/02/27,0,220000,-1188000,-968000
2009/03/02,0,2000,-633000,-631000
2009/03/03,0,0,-146000,-146000
2009/03/04,0,1158000,-242000,916000
2009/03/05,0,2052000,-657000,1395000
2009/03/06,0,0,-293500,-293500
2009/03/09,0,0,-397000,-397000
2009/03/10,0,0,-333000,-333000
2009/03/11,0,0,-1174000,-1174000
2009/03/12,0,134000,0,134000
2009/03/13,0,50000,-2457000,-2407000
2009/03/16,0,114000,0,114000
2009/03/17,0,482000,0,482000
2009/03/18,0,158000,-340000,-182000
2009/03/19,0,0,-231000,-231000
2009/03/20,0,0,-412000,-412000
2009/03/23,0,238000,0,238000
2009/03/24,0,429000,-75000,354000
2009/03/25,0,55000,-943000,-888000
2009/03/26,0,3000,-178000,-175000
2009/03/27,0,0,-180000,-180000
2009/03/30,0,15000,0,15000
2009/03/31,0,38000,-95923,-57923
2009/04/01,0,148000,-125000,23000
2009/04/02,0,254000,0,254000
2009/04/03,0,221000,-34000,187000
2009/04/06,0,66000,-134000,-68000
2009/04/07,0,379000,-42000,337000
2009/04/08,0,92000,-458000,-366000
2009/04/09,0,173000,0,173000
2009/04/10,0,49000,-200000,-151000
2009/04/13,0,387000,-1000,386000
2009/04/14,0,167000,-409000,-242000
2009/04/15,0,136000,-198000,-62000
2009/04/16,0,303000,-260000,43000
2009/04/17,0,104000,-316000,-212000
2009/04/20,0,67000,-65000,2000
2009/04/21,0,273000,-80000,193000
2009/04/22,0,191000,-239000,-48000
2009/04/23,0,328000,-116000,212000
2009/04/24,0,481000,-407277,73723
2009/04/27,0,207000,-402000,-195000
2009/04/28,0,136000,-37000,99000
2009/04/29,0,196000,-52000,144000
2009/04/30,0,253000,-1170000,-917000
2009/05/01,0,0,0,0
2009/05/04,0,487000,-13000,474000
2009/05/05,0,798780,-1059780,-261000
2009/05/06,0,741000,-153000,588000
2009/05/07,0,420000,-148000,272000
2009/05/08,0,202000,-1000,201000
2009/05/11,0,36000,-1023000,-987000
2009/05/12,0,97000,-83000,14000
2009/05/13,0,19000,-96000,-77000
2009/05/14,0,239000,-90000,149000
2009/05/15,0,17000,-770338,-753338
2009/05/18,0,11000,-256000,-245000
2009/05/19,0,131000,-64638,66362
2009/05/20,0,419000,-49000,370000
2009/05/21,0,225000,-274000,-49000
2009/05/22,0,183000,-105000,78000
2009/05/25,0,1942000,-222000,1720000
2009/05/26,0,4213000,-371000,3842000
2009/05/27,0,2200000,-90275,2109725
2009/05/28,0,0,0,0
2009/05/29,0,0,0,0
2009/06/01,0,3014000,-5313000,-2299000
2009/06/02,0,92000,-448346,-356346
2009/06/03,0,235000,0,235000
2009/06/04,0,10000,-95000,-85000
2009/06/05,0,200000,-9000,191000
2009/06/08,0,24000,-669000,-645000
2009/06/09,0,168000,-24000,144000
2009/06/10,0,63000,-36000,27000
2009/06/11,0,152000,-85000,67000
2009/06/12,0,52999,-402000,-349001
2009/06/15,0,5000,-66000,-61000
2009/06/16,0,40000,-12000,28000
2009/06/17,0,20000,-119000,-99000
2009/06/18,0,84000,-20000,64000
2009/06/19,0,157000,-80002,76998
2009/06/22,0,308000,-132000,176000
2009/06/23,0,100000,-323000,-223000
2009/06/24,0,193000,-966000,-773000
2009/06/25,0,97000,-2108000,-2011000
2009/06/26,0,8000,-183000,-175000
2009/06/29,0,73000,-74000,-1000
2009/06/30,0,157000,-65000,92000
2009/07/01,0,172000,-25000,147000
2009/07/02,0,279000,-2264000,-1985000
2009/07/03,0,102000,-184000,-82000
2009/07/06,0,24000,-269000,-245000
2009/07/07,0,56000,-23000,33000
2009/07/08,0,3000,-38000,-35000
2009/07/09,0,77000,-12000,65000
2009/07/10,0,2000,-81000,-79000
2009/07/13,0,22000,-37000,-15000
2009/07/14,0,127000,-63000,64000
2009/07/15,0,174000,-154000,20000
2009/07/16,0,0,-112000,-112000
2009/07/17,0,324000,0,324000
2009/07/20,0,299000,-152000,147000
2009/07/21,0,25000,-390000,-365000
2009/07/22,0,178000,-2566000,-2388000
2009/07/23,0,32000,-2513000,-2481000
2009/07/24,0,11000,-1633000,-1622000
2009/07/27,0,323000,0,323000
2009/07/28,0,1805000,-36000,1769000
2009/07/29,0,245000,-1794000,-1549000
2009/07/30,0,284000,-719596,-435596
2009/07/31,0,337000,-77000,260000
2009/08/03,0,872000,-318000,554000
2009/08/04,0,30000,-977000,-947000
2009/08/05,0,1173000,-239000,934000
2009/08/06,0,93000,-98000,-5000
2009/08/07,0,0,0,0
2009/08/10,0,154000,-250000,-96000
2009/08/11,0,1051000,-24000,1027000
2009/08/12,0,280000,-51000,229000
2009/08/13,0,144000,-132000,12000
2009/08/14,0,22000,-441342,-419342
2009/08/17,0,113000,-114000,-1000
2009/08/18,0,82000,-36000,46000
2009/08/19,0,88000,-105000,-17000
2009/08/20,0,37000,-100000,-63000
2009/08/21,0,45000,-107000,-62000
2009/08/24,0,94000,-245000,-151000
2009/08/25,0,10000,-90000,-80000
2009/08/26,0,149000,-126000,23000
2009/08/27,0,0,-160000,-160000
2009/08/28,0,150000,-500000,-350000
2009/08/31,0,5000,-11000,-6000
2009/09/01,0,389000,0,389000
2009/09/02,0,4000,-124000,-120000
2009/09/03,0,0,-115000,-115000
2009/09/04,0,129000,-6000,123000
2009/09/07,0,56000,-2000,54000
2009/09/08,0,266000,-100000,166000
2009/09/09,0,1000,-346000,-345000
2009/09/10,0,227000,0,227000
2009/09/11,0,104000,0,104000
2009/09/14,0,0,-7000,-7000
2009/09/15,0,601000,-12000,589000
2009/09/16,0,1071000,-1140061,-69061
2009/09/17,0,162000,-173000,-11000
2009/09/18,0,446000,-4000,442000
2009/09/21,0,154000,-202599,-48599
2009/09/22,0,104000,-256000,-152000
2009/09/23,0,236000,-718000,-482000
2009/09/24,0,126000,-341000,-215000
2009/09/25,0,0,-3944763,-3944763
2009/09/28,0,48000,-437034,-389034
2009/09/29,0,67000,-621926,-554926
2009/09/30,0,0,-1297695,-1297695
2009/10/01,0,89000,0,89000
2009/10/02,0,35000,-44000,-9000
2009/10/05,0,0,-341317,-341317
2009/10/06,0,168000,-40000,128000
2009/10/07,0,32000,-29000,3000
2009/10/08,0,42000,-49000,-7000
2009/10/09,0,96000,-88000,8000
2009/10/12,0,6000,-57000,-51000
2009/10/13,0,30000,-173000,-143000
2009/10/14,0,143000,0,143000
2009/10/15,0,282000,0,282000
2009/10/16,0,440000,-2000,438000
2009/10/19,0,631000,-2000,629000
2009/10/20,0,35000,-390000,-355000
2009/10/21,0,304000,-150239,153761
2009/10/22,0,0,-996000,-996000
2009/10/23,0,72000,-114000,-42000
2009/10/26,0,105000,-92000,13000
2009/10/27,0,0,-241000,-241000
2009/10/28,0,0,-8000,-8000
2009/10/29,0,40000,0,40000
2009/10/30,0,92000,-252000,-160000
2009/11/02,0,36000,-85000,-49000
2009/11/03,0,1000,-43000,-42000
2009/11/04,0,505000,-7000,498000
2009/11/05,0,0,-148000,-148000
2009/11/06,0,0,-493000,-493000
2009/11/09,0,64000,0,64000
2009/11/10,0,1000,-1179,-179
2009/11/11,0,145000,-863958,-718958
2009/11/12,0,0,0,0
2009/11/13,0,188000,0,188000
2009/11/16,0,226000,-14000,212000
2009/11/17,0,147000,-189000,-42000
2009/11/18,0,216000,-76000,140000
2009/11/19,0,0,0,0
2009/11/20,0,1600000,-620000,980000
2009/11/23,0,110000,0,110000
2009/11/24,0,0,0,0
2009/11/25,0,43000,0,43000
2009/11/26,0,4000,-464517,-460517
2009/11/27,0,2000,-71000,-69000
2009/11/30,0,66000,0,66000
2009/12/01,0,237000,-221000,16000
2009/12/02,0,406000,-691000,-285000
2009/12/03,0,0,-88902,-88902
2009/12/04,0,0,0,0
2009/12/07,0,214000,-156000,58000
2009/12/08,0,44000,-38000,6000
2009/12/09,0,267000,-648000,-381000
2009/12/10,0,57000,-237000,-180000
2009/12/11,0,195000,-63000,132000
2009/12/14,0,271000,-182000,89000
2009/12/15,0,341000,-49000,292000
2009/12/16,0,1252000,-63000,1189000
2009/12/17,0,1284000,-660839,623161
2009/12/18,0,374000,-176000,198000
2009/12/21,0,513000,-354000,159000
2009/12/22,0,215000,-159000,56000
2009/12/23,0,260000,-511000,-251000
2009/12/24,0,0,0,0
2009/12/25,0,0,-19000,-19000
2009/12/28,0,1214000,-180000,1034000
2009/12/29,0,618000,-200000,418000
2009/12/30,0,1157000,-641000,516000
2009/12/31,0,116000,-1798000,-1682000
2010/01/01,0,0,0,0
2010/01/04,0,103000,-440000,-337000
2010/01/05,0,735000,-363000,372000
2010/01/06,0,107000,-267000,-160000
2010/01/07,0,187000,-1407000,-1220000
2010/01/08,0,65000,-955000,-890000
2010/01/11,0,0,-1315000,-1315000
2010/01/12,0,77000,-580187,-503187
2010/01/13,0,265000,-713709,-448709
2010/01/14,0,5000,-25000,-20000
2010/01/15,0,328000,-520000,-192000
2010/01/18,0,2181000,-400000,1781000
2010/01/19,0,43000,0,43000
2010/01/20,0,1485000,-400000,1085000
2010/01/21,0,1640000,0,1640000
2010/01/22,0,1321000,-4000,1317000
2010/01/25,0,9000,-170000,-161000
2010/01/26,0,253000,-264000,-11000
2010/01/27,0,1305000,-35000,1270000
2010/01/28,0,1242000,-141000,1101000
2010/01/29,0,40000,-57000,-17000
2010/02/01,0,491000,-66000,425000
2010/02/02,0,156000,-543000,-387000
2010/02/03,0,55000,-35784,19216
2010/02/04,0,0,-167000,-167000
2010/02/05,0,0,-93000,-93000
2010/02/08,0,39000,-397000,-358000
2010/02/09,0,66000,-32000,34000
2010/02/10,0,103000,-250000,-147000
2010/02/11,0,0,0,0
2010/02/12,0,0,0,0
2010/02/15,0,0,0,0
2010/02/16,0,0,0,0
2010/02/17,0,0,0,0
2010/02/18,0,0,0,0
2010/02/19,0,0,0,0
2010/02/22,0,178000,-899000,-721000
2010/02/23,0,109000,-437000,-328000
2010/02/24,0,150000,-66000,84000
2010/02/25,0,74000,-72000,2000
2010/02/26,0,37000,-221000,-184000
2010/03/01,0,368000,-54000,314000
2010/03/02,0,17000,-25000,-8000
2010/03/03,0,45000,-8000,37000
2010/03/04,0,30000,-63000,-33000
2010/03/05,0,317000,-55000,262000
2010/03/08,0,2289000,-55000,2234000
2010/03/09,0,593000,-1320000,-727000
2010/03/10,0,21000,-665000,-644000
2010/03/11,0,45000,-339000,-294000
2010/03/12,0,15000,-231000,-216000
2010/03/15,0,82000,-33000,49000
2010/03/16,0,400000,-103000,297000
2010/03/17,0,395000,-146000,249000
2010/03/18,0,1153000,-50000,1103000
2010/03/19,0,529000,-2302000,-1773000
2010/03/22,0,2144000,-2074000,70000
2010/03/23,0,568000,-2276000,-1708000
2010/03/24,0,266000,-361000,-95000
2010/03/25,0,203000,-51000,152000
2010/03/26,0,441000,-140000,301000
2010/03/29,0,70000,-126000,-56000
2010/03/30,0,66000,-2000,64000
2010/03/31,0,310000,-54000,256000
2010/04/01,0,215000,-20000,195000
2010/04/02,0,47000,-72000,-25000
2010/04/05,0,0,0,0
2010/04/06,0,761000,-197000,564000
2010/04/07,0,184000,-406000,-222000
2010/04/08,0,462000,-528000,-66000
2010/04/09,0,155000,-470000,-315000
2010/04/12,0,484000,-40000,444000
2010/04/13,0,2803000,-66000,2737000
2010/04/14,0,283000,-300000,-17000
2010/04/15,0,302000,-69000,233000
2010/04/16,0,346000,-525200,-179200
2010/04/19,0,101000,-366000,-265000
2010/04/20,0,188000,-596000,-408000
2010/04/21,0,417000,-554000,-137000
2010/04/22,0,301000,-280000,21000
2010/04/23,0,3600000,-873000,2727000
2010/04/26,0,107000,-862000,-755000
2010/04/27,0,2459000,-2104000,355000
2010/04/28,0,516000,-846000,-330000
2010/04/29,0,32000,-611000,-579000
2010/04/30,0,269000,-159000,110000
2010/05/03,0,34000,-403000,-369000
2010/05/04,0,14000,-307000,-293000
2010/05/05,0,382000,-621000,-239000
2010/05/06,0,100000,-2720000,-2620000
2010/05/07,0,355000,-52000,303000
2010/05/10,0,161000,-707000,-546000
2010/05/11,0,64000,-1812000,-1748000
2010/05/12,0,29000,-304000,-275000
2010/05/13,0,0,-495000,-495000
2010/05/14,0,678000,-433000,245000
2010/05/17,0,1000,-215000,-214000
2010/05/18,0,143000,-75000,68000
2010/05/19,0,470000,-90000,380000
2010/05/20,0,318000,-183000,135000
2010/05/21,0,597000,-290000,307000
2010/05/24,0,353000,-155000,198000
2010/05/25,0,1295000,-259000,1036000
2010/05/26,0,474000,-15000,459000
2010/05/27,0,292000,-469000,-177000
2010/05/28,0,12000,-422000,-410000
2010/05/31,0,339000,-113000,226000
2010/06/01,0,29000,-118000,-89000
2010/06/02,0,127000,-278000,-151000
2010/06/03,0,414000,-18000,396000
2010/06/04,0,23000,-340000,-317000
2010/06/07,0,84000,-192000,-108000
2010/06/08,0,60000,-38000,22000
2010/06/09,0,82000,-212000,-130000
2010/06/10,0,66000,-68000,-2000
2010/06/11,0,321000,-54000,267000
2010/06/14,0,145000,-50000,95000
2010/06/15,0,102000,0,102000
2010/06/16,0,0,0,0
2010/06/17,0,474000,-107000,367000
2010/06/18,0,28000,-43000,-15000
2010/06/21,0,211000,0,211000
2010/06/22,0,166000,-45000,121000
2010/06/23,0,1000,-1000,0
2010/06/24,0,312000,-105000,207000
2010/06/25,0,7000,-284000,-277000
2010/06/28,0,64000,-160000,-96000
2010/06/29,0,30000,-110000,-80000
2010/06/30,0,375000,-445000,-70000
2010/07/01,0,211000,-327000,-116000
2010/07/02,0,168000,-126000,42000
2010/07/05,0,30000,-68000,-38000
2010/07/06,0,242000,-45000,197000
2010/07/07,0,160000,-173000,-13000
2010/07/08,0,125000,-130000,-5000
2010/07/09,0,102000,-174000,-72000
2010/07/12,0,131000,0,131000
2010/07/13,0,52000,-89000,-37000
2010/07/14,0,411000,-85000,326000
2010/07/15,0,480000,-22000,458000
2010/07/16,0,107323,-122000,-14677
2010/07/19,0,117000,0,117000
2010/07/20,0,86000,-125000,-39000
2010/07/21,0,285000,-141000,144000
2010/07/22,0,40000,-69000,-29000
2010/07/23,0,486000,0,486000
2010/07/26,0,306000,-73000,233000
2010/07/27,0,34000,-32000,2000
2010/07/28,0,47000,0,47000
2010/07/29,0,35000,-5000,30000
2010/07/30,0,212000,-231000,-19000
2010/08/02,0,115000,0,115000
2010/08/03,0,112000,0,112000
2010/08/04,0,132000,-12000,120000
2010/08/05,0,207000,-53000,154000
2010/08/06,0,205000,0,205000
2010/08/09,0,135000,0,135000
2010/08/10,0,64000,-26000,38000
2010/08/11,0,1000,-213000,-212000
2010/08/12,0,0,-82000,-82000
2010/08/13,0,683000,-46000,637000
2010/08/16,0,0,-46000,-46000
2010/08/17,0,0,-352000,-352000
2010/08/18,0,29000,-305000,-276000
2010/08/19,0,42000,-320000,-278000
2010/08/20,0,32000,-4000,28000
2010/08/23,0,443000,-513000,-70000
2010/08/24,0,86000,-29000,57000
2010/08/25,0,780000,-529000,251000
2010/08/26,0,94000,-508000,-414000
2010/08/27,0,90000,-56000,34000
2010/08/30,0,83000,-4000,79000
2010/08/31,0,56000,-390000,-334000
2010/09/01,0,142000,-36000,106000
2010/09/02,0,114000,-48000,66000
2010/09/03,0,186000,-91000,95000
2010/09/06,0,23000,-135000,-112000
2010/09/07,0,19000,-88000,-69000
2010/09/08,0,0,-44000,-44000
2010/09/09,0,177000,0,177000
2010/09/10,0,340469,-10000,330469
2010/09/13,0,158000,0,158000
2010/09/14,0,45000,-20000,25000
2010/09/15,0,79000,-4000,75000
2010/09/16,0,95000,0,95000
2010/09/17,0,470000,-275305,194695
2010/09/20,0,22000,-20000,2000
2010/09/21,0,126000,0,126000
2010/09/22,0,0,0,0
2010/09/23,0,32000,-17000,15000
2010/09/24,0,113000,0,113000
2010/09/27,0,32000,-92000,-60000
2010/09/28,0,1000,-286000,-285000
2010/09/29,0,265000,-159000,106000
2010/09/30,0,307910,-328000,-20090
2010/10/01,0,0,-19000,-19000
2010/10/04,0,29000,-52000,-23000
2010/10/05,0,61000,-110000,-49000
2010/10/06,0,224000,0,224000
2010/10/07,0,167000,-200000,-33000
2010/10/08,0,63000,-298720,-235720
2010/10/11,0,0,-30000,-30000
2010/10/12,0,22000,-52000,-30000
2010/10/13,0,144000,-68000,76000
2010/10/14,0,51000,-8000,43000
2010/10/15,0,69000,0,69000
2010/10/18,0,556000,-40000,516000
2010/10/19,0,500000,-148000,352000
2010/10/20,0,0,-71000,-71000
2010/10/21,0,71000,-67000,4000
2010/10/22,0,82000,-53000,29000
2010/10/25,0,59000,0,59000
2010/10/26,0,50000,-500000,-450000
2010/10/27,0,147000,-210000,-63000
2010/10/28,0,240000,-300000,-60000
2010/10/29,0,298000,-52000,246000
2010/11/01,0,870000,-171000,699000
2010/11/02,0,192000,-975241,-783241
2010/11/03,0,156000,0,156000
2010/11/04,0,231000,-18000,213000
2010/11/05,0,236000,-19000,217000
2010/11/08,0,404000,0,404000
2010/11/09,0,436000,0,436000
2010/11/10,0,1355000,0,1355000
2010/11/11,0,827000,-3000,824000
2010/11/12,0,672000,-35000,637000
2010/11/15,0,539000,-22000,517000
2010/11/16,0,617000,-23000,594000
2010/11/17,0,359000,-113000,246000
2010/11/18,0,375000,-140000,235000
2010/11/19,0,561000,-106000,455000
2010/11/22,0,693000,-15000,678000
2010/11/23,0,324000,-10000,314000
2010/11/24,0,326000,0,326000
2010/11/25,0,552000,-12000,540000
2010/11/26,0,143000,0,143000
2010/11/29,0,394000,-134000,260000
2010/11/30,0,481000,-130000,351000
2010/12/01,0,447000,-124000,323000
2010/12/02,0,79000,-200000,-121000
2010/12/03,0,218000,-200000,18000
2010/12/06,0,0,-308000,-308000
2010/12/07,0,243000,0,243000
2010/12/08,0,204000,-53000,151000
2010/12/09,0,141000,-138000,3000
2010/12/10,0,331000,-224000,107000
2010/12/13,0,52000,-789000,-737000
2010/12/14,0,754000,-1107000,-353000
2010/12/15,0,335000,-517000,-182000
2010/12/16,0,1018000,-102000,916000
2010/12/17,0,793000,-2000,791000
2010/12/20,0,647000,-49000,598000
2010/12/21,0,241000,-35000,206000
2010/12/22,0,513000,-21143,491857
2010/12/23,0,671000,-34000,637000
2010/12/24,0,439000,-42000,397000
2010/12/27,0,228000,-157000,71000
2010/12/28,0,227000,0,227000
2010/12/29,0,915000,0,915000
2010/12/30,0,1092000,-103000,989000
2010/12/31,0,258000,-20000,238000
2011/01/03,0,74000,-283000,-209000
2011/01/04,0,819000,-65000,754000
2011/01/05,0,327000,-2000,325000
2011/01/06,0,640000,-92000,548000
2011/01/07,0,26000,-353000,-327000
2011/01/10,0,791789,-99000,692789
2011/01/11,0,285000,-4000,281000
2011/01/12,0,118000,-52000,66000
2011/01/13,0,370000,-119000,251000
2011/01/14,0,127000,-87000,40000
2011/01/17,0,336000,0,336000
2011/01/18,0,350025,-48000,302025
2011/01/19,0,537000,-116000,421000
2011/01/20,0,542000,-92000,450000
2011/01/21,0,418000,-644000,-226000
2011/01/24,0,919000,-56000,863000
2011/01/25,0,109000,-25000,84000
2011/01/26,0,62000,0,62000
2011/01/27,0,102000,-132000,-30000
2011/01/28,0,555000,-55000,500000
2011/01/31,0,0,0,0
2011/02/01,0,0,0,0
2011/02/02,0,0,0,0
2011/02/03,0,0,0,0
2011/02/04,0,0,0,0
2011/02/07,0,0,0,0
2011/02/08,0,391000,-122742,268258
2011/02/09,0,380000,-58000,322000
2011/02/10,0,245000,-349000,-104000
2011/02/11,0,766000,-658000,108000
2011/02/14,0,221000,-170000,51000
2011/02/15,0,1264000,-159000,1105000
2011/02/16,0,76000,-420000,-344000
2011/02/17,0,500000,-202000,298000
2011/02/18,0,596000,0,596000
2011/02/21,0,0,-76079,-76079
2011/02/22,0,679000,-300000,379000
2011/02/23,0,388000,-93000,295000
2011/02/24,0,1006000,-195000,811000
2011/02/25,0,485000,-93000,392000
2011/02/28,0,0,0,0
2011/03/01,0,483000,-275000,208000
2011/03/02,0,67000,-206000,-139000
2011/03/03,0,941000,-632000,309000
2011/03/04,0,1367300,-1148000,219300
2011/03/07,0,514000,-104000,410000
2011/03/08,0,394000,-317000,77000
2011/03/09,0,296000,-430000,-134000
2011/03/10,0,257000,-90000,167000
2011/03/11,0,2000,-233000,-231000
2011/03/14,0,222000,-648000,-426000
2011/03/15,0,215000,-329000,-114000
2011/03/16,0,200000,-358000,-158000
2011/03/17,0,392000,-287000,105000
2011/03/18,0,228000,-151000,77000
2011/03/21,0,1221000,-100000,1121000
2011/03/22,0,1500000,-285000,1215000
2011/03/23,0,20000,-17000,3000
2011/03/24,0,298000,-136814,161186
2011/03/25,0,174000,-400877,-226877
2011/03/28,0,226000,0,226000
2011/03/29,0,451000,-1000,450000
2011/03/30,0,193000,-26000,167000
2011/03/31,0,554336,-196000,358336
2011/04/01,0,524000,-6000,518000
2011/04/04,0,0,0,0
2011/04/05,0,0,0,0
2011/04/06,0,939000,-10000,929000
2011/04/07,0,449000,-3000,446000
2011/04/08,0,356000,-4000,352000
2011/04/11,0,66000,-9000,57000
2011/04/12,0,260000,-3000,257000
2011/04/13,0,368000,0,368000
2011/04/14,0,114000,-58000,56000
2011/04/15,0,166000,-8000,158000
2011/04/18,0,1000,-1000,0
2011/04/19,0,232000,-54000,178000
2011/04/20,0,500278,-693000,-192722
2011/04/21,0,445000,-60000,385000
2011/04/22,0,146000,-116000,30000
2011/04/25,0,53000,-48000,5000
2011/04/26,0,147612,-62000,85612
2011/04/27,0,41000,-47525,-6525
2011/04/28,0,221000,-93000,128000
2011/04/29,0,628548,-260000,368548
2011/05/02,0,0,0,0
2011/05/03,0,196000,-317000,-121000
2011/05/04,0,366000,-29000,337000
2011/05/05,0,12000,-13000,-1000
2011/05/06,0,215000,-43000,172000
2011/05/09,0,319000,-41000,278000
2011/05/10,0,15000,-5000,10000
2011/05/11,0,109000,-198000,-89000
2011/05/12,0,62000,-72000,-10000
2011/05/13,0,78000,-179000,-101000
2011/05/16,0,15000,-14000,1000
2011/05/17,0,62000,-363000,-301000
2011/05/18,0,114000,-115000,-1000
2011/05/19,0,40000,-56000,-16000
2011/05/20,0,189000,-149000,40000
2011/05/23,0,88000,-29000,59000
2011/05/24,0,91000,-54000,37000
2011/05/25,0,9000,-54000,-45000
2011/05/26,0,0,-391340,-391340
2011/05/27,0,90000,-176000,-86000
2011/05/30,0,38000,-58000,-20000
2011/05/31,0,135000,-13000,122000
2011/06/01,0,56000,-81000,-25000
2011/06/02,0,94000,-20000,74000
2011/06/03,0,51000,-17000,34000
2011/06/06,0,0,0,0
2011/06/07,0,8000,-52000,-44000
2011/06/08,0,61000,-158000,-97000
2011/06/09,0,35000,-29000,6000
2011/06/10,0,6000,-454000,-448000
2011/06/13,0,0,-344000,-344000
2011/06/14,0,28000,-72000,-44000
2011/06/15,0,617000,-535000,82000
2011/06/16,0,37000,-105000,-68000
2011/06/17,0,84000,-178456,-94456
2011/06/20,0,72000,-34000,38000
2011/06/21,0,201000,-151000,50000
2011/06/22,0,15000,-110000,-95000
2011/06/23,0,51000,-493000,-442000
2011/06/24,0,195000,-18000,177000
2011/06/27,0,17000,-474000,-457000
2011/06/28,0,318000,-65000,253000
2011/06/29,0,102000,-94000,8000
2011/06/30,0,0,-53000,-53000
2011/07/01,0,150000,-142000,8000
2011/07/04,0,0,-145000,-145000
2011/07/05,0,1000,-87000,-86000
2011/07/06,0,93621,-40000,53621
2011/07/07,0,181232,-152000,29232
2011/07/08,0,48898,-10000,38898
2011/07/11,0,5405,-348000,-342595
2011/07/12,0,9625,-82000,-72375
2011/07/13,0,97232,-53000,44232
2011/07/14,0,37494,-77000,-39506
2011/07/15,0,179000,-98000,81000
2011/07/18,0,79004,-168000,-88996
2011/07/19,0,586000,-74000,512000
2011/07/20,0,514000,-119000,395000
2011/07/21,0,206924,-121000,85924
2011/07/22,0,110898,-124000,-13102
2011/07/25,0,53000,-59000,-6000
2011/07/26,0,126262,-100000,26262
2011/07/27,0,35791,-44000,-8209
2011/07/28,0,59169,-22000,37169
2011/07/29,0,46030,-63000,-16970
2011/08/01,0,283000,-63000,220000
2011/08/02,0,81647,-295000,-213353
2011/08/03,0,94419,-163000,-68581
2011/08/04,0,237687,-76000,161687
2011/08/05,0,47219,-106000,-58781
2011/08/08,0,44932,-152000,-107068
2011/08/09,0,138000,-326000,-188000
2011/08/10,0,31000,-657000,-626000
2011/08/11,0,63000,-265000,-202000
2011/08/12,0,229000,-344000,-115000
2011/08/15,0,264000,-217479,46521
2011/08/16,0,372000,-245000,127000
2011/08/17,0,112629,-232000,-119371
2011/08/18,0,115015,-517000,-401985
2011/08/19,0,146151,-325000,-178849
2011/08/22,0,200498,-649000,-448502
2011/08/23,0,308000,-490000,-182000
2011/08/24,0,30484,-191001,-160517
2011/08/25,0,28392,-3000,25392
2011/08/26,0,177171,-333000,-155829
2011/08/29,0,172000,-11000,161000
2011/08/30,0,85532,-50000,35532
2011/08/31,0,156608,-303000,-146392
2011/09/01,0,127216,-180000,-52784
2011/09/02,0,46450,-103000,-56550
2011/09/05,0,2000,-308000,-306000
2011/09/06,0,23575,-350000,-326425
2011/09/07,0,310868,-428000,-117132
2011/09/08,0,104346,-407000,-302654
2011/09/09,0,177000,-136000,41000
2011/09/12,0,0,0,0
2011/09/13,0,33311,-132097,-98786
2011/09/14,0,51115,-141000,-89885
2011/09/15,0,110000,-4464,105536
2011/09/16,0,555000,-648000,-93000
2011/09/19,0,23600,-12000,11600
2011/09/20,0,20000,-442000,-422000
2011/09/21,0,480681,-595000,-114319
2011/09/22,0,0,-493000,-493000
2011/09/23,0,10270,-453142,-442872
2011/09/26,0,81353,-508000,-426647
2011/09/27,0,149681,-47000,102681
2011/09/28,0,33480,-646106,-612626
2011/09/29,0,122171,-48000,74171
2011/09/30,0,116000,-676617,-560617
2011/10/03,0,9298,-273909,-264611
2011/10/04,0,13000,-13434,-434
2011/10/05,0,9000,-49000,-40000
2011/10/06,0,128000,-56000,72000
2011/10/07,0,52000,-21000,31000
2011/10/10,0,0,0,0
2011/10/11,0,262000,-186000,76000
2011/10/12,0,476000,-22000,454000
2011/10/13,0,244079,-29000,215079
2011/10/14,0,183741,-264000,-80259
2011/10/17,0,532154,-146000,386154
2011/10/18,0,180271,-309000,-128729
2011/10/19,0,150856,-125000,25856
2011/10/20,0,144715,-126000,18715
2011/10/21,0,87900,-9000,78900
2011/10/24,0,227679,0,227679
2011/10/25,0,44462,0,44462
2011/10/26,0,224000,-208000,16000
2011/10/27,0,243000,-4000,239000
2011/10/28,0,272000,-349000,-77000
2011/10/31,0,186000,-63000,123000
2011/11/01,0,316000,-1000,315000
2011/11/02,0,206000,-17000,189000
2011/11/03,0,4000,-65000,-61000
2011/11/04,0,170000,-16000,154000
2011/11/07,0,0,-93000,-93000
2011/11/08,0,247000,-855492,-608492
2011/11/09,0,266000,-714000,-448000
2011/11/10,0,134000,-318200,-184200
2011/11/11,0,127000,-219536,-92536
2011/11/14,0,147000,-5000,142000
2011/11/15,0,149000,-267000,-118000
2011/11/16,0,17000,-134000,-117000
2011/11/17,0,73000,-13000,60000
2011/11/18,0,193000,-15000,178000
2011/11/21,0,418000,-157000,261000
2011/11/22,0,234000,-15000,219000
2011/11/23,0,423000,-78000,345000
2011/11/24,0,353000,-66000,287000
2011/11/25,0,11000,-93000,-82000
2011/11/28,0,19000,-34000,-15000
2011/11/29,0,2000,-193000,-191000
2011/11/30,0,61000,-121000,-60000
2011/12/01,0,121000,-7000,114000
2011/12/02,0,120000,-60000,60000
2011/12/05,0,65000,-98000,-33000
2011/12/06,0,22000,-7000,15000
2011/12/07,0,94000,-29484,64516
2011/12/08,0,56000,-222000,-166000
2011/12/09,0,151000,-128000,23000
2011/12/12,0,4000,-40471,-36471
2011/12/13,0,22000,-3000,19000
2011/12/14,0,47000,-1000,46000
2011/12/15,0,8000,-10000,-2000
2011/12/16,0,2000,-8000,-6000
2011/12/19,0,44000,-95000,-51000
2011/12/20,0,122000,0,122000
2011/12/21,0,217000,-7000,210000
2011/12/22,0,55000,-1000,54000
2011/12/23,0,79000,0,79000
2011/12/26,0,26000,-73000,-47000
2011/12/27,0,38000,-8343,29657
2011/12/28,0,429000,-6000,423000
2011/12/29,0,264000,-13000,251000
2011/12/30,0,386000,-251000,135000
2012/01/02,0,12000,-5000,7000
2012/01/03,0,0,0,0
2012/01/04,0,115000,-481000,-366000
2012/01/05,0,46000,-141329,-95329
2012/01/06,0,94552,-314000,-219448
2012/01/09,0,110000,-227000,-117000
2012/01/10,0,182000,-200000,-18000
2012/01/11,0,45000,-205000,-160000
2012/01/12,0,156000,-290000,-134000
2012/01/13,0,938000,-446000,492000
2012/01/16,0,18000,-1617600,-1599600
2012/01/17,0,113000,0,113000
2012/01/18,0,178000,-641000,-463000
2012/01/19,0,0,0,0
2012/01/20,0,0,0,0
2012/01/23,0,0,0,0
2012/01/24,0,0,0,0
2012/01/25,0,0,0,0
2012/01/26,0,0,0,0
2012/01/27,0,0,0,0
2012/01/30,0,413000,-151000,262000
2012/01/31,0,45385,-419000,-373615
2012/02/01,0,322000,-433000,-111000
2012/02/02,0,11000,-81000,-70000
2012/02/03,0,219000,-199000,20000
2012/02/06,0,166000,-213000,-47000
2012/02/07,0,400000,-28000,372000
2012/02/08,0,223000,0,223000
2012/02/09,0,261000,-51000,210000
2012/02/10,0,248000,-447000,-199000
2012/02/13,0,71000,-1556000,-1485000
2012/02/14,0,237000,-134000,103000
2012/02/15,0,266000,-954245,-688245
2012/02/16,0,273000,-520000,-247000
2012/02/17,0,421000,-8000,413000
2012/02/20,0,233000,-609000,-376000
2012/02/21,0,271000,-421000,-150000
2012/02/22,0,169000,-6000,163000
2012/02/23,0,33000,-50000,-17000
2012/02/24,0,149000,-424000,-275000
2012/02/27,0,0,0,0
2012/02/28,0,0,0,0
2012/02/29,0,114461,-336000,-221539
2012/03/01,0,112000,0,112000
2012/03/02,0,242000,-123000,119000
2012/03/05,0,57000,-149078,-92078
2012/03/06,0,365000,-516000,-151000
2012/03/07,0,81000,-87000,-6000
2012/03/08,0,214000,-83000,131000
2012/03/09,0,89000,-71000,18000
2012/03/12,0,202000,-249807,-47807
2012/03/13,0,354000,-382000,-28000
2012/03/14,0,2011000,-201000,1810000
2012/03/15,0,91000,-1064000,-973000
2012/03/16,0,179000,-223000,-44000
2012/03/19,0,38000,-367000,-329000
2012/03/20,0,71000,-190000,-119000
2012/03/21,0,166000,-96000,70000
2012/03/22,0,368000,-233000,135000
2012/03/23,0,82000,-5000,77000
2012/03/26,0,75000,-91000,-16000
2012/03/27,0,28000,-667879,-639879
2012/03/28,0,55000,-403000,-348000
2012/03/29,0,51000,-65000,-14000
2012/03/30,0,284133,-130000,154133
2012/04/02,0,19000,-59000,-40000
2012/04/03,0,166000,-201001,-35001
2012/04/04,0,0,0,0
2012/04/05,0,218000,-43000,175000
2012/04/06,0,67000,-195000,-128000
2012/04/09,0,25000,-193000,-168000
2012/04/10,0,61000,-142000,-81000
2012/04/11,0,38000,-106000,-68000
2012/04/12,0,92000,-249000,-157000
2012/04/13,0,54000,-101000,-47000
2012/04/16,0,3000,-113000,-110000
2012/04/17,0,131000,-315000,-184000
2012/04/18,0,159000,-497000,-338000
2012/04/19,0,191000,-74000,117000
2012/04/20,0,151000,-298000,-147000
2012/04/23,0,72000,-97000,-25000
2012/04/24,0,58000,-11000,47000
2012/04/25,0,142000,-93000,49000
2012/04/26,0,39000,-98000,-59000
2012/04/27,0,98152,-255000,-156848
2012/04/30,0,174000,-130387,43613
2012/05/01,0,0,0,0
2012/05/02,0,236000,-90000,146000
2012/05/03,0,109000,-111000,-2000
2012/05/04,0,88000,-73000,15000
2012/05/07,0,23000,-127000,-104000
2012/05/08,0,43000,-95000,-52000
2012/05/09,0,0,-271361,-271361
2012/05/10,0,42478,-39000,3478
2012/05/11,0,21536,-240677,-219141
2012/05/14,0,27000,-28000,-1000
2012/05/15,0,43000,-139000,-96000
2012/05/16,0,12000,-107000,-95000
2012/05/17,0,21000,-366000,-345000
2012/05/18,0,16000,-255000,-239000
2012/05/21,0,33000,-8000,25000
2012/05/22,0,99000,-86000,13000
2012/05/23,0,84000,-337000,-253000
2012/05/24,0,47000,-19000,28000
2012/05/25,0,13000,-18000,-5000
2012/05/28,0,15000,-72000,-57000
2012/05/29,0,203000,-55000,148000
2012/05/30,0,25000,-128000,-103000
2012/05/31,0,109000,-79000,30000
2012/06/01,0,9000,-53071,-44071
2012/06/04,0,1000,-267000,-266000
2012/06/05,0,193000,-14000,179000
2012/06/06,0,84000,-37000,47000
2012/06/07,0,74879,-113000,-38121
2012/06/08,0,54550,-3000,51550
2012/06/11,0,95722,-342677,-246955
2012/06/12,0,37000,-285000,-248000
2012/06/13,0,117942,-28000,89942
2012/06/14,0,38851,-102000,-63149
2012/06/15,0,103798,-81000,22798
2012/06/18,0,142083,0,142083
2012/06/19,0,14641,-115000,-100359
2012/06/20,0,82529,-64000,18529
2012/06/21,0,29515,-1000,28515
2012/06/22,0,31727,-37000,-5273
2012/06/25,0,9000,-6819,2181
2012/06/26,0,1000,-35000,-34000
2012/06/27,0,0,-3000,-3000
2012/06/28,0,53579,-2000,51579
2012/06/29,0,120579,0,120579
2012/07/02,0,79000,-9000,70000
2012/07/03,0,52000,-4000,48000
2012/07/04,0,79839,-102000,-22161
2012/07/05,0,52000,-82000,-30000
2012/07/06,0,10000,-29000,-19000
2012/07/09,0,6000,-26000,-20000
2012/07/10,0,21000,-72000,-51000
2012/07/11,0,10000,-6000,4000
2012/07/12,0,19000,-210000,-191000
2012/07/13,0,33392,-107000,-73608
2012/07/16,0,72000,-104000,-32000
2012/07/17,0,83000,-14000,69000
2012/07/18,0,133000,-798437,-665437
2012/07/19,0,109000,-460000,-351000
2012/07/20,0,142000,-46000,96000
2012/07/23,0,40000,-250000,-210000
2012/07/24,0,73000,-208000,-135000
2012/07/25,0,153000,-187000,-34000
2012/07/26,0,20000,-111000,-91000
2012/07/27,0,81000,-68000,13000
2012/07/30,0,33000,-24000,9000
2012/07/31,0,87000,-642811,-555811
2012/08/01,0,24000,0,24000
2012/08/02,0,0,0,0
2012/08/03,0,0,-218000,-218000
2012/08/06,0,47000,0,47000
2012/08/07,0,5000,-72000,-67000
2012/08/08,0,83000,-2000,81000
2012/08/09,0,179000,-80000,99000
2012/08/10,0,57000,-35000,22000
2012/08/13,0,71000,-315912,-244912
2012/08/14,0,115000,0,115000
2012/08/15,0,63000,0,63000
2012/08/16,0,160000,-64000,96000
2012/08/17,0,37000,0,37000
2012/08/20,0,102000,-209000,-107000
2012/08/21,0,601000,-118000,483000
2012/08/22,0,51000,-48000,3000
2012/08/23,0,49000,-89479,-40479
2012/08/24,0,71000,-281700,-210700
2012/08/27,0,14000,0,14000
2012/08/28,0,101000,-52000,49000
2012/08/29,0,114000,-43000,71000
2012/08/30,0,42000,-21000,21000
2012/08/31,0,23296,-192000,-168704
2012/09/03,0,65000,-15000,50000
2012/09/04,0,24000,-73000,-49000
2012/09/05,0,12000,-41051,-29051
2012/09/06,0,39000,-218000,-179000
2012/09/07,0,58789,-694194,-635405
2012/09/10,0,109000,-364000,-255000
2012/09/11,0,0,-225000,-225000
2012/09/12,0,51000,-1128000,-1077000
2012/09/13,0,0,-1153607,-1153607
2012/09/14,0,332000,-241000,91000
2012/09/17,0,66000,-7000,59000
2012/09/18,0,66000,-296000,-230000
2012/09/19,0,52000,-332000,-280000
2012/09/20,0,53000,-355000,-302000
2012/09/21,0,156000,-618866,-462866
2012/09/24,0,45000,-3432000,-3387000
2012/09/25,0,162000,-452000,-290000
2012/09/26,0,9000,-253304,-244304
2012/09/27,0,154000,-332900,-178900
2012/09/28,0,119000,-412000,-293000
2012/10/01,0,485000,-188000,297000
2012/10/02,0,18000,-466000,-448000
2012/10/03,0,39000,-228000,-189000
2012/10/04,0,50000,-63029,-13029
2012/10/05,0,12000,-235000,-223000
2012/10/08,0,126000,-477453,-351453
2012/10/09,0,74000,-388000,-314000
2012/10/10,0,0,0,0
2012/10/11,0,23000,-173337,-150337
2012/10/12,0,10000,-340000,-330000
2012/10/15,0,0,-280000,-280000
2012/10/16,0,11000,-20000,-9000
2012/10/17,0,0,-496000,-496000
2012/10/18,0,40000,-232000,-192000
2012/10/19,0,38000,-381972,-343972
2012/10/22,0,65000,-132356,-67356
2012/10/23,0,2000,-96000,-94000
2012/10/24,0,54000,-1707000,-1653000
2012/10/25,0,58000,-457000,-399000
2012/10/26,0,267000,-19334,247666
2012/10/29,0,206000,-303000,-97000
2012/10/30,0,117000,-368000,-251000
2012/10/31,0,37000,-107000,-70000
2012/11/01,0,89000,-16000,73000
2012/11/02,0,154000,-924000,-770000
2012/11/05,0,16000,-215963,-199963
2012/11/06,0,88000,-388000,-300000
2012/11/07,0,71000,-189000,-118000
2012/11/08,0,3000,-199600,-196600
2012/11/09,0,52000,-284000,-232000
2012/11/12,0,65000,-213000,-148000
2012/11/13,0,88000,-174969,-86969
2012/11/14,0,32000,-37000,-5000
2012/11/15,0,59000,-71000,-12000
2012/11/16,0,224000,-398000,-174000
2012/11/19,0,59000,-50000,9000
2012/11/20,0,45000,-185000,-140000
2012/11/21,0,3000,-252137,-249137
2012/11/22,0,8000,-27000,-19000
2012/11/23,0,317000,0,317000
2012/11/26,0,202000,-172000,30000
2012/11/27,0,178000,-329000,-151000
2012/11/28,0,193000,-212000,-19000
2012/11/29,0,233000,-210000,23000
2012/11/30,0,235000,-8000,227000
2012/12/03,0,553000,-36000,517000
2012/12/04,0,81000,-32000,49000
2012/12/05,0,87000,-21000,66000
2012/12/06,0,213000,-74000,139000
2012/12/07,0,121000,-23000,98000
2012/12/10,0,4000,-9000,-5000
2012/12/11,0,104000,-3000,101000
2012/12/12,0,235000,-59714,175286
2012/12/13,0,164000,0,164000
2012/12/14,0,253000,-43000,210000
2012/12/17,0,123000,-1042060,-919060
2012/12/18,0,109000,-9000,100000
2012/12/19,0,114000,-47000,67000
2012/12/20,0,22000,-17000,5000
2012/12/21,0,69000,-137000,-68000
2012/12/24,0,36000,-13000,23000
2012/12/25,0,271000,-4000,267000
2012/12/26,0,190000,-4000,186000
2012/12/27,0,94164,0,94164
2012/12/28,0,84000,-25000,59000
2012/12/31,0,0,0,0
2013/01/01,0,0,0,0
2013/01/02,0,164000,-2000,162000
2013/01/03,0,83000,-1000,82000
2013/01/04,0,86000,-59000,27000
2013/01/07,0,87000,-96000,-9000
2013/01/08,0,25000,-105000,-80000
2013/01/09,0,33000,-19000,14000
2013/01/10,0,115000,-38000,77000
2013/01/11,0,152000,-16000,136000
2013/01/14,0,67000,-29000,38000
2013/01/15,0,38000,-2000,36000
2013/01/16,0,30000,-172000,-142000
2013/01/17,0,87000,-213000,-126000
2013/01/18,0,61000,-58000,3000
2013/01/21,0,67000,-22000,45000
2013/01/22,0,8000,-14000,-6000
2013/01/23,0,39000,0,39000
2013/01/24,0,6000,-82000,-76000
2013/01/25,0,6000,-164000,-158000
2013/01/28,0,6000,0,6000
2013/01/29,0,56000,-46000,10000
2013/01/30,0,87000,-36000,51000
2013/01/31,0,39000,-447000,-408000
2013/02/01,0,12000,-215000,-203000
2013/02/04,0,76000,0,76000
2013/02/05,0,21000,-61000,-40000
2013/02/06,0,22000,-5000,17000
2013/02/07,0,0,0,0
2013/02/08,0,0,0,0
2013/02/11,0,0,0,0
2013/02/12,0,0,0,0
2013/02/13,0,0,0,0
2013/02/14,0,0,0,0
2013/02/15,0,0,0,0
2013/02/18,0,31000,-56000,-25000
2013/02/19,0,28000,-46000,-18000
2013/02/20,0,63000,-43000,20000
2013/02/21,0,65000,-46000,19000
2013/02/22,0,30000,-7000,23000
2013/02/25,0,118000,-119000,-1000
2013/02/26,0,13000,-63000,-50000
2013/02/27,0,47000,-18000,29000
2013/02/28,0,0,0,0
2013/03/01,0,69000,-22000,47000
2013/03/04,0,15000,-197000,-182000
2013/03/05,0,96000,-65000,31000
2013/03/06,0,59000,-25000,34000
2013/03/07,0,92000,-3000,89000
2013/03/08,0,20000,0,20000
2013/03/11,0,0,-19000,-19000
2013/03/12,0,18000,-10000,8000
2013/03/13,0,22000,-7000,15000
2013/03/14,0,0,-57000,-57000
2013/03/15,0,18000,-118000,-100000
2013/03/18,0,0,-171000,-171000
2013/03/19,0,19000,-78000,-59000
2013/03/20,0,17000,-67000,-50000
2013/03/21,0,0,-20000,-20000
2013/03/22,0,0,-4447,-4447
2013/03/25,0,20000,-40000,-20000
2013/03/26,0,0,-40000,-40000
2013/03/27,0,82000,-11000,71000
2013/03/28,0,0,-14000,-14000
2013/03/29,0,0,-2000,-2000
2013/04/01,0,63000,-17000,46000
2013/04/02,0,69000,-52316,16684
2013/04/03,0,0,-37000,-37000
2013/04/04,0,0,0,0
2013/04/05,0,0,0,0
2013/04/08,0,18000,-231000,-213000
2013/04/09,0,67000,-46000,21000
2013/04/10,0,109000,-156000,-47000
2013/04/11,0,75000,-3163,71837
2013/04/12,0,65000,-26000,39000
2013/04/15,0,5000,-17000,-12000
2013/04/16,0,9000,-25000,-16000
2013/04/17,0,5000,-76000,-71000
2013/04/18,0,85000,-91000,-6000
2013/04/19,0,21000,-231000,-210000
2013/04/22,0,15000,-121000,-106000
2013/04/23,0,23000,-279000,-256000
2013/04/24,0,5000,-140000,-135000
2013/04/25,0,11000,-157000,-146000
2013/04/26,0,146000,-32000,114000
2013/04/29,0,104000,0,104000
2013/04/30,0,86000,-7000,79000
2013/05/01,0,0,0,0
2013/05/02,0,92000,0,92000
2013/05/03,0,196000,-23000,173000
2013/05/06,0,121000,0,121000
2013/05/07,0,89000,0,89000
2013/05/08,0,299000,-309,298691
2013/05/09,0,59618,-40000,19618
2013/05/10,0,88000,-131000,-43000
2013/05/13,0,2000,-25000,-23000
2013/05/14,0,71000,-34000,37000
2013/05/15,0,151000,0,151000
2013/05/16,0,163000,0,163000
2013/05/17,0,98000,-30000,68000
2013/05/20,0,4000,-166000,-162000
2013/05/21,0,1077000,-50000,1027000
2013/05/22,0,320000,-130000,190000
2013/05/23,0,2000,-386000,-384000
2013/05/24,0,307000,-296000,11000
2013/05/27,0,161000,-20000,141000
2013/05/28,0,7000,-60000,-53000
2013/05/29,0,337000,-96000,241000
2013/05/30,0,387000,-216000,171000
2013/05/31,0,293000,-155000,138000
2013/06/03,0,3000,-184000,-181000
2013/06/04,0,0,-168000,-168000
2013/06/05,0,62000,-38000,24000
2013/06/06,0,737000,-39000,698000
2013/06/07,0,1069000,-121000,948000
2013/06/10,0,166000,0,166000
2013/06/11,0,117000,0,117000
2013/06/12,0,0,0,0
2013/06/13,0,13000,-8000,5000
2013/06/14,0,71000,-48000,23000
2013/06/17,0,247000,0,247000
2013/06/18,0,426000,-14000,412000
2013/06/19,0,65000,-287162,-222162
2013/06/20,0,1287000,-1309000,-22000
2013/06/21,0,243000,-640000,-397000
2013/06/24,0,952000,-1127926,-175926
2013/06/25,0,39000,-121000,-82000
2013/06/26,0,102000,0,102000
2013/06/27,0,72000,-53000,19000
2013/06/28,0,61000,-315000,-254000
2013/07/01,0,73000,-17000,56000
2013/07/02,0,8000,-48405,-40405
2013/07/03,0,4000,-84000,-80000
2013/07/04,0,2000,-22000,-20000
2013/07/05,0,2000,-22000,-20000
2013/07/08,0,0,-66000,-66000
2013/07/09,0,2000,-43000,-41000
2013/07/10,0,28000,-16000,12000
2013/07/11,0,68000,-34000,34000
2013/07/12,0,54000,-45000,9000
2013/07/15,0,45000,-3000,42000
2013/07/16,0,22000,0,22000
2013/07/17,0,8000,-34000,-26000
2013/07/18,0,105000,-8000,97000
2013/07/19,0,1000,-42000,-41000
2013/07/22,0,2000,-8000,-6000
2013/07/23,0,25000,-30000,-5000
2013/07/24,0,55000,-23000,32000
2013/07/25,0,40000,-48000,-8000
2013/07/26,0,74000,-39000,35000
2013/07/29,0,30000,-49000,-19000
2013/07/30,0,37000,-7000,30000
2013/07/31,0,95000,-99000,-4000
2013/08/01,0,40000,-4000,36000
2013/08/02,0,40000,-18000,22000
2013/08/05,0,368000,-67000,301000
2013/08/06,0,2000,-13000,-11000
2013/08/07,0,5000,-35000,-30000
2013/08/08,0,10000,-29000,-19000
2013/08/09,0,1000,-97000,-96000
2013/08/12,0,1000,-112000,-111000
2013/08/13,0,50000,-63000,-13000
2013/08/14,0,65000,0,65000
2013/08/15,0,99000,0,99000
2013/08/16,0,91000,-46000,45000
2013/08/19,0,72000,-14000,58000
2013/08/20,0,24000,-29000,-5000
2013/08/21,0,0,0,0
2013/08/22,0,61000,-1000,60000
2013/08/23,0,54000,0,54000
2013/08/26,0,68000,-43000,25000
2013/08/27,0,2000,-23000,-21000
2013/08/28,0,18000,-3000,15000
2013/08/29,0,162000,0,162000
2013/08/30,0,265000,-1000,264000
2013/09/02,0,78000,0,78000
2013/09/03,0,78000,-25000,53000
2013/09/04,0,51000,-31000,20000
2013/09/05,0,228000,-176000,52000
2013/09/06,0,74000,-78000,-4000
2013/09/09,0,17000,-134000,-117000
2013/09/10,0,18000,-70000,-52000
2013/09/11,0,17000,-20000,-3000
2013/09/12,0,71000,0,71000
2013/09/13,0,14000,0,14000
2013/09/16,0,132000,-6000,126000
2013/09/17,0,73000,-51890,21110
2013/09/18,0,51000,0,51000
2013/09/19,0,0,0,0
2013/09/20,0,0,0,0
2013/09/23,0,75000,0,75000
2013/09/24,0,43000,-30000,13000
2013/09/25,0,189000,0,189000
2013/09/26,0,86000,-50000,36000
2013/09/27,0,147000,-122000,25000
2013/09/30,0,51000,-201000,-150000
2013/10/01,0,3000,-45000,-42000
2013/10/02,0,1000,-6000,-5000
2013/10/03,0,62000,-421000,-359000
2013/10/04,0,0,-628000,-628000
2013/10/07,0,10000,-296000,-286000
2013/10/08,0,144000,-7000,137000
2013/10/09,0,5000,-85000,-80000
2013/10/10,0,0,0,0
2013/10/11,0,66000,-4000,62000
2013/10/14,0,87000,-131000,-44000
2013/10/15,0,114000,-16000,98000
2013/10/16,0,432000,-55000,377000
2013/10/17,0,56000,0,56000
2013/10/18,0,125000,-115000,10000
2013/10/21,0,82000,-156000,-74000
2013/10/22,0,18000,-160000,-142000
2013/10/23,0,102000,-101000,1000
2013/10/24,0,209000,-70000,139000
2013/10/25,0,272000,-125000,147000
2013/10/28,0,105000,-103000,2000
2013/10/29,0,41000,-18000,23000
2013/10/30,0,98000,-4000,94000
2013/10/31,0,78000,-41000,37000
2013/11/01,0,100000,-1000,99000
2013/11/04,0,78000,-117000,-39000
2013/11/05,0,71000,-100000,-29000
2013/11/06,0,15000,-46000,-31000
2013/11/07,0,28000,-176000,-148000
2013/11/08,0,0,-166000,-166000
2013/11/11,0,91000,-71000,20000
2013/11/12,0,61000,-84000,-23000
2013/11/13,0,30000,-47000,-17000
2013/11/14,0,46000,-44000,2000
2013/11/15,0,2000,-40000,-38000
2013/11/18,0,9000,-16000,-7000
2013/11/19,0,63000,-9000,54000
2013/11/20,0,5000,0,5000
2013/11/21,0,4000,-77000,-73000
2013/11/22,0,6000,-6000,0
2013/11/25,0,60000,0,60000
2013/11/26,0,92000,-124000,-32000
2013/11/27,0,48000,-12000,36000
2013/11/28,0,236000,-10000,226000
2013/11/29,0,54000,-28000,26000
2013/12/02,0,144000,-13000,131000
2013/12/03,0,134000,0,134000
2013/12/04,0,58000,-2000,56000
2013/12/05,0,48000,-173520,-125520
2013/12/06,0,64000,0,64000
2013/12/09,0,74000,0,74000
2013/12/10,0,159000,-83822,75178
2013/12/11,0,126000,-32000,94000
2013/12/12,0,185000,-12000,173000
2013/12/13,0,178000,-4000,174000
2013/12/16,0,92000,-28000,64000
2013/12/17,0,27000,-77000,-50000
2013/12/18,0,83000,-48000,35000
2013/12/19,0,63000,0,63000
2013/12/20,0,80000,-4000,76000
2013/12/23,0,103000,0,103000
2013/12/24,0,70000,0,70000
2013/12/25,0,93000,-54000,39000
2013/12/26,0,113000,0,113000
2013/12/27,0,90000,0,90000
2013/12/30,0,216000,-16001,199999
2013/12/31,0,156000,0,156000
2014/01/02,0,91000,-39000,52000
2014/01/03,0,114000,-17000,97000
2014/01/06,0,102000,-9000,93000
2014/01/07,0,235000,0,235000
2014/01/08,0,112000,0,112000
2014/01/09,0,121000,-50000,71000
2014/01/10,0,221000,-11000,210000
2014/01/13,0,55000,-64000,-9000
2014/01/14,0,54000,-127000,-73000
2014/01/15,0,135000,-33000,102000
2014/01/16,0,89000,-23000,66000
2014/01/17,0,371000,-37000,334000
2014/01/20,0,260000,-10000,250000
2014/01/21,0,213000,-14000,199000
2014/01/22,0,165000,-349000,-184000
2014/01/23,0,118000,-349910,-231910
2014/01/24,0,192000,-293000,-101000
2014/01/27,0,235000,-96000,139000
2014/02/05,0,165000,-66000,99000
2014/02/06,0,69000,-189000,-120000
2014/02/07,0,156000,-324000,-168000
2014/02/10,0,0,-341000,-341000
2014/02/11,0,175000,-189000,-14000
2014/02/12,0,193000,-227000,-34000
2014/02/13,0,29000,-265000,-236000
2014/02/14,0,621000,-43000,578000
2014/02/17,0,8000,-416000,-408000
2014/02/18,0,93000,-72000,21000
2014/02/19,0,278000,-137000,141000
2014/02/20,0,373000,-64000,309000
2014/02/21,0,309000,-201000,108000
2014/02/24,0,138000,-265000,-127000
2014/02/25,0,24000,-62000,-38000
2014/02/26,0,211000,-80000,131000
2014/02/27,0,363000,-72000,291000
2014/03/03,0,173000,-32000,141000
2014/03/04,0,29000,-21000,8000
2014/03/05,0,28000,-51000,-23000
2014/03/06,0,361000,-1000,360000
2014/03/07,0,155000,-199000,-44000
2014/03/10,0,326000,-68000,258000
2014/03/11,0,52000,0,52000
2014/03/12,0,37000,-51000,-14000
2014/03/13,0,141000,-114000,27000
2014/03/14,0,84000,-33000,51000
2014/03/17,0,26000,-23000,3000
2014/03/18,0,185000,-4000,181000
2014/03/19,0,196000,-238000,-42000
2014/03/20,0,333000,-130000,203000
2014/03/21,0,679000,-115000,564000
2014/03/24,0,221002,-738000,-516998
2014/03/25,0,185000,-189097,-4097
2014/03/26,0,210000,0,210000
2014/03/27,0,80000,-25000,55000
2014/03/28,0,148000,-126000,22000
2014/03/31,0,340000,-49000,291000
2014/04/01,0,75000,-54000,21000
2014/04/02,0,91000,-42000,49000
2014/04/03,0,169000,-3000,166000
2014/04/07,0,122000,0,122000
2014/04/08,0,233000,-97000,136000
2014/04/09,0,0,-167000,-167000
2014/04/10,0,23000,-68000,-45000
2014/04/11,0,42000,-60000,-18000
2014/04/14,0,72000,-205000,-133000
2014/04/15,0,70000,-1000,69000
2014/04/16,0,215000,-7000,208000
2014/04/17,0,162000,-3000,159000
2014/04/18,0,87000,-4000,83000
2014/04/21,0,144000,-34000,110000
2014/04/22,0,206000,-56000,150000
2014/04/23,0,295000,0,295000
2014/04/24,0,44000,-151000,-107000
2014/04/25,0,112000,-314000,-202000
2014/04/28,0,78000,-102000,-24000
2014/04/29,0,115000,-225000,-110000
2014/04/30,0,25000,-236000,-211000
2014/05/02,0,209000,-151000,58000
2014/05/05,0,171000,-22000,149000
2014/05/06,0,107000,-188000,-81000
2014/05/07,0,44000,-110000,-66000
2014/05/08,0,99000,-1401000,-1302000
2014/05/09,0,98000,-84001,13999
2014/05/12,0,3000,-343000,-340000
2014/05/13,0,101000,-133000,-32000
2014/05/14,0,68000,-196000,-128000
2014/05/15,0,59000,-39000,20000
2014/05/16,0,442000,-20000,422000
2014/05/19,0,349000,-234000,115000
2014/05/20,0,168967,-137000,31967
2014/05/21,0,346000,-172000,174000
2014/05/22,0,713000,-101381,611619
2014/05/23,0,408000,-260000,148000
2014/05/26,0,907000,-33000,874000
2014/05/27,0,213000,-7000,206000
2014/05/28,0,484000,-100000,384000
2014/05/29,0,515000,-52713,462287
2014/05/30,0,81000,-190000,-109000
2014/06/03,0,410000,-319000,91000
2014/06/04,0,254000,-312000,-58000
2014/06/05,0,30000,-783723,-753723
2014/06/06,0,466000,-1165000,-699000
2014/06/09,0,728000,-1038000,-310000
2014/06/10,0,64881,-2141000,-2076119
2014/06/11,0,662000,-297000,365000
2014/06/12,0,122000,-898000,-776000
2014/06/13,0,25000,-420000,-395000
2014/06/16,0,41000,-100000,-59000
2014/06/17,0,26000,-33000,-7000
2014/06/18,0,744000,-174000,570000
2014/06/19,0,69000,-145000,-76000
2014/06/20,0,204000,-103000,101000
2014/06/23,0,638000,-104000,534000
2014/06/24,0,565000,-111000,454000
2014/06/25,0,533000,-33000,500000
2014/06/26,0,480000,-72000,408000
2014/06/27,0,292000,-483000,-191000
2014/06/30,0,683000,-754000,-71000
2014/07/01,0,364000,-209000,155000
2014/07/02,0,473000,-339000,134000
2014/07/03,0,259000,-70000,189000
2014/07/04,0,279000,-97000,182000
2014/07/07,0,9000,-47000,-38000
2014/07/08,0,409000,-279000,130000
2014/07/09,0,256000,-214000,42000
2014/07/10,0,246000,-28000,218000
2014/07/11,0,227000,-6000,221000
2014/07/14,0,54000,-11000,43000
2014/07/15,0,38000,-27000,11000
2014/07/16,0,276000,-17000,259000
2014/07/17,0,431000,-2000,429000
2014/07/18,0,406000,0,406000
2014/07/21,0,63000,-80000,-17000
2014/07/22,0,409000,-72000,337000
2014/07/23,0,0,0,0
2014/07/24,0,98000,-29000,69000
2014/07/25,0,115000,-54000,61000
2014/07/28,0,342000,-45000,297000
2014/07/29,0,173000,-248000,-75000
2014/07/30,0,270000,-50000,220000
2014/07/31,0,97000,-23000,74000
2014/08/01,0,496000,-50000,446000
2014/08/04,0,434000,-2000,432000
2014/08/05,0,256000,-54000,202000
2014/08/06,0,367000,-71000,296000
2014/08/07,0,320000,-96000,224000
2014/08/08,0,296000,-412000,-116000
2014/08/11,0,136000,-49000,87000
2014/08/12,0,121000,-31000,90000
2014/08/13,0,530000,-70000,460000
2014/08/14,0,274000,-1197000,-923000
2014/08/15,0,21000,-326000,-305000
2014/08/18,0,73000,-95000,-22000
2014/08/19,0,75000,-88000,-13000
2014/08/20,0,459000,-47000,412000
2014/08/21,0,305000,-31000,274000
2014/08/22,0,257000,-16000,241000
2014/08/25,0,190000,-56000,134000
2014/08/26,0,255000,-8000,247000
2014/08/27,0,950000,-10000,940000
2014/08/28,0,14000,-148000,-134000
2014/08/29,0,331000,-64000,267000
2014/09/01,0,316000,-10000,306000
2014/09/02,0,120000,-30000,90000
2014/09/03,0,49000,-23000,26000
2014/09/04,0,187000,-9000,178000
2014/09/05,0,84000,-281000,-197000
2014/09/09,0,80000,-26000,54000
2014/09/10,0,419000,-5000,414000
2014/09/11,0,414000,-42000,372000
2014/09/12,0,224000,-489000,-265000
2014/09/15,0,114000,-143000,-29000
2014/09/16,0,243000,-35000,208000
2014/09/17,0,181000,-286000,-105000
2014/09/18,0,104000,-77000,27000
2014/09/19,0,512000,-194000,318000
2014/09/22,0,102000,-71000,31000
2014/09/23,0,136000,-12000,124000
2014/09/24,0,261000,-46000,215000
2014/09/25,0,266000,-146000,120000
2014/09/26,0,124000,-23000,101000
2014/09/29,0,54000,-130000,-76000
2014/09/30,0,872000,-213000,659000
2014/10/01,0,206000,-79000,127000
2014/10/02,0,70000,-119000,-49000
2014/10/03,0,155000,-87000,68000
2014/10/06,0,135000,-142000,-7000
2014/10/07,0,177000,-406000,-229000
2014/10/08,0,174000,-186000,-12000
2014/10/09,0,32000,-246000,-214000
2014/10/13,0,257000,-573000,-316000
2014/10/14,0,182000,-294000,-112000
2014/10/15,0,152000,-357000,-205000
2014/10/16,0,608000,-88000,520000
2014/10/17,0,217000,-440000,-223000
2014/10/20,0,146000,-121000,25000
2014/10/21,0,64000,-202000,-138000
2014/10/22,0,168000,-498000,-330000
2014/10/23,0,86000,-207000,-121000
2014/10/24,0,49000,-537000,-488000
2014/10/27,0,79000,-213778,-134778
2014/10/28,0,410000,-141000,269000
2014/10/29,0,228000,-371000,-143000
2014/10/30,0,452000,-126000,326000
2014/10/31,0,429000,-67000,362000
2014/11/03,0,548000,-352000,196000
2014/11/04,0,304000,-433998,-129998
2014/11/05,0,497000,-134000,363000
2014/11/06,0,153000,-235000,-82000
2014/11/07,0,442000,-64000,378000
2014/11/10,0,412000,-47000,365000
2014/11/11,0,902000,-280000,622000
2014/11/12,0,85000,-309000,-224000
2014/11/13,0,86000,-183000,-97000
2014/11/14,0,132000,-107000,25000
2014/11/17,0,144000,-82000,62000
2014/11/18,0,218000,-215000,3000
2014/11/19,0,144000,-44000,100000
2014/11/20,0,273000,-44000,229000
2014/11/21,0,327000,-157000,170000
2014/11/24,0,138000,-49000,89000
2014/11/25,0,122000,-68000,54000
2014/11/26,0,96000,-86000,10000
2014/11/27,0,100000,-41000,59000
2014/11/28,0,118000,-3000,115000
2014/12/01,0,323000,-5054,317946
2014/12/02,0,60000,-153000,-93000
2014/12/03,0,93000,-104000,-11000
2014/12/04,0,350000,-121000,229000
2014/12/05,0,445000,-54000,391000
2014/12/08,0,135000,-31000,104000
2014/12/09,0,116000,-32000,84000
2014/12/10,0,257000,-182971,74029
2014/12/11,0,548000,0,548000
2014/12/12,0,244000,-8000,236000
2014/12/15,0,237000,-2000,235000
2014/12/16,0,272000,-67000,205000
2014/12/17,0,97000,-164000,-67000
2014/12/18,0,109000,-54000,55000
2014/12/19,0,538000,-99000,439000
2014/12/22,0,82000,-281000,-199000
2014/12/23,0,113000,-74000,39000
2014/12/24,0,161000,-75000,86000
2014/12/25,0,237000,-106000,131000
2014/12/26,0,62000,-22000,40000
2014/12/29,0,94000,-3000,91000
2014/12/30,0,46000,-113000,-67000
2014/12/31,0,25000,-100000,-75000
2015/01/01,0,0,0,0
2015/01/02,0,0,0,0
2015/01/05,0,34000,-148000,-114000
2015/01/06,0,97000,-296000,-199000
2015/01/07,0,101000,-63000,38000
2015/01/08,0,84000,-19000,65000
2015/01/09,0,83000,-80000,3000
2015/01/12,0,141000,-145000,-4000
2015/01/13,0,193000,-38000,155000
2015/01/14,0,57000,-73000,-16000
2015/01/15,0,30000,-188000,-158000
2015/01/16,0,138000,-830000,-692000
2015/01/19,0,57000,-266000,-209000
2015/01/20,0,88000,-95000,-7000
2015/01/21,0,75000,-236000,-161000
2015/01/22,0,50000,-36000,14000
2015/01/23,0,52000,-205000,-153000
2015/01/26,0,167000,-308000,-141000
2015/01/27,0,62000,-768000,-706000
2015/01/28,0,50000,-155000,-105000
2015/01/29,0,53000,-53000,0
2015/01/30,0,308000,-166000,142000
2015/02/02,0,197000,-47000,150000
2015/02/03,0,177000,-78000,99000
2015/02/04,0,317000,-79000,238000
2015/02/05,0,148000,-212000,-64000
2015/02/06,0,456000,-35000,421000
2015/02/09,0,1143000,-367000,776000
2015/02/10,0,381000,-897000,-516000
2015/02/11,0,339001,-455000,-115999
2015/02/12,0,249000,-818227,-569227
2015/02/13,0,429000,-576000,-147000
2015/02/16,0,0,0,0
2015/02/17,0,0,0,0
2015/02/18,0,0,0,0
2015/02/19,0,0,0,0
2015/02/20,0,0,0,0
2015/02/23,0,0,0,0
2015/02/24,0,73000,-174000,-101000
2015/02/25,0,1989643,-954000,1035643
2015/02/26,0,766000,-274000,492000
2015/02/27,0,0,0,0
2015/03/02,0,450000,-569316,-119316
2015/03/03,0,874000,-312000,562000
2015/03/04,0,1408000,-78000,1330000
2015/03/05,0,513000,-270000,243000
2015/03/06,0,155000,-137000,18000
2015/03/09,0,653000,-194000,459000
2015/03/10,0,776000,-552000,224000
2015/03/11,0,267000,-666000,-399000
2015/03/12,0,939000,-202000,737000
2015/03/13,0,289000,-643000,-354000
2015/03/16,0,670000,-223000,447000
2015/03/17,0,1297000,-339000,958000
2015/03/18,0,1670000,-257421,1412579
2015/03/19,0,1063000,-232000,831000
2015/03/20,0,595000,-688000,-93000
2015/03/23,0,907000,-362000,545000
2015/03/24,0,566000,-312000,254000
2015/03/25,0,446000,-355000,91000
2015/03/26,0,738000,-747000,-9000
2015/03/27,0,937000,-1142000,-205000
2015/03/30,0,1118000,-433000,685000
2015/03/31,0,859000,-161000,698000
2015/04/01,0,992000,-399000,593000
2015/04/02,0,606000,-120000,486000
2015/04/03,0,0,0,0
2015/04/06,0,0,0,0
2015/04/07,0,766000,-179000,587000
2015/04/08,0,536000,-322000,214000
2015/04/09,0,84000,-634000,-550000
2015/04/10,0,696000,-774000,-78000
2015/04/13,0,729000,-129000,600000
2015/04/14,0,92001,-336000,-243999
2015/04/15,0,353000,-553000,-200000
2015/04/16,0,456000,-139000,317000
2015/04/17,0,317000,-236000,81000
2015/04/20,0,756000,-204000,552000
2015/04/21,0,457000,-400000,57000
2015/04/22,0,1127000,-144000,983000
2015/04/23,0,135000,-579000,-444000
2015/04/24,0,974000,-277000,697000
2015/04/27,0,286000,-347000,-61000
2015/04/28,0,306000,-153000,153000
2015/04/29,0,270000,-298000,-28000
2015/04/30,0,809000,-770000,39000
2015/05/01,0,0,0,0
2015/05/04,0,79000,-333000,-254000
2015/05/05,0,134000,-330000,-196000
2015/05/06,0,216000,-398000,-182000
2015/05/07,0,535000,-378000,157000
2015/05/08,0,483000,-352000,131000
2015/05/11,0,138000,-412000,-274000
2015/05/12,0,293000,-808040,-515040
2015/05/13,0,470000,-269000,201000
2015/05/14,0,578000,-60000,518000
2015/05/15,0,112000,-599643,-487643
2015/05/18,0,177000,-152000,25000
2015/05/19,0,867000,-116000,751000
2015/05/20,0,607000,-268000,339000
2015/05/21,0,1389000,-148000,1241000
2015/05/22,0,241000,-390000,-149000
2015/05/25,0,736000,-625000,111000
2015/05/26,0,502000,-186000,316000
2015/05/27,0,975000,-568000,407000
2015/05/28,0,355000,-315725,39275
2015/05/29,0,1998000,-521000,1477000
2015/06/01,0,1054000,-131000,923000
2015/06/02,0,491000,-1163000,-672000
2015/06/03,0,378000,-304000,74000
2015/06/04,0,290000,-954000,-664000
2015/06/05,0,199000,-809000,-610000
2015/06/08,0,412000,-478000,-66000
2015/06/09,0,272000,-774000,-502000
2015/06/10,0,445000,-172000,273000
2015/06/11,0,264000,-754000,-490000
2015/06/12,0,322000,-376000,-54000
2015/06/15,0,1425000,-677000,748000
2015/06/16,0,288000,-480000,-192000
2015/06/17,0,324000,-657000,-333000
2015/06/18,0,985000,-2128401,-1143401
2015/06/19,0,0,0,0
2015/06/22,0,175000,-367000,-192000
2015/06/23,0,94000,-665000,-571000
2015/06/24,0,251000,-1064000,-813000
2015/06/25,0,143000,-677000,-534000
2015/06/26,0,144000,-221000,-77000
2015/06/29,0,91000,-690592,-599592
2015/06/30,0,513000,-419000,94000
2015/07/01,0,317000,-63000,254000
2015/07/02,0,113000,-360000,-247000
2015/07/03,0,69000,-358000,-289000
2015/07/06,0,577000,-211000,366000
2015/07/07,0,501000,-196969,304031
2015/07/08,0,959000,-312000,647000
2015/07/09,0,771000,-60000,711000
2015/07/10,0,0,0,0
2015/07/13,0,396000,-704000,-308000
2015/07/14,0,423000,-733000,-310000
2015/07/15,0,62000,-1407000,-1345000
2015/07/16,0,420000,-465979,-45979
2015/07/17,0,85000,-1436346,-1351346
2015/07/20,0,514000,-577000,-63000
2015/07/21,0,263000,-133000,130000
2015/07/22,0,390000,-538000,-148000
2015/07/23,0,152000,-389000,-237000
2015/07/24,0,135000,-527000,-392000
2015/07/27,0,252000,-261000,-9000
2015/07/28,0,419000,-232000,187000
2015/07/29,0,587000,-134000,453000
2015/07/30,0,0,-102000,-102000
2015/07/31,0,347000,-723000,-376000
2015/08/03,0,0,-883000,-883000
2015/08/04,0,384000,-1024000,-640000
2015/08/05,0,131000,-256000,-125000
2015/08/06,0,99000,-373000,-274000
2015/08/07,0,692000,-184000,508000
2015/08/10,0,141000,-626000,-485000
2015/08/11,0,1709000,-690000,1019000
2015/08/12,0,315000,-283000,32000
2015/08/13,0,191000,-519000,-328000
2015/08/14,0,159000,-105000,54000
2015/08/17,0,80000,-154000,-74000
2015/08/18,0,186000,-391000,-205000
2015/08/19,0,93000,-600000,-507000
2015/08/20,0,243000,-400031,-157031
2015/08/21,0,279000,-690000,-411000
2015/08/24,0,1064000,-630000,434000
2015/08/25,0,496000,-1683000,-1187000
2015/08/26,0,587000,-234000,353000
2015/08/27,0,369000,-143000,226000
2015/08/28,0,94000,-186000,-92000
2015/08/31,0,374000,-207000,167000
2015/09/01,0,384000,-719000,-335000
2015/09/02,0,848000,-598000,250000
2015/09/03,0,247586,-335000,-87414
2015/09/04,0,106000,-384000,-278000
2015/09/07,0,150000,-240000,-90000
2015/09/08,0,295000,-83000,212000
2015/09/09,0,1112000,-233000,879000
2015/09/10,0,1310000,-408000,902000
2015/09/11,0,1390000,-106000,1284000
2015/09/14,0,1196000,-624000,572000
2015/09/15,0,176000,-168000,8000
2015/09/16,0,1156000,-80000,1076000
2015/09/17,0,1779000,-493000,1286000
2015/09/18,0,1690000,-264000,1426000
2015/09/21,0,1835000,-629000,1206000
2015/09/22,0,9000,-352000,-343000
2015/09/23,0,0,0,0
2015/09/24,0,0,0,0
2015/09/25,0,0,0,0
2015/09/28,0,0,0,0
2015/09/29,0,0,0,0
2015/09/30,0,0,0,0
2015/10/01,0,0,0,0
2015/10/02,0,0,0,0
2015/10/05,0,255000,-426000,-171000
2015/10/06,0,1155672,-1026459,129213
2015/10/07,0,653290,-180000,473290
2015/10/08,0,296000,-71605,224395
2015/10/09,0,0,0,0
2015/10/12,0,273000,-163000,110000
2015/10/13,0,321000,-319000,2000
2015/10/14,0,342081,-75000,267081
2015/10/15,0,731000,-44000,687000
2015/10/16,0,914000,-29000,885000
2015/10/19,0,396000,-185000,211000
2015/10/20,0,850000,-93000,757000
2015/10/21,0,637000,-286000,351000
2015/10/22,0,551000,-131000,420000
2015/10/23,0,4310000,-155000,4155000
2015/10/26,0,7589000,-399000,7190000
2015/10/27,0,1587000,-285198,1301802
2015/10/28,0,2372000,-1274000,1098000
2015/10/29,0,615000,-353000,262000
2015/10/30,0,3286000,-92000,3194000
2015/11/02,0,543000,-271000,272000
2015/11/03,0,1178000,-173000,1005000
2015/11/04,0,1172000,-357000,815000
2015/11/05,0,965000,-649000,316000
2015/11/06,0,999000,-53000,946000
2015/11/09,0,674000,-424000,250000
2015/11/10,0,1441000,-453000,988000
2015/11/11,0,839001,-622000,217001
2015/11/12,0,178307,-584000,-405693
2015/11/13,0,2001000,0,2001000
2015/11/16,0,301000,-880000,-579000
2015/11/17,0,2279000,-239000,2040000
2015/11/18,0,681000,-498000,183000
2015/11/19,0,560000,-301000,259000
2015/11/20,0,154000,-280000,-126000
2015/11/23,0,861000,-325000,536000
2015/11/24,0,252000,-273655,-21655
2015/11/25,0,785000,-1263000,-478000
2015/11/26,0,722000,-421000,301000
2015/11/27,0,575000,-301000,274000
2015/11/30,0,550000,-348000,202000
2015/12/01,0,892000,-173000,719000
2015/12/02,0,519000,-424000,95000
2015/12/03,0,939000,-67000,872000
2015/12/04,0,971000,-173000,798000
2015/12/07,0,661000,-255000,406000
2015/12/08,0,588000,-244000,344000
2015/12/09,0,213000,-363531,-150531
2015/12/10,0,768000,-138023,629977
2015/12/11,0,904000,-392000,512000
2015/12/14,0,405000,-217000,188000
2015/12/15,0,697000,-213000,484000
2015/12/16,0,816000,-266000,550000
2015/12/17,0,1496000,-110000,1386000
2015/12/18,0,1248547,-1289495,-40948
2015/12/21,0,152000,-444000,-292000
2015/12/22,0,85000,-358031,-273031
2015/12/23,0,772000,-445000,327000
2015/12/24,0,307000,-367000,-60000
2015/12/25,0,128000,-77000,51000
2015/12/28,0,39000,-124000,-85000
2015/12/29,0,117000,-113000,4000
2015/12/30,0,260000,-140000,120000
2015/12/31,0,55000,-113000,-58000
2016/01/01,0,0,0,0
2016/01/04,0,240000,-476000,-236000
2016/01/05,0,1294000,-35000,1259000
2016/01/06,0,515000,-845477,-330477
2016/01/07,0,706000,-469000,237000
2016/01/08,0,701000,-27000,674000
2016/01/11,0,193000,-438000,-245000
2016/01/12,0,629000,-308000,321000
2016/01/13,0,156000,-820023,-664023
2016/01/14,0,543000,-112000,431000
2016/01/15,0,71000,-238000,-167000
2016/01/18,0,657000,-361000,296000
2016/01/19,0,228000,-357000,-129000
2016/01/20,0,223000,-390000,-167000
2016/01/21,0,256000,-362000,-106000
2016/01/22,0,325000,-290000,35000
2016/01/25,0,202000,-147000,55000
2016/01/26,0,82000,-68000,14000
2016/01/27,0,46000,-105000,-59000
2016/01/28,0,263000,-321000,-58000
2016/01/29,0,392000,-318000,74000
2016/02/01,0,118000,-371000,-253000
2016/02/02,0,88000,-438000,-350000
2016/02/03,0,386000,-945000,-559000
2016/02/04,0,0,0,0
2016/02/05,0,0,0,0
2016/02/08,0,0,0,0
2016/02/09,0,0,0,0
2016/02/10,0,0,0,0
2016/02/11,0,0,0,0
2016/02/12,0,0,0,0
2016/02/15,0,828000,-433000,395000
2016/02/16,0,449000,-726000,-277000
2016/02/17,0,268000,-274000,-6000
2016/02/18,0,149000,-421000,-272000
2016/02/19,0,84000,-800200,-716200
2016/02/22,0,373000,-627000,-254000
2016/02/23,0,129000,-641237,-512237
2016/02/24,0,212000,-242000,-30000
2016/02/25,0,297000,-83000,214000
2016/02/26,0,117000,-230400,-113400
2016/02/29,0,0,0,0
2016/03/01,0,441000,-743000,-302000
2016/03/02,0,1156000,-388030,767970
2016/03/03,0,188000,-315000,-127000
2016/03/04,0,411000,-755000,-344000
2016/03/07,0,241000,-273000,-32000
2016/03/08,0,444000,-104000,340000
2016/03/09,0,376000,-1076000,-700000
2016/03/10,0,4037000,-1653595,2383405
2016/03/11,0,657000,-2192000,-1535000
2016/03/14,0,1673000,-230000,1443000
2016/03/15,0,1080000,-1966000,-886000
2016/03/16,0,1895000,-1312000,583000
2016/03/17,0,1434000,-1036000,398000
2016/03/18,0,2639000,-1647642,991358
2016/03/21,0,521000,-331000,190000
2016/03/22,0,1069000,-660000,409000
2016/03/23,0,978000,-234000,744000
2016/03/24,0,1234000,-788000,446000
2016/03/25,0,972000,-41000,931000
2016/03/28,0,348000,-133000,215000
2016/03/29,0,694000,-525000,169000
2016/03/30,0,980000,-1010819,-30819
2016/03/31,0,119636,-1624000,-1504364
2016/04/01,0,295000,-744000,-449000
2016/04/04,0,0,0,0
2016/04/05,0,0,0,0
2016/04/06,0,575000,-383000,192000
2016/04/07,0,243000,-1519001,-1276001
2016/04/08,0,207000,-145000,62000
2016/04/11,0,165000,-1128000,-963000
2016/04/12,0,889213,-1307000,-417787
2016/04/13,0,287000,-1273000,-986000
2016/04/14,0,2226000,-394000,1832000
2016/04/15,0,329000,-633924,-304924
2016/04/18,0,64000,-491000,-427000
2016/04/19,0,358391,-394000,-35609
2016/04/20,0,850000,-195047,654953
2016/04/21,0,56000,-779000,-723000
2016/04/22,0,1408000,-2540000,-1132000
2016/04/25,0,2036744,-341000,1695744
2016/04/26,0,346372,-839095,-492723
2016/04/27,0,923000,-494131,428869
2016/04/28,0,638000,-968000,-330000
2016/04/29,0,669000,-808000,-139000
2016/05/02,0,0,0,0
2016/05/03,0,262000,-312000,-50000
2016/05/04,0,355000,-576000,-221000
2016/05/05,0,101000,-234000,-133000
2016/05/06,0,2000,-663000,-661000
2016/05/09,0,104000,-97000,7000
2016/05/10,0,933639,-496000,437639
2016/05/11,0,312000,-668000,-356000
2016/05/12,0,70361,-292000,-221639
2016/05/13,0,116686,-1016000,-899314
2016/05/16,0,694000,-267000,427000
2016/05/17,0,211372,-937000,-725628
2016/05/18,0,265000,-545000,-280000
2016/05/19,0,298000,-403000,-105000
2016/05/20,0,489000,-383000,106000
2016/05/23,0,631686,-219000,412686
2016/05/24,0,4530000,-689000,3841000
2016/05/25,0,505000,-1491912,-986912
2016/05/26,0,2171000,-1686194,484806
2016/05/27,0,729000,-710000,19000
2016/05/30,0,227000,-255000,-28000
2016/05/31,0,1647000,-1818000,-171000
2016/06/01,0,425000,-339117,85883
2016/06/02,0,423000,-310000,113000
2016/06/03,0,917000,-221000,696000
2016/06/06,0,264000,-262000,2000
2016/06/07,0,650000,-305028,344972
2016/06/08,0,709000,-503000,206000
2016/06/09,0,0,0,0
2016/06/10,0,0,0,0
2016/06/13,0,294000,-402000,-108000
2016/06/14,0,351000,-438193,-87193
2016/06/15,0,776000,-377000,399000
2016/06/16,0,706000,-1784000,-1078000
2016/06/17,0,970000,-596000,374000
2016/06/20,0,243000,-135000,108000
2016/06/21,0,476855,-255000,221855
2016/06/22,0,504000,-210000,294000
2016/06/23,0,804000,-153000,651000
2016/06/24,0,383000,-341054,41946
2016/06/27,0,621000,-469000,152000
2016/06/28,0,313000,-402800,-89800
2016/06/29,0,396000,-208000,188000
2016/06/30,0,984000,-1154000,-170000
2016/07/01,0,142000,-130000,12000
2016/07/04,0,360000,-166000,194000
2016/07/05,0,76000,-300000,-224000
2016/07/06,0,144000,-471000,-327000
2016/07/07,0,30000,-755000,-725000
2016/07/08,0,0,0,0
2016/07/11,0,591117,-411000,180117
2016/07/12,0,355000,-405000,-50000
2016/07/13,0,402000,-521000,-119000
2016/07/14,0,389000,-226000,163000
2016/07/15,0,177657,-431000,-253343
2016/07/18,0,185000,-270000,-85000
2016/07/19,0,246000,-140000,106000
2016/07/20,0,410000,-232000,178000
2016/07/21,0,214000,-95000,119000
2016/07/22,0,519000,-130000,389000
2016/07/25,0,173000,-338000,-165000
2016/07/26,0,433000,-252000,181000
2016/07/27,0,2101816,-644000,1457816
2016/07/28,0,1427908,-750000,677908
2016/07/29,0,1161000,-387000,774000
2016/08/01,0,1409724,-672000,737724
2016/08/02,0,420000,-633000,-213000
2016/08/03,0,661000,-233000,428000
2016/08/04,0,341000,-924000,-583000
2016/08/05,0,511000,-113000,398000
2016/08/08,0,391000,-758000,-367000
2016/08/09,0,402000,-185000,217000
2016/08/10,0,434527,-533000,-98473
2016/08/11,0,570000,-1087000,-517000
2016/08/12,0,210000,-137000,73000
2016/08/15,0,185632,-252000,-66368
2016/08/16,0,302000,-562000,-260000
2016/08/17,0,241297,-149000,92297
2016/08/18,0,1113000,-518000,595000
2016/08/19,0,1176000,-975297,200703
2016/08/22,0,742000,-313000,429000
2016/08/23,0,64816,-401000,-336184
2016/08/24,0,117908,-355000,-237092
2016/08/25,0,564000,-95000,469000
2016/08/26,0,803841,-527900,275941
2016/08/29,0,640000,-626000,14000
2016/08/30,0,848000,-351000,497000
2016/08/31,0,2473000,-1088000,1385000
2016/09/01,0,443000,-616000,-173000
2016/09/02,0,540759,-301202,239557
2016/09/05,0,341000,-567000,-226000
2016/09/06,0,357000,-242000,115000
2016/09/07,0,560218,-427000,133218
2016/09/08,0,857327,-620000,237327
2016/09/09,0,366000,-538023,-172023
2016/09/12,0,0,0,0
2016/09/13,0,0,0,0
2016/09/14,0,0,0,0
2016/09/15,0,0,0,0
2016/09/16,0,0,0,0
2016/09/19,0,0,0,0
2016/09/20,0,0,0,0
2016/09/21,0,0,0,0
2016/09/22,0,0,0,0
2016/09/23,0,1186000,-539575,646425
2016/09/26,0,201202,-829250,-628048
2016/09/27,0,0,0,0
2016/09/28,0,0,0,0
2016/09/29,0,742000,-2665175,-1923175
2016/09/30,0,1093000,-2700363,-1607363
2016/10/03,0,155577,-1022000,-866423
2016/10/04,0,134099,-750850,-616751
2016/10/05,0,149325,-309000,-159675
2016/10/06,0,76000,-165000,-89000
2016/10/07,0,37000,-1554000,-1517000
2016/10/10,0,0,0,0
2016/10/11,0,549184,-509500,39684
2016/10/12,0,611000,-1645260,-1034260
2016/10/13,0,652000,-386000,266000
2016/10/14,0,326000,-489575,-163575
2016/10/17,0,200000,-274000,-74000
2016/10/18,0,146000,-267000,-121000
2016/10/19,0,241000,-191000,50000
2016/10/20,0,148000,-178000,-30000
2016/10/21,0,686000,-119000,567000
2016/10/24,0,89000,-870000,-781000
2016/10/25,0,147000,-86000,61000
2016/10/26,0,25000,-433000,-408000
2016/10/27,0,100000,-251000,-151000
2016/10/28,0,337000,-130463,206537
2016/10/31,0,72000,-112050,-40050
2016/11/01,0,313000,-373000,-60000
2016/11/02,0,223550,-1659575,-1436025
2016/11/03,0,215000,-301361,-86361
2016/11/04,0,59000,-1321675,-1262675
2016/11/07,0,348000,-1341000,-993000
2016/11/08,0,333525,-376900,-43375
2016/11/09,0,1043000,-219000,824000
2016/11/10,0,304000,-517000,-213000
2016/11/11,0,317000,-449000,-132000
2016/11/14,0,121000,-720000,-599000
2016/11/15,0,296000,-173000,123000
2016/11/16,0,132000,-2082000,-1950000
2016/11/17,0,102000,-352000,-250000
2016/11/18,0,409870,-166000,243870
2016/11/21,0,211000,-79000,132000
2016/11/22,0,203000,-362775,-159775
2016/11/23,0,320047,-127000,193047
2016/11/24,0,78000,-79550,-1550
2016/11/25,0,103000,-113000,-10000
2016/11/28,0,37000,-104009,-67009
2016/11/29,0,291000,-115870,175130
2016/11/30,0,306000,-873000,-567000
2016/12/01,0,251000,-302700,-51700
2016/12/02,0,135000,-184701,-49701
2016/12/05,0,32000,-329648,-297648
2016/12/06,0,60000,-125361,-65361
2016/12/07,0,237000,-483386,-246386
2016/12/08,0,121000,-1003000,-882000
2016/12/09,0,145000,-158000,-13000
2016/12/12,0,55600,-150000,-94400
2016/12/13,0,700000,-359000,341000
2016/12/14,0,251000,-1061679,-810679
2016/12/15,0,83000,-242000,-159000
2016/12/16,0,155000,-235042,-80042
2016/12/19,0,34000,-589604,-555604
2016/12/20,0,83000,-766000,-683000
2016/12/21,0,123000,-2346425,-2223425
2016/12/22,0,344000,-1659589,-1315589
2016/12/23,0,305000,-300600,4400
2016/12/26,0,267000,-145000,122000
2016/12/27,0,154000,-130000,24000
2016/12/28,0,405000,-204000,201000
2016/12/29,0,108000,-224590,-116590
2016/12/30,0,1115000,-545000,570000
2017/01/02,0,0,0,0
2017/01/03,0,234000,-145000,89000
2017/01/04,0,167000,-118604,48396
2017/01/05,0,152000,-220520,-68520
2017/01/06,0,214000,-136520,77480
2017/01/09,0,26000,-280151,-254151
2017/01/10,0,100000,-403150,-303150
2017/01/11,0,79000,-520986,-441986
2017/01/12,0,253000,-566910,-313910
2017/01/13,0,111000,-377610,-266610
2017/01/16,0,133000,-201280,-68280
2017/01/17,0,341000,-391212,-50212
2017/01/18,0,997000,-106634,890366
2017/01/19,0,760469,-468833,291636
2017/01/20,0,646000,-655987,-9987
2017/01/23,0,306000,-118413,187587
2017/01/24,0,371000,-206166,164834
2017/01/25,0,0,0,0
2017/01/26,0,0,0,0
2017/01/27,0,0,0,0
2017/01/30,0,0,0,0
2017/01/31,0,0,0,0
2017/02/01,0,0,0,0
2017/02/02,0,664000,-276000,388000
2017/02/03,0,1432000,-305000,1127000
2017/02/06,0,516000,-796210,-280210
2017/02/07,0,413500,-316275,97225
2017/02/08,0,567000,-1173000,-606000
2017/02/09,0,947000,-123326,823674
2017/02/10,0,380000,-314000,66000
2017/02/13,0,317000,-519000,-202000
2017/02/14,0,143000,-266000,-123000
2017/02/15,0,146000,-403000,-257000
2017/02/16,0,93000,-372000,-279000
2017/02/17,0,271000,-337000,-66000
2017/02/20,0,936000,-419000,517000
2017/02/21,0,262000,-994000,-732000
2017/02/22,0,1828000,-293000,1535000
2017/02/23,0,1558000,-632075,925925
2017/02/24,0,2120000,-575000,1545000
2017/02/27,0,0,0,0
2017/02/28,0,0,0,0
2017/03/01,0,3041928,-2047150,994778
2017/03/02,0,436000,-2162000,-1726000
2017/03/03,0,1022000,-573000,449000
2017/03/06,0,1377000,-1017100,359900
2017/03/07,0,437000,-365000,72000
2017/03/08,0,337001,-169000,168001
2017/03/09,0,101000,-110000,-9000
2017/03/10,0,275000,-481000,-206000
2017/03/13,0,355000,-230291,124709
2017/03/14,0,638000,-231000,407000
2017/03/15,0,281000,-220250,60750
2017/03/16,0,252000,-337000,-85000
2017/03/17,0,639000,-773000,-134000
2017/03/20,0,919000,-536000,383000
2017/03/21,0,301000,-1619000,-1318000
2017/03/22,0,348000,-385525,-37525
2017/03/23,0,45001,-676964,-631963
2017/03/24,0,872000,-490000,382000
2017/03/27,0,463000,-236661,226339
2017/03/28,0,793000,-1160492,-367492
2017/03/29,0,796001,-542419,253582
2017/03/30,0,94000,-300000,-206000
2017/03/31,0,778000,-1777000,-999000
2017/04/03,0,0,0,0
2017/04/04,0,0,0,0
2017/04/05,0,692000,-993019,-301019
2017/04/06,0,541275,-1116990,-575715
2017/04/07,0,384000,-912825,-528825
2017/04/10,0,969000,-668332,300668
2017/04/11,0,608000,-301000,307000
2017/04/12,0,1220000,-993000,227000
2017/04/13,0,692764,-1920168,-1227404
2017/04/14,0,482000,-262000,220000
2017/04/17,0,920000,-763000,157000
2017/04/18,0,1524000,-891000,633000
2017/04/19,0,1962000,-1189776,772224
