Date,Open,Buy,Sell,Total
2007/04/23,0,177000,-147060,29940
2007/04/24,0,177000,-109000,68000
2007/04/25,0,132000,-74000,58000
2007/04/26,0,130000,-88000,42000
2007/04/27,0,59000,-124000,-65000
2007/04/30,0,70000,-254000,-184000
2007/05/01,0,0,0,0
2007/05/02,0,409000,-270000,139000
2007/05/03,0,498000,-156000,342000
2007/05/04,0,808000,-307610,500390
2007/05/07,0,188000,-208000,-20000
2007/05/08,0,97000,-228000,-131000
2007/05/09,0,274000,-525000,-251000
2007/05/10,0,65000,-212000,-147000
2007/05/11,0,39000,-103000,-64000
2007/05/14,0,47000,-126000,-79000
2007/05/15,0,16000,-96000,-80000
2007/05/16,0,22000,-34000,-12000
2007/05/17,0,187000,-9000,178000
2007/05/18,0,101000,-13000,88000
2007/05/21,0,270000,-29000,241000
2007/05/22,0,305000,-127000,178000
2007/05/23,0,236000,-176000,60000
2007/05/24,0,100000,-183000,-83000
2007/05/25,0,139000,-92000,47000
2007/05/28,0,70000,-133000,-63000
2007/05/29,0,182000,-54000,128000
2007/05/30,0,48000,-53000,-5000
2007/05/31,0,440000,-131000,309000
2007/06/01,0,178000,-563000,-385000
2007/06/04,0,466000,-174000,292000
2007/06/05,0,41000,-333888,-292888
2007/06/06,0,189000,-730000,-541000
2007/06/07,0,396000,-185000,211000
2007/06/08,0,110000,-116000,-6000
2007/06/11,0,286000,-357000,-71000
2007/06/12,0,113000,-182000,-69000
2007/06/13,0,58000,-137000,-79000
2007/06/14,0,48000,-157000,-109000
2007/06/15,0,56000,-77000,-21000
2007/06/18,0,0,0,0
2007/06/19,0,0,0,0
2007/06/20,0,81000,-198000,-117000
2007/06/21,0,218000,-118000,100000
2007/06/22,0,382000,-375000,7000
2007/06/25,0,114000,-202000,-88000
2007/06/26,0,46000,-437000,-391000
2007/06/27,0,132000,-759000,-627000
2007/06/28,0,42000,-195000,-153000
2007/06/29,0,178000,-444000,-266000
2007/07/02,0,357000,-430000,-73000
2007/07/03,0,234000,-75000,159000
2007/07/04,0,158000,-87000,71000
2007/07/05,0,85000,-94000,-9000
2007/07/06,0,320000,-42000,278000
2007/07/09,0,270000,-245000,25000
2007/07/10,0,159000,-76000,83000
2007/07/11,0,129000,-358560,-229560
2007/07/12,0,59000,-69000,-10000
2007/07/13,0,43000,-117559,-74559
2007/07/16,0,27000,-278331,-251331
2007/07/17,0,114000,-68000,46000
2007/07/18,0,44000,-171000,-127000
2007/07/19,0,10000,-164614,-154614
2007/07/20,0,218000,-57000,161000
2007/07/23,0,92000,-187000,-95000
2007/07/24,0,658000,-59000,599000
2007/07/25,0,592000,-141000,451000
2007/07/26,0,177000,-526000,-349000
2007/07/27,0,145000,-413000,-268000
2007/07/30,0,196000,-154000,42000
2007/07/31,0,106000,-356000,-250000
2007/08/01,0,66000,-407000,-341000
2007/08/02,0,50000,-90446,-40446
2007/08/03,0,57000,-60000,-3000
2007/08/06,0,124000,-4000,120000
2007/08/07,0,296000,-149000,147000
2007/08/08,0,122000,-58000,64000
2007/08/09,0,53000,-114124,-61124
2007/08/10,0,54000,-73000,-19000
2007/08/13,0,183000,-63000,120000
2007/08/14,0,146000,-430000,-284000
2007/08/15,0,15000,-187000,-172000
2007/08/16,0,43000,-113000,-70000
2007/08/17,0,84000,-216000,-132000
2007/08/20,0,138000,-3000,135000
2007/08/21,0,86000,-47000,39000
2007/08/22,0,45000,-41000,4000
2007/08/23,0,120000,-118000,2000
2007/08/24,0,336000,-76000,260000
2007/08/27,0,188000,-53000,135000
2007/08/28,0,32000,-110000,-78000
2007/08/29,0,11000,-136000,-125000
2007/08/30,0,24300,-92000,-67700
2007/08/31,0,438000,-183000,255000
2007/09/03,0,432000,-235000,197000
2007/09/04,0,193000,-179000,14000
2007/09/05,0,148000,-217000,-69000
2007/09/06,0,206000,-82000,124000
2007/09/07,0,228000,-456400,-228400
2007/09/10,0,452000,-188600,263400
2007/09/11,0,215000,-223500,-8500
2007/09/12,0,302000,-147500,154500
2007/09/13,0,161900,-173000,-11100
2007/09/14,0,140000,-19000,121000
2007/09/17,0,93000,-222000,-129000
2007/09/18,0,0,0,0
2007/09/19,0,133000,-348600,-215600
2007/09/20,0,329000,-191000,138000
2007/09/21,0,365000,-105000,260000
2007/09/24,0,0,0,0
2007/09/25,0,0,0,0
2007/09/26,0,185000,-155000,30000
2007/09/27,0,262000,-110000,152000
2007/09/28,0,395000,-186000,209000
2007/10/01,0,571000,-361000,210000
2007/10/02,0,582000,-262000,320000
2007/10/03,0,354000,-1083000,-729000
2007/10/04,0,300000,-449000,-149000
2007/10/05,0,124000,-613000,-489000
2007/10/08,0,60000,-290200,-230200
2007/10/09,0,159000,-182000,-23000
2007/10/10,0,0,0,0
2007/10/11,0,118000,-395400,-277400
2007/10/12,0,53000,-161000,-108000
2007/10/15,0,100000,-230886,-130886
2007/10/16,0,443000,-220000,223000
2007/10/17,0,88000,-72734,15266
2007/10/18,0,282000,-103000,179000
2007/10/19,0,237000,-168000,69000
2007/10/22,0,128000,-217000,-89000
2007/10/23,0,185000,-309000,-124000
2007/10/24,0,93000,-282000,-189000
2007/10/25,0,45000,-58000,-13000
2007/10/26,0,75000,-80000,-5000
2007/10/29,0,173000,-45800,127200
2007/10/30,0,117000,-97000,20000
2007/10/31,0,343000,-275000,68000
2007/11/01,0,390000,-93000,297000
2007/11/02,0,517000,-136000,381000
2007/11/05,0,493000,-172000,321000
2007/11/06,0,257000,-332000,-75000
2007/11/07,0,363000,-230500,132500
2007/11/08,0,235000,-606000,-371000
2007/11/09,0,195000,-116000,79000
2007/11/12,0,294000,-177000,117000
2007/11/13,0,325000,-162000,163000
2007/11/14,0,497000,-185000,312000
2007/11/15,0,87000,-29000,58000
2007/11/16,0,123000,-59000,64000
2007/11/19,0,26000,-117000,-91000
2007/11/20,0,210000,-315000,-105000
2007/11/21,0,521000,-302965,218035
2007/11/22,0,243000,-414000,-171000
2007/11/23,0,80000,-337000,-257000
2007/11/26,0,157000,-111000,46000
2007/11/27,0,156000,-247000,-91000
2007/11/28,0,87000,-136000,-49000
2007/11/29,0,97000,-242000,-145000
2007/11/30,0,120000,-24000,96000
2007/12/03,0,184000,-54000,130000
2007/12/04,0,286000,-106000,180000
2007/12/05,0,234000,-87000,147000
2007/12/06,0,165000,-290000,-125000
2007/12/07,0,97000,-307000,-210000
2007/12/10,0,78000,-78000,0
2007/12/11,0,224000,-149000,75000
2007/12/12,0,136000,-121000,15000
2007/12/13,0,98000,-196000,-98000
2007/12/14,0,241000,-439000,-198000
2007/12/17,0,196000,-377000,-181000
2007/12/18,0,458000,-598500,-140500
2007/12/19,0,482000,-151000,331000
2007/12/20,0,358000,-157000,201000
2007/12/21,0,475000,-154000,321000
2007/12/24,0,233000,-304000,-71000
2007/12/25,0,287001,-132300,154701
2007/12/26,0,83000,-140000,-57000
2007/12/27,0,193000,-193000,0
2007/12/28,0,343000,-316000,27000
2007/12/31,0,264000,-187000,77000
2008/01/01,0,0,0,0
2008/01/02,0,84000,-187000,-103000
2008/01/03,0,248000,-685000,-437000
2008/01/04,0,137000,-188154,-51154
2008/01/07,0,83000,-670000,-587000
2008/01/08,0,251000,-105000,146000
2008/01/09,0,476000,-325000,151000
2008/01/10,0,149000,-120180,28820
2008/01/11,0,286000,-106000,180000
2008/01/14,0,82000,-282000,-200000
2008/01/15,0,266000,-206000,60000
2008/01/16,0,65000,-100000,-35000
2008/01/17,0,136000,-155000,-19000
2008/01/18,0,187000,-54000,133000
2008/01/21,0,233000,-325000,-92000
2008/01/22,0,232000,-336000,-104000
2008/01/23,0,359000,-421000,-62000
2008/01/24,0,235000,-366000,-131000
2008/01/25,0,415000,-213000,202000
2008/01/28,0,274000,-138000,136000
2008/01/29,0,55000,-148000,-93000
2008/01/30,0,173000,-43000,130000
2008/01/31,0,196000,-402000,-206000
2008/02/01,0,229000,-130000,99000
2008/02/04,0,0,0,0
2008/02/05,0,0,0,0
2008/02/06,0,0,0,0
2008/02/07,0,0,0,0
2008/02/08,0,0,0,0
2008/02/11,0,0,0,0
2008/02/12,0,204000,-1018000,-814000
2008/02/13,0,293000,-424000,-131000
2008/02/14,0,149000,-135000,14000
2008/02/15,0,118000,-61435,56565
2008/02/18,0,37000,-85100,-48100
2008/02/19,0,49000,-68000,-19000
2008/02/20,0,153000,-81000,72000
2008/02/21,0,306000,-138347,167653
2008/02/22,0,121000,-65000,56000
2008/02/25,0,36000,-147850,-111850
2008/02/26,0,38000,-206280,-168280
2008/02/27,0,312000,-279540,32460
2008/02/28,0,0,0,0
2008/02/29,0,99000,-90000,9000
2008/03/03,0,266000,-638155,-372155
2008/03/04,0,182000,-122000,60000
2008/03/05,0,60000,-64000,-4000
2008/03/06,0,236000,-83680,152320
2008/03/07,0,129000,-93000,36000
2008/03/10,0,80000,-152000,-72000
2008/03/11,0,117000,-37000,80000
2008/03/12,0,160000,-68262,91738
2008/03/13,0,81000,-179000,-98000
2008/03/14,0,71000,-136000,-65000
2008/03/17,0,110000,-314000,-204000
2008/03/18,0,89000,-65000,24000
2008/03/19,0,109000,-77000,32000
2008/03/20,0,236000,-58000,178000
2008/03/21,0,275000,-53000,222000
2008/03/24,0,242000,-299000,-57000
2008/03/25,0,343000,-101000,242000
2008/03/26,0,60000,-76000,-16000
2008/03/27,0,222000,-198000,24000
2008/03/28,0,149000,-83000,66000
2008/03/31,0,69000,-92228,-23228
2008/04/01,0,109000,-205049,-96049
2008/04/02,0,214000,-36000,178000
2008/04/03,0,43000,-184000,-141000
2008/04/04,0,0,0,0
2008/04/07,0,172000,-49357,122643
2008/04/08,0,879000,-202000,677000
2008/04/09,0,494000,-149000,345000
2008/04/10,0,231000,-208000,23000
2008/04/11,0,321000,-492000,-171000
2008/04/14,0,126000,-148956,-22956
2008/04/15,0,152000,-122000,30000
2008/04/16,0,264000,-343000,-79000
2008/04/17,0,211000,-337000,-126000
2008/04/18,0,383000,-118000,265000
2008/04/21,0,237000,-240000,-3000
2008/04/22,0,77000,-126000,-49000
2008/04/23,0,371000,-257000,114000
2008/04/24,0,117000,-292000,-175000
2008/04/25,0,341000,-217000,124000
2008/04/28,0,362000,-352000,10000
2008/04/29,0,89000,-160000,-71000
2008/04/30,0,108000,-31000,77000
2008/05/01,0,0,0,0
2008/05/02,0,202000,-81000,121000
2008/05/05,0,486000,-67000,419000
2008/05/06,0,155000,-122000,33000
2008/05/07,0,87000,-131000,-44000
2008/05/08,0,196000,-84000,112000
2008/05/09,0,124000,-56000,68000
2008/05/12,0,139000,-93000,46000
2008/05/13,0,131000,-222282,-91282
2008/05/14,0,139000,-177000,-38000
2008/05/15,0,208000,-40000,168000
2008/05/16,0,214000,-80000,134000
2008/05/19,0,92000,-115000,-23000
2008/05/20,0,129000,-134000,-5000
2008/05/21,0,126000,-240000,-114000
2008/05/22,0,135000,-116000,19000
2008/05/23,0,52000,-457000,-405000
2008/05/26,0,84000,-387000,-303000
2008/05/27,0,380000,-251900,128100
2008/05/28,0,176000,-195000,-19000
2008/05/29,0,225000,-474000,-249000
2008/05/30,0,102000,-254000,-152000
2008/06/02,0,104000,-65000,39000
2008/06/03,0,54000,-150410,-96410
2008/06/04,0,92000,-104000,-12000
2008/06/05,0,229000,-32000,197000
2008/06/06,0,76000,-258000,-182000
2008/06/09,0,62000,-130000,-68000
2008/06/10,0,145000,-300000,-155000
2008/06/11,0,163000,-355000,-192000
2008/06/12,0,109000,-251000,-142000
2008/06/13,0,175000,-199000,-24000
2008/06/16,0,474000,-535000,-61000
2008/06/17,0,263000,-146000,117000
2008/06/18,0,279000,-204000,75000
2008/06/19,0,68000,-155000,-87000
2008/06/20,0,125000,-257000,-132000
2008/06/23,0,221000,-96000,125000
2008/06/24,0,184000,-220000,-36000
2008/06/25,0,439000,-459000,-20000
2008/06/26,0,226000,-201000,25000
2008/06/27,0,232000,-468000,-236000
2008/06/30,0,198000,-240000,-42000
2008/07/01,0,343000,-173000,170000
2008/07/02,0,494000,-100000,394000
2008/07/03,0,350000,-292000,58000
2008/07/04,0,165000,-343000,-178000
2008/07/07,0,156000,-238000,-82000
2008/07/08,0,122000,-171000,-49000
2008/07/09,0,342000,-383000,-41000
2008/07/10,0,229000,-211000,18000
2008/07/11,0,529000,-120000,409000
2008/07/14,0,422000,-315591,106409
2008/07/15,0,345000,-674000,-329000
2008/07/16,0,464000,-715000,-251000
2008/07/17,0,619000,-150000,469000
2008/07/18,0,529000,-585000,-56000
2008/07/21,0,825000,-234000,591000
2008/07/22,0,201000,-301000,-100000
2008/07/23,0,582000,-215000,367000
2008/07/24,0,624000,-372000,252000
2008/07/25,0,276000,-359000,-83000
2008/07/28,0,0,0,0
2008/07/29,0,313000,-302000,11000
2008/07/30,0,344000,-220000,124000
2008/07/31,0,275000,-331000,-56000
2008/08/01,0,290000,-416000,-126000
2008/08/04,0,198000,-140750,57250
2008/08/05,0,195000,-388000,-193000
2008/08/06,0,718000,-167466,550534
2008/08/07,0,272000,-190000,82000
2008/08/08,0,516000,-701000,-185000
2008/08/11,0,338000,-575000,-237000
2008/08/12,0,132350,-248100,-115750
2008/08/13,0,139000,-274069,-135069
2008/08/14,0,129000,-137631,-8631
2008/08/15,0,97000,-219300,-122300
2008/08/18,0,163700,-372950,-209250
2008/08/19,0,342000,-228000,114000
2008/08/20,0,218000,-273000,-55000
2008/08/21,0,75000,-230100,-155100
2008/08/22,0,257000,-157000,100000
2008/08/25,0,116000,-179000,-63000
2008/08/26,0,317000,-63000,254000
2008/08/27,0,253000,-685300,-432300
2008/08/28,0,112600,-177000,-64400
2008/08/29,0,170000,-242000,-72000
2008/09/01,0,251000,-444000,-193000
2008/09/02,0,285000,-231900,53100
2008/09/03,0,197000,-115000,82000
2008/09/04,0,208000,-274000,-66000
2008/09/05,0,324000,-278900,45100
2008/09/08,0,346000,-186200,159800
2008/09/09,0,145000,-213000,-68000
2008/09/10,0,245500,-172000,73500
2008/09/11,0,234000,-269000,-35000
2008/09/12,0,390000,-365000,25000
2008/09/15,0,199000,-243000,-44000
2008/09/16,0,322000,-435780,-113780
2008/09/17,0,265000,-147720,117280
2008/09/18,0,367600,-322100,45500
2008/09/19,0,348000,-268300,79700
2008/09/22,0,356000,-192000,164000
2008/09/23,0,340000,-367000,-27000
2008/09/24,0,201000,-307000,-106000
2008/09/25,0,120000,-198000,-78000
2008/09/26,0,213000,-581520,-368520
2008/09/29,0,0,0,0
2008/09/30,0,17000,-122992,-105992
2008/10/01,0,113000,-312008,-199008
2008/10/02,0,203000,-297600,-94600
2008/10/03,0,509000,-371000,138000
2008/10/06,0,109000,-525731,-416731
2008/10/07,0,292000,-115000,177000
2008/10/08,0,115000,-309703,-194703
2008/10/09,0,346000,-61561,284439
2008/10/10,0,0,0,0
2008/10/13,0,193000,-202000,-9000
2008/10/14,0,235000,-46553,188447
2008/10/15,0,290999,-124000,166999
2008/10/16,0,81000,-134500,-53500
2008/10/17,0,53000,-161000,-108000
2008/10/20,0,155727,-161148,-5421
2008/10/21,0,179000,-131319,47681
2008/10/22,0,203000,-74400,128600
2008/10/23,0,0,-26163,-26163
2008/10/24,0,10000,-32200,-22200
2008/10/27,0,48000,-192885,-144885
2008/10/28,0,345000,-259829,85171
2008/10/29,0,121000,-286500,-165500
2008/10/30,0,87000,-37000,50000
2008/10/31,0,472000,-105099,366901
2008/11/03,0,282000,-128000,154000
2008/11/04,0,245000,-210000,35000
2008/11/05,0,155000,-322000,-167000
2008/11/06,0,140000,-288195,-148195
2008/11/07,0,293476,-163000,130476
2008/11/10,0,124000,-142400,-18400
2008/11/11,0,70000,-91000,-21000
2008/11/12,0,63000,-82143,-19143
2008/11/13,0,38000,-271500,-233500
2008/11/14,0,81000,-161502,-80502
2008/11/17,0,77000,-53074,23926
2008/11/18,0,67000,-81031,-14031
2008/11/19,0,284000,-112469,171531
2008/11/20,0,242000,-130000,112000
2008/11/21,0,215016,-82050,132966
2008/11/24,0,190000,-161966,28034
2008/11/25,0,118000,-95880,22120
2008/11/26,0,53000,-22000,31000
2008/11/27,0,158000,-176000,-18000
2008/11/28,0,98000,-41610,56390
2008/12/01,0,64000,-25000,39000
2008/12/02,0,54030,-102820,-48790
2008/12/03,0,29000,-203000,-174000
2008/12/04,0,58000,-13000,45000
2008/12/05,0,67000,-122000,-55000
2008/12/08,0,205000,-26900,178100
2008/12/09,0,223000,-121000,102000
2008/12/10,0,208000,-95000,113000
2008/12/11,0,90000,-59000,31000
2008/12/12,0,88000,-239000,-151000
2008/12/15,0,120000,-55400,64600
2008/12/16,0,72000,-125000,-53000
2008/12/17,0,141000,-346000,-205000
2008/12/18,0,140000,-141000,-1000
2008/12/19,0,55000,-151000,-96000
2008/12/22,0,20000,-190000,-170000
2008/12/23,0,25000,-148000,-123000
2008/12/24,0,59000,-212000,-153000
2008/12/25,0,52000,-120000,-68000
2008/12/26,0,26000,-46000,-20000
2008/12/29,0,29000,-23499,5501
2008/12/30,0,33000,-8000,25000
2008/12/31,0,13000,-23758,-10758
2009/01/01,0,0,0,0
2009/01/02,0,0,0,0
2009/01/05,0,169000,-6492,162508
2009/01/06,0,176000,-30000,146000
2009/01/07,0,106000,-237000,-131000
2009/01/08,0,71000,-177000,-106000
2009/01/09,0,49000,-72000,-23000
2009/01/12,0,36000,-5702,30298
2009/01/13,0,30000,-6299,23701
2009/01/14,0,26000,-41000,-15000
2009/01/15,0,23000,-56930,-33930
2009/01/16,0,36000,-19000,17000
2009/01/19,0,10000,-13000,-3000
2009/01/20,0,56036,-16000,40036
2009/01/21,0,62000,-17000,45000
2009/01/22,0,0,0,0
2009/01/23,0,0,0,0
2009/01/26,0,0,0,0
2009/01/27,0,0,0,0
2009/01/28,0,0,0,0
2009/01/29,0,0,0,0
2009/01/30,0,0,0,0
2009/02/02,0,38007,-29733,8274
2009/02/03,0,141000,-80000,61000
2009/02/04,0,67000,-72000,-5000
2009/02/05,0,135000,-75000,60000
2009/02/06,0,128040,-82000,46040
2009/02/09,0,150000,-210000,-60000
2009/02/10,0,217000,-156000,61000
2009/02/11,0,244058,-267000,-22942
2009/02/12,0,85000,-228515,-143515
2009/02/13,0,293000,-230000,63000
2009/02/16,0,114000,-91000,23000
2009/02/17,0,75000,-292000,-217000
2009/02/18,0,62000,-109000,-47000
2009/02/19,0,89000,-87000,2000
2009/02/20,0,118000,-145000,-27000
2009/02/23,0,112070,-215000,-102930
2009/02/24,0,118000,-67000,51000
2009/02/25,0,136000,-63000,73000
2009/02/26,0,147000,-48000,99000
2009/02/27,0,279000,-43000,236000
2009/03/02,0,82000,-208000,-126000
2009/03/03,0,59000,-25000,34000
2009/03/04,0,191000,-58035,132965
2009/03/05,0,233000,-82000,151000
2009/03/06,0,111000,-76030,34970
2009/03/09,0,179000,-134000,45000
2009/03/10,0,51000,-79000,-28000
2009/03/11,0,123000,-120000,3000
2009/03/12,0,290000,-83000,207000
2009/03/13,0,376000,-125000,251000
2009/03/16,0,181000,-110050,70950
2009/03/17,0,172000,-111000,61000
2009/03/18,0,147000,-409000,-262000
2009/03/19,0,270000,-282000,-12000
2009/03/20,0,123000,-288000,-165000
2009/03/23,0,117000,-61000,56000
2009/03/24,0,230000,-220000,10000
2009/03/25,0,489000,-180479,308521
2009/03/26,0,237000,-573000,-336000
2009/03/27,0,65000,-342000,-277000
2009/03/30,0,104000,-253000,-149000
2009/03/31,0,64000,-93000,-29000
2009/04/01,0,192000,-108000,84000
2009/04/02,0,233000,-190000,43000
2009/04/03,0,75000,-119000,-44000
2009/04/06,0,224000,-244000,-20000
2009/04/07,0,174000,-260000,-86000
2009/04/08,0,57310,-169000,-111690
2009/04/09,0,85000,-82310,2690
2009/04/10,0,64000,-259000,-195000
2009/04/13,0,38000,-166000,-128000
2009/04/14,0,120000,-82000,38000
2009/04/15,0,57000,-152000,-95000
2009/04/16,0,743000,-187000,556000
2009/04/17,0,173000,-400000,-227000
2009/04/20,0,146000,-119000,27000
2009/04/21,0,66000,-57000,9000
2009/04/22,0,69000,-112000,-43000
2009/04/23,0,79000,-121000,-42000
2009/04/24,0,104000,-72000,32000
2009/04/27,0,188000,-66000,122000
2009/04/28,0,167000,-147000,20000
2009/04/29,0,171000,-311000,-140000
2009/04/30,0,469000,-99000,370000
2009/05/01,0,0,0,0
2009/05/04,0,141000,-190000,-49000
2009/05/05,0,193000,-264000,-71000
2009/05/06,0,272000,-112084,159916
2009/05/07,0,302000,-401000,-99000
2009/05/08,0,296000,-70966,225034
2009/05/11,0,213000,-243000,-30000
2009/05/12,0,283300,-249000,34300
2009/05/13,0,168250,-132000,36250
2009/05/14,0,41000,-138310,-97310
2009/05/15,0,121000,-126160,-5160
2009/05/18,0,52000,-203000,-151000
2009/05/19,0,535000,-89080,445920
2009/05/20,0,222000,-303000,-81000
2009/05/21,0,180000,-137000,43000
2009/05/22,0,217000,-180344,36656
2009/05/25,0,125000,-240000,-115000
2009/05/26,0,167000,-228000,-61000
2009/05/27,0,229000,-174000,55000
2009/05/28,0,0,0,0
2009/05/29,0,0,0,0
2009/06/01,0,356000,-265000,91000
2009/06/02,0,231000,-328208,-97208
2009/06/03,0,240000,-108000,132000
2009/06/04,0,366000,-440000,-74000
2009/06/05,0,145000,-205000,-60000
2009/06/08,0,108000,-234000,-126000
2009/06/09,0,465000,-341000,124000
2009/06/10,0,341000,-261086,79914
2009/06/11,0,297000,-246000,51000
2009/06/12,0,70000,-355000,-285000
2009/06/15,0,156000,-206000,-50000
2009/06/16,0,62000,-148976,-86976
2009/06/17,0,161000,-205000,-44000
2009/06/18,0,185000,-271000,-86000
2009/06/19,0,183000,-92000,91000
2009/06/22,0,182000,-111000,71000
2009/06/23,0,33000,-95000,-62000
2009/06/24,0,419000,-147000,272000
2009/06/25,0,127000,-128000,-1000
2009/06/26,0,83000,-164000,-81000
2009/06/29,0,106000,-70000,36000
2009/06/30,0,294000,-287000,7000
2009/07/01,0,176000,-196000,-20000
2009/07/02,0,148000,-282000,-134000
2009/07/03,0,106000,-104000,2000
2009/07/06,0,47260,-95000,-47740
2009/07/07,0,265661,-77000,188661
2009/07/08,0,60000,-190000,-130000
2009/07/09,0,127000,-54000,73000
2009/07/10,0,140000,-74000,66000
2009/07/13,0,101000,-274000,-173000
2009/07/14,0,84000,-15000,69000
2009/07/15,0,221260,-100029,121231
2009/07/16,0,165000,-153000,12000
2009/07/17,0,85000,-184000,-99000
2009/07/20,0,131000,-205520,-74520
2009/07/21,0,55000,-182000,-127000
2009/07/22,0,77000,-88000,-11000
2009/07/23,0,62000,-142000,-80000
2009/07/24,0,74000,-119000,-45000
2009/07/27,0,108000,-58000,50000
2009/07/28,0,150000,-51000,99000
2009/07/29,0,306000,-271000,35000
2009/07/30,0,842000,-211000,631000
2009/07/31,0,557000,-165000,392000
2009/08/03,0,206,-121900,-121694
2009/08/04,0,0,-53400,-53400
2009/08/05,0,415000,-1515000,-1100000
2009/08/06,0,289000,-285000,4000
2009/08/07,0,0,0,0
2009/08/10,0,47000,-317000,-270000
2009/08/11,0,341000,-56000,285000
2009/08/12,0,134000,-138000,-4000
2009/08/13,0,87000,-30000,57000
2009/08/14,0,20000,-81000,-61000
2009/08/17,0,136000,-101000,35000
2009/08/18,0,183000,-200000,-17000
2009/08/19,0,80000,-96000,-16000
2009/08/20,0,53000,-76000,-23000
2009/08/21,0,85000,-56000,29000
2009/08/24,0,369400,-148000,221400
2009/08/25,0,26000,-40500,-14500
2009/08/26,0,53000,-155531,-102531
2009/08/27,0,52000,-48000,4000
2009/08/28,0,65000,-70506,-5506
2009/08/31,0,16000,-50000,-34000
2009/09/01,0,307000,-15000,292000
2009/09/02,0,190100,-283750,-93650
2009/09/03,0,124500,-175000,-50500
2009/09/04,0,549000,-104250,444750
2009/09/07,0,272000,-260050,11950
2009/09/08,0,365000,-241450,123550
2009/09/09,0,300000,-210500,89500
2009/09/10,0,102000,-37200,64800
2009/09/11,0,77000,-6239,70761
2009/09/14,0,70000,-183000,-113000
2009/09/15,0,49000,-21000,28000
2009/09/16,0,149000,-196600,-47600
2009/09/17,0,151000,-271000,-120000
2009/09/18,0,43000,-67300,-24300
2009/09/21,0,147000,-182450,-35450
2009/09/22,0,114000,-196000,-82000
2009/09/23,0,141000,-219144,-78144
2009/09/24,0,73000,-155000,-82000
2009/09/25,0,37000,-115000,-78000
2009/09/28,0,90000,-123960,-33960
2009/09/29,0,80000,-82050,-2050
2009/09/30,0,15000,-83000,-68000
2009/10/01,0,43000,-129000,-86000
2009/10/02,0,30000,-118000,-88000
2009/10/05,0,98000,-48100,49900
2009/10/06,0,55000,-90300,-35300
2009/10/07,0,92000,-80000,12000
2009/10/08,0,67000,-248500,-181500
2009/10/09,0,122000,-171000,-49000
2009/10/12,0,50000,-144000,-94000
2009/10/13,0,96000,-185000,-89000
2009/10/14,0,6000,-34000,-28000
2009/10/15,0,41000,-43000,-2000
2009/10/16,0,107000,-41000,66000
2009/10/19,0,25000,-30000,-5000
2009/10/20,0,43000,-116000,-73000
2009/10/21,0,24000,-55136,-31136
2009/10/22,0,41000,-205000,-164000
2009/10/23,0,99000,-44000,55000
2009/10/26,0,56000,-80000,-24000
2009/10/27,0,91000,-82000,9000
2009/10/28,0,20000,-66000,-46000
2009/10/29,0,125000,-77000,48000
2009/10/30,0,100000,-71000,29000
2009/11/02,0,132000,-18000,114000
2009/11/03,0,22000,-104000,-82000
2009/11/04,0,76000,-42000,34000
2009/11/05,0,223000,-56000,167000
2009/11/06,0,123000,-64000,59000
2009/11/09,0,130000,-60000,70000
2009/11/10,0,434000,-30000,404000
2009/11/11,0,104000,-153680,-49680
2009/11/12,0,43000,-213400,-170400
2009/11/13,0,223000,-50000,173000
2009/11/16,0,167000,-213000,-46000
2009/11/17,0,42000,-200000,-158000
2009/11/18,0,204000,-174000,30000
2009/11/19,0,143000,-151000,-8000
2009/11/20,0,120000,-162000,-42000
2009/11/23,0,103000,-53000,50000
2009/11/24,0,63000,-60000,3000
2009/11/25,0,58000,-72000,-14000
2009/11/26,0,267000,-162100,104900
2009/11/27,0,58000,-234000,-176000
2009/11/30,0,55000,-35618,19382
2009/12/01,0,198000,-97000,101000
2009/12/02,0,38000,-232000,-194000
2009/12/03,0,101000,-121000,-20000
2009/12/04,0,35000,-188000,-153000
2009/12/07,0,30000,-123000,-93000
2009/12/08,0,36000,-93000,-57000
2009/12/09,0,29000,-89890,-60890
2009/12/10,0,109000,-88000,21000
2009/12/11,0,47000,-52000,-5000
2009/12/14,0,97000,-54000,43000
2009/12/15,0,33000,-39000,-6000
2009/12/16,0,25000,-76000,-51000
2009/12/17,0,27000,-73000,-46000
2009/12/18,0,53000,-58000,-5000
2009/12/21,0,8000,-63000,-55000
2009/12/22,0,77000,-49898,27102
2009/12/23,0,24000,-108000,-84000
2009/12/24,0,43000,-54000,-11000
2009/12/25,0,444000,-35000,409000
2009/12/28,0,49000,-152000,-103000
2009/12/29,0,45000,-207000,-162000
2009/12/30,0,33000,-43000,-10000
2009/12/31,0,225000,-113000,112000
2010/01/01,0,0,0,0
2010/01/04,0,79000,-152000,-73000
2010/01/05,0,449000,-215000,234000
2010/01/06,0,200000,-72000,128000
2010/01/07,0,61000,-455000,-394000
2010/01/08,0,117000,-115000,2000
2010/01/11,0,99000,-72000,27000
2010/01/12,0,171000,-90000,81000
2010/01/13,0,104000,-74000,30000
2010/01/14,0,139000,-31256,107744
2010/01/15,0,192000,-54000,138000
2010/01/18,0,63000,-51000,12000
2010/01/19,0,57000,-188000,-131000
2010/01/20,0,53000,-120000,-67000
2010/01/21,0,88000,-114000,-26000
2010/01/22,0,39000,-126000,-87000
2010/01/25,0,57000,-44000,13000
2010/01/26,0,172000,-255000,-83000
2010/01/27,0,62000,-431066,-369066
2010/01/28,0,111000,-164000,-53000
2010/01/29,0,182000,-219050,-37050
2010/02/01,0,201000,-114000,87000
2010/02/02,0,89000,-133000,-44000
2010/02/03,0,98000,-58000,40000
2010/02/04,0,63000,-55000,8000
2010/02/05,0,95000,-261000,-166000
2010/02/08,0,243000,-270000,-27000
2010/02/09,0,367000,-55500,311500
2010/02/10,0,220000,-39481,180519
2010/02/11,0,0,0,0
2010/02/12,0,0,0,0
2010/02/15,0,0,0,0
2010/02/16,0,0,0,0
2010/02/17,0,0,0,0
2010/02/18,0,0,0,0
2010/02/19,0,0,0,0
2010/02/22,0,176000,-55000,121000
2010/02/23,0,45000,-108000,-63000
2010/02/24,0,40000,-85000,-45000
2010/02/25,0,22000,-113000,-91000
2010/02/26,0,50000,-56000,-6000
2010/03/01,0,81000,-54000,27000
2010/03/02,0,92000,-32000,60000
2010/03/03,0,318000,-86000,232000
2010/03/04,0,126000,-71000,55000
2010/03/05,0,94000,-105000,-11000
2010/03/08,0,239000,-100000,139000
2010/03/09,0,87000,-31000,56000
2010/03/10,0,61000,-41000,20000
2010/03/11,0,128000,-60000,68000
2010/03/12,0,79000,-33000,46000
2010/03/15,0,45000,-116000,-71000
2010/03/16,0,49000,-235000,-186000
2010/03/17,0,232000,-39000,193000
2010/03/18,0,194000,-32000,162000
2010/03/19,0,385000,-101000,284000
2010/03/22,0,67000,-106000,-39000
2010/03/23,0,292000,-36000,256000
2010/03/24,0,56000,-67410,-11410
2010/03/25,0,407000,-65000,342000
2010/03/26,0,192000,-111000,81000
2010/03/29,0,91000,-49000,42000
2010/03/30,0,34000,-194000,-160000
2010/03/31,0,142000,-185000,-43000
2010/04/01,0,144000,-62000,82000
2010/04/02,0,112000,-30000,82000
2010/04/05,0,0,0,0
2010/04/06,0,280000,-287000,-7000
2010/04/07,0,347000,-353000,-6000
2010/04/08,0,160000,-206000,-46000
2010/04/09,0,42000,-106103,-64103
2010/04/12,0,70000,-139000,-69000
2010/04/13,0,41000,-143000,-102000
2010/04/14,0,63000,-10000,53000
2010/04/15,0,51000,-55000,-4000
2010/04/16,0,34000,-88000,-54000
2010/04/19,0,35000,-93000,-58000
2010/04/20,0,178000,-217000,-39000
2010/04/21,0,131000,-62000,69000
2010/04/22,0,58000,-436000,-378000
2010/04/23,0,182000,-70000,112000
2010/04/26,0,203000,-43000,160000
2010/04/27,0,120000,-32000,88000
2010/04/28,0,230000,-42000,188000
2010/04/29,0,125650,-443000,-317350
2010/04/30,0,80000,-323350,-243350
2010/05/03,0,121520,-65000,56520
2010/05/04,0,234034,-450000,-215966
2010/05/05,0,103000,-84080,18920
2010/05/06,0,122610,-244000,-121390
2010/05/07,0,222000,-162000,60000
2010/05/10,0,131350,-318606,-187256
2010/05/11,0,55000,-152000,-97000
2010/05/12,0,48000,-104000,-56000
2010/05/13,0,449000,-228000,221000
2010/05/14,0,189000,-62300,126700
2010/05/17,0,40000,-275000,-235000
2010/05/18,0,465000,-84600,380400
2010/05/19,0,349000,-89000,260000
2010/05/20,0,107000,-688000,-581000
2010/05/21,0,192000,-215220,-23220
2010/05/24,0,148000,-101000,47000
2010/05/25,0,195000,-220000,-25000
2010/05/26,0,212000,-133000,79000
2010/05/27,0,104000,-69000,35000
2010/05/28,0,75000,-143000,-68000
2010/05/31,0,101000,-46000,55000
2010/06/01,0,81000,-120000,-39000
2010/06/02,0,210000,-182000,28000
2010/06/03,0,206000,-39000,167000
2010/06/04,0,43000,-123000,-80000
2010/06/07,0,98000,-193000,-95000
2010/06/08,0,347000,-187000,160000
2010/06/09,0,27000,-248580,-221580
2010/06/10,0,82000,-54000,28000
2010/06/11,0,65000,-81000,-16000
2010/06/14,0,47000,-126000,-79000
2010/06/15,0,331000,-224250,106750
2010/06/16,0,0,0,0
2010/06/17,0,204250,-99000,105250
2010/06/18,0,87000,-41000,46000
2010/06/21,0,91000,-335000,-244000
2010/06/22,0,27000,-67000,-40000
2010/06/23,0,31000,-51000,-20000
2010/06/24,0,29000,-64607,-35607
2010/06/25,0,93000,-61000,32000
2010/06/28,0,39000,-36000,3000
2010/06/29,0,210000,-94000,116000
2010/06/30,0,160100,-118000,42100
2010/07/01,0,259000,-97000,162000
2010/07/02,0,371000,-154100,216900
2010/07/05,0,961000,-119000,842000
2010/07/06,0,278000,-356000,-78000
2010/07/07,0,89000,-456000,-367000
2010/07/08,0,162450,-264018,-101568
2010/07/09,0,33000,-77000,-44000
2010/07/12,0,80150,-217000,-136850
2010/07/13,0,114000,-418000,-304000
2010/07/14,0,53000,-110000,-57000
2010/07/15,0,117000,-73500,43500
2010/07/16,0,54000,-97000,-43000
2010/07/19,0,77900,-75000,2900
2010/07/20,0,136000,-91000,45000
2010/07/21,0,106000,-189000,-83000
2010/07/22,0,192000,-107000,85000
2010/07/23,0,207000,-102000,105000
2010/07/26,0,463000,-59000,404000
2010/07/27,0,513000,-125000,388000
2010/07/28,0,56000,-722000,-666000
2010/07/29,0,187000,-289000,-102000
2010/07/30,0,241650,-354000,-112350
2010/08/02,0,211000,-104000,107000
2010/08/03,0,207000,-148000,59000
2010/08/04,0,188000,-133000,55000
2010/08/05,0,222000,-106000,116000
2010/08/06,0,147000,-84000,63000
2010/08/09,0,42000,-71000,-29000
2010/08/10,0,103000,-71000,32000
2010/08/11,0,67000,-79000,-12000
2010/08/12,0,89000,-61000,28000
2010/08/13,0,262000,-109000,153000
2010/08/16,0,248000,-50000,198000
2010/08/17,0,74000,-224000,-150000
2010/08/18,0,37000,-196000,-159000
2010/08/19,0,13000,-73000,-60000
2010/08/20,0,61000,-120000,-59000
2010/08/23,0,335000,-127000,208000
2010/08/24,0,106000,-188000,-82000
2010/08/25,0,32500,-202000,-169500
2010/08/26,0,39000,-318000,-279000
2010/08/27,0,97000,-144150,-47150
2010/08/30,0,68150,-65668,2482
2010/08/31,0,167500,-264000,-96500
2010/09/01,0,101600,-98400,3200
2010/09/02,0,99000,-121315,-22315
2010/09/03,0,440000,-51100,388900
2010/09/06,0,460000,-77050,382950
2010/09/07,0,584000,-222000,362000
2010/09/08,0,408000,-95000,313000
2010/09/09,0,351000,-234000,117000
2010/09/10,0,446000,-347000,99000
2010/09/13,0,382000,-309000,73000
2010/09/14,0,381000,-536000,-155000
2010/09/15,0,339000,-214000,125000
2010/09/16,0,336000,-549000,-213000
2010/09/17,0,267000,-160000,107000
2010/09/20,0,93000,-57000,36000
2010/09/21,0,188000,-131000,57000
2010/09/22,0,0,0,0
2010/09/23,0,316000,-86350,229650
2010/09/24,0,166000,-51000,115000
2010/09/27,0,202000,-160000,42000
2010/09/28,0,172250,-146000,26250
2010/09/29,0,262000,-373000,-111000
2010/09/30,0,187000,-162000,25000
2010/10/01,0,539000,-353000,186000
2010/10/04,0,234000,-279000,-45000
2010/10/05,0,516000,-363500,152500
2010/10/06,0,442000,-313500,128500
2010/10/07,0,289000,-168906,120094
2010/10/08,0,270000,-232000,38000
2010/10/11,0,72000,-112100,-40100
2010/10/12,0,229000,-151750,77250
2010/10/13,0,536000,-557000,-21000
2010/10/14,0,200000,-354000,-154000
2010/10/15,0,165000,-185000,-20000
2010/10/18,0,437000,-542000,-105000
2010/10/19,0,314000,-433000,-119000
2010/10/20,0,770000,-204000,566000
2010/10/21,0,212500,-749000,-536500
2010/10/22,0,118000,-227000,-109000
2010/10/25,0,203000,-206000,-3000
2010/10/26,0,198000,-137000,61000
2010/10/27,0,34000,-147000,-113000
2010/10/28,0,659550,-137000,522550
2010/10/29,0,152000,-492300,-340300
2010/11/01,0,427000,-203000,224000
2010/11/02,0,301670,-450000,-148330
2010/11/03,0,106000,-258000,-152000
2010/11/04,0,271000,-197000,74000
2010/11/05,0,137000,-173000,-36000
2010/11/08,0,121000,-149000,-28000
2010/11/09,0,52083,-188000,-135917
2010/11/10,0,85000,-76000,9000
2010/11/11,0,149000,-286270,-137270
2010/11/12,0,66335,-169000,-102665
2010/11/15,0,96500,-71000,25500
2010/11/16,0,270000,-87000,183000
2010/11/17,0,152000,-58000,94000
2010/11/18,0,143000,-42000,101000
2010/11/19,0,320000,-108000,212000
2010/11/22,0,488000,-182550,305450
2010/11/23,0,106000,-379000,-273000
2010/11/24,0,345000,-122000,223000
2010/11/25,0,142000,-98000,44000
2010/11/26,0,195000,-90000,105000
2010/11/29,0,180000,-79000,101000
2010/11/30,0,106000,-177100,-71100
2010/12/01,0,208020,-57000,151020
2010/12/02,0,292000,-192000,100000
2010/12/03,0,130000,-288000,-158000
2010/12/06,0,355000,-68000,287000
2010/12/07,0,325000,-150000,175000
2010/12/08,0,203000,-156000,47000
2010/12/09,0,90000,-74000,16000
2010/12/10,0,266000,-136000,130000
2010/12/13,0,311000,-242000,69000
2010/12/14,0,136000,-115978,20022
2010/12/15,0,83000,-146000,-63000
2010/12/16,0,80000,-66000,14000
2010/12/17,0,119000,-198000,-79000
2010/12/20,0,173000,-190000,-17000
2010/12/21,0,90000,-80000,10000
2010/12/22,0,204000,-185000,19000
2010/12/23,0,66000,-168000,-102000
2010/12/24,0,46000,-99000,-53000
2010/12/27,0,105000,-60050,44950
2010/12/28,0,59000,-86000,-27000
2010/12/29,0,108000,-163010,-55010
2010/12/30,0,222000,-134000,88000
2010/12/31,0,144000,-133000,11000
2011/01/03,0,173000,-68000,105000
2011/01/04,0,70000,-39000,31000
2011/01/05,0,69000,-212000,-143000
2011/01/06,0,97000,-192000,-95000
2011/01/07,0,115000,-382000,-267000
2011/01/10,0,94000,-105000,-11000
2011/01/11,0,196000,-78000,118000
2011/01/12,0,183000,-225750,-42750
2011/01/13,0,264000,-379000,-115000
2011/01/14,0,184000,-211000,-27000
2011/01/17,0,361000,-159518,201482
2011/01/18,0,20000,-159000,-139000
2011/01/19,0,85000,-218100,-133100
2011/01/20,0,142000,-186000,-44000
2011/01/21,0,87000,-170000,-83000
2011/01/24,0,77000,-167000,-90000
2011/01/25,0,408000,-239000,169000
2011/01/26,0,398000,-187000,211000
2011/01/27,0,107000,-307000,-200000
2011/01/28,0,76000,-323000,-247000
2011/01/31,0,0,0,0
2011/02/01,0,0,0,0
2011/02/02,0,0,0,0
2011/02/03,0,0,0,0
2011/02/04,0,0,0,0
2011/02/07,0,0,0,0
2011/02/08,0,106000,-132350,-26350
2011/02/09,0,194000,-349000,-155000
2011/02/10,0,195000,-298000,-103000
2011/02/11,0,146000,-266000,-120000
2011/02/14,0,377000,-108000,269000
2011/02/15,0,210217,-211000,-783
2011/02/16,0,149000,-254000,-105000
2011/02/17,0,110000,-91000,19000
2011/02/18,0,154000,-157000,-3000
2011/02/21,0,178000,-119000,59000
2011/02/22,0,193000,-193000,0
2011/02/23,0,143000,-273000,-130000
2011/02/24,0,173000,-96000,77000
2011/02/25,0,643000,-541000,102000
2011/02/28,0,0,0,0
2011/03/01,0,247000,-122250,124750
2011/03/02,0,351000,-106000,245000
2011/03/03,0,292000,-107000,185000
2011/03/04,0,323000,-415000,-92000
2011/03/07,0,254000,-76993,177007
2011/03/08,0,309000,-89000,220000
2011/03/09,0,140000,-183000,-43000
2011/03/10,0,153000,-79000,74000
2011/03/11,0,486000,-332000,154000
2011/03/14,0,337000,-249000,88000
2011/03/15,0,414000,-786000,-372000
2011/03/16,0,822000,-313000,509000
2011/03/17,0,151000,-291000,-140000
2011/03/18,0,220000,-287000,-67000
2011/03/21,0,98000,-185000,-87000
2011/03/22,0,103000,-132000,-29000
2011/03/23,0,230000,-185050,44950
2011/03/24,0,241000,-123000,118000
2011/03/25,0,172000,-531000,-359000
2011/03/28,0,61000,-143000,-82000
2011/03/29,0,94000,-119000,-25000
2011/03/30,0,91000,-141000,-50000
2011/03/31,0,365000,-316000,49000
2011/04/01,0,219000,-545000,-326000
2011/04/04,0,0,0,0
2011/04/05,0,0,0,0
2011/04/06,0,627000,-150000,477000
2011/04/07,0,227000,-292000,-65000
2011/04/08,0,288000,-315000,-27000
2011/04/11,0,180000,-138000,42000
2011/04/12,0,390000,-233000,157000
2011/04/13,0,487000,-50000,437000
2011/04/14,0,280000,-147014,132986
2011/04/15,0,374000,-348000,26000
2011/04/18,0,89000,-269154,-180154
2011/04/19,0,277000,-138000,139000
2011/04/20,0,413000,-189000,224000
2011/04/21,0,163000,-244000,-81000
2011/04/22,0,259000,-141000,118000
2011/04/25,0,273000,-90000,183000
2011/04/26,0,179000,-133000,46000
2011/04/27,0,103000,-59000,44000
2011/04/28,0,348000,-104000,244000
2011/04/29,0,147000,-230000,-83000
2011/05/02,0,0,0,0
2011/05/03,0,270000,-575400,-305400
2011/05/04,0,536000,-192049,343951
2011/05/05,0,712000,-86000,626000
2011/05/06,0,154000,-32000,122000
2011/05/09,0,119000,-467000,-348000
2011/05/10,0,178000,-334000,-156000
2011/05/11,0,151000,-91302,59698
2011/05/12,0,1089000,-255000,834000
2011/05/13,0,119000,-427000,-308000
2011/05/16,0,200000,-539000,-339000
2011/05/17,0,376000,-232000,144000
2011/05/18,0,317000,-102000,215000
2011/05/19,0,430000,-482132,-52132
2011/05/20,0,54000,-124000,-70000
2011/05/23,0,288000,-157000,131000
2011/05/24,0,249000,-130000,119000
2011/05/25,0,70000,-133000,-63000
2011/05/26,0,508000,-158000,350000
2011/05/27,0,70000,-296000,-226000
2011/05/30,0,297000,-411000,-114000
2011/05/31,0,903000,-155793,747207
2011/06/01,0,295000,-242000,53000
2011/06/02,0,278000,-377000,-99000
2011/06/03,0,323108,-59000,264108
2011/06/06,0,0,0,0
2011/06/07,0,564000,-285000,279000
2011/06/08,0,145000,-734000,-589000
2011/06/09,0,44000,-208000,-164000
2011/06/10,0,447000,-869000,-422000
2011/06/13,0,518000,-1510000,-992000
2011/06/14,0,1647000,-314000,1333000
2011/06/15,0,566000,-1261000,-695000
2011/06/16,0,687000,-1551000,-864000
2011/06/17,0,489000,-570000,-81000
2011/06/20,0,173000,-514000,-341000
2011/06/21,0,892000,-830000,62000
2011/06/22,0,1202000,-261000,941000
2011/06/23,0,266000,-261000,5000
2011/06/24,0,149000,-563000,-414000
2011/06/27,0,203000,-145000,58000
2011/06/28,0,31000,-481000,-450000
2011/06/29,0,368000,-899000,-531000
2011/06/30,0,353000,-407400,-54400
2011/07/01,0,923000,-136000,787000
2011/07/04,0,777000,-134000,643000
2011/07/05,0,249000,-396000,-147000
2011/07/06,0,1122000,-647000,475000
2011/07/07,0,74000,-780000,-706000
2011/07/08,0,532000,-1449000,-917000
2011/07/11,0,758000,-433000,325000
2011/07/12,0,351000,-916000,-565000
2011/07/13,0,856000,-769000,87000
2011/07/14,0,935000,-228000,707000
2011/07/15,0,193000,-283900,-90900
2011/07/18,0,470000,-533000,-63000
2011/07/19,0,562000,-123000,439000
2011/07/20,0,89000,-83000,6000
2011/07/21,0,1378000,-217000,1161000
2011/07/22,0,64000,-520000,-456000
2011/07/25,0,148000,-368000,-220000
2011/07/26,0,857000,-198011,658989
2011/07/27,0,188010,-344893,-156883
2011/07/28,0,79000,-1240000,-1161000
2011/07/29,0,539000,-1102000,-563000
2011/08/01,0,229000,-122000,107000
2011/08/02,0,462000,-68000,394000
2011/08/03,0,123000,-257000,-134000
2011/08/04,0,177000,-403000,-226000
2011/08/05,0,349490,-695000,-345510
2011/08/08,0,412000,-144000,268000
2011/08/09,0,609000,-168000,441000
2011/08/10,0,281000,-118000,163000
2011/08/11,0,323000,-239000,84000
2011/08/12,0,213000,-429000,-216000
2011/08/15,0,285000,-99000,186000
2011/08/16,0,117000,-166000,-49000
2011/08/17,0,184000,-562000,-378000
2011/08/18,0,440000,-600000,-160000
2011/08/19,0,437000,-290000,147000
2011/08/22,0,659150,-143892,515258
2011/08/23,0,617000,-213900,403100
2011/08/24,0,201000,-265800,-64800
2011/08/25,0,254000,-259850,-5850
2011/08/26,0,185500,-162100,23400
2011/08/29,0,157000,-120900,36100
2011/08/30,0,271500,-485000,-213500
2011/08/31,0,317500,-371000,-53500
2011/09/01,0,304000,-411000,-107000
2011/09/02,0,233300,-267000,-33700
2011/09/05,0,187000,-233000,-46000
2011/09/06,0,404000,-194000,210000
2011/09/07,0,313000,-284200,28800
2011/09/08,0,244000,-274000,-30000
2011/09/09,0,228000,-204000,24000
2011/09/12,0,0,0,0
2011/09/13,0,396000,-213000,183000
2011/09/14,0,268000,-172150,95850
2011/09/15,0,238000,-139000,99000
2011/09/16,0,164000,-144000,20000
2011/09/19,0,248000,-195450,52550
2011/09/20,0,155000,-99000,56000
2011/09/21,0,252000,-39000,213000
2011/09/22,0,333000,-117000,216000
2011/09/23,0,463000,-220500,242500
2011/09/26,0,299800,-233000,66800
2011/09/27,0,292000,-631000,-339000
2011/09/28,0,249000,-306050,-57050
2011/09/29,0,241000,-180000,61000
2011/09/30,0,63000,-107000,-44000
2011/10/03,0,118000,-632000,-514000
2011/10/04,0,191000,-143000,48000
2011/10/05,0,290000,-64931,225069
2011/10/06,0,183000,-39000,144000
2011/10/07,0,156000,-188000,-32000
2011/10/10,0,0,0,0
2011/10/11,0,434000,-203000,231000
2011/10/12,0,181000,-163000,18000
2011/10/13,0,100000,-209000,-109000
2011/10/14,0,69000,-235000,-166000
2011/10/17,0,159000,-126067,32933
2011/10/18,0,127000,-306000,-179000
2011/10/19,0,100000,-197000,-97000
2011/10/20,0,61000,-28000,33000
2011/10/21,0,242163,-176000,66163
2011/10/24,0,321000,-64000,257000
2011/10/25,0,97064,-71000,26064
2011/10/26,0,303000,-42000,261000
2011/10/27,0,162000,-142000,20000
2011/10/28,0,25000,-120000,-95000
2011/10/31,0,12000,-122240,-110240
2011/11/01,0,226060,-196000,30060
2011/11/02,0,186000,-36000,150000
2011/11/03,0,220000,-345000,-125000
2011/11/04,0,138000,-104000,34000
2011/11/07,0,174000,-84000,90000
2011/11/08,0,96000,-40000,56000
2011/11/09,0,115000,-51000,64000
2011/11/10,0,107000,-180000,-73000
2011/11/11,0,107000,-57000,50000
2011/11/14,0,310000,-24000,286000
2011/11/15,0,317000,-182000,135000
2011/11/16,0,151000,-194000,-43000
2011/11/17,0,90000,-176000,-86000
2011/11/18,0,152000,-173000,-21000
2011/11/21,0,178000,-268045,-90045
2011/11/22,0,330000,-414000,-84000
2011/11/23,0,208000,-445000,-237000
2011/11/24,0,57000,-4800,52200
2011/11/25,0,408000,-358617,49383
2011/11/28,0,149000,-389000,-240000
2011/11/29,0,268000,-92000,176000
2011/11/30,0,89000,-184000,-95000
2011/12/01,0,194000,-54000,140000
2011/12/02,0,129000,-180000,-51000
2011/12/05,0,121000,-375000,-254000
2011/12/06,0,323000,-203000,120000
2011/12/07,0,159000,-276050,-117050
2011/12/08,0,215000,-224000,-9000
2011/12/09,0,101000,-47000,54000
2011/12/12,0,102000,-95000,7000
2011/12/13,0,398000,-134000,264000
2011/12/14,0,181000,-81860,99140
2011/12/15,0,113000,-158000,-45000
2011/12/16,0,78000,-149000,-71000
2011/12/19,0,240000,-244000,-4000
2011/12/20,0,479000,-61000,418000
2011/12/21,0,256998,-89000,167998
2011/12/22,0,308000,-283000,25000
2011/12/23,0,145000,-88778,56222
2011/12/26,0,126000,-56000,70000
2011/12/27,0,97000,-334000,-237000
2011/12/28,0,209000,-115000,94000
2011/12/29,0,76000,-210000,-134000
2011/12/30,0,152000,-221000,-69000
2012/01/02,0,134000,-280000,-146000
2012/01/03,0,134000,-29000,105000
2012/01/04,0,115000,-110000,5000
2012/01/05,0,109000,-244966,-135966
2012/01/06,0,138000,-82000,56000
2012/01/09,0,84000,-449000,-365000
2012/01/10,0,125000,-155000,-30000
2012/01/11,0,174000,-124000,50000
2012/01/12,0,84000,-75000,9000
2012/01/13,0,302000,-103000,199000
2012/01/16,0,102000,-223000,-121000
2012/01/17,0,202000,-124000,78000
2012/01/18,0,48000,-258000,-210000
2012/01/19,0,0,0,0
2012/01/20,0,0,0,0
2012/01/23,0,0,0,0
2012/01/24,0,0,0,0
2012/01/25,0,0,0,0
2012/01/26,0,0,0,0
2012/01/27,0,0,0,0
2012/01/30,0,204000,-220000,-16000
2012/01/31,0,127000,-228000,-101000
2012/02/01,0,824000,-127000,697000
2012/02/02,0,594998,-224000,370998
2012/02/03,0,316000,-418000,-102000
2012/02/06,0,92000,-453000,-361000
2012/02/07,0,363000,-440000,-77000
2012/02/08,0,594000,-150178,443822
2012/02/09,0,409000,-284000,125000
2012/02/10,0,28000,-395000,-367000
2012/02/13,0,198000,-94000,104000
2012/02/14,0,344000,-265000,79000
2012/02/15,0,232000,-191000,41000
2012/02/16,0,67000,-498000,-431000
2012/02/17,0,264000,-568000,-304000
2012/02/20,0,84000,-163000,-79000
2012/02/21,0,271000,-106000,165000
2012/02/22,0,799000,-301000,498000
2012/02/23,0,187000,-445000,-258000
2012/02/24,0,75000,-287000,-212000
2012/02/27,0,0,0,0
2012/02/28,0,0,0,0
2012/02/29,0,411006,-526000,-114994
2012/03/01,0,23000,-274000,-251000
2012/03/02,0,50000,-231000,-181000
2012/03/05,0,17000,-305000,-288000
2012/03/06,0,93000,-297000,-204000
2012/03/07,0,174000,-130000,44000
2012/03/08,0,125000,-90000,35000
2012/03/09,0,109000,-128000,-19000
2012/03/12,0,172000,-236483,-64483
2012/03/13,0,291000,-70000,221000
2012/03/14,0,278000,-264000,14000
2012/03/15,0,46000,-351000,-305000
2012/03/16,0,114000,-96000,18000
2012/03/19,0,187000,-157000,30000
2012/03/20,0,62000,-137000,-75000
2012/03/21,0,208000,-154000,54000
2012/03/22,0,109000,-111000,-2000
2012/03/23,0,94000,-26000,68000
2012/03/26,0,194000,-95000,99000
2012/03/27,0,48000,-89000,-41000
2012/03/28,0,61000,-165000,-104000
2012/03/29,0,93500,-337787,-244287
2012/03/30,0,143000,-115000,28000
2012/04/02,0,94000,-92500,1500
2012/04/03,0,128000,-455000,-327000
2012/04/04,0,0,0,0
2012/04/05,0,583000,-211000,372000
2012/04/06,0,117000,-78000,39000
2012/04/09,0,86000,-413000,-327000
2012/04/10,0,277000,-410000,-133000
2012/04/11,0,251000,-45000,206000
2012/04/12,0,147000,-185000,-38000
2012/04/13,0,240000,-174000,66000
2012/04/16,0,27000,-182000,-155000
2012/04/17,0,177000,-672000,-495000
2012/04/18,0,389000,-121000,268000
2012/04/19,0,138000,-296000,-158000
2012/04/20,0,177000,-63000,114000
2012/04/23,0,315000,-166000,149000
2012/04/24,0,58000,-175000,-117000
2012/04/25,0,254000,-199000,55000
2012/04/26,0,81002,-224000,-142998
2012/04/27,0,225000,-510159,-285159
2012/04/30,0,377187,-60000,317187
2012/05/01,0,0,0,0
2012/05/02,0,344000,-107000,237000
2012/05/03,0,68000,-253000,-185000
2012/05/04,0,376000,-184000,192000
2012/05/07,0,190000,-142500,47500
2012/05/08,0,92000,-109525,-17525
2012/05/09,0,85000,-73000,12000
2012/05/10,0,110000,-67000,43000
2012/05/11,0,165000,-409000,-244000
2012/05/14,0,51000,-136000,-85000
2012/05/15,0,442000,-44000,398000
2012/05/16,0,160000,-388500,-228500
2012/05/17,0,205000,-78000,127000
2012/05/18,0,127000,-151000,-24000
2012/05/21,0,253000,-123500,129500
2012/05/22,0,607000,-168000,439000
2012/05/23,0,95000,-270000,-175000
2012/05/24,0,246000,-140000,106000
2012/05/25,0,72000,-211000,-139000
2012/05/28,0,79000,-61000,18000
2012/05/29,0,298000,-92000,206000
2012/05/30,0,163000,-281000,-118000
2012/05/31,0,83000,-79000,4000
2012/06/01,0,137000,-262000,-125000
2012/06/04,0,248000,-303000,-55000
2012/06/05,0,141000,-98000,43000
2012/06/06,0,170000,-85000,85000
2012/06/07,0,18000,-18919,-919
2012/06/08,0,1000,-65797,-64797
2012/06/11,0,807000,-219984,587016
2012/06/12,0,110000,-135000,-25000
2012/06/13,0,172000,-140000,32000
2012/06/14,0,347000,-67000,280000
2012/06/15,0,59000,-72000,-13000
2012/06/18,0,90000,-98000,-8000
2012/06/19,0,201000,-110000,91000
2012/06/20,0,267000,-155000,112000
2012/06/21,0,49000,-229000,-180000
2012/06/22,0,297000,-131000,166000
2012/06/25,0,68000,-183000,-115000
2012/06/26,0,84000,-119000,-35000
2012/06/27,0,112000,-53000,59000
2012/06/28,0,131000,-62000,69000
2012/06/29,0,470000,-41000,429000
2012/07/02,0,432000,-129000,303000
2012/07/03,0,1128000,-36000,1092000
2012/07/04,0,1705000,-178000,1527000
2012/07/05,0,232000,-2401000,-2169000
2012/07/06,0,293000,-513000,-220000
2012/07/09,0,423000,-489000,-66000
2012/07/10,0,1373000,-1074000,299000
2012/07/11,0,194000,-236000,-42000
2012/07/12,0,223000,-267000,-44000
2012/07/13,0,310000,-243000,67000
2012/07/16,0,145000,-226624,-81624
2012/07/17,0,302000,-151000,151000
2012/07/18,0,168000,-287110,-119110
2012/07/19,0,82000,-69000,13000
2012/07/20,0,77000,-36000,41000
2012/07/23,0,132000,-307000,-175000
2012/07/24,0,254000,-144000,110000
2012/07/25,0,110000,-137000,-27000
2012/07/26,0,75000,-135000,-60000
2012/07/27,0,197000,-175000,22000
2012/07/30,0,19000,-99000,-80000
2012/07/31,0,99000,-56000,43000
2012/08/01,0,18000,-90000,-72000
2012/08/02,0,0,0,0
2012/08/03,0,18000,-447000,-429000
2012/08/06,0,5000,-40857,-35857
2012/08/07,0,22000,-49840,-27840
2012/08/08,0,755000,-342000,413000
2012/08/09,0,71000,-203000,-132000
2012/08/10,0,397000,-175000,222000
2012/08/13,0,120000,-119000,1000
2012/08/14,0,491000,-129000,362000
2012/08/15,0,150000,-279000,-129000
2012/08/16,0,345000,-116000,229000
2012/08/17,0,496000,-120997,375003
2012/08/20,0,153000,-423000,-270000
2012/08/21,0,147000,-173000,-26000
2012/08/22,0,261000,-111000,150000
2012/08/23,0,177000,-261000,-84000
2012/08/24,0,725000,-219000,506000
2012/08/27,0,187000,-438176,-251176
2012/08/28,0,230999,-848000,-617001
2012/08/29,0,195000,-369000,-174000
2012/08/30,0,57000,-615000,-558000
2012/08/31,0,298000,-404318,-106318
2012/09/03,0,637000,-705000,-68000
2012/09/04,0,880000,-1314000,-434000
2012/09/05,0,670000,-708000,-38000
2012/09/06,0,195000,-301000,-106000
2012/09/07,0,1017000,-199000,818000
2012/09/10,0,372000,-254000,118000
2012/09/11,0,80000,-180999,-100999
2012/09/12,0,757000,-479000,278000
2012/09/13,0,132000,-573000,-441000
2012/09/14,0,748000,-423000,325000
2012/09/17,0,533018,-590000,-56982
2012/09/18,0,479000,-315018,163982
2012/09/19,0,381000,-494000,-113000
2012/09/20,0,154000,-358000,-204000
2012/09/21,0,405000,-150000,255000
2012/09/24,0,83000,-142000,-59000
2012/09/25,0,90000,-201000,-111000
2012/09/26,0,83000,-353000,-270000
2012/09/27,0,274000,-524000,-250000
2012/09/28,0,371000,-487000,-116000
2012/10/01,0,326000,-176000,150000
2012/10/02,0,329000,-197998,131002
2012/10/03,0,72000,-128002,-56002
2012/10/04,0,94000,-329000,-235000
2012/10/05,0,230000,-241000,-11000
2012/10/08,0,26000,-188000,-162000
2012/10/09,0,45000,-487555,-442555
2012/10/10,0,0,0,0
2012/10/11,0,80000,-169385,-89385
2012/10/12,0,347000,-654060,-307060
2012/10/15,0,263000,-170000,93000
2012/10/16,0,123000,-95000,28000
2012/10/17,0,1014000,-70000,944000
2012/10/18,0,95000,-270000,-175000
2012/10/19,0,91000,-169000,-78000
2012/10/22,0,547000,-109000,438000
2012/10/23,0,236000,-143000,93000
2012/10/24,0,436000,-215000,221000
2012/10/25,0,214000,-1330000,-1116000
2012/10/26,0,510000,-849000,-339000
2012/10/29,0,50000,-78140,-28140
2012/10/30,0,36000,-172064,-136064
2012/10/31,0,565000,-698251,-133251
2012/11/01,0,626000,-64000,562000
2012/11/02,0,386000,-474000,-88000
2012/11/05,0,326000,-104000,222000
2012/11/06,0,547000,-44000,503000
2012/11/07,0,1120000,-133000,987000
2012/11/08,0,334000,-242000,92000
2012/11/09,0,1368000,-142000,1226000
2012/11/12,0,183000,0,183000
2012/11/13,0,792000,-1342000,-550000
2012/11/14,0,900000,-231000,669000
2012/11/15,0,592000,-382000,210000
2012/11/16,0,1235000,-640000,595000
2012/11/19,0,158000,-638000,-480000
2012/11/20,0,264000,-672000,-408000
2012/11/21,0,604000,-230000,374000
2012/11/22,0,235000,-384000,-149000
2012/11/23,0,338000,-356000,-18000
2012/11/26,0,997000,-126000,871000
2012/11/27,0,324000,-525000,-201000
2012/11/28,0,614000,-212000,402000
2012/11/29,0,413000,-582000,-169000
2012/11/30,0,1008000,-495000,513000
2012/12/03,0,123000,-433000,-310000
2012/12/04,0,797000,-275000,522000
2012/12/05,0,618000,-674000,-56000
2012/12/06,0,434000,-929000,-495000
2012/12/07,0,432000,-1109000,-677000
2012/12/10,0,726000,-199000,527000
2012/12/11,0,302000,-400000,-98000
2012/12/12,0,847000,-211000,636000
2012/12/13,0,604000,-383000,221000
2012/12/14,0,216000,-584000,-368000
2012/12/17,0,291000,-734000,-443000
2012/12/18,0,549000,-259000,290000
2012/12/19,0,377000,-345000,32000
2012/12/20,0,430000,-291000,139000
2012/12/21,0,595000,-341000,254000
2012/12/24,0,57000,-175000,-118000
2012/12/25,0,557000,-144000,413000
2012/12/26,0,147000,-211000,-64000
2012/12/27,0,1771002,-583000,1188002
2012/12/28,0,491000,-855000,-364000
2012/12/31,0,0,0,0
2013/01/01,0,0,0,0
2013/01/02,0,449000,-979000,-530000
2013/01/03,0,156000,-749000,-593000
2013/01/04,0,1367000,-407428,959572
2013/01/07,0,746000,-304000,442000
2013/01/08,0,588000,-1570000,-982000
2013/01/09,0,450000,-274000,176000
2013/01/10,0,144000,-1062000,-918000
2013/01/11,0,271000,-186000,85000
2013/01/14,0,821000,-149000,672000
2013/01/15,0,478000,-402000,76000
2013/01/16,0,382000,-364000,18000
2013/01/17,0,334000,-1503000,-1169000
2013/01/18,0,388000,-374000,14000
2013/01/21,0,165000,-117000,48000
2013/01/22,0,154000,-113000,41000
2013/01/23,0,239000,-777000,-538000
2013/01/24,0,138000,-162000,-24000
2013/01/25,0,244000,-385000,-141000
2013/01/28,0,793000,-1193000,-400000
2013/01/29,0,916000,-936000,-20000
2013/01/30,0,1091000,-187000,904000
2013/01/31,0,105000,-429000,-324000
2013/02/01,0,354000,-933000,-579000
2013/02/04,0,497000,-605990,-108990
2013/02/05,0,9000,-294051,-285051
2013/02/06,0,826000,-1339000,-513000
2013/02/07,0,0,0,0
2013/02/08,0,0,0,0
2013/02/11,0,0,0,0
2013/02/12,0,0,0,0
2013/02/13,0,0,0,0
2013/02/14,0,0,0,0
2013/02/15,0,0,0,0
2013/02/18,0,909000,-294867,614133
2013/02/19,0,602000,-219845,382155
2013/02/20,0,219000,-682000,-463000
2013/02/21,0,261000,-185000,76000
2013/02/22,0,37000,-171000,-134000
2013/02/25,0,135000,-214997,-79997
2013/02/26,0,175000,-182000,-7000
2013/02/27,0,619000,-273000,346000
2013/02/28,0,0,0,0
2013/03/01,0,186000,-403003,-217003
2013/03/04,0,335000,-347000,-12000
2013/03/05,0,125000,-1608000,-1483000
2013/03/06,0,319000,-1461000,-1142000
2013/03/07,0,1469000,-271000,1198000
2013/03/08,0,409000,-701000,-292000
2013/03/11,0,343000,-962000,-619000
2013/03/12,0,111000,-399000,-288000
2013/03/13,0,266000,-750000,-484000
2013/03/14,0,1083000,-890000,193000
2013/03/15,0,224000,-800000,-576000
2013/03/18,0,495000,-350000,145000
2013/03/19,0,2062000,-532000,1530000
2013/03/20,0,776000,-719000,57000
2013/03/21,0,45000,-745000,-700000
2013/03/22,0,17000,-98000,-81000
2013/03/25,0,288000,-330809,-42809
2013/03/26,0,110000,-152000,-42000
2013/03/27,0,188000,-127000,61000
2013/03/28,0,28000,-268000,-240000
2013/03/29,0,189000,-187000,2000
2013/04/01,0,110000,-343003,-233003
2013/04/02,0,1054000,-774000,280000
2013/04/03,0,597000,-147997,449003
2013/04/04,0,0,0,0
2013/04/05,0,0,0,0
2013/04/08,0,235000,-147149,87851
2013/04/09,0,709000,-126529,582471
2013/04/10,0,175149,-147000,28149
2013/04/11,0,431000,-149000,282000
2013/04/12,0,502000,-749791,-247791
2013/04/15,0,472000,-739991,-267991
2013/04/16,0,710000,-127009,582991
2013/04/17,0,1165000,-199000,966000
2013/04/18,0,680000,-689000,-9000
2013/04/19,0,189000,-852000,-663000
2013/04/22,0,312000,-146000,166000
2013/04/23,0,393000,-548000,-155000
2013/04/24,0,707000,-376000,331000
2013/04/25,0,306000,-458000,-152000
2013/04/26,0,731000,-1017248,-286248
2013/04/29,0,903248,-166000,737248
2013/04/30,0,854000,-201000,653000
2013/05/01,0,0,0,0
2013/05/02,0,965000,-429000,536000
2013/05/03,0,243000,-1673000,-1430000
2013/05/06,0,346000,-170000,176000
2013/05/07,0,639000,-246000,393000
2013/05/08,0,224000,-307000,-83000
2013/05/09,0,1216849,-280000,936849
2013/05/10,0,183000,-663000,-480000
2013/05/13,0,116000,-143000,-27000
2013/05/14,0,938000,-400000,538000
2013/05/15,0,134000,-702000,-568000
2013/05/16,0,1221000,-311000,910000
2013/05/17,0,154000,-736000,-582000
2013/05/20,0,275000,-226000,49000
2013/05/21,0,285000,-810000,-525000
2013/05/22,0,76000,-194000,-118000
2013/05/23,0,442000,-600000,-158000
2013/05/24,0,123281,-647000,-523719
2013/05/27,0,51000,-46000,5000
2013/05/28,0,383000,-47000,336000
2013/05/29,0,244000,-136000,108000
2013/05/30,0,325000,-205092,119908
2013/05/31,0,266000,-372000,-106000
2013/06/03,0,1439000,-119000,1320000
2013/06/04,0,433000,-446000,-13000
2013/06/05,0,223000,-914987,-691987
2013/06/06,0,259000,-243000,16000
2013/06/07,0,218000,-1412000,-1194000
2013/06/10,0,161000,-369000,-208000
2013/06/11,0,80000,-147000,-67000
2013/06/12,0,0,0,0
2013/06/13,0,82000,-563890,-481890
2013/06/14,0,103000,-610000,-507000
2013/06/17,0,374000,-199000,175000
2013/06/18,0,901000,-55000,846000
2013/06/19,0,1160000,-389000,771000
2013/06/20,0,152000,-503000,-351000
2013/06/21,0,775000,-559143,215857
2013/06/24,0,117000,-770000,-653000
2013/06/25,0,984000,-327000,657000
2013/06/26,0,70000,-459000,-389000
2013/06/27,0,124000,-337000,-213000
2013/06/28,0,65000,-284985,-219985
2013/07/01,0,261000,-388015,-127015
2013/07/02,0,324000,-481000,-157000
2013/07/03,0,449000,-408000,41000
2013/07/04,0,646000,-218000,428000
2013/07/05,0,401000,-381000,20000
2013/07/08,0,467000,-601416,-134416
2013/07/09,0,753000,-505017,247983
2013/07/10,0,527000,-86000,441000
2013/07/11,0,298000,-175000,123000
2013/07/12,0,55000,-479000,-424000
2013/07/15,0,197000,-293000,-96000
2013/07/16,0,242000,-82000,160000
2013/07/17,0,645000,-298000,347000
2013/07/18,0,52000,-703000,-651000
2013/07/19,0,321000,-737000,-416000
2013/07/22,0,824000,-290000,534000
2013/07/23,0,1604000,-319000,1285000
2013/07/24,0,415000,-1064099,-649099
2013/07/25,0,3274000,-1946901,1327099
2013/07/26,0,1390000,-2508000,-1118000
2013/07/29,0,176000,-673000,-497000
2013/07/30,0,1074000,-222000,852000
2013/07/31,0,0,-326288,-326288
2013/08/01,0,0,-296734,-296734
2013/08/02,0,272000,-1214087,-942087
2013/08/05,0,385998,-195000,190998
2013/08/06,0,323000,-283135,39865
2013/08/07,0,206000,-156000,50000
2013/08/08,0,194000,-304684,-110684
2013/08/09,0,1363000,-256000,1107000
2013/08/12,0,66000,-568000,-502000
2013/08/13,0,263000,-254000,9000
2013/08/14,0,59000,-373000,-314000
2013/08/15,0,658000,-466000,192000
2013/08/16,0,232000,-365035,-133035
2013/08/19,0,100000,-276000,-176000
2013/08/20,0,139000,-703000,-564000
2013/08/21,0,0,0,0
2013/08/22,0,181000,-491000,-310000
2013/08/23,0,669000,-74000,595000
2013/08/26,0,41000,-367000,-326000
2013/08/27,0,49000,-132660,-83660
2013/08/28,0,150000,-198996,-48996
2013/08/29,0,82000,-166000,-84000
2013/08/30,0,1403000,-185344,1217656
2013/09/02,0,211000,-666730,-455730
2013/09/03,0,842000,-1093952,-251952
2013/09/04,0,79000,-876042,-797042
2013/09/05,0,1091000,-375925,715075
2013/09/06,0,247000,-178454,68546
2013/09/09,0,716000,-817979,-101979
2013/09/10,0,1030000,-390000,640000
2013/09/11,0,601000,-401000,200000
2013/09/12,0,1210000,-591000,619000
2013/09/13,0,184000,-619000,-435000
2013/09/16,0,190000,-414975,-224975
2013/09/17,0,914000,-154000,760000
2013/09/18,0,360000,-1044000,-684000
2013/09/19,0,0,0,0
2013/09/20,0,0,0,0
2013/09/23,0,270000,-123996,146004
2013/09/24,0,306000,-223000,83000
2013/09/25,0,182000,-847000,-665000
2013/09/26,0,235000,-351000,-116000
2013/09/27,0,117000,-689000,-572000
2013/09/30,0,166000,-169000,-3000
2013/10/01,0,542000,-512000,30000
2013/10/02,0,108000,-401883,-293883
2013/10/03,0,120000,-105000,15000
2013/10/04,0,1489000,-188000,1301000
2013/10/07,0,63000,-1100121,-1037121
2013/10/08,0,370559,-126000,244559
2013/10/09,0,277000,-117000,160000
2013/10/10,0,0,0,0
2013/10/11,0,342000,-372000,-30000
2013/10/14,0,309000,-149000,160000
2013/10/15,0,105000,-226000,-121000
2013/10/16,0,122000,-590000,-468000
2013/10/17,0,1821000,-190000,1631000
2013/10/18,0,661000,-1037264,-376264
2013/10/21,0,195000,-428000,-233000
2013/10/22,0,1449000,-191000,1258000
2013/10/23,0,118000,-755401,-637401
2013/10/24,0,1969000,-315192,1653808
2013/10/25,0,1076000,-1169997,-93997
2013/10/28,0,357000,-918000,-561000
2013/10/29,0,631000,-335005,295995
2013/10/30,0,364000,-243000,121000
2013/10/31,0,170000,-553000,-383000
2013/11/01,0,1780000,-344472,1435528
2013/11/04,0,2156474,-944000,1212474
2013/11/05,0,184000,-2906000,-2722000
2013/11/06,0,1161338,-447000,714338
2013/11/07,0,2023000,-517000,1506000
2013/11/08,0,1653002,-1321000,332002
2013/11/11,0,675000,-836000,-161000
2013/11/12,0,1430990,-1015000,415990
2013/11/13,0,778000,-939992,-161992
2013/11/14,0,329000,-322000,7000
2013/11/15,0,407000,-423231,-16231
2013/11/18,0,627000,-320000,307000
2013/11/19,0,461000,-391000,70000
2013/11/20,0,2192000,-191000,2001000
2013/11/21,0,38000,-767000,-729000
2013/11/22,0,56000,-323000,-267000
2013/11/25,0,831231,-118000,713231
2013/11/26,0,65000,-344000,-279000
2013/11/27,0,93000,-494000,-401000
2013/11/28,0,256000,-1118000,-862000
2013/11/29,0,213000,-125000,88000
2013/12/02,0,255000,-161000,94000
2013/12/03,0,51000,-438000,-387000
2013/12/04,0,110000,-1805000,-1695000
2013/12/05,0,90000,-388000,-298000
2013/12/06,0,33000,-242000,-209000
2013/12/09,0,263000,-83000,180000
2013/12/10,0,53000,-201000,-148000
2013/12/11,0,35000,-604000,-569000
2013/12/12,0,226000,-148000,78000
2013/12/13,0,287000,-103000,184000
2013/12/16,0,29000,-247118,-218118
2013/12/17,0,18000,-97000,-79000
2013/12/18,0,750000,-38000,712000
2013/12/19,0,30000,-502882,-472882
2013/12/20,0,84000,-642000,-558000
2013/12/23,0,102000,-474000,-372000
2013/12/24,0,877000,-97000,780000
2013/12/25,0,176000,-295000,-119000
2013/12/26,0,174000,-53000,121000
2013/12/27,0,86000,-288000,-202000
2013/12/30,0,133000,-74000,59000
2013/12/31,0,35000,-81000,-46000
2014/01/02,0,137000,-146000,-9000
2014/01/03,0,159000,-86976,72024
2014/01/06,0,285000,-499000,-214000
2014/01/07,0,132000,-913000,-781000
2014/01/08,0,98000,-245000,-147000
2014/01/09,0,320000,-564000,-244000
2014/01/10,0,84000,-318000,-234000
2014/01/13,0,620000,-56000,564000
2014/01/14,0,31000,-506000,-475000
2014/01/15,0,2600000,-265000,2335000
2014/01/16,0,170000,-629000,-459000
2014/01/17,0,573000,-379000,194000
2014/01/20,0,152000,-359000,-207000
2014/01/21,0,2762000,-227000,2535000
2014/01/22,0,829000,-939128,-110128
2014/01/23,0,187000,-669435,-482435
2014/01/24,0,264000,-484000,-220000
2014/01/27,0,81000,-639565,-558565
2014/02/05,0,67000,-1495000,-1428000
2014/02/06,0,169000,-217000,-48000
2014/02/07,0,220000,-1117000,-897000
2014/02/10,0,184000,-814000,-630000
2014/02/11,0,1226000,-73663,1152337
2014/02/12,0,241000,-166000,75000
2014/02/13,0,69000,-154000,-85000
2014/02/14,0,23000,-119000,-96000
2014/02/17,0,1166000,-217000,949000
2014/02/18,0,109000,-170734,-61734
2014/02/19,0,76000,-112000,-36000
2014/02/20,0,508000,-314000,194000
2014/02/21,0,124000,-636000,-512000
2014/02/24,0,126000,-374568,-248568
2014/02/25,0,222000,-137523,84477
2014/02/26,0,1899000,-146000,1753000
2014/02/27,0,124000,-644748,-520748
2014/03/03,0,268000,-315000,-47000
2014/03/04,0,669000,-62000,607000
2014/03/05,0,914000,-117996,796004
2014/03/06,0,260000,-319000,-59000
2014/03/07,0,152000,-355383,-203383
2014/03/10,0,362000,-124000,238000
2014/03/11,0,2574000,-94000,2480000
2014/03/12,0,159000,-1199000,-1040000
2014/03/13,0,317000,-280000,37000
2014/03/14,0,243000,-227621,15379
2014/03/17,0,593000,-127000,466000
2014/03/18,0,152000,-858000,-706000
2014/03/19,0,2156000,-614844,1541156
2014/03/20,0,254000,-243000,11000
2014/03/21,0,559000,-180148,378852
2014/03/24,0,814997,-409000,405997
2014/03/25,0,561000,-385000,176000
2014/03/26,0,463000,-618000,-155000
2014/03/27,0,101000,-868000,-767000
2014/03/28,0,110000,-819000,-709000
2014/03/31,0,61000,-63000,-2000
2014/04/01,0,251000,-231997,19003
2014/04/02,0,227000,-122000,105000
2014/04/03,0,88000,-61000,27000
2014/04/07,0,2672000,-296000,2376000
2014/04/08,0,312000,-1438880,-1126880
2014/04/09,0,147000,-779638,-632638
2014/04/10,0,365000,-379000,-14000
2014/04/11,0,149000,-563000,-414000
2014/04/14,0,247000,-199000,48000
2014/04/15,0,160000,-59000,101000
2014/04/16,0,1984000,-213437,1770563
2014/04/17,0,352000,-1383000,-1031000
2014/04/18,0,130000,-399100,-269100
2014/04/21,0,1095000,-92563,1002437
2014/04/22,0,1203000,-708000,495000
2014/04/23,0,272000,-1360000,-1088000
2014/04/24,0,346003,-362000,-15997
2014/04/25,0,163000,-692000,-529000
2014/04/28,0,183000,-224876,-41876
2014/04/29,0,168000,-115000,53000
2014/04/30,0,831000,-104967,726033
2014/05/02,0,403000,-368160,34840
2014/05/05,0,2720500,-386078,2334422
2014/05/06,0,3204000,-2884000,320000
2014/05/07,0,1034000,-4090584,-3056584
2014/05/08,0,251000,-750000,-499000
2014/05/09,0,318000,-590000,-272000
2014/05/12,0,333000,-252000,81000
2014/05/13,0,377000,-680000,-303000
2014/05/14,0,669000,-102000,567000
2014/05/15,0,213000,-263000,-50000
2014/05/16,0,177000,-104000,73000
2014/05/19,0,125000,-69000,56000
2014/05/20,0,1025000,-89000,936000
2014/05/21,0,167000,-949000,-782000
2014/05/22,0,161000,-177000,-16000
2014/05/23,0,366000,-140000,226000
2014/05/26,0,165000,-219000,-54000
2014/05/27,0,105347,-76000,29347
2014/05/28,0,238000,-101000,137000
2014/05/29,0,716000,-304074,411926
2014/05/30,0,136000,-541000,-405000
2014/06/03,0,292000,-2166000,-1874000
2014/06/04,0,972000,-959000,13000
2014/06/05,0,543000,-706347,-163347
2014/06/06,0,286000,-205000,81000
2014/06/09,0,102000,-1114000,-1012000
2014/06/10,0,1975000,-105000,1870000
2014/06/11,0,292000,-944693,-652693
2014/06/12,0,96000,-499000,-403000
2014/06/13,0,182000,-533000,-351000
2014/06/16,0,163000,-47307,115693
2014/06/17,0,164000,-64000,100000
2014/06/18,0,903000,-1791000,-888000
2014/06/19,0,91000,-287000,-196000
2014/06/20,0,973000,-482994,490006
2014/06/23,0,640000,-554000,86000
2014/06/24,0,722000,-471000,251000
2014/06/25,0,242000,-945006,-703006
2014/06/26,0,198609,-298000,-99391
2014/06/27,0,853000,-323200,529800
2014/06/30,0,1305000,-379503,925497
2014/07/01,0,42000,-680000,-638000
2014/07/02,0,682000,-587000,95000
2014/07/03,0,65000,-612000,-547000
2014/07/04,0,1080000,-321000,759000
2014/07/07,0,240000,-1355000,-1115000
2014/07/08,0,367000,-137000,230000
2014/07/09,0,112000,-74000,38000
2014/07/10,0,80000,-160000,-80000
2014/07/11,0,23000,-921000,-898000
2014/07/14,0,2076000,-167000,1909000
2014/07/15,0,77000,-759830,-682830
2014/07/16,0,904000,-85000,819000
2014/07/17,0,296000,-64956,231044
2014/07/18,0,1351000,-270214,1080786
2014/07/21,0,80000,-606940,-526940
2014/07/22,0,1825000,-221153,1603847
2014/07/23,0,0,0,0
2014/07/24,0,379093,-890000,-510907
2014/07/25,0,68000,-1388000,-1320000
2014/07/28,0,107000,-681000,-574000
2014/07/29,0,68000,-560964,-492964
2014/07/30,0,95000,-382036,-287036
2014/07/31,0,912000,-2020000,-1108000
2014/08/01,0,1431000,-211000,1220000
2014/08/04,0,117000,-119000,-2000
2014/08/05,0,559000,-1166000,-607000
2014/08/06,0,325000,-1324000,-999000
2014/08/07,0,558000,-151000,407000
2014/08/08,0,537000,-396000,141000
2014/08/11,0,185000,-115000,70000
2014/08/12,0,70000,-302000,-232000
2014/08/13,0,263000,-21000,242000
2014/08/14,0,53000,-66000,-13000
2014/08/15,0,98000,-184000,-86000
2014/08/18,0,683000,-94000,589000
2014/08/19,0,318000,-74782,243218
2014/08/20,0,845000,-171000,674000
2014/08/21,0,12000,-24000,-12000
2014/08/22,0,40000,-39720,280
2014/08/25,0,1758000,-228280,1529720
2014/08/26,0,53000,-875000,-822000
2014/08/27,0,141000,-96000,45000
2014/08/28,0,833000,-152000,681000
2014/08/29,0,454000,-355000,99000
2014/09/01,0,59000,-359000,-300000
2014/09/02,0,418000,-32000,386000
2014/09/03,0,332000,-449170,-117170
2014/09/04,0,3000,-149830,-146830
2014/09/05,0,57000,-560000,-503000
2014/09/09,0,134000,-55000,79000
2014/09/10,0,262000,-314000,-52000
2014/09/11,0,115000,-128000,-13000
2014/09/12,0,194000,-114000,80000
2014/09/15,0,55000,-346000,-291000
2014/09/16,0,72000,-1154000,-1082000
2014/09/17,0,927000,-72000,855000
2014/09/18,0,113000,-312000,-199000
2014/09/19,0,126000,-147000,-21000
2014/09/22,0,142000,-245000,-103000
2014/09/23,0,763000,-101068,661932
2014/09/24,0,455000,-224000,231000
2014/09/25,0,140000,-887000,-747000
2014/09/26,0,373000,-257000,116000
2014/09/29,0,77000,-235000,-158000
2014/09/30,0,393000,-253000,140000
2014/10/01,0,181000,-33000,148000
2014/10/02,0,364000,-1039000,-675000
2014/10/03,0,2450000,-116734,2333266
2014/10/06,0,216000,-1460000,-1244000
2014/10/07,0,93000,-219000,-126000
2014/10/08,0,197000,-165000,32000
2014/10/09,0,104000,-240000,-136000
2014/10/13,0,12000,-450000,-438000
2014/10/14,0,121000,-22000,99000
2014/10/15,0,401000,-36266,364734
2014/10/16,0,2350000,-371000,1979000
2014/10/17,0,118000,-2096000,-1978000
2014/10/20,0,1597000,-82000,1515000
2014/10/21,0,212000,-806000,-594000
2014/10/22,0,1709000,-844000,865000
2014/10/23,0,326000,-802000,-476000
2014/10/24,0,87000,-387000,-300000
2014/10/27,0,285000,-554000,-269000
2014/10/28,0,1053000,-703801,349199
2014/10/29,0,478000,-1041000,-563000
2014/10/30,0,956000,-411000,545000
2014/10/31,0,414000,-214000,200000
2014/11/03,0,3205000,-507000,2698000
2014/11/04,0,1539000,-1482000,57000
2014/11/05,0,2388000,-1094000,1294000
2014/11/06,0,268000,-439000,-171000
2014/11/07,0,565000,-347000,218000
2014/11/10,0,65000,-374000,-309000
2014/11/11,0,1631000,-171000,1460000
2014/11/12,0,149000,-897000,-748000
2014/11/13,0,1057000,-118000,939000
2014/11/14,0,297000,-571000,-274000
2014/11/17,0,152000,-172000,-20000
2014/11/18,0,79000,-1666000,-1587000
2014/11/19,0,294000,-301000,-7000
2014/11/20,0,551000,-127000,424000
2014/11/21,0,69000,-111000,-42000
2014/11/24,0,12000,-142000,-130000
2014/11/25,0,75000,-249000,-174000
2014/11/26,0,24000,-63000,-39000
2014/11/27,0,56000,-27000,29000
2014/11/28,0,1239000,-58000,1181000
2014/12/01,0,1011000,-2859000,-1848000
2014/12/02,0,155000,-785000,-630000
2014/12/03,0,3913000,-434711,3478289
2014/12/04,0,445000,-2021000,-1576000
2014/12/05,0,2183000,-526000,1657000
2014/12/08,0,270000,-1114000,-844000
2014/12/09,0,105000,-192000,-87000
2014/12/10,0,734000,-630000,104000
2014/12/11,0,2993000,-689000,2304000
2014/12/12,0,338000,-2861000,-2523000
2014/12/15,0,797000,-197000,600000
2014/12/16,0,76000,-609000,-533000
2014/12/17,0,363000,-726000,-363000
2014/12/18,0,134000,-2393000,-2259000
2014/12/19,0,1382000,-2835000,-1453000
2014/12/22,0,1512000,-301000,1211000
2014/12/23,0,62000,-482000,-420000
2014/12/24,0,282000,-302000,-20000
2014/12/25,0,889000,-74000,815000
2014/12/26,0,289000,-303000,-14000
2014/12/29,0,76000,-236000,-160000
2014/12/30,0,867000,-36000,831000
2014/12/31,0,86000,-690000,-604000
2015/01/01,0,0,0,0
2015/01/02,0,0,0,0
2015/01/05,0,1254000,-64000,1190000
2015/01/06,0,135000,-463000,-328000
2015/01/07,0,876000,-74000,802000
2015/01/08,0,2077004,-641000,1436004
2015/01/09,0,1665000,-1249000,416000
2015/01/12,0,2101000,-402000,1699000
2015/01/13,0,491000,-3556217,-3065217
2015/01/14,0,274000,-477000,-203000
2015/01/15,0,168000,-402000,-234000
2015/01/16,0,19000,-523173,-504173
2015/01/19,0,1981000,-518000,1463000
2015/01/20,0,280000,-2584000,-2304000
2015/01/21,0,1001363,-371000,630363
2015/01/22,0,196000,-997000,-801000
2015/01/23,0,383000,-113000,270000
2015/01/26,0,1296000,-26000,1270000
2015/01/27,0,95000,-294000,-199000
2015/01/28,0,901000,-338000,563000
2015/01/29,0,97999,-692000,-594001
2015/01/30,0,109000,-659000,-550000
2015/02/02,0,294000,-114000,180000
2015/02/03,0,158000,-83000,75000
2015/02/04,0,233000,-241130,-8130
2015/02/05,0,131000,-372130,-241130
2015/02/06,0,947000,-317000,630000
2015/02/09,0,306000,-1747244,-1441244
2015/02/10,0,547000,-310000,237000
2015/02/11,0,97000,-191000,-94000
2015/02/12,0,40000,-70000,-30000
2015/02/13,0,61000,-248000,-187000
2015/02/16,0,0,0,0
2015/02/17,0,0,0,0
2015/02/18,0,0,0,0
2015/02/19,0,0,0,0
2015/02/20,0,0,0,0
2015/02/23,0,0,0,0
2015/02/24,0,615000,-167000,448000
2015/02/25,0,18000,-204086,-186086
2015/02/26,0,1696000,-129000,1567000
2015/02/27,0,0,0,0
2015/03/02,0,74000,-1109000,-1035000
2015/03/03,0,383000,-1096113,-713113
2015/03/04,0,533000,-269000,264000
2015/03/05,0,103000,-206086,-103086
2015/03/06,0,126000,-13000,113000
2015/03/09,0,836000,-155196,680804
2015/03/10,0,95000,-438000,-343000
2015/03/11,0,147000,-207000,-60000
2015/03/12,0,171000,-15000,156000
2015/03/13,0,34000,-111000,-77000
2015/03/16,0,26000,-135000,-109000
2015/03/17,0,22000,-577087,-555087
2015/03/18,0,69000,-550000,-481000
2015/03/19,0,199000,-24000,175000
2015/03/20,0,15000,-68000,-53000
2015/03/23,0,1637000,-93000,1544000
2015/03/24,0,140000,-949000,-809000
2015/03/25,0,118000,-470000,-352000
2015/03/26,0,51000,-354396,-303396
2015/03/27,0,5000,-512509,-507509
2015/03/30,0,107000,-283000,-176000
2015/03/31,0,150000,-129000,21000
2015/04/01,0,18000,-486000,-468000
2015/04/02,0,50000,-33000,17000
2015/04/03,0,0,0,0
2015/04/06,0,0,0,0
2015/04/07,0,381000,-103000,278000
2015/04/08,0,37000,-221000,-184000
2015/04/09,0,123000,-279000,-156000
2015/04/10,0,250000,-122000,128000
2015/04/13,0,17000,-102000,-85000
2015/04/14,0,48000,-111000,-63000
2015/04/15,0,151000,-395000,-244000
2015/04/16,0,44000,-95000,-51000
2015/04/17,0,14000,-257000,-243000
2015/04/20,0,131000,-43000,88000
2015/04/21,0,60000,-73467,-13467
2015/04/22,0,180000,-185000,-5000
2015/04/23,0,337000,-86000,251000
2015/04/24,0,306000,-158000,148000
2015/04/27,0,13000,-161000,-148000
2015/04/28,0,51000,-332533,-281533
2015/04/29,0,150000,-659000,-509000
2015/04/30,0,643000,-248000,395000
2015/05/01,0,0,0,0
2015/05/04,0,53000,-243000,-190000
2015/05/05,0,130000,-205000,-75000
2015/05/06,0,338000,-237000,101000
2015/05/07,0,131000,-52000,79000
2015/05/08,0,63000,-56000,7000
2015/05/11,0,11000,-891714,-880714
2015/05/12,0,756000,-138000,618000
2015/05/13,0,470000,-59000,411000
2015/05/14,0,15000,-209000,-194000
2015/05/15,0,38000,-91000,-53000
2015/05/18,0,74000,-497000,-423000
2015/05/19,0,179000,-138286,40714
2015/05/20,0,219000,-153000,66000
2015/05/21,0,206000,-33000,173000
2015/05/22,0,125000,-199000,-74000
2015/05/25,0,5000,-59000,-54000
2015/05/26,0,1000,-75000,-74000
2015/05/27,0,3000,-9000,-6000
2015/05/28,0,1000,-14000,-13000
2015/05/29,0,10000,-50000,-40000
2015/06/01,0,73000,-738000,-665000
2015/06/02,0,207000,-295000,-88000
2015/06/03,0,728000,-969000,-241000
2015/06/04,0,1075000,-500000,575000
2015/06/05,0,248000,-608000,-360000
2015/06/08,0,0,-55459,-55459
2015/06/09,0,0,-60331,-60331
2015/06/10,0,1729000,-1172991,556009
2015/06/11,0,317000,-566000,-249000
2015/06/12,0,471000,-203000,268000
2015/06/15,0,1464000,-128000,1336000
2015/06/16,0,243000,-840000,-597000
2015/06/17,0,1312000,-288000,1024000
2015/06/18,0,239000,-370000,-131000
2015/06/19,0,0,0,0
2015/06/22,0,69000,-317000,-248000
2015/06/23,0,709000,-77000,632000
2015/06/24,0,191000,-920000,-729000
2015/06/25,0,387000,-71000,316000
2015/06/26,0,458000,-181000,277000
2015/06/29,0,31000,-261000,-230000
2015/06/30,0,69000,-794000,-725000
2015/07/01,0,799000,-198000,601000
2015/07/02,0,272000,-552000,-280000
2015/07/03,0,274000,-300000,-26000
2015/07/06,0,832000,-40000,792000
2015/07/07,0,364000,-420000,-56000
2015/07/08,0,232000,-1091000,-859000
2015/07/09,0,719000,-44000,675000
2015/07/10,0,0,0,0
2015/07/13,0,401000,-136000,265000
2015/07/14,0,179000,-350000,-171000
2015/07/15,0,837000,-369000,468000
2015/07/16,0,142000,-22000,120000
2015/07/17,0,144000,-102000,42000
2015/07/20,0,27000,-234000,-207000
2015/07/21,0,593000,-53000,540000
2015/07/22,0,377000,-410000,-33000
2015/07/23,0,164000,-406000,-242000
2015/07/24,0,110000,-131000,-21000
2015/07/27,0,135000,-184500,-49500
2015/07/28,0,398000,-57000,341000
2015/07/29,0,191000,-149000,42000
2015/07/30,0,1260000,-362500,897500
2015/07/31,0,298000,-1078000,-780000
2015/08/03,0,173000,-251000,-78000
2015/08/04,0,577000,-254000,323000
2015/08/05,0,380000,-531000,-151000
2015/08/06,0,58000,-420000,-362000
2015/08/07,0,0,-15000,-15000
2015/08/10,0,902000,-304807,597193
2015/08/11,0,1108000,-920000,188000
2015/08/12,0,329000,-183000,146000
2015/08/13,0,782000,-403000,379000
2015/08/14,0,615000,-501000,114000
2015/08/17,0,82000,-61000,21000
2015/08/18,0,153000,-398000,-245000
2015/08/19,0,512000,-248000,264000
2015/08/20,0,630000,-213000,417000
2015/08/21,0,226000,-954000,-728000
2015/08/24,0,239000,-373000,-134000
2015/08/25,0,593000,-73000,520000
2015/08/26,0,1560000,-293000,1267000
2015/08/27,0,261000,-569000,-308000
2015/08/28,0,153000,-307918,-154918
2015/08/31,0,149000,-371000,-222000
2015/09/01,0,328000,-421000,-93000
2015/09/02,0,175000,-245000,-70000
2015/09/03,0,640000,-320000,320000
2015/09/04,0,1588000,-464000,1124000
2015/09/07,0,177000,-822000,-645000
2015/09/08,0,1804000,-185000,1619000
2015/09/09,0,934000,-644000,290000
2015/09/10,0,952000,-1187000,-235000
2015/09/11,0,1310000,-1034000,276000
2015/09/14,0,1959000,-1349000,610000
2015/09/15,0,271000,-1956000,-1685000
2015/09/16,0,1090000,-862000,228000
2015/09/17,0,408000,-1040000,-632000
2015/09/18,0,283000,-435000,-152000
2015/09/21,0,380000,-311886,68114
2015/09/22,0,2785000,-347000,2438000
2015/09/23,0,197000,-1739000,-1542000
2015/09/24,0,398000,-1721000,-1323000
2015/09/25,0,1378000,-549000,829000
2015/09/28,0,0,0,0
2015/09/29,0,0,0,0
2015/09/30,0,179000,-1001000,-822000
2015/10/01,0,932000,-255000,677000
2015/10/02,0,1252000,-420000,832000
2015/10/05,0,359000,-955000,-596000
2015/10/06,0,84000,-1001000,-917000
2015/10/07,0,728000,-202000,526000
2015/10/08,0,166000,-396000,-230000
2015/10/09,0,0,0,0
2015/10/12,0,949000,-122000,827000
2015/10/13,0,3360000,-925000,2435000
2015/10/14,0,327000,-2072000,-1745000
2015/10/15,0,111000,-850000,-739000
2015/10/16,0,1929000,-422000,1507000
2015/10/19,0,2661000,-1912000,749000
2015/10/20,0,270002,-2966000,-2695998
2015/10/21,0,856000,-1074000,-218000
2015/10/22,0,3087998,-850000,2237998
2015/10/23,0,389000,-2460000,-2071000
2015/10/26,0,329000,-579000,-250000
2015/10/27,0,1374000,-343000,1031000
2015/10/28,0,1325000,-967000,358000
2015/10/29,0,360000,-1480000,-1120000
2015/10/30,0,775000,-677000,98000
2015/11/02,0,502000,-552000,-50000
2015/11/03,0,746000,-405000,341000
2015/11/04,0,819000,-511000,308000
2015/11/05,0,3862000,-806000,3056000
2015/11/06,0,773000,-2434000,-1661000
2015/11/09,0,503000,-1259000,-756000
2015/11/10,0,1272000,-145000,1127000
2015/11/11,0,259000,-452000,-193000
2015/11/12,0,489000,-1994000,-1505000
2015/11/13,0,455000,-442000,13000
2015/11/16,0,341000,-255000,86000
2015/11/17,0,1122000,-239000,883000
2015/11/18,0,743000,-392176,350824
2015/11/19,0,1081000,-243000,838000
2015/11/20,0,3558000,-1107377,2450623
2015/11/23,0,158176,-762000,-603824
2015/11/24,0,220000,-867000,-647000
2015/11/25,0,361000,-407000,-46000
2015/11/26,0,877000,-170000,707000
2015/11/27,0,285000,-810000,-525000
2015/11/30,0,136000,-327000,-191000
2015/12/01,0,285000,-675000,-390000
2015/12/02,0,266000,-503000,-237000
2015/12/03,0,93000,-267000,-174000
2015/12/04,0,382009,-280000,102009
2015/12/07,0,74000,-238000,-164000
2015/12/08,0,198000,-356000,-158000
2015/12/09,0,103000,-1100000,-997000
2015/12/10,0,464000,-1248000,-784000
2015/12/11,0,144000,-487509,-343509
2015/12/14,0,908000,-296000,612000
2015/12/15,0,197000,-191000,6000
2015/12/16,0,156000,-123000,33000
2015/12/17,0,314000,-201000,113000
2015/12/18,0,1497000,-294000,1203000
2015/12/21,0,129000,-496000,-367000
2015/12/22,0,59000,-306000,-247000
2015/12/23,0,737000,-96000,641000
2015/12/24,0,113000,-942000,-829000
2015/12/25,0,174000,-426000,-252000
2015/12/28,0,1912000,-303000,1609000
2015/12/29,0,317000,-744000,-427000
2015/12/30,0,173000,-899000,-726000
2015/12/31,0,85000,-118000,-33000
2016/01/01,0,0,0,0
2016/01/04,0,192000,-160000,32000
2016/01/05,0,113000,-158000,-45000
2016/01/06,0,136000,-468000,-332000
2016/01/07,0,120715,-685855,-565140
2016/01/08,0,360000,-483000,-123000
2016/01/11,0,114000,-733000,-619000
2016/01/12,0,262000,-347000,-85000
2016/01/13,0,543000,-179000,364000
2016/01/14,0,311450,-228000,83450
2016/01/15,0,130000,-117000,13000
2016/01/18,0,1132000,-109000,1023000
2016/01/19,0,377000,-428000,-51000
2016/01/20,0,660000,-802000,-142000
2016/01/21,0,215000,-229000,-14000
2016/01/22,0,178000,-854000,-676000
2016/01/25,0,479000,-158000,321000
2016/01/26,0,165000,-229095,-64095
2016/01/27,0,153000,-292000,-139000
2016/01/28,0,164000,-169000,-5000
2016/01/29,0,1538000,-295000,1243000
2016/02/01,0,150000,-381000,-231000
2016/02/02,0,277000,-311000,-34000
2016/02/03,0,66000,-689000,-623000
2016/02/04,0,0,0,0
2016/02/05,0,0,0,0
2016/02/08,0,0,0,0
2016/02/09,0,0,0,0
2016/02/10,0,0,0,0
2016/02/11,0,0,0,0
2016/02/12,0,0,0,0
2016/02/15,0,463000,-346250,116750
2016/02/16,0,1402000,-530750,871250
2016/02/17,0,1221000,-927000,294000
2016/02/18,0,123000,-596998,-473998
2016/02/19,0,2828000,-466000,2362000
2016/02/22,0,613000,-1288000,-675000
2016/02/23,0,228000,-342000,-114000
2016/02/24,0,637000,-460000,177000
2016/02/25,0,2556000,-680000,1876000
2016/02/26,0,292000,-600000,-308000
2016/02/29,0,0,0,0
2016/03/01,0,776000,-549000,227000
2016/03/02,0,774000,-978000,-204000
2016/03/03,0,603000,-978000,-375000
2016/03/04,0,4516000,-1559000,2957000
2016/03/07,0,3118000,-3037000,81000
2016/03/08,0,1185000,-5448000,-4263000
2016/03/09,0,2683000,-1239000,1444000
2016/03/10,0,516000,-1598000,-1082000
2016/03/11,0,1952000,-567559,1384441
2016/03/14,0,940000,-1863000,-923000
2016/03/15,0,1760000,-3415000,-1655000
2016/03/16,0,3339000,-928000,2411000
2016/03/17,0,597000,-1831000,-1234000
2016/03/18,0,1280000,-95000,1185000
2016/03/21,0,933000,-405002,527998
2016/03/22,0,133000,-2015707,-1882707
2016/03/23,0,2130000,-1150000,980000
2016/03/24,0,1662000,-904000,758000
2016/03/25,0,380000,-503000,-123000
2016/03/28,0,510000,-1232000,-722000
2016/03/29,0,598000,-213000,385000
2016/03/30,0,1588000,-883000,705000
2016/03/31,0,269000,-683000,-414000
2016/04/01,0,423000,-1221000,-798000
2016/04/04,0,0,0,0
2016/04/05,0,0,0,0
2016/04/06,0,1248000,-256293,991707
2016/04/07,0,652000,-1602000,-950000
2016/04/08,0,681000,-939000,-258000
2016/04/11,0,3819000,-772999,3046001
2016/04/12,0,970000,-3017000,-2047000
2016/04/13,0,1101000,-1212000,-111000
2016/04/14,0,566000,-1035000,-469000
2016/04/15,0,236000,-523000,-287000
2016/04/18,0,468000,-744000,-276000
2016/04/19,0,186000,-925000,-739000
2016/04/20,0,2992000,-686000,2306000
2016/04/21,0,798000,-1304000,-506000
2016/04/22,0,876000,-806000,70000
2016/04/25,0,398000,-132000,266000
2016/04/26,0,285000,-655000,-370000
2016/04/27,0,2606000,-775000,1831000
2016/04/28,0,443000,-682000,-239000
2016/04/29,0,354000,-1908000,-1554000
2016/05/02,0,0,0,0
2016/05/03,0,260000,-831000,-571000
2016/05/04,0,817000,-836000,-19000
2016/05/05,0,756000,-2257000,-1501000
2016/05/06,0,3174000,-1881000,1293000
2016/05/09,0,1105000,-2230207,-1125207
2016/05/10,0,4892000,-2746000,2146000
2016/05/11,0,1451000,-3123327,-1672327
2016/05/12,0,2128000,-1867000,261000
2016/05/13,0,1096000,-1920000,-824000
2016/05/16,0,2284000,-843000,1441000
2016/05/17,0,784000,-793000,-9000
2016/05/18,0,629000,-348000,281000
2016/05/19,0,195000,-1548000,-1353000
2016/05/20,0,406000,-202000,204000
2016/05/23,0,3539000,-589929,2949071
2016/05/24,0,1514000,-1054000,460000
2016/05/25,0,2527000,-1367000,1160000
2016/05/26,0,1760000,-3759000,-1999000
2016/05/27,0,1826000,-1609000,217000
2016/05/30,0,1071000,-1712000,-641000
2016/05/31,0,2001000,-1044000,957000
2016/06/01,0,334000,-1024000,-690000
2016/06/02,0,1993000,-1853000,140000
2016/06/03,0,2467000,-2048000,419000
2016/06/06,0,1129000,-582000,547000
2016/06/07,0,1300000,-3640015,-2340015
2016/06/08,0,2779000,-489000,2290000
2016/06/09,0,0,0,0
2016/06/10,0,0,0,0
2016/06/13,0,730000,-2143000,-1413000
2016/06/14,0,1750000,-866852,883148
2016/06/15,0,1064000,-589000,475000
2016/06/16,0,241000,-2699000,-2458000
2016/06/17,0,985000,-325452,659548
2016/06/20,0,1307000,-233000,1074000
2016/06/21,0,2177000,-282000,1895000
2016/06/22,0,630000,-691000,-61000
2016/06/23,0,276000,-205000,71000
2016/06/24,0,547000,-1833000,-1286000
2016/06/27,0,1180714,-384000,796714
2016/06/28,0,3477000,-644000,2833000
2016/06/29,0,1296000,-3162000,-1866000
2016/06/30,0,685286,-524000,161286
2016/07/01,0,1727000,-416000,1311000
2016/07/04,0,261000,-956000,-695000
2016/07/05,0,515000,-385000,130000
2016/07/06,0,279000,-2731000,-2452000
2016/07/07,0,635000,-518000,117000
2016/07/08,0,0,0,0
2016/07/11,0,670000,-223000,447000
2016/07/12,0,1353978,-465000,888978
2016/07/13,0,482000,-514000,-32000
2016/07/14,0,564000,-256000,308000
2016/07/15,0,669000,-215000,454000
2016/07/18,0,722022,-674000,48022
2016/07/19,0,467000,-535000,-68000
2016/07/20,0,1441000,-574000,867000
2016/07/21,0,391000,-178000,213000
2016/07/22,0,220000,-266000,-46000
2016/07/25,0,465000,-288000,177000
2016/07/26,0,174000,-301000,-127000
2016/07/27,0,1541000,-991000,550000
2016/07/28,0,311000,-826000,-515000
2016/07/29,0,79000,-644000,-565000
2016/08/01,0,206000,-279000,-73000
2016/08/02,0,2090000,-903000,1187000
2016/08/03,0,280000,-861000,-581000
2016/08/04,0,919000,-366000,553000
2016/08/05,0,1793990,-688000,1105990
2016/08/08,0,235000,-296000,-61000
2016/08/09,0,269010,-675000,-405990
2016/08/10,0,174000,-593000,-419000
2016/08/11,0,63000,-615000,-552000
2016/08/12,0,194000,-191000,3000
2016/08/15,0,198000,-252000,-54000
2016/08/16,0,670000,-298000,372000
2016/08/17,0,1334000,-627000,707000
2016/08/18,0,63000,-522000,-459000
2016/08/19,0,52000,-527000,-475000
2016/08/22,0,359000,-1630000,-1271000
2016/08/23,0,429000,-476000,-47000
2016/08/24,0,247000,-377000,-130000
2016/08/25,0,760000,-424000,336000
2016/08/26,0,427000,-175000,252000
2016/08/29,0,191000,-1020000,-829000
2016/08/30,0,265000,-48000,217000
2016/08/31,0,246000,-370000,-124000
2016/09/01,0,430000,-170000,260000
2016/09/02,0,136000,-364000,-228000
2016/09/05,0,620000,-182000,438000
2016/09/06,0,562000,-196000,366000
2016/09/07,0,630000,-524000,106000
2016/09/08,0,95000,-121000,-26000
2016/09/09,0,390000,-211000,179000
2016/09/12,0,89000,-195000,-106000
2016/09/13,0,100000,-404000,-304000
2016/09/14,0,581000,-743000,-162000
2016/09/15,0,0,0,0
2016/09/16,0,0,0,0
2016/09/19,0,3339000,-128000,3211000
2016/09/20,0,320000,-1699000,-1379000
2016/09/21,0,2567000,-741000,1826000
2016/09/22,0,194000,-1886000,-1692000
2016/09/23,0,193000,-385000,-192000
2016/09/26,0,168000,-240000,-72000
2016/09/27,0,0,0,0
2016/09/28,0,0,0,0
2016/09/29,0,2077000,-793000,1284000
2016/09/30,0,982000,-1433000,-451000
2016/10/03,0,313000,-740000,-427000
2016/10/04,0,369000,-208000,161000
2016/10/05,0,179000,-166000,13000
2016/10/06,0,2350000,-137000,2213000
2016/10/07,0,565000,-1681000,-1116000
2016/10/10,0,0,0,0
2016/10/11,0,1615000,-1063000,552000
2016/10/12,0,555000,-1009000,-454000
2016/10/13,0,220000,-1185000,-965000
2016/10/14,0,320000,-499000,-179000
2016/10/17,0,325000,-103000,222000
2016/10/18,0,1170000,-564000,606000
2016/10/19,0,1974000,-1142000,832000
2016/10/20,0,335000,-978000,-643000
2016/10/21,0,239000,-335000,-96000
2016/10/24,0,282000,-214000,68000
2016/10/25,0,143000,-509000,-366000
2016/10/26,0,1392000,-213000,1179000
2016/10/27,0,101000,-850000,-749000
2016/10/28,0,374000,-296000,78000
2016/10/31,0,281000,-431000,-150000
2016/11/01,0,54000,-117000,-63000
2016/11/02,0,674000,-226000,448000
2016/11/03,0,554000,-1585000,-1031000
2016/11/04,0,472000,-200000,272000
2016/11/07,0,151000,-204000,-53000
2016/11/08,0,160000,-105000,55000
2016/11/09,0,165000,-1195000,-1030000
2016/11/10,0,1141000,-41000,1100000
2016/11/11,0,269000,-1015000,-746000
2016/11/14,0,1373000,-766000,607000
2016/11/15,0,344000,-102000,242000
2016/11/16,0,174000,-1648000,-1474000
2016/11/17,0,93000,-263000,-170000
2016/11/18,0,1564000,-444000,1120000
2016/11/21,0,101000,-641000,-540000
2016/11/22,0,322000,-447000,-125000
2016/11/23,0,91000,-166000,-75000
2016/11/24,0,71000,-269000,-198000
2016/11/25,0,103000,-83000,20000
2016/11/28,0,990000,-72794,917206
2016/11/29,0,1281000,-595000,686000
2016/11/30,0,293000,-1032000,-739000
2016/12/01,0,885000,-404000,481000
2016/12/02,0,239000,-885000,-646000
2016/12/05,0,250000,-307000,-57000
2016/12/06,0,518000,-52000,466000
2016/12/07,0,207000,-1007000,-800000
2016/12/08,0,40000,-99000,-59000
2016/12/09,0,583000,-75553,507447
2016/12/12,0,91000,-295000,-204000
2016/12/13,0,54000,-83000,-29000
2016/12/14,0,25000,-101000,-76000
2016/12/15,0,64000,-137000,-73000
2016/12/16,0,80000,-50000,30000
2016/12/19,0,188000,-94000,94000
2016/12/20,0,1176000,-180000,996000
2016/12/21,0,1028000,-470000,558000
2016/12/22,0,63000,-1076000,-1013000
2016/12/23,0,101000,-219000,-118000
2016/12/26,0,33000,-88000,-55000
2016/12/27,0,308000,-211000,97000
2016/12/28,0,270000,-397000,-127000
2016/12/29,0,59000,-195000,-136000
2016/12/30,0,56000,-114000,-58000
2017/01/02,0,0,0,0
2017/01/03,0,52000,-15000,37000
2017/01/04,0,1317000,-80000,1237000
2017/01/05,0,40000,-380000,-340000
2017/01/06,0,59000,-89000,-30000
2017/01/09,0,57000,-586000,-529000
2017/01/10,0,54000,-61000,-7000
2017/01/11,0,450000,-14000,436000
2017/01/12,0,231000,-72000,159000
2017/01/13,0,18000,-174000,-156000
2017/01/16,0,117000,-38000,79000
2017/01/17,0,66000,-38000,28000
2017/01/18,0,610000,-85000,525000
2017/01/19,0,62000,-271000,-209000
2017/01/20,0,36000,-247000,-211000
2017/01/23,0,114000,-167000,-53000
2017/01/24,0,9000,-167000,-158000
2017/01/25,0,0,0,0
2017/01/26,0,0,0,0
2017/01/27,0,0,0,0
2017/01/30,0,0,0,0
2017/01/31,0,0,0,0
2017/02/01,0,0,0,0
2017/02/02,0,57000,-523000,-466000
2017/02/03,0,56000,-63000,-7000
2017/02/06,0,360000,-25000,335000
2017/02/07,0,267000,-488000,-221000
2017/02/08,0,94000,-162000,-68000
2017/02/09,0,355000,-64000,291000
2017/02/10,0,279000,-240000,39000
2017/02/13,0,90000,-199000,-109000
2017/02/14,0,142000,-414000,-272000
2017/02/15,0,5206000,-2924000,2282000
2017/02/16,0,125000,-1704000,-1579000
2017/02/17,0,38000,-779000,-741000
2017/02/20,0,3192000,-988000,2204000
2017/02/21,0,138000,-1491000,-1353000
2017/02/22,0,151000,-356000,-205000
2017/02/23,0,110000,-259000,-149000
2017/02/24,0,249000,-144000,105000
2017/02/27,0,0,0,0
2017/02/28,0,0,0,0
2017/03/01,0,54000,-360000,-306000
2017/03/02,0,164000,-130000,34000
2017/03/03,0,486000,-107000,379000
2017/03/06,0,198000,-1685000,-1487000
2017/03/07,0,483000,-144000,339000
2017/03/08,0,172000,-56000,116000
2017/03/09,0,144000,-103000,41000
2017/03/10,0,395000,-368000,27000
2017/03/13,0,158000,-17000,141000
2017/03/14,0,732000,-30000,702000
2017/03/15,0,3841000,-106000,3735000
2017/03/16,0,149000,-105000,44000
2017/03/17,0,144000,-605000,-461000
2017/03/20,0,703000,-168000,535000
2017/03/21,0,69000,-768000,-699000
2017/03/22,0,203000,-415000,-212000
2017/03/23,0,1485000,-388000,1097000
2017/03/24,0,90000,-916000,-826000
2017/03/27,0,12000,-158000,-146000
2017/03/28,0,1379000,-287000,1092000
2017/03/29,0,206000,-651000,-445000
2017/03/30,0,137000,-358000,-221000
2017/03/31,0,159000,-338000,-179000
2017/04/03,0,0,0,0
2017/04/04,0,0,0,0
2017/04/05,0,922000,-84000,838000
2017/04/06,0,257000,-295000,-38000
2017/04/07,0,246000,-501000,-255000
2017/04/10,0,51000,-364000,-313000
2017/04/11,0,60000,-200000,-140000
2017/04/12,0,11000,-86000,-75000
2017/04/13,0,12000,-24000,-12000
2017/04/14,0,249000,-129000,120000
2017/04/17,0,152000,-402000,-250000
2017/04/18,0,474000,-426000,48000
2017/04/19,0,321000,-2639000,-2318000
2017/04/20,0,196000,-74000,122000
2017/04/21,0,70000,-10000,60000
2017/04/24,0,202000,-64000,138000
2017/04/25,0,121000,-79000,42000
2017/04/26,0,83000,-70000,13000
2017/04/27,0,241000,-54000,187000
2017/04/28,0,308000,-166000,142000
2017/05/01,0,0,0,0
2017/05/02,0,21000,-387000,-366000
2017/05/03,0,95000,-5000,90000
2017/05/04,0,29000,-75000,-46000
2017/05/05,0,30000,-44000,-14000
2017/05/08,0,17000,-234000,-217000
2017/05/09,0,377000,-717980,-340980
2017/05/10,0,1755000,-134000,1621000
2017/05/11,0,207000,-210000,-3000
2017/05/12,0,1888000,-537000,1351000
2017/05/15,0,18000,-519000,-501000
2017/05/16,0,12000,-550000,-538000
2017/05/17,0,627000,-435000,192000
2017/05/18,0,239000,-331000,-92000
2017/05/19,0,129000,-276000,-147000
2017/05/22,0,93000,-44000,49000
2017/05/23,0,40000,-85000,-45000
2017/05/24,0,206000,-43000,163000
2017/05/25,0,296000,-48685,247315
2017/05/26,0,368000,-80000,288000
2017/05/29,0,0,0,0
2017/05/30,0,0,0,0
2017/05/31,0,1844000,-308000,1536000
2017/06/01,0,123000,-295000,-172000
2017/06/02,0,111000,-144000,-33000
2017/06/05,0,130000,-58000,72000
2017/06/06,0,439000,-150270,288730
2017/06/07,0,139000,-350000,-211000
2017/06/08,0,61000,-575000,-514000
2017/06/09,0,139000,-43000,96000
2017/06/12,0,43000,-181000,-138000
2017/06/13,0,90000,-17000,73000
2017/06/14,0,57000,-473000,-416000
2017/06/15,0,84000,-81000,3000
2017/06/16,0,64000,-208000,-144000
2017/06/19,0,85000,-44000,41000
2017/06/20,0,156000,-33000,123000
2017/06/21,0,39000,-404000,-365000
2017/06/22,0,47000,-100000,-53000
2017/06/23,0,85000,-158000,-73000
2017/06/26,0,136000,-48000,88000
2017/06/27,0,3466000,-293000,3173000
2017/06/28,0,204000,-1893000,-1689000
2017/06/29,0,87000,-518000,-431000
2017/06/30,0,95000,-224000,-129000
2017/07/03,0,47000,-37000,10000
2017/07/04,0,87000,-267000,-180000
2017/07/05,0,65000,-136000,-71000
2017/07/06,0,152000,-223000,-71000
2017/07/07,0,353000,-385000,-32000
2017/07/10,0,50000,-556000,-506000
2017/07/11,0,239000,-47000,192000
2017/07/12,0,151000,-47000,104000
2017/07/13,0,32000,-78000,-46000
2017/07/14,0,163000,-52000,111000
2017/07/17,0,409000,-125000,284000
2017/07/18,0,81000,-196000,-115000
2017/07/19,0,345000,-91000,254000
2017/07/20,0,381000,-117000,264000
2017/07/21,0,104000,-417000,-313000
2017/07/24,0,14000,-131000,-117000
2017/07/25,0,421000,-62000,359000
2017/07/26,0,38000,-545000,-507000
2017/07/27,0,172000,-42000,130000
2017/07/28,0,29000,-217000,-188000
2017/07/31,0,122000,-26000,96000
2017/08/01,0,420000,-63000,357000
2017/08/02,0,559000,-169000,390000
2017/08/03,0,64000,-781000,-717000
2017/08/04,0,186000,-23000,163000
2017/08/07,0,34000,-81000,-47000
2017/08/08,0,389000,-117000,272000
2017/08/09,0,44000,-614000,-570000
2017/08/10,0,293000,-129000,164000
2017/08/11,0,80000,-215000,-135000
2017/08/14,0,145000,-2816000,-2671000
2017/08/15,0,2475000,-1042000,1433000
2017/08/16,0,321000,-297000,24000
2017/08/17,0,51000,-39000,12000
2017/08/18,0,257000,-298000,-41000
