Date,Open,Buy,Sell,Total
2007/01/02,0,670000,-1053000,-383000
2007/01/03,0,1994000,-2061600,-67600
2007/01/04,0,2801800,-1321240,1480560
2007/01/05,0,1543535,-910800,632735
2007/01/08,0,831165,-3029096,-2197931
2007/01/09,0,948100,-2344100,-1396000
2007/01/10,0,535000,-7545680,-7010680
2007/01/11,0,2920000,-13499400,-10579400
2007/01/12,0,3205000,-12117344,-8912344
2007/01/15,0,800900,-1617867,-816967
2007/01/16,0,387626,-1982938,-1595312
2007/01/17,0,961000,-1020200,-59200
2007/01/18,0,1258311,-2451784,-1193473
2007/01/19,0,158000,-916382,-758382
2007/01/22,0,880000,-5522200,-4642200
2007/01/23,0,2142813,-5728031,-3585218
2007/01/24,0,1324000,-1178560,145440
2007/01/25,0,600000,-360200,239800
2007/01/26,0,175000,-893200,-718200
2007/01/29,0,260000,-686200,-426200
2007/01/30,0,127000,-800416,-673416
2007/01/31,0,2015000,-2183812,-168812
2007/02/01,0,1781800,-215600,1566200
2007/02/02,0,777140,-2222980,-1445840
2007/02/05,0,447600,-1154916,-707316
2007/02/06,0,456100,-2500800,-2044700
2007/02/07,0,1746700,-1894400,-147700
2007/02/08,0,426461,-1905832,-1479371
2007/02/09,0,456000,-1515650,-1059650
2007/02/12,0,1170100,-602600,567500
2007/02/13,0,2843000,-745400,2097600
2007/02/14,0,2610800,-805680,1805120
2007/02/15,0,0,0,0
2007/02/16,0,0,0,0
2007/02/19,0,0,0,0
2007/02/20,0,0,0,0
2007/02/21,0,0,0,0
2007/02/22,0,0,0,0
2007/02/23,0,0,0,0
2007/02/26,0,1328700,-2995876,-1667176
2007/02/27,0,854320,-894232,-39912
2007/02/28,0,0,0,0
2007/03/01,0,1163000,-2663900,-1500900
2007/03/02,0,511000,-1850150,-1339150
2007/03/05,0,515000,-2225463,-1710463
2007/03/06,0,562000,-1050528,-488528
2007/03/07,0,408500,-1734058,-1325558
2007/03/08,0,1222060,-2210700,-988640
2007/03/09,0,267000,-1097000,-830000
2007/03/12,0,1234000,-1083444,150556
2007/03/13,0,1359000,-792334,566666
2007/03/14,0,650000,-2731480,-2081480
2007/03/15,0,622000,-717500,-95500
2007/03/16,0,2860000,-711205,2148795
2007/03/19,0,2728000,-251000,2477000
2007/03/20,0,1169000,-432600,736400
2007/03/21,0,799000,-365700,433300
2007/03/22,0,537000,-252000,285000
2007/03/23,0,264500,-125973,138527
2007/03/26,0,236000,-199250,36750
2007/03/27,0,1882400,-223188,1659212
2007/03/28,0,845000,-658000,187000
2007/03/29,0,1636000,-1521118,114882
2007/03/30,0,937710,-339000,598710
2007/04/02,0,284000,-875000,-591000
2007/04/03,0,664200,-408700,255500
2007/04/04,0,814000,-1414790,-600790
2007/04/05,0,0,0,0
2007/04/06,0,0,0,0
2007/04/09,0,1741000,-984030,756970
2007/04/10,0,1953659,-2063240,-109581
2007/04/11,0,1699000,-990400,708600
2007/04/12,0,506600,-464600,42000
2007/04/13,0,303000,-161875,141125
2007/04/16,0,297000,-339030,-42030
2007/04/17,0,312398,-800800,-488402
2007/04/18,0,173000,-667900,-494900
2007/04/19,0,327000,-575000,-248000
2007/04/20,0,109000,-92000,17000
2007/04/23,0,420000,-1083000,-663000
2007/04/24,0,330000,-1112000,-782000
2007/04/25,0,469000,-944100,-475100
2007/04/26,0,1041120,-381500,659620
2007/04/27,0,926000,-180000,746000
2007/04/30,0,333000,-367800,-34800
2007/05/01,0,0,0,0
2007/05/02,0,498000,-301000,197000
2007/05/03,0,4234000,-851000,3383000
2007/05/04,0,1896000,-794000,1102000
2007/05/07,0,1047000,-252000,795000
2007/05/08,0,821200,-582636,238564
2007/05/09,0,888000,-1851600,-963600
2007/05/10,0,1609025,-273000,1336025
2007/05/11,0,1369000,-734800,634200
2007/05/14,0,351000,-743000,-392000
2007/05/15,0,111000,-818000,-707000
2007/05/16,0,534000,-487500,46500
2007/05/17,0,419000,-971000,-552000
2007/05/18,0,1132000,-895000,237000
2007/05/21,0,490000,-89000,401000
2007/05/22,0,2256000,-927400,1328600
2007/05/23,0,2095000,-309000,1786000
2007/05/24,0,1805500,-250400,1555100
2007/05/25,0,393000,-408000,-15000
2007/05/28,0,889000,-400000,489000
2007/05/29,0,948350,-33880,914470
2007/05/30,0,1123000,-871000,252000
2007/05/31,0,1946000,-728800,1217200
2007/06/01,0,2541000,-657000,1884000
2007/06/04,0,684000,-549000,135000
2007/06/05,0,1498000,-514000,984000
2007/06/06,0,2053500,-891400,1162100
2007/06/07,0,1558700,-863418,695282
2007/06/08,0,1158000,-1323000,-165000
2007/06/11,0,3084000,-1051000,2033000
2007/06/12,0,581500,-739840,-158340
2007/06/13,0,259000,-382000,-123000
2007/06/14,0,454000,-307800,146200
2007/06/15,0,754000,-195100,558900
2007/06/18,0,0,0,0
2007/06/19,0,0,0,0
2007/06/20,0,1024500,-1364001,-339501
2007/06/21,0,2977000,-3843400,-866400
2007/06/22,0,4444000,-820000,3624000
2007/06/25,0,3387000,-3175000,212000
2007/06/26,0,2745159,-6011181,-3266022
2007/06/27,0,278000,-2949900,-2671900
2007/06/28,0,492000,-1911444,-1419444
2007/06/29,0,604000,-2680800,-2076800
2007/07/02,0,553000,-6515000,-5962000
2007/07/03,0,1256400,-4537892,-3281492
2007/07/04,0,923448,-2539600,-1616152
2007/07/05,0,573000,-1265800,-692800
2007/07/06,0,1033500,-475800,557700
2007/07/09,0,1473840,-535880,937960
2007/07/10,0,1885461,-630900,1254561
2007/07/11,0,554400,-184000,370400
2007/07/12,0,1174000,-129500,1044500
2007/07/13,0,299000,-406500,-107500
2007/07/16,0,109000,-526360,-417360
2007/07/17,0,592000,-299725,292275
2007/07/18,0,235000,-743830,-508830
2007/07/19,0,154000,-529400,-375400
2007/07/20,0,155000,-408600,-253600
2007/07/23,0,435000,-338000,97000
2007/07/24,0,1650000,-378700,1271300
2007/07/25,0,1911000,-2111800,-200800
2007/07/26,0,4172000,-1685075,2486925
2007/07/27,0,738000,-2537000,-1799000
2007/07/30,0,894000,-1259765,-365765
2007/07/31,0,1390000,-2000600,-610600
2007/08/01,0,528000,-1928000,-1400000
2007/08/02,0,317950,-1494000,-1176050
2007/08/03,0,219400,-354000,-134600
2007/08/06,0,649000,-679000,-30000
2007/08/07,0,1736000,-799760,936240
2007/08/08,0,651000,-1069800,-418800
2007/08/09,0,867000,-537300,329700
2007/08/10,0,945000,-1603900,-658900
2007/08/13,0,4051000,-2328000,1723000
2007/08/14,0,298000,-2495600,-2197600
2007/08/15,0,166000,-1108000,-942000
2007/08/16,0,385150,-3347041,-2961891
2007/08/17,0,219030,-1798799,-1579769
2007/08/20,0,815000,-1026001,-211001
2007/08/21,0,595000,-1381000,-786000
2007/08/22,0,743330,-1508992,-765662
2007/08/23,0,1323250,-692000,631250
2007/08/24,0,68000,-672800,-604800
2007/08/27,0,1159000,-181000,978000
2007/08/28,0,455500,-1069818,-614318
2007/08/29,0,731000,-1653400,-922400
2007/08/30,0,353000,-412600,-59600
2007/08/31,0,851000,-522000,329000
2007/09/03,0,2718000,-593000,2125000
2007/09/04,0,1635414,-417500,1217914
2007/09/05,0,1134840,-904000,230840
2007/09/06,0,1528020,-540600,987420
2007/09/07,0,1157400,-1102499,54901
2007/09/10,0,929030,-3346308,-2417278
2007/09/11,0,759542,-1506660,-747118
2007/09/12,0,898700,-339360,559340
2007/09/13,0,538000,-371000,167000
2007/09/14,0,905500,-116120,789380
2007/09/17,0,1184075,-970360,213715
2007/09/18,0,0,0,0
2007/09/19,0,4744359,-2306700,2437659
2007/09/20,0,2167717,-1453640,714077
2007/09/21,0,710500,-1233120,-522620
2007/09/24,0,0,0,0
2007/09/25,0,0,0,0
2007/09/26,0,2082080,-3522440,-1440360
2007/09/27,0,2499000,-2172820,326180
2007/09/28,0,1724000,-1131160,592840
2007/10/01,0,1453000,-1061910,391090
2007/10/02,0,5153700,-1490584,3663116
2007/10/03,0,7222977,-2832382,4390595
2007/10/04,0,5825000,-2606788,3218212
2007/10/05,0,8771500,-1734440,7037060
2007/10/08,0,2992000,-1332500,1659500
2007/10/09,0,2678030,-988484,1689546
2007/10/10,0,0,0,0
2007/10/11,0,4871000,-2379700,2491300
2007/10/12,0,666700,-951610,-284910
2007/10/15,0,697400,-528300,169100
2007/10/16,0,1668000,-1055716,612284
2007/10/17,0,1145000,-952400,192600
2007/10/18,0,834000,-278037,555963
2007/10/19,0,1571550,-136370,1435180
2007/10/22,0,3206200,-1763400,1442800
2007/10/23,0,4577000,-972500,3604500
2007/10/24,0,3210983,-1658300,1552683
2007/10/25,0,869106,-1616928,-747822
2007/10/26,0,3790218,-1485300,2304918
2007/10/29,0,1124000,-1937000,-813000
2007/10/30,0,771000,-2011960,-1240960
2007/10/31,0,1204080,-4990880,-3786800
2007/11/01,0,1355322,-3186800,-1831478
2007/11/02,0,842130,-2422000,-1579870
2007/11/05,0,760000,-1606872,-846872
2007/11/06,0,1370700,-1830770,-460070
2007/11/07,0,2281706,-2666200,-384494
2007/11/08,0,924020,-1221100,-297080
2007/11/09,0,1467900,-914400,553500
2007/11/12,0,1036000,-2152412,-1116412
2007/11/13,0,633500,-1214320,-580820
2007/11/14,0,2247000,-555650,1691350
2007/11/15,0,535850,-558470,-22620
2007/11/16,0,589886,-1131000,-541114
2007/11/19,0,1024202,-324257,699945
2007/11/20,0,2324000,-1619610,704390
2007/11/21,0,630000,-3182302,-2552302
2007/11/22,0,1917000,-2380756,-463756
2007/11/23,0,1239200,-1439600,-200400
2007/11/26,0,1786000,-2828000,-1042000
2007/11/27,0,2779000,-1111500,1667500
2007/11/28,0,1596000,-1046416,549584
2007/11/29,0,1725000,-562374,1162626
2007/11/30,0,1537372,-975184,562188
2007/12/03,0,824955,-1145579,-320624
2007/12/04,0,885957,-813580,72377
2007/12/05,0,1804000,-1055000,749000
2007/12/06,0,3095600,-687920,2407680
2007/12/07,0,4512000,-1751998,2760002
2007/12/10,0,1277799,-1804200,-526401
2007/12/11,0,968000,-1225128,-257128
2007/12/12,0,1468000,-1242600,225400
2007/12/13,0,2237000,-1512740,724260
2007/12/14,0,2941120,-1158760,1782360
2007/12/17,0,2886200,-4379496,-1493296
2007/12/18,0,3593273,-7739129,-4145856
2007/12/19,0,3358000,-1334521,2023479
2007/12/20,0,2190000,-1228000,962000
2007/12/21,0,1784000,-267400,1516600
2007/12/24,0,3569000,-1188900,2380100
2007/12/25,0,485000,-18000,467000
2007/12/26,0,1115600,-105000,1010600
2007/12/27,0,1196500,-373200,823300
2007/12/28,0,748000,-1484900,-736900
2007/12/31,0,988000,-205100,782900
2008/01/01,0,0,0,0
2008/01/02,0,232859,-1636167,-1403308
2008/01/03,0,3052000,-2771400,280600
2008/01/04,0,2380200,-2709400,-329200
2008/01/07,0,2963250,-2866478,96772
2008/01/08,0,3532000,-1229705,2302295
2008/01/09,0,4710000,-4988942,-278942
2008/01/10,0,2915000,-1352937,1562063
2008/01/11,0,3128645,-2043514,1085131
2008/01/14,0,2826000,-1213555,1612445
2008/01/15,0,3139000,-1553023,1585977
2008/01/16,0,2247136,-2719400,-472264
2008/01/17,0,2501800,-1317897,1183903
2008/01/18,0,1971352,-775707,1195645
2008/01/21,0,3197000,-812040,2384960
2008/01/22,0,4992000,-4859000,133000
2008/01/23,0,2954500,-1456096,1498404
2008/01/24,0,4842100,-2673200,2168900
2008/01/25,0,3306000,-833400,2472600
2008/01/28,0,967000,-1679004,-712004
2008/01/29,0,1599300,-612096,987204
2008/01/30,0,2895345,-2253000,642345
2008/01/31,0,6407000,-1118000,5289000
2008/02/01,0,4215000,-913412,3301588
2008/02/04,0,0,0,0
2008/02/05,0,0,0,0
2008/02/06,0,0,0,0
2008/02/07,0,0,0,0
2008/02/08,0,0,0,0
2008/02/11,0,0,0,0
2008/02/12,0,6571537,-2190920,4380617
2008/02/13,0,8365152,-2822376,5542776
2008/02/14,0,4096000,-274000,3822000
2008/02/15,0,1558000,-892850,665150
2008/02/18,0,2807000,-532020,2274980
2008/02/19,0,2190000,-1499731,690269
2008/02/20,0,4902400,-1828000,3074400
2008/02/21,0,4352880,-745095,3607785
2008/02/22,0,2815000,-1327800,1487200
2008/02/25,0,3181000,-656931,2524069
2008/02/26,0,2268000,-840250,1427750
2008/02/27,0,2611000,-2590400,20600
2008/02/28,0,0,0,0
2008/02/29,0,3169867,-4466800,-1296933
2008/03/03,0,1835487,-2835588,-1000101
2008/03/04,0,1590000,-1752969,-162969
2008/03/05,0,2062000,-1128000,934000
2008/03/06,0,3058012,-576942,2481070
2008/03/07,0,1100000,-1135000,-35000
2008/03/10,0,1185000,-2163090,-978090
2008/03/11,0,1715700,-2730747,-1015047
2008/03/12,0,1183137,-735742,447395
2008/03/13,0,1845100,-2109955,-264855
2008/03/14,0,702030,-1608166,-906136
2008/03/17,0,2131000,-3715000,-1584000
2008/03/18,0,1167288,-1308993,-141705
2008/03/19,0,1080000,-1320796,-240796
2008/03/20,0,2998000,-4426994,-1428994
2008/03/21,0,1937524,-647690,1289834
2008/03/24,0,2063000,-756000,1307000
2008/03/25,0,3242300,-444684,2797616
2008/03/26,0,1841000,-928591,912409
2008/03/27,0,1488764,-4315071,-2826307
2008/03/28,0,2331444,-1065700,1265744
2008/03/31,0,1467577,-1111000,356577
2008/04/01,0,1467780,-2196018,-728238
2008/04/02,0,2669200,-1165000,1504200
2008/04/03,0,2757000,-2822528,-65528
2008/04/04,0,0,0,0
2008/04/07,0,1354000,-2543000,-1189000
2008/04/08,0,2927859,-1278040,1649819
2008/04/09,0,3283000,-1124000,2159000
2008/04/10,0,1555000,-684352,870648
2008/04/11,0,3459000,-929799,2529201
2008/04/14,0,2116000,-2190950,-74950
2008/04/15,0,599000,-718081,-119081
2008/04/16,0,2745500,-2042995,702505
2008/04/17,0,2059000,-2740500,-681500
2008/04/18,0,1697000,-5951436,-4254436
2008/04/21,0,2128500,-2990657,-862157
2008/04/22,0,1524000,-3160664,-1636664
2008/04/23,0,1316500,-2092189,-775689
2008/04/24,0,1898000,-1578000,320000
2008/04/25,0,1882000,-4161871,-2279871
2008/04/28,0,2104000,-2771200,-667200
2008/04/29,0,2310700,-4267200,-1956500
2008/04/30,0,748600,-1211180,-462580
2008/05/01,0,0,0,0
2008/05/02,0,2050435,-1627900,422535
2008/05/05,0,3180500,-1127600,2052900
2008/05/06,0,1620970,-496470,1124500
2008/05/07,0,2263836,-1779181,484655
2008/05/08,0,1002000,-2964504,-1962504
2008/05/09,0,2118000,-1011000,1107000
2008/05/12,0,2602000,-1363350,1238650
2008/05/13,0,3036000,-1341000,1695000
2008/05/14,0,1157254,-2964384,-1807130
2008/05/15,0,2471000,-1087242,1383758
2008/05/16,0,4633000,-1020992,3612008
2008/05/19,0,3127180,-2377560,749620
2008/05/20,0,2247000,-2371928,-124928
2008/05/21,0,2311300,-3241880,-930580
2008/05/22,0,1062700,-1932998,-870298
2008/05/23,0,1289000,-991013,297987
2008/05/26,0,2491050,-3023000,-531950
2008/05/27,0,1881000,-3866126,-1985126
2008/05/28,0,4240060,-3626933,613127
2008/05/29,0,6013000,-1507000,4506000
2008/05/30,0,3832000,-1649930,2182070
2008/06/02,0,4573780,-1675000,2898780
2008/06/03,0,3107432,-3604518,-497086
2008/06/04,0,2319000,-2107553,211447
2008/06/05,0,1757400,-989267,768133
2008/06/06,0,2447000,-1856435,590565
2008/06/09,0,990000,-1701077,-711077
2008/06/10,0,7772000,-8680200,-908200
2008/06/11,0,9176000,-8020715,1155285
2008/06/12,0,4938000,-5222469,-284469
2008/06/13,0,4523940,-4724118,-200178
2008/06/16,0,3190400,-3252900,-62500
2008/06/17,0,3939264,-4357300,-418036
2008/06/18,0,3303730,-1900421,1403309
2008/06/19,0,1950000,-2449200,-499200
2008/06/20,0,2377895,-2670504,-292609
2008/06/23,0,2160850,-2169870,-9020
2008/06/24,0,521050,-1929000,-1407950
2008/06/25,0,2450630,-4191959,-1741329
2008/06/26,0,4330106,-4012689,317417
2008/06/27,0,3087145,-1866883,1220262
2008/06/30,0,1960600,-1667000,293600
2008/07/01,0,2096892,-1551192,545700
2008/07/02,0,1397561,-2460223,-1062662
2008/07/03,0,786000,-1584000,-798000
2008/07/04,0,651100,-1939594,-1288494
2008/07/07,0,2721500,-3153833,-432333
2008/07/08,0,1893000,-3349300,-1456300
2008/07/09,0,2996000,-3608583,-612583
2008/07/10,0,2705260,-1723604,981656
2008/07/11,0,2009641,-1633100,376541
2008/07/14,0,2755000,-3100148,-345148
2008/07/15,0,2070000,-6443207,-4373207
2008/07/16,0,2429095,-4146978,-1717883
2008/07/17,0,3660000,-5745092,-2085092
2008/07/18,0,1896000,-2648900,-752900
2008/07/21,0,2557160,-4354637,-1797477
2008/07/22,0,617110,-1823677,-1206567
2008/07/23,0,1315000,-7269640,-5954640
2008/07/24,0,3620000,-1564200,2055800
2008/07/25,0,917005,-2866000,-1948995
2008/07/28,0,0,0,0
2008/07/29,0,1554100,-4192300,-2638200
2008/07/30,0,827050,-3567180,-2740130
2008/07/31,0,1700500,-2398200,-697700
2008/08/01,0,3819000,-1119450,2699550
2008/08/04,0,994409,-900325,94084
2008/08/05,0,4837000,-3704400,1132600
2008/08/06,0,6388400,-2961000,3427400
2008/08/07,0,1931000,-1186000,745000
2008/08/08,0,3621200,-1287000,2334200
2008/08/11,0,3543200,-2003696,1539504
2008/08/12,0,2459500,-1213691,1245809
2008/08/13,0,438000,-736700,-298700
2008/08/14,0,2057100,-2637631,-580531
2008/08/15,0,2900872,-1634705,1266167
2008/08/18,0,1118000,-1379539,-261539
2008/08/19,0,2609020,-6566624,-3957604
2008/08/20,0,5281800,-6550582,-1268782
2008/08/21,0,1114153,-992600,121553
2008/08/22,0,2544004,-1312367,1231637
2008/08/25,0,1058000,-249950,808050
2008/08/26,0,2852000,-1066090,1785910
2008/08/27,0,5954100,-2409156,3544944
2008/08/28,0,4871000,-2029000,2842000
2008/08/29,0,3772068,-3962779,-190711
2008/09/01,0,2402350,-3577924,-1175574
2008/09/02,0,2434500,-2337000,97500
2008/09/03,0,1812634,-928973,883661
2008/09/04,0,1012371,-3539413,-2527042
2008/09/05,0,1082000,-5731292,-4649292
2008/09/08,0,1758000,-2322122,-564122
2008/09/09,0,1411500,-1375878,35622
2008/09/10,0,923225,-1198100,-274875
2008/09/11,0,526000,-1351626,-825626
2008/09/12,0,1645100,-5543553,-3898453
2008/09/15,0,4301274,-2077000,2224274
2008/09/16,0,1826486,-2126978,-300492
2008/09/17,0,1260000,-2187077,-927077
2008/09/18,0,20377888,-17383800,2994088
2008/09/19,0,6051399,-6403038,-351639
2008/09/22,0,1794259,-2459612,-665353
2008/09/23,0,4008592,-2406812,1601780
2008/09/24,0,1618738,-3326119,-1707381
2008/09/25,0,889410,-1153141,-263731
2008/09/26,0,2000000,-7043053,-5043053
2008/09/29,0,0,0,0
2008/09/30,0,3308800,-1962175,1346625
2008/10/01,0,4495010,-6697347,-2202337
2008/10/02,0,3600301,-2772900,827401
2008/10/03,0,5696799,-10435733,-4738934
2008/10/06,0,2861000,-4165530,-1304530
2008/10/07,0,2931400,-3322600,-391200
2008/10/08,0,2556163,-1743860,812303
2008/10/09,0,3755966,-4185034,-429068
2008/10/10,0,0,0,0
2008/10/13,0,1738000,-2780784,-1042784
2008/10/14,0,4208000,-4758086,-550086
2008/10/15,0,4806327,-2147750,2658577
2008/10/16,0,2939800,-3116000,-176200
2008/10/17,0,2118420,-1346080,772340
2008/10/20,0,2027000,-947000,1080000
2008/10/21,0,3481000,-2183864,1297136
2008/10/22,0,1209000,-4202000,-2993000
2008/10/23,0,384000,-556000,-172000
2008/10/24,0,1483000,-2088000,-605000
2008/10/27,0,196000,-1894600,-1698600
2008/10/28,0,1992000,-7220916,-5228916
2008/10/29,0,4045624,-2514058,1531566
2008/10/30,0,1990000,-2007456,-17456
2008/10/31,0,6678000,-5895459,782541
2008/11/03,0,3838610,-4383100,-544490
2008/11/04,0,3887143,-4293898,-406755
2008/11/05,0,3437000,-2993300,443700
2008/11/06,0,2863000,-3919276,-1056276
2008/11/07,0,3425350,-3659591,-234241
2008/11/10,0,1429000,-1575957,-146957
2008/11/11,0,1961700,-1515705,445995
2008/11/12,0,5733100,-4802688,930412
2008/11/13,0,2217000,-3733400,-1516400
2008/11/14,0,2463000,-1574594,888406
2008/11/17,0,2099700,-2120315,-20615
2008/11/18,0,1013600,-2103700,-1090100
2008/11/19,0,1246900,-5073263,-3826363
2008/11/20,0,2432040,-2215097,216943
2008/11/21,0,2769000,-2457141,311859
2008/11/24,0,3860000,-1074520,2785480
2008/11/25,0,2061600,-1630582,431018
2008/11/26,0,2889800,-489757,2400043
2008/11/27,0,1783607,-902213,881394
2008/11/28,0,1743000,-146064,1596936
2008/12/01,0,1574550,-876550,698000
2008/12/02,0,2260500,-1407000,853500
2008/12/03,0,2734600,-2076450,658150
2008/12/04,0,1338200,-1852210,-514010
2008/12/05,0,3503050,-2633808,869242
2008/12/08,0,3389000,-3386380,2620
2008/12/09,0,8118275,-4553518,3564757
2008/12/10,0,6239000,-4882740,1356260
2008/12/11,0,2389567,-1040400,1349167
2008/12/12,0,817000,-1485600,-668600
2008/12/15,0,1858000,-607700,1250300
2008/12/16,0,1065000,-320000,745000
2008/12/17,0,2954000,-1581483,1372517
2008/12/18,0,1256800,-1237870,18930
2008/12/19,0,993000,-1747377,-754377
2008/12/22,0,1125872,-779000,346872
2008/12/23,0,1105100,-650000,455100
2008/12/24,0,511000,-1026800,-515800
2008/12/25,0,180000,-1003470,-823470
2008/12/26,0,561000,-898000,-337000
2008/12/29,0,521000,-549221,-28221
2008/12/30,0,1071000,-675300,395700
2008/12/31,0,375010,-371000,4010
2009/01/01,0,0,0,0
2009/01/02,0,0,0,0
2009/01/05,0,1931858,-1918808,13050
2009/01/06,0,2505400,-2408469,96931
2009/01/07,0,4723000,-4084708,638292
2009/01/08,0,2008005,-3294164,-1286159
2009/01/09,0,1442480,-1241270,201210
2009/01/12,0,1650802,-1825700,-174898
2009/01/13,0,1332406,-1989942,-657536
2009/01/14,0,4290400,-5086410,-796010
2009/01/15,0,1128010,-2026900,-898890
2009/01/16,0,1091000,-1917643,-826643
2009/01/19,0,3033260,-2766190,267070
2009/01/20,0,1959000,-2315300,-356300
2009/01/21,0,7785701,-7402525,383176
2009/01/22,0,0,0,0
2009/01/23,0,0,0,0
2009/01/26,0,0,0,0
2009/01/27,0,0,0,0
2009/01/28,0,0,0,0
2009/01/29,0,0,0,0
2009/01/30,0,0,0,0
2009/02/02,0,5269000,-3517563,1751437
2009/02/03,0,4681486,-3548460,1133026
2009/02/04,0,5747000,-4522625,1224375
2009/02/05,0,3114000,-7389248,-4275248
2009/02/06,0,4548600,-2597700,1950900
2009/02/09,0,8946000,-814056,8131944
2009/02/10,0,5092467,-1187121,3905346
2009/02/11,0,3855104,-1095120,2759984
2009/02/12,0,4048300,-2539243,1509057
2009/02/13,0,2984873,-2179795,805078
2009/02/16,0,1774000,-1917723,-143723
2009/02/17,0,1356670,-2615829,-1259159
2009/02/18,0,2135217,-2688900,-553683
2009/02/19,0,1735850,-1695450,40400
2009/02/20,0,1756691,-2187544,-430853
2009/02/23,0,3166700,-1676700,1490000
2009/02/24,0,927700,-1276050,-348350
2009/02/25,0,1517000,-1375242,141758
2009/02/26,0,1172800,-934630,238170
2009/02/27,0,2278774,-3103795,-825021
2009/03/02,0,1629050,-2170698,-541648
2009/03/03,0,967766,-1748900,-781134
2009/03/04,0,2124128,-1479298,644830
2009/03/05,0,2873029,-1450339,1422690
2009/03/06,0,2124090,-1413005,711085
2009/03/09,0,1361604,-3486530,-2124926
2009/03/10,0,1093000,-2080230,-987230
2009/03/11,0,1077985,-2053600,-975615
2009/03/12,0,1581000,-1296000,285000
2009/03/13,0,5339000,-1803050,3535950
2009/03/16,0,2111688,-789500,1322188
2009/03/17,0,1403000,-431770,971230
2009/03/18,0,1637900,-777439,860461
2009/03/19,0,3995000,-1117446,2877554
2009/03/20,0,3231950,-2283718,948232
2009/03/23,0,1200107,-1908664,-708557
2009/03/24,0,1802000,-5009861,-3207861
2009/03/25,0,3823000,-3399594,423406
2009/03/26,0,2260000,-905500,1354500
2009/03/27,0,3886000,-3127000,759000
2009/03/30,0,1469000,-1355850,113150
2009/03/31,0,2045200,-1656251,388949
2009/04/01,0,1347879,-1351509,-3630
2009/04/02,0,2139741,-915347,1224394
2009/04/03,0,2520101,-2106070,414031
2009/04/06,0,1987700,-2528600,-540900
2009/04/07,0,1126872,-4925202,-3798330
2009/04/08,0,3278696,-4203000,-924304
2009/04/09,0,3868024,-1843114,2024910
2009/04/10,0,2005000,-365000,1640000
2009/04/13,0,847000,-600000,247000
2009/04/14,0,2537241,-5171342,-2634101
2009/04/15,0,2403000,-1983900,419100
2009/04/16,0,4660058,-1731158,2928900
2009/04/17,0,1774759,-1289270,485489
2009/04/20,0,1507540,-1068000,439540
2009/04/21,0,1862000,-2150387,-288387
2009/04/22,0,923000,-623000,300000
2009/04/23,0,1554590,-1898453,-343863
2009/04/24,0,1758448,-1929164,-170716
2009/04/27,0,2382000,-1229647,1152353
2009/04/28,0,1928300,-1568000,360300
2009/04/29,0,2414500,-1725108,689392
2009/04/30,0,4454000,-1783484,2670516
2009/05/01,0,0,0,0
2009/05/04,0,4229400,-942000,3287400
2009/05/05,0,2802373,-2683700,118673
2009/05/06,0,3208350,-7826800,-4618450
2009/05/07,0,3567000,-9470856,-5903856
2009/05/08,0,6530025,-6297439,232586
2009/05/11,0,5762500,-2753783,3008717
2009/05/12,0,3275719,-2805300,470419
2009/05/13,0,1864629,-1999300,-134671
2009/05/14,0,2009210,-1356180,653030
2009/05/15,0,3007232,-4015900,-1008668
2009/05/18,0,1580000,-1512000,68000
2009/05/19,0,2778000,-539000,2239000
2009/05/20,0,3222000,-2236000,986000
2009/05/21,0,2189392,-2324600,-135208
2009/05/22,0,1816400,-1774674,41726
2009/05/25,0,927000,-1933347,-1006347
2009/05/26,0,1318000,-1041670,276330
2009/05/27,0,2083000,-1069061,1013939
2009/05/28,0,0,0,0
2009/05/29,0,0,0,0
2009/06/01,0,6114821,-4314036,1800785
2009/06/02,0,2329200,-1563000,766200
2009/06/03,0,1702144,-4654548,-2952404
2009/06/04,0,779692,-5015225,-4235533
2009/06/05,0,326642,-3615230,-3288588
2009/06/08,0,3909276,-6782776,-2873500
2009/06/09,0,2597000,-6574267,-3977267
2009/06/10,0,2751000,-5193560,-2442560
2009/06/11,0,4602877,-1772000,2830877
2009/06/12,0,2290969,-920848,1370121
2009/06/15,0,2373060,-3961256,-1588196
2009/06/16,0,1533000,-1532352,648
2009/06/17,0,5988900,-8354430,-2365530
2009/06/18,0,2486000,-3603200,-1117200
2009/06/19,0,3232669,-988232,2244437
2009/06/22,0,2426270,-729000,1697270
2009/06/23,0,700461,-2023034,-1322573
2009/06/24,0,4392996,-1254532,3138464
2009/06/25,0,3212200,-1296600,1915600
2009/06/26,0,1901800,-790600,1111200
2009/06/29,0,2236520,-1277500,959020
2009/06/30,0,2819000,-896228,1922772
2009/07/01,0,4302003,-732216,3569787
2009/07/02,0,1712180,-2172782,-460602
2009/07/03,0,723578,-804700,-81122
2009/07/06,0,404000,-1571700,-1167700
2009/07/07,0,1088200,-1973522,-885322
2009/07/08,0,1008200,-1735641,-727441
2009/07/09,0,794456,-2688444,-1893988
2009/07/10,0,404000,-997900,-593900
2009/07/13,0,1235000,-3717300,-2482300
2009/07/14,0,938000,-1289460,-351460
2009/07/15,0,974000,-1202000,-228000
2009/07/16,0,1261200,-1841950,-580750
2009/07/17,0,3024000,-521352,2502648
2009/07/20,0,1858000,-635521,1222479
2009/07/21,0,3729020,-592968,3136052
2009/07/22,0,1554900,-780399,774501
2009/07/23,0,552000,-1129150,-577150
2009/07/24,0,458000,-1534324,-1076324
2009/07/27,0,1315000,-2056307,-741307
2009/07/28,0,1560000,-2639060,-1079060
2009/07/29,0,813684,-9214745,-8401061
2009/07/30,0,10548800,-17885954,-7337154
2009/07/31,0,1794428,-4679050,-2884622
2009/08/03,0,678060,-1939499,-1261439
2009/08/04,0,696500,-2632563,-1936063
2009/08/05,0,13741750,-26181235,-12439485
2009/08/06,0,8605650,-8217900,387750
2009/08/07,0,0,0,0
2009/08/10,0,7212024,-4964557,2247467
2009/08/11,0,4178483,-5722266,-1543783
2009/08/12,0,2046100,-4039070,-1992970
2009/08/13,0,1948850,-2237374,-288524
2009/08/14,0,2531400,-1893625,637775
2009/08/17,0,758000,-1586100,-828100
2009/08/18,0,457000,-3010044,-2553044
2009/08/19,0,1965000,-1174421,790579
2009/08/20,0,1287519,-865073,422446
2009/08/21,0,1064000,-4873211,-3809211
2009/08/24,0,2913000,-3837680,-924680
2009/08/25,0,2390000,-5749405,-3359405
2009/08/26,0,1639623,-2930717,-1291094
2009/08/27,0,1283000,-2636287,-1353287
2009/08/28,0,1341500,-737005,604495
2009/08/31,0,361000,-1007956,-646956
2009/09/01,0,1274826,-806247,468579
2009/09/02,0,1840697,-2281875,-441178
2009/09/03,0,1012000,-1539248,-527248
2009/09/04,0,3306990,-5290749,-1983759
2009/09/07,0,4535070,-1771277,2763793
2009/09/08,0,2800000,-5507093,-2707093
2009/09/09,0,1900660,-5690215,-3789555
2009/09/10,0,4226510,-5721852,-1495342
2009/09/11,0,2302000,-3187070,-885070
2009/09/14,0,2052000,-4465764,-2413764
2009/09/15,0,2903489,-3230467,-326978
2009/09/16,0,1046000,-1201095,-155095
2009/09/17,0,1457300,-1186265,271035
2009/09/18,0,2404000,-2363550,40450
2009/09/21,0,789096,-2959204,-2170108
2009/09/22,0,1908000,-2019665,-111665
2009/09/23,0,2932352,-2970763,-38411
2009/09/24,0,957000,-795156,161844
2009/09/25,0,598320,-1866575,-1268255
2009/09/28,0,621000,-2163200,-1542200
2009/09/29,0,3900813,-987592,2913221
2009/09/30,0,2464600,-2023043,441557
2009/10/01,0,2043000,-1129400,913600
2009/10/02,0,1671700,-2234844,-563144
2009/10/05,0,2692597,-3153769,-461172
2009/10/06,0,2412000,-418321,1993679
2009/10/07,0,3048188,-2643484,404704
2009/10/08,0,1693800,-2086939,-393139
2009/10/09,0,1151400,-1347483,-196083
2009/10/12,0,1022000,-1012102,9898
2009/10/13,0,530158,-2303271,-1773113
2009/10/14,0,1047050,-259133,787917
2009/10/15,0,1062000,-282750,779250
2009/10/16,0,3761000,-2197300,1563700
2009/10/19,0,1082000,-311257,770743
2009/10/20,0,731635,-1680858,-949223
2009/10/21,0,956105,-1328034,-371929
2009/10/22,0,2655219,-7411765,-4756546
2009/10/23,0,1401875,-7219100,-5817225
2009/10/26,0,728300,-2681069,-1952769
2009/10/27,0,2365832,-2612284,-246452
2009/10/28,0,1428800,-1053877,374923
2009/10/29,0,1211200,-2889250,-1678050
2009/10/30,0,2119050,-1637000,482050
2009/11/02,0,2039000,-1969712,69288
2009/11/03,0,523750,-1184000,-660250
2009/11/04,0,1174964,-1991936,-816972
2009/11/05,0,2785970,-211549,2574421
2009/11/06,0,1881000,-918800,962200
2009/11/09,0,3272641,-821050,2451591
2009/11/10,0,6749200,-1936654,4812546
2009/11/11,0,4114691,-1160365,2954326
2009/11/12,0,984973,-873700,111273
2009/11/13,0,3496000,-1677395,1818605
2009/11/16,0,4935665,-485000,4450665
2009/11/17,0,1675660,-382935,1292725
2009/11/18,0,2820000,-1016695,1803305
2009/11/19,0,2112715,-755171,1357544
2009/11/20,0,691210,-2406776,-1715566
2009/11/23,0,275700,-375204,-99504
2009/11/24,0,591000,-139100,451900
2009/11/25,0,1420036,-193825,1226211
2009/11/26,0,4056000,-472500,3583500
2009/11/27,0,2243600,-1750000,493600
2009/11/30,0,788118,-1530581,-742463
2009/12/01,0,1093000,-466956,626044
2009/12/02,0,1306411,-335000,971411
2009/12/03,0,1338690,-1389334,-50644
2009/12/04,0,1038000,-1223244,-185244
2009/12/07,0,948500,-4356091,-3407591
2009/12/08,0,1142000,-3159984,-2017984
2009/12/09,0,790914,-3788012,-2997098
2009/12/10,0,1374200,-2932890,-1558690
2009/12/11,0,856000,-1609276,-753276
2009/12/14,0,759437,-1379885,-620448
2009/12/15,0,769966,-2535743,-1765777
2009/12/16,0,1036283,-1456852,-420569
2009/12/17,0,1990866,-1069625,921241
2009/12/18,0,852000,-2206081,-1354081
2009/12/21,0,2431953,-850464,1581489
2009/12/22,0,1114500,-501370,613130
2009/12/23,0,612584,-545241,67343
2009/12/24,0,1040400,-213988,826412
2009/12/25,0,641000,-21000,620000
2009/12/28,0,1006500,-1285218,-278718
2009/12/29,0,1565000,-1243250,321750
2009/12/30,0,2255550,-1610250,645300
2009/12/31,0,2475000,-248000,2227000
2010/01/01,0,0,0,0
2010/01/04,0,2182961,-880192,1302769
2010/01/05,0,3705800,-995076,2710724
2010/01/06,0,5089300,-2819251,2270049
2010/01/07,0,3585030,-4683912,-1098882
2010/01/08,0,2389990,-2238400,151590
2010/01/11,0,2046194,-1057957,988237
2010/01/12,0,2753150,-1544549,1208601
2010/01/13,0,3848000,-488815,3359185
2010/01/14,0,2672573,-1487980,1184593
2010/01/15,0,1492278,-1686975,-194697
2010/01/18,0,502359,-1775160,-1272801
2010/01/19,0,921000,-1560340,-639340
2010/01/20,0,533000,-1221788,-688788
2010/01/21,0,2843721,-847366,1996355
2010/01/22,0,3258000,-1944019,1313981
2010/01/25,0,1962690,-1715940,246750
2010/01/26,0,2409500,-2649634,-240134
2010/01/27,0,2055000,-8662419,-6607419
2010/01/28,0,2015200,-7657865,-5642665
2010/01/29,0,3177000,-4927180,-1750180
2010/02/01,0,1382049,-2235451,-853402
2010/02/02,0,1859355,-1962700,-103345
2010/02/03,0,535040,-1681823,-1146783
2010/02/04,0,1923332,-2301995,-378663
2010/02/05,0,2240563,-2671780,-431217
2010/02/08,0,2190340,-4473255,-2282915
2010/02/09,0,4675600,-4008699,666901
2010/02/10,0,485000,-1724620,-1239620
2010/02/11,0,0,0,0
2010/02/12,0,0,0,0
2010/02/15,0,0,0,0
2010/02/16,0,0,0,0
2010/02/17,0,0,0,0
2010/02/18,0,0,0,0
2010/02/19,0,0,0,0
2010/02/22,0,2230866,-1151081,1079785
2010/02/23,0,3250345,-1656700,1593645
2010/02/24,0,1303001,-3027853,-1724852
2010/02/25,0,1136655,-1999680,-863025
2010/02/26,0,821225,-1018358,-197133
2010/03/01,0,2161400,-2573050,-411650
2010/03/02,0,1952000,-518760,1433240
2010/03/03,0,756000,-2271139,-1515139
2010/03/04,0,978197,-2271765,-1293568
2010/03/05,0,1038000,-1413000,-375000
2010/03/08,0,5001000,-284788,4716212
2010/03/09,0,1773523,-1036714,736809
2010/03/10,0,1226285,-699475,526810
2010/03/11,0,1460000,-240170,1219830
2010/03/12,0,1895633,-649900,1245733
2010/03/15,0,1166100,-1020020,146080
2010/03/16,0,1176000,-1261550,-85550
2010/03/17,0,2378000,-272800,2105200
2010/03/18,0,3025000,-424836,2600164
2010/03/19,0,741000,-628225,112775
2010/03/22,0,837000,-499658,337342
2010/03/23,0,396000,-325250,70750
2010/03/24,0,1905316,-1387396,517920
2010/03/25,0,2125829,-1289777,836052
2010/03/26,0,2865300,-534389,2330911
2010/03/29,0,2089000,-594148,1494852
2010/03/30,0,842700,-1019000,-176300
2010/03/31,0,2251580,-702797,1548783
2010/04/01,0,3645250,-1551810,2093440
2010/04/02,0,2321000,-1661260,659740
2010/04/05,0,0,0,0
2010/04/06,0,1948775,-444000,1504775
2010/04/07,0,9187450,-2382319,6805131
2010/04/08,0,1996100,-3064800,-1068700
2010/04/09,0,1049000,-2800176,-1751176
2010/04/12,0,2406260,-1212035,1194225
2010/04/13,0,2795000,-1761520,1033480
2010/04/14,0,2084248,-1520920,563328
2010/04/15,0,894000,-435000,459000
2010/04/16,0,1582590,-1751000,-168410
2010/04/19,0,3408500,-1676010,1732490
2010/04/20,0,2212525,-1093154,1119371
2010/04/21,0,2366826,-721200,1645626
2010/04/22,0,3341100,-1867817,1473283
2010/04/23,0,3212400,-983050,2229350
2010/04/26,0,3185000,-372450,2812550
2010/04/27,0,2384000,-446050,1937950
2010/04/28,0,681000,-962100,-281100
2010/04/29,0,5963767,-3413935,2549832
2010/04/30,0,7701272,-1091825,6609447
2010/05/03,0,3965379,-928740,3036639
2010/05/04,0,5310000,-1697000,3613000
2010/05/05,0,5841945,-4964330,877615
2010/05/06,0,6379377,-4668050,1711327
2010/05/07,0,5991210,-7930658,-1939448
2010/05/10,0,2599190,-3083741,-484551
2010/05/11,0,3386896,-4947397,-1560501
2010/05/12,0,3245379,-2373669,871710
2010/05/13,0,5753500,-5705700,47800
2010/05/14,0,4889500,-5365950,-476450
2010/05/17,0,3843000,-1767500,2075500
2010/05/18,0,5361980,-2159317,3202663
2010/05/19,0,4512040,-2832000,1680040
2010/05/20,0,6813960,-3730320,3083640
2010/05/21,0,4906395,-6918927,-2012532
2010/05/24,0,5833200,-1017600,4815600
2010/05/25,0,5444000,-6099791,-655791
2010/05/26,0,4679870,-5631032,-951162
2010/05/27,0,4420793,-5166521,-745728
2010/05/28,0,5374000,-4702557,671443
2010/05/31,0,1910000,-2223199,-313199
2010/06/01,0,625900,-1229180,-603280
2010/06/02,0,1273000,-2730300,-1457300
2010/06/03,0,2594042,-2475524,118518
2010/06/04,0,3008000,-4990300,-1982300
2010/06/07,0,2829032,-3619222,-790190
2010/06/08,0,8577505,-3433876,5143629
2010/06/09,0,2626512,-2392898,233614
2010/06/10,0,1140000,-2222706,-1082706
2010/06/11,0,1298475,-1086500,211975
2010/06/14,0,1722195,-729000,993195
2010/06/15,0,5235580,-2823220,2412360
2010/06/16,0,0,0,0
2010/06/17,0,4672535,-3933079,739456
2010/06/18,0,3644953,-2010057,1634896
2010/06/21,0,5559455,-1650501,3908954
2010/06/22,0,1028655,-1423495,-394840
2010/06/23,0,1332683,-2088175,-755492
2010/06/24,0,937220,-1809600,-872380
2010/06/25,0,2986000,-3630625,-644625
2010/06/28,0,1793000,-2141174,-348174
2010/06/29,0,2362935,-3666200,-1303265
2010/06/30,0,3560000,-3324147,235853
2010/07/01,0,5775000,-4282252,1492748
2010/07/02,0,4790205,-1588850,3201355
2010/07/05,0,4509934,-876295,3633639
2010/07/06,0,5631129,-3208096,2423033
2010/07/07,0,5811421,-5444815,366606
2010/07/08,0,4445002,-4574653,-129651
2010/07/09,0,4174310,-3214998,959312
2010/07/12,0,4445773,-4145676,300097
2010/07/13,0,1869195,-5351702,-3482507
2010/07/14,0,2486808,-2008945,477863
2010/07/15,0,6290000,-2222718,4067282
2010/07/16,0,6122384,-2568700,3553684
2010/07/19,0,1149500,-2141700,-992200
2010/07/20,0,2144121,-1365047,779074
2010/07/21,0,2528548,-3535050,-1006502
2010/07/22,0,1056805,-3046874,-1990069
2010/07/23,0,2126204,-2523668,-397464
2010/07/26,0,2670920,-713066,1957854
2010/07/27,0,2641931,-1149650,1492281
2010/07/28,0,1016000,-3281531,-2265531
2010/07/29,0,5041194,-2138484,2902710
2010/07/30,0,6191439,-3136750,3054689
2010/08/02,0,4410628,-3354810,1055818
2010/08/03,0,1477150,-3659432,-2182282
2010/08/04,0,1518500,-3598882,-2080382
2010/08/05,0,6236004,-2934769,3301235
2010/08/06,0,3508250,-1305352,2202898
2010/08/09,0,2897600,-1616909,1280691
2010/08/10,0,2043600,-1444300,599300
2010/08/11,0,1474500,-1922336,-447836
2010/08/12,0,821637,-1610897,-789260
2010/08/13,0,1012262,-1597722,-585460
2010/08/16,0,2820000,-1018386,1801614
2010/08/17,0,2838280,-3197524,-359244
2010/08/18,0,2524568,-1836500,688068
2010/08/19,0,1824000,-1880550,-56550
2010/08/20,0,2509000,-402500,2106500
2010/08/23,0,4077000,-937400,3139600
2010/08/24,0,1836923,-1413036,423887
2010/08/25,0,3755533,-2924730,830803
2010/08/26,0,3568852,-2924344,644508
2010/08/27,0,1727500,-2860111,-1132611
2010/08/30,0,1026544,-1114405,-87861
2010/08/31,0,1512900,-2449914,-937014
2010/09/01,0,1066000,-2673444,-1607444
2010/09/02,0,1145546,-2195140,-1049594
2010/09/03,0,1130100,-910050,220050
2010/09/06,0,1043975,-1044628,-653
2010/09/07,0,3732477,-859315,2873162
2010/09/08,0,1591690,-3621524,-2029834
2010/09/09,0,3086000,-3591858,-505858
2010/09/10,0,1905760,-708168,1197592
2010/09/13,0,2931350,-1043351,1887999
2010/09/14,0,4526699,-2671537,1855162
2010/09/15,0,3563552,-5519528,-1955976
2010/09/16,0,3218350,-4356586,-1138236
2010/09/17,0,1816848,-2602638,-785790
2010/09/20,0,1009050,-2932893,-1923843
2010/09/21,0,714122,-2494445,-1780323
2010/09/22,0,0,0,0
2010/09/23,0,3014124,-3542705,-528581
2010/09/24,0,1951306,-1500365,450941
2010/09/27,0,958250,-937300,20950
2010/09/28,0,1580320,-1561940,18380
2010/09/29,0,1960128,-2095550,-135422
2010/09/30,0,1369200,-1683483,-314283
2010/10/01,0,1326909,-1889442,-562533
2010/10/04,0,2370146,-4285790,-1915644
2010/10/05,0,2292968,-2536313,-243345
2010/10/06,0,3888256,-3622502,265754
2010/10/07,0,3158858,-3045250,113608
2010/10/08,0,1028370,-1374105,-345735
2010/10/11,0,2898760,-2606278,292482
2010/10/12,0,1927800,-2807926,-880126
2010/10/13,0,2933630,-5963795,-3030165
2010/10/14,0,4921380,-3509614,1411766
2010/10/15,0,2098240,-2728800,-630560
2010/10/18,0,3559850,-6296550,-2736700
2010/10/19,0,5692407,-3855328,1837079
2010/10/20,0,3232750,-3235326,-2576
2010/10/21,0,8230840,-4704100,3526740
2010/10/22,0,792392,-1785150,-992758
2010/10/25,0,1465500,-2340916,-875416
2010/10/26,0,1336450,-1807486,-471036
2010/10/27,0,2302968,-1292153,1010815
2010/10/28,0,2600312,-995232,1605080
2010/10/29,0,1330225,-1300723,29502
2010/11/01,0,3566000,-4854471,-1288471
2010/11/02,0,4340000,-2087650,2252350
2010/11/03,0,2113300,-695950,1417350
2010/11/04,0,2207000,-866775,1340225
2010/11/05,0,2334031,-1231716,1102315
2010/11/08,0,3208592,-932320,2276272
2010/11/09,0,2789000,-1643102,1145898
2010/11/10,0,2222000,-1943173,278827
2010/11/11,0,1652000,-843583,808417
2010/11/12,0,861000,-577586,283414
2010/11/15,0,1634860,-578848,1056012
2010/11/16,0,1678399,-1435796,242603
2010/11/17,0,673000,-2016212,-1343212
2010/11/18,0,2090694,-1265176,825518
2010/11/19,0,3151454,-1188087,1963367
2010/11/22,0,4016149,-2482161,1533988
2010/11/23,0,6358469,-4881863,1476606
2010/11/24,0,2035800,-4782815,-2747015
2010/11/25,0,3207008,-3620750,-413742
2010/11/26,0,1056000,-2225928,-1169928
2010/11/29,0,1990364,-3296453,-1306089
2010/11/30,0,1847378,-2060271,-212893
2010/12/01,0,2477340,-2476374,966
2010/12/02,0,3478841,-1695394,1783447
2010/12/03,0,2916000,-2561592,354408
2010/12/06,0,796600,-3618878,-2822278
2010/12/07,0,1253140,-2635055,-1381915
2010/12/08,0,734500,-957650,-223150
2010/12/09,0,755200,-923850,-168650
2010/12/10,0,1684298,-1312300,371998
2010/12/13,0,3332200,-2491451,840749
2010/12/14,0,3373958,-2538148,835810
2010/12/15,0,924781,-534820,389961
2010/12/16,0,1289223,-1220645,68578
2010/12/17,0,2116990,-1767875,349115
2010/12/20,0,1959470,-2552532,-593062
2010/12/21,0,671346,-235785,435561
2010/12/22,0,2588820,-688791,1900029
2010/12/23,0,2506000,-558520,1947480
2010/12/24,0,252054,-75000,177054
2010/12/27,0,287000,-92473,194527
2010/12/28,0,440481,-459930,-19449
2010/12/29,0,476667,-325200,151467
2010/12/30,0,1229968,-1187161,42807
2010/12/31,0,685084,-1041330,-356246
2011/01/03,0,1737775,-321450,1416325
2011/01/04,0,1499743,-920650,579093
2011/01/05,0,1279046,-1222552,56494
2011/01/06,0,2188700,-1730590,458110
2011/01/07,0,3031900,-1899550,1132350
2011/01/10,0,1435162,-1772601,-337439
2011/01/11,0,1192039,-1974127,-782088
2011/01/12,0,2803903,-3609172,-805269
2011/01/13,0,2232777,-2173250,59527
2011/01/14,0,1829000,-4528810,-2699810
2011/01/17,0,2111012,-1385175,725837
2011/01/18,0,1016932,-594978,421954
2011/01/19,0,1333200,-909375,423825
2011/01/20,0,1125000,-712753,412247
2011/01/21,0,1778000,-700850,1077150
2011/01/24,0,1802900,-1061100,741800
2011/01/25,0,3975000,-1235384,2739616
2011/01/26,0,3021218,-1122866,1898352
2011/01/27,0,2802230,-806606,1995624
2011/01/28,0,3808824,-2517851,1290973
2011/01/31,0,0,0,0
2011/02/01,0,0,0,0
2011/02/02,0,0,0,0
2011/02/03,0,0,0,0
2011/02/04,0,0,0,0
2011/02/07,0,0,0,0
2011/02/08,0,4465103,-3525971,939132
2011/02/09,0,4546398,-2761398,1785000
2011/02/10,0,1790557,-3018688,-1228131
2011/02/11,0,2753009,-4333735,-1580726
2011/02/14,0,2915926,-3928251,-1012325
2011/02/15,0,2625500,-1850634,774866
2011/02/16,0,2641171,-2353937,287234
2011/02/17,0,1633100,-2169383,-536283
2011/02/18,0,2371391,-436162,1935229
2011/02/21,0,2882005,-1499418,1382587
2011/02/22,0,3382400,-3067256,315144
2011/02/23,0,4970406,-2355480,2614926
2011/02/24,0,2984232,-2039150,945082
2011/02/25,0,8233393,-4629321,3604072
2011/02/28,0,0,0,0
2011/03/01,0,4017620,-2488420,1529200
2011/03/02,0,4130166,-3489305,640861
2011/03/03,0,3330231,-2974821,355410
2011/03/04,0,3406991,-1858436,1548555
2011/03/07,0,1168921,-2394966,-1226045
2011/03/08,0,1668981,-2084161,-415180
2011/03/09,0,2518838,-982795,1536043
2011/03/10,0,1214295,-1016980,197315
2011/03/11,0,3429870,-5197846,-1767976
2011/03/14,0,2714000,-3626546,-912546
2011/03/15,0,4577950,-5404500,-826550
2011/03/16,0,5683000,-3155388,2527612
2011/03/17,0,2478720,-2565191,-86471
2011/03/18,0,3170700,-1720521,1450179
2011/03/21,0,3430000,-2683264,746736
2011/03/22,0,1374800,-2072540,-697740
2011/03/23,0,2897000,-3724405,-827405
2011/03/24,0,1418370,-726266,692104
2011/03/25,0,3315656,-1288213,2027443
2011/03/28,0,1342896,-1288000,54896
2011/03/29,0,1927300,-1129760,797540
2011/03/30,0,3981620,-2898365,1083255
2011/03/31,0,4849334,-2301676,2547658
2011/04/01,0,2496111,-2721675,-225564
2011/04/04,0,0,0,0
2011/04/05,0,0,0,0
2011/04/06,0,3411450,-1959148,1452302
2011/04/07,0,1414165,-1670988,-256823
2011/04/08,0,1852742,-4177048,-2324306
2011/04/11,0,2709806,-3655060,-945254
2011/04/12,0,2246944,-3359705,-1112761
2011/04/13,0,1450300,-1677005,-226705
2011/04/14,0,3066000,-2014927,1051073
2011/04/15,0,3247523,-3315255,-67732
2011/04/18,0,1220000,-1024835,195165
2011/04/19,0,1158872,-1515570,-356698
2011/04/20,0,4031750,-2247789,1783961
2011/04/21,0,2716029,-2006272,709757
2011/04/22,0,965593,-1512650,-547057
2011/04/25,0,297000,-210930,86070
2011/04/26,0,888000,-1330019,-442019
2011/04/27,0,984760,-1233290,-248530
2011/04/28,0,1275549,-1068100,207449
2011/04/29,0,1667791,-1770529,-102738
2011/05/02,0,0,0,0
2011/05/03,0,1795478,-3720000,-1924522
2011/05/04,0,2025722,-4920128,-2894406
2011/05/05,0,2499414,-3073286,-573872
2011/05/06,0,600723,-1427103,-826380
2011/05/09,0,888945,-801477,87468
2011/05/10,0,778600,-1014666,-236066
2011/05/11,0,898425,-1568710,-670285
2011/05/12,0,860560,-838389,22171
2011/05/13,0,911743,-1313000,-401257
2011/05/16,0,1196000,-2254232,-1058232
2011/05/17,0,888300,-1738768,-850468
2011/05/18,0,1079977,-1427137,-347160
2011/05/19,0,2514958,-1871208,643750
2011/05/20,0,1727073,-1528750,198323
2011/05/23,0,1066500,-1649300,-582800
2011/05/24,0,1063944,-2186221,-1122277
2011/05/25,0,981828,-2090213,-1108385
2011/05/26,0,937184,-1890107,-952923
2011/05/27,0,736927,-920490,-183563
2011/05/30,0,1222429,-1523878,-301449
2011/05/31,0,1232000,-1500534,-268534
2011/06/01,0,3015739,-1072611,1943128
2011/06/02,0,1234100,-2738106,-1504006
2011/06/03,0,1043000,-1215164,-172164
2011/06/06,0,0,0,0
2011/06/07,0,1646000,-1028465,617535
2011/06/08,0,1551000,-1060921,490079
2011/06/09,0,1137000,-886607,250393
2011/06/10,0,1265138,-5809260,-4544122
2011/06/13,0,3365210,-7015431,-3650221
2011/06/14,0,3044400,-4290429,-1246029
2011/06/15,0,2995020,-3831360,-836340
2011/06/16,0,4439642,-8294172,-3854530
2011/06/17,0,6933372,-6232384,700988
2011/06/20,0,3371455,-2727536,643919
2011/06/21,0,3791227,-2301697,1489530
2011/06/22,0,4268082,-2197500,2070582
2011/06/23,0,5848329,-1806018,4042311
2011/06/24,0,3146300,-1072188,2074112
2011/06/27,0,2338700,-2462065,-123365
2011/06/28,0,1943680,-1951463,-7783
2011/06/29,0,3300899,-5762816,-2461917
2011/06/30,0,3629040,-5671850,-2042810
2011/07/01,0,1502981,-3796516,-2293535
2011/07/04,0,2611056,-1262002,1349054
2011/07/05,0,1626684,-946147,680537
2011/07/06,0,2746576,-1853670,892906
2011/07/07,0,1906366,-2802000,-895634
2011/07/08,0,5558497,-10992565,-5434068
2011/07/11,0,4962467,-5317800,-355333
2011/07/12,0,2239653,-3816248,-1576595
2011/07/13,0,4497417,-7702774,-3205357
2011/07/14,0,5114814,-3008849,2105965
2011/07/15,0,4564390,-4014400,549990
2011/07/18,0,3821351,-6771744,-2950393
2011/07/19,0,5075454,-4760011,315443
2011/07/20,0,1481000,-1333462,147538
2011/07/21,0,4192964,-4456608,-263644
2011/07/22,0,2280505,-1226498,1054007
2011/07/25,0,969225,-911716,57509
2011/07/26,0,3269294,-3954300,-685006
2011/07/27,0,2088511,-2943842,-855331
2011/07/28,0,3351912,-6322250,-2970338
2011/07/29,0,3033707,-5257536,-2223829
2011/08/01,0,2604860,-4404796,-1799936
2011/08/02,0,3493801,-2235949,1257852
2011/08/03,0,2116288,-3825816,-1709528
2011/08/04,0,2417011,-2843012,-426001
2011/08/05,0,1619613,-3648276,-2028663
2011/08/08,0,1287376,-4135733,-2848357
2011/08/09,0,3294256,-4871067,-1576811
2011/08/10,0,4433896,-4202031,231865
2011/08/11,0,2247728,-4805181,-2557453
2011/08/12,0,2920357,-3879821,-959464
2011/08/15,0,2215601,-2627700,-412099
2011/08/16,0,5232420,-4962748,269672
2011/08/17,0,1925481,-3447583,-1522102
2011/08/18,0,3937744,-6830281,-2892537
2011/08/19,0,2847799,-3783801,-936002
2011/08/22,0,1851886,-2642856,-790970
2011/08/23,0,3524514,-3835098,-310584
2011/08/24,0,3729792,-2122228,1607564
2011/08/25,0,1803435,-1220051,583384
2011/08/26,0,1354597,-587142,767455
2011/08/29,0,1108154,-752992,355162
2011/08/30,0,809899,-1980350,-1170451
2011/08/31,0,2919719,-2462750,456969
2011/09/01,0,2340562,-2716026,-375464
2011/09/02,0,1745175,-3383087,-1637912
2011/09/05,0,3764535,-6926736,-3162201
2011/09/06,0,2918251,-3519607,-601356
2011/09/07,0,4790000,-3085060,1704940
2011/09/08,0,5288442,-2843619,2444823
2011/09/09,0,1683000,-780178,902822
2011/09/12,0,0,0,0
2011/09/13,0,1608263,-4272244,-2663981
2011/09/14,0,1280222,-2993597,-1713375
2011/09/15,0,1992810,-3756963,-1764153
2011/09/16,0,1311640,-2177378,-865738
2011/09/19,0,1798444,-3046972,-1248528
2011/09/20,0,1824744,-2705772,-881028
2011/09/21,0,1114564,-3459807,-2345243
2011/09/22,0,793937,-5835034,-5041097
2011/09/23,0,2508090,-4618531,-2110441
2011/09/26,0,2537736,-3780208,-1242472
2011/09/27,0,4076928,-6495179,-2418251
2011/09/28,0,5500000,-3427731,2072269
2011/09/29,0,1802515,-3456158,-1653643
2011/09/30,0,1803694,-2528179,-724485
2011/10/03,0,3976486,-3952625,23861
2011/10/04,0,1853768,-2841092,-987324
2011/10/05,0,1539305,-1052309,486996
2011/10/06,0,2888323,-2796579,91744
2011/10/07,0,4925750,-4091616,834134
2011/10/10,0,0,0,0
2011/10/11,0,4552072,-1085855,3466217
2011/10/12,0,2241315,-1420007,821308
2011/10/13,0,2684670,-1498392,1186278
2011/10/14,0,1143699,-2064763,-921064
2011/10/17,0,2454342,-1644028,810314
2011/10/18,0,3008909,-3096705,-87796
2011/10/19,0,1335768,-3183014,-1847246
2011/10/20,0,1283576,-2600002,-1316426
2011/10/21,0,1527236,-3893225,-2365989
2011/10/24,0,3674141,-5321518,-1647377
2011/10/25,0,2164597,-1936400,228197
2011/10/26,0,2715514,-4274740,-1559226
2011/10/27,0,3353790,-1908603,1445187
2011/10/28,0,5013516,-2287448,2726068
2011/10/31,0,1714867,-1635819,79048
2011/11/01,0,1759664,-6204074,-4444410
2011/11/02,0,2419044,-5560820,-3141776
2011/11/03,0,1614139,-5279794,-3665655
2011/11/04,0,1640232,-1553350,86882
2011/11/07,0,1174524,-1624290,-449766
2011/11/08,0,1140884,-1865649,-724765
2011/11/09,0,1880408,-2980319,-1099911
2011/11/10,0,1050147,-1464850,-414703
2011/11/11,0,1182498,-1237317,-54819
2011/11/14,0,987000,-1114997,-127997
2011/11/15,0,3028892,-1896700,1132192
2011/11/16,0,1363672,-1466000,-102328
2011/11/17,0,503414,-722472,-219058
2011/11/18,0,762304,-4345825,-3583521
2011/11/21,0,602000,-1620868,-1018868
2011/11/22,0,1984952,-4046449,-2061497
2011/11/23,0,1839817,-4468602,-2628785
2011/11/24,0,416000,-1991646,-1575646
2011/11/25,0,8180682,-20874816,-12694134
2011/11/28,0,6405826,-7426097,-1020271
2011/11/29,0,1471069,-1468277,2792
2011/11/30,0,4109458,-2805553,1303905
2011/12/01,0,1891698,-1826439,65259
2011/12/02,0,1190000,-689273,500727
2011/12/05,0,1740238,-1483921,256317
2011/12/06,0,5820600,-3120300,2700300
2011/12/07,0,3527854,-6894663,-3366809
2011/12/08,0,2722828,-4725386,-2002558
2011/12/09,0,1151716,-3223224,-2071508
2011/12/12,0,3168952,-1825936,1343016
2011/12/13,0,2728180,-4071090,-1342910
2011/12/14,0,5869816,-5390448,479368
2011/12/15,0,4209000,-2483064,1725936
2011/12/16,0,2320842,-1340949,979893
2011/12/19,0,1982000,-340311,1641689
2011/12/20,0,1130000,-2094988,-964988
2011/12/21,0,1590000,-753668,836332
2011/12/22,0,2689300,-1894230,795070
2011/12/23,0,1420000,-1346163,73837
2011/12/26,0,181010,-305000,-123990
2011/12/27,0,648500,-449000,199500
2011/12/28,0,645704,-614000,31704
2011/12/29,0,780900,-434550,346350
2011/12/30,0,1190001,-371874,818127
2012/01/02,0,1507145,-1768045,-260900
2012/01/03,0,1853000,-550827,1302173
2012/01/04,0,1995976,-1169512,826464
2012/01/05,0,1883760,-2641852,-758092
2012/01/06,0,1341429,-2140564,-799135
2012/01/09,0,4354000,-5077085,-723085
2012/01/10,0,2578509,-6353170,-3774661
2012/01/11,0,963849,-2548552,-1584703
2012/01/12,0,1138000,-2099142,-961142
2012/01/13,0,5278158,-2153848,3124310
2012/01/16,0,2597171,-2516000,81171
2012/01/17,0,972995,-870330,102665
2012/01/18,0,2988338,-2122610,865728
2012/01/19,0,0,0,0
2012/01/20,0,0,0,0
2012/01/23,0,0,0,0
2012/01/24,0,0,0,0
2012/01/25,0,0,0,0
2012/01/26,0,0,0,0
2012/01/27,0,0,0,0
2012/01/30,0,2936651,-4546345,-1609694
2012/01/31,0,2427683,-6620858,-4193175
2012/02/01,0,3192000,-2832766,359234
2012/02/02,0,5150000,-1633551,3516449
2012/02/03,0,3739319,-1221983,2517336
2012/02/06,0,1911310,-1945520,-34210
2012/02/07,0,7333965,-7818663,-484698
2012/02/08,0,5125999,-2154512,2971487
2012/02/09,0,4337963,-1525521,2812442
2012/02/10,0,2814000,-1856014,957986
2012/02/13,0,741000,-1555436,-814436
2012/02/14,0,3477106,-1966646,1510460
2012/02/15,0,2475093,-2723242,-248149
2012/02/16,0,1288200,-1938257,-650057
2012/02/17,0,2553000,-3734205,-1181205
2012/02/20,0,609000,-423000,186000
2012/02/21,0,630050,-667645,-37595
2012/02/22,0,1698000,-1080765,617235
2012/02/23,0,3914064,-2721360,1192704
2012/02/24,0,2564322,-1470422,1093900
2012/02/27,0,0,0,0
2012/02/28,0,0,0,0
2012/02/29,0,7277831,-4789161,2488670
2012/03/01,0,1877465,-1796494,80971
2012/03/02,0,621803,-1468785,-846982
2012/03/05,0,1415000,-995342,419658
2012/03/06,0,1180000,-1913801,-733801
2012/03/07,0,1210800,-1231876,-21076
2012/03/08,0,2162900,-2813382,-650482
2012/03/09,0,1360000,-1160620,199380
2012/03/12,0,1010648,-2211082,-1200434
2012/03/13,0,1902751,-484886,1417865
2012/03/14,0,2877642,-1420014,1457628
2012/03/15,0,628090,-2796878,-2168788
2012/03/16,0,464000,-1467786,-1003786
2012/03/19,0,1984951,-1047836,937115
2012/03/20,0,765000,-774927,-9927
2012/03/21,0,3159640,-1644446,1515194
2012/03/22,0,886000,-1749438,-863438
2012/03/23,0,420500,-998609,-578109
2012/03/26,0,1159018,-1277772,-118754
2012/03/27,0,1137000,-349750,787250
2012/03/28,0,2119070,-2050291,68779
2012/03/29,0,1082500,-2780276,-1697776
2012/03/30,0,1071305,-3817947,-2746642
2012/04/02,0,616640,-1922401,-1305761
2012/04/03,0,1880668,-4273039,-2392371
2012/04/04,0,0,0,0
2012/04/05,0,3888376,-2639951,1248425
2012/04/06,0,1417421,-928894,488527
2012/04/09,0,886799,-1910000,-1023201
2012/04/10,0,852500,-1546377,-693877
2012/04/11,0,1192000,-1321121,-129121
2012/04/12,0,625811,-1977100,-1351289
2012/04/13,0,1257204,-824880,432324
2012/04/16,0,650536,-1405400,-754864
2012/04/17,0,1507000,-4574920,-3067920
2012/04/18,0,1619355,-2850486,-1231131
2012/04/19,0,3922381,-4633640,-711259
2012/04/20,0,2259000,-3533727,-1274727
2012/04/23,0,2224730,-1093711,1131019
2012/04/24,0,3048416,-1210043,1838373
2012/04/25,0,2545855,-3669675,-1123820
2012/04/26,0,1212417,-1214215,-1798
2012/04/27,0,2491161,-3845194,-1354033
2012/04/30,0,1612645,-1096123,516522
2012/05/01,0,0,0,0
2012/05/02,0,3254981,-1513640,1741341
2012/05/03,0,1225297,-2464200,-1238903
2012/05/04,0,4622000,-1759650,2862350
2012/05/07,0,1513000,-5880493,-4367493
2012/05/08,0,3421000,-4592958,-1171958
2012/05/09,0,2133000,-2144300,-11300
2012/05/10,0,2679110,-2734997,-55887
2012/05/11,0,2051517,-4058125,-2006608
2012/05/14,0,1101000,-2102542,-1001542
2012/05/15,0,688193,-2234507,-1546314
2012/05/16,0,1396326,-4532788,-3136462
2012/05/17,0,1628000,-3467385,-1839385
2012/05/18,0,1270500,-5124419,-3853919
2012/05/21,0,1052000,-1917612,-865612
2012/05/22,0,1721640,-2668367,-946727
2012/05/23,0,1740175,-1046080,694095
2012/05/24,0,1943540,-1047996,895544
2012/05/25,0,1056627,-3229405,-2172778
2012/05/28,0,475263,-1802913,-1327650
2012/05/29,0,803000,-2051798,-1248798
2012/05/30,0,2357000,-3718421,-1361421
2012/05/31,0,1239659,-2194085,-954426
2012/06/01,0,979154,-1267849,-288695
2012/06/04,0,753760,-3410634,-2656874
2012/06/05,0,1688786,-3183935,-1495149
2012/06/06,0,2307000,-780183,1526817
2012/06/07,0,1138566,-4741479,-3602913
2012/06/08,0,354711,-5908749,-5554038
2012/06/11,0,4721998,-15302770,-10580772
2012/06/12,0,2781000,-2818000,-37000
2012/06/13,0,1278201,-1781779,-503578
2012/06/14,0,1180108,-1531462,-351354
2012/06/15,0,4491764,-4456932,34832
2012/06/18,0,2363017,-1973513,389504
2012/06/19,0,2721346,-452985,2268361
2012/06/20,0,3819194,-4881284,-1062090
2012/06/21,0,2940704,-5379371,-2438667
2012/06/22,0,2699884,-4036934,-1337050
2012/06/25,0,3800100,-6771612,-2971512
2012/06/26,0,1485000,-4862869,-3377869
2012/06/27,0,873000,-1105001,-232001
2012/06/28,0,2906400,-4247568,-1341168
2012/06/29,0,3086000,-1086984,1999016
2012/07/02,0,2155350,-1883700,271650
2012/07/03,0,2965316,-3414080,-448764
2012/07/04,0,1474974,-952422,522552
2012/07/05,0,831000,-17578382,-16747382
2012/07/06,0,1567000,-8860921,-7293921
2012/07/09,0,2132348,-11192722,-9060374
2012/07/10,0,1062450,-8040874,-6978424
2012/07/11,0,1621767,-2966378,-1344611
2012/07/12,0,544700,-4412009,-3867309
2012/07/13,0,330679,-6008569,-5677890
2012/07/16,0,849079,-4211347,-3362268
2012/07/17,0,700800,-2609758,-1908958
2012/07/18,0,1226110,-2909204,-1683094
2012/07/19,0,884000,-1058242,-174242
2012/07/20,0,810630,-542124,268506
2012/07/23,0,635932,-3920738,-3284806
2012/07/24,0,376848,-1622601,-1245753
2012/07/25,0,718563,-2015649,-1297086
2012/07/26,0,1274027,-1221084,52943
2012/07/27,0,2341000,-1069804,1271196
2012/07/30,0,349899,-710830,-360931
2012/07/31,0,3241469,-1405453,1836016
2012/08/01,0,748500,-1428300,-679800
2012/08/02,0,0,0,0
2012/08/03,0,560533,-2863965,-2303432
2012/08/06,0,465100,-2079334,-1614234
2012/08/07,0,723018,-2762300,-2039282
2012/08/08,0,4387619,-17135420,-12747801
2012/08/09,0,3608100,-1747179,1860921
2012/08/10,0,1156000,-3672300,-2516300
2012/08/13,0,563000,-3848688,-3285688
2012/08/14,0,1364065,-3264039,-1899974
2012/08/15,0,785762,-5875632,-5089870
2012/08/16,0,1014100,-528509,485591
2012/08/17,0,2181000,-3891442,-1710442
2012/08/20,0,746000,-3181053,-2435053
2012/08/21,0,1186563,-663680,522883
2012/08/22,0,1807177,-1873014,-65837
2012/08/23,0,917958,-1474135,-556177
2012/08/24,0,2636000,-2454702,181298
2012/08/27,0,694000,-3601434,-2907434
2012/08/28,0,964946,-5016599,-4051653
2012/08/29,0,838000,-2338385,-1500385
2012/08/30,0,914100,-1293315,-379215
2012/08/31,0,866071,-819961,46110
2012/09/03,0,269000,-698734,-429734
2012/09/04,0,838000,-764767,73233
2012/09/05,0,1921000,-2459554,-538554
2012/09/06,0,346000,-1589460,-1243460
2012/09/07,0,2063000,-7182397,-5119397
2012/09/10,0,329080,-4625803,-4296723
2012/09/11,0,312000,-2243183,-1931183
2012/09/12,0,2881000,-5700642,-2819642
2012/09/13,0,668200,-1776285,-1108085
2012/09/14,0,3849000,-5268108,-1419108
2012/09/17,0,2165050,-3417733,-1252683
2012/09/18,0,2238000,-1955000,283000
2012/09/19,0,1421880,-5375536,-3953656
2012/09/20,0,1184000,-517286,666714
2012/09/21,0,3258119,-2371044,887075
2012/09/24,0,501594,-2626962,-2125368
2012/09/25,0,1320360,-1187918,132442
2012/09/26,0,856386,-4563541,-3707155
2012/09/27,0,1356000,-4687507,-3331507
2012/09/28,0,1028300,-2179914,-1151614
2012/10/01,0,1057000,-638255,418745
2012/10/02,0,919050,-453427,465623
2012/10/03,0,680000,-429715,250285
2012/10/04,0,2086258,-3487250,-1400992
2012/10/05,0,799940,-738200,61740
2012/10/08,0,646500,-397150,249350
2012/10/09,0,458600,-3758983,-3300383
2012/10/10,0,0,0,0
2012/10/11,0,491233,-1836876,-1345643
2012/10/12,0,2731150,-10117862,-7386712
2012/10/15,0,308400,-1966015,-1657615
2012/10/16,0,350000,-2764410,-2414410
2012/10/17,0,416000,-2912542,-2496542
2012/10/18,0,682400,-152947,529453
2012/10/19,0,568100,-807231,-239131
2012/10/22,0,764000,-1356799,-592799
2012/10/23,0,730033,-368528,361505
2012/10/24,0,1203130,-1474745,-271615
2012/10/25,0,885260,-1908209,-1022949
2012/10/26,0,444150,-4923672,-4479522
2012/10/29,0,135700,-135000,700
2012/10/30,0,384200,-323000,61200
2012/10/31,0,4400000,-5869218,-1469218
2012/11/01,0,1241000,-5025186,-3784186
2012/11/02,0,2671100,-6324077,-3652977
2012/11/05,0,2533500,-3918816,-1385316
2012/11/06,0,2300000,-5051459,-2751459
2012/11/07,0,4085000,-5425809,-1340809
2012/11/08,0,4251868,-1746488,2505380
2012/11/09,0,1687000,-2692892,-1005892
2012/11/12,0,263000,-299072,-36072
2012/11/13,0,4005160,-11463321,-7458161
2012/11/14,0,1828000,-6538412,-4710412
2012/11/15,0,4476000,-4146814,329186
2012/11/16,0,6931500,-6834900,96600
2012/11/19,0,3921000,-3532500,388500
2012/11/20,0,3383659,-2834171,549488
2012/11/21,0,1338000,-4731800,-3393800
2012/11/22,0,2117042,-4183281,-2066239
2012/11/23,0,2223000,-2058071,164929
2012/11/26,0,4179000,-674100,3504900
2012/11/27,0,2381700,-499000,1882700
2012/11/28,0,1929564,-965001,964563
2012/11/29,0,5047000,-1273128,3773872
2012/11/30,0,6329000,-2136236,4192764
2012/12/03,0,1506000,-371046,1134954
2012/12/04,0,2820238,-341350,2478888
2012/12/05,0,2819000,-1204360,1614640
2012/12/06,0,2638000,-495807,2142193
2012/12/07,0,1421000,-2148077,-727077
2012/12/10,0,1557000,-3899090,-2342090
2012/12/11,0,1146830,-1221050,-74220
2012/12/12,0,2789000,-668150,2120850
2012/12/13,0,2533510,-1252000,1281510
2012/12/14,0,1376880,-677327,699553
2012/12/17,0,1101000,-2918972,-1817972
2012/12/18,0,1169000,-1013956,155044
2012/12/19,0,851000,-1687262,-836262
2012/12/20,0,992000,-1601550,-609550
2012/12/21,0,1815787,-3493721,-1677934
2012/12/24,0,192000,-462590,-270590
2012/12/25,0,469000,-96000,373000
2012/12/26,0,222000,-638000,-416000
2012/12/27,0,2480174,-1258511,1221663
2012/12/28,0,1232100,-2123482,-891382
2012/12/31,0,0,0,0
2013/01/01,0,0,0,0
2013/01/02,0,1183000,-1153700,29300
2013/01/03,0,1220000,-3479000,-2259000
2013/01/04,0,1345651,-6861804,-5516153
2013/01/07,0,1375328,-1393200,-17872
2013/01/08,0,980185,-5114153,-4133968
2013/01/09,0,758567,-1072750,-314183
2013/01/10,0,983000,-2557050,-1574050
2013/01/11,0,873000,-1147421,-274421
2013/01/14,0,1216900,-1075691,141209
2013/01/15,0,690000,-888450,-198450
2013/01/16,0,534560,-432887,101673
2013/01/17,0,513000,-2315350,-1802350
2013/01/18,0,1285000,-1144150,140850
2013/01/21,0,509000,-182000,327000
2013/01/22,0,738000,-284437,453563
2013/01/23,0,936700,-615709,320991
2013/01/24,0,420000,-733650,-313650
2013/01/25,0,1725060,-1009693,715367
2013/01/28,0,346000,-2565000,-2219000
2013/01/29,0,488700,-526416,-37716
2013/01/30,0,3131892,-2902000,229892
2013/01/31,0,6218245,-2901893,3316352
2013/02/01,0,1043717,-1657150,-613433
2013/02/04,0,925770,-2567886,-1642116
2013/02/05,0,392020,-1910987,-1518967
2013/02/06,0,7411900,-4495448,2916452
2013/02/07,0,0,0,0
2013/02/08,0,0,0,0
2013/02/11,0,0,0,0
2013/02/12,0,0,0,0
2013/02/13,0,0,0,0
2013/02/14,0,0,0,0
2013/02/15,0,0,0,0
2013/02/18,0,2510040,-5061634,-2551594
2013/02/19,0,2140831,-683648,1457183
2013/02/20,0,1650576,-1878195,-227619
2013/02/21,0,1033459,-1732436,-698977
2013/02/22,0,922340,-421567,500773
2013/02/25,0,1297627,-704959,592668
2013/02/26,0,920304,-643000,277304
2013/02/27,0,845147,-990837,-145690
2013/02/28,0,0,0,0
2013/03/01,0,4228019,-2133221,2094798
2013/03/04,0,2256100,-2450363,-194263
2013/03/05,0,1586774,-4286700,-2699926
2013/03/06,0,708800,-4330083,-3621283
2013/03/07,0,3655100,-1914266,1740834
2013/03/08,0,705500,-1675000,-969500
2013/03/11,0,718200,-1018998,-300798
2013/03/12,0,678600,-1425393,-746793
2013/03/13,0,924000,-3878924,-2954924
2013/03/14,0,2341100,-8493963,-6152863
2013/03/15,0,1403402,-7671874,-6268472
2013/03/18,0,3182999,-2133192,1049807
2013/03/19,0,1837966,-1979278,-141312
2013/03/20,0,1312600,-1886245,-573645
2013/03/21,0,246600,-1610672,-1364072
2013/03/22,0,395018,-1380630,-985612
2013/03/25,0,457000,-273100,183900
2013/03/26,0,356980,-409014,-52034
2013/03/27,0,578300,-497925,80375
2013/03/28,0,898378,-625000,273378
2013/03/29,0,368000,-1890000,-1522000
2013/04/01,0,418761,-286200,132561
2013/04/02,0,411011,-1028468,-617457
2013/04/03,0,1252000,-1624200,-372200
2013/04/04,0,0,0,0
2013/04/05,0,0,0,0
2013/04/08,0,2707984,-1710982,997002
2013/04/09,0,4597000,-4076008,520992
2013/04/10,0,3836000,-2279717,1556283
2013/04/11,0,6858804,-1408813,5449991
2013/04/12,0,9995760,-574227,9421533
2013/04/15,0,4003674,-805979,3197695
2013/04/16,0,2447511,-1202348,1245163
2013/04/17,0,6997800,-3804392,3193408
2013/04/18,0,17006000,-1630400,15375600
2013/04/19,0,6673600,-2786197,3887403
2013/04/22,0,831000,-1267621,-436621
2013/04/23,0,1133200,-5432292,-4299092
2013/04/24,0,3952000,-744558,3207442
2013/04/25,0,9089119,-479962,8609157
2013/04/26,0,7335150,-1707314,5627836
2013/04/29,0,9705064,-519687,9185377
2013/04/30,0,18145869,-3795089,14350780
2013/05/01,0,0,0,0
2013/05/02,0,7931199,-6548911,1382288
2013/05/03,0,4004047,-5356319,-1352272
2013/05/06,0,1147437,-3064160,-1916723
2013/05/07,0,1852000,-1466279,385721
2013/05/08,0,2069786,-3677588,-1607802
2013/05/09,0,1803072,-3761000,-1957928
2013/05/10,0,1060000,-3658000,-2598000
2013/05/13,0,1915400,-1301075,614325
2013/05/14,0,952576,-935018,17558
2013/05/15,0,2001050,-1213079,787971
2013/05/16,0,4544000,-577448,3966552
2013/05/17,0,3035000,-2567672,467328
2013/05/20,0,3645280,-318430,3326850
2013/05/21,0,418000,-546089,-128089
2013/05/22,0,947200,-138520,808680
2013/05/23,0,1323250,-2821719,-1498469
2013/05/24,0,416119,-1848563,-1432444
2013/05/27,0,495845,-1979731,-1483886
2013/05/28,0,1596300,-3567248,-1970948
2013/05/29,0,1918200,-4788473,-2870273
2013/05/30,0,1100000,-2153000,-1053000
2013/05/31,0,965120,-3046157,-2081037
2013/06/03,0,3563000,-2125200,1437800
2013/06/04,0,2037440,-2991557,-954117
2013/06/05,0,2927050,-2140171,786879
2013/06/06,0,1041744,-1977300,-935556
2013/06/07,0,417000,-2221408,-1804408
2013/06/10,0,1358070,-2181908,-823838
2013/06/11,0,559008,-2194722,-1635714
2013/06/12,0,0,0,0
2013/06/13,0,1208000,-4702150,-3494150
2013/06/14,0,884740,-3978377,-3093637
2013/06/17,0,1855508,-2365056,-509548
2013/06/18,0,535945,-1824623,-1288678
2013/06/19,0,910262,-3348411,-2438149
2013/06/20,0,704000,-7026911,-6322911
2013/06/21,0,2952200,-8535348,-5583148
2013/06/24,0,428560,-4296224,-3867664
2013/06/25,0,2285000,-3134173,-849173
2013/06/26,0,2219569,-2329796,-110227
2013/06/27,0,1033123,-2277005,-1243882
2013/06/28,0,1259454,-3484000,-2224546
2013/07/01,0,2457087,-10771270,-8314183
2013/07/02,0,1766372,-9360385,-7594013
2013/07/03,0,2234000,-10987950,-8753950
2013/07/04,0,1922000,-6051580,-4129580
2013/07/05,0,2710100,-4086500,-1376400
2013/07/08,0,1509200,-12070000,-10560800
2013/07/09,0,3585000,-8543649,-4958649
2013/07/10,0,3004280,-4955000,-1950720
2013/07/11,0,2802115,-2810715,-8600
2013/07/12,0,1019000,-967000,52000
2013/07/15,0,1392000,-1756307,-364307
2013/07/16,0,994000,-2711721,-1717721
2013/07/17,0,870473,-1049314,-178841
2013/07/18,0,984000,-3475000,-2491000
2013/07/19,0,2123705,-3197000,-1073295
2013/07/22,0,1609727,-2971256,-1361529
2013/07/23,0,1561100,-4265000,-2703900
2013/07/24,0,1192200,-3509660,-2317460
2013/07/25,0,1756000,-3015571,-1259571
2013/07/26,0,444600,-1224544,-779944
2013/07/29,0,575000,-1378700,-803700
2013/07/30,0,872150,-792350,79800
2013/07/31,0,4250630,-2078000,2172630
2013/08/01,0,331000,-266000,65000
2013/08/02,0,5141100,-5508979,-367879
2013/08/05,0,5142000,-7530239,-2388239
2013/08/06,0,4531000,-2864780,1666220
2013/08/07,0,1715318,-1125500,589818
2013/08/08,0,2690485,-1026500,1663985
2013/08/09,0,5756141,-910490,4845651
2013/08/12,0,2013000,-1339750,673250
2013/08/13,0,1873500,-446270,1427230
2013/08/14,0,3251332,-5971000,-2719668
2013/08/15,0,2636000,-2614933,21067
2013/08/16,0,1470000,-1798696,-328696
2013/08/19,0,734000,-489000,245000
2013/08/20,0,2952600,-2242000,710600
2013/08/21,0,0,0,0
2013/08/22,0,2446031,-4063421,-1617390
2013/08/23,0,3040000,-581050,2458950
2013/08/26,0,221000,-691650,-470650
2013/08/27,0,1179000,-1502000,-323000
2013/08/28,0,848000,-1858117,-1010117
2013/08/29,0,573006,-1422865,-849859
2013/08/30,0,3670700,-2502604,1168096
2013/09/02,0,2965900,-4918396,-1952496
2013/09/03,0,1545000,-1470000,75000
2013/09/04,0,530000,-1924000,-1394000
2013/09/05,0,2567763,-2974205,-406442
2013/09/06,0,1920000,-2335500,-415500
2013/09/09,0,2065000,-2265422,-200422
2013/09/10,0,4874000,-500543,4373457
2013/09/11,0,1645000,-290909,1354091
2013/09/12,0,5750000,-630458,5119542
2013/09/13,0,3247000,-1864088,1382912
2013/09/16,0,3606000,-284793,3321207
2013/09/17,0,3040500,-1185134,1855366
2013/09/18,0,2266444,-506000,1760444
2013/09/19,0,0,0,0
2013/09/20,0,0,0,0
2013/09/23,0,1464783,-414269,1050514
2013/09/24,0,961000,-623387,337613
2013/09/25,0,682000,-521034,160966
2013/09/26,0,888200,-1021790,-133590
2013/09/27,0,865000,-1233561,-368561
2013/09/30,0,4254521,-5873000,-1618479
2013/10/01,0,2632000,-1171213,1460787
2013/10/02,0,1588760,-513549,1075211
2013/10/03,0,1796248,-1216000,580248
2013/10/04,0,1804773,-3771000,-1966227
2013/10/07,0,2301259,-1956600,344659
2013/10/08,0,1000000,-2067087,-1067087
2013/10/09,0,818000,-3626391,-2808391
2013/10/10,0,0,0,0
2013/10/11,0,1052648,-4273600,-3220952
2013/10/14,0,1279000,-1342419,-63419
2013/10/15,0,1041000,-630600,410400
2013/10/16,0,1811000,-653065,1157935
2013/10/17,0,983000,-273000,710000
2013/10/18,0,940000,-648838,291162
2013/10/21,0,823000,-358000,465000
2013/10/22,0,2134000,-1478567,655433
2013/10/23,0,1667264,-1561000,106264
2013/10/24,0,3301000,-233850,3067150
2013/10/25,0,6263509,-1706000,4557509
2013/10/28,0,1716000,-732947,983053
2013/10/29,0,590000,-1448059,-858059
2013/10/30,0,1030010,-1423050,-393040
2013/10/31,0,2717100,-1727301,989799
2013/11/01,0,689100,-3495250,-2806150
2013/11/04,0,860000,-1720694,-860694
2013/11/05,0,930000,-3036497,-2106497
2013/11/06,0,4948000,-684000,4264000
2013/11/07,0,5981000,-1130360,4850640
2013/11/08,0,639000,-2580000,-1941000
2013/11/11,0,1853000,-1705000,148000
2013/11/12,0,3606900,-2138130,1468770
2013/11/13,0,2834415,-3256780,-422365
2013/11/14,0,2271123,-1217000,1054123
2013/11/15,0,2246000,-588256,1657744
2013/11/18,0,1749000,-682288,1066712
2013/11/19,0,2394066,-1408388,985678
2013/11/20,0,2483100,-2230475,252625
2013/11/21,0,1809296,-1509659,299637
2013/11/22,0,224000,-732680,-508680
2013/11/25,0,2535000,-780000,1755000
2013/11/26,0,2945000,-1135897,1809103
2013/11/27,0,814909,-1316000,-501091
2013/11/28,0,693000,-663065,29935
2013/11/29,0,999368,-4171500,-3172132
2013/12/02,0,861909,-230102,631807
2013/12/03,0,534365,-1302045,-767680
2013/12/04,0,620000,-1631268,-1011268
2013/12/05,0,571200,-1206609,-635409
2013/12/06,0,398000,-1042100,-644100
2013/12/09,0,750000,-536939,213061
2013/12/10,0,276000,-1032513,-756513
2013/12/11,0,560000,-2825172,-2265172
2013/12/12,0,469000,-1228224,-759224
2013/12/13,0,839000,-932000,-93000
2013/12/16,0,487001,-534503,-47502
2013/12/17,0,108000,-1262534,-1154534
2013/12/18,0,291000,-2709672,-2418672
2013/12/19,0,536200,-5130456,-4594256
2013/12/20,0,2844947,-3186270,-341323
2013/12/23,0,523000,-1965545,-1442545
2013/12/24,0,651000,-359500,291500
2013/12/25,0,91000,-253000,-162000
2013/12/26,0,88000,-293000,-205000
2013/12/27,0,819000,-1152000,-333000
2013/12/30,0,417000,-485667,-68667
2013/12/31,0,598001,-534000,64001
2014/01/02,0,323034,-2416299,-2093265
2014/01/03,0,531000,-1917868,-1386868
2014/01/06,0,672300,-2710302,-2038002
2014/01/07,0,1393000,-1866559,-473559
2014/01/08,0,538000,-2294100,-1756100
2014/01/09,0,436000,-2119940,-1683940
2014/01/10,0,470000,-1750957,-1280957
2014/01/13,0,182000,-784000,-602000
2014/01/14,0,1006000,-860544,145456
2014/01/15,0,1872000,-723589,1148411
2014/01/16,0,526000,-4144050,-3618050
2014/01/17,0,847699,-382910,464789
2014/01/20,0,651100,-560396,90704
2014/01/21,0,5506000,-357878,5148122
2014/01/22,0,2832000,-754900,2077100
2014/01/23,0,720000,-774000,-54000
2014/01/24,0,811000,-2512287,-1701287
2014/01/27,0,643000,-2958085,-2315085
2014/02/05,0,1699583,-7815043,-6115460
2014/02/06,0,1048555,-4399000,-3350445
2014/02/07,0,2791200,-3449050,-657850
2014/02/10,0,621900,-4351000,-3729100
2014/02/11,0,1898955,-2167727,-268772
2014/02/12,0,3012200,-2509435,502765
2014/02/13,0,167700,-731007,-563307
2014/02/14,0,773000,-607300,165700
2014/02/17,0,1529000,-1326300,202700
2014/02/18,0,557000,-619690,-62690
2014/02/19,0,815000,-246150,568850
2014/02/20,0,6696816,-5949968,746848
2014/02/21,0,1464300,-327000,1137300
2014/02/24,0,514000,-610050,-96050
2014/02/25,0,779236,-778520,716
2014/02/26,0,2085000,-1968869,116131
2014/02/27,0,765957,-1197846,-431889
2014/03/03,0,872046,-1132107,-260061
2014/03/04,0,210000,-910500,-700500
2014/03/05,0,1838000,-1335550,502450
2014/03/06,0,1133720,-1209315,-75595
2014/03/07,0,763000,-609000,154000
2014/03/10,0,2374900,-450363,1924537
2014/03/11,0,2618000,-1147426,1470574
2014/03/12,0,6955000,-729667,6225333
2014/03/13,0,1291568,-1956318,-664750
2014/03/14,0,612000,-552000,60000
2014/03/17,0,365000,-596986,-231986
2014/03/18,0,1221000,-684603,536397
2014/03/19,0,258000,-2460734,-2202734
2014/03/20,0,853132,-1241649,-388517
2014/03/21,0,3031410,-691046,2340364
2014/03/24,0,3919072,-947278,2971794
2014/03/25,0,2170000,-1474926,695074
2014/03/26,0,4339700,-1348302,2991398
2014/03/27,0,4447000,-5694100,-1247100
2014/03/28,0,1326000,-465575,860425
2014/03/31,0,2074229,-1286142,788087
2014/04/01,0,2788000,-233641,2554359
2014/04/02,0,3087896,-2293455,794441
2014/04/03,0,985000,-310642,674358
2014/04/07,0,5439650,-419000,5020650
2014/04/08,0,967573,-1368205,-400632
2014/04/09,0,672000,-1506375,-834375
2014/04/10,0,2245610,-3989099,-1743489
2014/04/11,0,694000,-1795000,-1101000
2014/04/14,0,954001,-542000,412001
2014/04/15,0,631000,-1323000,-692000
2014/04/16,0,4010134,-1185574,2824560
2014/04/17,0,949818,-1487000,-537182
2014/04/18,0,270000,-177000,93000
2014/04/21,0,194000,-358000,-164000
2014/04/22,0,2625577,-523000,2102577
2014/04/23,0,220800,-787679,-566879
2014/04/24,0,400000,-281548,118452
2014/04/25,0,1405000,-409350,995650
2014/04/28,0,569000,-2332000,-1763000
2014/04/29,0,750000,-1936000,-1186000
2014/04/30,0,4338337,-2702400,1635937
2014/05/02,0,1301737,-467654,834083
2014/05/05,0,8390000,-784500,7605500
2014/05/06,0,7565800,-2242367,5323433
2014/05/07,0,12951046,-4926000,8025046
2014/05/08,0,1457292,-3779400,-2322108
2014/05/09,0,1622608,-5520744,-3898136
2014/05/12,0,1310363,-777000,533363
2014/05/13,0,765000,-3902477,-3137477
2014/05/14,0,851000,-758601,92399
2014/05/15,0,429000,-1609000,-1180000
2014/05/16,0,820521,-1492874,-672353
2014/05/19,0,402940,-364968,37972
2014/05/20,0,661000,-1105754,-444754
2014/05/21,0,388000,-638100,-250100
2014/05/22,0,477000,-368000,109000
2014/05/23,0,805000,-786560,18440
2014/05/26,0,302000,-1657100,-1355100
2014/05/27,0,107000,-675270,-568270
2014/05/28,0,580055,-436606,143449
2014/05/29,0,855000,-1001189,-146189
2014/05/30,0,2141000,-4525795,-2384795
2014/06/03,0,1323000,-3906044,-2583044
2014/06/04,0,1342000,-9049000,-7707000
2014/06/05,0,1231000,-3150000,-1919000
2014/06/06,0,235000,-1434000,-1199000
2014/06/09,0,955000,-1463865,-508865
2014/06/10,0,1715101,-2079837,-364736
2014/06/11,0,2266582,-2728983,-462401
2014/06/12,0,1027000,-2956000,-1929000
2014/06/13,0,405000,-2316000,-1911000
2014/06/16,0,420000,-5163000,-4743000
2014/06/17,0,402000,-2903682,-2501682
2014/06/18,0,999100,-3369000,-2369900
2014/06/19,0,618451,-3314000,-2695549
2014/06/20,0,4209000,-3000093,1208907
2014/06/23,0,436000,-2293892,-1857892
2014/06/24,0,673000,-2586292,-1913292
2014/06/25,0,224000,-2233705,-2009705
2014/06/26,0,958109,-1163000,-204891
2014/06/27,0,1172151,-1458000,-285849
2014/06/30,0,1552000,-1442760,109240
2014/07/01,0,723000,-375000,348000
2014/07/02,0,1417236,-2067000,-649764
2014/07/03,0,679000,-545000,134000
2014/07/04,0,910000,-1693000,-783000
2014/07/07,0,652000,-1545345,-893345
2014/07/08,0,430000,-315000,115000
2014/07/09,0,272000,-157000,115000
2014/07/10,0,233000,-648000,-415000
2014/07/11,0,213100,-434000,-220900
2014/07/14,0,455000,-1036657,-581657
2014/07/15,0,280197,-725000,-444803
2014/07/16,0,190000,-1787305,-1597305
2014/07/17,0,787612,-2055025,-1267413
2014/07/18,0,2422752,-367100,2055652
2014/07/21,0,794000,-1000839,-206839
2014/07/22,0,900000,-608331,291669
2014/07/23,0,0,0,0
2014/07/24,0,672000,-1526543,-854543
2014/07/25,0,402000,-356000,46000
2014/07/28,0,1212000,-429000,783000
2014/07/29,0,842000,-988000,-146000
2014/07/30,0,900720,-420000,480720
2014/07/31,0,1083000,-1228000,-145000
2014/08/01,0,602500,-970000,-367500
2014/08/04,0,212000,-1181000,-969000
2014/08/05,0,1013000,-2089023,-1076023
2014/08/06,0,1589100,-7410780,-5821680
2014/08/07,0,1666991,-829892,837099
2014/08/08,0,1780000,-503580,1276420
2014/08/11,0,710000,-1263000,-553000
2014/08/12,0,1992100,-563117,1428983
2014/08/13,0,679000,-562400,116600
2014/08/14,0,1127000,-634000,493000
2014/08/15,0,1413260,-294000,1119260
2014/08/18,0,573000,-1936000,-1363000
2014/08/19,0,880995,-756000,124995
2014/08/20,0,958995,-864000,94995
2014/08/21,0,2004100,-2965000,-960900
2014/08/22,0,1222911,-277100,945811
2014/08/25,0,1050000,-273100,776900
2014/08/26,0,153456,-1114151,-960695
2014/08/27,0,517000,-379400,137600
2014/08/28,0,281000,-287000,-6000
2014/08/29,0,1645000,-669646,975354
2014/09/01,0,401000,-443769,-42769
2014/09/02,0,232241,-771600,-539359
2014/09/03,0,866095,-399400,466695
2014/09/04,0,299814,-503179,-203365
2014/09/05,0,173000,-2171000,-1998000
2014/09/09,0,1065000,-777290,287710
2014/09/10,0,163000,-1559000,-1396000
2014/09/11,0,414000,-1039000,-625000
2014/09/12,0,271329,-1036000,-764671
2014/09/15,0,689700,-959000,-269300
2014/09/16,0,465600,-799594,-333994
2014/09/17,0,794589,-495000,299589
2014/09/18,0,200000,-192448,7552
2014/09/19,0,388854,-580000,-191146
2014/09/22,0,579000,-570000,9000
2014/09/23,0,350775,-793389,-442614
2014/09/24,0,369854,-489769,-119915
2014/09/25,0,98000,-616481,-518481
2014/09/26,0,198000,-168000,30000
2014/09/29,0,258000,-1021000,-763000
2014/09/30,0,1472600,-686800,785800
2014/10/01,0,829000,-832606,-3606
2014/10/02,0,359000,-3063000,-2704000
2014/10/03,0,335363,-318000,17363
2014/10/06,0,401000,-547997,-146997
2014/10/07,0,482000,-615000,-133000
2014/10/08,0,122000,-478000,-356000
2014/10/09,0,158000,-261000,-103000
2014/10/13,0,546000,-598140,-52140
2014/10/14,0,1283000,-417000,866000
2014/10/15,0,1490000,-854000,636000
2014/10/16,0,2737769,-344552,2393217
2014/10/17,0,6470000,-5614772,855228
2014/10/20,0,1705000,-541087,1163913
2014/10/21,0,1234000,-452000,782000
2014/10/22,0,718363,-2130000,-1411637
2014/10/23,0,449725,-1105794,-656069
2014/10/24,0,204000,-861945,-657945
2014/10/27,0,604000,-516050,87950
2014/10/28,0,867000,-929000,-62000
2014/10/29,0,753088,-766050,-12962
2014/10/30,0,487000,-175000,312000
2014/10/31,0,1418000,-506000,912000
2014/11/03,0,6073800,-121000,5952800
2014/11/04,0,2128600,-878000,1250600
2014/11/05,0,1657290,-851000,806290
2014/11/06,0,742300,-820000,-77700
2014/11/07,0,690000,-697000,-7000
2014/11/10,0,936000,-141000,795000
2014/11/11,0,1789000,-789500,999500
2014/11/12,0,633000,-910000,-277000
2014/11/13,0,1075000,-335000,740000
2014/11/14,0,2622000,-986000,1636000
2014/11/17,0,2062000,-685261,1376739
2014/11/18,0,1653279,-240000,1413279
2014/11/19,0,2480000,-1043000,1437000
2014/11/20,0,1304000,-211000,1093000
2014/11/21,0,425000,-355000,70000
2014/11/24,0,685000,-140000,545000
2014/11/25,0,5825086,-5361549,463537
2014/11/26,0,618000,-309000,309000
2014/11/27,0,951000,-157691,793309
2014/11/28,0,992000,-487000,505000
2014/12/01,0,1754000,-1062268,691732
2014/12/02,0,1496050,-855000,641050
2014/12/03,0,2126000,-906000,1220000
2014/12/04,0,3012000,-877880,2134120
2014/12/05,0,3678000,-1257000,2421000
2014/12/08,0,1695000,-1081000,614000
2014/12/09,0,1823450,-770000,1053450
2014/12/10,0,2508000,-1050878,1457122
2014/12/11,0,4105000,-915274,3189726
2014/12/12,0,1373339,-1088000,285339
2014/12/15,0,1205805,-1878000,-672195
2014/12/16,0,1162000,-873000,289000
2014/12/17,0,1734000,-2558360,-824360
2014/12/18,0,2832000,-4252000,-1420000
2014/12/19,0,5749482,-8139000,-2389518
2014/12/22,0,1665000,-690250,974750
2014/12/23,0,883000,-834500,48500
2014/12/24,0,1450000,-4292000,-2842000
2014/12/25,0,272000,-1057374,-785374
2014/12/26,0,498000,-554000,-56000
2014/12/29,0,723000,-416200,306800
2014/12/30,0,639000,-769300,-130300
2014/12/31,0,535164,-586532,-51368
2015/01/01,0,0,0,0
2015/01/02,0,0,0,0
2015/01/05,0,1000988,-1689500,-688512
2015/01/06,0,2486000,-1577538,908462
2015/01/07,0,4139000,-867000,3272000
2015/01/08,0,6820958,-665700,6155258
2015/01/09,0,4205000,-595000,3610000
2015/01/12,0,3371400,-671000,2700400
2015/01/13,0,3229918,-629243,2600675
2015/01/14,0,2298000,-714000,1584000
2015/01/15,0,1620000,-1000092,619908
2015/01/16,0,3119000,-856246,2262754
2015/01/19,0,9806000,-872000,8934000
2015/01/20,0,4545000,-741327,3803673
2015/01/21,0,2467000,-1936443,530557
2015/01/22,0,968000,-1356200,-388200
2015/01/23,0,1361000,-1829151,-468151
2015/01/26,0,1392000,-1066000,326000
2015/01/27,0,885000,-1783900,-898900
2015/01/28,0,1256000,-445000,811000
2015/01/29,0,1350000,-907000,443000
2015/01/30,0,1785000,-1119000,666000
2015/02/02,0,1408000,-1107300,300700
2015/02/03,0,635000,-670570,-35570
2015/02/04,0,680000,-1102000,-422000
2015/02/05,0,581000,-432500,148500
2015/02/06,0,877000,-1124000,-247000
2015/02/09,0,1397822,-4985000,-3587178
2015/02/10,0,1469000,-1087013,381987
2015/02/11,0,863128,-852000,11128
2015/02/12,0,6467000,-6515154,-48154
2015/02/13,0,1172000,-366000,806000
2015/02/16,0,0,0,0
2015/02/17,0,0,0,0
2015/02/18,0,0,0,0
2015/02/19,0,0,0,0
2015/02/20,0,0,0,0
2015/02/23,0,0,0,0
2015/02/24,0,1560000,-1499000,61000
2015/02/25,0,785505,-860205,-74700
2015/02/26,0,4055000,-1223078,2831922
2015/02/27,0,0,0,0
2015/03/02,0,725000,-2186137,-1461137
2015/03/03,0,947889,-2646287,-1698398
2015/03/04,0,558000,-1805000,-1247000
2015/03/05,0,540000,-1753102,-1213102
2015/03/06,0,873000,-709000,164000
2015/03/09,0,122000,-739000,-617000
2015/03/10,0,344425,-1165300,-820875
2015/03/11,0,504000,-1511762,-1007762
2015/03/12,0,470000,-462000,8000
2015/03/13,0,245000,-695900,-450900
2015/03/16,0,136000,-1200730,-1064730
2015/03/17,0,549000,-561000,-12000
2015/03/18,0,809000,-1001241,-192241
2015/03/19,0,573000,-488000,85000
2015/03/20,0,1346000,-2451014,-1105014
2015/03/23,0,1082000,-3533000,-2451000
2015/03/24,0,608190,-1357000,-748810
2015/03/25,0,681000,-905152,-224152
2015/03/26,0,716000,-2463700,-1747700
2015/03/27,0,279000,-1836000,-1557000
2015/03/30,0,355300,-1815700,-1460400
2015/03/31,0,1545000,-1252000,293000
2015/04/01,0,275000,-1087257,-812257
2015/04/02,0,1111413,-632500,478913
2015/04/03,0,0,0,0
2015/04/06,0,0,0,0
2015/04/07,0,930000,-1618000,-688000
2015/04/08,0,631000,-1513660,-882660
2015/04/09,0,777000,-2670000,-1893000
2015/04/10,0,672000,-1394350,-722350
2015/04/13,0,431000,-734853,-303853
2015/04/14,0,89000,-872000,-783000
2015/04/15,0,476000,-1813600,-1337600
2015/04/16,0,1006000,-420000,586000
2015/04/17,0,349289,-1287000,-937711
2015/04/20,0,422000,-928000,-506000
2015/04/21,0,933000,-787000,146000
2015/04/22,0,565000,-1750000,-1185000
2015/04/23,0,847000,-505998,341002
2015/04/24,0,3017000,-647000,2370000
2015/04/27,0,670000,-2132504,-1462504
2015/04/28,0,744000,-1921000,-1177000
2015/04/29,0,2628000,-3123870,-495870
2015/04/30,0,2932000,-2516000,416000
2015/05/01,0,0,0,0
2015/05/04,0,2013000,-3005000,-992000
2015/05/05,0,2215000,-2126010,88990
2015/05/06,0,1879000,-2169973,-290973
2015/05/07,0,945000,-2754000,-1809000
2015/05/08,0,560060,-1644000,-1083940
2015/05/11,0,1084000,-1474000,-390000
2015/05/12,0,1127000,-1111400,15600
2015/05/13,0,2229583,-1057050,1172533
2015/05/14,0,540200,-1923515,-1383315
2015/05/15,0,487000,-992022,-505022
2015/05/18,0,1108000,-2311000,-1203000
2015/05/19,0,1956990,-810551,1146439
2015/05/20,0,522000,-2627811,-2105811
2015/05/21,0,2198000,-1720500,477500
2015/05/22,0,992000,-648000,344000
2015/05/25,0,271000,-705000,-434000
2015/05/26,0,675000,-624000,51000
2015/05/27,0,590445,-1176801,-586356
2015/05/28,0,989196,-978289,10907
2015/05/29,0,1952848,-2617649,-664801
2015/06/01,0,879000,-1193000,-314000
2015/06/02,0,2575000,-2091343,483657
2015/06/03,0,1847000,-2140000,-293000
2015/06/04,0,4508000,-1394000,3114000
2015/06/05,0,2030000,-1918000,112000
2015/06/08,0,1502000,-28000,1474000
2015/06/09,0,1200460,-250000,950460
2015/06/10,0,8380000,-5354030,3025970
2015/06/11,0,3431000,-3266500,164500
2015/06/12,0,5057500,-4337000,720500
2015/06/15,0,4537000,-1474050,3062950
2015/06/16,0,2552200,-3251000,-698800
2015/06/17,0,1433389,-3573788,-2140399
2015/06/18,0,1064181,-1614879,-550698
2015/06/19,0,0,0,0
2015/06/22,0,728429,-1382182,-653753
2015/06/23,0,652642,-512002,140640
2015/06/24,0,1590000,-1485730,104270
2015/06/25,0,1737198,-776000,961198
2015/06/26,0,749149,-470000,279149
2015/06/29,0,620000,-1159713,-539713
2015/06/30,0,2987621,-1817956,1169665
2015/07/01,0,1478000,-922950,555050
2015/07/02,0,1134000,-1632000,-498000
2015/07/03,0,644000,-1504000,-860000
2015/07/06,0,681000,-1022103,-341103
2015/07/07,0,1038000,-3580550,-2542550
2015/07/08,0,1677010,-2403000,-725990
2015/07/09,0,1582000,-1970000,-388000
2015/07/10,0,0,0,0
2015/07/13,0,2635884,-941192,1694692
2015/07/14,0,1707000,-1554000,153000
2015/07/15,0,1355000,-647220,707780
2015/07/16,0,1734497,-1012000,722497
2015/07/17,0,909000,-878000,31000
2015/07/20,0,388000,-592000,-204000
2015/07/21,0,788564,-312313,476251
2015/07/22,0,355000,-1608405,-1253405
2015/07/23,0,1073000,-1660000,-587000
2015/07/24,0,821909,-912000,-90091
2015/07/27,0,1353000,-706000,647000
2015/07/28,0,1096000,-1059059,36941
2015/07/29,0,1138000,-1409173,-271173
2015/07/30,0,1242000,-1383000,-141000
2015/07/31,0,1823041,-1769053,53988
2015/08/03,0,851162,-1364000,-512838
2015/08/04,0,2155000,-1383554,771446
2015/08/05,0,1294000,-803000,491000
2015/08/06,0,4508000,-1246000,3262000
2015/08/07,0,380124,-199000,181124
2015/08/10,0,2078000,-4357000,-2279000
2015/08/11,0,5384087,-2385226,2998861
2015/08/12,0,1987000,-1579045,407955
2015/08/13,0,1336000,-2688564,-1352564
2015/08/14,0,4300800,-1858000,2442800
2015/08/17,0,1654884,-1568357,86527
2015/08/18,0,1998000,-2308000,-310000
2015/08/19,0,2628090,-3024000,-395910
2015/08/20,0,1305000,-5101702,-3796702
2015/08/21,0,1071000,-3715020,-2644020
2015/08/24,0,4004000,-2411000,1593000
2015/08/25,0,2699000,-1885058,813942
2015/08/26,0,3498070,-4149302,-651232
2015/08/27,0,2228487,-4624600,-2396113
2015/08/28,0,4540000,-1723330,2816670
2015/08/31,0,3845070,-7183000,-3337930
2015/09/01,0,3288000,-3146060,141940
2015/09/02,0,1138000,-1324289,-186289
2015/09/03,0,549000,-877000,-328000
2015/09/04,0,1017289,-1335098,-317809
2015/09/07,0,553000,-1486000,-933000
2015/09/08,0,2082000,-717000,1365000
2015/09/09,0,2760788,-2555000,205788
2015/09/10,0,2589500,-1550000,1039500
2015/09/11,0,5449000,-1492000,3957000
2015/09/14,0,2452500,-1522000,930500
2015/09/15,0,1526000,-1448474,77526
2015/09/16,0,5077000,-805524,4271476
2015/09/17,0,2371000,-1490604,880396
2015/09/18,0,5896137,-1993807,3902330
2015/09/21,0,3613000,-1554020,2058980
2015/09/22,0,2442000,-994126,1447874
2015/09/23,0,2000000,-1696870,303130
2015/09/24,0,2986000,-1375000,1611000
2015/09/25,0,1806000,-1570923,235077
2015/09/28,0,0,0,0
2015/09/29,0,0,0,0
2015/09/30,0,4317441,-3182397,1135044
2015/10/01,0,2078758,-950000,1128758
2015/10/02,0,2211445,-1447604,763841
2015/10/05,0,1816445,-537552,1278893
2015/10/06,0,1836000,-1134180,701820
2015/10/07,0,1568257,-934000,634257
2015/10/08,0,2640509,-502774,2137735
2015/10/09,0,0,0,0
2015/10/12,0,3095000,-391000,2704000
2015/10/13,0,2380000,-1502158,877842
2015/10/14,0,1668909,-2477000,-808091
2015/10/15,0,1954000,-1314100,639900
2015/10/16,0,3613000,-981935,2631065
2015/10/19,0,5521500,-1260337,4261163
2015/10/20,0,1582000,-2901000,-1319000
2015/10/21,0,1484000,-1141000,343000
2015/10/22,0,1603000,-1220000,383000
2015/10/23,0,1932000,-371000,1561000
2015/10/26,0,1113000,-854000,259000
2015/10/27,0,1711000,-2462602,-751602
2015/10/28,0,821000,-898366,-77366
2015/10/29,0,1719000,-1683798,35202
2015/10/30,0,3462000,-1217539,2244461
2015/11/02,0,1506000,-1766000,-260000
2015/11/03,0,2131000,-549765,1581235
2015/11/04,0,2777000,-457155,2319845
2015/11/05,0,1788000,-798000,990000
2015/11/06,0,3196000,-1559100,1636900
2015/11/09,0,1857951,-829000,1028951
2015/11/10,0,2713062,-964000,1749062
2015/11/11,0,537000,-1996000,-1459000
2015/11/12,0,1605000,-1861000,-256000
2015/11/13,0,1136000,-704337,431663
2015/11/16,0,951000,-1011761,-60761
2015/11/17,0,1818000,-1104025,713975
2015/11/18,0,1803000,-1236949,566051
2015/11/19,0,926000,-500000,426000
2015/11/20,0,3149000,-2251000,898000
2015/11/23,0,2632000,-1582000,1050000
2015/11/24,0,4101626,-1113653,2987973
2015/11/25,0,2214000,-1002050,1211950
2015/11/26,0,2091000,-155609,1935391
2015/11/27,0,1026000,-744000,282000
2015/11/30,0,10570898,-11482959,-912061
2015/12/01,0,4645000,-836798,3808202
2015/12/02,0,1369000,-3131245,-1762245
2015/12/03,0,741000,-1460153,-719153
2015/12/04,0,880000,-1652051,-772051
2015/12/07,0,2074000,-1080426,993574
2015/12/08,0,1203374,-2404817,-1201443
2015/12/09,0,3185000,-3314000,-129000
2015/12/10,0,3563000,-10939421,-7376421
2015/12/11,0,3712000,-3764811,-52811
2015/12/14,0,2508000,-1474542,1033458
2015/12/15,0,1758000,-1818180,-60180
2015/12/16,0,1346000,-817318,528682
2015/12/17,0,2890000,-1571500,1318500
2015/12/18,0,2198398,-5224600,-3026202
2015/12/21,0,1053000,-1703050,-650050
2015/12/22,0,429739,-728302,-298563
2015/12/23,0,1021000,-316000,705000
2015/12/24,0,584000,-532263,51737
2015/12/25,0,831000,-153000,678000
2015/12/28,0,1466000,-578000,888000
2015/12/29,0,1038000,-1534858,-496858
2015/12/30,0,510145,-887788,-377643
2015/12/31,0,529000,-340000,189000
2016/01/01,0,0,0,0
2016/01/04,0,3039600,-1485443,1554157
2016/01/05,0,813656,-1075555,-261899
2016/01/06,0,3023325,-1755532,1267793
2016/01/07,0,2462449,-1576512,885937
2016/01/08,0,1659000,-1243739,415261
2016/01/11,0,1130060,-1898138,-768078
2016/01/12,0,1153000,-901498,251502
2016/01/13,0,1918000,-1227482,690518
2016/01/14,0,809909,-597000,212909
2016/01/15,0,2789000,-1930256,858744
2016/01/18,0,2470000,-1822000,648000
2016/01/19,0,621000,-891334,-270334
2016/01/20,0,1586678,-1306000,280678
2016/01/21,0,957000,-1017000,-60000
2016/01/22,0,1747000,-582000,1165000
2016/01/25,0,2135000,-417000,1718000
2016/01/26,0,1696000,-1360500,335500
2016/01/27,0,2157000,-1769299,387701
2016/01/28,0,1667000,-948879,718121
2016/01/29,0,3390202,-1553000,1837202
2016/02/01,0,1347000,-2025000,-678000
2016/02/02,0,1936102,-1293842,642260
2016/02/03,0,849000,-1944037,-1095037
2016/02/04,0,0,0,0
2016/02/05,0,0,0,0
2016/02/08,0,0,0,0
2016/02/09,0,0,0,0
2016/02/10,0,0,0,0
2016/02/11,0,0,0,0
2016/02/12,0,0,0,0
2016/02/15,0,1674909,-2169465,-494556
2016/02/16,0,5265000,-1032448,4232552
2016/02/17,0,1512818,-2320480,-807662
2016/02/18,0,2009000,-1169213,839787
2016/02/19,0,1730180,-2006672,-276492
2016/02/22,0,1781000,-3707000,-1926000
2016/02/23,0,1502189,-2238000,-735811
2016/02/24,0,2722000,-1138174,1583826
2016/02/25,0,6257575,-1435154,4822421
2016/02/26,0,1341000,-2954343,-1613343
2016/02/29,0,0,0,0
2016/03/01,0,2805999,-2457322,348677
2016/03/02,0,1809328,-3242000,-1432672
2016/03/03,0,4449204,-1100300,3348904
2016/03/04,0,6184000,-518015,5665985
2016/03/07,0,12763000,-3912100,8850900
2016/03/08,0,6044162,-3617000,2427162
2016/03/09,0,8978000,-2461500,6516500
2016/03/10,0,3086500,-2413096,673404
2016/03/11,0,9934000,-2553029,7380971
2016/03/14,0,2805000,-2738000,67000
2016/03/15,0,6353600,-10985312,-4631712
2016/03/16,0,11044000,-11211946,-167946
2016/03/17,0,2353000,-2687000,-334000
2016/03/18,0,3396000,-4542256,-1146256
2016/03/21,0,1478000,-2692050,-1214050
2016/03/22,0,3638000,-3059000,579000
2016/03/23,0,5874706,-6836837,-962131
2016/03/24,0,4147000,-11079403,-6932403
2016/03/25,0,1964000,-1888000,76000
2016/03/28,0,1575000,-3226000,-1651000
2016/03/29,0,3734000,-5828000,-2094000
2016/03/30,0,5473026,-6148965,-675939
2016/03/31,0,5625000,-6094509,-469509
2016/04/01,0,1850443,-7186485,-5336042
2016/04/04,0,0,0,0
2016/04/05,0,0,0,0
2016/04/06,0,3866676,-10472316,-6605640
2016/04/07,0,4724861,-10905000,-6180139
2016/04/08,0,5209100,-14346528,-9137428
2016/04/11,0,5882000,-5532270,349730
2016/04/12,0,5073000,-9423400,-4350400
2016/04/13,0,2051500,-4752550,-2701050
2016/04/14,0,2110001,-3664926,-1554925
2016/04/15,0,1620739,-1963000,-342261
2016/04/18,0,1164000,-1334000,-170000
2016/04/19,0,1096000,-1194800,-98800
2016/04/20,0,7005406,-2777000,4228406
2016/04/21,0,4652000,-3505933,1146067
2016/04/22,0,1499000,-893000,606000
2016/04/25,0,1048000,-1834000,-786000
2016/04/26,0,712452,-1224000,-511548
2016/04/27,0,3944001,-3172144,771857
2016/04/28,0,438682,-2563000,-2124318
2016/04/29,0,1169000,-2623210,-1454210
2016/05/02,0,0,0,0
2016/05/03,0,2151000,-1215000,936000
2016/05/04,0,1900500,-2686497,-785997
2016/05/05,0,2723000,-3812100,-1089100
2016/05/06,0,6287000,-5951800,335200
2016/05/09,0,2540500,-3394000,-853500
2016/05/10,0,6766900,-5310000,1456900
2016/05/11,0,2112000,-6502000,-4390000
2016/05/12,0,2530000,-2227530,302470
2016/05/13,0,7679015,-4635646,3043369
2016/05/16,0,3088000,-2416000,672000
2016/05/17,0,1652000,-4050000,-2398000
2016/05/18,0,1258952,-3071000,-1812048
2016/05/19,0,2751000,-3055000,-304000
2016/05/20,0,583000,-2041090,-1458090
2016/05/23,0,3620405,-2632000,988405
2016/05/24,0,1445275,-2351000,-905725
2016/05/25,0,10083000,-1158000,8925000
2016/05/26,0,16710950,-6549000,10161950
2016/05/27,0,7181000,-5404000,1777000
2016/05/30,0,10080000,-2957000,7123000
2016/05/31,0,4948100,-5268972,-320872
2016/06/01,0,6233999,-1579857,4654142
2016/06/02,0,8586000,-2241610,6344390
2016/06/03,0,11395909,-1872990,9522919
2016/06/06,0,3330109,-2244000,1086109
2016/06/07,0,10776109,-2950000,7826109
2016/06/08,0,4811109,-2395400,2415709
2016/06/09,0,0,0,0
2016/06/10,0,0,0,0
2016/06/13,0,2279294,-3042000,-762706
2016/06/14,0,2168000,-1512000,656000
2016/06/15,0,2366000,-3484000,-1118000
2016/06/16,0,2289000,-2244614,44386
2016/06/17,0,1852000,-1311798,540202
2016/06/20,0,1888000,-1466312,421688
2016/06/21,0,3095000,-4160000,-1065000
2016/06/22,0,2263142,-1449000,814142
2016/06/23,0,713000,-1228000,-515000
2016/06/24,0,15827000,-8940955,6886045
2016/06/27,0,9076000,-3285400,5790600
2016/06/28,0,4658000,-1870050,2787950
2016/06/29,0,2245000,-5779000,-3534000
2016/06/30,0,2689000,-1937611,751389
2016/07/01,0,2257000,-1851000,406000
2016/07/04,0,1787497,-1362000,425497
2016/07/05,0,434000,-493000,-59000
2016/07/06,0,2787000,-4755859,-1968859
2016/07/07,0,4857000,-1254000,3603000
2016/07/08,0,0,0,0
2016/07/11,0,1958000,-3275000,-1317000
2016/07/12,0,2611000,-2169491,441509
2016/07/13,0,2246162,-2475000,-228838
2016/07/14,0,982000,-1252000,-270000
2016/07/15,0,1139000,-2041632,-902632
2016/07/18,0,1682000,-2748000,-1066000
2016/07/19,0,2065352,-1398000,667352
2016/07/20,0,3407648,-4793000,-1385352
2016/07/21,0,1634497,-2458138,-823641
2016/07/22,0,1816000,-1283720,532280
2016/07/25,0,993000,-1499000,-506000
2016/07/26,0,2320000,-2357559,-37559
2016/07/27,0,2968000,-5333000,-2365000
2016/07/28,0,4301000,-5139700,-838700
2016/07/29,0,9212000,-7298727,1913273
2016/08/01,0,4995440,-5532216,-536776
2016/08/02,0,7446000,-4756479,2689521
2016/08/03,0,4565000,-3467000,1098000
2016/08/04,0,2168000,-1201094,966906
2016/08/05,0,8485408,-3469000,5016408
2016/08/08,0,376000,-382000,-6000
2016/08/09,0,1056000,-303000,753000
2016/08/10,0,1119675,-607155,512520
2016/08/11,0,650000,-716000,-66000
2016/08/12,0,1349000,-815000,534000
2016/08/15,0,776000,-367000,409000
2016/08/16,0,2262000,-971000,1291000
2016/08/17,0,1520215,-2500000,-979785
2016/08/18,0,255000,-719150,-464150
2016/08/19,0,461431,-1668808,-1207377
2016/08/22,0,1724000,-4477000,-2753000
2016/08/23,0,1711352,-2877000,-1165648
2016/08/24,0,1199000,-1393064,-194064
2016/08/25,0,2793000,-3347000,-554000
2016/08/26,0,872320,-3143800,-2271480
2016/08/29,0,1050000,-3232000,-2182000
2016/08/30,0,2443000,-2743000,-300000
2016/08/31,0,3798137,-3205417,592720
2016/09/01,0,996000,-3935000,-2939000
2016/09/02,0,1190000,-2552000,-1362000
2016/09/05,0,1674000,-2483000,-809000
2016/09/06,0,1160000,-1847000,-687000
2016/09/07,0,2428000,-1988000,440000
2016/09/08,0,835000,-1328000,-493000
2016/09/09,0,593000,-1252000,-659000
2016/09/12,0,916645,-2927000,-2010355
2016/09/13,0,2434000,-3066000,-632000
2016/09/14,0,4416444,-8389088,-3972644
2016/09/15,0,0,0,0
2016/09/16,0,0,0,0
2016/09/19,0,2835000,-2343000,492000
2016/09/20,0,1100693,-4763776,-3663083
2016/09/21,0,3644000,-1011000,2633000
2016/09/22,0,995000,-1137000,-142000
2016/09/23,0,893000,-1128000,-235000
2016/09/26,0,584214,-1115150,-530936
2016/09/27,0,0,0,0
2016/09/28,0,0,0,0
2016/09/29,0,3881793,-1018514,2863279
2016/09/30,0,5509924,-2994901,2515023
2016/10/03,0,1386004,-1069340,316664
2016/10/04,0,1922432,-2354577,-432145
2016/10/05,0,1896000,-2025562,-129562
2016/10/06,0,2395306,-1198342,1196964
2016/10/07,0,4861365,-2164000,2697365
2016/10/10,0,0,0,0
2016/10/11,0,8612000,-1402000,7210000
2016/10/12,0,4773024,-2542490,2230534
2016/10/13,0,1773865,-3541000,-1767135
2016/10/14,0,1554000,-932000,622000
2016/10/17,0,708000,-1160600,-452600
2016/10/18,0,1760644,-2197000,-436356
2016/10/19,0,5087909,-1339000,3748909
2016/10/20,0,5607000,-3208134,2398866
2016/10/21,0,3280000,-914000,2366000
2016/10/24,0,761326,-658000,103326
2016/10/25,0,1018989,-2029000,-1010011
2016/10/26,0,3443325,-1654954,1788371
2016/10/27,0,2898693,-2145000,753693
2016/10/28,0,3303000,-3148150,154850
2016/10/31,0,2188868,-2852033,-663165
2016/11/01,0,1636124,-1195000,441124
2016/11/02,0,1246249,-1233186,13063
2016/11/03,0,1079000,-4835000,-3756000
2016/11/04,0,2807000,-3742000,-935000
2016/11/07,0,1279000,-2274000,-995000
2016/11/08,0,1172199,-1114033,58166
2016/11/09,0,1475000,-2758000,-1283000
2016/11/10,0,1136000,-2213150,-1077150
2016/11/11,0,1063487,-3854152,-2790665
2016/11/14,0,1976455,-8789000,-6812545
2016/11/15,0,924000,-1390000,-466000
2016/11/16,0,2568000,-2061050,506950
2016/11/17,0,508452,-1140662,-632210
2016/11/18,0,2787966,-1597214,1190752
2016/11/21,0,300483,-2217396,-1916913
2016/11/22,0,1359000,-1458161,-99161
2016/11/23,0,956000,-335135,620865
2016/11/24,0,2573000,-829000,1744000
2016/11/25,0,1012936,-819593,193343
2016/11/28,0,1017000,-735649,281351
2016/11/29,0,1686000,-1145584,540416
2016/11/30,0,3186000,-2655295,530705
2016/12/01,0,1140374,-1281000,-140626
2016/12/02,0,420458,-1063000,-642542
2016/12/05,0,1187001,-1295337,-108336
2016/12/06,0,1073000,-673000,400000
2016/12/07,0,620000,-4506000,-3886000
2016/12/08,0,1106000,-2453000,-1347000
2016/12/09,0,2613624,-1081960,1531664
2016/12/12,0,565970,-834000,-268030
2016/12/13,0,758036,-2432643,-1674607
2016/12/14,0,599320,-2344000,-1744680
2016/12/15,0,1289000,-2704000,-1415000
2016/12/16,0,1125471,-2060950,-935479
2016/12/19,0,315000,-1178000,-863000
2016/12/20,0,626156,-1609062,-982906
2016/12/21,0,758519,-1829102,-1070583
2016/12/22,0,415548,-1992000,-1576452
2016/12/23,0,449000,-1190500,-741500
2016/12/26,0,411000,-816000,-405000
2016/12/27,0,557000,-643000,-86000
2016/12/28,0,828000,-796000,32000
2016/12/29,0,467036,-970619,-503583
2016/12/30,0,1705000,-397741,1307259
2017/01/02,0,0,0,0
2017/01/03,0,575000,-993938,-418938
2017/01/04,0,4372000,-1373209,2998791
2017/01/05,0,849731,-1222000,-372269
2017/01/06,0,963000,-261743,701257
2017/01/09,0,580509,-2021000,-1440491
2017/01/10,0,687000,-1650000,-963000
2017/01/11,0,955826,-833000,122826
2017/01/12,0,1657000,-662148,994852
2017/01/13,0,802047,-971000,-168953
2017/01/16,0,611000,-935000,-324000
2017/01/17,0,804356,-280000,524356
2017/01/18,0,4987000,-1247401,3739599
2017/01/19,0,559509,-1646122,-1086613
2017/01/20,0,732950,-1326064,-593114
2017/01/23,0,1267791,-4862510,-3594719
2017/01/24,0,2030395,-1019000,1011395
2017/01/25,0,0,0,0
2017/01/26,0,0,0,0
2017/01/27,0,0,0,0
2017/01/30,0,0,0,0
2017/01/31,0,0,0,0
2017/02/01,0,0,0,0
2017/02/02,0,2035620,-3719633,-1684013
2017/02/03,0,935000,-2862909,-1927909
2017/02/06,0,739000,-2043000,-1304000
2017/02/07,0,1263442,-2975735,-1712293
2017/02/08,0,727528,-2032000,-1304472
2017/02/09,0,702929,-3243280,-2540351
2017/02/10,0,875000,-2803650,-1928650
2017/02/13,0,613498,-1665000,-1051502
2017/02/14,0,1267000,-2344000,-1077000
2017/02/15,0,4943000,-3062758,1880242
2017/02/16,0,698000,-2716000,-2018000
2017/02/17,0,381000,-2253000,-1872000
2017/02/20,0,1660400,-1528000,132400
2017/02/21,0,560000,-762000,-202000
2017/02/22,0,849000,-4258000,-3409000
2017/02/23,0,969000,-3017500,-2048500
2017/02/24,0,1065000,-869477,195523
2017/02/27,0,0,0,0
2017/02/28,0,0,0,0
2017/03/01,0,988075,-1860961,-872886
2017/03/02,0,471206,-1366822,-895616
2017/03/03,0,886000,-1367121,-481121
2017/03/06,0,491692,-1664224,-1172532
2017/03/07,0,832305,-799636,32669
2017/03/08,0,201000,-458222,-257222
2017/03/09,0,246000,-985695,-739695
2017/03/10,0,517183,-906000,-388817
2017/03/13,0,230163,-569000,-338837
2017/03/14,0,1419913,-2413407,-993494
2017/03/15,0,569000,-5462581,-4893581
2017/03/16,0,705000,-1758000,-1053000
2017/03/17,0,1309648,-1784543,-474895
2017/03/20,0,963031,-385000,578031
2017/03/21,0,1017516,-357000,660516
2017/03/22,0,664350,-286585,377765
2017/03/23,0,1230351,-718941,511410
2017/03/24,0,516765,-519415,-2650
2017/03/27,0,760350,-216979,543371
2017/03/28,0,2211350,-1226350,985000
2017/03/29,0,974015,-420000,554015
2017/03/30,0,602350,-504000,98350
2017/03/31,0,1403350,-1335479,67871
2017/04/03,0,0,0,0
2017/04/04,0,0,0,0
2017/04/05,0,4955845,-1940850,3014995
2017/04/06,0,1894351,-838000,1056351
2017/04/07,0,3906850,-1442000,2464850
2017/04/10,0,1026350,-204000,822350
2017/04/11,0,674350,-704000,-29650
2017/04/12,0,724350,-868000,-143650
2017/04/13,0,480350,-746000,-265650
2017/04/14,0,447350,-1096150,-648800
2017/04/17,0,1063000,-1812000,-749000
2017/04/18,0,777426,-1200245,-422819
2017/04/19,0,3398000,-1257474,2140526
2017/04/20,0,1119061,-1821000,-701939
2017/04/21,0,628000,-1318679,-690679
2017/04/24,0,750000,-618052,131948
2017/04/25,0,716003,-620000,96003
2017/04/26,0,1072000,-746000,326000
2017/04/27,0,1548000,-472000,1076000
2017/04/28,0,1520000,-1889606,-369606
2017/05/01,0,0,0,0
2017/05/02,0,2790000,-3732000,-942000
2017/05/03,0,981080,-1152000,-170920
2017/05/04,0,917116,-285000,632116
2017/05/05,0,299486,-464000,-164514
2017/05/08,0,1727691,-4016200,-2288509
2017/05/09,0,3958963,-8095000,-4136037
2017/05/10,0,5565000,-3537000,2028000
2017/05/11,0,2217147,-2142446,74701
2017/05/12,0,2892446,-2993000,-100554
2017/05/15,0,1213241,-2090000,-876759
2017/05/16,0,2734050,-1743139,990911
2017/05/17,0,2483000,-3340000,-857000
2017/05/18,0,736826,-1559000,-822174
2017/05/19,0,1101000,-1573000,-472000
2017/05/22,0,858905,-897000,-38095
2017/05/23,0,1005660,-572000,433660
2017/05/24,0,560000,-1520000,-960000
2017/05/25,0,1692050,-1086484,605566
2017/05/26,0,0,0,0
2017/05/29,0,0,0,0
2017/05/30,0,0,0,0
2017/05/31,0,3312872,-4198030,-885158
2017/06/01,0,248000,-2050854,-1802854
2017/06/02,0,828000,-1281000,-453000
2017/06/05,0,655000,-806492,-151492
2017/06/06,0,406000,-1118000,-712000
2017/06/07,0,1140000,-1569000,-429000
2017/06/08,0,465000,-1227102,-762102
2017/06/09,0,548212,-1522000,-973788
2017/06/12,0,73000,-1018000,-945000
2017/06/13,0,214000,-565807,-351807
2017/06/14,0,537000,-1615561,-1078561
2017/06/15,0,479000,-1373000,-894000
2017/06/16,0,3110049,-2594272,515777
2017/06/19,0,952498,-942000,10498
2017/06/20,0,746100,-1206853,-460753
2017/06/21,0,1093824,-971000,122824
2017/06/22,0,576000,-1112000,-536000
2017/06/23,0,388000,-583000,-195000
2017/06/26,0,1046000,-340000,706000
2017/06/27,0,1665640,-1610000,55640
2017/06/28,0,1711350,-1184000,527350
2017/06/29,0,1009000,-384000,625000
2017/06/30,0,627972,-908791,-280819
2017/07/03,0,265000,-1087418,-822418
2017/07/04,0,980000,-1551000,-571000
2017/07/05,0,385000,-708904,-323904
2017/07/06,0,626000,-908000,-282000
2017/07/07,0,998745,-2429050,-1430305
2017/07/10,0,595186,-495265,99921
2017/07/11,0,968804,-791948,176856
2017/07/12,0,963000,-852189,110811
2017/07/13,0,437900,-378000,59900
2017/07/14,0,817000,-1639322,-822322
2017/07/17,0,2521619,-1297000,1224619
2017/07/18,0,881000,-1532000,-651000
2017/07/19,0,1240702,-1314000,-73298
2017/07/20,0,2530101,-776898,1753203
2017/07/21,0,1548124,-1069000,479124
2017/07/24,0,525238,-943000,-417762
2017/07/25,0,384621,-1535048,-1150427
2017/07/26,0,567000,-1011189,-444189
2017/07/27,0,812000,-849000,-37000
2017/07/28,0,701000,-958701,-257701
2017/07/31,0,1744000,-1465883,278117
2017/08/01,0,942000,-2134000,-1192000
2017/08/02,0,1069000,-1049000,20000
2017/08/03,0,403000,-1053460,-650460
2017/08/04,0,488000,-776000,-288000
2017/08/07,0,651000,-294089,356911
2017/08/08,0,613000,-951000,-338000
2017/08/09,0,674747,-1234000,-559253
2017/08/10,0,436996,-653000,-216004
2017/08/11,0,441000,-776212,-335212
2017/08/14,0,1894000,-3997948,-2103948
2017/08/15,0,2284000,-3054000,-770000
2017/08/16,0,1288000,-948000,340000
2017/08/17,0,1066000,-602000,464000
2017/08/18,0,529000,-797868,-268868
