Date,Open,Buy,Sell,Total
2007/01/02,0,32000,-110000,-78000
2007/01/03,0,40000,-26000,14000
2007/01/04,0,40000,-512016,-472016
2007/01/05,0,40000,-416000,-376000
2007/01/08,0,36000,-364600,-328600
2007/01/09,0,17000,-577680,-560680
2007/01/10,0,20000,-182000,-162000
2007/01/11,0,5000,-48600,-43600
2007/01/12,0,15000,-109000,-94000
2007/01/15,0,0,-136000,-136000
2007/01/16,0,1000,-51000,-50000
2007/01/17,0,79000,-51000,28000
2007/01/18,0,100000,-54000,46000
2007/01/19,0,0,-84400,-84400
2007/01/22,0,8000,-503600,-495600
2007/01/23,0,86000,-307000,-221000
2007/01/24,0,221000,-106400,114600
2007/01/25,0,107000,-509728,-402728
2007/01/26,0,0,-18000,-18000
2007/01/29,0,0,-70000,-70000
2007/01/30,0,8000,-6000,2000
2007/01/31,0,3000,-360,2640
2007/02/01,0,247000,0,247000
2007/02/02,0,248000,-120000,128000
2007/02/05,0,4000,-117000,-113000
2007/02/06,0,6000,-304000,-298000
2007/02/07,0,0,-45288,-45288
2007/02/08,0,0,-6800,-6800
2007/02/09,0,8000,0,8000
2007/02/12,0,6000,-72000,-66000
2007/02/13,0,20000,0,20000
2007/02/14,0,283000,-13000,270000
2007/02/15,0,0,0,0
2007/02/16,0,0,0,0
2007/02/19,0,0,0,0
2007/02/20,0,0,0,0
2007/02/21,0,0,0,0
2007/02/22,0,0,0,0
2007/02/23,0,0,0,0
2007/02/26,0,5000,-20000,-15000
2007/02/27,0,5000,-35000,-30000
2007/02/28,0,0,0,0
2007/03/01,0,6000,0,6000
2007/03/02,0,0,-203000,-203000
2007/03/05,0,0,-71400,-71400
2007/03/06,0,7000,-11000,-4000
2007/03/07,0,20000,-160000,-140000
2007/03/08,0,0,0,0
2007/03/09,0,0,-1000,-1000
2007/03/12,0,2000,0,2000
2007/03/13,0,60000,-58200,1800
2007/03/14,0,60000,-20000,40000
2007/03/15,0,345000,-138000,207000
2007/03/16,0,522000,0,522000
2007/03/19,0,33000,0,33000
2007/03/20,0,70000,-1000,69000
2007/03/21,0,5000,-2000,3000
2007/03/22,0,0,-1000,-1000
2007/03/23,0,54000,-49000,5000
2007/03/26,0,95000,-5000,90000
2007/03/27,0,364000,-4000,360000
2007/03/28,0,100000,0,100000
2007/03/29,0,0,-46000,-46000
2007/03/30,0,144000,-41000,103000
2007/04/02,0,18000,-72000,-54000
2007/04/03,0,20000,-47000,-27000
2007/04/04,0,172000,-41000,131000
2007/04/05,0,0,0,0
2007/04/06,0,0,0,0
2007/04/09,0,273000,-66000,207000
2007/04/10,0,189000,-1400,187600
2007/04/11,0,61000,-1000,60000
2007/04/12,0,30000,-100000,-70000
2007/04/13,0,100000,-111000,-11000
2007/04/16,0,50000,-1000,49000
2007/04/17,0,91000,-120000,-29000
2007/04/18,0,125000,-28000,97000
2007/04/19,0,45000,-3000,42000
2007/04/20,0,59000,-9000,50000
2007/04/23,0,35000,-105000,-70000
2007/04/24,0,0,-42000,-42000
2007/04/25,0,18000,0,18000
2007/04/26,0,188000,0,188000
2007/04/27,0,0,-10000,-10000
2007/04/30,0,110000,0,110000
2007/05/01,0,0,0,0
2007/05/02,0,269000,0,269000
2007/05/03,0,851000,0,851000
2007/05/04,0,815000,0,815000
2007/05/07,0,524000,-53000,471000
2007/05/08,0,460000,-37000,423000
2007/05/09,0,20000,-302000,-282000
2007/05/10,0,45000,-157000,-112000
2007/05/11,0,1000,-56000,-55000
2007/05/14,0,9000,-122000,-113000
2007/05/15,0,89000,-202000,-113000
2007/05/16,0,39000,-494000,-455000
2007/05/17,0,40000,-28000,12000
2007/05/18,0,8000,-9000,-1000
2007/05/21,0,92000,-8000,84000
2007/05/22,0,375000,-30000,345000
2007/05/23,0,289000,-267000,22000
2007/05/24,0,160000,-30000,130000
2007/05/25,0,50000,0,50000
2007/05/28,0,72000,-30000,42000
2007/05/29,0,76000,-1000,75000
2007/05/30,0,571000,-27000,544000
2007/05/31,0,642000,-20000,622000
2007/06/01,0,297000,-67000,230000
2007/06/04,0,201000,-89000,112000
2007/06/05,0,140000,-1000,139000
2007/06/06,0,190000,-122000,68000
2007/06/07,0,169000,-47000,122000
2007/06/08,0,680000,0,680000
2007/06/11,0,228000,-24000,204000
2007/06/12,0,397000,-124000,273000
2007/06/13,0,165000,-50000,115000
2007/06/14,0,41000,-42000,-1000
2007/06/15,0,57000,-39000,18000
2007/06/18,0,0,0,0
2007/06/19,0,0,0,0
2007/06/20,0,53000,-103000,-50000
2007/06/21,0,80000,-22000,58000
2007/06/22,0,156000,-10000,146000
2007/06/25,0,237000,-104000,133000
2007/06/26,0,97000,-72000,25000
2007/06/27,0,85000,-367000,-282000
2007/06/28,0,60000,-129000,-69000
2007/06/29,0,48000,-877000,-829000
2007/07/02,0,22000,-587000,-565000
2007/07/03,0,60000,-184400,-124400
2007/07/04,0,146000,-77000,69000
2007/07/05,0,99000,-104000,-5000
2007/07/06,0,51000,-42000,9000
2007/07/09,0,77000,-80000,-3000
2007/07/10,0,184000,-212000,-28000
2007/07/11,0,0,0,0
2007/07/12,0,185000,-32000,153000
2007/07/13,0,445000,-125000,320000
2007/07/16,0,51000,-123000,-72000
2007/07/17,0,47000,-254000,-207000
2007/07/18,0,190000,-418000,-228000
2007/07/19,0,168000,-213000,-45000
2007/07/20,0,0,-177000,-177000
2007/07/23,0,121000,-314000,-193000
2007/07/24,0,30000,-91000,-61000
2007/07/25,0,390000,-53000,337000
2007/07/26,0,293000,-2000,291000
2007/07/27,0,100000,-123000,-23000
2007/07/30,0,23000,-383000,-360000
2007/07/31,0,20000,-279000,-259000
2007/08/01,0,0,-32000,-32000
2007/08/02,0,9000,-13200,-4200
2007/08/03,0,0,-80000,-80000
2007/08/06,0,1000,-80000,-79000
2007/08/07,0,0,-135000,-135000
2007/08/08,0,4000,0,4000
2007/08/09,0,10000,-124000,-114000
2007/08/10,0,0,-93000,-93000
2007/08/13,0,1000,-15000,-14000
2007/08/14,0,0,-25000,-25000
2007/08/15,0,74000,0,74000
2007/08/16,0,37000,-14000,23000
2007/08/17,0,7000,-65000,-58000
2007/08/20,0,39000,-185000,-146000
2007/08/21,0,0,-144000,-144000
2007/08/22,0,10000,-47000,-37000
2007/08/23,0,7000,0,7000
2007/08/24,0,30000,-1000,29000
2007/08/27,0,30000,-43000,-13000
2007/08/28,0,0,0,0
2007/08/29,0,0,-21000,-21000
2007/08/30,0,115000,-15000,100000
2007/08/31,0,206000,-20000,186000
2007/09/03,0,1740000,-4000,1736000
2007/09/04,0,1047000,-30000,1017000
2007/09/05,0,1588000,-209000,1379000
2007/09/06,0,543000,-79000,464000
2007/09/07,0,100000,-398500,-298500
2007/09/10,0,0,-212520,-212520
2007/09/11,0,55000,-1014960,-959960
2007/09/12,0,0,-21900,-21900
2007/09/13,0,10000,-80000,-70000
2007/09/14,0,211000,-18200,192800
2007/09/17,0,545000,0,545000
2007/09/18,0,0,0,0
2007/09/19,0,976000,-134000,842000
2007/09/20,0,578000,-100,577900
2007/09/21,0,148000,-2000,146000
2007/09/24,0,0,0,0
2007/09/25,0,0,0,0
2007/09/26,0,10000,-15000,-5000
2007/09/27,0,381000,0,381000
2007/09/28,0,578000,-1000,577000
2007/10/01,0,570000,-2000,568000
2007/10/02,0,1062000,-5000,1057000
2007/10/03,0,3034000,0,3034000
2007/10/04,0,820000,0,820000
2007/10/05,0,391000,-2000,389000
2007/10/08,0,580000,-22000,558000
2007/10/09,0,503000,-162000,341000
2007/10/10,0,0,0,0
2007/10/11,0,670000,-5000,665000
2007/10/12,0,250000,-50000,200000
2007/10/15,0,48000,-173000,-125000
2007/10/16,0,876000,0,876000
2007/10/17,0,753000,-5000,748000
2007/10/18,0,273000,0,273000
2007/10/19,0,1447000,-7000,1440000
2007/10/22,0,620000,0,620000
2007/10/23,0,618000,-3000,615000
2007/10/24,0,540000,-4000,536000
2007/10/25,0,472000,-10000,462000
2007/10/26,0,653000,-33000,620000
2007/10/29,0,456000,0,456000
2007/10/30,0,171000,-40000,131000
2007/10/31,0,454000,-204000,250000
2007/11/01,0,527000,-271000,256000
2007/11/02,0,228000,-228400,-400
2007/11/05,0,620000,-599000,21000
2007/11/06,0,341000,-50000,291000
2007/11/07,0,655000,-139000,516000
2007/11/08,0,141000,-237000,-96000
2007/11/09,0,314000,-167000,147000
2007/11/12,0,234000,-209000,25000
2007/11/13,0,276000,-11000,265000
2007/11/14,0,269000,-7000,262000
2007/11/15,0,462000,0,462000
2007/11/16,0,65000,-356000,-291000
2007/11/19,0,212000,-125000,87000
2007/11/20,0,98000,-170500,-72500
2007/11/21,0,134000,-51000,83000
2007/11/22,0,59000,-1039000,-980000
2007/11/23,0,110000,-489000,-379000
2007/11/26,0,47000,-689000,-642000
2007/11/27,0,96000,-79000,17000
2007/11/28,0,43000,-195000,-152000
2007/11/29,0,261000,-18000,243000
2007/11/30,0,104000,-56000,48000
2007/12/03,0,99000,-1500,97500
2007/12/04,0,52000,-236000,-184000
2007/12/05,0,600000,-50000,550000
2007/12/06,0,288000,-719000,-431000
2007/12/07,0,261000,-120000,141000
2007/12/10,0,0,-228000,-228000
2007/12/11,0,10000,-822000,-812000
2007/12/12,0,35000,-173000,-138000
2007/12/13,0,176000,-360000,-184000
2007/12/14,0,2000,-1127500,-1125500
2007/12/17,0,24000,-234000,-210000
2007/12/18,0,102000,-128000,-26000
2007/12/19,0,177000,-11000,166000
2007/12/20,0,70000,-58500,11500
2007/12/21,0,62000,-395000,-333000
2007/12/24,0,119000,-1583000,-1464000
2007/12/25,0,180000,-460020,-280020
2007/12/26,0,18000,-195000,-177000
2007/12/27,0,161000,-72000,89000
2007/12/28,0,290000,-7000,283000
2007/12/31,0,4000,-10000,-6000
2008/01/01,0,0,0,0
2008/01/02,0,5000,-61000,-56000
2008/01/03,0,50000,-941000,-891000
2008/01/04,0,0,-817800,-817800
2008/01/07,0,0,-1660000,-1660000
2008/01/08,0,412000,-6000,406000
2008/01/09,0,268000,-198000,70000
2008/01/10,0,542000,-57000,485000
2008/01/11,0,146000,-46000,100000
2008/01/14,0,149000,-96000,53000
2008/01/15,0,43000,-138600,-95600
2008/01/16,0,0,-274000,-274000
2008/01/17,0,13000,-289000,-276000
2008/01/18,0,10000,-699000,-689000
2008/01/21,0,214000,-68000,146000
2008/01/22,0,62000,-112000,-50000
2008/01/23,0,18000,-98000,-80000
2008/01/24,0,30000,-28000,2000
2008/01/25,0,801000,-38000,763000
2008/01/28,0,113000,-152000,-39000
2008/01/29,0,47000,-154000,-107000
2008/01/30,0,60000,-105800,-45800
2008/01/31,0,115000,-150000,-35000
2008/02/01,0,232000,-1273000,-1041000
2008/02/04,0,0,0,0
2008/02/05,0,0,0,0
2008/02/06,0,0,0,0
2008/02/07,0,0,0,0
2008/02/08,0,0,0,0
2008/02/11,0,0,0,0
2008/02/12,0,41000,-238000,-197000
2008/02/13,0,52000,-61000,-9000
2008/02/14,0,247000,-543000,-296000
2008/02/15,0,103000,-405000,-302000
2008/02/18,0,16000,-85000,-69000
2008/02/19,0,14000,-390000,-376000
2008/02/20,0,45000,-301000,-256000
2008/02/21,0,15000,-34000,-19000
2008/02/22,0,81000,-6000,75000
2008/02/25,0,1000,-143000,-142000
2008/02/26,0,0,-319000,-319000
2008/02/27,0,22000,-399000,-377000
2008/02/28,0,0,0,0
2008/02/29,0,0,-610000,-610000
2008/03/03,0,50000,-401000,-351000
2008/03/04,0,121000,-89000,32000
2008/03/05,0,307000,-63000,244000
2008/03/06,0,81000,-75000,6000
2008/03/07,0,96000,-66000,30000
2008/03/10,0,51000,-63000,-12000
2008/03/11,0,12000,-67000,-55000
2008/03/12,0,64000,-25000,39000
2008/03/13,0,22000,-12000,10000
2008/03/14,0,8000,-50000,-42000
2008/03/17,0,1000,-268000,-267000
2008/03/18,0,13000,-45000,-32000
2008/03/19,0,12000,0,12000
2008/03/20,0,66000,-109000,-43000
2008/03/21,0,218000,-3000,215000
2008/03/24,0,47000,-126000,-79000
2008/03/25,0,406000,-268000,138000
2008/03/26,0,151000,-85000,66000
2008/03/27,0,25000,-95000,-70000
2008/03/28,0,11000,-67000,-56000
2008/03/31,0,192000,-76000,116000
2008/04/01,0,130000,0,130000
2008/04/02,0,24000,-30000,-6000
2008/04/03,0,13000,-61000,-48000
2008/04/04,0,0,0,0
2008/04/07,0,50000,-21000,29000
2008/04/08,0,985000,-31000,954000
2008/04/09,0,529000,0,529000
2008/04/10,0,62000,0,62000
2008/04/11,0,257000,-49000,208000
2008/04/14,0,203000,-179000,24000
2008/04/15,0,24000,-32000,-8000
2008/04/16,0,95000,-23000,72000
2008/04/17,0,20000,-67000,-47000
2008/04/18,0,127000,-104000,23000
2008/04/21,0,380000,-10000,370000
2008/04/22,0,109000,-105000,4000
2008/04/23,0,93000,-171000,-78000
2008/04/24,0,99000,-20000,79000
2008/04/25,0,290000,-20000,270000
2008/04/28,0,16000,-36000,-20000
2008/04/29,0,1000,-8000,-7000
2008/04/30,0,196000,-2000,194000
2008/05/01,0,0,0,0
2008/05/02,0,156000,-1000,155000
2008/05/05,0,278000,-1000,277000
2008/05/06,0,111000,-58000,53000
2008/05/07,0,269000,0,269000
2008/05/08,0,38000,-41000,-3000
2008/05/09,0,95000,0,95000
2008/05/12,0,16000,-3000,13000
2008/05/13,0,29000,-29000,0
2008/05/14,0,190000,-50500,139500
2008/05/15,0,102000,-27000,75000
2008/05/16,0,5000,-204000,-199000
2008/05/19,0,3000,-78000,-75000
2008/05/20,0,18000,-308000,-290000
2008/05/21,0,0,-111000,-111000
2008/05/22,0,3000,-433000,-430000
2008/05/23,0,16000,-77000,-61000
2008/05/26,0,23000,-269000,-246000
2008/05/27,0,149000,-217000,-68000
2008/05/28,0,83000,-100000,-17000
2008/05/29,0,9000,-93000,-84000
2008/05/30,0,5000,-103000,-98000
2008/06/02,0,24000,-105000,-81000
2008/06/03,0,46000,-93000,-47000
2008/06/04,0,4000,-13000,-9000
2008/06/05,0,32000,-24000,8000
2008/06/06,0,14000,-145000,-131000
2008/06/09,0,110000,-20000,90000
2008/06/10,0,5000,-1870000,-1865000
2008/06/11,0,25000,-1273000,-1248000
2008/06/12,0,123000,-157000,-34000
2008/06/13,0,21000,-257000,-236000
2008/06/16,0,54000,-484000,-430000
2008/06/17,0,16000,-219000,-203000
2008/06/18,0,0,-136000,-136000
2008/06/19,0,0,-128000,-128000
2008/06/20,0,19000,-238000,-219000
2008/06/23,0,111000,-56000,55000
2008/06/24,0,50000,-37000,13000
2008/06/25,0,56000,-80000,-24000
2008/06/26,0,78000,-439000,-361000
2008/06/27,0,32000,-321960,-289960
2008/06/30,0,146000,-9000,137000
2008/07/01,0,420000,-45000,375000
2008/07/02,0,177000,0,177000
2008/07/03,0,37000,-55000,-18000
2008/07/04,0,72000,-130000,-58000
2008/07/07,0,32000,-229000,-197000
2008/07/08,0,81000,-60000,21000
2008/07/09,0,198000,-45000,153000
2008/07/10,0,143000,-56000,87000
2008/07/11,0,496000,0,496000
2008/07/14,0,208000,-5000,203000
2008/07/15,0,144000,-115000,29000
2008/07/16,0,435000,-193000,242000
2008/07/17,0,1198000,-290000,908000
2008/07/18,0,360000,-25000,335000
2008/07/21,0,257000,-32000,225000
2008/07/22,0,34000,-91000,-57000
2008/07/23,0,368000,-165000,203000
2008/07/24,0,312000,-29000,283000
2008/07/25,0,236000,0,236000
2008/07/28,0,0,0,0
2008/07/29,0,58000,-7000,51000
2008/07/30,0,268000,-57000,211000
2008/07/31,0,16000,-199000,-183000
2008/08/01,0,766000,0,766000
2008/08/04,0,520000,-9000,511000
2008/08/05,0,1109000,-6000,1103000
2008/08/06,0,601000,0,601000
2008/08/07,0,620000,-20000,600000
2008/08/08,0,782000,-4000,778000
2008/08/11,0,268000,-57000,211000
2008/08/12,0,61000,-2000,59000
2008/08/13,0,58000,-25000,33000
2008/08/14,0,30000,-193000,-163000
2008/08/15,0,366000,-338900,27100
2008/08/18,0,225000,-3000,222000
2008/08/19,0,113000,-22000,91000
2008/08/20,0,139000,-359000,-220000
2008/08/21,0,460000,-23000,437000
2008/08/22,0,463000,-70000,393000
2008/08/25,0,70000,-8650,61350
2008/08/26,0,100000,-70000,30000
2008/08/27,0,95000,-50790,44210
2008/08/28,0,64000,-100000,-36000
2008/08/29,0,44000,-104000,-60000
2008/09/01,0,5000,-96700,-91700
2008/09/02,0,84000,-702000,-618000
2008/09/03,0,285000,-12000,273000
2008/09/04,0,183000,-62000,121000
2008/09/05,0,367000,0,367000
2008/09/08,0,255000,-26400,228600
2008/09/09,0,59000,-179000,-120000
2008/09/10,0,203000,0,203000
2008/09/11,0,76000,0,76000
2008/09/12,0,168000,-31000,137000
2008/09/15,0,302000,-15000,287000
2008/09/16,0,202000,-23000,179000
2008/09/17,0,420000,-25000,395000
2008/09/18,0,103000,-72000,31000
2008/09/19,0,891000,-83000,808000
2008/09/22,0,140000,-203500,-63500
2008/09/23,0,72000,-45000,27000
2008/09/24,0,165000,-209700,-44700
2008/09/25,0,84000,-143400,-59400
2008/09/26,0,46000,-88400,-42400
2008/09/29,0,0,0,0
2008/09/30,0,30000,0,30000
2008/10/01,0,189000,-37000,152000
2008/10/02,0,22000,-814900,-792900
2008/10/03,0,180000,-615970,-435970
2008/10/06,0,155000,-476000,-321000
2008/10/07,0,669000,-394000,275000
2008/10/08,0,139000,-185000,-46000
2008/10/09,0,282000,-34000,248000
2008/10/10,0,0,0,0
2008/10/13,0,190000,-178000,12000
2008/10/14,0,508000,-38470,469530
2008/10/15,0,61000,-32000,29000
2008/10/16,0,3000,-92000,-89000
2008/10/17,0,146000,-294000,-148000
2008/10/20,0,13000,-37000,-24000
2008/10/21,0,177000,-80500,96500
2008/10/22,0,78000,-101000,-23000
2008/10/23,0,3000,-15000,-12000
2008/10/24,0,2000,0,2000
2008/10/27,0,20000,-133000,-113000
2008/10/28,0,681000,-454300,226700
2008/10/29,0,765000,-124000,641000
2008/10/30,0,490000,-4630,485370
2008/10/31,0,402000,-12100,389900
2008/11/03,0,536000,0,536000
2008/11/04,0,61000,-367000,-306000
2008/11/05,0,36000,-161000,-125000
2008/11/06,0,4000,-1118000,-1114000
2008/11/07,0,126000,-542000,-416000
2008/11/10,0,93000,-335000,-242000
2008/11/11,0,126000,-286900,-160900
2008/11/12,0,169000,-185000,-16000
2008/11/13,0,161000,-225000,-64000
2008/11/14,0,359000,-202000,157000
2008/11/17,0,18000,-687500,-669500
2008/11/18,0,26000,-444000,-418000
2008/11/19,0,194000,-637430,-443430
2008/11/20,0,1454000,-1783300,-329300
2008/11/21,0,235000,-476900,-241900
2008/11/24,0,335000,-175900,159100
2008/11/25,0,168000,-284500,-116500
2008/11/26,0,128000,-169000,-41000
2008/11/27,0,204000,-116000,88000
2008/11/28,0,56000,-542000,-486000
2008/12/01,0,62000,-172000,-110000
2008/12/02,0,6000,-252500,-246500
2008/12/03,0,39000,-2482000,-2443000
2008/12/04,0,51000,-248200,-197200
2008/12/05,0,142000,-771000,-629000
2008/12/08,0,106000,-190400,-84400
2008/12/09,0,329000,-173900,155100
2008/12/10,0,215000,-188500,26500
2008/12/11,0,146000,-63000,83000
2008/12/12,0,245000,-37364,207636
2008/12/15,0,348000,-164000,184000
2008/12/16,0,16000,-259800,-243800
2008/12/17,0,191000,-710000,-519000
2008/12/18,0,41000,-535000,-494000
2008/12/19,0,32000,-143000,-111000
2008/12/22,0,4000,-163000,-159000
2008/12/23,0,22000,-378000,-356000
2008/12/24,0,227000,-83400,143600
2008/12/25,0,98000,-501100,-403100
2008/12/26,0,13000,-178400,-165400
2008/12/29,0,5000,-423000,-418000
2008/12/30,0,163000,-255000,-92000
2008/12/31,0,33000,-86000,-53000
2009/01/01,0,0,0,0
2009/01/02,0,0,0,0
2009/01/05,0,175000,-84900,90100
2009/01/06,0,25000,-175000,-150000
2009/01/07,0,444000,-221000,223000
2009/01/08,0,51000,-375000,-324000
2009/01/09,0,60000,-24000,36000
2009/01/12,0,2000,-96500,-94500
2009/01/13,0,168000,-110000,58000
2009/01/14,0,106000,-88000,18000
2009/01/15,0,83000,-155000,-72000
2009/01/16,0,82000,-67000,15000
2009/01/19,0,170000,-77000,93000
2009/01/20,0,182000,-60000,122000
2009/01/21,0,85000,-90000,-5000
2009/01/22,0,0,0,0
2009/01/23,0,0,0,0
2009/01/26,0,0,0,0
2009/01/27,0,0,0,0
2009/01/28,0,0,0,0
2009/01/29,0,0,0,0
2009/01/30,0,0,0,0
2009/02/02,0,100000,-102000,-2000
2009/02/03,0,456000,-25000,431000
2009/02/04,0,957000,-11000,946000
2009/02/05,0,60000,-656000,-596000
2009/02/06,0,92000,-128000,-36000
2009/02/09,0,1136000,-99900,1036100
2009/02/10,0,376000,-78400,297600
2009/02/11,0,286000,-32000,254000
2009/02/12,0,76000,-483000,-407000
2009/02/13,0,205000,-81000,124000
2009/02/16,0,335000,-55000,280000
2009/02/17,0,192000,-136000,56000
2009/02/18,0,437000,-142900,294100
2009/02/19,0,301000,0,301000
2009/02/20,0,75000,-36000,39000
2009/02/23,0,127000,-5000,122000
2009/02/24,0,65000,-270000,-205000
2009/02/25,0,156000,-31000,125000
2009/02/26,0,20000,-47000,-27000
2009/02/27,0,40000,-20000,20000
2009/03/02,0,51000,-34000,17000
2009/03/03,0,83000,-120000,-37000
2009/03/04,0,225000,0,225000
2009/03/05,0,367000,-15000,352000
2009/03/06,0,2000,-219000,-217000
2009/03/09,0,40000,-1630700,-1590700
2009/03/10,0,114000,-209000,-95000
2009/03/11,0,144000,-37000,107000
2009/03/12,0,291000,-40000,251000
2009/03/13,0,544000,-3000,541000
2009/03/16,0,216000,-114000,102000
2009/03/17,0,0,-213000,-213000
2009/03/18,0,14000,-8000,6000
2009/03/19,0,98000,-65000,33000
2009/03/20,0,98000,-448000,-350000
2009/03/23,0,38000,-184000,-146000
2009/03/24,0,61000,-427000,-366000
2009/03/25,0,50000,-1005610,-955610
2009/03/26,0,10000,-194900,-184900
2009/03/27,0,2000,-32000,-30000
2009/03/30,0,0,-182000,-182000
2009/03/31,0,120000,-365000,-245000
2009/04/01,0,0,-117000,-117000
2009/04/02,0,24000,-205000,-181000
2009/04/03,0,97000,-77000,20000
2009/04/06,0,9000,-880400,-871400
2009/04/07,0,70000,-1764000,-1694000
2009/04/08,0,0,-278000,-278000
2009/04/09,0,72000,-365000,-293000
2009/04/10,0,0,-552000,-552000
2009/04/13,0,59000,-465000,-406000
2009/04/14,0,0,-22700,-22700
2009/04/15,0,31000,-419800,-388800
2009/04/16,0,525000,-4000,521000
2009/04/17,0,155000,-70000,85000
2009/04/20,0,58000,-47000,11000
2009/04/21,0,187000,-156000,31000
2009/04/22,0,744000,-18000,726000
2009/04/23,0,52000,-238500,-186500
2009/04/24,0,14000,-84000,-70000
2009/04/27,0,433000,-20000,413000
2009/04/28,0,574000,-8000,566000
2009/04/29,0,261000,-39000,222000
2009/04/30,0,531000,-8000,523000
2009/05/01,0,0,0,0
2009/05/04,0,206000,0,206000
2009/05/05,0,78000,-165000,-87000
2009/05/06,0,80000,-184000,-104000
2009/05/07,0,111000,-1544000,-1433000
2009/05/08,0,22000,-513000,-491000
2009/05/11,0,184000,-91000,93000
2009/05/12,0,442000,-8000,434000
2009/05/13,0,729000,-26000,703000
2009/05/14,0,10000,-55000,-45000
2009/05/15,0,218000,-58000,160000
2009/05/18,0,45000,-20000,25000
2009/05/19,0,338000,-2000,336000
2009/05/20,0,482000,-176000,306000
2009/05/21,0,311000,-103000,208000
2009/05/22,0,224000,-78000,146000
2009/05/25,0,196000,-429000,-233000
2009/05/26,0,35000,-137000,-102000
2009/05/27,0,503000,-42000,461000
2009/05/28,0,0,0,0
2009/05/29,0,0,0,0
2009/06/01,0,258000,-71000,187000
2009/06/02,0,15000,-144000,-129000
2009/06/03,0,0,-129000,-129000
2009/06/04,0,15000,-167000,-152000
2009/06/05,0,0,-138000,-138000
2009/06/08,0,187000,-895000,-708000
2009/06/09,0,60000,-612000,-552000
2009/06/10,0,397000,-174000,223000
2009/06/11,0,409000,-105000,304000
2009/06/12,0,86000,-179000,-93000
2009/06/15,0,22000,-126000,-104000
2009/06/16,0,5000,-129000,-124000
2009/06/17,0,199000,-382000,-183000
2009/06/18,0,3000,-262000,-259000
2009/06/19,0,27000,-499000,-472000
2009/06/22,0,63000,-83000,-20000
2009/06/23,0,0,-54000,-54000
2009/06/24,0,27000,-56000,-29000
2009/06/25,0,15000,-107000,-92000
2009/06/26,0,0,-55000,-55000
2009/06/29,0,2000,-35498,-33498
2009/06/30,0,0,-25000,-25000
2009/07/01,0,5000,-29700,-24700
2009/07/02,0,6000,-150000,-144000
2009/07/03,0,0,-1487000,-1487000
2009/07/06,0,4000,-609000,-605000
2009/07/07,0,321000,-617000,-296000
2009/07/08,0,13000,-901200,-888200
2009/07/09,0,143000,-260000,-117000
2009/07/10,0,0,-736000,-736000
2009/07/13,0,7000,-236000,-229000
2009/07/14,0,20000,-281000,-261000
2009/07/15,0,0,-255000,-255000
2009/07/16,0,0,-208000,-208000
2009/07/17,0,0,-295000,-295000
2009/07/20,0,0,-277000,-277000
2009/07/21,0,50000,-104000,-54000
2009/07/22,0,0,-335650,-335650
2009/07/23,0,0,-235000,-235000
2009/07/24,0,0,-393000,-393000
2009/07/27,0,8000,-127200,-119200
2009/07/28,0,0,-65000,-65000
2009/07/29,0,14000,-674300,-660300
2009/07/30,0,26000,-1454800,-1428800
2009/07/31,0,41000,-423000,-382000
2009/08/03,0,10000,-155050,-145050
2009/08/04,0,0,-10400,-10400
2009/08/05,0,120000,-1900200,-1780200
2009/08/06,0,0,-248000,-248000
2009/08/07,0,0,0,0
2009/08/10,0,2000,-614200,-612200
2009/08/11,0,1000,-621333,-620333
2009/08/12,0,0,-370000,-370000
2009/08/13,0,0,-81350,-81350
2009/08/14,0,26000,-536100,-510100
2009/08/17,0,0,-232000,-232000
2009/08/18,0,21000,-150000,-129000
2009/08/19,0,56000,-123000,-67000
2009/08/20,0,0,-6000,-6000
2009/08/21,0,0,-57000,-57000
2009/08/24,0,6000,-118000,-112000
2009/08/25,0,5000,-57000,-52000
2009/08/26,0,0,-54000,-54000
2009/08/27,0,30000,-20000,10000
2009/08/28,0,124000,0,124000
2009/08/31,0,4000,-7000,-3000
2009/09/01,0,88000,-35000,53000
2009/09/02,0,0,-40600,-40600
2009/09/03,0,0,-98888,-98888
2009/09/04,0,345000,-7255,337745
2009/09/07,0,823000,-2700,820300
2009/09/08,0,533000,-282575,250425
2009/09/09,0,8000,-1975,6025
2009/09/10,0,274000,-75325,198675
2009/09/11,0,232000,-750,231250
2009/09/14,0,597000,-12000,585000
2009/09/15,0,486000,-212000,274000
2009/09/16,0,362000,-122750,239250
2009/09/17,0,82000,-90765,-8765
2009/09/18,0,297000,0,297000
2009/09/21,0,946000,-13550,932450
2009/09/22,0,288000,-3100,284900
2009/09/23,0,271000,-3220,267780
2009/09/24,0,151000,-16800,134200
2009/09/25,0,0,0,0
2009/09/28,0,1000,-158250,-157250
2009/09/29,0,31000,-1500,29500
2009/09/30,0,5000,-15000,-10000
2009/10/01,0,0,-345305,-345305
2009/10/02,0,1000,-362900,-361900
2009/10/05,0,30000,-139650,-109650
2009/10/06,0,158000,0,158000
2009/10/07,0,4000,-15000,-11000
2009/10/08,0,0,-55560,-55560
2009/10/09,0,1000,-104525,-103525
2009/10/12,0,0,-62000,-62000
2009/10/13,0,8000,-60000,-52000
2009/10/14,0,0,-134500,-134500
2009/10/15,0,50000,-242220,-192220
2009/10/16,0,0,-5000,-5000
2009/10/19,0,2000,-279670,-277670
2009/10/20,0,14000,-742720,-728720
2009/10/21,0,7000,-150550,-143550
2009/10/22,0,0,-75000,-75000
2009/10/23,0,0,-697250,-697250
2009/10/26,0,0,-85886,-85886
2009/10/27,0,1000,-124000,-123000
2009/10/28,0,424000,-106000,318000
2009/10/29,0,0,0,0
2009/10/30,0,2000,-89000,-87000
2009/11/02,0,241000,0,241000
2009/11/03,0,65000,0,65000
2009/11/04,0,66000,-187000,-121000
2009/11/05,0,5000,-178000,-173000
2009/11/06,0,31000,-38900,-7900
2009/11/09,0,46000,-189000,-143000
2009/11/10,0,364000,-57440,306560
2009/11/11,0,70000,0,70000
2009/11/12,0,0,-51000,-51000
2009/11/13,0,184000,-2000,182000
2009/11/16,0,94000,0,94000
2009/11/17,0,0,-50000,-50000
2009/11/18,0,299000,-52000,247000
2009/11/19,0,211000,-65000,146000
2009/11/20,0,0,-171500,-171500
2009/11/23,0,0,-57000,-57000
2009/11/24,0,0,-491000,-491000
2009/11/25,0,0,-278000,-278000
2009/11/26,0,0,-234000,-234000
2009/11/27,0,0,-204000,-204000
2009/11/30,0,0,-177000,-177000
2009/12/01,0,0,-35000,-35000
2009/12/02,0,0,-81887,-81887
2009/12/03,0,60000,0,60000
2009/12/04,0,0,-721000,-721000
2009/12/07,0,0,-1439890,-1439890
2009/12/08,0,0,-481958,-481958
2009/12/09,0,0,-55000,-55000
2009/12/10,0,0,-425175,-425175
2009/12/11,0,113000,-45000,68000
2009/12/14,0,10000,-11000,-1000
2009/12/15,0,0,-33000,-33000
2009/12/16,0,0,-11065,-11065
2009/12/17,0,0,-23000,-23000
2009/12/18,0,1000,-86000,-85000
2009/12/21,0,1000,-50000,-49000
2009/12/22,0,50000,-1100,48900
2009/12/23,0,0,-400800,-400800
2009/12/24,0,0,-682,-682
2009/12/25,0,0,-2750,-2750
2009/12/28,0,0,-12000,-12000
2009/12/29,0,0,-166950,-166950
2009/12/30,0,0,-45000,-45000
2009/12/31,0,0,-51000,-51000
2010/01/01,0,0,0,0
2010/01/04,0,1000,-16700,-15700
2010/01/05,0,43000,-87500,-44500
2010/01/06,0,156000,-26000,130000
2010/01/07,0,0,-1700,-1700
2010/01/08,0,4000,0,4000
2010/01/11,0,0,-6000,-6000
2010/01/12,0,6000,-31750,-25750
2010/01/13,0,0,-10000,-10000
2010/01/14,0,25000,0,25000
2010/01/15,0,416000,-23000,393000
2010/01/18,0,61000,-58000,3000
2010/01/19,0,55000,-130000,-75000
2010/01/20,0,0,-137000,-137000
2010/01/21,0,0,-930,-930
2010/01/22,0,0,0,0
2010/01/25,0,0,-72750,-72750
2010/01/26,0,24000,-70000,-46000
2010/01/27,0,6000,-170000,-164000
2010/01/28,0,0,-175000,-175000
2010/01/29,0,1000,-104205,-103205
2010/02/01,0,2000,0,2000
2010/02/02,0,0,0,0
2010/02/03,0,1000,0,1000
2010/02/04,0,1000,-630,370
2010/02/05,0,0,0,0
2010/02/08,0,3000,-99000,-96000
2010/02/09,0,51000,-52000,-1000
2010/02/10,0,10000,0,10000
2010/02/11,0,0,0,0
2010/02/12,0,0,0,0
2010/02/15,0,0,0,0
2010/02/16,0,0,0,0
2010/02/17,0,0,0,0
2010/02/18,0,0,0,0
2010/02/19,0,0,0,0
2010/02/22,0,0,-3000,-3000
2010/02/23,0,262000,0,262000
2010/02/24,0,212000,0,212000
2010/02/25,0,29000,0,29000
2010/02/26,0,0,0,0
2010/03/01,0,283000,0,283000
2010/03/02,0,0,0,0
2010/03/03,0,85000,-30000,55000
2010/03/04,0,0,-1000,-1000
2010/03/05,0,0,0,0
2010/03/08,0,554000,0,554000
2010/03/09,0,0,0,0
2010/03/10,0,288000,-1527,286473
2010/03/11,0,195000,-250000,-55000
2010/03/12,0,7000,-4000,3000
2010/03/15,0,168000,0,168000
2010/03/16,0,57000,0,57000
2010/03/17,0,308000,-39000,269000
2010/03/18,0,0,0,0
2010/03/19,0,0,-1000,-1000
2010/03/22,0,278000,-1000,277000
2010/03/23,0,495000,0,495000
2010/03/24,0,0,-13650,-13650
2010/03/25,0,186000,-3545,182455
2010/03/26,0,84000,0,84000
2010/03/29,0,329000,0,329000
2010/03/30,0,17000,0,17000
2010/03/31,0,676000,-1000,675000
2010/04/01,0,343000,0,343000
2010/04/02,0,52000,-275000,-223000
2010/04/05,0,0,0,0
2010/04/06,0,150000,-1000,149000
2010/04/07,0,610000,-106000,504000
2010/04/08,0,13000,-123000,-110000
2010/04/09,0,37000,-279000,-242000
2010/04/12,0,55000,-88000,-33000
2010/04/13,0,0,-137000,-137000
2010/04/14,0,37000,-47000,-10000
2010/04/15,0,0,-75000,-75000
2010/04/16,0,0,-2000,-2000
2010/04/19,0,0,-867,-867
2010/04/20,0,101000,-55000,46000
2010/04/21,0,49000,-3000,46000
2010/04/22,0,11000,-50000,-39000
2010/04/23,0,102000,0,102000
2010/04/26,0,30000,-7000,23000
2010/04/27,0,0,-61000,-61000
2010/04/28,0,8000,0,8000
2010/04/29,0,183000,-750000,-567000
2010/04/30,0,144000,-461474,-317474
2010/05/03,0,0,-60000,-60000
2010/05/04,0,176000,0,176000
2010/05/05,0,30000,-2000,28000
2010/05/06,0,100000,-177000,-77000
2010/05/07,0,1000,-146000,-145000
2010/05/10,0,4000,-211000,-207000
2010/05/11,0,150000,-190000,-40000
2010/05/12,0,34000,-138000,-104000
2010/05/13,0,92000,0,92000
2010/05/14,0,188000,-20000,168000
2010/05/17,0,0,-8000,-8000
2010/05/18,0,53000,-7000,46000
2010/05/19,0,21000,-3000,18000
2010/05/20,0,189000,-34450,154550
2010/05/21,0,100000,-221000,-121000
2010/05/24,0,105000,-1000,104000
2010/05/25,0,50000,-69000,-19000
2010/05/26,0,51000,-244000,-193000
2010/05/27,0,103000,0,103000
2010/05/28,0,0,-1000,-1000
2010/05/31,0,60000,-103000,-43000
2010/06/01,0,50000,-58000,-8000
2010/06/02,0,73000,-56000,17000
2010/06/03,0,0,-303000,-303000
2010/06/04,0,0,-75000,-75000
2010/06/07,0,0,-304000,-304000
2010/06/08,0,1000,-29250,-28250
2010/06/09,0,40000,-28000,12000
2010/06/10,0,1000,0,1000
2010/06/11,0,0,0,0
2010/06/14,0,1000,-45826,-44826
2010/06/15,0,0,-55000,-55000
2010/06/16,0,0,0,0
2010/06/17,0,0,-95000,-95000
2010/06/18,0,0,-140000,-140000
2010/06/21,0,0,0,0
2010/06/22,0,16000,-23000,-7000
2010/06/23,0,63000,-3000,60000
2010/06/24,0,9000,-78000,-69000
2010/06/25,0,8000,0,8000
2010/06/28,0,355000,0,355000
2010/06/29,0,1000,-21000,-20000
2010/06/30,0,363000,0,363000
2010/07/01,0,974000,0,974000
2010/07/02,0,746000,0,746000
2010/07/05,0,1690000,0,1690000
2010/07/06,0,891000,0,891000
2010/07/07,0,1015000,-40000,975000
2010/07/08,0,338000,0,338000
2010/07/09,0,65000,0,65000
2010/07/12,0,135000,0,135000
2010/07/13,0,270000,-75000,195000
2010/07/14,0,109000,-63000,46000
2010/07/15,0,30000,-14000,16000
2010/07/16,0,20000,-320000,-300000
2010/07/19,0,102000,-38000,64000
2010/07/20,0,272000,0,272000
2010/07/21,0,194000,-48000,146000
2010/07/22,0,96000,-8000,88000
2010/07/23,0,20000,-117495,-97495
2010/07/26,0,137000,-33000,104000
2010/07/27,0,329000,-1000,328000
2010/07/28,0,463000,0,463000
2010/07/29,0,638000,-1000,637000
2010/07/30,0,309000,-102000,207000
2010/08/02,0,131000,-28000,103000
2010/08/03,0,97000,0,97000
2010/08/04,0,30000,-214000,-184000
2010/08/05,0,307000,-163000,144000
2010/08/06,0,103000,-52000,51000
2010/08/09,0,172000,0,172000
2010/08/10,0,134000,-3000,131000
2010/08/11,0,25000,-3000,22000
2010/08/12,0,5000,-175000,-170000
2010/08/13,0,106000,-12450,93550
2010/08/16,0,336000,-1000,335000
2010/08/17,0,303000,-3000,300000
2010/08/18,0,95000,-1000,94000
2010/08/19,0,72000,-20000,52000
2010/08/20,0,228000,-1000,227000
2010/08/23,0,413000,-16000,397000
2010/08/24,0,198000,-11000,187000
2010/08/25,0,10000,-1000,9000
2010/08/26,0,4000,-1000,3000
2010/08/27,0,111000,-312000,-201000
2010/08/30,0,47000,-5154,41846
2010/08/31,0,196000,-141050,54950
2010/09/01,0,179000,-223000,-44000
2010/09/02,0,159000,-35000,124000
2010/09/03,0,295000,-5000,290000
2010/09/06,0,291000,-86000,205000
2010/09/07,0,720000,0,720000
2010/09/08,0,912000,-50000,862000
2010/09/09,0,352000,0,352000
2010/09/10,0,363000,0,363000
2010/09/13,0,165000,0,165000
2010/09/14,0,246000,-154000,92000
2010/09/15,0,237000,-20200,216800
2010/09/16,0,119000,-126900,-7900
2010/09/17,0,43000,-43000,0
2010/09/20,0,88000,-118000,-30000
2010/09/21,0,100000,-23000,77000
2010/09/22,0,0,0,0
2010/09/23,0,36000,-19000,17000
2010/09/24,0,0,-21000,-21000
2010/09/27,0,60000,-25000,35000
2010/09/28,0,21000,-68200,-47200
2010/09/29,0,5000,-160000,-155000
2010/09/30,0,102000,-88000,14000
2010/10/01,0,75000,-309000,-234000
2010/10/04,0,102000,-149000,-47000
2010/10/05,0,43000,-138850,-95850
2010/10/06,0,116000,-50500,65500
2010/10/07,0,73000,-85000,-12000
2010/10/08,0,155000,-219000,-64000
2010/10/11,0,16000,-31000,-15000
2010/10/12,0,0,-101000,-101000
2010/10/13,0,133000,-961000,-828000
2010/10/14,0,21000,-180000,-159000
2010/10/15,0,62000,-89000,-27000
2010/10/18,0,32000,-1025600,-993600
2010/10/19,0,186000,-310500,-124500
2010/10/20,0,328000,-43250,284750
2010/10/21,0,22000,-50000,-28000
2010/10/22,0,55000,-35000,20000
2010/10/25,0,153000,-225300,-72300
2010/10/26,0,117000,-360600,-243600
2010/10/27,0,27000,-50000,-23000
2010/10/28,0,298000,-60000,238000
2010/10/29,0,237000,-92000,145000
2010/11/01,0,403000,-50000,353000
2010/11/02,0,165000,-125000,40000
2010/11/03,0,321000,-74000,247000
2010/11/04,0,8000,-3000,5000
2010/11/05,0,0,-60500,-60500
2010/11/08,0,27000,-168000,-141000
2010/11/09,0,1000,-127000,-126000
2010/11/10,0,0,-33000,-33000
2010/11/11,0,1000,-172650,-171650
2010/11/12,0,0,-261750,-261750
2010/11/15,0,0,-2000,-2000
2010/11/16,0,69000,-68000,1000
2010/11/17,0,40000,-19000,21000
2010/11/18,0,30000,-10000,20000
2010/11/19,0,45000,-15000,30000
2010/11/22,0,12000,-30000,-18000
2010/11/23,0,4000,-418150,-414150
2010/11/24,0,5000,-75000,-70000
2010/11/25,0,32000,-68000,-36000
2010/11/26,0,33000,-44000,-11000
2010/11/29,0,0,-3000,-3000
2010/11/30,0,0,-62000,-62000
2010/12/01,0,29000,-12500,16500
2010/12/02,0,186000,-2500,183500
2010/12/03,0,26000,-45000,-19000
2010/12/06,0,0,-395000,-395000
2010/12/07,0,72000,-185000,-113000
2010/12/08,0,2000,-42750,-40750
2010/12/09,0,0,-45000,-45000
2010/12/10,0,120000,-71000,49000
2010/12/13,0,13000,-16000,-3000
2010/12/14,0,20000,-71000,-51000
2010/12/15,0,6000,-28000,-22000
2010/12/16,0,3000,-35000,-32000
2010/12/17,0,159000,-241000,-82000
2010/12/20,0,230000,-148000,82000
2010/12/21,0,1000,-100000,-99000
2010/12/22,0,19000,-33000,-14000
2010/12/23,0,60000,0,60000
2010/12/24,0,111000,-63000,48000
2010/12/27,0,0,-6000,-6000
2010/12/28,0,0,-14000,-14000
2010/12/29,0,0,-4000,-4000
2010/12/30,0,20000,-178000,-158000
2010/12/31,0,39000,-52000,-13000
2011/01/03,0,206000,-130000,76000
2011/01/04,0,20000,-129000,-109000
2011/01/05,0,62000,-13000,49000
2011/01/06,0,165000,-104000,61000
2011/01/07,0,5000,-57000,-52000
2011/01/10,0,29000,-177000,-148000
2011/01/11,0,33000,-85000,-52000
2011/01/12,0,10000,-413150,-403150
2011/01/13,0,46000,-498000,-452000
2011/01/14,0,47000,-364000,-317000
2011/01/17,0,61000,-219500,-158500
2011/01/18,0,23000,-7000,16000
2011/01/19,0,121000,-18000,103000
2011/01/20,0,15000,-61000,-46000
2011/01/21,0,5000,-218000,-213000
2011/01/24,0,29000,-144741,-115741
2011/01/25,0,98000,-51000,47000
2011/01/26,0,209000,-145000,64000
2011/01/27,0,18000,-38450,-20450
2011/01/28,0,6000,-46000,-40000
2011/01/31,0,0,0,0
2011/02/01,0,0,0,0
2011/02/02,0,0,0,0
2011/02/03,0,0,0,0
2011/02/04,0,0,0,0
2011/02/07,0,0,0,0
2011/02/08,0,0,-1000,-1000
2011/02/09,0,2000,-36000,-34000
2011/02/10,0,0,-53500,-53500
2011/02/11,0,7000,-16000,-9000
2011/02/14,0,33000,0,33000
2011/02/15,0,1000,-40000,-39000
2011/02/16,0,10000,-17000,-7000
2011/02/17,0,47000,-18000,29000
2011/02/18,0,65000,-36000,29000
2011/02/21,0,28000,-92000,-64000
2011/02/22,0,20000,-21000,-1000
2011/02/23,0,25000,-26000,-1000
2011/02/24,0,16000,-15000,1000
2011/02/25,0,61000,-28000,33000
2011/02/28,0,0,0,0
2011/03/01,0,88000,-40000,48000
2011/03/02,0,47000,-78000,-31000
2011/03/03,0,39000,-47000,-8000
2011/03/04,0,111000,-88000,23000
2011/03/07,0,64000,-75000,-11000
2011/03/08,0,0,-68500,-68500
2011/03/09,0,9000,-1000,8000
2011/03/10,0,21000,-99000,-78000
2011/03/11,0,67000,-22000,45000
2011/03/14,0,24000,-87000,-63000
2011/03/15,0,20000,-76000,-56000
2011/03/16,0,164000,-64000,100000
2011/03/17,0,75000,-141000,-66000
2011/03/18,0,25000,-110000,-85000
2011/03/21,0,3000,0,3000
2011/03/22,0,160000,-28000,132000
2011/03/23,0,29000,-102000,-73000
2011/03/24,0,8000,-153000,-145000
2011/03/25,0,12000,-16000,-4000
2011/03/28,0,0,0,0
2011/03/29,0,0,-116000,-116000
2011/03/30,0,0,-10000,-10000
2011/03/31,0,23000,-73000,-50000
2011/04/01,0,31000,-15000,16000
2011/04/04,0,0,0,0
2011/04/05,0,0,0,0
2011/04/06,0,20000,-17000,3000
2011/04/07,0,10000,-38000,-28000
2011/04/08,0,1000,-123000,-122000
2011/04/11,0,65000,-102750,-37750
2011/04/12,0,61000,-69000,-8000
2011/04/13,0,52000,-135000,-83000
2011/04/14,0,52000,-55600,-3600
2011/04/15,0,25000,-44000,-19000
2011/04/18,0,31000,-65000,-34000
2011/04/19,0,16000,-77000,-61000
2011/04/20,0,3000,-77000,-74000
2011/04/21,0,21000,-52000,-31000
2011/04/22,0,24000,-14000,10000
2011/04/25,0,13000,-6000,7000
2011/04/26,0,2000,-23000,-21000
2011/04/27,0,70000,-31271,38729
2011/04/28,0,0,-15000,-15000
2011/04/29,0,0,-20000,-20000
2011/05/02,0,0,0,0
2011/05/03,0,160000,-104000,56000
2011/05/04,0,60000,-17000,43000
2011/05/05,0,105000,-7000,98000
2011/05/06,0,121000,-37000,84000
2011/05/09,0,27000,-11000,16000
2011/05/10,0,0,-54000,-54000
2011/05/11,0,2000,-5000,-3000
2011/05/12,0,27000,-12000,15000
2011/05/13,0,5000,-93000,-88000
2011/05/16,0,1000,-163000,-162000
2011/05/17,0,54000,-28000,26000
2011/05/18,0,72000,0,72000
2011/05/19,0,86000,-1000,85000
2011/05/20,0,88000,-26000,62000
2011/05/23,0,129000,0,129000
2011/05/24,0,34000,-5000,29000
2011/05/25,0,3000,0,3000
2011/05/26,0,132000,-119000,13000
2011/05/27,0,98000,-26000,72000
2011/05/30,0,71000,-57000,14000
2011/05/31,0,95000,0,95000
2011/06/01,0,25000,-45000,-20000
2011/06/02,0,84000,-10000,74000
2011/06/03,0,38000,-10000,28000
2011/06/06,0,0,0,0
2011/06/07,0,140000,-37000,103000
2011/06/08,0,86000,-47000,39000
2011/06/09,0,20000,0,20000
2011/06/10,0,20000,-243000,-223000
2011/06/13,0,47000,-31000,16000
2011/06/14,0,160000,-4000,156000
2011/06/15,0,64000,-157000,-93000
2011/06/16,0,98000,-134000,-36000
2011/06/17,0,191000,-207000,-16000
2011/06/20,0,109000,-75000,34000
2011/06/21,0,136000,-43000,93000
2011/06/22,0,121000,-44150,76850
2011/06/23,0,30000,-37200,-7200
2011/06/24,0,1000,-274500,-273500
2011/06/27,0,6000,-54000,-48000
2011/06/28,0,20000,-52000,-32000
2011/06/29,0,82000,-265000,-183000
2011/06/30,0,68000,-236550,-168550
2011/07/01,0,78000,-39000,39000
2011/07/04,0,141000,-62000,79000
2011/07/05,0,59000,-38000,21000
2011/07/06,0,116000,-170000,-54000
2011/07/07,0,7000,-136000,-129000
2011/07/08,0,241000,-272000,-31000
2011/07/11,0,103000,-224000,-121000
2011/07/12,0,34000,-367000,-333000
2011/07/13,0,55000,-163500,-108500
2011/07/14,0,147000,-210000,-63000
2011/07/15,0,70000,-191000,-121000
2011/07/18,0,335000,-11000,324000
2011/07/19,0,87000,-15000,72000
2011/07/20,0,54000,-9000,45000
2011/07/21,0,76000,-72000,4000
2011/07/22,0,38000,-202000,-164000
2011/07/25,0,83000,-42000,41000
2011/07/26,0,297000,-16000,281000
2011/07/27,0,100000,-71000,29000
2011/07/28,0,97000,-410000,-313000
2011/07/29,0,15000,-747000,-732000
2011/08/01,0,16000,-211000,-195000
2011/08/02,0,352000,-153000,199000
2011/08/03,0,24000,-25000,-1000
2011/08/04,0,51700,-99000,-47300
2011/08/05,0,125000,-243000,-118000
2011/08/08,0,91000,-105000,-14000
2011/08/09,0,73250,-5000,68250
2011/08/10,0,80000,-4000,76000
2011/08/11,0,48000,-8000,40000
2011/08/12,0,25000,-48000,-23000
2011/08/15,0,30000,0,30000
2011/08/16,0,230000,-83000,147000
2011/08/17,0,43000,-90000,-47000
2011/08/18,0,29000,-173000,-144000
2011/08/19,0,27000,-257000,-230000
2011/08/22,0,45000,-182200,-137200
2011/08/23,0,37000,-75955,-38955
2011/08/24,0,63000,-202027,-139027
2011/08/25,0,10000,-105150,-95150
2011/08/26,0,43000,-62900,-19900
2011/08/29,0,2000,-29900,-27900
2011/08/30,0,146000,-89950,56050
2011/08/31,0,46000,-223905,-177905
2011/09/01,0,7000,-133550,-126550
2011/09/02,0,127000,-32750,94250
2011/09/05,0,28000,-322837,-294837
2011/09/06,0,0,-510587,-510587
2011/09/07,0,0,-72750,-72750
2011/09/08,0,158000,0,158000
2011/09/09,0,173000,-5000,168000
2011/09/12,0,0,0,0
2011/09/13,0,96000,-881,95119
2011/09/14,0,8600,-50050,-41450
2011/09/15,0,49000,-1250,47750
2011/09/16,0,42000,-100427,-58427
2011/09/19,0,8000,-111950,-103950
2011/09/20,0,110000,-55000,55000
2011/09/21,0,68309,-94000,-25691
2011/09/22,0,42000,-6000,36000
2011/09/23,0,13000,-109925,-96925
2011/09/26,0,28000,-95000,-67000
2011/09/27,0,69000,-32470,36530
2011/09/28,0,133000,-77000,56000
2011/09/29,0,271000,-38200,232800
2011/09/30,0,90000,-15600,74400
2011/10/03,0,133000,-3000,130000
2011/10/04,0,36000,-80100,-44100
2011/10/05,0,100000,-63200,36800
2011/10/06,0,261000,-45000,216000
2011/10/07,0,517000,-32000,485000
2011/10/10,0,0,0,0
2011/10/11,0,69000,-52000,17000
2011/10/12,0,237000,-13000,224000
2011/10/13,0,560900,-2000,558900
2011/10/14,0,346000,-44000,302000
2011/10/17,0,7000,-9230,-2230
2011/10/18,0,21000,-586440,-565440
2011/10/19,0,3000,-170000,-167000
2011/10/20,0,0,-32000,-32000
2011/10/21,0,4000,-493464,-489464
2011/10/24,0,46000,-42000,4000
2011/10/25,0,3000,-65000,-62000
2011/10/26,0,33000,-45000,-12000
2011/10/27,0,6000,-302389,-296389
2011/10/28,0,54000,0,54000
2011/10/31,0,122000,-4000,118000
2011/11/01,0,24000,-820235,-796235
2011/11/02,0,4000,-196900,-192900
2011/11/03,0,1000,-293200,-292200
2011/11/04,0,69000,-105850,-36850
2011/11/07,0,30000,-43650,-13650
2011/11/08,0,69000,-76150,-7150
2011/11/09,0,103000,-44900,58100
2011/11/10,0,24000,-90000,-66000
2011/11/11,0,37000,-97000,-60000
2011/11/14,0,157000,-253,156747
2011/11/15,0,643000,-3000,640000
2011/11/16,0,114000,0,114000
2011/11/17,0,19000,-1000,18000
2011/11/18,0,7000,0,7000
2011/11/21,0,77000,-20000,57000
2011/11/22,0,4000,-527206,-523206
2011/11/23,0,13000,-293525,-280525
2011/11/24,0,3000,-145662,-142662
2011/11/25,0,34000,-2386866,-2352866
2011/11/28,0,39000,-813564,-774564
2011/11/29,0,40000,-319662,-279662
2011/11/30,0,1000,-541100,-540100
2011/12/01,0,8000,-493354,-485354
2011/12/02,0,100000,-684600,-584600
2011/12/05,0,8000,-590530,-582530
2011/12/06,0,72000,-236870,-164870
2011/12/07,0,11000,-191012,-180012
2011/12/08,0,9000,-187500,-178500
2011/12/09,0,17000,-101125,-84125
2011/12/12,0,182000,-55000,127000
2011/12/13,0,185000,0,185000
2011/12/14,0,172000,-4000,168000
2011/12/15,0,491000,-32000,459000
2011/12/16,0,66000,-5000,61000
2011/12/19,0,196000,-23000,173000
2011/12/20,0,385000,-6000,379000
2011/12/21,0,922000,0,922000
2011/12/22,0,588000,0,588000
2011/12/23,0,300000,-2000,298000
2011/12/26,0,89000,-155000,-66000
2011/12/27,0,154000,-68000,86000
2011/12/28,0,6000,-14000,-8000
2011/12/29,0,65000,-115000,-50000
2011/12/30,0,9000,-1000,8000
2012/01/02,0,64000,-469900,-405900
2012/01/03,0,15000,-568800,-553800
2012/01/04,0,114000,-127000,-13000
2012/01/05,0,3000,-401041,-398041
2012/01/06,0,24000,-401500,-377500
2012/01/09,0,2000,-446000,-444000
2012/01/10,0,0,-316000,-316000
2012/01/11,0,6000,-131000,-125000
2012/01/12,0,69000,-55000,14000
2012/01/13,0,80000,-8000,72000
2012/01/16,0,364000,-40000,324000
2012/01/17,0,45000,-9350,35650
2012/01/18,0,25000,-65000,-40000
2012/01/19,0,0,0,0
2012/01/20,0,0,0,0
2012/01/23,0,0,0,0
2012/01/24,0,0,0,0
2012/01/25,0,0,0,0
2012/01/26,0,0,0,0
2012/01/27,0,0,0,0
2012/01/30,0,0,-1000,-1000
2012/01/31,0,260000,-8000,252000
2012/02/01,0,161000,-50000,111000
2012/02/02,0,842000,-5000,837000
2012/02/03,0,461000,-2000,459000
2012/02/06,0,326000,-58000,268000
2012/02/07,0,213000,-659500,-446500
2012/02/08,0,238000,-205677,32323
2012/02/09,0,318000,-14178,303822
2012/02/10,0,265000,-76000,189000
2012/02/13,0,226000,-268750,-42750
2012/02/14,0,401000,-62000,339000
2012/02/15,0,661000,-87000,574000
2012/02/16,0,106000,-47000,59000
2012/02/17,0,393000,-214000,179000
2012/02/20,0,48000,-57160,-9160
2012/02/21,0,73000,0,73000
2012/02/22,0,585000,0,585000
2012/02/23,0,982000,-2000,980000
2012/02/24,0,200000,-4000,196000
2012/02/27,0,0,0,0
2012/02/28,0,0,0,0
2012/02/29,0,404000,-66000,338000
2012/03/01,0,23000,-152000,-129000
2012/03/02,0,82000,-79000,3000
2012/03/05,0,13000,-175000,-162000
2012/03/06,0,41000,-35000,6000
2012/03/07,0,2000,-260000,-258000
2012/03/08,0,22381,-285000,-262619
2012/03/09,0,3000,-6000,-3000
2012/03/12,0,1000,-135000,-134000
2012/03/13,0,34000,-373000,-339000
2012/03/14,0,196000,-107000,89000
2012/03/15,0,47000,-205000,-158000
2012/03/16,0,31000,-290000,-259000
2012/03/19,0,82000,-1000,81000
2012/03/20,0,4000,-77000,-73000
2012/03/21,0,293000,-12000,281000
2012/03/22,0,468000,-13000,455000
2012/03/23,0,70000,-17000,53000
2012/03/26,0,216000,-21000,195000
2012/03/27,0,92000,0,92000
2012/03/28,0,35000,-850,34150
2012/03/29,0,17000,-48000,-31000
2012/03/30,0,91000,-171000,-80000
2012/04/02,0,55000,-16000,39000
2012/04/03,0,12000,-41000,-29000
2012/04/04,0,0,0,0
2012/04/05,0,18421,-141000,-122579
2012/04/06,0,56000,-20000,36000
2012/04/09,0,13000,-424000,-411000
2012/04/10,0,0,-592000,-592000
2012/04/11,0,53000,-399000,-346000
2012/04/12,0,0,-144000,-144000
2012/04/13,0,30000,-556000,-526000
2012/04/16,0,5000,-493000,-488000
2012/04/17,0,49000,-803330,-754330
2012/04/18,0,2000,-1393000,-1391000
2012/04/19,0,0,-600000,-600000
2012/04/20,0,8000,-333000,-325000
2012/04/23,0,50000,-59000,-9000
2012/04/24,0,2000,-36000,-34000
2012/04/25,0,9000,-244000,-235000
2012/04/26,0,13000,-60000,-47000
2012/04/27,0,13000,-181000,-168000
2012/04/30,0,0,-99000,-99000
2012/05/01,0,0,0,0
2012/05/02,0,8000,-49000,-41000
2012/05/03,0,0,-22003,-22003
2012/05/04,0,109000,-12000,97000
2012/05/07,0,18000,-68000,-50000
2012/05/08,0,0,-49750,-49750
2012/05/09,0,20000,-100,19900
2012/05/10,0,0,0,0
2012/05/11,0,23000,-350000,-327000
2012/05/14,0,21000,-111300,-90300
2012/05/15,0,5000,-217000,-212000
2012/05/16,0,6000,-151000,-145000
2012/05/17,0,9000,-354000,-345000
2012/05/18,0,47000,-334650,-287650
2012/05/21,0,12000,0,12000
2012/05/22,0,154000,-17000,137000
2012/05/23,0,60000,-29000,31000
2012/05/24,0,296000,0,296000
2012/05/25,0,41000,0,41000
2012/05/28,0,26000,-12000,14000
2012/05/29,0,22000,0,22000
2012/05/30,0,46000,-7,45993
2012/05/31,0,47000,-123000,-76000
2012/06/01,0,30000,-28000,2000
2012/06/04,0,77000,-9000,68000
2012/06/05,0,8000,-20000,-12000
2012/06/06,0,10000,-56000,-46000
2012/06/07,0,0,-44000,-44000
2012/06/08,0,19000,-895,18105
2012/06/11,0,12000,-661000,-649000
2012/06/12,0,30000,-6000,24000
2012/06/13,0,16000,-7800,8200
2012/06/14,0,114000,0,114000
2012/06/15,0,71000,-129000,-58000
2012/06/18,0,40000,0,40000
2012/06/19,0,25000,-13000,12000
2012/06/20,0,20000,0,20000
2012/06/21,0,0,0,0
2012/06/22,0,40000,0,40000
2012/06/25,0,2000,-13000,-11000
2012/06/26,0,0,-32289,-32289
2012/06/27,0,7000,0,7000
2012/06/28,0,20000,-3000,17000
2012/06/29,0,5000,-12000,-7000
2012/07/02,0,337000,-2000,335000
2012/07/03,0,33000,-4000,29000
2012/07/04,0,38000,-17000,21000
2012/07/05,0,1000,-1000,0
2012/07/06,0,36000,-114000,-78000
2012/07/09,0,0,-158750,-158750
2012/07/10,0,0,-53000,-53000
2012/07/11,0,0,-72000,-72000
2012/07/12,0,0,0,0
2012/07/13,0,11000,0,11000
2012/07/16,0,0,0,0
2012/07/17,0,11000,0,11000
2012/07/18,0,3000,-6000,-3000
2012/07/19,0,15000,0,15000
2012/07/20,0,0,0,0
2012/07/23,0,9000,-156141,-147141
2012/07/24,0,0,-78000,-78000
2012/07/25,0,12000,-6000,6000
2012/07/26,0,12000,0,12000
2012/07/27,0,0,-10000,-10000
2012/07/30,0,3000,0,3000
2012/07/31,0,0,-4000,-4000
2012/08/01,0,0,-140000,-140000
2012/08/02,0,0,0,0
2012/08/03,0,0,-119000,-119000
2012/08/06,0,2000,0,2000
2012/08/07,0,0,0,0
2012/08/08,0,1000,-115150,-114150
2012/08/09,0,15000,-4000,11000
2012/08/10,0,15000,-3000,12000
2012/08/13,0,1000,-2000,-1000
2012/08/14,0,0,-2830,-2830
2012/08/15,0,18000,-29000,-11000
2012/08/16,0,0,-1000,-1000
2012/08/17,0,131854,-31000,100854
2012/08/20,0,10000,-132000,-122000
2012/08/21,0,0,0,0
2012/08/22,0,30000,-1000,29000
2012/08/23,0,36000,-9000,27000
2012/08/24,0,197000,0,197000
2012/08/27,0,0,-3000,-3000
2012/08/28,0,0,0,0
2012/08/29,0,90000,-23000,67000
2012/08/30,0,25000,0,25000
2012/08/31,0,24000,-28000,-4000
2012/09/03,0,0,-1000,-1000
2012/09/04,0,5000,0,5000
2012/09/05,0,0,-1000,-1000
2012/09/06,0,111000,0,111000
2012/09/07,0,111500,-1000,110500
2012/09/10,0,10000,0,10000
2012/09/11,0,20000,0,20000
2012/09/12,0,414000,0,414000
2012/09/13,0,752000,0,752000
2012/09/14,0,146000,0,146000
2012/09/17,0,1770000,0,1770000
2012/09/18,0,765000,-162000,603000
2012/09/19,0,600000,-34000,566000
2012/09/20,0,98000,-11000,87000
2012/09/21,0,495000,-7000,488000
2012/09/24,0,26000,-172000,-146000
2012/09/25,0,3000,0,3000
2012/09/26,0,7000,-4000,3000
2012/09/27,0,0,-950000,-950000
2012/09/28,0,1000,-530000,-529000
2012/10/01,0,1000,-507000,-506000
2012/10/02,0,0,0,0
2012/10/03,0,0,-180319,-180319
2012/10/04,0,14000,-95700,-81700
2012/10/05,0,0,-427012,-427012
2012/10/08,0,0,-65000,-65000
2012/10/09,0,0,-10000,-10000
2012/10/10,0,0,0,0
2012/10/11,0,0,0,0
2012/10/12,0,2000,-166000,-164000
2012/10/15,0,0,-155000,-155000
2012/10/16,0,2000,0,2000
2012/10/17,0,30000,0,30000
2012/10/18,0,24000,0,24000
2012/10/19,0,66000,0,66000
2012/10/22,0,196000,-121000,75000
2012/10/23,0,103500,-8000,95500
2012/10/24,0,0,0,0
2012/10/25,0,13000,-78000,-65000
2012/10/26,0,12000,-330000,-318000
2012/10/29,0,957,0,957
2012/10/30,0,0,-12000,-12000
2012/10/31,0,0,-2044000,-2044000
2012/11/01,0,2000,-50000,-48000
2012/11/02,0,11000,-123000,-112000
2012/11/05,0,0,0,0
2012/11/06,0,0,0,0
2012/11/07,0,0,0,0
2012/11/08,0,137000,-1000,136000
2012/11/09,0,288000,0,288000
2012/11/12,0,17000,0,17000
2012/11/13,0,111000,-15000,96000
2012/11/14,0,0,0,0
2012/11/15,0,454000,-1000,453000
2012/11/16,0,241000,0,241000
2012/11/19,0,191000,0,191000
2012/11/20,0,98000,0,98000
2012/11/21,0,383000,0,383000
2012/11/22,0,111000,-30000,81000
2012/11/23,0,108000,0,108000
2012/11/26,0,333000,0,333000
2012/11/27,0,638000,-11000,627000
2012/11/28,0,448000,-1000,447000
2012/11/29,0,424000,0,424000
2012/11/30,0,552000,-1000,551000
2012/12/03,0,273000,0,273000
2012/12/04,0,106000,-1000,105000
2012/12/05,0,54000,-20000,34000
2012/12/06,0,246000,0,246000
2012/12/07,0,320000,-110000,210000
2012/12/10,0,1026000,0,1026000
2012/12/11,0,164000,-6000,158000
2012/12/12,0,378000,-90000,288000
2012/12/13,0,273000,0,273000
2012/12/14,0,40000,0,40000
2012/12/17,0,51000,-8000,43000
2012/12/18,0,108000,0,108000
2012/12/19,0,0,-50000,-50000
2012/12/20,0,163000,0,163000
2012/12/21,0,95000,-64000,31000
2012/12/24,0,145000,0,145000
2012/12/25,0,143000,0,143000
2012/12/26,0,37000,0,37000
2012/12/27,0,658000,0,658000
2012/12/28,0,298000,-15000,283000
2012/12/31,0,0,0,0
2013/01/01,0,0,0,0
2013/01/02,0,692000,0,692000
2013/01/03,0,300000,-229000,71000
2013/01/04,0,0,-39000,-39000
2013/01/07,0,27000,-41000,-14000
2013/01/08,0,5000,-274000,-269000
2013/01/09,0,20000,-21000,-1000
2013/01/10,0,7000,-213000,-206000
2013/01/11,0,0,-159000,-159000
2013/01/14,0,24000,0,24000
2013/01/15,0,241000,-13000,228000
2013/01/16,0,19000,-3000,16000
2013/01/17,0,97000,-136648,-39648
2013/01/18,0,0,-20000,-20000
2013/01/21,0,0,-157000,-157000
2013/01/22,0,0,-292000,-292000
2013/01/23,0,0,-218000,-218000
2013/01/24,0,3000,-325000,-322000
2013/01/25,0,0,-202000,-202000
2013/01/28,0,0,-199000,-199000
2013/01/29,0,0,-164000,-164000
2013/01/30,0,50000,-162000,-112000
2013/01/31,0,15000,-236000,-221000
2013/02/01,0,0,-172000,-172000
2013/02/04,0,1000,-2055000,-2054000
2013/02/05,0,0,-225200,-225200
2013/02/06,0,83000,-612000,-529000
2013/02/07,0,0,0,0
2013/02/08,0,0,0,0
2013/02/11,0,0,0,0
2013/02/12,0,0,0,0
2013/02/13,0,0,0,0
2013/02/14,0,0,0,0
2013/02/15,0,0,0,0
2013/02/18,0,195000,-9100,185900
2013/02/19,0,215000,-1000,214000
2013/02/20,0,35000,-62000,-27000
2013/02/21,0,0,-1000,-1000
2013/02/22,0,31000,-1000,30000
2013/02/25,0,0,-388000,-388000
2013/02/26,0,0,-95000,-95000
2013/02/27,0,55000,0,55000
2013/02/28,0,0,0,0
2013/03/01,0,37000,-131000,-94000
2013/03/04,0,5000,-117000,-112000
2013/03/05,0,30000,-525000,-495000
2013/03/06,0,0,-764000,-764000
2013/03/07,0,20000,-188000,-168000
2013/03/08,0,0,-4000,-4000
2013/03/11,0,0,-126000,-126000
2013/03/12,0,0,-105000,-105000
2013/03/13,0,0,-229000,-229000
2013/03/14,0,0,-141000,-141000
2013/03/15,0,62000,-638502,-576502
2013/03/18,0,7000,-3000,4000
2013/03/19,0,50000,-59000,-9000
2013/03/20,0,0,-20000,-20000
2013/03/21,0,1000,-32000,-31000
2013/03/22,0,0,-1000,-1000
2013/03/25,0,0,0,0
2013/03/26,0,0,0,0
2013/03/27,0,1000,-19000,-18000
2013/03/28,0,0,-31000,-31000
2013/03/29,0,0,-104517,-104517
2013/04/01,0,0,-51000,-51000
2013/04/02,0,0,-10000,-10000
2013/04/03,0,0,0,0
2013/04/04,0,0,0,0
2013/04/05,0,0,0,0
2013/04/08,0,0,-3000,-3000
2013/04/09,0,170000,-2000,168000
2013/04/10,0,130000,0,130000
2013/04/11,0,89000,0,89000
2013/04/12,0,303000,-1000,302000
2013/04/15,0,406000,-220000,186000
2013/04/16,0,152000,0,152000
2013/04/17,0,121000,0,121000
2013/04/18,0,94000,0,94000
2013/04/19,0,151707,0,151707
2013/04/22,0,0,-123000,-123000
2013/04/23,0,0,-47000,-47000
2013/04/24,0,18000,0,18000
2013/04/25,0,18000,-2000,16000
2013/04/26,0,706000,0,706000
2013/04/29,0,294000,-297000,-3000
2013/04/30,0,80000,-190000,-110000
2013/05/01,0,0,0,0
2013/05/02,0,17000,-127000,-110000
2013/05/03,0,197000,-39000,158000
2013/05/06,0,32000,-8000,24000
2013/05/07,0,30000,-213000,-183000
2013/05/08,0,22000,0,22000
2013/05/09,0,26000,-2000,24000
2013/05/10,0,30000,-57000,-27000
2013/05/13,0,0,-3000,-3000
2013/05/14,0,0,-40000,-40000
2013/05/15,0,2000,-94150,-92150
2013/05/16,0,25000,-110000,-85000
2013/05/17,0,289000,-16000,273000
2013/05/20,0,28000,-1000,27000
2013/05/21,0,67000,-48000,19000
2013/05/22,0,159000,-4000,155000
2013/05/23,0,107000,-50000,57000
2013/05/24,0,15000,-49000,-34000
2013/05/27,0,0,-43000,-43000
2013/05/28,0,78000,-60000,18000
2013/05/29,0,33000,0,33000
2013/05/30,0,0,-570000,-570000
2013/05/31,0,78000,-111000,-33000
2013/06/03,0,6000,-75000,-69000
2013/06/04,0,133000,0,133000
2013/06/05,0,165000,-202000,-37000
2013/06/06,0,10000,-399000,-389000
2013/06/07,0,0,-220000,-220000
2013/06/10,0,25000,0,25000
2013/06/11,0,0,-141000,-141000
2013/06/12,0,0,0,0
2013/06/13,0,0,-21000,-21000
2013/06/14,0,9000,-91000,-82000
2013/06/17,0,0,-141000,-141000
2013/06/18,0,0,-2000,-2000
2013/06/19,0,0,-166000,-166000
2013/06/20,0,0,-387000,-387000
2013/06/21,0,3000,-490000,-487000
2013/06/24,0,3000,-146000,-143000
2013/06/25,0,0,-31000,-31000
2013/06/26,0,0,-206000,-206000
2013/06/27,0,0,-77000,-77000
2013/06/28,0,1000,-54000,-53000
2013/07/01,0,0,-95000,-95000
2013/07/02,0,0,-174000,-174000
2013/07/03,0,0,-243000,-243000
2013/07/04,0,0,-15000,-15000
2013/07/05,0,0,-226000,-226000
2013/07/08,0,0,-17000,-17000
2013/07/09,0,0,-130000,-130000
2013/07/10,0,0,-75000,-75000
2013/07/11,0,0,-162140,-162140
2013/07/12,0,0,-2000,-2000
2013/07/15,0,0,0,0
2013/07/16,0,0,-24000,-24000
2013/07/17,0,0,0,0
2013/07/18,0,0,0,0
2013/07/19,0,0,-1000,-1000
2013/07/22,0,0,-61000,-61000
2013/07/23,0,1000,0,1000
2013/07/24,0,0,0,0
2013/07/25,0,500,0,500
2013/07/26,0,0,0,0
2013/07/29,0,0,0,0
2013/07/30,0,11000,0,11000
2013/07/31,0,1000,0,1000
2013/08/01,0,0,0,0
2013/08/02,0,0,-125000,-125000
2013/08/05,0,0,-15000,-15000
2013/08/06,0,0,0,0
2013/08/07,0,0,0,0
2013/08/08,0,0,0,0
2013/08/09,0,0,0,0
2013/08/12,0,0,0,0
2013/08/13,0,0,0,0
2013/08/14,0,1000,0,1000
2013/08/15,0,3000,0,3000
2013/08/16,0,0,0,0
2013/08/19,0,167000,0,167000
2013/08/20,0,0,0,0
2013/08/21,0,0,0,0
2013/08/22,0,1000,0,1000
2013/08/23,0,2000,0,2000
2013/08/26,0,4000,0,4000
2013/08/27,0,0,0,0
2013/08/28,0,2000,-4000,-2000
2013/08/29,0,0,0,0
2013/08/30,0,1000,-2000,-1000
2013/09/02,0,0,0,0
2013/09/03,0,0,-3682,-3682
2013/09/04,0,0,-5000,-5000
2013/09/05,0,39000,-120000,-81000
2013/09/06,0,37000,0,37000
2013/09/09,0,0,-10000,-10000
2013/09/10,0,1000,0,1000
2013/09/11,0,4000,0,4000
2013/09/12,0,0,-14000,-14000
2013/09/13,0,0,-2000,-2000
2013/09/16,0,1000,0,1000
2013/09/17,0,0,-8000,-8000
2013/09/18,0,2000,-302000,-300000
2013/09/19,0,0,0,0
2013/09/20,0,0,0,0
2013/09/23,0,0,-4231,-4231
2013/09/24,0,0,0,0
2013/09/25,0,0,0,0
2013/09/26,0,0,-239000,-239000
2013/09/27,0,0,0,0
2013/09/30,0,1000,-16000,-15000
2013/10/01,0,0,0,0
2013/10/02,0,0,-1000,-1000
2013/10/03,0,1000,0,1000
2013/10/04,0,0,0,0
2013/10/07,0,0,0,0
2013/10/08,0,0,0,0
2013/10/09,0,0,0,0
2013/10/10,0,0,0,0
2013/10/11,0,0,0,0
2013/10/14,0,0,0,0
2013/10/15,0,0,0,0
2013/10/16,0,0,0,0
2013/10/17,0,0,0,0
2013/10/18,0,0,0,0
2013/10/21,0,0,0,0
2013/10/22,0,1000,0,1000
2013/10/23,0,0,0,0
2013/10/24,0,0,0,0
2013/10/25,0,0,0,0
2013/10/28,0,0,-5000,-5000
2013/10/29,0,0,0,0
2013/10/30,0,0,0,0
2013/10/31,0,0,0,0
2013/11/01,0,0,0,0
2013/11/04,0,475000,0,475000
2013/11/05,0,0,0,0
2013/11/06,0,0,0,0
2013/11/07,0,0,0,0
2013/11/08,0,0,0,0
2013/11/11,0,0,0,0
2013/11/12,0,0,0,0
2013/11/13,0,0,0,0
2013/11/14,0,0,0,0
2013/11/15,0,0,0,0
2013/11/18,0,0,0,0
2013/11/19,0,0,0,0
2013/11/20,0,165000,0,165000
2013/11/21,0,155000,-1000,154000
2013/11/22,0,159000,0,159000
2013/11/25,0,0,-198,-198
2013/11/26,0,0,0,0
2013/11/27,0,0,0,0
2013/11/28,0,0,0,0
2013/11/29,0,0,0,0
2013/12/02,0,0,0,0
2013/12/03,0,0,0,0
2013/12/04,0,0,0,0
2013/12/05,0,0,0,0
2013/12/06,0,0,0,0
2013/12/09,0,83000,0,83000
2013/12/10,0,21000,-4000,17000
2013/12/11,0,0,0,0
2013/12/12,0,131000,0,131000
2013/12/13,0,56000,0,56000
2013/12/16,0,0,0,0
2013/12/17,0,0,0,0
2013/12/18,0,0,0,0
2013/12/19,0,0,0,0
2013/12/20,0,6000,-1000,5000
2013/12/23,0,0,0,0
2013/12/24,0,0,0,0
2013/12/25,0,0,0,0
2013/12/26,0,26000,0,26000
2013/12/27,0,0,0,0
2013/12/30,0,0,-6000,-6000
2013/12/31,0,0,0,0
2014/01/02,0,0,-5000,-5000
2014/01/03,0,0,0,0
2014/01/06,0,0,0,0
2014/01/07,0,0,0,0
2014/01/08,0,0,0,0
2014/01/09,0,0,0,0
2014/01/10,0,2000,0,2000
2014/01/13,0,0,0,0
2014/01/14,0,0,0,0
2014/01/15,0,90000,-25000,65000
2014/01/16,0,0,0,0
2014/01/17,0,135000,0,135000
2014/01/20,0,0,0,0
2014/01/21,0,30000,0,30000
2014/01/22,0,0,0,0
2014/01/23,0,0,0,0
2014/01/24,0,0,0,0
2014/01/27,0,0,0,0
2014/02/05,0,0,0,0
2014/02/06,0,0,0,0
2014/02/07,0,0,0,0
2014/02/10,0,0,0,0
2014/02/11,0,27000,0,27000
2014/02/12,0,0,0,0
2014/02/13,0,109,0,109
2014/02/14,0,0,0,0
2014/02/17,0,0,0,0
2014/02/18,0,0,0,0
2014/02/19,0,0,-8000,-8000
2014/02/20,0,0,-10000,-10000
2014/02/21,0,0,0,0
2014/02/24,0,0,0,0
2014/02/25,0,0,0,0
2014/02/26,0,0,0,0
2014/02/27,0,0,-1000,-1000
2014/03/03,0,0,-160000,-160000
2014/03/04,0,0,0,0
2014/03/05,0,0,0,0
2014/03/06,0,0,0,0
2014/03/07,0,0,0,0
2014/03/10,0,0,0,0
2014/03/11,0,0,0,0
2014/03/12,0,0,0,0
2014/03/13,0,0,0,0
2014/03/14,0,0,-1000,-1000
2014/03/17,0,0,0,0
2014/03/18,0,130000,0,130000
2014/03/19,0,12000,0,12000
2014/03/20,0,0,0,0
2014/03/21,0,0,0,0
2014/03/24,0,0,0,0
2014/03/25,0,312000,0,312000
2014/03/26,0,23000,0,23000
2014/03/27,0,0,0,0
2014/03/28,0,0,0,0
2014/03/31,0,0,0,0
2014/04/01,0,0,0,0
2014/04/02,0,0,-510000,-510000
2014/04/03,0,0,-3000,-3000
2014/04/07,0,0,-1000,-1000
2014/04/08,0,0,-176000,-176000
2014/04/09,0,0,0,0
2014/04/10,0,1743,-215000,-213257
2014/04/11,0,0,0,0
2014/04/14,0,0,-65000,-65000
2014/04/15,0,0,0,0
2014/04/16,0,0,0,0
2014/04/17,0,0,0,0
2014/04/18,0,0,0,0
2014/04/21,0,0,-3000,-3000
2014/04/22,0,774000,0,774000
2014/04/23,0,0,0,0
2014/04/24,0,0,0,0
2014/04/25,0,0,0,0
2014/04/28,0,11000,0,11000
2014/04/29,0,0,0,0
2014/04/30,0,0,-2000,-2000
2014/05/02,0,0,0,0
2014/05/05,0,180000,-3000,177000
2014/05/06,0,0,0,0
2014/05/07,0,0,0,0
2014/05/08,0,0,0,0
2014/05/09,0,0,0,0
2014/05/12,0,0,0,0
2014/05/13,0,0,0,0
2014/05/14,0,0,0,0
2014/05/15,0,0,-53000,-53000
2014/05/16,0,0,-320000,-320000
2014/05/19,0,0,0,0
2014/05/20,0,0,-102000,-102000
2014/05/21,0,0,0,0
2014/05/22,0,0,-119000,-119000
2014/05/23,0,0,0,0
2014/05/26,0,0,-2000,-2000
2014/05/27,0,0,-5000,-5000
2014/05/28,0,0,-193000,-193000
2014/05/29,0,0,-98000,-98000
2014/05/30,0,0,-4000,-4000
2014/06/03,0,0,0,0
2014/06/04,0,0,0,0
2014/06/05,0,0,0,0
2014/06/06,0,0,0,0
2014/06/09,0,0,0,0
2014/06/10,0,1000,-2000,-1000
2014/06/11,0,0,-3000,-3000
2014/06/12,0,0,-2000,-2000
2014/06/13,0,0,-4000,-4000
2014/06/16,0,0,0,0
2014/06/17,0,0,0,0
2014/06/18,0,0,-530000,-530000
2014/06/19,0,0,0,0
2014/06/20,0,0,-46263,-46263
2014/06/23,0,0,0,0
2014/06/24,0,0,0,0
2014/06/25,0,0,-1000,-1000
2014/06/26,0,0,-349000,-349000
2014/06/27,0,5000,-105000,-100000
2014/06/30,0,1000,-1000,0
2014/07/01,0,0,0,0
2014/07/02,0,1089,0,1089
2014/07/03,0,0,0,0
2014/07/04,0,0,0,0
2014/07/07,0,0,0,0
2014/07/08,0,0,0,0
2014/07/09,0,0,0,0
2014/07/10,0,0,0,0
2014/07/11,0,0,0,0
2014/07/14,0,0,0,0
2014/07/15,0,0,-6000,-6000
2014/07/16,0,0,0,0
2014/07/17,0,5000,0,5000
2014/07/18,0,0,0,0
2014/07/21,0,0,0,0
2014/07/22,0,3000,0,3000
2014/07/23,0,0,0,0
2014/07/24,0,1000,0,1000
2014/07/25,0,2000,0,2000
2014/07/28,0,0,0,0
2014/07/29,0,1000,0,1000
2014/07/30,0,18000,0,18000
2014/07/31,0,5000,0,5000
2014/08/01,0,5000,0,5000
2014/08/04,0,0,0,0
2014/08/05,0,0,0,0
2014/08/06,0,2000,0,2000
2014/08/07,0,9000,0,9000
2014/08/08,0,10000,0,10000
2014/08/11,0,2000,0,2000
2014/08/12,0,5000,0,5000
2014/08/13,0,1000,0,1000
2014/08/14,0,3000,0,3000
2014/08/15,0,2000,0,2000
2014/08/18,0,0,0,0
2014/08/19,0,1000,0,1000
2014/08/20,0,0,0,0
2014/08/21,0,1000,-6000,-5000
2014/08/22,0,0,0,0
2014/08/25,0,0,0,0
2014/08/26,0,0,0,0
2014/08/27,0,1000,0,1000
2014/08/28,0,7000,0,7000
2014/08/29,0,0,-4000,-4000
2014/09/01,0,0,0,0
2014/09/02,0,0,0,0
2014/09/03,0,4000,0,4000
2014/09/04,0,68000,-11000,57000
2014/09/05,0,3000,0,3000
2014/09/09,0,0,0,0
2014/09/10,0,0,0,0
2014/09/11,0,5000,0,5000
2014/09/12,0,4000,0,4000
2014/09/15,0,1000,0,1000
2014/09/16,0,0,0,0
2014/09/17,0,2000,0,2000
2014/09/18,0,0,0,0
2014/09/19,0,0,-2000,-2000
2014/09/22,0,4357,0,4357
2014/09/23,0,4000,0,4000
2014/09/24,0,0,0,0
2014/09/25,0,0,0,0
2014/09/26,0,0,0,0
2014/09/29,0,0,0,0
2014/09/30,0,6000,0,6000
2014/10/01,0,0,0,0
2014/10/02,0,0,0,0
2014/10/03,0,0,0,0
2014/10/06,0,2000,0,2000
2014/10/07,0,0,0,0
2014/10/08,0,0,0,0
2014/10/09,0,0,0,0
2014/10/13,0,0,0,0
2014/10/14,0,0,0,0
2014/10/15,0,0,0,0
2014/10/16,0,0,0,0
2014/10/17,0,0,0,0
2014/10/20,0,0,0,0
2014/10/21,0,0,-1000,-1000
2014/10/22,0,0,0,0
2014/10/23,0,0,-1000,-1000
2014/10/24,0,0,0,0
2014/10/27,0,0,0,0
2014/10/28,0,0,0,0
2014/10/29,0,1000,0,1000
2014/10/30,0,35000,0,35000
2014/10/31,0,0,0,0
2014/11/03,0,0,-1000,-1000
2014/11/04,0,0,0,0
2014/11/05,0,0,0,0
2014/11/06,0,0,0,0
2014/11/07,0,0,-3000,-3000
2014/11/10,0,0,0,0
2014/11/11,0,5000,0,5000
2014/11/12,0,3000,0,3000
2014/11/13,0,0,0,0
2014/11/14,0,0,0,0
2014/11/17,0,0,-7000,-7000
2014/11/18,0,0,0,0
2014/11/19,0,0,0,0
2014/11/20,0,1000,0,1000
2014/11/21,0,0,0,0
2014/11/24,0,0,0,0
2014/11/25,0,1000,0,1000
2014/11/26,0,0,0,0
2014/11/27,0,0,0,0
2014/11/28,0,0,0,0
2014/12/01,0,0,0,0
2014/12/02,0,0,0,0
2014/12/03,0,0,-1000,-1000
2014/12/04,0,0,0,0
2014/12/05,0,0,-1000,-1000
2014/12/08,0,0,0,0
2014/12/09,0,0,0,0
2014/12/10,0,350000,0,350000
2014/12/11,0,170000,-39,169961
2014/12/12,0,390000,0,390000
2014/12/15,0,0,0,0
2014/12/16,0,0,-6000,-6000
2014/12/17,0,0,0,0
2014/12/18,0,0,0,0
2014/12/19,0,18000,-1000,17000
2014/12/22,0,50000,0,50000
2014/12/23,0,0,0,0
2014/12/24,0,0,0,0
2014/12/25,0,0,0,0
2014/12/26,0,821000,0,821000
2014/12/29,0,101000,-71000,30000
2014/12/30,0,175000,-150000,25000
2014/12/31,0,0,0,0
2015/01/01,0,0,0,0
2015/01/02,0,0,0,0
2015/01/05,0,61000,0,61000
2015/01/06,0,282000,-350000,-68000
2015/01/07,0,0,0,0
2015/01/08,0,392000,0,392000
2015/01/09,0,165000,0,165000
2015/01/12,0,611000,-30000,581000
2015/01/13,0,403000,0,403000
2015/01/14,0,0,-11000,-11000
2015/01/15,0,0,-50000,-50000
2015/01/16,0,0,0,0
2015/01/19,0,83000,0,83000
2015/01/20,0,59000,0,59000
2015/01/21,0,41000,0,41000
2015/01/22,0,1000,0,1000
2015/01/23,0,57000,-3000,54000
2015/01/26,0,0,-524000,-524000
2015/01/27,0,0,0,0
2015/01/28,0,0,0,0
2015/01/29,0,100000,0,100000
2015/01/30,0,180000,-558000,-378000
2015/02/02,0,0,-294000,-294000
2015/02/03,0,0,0,0
2015/02/04,0,0,0,0
2015/02/05,0,0,0,0
2015/02/06,0,0,-301000,-301000
2015/02/09,0,0,-30000,-30000
2015/02/10,0,0,0,0
2015/02/11,0,0,0,0
2015/02/12,0,4000,0,4000
2015/02/13,0,0,0,0
2015/02/16,0,0,0,0
2015/02/17,0,0,0,0
2015/02/18,0,0,0,0
2015/02/19,0,0,0,0
2015/02/20,0,0,0,0
2015/02/23,0,0,0,0
2015/02/24,0,0,0,0
2015/02/25,0,27000,-4000,23000
2015/02/26,0,0,0,0
2015/02/27,0,0,0,0
2015/03/02,0,0,-150000,-150000
2015/03/03,0,0,-30000,-30000
2015/03/04,0,0,-6000,-6000
2015/03/05,0,0,0,0
2015/03/06,0,4000,0,4000
2015/03/09,0,0,-143000,-143000
2015/03/10,0,0,0,0
2015/03/11,0,0,0,0
2015/03/12,0,0,-446,-446
2015/03/13,0,0,0,0
2015/03/16,0,6000,-73000,-67000
2015/03/17,0,0,0,0
2015/03/18,0,0,-24000,-24000
2015/03/19,0,19000,-300000,-281000
2015/03/20,0,0,-5000,-5000
2015/03/23,0,0,-34000,-34000
2015/03/24,0,0,0,0
2015/03/25,0,0,-2000,-2000
2015/03/26,0,0,0,0
2015/03/27,0,0,0,0
2015/03/30,0,28000,0,28000
2015/03/31,0,0,0,0
2015/04/01,0,0,0,0
2015/04/02,0,0,-633000,-633000
2015/04/03,0,0,0,0
2015/04/06,0,0,0,0
2015/04/07,0,0,-182000,-182000
2015/04/08,0,0,0,0
2015/04/09,0,0,0,0
2015/04/10,0,0,0,0
2015/04/13,0,0,0,0
2015/04/14,0,0,0,0
2015/04/15,0,1000,-70000,-69000
2015/04/16,0,0,0,0
2015/04/17,0,0,-423000,-423000
2015/04/20,0,0,-1000,-1000
2015/04/21,0,0,0,0
2015/04/22,0,0,0,0
2015/04/23,0,0,0,0
2015/04/24,0,0,0,0
2015/04/27,0,0,0,0
2015/04/28,0,0,-12000,-12000
2015/04/29,0,0,-112000,-112000
2015/04/30,0,0,0,0
2015/05/01,0,0,0,0
2015/05/04,0,0,0,0
2015/05/05,0,0,-73000,-73000
2015/05/06,0,0,0,0
2015/05/07,0,0,0,0
2015/05/08,0,0,0,0
2015/05/11,0,0,0,0
2015/05/12,0,0,0,0
2015/05/13,0,0,0,0
2015/05/14,0,10000,0,10000
2015/05/15,0,82000,-1000,81000
2015/05/18,0,0,0,0
2015/05/19,0,0,0,0
2015/05/20,0,0,0,0
2015/05/21,0,0,0,0
2015/05/22,0,0,0,0
2015/05/25,0,0,0,0
2015/05/26,0,0,0,0
2015/05/27,0,0,0,0
2015/05/28,0,1000,0,1000
2015/05/29,0,0,-2000,-2000
2015/06/01,0,0,0,0
2015/06/02,0,0,0,0
2015/06/03,0,0,0,0
2015/06/04,0,1338,0,1338
2015/06/05,0,0,-4000,-4000
2015/06/08,0,0,0,0
2015/06/09,0,0,0,0
2015/06/10,0,0,-27000,-27000
2015/06/11,0,0,0,0
2015/06/12,0,0,-1000,-1000
2015/06/15,0,0,0,0
2015/06/16,0,0,0,0
2015/06/17,0,0,0,0
2015/06/18,0,0,-1000,-1000
2015/06/19,0,0,0,0
2015/06/22,0,0,-4000,-4000
2015/06/23,0,7000,0,7000
2015/06/24,0,0,-7000,-7000
2015/06/25,0,0,-1000,-1000
2015/06/26,0,21000,0,21000
2015/06/29,0,10000,0,10000
2015/06/30,0,0,0,0
2015/07/01,0,0,0,0
2015/07/02,0,0,0,0
2015/07/03,0,0,0,0
2015/07/06,0,0,0,0
2015/07/07,0,0,0,0
2015/07/08,0,0,0,0
2015/07/09,0,1000,-2000,-1000
2015/07/10,0,0,0,0
2015/07/13,0,1000,0,1000
2015/07/14,0,0,0,0
2015/07/15,0,4000,0,4000
2015/07/16,0,0,0,0
2015/07/17,0,16000,0,16000
2015/07/20,0,0,0,0
2015/07/21,0,0,0,0
2015/07/22,0,0,0,0
2015/07/23,0,6000,0,6000
2015/07/24,0,15000,0,15000
2015/07/27,0,100000,0,100000
2015/07/28,0,78000,0,78000
2015/07/29,0,35000,0,35000
2015/07/30,0,83000,0,83000
2015/07/31,0,39000,0,39000
2015/08/03,0,53000,0,53000
2015/08/04,0,10000,0,10000
2015/08/05,0,18000,0,18000
2015/08/06,0,19000,0,19000
2015/08/07,0,13000,0,13000
2015/08/10,0,3000,0,3000
2015/08/11,0,0,0,0
2015/08/12,0,16000,0,16000
2015/08/13,0,0,0,0
2015/08/14,0,0,0,0
2015/08/17,0,1000,0,1000
2015/08/18,0,30000,0,30000
2015/08/19,0,1000,0,1000
2015/08/20,0,0,0,0
2015/08/21,0,45000,0,45000
2015/08/24,0,40000,0,40000
2015/08/25,0,7000,0,7000
2015/08/26,0,22138,0,22138
2015/08/27,0,150000,0,150000
2015/08/28,0,53000,0,53000
2015/08/31,0,50000,-9000,41000
2015/09/01,0,58000,-5000,53000
2015/09/02,0,68000,0,68000
2015/09/03,0,8000,0,8000
2015/09/04,0,1000,-1000,0
2015/09/07,0,54000,0,54000
2015/09/08,0,85000,0,85000
2015/09/09,0,202000,0,202000
2015/09/10,0,20000,0,20000
2015/09/11,0,2000,0,2000
2015/09/14,0,2000,0,2000
2015/09/15,0,51000,0,51000
2015/09/16,0,0,0,0
2015/09/17,0,0,0,0
2015/09/18,0,115000,-4815180,-4700180
2015/09/21,0,16000,0,16000
2015/09/22,0,0,-43762,-43762
2015/09/23,0,0,0,0
2015/09/24,0,0,0,0
2015/09/25,0,0,0,0
2015/09/28,0,0,0,0
2015/09/29,0,0,0,0
2015/09/30,0,0,0,0
2015/10/01,0,2000,0,2000
2015/10/02,0,5000,0,5000
2015/10/05,0,2000,-29000,-27000
2015/10/06,0,0,-63000,-63000
2015/10/07,0,1000,0,1000
2015/10/08,0,0,0,0
2015/10/09,0,0,0,0
2015/10/12,0,0,0,0
2015/10/13,0,0,0,0
2015/10/14,0,0,0,0
2015/10/15,0,0,0,0
2015/10/16,0,1000,0,1000
2015/10/19,0,22000,0,22000
2015/10/20,0,0,0,0
2015/10/21,0,0,0,0
2015/10/22,0,15000,0,15000
2015/10/23,0,0,0,0
2015/10/26,0,0,0,0
2015/10/27,0,0,0,0
2015/10/28,0,0,0,0
2015/10/29,0,0,0,0
2015/10/30,0,0,0,0
2015/11/02,0,0,0,0
2015/11/03,0,2000,0,2000
2015/11/04,0,7000,-2000,5000
2015/11/05,0,100000,0,100000
2015/11/06,0,12000,0,12000
2015/11/09,0,0,0,0
2015/11/10,0,5000,0,5000
2015/11/11,0,0,0,0
2015/11/12,0,0,0,0
2015/11/13,0,0,0,0
2015/11/16,0,0,0,0
2015/11/17,0,0,0,0
2015/11/18,0,0,0,0
2015/11/19,0,0,0,0
2015/11/20,0,168000,0,168000
2015/11/23,0,0,0,0
2015/11/24,0,0,0,0
2015/11/25,0,0,0,0
2015/11/26,0,0,0,0
2015/11/27,0,0,0,0
2015/11/30,0,0,0,0
2015/12/01,0,0,0,0
2015/12/02,0,0,0,0
2015/12/03,0,0,0,0
2015/12/04,0,0,0,0
2015/12/07,0,0,-23000,-23000
2015/12/08,0,0,-89000,-89000
2015/12/09,0,0,-50000,-50000
2015/12/10,0,0,-40000,-40000
2015/12/11,0,0,0,0
2015/12/14,0,221,0,221
2015/12/15,0,0,0,0
2015/12/16,0,0,0,0
2015/12/17,0,0,-23000,-23000
2015/12/18,0,100000,0,100000
2015/12/21,0,40000,0,40000
2015/12/22,0,60000,0,60000
2015/12/23,0,19000,0,19000
2015/12/24,0,67000,0,67000
2015/12/25,0,18000,0,18000
2015/12/28,0,17000,-19000,-2000
2015/12/29,0,12000,-22000,-10000
2015/12/30,0,20000,0,20000
2015/12/31,0,0,0,0
2016/01/01,0,0,0,0
2016/01/04,0,0,0,0
2016/01/05,0,0,-1000,-1000
2016/01/06,0,7000,0,7000
2016/01/07,0,0,0,0
2016/01/08,0,0,0,0
2016/01/11,0,0,0,0
2016/01/12,0,0,-1000,-1000
2016/01/13,0,0,-1000,-1000
2016/01/14,0,0,0,0
2016/01/15,0,0,0,0
2016/01/18,0,0,0,0
2016/01/19,0,0,-1000,-1000
2016/01/20,0,0,0,0
2016/01/21,0,0,0,0
2016/01/22,0,0,0,0
2016/01/25,0,0,0,0
2016/01/26,0,0,0,0
2016/01/27,0,0,0,0
2016/01/28,0,0,0,0
2016/01/29,0,2000,0,2000
2016/02/01,0,0,0,0
2016/02/02,0,0,0,0
2016/02/03,0,0,0,0
2016/02/04,0,0,0,0
2016/02/05,0,0,0,0
2016/02/08,0,0,0,0
2016/02/09,0,0,0,0
2016/02/10,0,0,0,0
2016/02/11,0,0,0,0
2016/02/12,0,0,0,0
2016/02/15,0,0,-57200,-57200
2016/02/16,0,0,-25000,-25000
2016/02/17,0,1000,0,1000
2016/02/18,0,0,-21000,-21000
2016/02/19,0,0,-1000,-1000
2016/02/22,0,0,0,0
2016/02/23,0,0,0,0
2016/02/24,0,0,0,0
2016/02/25,0,31000,0,31000
2016/02/26,0,0,0,0
2016/02/29,0,0,0,0
2016/03/01,0,0,-25000,-25000
2016/03/02,0,0,0,0
2016/03/03,0,8000,-25000,-17000
2016/03/04,0,15000,0,15000
2016/03/07,0,30000,0,30000
2016/03/08,0,0,-1000,-1000
2016/03/09,0,43000,0,43000
2016/03/10,0,0,0,0
2016/03/11,0,23000,0,23000
2016/03/14,0,0,0,0
2016/03/15,0,0,-151000,-151000
2016/03/16,0,0,0,0
2016/03/17,0,0,0,0
2016/03/18,0,0,-112000,-112000
2016/03/21,0,0,-42000,-42000
2016/03/22,0,0,-50000,-50000
2016/03/23,0,0,-197000,-197000
2016/03/24,0,0,-80000,-80000
2016/03/25,0,0,0,0
2016/03/28,0,0,-40000,-40000
2016/03/29,0,1000,0,1000
2016/03/30,0,0,-30000,-30000
2016/03/31,0,0,0,0
2016/04/01,0,0,-70000,-70000
2016/04/04,0,0,0,0
2016/04/05,0,0,0,0
2016/04/06,0,20000,0,20000
2016/04/07,0,0,0,0
2016/04/08,0,50000,0,50000
2016/04/11,0,25000,0,25000
2016/04/12,0,17000,-3000,14000
2016/04/13,0,0,0,0
2016/04/14,0,0,0,0
2016/04/15,0,35000,0,35000
2016/04/18,0,0,0,0
2016/04/19,0,0,0,0
2016/04/20,0,0,-1000,-1000
2016/04/21,0,0,0,0
2016/04/22,0,0,0,0
2016/04/25,0,0,0,0
2016/04/26,0,0,0,0
2016/04/27,0,0,0,0
2016/04/28,0,0,0,0
2016/04/29,0,0,0,0
2016/05/02,0,0,0,0
2016/05/03,0,0,-50000,-50000
2016/05/04,0,0,-19000,-19000
2016/05/05,0,0,-254000,-254000
2016/05/06,0,0,-180000,-180000
2016/05/09,0,0,0,0
2016/05/10,0,0,-98,-98
2016/05/11,0,0,-45000,-45000
2016/05/12,0,0,0,0
2016/05/13,0,0,0,0
2016/05/16,0,0,0,0
2016/05/17,0,0,0,0
2016/05/18,0,38000,0,38000
2016/05/19,0,18000,-10000,8000
2016/05/20,0,0,-47000,-47000
2016/05/23,0,25000,-16031,8969
2016/05/24,0,0,0,0
2016/05/25,0,368000,0,368000
2016/05/26,0,343000,0,343000
2016/05/27,0,0,0,0
2016/05/30,0,50000,0,50000
2016/05/31,0,14000,-351000,-337000
2016/06/01,0,0,0,0
2016/06/02,0,0,0,0
2016/06/03,0,0,0,0
2016/06/06,0,332000,-40000,292000
2016/06/07,0,25000,-88000,-63000
2016/06/08,0,178000,-120000,58000
2016/06/09,0,0,0,0
2016/06/10,0,0,0,0
2016/06/13,0,0,0,0
2016/06/14,0,0,0,0
2016/06/15,0,0,0,0
2016/06/16,0,0,0,0
2016/06/17,0,3000,0,3000
2016/06/20,0,0,0,0
2016/06/21,0,10000,0,10000
2016/06/22,0,14000,0,14000
2016/06/23,0,0,0,0
2016/06/24,0,1000,-3000,-2000
2016/06/27,0,10000,0,10000
2016/06/28,0,363000,-1000,362000
2016/06/29,0,495000,0,495000
2016/06/30,0,70000,0,70000
2016/07/01,0,0,0,0
2016/07/04,0,0,0,0
2016/07/05,0,0,0,0
2016/07/06,0,0,-60000,-60000
2016/07/07,0,0,-295000,-295000
2016/07/08,0,0,0,0
2016/07/11,0,0,-200000,-200000
2016/07/12,0,0,0,0
2016/07/13,0,0,0,0
2016/07/14,0,0,0,0
2016/07/15,0,0,-18000,-18000
2016/07/18,0,0,-222000,-222000
2016/07/19,0,0,-207000,-207000
2016/07/20,0,0,-26000,-26000
2016/07/21,0,0,-62000,-62000
2016/07/22,0,0,-1000,-1000
2016/07/25,0,0,-280000,-280000
2016/07/26,0,0,0,0
2016/07/27,0,0,-2000,-2000
2016/07/28,0,0,0,0
2016/07/29,0,38,-26000,-25962
2016/08/01,0,1000,0,1000
2016/08/02,0,0,-50000,-50000
2016/08/03,0,0,-1000,-1000
2016/08/04,0,0,0,0
2016/08/05,0,48000,0,48000
2016/08/08,0,0,0,0
2016/08/09,0,1000,-1000,0
2016/08/10,0,0,0,0
2016/08/11,0,0,0,0
2016/08/12,0,0,0,0
2016/08/15,0,0,0,0
2016/08/16,0,15000,-1000,14000
2016/08/17,0,0,0,0
2016/08/18,0,12000,0,12000
2016/08/19,0,0,0,0
2016/08/22,0,0,0,0
2016/08/23,0,0,-23000,-23000
2016/08/24,0,0,-49000,-49000
2016/08/25,0,2000,-70000,-68000
2016/08/26,0,0,-100000,-100000
2016/08/29,0,0,-79000,-79000
2016/08/30,0,0,-35000,-35000
2016/08/31,0,0,-230000,-230000
2016/09/01,0,0,0,0
2016/09/02,0,0,0,0
2016/09/05,0,0,0,0
2016/09/06,0,0,0,0
2016/09/07,0,0,0,0
2016/09/08,0,0,-51000,-51000
2016/09/09,0,0,-30000,-30000
2016/09/12,0,0,0,0
2016/09/13,0,0,0,0
2016/09/14,0,0,0,0
2016/09/15,0,0,0,0
2016/09/16,0,0,0,0
2016/09/19,0,0,0,0
2016/09/20,0,0,-50000,-50000
2016/09/21,0,0,0,0
2016/09/22,0,0,0,0
2016/09/23,0,0,0,0
2016/09/26,0,0,0,0
2016/09/27,0,0,0,0
2016/09/28,0,0,0,0
2016/09/29,0,0,0,0
2016/09/30,0,44,0,44
2016/10/03,0,0,0,0
2016/10/04,0,107000,0,107000
2016/10/05,0,0,0,0
2016/10/06,0,0,0,0
2016/10/07,0,0,0,0
2016/10/10,0,0,0,0
2016/10/11,0,0,0,0
2016/10/12,0,25000,0,25000
2016/10/13,0,15000,0,15000
2016/10/14,0,15000,-13000,2000
2016/10/17,0,0,0,0
2016/10/18,0,15000,0,15000
2016/10/19,0,0,0,0
2016/10/20,0,0,-2000,-2000
2016/10/21,0,8000,-2000,6000
2016/10/24,0,0,0,0
2016/10/25,0,0,0,0
2016/10/26,0,10000,0,10000
2016/10/27,0,0,0,0
2016/10/28,0,8000,0,8000
2016/10/31,0,0,0,0
2016/11/01,0,0,0,0
2016/11/02,0,193,0,193
2016/11/03,0,14000,0,14000
2016/11/04,0,0,0,0
2016/11/07,0,0,0,0
2016/11/08,0,0,0,0
2016/11/09,0,0,0,0
2016/11/10,0,0,-39000,-39000
2016/11/11,0,0,-71000,-71000
2016/11/14,0,0,0,0
2016/11/15,0,0,0,0
2016/11/16,0,0,0,0
2016/11/17,0,0,0,0
2016/11/18,0,0,0,0
2016/11/21,0,0,0,0
2016/11/22,0,1000,0,1000
2016/11/23,0,0,0,0
2016/11/24,0,0,0,0
2016/11/25,0,0,0,0
2016/11/28,0,0,0,0
2016/11/29,0,4000,0,4000
2016/11/30,0,0,0,0
2016/12/01,0,0,0,0
2016/12/02,0,0,0,0
2016/12/05,0,0,0,0
2016/12/06,0,0,0,0
2016/12/07,0,0,0,0
2016/12/08,0,0,0,0
2016/12/09,0,0,0,0
2016/12/12,0,0,0,0
2016/12/13,0,0,0,0
2016/12/14,0,0,0,0
2016/12/15,0,0,0,0
2016/12/16,0,0,-1000,-1000
2016/12/19,0,0,0,0
2016/12/20,0,0,0,0
2016/12/21,0,0,0,0
2016/12/22,0,0,0,0
2016/12/23,0,0,0,0
2016/12/26,0,0,0,0
2016/12/27,0,0,0,0
2016/12/28,0,0,0,0
2016/12/29,0,0,0,0
2016/12/30,0,0,0,0
2017/01/02,0,0,0,0
2017/01/03,0,0,0,0
2017/01/04,0,0,0,0
2017/01/05,0,0,-9000,-9000
2017/01/06,0,0,-13000,-13000
2017/01/09,0,0,0,0
2017/01/10,0,0,0,0
2017/01/11,0,0,0,0
2017/01/12,0,0,0,0
2017/01/13,0,0,0,0
2017/01/16,0,0,0,0
2017/01/17,0,0,0,0
2017/01/18,0,0,0,0
2017/01/19,0,0,0,0
2017/01/20,0,0,0,0
2017/01/23,0,281,0,281
2017/01/24,0,0,0,0
2017/01/25,0,0,0,0
2017/01/26,0,0,0,0
2017/01/27,0,0,0,0
2017/01/30,0,0,0,0
2017/01/31,0,0,0,0
2017/02/01,0,0,0,0
2017/02/02,0,0,0,0
2017/02/03,0,0,0,0
2017/02/06,0,0,0,0
2017/02/07,0,0,0,0
2017/02/08,0,0,0,0
2017/02/09,0,0,0,0
2017/02/10,0,0,0,0
2017/02/13,0,0,0,0
2017/02/14,0,1000,0,1000
2017/02/15,0,0,0,0
2017/02/16,0,0,0,0
2017/02/17,0,0,0,0
2017/02/20,0,0,0,0
2017/02/21,0,0,0,0
2017/02/22,0,0,0,0
2017/02/23,0,0,0,0
2017/02/24,0,0,0,0
2017/02/27,0,0,0,0
2017/02/28,0,0,0,0
2017/03/01,0,0,0,0
2017/03/02,0,0,0,0
2017/03/03,0,0,0,0
2017/03/06,0,0,0,0
2017/03/07,0,0,0,0
2017/03/08,0,0,0,0
2017/03/09,0,0,0,0
2017/03/10,0,0,0,0
2017/03/13,0,0,0,0
2017/03/14,0,0,0,0
2017/03/15,0,0,0,0
2017/03/16,0,0,0,0
2017/03/17,0,1000,-2000,-1000
2017/03/20,0,0,-1000,-1000
2017/03/21,0,0,-1889,-1889
2017/03/22,0,0,0,0
2017/03/23,0,0,0,0
2017/03/24,0,0,0,0
2017/03/27,0,0,0,0
2017/03/28,0,0,0,0
2017/03/29,0,0,0,0
2017/03/30,0,0,0,0
2017/03/31,0,0,0,0
2017/04/03,0,0,0,0
2017/04/04,0,0,0,0
2017/04/05,0,0,0,0
2017/04/06,0,0,0,0
2017/04/07,0,0,0,0
2017/04/10,0,1000,0,1000
2017/04/11,0,0,0,0
2017/04/12,0,0,0,0
2017/04/13,0,0,0,0
2017/04/14,0,0,0,0
2017/04/17,0,0,0,0
2017/04/18,0,0,0,0
2017/04/19,0,0,0,0
2017/04/20,0,0,0,0
2017/04/21,0,0,0,0
2017/04/24,0,0,0,0
2017/04/25,0,67,0,67
2017/04/26,0,0,0,0
2017/04/27,0,1000,0,1000
2017/04/28,0,0,0,0
2017/05/01,0,0,0,0
2017/05/02,0,0,-1000,-1000
2017/05/03,0,0,0,0
2017/05/04,0,0,0,0
2017/05/05,0,0,0,0
2017/05/08,0,0,0,0
2017/05/09,0,0,0,0
2017/05/10,0,0,0,0
2017/05/11,0,0,0,0
2017/05/12,0,0,0,0
2017/05/15,0,0,0,0
2017/05/16,0,0,0,0
2017/05/17,0,0,0,0
2017/05/18,0,0,0,0
2017/05/19,0,0,0,0
2017/05/22,0,0,-1000,-1000
2017/05/23,0,0,0,0
2017/05/24,0,0,0,0
2017/05/25,0,0,0,0
2017/05/26,0,0,0,0
2017/05/29,0,0,0,0
2017/05/30,0,0,0,0
2017/05/31,0,0,-1000,-1000
2017/06/01,0,0,0,0
2017/06/02,0,0,0,0
2017/06/05,0,0,0,0
2017/06/06,0,0,0,0
2017/06/07,0,0,0,0
2017/06/08,0,0,-1000,-1000
2017/06/09,0,0,0,0
2017/06/12,0,0,0,0
2017/06/13,0,0,0,0
2017/06/14,0,0,0,0
2017/06/15,0,0,0,0
2017/06/16,0,0,-4000,-4000
2017/06/19,0,0,0,0
2017/06/20,0,1000,0,1000
2017/06/21,0,0,0,0
2017/06/22,0,0,0,0
2017/06/23,0,0,0,0
2017/06/26,0,0,0,0
2017/06/27,0,2000,0,2000
2017/06/28,0,0,0,0
2017/06/29,0,0,0,0
2017/06/30,0,1000,0,1000
2017/07/03,0,0,0,0
2017/07/04,0,0,0,0
2017/07/05,0,0,0,0
2017/07/06,0,0,-168000,-168000
2017/07/07,0,0,0,0
2017/07/10,0,0,0,0
2017/07/11,0,0,0,0
2017/07/12,0,0,0,0
2017/07/13,0,0,0,0
2017/07/14,0,0,0,0
2017/07/17,0,67,0,67
2017/07/18,0,0,0,0
2017/07/19,0,0,0,0
2017/07/20,0,1000,0,1000
2017/07/21,0,0,0,0
2017/07/24,0,0,0,0
2017/07/25,0,0,0,0
2017/07/26,0,0,0,0
2017/07/27,0,0,0,0
2017/07/28,0,0,0,0
2017/07/31,0,0,0,0
2017/08/01,0,0,0,0
2017/08/02,0,0,0,0
2017/08/03,0,0,0,0
2017/08/04,0,0,0,0
2017/08/07,0,0,0,0
2017/08/08,0,0,0,0
2017/08/09,0,0,0,0
2017/08/10,0,0,0,0
2017/08/11,0,0,0,0
2017/08/14,0,0,-1000,-1000
2017/08/15,0,0,0,0
2017/08/16,0,0,0,0
2017/08/17,0,0,0,0
2017/08/18,0,0,0,0
