Date,Open,Buy,Sell,Total
2007/01/02,0,0,-1000,-1000
2007/01/03,0,0,-118000,-118000
2007/01/04,0,0,0,0
2007/01/05,0,0,-127663,-127663
2007/01/08,0,0,0,0
2007/01/09,0,0,0,0
2007/01/10,0,0,0,0
2007/01/11,0,2000,-138000,-136000
2007/01/12,0,2000,0,2000
2007/01/15,0,0,0,0
2007/01/16,0,2000,0,2000
2007/01/17,0,1000,0,1000
2007/01/18,0,0,0,0
2007/01/19,0,0,-6000,-6000
2007/01/22,0,28000,-2000,26000
2007/01/23,0,0,-1000,-1000
2007/01/24,0,10000,0,10000
2007/01/25,0,10000,-2000,8000
2007/01/26,0,0,0,0
2007/01/29,0,350000,0,350000
2007/01/30,0,235000,-200000,35000
2007/01/31,0,0,0,0
2007/02/01,0,0,0,0
2007/02/02,0,18000,0,18000
2007/02/05,0,411000,0,411000
2007/02/06,0,350000,-10000,340000
2007/02/07,0,100000,0,100000
2007/02/08,0,2000,0,2000
2007/02/09,0,150000,-3000,147000
2007/02/12,0,0,-1000,-1000
2007/02/13,0,0,0,0
2007/02/14,0,0,-1000,-1000
2007/02/15,0,0,0,0
2007/02/16,0,0,0,0
2007/02/19,0,0,0,0
2007/02/20,0,0,0,0
2007/02/21,0,0,0,0
2007/02/22,0,0,0,0
2007/02/23,0,0,0,0
2007/02/26,0,0,0,0
2007/02/27,0,0,0,0
2007/02/28,0,0,0,0
2007/03/01,0,0,0,0
2007/03/02,0,0,0,0
2007/03/05,0,0,-5000,-5000
2007/03/06,0,0,-616000,-616000
2007/03/07,0,0,0,0
2007/03/08,0,0,0,0
2007/03/09,0,0,-40000,-40000
2007/03/12,0,0,-61000,-61000
2007/03/13,0,0,-60000,-60000
2007/03/14,0,0,-320000,-320000
2007/03/15,0,0,-400000,-400000
2007/03/16,0,0,-1000,-1000
2007/03/19,0,1000,0,1000
2007/03/20,0,0,-11000,-11000
2007/03/21,0,0,0,0
2007/03/22,0,0,0,0
2007/03/23,0,0,0,0
2007/03/26,0,1000,0,1000
2007/03/27,0,0,0,0
2007/03/28,0,0,0,0
2007/03/29,0,0,-1000,-1000
2007/03/30,0,0,-1000,-1000
2007/04/02,0,0,0,0
2007/04/03,0,0,0,0
2007/04/04,0,0,0,0
2007/04/05,0,0,0,0
2007/04/06,0,0,0,0
2007/04/09,0,0,0,0
2007/04/10,0,0,0,0
2007/04/11,0,0,0,0
2007/04/12,0,0,-6000,-6000
2007/04/13,0,0,-3000,-3000
2007/04/16,0,0,0,0
2007/04/17,0,0,0,0
2007/04/18,0,0,0,0
2007/04/19,0,1000,0,1000
2007/04/20,0,8000,0,8000
2007/04/23,0,0,0,0
2007/04/24,0,11000,0,11000
2007/04/25,0,0,0,0
2007/04/26,0,0,0,0
2007/04/27,0,0,-354000,-354000
2007/04/30,0,0,0,0
2007/05/01,0,0,0,0
2007/05/02,0,0,0,0
2007/05/03,0,0,0,0
2007/05/04,0,702000,0,702000
2007/05/07,0,950000,0,950000
2007/05/08,0,0,-3000,-3000
2007/05/09,0,100000,0,100000
2007/05/10,0,0,-5000,-5000
2007/05/11,0,0,-1000,-1000
2007/05/14,0,0,0,0
2007/05/15,0,12000,0,12000
2007/05/16,0,0,-2000,-2000
2007/05/17,0,0,-2000,-2000
2007/05/18,0,0,0,0
2007/05/21,0,0,0,0
2007/05/22,0,3000,0,3000
2007/05/23,0,0,-1000,-1000
2007/05/24,0,0,0,0
2007/05/25,0,2000,0,2000
2007/05/28,0,0,0,0
2007/05/29,0,2000,0,2000
2007/05/30,0,0,0,0
2007/05/31,0,0,0,0
2007/06/01,0,0,0,0
2007/06/04,0,0,0,0
2007/06/05,0,0,0,0
2007/06/06,0,3000,0,3000
2007/06/07,0,0,-880000,-880000
2007/06/08,0,20000,-622000,-602000
2007/06/11,0,0,0,0
2007/06/12,0,0,0,0
2007/06/13,0,0,0,0
2007/06/14,0,0,-3000,-3000
2007/06/15,0,0,-2000,-2000
2007/06/18,0,0,0,0
2007/06/19,0,0,0,0
2007/06/20,0,0,-1000,-1000
2007/06/21,0,0,0,0
2007/06/22,0,0,0,0
2007/06/25,0,8000,0,8000
2007/06/26,0,0,0,0
2007/06/27,0,0,0,0
2007/06/28,0,0,0,0
2007/06/29,0,3000,0,3000
2007/07/02,0,0,0,0
2007/07/03,0,0,0,0
2007/07/04,0,0,0,0
2007/07/05,0,493000,-274000,219000
2007/07/06,0,0,-6000,-6000
2007/07/09,0,1000,-2000,-1000
2007/07/10,0,0,0,0
2007/07/11,0,0,0,0
2007/07/12,0,0,0,0
2007/07/13,0,0,0,0
2007/07/16,0,0,0,0
2007/07/17,0,0,-2000,-2000
2007/07/18,0,4000,0,4000
2007/07/19,0,2000,0,2000
2007/07/20,0,1000,0,1000
2007/07/23,0,0,0,0
2007/07/24,0,0,0,0
2007/07/25,0,1000,0,1000
2007/07/26,0,1000,0,1000
2007/07/27,0,1000,-2000,-1000
2007/07/30,0,0,0,0
2007/07/31,0,0,-2000,-2000
2007/08/01,0,0,-3000,-3000
2007/08/02,0,0,-3000,-3000
2007/08/03,0,0,0,0
2007/08/06,0,1000,0,1000
2007/08/07,0,2000,0,2000
2007/08/08,0,1000,0,1000
2007/08/09,0,0,0,0
2007/08/10,0,0,-81000,-81000
2007/08/13,0,0,0,0
2007/08/14,0,1000,0,1000
2007/08/15,0,0,-4000,-4000
2007/08/16,0,4000,-11000,-7000
2007/08/17,0,0,-24000,-24000
2007/08/20,0,3000,0,3000
2007/08/21,0,2000,0,2000
2007/08/22,0,20000,0,20000
2007/08/23,0,0,0,0
2007/08/24,0,0,-4000,-4000
2007/08/27,0,7000,0,7000
2007/08/28,0,0,0,0
2007/08/29,0,0,0,0
2007/08/30,0,0,0,0
2007/08/31,0,5000,-23000,-18000
2007/09/03,0,0,0,0
2007/09/04,0,4000,-3000,1000
2007/09/05,0,0,0,0
2007/09/06,0,0,0,0
2007/09/07,0,0,0,0
2007/09/10,0,4000,0,4000
2007/09/11,0,2000,0,2000
2007/09/12,0,6000,-57000,-51000
2007/09/13,0,0,0,0
2007/09/14,0,16000,0,16000
2007/09/17,0,0,0,0
2007/09/18,0,0,0,0
2007/09/19,0,0,0,0
2007/09/20,0,0,0,0
2007/09/21,0,0,-7000,-7000
2007/09/24,0,0,0,0
2007/09/25,0,0,0,0
2007/09/26,0,0,-1000,-1000
2007/09/27,0,2000,0,2000
2007/09/28,0,0,0,0
2007/10/01,0,0,-1000,-1000
2007/10/02,0,0,0,0
2007/10/03,0,0,0,0
2007/10/04,0,0,0,0
2007/10/05,0,0,-1000,-1000
2007/10/08,0,0,-5000,-5000
2007/10/09,0,0,0,0
2007/10/10,0,0,0,0
2007/10/11,0,0,0,0
2007/10/12,0,0,0,0
2007/10/15,0,1000,0,1000
2007/10/16,0,0,0,0
2007/10/17,0,0,0,0
2007/10/18,0,0,0,0
2007/10/19,0,0,-25000,-25000
2007/10/22,0,1000,0,1000
2007/10/23,0,1000,0,1000
2007/10/24,0,0,0,0
2007/10/25,0,0,0,0
2007/10/26,0,0,0,0
2007/10/29,0,0,0,0
2007/10/30,0,1000,0,1000
2007/10/31,0,0,0,0
2007/11/01,0,0,0,0
2007/11/02,0,7000,0,7000
2007/11/05,0,15000,0,15000
2007/11/06,0,1000,-50000,-49000
2007/11/07,0,1000,0,1000
2007/11/08,0,1000,0,1000
2007/11/09,0,2000,0,2000
2007/11/12,0,2000,0,2000
2007/11/13,0,2000,0,2000
2007/11/14,0,0,0,0
2007/11/15,0,1000,0,1000
2007/11/16,0,0,0,0
2007/11/19,0,0,-62000,-62000
2007/11/20,0,0,0,0
2007/11/21,0,0,0,0
2007/11/22,0,0,0,0
2007/11/23,0,0,0,0
2007/11/26,0,0,0,0
2007/11/27,0,0,0,0
2007/11/28,0,0,0,0
2007/11/29,0,0,0,0
2007/11/30,0,6000,0,6000
2007/12/03,0,0,0,0
2007/12/04,0,0,0,0
2007/12/05,0,0,0,0
2007/12/06,0,0,0,0
2007/12/07,0,0,0,0
2007/12/10,0,0,-49000,-49000
2007/12/11,0,0,-12000,-12000
2007/12/12,0,0,-16000,-16000
2007/12/13,0,0,0,0
2007/12/14,0,20000,0,20000
2007/12/17,0,0,0,0
2007/12/18,0,0,-12000,-12000
2007/12/19,0,0,0,0
2007/12/20,0,0,0,0
2007/12/21,0,0,-3000,-3000
2007/12/24,0,0,0,0
2007/12/25,0,0,0,0
2007/12/26,0,0,0,0
2007/12/27,0,0,0,0
2007/12/28,0,0,0,0
2007/12/31,0,0,0,0
2008/01/01,0,0,0,0
2008/01/02,0,0,-50000,-50000
2008/01/03,0,0,0,0
2008/01/04,0,0,0,0
2008/01/07,0,0,0,0
2008/01/08,0,0,0,0
2008/01/09,0,0,0,0
2008/01/10,0,20000,0,20000
2008/01/11,0,0,0,0
2008/01/14,0,0,0,0
2008/01/15,0,126000,0,126000
2008/01/16,0,8000,0,8000
2008/01/17,0,348000,0,348000
2008/01/18,0,4000,0,4000
2008/01/21,0,606000,0,606000
2008/01/22,0,0,0,0
2008/01/23,0,54000,-90000,-36000
2008/01/24,0,0,0,0
2008/01/25,0,0,0,0
2008/01/28,0,0,0,0
2008/01/29,0,0,0,0
2008/01/30,0,150000,-292000,-142000
2008/01/31,0,0,0,0
2008/02/01,0,0,0,0
2008/02/04,0,0,0,0
2008/02/05,0,0,0,0
2008/02/06,0,0,0,0
2008/02/07,0,0,0,0
2008/02/08,0,0,0,0
2008/02/11,0,0,0,0
2008/02/12,0,1160000,0,1160000
2008/02/13,0,250000,0,250000
2008/02/14,0,0,0,0
2008/02/15,0,0,0,0
2008/02/18,0,10000,0,10000
2008/02/19,0,92000,0,92000
2008/02/20,0,0,0,0
2008/02/21,0,1733000,-60000,1673000
2008/02/22,0,0,0,0
2008/02/25,0,0,0,0
2008/02/26,0,0,-250000,-250000
2008/02/27,0,0,0,0
2008/02/28,0,0,0,0
2008/02/29,0,0,-3000,-3000
2008/03/03,0,0,0,0
2008/03/04,0,0,0,0
2008/03/05,0,795000,0,795000
2008/03/06,0,0,0,0
2008/03/07,0,0,0,0
2008/03/10,0,0,0,0
2008/03/11,0,0,0,0
2008/03/12,0,0,0,0
2008/03/13,0,0,0,0
2008/03/14,0,0,0,0
2008/03/17,0,50000,0,50000
2008/03/18,0,300000,0,300000
2008/03/19,0,500000,0,500000
2008/03/20,0,0,0,0
2008/03/21,0,5000,0,5000
2008/03/24,0,57000,-140000,-83000
2008/03/25,0,261000,-3000,258000
2008/03/26,0,1043000,0,1043000
2008/03/27,0,300000,-295000,5000
2008/03/28,0,0,-44000,-44000
2008/03/31,0,900000,-200000,700000
2008/04/01,0,0,-500000,-500000
2008/04/02,0,66000,-450000,-384000
2008/04/03,0,0,-50000,-50000
2008/04/04,0,0,0,0
2008/04/07,0,0,0,0
2008/04/08,0,1000,0,1000
2008/04/09,0,3651000,0,3651000
2008/04/10,0,0,0,0
2008/04/11,0,2200000,0,2200000
2008/04/14,0,2200000,0,2200000
2008/04/15,0,0,0,0
2008/04/16,0,1070000,-2101000,-1031000
2008/04/17,0,1000,0,1000
2008/04/18,0,0,-2000,-2000
2008/04/21,0,21000,0,21000
2008/04/22,0,1000,-2659000,-2658000
2008/04/23,0,1000,-943000,-942000
2008/04/24,0,1000,-157000,-156000
2008/04/25,0,0,-58000,-58000
2008/04/28,0,7000,-109000,-102000
2008/04/29,0,1000,0,1000
2008/04/30,0,205000,0,205000
2008/05/01,0,0,0,0
2008/05/02,0,11000,0,11000
2008/05/05,0,1000,0,1000
2008/05/06,0,1000,-1520000,-1519000
2008/05/07,0,1000,-202000,-201000
2008/05/08,0,426000,0,426000
2008/05/09,0,2000,0,2000
2008/05/12,0,2000,0,2000
2008/05/13,0,111000,0,111000
2008/05/14,0,22000,-2400000,-2378000
2008/05/15,0,5000,-1080000,-1075000
2008/05/16,0,0,0,0
2008/05/19,0,0,-1500000,-1500000
2008/05/20,0,0,-1178000,-1178000
2008/05/21,0,0,-1643000,-1643000
2008/05/22,0,1000,0,1000
2008/05/23,0,0,-1000,-1000
2008/05/26,0,8000,0,8000
2008/05/27,0,0,-4000,-4000
2008/05/28,0,1000,0,1000
2008/05/29,0,21000,0,21000
2008/05/30,0,2000,-289000,-287000
2008/06/02,0,7000,0,7000
2008/06/03,0,16000,0,16000
2008/06/04,0,251000,0,251000
2008/06/05,0,1000,0,1000
2008/06/06,0,0,0,0
2008/06/09,0,1000,0,1000
2008/06/10,0,0,0,0
2008/06/11,0,2000,0,2000
2008/06/12,0,2000,0,2000
2008/06/13,0,3000,-100000,-97000
2008/06/16,0,0,-27000,-27000
2008/06/17,0,1000,0,1000
2008/06/18,0,0,0,0
2008/06/19,0,1050000,-1000,1049000
2008/06/20,0,0,-6000,-6000
2008/06/23,0,6000,0,6000
2008/06/24,0,1000,0,1000
2008/06/25,0,175000,-1000,174000
2008/06/26,0,0,0,0
2008/06/27,0,0,0,0
2008/06/30,0,5000,0,5000
2008/07/01,0,2000,0,2000
2008/07/02,0,0,-1000,-1000
2008/07/03,0,400000,0,400000
2008/07/04,0,10000,0,10000
2008/07/07,0,7000,0,7000
2008/07/08,0,0,0,0
2008/07/09,0,0,-1002000,-1002000
2008/07/10,0,0,0,0
2008/07/11,0,7000,-7000,0
2008/07/14,0,0,0,0
2008/07/15,0,144000,0,144000
2008/07/16,0,7000,-1000000,-993000
2008/07/17,0,1000,0,1000
2008/07/18,0,0,-6000,-6000
2008/07/21,0,0,0,0
2008/07/22,0,1000,-109000,-108000
2008/07/23,0,0,-35000,-35000
2008/07/24,0,2782000,-19000,2763000
2008/07/25,0,0,0,0
2008/07/28,0,0,0,0
2008/07/29,0,3000,0,3000
2008/07/30,0,2000,-6000,-4000
2008/07/31,0,0,-20000,-20000
2008/08/01,0,2000,0,2000
2008/08/04,0,0,0,0
2008/08/05,0,0,0,0
2008/08/06,0,0,0,0
2008/08/07,0,0,0,0
2008/08/08,0,14000,0,14000
2008/08/11,0,78000,0,78000
2008/08/12,0,106000,0,106000
2008/08/13,0,0,-2923000,-2923000
2008/08/14,0,0,-63000,-63000
2008/08/15,0,0,0,0
2008/08/18,0,0,-3000,-3000
2008/08/19,0,0,-8000,-8000
2008/08/20,0,1000,-11000,-10000
2008/08/21,0,2000,-6000,-4000
2008/08/22,0,1000,0,1000
2008/08/25,0,1000,0,1000
2008/08/26,0,0,-10000,-10000
2008/08/27,0,0,-10000,-10000
2008/08/28,0,0,-30000,-30000
2008/08/29,0,0,-15000,-15000
2008/09/01,0,1000,0,1000
2008/09/02,0,1000,0,1000
2008/09/03,0,17000,0,17000
2008/09/04,0,5000,0,5000
2008/09/05,0,3000,0,3000
2008/09/08,0,0,0,0
2008/09/09,0,13000,0,13000
2008/09/10,0,0,0,0
2008/09/11,0,0,0,0
2008/09/12,0,0,0,0
2008/09/15,0,0,0,0
2008/09/16,0,2000,0,2000
2008/09/17,0,0,-1000,-1000
2008/09/18,0,1000,0,1000
2008/09/19,0,0,-232000,-232000
2008/09/22,0,0,0,0
2008/09/23,0,113000,0,113000
2008/09/24,0,6000,-2000,4000
2008/09/25,0,0,-8000,-8000
2008/09/26,0,2000,0,2000
2008/09/29,0,0,0,0
2008/09/30,0,0,0,0
2008/10/01,0,2000,0,2000
2008/10/02,0,1000,0,1000
2008/10/03,0,15000,0,15000
2008/10/06,0,6000,-14000,-8000
2008/10/07,0,0,-7000,-7000
2008/10/08,0,0,0,0
2008/10/09,0,14000,-3000,11000
2008/10/10,0,0,0,0
2008/10/13,0,0,0,0
2008/10/14,0,0,0,0
2008/10/15,0,5000,0,5000
2008/10/16,0,7000,0,7000
2008/10/17,0,0,-8000,-8000
2008/10/20,0,0,0,0
2008/10/21,0,194000,0,194000
2008/10/22,0,0,0,0
2008/10/23,0,0,-3000,-3000
2008/10/24,0,0,0,0
2008/10/27,0,0,-47000,-47000
2008/10/28,0,0,-10000,-10000
2008/10/29,0,0,-3000,-3000
2008/10/30,0,0,-1000,-1000
2008/10/31,0,0,0,0
2008/11/03,0,0,0,0
2008/11/04,0,1000,0,1000
2008/11/05,0,3000,0,3000
2008/11/06,0,0,0,0
2008/11/07,0,0,0,0
2008/11/10,0,1000,0,1000
2008/11/11,0,2000,0,2000
2008/11/12,0,0,-1000,-1000
2008/11/13,0,0,0,0
2008/11/14,0,1000,-12000,-11000
2008/11/17,0,2000,0,2000
2008/11/18,0,0,0,0
2008/11/19,0,0,0,0
2008/11/20,0,0,0,0
2008/11/21,0,91000,0,91000
2008/11/24,0,5000,-194000,-189000
2008/11/25,0,1000,-1392217,-1391217
2008/11/26,0,5000,-100535,-95535
2008/11/27,0,61000,0,61000
2008/11/28,0,0,0,0
2008/12/01,0,16000,0,16000
2008/12/02,0,0,0,0
2008/12/03,0,14000,0,14000
2008/12/04,0,1002000,0,1002000
2008/12/05,0,0,0,0
2008/12/08,0,242000,0,242000
2008/12/09,0,19000,0,19000
2008/12/10,0,0,0,0
2008/12/11,0,22000,0,22000
2008/12/12,0,0,-13000,-13000
2008/12/15,0,0,-34000,-34000
2008/12/16,0,1500000,-88000,1412000
2008/12/17,0,3001000,-16888,2984112
2008/12/18,0,652000,-1000,651000
2008/12/19,0,0,0,0
2008/12/22,0,0,0,0
2008/12/23,0,1000,0,1000
2008/12/24,0,0,0,0
2008/12/25,0,1000,0,1000
2008/12/26,0,0,-5000,-5000
2008/12/29,0,0,0,0
2008/12/30,0,0,0,0
2008/12/31,0,0,0,0
2009/01/01,0,0,0,0
2009/01/02,0,0,0,0
2009/01/05,0,0,0,0
2009/01/06,0,0,0,0
2009/01/07,0,0,0,0
2009/01/08,0,0,0,0
2009/01/09,0,3000,0,3000
2009/01/12,0,3000,-15000,-12000
2009/01/13,0,1000,0,1000
2009/01/14,0,0,0,0
2009/01/15,0,0,-76000,-76000
2009/01/16,0,3000,0,3000
2009/01/19,0,0,-10000,-10000
2009/01/20,0,0,0,0
2009/01/21,0,0,-1000,-1000
2009/01/22,0,0,0,0
2009/01/23,0,0,0,0
2009/01/26,0,0,0,0
2009/01/27,0,0,0,0
2009/01/28,0,0,0,0
2009/01/29,0,0,0,0
2009/01/30,0,0,0,0
2009/02/02,0,0,0,0
2009/02/03,0,0,0,0
2009/02/04,0,0,-1301000,-1301000
2009/02/05,0,0,0,0
2009/02/06,0,0,0,0
2009/02/09,0,0,-2000,-2000
2009/02/10,0,0,0,0
2009/02/11,0,0,-3000,-3000
2009/02/12,0,0,0,0
2009/02/13,0,0,0,0
2009/02/16,0,0,0,0
2009/02/17,0,0,0,0
2009/02/18,0,0,0,0
2009/02/19,0,0,0,0
2009/02/20,0,0,0,0
2009/02/23,0,0,0,0
2009/02/24,0,0,0,0
2009/02/25,0,0,0,0
2009/02/26,0,0,0,0
2009/02/27,0,1000,0,1000
2009/03/02,0,0,0,0
2009/03/03,0,0,0,0
2009/03/04,0,0,0,0
2009/03/05,0,0,0,0
2009/03/06,0,0,0,0
2009/03/09,0,0,-1000,-1000
2009/03/10,0,0,0,0
2009/03/11,0,0,0,0
2009/03/12,0,0,-366000,-366000
2009/03/13,0,0,0,0
2009/03/16,0,0,0,0
2009/03/17,0,0,0,0
2009/03/18,0,0,0,0
2009/03/19,0,724000,0,724000
2009/03/20,0,1566000,0,1566000
2009/03/23,0,0,0,0
2009/03/24,0,0,0,0
2009/03/25,0,589000,0,589000
2009/03/26,0,841000,0,841000
2009/03/27,0,0,0,0
2009/03/30,0,0,-1000,-1000
2009/03/31,0,820000,0,820000
2009/04/01,0,0,0,0
2009/04/02,0,4337000,0,4337000
2009/04/03,0,530000,0,530000
2009/04/06,0,0,0,0
2009/04/07,0,3214000,0,3214000
2009/04/08,0,0,0,0
2009/04/09,0,0,0,0
2009/04/10,0,0,0,0
2009/04/13,0,0,0,0
2009/04/14,0,0,0,0
2009/04/15,0,0,-380000,-380000
2009/04/16,0,0,0,0
2009/04/17,0,0,0,0
2009/04/20,0,0,-514000,-514000
2009/04/21,0,0,-73000,-73000
2009/04/22,0,90000,0,90000
2009/04/23,0,0,-142000,-142000
2009/04/24,0,90000,0,90000
2009/04/27,0,0,0,0
2009/04/28,0,0,-110000,-110000
2009/04/29,0,0,-687000,-687000
2009/04/30,0,0,0,0
2009/05/01,0,0,0,0
2009/05/04,0,0,0,0
2009/05/05,0,0,0,0
2009/05/06,0,0,0,0
2009/05/07,0,0,0,0
2009/05/08,0,0,0,0
2009/05/11,0,0,-10000,-10000
2009/05/12,0,300000,-2000,298000
2009/05/13,0,3100000,0,3100000
2009/05/14,0,1200000,0,1200000
2009/05/15,0,0,0,0
2009/05/18,0,0,0,0
2009/05/19,0,0,0,0
2009/05/20,0,0,0,0
2009/05/21,0,0,-257000,-257000
2009/05/22,0,0,0,0
2009/05/25,0,0,-2514000,-2514000
2009/05/26,0,107000,-1839000,-1732000
2009/05/27,0,92000,-15000,77000
2009/05/28,0,0,0,0
2009/05/29,0,0,0,0
2009/06/01,0,77000,-10000,67000
2009/06/02,0,0,-1220000,-1220000
2009/06/03,0,0,-2740000,-2740000
2009/06/04,0,21000,0,21000
2009/06/05,0,0,-10000,-10000
2009/06/08,0,20000,0,20000
2009/06/09,0,0,-18000,-18000
2009/06/10,0,0,-12000,-12000
2009/06/11,0,2000,0,2000
2009/06/12,0,0,0,0
2009/06/15,0,2000,0,2000
2009/06/16,0,5000,0,5000
2009/06/17,0,162000,0,162000
2009/06/18,0,4000,0,4000
2009/06/19,0,332000,0,332000
2009/06/22,0,5000,0,5000
2009/06/23,0,0,-305000,-305000
2009/06/24,0,2000,0,2000
2009/06/25,0,0,0,0
2009/06/26,0,0,0,0
2009/06/29,0,0,0,0
2009/06/30,0,0,0,0
2009/07/01,0,4000,-1982000,-1978000
2009/07/02,0,0,0,0
2009/07/03,0,0,-7000,-7000
2009/07/06,0,0,-1000,-1000
2009/07/07,0,2000,0,2000
2009/07/08,0,0,-2000,-2000
2009/07/09,0,0,0,0
2009/07/10,0,0,-2000,-2000
2009/07/13,0,0,0,0
2009/07/14,0,0,-988000,-988000
2009/07/15,0,0,0,0
2009/07/16,0,0,-2000,-2000
2009/07/17,0,0,-16000,-16000
2009/07/20,0,0,0,0
2009/07/21,0,0,-4000,-4000
2009/07/22,0,0,0,0
2009/07/23,0,0,-2000,-2000
2009/07/24,0,0,-3000,-3000
2009/07/27,0,0,0,0
2009/07/28,0,0,-278000,-278000
2009/07/29,0,0,0,0
2009/07/30,0,0,-2000,-2000
2009/07/31,0,0,0,0
2009/08/03,0,0,0,0
2009/08/04,0,0,-13000,-13000
2009/08/05,0,0,0,0
2009/08/06,0,0,0,0
2009/08/07,0,0,0,0
2009/08/10,0,4000,-2000,2000
2009/08/11,0,3000,0,3000
2009/08/12,0,0,0,0
2009/08/13,0,0,0,0
2009/08/14,0,0,-3000,-3000
2009/08/17,0,0,-1000,-1000
2009/08/18,0,2000,0,2000
2009/08/19,0,1000,0,1000
2009/08/20,0,2000,0,2000
2009/08/21,0,0,-3000,-3000
2009/08/24,0,2000,0,2000
2009/08/25,0,0,-751000,-751000
2009/08/26,0,0,-884000,-884000
2009/08/27,0,4000,-7000,-3000
2009/08/28,0,0,0,0
2009/08/31,0,0,0,0
2009/09/01,0,0,0,0
2009/09/02,0,0,0,0
2009/09/03,0,0,-3000,-3000
2009/09/04,0,0,-3000,-3000
2009/09/07,0,0,-2000,-2000
2009/09/08,0,0,0,0
2009/09/09,0,69000,0,69000
2009/09/10,0,0,0,0
2009/09/11,0,0,0,0
2009/09/14,0,0,-31000,-31000
2009/09/15,0,0,0,0
2009/09/16,0,0,0,0
2009/09/17,0,0,-437000,-437000
2009/09/18,0,0,-4000,-4000
2009/09/21,0,0,-1000,-1000
2009/09/22,0,0,-287000,-287000
2009/09/23,0,0,-1000,-1000
2009/09/24,0,0,0,0
2009/09/25,0,0,0,0
2009/09/28,0,0,0,0
2009/09/29,0,3000,0,3000
2009/09/30,0,0,0,0
2009/10/01,0,0,0,0
2009/10/02,0,0,0,0
2009/10/05,0,0,-3000,-3000
2009/10/06,0,0,0,0
2009/10/07,0,0,0,0
2009/10/08,0,0,0,0
2009/10/09,0,2000,0,2000
2009/10/12,0,0,0,0
2009/10/13,0,3000,0,3000
2009/10/14,0,0,-4000,-4000
2009/10/15,0,0,0,0
2009/10/16,0,0,-8000,-8000
2009/10/19,0,5000,0,5000
2009/10/20,0,0,0,0
2009/10/21,0,0,-4000,-4000
2009/10/22,0,0,0,0
2009/10/23,0,0,0,0
2009/10/26,0,0,0,0
2009/10/27,0,3000,0,3000
2009/10/28,0,0,-1000,-1000
2009/10/29,0,1000,-2500000,-2499000
2009/10/30,0,0,-1375000,-1375000
2009/11/02,0,3000,0,3000
2009/11/03,0,2000,0,2000
2009/11/04,0,2000,0,2000
2009/11/05,0,3000,0,3000
2009/11/06,0,1000,0,1000
2009/11/09,0,3000,0,3000
2009/11/10,0,1000,-6000,-5000
2009/11/11,0,0,0,0
2009/11/12,0,0,-2000,-2000
2009/11/13,0,0,-6000,-6000
2009/11/16,0,0,-1000,-1000
2009/11/17,0,0,-2000,-2000
2009/11/18,0,0,-3000,-3000
2009/11/19,0,0,-1000,-1000
2009/11/20,0,0,-3000,-3000
2009/11/23,0,0,-10000,-10000
2009/11/24,0,0,0,0
2009/11/25,0,0,0,0
2009/11/26,0,0,0,0
2009/11/27,0,0,0,0
2009/11/30,0,0,-5000,-5000
2009/12/01,0,0,0,0
2009/12/02,0,0,0,0
2009/12/03,0,0,0,0
2009/12/04,0,0,-2000,-2000
2009/12/07,0,0,0,0
2009/12/08,0,0,0,0
2009/12/09,0,0,0,0
2009/12/10,0,0,-12000,-12000
2009/12/11,0,2000,0,2000
2009/12/14,0,0,-12000,-12000
2009/12/15,0,0,0,0
2009/12/16,0,0,-9000,-9000
2009/12/17,0,0,0,0
2009/12/18,0,0,-1000,-1000
2009/12/21,0,0,0,0
2009/12/22,0,0,-2000,-2000
2009/12/23,0,0,0,0
2009/12/24,0,0,0,0
2009/12/25,0,0,-4000,-4000
2009/12/28,0,0,-68000,-68000
2009/12/29,0,0,-69000,-69000
2009/12/30,0,0,-68000,-68000
2009/12/31,0,0,0,0
2010/01/01,0,0,0,0
2010/01/04,0,1000,0,1000
2010/01/05,0,0,0,0
2010/01/06,0,0,0,0
2010/01/07,0,0,-1000,-1000
2010/01/08,0,0,-1000,-1000
2010/01/11,0,0,0,0
2010/01/12,0,0,-1000,-1000
2010/01/13,0,0,0,0
2010/01/14,0,0,0,0
2010/01/15,0,0,-4000,-4000
2010/01/18,0,0,0,0
2010/01/19,0,0,-1000,-1000
2010/01/20,0,0,0,0
2010/01/21,0,0,0,0
2010/01/22,0,0,0,0
2010/01/25,0,0,-2000,-2000
2010/01/26,0,0,0,0
2010/01/27,0,4000,0,4000
2010/01/28,0,1000,-1000,0
2010/01/29,0,1000,0,1000
2010/02/01,0,2000,0,2000
2010/02/02,0,0,0,0
2010/02/03,0,0,0,0
2010/02/04,0,1000,0,1000
2010/02/05,0,1000,0,1000
2010/02/08,0,1000,0,1000
2010/02/09,0,2000,0,2000
2010/02/10,0,0,0,0
2010/02/11,0,0,0,0
2010/02/12,0,0,0,0
2010/02/15,0,0,0,0
2010/02/16,0,0,0,0
2010/02/17,0,0,0,0
2010/02/18,0,0,0,0
2010/02/19,0,0,0,0
2010/02/22,0,1000,0,1000
2010/02/23,0,1000,0,1000
2010/02/24,0,1000,0,1000
2010/02/25,0,0,-1000,-1000
2010/02/26,0,1000,0,1000
2010/03/01,0,1000,0,1000
2010/03/02,0,0,0,0
2010/03/03,0,0,0,0
2010/03/04,0,0,-1000,-1000
2010/03/05,0,0,-1000,-1000
2010/03/08,0,0,0,0
2010/03/09,0,0,0,0
2010/03/10,0,0,-1000,-1000
2010/03/11,0,0,0,0
2010/03/12,0,0,-1000,-1000
2010/03/15,0,0,0,0
2010/03/16,0,0,0,0
2010/03/17,0,11000,0,11000
2010/03/18,0,0,-1000,-1000
2010/03/19,0,0,-2000,-2000
2010/03/22,0,0,-1000,-1000
2010/03/23,0,3000,-1000,2000
2010/03/24,0,0,0,0
2010/03/25,0,0,0,0
2010/03/26,0,0,0,0
2010/03/29,0,1000,0,1000
2010/03/30,0,0,0,0
2010/03/31,0,0,-1000,-1000
2010/04/01,0,0,0,0
2010/04/02,0,0,-1000,-1000
2010/04/05,0,0,0,0
2010/04/06,0,0,-1000,-1000
2010/04/07,0,0,0,0
2010/04/08,0,0,0,0
2010/04/09,0,0,0,0
2010/04/12,0,0,0,0
2010/04/13,0,0,-1000,-1000
2010/04/14,0,0,-1000,-1000
2010/04/15,0,0,-1000,-1000
2010/04/16,0,0,-1000,-1000
2010/04/19,0,0,0,0
2010/04/20,0,1000,0,1000
2010/04/21,0,0,0,0
2010/04/22,0,0,0,0
2010/04/23,0,0,0,0
2010/04/26,0,0,0,0
2010/04/27,0,0,-1000,-1000
2010/04/28,0,0,0,0
2010/04/29,0,0,0,0
2010/04/30,0,0,0,0
2010/05/03,0,0,0,0
2010/05/04,0,0,0,0
2010/05/05,0,0,-5000,-5000
2010/05/06,0,0,0,0
2010/05/07,0,1000,0,1000
2010/05/10,0,1000,0,1000
2010/05/11,0,1000,0,1000
2010/05/12,0,0,0,0
2010/05/13,0,0,0,0
2010/05/14,0,3000,0,3000
2010/05/17,0,0,-1000,-1000
2010/05/18,0,0,0,0
2010/05/19,0,0,0,0
2010/05/20,0,1000,0,1000
2010/05/21,0,0,0,0
2010/05/24,0,0,-5000,-5000
2010/05/25,0,0,0,0
2010/05/26,0,2000,0,2000
2010/05/27,0,1000,0,1000
2010/05/28,0,0,-4000,-4000
2010/05/31,0,0,0,0
2010/06/01,0,0,0,0
2010/06/02,0,0,0,0
2010/06/03,0,0,0,0
2010/06/04,0,0,0,0
2010/06/07,0,0,0,0
2010/06/08,0,2000,-1000,1000
2010/06/09,0,0,0,0
2010/06/10,0,1000,-1000,0
2010/06/11,0,0,0,0
2010/06/14,0,1000,-2000,-1000
2010/06/15,0,2000,0,2000
2010/06/16,0,0,0,0
2010/06/17,0,0,0,0
2010/06/18,0,0,-2000,-2000
2010/06/21,0,0,0,0
2010/06/22,0,0,-3000,-3000
2010/06/23,0,0,0,0
2010/06/24,0,17000,0,17000
2010/06/25,0,9000,0,9000
2010/06/28,0,0,-7000,-7000
2010/06/29,0,1000,0,1000
2010/06/30,0,0,0,0
2010/07/01,0,0,0,0
2010/07/02,0,0,0,0
2010/07/05,0,0,0,0
2010/07/06,0,1000,0,1000
2010/07/07,0,0,0,0
2010/07/08,0,0,0,0
2010/07/09,0,0,0,0
2010/07/12,0,0,0,0
2010/07/13,0,0,0,0
2010/07/14,0,0,0,0
2010/07/15,0,127000,0,127000
2010/07/16,0,4455000,0,4455000
2010/07/19,0,43000,-6000,37000
2010/07/20,0,0,0,0
2010/07/21,0,16000,0,16000
2010/07/22,0,0,0,0
2010/07/23,0,0,0,0
2010/07/26,0,0,0,0
2010/07/27,0,0,0,0
2010/07/28,0,0,0,0
2010/07/29,0,1598000,0,1598000
2010/07/30,0,0,-16000,-16000
2010/08/02,0,0,-14000,-14000
2010/08/03,0,0,0,0
2010/08/04,0,0,-2000,-2000
2010/08/05,0,0,-2000,-2000
2010/08/06,0,0,-2000,-2000
2010/08/09,0,0,0,0
2010/08/10,0,0,0,0
2010/08/11,0,0,0,0
2010/08/12,0,2000,-2000,0
2010/08/13,0,76000,0,76000
2010/08/16,0,0,-1000,-1000
2010/08/17,0,1000,0,1000
2010/08/18,0,5559000,-1000,5558000
2010/08/19,0,1905000,0,1905000
2010/08/20,0,3420000,-1000,3419000
2010/08/23,0,1051000,0,1051000
2010/08/24,0,0,-1000,-1000
2010/08/25,0,433000,-2000,431000
2010/08/26,0,0,-1000,-1000
2010/08/27,0,1000,0,1000
2010/08/30,0,2000,-16000,-14000
2010/08/31,0,0,0,0
2010/09/01,0,0,0,0
2010/09/02,0,1000,0,1000
2010/09/03,0,301000,-433000,-132000
2010/09/06,0,0,-1598000,-1598000
2010/09/07,0,0,-1935000,-1935000
2010/09/08,0,0,0,0
2010/09/09,0,0,0,0
2010/09/10,0,0,0,0
2010/09/13,0,0,0,0
2010/09/14,0,0,0,0
2010/09/15,0,19000,0,19000
2010/09/16,0,0,-4000,-4000
2010/09/17,0,8000,-2000,6000
2010/09/20,0,0,-1000,-1000
2010/09/21,0,0,-2000,-2000
2010/09/22,0,0,0,0
2010/09/23,0,0,-1000,-1000
2010/09/24,0,0,-2000,-2000
2010/09/27,0,0,-1000,-1000
2010/09/28,0,0,0,0
2010/09/29,0,0,0,0
2010/09/30,0,0,-5000,-5000
2010/10/01,0,0,0,0
2010/10/04,0,0,0,0
2010/10/05,0,2097000,0,2097000
2010/10/06,0,1300000,0,1300000
2010/10/07,0,809000,0,809000
2010/10/08,0,0,0,0
2010/10/11,0,0,0,0
2010/10/12,0,0,-202000,-202000
2010/10/13,0,680000,-23000,657000
2010/10/14,0,312000,0,312000
2010/10/15,0,143000,-5000,138000
2010/10/18,0,109000,-1000,108000
2010/10/19,0,148000,0,148000
2010/10/20,0,0,-100000,-100000
2010/10/21,0,0,0,0
2010/10/22,0,0,0,0
2010/10/25,0,0,-300000,-300000
2010/10/26,0,0,0,0
2010/10/27,0,2000,0,2000
2010/10/28,0,0,-1039000,-1039000
2010/10/29,0,0,-844000,-844000
2010/11/01,0,0,0,0
2010/11/02,0,0,-1143000,-1143000
2010/11/03,0,0,0,0
2010/11/04,0,0,0,0
2010/11/05,0,4213000,0,4213000
2010/11/08,0,90000,0,90000
2010/11/09,0,3000,-200000,-197000
2010/11/10,0,0,-2000,-2000
2010/11/11,0,2000,0,2000
2010/11/12,0,12000,-206000,-194000
2010/11/15,0,0,0,0
2010/11/16,0,0,-42000,-42000
2010/11/17,0,0,0,0
2010/11/18,0,0,0,0
2010/11/19,0,450000,0,450000
2010/11/22,0,1150000,-4000,1146000
2010/11/23,0,0,-1000,-1000
2010/11/24,0,0,0,0
2010/11/25,0,0,0,0
2010/11/26,0,0,0,0
2010/11/29,0,0,0,0
2010/11/30,0,31000,-1000,30000
2010/12/01,0,0,-2000,-2000
2010/12/02,0,0,-2000,-2000
2010/12/03,0,0,-549000,-549000
2010/12/06,0,0,-455000,-455000
2010/12/07,0,0,0,0
2010/12/08,0,0,-252000,-252000
2010/12/09,0,0,-901000,-901000
2010/12/10,0,0,0,0
2010/12/13,0,0,-1023000,-1023000
2010/12/14,0,0,0,0
2010/12/15,0,0,0,0
2010/12/16,0,0,-2000,-2000
2010/12/17,0,0,-36000,-36000
2010/12/20,0,0,-232000,-232000
2010/12/21,0,0,0,0
2010/12/22,0,1000,0,1000
2010/12/23,0,0,0,0
2010/12/24,0,0,0,0
2010/12/27,0,0,-1000,-1000
2010/12/28,0,0,0,0
2010/12/29,0,0,0,0
2010/12/30,0,0,0,0
2010/12/31,0,0,0,0
2011/01/03,0,0,0,0
2011/01/04,0,21000,0,21000
2011/01/05,0,1478000,0,1478000
2011/01/06,0,769000,0,769000
2011/01/07,0,0,0,0
2011/01/10,0,0,-1000,-1000
2011/01/11,0,0,0,0
2011/01/12,0,0,0,0
2011/01/13,0,0,0,0
2011/01/14,0,0,-1000,-1000
2011/01/17,0,25000,0,25000
2011/01/18,0,25000,0,25000
2011/01/19,0,0,-823000,-823000
2011/01/20,0,0,-2878000,-2878000
2011/01/21,0,0,-3911000,-3911000
2011/01/24,0,0,-178747,-178747
2011/01/25,0,0,0,0
2011/01/26,0,0,0,0
2011/01/27,0,0,0,0
2011/01/28,0,0,-1000,-1000
2011/01/31,0,0,0,0
2011/02/01,0,0,0,0
2011/02/02,0,0,0,0
2011/02/03,0,0,0,0
2011/02/04,0,0,0,0
2011/02/07,0,0,0,0
2011/02/08,0,0,0,0
2011/02/09,0,0,-3001000,-3001000
2011/02/10,0,0,-1000,-1000
2011/02/11,0,2000,-700000,-698000
2011/02/14,0,1000,-1503000,-1502000
2011/02/15,0,1000,-200000,-199000
2011/02/16,0,0,-1563000,-1563000
2011/02/17,0,0,-3883000,-3883000
2011/02/18,0,0,0,0
2011/02/21,0,0,0,0
2011/02/22,0,0,0,0
2011/02/23,0,4000,0,4000
2011/02/24,0,1000,0,1000
2011/02/25,0,0,-1847000,-1847000
2011/02/28,0,0,0,0
2011/03/01,0,0,0,0
2011/03/02,0,0,0,0
2011/03/03,0,0,0,0
2011/03/04,0,0,0,0
2011/03/07,0,0,0,0
2011/03/08,0,0,0,0
2011/03/09,0,43000,0,43000
2011/03/10,0,0,0,0
2011/03/11,0,0,0,0
2011/03/14,0,1000,0,1000
2011/03/15,0,1000,0,1000
2011/03/16,0,0,0,0
2011/03/17,0,42000,0,42000
2011/03/18,0,0,0,0
2011/03/21,0,0,0,0
2011/03/22,0,0,0,0
2011/03/23,0,0,0,0
2011/03/24,0,0,0,0
2011/03/25,0,0,0,0
2011/03/28,0,0,0,0
2011/03/29,0,0,0,0
2011/03/30,0,0,-10000,-10000
2011/03/31,0,0,-60000,-60000
2011/04/01,0,0,0,0
2011/04/04,0,0,0,0
2011/04/05,0,0,0,0
2011/04/06,0,0,0,0
2011/04/07,0,0,-71000,-71000
2011/04/08,0,0,0,0
2011/04/11,0,0,0,0
2011/04/12,0,0,-1000,-1000
2011/04/13,0,0,0,0
2011/04/14,0,0,0,0
2011/04/15,0,0,0,0
2011/04/18,0,0,0,0
2011/04/19,0,1000,0,1000
2011/04/20,0,0,0,0
2011/04/21,0,0,0,0
2011/04/22,0,0,0,0
2011/04/25,0,0,-1000,-1000
2011/04/26,0,0,-1000,-1000
2011/04/27,0,186000,0,186000
2011/04/28,0,0,0,0
2011/04/29,0,0,0,0
2011/05/02,0,0,0,0
2011/05/03,0,0,0,0
2011/05/04,0,0,0,0
2011/05/05,0,0,0,0
2011/05/06,0,0,0,0
2011/05/09,0,0,0,0
2011/05/10,0,0,0,0
2011/05/11,0,0,0,0
2011/05/12,0,4000,0,4000
2011/05/13,0,0,-1000,-1000
2011/05/16,0,2000,0,2000
2011/05/17,0,0,0,0
2011/05/18,0,0,0,0
2011/05/19,0,1000,0,1000
2011/05/20,0,0,0,0
2011/05/23,0,0,-1000,-1000
2011/05/24,0,0,0,0
2011/05/25,0,0,0,0
2011/05/26,0,0,0,0
2011/05/27,0,0,-1000,-1000
2011/05/30,0,1000,0,1000
2011/05/31,0,0,0,0
2011/06/01,0,0,0,0
2011/06/02,0,0,0,0
2011/06/03,0,0,0,0
2011/06/06,0,0,0,0
2011/06/07,0,0,0,0
2011/06/08,0,0,0,0
2011/06/09,0,0,0,0
2011/06/10,0,0,0,0
2011/06/13,0,0,0,0
2011/06/14,0,2000,0,2000
2011/06/15,0,0,-92000,-92000
2011/06/16,0,0,0,0
2011/06/17,0,1000,-7000,-6000
2011/06/20,0,0,-1000,-1000
2011/06/21,0,1000,0,1000
2011/06/22,0,138000,0,138000
2011/06/23,0,0,0,0
2011/06/24,0,1000,0,1000
2011/06/27,0,0,0,0
2011/06/28,0,0,0,0
2011/06/29,0,13000,0,13000
2011/06/30,0,0,0,0
2011/07/01,0,0,0,0
2011/07/04,0,0,0,0
2011/07/05,0,0,0,0
2011/07/06,0,0,0,0
2011/07/07,0,0,0,0
2011/07/08,0,0,0,0
2011/07/11,0,0,0,0
2011/07/12,0,0,0,0
2011/07/13,0,1000,0,1000
2011/07/14,0,0,0,0
2011/07/15,0,1000,0,1000
2011/07/18,0,0,0,0
2011/07/19,0,0,0,0
2011/07/20,0,1000,0,1000
2011/07/21,0,0,0,0
2011/07/22,0,0,0,0
2011/07/25,0,0,-1000,-1000
2011/07/26,0,0,0,0
2011/07/27,0,0,0,0
2011/07/28,0,0,-1000,-1000
2011/07/29,0,0,0,0
2011/08/01,0,1000,0,1000
2011/08/02,0,0,-1000,-1000
2011/08/03,0,1000,0,1000
2011/08/04,0,2000,0,2000
2011/08/05,0,2000,0,2000
2011/08/08,0,1000,0,1000
2011/08/09,0,2000,0,2000
2011/08/10,0,1000,0,1000
2011/08/11,0,24000,0,24000
2011/08/12,0,1000,0,1000
2011/08/15,0,3000,0,3000
2011/08/16,0,188000,0,188000
2011/08/17,0,0,-1000,-1000
2011/08/18,0,2000,0,2000
2011/08/19,0,2000,-1000,1000
2011/08/22,0,1000,0,1000
2011/08/23,0,1000,0,1000
2011/08/24,0,0,0,0
2011/08/25,0,0,0,0
2011/08/26,0,2000,0,2000
2011/08/29,0,3000,0,3000
2011/08/30,0,0,0,0
2011/08/31,0,0,0,0
2011/09/01,0,0,-1000,-1000
2011/09/02,0,0,-2000,-2000
2011/09/05,0,0,-2000,-2000
2011/09/06,0,0,0,0
2011/09/07,0,4000,0,4000
2011/09/08,0,0,0,0
2011/09/09,0,0,0,0
2011/09/12,0,0,0,0
2011/09/13,0,0,-2549,-2549
2011/09/14,0,2000,-4000,-2000
2011/09/15,0,0,-9000,-9000
2011/09/16,0,170000,0,170000
2011/09/19,0,1000,0,1000
2011/09/20,0,0,0,0
2011/09/21,0,0,-8228,-8228
2011/09/22,0,0,0,0
2011/09/23,0,3000,0,3000
2011/09/26,0,11000,0,11000
2011/09/27,0,7834,0,7834
2011/09/28,0,0,-2000,-2000
2011/09/29,0,3000,0,3000
2011/09/30,0,0,0,0
2011/10/03,0,0,0,0
2011/10/04,0,4000,0,4000
2011/10/05,0,0,0,0
2011/10/06,0,0,0,0
2011/10/07,0,2000,0,2000
2011/10/10,0,0,0,0
2011/10/11,0,0,0,0
2011/10/12,0,0,0,0
2011/10/13,0,0,0,0
2011/10/14,0,0,-1000,-1000
2011/10/17,0,0,-1995,-1995
2011/10/18,0,29995,0,29995
2011/10/19,0,0,0,0
2011/10/20,0,0,0,0
2011/10/21,0,0,0,0
2011/10/24,0,4000,0,4000
2011/10/25,0,0,0,0
2011/10/26,0,1000,0,1000
2011/10/27,0,2000,0,2000
2011/10/28,0,4000,0,4000
2011/10/31,0,0,-4000,-4000
2011/11/01,0,0,-5000,-5000
2011/11/02,0,0,0,0
2011/11/03,0,2000,0,2000
2011/11/04,0,0,-5000,-5000
2011/11/07,0,450000,0,450000
2011/11/08,0,573000,0,573000
2011/11/09,0,100000,0,100000
2011/11/10,0,301000,0,301000
2011/11/11,0,0,0,0
2011/11/14,0,3000,-29678,-26678
2011/11/15,0,0,0,0
2011/11/16,0,200000,0,200000
2011/11/17,0,39000,0,39000
2011/11/18,0,1000,0,1000
2011/11/21,0,5000,-300000,-295000
2011/11/22,0,3000,-4000,-1000
2011/11/23,0,8000,0,8000
2011/11/24,0,6000,0,6000
2011/11/25,0,14000,-400000,-386000
2011/11/28,0,2000,0,2000
2011/11/29,0,3000,0,3000
2011/11/30,0,0,-1000,-1000
2011/12/01,0,0,-11000,-11000
2011/12/02,0,0,0,0
2011/12/05,0,0,-3000,-3000
2011/12/06,0,0,0,0
2011/12/07,0,2000,0,2000
2011/12/08,0,0,0,0
2011/12/09,0,4993,0,4993
2011/12/12,0,0,0,0
2011/12/13,0,0,0,0
2011/12/14,0,0,0,0
2011/12/15,0,0,-3000,-3000
2011/12/16,0,2000,-4000,-2000
2011/12/19,0,3000,0,3000
2011/12/20,0,3000,-50000,-47000
2011/12/21,0,0,-57000,-57000
2011/12/22,0,3000,-50000,-47000
2011/12/23,0,0,-3000,-3000
2011/12/26,0,0,0,0
2011/12/27,0,6000,0,6000
2011/12/28,0,0,-3000,-3000
2011/12/29,0,0,-270000,-270000
2011/12/30,0,0,-5000,-5000
2012/01/02,0,7000,0,7000
2012/01/03,0,0,-10000,-10000
2012/01/04,0,0,0,0
2012/01/05,0,5975,-2000,3975
2012/01/06,0,0,-1000,-1000
2012/01/09,0,0,-1000,-1000
2012/01/10,0,0,-2000,-2000
2012/01/11,0,0,-3000,-3000
2012/01/12,0,0,-7000,-7000
2012/01/13,0,0,-12000,-12000
2012/01/16,0,0,-3000,-3000
2012/01/17,0,0,0,0
2012/01/18,0,0,-6000,-6000
2012/01/19,0,0,0,0
2012/01/20,0,0,0,0
2012/01/23,0,0,0,0
2012/01/24,0,0,0,0
2012/01/25,0,0,0,0
2012/01/26,0,0,0,0
2012/01/27,0,0,0,0
2012/01/30,0,0,-10000,-10000
2012/01/31,0,0,-4000,-4000
2012/02/01,0,0,-5000,-5000
2012/02/02,0,0,-4000,-4000
2012/02/03,0,0,-5000,-5000
2012/02/06,0,0,-9000,-9000
2012/02/07,0,0,0,0
2012/02/08,0,0,-3000,-3000
2012/02/09,0,18646,-3000,15646
2012/02/10,0,0,-163000,-163000
2012/02/13,0,0,0,0
2012/02/14,0,0,-5000,-5000
2012/02/15,0,0,-5000,-5000
2012/02/16,0,75000,0,75000
2012/02/17,0,123000,0,123000
2012/02/20,0,0,-3000,-3000
2012/02/21,0,0,0,0
2012/02/22,0,0,0,0
2012/02/23,0,0,-3000,-3000
2012/02/24,0,0,-10000,-10000
2012/02/27,0,0,0,0
2012/02/28,0,0,0,0
2012/02/29,0,0,-1000,-1000
2012/03/01,0,0,0,0
2012/03/02,0,0,-6000,-6000
2012/03/05,0,0,-1000,-1000
2012/03/06,0,0,-1000,-1000
2012/03/07,0,0,-1000,-1000
2012/03/08,0,0,-18174,-18174
2012/03/09,0,0,0,0
2012/03/12,0,0,-2000,-2000
2012/03/13,0,0,-5000,-5000
2012/03/14,0,125000,0,125000
2012/03/15,0,118000,0,118000
2012/03/16,0,0,-19000,-19000
2012/03/19,0,0,-2000,-2000
2012/03/20,0,0,-4000,-4000
2012/03/21,0,0,0,0
2012/03/22,0,0,0,0
2012/03/23,0,0,0,0
2012/03/26,0,0,-3000,-3000
2012/03/27,0,1200000,0,1200000
2012/03/28,0,300000,0,300000
2012/03/29,0,0,0,0
2012/03/30,0,0,-5000,-5000
2012/04/02,0,0,-1000,-1000
2012/04/03,0,0,0,0
2012/04/04,0,0,0,0
2012/04/05,0,4891,0,4891
2012/04/06,0,411000,0,411000
2012/04/09,0,0,-3000,-3000
2012/04/10,0,0,0,0
2012/04/11,0,0,0,0
2012/04/12,0,0,0,0
2012/04/13,0,352000,0,352000
2012/04/16,0,0,-33000,-33000
2012/04/17,0,0,0,0
2012/04/18,0,0,0,0
2012/04/19,0,0,0,0
2012/04/20,0,0,0,0
2012/04/23,0,2000,0,2000
2012/04/24,0,10000,0,10000
2012/04/25,0,0,0,0
2012/04/26,0,397000,0,397000
2012/04/27,0,0,-1200000,-1200000
2012/04/30,0,0,0,0
2012/05/01,0,0,0,0
2012/05/02,0,30000,0,30000
2012/05/03,0,0,-33676,-33676
2012/05/04,0,0,-3000,-3000
2012/05/07,0,0,0,0
2012/05/08,0,0,0,0
2012/05/09,0,0,0,0
2012/05/10,0,0,0,0
2012/05/11,0,0,0,0
2012/05/14,0,0,0,0
2012/05/15,0,23000,0,23000
2012/05/16,0,245000,0,245000
2012/05/17,0,0,0,0
2012/05/18,0,0,0,0
2012/05/21,0,0,0,0
2012/05/22,0,0,0,0
2012/05/23,0,0,-6000,-6000
2012/05/24,0,0,0,0
2012/05/25,0,0,-300000,-300000
2012/05/28,0,0,0,0
2012/05/29,0,6000,0,6000
2012/05/30,0,19548,0,19548
2012/05/31,0,0,0,0
2012/06/01,0,0,0,0
2012/06/04,0,16000,0,16000
2012/06/05,0,12000,0,12000
2012/06/06,0,0,0,0
2012/06/07,0,0,0,0
2012/06/08,0,89000,0,89000
2012/06/11,0,35000,0,35000
2012/06/12,0,111000,0,111000
2012/06/13,0,49000,-159000,-110000
2012/06/14,0,21000,-162000,-141000
2012/06/15,0,0,0,0
2012/06/18,0,0,0,0
2012/06/19,0,0,0,0
2012/06/20,0,0,0,0
2012/06/21,0,0,0,0
2012/06/22,0,0,0,0
2012/06/25,0,0,-27000,-27000
2012/06/26,0,0,-23821,-23821
2012/06/27,0,0,0,0
2012/06/28,0,0,-10000,-10000
2012/06/29,0,0,0,0
2012/07/02,0,0,-5000,-5000
2012/07/03,0,6000,0,6000
2012/07/04,0,0,0,0
2012/07/05,0,0,-1000,-1000
2012/07/06,0,0,0,0
2012/07/09,0,0,0,0
2012/07/10,0,0,0,0
2012/07/11,0,0,0,0
2012/07/12,0,0,0,0
2012/07/13,0,0,0,0
2012/07/16,0,0,0,0
2012/07/17,0,0,-207000,-207000
2012/07/18,0,0,0,0
2012/07/19,0,0,0,0
2012/07/20,0,0,0,0
2012/07/23,0,0,0,0
2012/07/24,0,0,0,0
2012/07/25,0,0,0,0
2012/07/26,0,0,0,0
2012/07/27,0,0,0,0
2012/07/30,0,0,0,0
2012/07/31,0,0,0,0
2012/08/01,0,0,0,0
2012/08/02,0,0,0,0
2012/08/03,0,0,0,0
2012/08/06,0,0,-2000,-2000
2012/08/07,0,0,-120000,-120000
2012/08/08,0,0,-27000,-27000
2012/08/09,0,41000,-16000,25000
2012/08/10,0,0,-7000,-7000
2012/08/13,0,0,-8000,-8000
2012/08/14,0,0,-5000,-5000
2012/08/15,0,0,-112000,-112000
2012/08/16,0,0,-8000,-8000
2012/08/17,0,4735,-7000,-2265
2012/08/20,0,9000,-7000,2000
2012/08/21,0,0,-1000,-1000
2012/08/22,0,0,-1000,-1000
2012/08/23,0,0,-2000,-2000
2012/08/24,0,0,0,0
2012/08/27,0,0,-7000,-7000
2012/08/28,0,0,0,0
2012/08/29,0,0,-7000,-7000
2012/08/30,0,0,-2000,-2000
2012/08/31,0,0,-4000,-4000
2012/09/03,0,0,-3000,-3000
2012/09/04,0,0,0,0
2012/09/05,0,0,-4000,-4000
2012/09/06,0,0,0,0
2012/09/07,0,0,-1000,-1000
2012/09/10,0,0,0,0
2012/09/11,0,0,0,0
2012/09/12,0,0,0,0
2012/09/13,0,0,0,0
2012/09/14,0,0,0,0
2012/09/17,0,0,0,0
2012/09/18,0,158000,0,158000
2012/09/19,0,189000,-2000,187000
2012/09/20,0,0,0,0
2012/09/21,0,0,-1000,-1000
2012/09/24,0,0,0,0
2012/09/25,0,0,0,0
2012/09/26,0,0,-5000,-5000
2012/09/27,0,0,0,0
2012/09/28,0,3000,0,3000
2012/10/01,0,0,0,0
2012/10/02,0,0,0,0
2012/10/03,0,0,0,0
2012/10/04,0,0,0,0
2012/10/05,0,0,0,0
2012/10/08,0,0,0,0
2012/10/09,0,0,0,0
2012/10/10,0,0,0,0
2012/10/11,0,0,0,0
2012/10/12,0,0,-1000,-1000
2012/10/15,0,0,0,0
2012/10/16,0,0,0,0
2012/10/17,0,0,0,0
2012/10/18,0,0,-74000,-74000
2012/10/19,0,0,0,0
2012/10/22,0,0,0,0
2012/10/23,0,0,0,0
2012/10/24,0,0,-581000,-581000
2012/10/25,0,0,-6000,-6000
2012/10/26,0,0,0,0
2012/10/29,0,17821,0,17821
2012/10/30,0,0,0,0
2012/10/31,0,0,0,0
2012/11/01,0,0,0,0
2012/11/02,0,0,-14000,-14000
2012/11/05,0,0,0,0
2012/11/06,0,0,0,0
2012/11/07,0,0,0,0
2012/11/08,0,0,0,0
2012/11/09,0,0,0,0
2012/11/12,0,0,0,0
2012/11/13,0,0,-14000,-14000
2012/11/14,0,0,0,0
2012/11/15,0,0,0,0
2012/11/16,0,0,0,0
2012/11/19,0,0,0,0
2012/11/20,0,0,0,0
2012/11/21,0,0,0,0
2012/11/22,0,0,-4000,-4000
2012/11/23,0,0,0,0
2012/11/26,0,0,0,0
2012/11/27,0,0,0,0
2012/11/28,0,0,-170000,-170000
2012/11/29,0,0,0,0
2012/11/30,0,0,-29000,-29000
2012/12/03,0,0,0,0
2012/12/04,0,0,0,0
2012/12/05,0,0,-1000,-1000
2012/12/06,0,0,0,0
2012/12/07,0,0,0,0
2012/12/10,0,0,-1000,-1000
2012/12/11,0,0,0,0
2012/12/12,0,0,0,0
2012/12/13,0,0,0,0
2012/12/14,0,0,0,0
2012/12/17,0,0,0,0
2012/12/18,0,0,0,0
2012/12/19,0,0,0,0
2012/12/20,0,0,-1000,-1000
2012/12/21,0,0,-28000,-28000
2012/12/24,0,0,0,0
2012/12/25,0,0,0,0
2012/12/26,0,0,0,0
2012/12/27,0,0,0,0
2012/12/28,0,0,0,0
2012/12/31,0,0,0,0
2013/01/01,0,0,0,0
2013/01/02,0,0,0,0
2013/01/03,0,0,-2000,-2000
2013/01/04,0,0,-6000,-6000
2013/01/07,0,20000,-2000,18000
2013/01/08,0,0,-1000,-1000
2013/01/09,0,0,0,0
2013/01/10,0,0,0,0
2013/01/11,0,4000,0,4000
2013/01/14,0,0,0,0
2013/01/15,0,1000,0,1000
2013/01/16,0,2000,-2000,0
2013/01/17,0,1000,-36185,-35185
2013/01/18,0,0,0,0
2013/01/21,0,0,-5000,-5000
2013/01/22,0,0,0,0
2013/01/23,0,0,-3000,-3000
2013/01/24,0,0,-6000,-6000
2013/01/25,0,0,-2000,-2000
2013/01/28,0,0,0,0
2013/01/29,0,0,0,0
2013/01/30,0,0,0,0
2013/01/31,0,5000,-2000,3000
2013/02/01,0,0,0,0
2013/02/04,0,57000,0,57000
2013/02/05,0,54000,0,54000
2013/02/06,0,0,-12000,-12000
2013/02/07,0,0,0,0
2013/02/08,0,0,0,0
2013/02/11,0,0,0,0
2013/02/12,0,0,0,0
2013/02/13,0,0,0,0
2013/02/14,0,0,0,0
2013/02/15,0,0,0,0
2013/02/18,0,0,0,0
2013/02/19,0,0,-4000,-4000
2013/02/20,0,0,0,0
2013/02/21,0,0,-6000,-6000
2013/02/22,0,0,-9000,-9000
2013/02/25,0,0,0,0
2013/02/26,0,0,-1000,-1000
2013/02/27,0,500000,0,500000
2013/02/28,0,0,0,0
2013/03/01,0,1780000,0,1780000
2013/03/04,0,270000,0,270000
2013/03/05,0,900000,0,900000
2013/03/06,0,0,-2000,-2000
2013/03/07,0,216000,0,216000
2013/03/08,0,0,0,0
2013/03/11,0,738000,-3000,735000
2013/03/12,0,106000,0,106000
2013/03/13,0,140000,-4000,136000
2013/03/14,0,0,-3000,-3000
2013/03/15,0,0,-66000,-66000
2013/03/18,0,0,-6000,-6000
2013/03/19,0,0,0,0
2013/03/20,0,0,-1000,-1000
2013/03/21,0,0,-500000,-500000
2013/03/22,0,0,-2000,-2000
2013/03/25,0,0,0,0
2013/03/26,0,0,0,0
2013/03/27,0,0,-20000,-20000
2013/03/28,0,0,-1000,-1000
2013/03/29,0,0,0,0
2013/04/01,0,233000,-2000,231000
2013/04/02,0,1630000,0,1630000
2013/04/03,0,1344000,0,1344000
2013/04/04,0,0,0,0
2013/04/05,0,0,0,0
2013/04/08,0,239000,0,239000
2013/04/09,0,216000,0,216000
2013/04/10,0,0,0,0
2013/04/11,0,0,0,0
2013/04/12,0,879000,0,879000
2013/04/15,0,0,-3000,-3000
2013/04/16,0,228000,0,228000
2013/04/17,0,2376000,0,2376000
2013/04/18,0,150000,-1000,149000
2013/04/19,0,12499,0,12499
2013/04/22,0,406000,-2000,404000
2013/04/23,0,300000,-6000,294000
2013/04/24,0,0,-3000,-3000
2013/04/25,0,134000,-5000,129000
2013/04/26,0,0,-7000,-7000
2013/04/29,0,0,-4000,-4000
2013/04/30,0,654000,0,654000
2013/05/01,0,0,0,0
2013/05/02,0,0,-3000,-3000
2013/05/03,0,0,-15000,-15000
2013/05/06,0,0,-7000,-7000
2013/05/07,0,1150000,0,1150000
2013/05/08,0,0,0,0
2013/05/09,0,345000,-1000,344000
2013/05/10,0,280000,-1000,279000
2013/05/13,0,818000,-6000,812000
2013/05/14,0,555000,-312000,243000
2013/05/15,0,630000,-1000,629000
2013/05/16,0,300000,-115000,185000
2013/05/17,0,500000,0,500000
2013/05/20,0,0,-6000,-6000
2013/05/21,0,0,0,0
2013/05/22,0,0,-22000,-22000
2013/05/23,0,0,-1000,-1000
2013/05/24,0,0,-5000,-5000
2013/05/27,0,0,-1000,-1000
2013/05/28,0,0,-3000,-3000
2013/05/29,0,40000,0,40000
2013/05/30,0,307000,0,307000
2013/05/31,0,0,0,0
2013/06/03,0,0,0,0
2013/06/04,0,0,0,0
2013/06/05,0,0,0,0
2013/06/06,0,103000,0,103000
2013/06/07,0,1000,0,1000
2013/06/10,0,0,0,0
2013/06/11,0,0,-26000,-26000
2013/06/12,0,0,0,0
2013/06/13,0,0,-25000,-25000
2013/06/14,0,145000,-123000,22000
2013/06/17,0,0,0,0
2013/06/18,0,80000,-1000,79000
2013/06/19,0,572000,-1000,571000
2013/06/20,0,0,-856000,-856000
2013/06/21,0,2000,0,2000
2013/06/24,0,0,-739000,-739000
2013/06/25,0,0,-220000,-220000
2013/06/26,0,0,-286000,-286000
2013/06/27,0,238000,0,238000
2013/06/28,0,0,0,0
2013/07/01,0,0,-901000,-901000
2013/07/02,0,0,-700000,-700000
2013/07/03,0,0,-650000,-650000
2013/07/04,0,2000,-600000,-598000
2013/07/05,0,14000,-815000,-801000
2013/07/08,0,0,0,0
2013/07/09,0,0,0,0
2013/07/10,0,560000,0,560000
2013/07/11,0,1040000,-13565,1026435
2013/07/12,0,1050000,0,1050000
2013/07/15,0,0,0,0
2013/07/16,0,250000,0,250000
2013/07/17,0,0,0,0
2013/07/18,0,0,-70000,-70000
2013/07/19,0,915000,0,915000
2013/07/22,0,0,-601000,-601000
2013/07/23,0,151000,0,151000
2013/07/24,0,0,0,0
2013/07/25,0,0,0,0
2013/07/26,0,49000,-621000,-572000
2013/07/29,0,0,0,0
2013/07/30,0,0,-397000,-397000
2013/07/31,0,0,0,0
2013/08/01,0,0,0,0
2013/08/02,0,1285000,-265000,1020000
2013/08/05,0,915000,-1000,914000
2013/08/06,0,500000,-299000,201000
2013/08/07,0,0,-138000,-138000
2013/08/08,0,0,-190000,-190000
2013/08/09,0,350000,0,350000
2013/08/12,0,0,0,0
2013/08/13,0,0,0,0
2013/08/14,0,0,0,0
2013/08/15,0,0,-301000,-301000
2013/08/16,0,0,0,0
2013/08/19,0,0,0,0
2013/08/20,0,500000,0,500000
2013/08/21,0,0,0,0
2013/08/22,0,0,-200000,-200000
2013/08/23,0,0,-187000,-187000
2013/08/26,0,0,0,0
2013/08/27,0,0,-3453000,-3453000
2013/08/28,0,0,0,0
2013/08/29,0,0,-266000,-266000
2013/08/30,0,516000,-81000,435000
2013/09/02,0,0,-512000,-512000
2013/09/03,0,0,-809019,-809019
2013/09/04,0,0,0,0
2013/09/05,0,0,-5000,-5000
2013/09/06,0,0,-2108000,-2108000
2013/09/09,0,0,-2000,-2000
2013/09/10,0,179000,-1200000,-1021000
2013/09/11,0,0,-500000,-500000
2013/09/12,0,0,-568000,-568000
2013/09/13,0,0,-142000,-142000
2013/09/16,0,0,0,0
2013/09/17,0,0,0,0
2013/09/18,0,2000,0,2000
2013/09/19,0,0,0,0
2013/09/20,0,0,0,0
2013/09/23,0,0,-1000,-1000
2013/09/24,0,0,0,0
2013/09/25,0,0,0,0
2013/09/26,0,0,-500000,-500000
2013/09/27,0,0,-3679000,-3679000
2013/09/30,0,0,-1601000,-1601000
2013/10/01,0,0,0,0
2013/10/02,0,0,0,0
2013/10/03,0,0,0,0
2013/10/04,0,0,-1000,-1000
2013/10/07,0,0,-1000,-1000
2013/10/08,0,0,0,0
2013/10/09,0,0,-74000,-74000
2013/10/10,0,0,0,0
2013/10/11,0,0,0,0
2013/10/14,0,0,0,0
2013/10/15,0,0,0,0
2013/10/16,0,0,-102000,-102000
2013/10/17,0,0,0,0
2013/10/18,0,0,-34000,-34000
2013/10/21,0,0,0,0
2013/10/22,0,0,-117000,-117000
2013/10/23,0,0,-1000,-1000
2013/10/24,0,0,-95000,-95000
2013/10/25,0,0,-473000,-473000
2013/10/28,0,0,0,0
2013/10/29,0,0,0,0
2013/10/30,0,0,0,0
2013/10/31,0,0,-2000,-2000
2013/11/01,0,0,-5000,-5000
2013/11/04,0,0,0,0
2013/11/05,0,0,0,0
2013/11/06,0,0,-5000,-5000
2013/11/07,0,0,-2000,-2000
2013/11/08,0,0,0,0
2013/11/11,0,0,0,0
2013/11/12,0,0,0,0
2013/11/13,0,0,0,0
2013/11/14,0,0,0,0
2013/11/15,0,0,0,0
2013/11/18,0,0,0,0
2013/11/19,0,0,0,0
2013/11/20,0,0,0,0
2013/11/21,0,0,0,0
2013/11/22,0,0,0,0
2013/11/25,0,0,-2221,-2221
2013/11/26,0,0,0,0
2013/11/27,0,0,0,0
2013/11/28,0,0,0,0
2013/11/29,0,0,0,0
2013/12/02,0,0,0,0
2013/12/03,0,0,0,0
2013/12/04,0,0,-153000,-153000
2013/12/05,0,0,0,0
2013/12/06,0,0,-600000,-600000
2013/12/09,0,0,0,0
2013/12/10,0,0,0,0
2013/12/11,0,0,-136000,-136000
2013/12/12,0,0,0,0
2013/12/13,0,0,0,0
2013/12/16,0,0,0,0
2013/12/17,0,0,0,0
2013/12/18,0,0,-2000,-2000
2013/12/19,0,0,0,0
2013/12/20,0,0,-5000,-5000
2013/12/23,0,0,0,0
2013/12/24,0,0,-5000,-5000
2013/12/25,0,0,-9000,-9000
2013/12/26,0,0,-1000,-1000
2013/12/27,0,2000,0,2000
2013/12/30,0,0,-422000,-422000
2013/12/31,0,0,-1000,-1000
2014/01/02,0,0,-98000,-98000
2014/01/03,0,0,-1000,-1000
2014/01/06,0,16000,0,16000
2014/01/07,0,0,0,0
2014/01/08,0,1000,0,1000
2014/01/09,0,0,0,0
2014/01/10,0,0,0,0
2014/01/13,0,0,0,0
2014/01/14,0,0,-1000,-1000
2014/01/15,0,2000,-282000,-280000
2014/01/16,0,0,-233000,-233000
2014/01/17,0,0,-1000,-1000
2014/01/20,0,0,0,0
2014/01/21,0,0,-77000,-77000
2014/01/22,0,0,-76000,-76000
2014/01/23,0,0,0,0
2014/01/24,0,0,0,0
2014/01/27,0,0,-1000,-1000
2014/02/05,0,0,0,0
2014/02/06,0,0,0,0
2014/02/07,0,0,0,0
2014/02/10,0,0,0,0
2014/02/11,0,0,-1000,-1000
2014/02/12,0,0,0,0
2014/02/13,0,21211,-8000,13211
2014/02/14,0,0,0,0
2014/02/17,0,0,0,0
2014/02/18,0,0,0,0
2014/02/19,0,33000,0,33000
2014/02/20,0,27000,0,27000
2014/02/21,0,0,0,0
2014/02/24,0,0,0,0
2014/02/25,0,0,0,0
2014/02/26,0,0,0,0
2014/02/27,0,0,0,0
2014/03/03,0,0,0,0
2014/03/04,0,0,0,0
2014/03/05,0,0,0,0
2014/03/06,0,0,-1000,-1000
2014/03/07,0,0,-234000,-234000
2014/03/10,0,0,-235000,-235000
2014/03/11,0,0,-1000,-1000
2014/03/12,0,0,-236000,-236000
2014/03/13,0,0,0,0
2014/03/14,0,0,-2000,-2000
2014/03/17,0,0,-1000,-1000
2014/03/18,0,480000,0,480000
2014/03/19,0,1500000,0,1500000
2014/03/20,0,1500000,0,1500000
2014/03/21,0,4783000,-3000,4780000
2014/03/24,0,1162000,0,1162000
2014/03/25,0,0,0,0
2014/03/26,0,0,0,0
2014/03/27,0,0,0,0
2014/03/28,0,0,-1000,-1000
2014/03/31,0,0,0,0
2014/04/01,0,40000,0,40000
2014/04/02,0,0,0,0
2014/04/03,0,0,-32000,-32000
2014/04/07,0,0,-7000,-7000
2014/04/08,0,0,0,0
2014/04/09,0,0,0,0
2014/04/10,0,0,-6737,-6737
2014/04/11,0,0,0,0
2014/04/14,0,0,0,0
2014/04/15,0,0,0,0
2014/04/16,0,0,-1000,-1000
2014/04/17,0,0,-1000,-1000
2014/04/18,0,0,-1000,-1000
2014/04/21,0,0,-8000,-8000
2014/04/22,0,0,-2000,-2000
2014/04/23,0,0,0,0
2014/04/24,0,0,0,0
2014/04/25,0,0,0,0
2014/04/28,0,0,0,0
2014/04/29,0,0,0,0
2014/04/30,0,5000,-55000,-50000
2014/05/02,0,0,0,0
2014/05/05,0,0,0,0
2014/05/06,0,0,0,0
2014/05/07,0,0,0,0
2014/05/08,0,0,0,0
2014/05/09,0,0,0,0
2014/05/12,0,0,0,0
2014/05/13,0,0,-1000,-1000
2014/05/14,0,0,0,0
2014/05/15,0,0,0,0
2014/05/16,0,0,0,0
2014/05/19,0,0,-1000,-1000
2014/05/20,0,0,0,0
2014/05/21,0,0,0,0
2014/05/22,0,0,0,0
2014/05/23,0,0,0,0
2014/05/26,0,0,-72000,-72000
2014/05/27,0,0,-74000,-74000
2014/05/28,0,0,0,0
2014/05/29,0,0,-1000,-1000
2014/05/30,0,0,0,0
2014/06/03,0,0,0,0
2014/06/04,0,0,0,0
2014/06/05,0,0,0,0
2014/06/06,0,2000,0,2000
2014/06/09,0,0,0,0
2014/06/10,0,0,0,0
2014/06/11,0,0,0,0
2014/06/12,0,0,-2000,-2000
2014/06/13,0,0,0,0
2014/06/16,0,0,-1000,-1000
2014/06/17,0,0,0,0
2014/06/18,0,0,0,0
2014/06/19,0,0,0,0
2014/06/20,0,63000,-1000,62000
2014/06/23,0,0,0,0
2014/06/24,0,0,0,0
2014/06/25,0,0,0,0
2014/06/26,0,0,0,0
2014/06/27,0,0,0,0
2014/06/30,0,11000,0,11000
2014/07/01,0,0,0,0
2014/07/02,0,12562,0,12562
2014/07/03,0,0,0,0
2014/07/04,0,0,0,0
2014/07/07,0,0,0,0
2014/07/08,0,0,-1000,-1000
2014/07/09,0,0,0,0
2014/07/10,0,0,0,0
2014/07/11,0,0,0,0
2014/07/14,0,0,0,0
2014/07/15,0,0,0,0
2014/07/16,0,0,0,0
2014/07/17,0,0,0,0
2014/07/18,0,0,0,0
2014/07/21,0,0,0,0
2014/07/22,0,0,0,0
2014/07/23,0,0,0,0
2014/07/24,0,0,0,0
2014/07/25,0,0,0,0
2014/07/28,0,0,0,0
2014/07/29,0,0,0,0
2014/07/30,0,75000,0,75000
2014/07/31,0,1000,0,1000
2014/08/01,0,0,0,0
2014/08/04,0,0,0,0
2014/08/05,0,80000,0,80000
2014/08/06,0,98000,0,98000
2014/08/07,0,27000,0,27000
2014/08/08,0,13000,0,13000
2014/08/11,0,0,0,0
2014/08/12,0,15000,0,15000
2014/08/13,0,9000,0,9000
2014/08/14,0,0,0,0
2014/08/15,0,0,0,0
2014/08/18,0,0,0,0
2014/08/19,0,0,0,0
2014/08/20,0,9000,0,9000
2014/08/21,0,0,-19000,-19000
2014/08/22,0,0,0,0
2014/08/25,0,8000,0,8000
2014/08/26,0,0,0,0
2014/08/27,0,0,0,0
2014/08/28,0,0,-32000,-32000
2014/08/29,0,0,0,0
2014/09/01,0,0,0,0
2014/09/02,0,0,0,0
2014/09/03,0,0,0,0
2014/09/04,0,0,0,0
2014/09/05,0,0,0,0
2014/09/09,0,0,0,0
2014/09/10,0,0,0,0
2014/09/11,0,56000,0,56000
2014/09/12,0,0,0,0
2014/09/15,0,0,0,0
2014/09/16,0,0,-500000,-500000
2014/09/17,0,0,-1015000,-1015000
2014/09/18,0,0,-1500000,-1500000
2014/09/19,0,0,-2507347,-2507347
2014/09/22,0,16250,-1000000,-983750
2014/09/23,0,2000,0,2000
2014/09/24,0,0,0,0
2014/09/25,0,0,0,0
2014/09/26,0,0,0,0
2014/09/29,0,0,0,0
2014/09/30,0,0,0,0
2014/10/01,0,0,0,0
2014/10/02,0,1000,0,1000
2014/10/03,0,0,0,0
2014/10/06,0,0,0,0
2014/10/07,0,0,0,0
2014/10/08,0,0,0,0
2014/10/09,0,0,-1000,-1000
2014/10/13,0,0,0,0
2014/10/14,0,0,0,0
2014/10/15,0,0,0,0
2014/10/16,0,0,0,0
2014/10/17,0,0,0,0
2014/10/20,0,0,0,0
2014/10/21,0,0,-2000,-2000
2014/10/22,0,0,0,0
2014/10/23,0,0,-3000,-3000
2014/10/24,0,0,0,0
2014/10/27,0,0,0,0
2014/10/28,0,0,0,0
2014/10/29,0,2000,0,2000
2014/10/30,0,0,0,0
2014/10/31,0,0,0,0
2014/11/03,0,0,-1000,-1000
2014/11/04,0,0,0,0
2014/11/05,0,0,0,0
2014/11/06,0,0,0,0
2014/11/07,0,0,0,0
2014/11/10,0,0,0,0
2014/11/11,0,0,0,0
2014/11/12,0,0,0,0
2014/11/13,0,0,0,0
2014/11/14,0,0,0,0
2014/11/17,0,0,0,0
2014/11/18,0,0,0,0
2014/11/19,0,0,0,0
2014/11/20,0,0,0,0
2014/11/21,0,0,0,0
2014/11/24,0,0,0,0
2014/11/25,0,0,0,0
2014/11/26,0,0,-1000,-1000
2014/11/27,0,0,0,0
2014/11/28,0,0,-100000,-100000
2014/12/01,0,0,-78000,-78000
2014/12/02,0,0,0,0
2014/12/03,0,1000,0,1000
2014/12/04,0,0,0,0
2014/12/05,0,192000,0,192000
2014/12/08,0,0,0,0
2014/12/09,0,0,0,0
2014/12/10,0,0,0,0
2014/12/11,0,2014,0,2014
2014/12/12,0,0,0,0
2014/12/15,0,0,0,0
2014/12/16,0,0,-22000,-22000
2014/12/17,0,0,0,0
2014/12/18,0,0,0,0
2014/12/19,0,0,-5000,-5000
2014/12/22,0,0,0,0
2014/12/23,0,0,0,0
2014/12/24,0,0,0,0
2014/12/25,0,0,0,0
2014/12/26,0,0,0,0
2014/12/29,0,0,0,0
2014/12/30,0,0,0,0
2014/12/31,0,0,-1000,-1000
2015/01/01,0,0,0,0
2015/01/02,0,0,0,0
2015/01/05,0,0,0,0
2015/01/06,0,0,0,0
2015/01/07,0,0,-1000,-1000
2015/01/08,0,0,0,0
2015/01/09,0,0,0,0
2015/01/12,0,0,0,0
2015/01/13,0,0,0,0
2015/01/14,0,0,0,0
2015/01/15,0,0,0,0
2015/01/16,0,0,0,0
2015/01/19,0,0,-1000,-1000
2015/01/20,0,0,0,0
2015/01/21,0,0,0,0
2015/01/22,0,273000,0,273000
2015/01/23,0,0,0,0
2015/01/26,0,0,0,0
2015/01/27,0,0,0,0
2015/01/28,0,0,0,0
2015/01/29,0,0,0,0
2015/01/30,0,0,-18000,-18000
2015/02/02,0,0,0,0
2015/02/03,0,0,0,0
2015/02/04,0,0,0,0
2015/02/05,0,0,0,0
2015/02/06,0,0,0,0
2015/02/09,0,0,0,0
2015/02/10,0,0,0,0
2015/02/11,0,0,0,0
2015/02/12,0,0,0,0
2015/02/13,0,0,-11000,-11000
2015/02/16,0,0,0,0
2015/02/17,0,0,0,0
2015/02/18,0,0,0,0
2015/02/19,0,0,0,0
2015/02/20,0,0,0,0
2015/02/23,0,0,0,0
2015/02/24,0,0,0,0
2015/02/25,0,0,0,0
2015/02/26,0,0,-7000,-7000
2015/02/27,0,0,0,0
2015/03/02,0,600000,0,600000
2015/03/03,0,500000,-2000,498000
2015/03/04,0,500000,-33000,467000
2015/03/05,0,430000,-3000,427000
2015/03/06,0,0,0,0
2015/03/09,0,0,-5000,-5000
2015/03/10,0,300000,0,300000
2015/03/11,0,250000,0,250000
2015/03/12,0,0,-3769,-3769
2015/03/13,0,0,0,0
2015/03/16,0,0,-63000,-63000
2015/03/17,0,0,0,0
2015/03/18,0,0,0,0
2015/03/19,0,0,-2000,-2000
2015/03/20,0,0,-2000,-2000
2015/03/23,0,0,-2000,-2000
2015/03/24,0,0,-2000,-2000
2015/03/25,0,0,-1000,-1000
2015/03/26,0,0,0,0
2015/03/27,0,0,0,0
2015/03/30,0,0,0,0
2015/03/31,0,0,0,0
2015/04/01,0,0,0,0
2015/04/02,0,0,0,0
2015/04/03,0,0,0,0
2015/04/06,0,0,0,0
2015/04/07,0,0,0,0
2015/04/08,0,0,0,0
2015/04/09,0,0,0,0
2015/04/10,0,0,0,0
2015/04/13,0,0,0,0
2015/04/14,0,0,0,0
2015/04/15,0,139000,0,139000
2015/04/16,0,0,0,0
2015/04/17,0,0,0,0
2015/04/20,0,0,-1000,-1000
2015/04/21,0,0,0,0
2015/04/22,0,0,0,0
2015/04/23,0,0,0,0
2015/04/24,0,0,-1000,-1000
2015/04/27,0,0,0,0
2015/04/28,0,0,-3000,-3000
2015/04/29,0,0,-2000,-2000
2015/04/30,0,0,-2000,-2000
2015/05/01,0,0,0,0
2015/05/04,0,0,0,0
2015/05/05,0,0,0,0
2015/05/06,0,0,0,0
2015/05/07,0,0,0,0
2015/05/08,0,0,0,0
2015/05/11,0,3000,0,3000
2015/05/12,0,0,0,0
2015/05/13,0,0,0,0
2015/05/14,0,5000,0,5000
2015/05/15,0,0,0,0
2015/05/18,0,0,0,0
2015/05/19,0,0,0,0
2015/05/20,0,0,0,0
2015/05/21,0,0,0,0
2015/05/22,0,0,0,0
2015/05/25,0,0,0,0
2015/05/26,0,0,0,0
2015/05/27,0,0,0,0
2015/05/28,0,0,-14000,-14000
2015/05/29,0,0,0,0
2015/06/01,0,0,0,0
2015/06/02,0,0,0,0
2015/06/03,0,0,0,0
2015/06/04,0,14580,0,14580
2015/06/05,0,0,-1000,-1000
2015/06/08,0,0,0,0
2015/06/09,0,0,0,0
2015/06/10,0,0,0,0
2015/06/11,0,0,0,0
2015/06/12,0,0,0,0
2015/06/15,0,0,0,0
2015/06/16,0,0,0,0
2015/06/17,0,0,0,0
2015/06/18,0,0,-1000,-1000
2015/06/19,0,0,0,0
2015/06/22,0,23000,0,23000
2015/06/23,0,0,0,0
2015/06/24,0,0,0,0
2015/06/25,0,0,0,0
2015/06/26,0,0,0,0
2015/06/29,0,0,0,0
2015/06/30,0,0,0,0
2015/07/01,0,0,0,0
2015/07/02,0,0,0,0
2015/07/03,0,0,0,0
2015/07/06,0,0,0,0
2015/07/07,0,0,0,0
2015/07/08,0,0,0,0
2015/07/09,0,0,0,0
2015/07/10,0,0,0,0
2015/07/13,0,0,0,0
2015/07/14,0,0,0,0
2015/07/15,0,9000,0,9000
2015/07/16,0,0,0,0
2015/07/17,0,0,-53000,-53000
2015/07/20,0,0,0,0
2015/07/21,0,1000,0,1000
2015/07/22,0,0,0,0
2015/07/23,0,0,0,0
2015/07/24,0,8000,0,8000
2015/07/27,0,0,0,0
2015/07/28,0,14000,0,14000
2015/07/29,0,0,0,0
2015/07/30,0,0,0,0
2015/07/31,0,0,0,0
2015/08/03,0,0,-56000,-56000
2015/08/04,0,0,0,0
2015/08/05,0,0,0,0
2015/08/06,0,0,0,0
2015/08/07,0,0,0,0
2015/08/10,0,0,0,0
2015/08/11,0,0,0,0
2015/08/12,0,0,0,0
2015/08/13,0,0,0,0
2015/08/14,0,0,0,0
2015/08/17,0,0,0,0
2015/08/18,0,0,0,0
2015/08/19,0,0,0,0
2015/08/20,0,0,0,0
2015/08/21,0,0,0,0
2015/08/24,0,0,0,0
2015/08/25,0,0,-569,-569
2015/08/26,0,0,0,0
2015/08/27,0,0,0,0
2015/08/28,0,3000,0,3000
2015/08/31,0,0,-32000,-32000
2015/09/01,0,0,-53000,-53000
2015/09/02,0,0,0,0
2015/09/03,0,0,0,0
2015/09/04,0,0,-1000,-1000
2015/09/07,0,0,0,0
2015/09/08,0,0,0,0
2015/09/09,0,0,0,0
2015/09/10,0,0,0,0
2015/09/11,0,0,0,0
2015/09/14,0,0,0,0
2015/09/15,0,0,0,0
2015/09/16,0,0,0,0
2015/09/17,0,0,0,0
2015/09/18,0,0,-1000,-1000
2015/09/21,0,0,-210000,-210000
2015/09/22,0,1222,0,1222
2015/09/23,0,0,0,0
2015/09/24,0,0,0,0
2015/09/25,0,0,0,0
2015/09/28,0,0,0,0
2015/09/29,0,0,0,0
2015/09/30,0,0,0,0
2015/10/01,0,0,0,0
2015/10/02,0,17000,0,17000
2015/10/05,0,0,0,0
2015/10/06,0,0,0,0
2015/10/07,0,0,0,0
2015/10/08,0,0,0,0
2015/10/09,0,0,0,0
2015/10/12,0,0,0,0
2015/10/13,0,0,0,0
2015/10/14,0,0,0,0
2015/10/15,0,0,0,0
2015/10/16,0,0,0,0
2015/10/19,0,0,0,0
2015/10/20,0,0,0,0
2015/10/21,0,0,0,0
2015/10/22,0,0,0,0
2015/10/23,0,0,0,0
2015/10/26,0,0,0,0
2015/10/27,0,0,0,0
2015/10/28,0,0,0,0
2015/10/29,0,0,0,0
2015/10/30,0,0,0,0
2015/11/02,0,0,0,0
2015/11/03,0,0,0,0
2015/11/04,0,22000,-1000,21000
2015/11/05,0,0,0,0
2015/11/06,0,0,0,0
2015/11/09,0,0,0,0
2015/11/10,0,0,0,0
2015/11/11,0,0,0,0
2015/11/12,0,0,0,0
2015/11/13,0,0,0,0
2015/11/16,0,0,0,0
2015/11/17,0,0,0,0
2015/11/18,0,0,0,0
2015/11/19,0,0,0,0
2015/11/20,0,0,0,0
2015/11/23,0,0,0,0
2015/11/24,0,0,0,0
2015/11/25,0,0,0,0
2015/11/26,0,0,0,0
2015/11/27,0,0,0,0
2015/11/30,0,0,0,0
2015/12/01,0,0,0,0
2015/12/02,0,0,0,0
2015/12/03,0,0,0,0
2015/12/04,0,0,0,0
2015/12/07,0,0,0,0
2015/12/08,0,0,0,0
2015/12/09,0,0,0,0
2015/12/10,0,0,0,0
2015/12/11,0,0,0,0
2015/12/14,0,0,-1667,-1667
2015/12/15,0,0,0,0
2015/12/16,0,0,0,0
2015/12/17,0,0,0,0
2015/12/18,0,0,0,0
2015/12/21,0,0,0,0
2015/12/22,0,0,0,0
2015/12/23,0,0,0,0
2015/12/24,0,0,0,0
2015/12/25,0,0,0,0
2015/12/28,0,0,-44000,-44000
2015/12/29,0,0,-51000,-51000
2015/12/30,0,0,0,0
2015/12/31,0,0,0,0
2016/01/01,0,0,0,0
2016/01/04,0,0,0,0
2016/01/05,0,0,0,0
2016/01/06,0,0,0,0
2016/01/07,0,0,0,0
2016/01/08,0,0,0,0
2016/01/11,0,0,0,0
2016/01/12,0,0,0,0
2016/01/13,0,0,0,0
2016/01/14,0,0,0,0
2016/01/15,0,0,-7000,-7000
2016/01/18,0,0,0,0
2016/01/19,0,0,0,0
2016/01/20,0,0,-7000,-7000
2016/01/21,0,0,0,0
2016/01/22,0,0,0,0
2016/01/25,0,0,0,0
2016/01/26,0,0,0,0
2016/01/27,0,0,0,0
2016/01/28,0,0,0,0
2016/01/29,0,0,0,0
2016/02/01,0,0,0,0
2016/02/02,0,0,0,0
2016/02/03,0,0,0,0
2016/02/04,0,0,0,0
2016/02/05,0,0,0,0
2016/02/08,0,0,0,0
2016/02/09,0,0,0,0
2016/02/10,0,0,0,0
2016/02/11,0,0,0,0
2016/02/12,0,0,0,0
2016/02/15,0,2287,0,2287
2016/02/16,0,0,0,0
2016/02/17,0,0,0,0
2016/02/18,0,0,0,0
2016/02/19,0,0,0,0
2016/02/22,0,0,0,0
2016/02/23,0,0,0,0
2016/02/24,0,0,0,0
2016/02/25,0,0,0,0
2016/02/26,0,0,0,0
2016/02/29,0,0,0,0
2016/03/01,0,0,0,0
2016/03/02,0,0,-2000,-2000
2016/03/03,0,0,0,0
2016/03/04,0,0,-160000,-160000
2016/03/07,0,0,-160000,-160000
2016/03/08,0,0,-180000,-180000
2016/03/09,0,0,-180000,-180000
2016/03/10,0,0,-180000,-180000
2016/03/11,0,0,-150000,-150000
2016/03/14,0,0,-135000,-135000
2016/03/15,0,0,-130000,-130000
2016/03/16,0,0,-190000,-190000
2016/03/17,0,0,-150000,-150000
2016/03/18,0,0,-200000,-200000
2016/03/21,0,0,-200000,-200000
2016/03/22,0,0,-200000,-200000
2016/03/23,0,0,-205000,-205000
2016/03/24,0,0,-160000,-160000
2016/03/25,0,0,0,0
2016/03/28,0,0,0,0
2016/03/29,0,0,-1000,-1000
2016/03/30,0,0,0,0
2016/03/31,0,0,0,0
2016/04/01,0,0,0,0
2016/04/04,0,0,0,0
2016/04/05,0,0,0,0
2016/04/06,0,0,0,0
2016/04/07,0,0,0,0
2016/04/08,0,0,0,0
2016/04/11,0,0,0,0
2016/04/12,0,0,0,0
2016/04/13,0,0,0,0
2016/04/14,0,0,0,0
2016/04/15,0,0,-119000,-119000
2016/04/18,0,0,0,0
2016/04/19,0,0,0,0
2016/04/20,0,0,-1000,-1000
2016/04/21,0,0,0,0
2016/04/22,0,0,0,0
2016/04/25,0,0,0,0
2016/04/26,0,0,0,0
2016/04/27,0,0,0,0
2016/04/28,0,0,0,0
2016/04/29,0,0,0,0
2016/05/02,0,0,0,0
2016/05/03,0,0,0,0
2016/05/04,0,0,0,0
2016/05/05,0,0,0,0
2016/05/06,0,0,0,0
2016/05/09,0,0,0,0
2016/05/10,0,0,-3195,-3195
2016/05/11,0,0,0,0
2016/05/12,0,0,0,0
2016/05/13,0,0,0,0
2016/05/16,0,0,0,0
2016/05/17,0,0,0,0
2016/05/18,0,0,0,0
2016/05/19,0,0,0,0
2016/05/20,0,0,0,0
2016/05/23,0,0,0,0
2016/05/24,0,0,0,0
2016/05/25,0,0,0,0
2016/05/26,0,0,-1000,-1000
2016/05/27,0,0,0,0
2016/05/30,0,0,0,0
2016/05/31,0,0,0,0
2016/06/01,0,0,0,0
2016/06/02,0,0,0,0
2016/06/03,0,0,0,0
2016/06/06,0,0,0,0
2016/06/07,0,0,0,0
2016/06/08,0,0,0,0
2016/06/09,0,0,0,0
2016/06/10,0,0,0,0
2016/06/13,0,0,0,0
2016/06/14,0,0,0,0
2016/06/15,0,0,0,0
2016/06/16,0,0,0,0
2016/06/17,0,4000,0,4000
2016/06/20,0,0,0,0
2016/06/21,0,0,0,0
2016/06/22,0,0,0,0
2016/06/23,0,0,0,0
2016/06/24,0,0,0,0
2016/06/27,0,0,0,0
2016/06/28,0,3000,0,3000
2016/06/29,0,0,0,0
2016/06/30,0,0,0,0
2016/07/01,0,0,0,0
2016/07/04,0,0,0,0
2016/07/05,0,0,0,0
2016/07/06,0,0,0,0
2016/07/07,0,0,0,0
2016/07/08,0,0,0,0
2016/07/11,0,0,0,0
2016/07/12,0,0,0,0
2016/07/13,0,0,0,0
2016/07/14,0,3000,0,3000
2016/07/15,0,0,0,0
2016/07/18,0,0,0,0
2016/07/19,0,0,-1000,-1000
2016/07/20,0,0,0,0
2016/07/21,0,0,-3000,-3000
2016/07/22,0,0,0,0
2016/07/25,0,0,0,0
2016/07/26,0,0,0,0
2016/07/27,0,0,0,0
2016/07/28,0,0,0,0
2016/07/29,0,3645,0,3645
2016/08/01,0,0,0,0
2016/08/02,0,0,0,0
2016/08/03,0,0,0,0
2016/08/04,0,0,-1000,-1000
2016/08/05,0,0,0,0
2016/08/08,0,0,-1000,-1000
2016/08/09,0,0,-1000,-1000
2016/08/10,0,0,0,0
2016/08/11,0,0,0,0
2016/08/12,0,0,0,0
2016/08/15,0,0,0,0
2016/08/16,0,0,0,0
2016/08/17,0,0,0,0
2016/08/18,0,0,0,0
2016/08/19,0,0,0,0
2016/08/22,0,0,0,0
2016/08/23,0,0,-10000,-10000
2016/08/24,0,0,0,0
2016/08/25,0,0,0,0
2016/08/26,0,0,0,0
2016/08/29,0,0,0,0
2016/08/30,0,0,0,0
2016/08/31,0,0,0,0
2016/09/01,0,0,0,0
2016/09/02,0,0,0,0
2016/09/05,0,163000,0,163000
2016/09/06,0,0,0,0
2016/09/07,0,173000,0,173000
2016/09/08,0,0,0,0
2016/09/09,0,184000,0,184000
2016/09/12,0,0,0,0
2016/09/13,0,0,0,0
2016/09/14,0,210000,0,210000
2016/09/15,0,0,0,0
2016/09/16,0,0,0,0
2016/09/19,0,190000,0,190000
2016/09/20,0,0,0,0
2016/09/21,0,0,0,0
2016/09/22,0,6000,0,6000
2016/09/23,0,0,0,0
2016/09/26,0,0,0,0
2016/09/27,0,0,0,0
2016/09/28,0,0,0,0
2016/09/29,0,0,0,0
2016/09/30,0,0,-19917,-19917
2016/10/03,0,0,0,0
2016/10/04,0,0,0,0
2016/10/05,0,0,0,0
2016/10/06,0,0,0,0
2016/10/07,0,0,-343000,-343000
2016/10/10,0,0,0,0
2016/10/11,0,200000,-183000,17000
2016/10/12,0,0,0,0
2016/10/13,0,0,0,0
2016/10/14,0,0,0,0
2016/10/17,0,0,0,0
2016/10/18,0,0,0,0
2016/10/19,0,0,0,0
2016/10/20,0,0,0,0
2016/10/21,0,0,0,0
2016/10/24,0,0,0,0
2016/10/25,0,0,0,0
2016/10/26,0,0,0,0
2016/10/27,0,0,0,0
2016/10/28,0,0,0,0
2016/10/31,0,0,0,0
2016/11/01,0,0,0,0
2016/11/02,0,0,0,0
2016/11/03,0,0,0,0
2016/11/04,0,0,0,0
2016/11/07,0,0,0,0
2016/11/08,0,0,0,0
2016/11/09,0,0,0,0
2016/11/10,0,0,0,0
2016/11/11,0,0,0,0
2016/11/14,0,0,0,0
2016/11/15,0,0,0,0
2016/11/16,0,0,0,0
2016/11/17,0,0,0,0
2016/11/18,0,0,0,0
2016/11/21,0,0,0,0
2016/11/22,0,1000,0,1000
2016/11/23,0,300000,0,300000
2016/11/24,0,300000,0,300000
2016/11/25,0,300000,0,300000
2016/11/28,0,100000,0,100000
2016/11/29,0,3000,0,3000
2016/11/30,0,668000,0,668000
2016/12/01,0,652000,0,652000
2016/12/02,0,0,0,0
2016/12/05,0,480000,0,480000
2016/12/06,0,0,0,0
2016/12/07,0,0,0,0
2016/12/08,0,0,0,0
2016/12/09,0,0,0,0
2016/12/12,0,0,0,0
2016/12/13,0,0,0,0
2016/12/14,0,0,0,0
2016/12/15,0,0,0,0
2016/12/16,0,0,-1000,-1000
2016/12/19,0,0,0,0
2016/12/20,0,0,-120000,-120000
2016/12/21,0,0,0,0
2016/12/22,0,0,0,0
2016/12/23,0,0,-100000,-100000
2016/12/26,0,0,0,0
2016/12/27,0,0,0,0
2016/12/28,0,0,0,0
2016/12/29,0,0,0,0
2016/12/30,0,0,0,0
2017/01/02,0,0,0,0
2017/01/03,0,0,0,0
2017/01/04,0,0,0,0
2017/01/05,0,0,0,0
2017/01/06,0,0,0,0
2017/01/09,0,0,0,0
2017/01/10,0,0,0,0
2017/01/11,0,0,0,0
2017/01/12,0,0,0,0
2017/01/13,0,0,0,0
2017/01/16,0,0,0,0
2017/01/17,0,0,0,0
2017/01/18,0,0,0,0
2017/01/19,0,0,0,0
2017/01/20,0,408000,0,408000
2017/01/23,0,342689,0,342689
2017/01/24,0,280000,0,280000
2017/01/25,0,0,0,0
2017/01/26,0,0,0,0
2017/01/27,0,0,0,0
2017/01/30,0,0,0,0
2017/01/31,0,0,0,0
2017/02/01,0,0,0,0
2017/02/02,0,162000,0,162000
2017/02/03,0,170000,0,170000
2017/02/06,0,1720000,0,1720000
2017/02/07,0,387000,0,387000
2017/02/08,0,106000,0,106000
2017/02/09,0,0,0,0
2017/02/10,0,0,0,0
2017/02/13,0,0,0,0
2017/02/14,0,0,0,0
2017/02/15,0,568000,0,568000
2017/02/16,0,0,0,0
2017/02/17,0,0,0,0
2017/02/20,0,0,-800000,-800000
2017/02/21,0,0,-820000,-820000
2017/02/22,0,0,-180000,-180000
2017/02/23,0,823000,0,823000
2017/02/24,0,0,0,0
2017/02/27,0,0,0,0
2017/02/28,0,0,0,0
2017/03/01,0,0,0,0
2017/03/02,0,0,0,0
2017/03/03,0,0,0,0
2017/03/06,0,52000,0,52000
2017/03/07,0,25000,0,25000
2017/03/08,0,25000,0,25000
2017/03/09,0,0,0,0
2017/03/10,0,0,0,0
2017/03/13,0,0,0,0
2017/03/14,0,81000,0,81000
2017/03/15,0,477000,0,477000
2017/03/16,0,24000,0,24000
2017/03/17,0,512000,-2000,510000
2017/03/20,0,0,0,0
2017/03/21,0,0,0,0
2017/03/22,0,0,0,0
2017/03/23,0,835000,0,835000
2017/03/24,0,115000,0,115000
2017/03/27,0,0,0,0
2017/03/28,0,23000,0,23000
2017/03/29,0,23000,0,23000
2017/03/30,0,23000,0,23000
2017/03/31,0,0,0,0
2017/04/03,0,0,0,0
2017/04/04,0,0,0,0
2017/04/05,0,0,0,0
2017/04/06,0,0,0,0
2017/04/07,0,0,0,0
2017/04/10,0,0,0,0
2017/04/11,0,0,0,0
2017/04/12,0,0,0,0
2017/04/13,0,0,0,0
2017/04/14,0,0,0,0
2017/04/17,0,0,0,0
2017/04/18,0,0,0,0
2017/04/19,0,0,0,0
