Date,Open,Buy,Sell,Total
2007/04/23,0,163000,-75000,88000
2007/04/24,0,47000,-2000,45000
2007/04/25,0,10000,-560000,-550000
2007/04/26,0,25000,-126000,-101000
2007/04/27,0,100000,0,100000
2007/04/30,0,0,-258000,-258000
2007/05/01,0,0,0,0
2007/05/02,0,3000,-4000,-1000
2007/05/03,0,182000,0,182000
2007/05/04,0,346000,-13000,333000
2007/05/07,0,1000,0,1000
2007/05/08,0,53000,0,53000
2007/05/09,0,0,-1000,-1000
2007/05/10,0,1000,0,1000
2007/05/11,0,0,-4000,-4000
2007/05/14,0,0,0,0
2007/05/15,0,0,-4000,-4000
2007/05/16,0,0,-3000,-3000
2007/05/17,0,72000,-2000,70000
2007/05/18,0,50000,-2000,48000
2007/05/21,0,0,0,0
2007/05/22,0,9000,0,9000
2007/05/23,0,0,0,0
2007/05/24,0,95000,0,95000
2007/05/25,0,19000,0,19000
2007/05/28,0,27000,0,27000
2007/05/29,0,70000,0,70000
2007/05/30,0,72000,-633000,-561000
2007/05/31,0,403000,-100000,303000
2007/06/01,0,301000,0,301000
2007/06/04,0,301000,-6000,295000
2007/06/05,0,29000,-840000,-811000
2007/06/06,0,6000,-50000,-44000
2007/06/07,0,2000,-100000,-98000
2007/06/08,0,165000,-1000,164000
2007/06/11,0,1000,0,1000
2007/06/12,0,213000,0,213000
2007/06/13,0,0,-403000,-403000
2007/06/14,0,2000,-359000,-357000
2007/06/15,0,102000,-1000,101000
2007/06/18,0,0,0,0
2007/06/19,0,0,0,0
2007/06/20,0,375000,-9000,366000
2007/06/21,0,160000,-3000,157000
2007/06/22,0,12000,0,12000
2007/06/25,0,106000,0,106000
2007/06/26,0,14000,0,14000
2007/06/27,0,5000,0,5000
2007/06/28,0,5000,-130000,-125000
2007/06/29,0,17000,-152000,-135000
2007/07/02,0,41000,0,41000
2007/07/03,0,9000,0,9000
2007/07/04,0,232000,0,232000
2007/07/05,0,0,0,0
2007/07/06,0,0,0,0
2007/07/09,0,34000,-150000,-116000
2007/07/10,0,10000,-1000,9000
2007/07/11,0,0,0,0
2007/07/12,0,175000,-21000,154000
2007/07/13,0,100000,-12000,88000
2007/07/16,0,38000,-22000,16000
2007/07/17,0,110000,-115000,-5000
2007/07/18,0,100000,-25000,75000
2007/07/19,0,7000,-38000,-31000
2007/07/20,0,17000,-50000,-33000
2007/07/23,0,71000,-12000,59000
2007/07/24,0,50000,0,50000
2007/07/25,0,32000,-398000,-366000
2007/07/26,0,130000,-70000,60000
2007/07/27,0,200000,-85000,115000
2007/07/30,0,22000,-136000,-114000
2007/07/31,0,21000,-12000,9000
2007/08/01,0,77000,-59000,18000
2007/08/02,0,49000,-121000,-72000
2007/08/03,0,248000,-3000,245000
2007/08/06,0,28000,-22000,6000
2007/08/07,0,14000,-41000,-27000
2007/08/08,0,895000,-35000,860000
2007/08/09,0,150000,-345000,-195000
2007/08/10,0,93000,-289000,-196000
2007/08/13,0,38000,-31000,7000
2007/08/14,0,6000,-16000,-10000
2007/08/15,0,49000,-149000,-100000
2007/08/16,0,31000,-306000,-275000
2007/08/17,0,39000,-130000,-91000
2007/08/20,0,150000,-55000,95000
2007/08/21,0,105000,-63000,42000
2007/08/22,0,83000,-4000,79000
2007/08/23,0,48000,-9000,39000
2007/08/24,0,15000,-11000,4000
2007/08/27,0,490000,0,490000
2007/08/28,0,5000,-9000,-4000
2007/08/29,0,90000,-485000,-395000
2007/08/30,0,360000,-10000,350000
2007/08/31,0,65000,-170000,-105000
2007/09/03,0,201000,-150000,51000
2007/09/04,0,206000,-4000,202000
2007/09/05,0,203000,-70000,133000
2007/09/06,0,15000,-12000,3000
2007/09/07,0,0,-340000,-340000
2007/09/10,0,0,-33000,-33000
2007/09/11,0,20000,0,20000
2007/09/12,0,5000,-30000,-25000
2007/09/13,0,0,-45000,-45000
2007/09/14,0,183095,0,183095
2007/09/17,0,65000,-199000,-134000
2007/09/18,0,0,0,0
2007/09/19,0,42000,-91000,-49000
2007/09/20,0,60000,-112000,-52000
2007/09/21,0,375000,-91807,283193
2007/09/24,0,0,0,0
2007/09/25,0,0,0,0
2007/09/26,0,81000,-512000,-431000
2007/09/27,0,31000,-108000,-77000
2007/09/28,0,214000,-114807,99193
2007/10/01,0,0,-17000,-17000
2007/10/02,0,49000,-53000,-4000
2007/10/03,0,522000,-712539,-190539
2007/10/04,0,206000,-70000,136000
2007/10/05,0,25000,-92000,-67000
2007/10/08,0,22000,-364000,-342000
2007/10/09,0,2000,-20000,-18000
2007/10/10,0,0,0,0
2007/10/11,0,96000,0,96000
2007/10/12,0,1000,-71000,-70000
2007/10/15,0,62000,-120000,-58000
2007/10/16,0,28000,-47000,-19000
2007/10/17,0,59000,-6000,53000
2007/10/18,0,1000,-46000,-45000
2007/10/19,0,202000,-15000,187000
2007/10/22,0,0,-312000,-312000
2007/10/23,0,106000,-17559,88441
2007/10/24,0,65000,-171000,-106000
2007/10/25,0,53000,-6000,47000
2007/10/26,0,5000,-20000,-15000
2007/10/29,0,213000,-262000,-49000
2007/10/30,0,14000,-60000,-46000
2007/10/31,0,554000,-120000,434000
2007/11/01,0,220000,-13000,207000
2007/11/02,0,1000,-707000,-706000
2007/11/05,0,10000,-49000,-39000
2007/11/06,0,350000,-15000,335000
2007/11/07,0,264000,-8000,256000
2007/11/08,0,18000,-793000,-775000
2007/11/09,0,38000,-343000,-305000
2007/11/12,0,9000,-245000,-236000
2007/11/13,0,13000,-6000,7000
2007/11/14,0,20000,-196000,-176000
2007/11/15,0,14000,-89000,-75000
2007/11/16,0,16000,-32000,-16000
2007/11/19,0,8000,-5000,3000
2007/11/20,0,9000,-19000,-10000
2007/11/21,0,208000,-113000,95000
2007/11/22,0,170000,-6000,164000
2007/11/23,0,80000,-73000,7000
2007/11/26,0,182000,0,182000
2007/11/27,0,53000,-281000,-228000
2007/11/28,0,5000,-483000,-478000
2007/11/29,0,14000,-60000,-46000
2007/11/30,0,23000,-105000,-82000
2007/12/03,0,33000,-70000,-37000
2007/12/04,0,23000,0,23000
2007/12/05,0,20000,-6000,14000
2007/12/06,0,13000,0,13000
2007/12/07,0,49000,-19000,30000
2007/12/10,0,82000,-28000,54000
2007/12/11,0,13000,-9000,4000
2007/12/12,0,46000,-23000,23000
2007/12/13,0,44000,-53000,-9000
2007/12/14,0,42000,-93000,-51000
2007/12/17,0,1000,-32000,-31000
2007/12/18,0,37000,-43000,-6000
2007/12/19,0,65000,-23000,42000
2007/12/20,0,7000,-55000,-48000
2007/12/21,0,28000,-2000,26000
2007/12/24,0,11000,0,11000
2007/12/25,0,0,-8000,-8000
2007/12/26,0,1000,-47000,-46000
2007/12/27,0,15000,0,15000
2007/12/28,0,87000,-45000,42000
2007/12/31,0,79000,-28000,51000
2008/01/01,0,0,0,0
2008/01/02,0,63000,-26000,37000
2008/01/03,0,86000,-80000,6000
2008/01/04,0,105000,-39000,66000
2008/01/07,0,51000,-95000,-44000
2008/01/08,0,15000,-28000,-13000
2008/01/09,0,49000,-52000,-3000
2008/01/10,0,90000,-12000,78000
2008/01/11,0,5000,-56000,-51000
2008/01/14,0,125000,-35000,90000
2008/01/15,0,798000,-24000,774000
2008/01/16,0,484000,-60000,424000
2008/01/17,0,65000,-150000,-85000
2008/01/18,0,97000,-290000,-193000
2008/01/21,0,262000,-132000,130000
2008/01/22,0,12000,-118000,-106000
2008/01/23,0,61000,-544000,-483000
2008/01/24,0,73000,-29000,44000
2008/01/25,0,26000,-10000,16000
2008/01/28,0,24000,-57000,-33000
2008/01/29,0,39000,-86000,-47000
2008/01/30,0,70000,-4787,65213
2008/01/31,0,75000,-3000,72000
2008/02/01,0,246000,-21000,225000
2008/02/04,0,0,0,0
2008/02/05,0,0,0,0
2008/02/06,0,0,0,0
2008/02/07,0,0,0,0
2008/02/08,0,0,0,0
2008/02/11,0,0,0,0
2008/02/12,0,173000,-153000,20000
2008/02/13,0,68000,-48000,20000
2008/02/14,0,25000,0,25000
2008/02/15,0,74000,-31000,43000
2008/02/18,0,42000,-21000,21000
2008/02/19,0,132000,-25000,107000
2008/02/20,0,32000,-4000,28000
2008/02/21,0,29000,-299000,-270000
2008/02/22,0,105000,-90000,15000
2008/02/25,0,433000,-10000,423000
2008/02/26,0,641000,-182000,459000
2008/02/27,0,651000,-213000,438000
2008/02/28,0,0,0,0
2008/02/29,0,505000,-608000,-103000
2008/03/03,0,158000,-474000,-316000
2008/03/04,0,294000,-311000,-17000
2008/03/05,0,277000,-154000,123000
2008/03/06,0,579000,-668000,-89000
2008/03/07,0,134000,-226000,-92000
2008/03/10,0,79000,-330000,-251000
2008/03/11,0,234000,-339000,-105000
2008/03/12,0,113000,-42000,71000
2008/03/13,0,113000,-26000,87000
2008/03/14,0,259000,-44000,215000
2008/03/17,0,100000,-34000,66000
2008/03/18,0,144000,-45000,99000
2008/03/19,0,136000,-104000,32000
2008/03/20,0,75000,-54000,21000
2008/03/21,0,225000,-110000,115000
2008/03/24,0,13000,0,13000
2008/03/25,0,604000,-668000,-64000
2008/03/26,0,83000,-385000,-302000
2008/03/27,0,184000,-262000,-78000
2008/03/28,0,164000,-27000,137000
2008/03/31,0,88000,-100000,-12000
2008/04/01,0,206000,-188000,18000
2008/04/02,0,438000,-23000,415000
2008/04/03,0,515000,-62000,453000
2008/04/04,0,0,0,0
2008/04/07,0,202000,-296000,-94000
2008/04/08,0,382000,-485000,-103000
2008/04/09,0,613000,-79000,534000
2008/04/10,0,157000,-382000,-225000
2008/04/11,0,310000,-199000,111000
2008/04/14,0,145000,-182000,-37000
2008/04/15,0,27000,-45000,-18000
2008/04/16,0,857000,-131000,726000
2008/04/17,0,201000,-329000,-128000
2008/04/18,0,519000,-214000,305000
2008/04/21,0,263000,-46000,217000
2008/04/22,0,22000,-98000,-76000
2008/04/23,0,320000,-135000,185000
2008/04/24,0,106000,-102000,4000
2008/04/25,0,457000,-553000,-96000
2008/04/28,0,832000,-196000,636000
2008/04/29,0,201000,-240000,-39000
2008/04/30,0,159000,-154000,5000
2008/05/01,0,0,0,0
2008/05/02,0,150000,-142000,8000
2008/05/05,0,8000,-61000,-53000
2008/05/06,0,210000,-2110000,-1900000
2008/05/07,0,145000,-213000,-68000
2008/05/08,0,333000,-155000,178000
2008/05/09,0,66000,-22000,44000
2008/05/12,0,77000,-286000,-209000
2008/05/13,0,21000,-132000,-111000
2008/05/14,0,186000,-12000,174000
2008/05/15,0,643000,-80000,563000
2008/05/16,0,1330000,-357000,973000
2008/05/19,0,101000,-12000,89000
2008/05/20,0,242000,-103000,139000
2008/05/21,0,12000,-152000,-140000
2008/05/22,0,230000,-5000,225000
2008/05/23,0,7000,-386000,-379000
2008/05/26,0,9000,-114000,-105000
2008/05/27,0,0,-123000,-123000
2008/05/28,0,1000,-14000,-13000
2008/05/29,0,13000,-215000,-202000
2008/05/30,0,57000,-770000,-713000
2008/06/02,0,22000,-1136000,-1114000
2008/06/03,0,8000,-4000,4000
2008/06/04,0,1000,-2000,-1000
2008/06/05,0,29000,-204000,-175000
2008/06/06,0,44000,-18000,26000
2008/06/09,0,156000,-1000,155000
2008/06/10,0,0,-21000,-21000
2008/06/11,0,90000,-763000,-673000
2008/06/12,0,59000,-331000,-272000
2008/06/13,0,137000,-110000,27000
2008/06/16,0,30000,-164000,-134000
2008/06/17,0,31000,-36000,-5000
2008/06/18,0,85000,-1000,84000
2008/06/19,0,168000,-14000,154000
2008/06/20,0,12000,-64000,-52000
2008/06/23,0,264000,-118000,146000
2008/06/24,0,213000,-63000,150000
2008/06/25,0,97000,-484000,-387000
2008/06/26,0,147000,-274000,-127000
2008/06/27,0,6000,-37000,-31000
2008/06/30,0,8000,-208000,-200000
2008/07/01,0,45000,-69000,-24000
2008/07/02,0,17000,-30000,-13000
2008/07/03,0,345000,-8000,337000
2008/07/04,0,23000,-368000,-345000
2008/07/07,0,9000,-32000,-23000
2008/07/08,0,13000,-94000,-81000
2008/07/09,0,38000,-18000,20000
2008/07/10,0,65000,-3000,62000
2008/07/11,0,84000,-58000,26000
2008/07/14,0,6000,-53000,-47000
2008/07/15,0,5000,-58000,-53000
2008/07/16,0,0,-94000,-94000
2008/07/17,0,35000,-14000,21000
2008/07/18,0,15000,-70000,-55000
2008/07/21,0,77000,-2000,75000
2008/07/22,0,131000,-25000,106000
2008/07/23,0,161000,-23000,138000
2008/07/24,0,267000,-175000,92000
2008/07/25,0,224000,-1000,223000
2008/07/28,0,0,0,0
2008/07/29,0,16000,-196000,-180000
2008/07/30,0,120000,-120000,0
2008/07/31,0,91000,-153000,-62000
2008/08/01,0,54000,-208000,-154000
2008/08/04,0,13000,-27000,-14000
2008/08/05,0,19000,-128000,-109000
2008/08/06,0,88000,-13000,75000
2008/08/07,0,24000,-124000,-100000
2008/08/08,0,73000,-19000,54000
2008/08/11,0,93000,-6000,87000
2008/08/12,0,64000,-51000,13000
2008/08/13,0,10000,-67000,-57000
2008/08/14,0,64000,-1000,63000
2008/08/15,0,29000,-55000,-26000
2008/08/18,0,12000,-53000,-41000
2008/08/19,0,31000,-69000,-38000
2008/08/20,0,94000,-12000,82000
2008/08/21,0,1000,-122000,-121000
2008/08/22,0,57000,-27000,30000
2008/08/25,0,50000,-19000,31000
2008/08/26,0,99000,-229000,-130000
2008/08/27,0,28000,-36000,-8000
2008/08/28,0,270000,-35000,235000
2008/08/29,0,23000,-239000,-216000
2008/09/01,0,99000,-73000,26000
2008/09/02,0,2000,-36000,-34000
2008/09/03,0,94000,-20000,74000
2008/09/04,0,20000,-26000,-6000
2008/09/05,0,23000,-17000,6000
2008/09/08,0,42000,-19000,23000
2008/09/09,0,236000,-32000,204000
2008/09/10,0,32000,-7000,25000
2008/09/11,0,249000,-74000,175000
2008/09/12,0,49000,-108000,-59000
2008/09/15,0,7000,-65000,-58000
2008/09/16,0,13000,-44000,-31000
2008/09/17,0,37000,-121000,-84000
2008/09/18,0,32000,-50,31950
2008/09/19,0,15000,-481723,-466723
2008/09/22,0,24000,-27000,-3000
2008/09/23,0,55000,-25000,30000
2008/09/24,0,70000,-44000,26000
2008/09/25,0,52000,-43000,9000
2008/09/26,0,17000,-86000,-69000
2008/09/29,0,0,0,0
2008/09/30,0,0,-10000,-10000
2008/10/01,0,15000,-60000,-45000
2008/10/02,0,13000,-2000,11000
2008/10/03,0,10000,-25000,-15000
2008/10/06,0,18000,-24100,-6100
2008/10/07,0,6000,-26000,-20000
2008/10/08,0,7000,-14000,-7000
2008/10/09,0,15000,-6000,9000
2008/10/10,0,0,0,0
2008/10/13,0,0,0,0
2008/10/14,0,0,-20000,-20000
2008/10/15,0,2000,-182,1818
2008/10/16,0,21000,-5000,16000
2008/10/17,0,8000,-15000,-7000
2008/10/20,0,7000,-13597,-6597
2008/10/21,0,5000,-8000,-3000
2008/10/22,0,0,0,0
2008/10/23,0,0,0,0
2008/10/24,0,0,0,0
2008/10/27,0,1000,-5000,-4000
2008/10/28,0,15000,-4000,11000
2008/10/29,0,15000,-16000,-1000
2008/10/30,0,15000,-15000,0
2008/10/31,0,65000,-15000,50000
2008/11/03,0,29000,-46000,-17000
2008/11/04,0,32000,-4000,28000
2008/11/05,0,30000,-46000,-16000
2008/11/06,0,24000,-5000,19000
2008/11/07,0,16000,-59000,-43000
2008/11/10,0,37000,-16000,21000
2008/11/11,0,16000,-8000,8000
2008/11/12,0,3000,-19000,-16000
2008/11/13,0,0,-2000,-2000
2008/11/14,0,0,-7000,-7000
2008/11/17,0,9000,0,9000
2008/11/18,0,19000,-18000,1000
2008/11/19,0,15000,-33000,-18000
2008/11/20,0,15000,-18911,-3911
2008/11/21,0,0,-1000,-1000
2008/11/24,0,0,-12000,-12000
2008/11/25,0,0,0,0
2008/11/26,0,3000,-1000,2000
2008/11/27,0,5000,-1000,4000
2008/11/28,0,7000,0,7000
2008/12/01,0,0,0,0
2008/12/02,0,5000,-1000,4000
2008/12/03,0,3000,-13000,-10000
2008/12/04,0,0,-9000,-9000
2008/12/05,0,0,-1000,-1000
2008/12/08,0,8000,0,8000
2008/12/09,0,3000,-1000,2000
2008/12/10,0,7000,0,7000
2008/12/11,0,62000,-16000,46000
2008/12/12,0,11000,-75000,-64000
2008/12/15,0,14000,-5810,8190
2008/12/16,0,7000,-12000,-5000
2008/12/17,0,71000,-4000,67000
2008/12/18,0,34000,-20000,14000
2008/12/19,0,72000,-43000,29000
2008/12/22,0,18000,-23000,-5000
2008/12/23,0,0,-18921,-18921
2008/12/24,0,8000,-12000,-4000
2008/12/25,0,0,-14000,-14000
2008/12/26,0,0,0,0
2008/12/29,0,0,-35000,-35000
2008/12/30,0,12000,-5000,7000
2008/12/31,0,3000,-11000,-8000
2009/01/01,0,0,0,0
2009/01/02,0,0,0,0
2009/01/05,0,0,-8000,-8000
2009/01/06,0,26000,-2000,24000
2009/01/07,0,9000,0,9000
2009/01/08,0,5000,-2000,3000
2009/01/09,0,1000,0,1000
2009/01/12,0,35000,-5000,30000
2009/01/13,0,0,0,0
2009/01/14,0,20000,-47000,-27000
2009/01/15,0,36000,-45000,-9000
2009/01/16,0,0,-50000,-50000
2009/01/19,0,0,0,0
2009/01/20,0,4000,0,4000
2009/01/21,0,0,0,0
2009/01/22,0,0,0,0
2009/01/23,0,0,0,0
2009/01/26,0,0,0,0
2009/01/27,0,0,0,0
2009/01/28,0,0,0,0
2009/01/29,0,0,0,0
2009/01/30,0,0,0,0
2009/02/02,0,0,0,0
2009/02/03,0,2000,0,2000
2009/02/04,0,10000,-5000,5000
2009/02/05,0,10000,0,10000
2009/02/06,0,0,0,0
2009/02/09,0,0,0,0
2009/02/10,0,0,0,0
2009/02/11,0,0,-10000,-10000
2009/02/12,0,0,0,0
2009/02/13,0,0,0,0
2009/02/16,0,0,-2000,-2000
2009/02/17,0,0,-2000,-2000
2009/02/18,0,0,0,0
2009/02/19,0,0,0,0
2009/02/20,0,0,0,0
2009/02/23,0,0,-7000,-7000
2009/02/24,0,7000,0,7000
2009/02/25,0,0,0,0
2009/02/26,0,0,0,0
2009/02/27,0,0,0,0
2009/03/02,0,0,-7000,-7000
2009/03/03,0,7000,0,7000
2009/03/04,0,0,0,0
2009/03/05,0,16000,-7000,9000
2009/03/06,0,0,0,0
2009/03/09,0,0,0,0
2009/03/10,0,20000,0,20000
2009/03/11,0,5000,0,5000
2009/03/12,0,9000,-10000,-1000
2009/03/13,0,9000,-17000,-8000
2009/03/16,0,101000,-5000,96000
2009/03/17,0,21000,-30000,-9000
2009/03/18,0,540000,-49000,491000
2009/03/19,0,79000,0,79000
2009/03/20,0,25000,-52000,-27000
2009/03/23,0,37000,-20000,17000
2009/03/24,0,68000,-32000,36000
2009/03/25,0,54000,-373000,-319000
2009/03/26,0,22000,-168000,-146000
2009/03/27,0,20000,-21000,-1000
2009/03/30,0,44000,-54000,-10000
2009/03/31,0,23000,-26000,-3000
2009/04/01,0,102000,-2000,100000
2009/04/02,0,70000,-18000,52000
2009/04/03,0,19000,-38000,-19000
2009/04/06,0,5000,-104000,-99000
2009/04/07,0,88000,-3000,85000
2009/04/08,0,43000,-27000,16000
2009/04/09,0,61000,-15000,46000
2009/04/10,0,20000,-61000,-41000
2009/04/13,0,31000,0,31000
2009/04/14,0,16000,-30000,-14000
2009/04/15,0,23000,-167000,-144000
2009/04/16,0,66000,-12000,54000
2009/04/17,0,54000,-14000,40000
2009/04/20,0,28000,-25000,3000
2009/04/21,0,241000,-8000,233000
2009/04/22,0,0,-150000,-150000
2009/04/23,0,10000,-29000,-19000
2009/04/24,0,26000,-8000,18000
2009/04/27,0,48000,-48000,0
2009/04/28,0,19000,-35000,-16000
2009/04/29,0,72000,-26000,46000
2009/04/30,0,1000,0,1000
2009/05/01,0,0,0,0
2009/05/04,0,22000,-8000,14000
2009/05/05,0,34000,-67000,-33000
2009/05/06,0,219000,-17000,202000
2009/05/07,0,315000,-57000,258000
2009/05/08,0,38000,-310000,-272000
2009/05/11,0,92000,-46000,46000
2009/05/12,0,91000,-3000,88000
2009/05/13,0,42000,-2000,40000
2009/05/14,0,10000,-15000,-5000
2009/05/15,0,600000,-14000,586000
2009/05/18,0,18000,-488000,-470000
2009/05/19,0,26000,-308000,-282000
2009/05/20,0,43000,-308000,-265000
2009/05/21,0,122000,-271000,-149000
2009/05/22,0,130000,-20000,110000
2009/05/25,0,167000,-26418,140582
2009/05/26,0,38000,-140000,-102000
2009/05/27,0,210000,-27000,183000
2009/05/28,0,0,0,0
2009/05/29,0,0,0,0
2009/06/01,0,252000,-213000,39000
2009/06/02,0,160000,-77101,82899
2009/06/03,0,181000,-73000,108000
2009/06/04,0,17000,-18000,-1000
2009/06/05,0,24000,-21000,3000
2009/06/08,0,13000,-20000,-7000
2009/06/09,0,134000,-485000,-351000
2009/06/10,0,116000,-16000,100000
2009/06/11,0,67000,-186000,-119000
2009/06/12,0,217000,-91000,126000
2009/06/15,0,16000,-173000,-157000
2009/06/16,0,30000,-35000,-5000
2009/06/17,0,107419,-40000,67419
2009/06/18,0,197000,-28000,169000
2009/06/19,0,159000,-30000,129000
2009/06/22,0,264000,-65000,199000
2009/06/23,0,177000,-585000,-408000
2009/06/24,0,36000,-283000,-247000
2009/06/25,0,69577,-5000,64577
2009/06/26,0,126000,-38000,88000
2009/06/29,0,48000,-48154,-154
2009/06/30,0,64000,-21000,43000
2009/07/01,0,237000,-175000,62000
2009/07/02,0,491000,-180000,311000
2009/07/03,0,34000,-40000,-6000
2009/07/06,0,128000,-148000,-20000
2009/07/07,0,82575,-41000,41575
2009/07/08,0,87000,-173000,-86000
2009/07/09,0,100000,-127000,-27000
2009/07/10,0,256000,-10000,246000
2009/07/13,0,86000,-116000,-30000
2009/07/14,0,127000,-202000,-75000
2009/07/15,0,88731,-298000,-209269
2009/07/16,0,120000,-2000,118000
2009/07/17,0,222000,-3000,219000
2009/07/20,0,150000,-218000,-68000
2009/07/21,0,229000,-117000,112000
2009/07/22,0,98000,-169000,-71000
2009/07/23,0,37000,-115000,-78000
2009/07/24,0,102647,-30000,72647
2009/07/27,0,60000,-191000,-131000
2009/07/28,0,846000,-41000,805000
2009/07/29,0,136000,-596000,-460000
2009/07/30,0,174000,-170000,4000
2009/07/31,0,94000,-220000,-126000
2009/08/03,0,52709,-322000,-269291
2009/08/04,0,383000,-260000,123000
2009/08/05,0,294000,-247000,47000
2009/08/06,0,252000,-98000,154000
2009/08/07,0,0,0,0
2009/08/10,0,62000,-241000,-179000
2009/08/11,0,323000,-230000,93000
2009/08/12,0,168000,-200000,-32000
2009/08/13,0,294000,-68000,226000
2009/08/14,0,76000,-64000,12000
2009/08/17,0,74000,-130000,-56000
2009/08/18,0,127000,-137000,-10000
2009/08/19,0,128000,-106000,22000
2009/08/20,0,39000,-101000,-62000
2009/08/21,0,132000,-217000,-85000
2009/08/24,0,88000,-21692,66308
2009/08/25,0,100000,-26000,74000
2009/08/26,0,20000,-89000,-69000
2009/08/27,0,10000,-25000,-15000
2009/08/28,0,3000,-18000,-15000
2009/08/31,0,69000,-63000,6000
2009/09/01,0,243000,-70000,173000
2009/09/02,0,135000,-7000,128000
2009/09/03,0,194000,-232000,-38000
2009/09/04,0,50000,-66000,-16000
2009/09/07,0,259000,-126000,133000
2009/09/08,0,244000,-154000,90000
2009/09/09,0,101000,-231000,-130000
2009/09/10,0,110000,-30000,80000
2009/09/11,0,151000,-146000,5000
2009/09/14,0,10000,-276000,-266000
2009/09/15,0,666000,-72000,594000
2009/09/16,0,331000,-292060,38940
2009/09/17,0,623000,-573051,49949
2009/09/18,0,26000,-209802,-183802
2009/09/21,0,212000,-380000,-168000
2009/09/22,0,220000,-74000,146000
2009/09/23,0,619000,-74000,545000
2009/09/24,0,9000,-146000,-137000
2009/09/25,0,40000,-53000,-13000
2009/09/28,0,75000,-99000,-24000
2009/09/29,0,6000,-136000,-130000
2009/09/30,0,408000,-244778,163222
2009/10/01,0,224000,-417000,-193000
2009/10/02,0,229000,-241000,-12000
2009/10/05,0,291000,-311000,-20000
2009/10/06,0,380000,-211000,169000
2009/10/07,0,447000,-558000,-111000
2009/10/08,0,60000,-1074000,-1014000
2009/10/09,0,94000,-587000,-493000
2009/10/12,0,169000,-119000,50000
2009/10/13,0,29000,-207000,-178000
2009/10/14,0,53000,-211000,-158000
2009/10/15,0,367000,-89000,278000
2009/10/16,0,195000,-240000,-45000
2009/10/19,0,134000,-20000,114000
2009/10/20,0,47000,-35000,12000
2009/10/21,0,65000,-41000,24000
2009/10/22,0,218000,-133000,85000
2009/10/23,0,211000,-163000,48000
2009/10/26,0,51000,-85000,-34000
2009/10/27,0,249000,-38000,211000
2009/10/28,0,195000,-260000,-65000
2009/10/29,0,210000,-361000,-151000
2009/10/30,0,90000,-339000,-249000
2009/11/02,0,173000,-502000,-329000
2009/11/03,0,368000,-752214,-384214
2009/11/04,0,571000,-600000,-29000
2009/11/05,0,267000,-405000,-138000
2009/11/06,0,131000,-112000,19000
2009/11/09,0,214000,-67495,146505
2009/11/10,0,366000,-268000,98000
2009/11/11,0,352000,-185000,167000
2009/11/12,0,550000,-132000,418000
2009/11/13,0,46000,-27000,19000
2009/11/16,0,152000,-67000,85000
2009/11/17,0,1304000,-564000,740000
2009/11/18,0,376000,-266000,110000
2009/11/19,0,360000,-1037000,-677000
2009/11/20,0,196000,-248000,-52000
2009/11/23,0,56000,-79000,-23000
2009/11/24,0,39000,-17000,22000
2009/11/25,0,227000,-128000,99000
2009/11/26,0,62000,-180000,-118000
2009/11/27,0,265000,-114000,151000
2009/11/30,0,28000,-172000,-144000
2009/12/01,0,111000,-73000,38000
2009/12/02,0,221000,-484000,-263000
2009/12/03,0,139000,-115000,24000
2009/12/04,0,76000,-106000,-30000
2009/12/07,0,785000,-318000,467000
2009/12/08,0,59000,-521000,-462000
2009/12/09,0,398000,-133000,265000
2009/12/10,0,91000,-328000,-237000
2009/12/11,0,37000,-167000,-130000
2009/12/14,0,57000,-98000,-41000
2009/12/15,0,172000,-177000,-5000
2009/12/16,0,44000,-86000,-42000
2009/12/17,0,37000,-6000,31000
2009/12/18,0,28000,-264000,-236000
2009/12/21,0,0,-151000,-151000
2009/12/22,0,45000,-5000,40000
2009/12/23,0,61000,-52000,9000
2009/12/24,0,72000,-52000,20000
2009/12/25,0,199000,-57000,142000
2009/12/28,0,476000,-591000,-115000
2009/12/29,0,121000,-240000,-119000
2009/12/30,0,174000,-326000,-152000
2009/12/31,0,181000,-302000,-121000
2010/01/01,0,0,0,0
2010/01/04,0,1290000,-564000,726000
2010/01/05,0,967000,-1071000,-104000
2010/01/06,0,322000,-539000,-217000
2010/01/07,0,718000,-888000,-170000
2010/01/08,0,414000,-478000,-64000
2010/01/11,0,568000,-375000,193000
2010/01/12,0,150000,-390000,-240000
2010/01/13,0,41000,-210047,-169047
2010/01/14,0,308000,-282000,26000
2010/01/15,0,96000,-334000,-238000
2010/01/18,0,271000,-418000,-147000
2010/01/19,0,10000,-419000,-409000
2010/01/20,0,581512,-86000,495512
2010/01/21,0,530000,-120423,409577
2010/01/22,0,150000,-390107,-240107
2010/01/25,0,185000,-364000,-179000
2010/01/26,0,506000,-643000,-137000
2010/01/27,0,355000,-340000,15000
2010/01/28,0,186000,-258000,-72000
2010/01/29,0,468000,-129000,339000
2010/02/01,0,445000,-256000,189000
2010/02/02,0,493000,-159000,334000
2010/02/03,0,301000,-472000,-171000
2010/02/04,0,230000,-778697,-548697
2010/02/05,0,911000,-197000,714000
2010/02/08,0,619000,-361000,258000
2010/02/09,0,287000,-1227000,-940000
2010/02/10,0,143000,-814000,-671000
2010/02/11,0,0,0,0
2010/02/12,0,0,0,0
2010/02/15,0,0,0,0
2010/02/16,0,0,0,0
2010/02/17,0,0,0,0
2010/02/18,0,0,0,0
2010/02/19,0,0,0,0
2010/02/22,0,197000,-96000,101000
2010/02/23,0,54000,-144000,-90000
2010/02/24,0,33000,-59000,-26000
2010/02/25,0,16000,-190000,-174000
2010/02/26,0,151000,-107000,44000
2010/03/01,0,170000,-390000,-220000
2010/03/02,0,80000,-111050,-31050
2010/03/03,0,159000,-124000,35000
2010/03/04,0,82000,-259000,-177000
2010/03/05,0,11000,-191000,-180000
2010/03/08,0,292000,-144000,148000
2010/03/09,0,272000,-243000,29000
2010/03/10,0,40000,-474000,-434000
2010/03/11,0,42000,-46000,-4000
2010/03/12,0,159000,-172000,-13000
2010/03/15,0,109000,-216000,-107000
2010/03/16,0,150000,-78000,72000
2010/03/17,0,271000,-102000,169000
2010/03/18,0,209000,-245000,-36000
2010/03/19,0,132000,-96279,35721
2010/03/22,0,114000,-280000,-166000
2010/03/23,0,99000,-159000,-60000
2010/03/24,0,36000,-390000,-354000
2010/03/25,0,253000,-39000,214000
2010/03/26,0,302000,-55000,247000
2010/03/29,0,79000,-32000,47000
2010/03/30,0,40000,-26000,14000
2010/03/31,0,56000,-204000,-148000
2010/04/01,0,1021000,-133000,888000
2010/04/02,0,107000,-114000,-7000
2010/04/05,0,0,0,0
2010/04/06,0,499000,-204613,294387
2010/04/07,0,472000,-524000,-52000
2010/04/08,0,884000,-235000,649000
2010/04/09,0,194000,-369000,-175000
2010/04/12,0,132000,-179539,-47539
2010/04/13,0,280000,-208409,71591
2010/04/14,0,44000,-302000,-258000
2010/04/15,0,637000,-161385,475615
2010/04/16,0,70000,-305000,-235000
2010/04/19,0,200000,-432000,-232000
2010/04/20,0,57000,-364000,-307000
2010/04/21,0,46000,-206061,-160061
2010/04/22,0,89000,-146000,-57000
2010/04/23,0,34000,-88000,-54000
2010/04/26,0,243000,-184000,59000
2010/04/27,0,26000,-33000,-7000
2010/04/28,0,18000,-322000,-304000
2010/04/29,0,32000,-376000,-344000
2010/04/30,0,192000,-324000,-132000
2010/05/03,0,195000,-354000,-159000
2010/05/04,0,367000,-27000,340000
2010/05/05,0,37000,-143000,-106000
2010/05/06,0,130000,-106000,24000
2010/05/07,0,122000,-181000,-59000
2010/05/10,0,107000,-242591,-135591
2010/05/11,0,919000,-159492,759508
2010/05/12,0,348000,-469000,-121000
2010/05/13,0,59000,-201125,-142125
2010/05/14,0,66000,-16000,50000
2010/05/17,0,55000,-100000,-45000
2010/05/18,0,58000,-95000,-37000
2010/05/19,0,137000,-43000,94000
2010/05/20,0,30000,-528000,-498000
2010/05/21,0,30000,-148000,-118000
2010/05/24,0,80000,-12000,68000
2010/05/25,0,86000,-409000,-323000
2010/05/26,0,45000,-33000,12000
2010/05/27,0,56000,-39000,17000
2010/05/28,0,66000,-165000,-99000
2010/05/31,0,165000,-184000,-19000
2010/06/01,0,1000,-239000,-238000
2010/06/02,0,102000,-54000,48000
2010/06/03,0,26000,-18000,8000
2010/06/04,0,101000,-44000,57000
2010/06/07,0,84000,-153000,-69000
2010/06/08,0,6000,-72000,-66000
2010/06/09,0,8000,-271000,-263000
2010/06/10,0,317000,-55000,262000
2010/06/11,0,74000,-13000,61000
2010/06/14,0,34000,-13000,21000
2010/06/15,0,157000,-42000,115000
2010/06/16,0,0,0,0
2010/06/17,0,217000,-301000,-84000
2010/06/18,0,0,-27000,-27000
2010/06/21,0,293000,-11000,282000
2010/06/22,0,83000,-174000,-91000
2010/06/23,0,57000,-13000,44000
2010/06/24,0,6000,-97107,-91107
2010/06/25,0,42000,-176000,-134000
2010/06/28,0,72000,-26000,46000
2010/06/29,0,18000,-75000,-57000
2010/06/30,0,165000,-32000,133000
2010/07/01,0,17000,-50000,-33000
2010/07/02,0,29383,-46000,-16617
2010/07/05,0,43000,-16000,27000
2010/07/06,0,121000,-27157,93843
2010/07/07,0,85000,-32000,53000
2010/07/08,0,109000,-35000,74000
2010/07/09,0,0,-162000,-162000
2010/07/12,0,5000,-28000,-23000
2010/07/13,0,190000,-161000,29000
2010/07/14,0,63000,-146000,-83000
2010/07/15,0,80000,-16000,64000
2010/07/16,0,18000,-3000,15000
2010/07/19,0,97000,-29380,67620
2010/07/20,0,102000,-214000,-112000
2010/07/21,0,93000,-122000,-29000
2010/07/22,0,1978000,-156000,1822000
2010/07/23,0,3754000,-204585,3549415
2010/07/26,0,225000,-1146000,-921000
2010/07/27,0,0,-478000,-478000
2010/07/28,0,133000,-338000,-205000
2010/07/29,0,15000,-52010,-37010
2010/07/30,0,28000,-283000,-255000
2010/08/02,0,89000,-134000,-45000
2010/08/03,0,261000,-190000,71000
2010/08/04,0,60000,-54000,6000
2010/08/05,0,41000,-18000,23000
2010/08/06,0,1000,-40000,-39000
2010/08/09,0,58000,-100000,-42000
2010/08/10,0,20000,-18000,2000
2010/08/11,0,11000,-111000,-100000
2010/08/12,0,13000,-23000,-10000
2010/08/13,0,85000,-77000,8000
2010/08/16,0,0,-41000,-41000
2010/08/17,0,609000,-77000,532000
2010/08/18,0,139000,-688000,-549000
2010/08/19,0,0,-58000,-58000
2010/08/20,0,65000,-73635,-8635
2010/08/23,0,42000,-186000,-144000
2010/08/24,0,68000,-68000,0
2010/08/25,0,12000,-185000,-173000
2010/08/26,0,35000,-37000,-2000
2010/08/27,0,204000,-26000,178000
2010/08/30,0,124000,-75000,49000
2010/08/31,0,53000,-144000,-91000
2010/09/01,0,160000,-93000,67000
2010/09/02,0,147000,-183478,-36478
2010/09/03,0,23100,-66000,-42900
2010/09/06,0,142000,-59000,83000
2010/09/07,0,42000,-27000,15000
2010/09/08,0,2404,-35000,-32596
2010/09/09,0,6000,-3000,3000
2010/09/10,0,0,-90000,-90000
2010/09/13,0,28220,-23000,5220
2010/09/14,0,48000,-82000,-34000
2010/09/15,0,86000,-150000,-64000
2010/09/16,0,1034000,-93000,941000
2010/09/17,0,67000,-85000,-18000
2010/09/20,0,63000,-31000,32000
2010/09/21,0,114000,-70000,44000
2010/09/22,0,0,0,0
2010/09/23,0,315000,-145000,170000
2010/09/24,0,260000,-88000,172000
2010/09/27,0,111000,-28000,83000
2010/09/28,0,54000,-77000,-23000
2010/09/29,0,110000,-110000,0
2010/09/30,0,20000,-18000,2000
2010/10/01,0,291000,-236000,55000
2010/10/04,0,318000,-461000,-143000
2010/10/05,0,1367000,-441000,926000
2010/10/06,0,1614098,-701000,913098
2010/10/07,0,549300,-966628,-417328
2010/10/08,0,298000,-120000,178000
2010/10/11,0,68000,-540000,-472000
2010/10/12,0,145000,-183000,-38000
2010/10/13,0,64000,-335000,-271000
2010/10/14,0,156100,-267000,-110900
2010/10/15,0,56000,-136000,-80000
2010/10/18,0,77000,-201000,-124000
2010/10/19,0,697000,-241000,456000
2010/10/20,0,31000,-245000,-214000
2010/10/21,0,35300,-18000,17300
2010/10/22,0,94000,-44000,50000
2010/10/25,0,112000,-42000,70000
2010/10/26,0,136000,-55000,81000
2010/10/27,0,573000,-27000,546000
2010/10/28,0,202000,-237000,-35000
2010/10/29,0,207000,-66000,141000
2010/11/01,0,107000,-102000,5000
2010/11/02,0,697000,-159000,538000
2010/11/03,0,59000,-571000,-512000
2010/11/04,0,489000,-162000,327000
2010/11/05,0,1500000,-196000,1304000
2010/11/08,0,1309000,-397000,912000
2010/11/09,0,307000,-596000,-289000
2010/11/10,0,526000,-320045,205955
2010/11/11,0,375100,-133000,242100
2010/11/12,0,836000,-721000,115000
2010/11/15,0,322000,-613000,-291000
2010/11/16,0,310000,-319000,-9000
2010/11/17,0,255000,-409000,-154000
2010/11/18,0,107000,-146000,-39000
2010/11/19,0,468000,-486000,-18000
2010/11/22,0,841000,-503000,338000
2010/11/23,0,281000,-372000,-91000
2010/11/24,0,234000,-146000,88000
2010/11/25,0,272000,-158000,114000
2010/11/26,0,232000,-439000,-207000
2010/11/29,0,808000,-541000,267000
2010/11/30,0,740000,-1321000,-581000
2010/12/01,0,341000,-500000,-159000
2010/12/02,0,256000,-481000,-225000
2010/12/03,0,177000,-809000,-632000
2010/12/06,0,633200,-235000,398200
2010/12/07,0,107000,-399000,-292000
2010/12/08,0,59000,-285000,-226000
2010/12/09,0,75000,-87000,-12000
2010/12/10,0,174000,-893000,-719000
2010/12/13,0,308000,-202000,106000
2010/12/14,0,691000,-172000,519000
2010/12/15,0,356000,-147000,209000
2010/12/16,0,244000,-213000,31000
2010/12/17,0,167000,-291000,-124000
2010/12/20,0,231000,-230000,1000
2010/12/21,0,70000,-475000,-405000
2010/12/22,0,155000,-124000,31000
2010/12/23,0,476000,-130000,346000
2010/12/24,0,89000,-343000,-254000
2010/12/27,0,99000,-56000,43000
2010/12/28,0,117000,-93000,24000
2010/12/29,0,166000,-340000,-174000
2010/12/30,0,216000,-115000,101000
2010/12/31,0,746000,-272000,474000
2011/01/03,0,234000,-161000,73000
2011/01/04,0,632000,-189000,443000
2011/01/05,0,1013000,-1297000,-284000
2011/01/06,0,506000,-175000,331000
2011/01/07,0,363000,-877000,-514000
2011/01/10,0,68000,-86000,-18000
2011/01/11,0,714000,-118000,596000
2011/01/12,0,369000,-158000,211000
2011/01/13,0,54000,-488000,-434000
2011/01/14,0,87000,-72000,15000
2011/01/17,0,138000,-681000,-543000
2011/01/18,0,87000,-208000,-121000
2011/01/19,0,249000,-239000,10000
2011/01/20,0,11000,-173000,-162000
2011/01/21,0,147000,-84000,63000
2011/01/24,0,67000,-207098,-140098
2011/01/25,0,63000,-40000,23000
2011/01/26,0,42000,-106303,-64303
2011/01/27,0,40000,-309000,-269000
2011/01/28,0,131000,-477000,-346000
2011/01/31,0,0,0,0
2011/02/01,0,0,0,0
2011/02/02,0,0,0,0
2011/02/03,0,0,0,0
2011/02/04,0,0,0,0
2011/02/07,0,0,0,0
2011/02/08,0,175000,-343000,-168000
2011/02/09,0,602000,-209000,393000
2011/02/10,0,113000,-564000,-451000
2011/02/11,0,122000,-310000,-188000
2011/02/14,0,50000,-33000,17000
2011/02/15,0,166000,-433000,-267000
2011/02/16,0,36000,-152000,-116000
2011/02/17,0,32000,-501000,-469000
2011/02/18,0,390000,-160000,230000
2011/02/21,0,398000,-115000,283000
2011/02/22,0,193000,-286000,-93000
2011/02/23,0,16000,-209000,-193000
2011/02/24,0,58000,-622000,-564000
2011/02/25,0,372000,-875000,-503000
2011/02/28,0,0,0,0
2011/03/01,0,52000,-249320,-197320
2011/03/02,0,190000,-117000,73000
2011/03/03,0,237000,-125000,112000
2011/03/04,0,194000,-946000,-752000
2011/03/07,0,136000,-484000,-348000
2011/03/08,0,228000,-154000,74000
2011/03/09,0,60000,-69000,-9000
2011/03/10,0,675000,-232000,443000
2011/03/11,0,215000,-113000,102000
2011/03/14,0,64000,-385000,-321000
2011/03/15,0,476000,-468000,8000
2011/03/16,0,454000,-386000,68000
2011/03/17,0,93000,-143000,-50000
2011/03/18,0,499000,-406000,93000
2011/03/21,0,69000,-307000,-238000
2011/03/22,0,154100,-51000,103100
2011/03/23,0,50000,-56000,-6000
2011/03/24,0,122000,-41000,81000
2011/03/25,0,54000,-206000,-152000
2011/03/28,0,85000,-284000,-199000
2011/03/29,0,34000,-106000,-72000
2011/03/30,0,13000,-64000,-51000
2011/03/31,0,187000,-21000,166000
2011/04/01,0,188000,-153000,35000
2011/04/04,0,0,0,0
2011/04/05,0,0,0,0
2011/04/06,0,172000,-14000,158000
2011/04/07,0,621000,-175000,446000
2011/04/08,0,58000,-168000,-110000
2011/04/11,0,90000,-60000,30000
2011/04/12,0,29000,-86000,-57000
2011/04/13,0,119000,-72000,47000
2011/04/14,0,9000,-50000,-41000
2011/04/15,0,266000,-99000,167000
2011/04/18,0,38000,-206595,-168595
2011/04/19,0,81000,-142000,-61000
2011/04/20,0,43000,-20000,23000
2011/04/21,0,374000,-251000,123000
2011/04/22,0,343000,-97000,246000
2011/04/25,0,244000,-32000,212000
2011/04/26,0,40000,-24000,16000
2011/04/27,0,300000,-19000,281000
2011/04/28,0,56000,-169000,-113000
2011/04/29,0,64000,-112000,-48000
2011/05/02,0,0,0,0
2011/05/03,0,70000,-49000,21000
2011/05/04,0,221000,-50000,171000
2011/05/05,0,53000,-261000,-208000
2011/05/06,0,1315000,-111000,1204000
2011/05/09,0,258000,-323000,-65000
2011/05/10,0,174000,-189000,-15000
2011/05/11,0,59000,-152372,-93372
2011/05/12,0,34000,-89000,-55000
2011/05/13,0,25000,-162000,-137000
2011/05/16,0,37000,-69000,-32000
2011/05/17,0,74000,-50000,24000
2011/05/18,0,40000,-32000,8000
2011/05/19,0,274000,-153752,120248
2011/05/20,0,31000,-27000,4000
2011/05/23,0,187000,-23000,164000
2011/05/24,0,10000,-26000,-16000
2011/05/25,0,353000,-24000,329000
2011/05/26,0,92000,-96000,-4000
2011/05/27,0,26000,-47000,-21000
2011/05/30,0,42000,-100000,-58000
2011/05/31,0,92000,-65000,27000
2011/06/01,0,406000,-294000,112000
2011/06/02,0,239000,-148000,91000
2011/06/03,0,63000,-22000,41000
2011/06/06,0,0,0,0
2011/06/07,0,91000,-95000,-4000
2011/06/08,0,16000,-230000,-214000
2011/06/09,0,101000,-372000,-271000
2011/06/10,0,21000,-171000,-150000
2011/06/13,0,76000,-118600,-42600
2011/06/14,0,3000,-89000,-86000
2011/06/15,0,22600,-67000,-44400
2011/06/16,0,34000,-61000,-27000
2011/06/17,0,22000,-58000,-36000
2011/06/20,0,39000,-107000,-68000
2011/06/21,0,23000,-48000,-25000
2011/06/22,0,35000,-65000,-30000
2011/06/23,0,13000,-362000,-349000
2011/06/24,0,9000,-157000,-148000
2011/06/27,0,10000,-78000,-68000
2011/06/28,0,16000,-28000,-12000
2011/06/29,0,76000,-22000,54000
2011/06/30,0,16000,-161000,-145000
2011/07/01,0,304000,-74000,230000
2011/07/04,0,321000,-132000,189000
2011/07/05,0,159000,-394137,-235137
2011/07/06,0,15000,-185000,-170000
2011/07/07,0,92000,-10000,82000
2011/07/08,0,88000,-286000,-198000
2011/07/11,0,30000,-74000,-44000
2011/07/12,0,50000,-50000,0
2011/07/13,0,652000,-367000,285000
2011/07/14,0,298000,-150000,148000
2011/07/15,0,705000,-233000,472000
2011/07/18,0,530000,-288000,242000
2011/07/19,0,109000,-140000,-31000
2011/07/20,0,160000,-90000,70000
2011/07/21,0,2875000,-297000,2578000
2011/07/22,0,3506000,-101000,3405000
2011/07/25,0,8522000,-1085000,7437000
2011/07/26,0,436000,-1555977,-1119977
2011/07/27,0,706000,-282000,424000
2011/07/28,0,97000,-2357000,-2260000
2011/07/29,0,163000,-345000,-182000
2011/08/01,0,144000,-51000,93000
2011/08/02,0,13000,-35000,-22000
2011/08/03,0,123000,-153000,-30000
2011/08/04,0,52000,-426000,-374000
2011/08/05,0,231000,-624000,-393000
2011/08/08,0,157000,-292000,-135000
2011/08/09,0,444000,-317000,127000
2011/08/10,0,223000,-977023,-754023
2011/08/11,0,122000,-162000,-40000
2011/08/12,0,98000,-54000,44000
2011/08/15,0,44000,-7000,37000
2011/08/16,0,88000,-20650,67350
2011/08/17,0,69650,-122000,-52350
2011/08/18,0,14000,-253000,-239000
2011/08/19,0,27000,-377000,-350000
2011/08/22,0,165000,-237652,-72652
2011/08/23,0,199080,-35000,164080
2011/08/24,0,7000,-125000,-118000
2011/08/25,0,47000,-354000,-307000
2011/08/26,0,366000,-273000,93000
2011/08/29,0,143000,-3000,140000
2011/08/30,0,403000,-55000,348000
2011/08/31,0,137000,-209000,-72000
2011/09/01,0,344000,-234000,110000
2011/09/02,0,115000,-107000,8000
2011/09/05,0,41000,-394000,-353000
2011/09/06,0,57000,-114080,-57080
2011/09/07,0,209000,-530000,-321000
2011/09/08,0,40000,-244000,-204000
2011/09/09,0,183000,-42000,141000
2011/09/12,0,0,0,0
2011/09/13,0,38000,-176000,-138000
2011/09/14,0,52000,-251000,-199000
2011/09/15,0,111000,-17000,94000
2011/09/16,0,668000,-30000,638000
2011/09/19,0,15000,-314000,-299000
2011/09/20,0,95000,-87000,8000
2011/09/21,0,34000,-152000,-118000
2011/09/22,0,21000,-280000,-259000
2011/09/23,0,357000,-168000,189000
2011/09/26,0,115000,-368000,-253000
2011/09/27,0,805000,-78000,727000
2011/09/28,0,13000,-359951,-346951
2011/09/29,0,49000,-223000,-174000
2011/09/30,0,121000,-67000,54000
2011/10/03,0,309000,-270000,39000
2011/10/04,0,57000,-333000,-276000
2011/10/05,0,349000,-10938,338062
2011/10/06,0,88000,-191896,-103896
2011/10/07,0,282000,0,282000
2011/10/10,0,0,0,0
2011/10/11,0,200000,-92000,108000
2011/10/12,0,172000,-471000,-299000
2011/10/13,0,15000,-83000,-68000
2011/10/14,0,4000,-116000,-112000
2011/10/17,0,15000,-4000,11000
2011/10/18,0,16000,-54000,-38000
2011/10/19,0,63000,-29000,34000
2011/10/20,0,88000,-7000,81000
2011/10/21,0,88052,-50000,38052
2011/10/24,0,131000,-10000,121000
2011/10/25,0,163000,-25000,138000
2011/10/26,0,69000,-7000,62000
2011/10/27,0,111000,-8000,103000
2011/10/28,0,324000,-19000,305000
2011/10/31,0,11000,-350414,-339414
2011/11/01,0,82000,-19000,63000
2011/11/02,0,43000,-2000,41000
2011/11/03,0,10000,-52000,-42000
2011/11/04,0,86000,-6000,80000
2011/11/07,0,22000,-15000,7000
2011/11/08,0,59000,-19000,40000
2011/11/09,0,29000,-43000,-14000
2011/11/10,0,34000,-154000,-120000
2011/11/11,0,2000,-47000,-45000
2011/11/14,0,25000,-3000,22000
2011/11/15,0,10000,-7000,3000
2011/11/16,0,0,-56000,-56000
2011/11/17,0,19000,-49000,-30000
2011/11/18,0,35000,-47000,-12000
2011/11/21,0,38000,-109000,-71000
2011/11/22,0,240000,-40000,200000
2011/11/23,0,140000,-30000,110000
2011/11/24,0,82000,-87000,-5000
2011/11/25,0,44000,-20000,24000
2011/11/28,0,7000,-19000,-12000
2011/11/29,0,4000,-59000,-55000
2011/11/30,0,95000,-39000,56000
2011/12/01,0,52000,-215000,-163000
2011/12/02,0,24000,-3000,21000
2011/12/05,0,11000,-7000,4000
2011/12/06,0,50000,-20000,30000
2011/12/07,0,8000,-3000,5000
2011/12/08,0,66000,-27000,39000
2011/12/09,0,92000,-37000,55000
2011/12/12,0,184000,-33000,151000
2011/12/13,0,88000,-86000,2000
2011/12/14,0,70000,-104000,-34000
2011/12/15,0,74000,-15000,59000
2011/12/16,0,43000,-6000,37000
2011/12/19,0,122000,-10000,112000
2011/12/20,0,43000,-21000,22000
2011/12/21,0,15000,-142000,-127000
2011/12/22,0,49000,-55000,-6000
2011/12/23,0,87000,-301000,-214000
2011/12/26,0,118000,-309000,-191000
2011/12/27,0,603000,-101000,502000
2011/12/28,0,164000,-9000,155000
2011/12/29,0,28000,-16000,12000
2011/12/30,0,16000,-15000,1000
2012/01/02,0,2000,-26000,-24000
2012/01/03,0,30000,-4655,25345
2012/01/04,0,12000,-36000,-24000
2012/01/05,0,14000,-20526,-6526
2012/01/06,0,45000,-34000,11000
2012/01/09,0,110000,-20000,90000
2012/01/10,0,27000,-53000,-26000
2012/01/11,0,14000,-7000,7000
2012/01/12,0,18000,-3000,15000
2012/01/13,0,229000,-6000,223000
2012/01/16,0,28000,-140000,-112000
2012/01/17,0,260000,-24000,236000
2012/01/18,0,310000,-42000,268000
2012/01/19,0,0,0,0
2012/01/20,0,0,0,0
2012/01/23,0,0,0,0
2012/01/24,0,0,0,0
2012/01/25,0,0,0,0
2012/01/26,0,0,0,0
2012/01/27,0,0,0,0
2012/01/30,0,168000,-64000,104000
2012/01/31,0,25000,-112000,-87000
2012/02/01,0,123000,-234000,-111000
2012/02/02,0,265000,-255000,10000
2012/02/03,0,27000,-92000,-65000
2012/02/06,0,11000,-104000,-93000
2012/02/07,0,56000,-8000,48000
2012/02/08,0,100000,-78000,22000
2012/02/09,0,230000,-37000,193000
2012/02/10,0,135000,-329000,-194000
2012/02/13,0,175000,-37000,138000
2012/02/14,0,22000,-167000,-145000
2012/02/15,0,56000,-46000,10000
2012/02/16,0,28000,-62000,-34000
2012/02/17,0,35000,-16000,19000
2012/02/20,0,16000,-15000,1000
2012/02/21,0,15000,-39000,-24000
2012/02/22,0,45000,-44000,1000
2012/02/23,0,440000,-191000,249000
2012/02/24,0,104000,-137000,-33000
2012/02/27,0,0,0,0
2012/02/28,0,0,0,0
2012/02/29,0,206000,-58000,148000
2012/03/01,0,144000,-81000,63000
2012/03/02,0,148000,-50000,98000
2012/03/05,0,36000,-66000,-30000
2012/03/06,0,100000,-108000,-8000
2012/03/07,0,22000,-143000,-121000
2012/03/08,0,63000,-29000,34000
2012/03/09,0,12000,-164000,-152000
2012/03/12,0,10000,-54000,-44000
2012/03/13,0,41000,-5000,36000
2012/03/14,0,35000,-4000,31000
2012/03/15,0,7000,-14000,-7000
2012/03/16,0,28000,-29000,-1000
2012/03/19,0,47000,-21000,26000
2012/03/20,0,394000,-71000,323000
2012/03/21,0,682000,-76000,606000
2012/03/22,0,628000,-256000,372000
2012/03/23,0,148000,-351000,-203000
2012/03/26,0,174000,-41000,133000
2012/03/27,0,49000,-325000,-276000
2012/03/28,0,50000,-215000,-165000
2012/03/29,0,55000,-464195,-409195
2012/03/30,0,94000,-215000,-121000
2012/04/02,0,21000,-70000,-49000
2012/04/03,0,35000,-170000,-135000
2012/04/04,0,0,0,0
2012/04/05,0,22000,-54000,-32000
2012/04/06,0,23000,-35000,-12000
2012/04/09,0,0,-75000,-75000
2012/04/10,0,8000,-135000,-127000
2012/04/11,0,12000,-4000,8000
2012/04/12,0,24000,-138000,-114000
2012/04/13,0,17000,-59000,-42000
2012/04/16,0,66000,-7000,59000
2012/04/17,0,57000,-28000,29000
2012/04/18,0,37000,-41000,-4000
2012/04/19,0,6000,-49000,-43000
2012/04/20,0,55000,-88000,-33000
2012/04/23,0,14000,-42000,-28000
2012/04/24,0,12000,-25000,-13000
2012/04/25,0,15000,-30000,-15000
2012/04/26,0,2000,-37000,-35000
2012/04/27,0,0,-20096,-20096
2012/04/30,0,2178,-16000,-13822
2012/05/01,0,0,0,0
2012/05/02,0,26000,-3000,23000
2012/05/03,0,15000,-25000,-10000
2012/05/04,0,16000,-13000,3000
2012/05/07,0,11000,-3000,8000
2012/05/08,0,36000,-1687,34313
2012/05/09,0,23000,-17000,6000
2012/05/10,0,18000,-7000,11000
2012/05/11,0,19000,-40000,-21000
2012/05/14,0,9000,-11000,-2000
2012/05/15,0,13000,-13400,-400
2012/05/16,0,0,-9000,-9000
2012/05/17,0,11000,-4000,7000
2012/05/18,0,71000,-40000,31000
2012/05/21,0,8000,-1000,7000
2012/05/22,0,14000,-63000,-49000
2012/05/23,0,16000,-37000,-21000
2012/05/24,0,17000,-25000,-8000
2012/05/25,0,36000,-39000,-3000
2012/05/28,0,29000,0,29000
2012/05/29,0,53000,-11000,42000
2012/05/30,0,1000,-11000,-10000
2012/05/31,0,9000,-15000,-6000
2012/06/01,0,27000,-15000,12000
2012/06/04,0,24000,-29000,-5000
2012/06/05,0,16000,-1000,15000
2012/06/06,0,10000,0,10000
2012/06/07,0,0,-9000,-9000
2012/06/08,0,6000,-11924,-5924
2012/06/11,0,7000,-2000,5000
2012/06/12,0,11000,-17000,-6000
2012/06/13,0,32000,-9000,23000
2012/06/14,0,3000,-19000,-16000
2012/06/15,0,22000,-42000,-20000
2012/06/18,0,2000,0,2000
2012/06/19,0,3000,-10000,-7000
2012/06/20,0,3000,-12000,-9000
2012/06/21,0,0,-9000,-9000
2012/06/22,0,15000,-11000,4000
2012/06/25,0,39000,-10000,29000
2012/06/26,0,10000,-15000,-5000
2012/06/27,0,28000,-3952,24048
2012/06/28,0,0,-58000,-58000
2012/06/29,0,1000,-5000,-4000
2012/07/02,0,5000,-18000,-13000
2012/07/03,0,17000,-4000,13000
2012/07/04,0,5000,-7000,-2000
2012/07/05,0,6000,-9000,-3000
2012/07/06,0,1000,0,1000
2012/07/09,0,0,-23000,-23000
2012/07/10,0,1000,-36000,-35000
2012/07/11,0,0,-1000,-1000
2012/07/12,0,18000,-8000,10000
2012/07/13,0,9000,-13000,-4000
2012/07/16,0,6000,0,6000
2012/07/17,0,3000,-7000,-4000
2012/07/18,0,6000,-5000,1000
2012/07/19,0,24000,-17000,7000
2012/07/20,0,8000,-11000,-3000
2012/07/23,0,5000,-24000,-19000
2012/07/24,0,65000,-15000,50000
2012/07/25,0,5000,-16000,-11000
2012/07/26,0,13000,-2000,11000
2012/07/27,0,15000,-12000,3000
2012/07/30,0,6000,-11400,-5400
2012/07/31,0,35000,-21000,14000
2012/08/01,0,28000,-47000,-19000
2012/08/02,0,0,0,0
2012/08/03,0,58000,0,58000
2012/08/06,0,56000,-16000,40000
2012/08/07,0,31000,-7000,24000
2012/08/08,0,28000,-21000,7000
2012/08/09,0,26000,-90000,-64000
2012/08/10,0,88000,-38000,50000
2012/08/13,0,7000,-3000,4000
2012/08/14,0,73000,0,73000
2012/08/15,0,36000,-15000,21000
2012/08/16,0,1286000,-54000,1232000
2012/08/17,0,368000,-156100,211900
2012/08/20,0,630000,-144000,486000
2012/08/21,0,2525000,-306000,2219000
2012/08/22,0,51000,-3056000,-3005000
2012/08/23,0,74000,-193000,-119000
2012/08/24,0,64000,-39000,25000
2012/08/27,0,40000,-60000,-20000
2012/08/28,0,85000,-195000,-110000
2012/08/29,0,55000,-79000,-24000
2012/08/30,0,14000,-222000,-208000
2012/08/31,0,141000,-20000,121000
2012/09/03,0,89000,-211000,-122000
2012/09/04,0,101000,-141000,-40000
2012/09/05,0,146000,-129000,17000
2012/09/06,0,62000,-87000,-25000
2012/09/07,0,55000,-86100,-31100
2012/09/10,0,389000,-299000,90000
2012/09/11,0,93000,-295000,-202000
2012/09/12,0,198000,-84000,114000
2012/09/13,0,69000,-33000,36000
2012/09/14,0,176000,-145000,31000
2012/09/17,0,209000,-348000,-139000
2012/09/18,0,90000,-151000,-61000
2012/09/19,0,103000,-70137,32863
2012/09/20,0,74000,-34000,40000
2012/09/21,0,104000,-132000,-28000
2012/09/24,0,214000,-110000,104000
2012/09/25,0,177000,-119000,58000
2012/09/26,0,38000,-45000,-7000
2012/09/27,0,49000,-128000,-79000
2012/09/28,0,15000,-52000,-37000
2012/10/01,0,13000,-40000,-27000
2012/10/02,0,18000,-22000,-4000
2012/10/03,0,21000,-15000,6000
2012/10/04,0,59000,-53000,6000
2012/10/05,0,33000,-118000,-85000
2012/10/08,0,41000,-203000,-162000
2012/10/09,0,49000,-121000,-72000
2012/10/10,0,0,0,0
2012/10/11,0,52000,-49000,3000
2012/10/12,0,92000,-71000,21000
2012/10/15,0,90000,-64000,26000
2012/10/16,0,55000,-32000,23000
2012/10/17,0,69000,-23000,46000
2012/10/18,0,100000,-25000,75000
2012/10/19,0,111000,-23000,88000
2012/10/22,0,11000,-24000,-13000
2012/10/23,0,22000,-30000,-8000
2012/10/24,0,146000,-28000,118000
2012/10/25,0,71000,-41000,30000
2012/10/26,0,135000,-66000,69000
2012/10/29,0,79000,-15075,63925
2012/10/30,0,0,0,0
2012/10/31,0,0,0,0
2012/11/01,0,0,0,0
2012/11/02,0,0,0,0
2012/11/05,0,0,0,0
2012/11/06,0,0,0,0
2012/11/07,0,0,0,0
2012/11/08,0,0,0,0
2012/11/09,0,0,0,0
2012/11/12,0,47000,-51000,-4000
2012/11/13,0,51000,-46000,5000
2012/11/14,0,37000,-14000,23000
2012/11/15,0,42000,-34000,8000
2012/11/16,0,0,-26000,-26000
2012/11/19,0,10000,-9000,1000
2012/11/20,0,42000,-273000,-231000
2012/11/21,0,121000,-11000,110000
2012/11/22,0,42000,-71000,-29000
2012/11/23,0,12000,-7000,5000
2012/11/26,0,17000,-10000,7000
2012/11/27,0,1000,-11000,-10000
2012/11/28,0,9000,-12600,-3600
2012/11/29,0,47000,-17000,30000
2012/11/30,0,23000,-24000,-1000
2012/12/03,0,21000,-12000,9000
2012/12/04,0,11000,-20000,-9000
2012/12/05,0,112000,-8000,104000
2012/12/06,0,71000,-57000,14000
2012/12/07,0,152000,-56000,96000
2012/12/10,0,3000,-78000,-75000
2012/12/11,0,8000,-13000,-5000
2012/12/12,0,31000,-36000,-5000
2012/12/13,0,97000,-42000,55000
2012/12/14,0,0,-32000,-32000
2012/12/17,0,0,-10000,-10000
2012/12/18,0,23000,-16000,7000
2012/12/19,0,2000,-34000,-32000
2012/12/20,0,10000,-75000,-65000
2012/12/21,0,7000,-25000,-18000
2012/12/24,0,16000,-9000,7000
2012/12/25,0,73000,-4000,69000
2012/12/26,0,34000,-55000,-21000
2012/12/27,0,2000,-17000,-15000
2012/12/28,0,14000,-33000,-19000
2012/12/31,0,0,0,0
2013/01/01,0,0,0,0
2013/01/02,0,117000,-12000,105000
2013/01/03,0,318000,-79600,238400
2013/01/04,0,67000,-193000,-126000
2013/01/07,0,126000,-32000,94000
2013/01/08,0,70000,-35407,34593
2013/01/09,0,38000,-18000,20000
2013/01/10,0,345000,-44000,301000
2013/01/11,0,95000,-103000,-8000
2013/01/14,0,128000,-43000,85000
2013/01/15,0,46000,-14000,32000
2013/01/16,0,88000,-210000,-122000
2013/01/17,0,10000,-261000,-251000
2013/01/18,0,39000,-22000,17000
2013/01/21,0,7000,-6000,1000
2013/01/22,0,2000,-12000,-10000
2013/01/23,0,32000,-25000,7000
2013/01/24,0,9000,-57000,-48000
2013/01/25,0,32000,-49000,-17000
2013/01/28,0,2000,-56000,-54000
2013/01/29,0,21000,-31000,-10000
2013/01/30,0,8000,-27000,-19000
2013/01/31,0,19000,-55000,-36000
2013/02/01,0,22000,-36000,-14000
2013/02/04,0,28000,-71000,-43000
2013/02/05,0,227000,-26000,201000
2013/02/06,0,80000,-114000,-34000
2013/02/07,0,0,0,0
2013/02/08,0,0,0,0
2013/02/11,0,0,0,0
2013/02/12,0,0,0,0
2013/02/13,0,0,0,0
2013/02/14,0,0,0,0
2013/02/15,0,0,0,0
2013/02/18,0,21000,-42000,-21000
2013/02/19,0,56000,-58000,-2000
2013/02/20,0,72000,-142000,-70000
2013/02/21,0,63000,-10000,53000
2013/02/22,0,19000,-36000,-17000
2013/02/25,0,7000,-19000,-12000
2013/02/26,0,29000,-15000,14000
2013/02/27,0,17000,-16000,1000
2013/02/28,0,0,0,0
2013/03/01,0,135000,-9000,126000
2013/03/04,0,19000,-235000,-216000
2013/03/05,0,85000,-66000,19000
2013/03/06,0,107000,-135000,-28000
2013/03/07,0,11000,-108000,-97000
2013/03/08,0,5000,-34000,-29000
2013/03/11,0,96000,-23000,73000
2013/03/12,0,2000,-234000,-232000
2013/03/13,0,29000,-8000,21000
2013/03/14,0,17000,-48000,-31000
2013/03/15,0,15000,-114000,-99000
2013/03/18,0,10000,-13000,-3000
2013/03/19,0,22000,-67000,-45000
2013/03/20,0,121000,-102000,19000
2013/03/21,0,35000,-28000,7000
2013/03/22,0,194000,-60000,134000
2013/03/25,0,2000,-80000,-78000
2013/03/26,0,3000,-121000,-118000
2013/03/27,0,0,-4000,-4000
2013/03/28,0,1000,-19000,-18000
2013/03/29,0,7000,0,7000
2013/04/01,0,17000,0,17000
2013/04/02,0,2000,-6000,-4000
2013/04/03,0,0,-26000,-26000
2013/04/04,0,0,0,0
2013/04/05,0,0,0,0
2013/04/08,0,22000,-33000,-11000
2013/04/09,0,38000,-3000,35000
2013/04/10,0,79000,-44000,35000
2013/04/11,0,116000,-13000,103000
2013/04/12,0,61000,-20000,41000
2013/04/15,0,11000,-28000,-17000
2013/04/16,0,14000,-50000,-36000
2013/04/17,0,5000,-54000,-49000
2013/04/18,0,0,-9000,-9000
2013/04/19,0,41000,-12000,29000
2013/04/22,0,41000,-17000,24000
2013/04/23,0,17000,-13000,4000
2013/04/24,0,23000,-41000,-18000
2013/04/25,0,4000,-131000,-127000
2013/04/26,0,136000,-23000,113000
2013/04/29,0,0,-36000,-36000
2013/04/30,0,179000,-46000,133000
2013/05/01,0,0,0,0
2013/05/02,0,42000,-30000,12000
2013/05/03,0,45000,-44000,1000
2013/05/06,0,184000,-38000,146000
2013/05/07,0,85000,-17000,68000
2013/05/08,0,41000,-34000,7000
2013/05/09,0,190000,-156000,34000
2013/05/10,0,11000,-18000,-7000
2013/05/13,0,80000,-47000,33000
2013/05/14,0,38000,-5000,33000
2013/05/15,0,213000,-114000,99000
2013/05/16,0,131000,-352000,-221000
2013/05/17,0,282000,-61000,221000
2013/05/20,0,82000,-52000,30000
2013/05/21,0,8000,-98000,-90000
2013/05/22,0,2000,-5000,-3000
2013/05/23,0,62000,-96000,-34000
2013/05/24,0,69000,-260000,-191000
2013/05/27,0,26000,-23000,3000
2013/05/28,0,0,-36000,-36000
2013/05/29,0,20000,-94000,-74000
2013/05/30,0,0,-102000,-102000
2013/05/31,0,9000,-102000,-93000
2013/06/03,0,0,-8000,-8000
2013/06/04,0,14000,-29000,-15000
2013/06/05,0,10000,-20000,-10000
2013/06/06,0,0,-16000,-16000
2013/06/07,0,31000,-17000,14000
2013/06/10,0,8000,-18000,-10000
2013/06/11,0,7000,-11000,-4000
2013/06/12,0,0,0,0
2013/06/13,0,65000,-3000,62000
2013/06/14,0,50000,-10000,40000
2013/06/17,0,38000,-4000,34000
2013/06/18,0,7000,-3000,4000
2013/06/19,0,31000,-9000,22000
2013/06/20,0,14000,-12000,2000
2013/06/21,0,119000,-7000,112000
2013/06/24,0,148000,-15000,133000
2013/06/25,0,119000,0,119000
2013/06/26,0,66000,-75000,-9000
2013/06/27,0,9000,-10000,-1000
2013/06/28,0,2000,-37000,-35000
2013/07/01,0,62000,-75000,-13000
2013/07/02,0,41000,-95000,-54000
2013/07/03,0,24000,-117000,-93000
2013/07/04,0,35000,-2000,33000
2013/07/05,0,15000,0,15000
2013/07/08,0,8000,-20000,-12000
2013/07/09,0,6000,-29000,-23000
2013/07/10,0,26000,-9000,17000
2013/07/11,0,63000,-60000,3000
2013/07/12,0,2000,-33000,-31000
2013/07/15,0,68000,-27000,41000
2013/07/16,0,3749000,-20000,3729000
2013/07/17,0,7711000,-341000,7370000
2013/07/18,0,62000,-6907000,-6845000
2013/07/19,0,9000,-4122000,-4113000
2013/07/22,0,76000,-46000,30000
2013/07/23,0,59000,-17000,42000
2013/07/24,0,101000,-22000,79000
2013/07/25,0,23000,0,23000
2013/07/26,0,26000,-37000,-11000
2013/07/29,0,6000,-107000,-101000
2013/07/30,0,39000,-43000,-4000
2013/07/31,0,513000,-161000,352000
2013/08/01,0,65000,-189000,-124000
2013/08/02,0,442000,-13000,429000
2013/08/05,0,408998,-331000,77998
2013/08/06,0,328000,-539000,-211000
2013/08/07,0,237000,-310000,-73000
2013/08/08,0,173000,-19000,154000
2013/08/09,0,114000,-315000,-201000
2013/08/12,0,71000,-145000,-74000
2013/08/13,0,19000,-120000,-101000
2013/08/14,0,97000,-119000,-22000
2013/08/15,0,90000,-84000,6000
2013/08/16,0,29000,-127000,-98000
2013/08/19,0,78000,-7000,71000
2013/08/20,0,108000,-459000,-351000
2013/08/21,0,0,0,0
2013/08/22,0,211000,-76000,135000
2013/08/23,0,116000,-78000,38000
2013/08/26,0,12000,-39000,-27000
2013/08/27,0,15000,-28000,-13000
2013/08/28,0,35000,-18000,17000
2013/08/29,0,22000,-21000,1000
2013/08/30,0,17000,-15000,2000
2013/09/02,0,8000,-2000,6000
2013/09/03,0,99000,-37000,62000
2013/09/04,0,46000,-117000,-71000
2013/09/05,0,44000,-75000,-31000
2013/09/06,0,9000,-41000,-32000
2013/09/09,0,4000,-57000,-53000
2013/09/10,0,23000,-29000,-6000
2013/09/11,0,77000,-10000,67000
2013/09/12,0,0,-24000,-24000
2013/09/13,0,34000,-3000,31000
2013/09/16,0,79000,-15000,64000
2013/09/17,0,231000,-35000,196000
2013/09/18,0,105000,-58000,47000
2013/09/19,0,0,0,0
2013/09/20,0,0,0,0
2013/09/23,0,76000,-62000,14000
2013/09/24,0,99000,-249000,-150000
2013/09/25,0,27000,-48000,-21000
2013/09/26,0,15000,-133000,-118000
2013/09/27,0,79000,-219000,-140000
2013/09/30,0,44000,-118000,-74000
2013/10/01,0,2000,-65000,-63000
2013/10/02,0,7000,-66000,-59000
2013/10/03,0,29000,0,29000
2013/10/04,0,18000,-7000,11000
2013/10/07,0,26000,-10000,16000
2013/10/08,0,8000,-1000,7000
2013/10/09,0,26000,-63000,-37000
2013/10/10,0,0,0,0
2013/10/11,0,60000,-50000,10000
2013/10/14,0,55000,-18000,37000
2013/10/15,0,57000,-24000,33000
2013/10/16,0,121000,-16000,105000
2013/10/17,0,15000,-12000,3000
2013/10/18,0,0,-26000,-26000
2013/10/21,0,17000,-11000,6000
2013/10/22,0,0,-6000,-6000
2013/10/23,0,0,-13000,-13000
2013/10/24,0,39000,-186000,-147000
2013/10/25,0,36000,-14000,22000
2013/10/28,0,39000,-3000,36000
2013/10/29,0,36000,-64000,-28000
2013/10/30,0,24000,0,24000
2013/10/31,0,24000,-51000,-27000
2013/11/01,0,78000,-16000,62000
2013/11/04,0,32000,-31000,1000
2013/11/05,0,24000,-5000,19000
2013/11/06,0,19000,-5000,14000
2013/11/07,0,4000,0,4000
2013/11/08,0,33000,0,33000
2013/11/11,0,54000,-5000,49000
2013/11/12,0,66000,-4000,62000
2013/11/13,0,48000,-115000,-67000
2013/11/14,0,568000,-22000,546000
2013/11/15,0,84000,-242000,-158000
2013/11/18,0,134000,-22000,112000
2013/11/19,0,28000,-93000,-65000
2013/11/20,0,326000,-55000,271000
2013/11/21,0,127000,-104000,23000
2013/11/22,0,51000,-54000,-3000
2013/11/25,0,13000,-46000,-33000
2013/11/26,0,60000,-46000,14000
2013/11/27,0,34000,-17000,17000
2013/11/28,0,11000,-107000,-96000
2013/11/29,0,25000,-56000,-31000
2013/12/02,0,32000,-12000,20000
2013/12/03,0,26000,-20000,6000
2013/12/04,0,1000,-27000,-26000
2013/12/05,0,10000,-105000,-95000
2013/12/06,0,4000,-15000,-11000
2013/12/09,0,7000,-37000,-30000
2013/12/10,0,3000,-29000,-26000
2013/12/11,0,130000,-2000,128000
2013/12/12,0,0,-25000,-25000
2013/12/13,0,19000,-44000,-25000
2013/12/16,0,47000,-32000,15000
2013/12/17,0,112000,-13000,99000
2013/12/18,0,49000,-59000,-10000
2013/12/19,0,140000,-63000,77000
2013/12/20,0,131000,-77000,54000
2013/12/23,0,17000,-5000,12000
2013/12/24,0,0,-25000,-25000
2013/12/25,0,42000,-23000,19000
2013/12/26,0,50000,-15000,35000
2013/12/27,0,0,-17000,-17000
2013/12/30,0,1000,-114000,-113000
2013/12/31,0,1000,-25000,-24000
2014/01/02,0,4000,-8000,-4000
2014/01/03,0,0,-1000,-1000
2014/01/06,0,663000,-45000,618000
2014/01/07,0,19000,-93000,-74000
2014/01/08,0,45000,-19000,26000
2014/01/09,0,188000,-64000,124000
2014/01/10,0,70000,-221000,-151000
2014/01/13,0,41000,-39000,2000
2014/01/14,0,65000,-43000,22000
2014/01/15,0,215000,-78000,137000
2014/01/16,0,116000,-43000,73000
2014/01/17,0,52000,-16000,36000
2014/01/20,0,33000,-45000,-12000
2014/01/21,0,24000,-8000,16000
2014/01/22,0,28000,-109000,-81000
2014/01/23,0,35000,-18000,17000
2014/01/24,0,214000,-124000,90000
2014/01/27,0,0,-117000,-117000
2014/02/05,0,108000,-15400,92600
2014/02/06,0,30000,-8000,22000
2014/02/07,0,11000,-9000,2000
2014/02/10,0,73000,-2000,71000
2014/02/11,0,10000,-15000,-5000
2014/02/12,0,36000,-8000,28000
2014/02/13,0,17000,-26000,-9000
2014/02/14,0,26000,-8000,18000
2014/02/17,0,25000,-1000,24000
2014/02/18,0,8000,0,8000
2014/02/19,0,10000,-100000,-90000
2014/02/20,0,11000,-14000,-3000
2014/02/21,0,22000,-18000,4000
2014/02/24,0,36000,-1000,35000
2014/02/25,0,2000,-14000,-12000
2014/02/26,0,32000,-23000,9000
2014/02/27,0,0,0,0
2014/03/03,0,91000,-24000,67000
2014/03/04,0,32000,-33000,-1000
2014/03/05,0,72000,-81000,-9000
2014/03/06,0,0,-30000,-30000
2014/03/07,0,110000,-40000,70000
2014/03/10,0,188000,0,188000
2014/03/11,0,20000,0,20000
2014/03/12,0,19000,-31000,-12000
2014/03/13,0,2000,-36000,-34000
2014/03/14,0,6000,-20000,-14000
2014/03/17,0,27117,-10000,17117
2014/03/18,0,15000,-15000,0
2014/03/19,0,50000,-19000,31000
2014/03/20,0,53000,-31000,22000
2014/03/21,0,45000,-130000,-85000
2014/03/24,0,214000,0,214000
2014/03/25,0,545000,-12000,533000
2014/03/26,0,320000,-695000,-375000
2014/03/27,0,9000,-300000,-291000
2014/03/28,0,25000,-281000,-256000
2014/03/31,0,81000,-65000,16000
2014/04/01,0,60000,-79000,-19000
2014/04/02,0,196000,-43000,153000
2014/04/03,0,50000,-48000,2000
2014/04/07,0,43000,-3000,40000
2014/04/08,0,101000,-31000,70000
2014/04/09,0,5000,-103000,-98000
2014/04/10,0,1000,-36000,-35000
2014/04/11,0,15000,-5000,10000
2014/04/14,0,0,-13000,-13000
2014/04/15,0,7000,-51000,-44000
2014/04/16,0,0,-115400,-115400
2014/04/17,0,0,-29000,-29000
2014/04/18,0,0,-13000,-13000
2014/04/21,0,74000,-40000,34000
2014/04/22,0,145000,-10000,135000
2014/04/23,0,0,-54000,-54000
2014/04/24,0,1000,-65000,-64000
2014/04/25,0,18000,-25000,-7000
2014/04/28,0,23000,-16000,7000
2014/04/29,0,16000,-1000,15000
2014/04/30,0,1000,-19000,-18000
2014/05/02,0,32000,-15000,17000
2014/05/05,0,44000,-22000,22000
2014/05/06,0,7000,-29000,-22000
2014/05/07,0,0,-15155,-15155
2014/05/08,0,0,-16000,-16000
2014/05/09,0,0,-15000,-15000
2014/05/12,0,10000,-4000,6000
2014/05/13,0,0,-2000,-2000
2014/05/14,0,29000,0,29000
2014/05/15,0,2000,-5000,-3000
2014/05/16,0,0,0,0
2014/05/19,0,0,-5000,-5000
2014/05/20,0,6000,-25000,-19000
2014/05/21,0,0,-15000,-15000
2014/05/22,0,32000,-10000,22000
2014/05/23,0,2000,-42000,-40000
2014/05/26,0,7000,-37000,-30000
2014/05/27,0,2000,-12000,-10000
2014/05/28,0,2000,-92000,-90000
2014/05/29,0,0,-11000,-11000
2014/05/30,0,1000,-2000,-1000
2014/06/03,0,78000,-9000,69000
2014/06/04,0,23000,-74000,-51000
2014/06/05,0,6000,-18000,-12000
2014/06/06,0,2000,-9000,-7000
2014/06/09,0,5000,-46000,-41000
2014/06/10,0,4000,-105000,-101000
2014/06/11,0,154000,-36000,118000
2014/06/12,0,69000,-45000,24000
2014/06/13,0,0,-25000,-25000
2014/06/16,0,1000,-42000,-41000
2014/06/17,0,16000,-35000,-19000
2014/06/18,0,41000,-129000,-88000
2014/06/19,0,28000,-125000,-97000
2014/06/20,0,13000,-218000,-205000
2014/06/23,0,4000,-78000,-74000
2014/06/24,0,10000,-8000,2000
2014/06/25,0,5000,-24000,-19000
2014/06/26,0,7000,-14000,-7000
2014/06/27,0,1000,-72000,-71000
2014/06/30,0,6000,-3021,2979
2014/07/01,0,8000,-16000,-8000
2014/07/02,0,3000,-106000,-103000
2014/07/03,0,20000,-55000,-35000
2014/07/04,0,12000,-20000,-8000
2014/07/07,0,0,-8000,-8000
2014/07/08,0,30000,-329,29671
2014/07/09,0,55000,-9000,46000
2014/07/10,0,26000,-2000,24000
2014/07/11,0,26000,-4000,22000
2014/07/14,0,24000,-34000,-10000
2014/07/15,0,0,-58000,-58000
2014/07/16,0,27202,-20000,7202
2014/07/17,0,6000,-17000,-11000
2014/07/18,0,0,-8000,-8000
2014/07/21,0,10000,-6000,4000
2014/07/22,0,6000,0,6000
2014/07/23,0,0,0,0
2014/07/24,0,40000,0,40000
2014/07/25,0,0,-1000,-1000
2014/07/28,0,7000,-15000,-8000
2014/07/29,0,14000,-20000,-6000
2014/07/30,0,28000,-7000,21000
2014/07/31,0,108000,-13000,95000
2014/08/01,0,5000,-74000,-69000
2014/08/04,0,0,-12000,-12000
2014/08/05,0,2000,-129000,-127000
2014/08/06,0,47000,-31000,16000
2014/08/07,0,0,-30000,-30000
2014/08/08,0,36000,-1000,35000
2014/08/11,0,61000,0,61000
2014/08/12,0,56000,-27000,29000
2014/08/13,0,832000,-3000,829000
2014/08/14,0,713000,-56000,657000
2014/08/15,0,20815000,-2000,20813000
2014/08/18,0,2500000,-59000,2441000
2014/08/19,0,2884000,0,2884000
2014/08/20,0,5317000,-33371,5283629
2014/08/21,0,188000,-5735000,-5547000
2014/08/22,0,0,-1933000,-1933000
2014/08/25,0,64000,-16240000,-16176000
2014/08/26,0,112000,-5841000,-5729000
2014/08/27,0,13000,-18000,-5000
2014/08/28,0,13000,-46000,-33000
2014/08/29,0,0,-29000,-29000
2014/09/01,0,0,-21800,-21800
2014/09/02,0,21000,-998,20002
2014/09/03,0,6000,0,6000
2014/09/04,0,15000,-20000,-5000
2014/09/05,0,51000,0,51000
2014/09/09,0,0,-47000,-47000
2014/09/10,0,27000,-5000,22000
2014/09/11,0,13000,0,13000
2014/09/12,0,80000,-1000,79000
2014/09/15,0,14000,0,14000
2014/09/16,0,55000,-5000,50000
2014/09/17,0,48000,-24000,24000
2014/09/18,0,40000,0,40000
2014/09/19,0,27000,-986,26014
2014/09/22,0,41000,-1000,40000
2014/09/23,0,132000,-6000,126000
2014/09/24,0,19000,0,19000
2014/09/25,0,82000,-5000,77000
2014/09/26,0,21000,-5596000,-5575000
2014/09/29,0,19000,-3750999,-3731999
2014/09/30,0,76000,-5245400,-5169400
2014/10/01,0,11000,-1000,10000
2014/10/02,0,18000,-1000,17000
2014/10/03,0,0,-26000,-26000
2014/10/06,0,0,-9000,-9000
2014/10/07,0,34000,-6008000,-5974000
2014/10/08,0,201000,-18000,183000
2014/10/09,0,85000,-59000,26000
2014/10/13,0,110000,-20000,90000
2014/10/14,0,91000,-112000,-21000
2014/10/15,0,144000,-18000,126000
2014/10/16,0,219000,-31000,188000
2014/10/17,0,80000,-3000,77000
2014/10/20,0,3000,-12000,-9000
2014/10/21,0,156000,-44000,112000
2014/10/22,0,43000,-59000,-16000
2014/10/23,0,118000,-52786,65214
2014/10/24,0,155000,-56000,99000
2014/10/27,0,47000,-39000,8000
2014/10/28,0,52000,0,52000
2014/10/29,0,47000,-6000,41000
2014/10/30,0,39000,-14500,24500
2014/10/31,0,93000,-10000,83000
2014/11/03,0,50000,-96000,-46000
2014/11/04,0,99000,-3000,96000
2014/11/05,0,103000,-10000,93000
2014/11/06,0,18000,-3685,14315
2014/11/07,0,60000,-40000,20000
2014/11/10,0,17000,-9000,8000
2014/11/11,0,96000,-34000,62000
2014/11/12,0,420000,-10000,410000
2014/11/13,0,95000,-363000,-268000
2014/11/14,0,113000,-25000,88000
2014/11/17,0,114000,-114000,0
2014/11/18,0,144000,-3000,141000
2014/11/19,0,26000,-87000,-61000
2014/11/20,0,15000,-10000,5000
2014/11/21,0,22000,-6000,16000
2014/11/24,0,54000,-9000,45000
2014/11/25,0,109000,-11000,98000
2014/11/26,0,127000,-67000,60000
2014/11/27,0,741000,-189000,552000
2014/11/28,0,387000,-542000,-155000
2014/12/01,0,384000,-385000,-1000
2014/12/02,0,235000,-370000,-135000
2014/12/03,0,356000,-315000,41000
2014/12/04,0,358000,-237000,121000
2014/12/05,0,129000,-323992,-194992
2014/12/08,0,119000,-337000,-218000
2014/12/09,0,82000,-122257,-40257
2014/12/10,0,238000,-225000,13000
2014/12/11,0,7000,-189000,-182000
2014/12/12,0,59000,-114000,-55000
2014/12/15,0,80000,-83000,-3000
2014/12/16,0,90000,-10000,80000
2014/12/17,0,112000,-194000,-82000
2014/12/18,0,137000,-32000,105000
2014/12/19,0,78000,-297000,-219000
2014/12/22,0,83000,-37000,46000
2014/12/23,0,34000,-43000,-9000
2014/12/24,0,20000,-39000,-19000
2014/12/25,0,35000,-19000,16000
2014/12/26,0,328000,-69000,259000
2014/12/29,0,31000,-155000,-124000
2014/12/30,0,13000,-49000,-36000
2014/12/31,0,18000,-23000,-5000
2015/01/01,0,0,0,0
2015/01/02,0,0,0,0
2015/01/05,0,82000,-66000,16000
2015/01/06,0,2000,-6000,-4000
2015/01/07,0,134000,-44000,90000
2015/01/08,0,188000,-162000,26000
2015/01/09,0,23000,-128000,-105000
2015/01/12,0,947000,-29000,918000
2015/01/13,0,34000,-373000,-339000
2015/01/14,0,165000,-207000,-42000
2015/01/15,0,163000,-128000,35000
2015/01/16,0,55000,-204000,-149000
2015/01/19,0,14000,-44000,-30000
2015/01/20,0,23000,-60000,-37000
2015/01/21,0,30000,-41000,-11000
2015/01/22,0,338000,-96000,242000
2015/01/23,0,16000,-406000,-390000
2015/01/26,0,44000,-22000,22000
2015/01/27,0,92000,-25000,67000
2015/01/28,0,65000,-55000,10000
2015/01/29,0,38000,-12000,26000
2015/01/30,0,55000,-41000,14000
2015/02/02,0,287000,-26000,261000
2015/02/03,0,22000,-95000,-73000
2015/02/04,0,16000,-95000,-79000
2015/02/05,0,11000,-36000,-25000
2015/02/06,0,20000,-52000,-32000
2015/02/09,0,47000,-26000,21000
2015/02/10,0,7000,-89000,-82000
2015/02/11,0,62000,-84000,-22000
2015/02/12,0,6000,-534000,-528000
2015/02/13,0,630000,-465000,165000
2015/02/16,0,0,0,0
2015/02/17,0,0,0,0
2015/02/18,0,0,0,0
2015/02/19,0,0,0,0
2015/02/20,0,0,0,0
2015/02/23,0,0,0,0
2015/02/24,0,120000,-175000,-55000
2015/02/25,0,197000,-84000,113000
2015/02/26,0,117000,-97000,20000
2015/02/27,0,0,0,0
2015/03/02,0,36000,-72000,-36000
2015/03/03,0,38000,-170000,-132000
2015/03/04,0,48000,-77000,-29000
2015/03/05,0,48000,-80033,-32033
2015/03/06,0,65000,-77000,-12000
2015/03/09,0,22000,-39494,-17494
2015/03/10,0,104000,-103000,1000
2015/03/11,0,64000,-112000,-48000
2015/03/12,0,26000,-36000,-10000
2015/03/13,0,261000,-23000,238000
2015/03/16,0,93000,-40000,53000
2015/03/17,0,1075000,-98251,976749
2015/03/18,0,695000,-258000,437000
2015/03/19,0,771000,-913000,-142000
2015/03/20,0,364000,-535000,-171000
2015/03/23,0,66000,-748459,-682459
2015/03/24,0,177000,-375000,-198000
2015/03/25,0,40000,-401000,-361000
2015/03/26,0,37000,-166000,-129000
2015/03/27,0,23000,-226000,-203000
2015/03/30,0,271000,-29000,242000
2015/03/31,0,385000,-475000,-90000
2015/04/01,0,3000,-471000,-468000
2015/04/02,0,150000,-163000,-13000
2015/04/03,0,0,0,0
2015/04/06,0,0,0,0
2015/04/07,0,247000,-91000,156000
2015/04/08,0,300000,-400000,-100000
2015/04/09,0,90000,-97000,-7000
2015/04/10,0,109000,-46000,63000
2015/04/13,0,218000,-59000,159000
2015/04/14,0,32000,-195000,-163000
2015/04/15,0,0,-41000,-41000
2015/04/16,0,70000,-397000,-327000
2015/04/17,0,21000,-124000,-103000
2015/04/20,0,36000,-90000,-54000
2015/04/21,0,70000,-54000,16000
2015/04/22,0,52000,-95260,-43260
2015/04/23,0,105000,-46000,59000
2015/04/24,0,103000,-86000,17000
2015/04/27,0,74000,-33000,41000
2015/04/28,0,158000,-26000,132000
2015/04/29,0,89000,-37000,52000
2015/04/30,0,72000,-30000,42000
2015/05/01,0,0,0,0
2015/05/04,0,34000,-22000,12000
2015/05/05,0,8000,-30000,-22000
2015/05/06,0,35000,-34000,1000
2015/05/07,0,4000,-28000,-24000
2015/05/08,0,3000,-65000,-62000
2015/05/11,0,22000,-30000,-8000
2015/05/12,0,28000,-20000,8000
2015/05/13,0,0,-14000,-14000
2015/05/14,0,3000,-105000,-102000
2015/05/15,0,93000,-125000,-32000
2015/05/18,0,167000,-32000,135000
2015/05/19,0,72000,-4000,68000
2015/05/20,0,50000,-116000,-66000
2015/05/21,0,12000,-82000,-70000
2015/05/22,0,2000,-3000,-1000
2015/05/25,0,3000,-16000,-13000
2015/05/26,0,9000,-5825,3175
2015/05/27,0,1000,-60000,-59000
2015/05/28,0,31000,-4000,27000
2015/05/29,0,4000,-5000,-1000
2015/06/01,0,48000,-13000,35000
2015/06/02,0,50000,-35000,15000
2015/06/03,0,1000,-58000,-57000
2015/06/04,0,0,-61000,-61000
2015/06/05,0,4000,-4000,0
2015/06/08,0,168000,-28000,140000
2015/06/09,0,0,-101000,-101000
2015/06/10,0,0,-3000,-3000
2015/06/11,0,33000,-33860,-860
2015/06/12,0,8000,-14000,-6000
2015/06/15,0,26000,-52000,-26000
2015/06/16,0,29000,-44000,-15000
2015/06/17,0,97000,-170000,-73000
2015/06/18,0,85000,-60000,25000
2015/06/19,0,0,0,0
2015/06/22,0,38000,-32000,6000
2015/06/23,0,6000,-60000,-54000
2015/06/24,0,75000,-66000,9000
2015/06/25,0,27000,-36000,-9000
2015/06/26,0,10000,-1000,9000
2015/06/29,0,0,-20000,-20000
2015/06/30,0,13000,-17248,-4248
2015/07/01,0,35000,-17000,18000
2015/07/02,0,105000,-33000,72000
2015/07/03,0,15000,-30000,-15000
2015/07/06,0,22000,-34000,-12000
2015/07/07,0,9000,-78000,-69000
2015/07/08,0,17000,-67000,-50000
2015/07/09,0,52000,-26000,26000
2015/07/10,0,0,0,0
2015/07/13,0,4000,-42000,-38000
2015/07/14,0,12000,-21000,-9000
2015/07/15,0,9000,-2000,7000
2015/07/16,0,0,-9000,-9000
2015/07/17,0,4000,0,4000
2015/07/20,0,4000,-19000,-15000
2015/07/21,0,0,-22000,-22000
2015/07/22,0,6000,-1000,5000
2015/07/23,0,5000,-59000,-54000
2015/07/24,0,0,-1000,-1000
2015/07/27,0,14000,-23000,-9000
2015/07/28,0,111000,-32000,79000
2015/07/29,0,0,-24000,-24000
2015/07/30,0,8000,-12000,-4000
2015/07/31,0,5000,-36000,-31000
2015/08/03,0,0,-51000,-51000
2015/08/04,0,51000,-6000,45000
2015/08/05,0,22000,-2000,20000
2015/08/06,0,0,-3000,-3000
2015/08/07,0,0,-4000,-4000
2015/08/10,0,37000,-33000,4000
2015/08/11,0,60000,-109000,-49000
2015/08/12,0,42000,-50000,-8000
2015/08/13,0,32000,-45000,-13000
2015/08/14,0,107000,-69000,38000
2015/08/17,0,12000,-31000,-19000
2015/08/18,0,12000,-102000,-90000
2015/08/19,0,205000,-47000,158000
2015/08/20,0,23000,-87000,-64000
2015/08/21,0,11000,-98000,-87000
2015/08/24,0,89000,-162000,-73000
2015/08/25,0,10000,-25000,-15000
2015/08/26,0,20000,-14000,6000
2015/08/27,0,2000,-5678,-3678
2015/08/28,0,0,-12000,-12000
2015/08/31,0,0,-87000,-87000
2015/09/01,0,0,-19000,-19000
2015/09/02,0,0,-3000,-3000
2015/09/03,0,0,-5000,-5000
2015/09/04,0,66000,-55000,11000
2015/09/07,0,8000,-18000,-10000
2015/09/08,0,33000,-8000,25000
2015/09/09,0,6000,-3000,3000
2015/09/10,0,13000,-5000,8000
2015/09/11,0,10000,0,10000
2015/09/14,0,16000,-2000,14000
2015/09/15,0,120000,0,120000
2015/09/16,0,3000,0,3000
2015/09/17,0,38000,-9000,29000
2015/09/18,0,688000,-14447,673553
2015/09/21,0,124000,-69000,55000
2015/09/22,0,226000,-131000,95000
2015/09/23,0,0,-157000,-157000
2015/09/24,0,0,-20000,-20000
2015/09/25,0,21000,-93000,-72000
2015/09/28,0,0,0,0
2015/09/29,0,0,0,0
2015/09/30,0,10000,-10994,-994
2015/10/01,0,19000,-28000,-9000
2015/10/02,0,0,-10000,-10000
2015/10/05,0,40000,-42000,-2000
2015/10/06,0,35000,-40000,-5000
2015/10/07,0,5000,-15000,-10000
2015/10/08,0,2000,-105000,-103000
2015/10/09,0,0,0,0
2015/10/12,0,15000,-56000,-41000
2015/10/13,0,137000,-27000,110000
2015/10/14,0,219000,-109000,110000
2015/10/15,0,6000,-200000,-194000
2015/10/16,0,16000,-25000,-9000
2015/10/19,0,15000,-20000,-5000
2015/10/20,0,5000,-17000,-12000
2015/10/21,0,298000,-5000,293000
2015/10/22,0,1000,-117000,-116000
2015/10/23,0,8000,-3000,5000
2015/10/26,0,25000,-112800,-87800
2015/10/27,0,0,-65300,-65300
2015/10/28,0,0,-36500,-36500
2015/10/29,0,11000,-28500,-17500
2015/10/30,0,26000,-28000,-2000
2015/11/02,0,8000,-21000,-13000
2015/11/03,0,7000,-23000,-16000
2015/11/04,0,20300,-12000,8300
2015/11/05,0,16000,0,16000
2015/11/06,0,6000,-42000,-36000
2015/11/09,0,33000,-63873,-30873
2015/11/10,0,82000,-23000,59000
2015/11/11,0,71000,-71000,0
2015/11/12,0,45000,-52000,-7000
2015/11/13,0,3000,-67000,-64000
2015/11/16,0,24000,-17000,7000
2015/11/17,0,12000,-2000,10000
2015/11/18,0,191000,-44616,146384
2015/11/19,0,7000,-87000,-80000
2015/11/20,0,6000,-69000,-63000
2015/11/23,0,0,-7000,-7000
2015/11/24,0,30000,-52000,-22000
2015/11/25,0,67000,-92000,-25000
2015/11/26,0,74000,-106000,-32000
2015/11/27,0,13000,-39000,-26000
2015/11/30,0,0,-2000,-2000
2015/12/01,0,49000,-21000,28000
2015/12/02,0,17000,-49000,-32000
2015/12/03,0,36000,-7000,29000
2015/12/04,0,409000,-21000,388000
2015/12/07,0,106000,-19000,87000
2015/12/08,0,104000,-26000,78000
2015/12/09,0,54000,-52000,2000
2015/12/10,0,68000,-36000,32000
2015/12/11,0,67000,-174000,-107000
2015/12/14,0,44000,-80000,-36000
2015/12/15,0,28000,-33294,-5294
2015/12/16,0,433000,-107000,326000
2015/12/17,0,6000,-87000,-81000
2015/12/18,0,28000,-35000,-7000
2015/12/21,0,23000,-7000,16000
2015/12/22,0,91000,-14000,77000
2015/12/23,0,17000,-4000,13000
2015/12/24,0,110000,-156000,-46000
2015/12/25,0,68000,-36000,32000
2015/12/28,0,10000,-31000,-21000
2015/12/29,0,13000,-13000,0
2015/12/30,0,816000,-111000,705000
2015/12/31,0,40000,-199000,-159000
2016/01/01,0,0,0,0
2016/01/04,0,94000,-252000,-158000
2016/01/05,0,167000,-83000,84000
2016/01/06,0,259000,-61000,198000
2016/01/07,0,131000,-224000,-93000
2016/01/08,0,234000,-78000,156000
2016/01/11,0,83000,-290000,-207000
2016/01/12,0,15000,-444000,-429000
2016/01/13,0,31000,-103000,-72000
2016/01/14,0,11000,-195000,-184000
2016/01/15,0,35000,-6000,29000
2016/01/18,0,105000,-40000,65000
2016/01/19,0,5000,-2000,3000
2016/01/20,0,363000,-235000,128000
2016/01/21,0,315000,-235000,80000
2016/01/22,0,62000,-108000,-46000
2016/01/25,0,102000,-7000,95000
2016/01/26,0,56000,-44000,12000
2016/01/27,0,68000,-71000,-3000
2016/01/28,0,35000,-36000,-1000
2016/01/29,0,126000,-67000,59000
2016/02/01,0,114000,-75000,39000
2016/02/02,0,27000,-66000,-39000
2016/02/03,0,58000,-330000,-272000
2016/02/04,0,0,0,0
2016/02/05,0,0,0,0
2016/02/08,0,0,0,0
2016/02/09,0,0,0,0
2016/02/10,0,0,0,0
2016/02/11,0,0,0,0
2016/02/12,0,0,0,0
2016/02/15,0,153000,-20000,133000
2016/02/16,0,94000,-206000,-112000
2016/02/17,0,181000,-69000,112000
2016/02/18,0,38000,-41000,-3000
2016/02/19,0,136000,-69000,67000
2016/02/22,0,33000,-65000,-32000
2016/02/23,0,45000,-76000,-31000
2016/02/24,0,107000,-69000,38000
2016/02/25,0,41000,-93000,-52000
2016/02/26,0,95000,-38000,57000
2016/02/29,0,0,0,0
2016/03/01,0,413000,-47000,366000
2016/03/02,0,186000,-384000,-198000
2016/03/03,0,1746000,-344000,1402000
2016/03/04,0,698000,-1101000,-403000
2016/03/07,0,832000,-335000,497000
2016/03/08,0,139000,-626000,-487000
2016/03/09,0,534000,-173000,361000
2016/03/10,0,199000,-227000,-28000
2016/03/11,0,330000,-195000,135000
2016/03/14,0,84000,-255000,-171000
2016/03/15,0,226000,-683000,-457000
2016/03/16,0,1139000,-312000,827000
2016/03/17,0,145000,-640000,-495000
2016/03/18,0,1611000,-334000,1277000
2016/03/21,0,337000,-440000,-103000
2016/03/22,0,367000,-185000,182000
2016/03/23,0,3591000,-236000,3355000
2016/03/24,0,248000,-1448000,-1200000
2016/03/25,0,572000,-862000,-290000
2016/03/28,0,445000,-2606000,-2161000
2016/03/29,0,263000,-1172000,-909000
2016/03/30,0,141000,-372000,-231000
2016/03/31,0,195000,-189325,5675
2016/04/01,0,623000,-241000,382000
2016/04/04,0,0,0,0
2016/04/05,0,0,0,0
2016/04/06,0,218000,-578000,-360000
2016/04/07,0,147000,-448000,-301000
2016/04/08,0,89000,-305000,-216000
2016/04/11,0,204000,-178000,26000
2016/04/12,0,30000,-203000,-173000
2016/04/13,0,374000,-48300,325700
2016/04/14,0,391000,-95000,296000
2016/04/15,0,116000,-283000,-167000
2016/04/18,0,89000,-44000,45000
2016/04/19,0,688000,-155000,533000
2016/04/20,0,314000,-725000,-411000
2016/04/21,0,160000,-120000,40000
2016/04/22,0,347000,-179000,168000
2016/04/25,0,39000,-159000,-120000
2016/04/26,0,30000,-77000,-47000
2016/04/27,0,90000,-72000,18000
2016/04/28,0,115000,-70000,45000
2016/04/29,0,208000,-128000,80000
2016/05/02,0,0,0,0
2016/05/03,0,277000,-267000,10000
2016/05/04,0,470000,-90000,380000
2016/05/05,0,301000,-148000,153000
2016/05/06,0,331000,-85000,246000
2016/05/09,0,200000,-557000,-357000
2016/05/10,0,293000,-120000,173000
2016/05/11,0,141000,-112000,29000
2016/05/12,0,148000,-131000,17000
2016/05/13,0,480000,-16000,464000
2016/05/16,0,182000,-76000,106000
2016/05/17,0,112000,-20000,92000
2016/05/18,0,435000,-52000,383000
2016/05/19,0,52000,-31000,21000
2016/05/20,0,54000,-12000,42000
2016/05/23,0,402000,-221000,181000
2016/05/24,0,56000,-178000,-122000
2016/05/25,0,135000,-41000,94000
2016/05/26,0,32000,-12000,20000
2016/05/27,0,243000,-61000,182000
2016/05/30,0,246000,-162000,84000
2016/05/31,0,84000,-104000,-20000
2016/06/01,0,374000,-203000,171000
2016/06/02,0,2542000,-772000,1770000
2016/06/03,0,107000,-1415000,-1308000
2016/06/06,0,31000,-319000,-288000
2016/06/07,0,58000,-528000,-470000
2016/06/08,0,84000,-331000,-247000
2016/06/09,0,0,0,0
2016/06/10,0,0,0,0
2016/06/13,0,37000,-225000,-188000
2016/06/14,0,61000,-117000,-56000
2016/06/15,0,156000,-89000,67000
2016/06/16,0,33000,-154000,-121000
2016/06/17,0,45000,-297000,-252000
2016/06/20,0,188000,-112000,76000
2016/06/21,0,406000,-217000,189000
2016/06/22,0,32000,-266000,-234000
2016/06/23,0,40000,-77000,-37000
2016/06/24,0,73000,-357000,-284000
2016/06/27,0,120000,-54000,66000
2016/06/28,0,212000,-185000,27000
2016/06/29,0,1258000,-203000,1055000
2016/06/30,0,342000,-622000,-280000
2016/07/01,0,66000,-677000,-611000
2016/07/04,0,388000,-301000,87000
2016/07/05,0,123000,-424000,-301000
2016/07/06,0,224000,-196000,28000
2016/07/07,0,242000,-266000,-24000
2016/07/08,0,0,0,0
2016/07/11,0,1387000,-459000,928000
2016/07/12,0,4529000,-369000,4160000
2016/07/13,0,18000,-5245000,-5227000
2016/07/14,0,76000,-359000,-283000
2016/07/15,0,12000,-361000,-349000
2016/07/18,0,0,-607000,-607000
2016/07/19,0,20000,-173000,-153000
2016/07/20,0,145000,-509000,-364000
2016/07/21,0,65000,-284000,-219000
2016/07/22,0,54000,-162000,-108000
2016/07/25,0,110000,-204000,-94000
2016/07/26,0,356000,-177000,179000
2016/07/27,0,47000,-330000,-283000
2016/07/28,0,25000,-89000,-64000
2016/07/29,0,0,-45000,-45000
2016/08/01,0,45000,-122000,-77000
2016/08/02,0,568000,-204000,364000
2016/08/03,0,48000,-920000,-872000
2016/08/04,0,48000,-108000,-60000
2016/08/05,0,50000,-88000,-38000
2016/08/08,0,71000,-55000,16000
2016/08/09,0,26000,-42000,-16000
2016/08/10,0,632000,-48000,584000
2016/08/11,0,429000,-605000,-176000
2016/08/12,0,126000,-242000,-116000
2016/08/15,0,117000,-124000,-7000
2016/08/16,0,40000,-352000,-312000
2016/08/17,0,176000,-131000,45000
2016/08/18,0,3000,-120000,-117000
2016/08/19,0,34000,-114000,-80000
2016/08/22,0,52000,-81000,-29000
2016/08/23,0,47000,-41000,6000
2016/08/24,0,105000,-59000,46000
2016/08/25,0,156000,-90000,66000
2016/08/26,0,41000,-128000,-87000
2016/08/29,0,22000,-81000,-59000
2016/08/30,0,69000,-96000,-27000
2016/08/31,0,83000,-80000,3000
2016/09/01,0,65000,-61353,3647
2016/09/02,0,47000,-24000,23000
2016/09/05,0,76000,-59000,17000
2016/09/06,0,291000,-105000,186000
2016/09/07,0,100000,-323000,-223000
2016/09/08,0,3000,-137000,-134000
2016/09/09,0,38000,-22000,16000
2016/09/12,0,16000,-115000,-99000
2016/09/13,0,150000,-100000,50000
2016/09/14,0,12000,-111000,-99000
2016/09/15,0,0,0,0
2016/09/16,0,0,0,0
2016/09/19,0,45000,-71000,-26000
2016/09/20,0,25000,-56000,-31000
2016/09/21,0,95000,-54000,41000
2016/09/22,0,14000,-95000,-81000
2016/09/23,0,32000,-28000,4000
2016/09/26,0,1000,-6000,-5000
2016/09/27,0,0,0,0
2016/09/28,0,0,0,0
2016/09/29,0,80000,-29000,51000
2016/09/30,0,29000,-58000,-29000
2016/10/03,0,22000,-24000,-2000
2016/10/04,0,7000,-13000,-6000
2016/10/05,0,76000,-9000,67000
2016/10/06,0,23000,-76000,-53000
2016/10/07,0,145000,-12000,133000
2016/10/10,0,0,0,0
2016/10/11,0,142000,-88000,54000
2016/10/12,0,146000,-19000,127000
2016/10/13,0,112000,-15000,97000
2016/10/14,0,123000,-24000,99000
2016/10/17,0,51000,-33000,18000
2016/10/18,0,133000,-27000,106000
2016/10/19,0,111000,-97000,14000
2016/10/20,0,71000,-68000,3000
2016/10/21,0,125000,-75000,50000
2016/10/24,0,48000,-14000,34000
2016/10/25,0,60000,-2000,58000
2016/10/26,0,220000,-4000,216000
2016/10/27,0,92000,-27000,65000
2016/10/28,0,19000,-54000,-35000
2016/10/31,0,32000,-28000,4000
2016/11/01,0,59000,-101000,-42000
2016/11/02,0,201000,-169000,32000
2016/11/03,0,185000,-98000,87000
2016/11/04,0,139000,-34000,105000
2016/11/07,0,34000,-89000,-55000
2016/11/08,0,24000,-39000,-15000
2016/11/09,0,495000,-85000,410000
2016/11/10,0,60000,-10000,50000
2016/11/11,0,390000,-5000,385000
2016/11/14,0,250000,-50000,200000
2016/11/15,0,290000,-111000,179000
2016/11/16,0,308000,-181000,127000
2016/11/17,0,109000,-260000,-151000
2016/11/18,0,49000,-5000,44000
2016/11/21,0,45000,-10000,35000
2016/11/22,0,155000,-24000,131000
2016/11/23,0,16000,-58000,-42000
2016/11/24,0,14000,-4000,10000
2016/11/25,0,104000,-14000,90000
2016/11/28,0,80000,-70214,9786
2016/11/29,0,104000,-64000,40000
2016/11/30,0,138000,-127000,11000
2016/12/01,0,42000,-90000,-48000
2016/12/02,0,49000,-42000,7000
2016/12/05,0,46000,-50100,-4100
2016/12/06,0,17000,-18000,-1000
2016/12/07,0,3000,-2000,1000
2016/12/08,0,157000,-24000,133000
2016/12/09,0,3000,-131000,-128000
2016/12/12,0,61000,-41000,20000
2016/12/13,0,102000,-12000,90000
2016/12/14,0,15000,-56000,-41000
2016/12/15,0,24000,-35000,-11000
2016/12/16,0,42000,-50000,-8000
2016/12/19,0,65000,-14000,51000
2016/12/20,0,64000,-39000,25000
2016/12/21,0,52000,-42000,10000
2016/12/22,0,110000,-15000,95000
2016/12/23,0,129000,-52000,77000
2016/12/26,0,74000,-12000,62000
2016/12/27,0,35000,-39000,-4000
2016/12/28,0,78000,-2000,76000
2016/12/29,0,25000,-9000,16000
2016/12/30,0,5000,-16000,-11000
2017/01/02,0,0,0,0
2017/01/03,0,0,-13000,-13000
2017/01/04,0,10000,-14000,-4000
2017/01/05,0,4000,-16000,-12000
2017/01/06,0,14000,-39000,-25000
2017/01/09,0,0,-8000,-8000
2017/01/10,0,9000,-43000,-34000
2017/01/11,0,7000,-53000,-46000
2017/01/12,0,249000,-59000,190000
2017/01/13,0,5000,-188000,-183000
2017/01/16,0,2000,-5000,-3000
2017/01/17,0,0,-9000,-9000
2017/01/18,0,42000,-20000,22000
2017/01/19,0,22000,-23000,-1000
2017/01/20,0,5000,-8000,-3000
2017/01/23,0,44000,-39000,5000
2017/01/24,0,0,-19000,-19000
2017/01/25,0,0,0,0
2017/01/26,0,0,0,0
2017/01/27,0,0,0,0
2017/01/30,0,0,0,0
2017/01/31,0,0,0,0
2017/02/01,0,0,0,0
2017/02/02,0,18000,-8000,10000
2017/02/03,0,24000,-68000,-44000
2017/02/06,0,1457000,-74000,1383000
2017/02/07,0,53000,-606000,-553000
2017/02/08,0,46000,-133000,-87000
2017/02/09,0,0,-249000,-249000
2017/02/10,0,5000,-140000,-135000
2017/02/13,0,0,-46000,-46000
2017/02/14,0,27000,-129000,-102000
2017/02/15,0,235000,-81000,154000
2017/02/16,0,71000,-450000,-379000
2017/02/17,0,44000,-85000,-41000
2017/02/20,0,33000,-4000,29000
2017/02/21,0,215000,-61000,154000
2017/02/22,0,69000,-192000,-123000
2017/02/23,0,84000,-78000,6000
2017/02/24,0,60000,-142000,-82000
2017/02/27,0,0,0,0
2017/02/28,0,0,0,0
2017/03/01,0,407000,-195000,212000
2017/03/02,0,187000,-386000,-199000
2017/03/03,0,121000,-125000,-4000
2017/03/06,0,92000,-93000,-1000
2017/03/07,0,268000,-82000,186000
2017/03/08,0,101000,-155000,-54000
2017/03/09,0,107000,-96000,11000
2017/03/10,0,158000,-78000,80000
2017/03/13,0,38000,-122000,-84000
2017/03/14,0,173000,-102000,71000
2017/03/15,0,63000,-140000,-77000
2017/03/16,0,155000,-94000,61000
2017/03/17,0,205000,-81000,124000
2017/03/20,0,211000,-185000,26000
2017/03/21,0,151000,-263000,-112000
2017/03/22,0,485000,-139000,346000
2017/03/23,0,428000,-233000,195000
2017/03/24,0,226000,-321000,-95000
2017/03/27,0,50000,-662000,-612000
2017/03/28,0,179000,-190000,-11000
2017/03/29,0,244000,-110000,134000
2017/03/30,0,12000,-58000,-46000
2017/03/31,0,53000,-25000,28000
2017/04/03,0,0,0,0
2017/04/04,0,0,0,0
2017/04/05,0,62000,-35000,27000
2017/04/06,0,55000,-110000,-55000
2017/04/07,0,11000,-83000,-72000
2017/04/10,0,30000,-9000,21000
2017/04/11,0,51000,-62000,-11000
2017/04/12,0,60000,-60000,0
2017/04/13,0,34000,-45000,-11000
2017/04/14,0,129000,-97000,32000
2017/04/17,0,238000,-1000,237000
2017/04/18,0,66000,-34000,32000
2017/04/19,0,137000,-56000,81000
2017/04/20,0,109000,-35000,74000
2017/04/21,0,58000,-62000,-4000
2017/04/24,0,19000,-31000,-12000
2017/04/25,0,126000,-15000,111000
2017/04/26,0,21000,-136000,-115000
2017/04/27,0,34000,-10000,24000
2017/04/28,0,14000,-54000,-40000
2017/05/01,0,0,0,0
2017/05/02,0,0,-115000,-115000
2017/05/03,0,5000,-6000,-1000
2017/05/04,0,0,-71000,-71000
2017/05/05,0,0,-56000,-56000
2017/05/08,0,2000,-26000,-24000
2017/05/09,0,13000,-15210,-2210
2017/05/10,0,0,-32000,-32000
2017/05/11,0,0,0,0
2017/05/12,0,0,-22000,-22000
2017/05/15,0,0,-4000,-4000
2017/05/16,0,17000,-22000,-5000
2017/05/17,0,56000,-16000,40000
2017/05/18,0,0,-8000,-8000
2017/05/19,0,2000,-176000,-174000
2017/05/22,0,66000,-77000,-11000
2017/05/23,0,0,-18000,-18000
2017/05/24,0,0,-34000,-34000
2017/05/25,0,9000,-111000,-102000
2017/05/26,0,10000,-93000,-83000
2017/05/29,0,0,0,0
2017/05/30,0,0,0,0
2017/05/31,0,12000,-285000,-273000
2017/06/01,0,0,-34000,-34000
2017/06/02,0,1000,-3000,-2000
2017/06/05,0,139000,-54000,85000
2017/06/06,0,74000,-92589,-18589
2017/06/07,0,34000,-57000,-23000
2017/06/08,0,3000,-181000,-178000
2017/06/09,0,7000,-72000,-65000
2017/06/12,0,7000,-126000,-119000
2017/06/13,0,11000,-49000,-38000
2017/06/14,0,34000,-74000,-40000
2017/06/15,0,6000,-37000,-31000
2017/06/16,0,21000,-28000,-7000
2017/06/19,0,18000,-148000,-130000
2017/06/20,0,92000,-33000,59000
2017/06/21,0,464000,-132000,332000
2017/06/22,0,0,-72000,-72000
2017/06/23,0,4000,-44000,-40000
2017/06/26,0,76000,-127000,-51000
2017/06/27,0,95000,-105000,-10000
2017/06/28,0,105000,-76000,29000
2017/06/29,0,0,-52000,-52000
2017/06/30,0,0,-12000,-12000
2017/07/03,0,17000,-103000,-86000
2017/07/04,0,204000,-110000,94000
2017/07/05,0,237000,-146000,91000
2017/07/06,0,24000,-63000,-39000
2017/07/07,0,24000,-49000,-25000
2017/07/10,0,9000,-24000,-15000
2017/07/11,0,35000,-2000,33000
2017/07/12,0,30000,-102000,-72000
2017/07/13,0,20000,-85000,-65000
2017/07/14,0,0,-36000,-36000
2017/07/17,0,0,-79000,-79000
2017/07/18,0,1000,-51000,-50000
2017/07/19,0,216000,-34000,182000
2017/07/20,0,0,-16000,-16000
2017/07/21,0,29000,-9000,20000
2017/07/24,0,0,-15000,-15000
2017/07/25,0,7000,-35000,-28000
2017/07/26,0,0,-194000,-194000
2017/07/27,0,2000,-62000,-60000
2017/07/28,0,1000,-28000,-27000
2017/07/31,0,16000,-7000,9000
2017/08/01,0,0,-79000,-79000
2017/08/02,0,0,-157000,-157000
2017/08/03,0,0,-90000,-90000
2017/08/04,0,9000,-99000,-90000
2017/08/07,0,0,-209000,-209000
2017/08/08,0,0,-152000,-152000
2017/08/09,0,16000,-120000,-104000
2017/08/10,0,165000,-129000,36000
2017/08/11,0,77000,-60000,17000
2017/08/14,0,93000,-272000,-179000
2017/08/15,0,31000,-169000,-138000
2017/08/16,0,517000,-283000,234000
2017/08/17,0,0,-438000,-438000
2017/08/18,0,47000,-186000,-139000
