Date,Open,Buy,Sell,Total
2007/01/02,0,39000,-83000,-44000
2007/01/03,0,25000,-47000,-22000
2007/01/04,0,349000,-3000,346000
2007/01/05,0,400000,-151000,249000
2007/01/08,0,125000,-141647,-16647
2007/01/09,0,1000,-129000,-128000
2007/01/10,0,217000,-105000,112000
2007/01/11,0,39000,-26000,13000
2007/01/12,0,375000,-8000,367000
2007/01/15,0,0,-12000,-12000
2007/01/16,0,0,-2000,-2000
2007/01/17,0,5000,-134000,-129000
2007/01/18,0,60000,-17000,43000
2007/01/19,0,24000,-52000,-28000
2007/01/22,0,45000,-5000,40000
2007/01/23,0,400000,-4000,396000
2007/01/24,0,51000,-722000,-671000
2007/01/25,0,65000,-1131000,-1066000
2007/01/26,0,25000,-1036000,-1011000
2007/01/29,0,3000,0,3000
2007/01/30,0,31000,-236675,-205675
2007/01/31,0,18000,-25000,-7000
2007/02/01,0,81000,0,81000
2007/02/02,0,29000,0,29000
2007/02/05,0,1160000,-5000,1155000
2007/02/06,0,1025000,-523000,502000
2007/02/07,0,0,-2000,-2000
2007/02/08,0,0,-13000,-13000
2007/02/09,0,442000,-500000,-58000
2007/02/12,0,0,-34000,-34000
2007/02/13,0,239000,-510000,-271000
2007/02/14,0,101000,-120000,-19000
2007/02/15,0,0,0,0
2007/02/16,0,0,0,0
2007/02/19,0,0,0,0
2007/02/20,0,0,0,0
2007/02/21,0,0,0,0
2007/02/22,0,0,0,0
2007/02/23,0,0,0,0
2007/02/26,0,19000,-96000,-77000
2007/02/27,0,497000,0,497000
2007/02/28,0,0,0,0
2007/03/01,0,241000,-2210000,-1969000
2007/03/02,0,0,-47000,-47000
2007/03/05,0,35000,-489000,-454000
2007/03/06,0,18000,-29000,-11000
2007/03/07,0,0,-52433,-52433
2007/03/08,0,123000,-12000,111000
2007/03/09,0,0,0,0
2007/03/12,0,122000,-8000,114000
2007/03/13,0,102000,-6000,96000
2007/03/14,0,134000,-505000,-371000
2007/03/15,0,27000,-127000,-100000
2007/03/16,0,22000,-2000,20000
2007/03/19,0,330000,-2000,328000
2007/03/20,0,36000,-38000,-2000
2007/03/21,0,0,-29000,-29000
2007/03/22,0,207000,0,207000
2007/03/23,0,22000,-15000,7000
2007/03/26,0,1000,0,1000
2007/03/27,0,0,-103000,-103000
2007/03/28,0,0,-8000,-8000
2007/03/29,0,1462000,-4000,1458000
2007/03/30,0,140000,-3000,137000
2007/04/02,0,22000,-18000,4000
2007/04/03,0,400000,-19000,381000
2007/04/04,0,307000,-2000,305000
2007/04/05,0,0,0,0
2007/04/06,0,0,0,0
2007/04/09,0,15000,0,15000
2007/04/10,0,22000,-7000,15000
2007/04/11,0,7000,-411000,-404000
2007/04/12,0,0,-215000,-215000
2007/04/13,0,205000,-792000,-587000
2007/04/16,0,0,-2000,-2000
2007/04/17,0,5000,-322000,-317000
2007/04/18,0,26000,-9000,17000
2007/04/19,0,5000,-215000,-210000
2007/04/20,0,7000,-9000,-2000
2007/04/23,0,78000,-622000,-544000
2007/04/24,0,77000,-5000,72000
2007/04/25,0,3000,-35000,-32000
2007/04/26,0,0,-223000,-223000
2007/04/27,0,0,-50000,-50000
2007/04/30,0,18000,-500000,-482000
2007/05/01,0,0,0,0
2007/05/02,0,0,-212000,-212000
2007/05/03,0,3000,0,3000
2007/05/04,0,174000,0,174000
2007/05/07,0,0,-53000,-53000
2007/05/08,0,292000,0,292000
2007/05/09,0,169000,-20000,149000
2007/05/10,0,70000,-40000,30000
2007/05/11,0,71000,0,71000
2007/05/14,0,72000,0,72000
2007/05/15,0,0,-8000,-8000
2007/05/16,0,31000,-303000,-272000
2007/05/17,0,27000,-17000,10000
2007/05/18,0,28000,-11000,17000
2007/05/21,0,37000,-143000,-106000
2007/05/22,0,14000,-6000,8000
2007/05/23,0,2000,-7000,-5000
2007/05/24,0,0,-11000,-11000
2007/05/25,0,7000,-112000,-105000
2007/05/28,0,0,-1000,-1000
2007/05/29,0,39000,0,39000
2007/05/30,0,16000,-13000,3000
2007/05/31,0,8000,0,8000
2007/06/01,0,1000,0,1000
2007/06/04,0,2000,-25000,-23000
2007/06/05,0,1246000,-22000,1224000
2007/06/06,0,927000,-110000,817000
2007/06/07,0,624000,-8000,616000
2007/06/08,0,881000,-8000,873000
2007/06/11,0,0,0,0
2007/06/12,0,15000,0,15000
2007/06/13,0,28000,-8000,20000
2007/06/14,0,1000,-58000,-57000
2007/06/15,0,18000,-1000,17000
2007/06/18,0,0,0,0
2007/06/19,0,0,0,0
2007/06/20,0,117000,-24000,93000
2007/06/21,0,254000,-139000,115000
2007/06/22,0,109000,-17000,92000
2007/06/25,0,310000,-31000,279000
2007/06/26,0,75000,-1000,74000
2007/06/27,0,6000,-3000,3000
2007/06/28,0,40000,-2000,38000
2007/06/29,0,1000,0,1000
2007/07/02,0,66000,-5000,61000
2007/07/03,0,88000,-15000,73000
2007/07/04,0,243000,-6000,237000
2007/07/05,0,21000,-8000,13000
2007/07/06,0,1234000,0,1234000
2007/07/09,0,693000,-149000,544000
2007/07/10,0,60000,-112000,-52000
2007/07/11,0,1080000,-23000,1057000
2007/07/12,0,525000,-66000,459000
2007/07/13,0,87000,-595000,-508000
2007/07/16,0,240000,-180000,60000
2007/07/17,0,184000,-169000,15000
2007/07/18,0,130000,-103000,27000
2007/07/19,0,66000,-144000,-78000
2007/07/20,0,29000,-86000,-57000
2007/07/23,0,291000,-11000,280000
2007/07/24,0,2942000,-2053000,889000
2007/07/25,0,3188000,-3000,3185000
2007/07/26,0,4142000,-209000,3933000
2007/07/27,0,122000,-292000,-170000
2007/07/30,0,0,-1053000,-1053000
2007/07/31,0,412000,-1941000,-1529000
2007/08/01,0,67000,-569000,-502000
2007/08/02,0,106000,-229000,-123000
2007/08/03,0,2277000,-1723000,554000
2007/08/06,0,17000,-18000,-1000
2007/08/07,0,1102000,-27000,1075000
2007/08/08,0,155000,-40000,115000
2007/08/09,0,982000,-92000,890000
2007/08/10,0,86000,-1266000,-1180000
2007/08/13,0,6000,-86000,-80000
2007/08/14,0,18000,-1000,17000
2007/08/15,0,9000,-131000,-122000
2007/08/16,0,0,-59000,-59000
2007/08/17,0,17000,-23000,-6000
2007/08/20,0,153000,-4000,149000
2007/08/21,0,419000,-115000,304000
2007/08/22,0,2000,-477000,-475000
2007/08/23,0,174000,-840000,-666000
2007/08/24,0,270000,-535000,-265000
2007/08/27,0,4000,-5000,-1000
2007/08/28,0,848000,0,848000
2007/08/29,0,44000,-6000,38000
2007/08/30,0,0,-16000,-16000
2007/08/31,0,232000,-4000,228000
2007/09/03,0,799000,-8000,791000
2007/09/04,0,576000,-76000,500000
2007/09/05,0,2000,-91000,-89000
2007/09/06,0,512000,-500000,12000
2007/09/07,0,3000,-15000,-12000
2007/09/10,0,62000,-48000,14000
2007/09/11,0,49000,-18000,31000
2007/09/12,0,0,-52000,-52000
2007/09/13,0,3000,-560000,-557000
2007/09/14,0,45000,-982000,-937000
2007/09/17,0,118314,-1358342,-1240028
2007/09/18,0,0,0,0
2007/09/19,0,461000,-3000,458000
2007/09/20,0,87000,-488000,-401000
2007/09/21,0,88000,-415000,-327000
2007/09/24,0,0,0,0
2007/09/25,0,0,0,0
2007/09/26,0,15000,-43000,-28000
2007/09/27,0,302000,-2036515,-1734515
2007/09/28,0,100000,-1317000,-1217000
2007/10/01,0,18000,-23000,-5000
2007/10/02,0,311000,-51000,260000
2007/10/03,0,880000,-23581,856419
2007/10/04,0,1417000,-215000,1202000
2007/10/05,0,210000,-700000,-490000
2007/10/08,0,263000,-956000,-693000
2007/10/09,0,20000,-492865,-472865
2007/10/10,0,0,0,0
2007/10/11,0,374000,0,374000
2007/10/12,0,0,-88000,-88000
2007/10/15,0,3000,-27000,-24000
2007/10/16,0,49000,-3113904,-3064904
2007/10/17,0,26000,-794000,-768000
2007/10/18,0,26000,-1682000,-1656000
2007/10/19,0,14000,-1585000,-1571000
2007/10/22,0,13000,-481759,-468759
2007/10/23,0,55000,-36000,19000
2007/10/24,0,0,-58000,-58000
2007/10/25,0,221000,-7000,214000
2007/10/26,0,47000,-252000,-205000
2007/10/29,0,138000,-2166000,-2028000
2007/10/30,0,2291000,-193975,2097025
2007/10/31,0,734000,-23000,711000
2007/11/01,0,918000,-685000,233000
2007/11/02,0,492000,-37000,455000
2007/11/05,0,144000,-375000,-231000
2007/11/06,0,52000,-365000,-313000
2007/11/07,0,43000,-83000,-40000
2007/11/08,0,56000,-203000,-147000
2007/11/09,0,213000,-4232000,-4019000
2007/11/12,0,0,-535000,-535000
2007/11/13,0,565000,-370000,195000
2007/11/14,0,194000,-2871000,-2677000
2007/11/15,0,235000,-2473000,-2238000
2007/11/16,0,156000,-61000,95000
2007/11/19,0,45000,-789000,-744000
2007/11/20,0,113000,-3701089,-3588089
2007/11/21,0,56000,-2242000,-2186000
2007/11/22,0,120000,-974000,-854000
2007/11/23,0,18000,-934000,-916000
2007/11/26,0,1334000,-1733446,-399446
2007/11/27,0,99000,-53000,46000
2007/11/28,0,128000,-186000,-58000
2007/11/29,0,8000,-43000,-35000
2007/11/30,0,81000,-73000,8000
2007/12/03,0,20000,-1034000,-1014000
2007/12/04,0,10000,-406000,-396000
2007/12/05,0,1000,-173000,-172000
2007/12/06,0,182000,-121399,60601
2007/12/07,0,9000,-190979,-181979
2007/12/10,0,14000,-367000,-353000
2007/12/11,0,99000,-82000,17000
2007/12/12,0,87000,-273000,-186000
2007/12/13,0,32000,-170000,-138000
2007/12/14,0,139000,-58000,81000
2007/12/17,0,96000,-101000,-5000
2007/12/18,0,359000,-1679983,-1320983
2007/12/19,0,4000,-44000,-40000
2007/12/20,0,18000,-203000,-185000
2007/12/21,0,133000,-10000,123000
2007/12/24,0,162000,-102000,60000
2007/12/25,0,8000,-23000,-15000
2007/12/26,0,98000,0,98000
2007/12/27,0,167302,-100000,67302
2007/12/28,0,50000,-12000,38000
2007/12/31,0,500000,-220000,280000
2008/01/01,0,0,0,0
2008/01/02,0,68000,-751990,-683990
2008/01/03,0,830000,-256000,574000
2008/01/04,0,2142000,-283000,1859000
2008/01/07,0,343000,-401000,-58000
2008/01/08,0,569419,-211000,358419
2008/01/09,0,496000,-64000,432000
2008/01/10,0,363276,-442000,-78724
2008/01/11,0,141000,-21000,120000
2008/01/14,0,1526000,-768000,758000
2008/01/15,0,3896000,-252000,3644000
2008/01/16,0,2427179,-97000,2330179
2008/01/17,0,405000,-185000,220000
2008/01/18,0,381000,-1268000,-887000
2008/01/21,0,1077000,-726000,351000
2008/01/22,0,55000,-83000,-28000
2008/01/23,0,331000,-113000,218000
2008/01/24,0,1000,-671000,-670000
2008/01/25,0,587000,-2656370,-2069370
2008/01/28,0,57000,-1228000,-1171000
2008/01/29,0,268000,-1931000,-1663000
2008/01/30,0,93000,-53000,40000
2008/01/31,0,135000,-342000,-207000
2008/02/01,0,782000,-27000,755000
2008/02/04,0,0,0,0
2008/02/05,0,0,0,0
2008/02/06,0,0,0,0
2008/02/07,0,0,0,0
2008/02/08,0,0,0,0
2008/02/11,0,0,0,0
2008/02/12,0,280000,-417000,-137000
2008/02/13,0,230000,-1303384,-1073384
2008/02/14,0,48000,-15000,33000
2008/02/15,0,54000,-110000,-56000
2008/02/18,0,82000,-671000,-589000
2008/02/19,0,40000,-259000,-219000
2008/02/20,0,521000,-11000,510000
2008/02/21,0,724000,-66000,658000
2008/02/22,0,620000,-1076000,-456000
2008/02/25,0,270000,-80000,190000
2008/02/26,0,1110000,-682000,428000
2008/02/27,0,258000,-433000,-175000
2008/02/28,0,0,0,0
2008/02/29,0,1688000,-460000,1228000
2008/03/03,0,164000,-1045000,-881000
2008/03/04,0,256000,-98423,157577
2008/03/05,0,103000,-409000,-306000
2008/03/06,0,455000,-1372071,-917071
2008/03/07,0,103000,-1051000,-948000
2008/03/10,0,309000,-3191071,-2882071
2008/03/11,0,603000,-1031000,-428000
2008/03/12,0,590000,-169917,420083
2008/03/13,0,340000,-10000,330000
2008/03/14,0,793000,-168000,625000
2008/03/17,0,114000,-335768,-221768
2008/03/18,0,12000,-167000,-155000
2008/03/19,0,110000,-4000,106000
2008/03/20,0,322000,-83000,239000
2008/03/21,0,553000,-37000,516000
2008/03/24,0,3135000,-900004,2234996
2008/03/25,0,1915000,-1246000,669000
2008/03/26,0,1504000,-188000,1316000
2008/03/27,0,29000,-637000,-608000
2008/03/28,0,1113000,-126000,987000
2008/03/31,0,3323000,-95453,3227547
2008/04/01,0,3803000,-303000,3500000
2008/04/02,0,1753000,-219000,1534000
2008/04/03,0,147000,-198242,-51242
2008/04/04,0,0,0,0
2008/04/07,0,419000,-241000,178000
2008/04/08,0,548000,-1102000,-554000
2008/04/09,0,58000,-542000,-484000
2008/04/10,0,219000,-320000,-101000
2008/04/11,0,838000,-166000,672000
2008/04/14,0,248000,-419000,-171000
2008/04/15,0,216000,-1761000,-1545000
2008/04/16,0,86000,-448000,-362000
2008/04/17,0,336000,-314000,22000
2008/04/18,0,1542000,-391000,1151000
2008/04/21,0,121000,-582000,-461000
2008/04/22,0,837000,-70000,767000
2008/04/23,0,233200,-854000,-620800
2008/04/24,0,174000,-107000,67000
2008/04/25,0,847000,-119000,728000
2008/04/28,0,274000,-739903,-465903
2008/04/29,0,101000,-303000,-202000
2008/04/30,0,413000,-565559,-152559
2008/05/01,0,0,0,0
2008/05/02,0,728000,-1351000,-623000
2008/05/05,0,385000,-81000,304000
2008/05/06,0,306000,-715000,-409000
2008/05/07,0,531000,-2798000,-2267000
2008/05/08,0,429000,-140000,289000
2008/05/09,0,229000,-612000,-383000
2008/05/12,0,171000,-1693000,-1522000
2008/05/13,0,112000,-148000,-36000
2008/05/14,0,24000,-131200,-107200
2008/05/15,0,288000,-7000,281000
2008/05/16,0,708000,-363000,345000
2008/05/19,0,259000,-36000,223000
2008/05/20,0,536000,-392000,144000
2008/05/21,0,235000,-242000,-7000
2008/05/22,0,1069000,-233000,836000
2008/05/23,0,239000,-502000,-263000
2008/05/26,0,89000,-191000,-102000
2008/05/27,0,130000,-294000,-164000
2008/05/28,0,33000,-838000,-805000
2008/05/29,0,254000,-308000,-54000
2008/05/30,0,729000,-363000,366000
2008/06/02,0,313000,-2000,311000
2008/06/03,0,377000,-1288000,-911000
2008/06/04,0,458000,-68000,390000
2008/06/05,0,229000,-160000,69000
2008/06/06,0,11000,-98000,-87000
2008/06/09,0,59000,-85000,-26000
2008/06/10,0,25000,-1214168,-1189168
2008/06/11,0,672000,-36000,636000
2008/06/12,0,186000,-2735000,-2549000
2008/06/13,0,733000,-2138000,-1405000
2008/06/16,0,442000,-379000,63000
2008/06/17,0,312000,-50000,262000
2008/06/18,0,2279000,-334000,1945000
2008/06/19,0,86000,-2201000,-2115000
2008/06/20,0,679000,-762000,-83000
2008/06/23,0,584000,-2055000,-1471000
2008/06/24,0,71000,-920052,-849052
2008/06/25,0,1039000,-988000,51000
2008/06/26,0,0,-664000,-664000
2008/06/27,0,178000,-670000,-492000
2008/06/30,0,373000,-1332000,-959000
2008/07/01,0,329000,-161000,168000
2008/07/02,0,613000,-197000,416000
2008/07/03,0,652000,-106000,546000
2008/07/04,0,39000,-546000,-507000
2008/07/07,0,158000,-120000,38000
2008/07/08,0,340000,-372000,-32000
2008/07/09,0,198000,-81000,117000
2008/07/10,0,1491000,-27000,1464000
2008/07/11,0,211000,-325000,-114000
2008/07/14,0,235000,-303000,-68000
2008/07/15,0,382000,-57000,325000
2008/07/16,0,691000,-77000,614000
2008/07/17,0,716000,-512000,204000
2008/07/18,0,167000,-1974000,-1807000
2008/07/21,0,560000,-18000,542000
2008/07/22,0,88000,-238000,-150000
2008/07/23,0,1477000,-139260,1337740
2008/07/24,0,2903000,-556000,2347000
2008/07/25,0,309000,-1120000,-811000
2008/07/28,0,0,0,0
2008/07/29,0,786000,-581000,205000
2008/07/30,0,42000,-954000,-912000
2008/07/31,0,240000,-196177,43823
2008/08/01,0,192000,-2396507,-2204507
2008/08/04,0,44000,-261000,-217000
2008/08/05,0,284000,-63000,221000
2008/08/06,0,1693000,-331000,1362000
2008/08/07,0,1555000,-1756000,-201000
2008/08/08,0,811000,-260000,551000
2008/08/11,0,708000,-715000,-7000
2008/08/12,0,541000,-1404000,-863000
2008/08/13,0,284000,-253000,31000
2008/08/14,0,546000,-201000,345000
2008/08/15,0,690000,-1361000,-671000
2008/08/18,0,278000,-117000,161000
2008/08/19,0,765824,-388021,377803
2008/08/20,0,383000,-527000,-144000
2008/08/21,0,60000,-504000,-444000
2008/08/22,0,759000,-894000,-135000
2008/08/25,0,519000,-262000,257000
2008/08/26,0,606000,-99000,507000
2008/08/27,0,167000,-1432000,-1265000
2008/08/28,0,330000,-417000,-87000
2008/08/29,0,48000,-89000,-41000
2008/09/01,0,49000,-14000,35000
2008/09/02,0,31000,-614000,-583000
2008/09/03,0,169000,-45000,124000
2008/09/04,0,343000,-74000,269000
2008/09/05,0,263000,-349000,-86000
2008/09/08,0,194000,-39000,155000
2008/09/09,0,71000,-389403,-318403
2008/09/10,0,2040000,-75000,1965000
2008/09/11,0,148000,-1043000,-895000
2008/09/12,0,221000,-444000,-223000
2008/09/15,0,11000,-1367000,-1356000
2008/09/16,0,1057000,-4001,1052999
2008/09/17,0,234000,-634001,-400001
2008/09/18,0,149000,-1000,148000
2008/09/19,0,893000,-152000,741000
2008/09/22,0,201000,-101000,100000
2008/09/23,0,479000,-217000,262000
2008/09/24,0,2015269,-3197269,-1182000
2008/09/25,0,144000,-2303000,-2159000
2008/09/26,0,613000,-1100000,-487000
2008/09/29,0,0,0,0
2008/09/30,0,467000,0,467000
2008/10/01,0,2000,-113000,-111000
2008/10/02,0,828000,-83000,745000
2008/10/03,0,369000,-550000,-181000
2008/10/06,0,121000,-625712,-504712
2008/10/07,0,725000,-41000,684000
2008/10/08,0,344000,-101000,243000
2008/10/09,0,1320602,-774570,546032
2008/10/10,0,0,0,0
2008/10/13,0,161000,0,161000
2008/10/14,0,722000,-359000,363000
2008/10/15,0,1390000,-102000,1288000
2008/10/16,0,58000,-2252000,-2194000
2008/10/17,0,20000,-639000,-619000
2008/10/20,0,53000,-60000,-7000
2008/10/21,0,293000,-216000,77000
2008/10/22,0,148000,-835756,-687756
2008/10/23,0,0,-23000,-23000
2008/10/24,0,26000,-16000,10000
2008/10/27,0,0,-287000,-287000
2008/10/28,0,54000,-236657,-182657
2008/10/29,0,63000,-1300000,-1237000
2008/10/30,0,188000,-51988,136012
2008/10/31,0,613000,-223351,389649
2008/11/03,0,304000,-313403,-9403
2008/11/04,0,71000,-325000,-254000
2008/11/05,0,342000,-198000,144000
2008/11/06,0,0,-423000,-423000
2008/11/07,0,85133,-122000,-36867
2008/11/10,0,854000,-62000,792000
2008/11/11,0,41000,-864000,-823000
2008/11/12,0,90000,-377000,-287000
2008/11/13,0,50000,-732000,-682000
2008/11/14,0,151000,-850000,-699000
2008/11/17,0,90000,-1515510,-1425510
2008/11/18,0,99000,-105000,-6000
2008/11/19,0,4000,-112000,-108000
2008/11/20,0,80100,-135000,-54900
2008/11/21,0,29000,-19000,10000
2008/11/24,0,9000,-54000,-45000
2008/11/25,0,355000,-28000,327000
2008/11/26,0,1110000,-400000,710000
2008/11/27,0,90000,-996000,-906000
2008/11/28,0,52000,-124000,-72000
2008/12/01,0,252000,-38000,214000
2008/12/02,0,57000,-252000,-195000
2008/12/03,0,503000,-202000,301000
2008/12/04,0,42000,-378000,-336000
2008/12/05,0,667000,-471000,196000
2008/12/08,0,646434,-44000,602434
2008/12/09,0,434000,-113000,321000
2008/12/10,0,514000,-219000,295000
2008/12/11,0,350000,-166000,184000
2008/12/12,0,60000,-1255029,-1195029
2008/12/15,0,500000,-19000,481000
2008/12/16,0,237000,-79000,158000
2008/12/17,0,627000,-521000,106000
2008/12/18,0,2416000,-127000,2289000
2008/12/19,0,306000,-2836000,-2530000
2008/12/22,0,204000,-300000,-96000
2008/12/23,0,11000,-499000,-488000
2008/12/24,0,9556,-772000,-762444
2008/12/25,0,78000,-129000,-51000
2008/12/26,0,90000,-42000,48000
2008/12/29,0,39000,-4000,35000
2008/12/30,0,229000,-784000,-555000
2008/12/31,0,256000,-117000,139000
2009/01/01,0,0,0,0
2009/01/02,0,0,0,0
2009/01/05,0,108000,-37000,71000
2009/01/06,0,176000,-215000,-39000
2009/01/07,0,1207000,-57050,1149950
2009/01/08,0,1139000,-1663000,-524000
2009/01/09,0,95000,-1180000,-1085000
2009/01/12,0,225000,-95000,130000
2009/01/13,0,1685000,-45000,1640000
2009/01/14,0,639000,-1264000,-625000
2009/01/15,0,477000,-234000,243000
2009/01/16,0,178000,-142000,36000
2009/01/19,0,6000,-36000,-30000
2009/01/20,0,43000,-6000,37000
2009/01/21,0,163000,-43000,120000
2009/01/22,0,0,0,0
2009/01/23,0,0,0,0
2009/01/26,0,0,0,0
2009/01/27,0,0,0,0
2009/01/28,0,0,0,0
2009/01/29,0,0,0,0
2009/01/30,0,0,0,0
2009/02/02,0,114000,-141000,-27000
2009/02/03,0,266000,-27000,239000
2009/02/04,0,7000,-494000,-487000
2009/02/05,0,24000,-7000,17000
2009/02/06,0,138000,-113000,25000
2009/02/09,0,131000,-31000,100000
2009/02/10,0,51436,-116002,-64566
2009/02/11,0,0,-218000,-218000
2009/02/12,0,0,-492000,-492000
2009/02/13,0,80000,-54000,26000
2009/02/16,0,57000,-42000,15000
2009/02/17,0,0,-104000,-104000
2009/02/18,0,72000,-550000,-478000
2009/02/19,0,100000,-351000,-251000
2009/02/20,0,0,-127000,-127000
2009/02/23,0,0,-464000,-464000
2009/02/24,0,0,-1000,-1000
2009/02/25,0,19000,-170710,-151710
2009/02/26,0,33000,-219233,-186233
2009/02/27,0,36000,-233000,-197000
2009/03/02,0,0,-69000,-69000
2009/03/03,0,0,-88000,-88000
2009/03/04,0,538000,0,538000
2009/03/05,0,1128000,-312383,815617
2009/03/06,0,530000,-36000,494000
2009/03/09,0,435000,0,435000
2009/03/10,0,288000,-34000,254000
2009/03/11,0,1007000,-101000,906000
2009/03/12,0,214000,-302519,-88519
2009/03/13,0,159000,-6000,153000
2009/03/16,0,163000,0,163000
2009/03/17,0,9000,-129000,-120000
2009/03/18,0,49000,-67000,-18000
2009/03/19,0,33000,-2000,31000
2009/03/20,0,12000,-349000,-337000
2009/03/23,0,39000,-3000,36000
2009/03/24,0,0,-112000,-112000
2009/03/25,0,123000,-156000,-33000
2009/03/26,0,3000,-6000,-3000
2009/03/27,0,10000,-18000,-8000
2009/03/30,0,10000,-23000,-13000
2009/03/31,0,47000,-1160000,-1113000
2009/04/01,0,126000,-8000,118000
2009/04/02,0,953000,-102000,851000
2009/04/03,0,15000,-811000,-796000
2009/04/06,0,224000,0,224000
2009/04/07,0,267000,-49000,218000
2009/04/08,0,32000,-175000,-143000
2009/04/09,0,225000,-11000,214000
2009/04/10,0,307000,-103000,204000
2009/04/13,0,149000,-319000,-170000
2009/04/14,0,87000,-318000,-231000
2009/04/15,0,170000,-14000,156000
2009/04/16,0,915000,-196000,719000
2009/04/17,0,90001,-852000,-761999
2009/04/20,0,84000,-154000,-70000
2009/04/21,0,212000,-104000,108000
2009/04/22,0,53000,-257000,-204000
2009/04/23,0,519000,-139000,380000
2009/04/24,0,270000,-168000,102000
2009/04/27,0,182000,-185000,-3000
2009/04/28,0,68000,-108000,-40000
2009/04/29,0,185000,-40000,145000
2009/04/30,0,203000,-716000,-513000
2009/05/01,0,0,0,0
2009/05/04,0,300000,-125000,175000
2009/05/05,0,1965000,-277000,1688000
2009/05/06,0,445000,-1594000,-1149000
2009/05/07,0,983000,-689000,294000
2009/05/08,0,1732324,-1699324,33000
2009/05/11,0,83000,-141000,-58000
2009/05/12,0,139000,-81000,58000
2009/05/13,0,301000,-67000,234000
2009/05/14,0,214000,-203000,11000
2009/05/15,0,1637000,-171000,1466000
2009/05/18,0,548000,-2365000,-1817000
2009/05/19,0,335000,-407000,-72000
2009/05/20,0,348000,-115000,233000
2009/05/21,0,448000,-213000,235000
2009/05/22,0,2070000,-309000,1761000
2009/05/25,0,132000,-561000,-429000
2009/05/26,0,36000,-229000,-193000
2009/05/27,0,276000,-72000,204000
2009/05/28,0,0,0,0
2009/05/29,0,0,0,0
2009/06/01,0,1542000,-842000,700000
2009/06/02,0,54000,-350001,-296001
2009/06/03,0,187000,-118000,69000
2009/06/04,0,38000,-29000,9000
2009/06/05,0,124000,-55000,69000
2009/06/08,0,98000,-147000,-49000
2009/06/09,0,195000,-40000,155000
2009/06/10,0,119000,-967000,-848000
2009/06/11,0,364000,-335000,29000
2009/06/12,0,190000,-495000,-305000
2009/06/15,0,12000,-217000,-205000
2009/06/16,0,1003000,-116000,887000
2009/06/17,0,18000,-286000,-268000
2009/06/18,0,343000,-27000,316000
2009/06/19,0,180002,-456000,-275998
2009/06/22,0,340000,-91000,249000
2009/06/23,0,163000,-513000,-350000
2009/06/24,0,331000,-421000,-90000
2009/06/25,0,1333000,-243000,1090000
2009/06/26,0,1439000,-298000,1141000
2009/06/29,0,238000,-616000,-378000
2009/06/30,0,297000,-192000,105000
2009/07/01,0,1329000,-38000,1291000
2009/07/02,0,761000,-115000,646000
2009/07/03,0,548000,-608000,-60000
2009/07/06,0,575000,-110000,465000
2009/07/07,0,176000,-322000,-146000
2009/07/08,0,42000,-328000,-286000
2009/07/09,0,257000,-106000,151000
2009/07/10,0,709000,-338000,371000
2009/07/13,0,730000,-1034000,-304000
2009/07/14,0,824000,-639401,184599
2009/07/15,0,571000,-281000,290000
2009/07/16,0,88000,-486000,-398000
2009/07/17,0,860000,-42000,818000
2009/07/20,0,429000,-360000,69000
2009/07/21,0,297000,-229000,68000
2009/07/22,0,464000,-137000,327000
2009/07/23,0,5022600,-288000,4734600
2009/07/24,0,3888000,-1297000,2591000
2009/07/27,0,2394700,-401000,1993700
2009/07/28,0,186000,-298000,-112000
2009/07/29,0,730000,-4789300,-4059300
2009/07/30,0,54000,-4510939,-4456939
2009/07/31,0,304000,-226150,77850
2009/08/03,0,294000,-111000,183000
2009/08/04,0,107000,-2172000,-2065000
2009/08/05,0,55000,-1723000,-1668000
2009/08/06,0,136000,-884000,-748000
2009/08/07,0,0,0,0
2009/08/10,0,355000,-1394000,-1039000
2009/08/11,0,439000,-695000,-256000
2009/08/12,0,220000,-431000,-211000
2009/08/13,0,0,-218000,-218000
2009/08/14,0,456000,-39000,417000
2009/08/17,0,25000,-861100,-836100
2009/08/18,0,113000,-24000,89000
2009/08/19,0,578000,-41000,537000
2009/08/20,0,1350000,-1109000,241000
2009/08/21,0,1155918,-49000,1106918
2009/08/24,0,135000,-3000,132000
2009/08/25,0,198000,-55000,143000
2009/08/26,0,8000,-89970,-81970
2009/08/27,0,9000,-7818,1182
2009/08/28,0,0,-12000,-12000
2009/08/31,0,566000,-223000,343000
2009/09/01,0,70000,-600000,-530000
2009/09/02,0,221000,-344000,-123000
2009/09/03,0,202155,-164000,38155
2009/09/04,0,196000,-6000,190000
2009/09/07,0,190000,-34000,156000
2009/09/08,0,661000,-166000,495000
2009/09/09,0,205100,-179000,26100
2009/09/10,0,375000,-101000,274000
2009/09/11,0,241000,-98000,143000
2009/09/14,0,115000,-210000,-95000
2009/09/15,0,2170000,-75000,2095000
2009/09/16,0,3452000,-90000,3362000
2009/09/17,0,3746000,-1328265,2417735
2009/09/18,0,69000,-308644,-239644
2009/09/21,0,4100,-308000,-303900
2009/09/22,0,52000,-124000,-72000
2009/09/23,0,62200,-300000,-237800
2009/09/24,0,27200,-62000,-34800
2009/09/25,0,430000,-40814,389186
2009/09/28,0,6100,-417000,-410900
2009/09/29,0,503100,-41000,462100
2009/09/30,0,368473,-38000,330473
2009/10/01,0,401000,-681000,-280000
2009/10/02,0,33000,-173000,-140000
2009/10/05,0,400000,-186000,214000
2009/10/06,0,178000,-328000,-150000
2009/10/07,0,445000,-301000,144000
2009/10/08,0,1683000,-224000,1459000
2009/10/09,0,71000,-692000,-621000
2009/10/12,0,345000,-29000,316000
2009/10/13,0,167000,-276000,-109000
2009/10/14,0,4804000,-189000,4615000
2009/10/15,0,1928879,-408918,1519961
2009/10/16,0,119000,-79000,40000
2009/10/19,0,71000,-7098,63902
2009/10/20,0,30000,-132000,-102000
2009/10/21,0,99000,-141000,-42000
2009/10/22,0,121000,-96000,25000
2009/10/23,0,273000,-84305,188695
2009/10/26,0,219000,-74000,145000
2009/10/27,0,126000,-165000,-39000
2009/10/28,0,60000,-81000,-21000
2009/10/29,0,137000,-35000,102000
2009/10/30,0,222000,-1761000,-1539000
2009/11/02,0,351000,-97000,254000
2009/11/03,0,65000,-468000,-403000
2009/11/04,0,514000,-242000,272000
2009/11/05,0,196000,-612000,-416000
2009/11/06,0,415000,-18000,397000
2009/11/09,0,40000,0,40000
2009/11/10,0,1071000,-71000,1000000
2009/11/11,0,897000,-193000,704000
2009/11/12,0,902000,-1700000,-798000
2009/11/13,0,179000,-221000,-42000
2009/11/16,0,158000,-4000,154000
2009/11/17,0,202000,-2000,200000
2009/11/18,0,343000,-3059000,-2716000
2009/11/19,0,383000,-2412229,-2029229
2009/11/20,0,443000,-1359000,-916000
2009/11/23,0,50000,-90000,-40000
2009/11/24,0,0,-1349000,-1349000
2009/11/25,0,7000,-2124000,-2117000
2009/11/26,0,261000,-748385,-487385
2009/11/27,0,51000,-893963,-842963
2009/11/30,0,14000,-21000,-7000
2009/12/01,0,19000,-271000,-252000
2009/12/02,0,154000,-155000,-1000
2009/12/03,0,30000,-125884,-95884
2009/12/04,0,21000,-3000,18000
2009/12/07,0,82000,-204180,-122180
2009/12/08,0,226000,-109000,117000
2009/12/09,0,570000,-671426,-101426
2009/12/10,0,179000,-373802,-194802
2009/12/11,0,104000,-95000,9000
2009/12/14,0,67000,-57000,10000
2009/12/15,0,201000,-113050,87950
2009/12/16,0,17000,-9000,8000
2009/12/17,0,117000,-123000,-6000
2009/12/18,0,91000,-78000,13000
2009/12/21,0,0,-24000,-24000
2009/12/22,0,25000,-179000,-154000
2009/12/23,0,138000,-52,137948
2009/12/24,0,66000,-56000,10000
2009/12/25,0,11000,-282000,-271000
2009/12/28,0,488000,-166000,322000
2009/12/29,0,53000,-59000,-6000
2009/12/30,0,1005000,-134296,870704
2009/12/31,0,370000,-82000,288000
2010/01/01,0,0,0,0
2010/01/04,0,632000,-812000,-180000
2010/01/05,0,95000,-486000,-391000
2010/01/06,0,950000,-329000,621000
2010/01/07,0,480000,-85000,395000
2010/01/08,0,465000,-271002,193998
2010/01/11,0,116000,-274000,-158000
2010/01/12,0,507000,-282000,225000
2010/01/13,0,73000,-4000,69000
2010/01/14,0,497000,-108000,389000
2010/01/15,0,148000,-926000,-778000
2010/01/18,0,715000,-18182,696818
2010/01/19,0,142000,-366000,-224000
2010/01/20,0,72000,-2026327,-1954327
2010/01/21,0,362000,-174000,188000
2010/01/22,0,54000,-61000,-7000
2010/01/25,0,1000,-126000,-125000
2010/01/26,0,111000,-1672000,-1561000
2010/01/27,0,403000,-69000,334000
2010/01/28,0,69000,-618840,-549840
2010/01/29,0,647000,-63000,584000
2010/02/01,0,0,-138000,-138000
2010/02/02,0,581000,-390000,191000
2010/02/03,0,171000,-97000,74000
2010/02/04,0,403000,-158000,245000
2010/02/05,0,64000,-666000,-602000
2010/02/08,0,72000,-256000,-184000
2010/02/09,0,456000,-267000,189000
2010/02/10,0,303000,-195000,108000
2010/02/11,0,0,0,0
2010/02/12,0,0,0,0
2010/02/15,0,0,0,0
2010/02/16,0,0,0,0
2010/02/17,0,0,0,0
2010/02/18,0,0,0,0
2010/02/19,0,0,0,0
2010/02/22,0,254001,-148000,106001
2010/02/23,0,614000,-108000,506000
2010/02/24,0,236000,-182195,53805
2010/02/25,0,127000,-345000,-218000
2010/02/26,0,1199000,-155000,1044000
2010/03/01,0,980000,-194000,786000
2010/03/02,0,84000,-351000,-267000
2010/03/03,0,201000,0,201000
2010/03/04,0,92000,-73000,19000
2010/03/05,0,462000,0,462000
2010/03/08,0,399000,-95000,304000
2010/03/09,0,595800,-433000,162800
2010/03/10,0,1001000,-199000,802000
2010/03/11,0,79000,-28000,51000
2010/03/12,0,681800,-684800,-3000
2010/03/15,0,215000,-97000,118000
2010/03/16,0,435250,-28000,407250
2010/03/17,0,2265000,-1617000,648000
2010/03/18,0,833000,-903000,-70000
2010/03/19,0,706000,-48250,657750
2010/03/22,0,383000,-488000,-105000
2010/03/23,0,73000,-221000,-148000
2010/03/24,0,177966,-407000,-229034
2010/03/25,0,78000,-1610560,-1532560
2010/03/26,0,738000,-173000,565000
2010/03/29,0,68000,-25000,43000
2010/03/30,0,185000,-8000,177000
2010/03/31,0,95000,-314000,-219000
2010/04/01,0,670000,-22000,648000
2010/04/02,0,192000,0,192000
2010/04/05,0,0,0,0
2010/04/06,0,349000,-153000,196000
2010/04/07,0,341000,-571000,-230000
2010/04/08,0,298000,-335000,-37000
2010/04/09,0,250000,-2130000,-1880000
2010/04/12,0,202000,-186000,16000
2010/04/13,0,45000,-113000,-68000
2010/04/14,0,63000,-72000,-9000
2010/04/15,0,314000,-240000,74000
2010/04/16,0,350000,-1235000,-885000
2010/04/19,0,51000,-760000,-709000
2010/04/20,0,194000,-273000,-79000
2010/04/21,0,726000,-340000,386000
2010/04/22,0,733000,-404000,329000
2010/04/23,0,393000,-220000,173000
2010/04/26,0,973000,-152000,821000
2010/04/27,0,147000,-11000,136000
2010/04/28,0,221000,-385000,-164000
2010/04/29,0,133000,-380000,-247000
2010/04/30,0,675000,-712000,-37000
2010/05/03,0,327000,-130000,197000
2010/05/04,0,480000,-274000,206000
2010/05/05,0,768000,-476000,292000
2010/05/06,0,45000,-1347000,-1302000
2010/05/07,0,141000,-680606,-539606
2010/05/10,0,344000,-447000,-103000
2010/05/11,0,162000,-80000,82000
2010/05/12,0,144000,-680000,-536000
2010/05/13,0,262000,-255000,7000
2010/05/14,0,451000,-219000,232000
2010/05/17,0,24000,-219055,-195055
2010/05/18,0,111000,-426000,-315000
2010/05/19,0,338000,-288000,50000
2010/05/20,0,730000,-589000,141000
2010/05/21,0,81000,-494000,-413000
2010/05/24,0,149000,-68000,81000
2010/05/25,0,94000,-396000,-302000
2010/05/26,0,193000,-484000,-291000
2010/05/27,0,498000,-58000,440000
2010/05/28,0,321000,-109000,212000
2010/05/31,0,388000,-46000,342000
2010/06/01,0,159000,-82000,77000
2010/06/02,0,155000,-473000,-318000
2010/06/03,0,136000,-204000,-68000
2010/06/04,0,154000,-311000,-157000
2010/06/07,0,159000,-412000,-253000
2010/06/08,0,0,-63000,-63000
2010/06/09,0,1261000,-228000,1033000
2010/06/10,0,353000,-18000,335000
2010/06/11,0,210000,-8000,202000
2010/06/14,0,391000,-12000,379000
2010/06/15,0,573000,-57000,516000
2010/06/16,0,0,0,0
2010/06/17,0,307000,-4000,303000
2010/06/18,0,159000,-50000,109000
2010/06/21,0,282000,-21000,261000
2010/06/22,0,2777000,-32000,2745000
2010/06/23,0,523000,-117057,405943
2010/06/24,0,131000,-332000,-201000
2010/06/25,0,291000,-147000,144000
2010/06/28,0,104000,-163000,-59000
2010/06/29,0,76000,-434000,-358000
2010/06/30,0,30000,-628000,-598000
2010/07/01,0,24000,-355000,-331000
2010/07/02,0,23000,-263000,-240000
2010/07/05,0,186000,-105000,81000
2010/07/06,0,433000,-13000,420000
2010/07/07,0,248000,-260000,-12000
2010/07/08,0,200000,-878183,-678183
2010/07/09,0,289000,-9000,280000
2010/07/12,0,204000,-17000,187000
2010/07/13,0,118000,-143000,-25000
2010/07/14,0,294000,-81000,213000
2010/07/15,0,184000,-152000,32000
2010/07/16,0,658000,-189189,468811
2010/07/19,0,187000,-344000,-157000
2010/07/20,0,336000,-246000,90000
2010/07/21,0,2773000,-80000,2693000
2010/07/22,0,422000,-384002,37998
2010/07/23,0,1346000,-1000,1345000
2010/07/26,0,779000,-1183000,-404000
2010/07/27,0,60000,-116000,-56000
2010/07/28,0,194000,-809000,-615000
2010/07/29,0,161000,-406000,-245000
2010/07/30,0,175000,-366000,-191000
2010/08/02,0,136000,-7000,129000
2010/08/03,0,262000,-166000,96000
2010/08/04,0,289000,-1422000,-1133000
2010/08/05,0,1103000,-1698000,-595000
2010/08/06,0,78000,-732000,-654000
2010/08/09,0,1083000,-76000,1007000
2010/08/10,0,1345000,-46000,1299000
2010/08/11,0,133000,-38000,95000
2010/08/12,0,1377000,-48000,1329000
2010/08/13,0,1086000,-647000,439000
2010/08/16,0,164000,-244000,-80000
2010/08/17,0,144000,-14000,130000
2010/08/18,0,806000,-170000,636000
2010/08/19,0,507000,-257000,250000
2010/08/20,0,344000,-9000,335000
2010/08/23,0,863000,-607000,256000
2010/08/24,0,156000,-147000,9000
2010/08/25,0,650000,-648000,2000
2010/08/26,0,767000,-1012000,-245000
2010/08/27,0,468000,-1689000,-1221000
2010/08/30,0,332000,-264000,68000
2010/08/31,0,73000,-592000,-519000
2010/09/01,0,184000,-510000,-326000
2010/09/02,0,411000,-238000,173000
2010/09/03,0,308000,-238000,70000
2010/09/06,0,364000,-15000,349000
2010/09/07,0,96000,-42000,54000
2010/09/08,0,138000,-30000,108000
2010/09/09,0,381000,-610000,-229000
2010/09/10,0,414000,-61000,353000
2010/09/13,0,244000,-88000,156000
2010/09/14,0,384000,-121000,263000
2010/09/15,0,271000,-143000,128000
2010/09/16,0,614000,-962002,-348002
2010/09/17,0,511000,-1364347,-853347
2010/09/20,0,229000,-339000,-110000
2010/09/21,0,376000,-83000,293000
2010/09/22,0,0,0,0
2010/09/23,0,1520000,-118000,1402000
2010/09/24,0,137000,-770000,-633000
2010/09/27,0,39000,-227000,-188000
2010/09/28,0,21000,-344000,-323000
2010/09/29,0,251000,-43000,208000
2010/09/30,0,81000,-751000,-670000
2010/10/01,0,193000,-32000,161000
2010/10/04,0,42000,-1815000,-1773000
2010/10/05,0,361000,-1178000,-817000
2010/10/06,0,1115000,-777000,338000
2010/10/07,0,64000,-551000,-487000
2010/10/08,0,450000,-1000,449000
2010/10/11,0,554000,-60000,494000
2010/10/12,0,648000,-66000,582000
2010/10/13,0,118000,-776000,-658000
2010/10/14,0,649000,-44000,605000
2010/10/15,0,1084000,-86000,998000
2010/10/18,0,718000,-660000,58000
2010/10/19,0,250000,-778000,-528000
2010/10/20,0,600000,-3775000,-3175000
2010/10/21,0,187000,-182000,5000
2010/10/22,0,587002,-227000,360002
2010/10/25,0,297000,-2000,295000
2010/10/26,0,196000,-12000,184000
2010/10/27,0,908000,-41000,867000
2010/10/28,0,416000,-68000,348000
2010/10/29,0,451000,-48000,403000
2010/11/01,0,243000,-14000,229000
2010/11/02,0,1176000,-193000,983000
2010/11/03,0,410300,-187000,223300
2010/11/04,0,1490000,-6000,1484000
2010/11/05,0,1514000,-410000,1104000
2010/11/08,0,3977000,-815000,3162000
2010/11/09,0,2819000,-291000,2528000
2010/11/10,0,2441021,-859000,1582021
2010/11/11,0,1947280,-1943000,4280
2010/11/12,0,856973,-2647000,-1790027
2010/11/15,0,1160000,-886388,273612
2010/11/16,0,2762324,-149000,2613324
2010/11/17,0,614534,-827000,-212466
2010/11/18,0,1441000,-326000,1115000
2010/11/19,0,1798000,-419000,1379000
2010/11/22,0,395000,-22000,373000
2010/11/23,0,334000,-283000,51000
2010/11/24,0,1491000,-796159,694841
2010/11/25,0,1486000,-889000,597000
2010/11/26,0,1035000,-718450,316550
2010/11/29,0,1156871,-773451,383420
2010/11/30,0,22634218,-15625319,7008899
2010/12/01,0,1554750,-2181211,-626461
2010/12/02,0,897750,-176264,721486
2010/12/03,0,722750,-487000,235750
2010/12/06,0,399750,-175000,224750
2010/12/07,0,1095870,-600000,495870
2010/12/08,0,230000,-229000,1000
2010/12/09,0,536000,-10000,526000
2010/12/10,0,333000,-421000,-88000
2010/12/13,0,180000,-115000,65000
2010/12/14,0,1337000,-151000,1186000
2010/12/15,0,1271000,-224000,1047000
2010/12/16,0,174000,-172000,2000
2010/12/17,0,374000,-245000,129000
2010/12/20,0,666550,-95000,571550
2010/12/21,0,1371000,-126280,1244720
2010/12/22,0,461622,-178537,283085
2010/12/23,0,355000,-181000,174000
2010/12/24,0,351000,-7000,344000
2010/12/27,0,460000,-27000,433000
2010/12/28,0,511000,-15000,496000
2010/12/29,0,317340,-77000,240340
2010/12/30,0,478000,-346000,132000
2010/12/31,0,799000,-2063712,-1264712
2011/01/03,0,691000,-32000,659000
2011/01/04,0,1895000,-136000,1759000
2011/01/05,0,1657000,-226260,1430740
2011/01/06,0,1256000,-862000,394000
2011/01/07,0,386000,-752000,-366000
2011/01/10,0,849000,-507000,342000
2011/01/11,0,292000,-568000,-276000
2011/01/12,0,492000,-172000,320000
2011/01/13,0,234690,-91000,143690
2011/01/14,0,147000,-8000,139000
2011/01/17,0,190365,-422000,-231635
2011/01/18,0,1365000,-175580,1189420
2011/01/19,0,385000,-185000,200000
2011/01/20,0,100000,-310000,-210000
2011/01/21,0,179000,-639000,-460000
2011/01/24,0,224000,-143000,81000
2011/01/25,0,406000,-431000,-25000
2011/01/26,0,146000,-586960,-440960
2011/01/27,0,661000,-190742,470258
2011/01/28,0,800260,-1059000,-258740
2011/01/31,0,0,0,0
2011/02/01,0,0,0,0
2011/02/02,0,0,0,0
2011/02/03,0,0,0,0
2011/02/04,0,0,0,0
2011/02/07,0,0,0,0
2011/02/08,0,869000,-584000,285000
2011/02/09,0,1287000,-629780,657220
2011/02/10,0,288000,-476940,-188940
2011/02/11,0,1092000,-1313000,-221000
2011/02/14,0,992000,-885520,106480
2011/02/15,0,1087000,-949000,138000
2011/02/16,0,83000,-341000,-258000
2011/02/17,0,919000,-555770,363230
2011/02/18,0,1487000,-25000,1462000
2011/02/21,0,443000,-230000,213000
2011/02/22,0,14000,-767000,-753000
2011/02/23,0,278000,-662230,-384230
2011/02/24,0,291000,-333000,-42000
2011/02/25,0,2367000,-890036,1476964
2011/02/28,0,0,0,0
2011/03/01,0,547000,-68000,479000
2011/03/02,0,364000,-467049,-103049
2011/03/03,0,2746000,-432000,2314000
2011/03/04,0,2171000,-5562000,-3391000
2011/03/07,0,1045000,-600000,445000
2011/03/08,0,1186000,-928000,258000
2011/03/09,0,434810,-437000,-2190
2011/03/10,0,653000,-712700,-59700
2011/03/11,0,253000,-2210390,-1957390
2011/03/14,0,1353000,-719000,634000
2011/03/15,0,514000,-2411020,-1897020
2011/03/16,0,265000,-2609570,-2344570
2011/03/17,0,62000,-518800,-456800
2011/03/18,0,82000,-812530,-730530
2011/03/21,0,93000,-636000,-543000
2011/03/22,0,117000,-816000,-699000
2011/03/23,0,172000,-103000,69000
2011/03/24,0,194000,-491000,-297000
2011/03/25,0,421000,-363000,58000
2011/03/28,0,1854000,-730000,1124000
2011/03/29,0,1342650,-115294,1227356
2011/03/30,0,1025000,-5000,1020000
2011/03/31,0,252000,-102000,150000
2011/04/01,0,783000,-63000,720000
2011/04/04,0,0,0,0
2011/04/05,0,0,0,0
2011/04/06,0,999695,-22000,977695
2011/04/07,0,527000,-144000,383000
2011/04/08,0,570594,0,570594
2011/04/11,0,262000,-659000,-397000
2011/04/12,0,273026,-19000,254026
2011/04/13,0,95000,-161000,-66000
2011/04/14,0,310000,-35000,275000
2011/04/15,0,683000,-94000,589000
2011/04/18,0,177000,-49650,127350
2011/04/19,0,139000,-158000,-19000
2011/04/20,0,882000,-285000,597000
2011/04/21,0,1386000,-159000,1227000
2011/04/22,0,258000,-4000,254000
2011/04/25,0,127000,-31000,96000
2011/04/26,0,248000,-26000,222000
2011/04/27,0,1708000,-21000,1687000
2011/04/28,0,184099,-93000,91099
2011/04/29,0,317000,-113000,204000
2011/05/02,0,0,0,0
2011/05/03,0,533000,-166000,367000
2011/05/04,0,484000,-272000,212000
2011/05/05,0,143000,-96000,47000
2011/05/06,0,783000,-690000,93000
2011/05/09,0,406000,-164000,242000
2011/05/10,0,266000,-120000,146000
2011/05/11,0,241000,-64000,177000
2011/05/12,0,663000,-554000,109000
2011/05/13,0,354000,-189000,165000
2011/05/16,0,73000,-397000,-324000
2011/05/17,0,296000,-219500,76500
2011/05/18,0,332000,-621000,-289000
2011/05/19,0,445000,-958000,-513000
2011/05/20,0,84000,-600000,-516000
2011/05/23,0,37000,-327000,-290000
2011/05/24,0,172000,-118945,53055
2011/05/25,0,188000,-340000,-152000
2011/05/26,0,59000,-400282,-341282
2011/05/27,0,642000,-738000,-96000
2011/05/30,0,70000,-279102,-209102
2011/05/31,0,1154026,-375640,778386
2011/06/01,0,1105005,-170048,934957
2011/06/02,0,534000,-9000,525000
2011/06/03,0,351000,-59000,292000
2011/06/06,0,0,0,0
2011/06/07,0,191000,-104000,87000
2011/06/08,0,360000,-146000,214000
2011/06/09,0,424679,-456854,-32175
2011/06/10,0,421785,-271000,150785
2011/06/13,0,24000,-195456,-171456
2011/06/14,0,803000,-582000,221000
2011/06/15,0,1469000,-1437000,32000
2011/06/16,0,374000,-141000,233000
2011/06/17,0,244000,-789000,-545000
2011/06/20,0,927000,-161173,765827
2011/06/21,0,736000,-205000,531000
2011/06/22,0,243000,-390000,-147000
2011/06/23,0,474418,-304943,169475
2011/06/24,0,590000,-208679,381321
2011/06/27,0,940000,-223608,716392
2011/06/28,0,1205000,-240320,964680
2011/06/29,0,370000,-323000,47000
2011/06/30,0,1146000,-123000,1023000
2011/07/01,0,580987,-86000,494987
2011/07/04,0,4131798,-881301,3250497
2011/07/05,0,1440700,-432000,1008700
2011/07/06,0,444000,-407930,36070
2011/07/07,0,893000,-262000,631000
2011/07/08,0,638000,-441000,197000
2011/07/11,0,447000,-289002,157998
2011/07/12,0,2845684,-550000,2295684
2011/07/13,0,2383906,-554000,1829906
2011/07/14,0,1624000,-341000,1283000
2011/07/15,0,1945800,-331411,1614389
2011/07/18,0,1648000,-1030000,618000
2011/07/19,0,1174000,-644000,530000
2011/07/20,0,1094038,-848000,246038
2011/07/21,0,2168558,-340000,1828558
2011/07/22,0,4213000,-684000,3529000
2011/07/25,0,3904815,-2763000,1141815
2011/07/26,0,547139,-460000,87139
2011/07/27,0,1183000,-411000,772000
2011/07/28,0,872000,-838000,34000
2011/07/29,0,426852,-370000,56852
2011/08/01,0,962820,-1174000,-211180
2011/08/02,0,428000,-688871,-260871
2011/08/03,0,199000,-725000,-526000
2011/08/04,0,937000,-692000,245000
2011/08/05,0,1393000,-1356000,37000
2011/08/08,0,755000,-1685000,-930000
2011/08/09,0,448000,-1648694,-1200694
2011/08/10,0,116000,-2796000,-2680000
2011/08/11,0,1667000,-1619000,48000
2011/08/12,0,81000,-1872182,-1791182
2011/08/15,0,703358,-491000,212358
2011/08/16,0,577000,-390000,187000
2011/08/17,0,1177000,-356571,820429
2011/08/18,0,219275,-811000,-591725
2011/08/19,0,1012000,-678000,334000
2011/08/22,0,1291000,-853000,438000
2011/08/23,0,1168000,-389134,778866
2011/08/24,0,276000,-752000,-476000
2011/08/25,0,496000,-155202,340798
2011/08/26,0,1348000,-242000,1106000
2011/08/29,0,657000,-137000,520000
2011/08/30,0,93000,-677000,-584000
2011/08/31,0,786465,-606000,180465
2011/09/01,0,620000,-305000,315000
2011/09/02,0,133000,-249000,-116000
2011/09/05,0,68000,-659000,-591000
2011/09/06,0,295000,-476104,-181104
2011/09/07,0,581000,-435000,146000
2011/09/08,0,863000,-529000,334000
2011/09/09,0,463000,-697000,-234000
2011/09/12,0,0,0,0
2011/09/13,0,1016000,-389000,627000
2011/09/14,0,349000,-997431,-648431
2011/09/15,0,347000,-220000,127000
2011/09/16,0,1387000,-1027000,360000
2011/09/19,0,545000,-613000,-68000
2011/09/20,0,508846,-398000,110846
2011/09/21,0,531000,-738000,-207000
2011/09/22,0,575081,-762000,-186919
2011/09/23,0,369000,-358000,11000
2011/09/26,0,415000,-483000,-68000
2011/09/27,0,656000,-193000,463000
2011/09/28,0,336457,-736000,-399543
2011/09/29,0,510000,-264000,246000
2011/09/30,0,234000,-679000,-445000
2011/10/03,0,305000,-611811,-306811
2011/10/04,0,474000,-305000,169000
2011/10/05,0,515000,-380000,135000
2011/10/06,0,557000,-79000,478000
2011/10/07,0,618000,-363000,255000
2011/10/10,0,0,0,0
2011/10/11,0,423000,-451624,-28624
2011/10/12,0,486000,-874750,-388750
2011/10/13,0,259000,-572000,-313000
2011/10/14,0,466000,-180000,286000
2011/10/17,0,503000,-831125,-328125
2011/10/18,0,256000,-397125,-141125
2011/10/19,0,405000,-275189,129811
2011/10/20,0,276000,-179000,97000
2011/10/21,0,314000,-1333000,-1019000
2011/10/24,0,986000,-2250000,-1264000
2011/10/25,0,832000,-1728000,-896000
2011/10/26,0,758000,-330000,428000
2011/10/27,0,223000,-337000,-114000
2011/10/28,0,462000,-216000,246000
2011/10/31,0,407000,-246000,161000
2011/11/01,0,627000,-308000,319000
2011/11/02,0,169000,-377000,-208000
2011/11/03,0,112000,-961822,-849822
2011/11/04,0,588000,-358000,230000
2011/11/07,0,240000,-184000,56000
2011/11/08,0,210000,-487336,-277336
2011/11/09,0,176000,-156000,20000
2011/11/10,0,174000,-1379000,-1205000
2011/11/11,0,208000,-822000,-614000
2011/11/14,0,514000,-692000,-178000
2011/11/15,0,268000,-135000,133000
2011/11/16,0,143000,-716000,-573000
2011/11/17,0,178000,-201825,-23825
2011/11/18,0,409000,-255000,154000
2011/11/21,0,512803,-667000,-154197
2011/11/22,0,857000,-1373550,-516550
2011/11/23,0,885000,-1615450,-730450
2011/11/24,0,622000,-701000,-79000
2011/11/25,0,189000,-549000,-360000
2011/11/28,0,223100,-374000,-150900
2011/11/29,0,198000,-240000,-42000
2011/11/30,0,1325230,-894000,431230
2011/12/01,0,3730000,-208000,3522000
2011/12/02,0,849000,-569000,280000
2011/12/05,0,431000,-166000,265000
2011/12/06,0,265000,-58000,207000
2011/12/07,0,967000,-39000,928000
2011/12/08,0,182000,-251000,-69000
2011/12/09,0,306000,-202000,104000
2011/12/12,0,475000,-142000,333000
2011/12/13,0,787000,-673000,114000
2011/12/14,0,391000,-452000,-61000
2011/12/15,0,261000,-463000,-202000
2011/12/16,0,619000,-544000,75000
2011/12/19,0,236000,-943000,-707000
2011/12/20,0,885000,-261000,624000
2011/12/21,0,513000,-779000,-266000
2011/12/22,0,463000,-326000,137000
2011/12/23,0,423000,-98000,325000
2011/12/26,0,416000,-470000,-54000
2011/12/27,0,269000,-155000,114000
2011/12/28,0,221000,-163000,58000
2011/12/29,0,339000,-201000,138000
2011/12/30,0,220001,-198000,22001
2012/01/02,0,94000,-231000,-137000
2012/01/03,0,561000,-243000,318000
2012/01/04,0,628000,-407000,221000
2012/01/05,0,288000,-160000,128000
2012/01/06,0,106000,-402000,-296000
2012/01/09,0,306000,-588000,-282000
2012/01/10,0,399000,-224000,175000
2012/01/11,0,691000,-70000,621000
2012/01/12,0,338000,-709000,-371000
2012/01/13,0,719000,-404000,315000
2012/01/16,0,182000,-233000,-51000
2012/01/17,0,844000,-15000,829000
2012/01/18,0,870000,-1131000,-261000
2012/01/19,0,0,0,0
2012/01/20,0,0,0,0
2012/01/23,0,0,0,0
2012/01/24,0,0,0,0
2012/01/25,0,0,0,0
2012/01/26,0,0,0,0
2012/01/27,0,0,0,0
2012/01/30,0,1255261,-387000,868261
2012/01/31,0,1173000,-330000,843000
2012/02/01,0,868000,-477000,391000
2012/02/02,0,857000,-191000,666000
2012/02/03,0,304000,-362000,-58000
2012/02/06,0,301000,-595000,-294000
2012/02/07,0,566000,-176000,390000
2012/02/08,0,510300,-238000,272300
2012/02/09,0,604000,-231109,372891
2012/02/10,0,235000,-106000,129000
2012/02/13,0,418000,-90000,328000
2012/02/14,0,346000,-120000,226000
2012/02/15,0,784000,-316000,468000
2012/02/16,0,661000,-141300,519700
2012/02/17,0,535000,-158000,377000
2012/02/20,0,233000,-193000,40000
2012/02/21,0,156738,-16000,140738
2012/02/22,0,979000,-188000,791000
2012/02/23,0,350939,-714000,-363061
2012/02/24,0,1259000,-273000,986000
2012/02/27,0,0,0,0
2012/02/28,0,0,0,0
2012/02/29,0,1049000,-968000,81000
2012/03/01,0,595799,-187000,408799
2012/03/02,0,210331,-51000,159331
2012/03/05,0,287000,-117000,170000
2012/03/06,0,578000,-199000,379000
2012/03/07,0,389000,-248000,141000
2012/03/08,0,495000,-239000,256000
2012/03/09,0,390000,-379000,11000
2012/03/12,0,668000,-253000,415000
2012/03/13,0,1066000,-411000,655000
2012/03/14,0,990200,-147979,842221
2012/03/15,0,423000,-158000,265000
2012/03/16,0,449000,-14000,435000
2012/03/19,0,385000,-122000,263000
2012/03/20,0,663000,-242000,421000
2012/03/21,0,566000,-539000,27000
2012/03/22,0,387000,-495000,-108000
2012/03/23,0,660000,-212000,448000
2012/03/26,0,823000,-712000,111000
2012/03/27,0,1776000,-208000,1568000
2012/03/28,0,450000,-199000,251000
2012/03/29,0,1036000,-243000,793000
2012/03/30,0,724000,-2094000,-1370000
2012/04/02,0,375000,-205000,170000
2012/04/03,0,707308,-93000,614308
2012/04/04,0,0,0,0
2012/04/05,0,1331000,-221000,1110000
2012/04/06,0,413000,-527000,-114000
2012/04/09,0,515000,-296000,219000
2012/04/10,0,1520000,-163000,1357000
2012/04/11,0,582000,-486000,96000
2012/04/12,0,274000,-574000,-300000
2012/04/13,0,1057832,-356000,701832
2012/04/16,0,1115000,-601000,514000
2012/04/17,0,608000,-373000,235000
2012/04/18,0,348000,-60000,288000
2012/04/19,0,292000,-43000,249000
2012/04/20,0,507000,-174370,332630
2012/04/23,0,440000,-83000,357000
2012/04/24,0,370000,-76000,294000
2012/04/25,0,513000,-180000,333000
2012/04/26,0,289000,-470000,-181000
2012/04/27,0,155000,-400000,-245000
2012/04/30,0,271000,-146000,125000
2012/05/01,0,0,0,0
2012/05/02,0,871000,-230000,641000
2012/05/03,0,729000,-199939,529061
2012/05/04,0,114000,-282000,-168000
2012/05/07,0,519000,-591000,-72000
2012/05/08,0,252000,-262100,-10100
2012/05/09,0,341000,-642000,-301000
2012/05/10,0,540000,-139118,400882
2012/05/11,0,303000,-512000,-209000
2012/05/14,0,155000,-135000,20000
2012/05/15,0,265000,-662000,-397000
2012/05/16,0,591000,-376000,215000
2012/05/17,0,418000,-213000,205000
2012/05/18,0,390000,-593000,-203000
2012/05/21,0,405000,-109544,295456
2012/05/22,0,473000,-262000,211000
2012/05/23,0,136000,-210000,-74000
2012/05/24,0,518000,-258000,260000
2012/05/25,0,201000,-64000,137000
2012/05/28,0,453000,-139000,314000
2012/05/29,0,211000,-118000,93000
2012/05/30,0,464000,-878000,-414000
2012/05/31,0,1381703,-822917,558786
2012/06/01,0,729000,-418630,310370
2012/06/04,0,580371,-362660,217711
2012/06/05,0,176000,-407000,-231000
2012/06/06,0,392000,-438000,-46000
2012/06/07,0,227110,-255000,-27890
2012/06/08,0,101291,-273731,-172440
2012/06/11,0,716000,-330000,386000
2012/06/12,0,984000,-414000,570000
2012/06/13,0,823000,-634410,188590
2012/06/14,0,1235000,-708601,526399
2012/06/15,0,717000,-610206,106794
2012/06/18,0,441000,-1129816,-688816
2012/06/19,0,499000,-515000,-16000
2012/06/20,0,725000,-593000,132000
2012/06/21,0,406859,-514000,-107141
2012/06/22,0,580000,-427000,153000
2012/06/25,0,346000,-609000,-263000
2012/06/26,0,77000,-459000,-382000
2012/06/27,0,158000,-180000,-22000
2012/06/28,0,351000,-380000,-29000
2012/06/29,0,771000,-128000,643000
2012/07/02,0,300000,-195000,105000
2012/07/03,0,381000,-9000,372000
2012/07/04,0,254000,-11000,243000
2012/07/05,0,195000,-22000,173000
2012/07/06,0,415000,-195000,220000
2012/07/09,0,307000,-97000,210000
2012/07/10,0,325000,-114000,211000
2012/07/11,0,265000,-188000,77000
2012/07/12,0,162000,-351000,-189000
2012/07/13,0,284000,-65000,219000
2012/07/16,0,144000,-62000,82000
2012/07/17,0,190000,-315000,-125000
2012/07/18,0,62000,-814906,-752906
2012/07/19,0,653000,-718000,-65000
2012/07/20,0,769000,-808000,-39000
2012/07/23,0,301000,-950000,-649000
2012/07/24,0,234000,-396000,-162000
2012/07/25,0,204000,-311000,-107000
2012/07/26,0,249000,-277288,-28288
2012/07/27,0,271000,-82966,188034
2012/07/30,0,386319,-73000,313319
2012/07/31,0,1185000,-257000,928000
2012/08/01,0,1002000,-211000,791000
2012/08/02,0,0,0,0
2012/08/03,0,168165,-331000,-162835
2012/08/06,0,407000,-170000,237000
2012/08/07,0,377000,-65000,312000
2012/08/08,0,433342,-291000,142342
2012/08/09,0,862000,-157000,705000
2012/08/10,0,536000,-63000,473000
2012/08/13,0,519000,-71000,448000
2012/08/14,0,726000,-575000,151000
2012/08/15,0,4441000,-307000,4134000
2012/08/16,0,4728000,-515000,4213000
2012/08/17,0,2326000,-418000,1908000
2012/08/20,0,2947000,-489952,2457048
2012/08/21,0,3591287,-483000,3108287
2012/08/22,0,506754,-546000,-39246
2012/08/23,0,807058,-491000,316058
2012/08/24,0,216000,-170000,46000
2012/08/27,0,142000,-197000,-55000
2012/08/28,0,258467,-663000,-404533
2012/08/29,0,609000,-127000,482000
2012/08/30,0,2055898,-1009000,1046898
2012/08/31,0,1548000,-757563,790437
2012/09/03,0,165000,-544000,-379000
2012/09/04,0,220000,-347000,-127000
2012/09/05,0,225000,-1352000,-1127000
2012/09/06,0,192000,-634000,-442000
2012/09/07,0,275000,-360749,-85749
2012/09/10,0,553000,-305000,248000
2012/09/11,0,74000,-795000,-721000
2012/09/12,0,588000,-825000,-237000
2012/09/13,0,357000,-37000,320000
2012/09/14,0,456000,-107000,349000
2012/09/17,0,306000,-223000,83000
2012/09/18,0,571000,-180000,391000
2012/09/19,0,941000,-514001,426999
2012/09/20,0,612000,-424000,188000
2012/09/21,0,786000,-119000,667000
2012/09/24,0,308000,-139000,169000
2012/09/25,0,423000,-334288,88712
2012/09/26,0,382000,-607000,-225000
2012/09/27,0,829000,-272220,556780
2012/09/28,0,326352,-731984,-405632
2012/10/01,0,1044000,-848000,196000
2012/10/02,0,478000,-46000,432000
2012/10/03,0,164000,-184000,-20000
2012/10/04,0,269000,-453000,-184000
2012/10/05,0,237000,-483014,-246014
2012/10/08,0,769400,-1025000,-255600
2012/10/09,0,947000,-366000,581000
2012/10/10,0,0,0,0
2012/10/11,0,200000,-461000,-261000
2012/10/12,0,467000,-182000,285000
2012/10/15,0,556000,-676000,-120000
2012/10/16,0,635000,-409000,226000
2012/10/17,0,359000,-354000,5000
2012/10/18,0,215000,-267000,-52000
2012/10/19,0,415000,-610000,-195000
2012/10/22,0,174000,-598000,-424000
2012/10/23,0,206800,-218000,-11200
2012/10/24,0,136000,-425646,-289646
2012/10/25,0,360000,-371000,-11000
2012/10/26,0,632000,-599000,33000
2012/10/29,0,575000,-243000,332000
2012/10/30,0,0,0,0
2012/10/31,0,0,0,0
2012/11/01,0,0,0,0
2012/11/02,0,0,0,0
2012/11/05,0,0,0,0
2012/11/06,0,0,0,0
2012/11/07,0,0,0,0
2012/11/08,0,0,0,0
2012/11/09,0,0,0,0
2012/11/12,0,614000,-1064600,-450600
2012/11/13,0,427000,-522200,-95200
2012/11/14,0,122000,-615760,-493760
2012/11/15,0,590001,-616000,-25999
2012/11/16,0,166000,-402000,-236000
2012/11/19,0,537000,-429000,108000
2012/11/20,0,299000,-1288400,-989400
2012/11/21,0,1416000,-87400,1328600
2012/11/22,0,1747000,-56000,1691000
2012/11/23,0,430000,-413200,16800
2012/11/26,0,276400,-7000,269400
2012/11/27,0,370212,-30800,339412
2012/11/28,0,601000,-104000,497000
2012/11/29,0,958200,-211801,746399
2012/11/30,0,2157132,-1100600,1056532
2012/12/03,0,3384000,-300000,3084000
2012/12/04,0,643400,-226000,417400
2012/12/05,0,316000,-204000,112000
2012/12/06,0,10839000,-125000,10714000
2012/12/07,0,224000,-233000,-9000
2012/12/10,0,193600,-153686,39914
2012/12/11,0,245622,-29800,215822
2012/12/12,0,1745000,-46000,1699000
2012/12/13,0,744229,-309000,435229
2012/12/14,0,392489,-357000,35489
2012/12/17,0,234000,-246600,-12600
2012/12/18,0,372000,-453561,-81561
2012/12/19,0,269000,-292000,-23000
2012/12/20,0,434000,-248000,186000
2012/12/21,0,6736000,-405298,6330702
2012/12/24,0,69000,-104000,-35000
2012/12/25,0,78000,-46000,32000
2012/12/26,0,125000,-64000,61000
2012/12/27,0,322000,-228000,94000
2012/12/28,0,231000,-259000,-28000
2012/12/31,0,0,0,0
2013/01/01,0,0,0,0
2013/01/02,0,847506,-153200,694306
2013/01/03,0,629000,-1207000,-578000
2013/01/04,0,188200,-1496000,-1307800
2013/01/07,0,288600,-671800,-383200
2013/01/08,0,240000,-604000,-364000
2013/01/09,0,315000,-466170,-151170
2013/01/10,0,661000,-582000,79000
2013/01/11,0,776000,-359000,417000
2013/01/14,0,662000,-362000,300000
2013/01/15,0,1498600,-563000,935600
2013/01/16,0,863000,-336600,526400
2013/01/17,0,216000,-438000,-222000
2013/01/18,0,942000,-828000,114000
2013/01/21,0,463000,-202000,261000
2013/01/22,0,352000,-186000,166000
2013/01/23,0,131000,-494522,-363522
2013/01/24,0,481000,-329000,152000
2013/01/25,0,770000,-305000,465000
2013/01/28,0,1228000,-252200,975800
2013/01/29,0,1139000,-133000,1006000
2013/01/30,0,653000,-495295,157705
2013/01/31,0,2740400,-918164,1822236
2013/02/01,0,887000,-420000,467000
2013/02/04,0,1159000,-565200,593800
2013/02/05,0,806200,-497000,309200
2013/02/06,0,1033409,-380800,652609
2013/02/07,0,0,0,0
2013/02/08,0,0,0,0
2013/02/11,0,0,0,0
2013/02/12,0,0,0,0
2013/02/13,0,0,0,0
2013/02/14,0,0,0,0
2013/02/15,0,0,0,0
2013/02/18,0,537920,-344000,193920
2013/02/19,0,311943,-396815,-84872
2013/02/20,0,340626,-101000,239626
2013/02/21,0,316000,-539000,-223000
2013/02/22,0,364000,-467000,-103000
2013/02/25,0,3261000,-189293,3071707
2013/02/26,0,386000,-150343,235657
2013/02/27,0,723200,-293253,429947
2013/02/28,0,0,0,0
2013/03/01,0,349000,-188600,160400
2013/03/04,0,848751,-648000,200751
2013/03/05,0,140000,-202000,-62000
2013/03/06,0,123000,-65000,58000
2013/03/07,0,89959,-210600,-120641
2013/03/08,0,193500,-263000,-69500
2013/03/11,0,431000,-308000,123000
2013/03/12,0,435000,-251348,183652
2013/03/13,0,391000,-371000,20000
2013/03/14,0,188078,-187161,917
2013/03/15,0,149000,-425000,-276000
2013/03/18,0,335000,-739000,-404000
2013/03/19,0,280000,-536000,-256000
2013/03/20,0,1986000,-554730,1431270
2013/03/21,0,728000,-335000,393000
2013/03/22,0,888255,-741486,146769
2013/03/25,0,877000,-182000,695000
2013/03/26,0,429000,-126000,303000
2013/03/27,0,82000,-86000,-4000
2013/03/28,0,424000,-192600,231400
2013/03/29,0,274000,-105000,169000
2013/04/01,0,109255,-64000,45255
2013/04/02,0,280000,-109000,171000
2013/04/03,0,1177000,-111000,1066000
2013/04/04,0,0,0,0
2013/04/05,0,0,0,0
2013/04/08,0,720000,-669439,50561
2013/04/09,0,244000,-255280,-11280
2013/04/10,0,444000,-235000,209000
2013/04/11,0,447378,-316000,131378
2013/04/12,0,245000,-233000,12000
2013/04/15,0,597941,-403800,194141
2013/04/16,0,783687,-148000,635687
2013/04/17,0,762000,-319000,443000
2013/04/18,0,240000,-122000,118000
2013/04/19,0,819000,-60000,759000
2013/04/22,0,689000,-51000,638000
2013/04/23,0,151000,-118000,33000
2013/04/24,0,498500,-28000,470500
2013/04/25,0,611000,-19800,591200
2013/04/26,0,612000,-23000,589000
2013/04/29,0,381000,-26000,355000
2013/04/30,0,770000,-103000,667000
2013/05/01,0,0,0,0
2013/05/02,0,850000,-507818,342182
2013/05/03,0,82000,-322540,-240540
2013/05/06,0,170000,-178000,-8000
2013/05/07,0,631000,-228128,402872
2013/05/08,0,978276,-70200,908076
2013/05/09,0,386163,-44552,341611
2013/05/10,0,250000,-321000,-71000
2013/05/13,0,175000,-207000,-32000
2013/05/14,0,877000,-51000,826000
2013/05/15,0,373000,-113000,260000
2013/05/16,0,864000,-284000,580000
2013/05/17,0,236000,-87600,148400
2013/05/20,0,237000,-62200,174800
2013/05/21,0,1438000,-72648,1365352
2013/05/22,0,476000,-699000,-223000
2013/05/23,0,537000,-327000,210000
2013/05/24,0,210000,-612000,-402000
2013/05/27,0,87017,-135000,-47983
2013/05/28,0,304000,-99000,205000
2013/05/29,0,769000,-206000,563000
2013/05/30,0,534000,-344000,190000
2013/05/31,0,1117000,-402613,714387
2013/06/03,0,831000,-503000,328000
2013/06/04,0,631000,-637000,-6000
2013/06/05,0,742000,-392360,349640
2013/06/06,0,522247,-497300,24947
2013/06/07,0,637000,-933049,-296049
2013/06/10,0,380000,-263000,117000
2013/06/11,0,159000,-211000,-52000
2013/06/12,0,0,0,0
2013/06/13,0,386000,-942000,-556000
2013/06/14,0,973000,-1154050,-181050
2013/06/17,0,414000,-357017,56983
2013/06/18,0,73000,-567000,-494000
2013/06/19,0,177000,-856969,-679969
2013/06/20,0,665000,-290016,374984
2013/06/21,0,1846000,-2303666,-457666
2013/06/24,0,350000,-1027000,-677000
2013/06/25,0,274000,-879000,-605000
2013/06/26,0,484000,-657000,-173000
2013/06/27,0,445002,-648000,-202998
2013/06/28,0,1541000,-1040200,500800
2013/07/01,0,254000,-289000,-35000
2013/07/02,0,262000,-299094,-37094
2013/07/03,0,1020000,-567200,452800
2013/07/04,0,185000,-75000,110000
2013/07/05,0,321000,-65000,256000
2013/07/08,0,379000,-365000,14000
2013/07/09,0,379000,-185000,194000
2013/07/10,0,242000,-135000,107000
2013/07/11,0,1010000,-106000,904000
2013/07/12,0,648000,-530000,118000
2013/07/15,0,1109337,-320800,788537
2013/07/16,0,2147000,-473000,1674000
2013/07/17,0,403000,-161000,242000
2013/07/18,0,360000,-1150200,-790200
2013/07/19,0,1596988,-308000,1288988
2013/07/22,0,430785,-557000,-126215
2013/07/23,0,876000,-98000,778000
2013/07/24,0,598600,-367237,231363
2013/07/25,0,592000,-39000,553000
2013/07/26,0,244000,-47000,197000
2013/07/29,0,286000,-159000,127000
2013/07/30,0,262000,-172000,90000
2013/07/31,0,381000,-278000,103000
2013/08/01,0,129000,-346000,-217000
2013/08/02,0,377000,-690600,-313600
2013/08/05,0,378000,-171000,207000
2013/08/06,0,1223000,-510000,713000
2013/08/07,0,646000,-413639,232361
2013/08/08,0,924000,-263000,661000
2013/08/09,0,93000,-591000,-498000
2013/08/12,0,985000,-312000,673000
2013/08/13,0,848000,-99000,749000
2013/08/14,0,356149,-392000,-35851
2013/08/15,0,628000,-351235,276765
2013/08/16,0,771311,-143000,628311
2013/08/19,0,247000,-662000,-415000
2013/08/20,0,926522,-622522,304000
2013/08/21,0,0,0,0
2013/08/22,0,1649522,-1662600,-13078
2013/08/23,0,792545,-897400,-104855
2013/08/26,0,273000,-461000,-188000
2013/08/27,0,148000,-582000,-434000
2013/08/28,0,227000,-749000,-522000
2013/08/29,0,810000,-493000,317000
2013/08/30,0,671000,-1206093,-535093
2013/09/02,0,603000,-372200,230800
2013/09/03,0,777000,-156712,620288
2013/09/04,0,184000,-482000,-298000
2013/09/05,0,616299,-186000,430299
2013/09/06,0,355000,-592000,-237000
2013/09/09,0,541000,-865200,-324200
2013/09/10,0,361000,-129720,231280
2013/09/11,0,1016000,-214662,801338
2013/09/12,0,715900,-353000,362900
2013/09/13,0,500000,-592800,-92800
2013/09/16,0,648000,-777000,-129000
2013/09/17,0,536000,-508000,28000
2013/09/18,0,668467,-972400,-303933
2013/09/19,0,0,0,0
2013/09/20,0,0,0,0
2013/09/23,0,1066636,-1266374,-199738
2013/09/24,0,460000,-2259317,-1799317
2013/09/25,0,962600,-1200600,-238000
2013/09/26,0,698000,-262000,436000
2013/09/27,0,856000,-1004830,-148830
2013/09/30,0,1868738,-787000,1081738
2013/10/01,0,473000,-523516,-50516
2013/10/02,0,597000,-393082,203918
2013/10/03,0,630631,-103000,527631
2013/10/04,0,509000,-205081,303919
2013/10/07,0,457818,-147000,310818
2013/10/08,0,367000,-139000,228000
2013/10/09,0,409000,-627000,-218000
2013/10/10,0,0,0,0
2013/10/11,0,621000,-872800,-251800
2013/10/14,0,289000,-174927,114073
2013/10/15,0,658000,-241400,416600
2013/10/16,0,681000,-387800,293200
2013/10/17,0,514000,-599000,-85000
2013/10/18,0,415000,-312000,103000
2013/10/21,0,345000,-213435,131565
2013/10/22,0,288200,-312000,-23800
2013/10/23,0,439129,-458000,-18871
2013/10/24,0,641000,-1153605,-512605
2013/10/25,0,240000,-490000,-250000
2013/10/28,0,351000,-131000,220000
2013/10/29,0,450000,-474200,-24200
2013/10/30,0,595973,-21000,574973
2013/10/31,0,511000,-462200,48800
2013/11/01,0,217000,-177000,40000
2013/11/04,0,718000,-89000,629000
2013/11/05,0,531000,-258789,272211
2013/11/06,0,327000,-593000,-266000
2013/11/07,0,352000,-157000,195000
2013/11/08,0,188000,-107000,81000
2013/11/11,0,121000,-132000,-11000
2013/11/12,0,575000,-527463,47537
2013/11/13,0,260913,-190000,70913
2013/11/14,0,377000,-561334,-184334
2013/11/15,0,108000,-1183325,-1075325
2013/11/18,0,305000,-495000,-190000
2013/11/19,0,363000,-612517,-249517
2013/11/20,0,160000,-1081041,-921041
2013/11/21,0,226000,-441000,-215000
2013/11/22,0,109000,-487097,-378097
2013/11/25,0,153000,-28000,125000
2013/11/26,0,1074181,-582715,491466
2013/11/27,0,264818,-545541,-280723
2013/11/28,0,271000,-239000,32000
2013/11/29,0,337000,-40000,297000
2013/12/02,0,476818,-373000,103818
2013/12/03,0,351476,-775341,-423865
2013/12/04,0,496000,-744039,-248039
2013/12/05,0,842604,-678823,163781
2013/12/06,0,80000,-1080337,-1000337
2013/12/09,0,352000,-341000,11000
2013/12/10,0,474200,-669000,-194800
2013/12/11,0,571000,-451000,120000
2013/12/12,0,441000,-241617,199383
2013/12/13,0,424000,-326000,98000
2013/12/16,0,286000,-888000,-602000
2013/12/17,0,297000,-3390727,-3093727
2013/12/18,0,356000,-268000,88000
2013/12/19,0,415000,-489000,-74000
2013/12/20,0,1498812,-1894181,-395369
2013/12/23,0,153000,-383000,-230000
2013/12/24,0,256000,-204255,51745
2013/12/25,0,75000,-19000,56000
2013/12/26,0,183000,-26000,157000
2013/12/27,0,182000,-1174000,-992000
2013/12/30,0,263000,-223003,39997
2013/12/31,0,385700,-18000,367700
2014/01/02,0,85000,-75000,10000
2014/01/03,0,122000,-184000,-62000
2014/01/06,0,149000,-628078,-479078
2014/01/07,0,412000,-202000,210000
2014/01/08,0,120000,-315000,-195000
2014/01/09,0,134000,-342000,-208000
2014/01/10,0,148000,-181000,-33000
2014/01/13,0,663000,-699000,-36000
2014/01/14,0,241000,-313000,-72000
2014/01/15,0,224000,-480000,-256000
2014/01/16,0,76000,-504000,-428000
2014/01/17,0,312818,-258000,54818
2014/01/20,0,181000,-171000,10000
2014/01/21,0,115000,-466537,-351537
2014/01/22,0,869000,-259000,610000
2014/01/23,0,81000,-446000,-365000
2014/01/24,0,829000,-1069000,-240000
2014/01/27,0,564000,-932842,-368842
2014/02/05,0,504120,-1497000,-992880
2014/02/06,0,455000,-1589000,-1134000
2014/02/07,0,381000,-564000,-183000
2014/02/10,0,494000,-483800,10200
2014/02/11,0,372664,-199000,173664
2014/02/12,0,278000,-424000,-146000
2014/02/13,0,193331,-350000,-156669
2014/02/14,0,347690,-331600,16090
2014/02/17,0,121000,-112000,9000
2014/02/18,0,4263000,-6000,4257000
2014/02/19,0,1054000,-229396,824604
2014/02/20,0,720000,-529000,191000
2014/02/21,0,855000,-615800,239200
2014/02/24,0,639000,-341600,297400
2014/02/25,0,171000,-756400,-585400
2014/02/26,0,833000,-670200,162800
2014/02/27,0,453194,-289017,164177
2014/03/03,0,634000,-464000,170000
2014/03/04,0,250000,-356000,-106000
2014/03/05,0,773000,-370800,402200
2014/03/06,0,450000,-975202,-525202
2014/03/07,0,528000,-226000,302000
2014/03/10,0,171000,-355000,-184000
2014/03/11,0,417000,-404000,13000
2014/03/12,0,198000,-69000,129000
2014/03/13,0,127000,-169675,-42675
2014/03/14,0,146000,-176000,-30000
2014/03/17,0,171000,-57000,114000
2014/03/18,0,557000,-577400,-20400
2014/03/19,0,107000,-326000,-219000
2014/03/20,0,139000,-1349800,-1210800
2014/03/21,0,545000,-858000,-313000
2014/03/24,0,195000,-360190,-165190
2014/03/25,0,93000,-299400,-206400
2014/03/26,0,734000,-747591,-13591
2014/03/27,0,398000,-220000,178000
2014/03/28,0,294000,-444600,-150600
2014/03/31,0,1055018,-1170200,-115182
2014/04/01,0,196000,-1032485,-836485
2014/04/02,0,414000,-1604000,-1190000
2014/04/03,0,413000,-1471332,-1058332
2014/04/07,0,851000,-1429000,-578000
2014/04/08,0,306000,-790522,-484522
2014/04/09,0,402000,-870000,-468000
2014/04/10,0,713350,-1334598,-621248
2014/04/11,0,427000,-253400,173600
2014/04/14,0,313000,-350000,-37000
2014/04/15,0,143000,-254280,-111280
2014/04/16,0,346678,-584000,-237322
2014/04/17,0,686000,-657000,29000
2014/04/18,0,200000,-348000,-148000
2014/04/21,0,681000,-280000,401000
2014/04/22,0,658000,-406000,252000
2014/04/23,0,451700,-980815,-529115
2014/04/24,0,651000,-460000,191000
2014/04/25,0,524000,-279000,245000
2014/04/28,0,241000,-186000,55000
2014/04/29,0,122000,-396786,-274786
2014/04/30,0,561000,-886000,-325000
2014/05/02,0,435000,-569600,-134600
2014/05/05,0,166000,-385000,-219000
2014/05/06,0,26000,-302000,-276000
2014/05/07,0,100000,-394000,-294000
2014/05/08,0,139000,-535000,-396000
2014/05/09,0,75000,-202116,-127116
2014/05/12,0,104000,-152000,-48000
2014/05/13,0,351000,-94000,257000
2014/05/14,0,492000,-294000,198000
2014/05/15,0,501000,-910000,-409000
2014/05/16,0,532000,-486600,45400
2014/05/19,0,160000,-122283,37717
2014/05/20,0,108000,-150580,-42580
2014/05/21,0,207000,-566000,-359000
2014/05/22,0,257000,-803000,-546000
2014/05/23,0,345000,-298000,47000
2014/05/26,0,408000,-117000,291000
2014/05/27,0,104000,-95000,9000
2014/05/28,0,475000,-1653000,-1178000
2014/05/29,0,872000,-568029,303971
2014/05/30,0,2945338,-2507600,437738
2014/06/03,0,1503000,-642000,861000
2014/06/04,0,593000,-2269400,-1676400
2014/06/05,0,440550,-400000,40550
2014/06/06,0,158500,-452000,-293500
2014/06/09,0,183000,-221000,-38000
2014/06/10,0,629810,-758461,-128651
2014/06/11,0,342050,-527600,-185550
2014/06/12,0,556650,-389000,167650
2014/06/13,0,198052,-381000,-182948
2014/06/16,0,394000,-513200,-119200
2014/06/17,0,198000,-341000,-143000
2014/06/18,0,940600,-370600,570000
2014/06/19,0,2108111,-2316000,-207889
2014/06/20,0,724000,-325000,399000
2014/06/23,0,223000,-181765,41235
2014/06/24,0,296000,-151087,144913
2014/06/25,0,141000,-326920,-185920
2014/06/26,0,231000,-557000,-326000
2014/06/27,0,119000,-150000,-31000
2014/06/30,0,176000,-93000,83000
2014/07/01,0,198000,-62000,136000
2014/07/02,0,185000,-277000,-92000
2014/07/03,0,367000,-157000,210000
2014/07/04,0,47151,-165000,-117849
2014/07/07,0,153000,-78000,75000
2014/07/08,0,171000,-87000,84000
2014/07/09,0,200000,-52000,148000
2014/07/10,0,582000,-805000,-223000
2014/07/11,0,317000,-223000,94000
2014/07/14,0,83000,-289000,-206000
2014/07/15,0,98000,-66000,32000
2014/07/16,0,407000,-195000,212000
2014/07/17,0,298000,-247400,50600
2014/07/18,0,610000,-50000,560000
2014/07/21,0,350000,-228000,122000
2014/07/22,0,360000,-201900,158100
2014/07/23,0,0,0,0
2014/07/24,0,461000,-260000,201000
2014/07/25,0,102000,-63000,39000
2014/07/28,0,292000,-26000,266000
2014/07/29,0,350000,-55140,294860
2014/07/30,0,456000,-105000,351000
2014/07/31,0,251000,-483000,-232000
2014/08/01,0,137000,-79000,58000
2014/08/04,0,685000,-457000,228000
2014/08/05,0,151000,-1096736,-945736
2014/08/06,0,384000,-445000,-61000
2014/08/07,0,383000,-586963,-203963
2014/08/08,0,209000,-465736,-256736
2014/08/11,0,324000,-272000,52000
2014/08/12,0,262000,-390954,-128954
2014/08/13,0,677000,-1665000,-988000
2014/08/14,0,680851,-1569000,-888149
2014/08/15,0,876000,-781000,95000
2014/08/18,0,737000,-949000,-212000
2014/08/19,0,959942,-2150000,-1190058
2014/08/20,0,1090345,-1768000,-677655
2014/08/21,0,1270000,-478994,791006
2014/08/22,0,433000,-1669000,-1236000
2014/08/25,0,16694000,-1682000,15012000
2014/08/26,0,9538000,-1528104,8009896
2014/08/27,0,3760000,-2240000,1520000
2014/08/28,0,737000,-705916,31084
2014/08/29,0,2395000,-1401000,994000
2014/09/01,0,257000,-818000,-561000
2014/09/02,0,133000,-728000,-595000
2014/09/03,0,390100,-1080000,-689900
2014/09/04,0,391000,-526000,-135000
2014/09/05,0,634000,-199000,435000
2014/09/09,0,237000,-305000,-68000
2014/09/10,0,1132000,-822600,309400
2014/09/11,0,552000,-439500,112500
2014/09/12,0,1215000,-1317600,-102600
2014/09/15,0,191000,-346000,-155000
2014/09/16,0,279000,-241000,38000
2014/09/17,0,917000,-457000,460000
2014/09/18,0,190000,-350260,-160260
2014/09/19,0,558000,-449740,108260
2014/09/22,0,278000,-492000,-214000
2014/09/23,0,570000,-306000,264000
2014/09/24,0,208000,-318895,-110895
2014/09/25,0,231000,-319000,-88000
2014/09/26,0,327000,-73000,254000
2014/09/29,0,736000,-910958,-174958
2014/09/30,0,1854000,-668050,1185950
2014/10/01,0,692000,-480000,212000
2014/10/02,0,340000,-554500,-214500
2014/10/03,0,592000,-293000,299000
2014/10/06,0,119000,-560000,-441000
2014/10/07,0,46000,-543000,-497000
2014/10/08,0,818000,-529000,289000
2014/10/09,0,230100,-661000,-430900
2014/10/13,0,1041000,-509000,532000
2014/10/14,0,798000,-861000,-63000
2014/10/15,0,1025000,-903000,122000
2014/10/16,0,1018500,-1661000,-642500
2014/10/17,0,1268000,-953000,315000
2014/10/20,0,1328047,-179346,1148701
2014/10/21,0,1066000,-305000,761000
2014/10/22,0,310000,-753500,-443500
2014/10/23,0,190000,-161000,29000
2014/10/24,0,269000,-340000,-71000
2014/10/27,0,475000,-190002,284998
2014/10/28,0,734000,-204500,529500
2014/10/29,0,759000,-18000,741000
2014/10/30,0,782000,-49500,732500
2014/10/31,0,1177630,-531000,646630
2014/11/03,0,288000,-369000,-81000
2014/11/04,0,640000,-1256000,-616000
2014/11/05,0,358000,-417000,-59000
2014/11/06,0,416000,-306500,109500
2014/11/07,0,232000,-469000,-237000
2014/11/10,0,714000,-38300,675700
2014/11/11,0,925000,-17000,908000
2014/11/12,0,447999,-1191300,-743301
2014/11/13,0,452000,-718700,-266700
2014/11/14,0,1131000,-820000,311000
2014/11/17,0,744500,-614526,129974
2014/11/18,0,610727,-238000,372727
2014/11/19,0,1710000,-548200,1161800
2014/11/20,0,1300000,-165500,1134500
2014/11/21,0,838000,-254000,584000
2014/11/24,0,1059000,-44000,1015000
2014/11/25,0,2800197,-1112000,1688197
2014/11/26,0,1564000,-168000,1396000
2014/11/27,0,1823000,-180000,1643000
2014/11/28,0,989000,-441000,548000
2014/12/01,0,1345000,-935800,409200
2014/12/02,0,1432000,-1034000,398000
2014/12/03,0,1311000,-1447536,-136536
2014/12/04,0,909000,-1563000,-654000
2014/12/05,0,1239000,-1563000,-324000
2014/12/08,0,1234000,-264000,970000
2014/12/09,0,991000,-1319000,-328000
2014/12/10,0,2036797,-565000,1471797
2014/12/11,0,827000,-578518,248482
2014/12/12,0,2232727,-1799000,433727
2014/12/15,0,901000,-1419500,-518500
2014/12/16,0,698930,-1423612,-724682
2014/12/17,0,2281000,-1285000,996000
2014/12/18,0,815065,-1541500,-726435
2014/12/19,0,2826000,-644141,2181859
2014/12/22,0,447000,-985600,-538600
2014/12/23,0,744000,-418000,326000
2014/12/24,0,481000,-224000,257000
2014/12/25,0,63000,-10000,53000
2014/12/26,0,242000,-82000,160000
2014/12/29,0,725000,-69000,656000
2014/12/30,0,615000,-272000,343000
2014/12/31,0,423000,-258000,165000
2015/01/01,0,0,0,0
2015/01/02,0,0,0,0
2015/01/05,0,386000,-475500,-89500
2015/01/06,0,1416000,-960000,456000
2015/01/07,0,1915000,-665000,1250000
2015/01/08,0,1400000,-499000,901000
2015/01/09,0,930000,-696353,233647
2015/01/12,0,1707000,-368000,1339000
2015/01/13,0,661000,-337300,323700
2015/01/14,0,1553500,-603000,950500
2015/01/15,0,515140,-686000,-170860
2015/01/16,0,1219000,-704726,514274
2015/01/19,0,726000,-151000,575000
2015/01/20,0,946860,-61400,885460
2015/01/21,0,738000,-217177,520823
2015/01/22,0,667000,-129000,538000
2015/01/23,0,1654000,-335650,1318350
2015/01/26,0,585164,-345000,240164
2015/01/27,0,521500,-114300,407200
2015/01/28,0,296000,-799000,-503000
2015/01/29,0,523000,-441706,81294
2015/01/30,0,1372000,-2505800,-1133800
2015/02/02,0,1070000,-257150,812850
2015/02/03,0,476000,-149000,327000
2015/02/04,0,690000,-555740,134260
2015/02/05,0,448000,-279000,169000
2015/02/06,0,262000,-325742,-63742
2015/02/09,0,183000,-310000,-127000
2015/02/10,0,469000,-513500,-44500
2015/02/11,0,496000,-298000,198000
2015/02/12,0,976000,-408000,568000
2015/02/13,0,1527000,-400289,1126711
2015/02/16,0,0,0,0
2015/02/17,0,0,0,0
2015/02/18,0,0,0,0
2015/02/19,0,0,0,0
2015/02/20,0,0,0,0
2015/02/23,0,0,0,0
2015/02/24,0,2439000,-976500,1462500
2015/02/25,0,726000,-755200,-29200
2015/02/26,0,812202,-995700,-183498
2015/02/27,0,0,0,0
2015/03/02,0,1025200,-1707268,-682068
2015/03/03,0,687017,-1367460,-680443
2015/03/04,0,948000,-1359000,-411000
2015/03/05,0,959000,-1054000,-95000
2015/03/06,0,887200,-738000,149200
2015/03/09,0,542000,-435000,107000
2015/03/10,0,2010200,-1547000,463200
2015/03/11,0,807000,-1290000,-483000
2015/03/12,0,1742700,-1650844,91856
2015/03/13,0,517000,-1912000,-1395000
2015/03/16,0,1244500,-1569130,-324630
2015/03/17,0,1529000,-1083000,446000
2015/03/18,0,2079300,-2236434,-157134
2015/03/19,0,1956700,-2300794,-344094
2015/03/20,0,3910000,-3411000,499000
2015/03/23,0,948100,-776555,171545
2015/03/24,0,1993052,-1560016,433036
2015/03/25,0,398000,-1832000,-1434000
2015/03/26,0,2165000,-670500,1494500
2015/03/27,0,810000,-657300,152700
2015/03/30,0,1931800,-549000,1382800
2015/03/31,0,2820000,-707000,2113000
2015/04/01,0,1163000,-951000,212000
2015/04/02,0,1684437,-344000,1340437
2015/04/03,0,0,0,0
2015/04/06,0,0,0,0
2015/04/07,0,1846000,-1060000,786000
2015/04/08,0,3169000,-1751534,1417466
2015/04/09,0,979000,-998000,-19000
2015/04/10,0,1447000,-326000,1121000
2015/04/13,0,1720979,-883000,837979
2015/04/14,0,1066000,-295000,771000
2015/04/15,0,661000,-1000400,-339400
2015/04/16,0,1734000,-509000,1225000
2015/04/17,0,1279683,-470133,809550
2015/04/20,0,1055000,-723000,332000
2015/04/21,0,711000,-554000,157000
2015/04/22,0,1591000,-690054,900946
2015/04/23,0,1831140,-221000,1610140
2015/04/24,0,5426000,-464120,4961880
2015/04/27,0,2169000,-447000,1722000
2015/04/28,0,2750000,-296000,2454000
2015/04/29,0,2162000,-846000,1316000
2015/04/30,0,2041000,-1632606,408394
2015/05/01,0,0,0,0
2015/05/04,0,1787000,-252000,1535000
2015/05/05,0,1394000,-490000,904000
2015/05/06,0,1332000,-459500,872500
2015/05/07,0,821000,-569500,251500
2015/05/08,0,1638052,-177864,1460188
2015/05/11,0,1914000,-401000,1513000
2015/05/12,0,1249000,-811000,438000
2015/05/13,0,941150,-750000,191150
2015/05/14,0,1737300,-682533,1054767
2015/05/15,0,1052000,-1198000,-146000
2015/05/18,0,957000,-464000,493000
2015/05/19,0,1014252,-516487,497765
2015/05/20,0,1111000,-358000,753000
2015/05/21,0,181000,-1394758,-1213758
2015/05/22,0,895000,-422000,473000
2015/05/25,0,281000,-520000,-239000
2015/05/26,0,717224,-434290,282934
2015/05/27,0,1157000,-613755,543245
2015/05/28,0,1379621,-1024683,354938
2015/05/29,0,2957501,-2249139,708362
2015/06/01,0,548500,-720000,-171500
2015/06/02,0,312000,-1101115,-789115
2015/06/03,0,798000,-1253000,-455000
2015/06/04,0,1507000,-958676,548324
2015/06/05,0,600000,-640000,-40000
2015/06/08,0,968000,-684000,284000
2015/06/09,0,666000,-738658,-72658
2015/06/10,0,709000,-1155000,-446000
2015/06/11,0,975000,-1343000,-368000
2015/06/12,0,602000,-1152000,-550000
2015/06/15,0,467500,-1093800,-626300
2015/06/16,0,404000,-1798253,-1394253
2015/06/17,0,1173000,-1740000,-567000
2015/06/18,0,634000,-1777000,-1143000
2015/06/19,0,0,0,0
2015/06/22,0,819000,-1058985,-239985
2015/06/23,0,1486000,-1444000,42000
2015/06/24,0,620000,-660052,-40052
2015/06/25,0,1227009,-2093000,-865991
2015/06/26,0,1041000,-1240000,-199000
2015/06/29,0,848000,-367000,481000
2015/06/30,0,1108530,-683719,424811
2015/07/01,0,635000,-297262,337738
2015/07/02,0,567000,-984000,-417000
2015/07/03,0,426000,-1008000,-582000
2015/07/06,0,343000,-1021000,-678000
2015/07/07,0,907000,-593830,313170
2015/07/08,0,654000,-1219600,-565600
2015/07/09,0,1050400,-1237000,-186600
2015/07/10,0,0,0,0
2015/07/13,0,1496000,-1790400,-294400
2015/07/14,0,1605000,-890000,715000
2015/07/15,0,938448,-533332,405116
2015/07/16,0,816000,-537000,279000
2015/07/17,0,388000,-286000,102000
2015/07/20,0,817000,-287324,529676
2015/07/21,0,430000,-508500,-78500
2015/07/22,0,617000,-531240,85760
2015/07/23,0,805963,-507000,298963
2015/07/24,0,300325,-350000,-49675
2015/07/27,0,270000,-375000,-105000
2015/07/28,0,904804,-767000,137804
2015/07/29,0,637000,-1092500,-455500
2015/07/30,0,962000,-238500,723500
2015/07/31,0,886000,-1295000,-409000
2015/08/03,0,1279171,-336000,943171
2015/08/04,0,730000,-786000,-56000
2015/08/05,0,1065000,-496000,569000
2015/08/06,0,525000,-447000,78000
2015/08/07,0,633000,-339000,294000
2015/08/10,0,840000,-673000,167000
2015/08/11,0,1133000,-1296000,-163000
2015/08/12,0,1335000,-708000,627000
2015/08/13,0,1555000,-849500,705500
2015/08/14,0,913100,-322000,591100
2015/08/17,0,405325,-859187,-453862
2015/08/18,0,860000,-1583500,-723500
2015/08/19,0,1228000,-1887950,-659950
2015/08/20,0,1837000,-1512000,325000
2015/08/21,0,1211776,-1697000,-485224
2015/08/24,0,2420000,-1786000,634000
2015/08/25,0,2305000,-1876232,428768
2015/08/26,0,1492000,-3482380,-1990380
2015/08/27,0,3091000,-3192000,-101000
2015/08/28,0,1936000,-3765824,-1829824
2015/08/31,0,1052000,-1887000,-835000
2015/09/01,0,662000,-1015000,-353000
2015/09/02,0,441000,-1157684,-716684
2015/09/03,0,907000,-1060000,-153000
2015/09/04,0,369684,-1561177,-1191493
2015/09/07,0,2038000,-2306100,-268100
2015/09/08,0,1198000,-1915416,-717416
2015/09/09,0,1325097,-2452000,-1126903
2015/09/10,0,1646492,-2111000,-464508
2015/09/11,0,284000,-1349000,-1065000
2015/09/14,0,699000,-1189000,-490000
2015/09/15,0,756000,-1576500,-820500
2015/09/16,0,1812000,-1240728,571272
2015/09/17,0,1928000,-1349000,579000
2015/09/18,0,1490052,-2669485,-1179433
2015/09/21,0,781000,-1155504,-374504
2015/09/22,0,827200,-3296475,-2469275
2015/09/23,0,735000,-1478115,-743115
2015/09/24,0,912000,-1153000,-241000
2015/09/25,0,1437828,-2279400,-841572
2015/09/28,0,0,0,0
2015/09/29,0,0,0,0
2015/09/30,0,1761000,-3266609,-1505609
2015/10/01,0,1476000,-1350000,126000
2015/10/02,0,945800,-1486208,-540408
2015/10/05,0,1106740,-1675600,-568860
2015/10/06,0,1219000,-1830050,-611050
2015/10/07,0,1385600,-1383000,2600
2015/10/08,0,1542000,-1364109,177891
2015/10/09,0,0,0,0
2015/10/12,0,1693000,-1367739,325261
2015/10/13,0,3668022,-1807264,1860758
2015/10/14,0,1980000,-1624000,356000
2015/10/15,0,2085000,-1582000,503000
2015/10/16,0,3351000,-2030900,1320100
2015/10/19,0,782000,-1072477,-290477
2015/10/20,0,1764000,-1257337,506663
2015/10/21,0,1849065,-1352000,497065
2015/10/22,0,1001000,-857000,144000
2015/10/23,0,1322000,-767000,555000
2015/10/26,0,1018000,-3549964,-2531964
2015/10/27,0,1871900,-1067520,804380
2015/10/28,0,1246000,-851293,394707
2015/10/29,0,2149800,-1796166,353634
2015/10/30,0,2478000,-1486000,992000
2015/11/02,0,148000,-1028000,-880000
2015/11/03,0,972000,-735116,236884
2015/11/04,0,1402000,-1471184,-69184
2015/11/05,0,821000,-811090,9910
2015/11/06,0,651000,-1913400,-1262400
2015/11/09,0,649841,-693229,-43388
2015/11/10,0,703300,-1836200,-1132900
2015/11/11,0,395000,-1831690,-1436690
2015/11/12,0,1366800,-2041600,-674800
2015/11/13,0,693000,-1409440,-716440
2015/11/16,0,5974000,-8457288,-2483288
2015/11/17,0,1169000,-3486472,-2317472
2015/11/18,0,1165000,-2128900,-963900
2015/11/19,0,797000,-2203800,-1406800
2015/11/20,0,382400,-1913180,-1530780
2015/11/23,0,1010959,-1119600,-108641
2015/11/24,0,1136800,-1965250,-828450
2015/11/25,0,1578000,-3240845,-1662845
2015/11/26,0,2612000,-3233104,-621104
2015/11/27,0,1460000,-2607573,-1147573
2015/11/30,0,3992070,-5063457,-1071387
2015/12/01,0,1266000,-3731391,-2465391
2015/12/02,0,690000,-2003000,-1313000
2015/12/03,0,886900,-1912925,-1026025
2015/12/04,0,1024300,-5345856,-4321556
2015/12/07,0,1298000,-2229448,-931448
2015/12/08,0,641900,-2697136,-2055236
2015/12/09,0,602000,-4588109,-3986109
2015/12/10,0,771000,-5417544,-4646544
2015/12/11,0,2104350,-3869365,-1765015
2015/12/14,0,1327000,-2313100,-986100
2015/12/15,0,763000,-1428228,-665228
2015/12/16,0,2679000,-2579119,99881
2015/12/17,0,1938000,-2504017,-566017
2015/12/18,0,2292900,-3266592,-973692
2015/12/21,0,505000,-1263000,-758000
2015/12/22,0,764892,-1342260,-577368
2015/12/23,0,648000,-666900,-18900
2015/12/24,0,654000,-300000,354000
2015/12/25,0,278000,-1793000,-1515000
2015/12/28,0,540000,-1769000,-1229000
2015/12/29,0,562000,-614000,-52000
2015/12/30,0,339000,-6066274,-5727274
2015/12/31,0,426000,-2139000,-1713000
2016/01/01,0,0,0,0
2016/01/04,0,634160,-2442000,-1807840
2016/01/05,0,6458569,-2591190,3867379
2016/01/06,0,1833045,-2925300,-1092255
2016/01/07,0,1679226,-2794306,-1115080
2016/01/08,0,1352000,-2311577,-959577
2016/01/11,0,464000,-1723000,-1259000
2016/01/12,0,184000,-1383000,-1199000
2016/01/13,0,1427000,-1185200,241800
2016/01/14,0,1784022,-1129920,654102
2016/01/15,0,2370000,-3235159,-865159
2016/01/18,0,821368,-2219200,-1397832
2016/01/19,0,487000,-1105000,-618000
2016/01/20,0,1518000,-2554900,-1036900
2016/01/21,0,1493900,-3895600,-2401700
2016/01/22,0,4385000,-4618200,-233200
2016/01/25,0,1291000,-3936900,-2645900
2016/01/26,0,1864000,-3975000,-2111000
2016/01/27,0,1137000,-2389334,-1252334
2016/01/28,0,1680000,-3224665,-1544665
2016/01/29,0,2827844,-3523750,-695906
2016/02/01,0,972305,-1696000,-723695
2016/02/02,0,1439000,-1863177,-424177
2016/02/03,0,3301000,-1344556,1956444
2016/02/04,0,0,0,0
2016/02/05,0,0,0,0
2016/02/08,0,0,0,0
2016/02/09,0,0,0,0
2016/02/10,0,0,0,0
2016/02/11,0,0,0,0
2016/02/12,0,0,0,0
2016/02/15,0,2368542,-2299144,69398
2016/02/16,0,3922000,-1445650,2476350
2016/02/17,0,2125044,-2176000,-50956
2016/02/18,0,2818000,-2199454,618546
2016/02/19,0,2618000,-3215200,-597200
2016/02/22,0,2376000,-508200,1867800
2016/02/23,0,1074678,-2559000,-1484322
2016/02/24,0,1901000,-2866260,-965260
2016/02/25,0,1398880,-2311000,-912120
2016/02/26,0,1296000,-1735037,-439037
2016/02/29,0,0,0,0
2016/03/01,0,1562010,-2012100,-450090
2016/03/02,0,1442000,-2096000,-654000
2016/03/03,0,4077207,-1233100,2844107
2016/03/04,0,2279000,-2130701,148299
2016/03/07,0,2002000,-1338105,663895
2016/03/08,0,6152000,-2714700,3437300
2016/03/09,0,2516000,-1313200,1202800
2016/03/10,0,2057000,-520950,1536050
2016/03/11,0,2013000,-1701000,312000
2016/03/14,0,2444000,-571800,1872200
2016/03/15,0,3608000,-1194600,2413400
2016/03/16,0,3841000,-1982000,1859000
2016/03/17,0,2705000,-2784100,-79100
2016/03/18,0,6468000,-13262490,-6794490
2016/03/21,0,1819000,-3560000,-1741000
2016/03/22,0,2063567,-3231814,-1168247
2016/03/23,0,1533000,-3995000,-2462000
2016/03/24,0,1672000,-2445000,-773000
2016/03/25,0,153000,-893000,-740000
2016/03/28,0,2025000,-2696000,-671000
2016/03/29,0,4401000,-1770000,2631000
2016/03/30,0,3033100,-4489738,-1456638
2016/03/31,0,3048600,-4189250,-1140650
2016/04/01,0,1666000,-2866400,-1200400
2016/04/04,0,0,0,0
2016/04/05,0,0,0,0
2016/04/06,0,5442209,-3140410,2301799
2016/04/07,0,3351000,-2142452,1208548
2016/04/08,0,1925000,-4297246,-2372246
2016/04/11,0,2598000,-730550,1867450
2016/04/12,0,1555496,-942000,613496
2016/04/13,0,3202000,-3926800,-724800
2016/04/14,0,2295000,-1809633,485367
2016/04/15,0,1645043,-569850,1075193
2016/04/18,0,886000,-473000,413000
2016/04/19,0,4597875,-2329000,2268875
2016/04/20,0,2269000,-4564993,-2295993
2016/04/21,0,1764000,-2142000,-378000
2016/04/22,0,3666000,-633000,3033000
2016/04/25,0,512500,-881000,-368500
2016/04/26,0,1486332,-862000,624332
2016/04/27,0,1051000,-1129000,-78000
2016/04/28,0,1379000,-2098400,-719400
2016/04/29,0,2130000,-1129000,1001000
2016/05/02,0,0,0,0
2016/05/03,0,1760000,-1365000,395000
2016/05/04,0,2615000,-1305125,1309875
2016/05/05,0,1308000,-1623000,-315000
2016/05/06,0,757000,-1589000,-832000
2016/05/09,0,880000,-1234000,-354000
2016/05/10,0,2800500,-1051000,1749500
2016/05/11,0,2138100,-1674000,464100
2016/05/12,0,1278900,-853000,425900
2016/05/13,0,2627625,-1403000,1224625
2016/05/16,0,698000,-1476000,-778000
2016/05/17,0,1445250,-1206000,239250
2016/05/18,0,2049813,-1894000,155813
2016/05/19,0,1807000,-2142500,-335500
2016/05/20,0,791000,-761000,30000
2016/05/23,0,1531250,-514000,1017250
2016/05/24,0,1670000,-932000,738000
2016/05/25,0,2554000,-1708000,846000
2016/05/26,0,1084000,-720000,364000
2016/05/27,0,2545000,-703000,1842000
2016/05/30,0,1226000,-406000,820000
2016/05/31,0,3987154,-3686267,300887
2016/06/01,0,1959600,-1082000,877600
2016/06/02,0,2970100,-1380000,1590100
2016/06/03,0,1785000,-1061000,724000
2016/06/06,0,463000,-554000,-91000
2016/06/07,0,2954000,-1314100,1639900
2016/06/08,0,5213000,-1970000,3243000
2016/06/09,0,0,0,0
2016/06/10,0,0,0,0
2016/06/13,0,3541300,-3110300,431000
2016/06/14,0,781952,-2573500,-1791548
2016/06/15,0,1482000,-856000,626000
2016/06/16,0,1867000,-1275000,592000
2016/06/17,0,5526000,-4383972,1142028
2016/06/20,0,2417000,-1033000,1384000
2016/06/21,0,2144196,-1645700,498496
2016/06/22,0,1336250,-897000,439250
2016/06/23,0,233202,-488000,-254798
2016/06/24,0,1236000,-1631000,-395000
2016/06/27,0,518000,-486300,31700
2016/06/28,0,1124000,-2547000,-1423000
2016/06/29,0,1842100,-2235000,-392900
2016/06/30,0,1131000,-2719054,-1588054
2016/07/01,0,2697000,-737100,1959900
2016/07/04,0,573000,-2937000,-2364000
2016/07/05,0,1289695,-1969000,-679305
2016/07/06,0,944000,-2812000,-1868000
2016/07/07,0,770000,-1167000,-397000
2016/07/08,0,0,0,0
2016/07/11,0,3559311,-3159000,400311
2016/07/12,0,1657000,-3076400,-1419400
2016/07/13,0,6664000,-1460000,5204000
2016/07/14,0,1428000,-2667800,-1239800
2016/07/15,0,5074202,-1530000,3544202
2016/07/18,0,3398700,-978000,2420700
2016/07/19,0,1926000,-317000,1609000
2016/07/20,0,3124000,-1127000,1997000
2016/07/21,0,2400000,-626400,1773600
2016/07/22,0,4679000,-2441900,2237100
2016/07/25,0,2187000,-863561,1323439
2016/07/26,0,4790216,-1099000,3691216
2016/07/27,0,1406298,-2070600,-664302
2016/07/28,0,1719649,-590000,1129649
2016/07/29,0,1301000,-1019000,282000
2016/08/01,0,1475947,-619000,856947
2016/08/02,0,2308000,-709900,1598100
2016/08/03,0,1520000,-829900,690100
2016/08/04,0,2065000,-656300,1408700
2016/08/05,0,2288000,-1385000,903000
2016/08/08,0,1333601,-465000,868601
2016/08/09,0,1896013,-124000,1772013
2016/08/10,0,1970200,-556000,1414200
2016/08/11,0,4013759,-463000,3550759
2016/08/12,0,1554000,-504824,1049176
2016/08/15,0,959096,-434000,525096
2016/08/16,0,1771000,-891074,879926
2016/08/17,0,1522866,-1586000,-63134
2016/08/18,0,1869000,-230762,1638238
2016/08/19,0,532591,-1437800,-905209
2016/08/22,0,1120500,-536944,583556
2016/08/23,0,1092798,-649000,443798
2016/08/24,0,1222149,-469000,753149
2016/08/25,0,1664400,-410000,1254400
2016/08/26,0,1264005,-956952,307053
2016/08/29,0,893000,-553000,340000
2016/08/30,0,1090367,-459000,631367
2016/08/31,0,2368625,-1970869,397756
2016/09/01,0,1185545,-879600,305945
2016/09/02,0,1078968,-1142503,-63535
2016/09/05,0,732700,-326000,406700
2016/09/06,0,1277069,-361278,915791
2016/09/07,0,2434344,-2053000,381344
2016/09/08,0,2117715,-1623000,494715
2016/09/09,0,1078998,-1603131,-524133
2016/09/12,0,1270000,-1875368,-605368
2016/09/13,0,1450000,-1992000,-542000
2016/09/14,0,1098850,-2111000,-1012150
2016/09/15,0,0,0,0
2016/09/16,0,0,0,0
2016/09/19,0,2045133,-681804,1363329
2016/09/20,0,822000,-844892,-22892
2016/09/21,0,898000,-480581,417419
2016/09/22,0,1353335,-246000,1107335
2016/09/23,0,1501000,-649000,852000
2016/09/26,0,795028,-876100,-81072
2016/09/27,0,0,0,0
2016/09/28,0,0,0,0
2016/09/29,0,2173468,-1605326,568142
2016/09/30,0,1581468,-1905980,-324512
2016/10/03,0,94667,-635000,-540333
2016/10/04,0,343000,-635805,-292805
2016/10/05,0,672884,-814000,-141116
2016/10/06,0,304468,-1118382,-813914
2016/10/07,0,748803,-829000,-80197
2016/10/10,0,0,0,0
2016/10/11,0,1232000,-912502,319498
2016/10/12,0,948979,-641750,307229
2016/10/13,0,1180000,-1163000,17000
2016/10/14,0,1312000,-893000,419000
2016/10/17,0,466000,-1400050,-934050
2016/10/18,0,1629406,-1174000,455406
2016/10/19,0,819541,-761727,57814
2016/10/20,0,769000,-807418,-38418
2016/10/21,0,4352000,-3660800,691200
2016/10/24,0,559000,-867352,-308352
2016/10/25,0,287000,-1065000,-778000
2016/10/26,0,236000,-1978600,-1742600
2016/10/27,0,921262,-1781000,-859738
2016/10/28,0,391000,-1875000,-1484000
2016/10/31,0,990436,-1351600,-361164
2016/11/01,0,599000,-3935658,-3336658
2016/11/02,0,612261,-2659800,-2047539
2016/11/03,0,1237000,-2025903,-788903
2016/11/04,0,709000,-1456000,-747000
2016/11/07,0,404000,-1440552,-1036552
2016/11/08,0,1431131,-936000,495131
2016/11/09,0,721000,-2394000,-1673000
2016/11/10,0,969000,-1227700,-258700
2016/11/11,0,1874000,-2528116,-654116
2016/11/14,0,739000,-1490010,-751010
2016/11/15,0,886000,-1335609,-449609
2016/11/16,0,1360900,-2143866,-782966
2016/11/17,0,1131000,-1745888,-614888
2016/11/18,0,701000,-1004342,-303342
2016/11/21,0,616000,-347555,268445
2016/11/22,0,2036000,-685791,1350209
2016/11/23,0,1061000,-980579,80421
2016/11/24,0,428000,-169000,259000
2016/11/25,0,995000,-498692,496308
2016/11/28,0,991000,-540119,450881
2016/11/29,0,1341000,-2777896,-1436896
2016/11/30,0,5159673,-3776475,1383198
2016/12/01,0,1386221,-1162596,223625
2016/12/02,0,639000,-904295,-265295
2016/12/05,0,448000,-815451,-367451
2016/12/06,0,1076000,-799413,276587
2016/12/07,0,361000,-288543,72457
2016/12/08,0,2303000,-632543,1670457
2016/12/09,0,988136,-974933,13203
2016/12/12,0,314300,-755000,-440700
2016/12/13,0,1347633,-1501435,-153802
2016/12/14,0,345710,-700000,-354290
2016/12/15,0,517000,-613000,-96000
2016/12/16,0,651000,-1763000,-1112000
2016/12/19,0,96000,-393700,-297700
2016/12/20,0,147568,-304260,-156692
2016/12/21,0,212000,-741300,-529300
2016/12/22,0,104296,-1038605,-934309
2016/12/23,0,106000,-811000,-705000
2016/12/26,0,15000,-169000,-154000
2016/12/27,0,104000,-344000,-240000
2016/12/28,0,449000,-306000,143000
2016/12/29,0,818251,-888936,-70685
2016/12/30,0,871200,-347900,523300
2017/01/02,0,0,0,0
2017/01/03,0,105000,-330000,-225000
2017/01/04,0,574000,-477000,97000
2017/01/05,0,588959,-446460,142499
2017/01/06,0,1664000,-971000,693000
2017/01/09,0,417000,-259000,158000
2017/01/10,0,607000,-653000,-46000
2017/01/11,0,831914,-437000,394914
2017/01/12,0,2105000,-342600,1762400
2017/01/13,0,632483,-392000,240483
2017/01/16,0,108000,-299000,-191000
2017/01/17,0,331000,-138000,193000
2017/01/18,0,473000,-690340,-217340
2017/01/19,0,389400,-426784,-37384
2017/01/20,0,145262,-309877,-164615
2017/01/23,0,753000,-285084,467916
2017/01/24,0,714946,-430875,284071
2017/01/25,0,0,0,0
2017/01/26,0,0,0,0
2017/01/27,0,0,0,0
2017/01/30,0,0,0,0
2017/01/31,0,0,0,0
2017/02/01,0,0,0,0
2017/02/02,0,826876,-2378488,-1551612
2017/02/03,0,550000,-1119001,-569001
2017/02/06,0,668000,-913000,-245000
2017/02/07,0,539771,-1402962,-863191
2017/02/08,0,561284,-1736500,-1175216
2017/02/09,0,1086068,-1139000,-52932
2017/02/10,0,2612846,-2323279,289567
2017/02/13,0,1170522,-261505,909017
2017/02/14,0,1742046,-247000,1495046
2017/02/15,0,2581000,-294000,2287000
2017/02/16,0,1675846,-178000,1497846
2017/02/17,0,1125000,-257000,868000
2017/02/20,0,415000,-279000,136000
2017/02/21,0,1312000,-192000,1120000
2017/02/22,0,808269,-269081,539188
2017/02/23,0,1798000,-146000,1652000
2017/02/24,0,1985000,-1205875,779125
2017/02/27,0,0,0,0
2017/02/28,0,0,0,0
2017/03/01,0,3502175,-747187,2754988
2017/03/02,0,2673567,-2561958,111609
2017/03/03,0,1533000,-1449109,83891
2017/03/06,0,688277,-990523,-302246
2017/03/07,0,2457000,-1147173,1309827
2017/03/08,0,1090000,-1573042,-483042
2017/03/09,0,1901263,-2115248,-213985
2017/03/10,0,1456457,-1001233,455224
2017/03/13,0,906418,-508093,398325
2017/03/14,0,870657,-409775,460882
2017/03/15,0,422000,-356516,65484
2017/03/16,0,747973,-428764,319209
2017/03/17,0,4211000,-4280651,-69651
2017/03/20,0,150000,-721859,-571859
2017/03/21,0,1810937,-1576382,234555
2017/03/22,0,982223,-365095,617128
2017/03/23,0,1032000,-447863,584137
2017/03/24,0,992996,-790035,202961
2017/03/27,0,1360000,-585074,774926
2017/03/28,0,1527500,-725030,802470
2017/03/29,0,1818096,-1326813,491283
2017/03/30,0,1641000,-1508928,132072
2017/03/31,0,2583100,-1930080,653020
2017/04/03,0,0,0,0
2017/04/04,0,0,0,0
2017/04/05,0,2142126,-3471423,-1329297
2017/04/06,0,2150000,-2703843,-553843
2017/04/07,0,1427000,-2359000,-932000
2017/04/10,0,784000,-615131,168869
2017/04/11,0,761210,-969000,-207790
2017/04/12,0,454935,-2510820,-2055885
2017/04/13,0,859000,-446000,413000
2017/04/14,0,37000,-313000,-276000
2017/04/17,0,28000,-390000,-362000
2017/04/18,0,803000,-638305,164695
2017/04/19,0,273000,-3113680,-2840680
2017/04/20,0,355000,-1341954,-986954
2017/04/21,0,115465,-2048052,-1932587
2017/04/24,0,200000,-443000,-243000
2017/04/25,0,1160800,-2928000,-1767200
2017/04/26,0,2079600,-2574660,-495060
2017/04/27,0,581000,-971996,-390996
2017/04/28,0,467200,-668000,-200800
2017/05/01,0,0,0,0
2017/05/02,0,687400,-725120,-37720
2017/05/03,0,419000,-402038,16962
2017/05/04,0,467600,-450000,17600
2017/05/05,0,312254,-802000,-489746
2017/05/08,0,349070,-829200,-480130
2017/05/09,0,600156,-1607900,-1007744
2017/05/10,0,495994,-1282000,-786006
2017/05/11,0,1279702,-788000,491702
2017/05/12,0,298000,-712000,-414000
2017/05/15,0,419549,-996000,-576451
2017/05/16,0,623600,-2022990,-1399390
2017/05/17,0,745600,-1615000,-869400
2017/05/18,0,260914,-1637196,-1376282
2017/05/19,0,376200,-775000,-398800
2017/05/22,0,725645,-1119460,-393815
2017/05/23,0,167740,-845000,-677260
2017/05/24,0,228000,-3118000,-2890000
2017/05/25,0,1107000,-1876029,-769029
2017/05/26,0,0,0,0
2017/05/29,0,0,0,0
2017/05/30,0,0,0,0
2017/05/31,0,1716485,-3153964,-1437479
2017/06/01,0,554000,-996743,-442743
2017/06/02,0,991309,-1695000,-703691
2017/06/05,0,1100000,-1974481,-874481
2017/06/06,0,1395000,-2000760,-605760
2017/06/07,0,1108412,-1953340,-844928
2017/06/08,0,1984500,-1836100,148400
2017/06/09,0,956500,-2229000,-1272500
2017/06/12,0,342670,-1120000,-777330
2017/06/13,0,348000,-747000,-399000
2017/06/14,0,727000,-1833829,-1106829
2017/06/15,0,396000,-1036000,-640000
2017/06/16,0,1504000,-1707000,-203000
2017/06/19,0,913022,-1308360,-395338
2017/06/20,0,622000,-937991,-315991
2017/06/21,0,2401982,-2325491,76491
2017/06/22,0,374000,-575000,-201000
2017/06/23,0,371000,-972000,-601000
2017/06/26,0,1228500,-591000,637500
2017/06/27,0,1217000,-873600,343400
2017/06/28,0,1006000,-1652164,-646164
2017/06/29,0,383500,-992166,-608666
2017/06/30,0,625000,-781000,-156000
2017/07/03,0,607000,-1324000,-717000
2017/07/04,0,440000,-790000,-350000
2017/07/05,0,694000,-1139000,-445000
2017/07/06,0,1667080,-2654080,-987000
2017/07/07,0,68425,-1039112,-970687
2017/07/10,0,132000,-1220570,-1088570
2017/07/11,0,903775,-1809950,-906175
2017/07/12,0,4578500,-5253689,-675189
2017/07/13,0,2364887,-2377206,-12319
2017/07/14,0,1960626,-1952865,7761
2017/07/17,0,642000,-183000,459000
2017/07/18,0,1061500,-956000,105500
2017/07/19,0,874814,-844000,30814
2017/07/20,0,727131,-1093621,-366490
2017/07/21,0,448000,-532154,-84154
2017/07/24,0,836500,-1175000,-338500
2017/07/25,0,1321000,-1195262,125738
2017/07/26,0,1596000,-2366600,-770600
2017/07/27,0,1572000,-654000,918000
2017/07/28,0,237000,-660777,-423777
2017/07/31,0,554500,-1720000,-1165500
2017/08/01,0,570000,-1753000,-1183000
2017/08/02,0,423500,-1660171,-1236671
2017/08/03,0,498000,-1139248,-641248
2017/08/04,0,710500,-2485557,-1775057
2017/08/07,0,1020335,-2029000,-1008665
2017/08/08,0,930000,-3738000,-2808000
2017/08/09,0,763283,-3076125,-2312842
2017/08/10,0,971155,-1282972,-311817
2017/08/11,0,352000,-663000,-311000
2017/08/14,0,409500,-798000,-388500
2017/08/15,0,523000,-1012400,-489400
2017/08/16,0,565000,-1432000,-867000
2017/08/17,0,265000,-1916000,-1651000
2017/08/18,0,233000,-1835000,-1602000
