Date,Open,Buy,Sell,Total
2007/04/23,0,117000,-180000,-63000
2007/04/24,0,45000,-190000,-145000
2007/04/25,0,171000,-377000,-206000
2007/04/26,0,0,-174000,-174000
2007/04/27,0,0,-140000,-140000
2007/04/30,0,569000,-2379000,-1810000
2007/05/01,0,0,0,0
2007/05/02,0,40000,-447000,-407000
2007/05/03,0,174000,-1490000,-1316000
2007/05/04,0,36000,-252000,-216000
2007/05/07,0,255000,-17000,238000
2007/05/08,0,18000,-33000,-15000
2007/05/09,0,0,-81000,-81000
2007/05/10,0,0,-306000,-306000
2007/05/11,0,62000,-201000,-139000
2007/05/14,0,218000,-273000,-55000
2007/05/15,0,10000,-151000,-141000
2007/05/16,0,0,-222000,-222000
2007/05/17,0,0,-30000,-30000
2007/05/18,0,0,-196000,-196000
2007/05/21,0,5000,-339000,-334000
2007/05/22,0,784000,-111000,673000
2007/05/23,0,121000,-187000,-66000
2007/05/24,0,256000,-18000,238000
2007/05/25,0,62000,-26000,36000
2007/05/28,0,655000,-50000,605000
2007/05/29,0,411000,-82000,329000
2007/05/30,0,700000,-15000,685000
2007/05/31,0,228000,-27000,201000
2007/06/01,0,208000,-14000,194000
2007/06/04,0,115000,-214000,-99000
2007/06/05,0,13000,-333000,-320000
2007/06/06,0,1474000,0,1474000
2007/06/07,0,155000,-266000,-111000
2007/06/08,0,12000,-213000,-201000
2007/06/11,0,412000,-11000,401000
2007/06/12,0,15000,-309000,-294000
2007/06/13,0,3000,-329000,-326000
2007/06/14,0,0,-393000,-393000
2007/06/15,0,1000,-25000,-24000
2007/06/18,0,0,0,0
2007/06/19,0,0,0,0
2007/06/20,0,44000,-453000,-409000
2007/06/21,0,11000,-129000,-118000
2007/06/22,0,6000,-32000,-26000
2007/06/25,0,160000,0,160000
2007/06/26,0,146000,-350000,-204000
2007/06/27,0,213000,-186000,27000
2007/06/28,0,404000,-413000,-9000
2007/06/29,0,288000,-4000,284000
2007/07/02,0,244000,-61000,183000
2007/07/03,0,232000,0,232000
2007/07/04,0,8000,-1397000,-1389000
2007/07/05,0,3000,-782000,-779000
2007/07/06,0,674000,-32000,642000
2007/07/09,0,1191000,0,1191000
2007/07/10,0,223000,-200000,23000
2007/07/11,0,553000,-565000,-12000
2007/07/12,0,408000,-117000,291000
2007/07/13,0,273000,-1708000,-1435000
2007/07/16,0,110000,-747000,-637000
2007/07/17,0,299000,-80000,219000
2007/07/18,0,2841000,-474000,2367000
2007/07/19,0,283000,-471000,-188000
2007/07/20,0,302000,-208000,94000
2007/07/23,0,77000,0,77000
2007/07/24,0,210000,0,210000
2007/07/25,0,1270000,0,1270000
2007/07/26,0,108000,-155000,-47000
2007/07/27,0,457000,-52000,405000
2007/07/30,0,262000,-279000,-17000
2007/07/31,0,48000,-564000,-516000
2007/08/01,0,262000,-4010000,-3748000
2007/08/02,0,289000,-1073000,-784000
2007/08/03,0,74000,-93000,-19000
2007/08/06,0,105000,-39000,66000
2007/08/07,0,80000,-23000,57000
2007/08/08,0,344000,0,344000
2007/08/09,0,31000,-1000,30000
2007/08/10,0,32000,0,32000
2007/08/13,0,45000,0,45000
2007/08/14,0,86000,-30000,56000
2007/08/15,0,131000,-620000,-489000
2007/08/16,0,156000,-669000,-513000
2007/08/17,0,399000,-132000,267000
2007/08/20,0,0,-442000,-442000
2007/08/21,0,5000,-650000,-645000
2007/08/22,0,8000,-950000,-942000
2007/08/23,0,98000,-446000,-348000
2007/08/24,0,136000,-20000,116000
2007/08/27,0,59000,0,59000
2007/08/28,0,49000,0,49000
2007/08/29,0,46000,0,46000
2007/08/30,0,353000,-126000,227000
2007/08/31,0,111000,-200000,-89000
2007/09/03,0,38000,-120000,-82000
2007/09/04,0,1318000,-120000,1198000
2007/09/05,0,1879000,-200000,1679000
2007/09/06,0,881000,-838000,43000
2007/09/07,0,1603000,-865000,738000
2007/09/10,0,1744000,-135000,1609000
2007/09/11,0,477000,-3000,474000
2007/09/12,0,189000,0,189000
2007/09/13,0,172000,-200000,-28000
2007/09/14,0,18000,-56000,-38000
2007/09/17,0,200000,-166000,34000
2007/09/18,0,0,0,0
2007/09/19,0,1614000,-420000,1194000
2007/09/20,0,1833000,-1832000,1000
2007/09/21,0,858000,-1328000,-470000
2007/09/24,0,0,0,0
2007/09/25,0,0,0,0
2007/09/26,0,555000,-873000,-318000
2007/09/27,0,3473000,-91000,3382000
2007/09/28,0,2079000,-1778000,301000
2007/10/01,0,1972000,-2296000,-324000
2007/10/02,0,390000,-1050000,-660000
2007/10/03,0,2372000,-7867000,-5495000
2007/10/04,0,539000,-2577000,-2038000
2007/10/05,0,2883000,-1383000,1500000
2007/10/08,0,2257000,-481000,1776000
2007/10/09,0,1270000,-519000,751000
2007/10/10,0,0,0,0
2007/10/11,0,1818000,-96374,1721626
2007/10/12,0,1211000,-1999000,-788000
2007/10/15,0,348000,-1129000,-781000
2007/10/16,0,547000,-708000,-161000
2007/10/17,0,399000,-328000,71000
2007/10/18,0,676000,-654000,22000
2007/10/19,0,330000,-511000,-181000
2007/10/22,0,228000,-1408000,-1180000
2007/10/23,0,552000,-1211000,-659000
2007/10/24,0,460000,-1180000,-720000
2007/10/25,0,470000,-510000,-40000
2007/10/26,0,812000,-148000,664000
2007/10/29,0,3180000,-540000,2640000
2007/10/30,0,646000,-559000,87000
2007/10/31,0,1467000,-3112000,-1645000
2007/11/01,0,427000,-3023000,-2596000
2007/11/02,0,828000,-430000,398000
2007/11/05,0,860000,-2811000,-1951000
2007/11/06,0,475000,-665000,-190000
2007/11/07,0,1203000,-777000,426000
2007/11/08,0,348000,-1638000,-1290000
2007/11/09,0,900000,-1497000,-597000
2007/11/12,0,157000,-281000,-124000
2007/11/13,0,3102000,-538000,2564000
2007/11/14,0,1283000,-224000,1059000
2007/11/15,0,541000,-1364000,-823000
2007/11/16,0,191000,-1828000,-1637000
2007/11/19,0,268000,-384000,-116000
2007/11/20,0,892000,-639331,252669
2007/11/21,0,210000,-397000,-187000
2007/11/22,0,142000,-450000,-308000
2007/11/23,0,1320000,-841000,479000
2007/11/26,0,1280000,-337000,943000
2007/11/27,0,398000,-1701000,-1303000
2007/11/28,0,82000,-470000,-388000
2007/11/29,0,225000,-565000,-340000
2007/11/30,0,685000,-1231000,-546000
2007/12/03,0,223000,-409000,-186000
2007/12/04,0,369000,-434000,-65000
2007/12/05,0,477000,-257000,220000
2007/12/06,0,547000,-827000,-280000
2007/12/07,0,342000,-90000,252000
2007/12/10,0,335000,-947000,-612000
2007/12/11,0,61000,-87000,-26000
2007/12/12,0,47000,-197000,-150000
2007/12/13,0,43000,-371000,-328000
2007/12/14,0,375000,-637000,-262000
2007/12/17,0,108000,-285000,-177000
2007/12/18,0,290000,-475000,-185000
2007/12/19,0,643000,-457000,186000
2007/12/20,0,251000,-323000,-72000
2007/12/21,0,371000,-126000,245000
2007/12/24,0,1008000,-103000,905000
2007/12/25,0,1398000,-62000,1336000
2007/12/26,0,224000,-367000,-143000
2007/12/27,0,1674000,-446000,1228000
2007/12/28,0,259000,-155000,104000
2007/12/31,0,1852000,-1312725,539275
2008/01/01,0,0,0,0
2008/01/02,0,300000,-479000,-179000
2008/01/03,0,1346000,-440000,906000
2008/01/04,0,2033000,-2991018,-958018
2008/01/07,0,739000,-1569000,-830000
2008/01/08,0,1745000,-1015516,729484
2008/01/09,0,718000,-396000,322000
2008/01/10,0,4086000,-666000,3420000
2008/01/11,0,2069000,-899000,1170000
2008/01/14,0,2501000,-2989000,-488000
2008/01/15,0,4447000,-1078000,3369000
2008/01/16,0,662000,-4029000,-3367000
2008/01/17,0,891000,-3614000,-2723000
2008/01/18,0,1757000,-1762000,-5000
2008/01/21,0,434000,-457000,-23000
2008/01/22,0,110000,-783000,-673000
2008/01/23,0,634000,-1816000,-1182000
2008/01/24,0,489000,-1343000,-854000
2008/01/25,0,1717000,-1428000,289000
2008/01/28,0,31000,-219000,-188000
2008/01/29,0,92000,-297000,-205000
2008/01/30,0,164000,-112000,52000
2008/01/31,0,250000,-1527000,-1277000
2008/02/01,0,431000,-177000,254000
2008/02/04,0,0,0,0
2008/02/05,0,0,0,0
2008/02/06,0,0,0,0
2008/02/07,0,0,0,0
2008/02/08,0,0,0,0
2008/02/11,0,0,0,0
2008/02/12,0,161000,-300000,-139000
2008/02/13,0,211000,-322000,-111000
2008/02/14,0,1013000,-156000,857000
2008/02/15,0,225000,-52000,173000
2008/02/18,0,385000,-267000,118000
2008/02/19,0,205000,-369000,-164000
2008/02/20,0,765000,-1088000,-323000
2008/02/21,0,509000,-122000,387000
2008/02/22,0,772000,-94000,678000
2008/02/25,0,1869000,-557769,1311231
2008/02/26,0,7000,-1609612,-1602612
2008/02/27,0,57000,-272655,-215655
2008/02/28,0,0,0,0
2008/02/29,0,552000,-161000,391000
2008/03/03,0,82000,-259806,-177806
2008/03/04,0,569000,-180000,389000
2008/03/05,0,1131000,-428000,703000
2008/03/06,0,551000,-429612,121388
2008/03/07,0,650000,-410000,240000
2008/03/10,0,181000,-975000,-794000
2008/03/11,0,466000,-64000,402000
2008/03/12,0,411000,-115169,295831
2008/03/13,0,245000,-112763,132237
2008/03/14,0,75000,-179000,-104000
2008/03/17,0,110000,-604000,-494000
2008/03/18,0,210000,-582000,-372000
2008/03/19,0,1629000,-396000,1233000
2008/03/20,0,843000,-877000,-34000
2008/03/21,0,1331000,-205000,1126000
2008/03/24,0,3965000,-358000,3607000
2008/03/25,0,1479000,-649000,830000
2008/03/26,0,1183000,-902000,281000
2008/03/27,0,1348000,-645000,703000
2008/03/28,0,1641000,-63000,1578000
2008/03/31,0,195000,-842000,-647000
2008/04/01,0,15000,-3841038,-3826038
2008/04/02,0,305000,-237207,67793
2008/04/03,0,510000,-187000,323000
2008/04/04,0,0,0,0
2008/04/07,0,410000,-699000,-289000
2008/04/08,0,17000,-1517000,-1500000
2008/04/09,0,1640000,-1199000,441000
2008/04/10,0,214000,-482000,-268000
2008/04/11,0,1129000,-477000,652000
2008/04/14,0,2276000,-734000,1542000
2008/04/15,0,1189000,-931000,258000
2008/04/16,0,832000,-179000,653000
2008/04/17,0,1810000,-991000,819000
2008/04/18,0,353000,-1423000,-1070000
2008/04/21,0,2236000,-1559000,677000
2008/04/22,0,147000,-102000,45000
2008/04/23,0,666000,-291000,375000
2008/04/24,0,220000,-41000,179000
2008/04/25,0,400000,-1548000,-1148000
2008/04/28,0,204000,-131000,73000
2008/04/29,0,87000,-3865000,-3778000
2008/04/30,0,340000,-75000,265000
2008/05/01,0,0,0,0
2008/05/02,0,246000,-85000,161000
2008/05/05,0,210000,-432000,-222000
2008/05/06,0,210000,-769000,-559000
2008/05/07,0,591000,-902000,-311000
2008/05/08,0,118000,-63000,55000
2008/05/09,0,549000,-76000,473000
2008/05/12,0,389000,-46000,343000
2008/05/13,0,256000,-292000,-36000
2008/05/14,0,3000,-651000,-648000
2008/05/15,0,1316000,-694000,622000
2008/05/16,0,582000,-1329000,-747000
2008/05/19,0,357000,-63000,294000
2008/05/20,0,165000,-912000,-747000
2008/05/21,0,140000,-368000,-228000
2008/05/22,0,180000,-169000,11000
2008/05/23,0,72000,-698000,-626000
2008/05/26,0,165000,-225000,-60000
2008/05/27,0,57000,-67000,-10000
2008/05/28,0,161000,-600000,-439000
2008/05/29,0,102000,-2757000,-2655000
2008/05/30,0,210000,-879000,-669000
2008/06/02,0,73000,-13000,60000
2008/06/03,0,172000,-202000,-30000
2008/06/04,0,353000,-77000,276000
2008/06/05,0,208000,-41000,167000
2008/06/06,0,4000,-34000,-30000
2008/06/09,0,8000,-259000,-251000
2008/06/10,0,19000,-340000,-321000
2008/06/11,0,149000,-923000,-774000
2008/06/12,0,70000,-694000,-624000
2008/06/13,0,76000,-167000,-91000
2008/06/16,0,61000,-28000,33000
2008/06/17,0,150000,-127000,23000
2008/06/18,0,113000,-15000,98000
2008/06/19,0,54000,-133000,-79000
2008/06/20,0,87000,-208000,-121000
2008/06/23,0,221000,-111000,110000
2008/06/24,0,133000,-7000,126000
2008/06/25,0,366000,-5000,361000
2008/06/26,0,179000,-10000,169000
2008/06/27,0,207000,-700000,-493000
2008/06/30,0,199000,-712000,-513000
2008/07/01,0,476000,-522000,-46000
2008/07/02,0,306000,-91000,215000
2008/07/03,0,261000,-80000,181000
2008/07/04,0,67000,-140000,-73000
2008/07/07,0,68000,-432000,-364000
2008/07/08,0,152000,-582000,-430000
2008/07/09,0,381000,-165000,216000
2008/07/10,0,108000,-136000,-28000
2008/07/11,0,225000,-146000,79000
2008/07/14,0,47000,-101000,-54000
2008/07/15,0,55000,-207000,-152000
2008/07/16,0,78000,-214000,-136000
2008/07/17,0,513000,-129000,384000
2008/07/18,0,174000,-516000,-342000
2008/07/21,0,597000,-24000,573000
2008/07/22,0,233000,-120000,113000
2008/07/23,0,310000,-36000,274000
2008/07/24,0,144000,-50000,94000
2008/07/25,0,135000,-537000,-402000
2008/07/28,0,0,0,0
2008/07/29,0,997000,-100721,896279
2008/07/30,0,68000,-549000,-481000
2008/07/31,0,141000,-270000,-129000
2008/08/01,0,98000,-119000,-21000
2008/08/04,0,112000,-26000,86000
2008/08/05,0,240000,-80000,160000
2008/08/06,0,547000,-7000,540000
2008/08/07,0,56000,-117000,-61000
2008/08/08,0,138000,-31000,107000
2008/08/11,0,22000,-103000,-81000
2008/08/12,0,28000,-188000,-160000
2008/08/13,0,110000,-34000,76000
2008/08/14,0,266000,-84000,182000
2008/08/15,0,267000,-233000,34000
2008/08/18,0,40000,-441898,-401898
2008/08/19,0,34048,-57000,-22952
2008/08/20,0,125000,-139080,-14080
2008/08/21,0,80000,-444198,-364198
2008/08/22,0,144000,-141000,3000
2008/08/25,0,21000,-38000,-17000
2008/08/26,0,74000,-21000,53000
2008/08/27,0,108000,0,108000
2008/08/28,0,58000,-29165,28835
2008/08/29,0,95000,-81000,14000
2008/09/01,0,140000,-29151,110849
2008/09/02,0,148000,-47000,101000
2008/09/03,0,174000,-10000,164000
2008/09/04,0,137000,-74902,62098
2008/09/05,0,140000,-53000,87000
2008/09/08,0,110000,-105000,5000
2008/09/09,0,429000,-222048,206952
2008/09/10,0,167000,-111000,56000
2008/09/11,0,341000,-192000,149000
2008/09/12,0,174000,-71000,103000
2008/09/15,0,88000,-120000,-32000
2008/09/16,0,573000,-305000,268000
2008/09/17,0,500000,-414000,86000
2008/09/18,0,765000,-55000,710000
2008/09/19,0,0,-120000,-120000
2008/09/22,0,303000,-173000,130000
2008/09/23,0,443000,-85000,358000
2008/09/24,0,81000,-122000,-41000
2008/09/25,0,134000,-11000,123000
2008/09/26,0,99000,-492000,-393000
2008/09/29,0,0,0,0
2008/09/30,0,246000,-23000,223000
2008/10/01,0,80000,-139000,-59000
2008/10/02,0,113000,-53000,60000
2008/10/03,0,143000,-391000,-248000
2008/10/06,0,46000,-29992,16008
2008/10/07,0,254000,-10000,244000
2008/10/08,0,2813000,-318000,2495000
2008/10/09,0,132000,-11000,121000
2008/10/10,0,0,0,0
2008/10/13,0,164000,0,164000
2008/10/14,0,373000,-210000,163000
2008/10/15,0,152000,-135647,16353
2008/10/16,0,5000,-53000,-48000
2008/10/17,0,1177000,-14000,1163000
2008/10/20,0,1170000,-84334,1085666
2008/10/21,0,339000,-260000,79000
2008/10/22,0,37000,-77000,-40000
2008/10/23,0,5000,-15286,-10286
2008/10/24,0,83000,-194022,-111022
2008/10/27,0,1427000,-75000,1352000
2008/10/28,0,339000,-84000,255000
2008/10/29,0,174000,-437000,-263000
2008/10/30,0,26000,-145000,-119000
2008/10/31,0,328000,-1272000,-944000
2008/11/03,0,373000,-2303000,-1930000
2008/11/04,0,272000,-760000,-488000
2008/11/05,0,195000,-496000,-301000
2008/11/06,0,356000,-266000,90000
2008/11/07,0,305000,-2774088,-2469088
2008/11/10,0,253000,-311200,-58200
2008/11/11,0,217000,-134000,83000
2008/11/12,0,57000,-193000,-136000
2008/11/13,0,144000,-363004,-219004
2008/11/14,0,95000,-107000,-12000
2008/11/17,0,80000,-44700,35300
2008/11/18,0,145000,-214000,-69000
2008/11/19,0,87000,-145000,-58000
2008/11/20,0,196000,-53000,143000
2008/11/21,0,307000,-113000,194000
2008/11/24,0,130000,-24000,106000
2008/11/25,0,313000,-20000,293000
2008/11/26,0,84000,-1000,83000
2008/11/27,0,218000,-61000,157000
2008/11/28,0,448000,-27000,421000
2008/12/01,0,2198000,-37000,2161000
2008/12/02,0,288000,-177000,111000
2008/12/03,0,332000,-131000,201000
2008/12/04,0,113000,-447644,-334644
2008/12/05,0,94000,-2408000,-2314000
2008/12/08,0,320000,-35000,285000
2008/12/09,0,472000,-77000,395000
2008/12/10,0,1445000,-486000,959000
2008/12/11,0,116000,-746000,-630000
2008/12/12,0,18000,-870000,-852000
2008/12/15,0,142000,-49000,93000
2008/12/16,0,10000,-94000,-84000
2008/12/17,0,43000,-135000,-92000
2008/12/18,0,1000,-48000,-47000
2008/12/19,0,17000,-33000,-16000
2008/12/22,0,328000,-34000,294000
2008/12/23,0,1024000,-161000,863000
2008/12/24,0,382000,-138000,244000
2008/12/25,0,25000,-58000,-33000
2008/12/26,0,18000,-20000,-2000
2008/12/29,0,28000,-2000,26000
2008/12/30,0,36000,-12492,23508
2008/12/31,0,3000,-60551,-57551
2009/01/01,0,0,0,0
2009/01/02,0,0,0,0
2009/01/05,0,63000,-810000,-747000
2009/01/06,0,84000,0,84000
2009/01/07,0,408000,-14000,394000
2009/01/08,0,46000,-46000,0
2009/01/09,0,93000,-33000,60000
2009/01/12,0,21000,-7000,14000
2009/01/13,0,14000,-1000,13000
2009/01/14,0,82000,-9000,73000
2009/01/15,0,831000,-90000,741000
2009/01/16,0,1553000,-959000,594000
2009/01/19,0,391360,-24000,367360
2009/01/20,0,2503000,-922000,1581000
2009/01/21,0,126000,-79568,46432
2009/01/22,0,0,0,0
2009/01/23,0,0,0,0
2009/01/26,0,0,0,0
2009/01/27,0,0,0,0
2009/01/28,0,0,0,0
2009/01/29,0,0,0,0
2009/01/30,0,0,0,0
2009/02/02,0,504000,-23174,480826
2009/02/03,0,30000,-61000,-31000
2009/02/04,0,1040000,-21000,1019000
2009/02/05,0,47000,-2000,45000
2009/02/06,0,11000,-46000,-35000
2009/02/09,0,35000,-107000,-72000
2009/02/10,0,7000,-104000,-97000
2009/02/11,0,39162,-84000,-44838
2009/02/12,0,5000,-180000,-175000
2009/02/13,0,390000,-4000,386000
2009/02/16,0,10000,-165000,-155000
2009/02/17,0,18000,-310000,-292000
2009/02/18,0,52000,-105000,-53000
2009/02/19,0,37000,-68000,-31000
2009/02/20,0,168000,-55465,112535
2009/02/23,0,112000,-52000,60000
2009/02/24,0,357000,-51000,306000
2009/02/25,0,77000,-29000,48000
2009/02/26,0,169000,-6000,163000
2009/02/27,0,65000,-31000,34000
2009/03/02,0,1622000,-139000,1483000
2009/03/03,0,156000,-55000,101000
2009/03/04,0,167000,-85000,82000
2009/03/05,0,84000,-80000,4000
2009/03/06,0,37000,-5000,32000
2009/03/09,0,389000,-39000,350000
2009/03/10,0,247000,-203000,44000
2009/03/11,0,427000,-245000,182000
2009/03/12,0,64000,-10000,54000
2009/03/13,0,355000,-964,354036
2009/03/16,0,226000,-139000,87000
2009/03/17,0,159000,-108000,51000
2009/03/18,0,131000,-223000,-92000
2009/03/19,0,924000,-138000,786000
2009/03/20,0,187000,-133072,53928
2009/03/23,0,155000,-266000,-111000
2009/03/24,0,340000,-74000,266000
2009/03/25,0,494000,-1019000,-525000
2009/03/26,0,281000,-478000,-197000
2009/03/27,0,91000,-395000,-304000
2009/03/30,0,92000,-647000,-555000
2009/03/31,0,254000,-229000,25000
2009/04/01,0,358000,-309000,49000
2009/04/02,0,2103000,-773964,1329036
2009/04/03,0,263000,-1375000,-1112000
2009/04/06,0,589000,-922000,-333000
2009/04/07,0,578000,-566000,12000
2009/04/08,0,113000,-1115000,-1002000
2009/04/09,0,263000,-20000,243000
2009/04/10,0,186000,-2473000,-2287000
2009/04/13,0,391000,-1116000,-725000
2009/04/14,0,268000,-648000,-380000
2009/04/15,0,353000,-734000,-381000
2009/04/16,0,376000,-799000,-423000
2009/04/17,0,204000,-2650961,-2446961
2009/04/20,0,327000,-23000,304000
2009/04/21,0,651000,-25000,626000
2009/04/22,0,384000,-693000,-309000
2009/04/23,0,239000,-492000,-253000
2009/04/24,0,462000,-305000,157000
2009/04/27,0,348000,-266000,82000
2009/04/28,0,355000,-321000,34000
2009/04/29,0,238000,-164000,74000
2009/04/30,0,1014000,-50000,964000
2009/05/01,0,0,0,0
2009/05/04,0,11000,-46000,-35000
2009/05/05,0,329000,-392000,-63000
2009/05/06,0,652000,-697910,-45910
2009/05/07,0,339000,-770000,-431000
2009/05/08,0,215000,-201000,14000
2009/05/11,0,190000,-422000,-232000
2009/05/12,0,280000,-686000,-406000
2009/05/13,0,86000,-1951000,-1865000
2009/05/14,0,71000,-967000,-896000
2009/05/15,0,427000,-370000,57000
2009/05/18,0,1076000,-358000,718000
2009/05/19,0,272000,-688000,-416000
2009/05/20,0,151000,-522000,-371000
2009/05/21,0,66000,-419000,-353000
2009/05/22,0,62000,-329000,-267000
2009/05/25,0,155000,-586959,-431959
2009/05/26,0,445000,-419000,26000
2009/05/27,0,790000,-360000,430000
2009/05/28,0,0,0,0
2009/05/29,0,0,0,0
2009/06/01,0,324000,-576750,-252750
2009/06/02,0,741000,-671119,69881
2009/06/03,0,487000,-591000,-104000
2009/06/04,0,1252000,-360000,892000
2009/06/05,0,218000,-206000,12000
2009/06/08,0,404000,-1000000,-596000
2009/06/09,0,1812000,-302000,1510000
2009/06/10,0,637000,-178000,459000
2009/06/11,0,761000,-412000,349000
2009/06/12,0,267000,-588000,-321000
2009/06/15,0,853000,-404000,449000
2009/06/16,0,49000,-162528,-113528
2009/06/17,0,170000,-59000,111000
2009/06/18,0,304000,-1287000,-983000
2009/06/19,0,322000,-207000,115000
2009/06/22,0,176000,-93000,83000
2009/06/23,0,10000,-84000,-74000
2009/06/24,0,800000,-102000,698000
2009/06/25,0,230000,-311000,-81000
2009/06/26,0,228000,-369000,-141000
2009/06/29,0,139000,-88000,51000
2009/06/30,0,293000,-151000,142000
2009/07/01,0,312000,-167000,145000
2009/07/02,0,104000,-159000,-55000
2009/07/03,0,88000,-90000,-2000
2009/07/06,0,372000,-829000,-457000
2009/07/07,0,489000,-342000,147000
2009/07/08,0,617000,-333000,284000
2009/07/09,0,244000,-451000,-207000
2009/07/10,0,305000,-223000,82000
2009/07/13,0,376000,-1012000,-636000
2009/07/14,0,293000,-106000,187000
2009/07/15,0,1640587,-605000,1035587
2009/07/16,0,852000,-826000,26000
2009/07/17,0,531000,-179000,352000
2009/07/20,0,101000,-41000,60000
2009/07/21,0,258000,-234000,24000
2009/07/22,0,146000,-59000,87000
2009/07/23,0,483000,-46000,437000
2009/07/24,0,2937000,-991000,1946000
2009/07/27,0,71000,-145000,-74000
2009/07/28,0,286978,-79000,207978
2009/07/29,0,151000,-95000,56000
2009/07/30,0,221000,-179000,42000
2009/07/31,0,280000,-1233000,-953000
2009/08/03,0,242609,-457000,-214391
2009/08/04,0,410000,-1647000,-1237000
2009/08/05,0,184000,-405000,-221000
2009/08/06,0,159000,-60000,99000
2009/08/07,0,0,0,0
2009/08/10,0,21000,-130000,-109000
2009/08/11,0,911000,-898000,13000
2009/08/12,0,439000,-522000,-83000
2009/08/13,0,516000,-945000,-429000
2009/08/14,0,704000,-938000,-234000
2009/08/17,0,91000,-2834000,-2743000
2009/08/18,0,444000,-1064000,-620000
2009/08/19,0,161000,-387000,-226000
2009/08/20,0,72000,-182000,-110000
2009/08/21,0,226000,-380000,-154000
2009/08/24,0,1248000,-356000,892000
2009/08/25,0,745000,-185000,560000
2009/08/26,0,985000,-1309000,-324000
2009/08/27,0,277000,-163000,114000
2009/08/28,0,594000,-221000,373000
2009/08/31,0,572000,-37000,535000
2009/09/01,0,276000,-97000,179000
2009/09/02,0,203000,-145000,58000
2009/09/03,0,207000,-458000,-251000
2009/09/04,0,110000,-363000,-253000
2009/09/07,0,1303000,-243000,1060000
2009/09/08,0,1359000,-150000,1209000
2009/09/09,0,686000,-285000,401000
2009/09/10,0,638000,-314000,324000
2009/09/11,0,212000,-159000,53000
2009/09/14,0,417000,-277000,140000
2009/09/15,0,101000,-97000,4000
2009/09/16,0,190000,-143000,47000
2009/09/17,0,2128000,-175000,1953000
2009/09/18,0,863000,-432000,431000
2009/09/21,0,488000,-343000,145000
2009/09/22,0,869000,-170000,699000
2009/09/23,0,1052000,-565792,486208
2009/09/24,0,474000,-178000,296000
2009/09/25,0,426000,-46000,380000
2009/09/28,0,364000,-61220,302780
2009/09/29,0,642000,-116000,526000
2009/09/30,0,1367000,-79000,1288000
2009/10/01,0,1763000,-119000,1644000
2009/10/02,0,617000,-4360000,-3743000
2009/10/05,0,545000,-80000,465000
2009/10/06,0,1694000,-412000,1282000
2009/10/07,0,2527000,-246000,2281000
2009/10/08,0,62000,-117000,-55000
2009/10/09,0,58000,-243000,-185000
2009/10/12,0,31000,-337000,-306000
2009/10/13,0,94000,-341000,-247000
2009/10/14,0,47000,-59000,-12000
2009/10/15,0,666000,-421000,245000
2009/10/16,0,162000,-19000,143000
2009/10/19,0,289000,-152000,137000
2009/10/20,0,34000,-307000,-273000
2009/10/21,0,262000,-70427,191573
2009/10/22,0,226000,-1138000,-912000
2009/10/23,0,173000,-51000,122000
2009/10/26,0,555000,-36000,519000
2009/10/27,0,73000,-18000,55000
2009/10/28,0,133000,-51000,82000
2009/10/29,0,630000,-38000,592000
2009/10/30,0,96000,-579000,-483000
2009/11/02,0,657000,-6736000,-6079000
2009/11/03,0,28000,-285000,-257000
2009/11/04,0,256000,-47000,209000
2009/11/05,0,59000,-190000,-131000
2009/11/06,0,58000,-112000,-54000
2009/11/09,0,177000,-32000,145000
2009/11/10,0,40000,-107000,-67000
2009/11/11,0,167000,-74000,93000
2009/11/12,0,35000,-103000,-68000
2009/11/13,0,173000,-40000,133000
2009/11/16,0,112000,-106000,6000
2009/11/17,0,141000,-78000,63000
2009/11/18,0,12000,-113000,-101000
2009/11/19,0,14000,-45000,-31000
2009/11/20,0,153000,-123000,30000
2009/11/23,0,13000,-87000,-74000
2009/11/24,0,78000,-75000,3000
2009/11/25,0,58000,-118000,-60000
2009/11/26,0,61000,-34000,27000
2009/11/27,0,187000,-212000,-25000
2009/11/30,0,20000,-118198,-98198
2009/12/01,0,250000,-21000,229000
2009/12/02,0,87000,-13000,74000
2009/12/03,0,0,-150000,-150000
2009/12/04,0,46000,-21000,25000
2009/12/07,0,168000,-168000,0
2009/12/08,0,39000,-141000,-102000
2009/12/09,0,67000,-127000,-60000
2009/12/10,0,0,-234000,-234000
2009/12/11,0,283000,-65795,217205
2009/12/14,0,1267000,-190000,1077000
2009/12/15,0,0,-113000,-113000
2009/12/16,0,0,-231000,-231000
2009/12/17,0,24000,-24000,0
2009/12/18,0,131000,-13000,118000
2009/12/21,0,42000,-568000,-526000
2009/12/22,0,3000,-758118,-755118
2009/12/23,0,4000,-93000,-89000
2009/12/24,0,70000,-58000,12000
2009/12/25,0,239000,-4000,235000
2009/12/28,0,185000,-48000,137000
2009/12/29,0,164000,-128000,36000
2009/12/30,0,437000,-41000,396000
2009/12/31,0,94000,-75000,19000
2010/01/01,0,0,0,0
2010/01/04,0,248000,-146000,102000
2010/01/05,0,1795000,-1624000,171000
2010/01/06,0,420000,-73000,347000
2010/01/07,0,464000,-75000,389000
2010/01/08,0,543000,-309000,234000
2010/01/11,0,329000,-1180000,-851000
2010/01/12,0,336000,-820000,-484000
2010/01/13,0,308000,-124000,184000
2010/01/14,0,690000,-488184,201816
2010/01/15,0,103000,-541000,-438000
2010/01/18,0,41000,-10000,31000
2010/01/19,0,225000,-238000,-13000
2010/01/20,0,168000,-147000,21000
2010/01/21,0,34000,-151000,-117000
2010/01/22,0,62000,-111000,-49000
2010/01/25,0,73000,-286000,-213000
2010/01/26,0,35000,-479000,-444000
2010/01/27,0,299000,-46000,253000
2010/01/28,0,143000,-86000,57000
2010/01/29,0,179000,-321000,-142000
2010/02/01,0,47000,-91000,-44000
2010/02/02,0,21000,-30000,-9000
2010/02/03,0,1000,-49000,-48000
2010/02/04,0,23000,-16000,7000
2010/02/05,0,114000,-275000,-161000
2010/02/08,0,250000,-9000,241000
2010/02/09,0,74000,-112000,-38000
2010/02/10,0,47000,-89000,-42000
2010/02/11,0,0,0,0
2010/02/12,0,0,0,0
2010/02/15,0,0,0,0
2010/02/16,0,0,0,0
2010/02/17,0,0,0,0
2010/02/18,0,0,0,0
2010/02/19,0,0,0,0
2010/02/22,0,196000,-85000,111000
2010/02/23,0,462000,-99000,363000
2010/02/24,0,166000,-102000,64000
2010/02/25,0,62000,-811000,-749000
2010/02/26,0,35000,-100000,-65000
2010/03/01,0,657000,-44000,613000
2010/03/02,0,144000,-134000,10000
2010/03/03,0,270000,-19000,251000
2010/03/04,0,431000,-583000,-152000
2010/03/05,0,158000,-94000,64000
2010/03/08,0,108000,-119000,-11000
2010/03/09,0,4000,-288000,-284000
2010/03/10,0,109000,-573000,-464000
2010/03/11,0,20000,-87000,-67000
2010/03/12,0,39000,-28000,11000
2010/03/15,0,0,-87000,-87000
2010/03/16,0,25000,-133000,-108000
2010/03/17,0,377000,-204000,173000
2010/03/18,0,206000,-347000,-141000
2010/03/19,0,55000,-147000,-92000
2010/03/22,0,87000,-47000,40000
2010/03/23,0,90000,-36000,54000
2010/03/24,0,90000,-85000,5000
2010/03/25,0,347000,-23000,324000
2010/03/26,0,188000,-15000,173000
2010/03/29,0,113000,-1071000,-958000
2010/03/30,0,174000,-1226000,-1052000
2010/03/31,0,95000,-81000,14000
2010/04/01,0,314000,-41000,273000
2010/04/02,0,858000,-203000,655000
2010/04/05,0,0,0,0
2010/04/06,0,346000,-665000,-319000
2010/04/07,0,384000,-264000,120000
2010/04/08,0,685000,-266000,419000
2010/04/09,0,105000,-214000,-109000
2010/04/12,0,972000,-257000,715000
2010/04/13,0,947000,-483000,464000
2010/04/14,0,319000,-452000,-133000
2010/04/15,0,828000,-792000,36000
2010/04/16,0,1300000,-323000,977000
2010/04/19,0,399000,-392000,7000
2010/04/20,0,442000,-823000,-381000
2010/04/21,0,368000,-313000,55000
2010/04/22,0,285000,-169000,116000
2010/04/23,0,423000,-372000,51000
2010/04/26,0,489000,-1038000,-549000
2010/04/27,0,119000,-455000,-336000
2010/04/28,0,83000,-302000,-219000
2010/04/29,0,13000,-386000,-373000
2010/04/30,0,1370000,-2704000,-1334000
2010/05/03,0,838000,-1290000,-452000
2010/05/04,0,184000,-352000,-168000
2010/05/05,0,178000,-1645000,-1467000
2010/05/06,0,433000,-330000,103000
2010/05/07,0,342000,-548000,-206000
2010/05/10,0,196000,-214000,-18000
2010/05/11,0,453000,-318980,134020
2010/05/12,0,1488000,-288000,1200000
2010/05/13,0,531000,-1146000,-615000
2010/05/14,0,951000,-307000,644000
2010/05/17,0,260000,-516000,-256000
2010/05/18,0,540000,-1805000,-1265000
2010/05/19,0,951000,-347000,604000
2010/05/20,0,81000,-675000,-594000
2010/05/21,0,525000,-480000,45000
2010/05/24,0,554000,-246275,307725
2010/05/25,0,190000,-454000,-264000
2010/05/26,0,423000,-335000,88000
2010/05/27,0,590000,-132000,458000
2010/05/28,0,993000,-380000,613000
2010/05/31,0,245000,-38000,207000
2010/06/01,0,257000,-1018000,-761000
2010/06/02,0,387000,-356000,31000
2010/06/03,0,665000,-32000,633000
2010/06/04,0,137000,-177000,-40000
2010/06/07,0,50000,-301000,-251000
2010/06/08,0,216000,-163000,53000
2010/06/09,0,205000,-162000,43000
2010/06/10,0,94000,-99000,-5000
2010/06/11,0,102000,-377000,-275000
2010/06/14,0,64000,-122000,-58000
2010/06/15,0,402000,-761000,-359000
2010/06/16,0,0,0,0
2010/06/17,0,704000,-334000,370000
2010/06/18,0,26000,-113000,-87000
2010/06/21,0,1073000,-2175000,-1102000
2010/06/22,0,632000,-1092000,-460000
2010/06/23,0,287000,-328000,-41000
2010/06/24,0,192000,-40013,151987
2010/06/25,0,1481000,-240000,1241000
2010/06/28,0,2468000,-581000,1887000
2010/06/29,0,206000,-885000,-679000
2010/06/30,0,524000,-162000,362000
2010/07/01,0,1124000,-1473000,-349000
2010/07/02,0,3376000,-3532000,-156000
2010/07/05,0,3470000,-883000,2587000
2010/07/06,0,3708500,-1353000,2355500
2010/07/07,0,2353300,-1812000,541300
2010/07/08,0,1350000,-854000,496000
2010/07/09,0,1496000,-503000,993000
2010/07/12,0,1828000,-647300,1180700
2010/07/13,0,1147000,-2045000,-898000
2010/07/14,0,2519000,-1080500,1438500
2010/07/15,0,346000,-395000,-49000
2010/07/16,0,554000,-1388000,-834000
2010/07/19,0,708000,-162000,546000
2010/07/20,0,1025000,-1597000,-572000
2010/07/21,0,3151000,-1538000,1613000
2010/07/22,0,2292000,-836000,1456000
2010/07/23,0,1387000,-1336850,50150
2010/07/26,0,416000,-409000,7000
2010/07/27,0,710000,-262000,448000
2010/07/28,0,512000,-185000,327000
2010/07/29,0,571000,-350000,221000
2010/07/30,0,386000,-670000,-284000
2010/08/02,0,1972000,-1786000,186000
2010/08/03,0,971000,-1293000,-322000
2010/08/04,0,2173000,-657000,1516000
2010/08/05,0,2213000,-1093000,1120000
2010/08/06,0,625000,-291000,334000
2010/08/09,0,611000,-994000,-383000
2010/08/10,0,1259000,-2459000,-1200000
2010/08/11,0,918000,-4048000,-3130000
2010/08/12,0,2350000,-1088000,1262000
2010/08/13,0,1016000,-393000,623000
2010/08/16,0,1006000,-1292000,-286000
2010/08/17,0,1074000,-2727000,-1653000
2010/08/18,0,1533000,-1985000,-452000
2010/08/19,0,1220000,-299000,921000
2010/08/20,0,2199000,-482959,1716041
2010/08/23,0,794000,-1403000,-609000
2010/08/24,0,728000,-1171858,-443858
2010/08/25,0,2726000,-1461300,1264700
2010/08/26,0,586000,-891000,-305000
2010/08/27,0,1228000,-614000,614000
2010/08/30,0,764000,-2027000,-1263000
2010/08/31,0,1057000,-1091000,-34000
2010/09/01,0,2119300,-910000,1209300
2010/09/02,0,1791000,-1654300,136700
2010/09/03,0,1664000,-201700,1462300
2010/09/06,0,3421000,-1373000,2048000
2010/09/07,0,3697000,-282300,3414700
2010/09/08,0,910000,-1300000,-390000
2010/09/09,0,2454000,-2589000,-135000
2010/09/10,0,1703000,-763320,939680
2010/09/13,0,810000,-2152000,-1342000
2010/09/14,0,537000,-451000,86000
2010/09/15,0,362000,-651000,-289000
2010/09/16,0,144000,-275000,-131000
2010/09/17,0,2611000,-920000,1691000
2010/09/20,0,820000,-1309000,-489000
2010/09/21,0,613000,-939000,-326000
2010/09/22,0,0,0,0
2010/09/23,0,445000,-382000,63000
2010/09/24,0,600000,-7328000,-6728000
2010/09/27,0,140000,-289000,-149000
2010/09/28,0,145000,-464000,-319000
2010/09/29,0,913000,-297000,616000
2010/09/30,0,509000,-275000,234000
2010/10/01,0,375000,-140000,235000
2010/10/04,0,256000,-350000,-94000
2010/10/05,0,2060000,-1515000,545000
2010/10/06,0,3243000,-1975000,1268000
2010/10/07,0,753000,-286944,466056
2010/10/08,0,526000,-1382000,-856000
2010/10/11,0,238000,-1786000,-1548000
2010/10/12,0,189000,-800000,-611000
2010/10/13,0,609000,-1060000,-451000
2010/10/14,0,263000,-929000,-666000
2010/10/15,0,616000,-468000,148000
2010/10/18,0,102000,-503000,-401000
2010/10/19,0,115000,-282000,-167000
2010/10/20,0,319000,-807000,-488000
2010/10/21,0,2213000,-622000,1591000
2010/10/22,0,1442000,-1447000,-5000
2010/10/25,0,3360000,-4657000,-1297000
2010/10/26,0,1737000,-9536000,-7799000
2010/10/27,0,1881160,-2241000,-359840
2010/10/28,0,455000,-2493000,-2038000
2010/10/29,0,582300,-1843000,-1260700
2010/11/01,0,1535400,-3140000,-1604600
2010/11/02,0,863160,-669000,194160
2010/11/03,0,663010,-1570000,-906990
2010/11/04,0,1105050,-545000,560050
2010/11/05,0,1824050,-1006000,818050
2010/11/08,0,267000,-710000,-443000
2010/11/09,0,557000,-270000,287000
2010/11/10,0,1069000,-1846000,-777000
2010/11/11,0,300000,-889997,-589997
2010/11/12,0,388000,-1536000,-1148000
2010/11/15,0,577000,-1432000,-855000
2010/11/16,0,2352000,-529000,1823000
2010/11/17,0,913000,-294000,619000
2010/11/18,0,2477000,-1267000,1210000
2010/11/19,0,1894000,-1781000,113000
2010/11/22,0,2371000,-2176000,195000
2010/11/23,0,2737000,-3065000,-328000
2010/11/24,0,1004000,-2291000,-1287000
2010/11/25,0,581000,-1934000,-1353000
2010/11/26,0,879000,-1001000,-122000
2010/11/29,0,951000,-1605000,-654000
2010/11/30,0,837000,-1181000,-344000
2010/12/01,0,840000,-151000,689000
2010/12/02,0,2602000,-1380000,1222000
2010/12/03,0,683000,-1294000,-611000
2010/12/06,0,577000,-431000,146000
2010/12/07,0,307000,-468000,-161000
2010/12/08,0,1084000,-448000,636000
2010/12/09,0,1039000,-489000,550000
2010/12/10,0,735000,-1285000,-550000
2010/12/13,0,559000,-1202564,-643564
2010/12/14,0,1056000,-2619000,-1563000
2010/12/15,0,464000,-596000,-132000
2010/12/16,0,1482000,-878000,604000
2010/12/17,0,408000,-1247000,-839000
2010/12/20,0,411000,-481000,-70000
2010/12/21,0,1979000,-1474000,505000
2010/12/22,0,1076000,-1303000,-227000
2010/12/23,0,349000,-1017000,-668000
2010/12/24,0,676000,-143000,533000
2010/12/27,0,502000,-305000,197000
2010/12/28,0,1095000,-559000,536000
2010/12/29,0,2312000,-1242481,1069519
2010/12/30,0,478000,-2652000,-2174000
2010/12/31,0,761000,-1089000,-328000
2011/01/03,0,1029000,-1881000,-852000
2011/01/04,0,603000,-1206000,-603000
2011/01/05,0,225000,-842000,-617000
2011/01/06,0,1319000,-1133000,186000
2011/01/07,0,274000,-2691000,-2417000
2011/01/10,0,318000,-441880,-123880
2011/01/11,0,424000,-363000,61000
2011/01/12,0,426000,-265000,161000
2011/01/13,0,1268000,-930000,338000
2011/01/14,0,1685000,-1711000,-26000
2011/01/17,0,884000,-987000,-103000
2011/01/18,0,169000,-1078000,-909000
2011/01/19,0,231000,-371000,-140000
2011/01/20,0,98000,-90000,8000
2011/01/21,0,472000,-83000,389000
2011/01/24,0,191000,-316000,-125000
2011/01/25,0,803000,-1620000,-817000
2011/01/26,0,350000,-366000,-16000
2011/01/27,0,341000,-463000,-122000
2011/01/28,0,270000,-289000,-19000
2011/01/31,0,0,0,0
2011/02/01,0,0,0,0
2011/02/02,0,0,0,0
2011/02/03,0,0,0,0
2011/02/04,0,0,0,0
2011/02/07,0,0,0,0
2011/02/08,0,205000,-501000,-296000
2011/02/09,0,27000,-511000,-484000
2011/02/10,0,231000,-388000,-157000
2011/02/11,0,505000,-877000,-372000
2011/02/14,0,401000,-767000,-366000
2011/02/15,0,597000,-916000,-319000
2011/02/16,0,593000,-328000,265000
2011/02/17,0,478000,-1159000,-681000
2011/02/18,0,829000,-510000,319000
2011/02/21,0,117000,-238000,-121000
2011/02/22,0,571000,-504000,67000
2011/02/23,0,448000,-535145,-87145
2011/02/24,0,634000,-764000,-130000
2011/02/25,0,930000,-814631,115369
2011/02/28,0,0,0,0
2011/03/01,0,647000,-717000,-70000
2011/03/02,0,1023000,-867000,156000
2011/03/03,0,1028000,-159000,869000
2011/03/04,0,360000,-122902,237098
2011/03/07,0,1375000,-346000,1029000
2011/03/08,0,1007000,-122000,885000
2011/03/09,0,856150,-188000,668150
2011/03/10,0,185000,-316000,-131000
2011/03/11,0,435000,-374000,61000
2011/03/14,0,752000,-1345000,-593000
2011/03/15,0,913000,-1423000,-510000
2011/03/16,0,1435000,-1351000,84000
2011/03/17,0,1757000,-1378000,379000
2011/03/18,0,534000,-501000,33000
2011/03/21,0,700000,-331000,369000
2011/03/22,0,372000,-645000,-273000
2011/03/23,0,509000,-367000,142000
2011/03/24,0,182000,-332000,-150000
2011/03/25,0,130000,-258000,-128000
2011/03/28,0,55000,-247000,-192000
2011/03/29,0,193000,-206000,-13000
2011/03/30,0,183000,-315000,-132000
2011/03/31,0,236000,-264000,-28000
2011/04/01,0,96000,-135000,-39000
2011/04/04,0,0,0,0
2011/04/05,0,0,0,0
2011/04/06,0,99000,-119000,-20000
2011/04/07,0,1374000,-175000,1199000
2011/04/08,0,107000,-602000,-495000
2011/04/11,0,371000,-579000,-208000
2011/04/12,0,418000,-196000,222000
2011/04/13,0,1309000,-568063,740937
2011/04/14,0,5146000,-735000,4411000
2011/04/15,0,982000,-1097000,-115000
2011/04/18,0,607000,-172000,435000
2011/04/19,0,461000,-174000,287000
2011/04/20,0,1409000,-653000,756000
2011/04/21,0,927000,-361000,566000
2011/04/22,0,3416000,-606000,2810000
2011/04/25,0,1613000,-3037000,-1424000
2011/04/26,0,1929000,-2277000,-348000
2011/04/27,0,1327000,-2597000,-1270000
2011/04/28,0,1246000,-473000,773000
2011/04/29,0,420000,-1601000,-1181000
2011/05/02,0,0,0,0
2011/05/03,0,763000,-160000,603000
2011/05/04,0,1997000,-433501,1563499
2011/05/05,0,559000,-411000,148000
2011/05/06,0,3287000,-1078000,2209000
2011/05/09,0,2202000,-2951000,-749000
2011/05/10,0,658000,-720000,-62000
2011/05/11,0,686000,-183714,502286
2011/05/12,0,246000,-222000,24000
2011/05/13,0,2287000,-479000,1808000
2011/05/16,0,484000,-419000,65000
2011/05/17,0,368000,-908000,-540000
2011/05/18,0,305000,-458000,-153000
2011/05/19,0,1509000,-2022524,-513524
2011/05/20,0,334000,-1891000,-1557000
2011/05/23,0,495000,-859000,-364000
2011/05/24,0,675000,-29000,646000
2011/05/25,0,465000,-164000,301000
2011/05/26,0,195000,-153000,42000
2011/05/27,0,360000,-79000,281000
2011/05/30,0,123000,-183000,-60000
2011/05/31,0,377000,-230000,147000
2011/06/01,0,590000,-874000,-284000
2011/06/02,0,447000,-7117000,-6670000
2011/06/03,0,812000,-606000,206000
2011/06/06,0,0,0,0
2011/06/07,0,772000,-131000,641000
2011/06/08,0,164000,-560000,-396000
2011/06/09,0,100000,-126000,-26000
2011/06/10,0,43000,-30000,13000
2011/06/13,0,735000,-1314000,-579000
2011/06/14,0,1485000,-641000,844000
2011/06/15,0,1395000,-476000,919000
2011/06/16,0,283000,-1369000,-1086000
2011/06/17,0,600000,-239000,361000
2011/06/20,0,766000,-88000,678000
2011/06/21,0,73000,-143000,-70000
2011/06/22,0,149000,-91000,58000
2011/06/23,0,521000,-946000,-425000
2011/06/24,0,1240000,-367000,873000
2011/06/27,0,171000,-104000,67000
2011/06/28,0,718090,-489000,229090
2011/06/29,0,314000,-143000,171000
2011/06/30,0,111000,-1806000,-1695000
2011/07/01,0,824000,-6000,818000
2011/07/04,0,886000,-2194000,-1308000
2011/07/05,0,1368000,-871143,496857
2011/07/06,0,657000,-1305000,-648000
2011/07/07,0,237000,-1022000,-785000
2011/07/08,0,746000,-2176000,-1430000
2011/07/11,0,518000,-943000,-425000
2011/07/12,0,81000,-621000,-540000
2011/07/13,0,565000,-1095000,-530000
2011/07/14,0,693000,-705000,-12000
2011/07/15,0,283000,-427000,-144000
2011/07/18,0,414000,-29000,385000
2011/07/19,0,268000,-73000,195000
2011/07/20,0,291000,-229000,62000
2011/07/21,0,102000,-198000,-96000
2011/07/22,0,388000,-801000,-413000
2011/07/25,0,101000,-130000,-29000
2011/07/26,0,166000,-154000,12000
2011/07/27,0,90000,-78000,12000
2011/07/28,0,150000,-164000,-14000
2011/07/29,0,192000,-363000,-171000
2011/08/01,0,167000,-35000,132000
2011/08/02,0,32000,-144000,-112000
2011/08/03,0,61000,-153000,-92000
2011/08/04,0,58000,-188000,-130000
2011/08/05,0,649000,-775000,-126000
2011/08/08,0,275000,-472000,-197000
2011/08/09,0,1194000,-495000,699000
2011/08/10,0,214000,-188000,26000
2011/08/11,0,103000,-39000,64000
2011/08/12,0,26000,-505389,-479389
2011/08/15,0,443000,-149000,294000
2011/08/16,0,681000,-462000,219000
2011/08/17,0,550000,-157000,393000
2011/08/18,0,103000,-84000,19000
2011/08/19,0,145000,-786000,-641000
2011/08/22,0,307000,-395000,-88000
2011/08/23,0,1890000,-254000,1636000
2011/08/24,0,338000,-704000,-366000
2011/08/25,0,85000,-210000,-125000
2011/08/26,0,81000,-197000,-116000
2011/08/29,0,143000,-48000,95000
2011/08/30,0,530000,-48000,482000
2011/08/31,0,1121000,-38000,1083000
2011/09/01,0,415000,-1720000,-1305000
2011/09/02,0,272000,-48000,224000
2011/09/05,0,231000,-125000,106000
2011/09/06,0,130000,-632000,-502000
2011/09/07,0,48000,-303000,-255000
2011/09/08,0,142000,-83000,59000
2011/09/09,0,110000,-529000,-419000
2011/09/12,0,0,0,0
2011/09/13,0,150000,-104000,46000
2011/09/14,0,65000,-248000,-183000
2011/09/15,0,46000,-79000,-33000
2011/09/16,0,204000,-271000,-67000
2011/09/19,0,185000,-115000,70000
2011/09/20,0,367000,-253000,114000
2011/09/21,0,530000,-460000,70000
2011/09/22,0,339000,-250000,89000
2011/09/23,0,135000,-130000,5000
2011/09/26,0,85000,-624000,-539000
2011/09/27,0,201000,-253000,-52000
2011/09/28,0,104000,-49100,54900
2011/09/29,0,82000,-36000,46000
2011/09/30,0,26000,-149098,-123098
2011/10/03,0,50000,-106299,-56299
2011/10/04,0,29000,-38799,-9799
2011/10/05,0,14000,-68643,-54643
2011/10/06,0,194000,-81000,113000
2011/10/07,0,55000,-28000,27000
2011/10/10,0,0,0,0
2011/10/11,0,138000,-216000,-78000
2011/10/12,0,3000,-13000,-10000
2011/10/13,0,538000,-232000,306000
2011/10/14,0,177000,-521000,-344000
2011/10/17,0,114000,-196000,-82000
2011/10/18,0,166000,-66000,100000
2011/10/19,0,107000,-398000,-291000
2011/10/20,0,44000,-191000,-147000
2011/10/21,0,51000,-75055,-24055
2011/10/24,0,147000,-15000,132000
2011/10/25,0,160000,-57000,103000
2011/10/26,0,198000,-18000,180000
2011/10/27,0,316000,-171000,145000
2011/10/28,0,174000,-337000,-163000
2011/10/31,0,91000,-71000,20000
2011/11/01,0,210000,-83000,127000
2011/11/02,0,242800,-52099,190701
2011/11/03,0,12000,-138000,-126000
2011/11/04,0,463000,-35000,428000
2011/11/07,0,247000,-92000,155000
2011/11/08,0,242000,-257000,-15000
2011/11/09,0,63000,-292000,-229000
2011/11/10,0,406000,-339000,67000
2011/11/11,0,54000,-135000,-81000
2011/11/14,0,95000,-111000,-16000
2011/11/15,0,20000,-48000,-28000
2011/11/16,0,17000,-25000,-8000
2011/11/17,0,80000,-71000,9000
2011/11/18,0,113000,-50735,62265
2011/11/21,0,235000,-89000,146000
2011/11/22,0,79000,-9451,69549
2011/11/23,0,35000,-258000,-223000
2011/11/24,0,31000,-11000,20000
2011/11/25,0,59501,-118000,-58499
2011/11/28,0,101000,-39000,62000
2011/11/29,0,57000,-54000,3000
2011/11/30,0,58000,-110000,-52000
2011/12/01,0,107000,-92000,15000
2011/12/02,0,86000,-70000,16000
2011/12/05,0,4000,-40000,-36000
2011/12/06,0,30000,-73000,-43000
2011/12/07,0,161000,-81000,80000
2011/12/08,0,67000,-56000,11000
2011/12/09,0,37000,-81000,-44000
2011/12/12,0,0,-47000,-47000
2011/12/13,0,6000,-125000,-119000
2011/12/14,0,1000,-26000,-25000
2011/12/15,0,78000,-18000,60000
2011/12/16,0,16000,-17000,-1000
2011/12/19,0,64000,-139000,-75000
2011/12/20,0,2000,-34000,-32000
2011/12/21,0,39000,-14000,25000
2011/12/22,0,110000,-142800,-32800
2011/12/23,0,95000,-33000,62000
2011/12/26,0,4000,-95000,-91000
2011/12/27,0,683000,-48000,635000
2011/12/28,0,863000,-742000,121000
2011/12/29,0,668000,-374000,294000
2011/12/30,0,72000,-350000,-278000
2012/01/02,0,605000,-103000,502000
2012/01/03,0,1218000,-557000,661000
2012/01/04,0,110000,-1182000,-1072000
2012/01/05,0,599000,-326000,273000
2012/01/06,0,283000,-572000,-289000
2012/01/09,0,136000,-492000,-356000
2012/01/10,0,243000,-66000,177000
2012/01/11,0,255000,-259000,-4000
2012/01/12,0,180000,-216000,-36000
2012/01/13,0,33000,-227000,-194000
2012/01/16,0,337000,-396000,-59000
2012/01/17,0,55000,-496000,-441000
2012/01/18,0,151000,-98000,53000
2012/01/19,0,0,0,0
2012/01/20,0,0,0,0
2012/01/23,0,0,0,0
2012/01/24,0,0,0,0
2012/01/25,0,0,0,0
2012/01/26,0,0,0,0
2012/01/27,0,0,0,0
2012/01/30,0,128000,-26000,102000
2012/01/31,0,188000,-39000,149000
2012/02/01,0,1496000,-815200,680800
2012/02/02,0,3209000,-747000,2462000
2012/02/03,0,1055000,-1048000,7000
2012/02/06,0,255000,-2165000,-1910000
2012/02/07,0,207000,-201000,6000
2012/02/08,0,284000,-263000,21000
2012/02/09,0,295000,-608000,-313000
2012/02/10,0,75000,-457000,-382000
2012/02/13,0,1169000,-290798,878202
2012/02/14,0,195000,-1170000,-975000
2012/02/15,0,93000,-568000,-475000
2012/02/16,0,287000,-438000,-151000
2012/02/17,0,218000,-437000,-219000
2012/02/20,0,122000,-420000,-298000
2012/02/21,0,439000,-409000,30000
2012/02/22,0,400000,-358000,42000
2012/02/23,0,257000,-567000,-310000
2012/02/24,0,371000,-343000,28000
2012/02/27,0,0,0,0
2012/02/28,0,0,0,0
2012/02/29,0,565000,-557000,8000
2012/03/01,0,664000,-244000,420000
2012/03/02,0,145000,-1169000,-1024000
2012/03/05,0,295000,-181000,114000
2012/03/06,0,616000,-223000,393000
2012/03/07,0,768000,-449000,319000
2012/03/08,0,381000,-1148000,-767000
2012/03/09,0,77000,-156000,-79000
2012/03/12,0,36000,-170000,-134000
2012/03/13,0,190000,-59000,131000
2012/03/14,0,129000,-299000,-170000
2012/03/15,0,484000,-84000,400000
2012/03/16,0,551000,-522832,28168
2012/03/19,0,241000,-357000,-116000
2012/03/20,0,66000,-340000,-274000
2012/03/21,0,1294000,-145000,1149000
2012/03/22,0,370000,-902000,-532000
2012/03/23,0,108000,-114000,-6000
2012/03/26,0,263000,-278000,-15000
2012/03/27,0,139000,-371000,-232000
2012/03/28,0,10000,-88000,-78000
2012/03/29,0,533000,-126514,406486
2012/03/30,0,573000,-254000,319000
2012/04/02,0,96000,-171000,-75000
2012/04/03,0,450000,-661000,-211000
2012/04/04,0,0,0,0
2012/04/05,0,449000,-518000,-69000
2012/04/06,0,194000,-233000,-39000
2012/04/09,0,15000,-202000,-187000
2012/04/10,0,33000,-115000,-82000
2012/04/11,0,335000,-352000,-17000
2012/04/12,0,762000,-314000,448000
2012/04/13,0,1322000,-460000,862000
2012/04/16,0,1909000,-111000,1798000
2012/04/17,0,1011000,-2803000,-1792000
2012/04/18,0,838000,-282000,556000
2012/04/19,0,348000,-280000,68000
2012/04/20,0,233000,-596000,-363000
2012/04/23,0,524000,-38000,486000
2012/04/24,0,162000,-310132,-148132
2012/04/25,0,480000,-310000,170000
2012/04/26,0,563003,-434000,129003
2012/04/27,0,571000,-808874,-237874
2012/04/30,0,106002,-30000,76002
2012/05/01,0,0,0,0
2012/05/02,0,556000,-234000,322000
2012/05/03,0,9000,-1169000,-1160000
2012/05/04,0,257000,-327000,-70000
2012/05/07,0,234000,-168000,66000
2012/05/08,0,615000,-210000,405000
2012/05/09,0,1361000,-205000,1156000
2012/05/10,0,258000,-1113000,-855000
2012/05/11,0,151000,-499000,-348000
2012/05/14,0,1000000,-591000,409000
2012/05/15,0,719000,-141000,578000
2012/05/16,0,361000,-479000,-118000
2012/05/17,0,233000,-397000,-164000
2012/05/18,0,163000,-301000,-138000
2012/05/21,0,26000,-81000,-55000
2012/05/22,0,247000,-102000,145000
2012/05/23,0,102000,-164000,-62000
2012/05/24,0,118000,-173000,-55000
2012/05/25,0,116000,-44000,72000
2012/05/28,0,102000,-63000,39000
2012/05/29,0,525000,-66000,459000
2012/05/30,0,316000,-193000,123000
2012/05/31,0,370000,-142000,228000
2012/06/01,0,330000,-245000,85000
2012/06/04,0,91000,-622000,-531000
2012/06/05,0,53000,-46000,7000
2012/06/06,0,166000,-17000,149000
2012/06/07,0,369000,-92000,277000
2012/06/08,0,67000,-12816,54184
2012/06/11,0,735000,-100000,635000
2012/06/12,0,236000,-69000,167000
2012/06/13,0,215000,-13000,202000
2012/06/14,0,701000,-474000,227000
2012/06/15,0,1326000,-32000,1294000
2012/06/18,0,245000,-273000,-28000
2012/06/19,0,585000,-229000,356000
2012/06/20,0,149000,-236000,-87000
2012/06/21,0,125000,-182000,-57000
2012/06/22,0,1176000,-118000,1058000
2012/06/25,0,133000,-94000,39000
2012/06/26,0,30000,-239000,-209000
2012/06/27,0,205000,-28000,177000
2012/06/28,0,54000,-59000,-5000
2012/06/29,0,228000,-941000,-713000
2012/07/02,0,16000,-610000,-594000
2012/07/03,0,949000,-75000,874000
2012/07/04,0,257000,-585000,-328000
2012/07/05,0,55000,-162000,-107000
2012/07/06,0,13000,-1479000,-1466000
2012/07/09,0,151000,-362000,-211000
2012/07/10,0,114000,-99000,15000
2012/07/11,0,252000,-4000,248000
2012/07/12,0,382000,-30000,352000
2012/07/13,0,15000,-96000,-81000
2012/07/16,0,27000,-47000,-20000
2012/07/17,0,243000,-96000,147000
2012/07/18,0,278000,-14000,264000
2012/07/19,0,1078000,-692000,386000
2012/07/20,0,326000,-200000,126000
2012/07/23,0,465000,-1080000,-615000
2012/07/24,0,13000,-879000,-866000
2012/07/25,0,107000,-16000,91000
2012/07/26,0,163000,-109000,54000
2012/07/27,0,82000,-179000,-97000
2012/07/30,0,60000,-75000,-15000
2012/07/31,0,573000,-1126000,-553000
2012/08/01,0,1094000,-382000,712000
2012/08/02,0,0,0,0
2012/08/03,0,127000,-107000,20000
2012/08/06,0,143000,-1440000,-1297000
2012/08/07,0,537000,-218000,319000
2012/08/08,0,199000,-298000,-99000
2012/08/09,0,456000,-1427000,-971000
2012/08/10,0,199000,-159000,40000
2012/08/13,0,128000,-80000,48000
2012/08/14,0,219000,-213000,6000
2012/08/15,0,42000,-82000,-40000
2012/08/16,0,66000,-304000,-238000
2012/08/17,0,488000,-68000,420000
2012/08/20,0,85000,-538000,-453000
2012/08/21,0,159000,-190000,-31000
2012/08/22,0,917000,-215000,702000
2012/08/23,0,102000,-74000,28000
2012/08/24,0,97000,-278000,-181000
2012/08/27,0,121000,-131000,-10000
2012/08/28,0,211000,-155000,56000
2012/08/29,0,218000,-94000,124000
2012/08/30,0,80000,-224000,-144000
2012/08/31,0,229000,-147000,82000
2012/09/03,0,192000,-247000,-55000
2012/09/04,0,35000,-318000,-283000
2012/09/05,0,74000,-161000,-87000
2012/09/06,0,18000,-29000,-11000
2012/09/07,0,151000,-65000,86000
2012/09/10,0,149000,-39000,110000
2012/09/11,0,34000,-85000,-51000
2012/09/12,0,179000,-227000,-48000
2012/09/13,0,68000,-66000,2000
2012/09/14,0,391000,-22000,369000
2012/09/17,0,10425000,-202000,10223000
2012/09/18,0,954000,-303000,651000
2012/09/19,0,1638000,-305000,1333000
2012/09/20,0,360000,-401000,-41000
2012/09/21,0,40000,-191000,-151000
2012/09/24,0,121000,-674000,-553000
2012/09/25,0,251000,-2478000,-2227000
2012/09/26,0,312000,-1174000,-862000
2012/09/27,0,106000,-522000,-416000
2012/09/28,0,844000,-1019000,-175000
2012/10/01,0,33000,-195000,-162000
2012/10/02,0,117000,0,117000
2012/10/03,0,66000,-38000,28000
2012/10/04,0,284000,-28000,256000
2012/10/05,0,90000,-319000,-229000
2012/10/08,0,213000,-329000,-116000
2012/10/09,0,88000,-60000,28000
2012/10/10,0,0,0,0
2012/10/11,0,12000,-150000,-138000
2012/10/12,0,2000,-227000,-225000
2012/10/15,0,193000,-56000,137000
2012/10/16,0,59000,-30000,29000
2012/10/17,0,390000,-48000,342000
2012/10/18,0,276000,-110000,166000
2012/10/19,0,87000,-80000,7000
2012/10/22,0,57000,-279000,-222000
2012/10/23,0,125000,-255298,-130298
2012/10/24,0,464000,-232000,232000
2012/10/25,0,85000,-131000,-46000
2012/10/26,0,70000,-552000,-482000
2012/10/29,0,225000,-23000,202000
2012/10/30,0,183000,-369000,-186000
2012/10/31,0,92000,-17000,75000
2012/11/01,0,794000,-111816,682184
2012/11/02,0,488000,-1186000,-698000
2012/11/05,0,273000,-238000,35000
2012/11/06,0,196000,-200000,-4000
2012/11/07,0,73000,-247000,-174000
2012/11/08,0,104000,-217000,-113000
2012/11/09,0,10000,-48000,-38000
2012/11/12,0,379000,-1075000,-696000
2012/11/13,0,415000,-2814000,-2399000
2012/11/14,0,550000,-2390000,-1840000
2012/11/15,0,224000,-2416000,-2192000
2012/11/16,0,35000,-138000,-103000
2012/11/19,0,53000,-70000,-17000
2012/11/20,0,30000,-36000,-6000
2012/11/21,0,315000,-116000,199000
2012/11/22,0,8000,-151000,-143000
2012/11/23,0,650000,-119000,531000
2012/11/26,0,2989000,-393000,2596000
2012/11/27,0,180000,-2028000,-1848000
2012/11/28,0,374000,-181000,193000
2012/11/29,0,901000,-373000,528000
2012/11/30,0,1731000,-1222000,509000
2012/12/03,0,657000,-1312000,-655000
2012/12/04,0,652000,-339000,313000
2012/12/05,0,1143000,-80000,1063000
2012/12/06,0,276000,-602000,-326000
2012/12/07,0,10000,-762000,-752000
2012/12/10,0,23000,-207000,-184000
2012/12/11,0,2757000,-185000,2572000
2012/12/12,0,1120000,-1600000,-480000
2012/12/13,0,490000,-314000,176000
2012/12/14,0,600000,-360000,240000
2012/12/17,0,1000000,-412000,588000
2012/12/18,0,901000,-925000,-24000
2012/12/19,0,1273000,-1049000,224000
2012/12/20,0,656000,-816000,-160000
2012/12/21,0,258000,-1254000,-996000
2012/12/24,0,43000,-125000,-82000
2012/12/25,0,199000,-30000,169000
2012/12/26,0,828000,-139000,689000
2012/12/27,0,599000,-187000,412000
2012/12/28,0,763000,-843000,-80000
2012/12/31,0,0,0,0
2013/01/01,0,0,0,0
2013/01/02,0,1938000,-1371000,567000
2013/01/03,0,1032000,-2556000,-1524000
2013/01/04,0,592000,-839000,-247000
2013/01/07,0,247000,-718000,-471000
2013/01/08,0,230000,-347000,-117000
2013/01/09,0,389000,-1275000,-886000
2013/01/10,0,529000,-882000,-353000
2013/01/11,0,216000,-275000,-59000
2013/01/14,0,177000,-250000,-73000
2013/01/15,0,116000,-247000,-131000
2013/01/16,0,224000,-118000,106000
2013/01/17,0,511000,-186000,325000
2013/01/18,0,1389000,-1282000,107000
2013/01/21,0,202000,-945000,-743000
2013/01/22,0,96000,-298000,-202000
2013/01/23,0,384000,-192000,192000
2013/01/24,0,557000,-331000,226000
2013/01/25,0,255000,-956000,-701000
2013/01/28,0,86000,-359000,-273000
2013/01/29,0,177000,-45000,132000
2013/01/30,0,314000,-116000,198000
2013/01/31,0,344000,-55000,289000
2013/02/01,0,57000,0,57000
2013/02/04,0,148000,-26000,122000
2013/02/05,0,77000,-70000,7000
2013/02/06,0,724000,-157000,567000
2013/02/07,0,0,0,0
2013/02/08,0,0,0,0
2013/02/11,0,0,0,0
2013/02/12,0,0,0,0
2013/02/13,0,0,0,0
2013/02/14,0,0,0,0
2013/02/15,0,0,0,0
2013/02/18,0,75000,-198000,-123000
2013/02/19,0,326000,-38000,288000
2013/02/20,0,4423000,-768000,3655000
2013/02/21,0,1401000,-2473000,-1072000
2013/02/22,0,2233000,-1706000,527000
2013/02/25,0,80000,-1574000,-1494000
2013/02/26,0,292000,-415000,-123000
2013/02/27,0,180000,-195000,-15000
2013/02/28,0,0,0,0
2013/03/01,0,1879000,-84000,1795000
2013/03/04,0,128000,-1592000,-1464000
2013/03/05,0,1212000,-372000,840000
2013/03/06,0,1275184,-1184000,91184
2013/03/07,0,1224000,-741000,483000
2013/03/08,0,1448000,-1191000,257000
2013/03/11,0,216000,-834000,-618000
2013/03/12,0,258000,-464000,-206000
2013/03/13,0,171000,-506000,-335000
2013/03/14,0,122000,-248000,-126000
2013/03/15,0,201000,-507000,-306000
2013/03/18,0,713000,-820000,-107000
2013/03/19,0,273000,-1286000,-1013000
2013/03/20,0,669000,-197000,472000
2013/03/21,0,151000,-90000,61000
2013/03/22,0,64000,-183000,-119000
2013/03/25,0,395000,-65000,330000
2013/03/26,0,330000,-281000,49000
2013/03/27,0,123000,-199000,-76000
2013/03/28,0,140000,-291000,-151000
2013/03/29,0,311000,-371000,-60000
2013/04/01,0,779000,-161000,618000
2013/04/02,0,34000,-569000,-535000
2013/04/03,0,203000,-53000,150000
2013/04/04,0,0,0,0
2013/04/05,0,0,0,0
2013/04/08,0,326000,-163000,163000
2013/04/09,0,357000,-360000,-3000
2013/04/10,0,323000,-75000,248000
2013/04/11,0,558000,-331000,227000
2013/04/12,0,197000,-221740,-24740
2013/04/15,0,162000,-87000,75000
2013/04/16,0,122000,-111000,11000
2013/04/17,0,102000,-126000,-24000
2013/04/18,0,129000,-124000,5000
2013/04/19,0,294000,-123000,171000
2013/04/22,0,56000,-25000,31000
2013/04/23,0,51000,-32000,19000
2013/04/24,0,224000,-42000,182000
2013/04/25,0,17000,-62000,-45000
2013/04/26,0,44000,-60000,-16000
2013/04/29,0,42000,-211000,-169000
2013/04/30,0,154000,-120000,34000
2013/05/01,0,0,0,0
2013/05/02,0,395000,-30000,365000
2013/05/03,0,472000,-597000,-125000
2013/05/06,0,102000,-4000,98000
2013/05/07,0,114000,-169000,-55000
2013/05/08,0,166000,-175000,-9000
2013/05/09,0,159000,-154000,5000
2013/05/10,0,143000,-51000,92000
2013/05/13,0,91000,-70000,21000
2013/05/14,0,90000,-77000,13000
2013/05/15,0,88000,-888000,-800000
2013/05/16,0,164000,-20000,144000
2013/05/17,0,191000,-49000,142000
2013/05/20,0,20000,-40000,-20000
2013/05/21,0,42000,-82000,-40000
2013/05/22,0,400000,-28000,372000
2013/05/23,0,112000,-394000,-282000
2013/05/24,0,335000,-65000,270000
2013/05/27,0,105000,-256000,-151000
2013/05/28,0,40000,-1000,39000
2013/05/29,0,80000,-25000,55000
2013/05/30,0,79000,-126000,-47000
2013/05/31,0,0,-51000,-51000
2013/06/03,0,74000,-42000,32000
2013/06/04,0,46000,-94000,-48000
2013/06/05,0,163000,-19000,144000
2013/06/06,0,42000,-30000,12000
2013/06/07,0,60000,-56000,4000
2013/06/10,0,22000,-21000,1000
2013/06/11,0,12000,-27000,-15000
2013/06/12,0,0,0,0
2013/06/13,0,351000,-241000,110000
2013/06/14,0,202000,-204000,-2000
2013/06/17,0,0,-23000,-23000
2013/06/18,0,168000,-32000,136000
2013/06/19,0,395000,-253000,142000
2013/06/20,0,557000,-86000,471000
2013/06/21,0,93000,-558000,-465000
2013/06/24,0,116000,-112000,4000
2013/06/25,0,119000,-99000,20000
2013/06/26,0,24000,-43000,-19000
2013/06/27,0,48000,-23000,25000
2013/06/28,0,25000,-41000,-16000
2013/07/01,0,28000,-62000,-34000
2013/07/02,0,167000,-33000,134000
2013/07/03,0,57000,-74000,-17000
2013/07/04,0,68000,-2000,66000
2013/07/05,0,179000,-45000,134000
2013/07/08,0,55000,-49000,6000
2013/07/09,0,23000,-19000,4000
2013/07/10,0,458000,-2000,456000
2013/07/11,0,1046000,-74000,972000
2013/07/12,0,393000,-54000,339000
2013/07/15,0,128000,-10000,118000
2013/07/16,0,4101000,-538000,3563000
2013/07/17,0,6845000,-752000,6093000
2013/07/18,0,1921000,-1149000,772000
2013/07/19,0,758000,-535000,223000
2013/07/22,0,34000,-7000,27000
2013/07/23,0,357000,-110000,247000
2013/07/24,0,183000,-19000,164000
2013/07/25,0,285000,-125000,160000
2013/07/26,0,243000,-225000,18000
2013/07/29,0,481000,-36000,445000
2013/07/30,0,189000,-406000,-217000
2013/07/31,0,1389000,-137000,1252000
2013/08/01,0,716000,-4000,712000
2013/08/02,0,1821000,-71000,1750000
2013/08/05,0,2467000,-39200,2427800
2013/08/06,0,1038000,-73000,965000
2013/08/07,0,411000,-229000,182000
2013/08/08,0,530000,-80000,450000
2013/08/09,0,405000,-230000,175000
2013/08/12,0,20000,-703000,-683000
2013/08/13,0,291000,-40000,251000
2013/08/14,0,657000,-1144000,-487000
2013/08/15,0,748000,-1380000,-632000
2013/08/16,0,303000,-65000,238000
2013/08/19,0,738000,-644000,94000
2013/08/20,0,320000,-1164000,-844000
2013/08/21,0,0,0,0
2013/08/22,0,1403000,-791000,612000
2013/08/23,0,1033000,-762000,271000
2013/08/26,0,65000,-1128000,-1063000
2013/08/27,0,770000,-94800,675200
2013/08/28,0,557000,-3000,554000
2013/08/29,0,78000,-270000,-192000
2013/08/30,0,120000,-346000,-226000
2013/09/02,0,405000,-15000,390000
2013/09/03,0,45000,0,45000
2013/09/04,0,0,-329000,-329000
2013/09/05,0,1241000,-2260000,-1019000
2013/09/06,0,1073000,-3979000,-2906000
2013/09/09,0,1680000,-1801000,-121000
2013/09/10,0,1145990,-6824000,-5678010
2013/09/11,0,1040000,-1024000,16000
2013/09/12,0,594000,-3468000,-2874000
2013/09/13,0,142000,-1114000,-972000
2013/09/16,0,958000,-2528000,-1570000
2013/09/17,0,538000,-507000,31000
2013/09/18,0,2213000,-946000,1267000
2013/09/19,0,0,0,0
2013/09/20,0,0,0,0
2013/09/23,0,1439000,-495000,944000
2013/09/24,0,1372000,-2594000,-1222000
2013/09/25,0,670000,-2222000,-1552000
2013/09/26,0,1243000,-564000,679000
2013/09/27,0,760000,-135000,625000
2013/09/30,0,325000,-296994,28006
2013/10/01,0,141000,-163000,-22000
2013/10/02,0,753000,-2853000,-2100000
2013/10/03,0,190000,-16000,174000
2013/10/04,0,106000,-66000,40000
2013/10/07,0,0,-204000,-204000
2013/10/08,0,150000,-48000,102000
2013/10/09,0,30000,-411000,-381000
2013/10/10,0,0,0,0
2013/10/11,0,2000,-107000,-105000
2013/10/14,0,157000,-412000,-255000
2013/10/15,0,29000,-58000,-29000
2013/10/16,0,50000,-260000,-210000
2013/10/17,0,0,-127000,-127000
2013/10/18,0,62000,0,62000
2013/10/21,0,0,-167000,-167000
2013/10/22,0,0,-73000,-73000
2013/10/23,0,75000,-10000,65000
2013/10/24,0,100000,0,100000
2013/10/25,0,25000,-19000,6000
2013/10/28,0,100000,0,100000
2013/10/29,0,1200000,0,1200000
2013/10/30,0,10000,-20000,-10000
2013/10/31,0,104000,-29000,75000
2013/11/01,0,7000,-49000,-42000
2013/11/04,0,0,-30000,-30000
2013/11/05,0,402000,-38000,364000
2013/11/06,0,0,-19000,-19000
2013/11/07,0,0,-16000,-16000
2013/11/08,0,5000,-52099,-47099
2013/11/11,0,7000,-455000,-448000
2013/11/12,0,686000,-17000,669000
2013/11/13,0,346000,-202000,144000
2013/11/14,0,319000,-58000,261000
2013/11/15,0,79000,-40990,38010
2013/11/18,0,594000,-60000,534000
2013/11/19,0,200000,0,200000
2013/11/20,0,2000,-51000,-49000
2013/11/21,0,10000,-41000,-31000
2013/11/22,0,5000,-10000,-5000
2013/11/25,0,2000,-200000,-198000
2013/11/26,0,28000,-150000,-122000
2013/11/27,0,184000,0,184000
2013/11/28,0,346000,-75000,271000
2013/11/29,0,34000,0,34000
2013/12/02,0,121000,0,121000
2013/12/03,0,30000,-10000,20000
2013/12/04,0,88000,-150000,-62000
2013/12/05,0,5000,-280000,-275000
2013/12/06,0,26000,-23000,3000
2013/12/09,0,100000,-150000,-50000
2013/12/10,0,46000,-276000,-230000
2013/12/11,0,9000,-359000,-350000
2013/12/12,0,212000,-120000,92000
2013/12/13,0,104000,-15000,89000
2013/12/16,0,0,-276000,-276000
2013/12/17,0,254000,-564000,-310000
2013/12/18,0,61000,-18000,43000
2013/12/19,0,50000,-726000,-676000
2013/12/20,0,0,-548000,-548000
2013/12/23,0,378000,-1481000,-1103000
2013/12/24,0,275000,-845000,-570000
2013/12/25,0,346000,-745000,-399000
2013/12/26,0,162000,-215000,-53000
2013/12/27,0,304000,-235000,69000
2013/12/30,0,9000,-50000,-41000
2013/12/31,0,16000,-2558000,-2542000
2014/01/02,0,363000,-60000,303000
2014/01/03,0,445000,-58000,387000
2014/01/06,0,57000,0,57000
2014/01/07,0,313000,-247000,66000
2014/01/08,0,251000,-56000,195000
2014/01/09,0,860000,-21000,839000
2014/01/10,0,150000,-140000,10000
2014/01/13,0,400000,-30000,370000
2014/01/14,0,106000,-20000,86000
2014/01/15,0,139000,-17000,122000
2014/01/16,0,471002,0,471002
2014/01/17,0,210000,-334000,-124000
2014/01/20,0,561000,-622000,-61000
2014/01/21,0,236000,-60000,176000
2014/01/22,0,284000,0,284000
2014/01/23,0,117000,-11000,106000
2014/01/24,0,40000,-609000,-569000
2014/01/27,0,195000,-298000,-103000
2014/02/05,0,85000,-100000,-15000
2014/02/06,0,84000,-628000,-544000
2014/02/07,0,430000,-70000,360000
2014/02/10,0,120000,-490000,-370000
2014/02/11,0,0,-10000,-10000
2014/02/12,0,52000,-46000,6000
2014/02/13,0,139000,-523000,-384000
2014/02/14,0,4000,-131000,-127000
2014/02/17,0,0,-20000,-20000
2014/02/18,0,0,-40374,-40374
2014/02/19,0,59000,-70000,-11000
2014/02/20,0,40000,-88000,-48000
2014/02/21,0,10000,-40000,-30000
2014/02/24,0,40000,-139000,-99000
2014/02/25,0,30000,-60000,-30000
2014/02/26,0,27000,0,27000
2014/02/27,0,10000,-334000,-324000
2014/03/03,0,0,-50000,-50000
2014/03/04,0,41000,0,41000
2014/03/05,0,8000,-114000,-106000
2014/03/06,0,60000,-239000,-179000
2014/03/07,0,212000,-1000,211000
2014/03/10,0,0,0,0
2014/03/11,0,0,-281000,-281000
2014/03/12,0,63000,-160000,-97000
2014/03/13,0,79000,-83000,-4000
2014/03/14,0,41000,-36000,5000
2014/03/17,0,418000,-43000,375000
2014/03/18,0,62000,-18000,44000
2014/03/19,0,136000,-13000,123000
2014/03/20,0,27000,-470000,-443000
2014/03/21,0,20000,-370000,-350000
2014/03/24,0,98000,-36000,62000
2014/03/25,0,11000,-33000,-22000
2014/03/26,0,566000,-105000,461000
2014/03/27,0,36000,-114000,-78000
2014/03/28,0,15000,-459000,-444000
2014/03/31,0,25000,-303000,-278000
2014/04/01,0,22000,-29000,-7000
2014/04/02,0,24000,-25000,-1000
2014/04/03,0,0,-9000,-9000
2014/04/07,0,741000,-28000,713000
2014/04/08,0,44000,-503000,-459000
2014/04/09,0,52000,-211000,-159000
2014/04/10,0,10000,-71000,-61000
2014/04/11,0,9000,-79000,-70000
2014/04/14,0,57000,0,57000
2014/04/15,0,6000,-49000,-43000
2014/04/16,0,74000,-134000,-60000
2014/04/17,0,160000,-22000,138000
2014/04/18,0,65000,-7000,58000
2014/04/21,0,175000,-7000,168000
2014/04/22,0,587000,-16000,571000
2014/04/23,0,248000,0,248000
2014/04/24,0,141000,-7000,134000
2014/04/25,0,180000,-68000,112000
2014/04/28,0,157000,-69000,88000
2014/04/29,0,10000,-12000,-2000
2014/04/30,0,537000,-30000,507000
2014/05/02,0,395000,-306000,89000
2014/05/05,0,185000,-484000,-299000
2014/05/06,0,75000,-6000,69000
2014/05/07,0,151000,-71423,79577
2014/05/08,0,0,-40000,-40000
2014/05/09,0,6000,-3000,3000
2014/05/12,0,7000,-88000,-81000
2014/05/13,0,51000,-11000,40000
2014/05/14,0,100000,-15000,85000
2014/05/15,0,64000,-28000,36000
2014/05/16,0,0,0,0
2014/05/19,0,12000,0,12000
2014/05/20,0,0,0,0
2014/05/21,0,56000,-5000,51000
2014/05/22,0,51000,-18000,33000
2014/05/23,0,21000,-11000,10000
2014/05/26,0,108000,0,108000
2014/05/27,0,50000,-403000,-353000
2014/05/28,0,85000,-75000,10000
2014/05/29,0,0,0,0
2014/05/30,0,45000,-25000,20000
2014/06/03,0,25000,0,25000
2014/06/04,0,10000,0,10000
2014/06/05,0,89000,0,89000
2014/06/06,0,7000,-10000,-3000
2014/06/09,0,10000,-73000,-63000
2014/06/10,0,267000,0,267000
2014/06/11,0,0,-25000,-25000
2014/06/12,0,181000,0,181000
2014/06/13,0,47000,-10000,37000
2014/06/16,0,0,-77000,-77000
2014/06/17,0,43000,-16000,27000
2014/06/18,0,72000,-232000,-160000
2014/06/19,0,169000,-10000,159000
2014/06/20,0,135000,0,135000
2014/06/23,0,53000,-6000,47000
2014/06/24,0,38000,0,38000
2014/06/25,0,0,0,0
2014/06/26,0,123000,0,123000
2014/06/27,0,250000,0,250000
2014/06/30,0,134000,-36000,98000
2014/07/01,0,14000,-8000,6000
2014/07/02,0,9000,-8000,1000
2014/07/03,0,0,0,0
2014/07/04,0,0,-14000,-14000
2014/07/07,0,0,-9000,-9000
2014/07/08,0,0,0,0
2014/07/09,0,0,0,0
2014/07/10,0,264000,-125000,139000
2014/07/11,0,57000,-65000,-8000
2014/07/14,0,299000,-366000,-67000
2014/07/15,0,231000,-206000,25000
2014/07/16,0,140000,-273000,-133000
2014/07/17,0,30000,-126000,-96000
2014/07/18,0,11000,-40000,-29000
2014/07/21,0,71000,-30000,41000
2014/07/22,0,192000,-348000,-156000
2014/07/23,0,0,0,0
2014/07/24,0,53000,-89000,-36000
2014/07/25,0,280000,-7000,273000
2014/07/28,0,208000,-10000,198000
2014/07/29,0,78303,-27000,51303
2014/07/30,0,118000,-8000,110000
2014/07/31,0,83000,-62000,21000
2014/08/01,0,26000,-12000,14000
2014/08/04,0,67000,-135000,-68000
2014/08/05,0,4000,-113000,-109000
2014/08/06,0,28000,-98000,-70000
2014/08/07,0,15000,-51000,-36000
2014/08/08,0,23000,-12000,11000
2014/08/11,0,0,0,0
2014/08/12,0,2000,-305000,-303000
2014/08/13,0,21000,-501000,-480000
2014/08/14,0,3000,-76000,-73000
2014/08/15,0,142000,-9000,133000
2014/08/18,0,25000,-24000,1000
2014/08/19,0,32000,0,32000
2014/08/20,0,2457000,-51000,2406000
2014/08/21,0,65000,-675606,-610606
2014/08/22,0,1041000,-13000,1028000
2014/08/25,0,3593000,-1593000,2000000
2014/08/26,0,722000,-802000,-80000
2014/08/27,0,553000,-405000,148000
2014/08/28,0,285000,-160000,125000
2014/08/29,0,181000,-250000,-69000
2014/09/01,0,479000,-436000,43000
2014/09/02,0,204000,-50000,154000
2014/09/03,0,356000,-10000,346000
2014/09/04,0,460000,-69000,391000
2014/09/05,0,502000,-402000,100000
2014/09/09,0,456000,-865000,-409000
2014/09/10,0,880000,-421000,459000
2014/09/11,0,226000,-248000,-22000
2014/09/12,0,83000,-532000,-449000
2014/09/15,0,38000,-164000,-126000
2014/09/16,0,130000,-359000,-229000
2014/09/17,0,60000,-210000,-150000
2014/09/18,0,141000,-201000,-60000
2014/09/19,0,703000,-93000,610000
2014/09/22,0,2473000,-975000,1498000
2014/09/23,0,4000,-347000,-343000
2014/09/24,0,34000,-141524,-107524
2014/09/25,0,352000,-399000,-47000
2014/09/26,0,0,-37000,-37000
2014/09/29,0,154000,-463000,-309000
2014/09/30,0,205000,-285000,-80000
2014/10/01,0,47000,-807000,-760000
2014/10/02,0,299000,-94000,205000
2014/10/03,0,33000,-307000,-274000
2014/10/06,0,112000,-23000,89000
2014/10/07,0,62000,-314000,-252000
2014/10/08,0,561000,-527000,34000
2014/10/09,0,267000,-1713000,-1446000
2014/10/13,0,97000,-365000,-268000
2014/10/14,0,160000,-803000,-643000
2014/10/15,0,1924000,-479000,1445000
2014/10/16,0,369000,-1687000,-1318000
2014/10/17,0,173000,-518000,-345000
2014/10/20,0,1463000,-260000,1203000
2014/10/21,0,573000,-906000,-333000
2014/10/22,0,434000,-775000,-341000
2014/10/23,0,2906000,-2620000,286000
2014/10/24,0,709000,-2219000,-1510000
2014/10/27,0,123000,-610000,-487000
2014/10/28,0,2871000,-663000,2208000
2014/10/29,0,1619000,-2027000,-408000
2014/10/30,0,1640000,-656000,984000
2014/10/31,0,1203000,-153000,1050000
2014/11/03,0,1614000,-432000,1182000
2014/11/04,0,2449000,-891000,1558000
2014/11/05,0,8526000,-2276000,6250000
2014/11/06,0,1422000,-2989000,-1567000
2014/11/07,0,1716000,-799000,917000
2014/11/10,0,5372000,-2655000,2717000
2014/11/11,0,860000,-1471000,-611000
2014/11/12,0,987000,-1529000,-542000
2014/11/13,0,987000,-667000,320000
2014/11/14,0,2541000,-2709000,-168000
2014/11/17,0,892000,-1444000,-552000
2014/11/18,0,3291000,-3534000,-243000
2014/11/19,0,1358000,-1407000,-49000
2014/11/20,0,460000,-2599000,-2139000
2014/11/21,0,1441000,-238000,1203000
2014/11/24,0,1145000,-227000,918000
2014/11/25,0,201000,-797000,-596000
2014/11/26,0,330000,-1049000,-719000
2014/11/27,0,122000,-1431000,-1309000
2014/11/28,0,5842000,-678000,5164000
2014/12/01,0,4393000,-1813000,2580000
2014/12/02,0,946000,-1817000,-871000
2014/12/03,0,791000,-1429000,-638000
2014/12/04,0,4616000,-921000,3695000
2014/12/05,0,1987000,-3844286,-1857286
2014/12/08,0,746000,-671000,75000
2014/12/09,0,637000,-780000,-143000
2014/12/10,0,153000,-700000,-547000
2014/12/11,0,391000,-97000,294000
2014/12/12,0,200000,-720000,-520000
2014/12/15,0,1929000,-1585000,344000
2014/12/16,0,796000,-1404000,-608000
2014/12/17,0,4351000,-1032000,3319000
2014/12/18,0,9063000,-1199000,7864000
2014/12/19,0,2194000,-6995000,-4801000
2014/12/22,0,420000,-4762000,-4342000
2014/12/23,0,2417000,-1889000,528000
2014/12/24,0,3979000,-1409000,2570000
2014/12/25,0,653000,-1415000,-762000
2014/12/26,0,1015000,-1654000,-639000
2014/12/29,0,2946000,-3968000,-1022000
2014/12/30,0,2732000,-4566000,-1834000
2014/12/31,0,2046000,-1248000,798000
2015/01/01,0,0,0,0
2015/01/02,0,0,0,0
2015/01/05,0,2305983,-2091000,214983
2015/01/06,0,1635000,-1448000,187000
2015/01/07,0,2585000,-915000,1670000
2015/01/08,0,2028000,-9481000,-7453000
2015/01/09,0,4136000,-907000,3229000
2015/01/12,0,1522000,-3769000,-2247000
2015/01/13,0,2216000,-2455000,-239000
2015/01/14,0,745000,-1216000,-471000
2015/01/15,0,2846000,-1748000,1098000
2015/01/16,0,1989000,-1691162,297838
2015/01/19,0,1179000,-1456000,-277000
2015/01/20,0,1335000,-1145000,190000
2015/01/21,0,2319000,-810000,1509000
2015/01/22,0,2174000,-353000,1821000
2015/01/23,0,2296000,-683000,1613000
2015/01/26,0,3486000,-672000,2814000
2015/01/27,0,1525000,-743000,782000
2015/01/28,0,366000,-1672000,-1306000
2015/01/29,0,679000,-2218000,-1539000
2015/01/30,0,1766000,-713000,1053000
2015/02/02,0,482000,-3263000,-2781000
2015/02/03,0,1306000,-1263000,43000
2015/02/04,0,2529000,-5028123,-2499123
2015/02/05,0,3646000,-377122,3268878
2015/02/06,0,441000,-1515000,-1074000
2015/02/09,0,446000,-1511000,-1065000
2015/02/10,0,219000,-997000,-778000
2015/02/11,0,458000,-622000,-164000
2015/02/12,0,337000,-269000,68000
2015/02/13,0,307000,-1022000,-715000
2015/02/16,0,0,0,0
2015/02/17,0,0,0,0
2015/02/18,0,0,0,0
2015/02/19,0,0,0,0
2015/02/20,0,0,0,0
2015/02/23,0,0,0,0
2015/02/24,0,1203000,-672000,531000
2015/02/25,0,2574000,-165081,2408919
2015/02/26,0,187000,-824000,-637000
2015/02/27,0,0,0,0
2015/03/02,0,304000,-744000,-440000
2015/03/03,0,367000,-132000,235000
2015/03/04,0,341000,-1278000,-937000
2015/03/05,0,567000,-1813081,-1246081
2015/03/06,0,1041287,-144000,897287
2015/03/09,0,213000,-418000,-205000
2015/03/10,0,526000,-599000,-73000
2015/03/11,0,2829000,-145000,2684000
2015/03/12,0,1860000,-828000,1032000
2015/03/13,0,816000,-2146000,-1330000
2015/03/16,0,1180000,-790000,390000
2015/03/17,0,4913000,-716082,4196918
2015/03/18,0,2082000,-3600000,-1518000
2015/03/19,0,676000,-1552000,-876000
2015/03/20,0,1770000,-182000,1588000
2015/03/23,0,907458,-1224000,-316542
2015/03/24,0,3015000,-178000,2837000
2015/03/25,0,265000,-1221000,-956000
2015/03/26,0,380000,-6193000,-5813000
2015/03/27,0,812000,-3166000,-2354000
2015/03/30,0,958000,-721000,237000
2015/03/31,0,3801000,-2564000,1237000
2015/04/01,0,1192000,-2889000,-1697000
2015/04/02,0,305000,-1720000,-1415000
2015/04/03,0,0,0,0
2015/04/06,0,0,0,0
2015/04/07,0,490000,-480000,10000
2015/04/08,0,363000,-330000,33000
2015/04/09,0,1103000,-192000,911000
2015/04/10,0,186000,-2302000,-2116000
2015/04/13,0,2146000,-679000,1467000
2015/04/14,0,184000,-2121000,-1937000
2015/04/15,0,687000,-1416000,-729000
2015/04/16,0,285000,-1522000,-1237000
2015/04/17,0,30000,-427000,-397000
2015/04/20,0,418000,-6150000,-5732000
2015/04/21,0,1136000,-2130000,-994000
2015/04/22,0,1442000,-238000,1204000
2015/04/23,0,969000,-483000,486000
2015/04/24,0,1240000,-1681000,-441000
2015/04/27,0,2942000,-2188000,754000
2015/04/28,0,4267000,-1909609,2357391
2015/04/29,0,1548000,-3355000,-1807000
2015/04/30,0,94960,-2339000,-2244040
2015/05/01,0,0,0,0
2015/05/04,0,1026000,-630000,396000
2015/05/05,0,800000,-1104000,-304000
2015/05/06,0,1172000,-2737000,-1565000
2015/05/07,0,1175000,-68000,1107000
2015/05/08,0,77000,-528000,-451000
2015/05/11,0,346000,-577000,-231000
2015/05/12,0,481000,-69000,412000
2015/05/13,0,51000,-249000,-198000
2015/05/14,0,1443000,-59000,1384000
2015/05/15,0,47000,-1339000,-1292000
2015/05/18,0,145000,-2571000,-2426000
2015/05/19,0,1400000,-532000,868000
2015/05/20,0,929000,-1351000,-422000
2015/05/21,0,888000,-950000,-62000
2015/05/22,0,1358000,-126000,1232000
2015/05/25,0,553000,-188000,365000
2015/05/26,0,45000,-179000,-134000
2015/05/27,0,234000,-288000,-54000
2015/05/28,0,895000,-417000,478000
2015/05/29,0,912000,-320000,592000
2015/06/01,0,260000,-1226000,-966000
2015/06/02,0,701000,-1618000,-917000
2015/06/03,0,92000,-156000,-64000
2015/06/04,0,120000,-424000,-304000
2015/06/05,0,89000,-207000,-118000
2015/06/08,0,496000,-877000,-381000
2015/06/09,0,142000,-1214000,-1072000
2015/06/10,0,616000,-541000,75000
2015/06/11,0,122000,-197000,-75000
2015/06/12,0,30000,-396000,-366000
2015/06/15,0,64000,-529000,-465000
2015/06/16,0,721000,-253000,468000
2015/06/17,0,329000,-338000,-9000
2015/06/18,0,1393000,-674000,719000
2015/06/19,0,0,0,0
2015/06/22,0,38000,-341000,-303000
2015/06/23,0,176000,-327000,-151000
2015/06/24,0,59000,-24000,35000
2015/06/25,0,1498000,-188000,1310000
2015/06/26,0,291000,-1066000,-775000
2015/06/29,0,259000,-464000,-205000
2015/06/30,0,1086000,-225000,861000
2015/07/01,0,978000,-844000,134000
2015/07/02,0,340000,-1011000,-671000
2015/07/03,0,70000,-138000,-68000
2015/07/06,0,2523000,-275000,2248000
2015/07/07,0,1726000,-1239000,487000
2015/07/08,0,461000,-3605000,-3144000
2015/07/09,0,2749000,-1708000,1041000
2015/07/10,0,0,0,0
2015/07/13,0,576000,-772000,-196000
2015/07/14,0,44000,-440000,-396000
2015/07/15,0,1197000,-221000,976000
2015/07/16,0,1408000,-1442000,-34000
2015/07/17,0,473000,-112000,361000
2015/07/20,0,409000,-877000,-468000
2015/07/21,0,611000,-362000,249000
2015/07/22,0,719000,-822725,-103725
2015/07/23,0,284000,-1032000,-748000
2015/07/24,0,150000,-110000,40000
2015/07/27,0,840000,-540198,299802
2015/07/28,0,610000,-1314000,-704000
2015/07/29,0,231000,-237000,-6000
2015/07/30,0,312000,-200000,112000
2015/07/31,0,33000,-251000,-218000
2015/08/03,0,1915000,-76000,1839000
2015/08/04,0,415000,-1184000,-769000
2015/08/05,0,1334000,-689000,645000
2015/08/06,0,111000,-979000,-868000
2015/08/07,0,5000,-165000,-160000
2015/08/10,0,814000,-159000,655000
2015/08/11,0,363000,-808000,-445000
2015/08/12,0,70000,-721000,-651000
2015/08/13,0,147000,-44000,103000
2015/08/14,0,155000,-126600,28400
2015/08/17,0,248000,-623500,-375500
2015/08/18,0,205000,-285000,-80000
2015/08/19,0,220000,-1210000,-990000
2015/08/20,0,56000,-132000,-76000
2015/08/21,0,128000,-541123,-413123
2015/08/24,0,437000,-880000,-443000
2015/08/25,0,1096000,-320000,776000
2015/08/26,0,95000,-360000,-265000
2015/08/27,0,636000,-230000,406000
2015/08/28,0,334000,-735000,-401000
2015/08/31,0,64000,-361000,-297000
2015/09/01,0,64000,-137000,-73000
2015/09/02,0,394000,-76000,318000
2015/09/03,0,33000,-124000,-91000
2015/09/04,0,154000,-111000,43000
2015/09/07,0,249000,-302000,-53000
2015/09/08,0,215000,-178000,37000
2015/09/09,0,1135000,-24001,1110999
2015/09/10,0,191000,-675000,-484000
2015/09/11,0,354000,-596000,-242000
2015/09/14,0,307000,-36000,271000
2015/09/15,0,283000,-352000,-69000
2015/09/16,0,116000,-489000,-373000
2015/09/17,0,1012000,-181000,831000
2015/09/18,0,177000,-561000,-384000
2015/09/21,0,79000,-338000,-259000
2015/09/22,0,177000,-463000,-286000
2015/09/23,0,89000,-205000,-116000
2015/09/24,0,75000,-235000,-160000
2015/09/25,0,89000,-140000,-51000
2015/09/28,0,0,0,0
2015/09/29,0,0,0,0
2015/09/30,0,40000,-92000,-52000
2015/10/01,0,1339000,-157500,1181500
2015/10/02,0,86000,-704000,-618000
2015/10/05,0,57000,-247000,-190000
2015/10/06,0,70000,-181000,-111000
2015/10/07,0,0,-185000,-185000
2015/10/08,0,109000,-64000,45000
2015/10/09,0,0,0,0
2015/10/12,0,769000,-350000,419000
2015/10/13,0,327000,-494000,-167000
2015/10/14,0,270000,-269000,1000
2015/10/15,0,198000,-552000,-354000
2015/10/16,0,77000,-269000,-192000
2015/10/19,0,154000,-187000,-33000
2015/10/20,0,60000,-17000,43000
2015/10/21,0,11000,-23000,-12000
2015/10/22,0,64000,-6000,58000
2015/10/23,0,1034000,-37000,997000
2015/10/26,0,889000,-1027000,-138000
2015/10/27,0,44000,-438240,-394240
2015/10/28,0,16000,-34280,-18280
2015/10/29,0,57000,-334130,-277130
2015/10/30,0,109000,-97000,12000
2015/11/02,0,21000,-50000,-29000
2015/11/03,0,24000,-95000,-71000
2015/11/04,0,231000,-169230,61770
2015/11/05,0,31000,-127000,-96000
2015/11/06,0,74000,-976000,-902000
2015/11/09,0,120000,-151000,-31000
2015/11/10,0,55000,-63000,-8000
2015/11/11,0,14000,-76000,-62000
2015/11/12,0,60000,-31000,29000
2015/11/13,0,0,-253410,-253410
2015/11/16,0,65000,-162000,-97000
2015/11/17,0,191000,-46000,145000
2015/11/18,0,11000,-114000,-103000
2015/11/19,0,24000,-278000,-254000
2015/11/20,0,58000,-555000,-497000
2015/11/23,0,109000,-237000,-128000
2015/11/24,0,612000,-26000,586000
2015/11/25,0,668000,-112000,556000
2015/11/26,0,1127000,-48000,1079000
2015/11/27,0,0,-398000,-398000
2015/11/30,0,57000,-495000,-438000
2015/12/01,0,342000,-57000,285000
2015/12/02,0,15000,-617550,-602550
2015/12/03,0,13000,-418000,-405000
2015/12/04,0,11000,0,11000
2015/12/07,0,356000,-39000,317000
2015/12/08,0,0,-609000,-609000
2015/12/09,0,69000,-49000,20000
2015/12/10,0,43000,-232000,-189000
2015/12/11,0,4000,-546000,-542000
2015/12/14,0,286000,-340000,-54000
2015/12/15,0,20000,-145000,-125000
2015/12/16,0,433000,-95000,338000
2015/12/17,0,209000,-126000,83000
2015/12/18,0,0,-98000,-98000
2015/12/21,0,285000,0,285000
2015/12/22,0,43000,-294000,-251000
2015/12/23,0,788000,-162000,626000
2015/12/24,0,261000,-69000,192000
2015/12/25,0,494000,-121000,373000
2015/12/28,0,140000,-254000,-114000
2015/12/29,0,100000,-181000,-81000
2015/12/30,0,45000,-60000,-15000
2015/12/31,0,0,-81000,-81000
2016/01/01,0,0,0,0
2016/01/04,0,195000,-228000,-33000
2016/01/05,0,67000,-75000,-8000
2016/01/06,0,321000,-122440,198560
2016/01/07,0,138000,-1060000,-922000
2016/01/08,0,109000,-30000,79000
2016/01/11,0,0,-20000,-20000
2016/01/12,0,5000,-314000,-309000
2016/01/13,0,342000,-5000,337000
2016/01/14,0,788000,-17000,771000
2016/01/15,0,0,-116000,-116000
2016/01/18,0,129000,0,129000
2016/01/19,0,106000,-114000,-8000
2016/01/20,0,0,-328000,-328000
2016/01/21,0,238000,-47000,191000
2016/01/22,0,245000,-42000,203000
2016/01/25,0,74000,0,74000
2016/01/26,0,22000,-75000,-53000
2016/01/27,0,84000,-203000,-119000
2016/01/28,0,157000,-132000,25000
2016/01/29,0,220000,-297000,-77000
2016/02/01,0,6000,-407000,-401000
2016/02/02,0,27000,-2000,25000
2016/02/03,0,500000,-154000,346000
2016/02/04,0,0,0,0
2016/02/05,0,0,0,0
2016/02/08,0,0,0,0
2016/02/09,0,0,0,0
2016/02/10,0,0,0,0
2016/02/11,0,0,0,0
2016/02/12,0,0,0,0
2016/02/15,0,284000,-31000,253000
2016/02/16,0,181000,-530000,-349000
2016/02/17,0,132000,-222000,-90000
2016/02/18,0,274000,-38000,236000
2016/02/19,0,792000,-93000,699000
2016/02/22,0,501000,-124000,377000
2016/02/23,0,150000,-722000,-572000
2016/02/24,0,356000,-222000,134000
2016/02/25,0,105000,-88000,17000
2016/02/26,0,675000,-89000,586000
2016/02/29,0,0,0,0
2016/03/01,0,53000,-52000,1000
2016/03/02,0,2725000,-1075000,1650000
2016/03/03,0,696000,-1411000,-715000
2016/03/04,0,129000,-561000,-432000
2016/03/07,0,390000,-200000,190000
2016/03/08,0,2638000,-1060000,1578000
2016/03/09,0,42000,-1289000,-1247000
2016/03/10,0,44000,-798000,-754000
2016/03/11,0,93000,-173051,-80051
2016/03/14,0,219000,-90000,129000
2016/03/15,0,74000,-579000,-505000
2016/03/16,0,816000,-769000,47000
2016/03/17,0,115000,-525000,-410000
2016/03/18,0,0,-151000,-151000
2016/03/21,0,215000,-128000,87000
2016/03/22,0,17000,-30000,-13000
2016/03/23,0,3000,-83000,-80000
2016/03/24,0,61000,-195000,-134000
2016/03/25,0,86000,-34000,52000
2016/03/28,0,7000,-212000,-205000
2016/03/29,0,0,-34000,-34000
2016/03/30,0,0,0,0
2016/03/31,0,5000,-19264,-14264
2016/04/01,0,15000,-70000,-55000
2016/04/04,0,0,0,0
2016/04/05,0,0,0,0
2016/04/06,0,44000,-88000,-44000
2016/04/07,0,28000,-41000,-13000
2016/04/08,0,65000,-68000,-3000
2016/04/11,0,94000,-48000,46000
2016/04/12,0,350000,-30000,320000
2016/04/13,0,208000,-10000,198000
2016/04/14,0,63000,-68000,-5000
2016/04/15,0,20000,-217000,-197000
2016/04/18,0,107000,-57000,50000
2016/04/19,0,7000,-80000,-73000
2016/04/20,0,2000,-175000,-173000
2016/04/21,0,6000,-80000,-74000
2016/04/22,0,10000,-29000,-19000
2016/04/25,0,27000,-7000,20000
2016/04/26,0,17000,-11000,6000
2016/04/27,0,19000,0,19000
2016/04/28,0,0,-264000,-264000
2016/04/29,0,31000,-337000,-306000
2016/05/02,0,0,0,0
2016/05/03,0,1000,-173000,-172000
2016/05/04,0,3000,-15000,-12000
2016/05/05,0,0,-19000,-19000
2016/05/06,0,228000,-48000,180000
2016/05/09,0,4000,-94573,-90573
2016/05/10,0,95000,-45000,50000
2016/05/11,0,82000,-36000,46000
2016/05/12,0,0,-137000,-137000
2016/05/13,0,0,-108000,-108000
2016/05/16,0,7000,0,7000
2016/05/17,0,14000,-14000,0
2016/05/18,0,66000,-14000,52000
2016/05/19,0,21000,-5000,16000
2016/05/20,0,34000,-42000,-8000
2016/05/23,0,56000,-22000,34000
2016/05/24,0,0,0,0
2016/05/25,0,53000,-35000,18000
2016/05/26,0,34000,0,34000
2016/05/27,0,94000,-45000,49000
2016/05/30,0,25000,-48000,-23000
2016/05/31,0,35000,-103000,-68000
2016/06/01,0,199000,-50000,149000
2016/06/02,0,89000,-163000,-74000
2016/06/03,0,19000,-46000,-27000
2016/06/06,0,13000,-101000,-88000
2016/06/07,0,33000,-55000,-22000
2016/06/08,0,30000,-2000,28000
2016/06/09,0,0,0,0
2016/06/10,0,0,0,0
2016/06/13,0,3000,-27000,-24000
2016/06/14,0,10000,-70000,-60000
2016/06/15,0,170000,-46000,124000
2016/06/16,0,34000,0,34000
2016/06/17,0,95000,-28000,67000
2016/06/20,0,30000,0,30000
2016/06/21,0,20000,-2000,18000
2016/06/22,0,1336000,-20000,1316000
2016/06/23,0,6000,-105000,-99000
2016/06/24,0,4000,-184000,-180000
2016/06/27,0,138000,-843000,-705000
2016/06/28,0,194000,-261000,-67000
2016/06/29,0,50000,-237000,-187000
2016/06/30,0,234000,-165160,68840
2016/07/01,0,478000,-102000,376000
2016/07/04,0,550000,-70000,480000
2016/07/05,0,401000,-75000,326000
2016/07/06,0,0,-218000,-218000
2016/07/07,0,50000,-32000,18000
2016/07/08,0,0,0,0
2016/07/11,0,225000,-50000,175000
2016/07/12,0,119000,-17000,102000
2016/07/13,0,53000,-57000,-4000
2016/07/14,0,186000,-2000,184000
2016/07/15,0,364000,-89000,275000
2016/07/18,0,108000,-72000,36000
2016/07/19,0,837000,-23000,814000
2016/07/20,0,371000,-43000,328000
2016/07/21,0,438000,-66000,372000
2016/07/22,0,138000,0,138000
2016/07/25,0,7000,-274850,-267850
2016/07/26,0,24000,-10000,14000
2016/07/27,0,0,-1742000,-1742000
2016/07/28,0,2000,-390000,-388000
2016/07/29,0,0,-300000,-300000
2016/08/01,0,74000,-6001,67999
2016/08/02,0,30000,-71000,-41000
2016/08/03,0,10000,-68000,-58000
2016/08/04,0,10000,-94000,-84000
2016/08/05,0,0,-43000,-43000
2016/08/08,0,0,-25000,-25000
2016/08/09,0,7000,-10000,-3000
2016/08/10,0,7000,-1000,6000
2016/08/11,0,3000,-89000,-86000
2016/08/12,0,19000,-30000,-11000
2016/08/15,0,14000,-12000,2000
2016/08/16,0,3000,-631000,-628000
2016/08/17,0,10000,-302000,-292000
2016/08/18,0,0,-20000,-20000
2016/08/19,0,8000,-11000,-3000
2016/08/22,0,0,-9000,-9000
2016/08/23,0,0,-5000,-5000
2016/08/24,0,0,-40000,-40000
2016/08/25,0,4000,-7000,-3000
2016/08/26,0,0,-2000,-2000
2016/08/29,0,1000,-44000,-43000
2016/08/30,0,2000,-11000,-9000
2016/08/31,0,4162000,-48000,4114000
2016/09/01,0,2312000,-1701000,611000
2016/09/02,0,2719000,-1675000,1044000
2016/09/05,0,1064000,-797000,267000
2016/09/06,0,1348000,-562000,786000
2016/09/07,0,460000,-1465000,-1005000
2016/09/08,0,650000,-80000,570000
2016/09/09,0,541000,-1205000,-664000
2016/09/12,0,257000,-2795000,-2538000
2016/09/13,0,0,-325000,-325000
2016/09/14,0,50000,-405000,-355000
2016/09/15,0,0,0,0
2016/09/16,0,0,0,0
2016/09/19,0,16000,0,16000
2016/09/20,0,117000,-12000,105000
2016/09/21,0,0,-103000,-103000
2016/09/22,0,80000,-30000,50000
2016/09/23,0,43000,-19000,24000
2016/09/26,0,0,-50000,-50000
2016/09/27,0,0,0,0
2016/09/28,0,0,0,0
2016/09/29,0,47000,-770200,-723200
2016/09/30,0,5000,-225000,-220000
2016/10/03,0,1000,-22000,-21000
2016/10/04,0,0,-30000,-30000
2016/10/05,0,0,-51000,-51000
2016/10/06,0,28000,-66414,-38414
2016/10/07,0,8000,-17000,-9000
2016/10/10,0,0,0,0
2016/10/11,0,86000,-85920,80
2016/10/12,0,38000,-12000,26000
2016/10/13,0,3000,-11000,-8000
2016/10/14,0,14000,0,14000
2016/10/17,0,0,-6000,-6000
2016/10/18,0,0,-3000,-3000
2016/10/19,0,4000,-232000,-228000
2016/10/20,0,0,-15000,-15000
2016/10/21,0,0,-14000,-14000
2016/10/24,0,40000,-2000,38000
2016/10/25,0,0,0,0
2016/10/26,0,18000,0,18000
2016/10/27,0,142000,0,142000
2016/10/28,0,2000,-1000,1000
2016/10/31,0,76000,-1000,75000
2016/11/01,0,37000,-1000,36000
2016/11/02,0,61000,0,61000
2016/11/03,0,49000,0,49000
2016/11/04,0,40000,0,40000
2016/11/07,0,12000,0,12000
2016/11/08,0,4000,0,4000
2016/11/09,0,22000,-129000,-107000
2016/11/10,0,9000,0,9000
2016/11/11,0,6000,-1000,5000
2016/11/14,0,82000,-7000,75000
2016/11/15,0,9000,-34000,-25000
2016/11/16,0,147000,-441000,-294000
2016/11/17,0,63000,-271000,-208000
2016/11/18,0,383000,-30000,353000
2016/11/21,0,30000,-14000,16000
2016/11/22,0,54000,-65000,-11000
2016/11/23,0,15000,-100000,-85000
2016/11/24,0,0,0,0
2016/11/25,0,500000,-101000,399000
2016/11/28,0,26000,-5762,20238
2016/11/29,0,20000,-9000,11000
2016/11/30,0,0,0,0
2016/12/01,0,100000,-2000,98000
2016/12/02,0,20000,-35000,-15000
2016/12/05,0,100000,-34000,66000
2016/12/06,0,27000,-200000,-173000
2016/12/07,0,0,-200000,-200000
2016/12/08,0,400000,0,400000
2016/12/09,0,0,-734,-734
2016/12/12,0,189000,-3000,186000
2016/12/13,0,0,0,0
2016/12/14,0,0,-4000,-4000
2016/12/15,0,10000,-50000,-40000
2016/12/16,0,36000,-60000,-24000
2016/12/19,0,2000,-50000,-48000
2016/12/20,0,64000,-180000,-116000
2016/12/21,0,17000,-30000,-13000
2016/12/22,0,120000,-1000,119000
2016/12/23,0,48000,-20000,28000
2016/12/26,0,250000,0,250000
2016/12/27,0,0,-5000,-5000
2016/12/28,0,0,-1000,-1000
2016/12/29,0,15000,0,15000
2016/12/30,0,123000,0,123000
2017/01/02,0,0,0,0
2017/01/03,0,2228000,-41000,2187000
2017/01/04,0,1465000,-701000,764000
2017/01/05,0,100000,-761000,-661000
2017/01/06,0,247000,-115000,132000
2017/01/09,0,1064000,-54000,1010000
2017/01/10,0,219000,-5000,214000
2017/01/11,0,3601000,-100000,3501000
2017/01/12,0,489000,-151000,338000
2017/01/13,0,618000,-1256000,-638000
2017/01/16,0,200000,-158000,42000
2017/01/17,0,687000,-216000,471000
2017/01/18,0,241000,-550000,-309000
2017/01/19,0,1522000,-276000,1246000
2017/01/20,0,59000,-50000,9000
2017/01/23,0,0,-709000,-709000
2017/01/24,0,10000,-250000,-240000
2017/01/25,0,0,0,0
2017/01/26,0,0,0,0
2017/01/27,0,0,0,0
2017/01/30,0,0,0,0
2017/01/31,0,0,0,0
2017/02/01,0,0,0,0
2017/02/02,0,190000,-1511000,-1321000
2017/02/03,0,810000,-355000,455000
2017/02/06,0,50000,-101000,-51000
2017/02/07,0,165000,-1987000,-1822000
2017/02/08,0,255000,-2874000,-2619000
2017/02/09,0,400000,-80000,320000
2017/02/10,0,1245000,-281000,964000
2017/02/13,0,392000,-652000,-260000
2017/02/14,0,420000,-787000,-367000
2017/02/15,0,1199000,-138000,1061000
2017/02/16,0,183000,-121000,62000
2017/02/17,0,30000,-160000,-130000
2017/02/20,0,300000,-1567000,-1267000
2017/02/21,0,132000,-200000,-68000
2017/02/22,0,212000,-245000,-33000
2017/02/23,0,304000,-21000,283000
2017/02/24,0,479000,-404000,75000
2017/02/27,0,0,0,0
2017/02/28,0,0,0,0
2017/03/01,0,505000,-398000,107000
2017/03/02,0,476000,-193000,283000
2017/03/03,0,358000,-1000,357000
2017/03/06,0,16000,-90000,-74000
2017/03/07,0,1956000,-100000,1856000
2017/03/08,0,165000,-42000,123000
2017/03/09,0,603000,-222000,381000
2017/03/10,0,763000,-391000,372000
2017/03/13,0,2157000,-20000,2137000
2017/03/14,0,634000,-531000,103000
2017/03/15,0,822000,-101000,721000
2017/03/16,0,1600000,-185000,1415000
2017/03/17,0,917000,-50000,867000
2017/03/20,0,388000,-845000,-457000
2017/03/21,0,424000,-3152000,-2728000
2017/03/22,0,184000,-831000,-647000
2017/03/23,0,2600000,-1128000,1472000
2017/03/24,0,138000,-172000,-34000
2017/03/27,0,78000,-2418000,-2340000
2017/03/28,0,318000,-1027000,-709000
2017/03/29,0,392000,-305000,87000
2017/03/30,0,30000,-386000,-356000
2017/03/31,0,68000,-298000,-230000
2017/04/03,0,0,0,0
2017/04/04,0,0,0,0
2017/04/05,0,601000,-122000,479000
2017/04/06,0,223000,-280000,-57000
2017/04/07,0,123000,-222000,-99000
2017/04/10,0,0,-442000,-442000
2017/04/11,0,30000,-527000,-497000
2017/04/12,0,60000,-59000,1000
2017/04/13,0,362000,-107000,255000
2017/04/14,0,59000,-499000,-440000
2017/04/17,0,109000,-393000,-284000
2017/04/18,0,321000,-55000,266000
2017/04/19,0,97000,-506000,-409000
2017/04/20,0,4000,-144000,-140000
2017/04/21,0,40000,-27000,13000
2017/04/24,0,0,-425000,-425000
2017/04/25,0,303000,-25000,278000
2017/04/26,0,48000,-249000,-201000
2017/04/27,0,185000,-50000,135000
2017/04/28,0,190000,-231000,-41000
2017/05/01,0,0,0,0
2017/05/02,0,685000,-6000,679000
2017/05/03,0,185000,-272000,-87000
2017/05/04,0,8000,-80000,-72000
2017/05/05,0,32000,-9000,23000
2017/05/08,0,4000,0,4000
2017/05/09,0,65000,-339750,-274750
2017/05/10,0,233000,-70000,163000
2017/05/11,0,64000,-160000,-96000
2017/05/12,0,1112000,-503000,609000
2017/05/15,0,1054000,-84000,970000
2017/05/16,0,203000,-198000,5000
2017/05/17,0,271000,-823000,-552000
2017/05/18,0,147000,-584000,-437000
2017/05/19,0,150000,-82000,68000
2017/05/22,0,148000,-2000,146000
2017/05/23,0,260000,-145000,115000
2017/05/24,0,145000,-129000,16000
2017/05/25,0,1739000,-68000,1671000
2017/05/26,0,1530000,-3285000,-1755000
2017/05/29,0,0,0,0
2017/05/30,0,0,0,0
2017/05/31,0,983000,-511000,472000
2017/06/01,0,855000,-875000,-20000
2017/06/02,0,626000,-244000,382000
2017/06/05,0,2196000,-276000,1920000
2017/06/06,0,841000,-1202000,-361000
2017/06/07,0,396000,-248000,148000
2017/06/08,0,2405000,-175000,2230000
2017/06/09,0,730000,-871000,-141000
2017/06/12,0,1256000,-585000,671000
2017/06/13,0,1947000,-799000,1148000
2017/06/14,0,4254000,-4551000,-297000
2017/06/15,0,814000,-2141000,-1327000
2017/06/16,0,426000,-701000,-275000
2017/06/19,0,400000,-2233000,-1833000
2017/06/20,0,1213000,-1216000,-3000
2017/06/21,0,194000,-1932000,-1738000
2017/06/22,0,643000,-981000,-338000
2017/06/23,0,127000,-573000,-446000
2017/06/26,0,642000,-255000,387000
2017/06/27,0,145000,-348000,-203000
2017/06/28,0,447000,-529000,-82000
2017/06/29,0,3389000,-499000,2890000
2017/06/30,0,1026000,-1532000,-506000
2017/07/03,0,6062000,-1569000,4493000
2017/07/04,0,4852000,-3626000,1226000
2017/07/05,0,1862000,-1519000,343000
2017/07/06,0,344000,-398000,-54000
2017/07/07,0,1429000,-1051000,378000
2017/07/10,0,1758000,-633000,1125000
2017/07/11,0,249000,-1938000,-1689000
2017/07/12,0,335000,-1694000,-1359000
2017/07/13,0,1171000,-535000,636000
2017/07/14,0,612000,-718000,-106000
2017/07/17,0,2019000,-491000,1528000
2017/07/18,0,904000,-807000,97000
2017/07/19,0,3072000,-3045000,27000
2017/07/20,0,46000,-1358000,-1312000
2017/07/21,0,557000,-649000,-92000
2017/07/24,0,65000,-1056000,-991000
2017/07/25,0,106000,-286000,-180000
2017/07/26,0,226000,-1008000,-782000
2017/07/27,0,1433000,-1419000,14000
2017/07/28,0,622000,-815000,-193000
2017/07/31,0,3885000,-658000,3227000
2017/08/01,0,569000,-998000,-429000
2017/08/02,0,1563000,-545000,1018000
2017/08/03,0,1244000,-815000,429000
2017/08/04,0,137000,-550000,-413000
2017/08/07,0,903000,-432000,471000
2017/08/08,0,3029000,-772000,2257000
2017/08/09,0,1397000,-972000,425000
2017/08/10,0,714000,-1840000,-1126000
2017/08/11,0,406000,-974000,-568000
2017/08/14,0,1233000,-5048000,-3815000
2017/08/15,0,4154000,-2089000,2065000
2017/08/16,0,5644000,-4710000,934000
2017/08/17,0,1188000,-4159000,-2971000
2017/08/18,0,5086000,-1729000,3357000
