Date,Open,Buy,Sell,Total
2007/01/02,0,733000,-15000,718000
2007/01/03,0,3169000,-164000,3005000
2007/01/04,0,251000,-149000,102000
2007/01/05,0,509000,-674000,-165000
2007/01/08,0,157000,-928815,-771815
2007/01/09,0,108976,-180990,-72014
2007/01/10,0,4121000,-3077000,1044000
2007/01/11,0,3423000,-389000,3034000
2007/01/12,0,4417000,-318000,4099000
2007/01/15,0,893000,-553700,339300
2007/01/16,0,1738000,-3761000,-2023000
2007/01/17,0,1728000,-3181000,-1453000
2007/01/18,0,5410000,-3053874,2356126
2007/01/19,0,4267000,-314000,3953000
2007/01/22,0,355000,-502000,-147000
2007/01/23,0,437000,-1662000,-1225000
2007/01/24,0,634000,-2153000,-1519000
2007/01/25,0,2027000,-1287000,740000
2007/01/26,0,721000,-1110548,-389548
2007/01/29,0,624000,-2545070,-1921070
2007/01/30,0,1547000,-8855565,-7308565
2007/01/31,0,207000,-747980,-540980
2007/02/01,0,1890000,-1392107,497893
2007/02/02,0,3468000,-1000,3467000
2007/02/05,0,25338250,-780000,24558250
2007/02/06,0,37676000,-4127000,33549000
2007/02/07,0,64022260,-7679000,56343260
2007/02/08,0,16894421,-5433000,11461421
2007/02/09,0,8692000,-5626740,3065260
2007/02/12,0,6805000,-4216989,2588011
2007/02/13,0,13110000,-4682420,8427580
2007/02/14,0,2944000,-1835169,1108831
2007/02/15,0,0,0,0
2007/02/16,0,0,0,0
2007/02/19,0,0,0,0
2007/02/20,0,0,0,0
2007/02/21,0,0,0,0
2007/02/22,0,0,0,0
2007/02/23,0,0,0,0
2007/02/26,0,10124000,-846559,9277441
2007/02/27,0,8807000,-6242000,2565000
2007/02/28,0,0,0,0
2007/03/01,0,9197000,-3511272,5685728
2007/03/02,0,4785000,-9826000,-5041000
2007/03/05,0,5414000,-9655000,-4241000
2007/03/06,0,3308000,-5134000,-1826000
2007/03/07,0,5142000,-6826341,-1684341
2007/03/08,0,6586001,-2157215,4428786
2007/03/09,0,4224000,-1412000,2812000
2007/03/12,0,1971000,-2217400,-246400
2007/03/13,0,7372000,-3862000,3510000
2007/03/14,0,682000,-1442000,-760000
2007/03/15,0,2858000,-1797000,1061000
2007/03/16,0,1416000,-230000,1186000
2007/03/19,0,2910000,-114000,2796000
2007/03/20,0,4773000,-633000,4140000
2007/03/21,0,1633000,-287000,1346000
2007/03/22,0,5283000,-437000,4846000
2007/03/23,0,3102000,-1301000,1801000
2007/03/26,0,2025000,-1596000,429000
2007/03/27,0,2683000,-494000,2189000
2007/03/28,0,1575000,-237000,1338000
2007/03/29,0,6059000,-599000,5460000
2007/03/30,0,3476000,-106000,3370000
2007/04/02,0,1405000,-995354,409646
2007/04/03,0,1814450,-2325000,-510550
2007/04/04,0,4475000,-3304000,1171000
2007/04/05,0,0,0,0
2007/04/06,0,0,0,0
2007/04/09,0,893000,-1368000,-475000
2007/04/10,0,2874000,-1397000,1477000
2007/04/11,0,3491000,-2933850,557150
2007/04/12,0,2305000,-2923922,-618922
2007/04/13,0,1564000,-275000,1289000
2007/04/16,0,3869000,-430000,3439000
2007/04/17,0,5823368,-1626000,4197368
2007/04/18,0,2929000,-2313000,616000
2007/04/19,0,2316000,-1884000,432000
2007/04/20,0,2427000,-2322000,105000
2007/04/23,0,855000,-227000,628000
2007/04/24,0,954000,-573000,381000
2007/04/25,0,2187000,-4019660,-1832660
2007/04/26,0,723000,-511000,212000
2007/04/27,0,2495000,-694000,1801000
2007/04/30,0,3536000,-2304923,1231077
2007/05/01,0,0,0,0
2007/05/02,0,1284000,-800358,483642
2007/05/03,0,1733000,-1381000,352000
2007/05/04,0,2459000,-1430000,1029000
2007/05/07,0,2340000,-1555000,785000
2007/05/08,0,430000,-57000,373000
2007/05/09,0,3571000,-3583490,-12490
2007/05/10,0,1658000,-1776847,-118847
2007/05/11,0,1103000,-1728443,-625443
2007/05/14,0,2564000,-7562753,-4998753
2007/05/15,0,756000,-493383,262617
2007/05/16,0,369000,-1857000,-1488000
2007/05/17,0,3960000,-5056000,-1096000
2007/05/18,0,1119000,-573200,545800
2007/05/21,0,4890200,-4866000,24200
2007/05/22,0,13997000,-3499000,10498000
2007/05/23,0,4313000,-2431000,1882000
2007/05/24,0,1493000,-1553000,-60000
2007/05/25,0,1351000,-2830000,-1479000
2007/05/28,0,1247000,-2533706,-1286706
2007/05/29,0,1460000,-595000,865000
2007/05/30,0,3922000,-12446001,-8524001
2007/05/31,0,2195000,-3120214,-925214
2007/06/01,0,993000,-986000,7000
2007/06/04,0,2006000,-1765693,240307
2007/06/05,0,2266000,-611000,1655000
2007/06/06,0,2210000,-6026297,-3816297
2007/06/07,0,2222000,-2854000,-632000
2007/06/08,0,2001000,-4425000,-2424000
2007/06/11,0,616000,-5283600,-4667600
2007/06/12,0,2315000,-2435900,-120900
2007/06/13,0,1641000,-1806000,-165000
2007/06/14,0,2744000,-1700000,1044000
2007/06/15,0,3825000,-2904947,920053
2007/06/18,0,0,0,0
2007/06/19,0,0,0,0
2007/06/20,0,10716000,-6675000,4041000
2007/06/21,0,8885000,-6307000,2578000
2007/06/22,0,1796530,-2901000,-1104470
2007/06/25,0,1207000,-4615917,-3408917
2007/06/26,0,1523000,-2514183,-991183
2007/06/27,0,3068000,-2224000,844000
2007/06/28,0,7794000,-8347000,-553000
2007/06/29,0,7827000,-4720213,3106787
2007/07/02,0,274000,-1486000,-1212000
2007/07/03,0,14071000,-12522670,1548330
2007/07/04,0,19380955,-9832910,9548045
2007/07/05,0,3532000,-3347000,185000
2007/07/06,0,1683000,-3686000,-2003000
2007/07/09,0,14035000,-14468000,-433000
2007/07/10,0,7913000,-8375100,-462100
2007/07/11,0,4425800,-7621000,-3195200
2007/07/12,0,1552000,-9237000,-7685000
2007/07/13,0,10129000,-6801000,3328000
2007/07/16,0,15451000,-4370000,11081000
2007/07/17,0,15165000,-4264000,10901000
2007/07/18,0,30280000,-13746000,16534000
2007/07/19,0,10162000,-4630000,5532000
2007/07/20,0,10177200,-1029000,9148200
2007/07/23,0,2200000,-4394000,-2194000
2007/07/24,0,8972000,-6788000,2184000
2007/07/25,0,7615000,-5184000,2431000
2007/07/26,0,13317000,-761900,12555100
2007/07/27,0,2701000,-13310000,-10609000
2007/07/30,0,9700000,-27786000,-18086000
2007/07/31,0,27014000,-6237549,20776451
2007/08/01,0,36589000,-13482200,23106800
2007/08/02,0,5753000,-2913000,2840000
2007/08/03,0,29764000,-6812000,22952000
2007/08/06,0,1609000,-3855400,-2246400
2007/08/07,0,6444000,-8199000,-1755000
2007/08/08,0,3308000,-4901000,-1593000
2007/08/09,0,2332000,-2766000,-434000
2007/08/10,0,688000,-5268000,-4580000
2007/08/13,0,3235000,-4197000,-962000
2007/08/14,0,5559000,-5871000,-312000
2007/08/15,0,1049000,-12668000,-11619000
2007/08/16,0,3621000,-14255000,-10634000
2007/08/17,0,146000,-5439000,-5293000
2007/08/20,0,3282000,-6390000,-3108000
2007/08/21,0,6090000,-7322000,-1232000
2007/08/22,0,7384000,-14416331,-7032331
2007/08/23,0,6414000,-5928000,486000
2007/08/24,0,4492000,-424000,4068000
2007/08/27,0,32915300,-30476300,2439000
2007/08/28,0,3734000,-1817000,1917000
2007/08/29,0,3965000,-1528000,2437000
2007/08/30,0,8706000,-2862000,5844000
2007/08/31,0,1954000,-2294000,-340000
2007/09/03,0,1035000,-1675390,-640390
2007/09/04,0,2317000,-1259000,1058000
2007/09/05,0,2569000,-3311000,-742000
2007/09/06,0,22393000,-3361000,19032000
2007/09/07,0,26129000,-5237000,20892000
2007/09/10,0,1234000,-17357340,-16123340
2007/09/11,0,1167000,-5937000,-4770000
2007/09/12,0,4335000,-9089000,-4754000
2007/09/13,0,6396000,-8438000,-2042000
2007/09/14,0,2076000,-651000,1425000
2007/09/17,0,425000,-3399000,-2974000
2007/09/18,0,0,0,0
2007/09/19,0,13171000,-7399000,5772000
2007/09/20,0,17703000,-9654000,8049000
2007/09/21,0,6586000,-11910000,-5324000
2007/09/24,0,0,0,0
2007/09/25,0,0,0,0
2007/09/26,0,15704000,-18692000,-2988000
2007/09/27,0,10494000,-9940885,553115
2007/09/28,0,4763000,-7299000,-2536000
2007/10/01,0,3175000,-10269000,-7094000
2007/10/02,0,11461000,-9461000,2000000
2007/10/03,0,24668500,-18327318,6341182
2007/10/04,0,6008000,-25123012,-19115012
2007/10/05,0,4820000,-11087000,-6267000
2007/10/08,0,1651000,-3348000,-1697000
2007/10/09,0,5529000,-15560182,-10031182
2007/10/10,0,0,0,0
2007/10/11,0,16246000,-9801000,6445000
2007/10/12,0,32087000,-7065815,25021185
2007/10/15,0,9577000,-2122874,7454126
2007/10/16,0,14778000,-8274000,6504000
2007/10/17,0,5859000,-3717000,2142000
2007/10/18,0,7132000,-5299000,1833000
2007/10/19,0,966000,-304000,662000
2007/10/22,0,3753000,-10621000,-6868000
2007/10/23,0,3697000,-8332010,-4635010
2007/10/24,0,4299000,-1260000,3039000
2007/10/25,0,5212643,-5687000,-474357
2007/10/26,0,3477000,-7091000,-3614000
2007/10/29,0,13434000,-11009000,2425000
2007/10/30,0,13341128,-9976128,3365000
2007/10/31,0,16467000,-9473000,6994000
2007/11/01,0,15998500,-4137000,11861500
2007/11/02,0,3383242,-11789391,-8406149
2007/11/05,0,8777000,-12345000,-3568000
2007/11/06,0,8255000,-5627000,2628000
2007/11/07,0,13820528,-13206563,613965
2007/11/08,0,992000,-19305000,-18313000
2007/11/09,0,15484000,-17166000,-1682000
2007/11/12,0,2134000,-3719000,-1585000
2007/11/13,0,3093000,-11215000,-8122000
2007/11/14,0,3059000,-2648000,411000
2007/11/15,0,8653000,-3645000,5008000
2007/11/16,0,2178000,-8308000,-6130000
2007/11/19,0,5972000,-2042000,3930000
2007/11/20,0,2706861,-10298000,-7591139
2007/11/21,0,569000,-8908290,-8339290
2007/11/22,0,2941000,-6156000,-3215000
2007/11/23,0,5276000,-4831500,444500
2007/11/26,0,8129000,-5635000,2494000
2007/11/27,0,1610000,-2926000,-1316000
2007/11/28,0,4932000,-7706000,-2774000
2007/11/29,0,13706000,-2289000,11417000
2007/11/30,0,9930000,-2044731,7885269
2007/12/03,0,5225000,-700000,4525000
2007/12/04,0,351000,-4277000,-3926000
2007/12/05,0,992000,-3785000,-2793000
2007/12/06,0,2291000,-1895000,396000
2007/12/07,0,920517,-59000,861517
2007/12/10,0,7838000,-3199000,4639000
2007/12/11,0,1295000,-1097000,198000
2007/12/12,0,3646000,-7073000,-3427000
2007/12/13,0,6297000,-2076000,4221000
2007/12/14,0,8551000,-13314000,-4763000
2007/12/17,0,882000,-2453841,-1571841
2007/12/18,0,5791000,-2472343,3318657
2007/12/19,0,3731000,-1774000,1957000
2007/12/20,0,549600,-7937000,-7387400
2007/12/21,0,1534000,-4203000,-2669000
2007/12/24,0,219000,-5258000,-5039000
2007/12/25,0,38000,-78000,-40000
2007/12/26,0,1421000,-2124000,-703000
2007/12/27,0,1450000,-1782380,-332380
2007/12/28,0,3266000,-745000,2521000
2007/12/31,0,204000,-915000,-711000
2008/01/01,0,0,0,0
2008/01/02,0,769736,-1863000,-1093264
2008/01/03,0,2095700,-2173000,-77300
2008/01/04,0,1073000,-5832000,-4759000
2008/01/07,0,1732000,-10761000,-9029000
2008/01/08,0,3177000,-4965000,-1788000
2008/01/09,0,3215000,-14474925,-11259925
2008/01/10,0,6193896,-6789611,-595715
2008/01/11,0,3410000,-8035000,-4625000
2008/01/14,0,19281000,-6661800,12619200
2008/01/15,0,5895000,-4249956,1645044
2008/01/16,0,3121742,-25866000,-22744258
2008/01/17,0,7056000,-20345355,-13289355
2008/01/18,0,4721074,-34507151,-29786077
2008/01/21,0,1469000,-3587000,-2118000
2008/01/22,0,793000,-5806000,-5013000
2008/01/23,0,1744000,-6483000,-4739000
2008/01/24,0,6236000,-13915000,-7679000
2008/01/25,0,2175002,-9800000,-7624998
2008/01/28,0,1134000,-1431000,-297000
2008/01/29,0,5178000,-5210500,-32500
2008/01/30,0,8929043,-3531000,5398043
2008/01/31,0,12616000,-2669000,9947000
2008/02/01,0,5582000,-1725000,3857000
2008/02/04,0,0,0,0
2008/02/05,0,0,0,0
2008/02/06,0,0,0,0
2008/02/07,0,0,0,0
2008/02/08,0,0,0,0
2008/02/11,0,0,0,0
2008/02/12,0,6725000,-11458940,-4733940
2008/02/13,0,3641000,-5751106,-2110106
2008/02/14,0,2202000,-2065000,137000
2008/02/15,0,804000,-4707000,-3903000
2008/02/18,0,2839000,-4351000,-1512000
2008/02/19,0,4958000,-2016000,2942000
2008/02/20,0,1725000,-3400000,-1675000
2008/02/21,0,1336000,-3434488,-2098488
2008/02/22,0,4219000,-11985000,-7766000
2008/02/25,0,6776000,-7598000,-822000
2008/02/26,0,2935000,-1998000,937000
2008/02/27,0,4409000,-10657000,-6248000
2008/02/28,0,0,0,0
2008/02/29,0,8038900,-9987580,-1948680
2008/03/03,0,825000,-4169000,-3344000
2008/03/04,0,7477000,-7158701,318299
2008/03/05,0,6700000,-3262000,3438000
2008/03/06,0,4787000,-9603964,-4816964
2008/03/07,0,1831000,-12471000,-10640000
2008/03/10,0,4752000,-7016964,-2264964
2008/03/11,0,2010000,-1533000,477000
2008/03/12,0,3876924,-590886,3286038
2008/03/13,0,6182000,-9751000,-3569000
2008/03/14,0,231000,-5776220,-5545220
2008/03/17,0,273000,-3768035,-3495035
2008/03/18,0,4899000,-3754000,1145000
2008/03/19,0,10070000,-1782000,8288000
2008/03/20,0,5735000,-1970000,3765000
2008/03/21,0,3224000,-5990000,-2766000
2008/03/24,0,5119000,-3592000,1527000
2008/03/25,0,2407000,-5094000,-2687000
2008/03/26,0,8882000,-3339920,5542080
2008/03/27,0,717473,-3124000,-2406527
2008/03/28,0,5717473,-3243000,2474473
2008/03/31,0,4817562,-3353628,1463934
2008/04/01,0,4160437,-865000,3295437
2008/04/02,0,1972771,-3170771,-1198000
2008/04/03,0,2351501,-4642679,-2291178
2008/04/04,0,0,0,0
2008/04/07,0,1198000,-951000,247000
2008/04/08,0,5062000,-1314000,3748000
2008/04/09,0,1769000,-8999000,-7230000
2008/04/10,0,2923229,-7266830,-4343601
2008/04/11,0,3312000,-3941456,-629456
2008/04/14,0,8251000,-5712624,2538376
2008/04/15,0,5528000,-11048500,-5520500
2008/04/16,0,5066000,-3941000,1125000
2008/04/17,0,2062000,-10061000,-7999000
2008/04/18,0,16932000,-19023000,-2091000
2008/04/21,0,11431342,-2926000,8505342
2008/04/22,0,9846897,-3245974,6600923
2008/04/23,0,2135000,-2335000,-200000
2008/04/24,0,397000,-400000,-3000
2008/04/25,0,977000,-7205475,-6228475
2008/04/28,0,5689093,-3026000,2663093
2008/04/29,0,9814134,-3496000,6318134
2008/04/30,0,2887000,-195937,2691063
2008/05/01,0,0,0,0
2008/05/02,0,895707,-10837000,-9941293
2008/05/05,0,3490000,-4758000,-1268000
2008/05/06,0,1718000,-263000,1455000
2008/05/07,0,3575000,-238140,3336860
2008/05/08,0,226000,-1044163,-818163
2008/05/09,0,1932000,-1077000,855000
2008/05/12,0,480000,-67000,413000
2008/05/13,0,2257000,-393000,1864000
2008/05/14,0,5112000,-345544,4766456
2008/05/15,0,4102646,-320000,3782646
2008/05/16,0,13502000,-396000,13106000
2008/05/19,0,2455000,-2000000,455000
2008/05/20,0,1840000,-2241000,-401000
2008/05/21,0,1895797,-5912240,-4016443
2008/05/22,0,525000,-3315000,-2790000
2008/05/23,0,764000,-1112000,-348000
2008/05/26,0,2426000,-2426000,0
2008/05/27,0,4158000,-2361213,1796787
2008/05/28,0,469000,-8700000,-8231000
2008/05/29,0,2168000,-3245000,-1077000
2008/05/30,0,3553000,-7856632,-4303632
2008/06/02,0,1745920,-151000,1594920
2008/06/03,0,3997263,-669000,3328263
2008/06/04,0,1085000,-86000,999000
2008/06/05,0,896000,-1803000,-907000
2008/06/06,0,1891000,-339000,1552000
2008/06/09,0,2123000,-827000,1296000
2008/06/10,0,2184000,-3593000,-1409000
2008/06/11,0,1626000,-1213346,412654
2008/06/12,0,4459000,-2126000,2333000
2008/06/13,0,2788000,-2911000,-123000
2008/06/16,0,1112000,-2628000,-1516000
2008/06/17,0,3221000,-3163877,57123
2008/06/18,0,4161000,-4578000,-417000
2008/06/19,0,4632000,-1720000,2912000
2008/06/20,0,2464388,-5888138,-3423750
2008/06/23,0,1286000,-2205000,-919000
2008/06/24,0,1881000,-661000,1220000
2008/06/25,0,2490000,-3345890,-855890
2008/06/26,0,2299000,-2826000,-527000
2008/06/27,0,3052000,-1293980,1758020
2008/06/30,0,967000,-1176000,-209000
2008/07/01,0,1814000,-2438000,-624000
2008/07/02,0,5089000,-491000,4598000
2008/07/03,0,660000,-1419000,-759000
2008/07/04,0,325000,-1573000,-1248000
2008/07/07,0,1459321,-2416000,-956679
2008/07/08,0,1273000,-3401000,-2128000
2008/07/09,0,2484000,-2069000,415000
2008/07/10,0,2359000,-945000,1414000
2008/07/11,0,1664000,-1865000,-201000
2008/07/14,0,763000,-2099000,-1336000
2008/07/15,0,1478000,-1418000,60000
2008/07/16,0,4345000,-2876000,1469000
2008/07/17,0,4292000,-2820789,1471211
2008/07/18,0,1264701,-3960701,-2696000
2008/07/21,0,4334798,-641000,3693798
2008/07/22,0,735000,-1772000,-1037000
2008/07/23,0,5139000,-2218430,2920570
2008/07/24,0,9532000,-2845000,6687000
2008/07/25,0,5669000,-4877000,792000
2008/07/28,0,0,0,0
2008/07/29,0,1682000,-5534000,-3852000
2008/07/30,0,1073000,-3518000,-2445000
2008/07/31,0,1545000,-4432000,-2887000
2008/08/01,0,773000,-712000,61000
2008/08/04,0,1335000,-2476000,-1141000
2008/08/05,0,3946000,-5077000,-1131000
2008/08/06,0,6511000,-1892000,4619000
2008/08/07,0,4284000,-3006000,1278000
2008/08/08,0,4849154,-7718000,-2868846
2008/08/11,0,3719000,-3648000,71000
2008/08/12,0,2882000,-4572000,-1690000
2008/08/13,0,419000,-3503000,-3084000
2008/08/14,0,352000,-1588000,-1236000
2008/08/15,0,6523000,-4632000,1891000
2008/08/18,0,3154000,-6340000,-3186000
2008/08/19,0,4839000,-6780000,-1941000
2008/08/20,0,498685,-5680000,-5181315
2008/08/21,0,1278000,-2273000,-995000
2008/08/22,0,2622000,-831664,1790336
2008/08/25,0,3499000,-77000,3422000
2008/08/26,0,250000,-116000,134000
2008/08/27,0,1700000,-2933000,-1233000
2008/08/28,0,3524000,-2086000,1438000
2008/08/29,0,3125000,-7612849,-4487849
2008/09/01,0,2489000,-5907000,-3418000
2008/09/02,0,1618000,-4717000,-3099000
2008/09/03,0,2258000,-12192411,-9934411
2008/09/04,0,450000,-1383000,-933000
2008/09/05,0,494000,-1241000,-747000
2008/09/08,0,1420000,-459000,961000
2008/09/09,0,321000,-5308000,-4987000
2008/09/10,0,3173000,-5462000,-2289000
2008/09/11,0,2797000,-6782000,-3985000
2008/09/12,0,576000,-868000,-292000
2008/09/15,0,123000,-2568000,-2445000
2008/09/16,0,931215,-7123000,-6191785
2008/09/17,0,4212000,-2429000,1783000
2008/09/18,0,297000,-2744000,-2447000
2008/09/19,0,424000,-1436000,-1012000
2008/09/22,0,5404000,-596000,4808000
2008/09/23,0,2856296,-2097000,759296
2008/09/24,0,756827,-3446827,-2690000
2008/09/25,0,1503000,-3559000,-2056000
2008/09/26,0,1030000,-2518000,-1488000
2008/09/29,0,0,0,0
2008/09/30,0,2403353,-2972000,-568647
2008/10/01,0,1974000,-3815000,-1841000
2008/10/02,0,343000,-3593000,-3250000
2008/10/03,0,2006000,-529000,1477000
2008/10/06,0,77000,-2911000,-2834000
2008/10/07,0,1450000,-1726000,-276000
2008/10/08,0,327000,-902000,-575000
2008/10/09,0,2625000,-744000,1881000
2008/10/10,0,0,0,0
2008/10/13,0,48000,-2570300,-2522300
2008/10/14,0,3366000,-5591000,-2225000
2008/10/15,0,2094000,-3397710,-1303710
2008/10/16,0,1201000,-3198000,-1997000
2008/10/17,0,1886000,-1286000,600000
2008/10/20,0,573000,-2999000,-2426000
2008/10/21,0,2206000,-668356,1537644
2008/10/22,0,1868000,-5408000,-3540000
2008/10/23,0,84000,-1522000,-1438000
2008/10/24,0,792000,-1810000,-1018000
2008/10/27,0,876000,-2111000,-1235000
2008/10/28,0,223000,-4928000,-4705000
2008/10/29,0,1075000,-746000,329000
2008/10/30,0,707000,-990030,-283030
2008/10/31,0,1348000,-1106000,242000
2008/11/03,0,6017000,-952000,5065000
2008/11/04,0,1380000,-2458000,-1078000
2008/11/05,0,1997000,-2503000,-506000
2008/11/06,0,2976000,-1743000,1233000
2008/11/07,0,796000,-2803000,-2007000
2008/11/10,0,887000,-569000,318000
2008/11/11,0,820000,-756214,63786
2008/11/12,0,550000,-2492000,-1942000
2008/11/13,0,589000,-1622000,-1033000
2008/11/14,0,656000,-5166000,-4510000
2008/11/17,0,1254000,-4144000,-2890000
2008/11/18,0,1837000,-5715000,-3878000
2008/11/19,0,845000,-5167000,-4322000
2008/11/20,0,395000,-1288246,-893246
2008/11/21,0,3130000,-4771970,-1641970
2008/11/24,0,989000,-6156217,-5167217
2008/11/25,0,4651000,-6194594,-1543594
2008/11/26,0,2943000,-3268829,-325829
2008/11/27,0,2221000,-5240000,-3019000
2008/11/28,0,2848000,-3682580,-834580
2008/12/01,0,2631000,-3511000,-880000
2008/12/02,0,1225000,-4761000,-3536000
2008/12/03,0,508000,-7403000,-6895000
2008/12/04,0,553000,-6029000,-5476000
2008/12/05,0,777000,-4416570,-3639570
2008/12/08,0,4161000,-3150000,1011000
2008/12/09,0,1665000,-6438000,-4773000
2008/12/10,0,6087000,-3198000,2889000
2008/12/11,0,4368000,-3427000,941000
2008/12/12,0,1076000,-6010000,-4934000
2008/12/15,0,2896000,-4627000,-1731000
2008/12/16,0,1174000,-3777000,-2603000
2008/12/17,0,1955000,-4412000,-2457000
2008/12/18,0,5328000,-3878000,1450000
2008/12/19,0,1306000,-2287000,-981000
2008/12/22,0,2857000,-774000,2083000
2008/12/23,0,149000,-4253000,-4104000
2008/12/24,0,222000,-734000,-512000
2008/12/25,0,376000,-556000,-180000
2008/12/26,0,67000,-519000,-452000
2008/12/29,0,1625000,-732000,893000
2008/12/30,0,978000,-2003000,-1025000
2008/12/31,0,267000,-477000,-210000
2009/01/01,0,0,0,0
2009/01/02,0,0,0,0
2009/01/05,0,682000,-511000,171000
2009/01/06,0,2744686,-442000,2302686
2009/01/07,0,2118058,-1667000,451058
2009/01/08,0,868000,-2990000,-2122000
2009/01/09,0,1312000,-684000,628000
2009/01/12,0,735968,-901000,-165032
2009/01/13,0,1640000,-496000,1144000
2009/01/14,0,125000,-396000,-271000
2009/01/15,0,178000,-2476000,-2298000
2009/01/16,0,1443000,-1889043,-446043
2009/01/19,0,246000,-193390,52610
2009/01/20,0,532000,-5407000,-4875000
2009/01/21,0,851000,-2106000,-1255000
2009/01/22,0,0,0,0
2009/01/23,0,0,0,0
2009/01/26,0,0,0,0
2009/01/27,0,0,0,0
2009/01/28,0,0,0,0
2009/01/29,0,0,0,0
2009/01/30,0,0,0,0
2009/02/02,0,3715000,-5029474,-1314474
2009/02/03,0,752000,-1213100,-461100
2009/02/04,0,2772000,-4410000,-1638000
2009/02/05,0,3135000,-581000,2554000
2009/02/06,0,1314000,-750000,564000
2009/02/09,0,1109000,-3010000,-1901000
2009/02/10,0,1672000,-224000,1448000
2009/02/11,0,263000,-1787000,-1524000
2009/02/12,0,220000,-1576120,-1356120
2009/02/13,0,766000,-544000,222000
2009/02/16,0,43000,-345254,-302254
2009/02/17,0,389000,-678422,-289422
2009/02/18,0,1120000,-756000,364000
2009/02/19,0,1539000,-441000,1098000
2009/02/20,0,273674,-1073674,-800000
2009/02/23,0,717000,-139000,578000
2009/02/24,0,252000,-832000,-580000
2009/02/25,0,523000,-236664,286336
2009/02/26,0,593000,-365500,227500
2009/02/27,0,1031000,-161000,870000
2009/03/02,0,48000,-1528379,-1480379
2009/03/03,0,229000,-911000,-682000
2009/03/04,0,700000,-2876000,-2176000
2009/03/05,0,894000,-26000,868000
2009/03/06,0,861000,-496250,364750
2009/03/09,0,1224000,-880000,344000
2009/03/10,0,2429000,-1972250,456750
2009/03/11,0,1896000,-2457059,-561059
2009/03/12,0,995000,-1667000,-672000
2009/03/13,0,2984000,-3987000,-1003000
2009/03/16,0,1349000,-2522000,-1173000
2009/03/17,0,1081000,-2064000,-983000
2009/03/18,0,2529000,-974000,1555000
2009/03/19,0,4589000,-526000,4063000
2009/03/20,0,4498000,-1483150,3014850
2009/03/23,0,2175000,-3494000,-1319000
2009/03/24,0,3882000,-2064000,1818000
2009/03/25,0,7198000,-3188650,4009350
2009/03/26,0,3550000,-2092000,1458000
2009/03/27,0,4631000,-1897000,2734000
2009/03/30,0,732000,-2242000,-1510000
2009/03/31,0,1963000,-4544365,-2581365
2009/04/01,0,2501000,-1425000,1076000
2009/04/02,0,2584000,-2165000,419000
2009/04/03,0,11270000,-3118000,8152000
2009/04/06,0,2485000,-1156000,1329000
2009/04/07,0,10190000,-1929000,8261000
2009/04/08,0,3119000,-7467000,-4348000
2009/04/09,0,2149000,-4593292,-2444292
2009/04/10,0,4838000,-952000,3886000
2009/04/13,0,9070000,-383000,8687000
2009/04/14,0,21629000,-2349939,19279061
2009/04/15,0,13030000,-1356000,11674000
2009/04/16,0,15592000,-8810946,6781054
2009/04/17,0,16624752,-3912000,12712752
2009/04/20,0,913000,-1517000,-604000
2009/04/21,0,955000,-7399000,-6444000
2009/04/22,0,453000,-8857000,-8404000
2009/04/23,0,2584000,-3595000,-1011000
2009/04/24,0,9741000,-719000,9022000
2009/04/27,0,1100016,-1832000,-731984
2009/04/28,0,1852201,-1403268,448933
2009/04/29,0,1937000,-991132,945868
2009/04/30,0,15024000,-4507000,10517000
2009/05/01,0,0,0,0
2009/05/04,0,11090000,-145000,10945000
2009/05/05,0,15395284,-3818000,11577284
2009/05/06,0,19882000,-4156000,15726000
2009/05/07,0,7872000,-8606000,-734000
2009/05/08,0,4547000,-2825000,1722000
2009/05/11,0,4422000,-4843000,-421000
2009/05/12,0,5522000,-2303000,3219000
2009/05/13,0,858000,-9132000,-8274000
2009/05/14,0,730257,-5831000,-5100743
2009/05/15,0,1548000,-9382000,-7834000
2009/05/18,0,6771000,-2527000,4244000
2009/05/19,0,9278000,-5372000,3906000
2009/05/20,0,6651000,-2317959,4333041
2009/05/21,0,7837000,-4132000,3705000
2009/05/22,0,1877000,-2305000,-428000
2009/05/25,0,7638000,-5171761,2466239
2009/05/26,0,5176000,-2764000,2412000
2009/05/27,0,9605761,-1595477,8010284
2009/05/28,0,0,0,0
2009/05/29,0,0,0,0
2009/06/01,0,8515000,-8037000,478000
2009/06/02,0,24307000,-10255000,14052000
2009/06/03,0,10932000,-4527000,6405000
2009/06/04,0,2241000,-6114000,-3873000
2009/06/05,0,5613762,-4860390,753372
2009/06/08,0,3725000,-2691000,1034000
2009/06/09,0,6887000,-7113610,-226610
2009/06/10,0,4345709,-7618000,-3272291
2009/06/11,0,6457000,-8471000,-2014000
2009/06/12,0,3414000,-3969630,-555630
2009/06/15,0,4192000,-1672000,2520000
2009/06/16,0,1433000,-3609010,-2176010
2009/06/17,0,1166000,-1422000,-256000
2009/06/18,0,955000,-2179000,-1224000
2009/06/19,0,1258000,-1777000,-519000
2009/06/22,0,230000,-719000,-489000
2009/06/23,0,77300,-2216760,-2139460
2009/06/24,0,2537000,-4099319,-1562319
2009/06/25,0,2079000,-547000,1532000
2009/06/26,0,997000,-799580,197420
2009/06/29,0,2085000,-1584000,501000
2009/06/30,0,746000,-3192266,-2446266
2009/07/01,0,1160000,-814000,346000
2009/07/02,0,1359000,-713000,646000
2009/07/03,0,1557240,-779353,777887
2009/07/06,0,10427000,-1238050,9188950
2009/07/07,0,5497000,-2204600,3292400
2009/07/08,0,296000,-2495000,-2199000
2009/07/09,0,7963000,-935000,7028000
2009/07/10,0,449000,-1619084,-1170084
2009/07/13,0,5262000,-2268000,2994000
2009/07/14,0,4035000,-3227840,807160
2009/07/15,0,5073000,-1537000,3536000
2009/07/16,0,5011000,-556000,4455000
2009/07/17,0,4916561,-1355632,3560929
2009/07/20,0,597000,-296000,301000
2009/07/21,0,6256000,-897730,5358270
2009/07/22,0,12250000,-1424084,10825916
2009/07/23,0,4415000,-889010,3525990
2009/07/24,0,18142000,-966780,17175220
2009/07/27,0,3889000,-1398000,2491000
2009/07/28,0,5770000,-443000,5327000
2009/07/29,0,4246000,-215905,4030095
2009/07/30,0,3254000,-1202000,2052000
2009/07/31,0,6020000,-1475000,4545000
2009/08/03,0,2398000,-891000,1507000
2009/08/04,0,25597000,-1513000,24084000
2009/08/05,0,6648000,-2100000,4548000
2009/08/06,0,2074000,-625000,1449000
2009/08/07,0,0,0,0
2009/08/10,0,2856920,-4515000,-1658080
2009/08/11,0,4455235,-3915000,540235
2009/08/12,0,1151000,-1714000,-563000
2009/08/13,0,2807000,-572000,2235000
2009/08/14,0,3368000,-275000,3093000
2009/08/17,0,4986000,-1354000,3632000
2009/08/18,0,8572000,-2323000,6249000
2009/08/19,0,5339000,-1915000,3424000
2009/08/20,0,1786000,-1484416,301584
2009/08/21,0,3583000,-2262360,1320640
2009/08/24,0,2412000,-2199000,213000
2009/08/25,0,1835000,-1686000,149000
2009/08/26,0,1063000,-710080,352920
2009/08/27,0,1295000,-275000,1020000
2009/08/28,0,5068000,-6302000,-1234000
2009/08/31,0,5277000,-3786260,1490740
2009/09/01,0,1079000,-316008,762992
2009/09/02,0,493836,-540000,-46164
2009/09/03,0,4090000,-3135000,955000
2009/09/04,0,568121,-1804836,-1236715
2009/09/07,0,213000,-1293000,-1080000
2009/09/08,0,2864000,-1679000,1185000
2009/09/09,0,926000,-1378000,-452000
2009/09/10,0,3364000,-3640120,-276120
2009/09/11,0,716000,-997177,-281177
2009/09/14,0,417000,-3518000,-3101000
2009/09/15,0,1235000,-1597000,-362000
2009/09/16,0,1849000,-1524000,325000
2009/09/17,0,5443000,-3104860,2338140
2009/09/18,0,852000,-2448000,-1596000
2009/09/21,0,1587000,-4250285,-2663285
2009/09/22,0,6906000,-6554000,352000
2009/09/23,0,5043000,-8586000,-3543000
2009/09/24,0,1638000,-4938000,-3300000
2009/09/25,0,678000,-5607920,-4929920
2009/09/28,0,1399000,-3228000,-1829000
2009/09/29,0,2250000,-3827000,-1577000
2009/09/30,0,4754000,-15863358,-11109358
2009/10/01,0,1185000,-9623000,-8438000
2009/10/02,0,2017000,-21265299,-19248299
2009/10/05,0,3844700,-15062700,-11218000
2009/10/06,0,6975000,-18478000,-11503000
2009/10/07,0,8315000,-10305240,-1990240
2009/10/08,0,4387000,-5995000,-1608000
2009/10/09,0,5450000,-4086000,1364000
2009/10/12,0,3548000,-3917000,-369000
2009/10/13,0,2530090,-3462311,-932221
2009/10/14,0,1125000,-6386000,-5261000
2009/10/15,0,1829000,-3753000,-1924000
2009/10/16,0,407000,-3273000,-2866000
2009/10/19,0,1073000,-3584562,-2511562
2009/10/20,0,438000,-2895000,-2457000
2009/10/21,0,1902000,-5576000,-3674000
2009/10/22,0,882000,-19803000,-18921000
2009/10/23,0,778000,-8092374,-7314374
2009/10/26,0,788000,-1677000,-889000
2009/10/27,0,1083000,-3325000,-2242000
2009/10/28,0,924000,-4992000,-4068000
2009/10/29,0,297000,-8880000,-8583000
2009/10/30,0,777000,-3174000,-2397000
2009/11/02,0,737000,-9491489,-8754489
2009/11/03,0,174000,-4880217,-4706217
2009/11/04,0,507000,-5339000,-4832000
2009/11/05,0,903000,-1213000,-310000
2009/11/06,0,1585000,-1429000,156000
2009/11/09,0,1632000,-2327000,-695000
2009/11/10,0,1882000,-3143096,-1261096
2009/11/11,0,4174000,-2587764,1586236
2009/11/12,0,1239000,-287000,952000
2009/11/13,0,564000,-215597,348403
2009/11/16,0,3140000,-231000,2909000
2009/11/17,0,2146000,-1270534,875466
2009/11/18,0,1723000,-1775000,-52000
2009/11/19,0,3773000,-330000,3443000
2009/11/20,0,2378000,-987000,1391000
2009/11/23,0,3919000,-448000,3471000
2009/11/24,0,3565000,-5424832,-1859832
2009/11/25,0,2232000,-2341466,-109466
2009/11/26,0,207000,-2445000,-2238000
2009/11/27,0,154000,-5112000,-4958000
2009/11/30,0,788541,-3218617,-2430076
2009/12/01,0,1330000,-9898000,-8568000
2009/12/02,0,1158000,-970000,188000
2009/12/03,0,528000,-1020656,-492656
2009/12/04,0,1145000,-271323,873677
2009/12/07,0,4357000,-599000,3758000
2009/12/08,0,171000,-700000,-529000
2009/12/09,0,152000,-2844640,-2692640
2009/12/10,0,176000,-2407825,-2231825
2009/12/11,0,523000,-1639000,-1116000
2009/12/14,0,1769000,-2029000,-260000
2009/12/15,0,234000,-214000,20000
2009/12/16,0,92000,-799000,-707000
2009/12/17,0,518180,-1055000,-536820
2009/12/18,0,397000,-3912000,-3515000
2009/12/21,0,458000,-631000,-173000
2009/12/22,0,2387000,-855000,1532000
2009/12/23,0,2140000,-209904,1930096
2009/12/24,0,961000,-36000,925000
2009/12/25,0,313000,-9000,304000
2009/12/28,0,2242000,-163000,2079000
2009/12/29,0,234000,-218000,16000
2009/12/30,0,1694000,-690000,1004000
2009/12/31,0,1456000,-649000,807000
2010/01/01,0,0,0,0
2010/01/04,0,1399000,-1092000,307000
2010/01/05,0,12786000,-857000,11929000
2010/01/06,0,261000,-572500,-311500
2010/01/07,0,12623000,-5066141,7556859
2010/01/08,0,17137440,-537000,16600440
2010/01/11,0,11187000,-1869000,9318000
2010/01/12,0,6928000,-619000,6309000
2010/01/13,0,1012000,-1498000,-486000
2010/01/14,0,11389000,-1053870,10335130
2010/01/15,0,15571000,-1163000,14408000
2010/01/18,0,3560000,-2006000,1554000
2010/01/19,0,1676760,-790550,886210
2010/01/20,0,12667000,-5007000,7660000
2010/01/21,0,12799149,-2603000,10196149
2010/01/22,0,7296000,-3401000,3895000
2010/01/25,0,5248170,-7174000,-1925830
2010/01/26,0,3948000,-5121000,-1173000
2010/01/27,0,4284663,-4336380,-51717
2010/01/28,0,263000,-1013000,-750000
2010/01/29,0,1933000,-2800150,-867150
2010/02/01,0,2481721,-2397310,84411
2010/02/02,0,981000,-3977390,-2996390
2010/02/03,0,641970,-2960000,-2318030
2010/02/04,0,76000,-3996000,-3920000
2010/02/05,0,553000,-4643210,-4090210
2010/02/08,0,1360023,-2140240,-780217
2010/02/09,0,2511000,-2354768,156232
2010/02/10,0,1973950,-1949000,24950
2010/02/11,0,0,0,0
2010/02/12,0,0,0,0
2010/02/15,0,0,0,0
2010/02/16,0,0,0,0
2010/02/17,0,0,0,0
2010/02/18,0,0,0,0
2010/02/19,0,0,0,0
2010/02/22,0,3468000,-1993000,1475000
2010/02/23,0,7536194,-1045000,6491194
2010/02/24,0,10427000,-6493000,3934000
2010/02/25,0,8790000,-3678000,5112000
2010/02/26,0,6417707,-2103979,4313728
2010/03/01,0,991000,-3176939,-2185939
2010/03/02,0,2975291,-2647000,328291
2010/03/03,0,3673000,-547555,3125445
2010/03/04,0,7852000,-4195000,3657000
2010/03/05,0,6903000,-1388000,5515000
2010/03/08,0,4072000,-1485000,2587000
2010/03/09,0,1479910,-741000,738910
2010/03/10,0,4106708,-445087,3661621
2010/03/11,0,2134000,-753000,1381000
2010/03/12,0,4209000,-64531,4144469
2010/03/15,0,1780000,-432000,1348000
2010/03/16,0,4389000,-155356,4233644
2010/03/17,0,5218019,-514000,4704019
2010/03/18,0,4934000,-954000,3980000
2010/03/19,0,2436000,-181378,2254622
2010/03/22,0,711000,-672500,38500
2010/03/23,0,958000,-2571000,-1613000
2010/03/24,0,2193000,-574370,1618630
2010/03/25,0,2312222,-1801000,511222
2010/03/26,0,1999000,-519000,1480000
2010/03/29,0,2965000,-2295000,670000
2010/03/30,0,2572589,-1615000,957589
2010/03/31,0,6662000,-6694290,-32290
2010/04/01,0,7451000,-8101980,-650980
2010/04/02,0,6826000,-2725000,4101000
2010/04/05,0,0,0,0
2010/04/06,0,5732000,-291000,5441000
2010/04/07,0,3219400,-709220,2510180
2010/04/08,0,817000,-598000,219000
2010/04/09,0,1555000,-576540,978460
2010/04/12,0,3369810,-1963000,1406810
2010/04/13,0,1230000,-4453000,-3223000
2010/04/14,0,1334000,-1100270,233730
2010/04/15,0,13212000,-1573000,11639000
2010/04/16,0,3869710,-4431000,-561290
2010/04/19,0,5230000,-3208000,2022000
2010/04/20,0,4419000,-2543000,1876000
2010/04/21,0,2627000,-2461603,165397
2010/04/22,0,1905000,-1933970,-28970
2010/04/23,0,2692000,-2209000,483000
2010/04/26,0,7244000,-2254000,4990000
2010/04/27,0,5642070,-3363070,2279000
2010/04/28,0,2276356,-3172030,-895674
2010/04/29,0,4597000,-3217000,1380000
2010/04/30,0,34586000,-13911000,20675000
2010/05/03,0,10826000,-2548000,8278000
2010/05/04,0,2619000,-2620000,-1000
2010/05/05,0,5656511,-9599440,-3942929
2010/05/06,0,7541876,-7584000,-42124
2010/05/07,0,9795725,-5349298,4446427
2010/05/10,0,5148690,-2988994,2159696
2010/05/11,0,4716000,-7090000,-2374000
2010/05/12,0,5402060,-2231000,3171060
2010/05/13,0,18104000,-899000,17205000
2010/05/14,0,7229000,-1274000,5955000
2010/05/17,0,525000,-5159000,-4634000
2010/05/18,0,1726000,-10327000,-8601000
2010/05/19,0,3516000,-8692000,-5176000
2010/05/20,0,809000,-2198000,-1389000
2010/05/21,0,2568000,-10656230,-8088230
2010/05/24,0,2723000,-4251000,-1528000
2010/05/25,0,1107000,-2147620,-1040620
2010/05/26,0,8723000,-9579381,-856381
2010/05/27,0,1763229,-2792660,-1029431
2010/05/28,0,2848000,-11161000,-8313000
2010/05/31,0,1337000,-4167000,-2830000
2010/06/01,0,2057000,-1850000,207000
2010/06/02,0,2000000,-4433385,-2433385
2010/06/03,0,1754486,-2897479,-1142993
2010/06/04,0,2351000,-3570000,-1219000
2010/06/07,0,2737000,-4132856,-1395856
2010/06/08,0,1979000,-1272000,707000
2010/06/09,0,4057600,-6524588,-2466988
2010/06/10,0,1834000,-274000,1560000
2010/06/11,0,2039010,-276000,1763010
2010/06/14,0,2340010,-1817000,523010
2010/06/15,0,3295019,-3543710,-248691
2010/06/16,0,0,0,0
2010/06/17,0,7304249,-7333789,-29540
2010/06/18,0,1661336,-2031000,-369664
2010/06/21,0,7246686,-7762567,-515881
2010/06/22,0,4757843,-11472000,-6714157
2010/06/23,0,5117529,-5422208,-304679
2010/06/24,0,1217000,-1359360,-142360
2010/06/25,0,4104805,-21886000,-17781195
2010/06/28,0,5963000,-15429000,-9466000
2010/06/29,0,10242000,-4883000,5359000
2010/06/30,0,3428507,-6538000,-3109493
2010/07/01,0,2438000,-3922702,-1484702
2010/07/02,0,3468000,-8781300,-5313300
2010/07/05,0,455633,-1093000,-637367
2010/07/06,0,3860000,-10683167,-6823167
2010/07/07,0,2297908,-15554000,-13256092
2010/07/08,0,3508000,-4078798,-570798
2010/07/09,0,2076837,-1655000,421837
2010/07/12,0,4475000,-2398000,2077000
2010/07/13,0,1039000,-1444600,-405600
2010/07/14,0,2933750,-2529216,404534
2010/07/15,0,1633000,-762000,871000
2010/07/16,0,1116623,-1452000,-335377
2010/07/19,0,1280000,-1581000,-301000
2010/07/20,0,2968100,-3687000,-718900
2010/07/21,0,2736000,-7612000,-4876000
2010/07/22,0,4479000,-10762000,-6283000
2010/07/23,0,6718169,-20632000,-13913831
2010/07/26,0,2950320,-6895000,-3944680
2010/07/27,0,2197990,-9252347,-7054357
2010/07/28,0,2214000,-2152127,61873
2010/07/29,0,1176000,-2006687,-830687
2010/07/30,0,3736053,-3567000,169053
2010/08/02,0,3306000,-6690412,-3384412
2010/08/03,0,4958000,-5713000,-755000
2010/08/04,0,1909000,-5096762,-3187762
2010/08/05,0,1605000,-4944000,-3339000
2010/08/06,0,892000,-5607000,-4715000
2010/08/09,0,1804000,-4460000,-2656000
2010/08/10,0,7361000,-3519000,3842000
2010/08/11,0,3930000,-7070657,-3140657
2010/08/12,0,1183837,-9275000,-8091163
2010/08/13,0,1776306,-3060000,-1283694
2010/08/16,0,4728000,-5428000,-700000
2010/08/17,0,4391000,-8958000,-4567000
2010/08/18,0,3233000,-8970000,-5737000
2010/08/19,0,6343000,-9742000,-3399000
2010/08/20,0,3666000,-8168000,-4502000
2010/08/23,0,4818000,-5837000,-1019000
2010/08/24,0,1284000,-2306000,-1022000
2010/08/25,0,3391000,-6632000,-3241000
2010/08/26,0,1142000,-5870000,-4728000
2010/08/27,0,1012000,-2109000,-1097000
2010/08/30,0,1752266,-3819000,-2066734
2010/08/31,0,3019000,-2384228,634772
2010/09/01,0,5749000,-2851000,2898000
2010/09/02,0,5162000,-4493169,668831
2010/09/03,0,493000,-5049000,-4556000
2010/09/06,0,1342000,-5053000,-3711000
2010/09/07,0,1184047,-2339620,-1155573
2010/09/08,0,957850,-964230,-6380
2010/09/09,0,2398000,-7849000,-5451000
2010/09/10,0,3089240,-5401000,-2311760
2010/09/13,0,6086000,-5660005,425995
2010/09/14,0,2004593,-1324000,680593
2010/09/15,0,1966676,-800000,1166676
2010/09/16,0,3748000,-263000,3485000
2010/09/17,0,3267000,-5949000,-2682000
2010/09/20,0,604000,-3866000,-3262000
2010/09/21,0,3433000,-5277500,-1844500
2010/09/22,0,0,0,0
2010/09/23,0,3204993,-6734000,-3529007
2010/09/24,0,2437110,-3509000,-1071890
2010/09/27,0,1148230,-1216000,-67770
2010/09/28,0,2417850,-2822000,-404150
2010/09/29,0,2950000,-1330000,1620000
2010/09/30,0,3236000,-1049000,2187000
2010/10/01,0,517220,-655000,-137780
2010/10/04,0,1398570,-1235000,163570
2010/10/05,0,5994100,-1527000,4467100
2010/10/06,0,1397427,-2845000,-1447573
2010/10/07,0,3593220,-5241000,-1647780
2010/10/08,0,1394620,-4450358,-3055738
2010/10/11,0,2352950,-481352,1871598
2010/10/12,0,1669720,-1008800,660920
2010/10/13,0,1717200,-3487000,-1769800
2010/10/14,0,1163200,-4955000,-3791800
2010/10/15,0,262740,-91001,171739
2010/10/18,0,194000,-1291000,-1097000
2010/10/19,0,1216000,-1496000,-280000
2010/10/20,0,558000,-839000,-281000
2010/10/21,0,4887000,-9269000,-4382000
2010/10/22,0,1521000,-4637000,-3116000
2010/10/25,0,1759000,-1336000,423000
2010/10/26,0,724000,-2857324,-2133324
2010/10/27,0,2581500,-2065000,516500
2010/10/28,0,8573933,-3746000,4827933
2010/10/29,0,3442000,-841000,2601000
2010/11/01,0,3608100,-747000,2861100
2010/11/02,0,8730000,-980000,7750000
2010/11/03,0,9556000,-1360000,8196000
2010/11/04,0,3273000,-288000,2985000
2010/11/05,0,2989000,-1689094,1299906
2010/11/08,0,1941000,-447000,1494000
2010/11/09,0,969000,-2023000,-1054000
2010/11/10,0,3656000,-3992870,-336870
2010/11/11,0,2178000,-3442606,-1264606
2010/11/12,0,604000,-3733000,-3129000
2010/11/15,0,571519,-6423000,-5851481
2010/11/16,0,3510000,-13153000,-9643000
2010/11/17,0,1841000,-8149000,-6308000
2010/11/18,0,4570000,-5981490,-1411490
2010/11/19,0,952490,-10470000,-9517510
2010/11/22,0,7576330,-5275000,2301330
2010/11/23,0,16629300,-5454000,11175300
2010/11/24,0,10552000,-5093000,5459000
2010/11/25,0,1255000,-4172000,-2917000
2010/11/26,0,3406000,-4819000,-1413000
2010/11/29,0,3627000,-7809929,-4182929
2010/11/30,0,5954220,-8804951,-2850731
2010/12/01,0,1924000,-3824000,-1900000
2010/12/02,0,4596312,-8787000,-4190688
2010/12/03,0,505000,-3855000,-3350000
2010/12/06,0,4276000,-5072000,-796000
2010/12/07,0,1368070,-3774000,-2405930
2010/12/08,0,2553000,-7312000,-4759000
2010/12/09,0,3348000,-4950322,-1602322
2010/12/10,0,4844000,-2860000,1984000
2010/12/13,0,4527000,-2964000,1563000
2010/12/14,0,7528000,-961000,6567000
2010/12/15,0,6797000,-555000,6242000
2010/12/16,0,9039000,-527000,8512000
2010/12/17,0,3358972,-966000,2392972
2010/12/20,0,6097490,-5028000,1069490
2010/12/21,0,9366000,-2108986,7257014
2010/12/22,0,654000,-2830440,-2176440
2010/12/23,0,497000,-1484000,-987000
2010/12/24,0,545000,-1395000,-850000
2010/12/27,0,656000,-2286000,-1630000
2010/12/28,0,1504000,-225000,1279000
2010/12/29,0,7084450,-469600,6614850
2010/12/30,0,1616000,-1978000,-362000
2010/12/31,0,909000,-365950,543050
2011/01/03,0,2251000,-484000,1767000
2011/01/04,0,227600,-861000,-633400
2011/01/05,0,3288890,-892970,2395920
2011/01/06,0,6159000,-219000,5940000
2011/01/07,0,1075000,-1381000,-306000
2011/01/10,0,5852000,-2491000,3361000
2011/01/11,0,6793000,-1945300,4847700
2011/01/12,0,8448000,-3115000,5333000
2011/01/13,0,12889706,-408000,12481706
2011/01/14,0,2478000,-3939920,-1461920
2011/01/17,0,1439557,-712000,727557
2011/01/18,0,1998000,-793990,1204010
2011/01/19,0,3944000,-839000,3105000
2011/01/20,0,1000000,-776000,224000
2011/01/21,0,3639000,-1627000,2012000
2011/01/24,0,2930000,-1001000,1929000
2011/01/25,0,11631000,-1132000,10499000
2011/01/26,0,9452000,-1832480,7619520
2011/01/27,0,10568000,-2903886,7664114
2011/01/28,0,8829120,-1500000,7329120
2011/01/31,0,0,0,0
2011/02/01,0,0,0,0
2011/02/02,0,0,0,0
2011/02/03,0,0,0,0
2011/02/04,0,0,0,0
2011/02/07,0,0,0,0
2011/02/08,0,9134000,-2040000,7094000
2011/02/09,0,5441000,-1889090,3551910
2011/02/10,0,4723000,-4462510,260490
2011/02/11,0,1373000,-7828600,-6455600
2011/02/14,0,1731000,-2282420,-551420
2011/02/15,0,2084140,-2661724,-577584
2011/02/16,0,934000,-6387000,-5453000
2011/02/17,0,3350000,-3846530,-496530
2011/02/18,0,4993000,-4756000,237000
2011/02/21,0,310000,-4163000,-3853000
2011/02/22,0,1852000,-7178000,-5326000
2011/02/23,0,2495909,-4389940,-1894031
2011/02/24,0,720030,-2895000,-2174970
2011/02/25,0,3992500,-2174621,1817879
2011/02/28,0,0,0,0
2011/03/01,0,3783045,-3889537,-106492
2011/03/02,0,6137922,-8479000,-2341078
2011/03/03,0,1790000,-5342721,-3552721
2011/03/04,0,2758000,-3193000,-435000
2011/03/07,0,1191000,-11989000,-10798000
2011/03/08,0,2583000,-3335000,-752000
2011/03/09,0,2068000,-7406506,-5338506
2011/03/10,0,2464000,-5611740,-3147740
2011/03/11,0,1439000,-3816504,-2377504
2011/03/14,0,2189000,-7190000,-5001000
2011/03/15,0,4798000,-4001210,796790
2011/03/16,0,1608000,-7509606,-5901606
2011/03/17,0,944000,-1631271,-687271
2011/03/18,0,1576000,-5633898,-4057898
2011/03/21,0,522000,-1066000,-544000
2011/03/22,0,1924000,-3264000,-1340000
2011/03/23,0,2378000,-4804000,-2426000
2011/03/24,0,1242000,-2786000,-1544000
2011/03/25,0,1633000,-2579297,-946297
2011/03/28,0,1404000,-683000,721000
2011/03/29,0,2084000,-522000,1562000
2011/03/30,0,3695000,-1019000,2676000
2011/03/31,0,2596793,-1019006,1577787
2011/04/01,0,1889903,-295398,1594505
2011/04/04,0,0,0,0
2011/04/05,0,0,0,0
2011/04/06,0,5614756,-8276538,-2661782
2011/04/07,0,4785000,-7752175,-2967175
2011/04/08,0,4351424,-4351987,-563
2011/04/11,0,2289000,-4477000,-2188000
2011/04/12,0,404550,-6652000,-6247450
2011/04/13,0,3838000,-2435062,1402938
2011/04/14,0,1417000,-4764300,-3347300
2011/04/15,0,134000,-1930000,-1796000
2011/04/18,0,59000,-1265066,-1206066
2011/04/19,0,93134,-1703000,-1609866
2011/04/20,0,1403445,-3270250,-1866805
2011/04/21,0,3363547,-1249000,2114547
2011/04/22,0,2188000,-739000,1449000
2011/04/25,0,13542000,-1184000,12358000
2011/04/26,0,2503541,-6971000,-4467459
2011/04/27,0,1586000,-1817890,-231890
2011/04/28,0,3262766,-4564580,-1301814
2011/04/29,0,2047609,-7448000,-5400391
2011/05/02,0,0,0,0
2011/05/03,0,1535000,-7451468,-5916468
2011/05/04,0,2690000,-2136960,553040
2011/05/05,0,971000,-956000,15000
2011/05/06,0,3727087,-2681000,1046087
2011/05/09,0,2105000,-1346134,758866
2011/05/10,0,507000,-222000,285000
2011/05/11,0,772000,-2234463,-1462463
2011/05/12,0,2573600,-4723000,-2149400
2011/05/13,0,1377000,-4073000,-2696000
2011/05/16,0,912000,-1264000,-352000
2011/05/17,0,1823000,-1691000,132000
2011/05/18,0,2041000,-1295000,746000
2011/05/19,0,3783000,-4263261,-480261
2011/05/20,0,1559000,-2131000,-572000
2011/05/23,0,940000,-3009240,-2069240
2011/05/24,0,1864000,-838443,1025557
2011/05/25,0,1088134,-1892000,-803866
2011/05/26,0,204000,-552012,-348012
2011/05/27,0,2618000,-588000,2030000
2011/05/30,0,1415000,-1461000,-46000
2011/05/31,0,4746333,-2683000,2063333
2011/06/01,0,1402245,-2456173,-1053928
2011/06/02,0,2228000,-7234000,-5006000
2011/06/03,0,1971000,-7424000,-5453000
2011/06/06,0,0,0,0
2011/06/07,0,1454000,-1904631,-450631
2011/06/08,0,1629000,-7376000,-5747000
2011/06/09,0,622356,-1119000,-496644
2011/06/10,0,3708000,-3219831,488169
2011/06/13,0,70000,-5606294,-5536294
2011/06/14,0,709000,-1268000,-559000
2011/06/15,0,5571000,-7208709,-1637709
2011/06/16,0,928000,-6094000,-5166000
2011/06/17,0,3184000,-5780884,-2596884
2011/06/20,0,1285000,-7030633,-5745633
2011/06/21,0,2209818,-4601000,-2391182
2011/06/22,0,447000,-4423000,-3976000
2011/06/23,0,2134704,-3005476,-870772
2011/06/24,0,5322000,-3658152,1663848
2011/06/27,0,5029000,-1035267,3993733
2011/06/28,0,5395000,-2316842,3078158
2011/06/29,0,1806000,-2203000,-397000
2011/06/30,0,2152000,-1344700,807300
2011/07/01,0,985601,-384740,600861
2011/07/04,0,1837844,-836824,1001020
2011/07/05,0,1162924,-4393972,-3231048
2011/07/06,0,750792,-349000,401792
2011/07/07,0,1026097,-332000,694097
2011/07/08,0,3460999,-1308000,2152999
2011/07/11,0,1313359,-360000,953359
2011/07/12,0,594662,-2303000,-1708338
2011/07/13,0,637685,-4020000,-3382315
2011/07/14,0,840876,-786000,54876
2011/07/15,0,966590,-4345814,-3379224
2011/07/18,0,251006,-427000,-175994
2011/07/19,0,882000,-1176700,-294700
2011/07/20,0,1426299,-1743000,-316701
2011/07/21,0,828214,-504000,324214
2011/07/22,0,1896292,-2011000,-114708
2011/07/25,0,555113,-205000,350113
2011/07/26,0,701025,-2318000,-1616975
2011/07/27,0,422184,-9427000,-9004816
2011/07/28,0,428905,-7723550,-7294645
2011/07/29,0,1769677,-4163050,-2393373
2011/08/01,0,3010403,-1625861,1384542
2011/08/02,0,330351,-252000,78351
2011/08/03,0,1501259,-3145000,-1643741
2011/08/04,0,1056868,-2118625,-1061757
2011/08/05,0,2080318,-5581000,-3500682
2011/08/08,0,3068510,-4995000,-1926490
2011/08/09,0,5091000,-3096000,1995000
2011/08/10,0,1929004,-12280250,-10351246
2011/08/11,0,3486000,-6264034,-2778034
2011/08/12,0,2932000,-2372753,559247
2011/08/15,0,1635234,-306000,1329234
2011/08/16,0,2032000,-1501000,531000
2011/08/17,0,1143073,-2387000,-1243927
2011/08/18,0,882632,-3682000,-2799368
2011/08/19,0,1880550,-1510000,370550
2011/08/22,0,1925810,-1815500,110310
2011/08/23,0,1258000,-1682353,-424353
2011/08/24,0,2643875,-3890000,-1246125
2011/08/25,0,4262567,-362295,3900272
2011/08/26,0,1615919,-782000,833919
2011/08/29,0,1016000,-402375,613625
2011/08/30,0,509725,-1553622,-1043897
2011/08/31,0,2241223,-424000,1817223
2011/09/01,0,3250898,-2580643,670255
2011/09/02,0,1174512,-3153000,-1978488
2011/09/05,0,302000,-3105941,-2803941
2011/09/06,0,2172390,-2433408,-261018
2011/09/07,0,1211783,-1131000,80783
2011/09/08,0,1253920,-1735000,-481080
2011/09/09,0,2487000,-549000,1938000
2011/09/12,0,0,0,0
2011/09/13,0,146798,-1913000,-1766202
2011/09/14,0,1016603,-5086069,-4069466
2011/09/15,0,2106000,-1036000,1070000
2011/09/16,0,2061000,-303000,1758000
2011/09/19,0,283563,-346000,-62437
2011/09/20,0,1659597,-3516389,-1856792
2011/09/21,0,1631467,-427000,1204467
2011/09/22,0,788305,-3872000,-3083695
2011/09/23,0,1104762,-1886000,-781238
2011/09/26,0,1673504,-1218000,455504
2011/09/27,0,1346000,-1162000,184000
2011/09/28,0,1016460,-943000,73460
2011/09/29,0,1359573,-536000,823573
2011/09/30,0,1159000,-3383399,-2224399
2011/10/03,0,1129817,-4527627,-3397810
2011/10/04,0,1450000,-2177046,-727046
2011/10/05,0,960000,-692000,268000
2011/10/06,0,1956004,-508997,1447007
2011/10/07,0,906000,-235000,671000
2011/10/10,0,0,0,0
2011/10/11,0,6258000,-389000,5869000
2011/10/12,0,647000,-648897,-1897
2011/10/13,0,8085000,-1038000,7047000
2011/10/14,0,10264749,-2588448,7676301
2011/10/17,0,6251289,-772000,5479289
2011/10/18,0,6733007,-1390000,5343007
2011/10/19,0,4818706,-1248891,3569815
2011/10/20,0,2258700,-564868,1693832
2011/10/21,0,318054,-176000,142054
2011/10/24,0,3819631,-84000,3735631
2011/10/25,0,1303216,-1856000,-552784
2011/10/26,0,3862000,-1680584,2181416
2011/10/27,0,2430000,-234000,2196000
2011/10/28,0,7655000,-618000,7037000
2011/10/31,0,1692000,-1093037,598963
2011/11/01,0,2521460,-490000,2031460
2011/11/02,0,562000,-776000,-214000
2011/11/03,0,3516000,-1937099,1578901
2011/11/04,0,2481000,-1807396,673604
2011/11/07,0,2590000,-7609000,-5019000
2011/11/08,0,650000,-6687729,-6037729
2011/11/09,0,842000,-3100263,-2258263
2011/11/10,0,1271000,-6539737,-5268737
2011/11/11,0,1211000,-1153397,57603
2011/11/14,0,312000,-2649691,-2337691
2011/11/15,0,336000,-317998,18002
2011/11/16,0,1627000,-1736691,-109691
2011/11/17,0,442000,-1347006,-905006
2011/11/18,0,2428000,-1995600,432400
2011/11/21,0,2579712,-1105000,1474712
2011/11/22,0,716000,-908000,-192000
2011/11/23,0,193902,-2826000,-2632098
2011/11/24,0,777000,-1219284,-442284
2011/11/25,0,4254000,-1801000,2453000
2011/11/28,0,1844636,-755000,1089636
2011/11/29,0,533000,-607299,-74299
2011/11/30,0,2128502,-1992000,136502
2011/12/01,0,10102000,-217199,9884801
2011/12/02,0,2226490,-235000,1991490
2011/12/05,0,2396000,-1578000,818000
2011/12/06,0,1775000,-1008598,766402
2011/12/07,0,3395000,-2495000,900000
2011/12/08,0,9098000,-1094000,8004000
2011/12/09,0,3962000,-2025000,1937000
2011/12/12,0,3180000,-2731000,449000
2011/12/13,0,3718000,-4405000,-687000
2011/12/14,0,2295997,-2131000,164997
2011/12/15,0,1752001,-3517000,-1764999
2011/12/16,0,4919875,-5712599,-792724
2011/12/19,0,1068000,-4660000,-3592000
2011/12/20,0,810000,-2376000,-1566000
2011/12/21,0,3624000,-3066599,557401
2011/12/22,0,1221000,-2438699,-1217699
2011/12/23,0,4446000,-52000,4394000
2011/12/26,0,1202000,-175000,1027000
2011/12/27,0,3334000,-422000,2912000
2011/12/28,0,11519600,-1459600,10060000
2011/12/29,0,5971597,-5425000,546597
2011/12/30,0,1248000,-688999,559001
2012/01/02,0,185000,-563000,-378000
2012/01/03,0,2437097,-457000,1980097
2012/01/04,0,6168800,-5753799,415001
2012/01/05,0,2669000,-4868000,-2199000
2012/01/06,0,2773000,-7479000,-4706000
2012/01/09,0,1224999,-814000,410999
2012/01/10,0,6565000,-1199000,5366000
2012/01/11,0,5319993,-2155000,3164993
2012/01/12,0,2504000,-75000,2429000
2012/01/13,0,2966000,-653000,2313000
2012/01/16,0,1949000,-2069000,-120000
2012/01/17,0,2595000,-259000,2336000
2012/01/18,0,2688000,-2296000,392000
2012/01/19,0,0,0,0
2012/01/20,0,0,0,0
2012/01/23,0,0,0,0
2012/01/24,0,0,0,0
2012/01/25,0,0,0,0
2012/01/26,0,0,0,0
2012/01/27,0,0,0,0
2012/01/30,0,4808092,-6052000,-1243908
2012/01/31,0,2471569,-792399,1679170
2012/02/01,0,6589000,-1305000,5284000
2012/02/02,0,11028000,-4364000,6664000
2012/02/03,0,3665000,-3658000,7000
2012/02/06,0,18101000,-1925000,16176000
2012/02/07,0,8558300,-291000,8267300
2012/02/08,0,8382000,-2561184,5820816
2012/02/09,0,4908000,-326864,4581136
2012/02/10,0,4322000,-135000,4187000
2012/02/13,0,1171000,-2910000,-1739000
2012/02/14,0,3582732,-1542700,2040032
2012/02/15,0,3926240,-694000,3232240
2012/02/16,0,4617000,-340572,4276428
2012/02/17,0,2523000,-1212000,1311000
2012/02/20,0,11324000,-932000,10392000
2012/02/21,0,5878000,-1321165,4556835
2012/02/22,0,8262000,-2168000,6094000
2012/02/23,0,5245000,-4459100,785900
2012/02/24,0,12308000,-5545000,6763000
2012/02/27,0,0,0,0
2012/02/28,0,0,0,0
2012/02/29,0,10996339,-2497380,8498959
2012/03/01,0,6851694,-2369499,4482195
2012/03/02,0,1469460,-593000,876460
2012/03/05,0,2516000,-775000,1741000
2012/03/06,0,2890000,-687000,2203000
2012/03/07,0,1153000,-5385482,-4232482
2012/03/08,0,4198000,-2146000,2052000
2012/03/09,0,4810000,-4371000,439000
2012/03/12,0,5186000,-3172000,2014000
2012/03/13,0,3140000,-2339912,800088
2012/03/14,0,6527000,-674785,5852215
2012/03/15,0,4105000,-943091,3161909
2012/03/16,0,10336000,-5242995,5093005
2012/03/19,0,2543000,-2970000,-427000
2012/03/20,0,4799000,-1236000,3563000
2012/03/21,0,5319000,-1710298,3608702
2012/03/22,0,2402000,-2987000,-585000
2012/03/23,0,2507000,-515323,1991677
2012/03/26,0,4692000,-4241000,451000
2012/03/27,0,4192000,-954000,3238000
2012/03/28,0,5463000,-1409233,4053767
2012/03/29,0,8780000,-2359000,6421000
2012/03/30,0,9108868,-3374000,5734868
2012/04/02,0,3069000,-2047000,1022000
2012/04/03,0,7216761,-6945001,271760
2012/04/04,0,0,0,0
2012/04/05,0,12197000,-3687000,8510000
2012/04/06,0,1049000,-2796608,-1747608
2012/04/09,0,4814000,-1320864,3493136
2012/04/10,0,4125000,-4248000,-123000
2012/04/11,0,5295000,-3497099,1797901
2012/04/12,0,3892000,-2751240,1140760
2012/04/13,0,5465790,-6415000,-949210
2012/04/16,0,2913000,-12109000,-9196000
2012/04/17,0,5251000,-18540385,-13289385
2012/04/18,0,3518000,-4452203,-934203
2012/04/19,0,5945000,-2386000,3559000
2012/04/20,0,4665000,-9905657,-5240657
2012/04/23,0,3464000,-2803000,661000
2012/04/24,0,2883000,-1642968,1240032
2012/04/25,0,4699000,-2305000,2394000
2012/04/26,0,735000,-1782000,-1047000
2012/04/27,0,1413577,-1416000,-2423
2012/04/30,0,1470000,-696048,773952
2012/05/01,0,0,0,0
2012/05/02,0,2839000,-4108000,-1269000
2012/05/03,0,1978000,-1753000,225000
2012/05/04,0,4715000,-1485000,3230000
2012/05/07,0,610000,-6265693,-5655693
2012/05/08,0,190000,-4115000,-3925000
2012/05/09,0,445000,-7052000,-6607000
2012/05/10,0,520000,-7379408,-6859408
2012/05/11,0,1570115,-6203000,-4632885
2012/05/14,0,3301000,-10453000,-7152000
2012/05/15,0,3607701,-8109000,-4501299
2012/05/16,0,6338000,-6611000,-273000
2012/05/17,0,2698000,-5614143,-2916143
2012/05/18,0,1451000,-3781000,-2330000
2012/05/21,0,977000,-1513000,-536000
2012/05/22,0,721000,-5087000,-4366000
2012/05/23,0,2392000,-4968000,-2576000
2012/05/24,0,1267000,-2117000,-850000
2012/05/25,0,891000,-5333000,-4442000
2012/05/28,0,920000,-3362000,-2442000
2012/05/29,0,1967000,-7702995,-5735995
2012/05/30,0,2715000,-9188346,-6473346
2012/05/31,0,13344572,-37949745,-24605173
2012/06/01,0,8082000,-9340636,-1258636
2012/06/04,0,3595900,-3114802,481098
2012/06/05,0,4461000,-8542482,-4081482
2012/06/06,0,2523000,-3034000,-511000
2012/06/07,0,2693043,-3617000,-923957
2012/06/08,0,3934142,-4015143,-81001
2012/06/11,0,2841468,-2793000,48468
2012/06/12,0,1617000,-1782000,-165000
2012/06/13,0,984910,-2389000,-1404090
2012/06/14,0,1682727,-1399779,282948
2012/06/15,0,2269000,-3028204,-759204
2012/06/18,0,954264,-2413000,-1458736
2012/06/19,0,673307,-4584362,-3911055
2012/06/20,0,1983083,-1956000,27083
2012/06/21,0,144957,-824000,-679043
2012/06/22,0,335480,-1853181,-1517701
2012/06/25,0,827000,-3819000,-2992000
2012/06/26,0,292000,-1590000,-1298000
2012/06/27,0,2009243,-2537300,-528057
2012/06/28,0,3175000,-1794999,1380001
2012/06/29,0,7059000,-2276000,4783000
2012/07/02,0,517000,-1049000,-532000
2012/07/03,0,1292000,-2166000,-874000
2012/07/04,0,1480523,-596000,884523
2012/07/05,0,981000,-1227000,-246000
2012/07/06,0,1272000,-789000,483000
2012/07/09,0,1511000,-815000,696000
2012/07/10,0,2633363,-2349000,284363
2012/07/11,0,1456000,-5808000,-4352000
2012/07/12,0,1505000,-3893000,-2388000
2012/07/13,0,1099788,-2368000,-1268212
2012/07/16,0,2192000,-2326000,-134000
2012/07/17,0,1864000,-2175000,-311000
2012/07/18,0,1214000,-2380000,-1166000
2012/07/19,0,6738000,-7045691,-307691
2012/07/20,0,546000,-1404000,-858000
2012/07/23,0,963000,-1944000,-981000
2012/07/24,0,2096000,-899697,1196303
2012/07/25,0,514000,-4649000,-4135000
2012/07/26,0,2152000,-1041971,1110029
2012/07/27,0,1041000,-1973982,-932982
2012/07/30,0,1070621,-1591000,-520379
2012/07/31,0,2271000,-5478083,-3207083
2012/08/01,0,504000,-619000,-115000
2012/08/02,0,0,0,0
2012/08/03,0,912341,-4044335,-3131994
2012/08/06,0,3577000,-1229000,2348000
2012/08/07,0,2294000,-2107460,186540
2012/08/08,0,2809426,-1317000,1492426
2012/08/09,0,3298000,-513000,2785000
2012/08/10,0,1088000,-668000,420000
2012/08/13,0,1127000,-371000,756000
2012/08/14,0,2517000,-139000,2378000
2012/08/15,0,3322000,-432000,2890000
2012/08/16,0,2580000,-1402000,1178000
2012/08/17,0,1068000,-1839000,-771000
2012/08/20,0,204000,-1048410,-844410
2012/08/21,0,2156016,-4075099,-1919083
2012/08/22,0,1056845,-1398000,-341155
2012/08/23,0,1434225,-442000,992225
2012/08/24,0,178000,-816000,-638000
2012/08/27,0,532000,-728000,-196000
2012/08/28,0,512947,-5977000,-5464053
2012/08/29,0,408000,-1985000,-1577000
2012/08/30,0,1300000,-3516000,-2216000
2012/08/31,0,307514,-4756285,-4448771
2012/09/03,0,1141000,-4306000,-3165000
2012/09/04,0,161000,-2140000,-1979000
2012/09/05,0,536000,-3250901,-2714901
2012/09/06,0,271000,-2009000,-1738000
2012/09/07,0,627000,-1875305,-1248305
2012/09/10,0,949000,-714000,235000
2012/09/11,0,209000,-1265005,-1056005
2012/09/12,0,1001000,-2370000,-1369000
2012/09/13,0,667000,-2164000,-1497000
2012/09/14,0,4427000,-2779000,1648000
2012/09/17,0,2633000,-4501000,-1868000
2012/09/18,0,3540000,-1111000,2429000
2012/09/19,0,2614000,-732203,1881797
2012/09/20,0,980000,-1523000,-543000
2012/09/21,0,2424000,-3774310,-1350310
2012/09/24,0,1123000,-235000,888000
2012/09/25,0,1870000,-3625000,-1755000
2012/09/26,0,1091000,-6072000,-4981000
2012/09/27,0,1914000,-2412700,-498700
2012/09/28,0,1974000,-7431489,-5457489
2012/10/01,0,741000,-346000,395000
2012/10/02,0,1529000,-2840000,-1311000
2012/10/03,0,732000,-3871222,-3139222
2012/10/04,0,987000,-2925212,-1938212
2012/10/05,0,923000,-1725000,-802000
2012/10/08,0,1009400,-638000,371400
2012/10/09,0,2165000,-1091642,1073358
2012/10/10,0,0,0,0
2012/10/11,0,2152000,-2630000,-478000
2012/10/12,0,1485000,-1968000,-483000
2012/10/15,0,1493000,-1210000,283000
2012/10/16,0,111000,-734000,-623000
2012/10/17,0,318000,-1544000,-1226000
2012/10/18,0,3547000,-771999,2775001
2012/10/19,0,2711000,-668000,2043000
2012/10/22,0,811000,-497049,313951
2012/10/23,0,738800,-472199,266601
2012/10/24,0,259000,-765383,-506383
2012/10/25,0,281000,-1834000,-1553000
2012/10/26,0,3065000,-752000,2313000
2012/10/29,0,390100,-486000,-95900
2012/10/30,0,1977000,-4103000,-2126000
2012/10/31,0,597000,-757000,-160000
2012/11/01,0,8480000,-1374000,7106000
2012/11/02,0,15093000,-4069000,11024000
2012/11/05,0,4791000,-2024000,2767000
2012/11/06,0,746000,-1503199,-757199
2012/11/07,0,2427000,-1077000,1350000
2012/11/08,0,2589000,-2043000,546000
2012/11/09,0,585000,-1804000,-1219000
2012/11/12,0,442000,-394000,48000
2012/11/13,0,1194000,-1658000,-464000
2012/11/14,0,990000,-1877000,-887000
2012/11/15,0,1499000,-1898895,-399895
2012/11/16,0,510000,-772000,-262000
2012/11/19,0,1729000,-451000,1278000
2012/11/20,0,271000,-1382000,-1111000
2012/11/21,0,1170000,-3096000,-1926000
2012/11/22,0,1521000,-1572000,-51000
2012/11/23,0,3697000,-3064000,633000
2012/11/26,0,3647000,-604000,3043000
2012/11/27,0,2046000,-2574000,-528000
2012/11/28,0,1231300,-1510096,-278796
2012/11/29,0,8440000,-9913172,-1473172
2012/11/30,0,10808000,-1342271,9465729
2012/12/03,0,9221000,-8079099,1141901
2012/12/04,0,5323000,-800999,4522001
2012/12/05,0,4096000,-755000,3341000
2012/12/06,0,6510000,-904199,5605801
2012/12/07,0,5175000,-7000,5168000
2012/12/10,0,3133000,-264000,2869000
2012/12/11,0,3380637,-764000,2616637
2012/12/12,0,1779000,-1489000,290000
2012/12/13,0,3963807,-1653000,2310807
2012/12/14,0,2654755,-2336000,318755
2012/12/17,0,1337000,-3255999,-1918999
2012/12/18,0,1479000,-621000,858000
2012/12/19,0,5756000,-370000,5386000
2012/12/20,0,3587000,-1958000,1629000
2012/12/21,0,1365000,-2925704,-1560704
2012/12/24,0,637000,-106000,531000
2012/12/25,0,1069000,-270000,799000
2012/12/26,0,920000,-233000,687000
2012/12/27,0,993126,-402000,591126
2012/12/28,0,1306000,-179000,1127000
2012/12/31,0,0,0,0
2013/01/01,0,0,0,0
2013/01/02,0,6164300,-1278000,4886300
2013/01/03,0,10941000,-4173197,6767803
2013/01/04,0,3684000,-1795000,1889000
2013/01/07,0,4880000,-1424600,3455400
2013/01/08,0,3582000,-823000,2759000
2013/01/09,0,2725000,-1071000,1654000
2013/01/10,0,7060000,-2258000,4802000
2013/01/11,0,6432000,-2117000,4315000
2013/01/14,0,2848874,-617000,2231874
2013/01/15,0,2546000,-768000,1778000
2013/01/16,0,1701000,-1127000,574000
2013/01/17,0,3430500,-704000,2726500
2013/01/18,0,2644000,-588000,2056000
2013/01/21,0,644000,-1037000,-393000
2013/01/22,0,613000,-386386,226614
2013/01/23,0,1018000,-876477,141523
2013/01/24,0,840000,-3288000,-2448000
2013/01/25,0,1727000,-3624588,-1897588
2013/01/28,0,3559000,-478000,3081000
2013/01/29,0,1002000,-1946692,-944692
2013/01/30,0,2241297,-320000,1921297
2013/01/31,0,2370000,-2324199,45801
2013/02/01,0,1536000,-746000,790000
2013/02/04,0,1965000,-844099,1120901
2013/02/05,0,1499000,-885000,614000
2013/02/06,0,1220000,-2623794,-1403794
2013/02/07,0,0,0,0
2013/02/08,0,0,0,0
2013/02/11,0,0,0,0
2013/02/12,0,0,0,0
2013/02/13,0,0,0,0
2013/02/14,0,0,0,0
2013/02/15,0,0,0,0
2013/02/18,0,4822926,-1242000,3580926
2013/02/19,0,891260,-1260000,-368740
2013/02/20,0,3513585,-1436370,2077215
2013/02/21,0,1822000,-2172000,-350000
2013/02/22,0,2387000,-2067000,320000
2013/02/25,0,1457000,-2073371,-616371
2013/02/26,0,1045000,-3292000,-2247000
2013/02/27,0,1017000,-3450905,-2433905
2013/02/28,0,0,0,0
2013/03/01,0,3658000,-1978299,1679701
2013/03/04,0,2818000,-2805000,13000
2013/03/05,0,1909000,-2619012,-710012
2013/03/06,0,2927000,-58000,2869000
2013/03/07,0,1699000,-1265774,433226
2013/03/08,0,963800,-657000,306800
2013/03/11,0,1102000,-740000,362000
2013/03/12,0,374000,-228998,145002
2013/03/13,0,709000,-778000,-69000
2013/03/14,0,785956,-912641,-126685
2013/03/15,0,1058000,-2690598,-1632598
2013/03/18,0,1946000,-5941000,-3995000
2013/03/19,0,2119000,-3681630,-1562630
2013/03/20,0,896000,-3166038,-2270038
2013/03/21,0,798376,-2272000,-1473624
2013/03/22,0,511000,-3546231,-3035231
2013/03/25,0,546000,-3931000,-3385000
2013/03/26,0,943000,-3983000,-3040000
2013/03/27,0,800000,-1557993,-757993
2013/03/28,0,890000,-1184000,-294000
2013/03/29,0,997000,-212000,785000
2013/04/01,0,471291,-133000,338291
2013/04/02,0,1144000,-417000,727000
2013/04/03,0,2658945,-760399,1898546
2013/04/04,0,0,0,0
2013/04/05,0,0,0,0
2013/04/08,0,2714000,-7150000,-4436000
2013/04/09,0,552000,-3389244,-2837244
2013/04/10,0,2614000,-2925000,-311000
2013/04/11,0,3280452,-3382500,-102048
2013/04/12,0,1142000,-2549000,-1407000
2013/04/15,0,1959977,-2668000,-708023
2013/04/16,0,3014481,-1575000,1439481
2013/04/17,0,560000,-2180000,-1620000
2013/04/18,0,236000,-3197000,-2961000
2013/04/19,0,798000,-2301000,-1503000
2013/04/22,0,989000,-1813000,-824000
2013/04/23,0,1149000,-1834000,-685000
2013/04/24,0,913000,-1899000,-986000
2013/04/25,0,850000,-1846000,-996000
2013/04/26,0,1583000,-1565000,18000
2013/04/29,0,879000,-1089797,-210797
2013/04/30,0,2444000,-2609000,-165000
2013/05/01,0,0,0,0
2013/05/02,0,871000,-10638636,-9767636
2013/05/03,0,580000,-3499000,-2919000
2013/05/06,0,356000,-3351188,-2995188
2013/05/07,0,1156000,-1018320,137680
2013/05/08,0,2007354,-887460,1119894
2013/05/09,0,750963,-462708,288255
2013/05/10,0,867000,-746000,121000
2013/05/13,0,527000,-141510,385490
2013/05/14,0,1060000,-246000,814000
2013/05/15,0,1883000,-270490,1612510
2013/05/16,0,1449000,-1164000,285000
2013/05/17,0,603000,-3716000,-3113000
2013/05/20,0,147000,-1552000,-1405000
2013/05/21,0,222000,-373040,-151040
2013/05/22,0,1044000,-913000,131000
2013/05/23,0,130000,-3043000,-2913000
2013/05/24,0,679000,-2163000,-1484000
2013/05/27,0,293704,-2114000,-1820296
2013/05/28,0,565000,-2023000,-1458000
2013/05/29,0,556000,-7762000,-7206000
2013/05/30,0,845000,-3620000,-2775000
2013/05/31,0,1333000,-5668247,-4335247
2013/06/03,0,1441000,-3079000,-1638000
2013/06/04,0,272000,-1646000,-1374000
2013/06/05,0,282000,-1761891,-1479891
2013/06/06,0,2432320,-1880500,551820
2013/06/07,0,800000,-1055244,-255244
2013/06/10,0,90000,-913000,-823000
2013/06/11,0,353000,-2146000,-1793000
2013/06/12,0,0,0,0
2013/06/13,0,377000,-3159688,-2782688
2013/06/14,0,1059000,-2742000,-1683000
2013/06/17,0,207000,-996268,-789268
2013/06/18,0,399000,-1594099,-1195099
2013/06/19,0,5515000,-3413875,2101125
2013/06/20,0,3353000,-3519704,-166704
2013/06/21,0,1592000,-1473285,118715
2013/06/24,0,1647000,-2562000,-915000
2013/06/25,0,1953000,-2426099,-473099
2013/06/26,0,3478000,-5055188,-1577188
2013/06/27,0,2523000,-1647000,876000
2013/06/28,0,2596635,-3212000,-615365
2013/07/01,0,931000,-1386000,-455000
2013/07/02,0,2250000,-1302854,947146
2013/07/03,0,1026000,-1509100,-483100
2013/07/04,0,297000,-384000,-87000
2013/07/05,0,1354000,-495000,859000
2013/07/08,0,404000,-1065000,-661000
2013/07/09,0,793002,-1915000,-1121998
2013/07/10,0,610000,-1679000,-1069000
2013/07/11,0,2497000,-2010874,486126
2013/07/12,0,1390000,-1415000,-25000
2013/07/15,0,1126000,-546000,580000
2013/07/16,0,1811000,-1294000,517000
2013/07/17,0,4753000,-528000,4225000
2013/07/18,0,2059000,-3735000,-1676000
2013/07/19,0,1665879,-1364000,301879
2013/07/22,0,1730978,-2618000,-887022
2013/07/23,0,2079000,-2453000,-374000
2013/07/24,0,928000,-2325000,-1397000
2013/07/25,0,445000,-1351000,-906000
2013/07/26,0,528000,-3481000,-2953000
2013/07/29,0,336000,-1367000,-1031000
2013/07/30,0,1018000,-3626000,-2608000
2013/07/31,0,1197302,-2037739,-840437
2013/08/01,0,222000,-1420000,-1198000
2013/08/02,0,399000,-2681000,-2282000
2013/08/05,0,697000,-3568254,-2871254
2013/08/06,0,2001000,-3918000,-1917000
2013/08/07,0,1502001,-2456000,-953999
2013/08/08,0,1076000,-3752000,-2676000
2013/08/09,0,328000,-2507000,-2179000
2013/08/12,0,772000,-1354000,-582000
2013/08/13,0,430000,-2077000,-1647000
2013/08/14,0,519098,-4821000,-4301902
2013/08/15,0,792000,-5409361,-4617361
2013/08/16,0,1189414,-4560000,-3370586
2013/08/19,0,2789000,-6438000,-3649000
2013/08/20,0,197000,-4218000,-4021000
2013/08/21,0,0,0,0
2013/08/22,0,179000,-4733083,-4554083
2013/08/23,0,119000,-4041000,-3922000
2013/08/26,0,204000,-4532000,-4328000
2013/08/27,0,495000,-6568000,-6073000
2013/08/28,0,798000,-4366487,-3568487
2013/08/29,0,2101000,-1655000,446000
2013/08/30,0,2831000,-2826734,4266
2013/09/02,0,443000,-1335000,-892000
2013/09/03,0,1898000,-2081000,-183000
2013/09/04,0,2803000,-2594000,209000
2013/09/05,0,6554892,-5559000,995892
2013/09/06,0,12933000,-3285000,9648000
2013/09/09,0,2150000,-2524000,-374000
2013/09/10,0,2671000,-4349199,-1678199
2013/09/11,0,2457000,-668053,1788947
2013/09/12,0,8161000,-213000,7948000
2013/09/13,0,7413000,-2804399,4608601
2013/09/16,0,7913000,-303000,7610000
2013/09/17,0,7807000,-2220000,5587000
2013/09/18,0,7081539,-2477000,4604539
2013/09/19,0,0,0,0
2013/09/20,0,0,0,0
2013/09/23,0,2186000,-3273999,-1087999
2013/09/24,0,2942000,-797543,2144457
2013/09/25,0,3167000,-1295000,1872000
2013/09/26,0,1978000,-1296199,681801
2013/09/27,0,1899000,-1400333,498667
2013/09/30,0,2112000,-3361504,-1249504
2013/10/01,0,2050000,-1027522,1022478
2013/10/02,0,1678906,-5173525,-3494619
2013/10/03,0,3761518,-505000,3256518
2013/10/04,0,1612300,-1309000,303300
2013/10/07,0,1564000,-1619000,-55000
2013/10/08,0,1500000,-656000,844000
2013/10/09,0,868000,-2355000,-1487000
2013/10/10,0,0,0,0
2013/10/11,0,875000,-678000,197000
2013/10/14,0,1470000,-675374,794626
2013/10/15,0,2539000,-492798,2046202
2013/10/16,0,577000,-156000,421000
2013/10/17,0,497000,-781000,-284000
2013/10/18,0,370000,-904000,-534000
2013/10/21,0,220000,-582000,-362000
2013/10/22,0,384000,-3121000,-2737000
2013/10/23,0,454342,-600808,-146466
2013/10/24,0,386000,-607000,-221000
2013/10/25,0,436053,-765000,-328947
2013/10/28,0,951000,-468000,483000
2013/10/29,0,1123000,-980000,143000
2013/10/30,0,883000,-1925000,-1042000
2013/10/31,0,1420000,-1804998,-384998
2013/11/01,0,485000,-1431000,-946000
2013/11/04,0,200000,-530000,-330000
2013/11/05,0,482000,-2463885,-1981885
2013/11/06,0,900800,-1228500,-327700
2013/11/07,0,341000,-389000,-48000
2013/11/08,0,969000,-1222000,-253000
2013/11/11,0,412000,-1115000,-703000
2013/11/12,0,508000,-760000,-252000
2013/11/13,0,415108,-1369000,-953892
2013/11/14,0,366000,-1276000,-910000
2013/11/15,0,1395000,-743000,652000
2013/11/18,0,561000,-945000,-384000
2013/11/19,0,828498,-892498,-64000
2013/11/20,0,839000,-639325,199675
2013/11/21,0,667000,-1767000,-1100000
2013/11/22,0,730000,-552000,178000
2013/11/25,0,1422000,-190000,1232000
2013/11/26,0,1595000,-2943920,-1348920
2013/11/27,0,1719000,-2522000,-803000
2013/11/28,0,2624000,-1104000,1520000
2013/11/29,0,3183000,-4136000,-953000
2013/12/02,0,2035000,-1847000,188000
2013/12/03,0,1476000,-2005905,-529905
2013/12/04,0,646000,-1351000,-705000
2013/12/05,0,645000,-1787000,-1142000
2013/12/06,0,192000,-1463000,-1271000
2013/12/09,0,926000,-1028599,-102599
2013/12/10,0,669000,-1887996,-1218996
2013/12/11,0,2244000,-1584000,660000
2013/12/12,0,181000,-3105198,-2924198
2013/12/13,0,308000,-2922000,-2614000
2013/12/16,0,1308000,-1546000,-238000
2013/12/17,0,390000,-3166000,-2776000
2013/12/18,0,461000,-1762000,-1301000
2013/12/19,0,1316000,-681899,634101
2013/12/20,0,1137000,-619000,518000
2013/12/23,0,403000,-1326000,-923000
2013/12/24,0,4456000,-542000,3914000
2013/12/25,0,1024000,-212000,812000
2013/12/26,0,973000,-678000,295000
2013/12/27,0,1968000,-249000,1719000
2013/12/30,0,2503000,-635000,1868000
2013/12/31,0,471000,-312000,159000
2014/01/02,0,1955000,-737000,1218000
2014/01/03,0,65000,-1205000,-1140000
2014/01/06,0,826108,-1035000,-208892
2014/01/07,0,396000,-395000,1000
2014/01/08,0,694000,-1011000,-317000
2014/01/09,0,1768000,-523000,1245000
2014/01/10,0,682000,-2130000,-1448000
2014/01/13,0,831000,-1033000,-202000
2014/01/14,0,1104000,-1043000,61000
2014/01/15,0,1202000,-1421000,-219000
2014/01/16,0,68000,-2708100,-2640100
2014/01/17,0,745000,-269399,475601
2014/01/20,0,1008000,-1221000,-213000
2014/01/21,0,1068000,-938000,130000
2014/01/22,0,1042000,-1369000,-327000
2014/01/23,0,1193000,-1081000,112000
2014/01/24,0,1541609,-985000,556609
2014/01/27,0,1301000,-3888787,-2587787
2014/02/05,0,3216000,-7235000,-4019000
2014/02/06,0,1026000,-3946000,-2920000
2014/02/07,0,374000,-1921000,-1547000
2014/02/10,0,706000,-917000,-211000
2014/02/11,0,303172,-257899,45273
2014/02/12,0,1289000,-1395468,-106468
2014/02/13,0,251579,-2176420,-1924841
2014/02/14,0,1429000,-1005907,423093
2014/02/17,0,591000,-417000,174000
2014/02/18,0,897000,-186000,711000
2014/02/19,0,1224000,-995000,229000
2014/02/20,0,981000,-1433000,-452000
2014/02/21,0,2772000,-262000,2510000
2014/02/24,0,750000,-137000,613000
2014/02/25,0,2056000,-664999,1391001
2014/02/26,0,1756000,-1274293,481707
2014/02/27,0,1972000,-1031684,940316
2014/03/03,0,1451000,-1599000,-148000
2014/03/04,0,1140788,-2144997,-1004209
2014/03/05,0,668000,-341000,327000
2014/03/06,0,5675000,-4735000,940000
2014/03/07,0,1423000,-1408000,15000
2014/03/10,0,791000,-201000,590000
2014/03/11,0,922000,-2415000,-1493000
2014/03/12,0,1863000,-1423000,440000
2014/03/13,0,1421000,-437751,983249
2014/03/14,0,1683000,-845000,838000
2014/03/17,0,1282000,-99000,1183000
2014/03/18,0,2458000,-415000,2043000
2014/03/19,0,1485000,-204000,1281000
2014/03/20,0,2248000,-1356799,891201
2014/03/21,0,3216000,-3074199,141801
2014/03/24,0,2076000,-572000,1504000
2014/03/25,0,610000,-909299,-299299
2014/03/26,0,1980000,-622368,1357632
2014/03/27,0,2088000,-737000,1351000
2014/03/28,0,3190000,-763000,2427000
2014/03/31,0,3085803,-824580,2261223
2014/04/01,0,2181000,-913477,1267523
2014/04/02,0,2606000,-1167000,1439000
2014/04/03,0,1671000,-1457000,214000
2014/04/07,0,4931000,-4795000,136000
2014/04/08,0,1790000,-2498000,-708000
2014/04/09,0,1245000,-1046000,199000
2014/04/10,0,917000,-560000,357000
2014/04/11,0,1284000,-736000,548000
2014/04/14,0,1231000,-969000,262000
2014/04/15,0,1045000,-471000,574000
2014/04/16,0,2148000,-889000,1259000
2014/04/17,0,839000,-694000,145000
2014/04/18,0,1142000,-41099,1100901
2014/04/21,0,398000,-166000,232000
2014/04/22,0,776000,-1595000,-819000
2014/04/23,0,1116000,-1081000,35000
2014/04/24,0,1155586,-776000,379586
2014/04/25,0,1567000,-538000,1029000
2014/04/28,0,2206000,-621000,1585000
2014/04/29,0,1383000,-1162000,221000
2014/04/30,0,1559000,-2046000,-487000
2014/05/02,0,2423000,-557000,1866000
2014/05/05,0,1666000,-436000,1230000
2014/05/06,0,586000,-762999,-176999
2014/05/07,0,1490000,-1512000,-22000
2014/05/08,0,1863000,-1261000,602000
2014/05/09,0,1165000,-1227067,-62067
2014/05/12,0,1075000,-697000,378000
2014/05/13,0,2731000,-887000,1844000
2014/05/14,0,1998000,-747000,1251000
2014/05/15,0,972000,-560000,412000
2014/05/16,0,1424000,-657000,767000
2014/05/19,0,1250000,-824135,425865
2014/05/20,0,1717000,-944746,772254
2014/05/21,0,1068000,-2124000,-1056000
2014/05/22,0,1430000,-1912000,-482000
2014/05/23,0,1211000,-1243492,-32492
2014/05/26,0,389000,-807999,-418999
2014/05/27,0,93000,-136181,-43181
2014/05/28,0,1835000,-735000,1100000
2014/05/29,0,1446000,-1111000,335000
2014/05/30,0,1895000,-2351452,-456452
2014/06/03,0,702801,-1650370,-947569
2014/06/04,0,252000,-1677000,-1425000
2014/06/05,0,1201000,-2398000,-1197000
2014/06/06,0,490000,-1440000,-950000
2014/06/09,0,171000,-677000,-506000
2014/06/10,0,1483600,-1980798,-497198
2014/06/11,0,541000,-1194899,-653899
2014/06/12,0,370000,-872000,-502000
2014/06/13,0,389000,-1225999,-836999
2014/06/16,0,302000,-2630449,-2328449
2014/06/17,0,707000,-1317000,-610000
2014/06/18,0,3311000,-2672000,639000
2014/06/19,0,295768,-2278000,-1982232
2014/06/20,0,843000,-1483000,-640000
2014/06/23,0,801000,-1020912,-219912
2014/06/24,0,826000,-1158608,-332608
2014/06/25,0,313000,-868393,-555393
2014/06/26,0,791945,-1237956,-446011
2014/06/27,0,774000,-1558000,-784000
2014/06/30,0,392000,-1182000,-790000
2014/07/01,0,1407000,-1515000,-108000
2014/07/02,0,1113000,-1720192,-607192
2014/07/03,0,82000,-1238572,-1156572
2014/07/04,0,96000,-761000,-665000
2014/07/07,0,322000,-699000,-377000
2014/07/08,0,375000,-659000,-284000
2014/07/09,0,313000,-482000,-169000
2014/07/10,0,753000,-735000,18000
2014/07/11,0,737000,-642000,95000
2014/07/14,0,1770490,-862000,908490
2014/07/15,0,221422,-538000,-316578
2014/07/16,0,338000,-623000,-285000
2014/07/17,0,854667,-835000,19667
2014/07/18,0,640000,-628000,12000
2014/07/21,0,242000,-800000,-558000
2014/07/22,0,1948393,-735000,1213393
2014/07/23,0,0,0,0
2014/07/24,0,842000,-925000,-83000
2014/07/25,0,1133000,-1410000,-277000
2014/07/28,0,2649094,-1928000,721094
2014/07/29,0,3726000,-2938186,787814
2014/07/30,0,2173000,-1567000,606000
2014/07/31,0,2083000,-2400000,-317000
2014/08/01,0,872000,-687000,185000
2014/08/04,0,1315000,-1420000,-105000
2014/08/05,0,1128000,-2593896,-1465896
2014/08/06,0,1442000,-1317230,124770
2014/08/07,0,793202,-1061040,-267838
2014/08/08,0,1168000,-1162928,5072
2014/08/11,0,512000,-861000,-349000
2014/08/12,0,1631000,-1442468,188532
2014/08/13,0,3157000,-728000,2429000
2014/08/14,0,822000,-1797000,-975000
2014/08/15,0,2398000,-943000,1455000
2014/08/18,0,2390000,-826000,1564000
2014/08/19,0,1721225,-697000,1024225
2014/08/20,0,7782225,-711000,7071225
2014/08/21,0,6186000,-1192000,4994000
2014/08/22,0,6547965,-937000,5610965
2014/08/25,0,4001000,-303000,3698000
2014/08/26,0,1611131,-4015000,-2403869
2014/08/27,0,3583000,-840000,2743000
2014/08/28,0,1692998,-1908000,-215002
2014/08/29,0,1903000,-1314000,589000
2014/09/01,0,1968000,-1435000,533000
2014/09/02,0,1641000,-702000,939000
2014/09/03,0,1727289,-870950,856339
2014/09/04,0,2888000,-744365,2143635
2014/09/05,0,3620000,-367000,3253000
2014/09/09,0,3518000,-242000,3276000
2014/09/10,0,667000,-2506999,-1839999
2014/09/11,0,2075000,-531000,1544000
2014/09/12,0,404823,-1000000,-595177
2014/09/15,0,3587000,-591000,2996000
2014/09/16,0,1909000,-719000,1190000
2014/09/17,0,4616000,-1666000,2950000
2014/09/18,0,2842000,-742000,2100000
2014/09/19,0,1759000,-5117997,-3358997
2014/09/22,0,2445000,-4721000,-2276000
2014/09/23,0,2537000,-1887000,650000
2014/09/24,0,4797000,-2278000,2519000
2014/09/25,0,1954000,-2264000,-310000
2014/09/26,0,1450000,-982000,468000
2014/09/29,0,2517000,-4498000,-1981000
2014/09/30,0,3533000,-1210000,2323000
2014/10/01,0,3420930,-1351000,2069930
2014/10/02,0,1550000,-1940000,-390000
2014/10/03,0,656000,-924000,-268000
2014/10/06,0,1232000,-1821000,-589000
2014/10/07,0,3980000,-1935000,2045000
2014/10/08,0,2136603,-4585603,-2449000
2014/10/09,0,4126000,-2954000,1172000
2014/10/13,0,2487000,-856000,1631000
2014/10/14,0,3205000,-843000,2362000
2014/10/15,0,4041815,-4860000,-818185
2014/10/16,0,2017320,-4221000,-2203680
2014/10/17,0,2263000,-5235000,-2972000
2014/10/20,0,1892954,-4818051,-2925097
2014/10/21,0,1911000,-3517000,-1606000
2014/10/22,0,3931000,-1915000,2016000
2014/10/23,0,7944000,-295000,7649000
2014/10/24,0,2586000,-2072799,513201
2014/10/27,0,1786000,-567000,1219000
2014/10/28,0,2479000,-561000,1918000
2014/10/29,0,1228000,-447000,781000
2014/10/30,0,1431000,-605000,826000
2014/10/31,0,1204000,-340000,864000
2014/11/03,0,2199520,-536000,1663520
2014/11/04,0,1478000,-2299000,-821000
2014/11/05,0,6416000,-985493,5430507
2014/11/06,0,3681000,-610000,3071000
2014/11/07,0,514000,-266324,247676
2014/11/10,0,2906000,-689000,2217000
2014/11/11,0,3813000,-464000,3349000
2014/11/12,0,13682212,-1609000,12073212
2014/11/13,0,367000,-1286700,-919700
2014/11/14,0,3325000,-696000,2629000
2014/11/17,0,1801000,-2172216,-371216
2014/11/18,0,4858000,-4635000,223000
2014/11/19,0,4807000,-5261000,-454000
2014/11/20,0,2716000,-4580756,-1864756
2014/11/21,0,1820000,-1685000,135000
2014/11/24,0,2235000,-3660000,-1425000
2014/11/25,0,1889355,-4002796,-2113441
2014/11/26,0,499000,-3408000,-2909000
2014/11/27,0,2155000,-1745000,410000
2014/11/28,0,1853000,-4532000,-2679000
2014/12/01,0,866203,-6674000,-5807797
2014/12/02,0,1750000,-2164000,-414000
2014/12/03,0,1222000,-666000,556000
2014/12/04,0,8415000,-2482000,5933000
2014/12/05,0,867000,-2800584,-1933584
2014/12/08,0,4266000,-1205000,3061000
2014/12/09,0,788000,-1870000,-1082000
2014/12/10,0,2052000,-2137400,-85400
2014/12/11,0,760000,-1563000,-803000
2014/12/12,0,1148000,-1170000,-22000
2014/12/15,0,1029000,-1652000,-623000
2014/12/16,0,2798000,-1556000,1242000
2014/12/17,0,1310000,-5131422,-3821422
2014/12/18,0,1895000,-3142000,-1247000
2014/12/19,0,5293000,-3384999,1908001
2014/12/22,0,2958732,-2647000,311732
2014/12/23,0,3534000,-1797000,1737000
2014/12/24,0,4451000,-2444000,2007000
2014/12/25,0,556000,-468000,88000
2014/12/26,0,991000,-982000,9000
2014/12/29,0,3489000,-468000,3021000
2014/12/30,0,3295000,-1315000,1980000
2014/12/31,0,2249000,-1107000,1142000
2015/01/01,0,0,0,0
2015/01/02,0,0,0,0
2015/01/05,0,5402000,-2085000,3317000
2015/01/06,0,1527000,-3526075,-1999075
2015/01/07,0,4837000,-4753000,84000
2015/01/08,0,7720000,-3400596,4319404
2015/01/09,0,3636000,-2966295,669705
2015/01/12,0,1173000,-4630000,-3457000
2015/01/13,0,2220000,-2547000,-327000
2015/01/14,0,1388000,-3318000,-1930000
2015/01/15,0,2335000,-2223000,112000
2015/01/16,0,2909000,-2270895,638105
2015/01/19,0,1618000,-3719000,-2101000
2015/01/20,0,5309000,-921499,4387501
2015/01/21,0,6337000,-3295300,3041700
2015/01/22,0,4433191,-2581000,1852191
2015/01/23,0,7690000,-282000,7408000
2015/01/26,0,7825000,-6957000,868000
2015/01/27,0,4029000,-1368000,2661000
2015/01/28,0,2083000,-3863000,-1780000
2015/01/29,0,3515000,-3077998,437002
2015/01/30,0,5718000,-9125000,-3407000
2015/02/02,0,3227000,-1170000,2057000
2015/02/03,0,2432000,-5024866,-2592866
2015/02/04,0,2226000,-5305000,-3079000
2015/02/05,0,2477000,-1894000,583000
2015/02/06,0,1265000,-3616000,-2351000
2015/02/09,0,492000,-2221000,-1729000
2015/02/10,0,3104000,-1764499,1339501
2015/02/11,0,1169000,-2437602,-1268602
2015/02/12,0,4922000,-974000,3948000
2015/02/13,0,11457000,-2395000,9062000
2015/02/16,0,0,0,0
2015/02/17,0,0,0,0
2015/02/18,0,0,0,0
2015/02/19,0,0,0,0
2015/02/20,0,0,0,0
2015/02/23,0,0,0,0
2015/02/24,0,4575000,-1236000,3339000
2015/02/25,0,4035000,-1129000,2906000
2015/02/26,0,5291000,-915644,4375356
2015/02/27,0,0,0,0
2015/03/02,0,2672000,-2156399,515601
2015/03/03,0,1111913,-1145200,-33287
2015/03/04,0,1470045,-1039000,431045
2015/03/05,0,2404055,-519000,1885055
2015/03/06,0,2313000,-969000,1344000
2015/03/09,0,452000,-2212000,-1760000
2015/03/10,0,2315277,-1978688,336589
2015/03/11,0,1838000,-1733000,105000
2015/03/12,0,3069000,-3325000,-256000
2015/03/13,0,1038000,-1843000,-805000
2015/03/16,0,2540000,-1779920,760080
2015/03/17,0,723000,-5758000,-5035000
2015/03/18,0,4723000,-2274000,2449000
2015/03/19,0,3073000,-3904000,-831000
2015/03/20,0,1650000,-3985000,-2335000
2015/03/23,0,1679000,-556000,1123000
2015/03/24,0,1221000,-1560000,-339000
2015/03/25,0,634000,-806000,-172000
2015/03/26,0,1973000,-2700000,-727000
2015/03/27,0,2066908,-1252000,814908
2015/03/30,0,2532500,-1960500,572000
2015/03/31,0,3021000,-3610000,-589000
2015/04/01,0,492000,-4264000,-3772000
2015/04/02,0,1593000,-3010000,-1417000
2015/04/03,0,0,0,0
2015/04/06,0,0,0,0
2015/04/07,0,793000,-1916000,-1123000
2015/04/08,0,2706000,-2357000,349000
2015/04/09,0,2035000,-2217799,-182799
2015/04/10,0,2738000,-459000,2279000
2015/04/13,0,3523000,-528000,2995000
2015/04/14,0,7139000,-614000,6525000
2015/04/15,0,5123000,-3606000,1517000
2015/04/16,0,3361000,-386000,2975000
2015/04/17,0,2612913,-1573000,1039913
2015/04/20,0,2859000,-989191,1869809
2015/04/21,0,6033000,-973000,5060000
2015/04/22,0,2020000,-3283000,-1263000
2015/04/23,0,4385000,-2931735,1453265
2015/04/24,0,5172000,-16148000,-10976000
2015/04/27,0,8988000,-16527824,-7539824
2015/04/28,0,7861000,-4307000,3554000
2015/04/29,0,11686000,-4169000,7517000
2015/04/30,0,8774266,-5369000,3405266
2015/05/01,0,0,0,0
2015/05/04,0,5876000,-3176499,2699501
2015/05/05,0,5713000,-1680000,4033000
2015/05/06,0,5158000,-3331000,1827000
2015/05/07,0,3442000,-1525000,1917000
2015/05/08,0,8364924,-3770000,4594924
2015/05/11,0,1003000,-1115000,-112000
2015/05/12,0,5076000,-845000,4231000
2015/05/13,0,2581000,-1631000,950000
2015/05/14,0,3730000,-3197000,533000
2015/05/15,0,2292000,-5450000,-3158000
2015/05/18,0,5438000,-5052000,386000
2015/05/19,0,10793000,-8040000,2753000
2015/05/20,0,3113000,-7994000,-4881000
2015/05/21,0,5511000,-21314000,-15803000
2015/05/22,0,5403000,-4299000,1104000
2015/05/25,0,1364000,-2930000,-1566000
2015/05/26,0,1299000,-1333000,-34000
2015/05/27,0,2688000,-3518000,-830000
2015/05/28,0,1717100,-3928913,-2211813
2015/05/29,0,8117800,-5354907,2762893
2015/06/01,0,1384000,-4864000,-3480000
2015/06/02,0,4571118,-7406000,-2834882
2015/06/03,0,3376000,-4908000,-1532000
2015/06/04,0,1692000,-6707500,-5015500
2015/06/05,0,411000,-6585000,-6174000
2015/06/08,0,4615000,-2249000,2366000
2015/06/09,0,3920000,-4951913,-1031913
2015/06/10,0,9529000,-3926000,5603000
2015/06/11,0,7377100,-8034984,-657884
2015/06/12,0,1256000,-4016398,-2760398
2015/06/15,0,1580000,-2633369,-1053369
2015/06/16,0,1824000,-11802000,-9978000
2015/06/17,0,2347000,-11044300,-8697300
2015/06/18,0,5550000,-3150000,2400000
2015/06/19,0,0,0,0
2015/06/22,0,796177,-2874256,-2078079
2015/06/23,0,931000,-4521000,-3590000
2015/06/24,0,730300,-2522015,-1791715
2015/06/25,0,2703913,-1949000,754913
2015/06/26,0,2804000,-1299000,1505000
2015/06/29,0,2181000,-2256000,-75000
2015/06/30,0,2997504,-6714433,-3716929
2015/07/01,0,1751000,-4538000,-2787000
2015/07/02,0,2758120,-4690000,-1931880
2015/07/03,0,525000,-1895000,-1370000
2015/07/06,0,5033000,-1632000,3401000
2015/07/07,0,6430000,-1997000,4433000
2015/07/08,0,7620000,-5295000,2325000
2015/07/09,0,4366000,-5363000,-997000
2015/07/10,0,0,0,0
2015/07/13,0,4060000,-2688222,1371778
2015/07/14,0,2031391,-1828000,203391
2015/07/15,0,4715000,-2704810,2010190
2015/07/16,0,992000,-901000,91000
2015/07/17,0,643000,-1541126,-898126
2015/07/20,0,1804177,-2207000,-402823
2015/07/21,0,2687000,-799470,1887530
2015/07/22,0,1528465,-1278210,250255
2015/07/23,0,1296350,-564000,732350
2015/07/24,0,366000,-1668000,-1302000
2015/07/27,0,2314430,-1763000,551430
2015/07/28,0,2833000,-2253000,580000
2015/07/29,0,7798000,-1880507,5917493
2015/07/30,0,2796420,-1551000,1245420
2015/07/31,0,1816000,-1934290,-118290
2015/08/03,0,1818000,-2965000,-1147000
2015/08/04,0,1366670,-3633000,-2266330
2015/08/05,0,1316000,-2177000,-861000
2015/08/06,0,1001000,-2989000,-1988000
2015/08/07,0,748121,-734000,14121
2015/08/10,0,1066000,-933000,133000
2015/08/11,0,703000,-2641000,-1938000
2015/08/12,0,1093000,-1923380,-830380
2015/08/13,0,1071220,-1191524,-120304
2015/08/14,0,698000,-1715500,-1017500
2015/08/17,0,615000,-2919778,-2304778
2015/08/18,0,1073000,-2295601,-1222601
2015/08/19,0,291180,-3988540,-3697360
2015/08/20,0,1695000,-3827000,-2132000
2015/08/21,0,1167000,-2924160,-1757160
2015/08/24,0,1053000,-4090000,-3037000
2015/08/25,0,1697650,-3228484,-1530834
2015/08/26,0,1429000,-3091726,-1662726
2015/08/27,0,1774000,-3932088,-2158088
2015/08/28,0,6148000,-2267326,3880674
2015/08/31,0,4846110,-6520000,-1673890
2015/09/01,0,1976350,-1327347,649003
2015/09/02,0,2707000,-2325022,381978
2015/09/03,0,1036950,-1545566,-508616
2015/09/04,0,1602377,-2330512,-728135
2015/09/07,0,1519000,-1373000,146000
2015/09/08,0,1364000,-1434060,-70060
2015/09/09,0,2609169,-1045000,1564169
2015/09/10,0,3394974,-445000,2949974
2015/09/11,0,1011000,-851000,160000
2015/09/14,0,1971000,-2298000,-327000
2015/09/15,0,1483000,-1375660,107340
2015/09/16,0,1113000,-555238,557762
2015/09/17,0,2719000,-1529000,1190000
2015/09/18,0,1437000,-2347620,-910620
2015/09/21,0,350000,-1514484,-1164484
2015/09/22,0,546000,-768000,-222000
2015/09/23,0,377000,-2520065,-2143065
2015/09/24,0,338000,-1082000,-744000
2015/09/25,0,540000,-723544,-183544
2015/09/28,0,0,0,0
2015/09/29,0,0,0,0
2015/09/30,0,3714629,-2228460,1486169
2015/10/01,0,1720000,-1173000,547000
2015/10/02,0,1265000,-314000,951000
2015/10/05,0,1499000,-649380,849620
2015/10/06,0,2289500,-525000,1764500
2015/10/07,0,1695000,-958000,737000
2015/10/08,0,1607012,-248000,1359012
2015/10/09,0,0,0,0
2015/10/12,0,3855001,-762980,3092021
2015/10/13,0,2219000,-1060304,1158696
2015/10/14,0,1003000,-2191000,-1188000
2015/10/15,0,2740000,-1126330,1613670
2015/10/16,0,1028000,-234000,794000
2015/10/19,0,901000,-666400,234600
2015/10/20,0,1975000,-1152290,822710
2015/10/21,0,889640,-949890,-60250
2015/10/22,0,1388000,-3301000,-1913000
2015/10/23,0,1753000,-5739970,-3986970
2015/10/26,0,2248000,-1763000,485000
2015/10/27,0,1693000,-2892627,-1199627
2015/10/28,0,883000,-3944778,-3061778
2015/10/29,0,669850,-5285413,-4615563
2015/10/30,0,1331000,-3420962,-2089962
2015/11/02,0,1880000,-1936810,-56810
2015/11/03,0,1763960,-1776674,-12714
2015/11/04,0,2318000,-1734497,583503
2015/11/05,0,1500000,-940000,560000
2015/11/06,0,1072000,-5054000,-3982000
2015/11/09,0,374000,-2244000,-1870000
2015/11/10,0,283000,-2295000,-2012000
2015/11/11,0,123000,-1446000,-1323000
2015/11/12,0,427640,-1770750,-1343110
2015/11/13,0,1092000,-2512000,-1420000
2015/11/16,0,552000,-2142000,-1590000
2015/11/17,0,409000,-2098000,-1689000
2015/11/18,0,189000,-2315500,-2126500
2015/11/19,0,780000,-1577490,-797490
2015/11/20,0,184000,-6754060,-6570060
2015/11/23,0,1696381,-3968140,-2271759
2015/11/24,0,611000,-3583571,-2972571
2015/11/25,0,377000,-3463000,-3086000
2015/11/26,0,1977000,-1800000,177000
2015/11/27,0,249130,-2267205,-2018075
2015/11/30,0,6219062,-7743418,-1524356
2015/12/01,0,1171000,-2235379,-1064379
2015/12/02,0,608000,-526000,82000
2015/12/03,0,528000,-1135465,-607465
2015/12/04,0,297020,-2625070,-2328050
2015/12/07,0,578000,-883000,-305000
2015/12/08,0,489000,-2281000,-1792000
2015/12/09,0,421000,-2884000,-2463000
2015/12/10,0,1494000,-2970703,-1476703
2015/12/11,0,509000,-2541464,-2032464
2015/12/14,0,247000,-2004000,-1757000
2015/12/15,0,84000,-1879360,-1795360
2015/12/16,0,922000,-2472000,-1550000
2015/12/17,0,1889000,-1716600,172400
2015/12/18,0,1145274,-2092450,-947176
2015/12/21,0,899000,-2027000,-1128000
2015/12/22,0,731761,-1273099,-541338
2015/12/23,0,979000,-1050240,-71240
2015/12/24,0,1209000,-1098000,111000
2015/12/25,0,1493000,-160000,1333000
2015/12/28,0,1256000,-628000,628000
2015/12/29,0,2128000,-235610,1892390
2015/12/30,0,1302001,-1800230,-498229
2015/12/31,0,445000,-544000,-99000
2016/01/01,0,0,0,0
2016/01/04,0,449640,-3134000,-2684360
2016/01/05,0,779284,-2579000,-1799716
2016/01/06,0,720743,-3809090,-3088347
2016/01/07,0,1234559,-2376598,-1142039
2016/01/08,0,1552000,-3551163,-1999163
2016/01/11,0,1515120,-3699080,-2183960
2016/01/12,0,1470000,-3494200,-2024200
2016/01/13,0,687000,-1871000,-1184000
2016/01/14,0,882000,-2356000,-1474000
2016/01/15,0,1347000,-3618217,-2271217
2016/01/18,0,1895000,-2241000,-346000
2016/01/19,0,277000,-2234000,-1957000
2016/01/20,0,456360,-3094000,-2637640
2016/01/21,0,897618,-3445000,-2547382
2016/01/22,0,1240000,-1928020,-688020
2016/01/25,0,1550000,-642000,908000
2016/01/26,0,656000,-1679410,-1023410
2016/01/27,0,1341206,-2530938,-1189732
2016/01/28,0,1987000,-1963415,23585
2016/01/29,0,3206321,-2166600,1039721
2016/02/01,0,1884000,-1853380,30620
2016/02/02,0,1256000,-1865766,-609766
2016/02/03,0,782824,-4622868,-3840044
2016/02/04,0,0,0,0
2016/02/05,0,0,0,0
2016/02/08,0,0,0,0
2016/02/09,0,0,0,0
2016/02/10,0,0,0,0
2016/02/11,0,0,0,0
2016/02/12,0,0,0,0
2016/02/15,0,3264000,-2545907,718093
2016/02/16,0,3126000,-2013844,1112156
2016/02/17,0,595000,-2788000,-2193000
2016/02/18,0,1412040,-1117330,294710
2016/02/19,0,1525360,-2068000,-542640
2016/02/22,0,1367000,-3498000,-2131000
2016/02/23,0,1086972,-2404000,-1317028
2016/02/24,0,993000,-1440802,-447802
2016/02/25,0,2641100,-1987916,653184
2016/02/26,0,3902618,-2957590,945028
2016/02/29,0,0,0,0
2016/03/01,0,3275168,-1039679,2235489
2016/03/02,0,2399060,-487000,1912060
2016/03/03,0,3073000,-1804000,1269000
2016/03/04,0,3202000,-679300,2522700
2016/03/07,0,3900430,-325200,3575230
2016/03/08,0,4161000,-5052182,-891182
2016/03/09,0,2381000,-2200980,180020
2016/03/10,0,1521000,-1736050,-215050
2016/03/11,0,2942000,-3087000,-145000
2016/03/14,0,1514000,-740001,773999
2016/03/15,0,2515000,-4698000,-2183000
2016/03/16,0,4032000,-1074720,2957280
2016/03/17,0,3486000,-4041000,-555000
2016/03/18,0,3307000,-3259000,48000
2016/03/21,0,1598000,-2614000,-1016000
2016/03/22,0,878206,-2740000,-1861794
2016/03/23,0,2016000,-2583000,-567000
2016/03/24,0,612000,-2743000,-2131000
2016/03/25,0,336000,-684000,-348000
2016/03/28,0,466000,-542000,-76000
2016/03/29,0,528000,-1611000,-1083000
2016/03/30,0,2219000,-3095000,-876000
2016/03/31,0,1445000,-4065110,-2620110
2016/04/01,0,1350092,-2127391,-777299
2016/04/04,0,0,0,0
2016/04/05,0,0,0,0
2016/04/06,0,1703000,-6780910,-5077910
2016/04/07,0,2324000,-4582861,-2258861
2016/04/08,0,2207000,-1553000,654000
2016/04/11,0,2823000,-1612190,1210810
2016/04/12,0,664000,-1872761,-1208761
2016/04/13,0,3200220,-865000,2335220
2016/04/14,0,982000,-2841110,-1859110
2016/04/15,0,3625000,-1896000,1729000
2016/04/18,0,1147000,-1926000,-779000
2016/04/19,0,873000,-2530000,-1657000
2016/04/20,0,1898190,-2599000,-700810
2016/04/21,0,451000,-878560,-427560
2016/04/22,0,283000,-1169000,-886000
2016/04/25,0,1775000,-263000,1512000
2016/04/26,0,1743693,-3751000,-2007307
2016/04/27,0,1565000,-3850044,-2285044
2016/04/28,0,809678,-5792487,-4982809
2016/04/29,0,439251,-2979000,-2539749
2016/05/02,0,0,0,0
2016/05/03,0,721000,-3996000,-3275000
2016/05/04,0,1299000,-6034809,-4735809
2016/05/05,0,507000,-2300634,-1793634
2016/05/06,0,2560000,-3680000,-1120000
2016/05/09,0,2016000,-3037000,-1021000
2016/05/10,0,404001,-1826000,-1421999
2016/05/11,0,132000,-2871000,-2739000
2016/05/12,0,963000,-1856770,-893770
2016/05/13,0,774000,-5092000,-4318000
2016/05/16,0,1319000,-2922000,-1603000
2016/05/17,0,334000,-3553000,-3219000
2016/05/18,0,810600,-3761381,-2950781
2016/05/19,0,1438000,-3475000,-2037000
2016/05/20,0,623000,-2919930,-2296930
2016/05/23,0,1328285,-1644577,-316292
2016/05/24,0,188000,-1600000,-1412000
2016/05/25,0,819000,-1317000,-498000
2016/05/26,0,626000,-1961000,-1335000
2016/05/27,0,1029812,-1223000,-193188
2016/05/30,0,975000,-1855200,-880200
2016/05/31,0,4504000,-5408264,-904264
2016/06/01,0,2422760,-2557542,-134782
2016/06/02,0,1212000,-2290000,-1078000
2016/06/03,0,786000,-1808000,-1022000
2016/06/06,0,937000,-1820830,-883830
2016/06/07,0,2434000,-1829000,605000
2016/06/08,0,2154000,-3447000,-1293000
2016/06/09,0,0,0,0
2016/06/10,0,0,0,0
2016/06/13,0,1002000,-973000,29000
2016/06/14,0,621000,-985000,-364000
2016/06/15,0,729000,-2027760,-1298760
2016/06/16,0,176000,-2683000,-2507000
2016/06/17,0,1421000,-1955670,-534670
2016/06/20,0,1884000,-596000,1288000
2016/06/21,0,1814547,-1801110,13437
2016/06/22,0,1718868,-1278656,440212
2016/06/23,0,752400,-948457,-196057
2016/06/24,0,1000000,-2542730,-1542730
2016/06/27,0,351000,-817600,-466600
2016/06/28,0,229000,-2204000,-1975000
2016/06/29,0,513000,-1190503,-677503
2016/06/30,0,2188000,-1868073,319927
2016/07/01,0,2951000,-791000,2160000
2016/07/04,0,1101000,-252000,849000
2016/07/05,0,547000,-541000,6000
2016/07/06,0,732922,-2457000,-1724078
2016/07/07,0,467000,-520000,-53000
2016/07/08,0,0,0,0
2016/07/11,0,2489250,-335000,2154250
2016/07/12,0,2254000,-833260,1420740
2016/07/13,0,2059000,-2148730,-89730
2016/07/14,0,4308000,-498000,3810000
2016/07/15,0,3171400,-1001000,2170400
2016/07/18,0,2495000,-588000,1907000
2016/07/19,0,4401000,-815000,3586000
2016/07/20,0,2940000,-1619439,1320561
2016/07/21,0,3280718,-695680,2585038
2016/07/22,0,1567000,-1807000,-240000
2016/07/25,0,1283000,-1018000,265000
2016/07/26,0,1048000,-803000,245000
2016/07/27,0,1081420,-696000,385420
2016/07/28,0,1188000,-911000,277000
2016/07/29,0,1297000,-1313000,-16000
2016/08/01,0,2319448,-609000,1710448
2016/08/02,0,879000,-3353410,-2474410
2016/08/03,0,888000,-901000,-13000
2016/08/04,0,1457250,-423000,1034250
2016/08/05,0,1849000,-349000,1500000
2016/08/08,0,1035904,-224000,811904
2016/08/09,0,2032712,-403000,1629712
2016/08/10,0,2397268,-369443,2027825
2016/08/11,0,2038800,-1647000,391800
2016/08/12,0,2212000,-180000,2032000
2016/08/15,0,1796000,-311000,1485000
2016/08/16,0,2111000,-690000,1421000
2016/08/17,0,2692513,-305000,2387513
2016/08/18,0,2487000,-471000,2016000
2016/08/19,0,1804400,-1088393,716007
2016/08/22,0,564000,-907000,-343000
2016/08/23,0,845000,-641184,203816
2016/08/24,0,1053000,-650000,403000
2016/08/25,0,1596000,-388000,1208000
2016/08/26,0,472000,-1011700,-539700
2016/08/29,0,1266000,-592000,674000
2016/08/30,0,726400,-641000,85400
2016/08/31,0,3778710,-3518000,260710
2016/09/01,0,4149000,-1587232,2561768
2016/09/02,0,4552600,-2183000,2369600
2016/09/05,0,4789000,-1218000,3571000
2016/09/06,0,2271800,-651000,1620800
2016/09/07,0,5479000,-6876000,-1397000
2016/09/08,0,6649000,-7038000,-389000
2016/09/09,0,4436000,-1817880,2618120
2016/09/12,0,2317380,-3134000,-816620
2016/09/13,0,4366577,-1641000,2725577
2016/09/14,0,2971770,-2949868,21902
2016/09/15,0,0,0,0
2016/09/16,0,0,0,0
2016/09/19,0,1420000,-1168000,252000
2016/09/20,0,2819000,-1525000,1294000
2016/09/21,0,995000,-1068350,-73350
2016/09/22,0,1416000,-572000,844000
2016/09/23,0,1124000,-729000,395000
2016/09/26,0,1369000,-705000,664000
2016/09/27,0,0,0,0
2016/09/28,0,0,0,0
2016/09/29,0,3050600,-5915905,-2865305
2016/09/30,0,3251600,-7017763,-3766163
2016/10/03,0,2391510,-1571830,819680
2016/10/04,0,4149000,-1936043,2212957
2016/10/05,0,1509000,-1176000,333000
2016/10/06,0,1367210,-906000,461210
2016/10/07,0,2162755,-1869310,293445
2016/10/10,0,0,0,0
2016/10/11,0,875000,-2082000,-1207000
2016/10/12,0,1996544,-1904458,92086
2016/10/13,0,578000,-4289000,-3711000
2016/10/14,0,926000,-2995000,-2069000
2016/10/17,0,607000,-1259440,-652440
2016/10/18,0,785000,-629050,155950
2016/10/19,0,786000,-1781000,-995000
2016/10/20,0,1125437,-1552000,-426563
2016/10/21,0,1829000,-1270000,559000
2016/10/24,0,885000,-321000,564000
2016/10/25,0,876549,-527000,349549
2016/10/26,0,606000,-2575354,-1969354
2016/10/27,0,105240,-2164000,-2058760
2016/10/28,0,1249000,-1436000,-187000
2016/10/31,0,859720,-1787000,-927280
2016/11/01,0,1090000,-439000,651000
2016/11/02,0,1038720,-1371000,-332280
2016/11/03,0,588000,-1972000,-1384000
2016/11/04,0,925171,-2174000,-1248829
2016/11/07,0,207000,-1657000,-1450000
2016/11/08,0,466120,-1287000,-820880
2016/11/09,0,1836023,-3497000,-1660977
2016/11/10,0,741000,-1352000,-611000
2016/11/11,0,461000,-3681241,-3220241
2016/11/14,0,931000,-3039850,-2108850
2016/11/15,0,419000,-2594070,-2175070
2016/11/16,0,268000,-2206000,-1938000
2016/11/17,0,614000,-1041000,-427000
2016/11/18,0,849000,-1969000,-1120000
2016/11/21,0,661000,-2385913,-1724913
2016/11/22,0,1918000,-2269247,-351247
2016/11/23,0,775000,-1393642,-618642
2016/11/24,0,1598000,-631000,967000
2016/11/25,0,887000,-795000,92000
2016/11/28,0,1406000,-886000,520000
2016/11/29,0,1076000,-940404,135596
2016/11/30,0,6173000,-3386716,2786284
2016/12/01,0,414920,-1404000,-989080
2016/12/02,0,973000,-2415000,-1442000
2016/12/05,0,2429000,-2125409,303591
2016/12/06,0,2233000,-3263000,-1030000
2016/12/07,0,205000,-851000,-646000
2016/12/08,0,1721000,-1582000,139000
2016/12/09,0,1008720,-1181260,-172540
2016/12/12,0,502000,-3063000,-2561000
2016/12/13,0,760191,-2092000,-1331809
2016/12/14,0,912170,-1887000,-974830
2016/12/15,0,1891000,-789000,1102000
2016/12/16,0,3196000,-4534000,-1338000
2016/12/19,0,421000,-964000,-543000
2016/12/20,0,835936,-2863691,-2027755
2016/12/21,0,666000,-1520000,-854000
2016/12/22,0,386556,-1799000,-1412444
2016/12/23,0,1036000,-1895000,-859000
2016/12/26,0,36000,-392000,-356000
2016/12/27,0,294000,-696000,-402000
2016/12/28,0,682000,-1052768,-370768
2016/12/29,0,817000,-1320490,-503490
2016/12/30,0,1856000,-255000,1601000
2017/01/02,0,0,0,0
2017/01/03,0,620000,-1444000,-824000
2017/01/04,0,927000,-1627000,-700000
2017/01/05,0,1751680,-1616000,135680
2017/01/06,0,1132500,-472683,659817
2017/01/09,0,741000,-1210000,-469000
2017/01/10,0,365000,-383000,-18000
2017/01/11,0,4745280,-540000,4205280
2017/01/12,0,5791000,-676000,5115000
2017/01/13,0,1901160,-1303000,598160
2017/01/16,0,856000,-937000,-81000
2017/01/17,0,1252000,-149000,1103000
2017/01/18,0,2654000,-1150503,1503497
2017/01/19,0,4860000,-2240193,2619807
2017/01/20,0,3575240,-1076759,2498481
2017/01/23,0,6400000,-594078,5805922
2017/01/24,0,4601000,-1941000,2660000
2017/01/25,0,0,0,0
2017/01/26,0,0,0,0
2017/01/27,0,0,0,0
2017/01/30,0,0,0,0
2017/01/31,0,0,0,0
2017/02/01,0,0,0,0
2017/02/02,0,8531572,-1342215,7189357
2017/02/03,0,7894000,-2952520,4941480
2017/02/06,0,1809000,-2960000,-1151000
2017/02/07,0,1216618,-295061,921557
2017/02/08,0,3943472,-2664360,1279112
2017/02/09,0,5007000,-1133525,3873475
2017/02/10,0,4227000,-1636662,2590338
2017/02/13,0,726440,-1321000,-594560
2017/02/14,0,1640000,-1458000,182000
2017/02/15,0,4281000,-1379000,2902000
2017/02/16,0,7364000,-1447000,5917000
2017/02/17,0,3477000,-1101000,2376000
2017/02/20,0,1541000,-2509000,-968000
2017/02/21,0,3307000,-1297000,2010000
2017/02/22,0,2800000,-626000,2174000
2017/02/23,0,3729000,-657000,3072000
2017/02/24,0,10688000,-799000,9889000
2017/02/27,0,0,0,0
2017/02/28,0,0,0,0
2017/03/01,0,9492000,-2246576,7245424
2017/03/02,0,11641145,-2611160,9029985
2017/03/03,0,3698000,-2087142,1610858
2017/03/06,0,4281553,-1276520,3005033
2017/03/07,0,2614000,-1496080,1117920
2017/03/08,0,2884000,-1943680,940320
2017/03/09,0,4166000,-2377000,1789000
2017/03/10,0,2046000,-1567481,478519
2017/03/13,0,3760360,-380610,3379750
2017/03/14,0,3937120,-1065960,2871160
2017/03/15,0,3708000,-998680,2709320
2017/03/16,0,2482000,-952000,1530000
2017/03/17,0,3533252,-4843699,-1310447
2017/03/20,0,1211000,-2293000,-1082000
2017/03/21,0,3790480,-2464000,1326480
2017/03/22,0,4721000,-879800,3841200
2017/03/23,0,1551000,-1400432,150568
2017/03/24,0,1995815,-2624220,-628405
2017/03/27,0,1869200,-1804137,65063
2017/03/28,0,2621000,-2468210,152790
2017/03/29,0,1756920,-1618030,138890
2017/03/30,0,1382000,-1695000,-313000
2017/03/31,0,1940000,-1148296,791704
2017/04/03,0,0,0,0
2017/04/04,0,0,0,0
2017/04/05,0,2712000,-5111010,-2399010
2017/04/06,0,822000,-2508000,-1686000
2017/04/07,0,794000,-1772000,-978000
2017/04/10,0,2325000,-4904810,-2579810
2017/04/11,0,5106320,-1969000,3137320
2017/04/12,0,2042026,-1461000,581026
2017/04/13,0,2356280,-1016000,1340280
2017/04/14,0,188000,-2430000,-2242000
2017/04/17,0,897000,-1516000,-619000
2017/04/18,0,3249000,-764600,2484400
2017/04/19,0,1649000,-3617560,-1968560
2017/04/20,0,1462000,-1736000,-274000
2017/04/21,0,500860,-1758608,-1257748
2017/04/24,0,242000,-1143000,-901000
2017/04/25,0,3799000,-2322000,1477000
2017/04/26,0,2444000,-1393000,1051000
2017/04/27,0,1827120,-2849000,-1021880
2017/04/28,0,546000,-1713000,-1167000
2017/05/01,0,0,0,0
2017/05/02,0,6413000,-1009000,5404000
2017/05/03,0,1414000,-1403000,11000
2017/05/04,0,1587000,-1008287,578713
2017/05/05,0,332080,-874000,-541920
2017/05/08,0,931656,-1305256,-373600
2017/05/09,0,1422180,-3666087,-2243907
2017/05/10,0,3227880,-1766000,1461880
2017/05/11,0,1948958,-1307079,641879
2017/05/12,0,1193000,-1816408,-623408
2017/05/15,0,1501480,-5533673,-4032193
2017/05/16,0,3642000,-1453503,2188497
2017/05/17,0,2530000,-3882268,-1352268
2017/05/18,0,9909280,-1220010,8689270
2017/05/19,0,5088000,-1985325,3102675
2017/05/22,0,4756400,-531623,4224777
2017/05/23,0,7486800,-809000,6677800
2017/05/24,0,1462000,-1340428,121572
2017/05/25,0,6247000,-723515,5523485
2017/05/26,0,0,0,0
2017/05/29,0,0,0,0
2017/05/30,0,0,0,0
2017/05/31,0,7816380,-5781832,2034548
2017/06/01,0,5359940,-913542,4446398
2017/06/02,0,4838146,-778542,4059604
2017/06/05,0,3683000,-1719350,1963650
2017/06/06,0,1474000,-1119000,355000
2017/06/07,0,2522528,-974587,1547941
2017/06/08,0,6950000,-2677000,4273000
2017/06/09,0,1140000,-3540247,-2400247
2017/06/12,0,1516000,-2161000,-645000
2017/06/13,0,2745000,-4134706,-1389706
2017/06/14,0,5933000,-3432505,2500495
2017/06/15,0,6846000,-1416872,5429128
2017/06/16,0,3216491,-2847628,368863
2017/06/19,0,2394440,-966000,1428440
2017/06/20,0,5186000,-985000,4201000
2017/06/21,0,4759643,-1141000,3618643
2017/06/22,0,5389000,-495000,4894000
2017/06/23,0,1644000,-906000,738000
2017/06/26,0,2976000,-1247000,1729000
2017/06/27,0,2778000,-1881000,897000
2017/06/28,0,3013000,-2789000,224000
2017/06/29,0,5800000,-1917000,3883000
2017/06/30,0,4905000,-3012000,1893000
2017/07/03,0,4995000,-738000,4257000
2017/07/04,0,24820000,-9047000,15773000
2017/07/05,0,2436000,-3502000,-1066000
2017/07/06,0,1736000,-2266000,-530000
2017/07/07,0,1673985,-2381355,-707370
2017/07/10,0,9282000,-7574769,1707231
2017/07/11,0,6223903,-3459000,2764903
2017/07/12,0,4231000,-6787984,-2556984
2017/07/13,0,2625050,-4339355,-1714305
2017/07/14,0,3429000,-2251000,1178000
2017/07/17,0,4209000,-707000,3502000
2017/07/18,0,2193452,-951000,1242452
2017/07/19,0,4917077,-2680000,2237077
2017/07/20,0,2173120,-1217000,956120
2017/07/21,0,1905163,-4174000,-2268837
2017/07/24,0,2029000,-473000,1556000
2017/07/25,0,913000,-206240,706760
2017/07/26,0,1853000,-526000,1327000
2017/07/27,0,3611000,-896000,2715000
2017/07/28,0,591000,-3038720,-2447720
2017/07/31,0,2718000,-3885815,-1167815
2017/08/01,0,1741000,-3627000,-1886000
2017/08/02,0,3416000,-1382000,2034000
2017/08/03,0,1767000,-1133049,633951
2017/08/04,0,1120000,-1821000,-701000
2017/08/07,0,1626000,-1177000,449000
2017/08/08,0,2672000,-1181000,1491000
2017/08/09,0,1140160,-4238680,-3098520
2017/08/10,0,1404526,-1275000,129526
2017/08/11,0,3909000,-959000,2950000
2017/08/14,0,8312000,-3721527,4590473
2017/08/15,0,35654000,-3446400,32207600
2017/08/16,0,22496000,-5440000,17056000
2017/08/17,0,16694000,-3269010,13424990
2017/08/18,0,13936000,-4580460,9355540
