Date,Open,Buy,Sell,Total
2007/01/02,0,284000,-501000,-217000
2007/01/03,0,669000,-144000,525000
2007/01/04,0,1056000,-1724000,-668000
2007/01/05,0,200,-62000,-61800
2007/01/08,0,600000,-216000,384000
2007/01/09,0,921000,0,921000
2007/01/10,0,145000,-9000,136000
2007/01/11,0,430000,-30000,400000
2007/01/12,0,218000,0,218000
2007/01/15,0,0,-706000,-706000
2007/01/16,0,9000,-795000,-786000
2007/01/17,0,584000,-300000,284000
2007/01/18,0,0,-290000,-290000
2007/01/19,0,40000,-47000,-7000
2007/01/22,0,6000,-660000,-654000
2007/01/23,0,110000,-2233000,-2123000
2007/01/24,0,3000,0,3000
2007/01/25,0,6000,-170000,-164000
2007/01/26,0,0,-5000,-5000
2007/01/29,0,200000,-1000,199000
2007/01/30,0,96000,0,96000
2007/01/31,0,180000,0,180000
2007/02/01,0,0,-283000,-283000
2007/02/02,0,6000,-70000,-64000
2007/02/05,0,339000,0,339000
2007/02/06,0,777000,-300000,477000
2007/02/07,0,0,0,0
2007/02/08,0,22000,0,22000
2007/02/09,0,60000,-580000,-520000
2007/02/12,0,1000,0,1000
2007/02/13,0,600000,-60000,540000
2007/02/14,0,995000,-3000,992000
2007/02/15,0,0,0,0
2007/02/16,0,0,0,0
2007/02/19,0,0,0,0
2007/02/20,0,0,0,0
2007/02/21,0,0,0,0
2007/02/22,0,0,0,0
2007/02/23,0,0,0,0
2007/02/26,0,1634000,0,1634000
2007/02/27,0,2769000,-510000,2259000
2007/02/28,0,0,0,0
2007/03/01,0,539000,-40000,499000
2007/03/02,0,735000,0,735000
2007/03/05,0,0,-601000,-601000
2007/03/06,0,0,0,0
2007/03/07,0,51000,0,51000
2007/03/08,0,255000,-204000,51000
2007/03/09,0,0,0,0
2007/03/12,0,391000,-438000,-47000
2007/03/13,0,354000,-2000,352000
2007/03/14,0,157000,-15000,142000
2007/03/15,0,26000,-15000,11000
2007/03/16,0,0,-1000,-1000
2007/03/19,0,1000,0,1000
2007/03/20,0,110000,-43000,67000
2007/03/21,0,0,-1000,-1000
2007/03/22,0,85000,-238000,-153000
2007/03/23,0,881000,0,881000
2007/03/26,0,503000,-289000,214000
2007/03/27,0,89000,-78000,11000
2007/03/28,0,51000,-405000,-354000
2007/03/29,0,0,-34000,-34000
2007/03/30,0,568000,-92000,476000
2007/04/02,0,0,0,0
2007/04/03,0,253000,0,253000
2007/04/04,0,0,-63000,-63000
2007/04/05,0,0,0,0
2007/04/06,0,0,0,0
2007/04/09,0,0,-3000,-3000
2007/04/10,0,1691000,-32000,1659000
2007/04/11,0,500000,-343000,157000
2007/04/12,0,141000,-102000,39000
2007/04/13,0,384000,-184000,200000
2007/04/16,0,0,-200000,-200000
2007/04/17,0,288000,-160000,128000
2007/04/18,0,610000,0,610000
2007/04/19,0,0,-343000,-343000
2007/04/20,0,3000,-10000,-7000
2007/04/23,0,0,-268000,-268000
2007/04/24,0,0,-51000,-51000
2007/04/25,0,600000,-80000,520000
2007/04/26,0,492000,-222000,270000
2007/04/27,0,236000,-90000,146000
2007/04/30,0,0,-100000,-100000
2007/05/01,0,0,0,0
2007/05/02,0,0,0,0
2007/05/03,0,0,-1171000,-1171000
2007/05/04,0,0,-4040000,-4040000
2007/05/07,0,0,-970000,-970000
2007/05/08,0,51000,-624000,-573000
2007/05/09,0,100000,-465000,-365000
2007/05/10,0,0,-371000,-371000
2007/05/11,0,247000,0,247000
2007/05/14,0,2000,0,2000
2007/05/15,0,6000,-400000,-394000
2007/05/16,0,183000,-1000,182000
2007/05/17,0,0,-91000,-91000
2007/05/18,0,0,0,0
2007/05/21,0,100000,0,100000
2007/05/22,0,1000,0,1000
2007/05/23,0,0,0,0
2007/05/24,0,0,0,0
2007/05/25,0,382000,-546600,-164600
2007/05/28,0,20000,-1522000,-1502000
2007/05/29,0,21000,-425000,-404000
2007/05/30,0,0,0,0
2007/05/31,0,0,-368000,-368000
2007/06/01,0,0,0,0
2007/06/04,0,1000,0,1000
2007/06/05,0,0,-446000,-446000
2007/06/06,0,1000,-583000,-582000
2007/06/07,0,333000,-300000,33000
2007/06/08,0,120000,-253000,-133000
2007/06/11,0,500000,-7000,493000
2007/06/12,0,1000,-115000,-114000
2007/06/13,0,0,-266000,-266000
2007/06/14,0,0,-942000,-942000
2007/06/15,0,0,-127000,-127000
2007/06/18,0,0,0,0
2007/06/19,0,0,0,0
2007/06/20,0,38000,-346000,-308000
2007/06/21,0,0,-1000,-1000
2007/06/22,0,313000,-230000,83000
2007/06/25,0,1496000,0,1496000
2007/06/26,0,168000,0,168000
2007/06/27,0,179000,0,179000
2007/06/28,0,0,0,0
2007/06/29,0,439000,0,439000
2007/07/02,0,719000,0,719000
2007/07/03,0,447000,-323000,124000
2007/07/04,0,1000,-274000,-273000
2007/07/05,0,188000,-112000,76000
2007/07/06,0,232000,-200000,32000
2007/07/09,0,0,-1000,-1000
2007/07/10,0,1000,0,1000
2007/07/11,0,67000,0,67000
2007/07/12,0,26000,-110000,-84000
2007/07/13,0,0,0,0
2007/07/16,0,210000,0,210000
2007/07/17,0,145000,0,145000
2007/07/18,0,0,0,0
2007/07/19,0,2000,0,2000
2007/07/20,0,268000,0,268000
2007/07/23,0,368000,0,368000
2007/07/24,0,272000,0,272000
2007/07/25,0,196000,0,196000
2007/07/26,0,448000,0,448000
2007/07/27,0,59000,0,59000
2007/07/30,0,920000,-463000,457000
2007/07/31,0,0,-1000,-1000
2007/08/01,0,700000,0,700000
2007/08/02,0,52000,-298000,-246000
2007/08/03,0,107000,0,107000
2007/08/06,0,0,0,0
2007/08/07,0,163000,-3000,160000
2007/08/08,0,502000,0,502000
2007/08/09,0,3000,-36000,-33000
2007/08/10,0,270000,-13000,257000
2007/08/13,0,0,-80000,-80000
2007/08/14,0,65000,-3000,62000
2007/08/15,0,0,0,0
2007/08/16,0,71000,-400000,-329000
2007/08/17,0,1235000,-4000,1231000
2007/08/20,0,884000,-341000,543000
2007/08/21,0,430000,0,430000
2007/08/22,0,0,-450000,-450000
2007/08/23,0,113000,-400000,-287000
2007/08/24,0,98000,-451000,-353000
2007/08/27,0,37000,-450000,-413000
2007/08/28,0,715000,-444000,271000
2007/08/29,0,1718000,-500000,1218000
2007/08/30,0,380000,-203000,177000
2007/08/31,0,54000,-43000,11000
2007/09/03,0,23000,-63000,-40000
2007/09/04,0,22000,-51000,-29000
2007/09/05,0,150000,-80000,70000
2007/09/06,0,413000,-106000,307000
2007/09/07,0,2485000,-75000,2410000
2007/09/10,0,131000,0,131000
2007/09/11,0,90000,0,90000
2007/09/12,0,765000,-98000,667000
2007/09/13,0,470000,-2450000,-1980000
2007/09/14,0,650000,-31000,619000
2007/09/17,0,480000,0,480000
2007/09/18,0,0,0,0
2007/09/19,0,1039000,0,1039000
2007/09/20,0,2273000,0,2273000
2007/09/21,0,2614000,-2000,2612000
2007/09/24,0,0,0,0
2007/09/25,0,0,0,0
2007/09/26,0,638000,0,638000
2007/09/27,0,861000,0,861000
2007/09/28,0,737000,-140000,597000
2007/10/01,0,803000,-45000,758000
2007/10/02,0,138000,-95000,43000
2007/10/03,0,1500000,-391000,1109000
2007/10/04,0,0,-1016000,-1016000
2007/10/05,0,538000,-594000,-56000
2007/10/08,0,1410000,-802000,608000
2007/10/09,0,160000,0,160000
2007/10/10,0,0,0,0
2007/10/11,0,1530000,-240000,1290000
2007/10/12,0,2841000,-142000,2699000
2007/10/15,0,273000,-502000,-229000
2007/10/16,0,330000,-975000,-645000
2007/10/17,0,743000,-574000,169000
2007/10/18,0,210000,-1805000,-1595000
2007/10/19,0,0,-106000,-106000
2007/10/22,0,300000,-50000,250000
2007/10/23,0,1000,-101000,-100000
2007/10/24,0,522000,0,522000
2007/10/25,0,1879000,0,1879000
2007/10/26,0,1829000,-39000,1790000
2007/10/29,0,299000,-480000,-181000
2007/10/30,0,1000,-1414000,-1413000
2007/10/31,0,675000,-831000,-156000
2007/11/01,0,534000,-3439000,-2905000
2007/11/02,0,407000,-920000,-513000
2007/11/05,0,319000,-2639000,-2320000
2007/11/06,0,334000,0,334000
2007/11/07,0,2327000,0,2327000
2007/11/08,0,972000,-90000,882000
2007/11/09,0,1051000,-95000,956000
2007/11/12,0,852000,-379000,473000
2007/11/13,0,365000,-195000,170000
2007/11/14,0,2579000,-118000,2461000
2007/11/15,0,820000,-2545000,-1725000
2007/11/16,0,52000,-1998000,-1946000
2007/11/19,0,672000,-2258000,-1586000
2007/11/20,0,3000,-831000,-828000
2007/11/21,0,880000,-2763000,-1883000
2007/11/22,0,8000,-384000,-376000
2007/11/23,0,58000,-3547000,-3489000
2007/11/26,0,1378000,-1800000,-422000
2007/11/27,0,354000,-2598000,-2244000
2007/11/28,0,1045000,-396000,649000
2007/11/29,0,1330000,-1610000,-280000
2007/11/30,0,3309000,-1615000,1694000
2007/12/03,0,2138000,-230000,1908000
2007/12/04,0,483000,-70000,413000
2007/12/05,0,1209000,-178000,1031000
2007/12/06,0,490000,-1098000,-608000
2007/12/07,0,0,-971000,-971000
2007/12/10,0,140000,-185000,-45000
2007/12/11,0,310000,-276000,34000
2007/12/12,0,14000,-1266000,-1252000
2007/12/13,0,1172000,-539000,633000
2007/12/14,0,1483000,-200000,1283000
2007/12/17,0,770000,-285000,485000
2007/12/18,0,909000,-135000,774000
2007/12/19,0,835000,-313000,522000
2007/12/20,0,1144000,-1166000,-22000
2007/12/21,0,52000,-2447000,-2395000
2007/12/24,0,41000,-644000,-603000
2007/12/25,0,1150000,-303000,847000
2007/12/26,0,40000,-100000,-60000
2007/12/27,0,1935000,-39000,1896000
2007/12/28,0,180000,-15000,165000
2007/12/31,0,833000,-767000,66000
2008/01/01,0,0,0,0
2008/01/02,0,678000,-500000,178000
2008/01/03,0,700000,-1720000,-1020000
2008/01/04,0,90000,-500000,-410000
2008/01/07,0,2000,-576000,-574000
2008/01/08,0,5749000,-398000,5351000
2008/01/09,0,4369000,-500000,3869000
2008/01/10,0,1371000,-350000,1021000
2008/01/11,0,1709000,-771000,938000
2008/01/14,0,65000,-1916000,-1851000
2008/01/15,0,221000,-1137000,-916000
2008/01/16,0,561000,-2973000,-2412000
2008/01/17,0,232000,-3991000,-3759000
2008/01/18,0,1527000,-5052000,-3525000
2008/01/21,0,976000,-796000,180000
2008/01/22,0,1364000,-1043000,321000
2008/01/23,0,461000,-1036000,-575000
2008/01/24,0,511000,-955000,-444000
2008/01/25,0,370000,-1669000,-1299000
2008/01/28,0,201000,-583000,-382000
2008/01/29,0,1466000,-300000,1166000
2008/01/30,0,1965000,-235000,1730000
2008/01/31,0,3241000,-671000,2570000
2008/02/01,0,2040000,-618000,1422000
2008/02/04,0,0,0,0
2008/02/05,0,0,0,0
2008/02/06,0,0,0,0
2008/02/07,0,0,0,0
2008/02/08,0,0,0,0
2008/02/11,0,0,0,0
2008/02/12,0,6568000,-264000,6304000
2008/02/13,0,1350000,-70000,1280000
2008/02/14,0,687000,0,687000
2008/02/15,0,1394000,-770000,624000
2008/02/18,0,708000,-2113000,-1405000
2008/02/19,0,2384000,-1078000,1306000
2008/02/20,0,1141000,-3798000,-2657000
2008/02/21,0,616000,-3921000,-3305000
2008/02/22,0,205000,-652000,-447000
2008/02/25,0,717000,-1000,716000
2008/02/26,0,931000,-757000,174000
2008/02/27,0,1294000,-699000,595000
2008/02/28,0,0,0,0
2008/02/29,0,292000,-201000,91000
2008/03/03,0,1247000,-130000,1117000
2008/03/04,0,448000,-11000,437000
2008/03/05,0,1178000,-370000,808000
2008/03/06,0,144000,-1193000,-1049000
2008/03/07,0,850000,-150000,700000
2008/03/10,0,2512000,-570000,1942000
2008/03/11,0,225000,-575000,-350000
2008/03/12,0,80000,-1054000,-974000
2008/03/13,0,399000,-2773000,-2374000
2008/03/14,0,2000,-857000,-855000
2008/03/17,0,4000,-325000,-321000
2008/03/18,0,3000,-838000,-835000
2008/03/19,0,219000,-600000,-381000
2008/03/20,0,227000,-51000,176000
2008/03/21,0,205000,-104000,101000
2008/03/24,0,7000,-251000,-244000
2008/03/25,0,15000,-2849000,-2834000
2008/03/26,0,4000,-2900000,-2896000
2008/03/27,0,596000,-813000,-217000
2008/03/28,0,1323000,0,1323000
2008/03/31,0,670000,0,670000
2008/04/01,0,2000,-1000,1000
2008/04/02,0,0,-619000,-619000
2008/04/03,0,1000,-925000,-924000
2008/04/04,0,0,0,0
2008/04/07,0,165000,-37000,128000
2008/04/08,0,0,0,0
2008/04/09,0,775000,-20000,755000
2008/04/10,0,250000,-100000,150000
2008/04/11,0,2070000,-170000,1900000
2008/04/14,0,548000,-1000,547000
2008/04/15,0,493000,0,493000
2008/04/16,0,0,-205000,-205000
2008/04/17,0,70000,0,70000
2008/04/18,0,0,-104000,-104000
2008/04/21,0,241000,0,241000
2008/04/22,0,1333000,-10000,1323000
2008/04/23,0,280000,-204000,76000
2008/04/24,0,2885000,0,2885000
2008/04/25,0,302000,-731000,-429000
2008/04/28,0,4000,-668000,-664000
2008/04/29,0,188000,-99000,89000
2008/04/30,0,80000,-60000,20000
2008/05/01,0,0,0,0
2008/05/02,0,255000,0,255000
2008/05/05,0,216000,-500000,-284000
2008/05/06,0,1000,-889000,-888000
2008/05/07,0,125000,-627000,-502000
2008/05/08,0,4000,-535000,-531000
2008/05/09,0,33000,-85000,-52000
2008/05/12,0,1000,-400000,-399000
2008/05/13,0,4000,-845000,-841000
2008/05/14,0,660000,-50000,610000
2008/05/15,0,1558000,-464000,1094000
2008/05/16,0,2291000,-521000,1770000
2008/05/19,0,6000,-1405000,-1399000
2008/05/20,0,988000,-1630000,-642000
2008/05/21,0,1135000,-702000,433000
2008/05/22,0,1000,-516000,-515000
2008/05/23,0,0,-388000,-388000
2008/05/26,0,0,-1193000,-1193000
2008/05/27,0,56000,-483000,-427000
2008/05/28,0,194000,-492000,-298000
2008/05/29,0,707000,-120000,587000
2008/05/30,0,50000,-4000,46000
2008/06/02,0,971000,-1468000,-497000
2008/06/03,0,1043000,0,1043000
2008/06/04,0,1058000,-300000,758000
2008/06/05,0,306000,-450000,-144000
2008/06/06,0,794000,-300000,494000
2008/06/09,0,330000,-350000,-20000
2008/06/10,0,786000,-350000,436000
2008/06/11,0,127000,-1135000,-1008000
2008/06/12,0,57000,-3596000,-3539000
2008/06/13,0,57000,-2855000,-2798000
2008/06/16,0,210000,-1168000,-958000
2008/06/17,0,123000,-322000,-199000
2008/06/18,0,303000,-110000,193000
2008/06/19,0,0,-3000,-3000
2008/06/20,0,76000,-161000,-85000
2008/06/23,0,145000,-134000,11000
2008/06/24,0,70000,-163000,-93000
2008/06/25,0,0,-51000,-51000
2008/06/26,0,392000,-150000,242000
2008/06/27,0,7000,-100000,-93000
2008/06/30,0,147000,0,147000
2008/07/01,0,40000,-100000,-60000
2008/07/02,0,825000,-221000,604000
2008/07/03,0,141000,0,141000
2008/07/04,0,2000,0,2000
2008/07/07,0,104000,0,104000
2008/07/08,0,100000,0,100000
2008/07/09,0,796000,-1000,795000
2008/07/10,0,215000,0,215000
2008/07/11,0,1354000,-3000,1351000
2008/07/14,0,305000,-60000,245000
2008/07/15,0,310000,0,310000
2008/07/16,0,984000,-50000,934000
2008/07/17,0,60000,0,60000
2008/07/18,0,613000,-84000,529000
2008/07/21,0,198000,-10000,188000
2008/07/22,0,1000,0,1000
2008/07/23,0,17000,-652000,-635000
2008/07/24,0,30000,-21000,9000
2008/07/25,0,160000,0,160000
2008/07/28,0,0,0,0
2008/07/29,0,32000,-69000,-37000
2008/07/30,0,42000,-3000,39000
2008/07/31,0,0,-690000,-690000
2008/08/01,0,401000,-1200000,-799000
2008/08/04,0,925000,-287000,638000
2008/08/05,0,30000,-1196000,-1166000
2008/08/06,0,0,-790000,-790000
2008/08/07,0,930000,-309000,621000
2008/08/08,0,72000,-2185000,-2113000
2008/08/11,0,746000,-360000,386000
2008/08/12,0,490000,-1297000,-807000
2008/08/13,0,558000,0,558000
2008/08/14,0,392000,-52000,340000
2008/08/15,0,1617000,-218000,1399000
2008/08/18,0,50000,-290000,-240000
2008/08/19,0,0,-279000,-279000
2008/08/20,0,0,-751000,-751000
2008/08/21,0,1000,-40000,-39000
2008/08/22,0,308000,-840000,-532000
2008/08/25,0,872000,-335000,537000
2008/08/26,0,97000,-141000,-44000
2008/08/27,0,0,-428000,-428000
2008/08/28,0,600000,-722000,-122000
2008/08/29,0,203000,-682000,-479000
2008/09/01,0,61000,0,61000
2008/09/02,0,298000,-64000,234000
2008/09/03,0,146000,-451000,-305000
2008/09/04,0,503000,-200000,303000
2008/09/05,0,6000,-175000,-169000
2008/09/08,0,37000,-678000,-641000
2008/09/09,0,6000,-1806000,-1800000
2008/09/10,0,253000,-1840000,-1587000
2008/09/11,0,0,-533000,-533000
2008/09/12,0,50000,-2015000,-1965000
2008/09/15,0,50000,-360000,-310000
2008/09/16,0,17000,-1461000,-1444000
2008/09/17,0,0,-596000,-596000
2008/09/18,0,1000,-854000,-853000
2008/09/19,0,34000,-928000,-894000
2008/09/22,0,654000,-30000,624000
2008/09/23,0,193000,-249000,-56000
2008/09/24,0,0,-2388000,-2388000
2008/09/25,0,45000,-2441000,-2396000
2008/09/26,0,0,-1932000,-1932000
2008/09/29,0,0,0,0
2008/09/30,0,1000,-1000000,-999000
2008/10/01,0,200000,-139125,60875
2008/10/02,0,339000,-114000,225000
2008/10/03,0,1743000,-3000,1740000
2008/10/06,0,2157000,-145000,2012000
2008/10/07,0,0,-123000,-123000
2008/10/08,0,0,-61000,-61000
2008/10/09,0,231000,-566000,-335000
2008/10/10,0,0,0,0
2008/10/13,0,0,0,0
2008/10/14,0,72000,-2348000,-2276000
2008/10/15,0,1000,0,1000
2008/10/16,0,5000,0,5000
2008/10/17,0,92000,-262000,-170000
2008/10/20,0,0,-4000,-4000
2008/10/21,0,0,-513000,-513000
2008/10/22,0,0,0,0
2008/10/23,0,0,-7000,-7000
2008/10/24,0,0,-6000,-6000
2008/10/27,0,0,-186000,-186000
2008/10/28,0,0,-1805000,-1805000
2008/10/29,0,0,-246000,-246000
2008/10/30,0,589000,-300000,289000
2008/10/31,0,2000000,-530000,1470000
2008/11/03,0,961000,-5000,956000
2008/11/04,0,1652000,-500000,1152000
2008/11/05,0,578000,0,578000
2008/11/06,0,401000,-1000,400000
2008/11/07,0,505000,-163000,342000
2008/11/10,0,956000,-551000,405000
2008/11/11,0,0,-629000,-629000
2008/11/12,0,234000,-340000,-106000
2008/11/13,0,211000,-3000,208000
2008/11/14,0,1299000,-15000,1284000
2008/11/17,0,0,-47000,-47000
2008/11/18,0,9000,-315000,-306000
2008/11/19,0,300000,0,300000
2008/11/20,0,10000,-362000,-352000
2008/11/21,0,13000,-2406000,-2393000
2008/11/24,0,8000,-300000,-292000
2008/11/25,0,1000,-393000,-392000
2008/11/26,0,136000,-400000,-264000
2008/11/27,0,208000,0,208000
2008/11/28,0,20000,-1450000,-1430000
2008/12/01,0,4000,0,4000
2008/12/02,0,0,-930000,-930000
2008/12/03,0,1000,-240000,-239000
2008/12/04,0,1000,-1482000,-1481000
2008/12/05,0,0,-752000,-752000
2008/12/08,0,551000,0,551000
2008/12/09,0,2120000,-10000,2110000
2008/12/10,0,5654000,0,5654000
2008/12/11,0,3941000,-10000,3931000
2008/12/12,0,1200000,-4000,1196000
2008/12/15,0,2199000,0,2199000
2008/12/16,0,529000,0,529000
2008/12/17,0,900000,0,900000
2008/12/18,0,743000,-2000,741000
2008/12/19,0,1175000,-265000,910000
2008/12/22,0,0,-67000,-67000
2008/12/23,0,0,-1990000,-1990000
2008/12/24,0,0,-201000,-201000
2008/12/25,0,465000,0,465000
2008/12/26,0,0,-2000,-2000
2008/12/29,0,0,-625000,-625000
2008/12/30,0,370000,-190000,180000
2008/12/31,0,57000,0,57000
2009/01/01,0,0,0,0
2009/01/02,0,0,0,0
2009/01/05,0,139000,0,139000
2009/01/06,0,1004000,0,1004000
2009/01/07,0,3534000,-251000,3283000
2009/01/08,0,70000,-1196000,-1126000
2009/01/09,0,382000,-350000,32000
2009/01/12,0,401000,-147000,254000
2009/01/13,0,485000,-56000,429000
2009/01/14,0,839000,-270000,569000
2009/01/15,0,150000,-547000,-397000
2009/01/16,0,1000,-1135000,-1134000
2009/01/19,0,468000,-484000,-16000
2009/01/20,0,180000,-182000,-2000
2009/01/21,0,0,0,0
2009/01/22,0,0,0,0
2009/01/23,0,0,0,0
2009/01/26,0,0,0,0
2009/01/27,0,0,0,0
2009/01/28,0,0,0,0
2009/01/29,0,0,0,0
2009/01/30,0,0,0,0
2009/02/02,0,620000,0,620000
2009/02/03,0,1330000,0,1330000
2009/02/04,0,4755000,-100000,4655000
2009/02/05,0,6373000,0,6373000
2009/02/06,0,3255000,-1651000,1604000
2009/02/09,0,1476000,-1813000,-337000
2009/02/10,0,1519000,-187000,1332000
2009/02/11,0,1637000,-3658000,-2021000
2009/02/12,0,896000,-3446000,-2550000
2009/02/13,0,882000,-855000,27000
2009/02/16,0,266000,-439000,-173000
2009/02/17,0,325000,-186000,139000
2009/02/18,0,778000,-997000,-219000
2009/02/19,0,1101000,-123000,978000
2009/02/20,0,691000,-445000,246000
2009/02/23,0,100000,-46000,54000
2009/02/24,0,0,-320000,-320000
2009/02/25,0,340000,-1384000,-1044000
2009/02/26,0,0,-780000,-780000
2009/02/27,0,1000,-400000,-399000
2009/03/02,0,0,-501000,-501000
2009/03/03,0,4000,-2387000,-2383000
2009/03/04,0,81000,-1315000,-1234000
2009/03/05,0,0,-52000,-52000
2009/03/06,0,671000,-307000,364000
2009/03/09,0,1172000,-527000,645000
2009/03/10,0,535000,-200000,335000
2009/03/11,0,500000,-175000,325000
2009/03/12,0,679000,-53000,626000
2009/03/13,0,525000,-761000,-236000
2009/03/16,0,131000,-200000,-69000
2009/03/17,0,135000,-241000,-106000
2009/03/18,0,0,-1091000,-1091000
2009/03/19,0,424000,-1356000,-932000
2009/03/20,0,348000,-219000,129000
2009/03/23,0,925000,-1002000,-77000
2009/03/24,0,407000,-153000,254000
2009/03/25,0,1484000,-1292000,192000
2009/03/26,0,1060000,0,1060000
2009/03/27,0,0,-1527000,-1527000
2009/03/30,0,0,-446000,-446000
2009/03/31,0,250000,-852000,-602000
2009/04/01,0,0,-265000,-265000
2009/04/02,0,0,-1484000,-1484000
2009/04/03,0,98000,-1000,97000
2009/04/06,0,0,-120000,-120000
2009/04/07,0,351000,-316000,35000
2009/04/08,0,30000,0,30000
2009/04/09,0,698000,-1000,697000
2009/04/10,0,1760000,0,1760000
2009/04/13,0,925000,-615000,310000
2009/04/14,0,785000,-1001000,-216000
2009/04/15,0,1830000,-450000,1380000
2009/04/16,0,680000,-2000,678000
2009/04/17,0,500000,-2000,498000
2009/04/20,0,202000,0,202000
2009/04/21,0,51000,-180000,-129000
2009/04/22,0,50000,-639000,-589000
2009/04/23,0,50000,-13000,37000
2009/04/24,0,459000,-481000,-22000
2009/04/27,0,579000,-2971000,-2392000
2009/04/28,0,0,-580000,-580000
2009/04/29,0,0,-2784000,-2784000
2009/04/30,0,0,0,0
2009/05/01,0,0,0,0
2009/05/04,0,14000,-150000,-136000
2009/05/05,0,4000,-1485000,-1481000
2009/05/06,0,1065000,-1016000,49000
2009/05/07,0,124000,-3000,121000
2009/05/08,0,117000,-494000,-377000
2009/05/11,0,14000,-7000,7000
2009/05/12,0,12000,-12000,0
2009/05/13,0,8000,-858000,-850000
2009/05/14,0,0,-3659000,-3659000
2009/05/15,0,13000,-885000,-872000
2009/05/18,0,149000,-279000,-130000
2009/05/19,0,125000,-90000,35000
2009/05/20,0,16000,-681000,-665000
2009/05/21,0,6000,0,6000
2009/05/22,0,6000,-1015000,-1009000
2009/05/25,0,12000,-71000,-59000
2009/05/26,0,17000,-424000,-407000
2009/05/27,0,312000,-14000,298000
2009/05/28,0,0,0,0
2009/05/29,0,0,0,0
2009/06/01,0,1491000,-7000,1484000
2009/06/02,0,654000,-23000,631000
2009/06/03,0,208000,-215000,-7000
2009/06/04,0,500000,-86000,414000
2009/06/05,0,0,-237000,-237000
2009/06/08,0,0,-62000,-62000
2009/06/09,0,0,-242000,-242000
2009/06/10,0,0,-94000,-94000
2009/06/11,0,1401000,0,1401000
2009/06/12,0,900000,-793000,107000
2009/06/15,0,51000,-30000,21000
2009/06/16,0,182000,0,182000
2009/06/17,0,2000,0,2000
2009/06/18,0,3000,-106000,-103000
2009/06/19,0,10000,0,10000
2009/06/22,0,302000,-20000,282000
2009/06/23,0,0,-66000,-66000
2009/06/24,0,1000,-250000,-249000
2009/06/25,0,0,-908000,-908000
2009/06/26,0,0,-628000,-628000
2009/06/29,0,23000,0,23000
2009/06/30,0,300000,-500000,-200000
2009/07/01,0,2000,-291000,-289000
2009/07/02,0,0,-131000,-131000
2009/07/03,0,0,-567000,-567000
2009/07/06,0,241000,-1000,240000
2009/07/07,0,51000,-131000,-80000
2009/07/08,0,1001000,-1000,1000000
2009/07/09,0,1000000,-300000,700000
2009/07/10,0,0,-901000,-901000
2009/07/13,0,0,-37000,-37000
2009/07/14,0,0,-4000,-4000
2009/07/15,0,50000,-6000,44000
2009/07/16,0,50000,-183000,-133000
2009/07/17,0,0,-1733000,-1733000
2009/07/20,0,0,0,0
2009/07/21,0,0,-1078000,-1078000
2009/07/22,0,37000,-1173000,-1136000
2009/07/23,0,0,-67000,-67000
2009/07/24,0,0,-400000,-400000
2009/07/27,0,0,-115000,-115000
2009/07/28,0,25000,-137000,-112000
2009/07/29,0,0,0,0
2009/07/30,0,0,-55000,-55000
2009/07/31,0,0,-440000,-440000
2009/08/03,0,0,-66000,-66000
2009/08/04,0,302000,-282000,20000
2009/08/05,0,0,-252000,-252000
2009/08/06,0,0,0,0
2009/08/07,0,0,0,0
2009/08/10,0,3000,0,3000
2009/08/11,0,1000,-374000,-373000
2009/08/12,0,0,-130000,-130000
2009/08/13,0,0,-100000,-100000
2009/08/14,0,0,-11000,-11000
2009/08/17,0,140000,-159000,-19000
2009/08/18,0,2000,0,2000
2009/08/19,0,60000,0,60000
2009/08/20,0,1000,0,1000
2009/08/21,0,0,-283000,-283000
2009/08/24,0,1000,-111000,-110000
2009/08/25,0,0,-700000,-700000
2009/08/26,0,500000,-1359000,-859000
2009/08/27,0,2000,-254000,-252000
2009/08/28,0,0,-600000,-600000
2009/08/31,0,3000,-360000,-357000
2009/09/01,0,376000,-115000,261000
2009/09/02,0,800000,-200000,600000
2009/09/03,0,0,-1000,-1000
2009/09/04,0,0,-2000,-2000
2009/09/07,0,0,-125000,-125000
2009/09/08,0,0,0,0
2009/09/09,0,22000,0,22000
2009/09/10,0,985000,-150000,835000
2009/09/11,0,0,-560000,-560000
2009/09/14,0,0,-16000,-16000
2009/09/15,0,0,-280000,-280000
2009/09/16,0,6000,-3214000,-3208000
2009/09/17,0,0,-1400000,-1400000
2009/09/18,0,4000,-2716000,-2712000
2009/09/21,0,0,-2361000,-2361000
2009/09/22,0,0,-1965800,-1965800
2009/09/23,0,0,-1686998,-1686998
2009/09/24,0,407000,0,407000
2009/09/25,0,406000,0,406000
2009/09/28,0,0,-261000,-261000
2009/09/29,0,2000,0,2000
2009/09/30,0,500000,-400000,100000
2009/10/01,0,347000,0,347000
2009/10/02,0,195000,0,195000
2009/10/05,0,278000,-1000,277000
2009/10/06,0,0,0,0
2009/10/07,0,265000,0,265000
2009/10/08,0,1483000,0,1483000
2009/10/09,0,2241000,-697000,1544000
2009/10/12,0,698000,0,698000
2009/10/13,0,3000,0,3000
2009/10/14,0,5000,-718000,-713000
2009/10/15,0,132000,-47000,85000
2009/10/16,0,1081000,-3000,1078000
2009/10/19,0,304000,0,304000
2009/10/20,0,0,0,0
2009/10/21,0,598000,-701000,-103000
2009/10/22,0,648000,-69000,579000
2009/10/23,0,330000,0,330000
2009/10/26,0,250000,0,250000
2009/10/27,0,191000,-216000,-25000
2009/10/28,0,0,-2000,-2000
2009/10/29,0,26000,0,26000
2009/10/30,0,0,-200000,-200000
2009/11/02,0,1000,-682000,-681000
2009/11/03,0,151000,-70000,81000
2009/11/04,0,463000,0,463000
2009/11/05,0,1000,-278000,-277000
2009/11/06,0,433000,-142000,291000
2009/11/09,0,1000,-143000,-142000
2009/11/10,0,43000,0,43000
2009/11/11,0,1156000,-70000,1086000
2009/11/12,0,422000,-1000,421000
2009/11/13,0,0,-190000,-190000
2009/11/16,0,952000,-216000,736000
2009/11/17,0,860000,0,860000
2009/11/18,0,650000,-2000,648000
2009/11/19,0,300000,-1000,299000
2009/11/20,0,950000,-381000,569000
2009/11/23,0,380000,-389000,-9000
2009/11/24,0,90000,-284000,-194000
2009/11/25,0,0,-380000,-380000
2009/11/26,0,0,-456000,-456000
2009/11/27,0,0,-750000,-750000
2009/11/30,0,300000,-874000,-574000
2009/12/01,0,0,0,0
2009/12/02,0,0,-566000,-566000
2009/12/03,0,20000,0,20000
2009/12/04,0,20000,-1000,19000
2009/12/07,0,45000,0,45000
2009/12/08,0,0,-600000,-600000
2009/12/09,0,0,-354000,-354000
2009/12/10,0,0,-1424000,-1424000
2009/12/11,0,1000,-300000,-299000
2009/12/14,0,0,-2000,-2000
2009/12/15,0,0,0,0
2009/12/16,0,25000,-3000,22000
2009/12/17,0,0,-200000,-200000
2009/12/18,0,0,-2000,-2000
2009/12/21,0,0,-495000,-495000
2009/12/22,0,0,-1311000,-1311000
2009/12/23,0,0,-353000,-353000
2009/12/24,0,0,-275000,-275000
2009/12/25,0,121000,-2000,119000
2009/12/28,0,30000,-425000,-395000
2009/12/29,0,29000,-101000,-72000
2009/12/30,0,39000,-29000,10000
2009/12/31,0,0,0,0
2010/01/01,0,0,0,0
2010/01/04,0,186000,0,186000
2010/01/05,0,371000,0,371000
2010/01/06,0,824000,0,824000
2010/01/07,0,75000,0,75000
2010/01/08,0,25000,-1000,24000
2010/01/11,0,60000,0,60000
2010/01/12,0,391000,-1000,390000
2010/01/13,0,649000,-160000,489000
2010/01/14,0,0,-1000,-1000
2010/01/15,0,0,-18000,-18000
2010/01/18,0,0,-512000,-512000
2010/01/19,0,1992000,-150000,1842000
2010/01/20,0,0,-254000,-254000
2010/01/21,0,0,-543000,-543000
2010/01/22,0,0,-60000,-60000
2010/01/25,0,0,-51000,-51000
2010/01/26,0,0,0,0
2010/01/27,0,3000,-40000,-37000
2010/01/28,0,46000,-147000,-101000
2010/01/29,0,319000,0,319000
2010/02/01,0,1000,-184000,-183000
2010/02/02,0,18000,-702000,-684000
2010/02/03,0,0,0,0
2010/02/04,0,1000,-375000,-374000
2010/02/05,0,0,-1878000,-1878000
2010/02/08,0,1000,-168000,-167000
2010/02/09,0,301000,0,301000
2010/02/10,0,0,0,0
2010/02/11,0,0,0,0
2010/02/12,0,0,0,0
2010/02/15,0,0,0,0
2010/02/16,0,0,0,0
2010/02/17,0,0,0,0
2010/02/18,0,0,0,0
2010/02/19,0,0,0,0
2010/02/22,0,1000,-89000,-88000
2010/02/23,0,1000,0,1000
2010/02/24,0,0,0,0
2010/02/25,0,0,0,0
2010/02/26,0,366000,0,366000
2010/03/01,0,0,0,0
2010/03/02,0,0,0,0
2010/03/03,0,0,0,0
2010/03/04,0,822000,0,822000
2010/03/05,0,1240000,0,1240000
2010/03/08,0,0,0,0
2010/03/09,0,0,0,0
2010/03/10,0,0,-1000,-1000
2010/03/11,0,0,0,0
2010/03/12,0,0,-210000,-210000
2010/03/15,0,1030000,0,1030000
2010/03/16,0,0,0,0
2010/03/17,0,5000,0,5000
2010/03/18,0,0,-111000,-111000
2010/03/19,0,0,-454000,-454000
2010/03/22,0,0,-543000,-543000
2010/03/23,0,589000,-625000,-36000
2010/03/24,0,30000,-448000,-418000
2010/03/25,0,0,-698000,-698000
2010/03/26,0,0,-300000,-300000
2010/03/29,0,1000,-50000,-49000
2010/03/30,0,0,-52000,-52000
2010/03/31,0,0,-496000,-496000
2010/04/01,0,0,-967000,-967000
2010/04/02,0,0,-200000,-200000
2010/04/05,0,0,0,0
2010/04/06,0,0,-677000,-677000
2010/04/07,0,0,-420000,-420000
2010/04/08,0,0,-551000,-551000
2010/04/09,0,0,-866000,-866000
2010/04/12,0,0,-300000,-300000
2010/04/13,0,0,-387000,-387000
2010/04/14,0,0,-726000,-726000
2010/04/15,0,0,-1000,-1000
2010/04/16,0,0,-41000,-41000
2010/04/19,0,0,-34555,-34555
2010/04/20,0,1000,-1000,0
2010/04/21,0,0,0,0
2010/04/22,0,0,0,0
2010/04/23,0,0,0,0
2010/04/26,0,600000,-1200000,-600000
2010/04/27,0,0,-1000,-1000
2010/04/28,0,600000,-355000,245000
2010/04/29,0,1356000,0,1356000
2010/04/30,0,50000,-311000,-261000
2010/05/03,0,237000,0,237000
2010/05/04,0,550000,0,550000
2010/05/05,0,0,-1000,-1000
2010/05/06,0,0,0,0
2010/05/07,0,1000,-1000,0
2010/05/10,0,1000,0,1000
2010/05/11,0,0,0,0
2010/05/12,0,0,-465000,-465000
2010/05/13,0,1000,-277000,-276000
2010/05/14,0,1000,-150000,-149000
2010/05/17,0,385000,-180000,205000
2010/05/18,0,129000,-173000,-44000
2010/05/19,0,131000,0,131000
2010/05/20,0,1000,-50000,-49000
2010/05/21,0,0,-177000,-177000
2010/05/24,0,53000,-623000,-570000
2010/05/25,0,0,0,0
2010/05/26,0,1000,0,1000
2010/05/27,0,1000,-50000,-49000
2010/05/28,0,0,-109000,-109000
2010/05/31,0,0,0,0
2010/06/01,0,0,0,0
2010/06/02,0,0,0,0
2010/06/03,0,0,-150000,-150000
2010/06/04,0,0,0,0
2010/06/07,0,0,0,0
2010/06/08,0,1000,0,1000
2010/06/09,0,0,0,0
2010/06/10,0,1000,0,1000
2010/06/11,0,0,0,0
2010/06/14,0,0,0,0
2010/06/15,0,0,-255000,-255000
2010/06/16,0,0,0,0
2010/06/17,0,0,-130000,-130000
2010/06/18,0,0,-4000,-4000
2010/06/21,0,0,-50000,-50000
2010/06/22,0,0,-100000,-100000
2010/06/23,0,0,-282000,-282000
2010/06/24,0,8000,-151000,-143000
2010/06/25,0,4000,0,4000
2010/06/28,0,0,-346000,-346000
2010/06/29,0,0,0,0
2010/06/30,0,0,-50000,-50000
2010/07/01,0,0,0,0
2010/07/02,0,1000,0,1000
2010/07/05,0,0,0,0
2010/07/06,0,1000,-60000,-59000
2010/07/07,0,0,0,0
2010/07/08,0,0,0,0
2010/07/09,0,0,0,0
2010/07/12,0,0,-125000,-125000
2010/07/13,0,0,-94000,-94000
2010/07/14,0,0,0,0
2010/07/15,0,0,-18000,-18000
2010/07/16,0,0,-177000,-177000
2010/07/19,0,67000,-6000,61000
2010/07/20,0,0,0,0
2010/07/21,0,3000,-169000,-166000
2010/07/22,0,0,0,0
2010/07/23,0,0,0,0
2010/07/26,0,0,0,0
2010/07/27,0,5000,0,5000
2010/07/28,0,0,0,0
2010/07/29,0,300000,-645000,-345000
2010/07/30,0,0,-5000,-5000
2010/08/02,0,25000,-4000,21000
2010/08/03,0,153000,0,153000
2010/08/04,0,0,-1000,-1000
2010/08/05,0,0,-1000,-1000
2010/08/06,0,0,-1000,-1000
2010/08/09,0,3000,0,3000
2010/08/10,0,961000,0,961000
2010/08/11,0,670000,0,670000
2010/08/12,0,0,-1000,-1000
2010/08/13,0,0,-1000,-1000
2010/08/16,0,0,0,0
2010/08/17,0,0,0,0
2010/08/18,0,1000,-100000,-99000
2010/08/19,0,0,-100000,-100000
2010/08/20,0,0,-100000,-100000
2010/08/23,0,0,0,0
2010/08/24,0,0,-50000,-50000
2010/08/25,0,3000,-101000,-98000
2010/08/26,0,0,-180000,-180000
2010/08/27,0,0,0,0
2010/08/30,0,77000,-4000,73000
2010/08/31,0,3000,0,3000
2010/09/01,0,6000,-284000,-278000
2010/09/02,0,15000,0,15000
2010/09/03,0,0,0,0
2010/09/06,0,0,-131000,-131000
2010/09/07,0,2000,0,2000
2010/09/08,0,0,0,0
2010/09/09,0,0,0,0
2010/09/10,0,0,-150000,-150000
2010/09/13,0,0,-350000,-350000
2010/09/14,0,0,-200000,-200000
2010/09/15,0,0,-110000,-110000
2010/09/16,0,0,-501000,-501000
2010/09/17,0,0,-201000,-201000
2010/09/20,0,0,-200000,-200000
2010/09/21,0,0,-200000,-200000
2010/09/22,0,0,0,0
2010/09/23,0,0,-200000,-200000
2010/09/24,0,0,-201000,-201000
2010/09/27,0,0,-200000,-200000
2010/09/28,0,0,-67000,-67000
2010/09/29,0,0,0,0
2010/09/30,0,0,-301000,-301000
2010/10/01,0,0,-200000,-200000
2010/10/04,0,0,-394000,-394000
2010/10/05,0,0,-15000,-15000
2010/10/06,0,0,-200000,-200000
2010/10/07,0,0,0,0
2010/10/08,0,0,0,0
2010/10/11,0,0,0,0
2010/10/12,0,0,-1000,-1000
2010/10/13,0,5000,0,5000
2010/10/14,0,1000,0,1000
2010/10/15,0,15000,-2000,13000
2010/10/18,0,92000,-1000,91000
2010/10/19,0,17000,0,17000
2010/10/20,0,0,0,0
2010/10/21,0,0,-200000,-200000
2010/10/22,0,0,-201000,-201000
2010/10/25,0,0,0,0
2010/10/26,0,10000,-150000,-140000
2010/10/27,0,1000,0,1000
2010/10/28,0,30000,-100000,-70000
2010/10/29,0,0,-11000,-11000
2010/11/01,0,10000,0,10000
2010/11/02,0,0,0,0
2010/11/03,0,25000,0,25000
2010/11/04,0,0,0,0
2010/11/05,0,0,0,0
2010/11/08,0,450000,0,450000
2010/11/09,0,451000,0,451000
2010/11/10,0,0,-1000,-1000
2010/11/11,0,1000,0,1000
2010/11/12,0,0,-2000,-2000
2010/11/15,0,0,0,0
2010/11/16,0,72000,0,72000
2010/11/17,0,21000,0,21000
2010/11/18,0,0,0,0
2010/11/19,0,0,0,0
2010/11/22,0,0,-2000,-2000
2010/11/23,0,0,-300000,-300000
2010/11/24,0,0,-300000,-300000
2010/11/25,0,0,-301000,-301000
2010/11/26,0,0,0,0
2010/11/29,0,0,0,0
2010/11/30,0,0,-131000,-131000
2010/12/01,0,0,-22000,-22000
2010/12/02,0,0,-2000,-2000
2010/12/03,0,0,-1000,-1000
2010/12/06,0,0,-2000,-2000
2010/12/07,0,0,-14000,-14000
2010/12/08,0,0,0,0
2010/12/09,0,0,-1000,-1000
2010/12/10,0,0,0,0
2010/12/13,0,0,-64000,-64000
2010/12/14,0,0,0,0
2010/12/15,0,0,0,0
2010/12/16,0,0,-1000,-1000
2010/12/17,0,0,-39000,-39000
2010/12/20,0,0,0,0
2010/12/21,0,0,0,0
2010/12/22,0,0,0,0
2010/12/23,0,0,-9000,-9000
2010/12/24,0,0,0,0
2010/12/27,0,0,-39000,-39000
2010/12/28,0,0,0,0
2010/12/29,0,0,-25000,-25000
2010/12/30,0,0,0,0
2010/12/31,0,0,0,0
2011/01/03,0,0,-41000,-41000
2011/01/04,0,0,0,0
2011/01/05,0,0,0,0
2011/01/06,0,20000,0,20000
2011/01/07,0,0,0,0
2011/01/10,0,0,0,0
2011/01/11,0,0,0,0
2011/01/12,0,0,0,0
2011/01/13,0,0,-111000,-111000
2011/01/14,0,7000,0,7000
2011/01/17,0,80000,0,80000
2011/01/18,0,0,0,0
2011/01/19,0,200000,-1000,199000
2011/01/20,0,0,-1000,-1000
2011/01/21,0,404000,-72000,332000
2011/01/24,0,9000,0,9000
2011/01/25,0,0,0,0
2011/01/26,0,0,0,0
2011/01/27,0,0,-20000,-20000
2011/01/28,0,0,0,0
2011/01/31,0,0,0,0
2011/02/01,0,0,0,0
2011/02/02,0,0,0,0
2011/02/03,0,0,0,0
2011/02/04,0,0,0,0
2011/02/07,0,0,0,0
2011/02/08,0,0,0,0
2011/02/09,0,0,0,0
2011/02/10,0,338000,-1000,337000
2011/02/11,0,336000,0,336000
2011/02/14,0,69000,-80000,-11000
2011/02/15,0,0,0,0
2011/02/16,0,0,0,0
2011/02/17,0,24000,0,24000
2011/02/18,0,0,0,0
2011/02/21,0,0,0,0
2011/02/22,0,0,0,0
2011/02/23,0,11000,-200000,-189000
2011/02/24,0,0,0,0
2011/02/25,0,0,-3000,-3000
2011/02/28,0,0,0,0
2011/03/01,0,0,0,0
2011/03/02,0,0,0,0
2011/03/03,0,0,0,0
2011/03/04,0,0,0,0
2011/03/07,0,0,0,0
2011/03/08,0,0,0,0
2011/03/09,0,12000,0,12000
2011/03/10,0,0,0,0
2011/03/11,0,0,0,0
2011/03/14,0,1000,0,1000
2011/03/15,0,0,0,0
2011/03/16,0,0,0,0
2011/03/17,0,1000,0,1000
2011/03/18,0,0,-5000,-5000
2011/03/21,0,536000,0,536000
2011/03/22,0,0,0,0
2011/03/23,0,201000,0,201000
2011/03/24,0,279000,0,279000
2011/03/25,0,344000,0,344000
2011/03/28,0,0,0,0
2011/03/29,0,68000,0,68000
2011/03/30,0,151000,-14000,137000
2011/03/31,0,141000,-27000,114000
2011/04/01,0,0,-63000,-63000
2011/04/04,0,0,0,0
2011/04/05,0,0,0,0
2011/04/06,0,0,0,0
2011/04/07,0,0,0,0
2011/04/08,0,0,0,0
2011/04/11,0,0,0,0
2011/04/12,0,0,0,0
2011/04/13,0,443000,0,443000
2011/04/14,0,418000,0,418000
2011/04/15,0,0,0,0
2011/04/18,0,46000,0,46000
2011/04/19,0,1000,0,1000
2011/04/20,0,0,0,0
2011/04/21,0,1000,0,1000
2011/04/22,0,0,0,0
2011/04/25,0,0,-1000,-1000
2011/04/26,0,0,0,0
2011/04/27,0,96000,0,96000
2011/04/28,0,0,-100000,-100000
2011/04/29,0,0,-227000,-227000
2011/05/02,0,0,0,0
2011/05/03,0,86000,0,86000
2011/05/04,0,6000,-24000,-18000
2011/05/05,0,6000,0,6000
2011/05/06,0,5000,0,5000
2011/05/09,0,400000,-50000,350000
2011/05/10,0,0,-50000,-50000
2011/05/11,0,0,0,0
2011/05/12,0,2000,0,2000
2011/05/13,0,0,-151000,-151000
2011/05/16,0,1000,-100000,-99000
2011/05/17,0,0,-106000,-106000
2011/05/18,0,0,0,0
2011/05/19,0,0,0,0
2011/05/20,0,0,0,0
2011/05/23,0,0,0,0
2011/05/24,0,0,0,0
2011/05/25,0,0,0,0
2011/05/26,0,0,0,0
2011/05/27,0,0,-1000,-1000
2011/05/30,0,0,0,0
2011/05/31,0,0,0,0
2011/06/01,0,0,0,0
2011/06/02,0,0,-80000,-80000
2011/06/03,0,0,-100000,-100000
2011/06/06,0,0,0,0
2011/06/07,0,0,0,0
2011/06/08,0,0,-300000,-300000
2011/06/09,0,0,-100000,-100000
2011/06/10,0,0,-1006000,-1006000
2011/06/13,0,0,-350000,-350000
2011/06/14,0,32000,0,32000
2011/06/15,0,55000,-400000,-345000
2011/06/16,0,3000,0,3000
2011/06/17,0,21000,-2000,19000
2011/06/20,0,3000,0,3000
2011/06/21,0,1000,0,1000
2011/06/22,0,1000,0,1000
2011/06/23,0,1000,0,1000
2011/06/24,0,1000,0,1000
2011/06/27,0,0,0,0
2011/06/28,0,18000,0,18000
2011/06/29,0,8000,0,8000
2011/06/30,0,1000,0,1000
2011/07/01,0,0,0,0
2011/07/04,0,0,-14000,-14000
2011/07/05,0,0,-1000,-1000
2011/07/06,0,0,0,0
2011/07/07,0,0,0,0
2011/07/08,0,0,0,0
2011/07/11,0,0,0,0
2011/07/12,0,0,-32000,-32000
2011/07/13,0,2000,0,2000
2011/07/14,0,4000,0,4000
2011/07/15,0,2000,0,2000
2011/07/18,0,0,0,0
2011/07/19,0,9000,0,9000
2011/07/20,0,1000,-239000,-238000
2011/07/21,0,0,0,0
2011/07/22,0,0,-1000,-1000
2011/07/25,0,0,-2000,-2000
2011/07/26,0,0,0,0
2011/07/27,0,0,-1000,-1000
2011/07/28,0,0,-2000,-2000
2011/07/29,0,0,0,0
2011/08/01,0,1000,0,1000
2011/08/02,0,0,-2000,-2000
2011/08/03,0,4000,0,4000
2011/08/04,0,6000,0,6000
2011/08/05,0,7000,0,7000
2011/08/08,0,4000,0,4000
2011/08/09,0,5000,0,5000
2011/08/10,0,6000,0,6000
2011/08/11,0,12000,0,12000
2011/08/12,0,1000,0,1000
2011/08/15,0,2000,0,2000
2011/08/16,0,33000,0,33000
2011/08/17,0,0,0,0
2011/08/18,0,9000,0,9000
2011/08/19,0,1000,-1000,0
2011/08/22,0,9000,0,9000
2011/08/23,0,1500,0,1500
2011/08/24,0,0,0,0
2011/08/25,0,0,0,0
2011/08/26,0,86000,0,86000
2011/08/29,0,2000,0,2000
2011/08/30,0,0,0,0
2011/08/31,0,0,0,0
2011/09/01,0,0,0,0
2011/09/02,0,8000,-2000,6000
2011/09/05,0,0,-1000,-1000
2011/09/06,0,0,0,0
2011/09/07,0,3000,0,3000
2011/09/08,0,0,0,0
2011/09/09,0,2000,0,2000
2011/09/12,0,0,0,0
2011/09/13,0,5000,-1246,3754
2011/09/14,0,1000,-2000,-1000
2011/09/15,0,0,-82000,-82000
2011/09/16,0,5000,-292000,-287000
2011/09/19,0,0,-2000,-2000
2011/09/20,0,0,0,0
2011/09/21,0,0,-4414,-4414
2011/09/22,0,0,-319000,-319000
2011/09/23,0,1000,-271000,-270000
2011/09/26,0,23000,0,23000
2011/09/27,0,1000,0,1000
2011/09/28,0,0,-1000,-1000
2011/09/29,0,5000,0,5000
2011/09/30,0,0,-1000,-1000
2011/10/03,0,0,0,0
2011/10/04,0,2000,0,2000
2011/10/05,0,3000,0,3000
2011/10/06,0,5000,0,5000
2011/10/07,0,0,0,0
2011/10/10,0,0,0,0
2011/10/11,0,0,0,0
2011/10/12,0,1000,0,1000
2011/10/13,0,62000,-343000,-281000
2011/10/14,0,1583000,0,1583000
2011/10/17,0,0,-801,-801
2011/10/18,0,9973,0,9973
2011/10/19,0,0,-75000,-75000
2011/10/20,0,0,0,0
2011/10/21,0,0,0,0
2011/10/24,0,1000,-187000,-186000
2011/10/25,0,0,-36000,-36000
2011/10/26,0,0,0,0
2011/10/27,0,1000,0,1000
2011/10/28,0,1000,0,1000
2011/10/31,0,0,-1000,-1000
2011/11/01,0,0,-2000,-2000
2011/11/02,0,2000,0,2000
2011/11/03,0,1000,0,1000
2011/11/04,0,248000,-485002,-237002
2011/11/07,0,0,0,0
2011/11/08,0,1000,0,1000
2011/11/09,0,0,0,0
2011/11/10,0,0,0,0
2011/11/11,0,0,0,0
2011/11/14,0,1000,-11088,-10088
2011/11/15,0,0,0,0
2011/11/16,0,0,0,0
2011/11/17,0,62000,-125000,-63000
2011/11/18,0,2000,0,2000
2011/11/21,0,2000,0,2000
2011/11/22,0,0,-2000,-2000
2011/11/23,0,4000,0,4000
2011/11/24,0,2000,0,2000
2011/11/25,0,2000,-1000,1000
2011/11/28,0,185000,0,185000
2011/11/29,0,1000,0,1000
2011/11/30,0,0,0,0
2011/12/01,0,0,-6000,-6000
2011/12/02,0,0,0,0
2011/12/05,0,1000,-2000,-1000
2011/12/06,0,0,0,0
2011/12/07,0,1000,0,1000
2011/12/08,0,0,0,0
2011/12/09,0,0,-2273,-2273
2011/12/12,0,0,0,0
2011/12/13,0,0,0,0
2011/12/14,0,0,-7000,-7000
2011/12/15,0,0,-8000,-8000
2011/12/16,0,0,-4000,-4000
2011/12/19,0,2000,-100,1900
2011/12/20,0,1000,0,1000
2011/12/21,0,0,0,0
2011/12/22,0,1000,0,1000
2011/12/23,0,0,-1000,-1000
2011/12/26,0,0,0,0
2011/12/27,0,2000,0,2000
2011/12/28,0,0,-1000,-1000
2011/12/29,0,0,0,0
2011/12/30,0,0,-2000,-2000
2012/01/02,0,2000,0,2000
2012/01/03,0,0,-3000,-3000
2012/01/04,0,0,0,0
2012/01/05,0,6545,-1000,5545
2012/01/06,0,0,0,0
2012/01/09,0,0,0,0
2012/01/10,0,0,-1000,-1000
2012/01/11,0,0,-1000,-1000
2012/01/12,0,0,-2000,-2000
2012/01/13,0,0,-4000,-4000
2012/01/16,0,0,-1000,-1000
2012/01/17,0,0,-3000,-3000
2012/01/18,0,0,-3000,-3000
2012/01/19,0,0,0,0
2012/01/20,0,0,0,0
2012/01/23,0,0,0,0
2012/01/24,0,0,0,0
2012/01/25,0,0,0,0
2012/01/26,0,0,0,0
2012/01/27,0,0,0,0
2012/01/30,0,0,-5000,-5000
2012/01/31,0,0,0,0
2012/02/01,0,0,-2000,-2000
2012/02/02,0,0,-1000,-1000
2012/02/03,0,0,-2000,-2000
2012/02/06,0,0,-3000,-3000
2012/02/07,0,0,0,0
2012/02/08,0,0,-1000,-1000
2012/02/09,0,0,-3537,-3537
2012/02/10,0,66000,0,66000
2012/02/13,0,0,0,0
2012/02/14,0,0,-3000,-3000
2012/02/15,0,0,-4000,-4000
2012/02/16,0,12000,0,12000
2012/02/17,0,23000,0,23000
2012/02/20,0,0,-2000,-2000
2012/02/21,0,0,0,0
2012/02/22,0,0,0,0
2012/02/23,0,0,-1000,-1000
2012/02/24,0,0,-5000,-5000
2012/02/27,0,0,0,0
2012/02/28,0,0,0,0
2012/02/29,0,0,-1000,-1000
2012/03/01,0,0,0,0
2012/03/02,0,0,-3000,-3000
2012/03/05,0,0,-636000,-636000
2012/03/06,0,0,0,0
2012/03/07,0,0,-1000,-1000
2012/03/08,0,6863,-3000,3863
2012/03/09,0,0,0,0
2012/03/12,0,0,-1000,-1000
2012/03/13,0,0,-2000,-2000
2012/03/14,0,23000,0,23000
2012/03/15,0,20000,0,20000
2012/03/16,0,0,-82000,-82000
2012/03/19,0,0,-5250,-5250
2012/03/20,0,0,-2000,-2000
2012/03/21,0,0,0,0
2012/03/22,0,0,0,0
2012/03/23,0,0,0,0
2012/03/26,0,0,-1000,-1000
2012/03/27,0,0,0,0
2012/03/28,0,0,0,0
2012/03/29,0,0,0,0
2012/03/30,0,0,-2000,-2000
2012/04/02,0,0,0,0
2012/04/03,0,0,0,0
2012/04/04,0,0,0,0
2012/04/05,0,1000,-4163,-3163
2012/04/06,0,0,0,0
2012/04/09,0,0,-2000,-2000
2012/04/10,0,0,0,0
2012/04/11,0,0,0,0
2012/04/12,0,0,0,0
2012/04/13,0,0,0,0
2012/04/16,0,0,-1000,-1000
2012/04/17,0,0,0,0
2012/04/18,0,0,0,0
2012/04/19,0,0,0,0
2012/04/20,0,0,0,0
2012/04/23,0,1000,0,1000
2012/04/24,0,4000,0,4000
2012/04/25,0,0,0,0
2012/04/26,0,0,0,0
2012/04/27,0,0,0,0
2012/04/30,0,0,0,0
2012/05/01,0,0,0,0
2012/05/02,0,12000,0,12000
2012/05/03,0,0,-6081,-6081
2012/05/04,0,0,-2000,-2000
2012/05/07,0,0,0,0
2012/05/08,0,0,0,0
2012/05/09,0,0,0,0
2012/05/10,0,0,0,0
2012/05/11,0,0,0,0
2012/05/14,0,0,0,0
2012/05/15,0,9000,0,9000
2012/05/16,0,0,-2000,-2000
2012/05/17,0,0,0,0
2012/05/18,0,0,0,0
2012/05/21,0,0,0,0
2012/05/22,0,0,0,0
2012/05/23,0,0,-3000,-3000
2012/05/24,0,0,0,0
2012/05/25,0,0,0,0
2012/05/28,0,0,0,0
2012/05/29,0,2000,0,2000
2012/05/30,0,4545,0,4545
2012/05/31,0,0,0,0
2012/06/01,0,0,0,0
2012/06/04,0,5000,0,5000
2012/06/05,0,4000,0,4000
2012/06/06,0,0,-1000,-1000
2012/06/07,0,0,0,0
2012/06/08,0,45000,0,45000
2012/06/11,0,18000,0,18000
2012/06/12,0,53000,0,53000
2012/06/13,0,28000,0,28000
2012/06/14,0,39000,0,39000
2012/06/15,0,0,-1000,-1000
2012/06/18,0,0,0,0
2012/06/19,0,0,0,0
2012/06/20,0,0,0,0
2012/06/21,0,0,-100,-100
2012/06/22,0,119000,0,119000
2012/06/25,0,210000,-14000,196000
2012/06/26,0,193000,-8383,184617
2012/06/27,0,0,0,0
2012/06/28,0,0,-5000,-5000
2012/06/29,0,0,0,0
2012/07/02,0,0,-2000,-2000
2012/07/03,0,3000,0,3000
2012/07/04,0,0,0,0
2012/07/05,0,0,-1000,-1000
2012/07/06,0,0,-2000,-2000
2012/07/09,0,0,0,0
2012/07/10,0,102000,0,102000
2012/07/11,0,0,-5000,-5000
2012/07/12,0,0,0,0
2012/07/13,0,0,0,0
2012/07/16,0,0,0,0
2012/07/17,0,13000,0,13000
2012/07/18,0,0,0,0
2012/07/19,0,0,0,0
2012/07/20,0,0,0,0
2012/07/23,0,0,0,0
2012/07/24,0,0,-150000,-150000
2012/07/25,0,0,0,0
2012/07/26,0,3000,0,3000
2012/07/27,0,0,-200000,-200000
2012/07/30,0,0,-50000,-50000
2012/07/31,0,0,0,0
2012/08/01,0,0,-80000,-80000
2012/08/02,0,0,0,0
2012/08/03,0,0,-100000,-100000
2012/08/06,0,1000,-102000,-101000
2012/08/07,0,0,-67000,-67000
2012/08/08,0,0,-15000,-15000
2012/08/09,0,29000,-10000,19000
2012/08/10,0,0,-6000,-6000
2012/08/13,0,0,-1000,-1000
2012/08/14,0,0,-3000,-3000
2012/08/15,0,0,-14000,-14000
2012/08/16,0,0,-5000,-5000
2012/08/17,0,0,-5080,-5080
2012/08/20,0,0,-3000,-3000
2012/08/21,0,0,-2000,-2000
2012/08/22,0,0,-1000,-1000
2012/08/23,0,1000,0,1000
2012/08/24,0,0,0,0
2012/08/27,0,2000,0,2000
2012/08/28,0,0,0,0
2012/08/29,0,0,-10000,-10000
2012/08/30,0,0,-1000,-1000
2012/08/31,0,2000,-1000,1000
2012/09/03,0,0,-3000,-3000
2012/09/04,0,0,0,0
2012/09/05,0,0,-1000,-1000
2012/09/06,0,0,0,0
2012/09/07,0,1000,-2000,-1000
2012/09/10,0,0,0,0
2012/09/11,0,0,0,0
2012/09/12,0,0,0,0
2012/09/13,0,0,0,0
2012/09/14,0,0,0,0
2012/09/17,0,500,0,500
2012/09/18,0,0,-51000,-51000
2012/09/19,0,0,-29000,-29000
2012/09/20,0,0,-55000,-55000
2012/09/21,0,0,-602000,-602000
2012/09/24,0,0,-66966,-66966
2012/09/25,0,0,0,0
2012/09/26,0,0,-4000,-4000
2012/09/27,0,1200,0,1200
2012/09/28,0,2000,0,2000
2012/10/01,0,1000,0,1000
2012/10/02,0,0,0,0
2012/10/03,0,0,0,0
2012/10/04,0,0,0,0
2012/10/05,0,0,0,0
2012/10/08,0,0,0,0
2012/10/09,0,0,0,0
2012/10/10,0,0,0,0
2012/10/11,0,0,0,0
2012/10/12,0,0,-2000,-2000
2012/10/15,0,0,0,0
2012/10/16,0,0,0,0
2012/10/17,0,0,0,0
2012/10/18,0,0,-63000,-63000
2012/10/19,0,0,0,0
2012/10/22,0,0,0,0
2012/10/23,0,0,0,0
2012/10/24,0,250000,0,250000
2012/10/25,0,100000,-1000,99000
2012/10/26,0,50000,0,50000
2012/10/29,0,100000,-2237,97763
2012/10/30,0,0,0,0
2012/10/31,0,0,0,0
2012/11/01,0,0,0,0
2012/11/02,0,0,-1000,-1000
2012/11/05,0,0,0,0
2012/11/06,0,0,0,0
2012/11/07,0,0,0,0
2012/11/08,0,0,0,0
2012/11/09,0,0,0,0
2012/11/12,0,0,0,0
2012/11/13,0,1000,0,1000
2012/11/14,0,0,0,0
2012/11/15,0,0,0,0
2012/11/16,0,0,0,0
2012/11/19,0,0,0,0
2012/11/20,0,0,0,0
2012/11/21,0,0,0,0
2012/11/22,0,0,-1000,-1000
2012/11/23,0,0,0,0
2012/11/26,0,0,0,0
2012/11/27,0,0,0,0
2012/11/28,0,15000,-1000,14000
2012/11/29,0,0,0,0
2012/11/30,0,0,-2000,-2000
2012/12/03,0,0,0,0
2012/12/04,0,0,-2000,-2000
2012/12/05,0,0,0,0
2012/12/06,0,0,0,0
2012/12/07,0,0,0,0
2012/12/10,0,0,-4000,-4000
2012/12/11,0,0,0,0
2012/12/12,0,0,0,0
2012/12/13,0,0,-1000,-1000
2012/12/14,0,0,-1000,-1000
2012/12/17,0,0,0,0
2012/12/18,0,0,0,0
2012/12/19,0,0,0,0
2012/12/20,0,0,-1000,-1000
2012/12/21,0,0,-12000,-12000
2012/12/24,0,0,0,0
2012/12/25,0,0,0,0
2012/12/26,0,100000,0,100000
2012/12/27,0,0,0,0
2012/12/28,0,0,0,0
2012/12/31,0,0,0,0
2013/01/01,0,0,0,0
2013/01/02,0,0,0,0
2013/01/03,0,0,-1000,-1000
2013/01/04,0,163000,-5000,158000
2013/01/07,0,327000,-8000,319000
2013/01/08,0,335000,0,335000
2013/01/09,0,50000,-250000,-200000
2013/01/10,0,269000,0,269000
2013/01/11,0,229000,-1000,228000
2013/01/14,0,25000,-80000,-55000
2013/01/15,0,45000,-71000,-26000
2013/01/16,0,0,-105000,-105000
2013/01/17,0,29384,-1000,28384
2013/01/18,0,201000,0,201000
2013/01/21,0,0,-6000,-6000
2013/01/22,0,0,-1000,-1000
2013/01/23,0,242000,-1000,241000
2013/01/24,0,102000,-3000,99000
2013/01/25,0,0,-2000,-2000
2013/01/28,0,0,0,0
2013/01/29,0,0,0,0
2013/01/30,0,0,0,0
2013/01/31,0,2000,-1000,1000
2013/02/01,0,0,-122000,-122000
2013/02/04,0,57000,-109000,-52000
2013/02/05,0,52000,0,52000
2013/02/06,0,1000,-224000,-223000
2013/02/07,0,0,0,0
2013/02/08,0,0,0,0
2013/02/11,0,0,0,0
2013/02/12,0,0,0,0
2013/02/13,0,0,0,0
2013/02/14,0,0,0,0
2013/02/15,0,0,0,0
2013/02/18,0,0,0,0
2013/02/19,0,0,-2000,-2000
2013/02/20,0,0,-200000,-200000
2013/02/21,0,0,-291000,-291000
2013/02/22,0,0,-4000,-4000
2013/02/25,0,0,-408000,-408000
2013/02/26,0,0,-1000,-1000
2013/02/27,0,0,0,0
2013/02/28,0,0,0,0
2013/03/01,0,0,0,0
2013/03/04,0,0,-206000,-206000
2013/03/05,0,0,-397000,-397000
2013/03/06,0,0,-816000,-816000
2013/03/07,0,0,-24000,-24000
2013/03/08,0,0,-203000,-203000
2013/03/11,0,0,-2000,-2000
2013/03/12,0,0,0,0
2013/03/13,0,0,-2000,-2000
2013/03/14,0,0,-2000,-2000
2013/03/15,0,11000,-2000,9000
2013/03/18,0,0,-4000,-4000
2013/03/19,0,0,0,0
2013/03/20,0,500,0,500
2013/03/21,0,0,0,0
2013/03/22,0,0,-1000,-1000
2013/03/25,0,0,-277000,-277000
2013/03/26,0,0,0,0
2013/03/27,0,0,-13000,-13000
2013/03/28,0,0,0,0
2013/03/29,0,0,0,0
2013/04/01,0,0,-1000,-1000
2013/04/02,0,0,0,0
2013/04/03,0,0,0,0
2013/04/04,0,0,0,0
2013/04/05,0,0,0,0
2013/04/08,0,0,0,0
2013/04/09,0,0,-183000,-183000
2013/04/10,0,0,-212000,-212000
2013/04/11,0,0,0,0
2013/04/12,0,0,-240000,-240000
2013/04/15,0,0,-1000,-1000
2013/04/16,0,0,-85000,-85000
2013/04/17,0,0,-133000,-133000
2013/04/18,0,0,0,0
2013/04/19,0,986,0,986
2013/04/22,0,0,0,0
2013/04/23,0,0,-5000,-5000
2013/04/24,0,0,0,0
2013/04/25,0,0,-101000,-101000
2013/04/26,0,0,-2000,-2000
2013/04/29,0,0,0,0
2013/04/30,0,0,0,0
2013/05/01,0,0,0,0
2013/05/02,0,0,0,0
2013/05/03,0,0,-3000,-3000
2013/05/06,0,0,-1000,-1000
2013/05/07,0,0,0,0
2013/05/08,0,0,0,0
2013/05/09,0,0,-2000,-2000
2013/05/10,0,0,0,0
2013/05/13,0,0,-3000,-3000
2013/05/14,0,0,-2000,-2000
2013/05/15,0,0,0,0
2013/05/16,0,0,0,0
2013/05/17,0,0,-19000,-19000
2013/05/20,0,0,-1000,-1000
2013/05/21,0,0,0,0
2013/05/22,0,0,-4000,-4000
2013/05/23,0,0,-1000,-1000
2013/05/24,0,0,-1000,-1000
2013/05/27,0,0,-1000,-1000
2013/05/28,0,0,0,0
2013/05/29,0,0,0,0
2013/05/30,0,1000,0,1000
2013/05/31,0,1000,0,1000
2013/06/03,0,0,0,0
2013/06/04,0,0,0,0
2013/06/05,0,0,0,0
2013/06/06,0,0,0,0
2013/06/07,0,1000,0,1000
2013/06/10,0,0,0,0
2013/06/11,0,0,-27000,-27000
2013/06/12,0,0,0,0
2013/06/13,0,0,-26000,-26000
2013/06/14,0,0,0,0
2013/06/17,0,0,0,0
2013/06/18,0,0,-1000,-1000
2013/06/19,0,0,-30000,-30000
2013/06/20,0,0,-30000,-30000
2013/06/21,0,1000,-17000,-16000
2013/06/24,0,1000,-1000,0
2013/06/25,0,0,-61000,-61000
2013/06/26,0,0,-2000,-2000
2013/06/27,0,0,-1000,-1000
2013/06/28,0,1000,0,1000
2013/07/01,0,0,-1000,-1000
2013/07/02,0,0,0,0
2013/07/03,0,0,0,0
2013/07/04,0,3000,0,3000
2013/07/05,0,51000,0,51000
2013/07/08,0,0,0,0
2013/07/09,0,0,0,0
2013/07/10,0,0,0,0
2013/07/11,0,5579,0,5579
2013/07/12,0,0,0,0
2013/07/15,0,0,0,0
2013/07/16,0,0,0,0
2013/07/17,0,0,0,0
2013/07/18,0,1000,0,1000
2013/07/19,0,0,0,0
2013/07/22,0,0,0,0
2013/07/23,0,0,0,0
2013/07/24,0,0,0,0
2013/07/25,0,0,0,0
2013/07/26,0,0,0,0
2013/07/29,0,0,0,0
2013/07/30,0,13000,0,13000
2013/07/31,0,0,0,0
2013/08/01,0,0,0,0
2013/08/02,0,0,0,0
2013/08/05,0,0,-3000,-3000
2013/08/06,0,0,0,0
2013/08/07,0,0,0,0
2013/08/08,0,0,0,0
2013/08/09,0,0,0,0
2013/08/12,0,0,0,0
2013/08/13,0,0,0,0
2013/08/14,0,0,0,0
2013/08/15,0,0,0,0
2013/08/16,0,0,-8000,-8000
2013/08/19,0,1000,0,1000
2013/08/20,0,0,0,0
2013/08/21,0,0,0,0
2013/08/22,0,1000,0,1000
2013/08/23,0,1000,0,1000
2013/08/26,0,2000,0,2000
2013/08/27,0,0,0,0
2013/08/28,0,1000,0,1000
2013/08/29,0,0,0,0
2013/08/30,0,1000,-1000,0
2013/09/02,0,0,0,0
2013/09/03,0,0,-154,-154
2013/09/04,0,0,0,0
2013/09/05,0,0,-1000,-1000
2013/09/06,0,1000,0,1000
2013/09/09,0,819000,0,819000
2013/09/10,0,1134000,0,1134000
2013/09/11,0,890000,0,890000
2013/09/12,0,40000,-22000,18000
2013/09/13,0,56000,-22000,34000
2013/09/16,0,0,0,0
2013/09/17,0,0,0,0
2013/09/18,0,202000,0,202000
2013/09/19,0,0,0,0
2013/09/20,0,0,0,0
2013/09/23,0,838000,0,838000
2013/09/24,0,500,0,500
2013/09/25,0,1011000,0,1011000
2013/09/26,0,361000,0,361000
2013/09/27,0,77000,0,77000
2013/09/30,0,457000,-600000,-143000
2013/10/01,0,0,-596000,-596000
2013/10/02,0,2000,0,2000
2013/10/03,0,41000,-520000,-479000
2013/10/04,0,0,-171000,-171000
2013/10/07,0,249000,-300000,-51000
2013/10/08,0,0,0,0
2013/10/09,0,609000,-379000,230000
2013/10/10,0,0,0,0
2013/10/11,0,0,0,0
2013/10/14,0,0,-450000,-450000
2013/10/15,0,0,0,0
2013/10/16,0,0,0,0
2013/10/17,0,0,0,0
2013/10/18,0,0,0,0
2013/10/21,0,0,-794000,-794000
2013/10/22,0,3000,-184000,-181000
2013/10/23,0,0,0,0
2013/10/24,0,0,0,0
2013/10/25,0,0,0,0
2013/10/28,0,0,0,0
2013/10/29,0,0,0,0
2013/10/30,0,0,0,0
2013/10/31,0,1000,0,1000
2013/11/01,0,0,0,0
2013/11/04,0,0,-2000,-2000
2013/11/05,0,0,0,0
2013/11/06,0,0,-240000,-240000
2013/11/07,0,0,0,0
2013/11/08,0,0,0,0
2013/11/11,0,0,0,0
2013/11/12,0,0,0,0
2013/11/13,0,1000,0,1000
2013/11/14,0,0,0,0
2013/11/15,0,0,0,0
2013/11/18,0,0,0,0
2013/11/19,0,0,0,0
2013/11/20,0,0,0,0
2013/11/21,0,0,0,0
2013/11/22,0,0,-241000,-241000
2013/11/25,0,0,-8420,-8420
2013/11/26,0,123000,0,123000
2013/11/27,0,0,0,0
2013/11/28,0,0,0,0
2013/11/29,0,187000,0,187000
2013/12/02,0,228000,0,228000
2013/12/03,0,333000,0,333000
2013/12/04,0,0,-1000,-1000
2013/12/05,0,0,0,0
2013/12/06,0,172000,0,172000
2013/12/09,0,0,0,0
2013/12/10,0,0,-150000,-150000
2013/12/11,0,0,0,0
2013/12/12,0,0,0,0
2013/12/13,0,0,0,0
2013/12/16,0,0,0,0
2013/12/17,0,0,-2000,-2000
2013/12/18,0,0,0,0
2013/12/19,0,0,0,0
2013/12/20,0,0,-2000,-2000
2013/12/23,0,469000,0,469000
2013/12/24,0,0,-3000,-3000
2013/12/25,0,156000,-2000,154000
2013/12/26,0,0,0,0
2013/12/27,0,2000,0,2000
2013/12/30,0,32000,0,32000
2013/12/31,0,120000,-1000,119000
2014/01/02,0,32000,-1000,31000
2014/01/03,0,0,0,0
2014/01/06,0,0,-1000,-1000
2014/01/07,0,0,0,0
2014/01/08,0,1000,0,1000
2014/01/09,0,0,0,0
2014/01/10,0,0,0,0
2014/01/13,0,0,0,0
2014/01/14,0,0,0,0
2014/01/15,0,1000,0,1000
2014/01/16,0,0,0,0
2014/01/17,0,0,-2000,-2000
2014/01/20,0,0,0,0
2014/01/21,0,0,-1000,-1000
2014/01/22,0,0,0,0
2014/01/23,0,0,0,0
2014/01/24,0,0,-1000,-1000
2014/01/27,0,0,0,0
2014/02/05,0,0,0,0
2014/02/06,0,0,0,0
2014/02/07,0,0,0,0
2014/02/10,0,0,0,0
2014/02/11,0,0,0,0
2014/02/12,0,0,0,0
2014/02/13,0,2372,0,2372
2014/02/14,0,0,0,0
2014/02/17,0,0,-178000,-178000
2014/02/18,0,0,-192000,-192000
2014/02/19,0,0,-208000,-208000
2014/02/20,0,0,-25000,-25000
2014/02/21,0,0,0,0
2014/02/24,0,0,-1000,-1000
2014/02/25,0,0,0,0
2014/02/26,0,0,-150000,-150000
2014/02/27,0,0,-205000,-205000
2014/03/03,0,0,-110000,-110000
2014/03/04,0,0,-300000,-300000
2014/03/05,0,0,-200000,-200000
2014/03/06,0,0,-268000,-268000
2014/03/07,0,0,-346000,-346000
2014/03/10,0,0,-3000,-3000
2014/03/11,0,0,-121000,-121000
2014/03/12,0,0,-31000,-31000
2014/03/13,0,0,-525000,-525000
2014/03/14,0,0,-518000,-518000
2014/03/17,0,0,0,0
2014/03/18,0,0,0,0
2014/03/19,0,0,0,0
2014/03/20,0,0,0,0
2014/03/21,0,0,-1000,-1000
2014/03/24,0,0,-1000,-1000
2014/03/25,0,0,0,0
2014/03/26,0,0,0,0
2014/03/27,0,0,0,0
2014/03/28,0,0,-1000,-1000
2014/03/31,0,0,0,0
2014/04/01,0,0,-1000,-1000
2014/04/02,0,0,-77000,-77000
2014/04/03,0,0,-12000,-12000
2014/04/07,0,0,-2000,-2000
2014/04/08,0,0,0,0
2014/04/09,0,0,0,0
2014/04/10,0,0,-242758,-242758
2014/04/11,0,0,-174000,-174000
2014/04/14,0,0,-200000,-200000
2014/04/15,0,0,0,0
2014/04/16,0,0,0,0
2014/04/17,0,0,0,0
2014/04/18,0,0,0,0
2014/04/21,0,4000,0,4000
2014/04/22,0,0,-128000,-128000
2014/04/23,0,0,0,0
2014/04/24,0,0,0,0
2014/04/25,0,0,0,0
2014/04/28,0,0,0,0
2014/04/29,0,0,0,0
2014/04/30,0,0,-7000,-7000
2014/05/02,0,0,0,0
2014/05/05,0,0,0,0
2014/05/06,0,0,0,0
2014/05/07,0,0,0,0
2014/05/08,0,0,0,0
2014/05/09,0,0,0,0
2014/05/12,0,0,0,0
2014/05/13,0,5000,0,5000
2014/05/14,0,0,0,0
2014/05/15,0,0,0,0
2014/05/16,0,0,0,0
2014/05/19,0,0,-1000,-1000
2014/05/20,0,0,0,0
2014/05/21,0,0,0,0
2014/05/22,0,0,0,0
2014/05/23,0,0,0,0
2014/05/26,0,0,0,0
2014/05/27,0,0,-2000,-2000
2014/05/28,0,0,0,0
2014/05/29,0,0,-1000,-1000
2014/05/30,0,0,0,0
2014/06/03,0,0,0,0
2014/06/04,0,0,0,0
2014/06/05,0,0,-2000,-2000
2014/06/06,0,0,0,0
2014/06/09,0,0,0,0
2014/06/10,0,0,-1000,-1000
2014/06/11,0,0,-2000,-2000
2014/06/12,0,0,-3000,-3000
2014/06/13,0,0,-2000,-2000
2014/06/16,0,1000,-2000,-1000
2014/06/17,0,0,0,0
2014/06/18,0,1000,0,1000
2014/06/19,0,0,0,0
2014/06/20,0,0,-169500,-169500
2014/06/23,0,0,0,0
2014/06/24,0,3000,-1000,2000
2014/06/25,0,0,-1000,-1000
2014/06/26,0,0,0,0
2014/06/27,0,0,0,0
2014/06/30,0,3000,0,3000
2014/07/01,0,0,0,0
2014/07/02,0,8950,0,8950
2014/07/03,0,0,0,0
2014/07/04,0,0,0,0
2014/07/07,0,0,0,0
2014/07/08,0,0,-1000,-1000
2014/07/09,0,0,0,0
2014/07/10,0,0,0,0
2014/07/11,0,0,0,0
2014/07/14,0,0,0,0
2014/07/15,0,0,0,0
2014/07/16,0,0,0,0
2014/07/17,0,2000,0,2000
2014/07/18,0,0,0,0
2014/07/21,0,0,0,0
2014/07/22,0,2000,0,2000
2014/07/23,0,0,0,0
2014/07/24,0,1000,0,1000
2014/07/25,0,1000,-75000,-74000
2014/07/28,0,0,0,0
2014/07/29,0,1000,0,1000
2014/07/30,0,2000,-3000,-1000
2014/07/31,0,5000,0,5000
2014/08/01,0,53000,0,53000
2014/08/04,0,0,0,0
2014/08/05,0,0,0,0
2014/08/06,0,1000,0,1000
2014/08/07,0,4000,0,4000
2014/08/08,0,6000,0,6000
2014/08/11,0,2000,0,2000
2014/08/12,0,0,0,0
2014/08/13,0,1000,0,1000
2014/08/14,0,2000,0,2000
2014/08/15,0,1000,0,1000
2014/08/18,0,0,0,0
2014/08/19,0,1000,0,1000
2014/08/20,0,0,0,0
2014/08/21,0,74000,0,74000
2014/08/22,0,0,0,0
2014/08/25,0,0,0,0
2014/08/26,0,0,0,0
2014/08/27,0,0,0,0
2014/08/28,0,4000,-4000,0
2014/08/29,0,0,0,0
2014/09/01,0,0,0,0
2014/09/02,0,0,0,0
2014/09/03,0,2000,0,2000
2014/09/04,0,1000,0,1000
2014/09/05,0,3000,0,3000
2014/09/09,0,0,0,0
2014/09/10,0,0,0,0
2014/09/11,0,3000,0,3000
2014/09/12,0,3000,0,3000
2014/09/15,0,1000,0,1000
2014/09/16,0,1000,0,1000
2014/09/17,0,2000,0,2000
2014/09/18,0,0,0,0
2014/09/19,0,500,0,500
2014/09/22,0,2000,-362,1638
2014/09/23,0,0,-1000,-1000
2014/09/24,0,0,0,0
2014/09/25,0,0,0,0
2014/09/26,0,0,0,0
2014/09/29,0,0,0,0
2014/09/30,0,3000,0,3000
2014/10/01,0,0,0,0
2014/10/02,0,6000,0,6000
2014/10/03,0,0,0,0
2014/10/06,0,1000,0,1000
2014/10/07,0,0,0,0
2014/10/08,0,1000,0,1000
2014/10/09,0,0,-1000,-1000
2014/10/13,0,0,0,0
2014/10/14,0,0,0,0
2014/10/15,0,0,0,0
2014/10/16,0,0,0,0
2014/10/17,0,0,0,0
2014/10/20,0,0,0,0
2014/10/21,0,5000,0,5000
2014/10/22,0,0,0,0
2014/10/23,0,6000,0,6000
2014/10/24,0,0,0,0
2014/10/27,0,0,0,0
2014/10/28,0,0,0,0
2014/10/29,0,3000,0,3000
2014/10/30,0,0,0,0
2014/10/31,0,0,0,0
2014/11/03,0,0,-3000,-3000
2014/11/04,0,0,0,0
2014/11/05,0,0,0,0
2014/11/06,0,0,0,0
2014/11/07,0,0,0,0
2014/11/10,0,0,0,0
2014/11/11,0,3000,0,3000
2014/11/12,0,2000,0,2000
2014/11/13,0,0,0,0
2014/11/14,0,0,0,0
2014/11/17,0,0,0,0
2014/11/18,0,0,0,0
2014/11/19,0,0,0,0
2014/11/20,0,0,0,0
2014/11/21,0,0,0,0
2014/11/24,0,0,0,0
2014/11/25,0,0,0,0
2014/11/26,0,0,0,0
2014/11/27,0,0,-1000,-1000
2014/11/28,0,0,0,0
2014/12/01,0,0,0,0
2014/12/02,0,0,0,0
2014/12/03,0,0,-2000,-2000
2014/12/04,0,0,0,0
2014/12/05,0,0,-3000,-3000
2014/12/08,0,0,0,0
2014/12/09,0,0,0,0
2014/12/10,0,0,0,0
2014/12/11,0,0,-1760,-1760
2014/12/12,0,0,0,0
2014/12/15,0,0,0,0
2014/12/16,0,0,0,0
2014/12/17,0,0,0,0
2014/12/18,0,0,0,0
2014/12/19,0,0,-2000,-2000
2014/12/22,0,0,0,0
2014/12/23,0,0,0,0
2014/12/24,0,0,0,0
2014/12/25,0,0,0,0
2014/12/26,0,0,0,0
2014/12/29,0,0,0,0
2014/12/30,0,0,0,0
2014/12/31,0,0,0,0
2015/01/01,0,0,0,0
2015/01/02,0,0,0,0
2015/01/05,0,0,0,0
2015/01/06,0,0,0,0
2015/01/07,0,0,-2000,-2000
2015/01/08,0,0,0,0
2015/01/09,0,0,0,0
2015/01/12,0,0,0,0
2015/01/13,0,0,0,0
2015/01/14,0,0,0,0
2015/01/15,0,0,0,0
2015/01/16,0,0,0,0
2015/01/19,0,0,-1000,-1000
2015/01/20,0,0,0,0
2015/01/21,0,0,0,0
2015/01/22,0,0,0,0
2015/01/23,0,0,0,0
2015/01/26,0,0,0,0
2015/01/27,0,0,0,0
2015/01/28,0,0,0,0
2015/01/29,0,0,0,0
2015/01/30,0,0,-4000,-4000
2015/02/02,0,0,0,0
2015/02/03,0,0,0,0
2015/02/04,0,0,0,0
2015/02/05,0,0,0,0
2015/02/06,0,0,0,0
2015/02/09,0,0,0,0
2015/02/10,0,0,0,0
2015/02/11,0,0,0,0
2015/02/12,0,0,0,0
2015/02/13,0,0,-8000,-8000
2015/02/16,0,0,0,0
2015/02/17,0,0,0,0
2015/02/18,0,0,0,0
2015/02/19,0,0,0,0
2015/02/20,0,0,0,0
2015/02/23,0,0,0,0
2015/02/24,0,0,0,0
2015/02/25,0,0,0,0
2015/02/26,0,0,-2000,-2000
2015/02/27,0,0,0,0
2015/03/02,0,0,0,0
2015/03/03,0,0,-1000,-1000
2015/03/04,0,41000,0,41000
2015/03/05,0,0,-1000,-1000
2015/03/06,0,0,0,0
2015/03/09,0,190000,-2000,188000
2015/03/10,0,200000,0,200000
2015/03/11,0,0,0,0
2015/03/12,0,0,-170,-170
2015/03/13,0,0,0,0
2015/03/16,0,2000,0,2000
2015/03/17,0,0,0,0
2015/03/18,0,0,0,0
2015/03/19,0,0,-1000,-1000
2015/03/20,0,1000,-1000,0
2015/03/23,0,0,-1000,-1000
2015/03/24,0,0,-1000,-1000
2015/03/25,0,0,-1000,-1000
2015/03/26,0,0,0,0
2015/03/27,0,0,-27000,-27000
2015/03/30,0,0,0,0
2015/03/31,0,0,0,0
2015/04/01,0,0,0,0
2015/04/02,0,0,0,0
2015/04/03,0,0,0,0
2015/04/06,0,0,0,0
2015/04/07,0,25000,0,25000
2015/04/08,0,25000,0,25000
2015/04/09,0,25000,0,25000
2015/04/10,0,0,0,0
2015/04/13,0,0,0,0
2015/04/14,0,0,0,0
2015/04/15,0,0,-92000,-92000
2015/04/16,0,0,0,0
2015/04/17,0,0,0,0
2015/04/20,0,0,-1000,-1000
2015/04/21,0,0,0,0
2015/04/22,0,0,0,0
2015/04/23,0,0,0,0
2015/04/24,0,0,-1000,-1000
2015/04/27,0,0,0,0
2015/04/28,0,0,0,0
2015/04/29,0,0,0,0
2015/04/30,0,0,-50000,-50000
2015/05/01,0,0,0,0
2015/05/04,0,0,0,0
2015/05/05,0,0,0,0
2015/05/06,0,0,0,0
2015/05/07,0,0,0,0
2015/05/08,0,0,0,0
2015/05/11,0,0,0,0
2015/05/12,0,0,0,0
2015/05/13,0,0,0,0
2015/05/14,0,1000,0,1000
2015/05/15,0,0,0,0
2015/05/18,0,0,0,0
2015/05/19,0,0,0,0
2015/05/20,0,0,0,0
2015/05/21,0,0,0,0
2015/05/22,0,0,0,0
2015/05/25,0,0,0,0
2015/05/26,0,0,0,0
2015/05/27,0,0,0,0
2015/05/28,0,6000,0,6000
2015/05/29,0,0,0,0
2015/06/01,0,0,0,0
2015/06/02,0,0,0,0
2015/06/03,0,0,0,0
2015/06/04,0,1414,-52000,-50586
2015/06/05,0,0,-1000,-1000
2015/06/08,0,8000,0,8000
2015/06/09,0,0,0,0
2015/06/10,0,0,0,0
2015/06/11,0,0,0,0
2015/06/12,0,47000,0,47000
2015/06/15,0,0,0,0
2015/06/16,0,0,0,0
2015/06/17,0,0,0,0
2015/06/18,0,0,0,0
2015/06/19,0,0,0,0
2015/06/22,0,0,-6000,-6000
2015/06/23,0,0,0,0
2015/06/24,0,0,0,0
2015/06/25,0,0,0,0
2015/06/26,0,0,0,0
2015/06/29,0,0,-1000,-1000
2015/06/30,0,0,0,0
2015/07/01,0,0,0,0
2015/07/02,0,0,0,0
2015/07/03,0,0,0,0
2015/07/06,0,0,0,0
2015/07/07,0,0,0,0
2015/07/08,0,0,0,0
2015/07/09,0,0,0,0
2015/07/10,0,0,0,0
2015/07/13,0,0,0,0
2015/07/14,0,0,0,0
2015/07/15,0,4000,0,4000
2015/07/16,0,0,0,0
2015/07/17,0,13000,0,13000
2015/07/20,0,0,0,0
2015/07/21,0,0,-5000,-5000
2015/07/22,0,0,0,0
2015/07/23,0,1000,0,1000
2015/07/24,0,9000,0,9000
2015/07/27,0,0,0,0
2015/07/28,0,7000,0,7000
2015/07/29,0,1000,0,1000
2015/07/30,0,1000,0,1000
2015/07/31,0,0,0,0
2015/08/03,0,2000,0,2000
2015/08/04,0,0,0,0
2015/08/05,0,0,0,0
2015/08/06,0,2000,0,2000
2015/08/07,0,0,-4000,-4000
2015/08/10,0,0,0,0
2015/08/11,0,1000,0,1000
2015/08/12,0,0,0,0
2015/08/13,0,1000,0,1000
2015/08/14,0,0,0,0
2015/08/17,0,0,0,0
2015/08/18,0,0,0,0
2015/08/19,0,0,0,0
2015/08/20,0,0,0,0
2015/08/21,0,0,-47000,-47000
2015/08/24,0,0,0,0
2015/08/25,0,1299,0,1299
2015/08/26,0,0,0,0
2015/08/27,0,0,0,0
2015/08/28,0,2000,0,2000
2015/08/31,0,0,-3000,-3000
2015/09/01,0,5000,-4000,1000
2015/09/02,0,0,0,0
2015/09/03,0,4000,0,4000
2015/09/04,0,500,-1000,-500
2015/09/07,0,3000,-200000,-197000
2015/09/08,0,12000,-163000,-151000
2015/09/09,0,0,0,0
2015/09/10,0,0,0,0
2015/09/11,0,52000,0,52000
2015/09/14,0,1000,0,1000
2015/09/15,0,1000,0,1000
2015/09/16,0,0,-24380,-24380
2015/09/17,0,0,0,0
2015/09/18,0,0,-51000,-51000
2015/09/21,0,1000,-3000,-2000
2015/09/22,0,0,-432,-432
2015/09/23,0,0,0,0
2015/09/24,0,0,0,0
2015/09/25,0,49000,0,49000
2015/09/28,0,0,0,0
2015/09/29,0,0,0,0
2015/09/30,0,0,0,0
2015/10/01,0,39000,0,39000
2015/10/02,0,3000,0,3000
2015/10/05,0,0,0,0
2015/10/06,0,0,0,0
2015/10/07,0,7000,0,7000
2015/10/08,0,255000,0,255000
2015/10/09,0,0,0,0
2015/10/12,0,0,0,0
2015/10/13,0,0,0,0
2015/10/14,0,237000,0,237000
2015/10/15,0,0,0,0
2015/10/16,0,456000,0,456000
2015/10/19,0,0,0,0
2015/10/20,0,0,0,0
2015/10/21,0,0,0,0
2015/10/22,0,275000,0,275000
2015/10/23,0,224000,0,224000
2015/10/26,0,0,0,0
2015/10/27,0,0,0,0
2015/10/28,0,0,0,0
2015/10/29,0,0,0,0
2015/10/30,0,0,0,0
2015/11/02,0,0,-27000,-27000
2015/11/03,0,1000,-26000,-25000
2015/11/04,0,3000,0,3000
2015/11/05,0,0,0,0
2015/11/06,0,0,0,0
2015/11/09,0,0,-82000,-82000
2015/11/10,0,0,0,0
2015/11/11,0,0,0,0
2015/11/12,0,0,0,0
2015/11/13,0,0,-49000,-49000
2015/11/16,0,0,0,0
2015/11/17,0,0,0,0
2015/11/18,0,0,0,0
2015/11/19,0,0,0,0
2015/11/20,0,0,0,0
2015/11/23,0,0,0,0
2015/11/24,0,0,0,0
2015/11/25,0,0,0,0
2015/11/26,0,0,0,0
2015/11/27,0,0,0,0
2015/11/30,0,0,-20774,-20774
2015/12/01,0,0,-768,-768
2015/12/02,0,0,0,0
2015/12/03,0,116000,0,116000
2015/12/04,0,605000,0,605000
2015/12/07,0,0,0,0
2015/12/08,0,105000,0,105000
2015/12/09,0,0,0,0
2015/12/10,0,0,0,0
2015/12/11,0,0,0,0
2015/12/14,0,2507,0,2507
2015/12/15,0,0,0,0
2015/12/16,0,0,0,0
2015/12/17,0,0,0,0
2015/12/18,0,0,0,0
2015/12/21,0,0,0,0
2015/12/22,0,0,0,0
2015/12/23,0,0,0,0
2015/12/24,0,0,0,0
2015/12/25,0,0,0,0
2015/12/28,0,0,-6000,-6000
2015/12/29,0,0,-7000,-7000
2015/12/30,0,0,0,0
2015/12/31,0,0,0,0
2016/01/01,0,0,0,0
2016/01/04,0,0,0,0
2016/01/05,0,0,0,0
2016/01/06,0,0,0,0
2016/01/07,0,0,0,0
2016/01/08,0,0,0,0
2016/01/11,0,0,0,0
2016/01/12,0,0,0,0
2016/01/13,0,0,0,0
2016/01/14,0,0,0,0
2016/01/15,0,0,-1000,-1000
2016/01/18,0,0,0,0
2016/01/19,0,0,0,0
2016/01/20,0,0,-1000,-1000
2016/01/21,0,0,0,0
2016/01/22,0,0,0,0
2016/01/25,0,0,0,0
2016/01/26,0,0,0,0
2016/01/27,0,0,0,0
2016/01/28,0,0,0,0
2016/01/29,0,0,0,0
2016/02/01,0,0,0,0
2016/02/02,0,0,0,0
2016/02/03,0,0,0,0
2016/02/04,0,0,0,0
2016/02/05,0,0,0,0
2016/02/08,0,0,0,0
2016/02/09,0,0,0,0
2016/02/10,0,0,0,0
2016/02/11,0,0,0,0
2016/02/12,0,0,0,0
2016/02/15,0,0,-2741,-2741
2016/02/16,0,0,0,0
2016/02/17,0,0,0,0
2016/02/18,0,0,-74000,-74000
2016/02/19,0,2000,-274000,-272000
2016/02/22,0,0,-573000,-573000
2016/02/23,0,0,-351000,-351000
2016/02/24,0,0,-497000,-497000
2016/02/25,0,0,-153000,-153000
2016/02/26,0,0,-350000,-350000
2016/02/29,0,0,0,0
2016/03/01,0,0,0,0
2016/03/02,0,0,-2000,-2000
2016/03/03,0,0,0,0
2016/03/04,0,0,0,0
2016/03/07,0,0,0,0
2016/03/08,0,0,0,0
2016/03/09,0,0,0,0
2016/03/10,0,0,0,0
2016/03/11,0,0,0,0
2016/03/14,0,0,0,0
2016/03/15,0,0,0,0
2016/03/16,0,1000,0,1000
2016/03/17,0,0,0,0
2016/03/18,0,0,-2000,-2000
2016/03/21,0,0,0,0
2016/03/22,0,0,0,0
2016/03/23,0,0,0,0
2016/03/24,0,0,0,0
2016/03/25,0,0,0,0
2016/03/28,0,0,0,0
2016/03/29,0,0,0,0
2016/03/30,0,0,0,0
2016/03/31,0,0,0,0
2016/04/01,0,0,0,0
2016/04/04,0,0,0,0
2016/04/05,0,0,0,0
2016/04/06,0,0,0,0
2016/04/07,0,0,0,0
2016/04/08,0,0,0,0
2016/04/11,0,0,0,0
2016/04/12,0,0,-1000,-1000
2016/04/13,0,0,0,0
2016/04/14,0,0,0,0
2016/04/15,0,12000,0,12000
2016/04/18,0,0,0,0
2016/04/19,0,0,0,0
2016/04/20,0,0,0,0
2016/04/21,0,0,0,0
2016/04/22,0,0,0,0
2016/04/25,0,0,-1000,-1000
2016/04/26,0,0,0,0
2016/04/27,0,0,0,0
2016/04/28,0,0,0,0
2016/04/29,0,0,0,0
2016/05/02,0,0,0,0
2016/05/03,0,0,0,0
2016/05/04,0,0,0,0
2016/05/05,0,0,0,0
2016/05/06,0,0,0,0
2016/05/09,0,0,0,0
2016/05/10,0,0,-581,-581
2016/05/11,0,0,0,0
2016/05/12,0,0,0,0
2016/05/13,0,0,0,0
2016/05/16,0,0,0,0
2016/05/17,0,0,0,0
2016/05/18,0,0,0,0
2016/05/19,0,0,0,0
2016/05/20,0,0,0,0
2016/05/23,0,0,0,0
2016/05/24,0,0,0,0
2016/05/25,0,0,0,0
2016/05/26,0,0,0,0
2016/05/27,0,0,0,0
2016/05/30,0,0,0,0
2016/05/31,0,0,0,0
2016/06/01,0,0,0,0
2016/06/02,0,0,0,0
2016/06/03,0,0,0,0
2016/06/06,0,0,0,0
2016/06/07,0,0,0,0
2016/06/08,0,0,0,0
2016/06/09,0,0,0,0
2016/06/10,0,0,0,0
2016/06/13,0,0,0,0
2016/06/14,0,0,0,0
2016/06/15,0,0,0,0
2016/06/16,0,0,0,0
2016/06/17,0,2000,0,2000
2016/06/20,0,0,0,0
2016/06/21,0,0,0,0
2016/06/22,0,0,0,0
2016/06/23,0,0,0,0
2016/06/24,0,0,-1000,-1000
2016/06/27,0,0,-1000,-1000
2016/06/28,0,0,0,0
2016/06/29,0,0,0,0
2016/06/30,0,0,0,0
2016/07/01,0,0,0,0
2016/07/04,0,0,0,0
2016/07/05,0,0,0,0
2016/07/06,0,0,0,0
2016/07/07,0,0,0,0
2016/07/08,0,0,0,0
2016/07/11,0,0,0,0
2016/07/12,0,0,0,0
2016/07/13,0,0,0,0
2016/07/14,0,0,-1000,-1000
2016/07/15,0,0,0,0
2016/07/18,0,0,0,0
2016/07/19,0,0,-1000,-1000
2016/07/20,0,0,-1000,-1000
2016/07/21,0,0,-1000,-1000
2016/07/22,0,0,-1000,-1000
2016/07/25,0,0,0,0
2016/07/26,0,0,0,0
2016/07/27,0,0,0,0
2016/07/28,0,0,0,0
2016/07/29,0,958,-1000,-42
2016/08/01,0,0,0,0
2016/08/02,0,0,0,0
2016/08/03,0,0,0,0
2016/08/04,0,0,-1000,-1000
2016/08/05,0,0,0,0
2016/08/08,0,0,0,0
2016/08/09,0,0,0,0
2016/08/10,0,0,0,0
2016/08/11,0,1000,0,1000
2016/08/12,0,0,0,0
2016/08/15,0,0,0,0
2016/08/16,0,0,-1000,-1000
2016/08/17,0,0,0,0
2016/08/18,0,0,0,0
2016/08/19,0,0,0,0
2016/08/22,0,0,0,0
2016/08/23,0,0,-1000,-1000
2016/08/24,0,0,0,0
2016/08/25,0,0,0,0
2016/08/26,0,0,0,0
2016/08/29,0,0,0,0
2016/08/30,0,0,-1000,-1000
2016/08/31,0,0,0,0
2016/09/01,0,0,0,0
2016/09/02,0,0,0,0
2016/09/05,0,0,0,0
2016/09/06,0,0,0,0
2016/09/07,0,0,0,0
2016/09/08,0,0,-1000,-1000
2016/09/09,0,0,0,0
2016/09/12,0,0,0,0
2016/09/13,0,0,-35000,-35000
2016/09/14,0,0,-45407,-45407
2016/09/15,0,0,0,0
2016/09/16,0,0,0,0
2016/09/19,0,0,0,0
2016/09/20,0,0,0,0
2016/09/21,0,0,0,0
2016/09/22,0,0,0,0
2016/09/23,0,0,0,0
2016/09/26,0,0,0,0
2016/09/27,0,0,0,0
2016/09/28,0,0,0,0
2016/09/29,0,0,0,0
2016/09/30,0,1008,0,1008
2016/10/03,0,0,0,0
2016/10/04,0,0,0,0
2016/10/05,0,0,0,0
2016/10/06,0,0,0,0
2016/10/07,0,0,0,0
2016/10/10,0,0,0,0
2016/10/11,0,0,0,0
2016/10/12,0,0,0,0
2016/10/13,0,0,0,0
2016/10/14,0,0,0,0
2016/10/17,0,0,0,0
2016/10/18,0,0,0,0
2016/10/19,0,0,0,0
2016/10/20,0,0,-7000,-7000
2016/10/21,0,0,-7000,-7000
2016/10/24,0,0,0,0
2016/10/25,0,0,0,0
2016/10/26,0,0,0,0
2016/10/27,0,0,0,0
2016/10/28,0,0,0,0
2016/10/31,0,0,0,0
2016/11/01,0,0,0,0
2016/11/02,0,233,0,233
2016/11/03,0,0,0,0
2016/11/04,0,0,0,0
2016/11/07,0,0,0,0
2016/11/08,0,0,0,0
2016/11/09,0,0,0,0
2016/11/10,0,0,0,0
2016/11/11,0,380000,0,380000
2016/11/14,0,220000,0,220000
2016/11/15,0,0,0,0
2016/11/16,0,0,0,0
2016/11/17,0,0,0,0
2016/11/18,0,0,0,0
2016/11/21,0,0,-50000,-50000
2016/11/22,0,630000,0,630000
2016/11/23,0,85000,0,85000
2016/11/24,0,0,0,0
2016/11/25,0,0,-150000,-150000
2016/11/28,0,0,0,0
2016/11/29,0,0,-400000,-400000
2016/11/30,0,0,0,0
2016/12/01,0,116000,0,116000
2016/12/02,0,0,0,0
2016/12/05,0,0,0,0
2016/12/06,0,0,0,0
2016/12/07,0,0,0,0
2016/12/08,0,0,0,0
2016/12/09,0,0,0,0
2016/12/12,0,0,0,0
2016/12/13,0,0,0,0
2016/12/14,0,0,0,0
2016/12/15,0,0,0,0
2016/12/16,0,80000,0,80000
2016/12/19,0,0,0,0
2016/12/20,0,0,0,0
2016/12/21,0,63000,0,63000
2016/12/22,0,0,0,0
2016/12/23,0,0,0,0
2016/12/26,0,0,0,0
2016/12/27,0,0,0,0
2016/12/28,0,0,0,0
2016/12/29,0,0,0,0
2016/12/30,0,0,0,0
2017/01/02,0,0,0,0
2017/01/03,0,0,0,0
2017/01/04,0,0,0,0
2017/01/05,0,19000,0,19000
2017/01/06,0,13000,0,13000
2017/01/09,0,0,0,0
2017/01/10,0,0,0,0
2017/01/11,0,0,0,0
2017/01/12,0,0,0,0
2017/01/13,0,0,0,0
2017/01/16,0,0,0,0
2017/01/17,0,0,0,0
2017/01/18,0,0,0,0
2017/01/19,0,0,0,0
2017/01/20,0,0,0,0
2017/01/23,0,0,-374,-374
2017/01/24,0,0,0,0
2017/01/25,0,0,0,0
2017/01/26,0,0,0,0
2017/01/27,0,0,0,0
2017/01/30,0,0,0,0
2017/01/31,0,0,0,0
2017/02/01,0,0,0,0
2017/02/02,0,0,0,0
2017/02/03,0,4000,0,4000
2017/02/06,0,0,0,0
2017/02/07,0,0,0,0
2017/02/08,0,0,0,0
2017/02/09,0,0,0,0
2017/02/10,0,0,0,0
2017/02/13,0,200000,0,200000
2017/02/14,0,0,0,0
2017/02/15,0,0,0,0
2017/02/16,0,180000,0,180000
2017/02/17,0,195000,0,195000
2017/02/20,0,0,0,0
2017/02/21,0,0,0,0
2017/02/22,0,0,0,0
2017/02/23,0,0,0,0
2017/02/24,0,170000,0,170000
2017/02/27,0,0,0,0
2017/02/28,0,0,0,0
2017/03/01,0,0,0,0
2017/03/02,0,0,0,0
2017/03/03,0,0,-330000,-330000
2017/03/06,0,0,0,0
2017/03/07,0,0,0,0
2017/03/08,0,0,0,0
2017/03/09,0,0,0,0
2017/03/10,0,0,0,0
2017/03/13,0,0,-325000,-325000
2017/03/14,0,0,0,0
2017/03/15,0,0,0,0
2017/03/16,0,177000,-180000,-3000
2017/03/17,0,50000,-306000,-256000
2017/03/20,0,0,-24000,-24000
2017/03/21,0,30000,-22600,7400
2017/03/22,0,40000,0,40000
2017/03/23,0,0,0,0
2017/03/24,0,0,0,0
2017/03/27,0,0,0,0
2017/03/28,0,30000,0,30000
2017/03/29,0,0,0,0
2017/03/30,0,0,0,0
2017/03/31,0,0,0,0
2017/04/03,0,0,0,0
2017/04/04,0,0,0,0
2017/04/05,0,0,0,0
2017/04/06,0,0,0,0
2017/04/07,0,0,0,0
2017/04/10,0,0,0,0
2017/04/11,0,0,0,0
2017/04/12,0,0,0,0
2017/04/13,0,0,0,0
2017/04/14,0,0,0,0
2017/04/17,0,0,0,0
2017/04/18,0,0,0,0
2017/04/19,0,0,0,0
