Date,Open,Buy,Sell,Total
2007/01/02,0,0,-1629000,-1629000
2007/01/03,0,0,-795,-795
2007/01/04,0,0,-1300000,-1300000
2007/01/05,0,0,0,0
2007/01/08,0,0,0,0
2007/01/09,0,0,0,0
2007/01/10,0,0,0,0
2007/01/11,0,200000,0,200000
2007/01/12,0,1000000,0,1000000
2007/01/15,0,1080000,0,1080000
2007/01/16,0,300000,0,300000
2007/01/17,0,345000,0,345000
2007/01/18,0,500000,0,500000
2007/01/19,0,180000,-6000,174000
2007/01/22,0,48000,-1000,47000
2007/01/23,0,30000,0,30000
2007/01/24,0,24000,0,24000
2007/01/25,0,26000,-5000,21000
2007/01/26,0,0,0,0
2007/01/29,0,0,0,0
2007/01/30,0,81000,0,81000
2007/01/31,0,0,0,0
2007/02/01,0,2906000,0,2906000
2007/02/02,0,1100000,0,1100000
2007/02/05,0,649000,0,649000
2007/02/06,0,796000,-195000,601000
2007/02/07,0,0,-300000,-300000
2007/02/08,0,0,-20000,-20000
2007/02/09,0,500000,-510000,-10000
2007/02/12,0,0,0,0
2007/02/13,0,375000,-200000,175000
2007/02/14,0,225000,0,225000
2007/02/15,0,0,0,0
2007/02/16,0,0,0,0
2007/02/19,0,0,0,0
2007/02/20,0,0,0,0
2007/02/21,0,0,0,0
2007/02/22,0,0,0,0
2007/02/23,0,0,0,0
2007/02/26,0,0,-680000,-680000
2007/02/27,0,2376000,-263000,2113000
2007/02/28,0,0,0,0
2007/03/01,0,0,-179000,-179000
2007/03/02,0,0,-400000,-400000
2007/03/05,0,850000,-1911000,-1061000
2007/03/06,0,0,-400000,-400000
2007/03/07,0,0,-180000,-180000
2007/03/08,0,0,-1050000,-1050000
2007/03/09,0,0,-1810000,-1810000
2007/03/12,0,0,-1150000,-1150000
2007/03/13,0,0,-130000,-130000
2007/03/14,0,0,-110000,-110000
2007/03/15,0,0,-386000,-386000
2007/03/16,0,0,-4000,-4000
2007/03/19,0,0,-115000,-115000
2007/03/20,0,1200000,-235993,964007
2007/03/21,0,0,0,0
2007/03/22,0,2000000,0,2000000
2007/03/23,0,1000000,0,1000000
2007/03/26,0,1000,0,1000
2007/03/27,0,0,-1600000,-1600000
2007/03/28,0,0,-600000,-600000
2007/03/29,0,0,-2300000,-2300000
2007/03/30,0,0,-2450000,-2450000
2007/04/02,0,0,0,0
2007/04/03,0,365000,-50000,315000
2007/04/04,0,0,0,0
2007/04/05,0,0,0,0
2007/04/06,0,0,0,0
2007/04/09,0,0,0,0
2007/04/10,0,0,0,0
2007/04/11,0,0,-850000,-850000
2007/04/12,0,0,-5000,-5000
2007/04/13,0,0,0,0
2007/04/16,0,0,0,0
2007/04/17,0,0,0,0
2007/04/18,0,0,-49000,-49000
2007/04/19,0,0,0,0
2007/04/20,0,7000,0,7000
2007/04/23,0,0,-200000,-200000
2007/04/24,0,0,0,0
2007/04/25,0,0,0,0
2007/04/26,0,0,-915000,-915000
2007/04/27,0,0,0,0
2007/04/30,0,0,-800000,-800000
2007/05/01,0,0,0,0
2007/05/02,0,0,-1800000,-1800000
2007/05/03,0,0,-240000,-240000
2007/05/04,0,0,-2177000,-2177000
2007/05/07,0,0,-160622,-160622
2007/05/08,0,0,-40000,-40000
2007/05/09,0,0,-350000,-350000
2007/05/10,0,0,-450000,-450000
2007/05/11,0,0,0,0
2007/05/14,0,0,-100000,-100000
2007/05/15,0,28000,0,28000
2007/05/16,0,0,0,0
2007/05/17,0,0,0,0
2007/05/18,0,0,0,0
2007/05/21,0,0,0,0
2007/05/22,0,0,0,0
2007/05/23,0,0,0,0
2007/05/24,0,0,0,0
2007/05/25,0,0,0,0
2007/05/28,0,0,-50000,-50000
2007/05/29,0,5000,0,5000
2007/05/30,0,0,-437000,-437000
2007/05/31,0,0,0,0
2007/06/01,0,0,0,0
2007/06/04,0,0,0,0
2007/06/05,0,0,0,0
2007/06/06,0,0,0,0
2007/06/07,0,0,0,0
2007/06/08,0,0,0,0
2007/06/11,0,0,0,0
2007/06/12,0,0,0,0
2007/06/13,0,0,0,0
2007/06/14,0,0,0,0
2007/06/15,0,27000,0,27000
2007/06/18,0,0,0,0
2007/06/19,0,0,0,0
2007/06/20,0,0,0,0
2007/06/21,0,0,0,0
2007/06/22,0,0,0,0
2007/06/25,0,18000,0,18000
2007/06/26,0,0,0,0
2007/06/27,0,0,0,0
2007/06/28,0,0,0,0
2007/06/29,0,0,0,0
2007/07/02,0,0,0,0
2007/07/03,0,0,0,0
2007/07/04,0,0,0,0
2007/07/05,0,0,-54000,-54000
2007/07/06,0,0,0,0
2007/07/09,0,500000,-3000,497000
2007/07/10,0,1000000,0,1000000
2007/07/11,0,0,0,0
2007/07/12,0,0,0,0
2007/07/13,0,0,0,0
2007/07/16,0,0,0,0
2007/07/17,0,0,0,0
2007/07/18,0,0,0,0
2007/07/19,0,0,-500000,-500000
2007/07/20,0,2000,0,2000
2007/07/23,0,0,0,0
2007/07/24,0,0,0,0
2007/07/25,0,0,0,0
2007/07/26,0,0,0,0
2007/07/27,0,0,0,0
2007/07/30,0,0,0,0
2007/07/31,0,0,0,0
2007/08/01,0,0,0,0
2007/08/02,0,0,0,0
2007/08/03,0,0,0,0
2007/08/06,0,0,0,0
2007/08/07,0,0,0,0
2007/08/08,0,0,0,0
2007/08/09,0,0,0,0
2007/08/10,0,0,-97000,-97000
2007/08/13,0,0,-1000000,-1000000
2007/08/14,0,0,0,0
2007/08/15,0,0,0,0
2007/08/16,0,0,-11000,-11000
2007/08/17,0,0,0,0
2007/08/20,0,0,0,0
2007/08/21,0,0,0,0
2007/08/22,0,0,0,0
2007/08/23,0,0,0,0
2007/08/24,0,0,0,0
2007/08/27,0,5000,0,5000
2007/08/28,0,0,0,0
2007/08/29,0,0,0,0
2007/08/30,0,0,0,0
2007/08/31,0,5000,-14000,-9000
2007/09/03,0,0,0,0
2007/09/04,0,4000,0,4000
2007/09/05,0,0,0,0
2007/09/06,0,0,0,0
2007/09/07,0,0,0,0
2007/09/10,0,4000,0,4000
2007/09/11,0,888000,0,888000
2007/09/12,0,1112000,0,1112000
2007/09/13,0,0,0,0
2007/09/14,0,0,0,0
2007/09/17,0,0,0,0
2007/09/18,0,0,0,0
2007/09/19,0,0,0,0
2007/09/20,0,0,0,0
2007/09/21,0,0,-7000,-7000
2007/09/24,0,0,0,0
2007/09/25,0,0,0,0
2007/09/26,0,0,-1000,-1000
2007/09/27,0,1000000,0,1000000
2007/09/28,0,0,0,0
2007/10/01,0,0,0,0
2007/10/02,0,30000,0,30000
2007/10/03,0,510000,0,510000
2007/10/04,0,490000,0,490000
2007/10/05,0,0,0,0
2007/10/08,0,165000,0,165000
2007/10/09,0,0,0,0
2007/10/10,0,0,0,0
2007/10/11,0,0,0,0
2007/10/12,0,0,0,0
2007/10/15,0,0,0,0
2007/10/16,0,0,0,0
2007/10/17,0,0,0,0
2007/10/18,0,0,0,0
2007/10/19,0,0,-24000,-24000
2007/10/22,0,0,0,0
2007/10/23,0,1000000,0,1000000
2007/10/24,0,0,0,0
2007/10/25,0,0,0,0
2007/10/26,0,0,0,0
2007/10/29,0,6164000,0,6164000
2007/10/30,0,2675000,0,2675000
2007/10/31,0,0,0,0
2007/11/01,0,0,0,0
2007/11/02,0,5000,0,5000
2007/11/05,0,2244000,0,2244000
2007/11/06,0,0,0,0
2007/11/07,0,0,0,0
2007/11/08,0,0,0,0
2007/11/09,0,0,0,0
2007/11/12,0,0,0,0
2007/11/13,0,0,0,0
2007/11/14,0,0,0,0
2007/11/15,0,0,0,0
2007/11/16,0,0,0,0
2007/11/19,0,0,0,0
2007/11/20,0,0,0,0
2007/11/21,0,0,0,0
2007/11/22,0,1372000,0,1372000
2007/11/23,0,0,0,0
2007/11/26,0,0,0,0
2007/11/27,0,0,0,0
2007/11/28,0,0,-509,-509
2007/11/29,0,0,0,0
2007/11/30,0,0,0,0
2007/12/03,0,0,-120000,-120000
2007/12/04,0,0,0,0
2007/12/05,0,0,0,0
2007/12/06,0,0,0,0
2007/12/07,0,0,0,0
2007/12/10,0,0,0,0
2007/12/11,0,0,-50000,-50000
2007/12/12,0,0,0,0
2007/12/13,0,0,0,0
2007/12/14,0,0,0,0
2007/12/17,0,0,0,0
2007/12/18,0,380000,0,380000
2007/12/19,0,0,0,0
2007/12/20,0,75000,-165000,-90000
2007/12/21,0,0,-4000,-4000
2007/12/24,0,0,-216000,-216000
2007/12/25,0,1000000,0,1000000
2007/12/26,0,1700000,0,1700000
2007/12/27,0,2300000,0,2300000
2007/12/28,0,1500000,0,1500000
2007/12/31,0,75000,0,75000
2008/01/01,0,0,0,0
2008/01/02,0,1520000,-45000,1475000
2008/01/03,0,0,0,0
2008/01/04,0,0,0,0
2008/01/07,0,0,0,0
2008/01/08,0,1944000,0,1944000
2008/01/09,0,0,0,0
2008/01/10,0,1122000,0,1122000
2008/01/11,0,4000000,0,4000000
2008/01/14,0,22758000,0,22758000
2008/01/15,0,3687000,0,3687000
2008/01/16,0,8049000,0,8049000
2008/01/17,0,7724000,-160000,7564000
2008/01/18,0,3640000,0,3640000
2008/01/21,0,9809000,0,9809000
2008/01/22,0,4135000,0,4135000
2008/01/23,0,240000,0,240000
2008/01/24,0,2258000,0,2258000
2008/01/25,0,700000,0,700000
2008/01/28,0,2148000,-1148000,1000000
2008/01/29,0,0,-127000,-127000
2008/01/30,0,550000,0,550000
2008/01/31,0,0,0,0
2008/02/01,0,460000,0,460000
2008/02/04,0,0,0,0
2008/02/05,0,0,0,0
2008/02/06,0,0,0,0
2008/02/07,0,0,0,0
2008/02/08,0,0,0,0
2008/02/11,0,0,0,0
2008/02/12,0,600000,0,600000
2008/02/13,0,1348000,0,1348000
2008/02/14,0,0,0,0
2008/02/15,0,20000,-772000,-752000
2008/02/18,0,39000,-2174000,-2135000
2008/02/19,0,91000,-8203000,-8112000
2008/02/20,0,5764000,-3901000,1863000
2008/02/21,0,0,-600000,-600000
2008/02/22,0,0,-300000,-300000
2008/02/25,0,930000,-300000,630000
2008/02/26,0,20000,-280000,-260000
2008/02/27,0,800000,-510827,289173
2008/02/28,0,0,0,0
2008/02/29,0,0,-1000,-1000
2008/03/03,0,1340000,0,1340000
2008/03/04,0,4759000,0,4759000
2008/03/05,0,3370000,-750000,2620000
2008/03/06,0,0,-430000,-430000
2008/03/07,0,520000,-651000,-131000
2008/03/10,0,5243000,-50000,5193000
2008/03/11,0,1338000,0,1338000
2008/03/12,0,500000,-3400000,-2900000
2008/03/13,0,1527000,-340000,1187000
2008/03/14,0,1045000,0,1045000
2008/03/17,0,1950000,0,1950000
2008/03/18,0,7833000,-70000,7763000
2008/03/19,0,10350000,0,10350000
2008/03/20,0,2768000,-1560000,1208000
2008/03/21,0,7555000,0,7555000
2008/03/24,0,7689000,-770000,6919000
2008/03/25,0,2207000,-2205000,2000
2008/03/26,0,2821000,-760000,2061000
2008/03/27,0,2548000,-2951000,-403000
2008/03/28,0,16050000,-750000,15300000
2008/03/31,0,3250000,0,3250000
2008/04/01,0,2505000,-51000,2454000
2008/04/02,0,851000,0,851000
2008/04/03,0,3893000,-300000,3593000
2008/04/04,0,0,0,0
2008/04/07,0,1857000,-400000,1457000
2008/04/08,0,701000,0,701000
2008/04/09,0,2701000,0,2701000
2008/04/10,0,0,0,0
2008/04/11,0,0,-60000,-60000
2008/04/14,0,1344000,0,1344000
2008/04/15,0,200000,-2621000,-2421000
2008/04/16,0,300000,-6836000,-6536000
2008/04/17,0,1113000,-1427000,-314000
2008/04/18,0,477000,-759000,-282000
2008/04/21,0,1000,-1000000,-999000
2008/04/22,0,301000,-3170000,-2869000
2008/04/23,0,2000,-2473000,-2471000
2008/04/24,0,1000,-389000,-388000
2008/04/25,0,1000,-50000,-49000
2008/04/28,0,14000,0,14000
2008/04/29,0,2000,-80000,-78000
2008/04/30,0,7000,0,7000
2008/05/01,0,0,0,0
2008/05/02,0,209000,-12907000,-12698000
2008/05/05,0,1000,-2350000,-2349000
2008/05/06,0,4102000,-1242000,2860000
2008/05/07,0,38000,-183000,-145000
2008/05/08,0,400000,0,400000
2008/05/09,0,1002000,0,1002000
2008/05/12,0,3000,0,3000
2008/05/13,0,317000,-1017000,-700000
2008/05/14,0,52000,0,52000
2008/05/15,0,8550000,-20000,8530000
2008/05/16,0,1150000,-332000,818000
2008/05/19,0,1585000,0,1585000
2008/05/20,0,400000,-5152000,-4752000
2008/05/21,0,2760000,0,2760000
2008/05/22,0,1503000,-250000,1253000
2008/05/23,0,0,-2715000,-2715000
2008/05/26,0,860000,0,860000
2008/05/27,0,1600000,-5000,1595000
2008/05/28,0,401000,-155000,246000
2008/05/29,0,1000,-280000,-279000
2008/05/30,0,509000,0,509000
2008/06/02,0,3000,0,3000
2008/06/03,0,19000,-700000,-681000
2008/06/04,0,2000,0,2000
2008/06/05,0,2556000,0,2556000
2008/06/06,0,2206000,-2000000,206000
2008/06/09,0,1000,-3128000,-3127000
2008/06/10,0,0,-1100000,-1100000
2008/06/11,0,1103000,-918000,185000
2008/06/12,0,3000,-2400000,-2397000
2008/06/13,0,5000,-9245000,-9240000
2008/06/16,0,654000,-5000,649000
2008/06/17,0,735000,-2750000,-2015000
2008/06/18,0,0,-4785000,-4785000
2008/06/19,0,0,-1363000,-1363000
2008/06/20,0,682000,-50000,632000
2008/06/23,0,13000,0,13000
2008/06/24,0,450000,-1402000,-952000
2008/06/25,0,35000,-541000,-506000
2008/06/26,0,0,0,0
2008/06/27,0,0,-2450000,-2450000
2008/06/30,0,36000,0,36000
2008/07/01,0,3000,-4494000,-4491000
2008/07/02,0,0,-1000,-1000
2008/07/03,0,2000,-400000,-398000
2008/07/04,0,6000,-150000,-144000
2008/07/07,0,18000,-1000000,-982000
2008/07/08,0,0,-1800000,-1800000
2008/07/09,0,500000,-2093000,-1593000
2008/07/10,0,0,-800000,-800000
2008/07/11,0,17000,-13000,4000
2008/07/14,0,1000,-3300000,-3299000
2008/07/15,0,7000,-5057000,-5050000
2008/07/16,0,17000,-1593000,-1576000
2008/07/17,0,2000,-23870000,-23868000
2008/07/18,0,1217000,-21533000,-20316000
2008/07/21,0,562000,-960000,-398000
2008/07/22,0,454000,-554000,-100000
2008/07/23,0,0,-4092000,-4092000
2008/07/24,0,1323000,-4448656,-3125656
2008/07/25,0,0,0,0
2008/07/28,0,0,0,0
2008/07/29,0,3000,0,3000
2008/07/30,0,2000,-2021000,-2019000
2008/07/31,0,1000,-1025000,-1024000
2008/08/01,0,860000,-166000,694000
2008/08/04,0,1501000,-1580000,-79000
2008/08/05,0,2000000,-207000,1793000
2008/08/06,0,10611000,-5000,10606000
2008/08/07,0,15506000,0,15506000
2008/08/08,0,2034000,-2030000,4000
2008/08/11,0,2219000,-2000000,219000
2008/08/12,0,2295000,-320000,1975000
2008/08/13,0,0,0,0
2008/08/14,0,2000000,0,2000000
2008/08/15,0,4915000,0,4915000
2008/08/18,0,1001000,0,1001000
2008/08/19,0,0,-19000,-19000
2008/08/20,0,1002000,-12000,990000
2008/08/21,0,593000,-520000,73000
2008/08/22,0,1000,-1002000,-1001000
2008/08/25,0,1803000,-2000,1801000
2008/08/26,0,2000,-2000,0
2008/08/27,0,0,0,0
2008/08/28,0,0,0,0
2008/08/29,0,1122000,0,1122000
2008/09/01,0,2000,-1000000,-998000
2008/09/02,0,2000,-294000,-292000
2008/09/03,0,30000,-943,29057
2008/09/04,0,1317000,-286000,1031000
2008/09/05,0,4000,-900000,-896000
2008/09/08,0,0,0,0
2008/09/09,0,17000,0,17000
2008/09/10,0,973000,0,973000
2008/09/11,0,850000,0,850000
2008/09/12,0,4550000,0,4550000
2008/09/15,0,2000000,0,2000000
2008/09/16,0,470000,-3000,467000
2008/09/17,0,2000000,-59000,1941000
2008/09/18,0,3000,-30000,-27000
2008/09/19,0,31000,-1000000,-969000
2008/09/22,0,0,-500000,-500000
2008/09/23,0,0,-4964000,-4964000
2008/09/24,0,0,0,0
2008/09/25,0,0,-119000,-119000
2008/09/26,0,0,0,0
2008/09/29,0,0,0,0
2008/09/30,0,0,-2500000,-2500000
2008/10/01,0,0,-10097000,-10097000
2008/10/02,0,0,-6100000,-6100000
2008/10/03,0,2500000,-4825000,-2325000
2008/10/06,0,9000,-3336000,-3327000
2008/10/07,0,0,-4964000,-4964000
2008/10/08,0,0,-6805000,-6805000
2008/10/09,0,28000,-12681000,-12653000
2008/10/10,0,0,0,0
2008/10/13,0,800000,-11318000,-10518000
2008/10/14,0,3500000,-2048835,1451165
2008/10/15,0,0,-700000,-700000
2008/10/16,0,597000,-300000,297000
2008/10/17,0,6179000,-22000,6157000
2008/10/20,0,1500000,0,1500000
2008/10/21,0,3710000,0,3710000
2008/10/22,0,0,-978,-978
2008/10/23,0,354000,-14000,340000
2008/10/24,0,600000,-11000,589000
2008/10/27,0,1300000,-48000,1252000
2008/10/28,0,12980000,-6000,12974000
2008/10/29,0,6137000,0,6137000
2008/10/30,0,102000,-3549000,-3447000
2008/10/31,0,1100000,-5905000,-4805000
2008/11/03,0,8000,-6900000,-6892000
2008/11/04,0,503000,-8860000,-8357000
2008/11/05,0,600000,-5157000,-4557000
2008/11/06,0,2700000,-3195000,-495000
2008/11/07,0,4920000,-3851000,1069000
2008/11/10,0,5485000,-1753000,3732000
2008/11/11,0,4760000,-7549000,-2789000
2008/11/12,0,2500000,-3232000,-732000
2008/11/13,0,2800000,-350000,2450000
2008/11/14,0,1500000,0,1500000
2008/11/17,0,3500000,0,3500000
2008/11/18,0,5424000,0,5424000
2008/11/19,0,200000,0,200000
2008/11/20,0,126000,0,126000
2008/11/21,0,572000,0,572000
2008/11/24,0,4500000,0,4500000
2008/11/25,0,3559000,-180000,3379000
2008/11/26,0,1944000,0,1944000
2008/11/27,0,1074000,-170000,904000
2008/11/28,0,4922000,0,4922000
2008/12/01,0,150000,0,150000
2008/12/02,0,4620000,-600000,4020000
2008/12/03,0,150000,-500000,-350000
2008/12/04,0,4880000,-500000,4380000
2008/12/05,0,0,-260000,-260000
2008/12/08,0,3865000,0,3865000
2008/12/09,0,466000,-900000,-434000
2008/12/10,0,0,-500000,-500000
2008/12/11,0,0,-14450000,-14450000
2008/12/12,0,0,-5570000,-5570000
2008/12/15,0,0,-4091000,-4091000
2008/12/16,0,0,-3901000,-3901000
2008/12/17,0,1000,-300000,-299000
2008/12/18,0,551000,-5000,546000
2008/12/19,0,50000,-38000,12000
2008/12/22,0,1064000,-201000,863000
2008/12/23,0,0,0,0
2008/12/24,0,0,-50000,-50000
2008/12/25,0,0,0,0
2008/12/26,0,400000,-1730000,-1330000
2008/12/29,0,0,-2000000,-2000000
2008/12/30,0,0,-436000,-436000
2008/12/31,0,0,-1000000,-1000000
2009/01/01,0,0,0,0
2009/01/02,0,0,0,0
2009/01/05,0,500000,-675000,-175000
2009/01/06,0,600000,-5074000,-4474000
2009/01/07,0,0,-3778000,-3778000
2009/01/08,0,0,0,0
2009/01/09,0,200000,0,200000
2009/01/12,0,200000,-917000,-717000
2009/01/13,0,1750000,-8043000,-6293000
2009/01/14,0,0,-7720000,-7720000
2009/01/15,0,400000,-2072000,-1672000
2009/01/16,0,0,0,0
2009/01/19,0,899000,-3143000,-2244000
2009/01/20,0,500000,-588000,-88000
2009/01/21,0,800000,-1620000,-820000
2009/01/22,0,0,0,0
2009/01/23,0,0,0,0
2009/01/26,0,0,0,0
2009/01/27,0,0,0,0
2009/01/28,0,0,0,0
2009/01/29,0,0,0,0
2009/01/30,0,0,0,0
2009/02/02,0,500000,0,500000
2009/02/03,0,2000000,0,2000000
2009/02/04,0,11883000,-58000,11825000
2009/02/05,0,14386000,0,14386000
2009/02/06,0,3700000,0,3700000
2009/02/09,0,5626000,-3000,5623000
2009/02/10,0,1500000,0,1500000
2009/02/11,0,1000000,-3634000,-2634000
2009/02/12,0,200000,-1000000,-800000
2009/02/13,0,6511000,-300000,6211000
2009/02/16,0,0,-1500000,-1500000
2009/02/17,0,0,0,0
2009/02/18,0,4500000,-1000000,3500000
2009/02/19,0,3469000,0,3469000
2009/02/20,0,8234000,0,8234000
2009/02/23,0,1000000,0,1000000
2009/02/24,0,0,-4500000,-4500000
2009/02/25,0,0,-300000,-300000
2009/02/26,0,0,-900000,-900000
2009/02/27,0,0,-500000,-500000
2009/03/02,0,0,-362000,-362000
2009/03/03,0,0,-359000,-359000
2009/03/04,0,0,-402000,-402000
2009/03/05,0,800000,-550000,250000
2009/03/06,0,0,-900000,-900000
2009/03/09,0,0,-1303000,-1303000
2009/03/10,0,0,0,0
2009/03/11,0,0,-2970000,-2970000
2009/03/12,0,0,-1100000,-1100000
2009/03/13,0,4800000,0,4800000
2009/03/16,0,300000,-1600000,-1300000
2009/03/17,0,2450000,-2000000,450000
2009/03/18,0,0,-1850000,-1850000
2009/03/19,0,0,0,0
2009/03/20,0,5300000,-2400000,2900000
2009/03/23,0,17237000,-200000,17037000
2009/03/24,0,7891000,-2200000,5691000
2009/03/25,0,16064000,0,16064000
2009/03/26,0,8000000,-3900000,4100000
2009/03/27,0,4000000,-6900000,-2900000
2009/03/30,0,0,-2000,-2000
2009/03/31,0,2800000,-5348000,-2548000
2009/04/01,0,0,0,0
2009/04/02,0,3461000,0,3461000
2009/04/03,0,14073000,0,14073000
2009/04/06,0,0,-680000,-680000
2009/04/07,0,2500000,0,2500000
2009/04/08,0,1000000,0,1000000
2009/04/09,0,3400000,-35000,3365000
2009/04/10,0,0,0,0
2009/04/13,0,500000,-1700000,-1200000
2009/04/14,0,367000,-450000,-83000
2009/04/15,0,0,-9562000,-9562000
2009/04/16,0,1428000,-1466000,-38000
2009/04/17,0,0,-2631000,-2631000
2009/04/20,0,500000,-18958000,-18458000
2009/04/21,0,1000000,-11159000,-10159000
2009/04/22,0,0,0,0
2009/04/23,0,0,-6045000,-6045000
2009/04/24,0,0,-614000,-614000
2009/04/27,0,0,-8467000,-8467000
2009/04/28,0,0,-6845000,-6845000
2009/04/29,0,2133000,0,2133000
2009/04/30,0,1300000,0,1300000
2009/05/01,0,0,0,0
2009/05/04,0,0,0,0
2009/05/05,0,0,-10387000,-10387000
2009/05/06,0,700000,-6149000,-5449000
2009/05/07,0,700000,0,700000
2009/05/08,0,0,0,0
2009/05/11,0,0,-4000000,-4000000
2009/05/12,0,4000,-11601000,-11597000
2009/05/13,0,0,-4224000,-4224000
2009/05/14,0,0,-7070000,-7070000
2009/05/15,0,0,-500000,-500000
2009/05/18,0,0,-4689000,-4689000
2009/05/19,0,0,-1404000,-1404000
2009/05/20,0,0,-2000000,-2000000
2009/05/21,0,0,0,0
2009/05/22,0,200000,-9869000,-9669000
2009/05/25,0,0,-3000000,-3000000
2009/05/26,0,417000,0,417000
2009/05/27,0,303000,0,303000
2009/05/28,0,0,0,0
2009/05/29,0,0,0,0
2009/06/01,0,228000,0,228000
2009/06/02,0,1600000,0,1600000
2009/06/03,0,0,0,0
2009/06/04,0,11000,0,11000
2009/06/05,0,200000,0,200000
2009/06/08,0,11000,0,11000
2009/06/09,0,14000,-1000,13000
2009/06/10,0,115000,0,115000
2009/06/11,0,204000,0,204000
2009/06/12,0,100000,0,100000
2009/06/15,0,5000,0,5000
2009/06/16,0,16000,-200000,-184000
2009/06/17,0,13000,0,13000
2009/06/18,0,13000,0,13000
2009/06/19,0,68000,-1600000,-1532000
2009/06/22,0,12000,-3176000,-3164000
2009/06/23,0,0,-6328000,-6328000
2009/06/24,0,4000,-3297000,-3293000
2009/06/25,0,1000,0,1000
2009/06/26,0,3000000,-500000,2500000
2009/06/29,0,1500000,0,1500000
2009/06/30,0,0,-300000,-300000
2009/07/01,0,12000,0,12000
2009/07/02,0,0,-498000,-498000
2009/07/03,0,0,-471000,-471000
2009/07/06,0,0,-3000,-3000
2009/07/07,0,5506000,-400000,5106000
2009/07/08,0,4443000,-4000,4439000
2009/07/09,0,7679000,0,7679000
2009/07/10,0,500000,-7000,493000
2009/07/13,0,0,-11000,-11000
2009/07/14,0,2000000,-26000,1974000
2009/07/15,0,4787000,0,4787000
2009/07/16,0,0,-1832000,-1832000
2009/07/17,0,0,-33000,-33000
2009/07/20,0,0,-2675000,-2675000
2009/07/21,0,0,-11000,-11000
2009/07/22,0,1313000,-7000,1306000
2009/07/23,0,1600000,-8000,1592000
2009/07/24,0,0,-7000,-7000
2009/07/27,0,0,0,0
2009/07/28,0,5000000,-867000,4133000
2009/07/29,0,0,0,0
2009/07/30,0,5273000,-9000,5264000
2009/07/31,0,0,-550000,-550000
2009/08/03,0,0,-1600000,-1600000
2009/08/04,0,0,-7000,-7000
2009/08/05,0,0,0,0
2009/08/06,0,0,-176000,-176000
2009/08/07,0,0,0,0
2009/08/10,0,14000,-4000,10000
2009/08/11,0,7000,0,7000
2009/08/12,0,0,0,0
2009/08/13,0,0,0,0
2009/08/14,0,0,-1000,-1000
2009/08/17,0,0,-3000,-3000
2009/08/18,0,7000,-2238000,-2231000
2009/08/19,0,5000,0,5000
2009/08/20,0,4000,-590000,-586000
2009/08/21,0,0,-2000,-2000
2009/08/24,0,7000,0,7000
2009/08/25,0,0,-1800000,-1800000
2009/08/26,0,0,-230801,-230801
2009/08/27,0,0,0,0
2009/08/28,0,0,0,0
2009/08/31,0,0,0,0
2009/09/01,0,0,0,0
2009/09/02,0,0,0,0
2009/09/03,0,0,0,0
2009/09/04,0,0,0,0
2009/09/07,0,0,0,0
2009/09/08,0,0,0,0
2009/09/09,0,0,0,0
2009/09/10,0,0,0,0
2009/09/11,0,0,0,0
2009/09/14,0,0,0,0
2009/09/15,0,9549000,-2000,9547000
2009/09/16,0,1861000,-773,1860227
2009/09/17,0,0,-4096692,-4096692
2009/09/18,0,5861000,-22000,5839000
2009/09/21,0,0,0,0
2009/09/22,0,0,0,0
2009/09/23,0,0,-1935000,-1935000
2009/09/24,0,0,-3978000,-3978000
2009/09/25,0,0,-2500000,-2500000
2009/09/28,0,0,-2801000,-2801000
2009/09/29,0,430000,-4043000,-3613000
2009/09/30,0,0,-9165000,-9165000
2009/10/01,0,0,-5648000,-5648000
2009/10/02,0,0,-118,-118
2009/10/05,0,0,-216600,-216600
2009/10/06,0,0,-1000,-1000
2009/10/07,0,0,-80000,-80000
2009/10/08,0,0,0,0
2009/10/09,0,0,0,0
2009/10/12,0,0,-504455,-504455
2009/10/13,0,0,0,0
2009/10/14,0,0,-2000,-2000
2009/10/15,0,475000,0,475000
2009/10/16,0,0,-13000,-13000
2009/10/19,0,0,0,0
2009/10/20,0,0,0,0
2009/10/21,0,1000,-4916000,-4915000
2009/10/22,0,0,-6906000,-6906000
2009/10/23,0,0,0,0
2009/10/26,0,0,0,0
2009/10/27,0,0,0,0
2009/10/28,0,0,0,0
2009/10/29,0,0,0,0
2009/10/30,0,0,0,0
2009/11/02,0,0,0,0
2009/11/03,0,550000,0,550000
2009/11/04,0,0,0,0
2009/11/05,0,0,0,0
2009/11/06,0,0,0,0
2009/11/09,0,0,0,0
2009/11/10,0,0,-15425,-15425
2009/11/11,0,0,0,0
2009/11/12,0,0,-14257,-14257
2009/11/13,0,0,-300000,-300000
2009/11/16,0,0,0,0
2009/11/17,0,0,-3000,-3000
2009/11/18,0,0,0,0
2009/11/19,0,0,0,0
2009/11/20,0,0,0,0
2009/11/23,0,0,-1417000,-1417000
2009/11/24,0,0,0,0
2009/11/25,0,0,0,0
2009/11/26,0,0,0,0
2009/11/27,0,0,0,0
2009/11/30,0,47000,-6000,41000
2009/12/01,0,0,0,0
2009/12/02,0,0,0,0
2009/12/03,0,0,0,0
2009/12/04,0,0,0,0
2009/12/07,0,0,0,0
2009/12/08,0,0,0,0
2009/12/09,0,0,0,0
2009/12/10,0,0,0,0
2009/12/11,0,0,0,0
2009/12/14,0,0,0,0
2009/12/15,0,27000,0,27000
2009/12/16,0,76000,0,76000
2009/12/17,0,13000,0,13000
2009/12/18,0,0,-4000,-4000
2009/12/21,0,0,0,0
2009/12/22,0,0,0,0
2009/12/23,0,0,0,0
2009/12/24,0,0,0,0
2009/12/25,0,0,0,0
2009/12/28,0,1095000,0,1095000
2009/12/29,0,0,0,0
2009/12/30,0,0,0,0
2009/12/31,0,0,0,0
2010/01/01,0,0,0,0
2010/01/04,0,0,0,0
2010/01/05,0,300000,0,300000
2010/01/06,0,300000,0,300000
2010/01/07,0,2000000,0,2000000
2010/01/08,0,2025000,0,2025000
2010/01/11,0,0,0,0
2010/01/12,0,0,0,0
2010/01/13,0,0,0,0
2010/01/14,0,0,0,0
2010/01/15,0,0,-6000,-6000
2010/01/18,0,1000,0,1000
2010/01/19,0,0,0,0
2010/01/20,0,3000,0,3000
2010/01/21,0,0,0,0
2010/01/22,0,0,0,0
2010/01/25,0,0,0,0
2010/01/26,0,0,0,0
2010/01/27,0,0,0,0
2010/01/28,0,200000,-3000,197000
2010/01/29,0,0,0,0
2010/02/01,0,0,0,0
2010/02/02,0,0,0,0
2010/02/03,0,0,-177000,-177000
2010/02/04,0,0,0,0
2010/02/05,0,0,0,0
2010/02/08,0,0,0,0
2010/02/09,0,0,0,0
2010/02/10,0,0,-800000,-800000
2010/02/11,0,0,0,0
2010/02/12,0,0,0,0
2010/02/15,0,0,0,0
2010/02/16,0,0,0,0
2010/02/17,0,0,0,0
2010/02/18,0,0,0,0
2010/02/19,0,0,0,0
2010/02/22,0,0,0,0
2010/02/23,0,0,0,0
2010/02/24,0,0,0,0
2010/02/25,0,0,0,0
2010/02/26,0,0,-141000,-141000
2010/03/01,0,0,-1400000,-1400000
2010/03/02,0,0,-2625000,-2625000
2010/03/03,0,0,0,0
2010/03/04,0,1500000,0,1500000
2010/03/05,0,1500000,-1000,1499000
2010/03/08,0,0,0,0
2010/03/09,0,0,0,0
2010/03/10,0,0,0,0
2010/03/11,0,3197000,0,3197000
2010/03/12,0,3653000,0,3653000
2010/03/15,0,0,0,0
2010/03/16,0,2670000,-1000,2669000
2010/03/17,0,16000,0,16000
2010/03/18,0,1432000,0,1432000
2010/03/19,0,929000,-1000,928000
2010/03/22,0,929000,0,929000
2010/03/23,0,3800000,0,3800000
2010/03/24,0,0,0,0
2010/03/25,0,300000,0,300000
2010/03/26,0,0,0,0
2010/03/29,0,0,0,0
2010/03/30,0,1620000,0,1620000
2010/03/31,0,0,0,0
2010/04/01,0,1500000,0,1500000
2010/04/02,0,0,0,0
2010/04/05,0,0,0,0
2010/04/06,0,0,0,0
2010/04/07,0,0,0,0
2010/04/08,0,3000000,0,3000000
2010/04/09,0,0,0,0
2010/04/12,0,0,0,0
2010/04/13,0,8698000,0,8698000
2010/04/14,0,4366000,0,4366000
2010/04/15,0,1957000,0,1957000
2010/04/16,0,0,0,0
2010/04/19,0,800000,-365,799635
2010/04/20,0,2029000,-5000,2024000
2010/04/21,0,0,0,0
2010/04/22,0,0,0,0
2010/04/23,0,0,0,0
2010/04/26,0,0,-405000,-405000
2010/04/27,0,1970000,0,1970000
2010/04/28,0,500000,0,500000
2010/04/29,0,0,0,0
2010/04/30,0,0,-7000,-7000
2010/05/03,0,0,0,0
2010/05/04,0,0,0,0
2010/05/05,0,1287000,-903000,384000
2010/05/06,0,0,0,0
2010/05/07,0,6341000,0,6341000
2010/05/10,0,115000,0,115000
2010/05/11,0,0,0,0
2010/05/12,0,0,0,0
2010/05/13,0,3901000,0,3901000
2010/05/14,0,1250000,0,1250000
2010/05/17,0,2110000,0,2110000
2010/05/18,0,1859000,0,1859000
2010/05/19,0,1630000,0,1630000
2010/05/20,0,687000,0,687000
2010/05/21,0,5026000,0,5026000
2010/05/24,0,3343000,0,3343000
2010/05/25,0,10350000,0,10350000
2010/05/26,0,3458000,0,3458000
2010/05/27,0,2300000,-1007000,1293000
2010/05/28,0,12268000,0,12268000
2010/05/31,0,13573000,0,13573000
2010/06/01,0,1030000,0,1030000
2010/06/02,0,2463000,0,2463000
2010/06/03,0,5527000,0,5527000
2010/06/04,0,2500000,0,2500000
2010/06/07,0,1500000,0,1500000
2010/06/08,0,5200000,-428000,4772000
2010/06/09,0,1200000,-600000,600000
2010/06/10,0,4900000,-5345000,-445000
2010/06/11,0,6528000,-1387000,5141000
2010/06/14,0,5100000,-4000,5096000
2010/06/15,0,7735000,0,7735000
2010/06/16,0,0,0,0
2010/06/17,0,5102000,-4000000,1102000
2010/06/18,0,928000,-5000,923000
2010/06/21,0,4260000,0,4260000
2010/06/22,0,765000,0,765000
2010/06/23,0,0,-1000,-1000
2010/06/24,0,124000,-2000,122000
2010/06/25,0,2861000,0,2861000
2010/06/28,0,1030000,-791000,239000
2010/06/29,0,338000,-200000,138000
2010/06/30,0,2600000,0,2600000
2010/07/01,0,3658000,0,3658000
2010/07/02,0,259000,0,259000
2010/07/05,0,0,-330000,-330000
2010/07/06,0,328000,-3395000,-3067000
2010/07/07,0,7606000,-2000000,5606000
2010/07/08,0,2638000,-514000,2124000
2010/07/09,0,600000,-505000,95000
2010/07/12,0,2942000,-1321000,1621000
2010/07/13,0,2240000,0,2240000
2010/07/14,0,2801000,0,2801000
2010/07/15,0,2938000,-8000,2930000
2010/07/16,0,1154000,-5000,1149000
2010/07/19,0,200000,-14000,186000
2010/07/20,0,406000,-2080000,-1674000
2010/07/21,0,2499000,-2056000,443000
2010/07/22,0,6042000,0,6042000
2010/07/23,0,1509000,0,1509000
2010/07/26,0,2627000,-300000,2327000
2010/07/27,0,5022000,0,5022000
2010/07/28,0,100000,-120000,-20000
2010/07/29,0,5030000,-1040000,3990000
2010/07/30,0,7548000,-5055000,2493000
2010/08/02,0,1536000,-38000,1498000
2010/08/03,0,5431000,-2890000,2541000
2010/08/04,0,6320000,-5000,6315000
2010/08/05,0,9065000,-5000,9060000
2010/08/06,0,2295000,-3000,2292000
2010/08/09,0,3474000,-7250000,-3776000
2010/08/10,0,2298000,-75000,2223000
2010/08/11,0,4546000,-876000,3670000
2010/08/12,0,997000,-756000,241000
2010/08/13,0,55000,-473000,-418000
2010/08/16,0,6442000,-251000,6191000
2010/08/17,0,7706000,-605000,7101000
2010/08/18,0,7961000,-4257000,3704000
2010/08/19,0,1665000,-3077000,-1412000
2010/08/20,0,1357000,-4193000,-2836000
2010/08/23,0,5589000,-1561000,4028000
2010/08/24,0,2246000,-15117000,-12871000
2010/08/25,0,2078000,-12669000,-10591000
2010/08/26,0,3692000,-2808000,884000
2010/08/27,0,1368000,-2835000,-1467000
2010/08/30,0,2616000,-2400000,216000
2010/08/31,0,620000,0,620000
2010/09/01,0,6818000,-5192000,1626000
2010/09/02,0,5672000,0,5672000
2010/09/03,0,4201000,-400000,3801000
2010/09/06,0,3329000,-462000,2867000
2010/09/07,0,1046000,-2961000,-1915000
2010/09/08,0,1238000,-7500000,-6262000
2010/09/09,0,1030000,-12399000,-11369000
2010/09/10,0,2267000,-6959000,-4692000
2010/09/13,0,2730000,-4119000,-1389000
2010/09/14,0,1009000,0,1009000
2010/09/15,0,899000,0,899000
2010/09/16,0,6021000,-307000,5714000
2010/09/17,0,8067000,-4000,8063000
2010/09/20,0,3285000,-216000,3069000
2010/09/21,0,3000000,-203000,2797000
2010/09/22,0,0,0,0
2010/09/23,0,1710000,-1303000,407000
2010/09/24,0,1350000,-39000,1311000
2010/09/27,0,822000,-1000,821000
2010/09/28,0,2970000,-500000,2470000
2010/09/29,0,0,-300000,-300000
2010/09/30,0,5239000,-8000,5231000
2010/10/01,0,350000,-4371000,-4021000
2010/10/04,0,3920000,-802000,3118000
2010/10/05,0,3050000,-300000,2750000
2010/10/06,0,5510000,-2000,5508000
2010/10/07,0,2213000,-1729000,484000
2010/10/08,0,3592000,-1800000,1792000
2010/10/11,0,0,-2110000,-2110000
2010/10/12,0,0,-6470000,-6470000
2010/10/13,0,253000,-4605000,-4352000
2010/10/14,0,871000,-8828000,-7957000
2010/10/15,0,1319000,-5785000,-4466000
2010/10/18,0,0,-6638000,-6638000
2010/10/19,0,9000,-1900000,-1891000
2010/10/20,0,220000,-1351000,-1131000
2010/10/21,0,1170000,-2441000,-1271000
2010/10/22,0,3254000,-3071000,183000
2010/10/25,0,1956000,-1039000,917000
2010/10/26,0,735000,-7028000,-6293000
2010/10/27,0,4000,-6521000,-6517000
2010/10/28,0,1097000,-8466000,-7369000
2010/10/29,0,0,-5310000,-5310000
2010/11/01,0,2460000,0,2460000
2010/11/02,0,4778000,-6855000,-2077000
2010/11/03,0,0,-4975000,-4975000
2010/11/04,0,50000,-1799000,-1749000
2010/11/05,0,0,-12927000,-12927000
2010/11/08,0,500000,-7907000,-7407000
2010/11/09,0,9000,-5431000,-5422000
2010/11/10,0,0,-6012000,-6012000
2010/11/11,0,5000,-1550000,-1545000
2010/11/12,0,663000,-9000,654000
2010/11/15,0,71000,-1300000,-1229000
2010/11/16,0,45000,-5679000,-5634000
2010/11/17,0,0,-4730000,-4730000
2010/11/18,0,50000,-1165000,-1115000
2010/11/19,0,0,-1087000,-1087000
2010/11/22,0,0,-2027000,-2027000
2010/11/23,0,1000000,-102000,898000
2010/11/24,0,0,0,0
2010/11/25,0,0,-1324000,-1324000
2010/11/26,0,14000,-20000,-6000
2010/11/29,0,42000,-1000,41000
2010/11/30,0,2609000,-23000,2586000
2010/12/01,0,3999000,-2737000,1262000
2010/12/02,0,1450000,-2388000,-938000
2010/12/03,0,909000,-3986000,-3077000
2010/12/06,0,0,-4257000,-4257000
2010/12/07,0,5000,-2201000,-2196000
2010/12/08,0,0,-4506000,-4506000
2010/12/09,0,100000,-2410000,-2310000
2010/12/10,0,0,-335000,-335000
2010/12/13,0,400000,-1181000,-781000
2010/12/14,0,0,-1204000,-1204000
2010/12/15,0,0,-540000,-540000
2010/12/16,0,200000,-2382000,-2182000
2010/12/17,0,104000,0,104000
2010/12/20,0,500000,-7000,493000
2010/12/21,0,1635000,0,1635000
2010/12/22,0,305000,-1003000,-698000
2010/12/23,0,0,-115000,-115000
2010/12/24,0,0,-115000,-115000
2010/12/27,0,0,-1462000,-1462000
2010/12/28,0,100000,-72000,28000
2010/12/29,0,137000,0,137000
2010/12/30,0,2164000,-106000,2058000
2010/12/31,0,350000,0,350000
2011/01/03,0,1000000,0,1000000
2011/01/04,0,0,-1000000,-1000000
2011/01/05,0,264000,-3628000,-3364000
2011/01/06,0,0,-4425000,-4425000
2011/01/07,0,508000,-1588000,-1080000
2011/01/10,0,0,-242000,-242000
2011/01/11,0,695000,-103000,592000
2011/01/12,0,620000,-575000,45000
2011/01/13,0,764000,-2296000,-1532000
2011/01/14,0,1406000,-1542000,-136000
2011/01/17,0,130000,-10409000,-10279000
2011/01/18,0,0,-8026000,-8026000
2011/01/19,0,0,-1335000,-1335000
2011/01/20,0,0,-3163000,-3163000
2011/01/21,0,0,-18000,-18000
2011/01/24,0,0,0,0
2011/01/25,0,3000,-1756000,-1753000
2011/01/26,0,811000,-600000,211000
2011/01/27,0,360000,-1002000,-642000
2011/01/28,0,0,-2077000,-2077000
2011/01/31,0,0,0,0
2011/02/01,0,0,0,0
2011/02/02,0,0,0,0
2011/02/03,0,0,0,0
2011/02/04,0,0,0,0
2011/02/07,0,0,0,0
2011/02/08,0,0,-3287000,-3287000
2011/02/09,0,0,-1750000,-1750000
2011/02/10,0,0,-324000,-324000
2011/02/11,0,11000,-1822000,-1811000
2011/02/14,0,1054000,-773000,281000
2011/02/15,0,708000,0,708000
2011/02/16,0,0,-100000,-100000
2011/02/17,0,0,-2640000,-2640000
2011/02/18,0,0,-760000,-760000
2011/02/21,0,0,-342000,-342000
2011/02/22,0,0,-3668000,-3668000
2011/02/23,0,388000,-250000,138000
2011/02/24,0,305000,-250000,55000
2011/02/25,0,698000,-180000,518000
2011/02/28,0,0,0,0
2011/03/01,0,0,0,0
2011/03/02,0,0,-1690000,-1690000
2011/03/03,0,0,-1776000,-1776000
2011/03/04,0,0,-380000,-380000
2011/03/07,0,0,-2630000,-2630000
2011/03/08,0,0,-1525000,-1525000
2011/03/09,0,0,-65000,-65000
2011/03/10,0,0,0,0
2011/03/11,0,0,0,0
2011/03/14,0,5000,-6020000,-6015000
2011/03/15,0,4000,-6346000,-6342000
2011/03/16,0,0,0,0
2011/03/17,0,37000,0,37000
2011/03/18,0,0,0,0
2011/03/21,0,0,-644000,-644000
2011/03/22,0,0,0,0
2011/03/23,0,0,-150000,-150000
2011/03/24,0,4000,-800000,-796000
2011/03/25,0,0,0,0
2011/03/28,0,0,-1759000,-1759000
2011/03/29,0,0,-1628000,-1628000
2011/03/30,0,0,-1266000,-1266000
2011/03/31,0,49000,-200000,-151000
2011/04/01,0,0,-1618000,-1618000
2011/04/04,0,0,0,0
2011/04/05,0,0,0,0
2011/04/06,0,0,0,0
2011/04/07,0,0,0,0
2011/04/08,0,660000,0,660000
2011/04/11,0,0,0,0
2011/04/12,0,1450000,-1586000,-136000
2011/04/13,0,800000,0,800000
2011/04/14,0,0,-3865000,-3865000
2011/04/15,0,0,-685000,-685000
2011/04/18,0,0,0,0
2011/04/19,0,6000,0,6000
2011/04/20,0,0,0,0
2011/04/21,0,0,0,0
2011/04/22,0,1200000,-396000,804000
2011/04/25,0,2315000,-4000,2311000
2011/04/26,0,2228000,-642000,1586000
2011/04/27,0,399000,-734000,-335000
2011/04/28,0,0,-375000,-375000
2011/04/29,0,0,0,0
2011/05/02,0,0,0,0
2011/05/03,0,32000,0,32000
2011/05/04,0,32000,0,32000
2011/05/05,0,32000,0,32000
2011/05/06,0,5686000,0,5686000
2011/05/09,0,221000,0,221000
2011/05/10,0,310000,-300000,10000
2011/05/11,0,0,-3000000,-3000000
2011/05/12,0,250000,-3000,247000
2011/05/13,0,2000000,-128000,1872000
2011/05/16,0,353000,0,353000
2011/05/17,0,3130000,0,3130000
2011/05/18,0,2800000,0,2800000
2011/05/19,0,301000,0,301000
2011/05/20,0,100000,-1000,99000
2011/05/23,0,0,-1000,-1000
2011/05/24,0,100000,0,100000
2011/05/25,0,0,0,0
2011/05/26,0,4350000,0,4350000
2011/05/27,0,1376000,-2000,1374000
2011/05/30,0,2000,0,2000
2011/05/31,0,0,-1000,-1000
2011/06/01,0,474000,0,474000
2011/06/02,0,0,0,0
2011/06/03,0,2000000,-250000,1750000
2011/06/06,0,0,0,0
2011/06/07,0,0,0,0
2011/06/08,0,102000,0,102000
2011/06/09,0,2000000,-889000,1111000
2011/06/10,0,0,-889000,-889000
2011/06/13,0,0,0,0
2011/06/14,0,5000,0,5000
2011/06/15,0,0,-185000,-185000
2011/06/16,0,0,0,0
2011/06/17,0,2006000,-855000,1151000
2011/06/20,0,404000,-1000,403000
2011/06/21,0,103000,-72000,31000
2011/06/22,0,3000,-751000,-748000
2011/06/23,0,240000,-1000000,-760000
2011/06/24,0,1152000,0,1152000
2011/06/27,0,13258000,0,13258000
2011/06/28,0,9098000,-3000,9095000
2011/06/29,0,3044000,-55000,2989000
2011/06/30,0,352000,-700000,-348000
2011/07/01,0,101000,-500000,-399000
2011/07/04,0,300000,0,300000
2011/07/05,0,130000,-1000,129000
2011/07/06,0,0,-362000,-362000
2011/07/07,0,450000,-238000,212000
2011/07/08,0,0,-2088000,-2088000
2011/07/11,0,100000,0,100000
2011/07/12,0,67000,0,67000
2011/07/13,0,2003000,-1700000,303000
2011/07/14,0,0,-10110000,-10110000
2011/07/15,0,1502000,-2567000,-1065000
2011/07/18,0,128000,0,128000
2011/07/19,0,2000,0,2000
2011/07/20,0,2000,0,2000
2011/07/21,0,1376000,0,1376000
2011/07/22,0,0,-2000,-2000
2011/07/25,0,0,-303000,-303000
2011/07/26,0,3000,-2030000,-2027000
2011/07/27,0,0,-2202000,-2202000
2011/07/28,0,0,-5603000,-5603000
2011/07/29,0,0,-200000,-200000
2011/08/01,0,2000,0,2000
2011/08/02,0,0,-280000,-280000
2011/08/03,0,5000,-4792000,-4787000
2011/08/04,0,209000,-2330000,-2121000
2011/08/05,0,168000,0,168000
2011/08/08,0,106000,-3000000,-2894000
2011/08/09,0,358000,-4084000,-3726000
2011/08/10,0,2883000,-6000,2877000
2011/08/11,0,333000,0,333000
2011/08/12,0,777000,-11000,766000
2011/08/15,0,8000,0,8000
2011/08/16,0,3885000,-3000,3882000
2011/08/17,0,0,-2000,-2000
2011/08/18,0,69000,0,69000
2011/08/19,0,5000,0,5000
2011/08/22,0,43000,0,43000
2011/08/23,0,3104000,0,3104000
2011/08/24,0,3366000,0,3366000
2011/08/25,0,0,0,0
2011/08/26,0,163000,0,163000
2011/08/29,0,6000,0,6000
2011/08/30,0,1000,-261000,-260000
2011/08/31,0,0,-1042000,-1042000
2011/09/01,0,2000000,-1000,1999000
2011/09/02,0,41000,-6206000,-6165000
2011/09/05,0,0,-2792000,-2792000
2011/09/06,0,0,0,0
2011/09/07,0,10000,0,10000
2011/09/08,0,0,-815000,-815000
2011/09/09,0,16000,-1996000,-1980000
2011/09/12,0,0,0,0
2011/09/13,0,23000,-4005239,-3982239
2011/09/14,0,5000,-10997000,-10992000
2011/09/15,0,56000,-1022000,-966000
2011/09/16,0,24000,-301000,-277000
2011/09/19,0,6000,0,6000
2011/09/20,0,4000,0,4000
2011/09/21,0,2000,-1000000,-998000
2011/09/22,0,223,-165000,-164777
2011/09/23,0,1155000,-50000,1105000
2011/09/26,0,476000,-2520000,-2044000
2011/09/27,0,507000,-2480000,-1973000
2011/09/28,0,200000,-2503000,-2303000
2011/09/29,0,18000,-150000,-132000
2011/09/30,0,50000,-2550000,-2500000
2011/10/03,0,4821000,-2001000,2820000
2011/10/04,0,2723000,0,2723000
2011/10/05,0,2128000,-931000,1197000
2011/10/06,0,1396000,-2000,1394000
2011/10/07,0,3000,0,3000
2011/10/10,0,0,0,0
2011/10/11,0,0,-427000,-427000
2011/10/12,0,0,-1942000,-1942000
2011/10/13,0,2000,0,2000
2011/10/14,0,0,-102000,-102000
2011/10/17,0,0,-4581,-4581
2011/10/18,0,2000,-26318,-24318
2011/10/19,0,0,0,0
2011/10/20,0,16000,0,16000
2011/10/21,0,0,0,0
2011/10/24,0,6000,0,6000
2011/10/25,0,0,0,0
2011/10/26,0,1000,0,1000
2011/10/27,0,304000,-650000,-346000
2011/10/28,0,6000,0,6000
2011/10/31,0,860000,-6000,854000
2011/11/01,0,0,-258000,-258000
2011/11/02,0,9000,-260000,-251000
2011/11/03,0,2000,0,2000
2011/11/04,0,0,-15000,-15000
2011/11/07,0,0,-250000,-250000
2011/11/08,0,6000,-150000,-144000
2011/11/09,0,0,-490000,-490000
2011/11/10,0,2000,0,2000
2011/11/11,0,0,-72000,-72000
2011/11/14,0,26854,-89000,-62146
2011/11/15,0,0,-1000,-1000
2011/11/16,0,0,-1073000,-1073000
2011/11/17,0,3000,-2462000,-2459000
2011/11/18,0,5000,-1350000,-1345000
2011/11/21,0,8000,-1298000,-1290000
2011/11/22,0,3000,-9000,-6000
2011/11/23,0,13000,-33000,-20000
2011/11/24,0,8000,0,8000
2011/11/25,0,9000,0,9000
2011/11/28,0,4000,0,4000
2011/11/29,0,504000,-2686000,-2182000
2011/11/30,0,4000,-1000,3000
2011/12/01,0,0,-26000,-26000
2011/12/02,0,0,0,0
2011/12/05,0,5000,-5000,0
2011/12/06,0,100000,0,100000
2011/12/07,0,33000,0,33000
2011/12/08,0,3000,-1800000,-1797000
2011/12/09,0,0,-17189,-17189
2011/12/12,0,0,0,0
2011/12/13,0,0,0,0
2011/12/14,0,0,-118000,-118000
2011/12/15,0,0,-120000,-120000
2011/12/16,0,2000,-13500,-11500
2011/12/19,0,3000,0,3000
2011/12/20,0,103000,-2303000,-2200000
2011/12/21,0,0,-16000,-16000
2011/12/22,0,4000,0,4000
2011/12/23,0,1368000,-4000,1364000
2011/12/26,0,312000,0,312000
2011/12/27,0,312000,0,312000
2011/12/28,0,0,-639000,-639000
2011/12/29,0,0,-20000,-20000
2011/12/30,0,0,-5000,-5000
2012/01/02,0,6000,0,6000
2012/01/03,0,0,-105000,-105000
2012/01/04,0,0,0,0
2012/01/05,0,0,-10283,-10283
2012/01/06,0,18000,-1000,17000
2012/01/09,0,0,-979000,-979000
2012/01/10,0,0,-2000,-2000
2012/01/11,0,1000000,-3000,997000
2012/01/12,0,284000,-7000,277000
2012/01/13,0,1000,-998000,-997000
2012/01/16,0,3375000,-967000,2408000
2012/01/17,0,91000,-1670000,-1579000
2012/01/18,0,50000,-603000,-553000
2012/01/19,0,0,0,0
2012/01/20,0,0,0,0
2012/01/23,0,0,0,0
2012/01/24,0,0,0,0
2012/01/25,0,0,0,0
2012/01/26,0,0,0,0
2012/01/27,0,0,0,0
2012/01/30,0,0,-434000,-434000
2012/01/31,0,16000,-376000,-360000
2012/02/01,0,800000,-5000,795000
2012/02/02,0,0,-26563,-26563
2012/02/03,0,0,-505000,-505000
2012/02/06,0,800000,-10000,790000
2012/02/07,0,0,0,0
2012/02/08,0,0,-2000,-2000
2012/02/09,0,72631,-4000,68631
2012/02/10,0,0,-287000,-287000
2012/02/13,0,0,0,0
2012/02/14,0,98000,-19000,79000
2012/02/15,0,0,-9000,-9000
2012/02/16,0,115000,0,115000
2012/02/17,0,187000,0,187000
2012/02/20,0,0,-1204000,-1204000
2012/02/21,0,0,0,0
2012/02/22,0,0,-1000,-1000
2012/02/23,0,0,-504000,-504000
2012/02/24,0,0,-817000,-817000
2012/02/27,0,0,0,0
2012/02/28,0,0,0,0
2012/02/29,0,0,-996000,-996000
2012/03/01,0,0,0,0
2012/03/02,0,0,-835000,-835000
2012/03/05,0,693000,-4000,689000
2012/03/06,0,0,-2000,-2000
2012/03/07,0,0,-503000,-503000
2012/03/08,0,36502,-513000,-476498
2012/03/09,0,0,-2000,-2000
2012/03/12,0,0,-3000,-3000
2012/03/13,0,0,-16000,-16000
2012/03/14,0,0,-183000,-183000
2012/03/15,0,0,-186000,-186000
2012/03/16,0,1000,-10000,-9000
2012/03/19,0,0,-37814,-37814
2012/03/20,0,0,-3000,-3000
2012/03/21,0,0,-500000,-500000
2012/03/22,0,0,0,0
2012/03/23,0,0,0,0
2012/03/26,0,0,-1000,-1000
2012/03/27,0,0,0,0
2012/03/28,0,0,0,0
2012/03/29,0,0,-1555000,-1555000
2012/03/30,0,0,-2000,-2000
2012/04/02,0,0,-1000,-1000
2012/04/03,0,0,-300000,-300000
2012/04/04,0,0,0,0
2012/04/05,0,1000,-44778,-43778
2012/04/06,0,0,-2137406,-2137406
2012/04/09,0,0,-32000,-32000
2012/04/10,0,0,-69000,-69000
2012/04/11,0,0,0,0
2012/04/12,0,0,0,0
2012/04/13,0,0,0,0
2012/04/16,0,404000,0,404000
2012/04/17,0,0,-768721,-768721
2012/04/18,0,0,0,0
2012/04/19,0,0,0,0
2012/04/20,0,0,0,0
2012/04/23,0,2000,0,2000
2012/04/24,0,11000,0,11000
2012/04/25,0,0,0,0
2012/04/26,0,0,0,0
2012/04/27,0,0,0,0
2012/04/30,0,0,0,0
2012/05/01,0,0,0,0
2012/05/02,0,34000,0,34000
2012/05/03,0,0,-1072,-1072
2012/05/04,0,0,-8000,-8000
2012/05/07,0,0,0,0
2012/05/08,0,0,0,0
2012/05/09,0,0,0,0
2012/05/10,0,0,0,0
2012/05/11,0,0,0,0
2012/05/14,0,0,0,0
2012/05/15,0,25000,0,25000
2012/05/16,0,0,-14000,-14000
2012/05/17,0,0,0,0
2012/05/18,0,0,0,0
2012/05/21,0,0,0,0
2012/05/22,0,0,0,0
2012/05/23,0,0,-15000,-15000
2012/05/24,0,0,0,0
2012/05/25,0,800000,0,800000
2012/05/28,0,0,0,0
2012/05/29,0,5000,0,5000
2012/05/30,0,335,-1000,-665
2012/05/31,0,3282000,0,3282000
2012/06/01,0,3865000,0,3865000
2012/06/04,0,6633000,0,6633000
2012/06/05,0,5527000,0,5527000
2012/06/06,0,923000,-2000,921000
2012/06/07,0,700000,0,700000
2012/06/08,0,1411000,0,1411000
2012/06/11,0,1315000,0,1315000
2012/06/12,0,98000,0,98000
2012/06/13,0,475000,-20000,455000
2012/06/14,0,39000,-24000,15000
2012/06/15,0,0,-500,-500
2012/06/18,0,843000,-1000,842000
2012/06/19,0,1919000,0,1919000
2012/06/20,0,2421000,0,2421000
2012/06/21,0,2999000,0,2999000
2012/06/22,0,718000,0,718000
2012/06/25,0,4460000,-24000,4436000
2012/06/26,0,612510,-11000,601510
2012/06/27,0,0,0,0
2012/06/28,0,880000,-13000,867000
2012/06/29,0,250000,0,250000
2012/07/02,0,240000,-307000,-67000
2012/07/03,0,129000,-600000,-471000
2012/07/04,0,0,-1880000,-1880000
2012/07/05,0,5300000,-4000,5296000
2012/07/06,0,121000,-12000,109000
2012/07/09,0,1919000,0,1919000
2012/07/10,0,1081000,0,1081000
2012/07/11,0,2002000,0,2002000
2012/07/12,0,365000,0,365000
2012/07/13,0,0,-300000,-300000
2012/07/16,0,1471000,-500,1470500
2012/07/17,0,0,-1329000,-1329000
2012/07/18,0,940000,-1376000,-436000
2012/07/19,0,0,-400000,-400000
2012/07/20,0,0,-1459000,-1459000
2012/07/23,0,0,-3530000,-3530000
2012/07/24,0,2000000,-603000,1397000
2012/07/25,0,0,0,0
2012/07/26,0,14000,0,14000
2012/07/27,0,0,0,0
2012/07/30,0,0,-700000,-700000
2012/07/31,0,0,0,0
2012/08/01,0,1502000,0,1502000
2012/08/02,0,0,0,0
2012/08/03,0,0,-750000,-750000
2012/08/06,0,5000,-1952000,-1947000
2012/08/07,0,2000,-58000,-56000
2012/08/08,0,2000,-392000,-390000
2012/08/09,0,2132000,-2466000,-334000
2012/08/10,0,4000,-3167000,-3163000
2012/08/13,0,927000,-504000,423000
2012/08/14,0,0,-752000,-752000
2012/08/15,0,2308000,-3000,2305000
2012/08/16,0,810000,-4000,806000
2012/08/17,0,153000,-10534,142466
2012/08/20,0,595500,-3623000,-3027500
2012/08/21,0,633000,-1550000,-917000
2012/08/22,0,80000,0,80000
2012/08/23,0,1000,-1762000,-1761000
2012/08/24,0,0,-445000,-445000
2012/08/27,0,2000,-3612000,-3610000
2012/08/28,0,1000,-240000,-239000
2012/08/29,0,130000,-4000,126000
2012/08/30,0,600000,0,600000
2012/08/31,0,10500,-2000,8500
2012/09/03,0,0,-2000,-2000
2012/09/04,0,0,0,0
2012/09/05,0,171000,-1000,170000
2012/09/06,0,3000,0,3000
2012/09/07,0,2000,-2000,0
2012/09/10,0,0,0,0
2012/09/11,0,0,0,0
2012/09/12,0,4000,-981000,-977000
2012/09/13,0,2500,-1534000,-1531500
2012/09/14,0,1650000,-519000,1131000
2012/09/17,0,803000,0,803000
2012/09/18,0,1600000,-240000,1360000
2012/09/19,0,0,-161000,-161000
2012/09/20,0,0,0,0
2012/09/21,0,0,-2000,-2000
2012/09/24,0,1000,0,1000
2012/09/25,0,1200000,0,1200000
2012/09/26,0,0,-3000,-3000
2012/09/27,0,1000,0,1000
2012/09/28,0,1000,-602000,-601000
2012/10/01,0,2000,0,2000
2012/10/02,0,122000,0,122000
2012/10/03,0,0,-1000000,-1000000
2012/10/04,0,500000,-700000,-200000
2012/10/05,0,0,-3000,-3000
2012/10/08,0,0,0,0
2012/10/09,0,0,0,0
2012/10/10,0,0,0,0
2012/10/11,0,0,0,0
2012/10/12,0,0,-4000,-4000
2012/10/15,0,0,0,0
2012/10/16,0,0,0,0
2012/10/17,0,3000,0,3000
2012/10/18,0,93000,0,93000
2012/10/19,0,0,0,0
2012/10/22,0,100000,0,100000
2012/10/23,0,0,0,0
2012/10/24,0,200000,-1000,199000
2012/10/25,0,0,0,0
2012/10/26,0,0,0,0
2012/10/29,0,0,-12345,-12345
2012/10/30,0,0,-3000,-3000
2012/10/31,0,0,0,0
2012/11/01,0,0,0,0
2012/11/02,0,1000,0,1000
2012/11/05,0,0,-4000,-4000
2012/11/06,0,0,0,0
2012/11/07,0,0,0,0
2012/11/08,0,0,0,0
2012/11/09,0,0,-122000,-122000
2012/11/12,0,0,0,0
2012/11/13,0,2000,0,2000
2012/11/14,0,0,0,0
2012/11/15,0,0,0,0
2012/11/16,0,0,0,0
2012/11/19,0,0,0,0
2012/11/20,0,0,0,0
2012/11/21,0,0,0,0
2012/11/22,0,0,-10000,-10000
2012/11/23,0,0,0,0
2012/11/26,0,0,0,0
2012/11/27,0,0,0,0
2012/11/28,0,590000,-2000,588000
2012/11/29,0,0,0,0
2012/11/30,0,0,-146000,-146000
2012/12/03,0,0,0,0
2012/12/04,0,0,-357000,-357000
2012/12/05,0,0,-184000,-184000
2012/12/06,0,0,0,0
2012/12/07,0,0,-1680000,-1680000
2012/12/10,0,0,-49000,-49000
2012/12/11,0,0,0,0
2012/12/12,0,0,0,0
2012/12/13,0,1100000,-1000,1099000
2012/12/14,0,0,-701000,-701000
2012/12/17,0,0,-716000,-716000
2012/12/18,0,0,-14000,-14000
2012/12/19,0,0,0,0
2012/12/20,0,0,-6000,-6000
2012/12/21,0,0,-72000,-72000
2012/12/24,0,0,0,0
2012/12/25,0,0,0,0
2012/12/26,0,0,-100000,-100000
2012/12/27,0,0,0,0
2012/12/28,0,0,0,0
2012/12/31,0,0,0,0
2013/01/01,0,0,0,0
2013/01/02,0,0,-500000,-500000
2013/01/03,0,0,-1008000,-1008000
2013/01/04,0,0,-523000,-523000
2013/01/07,0,0,-1130000,-1130000
2013/01/08,0,0,-452000,-452000
2013/01/09,0,0,0,0
2013/01/10,0,2000000,0,2000000
2013/01/11,0,0,-323000,-323000
2013/01/14,0,0,-500000,-500000
2013/01/15,0,700000,-13000,687000
2013/01/16,0,1131000,-33000,1098000
2013/01/17,0,510000,-31965,478035
2013/01/18,0,5153000,-8000,5145000
2013/01/21,0,2494000,-55000,2439000
2013/01/22,0,3005000,-4000,3001000
2013/01/23,0,0,-9000,-9000
2013/01/24,0,1000,-22000,-21000
2013/01/25,0,1095000,-9000,1086000
2013/01/28,0,1377000,0,1377000
2013/01/29,0,3181000,-1000,3180000
2013/01/30,0,442000,0,442000
2013/01/31,0,8000,-1025000,-1017000
2013/02/01,0,0,0,0
2013/02/04,0,126000,0,126000
2013/02/05,0,54000,-1015000,-961000
2013/02/06,0,1000,-1021000,-1020000
2013/02/07,0,0,0,0
2013/02/08,0,0,0,0
2013/02/11,0,0,0,0
2013/02/12,0,0,0,0
2013/02/13,0,0,0,0
2013/02/14,0,0,0,0
2013/02/15,0,0,0,0
2013/02/18,0,0,-1000,-1000
2013/02/19,0,0,-7000,-7000
2013/02/20,0,0,-260000,-260000
2013/02/21,0,0,-410000,-410000
2013/02/22,0,0,-14000,-14000
2013/02/25,0,0,0,0
2013/02/26,0,150000,-3000,147000
2013/02/27,0,0,0,0
2013/02/28,0,0,0,0
2013/03/01,0,0,-2400000,-2400000
2013/03/04,0,0,-2844000,-2844000
2013/03/05,0,0,0,0
2013/03/06,0,0,0,0
2013/03/07,0,0,-26000,-26000
2013/03/08,0,0,0,0
2013/03/11,0,0,-8000,-8000
2013/03/12,0,0,0,0
2013/03/13,0,800000,-6000,794000
2013/03/14,0,0,-5000,-5000
2013/03/15,0,58000,-13000,45000
2013/03/18,0,0,-39000,-39000
2013/03/19,0,0,-1280000,-1280000
2013/03/20,0,0,-3000,-3000
2013/03/21,0,0,0,0
2013/03/22,0,0,-7000,-7000
2013/03/25,0,0,-200000,-200000
2013/03/26,0,0,-367000,-367000
2013/03/27,0,0,-617000,-617000
2013/03/28,0,0,0,0
2013/03/29,0,0,0,0
2013/04/01,0,0,-2520000,-2520000
2013/04/02,0,0,0,0
2013/04/03,0,0,0,0
2013/04/04,0,0,0,0
2013/04/05,0,0,0,0
2013/04/08,0,0,-4449000,-4449000
2013/04/09,0,0,-3500000,-3500000
2013/04/10,0,0,0,0
2013/04/11,0,0,-2126000,-2126000
2013/04/12,0,0,-5000,-5000
2013/04/15,0,0,-2005000,-2005000
2013/04/16,0,1000000,-241000,759000
2013/04/17,0,0,-591000,-591000
2013/04/18,0,0,0,0
2013/04/19,0,34142,0,34142
2013/04/22,0,0,0,0
2013/04/23,0,0,-6000,-6000
2013/04/24,0,0,-1000,-1000
2013/04/25,0,0,-2018000,-2018000
2013/04/26,0,0,-1498661,-1498661
2013/04/29,0,0,-1000,-1000
2013/04/30,0,0,0,0
2013/05/01,0,0,0,0
2013/05/02,0,0,0,0
2013/05/03,0,0,-109000,-109000
2013/05/06,0,0,-3000,-3000
2013/05/07,0,0,0,0
2013/05/08,0,0,0,0
2013/05/09,0,15000,0,15000
2013/05/10,0,0,-4000,-4000
2013/05/13,0,0,-6000,-6000
2013/05/14,0,0,-103000,-103000
2013/05/15,0,0,0,0
2013/05/16,0,0,0,0
2013/05/17,0,0,0,0
2013/05/20,0,0,-2000,-2000
2013/05/21,0,0,-3000,-3000
2013/05/22,0,0,-8000,-8000
2013/05/23,0,0,-6000,-6000
2013/05/24,0,0,-3000,-3000
2013/05/27,0,0,-5000,-5000
2013/05/28,0,0,0,0
2013/05/29,0,0,0,0
2013/05/30,0,0,0,0
2013/05/31,0,1000,0,1000
2013/06/03,0,0,0,0
2013/06/04,0,0,0,0
2013/06/05,0,0,0,0
2013/06/06,0,0,0,0
2013/06/07,0,0,-17000,-17000
2013/06/10,0,0,0,0
2013/06/11,0,0,-6000,-6000
2013/06/12,0,0,0,0
2013/06/13,0,0,-6000,-6000
2013/06/14,0,0,0,0
2013/06/17,0,0,0,0
2013/06/18,0,0,-4000,-4000
2013/06/19,0,0,0,0
2013/06/20,0,0,0,0
2013/06/21,0,6000,0,6000
2013/06/24,0,0,-37000,-37000
2013/06/25,0,0,0,0
2013/06/26,0,0,-250381,-250381
2013/06/27,0,0,-14000,-14000
2013/06/28,0,0,0,0
2013/07/01,0,0,-4000,-4000
2013/07/02,0,0,0,0
2013/07/03,0,0,0,0
2013/07/04,0,2000,0,2000
2013/07/05,0,30000,0,30000
2013/07/08,0,0,0,0
2013/07/09,0,0,0,0
2013/07/10,0,0,0,0
2013/07/11,0,0,-736,-736
2013/07/12,0,0,-29000,-29000
2013/07/15,0,0,0,0
2013/07/16,0,0,0,0
2013/07/17,0,0,0,0
2013/07/18,0,0,0,0
2013/07/19,0,0,0,0
2013/07/22,0,0,0,0
2013/07/23,0,0,-500000,-500000
2013/07/24,0,0,-1800000,-1800000
2013/07/25,0,0,0,0
2013/07/26,0,0,0,0
2013/07/29,0,0,0,0
2013/07/30,0,78000,-1500000,-1422000
2013/07/31,0,0,-1500000,-1500000
2013/08/01,0,0,-1000000,-1000000
2013/08/02,0,0,0,0
2013/08/05,0,0,-1012000,-1012000
2013/08/06,0,0,-24000,-24000
2013/08/07,0,0,0,0
2013/08/08,0,0,-1800000,-1800000
2013/08/09,0,0,-1227000,-1227000
2013/08/12,0,0,0,0
2013/08/13,0,0,0,0
2013/08/14,0,2000,0,2000
2013/08/15,0,0,-2000,-2000
2013/08/16,0,29000,-700000,-671000
2013/08/19,0,5000,0,5000
2013/08/20,0,1000,0,1000
2013/08/21,0,0,0,0
2013/08/22,0,5000,0,5000
2013/08/23,0,9000,0,9000
2013/08/26,0,13000,0,13000
2013/08/27,0,0,0,0
2013/08/28,0,6000,0,6000
2013/08/29,0,0,0,0
2013/08/30,0,9000,-4000,5000
2013/09/02,0,0,0,0
2013/09/03,0,0,-16716,-16716
2013/09/04,0,0,-800000,-800000
2013/09/05,0,0,-2000,-2000
2013/09/06,0,4000,0,4000
2013/09/09,0,0,-1000,-1000
2013/09/10,0,11000,0,11000
2013/09/11,0,14000,0,14000
2013/09/12,0,38000,0,38000
2013/09/13,0,32000,-6000,26000
2013/09/16,0,2000,0,2000
2013/09/17,0,0,0,0
2013/09/18,0,11000,0,11000
2013/09/19,0,0,0,0
2013/09/20,0,0,0,0
2013/09/23,0,0,0,0
2013/09/24,0,0,0,0
2013/09/25,0,0,0,0
2013/09/26,0,2000,0,2000
2013/09/27,0,15000,0,15000
2013/09/30,0,602000,-1000,601000
2013/10/01,0,601000,0,601000
2013/10/02,0,9000,0,9000
2013/10/03,0,1004000,-3300000,-2296000
2013/10/04,0,800000,-995000,-195000
2013/10/07,0,1000,0,1000
2013/10/08,0,0,-1767000,-1767000
2013/10/09,0,350000,0,350000
2013/10/10,0,0,0,0
2013/10/11,0,0,0,0
2013/10/14,0,0,0,0
2013/10/15,0,0,-2938000,-2938000
2013/10/16,0,0,0,0
2013/10/17,0,0,-1300000,-1300000
2013/10/18,0,0,0,0
2013/10/21,0,0,0,0
2013/10/22,0,3000,-7000,-4000
2013/10/23,0,0,-893000,-893000
2013/10/24,0,0,-100000,-100000
2013/10/25,0,0,0,0
2013/10/28,0,0,-1252000,-1252000
2013/10/29,0,0,-600000,-600000
2013/10/30,0,0,-600000,-600000
2013/10/31,0,0,-1479000,-1479000
2013/11/01,0,1000,-1000000,-999000
2013/11/04,0,0,0,0
2013/11/05,0,0,0,0
2013/11/06,0,0,0,0
2013/11/07,0,0,0,0
2013/11/08,0,0,0,0
2013/11/11,0,0,0,0
2013/11/12,0,0,0,0
2013/11/13,0,0,0,0
2013/11/14,0,0,0,0
2013/11/15,0,0,0,0
2013/11/18,0,0,0,0
2013/11/19,0,0,0,0
2013/11/20,0,0,0,0
2013/11/21,0,0,0,0
2013/11/22,0,0,-2000,-2000
2013/11/25,0,0,-16563,-16563
2013/11/26,0,0,0,0
2013/11/27,0,0,0,0
2013/11/28,0,0,0,0
2013/11/29,0,0,0,0
2013/12/02,0,0,0,0
2013/12/03,0,0,0,0
2013/12/04,0,0,0,0
2013/12/05,0,0,0,0
2013/12/06,0,0,0,0
2013/12/09,0,0,0,0
2013/12/10,0,0,0,0
2013/12/11,0,0,0,0
2013/12/12,0,0,0,0
2013/12/13,0,0,0,0
2013/12/16,0,0,0,0
2013/12/17,0,0,-5000,-5000
2013/12/18,0,0,0,0
2013/12/19,0,0,0,0
2013/12/20,0,0,-13000,-13000
2013/12/23,0,0,0,0
2013/12/24,0,0,-15000,-15000
2013/12/25,0,0,-9000,-9000
2013/12/26,0,0,0,0
2013/12/27,0,7000,0,7000
2013/12/30,0,186000,0,186000
2013/12/31,0,0,-4000,-4000
2014/01/02,0,176000,-2000,174000
2014/01/03,0,0,0,0
2014/01/06,0,0,-4000,-4000
2014/01/07,0,0,-4000,-4000
2014/01/08,0,1000,0,1000
2014/01/09,0,0,0,0
2014/01/10,0,0,0,0
2014/01/13,0,0,0,0
2014/01/14,0,2000,0,2000
2014/01/15,0,4000,-2000,2000
2014/01/16,0,0,0,0
2014/01/17,0,0,-3000,-3000
2014/01/20,0,0,-1000,-1000
2014/01/21,0,0,-5000,-5000
2014/01/22,0,0,-6000,-6000
2014/01/23,0,0,0,0
2014/01/24,0,0,0,0
2014/01/27,0,0,-3000,-3000
2014/02/05,0,0,0,0
2014/02/06,0,0,-1100000,-1100000
2014/02/07,0,0,-1050000,-1050000
2014/02/10,0,2000,0,2000
2014/02/11,0,0,-2000,-2000
2014/02/12,0,0,0,0
2014/02/13,0,22302,-24000,-1698
2014/02/14,0,0,0,0
2014/02/17,0,0,0,0
2014/02/18,0,0,0,0
2014/02/19,0,13000,-1000,12000
2014/02/20,0,7000,0,7000
2014/02/21,0,0,-2000,-2000
2014/02/24,0,3000,0,3000
2014/02/25,0,0,0,0
2014/02/26,0,0,0,0
2014/02/27,0,0,-4000,-4000
2014/03/03,0,0,-1100000,-1100000
2014/03/04,0,0,-515000,-515000
2014/03/05,0,0,0,0
2014/03/06,0,1000,-4000,-3000
2014/03/07,0,0,-10000,-10000
2014/03/10,0,0,-25000,-25000
2014/03/11,0,0,-4000,-4000
2014/03/12,0,0,-8000,-8000
2014/03/13,0,0,0,0
2014/03/14,0,0,-4000,-4000
2014/03/17,0,0,-2000,-2000
2014/03/18,0,0,0,0
2014/03/19,0,0,0,0
2014/03/20,0,0,0,0
2014/03/21,0,0,-6000,-6000
2014/03/24,0,0,0,0
2014/03/25,0,0,0,0
2014/03/26,0,0,0,0
2014/03/27,0,0,0,0
2014/03/28,0,0,-3000,-3000
2014/03/31,0,0,0,0
2014/04/01,0,28000,0,28000
2014/04/02,0,0,0,0
2014/04/03,0,214000,-1000,213000
2014/04/07,0,0,-39000,-39000
2014/04/08,0,0,0,0
2014/04/09,0,0,0,0
2014/04/10,0,3547,0,3547
2014/04/11,0,0,0,0
2014/04/14,0,0,0,0
2014/04/15,0,0,0,0
2014/04/16,0,0,-2000,-2000
2014/04/17,0,0,-2000,-2000
2014/04/18,0,0,-3000,-3000
2014/04/21,0,0,-144000,-144000
2014/04/22,0,0,-5000,-5000
2014/04/23,0,0,-2000,-2000
2014/04/24,0,0,0,0
2014/04/25,0,0,0,0
2014/04/28,0,0,0,0
2014/04/29,0,0,0,0
2014/04/30,0,0,-148000,-148000
2014/05/02,0,0,0,0
2014/05/05,0,0,0,0
2014/05/06,0,0,0,0
2014/05/07,0,0,-1000,-1000
2014/05/08,0,0,0,0
2014/05/09,0,0,-1000,-1000
2014/05/12,0,0,0,0
2014/05/13,0,0,-2000,-2000
2014/05/14,0,0,0,0
2014/05/15,0,0,0,0
2014/05/16,0,0,0,0
2014/05/19,0,0,-2000,-2000
2014/05/20,0,0,0,0
2014/05/21,0,0,0,0
2014/05/22,0,0,0,0
2014/05/23,0,0,0,0
2014/05/26,0,0,-291000,-291000
2014/05/27,0,0,-314000,-314000
2014/05/28,0,0,-1000,-1000
2014/05/29,0,0,-4000,-4000
2014/05/30,0,0,-3000,-3000
2014/06/03,0,0,0,0
2014/06/04,0,0,0,0
2014/06/05,0,0,0,0
2014/06/06,0,0,-1000,-1000
2014/06/09,0,0,0,0
2014/06/10,0,1000,-7000,-6000
2014/06/11,0,0,-12000,-12000
2014/06/12,0,20000,-9000,11000
2014/06/13,0,0,-10000,-10000
2014/06/16,0,0,-2000,-2000
2014/06/17,0,0,0,0
2014/06/18,0,2000,0,2000
2014/06/19,0,0,0,0
2014/06/20,0,0,-4000,-4000
2014/06/23,0,0,0,0
2014/06/24,0,0,-87860,-87860
2014/06/25,0,0,-3000,-3000
2014/06/26,0,0,0,0
2014/06/27,0,0,0,0
2014/06/30,0,0,-12000,-12000
2014/07/01,0,0,0,0
2014/07/02,0,5044,0,5044
2014/07/03,0,0,0,0
2014/07/04,0,0,0,0
2014/07/07,0,0,0,0
2014/07/08,0,384000,0,384000
2014/07/09,0,420000,0,420000
2014/07/10,0,0,0,0
2014/07/11,0,0,0,0
2014/07/14,0,0,0,0
2014/07/15,0,0,-7000,-7000
2014/07/16,0,0,0,0
2014/07/17,0,18000,0,18000
2014/07/18,0,0,0,0
2014/07/21,0,0,0,0
2014/07/22,0,13000,0,13000
2014/07/23,0,0,0,0
2014/07/24,0,6000,0,6000
2014/07/25,0,4000,0,4000
2014/07/28,0,0,-420000,-420000
2014/07/29,0,4000,0,4000
2014/07/30,0,117000,0,117000
2014/07/31,0,26000,0,26000
2014/08/01,0,20000,0,20000
2014/08/04,0,0,-1000,-1000
2014/08/05,0,0,0,0
2014/08/06,0,6000,0,6000
2014/08/07,0,27000,0,27000
2014/08/08,0,35000,0,35000
2014/08/11,0,11000,0,11000
2014/08/12,0,1000,-367000,-366000
2014/08/13,0,6000,0,6000
2014/08/14,0,12000,0,12000
2014/08/15,0,7000,0,7000
2014/08/18,0,0,0,0
2014/08/19,0,5000,0,5000
2014/08/20,0,0,0,0
2014/08/21,0,32000,0,32000
2014/08/22,0,0,0,0
2014/08/25,0,0,0,0
2014/08/26,0,1000,0,1000
2014/08/27,0,1000,0,1000
2014/08/28,0,19000,-36000,-17000
2014/08/29,0,0,-163000,-163000
2014/09/01,0,0,0,0
2014/09/02,0,0,0,0
2014/09/03,0,12000,0,12000
2014/09/04,0,11000,0,11000
2014/09/05,0,13000,0,13000
2014/09/09,0,0,0,0
2014/09/10,0,0,0,0
2014/09/11,0,20000,0,20000
2014/09/12,0,17000,0,17000
2014/09/15,0,503000,0,503000
2014/09/16,0,2000,0,2000
2014/09/17,0,9000,0,9000
2014/09/18,0,0,0,0
2014/09/19,0,1000,0,1000
2014/09/22,0,28631,0,28631
2014/09/23,0,20000,0,20000
2014/09/24,0,0,0,0
2014/09/25,0,0,0,0
2014/09/26,0,0,0,0
2014/09/29,0,0,0,0
2014/09/30,0,22000,0,22000
2014/10/01,0,0,0,0
2014/10/02,0,2000,0,2000
2014/10/03,0,0,0,0
2014/10/06,0,6000,0,6000
2014/10/07,0,2000,0,2000
2014/10/08,0,2000,0,2000
2014/10/09,0,0,-2000,-2000
2014/10/13,0,0,0,0
2014/10/14,0,500,0,500
2014/10/15,0,495000,0,495000
2014/10/16,0,199000,0,199000
2014/10/17,0,950000,0,950000
2014/10/20,0,0,0,0
2014/10/21,0,3000,0,3000
2014/10/22,0,411000,0,411000
2014/10/23,0,1808000,0,1808000
2014/10/24,0,1820000,0,1820000
2014/10/27,0,1595000,0,1595000
2014/10/28,0,373000,0,373000
2014/10/29,0,100000,0,100000
2014/10/30,0,367000,0,367000
2014/10/31,0,650000,0,650000
2014/11/03,0,240000,-5000,235000
2014/11/04,0,200000,0,200000
2014/11/05,0,0,0,0
2014/11/06,0,0,-495000,-495000
2014/11/07,0,0,0,0
2014/11/10,0,0,0,0
2014/11/11,0,20000,0,20000
2014/11/12,0,71000,0,71000
2014/11/13,0,0,-450000,-450000
2014/11/14,0,3225000,0,3225000
2014/11/17,0,1272000,0,1272000
2014/11/18,0,59000,0,59000
2014/11/19,0,0,0,0
2014/11/20,0,3000,0,3000
2014/11/21,0,0,-500000,-500000
2014/11/24,0,656000,0,656000
2014/11/25,0,1000,-1000,0
2014/11/26,0,21000,-2000,19000
2014/11/27,0,940000,-3000,937000
2014/11/28,0,13891000,0,13891000
2014/12/01,0,9767000,0,9767000
2014/12/02,0,430000,0,430000
2014/12/03,0,2373000,-3000,2370000
2014/12/04,0,1165000,0,1165000
2014/12/05,0,330000,0,330000
2014/12/08,0,14810000,0,14810000
2014/12/09,0,11489000,0,11489000
2014/12/10,0,2049000,0,2049000
2014/12/11,0,4608000,-9871,4598129
2014/12/12,0,495000,0,495000
2014/12/15,0,513000,0,513000
2014/12/16,0,103000,-4000,99000
2014/12/17,0,1080000,-3832000,-2752000
2014/12/18,0,250000,0,250000
2014/12/19,0,1278000,-13000,1265000
2014/12/22,0,0,-1720000,-1720000
2014/12/23,0,620000,-400000,220000
2014/12/24,0,76000,-3672000,-3596000
2014/12/25,0,66000,-2186000,-2120000
2014/12/26,0,1700000,0,1700000
2014/12/29,0,718000,-160000,558000
2014/12/30,0,295000,0,295000
2014/12/31,0,1636000,-1000,1635000
2015/01/01,0,0,0,0
2015/01/02,0,0,0,0
2015/01/05,0,3255000,0,3255000
2015/01/06,0,9843000,0,9843000
2015/01/07,0,6861000,-3000,6858000
2015/01/08,0,582000,0,582000
2015/01/09,0,1637000,0,1637000
2015/01/12,0,140000,0,140000
2015/01/13,0,4741000,-200000,4541000
2015/01/14,0,2472000,0,2472000
2015/01/15,0,0,-513000,-513000
2015/01/16,0,392000,-300000,92000
2015/01/19,0,0,-1000,-1000
2015/01/20,0,300000,-500000,-200000
2015/01/21,0,140000,-12000,128000
2015/01/22,0,0,-339000,-339000
2015/01/23,0,391000,-1624000,-1233000
2015/01/26,0,76000,0,76000
2015/01/27,0,0,0,0
2015/01/28,0,0,-1180000,-1180000
2015/01/29,0,0,-16223000,-16223000
2015/01/30,0,0,-52000,-52000
2015/02/02,0,224000,-6279000,-6055000
2015/02/03,0,172000,-2843000,-2671000
2015/02/04,0,490000,-10948000,-10458000
2015/02/05,0,970000,-1211000,-241000
2015/02/06,0,120000,-425000,-305000
2015/02/09,0,120000,-1809000,-1689000
2015/02/10,0,400000,-34000,366000
2015/02/11,0,200000,0,200000
2015/02/12,0,180000,-1650000,-1470000
2015/02/13,0,1000000,-909000,91000
2015/02/16,0,0,0,0
2015/02/17,0,0,0,0
2015/02/18,0,0,0,0
2015/02/19,0,0,0,0
2015/02/20,0,0,0,0
2015/02/23,0,0,0,0
2015/02/24,0,0,-2194000,-2194000
2015/02/25,0,200000,0,200000
2015/02/26,0,0,-10000,-10000
2015/02/27,0,0,0,0
2015/03/02,0,0,-974000,-974000
2015/03/03,0,0,-116000,-116000
2015/03/04,0,0,-4566000,-4566000
2015/03/05,0,0,-1859000,-1859000
2015/03/06,0,0,-527000,-527000
2015/03/09,0,0,-198000,-198000
2015/03/10,0,190000,-1116000,-926000
2015/03/11,0,0,0,0
2015/03/12,0,504062,-371000,133062
2015/03/13,0,500000,0,500000
2015/03/16,0,1534000,0,1534000
2015/03/17,0,650000,-3000,647000
2015/03/18,0,3052000,0,3052000
2015/03/19,0,1273000,-5000,1268000
2015/03/20,0,5000,-1006000,-1001000
2015/03/23,0,1030000,-410000,620000
2015/03/24,0,0,-33000,-33000
2015/03/25,0,502000,-229000,273000
2015/03/26,0,0,-709000,-709000
2015/03/27,0,350000,0,350000
2015/03/30,0,5000,-1200000,-1195000
2015/03/31,0,751000,0,751000
2015/04/01,0,0,-84000,-84000
2015/04/02,0,0,0,0
2015/04/03,0,0,0,0
2015/04/06,0,0,0,0
2015/04/07,0,8561000,0,8561000
2015/04/08,0,5521000,0,5521000
2015/04/09,0,2800000,-367000,2433000
2015/04/10,0,2300000,-14000,2286000
2015/04/13,0,2448000,-198000,2250000
2015/04/14,0,389000,0,389000
2015/04/15,0,10181000,-520000,9661000
2015/04/16,0,475000,-150000,325000
2015/04/17,0,0,-400000,-400000
2015/04/20,0,157000,-390000,-233000
2015/04/21,0,306000,-735000,-429000
2015/04/22,0,305000,-650000,-345000
2015/04/23,0,0,0,0
2015/04/24,0,0,-3117000,-3117000
2015/04/27,0,0,-387000,-387000
2015/04/28,0,0,-114000,-114000
2015/04/29,0,0,-605000,-605000
2015/04/30,0,0,-2902000,-2902000
2015/05/01,0,0,0,0
2015/05/04,0,80000,-13000,67000
2015/05/05,0,0,0,0
2015/05/06,0,0,-3905000,-3905000
2015/05/07,0,0,-3434000,-3434000
2015/05/08,0,0,0,0
2015/05/11,0,2000,0,2000
2015/05/12,0,0,0,0
2015/05/13,0,0,0,0
2015/05/14,0,3000,-5103000,-5100000
2015/05/15,0,0,0,0
2015/05/18,0,0,-2574000,-2574000
2015/05/19,0,0,-5154000,-5154000
2015/05/20,0,594000,0,594000
2015/05/21,0,0,-9000,-9000
2015/05/22,0,0,-322000,-322000
2015/05/25,0,2479000,0,2479000
2015/05/26,0,6258000,0,6258000
2015/05/27,0,334000,-301000,33000
2015/05/28,0,712000,0,712000
2015/05/29,0,5000,-1000,4000
2015/06/01,0,0,-1866000,-1866000
2015/06/02,0,0,0,0
2015/06/03,0,0,-7468000,-7468000
2015/06/04,0,5223,-651000,-645777
2015/06/05,0,0,-2754000,-2754000
2015/06/08,0,0,-5513000,-5513000
2015/06/09,0,964000,-240000,724000
2015/06/10,0,0,-2800000,-2800000
2015/06/11,0,144000,-7094000,-6950000
2015/06/12,0,1394000,-2638000,-1244000
2015/06/15,0,0,-4348000,-4348000
2015/06/16,0,0,-1549000,-1549000
2015/06/17,0,0,-798000,-798000
2015/06/18,0,0,-502000,-502000
2015/06/19,0,0,0,0
2015/06/22,0,43000,-10000,33000
2015/06/23,0,0,0,0
2015/06/24,0,0,0,0
2015/06/25,0,300000,0,300000
2015/06/26,0,0,0,0
2015/06/29,0,0,-1000,-1000
2015/06/30,0,291000,0,291000
2015/07/01,0,200000,0,200000
2015/07/02,0,1051000,0,1051000
2015/07/03,0,997000,0,997000
2015/07/06,0,1620000,0,1620000
2015/07/07,0,2852000,0,2852000
2015/07/08,0,100000,0,100000
2015/07/09,0,1113000,-7000,1106000
2015/07/10,0,0,0,0
2015/07/13,0,500000,0,500000
2015/07/14,0,200000,0,200000
2015/07/15,0,2592000,0,2592000
2015/07/16,0,8197000,0,8197000
2015/07/17,0,2296000,-68000,2228000
2015/07/20,0,0,0,0
2015/07/21,0,825000,0,825000
2015/07/22,0,0,0,0
2015/07/23,0,89000,0,89000
2015/07/24,0,1106000,0,1106000
2015/07/27,0,240000,0,240000
2015/07/28,0,1044000,-288000,756000
2015/07/29,0,5000,0,5000
2015/07/30,0,105000,0,105000
2015/07/31,0,2000,0,2000
2015/08/03,0,12000,0,12000
2015/08/04,0,3610000,0,3610000
2015/08/05,0,180000,0,180000
2015/08/06,0,43000,0,43000
2015/08/07,0,2000,0,2000
2015/08/10,0,1600000,-800000,800000
2015/08/11,0,190000,0,190000
2015/08/12,0,0,0,0
2015/08/13,0,0,0,0
2015/08/14,0,0,-2714000,-2714000
2015/08/17,0,2000,0,2000
2015/08/18,0,1000,-3117000,-3116000
2015/08/19,0,1000,-500000,-499000
2015/08/20,0,37000,0,37000
2015/08/21,0,1000,0,1000
2015/08/24,0,50000,-1270000,-1220000
2015/08/25,0,34000,-5115,28885
2015/08/26,0,0,-8286000,-8286000
2015/08/27,0,22000,0,22000
2015/08/28,0,4000,-668000,-664000
2015/08/31,0,149000,-704000,-555000
2015/09/01,0,33000,-5315000,-5282000
2015/09/02,0,0,-1961000,-1961000
2015/09/03,0,33000,-2093000,-2060000
2015/09/04,0,0,-2126000,-2126000
2015/09/07,0,18000,-1155000,-1137000
2015/09/08,0,10000,-137000,-127000
2015/09/09,0,0,0,0
2015/09/10,0,0,-920000,-920000
2015/09/11,0,10000,-1897000,-1887000
2015/09/14,0,5000,0,5000
2015/09/15,0,5000,0,5000
2015/09/16,0,3000,-942000,-939000
2015/09/17,0,0,0,0
2015/09/18,0,73000,-2051000,-1978000
2015/09/21,0,15000,-1081000,-1066000
2015/09/22,0,3621,-427000,-423379
2015/09/23,0,0,0,0
2015/09/24,0,0,-387000,-387000
2015/09/25,0,0,-653000,-653000
2015/09/28,0,0,0,0
2015/09/29,0,0,0,0
2015/09/30,0,0,-533000,-533000
2015/10/01,0,6000,-245000,-239000
2015/10/02,0,59000,-353000,-294000
2015/10/05,0,0,-1176000,-1176000
2015/10/06,0,0,-2181000,-2181000
2015/10/07,0,4000,-9275000,-9271000
2015/10/08,0,0,-1876000,-1876000
2015/10/09,0,0,0,0
2015/10/12,0,0,-96000,-96000
2015/10/13,0,0,0,0
2015/10/14,0,0,0,0
2015/10/15,0,0,0,0
2015/10/16,0,6000,0,6000
2015/10/19,0,0,0,0
2015/10/20,0,0,0,0
2015/10/21,0,0,0,0
2015/10/22,0,0,0,0
2015/10/23,0,0,0,0
2015/10/26,0,500000,0,500000
2015/10/27,0,200000,0,200000
2015/10/28,0,0,0,0
2015/10/29,0,58000,0,58000
2015/10/30,0,38000,-1000,37000
2015/11/02,0,12000,0,12000
2015/11/03,0,16000,0,16000
2015/11/04,0,92000,0,92000
2015/11/05,0,30000,0,30000
2015/11/06,0,0,0,0
2015/11/09,0,80000,0,80000
2015/11/10,0,0,0,0
2015/11/11,0,0,0,0
2015/11/12,0,0,0,0
2015/11/13,0,0,-1000,-1000
2015/11/16,0,0,-3282000,-3282000
2015/11/17,0,0,0,0
2015/11/18,0,1000,0,1000
2015/11/19,0,0,0,0
2015/11/20,0,0,0,0
2015/11/23,0,0,-2000,-2000
2015/11/24,0,0,-529000,-529000
2015/11/25,0,0,0,0
2015/11/26,0,0,0,0
2015/11/27,0,0,0,0
2015/11/30,0,0,-2000,-2000
2015/12/01,0,0,-597000,-597000
2015/12/02,0,0,0,0
2015/12/03,0,0,0,0
2015/12/04,0,0,0,0
2015/12/07,0,0,-250000,-250000
2015/12/08,0,0,0,0
2015/12/09,0,0,0,0
2015/12/10,0,0,0,0
2015/12/11,0,0,0,0
2015/12/14,0,0,-251011,-251011
2015/12/15,0,0,0,0
2015/12/16,0,0,-1000,-1000
2015/12/17,0,0,0,0
2015/12/18,0,10000,0,10000
2015/12/21,0,0,0,0
2015/12/22,0,0,0,0
2015/12/23,0,0,0,0
2015/12/24,0,0,0,0
2015/12/25,0,0,0,0
2015/12/28,0,0,-48000,-48000
2015/12/29,0,0,-77000,-77000
2015/12/30,0,0,-444000,-444000
2015/12/31,0,0,0,0
2016/01/01,0,0,0,0
2016/01/04,0,0,0,0
2016/01/05,0,0,-5000,-5000
2016/01/06,0,1300000,0,1300000
2016/01/07,0,0,0,0
2016/01/08,0,0,0,0
2016/01/11,0,385000,0,385000
2016/01/12,0,0,-1000,-1000
2016/01/13,0,0,0,0
2016/01/14,0,0,0,0
2016/01/15,0,0,-36000,-36000
2016/01/18,0,0,0,0
2016/01/19,0,0,0,0
2016/01/20,0,0,-36000,-36000
2016/01/21,0,0,0,0
2016/01/22,0,0,0,0
2016/01/25,0,0,-400000,-400000
2016/01/26,0,0,0,0
2016/01/27,0,0,0,0
2016/01/28,0,0,0,0
2016/01/29,0,1000,0,1000
2016/02/01,0,0,0,0
2016/02/02,0,0,0,0
2016/02/03,0,0,0,0
2016/02/04,0,0,0,0
2016/02/05,0,0,0,0
2016/02/08,0,0,0,0
2016/02/09,0,0,0,0
2016/02/10,0,0,0,0
2016/02/11,0,0,0,0
2016/02/12,0,0,0,0
2016/02/15,0,2990,0,2990
2016/02/16,0,0,0,0
2016/02/17,0,0,0,0
2016/02/18,0,0,0,0
2016/02/19,0,0,0,0
2016/02/22,0,0,0,0
2016/02/23,0,0,0,0
2016/02/24,0,0,0,0
2016/02/25,0,0,0,0
2016/02/26,0,0,-2000,-2000
2016/02/29,0,0,0,0
2016/03/01,0,0,0,0
2016/03/02,0,0,-24544,-24544
2016/03/03,0,0,0,0
2016/03/04,0,0,-450000,-450000
2016/03/07,0,0,0,0
2016/03/08,0,0,-2000,-2000
2016/03/09,0,0,0,0
2016/03/10,0,0,0,0
2016/03/11,0,0,0,0
2016/03/14,0,850000,-1000000,-150000
2016/03/15,0,850000,0,850000
2016/03/16,0,0,0,0
2016/03/17,0,0,0,0
2016/03/18,0,0,-23000,-23000
2016/03/21,0,0,0,0
2016/03/22,0,0,0,0
2016/03/23,0,0,0,0
2016/03/24,0,0,0,0
2016/03/25,0,0,0,0
2016/03/28,0,0,0,0
2016/03/29,0,0,-1000,-1000
2016/03/30,0,0,0,0
2016/03/31,0,0,0,0
2016/04/01,0,0,0,0
2016/04/04,0,0,0,0
2016/04/05,0,0,0,0
2016/04/06,0,0,0,0
2016/04/07,0,0,0,0
2016/04/08,0,0,0,0
2016/04/11,0,0,0,0
2016/04/12,0,1000,0,1000
2016/04/13,0,0,0,0
2016/04/14,0,0,-510000,-510000
2016/04/15,0,0,-397000,-397000
2016/04/18,0,0,-800000,-800000
2016/04/19,0,0,-830000,-830000
2016/04/20,0,0,-455000,-455000
2016/04/21,0,0,-250000,-250000
2016/04/22,0,0,0,0
2016/04/25,0,0,-1000,-1000
2016/04/26,0,0,0,0
2016/04/27,0,0,0,0
2016/04/28,0,0,0,0
2016/04/29,0,0,-610000,-610000
2016/05/02,0,0,0,0
2016/05/03,0,0,0,0
2016/05/04,0,0,0,0
2016/05/05,0,0,0,0
2016/05/06,0,0,0,0
2016/05/09,0,0,0,0
2016/05/10,0,0,-501,-501
2016/05/11,0,0,0,0
2016/05/12,0,0,0,0
2016/05/13,0,0,0,0
2016/05/16,0,0,0,0
2016/05/17,0,0,0,0
2016/05/18,0,0,0,0
2016/05/19,0,0,0,0
2016/05/20,0,0,0,0
2016/05/23,0,0,0,0
2016/05/24,0,0,0,0
2016/05/25,0,0,0,0
2016/05/26,0,0,0,0
2016/05/27,0,0,0,0
2016/05/30,0,0,0,0
2016/05/31,0,0,-2000,-2000
2016/06/01,0,0,0,0
2016/06/02,0,0,0,0
2016/06/03,0,0,0,0
2016/06/06,0,0,0,0
2016/06/07,0,0,0,0
2016/06/08,0,0,0,0
2016/06/09,0,0,0,0
2016/06/10,0,0,0,0
2016/06/13,0,0,0,0
2016/06/14,0,0,0,0
2016/06/15,0,0,-1008000,-1008000
2016/06/16,0,0,0,0
2016/06/17,0,12000,0,12000
2016/06/20,0,0,0,0
2016/06/21,0,0,-1128000,-1128000
2016/06/22,0,0,0,0
2016/06/23,0,0,0,0
2016/06/24,0,4000,0,4000
2016/06/27,0,3000,0,3000
2016/06/28,0,2000,0,2000
2016/06/29,0,0,0,0
2016/06/30,0,0,0,0
2016/07/01,0,0,0,0
2016/07/04,0,0,0,0
2016/07/05,0,0,0,0
2016/07/06,0,0,0,0
2016/07/07,0,0,0,0
2016/07/08,0,0,0,0
2016/07/11,0,0,0,0
2016/07/12,0,0,-870000,-870000
2016/07/13,0,0,0,0
2016/07/14,0,0,-2000,-2000
2016/07/15,0,0,0,0
2016/07/18,0,0,0,0
2016/07/19,0,0,-2000,-2000
2016/07/20,0,0,-6000,-6000
2016/07/21,0,0,-10000,-10000
2016/07/22,0,0,-8000,-8000
2016/07/25,0,0,0,0
2016/07/26,0,0,0,0
2016/07/27,0,0,-2000,-2000
2016/07/28,0,0,0,0
2016/07/29,0,3400,-6000,-2600
2016/08/01,0,0,0,0
2016/08/02,0,0,-2000,-2000
2016/08/03,0,0,-4000,-4000
2016/08/04,0,0,-2000,-2000
2016/08/05,0,0,-2000,-2000
2016/08/08,0,0,-3000,-3000
2016/08/09,0,1000,-1000,0
2016/08/10,0,0,0,0
2016/08/11,0,0,-1000,-1000
2016/08/12,0,0,-2000,-2000
2016/08/15,0,0,0,0
2016/08/16,0,0,-4000,-4000
2016/08/17,0,0,0,0
2016/08/18,0,0,-2000,-2000
2016/08/19,0,1000,-1000,0
2016/08/22,0,0,0,0
2016/08/23,0,0,-1000,-1000
2016/08/24,0,0,-3000,-3000
2016/08/25,0,0,-2000,-2000
2016/08/26,0,1000,0,1000
2016/08/29,0,0,-1000,-1000
2016/08/30,0,0,-3000,-3000
2016/08/31,0,0,0,0
2016/09/01,0,0,0,0
2016/09/02,0,0,0,0
2016/09/05,0,0,0,0
2016/09/06,0,0,0,0
2016/09/07,0,0,0,0
2016/09/08,0,0,-8000,-8000
2016/09/09,0,0,0,0
2016/09/12,0,0,0,0
2016/09/13,0,0,0,0
2016/09/14,0,1000,-2000,-1000
2016/09/15,0,0,0,0
2016/09/16,0,0,0,0
2016/09/19,0,0,0,0
2016/09/20,0,0,0,0
2016/09/21,0,0,0,0
2016/09/22,0,0,0,0
2016/09/23,0,0,0,0
2016/09/26,0,0,0,0
2016/09/27,0,0,0,0
2016/09/28,0,0,0,0
2016/09/29,0,0,0,0
2016/09/30,0,0,-1607,-1607
2016/10/03,0,0,0,0
2016/10/04,0,0,0,0
2016/10/05,0,0,0,0
2016/10/06,0,0,0,0
2016/10/07,0,0,0,0
2016/10/10,0,0,0,0
2016/10/11,0,1000,0,1000
2016/10/12,0,0,0,0
2016/10/13,0,0,0,0
2016/10/14,0,0,0,0
2016/10/17,0,0,0,0
2016/10/18,0,0,0,0
2016/10/19,0,0,0,0
2016/10/20,0,0,-51000,-51000
2016/10/21,0,0,-52000,-52000
2016/10/24,0,0,0,0
2016/10/25,0,0,0,0
2016/10/26,0,0,0,0
2016/10/27,0,0,0,0
2016/10/28,0,0,0,0
2016/10/31,0,0,0,0
2016/11/01,0,0,0,0
2016/11/02,0,708,0,708
2016/11/03,0,1000,0,1000
2016/11/04,0,0,0,0
2016/11/07,0,0,0,0
2016/11/08,0,0,0,0
2016/11/09,0,0,0,0
2016/11/10,0,0,0,0
2016/11/11,0,0,0,0
2016/11/14,0,0,0,0
2016/11/15,0,0,0,0
2016/11/16,0,0,0,0
2016/11/17,0,0,0,0
2016/11/18,0,0,0,0
2016/11/21,0,0,0,0
2016/11/22,0,4000,0,4000
2016/11/23,0,0,0,0
2016/11/24,0,0,0,0
2016/11/25,0,0,0,0
2016/11/28,0,0,0,0
2016/11/29,0,13000,0,13000
2016/11/30,0,0,0,0
2016/12/01,0,3000,0,3000
2016/12/02,0,0,0,0
2016/12/05,0,0,0,0
2016/12/06,0,0,0,0
2016/12/07,0,0,0,0
2016/12/08,0,0,0,0
2016/12/09,0,0,0,0
2016/12/12,0,0,0,0
2016/12/13,0,0,0,0
2016/12/14,0,0,0,0
2016/12/15,0,0,0,0
2016/12/16,0,0,-5000,-5000
2016/12/19,0,0,0,0
2016/12/20,0,0,0,0
2016/12/21,0,0,0,0
2016/12/22,0,0,0,0
2016/12/23,0,0,0,0
2016/12/26,0,0,0,0
2016/12/27,0,0,0,0
2016/12/28,0,0,0,0
2016/12/29,0,0,0,0
2016/12/30,0,0,0,0
2017/01/02,0,0,0,0
2017/01/03,0,0,0,0
2017/01/04,0,0,0,0
2017/01/05,0,2000,0,2000
2017/01/06,0,0,-21000,-21000
2017/01/09,0,0,0,0
2017/01/10,0,0,0,0
2017/01/11,0,0,0,0
2017/01/12,0,0,0,0
2017/01/13,0,0,0,0
2017/01/16,0,0,0,0
2017/01/17,0,0,0,0
2017/01/18,0,0,0,0
2017/01/19,0,0,0,0
2017/01/20,0,0,0,0
2017/01/23,0,2198,0,2198
2017/01/24,0,0,0,0
2017/01/25,0,0,0,0
2017/01/26,0,0,0,0
2017/01/27,0,0,0,0
2017/01/30,0,0,0,0
2017/01/31,0,0,0,0
2017/02/01,0,0,0,0
2017/02/02,0,0,0,0
2017/02/03,0,6000,0,6000
2017/02/06,0,0,0,0
2017/02/07,0,0,0,0
2017/02/08,0,0,0,0
2017/02/09,0,0,0,0
2017/02/10,0,0,0,0
2017/02/13,0,0,0,0
2017/02/14,0,0,0,0
2017/02/15,0,0,0,0
2017/02/16,0,0,0,0
2017/02/17,0,0,0,0
2017/02/20,0,0,0,0
2017/02/21,0,0,0,0
2017/02/22,0,0,0,0
2017/02/23,0,0,0,0
2017/02/24,0,0,0,0
2017/02/27,0,0,0,0
2017/02/28,0,0,0,0
2017/03/01,0,0,0,0
2017/03/02,0,0,0,0
2017/03/03,0,0,0,0
2017/03/06,0,0,0,0
2017/03/07,0,0,0,0
2017/03/08,0,0,0,0
2017/03/09,0,0,0,0
2017/03/10,0,0,0,0
2017/03/13,0,0,0,0
2017/03/14,0,0,0,0
2017/03/15,0,0,0,0
2017/03/16,0,0,0,0
2017/03/17,0,0,-6000,-6000
2017/03/20,0,38000,0,38000
2017/03/21,0,39000,0,39000
2017/03/22,0,0,0,0
2017/03/23,0,0,0,0
2017/03/24,0,0,0,0
2017/03/27,0,0,0,0
2017/03/28,0,0,0,0
2017/03/29,0,0,0,0
2017/03/30,0,0,0,0
2017/03/31,0,0,0,0
2017/04/03,0,0,0,0
2017/04/04,0,0,0,0
2017/04/05,0,0,0,0
2017/04/06,0,0,0,0
2017/04/07,0,0,0,0
2017/04/10,0,0,0,0
2017/04/11,0,0,0,0
2017/04/12,0,0,0,0
2017/04/13,0,0,0,0
2017/04/14,0,0,-4000,-4000
2017/04/17,0,0,0,0
2017/04/18,0,0,0,0
2017/04/19,0,0,0,0
2017/04/20,0,0,0,0
2017/04/21,0,0,0,0
2017/04/24,0,0,0,0
2017/04/25,0,0,-360,-360
2017/04/26,0,0,0,0
2017/04/27,0,0,0,0
2017/04/28,0,0,0,0
2017/05/01,0,0,0,0
2017/05/02,0,0,0,0
2017/05/03,0,0,0,0
2017/05/04,0,0,0,0
2017/05/05,0,0,0,0
2017/05/08,0,0,0,0
2017/05/09,0,0,0,0
2017/05/10,0,0,0,0
2017/05/11,0,0,0,0
2017/05/12,0,0,0,0
2017/05/15,0,215000,0,215000
2017/05/16,0,630000,0,630000
2017/05/17,0,0,0,0
2017/05/18,0,0,-5000,-5000
2017/05/19,0,0,0,0
2017/05/22,0,0,0,0
2017/05/23,0,0,0,0
2017/05/24,0,0,0,0
2017/05/25,0,0,-5000,-5000
2017/05/26,0,0,-30000,-30000
2017/05/29,0,0,0,0
2017/05/30,0,0,0,0
2017/05/31,0,0,0,0
2017/06/01,0,0,0,0
2017/06/02,0,0,-21000,-21000
2017/06/05,0,0,-62000,-62000
2017/06/06,0,0,-86000,-86000
2017/06/07,0,0,-8000,-8000
2017/06/08,0,0,0,0
2017/06/09,0,0,-7000,-7000
2017/06/12,0,0,0,0
2017/06/13,0,0,0,0
2017/06/14,0,0,0,0
2017/06/15,0,0,0,0
2017/06/16,0,0,-10000,-10000
2017/06/19,0,0,-13000,-13000
2017/06/20,0,2000,-15000,-13000
2017/06/21,0,0,0,0
2017/06/22,0,0,0,0
2017/06/23,0,0,-6000,-6000
2017/06/26,0,0,-8000,-8000
2017/06/27,0,0,-5000,-5000
2017/06/28,0,0,0,0
2017/06/29,0,0,-3000,-3000
2017/06/30,0,0,0,0
2017/07/03,0,0,0,0
2017/07/04,0,0,-5000,-5000
2017/07/05,0,0,0,0
2017/07/06,0,0,0,0
2017/07/07,0,0,0,0
2017/07/10,0,0,-5000,-5000
2017/07/11,0,0,0,0
2017/07/12,0,0,-11000,-11000
2017/07/13,0,0,-10000,-10000
2017/07/14,0,0,-11000,-11000
2017/07/17,0,107,0,107
2017/07/18,0,0,-664000,-664000
2017/07/19,0,0,0,0
2017/07/20,0,0,0,0
2017/07/21,0,0,0,0
2017/07/24,0,0,0,0
2017/07/25,0,0,0,0
2017/07/26,0,1000,0,1000
2017/07/27,0,0,0,0
2017/07/28,0,0,0,0
2017/07/31,0,0,0,0
2017/08/01,0,0,0,0
2017/08/02,0,0,0,0
2017/08/03,0,1000,0,1000
2017/08/04,0,0,0,0
2017/08/07,0,0,0,0
2017/08/08,0,0,0,0
2017/08/09,0,0,0,0
2017/08/10,0,0,0,0
2017/08/11,0,2000,0,2000
2017/08/14,0,0,0,0
2017/08/15,0,1900000,0,1900000
2017/08/16,0,4975000,0,4975000
2017/08/17,0,5448000,0,5448000
2017/08/18,0,13098000,0,13098000
