Date,Open,Buy,Sell,Total
2007/04/23,0,114000,0,114000
2007/04/24,0,0,0,0
2007/04/25,0,0,0,0
2007/04/26,0,3000,0,3000
2007/04/27,0,0,0,0
2007/04/30,0,0,0,0
2007/05/01,0,0,0,0
2007/05/02,0,0,-34000,-34000
2007/05/03,0,20000,-4000,16000
2007/05/04,0,45000,0,45000
2007/05/07,0,16000,-305000,-289000
2007/05/08,0,22000,-3000,19000
2007/05/09,0,0,-805000,-805000
2007/05/10,0,0,-334000,-334000
2007/05/11,0,0,-3000,-3000
2007/05/14,0,0,-6000,-6000
2007/05/15,0,0,-155000,-155000
2007/05/16,0,0,0,0
2007/05/17,0,0,-205000,-205000
2007/05/18,0,0,-69000,-69000
2007/05/21,0,0,0,0
2007/05/22,0,0,0,0
2007/05/23,0,0,0,0
2007/05/24,0,0,0,0
2007/05/25,0,0,-417000,-417000
2007/05/28,0,0,-99000,-99000
2007/05/29,0,10000,0,10000
2007/05/30,0,16000,0,16000
2007/05/31,0,0,0,0
2007/06/01,0,8000,0,8000
2007/06/04,0,15000,0,15000
2007/06/05,0,24000,-43000,-19000
2007/06/06,0,498000,0,498000
2007/06/07,0,107000,0,107000
2007/06/08,0,6000,-7000,-1000
2007/06/11,0,6000,0,6000
2007/06/12,0,25000,-14000,11000
2007/06/13,0,17000,-24000,-7000
2007/06/14,0,10000,-12000,-2000
2007/06/15,0,27000,-12000,15000
2007/06/18,0,0,0,0
2007/06/19,0,0,0,0
2007/06/20,0,55000,-100000,-45000
2007/06/21,0,74000,-466000,-392000
2007/06/22,0,345000,-720,344280
2007/06/25,0,140000,-290000,-150000
2007/06/26,0,82000,0,82000
2007/06/27,0,187000,0,187000
2007/06/28,0,78000,-40000,38000
2007/06/29,0,598000,-4000,594000
2007/07/02,0,129000,-56000,73000
2007/07/03,0,49000,0,49000
2007/07/04,0,110000,-140000,-30000
2007/07/05,0,704000,-825000,-121000
2007/07/06,0,69000,-724000,-655000
2007/07/09,0,282000,0,282000
2007/07/10,0,39000,-150000,-111000
2007/07/11,0,36000,-554000,-518000
2007/07/12,0,50000,-426000,-376000
2007/07/13,0,6000,-109000,-103000
2007/07/16,0,0,-130000,-130000
2007/07/17,0,15000,-86000,-71000
2007/07/18,0,5000,-12000,-7000
2007/07/19,0,0,-4000,-4000
2007/07/20,0,29000,0,29000
2007/07/23,0,0,0,0
2007/07/24,0,24000,0,24000
2007/07/25,0,99000,0,99000
2007/07/26,0,40000,-318000,-278000
2007/07/27,0,593000,-1014000,-421000
2007/07/30,0,106000,-195000,-89000
2007/07/31,0,10000,-56000,-46000
2007/08/01,0,135000,-257000,-122000
2007/08/02,0,193000,-25000,168000
2007/08/03,0,278000,-56000,222000
2007/08/06,0,79000,-30000,49000
2007/08/07,0,60000,-10000,50000
2007/08/08,0,150000,0,150000
2007/08/09,0,101000,-682000,-581000
2007/08/10,0,18000,0,18000
2007/08/13,0,48000,0,48000
2007/08/14,0,105000,0,105000
2007/08/15,0,96000,-59000,37000
2007/08/16,0,207000,-735000,-528000
2007/08/17,0,242000,-420000,-178000
2007/08/20,0,234000,-1110000,-876000
2007/08/21,0,60000,-362000,-302000
2007/08/22,0,6000,0,6000
2007/08/23,0,32000,-6035,25965
2007/08/24,0,60000,0,60000
2007/08/27,0,0,-63000,-63000
2007/08/28,0,70000,0,70000
2007/08/29,0,46000,0,46000
2007/08/30,0,55000,0,55000
2007/08/31,0,54000,-15000,39000
2007/09/03,0,98000,0,98000
2007/09/04,0,70000,0,70000
2007/09/05,0,0,-2000,-2000
2007/09/06,0,647000,-43000,604000
2007/09/07,0,20000,-25000,-5000
2007/09/10,0,25000,-1000,24000
2007/09/11,0,326000,-75000,251000
2007/09/12,0,102000,-35000,67000
2007/09/13,0,19000,-264000,-245000
2007/09/14,0,44000,-45000,-1000
2007/09/17,0,10000,-12000,-2000
2007/09/18,0,0,0,0
2007/09/19,0,218000,0,218000
2007/09/20,0,169000,-22000,147000
2007/09/21,0,100000,0,100000
2007/09/24,0,0,0,0
2007/09/25,0,0,0,0
2007/09/26,0,251000,-127000,124000
2007/09/27,0,200000,-409000,-209000
2007/09/28,0,195000,-157000,38000
2007/10/01,0,469000,-218000,251000
2007/10/02,0,397000,-85000,312000
2007/10/03,0,516000,-124000,392000
2007/10/04,0,268000,-65759,202241
2007/10/05,0,172000,-35030,136970
2007/10/08,0,803000,-35000,768000
2007/10/09,0,797000,-220000,577000
2007/10/10,0,0,0,0
2007/10/11,0,253000,-42000,211000
2007/10/12,0,482000,-245000,237000
2007/10/15,0,76000,-140585,-64585
2007/10/16,0,20000,-102000,-82000
2007/10/17,0,259000,-125772,133228
2007/10/18,0,96000,-21000,75000
2007/10/19,0,1772000,-149000,1623000
2007/10/22,0,312000,-698000,-386000
2007/10/23,0,1057000,-13000,1044000
2007/10/24,0,299000,-113000,186000
2007/10/25,0,282064,-165000,117064
2007/10/26,0,168000,-1000,167000
2007/10/29,0,903000,-1415000,-512000
2007/10/30,0,222000,-7000,215000
2007/10/31,0,129000,-288000,-159000
2007/11/01,0,28000,-222000,-194000
2007/11/02,0,301000,-1557000,-1256000
2007/11/05,0,235000,-291000,-56000
2007/11/06,0,78000,-39000,39000
2007/11/07,0,382000,-256000,126000
2007/11/08,0,457000,-1506000,-1049000
2007/11/09,0,582000,-88000,494000
2007/11/12,0,484000,-1078000,-594000
2007/11/13,0,333000,-199000,134000
2007/11/14,0,705000,-348000,357000
2007/11/15,0,659000,-275000,384000
2007/11/16,0,540000,-443000,97000
2007/11/19,0,744000,-10000,734000
2007/11/20,0,1309000,-1173000,136000
2007/11/21,0,465000,-807000,-342000
2007/11/22,0,389000,-329000,60000
2007/11/23,0,478000,-110000,368000
2007/11/26,0,314000,-172000,142000
2007/11/27,0,537000,-922000,-385000
2007/11/28,0,573000,-22000,551000
2007/11/29,0,749000,-70000,679000
2007/11/30,0,607000,-122000,485000
2007/12/03,0,11000,-422000,-411000
2007/12/04,0,190000,-70000,120000
2007/12/05,0,527000,-35000,492000
2007/12/06,0,367000,0,367000
2007/12/07,0,484000,-93000,391000
2007/12/10,0,153000,-488000,-335000
2007/12/11,0,30000,-451000,-421000
2007/12/12,0,449000,-131000,318000
2007/12/13,0,476000,-1473000,-997000
2007/12/14,0,325000,-594000,-269000
2007/12/17,0,405000,-706000,-301000
2007/12/18,0,694000,-228000,466000
2007/12/19,0,470000,-54000,416000
2007/12/20,0,463000,-553000,-90000
2007/12/21,0,254000,-323000,-69000
2007/12/24,0,89000,-20000,69000
2007/12/25,0,1230000,-242000,988000
2007/12/26,0,2255000,-245000,2010000
2007/12/27,0,614000,-166000,448000
2007/12/28,0,1122000,-534000,588000
2007/12/31,0,891000,-188000,703000
2008/01/01,0,0,0,0
2008/01/02,0,3458000,-1806000,1652000
2008/01/03,0,706000,-1719000,-1013000
2008/01/04,0,480000,-123000,357000
2008/01/07,0,310000,-1643000,-1333000
2008/01/08,0,1671000,-353000,1318000
2008/01/09,0,1328000,-501000,827000
2008/01/10,0,3043000,-340000,2703000
2008/01/11,0,1087000,-365000,722000
2008/01/14,0,9188000,-5451000,3737000
2008/01/15,0,8241000,-1329000,6912000
2008/01/16,0,9808000,-13822000,-4014000
2008/01/17,0,2515000,-5346000,-2831000
2008/01/18,0,2617000,-4017000,-1400000
2008/01/21,0,3569000,-11163000,-7594000
2008/01/22,0,965000,-1326000,-361000
2008/01/23,0,1698000,-13675000,-11977000
2008/01/24,0,2105000,-3253848,-1148848
2008/01/25,0,283000,-1468000,-1185000
2008/01/28,0,344000,-8606000,-8262000
2008/01/29,0,816000,-6291000,-5475000
2008/01/30,0,1758000,-2467960,-709960
2008/01/31,0,652288,-4896424,-4244136
2008/02/01,0,2525000,-3263000,-738000
2008/02/04,0,0,0,0
2008/02/05,0,0,0,0
2008/02/06,0,0,0,0
2008/02/07,0,0,0,0
2008/02/08,0,0,0,0
2008/02/11,0,0,0,0
2008/02/12,0,658000,-809000,-151000
2008/02/13,0,990000,-2671956,-1681956
2008/02/14,0,3986000,-2103034,1882966
2008/02/15,0,1529000,-769000,760000
2008/02/18,0,475000,-958000,-483000
2008/02/19,0,649000,-600000,49000
2008/02/20,0,525000,-4491000,-3966000
2008/02/21,0,902000,-496000,406000
2008/02/22,0,511000,-338000,173000
2008/02/25,0,3164000,-1448212,1715788
2008/02/26,0,816000,-1440446,-624446
2008/02/27,0,5202000,-2179370,3022630
2008/02/28,0,0,0,0
2008/02/29,0,2089000,-2162927,-73927
2008/03/03,0,3966000,-5155723,-1189723
2008/03/04,0,8055000,-17996000,-9941000
2008/03/05,0,2310000,-4862517,-2552517
2008/03/06,0,1657000,-2898446,-1241446
2008/03/07,0,863000,-6914000,-6051000
2008/03/10,0,829000,-967000,-138000
2008/03/11,0,900000,-232000,668000
2008/03/12,0,2104000,-4472790,-2368790
2008/03/13,0,953000,-6049000,-5096000
2008/03/14,0,875000,-1937000,-1062000
2008/03/17,0,4340000,-2435000,1905000
2008/03/18,0,6418000,-9407000,-2989000
2008/03/19,0,1991000,-5186000,-3195000
2008/03/20,0,1805000,-10297000,-8492000
2008/03/21,0,3050000,-4426000,-1376000
2008/03/24,0,5576000,-24067000,-18491000
2008/03/25,0,2510000,-10623000,-8113000
2008/03/26,0,583000,-3578000,-2995000
2008/03/27,0,1083000,-2922000,-1839000
2008/03/28,0,2305000,-3502000,-1197000
2008/03/31,0,1743014,-4314000,-2570986
2008/04/01,0,985000,-1563000,-578000
2008/04/02,0,441000,-613000,-172000
2008/04/03,0,254000,-1216000,-962000
2008/04/04,0,0,0,0
2008/04/07,0,3175000,-3111000,64000
2008/04/08,0,1636000,-2517338,-881338
2008/04/09,0,1521000,-2990000,-1469000
2008/04/10,0,293000,-1128000,-835000
2008/04/11,0,138000,-869000,-731000
2008/04/14,0,174000,-296370,-122370
2008/04/15,0,436000,-566000,-130000
2008/04/16,0,360000,-816000,-456000
2008/04/17,0,142000,-2357000,-2215000
2008/04/18,0,378000,-1725000,-1347000
2008/04/21,0,876000,-4037000,-3161000
2008/04/22,0,560000,-370000,190000
2008/04/23,0,974000,-457000,517000
2008/04/24,0,833000,-309555,523445
2008/04/25,0,836000,-1411000,-575000
2008/04/28,0,153000,-500000,-347000
2008/04/29,0,439000,-2874000,-2435000
2008/04/30,0,1403000,-446000,957000
2008/05/01,0,0,0,0
2008/05/02,0,159000,-244000,-85000
2008/05/05,0,543000,-2782000,-2239000
2008/05/06,0,1302000,-2953000,-1651000
2008/05/07,0,536000,-1339000,-803000
2008/05/08,0,1317000,-228000,1089000
2008/05/09,0,29000,-495000,-466000
2008/05/12,0,212000,-563000,-351000
2008/05/13,0,867000,-1493000,-626000
2008/05/14,0,1048000,-66000,982000
2008/05/15,0,4208000,-944000,3264000
2008/05/16,0,2176000,-535000,1641000
2008/05/19,0,3565000,-1507000,2058000
2008/05/20,0,977000,-2792000,-1815000
2008/05/21,0,221000,-244000,-23000
2008/05/22,0,341000,-3422000,-3081000
2008/05/23,0,58000,-1473800,-1415800
2008/05/26,0,51000,-1583000,-1532000
2008/05/27,0,51000,-304000,-253000
2008/05/28,0,67000,-796000,-729000
2008/05/29,0,48000,-1073000,-1025000
2008/05/30,0,269000,-724000,-455000
2008/06/02,0,46000,-187000,-141000
2008/06/03,0,230000,-94000,136000
2008/06/04,0,166000,-140000,26000
2008/06/05,0,519000,-320000,199000
2008/06/06,0,453000,-228000,225000
2008/06/09,0,690000,-2562000,-1872000
2008/06/10,0,44000,-2397785,-2353785
2008/06/11,0,87000,-1273000,-1186000
2008/06/12,0,1649000,-3629000,-1980000
2008/06/13,0,422000,-2692000,-2270000
2008/06/16,0,443000,-1955000,-1512000
2008/06/17,0,512000,-223000,289000
2008/06/18,0,306000,-843000,-537000
2008/06/19,0,245000,-236000,9000
2008/06/20,0,888000,-657000,231000
2008/06/23,0,640000,-418000,222000
2008/06/24,0,331000,-80000,251000
2008/06/25,0,321000,-305000,16000
2008/06/26,0,210000,-737000,-527000
2008/06/27,0,673000,-1255000,-582000
2008/06/30,0,220000,-490000,-270000
2008/07/01,0,758000,-265000,493000
2008/07/02,0,1553000,-375000,1178000
2008/07/03,0,1287000,-3340205,-2053205
2008/07/04,0,908000,-632000,276000
2008/07/07,0,268000,-75000,193000
2008/07/08,0,2224000,-499000,1725000
2008/07/09,0,1122000,-955000,167000
2008/07/10,0,434000,-325000,109000
2008/07/11,0,1372000,-680000,692000
2008/07/14,0,2956000,-2892000,64000
2008/07/15,0,5644000,-178000,5466000
2008/07/16,0,1542000,-1389000,153000
2008/07/17,0,379000,-491000,-112000
2008/07/18,0,3643000,-332000,3311000
2008/07/21,0,1302000,-459000,843000
2008/07/22,0,375000,-15000,360000
2008/07/23,0,25000,-837000,-812000
2008/07/24,0,1587000,-1523148,63852
2008/07/25,0,645000,-321000,324000
2008/07/28,0,0,0,0
2008/07/29,0,1327000,-135000,1192000
2008/07/30,0,388000,-512971,-124971
2008/07/31,0,569000,-474000,95000
2008/08/01,0,342000,-33000,309000
2008/08/04,0,106000,-46000,60000
2008/08/05,0,344000,-70000,274000
2008/08/06,0,262000,-2525000,-2263000
2008/08/07,0,171000,-288000,-117000
2008/08/08,0,172000,-492000,-320000
2008/08/11,0,741000,-224000,517000
2008/08/12,0,141000,-316000,-175000
2008/08/13,0,134000,-234000,-100000
2008/08/14,0,399000,-8000,391000
2008/08/15,0,622000,-139000,483000
2008/08/18,0,722000,-517725,204275
2008/08/19,0,721000,-2637400,-1916400
2008/08/20,0,73000,-239000,-166000
2008/08/21,0,225000,-468275,-243275
2008/08/22,0,330000,-250000,80000
2008/08/25,0,428000,-1099000,-671000
2008/08/26,0,119000,-188000,-69000
2008/08/27,0,160000,-12000,148000
2008/08/28,0,196000,-59000,137000
2008/08/29,0,429000,-377000,52000
2008/09/01,0,864370,-240000,624370
2008/09/02,0,382000,-120000,262000
2008/09/03,0,342000,-97000,245000
2008/09/04,0,1653000,-223000,1430000
2008/09/05,0,1440000,-428000,1012000
2008/09/08,0,236000,-276000,-40000
2008/09/09,0,299000,-223072,75928
2008/09/10,0,267000,-216000,51000
2008/09/11,0,358000,-223000,135000
2008/09/12,0,416000,-127000,289000
2008/09/15,0,293000,-373000,-80000
2008/09/16,0,318000,-229000,89000
2008/09/17,0,653000,-775000,-122000
2008/09/18,0,233000,-229000,4000
2008/09/19,0,430000,-556000,-126000
2008/09/22,0,1456000,-786114,669886
2008/09/23,0,2764114,-1011000,1753114
2008/09/24,0,744000,-160000,584000
2008/09/25,0,674000,-140000,534000
2008/09/26,0,480000,-1962000,-1482000
2008/09/29,0,0,0,0
2008/09/30,0,46000,-120000,-74000
2008/10/01,0,1421000,-1813000,-392000
2008/10/02,0,30000,-96000,-66000
2008/10/03,0,117000,-102000,15000
2008/10/06,0,57000,-92345,-35345
2008/10/07,0,1601000,-1161000,440000
2008/10/08,0,29000,-392000,-363000
2008/10/09,0,1720000,-1782000,-62000
2008/10/10,0,0,0,0
2008/10/13,0,0,-55000,-55000
2008/10/14,0,80000,-3000,77000
2008/10/15,0,49000,-94207,-45207
2008/10/16,0,434000,-419000,15000
2008/10/17,0,845000,-1072000,-227000
2008/10/20,0,433000,-948954,-515954
2008/10/21,0,97000,-940000,-843000
2008/10/22,0,49000,-443000,-394000
2008/10/23,0,168000,-84141,83859
2008/10/24,0,590000,-62100,527900
2008/10/27,0,283000,-471000,-188000
2008/10/28,0,993000,-143000,850000
2008/10/29,0,832000,-398000,434000
2008/10/30,0,1058000,-509296,548704
2008/10/31,0,666000,-673000,-7000
2008/11/03,0,934000,-483000,451000
2008/11/04,0,682000,-678000,4000
2008/11/05,0,332000,-596000,-264000
2008/11/06,0,291000,-425000,-134000
2008/11/07,0,707000,-397000,310000
2008/11/10,0,258000,-459000,-201000
2008/11/11,0,315000,-326000,-11000
2008/11/12,0,247000,-259000,-12000
2008/11/13,0,305000,-654072,-349072
2008/11/14,0,404000,-137000,267000
2008/11/17,0,305000,-261000,44000
2008/11/18,0,101000,-364000,-263000
2008/11/19,0,259000,-225000,34000
2008/11/20,0,75000,-608000,-533000
2008/11/21,0,429000,-59000,370000
2008/11/24,0,133000,-201070,-68070
2008/11/25,0,585000,-129000,456000
2008/11/26,0,406000,-9000,397000
2008/11/27,0,1161000,-118000,1043000
2008/11/28,0,473000,-116000,357000
2008/12/01,0,1388000,-24000,1364000
2008/12/02,0,975000,-1429000,-454000
2008/12/03,0,2648000,-474000,2174000
2008/12/04,0,92000,-1203891,-1111891
2008/12/05,0,88000,-742000,-654000
2008/12/08,0,1039000,-53000,986000
2008/12/09,0,386000,-606000,-220000
2008/12/10,0,1277000,-241000,1036000
2008/12/11,0,146000,-944000,-798000
2008/12/12,0,235000,-513000,-278000
2008/12/15,0,312000,-339000,-27000
2008/12/16,0,121000,-187000,-66000
2008/12/17,0,289000,-168000,121000
2008/12/18,0,2711000,-88000,2623000
2008/12/19,0,478000,-1705000,-1227000
2008/12/22,0,92000,-1085000,-993000
2008/12/23,0,111000,-794000,-683000
2008/12/24,0,335000,-33000,302000
2008/12/25,0,383000,-110000,273000
2008/12/26,0,95000,-590000,-495000
2008/12/29,0,21000,-210000,-189000
2008/12/30,0,292000,-42299,249701
2008/12/31,0,203000,-72000,131000
2009/01/01,0,0,0,0
2009/01/02,0,0,0,0
2009/01/05,0,772000,-51000,721000
2009/01/06,0,3454000,-614000,2840000
2009/01/07,0,1096000,-2398000,-1302000
2009/01/08,0,839000,-1623000,-784000
2009/01/09,0,278000,-83000,195000
2009/01/12,0,166000,-3051000,-2885000
2009/01/13,0,169000,-4759000,-4590000
2009/01/14,0,384000,-1585000,-1201000
2009/01/15,0,370000,-1894641,-1524641
2009/01/16,0,462000,-2358000,-1896000
2009/01/19,0,1739000,-197507,1541493
2009/01/20,0,391000,-807000,-416000
2009/01/21,0,885000,-940244,-55244
2009/01/22,0,0,0,0
2009/01/23,0,0,0,0
2009/01/26,0,0,0,0
2009/01/27,0,0,0,0
2009/01/28,0,0,0,0
2009/01/29,0,0,0,0
2009/01/30,0,0,0,0
2009/02/02,0,35000,-521000,-486000
2009/02/03,0,4395000,-1750000,2645000
2009/02/04,0,6418000,-4931000,1487000
2009/02/05,0,1746000,-3388000,-1642000
2009/02/06,0,3221000,-1090000,2131000
2009/02/09,0,1155000,-283000,872000
2009/02/10,0,8000,-388000,-380000
2009/02/11,0,383000,-596000,-213000
2009/02/12,0,436000,-264000,172000
2009/02/13,0,735000,-2634000,-1899000
2009/02/16,0,210000,-1016000,-806000
2009/02/17,0,21000,-449000,-428000
2009/02/18,0,1552000,-1715982,-163982
2009/02/19,0,1830000,-842000,988000
2009/02/20,0,787000,-737747,49253
2009/02/23,0,75000,-692000,-617000
2009/02/24,0,1351000,-1165000,186000
2009/02/25,0,1124000,-113000,1011000
2009/02/26,0,1473000,-221000,1252000
2009/02/27,0,1833000,-76000,1757000
2009/03/02,0,3184000,-1532000,1652000
2009/03/03,0,1227000,-118000,1109000
2009/03/04,0,397000,-66000,331000
2009/03/05,0,1429000,-365000,1064000
2009/03/06,0,147000,-175000,-28000
2009/03/09,0,85000,-8000,77000
2009/03/10,0,60000,-1950000,-1890000
2009/03/11,0,123000,-9454000,-9331000
2009/03/12,0,1087000,-2874000,-1787000
2009/03/13,0,1104000,-2437000,-1333000
2009/03/16,0,669000,-2694000,-2025000
2009/03/17,0,1871000,-1095000,776000
2009/03/18,0,1138000,-1693000,-555000
2009/03/19,0,193000,-603000,-410000
2009/03/20,0,473000,-703231,-230231
2009/03/23,0,996000,-659000,337000
2009/03/24,0,2657000,-714012,1942988
2009/03/25,0,1050000,-1270000,-220000
2009/03/26,0,451000,-2742000,-2291000
2009/03/27,0,985000,-1244000,-259000
2009/03/30,0,1575000,-926000,649000
2009/03/31,0,363000,-2083000,-1720000
2009/04/01,0,1106000,-276000,830000
2009/04/02,0,2549000,-1013000,1536000
2009/04/03,0,970000,-4314000,-3344000
2009/04/06,0,809000,-425000,384000
2009/04/07,0,1177000,-858000,319000
2009/04/08,0,1156000,-2823000,-1667000
2009/04/09,0,1780000,-3371000,-1591000
2009/04/10,0,924000,-1964000,-1040000
2009/04/13,0,1963000,-1110000,853000
2009/04/14,0,1983000,-677000,1306000
2009/04/15,0,3905000,-3112000,793000
2009/04/16,0,578000,-5892000,-5314000
2009/04/17,0,311000,-2724476,-2413476
2009/04/20,0,1557000,-327000,1230000
2009/04/21,0,894000,-174000,720000
2009/04/22,0,237000,-665432,-428432
2009/04/23,0,327000,-727000,-400000
2009/04/24,0,317000,-535000,-218000
2009/04/27,0,404000,-1442000,-1038000
2009/04/28,0,1863000,-2447000,-584000
2009/04/29,0,1959000,-476000,1483000
2009/04/30,0,997000,-2000,995000
2009/05/01,0,0,0,0
2009/05/04,0,3209000,-3666000,-457000
2009/05/05,0,2525000,-1843000,682000
2009/05/06,0,2036000,-792000,1244000
2009/05/07,0,3214000,-1543000,1671000
2009/05/08,0,543000,-879000,-336000
2009/05/11,0,171000,-1595457,-1424457
2009/05/12,0,137000,-1583000,-1446000
2009/05/13,0,836000,-1088000,-252000
2009/05/14,0,399000,-1932000,-1533000
2009/05/15,0,920000,-314000,606000
2009/05/18,0,490000,-1108000,-618000
2009/05/19,0,608000,-280000,328000
2009/05/20,0,27000,-1247000,-1220000
2009/05/21,0,230000,-404000,-174000
2009/05/22,0,400000,-187000,213000
2009/05/25,0,14000,-16874,-2874
2009/05/26,0,138000,-694000,-556000
2009/05/27,0,643000,-217000,426000
2009/05/28,0,0,0,0
2009/05/29,0,0,0,0
2009/06/01,0,215000,-140000,75000
2009/06/02,0,1200000,-31000,1169000
2009/06/03,0,167000,-160000,7000
2009/06/04,0,338000,-317000,21000
2009/06/05,0,7000,-110000,-103000
2009/06/08,0,105000,-469000,-364000
2009/06/09,0,575000,-800000,-225000
2009/06/10,0,155000,-97282,57718
2009/06/11,0,1316000,-265000,1051000
2009/06/12,0,0,-619000,-619000
2009/06/15,0,46000,-1909000,-1863000
2009/06/16,0,64000,-1534000,-1470000
2009/06/17,0,21414,-3000,18414
2009/06/18,0,11000,-1961000,-1950000
2009/06/19,0,181000,-673000,-492000
2009/06/22,0,32000,-604000,-572000
2009/06/23,0,500000,-795000,-295000
2009/06/24,0,2654000,-1112890,1541110
2009/06/25,0,72000,-194000,-122000
2009/06/26,0,1456000,-503000,953000
2009/06/29,0,64000,-245000,-181000
2009/06/30,0,766000,-17000,749000
2009/07/01,0,554000,0,554000
2009/07/02,0,29000,-12000,17000
2009/07/03,0,636000,-83000,553000
2009/07/06,0,38000,-442000,-404000
2009/07/07,0,133880,-1937000,-1803120
2009/07/08,0,700000,-2063000,-1363000
2009/07/09,0,967000,-95000,872000
2009/07/10,0,286000,-44000,242000
2009/07/13,0,219000,-258000,-39000
2009/07/14,0,62000,-75048,-13048
2009/07/15,0,162134,-15000,147134
2009/07/16,0,58000,-38000,20000
2009/07/17,0,155000,0,155000
2009/07/20,0,380000,-3000,377000
2009/07/21,0,21000,-89000,-68000
2009/07/22,0,217000,0,217000
2009/07/23,0,98000,-58000,40000
2009/07/24,0,23177,-335000,-311823
2009/07/27,0,181000,-149000,32000
2009/07/28,0,689439,-475000,214439
2009/07/29,0,923000,-2291000,-1368000
2009/07/30,0,231000,-224000,7000
2009/07/31,0,20000,-109000,-89000
2009/08/03,0,11145,-578000,-566855
2009/08/04,0,58000,-528000,-470000
2009/08/05,0,198000,-416000,-218000
2009/08/06,0,17000,-57000,-40000
2009/08/07,0,0,0,0
2009/08/10,0,394000,-915000,-521000
2009/08/11,0,40000,-493000,-453000
2009/08/12,0,120000,-567000,-447000
2009/08/13,0,648000,-589000,59000
2009/08/14,0,31000,-782000,-751000
2009/08/17,0,172000,-166000,6000
2009/08/18,0,155000,-1788000,-1633000
2009/08/19,0,50000,-104000,-54000
2009/08/20,0,50000,-273000,-223000
2009/08/21,0,3000,-734000,-731000
2009/08/24,0,37000,-159000,-122000
2009/08/25,0,0,-200000,-200000
2009/08/26,0,0,-231000,-231000
2009/08/27,0,0,0,0
2009/08/28,0,0,0,0
2009/08/31,0,0,0,0
2009/09/01,0,0,0,0
2009/09/02,0,0,0,0
2009/09/03,0,0,0,0
2009/09/04,0,0,0,0
2009/09/07,0,0,0,0
2009/09/08,0,0,0,0
2009/09/09,0,0,0,0
2009/09/10,0,0,0,0
2009/09/11,0,0,0,0
2009/09/14,0,0,0,0
2009/09/15,0,0,0,0
2009/09/16,0,1000,-8240,-7240
2009/09/17,0,0,0,0
2009/09/18,0,7000,-14000,-7000
2009/09/21,0,1000,-11000,-10000
2009/09/22,0,0,0,0
2009/09/23,0,0,-2000,-2000
2009/09/24,0,0,0,0
2009/09/25,0,0,-734000,-734000
2009/09/28,0,0,-297,-297
2009/09/29,0,15000,0,15000
2009/09/30,0,731000,-1323000,-592000
2009/10/01,0,570000,-1313000,-743000
2009/10/02,0,31000,-204000,-173000
2009/10/05,0,1000,0,1000
2009/10/06,0,1000000,-150000,850000
2009/10/07,0,100000,-31000,69000
2009/10/08,0,0,0,0
2009/10/09,0,2000,-85000,-83000
2009/10/12,0,0,-34000,-34000
2009/10/13,0,1251000,-1884000,-633000
2009/10/14,0,105000,-1700000,-1595000
2009/10/15,0,200000,-4716000,-4516000
2009/10/16,0,1000,-694000,-693000
2009/10/19,0,0,-392000,-392000
2009/10/20,0,200000,-111000,89000
2009/10/21,0,1000,-311000,-310000
2009/10/22,0,1000,-50000,-49000
2009/10/23,0,0,0,0
2009/10/26,0,2000,-570000,-568000
2009/10/27,0,1000,0,1000
2009/10/28,0,0,-218000,-218000
2009/10/29,0,23000,-2000,21000
2009/10/30,0,2000,-167000,-165000
2009/11/02,0,2000,-22000,-20000
2009/11/03,0,0,-538000,-538000
2009/11/04,0,3000,-800000,-797000
2009/11/05,0,6000,-1604000,-1598000
2009/11/06,0,2000,0,2000
2009/11/09,0,1257000,-1000,1256000
2009/11/10,0,625000,-140000,485000
2009/11/11,0,508000,-1389000,-881000
2009/11/12,0,30000,-540000,-510000
2009/11/13,0,125000,-350000,-225000
2009/11/16,0,5000,0,5000
2009/11/17,0,25000,-203000,-178000
2009/11/18,0,0,-7000,-7000
2009/11/19,0,14000,-805,13195
2009/11/20,0,1000,-6000,-5000
2009/11/23,0,0,-5000,-5000
2009/11/24,0,5000,0,5000
2009/11/25,0,43000,0,43000
2009/11/26,0,22000,0,22000
2009/11/27,0,0,-65000,-65000
2009/11/30,0,0,0,0
2009/12/01,0,32000,-9000,23000
2009/12/02,0,0,-4000,-4000
2009/12/03,0,0,0,0
2009/12/04,0,0,-1193887,-1193887
2009/12/07,0,130000,0,130000
2009/12/08,0,0,-3000,-3000
2009/12/09,0,0,-230000,-230000
2009/12/10,0,290000,-309000,-19000
2009/12/11,0,135000,-28000,107000
2009/12/14,0,1000,-451000,-450000
2009/12/15,0,2000,-184000,-182000
2009/12/16,0,11000,-162000,-151000
2009/12/17,0,520000,-300000,220000
2009/12/18,0,9000,-649000,-640000
2009/12/21,0,0,0,0
2009/12/22,0,600000,-300000,300000
2009/12/23,0,0,-152000,-152000
2009/12/24,0,0,-101000,-101000
2009/12/25,0,0,0,0
2009/12/28,0,161000,0,161000
2009/12/29,0,37000,0,37000
2009/12/30,0,7000,0,7000
2009/12/31,0,113000,0,113000
2010/01/01,0,0,0,0
2010/01/04,0,1000,-32000,-31000
2010/01/05,0,0,-161000,-161000
2010/01/06,0,691000,-32000,659000
2010/01/07,0,78000,-600000,-522000
2010/01/08,0,188000,-215000,-27000
2010/01/11,0,27000,-16000,11000
2010/01/12,0,10000,-5000,5000
2010/01/13,0,120000,-10000,110000
2010/01/14,0,51000,0,51000
2010/01/15,0,0,-3000,-3000
2010/01/18,0,24000,-16000,8000
2010/01/19,0,31000,0,31000
2010/01/20,0,29983,-20000,9983
2010/01/21,0,25000,-2000,23000
2010/01/22,0,14000,-42000,-28000
2010/01/25,0,0,-125000,-125000
2010/01/26,0,10000,-441000,-431000
2010/01/27,0,0,-71000,-71000
2010/01/28,0,0,-34000,-34000
2010/01/29,0,262000,-73000,189000
2010/02/01,0,100000,-133000,-33000
2010/02/02,0,0,-89000,-89000
2010/02/03,0,0,0,0
2010/02/04,0,0,0,0
2010/02/05,0,11000,-302000,-291000
2010/02/08,0,10000,-400000,-390000
2010/02/09,0,6000,-8000,-2000
2010/02/10,0,0,-7000,-7000
2010/02/11,0,0,0,0
2010/02/12,0,0,0,0
2010/02/15,0,0,0,0
2010/02/16,0,0,0,0
2010/02/17,0,0,0,0
2010/02/18,0,0,0,0
2010/02/19,0,0,0,0
2010/02/22,0,41000,0,41000
2010/02/23,0,0,0,0
2010/02/24,0,2000,0,2000
2010/02/25,0,0,-10000,-10000
2010/02/26,0,6000,-3000,3000
2010/03/01,0,8000,-20000,-12000
2010/03/02,0,0,0,0
2010/03/03,0,302000,0,302000
2010/03/04,0,0,-322000,-322000
2010/03/05,0,17000,0,17000
2010/03/08,0,32000,0,32000
2010/03/09,0,0,0,0
2010/03/10,0,3000,-2000,1000
2010/03/11,0,452000,0,452000
2010/03/12,0,7000,-219000,-212000
2010/03/15,0,100000,-524000,-424000
2010/03/16,0,103000,-100000,3000
2010/03/17,0,19000,-50000,-31000
2010/03/18,0,89000,-100000,-11000
2010/03/19,0,501000,-79000,422000
2010/03/22,0,1200000,-20000,1180000
2010/03/23,0,1004000,-3000,1001000
2010/03/24,0,20000,-2000,18000
2010/03/25,0,96000,0,96000
2010/03/26,0,467000,0,467000
2010/03/29,0,642000,-200000,442000
2010/03/30,0,1100000,-275000,825000
2010/03/31,0,0,-131000,-131000
2010/04/01,0,1300000,-1519016,-219016
2010/04/02,0,1118000,-600000,518000
2010/04/05,0,0,0,0
2010/04/06,0,1297000,-63000,1234000
2010/04/07,0,0,-410000,-410000
2010/04/08,0,2326000,-2501000,-175000
2010/04/09,0,839000,-1800000,-961000
2010/04/12,0,72000,-19000,53000
2010/04/13,0,15000,-3025000,-3010000
2010/04/14,0,0,-7000,-7000
2010/04/15,0,10000,-18201000,-18191000
2010/04/16,0,0,-4860000,-4860000
2010/04/19,0,3000000,-87000,2913000
2010/04/20,0,1099000,-7069000,-5970000
2010/04/21,0,250000,-920000,-670000
2010/04/22,0,667000,-24000,643000
2010/04/23,0,671000,-7000,664000
2010/04/26,0,5406000,-8348000,-2942000
2010/04/27,0,1352000,-3128000,-1776000
2010/04/28,0,4253000,-547000,3706000
2010/04/29,0,3267000,-3341000,-74000
2010/04/30,0,697000,-8203000,-7506000
2010/05/03,0,735000,-747000,-12000
2010/05/04,0,2000000,-881000,1119000
2010/05/05,0,2835000,-1245000,1590000
2010/05/06,0,954000,-1991000,-1037000
2010/05/07,0,4196000,-1216057,2979943
2010/05/10,0,1044000,-2934000,-1890000
2010/05/11,0,933000,-7032349,-6099349
2010/05/12,0,99000,-2959000,-2860000
2010/05/13,0,4000,-1715000,-1711000
2010/05/14,0,196000,-219000,-23000
2010/05/17,0,480000,-174000,306000
2010/05/18,0,144000,-405000,-261000
2010/05/19,0,2513000,-513000,2000000
2010/05/20,0,2030000,-511000,1519000
2010/05/21,0,1008000,-1679000,-671000
2010/05/24,0,0,-1090000,-1090000
2010/05/25,0,778000,-84000,694000
2010/05/26,0,560000,-1262000,-702000
2010/05/27,0,558000,0,558000
2010/05/28,0,1250000,-504000,746000
2010/05/31,0,537000,-3405000,-2868000
2010/06/01,0,640000,-261000,379000
2010/06/02,0,206000,-277000,-71000
2010/06/03,0,67000,-38000,29000
2010/06/04,0,0,-9000,-9000
2010/06/07,0,319000,-79000,240000
2010/06/08,0,1550000,-339000,1211000
2010/06/09,0,1220000,-62000,1158000
2010/06/10,0,182000,-660000,-478000
2010/06/11,0,2358000,-2938000,-580000
2010/06/14,0,133000,-6239000,-6106000
2010/06/15,0,182000,-9673889,-9491889
2010/06/16,0,0,0,0
2010/06/17,0,219000,-175000,44000
2010/06/18,0,1386000,-6000,1380000
2010/06/21,0,953000,-4189000,-3236000
2010/06/22,0,411000,-3409000,-2998000
2010/06/23,0,1620000,-418000,1202000
2010/06/24,0,100000,-819644,-719644
2010/06/25,0,366000,-120000,246000
2010/06/28,0,313000,-2019000,-1706000
2010/06/29,0,510000,-946000,-436000
2010/06/30,0,956000,-6179000,-5223000
2010/07/01,0,2080000,-5367000,-3287000
2010/07/02,0,993000,-1077000,-84000
2010/07/05,0,175000,-1587000,-1412000
2010/07/06,0,1187000,-891000,296000
2010/07/07,0,1096000,-4408000,-3312000
2010/07/08,0,1736000,-5539000,-3803000
2010/07/09,0,1753000,-18000,1735000
2010/07/12,0,219000,-473000,-254000
2010/07/13,0,155000,-1157000,-1002000
2010/07/14,0,1209000,-2314000,-1105000
2010/07/15,0,1676000,-4220000,-2544000
2010/07/16,0,210000,-270000,-60000
2010/07/19,0,1255278,-2409000,-1153722
2010/07/20,0,1921000,-720000,1201000
2010/07/21,0,368000,-357000,11000
2010/07/22,0,2220000,-449000,1771000
2010/07/23,0,1064000,-837300,226700
2010/07/26,0,190000,-339000,-149000
2010/07/27,0,20000,-865000,-845000
2010/07/28,0,361000,-654000,-293000
2010/07/29,0,705000,-1544000,-839000
2010/07/30,0,1569000,-246000,1323000
2010/08/02,0,5556000,-1412000,4144000
2010/08/03,0,4818000,-3229867,1588133
2010/08/04,0,892000,-3497000,-2605000
2010/08/05,0,2149000,-1769000,380000
2010/08/06,0,288000,-716000,-428000
2010/08/09,0,73000,-650000,-577000
2010/08/10,0,1250000,-3951000,-2701000
2010/08/11,0,1147000,-1578000,-431000
2010/08/12,0,380000,-821000,-441000
2010/08/13,0,1801000,-3487000,-1686000
2010/08/16,0,260000,-3800000,-3540000
2010/08/17,0,2320000,-4719000,-2399000
2010/08/18,0,913000,-3103000,-2190000
2010/08/19,0,2423000,-79000,2344000
2010/08/20,0,3090000,-501322,2588678
2010/08/23,0,1021000,-1948000,-927000
2010/08/24,0,850000,-896000,-46000
2010/08/25,0,2105000,-520000,1585000
2010/08/26,0,1005000,-396000,609000
2010/08/27,0,2045000,-384000,1661000
2010/08/30,0,2628000,-1744000,884000
2010/08/31,0,192000,-1474000,-1282000
2010/09/01,0,1270000,-1143000,127000
2010/09/02,0,453000,-2132000,-1679000
2010/09/03,0,1149000,-292000,857000
2010/09/06,0,1224000,-2321000,-1097000
2010/09/07,0,1420000,-446000,974000
2010/09/08,0,1918000,-685000,1233000
2010/09/09,0,4064000,-1317000,2747000
2010/09/10,0,785712,-1393000,-607288
2010/09/13,0,1863000,-4000000,-2137000
2010/09/14,0,1739000,-344000,1395000
2010/09/15,0,2160000,-530000,1630000
2010/09/16,0,1878000,-2249000,-371000
2010/09/17,0,2927000,-4138000,-1211000
2010/09/20,0,936000,-1687000,-751000
2010/09/21,0,830000,-2294000,-1464000
2010/09/22,0,0,0,0
2010/09/23,0,1366000,-1492090,-126090
2010/09/24,0,901000,-2662000,-1761000
2010/09/27,0,1388000,-2169000,-781000
2010/09/28,0,1171000,-550000,621000
2010/09/29,0,1288000,-2357000,-1069000
2010/09/30,0,502000,-800000,-298000
2010/10/01,0,443000,-355000,88000
2010/10/04,0,2085000,-1588000,497000
2010/10/05,0,1037000,-2157000,-1120000
2010/10/06,0,729000,-1629000,-900000
2010/10/07,0,876000,-968302,-92302
2010/10/08,0,325000,-967000,-642000
2010/10/11,0,653000,-404000,249000
2010/10/12,0,255000,-398000,-143000
2010/10/13,0,2597000,-1513000,1084000
2010/10/14,0,724000,-873747,-149747
2010/10/15,0,1760000,-842000,918000
2010/10/18,0,575000,-1257000,-682000
2010/10/19,0,122000,-1226000,-1104000
2010/10/20,0,596000,-1136000,-540000
2010/10/21,0,203000,-811000,-608000
2010/10/22,0,1928000,-247000,1681000
2010/10/25,0,1235000,-2909000,-1674000
2010/10/26,0,424000,-528000,-104000
2010/10/27,0,1372000,-3372000,-2000000
2010/10/28,0,976000,-1161578,-185578
2010/10/29,0,87000,-686000,-599000
2010/11/01,0,2070000,-1516000,554000
2010/11/02,0,1968000,-3614000,-1646000
2010/11/03,0,408000,-2027000,-1619000
2010/11/04,0,601000,-403409,197591
2010/11/05,0,1550000,-888000,662000
2010/11/08,0,530000,-703000,-173000
2010/11/09,0,891000,-413000,478000
2010/11/10,0,539000,-473000,66000
2010/11/11,0,1375000,-518000,857000
2010/11/12,0,146000,-392000,-246000
2010/11/15,0,153000,-383000,-230000
2010/11/16,0,1966000,-1448000,518000
2010/11/17,0,649000,-546000,103000
2010/11/18,0,1146000,-1302000,-156000
2010/11/19,0,666000,-1177000,-511000
2010/11/22,0,706000,-658000,48000
2010/11/23,0,1173000,-1372000,-199000
2010/11/24,0,704000,-680000,24000
2010/11/25,0,1187000,-446000,741000
2010/11/26,0,816000,-250000,566000
2010/11/29,0,3128000,-3037000,91000
2010/11/30,0,1375000,-1715000,-340000
2010/12/01,0,2068000,-1182000,886000
2010/12/02,0,1812000,-1175000,637000
2010/12/03,0,1021000,-1241000,-220000
2010/12/06,0,1513000,-213000,1300000
2010/12/07,0,721000,-1561000,-840000
2010/12/08,0,613000,-728000,-115000
2010/12/09,0,1323000,-705000,618000
2010/12/10,0,675000,-1289000,-614000
2010/12/13,0,953000,-1130000,-177000
2010/12/14,0,1406000,-1455000,-49000
2010/12/15,0,984000,-1190000,-206000
2010/12/16,0,637000,-478000,159000
2010/12/17,0,799000,-897000,-98000
2010/12/20,0,1393000,-1485000,-92000
2010/12/21,0,397000,-1156000,-759000
2010/12/22,0,2093000,-2031000,62000
2010/12/23,0,575226,-2171000,-1595774
2010/12/24,0,661000,-590000,71000
2010/12/27,0,513000,-405000,108000
2010/12/28,0,336000,-262000,74000
2010/12/29,0,972000,-771000,201000
2010/12/30,0,6157000,-1325000,4832000
2010/12/31,0,692000,-752000,-60000
2011/01/03,0,1966000,-1349000,617000
2011/01/04,0,1183000,-887000,296000
2011/01/05,0,1091000,-2666000,-1575000
2011/01/06,0,530000,-1218000,-688000
2011/01/07,0,640000,-317000,323000
2011/01/10,0,1154000,-2010000,-856000
2011/01/11,0,319000,-441000,-122000
2011/01/12,0,214000,-677000,-463000
2011/01/13,0,1592000,-330000,1262000
2011/01/14,0,1463000,-770890,692110
2011/01/17,0,912000,-2279000,-1367000
2011/01/18,0,3313000,-918000,2395000
2011/01/19,0,1529000,-307000,1222000
2011/01/20,0,654000,-1002000,-348000
2011/01/21,0,979000,-582000,397000
2011/01/24,0,1018000,-772000,246000
2011/01/25,0,328000,-411000,-83000
2011/01/26,0,1468000,-497000,971000
2011/01/27,0,342000,-1075000,-733000
2011/01/28,0,552000,-1126000,-574000
2011/01/31,0,0,0,0
2011/02/01,0,0,0,0
2011/02/02,0,0,0,0
2011/02/03,0,0,0,0
2011/02/04,0,0,0,0
2011/02/07,0,0,0,0
2011/02/08,0,1770000,-4377000,-2607000
2011/02/09,0,110000,-1380000,-1270000
2011/02/10,0,169000,-766000,-597000
2011/02/11,0,609000,-3800134,-3191134
2011/02/14,0,1523000,-595000,928000
2011/02/15,0,355000,-1175000,-820000
2011/02/16,0,146000,-532000,-386000
2011/02/17,0,399000,-5043000,-4644000
2011/02/18,0,350000,-180000,170000
2011/02/21,0,346000,-3850000,-3504000
2011/02/22,0,558000,-1992000,-1434000
2011/02/23,0,2630000,-1181000,1449000
2011/02/24,0,1384000,-363000,1021000
2011/02/25,0,258000,-212000,46000
2011/02/28,0,0,0,0
2011/03/01,0,332000,-1829000,-1497000
2011/03/02,0,130000,-1123000,-993000
2011/03/03,0,85000,-272000,-187000
2011/03/04,0,410000,-115202,294798
2011/03/07,0,481000,-581000,-100000
2011/03/08,0,408000,-282000,126000
2011/03/09,0,875000,-456000,419000
2011/03/10,0,1032000,-241000,791000
2011/03/11,0,96000,-355000,-259000
2011/03/14,0,258000,-1189000,-931000
2011/03/15,0,261000,-513000,-252000
2011/03/16,0,405000,-182000,223000
2011/03/17,0,88000,-219000,-131000
2011/03/18,0,325000,-798000,-473000
2011/03/21,0,1000,-219000,-218000
2011/03/22,0,11000,-56000,-45000
2011/03/23,0,30000,-126000,-96000
2011/03/24,0,1000,-2000,-1000
2011/03/25,0,370000,-10000,360000
2011/03/28,0,70000,-117000,-47000
2011/03/29,0,25000,-10000,15000
2011/03/30,0,0,-20000,-20000
2011/03/31,0,50000,-1000,49000
2011/04/01,0,164000,-127000,37000
2011/04/04,0,0,0,0
2011/04/05,0,0,0,0
2011/04/06,0,158000,-56000,102000
2011/04/07,0,1934000,-78000,1856000
2011/04/08,0,1489000,-1168000,321000
2011/04/11,0,815000,-135000,680000
2011/04/12,0,807000,-1122000,-315000
2011/04/13,0,2053000,-598000,1455000
2011/04/14,0,152000,-454000,-302000
2011/04/15,0,15000,-1730000,-1715000
2011/04/18,0,51000,-729000,-678000
2011/04/19,0,168000,-274000,-106000
2011/04/20,0,99000,-59000,40000
2011/04/21,0,132000,-111000,21000
2011/04/22,0,825000,-99000,726000
2011/04/25,0,1168000,-227000,941000
2011/04/26,0,184000,-427000,-243000
2011/04/27,0,258000,-293000,-35000
2011/04/28,0,204000,-330000,-126000
2011/04/29,0,195000,-112000,83000
2011/05/02,0,0,0,0
2011/05/03,0,35000,-914109,-879109
2011/05/04,0,199000,-407000,-208000
2011/05/05,0,461000,-147000,314000
2011/05/06,0,2091000,-710000,1381000
2011/05/09,0,1179000,-679000,500000
2011/05/10,0,242000,-591000,-349000
2011/05/11,0,110000,-205346,-95346
2011/05/12,0,109000,-299000,-190000
2011/05/13,0,61000,-285000,-224000
2011/05/16,0,1031000,-1032000,-1000
2011/05/17,0,396000,-357000,39000
2011/05/18,0,273000,-195000,78000
2011/05/19,0,55000,-563436,-508436
2011/05/20,0,378000,-92000,286000
2011/05/23,0,30000,-592000,-562000
2011/05/24,0,35000,-105000,-70000
2011/05/25,0,206000,-272000,-66000
2011/05/26,0,544000,-167000,377000
2011/05/27,0,559000,-312000,247000
2011/05/30,0,399000,-65000,334000
2011/05/31,0,288000,-133000,155000
2011/06/01,0,190000,-59000,131000
2011/06/02,0,248000,-143000,105000
2011/06/03,0,49000,-41000,8000
2011/06/06,0,0,0,0
2011/06/07,0,42000,-95000,-53000
2011/06/08,0,78000,-165000,-87000
2011/06/09,0,65000,-342000,-277000
2011/06/10,0,131000,-367000,-236000
2011/06/13,0,294000,-201000,93000
2011/06/14,0,306000,-458000,-152000
2011/06/15,0,335000,-404000,-69000
2011/06/16,0,485000,-144000,341000
2011/06/17,0,167000,-1394000,-1227000
2011/06/20,0,769000,-284000,485000
2011/06/21,0,492000,-464000,28000
2011/06/22,0,301000,-576000,-275000
2011/06/23,0,111000,-195000,-84000
2011/06/24,0,649000,-285000,364000
2011/06/27,0,946000,-602000,344000
2011/06/28,0,351000,-722000,-371000
2011/06/29,0,2258000,-265000,1993000
2011/06/30,0,684000,-607000,77000
2011/07/01,0,620000,-680000,-60000
2011/07/04,0,744000,-450000,294000
2011/07/05,0,135000,-354921,-219921
2011/07/06,0,450000,-220000,230000
2011/07/07,0,411000,-304000,107000
2011/07/08,0,187000,-763000,-576000
2011/07/11,0,812000,-128000,684000
2011/07/12,0,194000,-283000,-89000
2011/07/13,0,308000,-783000,-475000
2011/07/14,0,1167000,-1440000,-273000
2011/07/15,0,172000,-481000,-309000
2011/07/18,0,20000,-39000,-19000
2011/07/19,0,73000,-402000,-329000
2011/07/20,0,152000,-83000,69000
2011/07/21,0,5000,-95000,-90000
2011/07/22,0,159000,-87000,72000
2011/07/25,0,18000,-147000,-129000
2011/07/26,0,20000,-269000,-249000
2011/07/27,0,270000,-1022000,-752000
2011/07/28,0,267000,-210000,57000
2011/07/29,0,318000,-229000,89000
2011/08/01,0,242000,-247000,-5000
2011/08/02,0,100000,-173000,-73000
2011/08/03,0,156000,-371000,-215000
2011/08/04,0,383000,-389000,-6000
2011/08/05,0,467000,-164000,303000
2011/08/08,0,103000,-413000,-310000
2011/08/09,0,100000,-153000,-53000
2011/08/10,0,1125000,-140000,985000
2011/08/11,0,150000,-158440,-8440
2011/08/12,0,248000,-137000,111000
2011/08/15,0,49000,-46000,3000
2011/08/16,0,62000,-274000,-212000
2011/08/17,0,121000,-47000,74000
2011/08/18,0,63000,-228000,-165000
2011/08/19,0,18000,-877000,-859000
2011/08/22,0,51000,-30000,21000
2011/08/23,0,357000,-101000,256000
2011/08/24,0,288000,-181000,107000
2011/08/25,0,220000,-100000,120000
2011/08/26,0,38000,-72000,-34000
2011/08/29,0,15000,-15000,0
2011/08/30,0,0,-60000,-60000
2011/08/31,0,29000,-45000,-16000
2011/09/01,0,146000,-114000,32000
2011/09/02,0,727000,-276000,451000
2011/09/05,0,55000,-543000,-488000
2011/09/06,0,10000,-109000,-99000
2011/09/07,0,54000,-4000,50000
2011/09/08,0,40000,-115000,-75000
2011/09/09,0,145000,-37000,108000
2011/09/12,0,0,0,0
2011/09/13,0,125000,-56000,69000
2011/09/14,0,55000,-141000,-86000
2011/09/15,0,129000,-30000,99000
2011/09/16,0,121000,-79000,42000
2011/09/19,0,76000,-46000,30000
2011/09/20,0,104000,-153000,-49000
2011/09/21,0,470000,-61000,409000
2011/09/22,0,96000,-363000,-267000
2011/09/23,0,871000,-252000,619000
2011/09/26,0,196000,-392000,-196000
2011/09/27,0,268000,-56000,212000
2011/09/28,0,525000,-311000,214000
2011/09/29,0,417000,-68000,349000
2011/09/30,0,808000,-281000,527000
2011/10/03,0,424000,-433000,-9000
2011/10/04,0,85000,-506000,-421000
2011/10/05,0,55000,-52958,2042
2011/10/06,0,180000,-184000,-4000
2011/10/07,0,289000,-82000,207000
2011/10/10,0,0,0,0
2011/10/11,0,380000,-111000,269000
2011/10/12,0,209000,-255000,-46000
2011/10/13,0,1457000,-142000,1315000
2011/10/14,0,370000,-326000,44000
2011/10/17,0,45000,-1623000,-1578000
2011/10/18,0,70000,-112000,-42000
2011/10/19,0,95000,-61000,34000
2011/10/20,0,0,-63000,-63000
2011/10/21,0,26078,-77000,-50922
2011/10/24,0,525000,-10000,515000
2011/10/25,0,138000,-185000,-47000
2011/10/26,0,1135000,-38000,1097000
2011/10/27,0,1417000,-478000,939000
2011/10/28,0,340000,-1111000,-771000
2011/10/31,0,324000,-549000,-225000
2011/11/01,0,144000,-55000,89000
2011/11/02,0,188000,-148000,40000
2011/11/03,0,555000,-428000,127000
2011/11/04,0,710000,-320000,390000
2011/11/07,0,351000,-201000,150000
2011/11/08,0,135000,-223000,-88000
2011/11/09,0,12000,-303000,-291000
2011/11/10,0,55000,-658000,-603000
2011/11/11,0,292000,-93000,199000
2011/11/14,0,278000,-452000,-174000
2011/11/15,0,31000,-196000,-165000
2011/11/16,0,36000,-521000,-485000
2011/11/17,0,60000,-119000,-59000
2011/11/18,0,114000,-746000,-632000
2011/11/21,0,191000,-424053,-233053
2011/11/22,0,25000,-212000,-187000
2011/11/23,0,36000,-296000,-260000
2011/11/24,0,316000,-44000,272000
2011/11/25,0,104000,-223000,-119000
2011/11/28,0,19000,-38000,-19000
2011/11/29,0,40000,-29000,11000
2011/11/30,0,0,-233000,-233000
2011/12/01,0,399000,-40000,359000
2011/12/02,0,43000,-256000,-213000
2011/12/05,0,20000,-161000,-141000
2011/12/06,0,25000,-135000,-110000
2011/12/07,0,25000,-202000,-177000
2011/12/08,0,18000,-142000,-124000
2011/12/09,0,6000,-176000,-170000
2011/12/12,0,11000,-36000,-25000
2011/12/13,0,51000,-125000,-74000
2011/12/14,0,0,-118000,-118000
2011/12/15,0,45000,-67000,-22000
2011/12/16,0,0,-57000,-57000
2011/12/19,0,20000,-164000,-144000
2011/12/20,0,3000,-28000,-25000
2011/12/21,0,148000,-6000,142000
2011/12/22,0,35000,-24000,11000
2011/12/23,0,692000,-23000,669000
2011/12/26,0,91000,-270000,-179000
2011/12/27,0,100000,-48000,52000
2011/12/28,0,144000,-35000,109000
2011/12/29,0,145000,-72000,73000
2011/12/30,0,244000,-135000,109000
2012/01/02,0,68000,-218000,-150000
2012/01/03,0,60000,-50000,10000
2012/01/04,0,15000,-107000,-92000
2012/01/05,0,357000,-137000,220000
2012/01/06,0,169000,-48000,121000
2012/01/09,0,44000,-62000,-18000
2012/01/10,0,471000,-66000,405000
2012/01/11,0,134000,-177000,-43000
2012/01/12,0,742000,-256000,486000
2012/01/13,0,374000,-399000,-25000
2012/01/16,0,24000,-650054,-626054
2012/01/17,0,200000,-79000,121000
2012/01/18,0,247000,-1626000,-1379000
2012/01/19,0,0,0,0
2012/01/20,0,0,0,0
2012/01/23,0,0,0,0
2012/01/24,0,0,0,0
2012/01/25,0,0,0,0
2012/01/26,0,0,0,0
2012/01/27,0,0,0,0
2012/01/30,0,72000,-407000,-335000
2012/01/31,0,308000,-112000,196000
2012/02/01,0,1366000,-224000,1142000
2012/02/02,0,137000,-1007000,-870000
2012/02/03,0,56000,-151000,-95000
2012/02/06,0,2804000,-159000,2645000
2012/02/07,0,113000,-726000,-613000
2012/02/08,0,396000,-73000,323000
2012/02/09,0,134000,-392000,-258000
2012/02/10,0,661000,-56000,605000
2012/02/13,0,399000,-222000,177000
2012/02/14,0,291000,-997000,-706000
2012/02/15,0,208043,-194000,14043
2012/02/16,0,253000,-948114,-695114
2012/02/17,0,222000,-1365000,-1143000
2012/02/20,0,92000,-189000,-97000
2012/02/21,0,119000,-376000,-257000
2012/02/22,0,102000,-62255,39745
2012/02/23,0,126000,-347000,-221000
2012/02/24,0,115000,-201000,-86000
2012/02/27,0,0,0,0
2012/02/28,0,0,0,0
2012/02/29,0,243000,-125000,118000
2012/03/01,0,177000,-188000,-11000
2012/03/02,0,119001,-92000,27001
2012/03/05,0,152000,-816000,-664000
2012/03/06,0,210000,-445000,-235000
2012/03/07,0,340000,-98000,242000
2012/03/08,0,461000,-325000,136000
2012/03/09,0,72000,-208000,-136000
2012/03/12,0,26000,-283000,-257000
2012/03/13,0,213000,-292000,-79000
2012/03/14,0,354000,-7000,347000
2012/03/15,0,70000,-86687,-16687
2012/03/16,0,82000,-83000,-1000
2012/03/19,0,85000,-286000,-201000
2012/03/20,0,5000,-148000,-143000
2012/03/21,0,71000,-44000,27000
2012/03/22,0,166000,-36000,130000
2012/03/23,0,44000,-85010,-41010
2012/03/26,0,0,-509000,-509000
2012/03/27,0,0,-418000,-418000
2012/03/28,0,49000,-62000,-13000
2012/03/29,0,8000,-174034,-166034
2012/03/30,0,110000,0,110000
2012/04/02,0,53000,-124000,-71000
2012/04/03,0,494000,-305000,189000
2012/04/04,0,0,0,0
2012/04/05,0,236000,-65571,170429
2012/04/06,0,92000,-371000,-279000
2012/04/09,0,4000,-108000,-104000
2012/04/10,0,31000,-128000,-97000
2012/04/11,0,234000,-21000,213000
2012/04/12,0,30000,-297000,-267000
2012/04/13,0,94000,-160000,-66000
2012/04/16,0,26000,-49000,-23000
2012/04/17,0,42000,-94000,-52000
2012/04/18,0,79000,-54000,25000
2012/04/19,0,23000,-67000,-44000
2012/04/20,0,30000,-14000,16000
2012/04/23,0,22000,-13417,8583
2012/04/24,0,183000,-6000,177000
2012/04/25,0,31000,-25000,6000
2012/04/26,0,10008,-335000,-324992
2012/04/27,0,69000,-48675,20325
2012/04/30,0,332000,-116000,216000
2012/05/01,0,0,0,0
2012/05/02,0,321000,-19000,302000
2012/05/03,0,783000,-340000,443000
2012/05/04,0,429000,-193000,236000
2012/05/07,0,66000,-399000,-333000
2012/05/08,0,176000,-761000,-585000
2012/05/09,0,161000,-99000,62000
2012/05/10,0,218000,-60000,158000
2012/05/11,0,538000,-106000,432000
2012/05/14,0,101000,-96000,5000
2012/05/15,0,62000,-4000,58000
2012/05/16,0,295000,-229000,66000
2012/05/17,0,212000,-51000,161000
2012/05/18,0,263000,-123000,140000
2012/05/21,0,43000,-28000,15000
2012/05/22,0,213000,-73000,140000
2012/05/23,0,82000,-951000,-869000
2012/05/24,0,140000,-118000,22000
2012/05/25,0,266000,-37000,229000
2012/05/28,0,9000,-125000,-116000
2012/05/29,0,459000,-25000,434000
2012/05/30,0,342000,-25000,317000
2012/05/31,0,273000,-249000,24000
2012/06/01,0,216000,-831000,-615000
2012/06/04,0,641000,-726000,-85000
2012/06/05,0,73000,-959000,-886000
2012/06/06,0,173000,-213000,-40000
2012/06/07,0,3000,-27000,-24000
2012/06/08,0,16000,-440651,-424651
2012/06/11,0,81000,-8000,73000
2012/06/12,0,188000,-56000,132000
2012/06/13,0,75000,-21000,54000
2012/06/14,0,18000,-153131,-135131
2012/06/15,0,1000,-217427,-216427
2012/06/18,0,426000,-150000,276000
2012/06/19,0,48000,-201000,-153000
2012/06/20,0,108000,-250000,-142000
2012/06/21,0,131000,-115000,16000
2012/06/22,0,526000,-117000,409000
2012/06/25,0,390000,-327000,63000
2012/06/26,0,6000,-388000,-382000
2012/06/27,0,24000,-90000,-66000
2012/06/28,0,13000,-104000,-91000
2012/06/29,0,51000,-63000,-12000
2012/07/02,0,162000,-300000,-138000
2012/07/03,0,103000,-60000,43000
2012/07/04,0,86000,-1000,85000
2012/07/05,0,175000,-23000,152000
2012/07/06,0,229000,-37000,192000
2012/07/09,0,1000,-202000,-201000
2012/07/10,0,406000,-50000,356000
2012/07/11,0,257000,-84000,173000
2012/07/12,0,60000,-68000,-8000
2012/07/13,0,196000,-176000,20000
2012/07/16,0,23000,-100000,-77000
2012/07/17,0,121000,-50000,71000
2012/07/18,0,28000,-325000,-297000
2012/07/19,0,94000,-454000,-360000
2012/07/20,0,143000,-68000,75000
2012/07/23,0,131000,-185000,-54000
2012/07/24,0,40000,-9000,31000
2012/07/25,0,78000,-78000,0
2012/07/26,0,176000,-18000,158000
2012/07/27,0,428000,-30000,398000
2012/07/30,0,149000,-105000,44000
2012/07/31,0,34000,-380000,-346000
2012/08/01,0,8000,-64000,-56000
2012/08/02,0,0,0,0
2012/08/03,0,120000,-3000,117000
2012/08/06,0,92000,-223000,-131000
2012/08/07,0,183000,-50000,133000
2012/08/08,0,43000,-25000,18000
2012/08/09,0,162000,-56000,106000
2012/08/10,0,221000,-46000,175000
2012/08/13,0,96000,-101000,-5000
2012/08/14,0,501000,-167000,334000
2012/08/15,0,588000,-158000,430000
2012/08/16,0,1285000,-600000,685000
2012/08/17,0,325000,-206000,119000
2012/08/20,0,50000,-138000,-88000
2012/08/21,0,154000,-1127000,-973000
2012/08/22,0,212000,-41000,171000
2012/08/23,0,197000,-96000,101000
2012/08/24,0,146000,-85000,61000
2012/08/27,0,14000,-48000,-34000
2012/08/28,0,98000,-79000,19000
2012/08/29,0,32000,-5000,27000
2012/08/30,0,235000,-163000,72000
2012/08/31,0,95000,-45000,50000
2012/09/03,0,86000,-178000,-92000
2012/09/04,0,13000,-139000,-126000
2012/09/05,0,311000,-58000,253000
2012/09/06,0,24000,-112000,-88000
2012/09/07,0,480000,-19000,461000
2012/09/10,0,158000,-83000,75000
2012/09/11,0,102000,-4000,98000
2012/09/12,0,115000,-14000,101000
2012/09/13,0,237000,-8000,229000
2012/09/14,0,163000,-656000,-493000
2012/09/17,0,60000,-156000,-96000
2012/09/18,0,299000,-137000,162000
2012/09/19,0,555000,-104000,451000
2012/09/20,0,79000,-407000,-328000
2012/09/21,0,58000,-145000,-87000
2012/09/24,0,37000,-175000,-138000
2012/09/25,0,86000,-137000,-51000
2012/09/26,0,47000,-109000,-62000
2012/09/27,0,62000,-95000,-33000
2012/09/28,0,2000,-61000,-59000
2012/10/01,0,0,-62000,-62000
2012/10/02,0,1269000,-3000,1266000
2012/10/03,0,115000,-597000,-482000
2012/10/04,0,426000,-154000,272000
2012/10/05,0,9000,-426000,-417000
2012/10/08,0,60000,-677000,-617000
2012/10/09,0,36000,-86000,-50000
2012/10/10,0,0,0,0
2012/10/11,0,447000,-289000,158000
2012/10/12,0,101000,-146000,-45000
2012/10/15,0,5000,-130000,-125000
2012/10/16,0,6000,-63000,-57000
2012/10/17,0,114000,-48000,66000
2012/10/18,0,37000,-9000,28000
2012/10/19,0,16000,-65000,-49000
2012/10/22,0,436000,-38000,398000
2012/10/23,0,259000,-333195,-74195
2012/10/24,0,44000,-87000,-43000
2012/10/25,0,13000,-39000,-26000
2012/10/26,0,43000,-338000,-295000
2012/10/29,0,0,-68000,-68000
2012/10/30,0,120000,-95000,25000
2012/10/31,0,441000,-81000,360000
2012/11/01,0,32000,-212000,-180000
2012/11/02,0,95000,-318000,-223000
2012/11/05,0,443000,-20000,423000
2012/11/06,0,182000,-30000,152000
2012/11/07,0,34000,-206000,-172000
2012/11/08,0,312000,-319000,-7000
2012/11/09,0,90000,-180000,-90000
2012/11/12,0,11000,-180000,-169000
2012/11/13,0,72000,-179000,-107000
2012/11/14,0,0,-45000,-45000
2012/11/15,0,65000,-81000,-16000
2012/11/16,0,375000,-85000,290000
2012/11/19,0,45000,-4000,41000
2012/11/20,0,5000,-27000,-22000
2012/11/21,0,70000,-67000,3000
2012/11/22,0,110000,-17000,93000
2012/11/23,0,211000,0,211000
2012/11/26,0,75000,-299000,-224000
2012/11/27,0,79000,-8000,71000
2012/11/28,0,279000,-248000,31000
2012/11/29,0,319000,-236000,83000
2012/11/30,0,123000,-1002000,-879000
2012/12/03,0,179000,-295000,-116000
2012/12/04,0,580870,-45000,535870
2012/12/05,0,594000,-77000,517000
2012/12/06,0,218000,-72000,146000
2012/12/07,0,355000,-426000,-71000
2012/12/10,0,228000,-192000,36000
2012/12/11,0,149000,-388000,-239000
2012/12/12,0,257000,-95000,162000
2012/12/13,0,57000,-286000,-229000
2012/12/14,0,278000,-164000,114000
2012/12/17,0,27000,-81000,-54000
2012/12/18,0,44000,-20000,24000
2012/12/19,0,522000,-84000,438000
2012/12/20,0,282000,-360000,-78000
2012/12/21,0,30000,-450000,-420000
2012/12/24,0,0,-58000,-58000
2012/12/25,0,301000,-107000,194000
2012/12/26,0,54000,-132000,-78000
2012/12/27,0,302000,-38000,264000
2012/12/28,0,283000,-31000,252000
2012/12/31,0,0,0,0
2013/01/01,0,0,0,0
2013/01/02,0,263000,0,263000
2013/01/03,0,631000,-367000,264000
2013/01/04,0,2021000,-539000,1482000
2013/01/07,0,62000,-1027863,-965863
2013/01/08,0,449000,-326000,123000
2013/01/09,0,429000,-86000,343000
2013/01/10,0,3866000,-1135000,2731000
2013/01/11,0,2042000,-2830000,-788000
2013/01/14,0,1335000,-1071000,264000
2013/01/15,0,245000,-1769000,-1524000
2013/01/16,0,2192000,-1131000,1061000
2013/01/17,0,3246000,-2332000,914000
2013/01/18,0,798000,-2527000,-1729000
2013/01/21,0,1314000,-1519000,-205000
2013/01/22,0,457000,-632000,-175000
2013/01/23,0,440000,-555000,-115000
2013/01/24,0,1569000,-650000,919000
2013/01/25,0,521000,-695000,-174000
2013/01/28,0,885000,-783000,102000
2013/01/29,0,959000,-1044000,-85000
2013/01/30,0,516000,-1540000,-1024000
2013/01/31,0,501000,-1001000,-500000
2013/02/01,0,98000,-485000,-387000
2013/02/04,0,1541000,-979000,562000
2013/02/05,0,1018000,-2124000,-1106000
2013/02/06,0,180000,-994000,-814000
2013/02/07,0,0,0,0
2013/02/08,0,0,0,0
2013/02/11,0,0,0,0
2013/02/12,0,0,0,0
2013/02/13,0,0,0,0
2013/02/14,0,0,0,0
2013/02/15,0,0,0,0
2013/02/18,0,592000,-968000,-376000
2013/02/19,0,282999,-84000,198999
2013/02/20,0,1391000,-208000,1183000
2013/02/21,0,48000,-422000,-374000
2013/02/22,0,41000,-56000,-15000
2013/02/25,0,177000,-554000,-377000
2013/02/26,0,528000,-284000,244000
2013/02/27,0,716000,-412000,304000
2013/02/28,0,0,0,0
2013/03/01,0,481000,-392000,89000
2013/03/04,0,562000,-118000,444000
2013/03/05,0,565000,-79000,486000
2013/03/06,0,502000,-493000,9000
2013/03/07,0,221000,-223000,-2000
2013/03/08,0,627000,-1098000,-471000
2013/03/11,0,256000,-173000,83000
2013/03/12,0,786000,-497000,289000
2013/03/13,0,1059000,-1000000,59000
2013/03/14,0,224000,-123000,101000
2013/03/15,0,548000,-190000,358000
2013/03/18,0,144000,-2145000,-2001000
2013/03/19,0,1288000,-122000,1166000
2013/03/20,0,245000,-1505000,-1260000
2013/03/21,0,41000,-133000,-92000
2013/03/22,0,25000,-279000,-254000
2013/03/25,0,188000,-352000,-164000
2013/03/26,0,46000,-118000,-72000
2013/03/27,0,321131,-1664000,-1342869
2013/03/28,0,394000,-98000,296000
2013/03/29,0,544000,-281000,263000
2013/04/01,0,483000,-95000,388000
2013/04/02,0,192000,-941000,-749000
2013/04/03,0,14000,-199000,-185000
2013/04/04,0,0,0,0
2013/04/05,0,0,0,0
2013/04/08,0,90000,-3425000,-3335000
2013/04/09,0,302000,-691000,-389000
2013/04/10,0,130000,-123000,7000
2013/04/11,0,428000,-477000,-49000
2013/04/12,0,320000,-224000,96000
2013/04/15,0,425000,-301000,124000
2013/04/16,0,123000,-364000,-241000
2013/04/17,0,642000,-388000,254000
2013/04/18,0,222000,-127000,95000
2013/04/19,0,240000,-203000,37000
2013/04/22,0,263000,-193000,70000
2013/04/23,0,118000,-225000,-107000
2013/04/24,0,131000,-358000,-227000
2013/04/25,0,481000,-190000,291000
2013/04/26,0,455000,-343000,112000
2013/04/29,0,220000,-298000,-78000
2013/04/30,0,34000,-461000,-427000
2013/05/01,0,0,0,0
2013/05/02,0,125000,-168000,-43000
2013/05/03,0,280000,-216000,64000
2013/05/06,0,356000,-229000,127000
2013/05/07,0,123000,-334000,-211000
2013/05/08,0,837000,-322000,515000
2013/05/09,0,335000,-301000,34000
2013/05/10,0,421000,-395000,26000
2013/05/13,0,398000,-425000,-27000
2013/05/14,0,632000,-424000,208000
2013/05/15,0,500000,-361000,139000
2013/05/16,0,320000,-418000,-98000
2013/05/17,0,103000,-386000,-283000
2013/05/20,0,100000,-1000,99000
2013/05/21,0,20000,-371000,-351000
2013/05/22,0,2589000,-75000,2514000
2013/05/23,0,818000,-1379000,-561000
2013/05/24,0,2216000,-646000,1570000
2013/05/27,0,481000,-782000,-301000
2013/05/28,0,274000,-47000,227000
2013/05/29,0,37000,-564000,-527000
2013/05/30,0,335000,-214000,121000
2013/05/31,0,47000,-364000,-317000
2013/06/03,0,366000,-92000,274000
2013/06/04,0,272000,-439000,-167000
2013/06/05,0,32000,-648000,-616000
2013/06/06,0,129000,-550000,-421000
2013/06/07,0,215000,-373000,-158000
2013/06/10,0,23000,-296000,-273000
2013/06/11,0,30000,-40000,-10000
2013/06/12,0,0,0,0
2013/06/13,0,5000,-325000,-320000
2013/06/14,0,344000,-132000,212000
2013/06/17,0,5000,-342000,-337000
2013/06/18,0,287000,-325000,-38000
2013/06/19,0,35000,-214000,-179000
2013/06/20,0,183000,-195000,-12000
2013/06/21,0,181000,-420000,-239000
2013/06/24,0,137000,-16000,121000
2013/06/25,0,95000,-60000,35000
2013/06/26,0,306000,-120000,186000
2013/06/27,0,128000,-8000,120000
2013/06/28,0,8000,-361000,-353000
2013/07/01,0,138000,-254000,-116000
2013/07/02,0,284000,-16000,268000
2013/07/03,0,20000,-134000,-114000
2013/07/04,0,122000,-126000,-4000
2013/07/05,0,582000,-46000,536000
2013/07/08,0,1000,-576000,-575000
2013/07/09,0,278000,0,278000
2013/07/10,0,195000,-99000,96000
2013/07/11,0,302000,-4000,298000
2013/07/12,0,25000,-34000,-9000
2013/07/15,0,115000,-30000,85000
2013/07/16,0,251000,-63000,188000
2013/07/17,0,374000,-261000,113000
2013/07/18,0,96000,-266000,-170000
2013/07/19,0,186000,-41000,145000
2013/07/22,0,34000,-343000,-309000
2013/07/23,0,145000,-35000,110000
2013/07/24,0,94000,-25000,69000
2013/07/25,0,44000,-307000,-263000
2013/07/26,0,9000,-705000,-696000
2013/07/29,0,229000,-194000,35000
2013/07/30,0,130000,-427851,-297851
2013/07/31,0,0,-48000,-48000
2013/08/01,0,83000,-156000,-73000
2013/08/02,0,89000,-10000,79000
2013/08/05,0,0,-37000,-37000
2013/08/06,0,0,-134000,-134000
2013/08/07,0,0,-249000,-249000
2013/08/08,0,350000,-274000,76000
2013/08/09,0,349000,-387000,-38000
2013/08/12,0,0,-45000,-45000
2013/08/13,0,50000,0,50000
2013/08/14,0,35000,-138000,-103000
2013/08/15,0,20000,-68000,-48000
2013/08/16,0,106000,-96000,10000
2013/08/19,0,60000,-27000,33000
2013/08/20,0,15000,-21000,-6000
2013/08/21,0,0,0,0
2013/08/22,0,33000,-45000,-12000
2013/08/23,0,0,-45000,-45000
2013/08/26,0,0,-25000,-25000
2013/08/27,0,39000,-91000,-52000
2013/08/28,0,333000,-178000,155000
2013/08/29,0,10000,0,10000
2013/08/30,0,0,-4000,-4000
2013/09/02,0,39000,-326000,-287000
2013/09/03,0,2000,0,2000
2013/09/04,0,12000,-16000,-4000
2013/09/05,0,632000,0,632000
2013/09/06,0,30000,-40000,-10000
2013/09/09,0,320000,-63000,257000
2013/09/10,0,239000,-21000,218000
2013/09/11,0,80000,-12000,68000
2013/09/12,0,342000,0,342000
2013/09/13,0,24000,0,24000
2013/09/16,0,32000,-38000,-6000
2013/09/17,0,1000,-644000,-643000
2013/09/18,0,0,-358000,-358000
2013/09/19,0,0,0,0
2013/09/20,0,0,0,0
2013/09/23,0,6000,-52000,-46000
2013/09/24,0,0,-44000,-44000
2013/09/25,0,0,-18000,-18000
2013/09/26,0,0,-13000,-13000
2013/09/27,0,594000,-14000,580000
2013/09/30,0,131000,-119000,12000
2013/10/01,0,1000,-1035000,-1034000
2013/10/02,0,0,-2000,-2000
2013/10/03,0,154000,-28000,126000
2013/10/04,0,279000,-27000,252000
2013/10/07,0,345000,-17000,328000
2013/10/08,0,116000,-235000,-119000
2013/10/09,0,22000,-144000,-122000
2013/10/10,0,0,0,0
2013/10/11,0,4000,0,4000
2013/10/14,0,0,-230000,-230000
2013/10/15,0,965000,0,965000
2013/10/16,0,0,0,0
2013/10/17,0,0,-26000,-26000
2013/10/18,0,0,0,0
2013/10/21,0,0,-39000,-39000
2013/10/22,0,900000,0,900000
2013/10/23,0,100000,-359000,-259000
2013/10/24,0,0,-332000,-332000
2013/10/25,0,0,-132000,-132000
2013/10/28,0,100000,0,100000
2013/10/29,0,100000,-97000,3000
2013/10/30,0,0,-6000,-6000
2013/10/31,0,0,-57000,-57000
2013/11/01,0,0,-255000,-255000
2013/11/04,0,300000,-737000,-437000
2013/11/05,0,300000,-168000,132000
2013/11/06,0,100000,0,100000
2013/11/07,0,133000,-110000,23000
2013/11/08,0,100000,0,100000
2013/11/11,0,102000,-3000,99000
2013/11/12,0,162000,-75000,87000
2013/11/13,0,150000,-3144,146856
2013/11/14,0,161000,-29000,132000
2013/11/15,0,884000,-5000,879000
2013/11/18,0,2000,-415000,-413000
2013/11/19,0,50000,-299000,-249000
2013/11/20,0,109000,-10000,99000
2013/11/21,0,0,-57000,-57000
2013/11/22,0,54000,-30000,24000
2013/11/25,0,250000,-1010000,-760000
2013/11/26,0,142000,0,142000
2013/11/27,0,0,0,0
2013/11/28,0,985000,-5000,980000
2013/11/29,0,816000,-250000,566000
2013/12/02,0,0,-20000,-20000
2013/12/03,0,0,-48000,-48000
2013/12/04,0,14000,0,14000
2013/12/05,0,0,0,0
2013/12/06,0,30000,0,30000
2013/12/09,0,27000,-20000,7000
2013/12/10,0,1000,0,1000
2013/12/11,0,2000,-20000,-18000
2013/12/12,0,0,-10000,-10000
2013/12/13,0,2000,0,2000
2013/12/16,0,0,0,0
2013/12/17,0,0,-1123000,-1123000
2013/12/18,0,0,-718000,-718000
2013/12/19,0,0,-10000,-10000
2013/12/20,0,0,0,0
2013/12/23,0,0,0,0
2013/12/24,0,0,0,0
2013/12/25,0,2000,0,2000
2013/12/26,0,0,-302000,-302000
2013/12/27,0,3000,-200000,-197000
2013/12/30,0,13000,0,13000
2013/12/31,0,9000,-67000,-58000
2014/01/02,0,800000,0,800000
2014/01/03,0,382000,-9000,373000
2014/01/06,0,2000,0,2000
2014/01/07,0,26000,0,26000
2014/01/08,0,0,0,0
2014/01/09,0,0,0,0
2014/01/10,0,0,0,0
2014/01/13,0,0,0,0
2014/01/14,0,0,0,0
2014/01/15,0,50000,0,50000
2014/01/16,0,0,-232000,-232000
2014/01/17,0,0,0,0
2014/01/20,0,4000,0,4000
2014/01/21,0,10000,0,10000
2014/01/22,0,10000,-10000,0
2014/01/23,0,0,-1003000,-1003000
2014/01/24,0,0,0,0
2014/01/27,0,0,-10000,-10000
2014/02/05,0,0,-56148,-56148
2014/02/06,0,0,-26000,-26000
2014/02/07,0,0,-5000,-5000
2014/02/10,0,0,0,0
2014/02/11,0,0,-14000,-14000
2014/02/12,0,0,-3000,-3000
2014/02/13,0,0,-32000,-32000
2014/02/14,0,34000,0,34000
2014/02/17,0,0,0,0
2014/02/18,0,0,-906,-906
2014/02/19,0,14000,0,14000
2014/02/20,0,0,-20000,-20000
2014/02/21,0,0,0,0
2014/02/24,0,18000,0,18000
2014/02/25,0,0,-485000,-485000
2014/02/26,0,0,0,0
2014/02/27,0,0,-6000,-6000
2014/03/03,0,100000,-54000,46000
2014/03/04,0,100000,0,100000
2014/03/05,0,100000,0,100000
2014/03/06,0,0,-25000,-25000
2014/03/07,0,100000,-2000,98000
2014/03/10,0,0,0,0
2014/03/11,0,0,0,0
2014/03/12,0,39000,0,39000
2014/03/13,0,446000,-7000,439000
2014/03/14,0,32000,0,32000
2014/03/17,0,0,0,0
2014/03/18,0,0,0,0
2014/03/19,0,6000,-10000,-4000
2014/03/20,0,0,-15000,-15000
2014/03/21,0,285000,-20000,265000
2014/03/24,0,122000,0,122000
2014/03/25,0,0,-15000,-15000
2014/03/26,0,0,-40000,-40000
2014/03/27,0,0,0,0
2014/03/28,0,0,0,0
2014/03/31,0,0,0,0
2014/04/01,0,0,-12000,-12000
2014/04/02,0,170000,-18000,152000
2014/04/03,0,3000,-6000,-3000
2014/04/07,0,0,0,0
2014/04/08,0,0,0,0
2014/04/09,0,0,0,0
2014/04/10,0,0,0,0
2014/04/11,0,0,0,0
2014/04/14,0,0,0,0
2014/04/15,0,0,-10000,-10000
2014/04/16,0,0,-7000,-7000
2014/04/17,0,0,0,0
2014/04/18,0,0,-10000,-10000
2014/04/21,0,0,-3000,-3000
2014/04/22,0,0,0,0
2014/04/23,0,0,0,0
2014/04/24,0,0,-11000,-11000
2014/04/25,0,0,-105000,-105000
2014/04/28,0,11000,-493000,-482000
2014/04/29,0,0,-18000,-18000
2014/04/30,0,0,-7000,-7000
2014/05/02,0,0,-9000,-9000
2014/05/05,0,0,0,0
2014/05/06,0,0,0,0
2014/05/07,0,0,-520,-520
2014/05/08,0,0,-3000,-3000
2014/05/09,0,0,0,0
2014/05/12,0,0,0,0
2014/05/13,0,0,0,0
2014/05/14,0,170000,0,170000
2014/05/15,0,16000,0,16000
2014/05/16,0,0,0,0
2014/05/19,0,0,0,0
2014/05/20,0,0,0,0
2014/05/21,0,0,-305000,-305000
2014/05/22,0,0,-206000,-206000
2014/05/23,0,11000,0,11000
2014/05/26,0,0,0,0
2014/05/27,0,0,0,0
2014/05/28,0,0,0,0
2014/05/29,0,0,0,0
2014/05/30,0,0,0,0
2014/06/03,0,0,0,0
2014/06/04,0,0,0,0
2014/06/05,0,0,0,0
2014/06/06,0,0,0,0
2014/06/09,0,0,0,0
2014/06/10,0,0,-1000,-1000
2014/06/11,0,0,0,0
2014/06/12,0,0,0,0
2014/06/13,0,0,0,0
2014/06/16,0,0,0,0
2014/06/17,0,86000,0,86000
2014/06/18,0,49000,0,49000
2014/06/19,0,1000,0,1000
2014/06/20,0,0,0,0
2014/06/23,0,40000,0,40000
2014/06/24,0,55000,0,55000
2014/06/25,0,0,0,0
2014/06/26,0,46000,0,46000
2014/06/27,0,2000,0,2000
2014/06/30,0,8000,-23000,-15000
2014/07/01,0,31000,-11000,20000
2014/07/02,0,10000,-2000,8000
2014/07/03,0,0,0,0
2014/07/04,0,0,-15000,-15000
2014/07/07,0,0,-17000,-17000
2014/07/08,0,0,0,0
2014/07/09,0,0,0,0
2014/07/10,0,47000,0,47000
2014/07/11,0,32000,0,32000
2014/07/14,0,308000,-17000,291000
2014/07/15,0,0,-33000,-33000
2014/07/16,0,0,-5386,-5386
2014/07/17,0,0,0,0
2014/07/18,0,0,0,0
2014/07/21,0,43000,0,43000
2014/07/22,0,37000,-2365000,-2328000
2014/07/23,0,0,0,0
2014/07/24,0,0,0,0
2014/07/25,0,11000,-10000,1000
2014/07/28,0,61000,0,61000
2014/07/29,0,132000,-91000,41000
2014/07/30,0,3000,-4000,-1000
2014/07/31,0,39000,-22000,17000
2014/08/01,0,16000,0,16000
2014/08/04,0,0,-364000,-364000
2014/08/05,0,0,-72000,-72000
2014/08/06,0,0,-22000,-22000
2014/08/07,0,0,-69000,-69000
2014/08/08,0,0,-3000,-3000
2014/08/11,0,0,0,0
2014/08/12,0,0,-204000,-204000
2014/08/13,0,0,-1000,-1000
2014/08/14,0,0,-147000,-147000
2014/08/15,0,0,-20000,-20000
2014/08/18,0,0,-31000,-31000
2014/08/19,0,0,0,0
2014/08/20,0,427000,0,427000
2014/08/21,0,66000,0,66000
2014/08/22,0,9000,0,9000
2014/08/25,0,507000,0,507000
2014/08/26,0,600000,0,600000
2014/08/27,0,6000,0,6000
2014/08/28,0,0,0,0
2014/08/29,0,0,0,0
2014/09/01,0,0,0,0
2014/09/02,0,0,0,0
2014/09/03,0,0,0,0
2014/09/04,0,0,0,0
2014/09/05,0,0,0,0
2014/09/09,0,0,0,0
2014/09/10,0,0,0,0
2014/09/11,0,0,0,0
2014/09/12,0,310000,-3000,307000
2014/09/15,0,398000,0,398000
2014/09/16,0,50000,0,50000
2014/09/17,0,0,0,0
2014/09/18,0,200000,-1000,199000
2014/09/19,0,0,-718,-718
2014/09/22,0,0,-23000,-23000
2014/09/23,0,0,0,0
2014/09/24,0,0,0,0
2014/09/25,0,0,-29000,-29000
2014/09/26,0,0,-200000,-200000
2014/09/29,0,0,0,0
2014/09/30,0,47000,0,47000
2014/10/01,0,0,-42000,-42000
2014/10/02,0,22000,-6000,16000
2014/10/03,0,244000,-69000,175000
2014/10/06,0,61000,-13000,48000
2014/10/07,0,860000,-183000,677000
2014/10/08,0,226000,-410000,-184000
2014/10/09,0,10000,-27000,-17000
2014/10/13,0,67000,-209000,-142000
2014/10/14,0,0,0,0
2014/10/15,0,1125435,-1034000,91435
2014/10/16,0,162000,-489000,-327000
2014/10/17,0,200000,-64000,136000
2014/10/20,0,0,0,0
2014/10/21,0,0,0,0
2014/10/22,0,2796000,-100000,2696000
2014/10/23,0,2854000,-720000,2134000
2014/10/24,0,521000,-1300000,-779000
2014/10/27,0,1000,-1513000,-1512000
2014/10/28,0,163000,-1204000,-1041000
2014/10/29,0,500000,-500000,0
2014/10/30,0,750000,-228000,522000
2014/10/31,0,250000,-197000,53000
2014/11/03,0,160000,-78000,82000
2014/11/04,0,425000,-570000,-145000
2014/11/05,0,122000,-20000,102000
2014/11/06,0,31000,-2418000,-2387000
2014/11/07,0,2000,-565000,-563000
2014/11/10,0,56000,-55000,1000
2014/11/11,0,8000,-30000,-22000
2014/11/12,0,0,-29000,-29000
2014/11/13,0,10000,-262000,-252000
2014/11/14,0,359000,-1026000,-667000
2014/11/17,0,101000,-108000,-7000
2014/11/18,0,536000,-15000,521000
2014/11/19,0,311000,-10000,301000
2014/11/20,0,152000,-80000,72000
2014/11/21,0,0,-30000,-30000
2014/11/24,0,210000,-225000,-15000
2014/11/25,0,210000,-126000,84000
2014/11/26,0,220000,-287000,-67000
2014/11/27,0,234000,0,234000
2014/11/28,0,17000,-3165000,-3148000
2014/12/01,0,520000,-1246000,-726000
2014/12/02,0,39000,-357000,-318000
2014/12/03,0,150000,-1946000,-1796000
2014/12/04,0,274000,-113000,161000
2014/12/05,0,666000,-1304000,-638000
2014/12/08,0,434000,-2071000,-1637000
2014/12/09,0,115000,-1588065,-1473065
2014/12/10,0,20000,-832000,-812000
2014/12/11,0,1052000,-1911000,-859000
2014/12/12,0,301000,-1117000,-816000
2014/12/15,0,87000,-1016000,-929000
2014/12/16,0,912000,-1111000,-199000
2014/12/17,0,882000,-1151000,-269000
2014/12/18,0,3000,-356000,-353000
2014/12/19,0,562000,-2235073,-1673073
2014/12/22,0,450000,-1237000,-787000
2014/12/23,0,948000,-180000,768000
2014/12/24,0,1000000,0,1000000
2014/12/25,0,590000,0,590000
2014/12/26,0,170000,-120000,50000
2014/12/29,0,350000,-10000,340000
2014/12/30,0,4630000,-507000,4123000
2014/12/31,0,2356000,-1948000,408000
2015/01/01,0,0,0,0
2015/01/02,0,0,0,0
2015/01/05,0,3505000,-2180000,1325000
2015/01/06,0,2218000,-1185000,1033000
2015/01/07,0,4325000,-2650000,1675000
2015/01/08,0,5608000,-2830000,2778000
2015/01/09,0,2635000,-2520000,115000
2015/01/12,0,266000,-1677000,-1411000
2015/01/13,0,2350000,-7495000,-5145000
2015/01/14,0,3524000,-3104000,420000
2015/01/15,0,740000,-2163000,-1423000
2015/01/16,0,1218000,-3650162,-2432162
2015/01/19,0,1206000,-2475000,-1269000
2015/01/20,0,556000,-8174000,-7618000
2015/01/21,0,440000,-4747000,-4307000
2015/01/22,0,530000,-1414000,-884000
2015/01/23,0,1068000,-1250000,-182000
2015/01/26,0,3100000,-1456000,1644000
2015/01/27,0,2460000,-860000,1600000
2015/01/28,0,720256,-517000,203256
2015/01/29,0,1830000,-4443000,-2613000
2015/01/30,0,825000,-989000,-164000
2015/02/02,0,722000,-1039000,-317000
2015/02/03,0,880000,-3289000,-2409000
2015/02/04,0,1446000,-674122,771878
2015/02/05,0,1276000,-1331121,-55121
2015/02/06,0,340000,-401000,-61000
2015/02/09,0,450000,-955000,-505000
2015/02/10,0,882000,-470000,412000
2015/02/11,0,664000,-1373000,-709000
2015/02/12,0,709000,-645000,64000
2015/02/13,0,1541000,-2455000,-914000
2015/02/16,0,0,0,0
2015/02/17,0,0,0,0
2015/02/18,0,0,0,0
2015/02/19,0,0,0,0
2015/02/20,0,0,0,0
2015/02/23,0,0,0,0
2015/02/24,0,140000,-163000,-23000
2015/02/25,0,2265000,-1418081,846919
2015/02/26,0,235000,-106000,129000
2015/02/27,0,0,0,0
2015/03/02,0,582000,-653000,-71000
2015/03/03,0,161000,-630000,-469000
2015/03/04,0,1145000,-3486000,-2341000
2015/03/05,0,1027000,-2146081,-1119081
2015/03/06,0,127000,-965000,-838000
2015/03/09,0,40000,-73000,-33000
2015/03/10,0,60000,-39000,21000
2015/03/11,0,200000,-181000,19000
2015/03/12,0,20000,-253927,-233927
2015/03/13,0,2030000,-1106000,924000
2015/03/16,0,1441000,-40000,1401000
2015/03/17,0,56000,-900081,-844081
2015/03/18,0,1020000,-574000,446000
2015/03/19,0,144000,-460000,-316000
2015/03/20,0,397000,-140000,257000
2015/03/23,0,150000,-2550000,-2400000
2015/03/24,0,580000,-682000,-102000
2015/03/25,0,287000,-43000,244000
2015/03/26,0,257000,-3206000,-2949000
2015/03/27,0,355000,-3377000,-3022000
2015/03/30,0,318000,-120000,198000
2015/03/31,0,2840000,-297000,2543000
2015/04/01,0,2192000,-143000,2049000
2015/04/02,0,572000,-951000,-379000
2015/04/03,0,0,0,0
2015/04/06,0,0,0,0
2015/04/07,0,4398000,-2486000,1912000
2015/04/08,0,740000,-827000,-87000
2015/04/09,0,1472000,-2000000,-528000
2015/04/10,0,1550000,-861000,689000
2015/04/13,0,2803000,-1896000,907000
2015/04/14,0,250000,-627000,-377000
2015/04/15,0,2122000,-4060000,-1938000
2015/04/16,0,1119000,-1955000,-836000
2015/04/17,0,463000,-684000,-221000
2015/04/20,0,493000,-3537000,-3044000
2015/04/21,0,1652000,-4852000,-3200000
2015/04/22,0,1485000,-1168000,317000
2015/04/23,0,2279000,-1104000,1175000
2015/04/24,0,550000,-930000,-380000
2015/04/27,0,186000,-110000,76000
2015/04/28,0,350000,-680000,-330000
2015/04/29,0,409000,-297000,112000
2015/04/30,0,219000,-310000,-91000
2015/05/01,0,0,0,0
2015/05/04,0,35000,-95000,-60000
2015/05/05,0,200000,-50000,150000
2015/05/06,0,1094000,-2052000,-958000
2015/05/07,0,37000,-3370000,-3333000
2015/05/08,0,13000,-436000,-423000
2015/05/11,0,935000,-180000,755000
2015/05/12,0,1857000,-425000,1432000
2015/05/13,0,1633000,-2000,1631000
2015/05/14,0,1279000,-182000,1097000
2015/05/15,0,202000,-743000,-541000
2015/05/18,0,226000,-1098000,-872000
2015/05/19,0,666000,-157000,509000
2015/05/20,0,702000,-391000,311000
2015/05/21,0,580000,-239000,341000
2015/05/22,0,20000,-1989000,-1969000
2015/05/25,0,53000,-1112000,-1059000
2015/05/26,0,1625000,-2303000,-678000
2015/05/27,0,150000,-430000,-280000
2015/05/28,0,738000,-277000,461000
2015/05/29,0,20000,-10000,10000
2015/06/01,0,112000,-860000,-748000
2015/06/02,0,0,-136000,-136000
2015/06/03,0,2009000,-7906000,-5897000
2015/06/04,0,2040000,-1494000,546000
2015/06/05,0,2621000,-560000,2061000
2015/06/08,0,5100000,-2919215,2180785
2015/06/09,0,822000,-3566000,-2744000
2015/06/10,0,376000,-3499000,-3123000
2015/06/11,0,587000,-1036000,-449000
2015/06/12,0,32000,-22000,10000
2015/06/15,0,14000,0,14000
2015/06/16,0,243000,0,243000
2015/06/17,0,165000,-84000,81000
2015/06/18,0,1120000,-821000,299000
2015/06/19,0,0,0,0
2015/06/22,0,450000,-500000,-50000
2015/06/23,0,153000,-150000,3000
2015/06/24,0,0,-497000,-497000
2015/06/25,0,1025000,-50000,975000
2015/06/26,0,30000,0,30000
2015/06/29,0,10000,-96000,-86000
2015/06/30,0,590000,-894000,-304000
2015/07/01,0,73000,-228000,-155000
2015/07/02,0,816000,-425000,391000
2015/07/03,0,470348,-1000,469348
2015/07/06,0,0,-79854,-79854
2015/07/07,0,1072000,-1051000,21000
2015/07/08,0,692000,-830000,-138000
2015/07/09,0,517000,-498000,19000
2015/07/10,0,0,0,0
2015/07/13,0,140000,-190000,-50000
2015/07/14,0,102000,-156000,-54000
2015/07/15,0,240000,-466000,-226000
2015/07/16,0,740000,-920000,-180000
2015/07/17,0,290000,-807000,-517000
2015/07/20,0,235000,-379000,-144000
2015/07/21,0,400000,-1517000,-1117000
2015/07/22,0,71000,-468000,-397000
2015/07/23,0,153000,-175000,-22000
2015/07/24,0,296000,0,296000
2015/07/27,0,801000,-121000,680000
2015/07/28,0,708000,-853000,-145000
2015/07/29,0,160000,-126000,34000
2015/07/30,0,90000,-183000,-93000
2015/07/31,0,55000,-427000,-372000
2015/08/03,0,40000,-690000,-650000
2015/08/04,0,1039000,-1259000,-220000
2015/08/05,0,984000,-232000,752000
2015/08/06,0,203000,-68000,135000
2015/08/07,0,134000,-190000,-56000
2015/08/10,0,707000,-933000,-226000
2015/08/11,0,390000,-413000,-23000
2015/08/12,0,549000,-257000,292000
2015/08/13,0,202000,-61000,141000
2015/08/14,0,3503000,-1680000,1823000
2015/08/17,0,2011000,-1251000,760000
2015/08/18,0,2736000,-1236000,1500000
2015/08/19,0,482000,-947000,-465000
2015/08/20,0,630000,-134000,496000
2015/08/21,0,2957000,-249000,2708000
2015/08/24,0,1119000,-821000,298000
2015/08/25,0,477000,-477000,0
2015/08/26,0,194000,-332000,-138000
2015/08/27,0,544000,-398000,146000
2015/08/28,0,183000,-419000,-236000
2015/08/31,0,366000,-655000,-289000
2015/09/01,0,243000,-183000,60000
2015/09/02,0,1014000,-150000,864000
2015/09/03,0,355000,-932000,-577000
2015/09/04,0,141000,-186042,-45042
2015/09/07,0,101000,-123000,-22000
2015/09/08,0,1404000,-371000,1033000
2015/09/09,0,427000,-781000,-354000
2015/09/10,0,389000,-766000,-377000
2015/09/11,0,144000,-128000,16000
2015/09/14,0,1861000,-775000,1086000
2015/09/15,0,154000,-1389000,-1235000
2015/09/16,0,803000,-225000,578000
2015/09/17,0,587000,-525000,62000
2015/09/18,0,383000,-281000,102000
2015/09/21,0,223000,-608000,-385000
2015/09/22,0,61000,-246000,-185000
2015/09/23,0,249000,-186000,63000
2015/09/24,0,295000,-290000,5000
2015/09/25,0,385000,-353000,32000
2015/09/28,0,0,0,0
2015/09/29,0,0,0,0
2015/09/30,0,566000,-387000,179000
2015/10/01,0,2509000,-570000,1939000
2015/10/02,0,123000,-1397000,-1274000
2015/10/05,0,133000,-320000,-187000
2015/10/06,0,20000,-184000,-164000
2015/10/07,0,480601,-312000,168601
2015/10/08,0,253000,-261000,-8000
2015/10/09,0,0,0,0
2015/10/12,0,1212000,-15000,1197000
2015/10/13,0,2583000,-1337000,1246000
2015/10/14,0,60000,-1503000,-1443000
2015/10/15,0,405000,-394258,10742
2015/10/16,0,4169000,-915000,3254000
2015/10/19,0,385000,-4014000,-3629000
2015/10/20,0,117000,-498000,-381000
2015/10/21,0,300000,-411000,-111000
2015/10/22,0,4543000,-1862000,2681000
2015/10/23,0,161000,-2982000,-2821000
2015/10/26,0,1971000,-1533000,438000
2015/10/27,0,603000,-1377000,-774000
2015/10/28,0,181000,-72000,109000
2015/10/29,0,431000,-275000,156000
2015/10/30,0,1132000,-106000,1026000
2015/11/02,0,469000,-440000,29000
2015/11/03,0,1394000,-873000,521000
2015/11/04,0,802000,-1107000,-305000
2015/11/05,0,568000,-305000,263000
2015/11/06,0,47000,-1007000,-960000
2015/11/09,0,308000,-1580000,-1272000
2015/11/10,0,431000,-354000,77000
2015/11/11,0,250000,-492000,-242000
2015/11/12,0,401000,-160000,241000
2015/11/13,0,232000,-773000,-541000
2015/11/16,0,431000,-3289000,-2858000
2015/11/17,0,405000,-564000,-159000
2015/11/18,0,70000,-21000,49000
2015/11/19,0,201000,-271000,-70000
2015/11/20,0,331000,-100000,231000
2015/11/23,0,30000,-261000,-231000
2015/11/24,0,230000,-702000,-472000
2015/11/25,0,1243000,-134000,1109000
2015/11/26,0,80000,-1351000,-1271000
2015/11/27,0,174000,-547000,-373000
2015/11/30,0,278000,-231000,47000
2015/12/01,0,1059000,-90000,969000
2015/12/02,0,477000,-650000,-173000
2015/12/03,0,155000,-269000,-114000
2015/12/04,0,188000,-505000,-317000
2015/12/07,0,156000,-239000,-83000
2015/12/08,0,373000,-154000,219000
2015/12/09,0,3151000,-276000,2875000
2015/12/10,0,88000,-2705000,-2617000
2015/12/11,0,372000,-615000,-243000
2015/12/14,0,1353000,-316000,1037000
2015/12/15,0,4000,-828000,-824000
2015/12/16,0,892000,-409000,483000
2015/12/17,0,536000,-598000,-62000
2015/12/18,0,1727000,-991000,736000
2015/12/21,0,4934000,-725000,4209000
2015/12/22,0,90000,-2587000,-2497000
2015/12/23,0,441000,-1243000,-802000
2015/12/24,0,235000,-422000,-187000
2015/12/25,0,3630000,-1244000,2386000
2015/12/28,0,458000,-2115000,-1657000
2015/12/29,0,844000,-1139000,-295000
2015/12/30,0,413000,-338000,75000
2015/12/31,0,1067000,-270000,797000
2016/01/01,0,0,0,0
2016/01/04,0,220000,-1871000,-1651000
2016/01/05,0,546000,-615000,-69000
2016/01/06,0,2195000,-604000,1591000
2016/01/07,0,415000,-1413000,-998000
2016/01/08,0,968000,-435000,533000
2016/01/11,0,275000,-2697000,-2422000
2016/01/12,0,1735000,-265000,1470000
2016/01/13,0,223000,-754000,-531000
2016/01/14,0,945000,-289000,656000
2016/01/15,0,87000,-1064000,-977000
2016/01/18,0,958000,-297000,661000
2016/01/19,0,352000,-310000,42000
2016/01/20,0,30000,-628000,-598000
2016/01/21,0,183000,-582000,-399000
2016/01/22,0,60000,-191000,-131000
2016/01/25,0,775000,-409000,366000
2016/01/26,0,112000,-300000,-188000
2016/01/27,0,0,-554000,-554000
2016/01/28,0,35000,-177000,-142000
2016/01/29,0,1657000,-274000,1383000
2016/02/01,0,15000,-419000,-404000
2016/02/02,0,333000,-135000,198000
2016/02/03,0,168000,-254000,-86000
2016/02/04,0,0,0,0
2016/02/05,0,0,0,0
2016/02/08,0,0,0,0
2016/02/09,0,0,0,0
2016/02/10,0,0,0,0
2016/02/11,0,0,0,0
2016/02/12,0,0,0,0
2016/02/15,0,1989000,-712000,1277000
2016/02/16,0,1136000,-1220000,-84000
2016/02/17,0,799000,-727000,72000
2016/02/18,0,907000,-1048000,-141000
2016/02/19,0,337000,-483000,-146000
2016/02/22,0,2696000,-545000,2151000
2016/02/23,0,296000,-1478000,-1182000
2016/02/24,0,59000,-706000,-647000
2016/02/25,0,56000,-96000,-40000
2016/02/26,0,280000,-591000,-311000
2016/02/29,0,0,0,0
2016/03/01,0,542000,-53000,489000
2016/03/02,0,1471000,-200000,1271000
2016/03/03,0,133000,-897000,-764000
2016/03/04,0,94000,-411000,-317000
2016/03/07,0,1466000,-116000,1350000
2016/03/08,0,1610000,-629000,981000
2016/03/09,0,153000,-667000,-514000
2016/03/10,0,63000,-723000,-660000
2016/03/11,0,156000,-297000,-141000
2016/03/14,0,96000,-368000,-272000
2016/03/15,0,108000,-862000,-754000
2016/03/16,0,639000,-633000,6000
2016/03/17,0,191000,-462000,-271000
2016/03/18,0,0,-750000,-750000
2016/03/21,0,41000,-43000,-2000
2016/03/22,0,9000,-82000,-73000
2016/03/23,0,45000,-165000,-120000
2016/03/24,0,165000,-65000,100000
2016/03/25,0,36000,-177000,-141000
2016/03/28,0,517000,-418000,99000
2016/03/29,0,194000,-533000,-339000
2016/03/30,0,15000,-56000,-41000
2016/03/31,0,29000,-422064,-393064
2016/04/01,0,212000,-256000,-44000
2016/04/04,0,0,0,0
2016/04/05,0,0,0,0
2016/04/06,0,144000,-276000,-132000
2016/04/07,0,81000,-72000,9000
2016/04/08,0,0,-136000,-136000
2016/04/11,0,16000,-5000,11000
2016/04/12,0,84000,-70000,14000
2016/04/13,0,66000,-124000,-58000
2016/04/14,0,275000,-357000,-82000
2016/04/15,0,0,-225000,-225000
2016/04/18,0,51000,-253000,-202000
2016/04/19,0,40000,-302000,-262000
2016/04/20,0,36000,-226000,-190000
2016/04/21,0,68000,-66000,2000
2016/04/22,0,6000,-77000,-71000
2016/04/25,0,157000,-106000,51000
2016/04/26,0,206000,-145000,61000
2016/04/27,0,97000,-110000,-13000
2016/04/28,0,233000,-164000,69000
2016/04/29,0,8000,-307000,-299000
2016/05/02,0,0,0,0
2016/05/03,0,67000,-10000,57000
2016/05/04,0,0,-214000,-214000
2016/05/05,0,80000,-38000,42000
2016/05/06,0,34000,-815000,-781000
2016/05/09,0,0,-118000,-118000
2016/05/10,0,127000,-52000,75000
2016/05/11,0,0,-40000,-40000
2016/05/12,0,0,-42000,-42000
2016/05/13,0,16000,-207000,-191000
2016/05/16,0,326000,-10000,316000
2016/05/17,0,55000,-302000,-247000
2016/05/18,0,19000,-30000,-11000
2016/05/19,0,10000,-61000,-51000
2016/05/20,0,438000,-110000,328000
2016/05/23,0,218000,-914000,-696000
2016/05/24,0,62000,-106000,-44000
2016/05/25,0,1069000,-36000,1033000
2016/05/26,0,624000,-868000,-244000
2016/05/27,0,15000,-454000,-439000
2016/05/30,0,98000,-273000,-175000
2016/05/31,0,92000,-141000,-49000
2016/06/01,0,169000,-102000,67000
2016/06/02,0,224000,-83000,141000
2016/06/03,0,0,-38000,-38000
2016/06/06,0,62000,-146000,-84000
2016/06/07,0,69000,-2000,67000
2016/06/08,0,35000,-140000,-105000
2016/06/09,0,0,0,0
2016/06/10,0,0,0,0
2016/06/13,0,25000,-128000,-103000
2016/06/14,0,97000,-4000,93000
2016/06/15,0,113000,-44000,69000
2016/06/16,0,20000,-4000,16000
2016/06/17,0,20000,-15000,5000
2016/06/20,0,122000,-179000,-57000
2016/06/21,0,50000,0,50000
2016/06/22,0,99000,-15000,84000
2016/06/23,0,10000,-11000,-1000
2016/06/24,0,807000,-249559,557441
2016/06/27,0,5000,-502000,-497000
2016/06/28,0,139000,-8000,131000
2016/06/29,0,68000,-156000,-88000
2016/06/30,0,113000,-28000,85000
2016/07/01,0,20000,-77000,-57000
2016/07/04,0,100000,-195000,-95000
2016/07/05,0,85000,-2000,83000
2016/07/06,0,72000,-122000,-50000
2016/07/07,0,0,-76000,-76000
2016/07/08,0,0,0,0
2016/07/11,0,10000,0,10000
2016/07/12,0,10000,-58000,-48000
2016/07/13,0,2000,-10000,-8000
2016/07/14,0,108000,0,108000
2016/07/15,0,235000,-3000,232000
2016/07/18,0,927000,-101000,826000
2016/07/19,0,0,-527000,-527000
2016/07/20,0,15000,-161000,-146000
2016/07/21,0,597000,-7000,590000
2016/07/22,0,3979000,-30000,3949000
2016/07/25,0,224000,-3290000,-3066000
2016/07/26,0,42000,-421000,-379000
2016/07/27,0,0,-97000,-97000
2016/07/28,0,0,-196000,-196000
2016/07/29,0,35000,-1000,34000
2016/08/01,0,302000,0,302000
2016/08/02,0,30000,-284000,-254000
2016/08/03,0,0,-110000,-110000
2016/08/04,0,31000,0,31000
2016/08/05,0,55000,-14000,41000
2016/08/08,0,35000,-34000,1000
2016/08/09,0,0,0,0
2016/08/10,0,101000,0,101000
2016/08/11,0,69000,-18000,51000
2016/08/12,0,65000,-2000,63000
2016/08/15,0,0,-69000,-69000
2016/08/16,0,0,-37000,-37000
2016/08/17,0,0,-721000,-721000
2016/08/18,0,0,0,0
2016/08/19,0,0,-15000,-15000
2016/08/22,0,2000,-3000,-1000
2016/08/23,0,101000,-118000,-17000
2016/08/24,0,29000,0,29000
2016/08/25,0,65000,-73000,-8000
2016/08/26,0,9000,-73000,-64000
2016/08/29,0,0,-198000,-198000
2016/08/30,0,53000,-25000,28000
2016/08/31,0,28000,-137000,-109000
2016/09/01,0,109000,-7000,102000
2016/09/02,0,73000,-152000,-79000
2016/09/05,0,59000,-7000,52000
2016/09/06,0,48000,-151000,-103000
2016/09/07,0,72000,-38000,34000
2016/09/08,0,85000,0,85000
2016/09/09,0,37000,-149000,-112000
2016/09/12,0,86000,-170000,-84000
2016/09/13,0,156000,-170000,-14000
2016/09/14,0,20000,-86000,-66000
2016/09/15,0,0,0,0
2016/09/16,0,0,0,0
2016/09/19,0,226000,-4000,222000
2016/09/20,0,55000,-136000,-81000
2016/09/21,0,11000,-131000,-120000
2016/09/22,0,71000,-33000,38000
2016/09/23,0,191000,-75000,116000
2016/09/26,0,24000,-141000,-117000
2016/09/27,0,0,0,0
2016/09/28,0,0,0,0
2016/09/29,0,45000,-80000,-35000
2016/09/30,0,30000,-1000,29000
2016/10/03,0,35000,-108000,-73000
2016/10/04,0,62000,0,62000
2016/10/05,0,58000,-184000,-126000
2016/10/06,0,75000,-82000,-7000
2016/10/07,0,80000,-6000,74000
2016/10/10,0,0,0,0
2016/10/11,0,7000,-183000,-176000
2016/10/12,0,184000,-3000,181000
2016/10/13,0,14000,-35000,-21000
2016/10/14,0,155000,-205000,-50000
2016/10/17,0,40000,-7000,33000
2016/10/18,0,88000,-56000,32000
2016/10/19,0,1000,-59000,-58000
2016/10/20,0,0,-38000,-38000
2016/10/21,0,446000,-61000,385000
2016/10/24,0,0,-92000,-92000
2016/10/25,0,26000,0,26000
2016/10/26,0,30000,0,30000
2016/10/27,0,212000,-91000,121000
2016/10/28,0,0,-66000,-66000
2016/10/31,0,47000,-384000,-337000
2016/11/01,0,29000,-49000,-20000
2016/11/02,0,153000,-76000,77000
2016/11/03,0,190000,-22000,168000
2016/11/04,0,47000,-39000,8000
2016/11/07,0,45000,-80000,-35000
2016/11/08,0,0,-142000,-142000
2016/11/09,0,91000,-328000,-237000
2016/11/10,0,100000,0,100000
2016/11/11,0,0,-75000,-75000
2016/11/14,0,89000,-11000,78000
2016/11/15,0,62000,-110000,-48000
2016/11/16,0,108000,-65000,43000
2016/11/17,0,30000,-405000,-375000
2016/11/18,0,37000,-33000,4000
2016/11/21,0,0,0,0
2016/11/22,0,363000,-25000,338000
2016/11/23,0,41000,-210000,-169000
2016/11/24,0,2514000,-453000,2061000
2016/11/25,0,100000,-1808000,-1708000
2016/11/28,0,263000,-11120,251880
2016/11/29,0,301000,-59000,242000
2016/11/30,0,290000,-63000,227000
2016/12/01,0,59000,-70000,-11000
2016/12/02,0,0,-250000,-250000
2016/12/05,0,0,-59000,-59000
2016/12/06,0,224000,-8000,216000
2016/12/07,0,47000,-2000,45000
2016/12/08,0,152000,-3000,149000
2016/12/09,0,9000,-218666,-209666
2016/12/12,0,61000,-13000,48000
2016/12/13,0,0,-15000,-15000
2016/12/14,0,34000,0,34000
2016/12/15,0,19000,-128000,-109000
2016/12/16,0,67000,-15000,52000
2016/12/19,0,41000,-219000,-178000
2016/12/20,0,144000,-62000,82000
2016/12/21,0,46000,-109000,-63000
2016/12/22,0,34000,-100000,-66000
2016/12/23,0,10000,-87000,-77000
2016/12/26,0,20000,-85000,-65000
2016/12/27,0,113000,-106000,7000
2016/12/28,0,70000,-684594,-614594
2016/12/29,0,30000,-847000,-817000
2016/12/30,0,22000,-968000,-946000
2017/01/02,0,0,0,0
2017/01/03,0,3000,-12000,-9000
2017/01/04,0,0,-2000,-2000
2017/01/05,0,148000,-3000,145000
2017/01/06,0,0,-46000,-46000
2017/01/09,0,30000,-10000,20000
2017/01/10,0,3000,-60000,-57000
2017/01/11,0,436000,-38000,398000
2017/01/12,0,0,-14000,-14000
2017/01/13,0,166000,-267000,-101000
2017/01/16,0,0,-338000,-338000
2017/01/17,0,198000,-3000,195000
2017/01/18,0,7000,-31000,-24000
2017/01/19,0,6000,-7000,-1000
2017/01/20,0,0,-110000,-110000
2017/01/23,0,100000,-23000,77000
2017/01/24,0,0,-62000,-62000
2017/01/25,0,0,0,0
2017/01/26,0,0,0,0
2017/01/27,0,0,0,0
2017/01/30,0,0,0,0
2017/01/31,0,0,0,0
2017/02/01,0,0,0,0
2017/02/02,0,50000,-12000,38000
2017/02/03,0,14000,-50000,-36000
2017/02/06,0,234000,-2000,232000
2017/02/07,0,30000,-25000,5000
2017/02/08,0,3000000,-49000,2951000
2017/02/09,0,181000,-61000,120000
2017/02/10,0,1172000,-114000,1058000
2017/02/13,0,57000,-407000,-350000
2017/02/14,0,79000,-95000,-16000
2017/02/15,0,804000,0,804000
2017/02/16,0,1976000,-27000,1949000
2017/02/17,0,300000,-335000,-35000
2017/02/20,0,1275000,-50000,1225000
2017/02/21,0,260000,-856000,-596000
2017/02/22,0,1134000,-338000,796000
2017/02/23,0,0,-429000,-429000
2017/02/24,0,530000,-371000,159000
2017/02/27,0,0,0,0
2017/02/28,0,0,0,0
2017/03/01,0,23000,-3019000,-2996000
2017/03/02,0,165000,-228000,-63000
2017/03/03,0,1420000,-92000,1328000
2017/03/06,0,19000,-155000,-136000
2017/03/07,0,20000,-18000,2000
2017/03/08,0,0,-19000,-19000
2017/03/09,0,5000,-4000,1000
2017/03/10,0,229000,-100000,129000
2017/03/13,0,3455000,-380000,3075000
2017/03/14,0,189000,-1369000,-1180000
2017/03/15,0,447000,-737000,-290000
2017/03/16,0,262000,-2504000,-2242000
2017/03/17,0,20000,0,20000
2017/03/20,0,698000,-54000,644000
2017/03/21,0,50000,-533000,-483000
2017/03/22,0,687000,-78000,609000
2017/03/23,0,40000,-282000,-242000
2017/03/24,0,1000,-202000,-201000
2017/03/27,0,2000,-70000,-68000
2017/03/28,0,144000,-291000,-147000
2017/03/29,0,297000,-48000,249000
2017/03/30,0,850000,0,850000
2017/03/31,0,0,-5000,-5000
2017/04/03,0,0,0,0
2017/04/04,0,0,0,0
2017/04/05,0,947000,-861000,86000
2017/04/06,0,362000,-197000,165000
2017/04/07,0,124000,-12000,112000
2017/04/10,0,196000,-389000,-193000
2017/04/11,0,0,-133000,-133000
2017/04/12,0,0,-102000,-102000
2017/04/13,0,2000,-2000,0
2017/04/14,0,12000,-186000,-174000
2017/04/17,0,2000,-51000,-49000
2017/04/18,0,5000,0,5000
2017/04/19,0,1000,-4000,-3000
2017/04/20,0,0,-2000,-2000
2017/04/21,0,0,-131000,-131000
2017/04/24,0,0,0,0
2017/04/25,0,11000,0,11000
2017/04/26,0,26000,-61000,-35000
2017/04/27,0,0,0,0
2017/04/28,0,61000,-96000,-35000
2017/05/01,0,0,0,0
2017/05/02,0,0,-41000,-41000
2017/05/03,0,0,0,0
2017/05/04,0,0,0,0
2017/05/05,0,200000,-28000,172000
2017/05/08,0,0,-28000,-28000
2017/05/09,0,100000,-135104,-35104
2017/05/10,0,0,-65000,-65000
2017/05/11,0,0,-23000,-23000
2017/05/12,0,128000,-23000,105000
2017/05/15,0,112000,-16000,96000
2017/05/16,0,0,-462000,-462000
2017/05/17,0,0,-5000,-5000
2017/05/18,0,33000,0,33000
2017/05/19,0,45000,-14000,31000
2017/05/22,0,0,-24000,-24000
2017/05/23,0,0,-4000,-4000
2017/05/24,0,0,-273000,-273000
2017/05/25,0,170000,0,170000
2017/05/26,0,83000,-140000,-57000
2017/05/29,0,0,0,0
2017/05/30,0,0,0,0
2017/05/31,0,9000,-91000,-82000
2017/06/01,0,0,-16000,-16000
2017/06/02,0,0,0,0
2017/06/05,0,0,-1000,-1000
2017/06/06,0,0,0,0
2017/06/07,0,0,-134000,-134000
2017/06/08,0,0,-31000,-31000
2017/06/09,0,0,0,0
2017/06/12,0,13000,-155000,-142000
2017/06/13,0,220000,0,220000
2017/06/14,0,47000,-20000,27000
2017/06/15,0,0,-40000,-40000
2017/06/16,0,89000,-50000,39000
2017/06/19,0,0,0,0
2017/06/20,0,95000,-218000,-123000
2017/06/21,0,245000,0,245000
2017/06/22,0,334000,-47000,287000
2017/06/23,0,0,-125000,-125000
2017/06/26,0,482000,-221000,261000
2017/06/27,0,128000,-12000,116000
2017/06/28,0,177000,0,177000
2017/06/29,0,102000,-20000,82000
2017/06/30,0,159000,-7000,152000
2017/07/03,0,100000,0,100000
2017/07/04,0,173000,-177000,-4000
2017/07/05,0,456000,-146000,310000
2017/07/06,0,36000,-117000,-81000
2017/07/07,0,205000,-16000,189000
2017/07/10,0,441000,0,441000
2017/07/11,0,245000,-11000,234000
2017/07/12,0,37000,-576000,-539000
2017/07/13,0,49000,-44000,5000
2017/07/14,0,0,-34000,-34000
2017/07/17,0,202000,-109000,93000
2017/07/18,0,28000,-77000,-49000
2017/07/19,0,20000,-9000,11000
2017/07/20,0,0,-59000,-59000
2017/07/21,0,30000,-1000,29000
2017/07/24,0,0,-251000,-251000
2017/07/25,0,0,-212000,-212000
2017/07/26,0,32000,-404000,-372000
2017/07/27,0,111000,-13000,98000
2017/07/28,0,58000,-1000,57000
2017/07/31,0,1000,-55000,-54000
2017/08/01,0,0,-1000,-1000
2017/08/02,0,56000,-1000,55000
2017/08/03,0,147000,-43000,104000
2017/08/04,0,57000,-61000,-4000
2017/08/07,0,413000,-1000,412000
2017/08/08,0,1096000,-191000,905000
2017/08/09,0,349000,-372000,-23000
2017/08/10,0,100000,-353000,-253000
2017/08/11,0,136000,-227000,-91000
2017/08/14,0,417000,0,417000
2017/08/15,0,1422000,-347000,1075000
2017/08/16,0,6795000,-2890000,3905000
2017/08/17,0,3937000,-1822000,2115000
2017/08/18,0,14973000,-1694000,13279000
