Date,Open,Buy,Sell,Total
2007/01/02,0,907000,-20000,887000
2007/01/03,0,492000,-259000,233000
2007/01/04,0,586000,-205000,381000
2007/01/05,0,13000,-1515000,-1502000
2007/01/08,0,0,-882211,-882211
2007/01/09,0,566000,-1000,565000
2007/01/10,0,3086000,-2147000,939000
2007/01/11,0,14423000,-7872000,6551000
2007/01/12,0,4063000,-5950000,-1887000
2007/01/15,0,2244000,-3383000,-1139000
2007/01/16,0,2909000,-1958000,951000
2007/01/17,0,3398000,-3171000,227000
2007/01/18,0,803000,-916000,-113000
2007/01/19,0,1133249,-1531000,-397751
2007/01/22,0,580000,-3693000,-3113000
2007/01/23,0,5340000,-3871000,1469000
2007/01/24,0,1254000,-5430000,-4176000
2007/01/25,0,990000,-17466098,-16476098
2007/01/26,0,2171000,-2412000,-241000
2007/01/29,0,1253000,-627283,625717
2007/01/30,0,2097000,-130245,1966755
2007/01/31,0,658000,-912062,-254062
2007/02/01,0,3389000,-1591608,1797392
2007/02/02,0,1786000,-25000,1761000
2007/02/05,0,12223000,-381000,11842000
2007/02/06,0,3847000,-5551000,-1704000
2007/02/07,0,1182000,-275000,907000
2007/02/08,0,1975000,-1478510,496490
2007/02/09,0,2762000,-5447427,-2685427
2007/02/12,0,788000,-1384000,-596000
2007/02/13,0,1077000,-2518490,-1441490
2007/02/14,0,1523000,-1104367,418633
2007/02/15,0,0,0,0
2007/02/16,0,0,0,0
2007/02/19,0,0,0,0
2007/02/20,0,0,0,0
2007/02/21,0,0,0,0
2007/02/22,0,0,0,0
2007/02/23,0,0,0,0
2007/02/26,0,1949000,-5337693,-3388693
2007/02/27,0,2867000,-7514664,-4647664
2007/02/28,0,0,0,0
2007/03/01,0,359000,-3606000,-3247000
2007/03/02,0,329000,-2081000,-1752000
2007/03/05,0,162000,-1668000,-1506000
2007/03/06,0,557000,-1907000,-1350000
2007/03/07,0,565000,-3768837,-3203837
2007/03/08,0,1009000,-1419579,-410579
2007/03/09,0,1020000,-782000,238000
2007/03/12,0,169000,-417000,-248000
2007/03/13,0,1148000,-1494000,-346000
2007/03/14,0,3000,-1788000,-1785000
2007/03/15,0,76000,-186000,-110000
2007/03/16,0,2949000,-1100000,1849000
2007/03/19,0,0,-993000,-993000
2007/03/20,0,83000,-2004000,-1921000
2007/03/21,0,112000,-710000,-598000
2007/03/22,0,1783000,-900000,883000
2007/03/23,0,903000,-147000,756000
2007/03/26,0,538000,-1055000,-517000
2007/03/27,0,950000,-1002000,-52000
2007/03/28,0,134000,-333000,-199000
2007/03/29,0,1151000,-896000,255000
2007/03/30,0,284000,-1116000,-832000
2007/04/02,0,411000,-662000,-251000
2007/04/03,0,186000,-1091000,-905000
2007/04/04,0,2453000,-101000,2352000
2007/04/05,0,0,0,0
2007/04/06,0,0,0,0
2007/04/09,0,825000,-2609000,-1784000
2007/04/10,0,13472000,-8766087,4705913
2007/04/11,0,2241000,-2703000,-462000
2007/04/12,0,644000,-460000,184000
2007/04/13,0,3535000,-2414000,1121000
2007/04/16,0,784000,-505000,279000
2007/04/17,0,320000,-2007713,-1687713
2007/04/18,0,2101000,-2026000,75000
2007/04/19,0,2090000,-3355000,-1265000
2007/04/20,0,17000,-1596000,-1579000
2007/04/23,0,813000,-2062000,-1249000
2007/04/24,0,448000,-295648,152352
2007/04/25,0,774000,-400221,373779
2007/04/26,0,320000,-176000,144000
2007/04/27,0,260000,-843000,-583000
2007/04/30,0,227000,-2893727,-2666727
2007/05/01,0,0,0,0
2007/05/02,0,581000,-135000,446000
2007/05/03,0,645000,-93000,552000
2007/05/04,0,1676000,-93000,1583000
2007/05/07,0,448000,-1004000,-556000
2007/05/08,0,141000,-577000,-436000
2007/05/09,0,906000,-214000,692000
2007/05/10,0,2199000,-2373422,-174422
2007/05/11,0,262000,-185484,76516
2007/05/14,0,1467010,-1712000,-244990
2007/05/15,0,131000,-37000,94000
2007/05/16,0,120000,-34000,86000
2007/05/17,0,688000,-151000,537000
2007/05/18,0,165000,-455000,-290000
2007/05/21,0,753000,-39000,714000
2007/05/22,0,269000,-222000,47000
2007/05/23,0,460000,-48000,412000
2007/05/24,0,47000,0,47000
2007/05/25,0,306000,-527000,-221000
2007/05/28,0,319000,-436052,-117052
2007/05/29,0,484000,-300000,184000
2007/05/30,0,825000,-1342000,-517000
2007/05/31,0,796000,-2013727,-1217727
2007/06/01,0,928000,-25000,903000
2007/06/04,0,2231000,-1137000,1094000
2007/06/05,0,28000,-358000,-330000
2007/06/06,0,655000,-574000,81000
2007/06/07,0,1890000,-2804000,-914000
2007/06/08,0,445000,-223000,222000
2007/06/11,0,77000,-2226000,-2149000
2007/06/12,0,920000,-771000,149000
2007/06/13,0,1155000,-1260000,-105000
2007/06/14,0,77000,-96000,-19000
2007/06/15,0,536169,-146000,390169
2007/06/18,0,0,0,0
2007/06/19,0,0,0,0
2007/06/20,0,2634000,-8000,2626000
2007/06/21,0,4930000,-518010,4411990
2007/06/22,0,1068000,-3292000,-2224000
2007/06/25,0,2579000,-1000000,1579000
2007/06/26,0,583000,-2899000,-2316000
2007/06/27,0,96000,-84000,12000
2007/06/28,0,3126000,-1205000,1921000
2007/06/29,0,2443000,-583726,1859274
2007/07/02,0,216000,-84000,132000
2007/07/03,0,418000,0,418000
2007/07/04,0,5664000,-5344000,320000
2007/07/05,0,14987000,-3236000,11751000
2007/07/06,0,47519000,-3237000,44282000
2007/07/09,0,4072000,-4728000,-656000
2007/07/10,0,7044000,-170000,6874000
2007/07/11,0,871000,-386271,484729
2007/07/12,0,15960000,-2564000,13396000
2007/07/13,0,4270000,-4410000,-140000
2007/07/16,0,4636648,-2863000,1773648
2007/07/17,0,393000,-4665000,-4272000
2007/07/18,0,3218643,-4502643,-1284000
2007/07/19,0,621000,-754000,-133000
2007/07/20,0,2937000,-45000,2892000
2007/07/23,0,4006000,-3711000,295000
2007/07/24,0,1764000,-1981000,-217000
2007/07/25,0,3206000,-235000,2971000
2007/07/26,0,2775650,-2305106,470544
2007/07/27,0,1408000,-7367000,-5959000
2007/07/30,0,1180000,-4797000,-3617000
2007/07/31,0,4351000,-3764801,586199
2007/08/01,0,2258000,-11092000,-8834000
2007/08/02,0,7067000,-24049000,-16982000
2007/08/03,0,6847800,-1896800,4951000
2007/08/06,0,166000,-4000000,-3834000
2007/08/07,0,231000,-885000,-654000
2007/08/08,0,2351000,-165000,2186000
2007/08/09,0,1703000,-2610000,-907000
2007/08/10,0,447000,-2676000,-2229000
2007/08/13,0,852000,-1096000,-244000
2007/08/14,0,207000,-277000,-70000
2007/08/15,0,1283000,-3210000,-1927000
2007/08/16,0,1493000,-5683000,-4190000
2007/08/17,0,925000,-11183000,-10258000
2007/08/20,0,1812000,-14985000,-13173000
2007/08/21,0,770300,-5136000,-4365700
2007/08/22,0,709000,-2660785,-1951785
2007/08/23,0,2500000,-9844000,-7344000
2007/08/24,0,350000,-3695000,-3345000
2007/08/27,0,1221000,-3587682,-2366682
2007/08/28,0,1183000,-1968000,-785000
2007/08/29,0,3603053,-3134000,469053
2007/08/30,0,2441995,-2371000,70995
2007/08/31,0,5725700,-2296000,3429700
2007/09/03,0,706000,-1851000,-1145000
2007/09/04,0,2578000,-3146000,-568000
2007/09/05,0,3975002,-4401000,-425998
2007/09/06,0,622000,-2005000,-1383000
2007/09/07,0,268000,-959000,-691000
2007/09/10,0,629000,-2047000,-1418000
2007/09/11,0,1034000,-1451000,-417000
2007/09/12,0,54000,-2517000,-2463000
2007/09/13,0,2039371,-2220000,-180629
2007/09/14,0,1674000,-3704000,-2030000
2007/09/17,0,871000,-2969000,-2098000
2007/09/18,0,0,0,0
2007/09/19,0,6091000,-6209000,-118000
2007/09/20,0,1653000,-3403000,-1750000
2007/09/21,0,985000,-2419000,-1434000
2007/09/24,0,0,0,0
2007/09/25,0,0,0,0
2007/09/26,0,3078000,-419000,2659000
2007/09/27,0,1505000,-1006000,499000
2007/09/28,0,2637000,-2086000,551000
2007/10/01,0,1245000,-9139000,-7894000
2007/10/02,0,5257000,-2339000,2918000
2007/10/03,0,5511278,-1961650,3549628
2007/10/04,0,1188000,-1438374,-250374
2007/10/05,0,834000,-228000,606000
2007/10/08,0,6765000,-3688677,3076323
2007/10/09,0,11500000,-4239000,7261000
2007/10/10,0,0,0,0
2007/10/11,0,7845000,-3132361,4712639
2007/10/12,0,3833000,-785000,3048000
2007/10/15,0,2338000,-628000,1710000
2007/10/16,0,2174001,-419000,1755001
2007/10/17,0,2769000,-866000,1903000
2007/10/18,0,3301000,-1228000,2073000
2007/10/19,0,12443000,-1182000,11261000
2007/10/22,0,3484000,-2942000,542000
2007/10/23,0,10495000,-2110000,8385000
2007/10/24,0,2087000,-1893105,193895
2007/10/25,0,6124854,-765251,5359603
2007/10/26,0,1937000,-936000,1001000
2007/10/29,0,9683000,-1226220,8456780
2007/10/30,0,2195000,-320505,1874495
2007/10/31,0,2299000,-662000,1637000
2007/11/01,0,4829000,-1173000,3656000
2007/11/02,0,2457000,-1392000,1065000
2007/11/05,0,2207000,-3529000,-1322000
2007/11/06,0,1418000,-879000,539000
2007/11/07,0,2336000,-3681797,-1345797
2007/11/08,0,2252000,-3367000,-1115000
2007/11/09,0,1717000,-133000,1584000
2007/11/12,0,2335000,-1636000,699000
2007/11/13,0,2136000,-2818000,-682000
2007/11/14,0,1279000,-2047000,-768000
2007/11/15,0,1670000,-1012000,658000
2007/11/16,0,5206000,-7144632,-1938632
2007/11/19,0,9532000,-8457587,1074413
2007/11/20,0,1052530,-1633000,-580470
2007/11/21,0,175000,-2511004,-2336004
2007/11/22,0,564000,-2336576,-1772576
2007/11/23,0,2752000,-199000,2553000
2007/11/26,0,2829000,-1095342,1733658
2007/11/27,0,1121000,-1062000,59000
2007/11/28,0,1991000,-1184000,807000
2007/11/29,0,2303000,-313383,1989617
2007/11/30,0,1839000,-4556000,-2717000
2007/12/03,0,1039283,-45000,994283
2007/12/04,0,828000,-3809000,-2981000
2007/12/05,0,804000,-2421000,-1617000
2007/12/06,0,1378000,-71166,1306834
2007/12/07,0,861169,-54000,807169
2007/12/10,0,537000,-1815000,-1278000
2007/12/11,0,402000,-152000,250000
2007/12/12,0,450000,-102000,348000
2007/12/13,0,632059,-1020939,-388880
2007/12/14,0,512000,-1545000,-1033000
2007/12/17,0,971000,-963000,8000
2007/12/18,0,3787688,-2723568,1064120
2007/12/19,0,0,-1232415,-1232415
2007/12/20,0,233000,-624000,-391000
2007/12/21,0,1184000,-258000,926000
2007/12/24,0,62000,-691000,-629000
2007/12/25,0,0,-101000,-101000
2007/12/26,0,312000,-360000,-48000
2007/12/27,0,698000,-846000,-148000
2007/12/28,0,615000,-746000,-131000
2007/12/31,0,159000,-220000,-61000
2008/01/01,0,0,0,0
2008/01/02,0,420000,-2383000,-1963000
2008/01/03,0,496000,-931000,-435000
2008/01/04,0,668000,-477582,190418
2008/01/07,0,609000,-515000,94000
2008/01/08,0,2396000,-2041000,355000
2008/01/09,0,2947000,-4872000,-1925000
2008/01/10,0,8820370,-2032000,6788370
2008/01/11,0,11132000,-2941000,8191000
2008/01/14,0,38201000,-6388596,31812404
2008/01/15,0,46449000,-8949949,37499051
2008/01/16,0,22733251,-14727000,8006251
2008/01/17,0,4051000,-5361001,-1310001
2008/01/18,0,6770000,-11106352,-4336352
2008/01/21,0,18191000,-2461000,15730000
2008/01/22,0,5941000,-5921000,20000
2008/01/23,0,14285000,-947519,13337481
2008/01/24,0,14593000,-9753000,4840000
2008/01/25,0,8882001,-3684000,5198001
2008/01/28,0,1921000,-3353000,-1432000
2008/01/29,0,3603000,-3571573,31427
2008/01/30,0,9200992,-6857000,2343992
2008/01/31,0,3597000,-3897477,-300477
2008/02/01,0,588000,-5191300,-4603300
2008/02/04,0,0,0,0
2008/02/05,0,0,0,0
2008/02/06,0,0,0,0
2008/02/07,0,0,0,0
2008/02/08,0,0,0,0
2008/02/11,0,0,0,0
2008/02/12,0,6160000,-2763888,3396112
2008/02/13,0,5634000,-12472000,-6838000
2008/02/14,0,22844000,-9611000,13233000
2008/02/15,0,19108000,-6182000,12926000
2008/02/18,0,1058000,-10554577,-9496577
2008/02/19,0,1818000,-6623000,-4805000
2008/02/20,0,3972000,-9389000,-5417000
2008/02/21,0,1600000,-11556677,-9956677
2008/02/22,0,2465000,-8002000,-5537000
2008/02/25,0,11042000,-6367000,4675000
2008/02/26,0,10220000,-6714000,3506000
2008/02/27,0,7652000,-8054000,-402000
2008/02/28,0,0,0,0
2008/02/29,0,5458243,-7601580,-2143337
2008/03/03,0,7295000,-4039000,3256000
2008/03/04,0,57245000,-15044000,42201000
2008/03/05,0,8374000,-4506521,3867479
2008/03/06,0,8966000,-1611000,7355000
2008/03/07,0,6235000,-19868300,-13633300
2008/03/10,0,2999000,-3546000,-547000
2008/03/11,0,1295000,-10662814,-9367814
2008/03/12,0,1849344,-2173650,-324306
2008/03/13,0,2964846,-3094000,-129154
2008/03/14,0,706000,-12023000,-11317000
2008/03/17,0,994000,-5713691,-4719691
2008/03/18,0,2982000,-11609000,-8627000
2008/03/19,0,4944887,-29152887,-24208000
2008/03/20,0,21259000,-15026000,6233000
2008/03/21,0,9491000,-8741000,750000
2008/03/24,0,26110000,-27303000,-1193000
2008/03/25,0,5494000,-12382193,-6888193
2008/03/26,0,8253000,-24067089,-15814089
2008/03/27,0,14237148,-15632000,-1394852
2008/03/28,0,7850148,-14954000,-7103852
2008/03/31,0,13209126,-8595000,4614126
2008/04/01,0,6794494,-2593000,4201494
2008/04/02,0,5995000,-1743225,4251775
2008/04/03,0,3455000,-5586000,-2131000
2008/04/04,0,0,0,0
2008/04/07,0,1424000,-1998000,-574000
2008/04/08,0,1142000,-11825000,-10683000
2008/04/09,0,2711000,-5884000,-3173000
2008/04/10,0,9105000,-3947000,5158000
2008/04/11,0,13855000,-11922658,1932342
2008/04/14,0,5458000,-4993000,465000
2008/04/15,0,10103000,-5440000,4663000
2008/04/16,0,4708000,-16855000,-12147000
2008/04/17,0,2460000,-1705000,755000
2008/04/18,0,563000,-2312002,-1749002
2008/04/21,0,4780000,-36306000,-31526000
2008/04/22,0,4911000,-4884000,27000
2008/04/23,0,8608000,-18896000,-10288000
2008/04/24,0,2202000,-12880000,-10678000
2008/04/25,0,6668000,-9768000,-3100000
2008/04/28,0,3666000,-2843000,823000
2008/04/29,0,9638000,-13812000,-4174000
2008/04/30,0,3835000,-3135370,699630
2008/05/01,0,0,0,0
2008/05/02,0,1039000,-5934000,-4895000
2008/05/05,0,1206000,-14148000,-12942000
2008/05/06,0,4282000,-24659000,-20377000
2008/05/07,0,899000,-2712000,-1813000
2008/05/08,0,4706000,-4612000,94000
2008/05/09,0,295000,-2751000,-2456000
2008/05/12,0,464000,-4751000,-4287000
2008/05/13,0,5469000,-1408000,4061000
2008/05/14,0,4143000,-3205342,937658
2008/05/15,0,10560000,-6833972,3726028
2008/05/16,0,3648000,-10013000,-6365000
2008/05/19,0,2384339,-11305339,-8921000
2008/05/20,0,2714000,-9235000,-6521000
2008/05/21,0,448000,-854907,-406907
2008/05/22,0,2237000,-2539000,-302000
2008/05/23,0,256000,-850000,-594000
2008/05/26,0,1461000,-2602000,-1141000
2008/05/27,0,2066000,-2354000,-288000
2008/05/28,0,1397000,-7041000,-5644000
2008/05/29,0,5222000,-4400000,822000
2008/05/30,0,7705098,-3228000,4477098
2008/06/02,0,6624000,-3782000,2842000
2008/06/03,0,1327000,-1218000,109000
2008/06/04,0,1212000,-1712000,-500000
2008/06/05,0,3608000,-2486000,1122000
2008/06/06,0,740000,-790000,-50000
2008/06/09,0,2769000,-1271000,1498000
2008/06/10,0,1631000,-4779028,-3148028
2008/06/11,0,181000,-2505000,-2324000
2008/06/12,0,2631000,-5641000,-3010000
2008/06/13,0,4490000,-6738000,-2248000
2008/06/16,0,4547000,-2190000,2357000
2008/06/17,0,2049339,-6130536,-4081197
2008/06/18,0,7039000,-6396000,643000
2008/06/19,0,2104000,-3097000,-993000
2008/06/20,0,7981337,-2881000,5100337
2008/06/23,0,1837000,-71000,1766000
2008/06/24,0,1110000,-788000,322000
2008/06/25,0,2517000,-1434110,1082890
2008/06/26,0,4054683,-898000,3156683
2008/06/27,0,3483000,-3712000,-229000
2008/06/30,0,2517000,-2170000,347000
2008/07/01,0,12306000,-8323000,3983000
2008/07/02,0,1043000,-4139000,-3096000
2008/07/03,0,2037000,-7035000,-4998000
2008/07/04,0,1335000,-2272000,-937000
2008/07/07,0,2432000,-858000,1574000
2008/07/08,0,2746000,-3519000,-773000
2008/07/09,0,3157000,-1698000,1459000
2008/07/10,0,3891000,-335000,3556000
2008/07/11,0,1792000,-1468000,324000
2008/07/14,0,3796000,-322000,3474000
2008/07/15,0,8267216,-3703669,4563547
2008/07/16,0,2423000,-1899000,524000
2008/07/17,0,7821000,-4594749,3226251
2008/07/18,0,15022000,-3589000,11433000
2008/07/21,0,12548000,-2082000,10466000
2008/07/22,0,1139000,-4480000,-3341000
2008/07/23,0,3420000,-696027,2723973
2008/07/24,0,8483000,-4229000,4254000
2008/07/25,0,1666000,-4644000,-2978000
2008/07/28,0,0,0,0
2008/07/29,0,175000,-3357000,-3182000
2008/07/30,0,10822000,-6158000,4664000
2008/07/31,0,1782000,-9406000,-7624000
2008/08/01,0,2221000,-1109342,1111658
2008/08/04,0,1254000,-422000,832000
2008/08/05,0,7726000,-5125000,2601000
2008/08/06,0,6612000,-2922000,3690000
2008/08/07,0,197000,-7790000,-7593000
2008/08/08,0,2382000,-4742000,-2360000
2008/08/11,0,2647000,-6789000,-4142000
2008/08/12,0,497000,-3689000,-3192000
2008/08/13,0,1476000,-893000,583000
2008/08/14,0,914000,-789000,125000
2008/08/15,0,488000,-2355000,-1867000
2008/08/18,0,173000,-3177000,-3004000
2008/08/19,0,2031000,-2554000,-523000
2008/08/20,0,674000,-1320000,-646000
2008/08/21,0,640000,-1914000,-1274000
2008/08/22,0,787000,-1070000,-283000
2008/08/25,0,4520000,-632000,3888000
2008/08/26,0,2082000,-3146000,-1064000
2008/08/27,0,2019000,-1148000,871000
2008/08/28,0,4361000,-2003000,2358000
2008/08/29,0,2020000,-1043000,977000
2008/09/01,0,244000,-1897000,-1653000
2008/09/02,0,299000,-1119000,-820000
2008/09/03,0,1971000,-624000,1347000
2008/09/04,0,344000,-1524000,-1180000
2008/09/05,0,242000,-1258000,-1016000
2008/09/08,0,1187000,-526000,661000
2008/09/09,0,1281000,-1309000,-28000
2008/09/10,0,8383000,-4852000,3531000
2008/09/11,0,1025000,-6462000,-5437000
2008/09/12,0,1076000,-10233000,-9157000
2008/09/15,0,2392000,-5961000,-3569000
2008/09/16,0,1451749,-4878499,-3426750
2008/09/17,0,1871000,-4534000,-2663000
2008/09/18,0,699000,-1983000,-1284000
2008/09/19,0,1050000,-2759000,-1709000
2008/09/22,0,882000,-3555000,-2673000
2008/09/23,0,2181000,-5745000,-3564000
2008/09/24,0,8164877,-10884877,-2720000
2008/09/25,0,828000,-850000,-22000
2008/09/26,0,2358000,-10397000,-8039000
2008/09/29,0,0,0,0
2008/09/30,0,663000,-2461000,-1798000
2008/10/01,0,1740000,-6576000,-4836000
2008/10/02,0,1168000,-2505000,-1337000
2008/10/03,0,799000,-1264000,-465000
2008/10/06,0,408000,-4087000,-3679000
2008/10/07,0,1821000,-1025000,796000
2008/10/08,0,336000,-4225000,-3889000
2008/10/09,0,2396000,-35312000,-32916000
2008/10/10,0,0,0,0
2008/10/13,0,522000,-1358000,-836000
2008/10/14,0,2440000,-3309000,-869000
2008/10/15,0,403000,-6719313,-6316313
2008/10/16,0,8000,-3129000,-3121000
2008/10/17,0,2056000,-2465000,-409000
2008/10/20,0,2122000,-3551000,-1429000
2008/10/21,0,6687000,-3306000,3381000
2008/10/22,0,1916000,-2108000,-192000
2008/10/23,0,2047000,-2035000,12000
2008/10/24,0,1078000,-494000,584000
2008/10/27,0,46000,-799000,-753000
2008/10/28,0,511000,-5336981,-4825981
2008/10/29,0,1351000,-1205000,146000
2008/10/30,0,1568071,-8234000,-6665929
2008/10/31,0,4238000,-1979000,2259000
2008/11/03,0,3717000,-1314000,2403000
2008/11/04,0,3340000,-966424,2373576
2008/11/05,0,3409000,-1240000,2169000
2008/11/06,0,1602000,-2162000,-560000
2008/11/07,0,2264000,-2836000,-572000
2008/11/10,0,2704000,-681000,2023000
2008/11/11,0,1097000,-1142930,-45930
2008/11/12,0,1576000,-1758000,-182000
2008/11/13,0,320174,-1501000,-1180826
2008/11/14,0,4185000,-847913,3337087
2008/11/17,0,2654000,-1183000,1471000
2008/11/18,0,944000,-2280000,-1336000
2008/11/19,0,2797000,-1825000,972000
2008/11/20,0,1014000,-6173143,-5159143
2008/11/21,0,1696000,-2083000,-387000
2008/11/24,0,1977000,-804000,1173000
2008/11/25,0,4773000,-5929174,-1156174
2008/11/26,0,1491000,-728379,762621
2008/11/27,0,1470000,-46000,1424000
2008/11/28,0,1815000,-131032,1683968
2008/12/01,0,136000,-65000,71000
2008/12/02,0,5056000,-2371000,2685000
2008/12/03,0,3583000,-1136000,2447000
2008/12/04,0,957000,-2928461,-1971461
2008/12/05,0,1342000,-277493,1064507
2008/12/08,0,5743000,-951000,4792000
2008/12/09,0,2784000,-898985,1885015
2008/12/10,0,2337000,-476000,1861000
2008/12/11,0,5054000,-1968000,3086000
2008/12/12,0,1317000,-4583000,-3266000
2008/12/15,0,3148000,-432000,2716000
2008/12/16,0,2921000,-232000,2689000
2008/12/17,0,5267000,-826000,4441000
2008/12/18,0,2604000,-855000,1749000
2008/12/19,0,1578000,-2761000,-1183000
2008/12/22,0,1210000,-2450000,-1240000
2008/12/23,0,393000,-2892000,-2499000
2008/12/24,0,714000,-1757000,-1043000
2008/12/25,0,323000,-743000,-420000
2008/12/26,0,506000,-283000,223000
2008/12/29,0,555000,-531000,24000
2008/12/30,0,1347000,-675000,672000
2008/12/31,0,1300000,-775000,525000
2009/01/01,0,0,0,0
2009/01/02,0,0,0,0
2009/01/05,0,3372000,-1248000,2124000
2009/01/06,0,2006273,-5113000,-3106727
2009/01/07,0,1049822,-2444000,-1394178
2009/01/08,0,424000,-3529000,-3105000
2009/01/09,0,3352000,-1946000,1406000
2009/01/12,0,1282506,-1789000,-506494
2009/01/13,0,3219000,-852000,2367000
2009/01/14,0,1833000,-997000,836000
2009/01/15,0,2813000,-4176000,-1363000
2009/01/16,0,2818105,-1870000,948105
2009/01/19,0,4015000,-843180,3171820
2009/01/20,0,4273000,-3384000,889000
2009/01/21,0,6022000,-3960000,2062000
2009/01/22,0,0,0,0
2009/01/23,0,0,0,0
2009/01/26,0,0,0,0
2009/01/27,0,0,0,0
2009/01/28,0,0,0,0
2009/01/29,0,0,0,0
2009/01/30,0,0,0,0
2009/02/02,0,1695831,-3004101,-1308270
2009/02/03,0,9409000,-1633760,7775240
2009/02/04,0,5763000,-10127000,-4364000
2009/02/05,0,875000,-9458000,-8583000
2009/02/06,0,1103000,-1514409,-411409
2009/02/09,0,1823000,-1992596,-169596
2009/02/10,0,339000,-696000,-357000
2009/02/11,0,277000,-1224000,-947000
2009/02/12,0,596000,-2236000,-1640000
2009/02/13,0,929000,-953000,-24000
2009/02/16,0,8969000,-8424918,544082
2009/02/17,0,4441000,-1341230,3099770
2009/02/18,0,6263000,-1185000,5078000
2009/02/19,0,2018000,-1097000,921000
2009/02/20,0,876000,-5139000,-4263000
2009/02/23,0,1061000,-293000,768000
2009/02/24,0,221000,-1690290,-1469290
2009/02/25,0,1151000,-925450,225550
2009/02/26,0,638000,-724550,-86550
2009/02/27,0,656000,-409000,247000
2009/03/02,0,1961000,-2680083,-719083
2009/03/03,0,628000,-581000,47000
2009/03/04,0,4764000,-1137000,3627000
2009/03/05,0,1850000,-554000,1296000
2009/03/06,0,1815000,-448000,1367000
2009/03/09,0,840000,-713000,127000
2009/03/10,0,3595000,-397000,3198000
2009/03/11,0,495332,-188000,307332
2009/03/12,0,1972000,-1422000,550000
2009/03/13,0,3830000,-173000,3657000
2009/03/16,0,11916000,-874000,11042000
2009/03/17,0,9829000,-9191000,638000
2009/03/18,0,3598000,-1603000,1995000
2009/03/19,0,732000,-1654000,-922000
2009/03/20,0,1336000,-3357743,-2021743
2009/03/23,0,1947000,-400000,1547000
2009/03/24,0,11673000,-3232595,8440405
2009/03/25,0,11186000,-10208720,977280
2009/03/26,0,3271000,-6730000,-3459000
2009/03/27,0,658000,-2300000,-1642000
2009/03/30,0,919000,-691000,228000
2009/03/31,0,2795000,-1908707,886293
2009/04/01,0,1129000,-2356000,-1227000
2009/04/02,0,35960000,-520000,35440000
2009/04/03,0,17644000,-1739000,15905000
2009/04/06,0,559000,-441000,118000
2009/04/07,0,1101000,-343000,758000
2009/04/08,0,25019000,-2755000,22264000
2009/04/09,0,3343000,-14869700,-11526700
2009/04/10,0,2357000,-2431000,-74000
2009/04/13,0,1496000,-1620000,-124000
2009/04/14,0,4356000,-1527000,2829000
2009/04/15,0,4041000,-3146000,895000
2009/04/16,0,4943000,-1047000,3896000
2009/04/17,0,16298108,-1002000,15296108
2009/04/20,0,1925000,-1669000,256000
2009/04/21,0,1302000,-4066000,-2764000
2009/04/22,0,1325000,-1342000,-17000
2009/04/23,0,2884000,-1634000,1250000
2009/04/24,0,2446000,-1859000,587000
2009/04/27,0,4676100,-2150000,2526100
2009/04/28,0,3316000,-7910000,-4594000
2009/04/29,0,8425000,-2271511,6153489
2009/04/30,0,10957000,-1777000,9180000
2009/05/01,0,0,0,0
2009/05/04,0,7698428,-4501000,3197428
2009/05/05,0,35876000,-5918000,29958000
2009/05/06,0,28017000,-7834000,20183000
2009/05/07,0,23819000,-5362000,18457000
2009/05/08,0,8933242,-8147242,786000
2009/05/11,0,4330000,-3520000,810000
2009/05/12,0,3509000,-3144000,365000
2009/05/13,0,14940000,-1088000,13852000
2009/05/14,0,3559948,-2152948,1407000
2009/05/15,0,1055000,-1605000,-550000
2009/05/18,0,2462000,-2120000,342000
2009/05/19,0,2684000,-145000,2539000
2009/05/20,0,5495000,-2173000,3322000
2009/05/21,0,273000,-12849000,-12576000
2009/05/22,0,2774000,-1805000,969000
2009/05/25,0,994984,-3477000,-2482016
2009/05/26,0,1554000,-3976377,-2422377
2009/05/27,0,8636040,-3126984,5509056
2009/05/28,0,0,0,0
2009/05/29,0,0,0,0
2009/06/01,0,6265000,-3008000,3257000
2009/06/02,0,14301000,-3364000,10937000
2009/06/03,0,10963000,-158000,10805000
2009/06/04,0,11305000,-3987000,7318000
2009/06/05,0,6789439,-1453000,5336439
2009/06/08,0,343000,-2276000,-1933000
2009/06/09,0,3915000,-361000,3554000
2009/06/10,0,639840,-495000,144840
2009/06/11,0,1352000,-642000,710000
2009/06/12,0,588000,-2656000,-2068000
2009/06/15,0,1558000,-3644000,-2086000
2009/06/16,0,917000,-6799450,-5882450
2009/06/17,0,237000,-1452000,-1215000
2009/06/18,0,549000,-1934000,-1385000
2009/06/19,0,377000,-1990004,-1613004
2009/06/22,0,868000,-1733000,-865000
2009/06/23,0,831600,-3491000,-2659400
2009/06/24,0,3497000,-1531000,1966000
2009/06/25,0,1577000,-589000,988000
2009/06/26,0,1428000,-885000,543000
2009/06/29,0,2245000,-2567000,-322000
2009/06/30,0,1550000,-834978,715022
2009/07/01,0,1203000,-170000,1033000
2009/07/02,0,255000,-723000,-468000
2009/07/03,0,2570572,-914000,1656572
2009/07/06,0,110000,-1332322,-1222322
2009/07/07,0,6252000,-656759,5595241
2009/07/08,0,6542000,-3903000,2639000
2009/07/09,0,10471000,-785000,9686000
2009/07/10,0,860000,-2603000,-1743000
2009/07/13,0,3593000,-2609000,984000
2009/07/14,0,760000,-1358350,-598350
2009/07/15,0,1678000,-727000,951000
2009/07/16,0,7375000,-871000,6504000
2009/07/17,0,5590973,-719820,4871153
2009/07/20,0,1037000,-1056000,-19000
2009/07/21,0,599000,-1243105,-644105
2009/07/22,0,4124000,-990000,3134000
2009/07/23,0,1675000,-575980,1099020
2009/07/24,0,430000,-933480,-503480
2009/07/27,0,932000,-4594000,-3662000
2009/07/28,0,22520000,-1188000,21332000
2009/07/29,0,18424000,-4533370,13890630
2009/07/30,0,4447000,-5188000,-741000
2009/07/31,0,5495000,-1735000,3760000
2009/08/03,0,3647000,-2864000,783000
2009/08/04,0,11895000,-8657000,3238000
2009/08/05,0,4929000,-907000,4022000
2009/08/06,0,2648000,-2205000,443000
2009/08/07,0,0,0,0
2009/08/10,0,2718330,-7859000,-5140670
2009/08/11,0,1590000,-4285000,-2695000
2009/08/12,0,3923000,-9395000,-5472000
2009/08/13,0,4109500,-14113000,-10003500
2009/08/14,0,1272000,-3494000,-2222000
2009/08/17,0,4888000,-3312000,1576000
2009/08/18,0,4671000,-1439000,3232000
2009/08/19,0,2701000,-4297000,-1596000
2009/08/20,0,679000,-1172000,-493000
2009/08/21,0,1036000,-14588520,-13552520
2009/08/24,0,2795000,-1347533,1447467
2009/08/25,0,3371000,-5927000,-2556000
2009/08/26,0,8045000,-1222000,6823000
2009/08/27,0,0,0,0
2009/08/28,0,0,0,0
2009/08/31,0,0,0,0
2009/09/01,0,0,0,0
2009/09/02,0,0,0,0
2009/09/03,0,0,0,0
2009/09/04,0,0,0,0
2009/09/07,0,0,0,0
2009/09/08,0,0,0,0
2009/09/09,0,0,0,0
2009/09/10,0,0,0,0
2009/09/11,0,0,0,0
2009/09/14,0,0,0,0
2009/09/15,0,8006000,-2174339,5831661
2009/09/16,0,26413000,-5046386,21366614
2009/09/17,0,6851017,-1997020,4853997
2009/09/18,0,7055000,-2067900,4987100
2009/09/21,0,3268000,-2359000,909000
2009/09/22,0,3276100,-3535000,-258900
2009/09/23,0,2434202,-7871000,-5436798
2009/09/24,0,1039000,-7818000,-6779000
2009/09/25,0,6709000,-10436693,-3727693
2009/09/28,0,209000,-335000,-126000
2009/09/29,0,2442545,-18047715,-15605170
2009/09/30,0,6887919,-16757000,-9869081
2009/10/01,0,5747000,-2358920,3388080
2009/10/02,0,700582,-2514000,-1813418
2009/10/05,0,851748,-2497748,-1646000
2009/10/06,0,4469835,-236000,4233835
2009/10/07,0,4781000,-2522380,2258620
2009/10/08,0,2918000,-378993,2539007
2009/10/09,0,540000,-915000,-375000
2009/10/12,0,840000,-2407000,-1567000
2009/10/13,0,15335710,-1111949,14223761
2009/10/14,0,17858000,-376000,17482000
2009/10/15,0,10731900,-2925223,7806677
2009/10/16,0,5080000,-3470386,1609614
2009/10/19,0,2765661,-1722000,1043661
2009/10/20,0,1753000,-1025416,727584
2009/10/21,0,3132307,-3363000,-230693
2009/10/22,0,3980307,-7861404,-3881097
2009/10/23,0,3642000,-3578000,64000
2009/10/26,0,2363000,-1085000,1278000
2009/10/27,0,1515000,-1347000,168000
2009/10/28,0,345620,-8655000,-8309380
2009/10/29,0,10529000,-17704000,-7175000
2009/10/30,0,403495,-11739000,-11335505
2009/11/02,0,1194000,-7929080,-6735080
2009/11/03,0,922000,-5032933,-4110933
2009/11/04,0,1668000,-13282868,-11614868
2009/11/05,0,866000,-3250000,-2384000
2009/11/06,0,2277090,-5913123,-3636033
2009/11/09,0,19974000,-4118693,15855307
2009/11/10,0,17791000,-2723424,15067576
2009/11/11,0,7438000,-654000,6784000
2009/11/12,0,4011000,-4259000,-248000
2009/11/13,0,1429513,-4904627,-3475114
2009/11/16,0,3270000,-10623000,-7353000
2009/11/17,0,2212000,-7896000,-5684000
2009/11/18,0,6862000,-4386000,2476000
2009/11/19,0,794000,-707000,87000
2009/11/20,0,709000,-9698000,-8989000
2009/11/23,0,1385000,-8559000,-7174000
2009/11/24,0,1540000,-9906970,-8366970
2009/11/25,0,3019000,-22392496,-19373496
2009/11/26,0,675000,-3316000,-2641000
2009/11/27,0,2765000,-22676018,-19911018
2009/11/30,0,1436131,-22719798,-21283667
2009/12/01,0,4917000,-14882931,-9965931
2009/12/02,0,4198755,-2676000,1522755
2009/12/03,0,3766243,-4235000,-468757
2009/12/04,0,2862000,-1075691,1786309
2009/12/07,0,1062000,-383215,678785
2009/12/08,0,5196000,-2363000,2833000
2009/12/09,0,477000,-7795210,-7318210
2009/12/10,0,7998000,-3925002,4072998
2009/12/11,0,2511034,-2173587,337447
2009/12/14,0,6435000,-13790000,-7355000
2009/12/15,0,5764000,-1084000,4680000
2009/12/16,0,960000,-1940000,-980000
2009/12/17,0,12119598,-8619879,3499719
2009/12/18,0,5143000,-2669000,2474000
2009/12/21,0,710000,-4598000,-3888000
2009/12/22,0,10318000,-2992000,7326000
2009/12/23,0,2577000,-2858248,-281248
2009/12/24,0,1506000,-143000,1363000
2009/12/25,0,457000,-10000,447000
2009/12/28,0,2524000,-15000,2509000
2009/12/29,0,361000,-251000,110000
2009/12/30,0,2741000,-1017000,1724000
2009/12/31,0,4982000,-800000,4182000
2010/01/01,0,0,0,0
2010/01/04,0,406000,-601000,-195000
2010/01/05,0,26436522,-820080,25616442
2010/01/06,0,5344000,-2095000,3249000
2010/01/07,0,1950000,-230875,1719125
2010/01/08,0,10497411,-5079000,5418411
2010/01/11,0,2800681,-100000,2700681
2010/01/12,0,580000,-393080,186920
2010/01/13,0,1054000,-586000,468000
2010/01/14,0,6881000,-1349890,5531110
2010/01/15,0,1196000,-458000,738000
2010/01/18,0,607001,-1900000,-1292999
2010/01/19,0,51000,-1488950,-1437950
2010/01/20,0,734000,-6832000,-6098000
2010/01/21,0,2587000,-426000,2161000
2010/01/22,0,3135371,-1662000,1473371
2010/01/25,0,286651,-1783000,-1496349
2010/01/26,0,220000,-5178000,-4958000
2010/01/27,0,261000,-2668250,-2407250
2010/01/28,0,57000,-1694000,-1637000
2010/01/29,0,2164000,-2725520,-561520
2010/02/01,0,297000,-1969070,-1672070
2010/02/02,0,686307,-2271170,-1584863
2010/02/03,0,1118870,-1605000,-486130
2010/02/04,0,373000,-2245000,-1872000
2010/02/05,0,363000,-1879520,-1516520
2010/02/08,0,1415350,-3253002,-1837652
2010/02/09,0,511000,-878930,-367930
2010/02/10,0,3697000,-2230000,1467000
2010/02/11,0,0,0,0
2010/02/12,0,0,0,0
2010/02/15,0,0,0,0
2010/02/16,0,0,0,0
2010/02/17,0,0,0,0
2010/02/18,0,0,0,0
2010/02/19,0,0,0,0
2010/02/22,0,3020000,-6596701,-3576701
2010/02/23,0,4066000,-1552000,2514000
2010/02/24,0,6039000,-3876000,2163000
2010/02/25,0,4065395,-2230000,1835395
2010/02/26,0,3525000,-672566,2852434
2010/03/01,0,6729000,-373000,6356000
2010/03/02,0,2177000,-217000,1960000
2010/03/03,0,2160000,-117921,2042079
2010/03/04,0,2136000,-3209000,-1073000
2010/03/05,0,3348000,-2145000,1203000
2010/03/08,0,2241000,-240000,2001000
2010/03/09,0,2054800,-18000,2036800
2010/03/10,0,2761854,-131000,2630854
2010/03/11,0,10203000,-435000,9768000
2010/03/12,0,4765000,-960000,3805000
2010/03/15,0,1439000,-1078000,361000
2010/03/16,0,717000,-2079000,-1362000
2010/03/17,0,4639000,-811000,3828000
2010/03/18,0,6049000,-7591750,-1542750
2010/03/19,0,13168000,-3906000,9262000
2010/03/22,0,1168000,-4165860,-2997860
2010/03/23,0,195000,-5267000,-5072000
2010/03/24,0,824000,-1368000,-544000
2010/03/25,0,2302000,-1692000,610000
2010/03/26,0,3150771,-917000,2233771
2010/03/29,0,10152000,-928000,9224000
2010/03/30,0,7829000,-1274000,6555000
2010/03/31,0,5903000,-1292810,4610190
2010/04/01,0,11265000,-3064034,8200966
2010/04/02,0,3827000,-3086000,741000
2010/04/05,0,0,0,0
2010/04/06,0,4409000,-4763063,-354063
2010/04/07,0,6328360,-2990000,3338360
2010/04/08,0,6446500,-4259376,2187124
2010/04/09,0,2688000,-9323410,-6635410
2010/04/12,0,9163121,-1376000,7787121
2010/04/13,0,13821000,-1532000,12289000
2010/04/14,0,7982352,-1196954,6785398
2010/04/15,0,33570000,-1177000,32393000
2010/04/16,0,3308730,-9538000,-6229270
2010/04/19,0,9690000,-3690000,6000000
2010/04/20,0,8248000,-3290000,4958000
2010/04/21,0,4108000,-4482000,-374000
2010/04/22,0,2115000,-4149620,-2034620
2010/04/23,0,6048000,-1423000,4625000
2010/04/26,0,2431000,-379000,2052000
2010/04/27,0,5320284,-3162814,2157470
2010/04/28,0,166000,-3209010,-3043010
2010/04/29,0,1622200,-2176000,-553800
2010/04/30,0,14050000,-1426229,12623771
2010/05/03,0,3317000,-836000,2481000
2010/05/04,0,5611000,-1761000,3850000
2010/05/05,0,1142176,-6103116,-4960940
2010/05/06,0,3431794,-4965000,-1533206
2010/05/07,0,5364400,-10295400,-4931000
2010/05/10,0,3499410,-2926040,573370
2010/05/11,0,12428000,-4811000,7617000
2010/05/12,0,3848000,-525000,3323000
2010/05/13,0,5195000,-554000,4641000
2010/05/14,0,7462000,-420000,7042000
2010/05/17,0,4546000,-8936000,-4390000
2010/05/18,0,4015000,-4861000,-846000
2010/05/19,0,4155000,-4267000,-112000
2010/05/20,0,3626000,-18336000,-14710000
2010/05/21,0,3689000,-12370150,-8681150
2010/05/24,0,5716000,-2074160,3641840
2010/05/25,0,7325000,-8927000,-1602000
2010/05/26,0,16493000,-13872200,2620800
2010/05/27,0,2324351,-12653860,-10329509
2010/05/28,0,4314000,-3657000,657000
2010/05/31,0,6264000,-13702706,-7438706
2010/06/01,0,11975000,-5572000,6403000
2010/06/02,0,9326000,-16281000,-6955000
2010/06/03,0,6313000,-12612000,-6299000
2010/06/04,0,1502000,-1959000,-457000
2010/06/07,0,3241000,-4193953,-952953
2010/06/08,0,8157200,-17218600,-9061400
2010/06/09,0,3685000,-9949029,-6264029
2010/06/10,0,4211000,-3863000,348000
2010/06/11,0,4942837,-395000,4547837
2010/06/14,0,16671837,-601386,16070451
2010/06/15,0,6468674,-8070950,-1602276
2010/06/16,0,0,0,0
2010/06/17,0,5289137,-3815000,1474137
2010/06/18,0,2611991,-855000,1756991
2010/06/21,0,5679026,-161275,5517751
2010/06/22,0,2184689,-1724000,460689
2010/06/23,0,2517045,-2771754,-254709
2010/06/24,0,1461000,-4054890,-2593890
2010/06/25,0,5827000,-4330000,1497000
2010/06/28,0,2132000,-6224000,-4092000
2010/06/29,0,2101000,-11410915,-9309915
2010/06/30,0,4140000,-8270000,-4130000
2010/07/01,0,7419000,-11247600,-3828600
2010/07/02,0,1073000,-12062526,-10989526
2010/07/05,0,1497962,-4756000,-3258038
2010/07/06,0,3722000,-9775000,-6053000
2010/07/07,0,3748303,-4096000,-347697
2010/07/08,0,8379000,-4902000,3477000
2010/07/09,0,1402000,-3126496,-1724496
2010/07/12,0,3362000,-3557864,-195864
2010/07/13,0,773000,-3004000,-2231000
2010/07/14,0,3266586,-1492000,1774586
2010/07/15,0,2224000,-2490000,-266000
2010/07/16,0,1376165,-1290000,86165
2010/07/19,0,1717000,-3981000,-2264000
2010/07/20,0,3174257,-7536000,-4361743
2010/07/21,0,3649000,-11021000,-7372000
2010/07/22,0,3405000,-2133022,1271978
2010/07/23,0,5286000,-1799000,3487000
2010/07/26,0,1128210,-2302000,-1173790
2010/07/27,0,2341660,-1807791,533869
2010/07/28,0,3725000,-5819000,-2094000
2010/07/29,0,3071025,-8582232,-5511207
2010/07/30,0,2094217,-4438000,-2343783
2010/08/02,0,10487000,-3737590,6749410
2010/08/03,0,1499000,-8295000,-6796000
2010/08/04,0,2819000,-13485984,-10666984
2010/08/05,0,7154000,-20081000,-12927000
2010/08/06,0,1492000,-2663000,-1171000
2010/08/09,0,1405000,-1719683,-314683
2010/08/10,0,1234000,-2723480,-1489480
2010/08/11,0,1128000,-2851783,-1723783
2010/08/12,0,3765000,-6828000,-3063000
2010/08/13,0,1454165,-5048352,-3594187
2010/08/16,0,1766000,-2090200,-324200
2010/08/17,0,7733000,-8466843,-733843
2010/08/18,0,1828000,-12437000,-10609000
2010/08/19,0,4007000,-15101000,-11094000
2010/08/20,0,967000,-2460000,-1493000
2010/08/23,0,1780000,-3183000,-1403000
2010/08/24,0,958000,-2296000,-1338000
2010/08/25,0,3010000,-10865000,-7855000
2010/08/26,0,1021000,-4008000,-2987000
2010/08/27,0,3887000,-30980818,-27093818
2010/08/30,0,1475258,-1027000,448258
2010/08/31,0,8262000,-2373459,5888541
2010/09/01,0,1507000,-4532000,-3025000
2010/09/02,0,3556000,-1519351,2036649
2010/09/03,0,1763000,-2821000,-1058000
2010/09/06,0,3338000,-929574,2408426
2010/09/07,0,267115,-2019244,-1752129
2010/09/08,0,1311100,-1176853,134247
2010/09/09,0,3079000,-11856442,-8777442
2010/09/10,0,3323760,-915000,2408760
2010/09/13,0,10204000,-3705410,6498590
2010/09/14,0,2292166,-6091000,-3798834
2010/09/15,0,3992980,-2401805,1591175
2010/09/16,0,1210000,-1002936,207064
2010/09/17,0,5660000,-1775000,3885000
2010/09/20,0,3529000,-8082000,-4553000
2010/09/21,0,3605000,-308000,3297000
2010/09/22,0,0,0,0
2010/09/23,0,1649586,-2711000,-1061414
2010/09/24,0,5120140,-439000,4681140
2010/09/27,0,658780,-4406000,-3747220
2010/09/28,0,4961700,-4420000,541700
2010/09/29,0,8072000,-2104000,5968000
2010/09/30,0,1250000,-2250000,-1000000
2010/10/01,0,3800770,-381000,3419770
2010/10/04,0,7015410,-921000,6094410
2010/10/05,0,3387570,-1729980,1657590
2010/10/06,0,10683182,-1282000,9401182
2010/10/07,0,3192490,-5269000,-2076510
2010/10/08,0,2244390,-961000,1283390
2010/10/11,0,542000,-5066151,-4524151
2010/10/12,0,2551419,-3958807,-1407388
2010/10/13,0,3837730,-4846400,-1008670
2010/10/14,0,4867430,-1805000,3062430
2010/10/15,0,2855650,-353000,2502650
2010/10/18,0,119000,-3205921,-3086921
2010/10/19,0,1193000,-2334000,-1141000
2010/10/20,0,2265000,-3094000,-829000
2010/10/21,0,6577000,-1670000,4907000
2010/10/22,0,3142002,-1378726,1763276
2010/10/25,0,2294000,-1689933,604067
2010/10/26,0,2077000,-2305728,-228728
2010/10/27,0,2041240,-7590000,-5548760
2010/10/28,0,4186252,-4319000,-132748
2010/10/29,0,623000,-656000,-33000
2010/11/01,0,6629000,-6376000,253000
2010/11/02,0,2783000,-2804705,-21705
2010/11/03,0,2258000,-1796000,462000
2010/11/04,0,2755000,-766000,1989000
2010/11/05,0,1941500,-4701517,-2760017
2010/11/08,0,3141000,-3458000,-317000
2010/11/09,0,1628500,-4204174,-2575674
2010/11/10,0,747000,-3125150,-2378150
2010/11/11,0,1903000,-1304057,598943
2010/11/12,0,1084000,-2201000,-1117000
2010/11/15,0,865834,-3118000,-2252166
2010/11/16,0,1521000,-14280000,-12759000
2010/11/17,0,1576000,-12048000,-10472000
2010/11/18,0,3561000,-1451590,2109410
2010/11/19,0,1393580,-5600000,-4206420
2010/11/22,0,3734760,-610064,3124696
2010/11/23,0,1442710,-7020000,-5577290
2010/11/24,0,2405000,-15657000,-13252000
2010/11/25,0,3235000,-1460788,1774212
2010/11/26,0,623000,-4265000,-3642000
2010/11/29,0,7351000,-2031194,5319806
2010/11/30,0,5254396,-14829111,-9574715
2010/12/01,0,8306000,-5994016,2311984
2010/12/02,0,4824000,-727766,4096234
2010/12/03,0,2985000,-1927000,1058000
2010/12/06,0,3936000,-2500000,1436000
2010/12/07,0,1723230,-1421000,302230
2010/12/08,0,1224000,-2456000,-1232000
2010/12/09,0,1844000,-974000,870000
2010/12/10,0,287000,-1231000,-944000
2010/12/13,0,6363000,-535000,5828000
2010/12/14,0,7640000,-3373000,4267000
2010/12/15,0,11048000,-7204693,3843307
2010/12/16,0,5657000,-1816000,3841000
2010/12/17,0,852000,-904000,-52000
2010/12/20,0,8204210,-3376000,4828210
2010/12/21,0,1961000,-1314450,646550
2010/12/22,0,1539000,-2808770,-1269770
2010/12/23,0,3983000,-4714000,-731000
2010/12/24,0,1349000,-280000,1069000
2010/12/27,0,1561000,-461000,1100000
2010/12/28,0,826000,-636000,190000
2010/12/29,0,3676470,-551000,3125470
2010/12/30,0,7129000,-1462509,5666491
2010/12/31,0,2714000,-2052040,661960
2011/01/03,0,1757000,-1862000,-105000
2011/01/04,0,678000,-6710000,-6032000
2011/01/05,0,4996000,-1279670,3716330
2011/01/06,0,1292000,-2157000,-865000
2011/01/07,0,724000,-2824000,-2100000
2011/01/10,0,1126000,-939000,187000
2011/01/11,0,1528000,-694000,834000
2011/01/12,0,1093000,-3011764,-1918764
2011/01/13,0,770574,-2437000,-1666426
2011/01/14,0,1103000,-289000,814000
2011/01/17,0,1870648,-8570000,-6699352
2011/01/18,0,4297000,-5532370,-1235370
2011/01/19,0,1440000,-3124000,-1684000
2011/01/20,0,581000,-4911000,-4330000
2011/01/21,0,811000,-2534000,-1723000
2011/01/24,0,146000,-1610000,-1464000
2011/01/25,0,482000,-442000,40000
2011/01/26,0,3559000,-1835820,1723180
2011/01/27,0,1770000,-2037774,-267774
2011/01/28,0,1915970,-2363000,-447030
2011/01/31,0,0,0,0
2011/02/01,0,0,0,0
2011/02/02,0,0,0,0
2011/02/03,0,0,0,0
2011/02/04,0,0,0,0
2011/02/07,0,0,0,0
2011/02/08,0,2565000,-7373000,-4808000
2011/02/09,0,3426000,-4863801,-1437801
2011/02/10,0,1121000,-2499040,-1378040
2011/02/11,0,5440938,-7986000,-2545062
2011/02/14,0,1090000,-4492250,-3402250
2011/02/15,0,2023000,-10743664,-8720664
2011/02/16,0,1272000,-6460000,-5188000
2011/02/17,0,1910000,-4344970,-2434970
2011/02/18,0,2917000,-6500090,-3583090
2011/02/21,0,715000,-7330000,-6615000
2011/02/22,0,9823000,-10294000,-471000
2011/02/23,0,11030758,-4093580,6937178
2011/02/24,0,2856000,-5333000,-2477000
2011/02/25,0,8689581,-7994000,695581
2011/02/28,0,0,0,0
2011/03/01,0,9388000,-5157000,4231000
2011/03/02,0,1804000,-4206000,-2402000
2011/03/03,0,2212000,-2129287,82713
2011/03/04,0,1595000,-583000,1012000
2011/03/07,0,2900000,-4616000,-1716000
2011/03/08,0,1691000,-949933,741067
2011/03/09,0,2313000,-2051494,261506
2011/03/10,0,796000,-1793730,-997730
2011/03/11,0,97000,-2836590,-2739590
2011/03/14,0,3481000,-3881000,-400000
2011/03/15,0,6218000,-3740911,2477089
2011/03/16,0,8081000,-1271270,6809730
2011/03/17,0,5060000,-5335740,-275740
2011/03/18,0,1536000,-3845096,-2309096
2011/03/21,0,5171000,-2016000,3155000
2011/03/22,0,163000,-2386169,-2223169
2011/03/23,0,1423000,-6373000,-4950000
2011/03/24,0,2004000,-235000,1769000
2011/03/25,0,2846000,-79000,2767000
2011/03/28,0,4430000,-1997000,2433000
2011/03/29,0,3810000,-195554,3614446
2011/03/30,0,4931000,-3817379,1113621
2011/03/31,0,2608000,-8209229,-5601229
2011/04/01,0,3686000,-2161000,1525000
2011/04/04,0,0,0,0
2011/04/05,0,0,0,0
2011/04/06,0,6743153,-1103000,5640153
2011/04/07,0,4997000,-1940781,3056219
2011/04/08,0,7729159,-3064616,4664543
2011/04/11,0,1834982,-5413000,-3578018
2011/04/12,0,424466,-2171000,-1746534
2011/04/13,0,4542000,-2960000,1582000
2011/04/14,0,8178000,-2015000,6163000
2011/04/15,0,898000,-10670000,-9772000
2011/04/18,0,415000,-1292901,-877901
2011/04/19,0,1741456,-7980000,-6238544
2011/04/20,0,2688000,-4772238,-2084238
2011/04/21,0,3142000,-2554000,588000
2011/04/22,0,7468000,-5000,7463000
2011/04/25,0,6161000,-3372000,2789000
2011/04/26,0,2894000,-2369834,524166
2011/04/27,0,1813000,-10125000,-8312000
2011/04/28,0,972942,-6695010,-5722068
2011/04/29,0,1318000,-1013000,305000
2011/05/02,0,0,0,0
2011/05/03,0,1057000,-10383000,-9326000
2011/05/04,0,4350000,-3081000,1269000
2011/05/05,0,1474000,-1002000,472000
2011/05/06,0,9295000,-4420000,4875000
2011/05/09,0,1357250,-1067236,290014
2011/05/10,0,4012000,-456000,3556000
2011/05/11,0,7749000,-1154693,6594307
2011/05/12,0,442000,-2153000,-1711000
2011/05/13,0,1217000,-3671000,-2454000
2011/05/16,0,2233000,-5374000,-3141000
2011/05/17,0,310000,-1662000,-1352000
2011/05/18,0,3904000,-1662000,2242000
2011/05/19,0,3215000,-1020000,2195000
2011/05/20,0,582000,-721600,-139600
2011/05/23,0,802000,-2249000,-1447000
2011/05/24,0,748000,-134500,613500
2011/05/25,0,516456,-6663000,-6146544
2011/05/26,0,1563539,-683658,879881
2011/05/27,0,531000,-1194000,-663000
2011/05/30,0,235000,-3319000,-3084000
2011/05/31,0,6471000,-1383137,5087863
2011/06/01,0,3404000,-941939,2462061
2011/06/02,0,1869000,-260000,1609000
2011/06/03,0,795000,-1466856,-671856
2011/06/06,0,0,0,0
2011/06/07,0,1015000,-1248457,-233457
2011/06/08,0,650000,-1499098,-849098
2011/06/09,0,1779000,-1424899,354101
2011/06/10,0,893000,-1637711,-744711
2011/06/13,0,184000,-1383428,-1199428
2011/06/14,0,1201000,-849000,352000
2011/06/15,0,8146000,-3979000,4167000
2011/06/16,0,434712,-1317000,-882288
2011/06/17,0,596000,-335000,261000
2011/06/20,0,1766000,-1788844,-22844
2011/06/21,0,3711228,-184257,3526971
2011/06/22,0,4099000,-2820000,1279000
2011/06/23,0,1159235,-686212,473023
2011/06/24,0,5985000,-318013,5666987
2011/06/27,0,3472000,-769418,2702582
2011/06/28,0,2567000,-3857227,-1290227
2011/06/29,0,4749000,-9171000,-4422000
2011/06/30,0,3539000,-854000,2685000
2011/07/01,0,842533,-1892000,-1049467
2011/07/04,0,1411218,-1824809,-413591
2011/07/05,0,4009264,-1673000,2336264
2011/07/06,0,1368000,-760000,608000
2011/07/07,0,1935000,-282888,1652112
2011/07/08,0,1549000,-1439000,110000
2011/07/11,0,884000,-1754250,-870250
2011/07/12,0,2386956,-3299000,-912044
2011/07/13,0,980000,-2358000,-1378000
2011/07/14,0,861000,-2803000,-1942000
2011/07/15,0,2189700,-640000,1549700
2011/07/18,0,507000,-2155000,-1648000
2011/07/19,0,5618000,-4371900,1246100
2011/07/20,0,4672015,-4152000,520015
2011/07/21,0,4767002,-4973000,-205998
2011/07/22,0,3837000,-3379322,457678
2011/07/25,0,251023,-537000,-285977
2011/07/26,0,1267971,-492000,775971
2011/07/27,0,775000,-1873000,-1098000
2011/07/28,0,559000,-2747000,-2188000
2011/07/29,0,1756228,-3073168,-1316940
2011/08/01,0,2879611,-1283000,1596611
2011/08/02,0,101000,-2063401,-1962401
2011/08/03,0,2377000,-6760790,-4383790
2011/08/04,0,1864000,-9074000,-7210000
2011/08/05,0,2980000,-5194000,-2214000
2011/08/08,0,4345000,-8739000,-4394000
2011/08/09,0,8648000,-4773800,3874200
2011/08/10,0,2305837,-8231950,-5926113
2011/08/11,0,3258000,-3857000,-599000
2011/08/12,0,2955000,-5942439,-2987439
2011/08/15,0,845471,-3134000,-2288529
2011/08/16,0,819000,-2025000,-1206000
2011/08/17,0,630000,-2511000,-1881000
2011/08/18,0,3805406,-4840000,-1034594
2011/08/19,0,964000,-804000,160000
2011/08/22,0,1313000,-2007000,-694000
2011/08/23,0,2016000,-443232,1572768
2011/08/24,0,1031000,-3199000,-2168000
2011/08/25,0,772000,-3517168,-2745168
2011/08/26,0,1919000,-958000,961000
2011/08/29,0,1678000,-1272000,406000
2011/08/30,0,1596000,-3665000,-2069000
2011/08/31,0,2768905,-3947709,-1178804
2011/09/01,0,2727000,-1342408,1384592
2011/09/02,0,353000,-4128000,-3775000
2011/09/05,0,1068000,-7586562,-6518562
2011/09/06,0,897000,-7572015,-6675015
2011/09/07,0,1760000,-475000,1285000
2011/09/08,0,1450000,-3408000,-1958000
2011/09/09,0,2289000,-5355000,-3066000
2011/09/12,0,0,0,0
2011/09/13,0,0,-4335000,-4335000
2011/09/14,0,3217000,-1203785,2013215
2011/09/15,0,4244000,-2716347,1527653
2011/09/16,0,3153000,-2699000,454000
2011/09/19,0,741000,-2720000,-1979000
2011/09/20,0,2408058,-2809000,-400942
2011/09/21,0,8960000,-925000,8035000
2011/09/22,0,8658176,-8453000,205176
2011/09/23,0,11621000,-2219000,9402000
2011/09/26,0,2588000,-1383000,1205000
2011/09/27,0,13115777,-1251000,11864777
2011/09/28,0,8657900,-1903000,6754900
2011/09/29,0,3101000,-956000,2145000
2011/09/30,0,16656000,-1872000,14784000
2011/10/03,0,12801000,-3142450,9658550
2011/10/04,0,1359000,-2281000,-922000
2011/10/05,0,1710000,-2758000,-1048000
2011/10/06,0,3116000,-4143000,-1027000
2011/10/07,0,3171000,-3383000,-212000
2011/10/10,0,0,0,0
2011/10/11,0,3227000,-2921000,306000
2011/10/12,0,3293000,-2168688,1124312
2011/10/13,0,1582000,-1237000,345000
2011/10/14,0,1000000,-683000,317000
2011/10/17,0,1682000,-2448000,-766000
2011/10/18,0,1091000,-3207000,-2116000
2011/10/19,0,1145000,-731000,414000
2011/10/20,0,559000,-1136000,-577000
2011/10/21,0,616000,-642000,-26000
2011/10/24,0,7572000,-501000,7071000
2011/10/25,0,1870000,-166000,1704000
2011/10/26,0,2734000,-251000,2483000
2011/10/27,0,23253000,-1261000,21992000
2011/10/28,0,8769000,-3670000,5099000
2011/10/31,0,2026000,-2933000,-907000
2011/11/01,0,1671000,-912000,759000
2011/11/02,0,979000,-2415000,-1436000
2011/11/03,0,1102000,-2867000,-1765000
2011/11/04,0,1211000,-251000,960000
2011/11/07,0,1229000,-2721000,-1492000
2011/11/08,0,304371,-1583000,-1278629
2011/11/09,0,885000,-2230000,-1345000
2011/11/10,0,198000,-1487000,-1289000
2011/11/11,0,196000,-1899000,-1703000
2011/11/14,0,309000,-2313000,-2004000
2011/11/15,0,626000,-2268000,-1642000
2011/11/16,0,163000,-1879000,-1716000
2011/11/17,0,628000,-2897349,-2269349
2011/11/18,0,252000,-3406000,-3154000
2011/11/21,0,1107000,-2851448,-1744448
2011/11/22,0,3135000,-1421000,1714000
2011/11/23,0,1701000,-3490000,-1789000
2011/11/24,0,3232000,-890000,2342000
2011/11/25,0,3954000,-3592000,362000
2011/11/28,0,644464,-670000,-25536
2011/11/29,0,3255000,-2827000,428000
2011/11/30,0,2713516,-2776223,-62707
2011/12/01,0,6821000,-3621000,3200000
2011/12/02,0,1788000,-3035000,-1247000
2011/12/05,0,2376000,-526000,1850000
2011/12/06,0,1806000,-2211000,-405000
2011/12/07,0,2811000,-2232000,579000
2011/12/08,0,1826000,-2595000,-769000
2011/12/09,0,891607,-1176000,-284393
2011/12/12,0,1110000,-2355446,-1245446
2011/12/13,0,448000,-907000,-459000
2011/12/14,0,1228000,-501000,727000
2011/12/15,0,287000,-3986000,-3699000
2011/12/16,0,572000,-490425,81575
2011/12/19,0,1905000,-1383000,522000
2011/12/20,0,2920000,-3076800,-156800
2011/12/21,0,2449000,-3526200,-1077200
2011/12/22,0,890000,-579000,311000
2011/12/23,0,3533000,-287000,3246000
2011/12/26,0,1354000,-904000,450000
2011/12/27,0,7288000,-4201000,3087000
2011/12/28,0,13891000,-10560000,3331000
2011/12/29,0,2454000,-699000,1755000
2011/12/30,0,1120000,-970000,150000
2012/01/02,0,368000,-785000,-417000
2012/01/03,0,2127000,-86000,2041000
2012/01/04,0,3814000,-1060000,2754000
2012/01/05,0,12177000,-1791000,10386000
2012/01/06,0,4886000,-3086000,1800000
2012/01/09,0,4484000,-1080000,3404000
2012/01/10,0,7802827,-499002,7303825
2012/01/11,0,11175000,-717000,10458000
2012/01/12,0,2525000,-1152000,1373000
2012/01/13,0,12374000,-1580000,10794000
2012/01/16,0,10200000,-3958000,6242000
2012/01/17,0,1700000,-1049000,651000
2012/01/18,0,3870000,-966000,2904000
2012/01/19,0,0,0,0
2012/01/20,0,0,0,0
2012/01/23,0,0,0,0
2012/01/24,0,0,0,0
2012/01/25,0,0,0,0
2012/01/26,0,0,0,0
2012/01/27,0,0,0,0
2012/01/30,0,15907125,-6226000,9681125
2012/01/31,0,7909001,-4945134,2963867
2012/02/01,0,12661000,-2815000,9846000
2012/02/02,0,5888000,-3417053,2470947
2012/02/03,0,3011000,-1830750,1180250
2012/02/06,0,9809000,-2106000,7703000
2012/02/07,0,2105000,-1537000,568000
2012/02/08,0,4840000,-1696000,3144000
2012/02/09,0,937000,-1082073,-145073
2012/02/10,0,956038,-855000,101038
2012/02/13,0,2742000,-136000,2606000
2012/02/14,0,1360000,-1580800,-220800
2012/02/15,0,11523863,-272000,11251863
2012/02/16,0,2117000,-1594392,522608
2012/02/17,0,2243000,-1444000,799000
2012/02/20,0,394000,-2933000,-2539000
2012/02/21,0,968014,-1725000,-756986
2012/02/22,0,2029000,-564172,1464828
2012/02/23,0,761000,-1790000,-1029000
2012/02/24,0,1334000,-1353886,-19886
2012/02/27,0,0,0,0
2012/02/28,0,0,0,0
2012/02/29,0,7888000,-2063000,5825000
2012/03/01,0,4342114,-852000,3490114
2012/03/02,0,3906680,-5636892,-1730212
2012/03/05,0,2429000,-4326000,-1897000
2012/03/06,0,5029000,-3125000,1904000
2012/03/07,0,3426000,-1178000,2248000
2012/03/08,0,6814000,-1937000,4877000
2012/03/09,0,5132000,-1419000,3713000
2012/03/12,0,1619000,-622000,997000
2012/03/13,0,3112000,-209000,2903000
2012/03/14,0,3791550,-983205,2808345
2012/03/15,0,2784000,-777061,2006939
2012/03/16,0,1829000,-1390000,439000
2012/03/19,0,472000,-2360000,-1888000
2012/03/20,0,535000,-640000,-105000
2012/03/21,0,1403000,-951144,451856
2012/03/22,0,1121000,-443000,678000
2012/03/23,0,783000,-824050,-41050
2012/03/26,0,711273,-3972000,-3260727
2012/03/27,0,391000,-1990000,-1599000
2012/03/28,0,460000,-3157180,-2697180
2012/03/29,0,1963561,-10378001,-8414440
2012/03/30,0,2129000,-7320000,-5191000
2012/04/02,0,1826000,-4364000,-2538000
2012/04/03,0,1854646,-4099148,-2244502
2012/04/04,0,0,0,0
2012/04/05,0,3732000,-5069536,-1337536
2012/04/06,0,454000,-3190030,-2736030
2012/04/09,0,609000,-4233000,-3624000
2012/04/10,0,733000,-1607000,-874000
2012/04/11,0,491436,-3966498,-3475062
2012/04/12,0,904381,-3916000,-3011619
2012/04/13,0,220476,-3104000,-2883524
2012/04/16,0,665000,-2650000,-1985000
2012/04/17,0,1145000,-3961000,-2816000
2012/04/18,0,769000,-2976782,-2207782
2012/04/19,0,1674000,-753000,921000
2012/04/20,0,675000,-2215298,-1540298
2012/04/23,0,2251000,-1361000,890000
2012/04/24,0,794000,-3716000,-2922000
2012/04/25,0,1469000,-3160000,-1691000
2012/04/26,0,4138000,-7091396,-2953396
2012/04/27,0,2440000,-2390525,49475
2012/04/30,0,4244000,-1184111,3059889
2012/05/01,0,0,0,0
2012/05/02,0,6682000,-2811630,3870370
2012/05/03,0,1762000,-382000,1380000
2012/05/04,0,13708000,-1227000,12481000
2012/05/07,0,2616000,-4671000,-2055000
2012/05/08,0,2751000,-1866000,885000
2012/05/09,0,5223000,-3127000,2096000
2012/05/10,0,1327000,-1309746,17254
2012/05/11,0,478636,-1613000,-1134364
2012/05/14,0,1009307,-1536000,-526693
2012/05/15,0,2006000,-1358000,648000
2012/05/16,0,2824212,-2654000,170212
2012/05/17,0,2198000,-4666000,-2468000
2012/05/18,0,1200000,-9331000,-8131000
2012/05/21,0,522705,-5149000,-4626295
2012/05/22,0,3423000,-7673849,-4250849
2012/05/23,0,1417212,-4182000,-2764788
2012/05/24,0,1277000,-4043000,-2766000
2012/05/25,0,504000,-2075362,-1571362
2012/05/28,0,497000,-838000,-341000
2012/05/29,0,1075000,-1670000,-595000
2012/05/30,0,3035000,-4511173,-1476173
2012/05/31,0,4501865,-3417725,1084140
2012/06/01,0,5119000,-5716107,-597107
2012/06/04,0,13323667,-1409474,11914193
2012/06/05,0,2603000,-1745000,858000
2012/06/06,0,3422000,-2182000,1240000
2012/06/07,0,2755159,-2086000,669159
2012/06/08,0,1537319,-757000,780319
2012/06/11,0,2029000,-307000,1722000
2012/06/12,0,2839000,-2875000,-36000
2012/06/13,0,2417000,-2013157,403843
2012/06/14,0,1419000,-1424589,-5589
2012/06/15,0,7663382,-4176258,3487124
2012/06/18,0,1314000,-1449982,-135982
2012/06/19,0,1073212,-7320000,-6246788
2012/06/20,0,1973212,-3220000,-1246788
2012/06/21,0,251562,-857000,-605438
2012/06/22,0,954212,-2170000,-1215788
2012/06/25,0,15263000,-14660000,603000
2012/06/26,0,2313000,-2940000,-627000
2012/06/27,0,4332000,-2012713,2319287
2012/06/28,0,3962000,-4899990,-937990
2012/06/29,0,3640000,-2730000,910000
2012/07/02,0,1724000,-3092975,-1368975
2012/07/03,0,2741212,-2783000,-41788
2012/07/04,0,3482000,-482000,3000000
2012/07/05,0,1496000,-110000,1386000
2012/07/06,0,1742000,-334000,1408000
2012/07/09,0,2197000,-191000,2006000
2012/07/10,0,1973532,-680000,1293532
2012/07/11,0,2361000,-2072000,289000
2012/07/12,0,2247000,-2671000,-424000
2012/07/13,0,1843000,-1426610,416390
2012/07/16,0,1221000,-233000,988000
2012/07/17,0,2562000,-1061000,1501000
2012/07/18,0,923000,-2535212,-1612212
2012/07/19,0,1563000,-3714212,-2151212
2012/07/20,0,1235000,-317424,917576
2012/07/23,0,1719000,-1615000,104000
2012/07/24,0,4324000,-4738212,-414212
2012/07/25,0,467000,-2726000,-2259000
2012/07/26,0,851000,-4165160,-3314160
2012/07/27,0,2049000,-6284000,-4235000
2012/07/30,0,1148975,-276000,872975
2012/07/31,0,2537000,-929709,1607291
2012/08/01,0,2727000,-605000,2122000
2012/08/02,0,0,0,0
2012/08/03,0,1491042,-2212212,-721170
2012/08/06,0,3001000,-1042000,1959000
2012/08/07,0,2367000,-884000,1483000
2012/08/08,0,3011223,-3247104,-235881
2012/08/09,0,5434706,-703963,4730743
2012/08/10,0,3158000,-3071000,87000
2012/08/13,0,1689000,-161000,1528000
2012/08/14,0,3828000,-475000,3353000
2012/08/15,0,1988000,-372000,1616000
2012/08/16,0,1663000,-641000,1022000
2012/08/17,0,404000,-394000,10000
2012/08/20,0,334000,-1135000,-801000
2012/08/21,0,3802332,-357982,3444350
2012/08/22,0,901872,-2024000,-1122128
2012/08/23,0,1072338,-1506000,-433662
2012/08/24,0,385000,-778000,-393000
2012/08/27,0,1213000,-3294693,-2081693
2012/08/28,0,1059036,-3613000,-2553964
2012/08/29,0,869000,-5920000,-5051000
2012/08/30,0,2452000,-2891000,-439000
2012/08/31,0,1803000,-1089243,713757
2012/09/03,0,438000,-1179000,-741000
2012/09/04,0,490000,-1122000,-632000
2012/09/05,0,325000,-3514000,-3189000
2012/09/06,0,632000,-762000,-130000
2012/09/07,0,862000,-689720,172280
2012/09/10,0,934000,-212000,722000
2012/09/11,0,681000,-752000,-71000
2012/09/12,0,1529000,-321000,1208000
2012/09/13,0,1499000,-260000,1239000
2012/09/14,0,4980000,-153000,4827000
2012/09/17,0,4247000,-806000,3441000
2012/09/18,0,2103000,-311000,1792000
2012/09/19,0,6073226,-504000,5569226
2012/09/20,0,4379000,-666000,3713000
2012/09/21,0,3598000,-1310000,2288000
2012/09/24,0,2295000,-1010000,1285000
2012/09/25,0,2423000,-1220000,1203000
2012/09/26,0,1973000,-1403000,570000
2012/09/27,0,2530000,-711426,1818574
2012/09/28,0,2590000,-1231394,1358606
2012/10/01,0,1183000,-525000,658000
2012/10/02,0,3163000,-1901437,1261563
2012/10/03,0,1170000,-956000,214000
2012/10/04,0,2618000,-2099000,519000
2012/10/05,0,1654000,-1885386,-231386
2012/10/08,0,1442200,-697000,745200
2012/10/09,0,2206000,-644000,1562000
2012/10/10,0,0,0,0
2012/10/11,0,1453000,-823194,629806
2012/10/12,0,1956000,-1758000,198000
2012/10/15,0,1470061,-717000,753061
2012/10/16,0,1159000,-1602000,-443000
2012/10/17,0,2162000,-1006000,1156000
2012/10/18,0,1044936,-266000,778936
2012/10/19,0,1091000,-1855000,-764000
2012/10/22,0,1179000,-2320336,-1141336
2012/10/23,0,998619,-1059123,-60504
2012/10/24,0,243000,-1720653,-1477653
2012/10/25,0,130000,-1489000,-1359000
2012/10/26,0,1725000,-3495000,-1770000
2012/10/29,0,691900,-1456000,-764100
2012/10/30,0,629000,-1681468,-1052468
2012/10/31,0,1196000,-1141000,55000
2012/11/01,0,980000,-2152000,-1172000
2012/11/02,0,774000,-2586000,-1812000
2012/11/05,0,1587000,-4034000,-2447000
2012/11/06,0,1301000,-1735000,-434000
2012/11/07,0,2142000,-1663000,479000
2012/11/08,0,729000,-2852000,-2123000
2012/11/09,0,740000,-3394000,-2654000
2012/11/12,0,608000,-2074000,-1466000
2012/11/13,0,636000,-2960000,-2324000
2012/11/14,0,321000,-950000,-629000
2012/11/15,0,546000,-1240000,-694000
2012/11/16,0,474000,-3517000,-3043000
2012/11/19,0,561000,-643000,-82000
2012/11/20,0,976000,-633000,343000
2012/11/21,0,712000,-1866000,-1154000
2012/11/22,0,670000,-121228,548772
2012/11/23,0,3357000,-430000,2927000
2012/11/26,0,2250000,-379000,1871000
2012/11/27,0,2647000,-1269392,1377608
2012/11/28,0,1554100,-1979215,-425115
2012/11/29,0,4157000,-2690000,1467000
2012/11/30,0,5671000,-2493537,3177463
2012/12/03,0,3505000,-1167000,2338000
2012/12/04,0,2300000,-2900000,-600000
2012/12/05,0,3252000,-1580000,1672000
2012/12/06,0,2669000,-1430437,1238563
2012/12/07,0,2095000,-332000,1763000
2012/12/10,0,1589000,-270662,1318338
2012/12/11,0,3050225,-432000,2618225
2012/12/12,0,2321000,-92963,2228037
2012/12/13,0,1596319,-404000,1192319
2012/12/14,0,1635603,-1124000,511603
2012/12/17,0,2436000,-1413000,1023000
2012/12/18,0,1831014,-2208000,-376986
2012/12/19,0,2880000,-4388000,-1508000
2012/12/20,0,1092000,-1372000,-280000
2012/12/21,0,1441000,-1159626,281374
2012/12/24,0,414000,-161000,253000
2012/12/25,0,1109000,-456000,653000
2012/12/26,0,1252000,-290889,961111
2012/12/27,0,886000,-64000,822000
2012/12/28,0,1726000,-4031000,-2305000
2012/12/31,0,0,0,0
2013/01/01,0,0,0,0
2013/01/02,0,2484000,-3995000,-1511000
2013/01/03,0,2462000,-5984000,-3522000
2013/01/04,0,2050000,-7161000,-5111000
2013/01/07,0,6326000,-2081000,4245000
2013/01/08,0,3687000,-2571000,1116000
2013/01/09,0,9329000,-1915949,7413051
2013/01/10,0,8877000,-1608000,7269000
2013/01/11,0,1561000,-1536000,25000
2013/01/14,0,1565000,-1238000,327000
2013/01/15,0,4085000,-1170000,2915000
2013/01/16,0,3744000,-1966000,1778000
2013/01/17,0,2807200,-1373000,1434200
2013/01/18,0,1640000,-2014000,-374000
2013/01/21,0,1716000,-2453000,-737000
2013/01/22,0,2044000,-735273,1308727
2013/01/23,0,2460000,-2477957,-17957
2013/01/24,0,638000,-3510000,-2872000
2013/01/25,0,1871000,-2448000,-577000
2013/01/28,0,3169000,-924000,2245000
2013/01/29,0,1434523,-839000,595523
2013/01/30,0,3830000,-779000,3051000
2013/01/31,0,4166000,-2430000,1736000
2013/02/01,0,2601000,-507000,2094000
2013/02/04,0,1761000,-1261917,499083
2013/02/05,0,1447000,-4587584,-3140584
2013/02/06,0,2841000,-3569000,-728000
2013/02/07,0,0,0,0
2013/02/08,0,0,0,0
2013/02/11,0,0,0,0
2013/02/12,0,0,0,0
2013/02/13,0,0,0,0
2013/02/14,0,0,0,0
2013/02/15,0,0,0,0
2013/02/18,0,3446417,-2857000,589417
2013/02/19,0,1863756,-1562000,301756
2013/02/20,0,1414602,-2272000,-857398
2013/02/21,0,2510000,-1305000,1205000
2013/02/22,0,745000,-862000,-117000
2013/02/25,0,637000,-3833317,-3196317
2013/02/26,0,1076000,-4027907,-2951907
2013/02/27,0,1135000,-2540103,-1405103
2013/02/28,0,0,0,0
2013/03/01,0,3089000,-1777000,1312000
2013/03/04,0,1483000,-3479000,-1996000
2013/03/05,0,814000,-4744000,-3930000
2013/03/06,0,2737000,-1617000,1120000
2013/03/07,0,809000,-642552,166448
2013/03/08,0,1075400,-1063000,12400
2013/03/11,0,606000,-1367000,-761000
2013/03/12,0,2046000,-948489,1097511
2013/03/13,0,607000,-919000,-312000
2013/03/14,0,521000,-715085,-194085
2013/03/15,0,1905000,-2375561,-470561
2013/03/18,0,836000,-2615000,-1779000
2013/03/19,0,5301000,-6290528,-989528
2013/03/20,0,2367000,-6158804,-3791804
2013/03/21,0,437000,-1336000,-899000
2013/03/22,0,1190660,-1364957,-174297
2013/03/25,0,641000,-908000,-267000
2013/03/26,0,577000,-4667000,-4090000
2013/03/27,0,1277000,-5139000,-3862000
2013/03/28,0,2029000,-8010000,-5981000
2013/03/29,0,2175000,-12125000,-9950000
2013/04/01,0,1082013,-1320000,-237987
2013/04/02,0,1076000,-415000,661000
2013/04/03,0,4623000,-5817000,-1194000
2013/04/04,0,0,0,0
2013/04/05,0,0,0,0
2013/04/08,0,1914000,-4756000,-2842000
2013/04/09,0,1642000,-3264025,-1622025
2013/04/10,0,2774100,-5675000,-2900900
2013/04/11,0,908815,-4997000,-4088185
2013/04/12,0,1609700,-1910000,-300300
2013/04/15,0,2882139,-3197000,-314861
2013/04/16,0,2405426,-3073000,-667574
2013/04/17,0,3379000,-3363000,16000
2013/04/18,0,1221000,-3864000,-2643000
2013/04/19,0,2012000,-2179000,-167000
2013/04/22,0,2256000,-4589000,-2333000
2013/04/23,0,1103000,-546000,557000
2013/04/24,0,3175150,-1879000,1296150
2013/04/25,0,4196000,-13799130,-9603130
2013/04/26,0,3334000,-5093000,-1759000
2013/04/29,0,2524000,-3272000,-748000
2013/04/30,0,4869828,-729000,4140828
2013/05/01,0,0,0,0
2013/05/02,0,1672000,-3035859,-1363859
2013/05/03,0,766000,-3093242,-2327242
2013/05/06,0,1612000,-1717000,-105000
2013/05/07,0,1587000,-1079089,507911
2013/05/08,0,3440212,-269061,3171151
2013/05/09,0,1521210,-2982000,-1460790
2013/05/10,0,1910000,-767000,1143000
2013/05/13,0,1055000,-497000,558000
2013/05/14,0,1999492,-1346250,653242
2013/05/15,0,1666000,-2976000,-1310000
2013/05/16,0,3487000,-426000,3061000
2013/05/17,0,1170000,-1304000,-134000
2013/05/20,0,742000,-960687,-218687
2013/05/21,0,1204000,-824639,379361
2013/05/22,0,6457000,-2844000,3613000
2013/05/23,0,4289000,-5452000,-1163000
2013/05/24,0,4211759,-5728000,-1516241
2013/05/27,0,4740242,-5487000,-746758
2013/05/28,0,2784000,-662000,2122000
2013/05/29,0,5131000,-1136000,3995000
2013/05/30,0,3023000,-4560000,-1537000
2013/05/31,0,18805000,-15488754,3316246
2013/06/03,0,1293000,-3002000,-1709000
2013/06/04,0,731000,-4230000,-3499000
2013/06/05,0,1493000,-922743,570257
2013/06/06,0,1138852,-4331000,-3192148
2013/06/07,0,1693000,-1359380,333620
2013/06/10,0,578000,-2033000,-1455000
2013/06/11,0,768000,-1354000,-586000
2013/06/12,0,0,0,0
2013/06/13,0,1646000,-3611000,-1965000
2013/06/14,0,932000,-4196000,-3264000
2013/06/17,0,334000,-512561,-178561
2013/06/18,0,529250,-1696000,-1166750
2013/06/19,0,512000,-2133787,-1621787
2013/06/20,0,1118000,-4206400,-3088400
2013/06/21,0,5871000,-12307390,-6436390
2013/06/24,0,451000,-2873382,-2422382
2013/06/25,0,612000,-1198000,-586000
2013/06/26,0,3277000,-2175000,1102000
2013/06/27,0,2472000,-1231000,1241000
2013/06/28,0,4528000,-1935000,2593000
2013/07/01,0,3773000,-765000,3008000
2013/07/02,0,1710727,-1247733,462994
2013/07/03,0,1425000,-1185700,239300
2013/07/04,0,393000,-705000,-312000
2013/07/05,0,4337000,-639333,3697667
2013/07/08,0,762000,-1460000,-698000
2013/07/09,0,1202000,-518219,683781
2013/07/10,0,1265000,-1380000,-115000
2013/07/11,0,4344182,-823000,3521182
2013/07/12,0,2250000,-2286000,-36000
2013/07/15,0,2667275,-179000,2488275
2013/07/16,0,3792000,-517000,3275000
2013/07/17,0,6134000,-433000,5701000
2013/07/18,0,3249000,-287000,2962000
2013/07/19,0,3386727,-404000,2982727
2013/07/22,0,2247200,-798000,1449200
2013/07/23,0,4452000,-714000,3738000
2013/07/24,0,1851288,-167000,1684288
2013/07/25,0,1366000,-487000,879000
2013/07/26,0,1047000,-1184000,-137000
2013/07/29,0,506000,-1723000,-1217000
2013/07/30,0,2031000,-1405000,626000
2013/07/31,0,646000,-2980000,-2334000
2013/08/01,0,630000,-1716000,-1086000
2013/08/02,0,913000,-2139000,-1226000
2013/08/05,0,692727,-2458000,-1765273
2013/08/06,0,400000,-4484000,-4084000
2013/08/07,0,231000,-4819968,-4588968
2013/08/08,0,351478,-5651000,-5299522
2013/08/09,0,975000,-2943000,-1968000
2013/08/12,0,1245000,-529000,716000
2013/08/13,0,1098000,-449000,649000
2013/08/14,0,1268681,-1319000,-50319
2013/08/15,0,686000,-1919177,-1233177
2013/08/16,0,1958120,-759000,1199120
2013/08/19,0,514000,-1479000,-965000
2013/08/20,0,1036000,-1633000,-597000
2013/08/21,0,0,0,0
2013/08/22,0,1106000,-3308000,-2202000
2013/08/23,0,877000,-907000,-30000
2013/08/26,0,71000,-1819000,-1748000
2013/08/27,0,264000,-567000,-303000
2013/08/28,0,467000,-973000,-506000
2013/08/29,0,1706455,-666000,1040455
2013/08/30,0,3106000,-1412000,1694000
2013/09/02,0,1981000,-244000,1737000
2013/09/03,0,1288000,-594000,694000
2013/09/04,0,1812000,-184014,1627986
2013/09/05,0,2503385,-50000,2453385
2013/09/06,0,2552000,-417000,2135000
2013/09/09,0,2295000,-87000,2208000
2013/09/10,0,2905000,-543000,2362000
2013/09/11,0,4525000,-266762,4258238
2013/09/12,0,4120000,-249000,3871000
2013/09/13,0,2321000,-391000,1930000
2013/09/16,0,2093000,-312000,1781000
2013/09/17,0,3604000,-662000,2942000
2013/09/18,0,4590012,-2813000,1777012
2013/09/19,0,0,0,0
2013/09/20,0,0,0,0
2013/09/23,0,2704000,-596000,2108000
2013/09/24,0,4850000,-937289,3912711
2013/09/25,0,2329000,-773000,1556000
2013/09/26,0,1119000,-1351000,-232000
2013/09/27,0,7821000,-394854,7426146
2013/09/30,0,4954000,-1806457,3147543
2013/10/01,0,4255000,-710293,3544707
2013/10/02,0,4688000,-961711,3726289
2013/10/03,0,6396097,-406000,5990097
2013/10/04,0,3659000,-28000,3631000
2013/10/07,0,2611000,-3168000,-557000
2013/10/08,0,3276000,-310000,2966000
2013/10/09,0,982000,-722000,260000
2013/10/10,0,0,0,0
2013/10/11,0,2088000,-694000,1394000
2013/10/14,0,600000,-273358,326642
2013/10/15,0,3019000,-554502,2464498
2013/10/16,0,1260000,-255000,1005000
2013/10/17,0,2897000,-224000,2673000
2013/10/18,0,1171000,-261000,910000
2013/10/21,0,1238000,-152000,1086000
2013/10/22,0,1860000,-170858,1689142
2013/10/23,0,3244730,-434000,2810730
2013/10/24,0,2232000,-68000,2164000
2013/10/25,0,1741775,-1512000,229775
2013/10/28,0,1978000,-288000,1690000
2013/10/29,0,3640000,-1687000,1953000
2013/10/30,0,2324000,-155000,2169000
2013/10/31,0,4585000,-1448873,3136127
2013/11/01,0,2724000,-558000,2166000
2013/11/04,0,2213000,-493000,1720000
2013/11/05,0,665000,-1343207,-678207
2013/11/06,0,4253000,-567000,3686000
2013/11/07,0,2631000,-898362,1732638
2013/11/08,0,4774000,-770000,4004000
2013/11/11,0,2475000,-1256000,1219000
2013/11/12,0,3292000,-691000,2601000
2013/11/13,0,1143631,-2651000,-1507369
2013/11/14,0,1247000,-2401000,-1154000
2013/11/15,0,866000,-1798000,-932000
2013/11/18,0,1454000,-318000,1136000
2013/11/19,0,2382000,-84000,2298000
2013/11/20,0,1470000,-1418913,51087
2013/11/21,0,1591000,-1898000,-307000
2013/11/22,0,1407000,-1351000,56000
2013/11/25,0,6154000,-240000,5914000
2013/11/26,0,6201370,-4671844,1529526
2013/11/27,0,782000,-1234000,-452000
2013/11/28,0,1290000,-482000,808000
2013/11/29,0,963000,-526000,437000
2013/12/02,0,480000,-115000,365000
2013/12/03,0,1117000,-1263962,-146962
2013/12/04,0,1522000,-1333000,189000
2013/12/05,0,486000,-748000,-262000
2013/12/06,0,499000,-686000,-187000
2013/12/09,0,1585000,-345288,1239712
2013/12/10,0,667000,-187000,480000
2013/12/11,0,1248000,-542000,706000
2013/12/12,0,181000,-983061,-802061
2013/12/13,0,309000,-676000,-367000
2013/12/16,0,136000,-1810727,-1674727
2013/12/17,0,408000,-1685000,-1277000
2013/12/18,0,563000,-1792000,-1229000
2013/12/19,0,1358000,-2565627,-1207627
2013/12/20,0,623000,-1119456,-496456
2013/12/23,0,939000,-1361687,-422687
2013/12/24,0,190000,-521000,-331000
2013/12/25,0,622000,-31000,591000
2013/12/26,0,290000,-466000,-176000
2013/12/27,0,1448000,-3311000,-1863000
2013/12/30,0,1607000,-1181002,425998
2013/12/31,0,1094000,-1329000,-235000
2014/01/02,0,469000,-243000,226000
2014/01/03,0,476000,-2246160,-1770160
2014/01/06,0,1153000,-1596935,-443935
2014/01/07,0,964000,-1419000,-455000
2014/01/08,0,1134000,-2383000,-1249000
2014/01/09,0,1581000,-1128000,453000
2014/01/10,0,1797000,-1676000,121000
2014/01/13,0,1689000,-661000,1028000
2014/01/14,0,1246000,-356000,890000
2014/01/15,0,2419000,-582386,1836614
2014/01/16,0,1462000,-3038455,-1576455
2014/01/17,0,607000,-513000,94000
2014/01/20,0,303000,-104000,199000
2014/01/21,0,699000,-712000,-13000
2014/01/22,0,1359000,-1644000,-285000
2014/01/23,0,1639000,-895000,744000
2014/01/24,0,2057000,-666000,1391000
2014/01/27,0,2580000,-4738977,-2158977
2014/02/05,0,6694000,-9886000,-3192000
2014/02/06,0,984000,-5652000,-4668000
2014/02/07,0,2425000,-3075000,-650000
2014/02/10,0,505000,-2063000,-1558000
2014/02/11,0,235653,-1137769,-902116
2014/02/12,0,166000,-663733,-497733
2014/02/13,0,3606000,-988000,2618000
2014/02/14,0,2083917,-647093,1436824
2014/02/17,0,545000,-147000,398000
2014/02/18,0,1163000,-421000,742000
2014/02/19,0,752000,-308000,444000
2014/02/20,0,699000,-920000,-221000
2014/02/21,0,1488000,-1282000,206000
2014/02/24,0,226000,-264000,-38000
2014/02/25,0,1083000,-601870,481130
2014/02/26,0,1684000,-1963839,-279839
2014/02/27,0,2521807,-1313128,1208679
2014/03/03,0,1580000,-1854000,-274000
2014/03/04,0,108000,-2467000,-2359000
2014/03/05,0,523000,-1353294,-830294
2014/03/06,0,1487000,-1119000,368000
2014/03/07,0,2578899,-758000,1820899
2014/03/10,0,1251000,-520727,730273
2014/03/11,0,774000,-53250,720750
2014/03/12,0,550000,-554636,-4636
2014/03/13,0,1316000,-1039380,276620
2014/03/14,0,2436000,-1272000,1164000
2014/03/17,0,724000,-249000,475000
2014/03/18,0,888000,-71356,816644
2014/03/19,0,3638000,-5106000,-1468000
2014/03/20,0,165000,-1836239,-1671239
2014/03/21,0,2037000,-2027000,10000
2014/03/24,0,1304000,-55000,1249000
2014/03/25,0,521000,-1090952,-569952
2014/03/26,0,294000,-781000,-487000
2014/03/27,0,1029000,-1750442,-721442
2014/03/28,0,1449000,-709000,740000
2014/03/31,0,915798,-1098202,-182404
2014/04/01,0,1762000,-399770,1362230
2014/04/02,0,1985000,-511000,1474000
2014/04/03,0,1975000,-1353000,622000
2014/04/07,0,3024000,-1657000,1367000
2014/04/08,0,443727,-526656,-82929
2014/04/09,0,1507000,-1067000,440000
2014/04/10,0,2294000,-343000,1951000
2014/04/11,0,2242000,-1544000,698000
2014/04/14,0,1010000,-1152000,-142000
2014/04/15,0,2140000,-155000,1985000
2014/04/16,0,3089000,-1513000,1576000
2014/04/17,0,259000,-1152000,-893000
2014/04/18,0,253000,-110000,143000
2014/04/21,0,269000,-60000,209000
2014/04/22,0,661000,-159000,502000
2014/04/23,0,987000,-127000,860000
2014/04/24,0,2062000,-795000,1267000
2014/04/25,0,441000,-505000,-64000
2014/04/28,0,886000,-1038000,-152000
2014/04/29,0,1454000,-565118,888882
2014/04/30,0,2742000,-1996000,746000
2014/05/02,0,1427000,-540000,887000
2014/05/05,0,508000,-833000,-325000
2014/05/06,0,341000,-195014,145986
2014/05/07,0,2562000,-1230454,1331546
2014/05/08,0,2735000,-456000,2279000
2014/05/09,0,1259000,-981821,277179
2014/05/12,0,566727,-915196,-348469
2014/05/13,0,2099000,-792000,1307000
2014/05/14,0,1335000,-99000,1236000
2014/05/15,0,962000,-446000,516000
2014/05/16,0,1066000,-1945000,-879000
2014/05/19,0,741000,-188041,552959
2014/05/20,0,1764122,-1528958,235164
2014/05/21,0,1071000,-619000,452000
2014/05/22,0,3662000,-1332000,2330000
2014/05/23,0,1524000,-2087910,-563910
2014/05/26,0,305000,-230000,75000
2014/05/27,0,283000,-513876,-230876
2014/05/28,0,1341000,-1352000,-11000
2014/05/29,0,1303000,-3149059,-1846059
2014/05/30,0,3659000,-7454325,-3795325
2014/06/03,0,1699000,-3036000,-1337000
2014/06/04,0,235000,-2479178,-2244178
2014/06/05,0,414000,-4764000,-4350000
2014/06/06,0,193000,-1860000,-1667000
2014/06/09,0,231000,-1223000,-992000
2014/06/10,0,2383179,-1433000,950179
2014/06/11,0,304000,-1029000,-725000
2014/06/12,0,826000,-1772000,-946000
2014/06/13,0,535000,-1409000,-874000
2014/06/16,0,416000,-420000,-4000
2014/06/17,0,536000,-1125043,-589043
2014/06/18,0,4207000,-2655000,1552000
2014/06/19,0,464785,-2207000,-1742215
2014/06/20,0,681000,-3313000,-2632000
2014/06/23,0,1363000,-3868719,-2505719
2014/06/24,0,1209000,-802670,406330
2014/06/25,0,1048000,-1250306,-202306
2014/06/26,0,1185000,-1021000,164000
2014/06/27,0,709000,-1300000,-591000
2014/06/30,0,460000,-4091000,-3631000
2014/07/01,0,627000,-742000,-115000
2014/07/02,0,457455,-1702615,-1245160
2014/07/03,0,422000,-1966000,-1544000
2014/07/04,0,425000,-1989000,-1564000
2014/07/07,0,841000,-615000,226000
2014/07/08,0,585000,-761000,-176000
2014/07/09,0,491000,-1357000,-866000
2014/07/10,0,972000,-1780000,-808000
2014/07/11,0,2855000,-1897000,958000
2014/07/14,0,1501000,-1887000,-386000
2014/07/15,0,386580,-1289000,-902420
2014/07/16,0,1195000,-2607451,-1412451
2014/07/17,0,1367000,-1354000,13000
2014/07/18,0,1115000,-1303611,-188611
2014/07/21,0,777000,-1398389,-621389
2014/07/22,0,1293000,-830000,463000
2014/07/23,0,0,0,0
2014/07/24,0,791000,-660000,131000
2014/07/25,0,377000,-948000,-571000
2014/07/28,0,2202000,-843000,1359000
2014/07/29,0,2768000,-1169000,1599000
2014/07/30,0,3438000,-1779000,1659000
2014/07/31,0,1700000,-1847000,-147000
2014/08/01,0,940000,-1125000,-185000
2014/08/04,0,679000,-1165000,-486000
2014/08/05,0,467000,-3428040,-2961040
2014/08/06,0,1054000,-2318000,-1264000
2014/08/07,0,496000,-1593095,-1097095
2014/08/08,0,322000,-1205088,-883088
2014/08/11,0,367000,-1000000,-633000
2014/08/12,0,1528000,-2767747,-1239747
2014/08/13,0,2403000,-1705000,698000
2014/08/14,0,817000,-890000,-73000
2014/08/15,0,336000,-845000,-509000
2014/08/18,0,726000,-1163000,-437000
2014/08/19,0,1460435,-1126000,334435
2014/08/20,0,1430435,-1608000,-177565
2014/08/21,0,1436000,-767000,669000
2014/08/22,0,6578130,-1350000,5228130
2014/08/25,0,4462000,-1726000,2736000
2014/08/26,0,1845768,-202000,1643768
2014/08/27,0,5287000,-1512000,3775000
2014/08/28,0,1855000,-980000,875000
2014/08/29,0,2811000,-2289000,522000
2014/09/01,0,3685000,-1533000,2152000
2014/09/02,0,1828000,-662000,1166000
2014/09/03,0,1388451,-549000,839451
2014/09/04,0,2580637,-1033000,1547637
2014/09/05,0,1026000,-1316000,-290000
2014/09/09,0,1322000,-388000,934000
2014/09/10,0,898000,-1873000,-975000
2014/09/11,0,4065000,-1190000,2875000
2014/09/12,0,2338000,-1337000,1001000
2014/09/15,0,1732000,-995000,737000
2014/09/16,0,1656000,-1425000,231000
2014/09/17,0,6273000,-2401000,3872000
2014/09/18,0,4432000,-449000,3983000
2014/09/19,0,3547000,-1697887,1849113
2014/09/22,0,2978000,-1800000,1178000
2014/09/23,0,2524000,-741000,1783000
2014/09/24,0,2769728,-246000,2523728
2014/09/25,0,2611000,-905000,1706000
2014/09/26,0,2036000,-514000,1522000
2014/09/29,0,3347000,-3772000,-425000
2014/09/30,0,5752000,-1644000,4108000
2014/10/01,0,1212000,-2843000,-1631000
2014/10/02,0,992000,-2504000,-1512000
2014/10/03,0,806727,-1075000,-268273
2014/10/06,0,1681000,-1725000,-44000
2014/10/07,0,4299000,-4219000,80000
2014/10/08,0,4191000,-2820125,1370875
2014/10/09,0,2074000,-1570000,504000
2014/10/13,0,741000,-2928000,-2187000
2014/10/14,0,2998000,-1554000,1444000
2014/10/15,0,10998000,-2691000,8307000
2014/10/16,0,11097000,-3282000,7815000
2014/10/17,0,4440000,-6370000,-1930000
2014/10/20,0,7037717,-3659931,3377786
2014/10/21,0,6559000,-701000,5858000
2014/10/22,0,10751727,-1360000,9391727
2014/10/23,0,10331727,-693000,9638727
2014/10/24,0,10419000,-2356289,8062711
2014/10/27,0,10559000,-689000,9870000
2014/10/28,0,10137000,-2136000,8001000
2014/10/29,0,14343182,-3250000,11093182
2014/10/30,0,14477000,-1162000,13315000
2014/10/31,0,7905888,-7198000,707888
2014/11/03,0,13534000,-3617000,9917000
2014/11/04,0,4885000,-9626000,-4741000
2014/11/05,0,18214000,-6417000,11797000
2014/11/06,0,6242028,-1794000,4448028
2014/11/07,0,10694000,-4531309,6162691
2014/11/10,0,3663500,-1987000,1676500
2014/11/11,0,11589310,-2793577,8795733
2014/11/12,0,6847500,-2779000,4068500
2014/11/13,0,12195000,-2079000,10116000
2014/11/14,0,10702000,-8875000,1827000
2014/11/17,0,4305000,-2670701,1634299
2014/11/18,0,6016000,-771000,5245000
2014/11/19,0,4672000,-3304000,1368000
2014/11/20,0,3935000,-1332700,2602300
2014/11/21,0,5503375,-1882000,3621375
2014/11/24,0,3924000,-2430000,1494000
2014/11/25,0,8043817,-4222904,3820913
2014/11/26,0,5432000,-2442000,2990000
2014/11/27,0,3709000,-5327000,-1618000
2014/11/28,0,13760000,-9647000,4113000
2014/12/01,0,17011000,-15612749,1398251
2014/12/02,0,9692579,-4617000,5075579
2014/12/03,0,8468000,-14570000,-6102000
2014/12/04,0,3556000,-5500000,-1944000
2014/12/05,0,5882784,-5325667,557117
2014/12/08,0,6186000,-18308589,-12122589
2014/12/09,0,4741000,-8570000,-3829000
2014/12/10,0,8503000,-10970490,-2467490
2014/12/11,0,7652000,-5111000,2541000
2014/12/12,0,2195000,-6966000,-4771000
2014/12/15,0,2880000,-3008000,-128000
2014/12/16,0,3718000,-4374000,-656000
2014/12/17,0,5678000,-10964535,-5286535
2014/12/18,0,7852000,-8244000,-392000
2014/12/19,0,12429000,-15035407,-2606407
2014/12/22,0,3699000,-7982000,-4283000
2014/12/23,0,4005000,-7155000,-3150000
2014/12/24,0,4624192,-1485000,3139192
2014/12/25,0,2102000,-425000,1677000
2014/12/26,0,1748000,-1990000,-242000
2014/12/29,0,4467000,-3504000,963000
2014/12/30,0,4230000,-5150000,-920000
2014/12/31,0,1687000,-1969711,-282711
2015/01/01,0,0,0,0
2015/01/02,0,0,0,0
2015/01/05,0,4027535,-5444000,-1416465
2015/01/06,0,4113000,-11076000,-6963000
2015/01/07,0,14145400,-11510054,2635346
2015/01/08,0,5782159,-8529659,-2747500
2015/01/09,0,5998000,-6967000,-969000
2015/01/12,0,5402000,-2655000,2747000
2015/01/13,0,10361000,-7715506,2645494
2015/01/14,0,11977000,-9330214,2646786
2015/01/15,0,8784000,-3780915,5003085
2015/01/16,0,11372000,-7649090,3722910
2015/01/19,0,5898000,-4537000,1361000
2015/01/20,0,6827000,-2505813,4321187
2015/01/21,0,7991000,-3858334,4132666
2015/01/22,0,9160448,-1837000,7323448
2015/01/23,0,11907000,-3339909,8567091
2015/01/26,0,11446500,-3225000,8221500
2015/01/27,0,3497000,-1438000,2059000
2015/01/28,0,4897000,-5132812,-235812
2015/01/29,0,4975000,-2616000,2359000
2015/01/30,0,8398250,-4152000,4246250
2015/02/02,0,7489000,-4651000,2838000
2015/02/03,0,10147000,-8774284,1372716
2015/02/04,0,11121000,-4743000,6378000
2015/02/05,0,4277000,-1797000,2480000
2015/02/06,0,5797000,-5542000,255000
2015/02/09,0,4807000,-2088000,2719000
2015/02/10,0,13672000,-4790000,8882000
2015/02/11,0,7478872,-7731002,-252130
2015/02/12,0,5121000,-9081000,-3960000
2015/02/13,0,4937000,-6167000,-1230000
2015/02/16,0,0,0,0
2015/02/17,0,0,0,0
2015/02/18,0,0,0,0
2015/02/19,0,0,0,0
2015/02/20,0,0,0,0
2015/02/23,0,0,0,0
2015/02/24,0,11296467,-7463000,3833467
2015/02/25,0,4321000,-2681555,1639445
2015/02/26,0,7718000,-3139266,4578734
2015/02/27,0,0,0,0
2015/03/02,0,9884000,-8419182,1464818
2015/03/03,0,7820911,-3075600,4745311
2015/03/04,0,7955000,-5018593,2936407
2015/03/05,0,7687000,-3658000,4029000
2015/03/06,0,8959900,-5369786,3590114
2015/03/09,0,3284000,-3990000,-706000
2015/03/10,0,5234900,-6838000,-1603100
2015/03/11,0,4131000,-5598000,-1467000
2015/03/12,0,5309900,-6297587,-987687
2015/03/13,0,4675000,-1932986,2742014
2015/03/16,0,4605000,-2901258,1703742
2015/03/17,0,7093000,-3441000,3652000
2015/03/18,0,10107000,-6729000,3378000
2015/03/19,0,2999100,-854000,2145100
2015/03/20,0,7218319,-4490000,2728319
2015/03/23,0,4931000,-1881000,3050000
2015/03/24,0,6126860,-3254000,2872860
2015/03/25,0,2013000,-2753000,-740000
2015/03/26,0,6820000,-4401000,2419000
2015/03/27,0,6174478,-2237527,3936951
2015/03/30,0,5186948,-765948,4421000
2015/03/31,0,7042000,-4721000,2321000
2015/04/01,0,6123000,-3148000,2975000
2015/04/02,0,10448000,-902000,9546000
2015/04/03,0,0,0,0
2015/04/06,0,0,0,0
2015/04/07,0,8999500,-3308500,5691000
2015/04/08,0,12379000,-5265000,7114000
2015/04/09,0,7077000,-4655000,2422000
2015/04/10,0,7287842,-2692880,4594962
2015/04/13,0,17515628,-3913000,13602628
2015/04/14,0,8995000,-1882000,7113000
2015/04/15,0,11180000,-12993000,-1813000
2015/04/16,0,9074000,-3011000,6063000
2015/04/17,0,5487385,-1651000,3836385
2015/04/20,0,11126665,-2518959,8607706
2015/04/21,0,12810000,-6329000,6481000
2015/04/22,0,10992033,-8742000,2250033
2015/04/23,0,15040000,-3838722,11201278
2015/04/24,0,15256000,-3254367,12001633
2015/04/27,0,39316000,-30852000,8464000
2015/04/28,0,16412000,-4273941,12138059
2015/04/29,0,6506000,-4102000,2404000
2015/04/30,0,10279494,-4698000,5581494
2015/05/01,0,0,0,0
2015/05/04,0,3580000,-2303000,1277000
2015/05/05,0,2433000,-2586000,-153000
2015/05/06,0,7384000,-3486000,3898000
2015/05/07,0,9896000,-11666260,-1770260
2015/05/08,0,5898860,-4971727,927133
2015/05/11,0,4874000,-3513000,1361000
2015/05/12,0,4415000,-4812000,-397000
2015/05/13,0,2548000,-8301000,-5753000
2015/05/14,0,4919000,-5393390,-474390
2015/05/15,0,3174000,-4574000,-1400000
2015/05/18,0,7566904,-9269000,-1702096
2015/05/19,0,11930860,-8401000,3529860
2015/05/20,0,9138000,-16439000,-7301000
2015/05/21,0,3742000,-9808000,-6066000
2015/05/22,0,11873000,-10381112,1491888
2015/05/25,0,1678000,-2234000,-556000
2015/05/26,0,4696000,-13036000,-8340000
2015/05/27,0,9178000,-9901860,-723860
2015/05/28,0,3594000,-9619011,-6025011
2015/05/29,0,8304843,-9496830,-1191987
2015/06/01,0,3819000,-6305000,-2486000
2015/06/02,0,3165018,-4156000,-990982
2015/06/03,0,10822000,-7191842,3630158
2015/06/04,0,11281000,-9330500,1950500
2015/06/05,0,8993000,-4865780,4127220
2015/06/08,0,4341000,-4321000,20000
2015/06/09,0,4169000,-12801525,-8632525
2015/06/10,0,6440904,-3378490,3062414
2015/06/11,0,4876000,-4870000,6000
2015/06/12,0,5596000,-6948375,-1352375
2015/06/15,0,4343000,-3604000,739000
2015/06/16,0,5044000,-15558000,-10514000
2015/06/17,0,3816000,-10754000,-6938000
2015/06/18,0,11488093,-10793000,695093
2015/06/19,0,0,0,0
2015/06/22,0,5496027,-7399816,-1903789
2015/06/23,0,1233000,-4748693,-3515693
2015/06/24,0,1934045,-3920860,-1986815
2015/06/25,0,3287525,-2709000,578525
2015/06/26,0,776000,-4109756,-3333756
2015/06/29,0,118000,-2105000,-1987000
2015/06/30,0,2842000,-8845360,-6003360
2015/07/01,0,2074000,-4045299,-1971299
2015/07/02,0,6643018,-4381000,2262018
2015/07/03,0,8873000,-6212000,2661000
2015/07/06,0,8798000,-2998000,5800000
2015/07/07,0,7047000,-10925129,-3878129
2015/07/08,0,7593000,-15517000,-7924000
2015/07/09,0,8895000,-8906327,-11327
2015/07/10,0,0,0,0
2015/07/13,0,3099000,-9438413,-6339413
2015/07/14,0,5871000,-4894000,977000
2015/07/15,0,2234000,-5854990,-3620990
2015/07/16,0,4854000,-7277473,-2423473
2015/07/17,0,5542000,-4592000,950000
2015/07/20,0,4015027,-4201618,-186591
2015/07/21,0,1363000,-5149230,-3786230
2015/07/22,0,1994000,-1773724,220276
2015/07/23,0,4794000,-4686850,107150
2015/07/24,0,5013000,-1781000,3232000
2015/07/27,0,3547000,-2232618,1314382
2015/07/28,0,3504334,-6713060,-3208726
2015/07/29,0,2638000,-3460404,-822404
2015/07/30,0,2674000,-1425000,1249000
2015/07/31,0,4620000,-3378000,1242000
2015/08/03,0,2309710,-3088000,-778290
2015/08/04,0,10348000,-2973824,7374176
2015/08/05,0,2365000,-2330618,34382
2015/08/06,0,2460000,-3067957,-607957
2015/08/07,0,2193000,-1459000,734000
2015/08/10,0,1299000,-2734872,-1435872
2015/08/11,0,1566000,-10499618,-8933618
2015/08/12,0,882000,-3945000,-3063000
2015/08/13,0,2344000,-2758965,-414965
2015/08/14,0,7798000,-20328000,-12530000
2015/08/17,0,5463581,-10254000,-4790419
2015/08/18,0,13537000,-15366309,-1829309
2015/08/19,0,3425027,-10834904,-7409877
2015/08/20,0,6273000,-15673000,-9400000
2015/08/21,0,2461000,-10913000,-8452000
2015/08/24,0,7690000,-7399515,290485
2015/08/25,0,6558000,-9091712,-2533712
2015/08/26,0,3188000,-5319778,-2131778
2015/08/27,0,4209000,-6115000,-1906000
2015/08/28,0,2841000,-3832089,-991089
2015/08/31,0,10624789,-14583000,-3958211
2015/09/01,0,6228000,-10383000,-4155000
2015/09/02,0,4663000,-6837525,-2174525
2015/09/03,0,2636000,-10294000,-7658000
2015/09/04,0,3323025,-6847247,-3524222
2015/09/07,0,1180000,-3995000,-2815000
2015/09/08,0,1639000,-5765000,-4126000
2015/09/09,0,6355156,-12342000,-5986844
2015/09/10,0,8447989,-7156850,1291139
2015/09/11,0,3639000,-3736000,-97000
2015/09/14,0,4206000,-7563704,-3357704
2015/09/15,0,10841000,-3407000,7434000
2015/09/16,0,5467000,-2054748,3412252
2015/09/17,0,6269000,-4394000,1875000
2015/09/18,0,3991051,-5880000,-1888949
2015/09/21,0,3272000,-3032180,239820
2015/09/22,0,2806000,-2395130,410870
2015/09/23,0,1873000,-6257537,-4384537
2015/09/24,0,1741000,-3585000,-1844000
2015/09/25,0,1066076,-2746079,-1680003
2015/09/28,0,0,0,0
2015/09/29,0,0,0,0
2015/09/30,0,8114000,-6035000,2079000
2015/10/01,0,4520000,-2207000,2313000
2015/10/02,0,4912000,-2717000,2195000
2015/10/05,0,4215100,-1563000,2652100
2015/10/06,0,4617000,-3324489,1292511
2015/10/07,0,4640984,-15527000,-10886016
2015/10/08,0,3749000,-11117000,-7368000
2015/10/09,0,0,0,0
2015/10/12,0,5056000,-12025787,-6969787
2015/10/13,0,6840000,-7819482,-979482
2015/10/14,0,3902000,-13505000,-9603000
2015/10/15,0,4458000,-1674000,2784000
2015/10/16,0,9274000,-2682000,6592000
2015/10/19,0,6308000,-1588000,4720000
2015/10/20,0,5718000,-2165445,3552555
2015/10/21,0,4275000,-4429000,-154000
2015/10/22,0,7884000,-9914000,-2030000
2015/10/23,0,4819000,-3033000,1786000
2015/10/26,0,3608000,-3474000,134000
2015/10/27,0,5308000,-5208641,99359
2015/10/28,0,1676000,-4685880,-3009880
2015/10/29,0,2248000,-9268315,-7020315
2015/10/30,0,7292000,-4704000,2588000
2015/11/02,0,1978000,-1640000,338000
2015/11/03,0,2945000,-3351740,-406740
2015/11/04,0,7995000,-3914570,4080430
2015/11/05,0,812000,-3418000,-2606000
2015/11/06,0,1173000,-6672000,-5499000
2015/11/09,0,1076299,-3439000,-2362701
2015/11/10,0,456000,-7617000,-7161000
2015/11/11,0,1829000,-6368000,-4539000
2015/11/12,0,918000,-2472000,-1554000
2015/11/13,0,881000,-5903000,-5022000
2015/11/16,0,2125000,-4096000,-1971000
2015/11/17,0,1907000,-6356000,-4449000
2015/11/18,0,878000,-3689000,-2811000
2015/11/19,0,1977000,-2620000,-643000
2015/11/20,0,843000,-3141000,-2298000
2015/11/23,0,2380532,-1431000,949532
2015/11/24,0,2196000,-10959586,-8763586
2015/11/25,0,2000467,-3054467,-1054000
2015/11/26,0,1764000,-1433467,330533
2015/11/27,0,169000,-3765067,-3596067
2015/11/30,0,9415570,-11535521,-2119951
2015/12/01,0,3636000,-5939095,-2303095
2015/12/02,0,966000,-2453500,-1487500
2015/12/03,0,1480000,-1917000,-437000
2015/12/04,0,1014000,-3282250,-2268250
2015/12/07,0,725000,-2535250,-1810250
2015/12/08,0,1145000,-7056159,-5911159
2015/12/09,0,3345000,-2821319,523681
2015/12/10,0,823000,-5874000,-5051000
2015/12/11,0,3857364,-6802000,-2944636
2015/12/14,0,2221000,-1766000,455000
2015/12/15,0,500000,-2484771,-1984771
2015/12/16,0,1761689,-1746000,15689
2015/12/17,0,4310000,-3600000,710000
2015/12/18,0,8431529,-5791667,2639862
2015/12/21,0,7381196,-3393000,3988196
2015/12/22,0,6002446,-3435000,2567446
2015/12/23,0,4524690,-958000,3566690
2015/12/24,0,2335000,-87000,2248000
2015/12/25,0,2026000,-1368000,658000
2015/12/28,0,1714000,-621000,1093000
2015/12/29,0,2396000,-416000,1980000
2015/12/30,0,1991000,-2105820,-114820
2015/12/31,0,1858000,-1208000,650000
2016/01/01,0,0,0,0
2016/01/04,0,1089200,-5157000,-4067800
2016/01/05,0,3355156,-4265000,-909844
2016/01/06,0,2887089,-6030000,-3142911
2016/01/07,0,3185248,-5262833,-2077585
2016/01/08,0,478599,-11913510,-11434911
2016/01/11,0,898018,-11447000,-10548982
2016/01/12,0,1107000,-6352000,-5245000
2016/01/13,0,888000,-5145000,-4257000
2016/01/14,0,2721998,-3640000,-918002
2016/01/15,0,1947000,-6626937,-4679937
2016/01/18,0,2863860,-3205000,-341140
2016/01/19,0,791000,-3103035,-2312035
2016/01/20,0,1452743,-3651000,-2198257
2016/01/21,0,774000,-2473000,-1699000
2016/01/22,0,835000,-1694000,-859000
2016/01/25,0,1790000,-2328000,-538000
2016/01/26,0,1187690,-4121000,-2933310
2016/01/27,0,3728000,-2499222,1228778
2016/01/28,0,3349000,-1478196,1870804
2016/01/29,0,3981131,-2943000,1038131
2016/02/01,0,2762689,-2512000,250689
2016/02/02,0,2896719,-4515056,-1618337
2016/02/03,0,1468000,-6156148,-4688148
2016/02/04,0,0,0,0
2016/02/05,0,0,0,0
2016/02/08,0,0,0,0
2016/02/09,0,0,0,0
2016/02/10,0,0,0,0
2016/02/11,0,0,0,0
2016/02/12,0,0,0,0
2016/02/15,0,3981998,-1842852,2139146
2016/02/16,0,6175000,-483000,5692000
2016/02/17,0,2404996,-6364000,-3959004
2016/02/18,0,6305000,-4045283,2259717
2016/02/19,0,4825054,-3692297,1132757
2016/02/22,0,4604000,-4213000,391000
2016/02/23,0,4429118,-1802000,2627118
2016/02/24,0,1688000,-1301508,386492
2016/02/25,0,1146499,-479000,667499
2016/02/26,0,7604314,-2963381,4640933
2016/02/29,0,0,0,0
2016/03/01,0,4752362,-1630447,3121915
2016/03/02,0,2970009,-1571000,1399009
2016/03/03,0,1789000,-1102000,687000
2016/03/04,0,5425000,-3508000,1917000
2016/03/07,0,4212000,-2088000,2124000
2016/03/08,0,3803000,-665000,3138000
2016/03/09,0,2244000,-3092000,-848000
2016/03/10,0,3743000,-1794000,1949000
2016/03/11,0,3090000,-5564000,-2474000
2016/03/14,0,3743000,-2046000,1697000
2016/03/15,0,2619000,-6461000,-3842000
2016/03/16,0,3337000,-3667000,-330000
2016/03/17,0,7691690,-2915634,4776056
2016/03/18,0,11479221,-6250000,5229221
2016/03/21,0,1717000,-2020199,-303199
2016/03/22,0,3247000,-2008000,1239000
2016/03/23,0,2260000,-1598000,662000
2016/03/24,0,1671000,-1874000,-203000
2016/03/25,0,866000,-912000,-46000
2016/03/28,0,1552000,-1916000,-364000
2016/03/29,0,6071000,-2036000,4035000
2016/03/30,0,4117000,-3229512,887488
2016/03/31,0,5119000,-5155000,-36000
2016/04/01,0,1835000,-6037000,-4202000
2016/04/04,0,0,0,0
2016/04/05,0,0,0,0
2016/04/06,0,6232002,-14310824,-8078822
2016/04/07,0,1433000,-5323000,-3890000
2016/04/08,0,3086000,-4964000,-1878000
2016/04/11,0,220000,-1986600,-1766600
2016/04/12,0,5737819,-3860000,1877819
2016/04/13,0,4144000,-2689000,1455000
2016/04/14,0,2341000,-5369380,-3028380
2016/04/15,0,3153840,-1993000,1160840
2016/04/18,0,2908000,-5215000,-2307000
2016/04/19,0,1563766,-6045000,-4481234
2016/04/20,0,2678445,-4237000,-1558555
2016/04/21,0,2451000,-2665000,-214000
2016/04/22,0,2681844,-1783000,898844
2016/04/25,0,5199688,-2188000,3011688
2016/04/26,0,2499844,-3098000,-598156
2016/04/27,0,4286000,-7653000,-3367000
2016/04/28,0,5088781,-8303000,-3214219
2016/04/29,0,4210000,-4052000,158000
2016/05/02,0,0,0,0
2016/05/03,0,5302000,-4101000,1201000
2016/05/04,0,2809000,-5045560,-2236560
2016/05/05,0,1569000,-6793077,-5224077
2016/05/06,0,4236688,-5731000,-1494312
2016/05/09,0,3487000,-3472000,15000
2016/05/10,0,704641,-2826000,-2121359
2016/05/11,0,2041000,-4975000,-2934000
2016/05/12,0,2190000,-1114000,1076000
2016/05/13,0,1953922,-4470000,-2516078
2016/05/16,0,3021000,-4409000,-1388000
2016/05/17,0,1533844,-3950000,-2416156
2016/05/18,0,2444385,-5619000,-3174615
2016/05/19,0,2957000,-3532000,-575000
2016/05/20,0,2159000,-8502027,-6343027
2016/05/23,0,4478854,-3349598,1129256
2016/05/24,0,4938945,-6289279,-1350334
2016/05/25,0,4960843,-1775000,3185843
2016/05/26,0,5774000,-1521000,4253000
2016/05/27,0,2495000,-2447000,48000
2016/05/30,0,3899000,-2797000,1102000
2016/05/31,0,10646446,-9359563,1286883
2016/06/01,0,4437686,-2077000,2360686
2016/06/02,0,4376376,-4005000,371376
2016/06/03,0,4633000,-2869000,1764000
2016/06/06,0,4591000,-3965000,626000
2016/06/07,0,8152000,-6862988,1289012
2016/06/08,0,11159000,-7911000,3248000
2016/06/09,0,0,0,0
2016/06/10,0,0,0,0
2016/06/13,0,6902000,-2065000,4837000
2016/06/14,0,3391000,-2702000,689000
2016/06/15,0,6500000,-2920000,3580000
2016/06/16,0,1078000,-5028000,-3950000
2016/06/17,0,5039852,-2919000,2120852
2016/06/20,0,2584000,-5833416,-3249416
2016/06/21,0,8292529,-2936000,5356529
2016/06/22,0,2754990,-2073000,681990
2016/06/23,0,1425002,-1844000,-418998
2016/06/24,0,6048000,-9189000,-3141000
2016/06/27,0,4192000,-4067000,125000
2016/06/28,0,5235000,-8233000,-2998000
2016/06/29,0,3854000,-5996000,-2142000
2016/06/30,0,6318000,-6945000,-627000
2016/07/01,0,5501000,-7291000,-1790000
2016/07/04,0,1067000,-6195000,-5128000
2016/07/05,0,1164000,-4265000,-3101000
2016/07/06,0,1742000,-9406655,-7664655
2016/07/07,0,5656000,-5805000,-149000
2016/07/08,0,0,0,0
2016/07/11,0,5659210,-5373798,285412
2016/07/12,0,3447000,-11151643,-7704643
2016/07/13,0,13116000,-9084000,4032000
2016/07/14,0,3772372,-9288000,-5515628
2016/07/15,0,6368002,-7150000,-781998
2016/07/18,0,6058000,-5732000,326000
2016/07/19,0,5999000,-2640000,3359000
2016/07/20,0,9401000,-3093000,6308000
2016/07/21,0,5047000,-1679250,3367750
2016/07/22,0,1980000,-9716000,-7736000
2016/07/25,0,2730000,-5251000,-2521000
2016/07/26,0,4681000,-7626000,-2945000
2016/07/27,0,4438448,-3829000,609448
2016/07/28,0,6484224,-4567000,1917224
2016/07/29,0,1772000,-9479000,-7707000
2016/08/01,0,12317312,-5129000,7188312
2016/08/02,0,6250600,-8364000,-2113400
2016/08/03,0,5995607,-5224000,771607
2016/08/04,0,2888000,-2644000,244000
2016/08/05,0,5796000,-2479000,3317000
2016/08/08,0,3553819,-1968000,1585819
2016/08/09,0,6015000,-531000,5484000
2016/08/10,0,5164975,-5135000,29975
2016/08/11,0,11308000,-2894000,8414000
2016/08/12,0,13523000,-1555000,11968000
2016/08/15,0,6428896,-529000,5899896
2016/08/16,0,2585000,-4831000,-2246000
2016/08/17,0,4948987,-6917000,-1968013
2016/08/18,0,2197000,-782932,1414068
2016/08/19,0,2844194,-6627000,-3782806
2016/08/22,0,582000,-5495300,-4913300
2016/08/23,0,2634448,-1917300,717148
2016/08/24,0,702224,-1372300,-670076
2016/08/25,0,4135000,-3417300,717700
2016/08/26,0,2025694,-1392530,633164
2016/08/29,0,3090000,-2662300,427700
2016/08/30,0,2500667,-1247300,1253367
2016/08/31,0,3460175,-7017908,-3557733
2016/09/01,0,1171000,-2537703,-1366703
2016/09/02,0,2946668,-2562300,384368
2016/09/05,0,1310000,-1090000,220000
2016/09/06,0,4864669,-1526000,3338669
2016/09/07,0,2064992,-862000,1202992
2016/09/08,0,3835488,-1725000,2110488
2016/09/09,0,841000,-2684000,-1843000
2016/09/12,0,4490000,-6150860,-1660860
2016/09/13,0,947000,-3859000,-2912000
2016/09/14,0,2379889,-3939000,-1559111
2016/09/15,0,0,0,0
2016/09/16,0,0,0,0
2016/09/19,0,1927909,-3119507,-1191598
2016/09/20,0,1313983,-2458933,-1144950
2016/09/21,0,2210000,-1619000,591000
2016/09/22,0,1891335,-772000,1119335
2016/09/23,0,6930000,-3684000,3246000
2016/09/26,0,755638,-2747000,-1991362
2016/09/27,0,0,0,0
2016/09/28,0,0,0,0
2016/09/29,0,5918668,-3919932,1998736
2016/09/30,0,2449668,-6516640,-4066972
2016/10/03,0,1235447,-1198000,37447
2016/10/04,0,3259000,-989971,2269029
2016/10/05,0,1594000,-484000,1110000
2016/10/06,0,4083854,-2094000,1989854
2016/10/07,0,1579003,-2260000,-680997
2016/10/10,0,0,0,0
2016/10/11,0,2519000,-2185000,334000
2016/10/12,0,3282000,-2291584,990416
2016/10/13,0,2939000,-3636000,-697000
2016/10/14,0,3409000,-2431000,978000
2016/10/17,0,2062000,-1961202,100798
2016/10/18,0,4701996,-2470000,2231996
2016/10/19,0,2953724,-738000,2215724
2016/10/20,0,3960148,-1503000,2457148
2016/10/21,0,21388000,-13944000,7444000
2016/10/24,0,2989000,-4831000,-1842000
2016/10/25,0,1954000,-3299000,-1345000
2016/10/26,0,3630000,-3654000,-24000
2016/10/27,0,3428358,-5513000,-2084642
2016/10/28,0,3597000,-4414000,-817000
2016/10/31,0,4730276,-2730000,2000276
2016/11/01,0,8781000,-1862000,6919000
2016/11/02,0,1891101,-2458000,-566899
2016/11/03,0,1542000,-2310000,-768000
2016/11/04,0,1557000,-3633000,-2076000
2016/11/07,0,2416000,-1461553,954447
2016/11/08,0,1640771,-2453000,-812229
2016/11/09,0,2534000,-3542000,-1008000
2016/11/10,0,2402000,-1703000,699000
2016/11/11,0,2020000,-4985021,-2965021
2016/11/14,0,2354000,-3747000,-1393000
2016/11/15,0,1240000,-3267000,-2027000
2016/11/16,0,1176000,-2122860,-946860
2016/11/17,0,1202000,-2396726,-1194726
2016/11/18,0,2626000,-2243000,383000
2016/11/21,0,2610000,-1448883,1161117
2016/11/22,0,3765000,-1529985,2235015
2016/11/23,0,3131000,-927435,2203565
2016/11/24,0,6229000,-1442000,4787000
2016/11/25,0,2154000,-5431806,-3277806
2016/11/28,0,2584000,-2120000,464000
2016/11/29,0,3721000,-2718520,1002480
2016/11/30,0,7152000,-9390511,-2238511
2016/12/01,0,1406461,-2363000,-956539
2016/12/02,0,3784000,-2987000,797000
2016/12/05,0,2996000,-3731896,-735896
2016/12/06,0,3376000,-3572798,-196798
2016/12/07,0,1320000,-1628000,-308000
2016/12/08,0,3525000,-1802000,1723000
2016/12/09,0,3277976,-1377302,1900674
2016/12/12,0,2381000,-1028000,1353000
2016/12/13,0,4518080,-1805126,2712954
2016/12/14,0,1134600,-1702000,-567400
2016/12/15,0,1681000,-2300000,-619000
2016/12/16,0,3537867,-4139000,-601133
2016/12/19,0,983000,-1385000,-402000
2016/12/20,0,1333680,-1869819,-536139
2016/12/21,0,711000,-3012000,-2301000
2016/12/22,0,873980,-3482000,-2608020
2016/12/23,0,769000,-2090744,-1321744
2016/12/26,0,225000,-661000,-436000
2016/12/27,0,432000,-500000,-68000
2016/12/28,0,1586000,-673000,913000
2016/12/29,0,1341703,-1886317,-544614
2016/12/30,0,3326000,-2117000,1209000
2017/01/02,0,0,0,0
2017/01/03,0,289000,-1017000,-728000
2017/01/04,0,1012000,-938000,74000
2017/01/05,0,1669919,-1888500,-218581
2017/01/06,0,999000,-720000,279000
2017/01/09,0,1234000,-819000,415000
2017/01/10,0,1236000,-1363000,-127000
2017/01/11,0,6835074,-1989000,4846074
2017/01/12,0,3132000,-1553000,1579000
2017/01/13,0,2042003,-2189000,-146997
2017/01/16,0,539000,-854000,-315000
2017/01/17,0,1017815,-1710000,-692185
2017/01/18,0,1775000,-1919842,-144842
2017/01/19,0,1153495,-2516359,-1362864
2017/01/20,0,636542,-1200283,-563741
2017/01/23,0,3582000,-2132290,1449710
2017/01/24,0,4474698,-2928000,1546698
2017/01/25,0,0,0,0
2017/01/26,0,0,0,0
2017/01/27,0,0,0,0
2017/01/30,0,0,0,0
2017/01/31,0,0,0,0
2017/02/01,0,0,0,0
2017/02/02,0,6059938,-3719996,2339942
2017/02/03,0,3525000,-2838418,686582
2017/02/06,0,3819000,-2164716,1654284
2017/02/07,0,4845963,-1060000,3785963
2017/02/08,0,2779852,-3168000,-388148
2017/02/09,0,3903000,-2109930,1793070
2017/02/10,0,3682514,-1898000,1784514
2017/02/13,0,2263202,-1233000,1030202
2017/02/14,0,3951514,-1907000,2044514
2017/02/15,0,8053000,-2219000,5834000
2017/02/16,0,12470514,-2194000,10276514
2017/02/17,0,700000,-1687000,-987000
2017/02/20,0,2382000,-1024000,1358000
2017/02/21,0,3383000,-2517037,865963
2017/02/22,0,4936271,-1492000,3444271
2017/02/23,0,5350000,-835000,4515000
2017/02/24,0,5746001,-5312000,434001
2017/02/27,0,0,0,0
2017/02/28,0,0,0,0
2017/03/01,0,5533175,-2141000,3392175
2017/03/02,0,7075000,-1871478,5203522
2017/03/03,0,4035000,-4188582,-153582
2017/03/06,0,1830695,-2370276,-539581
2017/03/07,0,4058000,-1054654,3003346
2017/03/08,0,1232000,-2471569,-1239569
2017/03/09,0,4769235,-4598000,171235
2017/03/10,0,6868000,-3693000,3175000
2017/03/13,0,6534138,-3106000,3428138
2017/03/14,0,9657037,-6924643,2732394
2017/03/15,0,588000,-3998569,-3410569
2017/03/16,0,8512257,-3272853,5239404
2017/03/17,0,10784000,-10077404,706596
2017/03/20,0,3989000,-3311000,678000
2017/03/21,0,2571969,-3304300,-732331
2017/03/22,0,3260000,-1954515,1305485
2017/03/23,0,4108000,-1664037,2443963
2017/03/24,0,5962826,-1426835,4535991
2017/03/27,0,3555000,-1362607,2192393
2017/03/28,0,6041000,-3562468,2478532
2017/03/29,0,3869936,-2530675,1339261
2017/03/30,0,5122000,-2833617,2288383
2017/03/31,0,7921000,-1202000,6719000
2017/04/03,0,0,0,0
2017/04/04,0,0,0,0
2017/04/05,0,10123470,-32545000,-22421530
2017/04/06,0,7124000,-18240890,-11116890
2017/04/07,0,3324000,-13974000,-10650000
2017/04/10,0,565000,-10526000,-9961000
2017/04/11,0,1428450,-12196000,-10767550
2017/04/12,0,1761000,-7128477,-5367477
2017/04/13,0,1819000,-4749000,-2930000
2017/04/14,0,1129000,-3037000,-1908000
2017/04/17,0,965000,-3425000,-2460000
2017/04/18,0,159000,-6254505,-6095505
2017/04/19,0,2850000,-5912148,-3062148
2017/04/20,0,1432000,-4711183,-3279183
2017/04/21,0,2653770,-3414591,-760821
2017/04/24,0,2086000,-1392000,694000
2017/04/25,0,5242000,-2505000,2737000
2017/04/26,0,4616000,-3957000,659000
2017/04/27,0,1142000,-2416868,-1274868
2017/04/28,0,2933000,-4188506,-1255506
2017/05/01,0,0,0,0
2017/05/02,0,3133000,-4355000,-1222000
2017/05/03,0,1211000,-974000,237000
2017/05/04,0,2096000,-3155253,-1059253
2017/05/05,0,1819414,-3333000,-1513586
2017/05/08,0,1908206,-3641136,-1732930
2017/05/09,0,1871901,-6022669,-4150768
2017/05/10,0,1455754,-11486000,-10030246
2017/05/11,0,8669882,-1877000,6792882
2017/05/12,0,3343000,-2745000,598000
2017/05/15,0,2384909,-3648000,-1263091
2017/05/16,0,4485000,-11600772,-7115772
2017/05/17,0,7980000,-5232000,2748000
2017/05/18,0,5516074,-5079000,437074
2017/05/19,0,1990000,-3025000,-1035000
2017/05/22,0,3538845,-4233500,-694655
2017/05/23,0,2320340,-3886000,-1565660
2017/05/24,0,2848000,-5111000,-2263000
2017/05/25,0,3972000,-5401251,-1429251
2017/05/26,0,0,0,0
2017/05/29,0,0,0,0
2017/05/30,0,0,0,0
2017/05/31,0,51988671,-51799464,189207
2017/06/01,0,1470000,-2713840,-1243840
2017/06/02,0,2352615,-6628000,-4275385
2017/06/05,0,1750000,-4901000,-3151000
2017/06/06,0,2395000,-11205000,-8810000
2017/06/07,0,4377089,-11994866,-7617777
2017/06/08,0,1908000,-2727000,-819000
2017/06/09,0,1564000,-4232000,-2668000
2017/06/12,0,2389744,-4393000,-2003256
2017/06/13,0,1905000,-6101708,-4196708
2017/06/14,0,2084000,-2225390,-141390
2017/06/15,0,2499000,-1101000,1398000
2017/06/16,0,7521000,-6347066,1173934
2017/06/19,0,929202,-184000,745202
2017/06/20,0,2666000,-1407000,1259000
2017/06/21,0,4704212,-4648000,56212
2017/06/22,0,5413000,-752000,4661000
2017/06/23,0,5024000,-1469500,3554500
2017/06/26,0,4568000,-562500,4005500
2017/06/27,0,3292000,-1332000,1960000
2017/06/28,0,1424000,-1451102,-27102
2017/06/29,0,1603000,-415000,1188000
2017/06/30,0,2884000,-385000,2499000
2017/07/03,0,3660000,-1910000,1750000
2017/07/04,0,1535000,-2079000,-544000
2017/07/05,0,1775000,-707000,1068000
2017/07/06,0,959000,-1278000,-319000
2017/07/07,0,567970,-2529897,-1961927
2017/07/10,0,874000,-1646096,-772096
2017/07/11,0,2133782,-1910000,223782
2017/07/12,0,7524000,-5508451,2015549
2017/07/13,0,977000,-1691410,-714410
2017/07/14,0,746000,-1452500,-706500
2017/07/17,0,1170000,-960000,210000
2017/07/18,0,1633000,-1931000,-298000
2017/07/19,0,4050174,-1395000,2655174
2017/07/20,0,2126771,-615000,1511771
2017/07/21,0,594000,-1096941,-502941
2017/07/24,0,1826250,-1768000,58250
2017/07/25,0,1945000,-2241542,-296542
2017/07/26,0,1627000,-1497000,130000
2017/07/27,0,2248000,-2295000,-47000
2017/07/28,0,254000,-2639801,-2385801
2017/07/31,0,3105000,-2988810,116190
2017/08/01,0,839000,-2989528,-2150528
2017/08/02,0,1405000,-1047000,358000
2017/08/03,0,4737000,-1071808,3665192
2017/08/04,0,4358000,-995000,3363000
2017/08/07,0,5081872,-865000,4216872
2017/08/08,0,2007000,-3343000,-1336000
2017/08/09,0,1910303,-8085000,-6174697
2017/08/10,0,833986,-1183500,-349514
2017/08/11,0,76000,-2846000,-2770000
2017/08/14,0,3839000,-1512000,2327000
2017/08/15,0,26537000,-1739671,24797329
2017/08/16,0,15876000,-4094000,11782000
2017/08/17,0,17428000,-3992000,13436000
2017/08/18,0,24771000,-7493000,17278000
