Date,Open,Buy,Sell,Total
2007/04/23,0,12000,-3000,9000
2007/04/24,0,0,-26000,-26000
2007/04/25,0,0,0,0
2007/04/26,0,0,0,0
2007/04/27,0,0,-15000,-15000
2007/04/30,0,0,-65000,-65000
2007/05/01,0,0,0,0
2007/05/02,0,0,-34000,-34000
2007/05/03,0,50000,-56000,-6000
2007/05/04,0,25000,-19000,6000
2007/05/07,0,9000,-1000,8000
2007/05/08,0,12000,-3000,9000
2007/05/09,0,0,-13000,-13000
2007/05/10,0,0,-174000,-174000
2007/05/11,0,1000,-33000,-32000
2007/05/14,0,0,-923000,-923000
2007/05/15,0,0,-27000,-27000
2007/05/16,0,0,0,0
2007/05/17,0,0,-3000,-3000
2007/05/18,0,0,0,0
2007/05/21,0,0,0,0
2007/05/22,0,0,0,0
2007/05/23,0,0,0,0
2007/05/24,0,0,0,0
2007/05/25,0,3000,0,3000
2007/05/28,0,0,0,0
2007/05/29,0,0,0,0
2007/05/30,0,10000,0,10000
2007/05/31,0,0,-2000,-2000
2007/06/01,0,0,0,0
2007/06/04,0,0,0,0
2007/06/05,0,0,-45000,-45000
2007/06/06,0,100000,0,100000
2007/06/07,0,5000,0,5000
2007/06/08,0,22000,-55000,-33000
2007/06/11,0,94000,-50000,44000
2007/06/12,0,3000,-32000,-29000
2007/06/13,0,1000,-14000,-13000
2007/06/14,0,11000,-6000,5000
2007/06/15,0,15000,-7000,8000
2007/06/18,0,0,0,0
2007/06/19,0,0,0,0
2007/06/20,0,78000,-47000,31000
2007/06/21,0,90000,-50000,40000
2007/06/22,0,49000,-52000,-3000
2007/06/25,0,59000,-38000,21000
2007/06/26,0,39000,-4000,35000
2007/06/27,0,9000,-10000,-1000
2007/06/28,0,65000,-15000,50000
2007/06/29,0,34000,-33000,1000
2007/07/02,0,76000,-75000,1000
2007/07/03,0,92000,-5000,87000
2007/07/04,0,84000,-55000,29000
2007/07/05,0,2000,-103000,-101000
2007/07/06,0,30000,-26000,4000
2007/07/09,0,137000,-37000,100000
2007/07/10,0,67000,-15000,52000
2007/07/11,0,18000,-166000,-148000
2007/07/12,0,8000,-62000,-54000
2007/07/13,0,34000,-69000,-35000
2007/07/16,0,3000,-108000,-105000
2007/07/17,0,3000,-58000,-55000
2007/07/18,0,36000,-11000,25000
2007/07/19,0,80000,-7000,73000
2007/07/20,0,3000,0,3000
2007/07/23,0,26000,0,26000
2007/07/24,0,178000,0,178000
2007/07/25,0,111000,0,111000
2007/07/26,0,309000,0,309000
2007/07/27,0,75000,-321000,-246000
2007/07/30,0,175000,-165000,10000
2007/07/31,0,108000,-11000,97000
2007/08/01,0,573000,-185000,388000
2007/08/02,0,92000,-125000,-33000
2007/08/03,0,15000,-40000,-25000
2007/08/06,0,14000,-81000,-67000
2007/08/07,0,0,-21000,-21000
2007/08/08,0,1000,-8000,-7000
2007/08/09,0,0,0,0
2007/08/10,0,54000,-14000,40000
2007/08/13,0,58000,0,58000
2007/08/14,0,32000,-21000,11000
2007/08/15,0,28000,-71000,-43000
2007/08/16,0,75000,-429000,-354000
2007/08/17,0,46000,-577000,-531000
2007/08/20,0,50000,-55000,-5000
2007/08/21,0,290000,-36000,254000
2007/08/22,0,69000,0,69000
2007/08/23,0,24000,-48000,-24000
2007/08/24,0,47000,0,47000
2007/08/27,0,15000,0,15000
2007/08/28,0,36000,0,36000
2007/08/29,0,25000,0,25000
2007/08/30,0,122000,0,122000
2007/08/31,0,65000,-3000,62000
2007/09/03,0,0,-23000,-23000
2007/09/04,0,22000,-25000,-3000
2007/09/05,0,78000,-233000,-155000
2007/09/06,0,404000,-8000,396000
2007/09/07,0,398000,-24000,374000
2007/09/10,0,0,-232000,-232000
2007/09/11,0,5000,-15000,-10000
2007/09/12,0,19000,-157000,-138000
2007/09/13,0,11000,-11000,0
2007/09/14,0,11000,-6000,5000
2007/09/17,0,0,-96000,-96000
2007/09/18,0,0,0,0
2007/09/19,0,59000,-99000,-40000
2007/09/20,0,78000,-2000,76000
2007/09/21,0,1461000,-15000,1446000
2007/09/24,0,0,0,0
2007/09/25,0,0,0,0
2007/09/26,0,1778000,0,1778000
2007/09/27,0,1505000,-74000,1431000
2007/09/28,0,1067000,-109000,958000
2007/10/01,0,3824000,-434000,3390000
2007/10/02,0,2688000,-1443000,1245000
2007/10/03,0,1009000,-415000,594000
2007/10/04,0,248000,-910000,-662000
2007/10/05,0,212000,-902000,-690000
2007/10/08,0,809000,-230000,579000
2007/10/09,0,547000,-535000,12000
2007/10/10,0,0,0,0
2007/10/11,0,4123000,-130499,3992501
2007/10/12,0,3076000,-1516000,1560000
2007/10/15,0,444000,-743000,-299000
2007/10/16,0,203000,-620000,-417000
2007/10/17,0,57000,-778000,-721000
2007/10/18,0,1271000,-447000,824000
2007/10/19,0,870000,-683000,187000
2007/10/22,0,229000,-1342000,-1113000
2007/10/23,0,530000,-1022000,-492000
2007/10/24,0,395000,-1271000,-876000
2007/10/25,0,81000,-658000,-577000
2007/10/26,0,529000,-87000,442000
2007/10/29,0,382500,-484000,-101500
2007/10/30,0,885000,-238000,647000
2007/10/31,0,1389000,-2975000,-1586000
2007/11/01,0,261000,-644000,-383000
2007/11/02,0,284000,-2496000,-2212000
2007/11/05,0,1045000,-3789000,-2744000
2007/11/06,0,1559000,-770000,789000
2007/11/07,0,408000,-806000,-398000
2007/11/08,0,135000,-1507000,-1372000
2007/11/09,0,310000,-427000,-117000
2007/11/12,0,433000,-942000,-509000
2007/11/13,0,242000,-82000,160000
2007/11/14,0,663000,-49000,614000
2007/11/15,0,513000,-375000,138000
2007/11/16,0,129000,-660000,-531000
2007/11/19,0,44000,-881000,-837000
2007/11/20,0,180000,-1515000,-1335000
2007/11/21,0,598000,-227000,371000
2007/11/22,0,290000,-412000,-122000
2007/11/23,0,259000,-1128000,-869000
2007/11/26,0,115000,-898000,-783000
2007/11/27,0,735000,-803000,-68000
2007/11/28,0,628000,-234000,394000
2007/11/29,0,1000000,-66000,934000
2007/11/30,0,474000,-59000,415000
2007/12/03,0,172000,-229000,-57000
2007/12/04,0,20000,-482000,-462000
2007/12/05,0,246000,-44000,202000
2007/12/06,0,830000,-17000,813000
2007/12/07,0,36000,-44000,-8000
2007/12/10,0,332000,-78000,254000
2007/12/11,0,17000,-82000,-65000
2007/12/12,0,73000,-316000,-243000
2007/12/13,0,42000,-820000,-778000
2007/12/14,0,371000,-975000,-604000
2007/12/17,0,134000,-893000,-759000
2007/12/18,0,479000,-375000,104000
2007/12/19,0,670000,-116000,554000
2007/12/20,0,248000,-670000,-422000
2007/12/21,0,366000,-278000,88000
2007/12/24,0,255000,-51408,203592
2007/12/25,0,209000,-45000,164000
2007/12/26,0,364000,-203000,161000
2007/12/27,0,2706000,-327000,2379000
2007/12/28,0,117000,-537000,-420000
2007/12/31,0,794000,-294000,500000
2008/01/01,0,0,0,0
2008/01/02,0,217000,-573000,-356000
2008/01/03,0,151000,-1137000,-986000
2008/01/04,0,412000,-184000,228000
2008/01/07,0,573000,-872000,-299000
2008/01/08,0,1155000,-469000,686000
2008/01/09,0,103000,-309000,-206000
2008/01/10,0,1595000,-295000,1300000
2008/01/11,0,188000,-460000,-272000
2008/01/14,0,206000,-627000,-421000
2008/01/15,0,2746000,-1782000,964000
2008/01/16,0,107000,-219000,-112000
2008/01/17,0,149000,-527704,-378704
2008/01/18,0,280000,-1634000,-1354000
2008/01/21,0,87000,-78000,9000
2008/01/22,0,103000,-1857000,-1754000
2008/01/23,0,135000,-1395000,-1260000
2008/01/24,0,118000,-56000,62000
2008/01/25,0,63000,-185000,-122000
2008/01/28,0,74000,-79000,-5000
2008/01/29,0,114000,-210000,-96000
2008/01/30,0,30000,-42000,-12000
2008/01/31,0,37000,-33000,4000
2008/02/01,0,65000,-34000,31000
2008/02/04,0,0,0,0
2008/02/05,0,0,0,0
2008/02/06,0,0,0,0
2008/02/07,0,0,0,0
2008/02/08,0,0,0,0
2008/02/11,0,0,0,0
2008/02/12,0,25000,-140000,-115000
2008/02/13,0,365000,-64000,301000
2008/02/14,0,868000,-21000,847000
2008/02/15,0,632000,0,632000
2008/02/18,0,306000,-1125000,-819000
2008/02/19,0,175000,-72000,103000
2008/02/20,0,117000,-313000,-196000
2008/02/21,0,185000,-33000,152000
2008/02/22,0,83000,-63000,20000
2008/02/25,0,87000,-57292,29708
2008/02/26,0,13000,-150522,-137522
2008/02/27,0,86000,-180614,-94614
2008/02/28,0,0,0,0
2008/02/29,0,97000,-48000,49000
2008/03/03,0,64000,-13761,50239
2008/03/04,0,275000,-140000,135000
2008/03/05,0,192000,-134000,58000
2008/03/06,0,27000,-209696,-182696
2008/03/07,0,159000,-134000,25000
2008/03/10,0,49000,-190000,-141000
2008/03/11,0,90000,-585000,-495000
2008/03/12,0,41000,-33015,7985
2008/03/13,0,6000,-186000,-180000
2008/03/14,0,28000,-127000,-99000
2008/03/17,0,61000,-47000,14000
2008/03/18,0,247000,-17000,230000
2008/03/19,0,104000,-170000,-66000
2008/03/20,0,258000,-124000,134000
2008/03/21,0,154000,-165000,-11000
2008/03/24,0,142000,-106000,36000
2008/03/25,0,108000,-283000,-175000
2008/03/26,0,13000,-220000,-207000
2008/03/27,0,89000,-173000,-84000
2008/03/28,0,190000,-51516,138484
2008/03/31,0,32000,-219923,-187923
2008/04/01,0,20000,-162000,-142000
2008/04/02,0,4000,-71000,-67000
2008/04/03,0,3000,-36000,-33000
2008/04/04,0,0,0,0
2008/04/07,0,220000,-5000,215000
2008/04/08,0,20000,-27433,-7433
2008/04/09,0,680000,-93000,587000
2008/04/10,0,3000,-153000,-150000
2008/04/11,0,35000,-59000,-24000
2008/04/14,0,188000,-46224,141776
2008/04/15,0,318000,-300000,18000
2008/04/16,0,86000,-495000,-409000
2008/04/17,0,11000,-579000,-568000
2008/04/18,0,13000,-35000,-22000
2008/04/21,0,4000,-2000,2000
2008/04/22,0,2000,-50000,-48000
2008/04/23,0,27000,-10000,17000
2008/04/24,0,8000,-3500,4500
2008/04/25,0,18000,-10000,8000
2008/04/28,0,48000,0,48000
2008/04/29,0,67000,-12000,55000
2008/04/30,0,31000,-15000,16000
2008/05/01,0,0,0,0
2008/05/02,0,26000,-2000,24000
2008/05/05,0,21000,-21000,0
2008/05/06,0,55000,-24000,31000
2008/05/07,0,12000,-5000,7000
2008/05/08,0,8000,-168000,-160000
2008/05/09,0,2000,-36000,-34000
2008/05/12,0,66000,-3000,63000
2008/05/13,0,65000,0,65000
2008/05/14,0,1000,-2000,-1000
2008/05/15,0,102000,-28000,74000
2008/05/16,0,70000,-127000,-57000
2008/05/19,0,72000,-9000,63000
2008/05/20,0,54000,-53000,1000
2008/05/21,0,5000,-64000,-59000
2008/05/22,0,28000,-2000,26000
2008/05/23,0,1000,-8000,-7000
2008/05/26,0,28000,-21000,7000
2008/05/27,0,21000,-4000,17000
2008/05/28,0,4000,-33000,-29000
2008/05/29,0,47000,-24000,23000
2008/05/30,0,43000,-3000,40000
2008/06/02,0,39000,-1000,38000
2008/06/03,0,27000,-16000,11000
2008/06/04,0,3000,0,3000
2008/06/05,0,117000,-20000,97000
2008/06/06,0,4000,-8000,-4000
2008/06/09,0,0,-30000,-30000
2008/06/10,0,17000,-80000,-63000
2008/06/11,0,49000,-33000,16000
2008/06/12,0,63000,-38000,25000
2008/06/13,0,53000,-79000,-26000
2008/06/16,0,23000,-15000,8000
2008/06/17,0,37000,-42000,-5000
2008/06/18,0,26000,0,26000
2008/06/19,0,54000,-52000,2000
2008/06/20,0,88000,-105000,-17000
2008/06/23,0,194000,-25000,169000
2008/06/24,0,34000,-12000,22000
2008/06/25,0,140000,0,140000
2008/06/26,0,15000,-26000,-11000
2008/06/27,0,27000,-53000,-26000
2008/06/30,0,78000,-17000,61000
2008/07/01,0,157000,-23000,134000
2008/07/02,0,162000,-22000,140000
2008/07/03,0,400000,-87000,313000
2008/07/04,0,41000,-540000,-499000
2008/07/07,0,3000,-16000,-13000
2008/07/08,0,54000,-472000,-418000
2008/07/09,0,68000,-42000,26000
2008/07/10,0,40000,0,40000
2008/07/11,0,113000,-125000,-12000
2008/07/14,0,14000,-59000,-45000
2008/07/15,0,7000,-22000,-15000
2008/07/16,0,88000,-117546,-29546
2008/07/17,0,116000,-90000,26000
2008/07/18,0,17000,-96000,-79000
2008/07/21,0,108000,-69000,39000
2008/07/22,0,114000,-28000,86000
2008/07/23,0,38000,-8000,30000
2008/07/24,0,364000,-18000,346000
2008/07/25,0,14000,-80000,-66000
2008/07/28,0,0,0,0
2008/07/29,0,1000,-40000,-39000
2008/07/30,0,0,-103000,-103000
2008/07/31,0,49000,0,49000
2008/08/01,0,72000,-370000,-298000
2008/08/04,0,78000,-3000,75000
2008/08/05,0,73000,-26000,47000
2008/08/06,0,51000,0,51000
2008/08/07,0,8000,-21000,-13000
2008/08/08,0,30000,0,30000
2008/08/11,0,1000,-1000,0
2008/08/12,0,4000,-2000,2000
2008/08/13,0,58000,-21000,37000
2008/08/14,0,192000,-69000,123000
2008/08/15,0,28000,-19000,9000
2008/08/18,0,0,-100206,-100206
2008/08/19,0,1130,-43000,-41870
2008/08/20,0,0,-54000,-54000
2008/08/21,0,15000,-207290,-192290
2008/08/22,0,26000,-71000,-45000
2008/08/25,0,8000,-22000,-14000
2008/08/26,0,4000,-54000,-50000
2008/08/27,0,37000,-36000,1000
2008/08/28,0,21000,-61015,-40015
2008/08/29,0,39000,-129000,-90000
2008/09/01,0,1350,-14000,-12650
2008/09/02,0,4000,-74000,-70000
2008/09/03,0,20000,-11000,9000
2008/09/04,0,91000,-28000,63000
2008/09/05,0,85000,-34000,51000
2008/09/08,0,0,-41000,-41000
2008/09/09,0,57000,-18382,38618
2008/09/10,0,11000,-36000,-25000
2008/09/11,0,13000,-50000,-37000
2008/09/12,0,26000,0,26000
2008/09/15,0,0,-94000,-94000
2008/09/16,0,35000,-52000,-17000
2008/09/17,0,85000,-243000,-158000
2008/09/18,0,8000,-20000,-12000
2008/09/19,0,0,-91000,-91000
2008/09/22,0,5000,-82000,-77000
2008/09/23,0,58000,-29000,29000
2008/09/24,0,87000,-57000,30000
2008/09/25,0,78000,-17000,61000
2008/09/26,0,16000,-156944,-140944
2008/09/29,0,0,0,0
2008/09/30,0,0,-9000,-9000
2008/10/01,0,0,-60000,-60000
2008/10/02,0,0,-32645,-32645
2008/10/03,0,0,-137000,-137000
2008/10/06,0,0,-332,-332
2008/10/07,0,0,-21650,-21650
2008/10/08,0,86000,-6000,80000
2008/10/09,0,1000,-41000,-40000
2008/10/10,0,0,0,0
2008/10/13,0,0,0,0
2008/10/14,0,0,0,0
2008/10/15,0,3000,-518,2482
2008/10/16,0,0,-21000,-21000
2008/10/17,0,0,-10000,-10000
2008/10/20,0,4000,-11476,-7476
2008/10/21,0,0,0,0
2008/10/22,0,7000,0,7000
2008/10/23,0,0,-13984,-13984
2008/10/24,0,0,-4508,-4508
2008/10/27,0,0,-27000,-27000
2008/10/28,0,55000,-34000,21000
2008/10/29,0,0,-3000,-3000
2008/10/30,0,0,-39000,-39000
2008/10/31,0,28000,-6000,22000
2008/11/03,0,5000,-13000,-8000
2008/11/04,0,87000,-24000,63000
2008/11/05,0,125000,-42000,83000
2008/11/06,0,441000,-48000,393000
2008/11/07,0,210000,-160000,50000
2008/11/10,0,106000,-505000,-399000
2008/11/11,0,232000,-61344,170656
2008/11/12,0,36000,-53000,-17000
2008/11/13,0,55000,-13280,41720
2008/11/14,0,5000,-24000,-19000
2008/11/17,0,35000,-104142,-69142
2008/11/18,0,21000,-118000,-97000
2008/11/19,0,4000,-66000,-62000
2008/11/20,0,0,-61000,-61000
2008/11/21,0,13000,0,13000
2008/11/24,0,0,-18000,-18000
2008/11/25,0,141000,0,141000
2008/11/26,0,60000,-4000,56000
2008/11/27,0,63000,0,63000
2008/11/28,0,49000,-13000,36000
2008/12/01,0,292000,0,292000
2008/12/02,0,29000,-1000,28000
2008/12/03,0,11000,-45000,-34000
2008/12/04,0,0,-90948,-90948
2008/12/05,0,32000,-370000,-338000
2008/12/08,0,4000,0,4000
2008/12/09,0,235000,-24000,211000
2008/12/10,0,1182000,-188000,994000
2008/12/11,0,82000,-75000,7000
2008/12/12,0,30000,-45000,-15000
2008/12/15,0,42000,-20000,22000
2008/12/16,0,52000,-53000,-1000
2008/12/17,0,32000,-25000,7000
2008/12/18,0,51000,0,51000
2008/12/19,0,10000,-19850,-9850
2008/12/22,0,49000,-13000,36000
2008/12/23,0,390000,-609000,-219000
2008/12/24,0,13000,-29000,-16000
2008/12/25,0,1000,-11000,-10000
2008/12/26,0,0,-7000,-7000
2008/12/29,0,5000,-2000,3000
2008/12/30,0,76000,-30178,45822
2008/12/31,0,2000,-76000,-74000
2009/01/01,0,0,0,0
2009/01/02,0,0,0,0
2009/01/05,0,24000,-85000,-61000
2009/01/06,0,1000,-5000,-4000
2009/01/07,0,4000,-8000,-4000
2009/01/08,0,40000,-34000,6000
2009/01/09,0,100000,-127000,-27000
2009/01/12,0,5000,0,5000
2009/01/13,0,4000,0,4000
2009/01/14,0,5000,-4000,1000
2009/01/15,0,108000,-205000,-97000
2009/01/16,0,0,0,0
2009/01/19,0,0,-11000,-11000
2009/01/20,0,0,-10000,-10000
2009/01/21,0,0,-20629,-20629
2009/01/22,0,0,0,0
2009/01/23,0,0,0,0
2009/01/26,0,0,0,0
2009/01/27,0,0,0,0
2009/01/28,0,0,0,0
2009/01/29,0,0,0,0
2009/01/30,0,0,0,0
2009/02/02,0,0,-10000,-10000
2009/02/03,0,6000,-13000,-7000
2009/02/04,0,0,-43000,-43000
2009/02/05,0,0,-16000,-16000
2009/02/06,0,0,-8000,-8000
2009/02/09,0,0,-21000,-21000
2009/02/10,0,0,0,0
2009/02/11,0,0,-10000,-10000
2009/02/12,0,13000,-2000,11000
2009/02/13,0,29000,-5000,24000
2009/02/16,0,2000,-12000,-10000
2009/02/17,0,0,-40000,-40000
2009/02/18,0,21000,-221000,-200000
2009/02/19,0,0,-19000,-19000
2009/02/20,0,5000,-33184,-28184
2009/02/23,0,0,-24000,-24000
2009/02/24,0,0,-17000,-17000
2009/02/25,0,5000,-10000,-5000
2009/02/26,0,5000,-8000,-3000
2009/02/27,0,5000,-16000,-11000
2009/03/02,0,0,-55000,-55000
2009/03/03,0,0,-334000,-334000
2009/03/04,0,60000,-152000,-92000
2009/03/05,0,396000,-4000,392000
2009/03/06,0,8000,-6000,2000
2009/03/09,0,28000,-16000,12000
2009/03/10,0,109000,-44000,65000
2009/03/11,0,45000,-105000,-60000
2009/03/12,0,41000,-10000,31000
2009/03/13,0,141000,-4448,136552
2009/03/16,0,44000,-230000,-186000
2009/03/17,0,76000,-60000,16000
2009/03/18,0,89000,-200000,-111000
2009/03/19,0,2000,-26000,-24000
2009/03/20,0,15000,-152000,-137000
2009/03/23,0,191000,-12000,179000
2009/03/24,0,232000,-7000,225000
2009/03/25,0,67000,-6000,61000
2009/03/26,0,102000,-23000,79000
2009/03/27,0,100000,-99000,1000
2009/03/30,0,0,-30000,-30000
2009/03/31,0,76000,-329000,-253000
2009/04/01,0,137000,-331000,-194000
2009/04/02,0,171000,-238000,-67000
2009/04/03,0,234000,-224000,10000
2009/04/06,0,11000,-239918,-228918
2009/04/07,0,97000,-18000,79000
2009/04/08,0,41000,-69000,-28000
2009/04/09,0,8000,-53000,-45000
2009/04/10,0,92000,-33000,59000
2009/04/13,0,24000,-87000,-63000
2009/04/14,0,5000,-51464,-46464
2009/04/15,0,14000,-140000,-126000
2009/04/16,0,169000,-53000,116000
2009/04/17,0,53000,-38000,15000
2009/04/20,0,134000,-101000,33000
2009/04/21,0,70000,-86000,-16000
2009/04/22,0,0,-181000,-181000
2009/04/23,0,0,-117000,-117000
2009/04/24,0,144000,-93000,51000
2009/04/27,0,137000,-11000,126000
2009/04/28,0,101000,-92446,8554
2009/04/29,0,112000,-97000,15000
2009/04/30,0,18000,-1000,17000
2009/05/01,0,0,0,0
2009/05/04,0,2000,-1000,1000
2009/05/05,0,105000,-75000,30000
2009/05/06,0,178000,-15000,163000
2009/05/07,0,18000,-166000,-148000
2009/05/08,0,155000,-81531,73469
2009/05/11,0,124000,-326285,-202285
2009/05/12,0,38000,-6000,32000
2009/05/13,0,3000,-19000,-16000
2009/05/14,0,2000,-69000,-67000
2009/05/15,0,4000,-70000,-66000
2009/05/18,0,0,-76000,-76000
2009/05/19,0,131000,0,131000
2009/05/20,0,186000,-273000,-87000
2009/05/21,0,109000,-139000,-30000
2009/05/22,0,185000,-257000,-72000
2009/05/25,0,90000,-60975,29025
2009/05/26,0,118000,-328000,-210000
2009/05/27,0,48000,-18000,30000
2009/05/28,0,0,0,0
2009/05/29,0,0,0,0
2009/06/01,0,58000,-30000,28000
2009/06/02,0,66000,-114000,-48000
2009/06/03,0,72000,-31179,40821
2009/06/04,0,74000,-64729,9271
2009/06/05,0,5000,-55000,-50000
2009/06/08,0,29000,-31000,-2000
2009/06/09,0,255000,-4000,251000
2009/06/10,0,52000,-22466,29534
2009/06/11,0,60000,-56000,4000
2009/06/12,0,0,-266000,-266000
2009/06/15,0,20000,-45000,-25000
2009/06/16,0,1000,-83671,-82671
2009/06/17,0,9000,-1000,8000
2009/06/18,0,70000,-71000,-1000
2009/06/19,0,12000,-18000,-6000
2009/06/22,0,35000,-108000,-73000
2009/06/23,0,0,-8000,-8000
2009/06/24,0,77000,-42000,35000
2009/06/25,0,32852,-17000,15852
2009/06/26,0,0,-16000,-16000
2009/06/29,0,24000,-11704,12296
2009/06/30,0,75000,-7000,68000
2009/07/01,0,215000,0,215000
2009/07/02,0,11000,-5000,6000
2009/07/03,0,16000,-23000,-7000
2009/07/06,0,1000,-72000,-71000
2009/07/07,0,63848,0,63848
2009/07/08,0,0,-13000,-13000
2009/07/09,0,98000,0,98000
2009/07/10,0,7000,-10000,-3000
2009/07/13,0,31000,-44000,-13000
2009/07/14,0,21000,-25139,-4139
2009/07/15,0,164000,-24000,140000
2009/07/16,0,12947,-5000,7947
2009/07/17,0,35000,-75000,-40000
2009/07/20,0,25000,-3000,22000
2009/07/21,0,11000,-10000,1000
2009/07/22,0,71000,0,71000
2009/07/23,0,116000,-19000,97000
2009/07/24,0,5977,-87000,-81023
2009/07/27,0,138000,-6000,132000
2009/07/28,0,79834,-7000,72834
2009/07/29,0,144000,-34000,110000
2009/07/30,0,2000,-61000,-59000
2009/07/31,0,39000,-52000,-13000
2009/08/03,0,87000,-266000,-179000
2009/08/04,0,323000,-291000,32000
2009/08/05,0,33913,-321000,-287087
2009/08/06,0,33000,-91000,-58000
2009/08/07,0,0,0,0
2009/08/10,0,43000,-120000,-77000
2009/08/11,0,102000,-159000,-57000
2009/08/12,0,194000,-63000,131000
2009/08/13,0,141000,-83000,58000
2009/08/14,0,39000,-8000,31000
2009/08/17,0,4000,-67000,-63000
2009/08/18,0,426000,-327000,99000
2009/08/19,0,71000,-14000,57000
2009/08/20,0,0,-78000,-78000
2009/08/21,0,18000,-267000,-249000
2009/08/24,0,74000,-12000,62000
2009/08/25,0,159000,-11000,148000
2009/08/26,0,0,-20000,-20000
2009/08/27,0,1000,-162000,-161000
2009/08/28,0,2000,0,2000
2009/08/31,0,7000,-151000,-144000
2009/09/01,0,14000,-10000,4000
2009/09/02,0,7000,0,7000
2009/09/03,0,19000,-22000,-3000
2009/09/04,0,133000,-105000,28000
2009/09/07,0,0,-14000,-14000
2009/09/08,0,101000,0,101000
2009/09/09,0,83000,-42000,41000
2009/09/10,0,212000,-41000,171000
2009/09/11,0,15000,-122000,-107000
2009/09/14,0,30000,-133000,-103000
2009/09/15,0,2000,-91000,-89000
2009/09/16,0,123000,-22000,101000
2009/09/17,0,45000,-57000,-12000
2009/09/18,0,132000,-86000,46000
2009/09/21,0,73000,-203000,-130000
2009/09/22,0,5000,-36000,-31000
2009/09/23,0,95000,-111000,-16000
2009/09/24,0,6000,-96000,-90000
2009/09/25,0,81000,-15000,66000
2009/09/28,0,27000,-6336,20664
2009/09/29,0,16000,-28000,-12000
2009/09/30,0,17000,-82000,-65000
2009/10/01,0,0,-8000,-8000
2009/10/02,0,38000,-133000,-95000
2009/10/05,0,68000,-88000,-20000
2009/10/06,0,397000,-48000,349000
2009/10/07,0,48000,-269000,-221000
2009/10/08,0,47000,-220000,-173000
2009/10/09,0,75000,-46000,29000
2009/10/12,0,20000,-7000,13000
2009/10/13,0,39000,-12000,27000
2009/10/14,0,0,-25000,-25000
2009/10/15,0,14000,-118000,-104000
2009/10/16,0,17000,-19000,-2000
2009/10/19,0,19000,-5000,14000
2009/10/20,0,0,-15000,-15000
2009/10/21,0,26000,-19000,7000
2009/10/22,0,55000,0,55000
2009/10/23,0,0,-7000,-7000
2009/10/26,0,1000,0,1000
2009/10/27,0,0,-6000,-6000
2009/10/28,0,23000,-181000,-158000
2009/10/29,0,45000,-10000,35000
2009/10/30,0,44000,-18000,26000
2009/11/02,0,25000,-25000,0
2009/11/03,0,0,-23000,-23000
2009/11/04,0,9000,-3000,6000
2009/11/05,0,385000,-10000,375000
2009/11/06,0,2000,-266000,-264000
2009/11/09,0,105000,0,105000
2009/11/10,0,19000,-3000,16000
2009/11/11,0,111000,-2000,109000
2009/11/12,0,0,0,0
2009/11/13,0,119000,-35000,84000
2009/11/16,0,1000,-54000,-53000
2009/11/17,0,17000,-1000,16000
2009/11/18,0,3000,-71000,-68000
2009/11/19,0,49000,0,49000
2009/11/20,0,0,-3000,-3000
2009/11/23,0,13000,-3000,10000
2009/11/24,0,3000,0,3000
2009/11/25,0,24000,-67000,-43000
2009/11/26,0,15000,-8000,7000
2009/11/27,0,0,-35000,-35000
2009/11/30,0,5000,0,5000
2009/12/01,0,20000,-8000,12000
2009/12/02,0,0,-107000,-107000
2009/12/03,0,0,-18000,-18000
2009/12/04,0,0,-18000,-18000
2009/12/07,0,0,0,0
2009/12/08,0,0,-4000,-4000
2009/12/09,0,0,-27000,-27000
2009/12/10,0,18000,-87000,-69000
2009/12/11,0,0,-16521,-16521
2009/12/14,0,2000,-50000,-48000
2009/12/15,0,71000,-59000,12000
2009/12/16,0,12000,-162000,-150000
2009/12/17,0,15000,-2000,13000
2009/12/18,0,5000,-3000,2000
2009/12/21,0,2000,0,2000
2009/12/22,0,0,-14000,-14000
2009/12/23,0,0,-59000,-59000
2009/12/24,0,0,-25000,-25000
2009/12/25,0,0,0,0
2009/12/28,0,94000,-2000,92000
2009/12/29,0,20000,-3000,17000
2009/12/30,0,4000,0,4000
2009/12/31,0,89000,-2000,87000
2010/01/01,0,0,0,0
2010/01/04,0,3000,-59000,-56000
2010/01/05,0,21000,-71000,-50000
2010/01/06,0,429000,-9000,420000
2010/01/07,0,434000,-1000,433000
2010/01/08,0,250000,-36000,214000
2010/01/11,0,16000,-115000,-99000
2010/01/12,0,85000,-5000,80000
2010/01/13,0,179000,-6000,173000
2010/01/14,0,131000,0,131000
2010/01/15,0,0,-58000,-58000
2010/01/18,0,17000,-30000,-13000
2010/01/19,0,117000,-108000,9000
2010/01/20,0,1486,-74000,-72514
2010/01/21,0,46000,-141000,-95000
2010/01/22,0,6000,-28000,-22000
2010/01/25,0,69000,-147000,-78000
2010/01/26,0,0,-283000,-283000
2010/01/27,0,0,-22000,-22000
2010/01/28,0,34000,-21000,13000
2010/01/29,0,7000,-64000,-57000
2010/02/01,0,0,-241000,-241000
2010/02/02,0,0,-95000,-95000
2010/02/03,0,20000,-4000,16000
2010/02/04,0,0,0,0
2010/02/05,0,242000,-16000,226000
2010/02/08,0,6000,-2000,4000
2010/02/09,0,54000,-43000,11000
2010/02/10,0,0,-16000,-16000
2010/02/11,0,0,0,0
2010/02/12,0,0,0,0
2010/02/15,0,0,0,0
2010/02/16,0,0,0,0
2010/02/17,0,0,0,0
2010/02/18,0,0,0,0
2010/02/19,0,0,0,0
2010/02/22,0,180000,0,180000
2010/02/23,0,7000,-14000,-7000
2010/02/24,0,6000,-53000,-47000
2010/02/25,0,10000,-19000,-9000
2010/02/26,0,16000,-1000,15000
2010/03/01,0,42000,0,42000
2010/03/02,0,4000,0,4000
2010/03/03,0,1000,0,1000
2010/03/04,0,0,-75000,-75000
2010/03/05,0,25000,-5000,20000
2010/03/08,0,99000,0,99000
2010/03/09,0,0,0,0
2010/03/10,0,28000,-2000,26000
2010/03/11,0,40000,0,40000
2010/03/12,0,38000,0,38000
2010/03/15,0,27000,-24000,3000
2010/03/16,0,16000,0,16000
2010/03/17,0,268000,-27000,241000
2010/03/18,0,119000,-39000,80000
2010/03/19,0,3000,0,3000
2010/03/22,0,56000,-52000,4000
2010/03/23,0,12000,-1000,11000
2010/03/24,0,35000,-6000,29000
2010/03/25,0,248000,-15000,233000
2010/03/26,0,117000,-6000,111000
2010/03/29,0,49000,-82000,-33000
2010/03/30,0,0,0,0
2010/03/31,0,0,0,0
2010/04/01,0,120000,0,120000
2010/04/02,0,0,-50,-50
2010/04/05,0,0,0,0
2010/04/06,0,71000,0,71000
2010/04/07,0,6000,-5000,1000
2010/04/08,0,49000,-18000,31000
2010/04/09,0,9000,0,9000
2010/04/12,0,250,-104000,-103750
2010/04/13,0,118000,-37000,81000
2010/04/14,0,50000,-2000,48000
2010/04/15,0,166000,-44000,122000
2010/04/16,0,130000,-24000,106000
2010/04/19,0,66000,-7000,59000
2010/04/20,0,29000,-337000,-308000
2010/04/21,0,37000,-111000,-74000
2010/04/22,0,0,-68000,-68000
2010/04/23,0,0,-162000,-162000
2010/04/26,0,225000,-36000,189000
2010/04/27,0,2000,0,2000
2010/04/28,0,0,-51000,-51000
2010/04/29,0,0,-34000,-34000
2010/04/30,0,22000,-3000,19000
2010/05/03,0,0,-5000,-5000
2010/05/04,0,2000,-4000,-2000
2010/05/05,0,0,-77000,-77000
2010/05/06,0,0,-122000,-122000
2010/05/07,0,21000,-3000,18000
2010/05/10,0,78000,-152000,-74000
2010/05/11,0,124000,-250521,-126521
2010/05/12,0,57000,-38000,19000
2010/05/13,0,22000,0,22000
2010/05/14,0,138000,-73000,65000
2010/05/17,0,13000,-245000,-232000
2010/05/18,0,85000,0,85000
2010/05/19,0,182000,-30000,152000
2010/05/20,0,0,-85000,-85000
2010/05/21,0,9000,-25000,-16000
2010/05/24,0,0,-2000,-2000
2010/05/25,0,56000,-61000,-5000
2010/05/26,0,139000,-32000,107000
2010/05/27,0,33000,-12000,21000
2010/05/28,0,49000,-44000,5000
2010/05/31,0,27000,0,27000
2010/06/01,0,0,-109000,-109000
2010/06/02,0,6000,0,6000
2010/06/03,0,0,0,0
2010/06/04,0,49000,0,49000
2010/06/07,0,0,-13000,-13000
2010/06/08,0,0,-56000,-56000
2010/06/09,0,1000,-157000,-156000
2010/06/10,0,0,0,0
2010/06/11,0,14000,0,14000
2010/06/14,0,12000,0,12000
2010/06/15,0,268000,-82000,186000
2010/06/16,0,0,0,0
2010/06/17,0,409000,0,409000
2010/06/18,0,0,-15000,-15000
2010/06/21,0,36000,-157000,-121000
2010/06/22,0,69000,-5000,64000
2010/06/23,0,276000,-42000,234000
2010/06/24,0,20000,-38475,-18475
2010/06/25,0,52000,0,52000
2010/06/28,0,0,-28000,-28000
2010/06/29,0,7000,-250000,-243000
2010/06/30,0,25000,-2000,23000
2010/07/01,0,81000,-1000,80000
2010/07/02,0,2000,-729000,-727000
2010/07/05,0,142000,-7000,135000
2010/07/06,0,7000,-77000,-70000
2010/07/07,0,0,-209000,-209000
2010/07/08,0,87000,-200000,-113000
2010/07/09,0,0,0,0
2010/07/12,0,0,-366000,-366000
2010/07/13,0,0,0,0
2010/07/14,0,0,0,0
2010/07/15,0,2227000,0,2227000
2010/07/16,0,424000,-110000,314000
2010/07/19,0,150000,-202000,-52000
2010/07/20,0,397000,0,397000
2010/07/21,0,31000,-5000,26000
2010/07/22,0,28000,-5000,23000
2010/07/23,0,28000,-95431,-67431
2010/07/26,0,22000,0,22000
2010/07/27,0,0,0,0
2010/07/28,0,10000,0,10000
2010/07/29,0,61000,-7000,54000
2010/07/30,0,0,-37000,-37000
2010/08/02,0,540000,0,540000
2010/08/03,0,139000,0,139000
2010/08/04,0,211000,-3000,208000
2010/08/05,0,50000,-10000,40000
2010/08/06,0,4000,0,4000
2010/08/09,0,215000,-950000,-735000
2010/08/10,0,0,-1259000,-1259000
2010/08/11,0,16000,-578000,-562000
2010/08/12,0,0,-514000,-514000
2010/08/13,0,0,-288000,-288000
2010/08/16,0,3000,-1000,2000
2010/08/17,0,36000,-50000,-14000
2010/08/18,0,3000,-272000,-269000
2010/08/19,0,1000,-30000,-29000
2010/08/20,0,0,-152506,-152506
2010/08/23,0,49000,-2000,47000
2010/08/24,0,9000,-22000,-13000
2010/08/25,0,0,-332000,-332000
2010/08/26,0,0,-16000,-16000
2010/08/27,0,0,-41000,-41000
2010/08/30,0,2000,-16000,-14000
2010/08/31,0,0,-54000,-54000
2010/09/01,0,3000,-25044,-22044
2010/09/02,0,0,-55000,-55000
2010/09/03,0,2000,-26000,-24000
2010/09/06,0,6000,0,6000
2010/09/07,0,0,-20000,-20000
2010/09/08,0,47000,-7000,40000
2010/09/09,0,3000,0,3000
2010/09/10,0,6000,0,6000
2010/09/13,0,29000,0,29000
2010/09/14,0,0,0,0
2010/09/15,0,1000,-2000,-1000
2010/09/16,0,3000,-6000,-3000
2010/09/17,0,53000,0,53000
2010/09/20,0,0,-18000,-18000
2010/09/21,0,0,0,0
2010/09/22,0,0,0,0
2010/09/23,0,23000,-140,22860
2010/09/24,0,16000,0,16000
2010/09/27,0,0,-9000,-9000
2010/09/28,0,0,-1000,-1000
2010/09/29,0,4000,-2000,2000
2010/09/30,0,5000,-14000,-9000
2010/10/01,0,0,0,0
2010/10/04,0,1000,-4000,-3000
2010/10/05,0,3000,-6000,-3000
2010/10/06,0,23000,-9000,14000
2010/10/07,0,3000,-7495,-4495
2010/10/08,0,102000,-2000,100000
2010/10/11,0,21000,-134000,-113000
2010/10/12,0,0,-37000,-37000
2010/10/13,0,11000,-29000,-18000
2010/10/14,0,56000,0,56000
2010/10/15,0,56000,-11000,45000
2010/10/18,0,5000,-17000,-12000
2010/10/19,0,0,-17000,-17000
2010/10/20,0,56000,-8000,48000
2010/10/21,0,0,-8000,-8000
2010/10/22,0,0,-44000,-44000
2010/10/25,0,27000,-3000,24000
2010/10/26,0,10000,-2000,8000
2010/10/27,0,0,-67000,-67000
2010/10/28,0,19000,-19000,0
2010/10/29,0,175000,-23000,152000
2010/11/01,0,269000,-142000,127000
2010/11/02,0,57000,-81000,-24000
2010/11/03,0,11000,-19000,-8000
2010/11/04,0,13000,0,13000
2010/11/05,0,76000,-10000,66000
2010/11/08,0,34000,-21000,13000
2010/11/09,0,80000,0,80000
2010/11/10,0,10000,0,10000
2010/11/11,0,6000,0,6000
2010/11/12,0,45000,-49000,-4000
2010/11/15,0,6000,-18000,-12000
2010/11/16,0,229000,-65000,164000
2010/11/17,0,0,0,0
2010/11/18,0,47000,0,47000
2010/11/19,0,35000,-25000,10000
2010/11/22,0,13000,-48000,-35000
2010/11/23,0,36000,-14000,22000
2010/11/24,0,29000,-16000,13000
2010/11/25,0,3000,-6000,-3000
2010/11/26,0,26000,0,26000
2010/11/29,0,30000,-34000,-4000
2010/11/30,0,10000,-56000,-46000
2010/12/01,0,7000,-23000,-16000
2010/12/02,0,12000,-5000,7000
2010/12/03,0,43000,-11000,32000
2010/12/06,0,29000,-15000,14000
2010/12/07,0,72000,-49000,23000
2010/12/08,0,0,-155000,-155000
2010/12/09,0,100000,-40000,60000
2010/12/10,0,8000,0,8000
2010/12/13,0,139000,-38000,101000
2010/12/14,0,58000,-145000,-87000
2010/12/15,0,8000,-38000,-30000
2010/12/16,0,0,-50000,-50000
2010/12/17,0,0,-8000,-8000
2010/12/20,0,0,-14000,-14000
2010/12/21,0,7000,-13000,-6000
2010/12/22,0,123000,-69000,54000
2010/12/23,0,0,-10000,-10000
2010/12/24,0,0,0,0
2010/12/27,0,22000,-36000,-14000
2010/12/28,0,0,-121000,-121000
2010/12/29,0,14000,-16000,-2000
2010/12/30,0,170000,-4000,166000
2010/12/31,0,20000,-25000,-5000
2011/01/03,0,72000,-42000,30000
2011/01/04,0,34000,-92000,-58000
2011/01/05,0,31000,-68000,-37000
2011/01/06,0,72000,-83000,-11000
2011/01/07,0,46000,-46000,0
2011/01/10,0,76000,-9000,67000
2011/01/11,0,82000,-47000,35000
2011/01/12,0,66000,-15000,51000
2011/01/13,0,16000,-86000,-70000
2011/01/14,0,0,-82000,-82000
2011/01/17,0,31000,-127000,-96000
2011/01/18,0,17000,-32000,-15000
2011/01/19,0,8000,-63000,-55000
2011/01/20,0,9000,-21000,-12000
2011/01/21,0,1000,-20000,-19000
2011/01/24,0,6000,-65000,-59000
2011/01/25,0,23000,-81000,-58000
2011/01/26,0,58000,-7000,51000
2011/01/27,0,0,-23000,-23000
2011/01/28,0,36000,0,36000
2011/01/31,0,0,0,0
2011/02/01,0,0,0,0
2011/02/02,0,0,0,0
2011/02/03,0,0,0,0
2011/02/04,0,0,0,0
2011/02/07,0,0,0,0
2011/02/08,0,36000,-9000,27000
2011/02/09,0,50000,0,50000
2011/02/10,0,15000,-47000,-32000
2011/02/11,0,27000,-58000,-31000
2011/02/14,0,25000,-17000,8000
2011/02/15,0,213000,-125000,88000
2011/02/16,0,76000,-248000,-172000
2011/02/17,0,33000,-65000,-32000
2011/02/18,0,108000,-1000,107000
2011/02/21,0,47000,-35000,12000
2011/02/22,0,3000,-77000,-74000
2011/02/23,0,0,-24000,-24000
2011/02/24,0,2000,-42000,-40000
2011/02/25,0,8000,-18000,-10000
2011/02/28,0,0,0,0
2011/03/01,0,12000,0,12000
2011/03/02,0,0,-40000,-40000
2011/03/03,0,12000,0,12000
2011/03/04,0,0,-8000,-8000
2011/03/07,0,39000,-31000,8000
2011/03/08,0,53000,-1000,52000
2011/03/09,0,17000,-1000,16000
2011/03/10,0,1000,-12000,-11000
2011/03/11,0,8000,-46000,-38000
2011/03/14,0,7000,-91000,-84000
2011/03/15,0,55000,-24000,31000
2011/03/16,0,102000,-4000,98000
2011/03/17,0,9000,-21000,-12000
2011/03/18,0,4000,-112000,-108000
2011/03/21,0,10000,-45000,-35000
2011/03/22,0,0,-28000,-28000
2011/03/23,0,44000,-1000,43000
2011/03/24,0,27000,-10000,17000
2011/03/25,0,54000,-9000,45000
2011/03/28,0,73000,0,73000
2011/03/29,0,13000,0,13000
2011/03/30,0,0,-41000,-41000
2011/03/31,0,0,-43000,-43000
2011/04/01,0,79000,-7000,72000
2011/04/04,0,0,0,0
2011/04/05,0,0,0,0
2011/04/06,0,55000,-24000,31000
2011/04/07,0,87000,-10000,77000
2011/04/08,0,156000,-4000,152000
2011/04/11,0,9000,-87000,-78000
2011/04/12,0,97000,-27000,70000
2011/04/13,0,84000,-45000,39000
2011/04/14,0,38000,-14000,24000
2011/04/15,0,0,-26000,-26000
2011/04/18,0,5000,-23000,-18000
2011/04/19,0,12000,-48000,-36000
2011/04/20,0,114000,-22000,92000
2011/04/21,0,50000,-33000,17000
2011/04/22,0,15000,-4000,11000
2011/04/25,0,112000,-58000,54000
2011/04/26,0,8000,-1000,7000
2011/04/27,0,107000,-5000,102000
2011/04/28,0,94000,-30000,64000
2011/04/29,0,1000,-100000,-99000
2011/05/02,0,0,0,0
2011/05/03,0,13000,-10000,3000
2011/05/04,0,23000,-20000,3000
2011/05/05,0,35000,-27000,8000
2011/05/06,0,4031,-9000,-4969
2011/05/09,0,23000,-17000,6000
2011/05/10,0,153000,-22000,131000
2011/05/11,0,101000,-42488,58512
2011/05/12,0,153000,-2000,151000
2011/05/13,0,103000,-7000,96000
2011/05/16,0,0,-16000,-16000
2011/05/17,0,1000,-2000,-1000
2011/05/18,0,61000,-2000,59000
2011/05/19,0,3000,-11760,-8760
2011/05/20,0,1000,-2000,-1000
2011/05/23,0,1000,-3000,-2000
2011/05/24,0,12000,0,12000
2011/05/25,0,4000,-11000,-7000
2011/05/26,0,2000,-163000,-161000
2011/05/27,0,0,-23000,-23000
2011/05/30,0,31000,-2000,29000
2011/05/31,0,100000,0,100000
2011/06/01,0,44000,0,44000
2011/06/02,0,0,0,0
2011/06/03,0,0,-8000,-8000
2011/06/06,0,0,0,0
2011/06/07,0,3000,-65000,-62000
2011/06/08,0,0,0,0
2011/06/09,0,0,0,0
2011/06/10,0,7000,0,7000
2011/06/13,0,30000,-95000,-65000
2011/06/14,0,3000,0,3000
2011/06/15,0,44000,-19000,25000
2011/06/16,0,2000,-157000,-155000
2011/06/17,0,0,-100000,-100000
2011/06/20,0,0,-20000,-20000
2011/06/21,0,108000,-6000,102000
2011/06/22,0,0,-4000,-4000
2011/06/23,0,0,-206000,-206000
2011/06/24,0,0,-57000,-57000
2011/06/27,0,0,-47000,-47000
2011/06/28,0,0,0,0
2011/06/29,0,13000,0,13000
2011/06/30,0,25000,-21000,4000
2011/07/01,0,0,0,0
2011/07/04,0,0,0,0
2011/07/05,0,0,-126504,-126504
2011/07/06,0,0,-42000,-42000
2011/07/07,0,4000,-19000,-15000
2011/07/08,0,0,-112000,-112000
2011/07/11,0,21000,0,21000
2011/07/12,0,0,-4000,-4000
2011/07/13,0,0,0,0
2011/07/14,0,0,-2000,-2000
2011/07/15,0,0,0,0
2011/07/18,0,0,0,0
2011/07/19,0,0,0,0
2011/07/20,0,0,-24000,-24000
2011/07/21,0,0,0,0
2011/07/22,0,0,0,0
2011/07/25,0,0,-21000,-21000
2011/07/26,0,0,-20000,-20000
2011/07/27,0,0,-46000,-46000
2011/07/28,0,0,-1000,-1000
2011/07/29,0,1000,0,1000
2011/08/01,0,5000,0,5000
2011/08/02,0,0,0,0
2011/08/03,0,0,-5000,-5000
2011/08/04,0,5000,-48000,-43000
2011/08/05,0,5000,0,5000
2011/08/08,0,5000,-6000,-1000
2011/08/09,0,0,0,0
2011/08/10,0,0,-20000,-20000
2011/08/11,0,0,-24000,-24000
2011/08/12,0,0,-7000,-7000
2011/08/15,0,0,-1000,-1000
2011/08/16,0,0,0,0
2011/08/17,0,0,0,0
2011/08/18,0,0,-4421,-4421
2011/08/19,0,0,0,0
2011/08/22,0,20000,0,20000
2011/08/23,0,10000,0,10000
2011/08/24,0,0,0,0
2011/08/25,0,34000,0,34000
2011/08/26,0,0,0,0
2011/08/29,0,1000,0,1000
2011/08/30,0,0,0,0
2011/08/31,0,0,0,0
2011/09/01,0,1000,0,1000
2011/09/02,0,0,0,0
2011/09/05,0,0,-35000,-35000
2011/09/06,0,0,-2000,-2000
2011/09/07,0,0,0,0
2011/09/08,0,0,-35000,-35000
2011/09/09,0,14000,-2000,12000
2011/09/12,0,0,0,0
2011/09/13,0,0,-9000,-9000
2011/09/14,0,0,-6000,-6000
2011/09/15,0,6000,0,6000
2011/09/16,0,0,0,0
2011/09/19,0,28000,0,28000
2011/09/20,0,42000,-2000,40000
2011/09/21,0,30000,-8000,22000
2011/09/22,0,10000,0,10000
2011/09/23,0,28000,-28000,0
2011/09/26,0,15000,-1221,13779
2011/09/27,0,0,0,0
2011/09/28,0,13000,-21000,-8000
2011/09/29,0,5000,-6000,-1000
2011/09/30,0,0,-17000,-17000
2011/10/03,0,0,0,0
2011/10/04,0,0,0,0
2011/10/05,0,0,-407,-407
2011/10/06,0,6000,-2000,4000
2011/10/07,0,5000,0,5000
2011/10/10,0,0,0,0
2011/10/11,0,0,0,0
2011/10/12,0,0,0,0
2011/10/13,0,0,-8000,-8000
2011/10/14,0,0,0,0
2011/10/17,0,0,0,0
2011/10/18,0,0,-3206,-3206
2011/10/19,0,0,-11000,-11000
2011/10/20,0,0,0,0
2011/10/21,0,0,0,0
2011/10/24,0,17000,0,17000
2011/10/25,0,3000,0,3000
2011/10/26,0,23000,0,23000
2011/10/27,0,0,-3000,-3000
2011/10/28,0,52000,0,52000
2011/10/31,0,4000,0,4000
2011/11/01,0,20000,0,20000
2011/11/02,0,1000,-2000,-1000
2011/11/03,0,0,-3000,-3000
2011/11/04,0,66000,0,66000
2011/11/07,0,0,0,0
2011/11/08,0,0,-3000,-3000
2011/11/09,0,0,0,0
2011/11/10,0,0,-4000,-4000
2011/11/11,0,0,-11000,-11000
2011/11/14,0,0,0,0
2011/11/15,0,6000,0,6000
2011/11/16,0,0,-5000,-5000
2011/11/17,0,5000,-12000,-7000
2011/11/18,0,0,-8000,-8000
2011/11/21,0,5000,-270,4730
2011/11/22,0,8000,0,8000
2011/11/23,0,0,-12000,-12000
2011/11/24,0,4000,0,4000
2011/11/25,0,2000,-34000,-32000
2011/11/28,0,5000,-21000,-16000
2011/11/29,0,0,-17000,-17000
2011/11/30,0,0,-60000,-60000
2011/12/01,0,11000,0,11000
2011/12/02,0,18000,0,18000
2011/12/05,0,3000,0,3000
2011/12/06,0,0,-5000,-5000
2011/12/07,0,13000,-1000,12000
2011/12/08,0,0,-7000,-7000
2011/12/09,0,0,-27000,-27000
2011/12/12,0,0,0,0
2011/12/13,0,0,-20000,-20000
2011/12/14,0,0,0,0
2011/12/15,0,0,0,0
2011/12/16,0,0,-2000,-2000
2011/12/19,0,10000,0,10000
2011/12/20,0,0,0,0
2011/12/21,0,0,0,0
2011/12/22,0,0,0,0
2011/12/23,0,0,-1000,-1000
2011/12/26,0,0,-1000,-1000
2011/12/27,0,16000,0,16000
2011/12/28,0,43000,-1000,42000
2011/12/29,0,80000,0,80000
2011/12/30,0,26000,-11000,15000
2012/01/02,0,0,0,0
2012/01/03,0,17000,0,17000
2012/01/04,0,0,-9000,-9000
2012/01/05,0,0,-9000,-9000
2012/01/06,0,0,-9000,-9000
2012/01/09,0,0,-1463,-1463
2012/01/10,0,4000,0,4000
2012/01/11,0,0,0,0
2012/01/12,0,8000,-2000,6000
2012/01/13,0,0,-3000,-3000
2012/01/16,0,0,-39000,-39000
2012/01/17,0,0,-2000,-2000
2012/01/18,0,21000,-2000,19000
2012/01/19,0,0,0,0
2012/01/20,0,0,0,0
2012/01/23,0,0,0,0
2012/01/24,0,0,0,0
2012/01/25,0,0,0,0
2012/01/26,0,0,0,0
2012/01/27,0,0,0,0
2012/01/30,0,1000,0,1000
2012/01/31,0,6000,0,6000
2012/02/01,0,5000,-8000,-3000
2012/02/02,0,5000,-9000,-4000
2012/02/03,0,24000,-31000,-7000
2012/02/06,0,47000,-5000,42000
2012/02/07,0,4000,0,4000
2012/02/08,0,32000,0,32000
2012/02/09,0,1000,-29000,-28000
2012/02/10,0,0,-4000,-4000
2012/02/13,0,74000,0,74000
2012/02/14,0,8000,-40000,-32000
2012/02/15,0,18000,-5000,13000
2012/02/16,0,53000,-6000,47000
2012/02/17,0,62000,0,62000
2012/02/20,0,0,0,0
2012/02/21,0,0,-67000,-67000
2012/02/22,0,27000,0,27000
2012/02/23,0,5000,-25000,-20000
2012/02/24,0,0,-23000,-23000
2012/02/27,0,0,0,0
2012/02/28,0,0,0,0
2012/02/29,0,85000,0,85000
2012/03/01,0,47000,0,47000
2012/03/02,0,0,0,0
2012/03/05,0,0,-37000,-37000
2012/03/06,0,66000,0,66000
2012/03/07,0,12000,-29000,-17000
2012/03/08,0,12000,-77000,-65000
2012/03/09,0,8000,-13000,-5000
2012/03/12,0,1000,-25000,-24000
2012/03/13,0,72000,0,72000
2012/03/14,0,75000,0,75000
2012/03/15,0,4000,-32000,-28000
2012/03/16,0,0,-6000,-6000
2012/03/19,0,0,-38000,-38000
2012/03/20,0,15000,-41000,-26000
2012/03/21,0,14000,0,14000
2012/03/22,0,36000,0,36000
2012/03/23,0,15000,0,15000
2012/03/26,0,0,-50000,-50000
2012/03/27,0,0,-10000,-10000
2012/03/28,0,0,-12000,-12000
2012/03/29,0,0,-2567,-2567
2012/03/30,0,5000,0,5000
2012/04/02,0,0,-56000,-56000
2012/04/03,0,66000,0,66000
2012/04/04,0,0,0,0
2012/04/05,0,27000,-10000,17000
2012/04/06,0,0,-79000,-79000
2012/04/09,0,1000,-23000,-22000
2012/04/10,0,0,-26000,-26000
2012/04/11,0,0,-8000,-8000
2012/04/12,0,0,-76000,-76000
2012/04/13,0,0,-35000,-35000
2012/04/16,0,0,-6000,-6000
2012/04/17,0,4000,-8000,-4000
2012/04/18,0,0,0,0
2012/04/19,0,5000,0,5000
2012/04/20,0,0,-4000,-4000
2012/04/23,0,7000,-4000,3000
2012/04/24,0,1000,-1000,0
2012/04/25,0,1000,-5000,-4000
2012/04/26,0,4,-23000,-22996
2012/04/27,0,0,-13932,-13932
2012/04/30,0,16000,-11000,5000
2012/05/01,0,0,0,0
2012/05/02,0,15000,0,15000
2012/05/03,0,0,0,0
2012/05/04,0,0,0,0
2012/05/07,0,0,-3000,-3000
2012/05/08,0,0,-264,-264
2012/05/09,0,0,-13000,-13000
2012/05/10,0,0,-4000,-4000
2012/05/11,0,0,-2000,-2000
2012/05/14,0,0,-5000,-5000
2012/05/15,0,0,0,0
2012/05/16,0,0,-2000,-2000
2012/05/17,0,0,-4000,-4000
2012/05/18,0,0,-8000,-8000
2012/05/21,0,0,0,0
2012/05/22,0,0,-12000,-12000
2012/05/23,0,0,-10000,-10000
2012/05/24,0,0,-2000,-2000
2012/05/25,0,0,-9000,-9000
2012/05/28,0,3000,-3000,0
2012/05/29,0,0,0,0
2012/05/30,0,0,0,0
2012/05/31,0,0,-6000,-6000
2012/06/01,0,0,-2000,-2000
2012/06/04,0,6000,0,6000
2012/06/05,0,0,-4000,-4000
2012/06/06,0,0,-2000,-2000
2012/06/07,0,0,0,0
2012/06/08,0,0,-6842,-6842
2012/06/11,0,1000,-1000,0
2012/06/12,0,0,-1000,-1000
2012/06/13,0,0,-1000,-1000
2012/06/14,0,1000,0,1000
2012/06/15,0,40000,0,40000
2012/06/18,0,6000,-17000,-11000
2012/06/19,0,9000,0,9000
2012/06/20,0,10000,0,10000
2012/06/21,0,0,-2000,-2000
2012/06/22,0,0,-27000,-27000
2012/06/25,0,0,-30000,-30000
2012/06/26,0,0,-3000,-3000
2012/06/27,0,0,0,0
2012/06/28,0,0,0,0
2012/06/29,0,0,-6000,-6000
2012/07/02,0,0,-6000,-6000
2012/07/03,0,4000,0,4000
2012/07/04,0,7000,-1000,6000
2012/07/05,0,6000,-4000,2000
2012/07/06,0,1000,-18000,-17000
2012/07/09,0,0,0,0
2012/07/10,0,2000,0,2000
2012/07/11,0,1000,0,1000
2012/07/12,0,0,-7000,-7000
2012/07/13,0,2000,0,2000
2012/07/16,0,0,-1000,-1000
2012/07/17,0,2000,-1000,1000
2012/07/18,0,1000,-5000,-4000
2012/07/19,0,2000,0,2000
2012/07/20,0,2000,0,2000
2012/07/23,0,8000,-4000,4000
2012/07/24,0,0,0,0
2012/07/25,0,0,-4000,-4000
2012/07/26,0,7000,-2000,5000
2012/07/27,0,0,0,0
2012/07/30,0,0,-5000,-5000
2012/07/31,0,36000,-2000,34000
2012/08/01,0,0,-1000,-1000
2012/08/02,0,0,0,0
2012/08/03,0,35000,-11000,24000
2012/08/06,0,44000,0,44000
2012/08/07,0,0,-5000,-5000
2012/08/08,0,9000,0,9000
2012/08/09,0,57000,0,57000
2012/08/10,0,66000,0,66000
2012/08/13,0,21000,-5000,16000
2012/08/14,0,105000,0,105000
2012/08/15,0,3000,0,3000
2012/08/16,0,2000,0,2000
2012/08/17,0,114000,0,114000
2012/08/20,0,0,-8000,-8000
2012/08/21,0,40000,0,40000
2012/08/22,0,1000,-24000,-23000
2012/08/23,0,2000,0,2000
2012/08/24,0,1000,0,1000
2012/08/27,0,23000,-8000,15000
2012/08/28,0,2000,-12000,-10000
2012/08/29,0,0,-1000,-1000
2012/08/30,0,38000,-60000,-22000
2012/08/31,0,0,-100000,-100000
2012/09/03,0,120000,0,120000
2012/09/04,0,0,-16000,-16000
2012/09/05,0,18000,-129000,-111000
2012/09/06,0,0,-18000,-18000
2012/09/07,0,0,-6000,-6000
2012/09/10,0,7000,-8000,-1000
2012/09/11,0,0,-2000,-2000
2012/09/12,0,34000,-5000,29000
2012/09/13,0,11000,0,11000
2012/09/14,0,44000,0,44000
2012/09/17,0,0,0,0
2012/09/18,0,0,0,0
2012/09/19,0,14000,0,14000
2012/09/20,0,16000,-1000,15000
2012/09/21,0,0,0,0
2012/09/24,0,1000,-32000,-31000
2012/09/25,0,1000,0,1000
2012/09/26,0,11000,-17000,-6000
2012/09/27,0,17000,0,17000
2012/09/28,0,1000,0,1000
2012/10/01,0,9000,0,9000
2012/10/02,0,10000,0,10000
2012/10/03,0,0,0,0
2012/10/04,0,40000,0,40000
2012/10/05,0,19000,0,19000
2012/10/08,0,0,-21000,-21000
2012/10/09,0,15000,0,15000
2012/10/10,0,0,0,0
2012/10/11,0,0,-7000,-7000
2012/10/12,0,0,-37000,-37000
2012/10/15,0,0,-24000,-24000
2012/10/16,0,0,-24000,-24000
2012/10/17,0,0,-6000,-6000
2012/10/18,0,0,0,0
2012/10/19,0,0,-16000,-16000
2012/10/22,0,0,-16000,-16000
2012/10/23,0,0,-113000,-113000
2012/10/24,0,5000,0,5000
2012/10/25,0,0,-9000,-9000
2012/10/26,0,8000,0,8000
2012/10/29,0,0,-8000,-8000
2012/10/30,0,16000,-3000,13000
2012/10/31,0,0,-5000,-5000
2012/11/01,0,0,0,0
2012/11/02,0,0,0,0
2012/11/05,0,28000,-6000,22000
2012/11/06,0,8000,0,8000
2012/11/07,0,0,-19000,-19000
2012/11/08,0,0,-53000,-53000
2012/11/09,0,0,-6000,-6000
2012/11/12,0,0,0,0
2012/11/13,0,0,-4000,-4000
2012/11/14,0,0,0,0
2012/11/15,0,0,-1000,-1000
2012/11/16,0,0,-27000,-27000
2012/11/19,0,0,0,0
2012/11/20,0,0,0,0
2012/11/21,0,0,-12000,-12000
2012/11/22,0,0,0,0
2012/11/23,0,0,0,0
2012/11/26,0,0,-13000,-13000
2012/11/27,0,0,-1000,-1000
2012/11/28,0,6000,0,6000
2012/11/29,0,50000,0,50000
2012/11/30,0,44000,0,44000
2012/12/03,0,40000,-14000,26000
2012/12/04,0,28000,0,28000
2012/12/05,0,132000,0,132000
2012/12/06,0,39000,-1000,38000
2012/12/07,0,14000,0,14000
2012/12/10,0,0,-6000,-6000
2012/12/11,0,31000,0,31000
2012/12/12,0,57000,0,57000
2012/12/13,0,0,-17000,-17000
2012/12/14,0,5000,-16000,-11000
2012/12/17,0,0,-1000,-1000
2012/12/18,0,0,0,0
2012/12/19,0,0,0,0
2012/12/20,0,0,-58000,-58000
2012/12/21,0,10000,-64000,-54000
2012/12/24,0,19000,-16000,3000
2012/12/25,0,72000,0,72000
2012/12/26,0,0,0,0
2012/12/27,0,0,-38000,-38000
2012/12/28,0,5000,-5000,0
2012/12/31,0,0,0,0
2013/01/01,0,0,0,0
2013/01/02,0,0,-9000,-9000
2013/01/03,0,0,-5000,-5000
2013/01/04,0,0,-43000,-43000
2013/01/07,0,0,-39000,-39000
2013/01/08,0,0,-28000,-28000
2013/01/09,0,2000,-12000,-10000
2013/01/10,0,41000,-29000,12000
2013/01/11,0,0,-1000,-1000
2013/01/14,0,0,-88000,-88000
2013/01/15,0,0,-40000,-40000
2013/01/16,0,7000,-31000,-24000
2013/01/17,0,0,-29000,-29000
2013/01/18,0,3000,-2000,1000
2013/01/21,0,2000,-5000,-3000
2013/01/22,0,0,-9000,-9000
2013/01/23,0,0,-2000,-2000
2013/01/24,0,0,-4000,-4000
2013/01/25,0,0,-19000,-19000
2013/01/28,0,0,0,0
2013/01/29,0,20000,-5000,15000
2013/01/30,0,6000,-7000,-1000
2013/01/31,0,0,0,0
2013/02/01,0,12000,0,12000
2013/02/04,0,12000,0,12000
2013/02/05,0,9000,0,9000
2013/02/06,0,21000,0,21000
2013/02/07,0,0,0,0
2013/02/08,0,0,0,0
2013/02/11,0,0,0,0
2013/02/12,0,0,0,0
2013/02/13,0,0,0,0
2013/02/14,0,0,0,0
2013/02/15,0,0,0,0
2013/02/18,0,4000,0,4000
2013/02/19,0,25000,0,25000
2013/02/20,0,5000,0,5000
2013/02/21,0,0,0,0
2013/02/22,0,17000,0,17000
2013/02/25,0,15000,0,15000
2013/02/26,0,40000,0,40000
2013/02/27,0,0,0,0
2013/02/28,0,0,0,0
2013/03/01,0,0,-56000,-56000
2013/03/04,0,0,-13000,-13000
2013/03/05,0,0,-1000,-1000
2013/03/06,0,0,0,0
2013/03/07,0,0,-14000,-14000
2013/03/08,0,20000,0,20000
2013/03/11,0,40000,-1000,39000
2013/03/12,0,0,-4000,-4000
2013/03/13,0,0,-17000,-17000
2013/03/14,0,0,-20000,-20000
2013/03/15,0,10000,-58000,-48000
2013/03/18,0,0,-14000,-14000
2013/03/19,0,0,-8000,-8000
2013/03/20,0,0,-88000,-88000
2013/03/21,0,10000,0,10000
2013/03/22,0,0,0,0
2013/03/25,0,9000,0,9000
2013/03/26,0,1000,-4000,-3000
2013/03/27,0,1000,-8000,-7000
2013/03/28,0,10000,0,10000
2013/03/29,0,0,0,0
2013/04/01,0,1000,0,1000
2013/04/02,0,0,-1000,-1000
2013/04/03,0,0,-2000,-2000
2013/04/04,0,0,0,0
2013/04/05,0,0,0,0
2013/04/08,0,0,-22000,-22000
2013/04/09,0,0,-15000,-15000
2013/04/10,0,0,-8000,-8000
2013/04/11,0,0,-4000,-4000
2013/04/12,0,0,0,0
2013/04/15,0,0,0,0
2013/04/16,0,0,-1000,-1000
2013/04/17,0,0,-38000,-38000
2013/04/18,0,0,0,0
2013/04/19,0,0,0,0
2013/04/22,0,0,0,0
2013/04/23,0,0,-12000,-12000
2013/04/24,0,0,0,0
2013/04/25,0,0,-5000,-5000
2013/04/26,0,0,0,0
2013/04/29,0,0,0,0
2013/04/30,0,13000,0,13000
2013/05/01,0,0,0,0
2013/05/02,0,10000,0,10000
2013/05/03,0,0,0,0
2013/05/06,0,0,-2000,-2000
2013/05/07,0,0,0,0
2013/05/08,0,16000,0,16000
2013/05/09,0,5000,0,5000
2013/05/10,0,5000,0,5000
2013/05/13,0,0,0,0
2013/05/14,0,55000,0,55000
2013/05/15,0,5000,-8000,-3000
2013/05/16,0,81000,-3000,78000
2013/05/17,0,34000,0,34000
2013/05/20,0,0,0,0
2013/05/21,0,28000,0,28000
2013/05/22,0,6000,0,6000
2013/05/23,0,1000,-106000,-105000
2013/05/24,0,0,-7000,-7000
2013/05/27,0,6000,0,6000
2013/05/28,0,0,0,0
2013/05/29,0,0,0,0
2013/05/30,0,0,-40000,-40000
2013/05/31,0,0,-7000,-7000
2013/06/03,0,0,-14000,-14000
2013/06/04,0,0,-29000,-29000
2013/06/05,0,0,-7000,-7000
2013/06/06,0,6000,-14000,-8000
2013/06/07,0,0,0,0
2013/06/10,0,0,0,0
2013/06/11,0,0,0,0
2013/06/12,0,0,0,0
2013/06/13,0,0,-10000,-10000
2013/06/14,0,6000,0,6000
2013/06/17,0,0,0,0
2013/06/18,0,0,0,0
2013/06/19,0,0,0,0
2013/06/20,0,2000,0,2000
2013/06/21,0,17000,0,17000
2013/06/24,0,0,0,0
2013/06/25,0,29000,0,29000
2013/06/26,0,0,0,0
2013/06/27,0,34000,0,34000
2013/06/28,0,0,-19000,-19000
2013/07/01,0,0,-12000,-12000
2013/07/02,0,0,-13000,-13000
2013/07/03,0,0,0,0
2013/07/04,0,32000,0,32000
2013/07/05,0,82000,0,82000
2013/07/08,0,5000,-42000,-37000
2013/07/09,0,2000,0,2000
2013/07/10,0,16000,0,16000
2013/07/11,0,62000,0,62000
2013/07/12,0,0,-20000,-20000
2013/07/15,0,0,-19000,-19000
2013/07/16,0,29000,-15000,14000
2013/07/17,0,62000,-16000,46000
2013/07/18,0,5000,0,5000
2013/07/19,0,5000,-5000,0
2013/07/22,0,14000,0,14000
2013/07/23,0,16000,0,16000
2013/07/24,0,0,0,0
2013/07/25,0,13000,0,13000
2013/07/26,0,7000,-6000,1000
2013/07/29,0,0,0,0
2013/07/30,0,60000,0,60000
2013/07/31,0,38000,0,38000
2013/08/01,0,31000,0,31000
2013/08/02,0,14000,0,14000
2013/08/05,0,8000,-4000,4000
2013/08/06,0,3000,-37000,-34000
2013/08/07,0,0,-54000,-54000
2013/08/08,0,20000,-22000,-2000
2013/08/09,0,0,-114000,-114000
2013/08/12,0,0,-41000,-41000
2013/08/13,0,0,0,0
2013/08/14,0,0,-62000,-62000
2013/08/15,0,0,-12000,-12000
2013/08/16,0,0,-43000,-43000
2013/08/19,0,30000,-8000,22000
2013/08/20,0,0,-14000,-14000
2013/08/21,0,0,0,0
2013/08/22,0,0,-12000,-12000
2013/08/23,0,0,-25000,-25000
2013/08/26,0,0,0,0
2013/08/27,0,1000,0,1000
2013/08/28,0,2000,-3000,-1000
2013/08/29,0,8000,0,8000
2013/08/30,0,0,-28000,-28000
2013/09/02,0,20000,-1000,19000
2013/09/03,0,0,0,0
2013/09/04,0,20000,0,20000
2013/09/05,0,0,0,0
2013/09/06,0,0,-2000,-2000
2013/09/09,0,0,0,0
2013/09/10,0,0,-40000,-40000
2013/09/11,0,0,-8000,-8000
2013/09/12,0,11000,0,11000
2013/09/13,0,0,0,0
2013/09/16,0,27000,0,27000
2013/09/17,0,1000,0,1000
2013/09/18,0,0,-2000,-2000
2013/09/19,0,0,0,0
2013/09/20,0,0,0,0
2013/09/23,0,2000,0,2000
2013/09/24,0,0,-1000,-1000
2013/09/25,0,0,0,0
2013/09/26,0,0,0,0
2013/09/27,0,57000,-3000,54000
2013/09/30,0,0,0,0
2013/10/01,0,0,0,0
2013/10/02,0,0,0,0
2013/10/03,0,22000,0,22000
2013/10/04,0,18000,-35000,-17000
2013/10/07,0,0,-64000,-64000
2013/10/08,0,0,0,0
2013/10/09,0,20000,0,20000
2013/10/10,0,0,0,0
2013/10/11,0,0,0,0
2013/10/14,0,1000,-48000,-47000
2013/10/15,0,24000,0,24000
2013/10/16,0,0,0,0
2013/10/17,0,0,-12000,-12000
2013/10/18,0,0,0,0
2013/10/21,0,0,-11000,-11000
2013/10/22,0,0,0,0
2013/10/23,0,0,-4000,-4000
2013/10/24,0,10000,0,10000
2013/10/25,0,0,-3000,-3000
2013/10/28,0,0,0,0
2013/10/29,0,0,0,0
2013/10/30,0,0,0,0
2013/10/31,0,31000,-3000,28000
2013/11/01,0,0,-6000,-6000
2013/11/04,0,17000,-12000,5000
2013/11/05,0,17000,0,17000
2013/11/06,0,0,0,0
2013/11/07,0,0,-10000,-10000
2013/11/08,0,0,-49000,-49000
2013/11/11,0,0,-13000,-13000
2013/11/12,0,5000,0,5000
2013/11/13,0,0,0,0
2013/11/14,0,11000,0,11000
2013/11/15,0,2000,-16000,-14000
2013/11/18,0,0,-6000,-6000
2013/11/19,0,0,0,0
2013/11/20,0,0,0,0
2013/11/21,0,29000,-26000,3000
2013/11/22,0,0,0,0
2013/11/25,0,30000,0,30000
2013/11/26,0,0,-75000,-75000
2013/11/27,0,0,0,0
2013/11/28,0,32000,0,32000
2013/11/29,0,6000,-42000,-36000
2013/12/02,0,0,0,0
2013/12/03,0,61000,-1000,60000
2013/12/04,0,1000,0,1000
2013/12/05,0,29000,0,29000
2013/12/06,0,20000,0,20000
2013/12/09,0,36000,0,36000
2013/12/10,0,35000,0,35000
2013/12/11,0,17000,0,17000
2013/12/12,0,0,-85000,-85000
2013/12/13,0,0,0,0
2013/12/16,0,0,0,0
2013/12/17,0,0,0,0
2013/12/18,0,0,-1000,-1000
2013/12/19,0,0,0,0
2013/12/20,0,0,0,0
2013/12/23,0,1000,0,1000
2013/12/24,0,0,0,0
2013/12/25,0,0,0,0
2013/12/26,0,0,0,0
2013/12/27,0,0,0,0
2013/12/30,0,6000,0,6000
2013/12/31,0,1000,0,1000
2014/01/02,0,0,-1000,-1000
2014/01/03,0,0,-6000,-6000
2014/01/06,0,2000,0,2000
2014/01/07,0,10000,0,10000
2014/01/08,0,0,0,0
2014/01/09,0,0,0,0
2014/01/10,0,0,0,0
2014/01/13,0,0,0,0
2014/01/14,0,0,-12000,-12000
2014/01/15,0,0,0,0
2014/01/16,0,0,0,0
2014/01/17,0,0,0,0
2014/01/20,0,1000,0,1000
2014/01/21,0,0,0,0
2014/01/22,0,0,0,0
2014/01/23,0,0,0,0
2014/01/24,0,0,0,0
2014/01/27,0,1000,0,1000
2014/02/05,0,3000,-17000,-14000
2014/02/06,0,0,0,0
2014/02/07,0,0,-14000,-14000
2014/02/10,0,0,0,0
2014/02/11,0,0,0,0
2014/02/12,0,0,-2000,-2000
2014/02/13,0,0,-21000,-21000
2014/02/14,0,2000,0,2000
2014/02/17,0,1000,-1000,0
2014/02/18,0,10000,0,10000
2014/02/19,0,8000,0,8000
2014/02/20,0,0,-12000,-12000
2014/02/21,0,3000,0,3000
2014/02/24,0,0,0,0
2014/02/25,0,0,0,0
2014/02/26,0,0,0,0
2014/02/27,0,79000,0,79000
2014/03/03,0,0,-21000,-21000
2014/03/04,0,0,0,0
2014/03/05,0,0,0,0
2014/03/06,0,0,-10000,-10000
2014/03/07,0,0,-9000,-9000
2014/03/10,0,2000,0,2000
2014/03/11,0,11000,-2000,9000
2014/03/12,0,0,-5000,-5000
2014/03/13,0,0,-3000,-3000
2014/03/14,0,39000,0,39000
2014/03/17,0,0,0,0
2014/03/18,0,2000,0,2000
2014/03/19,0,15000,0,15000
2014/03/20,0,0,-6000,-6000
2014/03/21,0,0,-150000,-150000
2014/03/24,0,21000,-3000,18000
2014/03/25,0,0,-5000,-5000
2014/03/26,0,0,-36000,-36000
2014/03/27,0,0,0,0
2014/03/28,0,12000,0,12000
2014/03/31,0,0,-2000,-2000
2014/04/01,0,0,-5000,-5000
2014/04/02,0,0,0,0
2014/04/03,0,0,-2000,-2000
2014/04/07,0,0,0,0
2014/04/08,0,0,0,0
2014/04/09,0,0,-14000,-14000
2014/04/10,0,0,-8000,-8000
2014/04/11,0,53000,0,53000
2014/04/14,0,0,0,0
2014/04/15,0,0,-5000,-5000
2014/04/16,0,0,0,0
2014/04/17,0,0,-1000,-1000
2014/04/18,0,26000,-4000,22000
2014/04/21,0,0,-1000,-1000
2014/04/22,0,165000,0,165000
2014/04/23,0,200000,0,200000
2014/04/24,0,124000,-4000,120000
2014/04/25,0,0,0,0
2014/04/28,0,84000,0,84000
2014/04/29,0,30000,0,30000
2014/04/30,0,0,0,0
2014/05/02,0,0,0,0
2014/05/05,0,1000,0,1000
2014/05/06,0,0,-104000,-104000
2014/05/07,0,0,-7617,-7617
2014/05/08,0,0,-1000,-1000
2014/05/09,0,0,0,0
2014/05/12,0,30000,0,30000
2014/05/13,0,0,0,0
2014/05/14,0,132000,-30000,102000
2014/05/15,0,7000,-405000,-398000
2014/05/16,0,0,0,0
2014/05/19,0,10000,0,10000
2014/05/20,0,0,0,0
2014/05/21,0,0,0,0
2014/05/22,0,0,0,0
2014/05/23,0,46000,0,46000
2014/05/26,0,0,0,0
2014/05/27,0,0,0,0
2014/05/28,0,0,-33000,-33000
2014/05/29,0,2000,0,2000
2014/05/30,0,990000,-53000,937000
2014/06/03,0,0,-79,-79
2014/06/04,0,0,-5000,-5000
2014/06/05,0,0,-6000,-6000
2014/06/06,0,0,0,0
2014/06/09,0,0,0,0
2014/06/10,0,0,-97000,-97000
2014/06/11,0,486000,-97000,389000
2014/06/12,0,213000,-97000,116000
2014/06/13,0,300000,0,300000
2014/06/16,0,291000,0,291000
2014/06/17,0,228000,0,228000
2014/06/18,0,29000,0,29000
2014/06/19,0,0,0,0
2014/06/20,0,50000,0,50000
2014/06/23,0,117000,0,117000
2014/06/24,0,23000,0,23000
2014/06/25,0,215000,0,215000
2014/06/26,0,12000,0,12000
2014/06/27,0,1000,-700000,-699000
2014/06/30,0,0,0,0
2014/07/01,0,104000,-5000,99000
2014/07/02,0,4000,-1000,3000
2014/07/03,0,0,0,0
2014/07/04,0,0,-5000,-5000
2014/07/07,0,0,-1000,-1000
2014/07/08,0,1000,0,1000
2014/07/09,0,0,0,0
2014/07/10,0,11000,0,11000
2014/07/11,0,13000,0,13000
2014/07/14,0,102000,-10000,92000
2014/07/15,0,100000,-22000,78000
2014/07/16,0,0,-51000,-51000
2014/07/17,0,27000,0,27000
2014/07/18,0,0,0,0
2014/07/21,0,25000,0,25000
2014/07/22,0,160000,-13000,147000
2014/07/23,0,0,0,0
2014/07/24,0,100000,-3000,97000
2014/07/25,0,5000,0,5000
2014/07/28,0,30000,0,30000
2014/07/29,0,55000,-39000,16000
2014/07/30,0,31000,0,31000
2014/07/31,0,75000,-2000,73000
2014/08/01,0,5000,0,5000
2014/08/04,0,0,0,0
2014/08/05,0,0,-154000,-154000
2014/08/06,0,0,-8000,-8000
2014/08/07,0,0,-33000,-33000
2014/08/08,0,0,-17000,-17000
2014/08/11,0,0,0,0
2014/08/12,0,0,-86000,-86000
2014/08/13,0,0,-1000,-1000
2014/08/14,0,0,-64000,-64000
2014/08/15,0,40000,-12000,28000
2014/08/18,0,444000,-30000,414000
2014/08/19,0,300000,-2000,298000
2014/08/20,0,1433000,-2000,1431000
2014/08/21,0,1000,-150000,-149000
2014/08/22,0,858000,-150000,708000
2014/08/25,0,50000,-221000,-171000
2014/08/26,0,382000,-242000,140000
2014/08/27,0,3000,-924000,-921000
2014/08/28,0,295000,-340000,-45000
2014/08/29,0,1185000,-330000,855000
2014/09/01,0,1400000,-804000,596000
2014/09/02,0,197000,-2166000,-1969000
2014/09/03,0,82000,-75000,7000
2014/09/04,0,60000,-346000,-286000
2014/09/05,0,309000,-560000,-251000
2014/09/09,0,111000,-200000,-89000
2014/09/10,0,30000,-488000,-458000
2014/09/11,0,110000,-740000,-630000
2014/09/12,0,135000,-153000,-18000
2014/09/15,0,312000,-393000,-81000
2014/09/16,0,0,0,0
2014/09/17,0,115000,-105000,10000
2014/09/18,0,15000,-110000,-95000
2014/09/19,0,146000,-183,145817
2014/09/22,0,0,-19000,-19000
2014/09/23,0,11000,-15000,-4000
2014/09/24,0,0,-5000,-5000
2014/09/25,0,5000,-86000,-81000
2014/09/26,0,5000,-39000,-34000
2014/09/29,0,0,0,0
2014/09/30,0,27000,-15000,12000
2014/10/01,0,20000,-26000,-6000
2014/10/02,0,21000,-6000,15000
2014/10/03,0,46000,-28000,18000
2014/10/06,0,2000,-4000,-2000
2014/10/07,0,0,-11000,-11000
2014/10/08,0,140000,-10000,130000
2014/10/09,0,96000,-18000,78000
2014/10/13,0,42000,-205000,-163000
2014/10/14,0,0,-35000,-35000
2014/10/15,0,6000,-44000,-38000
2014/10/16,0,26000,-1243000,-1217000
2014/10/17,0,1000,-417000,-416000
2014/10/20,0,0,-521,-521
2014/10/21,0,127000,-161000,-34000
2014/10/22,0,0,0,0
2014/10/23,0,200000,0,200000
2014/10/24,0,5000,-205000,-200000
2014/10/27,0,0,-10000,-10000
2014/10/28,0,9000,-5000,4000
2014/10/29,0,47000,0,47000
2014/10/30,0,47000,-4000,43000
2014/10/31,0,5000,-7000,-2000
2014/11/03,0,0,0,0
2014/11/04,0,5000,0,5000
2014/11/05,0,418000,0,418000
2014/11/06,0,150000,-59000,91000
2014/11/07,0,1000,0,1000
2014/11/10,0,29000,-195000,-166000
2014/11/11,0,432000,-75000,357000
2014/11/12,0,115000,-12000,103000
2014/11/13,0,5000,-25000,-20000
2014/11/14,0,1417000,-587000,830000
2014/11/17,0,91000,-68000,23000
2014/11/18,0,16000,-90000,-74000
2014/11/19,0,3000,-241000,-238000
2014/11/20,0,51000,0,51000
2014/11/21,0,224000,-680000,-456000
2014/11/24,0,138000,-519000,-381000
2014/11/25,0,901000,-289000,612000
2014/11/26,0,40000,-385000,-345000
2014/11/27,0,57000,-41000,16000
2014/11/28,0,559000,-330000,229000
2014/12/01,0,99000,-210000,-111000
2014/12/02,0,413000,-129000,284000
2014/12/03,0,30000,-555000,-525000
2014/12/04,0,606000,-32000,574000
2014/12/05,0,107000,-489000,-382000
2014/12/08,0,516000,-143000,373000
2014/12/09,0,24000,-364000,-340000
2014/12/10,0,44000,-128000,-84000
2014/12/11,0,34000,-40000,-6000
2014/12/12,0,45000,-32000,13000
2014/12/15,0,472000,-24000,448000
2014/12/16,0,740000,-500000,240000
2014/12/17,0,101000,-506000,-405000
2014/12/18,0,696000,-218000,478000
2014/12/19,0,466000,-715000,-249000
2014/12/22,0,8000,-406000,-398000
2014/12/23,0,299000,-127000,172000
2014/12/24,0,48000,-213000,-165000
2014/12/25,0,381000,0,381000
2014/12/26,0,3000,-415000,-412000
2014/12/29,0,19000,-145000,-126000
2014/12/30,0,39000,-36000,3000
2014/12/31,0,25000,-89000,-64000
2015/01/01,0,0,0,0
2015/01/02,0,0,0,0
2015/01/05,0,10000,-125000,-115000
2015/01/06,0,675000,-6000,669000
2015/01/07,0,696000,-488000,208000
2015/01/08,0,606000,-257000,349000
2015/01/09,0,283000,-492000,-209000
2015/01/12,0,755000,-125000,630000
2015/01/13,0,429000,-577000,-148000
2015/01/14,0,421000,-249000,172000
2015/01/15,0,229000,-534000,-305000
2015/01/16,0,1296000,-369035,926965
2015/01/19,0,523000,-927000,-404000
2015/01/20,0,347000,-198000,149000
2015/01/21,0,105000,-135000,-30000
2015/01/22,0,98000,-758000,-660000
2015/01/23,0,222000,-195000,27000
2015/01/26,0,168000,-29000,139000
2015/01/27,0,40000,-30000,10000
2015/01/28,0,72000,-536000,-464000
2015/01/29,0,140000,-407000,-267000
2015/01/30,0,88000,-88000,0
2015/02/02,0,28000,-296000,-268000
2015/02/03,0,118000,-52000,66000
2015/02/04,0,298000,-145000,153000
2015/02/05,0,30000,-108000,-78000
2015/02/06,0,91000,-146000,-55000
2015/02/09,0,245000,-103000,142000
2015/02/10,0,325000,-154000,171000
2015/02/11,0,247000,-93000,154000
2015/02/12,0,207000,-330000,-123000
2015/02/13,0,286000,-138000,148000
2015/02/16,0,0,0,0
2015/02/17,0,0,0,0
2015/02/18,0,0,0,0
2015/02/19,0,0,0,0
2015/02/20,0,0,0,0
2015/02/23,0,0,0,0
2015/02/24,0,1227000,-658000,569000
2015/02/25,0,378000,-413000,-35000
2015/02/26,0,264000,-1181000,-917000
2015/02/27,0,0,0,0
2015/03/02,0,1057000,-712000,345000
2015/03/03,0,51000,-303000,-252000
2015/03/04,0,5000,-66000,-61000
2015/03/05,0,66000,-243000,-177000
2015/03/06,0,16000,-16000,0
2015/03/09,0,57000,-8000,49000
2015/03/10,0,170000,-17000,153000
2015/03/11,0,190000,-199000,-9000
2015/03/12,0,274000,-27000,247000
2015/03/13,0,147000,-303000,-156000
2015/03/16,0,1125000,-138000,987000
2015/03/17,0,513000,-587105,-74105
2015/03/18,0,141000,-438000,-297000
2015/03/19,0,71000,-141000,-70000
2015/03/20,0,4000,-122000,-118000
2015/03/23,0,89000,-35000,54000
2015/03/24,0,31000,-139000,-108000
2015/03/25,0,156000,-190000,-34000
2015/03/26,0,168000,-259000,-91000
2015/03/27,0,48000,-369000,-321000
2015/03/30,0,90000,-97000,-7000
2015/03/31,0,1711000,-152000,1559000
2015/04/01,0,152000,-1365000,-1213000
2015/04/02,0,0,-182000,-182000
2015/04/03,0,0,0,0
2015/04/06,0,0,0,0
2015/04/07,0,39000,-60000,-21000
2015/04/08,0,28000,-89000,-61000
2015/04/09,0,66000,-54000,12000
2015/04/10,0,34000,-25000,9000
2015/04/13,0,57000,-91000,-34000
2015/04/14,0,36000,-88000,-52000
2015/04/15,0,25000,-19000,6000
2015/04/16,0,79000,-163000,-84000
2015/04/17,0,13000,-84000,-71000
2015/04/20,0,29000,-152000,-123000
2015/04/21,0,20000,-69000,-49000
2015/04/22,0,30000,-129000,-99000
2015/04/23,0,81000,-22000,59000
2015/04/24,0,200000,-376000,-176000
2015/04/27,0,148000,-122000,26000
2015/04/28,0,107000,-169000,-62000
2015/04/29,0,142000,-18000,124000
2015/04/30,0,37000,-123000,-86000
2015/05/01,0,0,0,0
2015/05/04,0,34000,-42000,-8000
2015/05/05,0,3000,-82000,-79000
2015/05/06,0,250000,-176000,74000
2015/05/07,0,36000,-48000,-12000
2015/05/08,0,105000,-104000,1000
2015/05/11,0,35000,-92000,-57000
2015/05/12,0,53000,-22000,31000
2015/05/13,0,12000,-70000,-58000
2015/05/14,0,109000,-344000,-235000
2015/05/15,0,17000,-219000,-202000
2015/05/18,0,89000,-18000,71000
2015/05/19,0,53000,-44000,9000
2015/05/20,0,21000,-106000,-85000
2015/05/21,0,21000,-198000,-177000
2015/05/22,0,52000,-10000,42000
2015/05/25,0,28000,-16000,12000
2015/05/26,0,14000,-41000,-27000
2015/05/27,0,15000,-44000,-29000
2015/05/28,0,19000,-26000,-7000
2015/05/29,0,7000,-84000,-77000
2015/06/01,0,235000,-4000,231000
2015/06/02,0,492000,-225000,267000
2015/06/03,0,394000,-556000,-162000
2015/06/04,0,37000,-179000,-142000
2015/06/05,0,114000,-15000,99000
2015/06/08,0,123000,-263000,-140000
2015/06/09,0,12000,-74000,-62000
2015/06/10,0,116000,-47000,69000
2015/06/11,0,363000,-250000,113000
2015/06/12,0,153000,-50000,103000
2015/06/15,0,35000,-149000,-114000
2015/06/16,0,82000,-8000,74000
2015/06/17,0,81000,-24000,57000
2015/06/18,0,327000,-50000,277000
2015/06/19,0,0,0,0
2015/06/22,0,74000,-179000,-105000
2015/06/23,0,110000,-90000,20000
2015/06/24,0,2000,-92000,-90000
2015/06/25,0,53000,-14000,39000
2015/06/26,0,119000,-81000,38000
2015/06/29,0,121000,-262000,-141000
2015/06/30,0,100000,-25000,75000
2015/07/01,0,49000,-131000,-82000
2015/07/02,0,411000,-45000,366000
2015/07/03,0,592000,-355000,237000
2015/07/06,0,46000,-179000,-133000
2015/07/07,0,292000,-53000,239000
2015/07/08,0,37000,-141000,-104000
2015/07/09,0,37000,-110000,-73000
2015/07/10,0,0,0,0
2015/07/13,0,748000,-53000,695000
2015/07/14,0,218000,-458000,-240000
2015/07/15,0,303000,-342000,-39000
2015/07/16,0,38000,-302000,-264000
2015/07/17,0,41000,-91000,-50000
2015/07/20,0,75000,-35000,40000
2015/07/21,0,16000,-72000,-56000
2015/07/22,0,124000,-51000,73000
2015/07/23,0,186000,-155000,31000
2015/07/24,0,83000,-88000,-5000
2015/07/27,0,635000,-130000,505000
2015/07/28,0,237000,-354000,-117000
2015/07/29,0,59000,-131000,-72000
2015/07/30,0,29000,-78000,-49000
2015/07/31,0,611000,-408000,203000
2015/08/03,0,709000,-501000,208000
2015/08/04,0,326000,-358000,-32000
2015/08/05,0,276000,-282000,-6000
2015/08/06,0,540000,-223000,317000
2015/08/07,0,173000,-270000,-97000
2015/08/10,0,100000,-190000,-90000
2015/08/11,0,77000,-333000,-256000
2015/08/12,0,122000,-99000,23000
2015/08/13,0,179000,-159000,20000
2015/08/14,0,197000,-373000,-176000
2015/08/17,0,32000,-72000,-40000
2015/08/18,0,64000,-141000,-77000
2015/08/19,0,138000,-141000,-3000
2015/08/20,0,98000,-125000,-27000
2015/08/21,0,101000,-44000,57000
2015/08/24,0,208000,-349000,-141000
2015/08/25,0,88000,-75000,13000
2015/08/26,0,43000,-24000,19000
2015/08/27,0,93000,-55000,38000
2015/08/28,0,83000,-190000,-107000
2015/08/31,0,18000,-291000,-273000
2015/09/01,0,31000,-118000,-87000
2015/09/02,0,38000,-34000,4000
2015/09/03,0,71000,-91000,-20000
2015/09/04,0,8000,-55000,-47000
2015/09/07,0,0,-5000,-5000
2015/09/08,0,55000,-13000,42000
2015/09/09,0,89000,-60000,29000
2015/09/10,0,49000,-56000,-7000
2015/09/11,0,157000,-3000,154000
2015/09/14,0,0,-88000,-88000
2015/09/15,0,21000,-20000,1000
2015/09/16,0,92000,-3000,89000
2015/09/17,0,139000,-38000,101000
2015/09/18,0,34000,-78000,-44000
2015/09/21,0,31000,-130000,-99000
2015/09/22,0,171000,-49000,122000
2015/09/23,0,58000,-172000,-114000
2015/09/24,0,119000,-53000,66000
2015/09/25,0,88000,-56000,32000
2015/09/28,0,0,0,0
2015/09/29,0,0,0,0
2015/09/30,0,44000,-59000,-15000
2015/10/01,0,258000,-248000,10000
2015/10/02,0,232000,-121000,111000
2015/10/05,0,10000,-89000,-79000
2015/10/06,0,69000,-87000,-18000
2015/10/07,0,5000,-15000,-10000
2015/10/08,0,65000,-55000,10000
2015/10/09,0,0,0,0
2015/10/12,0,84000,-55000,29000
2015/10/13,0,42000,-84000,-42000
2015/10/14,0,282000,-20000,262000
2015/10/15,0,15000,-88000,-73000
2015/10/16,0,104000,-71000,33000
2015/10/19,0,123000,-119000,4000
2015/10/20,0,31000,-54000,-23000
2015/10/21,0,56000,-117000,-61000
2015/10/22,0,83000,-95000,-12000
2015/10/23,0,43000,-27000,16000
2015/10/26,0,37000,0,37000
2015/10/27,0,25000,-49000,-24000
2015/10/28,0,9000,-16000,-7000
2015/10/29,0,36000,-40000,-4000
2015/10/30,0,47000,-63000,-16000
2015/11/02,0,9000,-167000,-158000
2015/11/03,0,10000,-23000,-13000
2015/11/04,0,8000,0,8000
2015/11/05,0,3000,-44000,-41000
2015/11/06,0,86000,-41000,45000
2015/11/09,0,73000,-34000,39000
2015/11/10,0,82000,-1000,81000
2015/11/11,0,15000,-168000,-153000
2015/11/12,0,28000,-3000,25000
2015/11/13,0,135000,-132000,3000
2015/11/16,0,130000,-37000,93000
2015/11/17,0,101000,-5000,96000
2015/11/18,0,127000,-49000,78000
2015/11/19,0,61000,-30000,31000
2015/11/20,0,186000,-12000,174000
2015/11/23,0,314000,-101000,213000
2015/11/24,0,39000,-208000,-169000
2015/11/25,0,115000,-18000,97000
2015/11/26,0,695000,-233000,462000
2015/11/27,0,1025000,-1132000,-107000
2015/11/30,0,1418000,-555000,863000
2015/12/01,0,176000,-156357,19643
2015/12/02,0,129000,-216000,-87000
2015/12/03,0,21000,-92000,-71000
2015/12/04,0,170000,-71000,99000
2015/12/07,0,41000,-324000,-283000
2015/12/08,0,143000,-30000,113000
2015/12/09,0,901000,-59000,842000
2015/12/10,0,57000,-634000,-577000
2015/12/11,0,20000,-356000,-336000
2015/12/14,0,72000,-22000,50000
2015/12/15,0,98000,-147000,-49000
2015/12/16,0,1451000,-400000,1051000
2015/12/17,0,259000,-920000,-661000
2015/12/18,0,476000,-150000,326000
2015/12/21,0,1062000,-174000,888000
2015/12/22,0,237000,-862000,-625000
2015/12/23,0,417000,-224000,193000
2015/12/24,0,3193000,-983000,2210000
2015/12/25,0,505000,-2473000,-1968000
2015/12/28,0,598000,-1121000,-523000
2015/12/29,0,138000,-422000,-284000
2015/12/30,0,1688000,-166000,1522000
2015/12/31,0,106000,-1270000,-1164000
2016/01/01,0,0,0,0
2016/01/04,0,618000,-905000,-287000
2016/01/05,0,190000,-208000,-18000
2016/01/06,0,1846000,-311000,1535000
2016/01/07,0,300000,-1640000,-1340000
2016/01/08,0,281000,-714000,-433000
2016/01/11,0,56000,-538000,-482000
2016/01/12,0,723000,-165000,558000
2016/01/13,0,1067000,-237000,830000
2016/01/14,0,1310000,-1065000,245000
2016/01/15,0,97000,-1162000,-1065000
2016/01/18,0,1600000,-108000,1492000
2016/01/19,0,365000,-1110000,-745000
2016/01/20,0,189000,-863000,-674000
2016/01/21,0,855000,-406000,449000
2016/01/22,0,241000,-125000,116000
2016/01/25,0,27000,-77000,-50000
2016/01/26,0,463000,-69000,394000
2016/01/27,0,39000,-278000,-239000
2016/01/28,0,17000,-187000,-170000
2016/01/29,0,297000,-501000,-204000
2016/02/01,0,135000,-743000,-608000
2016/02/02,0,289000,-193000,96000
2016/02/03,0,173000,-517000,-344000
2016/02/04,0,0,0,0
2016/02/05,0,0,0,0
2016/02/08,0,0,0,0
2016/02/09,0,0,0,0
2016/02/10,0,0,0,0
2016/02/11,0,0,0,0
2016/02/12,0,0,0,0
2016/02/15,0,1026000,-26000,1000000
2016/02/16,0,114000,-342000,-228000
2016/02/17,0,43000,-361000,-318000
2016/02/18,0,488000,-15000,473000
2016/02/19,0,225000,-42000,183000
2016/02/22,0,957000,-436000,521000
2016/02/23,0,4000,-462000,-458000
2016/02/24,0,316000,-222000,94000
2016/02/25,0,110000,-293000,-183000
2016/02/26,0,312000,-249000,63000
2016/02/29,0,0,0,0
2016/03/01,0,37000,-323000,-286000
2016/03/02,0,3259000,-452000,2807000
2016/03/03,0,1828000,-1632000,196000
2016/03/04,0,554000,-708000,-154000
2016/03/07,0,600000,-202000,398000
2016/03/08,0,2666000,-717000,1949000
2016/03/09,0,198000,-2522000,-2324000
2016/03/10,0,824000,-658000,166000
2016/03/11,0,146000,-383000,-237000
2016/03/14,0,308000,-2589000,-2281000
2016/03/15,0,68000,-907000,-839000
2016/03/16,0,782000,-941000,-159000
2016/03/17,0,46000,-458000,-412000
2016/03/18,0,313000,-195000,118000
2016/03/21,0,71000,-183000,-112000
2016/03/22,0,6000,-368000,-362000
2016/03/23,0,86000,-61000,25000
2016/03/24,0,523000,-87000,436000
2016/03/25,0,92000,-525000,-433000
2016/03/28,0,464000,-132000,332000
2016/03/29,0,45000,-488000,-443000
2016/03/30,0,110000,-28000,82000
2016/03/31,0,40000,-137472,-97472
2016/04/01,0,11000,-348000,-337000
2016/04/04,0,0,0,0
2016/04/05,0,0,0,0
2016/04/06,0,24000,-94000,-70000
2016/04/07,0,66000,-25000,41000
2016/04/08,0,505000,-385000,120000
2016/04/11,0,2000,-296000,-294000
2016/04/12,0,205000,-198000,7000
2016/04/13,0,515000,-24000,491000
2016/04/14,0,376000,-154000,222000
2016/04/15,0,888000,-231000,657000
2016/04/18,0,210000,-285000,-75000
2016/04/19,0,106000,-420000,-314000
2016/04/20,0,196000,-181000,15000
2016/04/21,0,105000,-421000,-316000
2016/04/22,0,50000,-305000,-255000
2016/04/25,0,24000,-210000,-186000
2016/04/26,0,213000,-5000,208000
2016/04/27,0,46000,-126000,-80000
2016/04/28,0,19000,-49000,-30000
2016/04/29,0,34000,-382000,-348000
2016/05/02,0,0,0,0
2016/05/03,0,160000,-271000,-111000
2016/05/04,0,799000,-98000,701000
2016/05/05,0,115000,-39000,76000
2016/05/06,0,29000,-60000,-31000
2016/05/09,0,153000,-83000,70000
2016/05/10,0,3000,-54000,-51000
2016/05/11,0,86000,-101000,-15000
2016/05/12,0,150000,-169000,-19000
2016/05/13,0,135000,-135000,0
2016/05/16,0,332000,-36000,296000
2016/05/17,0,3000,-130000,-127000
2016/05/18,0,71000,0,71000
2016/05/19,0,0,-95000,-95000
2016/05/20,0,229000,-12000,217000
2016/05/23,0,3000,-209000,-206000
2016/05/24,0,10000,-11000,-1000
2016/05/25,0,527000,0,527000
2016/05/26,0,80000,-2000,78000
2016/05/27,0,156000,-20000,136000
2016/05/30,0,59000,-41000,18000
2016/05/31,0,0,0,0
2016/06/01,0,408000,-11000,397000
2016/06/02,0,380000,-192000,188000
2016/06/03,0,0,-62000,-62000
2016/06/06,0,250000,-95000,155000
2016/06/07,0,4000,-251000,-247000
2016/06/08,0,152000,-6000,146000
2016/06/09,0,0,0,0
2016/06/10,0,0,0,0
2016/06/13,0,53000,-212000,-159000
2016/06/14,0,1000,-139000,-138000
2016/06/15,0,0,-886000,-886000
2016/06/16,0,0,-67000,-67000
2016/06/17,0,1000,-58000,-57000
2016/06/20,0,50000,0,50000
2016/06/21,0,0,0,0
2016/06/22,0,185000,-24000,161000
2016/06/23,0,0,-102000,-102000
2016/06/24,0,200000,-132000,68000
2016/06/27,0,95000,-91000,4000
2016/06/28,0,66000,-15000,51000
2016/06/29,0,81000,-13000,68000
2016/06/30,0,1322000,-69000,1253000
2016/07/01,0,60000,-913000,-853000
2016/07/04,0,975000,-125000,850000
2016/07/05,0,298000,-564000,-266000
2016/07/06,0,70000,-656000,-586000
2016/07/07,0,568000,-35000,533000
2016/07/08,0,0,0,0
2016/07/11,0,253000,-57000,196000
2016/07/12,0,379000,-49000,330000
2016/07/13,0,130000,-336000,-206000
2016/07/14,0,2070000,0,2070000
2016/07/15,0,2507000,-145000,2362000
2016/07/18,0,65000,-2024000,-1959000
2016/07/19,0,36000,-495000,-459000
2016/07/20,0,66000,-584000,-518000
2016/07/21,0,562000,-720000,-158000
2016/07/22,0,0,-571000,-571000
2016/07/25,0,102000,-1006000,-904000
2016/07/26,0,45000,-273000,-228000
2016/07/27,0,70000,-271000,-201000
2016/07/28,0,28000,-126000,-98000
2016/07/29,0,60000,-66000,-6000
2016/08/01,0,0,-70000,-70000
2016/08/02,0,82000,-113000,-31000
2016/08/03,0,33000,-18000,15000
2016/08/04,0,10000,-309000,-299000
2016/08/05,0,0,-118000,-118000
2016/08/08,0,9000,-53000,-44000
2016/08/09,0,42000,0,42000
2016/08/10,0,4000,-90000,-86000
2016/08/11,0,26000,-185000,-159000
2016/08/12,0,38000,-100000,-62000
2016/08/15,0,98000,-226000,-128000
2016/08/16,0,35000,-53000,-18000
2016/08/17,0,123000,-90000,33000
2016/08/18,0,0,-86000,-86000
2016/08/19,0,75000,-74000,1000
2016/08/22,0,98000,-29000,69000
2016/08/23,0,10000,-47000,-37000
2016/08/24,0,50000,-15000,35000
2016/08/25,0,277000,-7000,270000
2016/08/26,0,2000,-275000,-273000
2016/08/29,0,8000,-35000,-27000
2016/08/30,0,75000,-32000,43000
2016/08/31,0,930000,-93000,837000
2016/09/01,0,807000,-345000,462000
2016/09/02,0,1695000,-1672000,23000
2016/09/05,0,16000,-326000,-310000
2016/09/06,0,134000,-411000,-277000
2016/09/07,0,25000,-388000,-363000
2016/09/08,0,403000,-31000,372000
2016/09/09,0,45000,-400000,-355000
2016/09/12,0,119000,-63000,56000
2016/09/13,0,159000,-132000,27000
2016/09/14,0,94000,-1138000,-1044000
2016/09/15,0,0,0,0
2016/09/16,0,0,0,0
2016/09/19,0,77000,-165000,-88000
2016/09/20,0,70000,-120000,-50000
2016/09/21,0,2000,-52000,-50000
2016/09/22,0,132000,-20000,112000
2016/09/23,0,313000,-112000,201000
2016/09/26,0,98000,-60000,38000
2016/09/27,0,0,0,0
2016/09/28,0,0,0,0
2016/09/29,0,24000,-60000,-36000
2016/09/30,0,1000,-439000,-438000
2016/10/03,0,0,-12000,-12000
2016/10/04,0,73000,-62000,11000
2016/10/05,0,0,-91000,-91000
2016/10/06,0,55000,-21000,34000
2016/10/07,0,79000,0,79000
2016/10/10,0,0,0,0
2016/10/11,0,50000,-385000,-335000
2016/10/12,0,58000,-20000,38000
2016/10/13,0,1000,-142000,-141000
2016/10/14,0,21000,0,21000
2016/10/17,0,55000,0,55000
2016/10/18,0,27000,-9000,18000
2016/10/19,0,0,-57000,-57000
2016/10/20,0,67000,-46000,21000
2016/10/21,0,75000,-66000,9000
2016/10/24,0,77000,-28000,49000
2016/10/25,0,78000,-41000,37000
2016/10/26,0,0,-57000,-57000
2016/10/27,0,95000,0,95000
2016/10/28,0,49000,-108000,-59000
2016/10/31,0,104000,-30000,74000
2016/11/01,0,10000,-108000,-98000
2016/11/02,0,79000,-89000,-10000
2016/11/03,0,70000,0,70000
2016/11/04,0,78000,0,78000
2016/11/07,0,98000,-66000,32000
2016/11/08,0,0,-88000,-88000
2016/11/09,0,3000,-232000,-229000
2016/11/10,0,40000,0,40000
2016/11/11,0,319000,-71000,248000
2016/11/14,0,809000,-64000,745000
2016/11/15,0,186000,-392000,-206000
2016/11/16,0,354000,-167000,187000
2016/11/17,0,507000,-122000,385000
2016/11/18,0,625000,-168000,457000
2016/11/21,0,176000,-240000,-64000
2016/11/22,0,240000,-107000,133000
2016/11/23,0,104000,-231000,-127000
2016/11/24,0,63000,-140000,-77000
2016/11/25,0,30000,-162000,-132000
2016/11/28,0,300000,-217000,83000
2016/11/29,0,338000,-65000,273000
2016/11/30,0,202000,-585000,-383000
2016/12/01,0,60000,-276000,-216000
2016/12/02,0,0,-395000,-395000
2016/12/05,0,62000,-243000,-181000
2016/12/06,0,16000,-20000,-4000
2016/12/07,0,33000,-43000,-10000
2016/12/08,0,0,-128000,-128000
2016/12/09,0,2000,-124749,-122749
2016/12/12,0,57000,-55000,2000
2016/12/13,0,0,-135000,-135000
2016/12/14,0,0,-114000,-114000
2016/12/15,0,4000,-62000,-58000
2016/12/16,0,28000,-29000,-1000
2016/12/19,0,20000,0,20000
2016/12/20,0,40000,-3000,37000
2016/12/21,0,11000,-41000,-30000
2016/12/22,0,60000,0,60000
2016/12/23,0,0,-74000,-74000
2016/12/26,0,10000,0,10000
2016/12/27,0,0,-20000,-20000
2016/12/28,0,2000,0,2000
2016/12/29,0,0,0,0
2016/12/30,0,6000,0,6000
2017/01/02,0,0,0,0
2017/01/03,0,132000,0,132000
2017/01/04,0,5000,-119000,-114000
2017/01/05,0,0,-1000,-1000
2017/01/06,0,0,-24000,-24000
2017/01/09,0,0,-6000,-6000
2017/01/10,0,202000,0,202000
2017/01/11,0,536000,-153000,383000
2017/01/12,0,70000,-48000,22000
2017/01/13,0,145000,-30000,115000
2017/01/16,0,115000,-50000,65000
2017/01/17,0,69000,0,69000
2017/01/18,0,245000,-41000,204000
2017/01/19,0,472000,-100000,372000
2017/01/20,0,44000,-150000,-106000
2017/01/23,0,0,-145000,-145000
2017/01/24,0,100000,-178000,-78000
2017/01/25,0,0,0,0
2017/01/26,0,0,0,0
2017/01/27,0,0,0,0
2017/01/30,0,0,0,0
2017/01/31,0,0,0,0
2017/02/01,0,0,0,0
2017/02/02,0,10000,-15000,-5000
2017/02/03,0,112000,-232000,-120000
2017/02/06,0,30000,-310000,-280000
2017/02/07,0,0,-125000,-125000
2017/02/08,0,10000,-424000,-414000
2017/02/09,0,61000,-25000,36000
2017/02/10,0,380000,-40000,340000
2017/02/13,0,150000,-30000,120000
2017/02/14,0,97000,-714000,-617000
2017/02/15,0,612000,-1000,611000
2017/02/16,0,317000,-496000,-179000
2017/02/17,0,80000,0,80000
2017/02/20,0,184000,-388000,-204000
2017/02/21,0,4000,-20000,-16000
2017/02/22,0,14000,-78000,-64000
2017/02/23,0,14000,-1672000,-1658000
2017/02/24,0,671000,-194000,477000
2017/02/27,0,0,0,0
2017/02/28,0,0,0,0
2017/03/01,0,584000,-5000,579000
2017/03/02,0,180000,-51000,129000
2017/03/03,0,0,0,0
2017/03/06,0,0,-38000,-38000
2017/03/07,0,4000,0,4000
2017/03/08,0,75000,0,75000
2017/03/09,0,291000,-100000,191000
2017/03/10,0,220000,-110000,110000
2017/03/13,0,80000,0,80000
2017/03/14,0,0,0,0
2017/03/15,0,0,-27000,-27000
2017/03/16,0,89000,-165000,-76000
2017/03/17,0,0,-207000,-207000
2017/03/20,0,10000,-400000,-390000
2017/03/21,0,24000,-175000,-151000
2017/03/22,0,8000,-75000,-67000
2017/03/23,0,0,0,0
2017/03/24,0,0,-250000,-250000
2017/03/27,0,2000,-59000,-57000
2017/03/28,0,63000,0,63000
2017/03/29,0,163000,0,163000
2017/03/30,0,0,0,0
2017/03/31,0,0,0,0
2017/04/03,0,0,0,0
2017/04/04,0,0,0,0
2017/04/05,0,47000,0,47000
2017/04/06,0,5000,-5000,0
2017/04/07,0,0,-10000,-10000
2017/04/10,0,2000,0,2000
2017/04/11,0,0,0,0
2017/04/12,0,0,-1000,-1000
2017/04/13,0,0,-1000,-1000
2017/04/14,0,0,0,0
2017/04/17,0,5000,0,5000
2017/04/18,0,0,-1000,-1000
2017/04/19,0,0,-7000,-7000
2017/04/20,0,0,-1000,-1000
2017/04/21,0,4000,-2000,2000
2017/04/24,0,2000,0,2000
2017/04/25,0,7000,-1000,6000
2017/04/26,0,11000,0,11000
2017/04/27,0,0,0,0
2017/04/28,0,0,0,0
2017/05/01,0,0,0,0
2017/05/02,0,7000,0,7000
2017/05/03,0,0,0,0
2017/05/04,0,1000,0,1000
2017/05/05,0,1000,-13000,-12000
2017/05/08,0,0,0,0
2017/05/09,0,0,0,0
2017/05/10,0,0,-1000,-1000
2017/05/11,0,0,0,0
2017/05/12,0,0,0,0
2017/05/15,0,0,-5000,-5000
2017/05/16,0,0,-17000,-17000
2017/05/17,0,0,0,0
2017/05/18,0,0,0,0
2017/05/19,0,0,0,0
2017/05/22,0,0,0,0
2017/05/23,0,0,-4000,-4000
2017/05/24,0,89000,-106000,-17000
2017/05/25,0,31000,-4000,27000
2017/05/26,0,60000,-188000,-128000
2017/05/29,0,0,0,0
2017/05/30,0,0,0,0
2017/05/31,0,7000,0,7000
2017/06/01,0,0,-10000,-10000
2017/06/02,0,0,0,0
2017/06/05,0,0,0,0
2017/06/06,0,2000,0,2000
2017/06/07,0,3000,-7000,-4000
2017/06/08,0,0,0,0
2017/06/09,0,0,0,0
2017/06/12,0,2000,-81000,-79000
2017/06/13,0,0,0,0
2017/06/14,0,0,0,0
2017/06/15,0,20000,-1000,19000
2017/06/16,0,54000,-25000,29000
2017/06/19,0,0,0,0
2017/06/20,0,68000,-1000,67000
2017/06/21,0,96000,0,96000
2017/06/22,0,2000,-20000,-18000
2017/06/23,0,0,0,0
2017/06/26,0,126000,0,126000
2017/06/27,0,53000,-5000,48000
2017/06/28,0,63000,-3000,60000
2017/06/29,0,50000,0,50000
2017/06/30,0,0,0,0
2017/07/03,0,0,-6000,-6000
2017/07/04,0,1290000,-80000,1210000
2017/07/05,0,189000,0,189000
2017/07/06,0,1000,-50000,-49000
2017/07/07,0,0,-51000,-51000
2017/07/10,0,4000,-69000,-65000
2017/07/11,0,70000,-293000,-223000
2017/07/12,0,0,-370000,-370000
2017/07/13,0,0,-265000,-265000
2017/07/14,0,0,-8000,-8000
2017/07/17,0,0,-39000,-39000
2017/07/18,0,0,-9000,-9000
2017/07/19,0,100000,-3000,97000
2017/07/20,0,0,0,0
2017/07/21,0,0,0,0
2017/07/24,0,0,-5000,-5000
2017/07/25,0,0,-5000,-5000
2017/07/26,0,0,-171000,-171000
2017/07/27,0,0,0,0
2017/07/28,0,0,0,0
2017/07/31,0,0,-32000,-32000
2017/08/01,0,0,0,0
2017/08/02,0,0,0,0
2017/08/03,0,0,-5000,-5000
2017/08/04,0,3000,-31000,-28000
2017/08/07,0,0,0,0
2017/08/08,0,0,-12000,-12000
2017/08/09,0,8000,-100000,-92000
2017/08/10,0,0,0,0
2017/08/11,0,0,0,0
2017/08/14,0,0,0,0
2017/08/15,0,1160000,0,1160000
2017/08/16,0,14000,-4000,10000
2017/08/17,0,0,-418000,-418000
2017/08/18,0,87000,-74000,13000
