Date,Open,Buy,Sell,Total
2007/01/02,0,579000,-15000,564000
2007/01/03,0,744000,-174000,570000
2007/01/04,0,227000,0,227000
2007/01/05,0,142000,-954000,-812000
2007/01/08,0,250000,-1050093,-800093
2007/01/09,0,610000,-1055874,-445874
2007/01/10,0,217000,-1108000,-891000
2007/01/11,0,80000,-330000,-250000
2007/01/12,0,338000,-983000,-645000
2007/01/15,0,240000,-406000,-166000
2007/01/16,0,436000,-979000,-543000
2007/01/17,0,2026000,-1704715,321285
2007/01/18,0,3830000,-4486218,-656218
2007/01/19,0,2129600,-1003600,1126000
2007/01/22,0,1327000,-881000,446000
2007/01/23,0,2936000,-1506000,1430000
2007/01/24,0,10951000,-3722910,7228090
2007/01/25,0,3847000,-286200,3560800
2007/01/26,0,328000,-196000,132000
2007/01/29,0,1137000,-357100,779900
2007/01/30,0,2257138,-371200,1885938
2007/01/31,0,1956000,-1308000,648000
2007/02/01,0,3597000,-1057537,2539463
2007/02/02,0,8241000,-1000000,7241000
2007/02/05,0,11707000,-2176300,9530700
2007/02/06,0,12871000,-1006000,11865000
2007/02/07,0,9419000,-1296000,8123000
2007/02/08,0,1650200,-1655466,-5266
2007/02/09,0,1627000,-253400,1373600
2007/02/12,0,76000,-277000,-201000
2007/02/13,0,946000,-860470,85530
2007/02/14,0,1321000,-842448,478552
2007/02/15,0,0,0,0
2007/02/16,0,0,0,0
2007/02/19,0,0,0,0
2007/02/20,0,0,0,0
2007/02/21,0,0,0,0
2007/02/22,0,0,0,0
2007/02/23,0,0,0,0
2007/02/26,0,2012000,-2060000,-48000
2007/02/27,0,1198000,-4313000,-3115000
2007/02/28,0,0,0,0
2007/03/01,0,2683000,-4035000,-1352000
2007/03/02,0,1327000,-1397000,-70000
2007/03/05,0,2131000,-2686000,-555000
2007/03/06,0,1613000,-2416000,-803000
2007/03/07,0,3119000,-3871345,-752345
2007/03/08,0,1120000,-1913300,-793300
2007/03/09,0,1503000,-1074000,429000
2007/03/12,0,1848000,-947000,901000
2007/03/13,0,6415000,-1110000,5305000
2007/03/14,0,1097000,-1880000,-783000
2007/03/15,0,5683000,-2266000,3417000
2007/03/16,0,5117000,-159000,4958000
2007/03/19,0,1546000,-841000,705000
2007/03/20,0,2075000,-819000,1256000
2007/03/21,0,36000,0,36000
2007/03/22,0,4506000,-84000,4422000
2007/03/23,0,2965000,-67000,2898000
2007/03/26,0,3281000,-2000,3279000
2007/03/27,0,2334000,-197000,2137000
2007/03/28,0,149000,-214000,-65000
2007/03/29,0,773000,-2245000,-1472000
2007/03/30,0,1332000,-8683851,-7351851
2007/04/02,0,1626000,-1215000,411000
2007/04/03,0,3064000,-2508300,555700
2007/04/04,0,1068000,-781313,286687
2007/04/05,0,0,0,0
2007/04/06,0,0,0,0
2007/04/09,0,1200000,-234000,966000
2007/04/10,0,876000,-528000,348000
2007/04/11,0,2535000,-450000,2085000
2007/04/12,0,1336000,-5000,1331000
2007/04/13,0,1185000,-908000,277000
2007/04/16,0,5466000,-3188000,2278000
2007/04/17,0,2533000,-3068041,-535041
2007/04/18,0,1589000,-3116000,-1527000
2007/04/19,0,740000,-2448000,-1708000
2007/04/20,0,215000,-1086000,-871000
2007/04/23,0,741000,-1796000,-1055000
2007/04/24,0,896000,-824000,72000
2007/04/25,0,446000,-451000,-5000
2007/04/26,0,507000,-99000,408000
2007/04/27,0,507000,-454000,53000
2007/04/30,0,655000,-772367,-117367
2007/05/01,0,0,0,0
2007/05/02,0,1721000,-132000,1589000
2007/05/03,0,508000,-43000,465000
2007/05/04,0,1624000,-515000,1109000
2007/05/07,0,323000,-857000,-534000
2007/05/08,0,484000,-79829,404171
2007/05/09,0,644000,-385000,259000
2007/05/10,0,547000,-694000,-147000
2007/05/11,0,432000,-555510,-123510
2007/05/14,0,675000,-364000,311000
2007/05/15,0,260000,-324036,-64036
2007/05/16,0,440000,-69000,371000
2007/05/17,0,869000,-563000,306000
2007/05/18,0,4112000,-4171000,-59000
2007/05/21,0,1732000,-76000,1656000
2007/05/22,0,6943000,-647000,6296000
2007/05/23,0,1340000,-998000,342000
2007/05/24,0,2260000,-89000,2171000
2007/05/25,0,989000,-498000,491000
2007/05/28,0,565000,-261572,303428
2007/05/29,0,1355000,-127000,1228000
2007/05/30,0,1515000,-2172000,-657000
2007/05/31,0,3333000,-1725367,1607633
2007/06/01,0,2644000,-436000,2208000
2007/06/04,0,893000,-97000,796000
2007/06/05,0,7763000,-400000,7363000
2007/06/06,0,3536000,-2958000,578000
2007/06/07,0,445000,-343000,102000
2007/06/08,0,373000,-609000,-236000
2007/06/11,0,4920000,-1369311,3550689
2007/06/12,0,1385000,-1048000,337000
2007/06/13,0,1684000,-167000,1517000
2007/06/14,0,4577000,-2961000,1616000
2007/06/15,0,475000,-453000,22000
2007/06/18,0,0,0,0
2007/06/19,0,0,0,0
2007/06/20,0,11737000,-2436000,9301000
2007/06/21,0,14695000,-2060000,12635000
2007/06/22,0,1512000,-2228199,-716199
2007/06/25,0,2990000,-940000,2050000
2007/06/26,0,1378000,-385000,993000
2007/06/27,0,464000,-292000,172000
2007/06/28,0,2960000,-4516000,-1556000
2007/06/29,0,2430000,-2833366,-403366
2007/07/02,0,1123000,-1163000,-40000
2007/07/03,0,3043000,-2915000,128000
2007/07/04,0,7688000,-1353000,6335000
2007/07/05,0,4412000,-3991000,421000
2007/07/06,0,3663000,-1271000,2392000
2007/07/09,0,674000,-2015000,-1341000
2007/07/10,0,446000,-1015000,-569000
2007/07/11,0,2919000,-5363000,-2444000
2007/07/12,0,893000,-2882146,-1989146
2007/07/13,0,1709000,-1974000,-265000
2007/07/16,0,939000,-2623000,-1684000
2007/07/17,0,777000,-5425000,-4648000
2007/07/18,0,2671545,-5877545,-3206000
2007/07/19,0,1111000,-771000,340000
2007/07/20,0,254000,-1949000,-1695000
2007/07/23,0,636000,-4000000,-3364000
2007/07/24,0,4063000,-3318538,744462
2007/07/25,0,609000,-6352000,-5743000
2007/07/26,0,1844000,-5305000,-3461000
2007/07/27,0,2423000,-13199600,-10776600
2007/07/30,0,4506000,-4280000,226000
2007/07/31,0,3727000,-1522300,2204700
2007/08/01,0,2059000,-9310790,-7251790
2007/08/02,0,1302000,-2840000,-1538000
2007/08/03,0,1573000,-9415291,-7842291
2007/08/06,0,345000,-2058000,-1713000
2007/08/07,0,177000,-1400000,-1223000
2007/08/08,0,3458000,-3603000,-145000
2007/08/09,0,836000,-663000,173000
2007/08/10,0,150000,-2805000,-2655000
2007/08/13,0,482000,-521000,-39000
2007/08/14,0,1948000,-1547000,401000
2007/08/15,0,38000,-2548000,-2510000
2007/08/16,0,625000,-3156000,-2531000
2007/08/17,0,206000,-11268000,-11062000
2007/08/20,0,1962000,-80000,1882000
2007/08/21,0,5450000,-154000,5296000
2007/08/22,0,1160000,-1884170,-724170
2007/08/23,0,3419000,-935000,2484000
2007/08/24,0,405000,-399500,5500
2007/08/27,0,404000,-205000,199000
2007/08/28,0,363000,-150000,213000
2007/08/29,0,490000,-530000,-40000
2007/08/30,0,593000,-346000,247000
2007/08/31,0,1890000,-514000,1376000
2007/09/03,0,1727000,-626400,1100600
2007/09/04,0,300000,-1252000,-952000
2007/09/05,0,1899000,-720193,1178807
2007/09/06,0,2484000,-320000,2164000
2007/09/07,0,1636000,-260000,1376000
2007/09/10,0,2699000,-1527452,1171548
2007/09/11,0,86000,-476028,-390028
2007/09/12,0,3408000,-2333425,1074575
2007/09/13,0,1423000,-1125000,298000
2007/09/14,0,1497000,-543000,954000
2007/09/17,0,529000,-1109000,-580000
2007/09/18,0,0,0,0
2007/09/19,0,3108000,-3088000,20000
2007/09/20,0,2659000,-4194000,-1535000
2007/09/21,0,1528000,-5951997,-4423997
2007/09/24,0,0,0,0
2007/09/25,0,0,0,0
2007/09/26,0,1759000,-4549466,-2790466
2007/09/27,0,3970000,-5822000,-1852000
2007/09/28,0,1038000,-6159000,-5121000
2007/10/01,0,6750000,-4615000,2135000
2007/10/02,0,8455000,-8074000,381000
2007/10/03,0,2616455,-477000,2139455
2007/10/04,0,1657000,-4942988,-3285988
2007/10/05,0,744000,-5720000,-4976000
2007/10/08,0,1630000,-17286200,-15656200
2007/10/09,0,1469000,-1014000,455000
2007/10/10,0,0,0,0
2007/10/11,0,13158000,-4794716,8363284
2007/10/12,0,5715000,-4516000,1199000
2007/10/15,0,1245000,-1789000,-544000
2007/10/16,0,3403000,-3375000,28000
2007/10/17,0,691000,-3722000,-3031000
2007/10/18,0,1474000,-7589000,-6115000
2007/10/19,0,1060000,-5781000,-4721000
2007/10/22,0,1843000,-5140000,-3297000
2007/10/23,0,4865000,-1269000,3596000
2007/10/24,0,388000,-2380000,-1992000
2007/10/25,0,831340,-1303000,-471660
2007/10/26,0,1053000,-203000,850000
2007/10/29,0,890000,-888000,2000
2007/10/30,0,10089000,-1578000,8511000
2007/10/31,0,5388000,-4379000,1009000
2007/11/01,0,2931000,-941000,1990000
2007/11/02,0,5055000,-3336000,1719000
2007/11/05,0,4976000,-2403000,2573000
2007/11/06,0,12495000,-783000,11712000
2007/11/07,0,10997717,-998006,9999711
2007/11/08,0,3137000,-4990000,-1853000
2007/11/09,0,964000,-4685000,-3721000
2007/11/12,0,2613000,-5488580,-2875580
2007/11/13,0,2165000,-5755659,-3590659
2007/11/14,0,2634000,-1136000,1498000
2007/11/15,0,580000,-1562000,-982000
2007/11/16,0,1137734,-3129000,-1991266
2007/11/19,0,2553139,-11569940,-9016801
2007/11/20,0,1482000,-3776060,-2294060
2007/11/21,0,2624000,-2181600,442400
2007/11/22,0,4488000,-8031800,-3543800
2007/11/23,0,2523000,-6770000,-4247000
2007/11/26,0,1336000,-7064000,-5728000
2007/11/27,0,2980000,-4300000,-1320000
2007/11/28,0,5165000,-655000,4510000
2007/11/29,0,2115674,-139000,1976674
2007/11/30,0,1563000,-1059000,504000
2007/12/03,0,507000,-1590000,-1083000
2007/12/04,0,2072595,-1000000,1072595
2007/12/05,0,3987000,-2616000,1371000
2007/12/06,0,2995000,-1448141,1546859
2007/12/07,0,2120000,-213744,1906256
2007/12/10,0,2589000,-149000,2440000
2007/12/11,0,1068000,-1002500,65500
2007/12/12,0,803000,-2357967,-1554967
2007/12/13,0,2216000,-4183000,-1967000
2007/12/14,0,1259000,-4354000,-3095000
2007/12/17,0,2193000,-2232000,-39000
2007/12/18,0,2619000,-3915587,-1296587
2007/12/19,0,769000,-3540567,-2771567
2007/12/20,0,78000,-446000,-368000
2007/12/21,0,2111000,-154000,1957000
2007/12/24,0,90000,-214000,-124000
2007/12/25,0,72000,-83000,-11000
2007/12/26,0,794000,-49000,745000
2007/12/27,0,1133000,-447000,686000
2007/12/28,0,597000,-594000,3000
2007/12/31,0,205000,-242000,-37000
2008/01/01,0,0,0,0
2008/01/02,0,99000,-871000,-772000
2008/01/03,0,1514000,-1057000,457000
2008/01/04,0,3637000,-2993000,644000
2008/01/07,0,2743000,-1433000,1310000
2008/01/08,0,2179000,-3059741,-880741
2008/01/09,0,1483000,-941602,541398
2008/01/10,0,3445901,-978780,2467121
2008/01/11,0,848000,-3314449,-2466449
2008/01/14,0,8034000,-4532000,3502000
2008/01/15,0,8937630,-4624796,4312834
2008/01/16,0,3472000,-6181268,-2709268
2008/01/17,0,863000,-11774240,-10911240
2008/01/18,0,944106,-9040000,-8095894
2008/01/21,0,3917000,-3260000,657000
2008/01/22,0,2206000,-1538000,668000
2008/01/23,0,1321000,-1408000,-87000
2008/01/24,0,6767000,-5989000,778000
2008/01/25,0,2965000,-3054000,-89000
2008/01/28,0,695000,-2852000,-2157000
2008/01/29,0,6139000,-14022914,-7883914
2008/01/30,0,4007712,-7091000,-3083288
2008/01/31,0,3222000,-1586000,1636000
2008/02/01,0,306000,-1796000,-1490000
2008/02/04,0,0,0,0
2008/02/05,0,0,0,0
2008/02/06,0,0,0,0
2008/02/07,0,0,0,0
2008/02/08,0,0,0,0
2008/02/11,0,0,0,0
2008/02/12,0,961000,-4285000,-3324000
2008/02/13,0,309000,-3974000,-3665000
2008/02/14,0,3869000,-7614000,-3745000
2008/02/15,0,1925000,-7000000,-5075000
2008/02/18,0,6430000,-3885000,2545000
2008/02/19,0,5627000,-2865000,2762000
2008/02/20,0,1184000,-4031000,-2847000
2008/02/21,0,1157075,-1905579,-748504
2008/02/22,0,563000,-5012000,-4449000
2008/02/25,0,1397000,-1589000,-192000
2008/02/26,0,6586000,-1277000,5309000
2008/02/27,0,5997000,-1890000,4107000
2008/02/28,0,0,0,0
2008/02/29,0,1085703,-1224810,-139107
2008/03/03,0,3279000,-973000,2306000
2008/03/04,0,4660000,-1617000,3043000
2008/03/05,0,4095000,-6869000,-2774000
2008/03/06,0,2088000,-216000,1872000
2008/03/07,0,1211000,-1400000,-189000
2008/03/10,0,1570000,-589000,981000
2008/03/11,0,1931000,-2032781,-101781
2008/03/12,0,2458441,-201000,2257441
2008/03/13,0,626000,-1808000,-1182000
2008/03/14,0,1039000,-2428000,-1389000
2008/03/17,0,213000,-2819313,-2606313
2008/03/18,0,1288000,-1969000,-681000
2008/03/19,0,2334000,-3431000,-1097000
2008/03/20,0,3527000,-786000,2741000
2008/03/21,0,2506000,-134000,2372000
2008/03/24,0,3939000,-605000,3334000
2008/03/25,0,1944000,-116000,1828000
2008/03/26,0,1568000,-1354000,214000
2008/03/27,0,318777,-5746000,-5427223
2008/03/28,0,4071777,-6327000,-2255223
2008/03/31,0,2546420,-1355000,1191420
2008/04/01,0,1167562,-487000,680562
2008/04/02,0,1304000,-284454,1019546
2008/04/03,0,1509000,-2417934,-908934
2008/04/04,0,0,0,0
2008/04/07,0,632000,-94000,538000
2008/04/08,0,336000,-1145000,-809000
2008/04/09,0,1469000,-9186000,-7717000
2008/04/10,0,1305000,-2405000,-1100000
2008/04/11,0,1834000,-2004447,-170447
2008/04/14,0,2195000,-2929000,-734000
2008/04/15,0,1742000,-1689000,53000
2008/04/16,0,2433000,-3807000,-1374000
2008/04/17,0,2321000,-9422000,-7101000
2008/04/18,0,336000,-13987002,-13651002
2008/04/21,0,1160000,-8467000,-7307000
2008/04/22,0,3022815,-1267000,1755815
2008/04/23,0,4653000,-2115000,2538000
2008/04/24,0,968000,-1933000,-965000
2008/04/25,0,1178000,-1559620,-381620
2008/04/28,0,1254000,-2438000,-1184000
2008/04/29,0,145000,-1877564,-1732564
2008/04/30,0,495000,-1674901,-1179901
2008/05/01,0,0,0,0
2008/05/02,0,585000,-1448000,-863000
2008/05/05,0,595000,-1256000,-661000
2008/05/06,0,473000,-2760000,-2287000
2008/05/07,0,286000,-465000,-179000
2008/05/08,0,595000,-1455140,-860140
2008/05/09,0,582000,-1263000,-681000
2008/05/12,0,381000,-193000,188000
2008/05/13,0,1089000,-2613000,-1524000
2008/05/14,0,295000,-549000,-254000
2008/05/15,0,1464000,-216000,1248000
2008/05/16,0,4408000,-1341000,3067000
2008/05/19,0,2335000,-1989000,346000
2008/05/20,0,3603000,-938000,2665000
2008/05/21,0,294000,-2792100,-2498100
2008/05/22,0,514000,-1258000,-744000
2008/05/23,0,166000,-2682000,-2516000
2008/05/26,0,2864000,-1818000,1046000
2008/05/27,0,1433000,-533000,900000
2008/05/28,0,2018000,-2449000,-431000
2008/05/29,0,1752000,-917000,835000
2008/05/30,0,1509000,-404191,1104809
2008/06/02,0,691000,-649000,42000
2008/06/03,0,52000,-909000,-857000
2008/06/04,0,497000,-95000,402000
2008/06/05,0,703000,-1169000,-466000
2008/06/06,0,104000,-627000,-523000
2008/06/09,0,102000,-1349000,-1247000
2008/06/10,0,25000,-3667208,-3642208
2008/06/11,0,181000,-1560000,-1379000
2008/06/12,0,27000,-960000,-933000
2008/06/13,0,85000,-669000,-584000
2008/06/16,0,360000,-523000,-163000
2008/06/17,0,225000,-1450280,-1225280
2008/06/18,0,115000,-778000,-663000
2008/06/19,0,203000,-1533000,-1330000
2008/06/20,0,302526,-1148000,-845474
2008/06/23,0,529000,-129003,399997
2008/06/24,0,650000,-433000,217000
2008/06/25,0,2626000,-1991728,634272
2008/06/26,0,5852000,-6047000,-195000
2008/06/27,0,912000,-1071000,-159000
2008/06/30,0,1022000,-1706000,-684000
2008/07/01,0,2230000,-1192000,1038000
2008/07/02,0,1484000,-2440000,-956000
2008/07/03,0,2940000,-1529059,1410941
2008/07/04,0,661000,-1386000,-725000
2008/07/07,0,546000,-1285000,-739000
2008/07/08,0,3077000,-6133000,-3056000
2008/07/09,0,2257000,-1676000,581000
2008/07/10,0,3582000,-358000,3224000
2008/07/11,0,1639000,-1580000,59000
2008/07/14,0,221000,-631000,-410000
2008/07/15,0,1465000,-1042000,423000
2008/07/16,0,687000,-979000,-292000
2008/07/17,0,3635000,-1455744,2179256
2008/07/18,0,3125000,-1316000,1809000
2008/07/21,0,1304000,-298000,1006000
2008/07/22,0,1316000,-315000,1001000
2008/07/23,0,1085000,-1354200,-269200
2008/07/24,0,620000,-1204000,-584000
2008/07/25,0,349000,-1022000,-673000
2008/07/28,0,0,0,0
2008/07/29,0,224000,-3379000,-3155000
2008/07/30,0,890000,-2669000,-1779000
2008/07/31,0,883000,-2232000,-1349000
2008/08/01,0,593000,-1066000,-473000
2008/08/04,0,451000,-3525000,-3074000
2008/08/05,0,1340000,-2995000,-1655000
2008/08/06,0,1753000,-1393000,360000
2008/08/07,0,178000,-929000,-751000
2008/08/08,0,978000,-5536000,-4558000
2008/08/11,0,294000,-3888000,-3594000
2008/08/12,0,564000,-2584021,-2020021
2008/08/13,0,217000,-1334000,-1117000
2008/08/14,0,100000,-1708000,-1608000
2008/08/15,0,207000,-2400000,-2193000
2008/08/18,0,136000,-872000,-736000
2008/08/19,0,222000,-1510082,-1288082
2008/08/20,0,171000,-357000,-186000
2008/08/21,0,177000,-1594000,-1417000
2008/08/22,0,175000,-1259000,-1084000
2008/08/25,0,636000,-480000,156000
2008/08/26,0,649000,-726000,-77000
2008/08/27,0,910000,-821000,89000
2008/08/28,0,2364000,-1317000,1047000
2008/08/29,0,431000,-367000,64000
2008/09/01,0,894000,-947000,-53000
2008/09/02,0,169000,-475000,-306000
2008/09/03,0,1146000,-67000,1079000
2008/09/04,0,113000,-378000,-265000
2008/09/05,0,257000,-2080000,-1823000
2008/09/08,0,462000,-166000,296000
2008/09/09,0,307000,-331000,-24000
2008/09/10,0,800000,-989000,-189000
2008/09/11,0,67000,-1472000,-1405000
2008/09/12,0,2208000,-1471000,737000
2008/09/15,0,64000,-944482,-880482
2008/09/16,0,969000,-278714,690286
2008/09/17,0,762000,-470000,292000
2008/09/18,0,305000,-762000,-457000
2008/09/19,0,1282000,-172000,1110000
2008/09/22,0,655700,-314000,341700
2008/09/23,0,325000,-218000,107000
2008/09/24,0,173031,-236031,-63000
2008/09/25,0,486000,-1183000,-697000
2008/09/26,0,487000,-1288997,-801997
2008/09/29,0,0,0,0
2008/09/30,0,610000,-1225200,-615200
2008/10/01,0,968000,-1164800,-196800
2008/10/02,0,243000,-1832153,-1589153
2008/10/03,0,1049000,-665650,383350
2008/10/06,0,2891000,-4752848,-1861848
2008/10/07,0,1808000,-1250330,557670
2008/10/08,0,1190280,-1704125,-513845
2008/10/09,0,2604852,-672000,1932852
2008/10/10,0,0,0,0
2008/10/13,0,21000,-1265455,-1244455
2008/10/14,0,259000,-1218021,-959021
2008/10/15,0,322000,-133000,189000
2008/10/16,0,73000,-971000,-898000
2008/10/17,0,250000,-322450,-72450
2008/10/20,0,323000,-1275901,-952901
2008/10/21,0,1634000,-1088001,545999
2008/10/22,0,193000,-1249747,-1056747
2008/10/23,0,36800,-969125,-932325
2008/10/24,0,477000,-176000,301000
2008/10/27,0,46000,-853000,-807000
2008/10/28,0,2207000,-1942000,265000
2008/10/29,0,1794000,-1555300,238700
2008/10/30,0,1392000,-2661550,-1269550
2008/10/31,0,31000,-840000,-809000
2008/11/03,0,460000,-116000,344000
2008/11/04,0,3880000,-124950,3755050
2008/11/05,0,870000,-601000,269000
2008/11/06,0,411000,-6136050,-5725050
2008/11/07,0,970000,-4107000,-3137000
2008/11/10,0,3626000,-723305,2902695
2008/11/11,0,2017000,-2064435,-47435
2008/11/12,0,331000,-1926000,-1595000
2008/11/13,0,389000,-2983100,-2594100
2008/11/14,0,327000,-1378000,-1051000
2008/11/17,0,681000,-11000,670000
2008/11/18,0,549000,-531000,18000
2008/11/19,0,341000,-1277000,-936000
2008/11/20,0,105000,-1301649,-1196649
2008/11/21,0,360000,-855700,-495700
2008/11/24,0,178000,-340000,-162000
2008/11/25,0,623000,-660344,-37344
2008/11/26,0,1136000,-852459,283541
2008/11/27,0,718000,-94000,624000
2008/11/28,0,1572000,-399331,1172669
2008/12/01,0,2555000,-2109000,446000
2008/12/02,0,886000,-1407000,-521000
2008/12/03,0,308000,-1677000,-1369000
2008/12/04,0,510000,-968000,-458000
2008/12/05,0,865000,-273225,591775
2008/12/08,0,1684000,-847050,836950
2008/12/09,0,3952550,-748937,3203613
2008/12/10,0,2092000,-406000,1686000
2008/12/11,0,2184000,-279000,1905000
2008/12/12,0,1022000,-1042000,-20000
2008/12/15,0,1706000,-765000,941000
2008/12/16,0,1118000,-795000,323000
2008/12/17,0,2526000,-470000,2056000
2008/12/18,0,590000,-142000,448000
2008/12/19,0,838000,-1081000,-243000
2008/12/22,0,148000,-1043000,-895000
2008/12/23,0,225000,-961000,-736000
2008/12/24,0,307000,-931100,-624100
2008/12/25,0,13000,-309000,-296000
2008/12/26,0,112000,-57000,55000
2008/12/29,0,158000,-192000,-34000
2008/12/30,0,900000,-107000,793000
2008/12/31,0,181000,-337000,-156000
2009/01/01,0,0,0,0
2009/01/02,0,0,0,0
2009/01/05,0,544000,-755000,-211000
2009/01/06,0,646148,-527000,119148
2009/01/07,0,736446,-207000,529446
2009/01/08,0,133000,-4172000,-4039000
2009/01/09,0,202000,-1497000,-1295000
2009/01/12,0,167060,-978000,-810940
2009/01/13,0,283000,-532000,-249000
2009/01/14,0,280000,-1067000,-787000
2009/01/15,0,45000,-1986000,-1941000
2009/01/16,0,249000,-1408000,-1159000
2009/01/19,0,210000,-204560,5440
2009/01/20,0,587000,-1707000,-1120000
2009/01/21,0,1230900,-881500,349400
2009/01/22,0,0,0,0
2009/01/23,0,0,0,0
2009/01/26,0,0,0,0
2009/01/27,0,0,0,0
2009/01/28,0,0,0,0
2009/01/29,0,0,0,0
2009/01/30,0,0,0,0
2009/02/02,0,133000,-1108381,-975381
2009/02/03,0,290000,-192000,98000
2009/02/04,0,164000,-365000,-201000
2009/02/05,0,1179000,-464900,714100
2009/02/06,0,517000,-1245000,-728000
2009/02/09,0,146000,-2581000,-2435000
2009/02/10,0,771000,-1122000,-351000
2009/02/11,0,204851,-328851,-124000
2009/02/12,0,430000,-1283000,-853000
2009/02/13,0,473000,-390000,83000
2009/02/16,0,17000,-165105,-148105
2009/02/17,0,136000,-408000,-272000
2009/02/18,0,949000,-234000,715000
2009/02/19,0,878000,-539000,339000
2009/02/20,0,179772,-1797772,-1618000
2009/02/23,0,488000,-478000,10000
2009/02/24,0,39000,-517220,-478220
2009/02/25,0,504000,-206150,297850
2009/02/26,0,485000,-177000,308000
2009/02/27,0,609000,-590607,18393
2009/03/02,0,26000,-1428404,-1402404
2009/03/03,0,0,-267000,-267000
2009/03/04,0,615000,-362000,253000
2009/03/05,0,395000,-1061000,-666000
2009/03/06,0,926500,-237000,689500
2009/03/09,0,568000,-84000,484000
2009/03/10,0,1468000,-206000,1262000
2009/03/11,0,202000,-67230,134770
2009/03/12,0,478000,-593000,-115000
2009/03/13,0,1762000,0,1762000
2009/03/16,0,733000,-42000,691000
2009/03/17,0,528000,-120000,408000
2009/03/18,0,1336000,-275000,1061000
2009/03/19,0,53000,-354000,-301000
2009/03/20,0,1044000,-343300,700700
2009/03/23,0,1655000,-111000,1544000
2009/03/24,0,629000,-94000,535000
2009/03/25,0,1164000,-165060,998940
2009/03/26,0,669000,-109000,560000
2009/03/27,0,215000,-546000,-331000
2009/03/30,0,361000,-400000,-39000
2009/03/31,0,746600,-1153631,-407031
2009/04/01,0,287000,-1059000,-772000
2009/04/02,0,1913000,-2609000,-696000
2009/04/03,0,1148000,-2818000,-1670000
2009/04/06,0,269000,-841000,-572000
2009/04/07,0,399000,-5947041,-5548041
2009/04/08,0,1325000,-4159000,-2834000
2009/04/09,0,1799000,-51000,1748000
2009/04/10,0,1229000,-53000,1176000
2009/04/13,0,766000,-140000,626000
2009/04/14,0,717000,-613000,104000
2009/04/15,0,501000,-948450,-447450
2009/04/16,0,795000,-1670000,-875000
2009/04/17,0,894738,-540000,354738
2009/04/20,0,923000,-176000,747000
2009/04/21,0,389200,-692000,-302800
2009/04/22,0,14000,-730000,-716000
2009/04/23,0,1693000,-799000,894000
2009/04/24,0,1263000,-1836000,-573000
2009/04/27,0,790000,-1217000,-427000
2009/04/28,0,655000,-700102,-45102
2009/04/29,0,2179000,-937000,1242000
2009/04/30,0,3336000,-2743000,593000
2009/05/01,0,0,0,0
2009/05/04,0,1673288,-1332998,340290
2009/05/05,0,8485919,-622000,7863919
2009/05/06,0,2624000,-737000,1887000
2009/05/07,0,6295000,-3164000,3131000
2009/05/08,0,1203000,-796000,407000
2009/05/11,0,473000,-3027000,-2554000
2009/05/12,0,1782000,-289000,1493000
2009/05/13,0,303000,-303000,0
2009/05/14,0,1181000,-2092000,-911000
2009/05/15,0,968000,-786000,182000
2009/05/18,0,667000,-733000,-66000
2009/05/19,0,1797000,-2536000,-739000
2009/05/20,0,2644283,-1278283,1366000
2009/05/21,0,277000,-1428000,-1151000
2009/05/22,0,323000,-1161000,-838000
2009/05/25,0,1097000,-3097498,-2000498
2009/05/26,0,866000,-2100000,-1234000
2009/05/27,0,1397498,-2788236,-1390738
2009/05/28,0,0,0,0
2009/05/29,0,0,0,0
2009/06/01,0,1907000,-941000,966000
2009/06/02,0,4291000,-296000,3995000
2009/06/03,0,1043000,-761000,282000
2009/06/04,0,301000,-5720000,-5419000
2009/06/05,0,267000,-451632,-184632
2009/06/08,0,699000,-852000,-153000
2009/06/09,0,904000,-133000,771000
2009/06/10,0,356042,-1333000,-976958
2009/06/11,0,916000,-2135100,-1219100
2009/06/12,0,1009000,-2190000,-1181000
2009/06/15,0,485000,-1514000,-1029000
2009/06/16,0,1131000,-501070,629930
2009/06/17,0,456000,-893700,-437700
2009/06/18,0,1441000,-936000,505000
2009/06/19,0,124000,-1249000,-1125000
2009/06/22,0,431000,-515000,-84000
2009/06/23,0,371300,-1461000,-1089700
2009/06/24,0,1893000,-1161000,732000
2009/06/25,0,1255000,-568000,687000
2009/06/26,0,640000,-255000,385000
2009/06/29,0,1484000,-2034000,-550000
2009/06/30,0,1117000,-711811,405189
2009/07/01,0,855000,-120000,735000
2009/07/02,0,741000,-616000,125000
2009/07/03,0,74558,-516000,-441442
2009/07/06,0,109000,-723000,-614000
2009/07/07,0,310000,-352500,-42500
2009/07/08,0,52000,-759050,-707050
2009/07/09,0,374000,-300000,74000
2009/07/10,0,862000,-210000,652000
2009/07/13,0,269000,-1328000,-1059000
2009/07/14,0,137000,-547880,-410880
2009/07/15,0,871000,-468000,403000
2009/07/16,0,261000,-170000,91000
2009/07/17,0,479547,-36680,442867
2009/07/20,0,303000,-174000,129000
2009/07/21,0,223000,-369800,-146800
2009/07/22,0,538000,-158850,379150
2009/07/23,0,1704250,-96120,1608130
2009/07/24,0,6442000,-359890,6082110
2009/07/27,0,2652000,-1349000,1303000
2009/07/28,0,2177000,-161000,2016000
2009/07/29,0,426670,-107200,319470
2009/07/30,0,271000,-608000,-337000
2009/07/31,0,1142000,-802000,340000
2009/08/03,0,4007000,-485000,3522000
2009/08/04,0,7796000,-1894250,5901750
2009/08/05,0,1400000,-1500000,-100000
2009/08/06,0,2203000,-360000,1843000
2009/08/07,0,0,0,0
2009/08/10,0,1858504,-611000,1247504
2009/08/11,0,3476000,-199000,3277000
2009/08/12,0,1770000,-1702000,68000
2009/08/13,0,767000,-178000,589000
2009/08/14,0,421000,-450000,-29000
2009/08/17,0,157000,-609000,-452000
2009/08/18,0,334000,-322000,12000
2009/08/19,0,525000,-2307000,-1782000
2009/08/20,0,394000,-1489000,-1095000
2009/08/21,0,413000,-1468460,-1055460
2009/08/24,0,1212000,-161475,1050525
2009/08/25,0,118000,-532000,-414000
2009/08/26,0,1317000,-528000,789000
2009/08/27,0,605000,-393000,212000
2009/08/28,0,1618000,-164000,1454000
2009/08/31,0,924000,-1665850,-741850
2009/09/01,0,380000,-531075,-151075
2009/09/02,0,224000,-106000,118000
2009/09/03,0,1794000,-4747000,-2953000
2009/09/04,0,1306000,-135000,1171000
2009/09/07,0,245000,-102000,143000
2009/09/08,0,2121000,-93200,2027800
2009/09/09,0,2873000,-201000,2672000
2009/09/10,0,2785000,-70130,2714870
2009/09/11,0,649000,-138000,511000
2009/09/14,0,629000,-393000,236000
2009/09/15,0,921000,-65000,856000
2009/09/16,0,995000,-97000,898000
2009/09/17,0,790000,-31890,758110
2009/09/18,0,793000,-595000,198000
2009/09/21,0,182000,-378000,-196000
2009/09/22,0,189000,-9000,180000
2009/09/23,0,274000,-1048000,-774000
2009/09/24,0,134000,-584000,-450000
2009/09/25,0,135000,-1068930,-933930
2009/09/28,0,152000,-495000,-343000
2009/09/29,0,1128000,-1114000,14000
2009/09/30,0,837000,-644000,193000
2009/10/01,0,237000,-1373000,-1136000
2009/10/02,0,463000,-2084000,-1621000
2009/10/05,0,554100,-1840600,-1286500
2009/10/06,0,1054000,-3049500,-1995500
2009/10/07,0,532000,-3011240,-2479240
2009/10/08,0,2242000,-2627000,-385000
2009/10/09,0,995000,-1178000,-183000
2009/10/12,0,1211000,-1829000,-618000
2009/10/13,0,745230,-2974384,-2229154
2009/10/14,0,1016000,-576000,440000
2009/10/15,0,3163000,-189000,2974000
2009/10/16,0,816000,-419000,397000
2009/10/19,0,1777000,-395900,1381100
2009/10/20,0,851590,-477500,374090
2009/10/21,0,569000,-690000,-121000
2009/10/22,0,210000,-2635600,-2425600
2009/10/23,0,276000,-679000,-403000
2009/10/26,0,613000,-366000,247000
2009/10/27,0,133000,-812000,-679000
2009/10/28,0,70000,-796000,-726000
2009/10/29,0,154000,-1015000,-861000
2009/10/30,0,304000,-1706700,-1402700
2009/11/02,0,135000,-940000,-805000
2009/11/03,0,83000,-799000,-716000
2009/11/04,0,508000,-1350888,-842888
2009/11/05,0,282000,-1477000,-1195000
2009/11/06,0,2678000,-1000,2677000
2009/11/09,0,653000,-14000,639000
2009/11/10,0,700000,-2703,697297
2009/11/11,0,963000,-872000,91000
2009/11/12,0,770000,-998760,-228760
2009/11/13,0,1020010,-117000,903010
2009/11/16,0,1035000,-469010,565990
2009/11/17,0,1079000,-112000,967000
2009/11/18,0,1626000,-773000,853000
2009/11/19,0,1289000,-685250,603750
2009/11/20,0,452000,-718000,-266000
2009/11/23,0,588000,-43000,545000
2009/11/24,0,1002000,-100000,902000
2009/11/25,0,1758000,-128000,1630000
2009/11/26,0,665000,-55000,610000
2009/11/27,0,629000,-2020000,-1391000
2009/11/30,0,933549,-1515512,-581963
2009/12/01,0,1256000,-609000,647000
2009/12/02,0,652000,-208000,444000
2009/12/03,0,690000,-15735,674265
2009/12/04,0,1258000,-517000,741000
2009/12/07,0,951000,-63000,888000
2009/12/08,0,739000,-187000,552000
2009/12/09,0,393000,-622650,-229650
2009/12/10,0,898000,-1239550,-341550
2009/12/11,0,1674000,-819209,854791
2009/12/14,0,375000,-123000,252000
2009/12/15,0,276000,-51000,225000
2009/12/16,0,68000,-187000,-119000
2009/12/17,0,926200,-338000,588200
2009/12/18,0,148000,-363000,-215000
2009/12/21,0,356000,-52000,304000
2009/12/22,0,270000,-144000,126000
2009/12/23,0,380000,-50907,329093
2009/12/24,0,1063000,-7000,1056000
2009/12/25,0,270000,-4000,266000
2009/12/28,0,1182000,-30000,1152000
2009/12/29,0,160000,-54000,106000
2009/12/30,0,1068000,-557000,511000
2009/12/31,0,2356000,-97000,2259000
2010/01/01,0,0,0,0
2010/01/04,0,1624000,-202000,1422000
2010/01/05,0,1698000,-349000,1349000
2010/01/06,0,1196000,-200000,996000
2010/01/07,0,1020000,-311497,708503
2010/01/08,0,1055460,-13000,1042460
2010/01/11,0,1210000,-478000,732000
2010/01/12,0,701000,-1793000,-1092000
2010/01/13,0,293295,-97000,196295
2010/01/14,0,1508000,-80620,1427380
2010/01/15,0,2354855,-262000,2092855
2010/01/18,0,113000,-380000,-267000
2010/01/19,0,1779000,-639550,1139450
2010/01/20,0,617000,-615000,2000
2010/01/21,0,801000,-39000,762000
2010/01/22,0,1373000,-2093000,-720000
2010/01/25,0,416180,-803000,-386820
2010/01/26,0,547000,-3036000,-2489000
2010/01/27,0,1169000,-1429410,-260410
2010/01/28,0,807000,-896000,-89000
2010/01/29,0,1928000,-1373190,554810
2010/02/01,0,500000,-766320,-266320
2010/02/02,0,1023000,-1244440,-221440
2010/02/03,0,635140,-528000,107140
2010/02/04,0,100000,-737000,-637000
2010/02/05,0,107000,-1358460,-1251460
2010/02/08,0,1216000,-1722087,-506087
2010/02/09,0,633000,-403590,229410
2010/02/10,0,333000,-877591,-544591
2010/02/11,0,0,0,0
2010/02/12,0,0,0,0
2010/02/15,0,0,0,0
2010/02/16,0,0,0,0
2010/02/17,0,0,0,0
2010/02/18,0,0,0,0
2010/02/19,0,0,0,0
2010/02/22,0,2125000,-345820,1779180
2010/02/23,0,794000,-694000,100000
2010/02/24,0,1465000,-642000,823000
2010/02/25,0,1455000,-1217000,238000
2010/02/26,0,1144200,-165000,979200
2010/03/01,0,1552000,-251000,1301000
2010/03/02,0,827000,-188000,639000
2010/03/03,0,1045000,-196000,849000
2010/03/04,0,2924000,-1400000,1524000
2010/03/05,0,2237000,-319000,1918000
2010/03/08,0,1679000,-179000,1500000
2010/03/09,0,2654810,-35000,2619810
2010/03/10,0,1419000,-267203,1151797
2010/03/11,0,163000,-262000,-99000
2010/03/12,0,800000,-211000,589000
2010/03/15,0,165000,-357000,-192000
2010/03/16,0,43000,-17000,26000
2010/03/17,0,1770000,-252000,1518000
2010/03/18,0,758000,-87000,671000
2010/03/19,0,291000,-229000,62000
2010/03/22,0,158000,-519500,-361500
2010/03/23,0,64000,-75000,-11000
2010/03/24,0,478920,-1000,477920
2010/03/25,0,878005,-702000,176005
2010/03/26,0,2064000,-815000,1249000
2010/03/29,0,2147000,-555000,1592000
2010/03/30,0,1889800,-319000,1570800
2010/03/31,0,2034000,-432810,1601190
2010/04/01,0,2621740,-789337,1832403
2010/04/02,0,929000,-139000,790000
2010/04/05,0,0,0,0
2010/04/06,0,3132350,-771000,2361350
2010/04/07,0,1162030,-53000,1109030
2010/04/08,0,803000,-260000,543000
2010/04/09,0,1234000,-167870,1066130
2010/04/12,0,900720,-158000,742720
2010/04/13,0,1225000,-515000,710000
2010/04/14,0,218250,-100720,117530
2010/04/15,0,1410250,-1085000,325250
2010/04/16,0,379620,-422000,-42380
2010/04/19,0,1093001,-2593000,-1499999
2010/04/20,0,484300,-1570183,-1085883
2010/04/21,0,2248000,-460000,1788000
2010/04/22,0,1303000,-1148120,154880
2010/04/23,0,2092000,-764000,1328000
2010/04/26,0,2125000,-2000,2123000
2010/04/27,0,2224325,-1517325,707000
2010/04/28,0,911000,-1278190,-367190
2010/04/29,0,829000,-577000,252000
2010/04/30,0,4593000,-780000,3813000
2010/05/03,0,423000,-730000,-307000
2010/05/04,0,1500000,-964000,536000
2010/05/05,0,3403918,-3002150,401768
2010/05/06,0,1294451,-1302000,-7549
2010/05/07,0,2801940,-3849300,-1047360
2010/05/10,0,130590,-997480,-866890
2010/05/11,0,419000,-2621000,-2202000
2010/05/12,0,707426,-737000,-29574
2010/05/13,0,881000,-641000,240000
2010/05/14,0,474000,-769000,-295000
2010/05/17,0,1798000,-2719000,-921000
2010/05/18,0,556000,-92000,464000
2010/05/19,0,976000,-517000,459000
2010/05/20,0,866000,-687000,179000
2010/05/21,0,518000,-624060,-106060
2010/05/24,0,380000,-1135000,-755000
2010/05/25,0,331000,-717000,-386000
2010/05/26,0,960000,-3815000,-2855000
2010/05/27,0,923676,-2202600,-1278924
2010/05/28,0,1210000,-1927000,-717000
2010/05/31,0,667000,-366000,301000
2010/06/01,0,398000,-904000,-506000
2010/06/02,0,347000,-476000,-129000
2010/06/03,0,1514000,-54000,1460000
2010/06/04,0,306000,-241000,65000
2010/06/07,0,139000,-712300,-573300
2010/06/08,0,190000,-349000,-159000
2010/06/09,0,497000,-657000,-160000
2010/06/10,0,201000,-219000,-18000
2010/06/11,0,1278911,-66000,1212911
2010/06/14,0,1152391,-34000,1118391
2010/06/15,0,2257781,-737650,1520131
2010/06/16,0,0,0,0
2010/06/17,0,2359798,-123212,2236586
2010/06/18,0,1489755,-363000,1126755
2010/06/21,0,7014000,-744088,6269912
2010/06/22,0,5293986,-3762000,1531986
2010/06/23,0,1633465,-3643662,-2010197
2010/06/24,0,252000,-205680,46320
2010/06/25,0,250433,-1316000,-1065567
2010/06/28,0,1092000,-2853500,-1761500
2010/06/29,0,1123000,-837000,286000
2010/06/30,0,1151000,-1896000,-745000
2010/07/01,0,445000,-6986650,-6541650
2010/07/02,0,375000,-697610,-322610
2010/07/05,0,108173,-281000,-172827
2010/07/06,0,1539000,-2796000,-1257000
2010/07/07,0,2045728,-388000,1657728
2010/07/08,0,4536000,-147000,4389000
2010/07/09,0,609261,-47000,562261
2010/07/12,0,1028000,-1998456,-970456
2010/07/13,0,480000,-1898000,-1418000
2010/07/14,0,2609812,-545000,2064812
2010/07/15,0,2013000,-516000,1497000
2010/07/16,0,1669445,-935100,734345
2010/07/19,0,911000,-551000,360000
2010/07/20,0,1223197,-274000,949197
2010/07/21,0,1004000,-537300,466700
2010/07/22,0,1091000,-1030000,61000
2010/07/23,0,3942000,-859000,3083000
2010/07/26,0,1240140,-276000,964140
2010/07/27,0,385302,-308000,77302
2010/07/28,0,631000,-435000,196000
2010/07/29,0,908400,-274766,633634
2010/07/30,0,1781000,-1230294,550706
2010/08/02,0,2017000,-412000,1605000
2010/08/03,0,217000,-329000,-112000
2010/08/04,0,2280000,-508000,1772000
2010/08/05,0,834000,-169000,665000
2010/08/06,0,1081000,-13000,1068000
2010/08/09,0,967000,-109450,857550
2010/08/10,0,398000,-467000,-69000
2010/08/11,0,2197000,-1833428,363572
2010/08/12,0,645000,-3808000,-3163000
2010/08/13,0,818904,-314000,504904
2010/08/16,0,456000,-111000,345000
2010/08/17,0,232000,-264000,-32000
2010/08/18,0,1700000,-661000,1039000
2010/08/19,0,552000,-1012000,-460000
2010/08/20,0,296000,-330000,-34000
2010/08/23,0,548000,-147000,401000
2010/08/24,0,391000,-1926000,-1535000
2010/08/25,0,660000,-3131000,-2471000
2010/08/26,0,401000,-1205000,-804000
2010/08/27,0,1161000,-655400,505600
2010/08/30,0,249553,-335000,-85447
2010/08/31,0,1142000,-658370,483630
2010/09/01,0,255000,-208000,47000
2010/09/02,0,628000,-200642,427358
2010/09/03,0,1562000,-348000,1214000
2010/09/06,0,1113000,-76281,1036719
2010/09/07,0,1483000,-800390,682610
2010/09/08,0,258590,-281856,-23266
2010/09/09,0,2298000,-2213000,85000
2010/09/10,0,2706930,-2074000,632930
2010/09/13,0,5638000,-57867,5580133
2010/09/14,0,1909559,-645000,1264559
2010/09/15,0,2005500,-390045,1615455
2010/09/16,0,2204000,-214000,1990000
2010/09/17,0,1854000,-626000,1228000
2010/09/20,0,266000,-29000,237000
2010/09/21,0,238000,-899000,-661000
2010/09/22,0,0,0,0
2010/09/23,0,814881,-28000,786881
2010/09/24,0,2910070,-905000,2005070
2010/09/27,0,227510,-610000,-382490
2010/09/28,0,1170840,-1471000,-300160
2010/09/29,0,2423000,-493000,1930000
2010/09/30,0,453000,-225000,228000
2010/10/01,0,358500,-1000,357500
2010/10/04,0,765090,-68000,697090
2010/10/05,0,1972400,-281180,1691220
2010/10/06,0,2325434,-109000,2216434
2010/10/07,0,2516950,-392000,2124950
2010/10/08,0,609820,-250463,359357
2010/10/11,0,899130,-617300,281830
2010/10/12,0,163790,-620000,-456210
2010/10/13,0,2065480,-1142000,923480
2010/10/14,0,2078050,-662000,1416050
2010/10/15,0,462950,-153000,309950
2010/10/18,0,254000,-1076000,-822000
2010/10/19,0,1113000,-966000,147000
2010/10/20,0,1479000,-3157993,-1678993
2010/10/21,0,1549000,-1359000,190000
2010/10/22,0,885000,-517750,367250
2010/10/25,0,862000,-331000,531000
2010/10/26,0,698000,-63154,634846
2010/10/27,0,240740,-296000,-55260
2010/10/28,0,2803925,-819080,1984845
2010/10/29,0,816000,-321000,495000
2010/11/01,0,3092000,-165000,2927000
2010/11/02,0,1823000,-283000,1540000
2010/11/03,0,876000,-95000,781000
2010/11/04,0,1173000,-551000,622000
2010/11/05,0,1104000,-526806,577194
2010/11/08,0,817000,-525000,292000
2010/11/09,0,397000,-105000,292000
2010/11/10,0,435000,-440610,-5610
2010/11/11,0,1885000,-1878109,6891
2010/11/12,0,1403000,-1742500,-339500
2010/11/15,0,139601,-698000,-558399
2010/11/16,0,303000,-1147000,-844000
2010/11/17,0,928000,-1054000,-126000
2010/11/18,0,239500,-1799460,-1559960
2010/11/19,0,350460,-1114000,-763540
2010/11/22,0,1841220,-593000,1248220
2010/11/23,0,507010,-1181756,-674746
2010/11/24,0,740000,-86000,654000
2010/11/25,0,187000,-84000,103000
2010/11/26,0,244000,-880000,-636000
2010/11/29,0,1670000,-423549,1246451
2010/11/30,0,2136548,-682209,1454339
2010/12/01,0,3272000,-191000,3081000
2010/12/02,0,2068000,-161855,1906145
2010/12/03,0,983000,-1321000,-338000
2010/12/06,0,319000,-187000,132000
2010/12/07,0,1102820,-204000,898820
2010/12/08,0,2201000,-394000,1807000
2010/12/09,0,1987000,-341000,1646000
2010/12/10,0,369000,-310000,59000
2010/12/13,0,146000,-112000,34000
2010/12/14,0,765000,-285000,480000
2010/12/15,0,1035000,-883000,152000
2010/12/16,0,418000,-255000,163000
2010/12/17,0,476000,-204000,272000
2010/12/20,0,1635210,-752000,883210
2010/12/21,0,1155000,-426850,728150
2010/12/22,0,736000,-252530,483470
2010/12/23,0,347000,-120000,227000
2010/12/24,0,153000,-11000,142000
2010/12/27,0,594000,-1000,593000
2010/12/28,0,409000,-273000,136000
2010/12/29,0,454400,-208000,246400
2010/12/30,0,1869000,-849000,1020000
2010/12/31,0,1133000,-503980,629020
2011/01/03,0,655000,-450000,205000
2011/01/04,0,327000,-149000,178000
2011/01/05,0,742000,-585420,156580
2011/01/06,0,1526000,-141000,1385000
2011/01/07,0,399000,-1115000,-716000
2011/01/10,0,1173000,-1003000,170000
2011/01/11,0,1376000,-773000,603000
2011/01/12,0,380000,-388045,-8045
2011/01/13,0,451690,-492000,-40310
2011/01/14,0,782000,-419000,363000
2011/01/17,0,687486,-816000,-128514
2011/01/18,0,966000,-1101290,-135290
2011/01/19,0,1030000,-786000,244000
2011/01/20,0,271000,-235000,36000
2011/01/21,0,820000,-1460000,-640000
2011/01/24,0,171000,-308000,-137000
2011/01/25,0,657000,-293000,364000
2011/01/26,0,946000,-394760,551240
2011/01/27,0,249000,-172000,77000
2011/01/28,0,940150,-769000,171150
2011/01/31,0,0,0,0
2011/02/01,0,0,0,0
2011/02/02,0,0,0,0
2011/02/03,0,0,0,0
2011/02/04,0,0,0,0
2011/02/07,0,0,0,0
2011/02/08,0,1005000,-2095000,-1090000
2011/02/09,0,868000,-792855,75145
2011/02/10,0,451000,-1433740,-982740
2011/02/11,0,541000,-2321000,-1780000
2011/02/14,0,835000,-3058020,-2223020
2011/02/15,0,580000,-1779593,-1199593
2011/02/16,0,706000,-2364000,-1658000
2011/02/17,0,351000,-2413630,-2062630
2011/02/18,0,1316000,-2396000,-1080000
2011/02/21,0,509000,-2016000,-1507000
2011/02/22,0,693000,-4114045,-3421045
2011/02/23,0,513033,-1401370,-888337
2011/02/24,0,569000,-1595000,-1026000
2011/02/25,0,1228000,-2351153,-1123153
2011/02/28,0,0,0,0
2011/03/01,0,1532000,-1177000,355000
2011/03/02,0,1039000,-5845500,-4806500
2011/03/03,0,1418000,-1195000,223000
2011/03/04,0,562000,-801000,-239000
2011/03/07,0,1472000,-784000,688000
2011/03/08,0,1620000,-2205000,-585000
2011/03/09,0,960000,-1764343,-804343
2011/03/10,0,277000,-1248370,-971370
2011/03/11,0,331000,-1757510,-1426510
2011/03/14,0,758000,-1558000,-800000
2011/03/15,0,1572000,-2750770,-1178770
2011/03/16,0,1057000,-350440,706560
2011/03/17,0,476000,-367160,108840
2011/03/18,0,531300,-872702,-341402
2011/03/21,0,538000,-1644000,-1106000
2011/03/22,0,1569000,-3664300,-2095300
2011/03/23,0,932000,-1476000,-544000
2011/03/24,0,1093000,-930000,163000
2011/03/25,0,2327000,-1452000,875000
2011/03/28,0,1414000,-1281400,132600
2011/03/29,0,1321000,-1994000,-673000
2011/03/30,0,1074000,-1722000,-648000
2011/03/31,0,1052000,-1339038,-287038
2011/04/01,0,538000,-862000,-324000
2011/04/04,0,0,0,0
2011/04/05,0,0,0,0
2011/04/06,0,2578263,-1613000,965263
2011/04/07,0,1165000,-741000,424000
2011/04/08,0,4043873,-315000,3728873
2011/04/11,0,810000,-272000,538000
2011/04/12,0,1514548,-589000,925548
2011/04/13,0,2807000,-1115000,1692000
2011/04/14,0,2214000,-647520,1566480
2011/04/15,0,1009000,-484000,525000
2011/04/18,0,871000,-282779,588221
2011/04/19,0,1047000,-626000,421000
2011/04/20,0,1769470,-1021919,747551
2011/04/21,0,2266000,-533000,1733000
2011/04/22,0,631000,-166000,465000
2011/04/25,0,1543000,-339000,1204000
2011/04/26,0,1376615,-615000,761615
2011/04/27,0,3060000,-2121000,939000
2011/04/28,0,860260,-716300,143960
2011/04/29,0,2496650,-3867000,-1370350
2011/05/02,0,0,0,0
2011/05/03,0,860000,-952653,-92653
2011/05/04,0,2022000,-3595642,-1573642
2011/05/05,0,1069000,-1541000,-472000
2011/05/06,0,1057000,-977000,80000
2011/05/09,0,1818000,-385000,1433000
2011/05/10,0,614000,-274000,340000
2011/05/11,0,1199000,-725706,473294
2011/05/12,0,722000,-959000,-237000
2011/05/13,0,1245000,-1095000,150000
2011/05/16,0,724000,-539000,185000
2011/05/17,0,517000,-693000,-176000
2011/05/18,0,690000,-584000,106000
2011/05/19,0,1743145,-934000,809145
2011/05/20,0,1154000,-1123000,31000
2011/05/23,0,1025000,-2038000,-1013000
2011/05/24,0,792000,-439719,352281
2011/05/25,0,1705000,-3015749,-1310749
2011/05/26,0,813000,-537703,275297
2011/05/27,0,277000,-201000,76000
2011/05/30,0,281000,-492000,-211000
2011/05/31,0,1607000,-406068,1200932
2011/06/01,0,3231547,-651310,2580237
2011/06/02,0,2256000,-642000,1614000
2011/06/03,0,1082000,-96000,986000
2011/06/06,0,0,0,0
2011/06/07,0,674000,-505000,169000
2011/06/08,0,413000,-834000,-421000
2011/06/09,0,602000,-490249,111751
2011/06/10,0,313000,-935096,-622096
2011/06/13,0,198000,-885318,-687318
2011/06/14,0,488000,-849000,-361000
2011/06/15,0,2493000,-2272833,220167
2011/06/16,0,449750,-635000,-185250
2011/06/17,0,240846,-228000,12846
2011/06/20,0,298000,-407859,-109859
2011/06/21,0,555000,-574000,-19000
2011/06/22,0,333000,-663000,-330000
2011/06/23,0,308879,-1315658,-1006779
2011/06/24,0,1387000,-762831,624169
2011/06/27,0,1418000,-1319033,98967
2011/06/28,0,1119000,-842504,276496
2011/06/29,0,2366000,-1343000,1023000
2011/06/30,0,1868000,-902000,966000
2011/07/01,0,760814,-700037,60777
2011/07/04,0,615003,-788000,-172997
2011/07/05,0,1190856,-893000,297856
2011/07/06,0,1218947,-1283000,-64053
2011/07/07,0,717830,-579000,138830
2011/07/08,0,1049085,-123000,926085
2011/07/11,0,239936,-133000,106936
2011/07/12,0,624893,-365000,259893
2011/07/13,0,352019,-369000,-16981
2011/07/14,0,153318,-233000,-79682
2011/07/15,0,636530,-1064000,-427470
2011/07/18,0,83822,-824610,-740788
2011/07/19,0,103000,-411300,-308300
2011/07/20,0,1088411,-1855000,-766589
2011/07/21,0,856917,-1857000,-1000083
2011/07/22,0,936135,-1780000,-843865
2011/07/25,0,802467,-1295000,-492533
2011/07/26,0,1396290,-1877000,-480710
2011/07/27,0,659118,-1681000,-1021882
2011/07/28,0,720166,-2016000,-1295834
2011/07/29,0,697571,-2257287,-1559716
2011/08/01,0,1861580,-1612000,249580
2011/08/02,0,84197,-2616000,-2531803
2011/08/03,0,369188,-1510000,-1140812
2011/08/04,0,958398,-1196000,-237602
2011/08/05,0,360798,-2258000,-1897202
2011/08/08,0,392280,-4094000,-3701720
2011/08/09,0,2301000,-8468000,-6167000
2011/08/10,0,896156,-3843030,-2946874
2011/08/11,0,1273000,-939000,334000
2011/08/12,0,1168000,-2253270,-1085270
2011/08/15,0,832957,-203000,629957
2011/08/16,0,781000,-1001000,-220000
2011/08/17,0,760069,-743100,16969
2011/08/18,0,1107096,-1516000,-408904
2011/08/19,0,1125007,-937000,188007
2011/08/22,0,631159,-635000,-3841
2011/08/23,0,753000,-299490,453510
2011/08/24,0,1310600,-2809000,-1498400
2011/08/25,0,788265,-1064964,-276699
2011/08/26,0,558087,-733000,-174913
2011/08/29,0,703000,-328000,375000
2011/08/30,0,358447,-694000,-335553
2011/08/31,0,1362435,-574616,787819
2011/09/01,0,716225,-361553,354672
2011/09/02,0,352151,-739400,-387249
2011/09/05,0,955000,-1751791,-796791
2011/09/06,0,686395,-1254502,-568107
2011/09/07,0,529693,-660318,-130625
2011/09/08,0,1240787,-1715000,-474213
2011/09/09,0,868000,-1198000,-330000
2011/09/12,0,0,0,0
2011/09/13,0,1357943,-2073000,-715057
2011/09/14,0,787122,-2011217,-1224095
2011/09/15,0,1265505,-1558450,-292945
2011/09/16,0,2352000,-1188000,1164000
2011/09/19,0,497219,-384000,113219
2011/09/20,0,358186,-922000,-563814
2011/09/21,0,375686,-849250,-473564
2011/09/22,0,615831,-2318000,-1702169
2011/09/23,0,447235,-1252865,-805630
2011/09/26,0,488267,-673000,-184733
2011/09/27,0,815838,-619100,196738
2011/09/28,0,1437046,-749000,688046
2011/09/29,0,1255923,-932126,323797
2011/09/30,0,829000,-1360850,-531850
2011/10/03,0,494325,-1528877,-1034552
2011/10/04,0,745000,-633549,111451
2011/10/05,0,381000,-505604,-124604
2011/10/06,0,1170000,-273300,896700
2011/10/07,0,696000,-501000,195000
2011/10/10,0,0,0,0
2011/10/11,0,2106000,-513572,1592428
2011/10/12,0,751000,-2104850,-1353850
2011/10/13,0,902941,-2230200,-1327259
2011/10/14,0,280567,-1775600,-1495033
2011/10/17,0,638331,-267350,370981
2011/10/18,0,178440,-259875,-81435
2011/10/19,0,227930,-210450,17480
2011/10/20,0,108485,-486000,-377515
2011/10/21,0,60069,-139550,-79481
2011/10/24,0,2325372,-240000,2085372
2011/10/25,0,852689,-159556,693133
2011/10/26,0,779000,-340000,439000
2011/10/27,0,449275,-306000,143275
2011/10/28,0,2697000,-333000,2364000
2011/10/31,0,1105000,-645028,459972
2011/11/01,0,1059000,-350000,709000
2011/11/02,0,745000,-387000,358000
2011/11/03,0,650000,-1271650,-621650
2011/11/04,0,873000,-177250,695750
2011/11/07,0,146000,-53000,93000
2011/11/08,0,331078,-251400,79678
2011/11/09,0,611000,-327000,284000
2011/11/10,0,660000,-1079676,-419676
2011/11/11,0,71000,-804000,-733000
2011/11/14,0,218000,-509350,-291350
2011/11/15,0,330000,-206000,124000
2011/11/16,0,318000,-845000,-527000
2011/11/17,0,172000,-574341,-402341
2011/11/18,0,116000,-1119050,-1003050
2011/11/21,0,170000,-719600,-549600
2011/11/22,0,396000,-1337650,-941650
2011/11/23,0,221099,-1352000,-1130901
2011/11/24,0,446000,-800935,-354935
2011/11/25,0,90000,-1503000,-1413000
2011/11/28,0,246700,-401000,-154300
2011/11/29,0,224000,-367000,-143000
2011/11/30,0,1629000,-1772000,-143000
2011/12/01,0,2370000,-444200,1925800
2011/12/02,0,1318000,-214000,1104000
2011/12/05,0,515000,-354600,160400
2011/12/06,0,453000,-451000,2000
2011/12/07,0,1412000,-738000,674000
2011/12/08,0,2096000,-828150,1267850
2011/12/09,0,595000,-653450,-58450
2011/12/12,0,90000,-47000,43000
2011/12/13,0,365350,-319000,46350
2011/12/14,0,125000,-221000,-96000
2011/12/15,0,475000,-917350,-442350
2011/12/16,0,138000,-206600,-68600
2011/12/19,0,463000,-612000,-149000
2011/12/20,0,850799,-582000,268799
2011/12/21,0,759000,-497000,262000
2011/12/22,0,376000,-194500,181500
2011/12/23,0,1275000,-168000,1107000
2011/12/26,0,558000,-176000,382000
2011/12/27,0,731000,-91000,640000
2011/12/28,0,1102050,-335050,767000
2011/12/29,0,1144000,-256000,888000
2011/12/30,0,1235000,-369000,866000
2012/01/02,0,201000,-245000,-44000
2012/01/03,0,666000,-160000,506000
2012/01/04,0,775000,-473050,301950
2012/01/05,0,982000,-409000,573000
2012/01/06,0,569000,-694000,-125000
2012/01/09,0,766000,-337000,429000
2012/01/10,0,1965000,-741000,1224000
2012/01/11,0,744000,-595300,148700
2012/01/12,0,1115000,-445000,670000
2012/01/13,0,1464000,-225000,1239000
2012/01/16,0,327000,-534000,-207000
2012/01/17,0,514000,-191250,322750
2012/01/18,0,925000,-485000,440000
2012/01/19,0,0,0,0
2012/01/20,0,0,0,0
2012/01/23,0,0,0,0
2012/01/24,0,0,0,0
2012/01/25,0,0,0,0
2012/01/26,0,0,0,0
2012/01/27,0,0,0,0
2012/01/30,0,3647456,-1262500,2384956
2012/01/31,0,1395520,-593000,802520
2012/02/01,0,1222000,-900550,321450
2012/02/02,0,793000,-1077000,-284000
2012/02/03,0,603000,-1195350,-592350
2012/02/06,0,769000,-1580000,-811000
2012/02/07,0,795000,-604000,191000
2012/02/08,0,871000,-58000,813000
2012/02/09,0,329000,-340085,-11085
2012/02/10,0,685000,-936000,-251000
2012/02/13,0,1017000,-371000,646000
2012/02/14,0,132549,-267100,-134551
2012/02/15,0,888000,-363000,525000
2012/02/16,0,854000,-558000,296000
2012/02/17,0,1072000,-55000,1017000
2012/02/20,0,200000,-116000,84000
2012/02/21,0,302000,-187000,115000
2012/02/22,0,1531000,-730000,801000
2012/02/23,0,394000,-638000,-244000
2012/02/24,0,740000,-651000,89000
2012/02/27,0,0,0,0
2012/02/28,0,0,0,0
2012/02/29,0,2564294,-1394820,1169474
2012/03/01,0,441662,-766000,-324338
2012/03/02,0,510465,-706000,-195535
2012/03/05,0,216000,-805000,-589000
2012/03/06,0,489000,-933000,-444000
2012/03/07,0,199000,-649000,-450000
2012/03/08,0,417000,-1718000,-1301000
2012/03/09,0,353000,-1559000,-1206000
2012/03/12,0,283000,-266000,17000
2012/03/13,0,1427000,-241700,1185300
2012/03/14,0,984875,-111706,873169
2012/03/15,0,475000,-235000,240000
2012/03/16,0,330000,-806000,-476000
2012/03/19,0,298000,-176500,121500
2012/03/20,0,48000,-297600,-249600
2012/03/21,0,293000,-158000,135000
2012/03/22,0,532000,-88000,444000
2012/03/23,0,789000,-607000,182000
2012/03/26,0,634000,-1330000,-696000
2012/03/27,0,525000,-303000,222000
2012/03/28,0,623000,-121100,501900
2012/03/29,0,964000,-781000,183000
2012/03/30,0,1489644,-907000,582644
2012/04/02,0,498000,-408000,90000
2012/04/03,0,707960,-232000,475960
2012/04/04,0,0,0,0
2012/04/05,0,139000,-633000,-494000
2012/04/06,0,126226,-1301000,-1174774
2012/04/09,0,257000,-626000,-369000
2012/04/10,0,325000,-412000,-87000
2012/04/11,0,287000,-753970,-466970
2012/04/12,0,817000,-1062000,-245000
2012/04/13,0,247151,-272000,-24849
2012/04/16,0,1903000,-1773000,130000
2012/04/17,0,1643000,-1774450,-131450
2012/04/18,0,1289000,-1463000,-174000
2012/04/19,0,1057000,-958000,99000
2012/04/20,0,960000,-1265183,-305183
2012/04/23,0,1550000,-1068950,481050
2012/04/24,0,1427000,-1302000,125000
2012/04/25,0,977850,-930850,47000
2012/04/26,0,181000,-216717,-35717
2012/04/27,0,373986,-577000,-203014
2012/04/30,0,405000,-146717,258283
2012/05/01,0,0,0,0
2012/05/02,0,549000,-210000,339000
2012/05/03,0,120000,-297598,-177598
2012/05/04,0,877000,-277000,600000
2012/05/07,0,473000,-1586002,-1113002
2012/05/08,0,432000,-539000,-107000
2012/05/09,0,159000,-1905799,-1746799
2012/05/10,0,328720,-399326,-70606
2012/05/11,0,507902,-1048000,-540098
2012/05/14,0,74000,-208000,-134000
2012/05/15,0,103000,-202000,-99000
2012/05/16,0,421000,-1340950,-919950
2012/05/17,0,687000,-596000,91000
2012/05/18,0,535000,-1093000,-558000
2012/05/21,0,120000,-94000,26000
2012/05/22,0,443400,-468000,-24600
2012/05/23,0,805000,-869000,-64000
2012/05/24,0,329000,-268000,61000
2012/05/25,0,412000,-342000,70000
2012/05/28,0,151000,-232000,-81000
2012/05/29,0,367000,-138000,229000
2012/05/30,0,1717000,-1949183,-232183
2012/05/31,0,1518450,-1472494,45956
2012/06/01,0,384000,-625889,-241889
2012/06/04,0,681008,-253000,428008
2012/06/05,0,1052000,-528000,524000
2012/06/06,0,794000,-401000,393000
2012/06/07,0,486345,-356000,130345
2012/06/08,0,166693,-404018,-237325
2012/06/11,0,591071,-486000,105071
2012/06/12,0,265000,-672000,-407000
2012/06/13,0,316771,-896000,-579229
2012/06/14,0,283480,-974640,-691160
2012/06/15,0,724503,-1406000,-681497
2012/06/18,0,437728,-95000,342728
2012/06/19,0,374814,-1018000,-643186
2012/06/20,0,1324459,-927000,397459
2012/06/21,0,188332,-282000,-93668
2012/06/22,0,457089,-672000,-214911
2012/06/25,0,172000,-1070700,-898700
2012/06/26,0,329000,-391000,-62000
2012/06/27,0,605000,-822000,-217000
2012/06/28,0,1054000,-1021000,33000
2012/06/29,0,1116000,-490000,626000
2012/07/02,0,542000,-630000,-88000
2012/07/03,0,831000,-420000,411000
2012/07/04,0,815370,-526000,289370
2012/07/05,0,325000,-111000,214000
2012/07/06,0,684000,-201000,483000
2012/07/09,0,529000,-194000,335000
2012/07/10,0,273910,-574000,-300090
2012/07/11,0,317000,-224000,93000
2012/07/12,0,150000,-552000,-402000
2012/07/13,0,161425,-56050,105375
2012/07/16,0,157000,-102000,55000
2012/07/17,0,664000,-65000,599000
2012/07/18,0,188000,-519000,-331000
2012/07/19,0,445000,-194000,251000
2012/07/20,0,296000,-65000,231000
2012/07/23,0,224000,-653000,-429000
2012/07/24,0,435000,-281000,154000
2012/07/25,0,149000,-645000,-496000
2012/07/26,0,215000,-661579,-446579
2012/07/27,0,242000,-92650,149350
2012/07/30,0,655663,-103580,552083
2012/07/31,0,975000,-1139501,-164501
2012/08/01,0,219000,-52000,167000
2012/08/02,0,0,0,0
2012/08/03,0,387536,-837000,-449464
2012/08/06,0,1007000,-418000,589000
2012/08/07,0,1570000,-246000,1324000
2012/08/08,0,787948,-198000,589948
2012/08/09,0,1749000,-708500,1040500
2012/08/10,0,738000,-319000,419000
2012/08/13,0,256000,-313000,-57000
2012/08/14,0,1391000,-470000,921000
2012/08/15,0,1251000,-178000,1073000
2012/08/16,0,523000,-230300,292700
2012/08/17,0,231000,-653000,-422000
2012/08/20,0,89000,-78904,10096
2012/08/21,0,1434646,-619600,815046
2012/08/22,0,151497,-647000,-495503
2012/08/23,0,289781,-289000,781
2012/08/24,0,199000,-652000,-453000
2012/08/27,0,493000,-622000,-129000
2012/08/28,0,317295,-410500,-93205
2012/08/29,0,193000,-556600,-363600
2012/08/30,0,911000,-1594000,-683000
2012/08/31,0,496145,-714800,-218655
2012/09/03,0,197000,-184000,13000
2012/09/04,0,93000,-422000,-329000
2012/09/05,0,111000,-1105100,-994100
2012/09/06,0,94000,-690000,-596000
2012/09/07,0,170991,-57000,113991
2012/09/10,0,225000,-364000,-139000
2012/09/11,0,402000,-268000,134000
2012/09/12,0,428000,-7000,421000
2012/09/13,0,526000,-132000,394000
2012/09/14,0,1252000,-187000,1065000
2012/09/17,0,488000,-408000,80000
2012/09/18,0,849000,-1161000,-312000
2012/09/19,0,2204000,-1864850,339150
2012/09/20,0,617000,-589000,28000
2012/09/21,0,1469000,-691000,778000
2012/09/24,0,366000,-469000,-103000
2012/09/25,0,1022000,-85000,937000
2012/09/26,0,490000,-410000,80000
2012/09/27,0,933000,-890194,42806
2012/09/28,0,891000,-433146,457854
2012/10/01,0,343000,-412544,-69544
2012/10/02,0,798000,-257000,541000
2012/10/03,0,387000,-252467,134533
2012/10/04,0,426000,-215000,211000
2012/10/05,0,255000,-145000,110000
2012/10/08,0,428000,-589000,-161000
2012/10/09,0,1165000,-603659,561341
2012/10/10,0,0,0,0
2012/10/11,0,171200,-258000,-86800
2012/10/12,0,280000,-389000,-109000
2012/10/15,0,117000,-63000,54000
2012/10/16,0,65000,-339000,-274000
2012/10/17,0,184000,-524000,-340000
2012/10/18,0,137000,-154000,-17000
2012/10/19,0,219000,-465000,-246000
2012/10/22,0,161000,-323466,-162466
2012/10/23,0,31000,-207460,-176460
2012/10/24,0,65000,-451833,-386833
2012/10/25,0,64000,-361000,-297000
2012/10/26,0,156000,-600000,-444000
2012/10/29,0,261600,-374200,-112600
2012/10/30,0,315000,-808000,-493000
2012/10/31,0,204000,-741000,-537000
2012/11/01,0,167000,-772000,-605000
2012/11/02,0,227000,-273000,-46000
2012/11/05,0,151000,-320000,-169000
2012/11/06,0,194000,-273000,-79000
2012/11/07,0,157000,-327000,-170000
2012/11/08,0,235000,-1034000,-799000
2012/11/09,0,250000,-414000,-164000
2012/11/12,0,225000,-420000,-195000
2012/11/13,0,395000,-993000,-598000
2012/11/14,0,32000,-165000,-133000
2012/11/15,0,224000,-445000,-221000
2012/11/16,0,289000,-625000,-336000
2012/11/19,0,175000,-269000,-94000
2012/11/20,0,197000,-123000,74000
2012/11/21,0,500000,-818150,-318150
2012/11/22,0,506000,-3000,503000
2012/11/23,0,1235000,-41000,1194000
2012/11/26,0,584000,-176000,408000
2012/11/27,0,943000,-146000,797000
2012/11/28,0,948800,-523000,425800
2012/11/29,0,1822000,-402770,1419230
2012/11/30,0,2125000,-397685,1727315
2012/12/03,0,1187000,-356150,830850
2012/12/04,0,802000,-356000,446000
2012/12/05,0,1452000,-134000,1318000
2012/12/06,0,974000,-552477,421523
2012/12/07,0,1070000,-74000,996000
2012/12/10,0,781000,-119000,662000
2012/12/11,0,1169692,-120000,1049692
2012/12/12,0,1294000,-310000,984000
2012/12/13,0,1355627,-473000,882627
2012/12/14,0,1106132,-330000,776132
2012/12/17,0,437000,-123000,314000
2012/12/18,0,922000,-403000,519000
2012/12/19,0,761000,-265000,496000
2012/12/20,0,799000,-734000,65000
2012/12/21,0,222000,-907757,-685757
2012/12/24,0,169000,-65000,104000
2012/12/25,0,538000,-24000,514000
2012/12/26,0,454000,-243000,211000
2012/12/27,0,423041,-282405,140636
2012/12/28,0,772000,-707059,64941
2012/12/31,0,0,0,0
2013/01/01,0,0,0,0
2013/01/02,0,806000,-72000,734000
2013/01/03,0,319000,-208000,111000
2013/01/04,0,177000,-421000,-244000
2013/01/07,0,319000,-432500,-113500
2013/01/08,0,242000,-290050,-48050
2013/01/09,0,441000,-366000,75000
2013/01/10,0,1452000,-74000,1378000
2013/01/11,0,1934000,-114000,1820000
2013/01/14,0,214000,-156250,57750
2013/01/15,0,519000,-226000,293000
2013/01/16,0,213000,-598000,-385000
2013/01/17,0,430100,-460000,-29900
2013/01/18,0,462000,-410000,52000
2013/01/21,0,52000,-615050,-563050
2013/01/22,0,100000,-176000,-76000
2013/01/23,0,79000,-43209,35791
2013/01/24,0,376000,-747000,-371000
2013/01/25,0,637000,-1472600,-835600
2013/01/28,0,360000,-581839,-221839
2013/01/29,0,422000,-323300,98700
2013/01/30,0,817000,-759000,58000
2013/01/31,0,846000,-1376000,-530000
2013/02/01,0,386000,-927000,-541000
2013/02/04,0,553000,-282000,271000
2013/02/05,0,538000,-434000,104000
2013/02/06,0,336000,-376000,-40000
2013/02/07,0,0,0,0
2013/02/08,0,0,0,0
2013/02/11,0,0,0,0
2013/02/12,0,0,0,0
2013/02/13,0,0,0,0
2013/02/14,0,0,0,0
2013/02/15,0,0,0,0
2013/02/18,0,723577,-713000,10577
2013/02/19,0,223771,-629000,-405229
2013/02/20,0,522333,-919000,-396667
2013/02/21,0,376000,-762000,-386000
2013/02/22,0,273000,-559900,-286900
2013/02/25,0,418000,-718258,-300258
2013/02/26,0,236000,-413558,-177558
2013/02/27,0,450000,-657905,-207905
2013/02/28,0,0,0,0
2013/03/01,0,746000,-746000,0
2013/03/04,0,605000,-1679000,-1074000
2013/03/05,0,492000,-796000,-304000
2013/03/06,0,481000,-278000,203000
2013/03/07,0,720000,-193713,526287
2013/03/08,0,560000,-167000,393000
2013/03/11,0,565000,-486000,79000
2013/03/12,0,224000,-164266,59734
2013/03/13,0,101000,-329000,-228000
2013/03/14,0,466000,-510990,-44990
2013/03/15,0,309000,-622050,-313050
2013/03/18,0,38000,-966000,-928000
2013/03/19,0,406000,-690000,-284000
2013/03/20,0,200000,-1346340,-1146340
2013/03/21,0,133000,-877000,-744000
2013/03/22,0,303452,-688212,-384760
2013/03/25,0,45000,-379000,-334000
2013/03/26,0,454000,-742000,-288000
2013/03/27,0,421000,-697000,-276000
2013/03/28,0,204000,-741000,-537000
2013/03/29,0,481000,-610000,-129000
2013/04/01,0,93859,-12000,81859
2013/04/02,0,440000,-309650,130350
2013/04/03,0,279000,-33000,246000
2013/04/04,0,0,0,0
2013/04/05,0,0,0,0
2013/04/08,0,339000,-1164400,-825400
2013/04/09,0,471000,-819391,-348391
2013/04/10,0,121000,-617000,-496000
2013/04/11,0,66564,-194000,-127436
2013/04/12,0,116000,-182000,-66000
2013/04/15,0,54284,-93000,-38716
2013/04/16,0,431315,-391950,39365
2013/04/17,0,1326200,-639000,687200
2013/04/18,0,722800,-434000,288800
2013/04/19,0,320400,-136000,184400
2013/04/22,0,250100,-218000,32100
2013/04/23,0,291000,-27000,264000
2013/04/24,0,462000,-2000,460000
2013/04/25,0,465316,-61000,404316
2013/04/26,0,554700,-111000,443700
2013/04/29,0,1131000,-99000,1032000
2013/04/30,0,1254400,-1462000,-207600
2013/05/01,0,0,0,0
2013/05/02,0,1017000,-585973,431027
2013/05/03,0,208000,-160000,48000
2013/05/06,0,282000,-151625,130375
2013/05/07,0,448700,-166254,282446
2013/05/08,0,1934200,-120193,1814007
2013/05/09,0,909776,-322000,587776
2013/05/10,0,646000,-138000,508000
2013/05/13,0,59200,-114000,-54800
2013/05/14,0,488000,-494000,-6000
2013/05/15,0,583104,-596000,-12896
2013/05/16,0,1563000,-825000,738000
2013/05/17,0,314000,-1900,312100
2013/05/20,0,75000,-171000,-96000
2013/05/21,0,257000,-49463,207537
2013/05/22,0,732000,-119000,613000
2013/05/23,0,727000,-842000,-115000
2013/05/24,0,422000,-300000,122000
2013/05/27,0,311391,-176000,135391
2013/05/28,0,43000,-131727,-88727
2013/05/29,0,338000,-226000,112000
2013/05/30,0,92000,-1476000,-1384000
2013/05/31,0,939000,-1248780,-309780
2013/06/03,0,920000,-798000,122000
2013/06/04,0,390000,-718000,-328000
2013/06/05,0,178000,-338583,-160583
2013/06/06,0,132203,-939300,-807097
2013/06/07,0,57000,-462162,-405162
2013/06/10,0,55000,-184000,-129000
2013/06/11,0,315913,-499000,-183087
2013/06/12,0,0,0,0
2013/06/13,0,194000,-922000,-728000
2013/06/14,0,209000,-1046000,-837000
2013/06/17,0,92000,-192107,-100107
2013/06/18,0,140000,-716000,-576000
2013/06/19,0,263000,-576883,-313883
2013/06/20,0,137000,-883075,-746075
2013/06/21,0,401000,-1252724,-851724
2013/06/24,0,299000,-1215150,-916150
2013/06/25,0,342000,-592000,-250000
2013/06/26,0,1119000,-1035755,83245
2013/06/27,0,944000,-1366000,-422000
2013/06/28,0,1855000,-2036000,-181000
2013/07/01,0,673000,-412000,261000
2013/07/02,0,466000,-389348,76652
2013/07/03,0,473000,-373700,99300
2013/07/04,0,236000,-91000,145000
2013/07/05,0,957000,-400000,557000
2013/07/08,0,924000,-612000,312000
2013/07/09,0,1004000,-243000,761000
2013/07/10,0,586000,-114000,472000
2013/07/11,0,1967000,-256000,1711000
2013/07/12,0,845000,-110000,735000
2013/07/15,0,917000,-88000,829000
2013/07/16,0,1114000,-418000,696000
2013/07/17,0,1514000,-183000,1331000
2013/07/18,0,1177000,-191000,986000
2013/07/19,0,1274168,-480000,794168
2013/07/22,0,1197645,-330000,867645
2013/07/23,0,1742000,-301000,1441000
2013/07/24,0,931000,-100000,831000
2013/07/25,0,271000,-203000,68000
2013/07/26,0,312000,-180000,132000
2013/07/29,0,655000,-479000,176000
2013/07/30,0,954000,-621000,333000
2013/07/31,0,1032000,-2008000,-976000
2013/08/01,0,347000,-396000,-49000
2013/08/02,0,170000,-275000,-105000
2013/08/05,0,107000,-425000,-318000
2013/08/06,0,143000,-813000,-670000
2013/08/07,0,196000,-1013000,-817000
2013/08/08,0,142000,-1379000,-1237000
2013/08/09,0,423000,-1278000,-855000
2013/08/12,0,42000,-388000,-346000
2013/08/13,0,161000,-268000,-107000
2013/08/14,0,122354,-684000,-561646
2013/08/15,0,126000,-809092,-683092
2013/08/16,0,110788,-301000,-190212
2013/08/19,0,215000,-468000,-253000
2013/08/20,0,369791,-720791,-351000
2013/08/21,0,0,0,0
2013/08/22,0,609791,-1743292,-1133501
2013/08/23,0,230000,-484000,-254000
2013/08/26,0,22000,-115000,-93000
2013/08/27,0,101000,-317000,-216000
2013/08/28,0,8000,-324000,-316000
2013/08/29,0,574000,-497000,77000
2013/08/30,0,798000,-278080,519920
2013/09/02,0,471000,-193000,278000
2013/09/03,0,1153000,-286000,867000
2013/09/04,0,820000,-213000,607000
2013/09/05,0,1808419,-655000,1153419
2013/09/06,0,516000,-749000,-233000
2013/09/09,0,1281000,-1059000,222000
2013/09/10,0,1846000,-851000,995000
2013/09/11,0,1733000,-287476,1445524
2013/09/12,0,1268000,0,1268000
2013/09/13,0,652000,-553791,98209
2013/09/16,0,1273000,-84000,1189000
2013/09/17,0,1230000,-214000,1016000
2013/09/18,0,691876,-466750,225126
2013/09/19,0,0,0,0
2013/09/20,0,0,0,0
2013/09/23,0,1226000,-215000,1011000
2013/09/24,0,728000,-530845,197155
2013/09/25,0,1123000,-336000,787000
2013/09/26,0,335000,-231000,104000
2013/09/27,0,420000,-314156,105844
2013/09/30,0,716855,-682000,34855
2013/10/01,0,135000,-284719,-149719
2013/10/02,0,184000,-158533,25467
2013/10/03,0,1283462,-48000,1235462
2013/10/04,0,1040000,-81000,959000
2013/10/07,0,207000,-247000,-40000
2013/10/08,0,610000,-410000,200000
2013/10/09,0,199000,-462000,-263000
2013/10/10,0,0,0,0
2013/10/11,0,326000,-298050,27950
2013/10/14,0,510000,-216688,293312
2013/10/15,0,818000,-394000,424000
2013/10/16,0,208000,-138000,70000
2013/10/17,0,706000,-667500,38500
2013/10/18,0,245000,-141000,104000
2013/10/21,0,191000,-110000,81000
2013/10/22,0,248000,-45000,203000
2013/10/23,0,192141,-338000,-145859
2013/10/24,0,143000,-200000,-57000
2013/10/25,0,151396,-655000,-503604
2013/10/28,0,648000,-672000,-24000
2013/10/29,0,667000,-763000,-96000
2013/10/30,0,318000,-313000,5000
2013/10/31,0,1151000,-3030070,-1879070
2013/11/01,0,189000,-233000,-44000
2013/11/04,0,115000,-223000,-108000
2013/11/05,0,61000,-1098763,-1037763
2013/11/06,0,419000,-115000,304000
2013/11/07,0,110000,-395000,-285000
2013/11/08,0,368000,-5943000,-5575000
2013/11/11,0,155000,-1185000,-1030000
2013/11/12,0,516000,-1926500,-1410500
2013/11/13,0,309670,-933000,-623330
2013/11/14,0,381000,-1055000,-674000
2013/11/15,0,479000,-742000,-263000
2013/11/18,0,122000,-1025732,-903732
2013/11/19,0,378572,-978572,-600000
2013/11/20,0,36000,-679919,-643919
2013/11/21,0,39000,-1847000,-1808000
2013/11/22,0,106000,-466000,-360000
2013/11/25,0,883900,-1917000,-1033100
2013/11/26,0,15499467,-23132304,-7632837
2013/11/27,0,1493000,-1260000,233000
2013/11/28,0,857000,-1431000,-574000
2013/11/29,0,1203000,-1304000,-101000
2013/12/02,0,286000,-2045000,-1759000
2013/12/03,0,121000,-1123632,-1002632
2013/12/04,0,512000,-996000,-484000
2013/12/05,0,124000,-1274200,-1150200
2013/12/06,0,78000,-483000,-405000
2013/12/09,0,920000,-619725,300275
2013/12/10,0,464000,-1869000,-1405000
2013/12/11,0,371000,-1028000,-657000
2013/12/12,0,12000,-708011,-696011
2013/12/13,0,113000,-738000,-625000
2013/12/16,0,7000,-1064000,-1057000
2013/12/17,0,5000,-889000,-884000
2013/12/18,0,206000,-1173149,-967149
2013/12/19,0,187000,-638100,-451100
2013/12/20,0,230000,-257107,-27107
2013/12/23,0,349000,-301000,48000
2013/12/24,0,44000,-116000,-72000
2013/12/25,0,64000,-100000,-36000
2013/12/26,0,20000,-21000,-1000
2013/12/27,0,455000,-236000,219000
2013/12/30,0,369000,-150501,218499
2013/12/31,0,294000,-171750,122250
2014/01/02,0,238000,-644000,-406000
2014/01/03,0,23000,-610000,-587000
2014/01/06,0,140837,-222000,-81163
2014/01/07,0,224000,-464000,-240000
2014/01/08,0,55000,-456000,-401000
2014/01/09,0,70000,-187000,-117000
2014/01/10,0,352000,-139000,213000
2014/01/13,0,264000,-137000,127000
2014/01/14,0,600000,-584000,16000
2014/01/15,0,265000,-373000,-108000
2014/01/16,0,20000,-280000,-260000
2014/01/17,0,36000,-118000,-82000
2014/01/20,0,43000,-333000,-290000
2014/01/21,0,70000,-492000,-422000
2014/01/22,0,175000,-108000,67000
2014/01/23,0,89000,-494001,-405001
2014/01/24,0,260000,-224000,36000
2014/01/27,0,732000,-2132298,-1400298
2014/02/05,0,339000,-3294650,-2955650
2014/02/06,0,215000,-2191942,-1976942
2014/02/07,0,282000,-1139000,-857000
2014/02/10,0,14000,-380000,-366000
2014/02/11,0,16000,-293890,-277890
2014/02/12,0,65000,-805570,-740570
2014/02/13,0,345635,-392000,-46365
2014/02/14,0,562000,-182300,379700
2014/02/17,0,141000,-318000,-177000
2014/02/18,0,301000,-82000,219000
2014/02/19,0,350000,-357046,-7046
2014/02/20,0,72000,-603000,-531000
2014/02/21,0,338000,-344000,-6000
2014/02/24,0,112000,-142000,-30000
2014/02/25,0,280000,-343350,-63350
2014/02/26,0,226000,-680200,-454200
2014/02/27,0,277000,-4603717,-4326717
2014/03/03,0,350000,-2517000,-2167000
2014/03/04,0,150000,-1122000,-972000
2014/03/05,0,365000,-1037000,-672000
2014/03/06,0,171000,-1078000,-907000
2014/03/07,0,163000,-664000,-501000
2014/03/10,0,393000,-417712,-24712
2014/03/11,0,124000,-602000,-478000
2014/03/12,0,113000,-393000,-280000
2014/03/13,0,117000,-370627,-253627
2014/03/14,0,251000,-556922,-305922
2014/03/17,0,177000,-178000,-1000
2014/03/18,0,347000,-56000,291000
2014/03/19,0,38000,-532000,-494000
2014/03/20,0,0,-959750,-959750
2014/03/21,0,702000,-816000,-114000
2014/03/24,0,560000,-592000,-32000
2014/03/25,0,218000,-204800,13200
2014/03/26,0,319000,-588000,-269000
2014/03/27,0,255000,-1286000,-1031000
2014/03/28,0,641000,-413000,228000
2014/03/31,0,406600,-331000,75600
2014/04/01,0,153000,-320760,-167760
2014/04/02,0,417000,-877000,-460000
2014/04/03,0,509000,-942000,-433000
2014/04/07,0,337000,-1079000,-742000
2014/04/08,0,750000,-1328400,-578400
2014/04/09,0,1898000,-781480,1116520
2014/04/10,0,1314000,-387000,927000
2014/04/11,0,278000,-349000,-71000
2014/04/14,0,278000,-647000,-369000
2014/04/15,0,412000,-208000,204000
2014/04/16,0,1193000,-522000,671000
2014/04/17,0,291000,-283000,8000
2014/04/18,0,215000,-101798,113202
2014/04/21,0,306000,-1123000,-817000
2014/04/22,0,435000,-379000,56000
2014/04/23,0,732000,-1143000,-411000
2014/04/24,0,374000,-434000,-60000
2014/04/25,0,469000,-563000,-94000
2014/04/28,0,697000,-1119000,-422000
2014/04/29,0,1270000,-754614,515386
2014/04/30,0,381000,-762000,-381000
2014/05/02,0,483000,-738000,-255000
2014/05/05,0,498000,-1200000,-702000
2014/05/06,0,799000,-1259000,-460000
2014/05/07,0,1043000,-1955000,-912000
2014/05/08,0,569000,-1682500,-1113500
2014/05/09,0,1823000,-741649,1081351
2014/05/12,0,713000,-1805000,-1092000
2014/05/13,0,802000,-2091000,-1289000
2014/05/14,0,1170000,-1830000,-660000
2014/05/15,0,1252000,-3096000,-1844000
2014/05/16,0,752000,-3342930,-2590930
2014/05/19,0,1271000,-1803877,-532877
2014/05/20,0,991251,-2268700,-1277449
2014/05/21,0,745000,-1438776,-693776
2014/05/22,0,565000,-1890850,-1325850
2014/05/23,0,790000,-2243100,-1453100
2014/05/26,0,1395000,-3508337,-2113337
2014/05/27,0,1264000,-4693650,-3429650
2014/05/28,0,3475000,-3978201,-503201
2014/05/29,0,3106000,-3920826,-814826
2014/05/30,0,36898934,-43551720,-6652786
2014/06/03,0,7646000,-8579850,-933850
2014/06/04,0,1532798,-2594701,-1061903
2014/06/05,0,2198000,-2446000,-248000
2014/06/06,0,407000,-2527000,-2120000
2014/06/09,0,1142000,-1371000,-229000
2014/06/10,0,1715271,-2179759,-464488
2014/06/11,0,4053600,-2270000,1783600
2014/06/12,0,413000,-835000,-422000
2014/06/13,0,958000,-1493000,-535000
2014/06/16,0,346000,-1277850,-931850
2014/06/17,0,1570000,-719000,851000
2014/06/18,0,1492000,-1024600,467400
2014/06/19,0,805000,-718480,86520
2014/06/20,0,1730800,-581000,1149800
2014/06/23,0,451000,-156000,295000
2014/06/24,0,1284000,-517322,766678
2014/06/25,0,938000,-554000,384000
2014/06/26,0,375097,-326000,49097
2014/06/27,0,256000,-940000,-684000
2014/06/30,0,774000,-1071350,-297350
2014/07/01,0,469000,-688000,-219000
2014/07/02,0,428584,-764000,-335416
2014/07/03,0,68000,-558000,-490000
2014/07/04,0,132000,-928000,-796000
2014/07/07,0,77000,-768000,-691000
2014/07/08,0,359000,-106000,253000
2014/07/09,0,858000,-303000,555000
2014/07/10,0,271000,-301000,-30000
2014/07/11,0,703000,-391000,312000
2014/07/14,0,742000,-54000,688000
2014/07/15,0,482280,-462000,20280
2014/07/16,0,400000,-189000,211000
2014/07/17,0,240191,-183000,57191
2014/07/18,0,477000,-199000,278000
2014/07/21,0,154000,-12919,141081
2014/07/22,0,1793000,-485000,1308000
2014/07/23,0,0,0,0
2014/07/24,0,81000,-794255,-713255
2014/07/25,0,251000,-338000,-87000
2014/07/28,0,548000,-99000,449000
2014/07/29,0,576000,-346000,230000
2014/07/30,0,1217000,-90000,1127000
2014/07/31,0,399000,-449000,-50000
2014/08/01,0,295000,-450000,-155000
2014/08/04,0,361000,-442050,-81050
2014/08/05,0,211000,-750574,-539574
2014/08/06,0,137000,-517000,-380000
2014/08/07,0,120244,-338571,-218327
2014/08/08,0,189000,-313000,-124000
2014/08/11,0,223000,-342000,-119000
2014/08/12,0,562000,-701000,-139000
2014/08/13,0,406000,-382000,24000
2014/08/14,0,58000,-581000,-523000
2014/08/15,0,74000,-224000,-150000
2014/08/18,0,227000,-353000,-126000
2014/08/19,0,1590000,-463000,1127000
2014/08/20,0,1462000,-1745000,-283000
2014/08/21,0,2210000,-1014000,1196000
2014/08/22,0,2407000,-197430,2209570
2014/08/25,0,4180000,-1237000,2943000
2014/08/26,0,3067000,-1522824,1544176
2014/08/27,0,3346000,-780790,2565210
2014/08/28,0,2288000,-718000,1570000
2014/08/29,0,2919000,-778000,2141000
2014/09/01,0,3518000,-734000,2784000
2014/09/02,0,4523000,-1004000,3519000
2014/09/03,0,3781000,-291000,3490000
2014/09/04,0,4009000,-151000,3858000
2014/09/05,0,4486000,-813000,3673000
2014/09/09,0,2215584,-1324584,891000
2014/09/10,0,3296000,-1169000,2127000
2014/09/11,0,2899000,-2029000,870000
2014/09/12,0,3480049,-1877450,1602599
2014/09/15,0,3739000,-637500,3101500
2014/09/16,0,2615000,-941000,1674000
2014/09/17,0,5638000,-1295000,4343000
2014/09/18,0,3048426,-696000,2352426
2014/09/19,0,2032000,-466000,1566000
2014/09/22,0,1915000,-739000,1176000
2014/09/23,0,2173000,-575000,1598000
2014/09/24,0,4629000,-768000,3861000
2014/09/25,0,1257000,-828400,428600
2014/09/26,0,823000,-552000,271000
2014/09/29,0,624000,-57000,567000
2014/09/30,0,3600000,-558000,3042000
2014/10/01,0,1595000,-1097000,498000
2014/10/02,0,2554000,-1705000,849000
2014/10/03,0,1417000,-391000,1026000
2014/10/06,0,3811000,-840000,2971000
2014/10/07,0,3086000,-837000,2249000
2014/10/08,0,4364000,-1547073,2816927
2014/10/09,0,2561338,-1581000,980338
2014/10/13,0,1962000,-844000,1118000
2014/10/14,0,1595000,-719000,876000
2014/10/15,0,891118,-1812199,-921081
2014/10/16,0,3931701,-957000,2974701
2014/10/17,0,4610000,-5020000,-410000
2014/10/20,0,950000,-1105000,-155000
2014/10/21,0,2578000,-881000,1697000
2014/10/22,0,1454000,-1896000,-442000
2014/10/23,0,1620443,-2757000,-1136557
2014/10/24,0,2357000,-3516750,-1159750
2014/10/27,0,3169000,-3465287,-296287
2014/10/28,0,4298000,-1122349,3175651
2014/10/29,0,7088000,-1076007,6011993
2014/10/30,0,2396000,-2500000,-104000
2014/10/31,0,1740000,-1223000,517000
2014/11/03,0,1570000,-1655000,-85000
2014/11/04,0,2261000,-1807000,454000
2014/11/05,0,7071066,-3363000,3708066
2014/11/06,0,3376000,-2466000,910000
2014/11/07,0,3306000,-2041070,1264930
2014/11/10,0,3792645,-1458000,2334645
2014/11/11,0,4638000,-2143000,2495000
2014/11/12,0,2490000,-1521428,968572
2014/11/13,0,1642000,-611000,1031000
2014/11/14,0,7021000,-732000,6289000
2014/11/17,0,2340000,-697000,1643000
2014/11/18,0,4088322,-1075210,3013112
2014/11/19,0,4852000,-5424378,-572378
2014/11/20,0,2931000,-1825640,1105360
2014/11/21,0,1724000,-1023864,700136
2014/11/24,0,2016000,-499096,1516904
2014/11/25,0,5943000,-498000,5445000
2014/11/26,0,1734000,-1554000,180000
2014/11/27,0,976000,-266000,710000
2014/11/28,0,3545000,-268000,3277000
2014/12/01,0,3082000,-1486300,1595700
2014/12/02,0,1536000,-2749192,-1213192
2014/12/03,0,1348000,-333000,1015000
2014/12/04,0,1445000,-563000,882000
2014/12/05,0,3547882,-253000,3294882
2014/12/08,0,3012000,-932535,2079465
2014/12/09,0,1951000,-1274014,676986
2014/12/10,0,3554000,-2921000,633000
2014/12/11,0,2247000,-186000,2061000
2014/12/12,0,2305000,-2119288,185712
2014/12/15,0,220000,-446000,-226000
2014/12/16,0,4720000,-1983000,2737000
2014/12/17,0,680000,-2280280,-1600280
2014/12/18,0,2109000,-2525000,-416000
2014/12/19,0,863000,-1436125,-573125
2014/12/22,0,352000,-1551533,-1199533
2014/12/23,0,2105000,-485000,1620000
2014/12/24,0,1210703,-2154000,-943297
2014/12/25,0,365000,-244000,121000
2014/12/26,0,151000,-215967,-64967
2014/12/29,0,903000,-165128,737872
2014/12/30,0,340000,-1293000,-953000
2014/12/31,0,1959000,-2712950,-753950
2015/01/01,0,0,0,0
2015/01/02,0,0,0,0
2015/01/05,0,1946000,-1033000,913000
2015/01/06,0,3376000,-2321000,1055000
2015/01/07,0,5119000,-1511425,3607575
2015/01/08,0,4990662,-1034624,3956038
2015/01/09,0,2426000,-2819800,-393800
2015/01/12,0,1058000,-2146804,-1088804
2015/01/13,0,2905000,-1414120,1490880
2015/01/14,0,2850000,-2577000,273000
2015/01/15,0,2706000,-762000,1944000
2015/01/16,0,6772000,-1989545,4782455
2015/01/19,0,2177000,-1670200,506800
2015/01/20,0,2395000,-660000,1735000
2015/01/21,0,2813000,-2319991,493009
2015/01/22,0,4039000,-740263,3298737
2015/01/23,0,1550000,-1629991,-79991
2015/01/26,0,763000,-913000,-150000
2015/01/27,0,450000,-1385000,-935000
2015/01/28,0,2499000,-566000,1933000
2015/01/29,0,3730000,-1078000,2652000
2015/01/30,0,4913715,-967000,3946715
2015/02/02,0,3627000,-1512376,2114624
2015/02/03,0,2859000,-2067000,792000
2015/02/04,0,2177000,-2919730,-742730
2015/02/05,0,921000,-505000,416000
2015/02/06,0,1106000,-1524000,-418000
2015/02/09,0,2844000,-757000,2087000
2015/02/10,0,3724000,-2073000,1651000
2015/02/11,0,3818000,-3849551,-31551
2015/02/12,0,11484000,-11153982,330018
2015/02/13,0,7409000,-4401000,3008000
2015/02/16,0,0,0,0
2015/02/17,0,0,0,0
2015/02/18,0,0,0,0
2015/02/19,0,0,0,0
2015/02/20,0,0,0,0
2015/02/23,0,0,0,0
2015/02/24,0,9115410,-4956000,4159410
2015/02/25,0,5096000,-2720000,2376000
2015/02/26,0,43062410,-35143057,7919353
2015/02/27,0,0,0,0
2015/03/02,0,9385326,-3237792,6147534
2015/03/03,0,2874500,-3318102,-443602
2015/03/04,0,3279000,-3291747,-12747
2015/03/05,0,3499000,-3229695,269305
2015/03/06,0,2118000,-2270127,-152127
2015/03/09,0,1113000,-826000,287000
2015/03/10,0,954960,-1721000,-766040
2015/03/11,0,7734000,-3485000,4249000
2015/03/12,0,2657000,-3731000,-1074000
2015/03/13,0,1851000,-1711000,140000
2015/03/16,0,2993000,-504372,2488628
2015/03/17,0,2817000,-4853896,-2036896
2015/03/18,0,5905000,-1807389,4097611
2015/03/19,0,2084000,-2868976,-784976
2015/03/20,0,2784754,-2848992,-64238
2015/03/23,0,910000,-1205658,-295658
2015/03/24,0,2485000,-652000,1833000
2015/03/25,0,3255000,-956508,2298492
2015/03/26,0,3081000,-1363562,1717438
2015/03/27,0,3553738,-329000,3224738
2015/03/30,0,1392000,-1153354,238646
2015/03/31,0,2400000,-867000,1533000
2015/04/01,0,501000,-1434000,-933000
2015/04/02,0,712000,-1018000,-306000
2015/04/03,0,0,0,0
2015/04/06,0,0,0,0
2015/04/07,0,963000,-1201000,-238000
2015/04/08,0,2192700,-2115365,77335
2015/04/09,0,1874000,-1565934,308066
2015/04/10,0,1614000,-1895356,-281356
2015/04/13,0,3276316,-1370827,1905489
2015/04/14,0,3746000,-1655516,2090484
2015/04/15,0,1610000,-2162000,-552000
2015/04/16,0,1024000,-1098000,-74000
2015/04/17,0,1435935,-1141247,294688
2015/04/20,0,1400053,-1356000,44053
2015/04/21,0,1043800,-2126000,-1082200
2015/04/22,0,2085000,-1096000,989000
2015/04/23,0,2382000,-1287823,1094177
2015/04/24,0,2903000,-2035253,867747
2015/04/27,0,2593000,-2665418,-72418
2015/04/28,0,3673000,-990220,2682780
2015/04/29,0,2370000,-704000,1666000
2015/04/30,0,2972225,-2067000,905225
2015/05/01,0,0,0,0
2015/05/04,0,2749000,-2197000,552000
2015/05/05,0,575000,-1741000,-1166000
2015/05/06,0,2279000,-2040000,239000
2015/05/07,0,1422569,-2180000,-757431
2015/05/08,0,1732800,-2454217,-721417
2015/05/11,0,1470000,-997000,473000
2015/05/12,0,1156000,-1908000,-752000
2015/05/13,0,1210755,-2058000,-847245
2015/05/14,0,1881000,-3813290,-1932290
2015/05/15,0,1846735,-2723000,-876265
2015/05/18,0,2718000,-925000,1793000
2015/05/19,0,2695000,-2992000,-297000
2015/05/20,0,710000,-2229000,-1519000
2015/05/21,0,879000,-2532791,-1653791
2015/05/22,0,3451000,-1849380,1601620
2015/05/25,0,879000,-799705,79295
2015/05/26,0,2109000,-2218665,-109665
2015/05/27,0,5478000,-4616000,862000
2015/05/28,0,1751328,-1754334,-3006
2015/05/29,0,16861531,-19886741,-3025210
2015/06/01,0,3926000,-2064750,1861250
2015/06/02,0,2886206,-3787477,-901271
2015/06/03,0,1386000,-3187705,-1801705
2015/06/04,0,2742000,-2250700,491300
2015/06/05,0,2674000,-1848950,825050
2015/06/08,0,2402000,-1294594,1107406
2015/06/09,0,1588000,-1188833,399167
2015/06/10,0,1747847,-1797000,-49153
2015/06/11,0,933000,-4030000,-3097000
2015/06/12,0,1716000,-5028570,-3312570
2015/06/15,0,2903000,-2034000,869000
2015/06/16,0,1902000,-1920000,-18000
2015/06/17,0,2759000,-2651000,108000
2015/06/18,0,4116000,-2980432,1135568
2015/06/19,0,0,0,0
2015/06/22,0,2408000,-3890935,-1482935
2015/06/23,0,2571000,-1611774,959226
2015/06/24,0,1967600,-2321800,-354200
2015/06/25,0,3799514,-5964022,-2164508
2015/06/26,0,2293000,-2783698,-490698
2015/06/29,0,5063000,-3127000,1936000
2015/06/30,0,3198000,-2947176,250824
2015/07/01,0,1293000,-2294000,-1001000
2015/07/02,0,1620000,-1590559,29441
2015/07/03,0,582000,-2418000,-1836000
2015/07/06,0,1478000,-1925095,-447095
2015/07/07,0,3875100,-5652000,-1776900
2015/07/08,0,4129000,-2930700,1198300
2015/07/09,0,2061000,-1701000,360000
2015/07/10,0,0,0,0
2015/07/13,0,3323000,-2451525,871475
2015/07/14,0,2299000,-2574800,-275800
2015/07/15,0,2656000,-3400224,-744224
2015/07/16,0,1218000,-1081800,136200
2015/07/17,0,860000,-848800,11200
2015/07/20,0,776000,-706084,69916
2015/07/21,0,2014000,-1504220,509780
2015/07/22,0,2392000,-2168111,223889
2015/07/23,0,2048000,-2850000,-802000
2015/07/24,0,2300000,-2437000,-137000
2015/07/27,0,3565000,-885132,2679868
2015/07/28,0,2688000,-2427440,260560
2015/07/29,0,3180000,-3553412,-373412
2015/07/30,0,2618204,-1112000,1506204
2015/07/31,0,10717000,-5584225,5132775
2015/08/03,0,1263600,-3758000,-2494400
2015/08/04,0,2702000,-1279176,1422824
2015/08/05,0,1077000,-1625132,-548132
2015/08/06,0,1186000,-1052418,133582
2015/08/07,0,548000,-3006000,-2458000
2015/08/10,0,737000,-359000,378000
2015/08/11,0,1895000,-1063132,831868
2015/08/12,0,1421000,-469000,952000
2015/08/13,0,2911000,-2860716,50284
2015/08/14,0,2920000,-754000,2166000
2015/08/17,0,252000,-939169,-687169
2015/08/18,0,1727000,-1234066,492934
2015/08/19,0,3750439,-2346000,1404439
2015/08/20,0,4328758,-1844484,2484274
2015/08/21,0,1423000,-1744389,-321389
2015/08/24,0,2605000,-2085110,519890
2015/08/25,0,6418000,-3835845,2582155
2015/08/26,0,3449000,-1319848,2129152
2015/08/27,0,1917000,-2520000,-603000
2015/08/28,0,2349000,-1341000,1008000
2015/08/31,0,5225940,-4572000,653940
2015/09/01,0,1887000,-3915053,-2028053
2015/09/02,0,4843000,-3072834,1770166
2015/09/03,0,3054000,-2030000,1024000
2015/09/04,0,2497834,-2298861,198973
2015/09/07,0,803000,-1051582,-248582
2015/09/08,0,623000,-1488450,-865450
2015/09/09,0,2694659,-689000,2005659
2015/09/10,0,3948983,-3203000,745983
2015/09/11,0,926000,-4080000,-3154000
2015/09/14,0,463000,-479000,-16000
2015/09/15,0,810000,-1571000,-761000
2015/09/16,0,1741000,-1133818,607182
2015/09/17,0,1490000,-1728288,-238288
2015/09/18,0,2261671,-2263630,-1959
2015/09/21,0,875000,-1420448,-545448
2015/09/22,0,1766000,-482000,1284000
2015/09/23,0,748000,-3398725,-2650725
2015/09/24,0,1542968,-1715300,-172332
2015/09/25,0,1200949,-2445000,-1244051
2015/09/28,0,0,0,0
2015/09/29,0,0,0,0
2015/09/30,0,2337000,-2863040,-526040
2015/10/01,0,3123851,-580000,2543851
2015/10/02,0,1242541,-2293000,-1050459
2015/10/05,0,857530,-808000,49530
2015/10/06,0,1862000,-737000,1125000
2015/10/07,0,1719000,-1318000,401000
2015/10/08,0,1826000,-825000,1001000
2015/10/09,0,0,0,0
2015/10/12,0,3210758,-2982915,227843
2015/10/13,0,763000,-2867298,-2104298
2015/10/14,0,2317000,-1744000,573000
2015/10/15,0,1255000,-1375000,-120000
2015/10/16,0,3148000,-5065473,-1917473
2015/10/19,0,2864000,-1615000,1249000
2015/10/20,0,1703000,-1565000,138000
2015/10/21,0,1621000,-1485000,136000
2015/10/22,0,2494131,-2312000,182131
2015/10/23,0,1779000,-3289000,-1510000
2015/10/26,0,675000,-1791000,-1116000
2015/10/27,0,1379000,-2358000,-979000
2015/10/28,0,982000,-2552748,-1570748
2015/10/29,0,1815000,-2060762,-245762
2015/10/30,0,2122000,-1762000,360000
2015/11/02,0,1755000,-1705000,50000
2015/11/03,0,533000,-1666858,-1133858
2015/11/04,0,1296000,-2698000,-1402000
2015/11/05,0,821000,-2221000,-1400000
2015/11/06,0,650000,-4620000,-3970000
2015/11/09,0,1349000,-1868000,-519000
2015/11/10,0,390000,-1849000,-1459000
2015/11/11,0,153000,-1496000,-1343000
2015/11/12,0,795000,-1648000,-853000
2015/11/13,0,689000,-4188000,-3499000
2015/11/16,0,2319000,-7299470,-4980470
2015/11/17,0,4534000,-11397000,-6863000
2015/11/18,0,3172000,-8043000,-4871000
2015/11/19,0,2434000,-7962000,-5528000
2015/11/20,0,2853000,-13443998,-10590998
2015/11/23,0,2458951,-11012000,-8553049
2015/11/24,0,1593000,-7752900,-6159900
2015/11/25,0,1872150,-11328150,-9456000
2015/11/26,0,2169000,-1456873,712127
2015/11/27,0,2024000,-4062633,-2038633
2015/11/30,0,26774000,-39924021,-13150021
2015/12/01,0,3740000,-7684316,-3944316
2015/12/02,0,4438000,-7503000,-3065000
2015/12/03,0,1979000,-4549199,-2570199
2015/12/04,0,1646000,-11353000,-9707000
2015/12/07,0,3686000,-7383612,-3697612
2015/12/08,0,677000,-9982000,-9305000
2015/12/09,0,711000,-7149000,-6438000
2015/12/10,0,699000,-7038600,-6339600
2015/12/11,0,2166000,-5976259,-3810259
2015/12/14,0,724000,-3576000,-2852000
2015/12/15,0,127000,-4895332,-4768332
2015/12/16,0,1051000,-3111301,-2060301
2015/12/17,0,299000,-5346000,-5047000
2015/12/18,0,2382279,-8894897,-6512618
2015/12/21,0,927000,-1627000,-700000
2015/12/22,0,854000,-4260947,-3406947
2015/12/23,0,81000,-3775690,-3694690
2015/12/24,0,3122000,-1043000,2079000
2015/12/25,0,1870000,-2127000,-257000
2015/12/28,0,1005000,-1983000,-978000
2015/12/29,0,738000,-4798326,-4060326
2015/12/30,0,289750,-9917034,-9627284
2015/12/31,0,3295000,-1311000,1984000
2016/01/01,0,0,0,0
2016/01/04,0,1072000,-1741900,-669900
2016/01/05,0,2678358,-6595458,-3917100
2016/01/06,0,1084000,-5094666,-4010666
2016/01/07,0,420000,-5226000,-4806000
2016/01/08,0,418000,-3895000,-3477000
2016/01/11,0,1297000,-1559000,-262000
2016/01/12,0,1692000,-1469000,223000
2016/01/13,0,6108000,-1559000,4549000
2016/01/14,0,4116000,-4542000,-426000
2016/01/15,0,1435000,-3967761,-2532761
2016/01/18,0,4135000,-418000,3717000
2016/01/19,0,1770000,-5577613,-3807613
2016/01/20,0,2329000,-6950000,-4621000
2016/01/21,0,1466347,-4379000,-2912653
2016/01/22,0,2377000,-5636346,-3259346
2016/01/25,0,706000,-475000,231000
2016/01/26,0,367000,-1530000,-1163000
2016/01/27,0,286449,-1792000,-1505551
2016/01/28,0,1366000,-418000,948000
2016/01/29,0,1531000,-1480000,51000
2016/02/01,0,1569000,-960000,609000
2016/02/02,0,1367834,-998000,369834
2016/02/03,0,3362796,-1402001,1960795
2016/02/04,0,0,0,0
2016/02/05,0,0,0,0
2016/02/08,0,0,0,0
2016/02/09,0,0,0,0
2016/02/10,0,0,0,0
2016/02/11,0,0,0,0
2016/02/12,0,0,0,0
2016/02/15,0,2601000,-1384000,1217000
2016/02/16,0,1565000,-1424100,140900
2016/02/17,0,2484000,-1080877,1403123
2016/02/18,0,2118000,-588000,1530000
2016/02/19,0,722000,-878000,-156000
2016/02/22,0,978000,-1918000,-940000
2016/02/23,0,1397449,-762000,635449
2016/02/24,0,1209000,-1135000,74000
2016/02/25,0,575000,-3219000,-2644000
2016/02/26,0,2471347,-1012000,1459347
2016/02/29,0,0,0,0
2016/03/01,0,1265000,-1022713,242287
2016/03/02,0,1857000,-828000,1029000
2016/03/03,0,1215000,-3576000,-2361000
2016/03/04,0,1591000,-515000,1076000
2016/03/07,0,695000,-1718000,-1023000
2016/03/08,0,1893000,-3025000,-1132000
2016/03/09,0,1127000,-1781309,-654309
2016/03/10,0,3912000,-1527000,2385000
2016/03/11,0,899000,-2703000,-1804000
2016/03/14,0,5033000,-1679000,3354000
2016/03/15,0,2178000,-3441000,-1263000
2016/03/16,0,2633000,-1625000,1008000
2016/03/17,0,3348000,-2261000,1087000
2016/03/18,0,8782220,-7000000,1782220
2016/03/21,0,162000,-3344000,-3182000
2016/03/22,0,642449,-1153000,-510551
2016/03/23,0,333000,-2510900,-2177900
2016/03/24,0,782000,-485000,297000
2016/03/25,0,46000,-1132000,-1086000
2016/03/28,0,439000,-413000,26000
2016/03/29,0,1081000,-663000,418000
2016/03/30,0,220000,-366000,-146000
2016/03/31,0,166000,-1081000,-915000
2016/04/01,0,445000,-984000,-539000
2016/04/04,0,0,0,0
2016/04/05,0,0,0,0
2016/04/06,0,771000,-2403000,-1632000
2016/04/07,0,727000,-1389000,-662000
2016/04/08,0,807000,-2279500,-1472500
2016/04/11,0,192000,-1041000,-849000
2016/04/12,0,507518,-1109000,-601482
2016/04/13,0,212000,-1809000,-1597000
2016/04/14,0,454000,-671500,-217500
2016/04/15,0,3052600,-836000,2216600
2016/04/18,0,161000,-1408000,-1247000
2016/04/19,0,301401,-1103000,-801599
2016/04/20,0,202659,-1177000,-974341
2016/04/21,0,98000,-1850000,-1752000
2016/04/22,0,727000,-1332000,-605000
2016/04/25,0,204868,-1007000,-802132
2016/04/26,0,352934,-1045000,-692066
2016/04/27,0,645000,-1164000,-519000
2016/04/28,0,181453,-645000,-463547
2016/04/29,0,1132000,-209000,923000
2016/05/02,0,0,0,0
2016/05/03,0,309000,-1465000,-1156000
2016/05/04,0,1408000,-755000,653000
2016/05/05,0,751000,-810000,-59000
2016/05/06,0,636000,-834000,-198000
2016/05/09,0,560000,-941000,-381000
2016/05/10,0,826000,-1021000,-195000
2016/05/11,0,805000,-1601000,-796000
2016/05/12,0,901600,-1495000,-593400
2016/05/13,0,896467,-1867000,-970533
2016/05/16,0,1238000,-457199,780801
2016/05/17,0,553934,-815000,-261066
2016/05/18,0,669000,-1368000,-699000
2016/05/19,0,529000,-526000,3000
2016/05/20,0,579000,-757743,-178743
2016/05/23,0,837467,-78000,759467
2016/05/24,0,206000,-437000,-231000
2016/05/25,0,236000,-398000,-162000
2016/05/26,0,63000,-192000,-129000
2016/05/27,0,476000,-314000,162000
2016/05/30,0,46000,-298000,-252000
2016/05/31,0,377000,-835000,-458000
2016/06/01,0,422000,-464000,-42000
2016/06/02,0,250000,-1478000,-1228000
2016/06/03,0,56000,-818000,-762000
2016/06/06,0,1654000,-2128000,-474000
2016/06/07,0,311600,-104000,207600
2016/06/08,0,219000,-249000,-30000
2016/06/09,0,0,0,0
2016/06/10,0,0,0,0
2016/06/13,0,171000,-646000,-475000
2016/06/14,0,57000,-336000,-279000
2016/06/15,0,537000,-185000,352000
2016/06/16,0,92000,-512000,-420000
2016/06/17,0,710000,-1094000,-384000
2016/06/20,0,104000,-237000,-133000
2016/06/21,0,349000,-370000,-21000
2016/06/22,0,464000,-525556,-61556
2016/06/23,0,193000,-240556,-47556
2016/06/24,0,82000,-828000,-746000
2016/06/27,0,261000,-224000,37000
2016/06/28,0,213000,-338000,-125000
2016/06/29,0,180000,-244000,-64000
2016/06/30,0,742300,-295000,447300
2016/07/01,0,229000,-363000,-134000
2016/07/04,0,302000,-328000,-26000
2016/07/05,0,175000,-272000,-97000
2016/07/06,0,115569,-340000,-224431
2016/07/07,0,26000,-410000,-384000
2016/07/08,0,0,0,0
2016/07/11,0,230228,-310000,-79772
2016/07/12,0,309000,-291864,17136
2016/07/13,0,266000,-360000,-94000
2016/07/14,0,495000,-361000,134000
2016/07/15,0,845000,-724000,121000
2016/07/18,0,608000,-710000,-102000
2016/07/19,0,825000,-1035000,-210000
2016/07/20,0,505000,-1144406,-639406
2016/07/21,0,512000,-593000,-81000
2016/07/22,0,657000,-2091000,-1434000
2016/07/25,0,912000,-1235000,-323000
2016/07/26,0,208000,-641000,-433000
2016/07/27,0,372434,-359000,13434
2016/07/28,0,326717,-263000,63717
2016/07/29,0,241000,-628000,-387000
2016/08/01,0,212151,-517000,-304849
2016/08/02,0,200000,-255000,-55000
2016/08/03,0,123000,-274000,-151000
2016/08/04,0,582000,-391000,191000
2016/08/05,0,238000,-516000,-278000
2016/08/08,0,755000,-709000,46000
2016/08/09,0,619912,-1137000,-517088
2016/08/10,0,634000,-435550,198450
2016/08/11,0,1254000,-467000,787000
2016/08/12,0,668912,-472000,196912
2016/08/15,0,498868,-396000,102868
2016/08/16,0,457000,-902000,-445000
2016/08/17,0,1074619,-368000,706619
2016/08/18,0,703000,-511000,192000
2016/08/19,0,468000,-1310065,-842065
2016/08/22,0,651000,-1226000,-575000
2016/08/23,0,637434,-1634000,-996566
2016/08/24,0,664444,-854000,-189556
2016/08/25,0,184000,-1141000,-957000
2016/08/26,0,331146,-1247000,-915854
2016/08/29,0,266000,-503000,-237000
2016/08/30,0,193000,-908000,-715000
2016/08/31,0,578000,-1235000,-657000
2016/09/01,0,773000,-1477414,-704414
2016/09/02,0,8867000,-824000,8043000
2016/09/05,0,1329000,-545000,784000
2016/09/06,0,1755000,-99000,1656000
2016/09/07,0,18108884,-812000,17296884
2016/09/08,0,2510826,-994000,1516826
2016/09/09,0,1342000,-1162000,180000
2016/09/12,0,311000,-239000,72000
2016/09/13,0,1065000,-1650000,-585000
2016/09/14,0,1341000,-1244102,96898
2016/09/15,0,0,0,0
2016/09/16,0,0,0,0
2016/09/19,0,1483496,-1081000,402496
2016/09/20,0,817000,-505036,311964
2016/09/21,0,890000,-1182000,-292000
2016/09/22,0,266000,-433000,-167000
2016/09/23,0,461000,-1508000,-1047000
2016/09/26,0,8367949,-7962000,405949
2016/09/27,0,0,0,0
2016/09/28,0,0,0,0
2016/09/29,0,492000,-985000,-493000
2016/09/30,0,721826,-902000,-180174
2016/10/03,0,281902,-760000,-478098
2016/10/04,0,297000,-544831,-247831
2016/10/05,0,308000,-279000,29000
2016/10/06,0,500000,-530000,-30000
2016/10/07,0,246000,-811000,-565000
2016/10/10,0,0,0,0
2016/10/11,0,665000,-1151000,-486000
2016/10/12,0,1115000,-1335000,-220000
2016/10/13,0,1010500,-983877,26623
2016/10/14,0,448000,-614000,-166000
2016/10/17,0,338000,-581000,-243000
2016/10/18,0,475500,-551200,-75700
2016/10/19,0,238000,-996000,-758000
2016/10/20,0,450000,-811000,-361000
2016/10/21,0,1160000,-1985000,-825000
2016/10/24,0,404000,-442000,-38000
2016/10/25,0,450000,-442000,8000
2016/10/26,0,365000,-915000,-550000
2016/10/27,0,227000,-958000,-731000
2016/10/28,0,301000,-976000,-675000
2016/10/31,0,171000,-812000,-641000
2016/11/01,0,201000,-818000,-617000
2016/11/02,0,328000,-811000,-483000
2016/11/03,0,281000,-839000,-558000
2016/11/04,0,59000,-1105000,-1046000
2016/11/07,0,60000,-442000,-382000
2016/11/08,0,435000,-428000,7000
2016/11/09,0,308000,-1159000,-851000
2016/11/10,0,262000,-641000,-379000
2016/11/11,0,3653000,-967000,2686000
2016/11/14,0,15953043,-1150900,14802143
2016/11/15,0,1033000,-1449000,-416000
2016/11/16,0,1339000,-1143000,196000
2016/11/17,0,1731000,-1100000,631000
2016/11/18,0,917334,-1137000,-219666
2016/11/21,0,692000,-558000,134000
2016/11/22,0,1408000,-789000,619000
2016/11/23,0,643000,-825000,-182000
2016/11/24,0,598000,-348000,250000
2016/11/25,0,1375000,-213000,1162000
2016/11/28,0,1034000,-339000,695000
2016/11/29,0,1834000,-852000,982000
2016/11/30,0,5337000,-5656000,-319000
2016/12/01,0,1422000,-1018000,404000
2016/12/02,0,756000,-191000,565000
2016/12/05,0,584000,-1072000,-488000
2016/12/06,0,559000,-442000,117000
2016/12/07,0,915000,-545920,369080
2016/12/08,0,510000,-534600,-24600
2016/12/09,0,433000,-242922,190078
2016/12/12,0,1024000,-509000,515000
2016/12/13,0,1232000,-664000,568000
2016/12/14,0,703000,-642000,61000
2016/12/15,0,749000,-583254,165746
2016/12/16,0,1282861,-767900,514961
2016/12/19,0,667000,-275000,392000
2016/12/20,0,527000,-432000,95000
2016/12/21,0,47000,-101000,-54000
2016/12/22,0,279000,-107000,172000
2016/12/23,0,179000,-45000,134000
2016/12/26,0,18000,-254000,-236000
2016/12/27,0,84000,-48000,36000
2016/12/28,0,266709,-326000,-59291
2016/12/29,0,252000,-248538,3462
2016/12/30,0,817000,-54200,762800
2017/01/02,0,0,0,0
2017/01/03,0,574000,-243000,331000
2017/01/04,0,703000,-541000,162000
2017/01/05,0,638000,-317000,321000
2017/01/06,0,736000,-731000,5000
2017/01/09,0,711000,-139000,572000
2017/01/10,0,1393000,-292000,1101000
2017/01/11,0,3579000,-399000,3180000
2017/01/12,0,684000,-328000,356000
2017/01/13,0,874301,-557000,317301
2017/01/16,0,311000,-669000,-358000
2017/01/17,0,438530,-28000,410530
2017/01/18,0,1490000,-305536,1184464
2017/01/19,0,470000,-623336,-153336
2017/01/20,0,102000,-252000,-150000
2017/01/23,0,218000,-340000,-122000
2017/01/24,0,647000,-566000,81000
2017/01/25,0,0,0,0
2017/01/26,0,0,0,0
2017/01/27,0,0,0,0
2017/01/30,0,0,0,0
2017/01/31,0,0,0,0
2017/02/01,0,0,0,0
2017/02/02,0,1672014,-535000,1137014
2017/02/03,0,485000,-911000,-426000
2017/02/06,0,622000,-633000,-11000
2017/02/07,0,1014000,-958000,56000
2017/02/08,0,584000,-2846000,-2262000
2017/02/09,0,674000,-1079408,-405408
2017/02/10,0,4350000,-3913239,436761
2017/02/13,0,2224000,-415000,1809000
2017/02/14,0,1337000,-497000,840000
2017/02/15,0,4365000,-908000,3457000
2017/02/16,0,1040000,-424000,616000
2017/02/17,0,657000,-826000,-169000
2017/02/20,0,667000,-991000,-324000
2017/02/21,0,532000,-924000,-392000
2017/02/22,0,1283000,-306000,977000
2017/02/23,0,5501000,-158000,5343000
2017/02/24,0,618000,-334000,284000
2017/02/27,0,0,0,0
2017/02/28,0,0,0,0
2017/03/01,0,1385000,-212000,1173000
2017/03/02,0,1288000,-611000,677000
2017/03/03,0,394300,-426000,-31700
2017/03/06,0,897000,-434909,462091
2017/03/07,0,478000,-698000,-220000
2017/03/08,0,882300,-310291,572009
2017/03/09,0,1160000,-1808000,-648000
2017/03/10,0,584000,-672000,-88000
2017/03/13,0,192000,-617000,-425000
2017/03/14,0,615000,-508000,107000
2017/03/15,0,158000,-772000,-614000
2017/03/16,0,413000,-548000,-135000
2017/03/17,0,3352662,-3796080,-443418
2017/03/20,0,144000,-283000,-139000
2017/03/21,0,847000,-200000,647000
2017/03/22,0,438000,-350000,88000
2017/03/23,0,264000,-381311,-117311
2017/03/24,0,705000,-788000,-83000
2017/03/27,0,964000,-601000,363000
2017/03/28,0,1509000,-598000,911000
2017/03/29,0,528000,-381000,147000
2017/03/30,0,280000,-241000,39000
2017/03/31,0,887000,-1636859,-749859
2017/04/03,0,0,0,0
2017/04/04,0,0,0,0
2017/04/05,0,819616,-574000,245616
2017/04/06,0,1071000,-395000,676000
2017/04/07,0,937000,-478000,459000
2017/04/10,0,670000,-822000,-152000
2017/04/11,0,548000,-732000,-184000
2017/04/12,0,484000,-441000,43000
2017/04/13,0,414000,-41000,373000
2017/04/14,0,111000,-187000,-76000
2017/04/17,0,230000,-392000,-162000
2017/04/18,0,368000,-461000,-93000
2017/04/19,0,135000,-1680000,-1545000
2017/04/20,0,393000,-1078000,-685000
2017/04/21,0,293000,-199000,94000
2017/04/24,0,216000,-239000,-23000
2017/04/25,0,575000,-114000,461000
2017/04/26,0,192000,-350000,-158000
2017/04/27,0,385000,-330000,55000
2017/04/28,0,271000,-413000,-142000
2017/05/01,0,0,0,0
2017/05/02,0,1376000,-603000,773000
2017/05/03,0,111000,-164000,-53000
2017/05/04,0,579000,-175000,404000
2017/05/05,0,397000,-352000,45000
2017/05/08,0,792000,-324000,468000
2017/05/09,0,435000,-397000,38000
2017/05/10,0,864000,-279000,585000
2017/05/11,0,119000,-143000,-24000
2017/05/12,0,99000,-191000,-92000
2017/05/15,0,301000,-346000,-45000
2017/05/16,0,130000,-228000,-98000
2017/05/17,0,255000,-272200,-17200
2017/05/18,0,74000,-376000,-302000
2017/05/19,0,220000,-119000,101000
2017/05/22,0,392000,-91000,301000
2017/05/23,0,277000,-145000,132000
2017/05/24,0,449000,-116000,333000
2017/05/25,0,511000,-94000,417000
2017/05/26,0,0,0,0
2017/05/29,0,0,0,0
2017/05/30,0,0,0,0
2017/05/31,0,340000,-515000,-175000
2017/06/01,0,619000,-591000,28000
2017/06/02,0,236000,-167000,69000
2017/06/05,0,20000,-106000,-86000
2017/06/06,0,282000,-169000,113000
2017/06/07,0,63000,-123000,-60000
2017/06/08,0,182000,-378000,-196000
2017/06/09,0,793000,-486000,307000
2017/06/12,0,97000,-266000,-169000
2017/06/13,0,229000,-180000,49000
2017/06/14,0,10000,-275000,-265000
2017/06/15,0,124000,-157000,-33000
2017/06/16,0,904000,-668571,235429
2017/06/19,0,28000,-95000,-67000
2017/06/20,0,100000,-266000,-166000
2017/06/21,0,964000,-89000,875000
2017/06/22,0,1086000,-470000,616000
2017/06/23,0,127000,-123000,4000
2017/06/26,0,1189000,-254000,935000
2017/06/27,0,327000,-249000,78000
2017/06/28,0,792000,-86000,706000
2017/06/29,0,511000,-50000,461000
2017/06/30,0,379000,-119000,260000
2017/07/03,0,1202000,-152000,1050000
2017/07/04,0,1705000,-626829,1078171
2017/07/05,0,370000,-867000,-497000
2017/07/06,0,255000,-182000,73000
2017/07/07,0,569000,-18164,550836
2017/07/10,0,1268000,-277126,990874
2017/07/11,0,1137000,-714000,423000
2017/07/12,0,1192000,-14000,1178000
2017/07/13,0,783000,-791000,-8000
2017/07/14,0,471273,-19000,452273
2017/07/17,0,971000,-69000,902000
2017/07/18,0,1569000,-152000,1417000
2017/07/19,0,1590000,-714000,876000
2017/07/20,0,1054000,-534000,520000
2017/07/21,0,1425158,-696000,729158
2017/07/24,0,592536,-421000,171536
2017/07/25,0,227000,-286000,-59000
2017/07/26,0,732000,-615000,117000
2017/07/27,0,384000,-89000,295000
2017/07/28,0,376000,-273000,103000
2017/07/31,0,730000,-849000,-119000
2017/08/01,0,2351605,-119000,2232605
2017/08/02,0,723000,-239000,484000
2017/08/03,0,532000,-263000,269000
2017/08/04,0,667000,-22000,645000
2017/08/07,0,538000,-66000,472000
2017/08/08,0,529377,-308000,221377
2017/08/09,0,239000,-422000,-183000
2017/08/10,0,809792,-273000,536792
2017/08/11,0,42000,-422000,-380000
2017/08/14,0,810000,-289000,521000
2017/08/15,0,558000,-63000,495000
2017/08/16,0,1262000,-485000,777000
2017/08/17,0,450000,-1191333,-741333
2017/08/18,0,1800000,-559000,1241000
