Date,Open,Buy,Sell,Total
2007/01/02,0,1023000,-23000,1000000
2007/01/03,0,931000,-398000,533000
2007/01/04,0,3288000,-9200000,-5912000
2007/01/05,0,3054000,-2587000,467000
2007/01/08,0,1168000,-303163,864837
2007/01/09,0,2296000,-1122000,1174000
2007/01/10,0,323000,-5146000,-4823000
2007/01/11,0,6445000,-706000,5739000
2007/01/12,0,19458000,-623000,18835000
2007/01/15,0,1460000,-330000,1130000
2007/01/16,0,3308000,-1044000,2264000
2007/01/17,0,14599000,-517000,14082000
2007/01/18,0,16982000,-1821000,15161000
2007/01/19,0,17505000,-5428000,12077000
2007/01/22,0,9262000,-3586000,5676000
2007/01/23,0,10271000,-2514000,7757000
2007/01/24,0,2128000,-5907000,-3779000
2007/01/25,0,2442000,-4781000,-2339000
2007/01/26,0,1135000,-241961,893039
2007/01/29,0,600000,-393609,206391
2007/01/30,0,6449000,-3396384,3052616
2007/01/31,0,4900000,-3471000,1429000
2007/02/01,0,7269000,-8541000,-1272000
2007/02/02,0,2327000,-690907,1636093
2007/02/05,0,2415000,-973000,1442000
2007/02/06,0,1892000,-176000,1716000
2007/02/07,0,525000,-1427000,-902000
2007/02/08,0,1918000,-1767819,150181
2007/02/09,0,1569000,-2540000,-971000
2007/02/12,0,1660000,-1192000,468000
2007/02/13,0,2772000,-1194420,1577580
2007/02/14,0,3312000,-1403583,1908417
2007/02/15,0,0,0,0
2007/02/16,0,0,0,0
2007/02/19,0,0,0,0
2007/02/20,0,0,0,0
2007/02/21,0,0,0,0
2007/02/22,0,0,0,0
2007/02/23,0,0,0,0
2007/02/26,0,2727000,-9928669,-7201669
2007/02/27,0,4033000,-8479000,-4446000
2007/02/28,0,0,0,0
2007/03/01,0,3550000,-10844000,-7294000
2007/03/02,0,2057000,-6292000,-4235000
2007/03/05,0,5727000,-4669000,1058000
2007/03/06,0,158000,-3382010,-3224010
2007/03/07,0,304000,-3245516,-2941516
2007/03/08,0,1671000,-2007079,-336079
2007/03/09,0,44000,-499000,-455000
2007/03/12,0,483000,-998786,-515786
2007/03/13,0,242000,-1312681,-1070681
2007/03/14,0,1500000,-2049714,-549714
2007/03/15,0,430000,-535000,-105000
2007/03/16,0,111000,-392000,-281000
2007/03/19,0,1886000,-192000,1694000
2007/03/20,0,78000,-20000,58000
2007/03/21,0,520000,-1648000,-1128000
2007/03/22,0,1238000,-1394000,-156000
2007/03/23,0,1194000,-4000,1190000
2007/03/26,0,142000,0,142000
2007/03/27,0,1826000,-234023,1591977
2007/03/28,0,14000,-1246000,-1232000
2007/03/29,0,1290000,-795000,495000
2007/03/30,0,284000,-913000,-629000
2007/04/02,0,983000,-669000,314000
2007/04/03,0,986000,-2437000,-1451000
2007/04/04,0,4762000,-1102000,3660000
2007/04/05,0,0,0,0
2007/04/06,0,0,0,0
2007/04/09,0,2546000,-2979000,-433000
2007/04/10,0,5866000,-4425000,1441000
2007/04/11,0,2155000,-5709000,-3554000
2007/04/12,0,279000,-375598,-96598
2007/04/13,0,816000,-2800000,-1984000
2007/04/16,0,852000,-2892000,-2040000
2007/04/17,0,330000,-5656001,-5326001
2007/04/18,0,1849000,-10055000,-8206000
2007/04/19,0,1668000,-21676000,-20008000
2007/04/20,0,103000,-5596000,-5493000
2007/04/23,0,914000,-4326000,-3412000
2007/04/24,0,832000,-48000,784000
2007/04/25,0,955000,-506188,448812
2007/04/26,0,23000,-132000,-109000
2007/04/27,0,1269000,-507000,762000
2007/04/30,0,3990000,-4512000,-522000
2007/05/01,0,0,0,0
2007/05/02,0,2092000,-6221000,-4129000
2007/05/03,0,155000,-6671000,-6516000
2007/05/04,0,1045000,-2308000,-1263000
2007/05/07,0,172000,-271000,-99000
2007/05/08,0,99000,-477000,-378000
2007/05/09,0,443000,-1514423,-1071423
2007/05/10,0,3333000,-6623524,-3290524
2007/05/11,0,0,-2817763,-2817763
2007/05/14,0,5024000,-6210000,-1186000
2007/05/15,0,310000,-1999000,-1689000
2007/05/16,0,684000,-10489000,-9805000
2007/05/17,0,2763000,-5206000,-2443000
2007/05/18,0,3643000,-5568000,-1925000
2007/05/21,0,5366000,-7418602,-2052602
2007/05/22,0,3375000,-15913667,-12538667
2007/05/23,0,709000,-5732000,-5023000
2007/05/24,0,47417,-318417,-271000
2007/05/25,0,266000,-1429508,-1163508
2007/05/28,0,1893000,-838471,1054529
2007/05/29,0,1013000,-60000,953000
2007/05/30,0,1777667,-1021764,755903
2007/05/31,0,325000,-2697334,-2372334
2007/06/01,0,1582000,-800000,782000
2007/06/04,0,16383000,-2012667,14370333
2007/06/05,0,630000,-2632000,-2002000
2007/06/06,0,827000,-521000,306000
2007/06/07,0,658000,-4157000,-3499000
2007/06/08,0,719000,-186000,533000
2007/06/11,0,5000000,-859000,4141000
2007/06/12,0,5362000,-2478000,2884000
2007/06/13,0,4394000,-1875000,2519000
2007/06/14,0,4469000,-3596000,873000
2007/06/15,0,2456863,-2647000,-190137
2007/06/18,0,0,0,0
2007/06/19,0,0,0,0
2007/06/20,0,5910000,-7355000,-1445000
2007/06/21,0,9968000,-12007000,-2039000
2007/06/22,0,1875000,-9160054,-7285054
2007/06/25,0,9441000,-11669552,-2228552
2007/06/26,0,2500000,-7248882,-4748882
2007/06/27,0,2938000,-1392000,1546000
2007/06/28,0,6992000,-1546000,5446000
2007/06/29,0,2360000,-1712333,647667
2007/07/02,0,2232000,-2332000,-100000
2007/07/03,0,3690000,-1288000,2402000
2007/07/04,0,33357000,-295000,33062000
2007/07/05,0,65047000,-6216000,58831000
2007/07/06,0,31122000,-20796000,10326000
2007/07/09,0,11788000,-7868000,3920000
2007/07/10,0,5948000,-10515000,-4567000
2007/07/11,0,1638000,-7339000,-5701000
2007/07/12,0,465500,-6106000,-5640500
2007/07/13,0,1009000,-489000,520000
2007/07/16,0,1944000,-3904000,-1960000
2007/07/17,0,1366000,-8276000,-6910000
2007/07/18,0,3308000,-3931000,-623000
2007/07/19,0,4950000,-1647399,3302601
2007/07/20,0,5270000,-5020000,250000
2007/07/23,0,3115000,-4463000,-1348000
2007/07/24,0,5283000,-7398000,-2115000
2007/07/25,0,6907000,-1143000,5764000
2007/07/26,0,1454000,-3324000,-1870000
2007/07/27,0,2733000,-7758000,-5025000
2007/07/30,0,3367000,-6157000,-2790000
2007/07/31,0,3275000,-4753465,-1478465
2007/08/01,0,3498000,-12478000,-8980000
2007/08/02,0,1135000,-5096000,-3961000
2007/08/03,0,9392000,-2209000,7183000
2007/08/06,0,1513000,-13721000,-12208000
2007/08/07,0,122000,-5759000,-5637000
2007/08/08,0,2529000,-2045000,484000
2007/08/09,0,1893000,-94000,1799000
2007/08/10,0,214000,-4347000,-4133000
2007/08/13,0,750000,-1720000,-970000
2007/08/14,0,149000,-607000,-458000
2007/08/15,0,785000,-2323000,-1538000
2007/08/16,0,688000,-16540000,-15852000
2007/08/17,0,224000,-4697000,-4473000
2007/08/20,0,331000,-521000,-190000
2007/08/21,0,228000,-1006000,-778000
2007/08/22,0,549000,-6939138,-6390138
2007/08/23,0,16862000,-22719000,-5857000
2007/08/24,0,1693000,-1826000,-133000
2007/08/27,0,7663000,-6911000,752000
2007/08/28,0,9411000,-1120000,8291000
2007/08/29,0,337000,-1596000,-1259000
2007/08/30,0,3877000,-2987000,890000
2007/08/31,0,1274000,-21964000,-20690000
2007/09/03,0,618400,-7810000,-7191600
2007/09/04,0,34683000,-34319000,364000
2007/09/05,0,4983000,-9980000,-4997000
2007/09/06,0,16486000,-26390000,-9904000
2007/09/07,0,9501000,-12298000,-2797000
2007/09/10,0,25742000,-30851000,-5109000
2007/09/11,0,4528000,-7492000,-2964000
2007/09/12,0,4320000,-5049000,-729000
2007/09/13,0,273000,-26083327,-25810327
2007/09/14,0,6704000,-7427725,-723725
2007/09/17,0,5117000,-976000,4141000
2007/09/18,0,0,0,0
2007/09/19,0,7807000,-1221000,6586000
2007/09/20,0,3571000,-31000,3540000
2007/09/21,0,2668000,-3803000,-1135000
2007/09/24,0,0,0,0
2007/09/25,0,0,0,0
2007/09/26,0,690000,-2936557,-2246557
2007/09/27,0,1485000,-8788000,-7303000
2007/09/28,0,1012000,-5673000,-4661000
2007/10/01,0,2338000,-8212000,-5874000
2007/10/02,0,16761000,-18134812,-1373812
2007/10/03,0,11296000,-5710000,5586000
2007/10/04,0,2863000,-1512000,1351000
2007/10/05,0,3156000,-1059000,2097000
2007/10/08,0,3263000,-996000,2267000
2007/10/09,0,31641000,-21587948,10053052
2007/10/10,0,0,0,0
2007/10/11,0,15788000,-6254000,9534000
2007/10/12,0,6583000,-5092000,1491000
2007/10/15,0,1120000,-4555000,-3435000
2007/10/16,0,1815000,-336000,1479000
2007/10/17,0,3746000,-4014000,-268000
2007/10/18,0,4182000,-1321000,2861000
2007/10/19,0,7140000,-675692,6464308
2007/10/22,0,3236000,-2766000,470000
2007/10/23,0,3566000,-292000,3274000
2007/10/24,0,8997000,-8363000,634000
2007/10/25,0,9131775,-22000,9109775
2007/10/26,0,2052000,0,2052000
2007/10/29,0,2068000,-6493000,-4425000
2007/10/30,0,2988000,-3336664,-348664
2007/10/31,0,8384000,-1620000,6764000
2007/11/01,0,21406000,-1427000,19979000
2007/11/02,0,884000,-5000000,-4116000
2007/11/05,0,3688000,-2037000,1651000
2007/11/06,0,5326000,-941000,4385000
2007/11/07,0,4521000,-6078195,-1557195
2007/11/08,0,9420000,-7228922,2191078
2007/11/09,0,4034000,-105000,3929000
2007/11/12,0,4588000,-2763000,1825000
2007/11/13,0,2716000,-3777000,-1061000
2007/11/14,0,12856000,-21280000,-8424000
2007/11/15,0,9139000,-4411000,4728000
2007/11/16,0,4992000,-9237000,-4245000
2007/11/19,0,10669000,-4375000,6294000
2007/11/20,0,6986000,-9411000,-2425000
2007/11/21,0,4905000,-2888000,2017000
2007/11/22,0,2337000,-5110000,-2773000
2007/11/23,0,539000,-2260000,-1721000
2007/11/26,0,1846000,-527000,1319000
2007/11/27,0,2134000,-1173000,961000
2007/11/28,0,4014000,-307000,3707000
2007/11/29,0,4930000,-10080163,-5150163
2007/11/30,0,2401000,-3388000,-987000
2007/12/03,0,1582000,-158000,1424000
2007/12/04,0,1017000,-362000,655000
2007/12/05,0,1182000,-2613000,-1431000
2007/12/06,0,2187000,-347000,1840000
2007/12/07,0,1022078,-158000,864078
2007/12/10,0,676000,-51000,625000
2007/12/11,0,534000,-605000,-71000
2007/12/12,0,1457000,-118000,1339000
2007/12/13,0,669000,-1184000,-515000
2007/12/14,0,4623000,-7419000,-2796000
2007/12/17,0,4693000,-5351000,-658000
2007/12/18,0,1790039,-746753,1043286
2007/12/19,0,157000,-1109000,-952000
2007/12/20,0,3132000,-719000,2413000
2007/12/21,0,2043000,-2402000,-359000
2007/12/24,0,561000,-242000,319000
2007/12/25,0,54000,-97000,-43000
2007/12/26,0,1521000,-661000,860000
2007/12/27,0,434000,-94000,340000
2007/12/28,0,3793000,-2485000,1308000
2007/12/31,0,145000,-2205000,-2060000
2008/01/01,0,0,0,0
2008/01/02,0,1288000,-6110000,-4822000
2008/01/03,0,2896000,-3570000,-674000
2008/01/04,0,4303000,-1164060,3138940
2008/01/07,0,1735000,-4868000,-3133000
2008/01/08,0,5240619,-3681000,1559619
2008/01/09,0,5679000,-5777000,-98000
2008/01/10,0,15387429,-3905000,11482429
2008/01/11,0,10234965,-5012965,5222000
2008/01/14,0,60721000,-61175000,-454000
2008/01/15,0,90464000,-31731362,58732638
2008/01/16,0,25353100,-27809000,-2455900
2008/01/17,0,25736000,-19054000,6682000
2008/01/18,0,18847000,-24754419,-5907419
2008/01/21,0,30613000,-7904000,22709000
2008/01/22,0,8725000,-25448198,-16723198
2008/01/23,0,37577000,-8341000,29236000
2008/01/24,0,2276000,-6612000,-4336000
2008/01/25,0,12507700,-24047000,-11539300
2008/01/28,0,7163000,-4785000,2378000
2008/01/29,0,24296000,-30003453,-5707453
2008/01/30,0,6135862,-14855000,-8719138
2008/01/31,0,8358000,-3844000,4514000
2008/02/01,0,12611000,-8174000,4437000
2008/02/04,0,0,0,0
2008/02/05,0,0,0,0
2008/02/06,0,0,0,0
2008/02/07,0,0,0,0
2008/02/08,0,0,0,0
2008/02/11,0,0,0,0
2008/02/12,0,5885000,-8769000,-2884000
2008/02/13,0,17501000,-18948680,-1447680
2008/02/14,0,23689000,-15025000,8664000
2008/02/15,0,1818982,-6750000,-4931018
2008/02/18,0,4132000,-5300000,-1168000
2008/02/19,0,6875000,-4292000,2583000
2008/02/20,0,5982000,-8570000,-2588000
2008/02/21,0,8350200,-5991608,2358592
2008/02/22,0,2683000,-20421000,-17738000
2008/02/25,0,12234000,-7641000,4593000
2008/02/26,0,8598000,-11228000,-2630000
2008/02/27,0,9022000,-19568000,-10546000
2008/02/28,0,0,0,0
2008/02/29,0,2834821,-12929000,-10094179
2008/03/03,0,3144000,-7254000,-4110000
2008/03/04,0,29207000,-8992000,20215000
2008/03/05,0,7097000,-5607863,1489137
2008/03/06,0,3923000,-5428377,-1505377
2008/03/07,0,3770000,-11519000,-7749000
2008/03/10,0,2661000,-5373877,-2712877
2008/03/11,0,5740000,-15878840,-10138840
2008/03/12,0,3595770,-5935962,-2340192
2008/03/13,0,2368000,-15147000,-12779000
2008/03/14,0,1561000,-17926000,-16365000
2008/03/17,0,2966000,-26346360,-23380360
2008/03/18,0,4951000,-12079517,-7128517
2008/03/19,0,2616000,-23782249,-21166249
2008/03/20,0,25544000,-46075000,-20531000
2008/03/21,0,13692000,-27459811,-13767811
2008/03/24,0,35716000,-21131000,14585000
2008/03/25,0,18419000,-27110229,-8691229
2008/03/26,0,24042000,-44619000,-20577000
2008/03/27,0,2769818,-26481123,-23711305
2008/03/28,0,7440818,-17219000,-9778182
2008/03/31,0,6361012,-8252633,-1891621
2008/04/01,0,6493095,-2671000,3822095
2008/04/02,0,7338000,-2447013,4890987
2008/04/03,0,2690000,-23785926,-21095926
2008/04/04,0,0,0,0
2008/04/07,0,8896000,-17451279,-8555279
2008/04/08,0,529000,-12176000,-11647000
2008/04/09,0,1894000,-11296935,-9402935
2008/04/10,0,868000,-7429000,-6561000
2008/04/11,0,1668000,-13984552,-12316552
2008/04/14,0,5241000,-8959998,-3718998
2008/04/15,0,5793409,-3086409,2707000
2008/04/16,0,1376000,-8780000,-7404000
2008/04/17,0,2181000,-1060000,1121000
2008/04/18,0,2516000,-6875003,-4359003
2008/04/21,0,3655000,-13651000,-9996000
2008/04/22,0,824348,-6738000,-5913652
2008/04/23,0,1868935,-20317234,-18448299
2008/04/24,0,1386000,-14760000,-13374000
2008/04/25,0,2861000,-23405000,-20544000
2008/04/28,0,2253000,-15362000,-13109000
2008/04/29,0,8634000,-20564000,-11930000
2008/04/30,0,3626000,-13263276,-9637276
2008/05/01,0,0,0,0
2008/05/02,0,3173000,-3860000,-687000
2008/05/05,0,2603000,-1760000,843000
2008/05/06,0,2110000,-6922700,-4812700
2008/05/07,0,422000,-596000,-174000
2008/05/08,0,1088000,-13204000,-12116000
2008/05/09,0,2234000,-1716000,518000
2008/05/12,0,586000,-11484000,-10898000
2008/05/13,0,4196000,-1329000,2867000
2008/05/14,0,4648000,-1191000,3457000
2008/05/15,0,4023000,-6402813,-2379813
2008/05/16,0,3255000,-2613000,642000
2008/05/19,0,2620000,-4606000,-1986000
2008/05/20,0,1855100,-7566000,-5710900
2008/05/21,0,646400,-3507000,-2860600
2008/05/22,0,3109000,-3410000,-301000
2008/05/23,0,5136000,-1858000,3278000
2008/05/26,0,3407000,-1834000,1573000
2008/05/27,0,4518000,-1852000,2666000
2008/05/28,0,5572000,-3896000,1676000
2008/05/29,0,3556000,-9481000,-5925000
2008/05/30,0,15578597,-9618400,5960197
2008/06/02,0,4251000,-2466000,1785000
2008/06/03,0,3346000,-11051000,-7705000
2008/06/04,0,9352050,-3171000,6181050
2008/06/05,0,2774000,-2702000,72000
2008/06/06,0,711000,-3444000,-2733000
2008/06/09,0,1943000,-3396000,-1453000
2008/06/10,0,2576000,-6599196,-4023196
2008/06/11,0,1564000,-2615000,-1051000
2008/06/12,0,16663000,-16515000,148000
2008/06/13,0,836000,-6369000,-5533000
2008/06/16,0,4185000,-10129000,-5944000
2008/06/17,0,3926000,-8850000,-4924000
2008/06/18,0,3468000,-8367000,-4899000
2008/06/19,0,264000,-7364000,-7100000
2008/06/20,0,1559708,-8303038,-6743330
2008/06/23,0,2911000,-1107000,1804000
2008/06/24,0,2857000,-11031000,-8174000
2008/06/25,0,8750000,-9644956,-894956
2008/06/26,0,2829000,-3894000,-1065000
2008/06/27,0,2813500,-5485000,-2671500
2008/06/30,0,9542000,-1846000,7696000
2008/07/01,0,7153000,-2919000,4234000
2008/07/02,0,1031000,-4746000,-3715000
2008/07/03,0,4546000,-4572000,-26000
2008/07/04,0,5806000,-19023000,-13217000
2008/07/07,0,1941000,-366000,1575000
2008/07/08,0,13203000,-5369000,7834000
2008/07/09,0,3963000,-1238000,2725000
2008/07/10,0,10939000,-1457000,9482000
2008/07/11,0,1286000,-1273000,13000
2008/07/14,0,5470000,-915000,4555000
2008/07/15,0,1654000,-946000,708000
2008/07/16,0,1787000,-6578000,-4791000
2008/07/17,0,7883000,-8587961,-704961
2008/07/18,0,16434000,-8877000,7557000
2008/07/21,0,22019000,-6231000,15788000
2008/07/22,0,7582000,-2515000,5067000
2008/07/23,0,95000,-838000,-743000
2008/07/24,0,15866000,-5303000,10563000
2008/07/25,0,2813000,-4476000,-1663000
2008/07/28,0,0,0,0
2008/07/29,0,484000,-8177000,-7693000
2008/07/30,0,4615000,-1506000,3109000
2008/07/31,0,6036000,-10185000,-4149000
2008/08/01,0,4586000,-3787000,799000
2008/08/04,0,2253000,-1190000,1063000
2008/08/05,0,4638102,-2913000,1725102
2008/08/06,0,14735000,-3565150,11169850
2008/08/07,0,6440250,-2437001,4003249
2008/08/08,0,3786000,-4473000,-687000
2008/08/11,0,11435000,-5422000,6013000
2008/08/12,0,8392000,-2777000,5615000
2008/08/13,0,2340000,-2286000,54000
2008/08/14,0,963000,-4277000,-3314000
2008/08/15,0,1773000,-2048000,-275000
2008/08/18,0,3138000,-4242000,-1104000
2008/08/19,0,3581000,-2795000,786000
2008/08/20,0,1225000,-994000,231000
2008/08/21,0,686000,-1886000,-1200000
2008/08/22,0,577000,-708000,-131000
2008/08/25,0,680000,-704000,-24000
2008/08/26,0,80000,-3538000,-3458000
2008/08/27,0,2849000,-2335000,514000
2008/08/28,0,3024000,-3298000,-274000
2008/08/29,0,1539000,-2249169,-710169
2008/09/01,0,1830000,-2484000,-654000
2008/09/02,0,9478000,-984000,8494000
2008/09/03,0,13781000,-49000,13732000
2008/09/04,0,395000,-4927000,-4532000
2008/09/05,0,245000,-2363000,-2118000
2008/09/08,0,1442000,-1810000,-368000
2008/09/09,0,905000,-1175000,-270000
2008/09/10,0,6068000,-3129000,2939000
2008/09/11,0,593000,-9439000,-8846000
2008/09/12,0,1364000,-230000,1134000
2008/09/15,0,729000,-2409000,-1680000
2008/09/16,0,1327833,-4826023,-3498190
2008/09/17,0,4597000,-3622000,975000
2008/09/18,0,1047000,-1917000,-870000
2008/09/19,0,2473267,-279000,2194267
2008/09/22,0,1596000,-3129000,-1533000
2008/09/23,0,5127000,-4299000,828000
2008/09/24,0,1943622,-8394622,-6451000
2008/09/25,0,2147000,-2370000,-223000
2008/09/26,0,1843000,-3013000,-1170000
2008/09/29,0,0,0,0
2008/09/30,0,975000,0,975000
2008/10/01,0,3344000,-3769000,-425000
2008/10/02,0,654000,-1749000,-1095000
2008/10/03,0,752000,-1659000,-907000
2008/10/06,0,40000,-2401000,-2361000
2008/10/07,0,913000,-355000,558000
2008/10/08,0,502000,-475000,27000
2008/10/09,0,5356000,-1251000,4105000
2008/10/10,0,0,0,0
2008/10/13,0,491000,-2920000,-2429000
2008/10/14,0,2633000,-772000,1861000
2008/10/15,0,507000,-4381821,-3874821
2008/10/16,0,1014000,-1283000,-269000
2008/10/17,0,3128000,-7934000,-4806000
2008/10/20,0,414000,-5071000,-4657000
2008/10/21,0,2127181,-3148000,-1020819
2008/10/22,0,1774000,-1744000,30000
2008/10/23,0,400000,-2609000,-2209000
2008/10/24,0,2797000,-1716000,1081000
2008/10/27,0,13000,-5110500,-5097500
2008/10/28,0,5524000,-33331444,-27807444
2008/10/29,0,1381000,-1519000,-138000
2008/10/30,0,1886000,-154000,1732000
2008/10/31,0,2463000,-2427000,36000
2008/11/03,0,4984000,-1564000,3420000
2008/11/04,0,2160000,-1581000,579000
2008/11/05,0,3350000,-690000,2660000
2008/11/06,0,1281000,-4864000,-3583000
2008/11/07,0,1221000,-6225000,-5004000
2008/11/10,0,3861000,-464000,3397000
2008/11/11,0,3757000,-6266886,-2509886
2008/11/12,0,982000,-3655000,-2673000
2008/11/13,0,455000,-2055000,-1600000
2008/11/14,0,313000,-3517000,-3204000
2008/11/17,0,1937000,-3859000,-1922000
2008/11/18,0,2484000,-4351000,-1867000
2008/11/19,0,1459000,-5252000,-3793000
2008/11/20,0,582000,-1677110,-1095110
2008/11/21,0,719000,-1011000,-292000
2008/11/24,0,660000,-910000,-250000
2008/11/25,0,2141000,-481799,1659201
2008/11/26,0,1618000,-1925981,-307981
2008/11/27,0,1398000,-62000,1336000
2008/11/28,0,2131667,-1097247,1034420
2008/12/01,0,1524000,-111000,1413000
2008/12/02,0,4762000,-2571904,2190096
2008/12/03,0,3201000,-5731000,-2530000
2008/12/04,0,944000,-1973000,-1029000
2008/12/05,0,3549000,-7074000,-3525000
2008/12/08,0,4718000,-113000,4605000
2008/12/09,0,4674000,-1438000,3236000
2008/12/10,0,2988000,-1130000,1858000
2008/12/11,0,5777000,-1504000,4273000
2008/12/12,0,1801000,-4153365,-2352365
2008/12/15,0,4921000,-239000,4682000
2008/12/16,0,1338000,-1509000,-171000
2008/12/17,0,4947000,-690000,4257000
2008/12/18,0,1499000,-168000,1331000
2008/12/19,0,1760000,-1323000,437000
2008/12/22,0,426500,-2727000,-2300500
2008/12/23,0,687000,-1841000,-1154000
2008/12/24,0,810000,-1678000,-868000
2008/12/25,0,71000,-674000,-603000
2008/12/26,0,276000,-116000,160000
2008/12/29,0,84000,-296000,-212000
2008/12/30,0,2996000,-562000,2434000
2008/12/31,0,443000,-563000,-120000
2009/01/01,0,0,0,0
2009/01/02,0,0,0,0
2009/01/05,0,5630000,-2763000,2867000
2009/01/06,0,3515553,-2868000,647553
2009/01/07,0,2149659,-1881000,268659
2009/01/08,0,163000,-3880000,-3717000
2009/01/09,0,1364000,-1226000,138000
2009/01/12,0,1157592,-1782000,-624408
2009/01/13,0,511000,-918000,-407000
2009/01/14,0,82000,-1914000,-1832000
2009/01/15,0,12000,-4951000,-4939000
2009/01/16,0,143000,-1843000,-1700000
2009/01/19,0,30000,-200230,-170230
2009/01/20,0,2552000,-6290000,-3738000
2009/01/21,0,2328000,-4469000,-2141000
2009/01/22,0,0,0,0
2009/01/23,0,0,0,0
2009/01/26,0,0,0,0
2009/01/27,0,0,0,0
2009/01/28,0,0,0,0
2009/01/29,0,0,0,0
2009/01/30,0,0,0,0
2009/02/02,0,1161000,-2222467,-1061467
2009/02/03,0,1902000,-780409,1121591
2009/02/04,0,1542000,-2164000,-622000
2009/02/05,0,1129000,-4437000,-3308000
2009/02/06,0,2255000,-207000,2048000
2009/02/09,0,1280000,-763000,517000
2009/02/10,0,370000,-1686000,-1316000
2009/02/11,0,829000,-518000,311000
2009/02/12,0,500000,-1691000,-1191000
2009/02/13,0,822000,-40000,782000
2009/02/16,0,42000,-5267000,-5225000
2009/02/17,0,503000,-722944,-219944
2009/02/18,0,3274000,-1650000,1624000
2009/02/19,0,2039000,-1040000,999000
2009/02/20,0,425000,-2027000,-1602000
2009/02/23,0,891000,-2333000,-1442000
2009/02/24,0,498000,-1252810,-754810
2009/02/25,0,1250000,-548400,701600
2009/02/26,0,724000,-367380,356620
2009/02/27,0,386000,-224282,161718
2009/03/02,0,49000,-2731385,-2682385
2009/03/03,0,340000,-1535000,-1195000
2009/03/04,0,1598000,-662000,936000
2009/03/05,0,898000,-396000,502000
2009/03/06,0,1566000,-349000,1217000
2009/03/09,0,873000,-2278000,-1405000
2009/03/10,0,1633000,-1899000,-266000
2009/03/11,0,358962,-103000,255962
2009/03/12,0,1888000,-1059000,829000
2009/03/13,0,4066000,-68000,3998000
2009/03/16,0,856000,-209000,647000
2009/03/17,0,1694000,-1163000,531000
2009/03/18,0,2543000,-892000,1651000
2009/03/19,0,182000,-2910083,-2728083
2009/03/20,0,827000,-502000,325000
2009/03/23,0,5837000,-325000,5512000
2009/03/24,0,678000,-1262000,-584000
2009/03/25,0,3244000,-304460,2939540
2009/03/26,0,9921000,-927000,8994000
2009/03/27,0,1041000,-1628000,-587000
2009/03/30,0,2455000,-1555000,900000
2009/03/31,0,2431000,-2020848,410152
2009/04/01,0,860000,-461000,399000
2009/04/02,0,22969000,-37000,22932000
2009/04/03,0,7708000,-6881000,827000
2009/04/06,0,2805000,-2486000,319000
2009/04/07,0,472000,-1199000,-727000
2009/04/08,0,12120000,-2055000,10065000
2009/04/09,0,6275000,-27000,6248000
2009/04/10,0,6454000,-415000,6039000
2009/04/13,0,1385000,-8510000,-7125000
2009/04/14,0,1688000,-1111000,577000
2009/04/15,0,1498000,-1218000,280000
2009/04/16,0,1217000,-812000,405000
2009/04/17,0,2680879,-2191000,489879
2009/04/20,0,2594000,-1670000,924000
2009/04/21,0,1681000,-2095000,-414000
2009/04/22,0,934000,-10509000,-9575000
2009/04/23,0,1284000,-5757300,-4473300
2009/04/24,0,1260000,-1681000,-421000
2009/04/27,0,1372243,-1655000,-282757
2009/04/28,0,1859000,-11464000,-9605000
2009/04/29,0,7826000,-8544000,-718000
2009/04/30,0,31035000,-2183000,28852000
2009/05/01,0,0,0,0
2009/05/04,0,15394000,-592000,14802000
2009/05/05,0,6557490,-3680000,2877490
2009/05/06,0,2739000,-1582000,1157000
2009/05/07,0,15735000,-4285000,11450000
2009/05/08,0,10903667,-2813000,8090667
2009/05/11,0,6974000,-3515000,3459000
2009/05/12,0,3335000,-7073680,-3738680
2009/05/13,0,477000,-3373000,-2896000
2009/05/14,0,440000,-2314000,-1874000
2009/05/15,0,808000,-2007000,-1199000
2009/05/18,0,11758000,-1938000,9820000
2009/05/19,0,21073906,-139000,20934906
2009/05/20,0,4338000,-903000,3435000
2009/05/21,0,444000,-2102000,-1658000
2009/05/22,0,604000,-11178000,-10574000
2009/05/25,0,3741000,-4568396,-827396
2009/05/26,0,1570000,-5144000,-3574000
2009/05/27,0,3367396,-4214819,-847423
2009/05/28,0,0,0,0
2009/05/29,0,0,0,0
2009/06/01,0,2679000,-4330000,-1651000
2009/06/02,0,5017300,-5163300,-146000
2009/06/03,0,2228867,-5344867,-3116000
2009/06/04,0,338000,-1156000,-818000
2009/06/05,0,735744,-2386000,-1650256
2009/06/08,0,361000,-1568000,-1207000
2009/06/09,0,1385000,-2517000,-1132000
2009/06/10,0,1055549,-419000,636549
2009/06/11,0,1678000,-1960000,-282000
2009/06/12,0,594000,-2425000,-1831000
2009/06/15,0,1662000,-1731000,-69000
2009/06/16,0,1970000,-2116310,-146310
2009/06/17,0,3632000,-1786000,1846000
2009/06/18,0,2350000,-5266000,-2916000
2009/06/19,0,2715000,-10663000,-7948000
2009/06/22,0,3156000,-973000,2183000
2009/06/23,0,3736600,-2467000,1269600
2009/06/24,0,5116000,-1337000,3779000
2009/06/25,0,4674000,-718000,3956000
2009/06/26,0,7031000,-2204000,4827000
2009/06/29,0,2089000,-2617000,-528000
2009/06/30,0,2771000,-1942324,828676
2009/07/01,0,2680000,-202000,2478000
2009/07/02,0,1135000,-2327000,-1192000
2009/07/03,0,2349000,-446684,1902316
2009/07/06,0,1551000,-787000,764000
2009/07/07,0,4832000,-115810,4716190
2009/07/08,0,1213000,-3241000,-2028000
2009/07/09,0,3436000,-4502000,-1066000
2009/07/10,0,268000,-7233000,-6965000
2009/07/13,0,5340000,-6748000,-1408000
2009/07/14,0,1032000,-910110,121890
2009/07/15,0,1395000,-2125000,-730000
2009/07/16,0,1526000,-2940000,-1414000
2009/07/17,0,884689,-5444200,-4559511
2009/07/20,0,5090000,-766000,4324000
2009/07/21,0,3220000,-2317280,902720
2009/07/22,0,2133000,-883000,1250000
2009/07/23,0,3386000,-1743020,1642980
2009/07/24,0,2345000,-835480,1509520
2009/07/27,0,1412000,-2538000,-1126000
2009/07/28,0,12370000,-731000,11639000
2009/07/29,0,23426000,-12526698,10899302
2009/07/30,0,7940000,-8533000,-593000
2009/07/31,0,12715000,-1335000,11380000
2009/08/03,0,470000,-5162000,-4692000
2009/08/04,0,15184000,-10575106,4608894
2009/08/05,0,3402000,-1734000,1668000
2009/08/06,0,5950000,-5906000,44000
2009/08/07,0,0,0,0
2009/08/10,0,4959188,-5102000,-142812
2009/08/11,0,10279000,-5907000,4372000
2009/08/12,0,5722000,-9372000,-3650000
2009/08/13,0,4131000,-12105000,-7974000
2009/08/14,0,3067000,-13345000,-10278000
2009/08/17,0,359000,-1127000,-768000
2009/08/18,0,4986434,-818000,4168434
2009/08/19,0,3988000,-1286000,2702000
2009/08/20,0,6036000,-1439000,4597000
2009/08/21,0,14272000,-2932400,11339600
2009/08/24,0,1566000,-363652,1202348
2009/08/25,0,661000,-878000,-217000
2009/08/26,0,1597000,-1274000,323000
2009/08/27,0,6542000,-2199000,4343000
2009/08/28,0,1795000,-68000,1727000
2009/08/31,0,1126000,-7084766,-5958766
2009/09/01,0,0,0,0
2009/09/02,0,0,0,0
2009/09/03,0,0,0,0
2009/09/04,0,0,0,0
2009/09/07,0,0,0,0
2009/09/08,0,0,0,0
2009/09/09,0,0,0,0
2009/09/10,0,0,0,0
2009/09/11,0,0,0,0
2009/09/14,0,0,0,0
2009/09/15,0,0,0,0
2009/09/16,0,0,0,0
2009/09/17,0,0,0,0
2009/09/18,0,1319000,-592001,726999
2009/09/21,0,24480000,-4116778,20363222
2009/09/22,0,12126000,-7006079,5119921
2009/09/23,0,1270131,-1506947,-236816
2009/09/24,0,1768000,-683694,1084306
2009/09/25,0,10595000,-4825383,5769617
2009/09/28,0,2250000,-64000,2186000
2009/09/29,0,11819000,-894013,10924987
2009/09/30,0,7519694,-2726978,4792716
2009/10/01,0,1143000,-5156990,-4013990
2009/10/02,0,2258652,-3205522,-946870
2009/10/05,0,993056,-1343153,-350097
2009/10/06,0,6300000,-701367,5598633
2009/10/07,0,5457000,-1039095,4417905
2009/10/08,0,1541570,-343216,1198354
2009/10/09,0,474000,-304000,170000
2009/10/12,0,5246000,-388000,4858000
2009/10/13,0,38523000,-2303170,36219830
2009/10/14,0,27881000,-4939000,22942000
2009/10/15,0,62246000,-6483000,55763000
2009/10/16,0,15535853,-6959996,8575857
2009/10/19,0,8105072,-2128524,5976548
2009/10/20,0,11709000,-5160153,6548847
2009/10/21,0,1622247,-4784639,-3162392
2009/10/22,0,4633000,-7406567,-2773567
2009/10/23,0,1089000,-381000,708000
2009/10/26,0,3795000,-26000,3769000
2009/10/27,0,572000,-926000,-354000
2009/10/28,0,753000,-2734000,-1981000
2009/10/29,0,1015000,-5707000,-4692000
2009/10/30,0,1071000,-1185000,-114000
2009/11/02,0,129000,-10898295,-10769295
2009/11/03,0,453000,-5820738,-5367738
2009/11/04,0,1937000,-27799219,-25862219
2009/11/05,0,1072000,-4182000,-3110000
2009/11/06,0,2669000,-4762000,-2093000
2009/11/09,0,12386000,-10949000,1437000
2009/11/10,0,19626000,-5645370,13980630
2009/11/11,0,12110000,-2185000,9925000
2009/11/12,0,8304000,-671000,7633000
2009/11/13,0,1360000,-3040030,-1680030
2009/11/16,0,2589000,-1768981,820019
2009/11/17,0,26416000,-1939000,24477000
2009/11/18,0,1181000,-3994822,-2813822
2009/11/19,0,972000,-1225768,-253768
2009/11/20,0,2618000,-11109000,-8491000
2009/11/23,0,1909000,-354166,1554834
2009/11/24,0,2099000,-749000,1350000
2009/11/25,0,2149000,-1767000,382000
2009/11/26,0,488427,-2194000,-1705573
2009/11/27,0,831000,-4919000,-4088000
2009/11/30,0,1247932,-6929954,-5682022
2009/12/01,0,1811000,-6883400,-5072400
2009/12/02,0,15164000,-3783000,11381000
2009/12/03,0,2960286,-1512499,1447787
2009/12/04,0,3434000,-331236,3102764
2009/12/07,0,3082000,-6542354,-3460354
2009/12/08,0,9602000,-1524225,8077775
2009/12/09,0,18891000,-1679500,17211500
2009/12/10,0,189000,-3037477,-2848477
2009/12/11,0,787566,-574000,213566
2009/12/14,0,1727000,-4266000,-2539000
2009/12/15,0,18023000,-1473076,16549924
2009/12/16,0,5467000,-2792000,2675000
2009/12/17,0,9934560,-1104674,8829886
2009/12/18,0,4727000,-818000,3909000
2009/12/21,0,6107000,-3746000,2361000
2009/12/22,0,2544000,-452000,2092000
2009/12/23,0,3426000,-1400572,2025428
2009/12/24,0,2590000,-682000,1908000
2009/12/25,0,433000,-75000,358000
2009/12/28,0,2184000,-1219000,965000
2009/12/29,0,782000,-1368000,-586000
2009/12/30,0,1871000,-728000,1143000
2009/12/31,0,1918000,-786000,1132000
2010/01/01,0,0,0,0
2010/01/04,0,1684000,-293000,1391000
2010/01/05,0,175000,-473000,-298000
2010/01/06,0,797000,-587147,209853
2010/01/07,0,5055000,-3591198,1463802
2010/01/08,0,6099450,-4278000,1821450
2010/01/11,0,7088000,-1043000,6045000
2010/01/12,0,5769000,-7123000,-1354000
2010/01/13,0,1041000,-8650000,-7609000
2010/01/14,0,1396000,-1259550,136450
2010/01/15,0,8290000,-845000,7445000
2010/01/18,0,1872000,-726478,1145522
2010/01/19,0,2317000,-2911690,-594690
2010/01/20,0,3573000,-1070000,2503000
2010/01/21,0,12318991,-1124000,11194991
2010/01/22,0,3528000,-5688000,-2160000
2010/01/25,0,659350,-3130000,-2470650
2010/01/26,0,1574000,-13791000,-12217000
2010/01/27,0,600000,-2222040,-1622040
2010/01/28,0,715000,-4995000,-4280000
2010/01/29,0,2236000,-8863670,-6627670
2010/02/01,0,1129000,-2511580,-1382580
2010/02/02,0,2992427,-4262390,-1269963
2010/02/03,0,7269070,-7410627,-141557
2010/02/04,0,3953000,-4826950,-873950
2010/02/05,0,5404000,-6640680,-1236680
2010/02/08,0,4299290,-3850000,449290
2010/02/09,0,3075000,-2080380,994620
2010/02/10,0,5883000,-7241000,-1358000
2010/02/11,0,0,0,0
2010/02/12,0,0,0,0
2010/02/15,0,0,0,0
2010/02/16,0,0,0,0
2010/02/17,0,0,0,0
2010/02/18,0,0,0,0
2010/02/19,0,0,0,0
2010/02/22,0,2698000,-1530000,1168000
2010/02/23,0,3624000,-1850000,1774000
2010/02/24,0,2536000,-4977669,-2441669
2010/02/25,0,2822067,-12138000,-9315933
2010/02/26,0,6680910,-6797640,-116730
2010/03/01,0,4261423,-3639000,622423
2010/03/02,0,4663000,-2375000,2288000
2010/03/03,0,4457120,-75000,4382120
2010/03/04,0,5325000,-4775000,550000
2010/03/05,0,7144000,-190000,6954000
2010/03/08,0,4512000,-381000,4131000
2010/03/09,0,738560,-210338,528222
2010/03/10,0,1596169,-626000,970169
2010/03/11,0,15550000,-2214000,13336000
2010/03/12,0,14524000,-3478581,11045419
2010/03/15,0,4837000,-1820000,3017000
2010/03/16,0,2583716,-3450000,-866284
2010/03/17,0,11397984,-187000,11210984
2010/03/18,0,9694000,-3969000,5725000
2010/03/19,0,14457467,-3513484,10943983
2010/03/22,0,9741000,-2909394,6831606
2010/03/23,0,8894000,-6162069,2731931
2010/03/24,0,6911000,-199000,6712000
2010/03/25,0,7840000,-4103000,3737000
2010/03/26,0,7149090,-829000,6320090
2010/03/29,0,14566716,-3057000,11509716
2010/03/30,0,5503000,-6465406,-962406
2010/03/31,0,5883000,-2046275,3836725
2010/04/01,0,7430200,-8474510,-1044310
2010/04/02,0,2353000,-142000,2211000
2010/04/05,0,0,0,0
2010/04/06,0,4821000,-1571000,3250000
2010/04/07,0,4847110,-4252000,595110
2010/04/08,0,3559000,-6835000,-3276000
2010/04/09,0,2341000,-7404320,-5063320
2010/04/12,0,10303420,-997000,9306420
2010/04/13,0,6214000,-4102147,2111853
2010/04/14,0,6482000,-694670,5787330
2010/04/15,0,12787000,-1857000,10930000
2010/04/16,0,997880,-1969000,-971120
2010/04/19,0,5615000,-1786000,3829000
2010/04/20,0,8009000,-3740300,4268700
2010/04/21,0,2714000,-7188920,-4474920
2010/04/22,0,5224000,-8378500,-3154500
2010/04/23,0,368000,-8977752,-8609752
2010/04/26,0,3433000,-196003,3236997
2010/04/27,0,18649475,-3363910,15285565
2010/04/28,0,8365000,-5091200,3273800
2010/04/29,0,15608000,-5486573,10121427
2010/04/30,0,42536000,-25582362,16953638
2010/05/03,0,3774000,-3252000,522000
2010/05/04,0,14710000,-5673000,9037000
2010/05/05,0,21850427,-13729218,8121209
2010/05/06,0,9056767,-6777000,2279767
2010/05/07,0,5244000,-5785036,-541036
2010/05/10,0,5500240,-5534670,-34430
2010/05/11,0,12355000,-7440000,4915000
2010/05/12,0,4935000,-2743738,2191262
2010/05/13,0,9185000,-9072000,113000
2010/05/14,0,2340000,-336000,2004000
2010/05/17,0,6418000,-4298000,2120000
2010/05/18,0,11562000,-4702773,6859227
2010/05/19,0,5449000,-5601749,-152749
2010/05/20,0,14734000,-22526714,-7792714
2010/05/21,0,2647000,-5410510,-2763510
2010/05/24,0,5112000,-11557147,-6445147
2010/05/25,0,11111000,-3335000,7776000
2010/05/26,0,6681000,-10398869,-3717869
2010/05/27,0,3914000,-1859338,2054662
2010/05/28,0,13281000,-10633713,2647287
2010/05/31,0,2197000,-9878442,-7681442
2010/06/01,0,1598000,-2249000,-651000
2010/06/02,0,11687000,-13628000,-1941000
2010/06/03,0,12114000,-5225000,6889000
2010/06/04,0,6574000,-1569000,5005000
2010/06/07,0,3474000,-4696989,-1222989
2010/06/08,0,3177000,-2743000,434000
2010/06/09,0,2582000,-11694457,-9112457
2010/06/10,0,5338000,-1321795,4016205
2010/06/11,0,3908570,-376000,3532570
2010/06/14,0,16320570,-3895573,12424997
2010/06/15,0,14385140,-10765320,3619820
2010/06/16,0,0,0,0
2010/06/17,0,10844615,-7121000,3723615
2010/06/18,0,2377923,-2729591,-351668
2010/06/21,0,10639027,-1960266,8678761
2010/06/22,0,2287476,-6205000,-3917524
2010/06/23,0,935347,-5498072,-4562725
2010/06/24,0,1099000,-2144150,-1045150
2010/06/25,0,985338,-2209000,-1223662
2010/06/28,0,1761000,-598000,1163000
2010/06/29,0,1365000,-12280000,-10915000
2010/06/30,0,8716000,-30269700,-21553700
2010/07/01,0,18627612,-9492312,9135300
2010/07/02,0,13532000,-10899880,2632120
2010/07/05,0,2672000,-8629808,-5957808
2010/07/06,0,6341000,-28887000,-22546000
2010/07/07,0,10479841,-19616000,-9136159
2010/07/08,0,12087000,-1564000,10523000
2010/07/09,0,1534000,-7908116,-6374116
2010/07/12,0,10433000,-7220080,3212920
2010/07/13,0,2546000,-1411000,1135000
2010/07/14,0,6067527,-1383000,4684527
2010/07/15,0,1855000,-8967508,-7112508
2010/07/16,0,1046860,-1111627,-64767
2010/07/19,0,1782000,-5078000,-3296000
2010/07/20,0,2477000,-7988000,-5511000
2010/07/21,0,4436000,-27730000,-23294000
2010/07/22,0,8057841,-1206000,6851841
2010/07/23,0,2519000,-10444000,-7925000
2010/07/26,0,1098590,-4871000,-3772410
2010/07/27,0,8747510,-6402000,2345510
2010/07/28,0,9973000,-32364926,-22391926
2010/07/29,0,5308000,-5048086,259914
2010/07/30,0,1609000,-5077837,-3468837
2010/08/02,0,5632000,-2856203,2775797
2010/08/03,0,7468000,-8486000,-1018000
2010/08/04,0,8139000,-3556041,4582959
2010/08/05,0,19500000,-3543486,15956514
2010/08/06,0,6915000,-7804147,-889147
2010/08/09,0,2813000,-1681738,1131262
2010/08/10,0,2735000,-3174738,-439738
2010/08/11,0,1851000,-11483252,-9632252
2010/08/12,0,5232000,-23487341,-18255341
2010/08/13,0,1529444,-15316758,-13787314
2010/08/16,0,4329000,-13166000,-8837000
2010/08/17,0,9419000,-38240000,-28821000
2010/08/18,0,1941000,-22743738,-20802738
2010/08/19,0,3960000,-21086798,-17126798
2010/08/20,0,2983000,-6002000,-3019000
2010/08/23,0,1696000,-3591017,-1895017
2010/08/24,0,416000,-8696000,-8280000
2010/08/25,0,8383000,-9150000,-767000
2010/08/26,0,10617000,-10449415,167585
2010/08/27,0,4946000,-36907601,-31961601
2010/08/30,0,1594502,-6135000,-4540498
2010/08/31,0,1080000,-13643530,-12563530
2010/09/01,0,3838000,-5173000,-1335000
2010/09/02,0,6080000,-517297,5562703
2010/09/03,0,5056000,-2435000,2621000
2010/09/06,0,2047000,-434924,1612076
2010/09/07,0,107005,-5524959,-5417954
2010/09/08,0,2213230,-2248024,-34794
2010/09/09,0,2052000,-40570157,-38518157
2010/09/10,0,4475700,-1128253,3347447
2010/09/13,0,7993000,-3110216,4882784
2010/09/14,0,1613316,-7054000,-5440684
2010/09/15,0,1762610,-3594992,-1832382
2010/09/16,0,5013000,-1385917,3627083
2010/09/17,0,8141000,-6388476,1752524
2010/09/20,0,7364000,-15144000,-7780000
2010/09/21,0,1401000,-2503000,-1102000
2010/09/22,0,0,0,0
2010/09/23,0,4747801,-4378000,369801
2010/09/24,0,3773740,-6280350,-2506610
2010/09/27,0,2638320,-3981000,-1342680
2010/09/28,0,1784420,-7652000,-5867580
2010/09/29,0,4324000,-4522000,-198000
2010/09/30,0,3885000,-14680796,-10795796
2010/10/01,0,4761310,-5721000,-959690
2010/10/04,0,5334450,-3801000,1533450
2010/10/05,0,4359170,-8317060,-3957890
2010/10/06,0,13270781,-3583000,9687781
2010/10/07,0,3526150,-9416000,-5889850
2010/10/08,0,3233410,-1633000,1600410
2010/10/11,0,1953200,-2442000,-488800
2010/10/12,0,870120,-3647000,-2776880
2010/10/13,0,2191290,-12266000,-10074710
2010/10/14,0,4069590,-2241000,1828590
2010/10/15,0,3282950,-840000,2442950
2010/10/18,0,366000,-4520158,-4154158
2010/10/19,0,1136000,-5532000,-4396000
2010/10/20,0,825000,-8340000,-7515000
2010/10/21,0,2116000,-2459000,-343000
2010/10/22,0,9083000,-2063004,7019996
2010/10/25,0,8036000,-6051000,1985000
2010/10/26,0,3275000,-2215533,1059467
2010/10/27,0,3519650,-9240000,-5720350
2010/10/28,0,4278657,-3283594,995063
2010/10/29,0,2222000,-3086000,-864000
2010/11/01,0,12460000,-972778,11487222
2010/11/02,0,14103000,-3257557,10845443
2010/11/03,0,4813000,-2491116,2321884
2010/11/04,0,1522000,-7317376,-5795376
2010/11/05,0,3694000,-4844532,-1150532
2010/11/08,0,4061000,-3229000,832000
2010/11/09,0,9573000,-3576577,5996423
2010/11/10,0,1583000,-2133260,-550260
2010/11/11,0,2197000,-863360,1333640
2010/11/12,0,1283000,-2061000,-778000
2010/11/15,0,469840,-3136801,-2666961
2010/11/16,0,5240000,-8739000,-3499000
2010/11/17,0,3315000,-63449462,-60134462
2010/11/18,0,15862000,-4249060,11612940
2010/11/19,0,1914060,-5044000,-3129940
2010/11/22,0,4461540,-352000,4109540
2010/11/23,0,1809070,-5634272,-3825202
2010/11/24,0,2587000,-185000,2402000
2010/11/25,0,548000,-2349865,-1801865
2010/11/26,0,3185000,-827000,2358000
2010/11/29,0,6273000,-7372988,-1099988
2010/11/30,0,15575180,-5296635,10278545
2010/12/01,0,2554000,-3254670,-700670
2010/12/02,0,11649000,-819707,10829293
2010/12/03,0,2796000,-1810000,986000
2010/12/06,0,2218000,-179000,2039000
2010/12/07,0,842960,-1195000,-352040
2010/12/08,0,1632000,-2822000,-1190000
2010/12/09,0,4349000,-1693000,2656000
2010/12/10,0,1433000,-1468000,-35000
2010/12/13,0,6851000,-1136000,5715000
2010/12/14,0,4661000,-1101000,3560000
2010/12/15,0,6847000,-4836000,2011000
2010/12/16,0,5450000,-1603000,3847000
2010/12/17,0,4028607,-1680000,2348607
2010/12/20,0,6555410,-2593000,3962410
2010/12/21,0,2170000,-1946800,223200
2010/12/22,0,1103000,-530390,572610
2010/12/23,0,1041000,-4406000,-3365000
2010/12/24,0,1003000,-1244000,-241000
2010/12/27,0,1124000,-1435000,-311000
2010/12/28,0,960000,-883000,77000
2010/12/29,0,2393620,-323000,2070620
2010/12/30,0,6896000,-1461420,5434580
2010/12/31,0,1209000,-656640,552360
2011/01/03,0,2225000,-1176000,1049000
2011/01/04,0,428000,-1907000,-1479000
2011/01/05,0,3316000,-1133800,2182200
2011/01/06,0,1411000,-3941000,-2530000
2011/01/07,0,2134000,-3586000,-1452000
2011/01/10,0,6141000,-5825381,315619
2011/01/11,0,4226000,-496000,3730000
2011/01/12,0,11369000,-7983000,3386000
2011/01/13,0,4455487,-1151855,3303632
2011/01/14,0,2382000,-1514000,868000
2011/01/17,0,934745,-4221000,-3286255
2011/01/18,0,3348000,-17226020,-13878020
2011/01/19,0,2087121,-6861406,-4774285
2011/01/20,0,7864000,-8277000,-413000
2011/01/21,0,857000,-9204000,-8347000
2011/01/24,0,1124000,-4440216,-3316216
2011/01/25,0,4168000,-2298000,1870000
2011/01/26,0,9545000,-2825000,6720000
2011/01/27,0,12486000,-994410,11491590
2011/01/28,0,2350620,-2227000,123620
2011/01/31,0,0,0,0
2011/02/01,0,0,0,0
2011/02/02,0,0,0,0
2011/02/03,0,0,0,0
2011/02/04,0,0,0,0
2011/02/07,0,0,0,0
2011/02/08,0,7987000,-8810050,-823050
2011/02/09,0,4782000,-6520250,-1738250
2011/02/10,0,4063808,-23286661,-19222853
2011/02/11,0,7049000,-10970000,-3921000
2011/02/14,0,2400000,-7617060,-5217060
2011/02/15,0,1980000,-12174022,-10194022
2011/02/16,0,2276000,-8311000,-6035000
2011/02/17,0,3669000,-6819600,-3150600
2011/02/18,0,8471000,-5019000,3452000
2011/02/21,0,1055000,-3605000,-2550000
2011/02/22,0,5150000,-10093000,-4943000
2011/02/23,0,3823224,-7962370,-4139146
2011/02/24,0,2978000,-22605000,-19627000
2011/02/25,0,2292000,-7428371,-5136371
2011/02/28,0,0,0,0
2011/03/01,0,8246000,-5958000,2288000
2011/03/02,0,1089000,-14284000,-13195000
2011/03/03,0,2901000,-3069984,-168984
2011/03/04,0,5103000,-1600000,3503000
2011/03/07,0,2876000,-4585000,-1709000
2011/03/08,0,872000,-12000952,-11128952
2011/03/09,0,1162000,-2119727,-957727
2011/03/10,0,1780000,-3322760,-1542760
2011/03/11,0,27000,-10074630,-10047630
2011/03/14,0,1841000,-2269000,-428000
2011/03/15,0,3132000,-7804880,-4672880
2011/03/16,0,3069000,-2314440,754560
2011/03/17,0,3453000,-6866330,-3413330
2011/03/18,0,3618000,-5491686,-1873686
2011/03/21,0,5067000,-2955000,2112000
2011/03/22,0,579000,-2471032,-1892032
2011/03/23,0,3357000,-5244000,-1887000
2011/03/24,0,3537000,-8412000,-4875000
2011/03/25,0,2292000,-6517000,-4225000
2011/03/28,0,9726000,-8267000,1459000
2011/03/29,0,7053000,-14660933,-7607933
2011/03/30,0,1651000,-5662707,-4011707
2011/03/31,0,1259000,-3414471,-2155471
2011/04/01,0,1303000,-345000,958000
2011/04/04,0,0,0,0
2011/04/05,0,0,0,0
2011/04/06,0,3898734,-6203000,-2304266
2011/04/07,0,4214000,-9565437,-5351437
2011/04/08,0,5705975,-6312185,-606210
2011/04/11,0,15473000,-3937000,11536000
2011/04/12,0,932068,-667000,265068
2011/04/13,0,19594000,-1419000,18175000
2011/04/14,0,9686000,-3303000,6383000
2011/04/15,0,811000,-4903000,-4092000
2011/04/18,0,488000,-1587496,-1099496
2011/04/19,0,1151556,-6032147,-4880591
2011/04/20,0,2549000,-2323230,225770
2011/04/21,0,2554000,-2795199,-241199
2011/04/22,0,8767000,-1542000,7225000
2011/04/25,0,8517000,-5574000,2943000
2011/04/26,0,3957000,-2880000,1077000
2011/04/27,0,1650000,-5114000,-3464000
2011/04/28,0,1039740,-13480113,-12440373
2011/04/29,0,4752000,-14511432,-9759432
2011/05/02,0,0,0,0
2011/05/03,0,4455000,-4488000,-33000
2011/05/04,0,4612000,-3606295,1005705
2011/05/05,0,5679000,-2158000,3521000
2011/05/06,0,6775113,-5094000,1681113
2011/05/09,0,6031000,-2925638,3105362
2011/05/10,0,6801000,-1218000,5583000
2011/05/11,0,7468000,-5994637,1473363
2011/05/12,0,1447000,-8508600,-7061600
2011/05/13,0,1565000,-7313000,-5748000
2011/05/16,0,1912000,-1227000,685000
2011/05/17,0,7803000,-1575000,6228000
2011/05/18,0,5996000,-637745,5358255
2011/05/19,0,5229000,-926000,4303000
2011/05/20,0,655000,-2325000,-1670000
2011/05/23,0,1067000,-1802000,-735000
2011/05/24,0,2717000,-273032,2443968
2011/05/25,0,622556,-2706000,-2083444
2011/05/26,0,1563169,-4399692,-2836523
2011/05/27,0,4465000,-2152000,2313000
2011/05/30,0,7097000,-1567000,5530000
2011/05/31,0,7561000,-1248276,6312724
2011/06/01,0,3717000,-367595,3349405
2011/06/02,0,3209000,-597000,2612000
2011/06/03,0,1483000,-1267464,215536
2011/06/06,0,0,0,0
2011/06/07,0,1040000,-2387099,-1347099
2011/06/08,0,2502000,-2606835,-104835
2011/06/09,0,2051000,-1995950,55050
2011/06/10,0,1328219,-7836000,-6507781
2011/06/13,0,1571000,-18760067,-17189067
2011/06/14,0,3417000,-2219000,1198000
2011/06/15,0,6596000,-7390000,-794000
2011/06/16,0,1762375,-5721385,-3959010
2011/06/17,0,2264000,-10481000,-8217000
2011/06/20,0,1971000,-548216,1422784
2011/06/21,0,4880306,-1219000,3661306
2011/06/22,0,3184000,-1716000,1468000
2011/06/23,0,1606522,-804532,801990
2011/06/24,0,18795000,-4438567,14356433
2011/06/27,0,6821000,-2655442,4165558
2011/06/28,0,4389000,-3214733,1174267
2011/06/29,0,11295000,-3133000,8162000
2011/06/30,0,2885000,-935000,1950000
2011/07/01,0,1519040,-1038000,481040
2011/07/04,0,697657,-14430201,-13732544
2011/07/05,0,1957468,-2314000,-356532
2011/07/06,0,3895000,-758784,3136216
2011/07/07,0,1545000,-838756,706244
2011/07/08,0,1102000,-1479000,-377000
2011/07/11,0,1782000,-102000,1680000
2011/07/12,0,220368,-1604433,-1384065
2011/07/13,0,415000,-1084000,-669000
2011/07/14,0,2391000,-4984000,-2593000
2011/07/15,0,926420,-4592000,-3665580
2011/07/18,0,1386000,-1870000,-484000
2011/07/19,0,1751000,-3283900,-1532900
2011/07/20,0,11199688,-2994000,8205688
2011/07/21,0,9143428,-3047824,6095604
2011/07/22,0,2321000,-4787000,-2466000
2011/07/25,0,596115,-743000,-146885
2011/07/26,0,3750939,-149000,3601939
2011/07/27,0,714000,-3053000,-2339000
2011/07/28,0,920000,-2122001,-1202001
2011/07/29,0,746306,-634450,111856
2011/08/01,0,2751924,-3428000,-676076
2011/08/02,0,1249000,-96000,1153000
2011/08/03,0,2277000,-1470000,807000
2011/08/04,0,2527000,-3660000,-1133000
2011/08/05,0,2540000,-8652000,-6112000
2011/08/08,0,6803000,-7720711,-917711
2011/08/09,0,14458336,-10917500,3540836
2011/08/10,0,5127000,-14559550,-9432550
2011/08/11,0,5938000,-3125000,2813000
2011/08/12,0,336000,-6623698,-6287698
2011/08/15,0,3460801,-5425000,-1964199
2011/08/16,0,4472000,-2238500,2233500
2011/08/17,0,5748000,-3249000,2499000
2011/08/18,0,3855027,-8228000,-4372973
2011/08/19,0,2019000,-2544000,-525000
2011/08/22,0,1878000,-1511000,367000
2011/08/23,0,1595000,-156171,1438829
2011/08/24,0,2916000,-2736000,180000
2011/08/25,0,4283000,-2504313,1778687
2011/08/26,0,1986000,-6053000,-4067000
2011/08/29,0,3041000,-7328000,-4287000
2011/08/30,0,2489000,-8326000,-5837000
2011/08/31,0,2436193,-7689898,-5253705
2011/09/01,0,4710000,-699434,4010566
2011/09/02,0,4739000,-6961000,-2222000
2011/09/05,0,3188000,-6248536,-3060536
2011/09/06,0,826000,-2802362,-1976362
2011/09/07,0,2763000,-1727000,1036000
2011/09/08,0,1946000,-7649800,-5703800
2011/09/09,0,2269000,-1323000,946000
2011/09/12,0,0,0,0
2011/09/13,0,347000,-2496000,-2149000
2011/09/14,0,2620000,-4165332,-1545332
2011/09/15,0,1787000,-2265886,-478886
2011/09/16,0,4832001,-6897000,-2064999
2011/09/19,0,1027000,-6644000,-5617000
2011/09/20,0,2732587,-8565000,-5832413
2011/09/21,0,1140000,-4110000,-2970000
2011/09/22,0,2543768,-7553100,-5009332
2011/09/23,0,16781000,-3328000,13453000
2011/09/26,0,10762800,-3206000,7556800
2011/09/27,0,8921000,-1719000,7202000
2011/09/28,0,1861295,-808000,1053295
2011/09/29,0,8815000,-830000,7985000
2011/09/30,0,15260000,-4437000,10823000
2011/10/03,0,2434000,-7298475,-4864475
2011/10/04,0,3197000,-1716000,1481000
2011/10/05,0,1625000,-1984488,-359488
2011/10/06,0,3152000,-6127014,-2975014
2011/10/07,0,3348000,-3170000,178000
2011/10/10,0,0,0,0
2011/10/11,0,8108000,-4526800,3581200
2011/10/12,0,5244700,-2265747,2978953
2011/10/13,0,5703000,-1268000,4435000
2011/10/14,0,333000,-1137000,-804000
2011/10/17,0,6910000,-2376000,4534000
2011/10/18,0,940800,-2496000,-1555200
2011/10/19,0,3673000,-2039300,1633700
2011/10/20,0,492000,-2748000,-2256000
2011/10/21,0,2370000,-5636000,-3266000
2011/10/24,0,3039000,-294822,2744178
2011/10/25,0,4145000,-1778200,2366800
2011/10/26,0,5068000,-388000,4680000
2011/10/27,0,20470000,-1373000,19097000
2011/10/28,0,25246000,-1838000,23408000
2011/10/31,0,4085000,-1181000,2904000
2011/11/01,0,1273000,-1364001,-91001
2011/11/02,0,2857000,-3421900,-564900
2011/11/03,0,1696300,-2811300,-1115000
2011/11/04,0,1115400,-310000,805400
2011/11/07,0,5652000,-2483000,3169000
2011/11/08,0,8490000,-1732799,6757201
2011/11/09,0,591000,-1446000,-855000
2011/11/10,0,1222000,-6640600,-5418600
2011/11/11,0,5008000,-1702000,3306000
2011/11/14,0,2483000,-2505000,-22000
2011/11/15,0,453000,-2888000,-2435000
2011/11/16,0,1172000,-16084000,-14912000
2011/11/17,0,3839000,-6174474,-2335474
2011/11/18,0,1756000,-17411900,-15655900
2011/11/21,0,869000,-3540521,-2671521
2011/11/22,0,845000,-10366000,-9521000
2011/11/23,0,1622000,-6449000,-4827000
2011/11/24,0,5850000,-5564296,285704
2011/11/25,0,7698000,-4141000,3557000
2011/11/28,0,2983392,-4054000,-1070608
2011/11/29,0,1316000,-2642400,-1326400
2011/11/30,0,2951767,-2123784,827983
2011/12/01,0,13884000,-2364000,11520000
2011/12/02,0,2422000,-2147000,275000
2011/12/05,0,1619200,-1881800,-262600
2011/12/06,0,1316000,-463000,853000
2011/12/07,0,2652000,-405000,2247000
2011/12/08,0,1305000,-1860000,-555000
2011/12/09,0,757648,-779000,-21352
2011/12/12,0,926400,-287000,639400
2011/12/13,0,647000,-881000,-234000
2011/12/14,0,1304000,-867010,436990
2011/12/15,0,2290001,-3536000,-1245999
2011/12/16,0,1335000,-763000,572000
2011/12/19,0,2065500,-3713000,-1647500
2011/12/20,0,2029000,-3616000,-1587000
2011/12/21,0,1507000,-3572800,-2065800
2011/12/22,0,3189000,-1412900,1776100
2011/12/23,0,1852000,-258000,1594000
2011/12/26,0,577000,-32000,545000
2011/12/27,0,2914000,-19000,2895000
2011/12/28,0,882000,-528000,354000
2011/12/29,0,1216600,-1212000,4600
2011/12/30,0,1623000,-1341176,281824
2012/01/02,0,876000,-625000,251000
2012/01/03,0,1580000,-3578000,-1998000
2012/01/04,0,3362000,-1051300,2310700
2012/01/05,0,6999000,-1864001,5134999
2012/01/06,0,4110000,-2261000,1849000
2012/01/09,0,3959000,-2551000,1408000
2012/01/10,0,4944000,-1873999,3070001
2012/01/11,0,10743000,-3939000,6804000
2012/01/12,0,2734000,-1803000,931000
2012/01/13,0,7204000,-2984000,4220000
2012/01/16,0,2097000,-8469800,-6372800
2012/01/17,0,1650000,-1301000,349000
2012/01/18,0,6309000,-3198000,3111000
2012/01/19,0,0,0,0
2012/01/20,0,0,0,0
2012/01/23,0,0,0,0
2012/01/24,0,0,0,0
2012/01/25,0,0,0,0
2012/01/26,0,0,0,0
2012/01/27,0,0,0,0
2012/01/30,0,3741372,-3879600,-138228
2012/01/31,0,3507000,-1854800,1652200
2012/02/01,0,4436000,-1508000,2928000
2012/02/02,0,2874000,-3911000,-1037000
2012/02/03,0,1596000,-2639000,-1043000
2012/02/06,0,9663000,-4571890,5091110
2012/02/07,0,3503000,-5585000,-2082000
2012/02/08,0,5127000,-779000,4348000
2012/02/09,0,3213000,-7512532,-4299532
2012/02/10,0,1264000,-356000,908000
2012/02/13,0,1791000,-955000,836000
2012/02/14,0,3824460,-2115400,1709060
2012/02/15,0,7217000,-1177000,6040000
2012/02/16,0,3001000,-3282878,-281878
2012/02/17,0,2674000,-624600,2049400
2012/02/20,0,1753000,-1907000,-154000
2012/02/21,0,1521000,-376000,1145000
2012/02/22,0,3247000,-2894000,353000
2012/02/23,0,1993000,-1783000,210000
2012/02/24,0,1058000,-4451000,-3393000
2012/02/27,0,0,0,0
2012/02/28,0,0,0,0
2012/02/29,0,5720000,-4790000,930000
2012/03/01,0,5216145,-1639574,3576571
2012/03/02,0,2329426,-6098000,-3768574
2012/03/05,0,995000,-8386000,-7391000
2012/03/06,0,9014000,-9366200,-352200
2012/03/07,0,11756000,-1970000,9786000
2012/03/08,0,9346000,-2052000,7294000
2012/03/09,0,1218427,-1047000,171427
2012/03/12,0,564000,-1599000,-1035000
2012/03/13,0,4212000,-1202700,3009300
2012/03/14,0,5244000,-855571,4388429
2012/03/15,0,614000,-695000,-81000
2012/03/16,0,1023000,-848600,174400
2012/03/19,0,368000,-5467000,-5099000
2012/03/20,0,849000,-1868000,-1019000
2012/03/21,0,5238001,-4036001,1202000
2012/03/22,0,540000,-954000,-414000
2012/03/23,0,1243000,-2763000,-1520000
2012/03/26,0,933000,-3507100,-2574100
2012/03/27,0,223000,-2266000,-2043000
2012/03/28,0,712000,-3547216,-2835216
2012/03/29,0,493000,-4950000,-4457000
2012/03/30,0,1286000,-3420000,-2134000
2012/04/02,0,479000,-1082000,-603000
2012/04/03,0,1354731,-1898000,-543269
2012/04/04,0,0,0,0
2012/04/05,0,3708000,-1478000,2230000
2012/04/06,0,553000,-3180337,-2627337
2012/04/09,0,427000,-2608000,-2181000
2012/04/10,0,1374000,-5319000,-3945000
2012/04/11,0,1445000,-7739899,-6294899
2012/04/12,0,781000,-2859000,-2078000
2012/04/13,0,694048,-791000,-96952
2012/04/16,0,320000,-2136000,-1816000
2012/04/17,0,337000,-4852000,-4515000
2012/04/18,0,582000,-1254655,-672655
2012/04/19,0,1809000,-3747000,-1938000
2012/04/20,0,277000,-1246125,-969125
2012/04/23,0,2762000,-491000,2271000
2012/04/24,0,4454000,-2942600,1511400
2012/04/25,0,7253000,-1107000,6146000
2012/04/26,0,4481000,-2286000,2195000
2012/04/27,0,3761000,-2997000,764000
2012/04/30,0,3094000,-2655848,438152
2012/05/01,0,0,0,0
2012/05/02,0,3565000,-2096300,1468700
2012/05/03,0,2664000,-3584000,-920000
2012/05/04,0,10214000,-970900,9243100
2012/05/07,0,675000,-5159000,-4484000
2012/05/08,0,4009000,-6120000,-2111000
2012/05/09,0,5308500,-5871500,-563000
2012/05/10,0,2590000,-2000978,589022
2012/05/11,0,750000,-2024000,-1274000
2012/05/14,0,1566000,-568000,998000
2012/05/15,0,746000,-4393000,-3647000
2012/05/16,0,848000,-3748000,-2900000
2012/05/17,0,1229000,-2950000,-1721000
2012/05/18,0,909000,-9155000,-8246000
2012/05/21,0,661400,-6675889,-6014489
2012/05/22,0,403000,-5699000,-5296000
2012/05/23,0,770000,-5228000,-4458000
2012/05/24,0,1944000,-4408000,-2464000
2012/05/25,0,888000,-4394300,-3506300
2012/05/28,0,625000,-2413000,-1788000
2012/05/29,0,1351000,-4525345,-3174345
2012/05/30,0,1965000,-8442719,-6477719
2012/05/31,0,1838338,-2706947,-868609
2012/06/01,0,2713500,-2833226,-119726
2012/06/04,0,5398756,-2558000,2840756
2012/06/05,0,1145000,-2549000,-1404000
2012/06/06,0,1214000,-3018000,-1804000
2012/06/07,0,1332212,-1408100,-75888
2012/06/08,0,2247951,-1058000,1189951
2012/06/11,0,1420000,-1838000,-418000
2012/06/12,0,3086000,-4659000,-1573000
2012/06/13,0,872800,-4765000,-3892200
2012/06/14,0,601000,-6178507,-5577507
2012/06/15,0,15326721,-16819672,-1492951
2012/06/18,0,5026000,-1667922,3358078
2012/06/19,0,1160000,-287000,873000
2012/06/20,0,2797000,-3508238,-711238
2012/06/21,0,1107633,-601000,506633
2012/06/22,0,1317000,-1285000,32000
2012/06/25,0,902000,-2655000,-1753000
2012/06/26,0,551000,-1014000,-463000
2012/06/27,0,2031000,-1647600,383400
2012/06/28,0,778000,-4512500,-3734500
2012/06/29,0,3104286,-3288000,-183714
2012/07/02,0,1081000,-1814700,-733700
2012/07/03,0,2928000,-1558000,1370000
2012/07/04,0,2824000,-2092000,732000
2012/07/05,0,1520000,-277000,1243000
2012/07/06,0,3991000,-4077500,-86500
2012/07/09,0,1835000,-82000,1753000
2012/07/10,0,2752000,-192000,2560000
2012/07/11,0,1000000,-667000,333000
2012/07/12,0,1808000,-3513460,-1705460
2012/07/13,0,6140000,-5012100,1127900
2012/07/16,0,1480000,-685000,795000
2012/07/17,0,3871000,-1518000,2353000
2012/07/18,0,803000,-2212000,-1409000
2012/07/19,0,1949000,-1948000,1000
2012/07/20,0,1920000,-2462000,-542000
2012/07/23,0,1116000,-1602552,-486552
2012/07/24,0,2373000,-4549000,-2176000
2012/07/25,0,1694000,-5090000,-3396000
2012/07/26,0,2225000,-4065900,-1840900
2012/07/27,0,2824000,-1161000,1663000
2012/07/30,0,1257269,-761000,496269
2012/07/31,0,3152000,-671000,2481000
2012/08/01,0,1486000,-922000,564000
2012/08/02,0,0,0,0
2012/08/03,0,2167948,-315000,1852948
2012/08/06,0,1540000,-773000,767000
2012/08/07,0,2854000,-3524000,-670000
2012/08/08,0,4662393,-2001000,2661393
2012/08/09,0,4092000,-1689000,2403000
2012/08/10,0,4103000,-2131000,1972000
2012/08/13,0,2999000,-1078000,1921000
2012/08/14,0,7668000,-2287000,5381000
2012/08/15,0,1116000,-1508000,-392000
2012/08/16,0,4817000,-482000,4335000
2012/08/17,0,3093652,-474000,2619652
2012/08/20,0,3413000,-2098000,1315000
2012/08/21,0,2429517,-506000,1923517
2012/08/22,0,4040668,-632000,3408668
2012/08/23,0,4006654,-1194000,2812654
2012/08/24,0,1571000,-591000,980000
2012/08/27,0,2525000,-962000,1563000
2012/08/28,0,1359903,-632000,727903
2012/08/29,0,1086000,-375000,711000
2012/08/30,0,3826000,-6836000,-3010000
2012/08/31,0,2165000,-4556063,-2391063
2012/09/03,0,1247000,-1632100,-385100
2012/09/04,0,176000,-4192000,-4016000
2012/09/05,0,645500,-5045000,-4399500
2012/09/06,0,2380000,-2125000,255000
2012/09/07,0,6591000,-2137658,4453342
2012/09/10,0,3048000,-2024147,1023853
2012/09/11,0,467000,-1711000,-1244000
2012/09/12,0,1113000,-399000,714000
2012/09/13,0,3388600,-1459400,1929200
2012/09/14,0,3760700,-1282000,2478700
2012/09/17,0,1243000,-1115000,128000
2012/09/18,0,1939000,-1926000,13000
2012/09/19,0,6601885,-2238000,4363885
2012/09/20,0,4764000,-2008000,2756000
2012/09/21,0,4449000,-855300,3593700
2012/09/24,0,5621000,-630000,4991000
2012/09/25,0,2806000,-744000,2062000
2012/09/26,0,1905000,-3581000,-1676000
2012/09/27,0,1882000,-647940,1234060
2012/09/28,0,3248000,-817921,2430079
2012/10/01,0,976000,-265000,711000
2012/10/02,0,3125000,-894000,2231000
2012/10/03,0,6900000,-1723127,5176873
2012/10/04,0,3402000,-735000,2667000
2012/10/05,0,381000,-1246000,-865000
2012/10/08,0,5041300,-480000,4561300
2012/10/09,0,4112000,-573525,3538475
2012/10/10,0,0,0,0
2012/10/11,0,7917000,-1359000,6558000
2012/10/12,0,3478000,-1560000,1918000
2012/10/15,0,1488000,-743000,745000
2012/10/16,0,2467000,-490000,1977000
2012/10/17,0,2442000,-1699000,743000
2012/10/18,0,1517000,-893000,624000
2012/10/19,0,2095000,-2677000,-582000
2012/10/22,0,4631000,-1719000,2912000
2012/10/23,0,1714900,-899961,814939
2012/10/24,0,941000,-1874174,-933174
2012/10/25,0,3225000,-1344000,1881000
2012/10/26,0,1546000,-2103000,-557000
2012/10/29,0,1321700,-818000,503700
2012/10/30,0,2416000,-1898000,518000
2012/10/31,0,323000,-1196000,-873000
2012/11/01,0,2332000,-1714901,617099
2012/11/02,0,1204000,-2440000,-1236000
2012/11/05,0,1870000,-1380000,490000
2012/11/06,0,1894000,-743000,1151000
2012/11/07,0,1645000,-817000,828000
2012/11/08,0,681000,-2616200,-1935200
2012/11/09,0,1389000,-2732000,-1343000
2012/11/12,0,1183000,-2494000,-1311000
2012/11/13,0,2102000,-3711000,-1609000
2012/11/14,0,1821000,-2868000,-1047000
2012/11/15,0,639000,-1147000,-508000
2012/11/16,0,3079000,-2989000,90000
2012/11/19,0,627000,-586000,41000
2012/11/20,0,1054000,-3962000,-2908000
2012/11/21,0,1596000,-2598000,-1002000
2012/11/22,0,2716211,-1805211,911000
2012/11/23,0,2737000,-257000,2480000
2012/11/26,0,1018000,-365440,652560
2012/11/27,0,2072000,-2796999,-724999
2012/11/28,0,1689000,-7222846,-5533846
2012/11/29,0,3210000,-4044000,-834000
2012/11/30,0,3755000,-4774168,-1019168
2012/12/03,0,2070000,-3100000,-1030000
2012/12/04,0,842000,-7174100,-6332100
2012/12/05,0,1093000,-7215000,-6122000
2012/12/06,0,1115000,-1864388,-749388
2012/12/07,0,2445000,-2910000,-465000
2012/12/10,0,873000,-1262284,-389284
2012/12/11,0,1770744,-815000,955744
2012/12/12,0,2277000,-1934000,343000
2012/12/13,0,4099896,-4522000,-422104
2012/12/14,0,1927901,-1075000,852901
2012/12/17,0,1004000,-2014002,-1010002
2012/12/18,0,1976000,-1706500,269500
2012/12/19,0,3101000,-3500000,-399000
2012/12/20,0,667000,-3298000,-2631000
2012/12/21,0,543000,-1884088,-1341088
2012/12/24,0,313000,-837000,-524000
2012/12/25,0,884000,-257000,627000
2012/12/26,0,721000,-166823,554177
2012/12/27,0,433000,-152904,280096
2012/12/28,0,1577000,-47000,1530000
2012/12/31,0,0,0,0
2013/01/01,0,0,0,0
2013/01/02,0,1873000,-86000,1787000
2013/01/03,0,5518000,-216000,5302000
2013/01/04,0,4647000,-1425000,3222000
2013/01/07,0,4858000,-2837800,2020200
2013/01/08,0,4342000,-3515000,827000
2013/01/09,0,4755000,-2403000,2352000
2013/01/10,0,8776000,-6531000,2245000
2013/01/11,0,15663000,-2036000,13627000
2013/01/14,0,1058000,-2008000,-950000
2013/01/15,0,2705000,-840000,1865000
2013/01/16,0,3392000,-792000,2600000
2013/01/17,0,2131353,-1514000,617353
2013/01/18,0,1864000,-867000,997000
2013/01/21,0,1667000,-751000,916000
2013/01/22,0,1529000,-912008,616992
2013/01/23,0,1442000,-940009,501991
2013/01/24,0,586000,-866000,-280000
2013/01/25,0,4199000,-1233000,2966000
2013/01/28,0,9659000,-912000,8747000
2013/01/29,0,8521000,-1549000,6972000
2013/01/30,0,3802000,-1857000,1945000
2013/01/31,0,3608000,-1315000,2293000
2013/02/01,0,1221000,-590100,630900
2013/02/04,0,589057,-1205000,-615943
2013/02/05,0,1240000,-2355000,-1115000
2013/02/06,0,1054000,-742000,312000
2013/02/07,0,0,0,0
2013/02/08,0,0,0,0
2013/02/11,0,0,0,0
2013/02/12,0,0,0,0
2013/02/13,0,0,0,0
2013/02/14,0,0,0,0
2013/02/15,0,0,0,0
2013/02/18,0,2251000,-6662221,-4411221
2013/02/19,0,1809000,-1383670,425330
2013/02/20,0,2627750,-4722190,-2094440
2013/02/21,0,542300,-8714000,-8171700
2013/02/22,0,1058000,-6168900,-5110900
2013/02/25,0,1162043,-5246324,-4084281
2013/02/26,0,157000,-6192876,-6035876
2013/02/27,0,785000,-3336704,-2551704
2013/02/28,0,0,0,0
2013/03/01,0,1359000,-4585000,-3226000
2013/03/04,0,470000,-3123000,-2653000
2013/03/05,0,642000,-1676000,-1034000
2013/03/06,0,846000,-983000,-137000
2013/03/07,0,191000,-2956792,-2765792
2013/03/08,0,593700,-393000,200700
2013/03/11,0,492000,-1768000,-1276000
2013/03/12,0,388000,-165490,222510
2013/03/13,0,2350000,-2477000,-127000
2013/03/14,0,517875,-1115219,-597344
2013/03/15,0,1033000,-1231322,-198322
2013/03/18,0,299000,-4839000,-4540000
2013/03/19,0,2962000,-5509000,-2547000
2013/03/20,0,819000,-3193844,-2374844
2013/03/21,0,965400,-1162000,-196600
2013/03/22,0,406268,-595000,-188732
2013/03/25,0,464000,-544000,-80000
2013/03/26,0,390000,-1536000,-1146000
2013/03/27,0,902000,-1664000,-762000
2013/03/28,0,1230000,-3668000,-2438000
2013/03/29,0,821000,-714000,107000
2013/04/01,0,256262,-1044000,-787738
2013/04/02,0,1312000,-1573000,-261000
2013/04/03,0,1926000,-3933000,-2007000
2013/04/04,0,0,0,0
2013/04/05,0,0,0,0
2013/04/08,0,8974000,-12194000,-3220000
2013/04/09,0,1677000,-16486983,-14809983
2013/04/10,0,1444000,-3268000,-1824000
2013/04/11,0,2151495,-2877900,-726405
2013/04/12,0,9126000,-1975000,7151000
2013/04/15,0,296516,-1597000,-1300484
2013/04/16,0,790400,-488000,302400
2013/04/17,0,1776000,-1795000,-19000
2013/04/18,0,139000,-1277100,-1138100
2013/04/19,0,899000,-1256000,-357000
2013/04/22,0,1112000,-692000,420000
2013/04/23,0,1540000,-1192000,348000
2013/04/24,0,1414050,-4317000,-2902950
2013/04/25,0,1939000,-5037000,-3098000
2013/04/26,0,3533000,-2602200,930800
2013/04/29,0,1193000,-232000,961000
2013/04/30,0,2233000,-8845795,-6612795
2013/05/01,0,0,0,0
2013/05/02,0,2340000,-2100133,239867
2013/05/03,0,584000,-3693000,-3109000
2013/05/06,0,981000,-3458063,-2477063
2013/05/07,0,723132,-769900,-46768
2013/05/08,0,4597228,-1953000,2644228
2013/05/09,0,2639710,-1947456,692254
2013/05/10,0,7465000,-4384000,3081000
2013/05/13,0,2493204,-1929000,564204
2013/05/14,0,1273000,-2056756,-783756
2013/05/15,0,1485000,-1481000,4000
2013/05/16,0,1397000,-1536000,-139000
2013/05/17,0,1532000,-1314000,218000
2013/05/20,0,3061000,-2250000,811000
2013/05/21,0,2639000,-2676004,-37004
2013/05/22,0,5082000,-3281000,1801000
2013/05/23,0,2745000,-5418000,-2673000
2013/05/24,0,1331963,-4621000,-3289037
2013/05/27,0,393649,-3411000,-3017351
2013/05/28,0,3238000,-1750908,1487092
2013/05/29,0,1554000,-1936000,-382000
2013/05/30,0,932000,-3507000,-2575000
2013/05/31,0,4790000,-3083022,1706978
2013/06/03,0,662000,-3705000,-3043000
2013/06/04,0,1799000,-4395000,-2596000
2013/06/05,0,1894000,-3780732,-1886732
2013/06/06,0,2327174,-4118700,-1791526
2013/06/07,0,963000,-2124238,-1161238
2013/06/10,0,1042000,-2677000,-1635000
2013/06/11,0,799000,-2074000,-1275000
2013/06/12,0,0,0,0
2013/06/13,0,1115000,-5689792,-4574792
2013/06/14,0,2282000,-3022000,-740000
2013/06/17,0,169000,-2133924,-1964924
2013/06/18,0,512750,-1203000,-690250
2013/06/19,0,1603000,-3377953,-1774953
2013/06/20,0,2803000,-4512133,-1709133
2013/06/21,0,17877000,-25021199,-7144199
2013/06/24,0,1820000,-2814721,-994721
2013/06/25,0,2010000,-1556000,454000
2013/06/26,0,2568000,-2551937,16063
2013/06/27,0,1541000,-1929000,-388000
2013/06/28,0,3253000,-1118900,2134100
2013/07/01,0,1126000,-858000,268000
2013/07/02,0,953000,-1907262,-954262
2013/07/03,0,1464000,-2812000,-1348000
2013/07/04,0,542000,-852000,-310000
2013/07/05,0,2281000,-1179000,1102000
2013/07/08,0,444000,-4268000,-3824000
2013/07/09,0,1489000,-2898000,-1409000
2013/07/10,0,897000,-2677000,-1780000
2013/07/11,0,2641000,-1704000,937000
2013/07/12,0,1431000,-233000,1198000
2013/07/15,0,1520000,-840000,680000
2013/07/16,0,1875000,-1668000,207000
2013/07/17,0,3430000,-1478000,1952000
2013/07/18,0,2797000,-2307300,489700
2013/07/19,0,1513345,-1409000,104345
2013/07/22,0,1135926,-1418000,-282074
2013/07/23,0,2705000,-635000,2070000
2013/07/24,0,703000,-614000,89000
2013/07/25,0,1266000,-803000,463000
2013/07/26,0,2684075,-1877000,807075
2013/07/29,0,1817000,-971000,846000
2013/07/30,0,1480000,-1353000,127000
2013/07/31,0,586115,-2436000,-1849885
2013/08/01,0,258000,-1670115,-1412115
2013/08/02,0,577000,-473000,104000
2013/08/05,0,239000,-1316000,-1077000
2013/08/06,0,143000,-1421000,-1278000
2013/08/07,0,646000,-1309000,-663000
2013/08/08,0,788000,-3126000,-2338000
2013/08/09,0,594000,-1697000,-1103000
2013/08/12,0,243000,-616000,-373000
2013/08/13,0,233000,-731000,-498000
2013/08/14,0,2533495,-1203000,1330495
2013/08/15,0,595000,-1632345,-1037345
2013/08/16,0,603787,-1535000,-931213
2013/08/19,0,235000,-1284000,-1049000
2013/08/20,0,1246577,-1031577,215000
2013/08/21,0,0,0,0
2013/08/22,0,688577,-3337000,-2648423
2013/08/23,0,526000,-606000,-80000
2013/08/26,0,438000,-2147000,-1709000
2013/08/27,0,79000,-1847000,-1768000
2013/08/28,0,196000,-1067000,-871000
2013/08/29,0,1009000,-1037000,-28000
2013/08/30,0,1179000,-429000,750000
2013/09/02,0,659000,-1735000,-1076000
2013/09/03,0,1698000,-3315000,-1617000
2013/09/04,0,1467000,-150000,1317000
2013/09/05,0,1352000,-113000,1239000
2013/09/06,0,1147000,-277000,870000
2013/09/09,0,2737000,-122000,2615000
2013/09/10,0,2618000,-335000,2283000
2013/09/11,0,3833000,-104088,3728912
2013/09/12,0,2516000,-29000,2487000
2013/09/13,0,1430000,-541177,888823
2013/09/16,0,2442000,-79000,2363000
2013/09/17,0,1583000,-3413500,-1830500
2013/09/18,0,2097100,-72000,2025100
2013/09/19,0,0,0,0
2013/09/20,0,0,0,0
2013/09/23,0,1526000,-600000,926000
2013/09/24,0,2221000,-800826,1420174
2013/09/25,0,2449000,-957000,1492000
2013/09/26,0,1059000,-760000,299000
2013/09/27,0,9923000,-692518,9230482
2013/09/30,0,3433000,-1982890,1450110
2013/10/01,0,916000,-586819,329181
2013/10/02,0,5050240,-588210,4462030
2013/10/03,0,3116000,-241000,2875000
2013/10/04,0,1608000,-309000,1299000
2013/10/07,0,1663000,-2028000,-365000
2013/10/08,0,2892000,-765000,2127000
2013/10/09,0,309000,-463000,-154000
2013/10/10,0,0,0,0
2013/10/11,0,3199000,-615000,2584000
2013/10/14,0,1061000,-209110,851890
2013/10/15,0,3167000,-688000,2479000
2013/10/16,0,1474000,-2675000,-1201000
2013/10/17,0,2262000,-272000,1990000
2013/10/18,0,1315000,-378100,936900
2013/10/21,0,482000,-1628000,-1146000
2013/10/22,0,531000,-493000,38000
2013/10/23,0,3031000,-3585000,-554000
2013/10/24,0,275000,-36000,239000
2013/10/25,0,2934658,-1552000,1382658
2013/10/28,0,722000,-249000,473000
2013/10/29,0,3687000,-6793000,-3106000
2013/10/30,0,946000,-596600,349400
2013/10/31,0,2535000,-1046100,1488900
2013/11/01,0,1080000,-509000,571000
2013/11/04,0,1033000,-828000,205000
2013/11/05,0,788000,-1682222,-894222
2013/11/06,0,1928000,-2021817,-93817
2013/11/07,0,894000,-513000,381000
2013/11/08,0,1192000,-520000,672000
2013/11/11,0,457000,-622000,-165000
2013/11/12,0,4158000,-1197000,2961000
2013/11/13,0,1666000,-1171000,495000
2013/11/14,0,2604000,-1739000,865000
2013/11/15,0,5501000,-1964000,3537000
2013/11/18,0,1312000,-794500,517500
2013/11/19,0,1270000,-185000,1085000
2013/11/20,0,1874000,-2122894,-248894
2013/11/21,0,2275000,-1033000,1242000
2013/11/22,0,2400000,-490000,1910000
2013/11/25,0,7273000,-1386000,5887000
2013/11/26,0,5300325,-3328865,1971460
2013/11/27,0,4762000,-1978000,2784000
2013/11/28,0,2090000,-655175,1434825
2013/11/29,0,3792000,-429000,3363000
2013/12/02,0,2087000,-525000,1562000
2013/12/03,0,1976000,-373691,1602309
2013/12/04,0,2043000,-1289000,754000
2013/12/05,0,1372000,-1069000,303000
2013/12/06,0,3872000,-1907000,1965000
2013/12/09,0,1372000,-1480119,-108119
2013/12/10,0,762000,-970600,-208600
2013/12/11,0,2757000,-1631000,1126000
2013/12/12,0,13000,-1521155,-1508155
2013/12/13,0,214000,-1381000,-1167000
2013/12/16,0,162000,-6536000,-6374000
2013/12/17,0,588000,-5479000,-4891000
2013/12/18,0,849000,-2011000,-1162000
2013/12/19,0,1616000,-122000,1494000
2013/12/20,0,1677000,-607787,1069213
2013/12/23,0,907000,-513000,394000
2013/12/24,0,159000,-478000,-319000
2013/12/25,0,341000,-550000,-209000
2013/12/26,0,30000,-337000,-307000
2013/12/27,0,840000,-551000,289000
2013/12/30,0,1039003,-875000,164003
2013/12/31,0,1309000,-1174000,135000
2014/01/02,0,1498000,-72000,1426000
2014/01/03,0,1028000,-805000,223000
2014/01/06,0,776444,-778500,-2056
2014/01/07,0,916000,-925000,-9000
2014/01/08,0,1042000,-2557000,-1515000
2014/01/09,0,751000,-1812000,-1061000
2014/01/10,0,1436000,-1378000,58000
2014/01/13,0,862000,-3252000,-2390000
2014/01/14,0,821000,-3560000,-2739000
2014/01/15,0,782000,-5142000,-4360000
2014/01/16,0,1326000,-7165000,-5839000
2014/01/17,0,322000,-3704000,-3382000
2014/01/20,0,133000,-2311000,-2178000
2014/01/21,0,123000,-1921700,-1798700
2014/01/22,0,1997000,-1709000,288000
2014/01/23,0,1879000,-1727000,152000
2014/01/24,0,2629000,-3763000,-1134000
2014/01/27,0,3152000,-7419545,-4267545
2014/02/05,0,2240000,-9206825,-6966825
2014/02/06,0,1608000,-5210000,-3602000
2014/02/07,0,1909000,-2388000,-479000
2014/02/10,0,764000,-2175000,-1411000
2014/02/11,0,284209,-833394,-549185
2014/02/12,0,1288000,-1133714,154286
2014/02/13,0,384000,-798000,-414000
2014/02/14,0,2001000,-672200,1328800
2014/02/17,0,738000,-121000,617000
2014/02/18,0,917000,-163000,754000
2014/02/19,0,799000,-229000,570000
2014/02/20,0,1057000,-1481000,-424000
2014/02/21,0,1492000,-1811000,-319000
2014/02/24,0,552000,-299000,253000
2014/02/25,0,1909000,-1275975,633025
2014/02/26,0,4159000,-1421200,2737800
2014/02/27,0,3087069,-1889083,1197986
2014/03/03,0,4319000,-1870000,2449000
2014/03/04,0,2353000,-1356000,997000
2014/03/05,0,876000,-818000,58000
2014/03/06,0,2317000,-1195000,1122000
2014/03/07,0,1520000,-697000,823000
2014/03/10,0,523000,-1231000,-708000
2014/03/11,0,998000,-468750,529250
2014/03/12,0,2501000,-552000,1949000
2014/03/13,0,804000,-545209,258791
2014/03/14,0,326000,-994000,-668000
2014/03/17,0,700000,-424000,276000
2014/03/18,0,723000,-397000,326000
2014/03/19,0,1952000,-1741000,211000
2014/03/20,0,1045000,-2119100,-1074100
2014/03/21,0,2846000,-522000,2324000
2014/03/24,0,922000,-209000,713000
2014/03/25,0,168000,-468100,-300100
2014/03/26,0,774000,-670000,104000
2014/03/27,0,1465000,-166000,1299000
2014/03/28,0,1398000,-301000,1097000
2014/03/31,0,1183600,-891000,292600
2014/04/01,0,1792000,-934689,857311
2014/04/02,0,1433000,-87000,1346000
2014/04/03,0,1745000,-2032000,-287000
2014/04/07,0,2755000,-1020000,1735000
2014/04/08,0,768000,-45000,723000
2014/04/09,0,1738000,-253000,1485000
2014/04/10,0,2436000,-71000,2365000
2014/04/11,0,2434000,-113000,2321000
2014/04/14,0,1919000,-705000,1214000
2014/04/15,0,1637000,-371000,1266000
2014/04/16,0,2048000,-717000,1331000
2014/04/17,0,1350000,-269000,1081000
2014/04/18,0,672000,-101000,571000
2014/04/21,0,1082000,-21000,1061000
2014/04/22,0,429000,-5000,424000
2014/04/23,0,570000,-118000,452000
2014/04/24,0,1248000,-159100,1088900
2014/04/25,0,954352,-728000,226352
2014/04/28,0,1328000,-1046000,282000
2014/04/29,0,514000,-196000,318000
2014/04/30,0,1585000,-1265000,320000
2014/05/02,0,1544000,-505000,1039000
2014/05/05,0,810000,-464000,346000
2014/05/06,0,379000,-120000,259000
2014/05/07,0,1103000,-787000,316000
2014/05/08,0,914000,-273000,641000
2014/05/09,0,955000,-512083,442917
2014/05/12,0,836000,-232000,604000
2014/05/13,0,1053400,-740000,313400
2014/05/14,0,1508000,-537000,971000
2014/05/15,0,545000,-455000,90000
2014/05/16,0,1150000,-1205000,-55000
2014/05/19,0,644000,-1606307,-962307
2014/05/20,0,1419000,-917484,501516
2014/05/21,0,1042000,-947000,95000
2014/05/22,0,1045000,-1283000,-238000
2014/05/23,0,1009548,-1373600,-364052
2014/05/26,0,476000,-342000,134000
2014/05/27,0,315000,-30461,284539
2014/05/28,0,1602000,-515000,1087000
2014/05/29,0,818000,-603076,214924
2014/05/30,0,3250000,-3731945,-481945
2014/06/03,0,629000,-1394000,-765000
2014/06/04,0,133000,-1361000,-1228000
2014/06/05,0,351000,-2050000,-1699000
2014/06/06,0,435000,-2655000,-2220000
2014/06/09,0,287000,-745000,-458000
2014/06/10,0,1967930,-1119000,848930
2014/06/11,0,976000,-795000,181000
2014/06/12,0,1446000,-571000,875000
2014/06/13,0,835000,-2239600,-1404600
2014/06/16,0,950000,-2150000,-1200000
2014/06/17,0,571000,-1155000,-584000
2014/06/18,0,3652000,-4434000,-782000
2014/06/19,0,513520,-3648000,-3134480
2014/06/20,0,1704000,-2658000,-954000
2014/06/23,0,848000,-726699,121301
2014/06/24,0,1874000,-1326294,547706
2014/06/25,0,350000,-1336083,-986083
2014/06/26,0,1178000,-319772,858228
2014/06/27,0,541000,-1269100,-728100
2014/06/30,0,400000,-507000,-107000
2014/07/01,0,1232000,-1480000,-248000
2014/07/02,0,1024000,-1889000,-865000
2014/07/03,0,38000,-982000,-944000
2014/07/04,0,219000,-1009000,-790000
2014/07/07,0,989000,-576000,413000
2014/07/08,0,715000,-321000,394000
2014/07/09,0,475000,-178000,297000
2014/07/10,0,518000,-889000,-371000
2014/07/11,0,2083000,-485000,1598000
2014/07/14,0,798000,-1547000,-749000
2014/07/15,0,195424,-1457000,-1261576
2014/07/16,0,469000,-433000,36000
2014/07/17,0,869000,-244300,624700
2014/07/18,0,1024000,-1689633,-665633
2014/07/21,0,567000,-545867,21133
2014/07/22,0,1740000,-628000,1112000
2014/07/23,0,0,0,0
2014/07/24,0,838000,-450000,388000
2014/07/25,0,865000,-479000,386000
2014/07/28,0,1286000,-559000,727000
2014/07/29,0,2468100,-563000,1905100
2014/07/30,0,2545000,-485000,2060000
2014/07/31,0,789000,-985000,-196000
2014/08/01,0,757000,-283000,474000
2014/08/04,0,420000,-1637000,-1217000
2014/08/05,0,838000,-3276224,-2438224
2014/08/06,0,943000,-565000,378000
2014/08/07,0,587000,-352830,234170
2014/08/08,0,890000,-543256,346744
2014/08/11,0,316000,-98000,218000
2014/08/12,0,261000,-656376,-395376
2014/08/13,0,1199000,-600000,599000
2014/08/14,0,425000,-915000,-490000
2014/08/15,0,635000,-813000,-178000
2014/08/18,0,447000,-347000,100000
2014/08/19,0,983595,-87000,896595
2014/08/20,0,1254595,-96000,1158595
2014/08/21,0,1557000,-139000,1418000
2014/08/22,0,2437503,-180000,2257503
2014/08/25,0,1175000,-114000,1061000
2014/08/26,0,432106,-328000,104106
2014/08/27,0,2023000,-232000,1791000
2014/08/28,0,564000,-659000,-95000
2014/08/29,0,2148000,-1398700,749300
2014/09/01,0,620000,-67000,553000
2014/09/02,0,651000,-563000,88000
2014/09/03,0,2140000,-88000,2052000
2014/09/04,0,2339000,-161000,2178000
2014/09/05,0,1226000,-242000,984000
2014/09/09,0,1677000,-70000,1607000
2014/09/10,0,1043000,-1293000,-250000
2014/09/11,0,5304000,-338000,4966000
2014/09/12,0,4974000,-1560000,3414000
2014/09/15,0,801000,-1089000,-288000
2014/09/16,0,379000,-690000,-311000
2014/09/17,0,1974000,-1432000,542000
2014/09/18,0,2391000,-104000,2287000
2014/09/19,0,2491000,-972753,1518247
2014/09/22,0,1153000,-1314000,-161000
2014/09/23,0,1119000,-465000,654000
2014/09/24,0,1270000,-102000,1168000
2014/09/25,0,1652000,-953000,699000
2014/09/26,0,1914000,-802000,1112000
2014/09/29,0,4309000,-3146000,1163000
2014/09/30,0,5022000,-1268000,3754000
2014/10/01,0,1945000,-1374000,571000
2014/10/02,0,3696000,-2290000,1406000
2014/10/03,0,550000,-431000,119000
2014/10/06,0,1722000,-1134000,588000
2014/10/07,0,3546000,-797057,2748943
2014/10/08,0,2978100,-2684100,294000
2014/10/09,0,1701000,-1615000,86000
2014/10/13,0,3092000,-1478000,1614000
2014/10/14,0,1179000,-1019000,160000
2014/10/15,0,8272000,-2340000,5932000
2014/10/16,0,3015000,-4949000,-1934000
2014/10/17,0,3115000,-5152000,-2037000
2014/10/20,0,2887361,-404061,2483300
2014/10/21,0,2372000,-981000,1391000
2014/10/22,0,3034000,-1601000,1433000
2014/10/23,0,3574000,-777000,2797000
2014/10/24,0,9246000,-9369000,-123000
2014/10/27,0,1647000,-1996000,-349000
2014/10/28,0,4629000,-480000,4149000
2014/10/29,0,3745000,-3923000,-178000
2014/10/30,0,3094000,-791376,2302624
2014/10/31,0,3806000,-778000,3028000
2014/11/03,0,9703000,-1150573,8552427
2014/11/04,0,3253000,-2751000,502000
2014/11/05,0,3579000,-1992000,1587000
2014/11/06,0,879000,-1642000,-763000
2014/11/07,0,3366000,-1166746,2199254
2014/11/10,0,5106000,-1117055,3988945
2014/11/11,0,2213000,-390000,1823000
2014/11/12,0,2496000,-969000,1527000
2014/11/13,0,1486000,-446000,1040000
2014/11/14,0,8825000,-998000,7827000
2014/11/17,0,1618000,-2222097,-604097
2014/11/18,0,3179000,-7788000,-4609000
2014/11/19,0,4084377,-4698800,-614423
2014/11/20,0,633000,-3690000,-3057000
2014/11/21,0,936000,-2702000,-1766000
2014/11/24,0,2302000,-931000,1371000
2014/11/25,0,2359257,-4388442,-2029185
2014/11/26,0,1404000,-837000,567000
2014/11/27,0,2451000,-2644000,-193000
2014/11/28,0,11346000,-1401000,9945000
2014/12/01,0,5636000,-6997100,-1361100
2014/12/02,0,2826000,-6696000,-3870000
2014/12/03,0,4170000,-5310000,-1140000
2014/12/04,0,989000,-8599738,-7610738
2014/12/05,0,2768000,-3489000,-721000
2014/12/08,0,2032000,-4745000,-2713000
2014/12/09,0,2612000,-4059300,-1447300
2014/12/10,0,6349000,-3103100,3245900
2014/12/11,0,2001200,-5201271,-3200071
2014/12/12,0,448000,-3523000,-3075000
2014/12/15,0,1189000,-3078589,-1889589
2014/12/16,0,3053172,-3232000,-178828
2014/12/17,0,2754000,-6367375,-3613375
2014/12/18,0,3883000,-4133000,-250000
2014/12/19,0,4974000,-8408001,-3434001
2014/12/22,0,1833000,-5164200,-3331200
2014/12/23,0,2850000,-8644000,-5794000
2014/12/24,0,1222000,-6901000,-5679000
2014/12/25,0,1469000,-2059000,-590000
2014/12/26,0,2345000,-982000,1363000
2014/12/29,0,3609500,-1883000,1726500
2014/12/30,0,4153500,-4157000,-3500
2014/12/31,0,1118000,-1965000,-847000
2015/01/01,0,0,0,0
2015/01/02,0,0,0,0
2015/01/05,0,1597000,-3769000,-2172000
2015/01/06,0,1292000,-7570000,-6278000
2015/01/07,0,2052000,-4369000,-2317000
2015/01/08,0,3976000,-2519300,1456700
2015/01/09,0,4154000,-2103100,2050900
2015/01/12,0,1502004,-3300000,-1797996
2015/01/13,0,4536000,-1929000,2607000
2015/01/14,0,5006000,-4780000,226000
2015/01/15,0,6233000,-1473000,4760000
2015/01/16,0,4504000,-2794776,1709224
2015/01/19,0,1415000,-2416000,-1001000
2015/01/20,0,1819000,-1733000,86000
2015/01/21,0,4524000,-917000,3607000
2015/01/22,0,6238000,-805086,5432914
2015/01/23,0,4479000,-1086000,3393000
2015/01/26,0,2257000,-555573,1701427
2015/01/27,0,2190000,-727000,1463000
2015/01/28,0,2414438,-3505000,-1090562
2015/01/29,0,8128286,-2077000,6051286
2015/01/30,0,5825000,-4491000,1334000
2015/02/02,0,2037000,-1367000,670000
2015/02/03,0,3534631,-7599927,-4065296
2015/02/04,0,5661450,-4320040,1341410
2015/02/05,0,2382000,-2097000,285000
2015/02/06,0,3316000,-4634000,-1318000
2015/02/09,0,7563000,-1646000,5917000
2015/02/10,0,7848853,-9471324,-1622471
2015/02/11,0,5781512,-4335930,1445582
2015/02/12,0,5874000,-2001580,3872420
2015/02/13,0,3524449,-1169000,2355449
2015/02/16,0,0,0,0
2015/02/17,0,0,0,0
2015/02/18,0,0,0,0
2015/02/19,0,0,0,0
2015/02/20,0,0,0,0
2015/02/23,0,0,0,0
2015/02/24,0,4298000,-2973128,1324872
2015/02/25,0,2043000,-1487000,556000
2015/02/26,0,5871000,-3656221,2214779
2015/02/27,0,0,0,0
2015/03/02,0,6505112,-4574682,1930430
2015/03/03,0,6741824,-3533117,3208707
2015/03/04,0,2643675,-5564818,-2921143
2015/03/05,0,6339000,-8616333,-2277333
2015/03/06,0,5247650,-1253570,3994080
2015/03/09,0,1491300,-3415000,-1923700
2015/03/10,0,2793800,-2718884,74916
2015/03/11,0,3443000,-6293000,-2850000
2015/03/12,0,792000,-4536542,-3744542
2015/03/13,0,3943000,-5622000,-1679000
2015/03/16,0,2882000,-1886527,995473
2015/03/17,0,4317000,-5071000,-754000
2015/03/18,0,3678348,-3077861,600487
2015/03/19,0,2793000,-1340000,1453000
2015/03/20,0,7926000,-4691000,3235000
2015/03/23,0,3998000,-2188472,1809528
2015/03/24,0,7717000,-2152000,5565000
2015/03/25,0,2914000,-1447683,1466317
2015/03/26,0,4369930,-6178489,-1808559
2015/03/27,0,3953000,-7314209,-3361209
2015/03/30,0,4777900,-983900,3794000
2015/03/31,0,4891000,-3264000,1627000
2015/04/01,0,4926000,-3370000,1556000
2015/04/02,0,3771000,-2531000,1240000
2015/04/03,0,0,0,0
2015/04/06,0,0,0,0
2015/04/07,0,2509000,-2894513,-385513
2015/04/08,0,5733000,-3849240,1883760
2015/04/09,0,5373000,-2964689,2408311
2015/04/10,0,4693000,-2964000,1729000
2015/04/13,0,14234621,-3966968,10267653
2015/04/14,0,3554000,-4385000,-831000
2015/04/15,0,2638000,-5915000,-3277000
2015/04/16,0,4516000,-3207733,1308267
2015/04/17,0,5738024,-759000,4979024
2015/04/20,0,6685924,-3026000,3659924
2015/04/21,0,4856000,-2933000,1923000
2015/04/22,0,5020000,-5339356,-319356
2015/04/23,0,6018000,-3904728,2113272
2015/04/24,0,8572000,-3761904,4810096
2015/04/27,0,5772000,-3045000,2727000
2015/04/28,0,9343000,-3300000,6043000
2015/04/29,0,3619000,-2971000,648000
2015/04/30,0,4028017,-2882000,1146017
2015/05/01,0,0,0,0
2015/05/04,0,4315000,-3401738,913262
2015/05/05,0,3801000,-394651,3406349
2015/05/06,0,5378000,-3932170,1445830
2015/05/07,0,4376000,-2761883,1614117
2015/05/08,0,4201583,-5447001,-1245418
2015/05/11,0,2776000,-1820000,956000
2015/05/12,0,3724000,-2136860,1587140
2015/05/13,0,527000,-4049000,-3522000
2015/05/14,0,2602000,-3388229,-786229
2015/05/15,0,1340000,-1920000,-580000
2015/05/18,0,3097000,-5325000,-2228000
2015/05/19,0,6474000,-7869000,-1395000
2015/05/20,0,2804000,-3099000,-295000
2015/05/21,0,2829000,-4554652,-1725652
2015/05/22,0,3400000,-711748,2688252
2015/05/25,0,1080000,-1424000,-344000
2015/05/26,0,4281000,-4831852,-550852
2015/05/27,0,7164829,-1553756,5611073
2015/05/28,0,2453000,-2348024,104976
2015/05/29,0,5977601,-4040966,1936635
2015/06/01,0,2744000,-2117000,627000
2015/06/02,0,2668036,-4460000,-1791964
2015/06/03,0,5032000,-4006293,1025707
2015/06/04,0,8983000,-7890519,1092481
2015/06/05,0,6007000,-2974870,3032130
2015/06/08,0,1405000,-3240243,-1835243
2015/06/09,0,1286000,-6871251,-5585251
2015/06/10,0,2171000,-2552000,-381000
2015/06/11,0,1248889,-6285000,-5036111
2015/06/12,0,3123614,-2521618,601996
2015/06/15,0,1004000,-3413889,-2409889
2015/06/16,0,831000,-6095000,-5264000
2015/06/17,0,1443000,-7913000,-6470000
2015/06/18,0,6925502,-4996430,1929072
2015/06/19,0,0,0,0
2015/06/22,0,2321054,-3401041,-1079987
2015/06/23,0,5261000,-2620824,2640176
2015/06/24,0,1456090,-2219217,-763127
2015/06/25,0,4064024,-1376000,2688024
2015/06/26,0,1337000,-1281844,55156
2015/06/29,0,776000,-886000,-110000
2015/06/30,0,10335000,-4274191,6060809
2015/07/01,0,2056000,-4493000,-2437000
2015/07/02,0,2445036,-6031809,-3586773
2015/07/03,0,1979000,-2142000,-163000
2015/07/06,0,2850000,-2226116,623884
2015/07/07,0,6525000,-4726195,1798805
2015/07/08,0,6565000,-10540348,-3975348
2015/07/09,0,2595000,-4511348,-1916348
2015/07/10,0,0,0,0
2015/07/13,0,1697000,-4009000,-2312000
2015/07/14,0,1294000,-2384000,-1090000
2015/07/15,0,2209000,-2423393,-214393
2015/07/16,0,1875000,-1888038,-13038
2015/07/17,0,1332000,-2932000,-1600000
2015/07/20,0,2551051,-1644684,906367
2015/07/21,0,5644000,-2754962,2889038
2015/07/22,0,6268000,-3889042,2378958
2015/07/23,0,4562315,-2007000,2555315
2015/07/24,0,3400000,-3281000,119000
2015/07/27,0,2532000,-1526684,1005316
2015/07/28,0,5343465,-5687280,-343815
2015/07/29,0,1719000,-6149602,-4430602
2015/07/30,0,1813000,-2677604,-864604
2015/07/31,0,1884428,-3326000,-1441572
2015/08/03,0,3103583,-3751000,-647417
2015/08/04,0,4693000,-678464,4014536
2015/08/05,0,2350000,-659684,1690316
2015/08/06,0,2311000,-1650166,660834
2015/08/07,0,1849000,-4151000,-2302000
2015/08/10,0,7716000,-320000,7396000
2015/08/11,0,5983000,-7162684,-1179684
2015/08/12,0,2853000,-2344000,509000
2015/08/13,0,5560000,-3823316,1736684
2015/08/14,0,2581000,-2299000,282000
2015/08/17,0,4423602,-3128511,1295091
2015/08/18,0,5784000,-4225791,1558209
2015/08/19,0,3248054,-5103100,-1855046
2015/08/20,0,4162000,-6769001,-2607001
2015/08/21,0,2280000,-5663883,-3383883
2015/08/24,0,3981000,-7123570,-3142570
2015/08/25,0,2307900,-7743101,-5435201
2015/08/26,0,5047000,-3994710,1052290
2015/08/27,0,3816000,-4195000,-379000
2015/08/28,0,1645000,-3531506,-1886506
2015/08/31,0,5398097,-6914879,-1516782
2015/09/01,0,6121000,-5089000,1032000
2015/09/02,0,3704000,-5347388,-1643388
2015/09/03,0,2501000,-3558000,-1057000
2015/09/04,0,2523357,-4237368,-1714011
2015/09/07,0,6191000,-2569000,3622000
2015/09/08,0,1432000,-2140000,-708000
2015/09/09,0,6525464,-6001182,524282
2015/09/10,0,6065997,-4630439,1435558
2015/09/11,0,1302000,-1536000,-234000
2015/09/14,0,1081000,-4506000,-3425000
2015/09/15,0,3891000,-3016255,874745
2015/09/16,0,2610000,-3390686,-780686
2015/09/17,0,9930000,-4526000,5404000
2015/09/18,0,4753000,-6641534,-1888534
2015/09/21,0,849000,-3686100,-2837100
2015/09/22,0,2358510,-6578104,-4219594
2015/09/23,0,5327000,-7263839,-1936839
2015/09/24,0,5559000,-2917000,2642000
2015/09/25,0,8036412,-2994871,5041541
2015/09/28,0,0,0,0
2015/09/29,0,0,0,0
2015/09/30,0,13437000,-5199209,8237791
2015/10/01,0,6797000,-4787000,2010000
2015/10/02,0,3960000,-11555015,-7595015
2015/10/05,0,2726620,-2431682,294938
2015/10/06,0,4353000,-4699628,-346628
2015/10/07,0,6302318,-5740038,562280
2015/10/08,0,4960160,-1260000,3700160
2015/10/09,0,0,0,0
2015/10/12,0,5799000,-4204492,1594508
2015/10/13,0,3867000,-2770990,1096010
2015/10/14,0,3240001,-2803000,437001
2015/10/15,0,2875000,-2735100,139900
2015/10/16,0,6164000,-1686000,4478000
2015/10/19,0,5568000,-3650000,1918000
2015/10/20,0,4129000,-2959649,1169351
2015/10/21,0,2294000,-1622000,672000
2015/10/22,0,4425000,-1568000,2857000
2015/10/23,0,2871000,-2180000,691000
2015/10/26,0,2506000,-1526341,979659
2015/10/27,0,3157775,-550129,2607646
2015/10/28,0,1780000,-1310139,469861
2015/10/29,0,1941000,-3149570,-1208570
2015/10/30,0,4322000,-1383000,2939000
2015/11/02,0,3073000,-883000,2190000
2015/11/03,0,3139000,-1379087,1759913
2015/11/04,0,3953000,-6707073,-2754073
2015/11/05,0,1456000,-1455000,1000
2015/11/06,0,756000,-6527000,-5771000
2015/11/09,0,973000,-1943000,-970000
2015/11/10,0,447000,-6269000,-5822000
2015/11/11,0,1316000,-4072000,-2756000
2015/11/12,0,1206706,-3311000,-2104294
2015/11/13,0,959000,-6488000,-5529000
2015/11/16,0,7837000,-6536000,1301000
2015/11/17,0,6558000,-2565000,3993000
2015/11/18,0,2194000,-2456000,-262000
2015/11/19,0,5500000,-1545000,3955000
2015/11/20,0,6205000,-1642000,4563000
2015/11/23,0,3001082,-2050000,951082
2015/11/24,0,4097000,-7089630,-2992630
2015/11/25,0,3657000,-2715000,942000
2015/11/26,0,1954000,-2257000,-303000
2015/11/27,0,823000,-1913395,-1090395
2015/11/30,0,7861564,-12374416,-4512852
2015/12/01,0,5226000,-7004245,-1778245
2015/12/02,0,4772000,-1973000,2799000
2015/12/03,0,888000,-2302000,-1414000
2015/12/04,0,1094000,-3415873,-2321873
2015/12/07,0,742000,-1484873,-742873
2015/12/08,0,4825000,-3362000,1463000
2015/12/09,0,2589000,-3631195,-1042195
2015/12/10,0,618000,-8105000,-7487000
2015/12/11,0,927000,-3513000,-2586000
2015/12/14,0,3157000,-806054,2350946
2015/12/15,0,332000,-3803108,-3471108
2015/12/16,0,2060000,-1815000,245000
2015/12/17,0,1322000,-2595000,-1273000
2015/12/18,0,8155562,-4587826,3567736
2015/12/21,0,7731000,-5533000,2198000
2015/12/22,0,5567237,-8798000,-3230763
2015/12/23,0,3466000,-1001000,2465000
2015/12/24,0,1010000,-1391000,-381000
2015/12/25,0,1784000,-4543000,-2759000
2015/12/28,0,1839000,-2450000,-611000
2015/12/29,0,982000,-626000,356000
2015/12/30,0,1045000,-2070740,-1025740
2015/12/31,0,1540000,-824000,716000
2016/01/01,0,0,0,0
2016/01/04,0,3917200,-2769000,1148200
2016/01/05,0,5623272,-3117652,2505620
2016/01/06,0,9040401,-2554000,6486401
2016/01/07,0,15843145,-7585749,8257396
2016/01/08,0,1454000,-8213018,-6759018
2016/01/11,0,2928036,-4907000,-1978964
2016/01/12,0,21742000,-3744000,17998000
2016/01/13,0,2734803,-4657924,-1923121
2016/01/14,0,7302629,-3632000,3670629
2016/01/15,0,3518000,-7097401,-3579401
2016/01/18,0,1794000,-2237000,-443000
2016/01/19,0,2763000,-2621864,141136
2016/01/20,0,3831108,-3826000,5108
2016/01/21,0,1154000,-1705000,-551000
2016/01/22,0,1236000,-3156348,-1920348
2016/01/25,0,2453000,-3203000,-750000
2016/01/26,0,2968000,-2849000,119000
2016/01/27,0,2255000,-3585861,-1330861
2016/01/28,0,2480000,-2288970,191030
2016/01/29,0,5049736,-2340000,2709736
2016/02/01,0,2599337,-3788775,-1189438
2016/02/02,0,3348201,-1954937,1393264
2016/02/03,0,1444000,-2936278,-1492278
2016/02/04,0,0,0,0
2016/02/05,0,0,0,0
2016/02/08,0,0,0,0
2016/02/09,0,0,0,0
2016/02/10,0,0,0,0
2016/02/11,0,0,0,0
2016/02/12,0,0,0,0
2016/02/15,0,3962629,-6655722,-2693093
2016/02/16,0,3799000,-3066000,733000
2016/02/17,0,4756258,-3704000,1052258
2016/02/18,0,3488000,-8301449,-4813449
2016/02/19,0,1974234,-3458821,-1484587
2016/02/22,0,9733000,-3874000,5859000
2016/02/23,0,2187070,-3666000,-1478930
2016/02/24,0,5744000,-2141678,3602322
2016/02/25,0,1026920,-1655000,-628080
2016/02/26,0,3317000,-1585387,1731613
2016/02/29,0,0,0,0
2016/03/01,0,1860382,-1654000,206382
2016/03/02,0,2000039,-1093000,907039
2016/03/03,0,3981451,-1651472,2329979
2016/03/04,0,2822132,-7059500,-4237368
2016/03/07,0,2870000,-1430000,1440000
2016/03/08,0,2012000,-4024743,-2012743
2016/03/09,0,1515000,-4511000,-2996000
2016/03/10,0,2477000,-1603031,873969
2016/03/11,0,1596000,-3075000,-1479000
2016/03/14,0,3206000,-3297000,-91000
2016/03/15,0,2813000,-4427000,-1614000
2016/03/16,0,5325000,-3528000,1797000
2016/03/17,0,4122000,-2727201,1394799
2016/03/18,0,4034000,-6790000,-2756000
2016/03/21,0,1546000,-3073000,-1527000
2016/03/22,0,6626240,-2014000,4612240
2016/03/23,0,4403000,-1547540,2855460
2016/03/24,0,2880000,-2384000,496000
2016/03/25,0,665000,-834202,-169202
2016/03/28,0,773000,-1311203,-538203
2016/03/29,0,3084000,-1972916,1111084
2016/03/30,0,2428000,-2177000,251000
2016/03/31,0,3940000,-3071000,869000
2016/04/01,0,822033,-3835000,-3012967
2016/04/04,0,0,0,0
2016/04/05,0,0,0,0
2016/04/06,0,3255000,-11742058,-8487058
2016/04/07,0,637809,-5527000,-4889191
2016/04/08,0,1837000,-9366000,-7529000
2016/04/11,0,751000,-4287820,-3536820
2016/04/12,0,1421000,-5367000,-3946000
2016/04/13,0,3489000,-7309000,-3820000
2016/04/14,0,1676000,-5150662,-3474662
2016/04/15,0,3414000,-7216000,-3802000
2016/04/18,0,1377000,-3491000,-2114000
2016/04/19,0,1338000,-7465000,-6127000
2016/04/20,0,2888290,-4035000,-1146710
2016/04/21,0,816000,-1321000,-505000
2016/04/22,0,1591000,-2200000,-609000
2016/04/25,0,3243000,-4151255,-908255
2016/04/26,0,1991000,-4589000,-2598000
2016/04/27,0,3635000,-5948957,-2313957
2016/04/28,0,1451845,-7633000,-6181155
2016/04/29,0,3883000,-3164000,719000
2016/05/02,0,0,0,0
2016/05/03,0,1518000,-4229000,-2711000
2016/05/04,0,2297000,-4727602,-2430602
2016/05/05,0,3920000,-4735000,-815000
2016/05/06,0,4106000,-2724000,1382000
2016/05/09,0,793000,-3111000,-2318000
2016/05/10,0,1054000,-2269000,-1215000
2016/05/11,0,901000,-3816000,-2915000
2016/05/12,0,1625000,-1446000,179000
2016/05/13,0,2099000,-4474000,-2375000
2016/05/16,0,1045000,-5026000,-3981000
2016/05/17,0,1496000,-5968351,-4472351
2016/05/18,0,2611013,-6064000,-3452987
2016/05/19,0,899000,-5087000,-4188000
2016/05/20,0,7010000,-7111117,-101117
2016/05/23,0,2086730,-4187000,-2100270
2016/05/24,0,584900,-5870000,-5285100
2016/05/25,0,1537000,-2854000,-1317000
2016/05/26,0,2084000,-2401000,-317000
2016/05/27,0,2478000,-2165733,312267
2016/05/30,0,1727000,-4135000,-2408000
2016/05/31,0,4951198,-3295269,1655929
2016/06/01,0,2230000,-3371000,-1141000
2016/06/02,0,2084000,-4514000,-2430000
2016/06/03,0,2606000,-3516000,-910000
2016/06/06,0,1722000,-2735000,-1013000
2016/06/07,0,2695000,-3762488,-1067488
2016/06/08,0,4724000,-4025000,699000
2016/06/09,0,0,0,0
2016/06/10,0,0,0,0
2016/06/13,0,2903000,-4594000,-1691000
2016/06/14,0,1098000,-2469000,-1371000
2016/06/15,0,1466000,-3212000,-1746000
2016/06/16,0,1223000,-5774000,-4551000
2016/06/17,0,4925000,-3804000,1121000
2016/06/20,0,2193000,-2641000,-448000
2016/06/21,0,3121000,-2377000,744000
2016/06/22,0,4049030,-2645000,1404030
2016/06/23,0,990002,-1848000,-857998
2016/06/24,0,10369287,-7444287,2925000
2016/06/27,0,2703000,-2363007,339993
2016/06/28,0,3497000,-4399000,-902000
2016/06/29,0,1209000,-3268000,-2059000
2016/06/30,0,1993000,-2577000,-584000
2016/07/01,0,2654000,-1595000,1059000
2016/07/04,0,1041000,-2940000,-1899000
2016/07/05,0,700000,-1581000,-881000
2016/07/06,0,964704,-3453000,-2488296
2016/07/07,0,999000,-1889000,-890000
2016/07/08,0,0,0,0
2016/07/11,0,4843000,-1780000,3063000
2016/07/12,0,4936000,-3515001,1420999
2016/07/13,0,2912000,-2157057,754943
2016/07/14,0,4513000,-2468000,2045000
2016/07/15,0,7103002,-5779000,1324002
2016/07/18,0,3029000,-1358000,1671000
2016/07/19,0,4165000,-2288000,1877000
2016/07/20,0,3911000,-2388000,1523000
2016/07/21,0,2878000,-1036857,1841143
2016/07/22,0,2119000,-1792000,327000
2016/07/25,0,1457000,-1420000,37000
2016/07/26,0,2136000,-909000,1227000
2016/07/27,0,1006000,-605000,401000
2016/07/28,0,2593000,-976000,1617000
2016/07/29,0,1054000,-4669000,-3615000
2016/08/01,0,4057080,-2717152,1339928
2016/08/02,0,2051000,-4665891,-2614891
2016/08/03,0,2335000,-2041000,294000
2016/08/04,0,1598000,-1068976,529024
2016/08/05,0,5069000,-2728000,2341000
2016/08/08,0,1372001,-1649200,-277199
2016/08/09,0,1741000,-908000,833000
2016/08/10,0,1542000,-1400961,141039
2016/08/11,0,2437689,-2279000,158689
2016/08/12,0,2771000,-257000,2514000
2016/08/15,0,2211000,-365776,1845224
2016/08/16,0,1839000,-1802300,36700
2016/08/17,0,6312911,-744000,5568911
2016/08/18,0,4496000,-654000,3842000
2016/08/19,0,3292002,-3953198,-661196
2016/08/22,0,1219000,-799000,420000
2016/08/23,0,3841000,-837612,3003388
2016/08/24,0,1591200,-769000,822200
2016/08/25,0,1769500,-1655000,114500
2016/08/26,0,2647558,-241000,2406558
2016/08/29,0,1697150,-1921000,-223850
2016/08/30,0,2800800,-569000,2231800
2016/08/31,0,2969015,-3377000,-407985
2016/09/01,0,1842000,-1979924,-137924
2016/09/02,0,3384150,-954000,2430150
2016/09/05,0,1740000,-298000,1442000
2016/09/06,0,3795600,-283000,3512600
2016/09/07,0,1651000,-559000,1092000
2016/09/08,0,2316000,-480000,1836000
2016/09/09,0,1018000,-1551000,-533000
2016/09/12,0,1712000,-2818000,-1106000
2016/09/13,0,1746000,-3052000,-1306000
2016/09/14,0,1345973,-3809000,-2463027
2016/09/15,0,0,0,0
2016/09/16,0,0,0,0
2016/09/19,0,3845500,-9191000,-5345500
2016/09/20,0,2389751,-1868250,521501
2016/09/21,0,1763250,-3128177,-1364927
2016/09/22,0,1626950,-1541500,85450
2016/09/23,0,4470200,-1843050,2627150
2016/09/26,0,665000,-1010000,-345000
2016/09/27,0,0,0,0
2016/09/28,0,0,0,0
2016/09/29,0,2597050,-4341610,-1744560
2016/09/30,0,1507578,-3729010,-2221432
2016/10/03,0,1495000,-2119000,-624000
2016/10/04,0,4243400,-1348558,2894842
2016/10/05,0,1593000,-1205100,387900
2016/10/06,0,2373370,-1886350,487020
2016/10/07,0,6888200,-1332500,5555700
2016/10/10,0,0,0,0
2016/10/11,0,3340907,-1823036,1517871
2016/10/12,0,2754132,-967472,1786660
2016/10/13,0,1393500,-2037000,-643500
2016/10/14,0,1317000,-1087000,230000
2016/10/17,0,2620000,-1275680,1344320
2016/10/18,0,1492820,-644300,848520
2016/10/19,0,2157020,-512000,1645020
2016/10/20,0,2047590,-479000,1568590
2016/10/21,0,4903000,-3752150,1150850
2016/10/24,0,766000,-1010950,-244950
2016/10/25,0,1037000,-389000,648000
2016/10/26,0,1455900,-770800,685100
2016/10/27,0,6207280,-2084000,4123280
2016/10/28,0,2464000,-1044000,1420000
2016/10/31,0,2255840,-1770000,485840
2016/11/01,0,2672000,-1060000,1612000
2016/11/02,0,3855840,-1619000,2236840
2016/11/03,0,1364000,-1390000,-26000
2016/11/04,0,755000,-1146955,-391955
2016/11/07,0,1274000,-955000,319000
2016/11/08,0,2818640,-586607,2232033
2016/11/09,0,4138000,-3454000,684000
2016/11/10,0,1431000,-1447000,-16000
2016/11/11,0,1249000,-4094252,-2845252
2016/11/14,0,1871000,-3052986,-1181986
2016/11/15,0,1078000,-3104902,-2026902
2016/11/16,0,1801000,-2739150,-938150
2016/11/17,0,5585000,-1495360,4089640
2016/11/18,0,2172000,-2084100,87900
2016/11/21,0,4391000,-1237466,3153534
2016/11/22,0,5785000,-2470507,3314493
2016/11/23,0,1839000,-657503,1181497
2016/11/24,0,1404000,-1569702,-165702
2016/11/25,0,1191010,-505356,685654
2016/11/28,0,2160000,-412000,1748000
2016/11/29,0,2670000,-718852,1951148
2016/11/30,0,5578000,-4721716,856284
2016/12/01,0,2352240,-1312000,1040240
2016/12/02,0,2849000,-1316004,1532996
2016/12/05,0,1534000,-1146593,387407
2016/12/06,0,3078000,-1018000,2060000
2016/12/07,0,2680000,-1466000,1214000
2016/12/08,0,3720000,-2109000,1611000
2016/12/09,0,3707840,-5909407,-2201567
2016/12/12,0,636000,-5599000,-4963000
2016/12/13,0,1761906,-2847799,-1085893
2016/12/14,0,501220,-1530000,-1028780
2016/12/15,0,2127000,-4013200,-1886200
2016/12/16,0,1671000,-3939000,-2268000
2016/12/19,0,895750,-1926000,-1030250
2016/12/20,0,1911020,-4026066,-2115046
2016/12/21,0,950750,-2861100,-1910350
2016/12/22,0,309154,-1623533,-1314379
2016/12/23,0,1852000,-1507000,345000
2016/12/26,0,575000,-510000,65000
2016/12/27,0,1856750,-217000,1639750
2016/12/28,0,428000,-483232,-55232
2016/12/29,0,681637,-1374002,-692365
2016/12/30,0,1288750,-806486,482264
2017/01/02,0,0,0,0
2017/01/03,0,558000,-914000,-356000
2017/01/04,0,698000,-934000,-236000
2017/01/05,0,4127960,-1397775,2730185
2017/01/06,0,505000,-1468000,-963000
2017/01/09,0,361000,-1561000,-1200000
2017/01/10,0,1699000,-1116000,583000
2017/01/11,0,4843910,-1225000,3618910
2017/01/12,0,2238000,-386000,1852000
2017/01/13,0,2732270,-770000,1962270
2017/01/16,0,1865000,-887150,977850
2017/01/17,0,3905631,-343000,3562631
2017/01/18,0,812000,-1289676,-477676
2017/01/19,0,1005000,-1705419,-700419
2017/01/20,0,3461280,-2072230,1389050
2017/01/23,0,2911000,-1645433,1265567
2017/01/24,0,6263222,-3371000,2892222
2017/01/25,0,0,0,0
2017/01/26,0,0,0,0
2017/01/27,0,0,0,0
2017/01/30,0,0,0,0
2017/01/31,0,0,0,0
2017/02/01,0,0,0,0
2017/02/02,0,2524622,-5221600,-2696978
2017/02/03,0,1734000,-4429107,-2695107
2017/02/06,0,1586000,-2043788,-457788
2017/02/07,0,1715424,-1181374,534050
2017/02/08,0,1219845,-7031379,-5811534
2017/02/09,0,686631,-1403138,-716507
2017/02/10,0,1736222,-2292585,-556363
2017/02/13,0,1135680,-1270870,-135190
2017/02/14,0,1467222,-1972876,-505654
2017/02/15,0,3615000,-2142336,1472664
2017/02/16,0,4605222,-1547000,3058222
2017/02/17,0,2940000,-1093101,1846899
2017/02/20,0,3339000,-1748010,1590990
2017/02/21,0,2504000,-2643422,-139422
2017/02/22,0,941318,-1369000,-427682
2017/02/23,0,980000,-2029000,-1049000
2017/02/24,0,2371000,-3348454,-977454
2017/02/27,0,0,0,0
2017/02/28,0,0,0,0
2017/03/01,0,2728000,-2479166,248834
2017/03/02,0,2395000,-998525,1396475
2017/03/03,0,1685000,-1190964,494036
2017/03/06,0,348939,-1337518,-988579
2017/03/07,0,528000,-2649349,-2121349
2017/03/08,0,324000,-1569322,-1245322
2017/03/09,0,794809,-4142516,-3347707
2017/03/10,0,4274000,-3308947,965053
2017/03/13,0,3451920,-1876467,1575453
2017/03/14,0,2648780,-3256091,-607311
2017/03/15,0,2024000,-3818938,-1794938
2017/03/16,0,3525000,-1374477,2150523
2017/03/17,0,5380079,-2594864,2785215
2017/03/20,0,883000,-2773196,-1890196
2017/03/21,0,3348369,-2543850,804519
2017/03/22,0,2444000,-1284952,1159048
2017/03/23,0,1512000,-1672633,-160633
2017/03/24,0,2599897,-168250,2431647
2017/03/27,0,3775000,-236000,3539000
2017/03/28,0,4917000,-1323875,3593125
2017/03/29,0,1959240,-638700,1320540
2017/03/30,0,2661000,-1624910,1036090
2017/03/31,0,2065000,-1668910,396090
2017/04/03,0,0,0,0
2017/04/04,0,0,0,0
2017/04/05,0,2761618,-7737249,-4975631
2017/04/06,0,3504000,-7583000,-4079000
2017/04/07,0,1099000,-5604000,-4505000
2017/04/10,0,784000,-1924000,-1140000
2017/04/11,0,2770030,-2375000,395030
2017/04/12,0,401000,-2864891,-2463891
2017/04/13,0,592000,-3163200,-2571200
2017/04/14,0,1296000,-1495000,-199000
2017/04/17,0,1883000,-751000,1132000
2017/04/18,0,1675000,-1283200,391800
2017/04/19,0,540000,-3067320,-2527320
2017/04/20,0,483992,-1421000,-937008
2017/04/21,0,351205,-416958,-65753
2017/04/24,0,1408000,-742000,666000
2017/04/25,0,3427000,-496000,2931000
2017/04/26,0,1521000,-1484100,36900
2017/04/27,0,639000,-1182000,-543000
2017/04/28,0,1441000,-1395800,45200
2017/05/01,0,0,0,0
2017/05/02,0,1593000,-3535000,-1942000
2017/05/03,0,1867000,-1788000,79000
2017/05/04,0,1672000,-745600,926400
2017/05/05,0,5596760,-1484000,4112760
2017/05/08,0,1537229,-1555637,-18408
2017/05/09,0,2509245,-1625800,883445
2017/05/10,0,2039360,-1533000,506360
2017/05/11,0,1197880,-526000,671880
2017/05/12,0,1383000,-478500,904500
2017/05/15,0,1243560,-3938021,-2694461
2017/05/16,0,1800000,-4539000,-2739000
2017/05/17,0,955050,-3763000,-2807950
2017/05/18,0,1088160,-2281000,-1192840
2017/05/19,0,340000,-2479190,-2139190
2017/05/22,0,1175800,-3932775,-2756975
2017/05/23,0,1162600,-2694000,-1531400
2017/05/24,0,2246000,-3789600,-1543600
2017/05/25,0,1665000,-1111721,553279
2017/05/26,0,0,0,0
2017/05/29,0,0,0,0
2017/05/30,0,0,0,0
2017/05/31,0,5857169,-5574294,282875
2017/06/01,0,645000,-1995100,-1350100
2017/06/02,0,1196813,-1498378,-301565
2017/06/05,0,988000,-1880000,-892000
2017/06/06,0,1198000,-1289000,-91000
2017/06/07,0,627084,-1321000,-693916
2017/06/08,0,1829000,-2115750,-286750
2017/06/09,0,1604000,-1675000,-71000
2017/06/12,0,1547000,-2166000,-619000
2017/06/13,0,2990000,-1899184,1090816
2017/06/14,0,2505000,-4124760,-1619760
2017/06/15,0,2678000,-3535507,-857507
2017/06/16,0,1772885,-2690016,-917131
2017/06/19,0,1601680,-731000,870680
2017/06/20,0,569000,-1307000,-738000
2017/06/21,0,4469505,-4654955,-185450
2017/06/22,0,6060000,-2057002,4002998
2017/06/23,0,2955000,-2245200,709800
2017/06/26,0,3085000,-285000,2800000
2017/06/27,0,1443433,-1361000,82433
2017/06/28,0,2198000,-2581045,-383045
2017/06/29,0,1747000,-728000,1019000
2017/06/30,0,2355000,-560000,1795000
2017/07/03,0,2451000,-1627577,823423
2017/07/04,0,1599000,-3410000,-1811000
2017/07/05,0,1914000,-1088000,826000
2017/07/06,0,740000,-1281000,-541000
2017/07/07,0,641290,-423787,217503
2017/07/10,0,1250375,-572069,678306
2017/07/11,0,818374,-839551,-21177
2017/07/12,0,1211000,-1121674,89326
2017/07/13,0,1652728,-1081542,571186
2017/07/14,0,2980000,-963000,2017000
2017/07/17,0,2097000,-1214000,883000
2017/07/18,0,2882000,-2758000,124000
2017/07/19,0,846750,-2243000,-1396250
2017/07/20,0,190640,-2336000,-2145360
2017/07/21,0,1509250,-1219325,289925
2017/07/24,0,697916,-1474000,-776084
2017/07/25,0,609000,-1083480,-474480
2017/07/26,0,552000,-1995000,-1443000
2017/07/27,0,2263000,-1316000,947000
2017/07/28,0,462000,-2415840,-1953840
2017/07/31,0,2614000,-2966543,-352543
2017/08/01,0,1397000,-1910550,-513550
2017/08/02,0,1351000,-1050000,301000
2017/08/03,0,491000,-977377,-486377
2017/08/04,0,1157500,-881000,276500
2017/08/07,0,796000,-653000,143000
2017/08/08,0,906000,-1502000,-596000
2017/08/09,0,1066376,-1458000,-391624
2017/08/10,0,3325847,-7896000,-4570153
2017/08/11,0,1288000,-986000,302000
2017/08/14,0,2505000,-741000,1764000
2017/08/15,0,5645000,-1653000,3992000
2017/08/16,0,13129000,-2481000,10648000
2017/08/17,0,4797000,-583000,4214000
2017/08/18,0,8110000,-4796000,3314000
