Date,Open,Buy,Sell,Total
2007/04/23,0,35000,-200000,-165000
2007/04/24,0,10000,-350000,-340000
2007/04/25,0,300000,-370000,-70000
2007/04/26,0,180000,-206000,-26000
2007/04/27,0,0,-173000,-173000
2007/04/30,0,30000,-568359,-538359
2007/05/01,0,0,0,0
2007/05/02,0,30000,-435000,-405000
2007/05/03,0,74000,-1303000,-1229000
2007/05/04,0,46000,-15000,31000
2007/05/07,0,66000,-30000,36000
2007/05/08,0,23000,-4000,19000
2007/05/09,0,0,-4000,-4000
2007/05/10,0,0,-77000,-77000
2007/05/11,0,0,-4000,-4000
2007/05/14,0,0,-300000,-300000
2007/05/15,0,50000,-77000,-27000
2007/05/16,0,300000,-390000,-90000
2007/05/17,0,235000,-156000,79000
2007/05/18,0,198000,-101000,97000
2007/05/21,0,40000,-186000,-146000
2007/05/22,0,1960000,-1078000,882000
2007/05/23,0,200000,0,200000
2007/05/24,0,79000,-139000,-60000
2007/05/25,0,0,0,0
2007/05/28,0,118000,-150000,-32000
2007/05/29,0,0,-180000,-180000
2007/05/30,0,494000,-150000,344000
2007/05/31,0,103000,-70000,33000
2007/06/01,0,9000,-50000,-41000
2007/06/04,0,497000,-270000,227000
2007/06/05,0,17000,-331000,-314000
2007/06/06,0,34000,-77000,-43000
2007/06/07,0,135000,-75975,59025
2007/06/08,0,24000,-121000,-97000
2007/06/11,0,10000,-20000,-10000
2007/06/12,0,19000,-36000,-17000
2007/06/13,0,75000,-22000,53000
2007/06/14,0,114000,-42000,72000
2007/06/15,0,89000,-112000,-23000
2007/06/18,0,0,0,0
2007/06/19,0,0,0,0
2007/06/20,0,130000,-85000,45000
2007/06/21,0,270000,-79000,191000
2007/06/22,0,195000,0,195000
2007/06/25,0,1020000,-45000,975000
2007/06/26,0,701000,-14000,687000
2007/06/27,0,91000,-220000,-129000
2007/06/28,0,126000,-66000,60000
2007/06/29,0,167000,-4000,163000
2007/07/02,0,212000,-60000,152000
2007/07/03,0,204000,-100000,104000
2007/07/04,0,377000,-975000,-598000
2007/07/05,0,2238000,-4723000,-2485000
2007/07/06,0,1251000,-884000,367000
2007/07/09,0,601000,-10000,591000
2007/07/10,0,313000,-100000,213000
2007/07/11,0,355000,-59000,296000
2007/07/12,0,534000,-154000,380000
2007/07/13,0,781000,-1113000,-332000
2007/07/16,0,1194000,-219000,975000
2007/07/17,0,390000,-123000,267000
2007/07/18,0,1650000,-264000,1386000
2007/07/19,0,360000,-69000,291000
2007/07/20,0,150000,0,150000
2007/07/23,0,20000,-60000,-40000
2007/07/24,0,1277000,-100000,1177000
2007/07/25,0,72000,0,72000
2007/07/26,0,20000,-2111000,-2091000
2007/07/27,0,484000,-1891000,-1407000
2007/07/30,0,118000,-262000,-144000
2007/07/31,0,480000,-56000,424000
2007/08/01,0,150000,-1631000,-1481000
2007/08/02,0,357000,-45000,312000
2007/08/03,0,1370000,-50000,1320000
2007/08/06,0,40000,-1535000,-1495000
2007/08/07,0,35000,-355000,-320000
2007/08/08,0,260000,0,260000
2007/08/09,0,370000,0,370000
2007/08/10,0,22000,-745000,-723000
2007/08/13,0,101000,-245000,-144000
2007/08/14,0,405000,-86000,319000
2007/08/15,0,116000,-330000,-214000
2007/08/16,0,485000,-4122000,-3637000
2007/08/17,0,480000,-437000,43000
2007/08/20,0,1045000,-205000,840000
2007/08/21,0,15000,-150000,-135000
2007/08/22,0,6000,-77000,-71000
2007/08/23,0,1350000,-68000,1282000
2007/08/24,0,323000,0,323000
2007/08/27,0,794000,-30000,764000
2007/08/28,0,635000,-535000,100000
2007/08/29,0,30000,-878000,-848000
2007/08/30,0,335000,-203000,132000
2007/08/31,0,211000,-1827000,-1616000
2007/09/03,0,162000,-67000,95000
2007/09/04,0,295000,-6000,289000
2007/09/05,0,241000,-310000,-69000
2007/09/06,0,280000,-170000,110000
2007/09/07,0,187000,-140000,47000
2007/09/10,0,66000,-479000,-413000
2007/09/11,0,489000,0,489000
2007/09/12,0,52000,-162000,-110000
2007/09/13,0,731000,-1753000,-1022000
2007/09/14,0,172000,-40000,132000
2007/09/17,0,325000,-51000,274000
2007/09/18,0,0,0,0
2007/09/19,0,309000,0,309000
2007/09/20,0,121000,-88000,33000
2007/09/21,0,155000,-265000,-110000
2007/09/24,0,0,0,0
2007/09/25,0,0,0,0
2007/09/26,0,398000,-60000,338000
2007/09/27,0,284000,-38000,246000
2007/09/28,0,25000,-309000,-284000
2007/10/01,0,373000,-138526,234474
2007/10/02,0,2315000,-107000,2208000
2007/10/03,0,2088000,-176000,1912000
2007/10/04,0,67000,-570000,-503000
2007/10/05,0,71000,-121000,-50000
2007/10/08,0,420000,-105000,315000
2007/10/09,0,2057000,-301000,1756000
2007/10/10,0,0,0,0
2007/10/11,0,1386000,-299357,1086643
2007/10/12,0,1230000,-2219000,-989000
2007/10/15,0,720000,-1067000,-347000
2007/10/16,0,60000,-1099000,-1039000
2007/10/17,0,117000,-991000,-874000
2007/10/18,0,98000,-492000,-394000
2007/10/19,0,1968000,-924000,1044000
2007/10/22,0,349000,-1342000,-993000
2007/10/23,0,859000,-21000,838000
2007/10/24,0,258000,-735000,-477000
2007/10/25,0,1541000,-45000,1496000
2007/10/26,0,126000,-11000,115000
2007/10/29,0,415000,-64000,351000
2007/10/30,0,131000,-1500000,-1369000
2007/10/31,0,273000,-95000,178000
2007/11/01,0,2210000,-971000,1239000
2007/11/02,0,1142000,-980000,162000
2007/11/05,0,31000,-517000,-486000
2007/11/06,0,22000,-386000,-364000
2007/11/07,0,100000,-224000,-124000
2007/11/08,0,253000,-2469000,-2216000
2007/11/09,0,577000,-74000,503000
2007/11/12,0,144000,-877000,-733000
2007/11/13,0,231000,-234000,-3000
2007/11/14,0,5701000,-167000,5534000
2007/11/15,0,2880000,-178000,2702000
2007/11/16,0,2774000,-952000,1822000
2007/11/19,0,1979000,-306000,1673000
2007/11/20,0,1964000,-5251000,-3287000
2007/11/21,0,1113000,-3904000,-2791000
2007/11/22,0,457000,-1270000,-813000
2007/11/23,0,155000,-1822000,-1667000
2007/11/26,0,166000,-100000,66000
2007/11/27,0,233000,-339000,-106000
2007/11/28,0,662000,-44000,618000
2007/11/29,0,1594000,-221000,1373000
2007/11/30,0,665000,-22000,643000
2007/12/03,0,283000,-65000,218000
2007/12/04,0,876000,-40000,836000
2007/12/05,0,616000,-35000,581000
2007/12/06,0,120000,-76000,44000
2007/12/07,0,115000,-70000,45000
2007/12/10,0,144000,-586000,-442000
2007/12/11,0,313000,-460000,-147000
2007/12/12,0,333000,-79000,254000
2007/12/13,0,998000,-2465000,-1467000
2007/12/14,0,1104000,-1941000,-837000
2007/12/17,0,371000,-2590000,-2219000
2007/12/18,0,389000,-253000,136000
2007/12/19,0,470000,-71000,399000
2007/12/20,0,519000,-170000,349000
2007/12/21,0,262000,-277000,-15000
2007/12/24,0,60000,-149000,-89000
2007/12/25,0,2123000,-220000,1903000
2007/12/26,0,4506000,-318000,4188000
2007/12/27,0,3215000,-768000,2447000
2007/12/28,0,4365000,-4096000,269000
2007/12/31,0,413000,-533000,-120000
2008/01/01,0,0,0,0
2008/01/02,0,7267000,-2652000,4615000
2008/01/03,0,3915000,-3950000,-35000
2008/01/04,0,2206000,-934000,1272000
2008/01/07,0,1591000,-1904000,-313000
2008/01/08,0,2596000,-716000,1880000
2008/01/09,0,1938000,-1733000,205000
2008/01/10,0,8453000,-688000,7765000
2008/01/11,0,2113000,-643000,1470000
2008/01/14,0,5862000,-7705000,-1843000
2008/01/15,0,22090000,-13351000,8739000
2008/01/16,0,8043000,-11317000,-3274000
2008/01/17,0,1947000,-10548000,-8601000
2008/01/18,0,6397000,-1387000,5010000
2008/01/21,0,7754000,-4164000,3590000
2008/01/22,0,664000,-2292000,-1628000
2008/01/23,0,1706000,-6620000,-4914000
2008/01/24,0,4057000,-3742000,315000
2008/01/25,0,3922000,-4156000,-234000
2008/01/28,0,1306000,-2383000,-1077000
2008/01/29,0,1634000,-11595000,-9961000
2008/01/30,0,1321000,-1224000,97000
2008/01/31,0,418000,-675000,-257000
2008/02/01,0,8194000,-1246000,6948000
2008/02/04,0,0,0,0
2008/02/05,0,0,0,0
2008/02/06,0,0,0,0
2008/02/07,0,0,0,0
2008/02/08,0,0,0,0
2008/02/11,0,0,0,0
2008/02/12,0,737000,-4932000,-4195000
2008/02/13,0,1255000,-1677000,-422000
2008/02/14,0,2419000,-1256000,1163000
2008/02/15,0,1218000,-3049000,-1831000
2008/02/18,0,668000,-177000,491000
2008/02/19,0,1147000,-15000,1132000
2008/02/20,0,994000,-891000,103000
2008/02/21,0,1093000,-62000,1031000
2008/02/22,0,1755000,-171000,1584000
2008/02/25,0,4024000,-1684027,2339973
2008/02/26,0,3881000,-2079512,1801488
2008/02/27,0,8310000,-2261529,6048471
2008/02/28,0,0,0,0
2008/02/29,0,7025000,-2220000,4805000
2008/03/03,0,4694000,-5339970,-645970
2008/03/04,0,5362000,-7541289,-2179289
2008/03/05,0,748000,-4060000,-3312000
2008/03/06,0,2877000,-1347519,1529481
2008/03/07,0,1431000,-5264000,-3833000
2008/03/10,0,1437000,-1160000,277000
2008/03/11,0,876000,-271000,605000
2008/03/12,0,1592000,-2066675,-474675
2008/03/13,0,269000,-1066000,-797000
2008/03/14,0,189000,-1235000,-1046000
2008/03/17,0,1167000,-1064000,103000
2008/03/18,0,1303000,-570000,733000
2008/03/19,0,689000,-4182000,-3493000
2008/03/20,0,1297000,-1497000,-200000
2008/03/21,0,3592000,-2829000,763000
2008/03/24,0,3028000,-3001000,27000
2008/03/25,0,741000,-3143000,-2402000
2008/03/26,0,1235000,-2212000,-977000
2008/03/27,0,1152000,-1487000,-335000
2008/03/28,0,1026000,-767907,258093
2008/03/31,0,635000,-878902,-243902
2008/04/01,0,855000,-2356000,-1501000
2008/04/02,0,304000,-997000,-693000
2008/04/03,0,369000,-498000,-129000
2008/04/04,0,0,0,0
2008/04/07,0,4497000,-1652000,2845000
2008/04/08,0,957000,-2684000,-1727000
2008/04/09,0,1826000,-3408085,-1582085
2008/04/10,0,1107000,-3696000,-2589000
2008/04/11,0,1614000,-1125000,489000
2008/04/14,0,357000,-638090,-281090
2008/04/15,0,391000,-432000,-41000
2008/04/16,0,2306000,-1237000,1069000
2008/04/17,0,1212000,-1439000,-227000
2008/04/18,0,1348000,-1570000,-222000
2008/04/21,0,1104000,-4119000,-3015000
2008/04/22,0,973000,-260240,712760
2008/04/23,0,132000,-378000,-246000
2008/04/24,0,1097000,-827000,270000
2008/04/25,0,1044000,-3248000,-2204000
2008/04/28,0,1744000,-1107000,637000
2008/04/29,0,1685000,-1395000,290000
2008/04/30,0,1696000,-1047000,649000
2008/05/01,0,0,0,0
2008/05/02,0,746000,-540000,206000
2008/05/05,0,615000,-2913000,-2298000
2008/05/06,0,1490000,-1160000,330000
2008/05/07,0,1072000,-376000,696000
2008/05/08,0,537000,-394000,143000
2008/05/09,0,213000,-842000,-629000
2008/05/12,0,407000,-1158000,-751000
2008/05/13,0,465000,-656000,-191000
2008/05/14,0,1139000,-853000,286000
2008/05/15,0,3341000,-768000,2573000
2008/05/16,0,2584000,-1279000,1305000
2008/05/19,0,4060000,-1147000,2913000
2008/05/20,0,457000,-4691000,-4234000
2008/05/21,0,1072000,-1037000,35000
2008/05/22,0,1750000,-656000,1094000
2008/05/23,0,451000,-759000,-308000
2008/05/26,0,742000,-3206000,-2464000
2008/05/27,0,2506000,-687000,1819000
2008/05/28,0,365000,-1057000,-692000
2008/05/29,0,519000,-957000,-438000
2008/05/30,0,774000,-423000,351000
2008/06/02,0,468000,-383000,85000
2008/06/03,0,377000,-579000,-202000
2008/06/04,0,513000,-292000,221000
2008/06/05,0,977000,-137000,840000
2008/06/06,0,1903000,-236000,1667000
2008/06/09,0,399000,-3463000,-3064000
2008/06/10,0,170000,-1569000,-1399000
2008/06/11,0,139000,-1131000,-992000
2008/06/12,0,925000,-5618000,-4693000
2008/06/13,0,271000,-1904000,-1633000
2008/06/16,0,1722000,-758000,964000
2008/06/17,0,108000,-1414000,-1306000
2008/06/18,0,882000,-190000,692000
2008/06/19,0,49000,-829000,-780000
2008/06/20,0,154000,-825000,-671000
2008/06/23,0,434000,-745000,-311000
2008/06/24,0,159000,-1946000,-1787000
2008/06/25,0,1018000,-2578000,-1560000
2008/06/26,0,470000,-286000,184000
2008/06/27,0,184000,-2434000,-2250000
2008/06/30,0,116000,-1070000,-954000
2008/07/01,0,378000,-546000,-168000
2008/07/02,0,270000,-96000,174000
2008/07/03,0,455000,-153000,302000
2008/07/04,0,97000,-1213000,-1116000
2008/07/07,0,87000,-221000,-134000
2008/07/08,0,190000,-1494000,-1304000
2008/07/09,0,204000,-276000,-72000
2008/07/10,0,117000,-108000,9000
2008/07/11,0,82000,-474000,-392000
2008/07/14,0,87000,-497000,-410000
2008/07/15,0,137000,-467000,-330000
2008/07/16,0,27000,-226000,-199000
2008/07/17,0,144000,-43000,101000
2008/07/18,0,1523000,-186000,1337000
2008/07/21,0,534000,-39000,495000
2008/07/22,0,442000,-1000,441000
2008/07/23,0,0,-30000,-30000
2008/07/24,0,383000,-1339999,-956999
2008/07/25,0,255000,-34000,221000
2008/07/28,0,0,0,0
2008/07/29,0,3000,-281000,-278000
2008/07/30,0,269000,-97000,172000
2008/07/31,0,140000,-44000,96000
2008/08/01,0,225000,-8000,217000
2008/08/04,0,359000,-34000,325000
2008/08/05,0,283000,-48000,235000
2008/08/06,0,702000,-104000,598000
2008/08/07,0,1398000,-1090000,308000
2008/08/08,0,345000,-232000,113000
2008/08/11,0,264000,-597000,-333000
2008/08/12,0,68000,-416000,-348000
2008/08/13,0,105000,-82000,23000
2008/08/14,0,408000,-17000,391000
2008/08/15,0,278000,-332000,-54000
2008/08/18,0,92000,-412488,-320488
2008/08/19,0,45000,-217104,-172104
2008/08/20,0,42000,-675000,-633000
2008/08/21,0,158000,-795160,-637160
2008/08/22,0,213000,-782000,-569000
2008/08/25,0,180000,-213000,-33000
2008/08/26,0,66000,-79000,-13000
2008/08/27,0,473000,-273000,200000
2008/08/28,0,30000,-291675,-261675
2008/08/29,0,119000,-255000,-136000
2008/09/01,0,362433,-643000,-280567
2008/09/02,0,165000,-172000,-7000
2008/09/03,0,67000,-206000,-139000
2008/09/04,0,141000,-133000,8000
2008/09/05,0,37000,-30000,7000
2008/09/08,0,28000,-157000,-129000
2008/09/09,0,19000,-40064,-21064
2008/09/10,0,53000,-166000,-113000
2008/09/11,0,252000,-233000,19000
2008/09/12,0,37000,-643000,-606000
2008/09/15,0,40000,-152000,-112000
2008/09/16,0,240000,-14000,226000
2008/09/17,0,30000,-373000,-343000
2008/09/18,0,9000,-80000,-71000
2008/09/19,0,67000,-149728,-82728
2008/09/22,0,179000,-242000,-63000
2008/09/23,0,274000,-106000,168000
2008/09/24,0,690000,-140000,550000
2008/09/25,0,187000,-3000,184000
2008/09/26,0,111000,-543000,-432000
2008/09/29,0,0,0,0
2008/09/30,0,60000,0,60000
2008/10/01,0,57000,-273000,-216000
2008/10/02,0,0,-118000,-118000
2008/10/03,0,54000,-35000,19000
2008/10/06,0,240000,-873,239127
2008/10/07,0,0,-40000,-40000
2008/10/08,0,10000,-33000,-23000
2008/10/09,0,33000,-45000,-12000
2008/10/10,0,0,0,0
2008/10/13,0,0,-64000,-64000
2008/10/14,0,0,-150000,-150000
2008/10/15,0,19000,-50085,-31085
2008/10/16,0,58000,-69000,-11000
2008/10/17,0,351000,-158000,193000
2008/10/20,0,0,-339139,-339139
2008/10/21,0,48000,-420000,-372000
2008/10/22,0,12000,-45000,-33000
2008/10/23,0,36000,-37370,-1370
2008/10/24,0,0,-9636,-9636
2008/10/27,0,113000,-58000,55000
2008/10/28,0,629000,-121000,508000
2008/10/29,0,100000,-530000,-430000
2008/10/30,0,105000,-199000,-94000
2008/10/31,0,3000,-1000,2000
2008/11/03,0,146000,-102000,44000
2008/11/04,0,198000,-76121,121879
2008/11/05,0,1358000,-4000,1354000
2008/11/06,0,142000,-139000,3000
2008/11/07,0,237000,-234000,3000
2008/11/10,0,182000,-139256,42744
2008/11/11,0,209000,-1450000,-1241000
2008/11/12,0,21000,-140000,-119000
2008/11/13,0,95000,-92733,2267
2008/11/14,0,30000,-62000,-32000
2008/11/17,0,623000,-82000,541000
2008/11/18,0,144000,-528000,-384000
2008/11/19,0,200000,-115000,85000
2008/11/20,0,79000,-325000,-246000
2008/11/21,0,574000,-129000,445000
2008/11/24,0,0,-530000,-530000
2008/11/25,0,66000,-60000,6000
2008/11/26,0,450000,-34000,416000
2008/11/27,0,845000,-492000,353000
2008/11/28,0,200000,-57000,143000
2008/12/01,0,100000,0,100000
2008/12/02,0,564000,-1058000,-494000
2008/12/03,0,939000,-182000,757000
2008/12/04,0,270000,-166884,103116
2008/12/05,0,121000,-506000,-385000
2008/12/08,0,86000,-80000,6000
2008/12/09,0,439000,-39000,400000
2008/12/10,0,88000,-205000,-117000
2008/12/11,0,31000,-107000,-76000
2008/12/12,0,31000,-131000,-100000
2008/12/15,0,76000,-386000,-310000
2008/12/16,0,13000,-38000,-25000
2008/12/17,0,134000,-39000,95000
2008/12/18,0,1341000,-44000,1297000
2008/12/19,0,89000,-810000,-721000
2008/12/22,0,65000,-604000,-539000
2008/12/23,0,102000,-58000,44000
2008/12/24,0,16000,-37000,-21000
2008/12/25,0,123000,-23000,100000
2008/12/26,0,0,-12000,-12000
2008/12/29,0,0,0,0
2008/12/30,0,97000,-220716,-123716
2008/12/31,0,10000,-19000,-9000
2009/01/01,0,0,0,0
2009/01/02,0,0,0,0
2009/01/05,0,52000,0,52000
2009/01/06,0,1026000,-60000,966000
2009/01/07,0,396000,-469000,-73000
2009/01/08,0,0,-37000,-37000
2009/01/09,0,0,-19000,-19000
2009/01/12,0,71000,-1732000,-1661000
2009/01/13,0,24000,-51000,-27000
2009/01/14,0,10000,-8000,2000
2009/01/15,0,0,-10000,-10000
2009/01/16,0,44000,-44000,0
2009/01/19,0,0,-14000,-14000
2009/01/20,0,0,-45000,-45000
2009/01/21,0,0,-5267,-5267
2009/01/22,0,0,0,0
2009/01/23,0,0,0,0
2009/01/26,0,0,0,0
2009/01/27,0,0,0,0
2009/01/28,0,0,0,0
2009/01/29,0,0,0,0
2009/01/30,0,0,0,0
2009/02/02,0,0,-1000,-1000
2009/02/03,0,0,-59000,-59000
2009/02/04,0,44000,0,44000
2009/02/05,0,200000,0,200000
2009/02/06,0,2000,-24000,-22000
2009/02/09,0,100000,-19000,81000
2009/02/10,0,0,-28000,-28000
2009/02/11,0,22000,-5000,17000
2009/02/12,0,31000,-56000,-25000
2009/02/13,0,51000,-5000,46000
2009/02/16,0,0,-851000,-851000
2009/02/17,0,0,-298000,-298000
2009/02/18,0,149000,-104000,45000
2009/02/19,0,44000,-137000,-93000
2009/02/20,0,9000,-17834,-8834
2009/02/23,0,4000,-31000,-27000
2009/02/24,0,0,0,0
2009/02/25,0,8000,0,8000
2009/02/26,0,9000,0,9000
2009/02/27,0,10000,0,10000
2009/03/02,0,9000,-17000,-8000
2009/03/03,0,9000,-8000,1000
2009/03/04,0,0,-11000,-11000
2009/03/05,0,0,-107000,-107000
2009/03/06,0,11000,-3000,8000
2009/03/09,0,10000,-25000,-15000
2009/03/10,0,6000,-114000,-108000
2009/03/11,0,44000,-115000,-71000
2009/03/12,0,203000,-8000,195000
2009/03/13,0,310000,-349000,-39000
2009/03/16,0,28000,-87000,-59000
2009/03/17,0,998000,-36000,962000
2009/03/18,0,164000,-212000,-48000
2009/03/19,0,21000,-59682,-38682
2009/03/20,0,3000,-145000,-142000
2009/03/23,0,281000,-252000,29000
2009/03/24,0,583000,-438000,145000
2009/03/25,0,392000,-442000,-50000
2009/03/26,0,219000,-720000,-501000
2009/03/27,0,107000,-276000,-169000
2009/03/30,0,294000,-716000,-422000
2009/03/31,0,259000,-346000,-87000
2009/04/01,0,369000,-172000,197000
2009/04/02,0,309000,-803682,-494682
2009/04/03,0,105000,-149000,-44000
2009/04/06,0,551000,-55000,496000
2009/04/07,0,686000,-139000,547000
2009/04/08,0,932000,-671000,261000
2009/04/09,0,87000,-305000,-218000
2009/04/10,0,265000,-590000,-325000
2009/04/13,0,198000,-131000,67000
2009/04/14,0,387000,-78000,309000
2009/04/15,0,301000,-225000,76000
2009/04/16,0,352000,-207000,145000
2009/04/17,0,236000,-75678,160322
2009/04/20,0,3237000,-1299000,1938000
2009/04/21,0,786000,-183000,603000
2009/04/22,0,295000,-357633,-62633
2009/04/23,0,239000,-215000,24000
2009/04/24,0,112000,-1053000,-941000
2009/04/27,0,286000,-56000,230000
2009/04/28,0,180000,0,180000
2009/04/29,0,1082000,-3606000,-2524000
2009/04/30,0,18000,-507000,-489000
2009/05/01,0,0,0,0
2009/05/04,0,11000,-125000,-114000
2009/05/05,0,673000,-77000,596000
2009/05/06,0,549000,-515000,34000
2009/05/07,0,1477000,-340000,1137000
2009/05/08,0,296000,-7000,289000
2009/05/11,0,14000,-507646,-493646
2009/05/12,0,66000,-4000,62000
2009/05/13,0,3000,-52000,-49000
2009/05/14,0,0,-118000,-118000
2009/05/15,0,480000,-508000,-28000
2009/05/18,0,200000,-484000,-284000
2009/05/19,0,208000,-200000,8000
2009/05/20,0,36000,-148000,-112000
2009/05/21,0,150000,-282000,-132000
2009/05/22,0,0,-73000,-73000
2009/05/25,0,75000,-12000,63000
2009/05/26,0,122000,-83297,38703
2009/05/27,0,43000,-33000,10000
2009/05/28,0,0,0,0
2009/05/29,0,0,0,0
2009/06/01,0,151000,-53344,97656
2009/06/02,0,1119000,-111622,1007378
2009/06/03,0,173000,-317000,-144000
2009/06/04,0,92000,-893000,-801000
2009/06/05,0,114000,-86000,28000
2009/06/08,0,37000,-50000,-13000
2009/06/09,0,474000,-30000,444000
2009/06/10,0,49000,-1373000,-1324000
2009/06/11,0,130000,-106000,24000
2009/06/12,0,0,-530000,-530000
2009/06/15,0,39000,-80000,-41000
2009/06/16,0,3000,-27378,-24378
2009/06/17,0,17000,-2000,15000
2009/06/18,0,7000,-75000,-68000
2009/06/19,0,42000,0,42000
2009/06/22,0,22000,-72000,-50000
2009/06/23,0,0,-15000,-15000
2009/06/24,0,130000,-29000,101000
2009/06/25,0,459369,-16000,443369
2009/06/26,0,281000,-423000,-142000
2009/06/29,0,74000,-151000,-77000
2009/06/30,0,110262,-13000,97262
2009/07/01,0,362000,0,362000
2009/07/02,0,22000,-11000,11000
2009/07/03,0,123000,-21000,102000
2009/07/06,0,3000,-101000,-98000
2009/07/07,0,57364,-48000,9364
2009/07/08,0,890000,-45000,845000
2009/07/09,0,686000,0,686000
2009/07/10,0,62000,-27000,35000
2009/07/13,0,58000,-74000,-16000
2009/07/14,0,10000,-43000,-33000
2009/07/15,0,233000,-219000,14000
2009/07/16,0,119857,-30000,89857
2009/07/17,0,233000,-11000,222000
2009/07/20,0,326000,-3000,323000
2009/07/21,0,17000,-18000,-1000
2009/07/22,0,126000,-84000,42000
2009/07/23,0,42000,-77000,-35000
2009/07/24,0,403524,-379000,24524
2009/07/27,0,154000,-107000,47000
2009/07/28,0,1033243,-119000,914243
2009/07/29,0,710000,-1624000,-914000
2009/07/30,0,1003000,-116000,887000
2009/07/31,0,0,-78000,-78000
2009/08/03,0,401721,-323000,78721
2009/08/04,0,0,-609000,-609000
2009/08/05,0,320000,-135000,185000
2009/08/06,0,2000,-2000,0
2009/08/07,0,0,0,0
2009/08/10,0,386000,-35000,351000
2009/08/11,0,0,-314000,-314000
2009/08/12,0,0,-148000,-148000
2009/08/13,0,15000,-1423000,-1408000
2009/08/14,0,14000,-11000,3000
2009/08/17,0,83000,-55000,28000
2009/08/18,0,82000,-390000,-308000
2009/08/19,0,101000,-333000,-232000
2009/08/20,0,35000,-123000,-88000
2009/08/21,0,4000,-129000,-125000
2009/08/24,0,0,-11000,-11000
2009/08/25,0,0,-20000,-20000
2009/08/26,0,0,-57000,-57000
2009/08/27,0,11000,0,11000
2009/08/28,0,3000,0,3000
2009/08/31,0,100000,-8000,92000
2009/09/01,0,0,0,0
2009/09/02,0,0,0,0
2009/09/03,0,0,0,0
2009/09/04,0,0,0,0
2009/09/07,0,0,0,0
2009/09/08,0,0,0,0
2009/09/09,0,0,0,0
2009/09/10,0,0,0,0
2009/09/11,0,0,0,0
2009/09/14,0,0,0,0
2009/09/15,0,0,0,0
2009/09/16,0,0,0,0
2009/09/17,0,0,0,0
2009/09/18,0,0,0,0
2009/09/21,0,5000,-916000,-911000
2009/09/22,0,0,0,0
2009/09/23,0,1000,-958000,-957000
2009/09/24,0,0,0,0
2009/09/25,0,168000,-1000,167000
2009/09/28,0,0,-40362,-40362
2009/09/29,0,0,0,0
2009/09/30,0,3709000,0,3709000
2009/10/01,0,0,-9000,-9000
2009/10/02,0,0,-139000,-139000
2009/10/05,0,0,-32000,-32000
2009/10/06,0,50000,-32000,18000
2009/10/07,0,400000,0,400000
2009/10/08,0,0,-15000,-15000
2009/10/09,0,0,0,0
2009/10/12,0,0,0,0
2009/10/13,0,60000,-600000,-540000
2009/10/14,0,20000,-310000,-290000
2009/10/15,0,380000,-2575000,-2195000
2009/10/16,0,0,-89000,-89000
2009/10/19,0,0,-485000,-485000
2009/10/20,0,0,-254000,-254000
2009/10/21,0,0,-495000,-495000
2009/10/22,0,0,-260000,-260000
2009/10/23,0,20000,0,20000
2009/10/26,0,0,-178000,-178000
2009/10/27,0,0,-23000,-23000
2009/10/28,0,0,-272000,-272000
2009/10/29,0,19000,-1000,18000
2009/10/30,0,0,-15000,-15000
2009/11/02,0,0,-4000,-4000
2009/11/03,0,0,-1710036,-1710036
2009/11/04,0,90000,0,90000
2009/11/05,0,0,-4000,-4000
2009/11/06,0,0,0,0
2009/11/09,0,777000,0,777000
2009/11/10,0,1810000,-1069000,741000
2009/11/11,0,444000,-2207000,-1763000
2009/11/12,0,0,-1760000,-1760000
2009/11/13,0,696000,-915000,-219000
2009/11/16,0,3000,-400000,-397000
2009/11/17,0,18000,-1003000,-985000
2009/11/18,0,0,-507000,-507000
2009/11/19,0,5000,-450069,-445069
2009/11/20,0,552000,-227000,325000
2009/11/23,0,0,-403000,-403000
2009/11/24,0,2000,-250000,-248000
2009/11/25,0,32000,-251000,-219000
2009/11/26,0,17000,-107000,-90000
2009/11/27,0,100000,-200000,-100000
2009/11/30,0,0,-143000,-143000
2009/12/01,0,22000,-6000,16000
2009/12/02,0,470000,-920000,-450000
2009/12/03,0,1000,-272000,-271000
2009/12/04,0,0,-194000,-194000
2009/12/07,0,0,-100000,-100000
2009/12/08,0,0,-1000,-1000
2009/12/09,0,0,-301000,-301000
2009/12/10,0,5000,-123000,-118000
2009/12/11,0,205000,-21000,184000
2009/12/14,0,2000,-81000,-79000
2009/12/15,0,324000,-81000,243000
2009/12/16,0,5000,-223000,-218000
2009/12/17,0,62000,0,62000
2009/12/18,0,4000,-50000,-46000
2009/12/21,0,50000,-30000,20000
2009/12/22,0,50000,-67000,-17000
2009/12/23,0,0,-104000,-104000
2009/12/24,0,1000,-459000,-458000
2009/12/25,0,0,0,0
2009/12/28,0,120000,0,120000
2009/12/29,0,29000,0,29000
2009/12/30,0,3000,-1000,2000
2009/12/31,0,94000,0,94000
2010/01/01,0,0,0,0
2010/01/04,0,0,-276000,-276000
2010/01/05,0,1157000,-97000,1060000
2010/01/06,0,107000,-26000,81000
2010/01/07,0,56000,0,56000
2010/01/08,0,167000,-23000,144000
2010/01/11,0,205000,-9000,196000
2010/01/12,0,5000,-464000,-459000
2010/01/13,0,97000,-127000,-30000
2010/01/14,0,54000,0,54000
2010/01/15,0,816000,-1000,815000
2010/01/18,0,19000,0,19000
2010/01/19,0,49000,-2000,47000
2010/01/20,0,3692,-38000,-34308
2010/01/21,0,22000,-16000,6000
2010/01/22,0,12000,-1776000,-1764000
2010/01/25,0,0,-117000,-117000
2010/01/26,0,0,-318000,-318000
2010/01/27,0,550000,-349000,201000
2010/01/28,0,0,-82000,-82000
2010/01/29,0,1009000,-107000,902000
2010/02/01,0,558000,-819000,-261000
2010/02/02,0,9000,-102000,-93000
2010/02/03,0,0,0,0
2010/02/04,0,0,0,0
2010/02/05,0,105000,-502000,-397000
2010/02/08,0,5000,-1000,4000
2010/02/09,0,14000,-37000,-23000
2010/02/10,0,50000,-15000,35000
2010/02/11,0,0,0,0
2010/02/12,0,0,0,0
2010/02/15,0,0,0,0
2010/02/16,0,0,0,0
2010/02/17,0,0,0,0
2010/02/18,0,0,0,0
2010/02/19,0,0,0,0
2010/02/22,0,434000,0,434000
2010/02/23,0,361000,-28000,333000
2010/02/24,0,212000,0,212000
2010/02/25,0,250000,-1572000,-1322000
2010/02/26,0,15000,-3000,12000
2010/03/01,0,238000,0,238000
2010/03/02,0,500000,0,500000
2010/03/03,0,0,0,0
2010/03/04,0,200000,-75000,125000
2010/03/05,0,701000,0,701000
2010/03/08,0,14000,-98000,-84000
2010/03/09,0,14000,0,14000
2010/03/10,0,3000,-3000,0
2010/03/11,0,1000,0,1000
2010/03/12,0,195000,0,195000
2010/03/15,0,19000,-1035000,-1016000
2010/03/16,0,42000,-357000,-315000
2010/03/17,0,539000,-10000,529000
2010/03/18,0,239000,-20000,219000
2010/03/19,0,1159000,0,1159000
2010/03/22,0,629000,-1089000,-460000
2010/03/23,0,551000,-22000,529000
2010/03/24,0,48000,-8000,40000
2010/03/25,0,455000,-21000,434000
2010/03/26,0,375000,-8000,367000
2010/03/29,0,788000,-159000,629000
2010/03/30,0,3000000,-630000,2370000
2010/03/31,0,808000,-38000,770000
2010/04/01,0,524000,-1353000,-829000
2010/04/02,0,202000,-116000,86000
2010/04/05,0,0,0,0
2010/04/06,0,450000,-420000,30000
2010/04/07,0,15000,-6000,9000
2010/04/08,0,2570000,-1455000,1115000
2010/04/09,0,813000,-138000,675000
2010/04/12,0,110000,-1525000,-1415000
2010/04/13,0,538000,-776000,-238000
2010/04/14,0,77000,-646000,-569000
2010/04/15,0,430000,-960000,-530000
2010/04/16,0,0,-803000,-803000
2010/04/19,0,400000,-1094000,-694000
2010/04/20,0,48000,-1520000,-1472000
2010/04/21,0,621000,-129000,492000
2010/04/22,0,1002000,-101000,901000
2010/04/23,0,430000,-340000,90000
2010/04/26,0,937000,-60000,877000
2010/04/27,0,192000,-1710000,-1518000
2010/04/28,0,234000,-68000,166000
2010/04/29,0,503000,-1182000,-679000
2010/04/30,0,280000,-1135000,-855000
2010/05/03,0,80000,-201000,-121000
2010/05/04,0,47000,-149000,-102000
2010/05/05,0,117000,-277000,-160000
2010/05/06,0,272000,-443000,-171000
2010/05/07,0,103000,-51000,52000
2010/05/10,0,365405,-323000,42405
2010/05/11,0,434000,-464149,-30149
2010/05/12,0,355000,-296000,59000
2010/05/13,0,180000,-285000,-105000
2010/05/14,0,410000,-12000,398000
2010/05/17,0,458000,-282000,176000
2010/05/18,0,556000,-1097000,-541000
2010/05/19,0,905000,-600000,305000
2010/05/20,0,891000,-172000,719000
2010/05/21,0,381000,-382000,-1000
2010/05/24,0,831000,-628000,203000
2010/05/25,0,253000,-112000,141000
2010/05/26,0,189000,-21000,168000
2010/05/27,0,321000,-585000,-264000
2010/05/28,0,250000,-474000,-224000
2010/05/31,0,404000,-100000,304000
2010/06/01,0,2226000,-353000,1873000
2010/06/02,0,24000,-284000,-260000
2010/06/03,0,170000,-211000,-41000
2010/06/04,0,0,-50000,-50000
2010/06/07,0,171000,-17000,154000
2010/06/08,0,133000,-334000,-201000
2010/06/09,0,350000,-605000,-255000
2010/06/10,0,50000,-1005000,-955000
2010/06/11,0,250000,-281000,-31000
2010/06/14,0,77000,-916000,-839000
2010/06/15,0,416000,-2698000,-2282000
2010/06/16,0,0,0,0
2010/06/17,0,735000,-20000,715000
2010/06/18,0,51000,-206000,-155000
2010/06/21,0,611000,-213000,398000
2010/06/22,0,30000,-36000,-6000
2010/06/23,0,603000,-175000,428000
2010/06/24,0,150000,-142847,7153
2010/06/25,0,306000,-48000,258000
2010/06/28,0,122000,-91000,31000
2010/06/29,0,260000,-255000,5000
2010/06/30,0,1338000,-98000,1240000
2010/07/01,0,1465000,-1221000,244000
2010/07/02,0,1019000,-1134000,-115000
2010/07/05,0,470000,-262000,208000
2010/07/06,0,1359000,-33000,1326000
2010/07/07,0,1616000,-313000,1303000
2010/07/08,0,682000,-1775000,-1093000
2010/07/09,0,396000,-278000,118000
2010/07/12,0,240000,-133000,107000
2010/07/13,0,120000,-45000,75000
2010/07/14,0,711000,-653000,58000
2010/07/15,0,539000,-235000,304000
2010/07/16,0,172000,-366000,-194000
2010/07/19,0,712000,-596000,116000
2010/07/20,0,1474000,-428000,1046000
2010/07/21,0,1223000,-51000,1172000
2010/07/22,0,1068000,-1064000,4000
2010/07/23,0,574000,-1453065,-879065
2010/07/26,0,418000,-124000,294000
2010/07/27,0,61000,-895000,-834000
2010/07/28,0,1036000,-418000,618000
2010/07/29,0,289000,-743000,-454000
2010/07/30,0,273000,-314000,-41000
2010/08/02,0,4138000,-673000,3465000
2010/08/03,0,4482000,-753000,3729000
2010/08/04,0,2039000,-721000,1318000
2010/08/05,0,3148300,-3057000,91300
2010/08/06,0,1699000,-1599000,100000
2010/08/09,0,2034000,-361000,1673000
2010/08/10,0,1460000,-1509000,-49000
2010/08/11,0,1757500,-4198000,-2440500
2010/08/12,0,1674200,-1508000,166200
2010/08/13,0,2358000,-1814000,544000
2010/08/16,0,682000,-1509000,-827000
2010/08/17,0,1302000,-3928000,-2626000
2010/08/18,0,1273000,-4391000,-3118000
2010/08/19,0,4582000,-588000,3994000
2010/08/20,0,2585000,-1085135,1499865
2010/08/23,0,894000,-897000,-3000
2010/08/24,0,1500000,-597000,903000
2010/08/25,0,2870000,-2408000,462000
2010/08/26,0,1532000,-1477000,55000
2010/08/27,0,4963000,-2886000,2077000
2010/08/30,0,1450000,-3501000,-2051000
2010/08/31,0,885000,-2220000,-1335000
2010/09/01,0,2049000,-2261000,-212000
2010/09/02,0,1721000,-1955427,-234427
2010/09/03,0,1453000,-1178000,275000
2010/09/06,0,2346000,-1021000,1325000
2010/09/07,0,1113000,-876000,237000
2010/09/08,0,1027211,-3090000,-2062789
2010/09/09,0,3480000,-1548000,1932000
2010/09/10,0,1147000,-1367000,-220000
2010/09/13,0,1680000,-2224000,-544000
2010/09/14,0,586000,-674000,-88000
2010/09/15,0,2844000,-1501000,1343000
2010/09/16,0,2639000,-1918000,721000
2010/09/17,0,2157000,-1665000,492000
2010/09/20,0,3314000,-2139000,1175000
2010/09/21,0,1449000,-877000,572000
2010/09/22,0,0,0,0
2010/09/23,0,1597000,-272600,1324400
2010/09/24,0,1997000,-1439000,558000
2010/09/27,0,848000,-3174000,-2326000
2010/09/28,0,1198000,-434000,764000
2010/09/29,0,2869000,-1773000,1096000
2010/09/30,0,1342000,-1876000,-534000
2010/10/01,0,1477000,-579592,897408
2010/10/04,0,1279000,-829000,450000
2010/10/05,0,1145000,-583000,562000
2010/10/06,0,3898000,-2795000,1103000
2010/10/07,0,881000,-2049125,-1168125
2010/10/08,0,516000,-795000,-279000
2010/10/11,0,387000,-2822000,-2435000
2010/10/12,0,383000,-553000,-170000
2010/10/13,0,1830000,-636000,1194000
2010/10/14,0,1145000,-349000,796000
2010/10/15,0,2935000,-1606000,1329000
2010/10/18,0,2344000,-1222000,1122000
2010/10/19,0,1853000,-1108000,745000
2010/10/20,0,1905000,-885000,1020000
2010/10/21,0,1958000,-464000,1494000
2010/10/22,0,2398100,-865000,1533100
2010/10/25,0,1566000,-8070000,-6504000
2010/10/26,0,577000,-2398000,-1821000
2010/10/27,0,1801000,-1937000,-136000
2010/10/28,0,419000,-1151000,-732000
2010/10/29,0,516000,-361000,155000
2010/11/01,0,2495000,-2800000,-305000
2010/11/02,0,1572000,-3268000,-1696000
2010/11/03,0,438000,-1250000,-812000
2010/11/04,0,1029000,-1162000,-133000
2010/11/05,0,1883000,-1660000,223000
2010/11/08,0,2021000,-650000,1371000
2010/11/09,0,1433000,-1282000,151000
2010/11/10,0,592000,-1047000,-455000
2010/11/11,0,663000,-1948000,-1285000
2010/11/12,0,294000,-535000,-241000
2010/11/15,0,446000,-400000,46000
2010/11/16,0,1147000,-1949000,-802000
2010/11/17,0,657000,-656000,1000
2010/11/18,0,1729000,-1289000,440000
2010/11/19,0,1305000,-2055000,-750000
2010/11/22,0,1415000,-1143000,272000
2010/11/23,0,1991000,-1197000,794000
2010/11/24,0,849000,-283000,566000
2010/11/25,0,199000,-118500,80500
2010/11/26,0,520000,-406000,114000
2010/11/29,0,2962000,-1459500,1502500
2010/11/30,0,561000,-2534000,-1973000
2010/12/01,0,894000,-616000,278000
2010/12/02,0,385000,-472000,-87000
2010/12/03,0,319000,-377000,-58000
2010/12/06,0,1166000,-374000,792000
2010/12/07,0,372000,-403000,-31000
2010/12/08,0,449000,-1741000,-1292000
2010/12/09,0,420000,-752000,-332000
2010/12/10,0,879000,-1702000,-823000
2010/12/13,0,312000,-763000,-451000
2010/12/14,0,147000,-424000,-277000
2010/12/15,0,1740000,-351000,1389000
2010/12/16,0,635000,-559000,76000
2010/12/17,0,186000,-575000,-389000
2010/12/20,0,1327000,-1581000,-254000
2010/12/21,0,240000,-654000,-414000
2010/12/22,0,511000,-1416000,-905000
2010/12/23,0,285000,-312000,-27000
2010/12/24,0,139000,-280000,-141000
2010/12/27,0,294000,-238000,56000
2010/12/28,0,194000,-193000,1000
2010/12/29,0,1362000,-312000,1050000
2010/12/30,0,853000,-2030000,-1177000
2010/12/31,0,171000,-1235000,-1064000
2011/01/03,0,372000,-82000,290000
2011/01/04,0,481000,-1614000,-1133000
2011/01/05,0,537000,-1171000,-634000
2011/01/06,0,145000,-568000,-423000
2011/01/07,0,825000,-256000,569000
2011/01/10,0,435000,-428000,7000
2011/01/11,0,589000,-580000,9000
2011/01/12,0,655000,-523000,132000
2011/01/13,0,418000,-357000,61000
2011/01/14,0,713000,-264000,449000
2011/01/17,0,604000,-1548000,-944000
2011/01/18,0,1820000,-554000,1266000
2011/01/19,0,1013000,-239000,774000
2011/01/20,0,203000,-364000,-161000
2011/01/21,0,1477000,-217000,1260000
2011/01/24,0,388000,-1004000,-616000
2011/01/25,0,184000,-800000,-616000
2011/01/26,0,855000,-968000,-113000
2011/01/27,0,287000,-924000,-637000
2011/01/28,0,439000,-357000,82000
2011/01/31,0,0,0,0
2011/02/01,0,0,0,0
2011/02/02,0,0,0,0
2011/02/03,0,0,0,0
2011/02/04,0,0,0,0
2011/02/07,0,0,0,0
2011/02/08,0,401000,-1604500,-1203500
2011/02/09,0,161164,-480000,-318836
2011/02/10,0,374000,-562000,-188000
2011/02/11,0,1605000,-2821000,-1216000
2011/02/14,0,626000,-372000,254000
2011/02/15,0,510000,-1349000,-839000
2011/02/16,0,1170000,-1028000,142000
2011/02/17,0,795000,-1540000,-745000
2011/02/18,0,814000,-1411000,-597000
2011/02/21,0,979000,-849000,130000
2011/02/22,0,1961000,-1953000,8000
2011/02/23,0,2100000,-1872000,228000
2011/02/24,0,1978000,-1291000,687000
2011/02/25,0,3036000,-1398000,1638000
2011/02/28,0,0,0,0
2011/03/01,0,939000,-2755000,-1816000
2011/03/02,0,1562000,-907000,655000
2011/03/03,0,729000,-404000,325000
2011/03/04,0,1077000,-244164,832836
2011/03/07,0,797000,-708747,88253
2011/03/08,0,952000,-1256000,-304000
2011/03/09,0,2465000,-388000,2077000
2011/03/10,0,863000,-277000,586000
2011/03/11,0,756000,-436000,320000
2011/03/14,0,1131000,-2266000,-1135000
2011/03/15,0,1602000,-2693000,-1091000
2011/03/16,0,678000,-1656000,-978000
2011/03/17,0,1210000,-180000,1030000
2011/03/18,0,878000,-1782000,-904000
2011/03/21,0,952000,-699000,253000
2011/03/22,0,1669000,-499000,1170000
2011/03/23,0,302000,-1517000,-1215000
2011/03/24,0,195000,-466000,-271000
2011/03/25,0,222000,-648000,-426000
2011/03/28,0,789000,-269000,520000
2011/03/29,0,412000,-277000,135000
2011/03/30,0,2000,-139000,-137000
2011/03/31,0,133000,-219000,-86000
2011/04/01,0,246000,-50000,196000
2011/04/04,0,0,0,0
2011/04/05,0,0,0,0
2011/04/06,0,487000,-504000,-17000
2011/04/07,0,2180000,-1289000,891000
2011/04/08,0,1155000,-2190000,-1035000
2011/04/11,0,746000,-572000,174000
2011/04/12,0,1896000,-820000,1076000
2011/04/13,0,1983000,-1485000,498000
2011/04/14,0,789000,-1954000,-1165000
2011/04/15,0,1461000,-724000,737000
2011/04/18,0,102000,-136563,-34563
2011/04/19,0,870000,-817000,53000
2011/04/20,0,443000,-779000,-336000
2011/04/21,0,624000,-199000,425000
2011/04/22,0,2875000,-520000,2355000
2011/04/25,0,3844000,-2911000,933000
2011/04/26,0,887000,-3116000,-2229000
2011/04/27,0,783000,-1669000,-886000
2011/04/28,0,4231000,-1124000,3107000
2011/04/29,0,1073000,-948000,125000
2011/05/02,0,0,0,0
2011/05/03,0,938000,-1353073,-415073
2011/05/04,0,440000,-264000,176000
2011/05/05,0,374000,-722000,-348000
2011/05/06,0,2514000,-1351000,1163000
2011/05/09,0,2152000,-1075000,1077000
2011/05/10,0,941000,-677000,264000
2011/05/11,0,482100,-2389986,-1907886
2011/05/12,0,658000,-652000,6000
2011/05/13,0,1137000,-831000,306000
2011/05/16,0,1282000,-1399000,-117000
2011/05/17,0,926000,-1101000,-175000
2011/05/18,0,987000,-267000,720000
2011/05/19,0,928000,-1193676,-265676
2011/05/20,0,802000,-320000,482000
2011/05/23,0,397000,-663000,-266000
2011/05/24,0,1417000,-444000,973000
2011/05/25,0,633000,-1156000,-523000
2011/05/26,0,907000,-850000,57000
2011/05/27,0,566000,-221000,345000
2011/05/30,0,1010000,-2414000,-1404000
2011/05/31,0,788000,-2036000,-1248000
2011/06/01,0,717000,-423000,294000
2011/06/02,0,552000,-509000,43000
2011/06/03,0,549000,-215000,334000
2011/06/06,0,0,0,0
2011/06/07,0,986000,-253000,733000
2011/06/08,0,986000,-618000,368000
2011/06/09,0,374000,-503000,-129000
2011/06/10,0,875000,-1232000,-357000
2011/06/13,0,983000,-983000,0
2011/06/14,0,795000,-638000,157000
2011/06/15,0,634000,-1493000,-859000
2011/06/16,0,595000,-465000,130000
2011/06/17,0,344000,-644000,-300000
2011/06/20,0,318000,-346000,-28000
2011/06/21,0,532000,-1257000,-725000
2011/06/22,0,397000,-279000,118000
2011/06/23,0,199000,-80000,119000
2011/06/24,0,2938000,-1171000,1767000
2011/06/27,0,1374000,-2164000,-790000
2011/06/28,0,210000,-734000,-524000
2011/06/29,0,1489000,-1029000,460000
2011/06/30,0,718000,-390000,328000
2011/07/01,0,1654000,-332000,1322000
2011/07/04,0,2126000,-989000,1137000
2011/07/05,0,466000,-976727,-510727
2011/07/06,0,602000,-1140000,-538000
2011/07/07,0,960000,-208000,752000
2011/07/08,0,897000,-214000,683000
2011/07/11,0,1029207,-256000,773207
2011/07/12,0,1332000,-1770000,-438000
2011/07/13,0,866000,-475000,391000
2011/07/14,0,2456000,-4502000,-2046000
2011/07/15,0,670000,-1608000,-938000
2011/07/18,0,408000,-1287825,-879825
2011/07/19,0,393000,-116000,277000
2011/07/20,0,982000,-564000,418000
2011/07/21,0,304000,-249000,55000
2011/07/22,0,1565000,-46000,1519000
2011/07/25,0,389000,-2010000,-1621000
2011/07/26,0,126000,-242281,-116281
2011/07/27,0,274000,-183000,91000
2011/07/28,0,679000,-459000,220000
2011/07/29,0,331000,-370329,-39329
2011/08/01,0,153000,-90000,63000
2011/08/02,0,143000,-671000,-528000
2011/08/03,0,369000,-202000,167000
2011/08/04,0,343000,-120000,223000
2011/08/05,0,1570000,-708000,862000
2011/08/08,0,934000,-1029000,-95000
2011/08/09,0,1745000,-1968000,-223000
2011/08/10,0,1004000,-796000,208000
2011/08/11,0,848000,-214000,634000
2011/08/12,0,513000,-655000,-142000
2011/08/15,0,100000,-165000,-65000
2011/08/16,0,221000,-310000,-89000
2011/08/17,0,418000,-522000,-104000
2011/08/18,0,499000,-700000,-201000
2011/08/19,0,521000,-654000,-133000
2011/08/22,0,836000,-140574,695426
2011/08/23,0,755000,-560000,195000
2011/08/24,0,524000,-343000,181000
2011/08/25,0,448000,-288000,160000
2011/08/26,0,263000,-364000,-101000
2011/08/29,0,105000,-67000,38000
2011/08/30,0,116000,-589000,-473000
2011/08/31,0,139000,-207000,-68000
2011/09/01,0,311000,-396000,-85000
2011/09/02,0,1154000,-205000,949000
2011/09/05,0,195000,-611000,-416000
2011/09/06,0,422000,-1103000,-681000
2011/09/07,0,355000,-242000,113000
2011/09/08,0,341000,-201000,140000
2011/09/09,0,482000,-70000,412000
2011/09/12,0,0,0,0
2011/09/13,0,574000,-211000,363000
2011/09/14,0,319000,-450000,-131000
2011/09/15,0,405000,-26000,379000
2011/09/16,0,664000,-102000,562000
2011/09/19,0,90000,-288000,-198000
2011/09/20,0,607000,-263000,344000
2011/09/21,0,1461000,-90000,1371000
2011/09/22,0,2534000,-468000,2066000
2011/09/23,0,1168000,-525000,643000
2011/09/26,0,466000,-2167000,-1701000
2011/09/27,0,1630000,-977000,653000
2011/09/28,0,260000,-651000,-391000
2011/09/29,0,52000,-533000,-481000
2011/09/30,0,1248000,-949000,299000
2011/10/03,0,256000,-2639000,-2383000
2011/10/04,0,860000,-816000,44000
2011/10/05,0,37000,-417577,-380577
2011/10/06,0,223000,-1068239,-845239
2011/10/07,0,948000,-269000,679000
2011/10/10,0,0,0,0
2011/10/11,0,70000,-505000,-435000
2011/10/12,0,503000,-82000,421000
2011/10/13,0,646000,-240000,406000
2011/10/14,0,33000,-482650,-449650
2011/10/17,0,190000,-113000,77000
2011/10/18,0,1197000,-265000,932000
2011/10/19,0,88000,-77000,11000
2011/10/20,0,18000,-1225000,-1207000
2011/10/21,0,57158,-347999,-290841
2011/10/24,0,410000,-49000,361000
2011/10/25,0,42000,-165000,-123000
2011/10/26,0,1352000,-94000,1258000
2011/10/27,0,1769000,-953000,816000
2011/10/28,0,439000,-1627000,-1188000
2011/10/31,0,1025000,-583000,442000
2011/11/01,0,571000,-275716,295284
2011/11/02,0,480000,-309000,171000
2011/11/03,0,294000,-492000,-198000
2011/11/04,0,576000,-402000,174000
2011/11/07,0,1332000,-143000,1189000
2011/11/08,0,664000,-1068196,-404196
2011/11/09,0,463000,-295400,167600
2011/11/10,0,474000,-1875000,-1401000
2011/11/11,0,671000,-623000,48000
2011/11/14,0,659000,-279000,380000
2011/11/15,0,284000,-286000,-2000
2011/11/16,0,443000,-498000,-55000
2011/11/17,0,389000,-339000,50000
2011/11/18,0,593000,-310000,283000
2011/11/21,0,520000,-671000,-151000
2011/11/22,0,361000,-130000,231000
2011/11/23,0,535000,-1756000,-1221000
2011/11/24,0,1123200,-709000,414200
2011/11/25,0,258000,-1136800,-878800
2011/11/28,0,265000,-33000,232000
2011/11/29,0,58000,-183000,-125000
2011/11/30,0,420000,-823000,-403000
2011/12/01,0,898000,-690848,207152
2011/12/02,0,465000,-1084000,-619000
2011/12/05,0,505000,-289000,216000
2011/12/06,0,125000,-243000,-118000
2011/12/07,0,400000,-177000,223000
2011/12/08,0,274000,-179000,95000
2011/12/09,0,206000,-241000,-35000
2011/12/12,0,53000,-196000,-143000
2011/12/13,0,43000,-78000,-35000
2011/12/14,0,1000,-218000,-217000
2011/12/15,0,708000,-118000,590000
2011/12/16,0,125000,-149000,-24000
2011/12/19,0,563000,-479000,84000
2011/12/20,0,258000,-227000,31000
2011/12/21,0,850000,-684000,166000
2011/12/22,0,110000,-218020,-108020
2011/12/23,0,541000,-266000,275000
2011/12/26,0,17000,-143000,-126000
2011/12/27,0,535000,-374000,161000
2011/12/28,0,920000,-254000,666000
2011/12/29,0,210000,-321000,-111000
2011/12/30,0,313000,-153000,160000
2012/01/02,0,45000,-473000,-428000
2012/01/03,0,45000,-655000,-610000
2012/01/04,0,80000,-91000,-11000
2012/01/05,0,753000,-231149,521851
2012/01/06,0,77000,-577000,-500000
2012/01/09,0,476000,-235000,241000
2012/01/10,0,1152000,-185000,967000
2012/01/11,0,704000,-638000,66000
2012/01/12,0,437000,-342000,95000
2012/01/13,0,243000,-531000,-288000
2012/01/16,0,580000,-1664000,-1084000
2012/01/17,0,228000,-129000,99000
2012/01/18,0,266000,-455000,-189000
2012/01/19,0,0,0,0
2012/01/20,0,0,0,0
2012/01/23,0,0,0,0
2012/01/24,0,0,0,0
2012/01/25,0,0,0,0
2012/01/26,0,0,0,0
2012/01/27,0,0,0,0
2012/01/30,0,538000,-290000,248000
2012/01/31,0,273000,-104000,169000
2012/02/01,0,1448000,-409000,1039000
2012/02/02,0,450000,-698000,-248000
2012/02/03,0,126000,-517000,-391000
2012/02/06,0,2524000,-526000,1998000
2012/02/07,0,264000,-641000,-377000
2012/02/08,0,151000,-300000,-149000
2012/02/09,0,632000,-334000,298000
2012/02/10,0,110000,-363000,-253000
2012/02/13,0,357000,-203000,154000
2012/02/14,0,580000,-647000,-67000
2012/02/15,0,440000,-433000,7000
2012/02/16,0,349000,-454000,-105000
2012/02/17,0,744000,-553000,191000
2012/02/20,0,266000,-7000,259000
2012/02/21,0,396000,-508000,-112000
2012/02/22,0,542000,-151000,391000
2012/02/23,0,650000,-1127000,-477000
2012/02/24,0,196000,-294000,-98000
2012/02/27,0,0,0,0
2012/02/28,0,0,0,0
2012/02/29,0,331000,-307800,23200
2012/03/01,0,330000,-697000,-367000
2012/03/02,0,300000,-227000,73000
2012/03/05,0,610000,-1099200,-489200
2012/03/06,0,644000,-407000,237000
2012/03/07,0,683000,-1118000,-435000
2012/03/08,0,2132000,-799000,1333000
2012/03/09,0,46000,-1431000,-1385000
2012/03/12,0,94000,-421000,-327000
2012/03/13,0,262000,-129000,133000
2012/03/14,0,288000,-299000,-11000
2012/03/15,0,25000,-208000,-183000
2012/03/16,0,8000,-24000,-16000
2012/03/19,0,340000,-441000,-101000
2012/03/20,0,319000,-280000,39000
2012/03/21,0,264000,-402000,-138000
2012/03/22,0,227000,-129000,98000
2012/03/23,0,633000,-27000,606000
2012/03/26,0,22000,-200000,-178000
2012/03/27,0,210000,-221000,-11000
2012/03/28,0,317000,-101000,216000
2012/03/29,0,936000,-168169,767831
2012/03/30,0,269000,-228000,41000
2012/04/02,0,182000,-236000,-54000
2012/04/03,0,1338000,-201000,1137000
2012/04/04,0,0,0,0
2012/04/05,0,1072000,-40000,1032000
2012/04/06,0,140000,-2972000,-2832000
2012/04/09,0,263000,-47000,216000
2012/04/10,0,241000,-143000,98000
2012/04/11,0,548000,-66000,482000
2012/04/12,0,89000,-105000,-16000
2012/04/13,0,31000,-756000,-725000
2012/04/16,0,472000,-64000,408000
2012/04/17,0,638000,-262000,376000
2012/04/18,0,89000,-222000,-133000
2012/04/19,0,177000,-654000,-477000
2012/04/20,0,4000,-518000,-514000
2012/04/23,0,102000,-110000,-8000
2012/04/24,0,20000,-173000,-153000
2012/04/25,0,216000,-368000,-152000
2012/04/26,0,182005,-142000,40005
2012/04/27,0,13000,-151080,-138080
2012/04/30,0,49000,-288000,-239000
2012/05/01,0,0,0,0
2012/05/02,0,136000,-218000,-82000
2012/05/03,0,1236000,-63000,1173000
2012/05/04,0,591000,-670000,-79000
2012/05/07,0,655000,-278000,377000
2012/05/08,0,699000,-455000,244000
2012/05/09,0,270000,-756889,-486889
2012/05/10,0,102000,-429000,-327000
2012/05/11,0,19000,-135000,-116000
2012/05/14,0,27000,-145000,-118000
2012/05/15,0,601000,-28000,573000
2012/05/16,0,912000,-489000,423000
2012/05/17,0,335000,-556000,-221000
2012/05/18,0,1206000,-517000,689000
2012/05/21,0,321000,-187000,134000
2012/05/22,0,180000,-132000,48000
2012/05/23,0,680000,-201000,479000
2012/05/24,0,385000,-181000,204000
2012/05/25,0,634000,-130000,504000
2012/05/28,0,79000,-27000,52000
2012/05/29,0,159000,-2066000,-1907000
2012/05/30,0,357000,-296000,61000
2012/05/31,0,373000,-580000,-207000
2012/06/01,0,369000,-158000,211000
2012/06/04,0,264000,-688000,-424000
2012/06/05,0,53000,-339000,-286000
2012/06/06,0,181000,-121000,60000
2012/06/07,0,16000,-115000,-99000
2012/06/08,0,322000,-125207,196793
2012/06/11,0,100000,-83000,17000
2012/06/12,0,591000,-30000,561000
2012/06/13,0,188000,-141000,47000
2012/06/14,0,158000,-91000,67000
2012/06/15,0,263000,-261000,2000
2012/06/18,0,534000,-304000,230000
2012/06/19,0,124000,-23000,101000
2012/06/20,0,264000,-207000,57000
2012/06/21,0,128000,-64000,64000
2012/06/22,0,3963740,-141000,3822740
2012/06/25,0,827000,-227000,600000
2012/06/26,0,831000,-227000,604000
2012/06/27,0,1815000,-453000,1362000
2012/06/28,0,480000,-1523000,-1043000
2012/06/29,0,153000,-206000,-53000
2012/07/02,0,170000,-574000,-404000
2012/07/03,0,96000,-1536000,-1440000
2012/07/04,0,440000,-2685000,-2245000
2012/07/05,0,142000,-413000,-271000
2012/07/06,0,329000,-157000,172000
2012/07/09,0,368000,-666000,-298000
2012/07/10,0,1326000,-443000,883000
2012/07/11,0,163000,-466000,-303000
2012/07/12,0,445000,-435000,10000
2012/07/13,0,685000,-142000,543000
2012/07/16,0,5000,-222000,-217000
2012/07/17,0,2085000,-768000,1317000
2012/07/18,0,1096000,-2055000,-959000
2012/07/19,0,599000,-868000,-269000
2012/07/20,0,295000,-497000,-202000
2012/07/23,0,527000,-450000,77000
2012/07/24,0,449000,-32000,417000
2012/07/25,0,46000,-346000,-300000
2012/07/26,0,222000,-364000,-142000
2012/07/27,0,187000,-1266000,-1079000
2012/07/30,0,276000,-184000,92000
2012/07/31,0,181000,-485000,-304000
2012/08/01,0,132000,-510000,-378000
2012/08/02,0,0,0,0
2012/08/03,0,31000,-525000,-494000
2012/08/06,0,392000,-144000,248000
2012/08/07,0,9000,-351000,-342000
2012/08/08,0,34000,-23000,11000
2012/08/09,0,473000,-191000,282000
2012/08/10,0,785000,-341000,444000
2012/08/13,0,306000,-159000,147000
2012/08/14,0,1536000,-525000,1011000
2012/08/15,0,167000,-1202000,-1035000
2012/08/16,0,144000,-368000,-224000
2012/08/17,0,306000,-149000,157000
2012/08/20,0,582000,-327000,255000
2012/08/21,0,184000,-157000,27000
2012/08/22,0,57000,-187000,-130000
2012/08/23,0,28000,-228000,-200000
2012/08/24,0,26000,-38000,-12000
2012/08/27,0,432000,-148000,284000
2012/08/28,0,32000,-33000,-1000
2012/08/29,0,63000,-328000,-265000
2012/08/30,0,457000,-645000,-188000
2012/08/31,0,868000,-71000,797000
2012/09/03,0,206000,-61000,145000
2012/09/04,0,450000,-248000,202000
2012/09/05,0,335000,-126000,209000
2012/09/06,0,105000,-44000,61000
2012/09/07,0,23000,-1209000,-1186000
2012/09/10,0,0,-215000,-215000
2012/09/11,0,539000,-77000,462000
2012/09/12,0,43000,-70000,-27000
2012/09/13,0,28000,-277000,-249000
2012/09/14,0,332000,-62000,270000
2012/09/17,0,440000,-444000,-4000
2012/09/18,0,344000,-43000,301000
2012/09/19,0,331000,-524000,-193000
2012/09/20,0,3092000,-1171000,1921000
2012/09/21,0,478000,-417000,61000
2012/09/24,0,49000,-225000,-176000
2012/09/25,0,203000,-126000,77000
2012/09/26,0,265000,-2905000,-2640000
2012/09/27,0,142000,-695000,-553000
2012/09/28,0,949000,-13000,936000
2012/10/01,0,120000,-75000,45000
2012/10/02,0,2887000,-1029000,1858000
2012/10/03,0,873000,-1816000,-943000
2012/10/04,0,543000,-302000,241000
2012/10/05,0,219000,-554000,-335000
2012/10/08,0,294000,-501000,-207000
2012/10/09,0,391000,-239000,152000
2012/10/10,0,0,0,0
2012/10/11,0,141000,-972000,-831000
2012/10/12,0,885000,-383000,502000
2012/10/15,0,152000,-197000,-45000
2012/10/16,0,267000,-227000,40000
2012/10/17,0,95000,-474000,-379000
2012/10/18,0,87000,-164000,-77000
2012/10/19,0,196000,-62000,134000
2012/10/22,0,116000,-817000,-701000
2012/10/23,0,385000,-416000,-31000
2012/10/24,0,207000,-177000,30000
2012/10/25,0,122000,-129000,-7000
2012/10/26,0,2595000,-936000,1659000
2012/10/29,0,759000,-278000,481000
2012/10/30,0,102000,-12000,90000
2012/10/31,0,337000,-164000,173000
2012/11/01,0,453000,-196000,257000
2012/11/02,0,568000,-770000,-202000
2012/11/05,0,162000,-44000,118000
2012/11/06,0,182000,-232000,-50000
2012/11/07,0,76000,-114000,-38000
2012/11/08,0,152000,-124000,28000
2012/11/09,0,257000,-99000,158000
2012/11/12,0,52000,-77000,-25000
2012/11/13,0,22000,-154000,-132000
2012/11/14,0,59000,-83000,-24000
2012/11/15,0,107000,-26000,81000
2012/11/16,0,85000,-96000,-11000
2012/11/19,0,396000,-41000,355000
2012/11/20,0,115000,-27000,88000
2012/11/21,0,215000,-148000,67000
2012/11/22,0,0,-504000,-504000
2012/11/23,0,184000,-154000,30000
2012/11/26,0,74000,-230000,-156000
2012/11/27,0,149000,-16000,133000
2012/11/28,0,825000,-9000,816000
2012/11/29,0,249000,-136000,113000
2012/11/30,0,555000,-60000,495000
2012/12/03,0,914000,-161000,753000
2012/12/04,0,965000,-173000,792000
2012/12/05,0,905000,-390000,515000
2012/12/06,0,228000,-445000,-217000
2012/12/07,0,48000,-275000,-227000
2012/12/10,0,299000,-64000,235000
2012/12/11,0,374000,-542000,-168000
2012/12/12,0,188000,-89000,99000
2012/12/13,0,323000,-87000,236000
2012/12/14,0,127000,-48000,79000
2012/12/17,0,240000,-19000,221000
2012/12/18,0,5000,-7000,-2000
2012/12/19,0,1301000,-152000,1149000
2012/12/20,0,405000,-422000,-17000
2012/12/21,0,124000,-924000,-800000
2012/12/24,0,100000,-112000,-12000
2012/12/25,0,378000,-100000,278000
2012/12/26,0,334000,-285000,49000
2012/12/27,0,229000,-515000,-286000
2012/12/28,0,17000,-510000,-493000
2012/12/31,0,0,0,0
2013/01/01,0,0,0,0
2013/01/02,0,588048,-244000,344048
2013/01/03,0,243000,-1096000,-853000
2013/01/04,0,345000,-477000,-132000
2013/01/07,0,407000,-627000,-220000
2013/01/08,0,435000,-442000,-7000
2013/01/09,0,1436000,-457000,979000
2013/01/10,0,2351000,-213000,2138000
2013/01/11,0,1651000,-3616000,-1965000
2013/01/14,0,1375000,-432000,943000
2013/01/15,0,592000,-722000,-130000
2013/01/16,0,1657000,-414000,1243000
2013/01/17,0,1906000,-1590000,316000
2013/01/18,0,1110000,-930000,180000
2013/01/21,0,1002000,-1587000,-585000
2013/01/22,0,549000,-493000,56000
2013/01/23,0,637000,-650000,-13000
2013/01/24,0,1032000,-720000,312000
2013/01/25,0,490000,-990352,-500352
2013/01/28,0,2324000,-1282000,1042000
2013/01/29,0,979000,-1854000,-875000
2013/01/30,0,1531000,-1711000,-180000
2013/01/31,0,494000,-286000,208000
2013/02/01,0,391000,-758000,-367000
2013/02/04,0,1240000,-962000,278000
2013/02/05,0,1564000,-1855000,-291000
2013/02/06,0,443000,-643000,-200000
2013/02/07,0,0,0,0
2013/02/08,0,0,0,0
2013/02/11,0,0,0,0
2013/02/12,0,0,0,0
2013/02/13,0,0,0,0
2013/02/14,0,0,0,0
2013/02/15,0,0,0,0
2013/02/18,0,711000,-579000,132000
2013/02/19,0,113000,-1766000,-1653000
2013/02/20,0,247000,-2087000,-1840000
2013/02/21,0,541000,-717000,-176000
2013/02/22,0,138000,-533000,-395000
2013/02/25,0,154000,-194000,-40000
2013/02/26,0,746000,-306000,440000
2013/02/27,0,303000,-258000,45000
2013/02/28,0,0,0,0
2013/03/01,0,385000,-363000,22000
2013/03/04,0,518000,-480000,38000
2013/03/05,0,804000,-111000,693000
2013/03/06,0,242000,-610000,-368000
2013/03/07,0,1551000,-635000,916000
2013/03/08,0,655000,-1908000,-1253000
2013/03/11,0,436000,-269000,167000
2013/03/12,0,104000,-230000,-126000
2013/03/13,0,778000,-99000,679000
2013/03/14,0,165000,-146000,19000
2013/03/15,0,1408000,-339000,1069000
2013/03/18,0,828000,-1308000,-480000
2013/03/19,0,137000,-93000,44000
2013/03/20,0,233000,-732000,-499000
2013/03/21,0,135000,-139000,-4000
2013/03/22,0,35000,-304000,-269000
2013/03/25,0,250000,-143000,107000
2013/03/26,0,70000,-159000,-89000
2013/03/27,0,101000,-104000,-3000
2013/03/28,0,582000,-145000,437000
2013/03/29,0,665000,-1679000,-1014000
2013/04/01,0,1168000,-137000,1031000
2013/04/02,0,207000,-173000,34000
2013/04/03,0,535000,-192000,343000
2013/04/04,0,0,0,0
2013/04/05,0,0,0,0
2013/04/08,0,1835000,-1208000,627000
2013/04/09,0,1695000,-2092000,-397000
2013/04/10,0,247000,-563000,-316000
2013/04/11,0,500000,-1460000,-960000
2013/04/12,0,80000,-1481000,-1401000
2013/04/15,0,473000,-80000,393000
2013/04/16,0,106013,-35000,71013
2013/04/17,0,341000,-907000,-566000
2013/04/18,0,306000,-91000,215000
2013/04/19,0,102000,-59000,43000
2013/04/22,0,157000,-71000,86000
2013/04/23,0,826000,-25000,801000
2013/04/24,0,915000,-26000,889000
2013/04/25,0,707000,-684000,23000
2013/04/26,0,207000,-437000,-230000
2013/04/29,0,36000,-38000,-2000
2013/04/30,0,1111000,-140000,971000
2013/05/01,0,0,0,0
2013/05/02,0,766000,-263000,503000
2013/05/03,0,274000,-9000,265000
2013/05/06,0,530000,-28000,502000
2013/05/07,0,265000,-181000,84000
2013/05/08,0,962000,-336000,626000
2013/05/09,0,226000,-291000,-65000
2013/05/10,0,707000,-318000,389000
2013/05/13,0,50000,-305000,-255000
2013/05/14,0,397000,-133000,264000
2013/05/15,0,408242,-148000,260242
2013/05/16,0,783000,-520000,263000
2013/05/17,0,294000,-1955000,-1661000
2013/05/20,0,452000,-283000,169000
2013/05/21,0,295000,-117000,178000
2013/05/22,0,1203000,-334000,869000
2013/05/23,0,543000,-1064000,-521000
2013/05/24,0,1198993,-682000,516993
2013/05/27,0,282000,-1104000,-822000
2013/05/28,0,268000,-1449000,-1181000
2013/05/29,0,248000,-745000,-497000
2013/05/30,0,119000,-418000,-299000
2013/05/31,0,210000,-405000,-195000
2013/06/03,0,330000,-148000,182000
2013/06/04,0,269000,-158000,111000
2013/06/05,0,261000,-135000,126000
2013/06/06,0,291000,-255000,36000
2013/06/07,0,367000,-188000,179000
2013/06/10,0,70000,-257000,-187000
2013/06/11,0,228000,-71000,157000
2013/06/12,0,0,0,0
2013/06/13,0,189000,-131000,58000
2013/06/14,0,98000,-460000,-362000
2013/06/17,0,122000,-55000,67000
2013/06/18,0,265000,-132000,133000
2013/06/19,0,180000,-198000,-18000
2013/06/20,0,141000,-138000,3000
2013/06/21,0,483000,-63000,420000
2013/06/24,0,56000,-254000,-198000
2013/06/25,0,299000,-286000,13000
2013/06/26,0,68000,-50000,18000
2013/06/27,0,155000,-371000,-216000
2013/06/28,0,115000,-89000,26000
2013/07/01,0,161000,-63000,98000
2013/07/02,0,403000,-219000,184000
2013/07/03,0,152000,-155000,-3000
2013/07/04,0,95000,-45000,50000
2013/07/05,0,108000,-171000,-63000
2013/07/08,0,576000,-251000,325000
2013/07/09,0,227000,-43000,184000
2013/07/10,0,71000,-142000,-71000
2013/07/11,0,393000,-49000,344000
2013/07/12,0,174000,-124000,50000
2013/07/15,0,596000,-120000,476000
2013/07/16,0,336000,-168000,168000
2013/07/17,0,213000,-327000,-114000
2013/07/18,0,68000,-32002,35998
2013/07/19,0,343000,-14000,329000
2013/07/22,0,442000,-87000,355000
2013/07/23,0,79000,-83327,-4327
2013/07/24,0,151000,-40000,111000
2013/07/25,0,81000,-6000,75000
2013/07/26,0,15000,-5000,10000
2013/07/29,0,167000,-81000,86000
2013/07/30,0,107000,-28000,79000
2013/07/31,0,281000,-182000,99000
2013/08/01,0,226000,-14000,212000
2013/08/02,0,164000,-1000,163000
2013/08/05,0,175000,-16000,159000
2013/08/06,0,117000,-129000,-12000
2013/08/07,0,310000,-199000,111000
2013/08/08,0,525000,-356000,169000
2013/08/09,0,635000,-608000,27000
2013/08/12,0,169000,-297000,-128000
2013/08/13,0,284000,-682000,-398000
2013/08/14,0,124000,-376000,-252000
2013/08/15,0,274000,-288000,-14000
2013/08/16,0,313000,-100000,213000
2013/08/19,0,160000,-3000,157000
2013/08/20,0,370000,-168000,202000
2013/08/21,0,0,0,0
2013/08/22,0,554000,-363000,191000
2013/08/23,0,168000,-40000,128000
2013/08/26,0,527000,-552000,-25000
2013/08/27,0,407000,-92000,315000
2013/08/28,0,682000,-680000,2000
2013/08/29,0,70000,-125000,-55000
2013/08/30,0,0,-45000,-45000
2013/09/02,0,294000,-40000,254000
2013/09/03,0,62000,-296000,-234000
2013/09/04,0,20000,-533000,-513000
2013/09/05,0,1489000,-1397000,92000
2013/09/06,0,235000,-1354000,-1119000
2013/09/09,0,145000,-581000,-436000
2013/09/10,0,562000,-386000,176000
2013/09/11,0,138992,-36000,102992
2013/09/12,0,12000,-2000,10000
2013/09/13,0,10000,-21000,-11000
2013/09/16,0,19000,-111000,-92000
2013/09/17,0,428000,-354000,74000
2013/09/18,0,451000,-160000,291000
2013/09/19,0,0,0,0
2013/09/20,0,0,0,0
2013/09/23,0,101000,-133000,-32000
2013/09/24,0,68000,-63000,5000
2013/09/25,0,61000,-61000,0
2013/09/26,0,30000,-10000,20000
2013/09/27,0,2185000,-659000,1526000
2013/09/30,0,301000,-1908000,-1607000
2013/10/01,0,1881000,-163000,1718000
2013/10/02,0,504000,-602000,-98000
2013/10/03,0,22000,-625000,-603000
2013/10/04,0,124000,-255000,-131000
2013/10/07,0,113000,-294000,-181000
2013/10/08,0,316000,-130000,186000
2013/10/09,0,240000,-359000,-119000
2013/10/10,0,0,0,0
2013/10/11,0,36000,-145000,-109000
2013/10/14,0,21000,-72000,-51000
2013/10/15,0,666000,-1159000,-493000
2013/10/16,0,61000,-326000,-265000
2013/10/17,0,0,-263000,-263000
2013/10/18,0,0,-323000,-323000
2013/10/21,0,0,-71000,-71000
2013/10/22,0,0,-40000,-40000
2013/10/23,0,419000,-46000,373000
2013/10/24,0,306000,-55000,251000
2013/10/25,0,70000,-127000,-57000
2013/10/28,0,376000,-50000,326000
2013/10/29,0,422000,-136000,286000
2013/10/30,0,95000,-11000,84000
2013/10/31,0,35000,-82000,-47000
2013/11/01,0,321000,-76000,245000
2013/11/04,0,569000,-73000,496000
2013/11/05,0,298000,-64000,234000
2013/11/06,0,53000,-56000,-3000
2013/11/07,0,198000,-93000,105000
2013/11/08,0,0,-253000,-253000
2013/11/11,0,274000,-11000,263000
2013/11/12,0,96000,-849000,-753000
2013/11/13,0,0,-261000,-261000
2013/11/14,0,223000,-8000,215000
2013/11/15,0,217000,-557000,-340000
2013/11/18,0,652000,-181000,471000
2013/11/19,0,273000,-66000,207000
2013/11/20,0,217000,-38000,179000
2013/11/21,0,136000,-139000,-3000
2013/11/22,0,75000,-373000,-298000
2013/11/25,0,3579000,-651000,2928000
2013/11/26,0,1757000,-2480000,-723000
2013/11/27,0,620000,-1007000,-387000
2013/11/28,0,540000,-1178000,-638000
2013/11/29,0,199000,-635000,-436000
2013/12/02,0,780000,-424000,356000
2013/12/03,0,159000,-164000,-5000
2013/12/04,0,1108000,-1231000,-123000
2013/12/05,0,369000,-517000,-148000
2013/12/06,0,249000,-496000,-247000
2013/12/09,0,128000,-160000,-32000
2013/12/10,0,428000,-160000,268000
2013/12/11,0,130000,-343000,-213000
2013/12/12,0,35000,-133000,-98000
2013/12/13,0,145000,-91000,54000
2013/12/16,0,961000,-132000,829000
2013/12/17,0,1100000,-448000,652000
2013/12/18,0,132000,-300000,-168000
2013/12/19,0,101000,-93000,8000
2013/12/20,0,5000,-150000,-145000
2013/12/23,0,208000,-348000,-140000
2013/12/24,0,423000,-20000,403000
2013/12/25,0,88000,-329000,-241000
2013/12/26,0,313000,-115000,198000
2013/12/27,0,409000,-91000,318000
2013/12/30,0,280000,-173000,107000
2013/12/31,0,315000,-509000,-194000
2014/01/02,0,172000,-410000,-238000
2014/01/03,0,3066000,-495000,2571000
2014/01/06,0,541000,-516000,25000
2014/01/07,0,371000,-490000,-119000
2014/01/08,0,636000,-436000,200000
2014/01/09,0,232000,-360000,-128000
2014/01/10,0,98000,-1068000,-970000
2014/01/13,0,208000,-18000,190000
2014/01/14,0,334000,-249000,85000
2014/01/15,0,105000,-131000,-26000
2014/01/16,0,515002,-1055000,-539998
2014/01/17,0,420000,-184000,236000
2014/01/20,0,243000,-546000,-303000
2014/01/21,0,200000,-664000,-464000
2014/01/22,0,0,-139000,-139000
2014/01/23,0,45000,-192000,-147000
2014/01/24,0,5000,-122000,-117000
2014/01/27,0,27000,-363000,-336000
2014/02/05,0,166000,-659000,-493000
2014/02/06,0,292000,-787000,-495000
2014/02/07,0,94000,-31000,63000
2014/02/10,0,243000,-151000,92000
2014/02/11,0,200000,-4000,196000
2014/02/12,0,262000,-8000,254000
2014/02/13,0,250000,-1005000,-755000
2014/02/14,0,44000,-280000,-236000
2014/02/17,0,107000,-53000,54000
2014/02/18,0,164000,-270000,-106000
2014/02/19,0,149000,-555000,-406000
2014/02/20,0,203000,-139000,64000
2014/02/21,0,289000,-241000,48000
2014/02/24,0,406000,-310000,96000
2014/02/25,0,228000,-215000,13000
2014/02/26,0,160000,-304000,-144000
2014/02/27,0,421000,-604000,-183000
2014/03/03,0,274000,-500000,-226000
2014/03/04,0,480000,-131000,349000
2014/03/05,0,377000,-113000,264000
2014/03/06,0,231000,-376000,-145000
2014/03/07,0,376000,-515000,-139000
2014/03/10,0,379000,-105000,274000
2014/03/11,0,656000,-237000,419000
2014/03/12,0,105000,-562000,-457000
2014/03/13,0,86000,-380000,-294000
2014/03/14,0,139000,-142000,-3000
2014/03/17,0,213000,-65000,148000
2014/03/18,0,212000,-111000,101000
2014/03/19,0,230000,-908000,-678000
2014/03/20,0,575000,-418000,157000
2014/03/21,0,191000,-484000,-293000
2014/03/24,0,270000,-157000,113000
2014/03/25,0,100000,-41000,59000
2014/03/26,0,432000,-294000,138000
2014/03/27,0,33000,-212000,-179000
2014/03/28,0,71000,-441000,-370000
2014/03/31,0,37000,-469000,-432000
2014/04/01,0,13000,-108000,-95000
2014/04/02,0,115000,-325000,-210000
2014/04/03,0,240000,-243000,-3000
2014/04/07,0,41000,-235000,-194000
2014/04/08,0,63000,-39000,24000
2014/04/09,0,30000,-45000,-15000
2014/04/10,0,580000,-33000,547000
2014/04/11,0,219000,-297000,-78000
2014/04/14,0,171000,-132000,39000
2014/04/15,0,115000,-144000,-29000
2014/04/16,0,473000,-108000,365000
2014/04/17,0,446000,-203000,243000
2014/04/18,0,634000,-167000,467000
2014/04/21,0,389000,-70000,319000
2014/04/22,0,465000,-147000,318000
2014/04/23,0,45991,-102000,-56009
2014/04/24,0,458000,-187000,271000
2014/04/25,0,269000,-673000,-404000
2014/04/28,0,713000,-460000,253000
2014/04/29,0,751000,-123000,628000
2014/04/30,0,115000,-475000,-360000
2014/05/02,0,188000,-181000,7000
2014/05/05,0,125000,-71000,54000
2014/05/06,0,126000,0,126000
2014/05/07,0,90000,-108220,-18220
2014/05/08,0,260000,-123000,137000
2014/05/09,0,170000,-103000,67000
2014/05/12,0,30000,-83000,-53000
2014/05/13,0,21000,-22000,-1000
2014/05/14,0,127000,-81000,46000
2014/05/15,0,45000,-52000,-7000
2014/05/16,0,76000,-559000,-483000
2014/05/19,0,484000,-300000,184000
2014/05/20,0,2000,-210000,-208000
2014/05/21,0,362000,-141000,221000
2014/05/22,0,453000,0,453000
2014/05/23,0,117000,-481000,-364000
2014/05/26,0,25000,-1400000,-1375000
2014/05/27,0,0,-681000,-681000
2014/05/28,0,0,-104000,-104000
2014/05/29,0,86000,-3000,83000
2014/05/30,0,17000,-121000,-104000
2014/06/03,0,158000,-170000,-12000
2014/06/04,0,22000,-95000,-73000
2014/06/05,0,45000,-44000,1000
2014/06/06,0,50000,-95000,-45000
2014/06/09,0,10000,-189000,-179000
2014/06/10,0,195000,-55000,140000
2014/06/11,0,0,-115000,-115000
2014/06/12,0,7000,-220000,-213000
2014/06/13,0,125000,-143000,-18000
2014/06/16,0,162000,-152000,10000
2014/06/17,0,86000,-49000,37000
2014/06/18,0,54000,-148000,-94000
2014/06/19,0,111000,-50000,61000
2014/06/20,0,50000,-34000,16000
2014/06/23,0,39000,-273000,-234000
2014/06/24,0,130000,-48000,82000
2014/06/25,0,0,0,0
2014/06/26,0,182000,-7000,175000
2014/06/27,0,63000,-30000,33000
2014/06/30,0,6000,-2000,4000
2014/07/01,0,68000,-138000,-70000
2014/07/02,0,91000,-50000,41000
2014/07/03,0,55000,-129000,-74000
2014/07/04,0,738000,-70000,668000
2014/07/07,0,71000,-303000,-232000
2014/07/08,0,38000,-142000,-104000
2014/07/09,0,117000,0,117000
2014/07/10,0,345000,-105000,240000
2014/07/11,0,140000,-148000,-8000
2014/07/14,0,3674000,-141000,3533000
2014/07/15,0,160000,-1796000,-1636000
2014/07/16,0,1273000,-1356000,-83000
2014/07/17,0,750000,-739000,11000
2014/07/18,0,95000,-92000,3000
2014/07/21,0,69000,-448000,-379000
2014/07/22,0,27000,-624000,-597000
2014/07/23,0,0,0,0
2014/07/24,0,0,-231000,-231000
2014/07/25,0,35000,-224000,-189000
2014/07/28,0,140000,-70000,70000
2014/07/29,0,162000,-223000,-61000
2014/07/30,0,2000,-103000,-101000
2014/07/31,0,158000,-139000,19000
2014/08/01,0,77000,-13000,64000
2014/08/04,0,0,-71000,-71000
2014/08/05,0,20000,-233000,-213000
2014/08/06,0,0,-49000,-49000
2014/08/07,0,17000,-80000,-63000
2014/08/08,0,35000,-110000,-75000
2014/08/11,0,64000,-60000,4000
2014/08/12,0,10000,-143000,-133000
2014/08/13,0,90000,-1000,89000
2014/08/14,0,83000,-115000,-32000
2014/08/15,0,118000,-14000,104000
2014/08/18,0,20000,-74000,-54000
2014/08/19,0,4000,0,4000
2014/08/20,0,1022000,-368000,654000
2014/08/21,0,137000,-472000,-335000
2014/08/22,0,318000,-496000,-178000
2014/08/25,0,1329000,-540000,789000
2014/08/26,0,33000,-559000,-526000
2014/08/27,0,4000,-159000,-155000
2014/08/28,0,0,-255000,-255000
2014/08/29,0,48000,-31000,17000
2014/09/01,0,0,-24000,-24000
2014/09/02,0,0,-28000,-28000
2014/09/03,0,532000,-14000,518000
2014/09/04,0,233000,-345000,-112000
2014/09/05,0,62000,-410000,-348000
2014/09/09,0,431000,-50000,381000
2014/09/10,0,339000,-25000,314000
2014/09/11,0,1321000,-394000,927000
2014/09/12,0,435000,-690000,-255000
2014/09/15,0,2799000,-736000,2063000
2014/09/16,0,301000,-546000,-245000
2014/09/17,0,325000,-502000,-177000
2014/09/18,0,1472000,-415000,1057000
2014/09/19,0,32000,-236000,-204000
2014/09/22,0,15000,-178288,-163288
2014/09/23,0,29000,-484233,-455233
2014/09/24,0,10000,-65000,-55000
2014/09/25,0,116000,-538000,-422000
2014/09/26,0,69000,-176000,-107000
2014/09/29,0,93000,-372000,-279000
2014/09/30,0,1936000,-72000,1864000
2014/10/01,0,757000,-584000,173000
2014/10/02,0,474000,-360000,114000
2014/10/03,0,522000,-498000,24000
2014/10/06,0,100000,-234000,-134000
2014/10/07,0,75000,-78000,-3000
2014/10/08,0,30000,-491000,-461000
2014/10/09,0,356000,-53000,303000
2014/10/13,0,1357000,-755000,602000
2014/10/14,0,1004000,-920000,84000
2014/10/15,0,4885766,-1897000,2988766
2014/10/16,0,2182000,-3164000,-982000
2014/10/17,0,984000,-2206000,-1222000
2014/10/20,0,634000,-426000,208000
2014/10/21,0,1151000,-1138000,13000
2014/10/22,0,2000000,-1419000,581000
2014/10/23,0,10726000,-2854000,7872000
2014/10/24,0,2179000,-9243000,-7064000
2014/10/27,0,1674000,-1586000,88000
2014/10/28,0,762000,-1211000,-449000
2014/10/29,0,1826000,-463000,1363000
2014/10/30,0,6084000,-2834000,3250000
2014/10/31,0,526000,-4557000,-4031000
2014/11/03,0,3503000,-1185000,2318000
2014/11/04,0,2693000,-3671000,-978000
2014/11/05,0,1487000,-2577000,-1090000
2014/11/06,0,977000,-1256000,-279000
2014/11/07,0,1808000,-1280000,528000
2014/11/10,0,897000,-2329000,-1432000
2014/11/11,0,289000,-1313000,-1024000
2014/11/12,0,1980000,-376000,1604000
2014/11/13,0,589000,-1779000,-1190000
2014/11/14,0,6150000,-1419000,4731000
2014/11/17,0,1238000,-3182000,-1944000
2014/11/18,0,2961000,-615000,2346000
2014/11/19,0,3597000,-483000,3114000
2014/11/20,0,471000,-1309000,-838000
2014/11/21,0,457000,-397000,60000
2014/11/24,0,583000,-183000,400000
2014/11/25,0,3052000,-2395000,657000
2014/11/26,0,724000,-2174000,-1450000
2014/11/27,0,1512000,-770000,742000
2014/11/28,0,4196000,-4842000,-646000
2014/12/01,0,4457000,-5581000,-1124000
2014/12/02,0,1225000,-2249000,-1024000
2014/12/03,0,7732000,-722000,7010000
2014/12/04,0,1775000,-7669000,-5894000
2014/12/05,0,1200000,-2176000,-976000
2014/12/08,0,3507000,-2370000,1137000
2014/12/09,0,2597000,-3004000,-407000
2014/12/10,0,3746000,-2104502,1641498
2014/12/11,0,2543000,-5657000,-3114000
2014/12/12,0,658000,-1090000,-432000
2014/12/15,0,1723000,-1884000,-161000
2014/12/16,0,196000,-860000,-664000
2014/12/17,0,4384000,-2849000,1535000
2014/12/18,0,2089000,-961000,1128000
2014/12/19,0,7346000,-1422000,5924000
2014/12/22,0,661000,-3015000,-2354000
2014/12/23,0,3360000,-1642000,1718000
2014/12/24,0,758000,-2315000,-1557000
2014/12/25,0,758000,-830000,-72000
2014/12/26,0,1301000,-1080000,221000
2014/12/29,0,1458000,-1941000,-483000
2014/12/30,0,1181000,-577000,604000
2014/12/31,0,4255000,-2516000,1739000
2015/01/01,0,0,0,0
2015/01/02,0,0,0,0
2015/01/05,0,5020000,-1656000,3364000
2015/01/06,0,2650000,-1755000,895000
2015/01/07,0,6420000,-2500000,3920000
2015/01/08,0,3190000,-8736000,-5546000
2015/01/09,0,8840000,-2186000,6654000
2015/01/12,0,1121000,-4720000,-3599000
2015/01/13,0,2334000,-4731000,-2397000
2015/01/14,0,1407000,-2643000,-1236000
2015/01/15,0,864000,-3317000,-2453000
2015/01/16,0,3833000,-2480012,1352988
2015/01/19,0,1704000,-1640000,64000
2015/01/20,0,1907000,-519000,1388000
2015/01/21,0,2027000,-1492000,535000
2015/01/22,0,881000,-889000,-8000
2015/01/23,0,1250000,-810000,440000
2015/01/26,0,1690000,-865000,825000
2015/01/27,0,412000,-1285000,-873000
2015/01/28,0,313000,-1495000,-1182000
2015/01/29,0,1601000,-1731000,-130000
2015/01/30,0,2540000,-537000,2003000
2015/02/02,0,394000,-4055000,-3661000
2015/02/03,0,1691000,-1446000,245000
2015/02/04,0,2997000,-1825010,1171990
2015/02/05,0,2322000,-2374796,-52796
2015/02/06,0,5208000,-4076000,1132000
2015/02/09,0,2044581,-3117000,-1072419
2015/02/10,0,3311000,-1523302,1787698
2015/02/11,0,1208000,-1821000,-613000
2015/02/12,0,1357000,-1755000,-398000
2015/02/13,0,226000,-3258000,-3032000
2015/02/16,0,0,0,0
2015/02/17,0,0,0,0
2015/02/18,0,0,0,0
2015/02/19,0,0,0,0
2015/02/20,0,0,0,0
2015/02/23,0,0,0,0
2015/02/24,0,495000,-1576000,-1081000
2015/02/25,0,3950000,-1404000,2546000
2015/02/26,0,1076000,-1805473,-729473
2015/02/27,0,0,0,0
2015/03/02,0,291000,-525000,-234000
2015/03/03,0,715000,-1854000,-1139000
2015/03/04,0,1577000,-5418000,-3841000
2015/03/05,0,1545271,-4934408,-3389137
2015/03/06,0,1714000,-2533729,-819729
2015/03/09,0,749000,-669000,80000
2015/03/10,0,216000,-1044000,-828000
2015/03/11,0,2019000,-779000,1240000
2015/03/12,0,1617000,-905147,711853
2015/03/13,0,9165000,-2243000,6922000
2015/03/16,0,877000,-3199000,-2322000
2015/03/17,0,5086000,-3411455,1674545
2015/03/18,0,2070000,-2770000,-700000
2015/03/19,0,710000,-1308000,-598000
2015/03/20,0,765000,-831000,-66000
2015/03/23,0,309000,-2778852,-2469852
2015/03/24,0,10251000,-1534000,8717000
2015/03/25,0,204000,-5631000,-5427000
2015/03/26,0,583000,-4157000,-3574000
2015/03/27,0,1170000,-2431000,-1261000
2015/03/30,0,1125000,-261000,864000
2015/03/31,0,10031000,-2252000,7779000
2015/04/01,0,4886000,-5727000,-841000
2015/04/02,0,1888000,-2876000,-988000
2015/04/03,0,0,0,0
2015/04/06,0,0,0,0
2015/04/07,0,8314000,-2929000,5385000
2015/04/08,0,329000,-4100000,-3771000
2015/04/09,0,5645000,-4893000,752000
2015/04/10,0,574000,-2771000,-2197000
2015/04/13,0,11649000,-2325000,9324000
2015/04/14,0,3936000,-5184000,-1248000
2015/04/15,0,2071000,-5745000,-3674000
2015/04/16,0,2963000,-4659000,-1696000
2015/04/17,0,1172000,-2427000,-1255000
2015/04/20,0,1100000,-4806000,-3706000
2015/04/21,0,2409000,-2326000,83000
2015/04/22,0,1275000,-2155000,-880000
2015/04/23,0,1939000,-924000,1015000
2015/04/24,0,3096000,-6703914,-3607914
2015/04/27,0,2529000,-2027000,502000
2015/04/28,0,7968000,-1655000,6313000
2015/04/29,0,713000,-5210000,-4497000
2015/04/30,0,757000,-1806000,-1049000
2015/05/01,0,0,0,0
2015/05/04,0,318000,-3091000,-2773000
2015/05/05,0,329000,-2272000,-1943000
2015/05/06,0,601000,-6207000,-5606000
2015/05/07,0,3589000,-800000,2789000
2015/05/08,0,2318000,-2681000,-363000
2015/05/11,0,673000,-594000,79000
2015/05/12,0,2156000,-382000,1774000
2015/05/13,0,1596000,-3132000,-1536000
2015/05/14,0,1707000,-328000,1379000
2015/05/15,0,2838000,-1699000,1139000
2015/05/18,0,947000,-4825000,-3878000
2015/05/19,0,3979000,-644000,3335000
2015/05/20,0,1523000,-2340527,-817527
2015/05/21,0,2617000,-4597407,-1980407
2015/05/22,0,2562000,-1477000,1085000
2015/05/25,0,3712000,-520000,3192000
2015/05/26,0,3263000,-3819000,-556000
2015/05/27,0,514000,-4671000,-4157000
2015/05/28,0,6584000,-1076000,5508000
2015/05/29,0,260000,-2297000,-2037000
2015/06/01,0,110000,-3072000,-2962000
2015/06/02,0,576000,-1558000,-982000
2015/06/03,0,1212830,-3166000,-1953170
2015/06/04,0,4364000,-1294000,3070000
2015/06/05,0,1055000,-1588000,-533000
2015/06/08,0,1100000,-3691000,-2591000
2015/06/09,0,2719000,-969000,1750000
2015/06/10,0,3855000,-4233000,-378000
2015/06/11,0,1308000,-2314000,-1006000
2015/06/12,0,824000,-696000,128000
2015/06/15,0,385000,-335000,50000
2015/06/16,0,2184000,-936000,1248000
2015/06/17,0,436000,-1658000,-1222000
2015/06/18,0,4359000,-1151000,3208000
2015/06/19,0,0,0,0
2015/06/22,0,1220000,-1363000,-143000
2015/06/23,0,230000,-2986000,-2756000
2015/06/24,0,543000,-417000,126000
2015/06/25,0,2926000,-1067000,1859000
2015/06/26,0,720000,-2367000,-1647000
2015/06/29,0,373000,-1375000,-1002000
2015/06/30,0,3278000,-480000,2798000
2015/07/01,0,691000,-2172000,-1481000
2015/07/02,0,7726000,-1846000,5880000
2015/07/03,0,816000,-5024000,-4208000
2015/07/06,0,3598000,-2436000,1162000
2015/07/07,0,4891000,-1908000,2983000
2015/07/08,0,560000,-5566000,-5006000
2015/07/09,0,1844000,-1551000,293000
2015/07/10,0,0,0,0
2015/07/13,0,552000,-672000,-120000
2015/07/14,0,585000,-597000,-12000
2015/07/15,0,2268000,-1629000,639000
2015/07/16,0,12505000,-2407000,10098000
2015/07/17,0,558000,-3887000,-3329000
2015/07/20,0,475000,-4420000,-3945000
2015/07/21,0,4653000,-4399000,254000
2015/07/22,0,863000,-4022000,-3159000
2015/07/23,0,1913000,-2690000,-777000
2015/07/24,0,1223000,-2029000,-806000
2015/07/27,0,625000,-2581000,-1956000
2015/07/28,0,7820000,-1574000,6246000
2015/07/29,0,1646000,-4913000,-3267000
2015/07/30,0,621000,-800000,-179000
2015/07/31,0,524000,-1282000,-758000
2015/08/03,0,699000,-2978000,-2279000
2015/08/04,0,5227996,-1238000,3989996
2015/08/05,0,1171000,-2903000,-1732000
2015/08/06,0,998000,-1377000,-379000
2015/08/07,0,1878000,-1440000,438000
2015/08/10,0,4722000,-2374000,2348000
2015/08/11,0,725000,-3981000,-3256000
2015/08/12,0,2043000,-1631000,412000
2015/08/13,0,1273000,-612000,661000
2015/08/14,0,1395000,-2404000,-1009000
2015/08/17,0,1234000,-4039000,-2805000
2015/08/18,0,3158000,-2981000,177000
2015/08/19,0,1941000,-1712000,229000
2015/08/20,0,3267000,-1572000,1695000
2015/08/21,0,2380000,-3034000,-654000
2015/08/24,0,492000,-2800000,-2308000
2015/08/25,0,842000,-745000,97000
2015/08/26,0,651000,-3128000,-2477000
2015/08/27,0,708000,-853000,-145000
2015/08/28,0,147000,-571000,-424000
2015/08/31,0,262000,-1051000,-789000
2015/09/01,0,1045000,-1102000,-57000
2015/09/02,0,1777000,-453000,1324000
2015/09/03,0,1126000,-652000,474000
2015/09/04,0,95000,-784000,-689000
2015/09/07,0,286000,-1397000,-1111000
2015/09/08,0,1974000,-430000,1544000
2015/09/09,0,1075000,-516000,559000
2015/09/10,0,473999,-626000,-152001
2015/09/11,0,786000,-722000,64000
2015/09/14,0,1805000,-572000,1233000
2015/09/15,0,789000,-1041000,-252000
2015/09/16,0,916000,-1179000,-263000
2015/09/17,0,315000,-332000,-17000
2015/09/18,0,476000,-380000,96000
2015/09/21,0,253000,-1417000,-1164000
2015/09/22,0,371000,-627000,-256000
2015/09/23,0,824000,-720000,104000
2015/09/24,0,110000,-1926000,-1816000
2015/09/25,0,707000,-383000,324000
2015/09/28,0,0,0,0
2015/09/29,0,0,0,0
2015/09/30,0,1102000,-517000,585000
2015/10/01,0,9326000,-1063000,8263000
2015/10/02,0,694000,-2101000,-1407000
2015/10/05,0,843000,-515000,328000
2015/10/06,0,643000,-154000,489000
2015/10/07,0,844000,-5073000,-4229000
2015/10/08,0,691000,-759000,-68000
2015/10/09,0,0,0,0
2015/10/12,0,302000,-249000,53000
2015/10/13,0,582000,-65000,517000
2015/10/14,0,114000,-242000,-128000
2015/10/15,0,1302000,-118000,1184000
2015/10/16,0,4009000,-563000,3446000
2015/10/19,0,326000,-2728000,-2402000
2015/10/20,0,286000,-795000,-509000
2015/10/21,0,182000,-1455000,-1273000
2015/10/22,0,6506000,-209000,6297000
2015/10/23,0,227000,-2758000,-2531000
2015/10/26,0,712000,-519000,193000
2015/10/27,0,473000,-416000,57000
2015/10/28,0,96000,-1053000,-957000
2015/10/29,0,216000,-2112620,-1896620
2015/10/30,0,2084000,-259000,1825000
2015/11/02,0,88000,-401000,-313000
2015/11/03,0,88000,-201000,-113000
2015/11/04,0,463000,-331000,132000
2015/11/05,0,2052000,-385000,1667000
2015/11/06,0,250000,-927000,-677000
2015/11/09,0,798000,-827000,-29000
2015/11/10,0,477000,-646000,-169000
2015/11/11,0,303000,-1667000,-1364000
2015/11/12,0,1271000,-169000,1102000
2015/11/13,0,276000,-3059000,-2783000
2015/11/16,0,1755000,-2601000,-846000
2015/11/17,0,931000,-551697,379303
2015/11/18,0,875000,-1155000,-280000
2015/11/19,0,207000,-303000,-96000
2015/11/20,0,244000,-397000,-153000
2015/11/23,0,58000,-359000,-301000
2015/11/24,0,633000,-862000,-229000
2015/11/25,0,327000,-240000,87000
2015/11/26,0,229000,-790628,-561628
2015/11/27,0,340000,-730000,-390000
2015/11/30,0,625000,-1781000,-1156000
2015/12/01,0,831000,-32000,799000
2015/12/02,0,1290000,-162000,1128000
2015/12/03,0,275000,-908000,-633000
2015/12/04,0,344000,-222000,122000
2015/12/07,0,328000,-70000,258000
2015/12/08,0,272000,-384000,-112000
2015/12/09,0,3441000,-58000,3383000
2015/12/10,0,4000,-1549000,-1545000
2015/12/11,0,80000,-1465000,-1385000
2015/12/14,0,470000,-319000,151000
2015/12/15,0,140000,-419000,-279000
2015/12/16,0,1849000,-649000,1200000
2015/12/17,0,466000,-912000,-446000
2015/12/18,0,4045000,-877000,3168000
2015/12/21,0,5321000,-2147000,3174000
2015/12/22,0,1298000,-5263000,-3965000
2015/12/23,0,1690000,-438000,1252000
2015/12/24,0,805000,-898000,-93000
2015/12/25,0,5422000,-539000,4883000
2015/12/28,0,666000,-2172000,-1506000
2015/12/29,0,715000,-720000,-5000
2015/12/30,0,804000,-361000,443000
2015/12/31,0,418000,-1541000,-1123000
2016/01/01,0,0,0,0
2016/01/04,0,226000,-3006000,-2780000
2016/01/05,0,1904000,-988000,916000
2016/01/06,0,2378000,-2741000,-363000
2016/01/07,0,900000,-1696000,-796000
2016/01/08,0,2203000,-512000,1691000
2016/01/11,0,258000,-3495000,-3237000
2016/01/12,0,1440000,-251000,1189000
2016/01/13,0,236000,-341000,-105000
2016/01/14,0,640000,-317000,323000
2016/01/15,0,226000,-2095000,-1869000
2016/01/18,0,3196000,-158000,3038000
2016/01/19,0,869000,-2868000,-1999000
2016/01/20,0,127000,-3982000,-3855000
2016/01/21,0,894000,-658000,236000
2016/01/22,0,306000,-742000,-436000
2016/01/25,0,157000,-301000,-144000
2016/01/26,0,442000,-35000,407000
2016/01/27,0,315000,-290000,25000
2016/01/28,0,693000,-183000,510000
2016/01/29,0,1039000,-593000,446000
2016/02/01,0,75000,-1251000,-1176000
2016/02/02,0,429000,-322000,107000
2016/02/03,0,154000,-259000,-105000
2016/02/04,0,0,0,0
2016/02/05,0,0,0,0
2016/02/08,0,0,0,0
2016/02/09,0,0,0,0
2016/02/10,0,0,0,0
2016/02/11,0,0,0,0
2016/02/12,0,0,0,0
2016/02/15,0,979000,-602000,377000
2016/02/16,0,427000,-1310000,-883000
2016/02/17,0,1273000,-371000,902000
2016/02/18,0,138000,-466000,-328000
2016/02/19,0,188000,-113000,75000
2016/02/22,0,5503000,-928000,4575000
2016/02/23,0,273000,-2538000,-2265000
2016/02/24,0,183000,-725000,-542000
2016/02/25,0,721000,-947000,-226000
2016/02/26,0,592000,-610000,-18000
2016/02/29,0,0,0,0
2016/03/01,0,217000,-194000,23000
2016/03/02,0,4210000,-403000,3807000
2016/03/03,0,405000,-2302000,-1897000
2016/03/04,0,565000,-746000,-181000
2016/03/07,0,92000,-192000,-100000
2016/03/08,0,3464000,-346000,3118000
2016/03/09,0,136000,-1374000,-1238000
2016/03/10,0,145000,-929000,-784000
2016/03/11,0,111000,-519000,-408000
2016/03/14,0,57000,-1222000,-1165000
2016/03/15,0,159000,-2892000,-2733000
2016/03/16,0,1186000,-1925000,-739000
2016/03/17,0,23000,-1447000,-1424000
2016/03/18,0,83000,-109000,-26000
2016/03/21,0,172000,-48000,124000
2016/03/22,0,1000,-948000,-947000
2016/03/23,0,152000,-202000,-50000
2016/03/24,0,1729000,-627000,1102000
2016/03/25,0,29000,-602000,-573000
2016/03/28,0,93000,-144000,-51000
2016/03/29,0,771000,-1001000,-230000
2016/03/30,0,582000,-88000,494000
2016/03/31,0,341000,-170239,170761
2016/04/01,0,131000,-565000,-434000
2016/04/04,0,0,0,0
2016/04/05,0,0,0,0
2016/04/06,0,108000,-472000,-364000
2016/04/07,0,60000,-193000,-133000
2016/04/08,0,27000,-39000,-12000
2016/04/11,0,48000,-9000,39000
2016/04/12,0,319000,-278000,41000
2016/04/13,0,84000,-605000,-521000
2016/04/14,0,200000,-259000,-59000
2016/04/15,0,420000,-297000,123000
2016/04/18,0,119000,-213000,-94000
2016/04/19,0,128000,-372000,-244000
2016/04/20,0,88000,-1264000,-1176000
2016/04/21,0,100000,-174000,-74000
2016/04/22,0,54000,-117000,-63000
2016/04/25,0,867000,-60000,807000
2016/04/26,0,225000,-217000,8000
2016/04/27,0,362000,-137000,225000
2016/04/28,0,101000,-712000,-611000
2016/04/29,0,242000,-291000,-49000
2016/05/02,0,0,0,0
2016/05/03,0,260000,-14000,246000
2016/05/04,0,0,-831000,-831000
2016/05/05,0,191000,-517000,-326000
2016/05/06,0,924000,-90000,834000
2016/05/09,0,233000,-61000,172000
2016/05/10,0,315000,-45000,270000
2016/05/11,0,384000,-31000,353000
2016/05/12,0,55000,-248000,-193000
2016/05/13,0,145000,-77000,68000
2016/05/16,0,349000,-963000,-614000
2016/05/17,0,871000,-749000,122000
2016/05/18,0,242000,-353000,-111000
2016/05/19,0,422000,-44000,378000
2016/05/20,0,1308000,-77000,1231000
2016/05/23,0,444000,-709000,-265000
2016/05/24,0,363000,-125000,238000
2016/05/25,0,346000,-121000,225000
2016/05/26,0,1099000,-214000,885000
2016/05/27,0,42000,-1224000,-1182000
2016/05/30,0,49000,-1151000,-1102000
2016/05/31,0,156000,-645000,-489000
2016/06/01,0,22000,-189000,-167000
2016/06/02,0,146000,-329000,-183000
2016/06/03,0,178000,-28000,150000
2016/06/06,0,95000,-1054000,-959000
2016/06/07,0,252000,-293000,-41000
2016/06/08,0,520000,-40000,480000
2016/06/09,0,0,0,0
2016/06/10,0,0,0,0
2016/06/13,0,47000,-404000,-357000
2016/06/14,0,237000,-132000,105000
2016/06/15,0,79000,-538000,-459000
2016/06/16,0,209000,-285000,-76000
2016/06/17,0,343000,-100000,243000
2016/06/20,0,114000,-324000,-210000
2016/06/21,0,68000,-97000,-29000
2016/06/22,0,3553000,-17000,3536000
2016/06/23,0,164000,-1972000,-1808000
2016/06/24,0,264000,-1331000,-1067000
2016/06/27,0,52000,-572000,-520000
2016/06/28,0,427000,-64000,363000
2016/06/29,0,76000,-439000,-363000
2016/06/30,0,377000,-259000,118000
2016/07/01,0,108000,-62000,46000
2016/07/04,0,187000,-325000,-138000
2016/07/05,0,662000,-120000,542000
2016/07/06,0,130000,-1119000,-989000
2016/07/07,0,441000,-86000,355000
2016/07/08,0,0,0,0
2016/07/11,0,966000,-82000,884000
2016/07/12,0,819000,-536000,283000
2016/07/13,0,164000,-437000,-273000
2016/07/14,0,6174000,-432000,5742000
2016/07/15,0,3400000,-4678000,-1278000
2016/07/18,0,41000,-1500000,-1459000
2016/07/19,0,228000,-199000,29000
2016/07/20,0,724000,-155000,569000
2016/07/21,0,588000,-454000,134000
2016/07/22,0,100000,-1111000,-1011000
2016/07/25,0,128000,-2269000,-2141000
2016/07/26,0,414000,-76000,338000
2016/07/27,0,238000,-667000,-429000
2016/07/28,0,96000,-1066000,-970000
2016/07/29,0,67000,-373000,-306000
2016/08/01,0,1113000,-312000,801000
2016/08/02,0,136000,-693000,-557000
2016/08/03,0,18000,-308000,-290000
2016/08/04,0,505000,-131000,374000
2016/08/05,0,80000,-557000,-477000
2016/08/08,0,11000,-271000,-260000
2016/08/09,0,97000,-99000,-2000
2016/08/10,0,40000,-150000,-110000
2016/08/11,0,19000,-218000,-199000
2016/08/12,0,95000,-457000,-362000
2016/08/15,0,93000,-40000,53000
2016/08/16,0,2000,-231612,-229612
2016/08/17,0,566000,-271000,295000
2016/08/18,0,772000,-269000,503000
2016/08/19,0,163000,-237000,-74000
2016/08/22,0,190000,-192000,-2000
2016/08/23,0,6364000,-36643,6327357
2016/08/24,0,148000,-5000000,-4852000
2016/08/25,0,255000,-1110000,-855000
2016/08/26,0,670000,-179000,491000
2016/08/29,0,12000,-661000,-649000
2016/08/30,0,2000,-406000,-404000
2016/08/31,0,64000,-101000,-37000
2016/09/01,0,431000,-224000,207000
2016/09/02,0,284100,-675000,-390900
2016/09/05,0,39000,-349000,-310000
2016/09/06,0,1486000,-27000,1459000
2016/09/07,0,473000,-846000,-373000
2016/09/08,0,36000,-551000,-515000
2016/09/09,0,225000,-210000,15000
2016/09/12,0,232000,-18000,214000
2016/09/13,0,61000,-301676,-240676
2016/09/14,0,63000,-342000,-279000
2016/09/15,0,0,0,0
2016/09/16,0,0,0,0
2016/09/19,0,1064000,-180000,884000
2016/09/20,0,22000,-716000,-694000
2016/09/21,0,911000,-408000,503000
2016/09/22,0,72000,-991550,-919550
2016/09/23,0,42000,-108000,-66000
2016/09/26,0,16000,-41700,-25700
2016/09/27,0,0,0,0
2016/09/28,0,0,0,0
2016/09/29,0,232000,-192000,40000
2016/09/30,0,55000,-190000,-135000
2016/10/03,0,128000,-93800,34200
2016/10/04,0,1000,-61000,-60000
2016/10/05,0,77000,-67000,10000
2016/10/06,0,75000,-37000,38000
2016/10/07,0,102000,-90000,12000
2016/10/10,0,0,0,0
2016/10/11,0,41000,-256000,-215000
2016/10/12,0,327000,-46000,281000
2016/10/13,0,339000,-194000,145000
2016/10/14,0,23000,-139000,-116000
2016/10/17,0,56000,-103000,-47000
2016/10/18,0,53000,-152000,-99000
2016/10/19,0,1000,-326000,-325000
2016/10/20,0,50000,-129000,-79000
2016/10/21,0,11000,-50000,-39000
2016/10/24,0,371000,-284000,87000
2016/10/25,0,50000,-178000,-128000
2016/10/26,0,20000,-110000,-90000
2016/10/27,0,4400000,-48000,4352000
2016/10/28,0,81000,-2012000,-1931000
2016/10/31,0,773000,-1605000,-832000
2016/11/01,0,152000,-722000,-570000
2016/11/02,0,253000,-631000,-378000
2016/11/03,0,103000,-190000,-87000
2016/11/04,0,272000,-21000,251000
2016/11/07,0,49000,-93000,-44000
2016/11/08,0,1372000,-190000,1182000
2016/11/09,0,66000,-1468000,-1402000
2016/11/10,0,161000,-160000,1000
2016/11/11,0,85000,-233000,-148000
2016/11/14,0,497000,-368000,129000
2016/11/15,0,583000,-151000,432000
2016/11/16,0,112000,-186000,-74000
2016/11/17,0,2130000,-467000,1663000
2016/11/18,0,99000,-1243000,-1144000
2016/11/21,0,1019000,-264000,755000
2016/11/22,0,2484000,-1391000,1093000
2016/11/23,0,145000,-1495000,-1350000
2016/11/24,0,2430000,-459000,1971000
2016/11/25,0,175000,-1745000,-1570000
2016/11/28,0,330000,-335492,-5492
2016/11/29,0,245000,-290000,-45000
2016/11/30,0,250000,-202000,48000
2016/12/01,0,119000,-1168000,-1049000
2016/12/02,0,114000,-139000,-25000
2016/12/05,0,216000,-350000,-134000
2016/12/06,0,175000,-120000,55000
2016/12/07,0,288000,-164000,124000
2016/12/08,0,1127000,-230000,897000
2016/12/09,0,176000,-677497,-501497
2016/12/12,0,114000,-468000,-354000
2016/12/13,0,65000,-155000,-90000
2016/12/14,0,70000,-155000,-85000
2016/12/15,0,571000,-10000,561000
2016/12/16,0,55000,-415000,-360000
2016/12/19,0,347000,-8000,339000
2016/12/20,0,248000,-480000,-232000
2016/12/21,0,60000,-353000,-293000
2016/12/22,0,66000,-32000,34000
2016/12/23,0,5000,-102000,-97000
2016/12/26,0,78000,-323000,-245000
2016/12/27,0,85000,-461000,-376000
2016/12/28,0,44000,-97000,-53000
2016/12/29,0,75000,-367000,-292000
2016/12/30,0,17000,-105000,-88000
2017/01/02,0,0,0,0
2017/01/03,0,224000,0,224000
2017/01/04,0,30000,-13000,17000
2017/01/05,0,687000,-203000,484000
2017/01/06,0,74000,-573000,-499000
2017/01/09,0,313000,-121000,192000
2017/01/10,0,171000,-139000,32000
2017/01/11,0,1375000,-330000,1045000
2017/01/12,0,58000,-1091000,-1033000
2017/01/13,0,61000,-79000,-18000
2017/01/16,0,78000,-129000,-51000
2017/01/17,0,284000,-271000,13000
2017/01/18,0,39000,-498000,-459000
2017/01/19,0,116000,-149000,-33000
2017/01/20,0,225000,-402000,-177000
2017/01/23,0,271000,-61000,210000
2017/01/24,0,201000,-117000,84000
2017/01/25,0,0,0,0
2017/01/26,0,0,0,0
2017/01/27,0,0,0,0
2017/01/30,0,0,0,0
2017/01/31,0,0,0,0
2017/02/01,0,0,0,0
2017/02/02,0,23000,-61000,-38000
2017/02/03,0,12000,-545000,-533000
2017/02/06,0,647000,-42000,605000
2017/02/07,0,379000,-551000,-172000
2017/02/08,0,673000,-265000,408000
2017/02/09,0,12000,-579000,-567000
2017/02/10,0,613000,-227000,386000
2017/02/13,0,5000,-464000,-459000
2017/02/14,0,0,-133000,-133000
2017/02/15,0,1737000,-365000,1372000
2017/02/16,0,261000,-1091000,-830000
2017/02/17,0,753000,-678000,75000
2017/02/20,0,3464000,-397000,3067000
2017/02/21,0,154000,-1933000,-1779000
2017/02/22,0,813000,-383000,430000
2017/02/23,0,89000,-212000,-123000
2017/02/24,0,238000,-259000,-21000
2017/02/27,0,0,0,0
2017/02/28,0,0,0,0
2017/03/01,0,243000,-175000,68000
2017/03/02,0,269000,-326000,-57000
2017/03/03,0,813000,-148000,665000
2017/03/06,0,721000,-36000,685000
2017/03/07,0,653000,-147000,506000
2017/03/08,0,45000,-229000,-184000
2017/03/09,0,2226000,-111000,2115000
2017/03/10,0,454000,-1083000,-629000
2017/03/13,0,7966000,-688000,7278000
2017/03/14,0,2130000,-5582000,-3452000
2017/03/15,0,544000,-3489000,-2945000
2017/03/16,0,508000,-216000,292000
2017/03/17,0,1537000,-491000,1046000
2017/03/20,0,2878000,-690000,2188000
2017/03/21,0,74000,-1350000,-1276000
2017/03/22,0,644000,-238000,406000
2017/03/23,0,160000,-726000,-566000
2017/03/24,0,189000,-570000,-381000
2017/03/27,0,121000,-87000,34000
2017/03/28,0,576000,-396000,180000
2017/03/29,0,445000,-540000,-95000
2017/03/30,0,209000,-233000,-24000
2017/03/31,0,206000,-40000,166000
2017/04/03,0,0,0,0
2017/04/04,0,0,0,0
2017/04/05,0,50000,-2568000,-2518000
2017/04/06,0,129000,-438000,-309000
2017/04/07,0,200000,-59000,141000
2017/04/10,0,0,-429000,-429000
2017/04/11,0,129000,-3000,126000
2017/04/12,0,152000,-121000,31000
2017/04/13,0,74000,-48000,26000
2017/04/14,0,921000,-288000,633000
2017/04/17,0,8000,-1106000,-1098000
2017/04/18,0,283000,-377000,-94000
2017/04/19,0,11000,-1412000,-1401000
2017/04/20,0,111000,-28000,83000
2017/04/21,0,22000,-11000,11000
2017/04/24,0,19000,-74000,-55000
2017/04/25,0,969000,-14000,955000
2017/04/26,0,73000,-497000,-424000
2017/04/27,0,84000,-146000,-62000
2017/04/28,0,645000,-41000,604000
2017/05/01,0,0,0,0
2017/05/02,0,30000,-551000,-521000
2017/05/03,0,49000,-144000,-95000
2017/05/04,0,185000,-27000,158000
2017/05/05,0,571000,-116000,455000
2017/05/08,0,216000,-490000,-274000
2017/05/09,0,48000,-205480,-157480
2017/05/10,0,522000,-307000,215000
2017/05/11,0,15000,-550000,-535000
2017/05/12,0,451000,-179000,272000
2017/05/15,0,72000,-1831000,-1759000
2017/05/16,0,76000,-381000,-305000
2017/05/17,0,2000,-140000,-138000
2017/05/18,0,11000,-30000,-19000
2017/05/19,0,22000,-137000,-115000
2017/05/22,0,0,-409000,-409000
2017/05/23,0,301000,-19000,282000
2017/05/24,0,221000,-146000,75000
2017/05/25,0,127000,-223000,-96000
2017/05/26,0,221000,-100000,121000
2017/05/29,0,0,0,0
2017/05/30,0,0,0,0
2017/05/31,0,6000,-75000,-69000
2017/06/01,0,12000,-37000,-25000
2017/06/02,0,0,-63000,-63000
2017/06/05,0,0,-8000,-8000
2017/06/06,0,0,-10000,-10000
2017/06/07,0,10000,-86000,-76000
2017/06/08,0,239000,-1000,238000
2017/06/09,0,164000,-155000,9000
2017/06/12,0,1369000,-216000,1153000
2017/06/13,0,880000,-270000,610000
2017/06/14,0,49000,-848000,-799000
2017/06/15,0,215000,-61000,154000
2017/06/16,0,118000,-56000,62000
2017/06/19,0,2000,-103000,-101000
2017/06/20,0,125000,-14000,111000
2017/06/21,0,645000,-39000,606000
2017/06/22,0,2313000,-783000,1530000
2017/06/23,0,499000,-1231000,-732000
2017/06/26,0,1224000,-345000,879000
2017/06/27,0,249000,-530000,-281000
2017/06/28,0,714000,-535000,179000
2017/06/29,0,958000,-630000,328000
2017/06/30,0,772000,-381000,391000
2017/07/03,0,2263000,-1080000,1183000
2017/07/04,0,1540000,-1603000,-63000
2017/07/05,0,585000,-574000,11000
2017/07/06,0,298000,-152000,146000
2017/07/07,0,299000,-405000,-106000
2017/07/10,0,607000,-213000,394000
2017/07/11,0,670000,-591000,79000
2017/07/12,0,507000,-500000,7000
2017/07/13,0,372000,-249000,123000
2017/07/14,0,621000,-372000,249000
2017/07/17,0,2050000,-400000,1650000
2017/07/18,0,399000,-1044000,-645000
2017/07/19,0,121000,-986000,-865000
2017/07/20,0,134000,-165000,-31000
2017/07/21,0,312000,-326000,-14000
2017/07/24,0,31000,-216000,-185000
2017/07/25,0,129000,-284000,-155000
2017/07/26,0,22000,-598000,-576000
2017/07/27,0,398000,-201500,196500
2017/07/28,0,66000,-317000,-251000
2017/07/31,0,25000,-333000,-308000
2017/08/01,0,47000,-189000,-142000
2017/08/02,0,526000,-34000,492000
2017/08/03,0,243000,-392000,-149000
2017/08/04,0,122000,-198000,-76000
2017/08/07,0,192000,-34000,158000
2017/08/08,0,241000,-167000,74000
2017/08/09,0,86000,-233000,-147000
2017/08/10,0,613000,-307000,306000
2017/08/11,0,58000,-401000,-343000
2017/08/14,0,141000,-154000,-13000
2017/08/15,0,1623000,-119000,1504000
2017/08/16,0,2161000,-932000,1229000
2017/08/17,0,1002000,-1503000,-501000
2017/08/18,0,3391000,-1142000,2249000
