Date,Open,Buy,Sell,Total
2007/04/23,0,0,-64000,-64000
2007/04/24,0,0,-57000,-57000
2007/04/25,0,0,-101000,-101000
2007/04/26,0,0,-48000,-48000
2007/04/27,0,0,-56000,-56000
2007/04/30,0,0,-45000,-45000
2007/05/01,0,0,0,0
2007/05/02,0,8000,-115000,-107000
2007/05/03,0,0,-181000,-181000
2007/05/04,0,71000,-10000,61000
2007/05/07,0,0,-20000,-20000
2007/05/08,0,0,-133000,-133000
2007/05/09,0,60000,-133000,-73000
2007/05/10,0,0,-208000,-208000
2007/05/11,0,57000,-139000,-82000
2007/05/14,0,160000,-88000,72000
2007/05/15,0,21000,-30000,-9000
2007/05/16,0,0,-123000,-123000
2007/05/17,0,0,-237000,-237000
2007/05/18,0,0,-37000,-37000
2007/05/21,0,77000,-165000,-88000
2007/05/22,0,6000,-14000,-8000
2007/05/23,0,504000,-92000,412000
2007/05/24,0,19000,-66000,-47000
2007/05/25,0,0,-26000,-26000
2007/05/28,0,2000,-66000,-64000
2007/05/29,0,90000,-67000,23000
2007/05/30,0,58000,-17000,41000
2007/05/31,0,328000,-30000,298000
2007/06/01,0,76000,-102000,-26000
2007/06/04,0,3000,-56000,-53000
2007/06/05,0,4000,-88000,-84000
2007/06/06,0,10000,-121000,-111000
2007/06/07,0,700000,-22000,678000
2007/06/08,0,21000,-127000,-106000
2007/06/11,0,130000,-48000,82000
2007/06/12,0,146000,-80000,66000
2007/06/13,0,2000,-24000,-22000
2007/06/14,0,659000,-478000,181000
2007/06/15,0,59000,-56000,3000
2007/06/18,0,0,0,0
2007/06/19,0,0,0,0
2007/06/20,0,2492000,-419000,2073000
2007/06/21,0,1844000,-124000,1720000
2007/06/22,0,1104000,-2000,1102000
2007/06/25,0,599000,0,599000
2007/06/26,0,358000,-2152000,-1794000
2007/06/27,0,1565000,-101000,1464000
2007/06/28,0,1319000,-2200000,-881000
2007/06/29,0,1108000,-171000,937000
2007/07/02,0,546000,-130000,416000
2007/07/03,0,728000,-516000,212000
2007/07/04,0,430000,-110000,320000
2007/07/05,0,188000,-1810000,-1622000
2007/07/06,0,345000,-147000,198000
2007/07/09,0,1517000,-3452000,-1935000
2007/07/10,0,264000,-171000,93000
2007/07/11,0,15000,-66298,-51298
2007/07/12,0,623000,-90298,532702
2007/07/13,0,627000,-88000,539000
2007/07/16,0,1115000,-304589,810411
2007/07/17,0,891000,-336000,555000
2007/07/18,0,1232000,-649000,583000
2007/07/19,0,518000,-1112000,-594000
2007/07/20,0,141000,-529623,-388623
2007/07/23,0,100000,-448000,-348000
2007/07/24,0,164000,-409000,-245000
2007/07/25,0,140000,-1126000,-986000
2007/07/26,0,60000,-1244000,-1184000
2007/07/27,0,119000,-1661000,-1542000
2007/07/30,0,491000,-669000,-178000
2007/07/31,0,240000,-904000,-664000
2007/08/01,0,189000,-738000,-549000
2007/08/02,0,165000,-234000,-69000
2007/08/03,0,241000,-464000,-223000
2007/08/06,0,137000,-159000,-22000
2007/08/07,0,155000,-184000,-29000
2007/08/08,0,294000,-396000,-102000
2007/08/09,0,174000,-431000,-257000
2007/08/10,0,201000,-625712,-424712
2007/08/13,0,103000,-215000,-112000
2007/08/14,0,222000,-533000,-311000
2007/08/15,0,1050000,-349000,701000
2007/08/16,0,299000,-794000,-495000
2007/08/17,0,342000,-332000,10000
2007/08/20,0,375000,-20000,355000
2007/08/21,0,87000,-223000,-136000
2007/08/22,0,324000,-126000,198000
2007/08/23,0,202000,-500000,-298000
2007/08/24,0,255000,-246000,9000
2007/08/27,0,135000,-358000,-223000
2007/08/28,0,40000,-67000,-27000
2007/08/29,0,96000,-143000,-47000
2007/08/30,0,133000,-369000,-236000
2007/08/31,0,496000,-345000,151000
2007/09/03,0,140000,-275000,-135000
2007/09/04,0,378000,-365000,13000
2007/09/05,0,558000,-227000,331000
2007/09/06,0,426000,-310000,116000
2007/09/07,0,267000,-291000,-24000
2007/09/10,0,388000,-483000,-95000
2007/09/11,0,270000,-197000,73000
2007/09/12,0,249000,-223000,26000
2007/09/13,0,443000,-733000,-290000
2007/09/14,0,1653000,-274000,1379000
2007/09/17,0,147000,-307000,-160000
2007/09/18,0,0,0,0
2007/09/19,0,1090000,-504000,586000
2007/09/20,0,362000,-1161000,-799000
2007/09/21,0,860000,-357000,503000
2007/09/24,0,0,0,0
2007/09/25,0,0,0,0
2007/09/26,0,314000,-208000,106000
2007/09/27,0,104000,-133000,-29000
2007/09/28,0,397000,-386000,11000
2007/10/01,0,483000,-436000,47000
2007/10/02,0,1111000,-453000,658000
2007/10/03,0,5083000,-619000,4464000
2007/10/04,0,228000,-1252000,-1024000
2007/10/05,0,182000,-1770000,-1588000
2007/10/08,0,2151000,-518000,1633000
2007/10/09,0,1039000,-2369000,-1330000
2007/10/10,0,0,0,0
2007/10/11,0,1164000,-429000,735000
2007/10/12,0,3001000,-2629000,372000
2007/10/15,0,749000,-208000,541000
2007/10/16,0,1415000,-740000,675000
2007/10/17,0,662000,-1155000,-493000
2007/10/18,0,706000,-861000,-155000
2007/10/19,0,571000,-721000,-150000
2007/10/22,0,900000,-1593000,-693000
2007/10/23,0,476000,-633000,-157000
2007/10/24,0,652000,-112000,540000
2007/10/25,0,732000,-1509000,-777000
2007/10/26,0,1012000,-207000,805000
2007/10/29,0,1175000,-1250000,-75000
2007/10/30,0,311000,-478000,-167000
2007/10/31,0,352000,-561000,-209000
2007/11/01,0,567000,-428000,139000
2007/11/02,0,256000,-990000,-734000
2007/11/05,0,178000,-476000,-298000
2007/11/06,0,351000,-151000,200000
2007/11/07,0,290000,-558000,-268000
2007/11/08,0,554000,-2827000,-2273000
2007/11/09,0,620000,-414000,206000
2007/11/12,0,247000,-815000,-568000
2007/11/13,0,724000,-848000,-124000
2007/11/14,0,395000,-10000,385000
2007/11/15,0,103000,-701000,-598000
2007/11/16,0,30000,-735000,-705000
2007/11/19,0,290000,-50000,240000
2007/11/20,0,561000,-420000,141000
2007/11/21,0,74000,-597000,-523000
2007/11/22,0,127000,-95000,32000
2007/11/23,0,70000,-190000,-120000
2007/11/26,0,152000,-86000,66000
2007/11/27,0,495000,-137000,358000
2007/11/28,0,278000,-314000,-36000
2007/11/29,0,120000,-304000,-184000
2007/11/30,0,228000,0,228000
2007/12/03,0,19000,-295000,-276000
2007/12/04,0,374000,-115000,259000
2007/12/05,0,612000,-2000,610000
2007/12/06,0,771000,-30000,741000
2007/12/07,0,1087000,-36000,1051000
2007/12/10,0,110000,-613000,-503000
2007/12/11,0,157000,-15000,142000
2007/12/12,0,62000,-14000,48000
2007/12/13,0,849000,-106000,743000
2007/12/14,0,171000,-215000,-44000
2007/12/17,0,88000,-300000,-212000
2007/12/18,0,694000,-198000,496000
2007/12/19,0,3449000,-119000,3330000
2007/12/20,0,1632000,-1297000,335000
2007/12/21,0,100000,-1300000,-1200000
2007/12/24,0,991000,-80000,911000
2007/12/25,0,1327000,-653000,674000
2007/12/26,0,16000,-842000,-826000
2007/12/27,0,3189000,-49000,3140000
2007/12/28,0,30000,-4625000,-4595000
2007/12/31,0,78000,-801000,-723000
2008/01/01,0,0,0,0
2008/01/02,0,384000,-12000,372000
2008/01/03,0,607000,-509000,98000
2008/01/04,0,149000,-650000,-501000
2008/01/07,0,305000,-1632000,-1327000
2008/01/08,0,72000,-836000,-764000
2008/01/09,0,46000,-610000,-564000
2008/01/10,0,108000,-138000,-30000
2008/01/11,0,282000,-193000,89000
2008/01/14,0,2304000,-47000,2257000
2008/01/15,0,11045000,-2195000,8850000
2008/01/16,0,3428000,-1333000,2095000
2008/01/17,0,2248000,-2137000,111000
2008/01/18,0,1773000,-2549000,-776000
2008/01/21,0,1204000,-825000,379000
2008/01/22,0,319000,-2459000,-2140000
2008/01/23,0,700000,-2128000,-1428000
2008/01/24,0,819000,-352000,467000
2008/01/25,0,351000,-550000,-199000
2008/01/28,0,293000,-427000,-134000
2008/01/29,0,98000,-262000,-164000
2008/01/30,0,969000,-2746000,-1777000
2008/01/31,0,464000,-388000,76000
2008/02/01,0,730000,-6000,724000
2008/02/04,0,0,0,0
2008/02/05,0,0,0,0
2008/02/06,0,0,0,0
2008/02/07,0,0,0,0
2008/02/08,0,0,0,0
2008/02/11,0,0,0,0
2008/02/12,0,779000,-86000,693000
2008/02/13,0,286000,-34000,252000
2008/02/14,0,630000,-1125000,-495000
2008/02/15,0,381000,-652000,-271000
2008/02/18,0,73000,-132000,-59000
2008/02/19,0,1007000,-55000,952000
2008/02/20,0,55000,-448000,-393000
2008/02/21,0,293000,-1668000,-1375000
2008/02/22,0,470000,-820000,-350000
2008/02/25,0,1397000,-1985962,-588962
2008/02/26,0,371000,-2784000,-2413000
2008/02/27,0,202000,-1387060,-1185060
2008/02/28,0,0,0,0
2008/02/29,0,972000,-193000,779000
2008/03/03,0,454000,-42610,411390
2008/03/04,0,838000,-232000,606000
2008/03/05,0,1351000,-715000,636000
2008/03/06,0,598000,-8420,589580
2008/03/07,0,1134000,-317000,817000
2008/03/10,0,208000,-701154,-493154
2008/03/11,0,1620000,-247402,1372598
2008/03/12,0,856000,-720469,135531
2008/03/13,0,231000,-557639,-326639
2008/03/14,0,274000,-114008,159992
2008/03/17,0,680000,-23000,657000
2008/03/18,0,373000,-27000,346000
2008/03/19,0,1926000,-15000,1911000
2008/03/20,0,3015000,-436000,2579000
2008/03/21,0,1227000,-2112000,-885000
2008/03/24,0,1965000,-2833000,-868000
2008/03/25,0,4822000,-1130000,3692000
2008/03/26,0,5945000,-2134000,3811000
2008/03/27,0,2774000,-2961000,-187000
2008/03/28,0,879000,-614000,265000
2008/03/31,0,1028000,-615720,412280
2008/04/01,0,1652000,-577000,1075000
2008/04/02,0,671000,-1732000,-1061000
2008/04/03,0,2469000,-45000,2424000
2008/04/04,0,0,0,0
2008/04/07,0,2429000,-112000,2317000
2008/04/08,0,631000,-484000,147000
2008/04/09,0,1058000,-2342000,-1284000
2008/04/10,0,682000,-2821000,-2139000
2008/04/11,0,6495000,-3079000,3416000
2008/04/14,0,1956000,-2522298,-566298
2008/04/15,0,1278000,-527000,751000
2008/04/16,0,488000,-1616000,-1128000
2008/04/17,0,2041000,-1564000,477000
2008/04/18,0,1262000,-1492000,-230000
2008/04/21,0,3318000,-573000,2745000
2008/04/22,0,4182000,-416000,3766000
2008/04/23,0,1513000,-862000,651000
2008/04/24,0,2829000,-1069000,1760000
2008/04/25,0,402000,-1293000,-891000
2008/04/28,0,3765000,-1391000,2374000
2008/04/29,0,3392000,-5306000,-1914000
2008/04/30,0,1249000,-4641000,-3392000
2008/05/01,0,0,0,0
2008/05/02,0,1479000,-1546000,-67000
2008/05/05,0,558000,-933000,-375000
2008/05/06,0,1332000,-479000,853000
2008/05/07,0,630000,-119000,511000
2008/05/08,0,434000,-129000,305000
2008/05/09,0,631000,-237000,394000
2008/05/12,0,799000,-255000,544000
2008/05/13,0,469060,-273000,196060
2008/05/14,0,150000,-1967000,-1817000
2008/05/15,0,728000,-537000,191000
2008/05/16,0,577000,-1526000,-949000
2008/05/19,0,952000,-39000,913000
2008/05/20,0,986000,-3139000,-2153000
2008/05/21,0,154000,-393000,-239000
2008/05/22,0,383000,-307000,76000
2008/05/23,0,1710000,-3462000,-1752000
2008/05/26,0,284000,-796000,-512000
2008/05/27,0,1328000,-74000,1254000
2008/05/28,0,520000,-1844000,-1324000
2008/05/29,0,1445000,-2322000,-877000
2008/05/30,0,406000,-2350000,-1944000
2008/06/02,0,149000,-306000,-157000
2008/06/03,0,2473000,-502000,1971000
2008/06/04,0,339438,-422000,-82562
2008/06/05,0,1673000,-269000,1404000
2008/06/06,0,60000,-207000,-147000
2008/06/09,0,28000,-1927000,-1899000
2008/06/10,0,325000,-2959465,-2634465
2008/06/11,0,146000,-1611000,-1465000
2008/06/12,0,256000,-1350000,-1094000
2008/06/13,0,185000,-101000,84000
2008/06/16,0,103000,-430000,-327000
2008/06/17,0,302000,-68000,234000
2008/06/18,0,214000,-392000,-178000
2008/06/19,0,205000,-302000,-97000
2008/06/20,0,230000,-610000,-380000
2008/06/23,0,778000,-958000,-180000
2008/06/24,0,362000,-983000,-621000
2008/06/25,0,1210000,-2860000,-1650000
2008/06/26,0,280000,-424000,-144000
2008/06/27,0,326000,-3613000,-3287000
2008/06/30,0,566000,-1577000,-1011000
2008/07/01,0,926000,-169000,757000
2008/07/02,0,2574000,-4255000,-1681000
2008/07/03,0,3405000,-1529000,1876000
2008/07/04,0,154000,-525000,-371000
2008/07/07,0,17000,-650500,-633500
2008/07/08,0,503000,-312000,191000
2008/07/09,0,676000,-2607000,-1931000
2008/07/10,0,667000,-690000,-23000
2008/07/11,0,4392000,-554000,3838000
2008/07/14,0,33000,-2260000,-2227000
2008/07/15,0,245000,-537000,-292000
2008/07/16,0,304000,-382650,-78650
2008/07/17,0,33000,-664000,-631000
2008/07/18,0,400000,-387000,13000
2008/07/21,0,22000,0,22000
2008/07/22,0,591000,0,591000
2008/07/23,0,807000,-3000,804000
2008/07/24,0,364000,-73000,291000
2008/07/25,0,202000,-380000,-178000
2008/07/28,0,0,0,0
2008/07/29,0,281000,-80000,201000
2008/07/30,0,275000,-58000,217000
2008/07/31,0,484000,-247000,237000
2008/08/01,0,151000,-653000,-502000
2008/08/04,0,225000,-77000,148000
2008/08/05,0,295000,-227000,68000
2008/08/06,0,535000,-48000,487000
2008/08/07,0,43000,-203000,-160000
2008/08/08,0,473000,-8000,465000
2008/08/11,0,385000,-235000,150000
2008/08/12,0,15000,-651000,-636000
2008/08/13,0,163000,-198000,-35000
2008/08/14,0,271000,-84000,187000
2008/08/15,0,55000,-131000,-76000
2008/08/18,0,63000,-280000,-217000
2008/08/19,0,56000,-164496,-108496
2008/08/20,0,37000,-91000,-54000
2008/08/21,0,25000,-70000,-45000
2008/08/22,0,20000,-146000,-126000
2008/08/25,0,171000,-190000,-19000
2008/08/26,0,4000,-138000,-134000
2008/08/27,0,441000,-10000,431000
2008/08/28,0,242000,-66000,176000
2008/08/29,0,370000,-574000,-204000
2008/09/01,0,217000,-455000,-238000
2008/09/02,0,151192,-45000,106192
2008/09/03,0,301000,-101000,200000
2008/09/04,0,351000,-201000,150000
2008/09/05,0,177000,-320000,-143000
2008/09/08,0,21000,-2000,19000
2008/09/09,0,447000,-88080,358920
2008/09/10,0,754000,-237000,517000
2008/09/11,0,251000,-144000,107000
2008/09/12,0,800000,-193000,607000
2008/09/15,0,45000,-345496,-300496
2008/09/16,0,253000,-35000,218000
2008/09/17,0,1479000,-136000,1343000
2008/09/18,0,281000,-61000,220000
2008/09/19,0,872000,-194816,677184
2008/09/22,0,89000,-82000,7000
2008/09/23,0,186000,-113000,73000
2008/09/24,0,311000,-195000,116000
2008/09/25,0,100000,-52000,48000
2008/09/26,0,335000,-650000,-315000
2008/09/29,0,0,0,0
2008/09/30,0,34000,-95000,-61000
2008/10/01,0,238000,-890000,-652000
2008/10/02,0,356000,-13000,343000
2008/10/03,0,728000,-168000,560000
2008/10/06,0,84000,-411174,-327174
2008/10/07,0,815000,-80000,735000
2008/10/08,0,757000,-288000,469000
2008/10/09,0,1599000,-634000,965000
2008/10/10,0,0,0,0
2008/10/13,0,71000,-3000,68000
2008/10/14,0,314000,-272000,42000
2008/10/15,0,89000,-790000,-701000
2008/10/16,0,0,-77000,-77000
2008/10/17,0,609000,-287000,322000
2008/10/20,0,75000,-36226,38774
2008/10/21,0,307000,-84000,223000
2008/10/22,0,27000,-122000,-95000
2008/10/23,0,0,-9919,-9919
2008/10/24,0,0,-1000,-1000
2008/10/27,0,101000,-108000,-7000
2008/10/28,0,355000,-104000,251000
2008/10/29,0,366000,-131000,235000
2008/10/30,0,615000,-106000,509000
2008/10/31,0,1635000,-267000,1368000
2008/11/03,0,693000,-325866,367134
2008/11/04,0,155000,-497463,-342463
2008/11/05,0,1208000,-266000,942000
2008/11/06,0,95000,-2042000,-1947000
2008/11/07,0,3264000,-695000,2569000
2008/11/10,0,826000,-432000,394000
2008/11/11,0,577432,-994000,-416568
2008/11/12,0,198000,-340000,-142000
2008/11/13,0,227000,-882433,-655433
2008/11/14,0,86000,-98000,-12000
2008/11/17,0,142000,-358941,-216941
2008/11/18,0,224000,-468000,-244000
2008/11/19,0,407000,-543000,-136000
2008/11/20,0,312000,-326000,-14000
2008/11/21,0,458000,-357000,101000
2008/11/24,0,228000,-165000,63000
2008/11/25,0,382000,-36000,346000
2008/11/26,0,239000,-348000,-109000
2008/11/27,0,202000,-445000,-243000
2008/11/28,0,452000,-25000,427000
2008/12/01,0,719000,-18000,701000
2008/12/02,0,59000,-727000,-668000
2008/12/03,0,302000,-127000,175000
2008/12/04,0,212000,-627886,-415886
2008/12/05,0,125000,-177000,-52000
2008/12/08,0,1508000,-45000,1463000
2008/12/09,0,422000,-36000,386000
2008/12/10,0,773000,-186300,586700
2008/12/11,0,107000,-734000,-627000
2008/12/12,0,63000,-760000,-697000
2008/12/15,0,611000,-175000,436000
2008/12/16,0,509000,-158000,351000
2008/12/17,0,40000,-288000,-248000
2008/12/18,0,65000,-166000,-101000
2008/12/19,0,195000,-284000,-89000
2008/12/22,0,96000,-273000,-177000
2008/12/23,0,138000,-711000,-573000
2008/12/24,0,150000,-134000,16000
2008/12/25,0,44000,-123000,-79000
2008/12/26,0,65000,-114000,-49000
2008/12/29,0,217000,-6000,211000
2008/12/30,0,534000,-10000,524000
2008/12/31,0,69000,-223000,-154000
2009/01/01,0,0,0,0
2009/01/02,0,0,0,0
2009/01/05,0,211000,-152957,58043
2009/01/06,0,98000,-40000,58000
2009/01/07,0,53000,-110000,-57000
2009/01/08,0,274000,-78000,196000
2009/01/09,0,175000,-169000,6000
2009/01/12,0,132000,-141000,-9000
2009/01/13,0,46000,-333000,-287000
2009/01/14,0,193000,-99112,93888
2009/01/15,0,69000,-179000,-110000
2009/01/16,0,160000,-9000,151000
2009/01/19,0,32000,-36376,-4376
2009/01/20,0,349416,-1000,348416
2009/01/21,0,340000,-26000,314000
2009/01/22,0,0,0,0
2009/01/23,0,0,0,0
2009/01/26,0,0,0,0
2009/01/27,0,0,0,0
2009/01/28,0,0,0,0
2009/01/29,0,0,0,0
2009/01/30,0,0,0,0
2009/02/02,0,15000,-66994,-51994
2009/02/03,0,30000,-159000,-129000
2009/02/04,0,133000,0,133000
2009/02/05,0,92000,-10000,82000
2009/02/06,0,37000,-89000,-52000
2009/02/09,0,55000,-211000,-156000
2009/02/10,0,222000,-165000,57000
2009/02/11,0,113276,-157335,-44059
2009/02/12,0,99000,-348000,-249000
2009/02/13,0,178000,-82000,96000
2009/02/16,0,2000,-54000,-52000
2009/02/17,0,110000,-240000,-130000
2009/02/18,0,51000,-128000,-77000
2009/02/19,0,98000,-234000,-136000
2009/02/20,0,639000,-27000,612000
2009/02/23,0,364000,-84000,280000
2009/02/24,0,608000,-81000,527000
2009/02/25,0,854000,-218000,636000
2009/02/26,0,967000,-282000,685000
2009/02/27,0,534000,-86000,448000
2009/03/02,0,937000,-285000,652000
2009/03/03,0,942000,-252000,690000
2009/03/04,0,457000,-144000,313000
2009/03/05,0,107000,-138000,-31000
2009/03/06,0,99000,-154000,-55000
2009/03/09,0,152000,-1128000,-976000
2009/03/10,0,116000,-8000,108000
2009/03/11,0,560000,-445000,115000
2009/03/12,0,229000,-154000,75000
2009/03/13,0,1180000,-5371,1174629
2009/03/16,0,731000,-643000,88000
2009/03/17,0,848000,-1764000,-916000
2009/03/18,0,584000,-337000,247000
2009/03/19,0,2156000,-555000,1601000
2009/03/20,0,420000,-636000,-216000
2009/03/23,0,799000,-63000,736000
2009/03/24,0,1137000,-1362000,-225000
2009/03/25,0,569000,-740000,-171000
2009/03/26,0,378000,-1363000,-985000
2009/03/27,0,802000,-1454000,-652000
2009/03/30,0,439000,-3321000,-2882000
2009/03/31,0,933000,-335000,598000
2009/04/01,0,1578000,-223000,1355000
2009/04/02,0,4011000,-4667371,-656371
2009/04/03,0,3635000,-3953000,-318000
2009/04/06,0,645000,-3590000,-2945000
2009/04/07,0,262000,-705000,-443000
2009/04/08,0,1030000,-1812000,-782000
2009/04/09,0,1348000,-1431000,-83000
2009/04/10,0,1894000,-1784000,110000
2009/04/13,0,662038,-1387000,-724962
2009/04/14,0,609000,-890000,-281000
2009/04/15,0,442000,-850000,-408000
2009/04/16,0,3722000,-667000,3055000
2009/04/17,0,1248000,-2514367,-1266367
2009/04/20,0,1547000,-964000,583000
2009/04/21,0,1150000,-497000,653000
2009/04/22,0,287000,-1571000,-1284000
2009/04/23,0,424000,-982000,-558000
2009/04/24,0,1122000,-1498000,-376000
2009/04/27,0,672000,-1709000,-1037000
2009/04/28,0,1435000,-2457000,-1022000
2009/04/29,0,997000,-423000,574000
2009/04/30,0,105000,-923000,-818000
2009/05/01,0,0,0,0
2009/05/04,0,915000,-787000,128000
2009/05/05,0,1146000,-514000,632000
2009/05/06,0,1798000,-708141,1089859
2009/05/07,0,685000,-2116000,-1431000
2009/05/08,0,1647000,-630000,1017000
2009/05/11,0,611000,-721000,-110000
2009/05/12,0,766000,-662000,104000
2009/05/13,0,661000,-695000,-34000
2009/05/14,0,278000,-880000,-602000
2009/05/15,0,467000,-641000,-174000
2009/05/18,0,105000,-732000,-627000
2009/05/19,0,3321000,-1549000,1772000
2009/05/20,0,2795000,-2976000,-181000
2009/05/21,0,1975000,-1714000,261000
2009/05/22,0,1741000,-1207364,533636
2009/05/25,0,806000,-1242000,-436000
2009/05/26,0,552000,-1241000,-689000
2009/05/27,0,1975000,-1059000,916000
2009/05/28,0,0,0,0
2009/05/29,0,0,0,0
2009/06/01,0,947000,-1332380,-385380
2009/06/02,0,1427000,-1699000,-272000
2009/06/03,0,1784000,-1167000,617000
2009/06/04,0,579000,-979000,-400000
2009/06/05,0,871000,-292000,579000
2009/06/08,0,947000,-1105000,-158000
2009/06/09,0,3025000,-910000,2115000
2009/06/10,0,598000,-239702,358298
2009/06/11,0,437000,-1592000,-1155000
2009/06/12,0,363000,-1284000,-921000
2009/06/15,0,826000,-1063000,-237000
2009/06/16,0,1028000,-538000,490000
2009/06/17,0,393000,-1517000,-1124000
2009/06/18,0,596000,-326000,270000
2009/06/19,0,215000,-238000,-23000
2009/06/22,0,307000,-961000,-654000
2009/06/23,0,488000,-76000,412000
2009/06/24,0,1494000,-2559000,-1065000
2009/06/25,0,985000,-1104000,-119000
2009/06/26,0,314000,-260000,54000
2009/06/29,0,470000,-950000,-480000
2009/06/30,0,687000,-769000,-82000
2009/07/01,0,1510000,-260000,1250000
2009/07/02,0,1162000,-715000,447000
2009/07/03,0,183000,-1149000,-966000
2009/07/06,0,85000,-1178000,-1093000
2009/07/07,0,321000,-640000,-319000
2009/07/08,0,336000,-240000,96000
2009/07/09,0,2066000,-408000,1658000
2009/07/10,0,295000,-256000,39000
2009/07/13,0,1235000,-914000,321000
2009/07/14,0,187000,-879000,-692000
2009/07/15,0,733000,-358000,375000
2009/07/16,0,920000,-535000,385000
2009/07/17,0,1194000,-126000,1068000
2009/07/20,0,1018000,-402000,616000
2009/07/21,0,751000,-651000,100000
2009/07/22,0,5278000,-424000,4854000
2009/07/23,0,483330,-2237000,-1753670
2009/07/24,0,54000,-500000,-446000
2009/07/27,0,277000,-203000,74000
2009/07/28,0,494537,-2382000,-1887463
2009/07/29,0,390000,-602000,-212000
2009/07/30,0,1389000,-757000,632000
2009/07/31,0,821000,-515000,306000
2009/08/03,0,559000,-721000,-162000
2009/08/04,0,1223000,-858000,365000
2009/08/05,0,1429000,-804000,625000
2009/08/06,0,330000,-220000,110000
2009/08/07,0,0,0,0
2009/08/10,0,1000,-220000,-219000
2009/08/11,0,609000,-338000,271000
2009/08/12,0,133000,-206000,-73000
2009/08/13,0,370000,-573000,-203000
2009/08/14,0,368000,-610000,-242000
2009/08/17,0,483000,-366000,117000
2009/08/18,0,1454000,-593000,861000
2009/08/19,0,421000,-956000,-535000
2009/08/20,0,702000,-717000,-15000
2009/08/21,0,469000,-1013000,-544000
2009/08/24,0,1119000,-468000,651000
2009/08/25,0,599000,-708000,-109000
2009/08/26,0,580000,-356000,224000
2009/08/27,0,66000,-178000,-112000
2009/08/28,0,167000,-699000,-532000
2009/08/31,0,211000,-467000,-256000
2009/09/01,0,526000,-900000,-374000
2009/09/02,0,1241000,-259000,982000
2009/09/03,0,187000,-1074000,-887000
2009/09/04,0,247000,-408000,-161000
2009/09/07,0,213000,-488000,-275000
2009/09/08,0,502000,-520000,-18000
2009/09/09,0,406000,-413000,-7000
2009/09/10,0,2105000,-788000,1317000
2009/09/11,0,187000,-545000,-358000
2009/09/14,0,248000,-714000,-466000
2009/09/15,0,143000,-299000,-156000
2009/09/16,0,83000,-670000,-587000
2009/09/17,0,214000,-284000,-70000
2009/09/18,0,208000,-401851,-193851
2009/09/21,0,454000,-833000,-379000
2009/09/22,0,74000,-178000,-104000
2009/09/23,0,228000,-660366,-432366
2009/09/24,0,1121000,-3462000,-2341000
2009/09/25,0,149000,-1150000,-1001000
2009/09/28,0,521000,-110722,410278
2009/09/29,0,204000,-264000,-60000
2009/09/30,0,273000,-210000,63000
2009/10/01,0,813000,-812000,1000
2009/10/02,0,597000,-534000,63000
2009/10/05,0,22000,-405000,-383000
2009/10/06,0,157000,-621000,-464000
2009/10/07,0,556000,-551000,5000
2009/10/08,0,662000,-1201000,-539000
2009/10/09,0,177000,-330000,-153000
2009/10/12,0,487000,-252000,235000
2009/10/13,0,685000,-560000,125000
2009/10/14,0,76000,-386000,-310000
2009/10/15,0,474000,-423000,51000
2009/10/16,0,556000,-671000,-115000
2009/10/19,0,343000,-383000,-40000
2009/10/20,0,248000,-428000,-180000
2009/10/21,0,194000,-426566,-232566
2009/10/22,0,615000,-515000,100000
2009/10/23,0,183000,-120000,63000
2009/10/26,0,712000,-196000,516000
2009/10/27,0,291000,-234000,57000
2009/10/28,0,756000,-580000,176000
2009/10/29,0,968000,-886000,82000
2009/10/30,0,123000,-417000,-294000
2009/11/02,0,193000,-347000,-154000
2009/11/03,0,144000,-275000,-131000
2009/11/04,0,533000,-288000,245000
2009/11/05,0,259000,-159000,100000
2009/11/06,0,479000,-192000,287000
2009/11/09,0,383000,-226000,157000
2009/11/10,0,182000,-179000,3000
2009/11/11,0,1181000,-106000,1075000
2009/11/12,0,1249000,-394000,855000
2009/11/13,0,528000,-1254000,-726000
2009/11/16,0,1023000,-612000,411000
2009/11/17,0,218000,-609000,-391000
2009/11/18,0,208000,-1472000,-1264000
2009/11/19,0,104000,-290000,-186000
2009/11/20,0,200000,-377000,-177000
2009/11/23,0,33000,-78000,-45000
2009/11/24,0,193000,-333000,-140000
2009/11/25,0,456000,-89000,367000
2009/11/26,0,444000,-134000,310000
2009/11/27,0,93000,-1314000,-1221000
2009/11/30,0,207000,-134749,72251
2009/12/01,0,430000,-176000,254000
2009/12/02,0,295000,-234000,61000
2009/12/03,0,201000,-109000,92000
2009/12/04,0,236000,-88000,148000
2009/12/07,0,557000,-14000,543000
2009/12/08,0,375000,-295000,80000
2009/12/09,0,10000,-119000,-109000
2009/12/10,0,95000,-913000,-818000
2009/12/11,0,263000,-324676,-61676
2009/12/14,0,106000,-247000,-141000
2009/12/15,0,317000,-162000,155000
2009/12/16,0,96000,-667000,-571000
2009/12/17,0,200000,-339000,-139000
2009/12/18,0,112000,-283000,-171000
2009/12/21,0,42000,-235000,-193000
2009/12/22,0,127000,-421054,-294054
2009/12/23,0,102000,-238000,-136000
2009/12/24,0,59000,-276000,-217000
2009/12/25,0,1456000,-103000,1353000
2009/12/28,0,404000,-184000,220000
2009/12/29,0,363000,-567000,-204000
2009/12/30,0,116000,-336000,-220000
2009/12/31,0,389000,-143000,246000
2010/01/01,0,0,0,0
2010/01/04,0,613000,-569000,44000
2010/01/05,0,714000,-573000,141000
2010/01/06,0,1138000,-785000,353000
2010/01/07,0,70000,-361000,-291000
2010/01/08,0,464000,-271000,193000
2010/01/11,0,1255000,-119000,1136000
2010/01/12,0,553000,-607000,-54000
2010/01/13,0,537000,-497000,40000
2010/01/14,0,871000,-195292,675708
2010/01/15,0,714000,-427000,287000
2010/01/18,0,627000,-214000,413000
2010/01/19,0,65000,-200000,-135000
2010/01/20,0,171980,-1214000,-1042020
2010/01/21,0,496000,-288000,208000
2010/01/22,0,415000,-589000,-174000
2010/01/25,0,307000,-570000,-263000
2010/01/26,0,111000,-2272000,-2161000
2010/01/27,0,138000,-9000,129000
2010/01/28,0,213000,-297000,-84000
2010/01/29,0,296000,-479000,-183000
2010/02/01,0,418000,-316000,102000
2010/02/02,0,39000,-458000,-419000
2010/02/03,0,222000,-1309000,-1087000
2010/02/04,0,36000,-673000,-637000
2010/02/05,0,289000,-806000,-517000
2010/02/08,0,371000,-65001,305999
2010/02/09,0,699000,-223000,476000
2010/02/10,0,151000,-177000,-26000
2010/02/11,0,0,0,0
2010/02/12,0,0,0,0
2010/02/15,0,0,0,0
2010/02/16,0,0,0,0
2010/02/17,0,0,0,0
2010/02/18,0,0,0,0
2010/02/19,0,0,0,0
2010/02/22,0,386000,-477000,-91000
2010/02/23,0,198000,-146000,52000
2010/02/24,0,272000,-224000,48000
2010/02/25,0,174000,-491000,-317000
2010/02/26,0,185000,-47000,138000
2010/03/01,0,682000,-165000,517000
2010/03/02,0,26000,-91000,-65000
2010/03/03,0,592000,-50000,542000
2010/03/04,0,128000,-696000,-568000
2010/03/05,0,363000,-164000,199000
2010/03/08,0,132000,-103000,29000
2010/03/09,0,26000,-39000,-13000
2010/03/10,0,22000,-31000,-9000
2010/03/11,0,1000,-96000,-95000
2010/03/12,0,300000,-177000,123000
2010/03/15,0,51000,-891000,-840000
2010/03/16,0,41000,-325000,-284000
2010/03/17,0,1092000,-334000,758000
2010/03/18,0,701000,-59000,642000
2010/03/19,0,478000,-201000,277000
2010/03/22,0,270000,-397000,-127000
2010/03/23,0,293000,-14000,279000
2010/03/24,0,898000,-247998,650002
2010/03/25,0,479000,-143000,336000
2010/03/26,0,463000,-61000,402000
2010/03/29,0,422000,-50000,372000
2010/03/30,0,78000,0,78000
2010/03/31,0,96000,-72000,24000
2010/04/01,0,625000,-783000,-158000
2010/04/02,0,175000,-194000,-19000
2010/04/05,0,0,0,0
2010/04/06,0,366000,-178000,188000
2010/04/07,0,106000,0,106000
2010/04/08,0,790000,-309000,481000
2010/04/09,0,153000,-193000,-40000
2010/04/12,0,13000,-72000,-59000
2010/04/13,0,232000,-231000,1000
2010/04/14,0,362000,-104000,258000
2010/04/15,0,279000,-175000,104000
2010/04/16,0,159000,-133000,26000
2010/04/19,0,391100,-1321000,-929900
2010/04/20,0,83000,-1423000,-1340000
2010/04/21,0,94000,-371000,-277000
2010/04/22,0,155000,-150000,5000
2010/04/23,0,86000,-409000,-323000
2010/04/26,0,856000,-230000,626000
2010/04/27,0,252000,-117000,135000
2010/04/28,0,130000,-164210,-34210
2010/04/29,0,54000,-476000,-422000
2010/04/30,0,141000,-160000,-19000
2010/05/03,0,65000,-114000,-49000
2010/05/04,0,83000,-63000,20000
2010/05/05,0,219000,-174000,45000
2010/05/06,0,235000,-498100,-263100
2010/05/07,0,500000,-43000,457000
2010/05/10,0,137000,-220000,-83000
2010/05/11,0,20000,-1207000,-1187000
2010/05/12,0,136000,-140000,-4000
2010/05/13,0,177000,-355000,-178000
2010/05/14,0,424000,-1000,423000
2010/05/17,0,139000,-344339,-205339
2010/05/18,0,656000,-15000,641000
2010/05/19,0,727500,-289000,438500
2010/05/20,0,292000,-631000,-339000
2010/05/21,0,446000,-196450,249550
2010/05/24,0,0,0,0
2010/05/25,0,263000,-342000,-79000
2010/05/26,0,536600,-10000,526600
2010/05/27,0,168350,-84000,84350
2010/05/28,0,0,-148000,-148000
2010/05/31,0,80000,-79000,1000
2010/06/01,0,34000,-343000,-309000
2010/06/02,0,110000,0,110000
2010/06/03,0,171000,-17000,154000
2010/06/04,0,9000,-78000,-69000
2010/06/07,0,76000,-96000,-20000
2010/06/08,0,193000,-378000,-185000
2010/06/09,0,45000,-453000,-408000
2010/06/10,0,72000,-46000,26000
2010/06/11,0,363000,-67000,296000
2010/06/14,0,97000,-256000,-159000
2010/06/15,0,855000,-3000,852000
2010/06/16,0,0,0,0
2010/06/17,0,1086000,-358000,728000
2010/06/18,0,76000,-66000,10000
2010/06/21,0,62000,-335000,-273000
2010/06/22,0,13000,0,13000
2010/06/23,0,38000,0,38000
2010/06/24,0,486000,-30000,456000
2010/06/25,0,2018000,-868000,1150000
2010/06/28,0,1812000,-200000,1612000
2010/06/29,0,741000,-1014000,-273000
2010/06/30,0,645000,-995000,-350000
2010/07/01,0,2119000,-869000,1250000
2010/07/02,0,2795000,-777000,2018000
2010/07/05,0,2134000,-904000,1230000
2010/07/06,0,2974000,-1199000,1775000
2010/07/07,0,2198000,-2988383,-790383
2010/07/08,0,2383000,-1067401,1315599
2010/07/09,0,1672000,-569000,1103000
2010/07/12,0,1782000,-672000,1110000
2010/07/13,0,740000,-118000,622000
2010/07/14,0,3822000,-820000,3002000
2010/07/15,0,2020000,-7071000,-5051000
2010/07/16,0,2403000,-3118000,-715000
2010/07/19,0,812000,-3165000,-2353000
2010/07/20,0,869000,-537000,332000
2010/07/21,0,1518000,-741000,777000
2010/07/22,0,1514000,-375000,1139000
2010/07/23,0,983000,-71000,912000
2010/07/26,0,3695000,-1148000,2547000
2010/07/27,0,1113000,-1141000,-28000
2010/07/28,0,928000,-740000,188000
2010/07/29,0,270000,-787000,-517000
2010/07/30,0,2204000,-840000,1364000
2010/08/02,0,6763000,-4145000,2618000
2010/08/03,0,3000000,-5526000,-2526000
2010/08/04,0,2172000,-1007000,1165000
2010/08/05,0,2201000,-1969000,232000
2010/08/06,0,707000,-1820000,-1113000
2010/08/09,0,2333000,-3175000,-842000
2010/08/10,0,2636000,-1725000,911000
2010/08/11,0,1752000,-3031000,-1279000
2010/08/12,0,769000,-1249000,-480000
2010/08/13,0,1216000,-869000,347000
2010/08/16,0,1517000,-1815000,-298000
2010/08/17,0,977000,-694000,283000
2010/08/18,0,524000,-1315000,-791000
2010/08/19,0,1096000,-1012000,84000
2010/08/20,0,677000,-572000,105000
2010/08/23,0,4313000,-714000,3599000
2010/08/24,0,1156000,-1025000,131000
2010/08/25,0,1133000,-2374382,-1241382
2010/08/26,0,431000,-1169000,-738000
2010/08/27,0,1273000,-1293000,-20000
2010/08/30,0,2904000,-2101000,803000
2010/08/31,0,2095000,-1295000,800000
2010/09/01,0,1110000,-712000,398000
2010/09/02,0,2022000,-1359000,663000
2010/09/03,0,1868000,-843000,1025000
2010/09/06,0,1943000,-2471000,-528000
2010/09/07,0,826000,-358000,468000
2010/09/08,0,3531000,-814000,2717000
2010/09/09,0,1102000,-1331000,-229000
2010/09/10,0,2200000,-574000,1626000
2010/09/13,0,7286000,-836000,6450000
2010/09/14,0,1977000,-2201000,-224000
2010/09/15,0,3494000,-3100000,394000
2010/09/16,0,4376000,-2552000,1824000
2010/09/17,0,7533000,-4592000,2941000
2010/09/20,0,2144000,-2702000,-558000
2010/09/21,0,1565000,-2463000,-898000
2010/09/22,0,0,0,0
2010/09/23,0,1399000,-3977000,-2578000
2010/09/24,0,439000,-3245000,-2806000
2010/09/27,0,1836000,-2872000,-1036000
2010/09/28,0,188000,-939000,-751000
2010/09/29,0,4267000,-1215000,3052000
2010/09/30,0,1184000,-2499000,-1315000
2010/10/01,0,1078000,-1487000,-409000
2010/10/04,0,2195000,-1806000,389000
2010/10/05,0,458000,-517000,-59000
2010/10/06,0,706000,-973000,-267000
2010/10/07,0,1158000,-1380376,-222376
2010/10/08,0,1735000,-1420000,315000
2010/10/11,0,1018000,-792000,226000
2010/10/12,0,1262000,-1069000,193000
2010/10/13,0,934000,-1610000,-676000
2010/10/14,0,844000,-1042000,-198000
2010/10/15,0,2025000,-1160000,865000
2010/10/18,0,797000,-3085000,-2288000
2010/10/19,0,232000,-1017000,-785000
2010/10/20,0,1791000,-223000,1568000
2010/10/21,0,1561000,-412000,1149000
2010/10/22,0,1095000,-643000,452000
2010/10/25,0,3885000,-1132000,2753000
2010/10/26,0,1405000,-406000,999000
2010/10/27,0,1747000,-1043000,704000
2010/10/28,0,1328000,-1688000,-360000
2010/10/29,0,1052000,-423000,629000
2010/11/01,0,2774000,-2309000,465000
2010/11/02,0,6590000,-2251000,4339000
2010/11/03,0,1638000,-2525000,-887000
2010/11/04,0,2091000,-653000,1438000
2010/11/05,0,3842000,-1226000,2616000
2010/11/08,0,2273000,-1352000,921000
2010/11/09,0,777365,-1157000,-379635
2010/11/10,0,1707000,-1599000,108000
2010/11/11,0,2145000,-1377000,768000
2010/11/12,0,1668000,-5036000,-3368000
2010/11/15,0,886000,-1139000,-253000
2010/11/16,0,925000,-1027000,-102000
2010/11/17,0,700000,-1209000,-509000
2010/11/18,0,1430000,-1496000,-66000
2010/11/19,0,2436000,-1148000,1288000
2010/11/22,0,1476000,-2751000,-1275000
2010/11/23,0,316000,-1601000,-1285000
2010/11/24,0,1390000,-1079000,311000
2010/11/25,0,3081000,-1347000,1734000
2010/11/26,0,1016000,-1682000,-666000
2010/11/29,0,1085000,-1793000,-708000
2010/11/30,0,1630000,-999000,631000
2010/12/01,0,6018000,-6374000,-356000
2010/12/02,0,5941000,-8461000,-2520000
2010/12/03,0,1652000,-2509000,-857000
2010/12/06,0,3479000,-4304000,-825000
2010/12/07,0,1162000,-3276000,-2114000
2010/12/08,0,1218000,-1202000,16000
2010/12/09,0,1902000,-2103000,-201000
2010/12/10,0,1192000,-1382000,-190000
2010/12/13,0,870000,-726000,144000
2010/12/14,0,1909000,-1285890,623110
2010/12/15,0,2778000,-2497000,281000
2010/12/16,0,1757000,-1037000,720000
2010/12/17,0,3827000,-1567000,2260000
2010/12/20,0,2111000,-1595000,516000
2010/12/21,0,972000,-1231000,-259000
2010/12/22,0,788000,-1590000,-802000
2010/12/23,0,1806000,-1238000,568000
2010/12/24,0,2047000,-1825000,222000
2010/12/27,0,3364000,-1760000,1604000
2010/12/28,0,2273000,-3394000,-1121000
2010/12/29,0,5481000,-4963081,517919
2010/12/30,0,4060000,-6729000,-2669000
2010/12/31,0,3487000,-3730000,-243000
2011/01/03,0,2760000,-3345000,-585000
2011/01/04,0,4474000,-2251000,2223000
2011/01/05,0,4693000,-4535000,158000
2011/01/06,0,2417000,-1717000,700000
2011/01/07,0,2480000,-5358000,-2878000
2011/01/10,0,1627000,-853000,774000
2011/01/11,0,2101000,-1899000,202000
2011/01/12,0,1089000,-819000,270000
2011/01/13,0,1457000,-2378000,-921000
2011/01/14,0,715000,-625000,90000
2011/01/17,0,731000,-1609842,-878842
2011/01/18,0,2843000,-1399000,1444000
2011/01/19,0,1637000,-1327000,310000
2011/01/20,0,1675000,-593000,1082000
2011/01/21,0,698000,-2646000,-1948000
2011/01/24,0,1588000,-755000,833000
2011/01/25,0,3151000,-1091000,2060000
2011/01/26,0,1649000,-1050000,599000
2011/01/27,0,1432000,-931000,501000
2011/01/28,0,1296000,-1049000,247000
2011/01/31,0,0,0,0
2011/02/01,0,0,0,0
2011/02/02,0,0,0,0
2011/02/03,0,0,0,0
2011/02/04,0,0,0,0
2011/02/07,0,0,0,0
2011/02/08,0,1328000,-1772000,-444000
2011/02/09,0,754000,-1155000,-401000
2011/02/10,0,1417000,-9550000,-8133000
2011/02/11,0,2955000,-7469000,-4514000
2011/02/14,0,2495000,-3042000,-547000
2011/02/15,0,1557000,-1832000,-275000
2011/02/16,0,2514000,-973000,1541000
2011/02/17,0,1575000,-1961000,-386000
2011/02/18,0,6153000,-3222000,2931000
2011/02/21,0,2038000,-1453000,585000
2011/02/22,0,1676000,-2828000,-1152000
2011/02/23,0,3319000,-1938000,1381000
2011/02/24,0,1365000,-1865000,-500000
2011/02/25,0,2546000,-1953000,593000
2011/02/28,0,0,0,0
2011/03/01,0,1528000,-1965000,-437000
2011/03/02,0,538000,-3333000,-2795000
2011/03/03,0,3305000,-877000,2428000
2011/03/04,0,249000,-485000,-236000
2011/03/07,0,1106000,-387842,718158
2011/03/08,0,1702000,-305000,1397000
2011/03/09,0,2112000,-604000,1508000
2011/03/10,0,1334000,-427000,907000
2011/03/11,0,945000,-2188000,-1243000
2011/03/14,0,1152000,-5857000,-4705000
2011/03/15,0,3958000,-5791000,-1833000
2011/03/16,0,1829000,-1275000,554000
2011/03/17,0,1613000,-1213000,400000
2011/03/18,0,2158000,-958000,1200000
2011/03/21,0,424000,-730000,-306000
2011/03/22,0,7486000,-6168000,1318000
2011/03/23,0,3180000,-1656000,1524000
2011/03/24,0,1306000,-937000,369000
2011/03/25,0,614000,-1134000,-520000
2011/03/28,0,457000,-834000,-377000
2011/03/29,0,1578000,-811000,767000
2011/03/30,0,1318000,-608000,710000
2011/03/31,0,386000,-722000,-336000
2011/04/01,0,342000,-1002000,-660000
2011/04/04,0,0,0,0
2011/04/05,0,0,0,0
2011/04/06,0,2007000,-118000,1889000
2011/04/07,0,633000,-465000,168000
2011/04/08,0,804000,-1231000,-427000
2011/04/11,0,788000,-876677,-88677
2011/04/12,0,1092000,-2002000,-910000
2011/04/13,0,650000,-145000,505000
2011/04/14,0,1351000,-961000,390000
2011/04/15,0,1476000,-742000,734000
2011/04/18,0,346000,-650297,-304297
2011/04/19,0,988000,-1067000,-79000
2011/04/20,0,3708000,-2085000,1623000
2011/04/21,0,5311000,-1129000,4182000
2011/04/22,0,1869000,-1150000,719000
2011/04/25,0,1450000,-1363000,87000
2011/04/26,0,1271000,-1993000,-722000
2011/04/27,0,2474000,-2500000,-26000
2011/04/28,0,530000,-1623000,-1093000
2011/04/29,0,891000,-1254000,-363000
2011/05/02,0,0,0,0
2011/05/03,0,1429000,-1106370,322630
2011/05/04,0,736000,-1081000,-345000
2011/05/05,0,3643000,-1504000,2139000
2011/05/06,0,1012000,-538000,474000
2011/05/09,0,2597000,-1020000,1577000
2011/05/10,0,904000,-327000,577000
2011/05/11,0,470000,-2118812,-1648812
2011/05/12,0,729000,-1849000,-1120000
2011/05/13,0,1012000,-987000,25000
2011/05/16,0,1478000,-667000,811000
2011/05/17,0,1143000,-1334000,-191000
2011/05/18,0,1533000,-677000,856000
2011/05/19,0,3920000,-2578788,1341212
2011/05/20,0,1199000,-3591000,-2392000
2011/05/23,0,812000,-4453000,-3641000
2011/05/24,0,968000,-982000,-14000
2011/05/25,0,541000,-626000,-85000
2011/05/26,0,650000,-478000,172000
2011/05/27,0,845000,-974000,-129000
2011/05/30,0,401000,-377000,24000
2011/05/31,0,2284000,-570000,1714000
2011/06/01,0,363000,-732000,-369000
2011/06/02,0,222000,-867000,-645000
2011/06/03,0,534000,-233000,301000
2011/06/06,0,0,0,0
2011/06/07,0,73000,-360000,-287000
2011/06/08,0,180000,-115000,65000
2011/06/09,0,955000,-265000,690000
2011/06/10,0,180000,-1141000,-961000
2011/06/13,0,244000,-746000,-502000
2011/06/14,0,938000,-2451000,-1513000
2011/06/15,0,1060000,-7045000,-5985000
2011/06/16,0,898000,-3181000,-2283000
2011/06/17,0,698000,-584000,114000
2011/06/20,0,830000,-431000,399000
2011/06/21,0,557000,-565000,-8000
2011/06/22,0,779000,-889000,-110000
2011/06/23,0,585000,-139000,446000
2011/06/24,0,380000,-781000,-401000
2011/06/27,0,103000,-276000,-173000
2011/06/28,0,19000,-132000,-113000
2011/06/29,0,1017000,-392000,625000
2011/06/30,0,398000,-737000,-339000
2011/07/01,0,1525000,-906000,619000
2011/07/04,0,750000,-928000,-178000
2011/07/05,0,160000,-304000,-144000
2011/07/06,0,306000,-2624000,-2318000
2011/07/07,0,403000,-335000,68000
2011/07/08,0,492000,-363000,129000
2011/07/11,0,802000,-252000,550000
2011/07/12,0,420000,-646000,-226000
2011/07/13,0,833000,-457000,376000
2011/07/14,0,738000,-296000,442000
2011/07/15,0,603000,-473000,130000
2011/07/18,0,2999000,-472575,2526425
2011/07/19,0,79000,-747000,-668000
2011/07/20,0,1858000,-298000,1560000
2011/07/21,0,481000,-600000,-119000
2011/07/22,0,3379000,-1062000,2317000
2011/07/25,0,1097000,-1485000,-388000
2011/07/26,0,9959000,-360169,9598831
2011/07/27,0,18406000,-559000,17847000
2011/07/28,0,268000,-16880000,-16612000
2011/07/29,0,617000,-5353000,-4736000
2011/08/01,0,2462000,-2086000,376000
2011/08/02,0,549000,-1043000,-494000
2011/08/03,0,1086000,-8974000,-7888000
2011/08/04,0,4989000,-2096000,2893000
2011/08/05,0,2944000,-3545000,-601000
2011/08/08,0,2088000,-3034000,-946000
2011/08/09,0,3906000,-1638000,2268000
2011/08/10,0,1452000,-1137000,315000
2011/08/11,0,722000,-1863000,-1141000
2011/08/12,0,522000,-2132000,-1610000
2011/08/15,0,713000,-200000,513000
2011/08/16,0,40000,-154000,-114000
2011/08/17,0,609000,-320000,289000
2011/08/18,0,793000,-694000,99000
2011/08/19,0,527000,-2655000,-2128000
2011/08/22,0,1590000,-724512,865488
2011/08/23,0,2056440,-1002600,1053840
2011/08/24,0,977000,-1555899,-578899
2011/08/25,0,647160,-996090,-348930
2011/08/26,0,936000,-1208000,-272000
2011/08/29,0,899000,-115000,784000
2011/08/30,0,869000,-709000,160000
2011/08/31,0,495000,-733000,-238000
2011/09/01,0,1752000,-1760070,-8070
2011/09/02,0,977000,-1498000,-521000
2011/09/05,0,561000,-2277000,-1716000
2011/09/06,0,663000,-2132000,-1469000
2011/09/07,0,2083000,-898000,1185000
2011/09/08,0,861000,-980900,-119900
2011/09/09,0,361000,-1403000,-1042000
2011/09/12,0,0,0,0
2011/09/13,0,350000,-1624000,-1274000
2011/09/14,0,1209000,-2813000,-1604000
2011/09/15,0,1800000,-614000,1186000
2011/09/16,0,2549000,-1412000,1137000
2011/09/19,0,329000,-1110100,-781100
2011/09/20,0,648000,-1034000,-386000
2011/09/21,0,1791000,-240000,1551000
2011/09/22,0,407000,-1111380,-704380
2011/09/23,0,2662000,-1874000,788000
2011/09/26,0,1551000,-600000,951000
2011/09/27,0,1701000,-201000,1500000
2011/09/28,0,35000,-927000,-892000
2011/09/29,0,526000,-513000,13000
2011/09/30,0,891000,-406000,485000
2011/10/03,0,380064,-1619000,-1238936
2011/10/04,0,2005476,-598000,1407476
2011/10/05,0,411000,-244054,166946
2011/10/06,0,1942000,-477000,1465000
2011/10/07,0,1094000,-692000,402000
2011/10/10,0,0,0,0
2011/10/11,0,1572000,-1012140,559860
2011/10/12,0,779000,-328000,451000
2011/10/13,0,408000,-274000,134000
2011/10/14,0,3000,-744000,-741000
2011/10/17,0,416000,-168000,248000
2011/10/18,0,240000,-1109000,-869000
2011/10/19,0,816000,-196000,620000
2011/10/20,0,499000,-198000,301000
2011/10/21,0,552296,-45000,507296
2011/10/24,0,2117500,-478000,1639500
2011/10/25,0,265000,-937000,-672000
2011/10/26,0,1289000,-463000,826000
2011/10/27,0,606000,-459000,147000
2011/10/28,0,1627000,-903000,724000
2011/10/31,0,173000,-1154340,-981340
2011/11/01,0,474000,-299000,175000
2011/11/02,0,1007000,-319000,688000
2011/11/03,0,678000,-837000,-159000
2011/11/04,0,534000,-202000,332000
2011/11/07,0,358000,-148000,210000
2011/11/08,0,284000,-123000,161000
2011/11/09,0,14000,-297000,-283000
2011/11/10,0,1693000,-2831000,-1138000
2011/11/11,0,593000,-273000,320000
2011/11/14,0,418000,-652000,-234000
2011/11/15,0,649000,-163000,486000
2011/11/16,0,1019000,-855000,164000
2011/11/17,0,461000,-19000,442000
2011/11/18,0,1085000,-241000,844000
2011/11/21,0,1241000,-524000,717000
2011/11/22,0,1088000,-534000,554000
2011/11/23,0,867000,-306760,560240
2011/11/24,0,1843000,-1524000,319000
2011/11/25,0,443000,-499000,-56000
2011/11/28,0,603000,-329000,274000
2011/11/29,0,510000,-442000,68000
2011/11/30,0,243000,-722000,-479000
2011/12/01,0,1075000,-548000,527000
2011/12/02,0,989000,-1049000,-60000
2011/12/05,0,115000,-302000,-187000
2011/12/06,0,429000,-568000,-139000
2011/12/07,0,88000,-237000,-149000
2011/12/08,0,306000,-1146000,-840000
2011/12/09,0,273000,-519000,-246000
2011/12/12,0,132000,-327000,-195000
2011/12/13,0,270000,-232000,38000
2011/12/14,0,103000,-103000,0
2011/12/15,0,242000,-315000,-73000
2011/12/16,0,204000,-242000,-38000
2011/12/19,0,2106000,-264000,1842000
2011/12/20,0,447000,-167000,280000
2011/12/21,0,44000,-1630000,-1586000
2011/12/22,0,545000,-477120,67880
2011/12/23,0,307000,-330000,-23000
2011/12/26,0,39000,-166000,-127000
2011/12/27,0,204000,-54000,150000
2011/12/28,0,170000,-44000,126000
2011/12/29,0,256000,-28000,228000
2011/12/30,0,103000,-132000,-29000
2012/01/02,0,244000,-221000,23000
2012/01/03,0,223000,-100000,123000
2012/01/04,0,129000,-58000,71000
2012/01/05,0,161000,-210356,-49356
2012/01/06,0,65000,-122000,-57000
2012/01/09,0,63000,-54000,9000
2012/01/10,0,88000,0,88000
2012/01/11,0,0,-136000,-136000
2012/01/12,0,81000,-115000,-34000
2012/01/13,0,643000,-80000,563000
2012/01/16,0,99000,-882000,-783000
2012/01/17,0,110000,-280000,-170000
2012/01/18,0,14000,-370000,-356000
2012/01/19,0,0,0,0
2012/01/20,0,0,0,0
2012/01/23,0,0,0,0
2012/01/24,0,0,0,0
2012/01/25,0,0,0,0
2012/01/26,0,0,0,0
2012/01/27,0,0,0,0
2012/01/30,0,1509000,-134000,1375000
2012/01/31,0,1275000,-1543000,-268000
2012/02/01,0,510000,-283000,227000
2012/02/02,0,973000,-351000,622000
2012/02/03,0,665000,-790000,-125000
2012/02/06,0,1219000,-1222000,-3000
2012/02/07,0,2158000,-366000,1792000
2012/02/08,0,3252000,-611000,2641000
2012/02/09,0,1270000,-1022000,248000
2012/02/10,0,856000,-1652000,-796000
2012/02/13,0,874000,-258000,616000
2012/02/14,0,308000,-3561000,-3253000
2012/02/15,0,319000,-823000,-504000
2012/02/16,0,249000,-1387000,-1138000
2012/02/17,0,429000,-243000,186000
2012/02/20,0,235000,-594000,-359000
2012/02/21,0,55000,-739000,-684000
2012/02/22,0,409000,-313000,96000
2012/02/23,0,248000,-442000,-194000
2012/02/24,0,215000,-435000,-220000
2012/02/27,0,0,0,0
2012/02/28,0,0,0,0
2012/02/29,0,1376030,-318000,1058030
2012/03/01,0,345000,-576000,-231000
2012/03/02,0,479000,-306000,173000
2012/03/05,0,103000,-977000,-874000
2012/03/06,0,530000,-303000,227000
2012/03/07,0,155000,-826000,-671000
2012/03/08,0,384000,-391000,-7000
2012/03/09,0,88000,-849000,-761000
2012/03/12,0,97000,-300827,-203827
2012/03/13,0,366000,-316000,50000
2012/03/14,0,376000,-557000,-181000
2012/03/15,0,280000,-539000,-259000
2012/03/16,0,619000,-528000,91000
2012/03/19,0,268000,-1233000,-965000
2012/03/20,0,437000,-578000,-141000
2012/03/21,0,361770,-434000,-72230
2012/03/22,0,334000,-668000,-334000
2012/03/23,0,113000,-525900,-412900
2012/03/26,0,740000,-832000,-92000
2012/03/27,0,90000,-481000,-391000
2012/03/28,0,264000,-299000,-35000
2012/03/29,0,170000,-2640780,-2470780
2012/03/30,0,42000,-172000,-130000
2012/04/02,0,90000,-623000,-533000
2012/04/03,0,185000,-645000,-460000
2012/04/04,0,0,0,0
2012/04/05,0,298000,-205000,93000
2012/04/06,0,80000,-272000,-192000
2012/04/09,0,253000,-239000,14000
2012/04/10,0,61239,-549000,-487761
2012/04/11,0,29000,-4000,25000
2012/04/12,0,78000,-6000,72000
2012/04/13,0,25000,-12000,13000
2012/04/16,0,160000,-66000,94000
2012/04/17,0,97000,-28000,69000
2012/04/18,0,47000,-14000,33000
2012/04/19,0,118000,-46000,72000
2012/04/20,0,118000,-47000,71000
2012/04/23,0,284000,-58000,226000
2012/04/24,0,43000,-85000,-42000
2012/04/25,0,170000,-85000,85000
2012/04/26,0,80000,-562000,-482000
2012/04/27,0,90000,-113438,-23438
2012/04/30,0,179000,-181000,-2000
2012/05/01,0,0,0,0
2012/05/02,0,243000,-88000,155000
2012/05/03,0,99000,-103000,-4000
2012/05/04,0,760000,-155000,605000
2012/05/07,0,298000,-53000,245000
2012/05/08,0,10000,-868504,-858504
2012/05/09,0,258000,-115498,142502
2012/05/10,0,117000,-95000,22000
2012/05/11,0,511000,-59000,452000
2012/05/14,0,149000,-42000,107000
2012/05/15,0,560000,-10000,550000
2012/05/16,0,1074000,-146000,928000
2012/05/17,0,13000,-603000,-590000
2012/05/18,0,872000,-49000,823000
2012/05/21,0,288000,-50000,238000
2012/05/22,0,0,-158000,-158000
2012/05/23,0,820000,-44000,776000
2012/05/24,0,572000,-107000,465000
2012/05/25,0,156000,-90000,66000
2012/05/28,0,134000,-64000,70000
2012/05/29,0,45000,-162000,-117000
2012/05/30,0,101000,-108000,-7000
2012/05/31,0,24000,-118000,-94000
2012/06/01,0,98000,0,98000
2012/06/04,0,592000,-57801,534199
2012/06/05,0,35000,-84000,-49000
2012/06/06,0,5000,-22000,-17000
2012/06/07,0,244000,-180000,64000
2012/06/08,0,25000,-156000,-131000
2012/06/11,0,146000,-42000,104000
2012/06/12,0,45000,-77000,-32000
2012/06/13,0,50000,-131000,-81000
2012/06/14,0,108000,-5000,103000
2012/06/15,0,483000,-30000,453000
2012/06/18,0,132000,-314000,-182000
2012/06/19,0,45000,-120000,-75000
2012/06/20,0,12000,-15000,-3000
2012/06/21,0,180000,-203000,-23000
2012/06/22,0,277000,-94000,183000
2012/06/25,0,117000,-241000,-124000
2012/06/26,0,31000,-94000,-63000
2012/06/27,0,98000,-232947,-134947
2012/06/28,0,224000,-87000,137000
2012/06/29,0,349000,-270000,79000
2012/07/02,0,155000,-315000,-160000
2012/07/03,0,254000,-67000,187000
2012/07/04,0,1060000,-38000,1022000
2012/07/05,0,1094000,-17000,1077000
2012/07/06,0,172000,-41000,131000
2012/07/09,0,126000,-26000,100000
2012/07/10,0,75000,-13000,62000
2012/07/11,0,217000,-1000,216000
2012/07/12,0,43000,-83000,-40000
2012/07/13,0,532000,-11870,520130
2012/07/16,0,597000,-1661040,-1064040
2012/07/17,0,297000,-1575000,-1278000
2012/07/18,0,282000,-432000,-150000
2012/07/19,0,346000,-137000,209000
2012/07/20,0,6000,-77000,-71000
2012/07/23,0,102000,-195000,-93000
2012/07/24,0,694000,-138000,556000
2012/07/25,0,875000,-141000,734000
2012/07/26,0,134000,-62000,72000
2012/07/27,0,144000,-3000,141000
2012/07/30,0,324000,-939000,-615000
2012/07/31,0,264000,-160000,104000
2012/08/01,0,113000,-180000,-67000
2012/08/02,0,0,0,0
2012/08/03,0,31000,-24000,7000
2012/08/06,0,405000,-192000,213000
2012/08/07,0,93000,-113000,-20000
2012/08/08,0,135000,-155000,-20000
2012/08/09,0,986000,-806000,180000
2012/08/10,0,5059000,-289000,4770000
2012/08/13,0,7951000,-63000,7888000
2012/08/14,0,15253000,-13000,15240000
2012/08/15,0,2416000,-204000,2212000
2012/08/16,0,3000,-11629000,-11626000
2012/08/17,0,155000,-9357000,-9202000
2012/08/20,0,0,-1719000,-1719000
2012/08/21,0,289000,-7871000,-7582000
2012/08/22,0,2000,-11000,-9000
2012/08/23,0,112000,-154000,-42000
2012/08/24,0,35000,-674000,-639000
2012/08/27,0,0,-457000,-457000
2012/08/28,0,230000,-215000,15000
2012/08/29,0,88000,-281000,-193000
2012/08/30,0,144000,-638000,-494000
2012/08/31,0,152000,-48000,104000
2012/09/03,0,76000,-118000,-42000
2012/09/04,0,4000,-396000,-392000
2012/09/05,0,9000,-277000,-268000
2012/09/06,0,3000,-110000,-107000
2012/09/07,0,0,-224000,-224000
2012/09/10,0,0,-293000,-293000
2012/09/11,0,0,-302000,-302000
2012/09/12,0,20000,-76000,-56000
2012/09/13,0,32000,-805000,-773000
2012/09/14,0,805000,-634000,171000
2012/09/17,0,15000,-1317100,-1302100
2012/09/18,0,474000,-29960,444040
2012/09/19,0,267000,-512249,-245249
2012/09/20,0,131000,-313000,-182000
2012/09/21,0,229000,-184000,45000
2012/09/24,0,47000,-224000,-177000
2012/09/25,0,151000,-107000,44000
2012/09/26,0,145000,-213000,-68000
2012/09/27,0,41000,-72000,-31000
2012/09/28,0,18000,-1000,17000
2012/10/01,0,172000,-25000,147000
2012/10/02,0,17000,-700,16300
2012/10/03,0,24000,-89138,-65138
2012/10/04,0,94000,-41000,53000
2012/10/05,0,147000,-196000,-49000
2012/10/08,0,321000,-605720,-284720
2012/10/09,0,103000,-234000,-131000
2012/10/10,0,0,0,0
2012/10/11,0,256000,-123000,133000
2012/10/12,0,253000,-393000,-140000
2012/10/15,0,348000,-155000,193000
2012/10/16,0,0,-338000,-338000
2012/10/17,0,161000,-487000,-326000
2012/10/18,0,73000,-218000,-145000
2012/10/19,0,95000,-250000,-155000
2012/10/22,0,12000,-173000,-161000
2012/10/23,0,0,-339000,-339000
2012/10/24,0,254000,-53000,201000
2012/10/25,0,154000,-44480,109520
2012/10/26,0,68000,-39000,29000
2012/10/29,0,155000,-18000,137000
2012/10/30,0,184000,-139000,45000
2012/10/31,0,4000,-40000,-36000
2012/11/01,0,52000,-69000,-17000
2012/11/02,0,5000,-74000,-69000
2012/11/05,0,94000,-17000,77000
2012/11/06,0,61000,-4000,57000
2012/11/07,0,11000,-4280,6720
2012/11/08,0,57000,-484000,-427000
2012/11/09,0,22000,-55000,-33000
2012/11/12,0,0,-4000,-4000
2012/11/13,0,0,-16000,-16000
2012/11/14,0,49000,-3000,46000
2012/11/15,0,103000,-7000,96000
2012/11/16,0,71000,-28000,43000
2012/11/19,0,105000,0,105000
2012/11/20,0,17000,-19000,-2000
2012/11/21,0,233000,-541000,-308000
2012/11/22,0,128000,-8000,120000
2012/11/23,0,57000,0,57000
2012/11/26,0,142000,-34000,108000
2012/11/27,0,164000,-151000,13000
2012/11/28,0,132000,-135380,-3380
2012/11/29,0,309000,-108000,201000
2012/11/30,0,120000,-10000,110000
2012/12/03,0,214000,-67000,147000
2012/12/04,0,692000,-58000,634000
2012/12/05,0,793000,-242170,550830
2012/12/06,0,41000,-351000,-310000
2012/12/07,0,912000,-17000,895000
2012/12/10,0,69000,-1194000,-1125000
2012/12/11,0,522000,-173000,349000
2012/12/12,0,573000,-178000,395000
2012/12/13,0,253000,-105000,148000
2012/12/14,0,173000,-62000,111000
2012/12/17,0,32000,-50000,-18000
2012/12/18,0,289000,-204000,85000
2012/12/19,0,98000,-717000,-619000
2012/12/20,0,52000,-382000,-330000
2012/12/21,0,27000,-445000,-418000
2012/12/24,0,18000,-81000,-63000
2012/12/25,0,568000,-43000,525000
2012/12/26,0,214000,-66000,148000
2012/12/27,0,3002,-1224000,-1220998
2012/12/28,0,380000,-96053,283947
2012/12/31,0,0,0,0
2013/01/01,0,0,0,0
2013/01/02,0,113000,-368000,-255000
2013/01/03,0,750000,-141000,609000
2013/01/04,0,123000,-385000,-262000
2013/01/07,0,66000,-178000,-112000
2013/01/08,0,21000,-84000,-63000
2013/01/09,0,149000,-102000,47000
2013/01/10,0,111000,-80000,31000
2013/01/11,0,398000,-257000,141000
2013/01/14,0,235000,-193000,42000
2013/01/15,0,118000,-281000,-163000
2013/01/16,0,298000,-156000,142000
2013/01/17,0,233000,-548000,-315000
2013/01/18,0,27000,-159000,-132000
2013/01/21,0,10000,-59000,-49000
2013/01/22,0,143000,-83000,60000
2013/01/23,0,73000,-198000,-125000
2013/01/24,0,20000,-276000,-256000
2013/01/25,0,95000,-142000,-47000
2013/01/28,0,65000,-157000,-92000
2013/01/29,0,107000,-94000,13000
2013/01/30,0,257000,-365000,-108000
2013/01/31,0,179989,-381000,-201011
2013/02/01,0,125000,-286000,-161000
2013/02/04,0,522000,-462000,60000
2013/02/05,0,453000,-242000,211000
2013/02/06,0,369000,-673000,-304000
2013/02/07,0,0,0,0
2013/02/08,0,0,0,0
2013/02/11,0,0,0,0
2013/02/12,0,0,0,0
2013/02/13,0,0,0,0
2013/02/14,0,0,0,0
2013/02/15,0,0,0,0
2013/02/18,0,46000,-618000,-572000
2013/02/19,0,457000,-343000,114000
2013/02/20,0,3524000,-1347000,2177000
2013/02/21,0,115000,-2194000,-2079000
2013/02/22,0,2701011,-636000,2065011
2013/02/25,0,159000,-671000,-512000
2013/02/26,0,105000,-529000,-424000
2013/02/27,0,281000,-286000,-5000
2013/02/28,0,0,0,0
2013/03/01,0,715000,-117000,598000
2013/03/04,0,159000,-1023000,-864000
2013/03/05,0,38000,-384000,-346000
2013/03/06,0,209000,-152000,57000
2013/03/07,0,80000,-474000,-394000
2013/03/08,0,538000,-1571000,-1033000
2013/03/11,0,477000,-488000,-11000
2013/03/12,0,700000,-585000,115000
2013/03/13,0,3525000,-457000,3068000
2013/03/14,0,4115000,-1253000,2862000
2013/03/15,0,980000,-1475172,-495172
2013/03/18,0,1069000,-2514000,-1445000
2013/03/19,0,1044000,-874000,170000
2013/03/20,0,130000,-1101000,-971000
2013/03/21,0,488000,-774000,-286000
2013/03/22,0,54000,-1194000,-1140000
2013/03/25,0,1321000,-1526000,-205000
2013/03/26,0,205000,-420000,-215000
2013/03/27,0,107000,-130000,-23000
2013/03/28,0,296000,-905000,-609000
2013/03/29,0,3304357,-393000,2911357
2013/04/01,0,360000,-2274000,-1914000
2013/04/02,0,62643,-902000,-839357
2013/04/03,0,35000,-153000,-118000
2013/04/04,0,0,0,0
2013/04/05,0,0,0,0
2013/04/08,0,9000,-490000,-481000
2013/04/09,0,255000,-240000,15000
2013/04/10,0,570000,-155000,415000
2013/04/11,0,480000,-522000,-42000
2013/04/12,0,44000,-124000,-80000
2013/04/15,0,30000,-245000,-215000
2013/04/16,0,157000,-213000,-56000
2013/04/17,0,135000,-221880,-86880
2013/04/18,0,125000,-49000,76000
2013/04/19,0,171000,-225000,-54000
2013/04/22,0,53000,-132000,-79000
2013/04/23,0,2000,-111000,-109000
2013/04/24,0,89000,-76000,13000
2013/04/25,0,68000,-4000,64000
2013/04/26,0,37000,-150000,-113000
2013/04/29,0,8000,-44000,-36000
2013/04/30,0,8000,-60000,-52000
2013/05/01,0,0,0,0
2013/05/02,0,38000,-34000,4000
2013/05/03,0,51000,-316000,-265000
2013/05/06,0,132000,-31000,101000
2013/05/07,0,18000,-317000,-299000
2013/05/08,0,249000,-16000,233000
2013/05/09,0,94000,-61000,33000
2013/05/10,0,203000,-20000,183000
2013/05/13,0,269000,-128000,141000
2013/05/14,0,33000,-17000,16000
2013/05/15,0,87000,-43000,44000
2013/05/16,0,451000,-19000,432000
2013/05/17,0,607000,-46000,561000
2013/05/20,0,629000,-350000,279000
2013/05/21,0,485000,-205000,280000
2013/05/22,0,84000,-96000,-12000
2013/05/23,0,190000,-616000,-426000
2013/05/24,0,22000,-639000,-617000
2013/05/27,0,53000,-45000,8000
2013/05/28,0,1000,-457000,-456000
2013/05/29,0,14000,-1285000,-1271000
2013/05/30,0,12000,-690146,-678146
2013/05/31,0,27000,-262000,-235000
2013/06/03,0,26000,-146000,-120000
2013/06/04,0,17000,-91000,-74000
2013/06/05,0,26000,-216000,-190000
2013/06/06,0,0,-216000,-216000
2013/06/07,0,35000,-222000,-187000
2013/06/10,0,65000,-216000,-151000
2013/06/11,0,41000,-106000,-65000
2013/06/12,0,0,0,0
2013/06/13,0,59000,-163000,-104000
2013/06/14,0,25000,-88000,-63000
2013/06/17,0,36000,-57000,-21000
2013/06/18,0,0,-183000,-183000
2013/06/19,0,8000,-71000,-63000
2013/06/20,0,31178,-349000,-317822
2013/06/21,0,528000,-115000,413000
2013/06/24,0,175000,-159000,16000
2013/06/25,0,846000,-189000,657000
2013/06/26,0,18000,-1058000,-1040000
2013/06/27,0,95000,-133416,-38416
2013/06/28,0,3000,-312000,-309000
2013/07/01,0,104000,-348000,-244000
2013/07/02,0,0,-72000,-72000
2013/07/03,0,93000,-65000,28000
2013/07/04,0,53000,-5000,48000
2013/07/05,0,97000,-17000,80000
2013/07/08,0,52000,-119000,-67000
2013/07/09,0,254000,-28000,226000
2013/07/10,0,161000,-82000,79000
2013/07/11,0,251000,-66000,185000
2013/07/12,0,8000,-137000,-129000
2013/07/15,0,67000,-142000,-75000
2013/07/16,0,220000,-583000,-363000
2013/07/17,0,567000,-41000,526000
2013/07/18,0,194000,-146000,48000
2013/07/19,0,133000,-94000,39000
2013/07/22,0,78000,-36000,42000
2013/07/23,0,371000,-99000,272000
2013/07/24,0,29000,-169000,-140000
2013/07/25,0,325000,-47000,278000
2013/07/26,0,430000,0,430000
2013/07/29,0,39000,-31000,8000
2013/07/30,0,255000,-21000,234000
2013/07/31,0,59000,-234000,-175000
2013/08/01,0,74000,-48000,26000
2013/08/02,0,164000,0,164000
2013/08/05,0,15000,-2000,13000
2013/08/06,0,72000,-708000,-636000
2013/08/07,0,33000,-150000,-117000
2013/08/08,0,95000,-70000,25000
2013/08/09,0,168000,-447000,-279000
2013/08/12,0,81000,-168000,-87000
2013/08/13,0,932000,-315000,617000
2013/08/14,0,14000,-359000,-345000
2013/08/15,0,2946000,-228000,2718000
2013/08/16,0,1738000,-46000,1692000
2013/08/19,0,9995000,-18000,9977000
2013/08/20,0,11871000,-211781,11659219
2013/08/21,0,0,0,0
2013/08/22,0,51000,-13939000,-13888000
2013/08/23,0,0,-5964700,-5964700
2013/08/26,0,18000,-8090000,-8072000
2013/08/27,0,4000,-140000,-136000
2013/08/28,0,32000,-60000,-28000
2013/08/29,0,28000,-9000,19000
2013/08/30,0,4000,-49667,-45667
2013/09/02,0,93000,0,93000
2013/09/03,0,258000,-53000,205000
2013/09/04,0,181000,-272000,-91000
2013/09/05,0,866000,-131000,735000
2013/09/06,0,1000000,-198000,802000
2013/09/09,0,1420,-1859000,-1857580
2013/09/10,0,0,-137000,-137000
2013/09/11,0,313000,-212000,101000
2013/09/12,0,134000,-287000,-153000
2013/09/13,0,25000,-110000,-85000
2013/09/16,0,95000,-86140,8860
2013/09/17,0,565000,-430000,135000
2013/09/18,0,580000,-787280,-207280
2013/09/19,0,0,0,0
2013/09/20,0,0,0,0
2013/09/23,0,299000,-358049,-59049
2013/09/24,0,123000,-180070,-57070
2013/09/25,0,19000,-109650,-90650
2013/09/26,0,63000,-486836,-423836
2013/09/27,0,104000,-169000,-65000
2013/09/30,0,40000,-90000,-50000
2013/10/01,0,33000,-162620,-129620
2013/10/02,0,40000,-127000,-87000
2013/10/03,0,168000,-154000,14000
2013/10/04,0,402000,0,402000
2013/10/07,0,209000,-352000,-143000
2013/10/08,0,277000,-14000,263000
2013/10/09,0,228000,-208000,20000
2013/10/10,0,0,0,0
2013/10/11,0,207000,-308000,-101000
2013/10/14,0,98000,-188000,-90000
2013/10/15,0,82000,-57000,25000
2013/10/16,0,132000,-179220,-47220
2013/10/17,0,207000,-328000,-121000
2013/10/18,0,88000,-22000,66000
2013/10/21,0,105000,-134000,-29000
2013/10/22,0,124000,-5000,119000
2013/10/23,0,58000,-300000,-242000
2013/10/24,0,396000,-432000,-36000
2013/10/25,0,40000,-193000,-153000
2013/10/28,0,145000,-84000,61000
2013/10/29,0,38000,-145120,-107120
2013/10/30,0,56000,-250000,-194000
2013/10/31,0,25000,-162000,-137000
2013/11/01,0,1000,-110500,-109500
2013/11/04,0,236000,-151000,85000
2013/11/05,0,212000,-301000,-89000
2013/11/06,0,85000,-82000,3000
2013/11/07,0,0,-100000,-100000
2013/11/08,0,0,0,0
2013/11/11,0,110000,-7120,102880
2013/11/12,0,314000,-224000,90000
2013/11/13,0,185000,-51740,133260
2013/11/14,0,89000,-33000,56000
2013/11/15,0,91000,-190000,-99000
2013/11/18,0,73000,-44000,29000
2013/11/19,0,122000,-140000,-18000
2013/11/20,0,55000,-141620,-86620
2013/11/21,0,30000,-85000,-55000
2013/11/22,0,25000,-150000,-125000
2013/11/25,0,1651000,-4000,1647000
2013/11/26,0,1429000,-520000,909000
2013/11/27,0,277000,-229000,48000
2013/11/28,0,601000,-279000,322000
2013/11/29,0,216000,-381000,-165000
2013/12/02,0,38000,-444000,-406000
2013/12/03,0,450000,-109000,341000
2013/12/04,0,127000,-116000,11000
2013/12/05,0,197000,-400000,-203000
2013/12/06,0,0,-219000,-219000
2013/12/09,0,113000,-25000,88000
2013/12/10,0,141000,-1000,140000
2013/12/11,0,992000,-71000,921000
2013/12/12,0,102000,-710000,-608000
2013/12/13,0,47000,-49000,-2000
2013/12/16,0,0,-235000,-235000
2013/12/17,0,25000,-79000,-54000
2013/12/18,0,0,-498000,-498000
2013/12/19,0,118000,-22000,96000
2013/12/20,0,546000,-74000,472000
2013/12/23,0,108000,-286000,-178000
2013/12/24,0,12000,-14000,-2000
2013/12/25,0,76000,-115000,-39000
2013/12/26,0,249000,0,249000
2013/12/27,0,12000,-174000,-162000
2013/12/30,0,107000,-21000,86000
2013/12/31,0,100000,-277000,-177000
2014/01/02,0,710000,-436000,274000
2014/01/03,0,20000,-208000,-188000
2014/01/06,0,80000,-100000,-20000
2014/01/07,0,69000,-49000,20000
2014/01/08,0,200000,-10000,190000
2014/01/09,0,166000,-180000,-14000
2014/01/10,0,35000,-155000,-120000
2014/01/13,0,255000,-51000,204000
2014/01/14,0,214000,-23000,191000
2014/01/15,0,96000,-395000,-299000
2014/01/16,0,89991,-564000,-474009
2014/01/17,0,84000,-76000,8000
2014/01/20,0,102989,0,102989
2014/01/21,0,382000,-211000,171000
2014/01/22,0,20000,-169000,-149000
2014/01/23,0,0,-98000,-98000
2014/01/24,0,184000,0,184000
2014/01/27,0,0,-236000,-236000
2014/02/05,0,9000,-276605,-267605
2014/02/06,0,0,-698986,-698986
2014/02/07,0,0,-341000,-341000
2014/02/10,0,0,-27000,-27000
2014/02/11,0,0,-28000,-28000
2014/02/12,0,0,-307000,-307000
2014/02/13,0,0,-61000,-61000
2014/02/14,0,10000,0,10000
2014/02/17,0,15000,-6000,9000
2014/02/18,0,33000,-12000,21000
2014/02/19,0,35000,-40000,-5000
2014/02/20,0,28000,-53000,-25000
2014/02/21,0,100962,-51000,49962
2014/02/24,0,334000,-611000,-277000
2014/02/25,0,54000,-77000,-23000
2014/02/26,0,52000,-1000,51000
2014/02/27,0,0,-4000,-4000
2014/03/03,0,0,-454000,-454000
2014/03/04,0,28000,-13000,15000
2014/03/05,0,0,0,0
2014/03/06,0,24000,-24000,0
2014/03/07,0,113000,-239000,-126000
2014/03/10,0,15000,-930,14070
2014/03/11,0,22000,-1000,21000
2014/03/12,0,16000,-7000,9000
2014/03/13,0,41000,-258000,-217000
2014/03/14,0,86000,-73000,13000
2014/03/17,0,19000,-70000,-51000
2014/03/18,0,4000,0,4000
2014/03/19,0,31000,-124030,-93030
2014/03/20,0,14000,-52000,-38000
2014/03/21,0,27000,-69000,-42000
2014/03/24,0,83000,0,83000
2014/03/25,0,0,-69000,-69000
2014/03/26,0,2873000,-175000,2698000
2014/03/27,0,1473000,-40000,1433000
2014/03/28,0,618000,-78000,540000
2014/03/31,0,21000,-98000,-77000
2014/04/01,0,75000,-40000,35000
2014/04/02,0,9000,-320000,-311000
2014/04/03,0,26000,0,26000
2014/04/07,0,3000,-28000,-25000
2014/04/08,0,327000,-26000,301000
2014/04/09,0,116000,-42000,74000
2014/04/10,0,114000,-109000,5000
2014/04/11,0,478000,-74000,404000
2014/04/14,0,0,-23000,-23000
2014/04/15,0,0,-116000,-116000
2014/04/16,0,125000,-322000,-197000
2014/04/17,0,0,-89000,-89000
2014/04/18,0,0,-48287,-48287
2014/04/21,0,63000,-5000,58000
2014/04/22,0,0,0,0
2014/04/23,0,0,-49000,-49000
2014/04/24,0,14000,-15000,-1000
2014/04/25,0,415000,-191000,224000
2014/04/28,0,220000,-75000,145000
2014/04/29,0,24000,-69000,-45000
2014/04/30,0,0,-44000,-44000
2014/05/02,0,0,-15000,-15000
2014/05/05,0,28000,-44000,-16000
2014/05/06,0,61000,-217000,-156000
2014/05/07,0,0,-198301,-198301
2014/05/08,0,0,-78000,-78000
2014/05/09,0,0,-131000,-131000
2014/05/12,0,236000,0,236000
2014/05/13,0,112000,-91000,21000
2014/05/14,0,132058,-5000,127058
2014/05/15,0,10000,-26000,-16000
2014/05/16,0,0,-27000,-27000
2014/05/19,0,0,-54000,-54000
2014/05/20,0,0,-25000,-25000
2014/05/21,0,2230,-41000,-38770
2014/05/22,0,0,-46000,-46000
2014/05/23,0,27000,0,27000
2014/05/26,0,0,-14000,-14000
2014/05/27,0,44000,-5000,39000
2014/05/28,0,501000,-33000,468000
2014/05/29,0,0,-64000,-64000
2014/05/30,0,0,-72000,-72000
2014/06/03,0,2999,-24000,-21001
2014/06/04,0,0,-179000,-179000
2014/06/05,0,10572,-61000,-50428
2014/06/06,0,0,0,0
2014/06/09,0,0,-1000,-1000
2014/06/10,0,9000,-1000,8000
2014/06/11,0,10000,-22000,-12000
2014/06/12,0,400000,0,400000
2014/06/13,0,800000,-229000,571000
2014/06/16,0,17000,0,17000
2014/06/17,0,136000,0,136000
2014/06/18,0,302000,-93000,209000
2014/06/19,0,102000,-46000,56000
2014/06/20,0,378000,-2000,376000
2014/06/23,0,318000,0,318000
2014/06/24,0,84970,-33000,51970
2014/06/25,0,0,0,0
2014/06/26,0,64000,-20000,44000
2014/06/27,0,4000,0,4000
2014/06/30,0,103000,-8000,95000
2014/07/01,0,186000,0,186000
2014/07/02,0,23000,-118000,-95000
2014/07/03,0,19000,-39000,-20000
2014/07/04,0,191000,-10000,181000
2014/07/07,0,15000,-47000,-32000
2014/07/08,0,105000,-10000,95000
2014/07/09,0,156000,0,156000
2014/07/10,0,438000,-87000,351000
2014/07/11,0,557000,-4000,553000
2014/07/14,0,494000,-226680,267320
2014/07/15,0,1086166,-433000,653166
2014/07/16,0,421000,-214620,206380
2014/07/17,0,687000,-20000,667000
2014/07/18,0,538000,-76000,462000
2014/07/21,0,780000,-72000,708000
2014/07/22,0,847000,-290000,557000
2014/07/23,0,0,0,0
2014/07/24,0,634186,0,634186
2014/07/25,0,247320,-39000,208320
2014/07/28,0,400000,0,400000
2014/07/29,0,1380000,-6430000,-5050000
2014/07/30,0,1187000,-196000,991000
2014/07/31,0,3032000,-397000,2635000
2014/08/01,0,4367000,0,4367000
2014/08/04,0,3709000,-128000,3581000
2014/08/05,0,7951000,-1463890,6487110
2014/08/06,0,375000,-2539000,-2164000
2014/08/07,0,747000,-943397,-196397
2014/08/08,0,1013000,-2833000,-1820000
2014/08/11,0,0,-110000,-110000
2014/08/12,0,281000,-271000,10000
2014/08/13,0,177000,-78000,99000
2014/08/14,0,0,-443000,-443000
2014/08/15,0,348000,-2000,346000
2014/08/18,0,612000,-284000,328000
2014/08/19,0,0,-176000,-176000
2014/08/20,0,420000,-1447000,-1027000
2014/08/21,0,96000,-13000,83000
2014/08/22,0,92000,-3133000,-3041000
2014/08/25,0,288000,-434000,-146000
2014/08/26,0,268000,-97000,171000
2014/08/27,0,158000,-400000,-242000
2014/08/28,0,58000,-389000,-331000
2014/08/29,0,212000,-53000,159000
2014/09/01,0,55000,-183000,-128000
2014/09/02,0,239000,-91000,148000
2014/09/03,0,48000,-66120,-18120
2014/09/04,0,39000,-103000,-64000
2014/09/05,0,152000,-45000,107000
2014/09/09,0,94000,-374200,-280200
2014/09/10,0,62000,-383117,-321117
2014/09/11,0,0,-427000,-427000
2014/09/12,0,143000,-73240,69760
2014/09/15,0,303000,-176000,127000
2014/09/16,0,8000,-80000,-72000
2014/09/17,0,339000,-131440,207560
2014/09/18,0,26000,-8300,17700
2014/09/19,0,205000,-10000,195000
2014/09/22,0,35000,-13631,21369
2014/09/23,0,165000,-12840,152160
2014/09/24,0,229000,-12000,217000
2014/09/25,0,0,-6000,-6000
2014/09/26,0,154000,-12000,142000
2014/09/29,0,1500000,0,1500000
2014/09/30,0,1845000,-219000,1626000
2014/10/01,0,910000,-54000,856000
2014/10/02,0,644280,-39000,605280
2014/10/03,0,74000,-39000,35000
2014/10/06,0,0,-104000,-104000
2014/10/07,0,610000,-101000,509000
2014/10/08,0,24000,-6000,18000
2014/10/09,0,569000,-33200,535800
2014/10/13,0,99000,-103000,-4000
2014/10/14,0,41098,-392000,-350902
2014/10/15,0,0,-151000,-151000
2014/10/16,0,448000,-20000,428000
2014/10/17,0,695000,-203000,492000
2014/10/20,0,300000,-43000,257000
2014/10/21,0,56000,-3085000,-3029000
2014/10/22,0,125000,-249000,-124000
2014/10/23,0,224000,-66500,157500
2014/10/24,0,95000,-158480,-63480
2014/10/27,0,18000,-17000,1000
2014/10/28,0,290000,-74000,216000
2014/10/29,0,22000,-83000,-61000
2014/10/30,0,102000,-79000,23000
2014/10/31,0,53000,-62000,-9000
2014/11/03,0,24000,-59000,-35000
2014/11/04,0,434000,-91000,343000
2014/11/05,0,42000,-58000,-16000
2014/11/06,0,408000,-353908,54092
2014/11/07,0,75000,-71000,4000
2014/11/10,0,80000,-249000,-169000
2014/11/11,0,63000,0,63000
2014/11/12,0,0,-46000,-46000
2014/11/13,0,0,-33000,-33000
2014/11/14,0,10000,-15000,-5000
2014/11/17,0,8000,-74000,-66000
2014/11/18,0,82000,-2745000,-2663000
2014/11/19,0,69000,-3239000,-3170000
2014/11/20,0,589000,-2805000,-2216000
2014/11/21,0,108000,-46000,62000
2014/11/24,0,42000,-37000,5000
2014/11/25,0,15000,-51000,-36000
2014/11/26,0,112000,-18000,94000
2014/11/27,0,18000,0,18000
2014/11/28,0,7000,-4000,3000
2014/12/01,0,32000,-521000,-489000
2014/12/02,0,6000,-212000,-206000
2014/12/03,0,35000,-566,34434
2014/12/04,0,0,-47279,-47279
2014/12/05,0,78000,-26000,52000
2014/12/08,0,8000,-110000,-102000
2014/12/09,0,39000,-139000,-100000
2014/12/10,0,36000,-253000,-217000
2014/12/11,0,32000,0,32000
2014/12/12,0,65000,-2000,63000
2014/12/15,0,23000,-7000,16000
2014/12/16,0,492000,0,492000
2014/12/17,0,461000,-424000,37000
2014/12/18,0,37000,-345000,-308000
2014/12/19,0,161000,-151000,10000
2014/12/22,0,167000,-8000,159000
2014/12/23,0,109000,0,109000
2014/12/24,0,88000,-167000,-79000
2014/12/25,0,32000,0,32000
2014/12/26,0,61000,0,61000
2014/12/29,0,0,-300000,-300000
2014/12/30,0,17000,-137000,-120000
2014/12/31,0,0,-16000,-16000
2015/01/01,0,0,0,0
2015/01/02,0,0,0,0
2015/01/05,0,0,-88000,-88000
2015/01/06,0,0,-131000,-131000
2015/01/07,0,0,-66000,-66000
2015/01/08,0,0,-9000,-9000
2015/01/09,0,212000,0,212000
2015/01/12,0,4000,-78000,-74000
2015/01/13,0,123000,0,123000
2015/01/14,0,0,-100000,-100000
2015/01/15,0,0,-14000,-14000
2015/01/16,0,0,-437067,-437067
2015/01/19,0,0,0,0
2015/01/20,0,277000,-5000,272000
2015/01/21,0,0,-11000,-11000
2015/01/22,0,328000,-136000,192000
2015/01/23,0,212000,-1433000,-1221000
2015/01/26,0,0,-90000,-90000
2015/01/27,0,0,-27000,-27000
2015/01/28,0,48000,-1050000,-1002000
2015/01/29,0,38000,-1164000,-1126000
2015/01/30,0,91000,-747000,-656000
2015/02/02,0,360000,-800000,-440000
2015/02/03,0,10000,-540000,-530000
2015/02/04,0,110000,-2600051,-2490051
2015/02/05,0,0,-1114051,-1114051
2015/02/06,0,10000,-500000,-490000
2015/02/09,0,0,-207000,-207000
2015/02/10,0,64000,-316000,-252000
2015/02/11,0,0,-68000,-68000
2015/02/12,0,10000,-1084000,-1074000
2015/02/13,0,61000,-1318000,-1257000
2015/02/16,0,0,0,0
2015/02/17,0,0,0,0
2015/02/18,0,0,0,0
2015/02/19,0,0,0,0
2015/02/20,0,0,0,0
2015/02/23,0,0,0,0
2015/02/24,0,92950,-1072000,-979050
2015/02/25,0,30000,-9034,20966
2015/02/26,0,262000,0,262000
2015/02/27,0,0,0,0
2015/03/02,0,62000,-117000,-55000
2015/03/03,0,10000,-23460,-13460
2015/03/04,0,5000,-30000,-25000
2015/03/05,0,0,-225183,-225183
2015/03/06,0,2000,-25000,-23000
2015/03/09,0,1000,-29888,-28888
2015/03/10,0,147000,-44000,103000
2015/03/11,0,184000,-235000,-51000
2015/03/12,0,16000,-226000,-210000
2015/03/13,0,52000,-111000,-59000
2015/03/16,0,147000,-45000,102000
2015/03/17,0,6000,-46034,-40034
2015/03/18,0,13000,-225000,-212000
2015/03/19,0,23000,-352000,-329000
2015/03/20,0,7744,0,7744
2015/03/23,0,0,-59000,-59000
2015/03/24,0,0,0,0
2015/03/25,0,49000,-5000,44000
2015/03/26,0,37000,-31000,6000
2015/03/27,0,86000,-3000,83000
2015/03/30,0,134000,-4000,130000
2015/03/31,0,93000,-136000,-43000
2015/04/01,0,3000,-67000,-64000
2015/04/02,0,26000,-62000,-36000
2015/04/03,0,0,0,0
2015/04/06,0,0,0,0
2015/04/07,0,51000,-56000,-5000
2015/04/08,0,31000,-25000,6000
2015/04/09,0,0,-44000,-44000
2015/04/10,0,4995,-31000,-26005
2015/04/13,0,51000,-44000,7000
2015/04/14,0,30000,-210000,-180000
2015/04/15,0,104000,-62000,42000
2015/04/16,0,10000,-250000,-240000
2015/04/17,0,0,-63000,-63000
2015/04/20,0,8000,-11000,-3000
2015/04/21,0,0,-117000,-117000
2015/04/22,0,0,-18206,-18206
2015/04/23,0,1893000,-7000,1886000
2015/04/24,0,217000,-195000,22000
2015/04/27,0,1479000,-43000,1436000
2015/04/28,0,316000,-100000,216000
2015/04/29,0,400000,0,400000
2015/04/30,0,190000,-45000,145000
2015/05/01,0,0,0,0
2015/05/04,0,641996,-29000,612996
2015/05/05,0,85000,-507000,-422000
2015/05/06,0,38000,-65000,-27000
2015/05/07,0,48000,-88000,-40000
2015/05/08,0,4000,0,4000
2015/05/11,0,217000,-148000,69000
2015/05/12,0,137000,-1000,136000
2015/05/13,0,124000,-36000,88000
2015/05/14,0,56000,-730000,-674000
2015/05/15,0,40000,-579000,-539000
2015/05/18,0,0,-485000,-485000
2015/05/19,0,0,-46000,-46000
2015/05/20,0,47000,-266000,-219000
2015/05/21,0,320,-855000,-854680
2015/05/22,0,30000,-161000,-131000
2015/05/25,0,0,-145000,-145000
2015/05/26,0,49000,-14000,35000
2015/05/27,0,0,-48000,-48000
2015/05/28,0,0,-13000,-13000
2015/05/29,0,49000,0,49000
2015/06/01,0,101000,-9000,92000
2015/06/02,0,54000,-105000,-51000
2015/06/03,0,0,-208000,-208000
2015/06/04,0,71000,-79000,-8000
2015/06/05,0,0,-30000,-30000
2015/06/08,0,0,-12000,-12000
2015/06/09,0,0,-990000,-990000
2015/06/10,0,5000,-2000,3000
2015/06/11,0,3000,-62000,-59000
2015/06/12,0,0,-14000,-14000
2015/06/15,0,0,-45000,-45000
2015/06/16,0,75000,0,75000
2015/06/17,0,51000,-230000,-179000
2015/06/18,0,0,0,0
2015/06/19,0,0,0,0
2015/06/22,0,118000,-61000,57000
2015/06/23,0,0,-1000,-1000
2015/06/24,0,0,-899,-899
2015/06/25,0,57000,0,57000
2015/06/26,0,0,-13000,-13000
2015/06/29,0,0,-113000,-113000
2015/06/30,0,0,-2480,-2480
2015/07/01,0,0,-2000,-2000
2015/07/02,0,0,-20000,-20000
2015/07/03,0,38000,-80000,-42000
2015/07/06,0,0,-26000,-26000
2015/07/07,0,3000,-2000,1000
2015/07/08,0,101000,-56000,45000
2015/07/09,0,205000,-105000,100000
2015/07/10,0,0,0,0
2015/07/13,0,0,-231000,-231000
2015/07/14,0,0,-75000,-75000
2015/07/15,0,26000,-100000,-74000
2015/07/16,0,0,0,0
2015/07/17,0,29000,0,29000
2015/07/20,0,44000,0,44000
2015/07/21,0,55000,0,55000
2015/07/22,0,83000,0,83000
2015/07/23,0,455000,0,455000
2015/07/24,0,3000,0,3000
2015/07/27,0,133000,-6000,127000
2015/07/28,0,1102000,0,1102000
2015/07/29,0,24000,-30000,-6000
2015/07/30,0,72000,-13000,59000
2015/07/31,0,7000,-827000,-820000
2015/08/03,0,0,-246000,-246000
2015/08/04,0,712000,-3000,709000
2015/08/05,0,173000,0,173000
2015/08/06,0,44000,-210000,-166000
2015/08/07,0,100000,-215000,-115000
2015/08/10,0,440000,-20000,420000
2015/08/11,0,2568000,-391197,2176803
2015/08/12,0,184000,-2859263,-2675263
2015/08/13,0,6000,-320000,-314000
2015/08/14,0,1000,-41000,-40000
2015/08/17,0,20000,-22000,-2000
2015/08/18,0,0,-184000,-184000
2015/08/19,0,126000,-57000,69000
2015/08/20,0,94000,-281000,-187000
2015/08/21,0,45000,-114000,-69000
2015/08/24,0,102000,-197783,-95783
2015/08/25,0,6000,-170000,-164000
2015/08/26,0,66000,-146000,-80000
2015/08/27,0,145000,-200150,-55150
2015/08/28,0,0,-227707,-227707
2015/08/31,0,0,-185000,-185000
2015/09/01,0,0,-266000,-266000
2015/09/02,0,1000,-134000,-133000
2015/09/03,0,0,-144000,-144000
2015/09/04,0,0,-188000,-188000
2015/09/07,0,0,-25150,-25150
2015/09/08,0,0,-23000,-23000
2015/09/09,0,296000,-38000,258000
2015/09/10,0,141000,-173000,-32000
2015/09/11,0,4000,-26000,-22000
2015/09/14,0,19000,-7000,12000
2015/09/15,0,99000,-54507,44493
2015/09/16,0,65000,-31120,33880
2015/09/17,0,151000,-5000,146000
2015/09/18,0,55000,-187000,-132000
2015/09/21,0,105000,-269000,-164000
2015/09/22,0,49000,-75980,-26980
2015/09/23,0,7000,-52000,-45000
2015/09/24,0,115000,0,115000
2015/09/25,0,150000,-57000,93000
2015/09/28,0,0,0,0
2015/09/29,0,0,0,0
2015/09/30,0,201000,-3840,197160
2015/10/01,0,177000,-116000,61000
2015/10/02,0,21000,-126000,-105000
2015/10/05,0,78000,-48000,30000
2015/10/06,0,15000,0,15000
2015/10/07,0,13000,-4000,9000
2015/10/08,0,71000,-15000,56000
2015/10/09,0,0,0,0
2015/10/12,0,241000,-63000,178000
2015/10/13,0,222000,-267000,-45000
2015/10/14,0,19000,-86000,-67000
2015/10/15,0,53000,-19000,34000
2015/10/16,0,10000,-36000,-26000
2015/10/19,0,85000,-23000,62000
2015/10/20,0,25000,-93000,-68000
2015/10/21,0,76000,-10000,66000
2015/10/22,0,33000,-13000,20000
2015/10/23,0,43000,-3000,40000
2015/10/26,0,10000,0,10000
2015/10/27,0,10000,-10110,-110
2015/10/28,0,0,-24000,-24000
2015/10/29,0,5000,-269560,-264560
2015/10/30,0,75000,-6000,69000
2015/11/02,0,10000,-4000,6000
2015/11/03,0,327000,-10000,317000
2015/11/04,0,376000,-31000,345000
2015/11/05,0,162000,-42000,120000
2015/11/06,0,23000,-153000,-130000
2015/11/09,0,8000,-78216,-70216
2015/11/10,0,4000,-37000,-33000
2015/11/11,0,5000,-88000,-83000
2015/11/12,0,21128,-117000,-95872
2015/11/13,0,2000,-42000,-40000
2015/11/16,0,44000,-2000,42000
2015/11/17,0,51000,-78000,-27000
2015/11/18,0,61000,-153000,-92000
2015/11/19,0,83000,-411488,-328488
2015/11/20,0,0,-100000,-100000
2015/11/23,0,99000,0,99000
2015/11/24,0,14000,-36000,-22000
2015/11/25,0,34000,-6000,28000
2015/11/26,0,75000,-27000,48000
2015/11/27,0,0,-76000,-76000
2015/11/30,0,17000,-187000,-170000
2015/12/01,0,51000,-15000,36000
2015/12/02,0,105000,-46370,58630
2015/12/03,0,98000,0,98000
2015/12/04,0,2000,-23000,-21000
2015/12/07,0,173000,0,173000
2015/12/08,0,5000,-37000,-32000
2015/12/09,0,0,-179000,-179000
2015/12/10,0,44000,-10000,34000
2015/12/11,0,0,-20000,-20000
2015/12/14,0,74000,0,74000
2015/12/15,0,70000,-80000,-10000
2015/12/16,0,32000,-22000,10000
2015/12/17,0,0,-9000,-9000
2015/12/18,0,10000,0,10000
2015/12/21,0,0,0,0
2015/12/22,0,0,-194000,-194000
2015/12/23,0,0,0,0
2015/12/24,0,0,0,0
2015/12/25,0,0,-12000,-12000
2015/12/28,0,5000,0,5000
2015/12/29,0,0,-5000,-5000
2015/12/30,0,0,-113000,-113000
2015/12/31,0,0,0,0
2016/01/01,0,0,0,0
2016/01/04,0,0,-30629,-30629
2016/01/05,0,22000,0,22000
2016/01/06,0,105000,-25000,80000
2016/01/07,0,195000,-9000,186000
2016/01/08,0,4000,-3000,1000
2016/01/11,0,21000,-2000,19000
2016/01/12,0,3000,-81000,-78000
2016/01/13,0,12000,-61000,-49000
2016/01/14,0,43000,-114000,-71000
2016/01/15,0,31000,-242000,-211000
2016/01/18,0,0,-80000,-80000
2016/01/19,0,90000,-5000,85000
2016/01/20,0,232000,-138041,93959
2016/01/21,0,0,-332000,-332000
2016/01/22,0,0,-3000,-3000
2016/01/25,0,92000,0,92000
2016/01/26,0,13000,-175000,-162000
2016/01/27,0,30000,-44000,-14000
2016/01/28,0,22000,-30000,-8000
2016/01/29,0,458000,-60000,398000
2016/02/01,0,5000,-39000,-34000
2016/02/02,0,141000,-28000,113000
2016/02/03,0,40000,-444951,-404951
2016/02/04,0,0,0,0
2016/02/05,0,0,0,0
2016/02/08,0,0,0,0
2016/02/09,0,0,0,0
2016/02/10,0,0,0,0
2016/02/11,0,0,0,0
2016/02/12,0,0,0,0
2016/02/15,0,43000,-35000,8000
2016/02/16,0,439000,-108000,331000
2016/02/17,0,309000,-31000,278000
2016/02/18,0,104000,-56000,48000
2016/02/19,0,0,0,0
2016/02/22,0,96000,-130000,-34000
2016/02/23,0,0,-76000,-76000
2016/02/24,0,0,-125000,-125000
2016/02/25,0,0,-72000,-72000
2016/02/26,0,0,-248000,-248000
2016/02/29,0,0,0,0
2016/03/01,0,0,-12000,-12000
2016/03/02,0,0,-26000,-26000
2016/03/03,0,2450,0,2450
2016/03/04,0,0,0,0
2016/03/07,0,0,-12000,-12000
2016/03/08,0,153000,-74000,79000
2016/03/09,0,0,0,0
2016/03/10,0,0,0,0
2016/03/11,0,0,-12427,-12427
2016/03/14,0,0,-6070,-6070
2016/03/15,0,0,0,0
2016/03/16,0,92000,0,92000
2016/03/17,0,0,0,0
2016/03/18,0,0,-12000,-12000
2016/03/21,0,0,-10000,-10000
2016/03/22,0,0,-31000,-31000
2016/03/23,0,4000,0,4000
2016/03/24,0,0,0,0
2016/03/25,0,0,0,0
2016/03/28,0,0,0,0
2016/03/29,0,24000,0,24000
2016/03/30,0,999,-490,509
2016/03/31,0,25000,-103,24897
2016/04/01,0,66000,-13000,53000
2016/04/04,0,0,0,0
2016/04/05,0,0,0,0
2016/04/06,0,12000,-29000,-17000
2016/04/07,0,0,-101000,-101000
2016/04/08,0,0,0,0
2016/04/11,0,0,0,0
2016/04/12,0,2000,0,2000
2016/04/13,0,28000,-2000,26000
2016/04/14,0,47000,-65000,-18000
2016/04/15,0,4000,-44000,-40000
2016/04/18,0,81000,-15000,66000
2016/04/19,0,0,-88000,-88000
2016/04/20,0,37000,-41000,-4000
2016/04/21,0,0,-13000,-13000
2016/04/22,0,0,0,0
2016/04/25,0,0,-2702,-2702
2016/04/26,0,3000,-40000,-37000
2016/04/27,0,20000,0,20000
2016/04/28,0,16000,-46000,-30000
2016/04/29,0,8000,-31000,-23000
2016/05/02,0,0,0,0
2016/05/03,0,1000,-10000,-9000
2016/05/04,0,72000,0,72000
2016/05/05,0,17000,-18000,-1000
2016/05/06,0,0,-61000,-61000
2016/05/09,0,11000,-7000,4000
2016/05/10,0,48000,-11000,37000
2016/05/11,0,73000,-39000,34000
2016/05/12,0,2000,-30000,-28000
2016/05/13,0,0,-19000,-19000
2016/05/16,0,1000,-10000,-9000
2016/05/17,0,8000,-3000,5000
2016/05/18,0,13000,-16000,-3000
2016/05/19,0,40000,-10000,30000
2016/05/20,0,11000,-77000,-66000
2016/05/23,0,52000,0,52000
2016/05/24,0,4000,-23000,-19000
2016/05/25,0,7000,-6000,1000
2016/05/26,0,0,-81000,-81000
2016/05/27,0,0,-15000,-15000
2016/05/30,0,33000,0,33000
2016/05/31,0,8000,-32000,-24000
2016/06/01,0,72000,-8000,64000
2016/06/02,0,0,-74000,-74000
2016/06/03,0,0,0,0
2016/06/06,0,0,-6000,-6000
2016/06/07,0,0,0,0
2016/06/08,0,120000,-10514,109486
2016/06/09,0,0,0,0
2016/06/10,0,0,0,0
2016/06/13,0,10000,-102000,-92000
2016/06/14,0,7000,-3000,4000
2016/06/15,0,56000,-11000,45000
2016/06/16,0,1089000,-42000,1047000
2016/06/17,0,0,0,0
2016/06/20,0,53000,0,53000
2016/06/21,0,7000,0,7000
2016/06/22,0,270000,-6000,264000
2016/06/23,0,0,-5000,-5000
2016/06/24,0,8000,-76000,-68000
2016/06/27,0,5000,-1000,4000
2016/06/28,0,697,0,697
2016/06/29,0,18000,-26000,-8000
2016/06/30,0,16000,-12000,4000
2016/07/01,0,0,0,0
2016/07/04,0,0,0,0
2016/07/05,0,0,-35000,-35000
2016/07/06,0,54000,-29000,25000
2016/07/07,0,0,0,0
2016/07/08,0,0,0,0
2016/07/11,0,1804000,0,1804000
2016/07/12,0,2000,-44000,-42000
2016/07/13,0,0,-15000,-15000
2016/07/14,0,0,0,0
2016/07/15,0,61000,-26000,35000
2016/07/18,0,71000,-16000,55000
2016/07/19,0,44000,-69000,-25000
2016/07/20,0,962990,-892000,70990
2016/07/21,0,320000,-213000,107000
2016/07/22,0,309000,-313000,-4000
2016/07/25,0,728000,-700000,28000
2016/07/26,0,876010,-894000,-17990
2016/07/27,0,6000,-4000,2000
2016/07/28,0,17000,0,17000
2016/07/29,0,1799000,-1826000,-27000
2016/08/01,0,1204000,-1090000,114000
2016/08/02,0,0,-13000,-13000
2016/08/03,0,214745,-55000,159745
2016/08/04,0,675000,-58000,617000
2016/08/05,0,1316000,-4000,1312000
2016/08/08,0,7002993,-33000,6969993
2016/08/09,0,14524969,-11620,14513349
2016/08/10,0,10000,-20432000,-20422000
2016/08/11,0,109000,-1440000,-1331000
2016/08/12,0,14000,-1189000,-1175000
2016/08/15,0,4000,-221000,-217000
2016/08/16,0,0,-101000,-101000
2016/08/17,0,242000,-445000,-203000
2016/08/18,0,40000,-310000,-270000
2016/08/19,0,1000,-49000,-48000
2016/08/22,0,0,-18000,-18000
2016/08/23,0,56000,-35000,21000
2016/08/24,0,0,-36000,-36000
2016/08/25,0,77000,-3000,74000
2016/08/26,0,6000,-45000,-39000
2016/08/29,0,3000,-91000,-88000
2016/08/30,0,8211,-27000,-18789
2016/08/31,0,53000,-85000,-32000
2016/09/01,0,0,-90000,-90000
2016/09/02,0,16000,-93000,-77000
2016/09/05,0,34000,-44000,-10000
2016/09/06,0,7000,-132000,-125000
2016/09/07,0,303000,-14660,288340
2016/09/08,0,56200,-101000,-44800
2016/09/09,0,0,-844160,-844160
2016/09/12,0,46000,-10000,36000
2016/09/13,0,92000,-281000,-189000
2016/09/14,0,8000,-615000,-607000
2016/09/15,0,0,0,0
2016/09/16,0,0,0,0
2016/09/19,0,26000,-155000,-129000
2016/09/20,0,0,-4000,-4000
2016/09/21,0,49000,-219440,-170440
2016/09/22,0,10000,-16000,-6000
2016/09/23,0,144000,-24000,120000
2016/09/26,0,0,-17020,-17020
2016/09/27,0,0,0,0
2016/09/28,0,0,0,0
2016/09/29,0,20000,-860,19140
2016/09/30,0,1000,-76989,-75989
2016/10/03,0,0,-161000,-161000
2016/10/04,0,7000,0,7000
2016/10/05,0,1000,-57000,-56000
2016/10/06,0,0,-34000,-34000
2016/10/07,0,20000,0,20000
2016/10/10,0,0,0,0
2016/10/11,0,53000,-10000,43000
2016/10/12,0,55000,0,55000
2016/10/13,0,7000,-18000,-11000
2016/10/14,0,37000,-48000,-11000
2016/10/17,0,70000,-76000,-6000
2016/10/18,0,1000,-16000,-15000
2016/10/19,0,8000,-67000,-59000
2016/10/20,0,0,-46000,-46000
2016/10/21,0,0,-31000,-31000
2016/10/24,0,55000,0,55000
2016/10/25,0,0,0,0
2016/10/26,0,168000,0,168000
2016/10/27,0,5000,-49680,-44680
2016/10/28,0,2000,-9000,-7000
2016/10/31,0,12000,-24000,-12000
2016/11/01,0,12000,0,12000
2016/11/02,0,149000,-10000,139000
2016/11/03,0,58000,-53000,5000
2016/11/04,0,0,-2000,-2000
2016/11/07,0,58000,0,58000
2016/11/08,0,8000,0,8000
2016/11/09,0,16000,-247000,-231000
2016/11/10,0,121000,-910000,-789000
2016/11/11,0,0,-30000,-30000
2016/11/14,0,29000,-158000,-129000
2016/11/15,0,1000,-91000,-90000
2016/11/16,0,22000,-69000,-47000
2016/11/17,0,0,-361000,-361000
2016/11/18,0,82000,0,82000
2016/11/21,0,0,-14000,-14000
2016/11/22,0,24000,0,24000
2016/11/23,0,209725,0,209725
2016/11/24,0,582000,-162000,420000
2016/11/25,0,136000,-74000,62000
2016/11/28,0,19000,-98368,-79368
2016/11/29,0,31647,-116000,-84353
2016/11/30,0,4000,-100000,-96000
2016/12/01,0,1000,-8000,-7000
2016/12/02,0,1000,-37000,-36000
2016/12/05,0,0,-26000,-26000
2016/12/06,0,50000,-9000,41000
2016/12/07,0,0,0,0
2016/12/08,0,13000,-96000,-83000
2016/12/09,0,0,-29000,-29000
2016/12/12,0,96000,0,96000
2016/12/13,0,189000,-139000,50000
2016/12/14,0,70000,0,70000
2016/12/15,0,103000,-40000,63000
2016/12/16,0,131000,-52000,79000
2016/12/19,0,5000,-316000,-311000
2016/12/20,0,50000,0,50000
2016/12/21,0,58000,0,58000
2016/12/22,0,4000,-595000,-591000
2016/12/23,0,21000,-590000,-569000
2016/12/26,0,0,-115000,-115000
2016/12/27,0,0,0,0
2016/12/28,0,0,0,0
2016/12/29,0,51000,0,51000
2016/12/30,0,844310,-42000,802310
2017/01/02,0,0,0,0
2017/01/03,0,100000,0,100000
2017/01/04,0,307,-13000,-12693
2017/01/05,0,0,-125620,-125620
2017/01/06,0,0,-64000,-64000
2017/01/09,0,0,-8000,-8000
2017/01/10,0,0,0,0
2017/01/11,0,60000,0,60000
2017/01/12,0,895000,-62000,833000
2017/01/13,0,150000,-280000,-130000
2017/01/16,0,182000,-1000,181000
2017/01/17,0,20000,-92000,-72000
2017/01/18,0,108000,-77000,31000
2017/01/19,0,4000,-221000,-217000
2017/01/20,0,116000,-7000,109000
2017/01/23,0,0,0,0
2017/01/24,0,43000,-99000,-56000
2017/01/25,0,0,0,0
2017/01/26,0,0,0,0
2017/01/27,0,0,0,0
2017/01/30,0,0,0,0
2017/01/31,0,0,0,0
2017/02/01,0,0,0,0
2017/02/02,0,86000,-24000,62000
2017/02/03,0,11000,-125000,-114000
2017/02/06,0,325000,-102000,223000
2017/02/07,0,571000,-33000,538000
2017/02/08,0,1000,-126000,-125000
2017/02/09,0,0,-91000,-91000
2017/02/10,0,27000,0,27000
2017/02/13,0,129000,-14000,115000
2017/02/14,0,71000,-125000,-54000
2017/02/15,0,352000,-37000,315000
2017/02/16,0,1673000,-185000,1488000
2017/02/17,0,14000,-25000,-11000
2017/02/20,0,51357,-1004000,-952643
2017/02/21,0,53000,-105000,-52000
2017/02/22,0,16000,-93000,-77000
2017/02/23,0,17000,-194000,-177000
2017/02/24,0,0,-72000,-72000
2017/02/27,0,0,0,0
2017/02/28,0,0,0,0
2017/03/01,0,8000,-98000,-90000
2017/03/02,0,21000,-141000,-120000
2017/03/03,0,0,-3000,-3000
2017/03/06,0,0,0,0
2017/03/07,0,21782,0,21782
2017/03/08,0,0,-383000,-383000
2017/03/09,0,1000,-1704000,-1703000
2017/03/10,0,13000,-1000,12000
2017/03/13,0,30000,-14000,16000
2017/03/14,0,0,-27000,-27000
2017/03/15,0,153000,-21000,132000
2017/03/16,0,168000,-63000,105000
2017/03/17,0,14000,-34000,-20000
2017/03/20,0,0,-1000,-1000
2017/03/21,0,43000,-117000,-74000
2017/03/22,0,14000,-76000,-62000
2017/03/23,0,0,-14000,-14000
2017/03/24,0,15000,-7000,8000
2017/03/27,0,0,-64000,-64000
2017/03/28,0,108000,0,108000
2017/03/29,0,300787,0,300787
2017/03/30,0,0,0,0
2017/03/31,0,51000,0,51000
2017/04/03,0,0,0,0
2017/04/04,0,0,0,0
2017/04/05,0,15000,0,15000
2017/04/06,0,16000,0,16000
2017/04/07,0,0,-20000,-20000
2017/04/10,0,0,0,0
2017/04/11,0,0,-40000,-40000
2017/04/12,0,0,-1000,-1000
2017/04/13,0,1000,0,1000
2017/04/14,0,0,-342000,-342000
2017/04/17,0,6000,-10000,-4000
2017/04/18,0,8000,-3000,5000
2017/04/19,0,0,-68000,-68000
2017/04/20,0,19000,0,19000
2017/04/21,0,0,-1000,-1000
2017/04/24,0,0,-71000,-71000
2017/04/25,0,2000,0,2000
2017/04/26,0,3090,-59000,-55910
2017/04/27,0,0,-44000,-44000
2017/04/28,0,0,-3000,-3000
2017/05/01,0,0,0,0
2017/05/02,0,0,0,0
2017/05/03,0,0,0,0
2017/05/04,0,0,0,0
2017/05/05,0,0,-14000,-14000
2017/05/08,0,1000,0,1000
2017/05/09,0,0,-13338,-13338
2017/05/10,0,1000,0,1000
2017/05/11,0,0,0,0
2017/05/12,0,0,0,0
2017/05/15,0,0,0,0
2017/05/16,0,1000,-20000,-19000
2017/05/17,0,0,-36000,-36000
2017/05/18,0,0,-4000,-4000
2017/05/19,0,5000,0,5000
2017/05/22,0,0,0,0
2017/05/23,0,0,-7000,-7000
2017/05/24,0,0,-11000,-11000
2017/05/25,0,3000,0,3000
2017/05/26,0,26198,0,26198
2017/05/29,0,0,0,0
2017/05/30,0,0,0,0
2017/05/31,0,2000,0,2000
2017/06/01,0,0,-21000,-21000
2017/06/02,0,0,0,0
2017/06/05,0,0,0,0
2017/06/06,0,0,-988,-988
2017/06/07,0,0,-3000,-3000
2017/06/08,0,0,0,0
2017/06/09,0,0,-12000,-12000
2017/06/12,0,0,0,0
2017/06/13,0,5000,-5000,0
2017/06/14,0,0,0,0
2017/06/15,0,0,-4000,-4000
2017/06/16,0,100440,0,100440
2017/06/19,0,110000,-4309,105691
2017/06/20,0,26000,-45000,-19000
2017/06/21,0,761000,0,761000
2017/06/22,0,0,0,0
2017/06/23,0,0,-2000,-2000
2017/06/26,0,253000,0,253000
2017/06/27,0,219000,0,219000
2017/06/28,0,200000,-6000,194000
2017/06/29,0,110000,0,110000
2017/06/30,0,11000,-11000,0
2017/07/03,0,16000,-26000,-10000
2017/07/04,0,40000,-2000,38000
2017/07/05,0,555000,-1000,554000
2017/07/06,0,0,0,0
2017/07/07,0,0,0,0
2017/07/10,0,0,-9000,-9000
2017/07/11,0,16000,0,16000
2017/07/12,0,14000,-7000,7000
2017/07/13,0,0,-7000,-7000
2017/07/14,0,0,-8000,-8000
2017/07/17,0,0,-49000,-49000
2017/07/18,0,0,0,0
2017/07/19,0,0,-20000,-20000
2017/07/20,0,13000,0,13000
2017/07/21,0,245000,0,245000
2017/07/24,0,120000,0,120000
2017/07/25,0,0,0,0
2017/07/26,0,0,-318000,-318000
2017/07/27,0,0,0,0
2017/07/28,0,0,-49000,-49000
2017/07/31,0,11000,0,11000
2017/08/01,0,13000,0,13000
2017/08/02,0,209000,0,209000
2017/08/03,0,2000,-57000,-55000
2017/08/04,0,707000,-28000,679000
2017/08/07,0,3912000,0,3912000
2017/08/08,0,4588000,-3080,4584920
2017/08/09,0,1280000,-5932000,-4652000
2017/08/10,0,21000,-3035000,-3014000
2017/08/11,0,25000,-389656,-364656
2017/08/14,0,0,-2000,-2000
2017/08/15,0,0,-60000,-60000
2017/08/16,0,0,-425000,-425000
2017/08/17,0,0,-13000,-13000
2017/08/18,0,0,-231000,-231000
