Date,Open,Buy,Sell,Total
2007/01/02,0,3381000,-815000,2566000
2007/01/03,0,4762000,-4577000,185000
2007/01/04,0,2280000,-3607000,-1327000
2007/01/05,0,7591000,-7743000,-152000
2007/01/08,0,210000,-3844243,-3634243
2007/01/09,0,1630000,-3372000,-1742000
2007/01/10,0,1263000,-8007000,-6744000
2007/01/11,0,3988000,-4491000,-503000
2007/01/12,0,3000000,-1904000,1096000
2007/01/15,0,3170000,-1787000,1383000
2007/01/16,0,490000,-4185000,-3695000
2007/01/17,0,2585000,-15045000,-12460000
2007/01/18,0,2999000,-3083000,-84000
2007/01/19,0,868000,-893000,-25000
2007/01/22,0,1226000,-18167000,-16941000
2007/01/23,0,426000,-7612000,-7186000
2007/01/24,0,3991000,-5995000,-2004000
2007/01/25,0,958000,-415000,543000
2007/01/26,0,5050000,-1844000,3206000
2007/01/29,0,4758000,-3210000,1548000
2007/01/30,0,3558000,-1822658,1735342
2007/01/31,0,4859000,-5795000,-936000
2007/02/01,0,832000,-6268000,-5436000
2007/02/02,0,3283000,-87000,3196000
2007/02/05,0,6425000,-1505000,4920000
2007/02/06,0,1243000,-1668000,-425000
2007/02/07,0,407000,-453000,-46000
2007/02/08,0,2160000,-2803000,-643000
2007/02/09,0,2620000,-1140000,1480000
2007/02/12,0,413000,-3793000,-3380000
2007/02/13,0,501000,-5666000,-5165000
2007/02/14,0,4007000,-8060000,-4053000
2007/02/15,0,0,0,0
2007/02/16,0,0,0,0
2007/02/19,0,0,0,0
2007/02/20,0,0,0,0
2007/02/21,0,0,0,0
2007/02/22,0,0,0,0
2007/02/23,0,0,0,0
2007/02/26,0,12767000,-15520000,-2753000
2007/02/27,0,5331000,-19727778,-14396778
2007/02/28,0,0,0,0
2007/03/01,0,2076000,-24255000,-22179000
2007/03/02,0,1799000,-31230000,-29431000
2007/03/05,0,4256000,-26290000,-22034000
2007/03/06,0,6280000,-31932000,-25652000
2007/03/07,0,322000,-22780089,-22458089
2007/03/08,0,4322000,-4346000,-24000
2007/03/09,0,1614000,-5715000,-4101000
2007/03/12,0,1883000,-888000,995000
2007/03/13,0,2313000,-6885000,-4572000
2007/03/14,0,3137000,-11101000,-7964000
2007/03/15,0,4692000,-2501000,2191000
2007/03/16,0,6463000,-3288000,3175000
2007/03/19,0,1092000,-1718000,-626000
2007/03/20,0,2211000,-4776000,-2565000
2007/03/21,0,836000,-2829000,-1993000
2007/03/22,0,7787000,-9052000,-1265000
2007/03/23,0,5867000,-1641000,4226000
2007/03/26,0,2620000,-2307000,313000
2007/03/27,0,4988000,-9894000,-4906000
2007/03/28,0,3080000,-32223000,-29143000
2007/03/29,0,7540000,-14758000,-7218000
2007/03/30,0,3577000,-7121000,-3544000
2007/04/02,0,600000,-5454000,-4854000
2007/04/03,0,7409000,-5630000,1779000
2007/04/04,0,11704000,-21596000,-9892000
2007/04/05,0,0,0,0
2007/04/06,0,0,0,0
2007/04/09,0,3818000,-4956000,-1138000
2007/04/10,0,3700000,-5015000,-1315000
2007/04/11,0,2140000,-3961000,-1821000
2007/04/12,0,2551000,-5873000,-3322000
2007/04/13,0,1500000,-8193000,-6693000
2007/04/16,0,5348000,-4446000,902000
2007/04/17,0,8494421,-14985000,-6490579
2007/04/18,0,1193000,-1827000,-634000
2007/04/19,0,4749000,-13693000,-8944000
2007/04/20,0,753000,-5752000,-4999000
2007/04/23,0,4481000,-3277000,1204000
2007/04/24,0,3835000,-15243000,-11408000
2007/04/25,0,5215000,-6671000,-1456000
2007/04/26,0,2039000,-759000,1280000
2007/04/27,0,2296000,-6846000,-4550000
2007/04/30,0,2482000,-3997333,-1515333
2007/05/01,0,0,0,0
2007/05/02,0,326000,-4224000,-3898000
2007/05/03,0,1993000,-26106000,-24113000
2007/05/04,0,2328000,-5604000,-3276000
2007/05/07,0,2686000,-9907778,-7221778
2007/05/08,0,7202000,-7136000,66000
2007/05/09,0,4910000,-17384000,-12474000
2007/05/10,0,2928000,-4075000,-1147000
2007/05/11,0,6464000,-12071000,-5607000
2007/05/14,0,951000,-12128000,-11177000
2007/05/15,0,1503000,-5157000,-3654000
2007/05/16,0,3217000,-6215000,-2998000
2007/05/17,0,5604000,-4910000,694000
2007/05/18,0,1071000,-5564000,-4493000
2007/05/21,0,3820000,-4182000,-362000
2007/05/22,0,5015000,-83000,4932000
2007/05/23,0,7713000,-831000,6882000
2007/05/24,0,6325900,-1982000,4343900
2007/05/25,0,2312000,-1342000,970000
2007/05/28,0,4506000,-237000,4269000
2007/05/29,0,2948000,-1882000,1066000
2007/05/30,0,1017000,-4216000,-3199000
2007/05/31,0,5546000,-16194334,-10648334
2007/06/01,0,3141000,-736000,2405000
2007/06/04,0,1169000,-3618000,-2449000
2007/06/05,0,8553000,-10996000,-2443000
2007/06/06,0,68739000,-67383000,1356000
2007/06/07,0,15918000,-21352000,-5434000
2007/06/08,0,4332000,-4759000,-427000
2007/06/11,0,163191000,-5825000,157366000
2007/06/12,0,11277000,-10719000,558000
2007/06/13,0,12137000,-11522000,615000
2007/06/14,0,23581000,-969000,22612000
2007/06/15,0,15354000,-7101000,8253000
2007/06/18,0,0,0,0
2007/06/19,0,0,0,0
2007/06/20,0,11660677,-3232000,8428677
2007/06/21,0,15855000,-1069351,14785649
2007/06/22,0,2101000,-3628000,-1527000
2007/06/25,0,6207000,-4545953,1661047
2007/06/26,0,21566000,-6197000,15369000
2007/06/27,0,13338000,-2281000,11057000
2007/06/28,0,14482000,-1018000,13464000
2007/06/29,0,13324734,-8573333,4751401
2007/07/02,0,3289000,-1510000,1779000
2007/07/03,0,18347000,-1199000,17148000
2007/07/04,0,43095000,-6497622,36597378
2007/07/05,0,24722000,-7334000,17388000
2007/07/06,0,20967916,-5162000,15805916
2007/07/09,0,23560000,-5142000,18418000
2007/07/10,0,20995000,-30332000,-9337000
2007/07/11,0,18436000,-11456800,6979200
2007/07/12,0,13613000,-4184000,9429000
2007/07/13,0,18741000,-5840000,12901000
2007/07/16,0,15256000,-28205000,-12949000
2007/07/17,0,13441000,-15601000,-2160000
2007/07/18,0,18179000,-28159000,-9980000
2007/07/19,0,21496000,-4289000,17207000
2007/07/20,0,15054000,-1061000,13993000
2007/07/23,0,8178000,-4401000,3777000
2007/07/24,0,14779000,-6302000,8477000
2007/07/25,0,18807000,-22452000,-3645000
2007/07/26,0,10654000,-2769000,7885000
2007/07/27,0,7161000,-20993000,-13832000
2007/07/30,0,13028000,-10954000,2074000
2007/07/31,0,7490000,-4915000,2575000
2007/08/01,0,13300000,-22792000,-9492000
2007/08/02,0,7398000,-10703377,-3305377
2007/08/03,0,4671000,-6131000,-1460000
2007/08/06,0,2995000,-4908000,-1913000
2007/08/07,0,7622000,-6416000,1206000
2007/08/08,0,14406000,-8451000,5955000
2007/08/09,0,9577000,-4953000,4624000
2007/08/10,0,11109000,-24092100,-12983100
2007/08/13,0,3702000,-5193000,-1491000
2007/08/14,0,4756000,-5287423,-531423
2007/08/15,0,3047000,-5326000,-2279000
2007/08/16,0,7828000,-6800200,1027800
2007/08/17,0,2057000,-17503000,-15446000
2007/08/20,0,4564000,-7712376,-3148376
2007/08/21,0,4967000,-3173000,1794000
2007/08/22,0,7366600,-2316516,5050084
2007/08/23,0,169567000,-168296300,1270700
2007/08/24,0,1384000,-803000,581000
2007/08/27,0,4491000,-492000,3999000
2007/08/28,0,2497000,-540000,1957000
2007/08/29,0,3316000,-2990000,326000
2007/08/30,0,5123000,-740000,4383000
2007/08/31,0,9310000,-1573000,7737000
2007/09/03,0,304000,-425000,-121000
2007/09/04,0,1481000,-206000,1275000
2007/09/05,0,2325000,-1278600,1046400
2007/09/06,0,2462000,-720000,1742000
2007/09/07,0,1378000,-266000,1112000
2007/09/10,0,4412000,-2907000,1505000
2007/09/11,0,3354000,-3721000,-367000
2007/09/12,0,1811000,-1194000,617000
2007/09/13,0,13519000,-2819000,10700000
2007/09/14,0,18150000,-4299000,13851000
2007/09/17,0,10753000,-5742000,5011000
2007/09/18,0,0,0,0
2007/09/19,0,47281000,-3442000,43839000
2007/09/20,0,10683000,-1103000,9580000
2007/09/21,0,3362000,-2852000,510000
2007/09/24,0,0,0,0
2007/09/25,0,0,0,0
2007/09/26,0,12461000,-6506000,5955000
2007/09/27,0,8226000,-7750000,476000
2007/09/28,0,3638000,-2720000,918000
2007/10/01,0,2989000,-3132000,-143000
2007/10/02,0,12226000,-7229000,4997000
2007/10/03,0,15170000,-6022703,9147297
2007/10/04,0,2278000,-10839000,-8561000
2007/10/05,0,4418000,-6074000,-1656000
2007/10/08,0,4684000,-2911000,1773000
2007/10/09,0,1541000,-6408000,-4867000
2007/10/10,0,0,0,0
2007/10/11,0,4987000,-4389000,598000
2007/10/12,0,1960000,-6814000,-4854000
2007/10/15,0,2986000,-2807000,179000
2007/10/16,0,9280000,-8711000,569000
2007/10/17,0,5046000,-5084416,-38416
2007/10/18,0,6815000,-6221000,594000
2007/10/19,0,2143000,-3469000,-1326000
2007/10/22,0,7990000,-11544300,-3554300
2007/10/23,0,4742000,-4604000,138000
2007/10/24,0,8528000,-5571000,2957000
2007/10/25,0,10259622,-9195000,1064622
2007/10/26,0,15899000,-13371000,2528000
2007/10/29,0,4984000,-22255000,-17271000
2007/10/30,0,588000,-2774700,-2186700
2007/10/31,0,3331000,-12936000,-9605000
2007/11/01,0,3559000,-8068739,-4509739
2007/11/02,0,2485000,-1979000,506000
2007/11/05,0,7426000,-6183000,1243000
2007/11/06,0,3070000,-2751000,319000
2007/11/07,0,3415000,-5275000,-1860000
2007/11/08,0,6152000,-11457000,-5305000
2007/11/09,0,1133000,-5607000,-4474000
2007/11/12,0,421000,-9912000,-9491000
2007/11/13,0,4921000,-16790000,-11869000
2007/11/14,0,267000,-5796000,-5529000
2007/11/15,0,3965000,-28194000,-24229000
2007/11/16,0,4639000,-21390000,-16751000
2007/11/19,0,461000,-11117000,-10656000
2007/11/20,0,3791000,-4548000,-757000
2007/11/21,0,385000,-9219000,-8834000
2007/11/22,0,1372000,-3409000,-2037000
2007/11/23,0,298000,-5755000,-5457000
2007/11/26,0,5272000,-2926000,2346000
2007/11/27,0,12866000,-3119000,9747000
2007/11/28,0,9086000,-1019000,8067000
2007/11/29,0,7674000,-3403446,4270554
2007/11/30,0,11362507,-4637000,6725507
2007/12/03,0,4121000,-5145000,-1024000
2007/12/04,0,2894000,-1133000,1761000
2007/12/05,0,4342000,-2581000,1761000
2007/12/06,0,15629000,-148000,15481000
2007/12/07,0,9345332,-620000,8725332
2007/12/10,0,5458000,-1543000,3915000
2007/12/11,0,13079000,0,13079000
2007/12/12,0,14913000,-4183000,10730000
2007/12/13,0,24234000,-7902000,16332000
2007/12/14,0,14751000,-4302000,10449000
2007/12/17,0,8582000,-1960000,6622000
2007/12/18,0,14682000,-18477000,-3795000
2007/12/19,0,3716000,-9268000,-5552000
2007/12/20,0,973000,-15299000,-14326000
2007/12/21,0,9529000,-15635000,-6106000
2007/12/24,0,21028000,-4642000,16386000
2007/12/25,0,5183000,-325000,4858000
2007/12/26,0,20247000,-3858000,16389000
2007/12/27,0,39976000,-45000,39931000
2007/12/28,0,24180000,-4935000,19245000
2007/12/31,0,7563000,-3218000,4345000
2008/01/01,0,0,0,0
2008/01/02,0,7425000,-8270000,-845000
2008/01/03,0,6935000,-2466000,4469000
2008/01/04,0,7602000,-4039000,3563000
2008/01/07,0,4337000,-3376000,961000
2008/01/08,0,7214000,-8476000,-1262000
2008/01/09,0,4055000,-6468000,-2413000
2008/01/10,0,16490000,-7025000,9465000
2008/01/11,0,11598000,-12068000,-470000
2008/01/14,0,25385000,-17843818,7541182
2008/01/15,0,36059000,-34045533,2013467
2008/01/16,0,46390000,-41281000,5109000
2008/01/17,0,16998000,-21832000,-4834000
2008/01/18,0,12504836,-18825595,-6320759
2008/01/21,0,24185000,-14635000,9550000
2008/01/22,0,371000,-12958000,-12587000
2008/01/23,0,5707000,-6450000,-743000
2008/01/24,0,2486000,-7045000,-4559000
2008/01/25,0,633000,-7708000,-7075000
2008/01/28,0,3269000,-7931000,-4662000
2008/01/29,0,3706000,-4693649,-987649
2008/01/30,0,2809224,-19118000,-16308776
2008/01/31,0,5168000,-9238000,-4070000
2008/02/01,0,4292000,-17709000,-13417000
2008/02/04,0,0,0,0
2008/02/05,0,0,0,0
2008/02/06,0,0,0,0
2008/02/07,0,0,0,0
2008/02/08,0,0,0,0
2008/02/11,0,0,0,0
2008/02/12,0,8547000,-32123000,-23576000
2008/02/13,0,5605000,-20898000,-15293000
2008/02/14,0,10409000,-17328000,-6919000
2008/02/15,0,3613000,-3331000,282000
2008/02/18,0,1975000,-8093000,-6118000
2008/02/19,0,6622000,-13777000,-7155000
2008/02/20,0,4202000,-10484000,-6282000
2008/02/21,0,19711000,-7534924,12176076
2008/02/22,0,786000,-7661000,-6875000
2008/02/25,0,16181000,-16143000,38000
2008/02/26,0,7068000,-6614000,454000
2008/02/27,0,14442000,-11417000,3025000
2008/02/28,0,0,0,0
2008/02/29,0,17090400,-10600857,6489543
2008/03/03,0,7535000,-9926000,-2391000
2008/03/04,0,9537000,-8792000,745000
2008/03/05,0,3270000,-16938000,-13668000
2008/03/06,0,9418000,-16260000,-6842000
2008/03/07,0,6299000,-13992000,-7693000
2008/03/10,0,13136205,-5629000,7507205
2008/03/11,0,5531000,-4199000,1332000
2008/03/12,0,9585600,-2445000,7140600
2008/03/13,0,3404000,-4757000,-1353000
2008/03/14,0,712000,-6592000,-5880000
2008/03/17,0,3353000,-11784000,-8431000
2008/03/18,0,1795000,-6639000,-4844000
2008/03/19,0,8194000,-4874000,3320000
2008/03/20,0,6274000,-7061000,-787000
2008/03/21,0,11790000,-4526000,7264000
2008/03/24,0,17281000,-767000,16514000
2008/03/25,0,18543000,-9347000,9196000
2008/03/26,0,8945000,-32448507,-23503507
2008/03/27,0,4215152,-7137962,-2922810
2008/03/28,0,7528152,-9064000,-1535848
2008/03/31,0,6464262,-5242000,1222262
2008/04/01,0,9517796,-11424000,-1906204
2008/04/02,0,11552000,-10934000,618000
2008/04/03,0,2382000,-16958000,-14576000
2008/04/04,0,0,0,0
2008/04/07,0,6232000,-18846900,-12614900
2008/04/08,0,959000,-9002000,-8043000
2008/04/09,0,2777000,-5833000,-3056000
2008/04/10,0,4890000,-1345250,3544750
2008/04/11,0,4116000,-7533558,-3417558
2008/04/14,0,4883000,-23441250,-18558250
2008/04/15,0,3065000,-3780000,-715000
2008/04/16,0,16292000,-3212000,13080000
2008/04/17,0,15818000,-34055000,-18237000
2008/04/18,0,3387000,-20216000,-16829000
2008/04/21,0,7271000,-11143000,-3872000
2008/04/22,0,735000,-14554000,-13819000
2008/04/23,0,1659000,-2317000,-658000
2008/04/24,0,3804000,-2174000,1630000
2008/04/25,0,1773000,-2514000,-741000
2008/04/28,0,4514000,-2676000,1838000
2008/04/29,0,1202000,-6209000,-5007000
2008/04/30,0,2393000,-1696000,697000
2008/05/01,0,0,0,0
2008/05/02,0,2964000,-8850000,-5886000
2008/05/05,0,4126000,-5849000,-1723000
2008/05/06,0,12062000,-32411000,-20349000
2008/05/07,0,6008000,-22514000,-16506000
2008/05/08,0,1776000,-6083000,-4307000
2008/05/09,0,7566000,-6071000,1495000
2008/05/12,0,2986000,-5426000,-2440000
2008/05/13,0,5357000,-4947000,410000
2008/05/14,0,2454000,-307000,2147000
2008/05/15,0,6986000,-45000,6941000
2008/05/16,0,13427000,-3363000,10064000
2008/05/19,0,4451000,-1176000,3275000
2008/05/20,0,7099000,-7131000,-32000
2008/05/21,0,3772000,-5704000,-1932000
2008/05/22,0,2298000,-20492000,-18194000
2008/05/23,0,22230000,-15400000,6830000
2008/05/26,0,13390000,-4551000,8839000
2008/05/27,0,4256000,-3016000,1240000
2008/05/28,0,15567000,-5153000,10414000
2008/05/29,0,6031000,-6262000,-231000
2008/05/30,0,41342480,-11565000,29777480
2008/06/02,0,11335000,-8029000,3306000
2008/06/03,0,9807000,-8963000,844000
2008/06/04,0,3382000,-943000,2439000
2008/06/05,0,2897000,-5387000,-2490000
2008/06/06,0,3849000,-832000,3017000
2008/06/09,0,3983000,-7245000,-3262000
2008/06/10,0,6607000,-27823760,-21216760
2008/06/11,0,2109000,-1720000,389000
2008/06/12,0,3770000,-5890000,-2120000
2008/06/13,0,2355000,-5692000,-3337000
2008/06/16,0,6426000,-2469000,3957000
2008/06/17,0,4444000,-1131000,3313000
2008/06/18,0,6134000,-3322000,2812000
2008/06/19,0,6129000,-7231000,-1102000
2008/06/20,0,8391138,-4228000,4163138
2008/06/23,0,3301000,-3657000,-356000
2008/06/24,0,5682000,-8242000,-2560000
2008/06/25,0,9928000,-9501000,427000
2008/06/26,0,4123000,-6549000,-2426000
2008/06/27,0,8646000,-7706000,940000
2008/06/30,0,7176000,-9969524,-2793524
2008/07/01,0,8324000,-5515000,2809000
2008/07/02,0,18735000,-9787076,8947924
2008/07/03,0,5406000,-5821000,-415000
2008/07/04,0,1074000,-3450000,-2376000
2008/07/07,0,2751000,-1475000,1276000
2008/07/08,0,8333000,-18318000,-9985000
2008/07/09,0,5946000,-2048000,3898000
2008/07/10,0,2811667,-5034667,-2223000
2008/07/11,0,4400000,-4564000,-164000
2008/07/14,0,947000,-2388000,-1441000
2008/07/15,0,13682000,-15633000,-1951000
2008/07/16,0,5635000,-2436000,3199000
2008/07/17,0,4987000,-3188000,1799000
2008/07/18,0,3633000,-7845000,-4212000
2008/07/21,0,817000,-4772000,-3955000
2008/07/22,0,3448000,-2385000,1063000
2008/07/23,0,11308000,-4529000,6779000
2008/07/24,0,3112000,-9956000,-6844000
2008/07/25,0,887000,-4142000,-3255000
2008/07/28,0,0,0,0
2008/07/29,0,343000,-3520000,-3177000
2008/07/30,0,2160000,-2522000,-362000
2008/07/31,0,2419000,-1926000,493000
2008/08/01,0,5569000,-6666000,-1097000
2008/08/04,0,1519000,-2948000,-1429000
2008/08/05,0,8655000,-16442000,-7787000
2008/08/06,0,5421000,-6116000,-695000
2008/08/07,0,291000,-2475000,-2184000
2008/08/08,0,5687000,-2752000,2935000
2008/08/11,0,3720000,-2459000,1261000
2008/08/12,0,7060000,-1229000,5831000
2008/08/13,0,7491000,-3402000,4089000
2008/08/14,0,2014000,-2483000,-469000
2008/08/15,0,7161000,-4131000,3030000
2008/08/18,0,2494000,-4142000,-1648000
2008/08/19,0,1954000,-2773000,-819000
2008/08/20,0,5723000,-3669000,2054000
2008/08/21,0,5001000,-10769000,-5768000
2008/08/22,0,4468000,-2046000,2422000
2008/08/25,0,5850000,-565000,5285000
2008/08/26,0,2395000,-3953000,-1558000
2008/08/27,0,7473000,-1528000,5945000
2008/08/28,0,6987000,-6063000,924000
2008/08/29,0,6546000,-1611140,4934860
2008/09/01,0,5133000,-9126000,-3993000
2008/09/02,0,12279000,-3594000,8685000
2008/09/03,0,4133000,-134000,3999000
2008/09/04,0,5055000,-3195000,1860000
2008/09/05,0,8339000,-8288000,51000
2008/09/08,0,465000,-2415000,-1950000
2008/09/09,0,6323000,-3048000,3275000
2008/09/10,0,5952000,-10446000,-4494000
2008/09/11,0,2617700,-5265000,-2647300
2008/09/12,0,1808000,-1480000,328000
2008/09/15,0,407000,-4818000,-4411000
2008/09/16,0,12280000,-3515000,8765000
2008/09/17,0,10221000,-5380000,4841000
2008/09/18,0,2425000,-3538000,-1113000
2008/09/19,0,12184000,-9823000,2361000
2008/09/22,0,13554000,-7258000,6296000
2008/09/23,0,2952000,-773000,2179000
2008/09/24,0,9803404,-6421404,3382000
2008/09/25,0,2003000,-1584000,419000
2008/09/26,0,2390000,-6117000,-3727000
2008/09/29,0,0,0,0
2008/09/30,0,3832000,-3736000,96000
2008/10/01,0,346000,-3007000,-2661000
2008/10/02,0,4215000,-11444000,-7229000
2008/10/03,0,2354000,-7868000,-5514000
2008/10/06,0,1022000,-4211000,-3189000
2008/10/07,0,4028000,-7200000,-3172000
2008/10/08,0,2875000,-5770000,-2895000
2008/10/09,0,9312000,-8845000,467000
2008/10/10,0,0,0,0
2008/10/13,0,676000,-1607000,-931000
2008/10/14,0,3125000,-7896445,-4771445
2008/10/15,0,5606000,-3685000,1921000
2008/10/16,0,582000,-363000,219000
2008/10/17,0,9583000,-4706000,4877000
2008/10/20,0,2127000,-6698000,-4571000
2008/10/21,0,5371000,-7220000,-1849000
2008/10/22,0,2682000,-12070000,-9388000
2008/10/23,0,4848000,-4196000,652000
2008/10/24,0,3197000,-1111000,2086000
2008/10/27,0,594000,-1676000,-1082000
2008/10/28,0,1196000,-6346035,-5150035
2008/10/29,0,3661000,-9967000,-6306000
2008/10/30,0,5172000,-7942000,-2770000
2008/10/31,0,4871000,-23681000,-18810000
2008/11/03,0,7665000,-16091000,-8426000
2008/11/04,0,15246000,-21235000,-5989000
2008/11/05,0,3893000,-4564000,-671000
2008/11/06,0,2402000,-2835000,-433000
2008/11/07,0,3735000,-9875000,-6140000
2008/11/10,0,2775000,-502000,2273000
2008/11/11,0,2875000,-14460377,-11585377
2008/11/12,0,1046000,-12640000,-11594000
2008/11/13,0,891000,-3915000,-3024000
2008/11/14,0,2163000,-11723000,-9560000
2008/11/17,0,2887000,-10674000,-7787000
2008/11/18,0,2443000,-5110000,-2667000
2008/11/19,0,2127000,-7099819,-4972819
2008/11/20,0,1652000,-2459000,-807000
2008/11/21,0,3034000,-2182000,852000
2008/11/24,0,1652000,-3593000,-1941000
2008/11/25,0,4154000,-12687308,-8533308
2008/11/26,0,2966000,-1306185,1659815
2008/11/27,0,5260000,-308000,4952000
2008/11/28,0,4084000,-2260000,1824000
2008/12/01,0,13011000,-13624000,-613000
2008/12/02,0,2511000,-13278000,-10767000
2008/12/03,0,2794000,-3178000,-384000
2008/12/04,0,492000,-9380000,-8888000
2008/12/05,0,3495000,-9637000,-6142000
2008/12/08,0,8238000,-5664000,2574000
2008/12/09,0,5896000,-7276218,-1380218
2008/12/10,0,5542000,-11973000,-6431000
2008/12/11,0,4992000,-611000,4381000
2008/12/12,0,1278000,-4711000,-3433000
2008/12/15,0,5115000,-15101000,-9986000
2008/12/16,0,2789000,-591000,2198000
2008/12/17,0,8303000,-2129000,6174000
2008/12/18,0,2667000,-6664000,-3997000
2008/12/19,0,3692000,-3032000,660000
2008/12/22,0,1339000,-5679000,-4340000
2008/12/23,0,748000,-3585000,-2837000
2008/12/24,0,2644000,-2234000,410000
2008/12/25,0,1112000,-793000,319000
2008/12/26,0,272000,-671000,-399000
2008/12/29,0,504000,-1013000,-509000
2008/12/30,0,6551000,-1090000,5461000
2008/12/31,0,650000,-2629000,-1979000
2009/01/01,0,0,0,0
2009/01/02,0,0,0,0
2009/01/05,0,3312000,-2658000,654000
2009/01/06,0,4011356,-1038000,2973356
2009/01/07,0,2178068,-663000,1515068
2009/01/08,0,212000,-7151000,-6939000
2009/01/09,0,1191000,-3891000,-2700000
2009/01/12,0,1542840,-4951000,-3408160
2009/01/13,0,2861000,-3843000,-982000
2009/01/14,0,2321000,-1377000,944000
2009/01/15,0,2169000,-9440000,-7271000
2009/01/16,0,802000,-9277000,-8475000
2009/01/19,0,286000,-868710,-582710
2009/01/20,0,1922000,-10386000,-8464000
2009/01/21,0,4145700,-17115000,-12969300
2009/01/22,0,0,0,0
2009/01/23,0,0,0,0
2009/01/26,0,0,0,0
2009/01/27,0,0,0,0
2009/01/28,0,0,0,0
2009/01/29,0,0,0,0
2009/01/30,0,0,0,0
2009/02/02,0,1541000,-8948657,-7407657
2009/02/03,0,1570000,-5605310,-4035310
2009/02/04,0,1198000,-6245000,-5047000
2009/02/05,0,1779000,-4998000,-3219000
2009/02/06,0,2243000,-17359000,-15116000
2009/02/09,0,794300,-5597000,-4802700
2009/02/10,0,1435000,-16205000,-14770000
2009/02/11,0,1256000,-4277000,-3021000
2009/02/12,0,1082000,-3598000,-2516000
2009/02/13,0,2325000,-505000,1820000
2009/02/16,0,585000,-4544000,-3959000
2009/02/17,0,795000,-5570257,-4775257
2009/02/18,0,4177000,-14655000,-10478000
2009/02/19,0,3875000,-8433000,-4558000
2009/02/20,0,1292000,-4334000,-3042000
2009/02/23,0,3246000,-7659000,-4413000
2009/02/24,0,310000,-7177000,-6867000
2009/02/25,0,5004000,-4696230,307770
2009/02/26,0,6186000,-5442090,743910
2009/02/27,0,1823100,-7142090,-5318990
2009/03/02,0,78000,-11252951,-11174951
2009/03/03,0,926000,-15470000,-14544000
2009/03/04,0,2308000,-5804963,-3496963
2009/03/05,0,5549000,-1089000,4460000
2009/03/06,0,3325500,-6478000,-3152500
2009/03/09,0,1800000,-16524000,-14724000
2009/03/10,0,4481500,-5486000,-1004500
2009/03/11,0,3920000,-1764387,2155613
2009/03/12,0,2166000,-16019000,-13853000
2009/03/13,0,10556000,-3699000,6857000
2009/03/16,0,3442000,-664000,2778000
2009/03/17,0,10351000,-4969037,5381963
2009/03/18,0,3580000,-4268000,-688000
2009/03/19,0,1710000,-2514000,-804000
2009/03/20,0,1289000,-5797000,-4508000
2009/03/23,0,7631000,-665000,6966000
2009/03/24,0,5332000,-662000,4670000
2009/03/25,0,6740000,-10077770,-3337770
2009/03/26,0,7304000,-1359000,5945000
2009/03/27,0,3551000,-1883000,1668000
2009/03/30,0,1302000,-4986000,-3684000
2009/03/31,0,3496000,-4055593,-559593
2009/04/01,0,4195000,-978000,3217000
2009/04/02,0,7371000,-859000,6512000
2009/04/03,0,26573000,-4696000,21877000
2009/04/06,0,17747000,-4480000,13267000
2009/04/07,0,1281000,-2872000,-1591000
2009/04/08,0,5657000,-6136000,-479000
2009/04/09,0,5959000,-940182,5018818
2009/04/10,0,3861000,-662000,3199000
2009/04/13,0,2118000,-1402000,716000
2009/04/14,0,4632000,-5133000,-501000
2009/04/15,0,1925000,-4896000,-2971000
2009/04/16,0,4676000,-2725000,1951000
2009/04/17,0,2594238,-1683000,911238
2009/04/20,0,4023000,-1728000,2295000
2009/04/21,0,6736000,-3151000,3585000
2009/04/22,0,621000,-9342000,-8721000
2009/04/23,0,2472000,-2120000,352000
2009/04/24,0,3677000,-3757000,-80000
2009/04/27,0,2835108,-4422000,-1586892
2009/04/28,0,4658000,-2740000,1918000
2009/04/29,0,8136000,-2506000,5630000
2009/04/30,0,9048000,-7960000,1088000
2009/05/01,0,0,0,0
2009/05/04,0,6872000,-2489000,4383000
2009/05/05,0,6448018,-4191000,2257018
2009/05/06,0,4810000,-5832000,-1022000
2009/05/07,0,7848000,-5504000,2344000
2009/05/08,0,12813039,-19529039,-6716000
2009/05/11,0,6145000,-18369000,-12224000
2009/05/12,0,3768000,-5543000,-1775000
2009/05/13,0,1940000,-9714000,-7774000
2009/05/14,0,4014961,-11085961,-7071000
2009/05/15,0,4918000,-12804860,-7886860
2009/05/18,0,6464000,-15242000,-8778000
2009/05/19,0,30309200,-37041000,-6731800
2009/05/20,0,4913000,-46961000,-42048000
2009/05/21,0,3924000,-22510000,-18586000
2009/05/22,0,7850000,-23323000,-15473000
2009/05/25,0,14706335,-22932000,-8225665
2009/05/26,0,7167000,-4815000,2352000
2009/05/27,0,22963229,-11376335,11586894
2009/05/28,0,0,0,0
2009/05/29,0,0,0,0
2009/06/01,0,21068000,-6594000,14474000
2009/06/02,0,6484100,-4499000,1985100
2009/06/03,0,5956000,-1196000,4760000
2009/06/04,0,4618000,-3877000,741000
2009/06/05,0,1929814,-1310000,619814
2009/06/08,0,2160000,-6736000,-4576000
2009/06/09,0,4849000,-3610000,1239000
2009/06/10,0,3737500,-1453210,2284290
2009/06/11,0,5133000,-1554000,3579000
2009/06/12,0,2165000,-3818000,-1653000
2009/06/15,0,5474000,-1751000,3723000
2009/06/16,0,4146000,-7683410,-3537410
2009/06/17,0,3601000,-3120000,481000
2009/06/18,0,2589000,-14515000,-11926000
2009/06/19,0,4204210,-8500000,-4295790
2009/06/22,0,2290000,-5873000,-3583000
2009/06/23,0,1912500,-10454000,-8541500
2009/06/24,0,14674000,-10424800,4249200
2009/06/25,0,3923000,-14081100,-10158100
2009/06/26,0,1648000,-732000,916000
2009/06/29,0,5663000,-7672000,-2009000
2009/06/30,0,5271000,-1507031,3763969
2009/07/01,0,3394000,-570000,2824000
2009/07/02,0,1435000,-3844000,-2409000
2009/07/03,0,735000,-3647719,-2912719
2009/07/06,0,807000,-3412000,-2605000
2009/07/07,0,3673000,-748270,2924730
2009/07/08,0,1584000,-4228000,-2644000
2009/07/09,0,3167000,-1727000,1440000
2009/07/10,0,1015000,-1756000,-741000
2009/07/13,0,497000,-17984000,-17487000
2009/07/14,0,2799000,-5143090,-2344090
2009/07/15,0,3023000,-1349000,1674000
2009/07/16,0,1205000,-883000,322000
2009/07/17,0,1419879,-435370,984509
2009/07/20,0,2679000,-258000,2421000
2009/07/21,0,9638200,-679380,8958820
2009/07/22,0,10967900,-888000,10079900
2009/07/23,0,3076000,-9931920,-6855920
2009/07/24,0,2482500,-7677070,-5194570
2009/07/27,0,3232000,-1572007,1659993
2009/07/28,0,3881000,-2750000,1131000
2009/07/29,0,7028782,-365000,6663782
2009/07/30,0,3161000,-4016000,-855000
2009/07/31,0,4309000,-4571000,-262000
2009/08/03,0,1203000,-2621000,-1418000
2009/08/04,0,976000,-4984000,-4008000
2009/08/05,0,2903000,-6481000,-3578000
2009/08/06,0,3721000,-1722000,1999000
2009/08/07,0,0,0,0
2009/08/10,0,8266000,-3644296,4621704
2009/08/11,0,4654000,-1371000,3283000
2009/08/12,0,89000,-2407000,-2318000
2009/08/13,0,5562000,-1401000,4161000
2009/08/14,0,1615000,-2332000,-717000
2009/08/17,0,615000,-10179000,-9564000
2009/08/18,0,2877000,-2783000,94000
2009/08/19,0,3073000,-3601856,-528856
2009/08/20,0,647000,-4764000,-4117000
2009/08/21,0,1213000,-7840060,-6627060
2009/08/24,0,4401000,-3487000,914000
2009/08/25,0,233000,-4023020,-3790020
2009/08/26,0,1568000,-2055000,-487000
2009/08/27,0,869000,-2445000,-1576000
2009/08/28,0,4735000,-196000,4539000
2009/08/31,0,2639000,-3172657,-533657
2009/09/01,0,5432000,-393647,5038353
2009/09/02,0,3483000,-1881000,1602000
2009/09/03,0,3736000,-1878000,1858000
2009/09/04,0,1253000,-1836000,-583000
2009/09/07,0,997000,-579000,418000
2009/09/08,0,5879000,-282000,5597000
2009/09/09,0,3584000,-5849000,-2265000
2009/09/10,0,12377000,-1570650,10806350
2009/09/11,0,3349000,-270000,3079000
2009/09/14,0,2074000,-2459000,-385000
2009/09/15,0,5572000,-3931000,1641000
2009/09/16,0,5084000,-1784000,3300000
2009/09/17,0,7274000,-325450,6948550
2009/09/18,0,3876000,-1553000,2323000
2009/09/21,0,376000,-1463000,-1087000
2009/09/22,0,1012000,-535000,477000
2009/09/23,0,1061000,-2658000,-1597000
2009/09/24,0,1187000,-2214000,-1027000
2009/09/25,0,2166000,-640720,1525280
2009/09/28,0,1466000,-499000,967000
2009/09/29,0,7519287,-59000,7460287
2009/09/30,0,3881000,-623000,3258000
2009/10/01,0,2746000,-1374000,1372000
2009/10/02,0,1453323,-3230849,-1777526
2009/10/05,0,862500,-2880500,-2018000
2009/10/06,0,4243000,-2133000,2110000
2009/10/07,0,2859000,-2057130,801870
2009/10/08,0,5267000,-1802000,3465000
2009/10/09,0,2254000,-513000,1741000
2009/10/12,0,1113000,-2201000,-1088000
2009/10/13,0,6726720,-4218280,2508440
2009/10/14,0,9695000,-1337000,8358000
2009/10/15,0,11405000,-5510000,5895000
2009/10/16,0,2037000,-2407000,-370000
2009/10/19,0,1225000,-1263166,-38166
2009/10/20,0,1216000,-1944000,-728000
2009/10/21,0,2477000,-4339000,-1862000
2009/10/22,0,891000,-5428000,-4537000
2009/10/23,0,636000,-562000,74000
2009/10/26,0,3870000,-73000,3797000
2009/10/27,0,477000,-2367000,-1890000
2009/10/28,0,459000,-3771000,-3312000
2009/10/29,0,658000,-7043000,-6385000
2009/10/30,0,2928000,-5006000,-2078000
2009/11/02,0,322000,-3954000,-3632000
2009/11/03,0,490000,-3281000,-2791000
2009/11/04,0,628000,-1408833,-780833
2009/11/05,0,637000,-1668000,-1031000
2009/11/06,0,2832000,-268000,2564000
2009/11/09,0,2358000,-437000,1921000
2009/11/10,0,12196000,-308345,11887655
2009/11/11,0,7149000,-8121200,-972200
2009/11/12,0,3607000,-561000,3046000
2009/11/13,0,3048000,-2858541,189459
2009/11/16,0,3789000,-444000,3345000
2009/11/17,0,6544000,-3619000,2925000
2009/11/18,0,2252000,-6359000,-4107000
2009/11/19,0,1850000,-985000,865000
2009/11/20,0,2461000,-2929000,-468000
2009/11/23,0,1659000,-8000,1651000
2009/11/24,0,2212000,-21000,2191000
2009/11/25,0,5923000,-102424,5820576
2009/11/26,0,1698000,-541000,1157000
2009/11/27,0,1626000,-10414000,-8788000
2009/11/30,0,3821146,-3842186,-21040
2009/12/01,0,7582000,-1191000,6391000
2009/12/02,0,2142000,-741000,1401000
2009/12/03,0,3306000,-153738,3152262
2009/12/04,0,5407000,-1242000,4165000
2009/12/07,0,5334000,-2649584,2684416
2009/12/08,0,3638000,-1354000,2284000
2009/12/09,0,2304000,-1375870,928130
2009/12/10,0,6357000,-5948520,408480
2009/12/11,0,6199000,-1453000,4746000
2009/12/14,0,6010000,-2689000,3321000
2009/12/15,0,4095000,-2336000,1759000
2009/12/16,0,2612000,-3507000,-895000
2009/12/17,0,4107740,-3251000,856740
2009/12/18,0,672000,-3606000,-2934000
2009/12/21,0,1392000,-1437000,-45000
2009/12/22,0,1398000,-1964000,-566000
2009/12/23,0,2533000,-1049024,1483976
2009/12/24,0,3849000,-228000,3621000
2009/12/25,0,1761000,-67000,1694000
2009/12/28,0,3945000,-73000,3872000
2009/12/29,0,2109000,-308000,1801000
2009/12/30,0,5590000,-2612000,2978000
2009/12/31,0,2422000,-260000,2162000
2010/01/01,0,0,0,0
2010/01/04,0,1084000,-509000,575000
2010/01/05,0,3064000,-3279000,-215000
2010/01/06,0,2869000,-753000,2116000
2010/01/07,0,9557000,-310564,9246436
2010/01/08,0,7371150,-378000,6993150
2010/01/11,0,5832000,-729000,5103000
2010/01/12,0,5946000,-2109000,3837000
2010/01/13,0,3941000,-1915000,2026000
2010/01/14,0,2550000,-470290,2079710
2010/01/15,0,3052000,-1901000,1151000
2010/01/18,0,2575000,-961000,1614000
2010/01/19,0,3376000,-3639570,-263570
2010/01/20,0,3187000,-5391000,-2204000
2010/01/21,0,5738000,-900000,4838000
2010/01/22,0,3872000,-5462000,-1590000
2010/01/25,0,81510,-5473000,-5391490
2010/01/26,0,1554000,-9076000,-7522000
2010/01/27,0,948000,-1704310,-756310
2010/01/28,0,1041000,-3195000,-2154000
2010/01/29,0,3303000,-4615340,-1312340
2010/02/01,0,795000,-3519640,-2724640
2010/02/02,0,1014000,-3978260,-2964260
2010/02/03,0,1402690,-1217000,185690
2010/02/04,0,1039000,-2215000,-1176000
2010/02/05,0,506000,-4864590,-4358590
2010/02/08,0,643383,-4004600,-3361217
2010/02/09,0,1224000,-2110130,-886130
2010/02/10,0,673000,-3971000,-3298000
2010/02/11,0,0,0,0
2010/02/12,0,0,0,0
2010/02/15,0,0,0,0
2010/02/16,0,0,0,0
2010/02/17,0,0,0,0
2010/02/18,0,0,0,0
2010/02/19,0,0,0,0
2010/02/22,0,4714000,-3183150,1530850
2010/02/23,0,3495000,-949000,2546000
2010/02/24,0,4207000,-2852000,1355000
2010/02/25,0,4729000,-5604000,-875000
2010/02/26,0,2837000,-979994,1857006
2010/03/01,0,5480000,-499000,4981000
2010/03/02,0,877000,-840000,37000
2010/03/03,0,2679000,-115000,2564000
2010/03/04,0,681500,-2438000,-1756500
2010/03/05,0,5559000,-4002000,1557000
2010/03/08,0,2052000,-1337570,714430
2010/03/09,0,4759040,-6038000,-1278960
2010/03/10,0,1847000,-2351788,-504788
2010/03/11,0,503000,-596000,-93000
2010/03/12,0,2998000,-10050000,-7052000
2010/03/15,0,734000,-2742000,-2008000
2010/03/16,0,435001,-2686000,-2250999
2010/03/17,0,6774000,-187000,6587000
2010/03/18,0,3440000,-51000,3389000
2010/03/19,0,3603000,-618000,2985000
2010/03/22,0,427000,-2316330,-1889330
2010/03/23,0,1024000,-206000,818000
2010/03/24,0,1613000,-1652000,-39000
2010/03/25,0,2738000,-1656000,1082000
2010/03/26,0,3664000,-2096000,1568000
2010/03/29,0,4880000,-225000,4655000
2010/03/30,0,3231000,-955000,2276000
2010/03/31,0,2670184,-682301,1987883
2010/04/01,0,8475500,-2184520,6290980
2010/04/02,0,4718001,-193000,4525001
2010/04/05,0,0,0,0
2010/04/06,0,4088000,-372000,3716000
2010/04/07,0,2670760,-232000,2438760
2010/04/08,0,3908000,-1932000,1976000
2010/04/09,0,2737000,-832700,1904300
2010/04/12,0,1826580,-527000,1299580
2010/04/13,0,856000,-1352000,-496000
2010/04/14,0,2565000,-900260,1664740
2010/04/15,0,1775000,-1668000,107000
2010/04/16,0,797430,-1224000,-426570
2010/04/19,0,6136000,-5317000,819000
2010/04/20,0,5499000,-2310000,3189000
2010/04/21,0,3035000,-1881000,1154000
2010/04/22,0,4294000,-5394300,-1100300
2010/04/23,0,2228000,-1543000,685000
2010/04/26,0,7394000,-2000,7392000
2010/04/27,0,3528000,-2876000,652000
2010/04/28,0,3108000,-4500930,-1392930
2010/04/29,0,3010000,-3220000,-210000
2010/04/30,0,6124000,-5095000,1029000
2010/05/03,0,853000,-2764000,-1911000
2010/05/04,0,158000,-3871000,-3713000
2010/05/05,0,2796000,-8307090,-5511090
2010/05/06,0,2188000,-5092000,-2904000
2010/05/07,0,1527000,-4511970,-2984970
2010/05/10,0,2049000,-3251640,-1202640
2010/05/11,0,2932000,-6828000,-3896000
2010/05/12,0,1578000,-5228000,-3650000
2010/05/13,0,3713000,-3224000,489000
2010/05/14,0,1204000,-882881,321119
2010/05/17,0,798000,-4301000,-3503000
2010/05/18,0,1208000,-3007000,-1799000
2010/05/19,0,876002,-4368000,-3491998
2010/05/20,0,1180000,-3160000,-1980000
2010/05/21,0,2600000,-4066030,-1466030
2010/05/24,0,3480000,-6544000,-3064000
2010/05/25,0,4593000,-6774000,-2181000
2010/05/26,0,26284431,-54425540,-28141109
2010/05/27,0,4323000,-4289195,33805
2010/05/28,0,3073000,-5697000,-2624000
2010/05/31,0,2402000,-1866000,536000
2010/06/01,0,1095000,-1764000,-669000
2010/06/02,0,3119000,-1611000,1508000
2010/06/03,0,7151000,-289000,6862000
2010/06/04,0,304000,-1439000,-1135000
2010/06/07,0,981267,-7937000,-6955733
2010/06/08,0,1438000,-1062000,376000
2010/06/09,0,773000,-2913000,-2140000
2010/06/10,0,1393000,-411000,982000
2010/06/11,0,3937919,-627000,3310919
2010/06/14,0,3153919,-593000,2560919
2010/06/15,0,3816838,-746450,3070388
2010/06/16,0,0,0,0
2010/06/17,0,4359284,-702800,3656484
2010/06/18,0,2460334,-1096603,1363731
2010/06/21,0,9494267,-2265927,7228340
2010/06/22,0,2642743,-253444,2389299
2010/06/23,0,1267386,-1424255,-156869
2010/06/24,0,1119000,-3545190,-2426190
2010/06/25,0,1836521,-7670000,-5833479
2010/06/28,0,1820000,-4200000,-2380000
2010/06/29,0,3626000,-5751000,-2125000
2010/06/30,0,2652000,-33180000,-30528000
2010/07/01,0,8907000,-23131780,-14224780
2010/07/02,0,6349000,-4110420,2238580
2010/07/05,0,2720273,-12083000,-9362727
2010/07/06,0,3681000,-10448184,-6767184
2010/07/07,0,3943764,-10204000,-6260236
2010/07/08,0,2411000,-1276000,1135000
2010/07/09,0,1380560,-918000,462560
2010/07/12,0,2488000,-1514952,973048
2010/07/13,0,2068000,-786000,1282000
2010/07/14,0,15302990,-1448765,13854225
2010/07/15,0,9534000,-3773000,5761000
2010/07/16,0,3537045,-10328000,-6790955
2010/07/19,0,3710000,-12242000,-8532000
2010/07/20,0,5710441,-1259000,4451441
2010/07/21,0,3760000,-14088000,-10328000
2010/07/22,0,1766000,-30197000,-28431000
2010/07/23,0,5425000,-6091000,-666000
2010/07/26,0,2877010,-2122000,755010
2010/07/27,0,529000,-2808978,-2279978
2010/07/28,0,3772000,-7253000,-3481000
2010/07/29,0,4417000,-1107338,3309662
2010/07/30,0,2931691,-6672000,-3740309
2010/08/02,0,8277000,-12737000,-4460000
2010/08/03,0,2670000,-1758953,911047
2010/08/04,0,1637000,-13267000,-11630000
2010/08/05,0,8757000,-1723000,7034000
2010/08/06,0,4211000,-841000,3370000
2010/08/09,0,3698000,-2741000,957000
2010/08/10,0,2228000,-4961000,-2733000
2010/08/11,0,1805000,-2346682,-541682
2010/08/12,0,4023000,-1941000,2082000
2010/08/13,0,3595802,-1938000,1657802
2010/08/16,0,3344000,-1855000,1489000
2010/08/17,0,596000,-1336000,-740000
2010/08/18,0,6406000,-4096000,2310000
2010/08/19,0,1642000,-8220000,-6578000
2010/08/20,0,1993000,-2827000,-834000
2010/08/23,0,8514000,-455000,8059000
2010/08/24,0,5505000,-2993000,2512000
2010/08/25,0,1411000,-6251000,-4840000
2010/08/26,0,593000,-22638000,-22045000
2010/08/27,0,5460000,-7465000,-2005000
2010/08/30,0,3445410,-2021000,1424410
2010/08/31,0,4561000,-11858940,-7297940
2010/09/01,0,4702000,-1978000,2724000
2010/09/02,0,1181000,-596127,584873
2010/09/03,0,4799000,-762000,4037000
2010/09/06,0,4384000,-425697,3958303
2010/09/07,0,727785,-1837910,-1110125
2010/09/08,0,1850620,-2323000,-472380
2010/09/09,0,2039000,-358000,1681000
2010/09/10,0,2255800,-459000,1796800
2010/09/13,0,10916000,-846000,10070000
2010/09/14,0,1783000,-889000,894000
2010/09/15,0,2670716,-1768000,902716
2010/09/16,0,7027000,-705000,6322000
2010/09/17,0,8582000,-1894000,6688000
2010/09/20,0,7206000,-2996000,4210000
2010/09/21,0,5800000,-988000,4812000
2010/09/22,0,0,0,0
2010/09/23,0,8281969,-1869000,6412969
2010/09/24,0,9094250,-1531000,7563250
2010/09/27,0,3677900,-4431000,-753100
2010/09/28,0,1949450,-2489000,-539550
2010/09/29,0,5393000,-2029000,3364000
2010/09/30,0,3193000,-1041000,2152000
2010/10/01,0,2155880,-967431,1188449
2010/10/04,0,3119240,-1896000,1223240
2010/10/05,0,3781510,-1526310,2255200
2010/10/06,0,4321550,-182000,4139550
2010/10/07,0,2402040,-3260038,-857998
2010/10/08,0,2760010,-66000,2694010
2010/10/11,0,462110,-1710000,-1247890
2010/10/12,0,1510430,-2990000,-1479570
2010/10/13,0,3804810,-3163000,641810
2010/10/14,0,10587050,-714000,9873050
2010/10/15,0,3268470,-126053,3142417
2010/10/18,0,1795000,-4943000,-3148000
2010/10/19,0,963000,-3864000,-2901000
2010/10/20,0,2728000,-2749000,-21000
2010/10/21,0,2524000,-3517000,-993000
2010/10/22,0,729000,-1821000,-1092000
2010/10/25,0,2947000,-547000,2400000
2010/10/26,0,2256000,-503165,1752835
2010/10/27,0,1278730,-2471000,-1192270
2010/10/28,0,4708100,-1973000,2735100
2010/10/29,0,709000,-2458000,-1749000
2010/11/01,0,4314000,-358000,3956000
2010/11/02,0,2051000,-187000,1864000
2010/11/03,0,6398000,-375000,6023000
2010/11/04,0,1900000,-105000,1795000
2010/11/05,0,4563000,-1472369,3090631
2010/11/08,0,2359000,-855000,1504000
2010/11/09,0,1343000,-2366668,-1023668
2010/11/10,0,2287000,-2276700,10300
2010/11/11,0,2110000,-2077967,32033
2010/11/12,0,1695000,-4038000,-2343000
2010/11/15,0,685630,-2668000,-1982370
2010/11/16,0,1574000,-2691000,-1117000
2010/11/17,0,1360000,-3886000,-2526000
2010/11/18,0,1425000,-804790,620210
2010/11/19,0,4814780,-2214000,2600780
2010/11/22,0,1529630,-209000,1320630
2010/11/23,0,1446200,-2535000,-1088800
2010/11/24,0,1903000,-418000,1485000
2010/11/25,0,841000,-1791000,-950000
2010/11/26,0,1785000,-1121000,664000
2010/11/29,0,3155000,-3170040,-15040
2010/11/30,0,3110770,-4528998,-1418228
2010/12/01,0,8064000,-1541000,6523000
2010/12/02,0,8985664,-5115600,3870064
2010/12/03,0,1964000,-3851000,-1887000
2010/12/06,0,957000,-1923000,-966000
2010/12/07,0,1513906,-1488000,25906
2010/12/08,0,4049697,-2599697,1450000
2010/12/09,0,4496000,-2182000,2314000
2010/12/10,0,6543000,-1607000,4936000
2010/12/13,0,403000,-2382000,-1979000
2010/12/14,0,1554000,-1233000,321000
2010/12/15,0,4272000,-4232000,40000
2010/12/16,0,1576000,-910000,666000
2010/12/17,0,3061000,-4554000,-1493000
2010/12/20,0,1406860,-2981000,-1574140
2010/12/21,0,2376000,-1895537,480463
2010/12/22,0,2516000,-1272500,1243500
2010/12/23,0,2902000,-477000,2425000
2010/12/24,0,2506000,-744000,1762000
2010/12/27,0,6129000,-1880000,4249000
2010/12/28,0,2696000,-2543000,153000
2010/12/29,0,6329000,-1557000,4772000
2010/12/30,0,5683000,-11878000,-6195000
2010/12/31,0,2673000,-3276730,-603730
2011/01/03,0,2507000,-1270000,1237000
2011/01/04,0,2751000,-1625000,1126000
2011/01/05,0,11405000,-7803080,3601920
2011/01/06,0,3346000,-3635000,-289000
2011/01/07,0,3823000,-3091000,732000
2011/01/10,0,3315000,-11113000,-7798000
2011/01/11,0,2877000,-8641000,-5764000
2011/01/12,0,4067000,-1444000,2623000
2011/01/13,0,10947365,-3176000,7771365
2011/01/14,0,1790000,-1175000,615000
2011/01/17,0,2369897,-1186000,1183897
2011/01/18,0,1388000,-1923150,-535150
2011/01/19,0,3222000,-1502000,1720000
2011/01/20,0,2135000,-1253000,882000
2011/01/21,0,1747000,-2364000,-617000
2011/01/24,0,3088000,-1491000,1597000
2011/01/25,0,8706000,-7111000,1595000
2011/01/26,0,1834000,-99860,1734140
2011/01/27,0,1504000,-2224150,-720150
2011/01/28,0,4269680,-2355000,1914680
2011/01/31,0,0,0,0
2011/02/01,0,0,0,0
2011/02/02,0,0,0,0
2011/02/03,0,0,0,0
2011/02/04,0,0,0,0
2011/02/07,0,0,0,0
2011/02/08,0,2303000,-2328100,-25100
2011/02/09,0,2296000,-2574900,-278900
2011/02/10,0,1326000,-9336950,-8010950
2011/02/11,0,1728000,-11285000,-9557000
2011/02/14,0,1700000,-7160970,-5460970
2011/02/15,0,1558000,-6269000,-4711000
2011/02/16,0,280000,-3650000,-3370000
2011/02/17,0,1172000,-4722860,-3550860
2011/02/18,0,12538000,-1315000,11223000
2011/02/21,0,2107000,-6031000,-3924000
2011/02/22,0,4892000,-5699000,-807000
2011/02/23,0,5665100,-6132910,-467810
2011/02/24,0,6015982,-4102000,1913982
2011/02/25,0,7592000,-8638926,-1046926
2011/02/28,0,0,0,0
2011/03/01,0,2849000,-5221000,-2372000
2011/03/02,0,3347982,-8324000,-4976018
2011/03/03,0,7760000,-5259000,2501000
2011/03/04,0,5643900,-2708000,2935900
2011/03/07,0,304000,-1524000,-1220000
2011/03/08,0,1290000,-2572000,-1282000
2011/03/09,0,2074000,-1430275,643725
2011/03/10,0,462000,-3980530,-3518530
2011/03/11,0,589000,-4329010,-3740010
2011/03/14,0,1812000,-3457000,-1645000
2011/03/15,0,4327000,-15091770,-10764770
2011/03/16,0,1600000,-5264575,-3664575
2011/03/17,0,2572000,-2002630,569370
2011/03/18,0,131000,-7922625,-7791625
2011/03/21,0,521000,-2214000,-1693000
2011/03/22,0,6202000,-4025967,2176033
2011/03/23,0,5068000,-1935000,3133000
2011/03/24,0,985000,-2233999,-1248999
2011/03/25,0,3224000,-878000,2346000
2011/03/28,0,2463000,-562000,1901000
2011/03/29,0,2815000,-660000,2155000
2011/03/30,0,5459000,-1829000,3630000
2011/03/31,0,2115242,-9993288,-7878046
2011/04/01,0,3915990,-403000,3512990
2011/04/04,0,0,0,0
2011/04/05,0,0,0,0
2011/04/06,0,8682445,-1874295,6808150
2011/04/07,0,4834000,-122000,4712000
2011/04/08,0,5799063,-1910000,3889063
2011/04/11,0,3203836,-87000,3116836
2011/04/12,0,2013588,-1571000,442588
2011/04/13,0,1201000,-737398,463602
2011/04/14,0,1808000,-2206000,-398000
2011/04/15,0,1260000,-1245000,15000
2011/04/18,0,699000,-763279,-64279
2011/04/19,0,2068000,-3660000,-1592000
2011/04/20,0,4172000,-3077950,1094050
2011/04/21,0,10799569,-4435000,6364569
2011/04/22,0,3541000,-1479000,2062000
2011/04/25,0,6748000,-1868000,4880000
2011/04/26,0,1813000,-4659205,-2846205
2011/04/27,0,2472000,-1495000,977000
2011/04/28,0,2443017,-1373000,1070017
2011/04/29,0,2060672,-2849000,-788328
2011/05/02,0,0,0,0
2011/05/03,0,3185000,-2765000,420000
2011/05/04,0,1634000,-2760000,-1126000
2011/05/05,0,1283000,-2844000,-1561000
2011/05/06,0,603136,-1650000,-1046864
2011/05/09,0,3832000,-732000,3100000
2011/05/10,0,1721000,-615591,1105409
2011/05/11,0,1938000,-810000,1128000
2011/05/12,0,1141000,-1885000,-744000
2011/05/13,0,385000,-3020310,-2635310
2011/05/16,0,1787000,-2262000,-475000
2011/05/17,0,795000,-1825000,-1030000
2011/05/18,0,1799000,-3961000,-2162000
2011/05/19,0,5200000,-1784000,3416000
2011/05/20,0,1025000,-2269000,-1244000
2011/05/23,0,787000,-4151000,-3364000
2011/05/24,0,1184000,-899806,284194
2011/05/25,0,493000,-2376000,-1883000
2011/05/26,0,951569,-2364497,-1412928
2011/05/27,0,2501000,-1237000,1264000
2011/05/30,0,1329000,-2105000,-776000
2011/05/31,0,5889000,-1442522,4446478
2011/06/01,0,6679000,-1291962,5387038
2011/06/02,0,4053000,-1623000,2430000
2011/06/03,0,2629000,-587700,2041300
2011/06/06,0,0,0,0
2011/06/07,0,1940000,-1489000,451000
2011/06/08,0,1027000,-1740000,-713000
2011/06/09,0,1076000,-305000,771000
2011/06/10,0,1525700,-1915000,-389300
2011/06/13,0,371000,-2855865,-2484865
2011/06/14,0,1697000,-1793000,-96000
2011/06/15,0,7883000,-8416000,-533000
2011/06/16,0,5790000,-5488000,302000
2011/06/17,0,5865813,-8704000,-2838187
2011/06/20,0,2536000,-1397663,1138337
2011/06/21,0,2635000,-1029000,1606000
2011/06/22,0,1901000,-3251000,-1350000
2011/06/23,0,547127,-2569429,-2022302
2011/06/24,0,2859000,-1200457,1658543
2011/06/27,0,4315000,-2689159,1625841
2011/06/28,0,3045000,-2301879,743121
2011/06/29,0,4476000,-3801000,675000
2011/06/30,0,8169000,-1820000,6349000
2011/07/01,0,1181842,-2054000,-872158
2011/07/04,0,265218,-2089792,-1824574
2011/07/05,0,1037780,-1260000,-222220
2011/07/06,0,623826,-341000,282826
2011/07/07,0,3581839,-2805455,776384
2011/07/08,0,6012563,-943000,5069563
2011/07/11,0,1205269,-975000,230269
2011/07/12,0,1266524,-4909841,-3643317
2011/07/13,0,2912119,-825000,2087119
2011/07/14,0,918144,-703000,215144
2011/07/15,0,2412780,-1596000,816780
2011/07/18,0,3232164,-2249000,983164
2011/07/19,0,1069000,-2137000,-1068000
2011/07/20,0,3880655,-1021000,2859655
2011/07/21,0,2734035,-156000,2578035
2011/07/22,0,3776546,-638000,3138546
2011/07/25,0,668348,-653000,15348
2011/07/26,0,3554520,-2991000,563520
2011/07/27,0,1782084,-1344000,438084
2011/07/28,0,783306,-5523000,-4739694
2011/07/29,0,2800967,-5274996,-2474029
2011/08/01,0,6844605,-3708000,3136605
2011/08/02,0,2587315,-3030000,-442685
2011/08/03,0,1010259,-6288000,-5277741
2011/08/04,0,8254626,-4403000,3851626
2011/08/05,0,1663408,-7958000,-6294592
2011/08/08,0,1726479,-21272600,-19546121
2011/08/09,0,6461303,-11478000,-5016697
2011/08/10,0,1574278,-16310332,-14736054
2011/08/11,0,4933000,-6261000,-1328000
2011/08/12,0,272000,-6425467,-6153467
2011/08/15,0,1687719,-530000,1157719
2011/08/16,0,891000,-3317890,-2426890
2011/08/17,0,4872200,-1947000,2925200
2011/08/18,0,1898987,-8648000,-6749013
2011/08/19,0,3111666,-2656000,455666
2011/08/22,0,6336490,-2399000,3937490
2011/08/23,0,3746000,-1771926,1974074
2011/08/24,0,2371869,-5632000,-3260131
2011/08/25,0,3136502,-2270700,865802
2011/08/26,0,9410706,-1707900,7702806
2011/08/29,0,3450000,-475879,2974121
2011/08/30,0,534754,-3371000,-2836246
2011/08/31,0,2166517,-1027000,1139517
2011/09/01,0,8518384,-2729098,5789286
2011/09/02,0,1876408,-4014000,-2137592
2011/09/05,0,1084440,-7263344,-6178904
2011/09/06,0,579232,-6523113,-5943881
2011/09/07,0,5536159,-800400,4735759
2011/09/08,0,2255021,-4569000,-2313979
2011/09/09,0,3355000,-2510620,844380
2011/09/12,0,0,0,0
2011/09/13,0,3200254,-9280160,-6079906
2011/09/14,0,7960206,-5904587,2055619
2011/09/15,0,4484860,-5158310,-673450
2011/09/16,0,7538000,-4837170,2700830
2011/09/19,0,363617,-3351000,-2987383
2011/09/20,0,2677318,-3437027,-759709
2011/09/21,0,1840422,-3871240,-2030818
2011/09/22,0,322351,-8237440,-7915089
2011/09/23,0,4626337,-8180530,-3554193
2011/09/26,0,8481730,-3485270,4996460
2011/09/27,0,7183332,-1428000,5755332
2011/09/28,0,4690554,-3071000,1619554
2011/09/29,0,4124385,-14286020,-10161635
2011/09/30,0,2071000,-5274250,-3203250
2011/10/03,0,610738,-7106730,-6495992
2011/10/04,0,3135000,-5987000,-2852000
2011/10/05,0,2419000,-6322000,-3903000
2011/10/06,0,11268000,-987000,10281000
2011/10/07,0,2917000,-3675000,-758000
2011/10/10,0,0,0,0
2011/10/11,0,4425000,-3464000,961000
2011/10/12,0,1207000,-2652000,-1445000
2011/10/13,0,1343588,-2166000,-822412
2011/10/14,0,1819194,-1198000,621194
2011/10/17,0,2349642,-1681000,668642
2011/10/18,0,544823,-3273400,-2728577
2011/10/19,0,1604973,-2619900,-1014927
2011/10/20,0,488980,-2095770,-1606790
2011/10/21,0,1047635,-591000,456635
2011/10/24,0,8004023,-1345000,6659023
2011/10/25,0,2252424,-2703000,-450576
2011/10/26,0,3402000,-362000,3040000
2011/10/27,0,2748050,-448000,2300050
2011/10/28,0,11335000,-1559002,9775998
2011/10/31,0,7656000,-956664,6699336
2011/11/01,0,3882000,-701000,3181000
2011/11/02,0,4353000,-3372000,981000
2011/11/03,0,6505000,-3961000,2544000
2011/11/04,0,2401000,-144000,2257000
2011/11/07,0,459000,-257000,202000
2011/11/08,0,1758149,-1145000,613149
2011/11/09,0,590714,-3432000,-2841286
2011/11/10,0,1083714,-7182000,-6098286
2011/11/11,0,1288000,-2429333,-1141333
2011/11/14,0,1778000,-196000,1582000
2011/11/15,0,1538000,-268000,1270000
2011/11/16,0,2577560,-4011990,-1434430
2011/11/17,0,1310857,-1437088,-126231
2011/11/18,0,2284000,-2666080,-382080
2011/11/21,0,1548000,-2612000,-1064000
2011/11/22,0,2163000,-1964000,199000
2011/11/23,0,1768000,-7547000,-5779000
2011/11/24,0,3741000,-4493000,-752000
2011/11/25,0,1892000,-5362000,-3470000
2011/11/28,0,1422940,-1371000,51940
2011/11/29,0,2024000,-1254280,769720
2011/11/30,0,5164000,-4149000,1015000
2011/12/01,0,7700000,-602660,7097340
2011/12/02,0,4549000,-985070,3563930
2011/12/05,0,2387000,-352000,2035000
2011/12/06,0,2241000,-1242000,999000
2011/12/07,0,3889000,-716000,3173000
2011/12/08,0,2194000,-2929720,-735720
2011/12/09,0,789258,-2779000,-1989742
2011/12/12,0,526000,-521000,5000
2011/12/13,0,1080000,-2304000,-1224000
2011/12/14,0,1165000,-1983000,-818000
2011/12/15,0,595000,-8548000,-7953000
2011/12/16,0,2742000,-936000,1806000
2011/12/19,0,2258000,-6779000,-4521000
2011/12/20,0,3849000,-2187000,1662000
2011/12/21,0,593000,-734000,-141000
2011/12/22,0,3237000,-1362750,1874250
2011/12/23,0,3433000,-1374000,2059000
2011/12/26,0,1317000,-937000,380000
2011/12/27,0,2362000,-88000,2274000
2011/12/28,0,3395000,-1195000,2200000
2011/12/29,0,2472000,-2060000,412000
2011/12/30,0,3191226,-403000,2788226
2012/01/02,0,527000,-2051000,-1524000
2012/01/03,0,2962310,-504000,2458310
2012/01/04,0,1591000,-5362150,-3771150
2012/01/05,0,2889000,-1184000,1705000
2012/01/06,0,3322786,-3085000,237786
2012/01/09,0,2095000,-1175000,920000
2012/01/10,0,4913000,-457000,4456000
2012/01/11,0,3359000,-1046000,2313000
2012/01/12,0,6796000,-553000,6243000
2012/01/13,0,11444000,-1099000,10345000
2012/01/16,0,3353000,-8265800,-4912800
2012/01/17,0,4623000,-2953000,1670000
2012/01/18,0,3841981,-3779000,62981
2012/01/19,0,0,0,0
2012/01/20,0,0,0,0
2012/01/23,0,0,0,0
2012/01/24,0,0,0,0
2012/01/25,0,0,0,0
2012/01/26,0,0,0,0
2012/01/27,0,0,0,0
2012/01/30,0,7712703,-3184920,4527783
2012/01/31,0,9781600,-2643800,7137800
2012/02/01,0,4813000,-2792980,2020020
2012/02/02,0,3365000,-1650000,1715000
2012/02/03,0,3838000,-752000,3086000
2012/02/06,0,8812000,-4167410,4644590
2012/02/07,0,3410000,-2835000,575000
2012/02/08,0,3035000,-3323000,-288000
2012/02/09,0,2493000,-2675294,-182294
2012/02/10,0,1951790,-1577000,374790
2012/02/13,0,3506000,-891000,2615000
2012/02/14,0,1784148,-2046500,-262352
2012/02/15,0,5369000,-396000,4973000
2012/02/16,0,2260000,-1651000,609000
2012/02/17,0,4307000,-1880000,2427000
2012/02/20,0,1056000,-6271000,-5215000
2012/02/21,0,2590000,-3737000,-1147000
2012/02/22,0,5130000,-2033000,3097000
2012/02/23,0,1219000,-3613000,-2394000
2012/02/24,0,2077000,-3212000,-1135000
2012/02/27,0,0,0,0
2012/02/28,0,0,0,0
2012/02/29,0,9889243,-3240350,6648893
2012/03/01,0,2187864,-888960,1298904
2012/03/02,0,3636395,-2414370,1222025
2012/03/05,0,447000,-3168000,-2721000
2012/03/06,0,2335000,-3447950,-1112950
2012/03/07,0,576000,-2039060,-1463060
2012/03/08,0,2146000,-3177000,-1031000
2012/03/09,0,1742000,-2505000,-763000
2012/03/12,0,1375000,-1722000,-347000
2012/03/13,0,6979000,-2331530,4647470
2012/03/14,0,5678250,-3111909,2566341
2012/03/15,0,2513000,-539000,1974000
2012/03/16,0,3341000,-3574000,-233000
2012/03/19,0,679000,-1887000,-1208000
2012/03/20,0,466000,-1447000,-981000
2012/03/21,0,5807910,-6720090,-912180
2012/03/22,0,2839000,-1978000,861000
2012/03/23,0,1807000,-660000,1147000
2012/03/26,0,912143,-8334000,-7421857
2012/03/27,0,2241000,-1268645,972355
2012/03/28,0,571000,-2268770,-1697770
2012/03/29,0,3368000,-4671000,-1303000
2012/03/30,0,3114382,-3437500,-323118
2012/04/02,0,595000,-2492000,-1897000
2012/04/03,0,3173066,-590001,2583065
2012/04/04,0,0,0,0
2012/04/05,0,1824000,-3375000,-1551000
2012/04/06,0,260000,-3998000,-3738000
2012/04/09,0,892000,-3059000,-2167000
2012/04/10,0,3185000,-2141000,1044000
2012/04/11,0,1066000,-2542380,-1476380
2012/04/12,0,3346000,-5469000,-2123000
2012/04/13,0,5701785,-6914308,-1212523
2012/04/16,0,570000,-3484000,-2914000
2012/04/17,0,1473000,-5275000,-3802000
2012/04/18,0,3307000,-3423981,-116981
2012/04/19,0,2142000,-132000,2010000
2012/04/20,0,1370000,-7739114,-6369114
2012/04/23,0,4079000,-1676000,2403000
2012/04/24,0,2565000,-981000,1584000
2012/04/25,0,1673000,-494000,1179000
2012/04/26,0,3698000,-2138000,1560000
2012/04/27,0,3242333,-2401000,841333
2012/04/30,0,7387000,-7292109,94891
2012/05/01,0,0,0,0
2012/05/02,0,3844000,-938000,2906000
2012/05/03,0,1511000,-1273000,238000
2012/05/04,0,3879000,-3833000,46000
2012/05/07,0,1814000,-7898000,-6084000
2012/05/08,0,312000,-2899420,-2587420
2012/05/09,0,1182000,-3684000,-2502000
2012/05/10,0,1313218,-468192,845026
2012/05/11,0,1273982,-4014000,-2740018
2012/05/14,0,655000,-1356000,-701000
2012/05/15,0,999000,-1377640,-378640
2012/05/16,0,709857,-5392000,-4682143
2012/05/17,0,3549000,-1707672,1841328
2012/05/18,0,2439000,-4531000,-2092000
2012/05/21,0,494000,-553139,-59139
2012/05/22,0,1564000,-1862000,-298000
2012/05/23,0,882857,-3395000,-2512143
2012/05/24,0,1612000,-1029000,583000
2012/05/25,0,846000,-425000,421000
2012/05/28,0,1363000,-436000,927000
2012/05/29,0,2181000,-904000,1277000
2012/05/30,0,4836000,-7543828,-2707828
2012/05/31,0,3455239,-6032759,-2577520
2012/06/01,0,1409000,-2189363,-780363
2012/06/04,0,2506733,-1121000,1385733
2012/06/05,0,1378000,-1055000,323000
2012/06/06,0,2162000,-1346000,816000
2012/06/07,0,3478307,-990000,2488307
2012/06/08,0,952878,-1330000,-377122
2012/06/11,0,3302100,-996000,2306100
2012/06/12,0,996000,-1793000,-797000
2012/06/13,0,1324842,-2009420,-684578
2012/06/14,0,1262534,-1175000,87534
2012/06/15,0,3785000,-2400717,1384283
2012/06/18,0,2075694,-771000,1304694
2012/06/19,0,2017958,-448000,1569958
2012/06/20,0,3573582,-2177000,1396582
2012/06/21,0,672396,-901000,-228604
2012/06/22,0,876250,-4786000,-3909750
2012/06/25,0,1470000,-3030470,-1560470
2012/06/26,0,1437000,-861000,576000
2012/06/27,0,1860000,-1523610,336390
2012/06/28,0,4344000,-2277490,2066510
2012/06/29,0,5356000,-628000,4728000
2012/07/02,0,905000,-2012000,-1107000
2012/07/03,0,2951130,-1247000,1704130
2012/07/04,0,2858164,-748000,2110164
2012/07/05,0,3506000,-438000,3068000
2012/07/06,0,3655000,-728000,2927000
2012/07/09,0,2365000,-314000,2051000
2012/07/10,0,1551420,-794800,756620
2012/07/11,0,1544000,-410000,1134000
2012/07/12,0,2422000,-3124000,-702000
2012/07/13,0,2694688,-365519,2329169
2012/07/16,0,1191000,-543000,648000
2012/07/17,0,3035000,-433000,2602000
2012/07/18,0,1777000,-3306760,-1529760
2012/07/19,0,2866000,-2131130,734870
2012/07/20,0,2665000,-696260,1968740
2012/07/23,0,1478000,-3211000,-1733000
2012/07/24,0,2402000,-1150130,1251870
2012/07/25,0,613000,-3404000,-2791000
2012/07/26,0,3074000,-1831274,1242726
2012/07/27,0,4532000,-56000,4476000
2012/07/30,0,2448220,-742130,1706090
2012/07/31,0,6790907,-890000,5900907
2012/08/01,0,2624000,-594870,2029130
2012/08/02,0,0,0,0
2012/08/03,0,6251238,-809130,5442108
2012/08/06,0,7247000,-375000,6872000
2012/08/07,0,4336000,-790000,3546000
2012/08/08,0,3490473,-307000,3183473
2012/08/09,0,6289000,-378000,5911000
2012/08/10,0,2880000,-600000,2280000
2012/08/13,0,1708000,-1750000,-42000
2012/08/14,0,4677000,-493000,4184000
2012/08/15,0,3684000,-117000,3567000
2012/08/16,0,1853000,-1864000,-11000
2012/08/17,0,852000,-664000,188000
2012/08/20,0,183000,-566000,-383000
2012/08/21,0,4998378,-527771,4470607
2012/08/22,0,1011143,-412000,599143
2012/08/23,0,1590743,-596000,994743
2012/08/24,0,1741000,-201000,1540000
2012/08/27,0,1732000,-883000,849000
2012/08/28,0,1210994,-500000,710994
2012/08/29,0,3654000,-1899000,1755000
2012/08/30,0,6855000,-5909000,946000
2012/08/31,0,1768733,-1253520,515213
2012/09/03,0,954000,-2160000,-1206000
2012/09/04,0,591000,-1212000,-621000
2012/09/05,0,1170143,-4024000,-2853857
2012/09/06,0,396000,-1528610,-1132610
2012/09/07,0,2254000,-442092,1811908
2012/09/10,0,437000,-743000,-306000
2012/09/11,0,439000,-626000,-187000
2012/09/12,0,1882000,-295000,1587000
2012/09/13,0,2036000,-183590,1852410
2012/09/14,0,5902000,-716327,5185673
2012/09/17,0,2169000,-1138000,1031000
2012/09/18,0,3394000,-588000,2806000
2012/09/19,0,5293090,-392000,4901090
2012/09/20,0,3369750,-145000,3224750
2012/09/21,0,5447000,-1463310,3983690
2012/09/24,0,2960030,-1358000,1602030
2012/09/25,0,5027000,-142150,4884850
2012/09/26,0,2721000,-250000,2471000
2012/09/27,0,3655000,-555080,3099920
2012/09/28,0,3118820,-836154,2282666
2012/10/01,0,1921000,-302000,1619000
2012/10/02,0,2786000,-409949,2376051
2012/10/03,0,874000,-280000,594000
2012/10/04,0,3542000,-363000,3179000
2012/10/05,0,534000,-128000,406000
2012/10/08,0,1932800,-938610,994190
2012/10/09,0,2524000,-907172,1616828
2012/10/10,0,0,0,0
2012/10/11,0,704550,-1745000,-1040450
2012/10/12,0,1711000,-2167000,-456000
2012/10/15,0,1821000,-1469000,352000
2012/10/16,0,933000,-1064288,-131288
2012/10/17,0,1283000,-3379000,-2096000
2012/10/18,0,1870000,-1184584,685416
2012/10/19,0,831000,-1283000,-452000
2012/10/22,0,1629000,-1625975,3025
2012/10/23,0,736400,-1356306,-619906
2012/10/24,0,365000,-1863463,-1498463
2012/10/25,0,263000,-1438000,-1175000
2012/10/26,0,2105000,-2188152,-83152
2012/10/29,0,784600,-1203000,-418400
2012/10/30,0,1528000,-2467000,-939000
2012/10/31,0,869000,-2480000,-1611000
2012/11/01,0,1827000,-3511000,-1684000
2012/11/02,0,3855000,-1578000,2277000
2012/11/05,0,821000,-1128000,-307000
2012/11/06,0,1080000,-546000,534000
2012/11/07,0,1522000,-1210000,312000
2012/11/08,0,1584000,-4317000,-2733000
2012/11/09,0,1138000,-2589000,-1451000
2012/11/12,0,650000,-973000,-323000
2012/11/13,0,606000,-4031000,-3425000
2012/11/14,0,847000,-977630,-130630
2012/11/15,0,966000,-1921000,-955000
2012/11/16,0,1118000,-1950000,-832000
2012/11/19,0,1450000,-792000,658000
2012/11/20,0,606658,-747000,-140342
2012/11/21,0,1501000,-3483000,-1982000
2012/11/22,0,2000000,-256000,1744000
2012/11/23,0,5990000,-393000,5597000
2012/11/26,0,2549000,-305000,2244000
2012/11/27,0,5146000,-1223210,3922790
2012/11/28,0,5609000,-911382,4697618
2012/11/29,0,6322000,-1372000,4950000
2012/11/30,0,9466000,-1222025,8243975
2012/12/03,0,4453000,-1475304,2977696
2012/12/04,0,2805070,-2620000,185070
2012/12/05,0,4908000,-901000,4007000
2012/12/06,0,4546000,-338366,4207634
2012/12/07,0,3886000,-1345,3884655
2012/12/10,0,2734000,-546900,2187100
2012/12/11,0,6414653,-37000,6377653
2012/12/12,0,7737000,-284000,7453000
2012/12/13,0,3439889,-3483223,-43334
2012/12/14,0,4192280,-663006,3529274
2012/12/17,0,3116360,-18000,3098360
2012/12/18,0,3695000,-1449053,2245947
2012/12/19,0,5596000,-4015220,1580780
2012/12/20,0,1619000,-2634890,-1015890
2012/12/21,0,3039000,-2353567,685433
2012/12/24,0,1326400,-334000,992400
2012/12/25,0,2925000,-201000,2724000
2012/12/26,0,2558000,-919000,1639000
2012/12/27,0,2539290,-1426000,1113290
2012/12/28,0,3124000,-1169000,1955000
2012/12/31,0,0,0,0
2013/01/01,0,0,0,0
2013/01/02,0,4536000,-329000,4207000
2013/01/03,0,2743000,-2583000,160000
2013/01/04,0,3050000,-3010000,40000
2013/01/07,0,1709000,-2775290,-1066290
2013/01/08,0,940000,-2101000,-1161000
2013/01/09,0,1512000,-2566400,-1054400
2013/01/10,0,5497000,-1547790,3949210
2013/01/11,0,2992000,-1994000,998000
2013/01/14,0,1103000,-3978000,-2875000
2013/01/15,0,897000,-2951000,-2054000
2013/01/16,0,1946000,-2065000,-119000
2013/01/17,0,1465000,-3395000,-1930000
2013/01/18,0,1208000,-1271000,-63000
2013/01/21,0,480000,-955000,-475000
2013/01/22,0,999000,-688527,310473
2013/01/23,0,1228000,-1251381,-23381
2013/01/24,0,1048200,-1809989,-761789
2013/01/25,0,725662,-3091000,-2365338
2013/01/28,0,6084909,-5960909,124000
2013/01/29,0,2866400,-2387000,479400
2013/01/30,0,1636000,-1048000,588000
2013/01/31,0,5217000,-3226640,1990360
2013/02/01,0,691000,-337000,354000
2013/02/04,0,2141000,-985000,1156000
2013/02/05,0,1655370,-662000,993370
2013/02/06,0,1087000,-1516200,-429200
2013/02/07,0,0,0,0
2013/02/08,0,0,0,0
2013/02/11,0,0,0,0
2013/02/12,0,0,0,0
2013/02/13,0,0,0,0
2013/02/14,0,0,0,0
2013/02/15,0,0,0,0
2013/02/18,0,4820747,-2363160,2457587
2013/02/19,0,1372881,-1827000,-454119
2013/02/20,0,6202494,-2310810,3891684
2013/02/21,0,3894000,-5544000,-1650000
2013/02/22,0,7789000,-2152000,5637000
2013/02/25,0,3598000,-3318344,279656
2013/02/26,0,2549000,-2823835,-274835
2013/02/27,0,3256000,-2911507,344493
2013/02/28,0,0,0,0
2013/03/01,0,3122000,-1453000,1669000
2013/03/04,0,1259000,-4483000,-3224000
2013/03/05,0,5131000,-4516000,615000
2013/03/06,0,2501000,-185000,2316000
2013/03/07,0,697000,-1599448,-902448
2013/03/08,0,2407200,-746000,1661200
2013/03/11,0,1835000,-2525000,-690000
2013/03/12,0,1347000,-971676,375324
2013/03/13,0,2952000,-3119000,-167000
2013/03/14,0,3809000,-3913583,-104583
2013/03/15,0,3367610,-6870000,-3502390
2013/03/18,0,1089000,-2500800,-1411800
2013/03/19,0,1198000,-3092598,-1894598
2013/03/20,0,2382000,-6383960,-4001960
2013/03/21,0,1308825,-2352000,-1043175
2013/03/22,0,3003657,-3540484,-536827
2013/03/25,0,2777000,-1557000,1220000
2013/03/26,0,1737000,-3445000,-1708000
2013/03/27,0,2726000,-1454490,1271510
2013/03/28,0,1743000,-2613000,-870000
2013/03/29,0,2784000,-1829000,955000
2013/04/01,0,2584364,-974000,1610364
2013/04/02,0,2631352,-843000,1788352
2013/04/03,0,1767000,-1120000,647000
2013/04/04,0,0,0,0
2013/04/05,0,0,0,0
2013/04/08,0,10851000,-3560219,7290781
2013/04/09,0,3901000,-3870154,30846
2013/04/10,0,2386000,-5175238,-2789238
2013/04/11,0,2272988,-2285123,-12135
2013/04/12,0,3729000,-1398000,2331000
2013/04/15,0,2305042,-1582000,723042
2013/04/16,0,2600068,-522000,2078068
2013/04/17,0,2208000,-7977000,-5769000
2013/04/18,0,812000,-2227000,-1415000
2013/04/19,0,2449000,-1148000,1301000
2013/04/22,0,1860000,-701000,1159000
2013/04/23,0,1603000,-533000,1070000
2013/04/24,0,2838000,-563000,2275000
2013/04/25,0,2325710,-1271340,1054370
2013/04/26,0,3292000,-1163000,2129000
2013/04/29,0,4061000,-1099000,2962000
2013/04/30,0,4766000,-3376000,1390000
2013/05/01,0,0,0,0
2013/05/02,0,2836000,-535611,2300389
2013/05/03,0,1486000,-141000,1345000
2013/05/06,0,1856000,-802775,1053225
2013/05/07,0,2099000,-1664372,434628
2013/05/08,0,3550049,-1762301,1787748
2013/05/09,0,2854161,-796640,2057521
2013/05/10,0,1463000,-85070,1377930
2013/05/13,0,481000,-546350,-65350
2013/05/14,0,1950000,-1651960,298040
2013/05/15,0,3267000,-896650,2370350
2013/05/16,0,2421000,-1512000,909000
2013/05/17,0,1339000,-350000,989000
2013/05/20,0,1008000,-1155000,-147000
2013/05/21,0,1082000,-1387383,-305383
2013/05/22,0,1879000,-915000,964000
2013/05/23,0,1062000,-4560000,-3498000
2013/05/24,0,461563,-3300000,-2838437
2013/05/27,0,582064,-1311000,-728936
2013/05/28,0,932000,-1473000,-541000
2013/05/29,0,1036000,-3256000,-2220000
2013/05/30,0,538000,-6524000,-5986000
2013/05/31,0,3481000,-6477833,-2996833
2013/06/03,0,343000,-2336332,-1993332
2013/06/04,0,589000,-2733620,-2144620
2013/06/05,0,774000,-1585954,-811954
2013/06/06,0,881464,-4485200,-3603736
2013/06/07,0,681000,-6141500,-5460500
2013/06/10,0,547000,-1079000,-532000
2013/06/11,0,1271684,-7325000,-6053316
2013/06/12,0,0,0,0
2013/06/13,0,806000,-11612487,-10806487
2013/06/14,0,1042000,-4882650,-3840650
2013/06/17,0,746000,-2904544,-2158544
2013/06/18,0,1235000,-8937000,-7702000
2013/06/19,0,743000,-8129517,-7386517
2013/06/20,0,866000,-9092089,-8226089
2013/06/21,0,10634000,-12440095,-1806095
2013/06/24,0,3047000,-8089000,-5042000
2013/06/25,0,4624000,-5005215,-381215
2013/06/26,0,7552000,-10178842,-2626842
2013/06/27,0,3048000,-5755000,-2707000
2013/06/28,0,6585000,-5257720,1327280
2013/07/01,0,4215630,-3401667,813963
2013/07/02,0,2621429,-2521926,99503
2013/07/03,0,3170000,-5397800,-2227800
2013/07/04,0,343000,-951000,-608000
2013/07/05,0,2666000,-2210000,456000
2013/07/08,0,2581000,-3310000,-729000
2013/07/09,0,3509000,-3030687,478313
2013/07/10,0,3832000,-2955708,876292
2013/07/11,0,9174268,-1501000,7673268
2013/07/12,0,3665000,-395000,3270000
2013/07/15,0,3990340,-1671000,2319340
2013/07/16,0,5232000,-2213000,3019000
2013/07/17,0,7768000,-327140,7440860
2013/07/18,0,5780000,-910000,4870000
2013/07/19,0,3881783,-628631,3253152
2013/07/22,0,2911362,-616630,2294732
2013/07/23,0,5609000,-1236000,4373000
2013/07/24,0,2077120,-655000,1422120
2013/07/25,0,2916000,-646000,2270000
2013/07/26,0,1707000,-932520,774480
2013/07/29,0,1633000,-748000,885000
2013/07/30,0,5416000,-591000,4825000
2013/07/31,0,3438000,-3701000,-263000
2013/08/01,0,1605000,-887000,718000
2013/08/02,0,2751000,-2108000,643000
2013/08/05,0,381429,-1216000,-834571
2013/08/06,0,939000,-3660000,-2721000
2013/08/07,0,512000,-9921309,-9409309
2013/08/08,0,904018,-3511070,-2607052
2013/08/09,0,379000,-3904000,-3525000
2013/08/12,0,1222000,-1292000,-70000
2013/08/13,0,1341000,-841000,500000
2013/08/14,0,1843988,-2345000,-501012
2013/08/15,0,1323000,-3805586,-2482586
2013/08/16,0,2329479,-2550000,-220521
2013/08/19,0,1513000,-3533000,-2020000
2013/08/20,0,773000,-2371450,-1598450
2013/08/21,0,0,0,0
2013/08/22,0,1402000,-8879000,-7477000
2013/08/23,0,933000,-2578000,-1645000
2013/08/26,0,111000,-1723000,-1612000
2013/08/27,0,471000,-4328000,-3857000
2013/08/28,0,434000,-3757000,-3323000
2013/08/29,0,3014039,-617000,2397039
2013/08/30,0,4354000,-1578473,2775527
2013/09/02,0,1377000,-494785,882215
2013/09/03,0,3596000,-1427000,2169000
2013/09/04,0,3096000,-1137000,1959000
2013/09/05,0,3890556,-1718000,2172556
2013/09/06,0,2915000,-2061000,854000
2013/09/09,0,5156000,-1003000,4153000
2013/09/10,0,4494000,-1243000,3251000
2013/09/11,0,7685000,-689718,6995282
2013/09/12,0,4817000,-50000,4767000
2013/09/13,0,3826000,-736638,3089362
2013/09/16,0,6832000,-77000,6755000
2013/09/17,0,5635000,-3671507,1963493
2013/09/18,0,6460741,-7698243,-1237502
2013/09/19,0,0,0,0
2013/09/20,0,0,0,0
2013/09/23,0,9819540,-2706460,7113080
2013/09/24,0,4612000,-2676999,1935001
2013/09/25,0,5503116,-1532856,3970260
2013/09/26,0,2802000,-1191071,1610929
2013/09/27,0,4652000,-2621186,2030814
2013/09/30,0,2665000,-3881158,-1216158
2013/10/01,0,480000,-1535479,-1055479
2013/10/02,0,1485731,-1886206,-400475
2013/10/03,0,7638729,-570000,7068729
2013/10/04,0,2501000,-280000,2221000
2013/10/07,0,1521218,-1424090,97128
2013/10/08,0,2904000,-771000,2133000
2013/10/09,0,2379000,-1513144,865856
2013/10/10,0,0,0,0
2013/10/11,0,2991000,-1938597,1052403
2013/10/14,0,3378000,-294484,3083516
2013/10/15,0,3306000,-1182652,2123348
2013/10/16,0,1938000,-652790,1285210
2013/10/17,0,1940000,-684000,1256000
2013/10/18,0,1284000,-4710429,-3426429
2013/10/21,0,1461000,-1892000,-431000
2013/10/22,0,1029000,-2929000,-1900000
2013/10/23,0,3453365,-3061000,392365
2013/10/24,0,1946000,-2347000,-401000
2013/10/25,0,1549518,-3716000,-2166482
2013/10/28,0,1958000,-2858752,-900752
2013/10/29,0,2870000,-2918402,-48402
2013/10/30,0,1737000,-2207000,-470000
2013/10/31,0,2887966,-3305024,-417058
2013/11/01,0,1400000,-2145000,-745000
2013/11/04,0,355000,-5936000,-5581000
2013/11/05,0,810000,-3038452,-2228452
2013/11/06,0,1486000,-1830000,-344000
2013/11/07,0,1005000,-2734000,-1729000
2013/11/08,0,480000,-2159000,-1679000
2013/11/11,0,554000,-6391000,-5837000
2013/11/12,0,2400000,-2589325,-189325
2013/11/13,0,1566800,-4236000,-2669200
2013/11/14,0,1653000,-3335510,-1682510
2013/11/15,0,726000,-2335000,-1609000
2013/11/18,0,1283000,-1294909,-11909
2013/11/19,0,2166817,-3373817,-1207000
2013/11/20,0,1893000,-3186464,-1293464
2013/11/21,0,743000,-4335000,-3592000
2013/11/22,0,1713000,-1656400,56600
2013/11/25,0,3227000,-1747000,1480000
2013/11/26,0,7729350,-5080921,2648429
2013/11/27,0,1162218,-2192000,-1029782
2013/11/28,0,2696000,-99796,2596204
2013/11/29,0,2928849,-1179000,1749849
2013/12/02,0,1193218,-151000,1042218
2013/12/03,0,1229730,-510479,719251
2013/12/04,0,3212000,-1810050,1401950
2013/12/05,0,1345000,-2347000,-1002000
2013/12/06,0,1876000,-2733000,-857000
2013/12/09,0,3465000,-655562,2809438
2013/12/10,0,1184000,-451000,733000
2013/12/11,0,3313000,-465000,2848000
2013/12/12,0,253010,-880815,-627805
2013/12/13,0,985000,-1245794,-260794
2013/12/16,0,108250,-2104481,-1996231
2013/12/17,0,952000,-926553,25447
2013/12/18,0,1865000,-1041000,824000
2013/12/19,0,1752000,-1004678,747322
2013/12/20,0,1695000,-4179990,-2484990
2013/12/23,0,3122000,-3396785,-274785
2013/12/24,0,1185000,-723600,461400
2013/12/25,0,507000,-68950,438050
2013/12/26,0,1315000,-42000,1273000
2013/12/27,0,3461000,-420000,3041000
2013/12/30,0,4875000,-21005,4853995
2013/12/31,0,2040000,-379000,1661000
2014/01/02,0,3758000,-1517000,2241000
2014/01/03,0,952000,-1891000,-939000
2014/01/06,0,2861990,-1397060,1464930
2014/01/07,0,2560000,-1394000,1166000
2014/01/08,0,1784000,-1944000,-160000
2014/01/09,0,1235000,-1865000,-630000
2014/01/10,0,1677000,-1569000,108000
2014/01/13,0,3049410,-431000,2618410
2014/01/14,0,1085000,-1364000,-279000
2014/01/15,0,5122000,-1962000,3160000
2014/01/16,0,4463000,-644188,3818812
2014/01/17,0,2686355,-665864,2020491
2014/01/20,0,1356000,-596000,760000
2014/01/21,0,2152000,-1529786,622214
2014/01/22,0,3189000,-1313000,1876000
2014/01/23,0,1233180,-1490014,-256834
2014/01/24,0,2567000,-1805326,761674
2014/01/27,0,2392000,-11626097,-9234097
2014/02/05,0,7530000,-15713373,-8183373
2014/02/06,0,2572000,-7827900,-5255900
2014/02/07,0,3063000,-4787056,-1724056
2014/02/10,0,953217,-1935000,-981783
2014/02/11,0,1951000,-1618282,332718
2014/02/12,0,2350000,-1868622,481378
2014/02/13,0,2289028,-1335454,953574
2014/02/14,0,4234000,-490041,3743959
2014/02/17,0,1067000,-515000,552000
2014/02/18,0,2062000,-853467,1208533
2014/02/19,0,2058000,-573000,1485000
2014/02/20,0,700000,-701968,-1968
2014/02/21,0,3534000,-1385000,2149000
2014/02/24,0,2296000,-625940,1670060
2014/02/25,0,2625399,-925432,1699967
2014/02/26,0,3725210,-2790473,934737
2014/02/27,0,3409770,-2158236,1251534
2014/03/03,0,2352000,-4348000,-1996000
2014/03/04,0,1112000,-1994000,-882000
2014/03/05,0,581000,-1769923,-1188923
2014/03/06,0,2336000,-1549017,786983
2014/03/07,0,2799000,-393000,2406000
2014/03/10,0,1371000,-2184019,-813019
2014/03/11,0,555000,-1183000,-628000
2014/03/12,0,1470000,-1944097,-474097
2014/03/13,0,1475000,-1891527,-416527
2014/03/14,0,1971000,-2838000,-867000
2014/03/17,0,741000,-1879351,-1138351
2014/03/18,0,1965000,-1492929,472071
2014/03/19,0,571000,-1867180,-1296180
2014/03/20,0,228000,-4648327,-4420327
2014/03/21,0,4185000,-7621586,-3436586
2014/03/24,0,1565000,-880000,685000
2014/03/25,0,583000,-1753380,-1170380
2014/03/26,0,1231000,-2383023,-1152023
2014/03/27,0,2139000,-2810000,-671000
2014/03/28,0,2858000,-868000,1990000
2014/03/31,0,3030449,-1949364,1081085
2014/04/01,0,2576000,-912966,1663034
2014/04/02,0,2370000,-1822624,547376
2014/04/03,0,3410000,-1669457,1740543
2014/04/07,0,6266000,-3907000,2359000
2014/04/08,0,1451019,-816000,635019
2014/04/09,0,2555000,-1183580,1371420
2014/04/10,0,1246000,-987000,259000
2014/04/11,0,2280000,-963123,1316877
2014/04/14,0,2512000,-1069000,1443000
2014/04/15,0,1088000,-2273000,-1185000
2014/04/16,0,2152000,-2376000,-224000
2014/04/17,0,1321000,-435000,886000
2014/04/18,0,1151000,-644000,507000
2014/04/21,0,67000,-44000,23000
2014/04/22,0,198000,-262000,-64000
2014/04/23,0,322000,-232000,90000
2014/04/24,0,1508000,-227000,1281000
2014/04/25,0,744000,-1204000,-460000
2014/04/28,0,2045000,-1502000,543000
2014/04/29,0,803000,-833000,-30000
2014/04/30,0,1411980,-4343000,-2931020
2014/05/02,0,830000,-744000,86000
2014/05/05,0,65000,-738170,-673170
2014/05/06,0,1368000,-403000,965000
2014/05/07,0,417000,-2073000,-1656000
2014/05/08,0,2221000,-629000,1592000
2014/05/09,0,665000,-1113354,-448354
2014/05/12,0,731019,-2566070,-1835051
2014/05/13,0,1271000,-2065000,-794000
2014/05/14,0,2891000,-1115000,1776000
2014/05/15,0,877000,-211000,666000
2014/05/16,0,1247000,-590000,657000
2014/05/19,0,792110,-608261,183849
2014/05/20,0,708000,-967276,-259276
2014/05/21,0,956000,-2031000,-1075000
2014/05/22,0,2417000,-187000,2230000
2014/05/23,0,3221000,-1143603,2077397
2014/05/26,0,4414000,-395000,4019000
2014/05/27,0,2234000,-887000,1347000
2014/05/28,0,4673000,-1760000,2913000
2014/05/29,0,2626000,-1801797,824203
2014/05/30,0,6558800,-6716002,-157202
2014/06/03,0,2123000,-1568000,555000
2014/06/04,0,1101000,-2066000,-965000
2014/06/05,0,1109000,-1168000,-59000
2014/06/06,0,631630,-566000,65630
2014/06/09,0,744000,-285000,459000
2014/06/10,0,4058720,-485000,3573720
2014/06/11,0,1651000,-542000,1109000
2014/06/12,0,2213000,-308800,1904200
2014/06/13,0,2498607,-1209820,1288787
2014/06/16,0,1734000,-1002203,731797
2014/06/17,0,2683000,-2965516,-282516
2014/06/18,0,6572000,-3927000,2645000
2014/06/19,0,2941017,-1548000,1393017
2014/06/20,0,4321000,-2200000,2121000
2014/06/23,0,3000000,-1146396,1853604
2014/06/24,0,2116000,-1617367,498633
2014/06/25,0,1765000,-965420,799580
2014/06/26,0,2518776,-1224000,1294776
2014/06/27,0,1976000,-1171000,805000
2014/06/30,0,1458000,-1249000,209000
2014/07/01,0,2112000,-99000,2013000
2014/07/02,0,3132039,-575031,2557008
2014/07/03,0,1001000,-350000,651000
2014/07/04,0,602071,-1582000,-979929
2014/07/07,0,1495000,-536000,959000
2014/07/08,0,2775000,-110535,2664465
2014/07/09,0,2997980,-173793,2824187
2014/07/10,0,3942000,-5759000,-1817000
2014/07/11,0,2485000,-324000,2161000
2014/07/14,0,3548000,-319000,3229000
2014/07/15,0,4731786,-4206820,524966
2014/07/16,0,3905000,-2485000,1420000
2014/07/17,0,5412982,-300000,5112982
2014/07/18,0,5198000,-208000,4990000
2014/07/21,0,5092000,-742000,4350000
2014/07/22,0,3955000,-358000,3597000
2014/07/23,0,0,0,0
2014/07/24,0,3560000,-716000,2844000
2014/07/25,0,5881000,-2230421,3650579
2014/07/28,0,4459770,-950770,3509000
2014/07/29,0,5699000,-2126000,3573000
2014/07/30,0,7122000,-1860000,5262000
2014/07/31,0,2931000,-4300449,-1369449
2014/08/01,0,2076000,-1964000,112000
2014/08/04,0,3731000,-3448000,283000
2014/08/05,0,3556000,-8597548,-5041548
2014/08/06,0,4569000,-1631000,2938000
2014/08/07,0,1438842,-1941920,-503078
2014/08/08,0,1457000,-2724256,-1267256
2014/08/11,0,168000,-1556000,-1388000
2014/08/12,0,840000,-2785029,-1945029
2014/08/13,0,3236000,-1175000,2061000
2014/08/14,0,1055629,-1421000,-365371
2014/08/15,0,911000,-1232000,-321000
2014/08/18,0,1561002,-2062000,-500998
2014/08/19,0,2406005,-1514000,892005
2014/08/20,0,3009415,-827000,2182415
2014/08/21,0,2363000,-1390000,973000
2014/08/22,0,6822783,-2523000,4299783
2014/08/25,0,2428000,-1296000,1132000
2014/08/26,0,2293162,-300000,1993162
2014/08/27,0,5692000,-650000,5042000
2014/08/28,0,4562000,-684000,3878000
2014/08/29,0,3467000,-2366000,1101000
2014/09/01,0,1908000,-136840,1771160
2014/09/02,0,1142000,-1570108,-428108
2014/09/03,0,3782821,-1093000,2689821
2014/09/04,0,1818999,-490676,1328323
2014/09/05,0,1962091,-119000,1843091
2014/09/09,0,4611000,-1338200,3272800
2014/09/10,0,969000,-4851200,-3882200
2014/09/11,0,3066000,-1564604,1501396
2014/09/12,0,2666318,-3326000,-659682
2014/09/15,0,1450000,-2627000,-1177000
2014/09/16,0,654000,-3557000,-2903000
2014/09/17,0,3088000,-3702742,-614742
2014/09/18,0,856000,-937000,-81000
2014/09/19,0,1637477,-2400700,-763223
2014/09/22,0,1593000,-4977000,-3384000
2014/09/23,0,947000,-2407250,-1460250
2014/09/24,0,1362397,-1984000,-621603
2014/09/25,0,3037000,-2241000,796000
2014/09/26,0,2442267,-3350267,-908000
2014/09/29,0,3425000,-8519360,-5094360
2014/09/30,0,2383000,-5837000,-3454000
2014/10/01,0,827000,-5336000,-4509000
2014/10/02,0,343000,-5726422,-5383422
2014/10/03,0,1826200,-4325000,-2498800
2014/10/06,0,394000,-4729000,-4335000
2014/10/07,0,729000,-3934000,-3205000
2014/10/08,0,5048520,-3033160,2015360
2014/10/09,0,2787540,-1949600,837940
2014/10/13,0,1264907,-1853000,-588093
2014/10/14,0,3760000,-2570700,1189300
2014/10/15,0,4656785,-6307000,-1650215
2014/10/16,0,1795000,-2894392,-1099392
2014/10/17,0,939000,-6644660,-5705660
2014/10/20,0,1806000,-3135665,-1329665
2014/10/21,0,2239000,-1996000,243000
2014/10/22,0,1565880,-1464000,101880
2014/10/23,0,1279200,-1601000,-321800
2014/10/24,0,1074000,-5214649,-4140649
2014/10/27,0,2641000,-2034324,606676
2014/10/28,0,5666000,-1477820,4188180
2014/10/29,0,3865599,-860000,3005599
2014/10/30,0,4560806,-220000,4340806
2014/10/31,0,6034000,-2898000,3136000
2014/11/03,0,4116000,-3476000,640000
2014/11/04,0,5412000,-606000,4806000
2014/11/05,0,1723000,-3534000,-1811000
2014/11/06,0,10266800,-1974681,8292119
2014/11/07,0,991000,-1616144,-625144
2014/11/10,0,5283700,-631000,4652700
2014/11/11,0,2429000,-746000,1683000
2014/11/12,0,3859700,-3582490,277210
2014/11/13,0,4702000,-1683000,3019000
2014/11/14,0,3928000,-3608000,320000
2014/11/17,0,3814000,-2949166,864834
2014/11/18,0,3494263,-803000,2691263
2014/11/19,0,8549400,-4303000,4246400
2014/11/20,0,4285000,-2009173,2275827
2014/11/21,0,2536000,-2650000,-114000
2014/11/24,0,1417000,-1196806,220194
2014/11/25,0,4068000,-4395551,-327551
2014/11/26,0,979000,-2411000,-1432000
2014/11/27,0,4083000,-1455000,2628000
2014/11/28,0,2547000,-2462000,85000
2014/12/01,0,2211783,-5319000,-3107217
2014/12/02,0,3328000,-5193000,-1865000
2014/12/03,0,3421000,-2510000,911000
2014/12/04,0,2620000,-1531000,1089000
2014/12/05,0,632000,-2180503,-1548503
2014/12/08,0,1527000,-1497000,30000
2014/12/09,0,472000,-4388000,-3916000
2014/12/10,0,1023000,-9336979,-8313979
2014/12/11,0,2887000,-2166723,720277
2014/12/12,0,585263,-3586000,-3000737
2014/12/15,0,914000,-2071920,-1157920
2014/12/16,0,1660000,-2496000,-836000
2014/12/17,0,2118000,-8893830,-6775830
2014/12/18,0,2861000,-4105000,-1244000
2014/12/19,0,3483000,-2550780,932220
2014/12/22,0,975000,-3278211,-2303211
2014/12/23,0,1105000,-1949000,-844000
2014/12/24,0,3271002,-2837000,434002
2014/12/25,0,1579000,-296000,1283000
2014/12/26,0,2484000,-665000,1819000
2014/12/29,0,3119000,-1207000,1912000
2014/12/30,0,1429000,-860000,569000
2014/12/31,0,2235000,-2059055,175945
2015/01/01,0,0,0,0
2015/01/02,0,0,0,0
2015/01/05,0,4912000,-3713000,1199000
2015/01/06,0,1150000,-5168000,-4018000
2015/01/07,0,2601000,-4145620,-1544620
2015/01/08,0,2583000,-1278742,1304258
2015/01/09,0,1898000,-2173500,-275500
2015/01/12,0,2066001,-1648260,417741
2015/01/13,0,4986000,-2055000,2931000
2015/01/14,0,3288000,-3631000,-343000
2015/01/15,0,1826000,-3102160,-1276160
2015/01/16,0,3504000,-5788905,-2284905
2015/01/19,0,3261000,-1628000,1633000
2015/01/20,0,1819000,-1933290,-114290
2015/01/21,0,3072000,-1568852,1503148
2015/01/22,0,4577000,-2747705,1829295
2015/01/23,0,5718000,-1890630,3827370
2015/01/26,0,1211000,-2659400,-1448400
2015/01/27,0,2397000,-1079000,1318000
2015/01/28,0,1921000,-945000,976000
2015/01/29,0,1771000,-5510400,-3739400
2015/01/30,0,2490000,-4384720,-1894720
2015/02/02,0,1631000,-301000,1330000
2015/02/03,0,1481000,-1229100,251900
2015/02/04,0,4471000,-1692000,2779000
2015/02/05,0,2391000,-1557220,833780
2015/02/06,0,2127000,-621071,1505929
2015/02/09,0,792000,-803000,-11000
2015/02/10,0,1870000,-2002000,-132000
2015/02/11,0,2593260,-3097768,-504508
2015/02/12,0,2076000,-978000,1098000
2015/02/13,0,2496000,-854000,1642000
2015/02/16,0,0,0,0
2015/02/17,0,0,0,0
2015/02/18,0,0,0,0
2015/02/19,0,0,0,0
2015/02/20,0,0,0,0
2015/02/23,0,0,0,0
2015/02/24,0,7386400,-1460729,5925671
2015/02/25,0,3198000,-1268000,1930000
2015/02/26,0,6106000,-3182470,2923530
2015/02/27,0,0,0,0
2015/03/02,0,3459000,-1673600,1785400
2015/03/03,0,4263459,-1550289,2713170
2015/03/04,0,2582600,-2009319,573281
2015/03/05,0,3701000,-2379000,1322000
2015/03/06,0,3972000,-2864000,1108000
2015/03/09,0,627721,-2242000,-1614279
2015/03/10,0,561265,-3184638,-2623373
2015/03/11,0,1448000,-4072000,-2624000
2015/03/12,0,2646000,-2403000,243000
2015/03/13,0,524000,-3198000,-2674000
2015/03/16,0,1059000,-1784048,-725048
2015/03/17,0,2260000,-2725000,-465000
2015/03/18,0,4204000,-3650822,553178
2015/03/19,0,5435000,-3505000,1930000
2015/03/20,0,2556672,-6608000,-4051328
2015/03/23,0,597000,-1324000,-727000
2015/03/24,0,2097200,-4903000,-2805800
2015/03/25,0,1040000,-4599000,-3559000
2015/03/26,0,3501000,-5611000,-2110000
2015/03/27,0,2653000,-5678875,-3025875
2015/03/30,0,3636967,-5551967,-1915000
2015/03/31,0,4436000,-7151529,-2715529
2015/04/01,0,2842000,-2450000,392000
2015/04/02,0,3866263,-1022000,2844263
2015/04/03,0,0,0,0
2015/04/06,0,0,0,0
2015/04/07,0,2555000,-1960633,594367
2015/04/08,0,1400000,-3257800,-1857800
2015/04/09,0,3787000,-528000,3259000
2015/04/10,0,3580000,-668000,2912000
2015/04/13,0,1325000,-1441000,-116000
2015/04/14,0,2939000,-1991000,948000
2015/04/15,0,1523000,-7413000,-5890000
2015/04/16,0,2322000,-665000,1657000
2015/04/17,0,1680459,-1862087,-181628
2015/04/20,0,1602820,-1448000,154820
2015/04/21,0,627000,-919000,-292000
2015/04/22,0,1930000,-1997000,-67000
2015/04/23,0,9551000,-1488988,8062012
2015/04/24,0,7712000,-618000,7094000
2015/04/27,0,8720000,-1452000,7268000
2015/04/28,0,9528000,-1892000,7636000
2015/04/29,0,6635000,-2612000,4023000
2015/04/30,0,7411000,-4975000,2436000
2015/05/01,0,0,0,0
2015/05/04,0,3901000,-1103000,2798000
2015/05/05,0,1015300,-1363000,-347700
2015/05/06,0,2114000,-1322000,792000
2015/05/07,0,1479000,-4290320,-2811320
2015/05/08,0,1275200,-2953080,-1677880
2015/05/11,0,1833000,-2014000,-181000
2015/05/12,0,2655000,-3447000,-792000
2015/05/13,0,518000,-13308000,-12790000
2015/05/14,0,762000,-14064000,-13302000
2015/05/15,0,357000,-5538332,-5181332
2015/05/18,0,263000,-3791000,-3528000
2015/05/19,0,2228200,-4214000,-1985800
2015/05/20,0,607000,-7976218,-7369218
2015/05/21,0,129000,-10798320,-10669320
2015/05/22,0,691000,-3193120,-2502120
2015/05/25,0,397000,-2595000,-2198000
2015/05/26,0,669000,-3476000,-2807000
2015/05/27,0,1640000,-3426530,-1786530
2015/05/28,0,4348000,-7278717,-2930717
2015/05/29,0,29966308,-34901419,-4935111
2015/06/01,0,1173000,-6967000,-5794000
2015/06/02,0,1549248,-5367000,-3817752
2015/06/03,0,3868000,-6943000,-3075000
2015/06/04,0,2816000,-12085020,-9269020
2015/06/05,0,1764000,-5999979,-4235979
2015/06/08,0,1317000,-5108359,-3791359
2015/06/09,0,3216000,-4176097,-960097
2015/06/10,0,3142000,-5939593,-2797593
2015/06/11,0,1507000,-3798000,-2291000
2015/06/12,0,1402000,-4867841,-3465841
2015/06/15,0,2139000,-5199000,-3060000
2015/06/16,0,2532000,-6125000,-3593000
2015/06/17,0,3897000,-8854881,-4957881
2015/06/18,0,1472000,-5114000,-3642000
2015/06/19,0,0,0,0
2015/06/22,0,2830372,-3841553,-1011181
2015/06/23,0,2273000,-3121000,-848000
2015/06/24,0,910293,-3183200,-2272907
2015/06/25,0,4732893,-3616000,1116893
2015/06/26,0,1728999,-3654701,-1925702
2015/06/29,0,927000,-4253443,-3326443
2015/06/30,0,5223000,-5795022,-572022
2015/07/01,0,1387000,-3211999,-1824999
2015/07/02,0,3140250,-3364000,-223750
2015/07/03,0,1415000,-4198000,-2783000
2015/07/06,0,2377000,-3077000,-700000
2015/07/07,0,1521000,-2521900,-1000900
2015/07/08,0,2221000,-8232484,-6011484
2015/07/09,0,1728000,-7899000,-6171000
2015/07/10,0,0,0,0
2015/07/13,0,1777000,-7985735,-6208735
2015/07/14,0,4065000,-4770000,-705000
2015/07/15,0,1813087,-5321513,-3508426
2015/07/16,0,2209000,-5122840,-2913840
2015/07/17,0,482207,-4844000,-4361793
2015/07/20,0,1977372,-6426000,-4448628
2015/07/21,0,1641219,-2272000,-630781
2015/07/22,0,1115000,-3714020,-2599020
2015/07/23,0,1588076,-2383320,-795244
2015/07/24,0,580263,-1860000,-1279737
2015/07/27,0,486000,-3708000,-3222000
2015/07/28,0,1485000,-5937000,-4452000
2015/07/29,0,3895000,-5478649,-1583649
2015/07/30,0,2992000,-1866240,1125760
2015/07/31,0,4620200,-5998000,-1377800
2015/08/03,0,2441000,-2148000,293000
2015/08/04,0,4974000,-1162910,3811090
2015/08/05,0,1862000,-831000,1031000
2015/08/06,0,1857000,-1852130,4870
2015/08/07,0,2285000,-2634000,-349000
2015/08/10,0,1721000,-1457000,264000
2015/08/11,0,1327000,-5326671,-3999671
2015/08/12,0,987000,-5471503,-4484503
2015/08/13,0,725000,-4931729,-4206729
2015/08/14,0,817000,-3098330,-2281330
2015/08/17,0,828149,-4895000,-4066851
2015/08/18,0,776000,-6641720,-5865720
2015/08/19,0,827399,-6670000,-5842601
2015/08/20,0,2319000,-7983000,-5664000
2015/08/21,0,3795000,-7078000,-3283000
2015/08/24,0,2441000,-9207000,-6766000
2015/08/25,0,2692360,-9462300,-6769940
2015/08/26,0,5010000,-6386294,-1376294
2015/08/27,0,11673000,-7197001,4475999
2015/08/28,0,15621270,-11810451,3810819
2015/08/31,0,9509707,-7298140,2211567
2015/09/01,0,5492000,-4091028,1400972
2015/09/02,0,9006000,-5331564,3674436
2015/09/03,0,6136000,-3868000,2268000
2015/09/04,0,5671774,-2330900,3340874
2015/09/07,0,2373000,-2184700,188300
2015/09/08,0,1655920,-3264260,-1608340
2015/09/09,0,13726809,-5974182,7752627
2015/09/10,0,6738989,-4617220,2121769
2015/09/11,0,2039995,-2135142,-95147
2015/09/14,0,4665000,-2573380,2091620
2015/09/15,0,5387000,-4081075,1305925
2015/09/16,0,3513000,-3305294,207706
2015/09/17,0,9140000,-5692000,3448000
2015/09/18,0,29004822,-31279718,-2274896
2015/09/21,0,5089000,-7129196,-2040196
2015/09/22,0,1936000,-2969826,-1033826
2015/09/23,0,2241000,-5698640,-3457640
2015/09/24,0,1478000,-2858921,-1380921
2015/09/25,0,2595828,-2762906,-167078
2015/09/28,0,0,0,0
2015/09/29,0,0,0,0
2015/09/30,0,9593000,-7292530,2300470
2015/10/01,0,4195000,-2361061,1833939
2015/10/02,0,2718000,-2231630,486370
2015/10/05,0,1632740,-2455432,-822692
2015/10/06,0,3783000,-2327392,1455608
2015/10/07,0,3716000,-2289000,1427000
2015/10/08,0,2828000,-1805619,1022381
2015/10/09,0,0,0,0
2015/10/12,0,5858000,-1209260,4648740
2015/10/13,0,4334421,-3010172,1324249
2015/10/14,0,1337000,-1730000,-393000
2015/10/15,0,6708000,-802392,5905608
2015/10/16,0,3200000,-307000,2893000
2015/10/19,0,3987000,-475645,3511355
2015/10/20,0,4041000,-1099000,2942000
2015/10/21,0,4419300,-805000,3614300
2015/10/22,0,2534000,-1597989,936011
2015/10/23,0,6442000,-172000,6270000
2015/10/26,0,7241611,-1166765,6074846
2015/10/27,0,4947000,-502625,4444375
2015/10/28,0,2691002,-1957020,733982
2015/10/29,0,2103091,-2143711,-40620
2015/10/30,0,3492000,-4082796,-590796
2015/11/02,0,2570000,-877000,1693000
2015/11/03,0,8349000,-1778775,6570225
2015/11/04,0,8288000,-3307270,4980730
2015/11/05,0,3028000,-1150587,1877413
2015/11/06,0,1994000,-6227000,-4233000
2015/11/09,0,1210219,-2195000,-984781
2015/11/10,0,1966000,-3732000,-1766000
2015/11/11,0,1787934,-5585000,-3797066
2015/11/12,0,2179081,-2730512,-551431
2015/11/13,0,3031000,-4449875,-1418875
2015/11/16,0,2760000,-3311000,-551000
2015/11/17,0,4266118,-1443491,2822627
2015/11/18,0,3017201,-6797000,-3779799
2015/11/19,0,4549950,-2005855,2544095
2015/11/20,0,1655000,-2352000,-697000
2015/11/23,0,2069959,-1911000,158959
2015/11/24,0,1987700,-2410924,-423224
2015/11/25,0,1152000,-2024000,-872000
2015/11/26,0,5129359,-1258239,3871120
2015/11/27,0,1549000,-3170042,-1621042
2015/11/30,0,10252808,-19457349,-9204541
2015/12/01,0,4549000,-1719922,2829078
2015/12/02,0,1259000,-1541460,-282460
2015/12/03,0,1206000,-1311627,-105627
2015/12/04,0,1459240,-4853000,-3393760
2015/12/07,0,1981000,-680000,1301000
2015/12/08,0,1509000,-6045323,-4536323
2015/12/09,0,991000,-4266000,-3275000
2015/12/10,0,2622000,-7019010,-4397010
2015/12/11,0,3237480,-4815000,-1577520
2015/12/14,0,651000,-2025484,-1374484
2015/12/15,0,873000,-3371798,-2498798
2015/12/16,0,1734730,-1623099,111631
2015/12/17,0,3219000,-764935,2454065
2015/12/18,0,2834473,-2663974,170499
2015/12/21,0,1570735,-2450000,-879265
2015/12/22,0,1629128,-1821000,-191872
2015/12/23,0,1550731,-357289,1193442
2015/12/24,0,981000,-651646,329354
2015/12/25,0,922000,-147000,775000
2015/12/28,0,2158000,-484000,1674000
2015/12/29,0,1697000,-371000,1326000
2015/12/30,0,1153127,-1662294,-509167
2015/12/31,0,955000,-748000,207000
2016/01/01,0,0,0,0
2016/01/04,0,1789360,-5347000,-3557640
2016/01/05,0,3506888,-2268000,1238888
2016/01/06,0,3256636,-3273620,-16984
2016/01/07,0,1971176,-4247033,-2275857
2016/01/08,0,1386000,-4179686,-2793686
2016/01/11,0,1509266,-4433000,-2923734
2016/01/12,0,1678000,-2849000,-1171000
2016/01/13,0,2730623,-2462647,267976
2016/01/14,0,756421,-2029000,-1272579
2016/01/15,0,2111000,-4193937,-2082937
2016/01/18,0,1560844,-3956000,-2395156
2016/01/19,0,2054000,-2436434,-382434
2016/01/20,0,2531528,-3793000,-1261472
2016/01/21,0,2403000,-3420000,-1017000
2016/01/22,0,2271000,-1900806,370194
2016/01/25,0,2921000,-1071000,1850000
2016/01/26,0,1101731,-2516000,-1414269
2016/01/27,0,2727000,-1410108,1316892
2016/01/28,0,5105000,-1972235,3132765
2016/01/29,0,11953842,-4375000,7578842
2016/02/01,0,2840730,-3840000,-999270
2016/02/02,0,2394606,-3350072,-955466
2016/02/03,0,2614000,-4742955,-2128955
2016/02/04,0,0,0,0
2016/02/05,0,0,0,0
2016/02/08,0,0,0,0
2016/02/09,0,0,0,0
2016/02/10,0,0,0,0
2016/02/11,0,0,0,0
2016/02/12,0,0,0,0
2016/02/15,0,2210421,-1978944,231477
2016/02/16,0,4225000,-1417000,2808000
2016/02/17,0,2209261,-2129657,79604
2016/02/18,0,2927000,-1734161,1192839
2016/02/19,0,3772798,-1010869,2761929
2016/02/22,0,1938000,-2333000,-395000
2016/02/23,0,2266528,-1307001,959527
2016/02/24,0,3227000,-1443972,1783028
2016/02/25,0,3402146,-1059000,2343146
2016/02/26,0,6769000,-2897172,3871828
2016/02/29,0,0,0,0
2016/03/01,0,3144135,-2666578,477557
2016/03/02,0,2814288,-845000,1969288
2016/03/03,0,5856117,-604000,5252117
2016/03/04,0,3905120,-2401000,1504120
2016/03/07,0,2691127,-1076000,1615127
2016/03/08,0,3420000,-2021551,1398449
2016/03/09,0,3546000,-1650210,1895790
2016/03/10,0,2673000,-1243309,1429691
2016/03/11,0,4416000,-575000,3841000
2016/03/14,0,3009000,-795000,2214000
2016/03/15,0,3407000,-2130000,1277000
2016/03/16,0,3590000,-1095000,2495000
2016/03/17,0,7046130,-2011979,5034151
2016/03/18,0,10361000,-5906903,4454097
2016/03/21,0,4045500,-2613000,1432500
2016/03/22,0,3900064,-3937075,-37011
2016/03/23,0,3419000,-578000,2841000
2016/03/24,0,2783000,-2091440,691560
2016/03/25,0,1542000,-1050000,492000
2016/03/28,0,2135000,-820000,1315000
2016/03/29,0,2982000,-1679000,1303000
2016/03/30,0,5551200,-1153040,4398160
2016/03/31,0,4896000,-5758822,-862822
2016/04/01,0,3045000,-4374000,-1329000
2016/04/04,0,0,0,0
2016/04/05,0,0,0,0
2016/04/06,0,2894626,-4631821,-1737195
2016/04/07,0,1812520,-3103007,-1290487
2016/04/08,0,3067000,-6962000,-3895000
2016/04/11,0,3889000,-1902490,1986510
2016/04/12,0,1776000,-1026000,750000
2016/04/13,0,4273000,-1363000,2910000
2016/04/14,0,1807000,-3641911,-1834911
2016/04/15,0,4184000,-2739000,1445000
2016/04/18,0,3395000,-2728000,667000
2016/04/19,0,913000,-3883000,-2970000
2016/04/20,0,3553094,-2863050,690044
2016/04/21,0,3515000,-1947820,1567180
2016/04/22,0,1987520,-938000,1049520
2016/04/25,0,1103000,-1264000,-161000
2016/04/26,0,2084175,-2083000,1175
2016/04/27,0,2415000,-3119000,-704000
2016/04/28,0,1893938,-5438917,-3544979
2016/04/29,0,4067000,-5106000,-1039000
2016/05/02,0,0,0,0
2016/05/03,0,566000,-5830000,-5264000
2016/05/04,0,5456000,-7146539,-1690539
2016/05/05,0,2217000,-5604000,-3387000
2016/05/06,0,1389130,-7751000,-6361870
2016/05/09,0,1626000,-4162000,-2536000
2016/05/10,0,2675564,-3213000,-537436
2016/05/11,0,2530000,-5597800,-3067800
2016/05/12,0,881000,-1770000,-889000
2016/05/13,0,757000,-7708000,-6951000
2016/05/16,0,2345000,-3125000,-780000
2016/05/17,0,2828516,-3985258,-1156742
2016/05/18,0,7745636,-3985000,3760636
2016/05/19,0,4633509,-6692000,-2058491
2016/05/20,0,2499460,-2146399,353061
2016/05/23,0,4379427,-1917000,2462427
2016/05/24,0,1531429,-1190000,341429
2016/05/25,0,3120564,-1094000,2026564
2016/05/26,0,2133000,-1315610,817390
2016/05/27,0,2210000,-841000,1369000
2016/05/30,0,3851000,-889000,2962000
2016/05/31,0,8893478,-6254176,2639302
2016/06/01,0,3773286,-670000,3103286
2016/06/02,0,3400592,-1102800,2297792
2016/06/03,0,3664950,-1051000,2613950
2016/06/06,0,3548950,-1161419,2387531
2016/06/07,0,6628950,-1493000,5135950
2016/06/08,0,7007950,-915000,6092950
2016/06/09,0,0,0,0
2016/06/10,0,0,0,0
2016/06/13,0,2667268,-3085506,-418238
2016/06/14,0,3055000,-1069000,1986000
2016/06/15,0,2398000,-1517966,880034
2016/06/16,0,700000,-2217910,-1517910
2016/06/17,0,6653000,-996724,5656276
2016/06/20,0,2864000,-733000,2131000
2016/06/21,0,4639978,-1435840,3204138
2016/06/22,0,6088452,-1076000,5012452
2016/06/23,0,4506520,-1208000,3298520
2016/06/24,0,8551000,-6093000,2458000
2016/06/27,0,6413000,-1108970,5304030
2016/06/28,0,6404000,-1272000,5132000
2016/06/29,0,8628000,-589800,8038200
2016/06/30,0,10666000,-1220000,9446000
2016/07/01,0,10631000,-552000,10079000
2016/07/04,0,7909000,-316000,7593000
2016/07/05,0,8354000,-826000,7528000
2016/07/06,0,9788181,-9550000,238181
2016/07/07,0,8150000,-4783577,3366423
2016/07/08,0,0,0,0
2016/07/11,0,12871648,-3171000,9700648
2016/07/12,0,12411000,-2419908,9991092
2016/07/13,0,13769000,-3035200,10733800
2016/07/14,0,13809592,-2135000,11674592
2016/07/15,0,18011520,-2906000,15105520
2016/07/18,0,14237200,-1272000,12965200
2016/07/19,0,17630984,-1237552,16393432
2016/07/20,0,21395000,-1117000,20278000
2016/07/21,0,13037579,-2117601,10919978
2016/07/22,0,12701000,-1874284,10826716
2016/07/25,0,17263000,-2301000,14962000
2016/07/26,0,14261000,-590000,13671000
2016/07/27,0,12353000,-1074000,11279000
2016/07/28,0,23233000,-2780000,20453000
2016/07/29,0,21981000,-3151000,18830000
2016/08/01,0,27097052,-3179000,23918052
2016/08/02,0,17688342,-4862491,12825851
2016/08/03,0,13390147,-3067000,10323147
2016/08/04,0,5481000,-1039001,4441999
2016/08/05,0,15256000,-2995880,12260120
2016/08/08,0,12188278,-2065258,10123020
2016/08/09,0,12623000,-1554000,11069000
2016/08/10,0,5772160,-2810468,2961692
2016/08/11,0,3703000,-3788347,-85347
2016/08/12,0,4480000,-2896000,1584000
2016/08/15,0,2724000,-1466000,1258000
2016/08/16,0,2479000,-5058000,-2579000
2016/08/17,0,10526835,-2948000,7578835
2016/08/18,0,3207840,-2517203,690637
2016/08/19,0,1096830,-4292767,-3195937
2016/08/22,0,714000,-3087000,-2373000
2016/08/23,0,5302000,-2316000,2986000
2016/08/24,0,2406026,-2309000,97026
2016/08/25,0,5474000,-1103731,4370269
2016/08/26,0,2240733,-2394000,-153267
2016/08/29,0,1788000,-4653000,-2865000
2016/08/30,0,3271805,-3889000,-617195
2016/08/31,0,6093163,-16502600,-10409437
2016/09/01,0,3158254,-3830879,-672625
2016/09/02,0,1212220,-1352000,-139780
2016/09/05,0,3500000,-308000,3192000
2016/09/06,0,4975762,-697000,4278762
2016/09/07,0,4982060,-530810,4451250
2016/09/08,0,4252280,-703000,3549280
2016/09/09,0,1627000,-3459120,-1832120
2016/09/12,0,2677406,-6234434,-3557028
2016/09/13,0,1956520,-5868000,-3911480
2016/09/14,0,2661776,-5503101,-2841325
2016/09/15,0,0,0,0
2016/09/16,0,0,0,0
2016/09/19,0,4976080,-1274000,3702080
2016/09/20,0,3291352,-1872270,1419082
2016/09/21,0,5674000,-2132820,3541180
2016/09/22,0,2084025,-1780000,304025
2016/09/23,0,7965188,-3964000,4001188
2016/09/26,0,779000,-1963000,-1184000
2016/09/27,0,0,0,0
2016/09/28,0,0,0,0
2016/09/29,0,11173949,-2892395,8281554
2016/09/30,0,3118660,-8141363,-5022703
2016/10/03,0,1171540,-900000,271540
2016/10/04,0,9147788,-1142623,8005165
2016/10/05,0,1487000,-1305944,181056
2016/10/06,0,1653426,-1785000,-131574
2016/10/07,0,1721245,-3071000,-1349755
2016/10/10,0,0,0,0
2016/10/11,0,4619857,-2128000,2491857
2016/10/12,0,1928000,-858716,1069284
2016/10/13,0,2009500,-4724580,-2715080
2016/10/14,0,970000,-1034134,-64134
2016/10/17,0,3123120,-3070086,53034
2016/10/18,0,4368492,-1494260,2874232
2016/10/19,0,2434566,-528000,1906566
2016/10/20,0,2188176,-950000,1238176
2016/10/21,0,1322000,-836000,486000
2016/10/24,0,1846000,-2430265,-584265
2016/10/25,0,4553590,-2847000,1706590
2016/10/26,0,2359150,-1381523,977627
2016/10/27,0,2353986,-3555267,-1201281
2016/10/28,0,3068690,-1406000,1662690
2016/10/31,0,2737905,-3151000,-413095
2016/11/01,0,1649000,-1151000,498000
2016/11/02,0,1977303,-1757423,219880
2016/11/03,0,3074000,-2415000,659000
2016/11/04,0,4108000,-3943380,164620
2016/11/07,0,4337000,-3084444,1252556
2016/11/08,0,3057853,-180160,2877693
2016/11/09,0,6101000,-5213000,888000
2016/11/10,0,2807000,-2233000,574000
2016/11/11,0,2869000,-7207176,-4338176
2016/11/14,0,1393010,-6084928,-4691918
2016/11/15,0,3862000,-4396525,-534525
2016/11/16,0,2047134,-2714434,-667300
2016/11/17,0,3090890,-2649000,441890
2016/11/18,0,1882000,-5346149,-3464149
2016/11/21,0,1626000,-1650149,-24149
2016/11/22,0,5623970,-1538774,4085196
2016/11/23,0,4281580,-1282216,2999364
2016/11/24,0,2123520,-2168021,-44501
2016/11/25,0,1818000,-2898670,-1080670
2016/11/28,0,3328000,-2238000,1090000
2016/11/29,0,3984000,-4752266,-768266
2016/11/30,0,10482239,-8543705,1938534
2016/12/01,0,1790823,-2225721,-434898
2016/12/02,0,968680,-2101724,-1133044
2016/12/05,0,909000,-3566022,-2657022
2016/12/06,0,3121000,-2124822,996178
2016/12/07,0,1759000,-1975320,-216320
2016/12/08,0,7960160,-1148060,6812100
2016/12/09,0,3196455,-3042923,153532
2016/12/12,0,1311000,-792013,518987
2016/12/13,0,5969749,-1450002,4519747
2016/12/14,0,3037231,-1613105,1424126
2016/12/15,0,2746394,-1865000,881394
2016/12/16,0,3790000,-4507033,-717033
2016/12/19,0,757724,-2687279,-1929555
2016/12/20,0,2306440,-1893932,412508
2016/12/21,0,2546000,-3932000,-1386000
2016/12/22,0,2571000,-3283000,-712000
2016/12/23,0,1700000,-4573686,-2873686
2016/12/26,0,1812000,-1260000,552000
2016/12/27,0,897000,-1421000,-524000
2016/12/28,0,2369000,-933145,1435855
2016/12/29,0,2891000,-3007926,-116926
2016/12/30,0,5551000,-1201740,4349260
2017/01/02,0,0,0,0
2017/01/03,0,898000,-703680,194320
2017/01/04,0,3420000,-3044912,375088
2017/01/05,0,5521998,-2857649,2664349
2017/01/06,0,2810000,-745635,2064365
2017/01/09,0,1634900,-1329005,305895
2017/01/10,0,2927000,-2205004,721996
2017/01/11,0,2945508,-1143000,1802508
2017/01/12,0,6538625,-1590000,4948625
2017/01/13,0,3551686,-2467607,1084079
2017/01/16,0,1726000,-2112607,-386607
2017/01/17,0,2059045,-2094000,-34955
2017/01/18,0,3567000,-2827351,739649
2017/01/19,0,1905633,-5874073,-3968440
2017/01/20,0,1280235,-2877633,-1597398
2017/01/23,0,4750000,-1743758,3006242
2017/01/24,0,5481922,-5542473,-60551
2017/01/25,0,0,0,0
2017/01/26,0,0,0,0
2017/01/27,0,0,0,0
2017/01/30,0,0,0,0
2017/01/31,0,0,0,0
2017/02/01,0,0,0,0
2017/02/02,0,10257226,-16580640,-6323414
2017/02/03,0,1399000,-3929099,-2530099
2017/02/06,0,3938492,-3292000,646492
2017/02/07,0,3755790,-6447000,-2691210
2017/02/08,0,2998000,-9986014,-6988014
2017/02/09,0,1733820,-3493600,-1759780
2017/02/10,0,4703000,-2430065,2272935
2017/02/13,0,2366684,-1294000,1072684
2017/02/14,0,4291000,-4289000,2000
2017/02/15,0,7128000,-1567000,5561000
2017/02/16,0,2632000,-1787000,845000
2017/02/17,0,2267000,-4408300,-2141300
2017/02/20,0,1110000,-2166538,-1056538
2017/02/21,0,2499000,-3641440,-1142440
2017/02/22,0,1464000,-3182000,-1718000
2017/02/23,0,3476000,-2419000,1057000
2017/02/24,0,2756185,-2187290,568895
2017/02/27,0,0,0,0
2017/02/28,0,0,0,0
2017/03/01,0,1726350,-3467536,-1741186
2017/03/02,0,1803442,-1778476,24966
2017/03/03,0,3317000,-2873712,443288
2017/03/06,0,686164,-2104272,-1418108
2017/03/07,0,1768825,-3407010,-1638185
2017/03/08,0,1590000,-2826298,-1236298
2017/03/09,0,1837000,-5095000,-3258000
2017/03/10,0,744095,-2789480,-2045385
2017/03/13,0,1564202,-740366,823836
2017/03/14,0,2327754,-1924806,402948
2017/03/15,0,1948000,-2785298,-837298
2017/03/16,0,4378359,-1542359,2836000
2017/03/17,0,6225630,-4920766,1304864
2017/03/20,0,1488000,-759000,729000
2017/03/21,0,5360193,-1772735,3587458
2017/03/22,0,2145000,-2539747,-394747
2017/03/23,0,1555000,-2652381,-1097381
2017/03/24,0,1971092,-1177070,794022
2017/03/27,0,3835000,-1946000,1889000
2017/03/28,0,5490000,-6252297,-762297
2017/03/29,0,2894024,-3861000,-966976
2017/03/30,0,3086000,-5012000,-1926000
2017/03/31,0,3884359,-6645000,-2760641
2017/04/03,0,0,0,0
2017/04/04,0,0,0,0
2017/04/05,0,5721465,-7598180,-1876715
2017/04/06,0,1951000,-4663000,-2712000
2017/04/07,0,2790741,-3688280,-897539
2017/04/10,0,2097000,-1858000,239000
2017/04/11,0,3922000,-2683440,1238560
2017/04/12,0,3901000,-3368180,532820
2017/04/13,0,2425000,-3982000,-1557000
2017/04/14,0,2756000,-487000,2269000
2017/04/17,0,1247000,-406000,841000
2017/04/18,0,2934377,-1154210,1780167
2017/04/19,0,3380000,-6031041,-2651041
2017/04/20,0,4236140,-2866000,1370140
2017/04/21,0,3733000,-759912,2973088
2017/04/24,0,1919000,-516000,1403000
2017/04/25,0,9832000,-1152000,8680000
2017/04/26,0,6714660,-746000,5968660
2017/04/27,0,2646260,-928235,1718025
2017/04/28,0,3197870,-2630342,567528
2017/05/01,0,0,0,0
2017/05/02,0,3923000,-2520400,1402600
2017/05/03,0,4651000,-648863,4002137
2017/05/04,0,5117000,-1362864,3754136
2017/05/05,0,1529788,-1050000,479788
2017/05/08,0,2085901,-1070961,1014940
2017/05/09,0,3626558,-1561248,2065310
2017/05/10,0,4863068,-2777000,2086068
2017/05/11,0,3673339,-1900000,1773339
2017/05/12,0,6179532,-886431,5293101
2017/05/15,0,2063578,-3176000,-1112422
2017/05/16,0,8106000,-13398963,-5292963
2017/05/17,0,7136687,-2324514,4812173
2017/05/18,0,4187508,-2202000,1985508
2017/05/19,0,1939084,-1806891,132193
2017/05/22,0,2261016,-2341264,-80248
2017/05/23,0,2395280,-2396127,-847
2017/05/24,0,2239377,-2712000,-472623
2017/05/25,0,2183718,-3542000,-1358282
2017/05/26,0,0,0,0
2017/05/29,0,0,0,0
2017/05/30,0,0,0,0
2017/05/31,0,34380816,-38376638,-3995822
2017/06/01,0,1694000,-3283000,-1589000
2017/06/02,0,2271000,-2428620,-157620
2017/06/05,0,3166352,-2141000,1025352
2017/06/06,0,1586000,-2300000,-714000
2017/06/07,0,2661000,-3396000,-735000
2017/06/08,0,1563000,-2060820,-497820
2017/06/09,0,3378000,-3611860,-233860
2017/06/12,0,1532790,-4340868,-2808078
2017/06/13,0,2831000,-1945780,885220
2017/06/14,0,1663000,-1662138,862
2017/06/15,0,2060000,-1286000,774000
2017/06/16,0,2048000,-2021873,26127
2017/06/19,0,1682684,-130000,1552684
2017/06/20,0,1985000,-508000,1477000
2017/06/21,0,4639144,-2528900,2110244
2017/06/22,0,3602240,-2028000,1574240
2017/06/23,0,2344000,-1813233,530767
2017/06/26,0,6938000,-4332259,2605741
2017/06/27,0,5368000,-664389,4703611
2017/06/28,0,3894438,-951000,2943438
2017/06/29,0,2608000,-101000,2507000
2017/06/30,0,4465000,-2457000,2008000
2017/07/03,0,3659000,-1752000,1907000
2017/07/04,0,2090000,-3372000,-1282000
2017/07/05,0,2674000,-1189000,1485000
2017/07/06,0,1279000,-1867000,-588000
2017/07/07,0,2026070,-1553419,472651
2017/07/10,0,1969113,-968000,1001113
2017/07/11,0,1775294,-779042,996252
2017/07/12,0,1451000,-1136470,314530
2017/07/13,0,2981745,-1193502,1788243
2017/07/14,0,419000,-1697068,-1278068
2017/07/17,0,2155000,-638000,1517000
2017/07/18,0,1673314,-1027000,646314
2017/07/19,0,3796000,-1843305,1952695
2017/07/20,0,3519982,-851560,2668422
2017/07/21,0,3460742,-2128153,1332589
2017/07/24,0,2379000,-2519000,-140000
2017/07/25,0,599680,-1888964,-1289284
2017/07/26,0,1287000,-1793000,-506000
2017/07/27,0,2935000,-2905400,29600
2017/07/28,0,907000,-626242,280758
2017/07/31,0,2756000,-1280536,1475464
2017/08/01,0,2366000,-882000,1484000
2017/08/02,0,4519549,-490000,4029549
2017/08/03,0,1890000,-2932494,-1042494
2017/08/04,0,3282769,-1955000,1327769
2017/08/07,0,2328395,-1815000,513395
2017/08/08,0,3600000,-2076000,1524000
2017/08/09,0,877205,-3375850,-2498645
2017/08/10,0,1056740,-2160450,-1103710
2017/08/11,0,2413000,-3719245,-1306245
2017/08/14,0,1561000,-3534400,-1973400
2017/08/15,0,575000,-2070000,-1495000
2017/08/16,0,2728000,-4510000,-1782000
2017/08/17,0,1034000,-1814000,-780000
2017/08/18,0,1110400,-1860000,-749600
