Date,Open,Buy,Sell,Total
2007/01/02,0,500000,0,500000
2007/01/03,0,125000,-400000,-275000
2007/01/04,0,147000,0,147000
2007/01/05,0,220000,0,220000
2007/01/08,0,0,-1000000,-1000000
2007/01/09,0,100000,0,100000
2007/01/10,0,0,-3000,-3000
2007/01/11,0,463000,-85000,378000
2007/01/12,0,42000,-57000,-15000
2007/01/15,0,0,0,0
2007/01/16,0,6000,-1653000,-1647000
2007/01/17,0,17000,-977000,-960000
2007/01/18,0,700000,0,700000
2007/01/19,0,300000,-272000,28000
2007/01/22,0,390000,-6000,384000
2007/01/23,0,0,-1286000,-1286000
2007/01/24,0,532000,-1784000,-1252000
2007/01/25,0,32000,-3000,29000
2007/01/26,0,0,-5000,-5000
2007/01/29,0,0,-4000,-4000
2007/01/30,0,136000,-170000,-34000
2007/01/31,0,0,0,0
2007/02/01,0,0,0,0
2007/02/02,0,17000,0,17000
2007/02/05,0,60000,-684000,-624000
2007/02/06,0,137000,-14000,123000
2007/02/07,0,104000,0,104000
2007/02/08,0,8000,0,8000
2007/02/09,0,280000,-205000,75000
2007/02/12,0,0,-186000,-186000
2007/02/13,0,49000,-240000,-191000
2007/02/14,0,0,-30000,-30000
2007/02/15,0,0,0,0
2007/02/16,0,0,0,0
2007/02/19,0,0,0,0
2007/02/20,0,0,0,0
2007/02/21,0,0,0,0
2007/02/22,0,0,0,0
2007/02/23,0,0,0,0
2007/02/26,0,0,0,0
2007/02/27,0,0,-104000,-104000
2007/02/28,0,0,0,0
2007/03/01,0,9000,-150000,-141000
2007/03/02,0,0,-152000,-152000
2007/03/05,0,0,0,0
2007/03/06,0,0,-102000,-102000
2007/03/07,0,0,-2000000,-2000000
2007/03/08,0,0,-2374000,-2374000
2007/03/09,0,300000,0,300000
2007/03/12,0,0,-1603000,-1603000
2007/03/13,0,25000,0,25000
2007/03/14,0,0,0,0
2007/03/15,0,0,0,0
2007/03/16,0,0,0,0
2007/03/19,0,2000,-132000,-130000
2007/03/20,0,0,0,0
2007/03/21,0,0,-346000,-346000
2007/03/22,0,0,-500000,-500000
2007/03/23,0,0,0,0
2007/03/26,0,1000,-446000,-445000
2007/03/27,0,0,-100000,-100000
2007/03/28,0,0,-480000,-480000
2007/03/29,0,0,-804000,-804000
2007/03/30,0,0,-2000,-2000
2007/04/02,0,0,0,0
2007/04/03,0,0,-87000,-87000
2007/04/04,0,1000,-1500000,-1499000
2007/04/05,0,0,0,0
2007/04/06,0,0,0,0
2007/04/09,0,0,-79000,-79000
2007/04/10,0,0,-163000,-163000
2007/04/11,0,3000,0,3000
2007/04/12,0,0,-1106000,-1106000
2007/04/13,0,0,-991000,-991000
2007/04/16,0,100000,-1552000,-1452000
2007/04/17,0,0,-25000,-25000
2007/04/18,0,0,-9000,-9000
2007/04/19,0,105000,0,105000
2007/04/20,0,0,-367000,-367000
2007/04/23,0,8000,0,8000
2007/04/24,0,130000,0,130000
2007/04/25,0,0,0,0
2007/04/26,0,0,0,0
2007/04/27,0,0,-122000,-122000
2007/04/30,0,0,0,0
2007/05/01,0,0,0,0
2007/05/02,0,0,0,0
2007/05/03,0,0,0,0
2007/05/04,0,0,-500000,-500000
2007/05/07,0,0,-400000,-400000
2007/05/08,0,0,-3100000,-3100000
2007/05/09,0,0,0,0
2007/05/10,0,0,-15000,-15000
2007/05/11,0,0,-1000,-1000
2007/05/14,0,56000,0,56000
2007/05/15,0,36000,-1000,35000
2007/05/16,0,0,-6000,-6000
2007/05/17,0,0,-5000,-5000
2007/05/18,0,0,0,0
2007/05/21,0,0,0,0
2007/05/22,0,10000,-1000000,-990000
2007/05/23,0,0,-1183000,-1183000
2007/05/24,0,0,0,0
2007/05/25,0,2000,0,2000
2007/05/28,0,0,0,0
2007/05/29,0,0,0,0
2007/05/30,0,0,0,0
2007/05/31,0,0,0,0
2007/06/01,0,0,0,0
2007/06/04,0,5000,0,5000
2007/06/05,0,0,-108000,-108000
2007/06/06,0,5000,0,5000
2007/06/07,0,0,0,0
2007/06/08,0,0,0,0
2007/06/11,0,0,0,0
2007/06/12,0,11000,0,11000
2007/06/13,0,0,0,0
2007/06/14,0,0,-1004000,-1004000
2007/06/15,0,804000,-28000,776000
2007/06/18,0,0,0,0
2007/06/19,0,0,0,0
2007/06/20,0,0,-5000,-5000
2007/06/21,0,0,-8000,-8000
2007/06/22,0,0,-490000,-490000
2007/06/25,0,0,-568000,-568000
2007/06/26,0,0,0,0
2007/06/27,0,30000,-50000,-20000
2007/06/28,0,0,0,0
2007/06/29,0,2000,0,2000
2007/07/02,0,0,0,0
2007/07/03,0,0,0,0
2007/07/04,0,3000,0,3000
2007/07/05,0,1951000,-132000,1819000
2007/07/06,0,200000,-21000,179000
2007/07/09,0,0,0,0
2007/07/10,0,1201000,0,1201000
2007/07/11,0,88000,0,88000
2007/07/12,0,300000,-5000,295000
2007/07/13,0,89000,0,89000
2007/07/16,0,235000,0,235000
2007/07/17,0,0,-10000,-10000
2007/07/18,0,14000,0,14000
2007/07/19,0,206000,0,206000
2007/07/20,0,7000,0,7000
2007/07/23,0,0,0,0
2007/07/24,0,1000,0,1000
2007/07/25,0,3000,0,3000
2007/07/26,0,20000,0,20000
2007/07/27,0,3000,-8000,-5000
2007/07/30,0,119000,0,119000
2007/07/31,0,200000,-132000,68000
2007/08/01,0,3000,-50000,-47000
2007/08/02,0,4000,-15000,-11000
2007/08/03,0,5000,0,5000
2007/08/06,0,2000,0,2000
2007/08/07,0,2000,0,2000
2007/08/08,0,45000,-285000,-240000
2007/08/09,0,2000,0,2000
2007/08/10,0,6000,-1340000,-1334000
2007/08/13,0,0,-99000,-99000
2007/08/14,0,6000,0,6000
2007/08/15,0,3000,-12000,-9000
2007/08/16,0,8000,0,8000
2007/08/17,0,4000,-90000,-86000
2007/08/20,0,10000,0,10000
2007/08/21,0,0,0,0
2007/08/22,0,103000,-3000,100000
2007/08/23,0,0,-650000,-650000
2007/08/24,0,0,-7000,-7000
2007/08/27,0,6000,-350000,-344000
2007/08/28,0,0,0,0
2007/08/29,0,0,-1000,-1000
2007/08/30,0,0,0,0
2007/08/31,0,0,-79000,-79000
2007/09/03,0,74000,0,74000
2007/09/04,0,45000,-6000,39000
2007/09/05,0,0,0,0
2007/09/06,0,0,0,0
2007/09/07,0,1000,-21000,-20000
2007/09/10,0,0,-3000,-3000
2007/09/11,0,10000,0,10000
2007/09/12,0,34000,0,34000
2007/09/13,0,0,0,0
2007/09/14,0,62000,0,62000
2007/09/17,0,0,0,0
2007/09/18,0,0,0,0
2007/09/19,0,5000,0,5000
2007/09/20,0,0,0,0
2007/09/21,0,0,-85000,-85000
2007/09/24,0,0,0,0
2007/09/25,0,0,0,0
2007/09/26,0,6000,0,6000
2007/09/27,0,4000,0,4000
2007/09/28,0,0,-30000,-30000
2007/10/01,0,0,-2000,-2000
2007/10/02,0,40000,0,40000
2007/10/03,0,0,-1000,-1000
2007/10/04,0,0,0,0
2007/10/05,0,0,-3000,-3000
2007/10/08,0,35000,-13000,22000
2007/10/09,0,0,-1900000,-1900000
2007/10/10,0,0,0,0
2007/10/11,0,0,0,0
2007/10/12,0,0,0,0
2007/10/15,0,5000,-16000,-11000
2007/10/16,0,0,0,0
2007/10/17,0,0,0,0
2007/10/18,0,0,0,0
2007/10/19,0,0,-35000,-35000
2007/10/22,0,2000,0,2000
2007/10/23,0,2000,-9000,-7000
2007/10/24,0,0,0,0
2007/10/25,0,0,0,0
2007/10/26,0,0,0,0
2007/10/29,0,1000,0,1000
2007/10/30,0,2000,0,2000
2007/10/31,0,393000,0,393000
2007/11/01,0,16000,0,16000
2007/11/02,0,6000,0,6000
2007/11/05,0,4000,0,4000
2007/11/06,0,72000,0,72000
2007/11/07,0,2000,0,2000
2007/11/08,0,5000,0,5000
2007/11/09,0,5000,-10000,-5000
2007/11/12,0,6000,0,6000
2007/11/13,0,5000,0,5000
2007/11/14,0,59000,-150000,-91000
2007/11/15,0,1000,0,1000
2007/11/16,0,4000,0,4000
2007/11/19,0,0,-163000,-163000
2007/11/20,0,0,-1000,-1000
2007/11/21,0,1000,-6000,-5000
2007/11/22,0,1000,0,1000
2007/11/23,0,2000,0,2000
2007/11/26,0,3000,0,3000
2007/11/27,0,17000,0,17000
2007/11/28,0,1000,0,1000
2007/11/29,0,0,0,0
2007/11/30,0,25000,0,25000
2007/12/03,0,0,0,0
2007/12/04,0,0,0,0
2007/12/05,0,78000,0,78000
2007/12/06,0,0,-50000,-50000
2007/12/07,0,0,0,0
2007/12/10,0,0,-170000,-170000
2007/12/11,0,0,-40000,-40000
2007/12/12,0,0,-55000,-55000
2007/12/13,0,1000,0,1000
2007/12/14,0,32000,0,32000
2007/12/17,0,3000,0,3000
2007/12/18,0,277000,-311000,-34000
2007/12/19,0,1000,0,1000
2007/12/20,0,0,0,0
2007/12/21,0,0,-275000,-275000
2007/12/24,0,0,0,0
2007/12/25,0,0,0,0
2007/12/26,0,0,0,0
2007/12/27,0,8000,0,8000
2007/12/28,0,0,0,0
2007/12/31,0,379000,-87000,292000
2008/01/01,0,0,0,0
2008/01/02,0,0,0,0
2008/01/03,0,0,0,0
2008/01/04,0,0,-1000,-1000
2008/01/07,0,142000,0,142000
2008/01/08,0,2000,-10000,-8000
2008/01/09,0,0,-9000,-9000
2008/01/10,0,75000,0,75000
2008/01/11,0,0,0,0
2008/01/14,0,1000000,0,1000000
2008/01/15,0,4132000,-2000,4130000
2008/01/16,0,1631000,-5000,1626000
2008/01/17,0,83000,0,83000
2008/01/18,0,16000,0,16000
2008/01/21,0,3000,0,3000
2008/01/22,0,0,0,0
2008/01/23,0,0,0,0
2008/01/24,0,1464000,0,1464000
2008/01/25,0,1469000,0,1469000
2008/01/28,0,301000,0,301000
2008/01/29,0,0,-127000,-127000
2008/01/30,0,0,0,0
2008/01/31,0,3250000,-1000000,2250000
2008/02/01,0,1000,-1593000,-1592000
2008/02/04,0,0,0,0
2008/02/05,0,0,0,0
2008/02/06,0,0,0,0
2008/02/07,0,0,0,0
2008/02/08,0,0,0,0
2008/02/11,0,0,0,0
2008/02/12,0,0,-1000,-1000
2008/02/13,0,42000,0,42000
2008/02/14,0,5000,-300000,-295000
2008/02/15,0,0,0,0
2008/02/18,0,2227000,0,2227000
2008/02/19,0,382000,-1606000,-1224000
2008/02/20,0,38000,0,38000
2008/02/21,0,379000,0,379000
2008/02/22,0,500000,0,500000
2008/02/25,0,4800000,0,4800000
2008/02/26,0,1505000,-48000,1457000
2008/02/27,0,8519000,0,8519000
2008/02/28,0,0,0,0
2008/02/29,0,5570000,-3000,5567000
2008/03/03,0,100000,0,100000
2008/03/04,0,1104000,0,1104000
2008/03/05,0,884000,0,884000
2008/03/06,0,100000,0,100000
2008/03/07,0,0,-3000000,-3000000
2008/03/10,0,2000,-252000,-250000
2008/03/11,0,2000,0,2000
2008/03/12,0,1205000,0,1205000
2008/03/13,0,0,0,0
2008/03/14,0,1000,0,1000
2008/03/17,0,1000,0,1000
2008/03/18,0,1000,-2595000,-2594000
2008/03/19,0,917000,0,917000
2008/03/20,0,541000,-6370000,-5829000
2008/03/21,0,16310000,0,16310000
2008/03/24,0,400000,-4003000,-3603000
2008/03/25,0,1406000,-10620000,-9214000
2008/03/26,0,14511000,-3000,14508000
2008/03/27,0,5047000,-176000,4871000
2008/03/28,0,2047000,0,2047000
2008/03/31,0,502000,-1000,501000
2008/04/01,0,1096000,-30000,1066000
2008/04/02,0,2055000,0,2055000
2008/04/03,0,1773000,0,1773000
2008/04/04,0,0,0,0
2008/04/07,0,543000,0,543000
2008/04/08,0,1426000,0,1426000
2008/04/09,0,1606000,-323000,1283000
2008/04/10,0,3500000,0,3500000
2008/04/11,0,6700000,-726000,5974000
2008/04/14,0,12119000,-720000,11399000
2008/04/15,0,850000,-431000,419000
2008/04/16,0,5514000,-19000,5495000
2008/04/17,0,13354000,-5850000,7504000
2008/04/18,0,6550000,-755000,5795000
2008/04/21,0,801000,-300000,501000
2008/04/22,0,751000,-2450000,-1699000
2008/04/23,0,1001000,-5187000,-4186000
2008/04/24,0,2672000,-4060000,-1388000
2008/04/25,0,262000,-500000,-238000
2008/04/28,0,343000,-37000,306000
2008/04/29,0,3790000,-380000,3410000
2008/04/30,0,21000,-200000,-179000
2008/05/01,0,0,0,0
2008/05/02,0,136000,0,136000
2008/05/05,0,116000,-1087000,-971000
2008/05/06,0,16000,-1968000,-1952000
2008/05/07,0,2000,-7713000,-7711000
2008/05/08,0,4008000,-300000,3708000
2008/05/09,0,2000,-484000,-482000
2008/05/12,0,136000,-300000,-164000
2008/05/13,0,108000,-2400000,-2292000
2008/05/14,0,57000,-7300000,-7243000
2008/05/15,0,13000,0,13000
2008/05/16,0,500000,0,500000
2008/05/19,0,65000,-3716000,-3651000
2008/05/20,0,0,-975000,-975000
2008/05/21,0,0,0,0
2008/05/22,0,3000,-6290000,-6287000
2008/05/23,0,170000,-2001000,-1831000
2008/05/26,0,210000,-180000,30000
2008/05/27,0,1580000,-6000,1574000
2008/05/28,0,12107000,0,12107000
2008/05/29,0,13095000,0,13095000
2008/05/30,0,8245000,-73000,8172000
2008/06/02,0,8061000,-98000,7963000
2008/06/03,0,362000,-277000,85000
2008/06/04,0,516000,0,516000
2008/06/05,0,1000,-500000,-499000
2008/06/06,0,1000,0,1000
2008/06/09,0,494000,0,494000
2008/06/10,0,0,-1044000,-1044000
2008/06/11,0,459000,-300000,159000
2008/06/12,0,1003000,0,1003000
2008/06/13,0,685000,-200000,485000
2008/06/16,0,20000,-2413000,-2393000
2008/06/17,0,61000,-1350000,-1289000
2008/06/18,0,1530000,0,1530000
2008/06/19,0,0,-3000,-3000
2008/06/20,0,68000,-1000,67000
2008/06/23,0,2324000,0,2324000
2008/06/24,0,101000,-770000,-669000
2008/06/25,0,359000,-1216000,-857000
2008/06/26,0,60000,0,60000
2008/06/27,0,1000,-440000,-439000
2008/06/30,0,405000,-127000,278000
2008/07/01,0,1203000,-4214000,-3011000
2008/07/02,0,0,-5926000,-5926000
2008/07/03,0,1000,-1811000,-1810000
2008/07/04,0,5000,-1710000,-1705000
2008/07/07,0,23000,-228000,-205000
2008/07/08,0,0,-3688000,-3688000
2008/07/09,0,0,-832000,-832000
2008/07/10,0,0,-257000,-257000
2008/07/11,0,1000,-5253000,-5252000
2008/07/14,0,0,-460000,-460000
2008/07/15,0,8000,-5350000,-5342000
2008/07/16,0,22000,-7107000,-7085000
2008/07/17,0,742000,-1430000,-688000
2008/07/18,0,0,-22000,-22000
2008/07/21,0,490000,-459000,31000
2008/07/22,0,2109000,-5000000,-2891000
2008/07/23,0,3949000,-3365000,584000
2008/07/24,0,0,-2457000,-2457000
2008/07/25,0,0,0,0
2008/07/28,0,0,0,0
2008/07/29,0,2000,-1000000,-998000
2008/07/30,0,2000,-1923000,-1921000
2008/07/31,0,581000,-4600000,-4019000
2008/08/01,0,290000,-23000,267000
2008/08/04,0,1000,0,1000
2008/08/05,0,525000,-27000,498000
2008/08/06,0,2000,0,2000
2008/08/07,0,0,-120000,-120000
2008/08/08,0,115000,-80000,35000
2008/08/11,0,226000,-300000,-74000
2008/08/12,0,307000,-505000,-198000
2008/08/13,0,0,-1020000,-1020000
2008/08/14,0,160000,-424000,-264000
2008/08/15,0,0,0,0
2008/08/18,0,1000,-3400000,-3399000
2008/08/19,0,0,-918000,-918000
2008/08/20,0,5000,-120000,-115000
2008/08/21,0,3000,-1853000,-1850000
2008/08/22,0,1000,0,1000
2008/08/25,0,1000,-351000,-350000
2008/08/26,0,0,-2000,-2000
2008/08/27,0,0,0,0
2008/08/28,0,0,0,0
2008/08/29,0,18000,-21000,-3000
2008/09/01,0,4000,0,4000
2008/09/02,0,13000,-236000,-223000
2008/09/03,0,33000,0,33000
2008/09/04,0,6000,-2730000,-2724000
2008/09/05,0,204000,-1200000,-996000
2008/09/08,0,80000,-510000,-430000
2008/09/09,0,15000,0,15000
2008/09/10,0,5000,0,5000
2008/09/11,0,0,0,0
2008/09/12,0,0,0,0
2008/09/15,0,0,0,0
2008/09/16,0,23000,-2553000,-2530000
2008/09/17,0,130000,-351000,-221000
2008/09/18,0,4000,-1449000,-1445000
2008/09/19,0,9000,-1468000,-1459000
2008/09/22,0,0,-862000,-862000
2008/09/23,0,0,-497000,-497000
2008/09/24,0,30000,-2000,28000
2008/09/25,0,72000,-52000,20000
2008/09/26,0,1000,0,1000
2008/09/29,0,0,0,0
2008/09/30,0,0,0,0
2008/10/01,0,1000,-11000,-10000
2008/10/02,0,1000,-154000,-153000
2008/10/03,0,72000,-31000,41000
2008/10/06,0,0,-3650000,-3650000
2008/10/07,0,30000,-3134000,-3104000
2008/10/08,0,0,-2568000,-2568000
2008/10/09,0,0,-1994000,-1994000
2008/10/10,0,0,0,0
2008/10/13,0,0,-800000,-800000
2008/10/14,0,0,-1700000,-1700000
2008/10/15,0,2000,-5609000,-5607000
2008/10/16,0,12000,0,12000
2008/10/17,0,31000,-575000,-544000
2008/10/20,0,0,-34000,-34000
2008/10/21,0,18000,-231000,-213000
2008/10/22,0,0,-116000,-116000
2008/10/23,0,0,-866000,-866000
2008/10/24,0,50000,-175000,-125000
2008/10/27,0,181000,-126000,55000
2008/10/28,0,284000,-4518000,-4234000
2008/10/29,0,0,-398000,-398000
2008/10/30,0,523000,0,523000
2008/10/31,0,737000,0,737000
2008/11/03,0,1518000,-48000,1470000
2008/11/04,0,806000,0,806000
2008/11/05,0,1000,-3546000,-3545000
2008/11/06,0,10000,0,10000
2008/11/07,0,6811000,0,6811000
2008/11/10,0,1751000,0,1751000
2008/11/11,0,1587000,0,1587000
2008/11/12,0,700000,-369000,331000
2008/11/13,0,7000,-25000,-18000
2008/11/14,0,1354000,-124000,1230000
2008/11/17,0,1000,0,1000
2008/11/18,0,200000,0,200000
2008/11/19,0,327000,-300000,27000
2008/11/20,0,16000,-5036000,-5020000
2008/11/21,0,0,-574000,-574000
2008/11/24,0,203000,-200000,3000
2008/11/25,0,3378000,0,3378000
2008/11/26,0,337000,0,337000
2008/11/27,0,270000,0,270000
2008/11/28,0,516000,0,516000
2008/12/01,0,20000,0,20000
2008/12/02,0,1021000,0,1021000
2008/12/03,0,1500000,-5000,1495000
2008/12/04,0,1651000,-906000,745000
2008/12/05,0,0,0,0
2008/12/08,0,29000,0,29000
2008/12/09,0,81000,0,81000
2008/12/10,0,1000000,0,1000000
2008/12/11,0,46000,-3000000,-2954000
2008/12/12,0,0,-508000,-508000
2008/12/15,0,8400000,-1000,8399000
2008/12/16,0,2450000,-279000,2171000
2008/12/17,0,4000,0,4000
2008/12/18,0,4502000,-10000,4492000
2008/12/19,0,1284000,-294000,990000
2008/12/22,0,506000,0,506000
2008/12/23,0,1000,-470000,-469000
2008/12/24,0,1962000,0,1962000
2008/12/25,0,0,0,0
2008/12/26,0,0,0,0
2008/12/29,0,0,-1000000,-1000000
2008/12/30,0,420000,-985000,-565000
2008/12/31,0,0,0,0
2009/01/01,0,0,0,0
2009/01/02,0,0,0,0
2009/01/05,0,0,0,0
2009/01/06,0,0,-431000,-431000
2009/01/07,0,235000,-4555000,-4320000
2009/01/08,0,0,0,0
2009/01/09,0,2000,-270000,-268000
2009/01/12,0,2000,-104000,-102000
2009/01/13,0,1000,-2417000,-2416000
2009/01/14,0,7000,0,7000
2009/01/15,0,1187000,-584000,603000
2009/01/16,0,2501000,-2151000,350000
2009/01/19,0,0,-3022000,-3022000
2009/01/20,0,0,-1791000,-1791000
2009/01/21,0,0,-2000000,-2000000
2009/01/22,0,0,0,0
2009/01/23,0,0,0,0
2009/01/26,0,0,0,0
2009/01/27,0,0,0,0
2009/01/28,0,0,0,0
2009/01/29,0,0,0,0
2009/01/30,0,0,0,0
2009/02/02,0,0,0,0
2009/02/03,0,11000,-812000,-801000
2009/02/04,0,0,-2322000,-2322000
2009/02/05,0,0,0,0
2009/02/06,0,71000,-4700000,-4629000
2009/02/09,0,0,-5000,-5000
2009/02/10,0,11000,-2400000,-2389000
2009/02/11,0,0,-15000,-15000
2009/02/12,0,0,0,0
2009/02/13,0,158000,0,158000
2009/02/16,0,0,0,0
2009/02/17,0,0,0,0
2009/02/18,0,22000,-576000,-554000
2009/02/19,0,0,0,0
2009/02/20,0,0,-232000,-232000
2009/02/23,0,723000,0,723000
2009/02/24,0,0,0,0
2009/02/25,0,0,0,0
2009/02/26,0,631000,-460000,171000
2009/02/27,0,500000,-458000,42000
2009/03/02,0,9819000,-756000,9063000
2009/03/03,0,9000,-303000,-294000
2009/03/04,0,0,-3000,-3000
2009/03/05,0,10924000,0,10924000
2009/03/06,0,1500000,-38000,1462000
2009/03/09,0,0,-405000,-405000
2009/03/10,0,9000,0,9000
2009/03/11,0,0,-531000,-531000
2009/03/12,0,1117000,0,1117000
2009/03/13,0,0,-16000,-16000
2009/03/16,0,2319000,-19000,2300000
2009/03/17,0,209000,-214000,-5000
2009/03/18,0,2200000,-1522000,678000
2009/03/19,0,0,-28000,-28000
2009/03/20,0,0,-10000,-10000
2009/03/23,0,169000,-8473000,-8304000
2009/03/24,0,19000,-35000,-16000
2009/03/25,0,0,-1267000,-1267000
2009/03/26,0,0,0,0
2009/03/27,0,2019000,0,2019000
2009/03/30,0,0,-606000,-606000
2009/03/31,0,7200000,-153000,7047000
2009/04/01,0,0,0,0
2009/04/02,0,1462000,-53000,1409000
2009/04/03,0,1438000,-12000,1426000
2009/04/06,0,2657000,-43000,2614000
2009/04/07,0,3993000,0,3993000
2009/04/08,0,0,-5000,-5000
2009/04/09,0,0,-7000,-7000
2009/04/10,0,1200000,-25000,1175000
2009/04/13,0,0,-2141000,-2141000
2009/04/14,0,1023000,-16000,1007000
2009/04/15,0,0,-1487000,-1487000
2009/04/16,0,0,-224000,-224000
2009/04/17,0,0,0,0
2009/04/20,0,0,-4285000,-4285000
2009/04/21,0,0,-3967000,-3967000
2009/04/22,0,46000,-72000,-26000
2009/04/23,0,0,-2849000,-2849000
2009/04/24,0,44000,-351000,-307000
2009/04/27,0,3000,-1910000,-1907000
2009/04/28,0,4000,-271000,-267000
2009/04/29,0,16000,-4000000,-3984000
2009/04/30,0,0,0,0
2009/05/01,0,0,0,0
2009/05/04,0,417000,0,417000
2009/05/05,0,301000,-41000,260000
2009/05/06,0,3000,-28000,-25000
2009/05/07,0,0,-35000,-35000
2009/05/08,0,0,-9000,-9000
2009/05/11,0,4000,-24000,-20000
2009/05/12,0,0,-8000,-8000
2009/05/13,0,320000,-1149000,-829000
2009/05/14,0,0,0,0
2009/05/15,0,25000,-500000,-475000
2009/05/18,0,0,-6000,-6000
2009/05/19,0,6000,-12000,-6000
2009/05/20,0,101000,-10000,91000
2009/05/21,0,0,-90000,-90000
2009/05/22,0,0,-10758000,-10758000
2009/05/25,0,103000,-3059000,-2956000
2009/05/26,0,2103000,-48000,2055000
2009/05/27,0,1555000,-4094000,-2539000
2009/05/28,0,0,0,0
2009/05/29,0,0,0,0
2009/06/01,0,3269000,-77000,3192000
2009/06/02,0,113000,-60000,53000
2009/06/03,0,0,0,0
2009/06/04,0,0,-50000,-50000
2009/06/05,0,0,-50000,-50000
2009/06/08,0,0,-433000,-433000
2009/06/09,0,0,-20000,-20000
2009/06/10,0,0,-43000,-43000
2009/06/11,0,11000,0,11000
2009/06/12,0,0,-512000,-512000
2009/06/15,0,9000,-500000,-491000
2009/06/16,0,21000,-1407000,-1386000
2009/06/17,0,18000,-1006000,-988000
2009/06/18,0,217000,-800000,-583000
2009/06/19,0,48000,0,48000
2009/06/22,0,15000,0,15000
2009/06/23,0,0,-16000,-16000
2009/06/24,0,5000,0,5000
2009/06/25,0,2000,0,2000
2009/06/26,0,36000,-600000,-564000
2009/06/29,0,0,0,0
2009/06/30,0,0,0,0
2009/07/01,0,15000,0,15000
2009/07/02,0,0,-1000,-1000
2009/07/03,0,0,-30000,-30000
2009/07/06,0,0,-3000,-3000
2009/07/07,0,7000,0,7000
2009/07/08,0,0,-6000,-6000
2009/07/09,0,0,0,0
2009/07/10,0,0,-3680000,-3680000
2009/07/13,0,0,-213000,-213000
2009/07/14,0,0,-64000,-64000
2009/07/15,0,0,0,0
2009/07/16,0,0,-8000,-8000
2009/07/17,0,0,0,0
2009/07/20,0,0,-119000,-119000
2009/07/21,0,0,-2714000,-2714000
2009/07/22,0,0,-39000,-39000
2009/07/23,0,0,-49000,-49000
2009/07/24,0,0,-39000,-39000
2009/07/27,0,0,-8000,-8000
2009/07/28,0,0,-2079000,-2079000
2009/07/29,0,0,-31000,-31000
2009/07/30,0,0,-16000,-16000
2009/07/31,0,0,-76000,-76000
2009/08/03,0,0,0,0
2009/08/04,0,0,-21000,-21000
2009/08/05,0,0,0,0
2009/08/06,0,0,-10000,-10000
2009/08/07,0,0,0,0
2009/08/10,0,18000,-38000,-20000
2009/08/11,0,9000,0,9000
2009/08/12,0,0,-108000,-108000
2009/08/13,0,0,-10000,-10000
2009/08/14,0,0,-4000,-4000
2009/08/17,0,0,-53000,-53000
2009/08/18,0,9000,-1249000,-1240000
2009/08/19,0,5000,0,5000
2009/08/20,0,5000,-5000,0
2009/08/21,0,0,-11000,-11000
2009/08/24,0,17000,0,17000
2009/08/25,0,0,0,0
2009/08/26,0,2000,0,2000
2009/08/27,0,20000,-10000,10000
2009/08/28,0,0,0,0
2009/08/31,0,29000,0,29000
2009/09/01,0,0,-1596000,-1596000
2009/09/02,0,0,0,0
2009/09/03,0,0,-10000,-10000
2009/09/04,0,0,-11000,-11000
2009/09/07,0,0,-660000,-660000
2009/09/08,0,0,0,0
2009/09/09,0,53000,0,53000
2009/09/10,0,194000,0,194000
2009/09/11,0,150000,0,150000
2009/09/14,0,0,-99000,-99000
2009/09/15,0,0,0,0
2009/09/16,0,30000,0,30000
2009/09/17,0,282000,0,282000
2009/09/18,0,0,-51000,-51000
2009/09/21,0,0,-5000,-5000
2009/09/22,0,0,0,0
2009/09/23,0,19000,-4000,15000
2009/09/24,0,9000,0,9000
2009/09/25,0,0,0,0
2009/09/28,0,12000,0,12000
2009/09/29,0,11000,0,11000
2009/09/30,0,0,-8000,-8000
2009/10/01,0,0,0,0
2009/10/02,0,20000,0,20000
2009/10/05,0,1500000,0,1500000
2009/10/06,0,0,0,0
2009/10/07,0,0,0,0
2009/10/08,0,1000,0,1000
2009/10/09,0,505000,0,505000
2009/10/12,0,100000,0,100000
2009/10/13,0,630000,-70000,560000
2009/10/14,0,0,-6000,-6000
2009/10/15,0,0,0,0
2009/10/16,0,0,0,0
2009/10/19,0,15000,0,15000
2009/10/20,0,6000,0,6000
2009/10/21,0,40000,-10000,30000
2009/10/22,0,0,0,0
2009/10/23,0,0,-300000,-300000
2009/10/26,0,0,0,0
2009/10/27,0,7000,-11000,-4000
2009/10/28,0,0,-3000,-3000
2009/10/29,0,4000,-4000,0
2009/10/30,0,0,-5000,-5000
2009/11/02,0,9000,0,9000
2009/11/03,0,7000,-3000,4000
2009/11/04,0,7000,0,7000
2009/11/05,0,8000,0,8000
2009/11/06,0,4000,-2000,2000
2009/11/09,0,8000,0,8000
2009/11/10,0,4004000,-8000,3996000
2009/11/11,0,4700000,0,4700000
2009/11/12,0,5573000,-3000,5570000
2009/11/13,0,2500000,-20000,2480000
2009/11/16,0,121000,-1000,120000
2009/11/17,0,2500000,-2000,2498000
2009/11/18,0,4396000,-316000,4080000
2009/11/19,0,1600000,-6000,1594000
2009/11/20,0,0,-7000,-7000
2009/11/23,0,0,-3000,-3000
2009/11/24,0,0,-5000,-5000
2009/11/25,0,0,0,0
2009/11/26,0,0,0,0
2009/11/27,0,0,0,0
2009/11/30,0,0,-2131000,-2131000
2009/12/01,0,0,0,0
2009/12/02,0,0,0,0
2009/12/03,0,3100000,-8000,3092000
2009/12/04,0,0,-8000,-8000
2009/12/07,0,0,0,0
2009/12/08,0,0,0,0
2009/12/09,0,0,0,0
2009/12/10,0,0,-19000,-19000
2009/12/11,0,7000,0,7000
2009/12/14,0,0,-15000,-15000
2009/12/15,0,0,0,0
2009/12/16,0,0,-17000,-17000
2009/12/17,0,0,0,0
2009/12/18,0,0,-10000,-10000
2009/12/21,0,0,0,0
2009/12/22,0,0,-6000,-6000
2009/12/23,0,2000,0,2000
2009/12/24,0,0,0,0
2009/12/25,0,0,-12000,-12000
2009/12/28,0,0,-146000,-146000
2009/12/29,0,0,-255000,-255000
2009/12/30,0,0,-175000,-175000
2009/12/31,0,0,-1000,-1000
2010/01/01,0,0,0,0
2010/01/04,0,7000,-1000,6000
2010/01/05,0,0,-2000,-2000
2010/01/06,0,0,0,0
2010/01/07,0,0,-3000,-3000
2010/01/08,0,300000,-9000,291000
2010/01/11,0,1000000,-4000,996000
2010/01/12,0,0,-9000,-9000
2010/01/13,0,0,-2000,-2000
2010/01/14,0,0,-6000,-6000
2010/01/15,0,0,-99000,-99000
2010/01/18,0,20000,0,20000
2010/01/19,0,3000,0,3000
2010/01/20,0,0,-8000,-8000
2010/01/21,0,380000,-5000,375000
2010/01/22,0,0,0,0
2010/01/25,0,0,-7000,-7000
2010/01/26,0,0,-3000,-3000
2010/01/27,0,19000,0,19000
2010/01/28,0,5000,0,5000
2010/01/29,0,7000,0,7000
2010/02/01,0,8000,-2000,6000
2010/02/02,0,0,0,0
2010/02/03,0,3000,-1000,2000
2010/02/04,0,4000,0,4000
2010/02/05,0,4000,0,4000
2010/02/08,0,15000,-3000,12000
2010/02/09,0,6000,0,6000
2010/02/10,0,0,0,0
2010/02/11,0,0,0,0
2010/02/12,0,0,0,0
2010/02/15,0,0,0,0
2010/02/16,0,0,0,0
2010/02/17,0,0,0,0
2010/02/18,0,0,0,0
2010/02/19,0,0,0,0
2010/02/22,0,6000,0,6000
2010/02/23,0,18000,0,18000
2010/02/24,0,0,0,0
2010/02/25,0,0,-1000,-1000
2010/02/26,0,6000,-12000,-6000
2010/03/01,0,4000,0,4000
2010/03/02,0,0,0,0
2010/03/03,0,0,0,0
2010/03/04,0,0,-4000,-4000
2010/03/05,0,2000,0,2000
2010/03/08,0,0,0,0
2010/03/09,0,4000,0,4000
2010/03/10,0,0,-6000,-6000
2010/03/11,0,2000,0,2000
2010/03/12,0,0,-2556000,-2556000
2010/03/15,0,0,-7000,-7000
2010/03/16,0,320000,-1902000,-1582000
2010/03/17,0,6000,-439000,-433000
2010/03/18,0,4000,-4000,0
2010/03/19,0,0,-4000,-4000
2010/03/22,0,0,-504000,-504000
2010/03/23,0,4000,-105000,-101000
2010/03/24,0,0,-302000,-302000
2010/03/25,0,0,-4000,-4000
2010/03/26,0,0,-2000,-2000
2010/03/29,0,5000,0,5000
2010/03/30,0,4000,0,4000
2010/03/31,0,0,-25000,-25000
2010/04/01,0,0,-145000,-145000
2010/04/02,0,2000,-3000,-1000
2010/04/05,0,0,0,0
2010/04/06,0,0,-3000,-3000
2010/04/07,0,0,-6000,-6000
2010/04/08,0,0,-11000,-11000
2010/04/09,0,0,-3000,-3000
2010/04/12,0,0,-1000,-1000
2010/04/13,0,0,-6000,-6000
2010/04/14,0,0,-4000,-4000
2010/04/15,0,0,-4000,-4000
2010/04/16,0,0,-5000,-5000
2010/04/19,0,0,-424,-424
2010/04/20,0,2000,-12000,-10000
2010/04/21,0,3000,0,3000
2010/04/22,0,0,0,0
2010/04/23,0,0,0,0
2010/04/26,0,0,0,0
2010/04/27,0,3000,-2000,1000
2010/04/28,0,3000,-3000,0
2010/04/29,0,0,0,0
2010/04/30,0,0,0,0
2010/05/03,0,0,-3000,-3000
2010/05/04,0,0,0,0
2010/05/05,0,0,-13000,-13000
2010/05/06,0,0,-5000,-5000
2010/05/07,0,7000,-1000,6000
2010/05/10,0,6000,0,6000
2010/05/11,0,6000,0,6000
2010/05/12,0,2000,0,2000
2010/05/13,0,2000,0,2000
2010/05/14,0,3000,0,3000
2010/05/17,0,2000,-1000,1000
2010/05/18,0,0,0,0
2010/05/19,0,0,0,0
2010/05/20,0,6000,0,6000
2010/05/21,0,0,0,0
2010/05/24,0,0,-6000,-6000
2010/05/25,0,2000,0,2000
2010/05/26,0,130000,-2056000,-1926000
2010/05/27,0,9000,0,9000
2010/05/28,0,0,-661000,-661000
2010/05/31,0,0,-323000,-323000
2010/06/01,0,1000,0,1000
2010/06/02,0,0,0,0
2010/06/03,0,0,0,0
2010/06/04,0,0,0,0
2010/06/07,0,0,0,0
2010/06/08,0,6000,-1000,5000
2010/06/09,0,484000,0,484000
2010/06/10,0,7000,-1000,6000
2010/06/11,0,0,0,0
2010/06/14,0,302000,0,302000
2010/06/15,0,319000,-5000,314000
2010/06/16,0,0,0,0
2010/06/17,0,600000,-2000,598000
2010/06/18,0,0,-16000,-16000
2010/06/21,0,0,0,0
2010/06/22,0,0,0,0
2010/06/23,0,0,-3000,-3000
2010/06/24,0,65000,-4000,61000
2010/06/25,0,20000,-4000,16000
2010/06/28,0,0,0,0
2010/06/29,0,107000,0,107000
2010/06/30,0,700000,-800000,-100000
2010/07/01,0,1000000,0,1000000
2010/07/02,0,205000,0,205000
2010/07/05,0,2300000,-2000,2298000
2010/07/06,0,3418000,0,3418000
2010/07/07,0,1305000,0,1305000
2010/07/08,0,2394000,0,2394000
2010/07/09,0,0,0,0
2010/07/12,0,2316000,0,2316000
2010/07/13,0,316000,-6000,310000
2010/07/14,0,5435000,0,5435000
2010/07/15,0,11570000,-41000,11529000
2010/07/16,0,4928000,-1041000,3887000
2010/07/19,0,500000,-67000,433000
2010/07/20,0,1515000,0,1515000
2010/07/21,0,5276000,-252000,5024000
2010/07/22,0,537000,0,537000
2010/07/23,0,1000,-570000,-569000
2010/07/26,0,3568000,0,3568000
2010/07/27,0,3833000,0,3833000
2010/07/28,0,2282000,-330000,1952000
2010/07/29,0,21000,0,21000
2010/07/30,0,6759000,-29000,6730000
2010/08/02,0,4234000,-22000,4212000
2010/08/03,0,307000,-4000,303000
2010/08/04,0,844000,-11000,833000
2010/08/05,0,1319000,-11000,1308000
2010/08/06,0,0,-8000,-8000
2010/08/09,0,3931000,-1000,3930000
2010/08/10,0,5410000,0,5410000
2010/08/11,0,4157000,-2000,4155000
2010/08/12,0,1200000,-1944000,-744000
2010/08/13,0,14000,-244000,-230000
2010/08/16,0,1818000,-221000,1597000
2010/08/17,0,2000,-10000,-8000
2010/08/18,0,500000,-2000,498000
2010/08/19,0,2000000,-5622000,-3622000
2010/08/20,0,2535000,-5428000,-2893000
2010/08/23,0,3717000,0,3717000
2010/08/24,0,1603000,-5000,1598000
2010/08/25,0,25000,-428000,-403000
2010/08/26,0,1000000,-3000,997000
2010/08/27,0,903000,0,903000
2010/08/30,0,3217000,-21000,3196000
2010/08/31,0,932000,-4243000,-3311000
2010/09/01,0,500000,0,500000
2010/09/02,0,2149000,0,2149000
2010/09/03,0,4602000,0,4602000
2010/09/06,0,1380000,0,1380000
2010/09/07,0,1203000,0,1203000
2010/09/08,0,0,0,0
2010/09/09,0,400000,0,400000
2010/09/10,0,200000,0,200000
2010/09/13,0,2807000,0,2807000
2010/09/14,0,5487000,-204000,5283000
2010/09/15,0,3675000,-400000,3275000
2010/09/16,0,3931000,-113000,3818000
2010/09/17,0,2912000,-11000,2901000
2010/09/20,0,3877000,-3000,3874000
2010/09/21,0,507000,-7000,500000
2010/09/22,0,0,0,0
2010/09/23,0,2750000,-13000,2737000
2010/09/24,0,4300000,-8000,4292000
2010/09/27,0,2788000,-7000,2781000
2010/09/28,0,5473000,0,5473000
2010/09/29,0,0,-700000,-700000
2010/09/30,0,0,-1353000,-1353000
2010/10/01,0,1036000,-725000,311000
2010/10/04,0,3837000,-4000,3833000
2010/10/05,0,570000,0,570000
2010/10/06,0,0,-15000,-15000
2010/10/07,0,300000,-500000,-200000
2010/10/08,0,2000000,-303000,1697000
2010/10/11,0,50000,-5499000,-5449000
2010/10/12,0,0,-658000,-658000
2010/10/13,0,20000,-2904000,-2884000
2010/10/14,0,1015000,-3741000,-2726000
2010/10/15,0,150000,-2180000,-2030000
2010/10/18,0,0,-4000,-4000
2010/10/19,0,13000,-700000,-687000
2010/10/20,0,0,-2530000,-2530000
2010/10/21,0,0,0,0
2010/10/22,0,333000,-2600000,-2267000
2010/10/25,0,3191000,-2264000,927000
2010/10/26,0,210000,-2818000,-2608000
2010/10/27,0,14000,-2444000,-2430000
2010/10/28,0,0,-2477000,-2477000
2010/10/29,0,0,-2531000,-2531000
2010/11/01,0,7235000,0,7235000
2010/11/02,0,5346000,-400000,4946000
2010/11/03,0,896000,-705000,191000
2010/11/04,0,2967000,-66000,2901000
2010/11/05,0,1082000,-250000,832000
2010/11/08,0,250000,-3000,247000
2010/11/09,0,13000,0,13000
2010/11/10,0,0,-306000,-306000
2010/11/11,0,8000,-5078000,-5070000
2010/11/12,0,0,-1453000,-1453000
2010/11/15,0,0,-1566000,-1566000
2010/11/16,0,0,-2704000,-2704000
2010/11/17,0,0,-1965000,-1965000
2010/11/18,0,0,-3534000,-3534000
2010/11/19,0,0,-2368000,-2368000
2010/11/22,0,2347000,-2268000,79000
2010/11/23,0,3902000,-1053000,2849000
2010/11/24,0,3000000,-2762000,238000
2010/11/25,0,7839000,-1436000,6403000
2010/11/26,0,3000,0,3000
2010/11/29,0,0,-4006000,-4006000
2010/11/30,0,0,-4439000,-4439000
2010/12/01,0,12723000,-884000,11839000
2010/12/02,0,4350000,-312000,4038000
2010/12/03,0,1684000,-151000,1533000
2010/12/06,0,2427000,-27000,2400000
2010/12/07,0,195000,-757000,-562000
2010/12/08,0,50000,-1059000,-1009000
2010/12/09,0,55000,-3479000,-3424000
2010/12/10,0,0,-2468000,-2468000
2010/12/13,0,0,-13000,-13000
2010/12/14,0,906000,-4122000,-3216000
2010/12/15,0,0,-100000,-100000
2010/12/16,0,788000,-8000,780000
2010/12/17,0,280000,-2898000,-2618000
2010/12/20,0,0,-4641000,-4641000
2010/12/21,0,2000,-550000,-548000
2010/12/22,0,275000,-150000,125000
2010/12/23,0,0,-267000,-267000
2010/12/24,0,854000,0,854000
2010/12/27,0,1812000,-3000,1809000
2010/12/28,0,2390000,-47000,2343000
2010/12/29,0,3648000,0,3648000
2010/12/30,0,0,-700000,-700000
2010/12/31,0,2732000,-805000,1927000
2011/01/03,0,3390000,-522000,2868000
2011/01/04,0,526000,-2347000,-1821000
2011/01/05,0,200000,-4309000,-4109000
2011/01/06,0,1330000,-3144000,-1814000
2011/01/07,0,1900000,-424000,1476000
2011/01/10,0,0,-506000,-506000
2011/01/11,0,0,-1558000,-1558000
2011/01/12,0,272000,-2680000,-2408000
2011/01/13,0,100000,-12443000,-12343000
2011/01/14,0,1200000,-832000,368000
2011/01/17,0,0,-302000,-302000
2011/01/18,0,0,-2201000,-2201000
2011/01/19,0,3835000,-1329000,2506000
2011/01/20,0,0,-1829000,-1829000
2011/01/21,0,200000,-571000,-371000
2011/01/24,0,0,-2000000,-2000000
2011/01/25,0,429000,-500000,-71000
2011/01/26,0,20000,-859000,-839000
2011/01/27,0,3000,-2000,1000
2011/01/28,0,0,-4573000,-4573000
2011/01/31,0,0,0,0
2011/02/01,0,0,0,0
2011/02/02,0,0,0,0
2011/02/03,0,0,0,0
2011/02/04,0,0,0,0
2011/02/07,0,0,0,0
2011/02/08,0,593000,-3025000,-2432000
2011/02/09,0,0,-4290000,-4290000
2011/02/10,0,0,-7069000,-7069000
2011/02/11,0,13000,-2231000,-2218000
2011/02/14,0,105000,-135000,-30000
2011/02/15,0,8000,-500000,-492000
2011/02/16,0,7000,-95000,-88000
2011/02/17,0,1200000,0,1200000
2011/02/18,0,700000,-4276000,-3576000
2011/02/21,0,500000,-1885000,-1385000
2011/02/22,0,500000,-1844000,-1344000
2011/02/23,0,514000,0,514000
2011/02/24,0,335000,-1357000,-1022000
2011/02/25,0,3000,-1324000,-1321000
2011/02/28,0,0,0,0
2011/03/01,0,0,-270000,-270000
2011/03/02,0,4000,-5001000,-4997000
2011/03/03,0,226000,-300000,-74000
2011/03/04,0,0,0,0
2011/03/07,0,0,0,0
2011/03/08,0,0,0,0
2011/03/09,0,2000,-300000,-298000
2011/03/10,0,120000,0,120000
2011/03/11,0,366000,0,366000
2011/03/14,0,6000,-6818000,-6812000
2011/03/15,0,1104000,-1600000,-496000
2011/03/16,0,3550000,0,3550000
2011/03/17,0,2627000,0,2627000
2011/03/18,0,475000,-6000,469000
2011/03/21,0,0,0,0
2011/03/22,0,1586000,0,1586000
2011/03/23,0,4673000,-2500000,2173000
2011/03/24,0,2367000,-2000000,367000
2011/03/25,0,1040000,0,1040000
2011/03/28,0,850000,0,850000
2011/03/29,0,5122000,0,5122000
2011/03/30,0,2603000,-71000,2532000
2011/03/31,0,1887000,-189000,1698000
2011/04/01,0,0,0,0
2011/04/04,0,0,0,0
2011/04/05,0,0,0,0
2011/04/06,0,802000,-1031000,-229000
2011/04/07,0,300000,0,300000
2011/04/08,0,939000,0,939000
2011/04/11,0,151000,0,151000
2011/04/12,0,572000,-1504000,-932000
2011/04/13,0,150000,0,150000
2011/04/14,0,7000,0,7000
2011/04/15,0,149000,-1924000,-1775000
2011/04/18,0,601000,-3000,598000
2011/04/19,0,423000,-1000,422000
2011/04/20,0,8053000,0,8053000
2011/04/21,0,12680000,-22000,12658000
2011/04/22,0,5622000,0,5622000
2011/04/25,0,2466000,-4000,2462000
2011/04/26,0,191000,-1860000,-1669000
2011/04/27,0,4021000,-5000,4016000
2011/04/28,0,2417000,0,2417000
2011/04/29,0,750000,-360000,390000
2011/05/02,0,0,0,0
2011/05/03,0,750000,0,750000
2011/05/04,0,550000,0,550000
2011/05/05,0,50000,-380000,-330000
2011/05/06,0,48000,-400000,-352000
2011/05/09,0,552000,0,552000
2011/05/10,0,73000,-400000,-327000
2011/05/11,0,3000000,-1010000,1990000
2011/05/12,0,13000,-603000,-590000
2011/05/13,0,3000,0,3000
2011/05/16,0,5000,-220000,-215000
2011/05/17,0,0,0,0
2011/05/18,0,0,-490000,-490000
2011/05/19,0,293000,-1151000,-858000
2011/05/20,0,0,-646000,-646000
2011/05/23,0,5000,-63000,-58000
2011/05/24,0,0,-710000,-710000
2011/05/25,0,0,-70000,-70000
2011/05/26,0,400000,-170000,230000
2011/05/27,0,1977000,0,1977000
2011/05/30,0,2000,-635000,-633000
2011/05/31,0,107000,-94000,13000
2011/06/01,0,300000,-2050000,-1750000
2011/06/02,0,500000,-2846000,-2346000
2011/06/03,0,0,0,0
2011/06/06,0,0,0,0
2011/06/07,0,0,0,0
2011/06/08,0,263000,0,263000
2011/06/09,0,0,-1912000,-1912000
2011/06/10,0,400000,0,400000
2011/06/13,0,0,0,0
2011/06/14,0,7000,-2100000,-2093000
2011/06/15,0,0,-8007000,-8007000
2011/06/16,0,0,-10202000,-10202000
2011/06/17,0,13000,-661000,-648000
2011/06/20,0,6000,-345000,-339000
2011/06/21,0,9000,0,9000
2011/06/22,0,107000,0,107000
2011/06/23,0,4000,-525000,-521000
2011/06/24,0,5000,0,5000
2011/06/27,0,1000,0,1000
2011/06/28,0,53000,-6000,47000
2011/06/29,0,48000,0,48000
2011/06/30,0,6000,-1919000,-1913000
2011/07/01,0,1000,-1300000,-1299000
2011/07/04,0,0,-2080000,-2080000
2011/07/05,0,0,-3000,-3000
2011/07/06,0,0,-201000,-201000
2011/07/07,0,0,-325000,-325000
2011/07/08,0,1244000,-3000,1241000
2011/07/11,0,647000,-200000,447000
2011/07/12,0,4000,0,4000
2011/07/13,0,9000,-485000,-476000
2011/07/14,0,0,-46000,-46000
2011/07/15,0,8000,-3115000,-3107000
2011/07/18,0,703000,-1000000,-297000
2011/07/19,0,219000,-500000,-281000
2011/07/20,0,162000,-228000,-66000
2011/07/21,0,281000,-1500000,-1219000
2011/07/22,0,0,-693000,-693000
2011/07/25,0,0,-9000,-9000
2011/07/26,0,112000,-200000,-88000
2011/07/27,0,2146000,-7000,2139000
2011/07/28,0,2535000,-9000,2526000
2011/07/29,0,1084000,0,1084000
2011/08/01,0,11000,-1000000,-989000
2011/08/02,0,1447000,-11000,1436000
2011/08/03,0,17000,-431000,-414000
2011/08/04,0,35000,-1308000,-1273000
2011/08/05,0,242000,0,242000
2011/08/08,0,223000,-1200000,-977000
2011/08/09,0,28000,-575000,-547000
2011/08/10,0,28000,-12000,16000
2011/08/11,0,373000,0,373000
2011/08/12,0,5000,-309000,-304000
2011/08/15,0,11000,0,11000
2011/08/16,0,304000,-8000,296000
2011/08/17,0,0,-1095000,-1095000
2011/08/18,0,157000,-50000,107000
2011/08/19,0,188000,0,188000
2011/08/22,0,103000,-2000,101000
2011/08/23,0,1109000,0,1109000
2011/08/24,0,800000,-1537500,-737500
2011/08/25,0,266000,0,266000
2011/08/26,0,57000,-696000,-639000
2011/08/29,0,12000,-431000,-419000
2011/08/30,0,0,-2188000,-2188000
2011/08/31,0,1000,-633000,-632000
2011/09/01,0,870000,-3000,867000
2011/09/02,0,1841000,-10000,1831000
2011/09/05,0,1557000,-854000,703000
2011/09/06,0,600000,-4605000,-4005000
2011/09/07,0,617000,-9552500,-8935500
2011/09/08,0,800000,-3447000,-2647000
2011/09/09,0,628000,-2257170,-1629170
2011/09/12,0,0,0,0
2011/09/13,0,76000,-6628108,-6552108
2011/09/14,0,16000,-1721300,-1705300
2011/09/15,0,115000,-97000,18000
2011/09/16,0,1934000,-649500,1284500
2011/09/19,0,13000,-310000,-297000
2011/09/20,0,104000,-609720,-505720
2011/09/21,0,2990000,-1297721,1692279
2011/09/22,0,20000,-4872530,-4852530
2011/09/23,0,29000,-5042900,-5013900
2011/09/26,0,386000,-46500,339500
2011/09/27,0,470000,0,470000
2011/09/28,0,79000,-5000,74000
2011/09/29,0,34000,-6582820,-6548820
2011/09/30,0,0,-58000,-58000
2011/10/03,0,0,-643000,-643000
2011/10/04,0,25000,-3359510,-3334510
2011/10/05,0,35000,-111140,-76140
2011/10/06,0,52000,-999130,-947130
2011/10/07,0,5404000,0,5404000
2011/10/10,0,0,0,0
2011/10/11,0,2285000,0,2285000
2011/10/12,0,0,0,0
2011/10/13,0,419000,0,419000
2011/10/14,0,20000,-203000,-183000
2011/10/17,0,130000,-6814,123186
2011/10/18,0,10000,-219517,-209517
2011/10/19,0,0,0,0
2011/10/20,0,0,0,0
2011/10/21,0,0,0,0
2011/10/24,0,380000,-1000,379000
2011/10/25,0,2674000,0,2674000
2011/10/26,0,377000,-1561000,-1184000
2011/10/27,0,196000,0,196000
2011/10/28,0,3223000,0,3223000
2011/10/31,0,395000,-10000,385000
2011/11/01,0,230000,-17000,213000
2011/11/02,0,316000,-1000000,-684000
2011/11/03,0,4000,-3662000,-3658000
2011/11/04,0,0,-1600000,-1600000
2011/11/07,0,0,-1000,-1000
2011/11/08,0,11000,0,11000
2011/11/09,0,0,-600,-600
2011/11/10,0,3000,-999000,-996000
2011/11/11,0,0,-2170000,-2170000
2011/11/14,0,16557,-2089000,-2072443
2011/11/15,0,0,-2894000,-2894000
2011/11/16,0,0,-2114440,-2114440
2011/11/17,0,9000,-460000,-451000
2011/11/18,0,9000,-550000,-541000
2011/11/21,0,14000,0,14000
2011/11/22,0,167000,-159000,8000
2011/11/23,0,23000,0,23000
2011/11/24,0,16000,-882000,-866000
2011/11/25,0,18000,-2181000,-2163000
2011/11/28,0,6000,-3919000,-3913000
2011/11/29,0,8000,-1200000,-1192000
2011/11/30,0,1124000,-816000,308000
2011/12/01,0,850000,-261000,589000
2011/12/02,0,0,-500,-500
2011/12/05,0,458000,-278000,180000
2011/12/06,0,0,-800000,-800000
2011/12/07,0,6000,-3940000,-3934000
2011/12/08,0,7000,0,7000
2011/12/09,0,0,-5975,-5975
2011/12/12,0,0,0,0
2011/12/13,0,0,-180000,-180000
2011/12/14,0,0,-84000,-84000
2011/12/15,0,0,-1946000,-1946000
2011/12/16,0,3000,-28000,-25000
2011/12/19,0,9000,-3885000,-3876000
2011/12/20,0,6000,-860000,-854000
2011/12/21,0,0,-28000,-28000
2011/12/22,0,9000,-20000,-11000
2011/12/23,0,0,-8000,-8000
2011/12/26,0,0,-200000,-200000
2011/12/27,0,15000,0,15000
2011/12/28,0,0,-7000,-7000
2011/12/29,0,0,-300000,-300000
2011/12/30,0,0,-13000,-13000
2012/01/02,0,16000,-1100000,-1084000
2012/01/03,0,0,-924000,-924000
2012/01/04,0,0,-300000,-300000
2012/01/05,0,300000,-1021237,-721237
2012/01/06,0,0,-1566000,-1566000
2012/01/09,0,0,-1790000,-1790000
2012/01/10,0,88000,-753000,-665000
2012/01/11,0,0,-158000,-158000
2012/01/12,0,0,-534000,-534000
2012/01/13,0,0,-828000,-828000
2012/01/16,0,0,-4433000,-4433000
2012/01/17,0,5000,-2872000,-2867000
2012/01/18,0,0,-2764750,-2764750
2012/01/19,0,0,0,0
2012/01/20,0,0,0,0
2012/01/23,0,0,0,0
2012/01/24,0,0,0,0
2012/01/25,0,0,0,0
2012/01/26,0,0,0,0
2012/01/27,0,0,0,0
2012/01/30,0,0,-38000,-38000
2012/01/31,0,5000,-2000,3000
2012/02/01,0,0,-740690,-740690
2012/02/02,0,0,-541680,-541680
2012/02/03,0,0,-12000,-12000
2012/02/06,0,3969000,-22000,3947000
2012/02/07,0,1500000,0,1500000
2012/02/08,0,0,-12000,-12000
2012/02/09,0,328236,-111000,217236
2012/02/10,0,2782000,-13000,2769000
2012/02/13,0,430000,0,430000
2012/02/14,0,0,-36000,-36000
2012/02/15,0,0,-566000,-566000
2012/02/16,0,1000,-554000,-553000
2012/02/17,0,17000,0,17000
2012/02/20,0,0,-1106000,-1106000
2012/02/21,0,0,0,0
2012/02/22,0,0,0,0
2012/02/23,0,0,-6000,-6000
2012/02/24,0,0,-24000,-24000
2012/02/27,0,0,0,0
2012/02/28,0,0,0,0
2012/02/29,0,0,-34000,-34000
2012/03/01,0,0,0,0
2012/03/02,0,0,-2812000,-2812000
2012/03/05,0,914000,-952000,-38000
2012/03/06,0,0,-3000,-3000
2012/03/07,0,0,-1350000,-1350000
2012/03/08,0,0,-548394,-548394
2012/03/09,0,0,-3000,-3000
2012/03/12,0,0,-1304000,-1304000
2012/03/13,0,500000,-722000,-222000
2012/03/14,0,0,-99000,-99000
2012/03/15,0,0,-142000,-142000
2012/03/16,0,0,-157000,-157000
2012/03/19,0,0,-1000,-1000
2012/03/20,0,0,-5000,-5000
2012/03/21,0,0,0,0
2012/03/22,0,0,0,0
2012/03/23,0,0,0,0
2012/03/26,0,0,-3000,-3000
2012/03/27,0,0,0,0
2012/03/28,0,0,0,0
2012/03/29,0,0,0,0
2012/03/30,0,0,-1271000,-1271000
2012/04/02,0,0,-1000,-1000
2012/04/03,0,0,0,0
2012/04/04,0,0,0,0
2012/04/05,0,24915,-4000,20915
2012/04/06,0,0,-152000,-152000
2012/04/09,0,0,-14000,-14000
2012/04/10,0,0,0,0
2012/04/11,0,0,0,0
2012/04/12,0,0,-216000,-216000
2012/04/13,0,0,0,0
2012/04/16,0,10000,0,10000
2012/04/17,0,0,-180000,-180000
2012/04/18,0,0,0,0
2012/04/19,0,0,0,0
2012/04/20,0,0,-1540000,-1540000
2012/04/23,0,2000,0,2000
2012/04/24,0,12000,0,12000
2012/04/25,0,0,0,0
2012/04/26,0,0,0,0
2012/04/27,0,202000,0,202000
2012/04/30,0,0,0,0
2012/05/01,0,0,0,0
2012/05/02,0,39000,0,39000
2012/05/03,0,0,-5593,-5593
2012/05/04,0,0,-44000,-44000
2012/05/07,0,0,-900000,-900000
2012/05/08,0,0,0,0
2012/05/09,0,0,0,0
2012/05/10,0,0,0,0
2012/05/11,0,0,-130000,-130000
2012/05/14,0,0,0,0
2012/05/15,0,29000,0,29000
2012/05/16,0,1000,0,1000
2012/05/17,0,0,0,0
2012/05/18,0,0,0,0
2012/05/21,0,0,0,0
2012/05/22,0,0,0,0
2012/05/23,0,0,-20000,-20000
2012/05/24,0,0,0,0
2012/05/25,0,0,0,0
2012/05/28,0,1000,0,1000
2012/05/29,0,55000,0,55000
2012/05/30,0,0,-678327,-678327
2012/05/31,0,0,-147000,-147000
2012/06/01,0,0,-2000,-2000
2012/06/04,0,15000,0,15000
2012/06/05,0,11000,0,11000
2012/06/06,0,0,-105000,-105000
2012/06/07,0,0,0,0
2012/06/08,0,69000,-340,68660
2012/06/11,0,27000,0,27000
2012/06/12,0,85000,0,85000
2012/06/13,0,42000,-3000,39000
2012/06/14,0,39000,-13000,26000
2012/06/15,0,0,-202000,-202000
2012/06/18,0,0,-1000,-1000
2012/06/19,0,0,0,0
2012/06/20,0,0,0,0
2012/06/21,0,47000,0,47000
2012/06/22,0,0,0,0
2012/06/25,0,0,-35000,-35000
2012/06/26,0,17756,-13000,4756
2012/06/27,0,0,0,0
2012/06/28,0,0,-15000,-15000
2012/06/29,0,0,0,0
2012/07/02,0,92000,-9000,83000
2012/07/03,0,87000,0,87000
2012/07/04,0,0,0,0
2012/07/05,0,5000,-5000,0
2012/07/06,0,0,-18000,-18000
2012/07/09,0,0,0,0
2012/07/10,0,1000,0,1000
2012/07/11,0,1000,-37000,-36000
2012/07/12,0,0,0,0
2012/07/13,0,0,0,0
2012/07/16,0,0,-1000,-1000
2012/07/17,0,12000,0,12000
2012/07/18,0,0,0,0
2012/07/19,0,1000,0,1000
2012/07/20,0,0,0,0
2012/07/23,0,0,0,0
2012/07/24,0,0,-1000,-1000
2012/07/25,0,0,0,0
2012/07/26,0,26000,0,26000
2012/07/27,0,0,0,0
2012/07/30,0,0,0,0
2012/07/31,0,0,0,0
2012/08/01,0,2000,0,2000
2012/08/02,0,0,0,0
2012/08/03,0,0,-6000,-6000
2012/08/06,0,8000,-4000,4000
2012/08/07,0,3000,-110000,-107000
2012/08/08,0,2000,-21000,-19000
2012/08/09,0,86000,-12000,74000
2012/08/10,0,9000,-101000,-92000
2012/08/13,0,0,-6000,-6000
2012/08/14,0,0,-2000,-2000
2012/08/15,0,279000,-5000,274000
2012/08/16,0,0,-6000,-6000
2012/08/17,0,2000,-36461,-34461
2012/08/20,0,0,-5000,-5000
2012/08/21,0,0,-3000,-3000
2012/08/22,0,0,-2000,-2000
2012/08/23,0,4000,-86000,-82000
2012/08/24,0,0,0,0
2012/08/27,0,3000,-3000,0
2012/08/28,0,1000,-1000,0
2012/08/29,0,0,-115000,-115000
2012/08/30,0,0,-1000,-1000
2012/08/31,0,18000,-64000,-46000
2012/09/03,0,0,-4000,-4000
2012/09/04,0,0,0,0
2012/09/05,0,5000,-2000,3000
2012/09/06,0,9000,0,9000
2012/09/07,0,7000,-2000,5000
2012/09/10,0,0,0,0
2012/09/11,0,0,0,0
2012/09/12,0,10000,-6000,4000
2012/09/13,0,3000,0,3000
2012/09/14,0,2000,-124000,-122000
2012/09/17,0,4000,0,4000
2012/09/18,0,0,-8000,-8000
2012/09/19,0,74000,-3720,70280
2012/09/20,0,0,0,0
2012/09/21,0,0,-36000,-36000
2012/09/24,0,2000,0,2000
2012/09/25,0,0,0,0
2012/09/26,0,0,-2000,-2000
2012/09/27,0,3000,0,3000
2012/09/28,0,2000,-3000,-1000
2012/10/01,0,2000,0,2000
2012/10/02,0,0,-2000,-2000
2012/10/03,0,0,0,0
2012/10/04,0,0,0,0
2012/10/05,0,0,-3000,-3000
2012/10/08,0,0,0,0
2012/10/09,0,0,0,0
2012/10/10,0,0,0,0
2012/10/11,0,0,0,0
2012/10/12,0,0,0,0
2012/10/15,0,0,0,0
2012/10/16,0,0,-5000,-5000
2012/10/17,0,5000,0,5000
2012/10/18,0,0,-18000,-18000
2012/10/19,0,0,0,0
2012/10/22,0,0,0,0
2012/10/23,0,1000,0,1000
2012/10/24,0,0,0,0
2012/10/25,0,0,0,0
2012/10/26,0,0,0,0
2012/10/29,0,19635,0,19635
2012/10/30,0,0,-3000,-3000
2012/10/31,0,0,-7000,-7000
2012/11/01,0,0,0,0
2012/11/02,0,3000,0,3000
2012/11/05,0,0,-7000,-7000
2012/11/06,0,0,0,0
2012/11/07,0,0,0,0
2012/11/08,0,0,0,0
2012/11/09,0,0,0,0
2012/11/12,0,3000,0,3000
2012/11/13,0,2000,0,2000
2012/11/14,0,0,0,0
2012/11/15,0,0,0,0
2012/11/16,0,1400000,0,1400000
2012/11/19,0,0,0,0
2012/11/20,0,0,0,0
2012/11/21,0,0,0,0
2012/11/22,0,0,-7000,-7000
2012/11/23,0,0,0,0
2012/11/26,0,0,0,0
2012/11/27,0,0,0,0
2012/11/28,0,72000,-5000,67000
2012/11/29,0,0,-2000,-2000
2012/11/30,0,40000,-236000,-196000
2012/12/03,0,0,-2000,-2000
2012/12/04,0,0,-2000,-2000
2012/12/05,0,0,-4000,-4000
2012/12/06,0,0,0,0
2012/12/07,0,0,0,0
2012/12/10,0,0,-51000,-51000
2012/12/11,0,0,0,0
2012/12/12,0,0,0,0
2012/12/13,0,0,-6000,-6000
2012/12/14,0,0,-6000,-6000
2012/12/17,0,0,0,0
2012/12/18,0,0,-22000,-22000
2012/12/19,0,0,0,0
2012/12/20,0,0,-3000,-3000
2012/12/21,0,0,-106000,-106000
2012/12/24,0,0,0,0
2012/12/25,0,0,-302000,-302000
2012/12/26,0,0,0,0
2012/12/27,0,0,-2000,-2000
2012/12/28,0,0,-503830,-503830
2012/12/31,0,0,0,0
2013/01/01,0,0,0,0
2013/01/02,0,0,0,0
2013/01/03,0,0,-611000,-611000
2013/01/04,0,0,-637630,-637630
2013/01/07,0,0,-97000,-97000
2013/01/08,0,0,-5000,-5000
2013/01/09,0,0,0,0
2013/01/10,0,0,0,0
2013/01/11,0,0,-16000,-16000
2013/01/14,0,0,0,0
2013/01/15,0,0,-10000,-10000
2013/01/16,0,0,-32000,-32000
2013/01/17,0,17252,-18000,-748
2013/01/18,0,0,-18000,-18000
2013/01/21,0,0,-51000,-51000
2013/01/22,0,0,-3000,-3000
2013/01/23,0,0,-12000,-12000
2013/01/24,0,1000,-23000,-22000
2013/01/25,0,0,-9000,-9000
2013/01/28,0,0,0,0
2013/01/29,0,0,0,0
2013/01/30,0,0,0,0
2013/01/31,0,15000,-9000,6000
2013/02/01,0,0,0,0
2013/02/04,0,0,-158000,-158000
2013/02/05,0,0,-1613000,-1613000
2013/02/06,0,0,-97000,-97000
2013/02/07,0,0,0,0
2013/02/08,0,0,0,0
2013/02/11,0,0,0,0
2013/02/12,0,0,0,0
2013/02/13,0,0,0,0
2013/02/14,0,0,0,0
2013/02/15,0,0,0,0
2013/02/18,0,0,-110000,-110000
2013/02/19,0,0,-6000,-6000
2013/02/20,0,0,0,0
2013/02/21,0,0,-8000,-8000
2013/02/22,0,0,-13000,-13000
2013/02/25,0,0,0,0
2013/02/26,0,0,-5000,-5000
2013/02/27,0,0,-16000,-16000
2013/02/28,0,0,0,0
2013/03/01,0,0,0,0
2013/03/04,0,0,0,0
2013/03/05,0,0,0,0
2013/03/06,0,0,0,0
2013/03/07,0,6000,0,6000
2013/03/08,0,0,-3000,-3000
2013/03/11,0,0,-7000,-7000
2013/03/12,0,0,-790000,-790000
2013/03/13,0,0,-6000,-6000
2013/03/14,0,3000000,-4000,2996000
2013/03/15,0,500000,-2108000,-1608000
2013/03/18,0,38000,-14000,24000
2013/03/19,0,0,0,0
2013/03/20,0,148000,0,148000
2013/03/21,0,0,0,0
2013/03/22,0,0,-10000,-10000
2013/03/25,0,0,0,0
2013/03/26,0,1490000,0,1490000
2013/03/27,0,0,-1792000,-1792000
2013/03/28,0,0,-1000,-1000
2013/03/29,0,0,0,0
2013/04/01,0,0,-3000,-3000
2013/04/02,0,0,-1300000,-1300000
2013/04/03,0,0,0,0
2013/04/04,0,0,0,0
2013/04/05,0,0,0,0
2013/04/08,0,0,-2000,-2000
2013/04/09,0,0,0,0
2013/04/10,0,0,0,0
2013/04/11,0,0,0,0
2013/04/12,0,0,0,0
2013/04/15,0,0,-4000,-4000
2013/04/16,0,0,0,0
2013/04/17,0,0,-28000,-28000
2013/04/18,0,0,0,0
2013/04/19,0,13603,0,13603
2013/04/22,0,0,-1000,-1000
2013/04/23,0,0,-14000,-14000
2013/04/24,0,0,-3000,-3000
2013/04/25,0,0,-1007000,-1007000
2013/04/26,0,0,-8000,-8000
2013/04/29,0,0,-482840,-482840
2013/04/30,0,0,0,0
2013/05/01,0,0,0,0
2013/05/02,0,0,-4000,-4000
2013/05/03,0,0,-19000,-19000
2013/05/06,0,0,-14000,-14000
2013/05/07,0,0,-1000,-1000
2013/05/08,0,0,-4000,-4000
2013/05/09,0,0,-5000,-5000
2013/05/10,0,0,-143000,-143000
2013/05/13,0,1481000,-12000,1469000
2013/05/14,0,100000,-4000,96000
2013/05/15,0,0,0,0
2013/05/16,0,0,0,0
2013/05/17,0,0,-3000,-3000
2013/05/20,0,440000,-8000,432000
2013/05/21,0,0,-5000,-5000
2013/05/22,0,440000,-25000,415000
2013/05/23,0,0,-4000,-4000
2013/05/24,0,300000,-8000,292000
2013/05/27,0,70000,-10000,60000
2013/05/28,0,0,-1000,-1000
2013/05/29,0,115000,0,115000
2013/05/30,0,205000,0,205000
2013/05/31,0,30000,-75000,-45000
2013/06/03,0,0,0,0
2013/06/04,0,0,0,0
2013/06/05,0,55000,0,55000
2013/06/06,0,0,0,0
2013/06/07,0,0,0,0
2013/06/10,0,0,0,0
2013/06/11,0,66000,0,66000
2013/06/12,0,0,0,0
2013/06/13,0,57000,-14000,43000
2013/06/14,0,0,0,0
2013/06/17,0,0,-3000,-3000
2013/06/18,0,0,-5000,-5000
2013/06/19,0,0,-3000,-3000
2013/06/20,0,0,0,0
2013/06/21,0,0,-4406000,-4406000
2013/06/24,0,0,-118000,-118000
2013/06/25,0,0,0,0
2013/06/26,0,0,-7000,-7000
2013/06/27,0,1000,-4000,-3000
2013/06/28,0,40000,0,40000
2013/07/01,0,0,-7000,-7000
2013/07/02,0,0,0,0
2013/07/03,0,0,-8000,-8000
2013/07/04,0,0,-8000,-8000
2013/07/05,0,7000,-1000,6000
2013/07/08,0,0,0,0
2013/07/09,0,0,0,0
2013/07/10,0,0,0,0
2013/07/11,0,0,-796,-796
2013/07/12,0,0,-136000,-136000
2013/07/15,0,38000,0,38000
2013/07/16,0,0,0,0
2013/07/17,0,0,0,0
2013/07/18,0,1000,-13000,-12000
2013/07/19,0,1000,0,1000
2013/07/22,0,0,0,0
2013/07/23,0,1000,0,1000
2013/07/24,0,1000,0,1000
2013/07/25,0,1000,0,1000
2013/07/26,0,0,0,0
2013/07/29,0,0,0,0
2013/07/30,0,282000,0,282000
2013/07/31,0,2130000,-1000,2129000
2013/08/01,0,1500000,0,1500000
2013/08/02,0,0,0,0
2013/08/05,0,209000,0,209000
2013/08/06,0,0,0,0
2013/08/07,0,0,0,0
2013/08/08,0,0,0,0
2013/08/09,0,0,0,0
2013/08/12,0,3000,0,3000
2013/08/13,0,0,0,0
2013/08/14,0,6000,0,6000
2013/08/15,0,0,-3000,-3000
2013/08/16,0,162000,0,162000
2013/08/19,0,8000,0,8000
2013/08/20,0,0,0,0
2013/08/21,0,0,0,0
2013/08/22,0,408000,0,408000
2013/08/23,0,665000,0,665000
2013/08/26,0,22000,0,22000
2013/08/27,0,0,0,0
2013/08/28,0,1142000,0,1142000
2013/08/29,0,0,0,0
2013/08/30,0,10000,-5000,5000
2013/09/02,0,600000,0,600000
2013/09/03,0,5069,0,5069
2013/09/04,0,0,0,0
2013/09/05,0,0,-28000,-28000
2013/09/06,0,9000,-200000,-191000
2013/09/09,0,600000,-1384000,-784000
2013/09/10,0,1711000,-500000,1211000
2013/09/11,0,24000,0,24000
2013/09/12,0,251000,0,251000
2013/09/13,0,1034000,-4000,1030000
2013/09/16,0,267000,0,267000
2013/09/17,0,3136000,-14000,3122000
2013/09/18,0,1208000,-288000,920000
2013/09/19,0,0,0,0
2013/09/20,0,0,0,0
2013/09/23,0,1700000,0,1700000
2013/09/24,0,100000,-35000,65000
2013/09/25,0,1100000,0,1100000
2013/09/26,0,703000,0,703000
2013/09/27,0,0,-10000,-10000
2013/09/30,0,3000,-3000,0
2013/10/01,0,2000,0,2000
2013/10/02,0,3000,0,3000
2013/10/03,0,8000,0,8000
2013/10/04,0,1000,0,1000
2013/10/07,0,5000,0,5000
2013/10/08,0,0,0,0
2013/10/09,0,0,0,0
2013/10/10,0,0,0,0
2013/10/11,0,0,0,0
2013/10/14,0,0,0,0
2013/10/15,0,0,-94500,-94500
2013/10/16,0,0,0,0
2013/10/17,0,1000,0,1000
2013/10/18,0,0,0,0
2013/10/21,0,0,0,0
2013/10/22,0,0,-14000,-14000
2013/10/23,0,0,0,0
2013/10/24,0,0,0,0
2013/10/25,0,0,-1000,-1000
2013/10/28,0,0,-58000,-58000
2013/10/29,0,0,-1000,-1000
2013/10/30,0,0,0,0
2013/10/31,0,0,-3000,-3000
2013/11/01,0,234000,-5080,228920
2013/11/04,0,682000,-2000,680000
2013/11/05,0,233000,0,233000
2013/11/06,0,236000,0,236000
2013/11/07,0,230000,-2000,228000
2013/11/08,0,236000,0,236000
2013/11/11,0,0,0,0
2013/11/12,0,0,0,0
2013/11/13,0,0,0,0
2013/11/14,0,0,0,0
2013/11/15,0,0,0,0
2013/11/18,0,0,-349919,-349919
2013/11/19,0,233000,0,233000
2013/11/20,0,830000,-540000,290000
2013/11/21,0,1435000,-2000,1433000
2013/11/22,0,231000,0,231000
2013/11/25,0,2390000,-17767,2372233
2013/11/26,0,540000,-10000,530000
2013/11/27,0,0,0,0
2013/11/28,0,419000,-100000,319000
2013/11/29,0,0,-432000,-432000
2013/12/02,0,0,-2000,-2000
2013/12/03,0,0,0,0
2013/12/04,0,0,-3000,-3000
2013/12/05,0,0,-2000,-2000
2013/12/06,0,0,0,0
2013/12/09,0,0,0,0
2013/12/10,0,0,0,0
2013/12/11,0,0,0,0
2013/12/12,0,0,-4000,-4000
2013/12/13,0,0,0,0
2013/12/16,0,0,0,0
2013/12/17,0,0,-1763000,-1763000
2013/12/18,0,0,-1701000,-1701000
2013/12/19,0,1400000,0,1400000
2013/12/20,0,29000,0,29000
2013/12/23,0,0,0,0
2013/12/24,0,0,-147000,-147000
2013/12/25,0,800000,-22000,778000
2013/12/26,0,860000,-3000,857000
2013/12/27,0,418000,0,418000
2013/12/30,0,0,-10000,-10000
2013/12/31,0,1000000,-8000,992000
2014/01/02,0,542000,-35000,507000
2014/01/03,0,2000000,-3000,1997000
2014/01/06,0,0,-10000,-10000
2014/01/07,0,96000,-3000,93000
2014/01/08,0,1000,0,1000
2014/01/09,0,0,-2000,-2000
2014/01/10,0,0,0,0
2014/01/13,0,350000,0,350000
2014/01/14,0,866000,-1000,865000
2014/01/15,0,0,-109000,-109000
2014/01/16,0,991000,-2000,989000
2014/01/17,0,0,-4000,-4000
2014/01/20,0,0,0,0
2014/01/21,0,0,-7000,-7000
2014/01/22,0,34000,-10000,24000
2014/01/23,0,600000,0,600000
2014/01/24,0,100000,-3000,97000
2014/01/27,0,218000,-3000,215000
2014/02/05,0,0,-181000,-181000
2014/02/06,0,0,0,0
2014/02/07,0,0,0,0
2014/02/10,0,4000,-128000,-124000
2014/02/11,0,0,-3000,-3000
2014/02/12,0,0,0,0
2014/02/13,0,10405,-20000,-9595
2014/02/14,0,0,0,0
2014/02/17,0,0,0,0
2014/02/18,0,0,-5000,-5000
2014/02/19,0,0,-66000,-66000
2014/02/20,0,0,-64000,-64000
2014/02/21,0,0,-4000,-4000
2014/02/24,0,0,0,0
2014/02/25,0,0,0,0
2014/02/26,0,0,0,0
2014/02/27,0,0,-5000,-5000
2014/03/03,0,0,0,0
2014/03/04,0,0,0,0
2014/03/05,0,1000,0,1000
2014/03/06,0,0,-6000,-6000
2014/03/07,0,0,-5000,-5000
2014/03/10,0,0,-14000,-14000
2014/03/11,0,0,-550000,-550000
2014/03/12,0,0,-357411,-357411
2014/03/13,0,0,0,0
2014/03/14,0,0,-6000,-6000
2014/03/17,0,0,-3000,-3000
2014/03/18,0,0,-1000,-1000
2014/03/19,0,0,0,0
2014/03/20,0,0,0,0
2014/03/21,0,0,0,0
2014/03/24,0,0,0,0
2014/03/25,0,0,0,0
2014/03/26,0,0,0,0
2014/03/27,0,0,0,0
2014/03/28,0,0,-5000,-5000
2014/03/31,0,0,0,0
2014/04/01,0,0,-65000,-65000
2014/04/02,0,500000,0,500000
2014/04/03,0,0,-1643000,-1643000
2014/04/07,0,0,-1020000,-1020000
2014/04/08,0,0,0,0
2014/04/09,0,0,0,0
2014/04/10,0,7677,-316000,-308323
2014/04/11,0,500000,-2800000,-2300000
2014/04/14,0,0,-1910000,-1910000
2014/04/15,0,0,-2300000,-2300000
2014/04/16,0,0,-1142000,-1142000
2014/04/17,0,0,-20000,-20000
2014/04/18,0,0,-2000,-2000
2014/04/21,0,7000,-1053000,-1046000
2014/04/22,0,0,-4000,-4000
2014/04/23,0,0,-5000,-5000
2014/04/24,0,0,0,0
2014/04/25,0,0,0,0
2014/04/28,0,0,0,0
2014/04/29,0,0,0,0
2014/04/30,0,6000,0,6000
2014/05/02,0,0,0,0
2014/05/05,0,0,0,0
2014/05/06,0,0,-2978000,-2978000
2014/05/07,0,0,0,0
2014/05/08,0,0,0,0
2014/05/09,0,0,-3000,-3000
2014/05/12,0,0,0,0
2014/05/13,0,0,-2000,-2000
2014/05/14,0,0,0,0
2014/05/15,0,0,0,0
2014/05/16,0,0,0,0
2014/05/19,0,0,-4000,-4000
2014/05/20,0,0,0,0
2014/05/21,0,0,-1000,-1000
2014/05/22,0,0,0,0
2014/05/23,0,0,-275000,-275000
2014/05/26,0,0,-27000,-27000
2014/05/27,0,0,-49000,-49000
2014/05/28,0,0,-2000,-2000
2014/05/29,0,0,0,0
2014/05/30,0,0,-158000,-158000
2014/06/03,0,0,0,0
2014/06/04,0,0,0,0
2014/06/05,0,24000,0,24000
2014/06/06,0,0,-3000,-3000
2014/06/09,0,0,-2000,-2000
2014/06/10,0,0,-14000,-14000
2014/06/11,0,0,-21000,-21000
2014/06/12,0,0,-57000,-57000
2014/06/13,0,0,-18000,-18000
2014/06/16,0,0,-20000,-20000
2014/06/17,0,0,-1000000,-1000000
2014/06/18,0,3000,0,3000
2014/06/19,0,0,0,0
2014/06/20,0,0,-322000,-322000
2014/06/23,0,0,0,0
2014/06/24,0,0,-67000,-67000
2014/06/25,0,0,-7000,-7000
2014/06/26,0,0,0,0
2014/06/27,0,0,0,0
2014/06/30,0,0,-54000,-54000
2014/07/01,0,0,0,0
2014/07/02,0,10269,-800000,-789731
2014/07/03,0,0,-371000,-371000
2014/07/04,0,0,-500000,-500000
2014/07/07,0,0,-550000,-550000
2014/07/08,0,0,-7000,-7000
2014/07/09,0,0,0,0
2014/07/10,0,0,0,0
2014/07/11,0,0,0,0
2014/07/14,0,0,-600000,-600000
2014/07/15,0,0,-433000,-433000
2014/07/16,0,0,0,0
2014/07/17,0,32000,-750000,-718000
2014/07/18,0,21000,0,21000
2014/07/21,0,0,0,0
2014/07/22,0,24000,0,24000
2014/07/23,0,0,0,0
2014/07/24,0,30000,0,30000
2014/07/25,0,8000,0,8000
2014/07/28,0,0,-1100000,-1100000
2014/07/29,0,30000,0,30000
2014/07/30,0,109000,-2000,107000
2014/07/31,0,46000,0,46000
2014/08/01,0,36000,0,36000
2014/08/04,0,0,-1000,-1000
2014/08/05,0,0,0,0
2014/08/06,0,10000,0,10000
2014/08/07,0,48000,0,48000
2014/08/08,0,65000,0,65000
2014/08/11,0,21000,0,21000
2014/08/12,0,22000,0,22000
2014/08/13,0,10000,0,10000
2014/08/14,0,27000,0,27000
2014/08/15,0,12000,0,12000
2014/08/18,0,30000,0,30000
2014/08/19,0,8000,0,8000
2014/08/20,0,5000,0,5000
2014/08/21,0,83000,0,83000
2014/08/22,0,0,0,0
2014/08/25,0,0,0,0
2014/08/26,0,2000,0,2000
2014/08/27,0,2000,0,2000
2014/08/28,0,60000,-500000,-440000
2014/08/29,0,1000,-103000,-102000
2014/09/01,0,0,0,0
2014/09/02,0,0,-500000,-500000
2014/09/03,0,25000,-414492,-389492
2014/09/04,0,298000,0,298000
2014/09/05,0,33000,0,33000
2014/09/09,0,18000,0,18000
2014/09/10,0,0,0,0
2014/09/11,0,40000,-30289,9711
2014/09/12,0,34000,-280000,-246000
2014/09/15,0,6000,0,6000
2014/09/16,0,13000,0,13000
2014/09/17,0,15000,-2000,13000
2014/09/18,0,0,0,0
2014/09/19,0,500000,-11000,489000
2014/09/22,0,28279,0,28279
2014/09/23,0,3000,-2000,1000
2014/09/24,0,504000,-945000,-441000
2014/09/25,0,0,0,0
2014/09/26,0,0,0,0
2014/09/29,0,0,-130000,-130000
2014/09/30,0,42000,0,42000
2014/10/01,0,0,-126000,-126000
2014/10/02,0,2000,0,2000
2014/10/03,0,0,-186000,-186000
2014/10/06,0,12000,-2000,10000
2014/10/07,0,3000,0,3000
2014/10/08,0,3000,-166000,-163000
2014/10/09,0,0,-900,-900
2014/10/13,0,0,0,0
2014/10/14,0,0,-335000,-335000
2014/10/15,0,6000,-740000,-734000
2014/10/16,0,0,-1734000,-1734000
2014/10/17,0,4000,-208000,-204000
2014/10/20,0,0,-5285071,-5285071
2014/10/21,0,13000,-1500000,-1487000
2014/10/22,0,0,-1000000,-1000000
2014/10/23,0,20000,-1200000,-1180000
2014/10/24,0,0,-900000,-900000
2014/10/27,0,0,-960000,-960000
2014/10/28,0,0,-40,-40
2014/10/29,0,4000,0,4000
2014/10/30,0,147000,0,147000
2014/10/31,0,0,-113000,-113000
2014/11/03,0,0,-799580,-799580
2014/11/04,0,0,-291040,-291040
2014/11/05,0,0,-322000,-322000
2014/11/06,0,0,-1300000,-1300000
2014/11/07,0,0,-15000,-15000
2014/11/10,0,0,0,0
2014/11/11,0,37000,0,37000
2014/11/12,0,17000,0,17000
2014/11/13,0,0,-612000,-612000
2014/11/14,0,0,0,0
2014/11/17,0,0,-28000,-28000
2014/11/18,0,0,0,0
2014/11/19,0,0,0,0
2014/11/20,0,7000,0,7000
2014/11/21,0,0,0,0
2014/11/24,0,0,0,0
2014/11/25,0,31000,-1000,30000
2014/11/26,0,1000,0,1000
2014/11/27,0,0,-4493900,-4493900
2014/11/28,0,0,-675000,-675000
2014/12/01,0,0,-695000,-695000
2014/12/02,0,0,0,0
2014/12/03,0,0,-13000,-13000
2014/12/04,0,0,0,0
2014/12/05,0,0,-33000,-33000
2014/12/08,0,0,-4000,-4000
2014/12/09,0,0,0,0
2014/12/10,0,0,-10000,-10000
2014/12/11,0,0,-5881,-5881
2014/12/12,0,0,0,0
2014/12/15,0,0,0,0
2014/12/16,0,4000,-26000,-22000
2014/12/17,0,0,0,0
2014/12/18,0,0,0,0
2014/12/19,0,81000,0,81000
2014/12/22,0,0,0,0
2014/12/23,0,0,0,0
2014/12/24,0,0,0,0
2014/12/25,0,0,0,0
2014/12/26,0,0,0,0
2014/12/29,0,0,-5000,-5000
2014/12/30,0,0,-4000,-4000
2014/12/31,0,0,-1000,-1000
2015/01/01,0,0,0,0
2015/01/02,0,0,0,0
2015/01/05,0,0,0,0
2015/01/06,0,0,0,0
2015/01/07,0,0,-3000,-3000
2015/01/08,0,0,0,0
2015/01/09,0,0,0,0
2015/01/12,0,0,0,0
2015/01/13,0,0,0,0
2015/01/14,0,0,-3000,-3000
2015/01/15,0,0,0,0
2015/01/16,0,0,0,0
2015/01/19,0,0,-1000,-1000
2015/01/20,0,0,0,0
2015/01/21,0,0,0,0
2015/01/22,0,0,-9000,-9000
2015/01/23,0,0,-5000,-5000
2015/01/26,0,0,0,0
2015/01/27,0,0,0,0
2015/01/28,0,0,0,0
2015/01/29,0,0,0,0
2015/01/30,0,0,-28000,-28000
2015/02/02,0,0,0,0
2015/02/03,0,0,0,0
2015/02/04,0,0,0,0
2015/02/05,0,0,-500504,-500504
2015/02/06,0,0,0,0
2015/02/09,0,0,0,0
2015/02/10,0,0,0,0
2015/02/11,0,0,0,0
2015/02/12,0,0,-4000,-4000
2015/02/13,0,0,-13000,-13000
2015/02/16,0,0,0,0
2015/02/17,0,0,0,0
2015/02/18,0,0,0,0
2015/02/19,0,0,0,0
2015/02/20,0,0,0,0
2015/02/23,0,0,0,0
2015/02/24,0,1030000,0,1030000
2015/02/25,0,0,-19000,-19000
2015/02/26,0,242000,-25000,217000
2015/02/27,0,0,0,0
2015/03/02,0,0,0,0
2015/03/03,0,0,-2000,-2000
2015/03/04,0,0,-53000,-53000
2015/03/05,0,0,-8000,-8000
2015/03/06,0,0,0,0
2015/03/09,0,0,-5000,-5000
2015/03/10,0,0,0,0
2015/03/11,0,0,0,0
2015/03/12,0,4663,-1000,3663
2015/03/13,0,0,0,0
2015/03/16,0,2000,0,2000
2015/03/17,0,0,-4000,-4000
2015/03/18,0,0,0,0
2015/03/19,0,0,-3000,-3000
2015/03/20,0,1186000,-3000,1183000
2015/03/23,0,0,-2000,-2000
2015/03/24,0,0,-5000,-5000
2015/03/25,0,0,-2000,-2000
2015/03/26,0,0,0,0
2015/03/27,0,0,-87000,-87000
2015/03/30,0,0,0,0
2015/03/31,0,0,0,0
2015/04/01,0,0,0,0
2015/04/02,0,0,0,0
2015/04/03,0,0,0,0
2015/04/06,0,0,0,0
2015/04/07,0,0,0,0
2015/04/08,0,0,0,0
2015/04/09,0,0,0,0
2015/04/10,0,0,0,0
2015/04/13,0,0,0,0
2015/04/14,0,0,-4000,-4000
2015/04/15,0,5000,0,5000
2015/04/16,0,0,0,0
2015/04/17,0,0,0,0
2015/04/20,0,0,-8000,-8000
2015/04/21,0,0,0,0
2015/04/22,0,0,0,0
2015/04/23,0,0,0,0
2015/04/24,0,0,-2000,-2000
2015/04/27,0,0,0,0
2015/04/28,0,0,-2000,-2000
2015/04/29,0,0,-12000,-12000
2015/04/30,0,0,-2000,-2000
2015/05/01,0,0,0,0
2015/05/04,0,0,0,0
2015/05/05,0,0,-2000,-2000
2015/05/06,0,0,0,0
2015/05/07,0,0,0,0
2015/05/08,0,0,0,0
2015/05/11,0,3000,0,3000
2015/05/12,0,0,0,0
2015/05/13,0,0,-2000,-2000
2015/05/14,0,4000,0,4000
2015/05/15,0,0,-3000,-3000
2015/05/18,0,0,0,0
2015/05/19,0,0,0,0
2015/05/20,0,4000,0,4000
2015/05/21,0,0,-3000,-3000
2015/05/22,0,0,0,0
2015/05/25,0,0,0,0
2015/05/26,0,0,0,0
2015/05/27,0,0,0,0
2015/05/28,0,0,-4000,-4000
2015/05/29,0,0,-269000,-269000
2015/06/01,0,0,0,0
2015/06/02,0,0,0,0
2015/06/03,0,0,-2000,-2000
2015/06/04,0,0,-6003,-6003
2015/06/05,0,0,-5000,-5000
2015/06/08,0,0,0,0
2015/06/09,0,0,0,0
2015/06/10,0,0,-10000,-10000
2015/06/11,0,0,0,0
2015/06/12,0,0,-6000,-6000
2015/06/15,0,0,0,0
2015/06/16,0,0,-2000,-2000
2015/06/17,0,0,0,0
2015/06/18,0,0,-22000,-22000
2015/06/19,0,0,0,0
2015/06/22,0,9000,-17000,-8000
2015/06/23,0,42000,0,42000
2015/06/24,0,0,-30000,-30000
2015/06/25,0,0,-4000,-4000
2015/06/26,0,0,-2000,-2000
2015/06/29,0,0,-1000,-1000
2015/06/30,0,0,0,0
2015/07/01,0,0,0,0
2015/07/02,0,0,0,0
2015/07/03,0,0,-2000,-2000
2015/07/06,0,0,0,0
2015/07/07,0,0,0,0
2015/07/08,0,0,0,0
2015/07/09,0,2000,-12000,-10000
2015/07/10,0,0,0,0
2015/07/13,0,0,0,0
2015/07/14,0,0,0,0
2015/07/15,0,38000,0,38000
2015/07/16,0,2000,0,2000
2015/07/17,0,139000,0,139000
2015/07/20,0,0,0,0
2015/07/21,0,3000,0,3000
2015/07/22,0,0,0,0
2015/07/23,0,29000,0,29000
2015/07/24,0,92000,0,92000
2015/07/27,0,15000,0,15000
2015/07/28,0,90000,0,90000
2015/07/29,0,26000,0,26000
2015/07/30,0,18000,0,18000
2015/07/31,0,5000,0,5000
2015/08/03,0,84000,0,84000
2015/08/04,0,51000,0,51000
2015/08/05,0,44000,0,44000
2015/08/06,0,57000,0,57000
2015/08/07,0,63000,0,63000
2015/08/10,0,55000,0,55000
2015/08/11,0,6000,0,6000
2015/08/12,0,81000,0,81000
2015/08/13,0,12000,0,12000
2015/08/14,0,0,0,0
2015/08/17,0,4000,0,4000
2015/08/18,0,1000,0,1000
2015/08/19,0,2000,-10000,-8000
2015/08/20,0,2000,0,2000
2015/08/21,0,0,0,0
2015/08/24,0,0,0,0
2015/08/25,0,3535,0,3535
2015/08/26,0,59000,0,59000
2015/08/27,0,20000,0,20000
2015/08/28,0,0,-20000,-20000
2015/08/31,0,4000,-1232000,-1228000
2015/09/01,0,54000,-84000,-30000
2015/09/02,0,87000,-2000,85000
2015/09/03,0,50000,0,50000
2015/09/04,0,3000,-1000,2000
2015/09/07,0,30000,0,30000
2015/09/08,0,19000,0,19000
2015/09/09,0,1000,0,1000
2015/09/10,0,0,0,0
2015/09/11,0,16000,0,16000
2015/09/14,0,8000,0,8000
2015/09/15,0,9000,0,9000
2015/09/16,0,1000,0,1000
2015/09/17,0,0,0,0
2015/09/18,0,10270000,0,10270000
2015/09/21,0,148000,0,148000
2015/09/22,0,96778,0,96778
2015/09/23,0,0,0,0
2015/09/24,0,0,0,0
2015/09/25,0,1000,0,1000
2015/09/28,0,0,0,0
2015/09/29,0,0,0,0
2015/09/30,0,0,0,0
2015/10/01,0,10000,-124000,-114000
2015/10/02,0,75000,0,75000
2015/10/05,0,0,0,0
2015/10/06,0,3000,-950,2050
2015/10/07,0,6000,0,6000
2015/10/08,0,0,0,0
2015/10/09,0,0,0,0
2015/10/12,0,0,0,0
2015/10/13,0,0,0,0
2015/10/14,0,0,0,0
2015/10/15,0,0,0,0
2015/10/16,0,11000,0,11000
2015/10/19,0,0,0,0
2015/10/20,0,0,0,0
2015/10/21,0,0,0,0
2015/10/22,0,0,0,0
2015/10/23,0,0,-81000,-81000
2015/10/26,0,0,0,0
2015/10/27,0,0,0,0
2015/10/28,0,0,0,0
2015/10/29,0,0,-1000,-1000
2015/10/30,0,0,-5000,-5000
2015/11/02,0,0,0,0
2015/11/03,0,9000,0,9000
2015/11/04,0,91000,-3010,87990
2015/11/05,0,1000,0,1000
2015/11/06,0,0,0,0
2015/11/09,0,38000,0,38000
2015/11/10,0,0,0,0
2015/11/11,0,0,0,0
2015/11/12,0,0,0,0
2015/11/13,0,0,-1000,-1000
2015/11/16,0,0,0,0
2015/11/17,0,0,-14000,-14000
2015/11/18,0,1000,0,1000
2015/11/19,0,75000,0,75000
2015/11/20,0,0,0,0
2015/11/23,0,0,-2000,-2000
2015/11/24,0,0,0,0
2015/11/25,0,0,0,0
2015/11/26,0,0,0,0
2015/11/27,0,0,0,0
2015/11/30,0,1000,-6000,-5000
2015/12/01,0,0,0,0
2015/12/02,0,0,0,0
2015/12/03,0,0,-42000,-42000
2015/12/04,0,0,0,0
2015/12/07,0,0,0,0
2015/12/08,0,0,0,0
2015/12/09,0,0,0,0
2015/12/10,0,0,0,0
2015/12/11,0,0,0,0
2015/12/14,0,0,-5938,-5938
2015/12/15,0,0,0,0
2015/12/16,0,0,-5000,-5000
2015/12/17,0,0,0,0
2015/12/18,0,0,-23000,-23000
2015/12/21,0,0,0,0
2015/12/22,0,0,0,0
2015/12/23,0,0,0,0
2015/12/24,0,0,0,0
2015/12/25,0,0,0,0
2015/12/28,0,106000,0,106000
2015/12/29,0,76000,0,76000
2015/12/30,0,0,0,0
2015/12/31,0,0,0,0
2016/01/01,0,0,0,0
2016/01/04,0,0,0,0
2016/01/05,0,0,-10000,-10000
2016/01/06,0,0,0,0
2016/01/07,0,0,-4000,-4000
2016/01/08,0,0,0,0
2016/01/11,0,0,0,0
2016/01/12,0,0,-1000,-1000
2016/01/13,0,0,-1000,-1000
2016/01/14,0,0,-118870,-118870
2016/01/15,0,1000,-65000,-64000
2016/01/18,0,0,0,0
2016/01/19,0,0,0,0
2016/01/20,0,0,-65000,-65000
2016/01/21,0,0,0,0
2016/01/22,0,0,0,0
2016/01/25,0,0,-5000,-5000
2016/01/26,0,2000,0,2000
2016/01/27,0,0,0,0
2016/01/28,0,0,-3000,-3000
2016/01/29,0,2000,0,2000
2016/02/01,0,0,0,0
2016/02/02,0,0,0,0
2016/02/03,0,0,0,0
2016/02/04,0,0,0,0
2016/02/05,0,0,0,0
2016/02/08,0,0,0,0
2016/02/09,0,0,0,0
2016/02/10,0,0,0,0
2016/02/11,0,0,0,0
2016/02/12,0,0,0,0
2016/02/15,0,0,-1377,-1377
2016/02/16,0,0,0,0
2016/02/17,0,2000,-2000,0
2016/02/18,0,0,0,0
2016/02/19,0,2000,0,2000
2016/02/22,0,0,0,0
2016/02/23,0,0,0,0
2016/02/24,0,0,0,0
2016/02/25,0,0,0,0
2016/02/26,0,0,-6000,-6000
2016/02/29,0,0,0,0
2016/03/01,0,0,0,0
2016/03/02,0,0,-38184,-38184
2016/03/03,0,0,0,0
2016/03/04,0,0,0,0
2016/03/07,0,0,0,0
2016/03/08,0,1000,0,1000
2016/03/09,0,0,-36000,-36000
2016/03/10,0,0,0,0
2016/03/11,0,0,0,0
2016/03/14,0,0,0,0
2016/03/15,0,0,-1000,-1000
2016/03/16,0,0,0,0
2016/03/17,0,0,0,0
2016/03/18,0,48000,0,48000
2016/03/21,0,0,0,0
2016/03/22,0,0,0,0
2016/03/23,0,0,-8000,-8000
2016/03/24,0,0,0,0
2016/03/25,0,0,0,0
2016/03/28,0,2000,0,2000
2016/03/29,0,0,-1000,-1000
2016/03/30,0,0,0,0
2016/03/31,0,0,0,0
2016/04/01,0,0,0,0
2016/04/04,0,0,0,0
2016/04/05,0,0,0,0
2016/04/06,0,0,0,0
2016/04/07,0,0,-1000,-1000
2016/04/08,0,0,0,0
2016/04/11,0,0,0,0
2016/04/12,0,0,0,0
2016/04/13,0,0,-50000,-50000
2016/04/14,0,0,0,0
2016/04/15,0,0,-65000,-65000
2016/04/18,0,0,0,0
2016/04/19,0,0,0,0
2016/04/20,0,2000,0,2000
2016/04/21,0,0,0,0
2016/04/22,0,0,0,0
2016/04/25,0,0,-1000,-1000
2016/04/26,0,0,0,0
2016/04/27,0,0,0,0
2016/04/28,0,0,0,0
2016/04/29,0,0,0,0
2016/05/02,0,0,0,0
2016/05/03,0,0,0,0
2016/05/04,0,0,0,0
2016/05/05,0,2000,0,2000
2016/05/06,0,0,0,0
2016/05/09,0,0,0,0
2016/05/10,0,0,-438,-438
2016/05/11,0,0,0,0
2016/05/12,0,0,0,0
2016/05/13,0,2000,0,2000
2016/05/16,0,0,0,0
2016/05/17,0,0,0,0
2016/05/18,0,0,0,0
2016/05/19,0,0,0,0
2016/05/20,0,0,0,0
2016/05/23,0,0,0,0
2016/05/24,0,0,0,0
2016/05/25,0,0,0,0
2016/05/26,0,0,-4000,-4000
2016/05/27,0,0,0,0
2016/05/30,0,0,0,0
2016/05/31,0,0,-25000,-25000
2016/06/01,0,0,0,0
2016/06/02,0,0,0,0
2016/06/03,0,0,0,0
2016/06/06,0,0,0,0
2016/06/07,0,0,0,0
2016/06/08,0,0,0,0
2016/06/09,0,0,0,0
2016/06/10,0,0,0,0
2016/06/13,0,0,0,0
2016/06/14,0,0,0,0
2016/06/15,0,0,0,0
2016/06/16,0,0,-21000,-21000
2016/06/17,0,0,-62000,-62000
2016/06/20,0,0,-11000,-11000
2016/06/21,0,0,0,0
2016/06/22,0,0,0,0
2016/06/23,0,0,0,0
2016/06/24,0,1000,-6000,-5000
2016/06/27,0,0,-2000,-2000
2016/06/28,0,3000,0,3000
2016/06/29,0,0,0,0
2016/06/30,0,2000,0,2000
2016/07/01,0,0,0,0
2016/07/04,0,0,0,0
2016/07/05,0,0,-45000,-45000
2016/07/06,0,0,-48000,-48000
2016/07/07,0,0,0,0
2016/07/08,0,0,0,0
2016/07/11,0,0,0,0
2016/07/12,0,0,0,0
2016/07/13,0,0,0,0
2016/07/14,0,30000,-2000,28000
2016/07/15,0,0,-77000,-77000
2016/07/18,0,0,0,0
2016/07/19,0,9000,-3000,6000
2016/07/20,0,47000,-25000,22000
2016/07/21,0,2000,-31000,-29000
2016/07/22,0,78000,-55000,23000
2016/07/25,0,219000,0,219000
2016/07/26,0,73000,0,73000
2016/07/27,0,2000,-7000,-5000
2016/07/28,0,3000,0,3000
2016/07/29,0,4227,-25000,-20773
2016/08/01,0,0,0,0
2016/08/02,0,0,-5000,-5000
2016/08/03,0,15000,-15000,0
2016/08/04,0,30000,-7000,23000
2016/08/05,0,0,-30000,-30000
2016/08/08,0,1000,-9000,-8000
2016/08/09,0,0,0,0
2016/08/10,0,1000,0,1000
2016/08/11,0,6000,-4000,2000
2016/08/12,0,3000,-10000,-7000
2016/08/15,0,12000,0,12000
2016/08/16,0,0,-17000,-17000
2016/08/17,0,3000,-1000,2000
2016/08/18,0,0,-7000,-7000
2016/08/19,0,2000,-155000,-153000
2016/08/22,0,0,0,0
2016/08/23,0,0,0,0
2016/08/24,0,0,-14000,-14000
2016/08/25,0,0,0,0
2016/08/26,0,2000,0,2000
2016/08/29,0,0,0,0
2016/08/30,0,39000,0,39000
2016/08/31,0,1000,-1000,0
2016/09/01,0,172000,0,172000
2016/09/02,0,0,0,0
2016/09/05,0,0,-4000,-4000
2016/09/06,0,0,0,0
2016/09/07,0,12000,0,12000
2016/09/08,0,0,0,0
2016/09/09,0,1000,0,1000
2016/09/12,0,0,0,0
2016/09/13,0,5000,0,5000
2016/09/14,0,74000,0,74000
2016/09/15,0,0,0,0
2016/09/16,0,0,0,0
2016/09/19,0,0,0,0
2016/09/20,0,0,0,0
2016/09/21,0,0,0,0
2016/09/22,0,0,0,0
2016/09/23,0,0,0,0
2016/09/26,0,0,0,0
2016/09/27,0,0,0,0
2016/09/28,0,0,0,0
2016/09/29,0,0,0,0
2016/09/30,0,76422,0,76422
2016/10/03,0,0,0,0
2016/10/04,0,0,0,0
2016/10/05,0,0,0,0
2016/10/06,0,0,0,0
2016/10/07,0,0,0,0
2016/10/10,0,0,0,0
2016/10/11,0,1000,0,1000
2016/10/12,0,0,-2000,-2000
2016/10/13,0,3000,0,3000
2016/10/14,0,0,0,0
2016/10/17,0,0,0,0
2016/10/18,0,0,0,0
2016/10/19,0,0,0,0
2016/10/20,0,0,-15000,-15000
2016/10/21,0,0,-26000,-26000
2016/10/24,0,0,0,0
2016/10/25,0,0,0,0
2016/10/26,0,0,0,0
2016/10/27,0,0,0,0
2016/10/28,0,0,0,0
2016/10/31,0,0,0,0
2016/11/01,0,0,-2000,-2000
2016/11/02,0,0,-397,-397
2016/11/03,0,0,-1000,-1000
2016/11/04,0,0,0,0
2016/11/07,0,0,0,0
2016/11/08,0,0,0,0
2016/11/09,0,0,0,0
2016/11/10,0,0,0,0
2016/11/11,0,0,0,0
2016/11/14,0,0,0,0
2016/11/15,0,0,0,0
2016/11/16,0,0,-10275,-10275
2016/11/17,0,0,0,0
2016/11/18,0,1000,-72000,-71000
2016/11/21,0,0,0,0
2016/11/22,0,0,0,0
2016/11/23,0,0,0,0
2016/11/24,0,0,0,0
2016/11/25,0,0,0,0
2016/11/28,0,0,0,0
2016/11/29,0,1000,-62000,-61000
2016/11/30,0,0,-1000,-1000
2016/12/01,0,0,0,0
2016/12/02,0,0,0,0
2016/12/05,0,0,0,0
2016/12/06,0,0,0,0
2016/12/07,0,0,0,0
2016/12/08,0,0,0,0
2016/12/09,0,0,0,0
2016/12/12,0,0,0,0
2016/12/13,0,0,0,0
2016/12/14,0,0,0,0
2016/12/15,0,0,0,0
2016/12/16,0,0,0,0
2016/12/19,0,0,0,0
2016/12/20,0,0,0,0
2016/12/21,0,0,0,0
2016/12/22,0,0,0,0
2016/12/23,0,0,0,0
2016/12/26,0,0,0,0
2016/12/27,0,0,0,0
2016/12/28,0,0,0,0
2016/12/29,0,0,0,0
2016/12/30,0,0,0,0
2017/01/02,0,0,0,0
2017/01/03,0,0,0,0
2017/01/04,0,0,0,0
2017/01/05,0,21000,0,21000
2017/01/06,0,19000,0,19000
2017/01/09,0,0,0,0
2017/01/10,0,0,0,0
2017/01/11,0,0,0,0
2017/01/12,0,0,0,0
2017/01/13,0,0,0,0
2017/01/16,0,0,0,0
2017/01/17,0,0,0,0
2017/01/18,0,0,0,0
2017/01/19,0,1000,0,1000
2017/01/20,0,0,0,0
2017/01/23,0,1569,0,1569
2017/01/24,0,7000,0,7000
2017/01/25,0,0,0,0
2017/01/26,0,0,0,0
2017/01/27,0,0,0,0
2017/01/30,0,0,0,0
2017/01/31,0,0,0,0
2017/02/01,0,0,0,0
2017/02/02,0,0,0,0
2017/02/03,0,74000,0,74000
2017/02/06,0,0,0,0
2017/02/07,0,0,-149000,-149000
2017/02/08,0,76000,0,76000
2017/02/09,0,66000,0,66000
2017/02/10,0,0,0,0
2017/02/13,0,0,0,0
2017/02/14,0,2000,0,2000
2017/02/15,0,0,0,0
2017/02/16,0,75000,0,75000
2017/02/17,0,3000,0,3000
2017/02/20,0,0,0,0
2017/02/21,0,0,0,0
2017/02/22,0,0,0,0
2017/02/23,0,1000,0,1000
2017/02/24,0,0,0,0
2017/02/27,0,0,0,0
2017/02/28,0,0,0,0
2017/03/01,0,0,-215000,-215000
2017/03/02,0,0,0,0
2017/03/03,0,4000,-11000,-7000
2017/03/06,0,0,0,0
2017/03/07,0,336000,0,336000
2017/03/08,0,0,0,0
2017/03/09,0,0,0,0
2017/03/10,0,0,0,0
2017/03/13,0,0,0,0
2017/03/14,0,0,-24000,-24000
2017/03/15,0,0,0,0
2017/03/16,0,0,0,0
2017/03/17,0,9000,0,9000
2017/03/20,0,0,-1000,-1000
2017/03/21,0,6000,0,6000
2017/03/22,0,0,0,0
2017/03/23,0,0,0,0
2017/03/24,0,2000,0,2000
2017/03/27,0,0,0,0
2017/03/28,0,0,0,0
2017/03/29,0,0,-2000,-2000
2017/03/30,0,0,0,0
2017/03/31,0,0,0,0
2017/04/03,0,0,0,0
2017/04/04,0,0,0,0
2017/04/05,0,0,0,0
2017/04/06,0,0,0,0
2017/04/07,0,4000,0,4000
2017/04/10,0,3000,0,3000
2017/04/11,0,0,0,0
2017/04/12,0,0,0,0
2017/04/13,0,0,-2000,-2000
2017/04/14,0,0,-27000,-27000
2017/04/17,0,0,0,0
2017/04/18,0,2000,0,2000
2017/04/19,0,0,0,0
2017/04/20,0,2000,0,2000
2017/04/21,0,0,0,0
2017/04/24,0,0,0,0
2017/04/25,0,0,-246,-246
2017/04/26,0,3000,0,3000
2017/04/27,0,3000,-5000,-2000
2017/04/28,0,0,-11000,-11000
2017/05/01,0,0,0,0
2017/05/02,0,0,-2000,-2000
2017/05/03,0,0,0,0
2017/05/04,0,0,0,0
2017/05/05,0,0,0,0
2017/05/08,0,0,0,0
2017/05/09,0,0,0,0
2017/05/10,0,0,0,0
2017/05/11,0,0,0,0
2017/05/12,0,0,0,0
2017/05/15,0,354000,0,354000
2017/05/16,0,1033000,-3000,1030000
2017/05/17,0,0,0,0
2017/05/18,0,0,-9000,-9000
2017/05/19,0,0,0,0
2017/05/22,0,0,-2000,-2000
2017/05/23,0,0,0,0
2017/05/24,0,0,0,0
2017/05/25,0,0,-8000,-8000
2017/05/26,0,0,-49000,-49000
2017/05/29,0,0,0,0
2017/05/30,0,0,0,0
2017/05/31,0,0,-127000,-127000
2017/06/01,0,0,0,0
2017/06/02,0,0,-35000,-35000
2017/06/05,0,0,-61000,-61000
2017/06/06,0,0,-70000,-70000
2017/06/07,0,0,-13000,-13000
2017/06/08,0,0,-4000,-4000
2017/06/09,0,0,-12000,-12000
2017/06/12,0,0,0,0
2017/06/13,0,0,0,0
2017/06/14,0,0,-2000,-2000
2017/06/15,0,0,0,0
2017/06/16,0,0,-33000,-33000
2017/06/19,0,8000,-22000,-14000
2017/06/20,0,0,-25000,-25000
2017/06/21,0,0,0,0
2017/06/22,0,0,0,0
2017/06/23,0,0,-9000,-9000
2017/06/26,0,0,-13000,-13000
2017/06/27,0,0,-11000,-11000
2017/06/28,0,0,0,0
2017/06/29,0,0,-5000,-5000
2017/06/30,0,0,-1000,-1000
2017/07/03,0,0,-21000,-21000
2017/07/04,0,2000,-8000,-6000
2017/07/05,0,0,0,0
2017/07/06,0,0,0,0
2017/07/07,0,0,0,0
2017/07/10,0,0,-9000,-9000
2017/07/11,0,0,0,0
2017/07/12,0,0,-17000,-17000
2017/07/13,0,1000,-19000,-18000
2017/07/14,0,0,-17000,-17000
2017/07/17,0,525,-3000,-2475
2017/07/18,0,29000,0,29000
2017/07/19,0,0,0,0
2017/07/20,0,5000,0,5000
2017/07/21,0,0,0,0
2017/07/24,0,0,0,0
2017/07/25,0,3000,0,3000
2017/07/26,0,0,-12000,-12000
2017/07/27,0,0,0,0
2017/07/28,0,1000,0,1000
2017/07/31,0,11000,0,11000
2017/08/01,0,6000,-29000,-23000
2017/08/02,0,9000,-15000,-6000
2017/08/03,0,10000,0,10000
2017/08/04,0,22000,0,22000
2017/08/07,0,12000,0,12000
2017/08/08,0,63000,-23000,40000
2017/08/09,0,27000,0,27000
2017/08/10,0,7000,0,7000
2017/08/11,0,0,-39000,-39000
2017/08/14,0,0,-68000,-68000
2017/08/15,0,207000,-61000,146000
2017/08/16,0,731000,-60000,671000
2017/08/17,0,0,0,0
2017/08/18,0,0,0,0
