Date,Open,Buy,Sell,Total
2007/01/02,0,472000,0,472000
2007/01/03,0,231000,-1000,230000
2007/01/04,0,18000,0,18000
2007/01/05,0,5000,-25000,-20000
2007/01/08,0,0,-5000,-5000
2007/01/09,0,5000,0,5000
2007/01/10,0,30000,-164000,-134000
2007/01/11,0,18000,-66000,-48000
2007/01/12,0,66000,-28000,38000
2007/01/15,0,20000,-66000,-46000
2007/01/16,0,76000,0,76000
2007/01/17,0,0,-260000,-260000
2007/01/18,0,145000,-341000,-196000
2007/01/19,0,69000,-1000,68000
2007/01/22,0,0,-13000,-13000
2007/01/23,0,0,-3000,-3000
2007/01/24,0,0,0,0
2007/01/25,0,124000,0,124000
2007/01/26,0,43000,-25000,18000
2007/01/29,0,49000,-42000,7000
2007/01/30,0,5000,0,5000
2007/01/31,0,14000,-56000,-42000
2007/02/01,0,144000,-62000,82000
2007/02/02,0,185000,0,185000
2007/02/05,0,0,-12000,-12000
2007/02/06,0,225000,-18000,207000
2007/02/07,0,0,-2000,-2000
2007/02/08,0,46000,0,46000
2007/02/09,0,100000,0,100000
2007/02/12,0,53000,-19000,34000
2007/02/13,0,226000,-33000,193000
2007/02/14,0,0,0,0
2007/02/15,0,0,0,0
2007/02/16,0,0,0,0
2007/02/19,0,0,0,0
2007/02/20,0,0,0,0
2007/02/21,0,0,0,0
2007/02/22,0,0,0,0
2007/02/23,0,0,0,0
2007/02/26,0,167000,-165000,2000
2007/02/27,0,35000,-215000,-180000
2007/02/28,0,0,0,0
2007/03/01,0,177000,-109000,68000
2007/03/02,0,173000,-465000,-292000
2007/03/05,0,236000,-606000,-370000
2007/03/06,0,0,-117000,-117000
2007/03/07,0,242000,-221000,21000
2007/03/08,0,0,-100000,-100000
2007/03/09,0,1000,-109000,-108000
2007/03/12,0,2000,-8000,-6000
2007/03/13,0,0,-6000,-6000
2007/03/14,0,0,-454000,-454000
2007/03/15,0,24000,-17000,7000
2007/03/16,0,18000,-26000,-8000
2007/03/19,0,50000,-3000,47000
2007/03/20,0,71000,-71000,0
2007/03/21,0,0,-3000,-3000
2007/03/22,0,0,-14000,-14000
2007/03/23,0,2000,-4000,-2000
2007/03/26,0,37000,0,37000
2007/03/27,0,53000,-38000,15000
2007/03/28,0,5000,-35000,-30000
2007/03/29,0,161000,-65000,96000
2007/03/30,0,116000,-21000,95000
2007/04/02,0,60000,-4000,56000
2007/04/03,0,0,-12000,-12000
2007/04/04,0,124000,-60000,64000
2007/04/05,0,0,0,0
2007/04/06,0,0,0,0
2007/04/09,0,233000,-2000,231000
2007/04/10,0,118000,-1000,117000
2007/04/11,0,69000,-50000,19000
2007/04/12,0,96000,0,96000
2007/04/13,0,0,-55000,-55000
2007/04/16,0,0,0,0
2007/04/17,0,10000,0,10000
2007/04/18,0,0,-4000,-4000
2007/04/19,0,34000,-290000,-256000
2007/04/20,0,0,-74000,-74000
2007/04/23,0,114000,0,114000
2007/04/24,0,2000,-7000,-5000
2007/04/25,0,1000,-20000,-19000
2007/04/26,0,7000,-5000,2000
2007/04/27,0,153000,-1000,152000
2007/04/30,0,3000,-475000,-472000
2007/05/01,0,0,0,0
2007/05/02,0,29000,-19000,10000
2007/05/03,0,0,-3000,-3000
2007/05/04,0,357000,0,357000
2007/05/07,0,86000,-13000,73000
2007/05/08,0,163000,0,163000
2007/05/09,0,0,-4000,-4000
2007/05/10,0,0,0,0
2007/05/11,0,110000,-9000,101000
2007/05/14,0,3000,0,3000
2007/05/15,0,63000,-49000,14000
2007/05/16,0,3000,0,3000
2007/05/17,0,1000,-188000,-187000
2007/05/18,0,0,-155000,-155000
2007/05/21,0,8000,-109000,-101000
2007/05/22,0,7000,-8000,-1000
2007/05/23,0,116000,-200000,-84000
2007/05/24,0,1000,-7000,-6000
2007/05/25,0,96000,-65000,31000
2007/05/28,0,109000,-9000,100000
2007/05/29,0,57000,-722000,-665000
2007/05/30,0,4000,-7000,-3000
2007/05/31,0,8000,0,8000
2007/06/01,0,6000,-8000,-2000
2007/06/04,0,0,-13000,-13000
2007/06/05,0,0,-9000,-9000
2007/06/06,0,119000,-21000,98000
2007/06/07,0,18000,-12000,6000
2007/06/08,0,0,-54000,-54000
2007/06/11,0,4000,-14000,-10000
2007/06/12,0,13000,-30000,-17000
2007/06/13,0,127000,-16000,111000
2007/06/14,0,32000,-24000,8000
2007/06/15,0,29000,-9000,20000
2007/06/18,0,0,0,0
2007/06/19,0,0,0,0
2007/06/20,0,206000,-18000,188000
2007/06/21,0,733000,-20000,713000
2007/06/22,0,274000,-47000,227000
2007/06/25,0,501000,-41000,460000
2007/06/26,0,500000,-114000,386000
2007/06/27,0,66000,-36000,30000
2007/06/28,0,13000,-83000,-70000
2007/06/29,0,199000,-23000,176000
2007/07/02,0,535000,0,535000
2007/07/03,0,1760000,-11000,1749000
2007/07/04,0,0,-8000,-8000
2007/07/05,0,59000,0,59000
2007/07/06,0,0,-7000,-7000
2007/07/09,0,44000,-27000,17000
2007/07/10,0,83000,-34000,49000
2007/07/11,0,258000,-43000,215000
2007/07/12,0,41000,-1063000,-1022000
2007/07/13,0,169000,-55000,114000
2007/07/16,0,0,-18000,-18000
2007/07/17,0,491000,-7000,484000
2007/07/18,0,85000,-28000,57000
2007/07/19,0,84000,-1337000,-1253000
2007/07/20,0,358000,-50000,308000
2007/07/23,0,939000,-94000,845000
2007/07/24,0,1180000,0,1180000
2007/07/25,0,600000,-6000,594000
2007/07/26,0,346000,-183000,163000
2007/07/27,0,233000,-478000,-245000
2007/07/30,0,1751000,-613000,1138000
2007/07/31,0,85000,-450000,-365000
2007/08/01,0,78000,-1480000,-1402000
2007/08/02,0,102000,-1161000,-1059000
2007/08/03,0,21000,-245000,-224000
2007/08/06,0,223000,-51000,172000
2007/08/07,0,80000,-730000,-650000
2007/08/08,0,402000,-215000,187000
2007/08/09,0,2000,-124000,-122000
2007/08/10,0,99000,-333000,-234000
2007/08/13,0,67000,-27000,40000
2007/08/14,0,1000,-31000,-30000
2007/08/15,0,29000,-110000,-81000
2007/08/16,0,32000,-467000,-435000
2007/08/17,0,12000,-308000,-296000
2007/08/20,0,69000,-492000,-423000
2007/08/21,0,0,-211000,-211000
2007/08/22,0,30000,-308000,-278000
2007/08/23,0,22000,-506000,-484000
2007/08/24,0,4000,-44000,-40000
2007/08/27,0,0,-12000,-12000
2007/08/28,0,0,-2000,-2000
2007/08/29,0,97000,-77000,20000
2007/08/30,0,217000,-30000,187000
2007/08/31,0,248000,-6000,242000
2007/09/03,0,11000,-33000,-22000
2007/09/04,0,0,0,0
2007/09/05,0,0,-16000,-16000
2007/09/06,0,22000,-8000,14000
2007/09/07,0,0,-14000,-14000
2007/09/10,0,3000,-14000,-11000
2007/09/11,0,164000,-24000,140000
2007/09/12,0,0,-35000,-35000
2007/09/13,0,29000,-33000,-4000
2007/09/14,0,10000,0,10000
2007/09/17,0,0,-31000,-31000
2007/09/18,0,0,0,0
2007/09/19,0,310000,-2000,308000
2007/09/20,0,116000,0,116000
2007/09/21,0,68000,-17000,51000
2007/09/24,0,0,0,0
2007/09/25,0,0,0,0
2007/09/26,0,128000,-13000,115000
2007/09/27,0,277000,-30000,247000
2007/09/28,0,27000,-147000,-120000
2007/10/01,0,43000,-40000,3000
2007/10/02,0,140000,-58000,82000
2007/10/03,0,522000,-23000,499000
2007/10/04,0,247000,-40000,207000
2007/10/05,0,248000,-5000,243000
2007/10/08,0,170000,-1000,169000
2007/10/09,0,169000,-14000,155000
2007/10/10,0,0,0,0
2007/10/11,0,175000,-169000,6000
2007/10/12,0,31000,-472000,-441000
2007/10/15,0,0,-37000,-37000
2007/10/16,0,123000,-3000,120000
2007/10/17,0,152000,-42000,110000
2007/10/18,0,109000,-611000,-502000
2007/10/19,0,101000,-2000,99000
2007/10/22,0,2000,-545000,-543000
2007/10/23,0,47000,-84000,-37000
2007/10/24,0,1000,-100000,-99000
2007/10/25,0,5000,-33000,-28000
2007/10/26,0,163000,0,163000
2007/10/29,0,165000,0,165000
2007/10/30,0,264000,-7000,257000
2007/10/31,0,395000,-8000,387000
2007/11/01,0,451000,-4000,447000
2007/11/02,0,246000,-35000,211000
2007/11/05,0,2000,-234000,-232000
2007/11/06,0,4000,-179000,-175000
2007/11/07,0,24000,-137000,-113000
2007/11/08,0,152000,-200000,-48000
2007/11/09,0,90000,-93000,-3000
2007/11/12,0,223000,-121000,102000
2007/11/13,0,223000,-85000,138000
2007/11/14,0,2000,-4000,-2000
2007/11/15,0,6000,-27000,-21000
2007/11/16,0,17000,-58000,-41000
2007/11/19,0,0,-7000,-7000
2007/11/20,0,58000,0,58000
2007/11/21,0,0,-242000,-242000
2007/11/22,0,52000,0,52000
2007/11/23,0,11000,-69000,-58000
2007/11/26,0,108000,-2000,106000
2007/11/27,0,139000,-67000,72000
2007/11/28,0,3000,-11000,-8000
2007/11/29,0,58000,-5000,53000
2007/11/30,0,483000,-3000,480000
2007/12/03,0,182000,0,182000
2007/12/04,0,174000,-3000,171000
2007/12/05,0,277000,-58000,219000
2007/12/06,0,184000,-16000,168000
2007/12/07,0,115917,0,115917
2007/12/10,0,86400,-6000,80400
2007/12/11,0,76720,-2000,74720
2007/12/12,0,180000,-11000,169000
2007/12/13,0,313880,-93000,220880
2007/12/14,0,19000,-138000,-119000
2007/12/17,0,7000,-126000,-119000
2007/12/18,0,13000,-111000,-98000
2007/12/19,0,157000,-127000,30000
2007/12/20,0,101000,-101000,0
2007/12/21,0,110000,-4000,106000
2007/12/24,0,12000,-21000,-9000
2007/12/25,0,0,-11000,-11000
2007/12/26,0,0,-17000,-17000
2007/12/27,0,176000,-143000,33000
2007/12/28,0,161000,-60000,101000
2007/12/31,0,40000,-20000,20000
2008/01/01,0,0,0,0
2008/01/02,0,19000,-115000,-96000
2008/01/03,0,28000,-76000,-48000
2008/01/04,0,155000,-13000,142000
2008/01/07,0,128000,-15000,113000
2008/01/08,0,153000,0,153000
2008/01/09,0,398000,-18000,380000
2008/01/10,0,106000,-95000,11000
2008/01/11,0,44000,-17000,27000
2008/01/14,0,194000,-3000,191000
2008/01/15,0,207000,-6000,201000
2008/01/16,0,629000,-18000,611000
2008/01/17,0,932000,-43000,889000
2008/01/18,0,612000,-207000,405000
2008/01/21,0,187000,-151000,36000
2008/01/22,0,0,-32000,-32000
2008/01/23,0,374000,-125000,249000
2008/01/24,0,73000,-166000,-93000
2008/01/25,0,9000,-24000,-15000
2008/01/28,0,10000,-92000,-82000
2008/01/29,0,97000,-33000,64000
2008/01/30,0,83000,-158000,-75000
2008/01/31,0,122000,-141000,-19000
2008/02/01,0,121000,-94000,27000
2008/02/04,0,0,0,0
2008/02/05,0,0,0,0
2008/02/06,0,0,0,0
2008/02/07,0,0,0,0
2008/02/08,0,0,0,0
2008/02/11,0,0,0,0
2008/02/12,0,74000,-136000,-62000
2008/02/13,0,139000,-29000,110000
2008/02/14,0,669000,-18000,651000
2008/02/15,0,473000,-6000,467000
2008/02/18,0,206000,-34000,172000
2008/02/19,0,130000,-9000,121000
2008/02/20,0,0,-22000,-22000
2008/02/21,0,64000,-44000,20000
2008/02/22,0,44000,-1000,43000
2008/02/25,0,422000,-11000,411000
2008/02/26,0,385000,-14000,371000
2008/02/27,0,40000,0,40000
2008/02/28,0,0,0,0
2008/02/29,0,111000,0,111000
2008/03/03,0,43000,-38000,5000
2008/03/04,0,233000,-29000,204000
2008/03/05,0,30000,-12000,18000
2008/03/06,0,291000,-7000,284000
2008/03/07,0,110000,0,110000
2008/03/10,0,8000,-54000,-46000
2008/03/11,0,251000,-1000,250000
2008/03/12,0,359000,-24000,335000
2008/03/13,0,75000,-26000,49000
2008/03/14,0,58000,0,58000
2008/03/17,0,2000,-302000,-300000
2008/03/18,0,0,-155000,-155000
2008/03/19,0,98000,-3000,95000
2008/03/20,0,690000,-288000,402000
2008/03/21,0,1449000,-33000,1416000
2008/03/24,0,1226000,0,1226000
2008/03/25,0,791000,-23000,768000
2008/03/26,0,72000,0,72000
2008/03/27,0,122000,-186000,-64000
2008/03/28,0,0,-7000,-7000
2008/03/31,0,175000,-407000,-232000
2008/04/01,0,137000,-112000,25000
2008/04/02,0,22000,-188000,-166000
2008/04/03,0,19000,-80000,-61000
2008/04/04,0,0,0,0
2008/04/07,0,77000,-51000,26000
2008/04/08,0,1000,-210000,-209000
2008/04/09,0,48000,-37000,11000
2008/04/10,0,0,0,0
2008/04/11,0,159000,-30000,129000
2008/04/14,0,194000,-424000,-230000
2008/04/15,0,165000,-299000,-134000
2008/04/16,0,227000,-407000,-180000
2008/04/17,0,270000,-322000,-52000
2008/04/18,0,144000,0,144000
2008/04/21,0,360000,-1000,359000
2008/04/22,0,8000,-66000,-58000
2008/04/23,0,99000,-6000,93000
2008/04/24,0,3000,-2000,1000
2008/04/25,0,224000,-3000,221000
2008/04/28,0,231000,0,231000
2008/04/29,0,230000,-508000,-278000
2008/04/30,0,285000,0,285000
2008/05/01,0,0,0,0
2008/05/02,0,0,-100000,-100000
2008/05/05,0,4000,-54000,-50000
2008/05/06,0,44000,-71000,-27000
2008/05/07,0,6000,-104000,-98000
2008/05/08,0,40000,-514000,-474000
2008/05/09,0,59000,-590000,-531000
2008/05/12,0,42000,-136000,-94000
2008/05/13,0,93000,-88000,5000
2008/05/14,0,22000,0,22000
2008/05/15,0,36000,0,36000
2008/05/16,0,106000,-15000,91000
2008/05/19,0,91000,-41000,50000
2008/05/20,0,185000,-186000,-1000
2008/05/21,0,37000,-509000,-472000
2008/05/22,0,115000,-1073000,-958000
2008/05/23,0,67000,-49000,18000
2008/05/26,0,61000,0,61000
2008/05/27,0,88000,-1000,87000
2008/05/28,0,0,-149000,-149000
2008/05/29,0,66000,-2000,64000
2008/05/30,0,147000,-38000,109000
2008/06/02,0,21000,-9000,12000
2008/06/03,0,0,-9000,-9000
2008/06/04,0,33000,-71000,-38000
2008/06/05,0,56000,-512000,-456000
2008/06/06,0,10000,-42000,-32000
2008/06/09,0,34000,-62000,-28000
2008/06/10,0,0,-378000,-378000
2008/06/11,0,45000,-6000,39000
2008/06/12,0,4000,-73000,-69000
2008/06/13,0,0,-161000,-161000
2008/06/16,0,3000,-220000,-217000
2008/06/17,0,26000,-103000,-77000
2008/06/18,0,5000,-358000,-353000
2008/06/19,0,1000,-499000,-498000
2008/06/20,0,4000,0,4000
2008/06/23,0,74000,-5000,69000
2008/06/24,0,0,-257000,-257000
2008/06/25,0,171000,-10000,161000
2008/06/26,0,0,-11000,-11000
2008/06/27,0,3000,-23000,-20000
2008/06/30,0,78000,-65000,13000
2008/07/01,0,184000,-6000,178000
2008/07/02,0,26000,-280000,-254000
2008/07/03,0,188000,-208000,-20000
2008/07/04,0,7000,-79000,-72000
2008/07/07,0,101000,-38000,63000
2008/07/08,0,0,-444000,-444000
2008/07/09,0,103000,-60000,43000
2008/07/10,0,76000,-33000,43000
2008/07/11,0,171000,-118000,53000
2008/07/14,0,36000,-93000,-57000
2008/07/15,0,8000,-155000,-147000
2008/07/16,0,10000,-122000,-112000
2008/07/17,0,32000,-619000,-587000
2008/07/18,0,0,-215284,-215284
2008/07/21,0,105000,0,105000
2008/07/22,0,137000,-34000,103000
2008/07/23,0,251000,-92000,159000
2008/07/24,0,9000,-34000,-25000
2008/07/25,0,60000,-62000,-2000
2008/07/28,0,0,0,0
2008/07/29,0,16000,-89000,-73000
2008/07/30,0,20000,-44000,-24000
2008/07/31,0,369000,-47000,322000
2008/08/01,0,574000,-112000,462000
2008/08/04,0,415000,-46000,369000
2008/08/05,0,198000,-62000,136000
2008/08/06,0,535000,-8000,527000
2008/08/07,0,60000,-3000,57000
2008/08/08,0,47000,0,47000
2008/08/11,0,0,-37000,-37000
2008/08/12,0,10000,-3000,7000
2008/08/13,0,1000,-65000,-64000
2008/08/14,0,17000,-1000,16000
2008/08/15,0,0,-37000,-37000
2008/08/18,0,10000,-188000,-178000
2008/08/19,0,5000,-134917,-129917
2008/08/20,0,34000,-54000,-20000
2008/08/21,0,5000,-65000,-60000
2008/08/22,0,0,-76000,-76000
2008/08/25,0,4000,0,4000
2008/08/26,0,0,0,0
2008/08/27,0,0,-2000,-2000
2008/08/28,0,2000,-2000,0
2008/08/29,0,77000,-90000,-13000
2008/09/01,0,4000,-66000,-62000
2008/09/02,0,3000,-67000,-64000
2008/09/03,0,0,-9000,-9000
2008/09/04,0,2000,-2000,0
2008/09/05,0,51000,-2000,49000
2008/09/08,0,48000,-9000,39000
2008/09/09,0,41000,-45000,-4000
2008/09/10,0,18000,-76000,-58000
2008/09/11,0,23000,-129000,-106000
2008/09/12,0,40000,-24000,16000
2008/09/15,0,33000,-39000,-6000
2008/09/16,0,2000,-3000,-1000
2008/09/17,0,168000,-33000,135000
2008/09/18,0,23000,-1000,22000
2008/09/19,0,1000,-102000,-101000
2008/09/22,0,58000,-38000,20000
2008/09/23,0,90000,0,90000
2008/09/24,0,19000,-54000,-35000
2008/09/25,0,125000,-35000,90000
2008/09/26,0,122000,-32000,90000
2008/09/29,0,0,0,0
2008/09/30,0,0,-18000,-18000
2008/10/01,0,0,-139000,-139000
2008/10/02,0,0,-58000,-58000
2008/10/03,0,34000,-10000,24000
2008/10/06,0,0,-79000,-79000
2008/10/07,0,204000,-32000,172000
2008/10/08,0,24000,-204000,-180000
2008/10/09,0,14000,0,14000
2008/10/10,0,0,0,0
2008/10/13,0,0,0,0
2008/10/14,0,148000,-4000,144000
2008/10/15,0,0,0,0
2008/10/16,0,0,-12000,-12000
2008/10/17,0,66000,0,66000
2008/10/20,0,0,0,0
2008/10/21,0,0,-14000,-14000
2008/10/22,0,0,0,0
2008/10/23,0,0,-32000,-32000
2008/10/24,0,0,-30000,-30000
2008/10/27,0,0,-104000,-104000
2008/10/28,0,3000,-32000,-29000
2008/10/29,0,0,-3000,-3000
2008/10/30,0,59000,0,59000
2008/10/31,0,313000,0,313000
2008/11/03,0,50000,-17000,33000
2008/11/04,0,231000,-31000,200000
2008/11/05,0,52000,-19000,33000
2008/11/06,0,9000,-32000,-23000
2008/11/07,0,144000,-40000,104000
2008/11/10,0,35000,-17000,18000
2008/11/11,0,0,-15000,-15000
2008/11/12,0,8000,-49000,-41000
2008/11/13,0,0,-108000,-108000
2008/11/14,0,1000,-56000,-55000
2008/11/17,0,0,-1000,-1000
2008/11/18,0,11000,-5000,6000
2008/11/19,0,0,-5000,-5000
2008/11/20,0,17000,-27000,-10000
2008/11/21,0,3000,-23000,-20000
2008/11/24,0,1000,-14000,-13000
2008/11/25,0,97000,-1000,96000
2008/11/26,0,3000,0,3000
2008/11/27,0,57000,-3000,54000
2008/11/28,0,5000,-4000,1000
2008/12/01,0,92000,-10000,82000
2008/12/02,0,0,-6000,-6000
2008/12/03,0,2000,-67000,-65000
2008/12/04,0,0,0,0
2008/12/05,0,2000,0,2000
2008/12/08,0,74000,-2000,72000
2008/12/09,0,49000,0,49000
2008/12/10,0,91000,-21000,70000
2008/12/11,0,1000,-24000,-23000
2008/12/12,0,66000,-19000,47000
2008/12/15,0,40000,0,40000
2008/12/16,0,0,-9000,-9000
2008/12/17,0,210000,-50000,160000
2008/12/18,0,85000,-17000,68000
2008/12/19,0,167000,-61000,106000
2008/12/22,0,0,-73000,-73000
2008/12/23,0,8000,-29000,-21000
2008/12/24,0,21000,-14000,7000
2008/12/25,0,8000,-5000,3000
2008/12/26,0,0,-14000,-14000
2008/12/29,0,6000,-18000,-12000
2008/12/30,0,109000,-8000,101000
2008/12/31,0,0,-61000,-61000
2009/01/01,0,0,0,0
2009/01/02,0,0,0,0
2009/01/05,0,18000,-60000,-42000
2009/01/06,0,0,-89000,-89000
2009/01/07,0,13000,0,13000
2009/01/08,0,8000,-49000,-41000
2009/01/09,0,22000,-18000,4000
2009/01/12,0,1000,-39000,-38000
2009/01/13,0,7000,-1000,6000
2009/01/14,0,0,-7000,-7000
2009/01/15,0,5000,-7000,-2000
2009/01/16,0,1000,-56000,-55000
2009/01/19,0,2000,-6000,-4000
2009/01/20,0,21000,-2000,19000
2009/01/21,0,0,-28000,-28000
2009/01/22,0,0,0,0
2009/01/23,0,0,0,0
2009/01/26,0,0,0,0
2009/01/27,0,0,0,0
2009/01/28,0,0,0,0
2009/01/29,0,0,0,0
2009/01/30,0,0,0,0
2009/02/02,0,161000,-38000,123000
2009/02/03,0,0,0,0
2009/02/04,0,0,0,0
2009/02/05,0,0,0,0
2009/02/06,0,0,0,0
2009/02/09,0,0,0,0
2009/02/10,0,0,0,0
2009/02/11,0,2000,0,2000
2009/02/12,0,0,0,0
2009/02/13,0,0,0,0
2009/02/16,0,0,0,0
2009/02/17,0,0,0,0
2009/02/18,0,50000,0,50000
2009/02/19,0,0,-50000,-50000
2009/02/20,0,0,0,0
2009/02/23,0,4000,-8000,-4000
2009/02/24,0,0,-35000,-35000
2009/02/25,0,149000,-24000,125000
2009/02/26,0,0,-5000,-5000
2009/02/27,0,0,-9000,-9000
2009/03/02,0,0,0,0
2009/03/03,0,0,-72000,-72000
2009/03/04,0,0,-71000,-71000
2009/03/05,0,0,0,0
2009/03/06,0,0,0,0
2009/03/09,0,0,0,0
2009/03/10,0,0,0,0
2009/03/11,0,0,0,0
2009/03/12,0,0,0,0
2009/03/13,0,6000,0,6000
2009/03/16,0,93000,0,93000
2009/03/17,0,0,0,0
2009/03/18,0,238000,0,238000
2009/03/19,0,0,0,0
2009/03/20,0,0,-27000,-27000
2009/03/23,0,12000,-39000,-27000
2009/03/24,0,113000,-3000,110000
2009/03/25,0,7000,-43000,-36000
2009/03/26,0,14000,-45000,-31000
2009/03/27,0,12000,-90000,-78000
2009/03/30,0,0,-99000,-99000
2009/03/31,0,210000,-50000,160000
2009/04/01,0,53000,-9000,44000
2009/04/02,0,259000,-1000,258000
2009/04/03,0,142000,-66000,76000
2009/04/06,0,0,-81000,-81000
2009/04/07,0,145000,-39000,106000
2009/04/08,0,20000,-85000,-65000
2009/04/09,0,344000,0,344000
2009/04/10,0,252000,-2000,250000
2009/04/13,0,124000,-105000,19000
2009/04/14,0,155000,-1000,154000
2009/04/15,0,263000,-70000,193000
2009/04/16,0,198000,-5000,193000
2009/04/17,0,51000,-173000,-122000
2009/04/20,0,81000,-67000,14000
2009/04/21,0,16000,-128000,-112000
2009/04/22,0,0,-95000,-95000
2009/04/23,0,117000,-162000,-45000
2009/04/24,0,680000,-51000,629000
2009/04/27,0,165000,-546000,-381000
2009/04/28,0,412000,-181000,231000
2009/04/29,0,653000,-47000,606000
2009/04/30,0,79000,0,79000
2009/05/01,0,0,0,0
2009/05/04,0,74000,0,74000
2009/05/05,0,690000,-63000,627000
2009/05/06,0,438000,-212000,226000
2009/05/07,0,110000,-531000,-421000
2009/05/08,0,584000,-14000,570000
2009/05/11,0,175000,-162000,13000
2009/05/12,0,167000,-277000,-110000
2009/05/13,0,19000,-31000,-12000
2009/05/14,0,106000,-140000,-34000
2009/05/15,0,226000,-311000,-85000
2009/05/18,0,40000,-278000,-238000
2009/05/19,0,1412000,-223000,1189000
2009/05/20,0,303000,-1476000,-1173000
2009/05/21,0,23000,-225000,-202000
2009/05/22,0,234000,-432000,-198000
2009/05/25,0,25000,-386000,-361000
2009/05/26,0,46000,-195000,-149000
2009/05/27,0,374000,-47000,327000
2009/05/28,0,0,0,0
2009/05/29,0,0,0,0
2009/06/01,0,233000,-100000,133000
2009/06/02,0,119000,-150000,-31000
2009/06/03,0,186000,-75000,111000
2009/06/04,0,181000,-21000,160000
2009/06/05,0,5000,-46000,-41000
2009/06/08,0,133000,-179000,-46000
2009/06/09,0,217000,-282000,-65000
2009/06/10,0,69000,-51000,18000
2009/06/11,0,45000,-24000,21000
2009/06/12,0,27000,-298000,-271000
2009/06/15,0,24000,-126000,-102000
2009/06/16,0,40000,-79000,-39000
2009/06/17,0,42000,-150000,-108000
2009/06/18,0,52000,-675000,-623000
2009/06/19,0,25000,-45000,-20000
2009/06/22,0,0,-35000,-35000
2009/06/23,0,64000,-141000,-77000
2009/06/24,0,754000,-138000,616000
2009/06/25,0,7000,-222000,-215000
2009/06/26,0,36000,-24000,12000
2009/06/29,0,88000,-51000,37000
2009/06/30,0,99000,-88000,11000
2009/07/01,0,202000,-20000,182000
2009/07/02,0,18000,-57000,-39000
2009/07/03,0,54000,-27000,27000
2009/07/06,0,16000,-166000,-150000
2009/07/07,0,78000,-17000,61000
2009/07/08,0,85000,-28000,57000
2009/07/09,0,28000,-73000,-45000
2009/07/10,0,107000,-84000,23000
2009/07/13,0,29000,-525000,-496000
2009/07/14,0,27000,-302000,-275000
2009/07/15,0,287000,-35000,252000
2009/07/16,0,73000,-100000,-27000
2009/07/17,0,10000,0,10000
2009/07/20,0,6000,-10000,-4000
2009/07/21,0,6000,-5000,1000
2009/07/22,0,187000,-8000,179000
2009/07/23,0,49000,-186000,-137000
2009/07/24,0,13000,-49000,-36000
2009/07/27,0,284000,-13000,271000
2009/07/28,0,65000,-35000,30000
2009/07/29,0,10000,-4000,6000
2009/07/30,0,80000,-10000,70000
2009/07/31,0,9000,-74000,-65000
2009/08/03,0,95000,-16000,79000
2009/08/04,0,38000,-245000,-207000
2009/08/05,0,53000,-190000,-137000
2009/08/06,0,74000,-81000,-7000
2009/08/07,0,0,0,0
2009/08/10,0,4000,-38000,-34000
2009/08/11,0,4000,-75000,-71000
2009/08/12,0,41000,-9000,32000
2009/08/13,0,39000,-3000,36000
2009/08/14,0,131000,-80000,51000
2009/08/17,0,18000,-139000,-121000
2009/08/18,0,8000,-34000,-26000
2009/08/19,0,6000,-45000,-39000
2009/08/20,0,32000,-26000,6000
2009/08/21,0,14000,-31000,-17000
2009/08/24,0,20000,-3000,17000
2009/08/25,0,0,-19000,-19000
2009/08/26,0,83000,-19000,64000
2009/08/27,0,11000,-4000,7000
2009/08/28,0,172000,-6000,166000
2009/08/31,0,0,-165000,-165000
2009/09/01,0,32000,0,32000
2009/09/02,0,72000,-46000,26000
2009/09/03,0,89000,-2000,87000
2009/09/04,0,27000,-53000,-26000
2009/09/07,0,56000,-15000,41000
2009/09/08,0,237000,0,237000
2009/09/09,0,66000,-2000,64000
2009/09/10,0,930000,-29000,901000
2009/09/11,0,204000,0,204000
2009/09/14,0,115000,-228000,-113000
2009/09/15,0,208000,-13000,195000
2009/09/16,0,408000,0,408000
2009/09/17,0,582000,-2000,580000
2009/09/18,0,251000,-187223,63777
2009/09/21,0,65000,-156000,-91000
2009/09/22,0,54000,-10000,44000
2009/09/23,0,201000,-114000,87000
2009/09/24,0,39000,-12000,27000
2009/09/25,0,45000,0,45000
2009/09/28,0,320000,-9000,311000
2009/09/29,0,44000,-3000,41000
2009/09/30,0,56000,0,56000
2009/10/01,0,175000,0,175000
2009/10/02,0,61000,-53000,8000
2009/10/05,0,0,-140000,-140000
2009/10/06,0,174000,-80000,94000
2009/10/07,0,84000,-146000,-62000
2009/10/08,0,66000,-131000,-65000
2009/10/09,0,70000,-47000,23000
2009/10/12,0,9000,-149000,-140000
2009/10/13,0,73000,-122000,-49000
2009/10/14,0,118000,0,118000
2009/10/15,0,536000,0,536000
2009/10/16,0,79000,0,79000
2009/10/19,0,8000,-101000,-93000
2009/10/20,0,0,-21000,-21000
2009/10/21,0,84000,-406000,-322000
2009/10/22,0,0,-204000,-204000
2009/10/23,0,6000,-3000,3000
2009/10/26,0,127000,-1000,126000
2009/10/27,0,1000,-100000,-99000
2009/10/28,0,0,-29000,-29000
2009/10/29,0,126000,-99000,27000
2009/10/30,0,48000,-110000,-62000
2009/11/02,0,10000,-135000,-125000
2009/11/03,0,38000,-103000,-65000
2009/11/04,0,26000,-41000,-15000
2009/11/05,0,0,-109000,-109000
2009/11/06,0,24000,-9000,15000
2009/11/09,0,141000,0,141000
2009/11/10,0,69000,-8000,61000
2009/11/11,0,218000,0,218000
2009/11/12,0,61000,0,61000
2009/11/13,0,142000,0,142000
2009/11/16,0,131000,-16000,115000
2009/11/17,0,167000,-14000,153000
2009/11/18,0,354000,-545000,-191000
2009/11/19,0,4000,-16000,-12000
2009/11/20,0,7000,-199000,-192000
2009/11/23,0,112000,0,112000
2009/11/24,0,97000,0,97000
2009/11/25,0,321000,0,321000
2009/11/26,0,55000,-71000,-16000
2009/11/27,0,0,-509000,-509000
2009/11/30,0,179000,-132000,47000
2009/12/01,0,419000,-110000,309000
2009/12/02,0,211000,-50000,161000
2009/12/03,0,60000,-10000,50000
2009/12/04,0,0,0,0
2009/12/07,0,53000,-66000,-13000
2009/12/08,0,184000,-46000,138000
2009/12/09,0,0,-7000,-7000
2009/12/10,0,103000,-401000,-298000
2009/12/11,0,15000,-23000,-8000
2009/12/14,0,33000,-104000,-71000
2009/12/15,0,136000,-39000,97000
2009/12/16,0,0,-776000,-776000
2009/12/17,0,84000,-101000,-17000
2009/12/18,0,30000,-23000,7000
2009/12/21,0,0,0,0
2009/12/22,0,41000,-18000,23000
2009/12/23,0,200000,-15000,185000
2009/12/24,0,22000,-1000,21000
2009/12/25,0,98000,-14000,84000
2009/12/28,0,210000,-2000,208000
2009/12/29,0,140000,0,140000
2009/12/30,0,18000,-16000,2000
2009/12/31,0,150000,-33000,117000
2010/01/01,0,0,0,0
2010/01/04,0,0,-56000,-56000
2010/01/05,0,115000,0,115000
2010/01/06,0,154000,0,154000
2010/01/07,0,517000,-29000,488000
2010/01/08,0,261000,0,261000
2010/01/11,0,51000,-438000,-387000
2010/01/12,0,65000,-203000,-138000
2010/01/13,0,16000,-242000,-226000
2010/01/14,0,80000,-126000,-46000
2010/01/15,0,76000,-295000,-219000
2010/01/18,0,73000,-147000,-74000
2010/01/19,0,110000,-481000,-371000
2010/01/20,0,69000,-666000,-597000
2010/01/21,0,257000,-88000,169000
2010/01/22,0,58000,-93000,-35000
2010/01/25,0,0,-98000,-98000
2010/01/26,0,9000,-580000,-571000
2010/01/27,0,0,-104000,-104000
2010/01/28,0,6000,-51000,-45000
2010/01/29,0,15000,-165000,-150000
2010/02/01,0,0,-70000,-70000
2010/02/02,0,0,-328000,-328000
2010/02/03,0,1000,-75000,-74000
2010/02/04,0,0,-49000,-49000
2010/02/05,0,2000,-231000,-229000
2010/02/08,0,0,-191000,-191000
2010/02/09,0,6000,-127000,-121000
2010/02/10,0,7000,-85000,-78000
2010/02/11,0,0,0,0
2010/02/12,0,0,0,0
2010/02/15,0,0,0,0
2010/02/16,0,0,0,0
2010/02/17,0,0,0,0
2010/02/18,0,0,0,0
2010/02/19,0,0,0,0
2010/02/22,0,0,-16000,-16000
2010/02/23,0,0,-14000,-14000
2010/02/24,0,15000,0,15000
2010/02/25,0,0,-83000,-83000
2010/02/26,0,0,-16000,-16000
2010/03/01,0,29000,-14000,15000
2010/03/02,0,25000,-7000,18000
2010/03/03,0,252000,-4000,248000
2010/03/04,0,0,-67000,-67000
2010/03/05,0,90000,0,90000
2010/03/08,0,16000,-37000,-21000
2010/03/09,0,60000,0,60000
2010/03/10,0,8000,0,8000
2010/03/11,0,0,-32000,-32000
2010/03/12,0,58000,0,58000
2010/03/15,0,1000,-123000,-122000
2010/03/16,0,92000,-8000,84000
2010/03/17,0,159000,0,159000
2010/03/18,0,187000,0,187000
2010/03/19,0,15000,-72000,-57000
2010/03/22,0,5000,-57000,-52000
2010/03/23,0,22000,-25000,-3000
2010/03/24,0,231000,0,231000
2010/03/25,0,69000,-62000,7000
2010/03/26,0,167000,-140000,27000
2010/03/29,0,268000,-10000,258000
2010/03/30,0,153000,-33000,120000
2010/03/31,0,88000,-55000,33000
2010/04/01,0,180000,-14000,166000
2010/04/02,0,84000,-26000,58000
2010/04/05,0,0,0,0
2010/04/06,0,301000,-19000,282000
2010/04/07,0,180000,0,180000
2010/04/08,0,400000,-156000,244000
2010/04/09,0,495000,-19000,476000
2010/04/12,0,277000,-127000,150000
2010/04/13,0,200000,-33000,167000
2010/04/14,0,62000,0,62000
2010/04/15,0,118000,-6000,112000
2010/04/16,0,70000,-44000,26000
2010/04/19,0,7000,-157000,-150000
2010/04/20,0,16000,-329000,-313000
2010/04/21,0,120000,-331000,-211000
2010/04/22,0,36000,-213000,-177000
2010/04/23,0,57000,-152000,-95000
2010/04/26,0,192000,0,192000
2010/04/27,0,2000,-34000,-32000
2010/04/28,0,58000,-100000,-42000
2010/04/29,0,84000,-78000,6000
2010/04/30,0,121000,-1000,120000
2010/05/03,0,52000,-1000,51000
2010/05/04,0,14000,-26000,-12000
2010/05/05,0,0,-203000,-203000
2010/05/06,0,2000,-146000,-144000
2010/05/07,0,34000,-181000,-147000
2010/05/10,0,40000,-174000,-134000
2010/05/11,0,6000,-79000,-73000
2010/05/12,0,8000,-5000,3000
2010/05/13,0,91000,0,91000
2010/05/14,0,43000,-124000,-81000
2010/05/17,0,3000,-21000,-18000
2010/05/18,0,105000,-19000,86000
2010/05/19,0,261000,-186000,75000
2010/05/20,0,0,-149000,-149000
2010/05/21,0,2000,-45000,-43000
2010/05/24,0,9000,-20000,-11000
2010/05/25,0,66000,-110000,-44000
2010/05/26,0,34000,-14000,20000
2010/05/27,0,46000,-49000,-3000
2010/05/28,0,108000,-116000,-8000
2010/05/31,0,0,-123000,-123000
2010/06/01,0,37000,-110000,-73000
2010/06/02,0,45000,-68000,-23000
2010/06/03,0,70000,-52000,18000
2010/06/04,0,88000,-4000,84000
2010/06/07,0,34000,-302000,-268000
2010/06/08,0,77000,-49000,28000
2010/06/09,0,0,-4000,-4000
2010/06/10,0,38000,-84000,-46000
2010/06/11,0,106000,-13000,93000
2010/06/14,0,167000,0,167000
2010/06/15,0,143000,0,143000
2010/06/16,0,0,0,0
2010/06/17,0,270000,-259000,11000
2010/06/18,0,682000,-162000,520000
2010/06/21,0,416000,0,416000
2010/06/22,0,132000,-120000,12000
2010/06/23,0,28000,-71000,-43000
2010/06/24,0,164000,-8000,156000
2010/06/25,0,143000,-120000,23000
2010/06/28,0,34000,-92000,-58000
2010/06/29,0,807000,-1000,806000
2010/06/30,0,330000,-152000,178000
2010/07/01,0,12000,-280000,-268000
2010/07/02,0,244000,-20000,224000
2010/07/05,0,5000,-34000,-29000
2010/07/06,0,156000,-256000,-100000
2010/07/07,0,881000,-200000,681000
2010/07/08,0,10000,-347000,-337000
2010/07/09,0,239000,-29000,210000
2010/07/12,0,155000,-82000,73000
2010/07/13,0,94000,-78000,16000
2010/07/14,0,321000,-68000,253000
2010/07/15,0,1630000,-71000,1559000
2010/07/16,0,1446000,-67000,1379000
2010/07/19,0,125000,-51000,74000
2010/07/20,0,86000,0,86000
2010/07/21,0,142000,-323000,-181000
2010/07/22,0,174000,-18000,156000
2010/07/23,0,429000,0,429000
2010/07/26,0,249000,-35000,214000
2010/07/27,0,0,-10000,-10000
2010/07/28,0,157000,-1000,156000
2010/07/29,0,0,-94000,-94000
2010/07/30,0,255000,-239000,16000
2010/08/02,0,301000,-1000,300000
2010/08/03,0,451000,-117000,334000
2010/08/04,0,72000,-101000,-29000
2010/08/05,0,26000,-98000,-72000
2010/08/06,0,39000,-2000,37000
2010/08/09,0,128000,-23000,105000
2010/08/10,0,255000,-76000,179000
2010/08/11,0,61000,-702000,-641000
2010/08/12,0,165000,-25000,140000
2010/08/13,0,399000,-29000,370000
2010/08/16,0,680000,-55000,625000
2010/08/17,0,457000,-486000,-29000
2010/08/18,0,98000,-453000,-355000
2010/08/19,0,632000,-55000,577000
2010/08/20,0,379000,-10000,369000
2010/08/23,0,53000,-102000,-49000
2010/08/24,0,149000,-26000,123000
2010/08/25,0,25000,-158000,-133000
2010/08/26,0,321000,-78000,243000
2010/08/27,0,268000,-46000,222000
2010/08/30,0,5000,-117000,-112000
2010/08/31,0,569000,-62000,507000
2010/09/01,0,0,-112000,-112000
2010/09/02,0,13000,-265000,-252000
2010/09/03,0,113000,-90000,23000
2010/09/06,0,125000,-8000,117000
2010/09/07,0,10000,-3000,7000
2010/09/08,0,11000,-161000,-150000
2010/09/09,0,49000,-82000,-33000
2010/09/10,0,25000,0,25000
2010/09/13,0,840000,0,840000
2010/09/14,0,126000,-135000,-9000
2010/09/15,0,127000,-7000,120000
2010/09/16,0,104000,-3000,101000
2010/09/17,0,320000,-702000,-382000
2010/09/20,0,137000,-1050000,-913000
2010/09/21,0,138000,0,138000
2010/09/22,0,0,0,0
2010/09/23,0,1367000,0,1367000
2010/09/24,0,2338000,-596000,1742000
2010/09/27,0,720000,0,720000
2010/09/28,0,785000,0,785000
2010/09/29,0,716000,-27000,689000
2010/09/30,0,75000,0,75000
2010/10/01,0,96000,0,96000
2010/10/04,0,367000,-20000,347000
2010/10/05,0,135000,-89000,46000
2010/10/06,0,100000,0,100000
2010/10/07,0,146000,-40000,106000
2010/10/08,0,100000,-4000,96000
2010/10/11,0,621000,-226000,395000
2010/10/12,0,65000,-280000,-215000
2010/10/13,0,238000,-70000,168000
2010/10/14,0,3000,-44000,-41000
2010/10/15,0,70000,-3000,67000
2010/10/18,0,85000,-320000,-235000
2010/10/19,0,27000,-96000,-69000
2010/10/20,0,292000,-257000,35000
2010/10/21,0,13000,-49000,-36000
2010/10/22,0,0,-12000,-12000
2010/10/25,0,176000,0,176000
2010/10/26,0,219000,-15000,204000
2010/10/27,0,104000,-32000,72000
2010/10/28,0,253000,-16000,237000
2010/10/29,0,78000,-2000,76000
2010/11/01,0,466000,-12000,454000
2010/11/02,0,326000,-21000,305000
2010/11/03,0,411000,-20000,391000
2010/11/04,0,288000,-8000,280000
2010/11/05,0,346000,0,346000
2010/11/08,0,109000,0,109000
2010/11/09,0,220000,-189000,31000
2010/11/10,0,335000,-1336000,-1001000
2010/11/11,0,268000,0,268000
2010/11/12,0,164000,-3243000,-3079000
2010/11/15,0,0,-149000,-149000
2010/11/16,0,85000,-387000,-302000
2010/11/17,0,146000,-388000,-242000
2010/11/18,0,31000,-332000,-301000
2010/11/19,0,0,-3000,-3000
2010/11/22,0,0,-10000,-10000
2010/11/23,0,88000,-120000,-32000
2010/11/24,0,329000,-141000,188000
2010/11/25,0,45000,-13000,32000
2010/11/26,0,98000,-83000,15000
2010/11/29,0,5000,-148000,-143000
2010/11/30,0,101000,-22000,79000
2010/12/01,0,421000,-148000,273000
2010/12/02,0,749000,-328000,421000
2010/12/03,0,430000,-17000,413000
2010/12/06,0,0,-46000,-46000
2010/12/07,0,5000,-615000,-610000
2010/12/08,0,153000,-59000,94000
2010/12/09,0,445000,-27000,418000
2010/12/10,0,186000,-25000,161000
2010/12/13,0,334000,-14000,320000
2010/12/14,0,624000,-11000,613000
2010/12/15,0,517000,-436000,81000
2010/12/16,0,130000,0,130000
2010/12/17,0,240000,-59000,181000
2010/12/20,0,96000,-8000,88000
2010/12/21,0,179000,-21000,158000
2010/12/22,0,1140000,-22807,1117193
2010/12/23,0,233000,0,233000
2010/12/24,0,333000,-1000,332000
2010/12/27,0,1565000,-196000,1369000
2010/12/28,0,224000,-916000,-692000
2010/12/29,0,571000,-605000,-34000
2010/12/30,0,599000,-376000,223000
2010/12/31,0,558000,-239000,319000
2011/01/03,0,245000,-65000,180000
2011/01/04,0,411000,-27000,384000
2011/01/05,0,503000,-495000,8000
2011/01/06,0,451000,-144000,307000
2011/01/07,0,17000,-262000,-245000
2011/01/10,0,394000,-141000,253000
2011/01/11,0,696000,-101000,595000
2011/01/12,0,537000,-99000,438000
2011/01/13,0,68000,-210000,-142000
2011/01/14,0,40000,-40000,0
2011/01/17,0,257000,-37000,220000
2011/01/18,0,310000,-156000,154000
2011/01/19,0,367000,-50000,317000
2011/01/20,0,28000,0,28000
2011/01/21,0,224000,-9000,215000
2011/01/24,0,0,-190000,-190000
2011/01/25,0,58000,-34000,24000
2011/01/26,0,316000,-476000,-160000
2011/01/27,0,492000,-14000,478000
2011/01/28,0,201000,-42000,159000
2011/01/31,0,0,0,0
2011/02/01,0,0,0,0
2011/02/02,0,0,0,0
2011/02/03,0,0,0,0
2011/02/04,0,0,0,0
2011/02/07,0,0,0,0
2011/02/08,0,1308000,-566000,742000
2011/02/09,0,334000,-87000,247000
2011/02/10,0,65000,-290000,-225000
2011/02/11,0,110000,-1087000,-977000
2011/02/14,0,0,-715000,-715000
2011/02/15,0,82000,-675000,-593000
2011/02/16,0,103000,-160000,-57000
2011/02/17,0,2000,-283000,-281000
2011/02/18,0,2286000,-72000,2214000
2011/02/21,0,511000,-474000,37000
2011/02/22,0,48000,-720000,-672000
2011/02/23,0,213000,-1356000,-1143000
2011/02/24,0,13000,-102000,-89000
2011/02/25,0,116000,-217000,-101000
2011/02/28,0,0,0,0
2011/03/01,0,415000,-409000,6000
2011/03/02,0,207000,-422000,-215000
2011/03/03,0,139000,-13000,126000
2011/03/04,0,326000,-126000,200000
2011/03/07,0,288000,-205000,83000
2011/03/08,0,804000,-234000,570000
2011/03/09,0,780000,-741000,39000
2011/03/10,0,103000,-509000,-406000
2011/03/11,0,25000,-1172000,-1147000
2011/03/14,0,156000,-244000,-88000
2011/03/15,0,279000,-536000,-257000
2011/03/16,0,382000,-34000,348000
2011/03/17,0,279000,-260000,19000
2011/03/18,0,195000,-202000,-7000
2011/03/21,0,94000,-375000,-281000
2011/03/22,0,173000,-311000,-138000
2011/03/23,0,22000,-116000,-94000
2011/03/24,0,202000,-11000,191000
2011/03/25,0,185000,-80000,105000
2011/03/28,0,68000,-4000,64000
2011/03/29,0,30000,0,30000
2011/03/30,0,98000,0,98000
2011/03/31,0,202393,-129000,73393
2011/04/01,0,70000,-53000,17000
2011/04/04,0,0,0,0
2011/04/05,0,0,0,0
2011/04/06,0,533000,-930000,-397000
2011/04/07,0,275000,-107000,168000
2011/04/08,0,131000,-1000,130000
2011/04/11,0,12000,-18000,-6000
2011/04/12,0,14000,-64000,-50000
2011/04/13,0,99000,-1000,98000
2011/04/14,0,35000,-574000,-539000
2011/04/15,0,28000,-78000,-50000
2011/04/18,0,30000,-176000,-146000
2011/04/19,0,143000,-293000,-150000
2011/04/20,0,640000,-186000,454000
2011/04/21,0,919000,-113000,806000
2011/04/22,0,1487000,-4000,1483000
2011/04/25,0,186000,-89000,97000
2011/04/26,0,146000,-277000,-131000
2011/04/27,0,899000,-53000,846000
2011/04/28,0,1535000,-95000,1440000
2011/04/29,0,196000,-962000,-766000
2011/05/02,0,0,0,0
2011/05/03,0,401000,-254000,147000
2011/05/04,0,689000,-86000,603000
2011/05/05,0,359000,-1306000,-947000
2011/05/06,0,64000,-13000,51000
2011/05/09,0,520000,-51000,469000
2011/05/10,0,247000,-30000,217000
2011/05/11,0,372000,-42000,330000
2011/05/12,0,107000,-1000,106000
2011/05/13,0,63000,-30000,33000
2011/05/16,0,60000,-901000,-841000
2011/05/17,0,4000,-186000,-182000
2011/05/18,0,512000,-758000,-246000
2011/05/19,0,606000,-84000,522000
2011/05/20,0,374000,-511000,-137000
2011/05/23,0,73000,-107000,-34000
2011/05/24,0,51000,-49000,2000
2011/05/25,0,527000,-221000,306000
2011/05/26,0,261000,-995000,-734000
2011/05/27,0,89000,-29000,60000
2011/05/30,0,39000,-129000,-90000
2011/05/31,0,450000,-207000,243000
2011/06/01,0,180000,0,180000
2011/06/02,0,159000,0,159000
2011/06/03,0,162000,0,162000
2011/06/06,0,0,0,0
2011/06/07,0,563000,-84000,479000
2011/06/08,0,78000,-151000,-73000
2011/06/09,0,328000,-551930,-223930
2011/06/10,0,79000,-893000,-814000
2011/06/13,0,21000,-303000,-282000
2011/06/14,0,200000,-102000,98000
2011/06/15,0,1273000,-1030000,243000
2011/06/16,0,56000,-265000,-209000
2011/06/17,0,219000,-57000,162000
2011/06/20,0,22000,-97000,-75000
2011/06/21,0,125000,-467000,-342000
2011/06/22,0,0,-99000,-99000
2011/06/23,0,178000,-208070,-30070
2011/06/24,0,275000,-75000,200000
2011/06/27,0,134000,-64000,70000
2011/06/28,0,346000,-241000,105000
2011/06/29,0,391000,0,391000
2011/06/30,0,482000,-96000,386000
2011/07/01,0,303000,-19000,284000
2011/07/04,0,320000,-117000,203000
2011/07/05,0,107000,-212000,-105000
2011/07/06,0,157000,-566000,-409000
2011/07/07,0,195000,-190000,5000
2011/07/08,0,176000,-192000,-16000
2011/07/11,0,116000,-408000,-292000
2011/07/12,0,312000,-181000,131000
2011/07/13,0,197000,-223000,-26000
2011/07/14,0,73000,-123000,-50000
2011/07/15,0,518000,-1000,517000
2011/07/18,0,218000,-36000,182000
2011/07/19,0,87000,-152000,-65000
2011/07/20,0,163000,-38000,125000
2011/07/21,0,275000,0,275000
2011/07/22,0,267000,0,267000
2011/07/25,0,279000,-42000,237000
2011/07/26,0,135000,-29000,106000
2011/07/27,0,239000,-41000,198000
2011/07/28,0,145000,-145000,0
2011/07/29,0,139000,-48000,91000
2011/08/01,0,965000,-153000,812000
2011/08/02,0,139000,-44000,95000
2011/08/03,0,669000,-328000,341000
2011/08/04,0,7000,-425000,-418000
2011/08/05,0,11558000,-1996000,9562000
2011/08/08,0,221000,-1008055,-787055
2011/08/09,0,1316000,-624000,692000
2011/08/10,0,325000,-2493945,-2168945
2011/08/11,0,2347000,-325000,2022000
2011/08/12,0,139000,-1409000,-1270000
2011/08/15,0,1310000,-185000,1125000
2011/08/16,0,502000,-437000,65000
2011/08/17,0,366000,-415000,-49000
2011/08/18,0,127000,-1052000,-925000
2011/08/19,0,201000,-841000,-640000
2011/08/22,0,862000,-71000,791000
2011/08/23,0,743000,-452000,291000
2011/08/24,0,58000,-603000,-545000
2011/08/25,0,130000,-277000,-147000
2011/08/26,0,449000,-212000,237000
2011/08/29,0,176000,-501000,-325000
2011/08/30,0,0,-319000,-319000
2011/08/31,0,787000,-476000,311000
2011/09/01,0,1063000,-1530000,-467000
2011/09/02,0,452000,-231000,221000
2011/09/05,0,264000,-511000,-247000
2011/09/06,0,77000,-159000,-82000
2011/09/07,0,631000,-34000,597000
2011/09/08,0,50000,-266000,-216000
2011/09/09,0,67000,-99000,-32000
2011/09/12,0,0,0,0
2011/09/13,0,63000,-175000,-112000
2011/09/14,0,635000,-326000,309000
2011/09/15,0,443000,-1713000,-1270000
2011/09/16,0,261000,-1304000,-1043000
2011/09/19,0,227000,-115000,112000
2011/09/20,0,251000,-221000,30000
2011/09/21,0,144000,-280000,-136000
2011/09/22,0,256000,-551000,-295000
2011/09/23,0,800000,-517000,283000
2011/09/26,0,519000,-43000,476000
2011/09/27,0,677000,-71000,606000
2011/09/28,0,795000,-1223000,-428000
2011/09/29,0,4000,-332000,-328000
2011/09/30,0,164000,-538000,-374000
2011/10/03,0,82000,-265000,-183000
2011/10/04,0,1484000,-207000,1277000
2011/10/05,0,106000,-1085000,-979000
2011/10/06,0,356000,-123000,233000
2011/10/07,0,213000,-156000,57000
2011/10/10,0,0,0,0
2011/10/11,0,21000,-59000,-38000
2011/10/12,0,161000,-97000,64000
2011/10/13,0,138000,-127000,11000
2011/10/14,0,116000,-49000,67000
2011/10/17,0,71000,-1000,70000
2011/10/18,0,115000,-140000,-25000
2011/10/19,0,25000,-124000,-99000
2011/10/20,0,120000,-22000,98000
2011/10/21,0,33000,0,33000
2011/10/24,0,535000,-7000,528000
2011/10/25,0,10000,-51000,-41000
2011/10/26,0,410000,-65000,345000
2011/10/27,0,95000,-234000,-139000
2011/10/28,0,429000,-58000,371000
2011/10/31,0,26000,-84000,-58000
2011/11/01,0,510000,-30000,480000
2011/11/02,0,445000,-165000,280000
2011/11/03,0,0,-272000,-272000
2011/11/04,0,219000,-19000,200000
2011/11/07,0,4000,0,4000
2011/11/08,0,137000,-23000,114000
2011/11/09,0,131000,-148000,-17000
2011/11/10,0,120000,-88000,32000
2011/11/11,0,69000,-79000,-10000
2011/11/14,0,241000,-51000,190000
2011/11/15,0,487000,-26000,461000
2011/11/16,0,142000,-420000,-278000
2011/11/17,0,48000,-99000,-51000
2011/11/18,0,621000,-274000,347000
2011/11/21,0,179000,-311000,-132000
2011/11/22,0,164000,-284000,-120000
2011/11/23,0,121000,-222000,-101000
2011/11/24,0,960000,-182000,778000
2011/11/25,0,359000,-586000,-227000
2011/11/28,0,246000,-34000,212000
2011/11/29,0,462000,-17000,445000
2011/11/30,0,728000,-123000,605000
2011/12/01,0,1025000,-12000,1013000
2011/12/02,0,624000,-283000,341000
2011/12/05,0,330000,-454000,-124000
2011/12/06,0,174000,-519000,-345000
2011/12/07,0,882000,0,882000
2011/12/08,0,49000,-177000,-128000
2011/12/09,0,105000,-157000,-52000
2011/12/12,0,20000,-63000,-43000
2011/12/13,0,57000,-184000,-127000
2011/12/14,0,352000,-93000,259000
2011/12/15,0,781000,-497000,284000
2011/12/16,0,201000,-67000,134000
2011/12/19,0,136000,-1477000,-1341000
2011/12/20,0,707000,-170000,537000
2011/12/21,0,14000,-71000,-57000
2011/12/22,0,454000,-227000,227000
2011/12/23,0,137000,-199000,-62000
2011/12/26,0,52000,-35000,17000
2011/12/27,0,21000,-79000,-58000
2011/12/28,0,121000,-20000,101000
2011/12/29,0,86000,-24000,62000
2011/12/30,0,314000,-94000,220000
2012/01/02,0,204000,-564000,-360000
2012/01/03,0,117000,-101000,16000
2012/01/04,0,121000,-637000,-516000
2012/01/05,0,72000,-198000,-126000
2012/01/06,0,45000,-706000,-661000
2012/01/09,0,121000,-298000,-177000
2012/01/10,0,106000,-319000,-213000
2012/01/11,0,10000,-314000,-304000
2012/01/12,0,933000,-210000,723000
2012/01/13,0,319000,-240000,79000
2012/01/16,0,361000,-1594000,-1233000
2012/01/17,0,411000,-138000,273000
2012/01/18,0,541000,-303000,238000
2012/01/19,0,0,0,0
2012/01/20,0,0,0,0
2012/01/23,0,0,0,0
2012/01/24,0,0,0,0
2012/01/25,0,0,0,0
2012/01/26,0,0,0,0
2012/01/27,0,0,0,0
2012/01/30,0,1130000,-108000,1022000
2012/01/31,0,2071000,-658000,1413000
2012/02/01,0,43000,-613000,-570000
2012/02/02,0,386000,-122000,264000
2012/02/03,0,235000,-131000,104000
2012/02/06,0,403000,-644000,-241000
2012/02/07,0,381000,-64000,317000
2012/02/08,0,327000,-12000,315000
2012/02/09,0,193000,-35000,158000
2012/02/10,0,260000,-1026000,-766000
2012/02/13,0,255000,0,255000
2012/02/14,0,43000,-146000,-103000
2012/02/15,0,2017000,-1000,2016000
2012/02/16,0,650000,-53000,597000
2012/02/17,0,905000,-120000,785000
2012/02/20,0,160000,-16000,144000
2012/02/21,0,103000,-181000,-78000
2012/02/22,0,953000,-213000,740000
2012/02/23,0,131000,-50000,81000
2012/02/24,0,72000,-61000,11000
2012/02/27,0,0,0,0
2012/02/28,0,0,0,0
2012/02/29,0,901000,-323000,578000
2012/03/01,0,71000,-360000,-289000
2012/03/02,0,329000,-132000,197000
2012/03/05,0,124000,-295000,-171000
2012/03/06,0,150000,-309000,-159000
2012/03/07,0,170000,-271000,-101000
2012/03/08,0,987000,-288000,699000
2012/03/09,0,256000,-305000,-49000
2012/03/12,0,666000,-133000,533000
2012/03/13,0,2175000,-223000,1952000
2012/03/14,0,613000,-243000,370000
2012/03/15,0,163000,-427000,-264000
2012/03/16,0,170000,-169000,1000
2012/03/19,0,110000,-150000,-40000
2012/03/20,0,159000,-164000,-5000
2012/03/21,0,81000,-539000,-458000
2012/03/22,0,495000,-45000,450000
2012/03/23,0,198000,-1117000,-919000
2012/03/26,0,141000,-527000,-386000
2012/03/27,0,79000,-88000,-9000
2012/03/28,0,403000,-137000,266000
2012/03/29,0,1171000,-368000,803000
2012/03/30,0,183000,-94000,89000
2012/04/02,0,47000,-148000,-101000
2012/04/03,0,399000,-116000,283000
2012/04/04,0,0,0,0
2012/04/05,0,360000,-142000,218000
2012/04/06,0,93000,-417000,-324000
2012/04/09,0,292000,-210000,82000
2012/04/10,0,331000,-102000,229000
2012/04/11,0,76000,-115000,-39000
2012/04/12,0,97000,-160000,-63000
2012/04/13,0,213000,-320000,-107000
2012/04/16,0,160000,-129000,31000
2012/04/17,0,96000,-197000,-101000
2012/04/18,0,189000,-348000,-159000
2012/04/19,0,282000,-31000,251000
2012/04/20,0,286000,-908753,-622753
2012/04/23,0,253000,-2231000,-1978000
2012/04/24,0,217000,-829000,-612000
2012/04/25,0,242000,-663000,-421000
2012/04/26,0,277000,-740000,-463000
2012/04/27,0,215000,-573000,-358000
2012/04/30,0,292000,-694000,-402000
2012/05/01,0,0,0,0
2012/05/02,0,846000,-3050000,-2204000
2012/05/03,0,355000,-1888000,-1533000
2012/05/04,0,181000,-154000,27000
2012/05/07,0,98000,-325000,-227000
2012/05/08,0,0,-167000,-167000
2012/05/09,0,14000,-186000,-172000
2012/05/10,0,68000,-48000,20000
2012/05/11,0,60000,-68000,-8000
2012/05/14,0,21000,-133000,-112000
2012/05/15,0,84000,-104000,-20000
2012/05/16,0,199000,-526000,-327000
2012/05/17,0,312000,-156000,156000
2012/05/18,0,92000,-330000,-238000
2012/05/21,0,84000,-91000,-7000
2012/05/22,0,142000,-176000,-34000
2012/05/23,0,133000,-257000,-124000
2012/05/24,0,125000,-127000,-2000
2012/05/25,0,1000,-85000,-84000
2012/05/28,0,115000,-127000,-12000
2012/05/29,0,178000,-119000,59000
2012/05/30,0,264000,-523000,-259000
2012/05/31,0,563000,-382000,181000
2012/06/01,0,116000,-297247,-181247
2012/06/04,0,468000,-474000,-6000
2012/06/05,0,342000,-446000,-104000
2012/06/06,0,665000,-314000,351000
2012/06/07,0,72000,-149000,-77000
2012/06/08,0,126000,-131000,-5000
2012/06/11,0,269000,-24000,245000
2012/06/12,0,90000,-59000,31000
2012/06/13,0,24000,-32000,-8000
2012/06/14,0,165000,-40000,125000
2012/06/15,0,508000,-40000,468000
2012/06/18,0,47000,-20000,27000
2012/06/19,0,28000,-43000,-15000
2012/06/20,0,368000,-171000,197000
2012/06/21,0,33000,-136000,-103000
2012/06/22,0,173000,-122000,51000
2012/06/25,0,30000,-119000,-89000
2012/06/26,0,20000,-165000,-145000
2012/06/27,0,621000,-568000,53000
2012/06/28,0,165278,-341000,-175722
2012/06/29,0,693277,-890000,-196723
2012/07/02,0,82000,-150000,-68000
2012/07/03,0,41000,-41000,0
2012/07/04,0,149000,-26000,123000
2012/07/05,0,16000,-362000,-346000
2012/07/06,0,60000,-299000,-239000
2012/07/09,0,46000,-14000,32000
2012/07/10,0,3000,-172000,-169000
2012/07/11,0,309000,-15000,294000
2012/07/12,0,162000,-189000,-27000
2012/07/13,0,93000,-3000,90000
2012/07/16,0,6000,-248000,-242000
2012/07/17,0,391000,-22000,369000
2012/07/18,0,255000,-149000,106000
2012/07/19,0,211000,-29000,182000
2012/07/20,0,256000,-49000,207000
2012/07/23,0,332000,-100000,232000
2012/07/24,0,229000,-10000,219000
2012/07/25,0,25000,-272000,-247000
2012/07/26,0,257000,-12000,245000
2012/07/27,0,258000,-113000,145000
2012/07/30,0,115000,-32000,83000
2012/07/31,0,519000,0,519000
2012/08/01,0,111000,-2000,109000
2012/08/02,0,0,0,0
2012/08/03,0,297000,0,297000
2012/08/06,0,474000,0,474000
2012/08/07,0,339000,-2000,337000
2012/08/08,0,250000,-107000,143000
2012/08/09,0,523000,0,523000
2012/08/10,0,461000,0,461000
2012/08/13,0,341000,-96000,245000
2012/08/14,0,75000,-7000,68000
2012/08/15,0,595000,-13000,582000
2012/08/16,0,327000,0,327000
2012/08/17,0,94000,0,94000
2012/08/20,0,227000,-42000,185000
2012/08/21,0,330000,0,330000
2012/08/22,0,170000,-18000,152000
2012/08/23,0,1482000,-101000,1381000
2012/08/24,0,956000,-140000,816000
2012/08/27,0,103000,-178000,-75000
2012/08/28,0,220000,-113000,107000
2012/08/29,0,395000,-24000,371000
2012/08/30,0,261000,-103000,158000
2012/08/31,0,180000,-118000,62000
2012/09/03,0,420000,-18000,402000
2012/09/04,0,154000,-92000,62000
2012/09/05,0,84000,-77000,7000
2012/09/06,0,225000,-262000,-37000
2012/09/07,0,372000,-7000,365000
2012/09/10,0,361000,-3000,358000
2012/09/11,0,384000,-243000,141000
2012/09/12,0,90000,-232000,-142000
2012/09/13,0,425000,-72000,353000
2012/09/14,0,571000,-102000,469000
2012/09/17,0,797000,-126000,671000
2012/09/18,0,440000,-54000,386000
2012/09/19,0,777000,-77000,700000
2012/09/20,0,1112000,-39000,1073000
2012/09/21,0,765000,-39000,726000
2012/09/24,0,376000,-49000,327000
2012/09/25,0,466000,0,466000
2012/09/26,0,198000,-370000,-172000
2012/09/27,0,108000,-12000,96000
2012/09/28,0,77000,-115000,-38000
2012/10/01,0,740000,-114000,626000
2012/10/02,0,62000,-131000,-69000
2012/10/03,0,18000,-150000,-132000
2012/10/04,0,333000,-74000,259000
2012/10/05,0,140000,0,140000
2012/10/08,0,215000,-115000,100000
2012/10/09,0,266000,-49000,217000
2012/10/10,0,0,0,0
2012/10/11,0,250000,-290000,-40000
2012/10/12,0,168000,-719000,-551000
2012/10/15,0,467000,-22000,445000
2012/10/16,0,19000,-33000,-14000
2012/10/17,0,86000,-168000,-82000
2012/10/18,0,215000,-23000,192000
2012/10/19,0,204000,-71000,133000
2012/10/22,0,239000,-88000,151000
2012/10/23,0,136000,-207000,-71000
2012/10/24,0,120000,-298000,-178000
2012/10/25,0,138000,-564000,-426000
2012/10/26,0,596000,-376000,220000
2012/10/29,0,229000,-130000,99000
2012/10/30,0,178000,-28000,150000
2012/10/31,0,22000,-45000,-23000
2012/11/01,0,27000,-249000,-222000
2012/11/02,0,192000,-37000,155000
2012/11/05,0,161000,-14000,147000
2012/11/06,0,430000,-9000,421000
2012/11/07,0,410000,-130000,280000
2012/11/08,0,323000,-84000,239000
2012/11/09,0,173000,-286000,-113000
2012/11/12,0,443000,-2000,441000
2012/11/13,0,154000,-242000,-88000
2012/11/14,0,18000,-54000,-36000
2012/11/15,0,21000,-107000,-86000
2012/11/16,0,2000,-100000,-98000
2012/11/19,0,138000,0,138000
2012/11/20,0,85000,-126000,-41000
2012/11/21,0,170000,-435000,-265000
2012/11/22,0,50000,-12000,38000
2012/11/23,0,486000,0,486000
2012/11/26,0,370000,0,370000
2012/11/27,0,310000,-3000,307000
2012/11/28,0,325000,0,325000
2012/11/29,0,886000,-193000,693000
2012/11/30,0,213000,-31000,182000
2012/12/03,0,1408000,0,1408000
2012/12/04,0,511000,-3000,508000
2012/12/05,0,212000,-142000,70000
2012/12/06,0,422000,-1000,421000
2012/12/07,0,820000,-15000,805000
2012/12/10,0,9000,-2000,7000
2012/12/11,0,212000,-10000,202000
2012/12/12,0,356000,-4000,352000
2012/12/13,0,200000,-34000,166000
2012/12/14,0,228000,-37006,190994
2012/12/17,0,84000,-16000,68000
2012/12/18,0,119000,-11000,108000
2012/12/19,0,143000,-52000,91000
2012/12/20,0,53000,-157000,-104000
2012/12/21,0,182000,-95000,87000
2012/12/24,0,23000,-46000,-23000
2012/12/25,0,472000,-88000,384000
2012/12/26,0,214000,-25000,189000
2012/12/27,0,111000,-102000,9000
2012/12/28,0,252000,-1000,251000
2012/12/31,0,0,0,0
2013/01/01,0,0,0,0
2013/01/02,0,254000,-58000,196000
2013/01/03,0,1319000,-61000,1258000
2013/01/04,0,1118000,-699000,419000
2013/01/07,0,322000,-534000,-212000
2013/01/08,0,224000,-188000,36000
2013/01/09,0,37000,-194000,-157000
2013/01/10,0,2154000,-435000,1719000
2013/01/11,0,494000,-179000,315000
2013/01/14,0,1208000,-378000,830000
2013/01/15,0,708000,-2694000,-1986000
2013/01/16,0,901000,-318000,583000
2013/01/17,0,1197000,-78000,1119000
2013/01/18,0,1137000,-384000,753000
2013/01/21,0,1239000,-250000,989000
2013/01/22,0,1820000,-56000,1764000
2013/01/23,0,1267000,-141000,1126000
2013/01/24,0,1414000,-89000,1325000
2013/01/25,0,1465000,-141000,1324000
2013/01/28,0,950000,-198000,752000
2013/01/29,0,1424000,-754000,670000
2013/01/30,0,1184000,-588000,596000
2013/01/31,0,2109000,-465038,1643962
2013/02/01,0,659000,-65000,594000
2013/02/04,0,1104000,-70000,1034000
2013/02/05,0,2176000,-318000,1858000
2013/02/06,0,539000,-912000,-373000
2013/02/07,0,0,0,0
2013/02/08,0,0,0,0
2013/02/11,0,0,0,0
2013/02/12,0,0,0,0
2013/02/13,0,0,0,0
2013/02/14,0,0,0,0
2013/02/15,0,0,0,0
2013/02/18,0,1486000,-2263000,-777000
2013/02/19,0,2744000,-621838,2122162
2013/02/20,0,1277000,-942000,335000
2013/02/21,0,520000,-522000,-2000
2013/02/22,0,1565000,-206000,1359000
2013/02/25,0,131000,-608000,-477000
2013/02/26,0,580000,-181000,399000
2013/02/27,0,302000,-347812,-45812
2013/02/28,0,0,0,0
2013/03/01,0,874000,-161000,713000
2013/03/04,0,277000,-1440000,-1163000
2013/03/05,0,1432000,-455000,977000
2013/03/06,0,344000,-689000,-345000
2013/03/07,0,196000,-404000,-208000
2013/03/08,0,511000,-191000,320000
2013/03/11,0,366000,-834000,-468000
2013/03/12,0,643000,-2065694,-1422694
2013/03/13,0,673000,-253000,420000
2013/03/14,0,389000,-198928,190072
2013/03/15,0,1394000,-649000,745000
2013/03/18,0,446000,-357000,89000
2013/03/19,0,1518000,-583000,935000
2013/03/20,0,685000,-553000,132000
2013/03/21,0,399000,-358000,41000
2013/03/22,0,579000,-233000,346000
2013/03/25,0,433000,-290000,143000
2013/03/26,0,647000,-74000,573000
2013/03/27,0,185000,-181000,4000
2013/03/28,0,2121387,-417000,1704387
2013/03/29,0,101000,-154000,-53000
2013/04/01,0,256000,-66000,190000
2013/04/02,0,908000,-168000,740000
2013/04/03,0,924000,-11000,913000
2013/04/04,0,0,0,0
2013/04/05,0,0,0,0
2013/04/08,0,625000,-164000,461000
2013/04/09,0,716000,-730854,-14854
2013/04/10,0,335745,-372000,-36255
2013/04/11,0,2585000,-212000,2373000
2013/04/12,0,908000,-630000,278000
2013/04/15,0,233000,-330000,-97000
2013/04/16,0,73000,-154000,-81000
2013/04/17,0,671000,-565000,106000
2013/04/18,0,653000,-143000,510000
2013/04/19,0,500000,-199000,301000
2013/04/22,0,282000,-40000,242000
2013/04/23,0,317000,-36000,281000
2013/04/24,0,879500,-78000,801500
2013/04/25,0,434000,-230000,204000
2013/04/26,0,250000,-92000,158000
2013/04/29,0,290000,-96000,194000
2013/04/30,0,876000,-35000,841000
2013/05/01,0,0,0,0
2013/05/02,0,247000,-654000,-407000
2013/05/03,0,581000,-280000,301000
2013/05/06,0,615000,-69000,546000
2013/05/07,0,567000,-484000,83000
2013/05/08,0,652000,-413000,239000
2013/05/09,0,1103000,-243000,860000
2013/05/10,0,423000,-636000,-213000
2013/05/13,0,468000,-374000,94000
2013/05/14,0,606000,-1060000,-454000
2013/05/15,0,816000,-1685000,-869000
2013/05/16,0,1217000,-768000,449000
2013/05/17,0,752000,-170000,582000
2013/05/20,0,825000,-295000,530000
2013/05/21,0,940000,-541000,399000
2013/05/22,0,364000,-242000,122000
2013/05/23,0,600000,-595000,5000
2013/05/24,0,507000,-400000,107000
2013/05/27,0,340000,-202000,138000
2013/05/28,0,286000,-233000,53000
2013/05/29,0,347000,-207000,140000
2013/05/30,0,718000,-93000,625000
2013/05/31,0,313000,-141788,171212
2013/06/03,0,271000,-230000,41000
2013/06/04,0,1261000,-3724000,-2463000
2013/06/05,0,505000,-307000,198000
2013/06/06,0,707000,-590000,117000
2013/06/07,0,876000,-285000,591000
2013/06/10,0,112000,-111000,1000
2013/06/11,0,173000,-279000,-106000
2013/06/12,0,0,0,0
2013/06/13,0,481000,-363343,117657
2013/06/14,0,411000,-412000,-1000
2013/06/17,0,500000,-457000,43000
2013/06/18,0,1210000,-397875,812125
2013/06/19,0,390000,-93000,297000
2013/06/20,0,475000,-83000,392000
2013/06/21,0,650000,-432000,218000
2013/06/24,0,1721000,-1015482,705518
2013/06/25,0,1298000,-923000,375000
2013/06/26,0,730000,-995000,-265000
2013/06/27,0,397000,-122000,275000
2013/06/28,0,680000,-389531,290469
2013/07/01,0,1688000,-416000,1272000
2013/07/02,0,526000,-481000,45000
2013/07/03,0,400000,-1298645,-898645
2013/07/04,0,220000,-47000,173000
2013/07/05,0,161000,-58000,103000
2013/07/08,0,420000,-759064,-339064
2013/07/09,0,336000,-95000,241000
2013/07/10,0,606000,-101000,505000
2013/07/11,0,583000,-485000,98000
2013/07/12,0,362000,-229000,133000
2013/07/15,0,472000,-849641,-377641
2013/07/16,0,1030000,-372000,658000
2013/07/17,0,1334000,-85000,1249000
2013/07/18,0,341000,-1267750,-926750
2013/07/19,0,1039000,-311000,728000
2013/07/22,0,501000,-250000,251000
2013/07/23,0,1253000,-1345000,-92000
2013/07/24,0,893000,-1556298,-663298
2013/07/25,0,937000,-220000,717000
2013/07/26,0,308000,-148000,160000
2013/07/29,0,212000,-189000,23000
2013/07/30,0,1061000,-413000,648000
2013/07/31,0,468000,-378000,90000
2013/08/01,0,103000,-750000,-647000
2013/08/02,0,421000,-201000,220000
2013/08/05,0,200000,-114000,86000
2013/08/06,0,771000,-592694,178306
2013/08/07,0,1524000,-713000,811000
2013/08/08,0,487000,-538000,-51000
2013/08/09,0,594000,-762000,-168000
2013/08/12,0,614000,-354000,260000
2013/08/13,0,1467000,-411479,1055521
2013/08/14,0,1083000,-519000,564000
2013/08/15,0,208000,-407000,-199000
2013/08/16,0,519000,-391000,128000
2013/08/19,0,1028000,-878000,150000
2013/08/20,0,996000,-218000,778000
2013/08/21,0,0,0,0
2013/08/22,0,550000,-998000,-448000
2013/08/23,0,258000,-211986,46014
2013/08/26,0,150000,-36000,114000
2013/08/27,0,495000,-389000,106000
2013/08/28,0,380000,-220000,160000
2013/08/29,0,447000,-146000,301000
2013/08/30,0,1199000,-344000,855000
2013/09/02,0,93000,-32000,61000
2013/09/03,0,987000,-168000,819000
2013/09/04,0,160000,-250000,-90000
2013/09/05,0,334000,-224000,110000
2013/09/06,0,278000,-180000,98000
2013/09/09,0,344000,-288000,56000
2013/09/10,0,510000,-333000,177000
2013/09/11,0,282000,-515000,-233000
2013/09/12,0,559000,-137000,422000
2013/09/13,0,284000,-201000,83000
2013/09/16,0,128000,-125000,3000
2013/09/17,0,187000,-439773,-252773
2013/09/18,0,580678,-474000,106678
2013/09/19,0,0,0,0
2013/09/20,0,0,0,0
2013/09/23,0,302000,-803793,-501793
2013/09/24,0,198000,-54000,144000
2013/09/25,0,253000,-714000,-461000
2013/09/26,0,317000,-31000,286000
2013/09/27,0,454000,-262000,192000
2013/09/30,0,105000,-606000,-501000
2013/10/01,0,94000,-250000,-156000
2013/10/02,0,82000,-121000,-39000
2013/10/03,0,675000,-95000,580000
2013/10/04,0,2311000,-491999,1819001
2013/10/07,0,1440000,-150000,1290000
2013/10/08,0,365000,-87000,278000
2013/10/09,0,1192000,-107000,1085000
2013/10/10,0,0,0,0
2013/10/11,0,214000,-180847,33153
2013/10/14,0,330000,-161000,169000
2013/10/15,0,343000,-1000,342000
2013/10/16,0,990000,-24000,966000
2013/10/17,0,445000,-14000,431000
2013/10/18,0,399000,-6000,393000
2013/10/21,0,596000,-302004,293996
2013/10/22,0,498000,-317000,181000
2013/10/23,0,964000,-194000,770000
2013/10/24,0,1085000,-442000,643000
2013/10/25,0,1713000,-613000,1100000
2013/10/28,0,323000,-318000,5000
2013/10/29,0,364000,-311000,53000
2013/10/30,0,355000,-730000,-375000
2013/10/31,0,340000,-269000,71000
2013/11/01,0,504000,-804000,-300000
2013/11/04,0,292000,-1184000,-892000
2013/11/05,0,209000,-659000,-450000
2013/11/06,0,298000,-306915,-8915
2013/11/07,0,184916,-197000,-12084
2013/11/08,0,470269,-206000,264269
2013/11/11,0,516501,-434000,82501
2013/11/12,0,771000,-131000,640000
2013/11/13,0,365000,-108000,257000
2013/11/14,0,793000,-29000,764000
2013/11/15,0,107000,-67000,40000
2013/11/18,0,179000,-33000,146000
2013/11/19,0,38000,-367997,-329997
2013/11/20,0,70000,-35000,35000
2013/11/21,0,11000,-97000,-86000
2013/11/22,0,359758,-26000,333758
2013/11/25,0,0,-3000,-3000
2013/11/26,0,93000,-323000,-230000
2013/11/27,0,223000,-179000,44000
2013/11/28,0,612000,-24000,588000
2013/11/29,0,78000,-279000,-201000
2013/12/02,0,392000,-235000,157000
2013/12/03,0,35000,-209000,-174000
2013/12/04,0,218188,-431000,-212812
2013/12/05,0,574000,-339000,235000
2013/12/06,0,353000,-964153,-611153
2013/12/09,0,206000,-45000,161000
2013/12/10,0,186000,-311000,-125000
2013/12/11,0,1916000,-572000,1344000
2013/12/12,0,895000,-701000,194000
2013/12/13,0,140000,-265000,-125000
2013/12/16,0,83000,-305000,-222000
2013/12/17,0,53000,-247000,-194000
2013/12/18,0,837000,-245000,592000
2013/12/19,0,2059000,-136000,1923000
2013/12/20,0,1206000,-2077000,-871000
2013/12/23,0,1416000,-33000,1383000
2013/12/24,0,814000,-309000,505000
2013/12/25,0,139000,-133000,6000
2013/12/26,0,178000,-55000,123000
2013/12/27,0,589000,-47000,542000
2013/12/30,0,1934000,-54000,1880000
2013/12/31,0,677000,-112000,565000
2014/01/02,0,2327000,-1063000,1264000
2014/01/03,0,1070000,-1374000,-304000
2014/01/06,0,1619000,-801000,818000
2014/01/07,0,1459000,-61000,1398000
2014/01/08,0,954000,-194000,760000
2014/01/09,0,1321000,-118000,1203000
2014/01/10,0,736000,-140000,596000
2014/01/13,0,653000,-280000,373000
2014/01/14,0,911000,-393000,518000
2014/01/15,0,1524000,-440000,1084000
2014/01/16,0,2033000,-459000,1574000
2014/01/17,0,526000,-546000,-20000
2014/01/20,0,1136000,-527000,609000
2014/01/21,0,2270000,-488000,1782000
2014/01/22,0,670000,-551000,119000
2014/01/23,0,901000,-263000,638000
2014/01/24,0,188000,-203000,-15000
2014/01/27,0,1517000,-305000,1212000
2014/02/05,0,3810000,-1383000,2427000
2014/02/06,0,321000,-832000,-511000
2014/02/07,0,2294000,-526000,1768000
2014/02/10,0,118000,-305000,-187000
2014/02/11,0,168000,-335000,-167000
2014/02/12,0,422000,-321000,101000
2014/02/13,0,1206000,-305000,901000
2014/02/14,0,620000,-279000,341000
2014/02/17,0,611000,-122000,489000
2014/02/18,0,315000,-62000,253000
2014/02/19,0,452000,-171000,281000
2014/02/20,0,372000,-340000,32000
2014/02/21,0,126000,-211000,-85000
2014/02/24,0,329000,-1007830,-678830
2014/02/25,0,337451,-215000,122451
2014/02/26,0,339000,-476000,-137000
2014/02/27,0,426000,-194000,232000
2014/03/03,0,535407,-337000,198407
2014/03/04,0,1255000,-251000,1004000
2014/03/05,0,1368000,-780128,587872
2014/03/06,0,795950,-273000,522950
2014/03/07,0,1177000,-355000,822000
2014/03/10,0,991000,-383000,608000
2014/03/11,0,1022000,-397414,624586
2014/03/12,0,2046000,-1061000,985000
2014/03/13,0,587000,-127000,460000
2014/03/14,0,413000,-536000,-123000
2014/03/17,0,222000,-273000,-51000
2014/03/18,0,1058000,-699476,358524
2014/03/19,0,123000,-347000,-224000
2014/03/20,0,317000,-775356,-458356
2014/03/21,0,201000,-301000,-100000
2014/03/24,0,514000,-182000,332000
2014/03/25,0,494000,-473000,21000
2014/03/26,0,384000,-358761,25239
2014/03/27,0,227000,-395000,-168000
2014/03/28,0,386000,-327000,59000
2014/03/31,0,588000,-345000,243000
2014/04/01,0,455990,-237000,218990
2014/04/02,0,310000,-144761,165239
2014/04/03,0,388000,-756791,-368791
2014/04/07,0,144000,-69000,75000
2014/04/08,0,223000,-1407000,-1184000
2014/04/09,0,263000,-829000,-566000
2014/04/10,0,304000,-61000,243000
2014/04/11,0,239000,-275000,-36000
2014/04/14,0,190000,-162000,28000
2014/04/15,0,195000,-86000,109000
2014/04/16,0,542000,-336000,206000
2014/04/17,0,712000,-73000,639000
2014/04/18,0,236000,-16000,220000
2014/04/21,0,288000,-31000,257000
2014/04/22,0,155000,-153000,2000
2014/04/23,0,306000,-257390,48610
2014/04/24,0,419000,-123281,295719
2014/04/25,0,365476,-236000,129476
2014/04/28,0,513000,-150000,363000
2014/04/29,0,348000,-100000,248000
2014/04/30,0,290000,-221000,69000
2014/05/02,0,1036000,-82000,954000
2014/05/05,0,952000,-148000,804000
2014/05/06,0,941000,-60000,881000
2014/05/07,0,1503000,-1165000,338000
2014/05/08,0,1293000,-727443,565557
2014/05/09,0,544000,-310000,234000
2014/05/12,0,1436000,-524000,912000
2014/05/13,0,616000,-399000,217000
2014/05/14,0,651000,-470000,181000
2014/05/15,0,536000,-518000,18000
2014/05/16,0,141000,-616762,-475762
2014/05/19,0,748000,-48000,700000
2014/05/20,0,393638,-351000,42638
2014/05/21,0,196000,-473841,-277841
2014/05/22,0,278000,-576252,-298252
2014/05/23,0,173000,-144000,29000
2014/05/26,0,203000,-5000,198000
2014/05/27,0,232000,0,232000
2014/05/28,0,614000,-436877,177123
2014/05/29,0,456000,-14000,442000
2014/05/30,0,567000,-756000,-189000
2014/06/03,0,200000,-158000,42000
2014/06/04,0,281000,-102000,179000
2014/06/05,0,587000,-121000,466000
2014/06/06,0,850000,-87000,763000
2014/06/09,0,1280000,-373000,907000
2014/06/10,0,1334340,-13000,1321340
2014/06/11,0,1145100,-132000,1013100
2014/06/12,0,593000,-100000,493000
2014/06/13,0,739000,-106000,633000
2014/06/16,0,616000,-188000,428000
2014/06/17,0,870000,-177000,693000
2014/06/18,0,816000,-671000,145000
2014/06/19,0,485000,-143000,342000
2014/06/20,0,95000,-174981,-79981
2014/06/23,0,484000,-130000,354000
2014/06/24,0,777000,-444000,333000
2014/06/25,0,316000,-544126,-228126
2014/06/26,0,373000,-390000,-17000
2014/06/27,0,196000,-98000,98000
2014/06/30,0,247000,-56000,191000
2014/07/01,0,163000,-330000,-167000
2014/07/02,0,772003,-658000,114003
2014/07/03,0,3401000,-563000,2838000
2014/07/04,0,195000,-67000,128000
2014/07/07,0,303000,-215000,88000
2014/07/08,0,460000,-683000,-223000
2014/07/09,0,404000,-468000,-64000
2014/07/10,0,1536000,-400000,1136000
2014/07/11,0,3551000,-1458748,2092252
2014/07/14,0,3005000,-203000,2802000
2014/07/15,0,1615000,-560000,1055000
2014/07/16,0,865000,-685000,180000
2014/07/17,0,4152000,-162000,3990000
2014/07/18,0,3754819,-321000,3433819
2014/07/21,0,1925000,-477427,1447573
2014/07/22,0,1867000,-170000,1697000
2014/07/23,0,0,0,0
2014/07/24,0,3454100,-42000,3412100
2014/07/25,0,4261000,-147000,4114000
2014/07/28,0,2040160,-381000,1659160
2014/07/29,0,2178000,-558000,1620000
2014/07/30,0,3056000,-116000,2940000
2014/07/31,0,2197000,-324000,1873000
2014/08/01,0,2611000,-1117000,1494000
2014/08/04,0,671000,-209000,462000
2014/08/05,0,1532000,-445000,1087000
2014/08/06,0,1455000,-686000,769000
2014/08/07,0,1289000,-318000,971000
2014/08/08,0,1243000,-431000,812000
2014/08/11,0,776000,-349000,427000
2014/08/12,0,1211000,-492000,719000
2014/08/13,0,2045000,-387000,1658000
2014/08/14,0,2084000,-1054000,1030000
2014/08/15,0,4968000,-516000,4452000
2014/08/18,0,1230000,-1250000,-20000
2014/08/19,0,1074000,-495000,579000
2014/08/20,0,1357000,-533000,824000
2014/08/21,0,2022000,-492000,1530000
2014/08/22,0,2853000,-533000,2320000
2014/08/25,0,714000,-183000,531000
2014/08/26,0,1633000,-607000,1026000
2014/08/27,0,3010000,-597000,2413000
2014/08/28,0,2175000,-148000,2027000
2014/08/29,0,909000,-182000,727000
2014/09/01,0,181000,-67000,114000
2014/09/02,0,978000,-80000,898000
2014/09/03,0,1550000,-1373845,176155
2014/09/04,0,1147000,-1479000,-332000
2014/09/05,0,1470000,-878140,591860
2014/09/09,0,1491699,-484699,1007000
2014/09/10,0,1953000,-522000,1431000
2014/09/11,0,628000,-625930,2070
2014/09/12,0,2188000,-223000,1965000
2014/09/15,0,2324000,-780000,1544000
2014/09/16,0,1192000,-480000,712000
2014/09/17,0,1810000,-735000,1075000
2014/09/18,0,1119230,-374000,745230
2014/09/19,0,2334053,-383000,1951053
2014/09/22,0,674000,-302881,371119
2014/09/23,0,512000,-71000,441000
2014/09/24,0,1586000,-42000,1544000
2014/09/25,0,1274102,-387000,887102
2014/09/26,0,1219000,-71000,1148000
2014/09/29,0,541000,-290753,250247
2014/09/30,0,1745000,-446000,1299000
2014/10/01,0,1131000,-544653,586347
2014/10/02,0,716000,-683179,32821
2014/10/03,0,3314000,-501000,2813000
2014/10/06,0,919000,-91000,828000
2014/10/07,0,1594000,-901000,693000
2014/10/08,0,1682000,-881165,800835
2014/10/09,0,152000,-516000,-364000
2014/10/13,0,2458000,-1118000,1340000
2014/10/14,0,645570,-884970,-239400
2014/10/15,0,1088000,-1172000,-84000
2014/10/16,0,2670000,-1304212,1365788
2014/10/17,0,3857000,-3334000,523000
2014/10/20,0,1685000,-1636946,48054
2014/10/21,0,1864000,-1318919,545081
2014/10/22,0,883000,-664000,219000
2014/10/23,0,944000,-721000,223000
2014/10/24,0,3096000,-1700693,1395307
2014/10/27,0,1021000,-656000,365000
2014/10/28,0,972000,-599000,373000
2014/10/29,0,1537000,-570000,967000
2014/10/30,0,2585284,-1307912,1277372
2014/10/31,0,1652000,-1486000,166000
2014/11/03,0,630000,-566000,64000
2014/11/04,0,982000,-427000,555000
2014/11/05,0,1051118,-237101,814017
2014/11/06,0,995117,-219000,776117
2014/11/07,0,1568000,-173720,1394280
2014/11/10,0,1521228,-120672,1400556
2014/11/11,0,1298000,-71000,1227000
2014/11/12,0,1417153,-987000,430153
2014/11/13,0,1016384,-206000,810384
2014/11/14,0,1008550,-155000,853550
2014/11/17,0,543000,-165000,378000
2014/11/18,0,1859800,-1411000,448800
2014/11/19,0,2127000,-1681000,446000
2014/11/20,0,1066000,-1403000,-337000
2014/11/21,0,1597000,-1305000,292000
2014/11/24,0,1956000,-1724000,232000
2014/11/25,0,647000,-852000,-205000
2014/11/26,0,1043000,-858000,185000
2014/11/27,0,763000,-1216000,-453000
2014/11/28,0,698000,-887104,-189104
2014/12/01,0,1430000,-1883000,-453000
2014/12/02,0,1074000,-1188000,-114000
2014/12/03,0,1087000,-834000,253000
2014/12/04,0,1399000,-126000,1273000
2014/12/05,0,985000,-109000,876000
2014/12/08,0,997000,-235531,761469
2014/12/09,0,1028000,-276000,752000
2014/12/10,0,1770000,-756000,1014000
2014/12/11,0,929000,-222000,707000
2014/12/12,0,1106000,-640223,465777
2014/12/15,0,610000,-351000,259000
2014/12/16,0,1229000,-777000,452000
2014/12/17,0,2643000,-2549160,93840
2014/12/18,0,1554000,-1170000,384000
2014/12/19,0,884000,-1097306,-213306
2014/12/22,0,649000,-178000,471000
2014/12/23,0,271000,-181000,90000
2014/12/24,0,662000,-97000,565000
2014/12/25,0,187000,-27000,160000
2014/12/26,0,375000,-49000,326000
2014/12/29,0,809000,-194000,615000
2014/12/30,0,635000,-148000,487000
2014/12/31,0,843000,-778000,65000
2015/01/01,0,0,0,0
2015/01/02,0,0,0,0
2015/01/05,0,678000,-800000,-122000
2015/01/06,0,923000,-857662,65338
2015/01/07,0,1214000,-1406000,-192000
2015/01/08,0,962000,-438054,523946
2015/01/09,0,566000,-170474,395526
2015/01/12,0,817000,-207670,609330
2015/01/13,0,2166000,-400000,1766000
2015/01/14,0,1746000,-948216,797784
2015/01/15,0,1225000,-646000,579000
2015/01/16,0,1564000,-1196530,367470
2015/01/19,0,878000,-318000,560000
2015/01/20,0,722000,-259000,463000
2015/01/21,0,1034000,-650141,383859
2015/01/22,0,2250000,-559214,1690786
2015/01/23,0,2707000,-626000,2081000
2015/01/26,0,1162000,-272000,890000
2015/01/27,0,825000,-363160,461840
2015/01/28,0,712000,-153000,559000
2015/01/29,0,1921000,-2518673,-597673
2015/01/30,0,724000,-582000,142000
2015/02/02,0,2388000,-1679625,708375
2015/02/03,0,2552000,-324000,2228000
2015/02/04,0,4355000,-3128014,1226986
2015/02/05,0,1390000,-834000,556000
2015/02/06,0,797000,-684000,113000
2015/02/09,0,658000,-1050000,-392000
2015/02/10,0,1304000,-1553000,-249000
2015/02/11,0,908837,-700000,208837
2015/02/12,0,1367000,-1618000,-251000
2015/02/13,0,1490000,-687399,802601
2015/02/16,0,0,0,0
2015/02/17,0,0,0,0
2015/02/18,0,0,0,0
2015/02/19,0,0,0,0
2015/02/20,0,0,0,0
2015/02/23,0,0,0,0
2015/02/24,0,1853671,-1247403,606268
2015/02/25,0,1234000,-413000,821000
2015/02/26,0,943000,-606000,337000
2015/02/27,0,0,0,0
2015/03/02,0,1503000,-2002000,-499000
2015/03/03,0,2189000,-1972000,217000
2015/03/04,0,2005000,-1216590,788410
2015/03/05,0,1469000,-768000,701000
2015/03/06,0,1293000,-1214000,79000
2015/03/09,0,3026000,-3263000,-237000
2015/03/10,0,2322000,-3386000,-1064000
2015/03/11,0,2001000,-2482598,-481598
2015/03/12,0,1444598,-890000,554598
2015/03/13,0,1271000,-1843000,-572000
2015/03/16,0,1374000,-2225230,-851230
2015/03/17,0,2101000,-2879786,-778786
2015/03/18,0,1340690,-1776000,-435310
2015/03/19,0,231000,-885000,-654000
2015/03/20,0,1188000,-2305000,-1117000
2015/03/23,0,480000,-930000,-450000
2015/03/24,0,555000,-1112000,-557000
2015/03/25,0,620000,-819000,-199000
2015/03/26,0,1360000,-1920202,-560202
2015/03/27,0,741000,-3312000,-2571000
2015/03/30,0,1180000,-1128000,52000
2015/03/31,0,747000,-1625000,-878000
2015/04/01,0,303000,-1091000,-788000
2015/04/02,0,385406,-2060000,-1674594
2015/04/03,0,0,0,0
2015/04/06,0,0,0,0
2015/04/07,0,466000,-1281101,-815101
2015/04/08,0,786000,-2166406,-1380406
2015/04/09,0,841000,-1481000,-640000
2015/04/10,0,783000,-1661315,-878315
2015/04/13,0,1730000,-1814000,-84000
2015/04/14,0,2054000,-1327000,727000
2015/04/15,0,2933000,-2077000,856000
2015/04/16,0,962000,-2104920,-1142920
2015/04/17,0,4272000,-1830000,2442000
2015/04/20,0,962000,-1478467,-516467
2015/04/21,0,450000,-336000,114000
2015/04/22,0,434000,-368000,66000
2015/04/23,0,1591000,-1212000,379000
2015/04/24,0,593000,-1045128,-452128
2015/04/27,0,718000,-296000,422000
2015/04/28,0,2928000,-879644,2048356
2015/04/29,0,2967000,-726543,2240457
2015/04/30,0,1848000,-1534690,313310
2015/05/01,0,0,0,0
2015/05/04,0,753000,-672000,81000
2015/05/05,0,756000,-417000,339000
2015/05/06,0,1913000,-1139000,774000
2015/05/07,0,1044000,-536000,508000
2015/05/08,0,456000,-629000,-173000
2015/05/11,0,394000,-376000,18000
2015/05/12,0,550000,-1284000,-734000
2015/05/13,0,278000,-1745000,-1467000
2015/05/14,0,673000,-577969,95031
2015/05/15,0,143000,-405972,-262972
2015/05/18,0,477000,-310000,167000
2015/05/19,0,509000,-532000,-23000
2015/05/20,0,174000,-507000,-333000
2015/05/21,0,652000,-1468159,-816159
2015/05/22,0,172000,-291000,-119000
2015/05/25,0,206000,-349000,-143000
2015/05/26,0,359000,-337000,22000
2015/05/27,0,682000,-284000,398000
2015/05/28,0,330000,-205000,125000
2015/05/29,0,544000,-392000,152000
2015/06/01,0,161000,-506000,-345000
2015/06/02,0,230000,-1362000,-1132000
2015/06/03,0,302000,-678000,-376000
2015/06/04,0,599000,-597000,2000
2015/06/05,0,639000,-650000,-11000
2015/06/08,0,267000,-799000,-532000
2015/06/09,0,386000,-990000,-604000
2015/06/10,0,414000,-485000,-71000
2015/06/11,0,632000,-608886,23114
2015/06/12,0,339000,-335000,4000
2015/06/15,0,395000,-616000,-221000
2015/06/16,0,564000,-837000,-273000
2015/06/17,0,628000,-1988738,-1360738
2015/06/18,0,585000,-585000,0
2015/06/19,0,0,0,0
2015/06/22,0,669137,-631000,38137
2015/06/23,0,511000,-415086,95914
2015/06/24,0,616148,-541000,75148
2015/06/25,0,639000,-454000,185000
2015/06/26,0,620000,-311000,309000
2015/06/29,0,613000,-800657,-187657
2015/06/30,0,452000,-520000,-68000
2015/07/01,0,323000,-309000,14000
2015/07/02,0,770000,-1100511,-330511
2015/07/03,0,362000,-510000,-148000
2015/07/06,0,133000,-616255,-483255
2015/07/07,0,135000,-224000,-89000
2015/07/08,0,197000,-460000,-263000
2015/07/09,0,538000,-296914,241086
2015/07/10,0,0,0,0
2015/07/13,0,85000,-258000,-173000
2015/07/14,0,392000,-443000,-51000
2015/07/15,0,278000,-496000,-218000
2015/07/16,0,379000,-306594,72406
2015/07/17,0,305000,-367000,-62000
2015/07/20,0,226000,-315000,-89000
2015/07/21,0,452000,-180000,272000
2015/07/22,0,513000,-632000,-119000
2015/07/23,0,953000,-803000,150000
2015/07/24,0,167000,-246000,-79000
2015/07/27,0,487000,-675000,-188000
2015/07/28,0,657000,-2467000,-1810000
2015/07/29,0,401000,-383043,17957
2015/07/30,0,524000,-728000,-204000
2015/07/31,0,1877000,-1829000,48000
2015/08/03,0,148000,-959000,-811000
2015/08/04,0,545000,-608000,-63000
2015/08/05,0,204000,-615000,-411000
2015/08/06,0,374000,-2135000,-1761000
2015/08/07,0,687000,-1832000,-1145000
2015/08/10,0,195000,-402000,-207000
2015/08/11,0,321000,-526000,-205000
2015/08/12,0,404000,-618000,-214000
2015/08/13,0,547000,-747000,-200000
2015/08/14,0,321000,-366000,-45000
2015/08/17,0,546000,-923000,-377000
2015/08/18,0,555200,-1041000,-485800
2015/08/19,0,1378000,-2255000,-877000
2015/08/20,0,361000,-689000,-328000
2015/08/21,0,417000,-998000,-581000
2015/08/24,0,897000,-1323000,-426000
2015/08/25,0,1947000,-1745000,202000
2015/08/26,0,600000,-4475800,-3875800
2015/08/27,0,1679000,-2410000,-731000
2015/08/28,0,1818000,-1869000,-51000
2015/08/31,0,922000,-1943000,-1021000
2015/09/01,0,1425000,-445000,980000
2015/09/02,0,969000,-1526000,-557000
2015/09/03,0,1018000,-4845000,-3827000
2015/09/04,0,1324000,-1794000,-470000
2015/09/07,0,1167000,-1792000,-625000
2015/09/08,0,1043000,-628000,415000
2015/09/09,0,1080907,-2165000,-1084093
2015/09/10,0,979000,-1332000,-353000
2015/09/11,0,1086000,-1980000,-894000
2015/09/14,0,2973000,-3079302,-106302
2015/09/15,0,1602000,-592000,1010000
2015/09/16,0,408000,-1225000,-817000
2015/09/17,0,826000,-475000,351000
2015/09/18,0,893000,-701883,191117
2015/09/21,0,346000,-799000,-453000
2015/09/22,0,216000,-337897,-121897
2015/09/23,0,246000,-1037000,-791000
2015/09/24,0,310000,-836000,-526000
2015/09/25,0,781000,-689000,92000
2015/09/28,0,0,0,0
2015/09/29,0,0,0,0
2015/09/30,0,424000,-663000,-239000
2015/10/01,0,1507000,-531000,976000
2015/10/02,0,1448000,-547000,901000
2015/10/05,0,811000,-1740000,-929000
2015/10/06,0,1157000,-250000,907000
2015/10/07,0,303000,-825000,-522000
2015/10/08,0,1069000,-442000,627000
2015/10/09,0,0,0,0
2015/10/12,0,1756000,-1221000,535000
2015/10/13,0,722000,-458000,264000
2015/10/14,0,925000,-438000,487000
2015/10/15,0,827000,-285000,542000
2015/10/16,0,1024000,-1614423,-590423
2015/10/19,0,1115000,-906185,208815
2015/10/20,0,1087000,-908000,179000
2015/10/21,0,783000,-624000,159000
2015/10/22,0,221000,-328000,-107000
2015/10/23,0,645000,-134000,511000
2015/10/26,0,494000,-554782,-60782
2015/10/27,0,362000,-197000,165000
2015/10/28,0,349000,-415000,-66000
2015/10/29,0,406600,-565000,-158400
2015/10/30,0,391000,-421000,-30000
2015/11/02,0,418000,-773000,-355000
2015/11/03,0,370000,-1084000,-714000
2015/11/04,0,725000,-447000,278000
2015/11/05,0,310000,-540000,-230000
2015/11/06,0,92000,-687000,-595000
2015/11/09,0,90000,-1446000,-1356000
2015/11/10,0,34000,-1026000,-992000
2015/11/11,0,29000,-1443919,-1414919
2015/11/12,0,35000,-1059000,-1024000
2015/11/13,0,174000,-2501801,-2327801
2015/11/16,0,821000,-2039201,-1218201
2015/11/17,0,388000,-1228000,-840000
2015/11/18,0,247000,-1831660,-1584660
2015/11/19,0,445000,-840000,-395000
2015/11/20,0,197000,-853000,-656000
2015/11/23,0,342000,-1031000,-689000
2015/11/24,0,3072000,-3265000,-193000
2015/11/25,0,332000,-798000,-466000
2015/11/26,0,540000,-762000,-222000
2015/11/27,0,200000,-281000,-81000
2015/11/30,0,366000,-672000,-306000
2015/12/01,0,447000,-871885,-424885
2015/12/02,0,791000,-964000,-173000
2015/12/03,0,853000,-637000,216000
2015/12/04,0,716000,-1416000,-700000
2015/12/07,0,627000,-738000,-111000
2015/12/08,0,164000,-355000,-191000
2015/12/09,0,217000,-775799,-558799
2015/12/10,0,79000,-830000,-751000
2015/12/11,0,197000,-374595,-177595
2015/12/14,0,1023000,-606000,417000
2015/12/15,0,147000,-1166000,-1019000
2015/12/16,0,400000,-648000,-248000
2015/12/17,0,622000,-365000,257000
2015/12/18,0,669000,-1093000,-424000
2015/12/21,0,238000,-661000,-423000
2015/12/22,0,149000,-456761,-307761
2015/12/23,0,133000,-713000,-580000
2015/12/24,0,255000,-205000,50000
2015/12/25,0,52000,-9000,43000
2015/12/28,0,178000,-250000,-72000
2015/12/29,0,131000,-246000,-115000
2015/12/30,0,129000,-335000,-206000
2015/12/31,0,54000,-113000,-59000
2016/01/01,0,0,0,0
2016/01/04,0,429000,-414000,15000
2016/01/05,0,122000,-457000,-335000
2016/01/06,0,205000,-324000,-119000
2016/01/07,0,692000,-365000,327000
2016/01/08,0,106000,-687000,-581000
2016/01/11,0,295000,-665000,-370000
2016/01/12,0,242000,-752000,-510000
2016/01/13,0,456000,-1041000,-585000
2016/01/14,0,444000,-741000,-297000
2016/01/15,0,172000,-706000,-534000
2016/01/18,0,286675,-208000,78675
2016/01/19,0,66000,-683293,-617293
2016/01/20,0,142000,-1042000,-900000
2016/01/21,0,227000,-1050000,-823000
2016/01/22,0,85000,-1098000,-1013000
2016/01/25,0,109000,-929000,-820000
2016/01/26,0,26000,-1116000,-1090000
2016/01/27,0,85000,-784000,-699000
2016/01/28,0,218000,-1142000,-924000
2016/01/29,0,2333000,-2651000,-318000
2016/02/01,0,655000,-1251000,-596000
2016/02/02,0,2017000,-2034000,-17000
2016/02/03,0,601000,-1522000,-921000
2016/02/04,0,0,0,0
2016/02/05,0,0,0,0
2016/02/08,0,0,0,0
2016/02/09,0,0,0,0
2016/02/10,0,0,0,0
2016/02/11,0,0,0,0
2016/02/12,0,0,0,0
2016/02/15,0,389000,-1907000,-1518000
2016/02/16,0,1212000,-2154000,-942000
2016/02/17,0,273000,-2663000,-2390000
2016/02/18,0,593007,-4345000,-3751993
2016/02/19,0,864000,-2410000,-1546000
2016/02/22,0,1262000,-1351000,-89000
2016/02/23,0,738000,-992000,-254000
2016/02/24,0,510000,-580000,-70000
2016/02/25,0,316000,-578000,-262000
2016/02/26,0,889000,-738000,151000
2016/02/29,0,0,0,0
2016/03/01,0,1248000,-795000,453000
2016/03/02,0,1271000,-1092000,179000
2016/03/03,0,1432325,-1176000,256325
2016/03/04,0,735000,-989000,-254000
2016/03/07,0,502000,-1096000,-594000
2016/03/08,0,1002000,-1055169,-53169
2016/03/09,0,508000,-992000,-484000
2016/03/10,0,402000,-371000,31000
2016/03/11,0,483000,-304000,179000
2016/03/14,0,1298000,-1253000,45000
2016/03/15,0,1073000,-830000,243000
2016/03/16,0,875000,-933000,-58000
2016/03/17,0,721993,-718000,3993
2016/03/18,0,947000,-1100000,-153000
2016/03/21,0,461000,-705000,-244000
2016/03/22,0,2374000,-2216000,158000
2016/03/23,0,492000,-342000,150000
2016/03/24,0,295000,-355000,-60000
2016/03/25,0,357000,-374899,-17899
2016/03/28,0,48000,-239000,-191000
2016/03/29,0,167000,-499000,-332000
2016/03/30,0,67000,-96000,-29000
2016/03/31,0,97000,-330000,-233000
2016/04/01,0,117000,-569000,-452000
2016/04/04,0,0,0,0
2016/04/05,0,0,0,0
2016/04/06,0,528000,-387000,141000
2016/04/07,0,540000,-659000,-119000
2016/04/08,0,135000,-220000,-85000
2016/04/11,0,161000,-195000,-34000
2016/04/12,0,786000,-445000,341000
2016/04/13,0,329000,-104000,225000
2016/04/14,0,692000,-413000,279000
2016/04/15,0,356000,-280000,76000
2016/04/18,0,397000,-635000,-238000
2016/04/19,0,85000,-157000,-72000
2016/04/20,0,279000,-649000,-370000
2016/04/21,0,82000,-167000,-85000
2016/04/22,0,474129,-238000,236129
2016/04/25,0,372000,-208000,164000
2016/04/26,0,278000,-180000,98000
2016/04/27,0,360000,-255000,105000
2016/04/28,0,911000,-1197000,-286000
2016/04/29,0,267000,-307000,-40000
2016/05/02,0,0,0,0
2016/05/03,0,402000,-484000,-82000
2016/05/04,0,611000,-660000,-49000
2016/05/05,0,868871,-1197000,-328129
2016/05/06,0,575000,-822000,-247000
2016/05/09,0,711000,-1175000,-464000
2016/05/10,0,856000,-805000,51000
2016/05/11,0,1070000,-1329986,-259986
2016/05/12,0,312589,-485000,-172411
2016/05/13,0,1887000,-1405000,482000
2016/05/16,0,1996000,-2795000,-799000
2016/05/17,0,998000,-1704000,-706000
2016/05/18,0,951000,-449000,502000
2016/05/19,0,424000,-847000,-423000
2016/05/20,0,549398,-320000,229398
2016/05/23,0,474000,-621000,-147000
2016/05/24,0,255000,-209000,46000
2016/05/25,0,1349000,-820000,529000
2016/05/26,0,569176,-437000,132176
2016/05/27,0,493000,-223000,270000
2016/05/30,0,295000,-100000,195000
2016/05/31,0,996000,-1342000,-346000
2016/06/01,0,277000,-18163000,-17886000
2016/06/02,0,401000,-240000,161000
2016/06/03,0,169000,-312000,-143000
2016/06/06,0,279000,-438000,-159000
2016/06/07,0,1163000,-355000,808000
2016/06/08,0,410000,-562000,-152000
2016/06/09,0,0,0,0
2016/06/10,0,0,0,0
2016/06/13,0,327000,-443000,-116000
2016/06/14,0,93000,-127000,-34000
2016/06/15,0,169000,-188000,-19000
2016/06/16,0,139000,-199000,-60000
2016/06/17,0,766000,-314000,452000
2016/06/20,0,219000,-173375,45625
2016/06/21,0,751000,-167000,584000
2016/06/22,0,613000,-200000,413000
2016/06/23,0,1392000,-98000,1294000
2016/06/24,0,632000,-763000,-131000
2016/06/27,0,149000,-142000,7000
2016/06/28,0,267000,-318000,-51000
2016/06/29,0,72000,-81000,-9000
2016/06/30,0,356000,-301000,55000
2016/07/01,0,332000,-108000,224000
2016/07/04,0,187000,-56000,131000
2016/07/05,0,232000,-325000,-93000
2016/07/06,0,195000,-203000,-8000
2016/07/07,0,203000,-245000,-42000
2016/07/08,0,0,0,0
2016/07/11,0,683000,-600000,83000
2016/07/12,0,702000,-359000,343000
2016/07/13,0,1333000,-658000,675000
2016/07/14,0,490000,-177000,313000
2016/07/15,0,992000,-546000,446000
2016/07/18,0,485000,-94000,391000
2016/07/19,0,1283000,-718000,565000
2016/07/20,0,1001000,-360000,641000
2016/07/21,0,408000,-115000,293000
2016/07/22,0,362000,-100000,262000
2016/07/25,0,574000,-195000,379000
2016/07/26,0,234000,-81000,153000
2016/07/27,0,350000,-129000,221000
2016/07/28,0,839000,-690000,149000
2016/07/29,0,979000,-2050000,-1071000
2016/08/01,0,506000,-191000,315000
2016/08/02,0,476000,-254000,222000
2016/08/03,0,1629000,-376000,1253000
2016/08/04,0,2027000,-353000,1674000
2016/08/05,0,2629000,-311000,2318000
2016/08/08,0,1124000,-585000,539000
2016/08/09,0,2864000,-488000,2376000
2016/08/10,0,2218000,-976000,1242000
2016/08/11,0,1395000,-915000,480000
2016/08/12,0,999000,-749031,249969
2016/08/15,0,851000,-364000,487000
2016/08/16,0,1964000,-595600,1368400
2016/08/17,0,703625,-839000,-135375
2016/08/18,0,2099000,-188000,1911000
2016/08/19,0,354000,-1484625,-1130625
2016/08/22,0,1274300,-412400,861900
2016/08/23,0,363300,-1222400,-859100
2016/08/24,0,477300,-452400,24900
2016/08/25,0,728300,-513400,214900
2016/08/26,0,888300,-108400,779900
2016/08/29,0,648300,-460400,187900
2016/08/30,0,950300,-278400,671900
2016/08/31,0,567300,-716400,-149100
2016/09/01,0,486300,-589400,-103100
2016/09/02,0,609300,-464400,144900
2016/09/05,0,482000,-54000,428000
2016/09/06,0,489000,-229000,260000
2016/09/07,0,292000,-206000,86000
2016/09/08,0,428000,-523000,-95000
2016/09/09,0,452000,-579000,-127000
2016/09/12,0,387000,-392000,-5000
2016/09/13,0,276000,-158000,118000
2016/09/14,0,430000,-166000,264000
2016/09/15,0,0,0,0
2016/09/16,0,0,0,0
2016/09/19,0,368000,-453000,-85000
2016/09/20,0,139303,-169000,-29697
2016/09/21,0,865000,-354000,511000
2016/09/22,0,434000,-515000,-81000
2016/09/23,0,278000,-386621,-108621
2016/09/26,0,126000,-241000,-115000
2016/09/27,0,0,0,0
2016/09/28,0,0,0,0
2016/09/29,0,796000,-229639,566361
2016/09/30,0,1404000,-2077000,-673000
2016/10/03,0,180000,-300000,-120000
2016/10/04,0,230000,-239000,-9000
2016/10/05,0,314000,-536000,-222000
2016/10/06,0,228000,-605000,-377000
2016/10/07,0,142000,-383000,-241000
2016/10/10,0,0,0,0
2016/10/11,0,416000,-833670,-417670
2016/10/12,0,321000,-517000,-196000
2016/10/13,0,476000,-525000,-49000
2016/10/14,0,187000,-518000,-331000
2016/10/17,0,165000,-372271,-207271
2016/10/18,0,282000,-186000,96000
2016/10/19,0,423000,-454000,-31000
2016/10/20,0,482000,-399000,83000
2016/10/21,0,2470000,-3467271,-997271
2016/10/24,0,603000,-431000,172000
2016/10/25,0,327000,-186414,140586
2016/10/26,0,159000,-125000,34000
2016/10/27,0,105000,-255000,-150000
2016/10/28,0,389000,-156000,233000
2016/10/31,0,76000,-251000,-175000
2016/11/01,0,361000,-222695,138305
2016/11/02,0,442000,-246000,196000
2016/11/03,0,607000,-779000,-172000
2016/11/04,0,149000,-337000,-188000
2016/11/07,0,113000,-427000,-314000
2016/11/08,0,622000,-355000,267000
2016/11/09,0,453000,-660000,-207000
2016/11/10,0,744000,-234000,510000
2016/11/11,0,445000,-563000,-118000
2016/11/14,0,565000,-11000,554000
2016/11/15,0,426000,-839000,-413000
2016/11/16,0,218000,-360000,-142000
2016/11/17,0,505000,-645000,-140000
2016/11/18,0,391000,-134000,257000
2016/11/21,0,570000,-342000,228000
2016/11/22,0,600000,-401000,199000
2016/11/23,0,653000,-326000,327000
2016/11/24,0,272000,-85000,187000
2016/11/25,0,228000,-181000,47000
2016/11/28,0,138000,-191476,-53476
2016/11/29,0,99000,-141000,-42000
2016/11/30,0,454000,-438000,16000
2016/12/01,0,266000,-321000,-55000
2016/12/02,0,297000,-223000,74000
2016/12/05,0,114000,-319000,-205000
2016/12/06,0,184000,-263000,-79000
2016/12/07,0,1281000,-204000,1077000
2016/12/08,0,1263000,-358000,905000
2016/12/09,0,629000,-569853,59147
2016/12/12,0,1262000,-584000,678000
2016/12/13,0,625000,-436000,189000
2016/12/14,0,480000,-323000,157000
2016/12/15,0,466000,-309000,157000
2016/12/16,0,458000,-461000,-3000
2016/12/19,0,457000,-221000,236000
2016/12/20,0,271000,-172000,99000
2016/12/21,0,173000,-128000,45000
2016/12/22,0,304000,-396000,-92000
2016/12/23,0,220000,-299000,-79000
2016/12/26,0,117000,-23000,94000
2016/12/27,0,43000,-65000,-22000
2016/12/28,0,629000,-268000,361000
2016/12/29,0,63000,-100000,-37000
2016/12/30,0,191000,-106000,85000
2017/01/02,0,0,0,0
2017/01/03,0,144000,-161000,-17000
2017/01/04,0,264000,-258000,6000
2017/01/05,0,707000,-530974,176026
2017/01/06,0,160000,-673000,-513000
2017/01/09,0,104000,-502000,-398000
2017/01/10,0,349000,-321000,28000
2017/01/11,0,128000,-147000,-19000
2017/01/12,0,231000,-131000,100000
2017/01/13,0,473000,-184000,289000
2017/01/16,0,283000,-558000,-275000
2017/01/17,0,83000,-401611,-318611
2017/01/18,0,241000,-254620,-13620
2017/01/19,0,70232,-414342,-344110
2017/01/20,0,33000,-119232,-86232
2017/01/23,0,89000,-29000,60000
2017/01/24,0,509000,-68198,440802
2017/01/25,0,0,0,0
2017/01/26,0,0,0,0
2017/01/27,0,0,0,0
2017/01/30,0,0,0,0
2017/01/31,0,0,0,0
2017/02/01,0,0,0,0
2017/02/02,0,917000,-428000,489000
2017/02/03,0,602000,-641000,-39000
2017/02/06,0,345000,-787423,-442423
2017/02/07,0,211000,-295898,-84898
2017/02/08,0,214000,-460000,-246000
2017/02/09,0,69000,-562242,-493242
2017/02/10,0,132000,-268801,-136801
2017/02/13,0,283000,-175000,108000
2017/02/14,0,304000,-487477,-183477
2017/02/15,0,579000,-6495157,-5916157
2017/02/16,0,373000,-556983,-183983
2017/02/17,0,544000,-86468,457532
2017/02/20,0,157000,-193938,-36938
2017/02/21,0,315000,-455394,-140394
2017/02/22,0,177000,-443000,-266000
2017/02/23,0,323000,-501000,-178000
2017/02/24,0,1072000,-1372641,-300641
2017/02/27,0,0,0,0
2017/02/28,0,0,0,0
2017/03/01,0,214000,-337000,-123000
2017/03/02,0,718000,-131000,587000
2017/03/03,0,916000,-897000,19000
2017/03/06,0,558000,-430698,127302
2017/03/07,0,873000,-205468,667532
2017/03/08,0,1175000,-520000,655000
2017/03/09,0,245000,-634000,-389000
2017/03/10,0,539000,-144000,395000
2017/03/13,0,1469000,-157000,1312000
2017/03/14,0,591000,-406000,185000
2017/03/15,0,394000,-298000,96000
2017/03/16,0,677000,-344000,333000
2017/03/17,0,1199000,-277000,922000
2017/03/20,0,467000,-213000,254000
2017/03/21,0,908000,-227000,681000
2017/03/22,0,457000,-496000,-39000
2017/03/23,0,214000,-242000,-28000
2017/03/24,0,239000,-205000,34000
2017/03/27,0,382000,-83000,299000
2017/03/28,0,522000,-158000,364000
2017/03/29,0,222000,-92000,130000
2017/03/30,0,95000,-93000,2000
2017/03/31,0,778000,-512000,266000
2017/04/03,0,0,0,0
2017/04/04,0,0,0,0
2017/04/05,0,722000,-576000,146000
2017/04/06,0,342000,-304000,38000
2017/04/07,0,510000,-629000,-119000
2017/04/10,0,310000,-118000,192000
2017/04/11,0,243000,-199000,44000
2017/04/12,0,283000,-186000,97000
2017/04/13,0,76000,-161000,-85000
2017/04/14,0,107000,-264000,-157000
2017/04/17,0,160000,-166000,-6000
2017/04/18,0,170000,-165000,5000
2017/04/19,0,103000,-654000,-551000
