Date,Open,Buy,Sell,Total
2007/01/02,0,532000,0,532000
2007/01/03,0,452000,-14000,438000
2007/01/04,0,26000,-268000,-242000
2007/01/05,0,0,-38000,-38000
2007/01/08,0,5000,-163000,-158000
2007/01/09,0,37000,-1000,36000
2007/01/10,0,0,-331000,-331000
2007/01/11,0,143000,0,143000
2007/01/12,0,111000,-84000,27000
2007/01/15,0,3000,-12000,-9000
2007/01/16,0,0,0,0
2007/01/17,0,40000,-249000,-209000
2007/01/18,0,7722000,-471000,7251000
2007/01/19,0,113000,-160000,-47000
2007/01/22,0,51000,-905000,-854000
2007/01/23,0,0,-6739000,-6739000
2007/01/24,0,1379000,0,1379000
2007/01/25,0,184000,-10000,174000
2007/01/26,0,147000,-165000,-18000
2007/01/29,0,746000,-67000,679000
2007/01/30,0,401000,-50000,351000
2007/01/31,0,1260000,-116000,1144000
2007/02/01,0,2616376,-88055,2528321
2007/02/02,0,480000,0,480000
2007/02/05,0,859000,-42000,817000
2007/02/06,0,5073000,-113000,4960000
2007/02/07,0,2053000,-32000,2021000
2007/02/08,0,1745000,-4000,1741000
2007/02/09,0,5168000,-69000,5099000
2007/02/12,0,47000,-107000,-60000
2007/02/13,0,332000,0,332000
2007/02/14,0,1228000,-3000,1225000
2007/02/15,0,0,0,0
2007/02/16,0,0,0,0
2007/02/19,0,0,0,0
2007/02/20,0,0,0,0
2007/02/21,0,0,0,0
2007/02/22,0,0,0,0
2007/02/23,0,0,0,0
2007/02/26,0,96000,-263000,-167000
2007/02/27,0,4221000,-356000,3865000
2007/02/28,0,0,0,0
2007/03/01,0,0,0,0
2007/03/02,0,0,0,0
2007/03/05,0,0,0,0
2007/03/06,0,0,0,0
2007/03/07,0,0,0,0
2007/03/08,0,0,0,0
2007/03/09,0,0,0,0
2007/03/12,0,0,0,0
2007/03/13,0,0,0,0
2007/03/14,0,0,0,0
2007/03/15,0,0,0,0
2007/03/16,0,0,0,0
2007/03/19,0,0,0,0
2007/03/20,0,0,0,0
2007/03/21,0,0,0,0
2007/03/22,0,0,0,0
2007/03/23,0,0,0,0
2007/03/26,0,0,0,0
2007/03/27,0,0,0,0
2007/03/28,0,0,0,0
2007/03/29,0,0,0,0
2007/03/30,0,0,0,0
2007/04/02,0,0,0,0
2007/04/03,0,0,0,0
2007/04/04,0,0,0,0
2007/04/05,0,0,0,0
2007/04/06,0,0,0,0
2007/04/09,0,0,0,0
2007/04/10,0,0,0,0
2007/04/11,0,0,0,0
2007/04/12,0,0,0,0
2007/04/13,0,0,0,0
2007/04/16,0,0,0,0
2007/04/17,0,0,0,0
2007/04/18,0,0,0,0
2007/04/19,0,0,0,0
2007/04/20,0,97000,0,97000
2007/04/23,0,7604000,-55000,7549000
2007/04/24,0,1000000,-186000,814000
2007/04/25,0,0,0,0
2007/04/26,0,668000,-34050,633950
2007/04/27,0,0,-19000,-19000
2007/04/30,0,0,-1244784,-1244784
2007/05/01,0,0,0,0
2007/05/02,0,15229,-59990,-44761
2007/05/03,0,179000,-25000,154000
2007/05/04,0,172,-7000,-6828
2007/05/07,0,87000,-36000,51000
2007/05/08,0,180000,-8000,172000
2007/05/09,0,9000,-2000,7000
2007/05/10,0,0,0,0
2007/05/11,0,0,0,0
2007/05/14,0,3000,0,3000
2007/05/15,0,10000,-17000,-7000
2007/05/16,0,320000,0,320000
2007/05/17,0,14000,-811120,-797120
2007/05/18,0,0,-239000,-239000
2007/05/21,0,0,-7000,-7000
2007/05/22,0,110000,-2909828,-2799828
2007/05/23,0,162000,0,162000
2007/05/24,0,0,-10000,-10000
2007/05/25,0,560000,-113000,447000
2007/05/28,0,2000,-39000,-37000
2007/05/29,0,0,0,0
2007/05/30,0,0,-32000,-32000
2007/05/31,0,537000,0,537000
2007/06/01,0,9000,-72000,-63000
2007/06/04,0,0,-10000,-10000
2007/06/05,0,0,-27000,-27000
2007/06/06,0,424000,-286000,138000
2007/06/07,0,380000,0,380000
2007/06/08,0,329000,0,329000
2007/06/11,0,57000,0,57000
2007/06/12,0,173000,-461000,-288000
2007/06/13,0,25000,-444000,-419000
2007/06/14,0,0,-24000,-24000
2007/06/15,0,286000,-630000,-344000
2007/06/18,0,0,0,0
2007/06/19,0,0,0,0
2007/06/20,0,226000,-2074000,-1848000
2007/06/21,0,365000,-66000,299000
2007/06/22,0,145000,0,145000
2007/06/25,0,55000,-8000,47000
2007/06/26,0,56000,-87000,-31000
2007/06/27,0,0,-1297000,-1297000
2007/06/28,0,1000,-9000,-8000
2007/06/29,0,54000,-53000,1000
2007/07/02,0,822000,-3021000,-2199000
2007/07/03,0,200000,-108000,92000
2007/07/04,0,849000,-231000,618000
2007/07/05,0,90000,-70000,20000
2007/07/06,0,371000,-84000,287000
2007/07/09,0,0,-159000,-159000
2007/07/10,0,110000,-1200000,-1090000
2007/07/11,0,887000,-666000,221000
2007/07/12,0,296000,-72000,224000
2007/07/13,0,206000,-91000,115000
2007/07/16,0,254000,-151657,102343
2007/07/17,0,645000,-40000,605000
2007/07/18,0,291000,-632000,-341000
2007/07/19,0,2826000,-980000,1846000
2007/07/20,0,3808000,-26000,3782000
2007/07/23,0,216000,-101000,115000
2007/07/24,0,2725000,0,2725000
2007/07/25,0,1050000,-480000,570000
2007/07/26,0,954000,-409000,545000
2007/07/27,0,256000,-870000,-614000
2007/07/30,0,2481000,-585000,1896000
2007/07/31,0,339000,-2486000,-2147000
2007/08/01,0,8585000,-9310000,-725000
2007/08/02,0,220000,-229000,-9000
2007/08/03,0,87000,-142000,-55000
2007/08/06,0,780000,-1053000,-273000
2007/08/07,0,153000,-1456000,-1303000
2007/08/08,0,620000,-1000,619000
2007/08/09,0,104000,-63000,41000
2007/08/10,0,215000,-77000,138000
2007/08/13,0,111000,-419000,-308000
2007/08/14,0,246000,-29000,217000
2007/08/15,0,18000,-279000,-261000
2007/08/16,0,24000,-651000,-627000
2007/08/17,0,2000,-1943000,-1941000
2007/08/20,0,627000,-2907000,-2280000
2007/08/21,0,1639000,-4078000,-2439000
2007/08/22,0,37000,-158000,-121000
2007/08/23,0,34000,-11000,23000
2007/08/24,0,204000,-2000,202000
2007/08/27,0,208000,-148000,60000
2007/08/28,0,1146000,-10000,1136000
2007/08/29,0,646000,-50000,596000
2007/08/30,0,32000,-206000,-174000
2007/08/31,0,598000,-41051,556949
2007/09/03,0,240000,-15000,225000
2007/09/04,0,24000,-267000,-243000
2007/09/05,0,0,-58000,-58000
2007/09/06,0,5000,-33000,-28000
2007/09/07,0,0,-39000,-39000
2007/09/10,0,743000,-13000,730000
2007/09/11,0,6000,-59098,-53098
2007/09/12,0,26000,-37000,-11000
2007/09/13,0,53000,-157000,-104000
2007/09/14,0,2000,-129000,-127000
2007/09/17,0,303000,-34000,269000
2007/09/18,0,0,0,0
2007/09/19,0,373000,-2000,371000
2007/09/20,0,267000,-15000,252000
2007/09/21,0,93000,0,93000
2007/09/24,0,0,0,0
2007/09/25,0,0,0,0
2007/09/26,0,416000,-501000,-85000
2007/09/27,0,363000,-33392,329608
2007/09/28,0,108000,-151000,-43000
2007/10/01,0,135000,-591000,-456000
2007/10/02,0,117000,-2062000,-1945000
2007/10/03,0,610000,-2519241,-1909241
2007/10/04,0,238000,-1048000,-810000
2007/10/05,0,201000,-9000,192000
2007/10/08,0,133000,-412000,-279000
2007/10/09,0,226000,-14000,212000
2007/10/10,0,0,0,0
2007/10/11,0,77000,-301000,-224000
2007/10/12,0,352000,-797000,-445000
2007/10/15,0,186000,-205000,-19000
2007/10/16,0,265000,-3832143,-3567143
2007/10/17,0,119000,-1679000,-1560000
2007/10/18,0,10000,-2507000,-2497000
2007/10/19,0,153000,-1913000,-1760000
2007/10/22,0,18000,-651000,-633000
2007/10/23,0,56000,-179000,-123000
2007/10/24,0,88000,-314000,-226000
2007/10/25,0,65000,-93000,-28000
2007/10/26,0,137000,-26000,111000
2007/10/29,0,185000,-140000,45000
2007/10/30,0,1599000,-29000,1570000
2007/10/31,0,1473000,-63000,1410000
2007/11/01,0,330000,-51000,279000
2007/11/02,0,637000,-47000,590000
2007/11/05,0,104000,-401000,-297000
2007/11/06,0,35000,-386000,-351000
2007/11/07,0,142000,-163000,-21000
2007/11/08,0,0,-347000,-347000
2007/11/09,0,208000,-71000,137000
2007/11/12,0,6000,-352000,-346000
2007/11/13,0,305000,-154000,151000
2007/11/14,0,1000,-46000,-45000
2007/11/15,0,50000,-48000,2000
2007/11/16,0,1000,-57000,-56000
2007/11/19,0,0,0,0
2007/11/20,0,156000,-80000,76000
2007/11/21,0,0,-317000,-317000
2007/11/22,0,100000,-114000,-14000
2007/11/23,0,551000,-140000,411000
2007/11/26,0,507000,-250000,257000
2007/11/27,0,183000,-44000,139000
2007/11/28,0,36000,-183000,-147000
2007/11/29,0,176000,0,176000
2007/11/30,0,151000,-6000,145000
2007/12/03,0,49000,-318,48682
2007/12/04,0,12000,-63000,-51000
2007/12/05,0,364000,-156000,208000
2007/12/06,0,73000,-124000,-51000
2007/12/07,0,67665,0,67665
2007/12/10,0,114000,0,114000
2007/12/11,0,66000,-66000,0
2007/12/12,0,67000,-54000,13000
2007/12/13,0,194000,-148000,46000
2007/12/14,0,33000,-381000,-348000
2007/12/17,0,13000,-251000,-238000
2007/12/18,0,54000,-393000,-339000
2007/12/19,0,254000,-132000,122000
2007/12/20,0,73000,-160000,-87000
2007/12/21,0,121000,-132000,-11000
2007/12/24,0,17000,-39000,-22000
2007/12/25,0,2000,-52000,-50000
2007/12/26,0,32000,-24000,8000
2007/12/27,0,277000,-193000,84000
2007/12/28,0,126000,-198000,-72000
2007/12/31,0,23000,-51000,-28000
2008/01/01,0,0,0,0
2008/01/02,0,40000,-214000,-174000
2008/01/03,0,75000,-9000,66000
2008/01/04,0,308000,-23000,285000
2008/01/07,0,237000,-80000,157000
2008/01/08,0,229000,-11000,218000
2008/01/09,0,413000,-48000,365000
2008/01/10,0,68000,-149000,-81000
2008/01/11,0,73000,-87000,-14000
2008/01/14,0,1242000,-65000,1177000
2008/01/15,0,1465000,-84000,1381000
2008/01/16,0,1054000,-320232,733768
2008/01/17,0,3504000,-126000,3378000
2008/01/18,0,2323447,-488000,1835447
2008/01/21,0,2560000,-397000,2163000
2008/01/22,0,168000,-148000,20000
2008/01/23,0,771000,-417000,354000
2008/01/24,0,143000,-187000,-44000
2008/01/25,0,544000,-119000,425000
2008/01/28,0,222000,-181000,41000
2008/01/29,0,80000,-54000,26000
2008/01/30,0,91000,-837000,-746000
2008/01/31,0,485000,-146000,339000
2008/02/01,0,440000,-427000,13000
2008/02/04,0,0,0,0
2008/02/05,0,0,0,0
2008/02/06,0,0,0,0
2008/02/07,0,0,0,0
2008/02/08,0,0,0,0
2008/02/11,0,0,0,0
2008/02/12,0,404000,-169000,235000
2008/02/13,0,98000,-524000,-426000
2008/02/14,0,449000,-212000,237000
2008/02/15,0,653000,-9000,644000
2008/02/18,0,375000,-13000,362000
2008/02/19,0,288000,-6000,282000
2008/02/20,0,52000,-79000,-27000
2008/02/21,0,157000,-518000,-361000
2008/02/22,0,132000,-984000,-852000
2008/02/25,0,724000,-117000,607000
2008/02/26,0,374000,-134000,240000
2008/02/27,0,76000,-29000,47000
2008/02/28,0,0,0,0
2008/02/29,0,182000,-115000,67000
2008/03/03,0,127000,-273000,-146000
2008/03/04,0,286000,-1192000,-906000
2008/03/05,0,37000,-1478000,-1441000
2008/03/06,0,607000,-1162000,-555000
2008/03/07,0,215000,-1055000,-840000
2008/03/10,0,62000,-550000,-488000
2008/03/11,0,280000,-77000,203000
2008/03/12,0,947000,-114000,833000
2008/03/13,0,545000,-1008000,-463000
2008/03/14,0,73000,-1711000,-1638000
2008/03/17,0,107000,-583000,-476000
2008/03/18,0,54000,-268000,-214000
2008/03/19,0,275000,-91000,184000
2008/03/20,0,1242000,-409000,833000
2008/03/21,0,1864000,-439000,1425000
2008/03/24,0,1126000,-75000,1051000
2008/03/25,0,1101000,-34000,1067000
2008/03/26,0,1061000,-83000,978000
2008/03/27,0,144000,-402000,-258000
2008/03/28,0,125000,-171000,-46000
2008/03/31,0,701000,-494000,207000
2008/04/01,0,5000,-518000,-513000
2008/04/02,0,559000,-258000,301000
2008/04/03,0,138000,-132000,6000
2008/04/04,0,0,0,0
2008/04/07,0,356000,-61000,295000
2008/04/08,0,60000,-356000,-296000
2008/04/09,0,165000,-117000,48000
2008/04/10,0,57000,-134000,-77000
2008/04/11,0,61000,-39000,22000
2008/04/14,0,333000,-420000,-87000
2008/04/15,0,117000,-399000,-282000
2008/04/16,0,406000,-484000,-78000
2008/04/17,0,1506000,-559000,947000
2008/04/18,0,342000,-217000,125000
2008/04/21,0,444000,-195000,249000
2008/04/22,0,143000,-120000,23000
2008/04/23,0,561000,-20000,541000
2008/04/24,0,22000,-10000,12000
2008/04/25,0,8000,0,8000
2008/04/28,0,47000,-210000,-163000
2008/04/29,0,326000,-670000,-344000
2008/04/30,0,195000,-76000,119000
2008/05/01,0,0,0,0
2008/05/02,0,87000,-512000,-425000
2008/05/05,0,107000,-166000,-59000
2008/05/06,0,266000,-1356000,-1090000
2008/05/07,0,24000,-118000,-94000
2008/05/08,0,24000,-661000,-637000
2008/05/09,0,150000,-724000,-574000
2008/05/12,0,86000,-240000,-154000
2008/05/13,0,73000,-144000,-71000
2008/05/14,0,12000,-32000,-20000
2008/05/15,0,180000,-138000,42000
2008/05/16,0,73000,-3000,70000
2008/05/19,0,177000,-105000,72000
2008/05/20,0,327000,-374000,-47000
2008/05/21,0,108000,-475000,-367000
2008/05/22,0,213000,-1394000,-1181000
2008/05/23,0,120000,-135000,-15000
2008/05/26,0,142000,-62000,80000
2008/05/27,0,131000,-1000,130000
2008/05/28,0,385000,-482000,-97000
2008/05/29,0,75000,-3000,72000
2008/05/30,0,233000,-111000,122000
2008/06/02,0,170000,-229000,-59000
2008/06/03,0,29000,-32000,-3000
2008/06/04,0,39000,-84000,-45000
2008/06/05,0,173000,-786000,-613000
2008/06/06,0,90000,-448000,-358000
2008/06/09,0,100000,-256000,-156000
2008/06/10,0,0,-682114,-682114
2008/06/11,0,170000,-185000,-15000
2008/06/12,0,51000,-299000,-248000
2008/06/13,0,172000,-304000,-132000
2008/06/16,0,0,-385000,-385000
2008/06/17,0,73000,-117000,-44000
2008/06/18,0,41000,-509000,-468000
2008/06/19,0,10000,-961000,-951000
2008/06/20,0,70000,-236000,-166000
2008/06/23,0,60000,-79000,-19000
2008/06/24,0,8000,-46000,-38000
2008/06/25,0,232000,-25000,207000
2008/06/26,0,13000,-130000,-117000
2008/06/27,0,38000,-67000,-29000
2008/06/30,0,151000,-95000,56000
2008/07/01,0,253000,-29000,224000
2008/07/02,0,23000,-854000,-831000
2008/07/03,0,2298000,-358000,1940000
2008/07/04,0,0,-135000,-135000
2008/07/07,0,321000,-94000,227000
2008/07/08,0,1341000,-440000,901000
2008/07/09,0,85000,-84000,1000
2008/07/10,0,119000,-111000,8000
2008/07/11,0,352000,-130000,222000
2008/07/14,0,101000,-38000,63000
2008/07/15,0,36000,-366000,-330000
2008/07/16,0,96000,-437000,-341000
2008/07/17,0,83000,-947000,-864000
2008/07/18,0,201000,-426535,-225535
2008/07/21,0,84000,-5000,79000
2008/07/22,0,48000,-24000,24000
2008/07/23,0,485000,-89000,396000
2008/07/24,0,57000,-34000,23000
2008/07/25,0,179000,-70000,109000
2008/07/28,0,0,0,0
2008/07/29,0,110000,-49000,61000
2008/07/30,0,119000,-493000,-374000
2008/07/31,0,124000,-537000,-413000
2008/08/01,0,197000,-180000,17000
2008/08/04,0,95000,-14000,81000
2008/08/05,0,16000,-59000,-43000
2008/08/06,0,43000,-16000,27000
2008/08/07,0,222000,-33000,189000
2008/08/08,0,203000,-81000,122000
2008/08/11,0,188000,-61000,127000
2008/08/12,0,132000,-1000,131000
2008/08/13,0,190000,-125000,65000
2008/08/14,0,658000,-50000,608000
2008/08/15,0,252000,-228000,24000
2008/08/18,0,4000,-371000,-367000
2008/08/19,0,0,-499665,-499665
2008/08/20,0,390000,-68000,322000
2008/08/21,0,432000,-331000,101000
2008/08/22,0,37000,-191000,-154000
2008/08/25,0,3000,-4000,-1000
2008/08/26,0,82000,-16000,66000
2008/08/27,0,543000,0,543000
2008/08/28,0,1459000,-6000,1453000
2008/08/29,0,307000,-53000,254000
2008/09/01,0,408000,-145000,263000
2008/09/02,0,265000,-187000,78000
2008/09/03,0,5000,-116000,-111000
2008/09/04,0,54000,-60000,-6000
2008/09/05,0,76000,-74000,2000
2008/09/08,0,13000,0,13000
2008/09/09,0,79000,0,79000
2008/09/10,0,89000,-348000,-259000
2008/09/11,0,112000,-546000,-434000
2008/09/12,0,35000,-170000,-135000
2008/09/15,0,0,-325000,-325000
2008/09/16,0,103000,-47000,56000
2008/09/17,0,353000,-396000,-43000
2008/09/18,0,351453,-69000,282453
2008/09/19,0,179000,-340000,-161000
2008/09/22,0,162000,-188000,-26000
2008/09/23,0,560000,-198000,362000
2008/09/24,0,2142000,-965000,1177000
2008/09/25,0,272000,-76000,196000
2008/09/26,0,527000,-370000,157000
2008/09/29,0,0,0,0
2008/09/30,0,855000,0,855000
2008/10/01,0,4000,-183000,-179000
2008/10/02,0,1945000,-318000,1627000
2008/10/03,0,123000,-13000,110000
2008/10/06,0,694000,-272000,422000
2008/10/07,0,63000,-90000,-27000
2008/10/08,0,2406000,-98000,2308000
2008/10/09,0,260000,-66000,194000
2008/10/10,0,0,0,0
2008/10/13,0,0,-10000,-10000
2008/10/14,0,0,-236000,-236000
2008/10/15,0,234000,0,234000
2008/10/16,0,370000,-15000,355000
2008/10/17,0,1020000,-133000,887000
2008/10/20,0,200000,-12018,187982
2008/10/21,0,1627000,-36000,1591000
2008/10/22,0,18000,-93000,-75000
2008/10/23,0,477000,-106000,371000
2008/10/24,0,19000,0,19000
2008/10/27,0,2000,-14000,-12000
2008/10/28,0,577476,-38000,539476
2008/10/29,0,424446,-79000,345446
2008/10/30,0,235000,-9000,226000
2008/10/31,0,382000,-141000,241000
2008/11/03,0,87000,-249000,-162000
2008/11/04,0,440000,-52000,388000
2008/11/05,0,286000,-170000,116000
2008/11/06,0,530000,-238000,292000
2008/11/07,0,96000,-85000,11000
2008/11/10,0,187000,-29000,158000
2008/11/11,0,62000,-24000,38000
2008/11/12,0,95000,-180000,-85000
2008/11/13,0,31000,-178000,-147000
2008/11/14,0,38000,-30000,8000
2008/11/17,0,45000,-9000,36000
2008/11/18,0,2000,-55000,-53000
2008/11/19,0,1000,-749000,-748000
2008/11/20,0,56000,-25000,31000
2008/11/21,0,116000,-1646000,-1530000
2008/11/24,0,28000,-137000,-109000
2008/11/25,0,257000,-75000,182000
2008/11/26,0,74000,-9952,64048
2008/11/27,0,411000,-536000,-125000
2008/11/28,0,22000,-1041000,-1019000
2008/12/01,0,356000,-1611000,-1255000
2008/12/02,0,81000,-1251000,-1170000
2008/12/03,0,49000,-87532,-38532
2008/12/04,0,64000,-327000,-263000
2008/12/05,0,29000,-58000,-29000
2008/12/08,0,569000,-35284,533716
2008/12/09,0,51000,-125134,-74134
2008/12/10,0,262000,-463000,-201000
2008/12/11,0,86000,-104000,-18000
2008/12/12,0,140000,-411000,-271000
2008/12/15,0,272000,-50000,222000
2008/12/16,0,322000,-99000,223000
2008/12/17,0,104000,-671752,-567752
2008/12/18,0,493000,-4000,489000
2008/12/19,0,548000,-174000,374000
2008/12/22,0,316001,-205000,111001
2008/12/23,0,71000,-459000,-388000
2008/12/24,0,287000,-65000,222000
2008/12/25,0,30000,-46000,-16000
2008/12/26,0,18000,-119000,-101000
2008/12/29,0,85000,-91000,-6000
2008/12/30,0,401000,-62000,339000
2008/12/31,0,0,-189000,-189000
2009/01/01,0,0,0,0
2009/01/02,0,0,0,0
2009/01/05,0,89000,-254000,-165000
2009/01/06,0,7000,-378560,-371560
2009/01/07,0,332000,-41000,291000
2009/01/08,0,18000,-211000,-193000
2009/01/09,0,41000,-90000,-49000
2009/01/12,0,214000,-166000,48000
2009/01/13,0,112000,-48000,64000
2009/01/14,0,69000,-578000,-509000
2009/01/15,0,58000,-194000,-136000
2009/01/16,0,2000,-109000,-107000
2009/01/19,0,0,-2000,-2000
2009/01/20,0,0,-62000,-62000
2009/01/21,0,121000,-317000,-196000
2009/01/22,0,0,0,0
2009/01/23,0,0,0,0
2009/01/26,0,0,0,0
2009/01/27,0,0,0,0
2009/01/28,0,0,0,0
2009/01/29,0,0,0,0
2009/01/30,0,0,0,0
2009/02/02,0,318000,-123000,195000
2009/02/03,0,165000,-9000,156000
2009/02/04,0,19000,-79000,-60000
2009/02/05,0,127000,-19000,108000
2009/02/06,0,18000,-74000,-56000
2009/02/09,0,0,-22000,-22000
2009/02/10,0,179000,-11000,168000
2009/02/11,0,211000,0,211000
2009/02/12,0,0,0,0
2009/02/13,0,0,0,0
2009/02/16,0,0,0,0
2009/02/17,0,62000,0,62000
2009/02/18,0,55000,0,55000
2009/02/19,0,24000,-107000,-83000
2009/02/20,0,5000,-24000,-19000
2009/02/23,0,0,0,0
2009/02/24,0,0,0,0
2009/02/25,0,240000,0,240000
2009/02/26,0,0,-1500,-1500
2009/02/27,0,0,0,0
2009/03/02,0,3000,-40000,-37000
2009/03/03,0,0,-95000,-95000
2009/03/04,0,150000,-178404,-28404
2009/03/05,0,194000,-5000,189000
2009/03/06,0,14000,-42000,-28000
2009/03/09,0,0,0,0
2009/03/10,0,47000,-102000,-55000
2009/03/11,0,42000,-10000,32000
2009/03/12,0,42000,0,42000
2009/03/13,0,77000,-167000,-90000
2009/03/16,0,192100,-5000,187100
2009/03/17,0,44000,0,44000
2009/03/18,0,355000,0,355000
2009/03/19,0,161000,-212000,-51000
2009/03/20,0,0,-84000,-84000
2009/03/23,0,204000,0,204000
2009/03/24,0,145000,0,145000
2009/03/25,0,290000,-167000,123000
2009/03/26,0,217000,0,217000
2009/03/27,0,15000,-237000,-222000
2009/03/30,0,0,-340000,-340000
2009/03/31,0,71000,-228064,-157064
2009/04/01,0,54000,-51000,3000
2009/04/02,0,373000,-5000,368000
2009/04/03,0,208000,-231000,-23000
2009/04/06,0,47000,-136000,-89000
2009/04/07,0,250000,-50000,200000
2009/04/08,0,361000,-306000,55000
2009/04/09,0,1055000,0,1055000
2009/04/10,0,456000,-526000,-70000
2009/04/13,0,1053000,-335000,718000
2009/04/14,0,645000,-199000,446000
2009/04/15,0,249000,-457000,-208000
2009/04/16,0,2078000,-61000,2017000
2009/04/17,0,447000,-1847000,-1400000
2009/04/20,0,211000,-435000,-224000
2009/04/21,0,308000,-419000,-111000
2009/04/22,0,10000,-387000,-377000
2009/04/23,0,197000,-286000,-89000
2009/04/24,0,737000,-226000,511000
2009/04/27,0,345000,-350132,-5132
2009/04/28,0,327000,-316000,11000
2009/04/29,0,543000,-68000,475000
2009/04/30,0,455000,0,455000
2009/05/01,0,0,0,0
2009/05/04,0,476000,0,476000
2009/05/05,0,453000,-2832448,-2379448
2009/05/06,0,758000,-78000,680000
2009/05/07,0,797000,-870000,-73000
2009/05/08,0,907000,-107000,800000
2009/05/11,0,391000,-189000,202000
2009/05/12,0,329000,-2055000,-1726000
2009/05/13,0,522000,-206000,316000
2009/05/14,0,1066984,-777983,289001
2009/05/15,0,37000,-352000,-315000
2009/05/18,0,33000,-277000,-244000
2009/05/19,0,2495000,-36260,2458740
2009/05/20,0,550000,-2029000,-1479000
2009/05/21,0,143000,-597000,-454000
2009/05/22,0,604000,-503000,101000
2009/05/25,0,260000,-294000,-34000
2009/05/26,0,302000,-553000,-251000
2009/05/27,0,895000,-82000,813000
2009/05/28,0,0,0,0
2009/05/29,0,0,0,0
2009/06/01,0,306000,-352000,-46000
2009/06/02,0,200000,-369000,-169000
2009/06/03,0,3912000,-617000,3295000
2009/06/04,0,81000,-673000,-592000
2009/06/05,0,346000,-277000,69000
2009/06/08,0,84000,-465000,-381000
2009/06/09,0,600000,-199000,401000
2009/06/10,0,143000,-36000,107000
2009/06/11,0,78000,-1097000,-1019000
2009/06/12,0,492000,-556000,-64000
2009/06/15,0,166000,-96000,70000
2009/06/16,0,102000,-128000,-26000
2009/06/17,0,200000,-244760,-44760
2009/06/18,0,225000,-229000,-4000
2009/06/19,0,51001,-109000,-57999
2009/06/22,0,94000,-176000,-82000
2009/06/23,0,0,-194000,-194000
2009/06/24,0,673000,-194000,479000
2009/06/25,0,172000,-486000,-314000
2009/06/26,0,46000,-136000,-90000
2009/06/29,0,302000,-152000,150000
2009/06/30,0,128000,-48000,80000
2009/07/01,0,283000,-25000,258000
2009/07/02,0,86000,-156000,-70000
2009/07/03,0,81000,-76000,5000
2009/07/06,0,903000,-338932,564068
2009/07/07,0,899000,-73000,826000
2009/07/08,0,2000,-334136,-332136
2009/07/09,0,258000,-55000,203000
2009/07/10,0,61000,-167000,-106000
2009/07/13,0,63000,-565000,-502000
2009/07/14,0,199000,-549000,-350000
2009/07/15,0,290000,-199000,91000
2009/07/16,0,73000,-206000,-133000
2009/07/17,0,257000,-10000,247000
2009/07/20,0,406000,-132000,274000
2009/07/21,0,15000,-497000,-482000
2009/07/22,0,0,-28276,-28276
2009/07/23,0,378000,-205000,173000
2009/07/24,0,37000,-193000,-156000
2009/07/27,0,340000,-188716,151284
2009/07/28,0,84000,-69572,14428
2009/07/29,0,100000,-53000,47000
2009/07/30,0,147000,-1660844,-1513844
2009/07/31,0,18000,-70000,-52000
2009/08/03,0,422000,-36000,386000
2009/08/04,0,71000,-1149972,-1078972
2009/08/05,0,10000,-255000,-245000
2009/08/06,0,95000,-66000,29000
2009/08/07,0,0,0,0
2009/08/10,0,153000,-429000,-276000
2009/08/11,0,187000,-366000,-179000
2009/08/12,0,94000,-112000,-18000
2009/08/13,0,134000,-79000,55000
2009/08/14,0,137000,-44000,93000
2009/08/17,0,34000,-1004000,-970000
2009/08/18,0,120000,-136000,-16000
2009/08/19,0,106000,-107000,-1000
2009/08/20,0,59000,-203000,-144000
2009/08/21,0,44000,-330000,-286000
2009/08/24,0,50000,-40000,10000
2009/08/25,0,0,-49000,-49000
2009/08/26,0,89000,-40000,49000
2009/08/27,0,242000,-4000,238000
2009/08/28,0,95000,-116000,-21000
2009/08/31,0,28000,-644000,-616000
2009/09/01,0,134000,0,134000
2009/09/02,0,100000,-68000,32000
2009/09/03,0,206000,-66000,140000
2009/09/04,0,10000,-46000,-36000
2009/09/07,0,128000,-37000,91000
2009/09/08,0,523000,-651668,-128668
2009/09/09,0,64000,0,64000
2009/09/10,0,1223000,-174000,1049000
2009/09/11,0,447000,-104000,343000
2009/09/14,0,152000,-282000,-130000
2009/09/15,0,320000,-13000,307000
2009/09/16,0,746000,-480000,266000
2009/09/17,0,793000,-1179000,-386000
2009/09/18,0,401000,-793740,-392740
2009/09/21,0,306000,-183000,123000
2009/09/22,0,113000,-14000,99000
2009/09/23,0,359000,-299000,60000
2009/09/24,0,101000,-137000,-36000
2009/09/25,0,187000,-406000,-219000
2009/09/28,0,134000,-10000,124000
2009/09/29,0,354000,-282208,71792
2009/09/30,0,272352,0,272352
2009/10/01,0,619000,-384000,235000
2009/10/02,0,94000,-140000,-46000
2009/10/05,0,0,-192000,-192000
2009/10/06,0,298000,-1176284,-878284
2009/10/07,0,243000,-365000,-122000
2009/10/08,0,204000,-257000,-53000
2009/10/09,0,202000,-654000,-452000
2009/10/12,0,40000,-255000,-215000
2009/10/13,0,172000,-242000,-70000
2009/10/14,0,56000,-28000,28000
2009/10/15,0,617000,-30628,586372
2009/10/16,0,396000,-136000,260000
2009/10/19,0,34000,-132000,-98000
2009/10/20,0,441000,-18000,423000
2009/10/21,0,374000,-708000,-334000
2009/10/22,0,18000,-752724,-734724
2009/10/23,0,157000,-13000,144000
2009/10/26,0,270000,-62000,208000
2009/10/27,0,0,-150000,-150000
2009/10/28,0,1000,-47000,-46000
2009/10/29,0,903000,-193000,710000
2009/10/30,0,259000,-141000,118000
2009/11/02,0,1057000,-527000,530000
2009/11/03,0,39000,-107000,-68000
2009/11/04,0,92000,-48000,44000
2009/11/05,0,259000,-175000,84000
2009/11/06,0,54000,-29000,25000
2009/11/09,0,151000,0,151000
2009/11/10,0,40000,0,40000
2009/11/11,0,500000,0,500000
2009/11/12,0,16000,0,16000
2009/11/13,0,536000,-9000,527000
2009/11/16,0,138000,-65000,73000
2009/11/17,0,245000,-852522,-607522
2009/11/18,0,137000,-576000,-439000
2009/11/19,0,14000,-1082000,-1068000
2009/11/20,0,125000,-1090000,-965000
2009/11/23,0,303000,-768000,-465000
2009/11/24,0,30000,-632000,-602000
2009/11/25,0,350000,-705000,-355000
2009/11/26,0,92000,-714000,-622000
2009/11/27,0,0,-606000,-606000
2009/11/30,0,375000,-28000,347000
2009/12/01,0,368000,-164000,204000
2009/12/02,0,134000,-154000,-20000
2009/12/03,0,60000,-95000,-35000
2009/12/04,0,40000,0,40000
2009/12/07,0,62000,-35000,27000
2009/12/08,0,0,-68038,-68038
2009/12/09,0,0,-36000,-36000
2009/12/10,0,122000,-361000,-239000
2009/12/11,0,21000,-125000,-104000
2009/12/14,0,52000,-96000,-44000
2009/12/15,0,158000,-78000,80000
2009/12/16,0,0,-428000,-428000
2009/12/17,0,100000,-87000,13000
2009/12/18,0,8000,-113000,-105000
2009/12/21,0,0,-7000,-7000
2009/12/22,0,89000,-24000,65000
2009/12/23,0,330000,-5000,325000
2009/12/24,0,0,-1000,-1000
2009/12/25,0,128000,0,128000
2009/12/28,0,511000,-3000,508000
2009/12/29,0,267000,-14000,253000
2009/12/30,0,70000,0,70000
2009/12/31,0,199000,-10000,189000
2010/01/01,0,0,0,0
2010/01/04,0,0,-38000,-38000
2010/01/05,0,136000,0,136000
2010/01/06,0,249000,0,249000
2010/01/07,0,580000,-167000,413000
2010/01/08,0,202000,-1000,201000
2010/01/11,0,134000,-143000,-9000
2010/01/12,0,38000,-71680,-33680
2010/01/13,0,20000,-27000,-7000
2010/01/14,0,7000,-25000,-18000
2010/01/15,0,249000,-85000,164000
2010/01/18,0,87000,-35000,52000
2010/01/19,0,94000,-217000,-123000
2010/01/20,0,129000,-496000,-367000
2010/01/21,0,358000,0,358000
2010/01/22,0,70000,-86000,-16000
2010/01/25,0,0,-127000,-127000
2010/01/26,0,22000,-759000,-737000
2010/01/27,0,10000,-212000,-202000
2010/01/28,0,0,-136000,-136000
2010/01/29,0,821000,-205000,616000
2010/02/01,0,43000,-150000,-107000
2010/02/02,0,3000,-399000,-396000
2010/02/03,0,8000,-92000,-84000
2010/02/04,0,0,-197000,-197000
2010/02/05,0,76000,-139000,-63000
2010/02/08,0,0,-332000,-332000
2010/02/09,0,4000,-182000,-178000
2010/02/10,0,30000,-107000,-77000
2010/02/11,0,0,0,0
2010/02/12,0,0,0,0
2010/02/15,0,0,0,0
2010/02/16,0,0,0,0
2010/02/17,0,0,0,0
2010/02/18,0,0,0,0
2010/02/19,0,0,0,0
2010/02/22,0,42000,-24000,18000
2010/02/23,0,0,-33000,-33000
2010/02/24,0,94000,-31001,62999
2010/02/25,0,3000,-147000,-144000
2010/02/26,0,21000,0,21000
2010/03/01,0,54000,-11000,43000
2010/03/02,0,78000,-35000,43000
2010/03/03,0,424000,0,424000
2010/03/04,0,7000,-76000,-69000
2010/03/05,0,313000,-40000,273000
2010/03/08,0,0,0,0
2010/03/09,0,37000,0,37000
2010/03/10,0,0,-3000,-3000
2010/03/11,0,20000,-30000,-10000
2010/03/12,0,37000,-2000,35000
2010/03/15,0,7000,-256000,-249000
2010/03/16,0,120000,-46000,74000
2010/03/17,0,296000,0,296000
2010/03/18,0,351000,0,351000
2010/03/19,0,65000,-60000,5000
2010/03/22,0,0,-8000,-8000
2010/03/23,0,23000,-59000,-36000
2010/03/24,0,268152,0,268152
2010/03/25,0,127000,-56000,71000
2010/03/26,0,99000,-72000,27000
2010/03/29,0,391000,-1000,390000
2010/03/30,0,105000,-4000,101000
2010/03/31,0,138000,0,138000
2010/04/01,0,215000,0,215000
2010/04/02,0,0,0,0
2010/04/05,0,0,0,0
2010/04/06,0,510000,0,510000
2010/04/07,0,187000,0,187000
2010/04/08,0,543000,-59000,484000
2010/04/09,0,615000,-90000,525000
2010/04/12,0,658000,-124000,534000
2010/04/13,0,190000,-221000,-31000
2010/04/14,0,134000,-5000,129000
2010/04/15,0,178001,-54000,124001
2010/04/16,0,237000,-209000,28000
2010/04/19,0,125000,-300000,-175000
2010/04/20,0,26000,-335000,-309000
2010/04/21,0,154000,-249781,-95781
2010/04/22,0,18000,-684000,-666000
2010/04/23,0,0,-194000,-194000
2010/04/26,0,329000,0,329000
2010/04/27,0,29000,0,29000
2010/04/28,0,0,-278000,-278000
2010/04/29,0,5000,-75000,-70000
2010/04/30,0,405000,-2000,403000
2010/05/03,0,0,-107000,-107000
2010/05/04,0,0,-89000,-89000
2010/05/05,0,0,-324000,-324000
2010/05/06,0,30000,-223000,-193000
2010/05/07,0,302000,-262000,40000
2010/05/10,0,81000,-332000,-251000
2010/05/11,0,0,-110000,-110000
2010/05/12,0,23000,-92000,-69000
2010/05/13,0,366000,0,366000
2010/05/14,0,86000,-116000,-30000
2010/05/17,0,0,0,0
2010/05/18,0,177000,-120000,57000
2010/05/19,0,322000,-292000,30000
2010/05/20,0,12000,-200000,-188000
2010/05/21,0,46000,-201000,-155000
2010/05/24,0,36000,-41000,-5000
2010/05/25,0,39000,-292000,-253000
2010/05/26,0,58000,-29000,29000
2010/05/27,0,174000,-62000,112000
2010/05/28,0,112000,-223000,-111000
2010/05/31,0,27000,-228000,-201000
2010/06/01,0,85000,-138000,-53000
2010/06/02,0,70000,-44000,26000
2010/06/03,0,126000,-80000,46000
2010/06/04,0,3000,-6000,-3000
2010/06/07,0,0,-301000,-301000
2010/06/08,0,0,-46000,-46000
2010/06/09,0,0,-53000,-53000
2010/06/10,0,74000,-54000,20000
2010/06/11,0,51000,-45000,6000
2010/06/14,0,117000,0,117000
2010/06/15,0,128000,-1000,127000
2010/06/16,0,0,0,0
2010/06/17,0,455000,-168000,287000
2010/06/18,0,24000,-154000,-130000
2010/06/21,0,406000,-80000,326000
2010/06/22,0,114000,0,114000
2010/06/23,0,123000,-20000,103000
2010/06/24,0,41000,-10000,31000
2010/06/25,0,301000,-30000,271000
2010/06/28,0,147000,-14000,133000
2010/06/29,0,213000,-23000,190000
2010/06/30,0,1031000,-498000,533000
2010/07/01,0,7485722,-7633722,-148000
2010/07/02,0,276000,-256000,20000
2010/07/05,0,12000,-183000,-171000
2010/07/06,0,349000,-4000,345000
2010/07/07,0,250000,-143000,107000
2010/07/08,0,424000,-270832,153168
2010/07/09,0,188000,-181000,7000
2010/07/12,0,274000,-603000,-329000
2010/07/13,0,0,-46000,-46000
2010/07/14,0,831000,-357000,474000
2010/07/15,0,255000,-1337000,-1082000
2010/07/16,0,187,-335000,-334813
2010/07/19,0,155000,-36000,119000
2010/07/20,0,670000,-15000,655000
2010/07/21,0,480000,-324000,156000
2010/07/22,0,127000,-387000,-260000
2010/07/23,0,647000,-1000,646000
2010/07/26,0,447000,-24000,423000
2010/07/27,0,191000,-20000,171000
2010/07/28,0,239000,-150000,89000
2010/07/29,0,0,-141000,-141000
2010/07/30,0,278000,-734000,-456000
2010/08/02,0,381000,-26000,355000
2010/08/03,0,622000,-2000,620000
2010/08/04,0,817000,-306000,511000
2010/08/05,0,657000,-1318000,-661000
2010/08/06,0,464000,0,464000
2010/08/09,0,72000,-30000,42000
2010/08/10,0,738000,-4001,733999
2010/08/11,0,445000,-186000,259000
2010/08/12,0,4000,-19000,-15000
2010/08/13,0,43000,-247000,-204000
2010/08/16,0,367000,-133000,234000
2010/08/17,0,0,-1000000,-1000000
2010/08/18,0,282000,-1354000,-1072000
2010/08/19,0,87000,-230000,-143000
2010/08/20,0,40000,-384000,-344000
2010/08/23,0,146000,-329000,-183000
2010/08/24,0,297000,-89000,208000
2010/08/25,0,21000,-834000,-813000
2010/08/26,0,310000,-153000,157000
2010/08/27,0,358000,-60000,298000
2010/08/30,0,10000,-129000,-119000
2010/08/31,0,1030000,-60000,970000
2010/09/01,0,437000,-199000,238000
2010/09/02,0,16000,-203000,-187000
2010/09/03,0,62000,-30000,32000
2010/09/06,0,259000,-101000,158000
2010/09/07,0,0,-76000,-76000
2010/09/08,0,64000,-133448,-69448
2010/09/09,0,4000,-321000,-317000
2010/09/10,0,387000,-219000,168000
2010/09/13,0,877000,-149000,728000
2010/09/14,0,19000,-53000,-34000
2010/09/15,0,259000,-73000,186000
2010/09/16,0,212000,-7000,205000
2010/09/17,0,538000,0,538000
2010/09/20,0,1185000,0,1185000
2010/09/21,0,826000,-86000,740000
2010/09/22,0,0,0,0
2010/09/23,0,1768000,0,1768000
2010/09/24,0,1471000,-393000,1078000
2010/09/27,0,537000,-31000,506000
2010/09/28,0,388000,-2000,386000
2010/09/29,0,1227000,-35000,1192000
2010/09/30,0,272000,-135000,137000
2010/10/01,0,77000,0,77000
2010/10/04,0,230000,-178000,52000
2010/10/05,0,71000,-72000,-1000
2010/10/06,0,328000,-213000,115000
2010/10/07,0,114000,-112000,2000
2010/10/08,0,141000,-145000,-4000
2010/10/11,0,498000,-288000,210000
2010/10/12,0,245000,-790000,-545000
2010/10/13,0,505000,-84000,421000
2010/10/14,0,216000,0,216000
2010/10/15,0,209000,0,209000
2010/10/18,0,320000,-95000,225000
2010/10/19,0,223000,-291000,-68000
2010/10/20,0,0,-267000,-267000
2010/10/21,0,15000,-131000,-116000
2010/10/22,0,0,-19000,-19000
2010/10/25,0,356000,0,356000
2010/10/26,0,263000,-41000,222000
2010/10/27,0,247000,0,247000
2010/10/28,0,328000,0,328000
2010/10/29,0,146000,0,146000
2010/11/01,0,707000,0,707000
2010/11/02,0,253000,0,253000
2010/11/03,0,318000,-25000,293000
2010/11/04,0,269000,0,269000
2010/11/05,0,487000,0,487000
2010/11/08,0,148000,0,148000
2010/11/09,0,234000,-253000,-19000
2010/11/10,0,526000,-1864000,-1338000
2010/11/11,0,274000,-182000,92000
2010/11/12,0,208000,-2964000,-2756000
2010/11/15,0,0,-347000,-347000
2010/11/16,0,136000,-457000,-321000
2010/11/17,0,63000,-811000,-748000
2010/11/18,0,0,-84000,-84000
2010/11/19,0,0,-2000,-2000
2010/11/22,0,55000,0,55000
2010/11/23,0,74000,-4000,70000
2010/11/24,0,447000,0,447000
2010/11/25,0,39000,-3000,36000
2010/11/26,0,72000,-7000,65000
2010/11/29,0,123000,-115000,8000
2010/11/30,0,391000,0,391000
2010/12/01,0,187000,-296000,-109000
2010/12/02,0,581000,-10000,571000
2010/12/03,0,0,-12000,-12000
2010/12/06,0,711000,-1566000,-855000
2010/12/07,0,763000,-972000,-209000
2010/12/08,0,168000,-477000,-309000
2010/12/09,0,1981000,-346000,1635000
2010/12/10,0,148000,-57000,91000
2010/12/13,0,457000,-23000,434000
2010/12/14,0,744000,-18000,726000
2010/12/15,0,660000,-646239,13761
2010/12/16,0,524000,0,524000
2010/12/17,0,1607000,-200000,1407000
2010/12/20,0,300000,-406000,-106000
2010/12/21,0,1054000,-28000,1026000
2010/12/22,0,171000,-60101,110899
2010/12/23,0,253000,-56000,197000
2010/12/24,0,364000,0,364000
2010/12/27,0,2605000,-128000,2477000
2010/12/28,0,185000,0,185000
2010/12/29,0,106000,-1970000,-1864000
2010/12/30,0,967000,-25000,942000
2010/12/31,0,431000,-2673728,-2242728
2011/01/03,0,1653000,-214000,1439000
2011/01/04,0,593000,-52000,541000
2011/01/05,0,1628000,-1436000,192000
2011/01/06,0,878000,-300000,578000
2011/01/07,0,882000,-36000,846000
2011/01/10,0,604000,-208000,396000
2011/01/11,0,434000,-560000,-126000
2011/01/12,0,739000,-14000,725000
2011/01/13,0,69000,-497000,-428000
2011/01/14,0,61000,-66000,-5000
2011/01/17,0,375000,-164000,211000
2011/01/18,0,146000,-592000,-446000
2011/01/19,0,933000,-26000,907000
2011/01/20,0,106000,-1028981,-922981
2011/01/21,0,5000,-725000,-720000
2011/01/24,0,194000,-956000,-762000
2011/01/25,0,46000,-65000,-19000
2011/01/26,0,0,-414000,-414000
2011/01/27,0,136000,-1000,135000
2011/01/28,0,333000,-128000,205000
2011/01/31,0,0,0,0
2011/02/01,0,0,0,0
2011/02/02,0,0,0,0
2011/02/03,0,0,0,0
2011/02/04,0,0,0,0
2011/02/07,0,0,0,0
2011/02/08,0,859000,-1015000,-156000
2011/02/09,0,319000,-964749,-645749
2011/02/10,0,118000,-424000,-306000
2011/02/11,0,924000,-2452000,-1528000
2011/02/14,0,180000,-1243132,-1063132
2011/02/15,0,272000,-4231542,-3959542
2011/02/16,0,875000,-348000,527000
2011/02/17,0,8000,-2755253,-2747253
2011/02/18,0,1363000,-877260,485740
2011/02/21,0,729000,-983728,-254728
2011/02/22,0,41000,-1392000,-1351000
2011/02/23,0,2000,-802069,-800069
2011/02/24,0,687000,-506000,181000
2011/02/25,0,191000,-242000,-51000
2011/02/28,0,0,0,0
2011/03/01,0,1534000,-22000,1512000
2011/03/02,0,820000,-1419000,-599000
2011/03/03,0,660000,-31000,629000
2011/03/04,0,1709000,-142000,1567000
2011/03/07,0,118000,-296000,-178000
2011/03/08,0,794000,0,794000
2011/03/09,0,595000,-3000,592000
2011/03/10,0,330000,-135000,195000
2011/03/11,0,294000,-264000,30000
2011/03/14,0,869000,-1404000,-535000
2011/03/15,0,1386000,-1050000,336000
2011/03/16,0,272000,-27377,244623
2011/03/17,0,241000,-92000,149000
2011/03/18,0,99000,-429000,-330000
2011/03/21,0,882000,-1037000,-155000
2011/03/22,0,0,-2950000,-2950000
2011/03/23,0,0,-137000,-137000
2011/03/24,0,2000,-342000,-340000
2011/03/25,0,280000,-200000,80000
2011/03/28,0,14000,-200000,-186000
2011/03/29,0,46000,-5000,41000
2011/03/30,0,52000,-45000,7000
2011/03/31,0,350310,-1123000,-772690
2011/04/01,0,117000,-40000,77000
2011/04/04,0,0,0,0
2011/04/05,0,0,0,0
2011/04/06,0,742000,-2000,740000
2011/04/07,0,219000,-2000,217000
2011/04/08,0,240000,-328000,-88000
2011/04/11,0,2040000,-170000,1870000
2011/04/12,0,281000,-400000,-119000
2011/04/13,0,213000,0,213000
2011/04/14,0,70097,-362000,-291903
2011/04/15,0,52000,-114000,-62000
2011/04/18,0,80000,-309000,-229000
2011/04/19,0,244000,-111000,133000
2011/04/20,0,463000,0,463000
2011/04/21,0,1136000,-252000,884000
2011/04/22,0,1708000,-73000,1635000
2011/04/25,0,175000,0,175000
2011/04/26,0,185000,-15000,170000
2011/04/27,0,451000,-4000,447000
2011/04/28,0,2017000,-5000,2012000
2011/04/29,0,690000,-164000,526000
2011/05/02,0,0,0,0
2011/05/03,0,442000,-8000,434000
2011/05/04,0,252000,-2151000,-1899000
2011/05/05,0,89000,-61000,28000
2011/05/06,0,364999,-24000,340999
2011/05/09,0,708000,-297000,411000
2011/05/10,0,392000,-157000,235000
2011/05/11,0,56000,-29000,27000
2011/05/12,0,19000,-1006000,-987000
2011/05/13,0,83000,-856000,-773000
2011/05/16,0,169000,-319000,-150000
2011/05/17,0,0,-30000,-30000
2011/05/18,0,877000,-1497000,-620000
2011/05/19,0,1379000,-66000,1313000
2011/05/20,0,317000,-693000,-376000
2011/05/23,0,61000,-445000,-384000
2011/05/24,0,83000,-366000,-283000
2011/05/25,0,24000,-408370,-384370
2011/05/26,0,52000,-239751,-187751
2011/05/27,0,42000,-72000,-30000
2011/05/30,0,198000,-165000,33000
2011/05/31,0,429000,0,429000
2011/06/01,0,158000,0,158000
2011/06/02,0,277000,-164000,113000
2011/06/03,0,265000,0,265000
2011/06/06,0,0,0,0
2011/06/07,0,616000,-15000,601000
2011/06/08,0,153000,-67000,86000
2011/06/09,0,334000,-37000,297000
2011/06/10,0,0,-1251000,-1251000
2011/06/13,0,3000,-568000,-565000
2011/06/14,0,64000,-193000,-129000
2011/06/15,0,1700000,-1418000,282000
2011/06/16,0,59000,-408000,-349000
2011/06/17,0,309000,-46000,263000
2011/06/20,0,9000,-98000,-89000
2011/06/21,0,131000,-31000,100000
2011/06/22,0,200000,-226000,-26000
2011/06/23,0,242000,0,242000
2011/06/24,0,453000,-6000,447000
2011/06/27,0,124000,-9000,115000
2011/06/28,0,560000,-25000,535000
2011/06/29,0,238000,-25000,213000
2011/06/30,0,43000,-53000,-10000
2011/07/01,0,253000,-31000,222000
2011/07/04,0,50000,-196000,-146000
2011/07/05,0,0,-237000,-237000
2011/07/06,0,2000,-55000,-53000
2011/07/07,0,531000,-301000,230000
2011/07/08,0,57000,-269000,-212000
2011/07/11,0,0,-113000,-113000
2011/07/12,0,297000,-789000,-492000
2011/07/13,0,296000,-241000,55000
2011/07/14,0,3000,-157000,-154000
2011/07/15,0,456000,0,456000
2011/07/18,0,199000,-8000,191000
2011/07/19,0,155000,-214000,-59000
2011/07/20,0,329000,-128000,201000
2011/07/21,0,295000,0,295000
2011/07/22,0,420000,-48000,372000
2011/07/25,0,97000,-118000,-21000
2011/07/26,0,265000,-3000,262000
2011/07/27,0,331000,-69000,262000
2011/07/28,0,11000,-26000,-15000
2011/07/29,0,225000,0,225000
2011/08/01,0,578000,-42000,536000
2011/08/02,0,26000,-165000,-139000
2011/08/03,0,853000,-392000,461000
2011/08/04,0,1042000,-964000,78000
2011/08/05,0,799000,-1769000,-970000
2011/08/08,0,79000,-914000,-835000
2011/08/09,0,538000,-682000,-144000
2011/08/10,0,343000,-1891000,-1548000
2011/08/11,0,760000,-327000,433000
2011/08/12,0,54000,-712000,-658000
2011/08/15,0,332000,-45052,286948
2011/08/16,0,608000,-536000,72000
2011/08/17,0,718000,-686000,32000
2011/08/18,0,161000,-939000,-778000
2011/08/19,0,77000,-769000,-692000
2011/08/22,0,706000,-178000,528000
2011/08/23,0,588000,-24000,564000
2011/08/24,0,3000,-688000,-685000
2011/08/25,0,40000,-19000,21000
2011/08/26,0,232000,-52000,180000
2011/08/29,0,774000,-203000,571000
2011/08/30,0,320000,-133000,187000
2011/08/31,0,406000,-142000,264000
2011/09/01,0,255000,-382000,-127000
2011/09/02,0,77000,-316000,-239000
2011/09/05,0,0,-1206000,-1206000
2011/09/06,0,28000,-969000,-941000
2011/09/07,0,98000,0,98000
2011/09/08,0,286000,-130000,156000
2011/09/09,0,125000,-33000,92000
2011/09/12,0,0,0,0
2011/09/13,0,2000,-423000,-421000
2011/09/14,0,754000,-459000,295000
2011/09/15,0,253000,-626000,-373000
2011/09/16,0,3314000,-907000,2407000
2011/09/19,0,1069000,-463000,606000
2011/09/20,0,382000,-500000,-118000
2011/09/21,0,289000,-423000,-134000
2011/09/22,0,44000,-1287000,-1243000
2011/09/23,0,129000,-343000,-214000
2011/09/26,0,255000,-1000,254000
2011/09/27,0,453000,-28000,425000
2011/09/28,0,176000,-135000,41000
2011/09/29,0,82000,-141000,-59000
2011/09/30,0,296000,-526000,-230000
2011/10/03,0,104000,-565000,-461000
2011/10/04,0,119000,-146000,-27000
2011/10/05,0,185000,-190000,-5000
2011/10/06,0,406000,-1000,405000
2011/10/07,0,561000,-6000,555000
2011/10/10,0,0,0,0
2011/10/11,0,2845000,-4161000,-1316000
2011/10/12,0,436000,-1115000,-679000
2011/10/13,0,532000,-659000,-127000
2011/10/14,0,240000,-724001,-484001
2011/10/17,0,218000,-10000,208000
2011/10/18,0,84580,-261000,-176420
2011/10/19,0,120000,-129000,-9000
2011/10/20,0,45000,-113000,-68000
2011/10/21,0,84000,-2000,82000
2011/10/24,0,1534000,-10000,1524000
2011/10/25,0,432000,-88000,344000
2011/10/26,0,1068000,-127000,941000
2011/10/27,0,678000,-5000,673000
2011/10/28,0,1100000,-12000,1088000
2011/10/31,0,488000,-352000,136000
2011/11/01,0,928000,-291000,637000
2011/11/02,0,776000,-339000,437000
2011/11/03,0,191000,-922000,-731000
2011/11/04,0,905000,-182000,723000
2011/11/07,0,197000,-120000,77000
2011/11/08,0,502000,-204000,298000
2011/11/09,0,113000,-9000,104000
2011/11/10,0,131000,-928000,-797000
2011/11/11,0,323000,-292000,31000
2011/11/14,0,591000,-49000,542000
2011/11/15,0,630000,-234000,396000
2011/11/16,0,749000,-844000,-95000
2011/11/17,0,368000,-24000,344000
2011/11/18,0,917000,-38000,879000
2011/11/21,0,627000,-474000,153000
2011/11/22,0,379000,-124000,255000
2011/11/23,0,310000,-614000,-304000
2011/11/24,0,1667000,-30000,1637000
2011/11/25,0,155000,-1341000,-1186000
2011/11/28,0,366000,-32000,334000
2011/11/29,0,674000,-143000,531000
2011/11/30,0,2242000,-665000,1577000
2011/12/01,0,1181000,-16000,1165000
2011/12/02,0,1071000,-64000,1007000
2011/12/05,0,1051000,-1000,1050000
2011/12/06,0,544000,-336000,208000
2011/12/07,0,940000,-3000,937000
2011/12/08,0,294000,-104000,190000
2011/12/09,0,210000,-268000,-58000
2011/12/12,0,62124,-7000,55124
2011/12/13,0,94000,-139000,-45000
2011/12/14,0,279000,-32000,247000
2011/12/15,0,186000,-356000,-170000
2011/12/16,0,153000,-185000,-32000
2011/12/19,0,185000,-565000,-380000
2011/12/20,0,913000,-29000,884000
2011/12/21,0,168000,-101000,67000
2011/12/22,0,182000,-626428,-444428
2011/12/23,0,152000,-229000,-77000
2011/12/26,0,130000,-204000,-74000
2011/12/27,0,154000,-22000,132000
2011/12/28,0,93000,-171000,-78000
2011/12/29,0,199000,-33974,165026
2011/12/30,0,415000,-27000,388000
2012/01/02,0,2000,-306000,-304000
2012/01/03,0,183389,0,183389
2012/01/04,0,226000,-891000,-665000
2012/01/05,0,90000,-334000,-244000
2012/01/06,0,292000,-978000,-686000
2012/01/09,0,186000,-252000,-66000
2012/01/10,0,283000,-169000,114000
2012/01/11,0,570000,-96000,474000
2012/01/12,0,607000,-288000,319000
2012/01/13,0,349000,-88000,261000
2012/01/16,0,307000,-1094000,-787000
2012/01/17,0,212000,-139000,73000
2012/01/18,0,350000,-499000,-149000
2012/01/19,0,0,0,0
2012/01/20,0,0,0,0
2012/01/23,0,0,0,0
2012/01/24,0,0,0,0
2012/01/25,0,0,0,0
2012/01/26,0,0,0,0
2012/01/27,0,0,0,0
2012/01/30,0,498000,-99000,399000
2012/01/31,0,592000,-88000,504000
2012/02/01,0,256000,-407000,-151000
2012/02/02,0,363000,-417000,-54000
2012/02/03,0,173000,-301000,-128000
2012/02/06,0,448000,-2934398,-2486398
2012/02/07,0,271000,-91000,180000
2012/02/08,0,624000,-622000,2000
2012/02/09,0,222000,-53000,169000
2012/02/10,0,319000,-152000,167000
2012/02/13,0,256000,-74000,182000
2012/02/14,0,229000,-278000,-49000
2012/02/15,0,1954000,-183000,1771000
2012/02/16,0,317000,-538000,-221000
2012/02/17,0,657000,-130000,527000
2012/02/20,0,98000,-177000,-79000
2012/02/21,0,181000,-358000,-177000
2012/02/22,0,827000,-52000,775000
2012/02/23,0,238000,-208000,30000
2012/02/24,0,371000,-343000,28000
2012/02/27,0,0,0,0
2012/02/28,0,0,0,0
2012/02/29,0,1011000,-14000,997000
2012/03/01,0,214000,-4000,210000
2012/03/02,0,814000,-125000,689000
2012/03/05,0,99000,-1123000,-1024000
2012/03/06,0,421000,-567000,-146000
2012/03/07,0,295000,-133000,162000
2012/03/08,0,899000,-256000,643000
2012/03/09,0,418000,-250000,168000
2012/03/12,0,4000,-195000,-191000
2012/03/13,0,1058000,-25000,1033000
2012/03/14,0,857000,-253000,604000
2012/03/15,0,388000,-300000,88000
2012/03/16,0,677000,-55000,622000
2012/03/19,0,519000,-598000,-79000
2012/03/20,0,462000,-149000,313000
2012/03/21,0,696000,-772000,-76000
2012/03/22,0,1153000,-40000,1113000
2012/03/23,0,401000,-90000,311000
2012/03/26,0,305000,-413000,-108000
2012/03/27,0,339000,-204000,135000
2012/03/28,0,450000,-952649,-502649
2012/03/29,0,427000,-427000,0
2012/03/30,0,645000,-39000,606000
2012/04/02,0,153000,-510000,-357000
2012/04/03,0,602000,-432000,170000
2012/04/04,0,0,0,0
2012/04/05,0,869000,-368000,501000
2012/04/06,0,8000,-601000,-593000
2012/04/09,0,609000,-526000,83000
2012/04/10,0,564000,-416000,148000
2012/04/11,0,323000,-314000,9000
2012/04/12,0,429000,-349000,80000
2012/04/13,0,430000,-293000,137000
2012/04/16,0,146000,-150000,-4000
2012/04/17,0,180000,-471000,-291000
2012/04/18,0,178000,-558000,-380000
2012/04/19,0,380470,-15000,365470
2012/04/20,0,187000,-33000,154000
2012/04/23,0,166000,-104000,62000
2012/04/24,0,277000,-207000,70000
2012/04/25,0,442000,-97000,345000
2012/04/26,0,333000,-69000,264000
2012/04/27,0,299000,-253000,46000
2012/04/30,0,413000,-32750,380250
2012/05/01,0,0,0,0
2012/05/02,0,1066000,0,1066000
2012/05/03,0,256000,-270000,-14000
2012/05/04,0,526000,-213000,313000
2012/05/07,0,157000,-593000,-436000
2012/05/08,0,37000,-234110,-197110
2012/05/09,0,24000,-209000,-185000
2012/05/10,0,127000,-2000,125000
2012/05/11,0,9000,-194000,-185000
2012/05/14,0,3000,-139000,-136000
2012/05/15,0,115000,-99000,16000
2012/05/16,0,276000,-840000,-564000
2012/05/17,0,418000,-125000,293000
2012/05/18,0,260000,-662000,-402000
2012/05/21,0,235000,-82000,153000
2012/05/22,0,206000,-232000,-26000
2012/05/23,0,43000,-612000,-569000
2012/05/24,0,297000,-130000,167000
2012/05/25,0,1000,0,1000
2012/05/28,0,263000,-32000,231000
2012/05/29,0,91000,-82000,9000
2012/05/30,0,32000,-448000,-416000
2012/05/31,0,288000,-215000,73000
2012/06/01,0,1000,-49660,-48660
2012/06/04,0,288000,-174000,114000
2012/06/05,0,132000,-60000,72000
2012/06/06,0,213000,-22000,191000
2012/06/07,0,180000,-30000,150000
2012/06/08,0,36000,-45000,-9000
2012/06/11,0,513000,0,513000
2012/06/12,0,110000,-75000,35000
2012/06/13,0,24000,-146352,-122352
2012/06/14,0,451000,-1000,450000
2012/06/15,0,902000,-105000,797000
2012/06/18,0,1047000,-67000,980000
2012/06/19,0,304000,-9000,295000
2012/06/20,0,21000,-88000,-67000
2012/06/21,0,8000,-88000,-80000
2012/06/22,0,26000,-161000,-135000
2012/06/25,0,95000,-125000,-30000
2012/06/26,0,161000,-147000,14000
2012/06/27,0,1437000,-144000,1293000
2012/06/28,0,711933,-173000,538933
2012/06/29,0,318933,-7000,311933
2012/07/02,0,51000,-142000,-91000
2012/07/03,0,123000,-31000,92000
2012/07/04,0,257000,-48000,209000
2012/07/05,0,3000,0,3000
2012/07/06,0,252000,-11000,241000
2012/07/09,0,48000,0,48000
2012/07/10,0,124000,-16000,108000
2012/07/11,0,198000,-38000,160000
2012/07/12,0,888000,-127000,761000
2012/07/13,0,0,-23000,-23000
2012/07/16,0,67000,-146000,-79000
2012/07/17,0,345000,-24000,321000
2012/07/18,0,197000,-251000,-54000
2012/07/19,0,188000,-24000,164000
2012/07/20,0,247000,-126000,121000
2012/07/23,0,305000,-162000,143000
2012/07/24,0,120000,-87000,33000
2012/07/25,0,161000,-283000,-122000
2012/07/26,0,154000,-25000,129000
2012/07/27,0,191002,0,191002
2012/07/30,0,188000,-11000,177000
2012/07/31,0,299000,0,299000
2012/08/01,0,3281000,-37000,3244000
2012/08/02,0,0,0,0
2012/08/03,0,46000,-64000,-18000
2012/08/06,0,705000,-20000,685000
2012/08/07,0,64000,-82000,-18000
2012/08/08,0,232000,-50000,182000
2012/08/09,0,252000,0,252000
2012/08/10,0,265000,-119000,146000
2012/08/13,0,143000,-2000,141000
2012/08/14,0,240000,-1000,239000
2012/08/15,0,458000,-40000,418000
2012/08/16,0,607000,-50000,557000
2012/08/17,0,791000,-1000,790000
2012/08/20,0,81000,-90000,-9000
2012/08/21,0,480000,0,480000
2012/08/22,0,0,-80000,-80000
2012/08/23,0,40000,-92000,-52000
2012/08/24,0,4000,-21000,-17000
2012/08/27,0,123000,-52000,71000
2012/08/28,0,143280,-148000,-4720
2012/08/29,0,164000,-59000,105000
2012/08/30,0,119000,-248000,-129000
2012/08/31,0,246000,-208000,38000
2012/09/03,0,174000,-46000,128000
2012/09/04,0,48000,-191000,-143000
2012/09/05,0,6000,-239000,-233000
2012/09/06,0,508000,-356000,152000
2012/09/07,0,1414649,-1000,1413649
2012/09/10,0,87000,-94000,-7000
2012/09/11,0,1200000,-154000,1046000
2012/09/12,0,274000,-78000,196000
2012/09/13,0,533000,-40000,493000
2012/09/14,0,772000,-245000,527000
2012/09/17,0,211000,-468000,-257000
2012/09/18,0,551000,-300000,251000
2012/09/19,0,403000,-6000,397000
2012/09/20,0,643000,0,643000
2012/09/21,0,1315000,-83000,1232000
2012/09/24,0,478930,-10000,468930
2012/09/25,0,547000,-1000,546000
2012/09/26,0,754000,-17000,737000
2012/09/27,0,817000,-13000,804000
2012/09/28,0,441000,-7000,434000
2012/10/01,0,1856000,-80000,1776000
2012/10/02,0,778000,-292000,486000
2012/10/03,0,681000,-165000,516000
2012/10/04,0,991000,-137000,854000
2012/10/05,0,368000,0,368000
2012/10/08,0,380000,-38000,342000
2012/10/09,0,1080000,-224000,856000
2012/10/10,0,0,0,0
2012/10/11,0,453000,-581000,-128000
2012/10/12,0,279000,-622000,-343000
2012/10/15,0,13000,-171000,-158000
2012/10/16,0,7000,-71000,-64000
2012/10/17,0,26000,-1156000,-1130000
2012/10/18,0,185000,-5000,180000
2012/10/19,0,46000,-268514,-222514
2012/10/22,0,36000,-439000,-403000
2012/10/23,0,5000,-235000,-230000
2012/10/24,0,22000,-83000,-61000
2012/10/25,0,84000,-165000,-81000
2012/10/26,0,810000,-366000,444000
2012/10/29,0,529000,-34000,495000
2012/10/30,0,262000,-8000,254000
2012/10/31,0,0,-66000,-66000
2012/11/01,0,13000,-24000,-11000
2012/11/02,0,66000,-165000,-99000
2012/11/05,0,147000,-7000,140000
2012/11/06,0,516000,-42000,474000
2012/11/07,0,181000,-28000,153000
2012/11/08,0,895000,-271000,624000
2012/11/09,0,371000,-455558,-84558
2012/11/12,0,551000,-37000,514000
2012/11/13,0,406000,-361000,45000
2012/11/14,0,171000,-67000,104000
2012/11/15,0,439000,-378000,61000
2012/11/16,0,241000,-240000,1000
2012/11/19,0,67202,0,67202
2012/11/20,0,24000,-57000,-33000
2012/11/21,0,5000,-981000,-976000
2012/11/22,0,223000,-1000,222000
2012/11/23,0,798000,0,798000
2012/11/26,0,236000,0,236000
2012/11/27,0,599000,-9190,589810
2012/11/28,0,525000,0,525000
2012/11/29,0,653000,0,653000
2012/11/30,0,288000,-227000,61000
2012/12/03,0,2342000,-150000,2192000
2012/12/04,0,168000,-147000,21000
2012/12/05,0,572000,-199000,373000
2012/12/06,0,246000,-1000,245000
2012/12/07,0,230000,-236000,-6000
2012/12/10,0,137000,-174873,-37873
2012/12/11,0,478000,-43000,435000
2012/12/12,0,554000,-99000,455000
2012/12/13,0,462000,-1156520,-694520
2012/12/14,0,1432000,-10000,1422000
2012/12/17,0,793000,-10000,783000
2012/12/18,0,707000,-15000,692000
2012/12/19,0,1708000,-407000,1301000
2012/12/20,0,267000,-60000,207000
2012/12/21,0,427000,-720000,-293000
2012/12/24,0,406000,-162000,244000
2012/12/25,0,634000,-2000,632000
2012/12/26,0,910000,-1000,909000
2012/12/27,0,127000,-161000,-34000
2012/12/28,0,239000,-4000,235000
2012/12/31,0,0,0,0
2013/01/01,0,0,0,0
2013/01/02,0,330000,-14000,316000
2013/01/03,0,427000,-2000,425000
2013/01/04,0,312000,-267000,45000
2013/01/07,0,441000,-241000,200000
2013/01/08,0,345000,-193000,152000
2013/01/09,0,192000,-47000,145000
2013/01/10,0,714000,-21000,693000
2013/01/11,0,841000,-3674318,-2833318
2013/01/14,0,366000,-227000,139000
2013/01/15,0,499000,-79000,420000
2013/01/16,0,1292000,-610000,682000
2013/01/17,0,307000,-378000,-71000
2013/01/18,0,350000,-2048484,-1698484
2013/01/21,0,58000,-59000,-1000
2013/01/22,0,479000,-39000,440000
2013/01/23,0,527000,-6000,521000
2013/01/24,0,661000,-178000,483000
2013/01/25,0,101000,-316000,-215000
2013/01/28,0,481000,-28000,453000
2013/01/29,0,525000,-142000,383000
2013/01/30,0,1035000,-4000,1031000
2013/01/31,0,536000,-236000,300000
2013/02/01,0,793000,-160652,632348
2013/02/04,0,634000,-64000,570000
2013/02/05,0,662000,-686000,-24000
2013/02/06,0,362000,-470000,-108000
2013/02/07,0,0,0,0
2013/02/08,0,0,0,0
2013/02/11,0,0,0,0
2013/02/12,0,0,0,0
2013/02/13,0,0,0,0
2013/02/14,0,0,0,0
2013/02/15,0,0,0,0
2013/02/18,0,147000,-202000,-55000
2013/02/19,0,273000,-263000,10000
2013/02/20,0,1206000,-737000,469000
2013/02/21,0,631000,-376000,255000
2013/02/22,0,714000,-27000,687000
2013/02/25,0,122000,-597000,-475000
2013/02/26,0,4000,-365000,-361000
2013/02/27,0,42000,-412000,-370000
2013/02/28,0,0,0,0
2013/03/01,0,981000,-149000,832000
2013/03/04,0,105000,-703000,-598000
2013/03/05,0,2587000,-326000,2261000
2013/03/06,0,374000,-885000,-511000
2013/03/07,0,71000,-1091000,-1020000
2013/03/08,0,41000,-70000,-29000
2013/03/11,0,65000,-342000,-277000
2013/03/12,0,153000,-67000,86000
2013/03/13,0,827000,-518000,309000
2013/03/14,0,43000,-245000,-202000
2013/03/15,0,359000,-2037000,-1678000
2013/03/18,0,40000,-513000,-473000
2013/03/19,0,135000,-180000,-45000
2013/03/20,0,5000,-1340000,-1335000
2013/03/21,0,5000,-133000,-128000
2013/03/22,0,50000,-256649,-206649
2013/03/25,0,300000,-116000,184000
2013/03/26,0,5000,-60000,-55000
2013/03/27,0,137000,-640000,-503000
2013/03/28,0,0,-31000,-31000
2013/03/29,0,438000,-55000,383000
2013/04/01,0,341000,-109000,232000
2013/04/02,0,541000,-264000,277000
2013/04/03,0,902000,-17000,885000
2013/04/04,0,0,0,0
2013/04/05,0,0,0,0
2013/04/08,0,419000,-611000,-192000
2013/04/09,0,717000,-1272000,-555000
2013/04/10,0,393000,-343000,50000
2013/04/11,0,401176,-96000,305176
2013/04/12,0,303000,-162000,141000
2013/04/15,0,293000,-33000,260000
2013/04/16,0,243000,-208000,35000
2013/04/17,0,786000,-918000,-132000
2013/04/18,0,875000,-34000,841000
2013/04/19,0,1588000,-128000,1460000
2013/04/22,0,1073000,-61000,1012000
2013/04/23,0,362000,-54000,308000
2013/04/24,0,478000,-3000,475000
2013/04/25,0,895000,-16000,879000
2013/04/26,0,459000,-5195,453805
2013/04/29,0,8000,0,8000
2013/04/30,0,383000,0,383000
2013/05/01,0,0,0,0
2013/05/02,0,795000,0,795000
2013/05/03,0,376000,-30000,346000
2013/05/06,0,199000,-401000,-202000
2013/05/07,0,68000,0,68000
2013/05/08,0,1207777,-1000,1206777
2013/05/09,0,624000,-4554,619446
2013/05/10,0,177000,-2000,175000
2013/05/13,0,126000,-116000,10000
2013/05/14,0,687000,-5000,682000
2013/05/15,0,448000,-2000,446000
2013/05/16,0,551000,-1000,550000
2013/05/17,0,347000,-41000,306000
2013/05/20,0,179000,-30000,149000
2013/05/21,0,600000,-64760,535240
2013/05/22,0,452000,-44000,408000
2013/05/23,0,341000,-452000,-111000
2013/05/24,0,39000,-1140000,-1101000
2013/05/27,0,180000,-522000,-342000
2013/05/28,0,0,-141000,-141000
2013/05/29,0,10000,-74000,-64000
2013/05/30,0,24000,-641000,-617000
2013/05/31,0,230000,-475569,-245569
2013/06/03,0,53000,-147000,-94000
2013/06/04,0,569000,-563000,6000
2013/06/05,0,311000,-144000,167000
2013/06/06,0,9000,-394984,-385984
2013/06/07,0,0,-38000,-38000
2013/06/10,0,8000,-17000,-9000
2013/06/11,0,17000,-111000,-94000
2013/06/12,0,0,0,0
2013/06/13,0,66000,-306000,-240000
2013/06/14,0,0,-56000,-56000
2013/06/17,0,0,-36000,-36000
2013/06/18,0,36000,-270000,-234000
2013/06/19,0,0,-1042549,-1042549
2013/06/20,0,3000,-226000,-223000
2013/06/21,0,14000,-319016,-305016
2013/06/24,0,176000,-517538,-341538
2013/06/25,0,503000,-892142,-389142
2013/06/26,0,23000,-724000,-701000
2013/06/27,0,68000,-383000,-315000
2013/06/28,0,166000,-27000,139000
2013/07/01,0,597144,-339144,258000
2013/07/02,0,127000,-73142,53858
2013/07/03,0,18000,-606855,-588855
2013/07/04,0,4000,-49000,-45000
2013/07/05,0,51000,-31000,20000
2013/07/08,0,8000,-488099,-480099
2013/07/09,0,4000,-4000,0
2013/07/10,0,129000,-277000,-148000
2013/07/11,0,220000,-746000,-526000
2013/07/12,0,162000,-297000,-135000
2013/07/15,0,245000,0,245000
2013/07/16,0,89000,-26000,63000
2013/07/17,0,656000,-23000,633000
2013/07/18,0,458000,0,458000
2013/07/19,0,114000,-21000,93000
2013/07/22,0,225000,-39000,186000
2013/07/23,0,134000,-246000,-112000
2013/07/24,0,65000,-14000,51000
2013/07/25,0,475000,-53000,422000
2013/07/26,0,226000,-21000,205000
2013/07/29,0,0,-248000,-248000
2013/07/30,0,208000,-23000,185000
2013/07/31,0,19000,-32000,-13000
2013/08/01,0,0,-75000,-75000
2013/08/02,0,347000,-53000,294000
2013/08/05,0,160000,-75000,85000
2013/08/06,0,150000,-51000,99000
2013/08/07,0,0,-251000,-251000
2013/08/08,0,39000,-281000,-242000
2013/08/09,0,65000,-115000,-50000
2013/08/12,0,10260,-192000,-181740
2013/08/13,0,227000,-67000,160000
2013/08/14,0,64000,-92000,-28000
2013/08/15,0,74000,-449000,-375000
2013/08/16,0,220000,-23000,197000
2013/08/19,0,62000,-223000,-161000
2013/08/20,0,55000,-42000,13000
2013/08/21,0,0,0,0
2013/08/22,0,8000,-633000,-625000
2013/08/23,0,0,-10000,-10000
2013/08/26,0,23000,-4000,19000
2013/08/27,0,312000,-33000,279000
2013/08/28,0,21000,-14000,7000
2013/08/29,0,177000,-73000,104000
2013/08/30,0,604000,-172000,432000
2013/09/02,0,94000,0,94000
2013/09/03,0,617000,-21000,596000
2013/09/04,0,198168,0,198168
2013/09/05,0,562000,-190000,372000
2013/09/06,0,266000,-133000,133000
2013/09/09,0,334000,0,334000
2013/09/10,0,486000,0,486000
2013/09/11,0,316000,-482000,-166000
2013/09/12,0,1085000,-76000,1009000
2013/09/13,0,220000,-26000,194000
2013/09/16,0,694000,-42000,652000
2013/09/17,0,273000,-135973,137027
2013/09/18,0,2000,-471000,-469000
2013/09/19,0,0,0,0
2013/09/20,0,0,0,0
2013/09/23,0,411000,-3000,408000
2013/09/24,0,271000,-449537,-178537
2013/09/25,0,377000,-415000,-38000
2013/09/26,0,51000,-237000,-186000
2013/09/27,0,278000,-477610,-199610
2013/09/30,0,36000,-187000,-151000
2013/10/01,0,188000,-232000,-44000
2013/10/02,0,203000,-32000,171000
2013/10/03,0,360000,-95000,265000
2013/10/04,0,151000,-3000,148000
2013/10/07,0,126000,-1013000,-887000
2013/10/08,0,503000,-667000,-164000
2013/10/09,0,123000,-8000,115000
2013/10/10,0,0,0,0
2013/10/11,0,524000,-125000,399000
2013/10/14,0,841000,-77000,764000
2013/10/15,0,291478,0,291478
2013/10/16,0,1869000,-15000,1854000
2013/10/17,0,1216000,-495000,721000
2013/10/18,0,1279000,-287000,992000
2013/10/21,0,489000,-304000,185000
2013/10/22,0,841000,-1041000,-200000
2013/10/23,0,561000,-633467,-72467
2013/10/24,0,743000,-161327,581673
2013/10/25,0,498000,-299000,199000
2013/10/28,0,490000,0,490000
2013/10/29,0,301000,-31000,270000
2013/10/30,0,696000,-173145,522855
2013/10/31,0,144000,-429000,-285000
2013/11/01,0,139000,-54000,85000
2013/11/04,0,164000,-470000,-306000
2013/11/05,0,140000,-733000,-593000
2013/11/06,0,261000,-310000,-49000
2013/11/07,0,148000,-717000,-569000
2013/11/08,0,1015521,-874000,141521
2013/11/11,0,208000,-815000,-607000
2013/11/12,0,591000,-534000,57000
2013/11/13,0,85000,-418000,-333000
2013/11/14,0,86000,-23000,63000
2013/11/15,0,257000,0,257000
2013/11/18,0,3000,-15000,-12000
2013/11/19,0,278000,-196000,82000
2013/11/20,0,131000,-303000,-172000
2013/11/21,0,36000,-218000,-182000
2013/11/22,0,15000,-12434,2566
2013/11/25,0,343000,0,343000
2013/11/26,0,1083000,-354000,729000
2013/11/27,0,855000,-217000,638000
2013/11/28,0,420000,-18333,401667
2013/11/29,0,233000,-115000,118000
2013/12/02,0,452000,-42000,410000
2013/12/03,0,341000,-377000,-36000
2013/12/04,0,141804,-106000,35804
2013/12/05,0,65000,-214000,-149000
2013/12/06,0,4000,-802372,-798372
2013/12/09,0,193000,-30000,163000
2013/12/10,0,86000,-5000,81000
2013/12/11,0,384000,-450000,-66000
2013/12/12,0,4260,-1104228,-1099968
2013/12/13,0,74000,-23000,51000
2013/12/16,0,5001,-156000,-150999
2013/12/17,0,0,-288000,-288000
2013/12/18,0,8000,-105000,-97000
2013/12/19,0,28000,-43000,-15000
2013/12/20,0,68000,-197147,-129147
2013/12/23,0,27000,-13000,14000
2013/12/24,0,59000,-1000,58000
2013/12/25,0,232000,-242000,-10000
2013/12/26,0,10000,-6000,4000
2013/12/27,0,156000,-3000,153000
2013/12/30,0,502000,-91000,411000
2013/12/31,0,148000,-252000,-104000
2014/01/02,0,34000,-91000,-57000
2014/01/03,0,10000,-88000,-78000
2014/01/06,0,83000,-810785,-727785
2014/01/07,0,205000,-44000,161000
2014/01/08,0,78000,-250000,-172000
2014/01/09,0,661000,-14000,647000
2014/01/10,0,282000,-1000,281000
2014/01/13,0,303000,0,303000
2014/01/14,0,244000,-154000,90000
2014/01/15,0,163000,-115000,48000
2014/01/16,0,0,-355741,-355741
2014/01/17,0,10000,-87000,-77000
2014/01/20,0,3000,-247,2753
2014/01/21,0,380000,-542379,-162379
2014/01/22,0,0,0,0
2014/01/23,0,5000,-148465,-143465
2014/01/24,0,93000,-2000,91000
2014/01/27,0,165000,-1237431,-1072431
2014/02/05,0,273000,-2049796,-1776796
2014/02/06,0,322000,-862000,-540000
2014/02/07,0,558000,-1025296,-467296
2014/02/10,0,324000,-791000,-467000
2014/02/11,0,334000,-105000,229000
2014/02/12,0,399000,-631000,-232000
2014/02/13,0,232000,-568343,-336343
2014/02/14,0,447000,-3441000,-2994000
2014/02/17,0,154000,-116000,38000
2014/02/18,0,213000,-304569,-91569
2014/02/19,0,551001,0,551001
2014/02/20,0,125000,-92000,33000
2014/02/21,0,350000,-67000,283000
2014/02/24,0,522000,-78000,444000
2014/02/25,0,227000,-10000,217000
2014/02/26,0,205000,-24000,181000
2014/02/27,0,190000,-77000,113000
2014/03/03,0,8000,-373000,-365000
2014/03/04,0,66000,-202000,-136000
2014/03/05,0,21032,-549006,-527974
2014/03/06,0,172000,-181000,-9000
2014/03/07,0,64000,-56000,8000
2014/03/10,0,175000,-336046,-161046
2014/03/11,0,141000,-346000,-205000
2014/03/12,0,120000,-197347,-77347
2014/03/13,0,523000,-17000,506000
2014/03/14,0,3001,-80000,-76999
2014/03/17,0,237000,-293000,-56000
2014/03/18,0,414000,0,414000
2014/03/19,0,113000,-751000,-638000
2014/03/20,0,264000,-133000,131000
2014/03/21,0,730000,-369000,361000
2014/03/24,0,124000,-1007000,-883000
2014/03/25,0,74000,-1630000,-1556000
2014/03/26,0,98000,-12000,86000
2014/03/27,0,192000,0,192000
2014/03/28,0,113000,-2000,111000
2014/03/31,0,308000,-452969,-144969
2014/04/01,0,93000,-110000,-17000
2014/04/02,0,422000,-16000,406000
2014/04/03,0,218000,-165000,53000
2014/04/07,0,150000,0,150000
2014/04/08,0,675000,-1308000,-633000
2014/04/09,0,292000,-19892,272108
2014/04/10,0,740000,-1003000,-263000
2014/04/11,0,653000,-82000,571000
2014/04/14,0,243000,-12000,231000
2014/04/15,0,553000,-66000,487000
2014/04/16,0,1298000,-1223504,74496
2014/04/17,0,197000,-205000,-8000
2014/04/18,0,196000,0,196000
2014/04/21,0,446000,-1000,445000
2014/04/22,0,6238942,-5942942,296000
2014/04/23,0,376000,-60000,316000
2014/04/24,0,1002000,-821131,180869
2014/04/25,0,1278000,-627000,651000
2014/04/28,0,1017000,-261000,756000
2014/04/29,0,116000,-12000,104000
2014/04/30,0,190000,-181000,9000
2014/05/02,0,117000,-33000,84000
2014/05/05,0,7000,-18000,-11000
2014/05/06,0,95000,-24000,71000
2014/05/07,0,1195000,-38000,1157000
2014/05/08,0,937000,-675000,262000
2014/05/09,0,57000,-328000,-271000
2014/05/12,0,543000,-216000,327000
2014/05/13,0,417000,-261000,156000
2014/05/14,0,32000,-292000,-260000
2014/05/15,0,171000,-158000,13000
2014/05/16,0,393000,-28000,365000
2014/05/19,0,46000,-107000,-61000
2014/05/20,0,99884,-6525,93359
2014/05/21,0,55000,-700000,-645000
2014/05/22,0,187000,-6000,181000
2014/05/23,0,20000,-85000,-65000
2014/05/26,0,318000,-6000,312000
2014/05/27,0,323000,-11000,312000
2014/05/28,0,597000,-114000,483000
2014/05/29,0,652000,-27858,624142
2014/05/30,0,614000,-200608,413392
2014/06/03,0,209000,-616000,-407000
2014/06/04,0,91000,-102000,-11000
2014/06/05,0,322000,-279000,43000
2014/06/06,0,172000,-145000,27000
2014/06/09,0,190000,-25000,165000
2014/06/10,0,207692,-9000,198692
2014/06/11,0,67000,-78000,-11000
2014/06/12,0,145000,-204000,-59000
2014/06/13,0,0,-12000,-12000
2014/06/16,0,84000,-24000,60000
2014/06/17,0,379000,-915000,-536000
2014/06/18,0,1771000,-156000,1615000
2014/06/19,0,542000,-7000,535000
2014/06/20,0,642000,-317000,325000
2014/06/23,0,710000,-13000,697000
2014/06/24,0,710000,-23000,687000
2014/06/25,0,258000,-13000,245000
2014/06/26,0,342000,-147000,195000
2014/06/27,0,321000,-117000,204000
2014/06/30,0,342000,-9000,333000
2014/07/01,0,298000,-38000,260000
2014/07/02,0,846000,-169000,677000
2014/07/03,0,236000,-17000,219000
2014/07/04,0,274000,-90000,184000
2014/07/07,0,724000,-73000,651000
2014/07/08,0,2137000,-32000,2105000
2014/07/09,0,133000,-1233000,-1100000
2014/07/10,0,272000,-358000,-86000
2014/07/11,0,3801000,-306000,3495000
2014/07/14,0,3557000,-18000,3539000
2014/07/15,0,215000,-418000,-203000
2014/07/16,0,1072000,-678000,394000
2014/07/17,0,697000,-108000,589000
2014/07/18,0,2851000,-58000,2793000
2014/07/21,0,1473000,-463000,1010000
2014/07/22,0,735000,-107000,628000
2014/07/23,0,0,0,0
2014/07/24,0,661000,-137000,524000
2014/07/25,0,1154552,-92000,1062552
2014/07/28,0,460000,-51000,409000
2014/07/29,0,601000,-256000,345000
2014/07/30,0,1647000,-543302,1103698
2014/07/31,0,1323000,-340000,983000
2014/08/01,0,313000,-12000,301000
2014/08/04,0,184000,-112000,72000
2014/08/05,0,224000,-368000,-144000
2014/08/06,0,335000,-354000,-19000
2014/08/07,0,18000,-64000,-46000
2014/08/08,0,5000,-517000,-512000
2014/08/11,0,28000,-74000,-46000
2014/08/12,0,662000,-214000,448000
2014/08/13,0,1192000,-107000,1085000
2014/08/14,0,306000,-367000,-61000
2014/08/15,0,1994000,-214000,1780000
2014/08/18,0,1147000,-78000,1069000
2014/08/19,0,1681000,-182000,1499000
2014/08/20,0,860000,-62000,798000
2014/08/21,0,745000,-21000,724000
2014/08/22,0,857000,-16000,841000
2014/08/25,0,2590000,-3000,2587000
2014/08/26,0,828000,-31000,797000
2014/08/27,0,1850000,-193000,1657000
2014/08/28,0,1374000,-291000,1083000
2014/08/29,0,1014000,-153000,861000
2014/09/01,0,70156,-137000,-66844
2014/09/02,0,1032000,-77000,955000
2014/09/03,0,177000,-73000,104000
2014/09/04,0,165000,-25000,140000
2014/09/05,0,226000,-98000,128000
2014/09/09,0,284000,-53000,231000
2014/09/10,0,3156000,-72000,3084000
2014/09/11,0,1383000,-452000,931000
2014/09/12,0,985000,-593000,392000
2014/09/15,0,757000,-748000,9000
2014/09/16,0,1173000,-635000,538000
2014/09/17,0,1339000,-1361000,-22000
2014/09/18,0,751000,-920000,-169000
2014/09/19,0,772000,-142000,630000
2014/09/22,0,154000,-316505,-162505
2014/09/23,0,1014000,-141000,873000
2014/09/24,0,1734337,-715000,1019337
2014/09/25,0,111000,-1260000,-1149000
2014/09/26,0,269000,-416286,-147286
2014/09/29,0,36000,-276000,-240000
2014/09/30,0,981000,-423000,558000
2014/10/01,0,80000,-188000,-108000
2014/10/02,0,479000,-519000,-40000
2014/10/03,0,672000,-272000,400000
2014/10/06,0,95000,-464000,-369000
2014/10/07,0,284000,-1074000,-790000
2014/10/08,0,467000,-358000,109000
2014/10/09,0,362524,-394000,-31476
2014/10/13,0,920000,-961000,-41000
2014/10/14,0,32000,-527000,-495000
2014/10/15,0,312000,-1554000,-1242000
2014/10/16,0,145000,-964000,-819000
2014/10/17,0,268000,-2610000,-2342000
2014/10/20,0,163000,-715000,-552000
2014/10/21,0,87000,-540000,-453000
2014/10/22,0,476491,-868859,-392368
2014/10/23,0,343000,-477000,-134000
2014/10/24,0,533000,-1394000,-861000
2014/10/27,0,548000,-691198,-143198
2014/10/28,0,751000,-122000,629000
2014/10/29,0,641000,-141000,500000
2014/10/30,0,1548000,-120000,1428000
2014/10/31,0,392000,-192000,200000
2014/11/03,0,264000,-264000,0
2014/11/04,0,300000,-203000,97000
2014/11/05,0,161000,-169000,-8000
2014/11/06,0,178000,-161000,17000
2014/11/07,0,50000,-312000,-262000
2014/11/10,0,194000,-51000,143000
2014/11/11,0,525000,-74000,451000
2014/11/12,0,182660,-880522,-697862
2014/11/13,0,1749000,-145000,1604000
2014/11/14,0,0,-229000,-229000
2014/11/17,0,14000,-342000,-328000
2014/11/18,0,72000,-265000,-193000
2014/11/19,0,61000,-201000,-140000
2014/11/20,0,250000,-712000,-462000
2014/11/21,0,228000,-57004,170996
2014/11/24,0,0,-60000,-60000
2014/11/25,0,935000,-350000,585000
2014/11/26,0,138000,-161000,-23000
2014/11/27,0,1000,-133000,-132000
2014/11/28,0,356000,-77000,279000
2014/12/01,0,121000,-1466832,-1345832
2014/12/02,0,372000,-739000,-367000
2014/12/03,0,307000,-345000,-38000
2014/12/04,0,1049000,-270000,779000
2014/12/05,0,1240000,-325000,915000
2014/12/08,0,1091000,-196000,895000
2014/12/09,0,278000,-228000,50000
2014/12/10,0,615000,-861000,-246000
2014/12/11,0,66000,-197000,-131000
2014/12/12,0,1317000,-1895847,-578847
2014/12/15,0,468000,-355000,113000
2014/12/16,0,867000,-130000,737000
2014/12/17,0,872000,-1626000,-754000
2014/12/18,0,261000,-424000,-163000
2014/12/19,0,307000,-286000,21000
2014/12/22,0,484000,-316000,168000
2014/12/23,0,193000,-370000,-177000
2014/12/24,0,376000,-304000,72000
2014/12/25,0,129000,-6000,123000
2014/12/26,0,504000,-100000,404000
2014/12/29,0,428000,-935477,-507477
2014/12/30,0,287001,-421000,-133999
2014/12/31,0,447000,-251003,195997
2015/01/01,0,0,0,0
2015/01/02,0,0,0,0
2015/01/05,0,367000,-782000,-415000
2015/01/06,0,576000,-1135000,-559000
2015/01/07,0,502000,-215000,287000
2015/01/08,0,496000,-336000,160000
2015/01/09,0,881000,-164000,717000
2015/01/12,0,598000,-277000,321000
2015/01/13,0,554000,-156000,398000
2015/01/14,0,189000,-144000,45000
2015/01/15,0,341000,-316000,25000
2015/01/16,0,80000,-767000,-687000
2015/01/19,0,170000,-398000,-228000
2015/01/20,0,740000,-247000,493000
2015/01/21,0,199000,-93000,106000
2015/01/22,0,477000,-43172,433828
2015/01/23,0,1957000,-62000,1895000
2015/01/26,0,286000,-723000,-437000
2015/01/27,0,636000,-125000,511000
2015/01/28,0,2167000,-51000,2116000
2015/01/29,0,1092000,-1646000,-554000
2015/01/30,0,144000,-41000,103000
2015/02/02,0,637000,-206000,431000
2015/02/03,0,217000,-64000,153000
2015/02/04,0,329000,-146000,183000
2015/02/05,0,177000,-41000,136000
2015/02/06,0,99000,-32000,67000
2015/02/09,0,8000,-103000,-95000
2015/02/10,0,402000,-223000,179000
2015/02/11,0,382001,-421000,-38999
2015/02/12,0,268000,-389000,-121000
2015/02/13,0,384000,-210000,174000
2015/02/16,0,0,0,0
2015/02/17,0,0,0,0
2015/02/18,0,0,0,0
2015/02/19,0,0,0,0
2015/02/20,0,0,0,0
2015/02/23,0,0,0,0
2015/02/24,0,919000,-3721607,-2802607
2015/02/25,0,655000,-956000,-301000
2015/02/26,0,824000,-702000,122000
2015/02/27,0,0,0,0
2015/03/02,0,471000,-3683992,-3212992
2015/03/03,0,295000,-2507000,-2212000
2015/03/04,0,112000,-1668185,-1556185
2015/03/05,0,1180000,-1431000,-251000
2015/03/06,0,146000,-483000,-337000
2015/03/09,0,1000,-324000,-323000
2015/03/10,0,43000,-810000,-767000
2015/03/11,0,12000,-667000,-655000
2015/03/12,0,37000,-107000,-70000
2015/03/13,0,230000,-110000,120000
2015/03/16,0,711000,-514000,197000
2015/03/17,0,936000,-556000,380000
2015/03/18,0,551000,-579433,-28433
2015/03/19,0,240000,-164134,75866
2015/03/20,0,1878000,-1242462,635538
2015/03/23,0,1862000,-417673,1444327
2015/03/24,0,236000,-56000,180000
2015/03/25,0,185000,-303000,-118000
2015/03/26,0,812000,-30000,782000
2015/03/27,0,1018000,-46000,972000
2015/03/30,0,595000,-175000,420000
2015/03/31,0,575000,-583000,-8000
2015/04/01,0,357000,-536000,-179000
2015/04/02,0,475000,-176000,299000
2015/04/03,0,0,0,0
2015/04/06,0,0,0,0
2015/04/07,0,532000,-93000,439000
2015/04/08,0,1836000,-275000,1561000
2015/04/09,0,1494000,-18000,1476000
2015/04/10,0,1155000,-47000,1108000
2015/04/13,0,420000,-79000,341000
2015/04/14,0,378000,-418000,-40000
2015/04/15,0,168000,-729000,-561000
2015/04/16,0,1107000,-619000,488000
2015/04/17,0,455000,-2183059,-1728059
2015/04/20,0,1324000,-896000,428000
2015/04/21,0,453000,-443000,10000
2015/04/22,0,555000,-618000,-63000
2015/04/23,0,4665222,-1205000,3460222
2015/04/24,0,3214000,-122000,3092000
2015/04/27,0,2424000,-196000,2228000
2015/04/28,0,2819000,-17000,2802000
2015/04/29,0,1868000,-315000,1553000
2015/04/30,0,3110000,-824247,2285753
2015/05/01,0,0,0,0
2015/05/04,0,545000,-269000,276000
2015/05/05,0,771000,-39000,732000
2015/05/06,0,426000,-313000,113000
2015/05/07,0,1071908,-86000,985908
2015/05/08,0,1022000,-378000,644000
2015/05/11,0,1735000,-1112000,623000
2015/05/12,0,1923000,-752345,1170655
2015/05/13,0,506000,-566000,-60000
2015/05/14,0,2148000,-405000,1743000
2015/05/15,0,1159164,-483000,676164
2015/05/18,0,650000,-1184000,-534000
2015/05/19,0,1229000,-640000,589000
2015/05/20,0,820000,-1108000,-288000
2015/05/21,0,237000,-944000,-707000
2015/05/22,0,148000,-421000,-273000
2015/05/25,0,170000,-722000,-552000
2015/05/26,0,319000,-693000,-374000
2015/05/27,0,369000,-799000,-430000
2015/05/28,0,629000,-361000,268000
2015/05/29,0,1675000,-980000,695000
2015/06/01,0,26000,-828000,-802000
2015/06/02,0,610000,-1162000,-552000
2015/06/03,0,144000,-860000,-716000
2015/06/04,0,809000,-1953000,-1144000
2015/06/05,0,295000,-1863000,-1568000
2015/06/08,0,228000,-524000,-296000
2015/06/09,0,662000,-932000,-270000
2015/06/10,0,298000,-138000,160000
2015/06/11,0,2317000,-1484000,833000
2015/06/12,0,652000,-678000,-26000
2015/06/15,0,1444000,-1011000,433000
2015/06/16,0,434000,-1071000,-637000
2015/06/17,0,982000,-3382000,-2400000
2015/06/18,0,542719,-277000,265719
2015/06/19,0,0,0,0
2015/06/22,0,1095000,-137000,958000
2015/06/23,0,1019000,-140000,879000
2015/06/24,0,246000,-219000,27000
2015/06/25,0,556000,-475000,81000
2015/06/26,0,144000,-102000,42000
2015/06/29,0,95000,-2102000,-2007000
2015/06/30,0,62000,-1653425,-1591425
2015/07/01,0,178000,-307000,-129000
2015/07/02,0,75000,-1438000,-1363000
2015/07/03,0,455000,-880000,-425000
2015/07/06,0,68000,-661000,-593000
2015/07/07,0,255000,-94000,161000
2015/07/08,0,1049000,-274000,775000
2015/07/09,0,625000,-262000,363000
2015/07/10,0,0,0,0
2015/07/13,0,186000,-789000,-603000
2015/07/14,0,784000,-954000,-170000
2015/07/15,0,388000,-710000,-322000
2015/07/16,0,294000,-117000,177000
2015/07/17,0,255000,-426000,-171000
2015/07/20,0,661000,-105000,556000
2015/07/21,0,322000,-317000,5000
2015/07/22,0,332000,-962000,-630000
2015/07/23,0,448000,-708000,-260000
2015/07/24,0,232000,-462000,-230000
2015/07/27,0,278000,-437000,-159000
2015/07/28,0,1179000,-1595000,-416000
2015/07/29,0,812000,-322000,490000
2015/07/30,0,360000,-543000,-183000
2015/07/31,0,1071000,-220000,851000
2015/08/03,0,542000,-507000,35000
2015/08/04,0,830000,-124000,706000
2015/08/05,0,825000,-897000,-72000
2015/08/06,0,292000,-584000,-292000
2015/08/07,0,80000,-645000,-565000
2015/08/10,0,585000,-1103000,-518000
2015/08/11,0,592000,-555000,37000
2015/08/12,0,158000,-686260,-528260
2015/08/13,0,288000,-238000,50000
2015/08/14,0,553000,-130000,423000
2015/08/17,0,271000,-352000,-81000
2015/08/18,0,390000,-390000,0
2015/08/19,0,79000,-888000,-809000
2015/08/20,0,90000,-454000,-364000
2015/08/21,0,169000,-563197,-394197
2015/08/24,0,1373000,-2107000,-734000
2015/08/25,0,451000,-841264,-390264
2015/08/26,0,815000,-472000,343000
2015/08/27,0,728000,-711000,17000
2015/08/28,0,1252000,-1460910,-208910
2015/08/31,0,642000,-303000,339000
2015/09/01,0,659000,-421000,238000
2015/09/02,0,290000,-180000,110000
2015/09/03,0,810388,-639000,171388
2015/09/04,0,148000,-491000,-343000
2015/09/07,0,13000,-130000,-117000
2015/09/08,0,22000,-367000,-345000
2015/09/09,0,1082000,-1022040,59960
2015/09/10,0,1698000,-1774247,-76247
2015/09/11,0,177000,-1161000,-984000
2015/09/14,0,143000,-1069000,-926000
2015/09/15,0,297000,-943000,-646000
2015/09/16,0,958000,-1518000,-560000
2015/09/17,0,1777000,-776000,1001000
2015/09/18,0,1005000,-768154,236846
2015/09/21,0,150000,-701000,-551000
2015/09/22,0,101000,-106000,-5000
2015/09/23,0,379000,-973000,-594000
2015/09/24,0,859000,-447000,412000
2015/09/25,0,298000,-487128,-189128
2015/09/28,0,0,0,0
2015/09/29,0,0,0,0
2015/09/30,0,131000,-511000,-380000
2015/10/01,0,1054000,-260000,794000
2015/10/02,0,248000,-904253,-656253
2015/10/05,0,271000,-1233000,-962000
2015/10/06,0,398000,-651000,-253000
2015/10/07,0,670000,-590000,80000
2015/10/08,0,768280,-430080,338200
2015/10/09,0,0,0,0
2015/10/12,0,3154000,-642488,2511512
2015/10/13,0,904158,-1252785,-348627
2015/10/14,0,569616,-396000,173616
2015/10/15,0,673000,-298413,374587
2015/10/16,0,3450000,-1200168,2249832
2015/10/19,0,723000,-385000,338000
2015/10/20,0,1051000,-466000,585000
2015/10/21,0,519000,-712920,-193920
2015/10/22,0,120000,-295000,-175000
2015/10/23,0,816000,-371584,444416
2015/10/26,0,525000,-310000,215000
2015/10/27,0,265000,-140000,125000
2015/10/28,0,301000,-137000,164000
2015/10/29,0,157000,-1359039,-1202039
2015/10/30,0,364000,-595136,-231136
2015/11/02,0,234000,-309000,-75000
2015/11/03,0,1006000,-158000,848000
2015/11/04,0,1968000,-53000,1915000
2015/11/05,0,526000,-38000,488000
2015/11/06,0,437000,-784368,-347368
2015/11/09,0,651000,-360000,291000
2015/11/10,0,642000,-684000,-42000
2015/11/11,0,88000,-400432,-312432
2015/11/12,0,165993,-258000,-92007
2015/11/13,0,725000,-370000,355000
2015/11/16,0,152000,-1053000,-901000
2015/11/17,0,224000,-643000,-419000
2015/11/18,0,604000,-615000,-11000
2015/11/19,0,833000,-630000,203000
2015/11/20,0,187000,-434000,-247000
2015/11/23,0,1561576,-260000,1301576
2015/11/24,0,359000,-199000,160000
2015/11/25,0,1705000,-762826,942174
2015/11/26,0,482000,-438096,43904
2015/11/27,0,576000,-290000,286000
2015/11/30,0,886000,-538000,348000
2015/12/01,0,263000,-718000,-455000
2015/12/02,0,485000,-1233000,-748000
2015/12/03,0,1646000,-433272,1212728
2015/12/04,0,1109872,-1194744,-84872
2015/12/07,0,277000,-167000,110000
2015/12/08,0,366000,-349000,17000
2015/12/09,0,413000,-468000,-55000
2015/12/10,0,290000,-828000,-538000
2015/12/11,0,578000,-365632,212368
2015/12/14,0,1275000,-460000,815000
2015/12/15,0,918000,-316504,601496
2015/12/16,0,482000,-125000,357000
2015/12/17,0,1115000,-440000,675000
2015/12/18,0,470000,-1308000,-838000
2015/12/21,0,638000,-302000,336000
2015/12/22,0,624000,-188000,436000
2015/12/23,0,473000,-1846935,-1373935
2015/12/24,0,216000,-7000,209000
2015/12/25,0,132000,-73000,59000
2015/12/28,0,315000,-126064,188936
2015/12/29,0,234000,-78000,156000
2015/12/30,0,239000,-98000,141000
2015/12/31,0,73000,-90000,-17000
2016/01/01,0,0,0,0
2016/01/04,0,674000,-386000,288000
2016/01/05,0,103000,-371000,-268000
2016/01/06,0,267000,-432624,-165624
2016/01/07,0,452000,-731000,-279000
2016/01/08,0,412000,-300000,112000
2016/01/11,0,246000,-347000,-101000
2016/01/12,0,348000,-359000,-11000
2016/01/13,0,174000,-762144,-588144
2016/01/14,0,424000,-460000,-36000
2016/01/15,0,216000,-407000,-191000
2016/01/18,0,366000,-184000,182000
2016/01/19,0,359000,-47753,311247
2016/01/20,0,365000,-670000,-305000
2016/01/21,0,376000,-669840,-293840
2016/01/22,0,132000,-704000,-572000
2016/01/25,0,174000,-277000,-103000
2016/01/26,0,83000,-298000,-215000
2016/01/27,0,259000,-730000,-471000
2016/01/28,0,347000,-180000,167000
2016/01/29,0,1179000,-618744,560256
2016/02/01,0,395000,-380000,15000
2016/02/02,0,776000,-372000,404000
2016/02/03,0,223000,-252000,-29000
2016/02/04,0,0,0,0
2016/02/05,0,0,0,0
2016/02/08,0,0,0,0
2016/02/09,0,0,0,0
2016/02/10,0,0,0,0
2016/02/11,0,0,0,0
2016/02/12,0,0,0,0
2016/02/15,0,138000,-116000,22000
2016/02/16,0,1268000,-262000,1006000
2016/02/17,0,156000,-141000,15000
2016/02/18,0,680000,-310000,370000
2016/02/19,0,194000,-135000,59000
2016/02/22,0,387000,-714000,-327000
2016/02/23,0,120000,-84000,36000
2016/02/24,0,158000,-238000,-80000
2016/02/25,0,322000,-89000,233000
2016/02/26,0,613000,-600000,13000
2016/02/29,0,0,0,0
2016/03/01,0,280000,-435535,-155535
2016/03/02,0,649000,-105000,544000
2016/03/03,0,719000,-251000,468000
2016/03/04,0,853000,-559000,294000
2016/03/07,0,397000,-268000,129000
2016/03/08,0,75000,-302000,-227000
2016/03/09,0,481000,-261000,220000
2016/03/10,0,461000,-177000,284000
2016/03/11,0,901000,-150000,751000
2016/03/14,0,767000,-116231,650769
2016/03/15,0,881000,-280000,601000
2016/03/16,0,1670000,-462956,1207044
2016/03/17,0,713500,-1021600,-308100
2016/03/18,0,1516770,-993000,523770
2016/03/21,0,147000,-230000,-83000
2016/03/22,0,733000,-286000,447000
2016/03/23,0,575000,-378000,197000
2016/03/24,0,381000,-249000,132000
2016/03/25,0,253000,-8000,245000
2016/03/28,0,54000,-21000,33000
2016/03/29,0,914000,-452000,462000
2016/03/30,0,928000,-235000,693000
2016/03/31,0,531000,-161000,370000
2016/04/01,0,761000,-314000,447000
2016/04/04,0,0,0,0
2016/04/05,0,0,0,0
2016/04/06,0,437000,-711001,-274001
2016/04/07,0,257000,-561002,-304002
2016/04/08,0,286000,-132000,154000
2016/04/11,0,170000,-701338,-531338
2016/04/12,0,182000,-310204,-128204
2016/04/13,0,341000,-281000,60000
2016/04/14,0,140000,-119000,21000
2016/04/15,0,201000,-369000,-168000
2016/04/18,0,761000,-631000,130000
2016/04/19,0,266000,-301000,-35000
2016/04/20,0,391000,-448000,-57000
2016/04/21,0,224000,-391000,-167000
2016/04/22,0,15000,-474000,-459000
2016/04/25,0,161000,-215225,-54225
2016/04/26,0,72000,-484000,-412000
2016/04/27,0,146000,-222000,-76000
2016/04/28,0,253000,-399496,-146496
2016/04/29,0,335000,-470000,-135000
2016/05/02,0,0,0,0
2016/05/03,0,142000,-199000,-57000
2016/05/04,0,202000,-446000,-244000
2016/05/05,0,350000,-686000,-336000
2016/05/06,0,183000,-648000,-465000
2016/05/09,0,466000,-587663,-121663
2016/05/10,0,616000,-151000,465000
2016/05/11,0,219500,-371000,-151500
2016/05/12,0,374000,-303000,71000
2016/05/13,0,527000,-317000,210000
2016/05/16,0,128000,-247000,-119000
2016/05/17,0,255000,-257000,-2000
2016/05/18,0,205000,-134000,71000
2016/05/19,0,376000,-311000,65000
2016/05/20,0,507000,-261283,245717
2016/05/23,0,644000,-185000,459000
2016/05/24,0,326000,-82000,244000
2016/05/25,0,489000,-65000,424000
2016/05/26,0,375000,-38000,337000
2016/05/27,0,862000,-280000,582000
2016/05/30,0,307000,-57000,250000
2016/05/31,0,1124000,-1509000,-385000
2016/06/01,0,330824,-120000,210824
2016/06/02,0,277000,-137000,140000
2016/06/03,0,191000,-117000,74000
2016/06/06,0,201000,-321560,-120560
2016/06/07,0,637000,-339711,297289
2016/06/08,0,363000,-529000,-166000
2016/06/09,0,0,0,0
2016/06/10,0,0,0,0
2016/06/13,0,470000,-433000,37000
2016/06/14,0,40000,-69000,-29000
2016/06/15,0,163000,-80000,83000
2016/06/16,0,150000,-134000,16000
2016/06/17,0,284000,-649000,-365000
2016/06/20,0,120000,-70193,49807
2016/06/21,0,370000,-68000,302000
2016/06/22,0,224000,-95000,129000
2016/06/23,0,526000,-122000,404000
2016/06/24,0,422520,-372000,50520
2016/06/27,0,321000,-392000,-71000
2016/06/28,0,165000,-168000,-3000
2016/06/29,0,162000,-210000,-48000
2016/06/30,0,212000,-277000,-65000
2016/07/01,0,171000,-66000,105000
2016/07/04,0,184000,-35000,149000
2016/07/05,0,55000,-227411,-172411
2016/07/06,0,137000,-403000,-266000
2016/07/07,0,126000,-163000,-37000
2016/07/08,0,0,0,0
2016/07/11,0,435000,-31000,404000
2016/07/12,0,389000,-78000,311000
2016/07/13,0,669000,-102000,567000
2016/07/14,0,293000,-32000,261000
2016/07/15,0,1681000,-776000,905000
2016/07/18,0,603000,-32000,571000
2016/07/19,0,849000,-47000,802000
2016/07/20,0,730000,-508000,222000
2016/07/21,0,1039000,-182000,857000
2016/07/22,0,627000,-19000,608000
2016/07/25,0,512000,-383000,129000
2016/07/26,0,539000,-152000,387000
2016/07/27,0,366000,0,366000
2016/07/28,0,780000,0,780000
2016/07/29,0,289000,-61000,228000
2016/08/01,0,446000,-344000,102000
2016/08/02,0,770000,-349000,421000
2016/08/03,0,100000,-574000,-474000
2016/08/04,0,543000,-161000,382000
2016/08/05,0,105000,-50000,55000
2016/08/08,0,914000,-32000,882000
2016/08/09,0,1932000,-86000,1846000
2016/08/10,0,1157847,-915000,242847
2016/08/11,0,1260434,-86000,1174434
2016/08/12,0,1240000,-320352,919648
2016/08/15,0,1434000,-31000,1403000
2016/08/16,0,465000,-79000,386000
2016/08/17,0,936853,-122000,814853
2016/08/18,0,561000,0,561000
2016/08/19,0,612000,-297924,314076
2016/08/22,0,1292000,-1007000,285000
2016/08/23,0,211000,-61000,150000
2016/08/24,0,202000,-943951,-741951
2016/08/25,0,727000,-81356,645644
2016/08/26,0,1308000,-244000,1064000
2016/08/29,0,250000,-585000,-335000
2016/08/30,0,510000,-427000,83000
2016/08/31,0,1863000,-3405000,-1542000
2016/09/01,0,615000,-287000,328000
2016/09/02,0,377000,-38000,339000
2016/09/05,0,702000,-111000,591000
2016/09/06,0,626414,-116000,510414
2016/09/07,0,936000,-172000,764000
2016/09/08,0,478000,-53000,425000
2016/09/09,0,248000,-179000,69000
2016/09/12,0,13000,-441000,-428000
2016/09/13,0,1000,-1094000,-1093000
2016/09/14,0,704000,-1178000,-474000
2016/09/15,0,0,0,0
2016/09/16,0,0,0,0
2016/09/19,0,679000,-616000,63000
2016/09/20,0,390000,-428000,-38000
2016/09/21,0,1034000,-460000,574000
2016/09/22,0,92000,-661000,-569000
2016/09/23,0,189532,-681000,-491468
2016/09/26,0,45000,-485645,-440645
2016/09/27,0,0,0,0
2016/09/28,0,0,0,0
2016/09/29,0,125000,-178000,-53000
2016/09/30,0,0,-1104000,-1104000
2016/10/03,0,0,-557000,-557000
2016/10/04,0,296000,-381388,-85388
2016/10/05,0,456000,-14000,442000
2016/10/06,0,171016,-604213,-433197
2016/10/07,0,149000,-404185,-255185
2016/10/10,0,0,0,0
2016/10/11,0,921000,-471000,450000
2016/10/12,0,541000,-352577,188423
2016/10/13,0,874000,-519000,355000
2016/10/14,0,868000,-300000,568000
2016/10/17,0,276000,-479000,-203000
2016/10/18,0,636000,-526000,110000
2016/10/19,0,1365000,-428000,937000
2016/10/20,0,1474000,-432000,1042000
2016/10/21,0,5239408,-3721100,1518308
2016/10/24,0,1372000,-631000,741000
2016/10/25,0,284000,-488000,-204000
2016/10/26,0,457001,-328000,129001
2016/10/27,0,151000,-225000,-74000
2016/10/28,0,61000,-17000,44000
2016/10/31,0,25000,-184512,-159512
2016/11/01,0,259000,-46000,213000
2016/11/02,0,58000,-113000,-55000
2016/11/03,0,64000,-378213,-314213
2016/11/04,0,202000,-476000,-274000
2016/11/07,0,250000,-404805,-154805
2016/11/08,0,250000,-55102,194898
2016/11/09,0,436000,-894000,-458000
2016/11/10,0,244000,-140000,104000
2016/11/11,0,188000,-287000,-99000
2016/11/14,0,131000,-127000,4000
2016/11/15,0,272000,-291799,-19799
2016/11/16,0,516000,-349000,167000
2016/11/17,0,191000,-175000,16000
2016/11/18,0,230261,-197000,33261
2016/11/21,0,285000,-95000,190000
2016/11/22,0,403000,-104000,299000
2016/11/23,0,534100,-242000,292100
2016/11/24,0,307000,-49000,258000
2016/11/25,0,298000,-104000,194000
2016/11/28,0,234000,-352845,-118845
2016/11/29,0,154000,-119000,35000
2016/11/30,0,1684000,-371000,1313000
2016/12/01,0,570000,-28000,542000
2016/12/02,0,424000,-17002,406998
2016/12/05,0,422000,-563111,-141111
2016/12/06,0,160000,-119000,41000
2016/12/07,0,669000,-138302,530698
2016/12/08,0,332000,-3000,329000
2016/12/09,0,373000,-1000,372000
2016/12/12,0,64000,-28000,36000
2016/12/13,0,534000,-24000,510000
2016/12/14,0,644000,-188000,456000
2016/12/15,0,559000,-536000,23000
2016/12/16,0,384000,-323456,60544
2016/12/19,0,0,-113000,-113000
2016/12/20,0,229000,-154000,75000
2016/12/21,0,114000,-322323,-208323
2016/12/22,0,157000,-225000,-68000
2016/12/23,0,122000,-193000,-71000
2016/12/26,0,5000,-138000,-133000
2016/12/27,0,31000,-121000,-90000
2016/12/28,0,122000,-153000,-31000
2016/12/29,0,177000,-89000,88000
2016/12/30,0,368000,-112000,256000
2017/01/02,0,0,0,0
2017/01/03,0,140000,-45000,95000
2017/01/04,0,215000,-184412,30588
2017/01/05,0,138000,-103000,35000
2017/01/06,0,162000,-178000,-16000
2017/01/09,0,81000,-142000,-61000
2017/01/10,0,139000,-183000,-44000
2017/01/11,0,638000,-112000,526000
2017/01/12,0,400000,-161000,239000
2017/01/13,0,69000,-66000,3000
2017/01/16,0,1000,-294000,-293000
2017/01/17,0,119000,-7000,112000
2017/01/18,0,693000,-433965,259035
2017/01/19,0,78000,-239990,-161990
2017/01/20,0,162000,-327000,-165000
2017/01/23,0,178000,-127000,51000
2017/01/24,0,425000,0,425000
2017/01/25,0,0,0,0
2017/01/26,0,0,0,0
2017/01/27,0,0,0,0
2017/01/30,0,0,0,0
2017/01/31,0,0,0,0
2017/02/01,0,0,0,0
2017/02/02,0,929000,-177477,751523
2017/02/03,0,298000,-215000,83000
2017/02/06,0,898000,-192913,705087
2017/02/07,0,784000,-17,783983
2017/02/08,0,716000,-9412,706588
2017/02/09,0,253000,-42335,210665
2017/02/10,0,405000,-14000,391000
2017/02/13,0,670000,-176820,493180
2017/02/14,0,391000,-17000,374000
2017/02/15,0,1482000,-99000,1383000
2017/02/16,0,551000,-41000,510000
2017/02/17,0,711000,-56000,655000
2017/02/20,0,273000,-7000,266000
2017/02/21,0,1305000,-7000,1298000
2017/02/22,0,1592000,-7000,1585000
2017/02/23,0,969000,0,969000
2017/02/24,0,207000,-38000,169000
2017/02/27,0,0,0,0
2017/02/28,0,0,0,0
2017/03/01,0,796000,-25000,771000
2017/03/02,0,706000,-15000,691000
2017/03/03,0,357000,-56000,301000
2017/03/06,0,1029000,-9000,1020000
2017/03/07,0,1034000,-125000,909000
2017/03/08,0,144000,-110000,34000
2017/03/09,0,16000,-285000,-269000
2017/03/10,0,103000,-102000,1000
2017/03/13,0,191001,-100920,90081
2017/03/14,0,397001,-37000,360001
2017/03/15,0,175000,-161017,13983
2017/03/16,0,601000,-9000,592000
2017/03/17,0,1426000,-3695075,-2269075
2017/03/20,0,208000,-1000,207000
2017/03/21,0,2336000,-9000,2327000
2017/03/22,0,1257000,-78000,1179000
2017/03/23,0,521001,-115000,406001
2017/03/24,0,548000,-233000,315000
2017/03/27,0,505000,-164000,341000
2017/03/28,0,2533000,-366023,2166977
2017/03/29,0,1410001,-133000,1277001
2017/03/30,0,415000,-96000,319000
2017/03/31,0,1211000,-81000,1130000
2017/04/03,0,0,0,0
2017/04/04,0,0,0,0
2017/04/05,0,2786753,-228000,2558753
2017/04/06,0,1761000,-192000,1569000
2017/04/07,0,513000,-612034,-99034
2017/04/10,0,535000,-119000,416000
2017/04/11,0,371000,-263000,108000
2017/04/12,0,700000,-272000,428000
2017/04/13,0,1056000,-89000,967000
2017/04/14,0,85000,-887000,-802000
2017/04/17,0,465000,-640000,-175000
2017/04/18,0,817000,-413000,404000
2017/04/19,0,530000,-1563000,-1033000
