Date,Open,Buy,Sell,Total
2007/04/23,0,0,0,0
2007/04/24,0,0,0,0
2007/04/25,0,0,0,0
2007/04/26,0,0,0,0
2007/04/27,0,0,0,0
2007/04/30,0,0,0,0
2007/05/01,0,0,0,0
2007/05/02,0,0,0,0
2007/05/03,0,20000,-13000,7000
2007/05/04,0,53000,-5000,48000
2007/05/07,0,0,-2000,-2000
2007/05/08,0,12000,-5000,7000
2007/05/09,0,120000,-5000,115000
2007/05/10,0,0,-120000,-120000
2007/05/11,0,0,-21000,-21000
2007/05/14,0,7000,-18000,-11000
2007/05/15,0,12000,-2000,10000
2007/05/16,0,26000,-20000,6000
2007/05/17,0,0,0,0
2007/05/18,0,0,-12000,-12000
2007/05/21,0,0,-42000,-42000
2007/05/22,0,0,-20000,-20000
2007/05/23,0,150000,0,150000
2007/05/24,0,0,-150000,-150000
2007/05/25,0,0,0,0
2007/05/28,0,6000,0,6000
2007/05/29,0,52000,0,52000
2007/05/30,0,13000,0,13000
2007/05/31,0,459000,0,459000
2007/06/01,0,31000,-13000,18000
2007/06/04,0,0,0,0
2007/06/05,0,0,-2000,-2000
2007/06/06,0,0,0,0
2007/06/07,0,0,0,0
2007/06/08,0,0,-15000,-15000
2007/06/11,0,0,-7000,-7000
2007/06/12,0,14000,-12000,2000
2007/06/13,0,0,-6000,-6000
2007/06/14,0,0,-200000,-200000
2007/06/15,0,701000,0,701000
2007/06/18,0,0,0,0
2007/06/19,0,0,0,0
2007/06/20,0,405000,-600000,-195000
2007/06/21,0,197000,0,197000
2007/06/22,0,336000,-250000,86000
2007/06/25,0,12000,-700000,-688000
2007/06/26,0,5000,-458000,-453000
2007/06/27,0,16000,-3000,13000
2007/06/28,0,245000,-10000,235000
2007/06/29,0,61000,0,61000
2007/07/02,0,22000,-371000,-349000
2007/07/03,0,286000,0,286000
2007/07/04,0,516000,0,516000
2007/07/05,0,90000,-21000,69000
2007/07/06,0,120000,-1000,119000
2007/07/09,0,220000,-410000,-190000
2007/07/10,0,0,-20000,-20000
2007/07/11,0,40000,-38000,2000
2007/07/12,0,205000,-1000,204000
2007/07/13,0,48000,-2000,46000
2007/07/16,0,450000,-2000,448000
2007/07/17,0,208000,-1000,207000
2007/07/18,0,134000,-298000,-164000
2007/07/19,0,1000,-70000,-69000
2007/07/20,0,3000,0,3000
2007/07/23,0,45000,-11000,34000
2007/07/24,0,136000,-80000,56000
2007/07/25,0,73000,-43000,30000
2007/07/26,0,598000,-264000,334000
2007/07/27,0,46000,-536000,-490000
2007/07/30,0,6000,-6000,0
2007/07/31,0,106000,-15000,91000
2007/08/01,0,375000,-135000,240000
2007/08/02,0,36000,-465000,-429000
2007/08/03,0,146000,0,146000
2007/08/06,0,3000,-17000,-14000
2007/08/07,0,8000,0,8000
2007/08/08,0,6000,0,6000
2007/08/09,0,15000,0,15000
2007/08/10,0,0,-13000,-13000
2007/08/13,0,0,-6000,-6000
2007/08/14,0,28000,-24000,4000
2007/08/15,0,68000,-327000,-259000
2007/08/16,0,700000,-676000,24000
2007/08/17,0,2751000,-175000,2576000
2007/08/20,0,658000,-36000,622000
2007/08/21,0,27000,-6000,21000
2007/08/22,0,222000,0,222000
2007/08/23,0,71000,-69000,2000
2007/08/24,0,34000,0,34000
2007/08/27,0,31000,-500000,-469000
2007/08/28,0,10000,-109000,-99000
2007/08/29,0,0,0,0
2007/08/30,0,49000,-1498000,-1449000
2007/08/31,0,50000,0,50000
2007/09/03,0,26000,0,26000
2007/09/04,0,1000,-15000,-14000
2007/09/05,0,192000,-5000,187000
2007/09/06,0,0,-15000,-15000
2007/09/07,0,30000,-300000,-270000
2007/09/10,0,0,-835000,-835000
2007/09/11,0,0,-16000,-16000
2007/09/12,0,16000,0,16000
2007/09/13,0,0,0,0
2007/09/14,0,103000,0,103000
2007/09/17,0,0,-103000,-103000
2007/09/18,0,0,0,0
2007/09/19,0,115000,0,115000
2007/09/20,0,20000,-57000,-37000
2007/09/21,0,13000,-32000,-19000
2007/09/24,0,0,0,0
2007/09/25,0,0,0,0
2007/09/26,0,1000,0,1000
2007/09/27,0,21000,0,21000
2007/09/28,0,78000,-16000,62000
2007/10/01,0,394000,0,394000
2007/10/02,0,927000,-62000,865000
2007/10/03,0,2149000,-94000,2055000
2007/10/04,0,190000,-500000,-310000
2007/10/05,0,179000,-115000,64000
2007/10/08,0,1567000,-50000,1517000
2007/10/09,0,147000,-380000,-233000
2007/10/10,0,0,0,0
2007/10/11,0,250000,-70000,180000
2007/10/12,0,233000,-210000,23000
2007/10/15,0,47000,-1327000,-1280000
2007/10/16,0,404000,-202000,202000
2007/10/17,0,20000,-285000,-265000
2007/10/18,0,20000,-588000,-568000
2007/10/19,0,44000,-226000,-182000
2007/10/22,0,35000,-1316000,-1281000
2007/10/23,0,0,-44000,-44000
2007/10/24,0,3000,-68000,-65000
2007/10/25,0,62000,-10000,52000
2007/10/26,0,26000,0,26000
2007/10/29,0,707000,0,707000
2007/10/30,0,280000,-120000,160000
2007/10/31,0,79000,-1000,78000
2007/11/01,0,248000,-63000,185000
2007/11/02,0,10000,-4000,6000
2007/11/05,0,52000,-78000,-26000
2007/11/06,0,89000,0,89000
2007/11/07,0,1526000,-853000,673000
2007/11/08,0,25000,-154000,-129000
2007/11/09,0,176000,0,176000
2007/11/12,0,91000,-180000,-89000
2007/11/13,0,100000,-59000,41000
2007/11/14,0,130000,-75000,55000
2007/11/15,0,152000,-1000,151000
2007/11/16,0,79000,-150000,-71000
2007/11/19,0,583000,-165000,418000
2007/11/20,0,1266000,-754000,512000
2007/11/21,0,424000,-2009000,-1585000
2007/11/22,0,282000,-323000,-41000
2007/11/23,0,241000,-588000,-347000
2007/11/26,0,66000,-461000,-395000
2007/11/27,0,46000,-516000,-470000
2007/11/28,0,124000,-414000,-290000
2007/11/29,0,52000,-322000,-270000
2007/11/30,0,184000,-75000,109000
2007/12/03,0,35000,-1000,34000
2007/12/04,0,281000,-125000,156000
2007/12/05,0,258000,-336000,-78000
2007/12/06,0,57000,-290000,-233000
2007/12/07,0,343000,-36000,307000
2007/12/10,0,0,-53000,-53000
2007/12/11,0,1000,0,1000
2007/12/12,0,14000,-302000,-288000
2007/12/13,0,40000,-71000,-31000
2007/12/14,0,74000,-807000,-733000
2007/12/17,0,0,-202000,-202000
2007/12/18,0,62000,-465000,-403000
2007/12/19,0,40000,-36000,4000
2007/12/20,0,16000,-1000,15000
2007/12/21,0,350000,-314000,36000
2007/12/24,0,97000,-31000,66000
2007/12/25,0,8000,-51000,-43000
2007/12/26,0,39000,-60000,-21000
2007/12/27,0,239000,-73000,166000
2007/12/28,0,20000,-187000,-167000
2007/12/31,0,33000,0,33000
2008/01/01,0,0,0,0
2008/01/02,0,50000,-99000,-49000
2008/01/03,0,26000,-175000,-149000
2008/01/04,0,283000,-128000,155000
2008/01/07,0,191000,-176000,15000
2008/01/08,0,141000,-255000,-114000
2008/01/09,0,15000,-34000,-19000
2008/01/10,0,9000,0,9000
2008/01/11,0,36000,-543000,-507000
2008/01/14,0,299000,-230000,69000
2008/01/15,0,130000,-64000,66000
2008/01/16,0,633000,-107000,526000
2008/01/17,0,456000,-375000,81000
2008/01/18,0,707000,-389000,318000
2008/01/21,0,407000,-504000,-97000
2008/01/22,0,26000,-324000,-298000
2008/01/23,0,95000,-119000,-24000
2008/01/24,0,266000,-511000,-245000
2008/01/25,0,235000,-527000,-292000
2008/01/28,0,1000,-40000,-39000
2008/01/29,0,64000,-50000,14000
2008/01/30,0,193000,-112000,81000
2008/01/31,0,179000,-115000,64000
2008/02/01,0,550000,-107000,443000
2008/02/04,0,0,0,0
2008/02/05,0,0,0,0
2008/02/06,0,0,0,0
2008/02/07,0,0,0,0
2008/02/08,0,0,0,0
2008/02/11,0,0,0,0
2008/02/12,0,10000,-271000,-261000
2008/02/13,0,144000,-37000,107000
2008/02/14,0,80000,-20000,60000
2008/02/15,0,164000,0,164000
2008/02/18,0,14000,-70000,-56000
2008/02/19,0,68000,-198000,-130000
2008/02/20,0,60000,-354000,-294000
2008/02/21,0,517000,-77000,440000
2008/02/22,0,158000,-463000,-305000
2008/02/25,0,171000,-201285,-30285
2008/02/26,0,112000,-251000,-139000
2008/02/27,0,578000,-89460,488540
2008/02/28,0,0,0,0
2008/02/29,0,250000,-19000,231000
2008/03/03,0,50000,-22899,27101
2008/03/04,0,9000,-28000,-19000
2008/03/05,0,62000,-212000,-150000
2008/03/06,0,125000,-2000,123000
2008/03/07,0,37000,0,37000
2008/03/10,0,10000,-668345,-658345
2008/03/11,0,78000,-32000,46000
2008/03/12,0,100000,-6000,94000
2008/03/13,0,97000,-39635,57365
2008/03/14,0,13000,-103169,-90169
2008/03/17,0,2000,-28000,-26000
2008/03/18,0,54000,-151000,-97000
2008/03/19,0,166000,-1000,165000
2008/03/20,0,334000,-39000,295000
2008/03/21,0,168000,-207000,-39000
2008/03/24,0,71000,-41000,30000
2008/03/25,0,147000,-178000,-31000
2008/03/26,0,73000,-129000,-56000
2008/03/27,0,37000,-78359,-41359
2008/03/28,0,3000,-66000,-63000
2008/03/31,0,19000,-19000,0
2008/04/01,0,17000,-35000,-18000
2008/04/02,0,0,-28000,-28000
2008/04/03,0,7000,-65000,-58000
2008/04/04,0,0,0,0
2008/04/07,0,2000,-36000,-34000
2008/04/08,0,30000,0,30000
2008/04/09,0,11000,-13000,-2000
2008/04/10,0,15000,-13000,2000
2008/04/11,0,109000,-38000,71000
2008/04/14,0,67000,-62000,5000
2008/04/15,0,54000,-1000,53000
2008/04/16,0,156000,-9000,147000
2008/04/17,0,5000,-1000,4000
2008/04/18,0,43000,-20000,23000
2008/04/21,0,21000,-22000,-1000
2008/04/22,0,14000,-147000,-133000
2008/04/23,0,40000,-57000,-17000
2008/04/24,0,7000,-231000,-224000
2008/04/25,0,9000,-22000,-13000
2008/04/28,0,45000,-611000,-566000
2008/04/29,0,8000,-33000,-25000
2008/04/30,0,18000,-15000,3000
2008/05/01,0,0,0,0
2008/05/02,0,5000,-25000,-20000
2008/05/05,0,25000,-107000,-82000
2008/05/06,0,32000,-65000,-33000
2008/05/07,0,0,-13000,-13000
2008/05/08,0,21000,-178000,-157000
2008/05/09,0,7000,-24000,-17000
2008/05/12,0,30000,-37000,-7000
2008/05/13,0,28000,-43000,-15000
2008/05/14,0,21000,-17000,4000
2008/05/15,0,452000,-28000,424000
2008/05/16,0,68000,-2000,66000
2008/05/19,0,21000,-124000,-103000
2008/05/20,0,41000,-83000,-42000
2008/05/21,0,0,-60000,-60000
2008/05/22,0,38000,-21000,17000
2008/05/23,0,4000,-58000,-54000
2008/05/26,0,7000,-40000,-33000
2008/05/27,0,0,-4000,-4000
2008/05/28,0,0,-30000,-30000
2008/05/29,0,215000,0,215000
2008/05/30,0,0,-32000,-32000
2008/06/02,0,0,0,0
2008/06/03,0,0,-65000,-65000
2008/06/04,0,41230,-6000,35230
2008/06/05,0,9000,-60000,-51000
2008/06/06,0,34000,-1000,33000
2008/06/09,0,31000,-36000,-5000
2008/06/10,0,0,-21000,-21000
2008/06/11,0,14000,-98000,-84000
2008/06/12,0,31000,-75000,-44000
2008/06/13,0,3000,-73000,-70000
2008/06/16,0,18000,-14000,4000
2008/06/17,0,8000,-111000,-103000
2008/06/18,0,34000,-5000,29000
2008/06/19,0,40000,-370000,-330000
2008/06/20,0,0,-46000,-46000
2008/06/23,0,49000,-59000,-10000
2008/06/24,0,84000,-10000,74000
2008/06/25,0,81000,0,81000
2008/06/26,0,0,-21000,-21000
2008/06/27,0,23000,-92000,-69000
2008/06/30,0,58000,-4000,54000
2008/07/01,0,30000,-30000,0
2008/07/02,0,92000,-483000,-391000
2008/07/03,0,9000,-66000,-57000
2008/07/04,0,64000,-264000,-200000
2008/07/07,0,432000,-654000,-222000
2008/07/08,0,12000,-54000,-42000
2008/07/09,0,48000,-81000,-33000
2008/07/10,0,92000,-68000,24000
2008/07/11,0,30000,-89000,-59000
2008/07/14,0,0,-403000,-403000
2008/07/15,0,90000,-39000,51000
2008/07/16,0,22000,-44000,-22000
2008/07/17,0,23000,-26000,-3000
2008/07/18,0,91000,-34000,57000
2008/07/21,0,19000,-2000,17000
2008/07/22,0,44000,0,44000
2008/07/23,0,53000,-302000,-249000
2008/07/24,0,51000,-285000,-234000
2008/07/25,0,17000,-160000,-143000
2008/07/28,0,0,0,0
2008/07/29,0,15000,-28000,-13000
2008/07/30,0,0,-55000,-55000
2008/07/31,0,8000,-13000,-5000
2008/08/01,0,20000,-54000,-34000
2008/08/04,0,2000,-11000,-9000
2008/08/05,0,1000,-56000,-55000
2008/08/06,0,31000,-10000,21000
2008/08/07,0,0,-52000,-52000
2008/08/08,0,89000,-35000,54000
2008/08/11,0,23000,-20000,3000
2008/08/12,0,0,-54000,-54000
2008/08/13,0,0,-5000,-5000
2008/08/14,0,15000,-230000,-215000
2008/08/15,0,16000,-10000,6000
2008/08/18,0,0,-147000,-147000
2008/08/19,0,22000,-23000,-1000
2008/08/20,0,2000,0,2000
2008/08/21,0,8000,-7000,1000
2008/08/22,0,123000,0,123000
2008/08/25,0,1000,0,1000
2008/08/26,0,0,-47000,-47000
2008/08/27,0,0,0,0
2008/08/28,0,1000,0,1000
2008/08/29,0,0,-2000,-2000
2008/09/01,0,0,-4000,-4000
2008/09/02,0,1000,0,1000
2008/09/03,0,38000,-9000,29000
2008/09/04,0,0,-46000,-46000
2008/09/05,0,137000,-12000,125000
2008/09/08,0,2000,-58000,-56000
2008/09/09,0,152000,-2000,150000
2008/09/10,0,9000,-56000,-47000
2008/09/11,0,55000,-1000,54000
2008/09/12,0,79000,-188000,-109000
2008/09/15,0,499000,-3000,496000
2008/09/16,0,0,0,0
2008/09/17,0,623000,-89000,534000
2008/09/18,0,233000,-37000,196000
2008/09/19,0,1000,-53000,-52000
2008/09/22,0,0,0,0
2008/09/23,0,38000,-1000,37000
2008/09/24,0,81000,-39000,42000
2008/09/25,0,43000,-28000,15000
2008/09/26,0,41000,-97000,-56000
2008/09/29,0,0,0,0
2008/09/30,0,0,-2750,-2750
2008/10/01,0,2000,-51000,-49000
2008/10/02,0,21000,-8000,13000
2008/10/03,0,29000,-151000,-122000
2008/10/06,0,3000,-11000,-8000
2008/10/07,0,8000,-4000,4000
2008/10/08,0,8000,-23000,-15000
2008/10/09,0,43000,-7000,36000
2008/10/10,0,0,0,0
2008/10/13,0,29000,-29000,0
2008/10/14,0,11000,-200,10800
2008/10/15,0,25000,-29000,-4000
2008/10/16,0,0,0,0
2008/10/17,0,10000,-14000,-4000
2008/10/20,0,202000,-8942,193058
2008/10/21,0,52000,-114000,-62000
2008/10/22,0,10000,0,10000
2008/10/23,0,0,-238,-238
2008/10/24,0,0,0,0
2008/10/27,0,0,0,0
2008/10/28,0,29000,-29000,0
2008/10/29,0,29000,-29275,-275
2008/10/30,0,10000,-26000,-16000
2008/10/31,0,46000,-7157,38843
2008/11/03,0,55000,-30135,24865
2008/11/04,0,12000,-11000,1000
2008/11/05,0,35000,-29000,6000
2008/11/06,0,4000,-4000,0
2008/11/07,0,29000,-36000,-7000
2008/11/10,0,2000,-10000,-8000
2008/11/11,0,1000,-13000,-12000
2008/11/12,0,21000,-21000,0
2008/11/13,0,1000,-19000,-18000
2008/11/14,0,29000,-12000,17000
2008/11/17,0,0,-6000,-6000
2008/11/18,0,7000,-11000,-4000
2008/11/19,0,8000,-10000,-2000
2008/11/20,0,0,-15000,-15000
2008/11/21,0,7000,-25000,-18000
2008/11/24,0,0,0,0
2008/11/25,0,0,-4000,-4000
2008/11/26,0,0,0,0
2008/11/27,0,0,0,0
2008/11/28,0,2000,0,2000
2008/12/01,0,82000,0,82000
2008/12/02,0,40000,0,40000
2008/12/03,0,0,0,0
2008/12/04,0,0,-411,-411
2008/12/05,0,0,0,0
2008/12/08,0,55000,0,55000
2008/12/09,0,20000,-1000,19000
2008/12/10,0,74000,-94000,-20000
2008/12/11,0,1000,-24000,-23000
2008/12/12,0,14000,-16000,-2000
2008/12/15,0,47000,-53000,-6000
2008/12/16,0,50000,-10000,40000
2008/12/17,0,38000,0,38000
2008/12/18,0,0,-16000,-16000
2008/12/19,0,1000,-16000,-15000
2008/12/22,0,1000,-1000,0
2008/12/23,0,9000,-12000,-3000
2008/12/24,0,5000,-13000,-8000
2008/12/25,0,0,-3000,-3000
2008/12/26,0,0,-4000,-4000
2008/12/29,0,0,0,0
2008/12/30,0,8000,0,8000
2008/12/31,0,24000,-5000,19000
2009/01/01,0,0,0,0
2009/01/02,0,0,0,0
2009/01/05,0,70000,-4000,66000
2009/01/06,0,6000,-4000,2000
2009/01/07,0,0,-4000,-4000
2009/01/08,0,1000,-4000,-3000
2009/01/09,0,0,-8000,-8000
2009/01/12,0,138000,0,138000
2009/01/13,0,167000,-28000,139000
2009/01/14,0,23000,-173000,-150000
2009/01/15,0,17000,-36000,-19000
2009/01/16,0,10000,-10000,0
2009/01/19,0,0,-23000,-23000
2009/01/20,0,1000,-14000,-13000
2009/01/21,0,31000,-14000,17000
2009/01/22,0,0,0,0
2009/01/23,0,0,0,0
2009/01/26,0,0,0,0
2009/01/27,0,0,0,0
2009/01/28,0,0,0,0
2009/01/29,0,0,0,0
2009/01/30,0,0,0,0
2009/02/02,0,31000,-11000,20000
2009/02/03,0,43000,-54000,-11000
2009/02/04,0,617000,-42000,575000
2009/02/05,0,11000,-22000,-11000
2009/02/06,0,12000,-43000,-31000
2009/02/09,0,12000,-37000,-25000
2009/02/10,0,8000,-5000,3000
2009/02/11,0,12000,-4000,8000
2009/02/12,0,77000,-277000,-200000
2009/02/13,0,35000,-85000,-50000
2009/02/16,0,247000,-27000,220000
2009/02/17,0,0,-74000,-74000
2009/02/18,0,14000,-147000,-133000
2009/02/19,0,10000,-476000,-466000
2009/02/20,0,55000,-72000,-17000
2009/02/23,0,4000,-13000,-9000
2009/02/24,0,2000,-5000,-3000
2009/02/25,0,20000,-50000,-30000
2009/02/26,0,9000,-21000,-12000
2009/02/27,0,28000,-31000,-3000
2009/03/02,0,0,-50000,-50000
2009/03/03,0,7000,-106000,-99000
2009/03/04,0,0,-28000,-28000
2009/03/05,0,3000,-24000,-21000
2009/03/06,0,17000,-53000,-36000
2009/03/09,0,5000,-25000,-20000
2009/03/10,0,5000,-4000,1000
2009/03/11,0,66000,-26000,40000
2009/03/12,0,1000,-23000,-22000
2009/03/13,0,85000,-15000,70000
2009/03/16,0,26000,-8000,18000
2009/03/17,0,336000,-102000,234000
2009/03/18,0,823000,-312000,511000
2009/03/19,0,449000,-121000,328000
2009/03/20,0,1139000,-153000,986000
2009/03/23,0,662000,-17000,645000
2009/03/24,0,550000,-268000,282000
2009/03/25,0,276000,-236000,40000
2009/03/26,0,795000,-253000,542000
2009/03/27,0,504000,-2003000,-1499000
2009/03/30,0,1203000,-243000,960000
2009/03/31,0,577000,-58000,519000
2009/04/01,0,190000,-897000,-707000
2009/04/02,0,206000,-1191000,-985000
2009/04/03,0,633000,-604000,29000
2009/04/06,0,519000,-141000,378000
2009/04/07,0,165000,-535000,-370000
2009/04/08,0,352000,-823000,-471000
2009/04/09,0,696000,-44000,652000
2009/04/10,0,468000,-295000,173000
2009/04/13,0,154000,-603000,-449000
2009/04/14,0,344000,-241000,103000
2009/04/15,0,517000,-240000,277000
2009/04/16,0,906000,-229000,677000
2009/04/17,0,1288000,-777000,511000
2009/04/20,0,925000,-639000,286000
2009/04/21,0,508000,-425000,83000
2009/04/22,0,880000,-277789,602211
2009/04/23,0,614000,-425000,189000
2009/04/24,0,807000,-394000,413000
2009/04/27,0,857000,-887000,-30000
2009/04/28,0,522000,-426000,96000
2009/04/29,0,724000,-718000,6000
2009/04/30,0,351000,-513000,-162000
2009/05/01,0,0,0,0
2009/05/04,0,80000,-205000,-125000
2009/05/05,0,1603000,-1351000,252000
2009/05/06,0,318000,-1200000,-882000
2009/05/07,0,162000,-381000,-219000
2009/05/08,0,3037000,-541000,2496000
2009/05/11,0,42000,-490802,-448802
2009/05/12,0,291000,-407000,-116000
2009/05/13,0,367000,-266000,101000
2009/05/14,0,63000,-297000,-234000
2009/05/15,0,180000,-113000,67000
2009/05/18,0,87000,-60000,27000
2009/05/19,0,276000,-84000,192000
2009/05/20,0,171000,-497000,-326000
2009/05/21,0,153000,-456000,-303000
2009/05/22,0,171000,-251000,-80000
2009/05/25,0,610000,-229779,380221
2009/05/26,0,435000,-65000,370000
2009/05/27,0,401000,-173000,228000
2009/05/28,0,0,0,0
2009/05/29,0,0,0,0
2009/06/01,0,518000,-180000,338000
2009/06/02,0,1010000,-263780,746220
2009/06/03,0,394000,-639000,-245000
2009/06/04,0,171000,-141000,30000
2009/06/05,0,561000,-105000,456000
2009/06/08,0,1107000,-431000,676000
2009/06/09,0,927000,-168000,759000
2009/06/10,0,244000,-190260,53740
2009/06/11,0,515000,-440000,75000
2009/06/12,0,184000,-161000,23000
2009/06/15,0,1214000,-810000,404000
2009/06/16,0,1012000,-4643220,-3631220
2009/06/17,0,192000,-1068000,-876000
2009/06/18,0,284000,-120000,164000
2009/06/19,0,344000,-68000,276000
2009/06/22,0,118000,-454000,-336000
2009/06/23,0,424000,-89000,335000
2009/06/24,0,1053000,-625000,428000
2009/06/25,0,553212,-200000,353212
2009/06/26,0,140000,-227000,-87000
2009/06/29,0,781000,-621424,159576
2009/06/30,0,405000,-558000,-153000
2009/07/01,0,270000,-458000,-188000
2009/07/02,0,151000,-133000,18000
2009/07/03,0,169000,-223000,-54000
2009/07/06,0,178000,-1087000,-909000
2009/07/07,0,97207,-171000,-73793
2009/07/08,0,125000,-983000,-858000
2009/07/09,0,366000,-290000,76000
2009/07/10,0,211000,-165000,46000
2009/07/13,0,398000,-951000,-553000
2009/07/14,0,48000,-99000,-51000
2009/07/15,0,195802,-238000,-42198
2009/07/16,0,395000,-350000,45000
2009/07/17,0,172000,-140000,32000
2009/07/20,0,1009000,-249000,760000
2009/07/21,0,1066000,-1109000,-43000
2009/07/22,0,103000,-268000,-165000
2009/07/23,0,117748,-592000,-474252
2009/07/24,0,21350,-61000,-39650
2009/07/27,0,48000,-47000,1000
2009/07/28,0,102000,-47000,55000
2009/07/29,0,104000,-77000,27000
2009/07/30,0,173000,-162000,11000
2009/07/31,0,15000,-63000,-48000
2009/08/03,0,520000,-72000,448000
2009/08/04,0,1002000,-2261000,-1259000
2009/08/05,0,382321,-599000,-216679
2009/08/06,0,446000,-295000,151000
2009/08/07,0,0,0,0
2009/08/10,0,158000,-169000,-11000
2009/08/11,0,644000,-877000,-233000
2009/08/12,0,460000,-561000,-101000
2009/08/13,0,330000,-56000,274000
2009/08/14,0,244000,-496000,-252000
2009/08/17,0,231000,-96000,135000
2009/08/18,0,141000,-494000,-353000
2009/08/19,0,89000,-164000,-75000
2009/08/20,0,24000,-126000,-102000
2009/08/21,0,317000,-356000,-39000
2009/08/24,0,147000,-49000,98000
2009/08/25,0,58000,-169000,-111000
2009/08/26,0,83000,-97000,-14000
2009/08/27,0,158000,-241000,-83000
2009/08/28,0,33000,-94000,-61000
2009/08/31,0,471000,-44000,427000
2009/09/01,0,52000,-134000,-82000
2009/09/02,0,66000,-138000,-72000
2009/09/03,0,82000,-268000,-186000
2009/09/04,0,37000,-293000,-256000
2009/09/07,0,402000,-336000,66000
2009/09/08,0,477000,-2829000,-2352000
2009/09/09,0,96000,-181000,-85000
2009/09/10,0,99000,-317000,-218000
2009/09/11,0,65000,-602000,-537000
2009/09/14,0,50000,-1427000,-1377000
2009/09/15,0,120000,-526000,-406000
2009/09/16,0,8000,-577000,-569000
2009/09/17,0,32000,-411000,-379000
2009/09/18,0,130000,-56000,74000
2009/09/21,0,145000,-501000,-356000
2009/09/22,0,5000,-394000,-389000
2009/09/23,0,49000,-191000,-142000
2009/09/24,0,53000,-36000,17000
2009/09/25,0,314000,-1520000,-1206000
2009/09/28,0,75000,-95787,-20787
2009/09/29,0,49000,-718000,-669000
2009/09/30,0,14000,-117000,-103000
2009/10/01,0,169000,-1154000,-985000
2009/10/02,0,316000,-190000,126000
2009/10/05,0,122000,-95000,27000
2009/10/06,0,477000,-501000,-24000
2009/10/07,0,382000,-332000,50000
2009/10/08,0,1865000,-2522000,-657000
2009/10/09,0,159000,-1428000,-1269000
2009/10/12,0,16000,-395000,-379000
2009/10/13,0,233000,-466000,-233000
2009/10/14,0,42000,-775000,-733000
2009/10/15,0,63000,-292000,-229000
2009/10/16,0,43000,-10000,33000
2009/10/19,0,139000,-58000,81000
2009/10/20,0,192000,-26000,166000
2009/10/21,0,62000,-215000,-153000
2009/10/22,0,53000,-12000,41000
2009/10/23,0,212000,-45000,167000
2009/10/26,0,1231000,-275000,956000
2009/10/27,0,87000,-224000,-137000
2009/10/28,0,268000,-79000,189000
2009/10/29,0,492000,-594000,-102000
2009/10/30,0,41000,-515000,-474000
2009/11/02,0,308000,-40000,268000
2009/11/03,0,79000,-403000,-324000
2009/11/04,0,218000,-383000,-165000
2009/11/05,0,390000,-34000,356000
2009/11/06,0,391000,-401000,-10000
2009/11/09,0,126000,-245000,-119000
2009/11/10,0,289000,-39000,250000
2009/11/11,0,1194000,-452000,742000
2009/11/12,0,790000,-634000,156000
2009/11/13,0,804000,-318000,486000
2009/11/16,0,102000,-284000,-182000
2009/11/17,0,1450000,-56000,1394000
2009/11/18,0,609000,-99000,510000
2009/11/19,0,1177000,-388000,789000
2009/11/20,0,1212000,-12000,1200000
2009/11/23,0,291000,-406000,-115000
2009/11/24,0,160000,-317000,-157000
2009/11/25,0,156000,-1507000,-1351000
2009/11/26,0,356000,-82000,274000
2009/11/27,0,1219000,-122000,1097000
2009/11/30,0,197000,-50000,147000
2009/12/01,0,292000,-850000,-558000
2009/12/02,0,489000,-150000,339000
2009/12/03,0,852000,-825000,27000
2009/12/04,0,976000,-10000,966000
2009/12/07,0,115000,-2444000,-2329000
2009/12/08,0,810000,-58000,752000
2009/12/09,0,242000,-253000,-11000
2009/12/10,0,1227000,-149000,1078000
2009/12/11,0,201000,-508000,-307000
2009/12/14,0,239000,-514000,-275000
2009/12/15,0,199000,-1646000,-1447000
2009/12/16,0,276000,-711000,-435000
2009/12/17,0,205000,-943000,-738000
2009/12/18,0,356000,-25000,331000
2009/12/21,0,221000,-385000,-164000
2009/12/22,0,164000,-671000,-507000
2009/12/23,0,258000,-341000,-83000
2009/12/24,0,93000,-430000,-337000
2009/12/25,0,315000,-207000,108000
2009/12/28,0,211000,-724654,-513654
2009/12/29,0,264000,-221000,43000
2009/12/30,0,309000,-316000,-7000
2009/12/31,0,205000,-260000,-55000
2010/01/01,0,0,0,0
2010/01/04,0,216000,-111000,105000
2010/01/05,0,842000,-392000,450000
2010/01/06,0,757000,-960000,-203000
2010/01/07,0,508000,-153000,355000
2010/01/08,0,663000,-175000,488000
2010/01/11,0,102000,-496000,-394000
2010/01/12,0,410000,-379000,31000
2010/01/13,0,286000,-158000,128000
2010/01/14,0,122000,-64000,58000
2010/01/15,0,80000,-103000,-23000
2010/01/18,0,398000,-89000,309000
2010/01/19,0,205000,-124000,81000
2010/01/20,0,598857,-262000,336857
2010/01/21,0,237000,-355000,-118000
2010/01/22,0,660000,-181000,479000
2010/01/25,0,158000,-133000,25000
2010/01/26,0,681000,-509000,172000
2010/01/27,0,501000,-1109000,-608000
2010/01/28,0,236000,-288000,-52000
2010/01/29,0,312000,-162000,150000
2010/02/01,0,1391000,-418000,973000
2010/02/02,0,165000,-177000,-12000
2010/02/03,0,92000,-200688,-108688
2010/02/04,0,173000,-278000,-105000
2010/02/05,0,1314000,-136000,1178000
2010/02/08,0,138000,-574000,-436000
2010/02/09,0,23000,-468000,-445000
2010/02/10,0,192000,-340000,-148000
2010/02/11,0,0,0,0
2010/02/12,0,0,0,0
2010/02/15,0,0,0,0
2010/02/16,0,0,0,0
2010/02/17,0,0,0,0
2010/02/18,0,0,0,0
2010/02/19,0,0,0,0
2010/02/22,0,256000,-1026000,-770000
2010/02/23,0,1184000,-533468,650532
2010/02/24,0,531000,-102000,429000
2010/02/25,0,547000,-149000,398000
2010/02/26,0,111000,-338000,-227000
2010/03/01,0,238000,-312000,-74000
2010/03/02,0,131000,-546000,-415000
2010/03/03,0,245000,-548000,-303000
2010/03/04,0,298000,-213000,85000
2010/03/05,0,49000,-68000,-19000
2010/03/08,0,382000,-154000,228000
2010/03/09,0,104000,-18000,86000
2010/03/10,0,137000,-369000,-232000
2010/03/11,0,145000,-295000,-150000
2010/03/12,0,143000,-289000,-146000
2010/03/15,0,520000,-85000,435000
2010/03/16,0,199000,-30000,169000
2010/03/17,0,209000,-536000,-327000
2010/03/18,0,290000,-704000,-414000
2010/03/19,0,328000,-680000,-352000
2010/03/22,0,162000,-113000,49000
2010/03/23,0,274000,-201000,73000
2010/03/24,0,194000,-947000,-753000
2010/03/25,0,583000,-258000,325000
2010/03/26,0,586000,-208000,378000
2010/03/29,0,201000,-125000,76000
2010/03/30,0,318000,-347000,-29000
2010/03/31,0,148000,-352000,-204000
2010/04/01,0,463000,-400000,63000
2010/04/02,0,483000,-355000,128000
2010/04/05,0,0,0,0
2010/04/06,0,43000,-437000,-394000
2010/04/07,0,423000,-452000,-29000
2010/04/08,0,402000,-470000,-68000
2010/04/09,0,271000,-618000,-347000
2010/04/12,0,306000,-82000,224000
2010/04/13,0,369000,-84000,285000
2010/04/14,0,236000,-51000,185000
2010/04/15,0,390000,-398000,-8000
2010/04/16,0,198000,-489000,-291000
2010/04/19,0,1032000,-228000,804000
2010/04/20,0,362000,-735000,-373000
2010/04/21,0,423000,-328000,95000
2010/04/22,0,260000,-77000,183000
2010/04/23,0,327000,-501000,-174000
2010/04/26,0,143000,-403000,-260000
2010/04/27,0,128000,-404000,-276000
2010/04/28,0,201000,-200000,1000
2010/04/29,0,302000,-192000,110000
2010/04/30,0,323000,-776000,-453000
2010/05/03,0,268000,-178000,90000
2010/05/04,0,461000,-209000,252000
2010/05/05,0,187000,-123000,64000
2010/05/06,0,1342000,-169000,1173000
2010/05/07,0,727000,-1688092,-961092
2010/05/10,0,186000,-299000,-113000
2010/05/11,0,526000,-634829,-108829
2010/05/12,0,1164000,-940000,224000
2010/05/13,0,569000,-560000,9000
2010/05/14,0,52000,-51000,1000
2010/05/17,0,155000,-81000,74000
2010/05/18,0,896000,-215000,681000
2010/05/19,0,498000,-178000,320000
2010/05/20,0,196000,-329000,-133000
2010/05/21,0,354000,-707000,-353000
2010/05/24,0,585000,-1036000,-451000
2010/05/25,0,233000,-342000,-109000
2010/05/26,0,325000,-2290000,-1965000
2010/05/27,0,2287000,-43000,2244000
2010/05/28,0,983000,-420000,563000
2010/05/31,0,637000,-529000,108000
2010/06/01,0,292000,-359000,-67000
2010/06/02,0,636000,-732000,-96000
2010/06/03,0,195000,-1424000,-1229000
2010/06/04,0,8000,-309000,-301000
2010/06/07,0,194000,-205000,-11000
2010/06/08,0,160000,-130000,30000
2010/06/09,0,621000,-211000,410000
2010/06/10,0,233000,-181000,52000
2010/06/11,0,410000,-906000,-496000
2010/06/14,0,103000,-158000,-55000
2010/06/15,0,287000,-402000,-115000
2010/06/16,0,0,0,0
2010/06/17,0,515000,-299000,216000
2010/06/18,0,189000,-600000,-411000
2010/06/21,0,681000,-839000,-158000
2010/06/22,0,8000,-84000,-76000
2010/06/23,0,229000,-287000,-58000
2010/06/24,0,104000,-187166,-83166
2010/06/25,0,1097000,-152000,945000
2010/06/28,0,838000,-717000,121000
2010/06/29,0,1108000,-359000,749000
2010/06/30,0,538000,-646000,-108000
2010/07/01,0,982000,-470000,512000
2010/07/02,0,1655000,-710000,945000
2010/07/05,0,502000,-1072000,-570000
2010/07/06,0,728000,-335000,393000
2010/07/07,0,253000,-847000,-594000
2010/07/08,0,236000,-262000,-26000
2010/07/09,0,2007000,-139000,1868000
2010/07/12,0,161000,-82000,79000
2010/07/13,0,751000,-209000,542000
2010/07/14,0,1060000,-145000,915000
2010/07/15,0,1747000,-79000,1668000
2010/07/16,0,968000,-1652000,-684000
2010/07/19,0,289000,-486000,-197000
2010/07/20,0,441000,-384000,57000
2010/07/21,0,624000,-878000,-254000
2010/07/22,0,547000,-1014000,-467000
2010/07/23,0,654000,-391701,262299
2010/07/26,0,245000,-393000,-148000
2010/07/27,0,258000,-351000,-93000
2010/07/28,0,1072000,-1431000,-359000
2010/07/29,0,106000,-375622,-269622
2010/07/30,0,361000,-615000,-254000
2010/08/02,0,1001000,-1805000,-804000
2010/08/03,0,278000,-1139000,-861000
2010/08/04,0,338000,-628000,-290000
2010/08/05,0,952000,-508000,444000
2010/08/06,0,705000,-605000,100000
2010/08/09,0,292000,-647000,-355000
2010/08/10,0,1183000,-611000,572000
2010/08/11,0,305000,-292000,13000
2010/08/12,0,145000,-434000,-289000
2010/08/13,0,702000,-187000,515000
2010/08/16,0,1119000,-94000,1025000
2010/08/17,0,5379000,-644000,4735000
2010/08/18,0,1228000,-6165000,-4937000
2010/08/19,0,299000,-1931000,-1632000
2010/08/20,0,83000,-487886,-404886
2010/08/23,0,389000,-539000,-150000
2010/08/24,0,458000,-573000,-115000
2010/08/25,0,742000,-450456,291544
2010/08/26,0,59000,-750000,-691000
2010/08/27,0,147000,-213000,-66000
2010/08/30,0,308000,-112000,196000
2010/08/31,0,109000,-103000,6000
2010/09/01,0,170000,-574000,-404000
2010/09/02,0,607000,-265000,342000
2010/09/03,0,565000,-244000,321000
2010/09/06,0,392000,-349000,43000
2010/09/07,0,299000,-418000,-119000
2010/09/08,0,411000,-1042000,-631000
2010/09/09,0,510200,-377000,133200
2010/09/10,0,351000,-194000,157000
2010/09/13,0,1171000,-990000,181000
2010/09/14,0,354000,-546000,-192000
2010/09/15,0,278000,-75000,203000
2010/09/16,0,604000,-468000,136000
2010/09/17,0,3220000,-1128000,2092000
2010/09/20,0,594000,-498000,96000
2010/09/21,0,277000,-460000,-183000
2010/09/22,0,0,0,0
2010/09/23,0,197000,-633000,-436000
2010/09/24,0,246000,-342000,-96000
2010/09/27,0,1424000,-481000,943000
2010/09/28,0,391000,-332100,58900
2010/09/29,0,348000,-699000,-351000
2010/09/30,0,315000,-371000,-56000
2010/10/01,0,800000,-300000,500000
2010/10/04,0,495000,-847000,-352000
2010/10/05,0,463000,-331000,132000
2010/10/06,0,391000,-536000,-145000
2010/10/07,0,1450000,-488591,961409
2010/10/08,0,207000,-638000,-431000
2010/10/11,0,433000,-1120604,-687604
2010/10/12,0,477000,-692344,-215344
2010/10/13,0,599000,-1041056,-442056
2010/10/14,0,174000,-902078,-728078
2010/10/15,0,183000,-140000,43000
2010/10/18,0,646240,-565000,81240
2010/10/19,0,253000,-223774,29226
2010/10/20,0,346000,-63104,282896
2010/10/21,0,131000,-234520,-103520
2010/10/22,0,1210000,-168030,1041970
2010/10/25,0,504000,-310040,193960
2010/10/26,0,151000,-56380,94620
2010/10/27,0,203000,-94530,108470
2010/10/28,0,796150,-927000,-130850
2010/10/29,0,851000,-71000,780000
2010/11/01,0,660000,-837070,-177070
2010/11/02,0,891000,-586000,305000
2010/11/03,0,1639000,-531000,1108000
2010/11/04,0,129000,-526000,-397000
2010/11/05,0,504080,-1262000,-757920
2010/11/08,0,922000,-1118000,-196000
2010/11/09,0,1150000,-99000,1051000
2010/11/10,0,1039000,-1193435,-154435
2010/11/11,0,744000,-157000,587000
2010/11/12,0,1272000,-488000,784000
2010/11/15,0,974000,-304000,670000
2010/11/16,0,156000,-643000,-487000
2010/11/17,0,894000,-552000,342000
2010/11/18,0,923000,-124000,799000
2010/11/19,0,101000,-219000,-118000
2010/11/22,0,112000,-999840,-887840
2010/11/23,0,231000,-176000,55000
2010/11/24,0,1300000,-523000,777000
2010/11/25,0,149000,-718000,-569000
2010/11/26,0,958000,-274826,683174
2010/11/29,0,690000,-2296000,-1606000
2010/11/30,0,520000,-1069000,-549000
2010/12/01,0,977000,-2636000,-1659000
2010/12/02,0,694000,-534000,160000
2010/12/03,0,190000,-73000,117000
2010/12/06,0,881000,-490000,391000
2010/12/07,0,915000,-325000,590000
2010/12/08,0,1005000,-223000,782000
2010/12/09,0,225000,-235000,-10000
2010/12/10,0,998000,-521000,477000
2010/12/13,0,473000,-1360000,-887000
2010/12/14,0,1033000,-804000,229000
2010/12/15,0,308000,-1612000,-1304000
2010/12/16,0,558000,-679000,-121000
2010/12/17,0,582000,-496000,86000
2010/12/20,0,284000,-476000,-192000
2010/12/21,0,1243000,-144000,1099000
2010/12/22,0,418000,-458000,-40000
2010/12/23,0,939000,-278000,661000
2010/12/24,0,2415000,-560000,1855000
2010/12/27,0,4669000,-2507000,2162000
2010/12/28,0,0,-498000,-498000
2010/12/29,0,3525000,-6056952,-2531952
2010/12/30,0,2786000,-3775000,-989000
2010/12/31,0,2242000,-2258000,-16000
2011/01/03,0,1160000,-1291000,-131000
2011/01/04,0,3057000,-1056000,2001000
2011/01/05,0,1816000,-2225000,-409000
2011/01/06,0,1390000,-765000,625000
2011/01/07,0,1898000,-1007000,891000
2011/01/10,0,1445000,-703000,742000
2011/01/11,0,1642000,-1422000,220000
2011/01/12,0,2660000,-863716,1796284
2011/01/13,0,1852000,-2640000,-788000
2011/01/14,0,635000,-1316000,-681000
2011/01/17,0,785000,-1064000,-279000
2011/01/18,0,2503000,-1394000,1109000
2011/01/19,0,1368000,-654000,714000
2011/01/20,0,1678000,-741000,937000
2011/01/21,0,1616000,-788000,828000
2011/01/24,0,1187000,-900000,287000
2011/01/25,0,1023000,-1207000,-184000
2011/01/26,0,1833000,-1041000,792000
2011/01/27,0,652000,-367000,285000
2011/01/28,0,703000,-542000,161000
2011/01/31,0,0,0,0
2011/02/01,0,0,0,0
2011/02/02,0,0,0,0
2011/02/03,0,0,0,0
2011/02/04,0,0,0,0
2011/02/07,0,0,0,0
2011/02/08,0,438000,-396000,42000
2011/02/09,0,851000,-477000,374000
2011/02/10,0,1603000,-1779000,-176000
2011/02/11,0,2641000,-4144000,-1503000
2011/02/14,0,683000,-1676000,-993000
2011/02/15,0,1013000,-410000,603000
2011/02/16,0,2170000,-2168982,1018
2011/02/17,0,741000,-1240000,-499000
2011/02/18,0,985000,-1806000,-821000
2011/02/21,0,282000,-243000,39000
2011/02/22,0,909000,-966000,-57000
2011/02/23,0,1430000,-1013000,417000
2011/02/24,0,531000,-699000,-168000
2011/02/25,0,1786000,-1421000,365000
2011/02/28,0,0,0,0
2011/03/01,0,281000,-573000,-292000
2011/03/02,0,760000,-1261000,-501000
2011/03/03,0,1342000,-1844000,-502000
2011/03/04,0,427000,-596000,-169000
2011/03/07,0,108000,-1930000,-1822000
2011/03/08,0,186000,-561000,-375000
2011/03/09,0,182000,-275000,-93000
2011/03/10,0,860000,-693000,167000
2011/03/11,0,796000,-426000,370000
2011/03/14,0,1926000,-728000,1198000
2011/03/15,0,1949000,-1064000,885000
2011/03/16,0,969000,-264000,705000
2011/03/17,0,788000,-723414,64586
2011/03/18,0,739000,-1910000,-1171000
2011/03/21,0,239000,-402000,-163000
2011/03/22,0,1160000,-325000,835000
2011/03/23,0,368000,-458828,-90828
2011/03/24,0,398000,-67000,331000
2011/03/25,0,777000,-175000,602000
2011/03/28,0,309000,-146000,163000
2011/03/29,0,615000,-2146000,-1531000
2011/03/30,0,794000,-837000,-43000
2011/03/31,0,559000,-368000,191000
2011/04/01,0,1414000,-332000,1082000
2011/04/04,0,0,0,0
2011/04/05,0,0,0,0
2011/04/06,0,893000,-925000,-32000
2011/04/07,0,374000,-393000,-19000
2011/04/08,0,743000,-359000,384000
2011/04/11,0,268000,-179723,88277
2011/04/12,0,730000,-470000,260000
2011/04/13,0,281000,-245000,36000
2011/04/14,0,952000,-304000,648000
2011/04/15,0,1674000,-2560000,-886000
2011/04/18,0,874000,-2100211,-1226211
2011/04/19,0,1474000,-338000,1136000
2011/04/20,0,2660000,-1584000,1076000
2011/04/21,0,4947000,-1302000,3645000
2011/04/22,0,1675000,-10994000,-9319000
2011/04/25,0,476000,-3844976,-3368976
2011/04/26,0,627000,-1693000,-1066000
2011/04/27,0,4198000,-3196000,1002000
2011/04/28,0,906000,-2389000,-1483000
2011/04/29,0,953000,-4457000,-3504000
2011/05/02,0,0,0,0
2011/05/03,0,1030000,-3182000,-2152000
2011/05/04,0,1616000,-2075000,-459000
2011/05/05,0,1679000,-1860390,-181390
2011/05/06,0,1726000,-479000,1247000
2011/05/09,0,666000,-1911000,-1245000
2011/05/10,0,499000,-316000,183000
2011/05/11,0,1907000,-1280850,626150
2011/05/12,0,1438000,-572000,866000
2011/05/13,0,140000,-369000,-229000
2011/05/16,0,637000,-450000,187000
2011/05/17,0,1427000,-1507000,-80000
2011/05/18,0,1005000,-922000,83000
2011/05/19,0,847000,-2688100,-1841100
2011/05/20,0,1987000,-1249608,737392
2011/05/23,0,2623000,-1103000,1520000
2011/05/24,0,1485000,-2838000,-1353000
2011/05/25,0,731000,-2109000,-1378000
2011/05/26,0,777000,-2242000,-1465000
2011/05/27,0,666000,-2114000,-1448000
2011/05/30,0,708000,-864816,-156816
2011/05/31,0,787000,-3028262,-2241262
2011/06/01,0,860000,-837000,23000
2011/06/02,0,1224000,-858874,365126
2011/06/03,0,191000,-738000,-547000
2011/06/06,0,0,0,0
2011/06/07,0,2558000,-1858000,700000
2011/06/08,0,1235000,-518000,717000
2011/06/09,0,1010000,-806000,204000
2011/06/10,0,1349000,-2677000,-1328000
2011/06/13,0,1076000,-2208000,-1132000
2011/06/14,0,491000,-706000,-215000
2011/06/15,0,580000,-1165000,-585000
2011/06/16,0,1348000,-2025000,-677000
2011/06/17,0,1037000,-1343218,-306218
2011/06/20,0,512000,-1814000,-1302000
2011/06/21,0,804000,-1887000,-1083000
2011/06/22,0,3468000,-1617000,1851000
2011/06/23,0,892000,-2257000,-1365000
2011/06/24,0,862000,-725000,137000
2011/06/27,0,704000,-692000,12000
2011/06/28,0,647000,-1025090,-378090
2011/06/29,0,744000,-1079000,-335000
2011/06/30,0,916000,-2592000,-1676000
2011/07/01,0,424000,-2099000,-1675000
2011/07/04,0,436000,-719000,-283000
2011/07/05,0,831000,-622728,208272
2011/07/06,0,1081000,-650000,431000
2011/07/07,0,460000,-1194000,-734000
2011/07/08,0,1758000,-1285000,473000
2011/07/11,0,966000,-662000,304000
2011/07/12,0,615000,-1107000,-492000
2011/07/13,0,1576000,-758844,817156
2011/07/14,0,453000,-1408000,-955000
2011/07/15,0,1995000,-793000,1202000
2011/07/18,0,779000,-733000,46000
2011/07/19,0,1045000,-522000,523000
2011/07/20,0,1137000,-835000,302000
2011/07/21,0,1325000,-658000,667000
2011/07/22,0,879000,-746300,132700
2011/07/25,0,1734000,-722000,1012000
2011/07/26,0,2497000,-802000,1695000
2011/07/27,0,3047000,-210000,2837000
2011/07/28,0,621000,-3419000,-2798000
2011/07/29,0,2146000,-2336000,-190000
2011/08/01,0,1302000,-3022000,-1720000
2011/08/02,0,1345000,-1189000,156000
2011/08/03,0,1508000,-2384565,-876565
2011/08/04,0,2078000,-1808000,270000
2011/08/05,0,4722000,-3493000,1229000
2011/08/08,0,3553000,-2415000,1138000
2011/08/09,0,4460000,-4244037,215963
2011/08/10,0,935000,-3406000,-2471000
2011/08/11,0,2119000,-1677000,442000
2011/08/12,0,631000,-1619000,-988000
2011/08/15,0,519000,-723000,-204000
2011/08/16,0,856000,-1115000,-259000
2011/08/17,0,704000,-1240000,-536000
2011/08/18,0,647000,-561000,86000
2011/08/19,0,3821000,-2923000,898000
2011/08/22,0,3888000,-2294824,1593176
2011/08/23,0,2012000,-3084000,-1072000
2011/08/24,0,593000,-1704000,-1111000
2011/08/25,0,1775000,-2554000,-779000
2011/08/26,0,1745000,-2173000,-428000
2011/08/29,0,826000,-568120,257880
2011/08/30,0,1013000,-349000,664000
2011/08/31,0,791000,-539000,252000
2011/09/01,0,428000,-344000,84000
2011/09/02,0,232000,-684000,-452000
2011/09/05,0,801000,-827000,-26000
2011/09/06,0,757000,-2216000,-1459000
2011/09/07,0,1058000,-833000,225000
2011/09/08,0,562000,-669000,-107000
2011/09/09,0,245000,-669000,-424000
2011/09/12,0,0,0,0
2011/09/13,0,148000,-1901000,-1753000
2011/09/14,0,1025000,-849000,176000
2011/09/15,0,689000,-540000,149000
2011/09/16,0,1773000,-335000,1438000
2011/09/19,0,1058000,-947000,111000
2011/09/20,0,694000,-1286000,-592000
2011/09/21,0,1760000,-506000,1254000
2011/09/22,0,457000,-1537000,-1080000
2011/09/23,0,367160,-2251000,-1883840
2011/09/26,0,653000,-1725000,-1072000
2011/09/27,0,2216000,-469000,1747000
2011/09/28,0,717000,-690000,27000
2011/09/29,0,1754000,-791000,963000
2011/09/30,0,2507000,-1321000,1186000
2011/10/03,0,181000,-2010000,-1829000
2011/10/04,0,698000,-800000,-102000
2011/10/05,0,471250,-310422,160828
2011/10/06,0,677000,-399000,278000
2011/10/07,0,2676000,-807000,1869000
2011/10/10,0,0,0,0
2011/10/11,0,2968000,-2423000,545000
2011/10/12,0,301001,-1129500,-828499
2011/10/13,0,675000,-371000,304000
2011/10/14,0,318000,-1014750,-696750
2011/10/17,0,1863000,-119000,1744000
2011/10/18,0,58000,-347032,-289032
2011/10/19,0,689000,-61000,628000
2011/10/20,0,162000,-1443000,-1281000
2011/10/21,0,1475000,-520000,955000
2011/10/24,0,1848000,-161000,1687000
2011/10/25,0,301000,-991000,-690000
2011/10/26,0,411000,-232000,179000
2011/10/27,0,1104000,-203000,901000
2011/10/28,0,1327000,-680140,646860
2011/10/31,0,392000,-1219000,-827000
2011/11/01,0,401000,-673000,-272000
2011/11/02,0,2189000,-651000,1538000
2011/11/03,0,719000,-2461000,-1742000
2011/11/04,0,619000,-765000,-146000
2011/11/07,0,173000,-379000,-206000
2011/11/08,0,459000,-642000,-183000
2011/11/09,0,193000,-1043000,-850000
2011/11/10,0,536000,-2452000,-1916000
2011/11/11,0,503145,-1281000,-777855
2011/11/14,0,1092000,-431000,661000
2011/11/15,0,189000,-591220,-402220
2011/11/16,0,613000,-590000,23000
2011/11/17,0,627000,-1012000,-385000
2011/11/18,0,1704000,-150000,1554000
2011/11/21,0,933000,-835694,97306
2011/11/22,0,589190,-1342000,-752810
2011/11/23,0,652000,-1654000,-1002000
2011/11/24,0,455000,-148000,307000
2011/11/25,0,78000,-1654000,-1576000
2011/11/28,0,207000,-329000,-122000
2011/11/29,0,703000,-70950,632050
2011/11/30,0,501000,-1565000,-1064000
2011/12/01,0,1445000,-105000,1340000
2011/12/02,0,847000,-138000,709000
2011/12/05,0,1114000,-1087000,27000
2011/12/06,0,123000,-217000,-94000
2011/12/07,0,365000,-420000,-55000
2011/12/08,0,381000,-982509,-601509
2011/12/09,0,344000,-718000,-374000
2011/12/12,0,103000,-1092000,-989000
2011/12/13,0,461000,-852000,-391000
2011/12/14,0,213000,-243260,-30260
2011/12/15,0,104000,-560000,-456000
2011/12/16,0,25000,-200000,-175000
2011/12/19,0,173000,-293000,-120000
2011/12/20,0,324000,-260000,64000
2011/12/21,0,0,-23000,-23000
2011/12/22,0,2238000,-262000,1976000
2011/12/23,0,827000,-313000,514000
2011/12/26,0,207000,-135000,72000
2011/12/27,0,339000,-378000,-39000
2011/12/28,0,273000,-113000,160000
2011/12/29,0,205000,-90000,115000
2011/12/30,0,454000,-318000,136000
2012/01/02,0,144000,-350000,-206000
2012/01/03,0,250000,-132000,118000
2012/01/04,0,128000,-346000,-218000
2012/01/05,0,327000,-176175,150825
2012/01/06,0,257000,-240000,17000
2012/01/09,0,182000,-83000,99000
2012/01/10,0,544000,-163000,381000
2012/01/11,0,71000,-151000,-80000
2012/01/12,0,458000,-174000,284000
2012/01/13,0,699000,-445000,254000
2012/01/16,0,99000,-975000,-876000
2012/01/17,0,859000,-655000,204000
2012/01/18,0,191000,-1001000,-810000
2012/01/19,0,0,0,0
2012/01/20,0,0,0,0
2012/01/23,0,0,0,0
2012/01/24,0,0,0,0
2012/01/25,0,0,0,0
2012/01/26,0,0,0,0
2012/01/27,0,0,0,0
2012/01/30,0,2115000,-1197000,918000
2012/01/31,0,1236000,-591000,645000
2012/02/01,0,1548000,-783000,765000
2012/02/02,0,858000,-892000,-34000
2012/02/03,0,624000,-356000,268000
2012/02/06,0,568000,-452000,116000
2012/02/07,0,1047000,-1465000,-418000
2012/02/08,0,1227000,-1398000,-171000
2012/02/09,0,785000,-441000,344000
2012/02/10,0,505000,-223000,282000
2012/02/13,0,557000,-481000,76000
2012/02/14,0,175000,-2104000,-1929000
2012/02/15,0,1233000,-364937,868063
2012/02/16,0,776000,-656000,120000
2012/02/17,0,327000,-666000,-339000
2012/02/20,0,143000,-258000,-115000
2012/02/21,0,167000,-405000,-238000
2012/02/22,0,1034000,-377000,657000
2012/02/23,0,287000,-599000,-312000
2012/02/24,0,569000,-775000,-206000
2012/02/27,0,0,0,0
2012/02/28,0,0,0,0
2012/02/29,0,1665000,-873000,792000
2012/03/01,0,175000,-507000,-332000
2012/03/02,0,687000,-349000,338000
2012/03/05,0,339000,-1104000,-765000
2012/03/06,0,564000,-780000,-216000
2012/03/07,0,250000,-440000,-190000
2012/03/08,0,2087000,-303000,1784000
2012/03/09,0,1254000,-1620000,-366000
2012/03/12,0,179000,-509000,-330000
2012/03/13,0,3236000,-460000,2776000
2012/03/14,0,1754000,-2674000,-920000
2012/03/15,0,643000,-435000,208000
2012/03/16,0,128000,-310000,-182000
2012/03/19,0,114000,-291000,-177000
2012/03/20,0,110000,-325000,-215000
2012/03/21,0,143000,-137000,6000
2012/03/22,0,1581000,-336000,1245000
2012/03/23,0,947000,-529000,418000
2012/03/26,0,403000,-421000,-18000
2012/03/27,0,152000,-1195000,-1043000
2012/03/28,0,71000,-899000,-828000
2012/03/29,0,272000,-2221946,-1949946
2012/03/30,0,451000,-227000,224000
2012/04/02,0,140000,-173000,-33000
2012/04/03,0,487000,-646000,-159000
2012/04/04,0,0,0,0
2012/04/05,0,386000,-804000,-418000
2012/04/06,0,629000,-697000,-68000
2012/04/09,0,166000,-194000,-28000
2012/04/10,0,355000,-151000,204000
2012/04/11,0,220000,-59000,161000
2012/04/12,0,103000,-194000,-91000
2012/04/13,0,875000,-284000,591000
2012/04/16,0,61000,-173000,-112000
2012/04/17,0,134000,-386000,-252000
2012/04/18,0,396000,-557000,-161000
2012/04/19,0,569000,-423000,146000
2012/04/20,0,213000,-179000,34000
2012/04/23,0,231000,-216000,15000
2012/04/24,0,209000,-331000,-122000
2012/04/25,0,316000,-632000,-316000
2012/04/26,0,138000,-588000,-450000
2012/04/27,0,138000,-522185,-384185
2012/04/30,0,87000,-416000,-329000
2012/05/01,0,0,0,0
2012/05/02,0,793000,-176000,617000
2012/05/03,0,192000,-117000,75000
2012/05/04,0,82000,-355000,-273000
2012/05/07,0,76000,-171000,-95000
2012/05/08,0,132000,-73626,58374
2012/05/09,0,83000,-200000,-117000
2012/05/10,0,53000,-68000,-15000
2012/05/11,0,257000,-488000,-231000
2012/05/14,0,57000,-120000,-63000
2012/05/15,0,132000,-213000,-81000
2012/05/16,0,328000,-298000,30000
2012/05/17,0,634000,-239000,395000
2012/05/18,0,242000,-431000,-189000
2012/05/21,0,299000,-97000,202000
2012/05/22,0,313000,-372000,-59000
2012/05/23,0,383000,-399000,-16000
2012/05/24,0,304000,-260000,44000
2012/05/25,0,280000,-154000,126000
2012/05/28,0,437000,-394000,43000
2012/05/29,0,355000,-805000,-450000
2012/05/30,0,226000,-182000,44000
2012/05/31,0,755000,-1091000,-336000
2012/06/01,0,459000,-1492000,-1033000
2012/06/04,0,196000,-812000,-616000
2012/06/05,0,228000,-591000,-363000
2012/06/06,0,72000,-666000,-594000
2012/06/07,0,494000,-1101000,-607000
2012/06/08,0,179000,-1010474,-831474
2012/06/11,0,164000,-1213000,-1049000
2012/06/12,0,64000,-556000,-492000
2012/06/13,0,171000,-628000,-457000
2012/06/14,0,634000,-904000,-270000
2012/06/15,0,2555000,-2169000,386000
2012/06/18,0,963000,-1201000,-238000
2012/06/19,0,409000,-427000,-18000
2012/06/20,0,464000,-890000,-426000
2012/06/21,0,867000,-530000,337000
2012/06/22,0,726000,-656000,70000
2012/06/25,0,422000,-1409000,-987000
2012/06/26,0,215000,-740000,-525000
2012/06/27,0,692000,-902798,-210798
2012/06/28,0,243000,-662000,-419000
2012/06/29,0,374000,-224000,150000
2012/07/02,0,1314000,-676000,638000
2012/07/03,0,269000,-526000,-257000
2012/07/04,0,540000,-521000,19000
2012/07/05,0,355000,-560000,-205000
2012/07/06,0,178000,-330000,-152000
2012/07/09,0,108000,-236000,-128000
2012/07/10,0,268000,-114000,154000
2012/07/11,0,424000,-1570000,-1146000
2012/07/12,0,315000,-647000,-332000
2012/07/13,0,197000,-466000,-269000
2012/07/16,0,97000,-374000,-277000
2012/07/17,0,159000,-483000,-324000
2012/07/18,0,95000,-171000,-76000
2012/07/19,0,461000,-472000,-11000
2012/07/20,0,43000,-213000,-170000
2012/07/23,0,449000,-263000,186000
2012/07/24,0,233000,-158000,75000
2012/07/25,0,64000,-176190,-112190
2012/07/26,0,799000,-1481000,-682000
2012/07/27,0,345000,-1082000,-737000
2012/07/30,0,1110000,-1330000,-220000
2012/07/31,0,150000,-1669000,-1519000
2012/08/01,0,305000,-216000,89000
2012/08/02,0,0,0,0
2012/08/03,0,69000,-62000,7000
2012/08/06,0,330000,-186000,144000
2012/08/07,0,63000,-105000,-42000
2012/08/08,0,301000,-480000,-179000
2012/08/09,0,195000,-485000,-290000
2012/08/10,0,1156000,-332000,824000
2012/08/13,0,1013000,-171000,842000
2012/08/14,0,632000,-284000,348000
2012/08/15,0,442000,-960000,-518000
2012/08/16,0,327000,-123000,204000
2012/08/17,0,409000,-152000,257000
2012/08/20,0,91000,-223000,-132000
2012/08/21,0,412000,-354000,58000
2012/08/22,0,198000,-303000,-105000
2012/08/23,0,287000,-98000,189000
2012/08/24,0,261000,-1261000,-1000000
2012/08/27,0,30000,-180000,-150000
2012/08/28,0,39000,-83000,-44000
2012/08/29,0,48000,-306000,-258000
2012/08/30,0,226000,-314000,-88000
2012/08/31,0,53000,-737000,-684000
2012/09/03,0,670000,-367000,303000
2012/09/04,0,104000,-142000,-38000
2012/09/05,0,62000,-147000,-85000
2012/09/06,0,1096000,-48000,1048000
2012/09/07,0,435000,-381000,54000
2012/09/10,0,550000,-201000,349000
2012/09/11,0,1066000,-239000,827000
2012/09/12,0,932000,-347000,585000
2012/09/13,0,1081000,-1093000,-12000
2012/09/14,0,1104000,-799000,305000
2012/09/17,0,1789000,-2286000,-497000
2012/09/18,0,287000,-191000,96000
2012/09/19,0,726000,-313732,412268
2012/09/20,0,307000,-304000,3000
2012/09/21,0,130000,-116000,14000
2012/09/24,0,350000,-76000,274000
2012/09/25,0,55000,-608000,-553000
2012/09/26,0,555000,-132000,423000
2012/09/27,0,133000,-135000,-2000
2012/09/28,0,71000,-745000,-674000
2012/10/01,0,23000,-148000,-125000
2012/10/02,0,200000,-110000,90000
2012/10/03,0,671000,-342000,329000
2012/10/04,0,528000,-605000,-77000
2012/10/05,0,698000,-231000,467000
2012/10/08,0,173000,-518000,-345000
2012/10/09,0,178000,-283000,-105000
2012/10/10,0,0,0,0
2012/10/11,0,492000,-696620,-204620
2012/10/12,0,72000,-434000,-362000
2012/10/15,0,333108,-243000,90108
2012/10/16,0,94000,-291000,-197000
2012/10/17,0,183000,-293000,-110000
2012/10/18,0,463000,-104000,359000
2012/10/19,0,369000,-314000,55000
2012/10/22,0,547000,-482000,65000
2012/10/23,0,268000,-633259,-365259
2012/10/24,0,176000,-178000,-2000
2012/10/25,0,175000,-314750,-139750
2012/10/26,0,115000,-884624,-769624
2012/10/29,0,372000,-880000,-508000
2012/10/30,0,605000,-1798000,-1193000
2012/10/31,0,130000,-1364998,-1234998
2012/11/01,0,721000,-612000,109000
2012/11/02,0,888000,-374000,514000
2012/11/05,0,61000,-164000,-103000
2012/11/06,0,81000,-1198951,-1117951
2012/11/07,0,268000,-261000,7000
2012/11/08,0,76000,-1675000,-1599000
2012/11/09,0,310000,-30000,280000
2012/11/12,0,46000,-138000,-92000
2012/11/13,0,48000,-282000,-234000
2012/11/14,0,58000,-201000,-143000
2012/11/15,0,97000,-59000,38000
2012/11/16,0,268000,-66000,202000
2012/11/19,0,1171000,-104000,1067000
2012/11/20,0,603000,-1065000,-462000
2012/11/21,0,175000,-502599,-327599
2012/11/22,0,481000,-309000,172000
2012/11/23,0,467000,-210000,257000
2012/11/26,0,833000,-254000,579000
2012/11/27,0,639000,-249000,390000
2012/11/28,0,98000,-97000,1000
2012/11/29,0,441000,-339000,102000
2012/11/30,0,885000,-523000,362000
2012/12/03,0,868000,-685000,183000
2012/12/04,0,109000,-596000,-487000
2012/12/05,0,1071000,-178067,892933
2012/12/06,0,163000,-878000,-715000
2012/12/07,0,253000,-360000,-107000
2012/12/10,0,236000,-334000,-98000
2012/12/11,0,392000,-278000,114000
2012/12/12,0,1093000,-625000,468000
2012/12/13,0,191000,-509000,-318000
2012/12/14,0,538000,-179119,358881
2012/12/17,0,234000,-321000,-87000
2012/12/18,0,184000,-312000,-128000
2012/12/19,0,1967000,-676000,1291000
2012/12/20,0,180000,-1092000,-912000
2012/12/21,0,505000,-732000,-227000
2012/12/24,0,234000,-496000,-262000
2012/12/25,0,800000,-234000,566000
2012/12/26,0,262000,-461000,-199000
2012/12/27,0,211000,-245000,-34000
2012/12/28,0,457000,-626539,-169539
2012/12/31,0,0,0,0
2013/01/01,0,0,0,0
2013/01/02,0,645000,-148000,497000
2013/01/03,0,764000,-559000,205000
2013/01/04,0,596000,-224000,372000
2013/01/07,0,225000,-56000,169000
2013/01/08,0,985000,-94000,891000
2013/01/09,0,2498000,-1437000,1061000
2013/01/10,0,2899000,-2230000,669000
2013/01/11,0,1601000,-3057000,-1456000
2013/01/14,0,1560000,-728000,832000
2013/01/15,0,409000,-851000,-442000
2013/01/16,0,460000,-633000,-173000
2013/01/17,0,872000,-1396000,-524000
2013/01/18,0,160000,-911000,-751000
2013/01/21,0,424000,-298000,126000
2013/01/22,0,1338000,-474000,864000
2013/01/23,0,136000,-1486000,-1350000
2013/01/24,0,277000,-178000,99000
2013/01/25,0,223000,-175000,48000
2013/01/28,0,2523000,-707000,1816000
2013/01/29,0,672000,-1718000,-1046000
2013/01/30,0,843000,-961000,-118000
2013/01/31,0,933000,-970000,-37000
2013/02/01,0,285000,-735000,-450000
2013/02/04,0,1440000,-1267000,173000
2013/02/05,0,667000,-558000,109000
2013/02/06,0,814000,-1817000,-1003000
2013/02/07,0,0,0,0
2013/02/08,0,0,0,0
2013/02/11,0,0,0,0
2013/02/12,0,0,0,0
2013/02/13,0,0,0,0
2013/02/14,0,0,0,0
2013/02/15,0,0,0,0
2013/02/18,0,790000,-344000,446000
2013/02/19,0,371000,-292000,79000
2013/02/20,0,521000,-787000,-266000
2013/02/21,0,438000,-348000,90000
2013/02/22,0,680000,-776000,-96000
2013/02/25,0,634000,-624000,10000
2013/02/26,0,826000,-769000,57000
2013/02/27,0,791000,-813000,-22000
2013/02/28,0,0,0,0
2013/03/01,0,1055000,-777000,278000
2013/03/04,0,477000,-1452000,-975000
2013/03/05,0,669000,-648000,21000
2013/03/06,0,448000,-613000,-165000
2013/03/07,0,718000,-516000,202000
2013/03/08,0,1292000,-1306000,-14000
2013/03/11,0,2607000,-862000,1745000
2013/03/12,0,1315000,-2263000,-948000
2013/03/13,0,1167000,-710000,457000
2013/03/14,0,379000,-1735000,-1356000
2013/03/15,0,560000,-447000,113000
2013/03/18,0,375000,-1585000,-1210000
2013/03/19,0,496000,-307000,189000
2013/03/20,0,952000,-571000,381000
2013/03/21,0,174000,-741000,-567000
2013/03/22,0,454000,-145000,309000
2013/03/25,0,257000,-691000,-434000
2013/03/26,0,225000,-307000,-82000
2013/03/27,0,733000,-251000,482000
2013/03/28,0,569000,-1086000,-517000
2013/03/29,0,585000,-388000,197000
2013/04/01,0,250000,-382000,-132000
2013/04/02,0,1651000,-687000,964000
2013/04/03,0,455000,-378000,77000
2013/04/04,0,0,0,0
2013/04/05,0,0,0,0
2013/04/08,0,99000,-860000,-761000
2013/04/09,0,119000,-1041000,-922000
2013/04/10,0,238000,-246000,-8000
2013/04/11,0,143000,-157000,-14000
2013/04/12,0,955000,-521000,434000
2013/04/15,0,158000,-237000,-79000
2013/04/16,0,493000,-162000,331000
2013/04/17,0,207000,-306000,-99000
2013/04/18,0,175000,-161000,14000
2013/04/19,0,681000,-444000,237000
2013/04/22,0,263000,-826000,-563000
2013/04/23,0,129000,-436000,-307000
2013/04/24,0,706000,-140000,566000
2013/04/25,0,184000,-386000,-202000
2013/04/26,0,637000,-498000,139000
2013/04/29,0,208000,-425000,-217000
2013/04/30,0,484000,-172000,312000
2013/05/01,0,0,0,0
2013/05/02,0,294000,-238000,56000
2013/05/03,0,140000,-421000,-281000
2013/05/06,0,136000,-134000,2000
2013/05/07,0,616000,-1108000,-492000
2013/05/08,0,536000,-1882000,-1346000
2013/05/09,0,140000,-1492000,-1352000
2013/05/10,0,492000,-1161000,-669000
2013/05/13,0,100000,-1258000,-1158000
2013/05/14,0,92000,-694000,-602000
2013/05/15,0,726000,-1733000,-1007000
2013/05/16,0,1030000,-2346000,-1316000
2013/05/17,0,686000,-965000,-279000
2013/05/20,0,3581000,-478000,3103000
2013/05/21,0,1683000,-2560000,-877000
2013/05/22,0,1483000,-769000,714000
2013/05/23,0,1027000,-2354000,-1327000
2013/05/24,0,322000,-1513000,-1191000
2013/05/27,0,456000,-615000,-159000
2013/05/28,0,281000,-441000,-160000
2013/05/29,0,316000,-443000,-127000
2013/05/30,0,50000,-586000,-536000
2013/05/31,0,21000,-171000,-150000
2013/06/03,0,214000,-350000,-136000
2013/06/04,0,161000,-711000,-550000
2013/06/05,0,456000,-292559,163441
2013/06/06,0,410000,-301000,109000
2013/06/07,0,388000,-363000,25000
2013/06/10,0,41000,-392000,-351000
2013/06/11,0,238000,-589000,-351000
2013/06/12,0,0,0,0
2013/06/13,0,222000,-260000,-38000
2013/06/14,0,715000,-525000,190000
2013/06/17,0,812000,-308000,504000
2013/06/18,0,672000,-402000,270000
2013/06/19,0,246000,-698000,-452000
2013/06/20,0,453448,-260000,193448
2013/06/21,0,584000,-267000,317000
2013/06/24,0,378000,-302000,76000
2013/06/25,0,368000,-1790000,-1422000
2013/06/26,0,396000,-692000,-296000
2013/06/27,0,438000,-254016,183984
2013/06/28,0,249000,-298000,-49000
2013/07/01,0,322000,-258000,64000
2013/07/02,0,201000,-131000,70000
2013/07/03,0,595000,-2543000,-1948000
2013/07/04,0,2256000,-443000,1813000
2013/07/05,0,1517000,-403000,1114000
2013/07/08,0,120000,-839000,-719000
2013/07/09,0,540000,-255000,285000
2013/07/10,0,185000,-609000,-424000
2013/07/11,0,12052000,-248000,11804000
2013/07/12,0,891000,-332000,559000
2013/07/15,0,13753000,-409000,13344000
2013/07/16,0,16420000,-4108000,12312000
2013/07/17,0,1438000,-1270000,168000
2013/07/18,0,803000,-1359000,-556000
2013/07/19,0,269000,-412000,-143000
2013/07/22,0,239000,-668000,-429000
2013/07/23,0,817000,-782000,35000
2013/07/24,0,622000,-296000,326000
2013/07/25,0,601000,-795000,-194000
2013/07/26,0,432000,-2952000,-2520000
2013/07/29,0,165000,-262000,-97000
2013/07/30,0,980000,-704000,276000
2013/07/31,0,130000,-773000,-643000
2013/08/01,0,327000,-798000,-471000
2013/08/02,0,402000,-244000,158000
2013/08/05,0,479000,-242000,237000
2013/08/06,0,255000,-832000,-577000
2013/08/07,0,675000,-369000,306000
2013/08/08,0,37000,-561000,-524000
2013/08/09,0,100000,-499000,-399000
2013/08/12,0,756000,-464000,292000
2013/08/13,0,707000,-183000,524000
2013/08/14,0,1091000,-338000,753000
2013/08/15,0,448000,-430000,18000
2013/08/16,0,86000,-219000,-133000
2013/08/19,0,57000,-234000,-177000
2013/08/20,0,85000,-218000,-133000
2013/08/21,0,0,0,0
2013/08/22,0,64000,-137000,-73000
2013/08/23,0,191000,-87000,104000
2013/08/26,0,82000,-52000,30000
2013/08/27,0,200000,-1379000,-1179000
2013/08/28,0,396000,-190000,206000
2013/08/29,0,414000,-66000,348000
2013/08/30,0,149000,-159000,-10000
2013/09/02,0,110000,-160000,-50000
2013/09/03,0,608000,-127000,481000
2013/09/04,0,427000,-483000,-56000
2013/09/05,0,67000,-450000,-383000
2013/09/06,0,329000,-244000,85000
2013/09/09,0,260000,-232000,28000
2013/09/10,0,275000,-79000,196000
2013/09/11,0,361000,-55000,306000
2013/09/12,0,631000,-342000,289000
2013/09/13,0,129000,-603000,-474000
2013/09/16,0,125000,-114000,11000
2013/09/17,0,129000,-31000,98000
2013/09/18,0,451000,-216000,235000
2013/09/19,0,0,0,0
2013/09/20,0,0,0,0
2013/09/23,0,4164000,-241293,3922707
2013/09/24,0,1108000,-1144000,-36000
2013/09/25,0,3718000,-156789,3561211
2013/09/26,0,5297000,-330000,4967000
2013/09/27,0,6762000,-247430,6514570
2013/09/30,0,410000,-47323000,-46913000
2013/10/01,0,267000,-3016000,-2749000
2013/10/02,0,394000,-7097000,-6703000
2013/10/03,0,838000,-3067580,-2229580
2013/10/04,0,656000,-806000,-150000
2013/10/07,0,357000,-483000,-126000
2013/10/08,0,4851000,-1301000,3550000
2013/10/09,0,1823000,-2808000,-985000
2013/10/10,0,0,0,0
2013/10/11,0,337000,-1569000,-1232000
2013/10/14,0,1450000,-891000,559000
2013/10/15,0,1587000,-1441000,146000
2013/10/16,0,513000,-1139560,-626560
2013/10/17,0,300000,-2154980,-1854980
2013/10/18,0,607000,-723080,-116080
2013/10/21,0,279000,-570000,-291000
2013/10/22,0,193000,-185440,7560
2013/10/23,0,570000,-1155000,-585000
2013/10/24,0,688000,-298000,390000
2013/10/25,0,130000,-979000,-849000
2013/10/28,0,408000,-101000,307000
2013/10/29,0,241000,-187000,54000
2013/10/30,0,978000,-51000,927000
2013/10/31,0,311000,-319000,-8000
2013/11/01,0,220000,-230000,-10000
2013/11/04,0,220000,-297000,-77000
2013/11/05,0,237000,-842000,-605000
2013/11/06,0,1094000,-904000,190000
2013/11/07,0,332000,-372000,-40000
2013/11/08,0,458000,-247520,210480
2013/11/11,0,511000,-208000,303000
2013/11/12,0,210000,-221000,-11000
2013/11/13,0,233000,-345000,-112000
2013/11/14,0,309000,-404621,-95621
2013/11/15,0,354000,-503000,-149000
2013/11/18,0,1033000,-270000,763000
2013/11/19,0,1162000,-658000,504000
2013/11/20,0,704000,-358400,345600
2013/11/21,0,419000,-764000,-345000
2013/11/22,0,487000,-584000,-97000
2013/11/25,0,641000,-559000,82000
2013/11/26,0,319000,-663000,-344000
2013/11/27,0,733000,-118000,615000
2013/11/28,0,303000,-392000,-89000
2013/11/29,0,137000,-291000,-154000
2013/12/02,0,202000,-161000,41000
2013/12/03,0,311000,-35000,276000
2013/12/04,0,671000,-204000,467000
2013/12/05,0,237000,-650000,-413000
2013/12/06,0,306000,-546000,-240000
2013/12/09,0,847000,-189000,658000
2013/12/10,0,2723000,-1386000,1337000
2013/12/11,0,742000,-2351000,-1609000
2013/12/12,0,479000,-622000,-143000
2013/12/13,0,826000,-879000,-53000
2013/12/16,0,98000,-331000,-233000
2013/12/17,0,205000,-286000,-81000
2013/12/18,0,52000,-346000,-294000
2013/12/19,0,118000,-767000,-649000
2013/12/20,0,516000,-89960,426040
2013/12/23,0,672000,-312000,360000
2013/12/24,0,272140,-476000,-203860
2013/12/25,0,87000,-880000,-793000
2013/12/26,0,309000,-12000,297000
2013/12/27,0,156000,-240000,-84000
2013/12/30,0,1343000,-212000,1131000
2013/12/31,0,204000,-1155000,-951000
2014/01/02,0,929000,-858000,71000
2014/01/03,0,141000,-888000,-747000
2014/01/06,0,402000,-426000,-24000
2014/01/07,0,156000,-193000,-37000
2014/01/08,0,277000,-306000,-29000
2014/01/09,0,95000,-317600,-222600
2014/01/10,0,1824000,-534000,1290000
2014/01/13,0,456000,-628000,-172000
2014/01/14,0,221000,-688000,-467000
2014/01/15,0,298000,-461000,-163000
2014/01/16,0,309000,-59000,250000
2014/01/17,0,533000,-36000,497000
2014/01/20,0,950000,-856000,94000
2014/01/21,0,1038000,-723000,315000
2014/01/22,0,633000,-1046000,-413000
2014/01/23,0,838000,-946000,-108000
2014/01/24,0,912000,-638000,274000
2014/01/27,0,993000,-1003000,-10000
2014/02/05,0,312000,-659000,-347000
2014/02/06,0,471000,-393000,78000
2014/02/07,0,185000,-561000,-376000
2014/02/10,0,335000,-248000,87000
2014/02/11,0,308000,-37000,271000
2014/02/12,0,841000,-89000,752000
2014/02/13,0,1249000,-191955,1057045
2014/02/14,0,416000,-315000,101000
2014/02/17,0,234000,-1116000,-882000
2014/02/18,0,822000,-134680,687320
2014/02/19,0,1138000,-405000,733000
2014/02/20,0,738000,-230000,508000
2014/02/21,0,286000,-999000,-713000
2014/02/24,0,1198000,-212000,986000
2014/02/25,0,987000,-203000,784000
2014/02/26,0,1699000,-203000,1496000
2014/02/27,0,37000,-961000,-924000
2014/03/03,0,1451000,-675000,776000
2014/03/04,0,100000,-598000,-498000
2014/03/05,0,1016000,-832000,184000
2014/03/06,0,682000,-746000,-64000
2014/03/07,0,180000,-748000,-568000
2014/03/10,0,927000,-73000,854000
2014/03/11,0,760000,-52000,708000
2014/03/12,0,1221000,-347000,874000
2014/03/13,0,2706000,-164000,2542000
2014/03/14,0,750000,-1399000,-649000
2014/03/17,0,1636000,-156080,1479920
2014/03/18,0,729000,-610000,119000
2014/03/19,0,330000,-617000,-287000
2014/03/20,0,1783000,-560000,1223000
2014/03/21,0,433000,-246000,187000
2014/03/24,0,670000,-184000,486000
2014/03/25,0,684000,-104000,580000
2014/03/26,0,688000,-492000,196000
2014/03/27,0,483000,-559000,-76000
2014/03/28,0,1021000,-236000,785000
2014/03/31,0,582000,-423000,159000
2014/04/01,0,502000,-444000,58000
2014/04/02,0,256000,-106000,150000
2014/04/03,0,502000,-785000,-283000
2014/04/07,0,310000,-181000,129000
2014/04/08,0,591000,-11000,580000
2014/04/09,0,558000,-155000,403000
2014/04/10,0,3066000,-680000,2386000
2014/04/11,0,306000,-1029000,-723000
2014/04/14,0,1296000,-396000,900000
2014/04/15,0,1151000,-653400,497600
2014/04/16,0,2264000,-457000,1807000
2014/04/17,0,276000,-157000,119000
2014/04/18,0,145000,-465000,-320000
2014/04/21,0,10000,-316000,-306000
2014/04/22,0,120000,-329000,-209000
2014/04/23,0,290000,-488000,-198000
2014/04/24,0,9000,-242000,-233000
2014/04/25,0,977000,-1548000,-571000
2014/04/28,0,296000,-291000,5000
2014/04/29,0,201000,-65000,136000
2014/04/30,0,169000,-451000,-282000
2014/05/02,0,37000,-191000,-154000
2014/05/05,0,288000,-379000,-91000
2014/05/06,0,1379000,-245000,1134000
2014/05/07,0,262000,-236971,25029
2014/05/08,0,877000,-612000,265000
2014/05/09,0,358000,-105000,253000
2014/05/12,0,392000,-277000,115000
2014/05/13,0,420000,-186000,234000
2014/05/14,0,226000,-20000,206000
2014/05/15,0,950000,-546000,404000
2014/05/16,0,1314000,-447000,867000
2014/05/19,0,200000,-342000,-142000
2014/05/20,0,616000,-419000,197000
2014/05/21,0,602000,-589000,13000
2014/05/22,0,94000,-1046000,-952000
2014/05/23,0,440000,-9000,431000
2014/05/26,0,566000,-256000,310000
2014/05/27,0,813000,-397000,416000
2014/05/28,0,1987000,-480000,1507000
2014/05/29,0,359000,-1176000,-817000
2014/05/30,0,341000,-918000,-577000
2014/06/03,0,133000,-191000,-58000
2014/06/04,0,402000,-342000,60000
2014/06/05,0,471000,-190000,281000
2014/06/06,0,663000,-358000,305000
2014/06/09,0,276000,-431000,-155000
2014/06/10,0,520000,-345000,175000
2014/06/11,0,930000,-248000,682000
2014/06/12,0,400000,-31000,369000
2014/06/13,0,294000,-238000,56000
2014/06/16,0,136000,-251000,-115000
2014/06/17,0,380000,-158000,222000
2014/06/18,0,558000,-443000,115000
2014/06/19,0,522000,-147000,375000
2014/06/20,0,658000,-336000,322000
2014/06/23,0,691000,-208000,483000
2014/06/24,0,85000,-394000,-309000
2014/06/25,0,196000,-129827,66173
2014/06/26,0,689000,-269000,420000
2014/06/27,0,630000,-320000,310000
2014/06/30,0,196000,-178000,18000
2014/07/01,0,488000,-1123000,-635000
2014/07/02,0,453000,-688000,-235000
2014/07/03,0,145000,-511000,-366000
2014/07/04,0,327000,-744000,-417000
2014/07/07,0,3094000,-298000,2796000
2014/07/08,0,654000,-1787000,-1133000
2014/07/09,0,220000,-1227000,-1007000
2014/07/10,0,10963000,-180000,10783000
2014/07/11,0,210000,-3164000,-2954000
2014/07/14,0,3732000,-1068000,2664000
2014/07/15,0,13708000,-1948000,11760000
2014/07/16,0,16272000,-633128,15638872
2014/07/17,0,4102000,-609000,3493000
2014/07/18,0,316000,-4278000,-3962000
2014/07/21,0,454000,-1296000,-842000
2014/07/22,0,362000,-2462000,-2100000
2014/07/23,0,0,0,0
2014/07/24,0,675000,-1603000,-928000
2014/07/25,0,769000,-1469000,-700000
2014/07/28,0,190000,-572000,-382000
2014/07/29,0,433000,-1615000,-1182000
2014/07/30,0,431000,-446000,-15000
2014/07/31,0,537000,-652000,-115000
2014/08/01,0,537000,-545000,-8000
2014/08/04,0,603000,-251000,352000
2014/08/05,0,1062000,-1242000,-180000
2014/08/06,0,292000,-1175000,-883000
2014/08/07,0,189000,-154000,35000
2014/08/08,0,675000,-178000,497000
2014/08/11,0,518000,-91000,427000
2014/08/12,0,386000,-190000,196000
2014/08/13,0,187000,-217000,-30000
2014/08/14,0,784000,-500000,284000
2014/08/15,0,359000,-619000,-260000
2014/08/18,0,297000,-366000,-69000
2014/08/19,0,2673000,-420000,2253000
2014/08/20,0,7922000,-258890,7663110
2014/08/21,0,549000,-19067000,-18518000
2014/08/22,0,1310000,-15557000,-14247000
2014/08/25,0,828000,-18853000,-18025000
2014/08/26,0,287000,-389000,-102000
2014/08/27,0,522000,-1942000,-1420000
2014/08/28,0,614000,-759000,-145000
2014/08/29,0,981000,-1924000,-943000
2014/09/01,0,355000,-807000,-452000
2014/09/02,0,378000,-635000,-257000
2014/09/03,0,591000,-138000,453000
2014/09/04,0,84000,-196000,-112000
2014/09/05,0,219000,-421000,-202000
2014/09/09,0,43000,-416000,-373000
2014/09/10,0,845000,-376000,469000
2014/09/11,0,407000,-37000,370000
2014/09/12,0,925000,-420000,505000
2014/09/15,0,184000,-55000,129000
2014/09/16,0,648000,-207000,441000
2014/09/17,0,182000,-232000,-50000
2014/09/18,0,233000,-215000,18000
2014/09/19,0,338000,-156000,182000
2014/09/22,0,2211000,-365444,1845556
2014/09/23,0,501000,-375000,126000
2014/09/24,0,784000,-75900,708100
2014/09/25,0,894000,-424000,470000
2014/09/26,0,378000,-302000,76000
2014/09/29,0,324000,-64800,259200
2014/09/30,0,1102000,-1063000,39000
2014/10/01,0,241000,-383000,-142000
2014/10/02,0,593000,-183000,410000
2014/10/03,0,686000,-1040000,-354000
2014/10/06,0,268000,-284300,-16300
2014/10/07,0,679000,-365100,313900
2014/10/08,0,447000,-177000,270000
2014/10/09,0,351000,-431000,-80000
2014/10/13,0,247000,-536000,-289000
2014/10/14,0,653000,-621000,32000
2014/10/15,0,618000,-904000,-286000
2014/10/16,0,636000,-460000,176000
2014/10/17,0,383000,-642000,-259000
2014/10/20,0,192000,-125000,67000
2014/10/21,0,195000,-489000,-294000
2014/10/22,0,522000,-506000,16000
2014/10/23,0,170000,-340594,-170594
2014/10/24,0,494000,-728000,-234000
2014/10/27,0,188000,-266000,-78000
2014/10/28,0,1055000,-188000,867000
2014/10/29,0,117000,-511000,-394000
2014/10/30,0,20000,-231000,-211000
2014/10/31,0,223000,-413000,-190000
2014/11/03,0,39000,-449000,-410000
2014/11/04,0,395000,-59000,336000
2014/11/05,0,72000,-207000,-135000
2014/11/06,0,88000,-94220,-6220
2014/11/07,0,243000,-28000,215000
2014/11/10,0,283000,-274000,9000
2014/11/11,0,148000,-278000,-130000
2014/11/12,0,108000,-322000,-214000
2014/11/13,0,114000,-122000,-8000
2014/11/14,0,30000,-261000,-231000
2014/11/17,0,278000,-97000,181000
2014/11/18,0,92000,-300000,-208000
2014/11/19,0,208000,-301000,-93000
2014/11/20,0,275000,-59000,216000
2014/11/21,0,85000,-122000,-37000
2014/11/24,0,71000,-93000,-22000
2014/11/25,0,154000,-155000,-1000
2014/11/26,0,173000,-185000,-12000
2014/11/27,0,127000,-21000,106000
2014/11/28,0,137000,-255000,-118000
2014/12/01,0,109000,-467000,-358000
2014/12/02,0,92000,-347000,-255000
2014/12/03,0,336000,-72114,263886
2014/12/04,0,354000,-173875,180125
2014/12/05,0,3591000,-158000,3433000
2014/12/08,0,249000,-937000,-688000
2014/12/09,0,76000,-420000,-344000
2014/12/10,0,200000,-1928000,-1728000
2014/12/11,0,294000,-320000,-26000
2014/12/12,0,524000,-377000,147000
2014/12/15,0,277000,-342000,-65000
2014/12/16,0,202000,-114000,88000
2014/12/17,0,434000,-126000,308000
2014/12/18,0,433000,-505000,-72000
2014/12/19,0,325000,-254000,71000
2014/12/22,0,257000,-546000,-289000
2014/12/23,0,87000,-185000,-98000
2014/12/24,0,467000,-158000,309000
2014/12/25,0,102000,-205000,-103000
2014/12/26,0,932000,-62000,870000
2014/12/29,0,367000,-342000,25000
2014/12/30,0,302000,-380000,-78000
2014/12/31,0,307000,-95000,212000
2015/01/01,0,0,0,0
2015/01/02,0,0,0,0
2015/01/05,0,136000,-80000,56000
2015/01/06,0,59000,-266000,-207000
2015/01/07,0,331000,-70000,261000
2015/01/08,0,165000,-229000,-64000
2015/01/09,0,121000,-627000,-506000
2015/01/12,0,119000,-91000,28000
2015/01/13,0,19000,-113000,-94000
2015/01/14,0,232000,-96000,136000
2015/01/15,0,660000,-129000,531000
2015/01/16,0,318000,-116193,201807
2015/01/19,0,283000,-688000,-405000
2015/01/20,0,355000,-201000,154000
2015/01/21,0,358000,-236000,122000
2015/01/22,0,650000,-79000,571000
2015/01/23,0,357000,-252000,105000
2015/01/26,0,151000,-135000,16000
2015/01/27,0,152000,-350000,-198000
2015/01/28,0,30000,-988000,-958000
2015/01/29,0,80000,-923000,-843000
2015/01/30,0,944000,-381000,563000
2015/02/02,0,923000,-323000,600000
2015/02/03,0,265000,-622000,-357000
2015/02/04,0,961000,-219000,742000
2015/02/05,0,114000,-577000,-463000
2015/02/06,0,324000,-341000,-17000
2015/02/09,0,473000,-606000,-133000
2015/02/10,0,499000,-319700,179300
2015/02/11,0,325000,-346000,-21000
2015/02/12,0,291000,-163000,128000
2015/02/13,0,185000,-158000,27000
2015/02/16,0,0,0,0
2015/02/17,0,0,0,0
2015/02/18,0,0,0,0
2015/02/19,0,0,0,0
2015/02/20,0,0,0,0
2015/02/23,0,0,0,0
2015/02/24,0,167000,-519000,-352000
2015/02/25,0,919000,-276000,643000
2015/02/26,0,219000,-700000,-481000
2015/02/27,0,0,0,0
2015/03/02,0,200000,-171000,29000
2015/03/03,0,489000,-107000,382000
2015/03/04,0,78000,-89000,-11000
2015/03/05,0,386000,-74290,311710
2015/03/06,0,220120,-932000,-711880
2015/03/09,0,101000,-292278,-191278
2015/03/10,0,132000,-222000,-90000
2015/03/11,0,267000,-210000,57000
2015/03/12,0,16000,-558000,-542000
2015/03/13,0,30000,-50000,-20000
2015/03/16,0,526000,-58000,468000
2015/03/17,0,2000,-80000,-78000
2015/03/18,0,364000,-579000,-215000
2015/03/19,0,265000,-238000,27000
2015/03/20,0,499000,-167000,332000
2015/03/23,0,571000,-300832,270168
2015/03/24,0,202000,-258000,-56000
2015/03/25,0,25000,-355290,-330290
2015/03/26,0,256000,-311000,-55000
2015/03/27,0,186000,-251000,-65000
2015/03/30,0,80000,-92000,-12000
2015/03/31,0,235000,-52000,183000
2015/04/01,0,136000,-562000,-426000
2015/04/02,0,383000,-43000,340000
2015/04/03,0,0,0,0
2015/04/06,0,0,0,0
2015/04/07,0,112000,-641000,-529000
2015/04/08,0,244000,-169000,75000
2015/04/09,0,8844000,-712000,8132000
2015/04/10,0,1534000,-3611000,-2077000
2015/04/13,0,801000,-2352000,-1551000
2015/04/14,0,5090000,-2042000,3048000
2015/04/15,0,340000,-3777000,-3437000
2015/04/16,0,2374000,-1575000,799000
2015/04/17,0,674000,-2942000,-2268000
2015/04/20,0,458000,-565000,-107000
2015/04/21,0,350000,-1188000,-838000
2015/04/22,0,782000,-376418,405582
2015/04/23,0,8351000,-1834000,6517000
2015/04/24,0,1145000,-7227000,-6082000
2015/04/27,0,7174000,-2185000,4989000
2015/04/28,0,808000,-3080000,-2272000
2015/04/29,0,474000,-1510000,-1036000
2015/04/30,0,475000,-1215000,-740000
2015/05/01,0,0,0,0
2015/05/04,0,1553000,-381000,1172000
2015/05/05,0,171000,-1637000,-1466000
2015/05/06,0,2041000,-797000,1244000
2015/05/07,0,1406000,-625000,781000
2015/05/08,0,292000,-638000,-346000
2015/05/11,0,470000,-247000,223000
2015/05/12,0,1120000,-312000,808000
2015/05/13,0,327000,-745000,-418000
2015/05/14,0,653000,-2903000,-2250000
2015/05/15,0,610000,-582000,28000
2015/05/18,0,199000,-310000,-111000
2015/05/19,0,931000,-793000,138000
2015/05/20,0,69000,-317000,-248000
2015/05/21,0,531000,-1611000,-1080000
2015/05/22,0,1744000,-981000,763000
2015/05/25,0,826000,-1124000,-298000
2015/05/26,0,3499000,-753000,2746000
2015/05/27,0,814000,-1887000,-1073000
2015/05/28,0,197000,-878000,-681000
2015/05/29,0,3948000,-799000,3149000
2015/06/01,0,306000,-1447000,-1141000
2015/06/02,0,1267000,-1083000,184000
2015/06/03,0,83000,-747000,-664000
2015/06/04,0,54000,-1296000,-1242000
2015/06/05,0,202000,-658000,-456000
2015/06/08,0,483000,-89000,394000
2015/06/09,0,31000,-326000,-295000
2015/06/10,0,271000,-59000,212000
2015/06/11,0,258000,-273000,-15000
2015/06/12,0,475000,-67000,408000
2015/06/15,0,47000,-107000,-60000
2015/06/16,0,63000,-561000,-498000
2015/06/17,0,282000,-615000,-333000
2015/06/18,0,161000,-105000,56000
2015/06/19,0,0,0,0
2015/06/22,0,759000,-112000,647000
2015/06/23,0,2891000,-108000,2783000
2015/06/24,0,157000,-422000,-265000
2015/06/25,0,297000,-350000,-53000
2015/06/26,0,620000,-57000,563000
2015/06/29,0,153000,-2267000,-2114000
2015/06/30,0,168000,-84234,83766
2015/07/01,0,500000,-335000,165000
2015/07/02,0,286000,-430000,-144000
2015/07/03,0,359000,-620000,-261000
2015/07/06,0,273000,-239000,34000
2015/07/07,0,161000,-596000,-435000
2015/07/08,0,49000,-2082000,-2033000
2015/07/09,0,369000,-972000,-603000
2015/07/10,0,0,0,0
2015/07/13,0,688000,-204000,484000
2015/07/14,0,1614000,-695000,919000
2015/07/15,0,168000,-704000,-536000
2015/07/16,0,1228000,-394000,834000
2015/07/17,0,353000,-457000,-104000
2015/07/20,0,474000,-435000,39000
2015/07/21,0,101000,-379000,-278000
2015/07/22,0,285000,-490000,-205000
2015/07/23,0,429000,-501000,-72000
2015/07/24,0,280000,-249000,31000
2015/07/27,0,535000,-1103000,-568000
2015/07/28,0,360000,-114000,246000
2015/07/29,0,441000,-315000,126000
2015/07/30,0,1316000,-304000,1012000
2015/07/31,0,6408000,-987109,5420891
2015/08/03,0,548000,-4655000,-4107000
2015/08/04,0,701000,-1821000,-1120000
2015/08/05,0,1727000,-1502000,225000
2015/08/06,0,575000,-1741000,-1166000
2015/08/07,0,442000,-718000,-276000
2015/08/10,0,797000,-1179000,-382000
2015/08/11,0,989000,-824000,165000
2015/08/12,0,1825000,-4449000,-2624000
2015/08/13,0,1661000,-987000,674000
2015/08/14,0,351000,-686000,-335000
2015/08/17,0,89000,-489000,-400000
2015/08/18,0,131000,-894000,-763000
2015/08/19,0,871000,-1735000,-864000
2015/08/20,0,682000,-329000,353000
2015/08/21,0,94000,-447000,-353000
2015/08/24,0,604000,-1015000,-411000
2015/08/25,0,473000,-303800,169200
2015/08/26,0,527800,-274000,253800
2015/08/27,0,166000,-267540,-101540
2015/08/28,0,329000,-197200,131800
2015/08/31,0,76000,-436000,-360000
2015/09/01,0,153000,-356000,-203000
2015/09/02,0,429000,-413000,16000
2015/09/03,0,42000,-187000,-145000
2015/09/04,0,29000,-362000,-333000
2015/09/07,0,744000,-137000,607000
2015/09/08,0,128000,-399000,-271000
2015/09/09,0,1570000,-93200,1476800
2015/09/10,0,88000,-570000,-482000
2015/09/11,0,157000,-51000,106000
2015/09/14,0,71000,-198000,-127000
2015/09/15,0,165000,-173000,-8000
2015/09/16,0,451000,-205000,246000
2015/09/17,0,3328000,-350000,2978000
2015/09/18,0,385000,-1583000,-1198000
2015/09/21,0,100000,-2083000,-1983000
2015/09/22,0,734000,-293000,441000
2015/09/23,0,345000,-536000,-191000
2015/09/24,0,230000,-288000,-58000
2015/09/25,0,264000,-444000,-180000
2015/09/28,0,0,0,0
2015/09/29,0,0,0,0
2015/09/30,0,281000,-405177,-124177
2015/10/01,0,106000,-84000,22000
2015/10/02,0,191000,-134000,57000
2015/10/05,0,210000,-164000,46000
2015/10/06,0,526000,-45000,481000
2015/10/07,0,302000,-105000,197000
2015/10/08,0,48000,-931000,-883000
2015/10/09,0,0,0,0
2015/10/12,0,874000,-30000,844000
2015/10/13,0,934000,-515000,419000
2015/10/14,0,93000,-1224300,-1131300
2015/10/15,0,1298000,-190000,1108000
2015/10/16,0,181000,-795000,-614000
2015/10/19,0,151000,-104000,47000
2015/10/20,0,158000,-144000,14000
2015/10/21,0,175000,-256000,-81000
2015/10/22,0,107000,-60000,47000
2015/10/23,0,989000,-168000,821000
2015/10/26,0,706000,-883000,-177000
2015/10/27,0,180000,-319000,-139000
2015/10/28,0,62000,-104000,-42000
2015/10/29,0,148000,-401900,-253900
2015/10/30,0,95000,-162000,-67000
2015/11/02,0,190000,-60000,130000
2015/11/03,0,368000,-151000,217000
2015/11/04,0,302000,-75000,227000
2015/11/05,0,331000,-221000,110000
2015/11/06,0,240000,-389000,-149000
2015/11/09,0,548000,-208300,339700
2015/11/10,0,52000,-94000,-42000
2015/11/11,0,51000,-518000,-467000
2015/11/12,0,164000,-538000,-374000
2015/11/13,0,98000,-74000,24000
2015/11/16,0,91000,-36200,54800
2015/11/17,0,102000,-168000,-66000
2015/11/18,0,31000,-49070,-18070
2015/11/19,0,36000,-58000,-22000
2015/11/20,0,56000,-35000,21000
2015/11/23,0,15000,-141000,-126000
2015/11/24,0,77000,-95000,-18000
2015/11/25,0,41000,-98000,-57000
2015/11/26,0,31000,-206000,-175000
2015/11/27,0,86000,-42000,44000
2015/11/30,0,60000,-162000,-102000
2015/12/01,0,170000,-19000,151000
2015/12/02,0,128000,-73000,55000
2015/12/03,0,1834000,-97000,1737000
2015/12/04,0,11000,-478000,-467000
2015/12/07,0,136000,-52000,84000
2015/12/08,0,32000,-30000,2000
2015/12/09,0,101000,-259000,-158000
2015/12/10,0,125000,-785000,-660000
2015/12/11,0,86000,-550000,-464000
2015/12/14,0,229000,-660000,-431000
2015/12/15,0,142000,-68000,74000
2015/12/16,0,108000,-248000,-140000
2015/12/17,0,477000,-6000,471000
2015/12/18,0,144000,-617000,-473000
2015/12/21,0,221000,-457000,-236000
2015/12/22,0,318000,-437000,-119000
2015/12/23,0,359000,-120000,239000
2015/12/24,0,141000,-166000,-25000
2015/12/25,0,90000,-2000,88000
2015/12/28,0,10000,-11000,-1000
2015/12/29,0,20000,-117000,-97000
2015/12/30,0,289000,-350000,-61000
2015/12/31,0,293000,-170000,123000
2016/01/01,0,0,0,0
2016/01/04,0,101000,-660000,-559000
2016/01/05,0,990000,-18000,972000
2016/01/06,0,19000,-728000,-709000
2016/01/07,0,260000,-401000,-141000
2016/01/08,0,63000,-28000,35000
2016/01/11,0,49000,-187000,-138000
2016/01/12,0,28000,-116000,-88000
2016/01/13,0,128000,-33000,95000
2016/01/14,0,1000,-417000,-416000
2016/01/15,0,199000,-162000,37000
2016/01/18,0,257000,-230000,27000
2016/01/19,0,239000,0,239000
2016/01/20,0,98000,-561429,-463429
2016/01/21,0,87000,-175000,-88000
2016/01/22,0,229000,-268000,-39000
2016/01/25,0,240000,-8000,232000
2016/01/26,0,35000,-201000,-166000
2016/01/27,0,22000,-136000,-114000
2016/01/28,0,167000,0,167000
2016/01/29,0,948000,-371000,577000
2016/02/01,0,34000,-890000,-856000
2016/02/02,0,286000,-51000,235000
2016/02/03,0,170000,-282568,-112568
2016/02/04,0,0,0,0
2016/02/05,0,0,0,0
2016/02/08,0,0,0,0
2016/02/09,0,0,0,0
2016/02/10,0,0,0,0
2016/02/11,0,0,0,0
2016/02/12,0,0,0,0
2016/02/15,0,470000,-111000,359000
2016/02/16,0,1499000,-30000,1469000
2016/02/17,0,59000,-785000,-726000
2016/02/18,0,89000,-154000,-65000
2016/02/19,0,67000,-111000,-44000
2016/02/22,0,450000,-365000,85000
2016/02/23,0,311000,-195000,116000
2016/02/24,0,108000,-422000,-314000
2016/02/25,0,219000,-21000,198000
2016/02/26,0,341000,-80000,261000
2016/02/29,0,0,0,0
2016/03/01,0,512000,-271000,241000
2016/03/02,0,1090000,-377000,713000
2016/03/03,0,1636000,-1122000,514000
2016/03/04,0,428000,-1082000,-654000
2016/03/07,0,713000,-668000,45000
2016/03/08,0,316000,-1275000,-959000
2016/03/09,0,2301000,-743000,1558000
2016/03/10,0,420000,-1820000,-1400000
2016/03/11,0,1061000,-235000,826000
2016/03/14,0,1022000,-515000,507000
2016/03/15,0,98000,-737000,-639000
2016/03/16,0,91000,-304000,-213000
2016/03/17,0,408000,-87000,321000
2016/03/18,0,64000,-395000,-331000
2016/03/21,0,40000,-55000,-15000
2016/03/22,0,24000,-233000,-209000
2016/03/23,0,303000,-157000,146000
2016/03/24,0,36000,-231000,-195000
2016/03/25,0,97000,-90000,7000
2016/03/28,0,191000,-303000,-112000
2016/03/29,0,383000,-162000,221000
2016/03/30,0,700000,-119000,581000
2016/03/31,0,141000,-381232,-240232
2016/04/01,0,142000,-205000,-63000
2016/04/04,0,0,0,0
2016/04/05,0,0,0,0
2016/04/06,0,116000,-290000,-174000
2016/04/07,0,293000,-374000,-81000
2016/04/08,0,693000,-356000,337000
2016/04/11,0,122000,-213000,-91000
2016/04/12,0,138000,-118000,20000
2016/04/13,0,441000,-140000,301000
2016/04/14,0,432000,-355000,77000
2016/04/15,0,667000,-243000,424000
2016/04/18,0,118000,-451000,-333000
2016/04/19,0,103000,-788000,-685000
2016/04/20,0,296000,-328000,-32000
2016/04/21,0,142000,-118000,24000
2016/04/22,0,69000,-157000,-88000
2016/04/25,0,761000,-59000,702000
2016/04/26,0,299000,-524000,-225000
2016/04/27,0,8000,-227000,-219000
2016/04/28,0,57000,-131000,-74000
2016/04/29,0,68000,-75000,-7000
2016/05/02,0,0,0,0
2016/05/03,0,84000,-372000,-288000
2016/05/04,0,152000,-140000,12000
2016/05/05,0,195000,-123000,72000
2016/05/06,0,150000,-111000,39000
2016/05/09,0,93000,-112000,-19000
2016/05/10,0,96000,-79000,17000
2016/05/11,0,115000,-206000,-91000
2016/05/12,0,185000,-75000,110000
2016/05/13,0,122000,-220000,-98000
2016/05/16,0,209000,-50000,159000
2016/05/17,0,353000,-107000,246000
2016/05/18,0,288000,-128000,160000
2016/05/19,0,129000,-147000,-18000
2016/05/20,0,81000,-98000,-17000
2016/05/23,0,748000,-54000,694000
2016/05/24,0,64000,-234000,-170000
2016/05/25,0,15000,-173000,-158000
2016/05/26,0,228000,-30000,198000
2016/05/27,0,420000,-310000,110000
2016/05/30,0,603000,-348000,255000
2016/05/31,0,205000,-243000,-38000
2016/06/01,0,1186000,-120000,1066000
2016/06/02,0,798000,-779000,19000
2016/06/03,0,19000,-327000,-308000
2016/06/06,0,209000,-229000,-20000
2016/06/07,0,197000,-522000,-325000
2016/06/08,0,120000,-797000,-677000
2016/06/09,0,0,0,0
2016/06/10,0,0,0,0
2016/06/13,0,111000,-64000,47000
2016/06/14,0,443000,-37000,406000
2016/06/15,0,376000,-37000,339000
2016/06/16,0,55000,-319000,-264000
2016/06/17,0,88000,-186000,-98000
2016/06/20,0,185000,-129000,56000
2016/06/21,0,228000,-67000,161000
2016/06/22,0,304000,-74000,230000
2016/06/23,0,98000,-171000,-73000
2016/06/24,0,87000,-721000,-634000
2016/06/27,0,139000,-20000,119000
2016/06/28,0,326000,-100000,226000
2016/06/29,0,156000,-137000,19000
2016/06/30,0,35000,-94000,-59000
2016/07/01,0,91000,-157000,-66000
2016/07/04,0,135000,-80000,55000
2016/07/05,0,69000,-43000,26000
2016/07/06,0,75000,-147000,-72000
2016/07/07,0,145000,-57000,88000
2016/07/08,0,0,0,0
2016/07/11,0,1544000,-50000,1494000
2016/07/12,0,143000,-1182000,-1039000
2016/07/13,0,1058000,-262000,796000
2016/07/14,0,993000,-649000,344000
2016/07/15,0,187000,-942000,-755000
2016/07/18,0,1092000,-376000,716000
2016/07/19,0,4145000,-381000,3764000
2016/07/20,0,7070000,-923060,6146940
2016/07/21,0,1195000,-9545000,-8350000
2016/07/22,0,5000,-766000,-761000
2016/07/25,0,362000,-916000,-554000
2016/07/26,0,157000,-310000,-153000
2016/07/27,0,256000,-513000,-257000
2016/07/28,0,681000,-306000,375000
2016/07/29,0,111000,-1144000,-1033000
2016/08/01,0,156000,-224000,-68000
2016/08/02,0,16000,-153000,-137000
2016/08/03,0,164000,-321000,-157000
2016/08/04,0,526000,-883000,-357000
2016/08/05,0,48000,-658000,-610000
2016/08/08,0,263000,-190000,73000
2016/08/09,0,174000,-863000,-689000
2016/08/10,0,97000,-194000,-97000
2016/08/11,0,708000,-24000,684000
2016/08/12,0,1184000,-647000,537000
2016/08/15,0,259000,-703000,-444000
2016/08/16,0,73000,-277000,-204000
2016/08/17,0,255000,-514680,-259680
2016/08/18,0,782000,-157240,624760
2016/08/19,0,154000,-525000,-371000
2016/08/22,0,292000,-335000,-43000
2016/08/23,0,770000,-109000,661000
2016/08/24,0,43000,-396000,-353000
2016/08/25,0,55000,-257000,-202000
2016/08/26,0,255000,-205000,50000
2016/08/29,0,230000,-141000,89000
2016/08/30,0,1254000,-788000,466000
2016/08/31,0,898000,-907800,-9800
2016/09/01,0,596000,-1171000,-575000
2016/09/02,0,582000,-562000,20000
2016/09/05,0,175000,-562000,-387000
2016/09/06,0,135000,-376000,-241000
2016/09/07,0,665000,-271000,394000
2016/09/08,0,452000,-889000,-437000
2016/09/09,0,52000,-513680,-461680
2016/09/12,0,254000,-74000,180000
2016/09/13,0,32000,-412000,-380000
2016/09/14,0,65000,-20000,45000
2016/09/15,0,0,0,0
2016/09/16,0,0,0,0
2016/09/19,0,347000,-425000,-78000
2016/09/20,0,54000,-216000,-162000
2016/09/21,0,541000,-177480,363520
2016/09/22,0,98000,-758000,-660000
2016/09/23,0,144000,-588000,-444000
2016/09/26,0,199000,-36400,162600
2016/09/27,0,0,0,0
2016/09/28,0,0,0,0
2016/09/29,0,496000,-379056,116944
2016/09/30,0,127000,-450000,-323000
2016/10/03,0,30000,-346000,-316000
2016/10/04,0,169000,-7000,162000
2016/10/05,0,47000,-33000,14000
2016/10/06,0,445000,-92000,353000
2016/10/07,0,910000,-195000,715000
2016/10/10,0,0,0,0
2016/10/11,0,105000,-352000,-247000
2016/10/12,0,270000,-32000,238000
2016/10/13,0,205000,-147000,58000
2016/10/14,0,33000,-155000,-122000
2016/10/17,0,236000,-164000,72000
2016/10/18,0,132000,-50000,82000
2016/10/19,0,1396000,-203000,1193000
2016/10/20,0,644000,-797000,-153000
2016/10/21,0,117000,-606552,-489552
2016/10/24,0,104000,-503000,-399000
2016/10/25,0,20000,-410000,-390000
2016/10/26,0,107000,-259000,-152000
2016/10/27,0,212000,-26000,186000
2016/10/28,0,267000,-189000,78000
2016/10/31,0,263000,-143000,120000
2016/11/01,0,372000,-46000,326000
2016/11/02,0,475000,-147000,328000
2016/11/03,0,376000,-164000,212000
2016/11/04,0,25000,-499000,-474000
2016/11/07,0,24000,-168000,-144000
2016/11/08,0,29000,-42000,-13000
2016/11/09,0,78000,-285000,-207000
2016/11/10,0,112000,-429000,-317000
2016/11/11,0,532000,-317000,215000
2016/11/14,0,4870000,-260000,4610000
2016/11/15,0,1009000,-2036000,-1027000
2016/11/16,0,279000,-684000,-405000
2016/11/17,0,765000,-904000,-139000
2016/11/18,0,1007000,-687000,320000
2016/11/21,0,825000,-345000,480000
2016/11/22,0,661000,-1488000,-827000
2016/11/23,0,646000,-853000,-207000
2016/11/24,0,3064000,-465000,2599000
2016/11/25,0,1465800,-1564000,-98200
2016/11/28,0,962000,-1580418,-618418
2016/11/29,0,1027000,-1165000,-138000
2016/11/30,0,996000,-896379,99621
2016/12/01,0,3638000,-1004000,2634000
2016/12/02,0,1088000,-2544000,-1456000
2016/12/05,0,310000,-1099000,-789000
2016/12/06,0,2432000,-788000,1644000
2016/12/07,0,3130000,-873000,2257000
2016/12/08,0,1633000,-1014000,619000
2016/12/09,0,1469000,-2613000,-1144000
2016/12/12,0,2047000,-1467000,580000
2016/12/13,0,667000,-1212000,-545000
2016/12/14,0,835000,-4049000,-3214000
2016/12/15,0,6047000,-1038000,5009000
2016/12/16,0,523000,-3925000,-3402000
2016/12/19,0,283000,-964000,-681000
2016/12/20,0,232000,-474080,-242080
2016/12/21,0,771000,-291000,480000
2016/12/22,0,75000,-916000,-841000
2016/12/23,0,425000,-278000,147000
2016/12/26,0,52000,-267000,-215000
2016/12/27,0,110000,-185000,-75000
2016/12/28,0,622000,-159000,463000
2016/12/29,0,810000,-384000,426000
2016/12/30,0,385000,-259000,126000
2017/01/02,0,0,0,0
2017/01/03,0,40000,-86000,-46000
2017/01/04,0,425000,-334000,91000
2017/01/05,0,348000,-491000,-143000
2017/01/06,0,917000,-697000,220000
2017/01/09,0,145000,-314000,-169000
2017/01/10,0,85000,-416000,-331000
2017/01/11,0,92000,-464000,-372000
2017/01/12,0,280000,-360000,-80000
2017/01/13,0,395000,-793000,-398000
2017/01/16,0,575000,-112000,463000
2017/01/17,0,198000,-316000,-118000
2017/01/18,0,178000,-925000,-747000
2017/01/19,0,319000,-246000,73000
2017/01/20,0,304000,-185000,119000
2017/01/23,0,164000,-325000,-161000
2017/01/24,0,324000,-840000,-516000
2017/01/25,0,0,0,0
2017/01/26,0,0,0,0
2017/01/27,0,0,0,0
2017/01/30,0,0,0,0
2017/01/31,0,0,0,0
2017/02/01,0,0,0,0
2017/02/02,0,805000,-476000,329000
2017/02/03,0,332000,-632000,-300000
2017/02/06,0,784000,-480000,304000
2017/02/07,0,244000,-1110000,-866000
2017/02/08,0,458000,-405000,53000
2017/02/09,0,766000,-425000,341000
2017/02/10,0,369000,-203000,166000
2017/02/13,0,653000,-43000,610000
2017/02/14,0,493000,-478000,15000
2017/02/15,0,1197000,-744000,453000
2017/02/16,0,1104000,-1177000,-73000
2017/02/17,0,115000,-1159000,-1044000
2017/02/20,0,132000,-335000,-203000
2017/02/21,0,349000,-386000,-37000
2017/02/22,0,248000,-410000,-162000
2017/02/23,0,359000,-111000,248000
2017/02/24,0,153000,-125000,28000
2017/02/27,0,0,0,0
2017/02/28,0,0,0,0
2017/03/01,0,103000,-121000,-18000
2017/03/02,0,2188000,-1026000,1162000
2017/03/03,0,428000,-418000,10000
2017/03/06,0,721000,-639000,82000
2017/03/07,0,100000,-480000,-380000
2017/03/08,0,477000,-522000,-45000
2017/03/09,0,434000,-584000,-150000
2017/03/10,0,1060000,-670000,390000
2017/03/13,0,663000,-413000,250000
2017/03/14,0,5003000,-399000,4604000
2017/03/15,0,1094000,-2839000,-1745000
2017/03/16,0,557000,-2276000,-1719000
2017/03/17,0,1071000,-612000,459000
2017/03/20,0,696000,-691000,5000
2017/03/21,0,541000,-1024000,-483000
2017/03/22,0,340000,-775000,-435000
2017/03/23,0,296000,-209000,87000
2017/03/24,0,261000,-243000,18000
2017/03/27,0,398000,-576000,-178000
2017/03/28,0,319000,-564000,-245000
2017/03/29,0,199000,-264000,-65000
2017/03/30,0,181000,-229000,-48000
2017/03/31,0,255000,-193000,62000
2017/04/03,0,0,0,0
2017/04/04,0,0,0,0
2017/04/05,0,371000,-168000,203000
2017/04/06,0,1042000,-1491000,-449000
2017/04/07,0,442000,-144000,298000
2017/04/10,0,501000,-84000,417000
2017/04/11,0,545000,-581000,-36000
2017/04/12,0,220000,-232000,-12000
2017/04/13,0,190000,-116000,74000
2017/04/14,0,790000,-116000,674000
2017/04/17,0,157000,-351000,-194000
2017/04/18,0,169000,-5000,164000
2017/04/19,0,1291000,-1242000,49000
2017/04/20,0,329000,-494000,-165000
2017/04/21,0,123000,-535000,-412000
2017/04/24,0,5000,-160000,-155000
2017/04/25,0,272000,-738000,-466000
2017/04/26,0,515000,-796000,-281000
2017/04/27,0,1019000,-181000,838000
2017/04/28,0,501000,-53000,448000
2017/05/01,0,0,0,0
2017/05/02,0,1753000,-901000,852000
2017/05/03,0,730000,-2988000,-2258000
2017/05/04,0,532000,-473000,59000
2017/05/05,0,505000,-518000,-13000
2017/05/08,0,180000,-185000,-5000
2017/05/09,0,624000,-320396,303604
2017/05/10,0,167000,-342000,-175000
2017/05/11,0,437000,-228000,209000
2017/05/12,0,1820000,-283000,1537000
2017/05/15,0,554000,-532000,22000
2017/05/16,0,3669000,-1508000,2161000
2017/05/17,0,2208000,-5467000,-3259000
2017/05/18,0,465000,-1423000,-958000
2017/05/19,0,475000,-564000,-89000
2017/05/22,0,433000,-339000,94000
2017/05/23,0,184000,-502000,-318000
2017/05/24,0,165000,-107000,58000
2017/05/25,0,176000,-530000,-354000
2017/05/26,0,50000,-258000,-208000
2017/05/29,0,0,0,0
2017/05/30,0,0,0,0
2017/05/31,0,844000,-705000,139000
2017/06/01,0,488000,-321000,167000
2017/06/02,0,134000,-300000,-166000
2017/06/05,0,131000,-207000,-76000
2017/06/06,0,111000,-38030,72970
2017/06/07,0,425000,-119000,306000
2017/06/08,0,578000,-53000,525000
2017/06/09,0,590000,-356000,234000
2017/06/12,0,315000,-475000,-160000
2017/06/13,0,209000,-222000,-13000
2017/06/14,0,284000,-163000,121000
2017/06/15,0,246000,-337000,-91000
2017/06/16,0,146000,-157000,-11000
2017/06/19,0,2572000,-378000,2194000
2017/06/20,0,2234000,-245000,1989000
2017/06/21,0,260000,-171000,89000
2017/06/22,0,438000,-373000,65000
2017/06/23,0,370000,-212000,158000
2017/06/26,0,1191000,-369000,822000
2017/06/27,0,317000,-1228000,-911000
2017/06/28,0,357000,-273000,84000
2017/06/29,0,367000,-558000,-191000
2017/06/30,0,874000,-177000,697000
2017/07/03,0,14000,-523000,-509000
2017/07/04,0,832000,-511000,321000
2017/07/05,0,1070000,-951000,119000
2017/07/06,0,1075000,-610000,465000
2017/07/07,0,170000,-621000,-451000
2017/07/10,0,2689000,-2444000,245000
2017/07/11,0,895000,-984000,-89000
2017/07/12,0,203000,-792000,-589000
2017/07/13,0,1172000,-167000,1005000
2017/07/14,0,212000,-222000,-10000
2017/07/17,0,742000,-125000,617000
2017/07/18,0,427000,-115000,312000
2017/07/19,0,298000,-620000,-322000
2017/07/20,0,256000,-419000,-163000
2017/07/21,0,735000,-217000,518000
2017/07/24,0,70000,-145000,-75000
2017/07/25,0,172000,-30000,142000
2017/07/26,0,169000,-375000,-206000
2017/07/27,0,18000,-24000,-6000
2017/07/28,0,464000,-46000,418000
2017/07/31,0,1095000,-168000,927000
2017/08/01,0,222000,-411000,-189000
2017/08/02,0,104000,-209000,-105000
2017/08/03,0,233000,-66000,167000
2017/08/04,0,233000,-277000,-44000
2017/08/07,0,958000,-171000,787000
2017/08/08,0,756000,-375000,381000
2017/08/09,0,59000,-407000,-348000
2017/08/10,0,227000,-605000,-378000
2017/08/11,0,522000,-250325,271675
2017/08/14,0,199000,-73000,126000
2017/08/15,0,1130000,-253000,877000
2017/08/16,0,170000,-2571000,-2401000
2017/08/17,0,1216000,-771000,445000
2017/08/18,0,117000,-744000,-627000
