Date,Open,Buy,Sell,Total
2007/01/02,0,817000,-22735000,-21918000
2007/01/03,0,1527000,-1169000,358000
2007/01/04,0,3267000,-855000,2412000
2007/01/05,0,569000,-495000,74000
2007/01/08,0,1457000,-1030090,426910
2007/01/09,0,9000,-2299000,-2290000
2007/01/10,0,1723000,-2288000,-565000
2007/01/11,0,3705000,-2522000,1183000
2007/01/12,0,2669000,-55000,2614000
2007/01/15,0,1316000,-399000,917000
2007/01/16,0,3525000,-872000,2653000
2007/01/17,0,1583000,-2405000,-822000
2007/01/18,0,1689000,-2288000,-599000
2007/01/19,0,2298000,-765000,1533000
2007/01/22,0,6393000,-2152000,4241000
2007/01/23,0,2645000,-669000,1976000
2007/01/24,0,902000,0,902000
2007/01/25,0,541000,-610000,-69000
2007/01/26,0,874000,-261000,613000
2007/01/29,0,2459000,-538000,1921000
2007/01/30,0,5020000,-1552000,3468000
2007/01/31,0,2998000,-808000,2190000
2007/02/01,0,4170000,-1051000,3119000
2007/02/02,0,1808000,-80000,1728000
2007/02/05,0,6160000,-2494000,3666000
2007/02/06,0,24000,-72000,-48000
2007/02/07,0,70000,-14000,56000
2007/02/08,0,121000,-81000,40000
2007/02/09,0,84000,-41000,43000
2007/02/12,0,76000,-367000,-291000
2007/02/13,0,333000,-377000,-44000
2007/02/14,0,5000,-1009000,-1004000
2007/02/15,0,0,0,0
2007/02/16,0,0,0,0
2007/02/19,0,0,0,0
2007/02/20,0,0,0,0
2007/02/21,0,0,0,0
2007/02/22,0,0,0,0
2007/02/23,0,0,0,0
2007/02/26,0,837000,-1134000,-297000
2007/02/27,0,179000,-1342000,-1163000
2007/02/28,0,0,0,0
2007/03/01,0,108000,-249000,-141000
2007/03/02,0,376000,-1468000,-1092000
2007/03/05,0,346000,-629000,-283000
2007/03/06,0,191000,-1707700,-1516700
2007/03/07,0,215000,-2310213,-2095213
2007/03/08,0,1455000,-1804500,-349500
2007/03/09,0,1712000,-2348000,-636000
2007/03/12,0,849000,-1259000,-410000
2007/03/13,0,2102000,-2289000,-187000
2007/03/14,0,500000,-1213000,-713000
2007/03/15,0,216000,-323000,-107000
2007/03/16,0,2165000,-3271000,-1106000
2007/03/19,0,917000,-1198000,-281000
2007/03/20,0,2515000,-1657000,858000
2007/03/21,0,1027000,-860000,167000
2007/03/22,0,1540000,-777000,763000
2007/03/23,0,1806000,-823000,983000
2007/03/26,0,1842000,-1687000,155000
2007/03/27,0,213000,-2166000,-1953000
2007/03/28,0,87000,-2854000,-2767000
2007/03/29,0,429000,-3969000,-3540000
2007/03/30,0,107000,-24000,83000
2007/04/02,0,286000,-2877000,-2591000
2007/04/03,0,24000,-6152000,-6128000
2007/04/04,0,1618000,-19191400,-17573400
2007/04/05,0,0,0,0
2007/04/06,0,0,0,0
2007/04/09,0,2304000,-4675000,-2371000
2007/04/10,0,987000,-7621000,-6634000
2007/04/11,0,1493000,-379000,1114000
2007/04/12,0,866000,-1307000,-441000
2007/04/13,0,4000,-1343000,-1339000
2007/04/16,0,1032000,-2686000,-1654000
2007/04/17,0,504000,-1580000,-1076000
2007/04/18,0,420000,-781000,-361000
2007/04/19,0,2202000,-2180000,22000
2007/04/20,0,164000,-199000,-35000
2007/04/23,0,0,-4000,-4000
2007/04/24,0,482000,-4000,478000
2007/04/25,0,418000,-629000,-211000
2007/04/26,0,461000,-2345000,-1884000
2007/04/27,0,1221000,-859000,362000
2007/04/30,0,1495000,-869000,626000
2007/05/01,0,0,0,0
2007/05/02,0,1318000,-63000,1255000
2007/05/03,0,4652000,-180000,4472000
2007/05/04,0,8010000,-1462000,6548000
2007/05/07,0,3073000,-1075000,1998000
2007/05/08,0,203000,-3045000,-2842000
2007/05/09,0,4786000,-6550000,-1764000
2007/05/10,0,2364000,-30000,2334000
2007/05/11,0,318000,-917000,-599000
2007/05/14,0,1470000,-5000,1465000
2007/05/15,0,1461000,-63000,1398000
2007/05/16,0,3615000,-585000,3030000
2007/05/17,0,1134000,-901000,233000
2007/05/18,0,601000,-5000,596000
2007/05/21,0,596000,-1771000,-1175000
2007/05/22,0,39000,-51000,-12000
2007/05/23,0,3092000,-8000,3084000
2007/05/24,0,3049000,-531000,2518000
2007/05/25,0,1208000,-1000,1207000
2007/05/28,0,2662000,-1508000,1154000
2007/05/29,0,4685000,-4455000,230000
2007/05/30,0,478000,-2951000,-2473000
2007/05/31,0,2131000,-9325000,-7194000
2007/06/01,0,3628000,-4368000,-740000
2007/06/04,0,0,-2941000,-2941000
2007/06/05,0,220000,-11270000,-11050000
2007/06/06,0,28000,-9744000,-9716000
2007/06/07,0,1116000,-10502787,-9386787
2007/06/08,0,23000,-3490000,-3467000
2007/06/11,0,267000,-1461000,-1194000
2007/06/12,0,8211000,-7396000,815000
2007/06/13,0,2014000,-3649000,-1635000
2007/06/14,0,1007000,-2632000,-1625000
2007/06/15,0,23028000,-549000,22479000
2007/06/18,0,0,0,0
2007/06/19,0,0,0,0
2007/06/20,0,556000,-3637400,-3081400
2007/06/21,0,2464000,-1081000,1383000
2007/06/22,0,2975000,-845000,2130000
2007/06/25,0,4830000,-147000,4683000
2007/06/26,0,2621000,-1775000,846000
2007/06/27,0,804000,-144000,660000
2007/06/28,0,4429000,-2163000,2266000
2007/06/29,0,2105000,-1245000,860000
2007/07/02,0,559000,-1198000,-639000
2007/07/03,0,2903000,-220000,2683000
2007/07/04,0,8979000,-1348000,7631000
2007/07/05,0,8149000,-359000,7790000
2007/07/06,0,6384000,-1090000,5294000
2007/07/09,0,9764000,-8915000,849000
2007/07/10,0,3970000,-3203000,767000
2007/07/11,0,326000,-1162000,-836000
2007/07/12,0,59000,-117000,-58000
2007/07/13,0,232000,-206000,26000
2007/07/16,0,2044000,-124000,1920000
2007/07/17,0,1890000,-1404000,486000
2007/07/18,0,4172000,-130000,4042000
2007/07/19,0,2588000,-4454000,-1866000
2007/07/20,0,927000,-343000,584000
2007/07/23,0,2160000,-4798000,-2638000
2007/07/24,0,1786000,-3620000,-1834000
2007/07/25,0,3592000,-5176000,-1584000
2007/07/26,0,4227000,-4667000,-440000
2007/07/27,0,2349000,-985000,1364000
2007/07/30,0,1249000,-852000,397000
2007/07/31,0,4020000,-823000,3197000
2007/08/01,0,16957000,-2575000,14382000
2007/08/02,0,6387000,-150000,6237000
2007/08/03,0,14922000,-6383000,8539000
2007/08/06,0,2656000,-638000,2018000
2007/08/07,0,6519000,-2631000,3888000
2007/08/08,0,2353000,-415000,1938000
2007/08/09,0,1158000,-7000,1151000
2007/08/10,0,4973000,-3093000,1880000
2007/08/13,0,967000,-1018000,-51000
2007/08/14,0,1886000,-3179000,-1293000
2007/08/15,0,1026000,-214000,812000
2007/08/16,0,4274000,-2291000,1983000
2007/08/17,0,8000,-2883000,-2875000
2007/08/20,0,632000,-362000,270000
2007/08/21,0,1715000,-48000,1667000
2007/08/22,0,166000,-282000,-116000
2007/08/23,0,84000,-1302000,-1218000
2007/08/24,0,544000,-2000,542000
2007/08/27,0,77000,-200000,-123000
2007/08/28,0,410000,-298000,112000
2007/08/29,0,252000,-265000,-13000
2007/08/30,0,1040000,-821000,219000
2007/08/31,0,1361000,-26000,1335000
2007/09/03,0,1158000,-119000,1039000
2007/09/04,0,556000,-6000,550000
2007/09/05,0,1842000,-379000,1463000
2007/09/06,0,368000,0,368000
2007/09/07,0,619000,-7000,612000
2007/09/10,0,486000,-90000,396000
2007/09/11,0,869000,-347000,522000
2007/09/12,0,917000,-170005,746995
2007/09/13,0,620000,-40000,580000
2007/09/14,0,202000,0,202000
2007/09/17,0,489000,-21000,468000
2007/09/18,0,0,0,0
2007/09/19,0,2686000,-3462000,-776000
2007/09/20,0,886000,-56000,830000
2007/09/21,0,1416000,-1573000,-157000
2007/09/24,0,0,0,0
2007/09/25,0,0,0,0
2007/09/26,0,3289000,-1090000,2199000
2007/09/27,0,1644000,-3338000,-1694000
2007/09/28,0,262000,-2471000,-2209000
2007/10/01,0,951000,-72000,879000
2007/10/02,0,438000,-667000,-229000
2007/10/03,0,785000,-4318369,-3533369
2007/10/04,0,431000,-4116000,-3685000
2007/10/05,0,274000,-176000,98000
2007/10/08,0,244000,-26000,218000
2007/10/09,0,23000,-782000,-759000
2007/10/10,0,0,0,0
2007/10/11,0,189000,-180000,9000
2007/10/12,0,152000,-1222000,-1070000
2007/10/15,0,17000,-2460000,-2443000
2007/10/16,0,3092000,-4369000,-1277000
2007/10/17,0,1112000,-3440000,-2328000
2007/10/18,0,0,-4026000,-4026000
2007/10/19,0,31000,-631000,-600000
2007/10/22,0,407000,-1323000,-916000
2007/10/23,0,314000,-1455000,-1141000
2007/10/24,0,189000,-1995000,-1806000
2007/10/25,0,406000,-3162000,-2756000
2007/10/26,0,576000,-2097000,-1521000
2007/10/29,0,489000,-5200000,-4711000
2007/10/30,0,945000,-2069000,-1124000
2007/10/31,0,1936000,-6685000,-4749000
2007/11/01,0,1636000,-2967000,-1331000
2007/11/02,0,2974000,-825000,2149000
2007/11/05,0,952000,-427000,525000
2007/11/06,0,625000,-982000,-357000
2007/11/07,0,3133000,-1237000,1896000
2007/11/08,0,3756000,-639000,3117000
2007/11/09,0,460000,-1034000,-574000
2007/11/12,0,17000,-466000,-449000
2007/11/13,0,654000,-964000,-310000
2007/11/14,0,630000,-711000,-81000
2007/11/15,0,1360000,-326000,1034000
2007/11/16,0,3277000,-71000,3206000
2007/11/19,0,0,-2261000,-2261000
2007/11/20,0,1887000,-3040000,-1153000
2007/11/21,0,398000,-641000,-243000
2007/11/22,0,1426000,-91000,1335000
2007/11/23,0,117000,-108000,9000
2007/11/26,0,1418000,-3000,1415000
2007/11/27,0,1321000,-145000,1176000
2007/11/28,0,1017000,-337000,680000
2007/11/29,0,1325000,-787000,538000
2007/11/30,0,982000,-67000,915000
2007/12/03,0,820000,-232000,588000
2007/12/04,0,22000,-49000,-27000
2007/12/05,0,766000,-327000,439000
2007/12/06,0,610000,-11000,599000
2007/12/07,0,2835139,-1292000,1543139
2007/12/10,0,1032000,-271000,761000
2007/12/11,0,1438000,-1201000,237000
2007/12/12,0,1135000,-720000,415000
2007/12/13,0,1315000,-226000,1089000
2007/12/14,0,2114000,-232000,1882000
2007/12/17,0,2574000,-721000,1853000
2007/12/18,0,1390000,-147000,1243000
2007/12/19,0,264000,-176000,88000
2007/12/20,0,1176000,-184400,991600
2007/12/21,0,263000,-67000,196000
2007/12/24,0,169000,-13000,156000
2007/12/25,0,5000,-168000,-163000
2007/12/26,0,158000,-22000,136000
2007/12/27,0,89000,-221000,-132000
2007/12/28,0,80000,-88000,-8000
2007/12/31,0,48000,-18000,30000
2008/01/01,0,0,0,0
2008/01/02,0,23000,-408000,-385000
2008/01/03,0,535000,-111000,424000
2008/01/04,0,741000,-38000,703000
2008/01/07,0,829000,-229000,600000
2008/01/08,0,204000,-89000,115000
2008/01/09,0,402000,-648000,-246000
2008/01/10,0,67000,-96000,-29000
2008/01/11,0,1621000,-371000,1250000
2008/01/14,0,4942000,-3387000,1555000
2008/01/15,0,4684000,-1686000,2998000
2008/01/16,0,16061000,-2152000,13909000
2008/01/17,0,7728000,-1251000,6477000
2008/01/18,0,1708000,-2373899,-665899
2008/01/21,0,4355000,-328000,4027000
2008/01/22,0,9385000,-1713000,7672000
2008/01/23,0,1906000,-9638000,-7732000
2008/01/24,0,4115000,-1805995,2309005
2008/01/25,0,2598000,-2527000,71000
2008/01/28,0,3450000,-289000,3161000
2008/01/29,0,3442000,-1685000,1757000
2008/01/30,0,3484000,-1095000,2389000
2008/01/31,0,6107000,-1800000,4307000
2008/02/01,0,4051000,-2298000,1753000
2008/02/04,0,0,0,0
2008/02/05,0,0,0,0
2008/02/06,0,0,0,0
2008/02/07,0,0,0,0
2008/02/08,0,0,0,0
2008/02/11,0,0,0,0
2008/02/12,0,5325000,-1256000,4069000
2008/02/13,0,4109000,-1661000,2448000
2008/02/14,0,2069000,-644000,1425000
2008/02/15,0,7655000,-904000,6751000
2008/02/18,0,3448000,-1202000,2246000
2008/02/19,0,1302000,-1722000,-420000
2008/02/20,0,1569000,-453000,1116000
2008/02/21,0,3112000,-1202000,1910000
2008/02/22,0,3664000,-1756000,1908000
2008/02/25,0,1212000,-1146000,66000
2008/02/26,0,4814000,-83000,4731000
2008/02/27,0,9303000,-4192500,5110500
2008/02/28,0,0,0,0
2008/02/29,0,4848000,-2267000,2581000
2008/03/03,0,357000,-742000,-385000
2008/03/04,0,5427000,-2226000,3201000
2008/03/05,0,7342000,-3286000,4056000
2008/03/06,0,12291000,-11354000,937000
2008/03/07,0,7905000,-1878000,6027000
2008/03/10,0,7025000,-2636000,4389000
2008/03/11,0,1231000,-1342000,-111000
2008/03/12,0,2872000,-4023000,-1151000
2008/03/13,0,2646000,-6991000,-4345000
2008/03/14,0,1556000,-6022000,-4466000
2008/03/17,0,3108000,-3719000,-611000
2008/03/18,0,2835000,-4796000,-1961000
2008/03/19,0,3785000,-136000,3649000
2008/03/20,0,1485000,-905000,580000
2008/03/21,0,3868000,-95000,3773000
2008/03/24,0,1480000,-65000,1415000
2008/03/25,0,4600000,-107000,4493000
2008/03/26,0,6195000,-89000,6106000
2008/03/27,0,4780000,-4426000,354000
2008/03/28,0,5411000,-5176000,235000
2008/03/31,0,4500000,-4233000,267000
2008/04/01,0,1012000,-751000,261000
2008/04/02,0,325000,-2395000,-2070000
2008/04/03,0,607000,-2701000,-2094000
2008/04/04,0,0,0,0
2008/04/07,0,1156000,-1360000,-204000
2008/04/08,0,240000,-545000,-305000
2008/04/09,0,1248000,-1408000,-160000
2008/04/10,0,486000,-55000,431000
2008/04/11,0,4762000,-1439000,3323000
2008/04/14,0,11483000,-831000,10652000
2008/04/15,0,0,-2072000,-2072000
2008/04/16,0,6706000,-5945000,761000
2008/04/17,0,4754000,-2311000,2443000
2008/04/18,0,4776000,-4372000,404000
2008/04/21,0,4064000,-1221000,2843000
2008/04/22,0,3339000,-2398000,941000
2008/04/23,0,2525000,-1879000,646000
2008/04/24,0,1060000,-208000,852000
2008/04/25,0,735000,-362000,373000
2008/04/28,0,1278000,-321000,957000
2008/04/29,0,1468000,-717000,751000
2008/04/30,0,741000,-70000,671000
2008/05/01,0,0,0,0
2008/05/02,0,727000,-817000,-90000
2008/05/05,0,2271000,-1978000,293000
2008/05/06,0,719000,-1069000,-350000
2008/05/07,0,938000,-606000,332000
2008/05/08,0,1424000,-1566000,-142000
2008/05/09,0,1049000,-1627000,-578000
2008/05/12,0,437000,-301000,136000
2008/05/13,0,566000,-683000,-117000
2008/05/14,0,1103000,-2030500,-927500
2008/05/15,0,656000,-1779000,-1123000
2008/05/16,0,815000,-1318000,-503000
2008/05/19,0,2161000,-2810000,-649000
2008/05/20,0,1079000,-2251000,-1172000
2008/05/21,0,1724000,-2067000,-343000
2008/05/22,0,2927000,-3073000,-146000
2008/05/23,0,905000,-1094000,-189000
2008/05/26,0,720000,-380000,340000
2008/05/27,0,212000,-20000,192000
2008/05/28,0,2103000,-660000,1443000
2008/05/29,0,1645000,-997000,648000
2008/05/30,0,2448000,-719000,1729000
2008/06/02,0,193000,-330000,-137000
2008/06/03,0,122000,-674000,-552000
2008/06/04,0,519000,-227000,292000
2008/06/05,0,959000,-953000,6000
2008/06/06,0,2488000,-325000,2163000
2008/06/09,0,879000,-328000,551000
2008/06/10,0,1211000,-605000,606000
2008/06/11,0,1012000,-318000,694000
2008/06/12,0,269000,-148000,121000
2008/06/13,0,64000,-896000,-832000
2008/06/16,0,82000,-556000,-474000
2008/06/17,0,160000,-364000,-204000
2008/06/18,0,153000,-1710000,-1557000
2008/06/19,0,98000,-1414000,-1316000
2008/06/20,0,1064000,-656000,408000
2008/06/23,0,3563000,-470000,3093000
2008/06/24,0,2304000,-1528000,776000
2008/06/25,0,1361000,-1287000,74000
2008/06/26,0,193000,-549000,-356000
2008/06/27,0,1024000,-856000,168000
2008/06/30,0,1424000,-369000,1055000
2008/07/01,0,1961000,-222000,1739000
2008/07/02,0,4274000,-1056000,3218000
2008/07/03,0,2847000,-2763219,83781
2008/07/04,0,3498000,-2488000,1010000
2008/07/07,0,2533000,-501000,2032000
2008/07/08,0,3700000,-1564000,2136000
2008/07/09,0,2575000,-258000,2317000
2008/07/10,0,413000,-241000,172000
2008/07/11,0,705000,-1137000,-432000
2008/07/14,0,378000,-237000,141000
2008/07/15,0,2839000,-556000,2283000
2008/07/16,0,58000,-348000,-290000
2008/07/17,0,423000,-746000,-323000
2008/07/18,0,314000,-552000,-238000
2008/07/21,0,327000,0,327000
2008/07/22,0,264000,-130000,134000
2008/07/23,0,2536000,-250000,2286000
2008/07/24,0,2153000,-207000,1946000
2008/07/25,0,690000,-186000,504000
2008/07/28,0,0,0,0
2008/07/29,0,110000,-157000,-47000
2008/07/30,0,501000,-421000,80000
2008/07/31,0,1870000,-1937000,-67000
2008/08/01,0,280000,-404000,-124000
2008/08/04,0,18000,-186000,-168000
2008/08/05,0,788000,-810000,-22000
2008/08/06,0,606000,-1365000,-759000
2008/08/07,0,151000,-890000,-739000
2008/08/08,0,400000,-2679000,-2279000
2008/08/11,0,1269000,-2521000,-1252000
2008/08/12,0,21000,-1121000,-1100000
2008/08/13,0,61000,-1212000,-1151000
2008/08/14,0,609000,-3072000,-2463000
2008/08/15,0,173000,-1884000,-1711000
2008/08/18,0,151000,-1340000,-1189000
2008/08/19,0,37000,-388139,-351139
2008/08/20,0,641000,-410000,231000
2008/08/21,0,20000,-605000,-585000
2008/08/22,0,315000,-468000,-153000
2008/08/25,0,799000,0,799000
2008/08/26,0,1149000,-1482000,-333000
2008/08/27,0,2180000,-2524000,-344000
2008/08/28,0,2817000,-1592000,1225000
2008/08/29,0,683000,-4975000,-4292000
2008/09/01,0,5904000,-5249000,655000
2008/09/02,0,2212000,-2418000,-206000
2008/09/03,0,5879000,-5209000,670000
2008/09/04,0,2702000,-1424000,1278000
2008/09/05,0,56000,-647000,-591000
2008/09/08,0,2824000,-20944000,-18120000
2008/09/09,0,4757000,-136000,4621000
2008/09/10,0,575000,-2841000,-2266000
2008/09/11,0,30000,-1817000,-1787000
2008/09/12,0,586000,-9948000,-9362000
2008/09/15,0,500000,-1303000,-803000
2008/09/16,0,1249000,-79000,1170000
2008/09/17,0,6363000,-4725000,1638000
2008/09/18,0,4607000,-1079000,3528000
2008/09/19,0,1300000,-325700,974300
2008/09/22,0,0,-54000,-54000
2008/09/23,0,2311000,-4842000,-2531000
2008/09/24,0,1722000,-6330000,-4608000
2008/09/25,0,865000,-1790000,-925000
2008/09/26,0,1897000,-1222130,674870
2008/09/29,0,0,0,0
2008/09/30,0,5646000,-204720,5441280
2008/10/01,0,1033000,-1159000,-126000
2008/10/02,0,986000,-183000,803000
2008/10/03,0,1258000,-1152000,106000
2008/10/06,0,1677000,-378150,1298850
2008/10/07,0,295000,-451000,-156000
2008/10/08,0,596000,-864000,-268000
2008/10/09,0,35000,-1675000,-1640000
2008/10/10,0,0,0,0
2008/10/13,0,3557610,-1835250,1722360
2008/10/14,0,518000,-8066000,-7548000
2008/10/15,0,838000,-631000,207000
2008/10/16,0,0,0,0
2008/10/17,0,1000,-1191000,-1190000
2008/10/20,0,1141599,-543000,598599
2008/10/21,0,1315000,-2388910,-1073910
2008/10/22,0,1147000,-2865780,-1718780
2008/10/23,0,81000,0,81000
2008/10/24,0,152000,-292000,-140000
2008/10/27,0,251000,0,251000
2008/10/28,0,248000,-3742850,-3494850
2008/10/29,0,7340000,-5206680,2133320
2008/10/30,0,362000,-2447300,-2085300
2008/10/31,0,573000,-1082000,-509000
2008/11/03,0,1513000,-1461000,52000
2008/11/04,0,799000,-414000,385000
2008/11/05,0,342000,-1215000,-873000
2008/11/06,0,2827000,-1124000,1703000
2008/11/07,0,793000,-1653000,-860000
2008/11/10,0,1641000,-156000,1485000
2008/11/11,0,777000,-491250,285750
2008/11/12,0,87000,-215000,-128000
2008/11/13,0,596000,-92000,504000
2008/11/14,0,142000,-148000,-6000
2008/11/17,0,136000,-2893000,-2757000
2008/11/18,0,46000,-1946850,-1900850
2008/11/19,0,47000,-846000,-799000
2008/11/20,0,135000,-53000,82000
2008/11/21,0,448000,-254000,194000
2008/11/24,0,717000,-722000,-5000
2008/11/25,0,635000,-4109214,-3474214
2008/11/26,0,448000,-2688000,-2240000
2008/11/27,0,1369000,-257000,1112000
2008/11/28,0,1283000,-2378000,-1095000
2008/12/01,0,577000,-6422000,-5845000
2008/12/02,0,882000,-2449940,-1567940
2008/12/03,0,2512000,-749000,1763000
2008/12/04,0,189000,-891500,-702500
2008/12/05,0,187000,-242000,-55000
2008/12/08,0,1618000,-212542,1405458
2008/12/09,0,3352000,-3194028,157972
2008/12/10,0,877000,-336000,541000
2008/12/11,0,810560,-146000,664560
2008/12/12,0,159000,-354000,-195000
2008/12/15,0,1610000,-2344000,-734000
2008/12/16,0,1858000,-1924630,-66630
2008/12/17,0,1922000,-5088000,-3166000
2008/12/18,0,754000,-2446000,-1692000
2008/12/19,0,237000,-1306000,-1069000
2008/12/22,0,265000,-1341000,-1076000
2008/12/23,0,778000,-1725000,-947000
2008/12/24,0,641771,-2252000,-1610229
2008/12/25,0,20000,-471000,-451000
2008/12/26,0,151000,-54000,97000
2008/12/29,0,52000,-155000,-103000
2008/12/30,0,1772000,-42000,1730000
2008/12/31,0,662000,-796000,-134000
2009/01/01,0,0,0,0
2009/01/02,0,0,0,0
2009/01/05,0,4064000,-477700,3586300
2009/01/06,0,2003000,-237000,1766000
2009/01/07,0,1097000,-1642970,-545970
2009/01/08,0,1942000,-532310,1409690
2009/01/09,0,134000,-488000,-354000
2009/01/12,0,3513000,-2411000,1102000
2009/01/13,0,3403962,-2679000,724962
2009/01/14,0,1216000,-1343000,-127000
2009/01/15,0,1529000,-7044000,-5515000
2009/01/16,0,1048000,-286000,762000
2009/01/19,0,0,-1001000,-1001000
2009/01/20,0,2253000,-882000,1371000
2009/01/21,0,1215685,-993000,222685
2009/01/22,0,0,0,0
2009/01/23,0,0,0,0
2009/01/26,0,0,0,0
2009/01/27,0,0,0,0
2009/01/28,0,0,0,0
2009/01/29,0,0,0,0
2009/01/30,0,0,0,0
2009/02/02,0,3056000,-900190,2155810
2009/02/03,0,1598416,-54000,1544416
2009/02/04,0,1168000,-251000,917000
2009/02/05,0,983000,-659000,324000
2009/02/06,0,1164000,-194180,969820
2009/02/09,0,47000,-553100,-506100
2009/02/10,0,1483000,-2834270,-1351270
2009/02/11,0,764559,-618559,146000
2009/02/12,0,186000,-4249000,-4063000
2009/02/13,0,5000,-844950,-839950
2009/02/16,0,54000,-754000,-700000
2009/02/17,0,2137000,-849880,1287120
2009/02/18,0,2116000,-335000,1781000
2009/02/19,0,1405000,-2394980,-989980
2009/02/20,0,0,-136000,-136000
2009/02/23,0,92000,-819000,-727000
2009/02/24,0,0,-13000,-13000
2009/02/25,0,694000,-361000,333000
2009/02/26,0,63000,-262500,-199500
2009/02/27,0,51000,-642000,-591000
2009/03/02,0,100000,-1022000,-922000
2009/03/03,0,0,-1791000,-1791000
2009/03/04,0,0,-4252840,-4252840
2009/03/05,0,267000,-2653000,-2386000
2009/03/06,0,10000,-3353720,-3343720
2009/03/09,0,4032000,-4962960,-930960
2009/03/10,0,43000,-1108000,-1065000
2009/03/11,0,982000,-4075507,-3093507
2009/03/12,0,0,-5261190,-5261190
2009/03/13,0,1157000,-12387440,-11230440
2009/03/16,0,542000,-11066000,-10524000
2009/03/17,0,1436000,-615100,820900
2009/03/18,0,5348000,-26000,5322000
2009/03/19,0,2537000,-3657000,-1120000
2009/03/20,0,56000,-2157000,-2101000
2009/03/23,0,1314000,-4679000,-3365000
2009/03/24,0,687991,-274000,413991
2009/03/25,0,1431000,-318000,1113000
2009/03/26,0,1016000,-225000,791000
2009/03/27,0,8082000,-12138870,-4056870
2009/03/30,0,2000000,-10689045,-8689045
2009/03/31,0,1374000,-3280400,-1906400
2009/04/01,0,1456000,-1387000,69000
2009/04/02,0,6178000,-11403000,-5225000
2009/04/03,0,2559000,-10723620,-8164620
2009/04/06,0,4017000,-702000,3315000
2009/04/07,0,4277000,-2892000,1385000
2009/04/08,0,3672000,-3815000,-143000
2009/04/09,0,1178000,-4841000,-3663000
2009/04/10,0,519000,-472000,47000
2009/04/13,0,331000,-89000,242000
2009/04/14,0,1203000,-1183000,20000
2009/04/15,0,597000,-249000,348000
2009/04/16,0,1922000,-738000,1184000
2009/04/17,0,2133000,-17005000,-14872000
2009/04/20,0,2708000,-1314000,1394000
2009/04/21,0,865000,-1350000,-485000
2009/04/22,0,1573000,-2004470,-431470
2009/04/23,0,421000,-750000,-329000
2009/04/24,0,664000,-416000,248000
2009/04/27,0,2495000,-401000,2094000
2009/04/28,0,1702000,-77000,1625000
2009/04/29,0,1330000,-1707000,-377000
2009/04/30,0,3764000,-309000,3455000
2009/05/01,0,0,0,0
2009/05/04,0,7523000,-6305000,1218000
2009/05/05,0,12996000,-1858870,11137130
2009/05/06,0,8060000,-1096000,6964000
2009/05/07,0,7970000,-9362000,-1392000
2009/05/08,0,8081000,-340000,7741000
2009/05/11,0,5793000,-7175000,-1382000
2009/05/12,0,329000,-7584000,-7255000
2009/05/13,0,7659000,-7377000,282000
2009/05/14,0,1065000,-2673000,-1608000
2009/05/15,0,2863000,-2176000,687000
2009/05/18,0,3128000,-8814080,-5686080
2009/05/19,0,373000,-2816130,-2443130
2009/05/20,0,1531000,-1596000,-65000
2009/05/21,0,2668000,-2715000,-47000
2009/05/22,0,278000,-2276000,-1998000
2009/05/25,0,767000,-1633000,-866000
2009/05/26,0,287000,-918000,-631000
2009/05/27,0,1776000,-1340000,436000
2009/05/28,0,0,0,0
2009/05/29,0,0,0,0
2009/06/01,0,2813000,-3045000,-232000
2009/06/02,0,3119600,-809000,2310600
2009/06/03,0,2019000,-640000,1379000
2009/06/04,0,1073000,-1329000,-256000
2009/06/05,0,871000,-113000,758000
2009/06/08,0,758000,-198000,560000
2009/06/09,0,1568000,-409000,1159000
2009/06/10,0,222000,-629000,-407000
2009/06/11,0,236000,-1439000,-1203000
2009/06/12,0,1579000,-667000,912000
2009/06/15,0,105000,-305000,-200000
2009/06/16,0,716000,-93000,623000
2009/06/17,0,3722000,-1363000,2359000
2009/06/18,0,226000,-1837000,-1611000
2009/06/19,0,480000,-4000,476000
2009/06/22,0,1859000,-180000,1679000
2009/06/23,0,43000,-2982000,-2939000
2009/06/24,0,1345000,-7815000,-6470000
2009/06/25,0,873000,-5766730,-4893730
2009/06/26,0,786000,-326000,460000
2009/06/29,0,659000,-594000,65000
2009/06/30,0,3519000,-408000,3111000
2009/07/01,0,1312000,-502000,810000
2009/07/02,0,41000,-626000,-585000
2009/07/03,0,292000,-206000,86000
2009/07/06,0,28000,-395000,-367000
2009/07/07,0,450000,-23000,427000
2009/07/08,0,803000,-1123000,-320000
2009/07/09,0,1787000,-208000,1579000
2009/07/10,0,3356000,-454000,2902000
2009/07/13,0,6356000,-654000,5702000
2009/07/14,0,2056000,-538000,1518000
2009/07/15,0,1287000,-147000,1140000
2009/07/16,0,1932000,-991000,941000
2009/07/17,0,3014000,-824930,2189070
2009/07/20,0,700000,-403000,297000
2009/07/21,0,5299000,-372000,4927000
2009/07/22,0,199000,-85000,114000
2009/07/23,0,1496000,-183000,1313000
2009/07/24,0,930000,-146000,784000
2009/07/27,0,1800000,-3000,1797000
2009/07/28,0,3126000,-90000,3036000
2009/07/29,0,1088000,-139000,949000
2009/07/30,0,1932000,-1006000,926000
2009/07/31,0,1888000,-601000,1287000
2009/08/03,0,1099000,-53000,1046000
2009/08/04,0,2727000,-1597000,1130000
2009/08/05,0,3275000,-782000,2493000
2009/08/06,0,2994000,-652000,2342000
2009/08/07,0,0,0,0
2009/08/10,0,453000,-6101000,-5648000
2009/08/11,0,710000,-3397000,-2687000
2009/08/12,0,234000,-3578000,-3344000
2009/08/13,0,669000,-2659000,-1990000
2009/08/14,0,1000000,-734000,266000
2009/08/17,0,433000,-88000,345000
2009/08/18,0,197000,-187893,9107
2009/08/19,0,2498045,-188000,2310045
2009/08/20,0,2307000,-153000,2154000
2009/08/21,0,1143000,-182000,961000
2009/08/24,0,264000,-1249000,-985000
2009/08/25,0,1372000,-2599000,-1227000
2009/08/26,0,32000,-502000,-470000
2009/08/27,0,740000,-5669000,-4929000
2009/08/28,0,449000,-10000,439000
2009/08/31,0,0,-684800,-684800
2009/09/01,0,2953000,-1328000,1625000
2009/09/02,0,2132000,-168000,1964000
2009/09/03,0,1993000,-192000,1801000
2009/09/04,0,1376000,-220000,1156000
2009/09/07,0,4915000,-38000,4877000
2009/09/08,0,12700000,-9630000,3070000
2009/09/09,0,283000,-585000,-302000
2009/09/10,0,1617000,-432000,1185000
2009/09/11,0,3150000,-2113000,1037000
2009/09/14,0,2109000,-341000,1768000
2009/09/15,0,619000,-47000,572000
2009/09/16,0,1520000,-1283000,237000
2009/09/17,0,1874000,-1692000,182000
2009/09/18,0,763000,-477000,286000
2009/09/21,0,1370000,-1130000,240000
2009/09/22,0,1194000,-411000,783000
2009/09/23,0,1911000,-613000,1298000
2009/09/24,0,9175000,-10349000,-1174000
2009/09/25,0,3158000,-1667000,1491000
2009/09/28,0,383000,-450000,-67000
2009/09/29,0,3304000,-70000,3234000
2009/09/30,0,161427,-2270000,-2108573
2009/10/01,0,550000,-4777000,-4227000
2009/10/02,0,1270000,-135000,1135000
2009/10/05,0,89000,-202000,-113000
2009/10/06,0,479000,-400000,79000
2009/10/07,0,5907000,-3559070,2347930
2009/10/08,0,8052000,-2007000,6045000
2009/10/09,0,207000,-4334000,-4127000
2009/10/12,0,127000,-642000,-515000
2009/10/13,0,527000,-8415990,-7888990
2009/10/14,0,5488000,-1083000,4405000
2009/10/15,0,1210000,-923100,286900
2009/10/16,0,1424000,-1165000,259000
2009/10/19,0,1291000,-139000,1152000
2009/10/20,0,506000,-1282000,-776000
2009/10/21,0,530000,-669000,-139000
2009/10/22,0,829000,-2137000,-1308000
2009/10/23,0,776000,-940000,-164000
2009/10/26,0,468000,-2304000,-1836000
2009/10/27,0,363000,-1571000,-1208000
2009/10/28,0,1550000,-742330,807670
2009/10/29,0,673000,-5831000,-5158000
2009/10/30,0,404000,-1340000,-936000
2009/11/02,0,1018000,-4004000,-2986000
2009/11/03,0,8874000,-8709000,165000
2009/11/04,0,5384000,-3407000,1977000
2009/11/05,0,1819000,-1531000,288000
2009/11/06,0,5751000,-5159001,591999
2009/11/09,0,2089000,-3367000,-1278000
2009/11/10,0,3304000,-3030000,274000
2009/11/11,0,3156000,-527000,2629000
2009/11/12,0,1189000,-8092170,-6903170
2009/11/13,0,772000,-2191000,-1419000
2009/11/16,0,287000,-1098545,-811545
2009/11/17,0,882000,-1251000,-369000
2009/11/18,0,986000,-1808000,-822000
2009/11/19,0,1011000,-901000,110000
2009/11/20,0,1415000,-539080,875920
2009/11/23,0,241000,-1234000,-993000
2009/11/24,0,117000,-2612000,-2495000
2009/11/25,0,728000,-4443000,-3715000
2009/11/26,0,131061,-2461000,-2329939
2009/11/27,0,68000,-1664000,-1596000
2009/11/30,0,182000,-1042000,-860000
2009/12/01,0,2603000,-1844152,758848
2009/12/02,0,2171000,-422000,1749000
2009/12/03,0,1544000,-1889682,-345682
2009/12/04,0,416000,-1195518,-779518
2009/12/07,0,5061000,-926359,4134641
2009/12/08,0,2199000,-894000,1305000
2009/12/09,0,2719002,-1362000,1357002
2009/12/10,0,464000,-1899636,-1435636
2009/12/11,0,846000,-1385000,-539000
2009/12/14,0,181000,-535000,-354000
2009/12/15,0,1848000,-743000,1105000
2009/12/16,0,4637000,-1473116,3163884
2009/12/17,0,2081000,-653587,1427413
2009/12/18,0,163000,-107762,55238
2009/12/21,0,814000,-191759,622241
2009/12/22,0,168000,-306000,-138000
2009/12/23,0,424000,-38000,386000
2009/12/24,0,465000,-1000,464000
2009/12/25,0,141000,-128000,13000
2009/12/28,0,819000,-80000,739000
2009/12/29,0,2117000,-290000,1827000
2009/12/30,0,32000,-41000,-9000
2009/12/31,0,336000,-1008000,-672000
2010/01/01,0,0,0,0
2010/01/04,0,316000,-110000,206000
2010/01/05,0,870000,-216000,654000
2010/01/06,0,2472000,-830417,1641583
2010/01/07,0,859000,-1820000,-961000
2010/01/08,0,763000,-369194,393806
2010/01/11,0,2905000,-1599807,1305193
2010/01/12,0,3350000,-8222974,-4872974
2010/01/13,0,24000,-796613,-772613
2010/01/14,0,289000,-432797,-143797
2010/01/15,0,274000,-1268000,-994000
2010/01/18,0,173000,-1357627,-1184627
2010/01/19,0,550000,-266000,284000
2010/01/20,0,311000,-1706983,-1395983
2010/01/21,0,704000,-172000,532000
2010/01/22,0,104000,-209000,-105000
2010/01/25,0,143000,-1504000,-1361000
2010/01/26,0,2009000,-1476000,533000
2010/01/27,0,370000,-4097724,-3727724
2010/01/28,0,625000,-4472000,-3847000
2010/01/29,0,1110000,-2154347,-1044347
2010/02/01,0,2522000,-402000,2120000
2010/02/02,0,1154000,-1776000,-622000
2010/02/03,0,168000,-293000,-125000
2010/02/04,0,0,-468588,-468588
2010/02/05,0,77000,-3407000,-3330000
2010/02/08,0,2989000,-592000,2397000
2010/02/09,0,3801000,-414000,3387000
2010/02/10,0,1335000,-570000,765000
2010/02/11,0,0,0,0
2010/02/12,0,0,0,0
2010/02/15,0,0,0,0
2010/02/16,0,0,0,0
2010/02/17,0,0,0,0
2010/02/18,0,0,0,0
2010/02/19,0,0,0,0
2010/02/22,0,1686000,-1074580,611420
2010/02/23,0,7909000,-2445055,5463945
2010/02/24,0,221000,-2193390,-1972390
2010/02/25,0,253000,-239547,13453
2010/02/26,0,623000,-110000,513000
2010/03/01,0,295000,-36000,259000
2010/03/02,0,200000,-781000,-581000
2010/03/03,0,1071000,-104000,967000
2010/03/04,0,748000,-155000,593000
2010/03/05,0,2534000,-862000,1672000
2010/03/08,0,992000,-16000,976000
2010/03/09,0,40000,-139000,-99000
2010/03/10,0,98000,-135000,-37000
2010/03/11,0,1411000,-219000,1192000
2010/03/12,0,68000,-709155,-641155
2010/03/15,0,1177000,-898000,279000
2010/03/16,0,880000,-473093,406907
2010/03/17,0,1638000,-2542263,-904263
2010/03/18,0,3289000,-524840,2764160
2010/03/19,0,3151000,-585000,2566000
2010/03/22,0,807000,-775000,32000
2010/03/23,0,2079000,-2329000,-250000
2010/03/24,0,14667000,-111000,14556000
2010/03/25,0,3549000,-324204,3224796
2010/03/26,0,359000,-1543000,-1184000
2010/03/29,0,1674000,-5000,1669000
2010/03/30,0,146000,-2856000,-2710000
2010/03/31,0,236000,-571473,-335473
2010/04/01,0,412000,-106000,306000
2010/04/02,0,22000,-24000,-2000
2010/04/05,0,0,0,0
2010/04/06,0,2735000,-63295,2671705
2010/04/07,0,6402000,-572000,5830000
2010/04/08,0,5761000,-86000,5675000
2010/04/09,0,1086000,-900000,186000
2010/04/12,0,1149000,-75000,1074000
2010/04/13,0,59000,-406000,-347000
2010/04/14,0,1766000,-301000,1465000
2010/04/15,0,2189000,-4841000,-2652000
2010/04/16,0,3765000,-3828478,-63478
2010/04/19,0,555000,-1973806,-1418806
2010/04/20,0,3035000,-528000,2507000
2010/04/21,0,3335000,-1401218,1933782
2010/04/22,0,2848000,-2035005,812995
2010/04/23,0,2156000,-779376,1376624
2010/04/26,0,5984000,-835000,5149000
2010/04/27,0,4273000,-692236,3580764
2010/04/28,0,184000,-883482,-699482
2010/04/29,0,285000,-573000,-288000
2010/04/30,0,2130000,-412482,1717518
2010/05/03,0,2164000,-2739000,-575000
2010/05/04,0,3059000,-1222001,1836999
2010/05/05,0,3231000,-823000,2408000
2010/05/06,0,2183000,-2752000,-569000
2010/05/07,0,379000,-966535,-587535
2010/05/10,0,1172000,-751000,421000
2010/05/11,0,2086000,-301000,1785000
2010/05/12,0,14893000,-456000,14437000
2010/05/13,0,4560000,-1622000,2938000
2010/05/14,0,1294690,-391000,903690
2010/05/17,0,5301000,-1662000,3639000
2010/05/18,0,4846000,-1277000,3569000
2010/05/19,0,1969000,-2506000,-537000
2010/05/20,0,1910000,-4936326,-3026326
2010/05/21,0,1013000,-1196888,-183888
2010/05/24,0,5207000,-197000,5010000
2010/05/25,0,7392000,-5884880,1507120
2010/05/26,0,46700140,-38157797,8542343
2010/05/27,0,5426513,-16128090,-10701577
2010/05/28,0,1752000,-3549000,-1797000
2010/05/31,0,1618451,-67000,1551451
2010/06/01,0,1356000,-2236000,-880000
2010/06/02,0,2390000,-1237000,1153000
2010/06/03,0,2325000,-1210763,1114237
2010/06/04,0,2664000,-528000,2136000
2010/06/07,0,2389000,-2273000,116000
2010/06/08,0,924000,-1667007,-743007
2010/06/09,0,1303000,-3934248,-2631248
2010/06/10,0,1522000,-928000,594000
2010/06/11,0,1914000,-2135000,-221000
2010/06/14,0,1105000,-563000,542000
2010/06/15,0,1760000,-1007288,752712
2010/06/16,0,0,0,0
2010/06/17,0,3080490,-1383000,1697490
2010/06/18,0,2266000,-1306000,960000
2010/06/21,0,6633188,-112951,6520237
2010/06/22,0,1765420,-3045000,-1279580
2010/06/23,0,813000,-1611756,-798756
2010/06/24,0,517000,-2162274,-1645274
2010/06/25,0,1202000,-2615643,-1413643
2010/06/28,0,667000,-348000,319000
2010/06/29,0,1337000,-4575000,-3238000
2010/06/30,0,3924000,-13224000,-9300000
2010/07/01,0,403000,-5704810,-5301810
2010/07/02,0,1587000,-7086550,-5499550
2010/07/05,0,2944000,-1774000,1170000
2010/07/06,0,2303000,-856094,1446906
2010/07/07,0,1715556,-1940000,-224444
2010/07/08,0,720000,-775178,-55178
2010/07/09,0,3532116,-1995000,1537116
2010/07/12,0,6128000,-2180240,3947760
2010/07/13,0,3659000,-2981532,677468
2010/07/14,0,1280230,-1196298,83932
2010/07/15,0,5864000,-3416128,2447872
2010/07/16,0,1893992,-2588000,-694008
2010/07/19,0,2641000,-316000,2325000
2010/07/20,0,1139000,-368000,771000
2010/07/21,0,998000,-710000,288000
2010/07/22,0,475000,-660112,-185112
2010/07/23,0,1762000,-781466,980534
2010/07/26,0,872130,-2051000,-1178870
2010/07/27,0,460632,-2426000,-1965368
2010/07/28,0,2120000,-2419814,-299814
2010/07/29,0,2974000,-1084737,1889263
2010/07/30,0,257000,-1558443,-1301443
2010/08/02,0,5465000,-2656000,2809000
2010/08/03,0,4265000,-4278000,-13000
2010/08/04,0,3133000,-8538871,-5405871
2010/08/05,0,1523000,-12333439,-10810439
2010/08/06,0,1405000,-2383000,-978000
2010/08/09,0,1231000,-1818000,-587000
2010/08/10,0,94000,-4195000,-4101000
2010/08/11,0,3744000,-2427421,1316579
2010/08/12,0,667000,-1100000,-433000
2010/08/13,0,546439,-2041000,-1494561
2010/08/16,0,842000,-2346000,-1504000
2010/08/17,0,55000,-3548000,-3493000
2010/08/18,0,1836000,-3768000,-1932000
2010/08/19,0,356000,-2639000,-2283000
2010/08/20,0,123000,-2575000,-2452000
2010/08/23,0,1827000,-3226106,-1399106
2010/08/24,0,708000,-1919000,-1211000
2010/08/25,0,1318000,-4685000,-3367000
2010/08/26,0,1062000,-1242000,-180000
2010/08/27,0,960000,-1867000,-907000
2010/08/30,0,1260768,-1910000,-649232
2010/08/31,0,1074000,-792078,281922
2010/09/01,0,143000,-446000,-303000
2010/09/02,0,1951000,-8970454,-7019454
2010/09/03,0,304000,-7346000,-7042000
2010/09/06,0,1479000,-5789372,-4310372
2010/09/07,0,1727000,-2737654,-1010654
2010/09/08,0,556800,-3572194,-3015394
2010/09/09,0,1147000,-3601935,-2454935
2010/09/10,0,2706180,-7622661,-4916481
2010/09/13,0,3597000,-2481009,1115991
2010/09/14,0,2144824,-4630000,-2485176
2010/09/15,0,679210,-1095849,-416639
2010/09/16,0,685000,-915000,-230000
2010/09/17,0,2544000,-1751000,793000
2010/09/20,0,845000,-2273276,-1428276
2010/09/21,0,628000,-752866,-124866
2010/09/22,0,0,0,0
2010/09/23,0,859171,-1080000,-220829
2010/09/24,0,1422590,-621000,801590
2010/09/27,0,376100,-206000,170100
2010/09/28,0,305330,-863000,-557670
2010/09/29,0,1524000,-940000,584000
2010/09/30,0,2343000,-526000,1817000
2010/10/01,0,1145100,-881000,264100
2010/10/04,0,591110,-2673000,-2081890
2010/10/05,0,717980,-1343100,-625120
2010/10/06,0,3612604,-580000,3032604
2010/10/07,0,3217200,-474000,2743200
2010/10/08,0,279960,-455000,-175040
2010/10/11,0,1241810,-1399000,-157190
2010/10/12,0,865560,-1586420,-720860
2010/10/13,0,759080,-5830635,-5071555
2010/10/14,0,1915186,-1144000,771186
2010/10/15,0,3478610,-3445800,32810
2010/10/18,0,662000,-8000334,-7338334
2010/10/19,0,1532000,-4382172,-2850172
2010/10/20,0,923000,-4731718,-3808718
2010/10/21,0,743000,-3330000,-2587000
2010/10/22,0,450000,-1860103,-1410103
2010/10/25,0,1289000,-4045418,-2756418
2010/10/26,0,2385192,-212000,2173192
2010/10/27,0,3107370,-3590000,-482630
2010/10/28,0,3096040,-1580194,1515846
2010/10/29,0,2238000,-3133994,-895994
2010/11/01,0,1285000,-1426000,-141000
2010/11/02,0,592000,-602000,-10000
2010/11/03,0,968000,-2380480,-1412480
2010/11/04,0,971000,-435386,535614
2010/11/05,0,2221000,-596045,1624955
2010/11/08,0,481000,-1602775,-1121775
2010/11/09,0,236000,-1175000,-939000
2010/11/10,0,1119000,-551698,567302
2010/11/11,0,501000,-514969,-13969
2010/11/12,0,923000,-2058500,-1135500
2010/11/15,0,439480,-907000,-467520
2010/11/16,0,122000,-1787000,-1665000
2010/11/17,0,579000,-2667000,-2088000
2010/11/18,0,381000,-1330320,-949320
2010/11/19,0,570310,-1672032,-1101722
2010/11/22,0,559970,-581000,-21030
2010/11/23,0,169310,-1247529,-1078219
2010/11/24,0,620000,-3143000,-2523000
2010/11/25,0,585000,-785844,-200844
2010/11/26,0,241000,-1402000,-1161000
2010/11/29,0,639000,-777000,-138000
2010/11/30,0,1404536,-2143406,-738870
2010/12/01,0,3305000,-1340000,1965000
2010/12/02,0,1959000,-1483457,475543
2010/12/03,0,259000,-871000,-612000
2010/12/06,0,441000,-12727000,-12286000
2010/12/07,0,2290850,-5842982,-3552132
2010/12/08,0,919000,-4082890,-3163890
2010/12/09,0,1534000,-348000,1186000
2010/12/10,0,1195000,-1799000,-604000
2010/12/13,0,1007000,-526581,480419
2010/12/14,0,1316000,-266000,1050000
2010/12/15,0,1341000,-2580000,-1239000
2010/12/16,0,669000,-3815407,-3146407
2010/12/17,0,1368000,-1476294,-108294
2010/12/20,0,1458770,-4878000,-3419230
2010/12/21,0,2293000,-3968490,-1675490
2010/12/22,0,2054283,-3222616,-1168333
2010/12/23,0,420000,-2105000,-1685000
2010/12/24,0,1034000,-16000,1018000
2010/12/27,0,1631000,-954056,676944
2010/12/28,0,4991000,-83000,4908000
2010/12/29,0,2076760,-9072867,-6996107
2010/12/30,0,2818000,-3462000,-644000
2010/12/31,0,1449000,-4939458,-3490458
2011/01/03,0,1235000,-803000,432000
2011/01/04,0,2140000,-14136000,-11996000
2011/01/05,0,2644000,-8190380,-5546380
2011/01/06,0,768000,-1068000,-300000
2011/01/07,0,1567000,-2085000,-518000
2011/01/10,0,1263000,-2428000,-1165000
2011/01/11,0,1379000,-1071000,308000
2011/01/12,0,1625662,-3611000,-1985338
2011/01/13,0,1243804,-2980717,-1736913
2011/01/14,0,2658000,-415000,2243000
2011/01/17,0,1065859,-1530099,-464240
2011/01/18,0,763000,-1877860,-1114860
2011/01/19,0,1789000,-547664,1241336
2011/01/20,0,8637000,-348214,8288786
2011/01/21,0,8792000,-1778196,7013804
2011/01/24,0,1345000,-1364000,-19000
2011/01/25,0,267000,-857000,-590000
2011/01/26,0,1267000,-1149508,117492
2011/01/27,0,5215000,-227790,4987210
2011/01/28,0,1675960,-1296000,379960
2011/01/31,0,0,0,0
2011/02/01,0,0,0,0
2011/02/02,0,0,0,0
2011/02/03,0,0,0,0
2011/02/04,0,0,0,0
2011/02/07,0,0,0,0
2011/02/08,0,611000,-1672000,-1061000
2011/02/09,0,1247186,-1941740,-694554
2011/02/10,0,311000,-2208690,-1897690
2011/02/11,0,1264000,-3068100,-1804100
2011/02/14,0,3308000,-1933000,1375000
2011/02/15,0,1391000,-1501164,-110164
2011/02/16,0,5783081,-2286000,3497081
2011/02/17,0,4939000,-2472380,2466620
2011/02/18,0,3252000,-780000,2472000
2011/02/21,0,3146000,-947000,2199000
2011/02/22,0,6122000,-2395900,3726100
2011/02/23,0,1639000,-1828295,-189295
2011/02/24,0,2573000,-2170873,402127
2011/02/25,0,1717000,-3136324,-1419324
2011/02/28,0,0,0,0
2011/03/01,0,4779000,-3028258,1750742
2011/03/02,0,6425450,-3032000,3393450
2011/03/03,0,9115000,-2545000,6570000
2011/03/04,0,6978000,-701000,6277000
2011/03/07,0,4288000,-608000,3680000
2011/03/08,0,3483000,-336000,3147000
2011/03/09,0,1948000,-602000,1346000
2011/03/10,0,1445200,-541910,903290
2011/03/11,0,1732000,-728410,1003590
2011/03/14,0,3187000,-1284000,1903000
2011/03/15,0,3153000,-2461140,691860
2011/03/16,0,515000,-1323080,-808080
2011/03/17,0,887000,-843450,43550
2011/03/18,0,1194000,-1152315,41685
2011/03/21,0,4795000,-6259027,-1464027
2011/03/22,0,3511200,-2149000,1362200
2011/03/23,0,1592000,-337000,1255000
2011/03/24,0,95000,-406000,-311000
2011/03/25,0,1078000,-2811628,-1733628
2011/03/28,0,667000,-161000,506000
2011/03/29,0,2285000,-101000,2184000
2011/03/30,0,1702000,-470000,1232000
2011/03/31,0,882000,-1226831,-344831
2011/04/01,0,1449000,-102000,1347000
2011/04/04,0,0,0,0
2011/04/05,0,0,0,0
2011/04/06,0,6586674,-563000,6023674
2011/04/07,0,2276424,-224174,2052250
2011/04/08,0,2366681,-305000,2061681
2011/04/11,0,760000,-338000,422000
2011/04/12,0,338302,-348000,-9698
2011/04/13,0,793000,-462000,331000
2011/04/14,0,680000,-1230300,-550300
2011/04/15,0,6065000,-826000,5239000
2011/04/18,0,4600000,-1235013,3364987
2011/04/19,0,1119000,-1858000,-739000
2011/04/20,0,1986109,-309000,1677109
2011/04/21,0,3223000,-453000,2770000
2011/04/22,0,9230913,-1625000,7605913
2011/04/25,0,1475350,-1271000,204350
2011/04/26,0,2319928,-159000,2160928
2011/04/27,0,4309200,-13537000,-9227800
2011/04/28,0,2207356,-1779432,427924
2011/04/29,0,2217744,-2007174,210570
2011/05/02,0,0,0,0
2011/05/03,0,1750000,-1282500,467500
2011/05/04,0,813724,-5362000,-4548276
2011/05/05,0,6367300,-2216000,4151300
2011/05/06,0,856200,-2252000,-1395800
2011/05/09,0,4655000,-5046000,-391000
2011/05/10,0,1692000,-1337000,355000
2011/05/11,0,925000,-536362,388638
2011/05/12,0,1314000,-923000,391000
2011/05/13,0,1131000,-1114000,17000
2011/05/16,0,524000,-2317000,-1793000
2011/05/17,0,4318000,-591000,3727000
2011/05/18,0,2437064,-4947000,-2509936
2011/05/19,0,2614000,-200133,2413867
2011/05/20,0,1896000,-1350925,545075
2011/05/23,0,2704000,-1204320,1499680
2011/05/24,0,1751183,-586673,1164510
2011/05/25,0,8053000,-1749882,6303118
2011/05/26,0,2667578,-2989165,-321587
2011/05/27,0,10235000,-3315000,6920000
2011/05/30,0,4224000,-1016000,3208000
2011/05/31,0,6240276,-4849371,1390905
2011/06/01,0,2421000,-516306,1904694
2011/06/02,0,1586000,-2404589,-818589
2011/06/03,0,1993000,-98000,1895000
2011/06/06,0,0,0,0
2011/06/07,0,3597000,-2018166,1578834
2011/06/08,0,324000,-1989000,-1665000
2011/06/09,0,3821000,-1010000,2811000
2011/06/10,0,15435000,-2301285,13133715
2011/06/13,0,15819000,-1941793,13877207
2011/06/14,0,7161480,-4031000,3130480
2011/06/15,0,17248200,-5887114,11361086
2011/06/16,0,6845918,-4258979,2586939
2011/06/17,0,10729122,-2023000,8706122
2011/06/20,0,3899000,-1193415,2705585
2011/06/21,0,8247000,-803250,7443750
2011/06/22,0,7732000,-1531131,6200869
2011/06/23,0,8288376,-3401937,4886439
2011/06/24,0,5903000,-9033513,-3130513
2011/06/27,0,3220000,-5836655,-2616655
2011/06/28,0,7224039,-3927030,3297009
2011/06/29,0,6209000,-2258471,3950529
2011/06/30,0,7737000,-4716904,3020096
2011/07/01,0,2503358,-1118000,1385358
2011/07/04,0,1557165,-4848837,-3291672
2011/07/05,0,2981616,-505000,2476616
2011/07/06,0,4129767,-5065750,-935983
2011/07/07,0,5297118,-5304000,-6882
2011/07/08,0,2016476,-9364000,-7347524
2011/07/11,0,3541300,-5754741,-2213441
2011/07/12,0,8079385,-6034544,2044841
2011/07/13,0,3308681,-4441000,-1132319
2011/07/14,0,8329231,-1728000,6601231
2011/07/15,0,4375400,-9592573,-5217173
2011/07/18,0,2060933,-1802198,258735
2011/07/19,0,220000,-1917501,-1697501
2011/07/20,0,2219017,-4022888,-1803871
2011/07/21,0,1543893,-1603000,-59107
2011/07/22,0,2129329,-3543151,-1413822
2011/07/25,0,1144336,-5901266,-4756930
2011/07/26,0,3006682,-4218000,-1211318
2011/07/27,0,1987654,-4852872,-2865218
2011/07/28,0,2862324,-7245861,-4383537
2011/07/29,0,4745905,-2077294,2668611
2011/08/01,0,10721000,-720000,10001000
2011/08/02,0,4977102,-5687000,-709898
2011/08/03,0,13038916,-3773000,9265916
2011/08/04,0,14889980,-7415000,7474980
2011/08/05,0,9102487,-18507961,-9405474
2011/08/08,0,2062548,-7861722,-5799174
2011/08/09,0,3760800,-11335778,-7574978
2011/08/10,0,6018057,-9938304,-3920247
2011/08/11,0,7860000,-12900960,-5040960
2011/08/12,0,4186000,-3254995,931005
2011/08/15,0,1532388,-1639057,-106669
2011/08/16,0,982000,-2845200,-1863200
2011/08/17,0,2749438,-3000000,-250562
2011/08/18,0,2079397,-4325000,-2245603
2011/08/19,0,10281658,-5912000,4369658
2011/08/22,0,8716996,-8675000,41996
2011/08/23,0,25700000,-971856,24728144
2011/08/24,0,10214644,-4882000,5332644
2011/08/25,0,5338643,-3985000,1353643
2011/08/26,0,13618373,-9807527,3810846
2011/08/29,0,6365000,-725500,5639500
2011/08/30,0,1608785,-4237000,-2628215
2011/08/31,0,3604018,-2028000,1576018
2011/09/01,0,6425207,-2401530,4023677
2011/09/02,0,3962641,-4490684,-528043
2011/09/05,0,11958000,-6004594,5953406
2011/09/06,0,3135875,-4196462,-1060587
2011/09/07,0,4651215,-4003000,648215
2011/09/08,0,2523551,-4438000,-1914449
2011/09/09,0,1844000,-3491000,-1647000
2011/09/12,0,0,0,0
2011/09/13,0,3299653,-6710107,-3410454
2011/09/14,0,10139270,-10233671,-94401
2011/09/15,0,8201000,-8696546,-495546
2011/09/16,0,1604000,-13134000,-11530000
2011/09/19,0,1162867,-4827000,-3664133
2011/09/20,0,1068204,-4395098,-3326894
2011/09/21,0,1601263,-8809000,-7207737
2011/09/22,0,321349,-10460391,-10139042
2011/09/23,0,2358849,-5942000,-3583151
2011/09/26,0,1552541,-1779935,-227394
2011/09/27,0,3215972,-3781500,-565528
2011/09/28,0,1797141,-6494713,-4697572
2011/09/29,0,3667680,-2302580,1365100
2011/09/30,0,2957000,-5547000,-2590000
2011/10/03,0,1406898,-4157000,-2750102
2011/10/04,0,2016000,-4644000,-2628000
2011/10/05,0,1667000,-2327975,-660975
2011/10/06,0,7555000,-1157000,6398000
2011/10/07,0,7414000,-6004905,1409095
2011/10/10,0,0,0,0
2011/10/11,0,6046000,-11668300,-5622300
2011/10/12,0,2442000,-1674605,767395
2011/10/13,0,2938943,-5687645,-2748702
2011/10/14,0,677945,-1973660,-1295715
2011/10/17,0,2512531,-771790,1740741
2011/10/18,0,1582235,-1598000,-15765
2011/10/19,0,1110142,-1439100,-328958
2011/10/20,0,3018901,-949788,2069113
2011/10/21,0,2544217,-3700555,-1156338
2011/10/24,0,3717839,-4885609,-1167770
2011/10/25,0,1233370,-2942821,-1709451
2011/10/26,0,1514000,-5097402,-3583402
2011/10/27,0,1849000,-5876000,-4027000
2011/10/28,0,5150000,-5730002,-580002
2011/10/31,0,1317000,-5228425,-3911425
2011/11/01,0,4329000,-231005,4097995
2011/11/02,0,1084000,-3927901,-2843901
2011/11/03,0,1887000,-2464000,-577000
2011/11/04,0,2502000,-4801000,-2299000
2011/11/07,0,3706575,-3811000,-104425
2011/11/08,0,3894929,-4316000,-421071
2011/11/09,0,1390000,-7114451,-5724451
2011/11/10,0,3360000,-1304000,2056000
2011/11/11,0,1182000,-4014536,-2832536
2011/11/14,0,14864843,-2621900,12242943
2011/11/15,0,8562000,-5670000,2892000
2011/11/16,0,1876000,-8079026,-6203026
2011/11/17,0,1238000,-7358439,-6120439
2011/11/18,0,2542575,-3695228,-1152653
2011/11/21,0,2648000,-6093332,-3445332
2011/11/22,0,1468150,-8021294,-6553144
2011/11/23,0,2538000,-3158000,-620000
2011/11/24,0,1264000,-2215375,-951375
2011/11/25,0,3049000,-6550950,-3501950
2011/11/28,0,1753256,-1516990,236266
2011/11/29,0,2234000,-7600590,-5366590
2011/11/30,0,3609000,-2210000,1399000
2011/12/01,0,5285000,-623432,4661568
2011/12/02,0,5448000,-4263000,1185000
2011/12/05,0,13460000,-1887335,11572665
2011/12/06,0,2034000,-2067000,-33000
2011/12/07,0,2996000,-2782583,213417
2011/12/08,0,3590000,-9633375,-6043375
2011/12/09,0,1991233,-4946464,-2955231
2011/12/12,0,1702000,-1196100,505900
2011/12/13,0,4571000,-5158000,-587000
2011/12/14,0,5337000,-3466541,1870459
2011/12/15,0,2054000,-4962871,-2908871
2011/12/16,0,2347000,-4903000,-2556000
2011/12/19,0,1448000,-2057000,-609000
2011/12/20,0,2075000,-2471000,-396000
2011/12/21,0,2136000,-2470856,-334856
2011/12/22,0,1739000,-15036320,-13297320
2011/12/23,0,3668000,-13533175,-9865175
2011/12/26,0,703150,-3119095,-2415945
2011/12/27,0,2164000,-642000,1522000
2011/12/28,0,2870000,-788235,2081765
2011/12/29,0,1987785,-531351,1456434
2011/12/30,0,1935001,-468363,1466638
2012/01/02,0,1497000,-972000,525000
2012/01/03,0,1438509,-457000,981509
2012/01/04,0,499000,-3703231,-3204231
2012/01/05,0,2453989,-3484760,-1030771
2012/01/06,0,3071000,-8812935,-5741935
2012/01/09,0,7572000,-929000,6643000
2012/01/10,0,2398000,-2905404,-507404
2012/01/11,0,2825000,-4831000,-2006000
2012/01/12,0,2025000,-3834005,-1809005
2012/01/13,0,5024000,-4581638,442362
2012/01/16,0,10069000,-4957000,5112000
2012/01/17,0,13421000,-1087000,12334000
2012/01/18,0,4167000,-3453000,714000
2012/01/19,0,0,0,0
2012/01/20,0,0,0,0
2012/01/23,0,0,0,0
2012/01/24,0,0,0,0
2012/01/25,0,0,0,0
2012/01/26,0,0,0,0
2012/01/27,0,0,0,0
2012/01/30,0,5806252,-1465344,4340908
2012/01/31,0,5842077,-3271723,2570354
2012/02/01,0,7011000,-6461000,550000
2012/02/02,0,2220000,-3163607,-943607
2012/02/03,0,1717000,-4157000,-2440000
2012/02/06,0,2579000,-1006000,1573000
2012/02/07,0,4095000,-6018716,-1923716
2012/02/08,0,2640000,-4147125,-1507125
2012/02/09,0,1425000,-2733587,-1308587
2012/02/10,0,739000,-1340000,-601000
2012/02/13,0,2371000,-695000,1676000
2012/02/14,0,13186022,-3596096,9589926
2012/02/15,0,6041000,-2859000,3182000
2012/02/16,0,2064150,-5828861,-3764711
2012/02/17,0,2623150,-1893000,730150
2012/02/20,0,680922,-2025872,-1344950
2012/02/21,0,1365067,-909000,456067
2012/02/22,0,2745000,-7329025,-4584025
2012/02/23,0,1970000,-2796000,-826000
2012/02/24,0,4239000,-5892640,-1653640
2012/02/27,0,0,0,0
2012/02/28,0,0,0,0
2012/02/29,0,3951670,-3953145,-1475
2012/03/01,0,6628448,-2160891,4467557
2012/03/02,0,1042344,-2053000,-1010656
2012/03/05,0,2036000,-4757035,-2721035
2012/03/06,0,3076000,-7187495,-4111495
2012/03/07,0,2734000,-1688970,1045030
2012/03/08,0,5745000,-15666000,-9921000
2012/03/09,0,620000,-1991000,-1371000
2012/03/12,0,244000,-1205000,-961000
2012/03/13,0,3881000,-1320271,2560729
2012/03/14,0,1493000,-1866328,-373328
2012/03/15,0,1225000,-1172000,53000
2012/03/16,0,4311000,-1814000,2497000
2012/03/19,0,1851000,-773235,1077765
2012/03/20,0,1885000,-783000,1102000
2012/03/21,0,3369000,-2369000,1000000
2012/03/22,0,3736000,-1881000,1855000
2012/03/23,0,8700000,-1014332,7685668
2012/03/26,0,1677000,-4289720,-2612720
2012/03/27,0,7493000,-4562770,2930230
2012/03/28,0,1675000,-3975745,-2300745
2012/03/29,0,2875000,-974000,1901000
2012/03/30,0,9733726,-3825000,5908726
2012/04/02,0,4291000,-1546589,2744411
2012/04/03,0,2268149,-2104500,163649
2012/04/04,0,0,0,0
2012/04/05,0,4634000,-1703000,2931000
2012/04/06,0,2735214,-2812864,-77650
2012/04/09,0,839000,-1551000,-712000
2012/04/10,0,2564000,-3327000,-763000
2012/04/11,0,1605000,-3530225,-1925225
2012/04/12,0,1435000,-5438000,-4003000
2012/04/13,0,18892739,-11862249,7030490
2012/04/16,0,1814000,-2270000,-456000
2012/04/17,0,4925000,-3994750,930250
2012/04/18,0,393000,-2299248,-1906248
2012/04/19,0,3249000,-1074050,2174950
2012/04/20,0,3664000,-2505015,1158985
2012/04/23,0,4977000,-2827000,2150000
2012/04/24,0,2979000,-2320000,659000
2012/04/25,0,1947000,-3708000,-1761000
2012/04/26,0,1560000,-3282000,-1722000
2012/04/27,0,4904133,-1322526,3581607
2012/04/30,0,3347000,-548349,2798651
2012/05/01,0,0,0,0
2012/05/02,0,6119000,-998171,5120829
2012/05/03,0,1411000,-1230000,181000
2012/05/04,0,1168000,-2204869,-1036869
2012/05/07,0,2477000,-4960665,-2483665
2012/05/08,0,2911000,-4158316,-1247316
2012/05/09,0,866000,-2118000,-1252000
2012/05/10,0,1426652,-380484,1046168
2012/05/11,0,5051751,-2398291,2653460
2012/05/14,0,1448000,-499000,949000
2012/05/15,0,6553000,-1287000,5266000
2012/05/16,0,4773000,-2049000,2724000
2012/05/17,0,5313000,-2323000,2990000
2012/05/18,0,2726000,-3893000,-1167000
2012/05/21,0,5147000,-1842324,3304676
2012/05/22,0,416000,-1093700,-677700
2012/05/23,0,282522,-2840000,-2557478
2012/05/24,0,2405000,-1129000,1276000
2012/05/25,0,825000,-629029,195971
2012/05/28,0,2136000,-2051784,84216
2012/05/29,0,2165000,-3137298,-972298
2012/05/30,0,3648000,-6478468,-2830468
2012/05/31,0,9337091,-5520000,3817091
2012/06/01,0,5789000,-2267990,3521010
2012/06/04,0,3418799,-3066170,352629
2012/06/05,0,1570000,-12963000,-11393000
2012/06/06,0,1587575,-6085500,-4497925
2012/06/07,0,1867456,-8270712,-6403256
2012/06/08,0,1438256,-832000,606256
2012/06/11,0,3106365,-2374000,732365
2012/06/12,0,3595000,-2779000,816000
2012/06/13,0,802743,-1200805,-398062
2012/06/14,0,1346491,-3826784,-2480293
2012/06/15,0,3424338,-828342,2595996
2012/06/18,0,2257085,-813000,1444085
2012/06/19,0,1667227,-3173000,-1505773
2012/06/20,0,3223036,-2703000,520036
2012/06/21,0,1257573,-1907667,-650094
2012/06/22,0,431375,-9522545,-9091170
2012/06/25,0,2070000,-5465699,-3395699
2012/06/26,0,618000,-2139000,-1521000
2012/06/27,0,1794000,-6648185,-4854185
2012/06/28,0,1174000,-3962319,-2788319
2012/06/29,0,4879000,-1185049,3693951
2012/07/02,0,898000,-2032000,-1134000
2012/07/03,0,3139000,-802000,2337000
2012/07/04,0,4363695,-1051040,3312655
2012/07/05,0,8202000,-545000,7657000
2012/07/06,0,5214000,-378000,4836000
2012/07/09,0,5114000,-1483000,3631000
2012/07/10,0,742000,-826000,-84000
2012/07/11,0,2133000,-608000,1525000
2012/07/12,0,522963,-4570847,-4047884
2012/07/13,0,1156385,-978229,178156
2012/07/16,0,1124000,-2940000,-1816000
2012/07/17,0,2131000,-1397702,733298
2012/07/18,0,452000,-1542000,-1090000
2012/07/19,0,3702000,-1125000,2577000
2012/07/20,0,1054952,-1972000,-917048
2012/07/23,0,2016000,-5728000,-3712000
2012/07/24,0,1760000,-572000,1188000
2012/07/25,0,1330000,-1739000,-409000
2012/07/26,0,2572000,-3335065,-763065
2012/07/27,0,5282000,-3623000,1659000
2012/07/30,0,7942923,-5100000,2842923
2012/07/31,0,7805000,-2105532,5699468
2012/08/01,0,2543000,-1189000,1354000
2012/08/02,0,0,0,0
2012/08/03,0,2305013,-389000,1916013
2012/08/06,0,2708000,-501000,2207000
2012/08/07,0,2026000,-159000,1867000
2012/08/08,0,4811505,-3370000,1441505
2012/08/09,0,6169000,-2845000,3324000
2012/08/10,0,3666000,-3123000,543000
2012/08/13,0,2348000,-892488,1455512
2012/08/14,0,3231182,-6270000,-3038818
2012/08/15,0,2497906,-2158000,339906
2012/08/16,0,4805200,-3732653,1072547
2012/08/17,0,2138000,-961000,1177000
2012/08/20,0,499000,-93000,406000
2012/08/21,0,3546234,-740415,2805819
2012/08/22,0,1530410,-1662000,-131590
2012/08/23,0,1453622,-723000,730622
2012/08/24,0,983000,-2136515,-1153515
2012/08/27,0,1279000,-602000,677000
2012/08/28,0,1912055,-712000,1200055
2012/08/29,0,3062000,-9064319,-6002319
2012/08/30,0,3675000,-15449900,-11774900
2012/08/31,0,5002688,-9378000,-4375312
2012/09/03,0,4407000,-13293000,-8886000
2012/09/04,0,3923000,-3562000,361000
2012/09/05,0,185587817,-177441650,8146167
2012/09/06,0,39097400,-55347000,-16249600
2012/09/07,0,12667000,-15703119,-3036119
2012/09/10,0,5520223,-16287250,-10767027
2012/09/11,0,7127000,-13013272,-5886272
2012/09/12,0,7771000,-5321000,2450000
2012/09/13,0,12978000,-6216943,6761057
2012/09/14,0,15962000,-8779000,7183000
2012/09/17,0,4520000,-7132000,-2612000
2012/09/18,0,4219000,-11542042,-7323042
2012/09/19,0,5799000,-8703205,-2904205
2012/09/20,0,7143000,-7886483,-743483
2012/09/21,0,3011671,-4526987,-1515316
2012/09/24,0,3342065,-8311000,-4968935
2012/09/25,0,2566000,-3070000,-504000
2012/09/26,0,1558000,-3097000,-1539000
2012/09/27,0,2189603,-1204126,985477
2012/09/28,0,1323894,-1189546,134348
2012/10/01,0,1946000,-345786,1600214
2012/10/02,0,2232000,-1350584,881416
2012/10/03,0,667439,-2315296,-1647857
2012/10/04,0,3152996,-2702955,450041
2012/10/05,0,3001000,-3909435,-908435
2012/10/08,0,1270200,-1733002,-462802
2012/10/09,0,5182103,-6088934,-906831
2012/10/10,0,0,0,0
2012/10/11,0,2554000,-4647930,-2093930
2012/10/12,0,693004,-2590308,-1897304
2012/10/15,0,312000,-2109219,-1797219
2012/10/16,0,634000,-2523159,-1889159
2012/10/17,0,1047000,-5224803,-4177803
2012/10/18,0,2290000,-7317347,-5027347
2012/10/19,0,1816000,-8527506,-6711506
2012/10/22,0,1404000,-7281329,-5877329
2012/10/23,0,492000,-5553902,-5061902
2012/10/24,0,770224,-3225916,-2455692
2012/10/25,0,254000,-4784932,-4530932
2012/10/26,0,1606000,-5295996,-3689996
2012/10/29,0,2241200,-3130224,-889024
2012/10/30,0,1729000,-3400304,-1671304
2012/10/31,0,5601000,-7206020,-1605020
2012/11/01,0,5399000,-3694000,1705000
2012/11/02,0,4093068,-7753068,-3660000
2012/11/05,0,3833000,-514000,3319000
2012/11/06,0,2900000,-4027823,-1127823
2012/11/07,0,3786000,-1762738,2023262
2012/11/08,0,4604000,-3907347,696653
2012/11/09,0,4065000,-5551923,-1486923
2012/11/12,0,1541000,-2185986,-644986
2012/11/13,0,2845000,-2320098,524902
2012/11/14,0,3043000,-1003000,2040000
2012/11/15,0,4197000,-3358649,838351
2012/11/16,0,3533000,-2363000,1170000
2012/11/19,0,3053000,-2298727,754273
2012/11/20,0,2541000,-2304476,236524
2012/11/21,0,1835000,-4486880,-2651880
2012/11/22,0,1844000,-1653000,191000
2012/11/23,0,3490000,-1388349,2101651
2012/11/26,0,1443000,-1864666,-421666
2012/11/27,0,5048330,-1045060,4003270
2012/11/28,0,2296400,-580000,1716400
2012/11/29,0,6568000,-2920658,3647342
2012/11/30,0,9833294,-5967911,3865383
2012/12/03,0,9358006,-1449123,7908883
2012/12/04,0,3802380,-2592000,1210380
2012/12/05,0,2776000,-959000,1817000
2012/12/06,0,2909000,-533000,2376000
2012/12/07,0,2077000,-2739542,-662542
2012/12/10,0,2113000,-2319000,-206000
2012/12/11,0,2419249,-1495000,924249
2012/12/12,0,3177000,-3451701,-274701
2012/12/13,0,2422358,-2803654,-381296
2012/12/14,0,4089061,-2381889,1707172
2012/12/17,0,3865420,-1478708,2386712
2012/12/18,0,5636000,-3268000,2368000
2012/12/19,0,5921000,-6990219,-1069219
2012/12/20,0,3428000,-2739000,689000
2012/12/21,0,999000,-1086583,-87583
2012/12/24,0,521000,-459000,62000
2012/12/25,0,1446000,-99000,1347000
2012/12/26,0,1045000,-627000,418000
2012/12/27,0,3244889,-3516700,-271811
2012/12/28,0,5387000,-3176000,2211000
2012/12/31,0,0,0,0
2013/01/01,0,0,0,0
2013/01/02,0,2883000,-285000,2598000
2013/01/03,0,2034000,-5004000,-2970000
2013/01/04,0,1471000,-6005000,-4534000
2013/01/07,0,841971,-3453588,-2611617
2013/01/08,0,1702000,-6287943,-4585943
2013/01/09,0,7964000,-6408000,1556000
2013/01/10,0,18461000,-6891000,11570000
2013/01/11,0,7869000,-6065823,1803177
2013/01/14,0,20587000,-5163618,15423382
2013/01/15,0,1961000,-3374667,-1413667
2013/01/16,0,2434000,-3323629,-889629
2013/01/17,0,4220000,-1758987,2461013
2013/01/18,0,2178000,-422000,1756000
2013/01/21,0,2020500,-5169977,-3149477
2013/01/22,0,4421000,-2294205,2126795
2013/01/23,0,3114000,-1964852,1149148
2013/01/24,0,1726000,-1812000,-86000
2013/01/25,0,2869226,-2581000,288226
2013/01/28,0,20084331,-2361500,17722831
2013/01/29,0,7520279,-2530000,4990279
2013/01/30,0,12477000,-1997989,10479011
2013/01/31,0,18697671,-7011488,11686183
2013/02/01,0,4671000,-2153861,2517139
2013/02/04,0,6347000,-2495000,3852000
2013/02/05,0,5658660,-2256809,3401851
2013/02/06,0,4876000,-1259338,3616662
2013/02/07,0,0,0,0
2013/02/08,0,0,0,0
2013/02/11,0,0,0,0
2013/02/12,0,0,0,0
2013/02/13,0,0,0,0
2013/02/14,0,0,0,0
2013/02/15,0,0,0,0
2013/02/18,0,2553966,-4390000,-1836034
2013/02/19,0,3005108,-2256000,749108
2013/02/20,0,7093464,-1675062,5418402
2013/02/21,0,6547000,-9786854,-3239854
2013/02/22,0,5681000,-8716620,-3035620
2013/02/25,0,2839000,-3963069,-1124069
2013/02/26,0,1326000,-6701684,-5375684
2013/02/27,0,4536000,-7403422,-2867422
2013/02/28,0,0,0,0
2013/03/01,0,8960000,-1429239,7530761
2013/03/04,0,5717000,-3205000,2512000
2013/03/05,0,3274000,-3600225,-326225
2013/03/06,0,751000,-3334959,-2583959
2013/03/07,0,1904565,-2141637,-237072
2013/03/08,0,4481600,-3479596,1002004
2013/03/11,0,10140000,-7357000,2783000
2013/03/12,0,4542000,-4029721,512279
2013/03/13,0,4028000,-6157000,-2129000
2013/03/14,0,1750000,-2839596,-1089596
2013/03/15,0,1762119,-4253387,-2491268
2013/03/18,0,3229000,-3678000,-449000
2013/03/19,0,7658000,-6727000,931000
2013/03/20,0,6363000,-5104738,1258262
2013/03/21,0,11402947,-2856000,8546947
2013/03/22,0,2055240,-4163000,-2107760
2013/03/25,0,4234000,-1890000,2344000
2013/03/26,0,3138000,-3085000,53000
2013/03/27,0,6054700,-5989000,65700
2013/03/28,0,2249000,-3977710,-1728710
2013/03/29,0,1467000,-16000,1451000
2013/04/01,0,765479,-569000,196479
2013/04/02,0,2515126,-4994409,-2479283
2013/04/03,0,3223000,-8867477,-5644477
2013/04/04,0,0,0,0
2013/04/05,0,0,0,0
2013/04/08,0,3612000,-7698985,-4086985
2013/04/09,0,2760000,-2795287,-35287
2013/04/10,0,2367000,-1954000,413000
2013/04/11,0,1137807,-1484100,-346293
2013/04/12,0,639000,-2469000,-1830000
2013/04/15,0,383879,-1432000,-1048121
2013/04/16,0,506986,-4647000,-4140014
2013/04/17,0,696000,-4259000,-3563000
2013/04/18,0,587000,-2716312,-2129312
2013/04/19,0,2172000,-1511671,660329
2013/04/22,0,5759000,-3056000,2703000
2013/04/23,0,7813000,-3187679,4625321
2013/04/24,0,3981000,-1200883,2780117
2013/04/25,0,6121000,-893890,5227110
2013/04/26,0,4319000,-3666000,653000
2013/04/29,0,6036000,-4198642,1837358
2013/04/30,0,3516000,-5584000,-2068000
2013/05/01,0,0,0,0
2013/05/02,0,7929000,-6360729,1568271
2013/05/03,0,1743000,-473000,1270000
2013/05/06,0,2191000,-573000,1618000
2013/05/07,0,8580370,-1246299,7334071
2013/05/08,0,5839453,-1351440,4488013
2013/05/09,0,2912435,-751289,2161146
2013/05/10,0,1824000,-158245,1665755
2013/05/13,0,1525000,-586150,938850
2013/05/14,0,2441000,-925000,1516000
2013/05/15,0,3267000,-399850,2867150
2013/05/16,0,4760000,-714000,4046000
2013/05/17,0,2392000,-1002000,1390000
2013/05/20,0,5981000,-630000,5351000
2013/05/21,0,3273000,-1873275,1399725
2013/05/22,0,1514000,-1725860,-211860
2013/05/23,0,3460000,-2320987,1139013
2013/05/24,0,1344154,-3486000,-2141846
2013/05/27,0,1495343,-3524157,-2028814
2013/05/28,0,592000,-3358710,-2766710
2013/05/29,0,3480349,-5714349,-2234000
2013/05/30,0,3451000,-3744349,-293349
2013/05/31,0,4519000,-5102236,-583236
2013/06/03,0,759000,-4874000,-4115000
2013/06/04,0,1371000,-3609000,-2238000
2013/06/05,0,3001000,-4744892,-1743892
2013/06/06,0,3810239,-3076010,734229
2013/06/07,0,478000,-4590361,-4112361
2013/06/10,0,1460900,-1505000,-44100
2013/06/11,0,5626000,-6102000,-476000
2013/06/12,0,0,0,0
2013/06/13,0,6438000,-4861974,1576026
2013/06/14,0,5623000,-5703023,-80023
2013/06/17,0,6572000,-2895246,3676754
2013/06/18,0,3739000,-3737015,1985
2013/06/19,0,3563000,-2589794,973206
2013/06/20,0,3439000,-2615389,823611
2013/06/21,0,7523000,-9649174,-2126174
2013/06/24,0,1788000,-9105478,-7317478
2013/06/25,0,2675000,-5274007,-2599007
2013/06/26,0,3634000,-6644000,-3010000
2013/06/27,0,5102000,-4154994,947006
2013/06/28,0,7447000,-10061194,-2614194
2013/07/01,0,2990000,-3119532,-129532
2013/07/02,0,5863371,-2218683,3644688
2013/07/03,0,7678000,-17514339,-9836339
2013/07/04,0,7970000,-12954729,-4984729
2013/07/05,0,11840701,-2473546,9367155
2013/07/08,0,4886000,-3628517,1257483
2013/07/09,0,7124000,-168000,6956000
2013/07/10,0,4813000,-247000,4566000
2013/07/11,0,6090000,-1461000,4629000
2013/07/12,0,2922000,-1201000,1721000
2013/07/15,0,5172913,-755029,4417884
2013/07/16,0,2719000,-3269000,-550000
2013/07/17,0,7078000,-4028000,3050000
2013/07/18,0,8281000,-4694000,3587000
2013/07/19,0,12505324,-1472000,11033324
2013/07/22,0,7253556,-1979920,5273636
2013/07/23,0,13844000,-3066000,10778000
2013/07/24,0,4206101,-2031000,2175101
2013/07/25,0,2989000,-1270000,1719000
2013/07/26,0,9075000,-844000,8231000
2013/07/29,0,4199000,-732000,3467000
2013/07/30,0,3962000,-4355000,-393000
2013/07/31,0,2945000,-678000,2267000
2013/08/01,0,4361000,-973000,3388000
2013/08/02,0,4082000,-846000,3236000
2013/08/05,0,1691000,-732547,958453
2013/08/06,0,5471000,-1820000,3651000
2013/08/07,0,4884000,-1453000,3431000
2013/08/08,0,4266000,-2867000,1399000
2013/08/09,0,3037000,-3244000,-207000
2013/08/12,0,1290000,-1455919,-165919
2013/08/13,0,1086000,-1611000,-525000
2013/08/14,0,1020889,-1692000,-671111
2013/08/15,0,878000,-5309052,-4431052
2013/08/16,0,2548252,-2972343,-424091
2013/08/19,0,1601000,-1895000,-294000
2013/08/20,0,564000,-1937659,-1373659
2013/08/21,0,0,0,0
2013/08/22,0,3402000,-4925849,-1523849
2013/08/23,0,2590000,-5150087,-2560087
2013/08/26,0,2544000,-2141000,403000
2013/08/27,0,1032000,-4903000,-3871000
2013/08/28,0,2053000,-1029000,1024000
2013/08/29,0,5179000,-1235000,3944000
2013/08/30,0,3492318,-3943680,-451362
2013/09/02,0,1275000,-1178344,96656
2013/09/03,0,1542000,-3208913,-1666913
2013/09/04,0,2497000,-4574000,-2077000
2013/09/05,0,1573838,-3719969,-2146131
2013/09/06,0,2661000,-9901184,-7240184
2013/09/09,0,4922000,-3608000,1314000
2013/09/10,0,2268000,-6082828,-3814828
2013/09/11,0,3556000,-3239719,316281
2013/09/12,0,3190000,-9500444,-6310444
2013/09/13,0,5802449,-1935579,3866870
2013/09/16,0,5438000,-4059000,1379000
2013/09/17,0,2233000,-3142600,-909600
2013/09/18,0,2442401,-4298662,-1856261
2013/09/19,0,0,0,0
2013/09/20,0,0,0,0
2013/09/23,0,7656000,-6889328,766672
2013/09/24,0,2056000,-1941924,114076
2013/09/25,0,3186649,-4958582,-1771933
2013/09/26,0,2284000,-5956549,-3672549
2013/09/27,0,3000000,-3500737,-500737
2013/09/30,0,2795000,-7308161,-4513161
2013/10/01,0,739000,-4926586,-4187586
2013/10/02,0,2093565,-11719000,-9625435
2013/10/03,0,5720000,-2046953,3673047
2013/10/04,0,2914180,-5123000,-2208820
2013/10/07,0,835000,-1364445,-529445
2013/10/08,0,4449000,-3525000,924000
2013/10/09,0,3623000,-5585000,-1962000
2013/10/10,0,0,0,0
2013/10/11,0,4016000,-9035000,-5019000
2013/10/14,0,18028000,-446565,17581435
2013/10/15,0,1923000,-4460000,-2537000
2013/10/16,0,2765000,-1176000,1589000
2013/10/17,0,3749911,-968000,2781911
2013/10/18,0,4601000,-1802500,2798500
2013/10/21,0,570000,-1469982,-899982
2013/10/22,0,3402360,-2958600,443760
2013/10/23,0,2944798,-7178300,-4233502
2013/10/24,0,3319000,-7659060,-4340060
2013/10/25,0,4677261,-624000,4053261
2013/10/28,0,1344000,-863000,481000
2013/10/29,0,1873000,-1112612,760388
2013/10/30,0,1185000,-1128870,56130
2013/10/31,0,2063726,-1252409,811317
2013/11/01,0,3879000,-1803000,2076000
2013/11/04,0,2381000,-2965000,-584000
2013/11/05,0,3579000,-4364722,-785722
2013/11/06,0,3778000,-7267507,-3489507
2013/11/07,0,962000,-1329000,-367000
2013/11/08,0,3489000,-602700,2886300
2013/11/11,0,1111000,-1149000,-38000
2013/11/12,0,1295000,-751000,544000
2013/11/13,0,692365,-1948000,-1255635
2013/11/14,0,1173000,-2631000,-1458000
2013/11/15,0,3211000,-640715,2570285
2013/11/18,0,1730000,-3544936,-1814936
2013/11/19,0,8430000,-2137477,6292523
2013/11/20,0,830000,-7399825,-6569825
2013/11/21,0,2524000,-5773000,-3249000
2013/11/22,0,3058000,-6550000,-3492000
2013/11/25,0,1635000,-2218633,-583633
2013/11/26,0,5327000,-2967044,2359956
2013/11/27,0,551000,-1811941,-1260941
2013/11/28,0,2673000,-1485000,1188000
2013/11/29,0,7472000,-5417020,2054980
2013/12/02,0,1434000,-775000,659000
2013/12/03,0,5619782,-2127329,3492453
2013/12/04,0,4838000,-1538890,3299110
2013/12/05,0,1473000,-1780445,-307445
2013/12/06,0,1794000,-2581000,-787000
2013/12/09,0,1558000,-3642625,-2084625
2013/12/10,0,19777000,-1934000,17843000
2013/12/11,0,9542000,-5630000,3912000
2013/12/12,0,7850920,-7274981,575939
2013/12/13,0,10999000,-5862973,5136027
2013/12/16,0,3107001,-2008400,1098601
2013/12/17,0,8686000,-2701739,5984261
2013/12/18,0,6839000,-3700000,3139000
2013/12/19,0,12678000,-3290000,9388000
2013/12/20,0,11338000,-7413464,3924536
2013/12/23,0,3251000,-2057000,1194000
2013/12/24,0,3381000,-891661,2489339
2013/12/25,0,1234000,-453000,781000
2013/12/26,0,1091000,-610000,481000
2013/12/27,0,3363000,-1120000,2243000
2013/12/30,0,4811998,-114235,4697763
2013/12/31,0,3787001,-230000,3557001
2014/01/02,0,4031000,-2031000,2000000
2014/01/03,0,3268000,-2267000,1001000
2014/01/06,0,4255000,-1430355,2824645
2014/01/07,0,7231000,-1052080,6178920
2014/01/08,0,6041000,-812040,5228960
2014/01/09,0,6806000,-1938491,4867509
2014/01/10,0,6704000,-1794099,4909901
2014/01/13,0,1245459,-843000,402459
2014/01/14,0,7234000,-1999000,5235000
2014/01/15,0,4158000,-875166,3282834
2014/01/16,0,4411160,-2188000,2223160
2014/01/17,0,6854340,-2445000,4409340
2014/01/20,0,3211000,-983930,2227070
2014/01/21,0,2127000,-1356674,770326
2014/01/22,0,2965000,-3098952,-133952
2014/01/23,0,4839000,-8697676,-3858676
2014/01/24,0,5312000,-3933269,1378731
2014/01/27,0,6134000,-9177804,-3043804
2014/02/05,0,4600470,-10615200,-6014730
2014/02/06,0,7398000,-8563245,-1165245
2014/02/07,0,6271000,-7209922,-938922
2014/02/10,0,1866000,-4338178,-2472178
2014/02/11,0,1658022,-5223560,-3565538
2014/02/12,0,2231000,-6955000,-4724000
2014/02/13,0,1569243,-6599465,-5030222
2014/02/14,0,6500000,-6612395,-112395
2014/02/17,0,9475000,-2413400,7061600
2014/02/18,0,3621000,-790000,2831000
2014/02/19,0,1634961,-839383,795578
2014/02/20,0,1628000,-1581177,46823
2014/02/21,0,4140000,-2575432,1564568
2014/02/24,0,5038000,-1598395,3439605
2014/02/25,0,3343952,-3066626,277326
2014/02/26,0,4122000,-2887872,1234128
2014/02/27,0,5366500,-1772110,3594390
2014/03/03,0,2004000,-4430400,-2426400
2014/03/04,0,550000,-605092,-55092
2014/03/05,0,2869000,-2711000,158000
2014/03/06,0,8537431,-7537351,1000080
2014/03/07,0,9957000,-4367000,5590000
2014/03/10,0,1141000,-3947680,-2806680
2014/03/11,0,1523000,-4889700,-3366700
2014/03/12,0,1484000,-5938800,-4454800
2014/03/13,0,1590045,-14041265,-12451220
2014/03/14,0,1054000,-6387580,-5333580
2014/03/17,0,946000,-3555000,-2609000
2014/03/18,0,970000,-5686133,-4716133
2014/03/19,0,272000,-1756000,-1484000
2014/03/20,0,1359000,-7078798,-5719798
2014/03/21,0,5534000,-7236188,-1702188
2014/03/24,0,5202000,-5725329,-523329
2014/03/25,0,1934000,-6261826,-4327826
2014/03/26,0,4089000,-5223963,-1134963
2014/03/27,0,6105000,-4710650,1394350
2014/03/28,0,2004000,-8722701,-6718701
2014/03/31,0,4616695,-3675000,941695
2014/04/01,0,1545000,-2857155,-1312155
2014/04/02,0,2269000,-1194000,1075000
2014/04/03,0,4854000,-4214666,639334
2014/04/07,0,3561000,-4875717,-1314717
2014/04/08,0,1525000,-3103996,-1578996
2014/04/09,0,3694000,-6902800,-3208800
2014/04/10,0,7120676,-15627502,-8506826
2014/04/11,0,2340000,-4685320,-2345320
2014/04/14,0,1930001,-2365000,-434999
2014/04/15,0,3869000,-2190600,1678400
2014/04/16,0,2826000,-3668000,-842000
2014/04/17,0,3031000,-1645000,1386000
2014/04/18,0,964000,-3278303,-2314303
2014/04/21,0,2039000,-760135,1278865
2014/04/22,0,1840000,-3520260,-1680260
2014/04/23,0,4915000,-1237452,3677548
2014/04/24,0,1787000,-1838827,-51827
2014/04/25,0,3367000,-4712009,-1345009
2014/04/28,0,5901000,-4245882,1655118
2014/04/29,0,3857000,-2341000,1516000
2014/04/30,0,3428000,-3652000,-224000
2014/05/02,0,3167000,-973102,2193898
2014/05/05,0,282000,-4563719,-4281719
2014/05/06,0,895000,-3467665,-2572665
2014/05/07,0,2247000,-3000540,-753540
2014/05/08,0,2393000,-2534540,-141540
2014/05/09,0,1663000,-1904011,-241011
2014/05/12,0,4277000,-3587000,690000
2014/05/13,0,2530000,-530516,1999484
2014/05/14,0,3424000,-1991000,1433000
2014/05/15,0,8054000,-762000,7292000
2014/05/16,0,8117000,-963000,7154000
2014/05/19,0,2411000,-1265111,1145889
2014/05/20,0,1116669,-2235240,-1118571
2014/05/21,0,3030000,-2147032,882968
2014/05/22,0,2227000,-584100,1642900
2014/05/23,0,3294000,-2629214,664786
2014/05/26,0,1807000,-3193000,-1386000
2014/05/27,0,2310000,-4843700,-2533700
2014/05/28,0,8322000,-10539193,-2217193
2014/05/29,0,4669107,-1926843,2742264
2014/05/30,0,23907446,-18105900,5801546
2014/06/03,0,8241000,-2248382,5992618
2014/06/04,0,2107000,-3100000,-993000
2014/06/05,0,4341061,-4626000,-284939
2014/06/06,0,1048000,-1538060,-490060
2014/06/09,0,2844000,-2386000,458000
2014/06/10,0,4525641,-2821000,1704641
2014/06/11,0,1611042,-3894475,-2283433
2014/06/12,0,1768000,-2870000,-1102000
2014/06/13,0,3041000,-2820420,220580
2014/06/16,0,2121000,-3851057,-1730057
2014/06/17,0,1909000,-9318736,-7409736
2014/06/18,0,8844000,-7382501,1461499
2014/06/19,0,1498735,-1719000,-220265
2014/06/20,0,1859000,-2401450,-542450
2014/06/23,0,1410000,-1772480,-362480
2014/06/24,0,765000,-1749969,-984969
2014/06/25,0,1919000,-3833346,-1914346
2014/06/26,0,2434000,-11606614,-9172614
2014/06/27,0,1011000,-2715320,-1704320
2014/06/30,0,3271000,-1370000,1901000
2014/07/01,0,1117000,-249000,868000
2014/07/02,0,1229637,-1560566,-330929
2014/07/03,0,1520000,-502000,1018000
2014/07/04,0,349635,-3382000,-3032365
2014/07/07,0,4379968,-2492059,1887909
2014/07/08,0,3976000,-1580000,2396000
2014/07/09,0,5803000,-59000,5744000
2014/07/10,0,8049808,-2053881,5995927
2014/07/11,0,4880000,-539281,4340719
2014/07/14,0,8536000,-3500060,5035940
2014/07/15,0,3556000,-1447000,2109000
2014/07/16,0,1973000,-3332000,-1359000
2014/07/17,0,6543357,-1620124,4923233
2014/07/18,0,5972000,-4648222,1323778
2014/07/21,0,1369000,-1484220,-115220
2014/07/22,0,3131000,-2071000,1060000
2014/07/23,0,0,0,0
2014/07/24,0,5386382,-1824000,3562382
2014/07/25,0,10868000,-3840000,7028000
2014/07/28,0,2093000,-1968000,125000
2014/07/29,0,4648000,-2737000,1911000
2014/07/30,0,4209000,-4719540,-510540
2014/07/31,0,4346000,-6479832,-2133832
2014/08/01,0,6910000,-2596000,4314000
2014/08/04,0,8452000,-7980000,472000
2014/08/05,0,2846000,-6674508,-3828508
2014/08/06,0,3152000,-2693000,459000
2014/08/07,0,4071000,-1766015,2304985
2014/08/08,0,3990000,-3959848,30152
2014/08/11,0,2422000,-2695604,-273604
2014/08/12,0,2125000,-2067642,57358
2014/08/13,0,2317000,-578475,1738525
2014/08/14,0,1249000,-620000,629000
2014/08/15,0,3195000,-1853000,1342000
2014/08/18,0,981000,-681000,300000
2014/08/19,0,1793210,-4516207,-2722997
2014/08/20,0,3203894,-5257000,-2053106
2014/08/21,0,3119000,-5425000,-2306000
2014/08/22,0,5280056,-6132000,-851944
2014/08/25,0,1595000,-2407000,-812000
2014/08/26,0,1256732,-2625794,-1369062
2014/08/27,0,5950000,-2777000,3173000
2014/08/28,0,2665000,-2805153,-140153
2014/08/29,0,5812000,-2345099,3466901
2014/09/01,0,1124000,-889000,235000
2014/09/02,0,572000,-3061093,-2489093
2014/09/03,0,2196017,-1851592,344425
2014/09/04,0,2158000,-1483494,674506
2014/09/05,0,675000,-318000,357000
2014/09/09,0,1849637,-3287637,-1438000
2014/09/10,0,681000,-2649000,-1968000
2014/09/11,0,1352000,-3846547,-2494547
2014/09/12,0,3382000,-4172000,-790000
2014/09/15,0,2800000,-4280000,-1480000
2014/09/16,0,1662000,-4801000,-3139000
2014/09/17,0,2829000,-2864000,-35000
2014/09/18,0,2245999,-2451740,-205741
2014/09/19,0,2287000,-3034908,-747908
2014/09/22,0,819840,-10562373,-9742533
2014/09/23,0,1230200,-1415363,-185163
2014/09/24,0,700000,-4315300,-3615300
2014/09/25,0,2584000,-8125000,-5541000
2014/09/26,0,1136088,-4351777,-3215689
2014/09/29,0,3014000,-7456452,-4442452
2014/09/30,0,6028000,-7239294,-1211294
2014/10/01,0,2167000,-3438710,-1271710
2014/10/02,0,2299000,-3619105,-1320105
2014/10/03,0,2515000,-2329000,186000
2014/10/06,0,1254391,-3457000,-2202609
2014/10/07,0,2196000,-5692000,-3496000
2014/10/08,0,4060804,-3903723,157081
2014/10/09,0,2591000,-3658440,-1067440
2014/10/13,0,1645000,-2138800,-493800
2014/10/14,0,5479143,-3991126,1488017
2014/10/15,0,6104000,-8738412,-2634412
2014/10/16,0,3807000,-3312885,494115
2014/10/17,0,6858000,-4577600,2280400
2014/10/20,0,1541655,-653000,888655
2014/10/21,0,938000,-1417900,-479900
2014/10/22,0,5289200,-2385000,2904200
2014/10/23,0,2008636,-1602000,406636
2014/10/24,0,461000,-4300674,-3839674
2014/10/27,0,1771000,-4719316,-2948316
2014/10/28,0,4024000,-900000,3124000
2014/10/29,0,3050000,-437000,2613000
2014/10/30,0,2284000,-437114,1846886
2014/10/31,0,3079000,-1299000,1780000
2014/11/03,0,2173000,-1554300,618700
2014/11/04,0,2991000,-1517000,1474000
2014/11/05,0,2549000,-2837810,-288810
2014/11/06,0,684000,-1338000,-654000
2014/11/07,0,724000,-1600900,-876900
2014/11/10,0,3399733,-959233,2440500
2014/11/11,0,1745000,-762000,983000
2014/11/12,0,1647000,-1415498,231502
2014/11/13,0,2278197,-604197,1674000
2014/11/14,0,1526000,-583500,942500
2014/11/17,0,832983,-1931002,-1098019
2014/11/18,0,1668000,-1694292,-26292
2014/11/19,0,4503000,-4358533,144467
2014/11/20,0,1518000,-5128000,-3610000
2014/11/21,0,475000,-3368088,-2893088
2014/11/24,0,1324000,-1254206,69794
2014/11/25,0,3157000,-5852457,-2695457
2014/11/26,0,3588143,-3968143,-380000
2014/11/27,0,4360000,-2678500,1681500
2014/11/28,0,2776000,-2753000,23000
2014/12/01,0,4150265,-9343854,-5193589
2014/12/02,0,4151000,-3920000,231000
2014/12/03,0,2867553,-1157553,1710000
2014/12/04,0,2450000,-829000,1621000
2014/12/05,0,19366000,-4703095,14662905
2014/12/08,0,7023000,-3131000,3892000
2014/12/09,0,1843000,-4238000,-2395000
2014/12/10,0,2290718,-8313718,-6023000
2014/12/11,0,1869000,-5521556,-3652556
2014/12/12,0,1183000,-2484000,-1301000
2014/12/15,0,1825000,-3496000,-1671000
2014/12/16,0,1282180,-5821955,-4539775
2014/12/17,0,3184281,-6473040,-3288759
2014/12/18,0,2368000,-5338000,-2970000
2014/12/19,0,6612000,-9988348,-3376348
2014/12/22,0,5167000,-1081200,4085800
2014/12/23,0,2129000,-883700,1245300
2014/12/24,0,2707000,-1939000,768000
2014/12/25,0,583000,-93000,490000
2014/12/26,0,983000,-188000,795000
2014/12/29,0,3889000,-342005,3546995
2014/12/30,0,1535000,-533000,1002000
2014/12/31,0,502000,-1557080,-1055080
2015/01/01,0,0,0,0
2015/01/02,0,0,0,0
2015/01/05,0,524030,-2063030,-1539000
2015/01/06,0,1869000,-3444564,-1575564
2015/01/07,0,1625594,-2729626,-1104032
2015/01/08,0,1447121,-2400421,-953300
2015/01/09,0,801000,-356100,444900
2015/01/12,0,1271001,-273000,998001
2015/01/13,0,1865000,-803749,1061251
2015/01/14,0,793000,-1856864,-1063864
2015/01/15,0,2259000,-1098000,1161000
2015/01/16,0,1424000,-3077633,-1653633
2015/01/19,0,2207000,-1563128,643872
2015/01/20,0,3365000,-1872233,1492767
2015/01/21,0,2509000,-829559,1679441
2015/01/22,0,4833000,-5705000,-872000
2015/01/23,0,6003000,-4143000,1860000
2015/01/26,0,3684000,-6364462,-2680462
2015/01/27,0,6639000,-1682100,4956900
2015/01/28,0,4800500,-454100,4346400
2015/01/29,0,5715000,-2861913,2853087
2015/01/30,0,4965000,-2352000,2613000
2015/02/02,0,4519603,-2180603,2339000
2015/02/03,0,2299000,-2546500,-247500
2015/02/04,0,3775000,-1837300,1937700
2015/02/05,0,1235000,-345000,890000
2015/02/06,0,2956440,-1204992,1751448
2015/02/09,0,1508000,-739000,769000
2015/02/10,0,1504000,-1501110,2890
2015/02/11,0,1583001,-1027400,555601
2015/02/12,0,995000,-1287001,-292001
2015/02/13,0,1668000,-1724352,-56352
2015/02/16,0,0,0,0
2015/02/17,0,0,0,0
2015/02/18,0,0,0,0
2015/02/19,0,0,0,0
2015/02/20,0,0,0,0
2015/02/23,0,0,0,0
2015/02/24,0,7297100,-2247000,5050100
2015/02/25,0,3445000,-2925394,519606
2015/02/26,0,4722000,-1541079,3180921
2015/02/27,0,0,0,0
2015/03/02,0,3211884,-2520884,691000
2015/03/03,0,2025473,-2537000,-511527
2015/03/04,0,3035000,-2369000,666000
2015/03/05,0,2433488,-3631000,-1197512
2015/03/06,0,3788000,-2418000,1370000
2015/03/09,0,1235000,-1404000,-169000
2015/03/10,0,1357000,-2481252,-1124252
2015/03/11,0,5126000,-2605000,2521000
2015/03/12,0,6384000,-1996452,4387548
2015/03/13,0,645000,-2857000,-2212000
2015/03/16,0,1343000,-1641029,-298029
2015/03/17,0,3701000,-752500,2948500
2015/03/18,0,3684000,-949783,2734217
2015/03/19,0,6125000,-1147000,4978000
2015/03/20,0,3366000,-2883000,483000
2015/03/23,0,1815000,-815711,999289
2015/03/24,0,3415000,-1607743,1807257
2015/03/25,0,2069202,-1006000,1063202
2015/03/26,0,3761700,-3581765,179935
2015/03/27,0,2708000,-1906532,801468
2015/03/30,0,1768593,-1641646,126947
2015/03/31,0,2832000,-1842900,989100
2015/04/01,0,1089000,-2019000,-930000
2015/04/02,0,2179000,-1246210,932790
2015/04/03,0,0,0,0
2015/04/06,0,0,0,0
2015/04/07,0,5895000,-888132,5006868
2015/04/08,0,2475000,-2945007,-470007
2015/04/09,0,4278000,-5922242,-1644242
2015/04/10,0,6826000,-1750295,5075705
2015/04/13,0,6232000,-1998000,4234000
2015/04/14,0,24937000,-1764000,23173000
2015/04/15,0,11440000,-6369800,5070200
2015/04/16,0,13583900,-2723539,10860361
2015/04/17,0,10661373,-2595000,8066373
2015/04/20,0,6537000,-2371976,4165024
2015/04/21,0,8349000,-1926223,6422777
2015/04/22,0,6013000,-875000,5138000
2015/04/23,0,16010300,-3149091,12861209
2015/04/24,0,15027700,-4683348,10344352
2015/04/27,0,13375000,-2810500,10564500
2015/04/28,0,6219000,-8665000,-2446000
2015/04/29,0,4884000,-6216000,-1332000
2015/04/30,0,10565000,-9013918,1551082
2015/05/01,0,0,0,0
2015/05/04,0,4546000,-3936800,609200
2015/05/05,0,5372000,-3485000,1887000
2015/05/06,0,8287000,-5241000,3046000
2015/05/07,0,2850000,-4292800,-1442800
2015/05/08,0,2534577,-5242000,-2707423
2015/05/11,0,4748000,-3047000,1701000
2015/05/12,0,9452253,-6084000,3368253
2015/05/13,0,3422000,-7204113,-3782113
2015/05/14,0,6290184,-8414818,-2124634
2015/05/15,0,3076266,-1964000,1112266
2015/05/18,0,2549000,-1672000,877000
2015/05/19,0,4327000,-2515000,1812000
2015/05/20,0,6613000,-8609308,-1996308
2015/05/21,0,3929000,-6775198,-2846198
2015/05/22,0,3055000,-6668100,-3613100
2015/05/25,0,1651000,-3963000,-2312000
2015/05/26,0,11000000,-5825000,5175000
2015/05/27,0,12679200,-11178666,1500534
2015/05/28,0,6846560,-2921373,3925187
2015/05/29,0,5638668,-6194545,-555877
2015/06/01,0,1981600,-10008000,-8026400
2015/06/02,0,4755737,-4762533,-6796
2015/06/03,0,2585000,-5608000,-3023000
2015/06/04,0,2246000,-6106230,-3860230
2015/06/05,0,4499106,-10134000,-5634894
2015/06/08,0,5361000,-7275000,-1914000
2015/06/09,0,3043000,-2045806,997194
2015/06/10,0,1695000,-3570028,-1875028
2015/06/11,0,4193661,-6298000,-2104339
2015/06/12,0,2839208,-3717000,-877792
2015/06/15,0,4116107,-7644000,-3527893
2015/06/16,0,6785000,-7047000,-262000
2015/06/17,0,7708004,-7953896,-245892
2015/06/18,0,2848000,-6642000,-3794000
2015/06/19,0,0,0,0
2015/06/22,0,3087495,-8533235,-5445740
2015/06/23,0,1274846,-6762000,-5487154
2015/06/24,0,3780850,-5199000,-1418150
2015/06/25,0,7419373,-7090000,329373
2015/06/26,0,3287000,-3453000,-166000
2015/06/29,0,7422000,-5914000,1508000
2015/06/30,0,8509935,-6359667,2150268
2015/07/01,0,2064000,-2872000,-808000
2015/07/02,0,6154336,-4419036,1735300
2015/07/03,0,7197000,-2825264,4371736
2015/07/06,0,1562266,-3928818,-2366552
2015/07/07,0,5618000,-1942800,3675200
2015/07/08,0,9643000,-11680107,-2037107
2015/07/09,0,3919000,-16399812,-12480812
2015/07/10,0,0,0,0
2015/07/13,0,6750348,-5004097,1746251
2015/07/14,0,5775000,-3528321,2246679
2015/07/15,0,8112886,-3699951,4412935
2015/07/16,0,4864000,-4964750,-100750
2015/07/17,0,3625299,-2527000,1098299
2015/07/20,0,5126499,-3626000,1500499
2015/07/21,0,2065156,-437000,1628156
2015/07/22,0,4855000,-1213635,3641365
2015/07/23,0,4042550,-2548000,1494550
2015/07/24,0,4030000,-3072000,958000
2015/07/27,0,10037700,-4769679,5268021
2015/07/28,0,3859000,-7334826,-3475826
2015/07/29,0,6748003,-10231246,-3483243
2015/07/30,0,9157000,-9644795,-487795
2015/07/31,0,10200677,-10292000,-91323
2015/08/03,0,2783779,-8786200,-6002421
2015/08/04,0,5232000,-4826100,405900
2015/08/05,0,3343000,-4634299,-1291299
2015/08/06,0,503000,-5210000,-4707000
2015/08/07,0,2625000,-4112800,-1487800
2015/08/10,0,3777907,-2092807,1685100
2015/08/11,0,6455000,-6110000,345000
2015/08/12,0,3899734,-15599392,-11699658
2015/08/13,0,9030000,-7321268,1708732
2015/08/14,0,3525000,-3085000,440000
2015/08/17,0,5988769,-4183000,1805769
2015/08/18,0,4021000,-7854900,-3833900
2015/08/19,0,11175549,-10800600,374949
2015/08/20,0,3993000,-5790364,-1797364
2015/08/21,0,3936000,-5528000,-1592000
2015/08/24,0,6251000,-15086000,-8835000
2015/08/25,0,7549200,-4459526,3089674
2015/08/26,0,8200000,-5769924,2430076
2015/08/27,0,8956000,-7612342,1343658
2015/08/28,0,8874900,-7526455,1348445
2015/08/31,0,11037253,-10072000,965253
2015/09/01,0,5782000,-3469290,2312710
2015/09/02,0,11700000,-8132459,3567541
2015/09/03,0,4744000,-4102600,641400
2015/09/04,0,4699610,-5057630,-358020
2015/09/07,0,6778000,-9876000,-3098000
2015/09/08,0,3443000,-6630900,-3187900
2015/09/09,0,11725847,-6894422,4831425
2015/09/10,0,4271800,-4857568,-585768
2015/09/11,0,3545000,-5884000,-2339000
2015/09/14,0,2771000,-2327700,443300
2015/09/15,0,2618400,-4817200,-2198800
2015/09/16,0,3719000,-10216606,-6497606
2015/09/17,0,18296000,-4033043,14262957
2015/09/18,0,8961498,-11479780,-2518282
2015/09/21,0,4858000,-4829816,28184
2015/09/22,0,3855737,-4121413,-265676
2015/09/23,0,3592000,-11247612,-7655612
2015/09/24,0,3272044,-4815036,-1542992
2015/09/25,0,4091068,-4708981,-617913
2015/09/28,0,0,0,0
2015/09/29,0,0,0,0
2015/09/30,0,6184500,-7541109,-1356609
2015/10/01,0,7025000,-4714001,2310999
2015/10/02,0,4395000,-5035787,-640787
2015/10/05,0,2749040,-4230644,-1481604
2015/10/06,0,5757000,-2929000,2828000
2015/10/07,0,4841000,-3946000,895000
2015/10/08,0,5245334,-1988300,3257034
2015/10/09,0,0,0,0
2015/10/12,0,6335020,-4249200,2085820
2015/10/13,0,6846539,-10970742,-4124203
2015/10/14,0,6301000,-11036465,-4735465
2015/10/15,0,5748000,-9554908,-3806908
2015/10/16,0,3127000,-1774052,1352948
2015/10/19,0,3368000,-1243000,2125000
2015/10/20,0,4110000,-1463679,2646321
2015/10/21,0,2067000,-1680600,386400
2015/10/22,0,2680000,-1505000,1175000
2015/10/23,0,4203000,-3242400,960600
2015/10/26,0,8438324,-1663375,6774949
2015/10/27,0,3758000,-2479801,1278199
2015/10/28,0,4915000,-2051228,2863772
2015/10/29,0,6275000,-4190758,2084242
2015/10/30,0,9002000,-3064580,5937420
2015/11/02,0,4305000,-2230000,2075000
2015/11/03,0,6508000,-3630521,2877479
2015/11/04,0,7860000,-6344544,1515456
2015/11/05,0,3341000,-2118020,1222980
2015/11/06,0,2083000,-8518750,-6435750
2015/11/09,0,4056000,-2809000,1247000
2015/11/10,0,2965000,-4137972,-1172972
2015/11/11,0,3700000,-6294967,-2594967
2015/11/12,0,6053910,-2406500,3647410
2015/11/13,0,2997887,-4140629,-1142742
2015/11/16,0,1267000,-3811000,-2544000
2015/11/17,0,2863000,-1919300,943700
2015/11/18,0,2914000,-5683900,-2769900
2015/11/19,0,4932000,-4686083,245917
2015/11/20,0,3768000,-2952800,815200
2015/11/23,0,3241684,-2658602,583082
2015/11/24,0,5007000,-3782000,1225000
2015/11/25,0,3682000,-2862853,819147
2015/11/26,0,4847000,-1676614,3170386
2015/11/27,0,3474000,-4085550,-611550
2015/11/30,0,11528987,-13555353,-2026366
2015/12/01,0,3977000,-1585434,2391566
2015/12/02,0,3570000,-2460000,1110000
2015/12/03,0,8416000,-2925928,5490072
2015/12/04,0,4196000,-3315921,880079
2015/12/07,0,2223714,-1621864,601850
2015/12/08,0,3415000,-4745000,-1330000
2015/12/09,0,3005000,-4434000,-1429000
2015/12/10,0,2876492,-7006366,-4129874
2015/12/11,0,4083531,-7242468,-3158937
2015/12/14,0,5033000,-4748508,284492
2015/12/15,0,2489000,-3226863,-737863
2015/12/16,0,7168059,-6449000,719059
2015/12/17,0,3820000,-3390354,429646
2015/12/18,0,12261377,-5975328,6286049
2015/12/21,0,4667064,-3635500,1031564
2015/12/22,0,3833615,-3113000,720615
2015/12/23,0,2383059,-764100,1618959
2015/12/24,0,2142000,-1810799,331201
2015/12/25,0,834000,-574000,260000
2015/12/28,0,2685000,-1147000,1538000
2015/12/29,0,3811000,-2646000,1165000
2015/12/30,0,3188299,-2418048,770251
2015/12/31,0,1867000,-1017000,850000
2016/01/01,0,0,0,0
2016/01/04,0,5812160,-5063000,749160
2016/01/05,0,5582464,-6204538,-622074
2016/01/06,0,3103047,-5924300,-2821253
2016/01/07,0,1849567,-8846553,-6996986
2016/01/08,0,2834000,-6599238,-3765238
2016/01/11,0,2716366,-8422348,-5705982
2016/01/12,0,3873000,-3337323,535677
2016/01/13,0,4550000,-5850403,-1300403
2016/01/14,0,4191542,-2440000,1751542
2016/01/15,0,3653000,-8365673,-4712673
2016/01/18,0,6310000,-9321000,-3011000
2016/01/19,0,2373000,-3372315,-999315
2016/01/20,0,3568157,-12506404,-8938247
2016/01/21,0,3914245,-7131000,-3216755
2016/01/22,0,2548000,-9124400,-6576400
2016/01/25,0,3238000,-4718500,-1480500
2016/01/26,0,2462060,-4106000,-1643940
2016/01/27,0,2365000,-9060945,-6695945
2016/01/28,0,5703000,-8148015,-2445015
2016/01/29,0,12058084,-12190916,-132832
2016/02/01,0,7117959,-8777009,-1659050
2016/02/02,0,9004000,-9909160,-905160
2016/02/03,0,1781000,-13613129,-11832129
2016/02/04,0,0,0,0
2016/02/05,0,0,0,0
2016/02/08,0,0,0,0
2016/02/09,0,0,0,0
2016/02/10,0,0,0,0
2016/02/11,0,0,0,0
2016/02/12,0,0,0,0
2016/02/15,0,6254542,-19211088,-12956546
2016/02/16,0,9251000,-13536995,-4285995
2016/02/17,0,2366798,-5006100,-2639302
2016/02/18,0,3682000,-3632061,49939
2016/02/19,0,5006098,-4194385,811713
2016/02/22,0,2430000,-3545794,-1115794
2016/02/23,0,1527066,-5500000,-3972934
2016/02/24,0,2429000,-8323874,-5894874
2016/02/25,0,4328054,-1273000,3055054
2016/02/26,0,4306000,-5712756,-1406756
2016/02/29,0,0,0,0
2016/03/01,0,3766519,-9825796,-6059277
2016/03/02,0,4612183,-8048148,-3435965
2016/03/03,0,11021290,-3248882,7772408
2016/03/04,0,4888000,-1975009,2912991
2016/03/07,0,5008000,-2551000,2457000
2016/03/08,0,5149000,-3918285,1230715
2016/03/09,0,7783000,-17752800,-9969800
2016/03/10,0,4901000,-5497595,-596595
2016/03/11,0,5083001,-2702000,2381001
2016/03/14,0,6233000,-5485586,747414
2016/03/15,0,5123000,-6150144,-1027144
2016/03/16,0,5664000,-2576150,3087850
2016/03/17,0,5557492,-2564000,2993492
2016/03/18,0,7565000,-4358832,3206168
2016/03/21,0,5844000,-3948000,1896000
2016/03/22,0,6496603,-3009337,3487266
2016/03/23,0,4805000,-1190000,3615000
2016/03/24,0,3376000,-1820000,1556000
2016/03/25,0,1068000,-1166000,-98000
2016/03/28,0,3331000,-309000,3022000
2016/03/29,0,2508000,-3420265,-912265
2016/03/30,0,10024375,-5635071,4389304
2016/03/31,0,4798000,-5571600,-773600
2016/04/01,0,7164000,-8195429,-1031429
2016/04/04,0,0,0,0
2016/04/05,0,0,0,0
2016/04/06,0,2169745,-9068112,-6898367
2016/04/07,0,1419000,-8495000,-7076000
2016/04/08,0,7039000,-17491973,-10452973
2016/04/11,0,4941000,-2967970,1973030
2016/04/12,0,2141000,-3060647,-919647
2016/04/13,0,7055400,-3373600,3681800
2016/04/14,0,4407000,-2245587,2161413
2016/04/15,0,7666602,-3505000,4161602
2016/04/18,0,4295000,-1867565,2427435
2016/04/19,0,5831000,-5372000,459000
2016/04/20,0,7961000,-7236847,724153
2016/04/21,0,5549000,-2531000,3018000
2016/04/22,0,6092952,-2612077,3480875
2016/04/25,0,1837000,-1582000,255000
2016/04/26,0,4770807,-4304000,466807
2016/04/27,0,2633000,-3071500,-438500
2016/04/28,0,2273000,-3094000,-821000
2016/04/29,0,3662000,-2760000,902000
2016/05/02,0,0,0,0
2016/05/03,0,4056000,-4371000,-315000
2016/05/04,0,4520000,-7615679,-3095679
2016/05/05,0,2735000,-3908940,-1173940
2016/05/06,0,2667290,-5044800,-2377510
2016/05/09,0,2512000,-3206196,-694196
2016/05/10,0,2128745,-2816800,-688055
2016/05/11,0,3153800,-4870754,-1716954
2016/05/12,0,2271400,-3989300,-1717900
2016/05/13,0,6578900,-5115000,1463900
2016/05/16,0,1470000,-3583000,-2113000
2016/05/17,0,3713400,-3515111,198289
2016/05/18,0,2933580,-6557808,-3624228
2016/05/19,0,5081000,-6932276,-1851276
2016/05/20,0,3988300,-4043949,-55649
2016/05/23,0,4044190,-3146000,898190
2016/05/24,0,2733169,-3146000,-412831
2016/05/25,0,3429745,-1909000,1520745
2016/05/26,0,1883000,-3012000,-1129000
2016/05/27,0,10967600,-6358000,4609600
2016/05/30,0,12362000,-9024000,3338000
2016/05/31,0,16062000,-16836666,-774666
2016/06/01,0,8820258,-6633000,2187258
2016/06/02,0,13087516,-1918399,11169117
2016/06/03,0,6760000,-3025404,3734596
2016/06/06,0,6452000,-7903727,-1451727
2016/06/07,0,7195000,-3485055,3709945
2016/06/08,0,6111200,-2134000,3977200
2016/06/09,0,0,0,0
2016/06/10,0,0,0,0
2016/06/13,0,3252000,-6590437,-3338437
2016/06/14,0,5608000,-2470000,3138000
2016/06/15,0,4124000,-3750182,373818
2016/06/16,0,5585000,-6794800,-1209800
2016/06/17,0,10137000,-4580000,5557000
2016/06/20,0,5279000,-4556500,722500
2016/06/21,0,3858211,-4065000,-206789
2016/06/22,0,6216574,-2842300,3374274
2016/06/23,0,2773400,-3323000,-549600
2016/06/24,0,4346000,-10678100,-6332100
2016/06/27,0,3495000,-2080000,1415000
2016/06/28,0,10558000,-6971000,3587000
2016/06/29,0,3146500,-7367200,-4220700
2016/06/30,0,7922000,-7557283,364717
2016/07/01,0,4932000,-1814291,3117709
2016/07/04,0,2005000,-1216000,789000
2016/07/05,0,1704000,-3692000,-1988000
2016/07/06,0,4465000,-7453000,-2988000
2016/07/07,0,1375000,-3421702,-2046702
2016/07/08,0,0,0,0
2016/07/11,0,13019130,-10208800,2810330
2016/07/12,0,12782000,-4865379,7916621
2016/07/13,0,22310690,-3368314,18942376
2016/07/14,0,15070516,-4836419,10234097
2016/07/15,0,10809400,-9208090,1601310
2016/07/18,0,10102000,-1175000,8927000
2016/07/19,0,8381000,-2204000,6177000
2016/07/20,0,13374000,-6436406,6937594
2016/07/21,0,7691150,-2047160,5643990
2016/07/22,0,5716000,-4309128,1406872
2016/07/25,0,5425000,-6809000,-1384000
2016/07/26,0,4708720,-3220000,1488720
2016/07/27,0,10563000,-3142000,7421000
2016/07/28,0,9668000,-7902400,1765600
2016/07/29,0,7447000,-5718000,1729000
2016/08/01,0,5957752,-4034699,1923053
2016/08/02,0,2876697,-2153523,723174
2016/08/03,0,4649901,-2799000,1850901
2016/08/04,0,5697000,-1466741,4230259
2016/08/05,0,7347000,-3270000,4077000
2016/08/08,0,9147428,-760000,8387428
2016/08/09,0,3453000,-1412000,2041000
2016/08/10,0,5703000,-1183919,4519081
2016/08/11,0,4150742,-5495000,-1344258
2016/08/12,0,8896000,-1744543,7151457
2016/08/15,0,3320000,-5556000,-2236000
2016/08/16,0,3005450,-2057000,948450
2016/08/17,0,2364392,-3230319,-865927
2016/08/18,0,7703204,-2521419,5181785
2016/08/19,0,2528294,-7303328,-4775034
2016/08/22,0,4473000,-3312179,1160821
2016/08/23,0,4464000,-2466083,1997917
2016/08/24,0,2260252,-2028251,232001
2016/08/25,0,3278000,-2670659,607341
2016/08/26,0,3714156,-553455,3160701
2016/08/29,0,2955640,-5572659,-2617019
2016/08/30,0,7821576,-1987619,5833957
2016/08/31,0,6101231,-8347779,-2246548
2016/09/01,0,5654000,-4906093,747907
2016/09/02,0,8946304,-1594269,7352035
2016/09/05,0,2320000,-1681560,638440
2016/09/06,0,4437032,-44008,4393024
2016/09/07,0,4625520,-2557400,2068120
2016/09/08,0,4553000,-2757000,1796000
2016/09/09,0,4715103,-1447320,3267783
2016/09/12,0,7859894,-11478626,-3618732
2016/09/13,0,8729000,-5017880,3711120
2016/09/14,0,4930048,-5115232,-185184
2016/09/15,0,0,0,0
2016/09/16,0,0,0,0
2016/09/19,0,12401849,-6753390,5648459
2016/09/20,0,7704000,-3506990,4197010
2016/09/21,0,7575000,-1546217,6028783
2016/09/22,0,6066997,-3079720,2987277
2016/09/23,0,8765000,-2616000,6149000
2016/09/26,0,3642000,-5531504,-1889504
2016/09/27,0,0,0,0
2016/09/28,0,0,0,0
2016/09/29,0,15342864,-7828491,7514373
2016/09/30,0,7432384,-9334177,-1901793
2016/10/03,0,7562000,-3518600,4043400
2016/10/04,0,11697070,-5132782,6564288
2016/10/05,0,3651551,-2169020,1482531
2016/10/06,0,4604724,-3010000,1594724
2016/10/07,0,9960584,-7841463,2119121
2016/10/10,0,0,0,0
2016/10/11,0,14200291,-3727440,10472851
2016/10/12,0,5691655,-2561290,3130365
2016/10/13,0,6074569,-6516184,-441615
2016/10/14,0,4029695,-2343000,1686695
2016/10/17,0,4887046,-3051574,1835472
2016/10/18,0,7891128,-1400032,6491096
2016/10/19,0,8463564,-2712110,5751454
2016/10/20,0,3266000,-4080363,-814363
2016/10/21,0,3375000,-2458682,916318
2016/10/24,0,4199000,-1378047,2820953
2016/10/25,0,6721000,-1503688,5217312
2016/10/26,0,5436000,-3189080,2246920
2016/10/27,0,3637836,-4565217,-927381
2016/10/28,0,6148809,-2785400,3363409
2016/10/31,0,4334753,-3934000,400753
2016/11/01,0,1488156,-3140980,-1652824
2016/11/02,0,4924374,-1799773,3124601
2016/11/03,0,6040640,-4045773,1994867
2016/11/04,0,2999000,-2372000,627000
2016/11/07,0,2629000,-2290201,338799
2016/11/08,0,3026954,-1369480,1657474
2016/11/09,0,8250000,-10493703,-2243703
2016/11/10,0,10946000,-3773000,7173000
2016/11/11,0,11686000,-11069904,616096
2016/11/14,0,14430000,-10042409,4387591
2016/11/15,0,14972000,-7479850,7492150
2016/11/16,0,14255000,-5871638,8383362
2016/11/17,0,12638137,-3525000,9113137
2016/11/18,0,16516000,-9660193,6855807
2016/11/21,0,8170000,-4965419,3204581
2016/11/22,0,10288000,-2199139,8088861
2016/11/23,0,8173000,-5879442,2293558
2016/11/24,0,7175000,-1239003,5935997
2016/11/25,0,9302561,-2329151,6973410
2016/11/28,0,13688818,-7805878,5882940
2016/11/29,0,15034657,-23987960,-8953303
2016/11/30,0,27986738,-18538133,9448605
2016/12/01,0,16414014,-4550412,11863602
2016/12/02,0,18025000,-12855525,5169475
2016/12/05,0,9121000,-8453773,667227
2016/12/06,0,15694000,-22331248,-6637248
2016/12/07,0,12768000,-22346330,-9578330
2016/12/08,0,16292000,-17242340,-950340
2016/12/09,0,10398867,-24276023,-13877156
2016/12/12,0,13969000,-13317903,651097
2016/12/13,0,9206065,-9356383,-150318
2016/12/14,0,10262550,-13790000,-3527450
2016/12/15,0,20783420,-15122425,5660995
2016/12/16,0,16136756,-11947620,4189136
2016/12/19,0,4150484,-6640680,-2490196
2016/12/20,0,5563240,-4825808,737432
2016/12/21,0,4776363,-5646561,-870198
2016/12/22,0,3798712,-2770000,1028712
2016/12/23,0,1280000,-4955448,-3675448
2016/12/26,0,1390000,-500000,890000
2016/12/27,0,1852000,-1167000,685000
2016/12/28,0,2954000,-1726344,1227656
2016/12/29,0,3970823,-11120985,-7150162
2016/12/30,0,4167000,-2654760,1512240
2017/01/02,0,0,0,0
2017/01/03,0,1612000,-3352000,-1740000
2017/01/04,0,4519000,-4301700,217300
2017/01/05,0,3141049,-4438391,-1297342
2017/01/06,0,1882000,-8604654,-6722654
2017/01/09,0,6715624,-2421000,4294624
2017/01/10,0,5520000,-5029600,490400
2017/01/11,0,6182076,-6957680,-775604
2017/01/12,0,13584279,-12555047,1029232
2017/01/13,0,9516813,-15903135,-6386322
2017/01/16,0,8196080,-8981683,-785603
2017/01/17,0,5637375,-6614000,-976625
2017/01/18,0,8278000,-8346266,-68266
2017/01/19,0,3788000,-9631549,-5843549
2017/01/20,0,2550908,-3460531,-909623
2017/01/23,0,4812000,-5354048,-542048
2017/01/24,0,4637526,-7882961,-3245435
2017/01/25,0,0,0,0
2017/01/26,0,0,0,0
2017/01/27,0,0,0,0
2017/01/30,0,0,0,0
2017/01/31,0,0,0,0
2017/02/01,0,0,0,0
2017/02/02,0,7718040,-22151322,-14433282
2017/02/03,0,5562782,-9072969,-3510187
2017/02/06,0,2684630,-8988983,-6304353
2017/02/07,0,3136468,-13502278,-10365810
2017/02/08,0,7077537,-7301729,-224192
2017/02/09,0,2536000,-18967882,-16431882
2017/02/10,0,8586000,-12649426,-4063426
2017/02/13,0,6256742,-4633858,1622884
2017/02/14,0,8823782,-27172918,-18349136
2017/02/15,0,12250000,-26849786,-14599786
2017/02/16,0,12021000,-5334223,6686777
2017/02/17,0,5387000,-1644640,3742360
2017/02/20,0,2336000,-1125111,1210889
2017/02/21,0,3692000,-2156460,1535540
2017/02/22,0,3990392,-5002164,-1011772
2017/02/23,0,10675000,-8000624,2674376
2017/02/24,0,4884000,-3024169,1859831
2017/02/27,0,0,0,0
2017/02/28,0,0,0,0
2017/03/01,0,6947450,-6420132,527318
2017/03/02,0,13156000,-6396004,6759996
2017/03/03,0,5658901,-6796085,-1137184
2017/03/06,0,10394478,-4420955,5973523
2017/03/07,0,8967450,-7301240,1666210
2017/03/08,0,5786000,-5307675,478325
2017/03/09,0,6497000,-7732000,-1235000
2017/03/10,0,2796270,-7079725,-4283455
2017/03/13,0,2545413,-3040831,-495418
2017/03/14,0,3518039,-15964565,-12446526
2017/03/15,0,3375000,-12978578,-9603578
2017/03/16,0,6961390,-13860231,-6898841
2017/03/17,0,46774250,-53524001,-6749751
2017/03/20,0,3874594,-5504977,-1630383
2017/03/21,0,7251916,-13970491,-6718575
2017/03/22,0,4397737,-4865400,-467663
2017/03/23,0,2945001,-6620755,-3675754
2017/03/24,0,4874018,-5762118,-888100
2017/03/27,0,5176000,-5572842,-396842
2017/03/28,0,4667782,-5006351,-338569
2017/03/29,0,2606545,-3907370,-1300825
2017/03/30,0,5003000,-5913040,-910040
2017/03/31,0,3755048,-8051409,-4296361
2017/04/03,0,0,0,0
2017/04/04,0,0,0,0
2017/04/05,0,6101846,-13549682,-7447836
2017/04/06,0,2228985,-10182285,-7953300
2017/04/07,0,2690161,-8069308,-5379147
2017/04/10,0,594000,-5757535,-5163535
2017/04/11,0,1120000,-11465569,-10345569
2017/04/12,0,3010890,-11173800,-8162910
2017/04/13,0,1269000,-6266966,-4997966
2017/04/14,0,135670,-2397000,-2261330
2017/04/17,0,289000,-2027000,-1738000
2017/04/18,0,2414000,-8174870,-5760870
2017/04/19,0,3225000,-21769889,-18544889
2017/04/20,0,3411476,-7786413,-4374937
2017/04/21,0,2801000,-3347644,-546644
2017/04/24,0,972000,-4554045,-3582045
2017/04/25,0,5869664,-3018572,2851092
2017/04/26,0,3902000,-6421334,-2519334
2017/04/27,0,5799158,-8157705,-2358547
2017/04/28,0,5263340,-13353611,-8090271
2017/05/01,0,0,0,0
2017/05/02,0,10924000,-7353137,3570863
2017/05/03,0,4208000,-17474250,-13266250
2017/05/04,0,2039000,-4612194,-2573194
2017/05/05,0,2690236,-5932477,-3242241
2017/05/08,0,2020460,-2654158,-633698
2017/05/09,0,5777954,-5323991,453963
2017/05/10,0,3733396,-2574000,1159396
2017/05/11,0,3145338,-2328513,816825
2017/05/12,0,2804374,-2328520,475854
2017/05/15,0,3035366,-3296640,-261274
2017/05/16,0,4902000,-3488719,1413281
2017/05/17,0,4456840,-10346652,-5889812
2017/05/18,0,2722076,-11742680,-9020604
2017/05/19,0,4632082,-2039195,2592887
2017/05/22,0,2251398,-2924193,-672795
2017/05/23,0,3271160,-3402078,-130918
2017/05/24,0,2900172,-6924432,-4024260
2017/05/25,0,4725000,-2881569,1843431
2017/05/26,0,0,0,0
2017/05/29,0,0,0,0
2017/05/30,0,0,0,0
2017/05/31,0,5753968,-9468626,-3714658
2017/06/01,0,3418000,-2922762,495238
2017/06/02,0,4914000,-2409520,2504480
2017/06/05,0,1601018,-4137000,-2535982
2017/06/06,0,1885000,-1739000,146000
2017/06/07,0,1905000,-4528522,-2623522
2017/06/08,0,3719000,-2726160,992840
2017/06/09,0,4067000,-9391000,-5324000
2017/06/12,0,4704462,-4464000,240462
2017/06/13,0,1988000,-1738000,250000
2017/06/14,0,2730000,-4300587,-1570587
2017/06/15,0,2542000,-6373000,-3831000
2017/06/16,0,4512358,-5628366,-1116008
2017/06/19,0,2416748,-4583160,-2166412
2017/06/20,0,2648436,-2233021,415415
2017/06/21,0,4175141,-6394400,-2219259
2017/06/22,0,2375928,-2385000,-9072
2017/06/23,0,1335000,-2233660,-898660
2017/06/26,0,6434000,-1469500,4964500
2017/06/27,0,2274000,-773000,1501000
2017/06/28,0,1947000,-2686251,-739251
2017/06/29,0,4337000,-348000,3989000
2017/06/30,0,4039000,-3469857,569143
2017/07/03,0,3122000,-2132687,989313
2017/07/04,0,2621000,-2851560,-230560
2017/07/05,0,3735000,-2460000,1275000
2017/07/06,0,2359000,-3865360,-1506360
2017/07/07,0,1477930,-2609170,-1131240
2017/07/10,0,14590516,-8251351,6339165
2017/07/11,0,8894658,-9867000,-972342
2017/07/12,0,4487000,-6404069,-1917069
2017/07/13,0,4824517,-3805111,1019406
2017/07/14,0,1370000,-1250441,119559
2017/07/17,0,1034000,-1580120,-546120
2017/07/18,0,2690988,-1993000,697988
2017/07/19,0,3986000,-3249136,736864
2017/07/20,0,1757954,-1459640,298314
2017/07/21,0,1780184,-2563222,-783038
2017/07/24,0,3706521,-3754401,-47880
2017/07/25,0,3524000,-1015883,2508117
2017/07/26,0,1649000,-1463877,185123
2017/07/27,0,3685000,-1663867,2021133
2017/07/28,0,1200000,-3535085,-2335085
2017/07/31,0,4237000,-4911965,-674965
2017/08/01,0,6037000,-2957832,3079168
2017/08/02,0,1833008,-2526360,-693352
2017/08/03,0,2116000,-2808684,-692684
2017/08/04,0,3949573,-5573774,-1624201
2017/08/07,0,1717020,-2995708,-1278688
2017/08/08,0,2621000,-1543448,1077552
2017/08/09,0,2482800,-1123439,1359361
2017/08/10,0,11362496,-4581321,6781175
2017/08/11,0,3303000,-3838239,-535239
2017/08/14,0,4990000,-3341917,1648083
2017/08/15,0,6542000,-1709000,4833000
2017/08/16,0,11569000,-15820000,-4251000
2017/08/17,0,5067000,-18631000,-13564000
2017/08/18,0,14529000,-20755000,-6226000
