Date,Open,Buy,Sell,Total
2007/01/02,0,6965000,-780000,6185000
2007/01/03,0,7049000,-41000,7008000
2007/01/04,0,18639000,-52000,18587000
2007/01/05,0,5500000,-217000,5283000
2007/01/08,0,13600000,-9710500,3889500
2007/01/09,0,1004000,-1900000,-896000
2007/01/10,0,6590000,-1446000,5144000
2007/01/11,0,8168000,0,8168000
2007/01/12,0,193000,-291000,-98000
2007/01/15,0,0,-170000,-170000
2007/01/16,0,149000,-25000,124000
2007/01/17,0,0,-3956000,-3956000
2007/01/18,0,562000,-1445000,-883000
2007/01/19,0,1834000,-1725000,109000
2007/01/22,0,189000,-7000,182000
2007/01/23,0,1300000,-35000,1265000
2007/01/24,0,841000,0,841000
2007/01/25,0,1538000,-15000,1523000
2007/01/26,0,858000,-123000,735000
2007/01/29,0,78000,-62000,16000
2007/01/30,0,1248000,0,1248000
2007/01/31,0,942000,-1013328,-71328
2007/02/01,0,4920000,-6985000,-2065000
2007/02/02,0,934000,0,934000
2007/02/05,0,500000,-570000,-70000
2007/02/06,0,4001000,-63000,3938000
2007/02/07,0,1336000,-3291000,-1955000
2007/02/08,0,3037000,-2627000,410000
2007/02/09,0,2263000,-535248,1727752
2007/02/12,0,255000,0,255000
2007/02/13,0,630000,-415670,214330
2007/02/14,0,2222000,-1556780,665220
2007/02/15,0,0,0,0
2007/02/16,0,0,0,0
2007/02/19,0,0,0,0
2007/02/20,0,0,0,0
2007/02/21,0,0,0,0
2007/02/22,0,0,0,0
2007/02/23,0,0,0,0
2007/02/26,0,3340000,-486000,2854000
2007/02/27,0,2306000,-322000,1984000
2007/02/28,0,0,0,0
2007/03/01,0,5032000,-12177091,-7145091
2007/03/02,0,751000,-10647670,-9896670
2007/03/05,0,2480000,-627860,1852140
2007/03/06,0,4051000,-1182000,2869000
2007/03/07,0,2130000,-687656,1442344
2007/03/08,0,160000,-669615,-509615
2007/03/09,0,1609000,-251000,1358000
2007/03/12,0,2071000,-325000,1746000
2007/03/13,0,1653000,0,1653000
2007/03/14,0,2748000,-499000,2249000
2007/03/15,0,86000,-24000,62000
2007/03/16,0,33000,-85000,-52000
2007/03/19,0,0,-219000,-219000
2007/03/20,0,101000,-17000,84000
2007/03/21,0,402000,-127000,275000
2007/03/22,0,393000,-470000,-77000
2007/03/23,0,236000,-150000,86000
2007/03/26,0,123000,0,123000
2007/03/27,0,402000,-303000,99000
2007/03/28,0,203000,-1964800,-1761800
2007/03/29,0,1971000,-144000,1827000
2007/03/30,0,1282000,-83000,1199000
2007/04/02,0,2022000,-502000,1520000
2007/04/03,0,1322000,-1845000,-523000
2007/04/04,0,612000,-203000,409000
2007/04/05,0,0,0,0
2007/04/06,0,0,0,0
2007/04/09,0,685000,0,685000
2007/04/10,0,392000,-1000,391000
2007/04/11,0,372000,-1247000,-875000
2007/04/12,0,893000,0,893000
2007/04/13,0,4000,-791000,-787000
2007/04/16,0,345000,-85000,260000
2007/04/17,0,21263656,-109000,21154656
2007/04/18,0,8900000,-671000,8229000
2007/04/19,0,10248000,-1676000,8572000
2007/04/20,0,2000000,-2071000,-71000
2007/04/23,0,199000,0,199000
2007/04/24,0,168000,-274000,-106000
2007/04/25,0,5000,-2000,3000
2007/04/26,0,483000,-1817000,-1334000
2007/04/27,0,1931000,-1300000,631000
2007/04/30,0,1444000,-1530491,-86491
2007/05/01,0,0,0,0
2007/05/02,0,417000,-35000,382000
2007/05/03,0,35000,-227000,-192000
2007/05/04,0,1755000,0,1755000
2007/05/07,0,0,-1815000,-1815000
2007/05/08,0,415000,-220000,195000
2007/05/09,0,71000,0,71000
2007/05/10,0,432000,-1120000,-688000
2007/05/11,0,171000,-1032000,-861000
2007/05/14,0,485000,-17000,468000
2007/05/15,0,136000,-310000,-174000
2007/05/16,0,700000,-1269000,-569000
2007/05/17,0,775000,-600000,175000
2007/05/18,0,150000,-1811000,-1661000
2007/05/21,0,45000,0,45000
2007/05/22,0,106000,-1503000,-1397000
2007/05/23,0,6723000,-3710000,3013000
2007/05/24,0,0,-42000,-42000
2007/05/25,0,1515345,-1325345,190000
2007/05/28,0,869000,0,869000
2007/05/29,0,254000,-59000,195000
2007/05/30,0,1000000,-1000,999000
2007/05/31,0,2802000,-1104491,1697509
2007/06/01,0,2791913,-892000,1899913
2007/06/04,0,2750000,-363000,2387000
2007/06/05,0,230000,-183000,47000
2007/06/06,0,1062000,-356000,706000
2007/06/07,0,725000,-52000,673000
2007/06/08,0,117000,-55000,62000
2007/06/11,0,101000,0,101000
2007/06/12,0,563000,-3176000,-2613000
2007/06/13,0,637000,-82000,555000
2007/06/14,0,3000,-42000,-39000
2007/06/15,0,0,0,0
2007/06/18,0,0,0,0
2007/06/19,0,0,0,0
2007/06/20,0,1716000,-64000,1652000
2007/06/21,0,5448000,-146000,5302000
2007/06/22,0,1333000,-522000,811000
2007/06/25,0,1364000,-4525000,-3161000
2007/06/26,0,651000,-109000,542000
2007/06/27,0,638000,0,638000
2007/06/28,0,1373000,-50000,1323000
2007/06/29,0,1244000,-1146490,97510
2007/07/02,0,428000,-206000,222000
2007/07/03,0,440000,0,440000
2007/07/04,0,556000,-86000,470000
2007/07/05,0,87000,-36000,51000
2007/07/06,0,2169000,0,2169000
2007/07/09,0,273000,-62000,211000
2007/07/10,0,615000,-521000,94000
2007/07/11,0,126000,-6439000,-6313000
2007/07/12,0,108000,-1313000,-1205000
2007/07/13,0,684000,-1130000,-446000
2007/07/16,0,154000,-14169000,-14015000
2007/07/17,0,2595000,-123000,2472000
2007/07/18,0,2831330,-5355000,-2523670
2007/07/19,0,8855000,-3144000,5711000
2007/07/20,0,4613000,-51000,4562000
2007/07/23,0,545000,-69000,476000
2007/07/24,0,3226000,-20072000,-16846000
2007/07/25,0,2073000,-106000,1967000
2007/07/26,0,4547000,-15301000,-10754000
2007/07/27,0,1013000,-4600000,-3587000
2007/07/30,0,5172000,-6160000,-988000
2007/07/31,0,625000,-2566000,-1941000
2007/08/01,0,15233000,-15580000,-347000
2007/08/02,0,2867000,-2025000,842000
2007/08/03,0,81000,-946000,-865000
2007/08/06,0,1581000,-165000,1416000
2007/08/07,0,0,-334000,-334000
2007/08/08,0,1519000,-5056000,-3537000
2007/08/09,0,21000,-1247000,-1226000
2007/08/10,0,402000,-1042000,-640000
2007/08/13,0,466000,-172000,294000
2007/08/14,0,288000,-569000,-281000
2007/08/15,0,103000,-959000,-856000
2007/08/16,0,413000,-1732000,-1319000
2007/08/17,0,193000,-6310000,-6117000
2007/08/20,0,23000,-9850000,-9827000
2007/08/21,0,650000,-5688000,-5038000
2007/08/22,0,231000,-4499382,-4268382
2007/08/23,0,123000,-63000,60000
2007/08/24,0,5000,-223000,-218000
2007/08/27,0,0,-5000,-5000
2007/08/28,0,0,0,0
2007/08/29,0,526000,-305000,221000
2007/08/30,0,13000,-136000,-123000
2007/08/31,0,896000,-57000,839000
2007/09/03,0,7000,-66000,-59000
2007/09/04,0,96000,-40000,56000
2007/09/05,0,72648,-643000,-570352
2007/09/06,0,555000,-524000,31000
2007/09/07,0,142000,-618000,-476000
2007/09/10,0,102000,-440000,-338000
2007/09/11,0,9000,-171034,-162034
2007/09/12,0,864000,-101000,763000
2007/09/13,0,261000,-323000,-62000
2007/09/14,0,146000,-10000,136000
2007/09/17,0,101000,-228000,-127000
2007/09/18,0,0,0,0
2007/09/19,0,2168000,-216000,1952000
2007/09/20,0,1043000,-11000,1032000
2007/09/21,0,462000,-43000,419000
2007/09/24,0,0,0,0
2007/09/25,0,0,0,0
2007/09/26,0,1117000,-254000,863000
2007/09/27,0,1276000,-150000,1126000
2007/09/28,0,2217000,-517000,1700000
2007/10/01,0,167000,-358000,-191000
2007/10/02,0,856000,-7658233,-6802233
2007/10/03,0,1649000,-3243000,-1594000
2007/10/04,0,1917000,-99000,1818000
2007/10/05,0,884000,-412000,472000
2007/10/08,0,761000,-117000,644000
2007/10/09,0,112000,-206000,-94000
2007/10/10,0,0,0,0
2007/10/11,0,286000,-7489000,-7203000
2007/10/12,0,4255000,-7381000,-3126000
2007/10/15,0,1318000,-428000,890000
2007/10/16,0,18957000,-664000,18293000
2007/10/17,0,12011000,-230000,11781000
2007/10/18,0,402000,-2193000,-1791000
2007/10/19,0,302000,-53000,249000
2007/10/22,0,3601000,-2213000,1388000
2007/10/23,0,2434000,-314000,2120000
2007/10/24,0,1402000,-946000,456000
2007/10/25,0,1568000,0,1568000
2007/10/26,0,881000,-12000,869000
2007/10/29,0,5328000,-205000,5123000
2007/10/30,0,2944000,-749000,2195000
2007/10/31,0,8575000,-720000,7855000
2007/11/01,0,1655000,-282000,1373000
2007/11/02,0,6355000,-127000,6228000
2007/11/05,0,4026000,-2248000,1778000
2007/11/06,0,2613000,-1276000,1337000
2007/11/07,0,512000,-1413000,-901000
2007/11/08,0,12226000,-1463000,10763000
2007/11/09,0,2690000,-142000,2548000
2007/11/12,0,6553000,-2543000,4010000
2007/11/13,0,2447000,-480000,1967000
2007/11/14,0,14129000,-3005000,11124000
2007/11/15,0,500000,-448000,52000
2007/11/16,0,200000,-322000,-122000
2007/11/19,0,395000,-178000,217000
2007/11/20,0,6119000,-1316000,4803000
2007/11/21,0,1500000,-1099000,401000
2007/11/22,0,1705000,-349000,1356000
2007/11/23,0,5335000,-105000,5230000
2007/11/26,0,1205000,-68000,1137000
2007/11/27,0,5505000,-208000,5297000
2007/11/28,0,538000,-103000,435000
2007/11/29,0,2205000,0,2205000
2007/11/30,0,2763000,-4000,2759000
2007/12/03,0,6304000,-53000,6251000
2007/12/04,0,8100000,-186000,7914000
2007/12/05,0,3415000,-434000,2981000
2007/12/06,0,1088000,0,1088000
2007/12/07,0,2474000,-97748,2376252
2007/12/10,0,1328000,0,1328000
2007/12/11,0,754000,-11000,743000
2007/12/12,0,3483000,-61000,3422000
2007/12/13,0,6627000,-313000,6314000
2007/12/14,0,6298000,-847000,5451000
2007/12/17,0,4475000,-1868000,2607000
2007/12/18,0,7856000,-1080000,6776000
2007/12/19,0,2474000,-2315718,158282
2007/12/20,0,1852000,-265000,1587000
2007/12/21,0,2371000,-45000,2326000
2007/12/24,0,1208000,-179000,1029000
2007/12/25,0,0,-85000,-85000
2007/12/26,0,1676000,-183000,1493000
2007/12/27,0,7038000,-321000,6717000
2007/12/28,0,5203000,-437000,4766000
2007/12/31,0,1072000,-126000,946000
2008/01/01,0,0,0,0
2008/01/02,0,3204000,-878000,2326000
2008/01/03,0,1236000,-394000,842000
2008/01/04,0,3153000,-835000,2318000
2008/01/07,0,3456000,-557000,2899000
2008/01/08,0,1573000,-509000,1064000
2008/01/09,0,2222000,-303000,1919000
2008/01/10,0,1006000,-603000,403000
2008/01/11,0,4606000,-949000,3657000
2008/01/14,0,8108000,-874000,7234000
2008/01/15,0,2015000,-6192605,-4177605
2008/01/16,0,7684000,-5237000,2447000
2008/01/17,0,13536000,-561000,12975000
2008/01/18,0,7634000,-1990237,5643763
2008/01/21,0,11099000,-1830000,9269000
2008/01/22,0,5871000,-1079000,4792000
2008/01/23,0,4737000,-924000,3813000
2008/01/24,0,1100000,-500000,600000
2008/01/25,0,213000,-543000,-330000
2008/01/28,0,20000,-445000,-425000
2008/01/29,0,51000,-80000,-29000
2008/01/30,0,2267000,-2156000,111000
2008/01/31,0,754000,-934000,-180000
2008/02/01,0,2280000,-1509000,771000
2008/02/04,0,0,0,0
2008/02/05,0,0,0,0
2008/02/06,0,0,0,0
2008/02/07,0,0,0,0
2008/02/08,0,0,0,0
2008/02/11,0,0,0,0
2008/02/12,0,367000,-1047000,-680000
2008/02/13,0,167000,-389000,-222000
2008/02/14,0,3951000,-155000,3796000
2008/02/15,0,2395000,-210000,2185000
2008/02/18,0,1738000,-161000,1577000
2008/02/19,0,2630000,-262000,2368000
2008/02/20,0,515000,-734000,-219000
2008/02/21,0,749000,-707000,42000
2008/02/22,0,1094000,-1002000,92000
2008/02/25,0,4390000,-7324000,-2934000
2008/02/26,0,1943000,-5002000,-3059000
2008/02/27,0,603000,-3681000,-3078000
2008/02/28,0,0,0,0
2008/02/29,0,677000,-7022000,-6345000
2008/03/03,0,1060000,-1196000,-136000
2008/03/04,0,1132000,-6772000,-5640000
2008/03/05,0,1620000,-5771000,-4151000
2008/03/06,0,3497000,-19384000,-15887000
2008/03/07,0,848000,-3372000,-2524000
2008/03/10,0,530000,-2425000,-1895000
2008/03/11,0,2140000,-200000,1940000
2008/03/12,0,3058000,-5689000,-2631000
2008/03/13,0,371000,-550500,-179500
2008/03/14,0,3588000,-9756000,-6168000
2008/03/17,0,197000,-2539000,-2342000
2008/03/18,0,223000,-1141000,-918000
2008/03/19,0,1347000,-312000,1035000
2008/03/20,0,4431000,-4803000,-372000
2008/03/21,0,6917000,-14051000,-7134000
2008/03/24,0,9848000,-26394000,-16546000
2008/03/25,0,13783000,-64000,13719000
2008/03/26,0,21497000,-18049000,3448000
2008/03/27,0,1198000,-7386705,-6188705
2008/03/28,0,1186000,-3692000,-2506000
2008/03/31,0,713000,-7355000,-6642000
2008/04/01,0,1065000,-14573000,-13508000
2008/04/02,0,614000,-14844000,-14230000
2008/04/03,0,468000,-9101000,-8633000
2008/04/04,0,0,0,0
2008/04/07,0,568000,-2343000,-1775000
2008/04/08,0,196000,-2632000,-2436000
2008/04/09,0,201000,-6790000,-6589000
2008/04/10,0,669000,-2638707,-1969707
2008/04/11,0,6295000,-27555000,-21260000
2008/04/14,0,2352000,-10149000,-7797000
2008/04/15,0,5000,-6239000,-6234000
2008/04/16,0,2545000,-28266000,-25721000
2008/04/17,0,4630000,-12364000,-7734000
2008/04/18,0,1820000,-2989000,-1169000
2008/04/21,0,1195000,-4746000,-3551000
2008/04/22,0,468000,-424000,44000
2008/04/23,0,958000,-10091000,-9133000
2008/04/24,0,449000,-5072000,-4623000
2008/04/25,0,0,-2343000,-2343000
2008/04/28,0,2238000,-8010000,-5772000
2008/04/29,0,1513000,-6072000,-4559000
2008/04/30,0,452000,-4950000,-4498000
2008/05/01,0,0,0,0
2008/05/02,0,553000,-267000,286000
2008/05/05,0,49000,-1145000,-1096000
2008/05/06,0,2129000,-4954000,-2825000
2008/05/07,0,14219000,-7849000,6370000
2008/05/08,0,11276000,-12891000,-1615000
2008/05/09,0,398000,-8261000,-7863000
2008/05/12,0,356000,-3943000,-3587000
2008/05/13,0,494000,-315000,179000
2008/05/14,0,6010000,-1259000,4751000
2008/05/15,0,3659000,-2130000,1529000
2008/05/16,0,1424000,-682000,742000
2008/05/19,0,1143000,-38000,1105000
2008/05/20,0,8359000,-6015000,2344000
2008/05/21,0,6942600,-3304000,3638600
2008/05/22,0,7206000,-11633000,-4427000
2008/05/23,0,7025000,-2061000,4964000
2008/05/26,0,9438000,-1217000,8221000
2008/05/27,0,9129000,-3444000,5685000
2008/05/28,0,10797000,-1598000,9199000
2008/05/29,0,18812000,-10800000,8012000
2008/05/30,0,75475689,-40860600,34615089
2008/06/02,0,4217000,-1996000,2221000
2008/06/03,0,5856000,-1407000,4449000
2008/06/04,0,2133000,-1647000,486000
2008/06/05,0,7985000,-4098000,3887000
2008/06/06,0,2507000,-2144000,363000
2008/06/09,0,1948000,-1309000,639000
2008/06/10,0,5180000,-7800174,-2620174
2008/06/11,0,1834000,-139000,1695000
2008/06/12,0,1140000,-8085000,-6945000
2008/06/13,0,3608000,-4853000,-1245000
2008/06/16,0,4320000,-1335000,2985000
2008/06/17,0,3056002,-846000,2210002
2008/06/18,0,1917000,-3383000,-1466000
2008/06/19,0,2280000,-6968000,-4688000
2008/06/20,0,451100,-4927000,-4475900
2008/06/23,0,8756000,-66000,8690000
2008/06/24,0,5221000,-1128000,4093000
2008/06/25,0,3737000,-179000,3558000
2008/06/26,0,385000,-1069000,-684000
2008/06/27,0,4708000,-7349000,-2641000
2008/06/30,0,4842000,-441000,4401000
2008/07/01,0,2391000,-190000,2201000
2008/07/02,0,4350000,-7249000,-2899000
2008/07/03,0,7253000,-4588000,2665000
2008/07/04,0,776000,-2477000,-1701000
2008/07/07,0,4081000,-344000,3737000
2008/07/08,0,585000,-4101000,-3516000
2008/07/09,0,3410000,-425000,2985000
2008/07/10,0,3625000,-135000,3490000
2008/07/11,0,1155000,-1353000,-198000
2008/07/14,0,1773000,-1240000,533000
2008/07/15,0,7464000,-1811000,5653000
2008/07/16,0,8711000,-3507000,5204000
2008/07/17,0,3192000,-16780000,-13588000
2008/07/18,0,708000,-2771000,-2063000
2008/07/21,0,4695000,-346000,4349000
2008/07/22,0,1257000,-7437000,-6180000
2008/07/23,0,2796000,-3434187,-638187
2008/07/24,0,2092000,-2099000,-7000
2008/07/25,0,2772000,-869000,1903000
2008/07/28,0,0,0,0
2008/07/29,0,100000,-2101000,-2001000
2008/07/30,0,1086000,-884000,202000
2008/07/31,0,12299000,-2898000,9401000
2008/08/01,0,3188000,-1575000,1613000
2008/08/04,0,2324000,-649000,1675000
2008/08/05,0,2968000,-2928000,40000
2008/08/06,0,3462000,-54000,3408000
2008/08/07,0,428000,-1566000,-1138000
2008/08/08,0,2765000,-1856000,909000
2008/08/11,0,791000,-1428000,-637000
2008/08/12,0,967000,-993000,-26000
2008/08/13,0,1534000,-1955000,-421000
2008/08/14,0,2753000,-2320000,433000
2008/08/15,0,916000,-4461000,-3545000
2008/08/18,0,4450000,-6608000,-2158000
2008/08/19,0,1100000,-8682000,-7582000
2008/08/20,0,2866000,-3957000,-1091000
2008/08/21,0,6367000,-4155000,2212000
2008/08/22,0,695000,-1803000,-1108000
2008/08/25,0,2357000,-420000,1937000
2008/08/26,0,846000,-643000,203000
2008/08/27,0,2488000,-452000,2036000
2008/08/28,0,3355000,-2186000,1169000
2008/08/29,0,1462000,-601000,861000
2008/09/01,0,885000,-1990000,-1105000
2008/09/02,0,1687000,-759000,928000
2008/09/03,0,1177000,-1807000,-630000
2008/09/04,0,559000,-2704000,-2145000
2008/09/05,0,2294000,-1830000,464000
2008/09/08,0,1056000,-300000,756000
2008/09/09,0,12948000,-1333000,11615000
2008/09/10,0,4554000,-2786000,1768000
2008/09/11,0,1042000,-4147000,-3105000
2008/09/12,0,5650000,-1132000,4518000
2008/09/15,0,415000,-2966000,-2551000
2008/09/16,0,2720000,-498748,2221252
2008/09/17,0,12394000,-17482000,-5088000
2008/09/18,0,4867000,-2316000,2551000
2008/09/19,0,5143000,-8710002,-3567002
2008/09/22,0,3230000,-2282000,948000
2008/09/23,0,3193000,-2830000,363000
2008/09/24,0,18045995,-11946995,6099000
2008/09/25,0,2735000,-1130000,1605000
2008/09/26,0,8397000,-2317000,6080000
2008/09/29,0,0,0,0
2008/09/30,0,3663000,-1471000,2192000
2008/10/01,0,10324000,-2222000,8102000
2008/10/02,0,4329000,-2758000,1571000
2008/10/03,0,2866000,-1540000,1326000
2008/10/06,0,5278000,-5455000,-177000
2008/10/07,0,8132000,-2908000,5224000
2008/10/08,0,2537000,-4239000,-1702000
2008/10/09,0,7747000,-7419000,328000
2008/10/10,0,0,0,0
2008/10/13,0,4336000,-1273000,3063000
2008/10/14,0,3639000,-2121000,1518000
2008/10/15,0,1027000,-882000,145000
2008/10/16,0,262000,-70000,192000
2008/10/17,0,3935000,-1591000,2344000
2008/10/20,0,1972000,-2691000,-719000
2008/10/21,0,972000,-6465000,-5493000
2008/10/22,0,3721000,-1608000,2113000
2008/10/23,0,2880000,-75000,2805000
2008/10/24,0,809000,-421000,388000
2008/10/27,0,3657000,-1786000,1871000
2008/10/28,0,2854000,-5770582,-2916582
2008/10/29,0,5240200,-5049000,191200
2008/10/30,0,1107000,-1431995,-324995
2008/10/31,0,2420000,-6221000,-3801000
2008/11/03,0,2392000,-2907000,-515000
2008/11/04,0,1332000,-818000,514000
2008/11/05,0,6679000,-1724000,4955000
2008/11/06,0,700000,-2427000,-1727000
2008/11/07,0,4311000,-2021000,2290000
2008/11/10,0,3510000,-798000,2712000
2008/11/11,0,2818000,-1602449,1215551
2008/11/12,0,2414000,-2353000,61000
2008/11/13,0,5569000,-1957000,3612000
2008/11/14,0,1338000,-1438690,-100690
2008/11/17,0,2526000,-147000,2379000
2008/11/18,0,2018000,-1854000,164000
2008/11/19,0,2960000,-1402000,1558000
2008/11/20,0,4294000,-2116000,2178000
2008/11/21,0,6072000,-6436000,-364000
2008/11/24,0,4388000,-3449000,939000
2008/11/25,0,7813000,-743238,7069762
2008/11/26,0,10153000,-1241842,8911158
2008/11/27,0,9263000,-123000,9140000
2008/11/28,0,10633000,-2294000,8339000
2008/12/01,0,5635000,-2123000,3512000
2008/12/02,0,7412000,-6063000,1349000
2008/12/03,0,7646000,-1503000,6143000
2008/12/04,0,7415000,-9495000,-2080000
2008/12/05,0,1985000,-772000,1213000
2008/12/08,0,4563000,-224000,4339000
2008/12/09,0,19679000,-6031596,13647404
2008/12/10,0,4219000,-1646000,2573000
2008/12/11,0,8629000,-577000,8052000
2008/12/12,0,9714000,-2809000,6905000
2008/12/15,0,4111000,-5918000,-1807000
2008/12/16,0,4034000,-2488000,1546000
2008/12/17,0,8110000,-8013000,97000
2008/12/18,0,3257000,-362000,2895000
2008/12/19,0,3301000,-3491000,-190000
2008/12/22,0,979000,-3379000,-2400000
2008/12/23,0,3676000,-1846000,1830000
2008/12/24,0,3930280,-1897000,2033280
2008/12/25,0,403000,-814000,-411000
2008/12/26,0,388000,-295000,93000
2008/12/29,0,3404000,-464000,2940000
2008/12/30,0,3185000,-2516000,669000
2008/12/31,0,444000,-3843000,-3399000
2009/01/01,0,0,0,0
2009/01/02,0,0,0,0
2009/01/05,0,4251000,-1646000,2605000
2009/01/06,0,8024246,-747000,7277246
2009/01/07,0,9239740,-622000,8617740
2009/01/08,0,30284000,-4782000,25502000
2009/01/09,0,5452000,-3230000,2222000
2009/01/12,0,1749514,-3018000,-1268486
2009/01/13,0,1865000,-1426000,439000
2009/01/14,0,744000,-1067000,-323000
2009/01/15,0,1946000,-5858000,-3912000
2009/01/16,0,2294000,-3567000,-1273000
2009/01/19,0,605000,-680980,-75980
2009/01/20,0,2149000,-3788000,-1639000
2009/01/21,0,5045000,-1607000,3438000
2009/01/22,0,0,0,0
2009/01/23,0,0,0,0
2009/01/26,0,0,0,0
2009/01/27,0,0,0,0
2009/01/28,0,0,0,0
2009/01/29,0,0,0,0
2009/01/30,0,0,0,0
2009/02/02,0,1188000,-1627482,-439482
2009/02/03,0,3302000,-415620,2886380
2009/02/04,0,3126000,-2692000,434000
2009/02/05,0,1549000,-966000,583000
2009/02/06,0,1607000,-442000,1165000
2009/02/09,0,3345000,-160000,3185000
2009/02/10,0,1121000,-472000,649000
2009/02/11,0,1132000,-899000,233000
2009/02/12,0,1076000,-2613000,-1537000
2009/02/13,0,2690000,-2000,2688000
2009/02/16,0,3605000,-3291000,314000
2009/02/17,0,791000,-1755540,-964540
2009/02/18,0,9448000,-2399000,7049000
2009/02/19,0,3864000,-1803000,2061000
2009/02/20,0,1377000,-3464000,-2087000
2009/02/23,0,7470000,-176000,7294000
2009/02/24,0,1076000,-1878980,-802980
2009/02/25,0,7492000,-449250,7042750
2009/02/26,0,2630000,-1109350,1520650
2009/02/27,0,2646000,-992132,1653868
2009/03/02,0,3150000,-5369640,-2219640
2009/03/03,0,1929000,-1367000,562000
2009/03/04,0,1071000,-1835000,-764000
2009/03/05,0,1356000,-50000,1306000
2009/03/06,0,2347000,-646000,1701000
2009/03/09,0,2303000,-698000,1605000
2009/03/10,0,3300000,-761000,2539000
2009/03/11,0,4075906,-6750000,-2674094
2009/03/12,0,1330000,-2462000,-1132000
2009/03/13,0,5218000,-10873000,-5655000
2009/03/16,0,2562000,-10001000,-7439000
2009/03/17,0,5269000,-4368000,901000
2009/03/18,0,5630000,-3538000,2092000
2009/03/19,0,4857000,-8681000,-3824000
2009/03/20,0,2083000,-2949000,-866000
2009/03/23,0,4610000,-351000,4259000
2009/03/24,0,3502000,-5592000,-2090000
2009/03/25,0,3818000,-1791470,2026530
2009/03/26,0,2518000,-16475000,-13957000
2009/03/27,0,1018000,-8361000,-7343000
2009/03/30,0,3702000,-1833000,1869000
2009/03/31,0,3186000,-5144014,-1958014
2009/04/01,0,1474000,-4048000,-2574000
2009/04/02,0,5481000,-15712000,-10231000
2009/04/03,0,1110000,-19184200,-18074200
2009/04/06,0,685000,-1192000,-507000
2009/04/07,0,2114000,-7138000,-5024000
2009/04/08,0,3587000,-6044000,-2457000
2009/04/09,0,6202000,-6405000,-203000
2009/04/10,0,2643000,-5236000,-2593000
2009/04/13,0,2034000,-3965000,-1931000
2009/04/14,0,5122000,-1532000,3590000
2009/04/15,0,1932000,-4052000,-2120000
2009/04/16,0,3870000,-12213000,-8343000
2009/04/17,0,3983737,-6536000,-2552263
2009/04/20,0,1877000,-2662000,-785000
2009/04/21,0,5992000,-2197000,3795000
2009/04/22,0,1360000,-5420000,-4060000
2009/04/23,0,2826000,-9820000,-6994000
2009/04/24,0,4575000,-1923000,2652000
2009/04/27,0,4102573,-942000,3160573
2009/04/28,0,5182000,-1585000,3597000
2009/04/29,0,3799000,-609000,3190000
2009/04/30,0,8113000,-4163500,3949500
2009/05/01,0,0,0,0
2009/05/04,0,8294000,-15065000,-6771000
2009/05/05,0,12700543,-13920000,-1219457
2009/05/06,0,4812000,-1370000,3442000
2009/05/07,0,6978000,-4689000,2289000
2009/05/08,0,5700000,-577000,5123000
2009/05/11,0,4000000,-3546000,454000
2009/05/12,0,5088000,-3138000,1950000
2009/05/13,0,5410000,-1366000,4044000
2009/05/14,0,962000,-3639000,-2677000
2009/05/15,0,2953000,-2421000,532000
2009/05/18,0,670000,-2404000,-1734000
2009/05/19,0,5813000,-4122000,1691000
2009/05/20,0,5939000,-11510000,-5571000
2009/05/21,0,575000,-8505000,-7930000
2009/05/22,0,1470000,-3115000,-1645000
2009/05/25,0,488000,-6708000,-6220000
2009/05/26,0,1780000,-2396000,-616000
2009/05/27,0,2993000,-6661784,-3668784
2009/05/28,0,0,0,0
2009/05/29,0,0,0,0
2009/06/01,0,3882000,-3468000,414000
2009/06/02,0,1998000,-3498000,-1500000
2009/06/03,0,2477587,-2355000,122587
2009/06/04,0,1800000,-2024000,-224000
2009/06/05,0,462504,-489000,-26496
2009/06/08,0,467000,-2040000,-1573000
2009/06/09,0,2722000,-450000,2272000
2009/06/10,0,1439000,-3675484,-2236484
2009/06/11,0,1606000,-5244000,-3638000
2009/06/12,0,482000,-6020500,-5538500
2009/06/15,0,1104000,-3057000,-1953000
2009/06/16,0,396000,-6748170,-6352170
2009/06/17,0,872000,-15523000,-14651000
2009/06/18,0,953000,-8598000,-7645000
2009/06/19,0,3761000,-8702000,-4941000
2009/06/22,0,7379000,-6758000,621000
2009/06/23,0,970600,-4830000,-3859400
2009/06/24,0,6495000,-6278000,217000
2009/06/25,0,926000,-5932000,-5006000
2009/06/26,0,545000,-3842000,-3297000
2009/06/29,0,2928000,-4576000,-1648000
2009/06/30,0,2795000,-4628703,-1833703
2009/07/01,0,5473000,-1802000,3671000
2009/07/02,0,686000,-4069000,-3383000
2009/07/03,0,2160000,-858341,1301659
2009/07/06,0,133000,-1974000,-1841000
2009/07/07,0,1169000,-3250220,-2081220
2009/07/08,0,411000,-1525000,-1114000
2009/07/09,0,1062000,-5299000,-4237000
2009/07/10,0,351000,-3995000,-3644000
2009/07/13,0,431000,-9895000,-9464000
2009/07/14,0,102000,-2060190,-1958190
2009/07/15,0,1199000,-3104000,-1905000
2009/07/16,0,801000,-8422000,-7621000
2009/07/17,0,987108,-634610,352498
2009/07/20,0,1573000,-591000,982000
2009/07/21,0,735000,-596460,138540
2009/07/22,0,1294000,-370000,924000
2009/07/23,0,1217000,-956170,260830
2009/07/24,0,659000,-5918960,-5259960
2009/07/27,0,1480000,-266000,1214000
2009/07/28,0,1202000,-50000,1152000
2009/07/29,0,1043000,-693841,349159
2009/07/30,0,4872000,-2820000,2052000
2009/07/31,0,2762000,-714000,2048000
2009/08/03,0,1727000,-860000,867000
2009/08/04,0,5824000,-1955000,3869000
2009/08/05,0,2395000,-4288000,-1893000
2009/08/06,0,744000,-1198000,-454000
2009/08/07,0,0,0,0
2009/08/10,0,2562641,-2832000,-269359
2009/08/11,0,4057000,-476000,3581000
2009/08/12,0,1624000,-867000,757000
2009/08/13,0,3323000,-425000,2898000
2009/08/14,0,1142000,-304000,838000
2009/08/17,0,873000,-1381000,-508000
2009/08/18,0,1711000,-2755000,-1044000
2009/08/19,0,619000,-6052000,-5433000
2009/08/20,0,937000,-2769000,-1832000
2009/08/21,0,643000,-2548610,-1905610
2009/08/24,0,1623000,-272641,1350359
2009/08/25,0,26000,-670000,-644000
2009/08/26,0,826000,-2410000,-1584000
2009/08/27,0,1863000,-765000,1098000
2009/08/28,0,2405000,-35000,2370000
2009/08/31,0,2512000,-2380001,131999
2009/09/01,0,2811000,-2130267,680733
2009/09/02,0,1301000,-379000,922000
2009/09/03,0,872000,-975000,-103000
2009/09/04,0,360000,-2008000,-1648000
2009/09/07,0,638000,-188000,450000
2009/09/08,0,9667000,-24000,9643000
2009/09/09,0,1774000,-399000,1375000
2009/09/10,0,7569000,-185550,7383450
2009/09/11,0,1696000,-987000,709000
2009/09/14,0,849000,-714000,135000
2009/09/15,0,4617000,-63000,4554000
2009/09/16,0,3123000,-728000,2395000
2009/09/17,0,4080000,-632120,3447880
2009/09/18,0,5281000,-1809000,3472000
2009/09/21,0,1047000,-704000,343000
2009/09/22,0,704000,-303000,401000
2009/09/23,0,1432000,-1433000,-1000
2009/09/24,0,698000,-248000,450000
2009/09/25,0,1149000,-354170,794830
2009/09/28,0,1652000,-221000,1431000
2009/09/29,0,3974000,-144000,3830000
2009/09/30,0,2023000,-35000,1988000
2009/10/01,0,1442000,-6027000,-4585000
2009/10/02,0,841000,-9898000,-9057000
2009/10/05,0,1647000,-2228000,-581000
2009/10/06,0,1427000,-335000,1092000
2009/10/07,0,1326039,-12273470,-10947431
2009/10/08,0,2276000,-5887000,-3611000
2009/10/09,0,903000,-4504000,-3601000
2009/10/12,0,361000,-1967000,-1606000
2009/10/13,0,1128470,-3550290,-2421820
2009/10/14,0,1061000,-67000,994000
2009/10/15,0,2977000,-3842000,-865000
2009/10/16,0,1542000,-262000,1280000
2009/10/19,0,531000,-4921721,-4390721
2009/10/20,0,544000,-2117000,-1573000
2009/10/21,0,1045000,-2718000,-1673000
2009/10/22,0,406000,-2816000,-2410000
2009/10/23,0,693000,-1758000,-1065000
2009/10/26,0,1727000,-40000,1687000
2009/10/27,0,445000,-1119000,-674000
2009/10/28,0,48000,-2484000,-2436000
2009/10/29,0,1298000,-2540000,-1242000
2009/10/30,0,1824000,-3004000,-1180000
2009/11/02,0,935000,-4094000,-3159000
2009/11/03,0,800000,-5274000,-4474000
2009/11/04,0,608000,-327508,280492
2009/11/05,0,119000,-1789000,-1670000
2009/11/06,0,1425000,0,1425000
2009/11/09,0,2064000,-1215000,849000
2009/11/10,0,1038000,-248173,789827
2009/11/11,0,2567000,0,2567000
2009/11/12,0,1584000,-140000,1444000
2009/11/13,0,4430000,-53000,4377000
2009/11/16,0,1980000,-130000,1850000
2009/11/17,0,1851000,-150000,1701000
2009/11/18,0,574000,-2909000,-2335000
2009/11/19,0,1008000,-1940000,-932000
2009/11/20,0,499000,-2485000,-1986000
2009/11/23,0,479000,-2150000,-1671000
2009/11/24,0,1001000,-2041000,-1040000
2009/11/25,0,2508000,-2233000,275000
2009/11/26,0,386000,-230000,156000
2009/11/27,0,151000,-5558000,-5407000
2009/11/30,0,1080952,-1864551,-783599
2009/12/01,0,1962000,-532000,1430000
2009/12/02,0,404000,-2035000,-1631000
2009/12/03,0,884000,-715397,168603
2009/12/04,0,519000,-153000,366000
2009/12/07,0,1148000,-2661000,-1513000
2009/12/08,0,418000,-5551000,-5133000
2009/12/09,0,333000,-3987970,-3654970
2009/12/10,0,335000,-2543040,-2208040
2009/12/11,0,1450927,-2446000,-995073
2009/12/14,0,1234000,-1789000,-555000
2009/12/15,0,637000,-172000,465000
2009/12/16,0,137000,-1846000,-1709000
2009/12/17,0,235150,-963000,-727850
2009/12/18,0,177000,-2409000,-2232000
2009/12/21,0,654000,-1516000,-862000
2009/12/22,0,562000,-123000,439000
2009/12/23,0,1596000,-3645,1592355
2009/12/24,0,3136000,-5000,3131000
2009/12/25,0,952000,-88000,864000
2009/12/28,0,2280000,-185000,2095000
2009/12/29,0,1520000,-265000,1255000
2009/12/30,0,2369000,-1182000,1187000
2009/12/31,0,1286000,-120000,1166000
2010/01/01,0,0,0,0
2010/01/04,0,369000,-845000,-476000
2010/01/05,0,1294000,-417000,877000
2010/01/06,0,1599000,-1892300,-293300
2010/01/07,0,4071000,-2078016,1992984
2010/01/08,0,1743170,-645000,1098170
2010/01/11,0,2905000,-749000,2156000
2010/01/12,0,1547000,-566000,981000
2010/01/13,0,252000,-2176000,-1924000
2010/01/14,0,823000,-520490,302510
2010/01/15,0,243000,-1127000,-884000
2010/01/18,0,383000,-2330000,-1947000
2010/01/19,0,58000,-4872060,-4814060
2010/01/20,0,143000,-3926000,-3783000
2010/01/21,0,2991000,-280000,2711000
2010/01/22,0,249000,-3244000,-2995000
2010/01/25,0,214560,-2963000,-2748440
2010/01/26,0,81000,-6978000,-6897000
2010/01/27,0,81000,-1543450,-1462450
2010/01/28,0,1919000,-2148000,-229000
2010/01/29,0,873000,-4193340,-3320340
2010/02/01,0,598000,-2713180,-2115180
2010/02/02,0,25000,-3007280,-2982280
2010/02/03,0,554570,-885000,-330430
2010/02/04,0,412000,-1548000,-1136000
2010/02/05,0,321000,-3301880,-2980880
2010/02/08,0,366930,-2457000,-2090070
2010/02/09,0,307000,-2136510,-1829510
2010/02/10,0,605000,-1560000,-955000
2010/02/11,0,0,0,0
2010/02/12,0,0,0,0
2010/02/15,0,0,0,0
2010/02/16,0,0,0,0
2010/02/17,0,0,0,0
2010/02/18,0,0,0,0
2010/02/19,0,0,0,0
2010/02/22,0,6001000,-2384584,3616416
2010/02/23,0,1877000,-531000,1346000
2010/02/24,0,2645000,-1646000,999000
2010/02/25,0,1915000,-2321000,-406000
2010/02/26,0,2306848,-455000,1851848
2010/03/01,0,2350000,-229000,2121000
2010/03/02,0,371000,-662000,-291000
2010/03/03,0,1786000,-84000,1702000
2010/03/04,0,267000,-1460000,-1193000
2010/03/05,0,3138000,-93000,3045000
2010/03/08,0,2279000,-89000,2190000
2010/03/09,0,1009740,0,1009740
2010/03/10,0,578646,-168000,410646
2010/03/11,0,159000,-360000,-201000
2010/03/12,0,911000,-402000,509000
2010/03/15,0,410000,-1626000,-1216000
2010/03/16,0,366000,-739000,-373000
2010/03/17,0,2508000,-271000,2237000
2010/03/18,0,2315000,-507000,1808000
2010/03/19,0,1344000,-143000,1201000
2010/03/22,0,78000,-1504000,-1426000
2010/03/23,0,294000,-671000,-377000
2010/03/24,0,1463000,-1000,1462000
2010/03/25,0,2006000,-1730000,276000
2010/03/26,0,2631000,-893000,1738000
2010/03/29,0,1931000,-31000,1900000
2010/03/30,0,1143000,-283000,860000
2010/03/31,0,499000,-78180,420820
2010/04/01,0,4345000,-272070,4072930
2010/04/02,0,872000,-762000,110000
2010/04/05,0,0,0,0
2010/04/06,0,1871000,-1125000,746000
2010/04/07,0,1525500,-525000,1000500
2010/04/08,0,2307000,-847000,1460000
2010/04/09,0,1486000,-979510,506490
2010/04/12,0,1427540,-233000,1194540
2010/04/13,0,266000,-1563000,-1297000
2010/04/14,0,1051000,-12460,1038540
2010/04/15,0,1171000,-179000,992000
2010/04/16,0,1019330,-1150000,-130670
2010/04/19,0,987000,-4321000,-3334000
2010/04/20,0,64000,-1593000,-1529000
2010/04/21,0,1213000,-1222000,-9000
2010/04/22,0,124000,-2430210,-2306210
2010/04/23,0,569000,-993000,-424000
2010/04/26,0,3234000,0,3234000
2010/04/27,0,3196589,-4391589,-1195000
2010/04/28,0,223000,-1539340,-1316340
2010/04/29,0,123000,-1357000,-1234000
2010/04/30,0,2729000,-298000,2431000
2010/05/03,0,642000,-806000,-164000
2010/05/04,0,30000,-2135000,-2105000
2010/05/05,0,539000,-4305510,-3766510
2010/05/06,0,880000,-5508000,-4628000
2010/05/07,0,659000,-2101490,-1442490
2010/05/10,0,920300,-1532460,-612160
2010/05/11,0,571000,-3109000,-2538000
2010/05/12,0,1928000,-4294000,-2366000
2010/05/13,0,3384000,-187000,3197000
2010/05/14,0,750000,-274000,476000
2010/05/17,0,630000,-834341,-204341
2010/05/18,0,1039000,-362000,677000
2010/05/19,0,717000,-1254000,-537000
2010/05/20,0,1041000,-2143039,-1102039
2010/05/21,0,2055000,-2416310,-361310
2010/05/24,0,639000,-821000,-182000
2010/05/25,0,1093000,-1347000,-254000
2010/05/26,0,10194000,-4420000,5774000
2010/05/27,0,737168,-1268520,-531352
2010/05/28,0,2027000,-2143000,-116000
2010/05/31,0,2273000,-308000,1965000
2010/06/01,0,495000,-2193000,-1698000
2010/06/02,0,2345000,-724000,1621000
2010/06/03,0,1154000,-938000,216000
2010/06/04,0,36000,-17000,19000
2010/06/07,0,708000,-2467000,-1759000
2010/06/08,0,941000,-452000,489000
2010/06/09,0,747000,-1600000,-853000
2010/06/10,0,2554000,-154000,2400000
2010/06/11,0,1475765,-160000,1315765
2010/06/14,0,2200765,-29000,2171765
2010/06/15,0,3114529,-14630,3099899
2010/06/16,0,0,0,0
2010/06/17,0,3955866,-590000,3365866
2010/06/18,0,941434,-288000,653434
2010/06/21,0,7161272,-91654,7069618
2010/06/22,0,1124689,-88000,1036689
2010/06/23,0,866869,-499698,367171
2010/06/24,0,1206000,-693510,512490
2010/06/25,0,1121777,-1046000,75777
2010/06/28,0,2475000,-382000,2093000
2010/06/29,0,3659000,-2836000,823000
2010/06/30,0,1625000,-1769000,-144000
2010/07/01,0,651000,-3474660,-2823660
2010/07/02,0,1965000,-1416340,548660
2010/07/05,0,166668,-2056000,-1889332
2010/07/06,0,3887000,-2048000,1839000
2010/07/07,0,5266444,-1338000,3928444
2010/07/08,0,2030000,-137000,1893000
2010/07/09,0,969564,-207000,762564
2010/07/12,0,1400000,-876336,523664
2010/07/13,0,793000,-1291000,-498000
2010/07/14,0,2543680,-319519,2224161
2010/07/15,0,1687000,-960000,727000
2010/07/16,0,2593367,-1246000,1347367
2010/07/19,0,1630000,-448000,1182000
2010/07/20,0,3659000,-1763000,1896000
2010/07/21,0,2762000,-2173000,589000
2010/07/22,0,2748000,-953000,1795000
2010/07/23,0,4872000,-822000,4050000
2010/07/26,0,3261500,-436000,2825500
2010/07/27,0,1989752,-536000,1453752
2010/07/28,0,2527000,-70000,2457000
2010/07/29,0,1360000,-537687,822313
2010/07/30,0,1244730,-2564000,-1319270
2010/08/02,0,4929000,-613000,4316000
2010/08/03,0,528000,-5685000,-5157000
2010/08/04,0,678000,-1656000,-978000
2010/08/05,0,2480000,-1996000,484000
2010/08/06,0,2610000,-645000,1965000
2010/08/09,0,1122000,-606000,516000
2010/08/10,0,901000,-1823000,-922000
2010/08/11,0,8104000,-2616142,5487858
2010/08/12,0,962000,-699000,263000
2010/08/13,0,3057303,-1080000,1977303
2010/08/16,0,246000,-1069000,-823000
2010/08/17,0,351000,-904000,-553000
2010/08/18,0,507000,-2706000,-2199000
2010/08/19,0,568000,-1490000,-922000
2010/08/20,0,629000,-616000,13000
2010/08/23,0,1845000,-764000,1081000
2010/08/24,0,5995000,-1447000,4548000
2010/08/25,0,726000,-4229000,-3503000
2010/08/26,0,296000,-1742000,-1446000
2010/08/27,0,1206000,-1514000,-308000
2010/08/30,0,1027029,-629000,398029
2010/08/31,0,784000,-1838814,-1054814
2010/09/01,0,318000,-664000,-346000
2010/09/02,0,3513811,-588000,2925811
2010/09/03,0,1659000,-700000,959000
2010/09/06,0,1919000,-477890,1441110
2010/09/07,0,181019,-972060,-791041
2010/09/08,0,501650,-1801175,-1299525
2010/09/09,0,874000,-364000,510000
2010/09/10,0,1908410,-159000,1749410
2010/09/13,0,4624000,-419983,4204017
2010/09/14,0,1379421,-179000,1200421
2010/09/15,0,1834218,-1009000,825218
2010/09/16,0,1963000,-397000,1566000
2010/09/17,0,4637000,-4161000,476000
2010/09/20,0,1332000,-96000,1236000
2010/09/21,0,931000,-35000,896000
2010/09/22,0,0,0,0
2010/09/23,0,1412000,-304485,1107515
2010/09/24,0,3239630,-380000,2859630
2010/09/27,0,1626310,-169000,1457310
2010/09/28,0,2749110,-115000,2634110
2010/09/29,0,6264000,-1127000,5137000
2010/09/30,0,3202000,-688000,2514000
2010/10/01,0,3157300,-98000,3059300
2010/10/04,0,5588480,-541000,5047480
2010/10/05,0,1265070,-1236420,28650
2010/10/06,0,3361140,-1312000,2049140
2010/10/07,0,1033190,-6291000,-5257810
2010/10/08,0,1448500,-1326000,122500
2010/10/11,0,2841750,-1277000,1564750
2010/10/12,0,3913250,-2666000,1247250
2010/10/13,0,1755260,-524000,1231260
2010/10/14,0,2620810,-1298000,1322810
2010/10/15,0,824330,-75000,749330
2010/10/18,0,285000,-2123000,-1838000
2010/10/19,0,1985000,-2213000,-228000
2010/10/20,0,935000,-1974000,-1039000
2010/10/21,0,519000,-2951000,-2432000
2010/10/22,0,358000,-1155000,-797000
2010/10/25,0,1607000,-213000,1394000
2010/10/26,0,1133000,-295217,837783
2010/10/27,0,396850,-894000,-497150
2010/10/28,0,3347716,-533000,2814716
2010/10/29,0,782000,-106800,675200
2010/11/01,0,2924000,-182000,2742000
2010/11/02,0,2498000,-68000,2430000
2010/11/03,0,1554000,-514551,1039449
2010/11/04,0,4229000,-258000,3971000
2010/11/05,0,1031000,-363132,667868
2010/11/08,0,716000,-205000,511000
2010/11/09,0,773000,-1509327,-736327
2010/11/10,0,2351000,-1130700,1220300
2010/11/11,0,2025000,-648115,1376885
2010/11/12,0,759000,-2300000,-1541000
2010/11/15,0,375000,-2040400,-1665400
2010/11/16,0,470000,-1840000,-1370000
2010/11/17,0,1604000,-2997000,-1393000
2010/11/18,0,99000,-953790,-854790
2010/11/19,0,1937780,-1117000,820780
2010/11/22,0,1258260,-457000,801260
2010/11/23,0,441220,-1220000,-778780
2010/11/24,0,970000,-164000,806000
2010/11/25,0,856000,-801400,54600
2010/11/26,0,320000,-1004000,-684000
2010/11/29,0,553000,-2471418,-1918418
2010/11/30,0,898339,-2414015,-1515676
2010/12/01,0,3906000,-1214000,2692000
2010/12/02,0,2469000,-1450116,1018884
2010/12/03,0,299000,-1269000,-970000
2010/12/06,0,1846440,-453000,1393440
2010/12/07,0,1330890,-556560,774330
2010/12/08,0,829000,-1028000,-199000
2010/12/09,0,2001000,-1206000,795000
2010/12/10,0,732000,-682000,50000
2010/12/13,0,99000,-1955080,-1856080
2010/12/14,0,330000,-651000,-321000
2010/12/15,0,2770000,-1661000,1109000
2010/12/16,0,1353000,-895000,458000
2010/12/17,0,2825000,-829396,1995604
2010/12/20,0,3363640,-2608000,755640
2010/12/21,0,2715000,-1295100,1419900
2010/12/22,0,397000,-570120,-173120
2010/12/23,0,602000,-851000,-249000
2010/12/24,0,1493000,-2104000,-611000
2010/12/27,0,2082000,-455000,1627000
2010/12/28,0,2910000,-219000,2691000
2010/12/29,0,3593120,-4578000,-984880
2010/12/30,0,3683000,-4823200,-1140200
2010/12/31,0,1550000,-2808316,-1258316
2011/01/03,0,2901000,-869000,2032000
2011/01/04,0,1799000,-1118000,681000
2011/01/05,0,8813000,-3544840,5268160
2011/01/06,0,2454000,-1856320,597680
2011/01/07,0,4429000,-1608000,2821000
2011/01/10,0,1417000,-1005000,412000
2011/01/11,0,3428000,-6041640,-2613640
2011/01/12,0,3022000,-3428840,-406840
2011/01/13,0,2425625,-1815000,610625
2011/01/14,0,1686000,-295000,1391000
2011/01/17,0,2916322,-957000,1959322
2011/01/18,0,1187000,-1037840,149160
2011/01/19,0,6647000,-2206440,4440560
2011/01/20,0,907000,-447000,460000
2011/01/21,0,8040120,-1462000,6578120
2011/01/24,0,628000,-867000,-239000
2011/01/25,0,599000,-397000,202000
2011/01/26,0,609000,-850234,-241234
2011/01/27,0,541000,-310720,230280
2011/01/28,0,2949060,-1227000,1722060
2011/01/31,0,0,0,0
2011/02/01,0,0,0,0
2011/02/02,0,0,0,0
2011/02/03,0,0,0,0
2011/02/04,0,0,0,0
2011/02/07,0,0,0,0
2011/02/08,0,1409000,-2982000,-1573000
2011/02/09,0,3152000,-1571540,1580460
2011/02/10,0,1376000,-3692850,-2316850
2011/02/11,0,358000,-4944000,-4586000
2011/02/14,0,968000,-4530360,-3562360
2011/02/15,0,744000,-3181180,-2437180
2011/02/16,0,718000,-1750000,-1032000
2011/02/17,0,913000,-2542890,-1629890
2011/02/18,0,4512000,-537000,3975000
2011/02/21,0,421000,-2334560,-1913560
2011/02/22,0,503000,-3722000,-3219000
2011/02/23,0,377282,-2093200,-1715918
2011/02/24,0,546000,-2250000,-1704000
2011/02/25,0,2320000,-5237585,-2917585
2011/02/28,0,0,0,0
2011/03/01,0,1633000,-540845,1092155
2011/03/02,0,705000,-3541000,-2836000
2011/03/03,0,2066000,-2567000,-501000
2011/03/04,0,2031000,-119000,1912000
2011/03/07,0,540000,-251000,289000
2011/03/08,0,1716000,-1151000,565000
2011/03/09,0,378000,-1101932,-723932
2011/03/10,0,80000,-1047520,-967520
2011/03/11,0,2561000,-1151860,1409140
2011/03/14,0,1671000,-2281000,-610000
2011/03/15,0,2831000,-3674340,-843340
2011/03/16,0,1855000,-1073460,781540
2011/03/17,0,1322000,-605950,716050
2011/03/18,0,326000,-2306905,-1980905
2011/03/21,0,52000,-2245000,-2193000
2011/03/22,0,49000,-1580000,-1531000
2011/03/23,0,1401000,-1874000,-473000
2011/03/24,0,169000,-846000,-677000
2011/03/25,0,2582960,-3000,2579960
2011/03/28,0,1306000,0,1306000
2011/03/29,0,1486000,-1927000,-441000
2011/03/30,0,1961000,-326000,1635000
2011/03/31,0,618000,-1199817,-581817
2011/04/01,0,865000,-76000,789000
2011/04/04,0,0,0,0
2011/04/05,0,0,0,0
2011/04/06,0,4764487,-479000,4285487
2011/04/07,0,1271400,-712400,559000
2011/04/08,0,3849315,-841000,3008315
2011/04/11,0,1033000,-224000,809000
2011/04/12,0,300642,-1970000,-1669358
2011/04/13,0,462000,-1013000,-551000
2011/04/14,0,1407240,-1126100,281140
2011/04/15,0,11000,-469000,-458000
2011/04/18,0,407000,-179702,227298
2011/04/19,0,570000,-1285000,-715000
2011/04/20,0,1707000,-1462161,244839
2011/04/21,0,4835986,-123000,4712986
2011/04/22,0,1386000,-771000,615000
2011/04/25,0,969000,-856000,113000
2011/04/26,0,1365000,-602692,762308
2011/04/27,0,1901000,-466000,1435000
2011/04/28,0,838439,-532000,306439
2011/04/29,0,591000,-611000,-20000
2011/05/02,0,0,0,0
2011/05/03,0,1104000,-187000,917000
2011/05/04,0,864000,-605000,259000
2011/05/05,0,532000,-408000,124000
2011/05/06,0,327000,-1311000,-984000
2011/05/09,0,2333000,-330000,2003000
2011/05/10,0,1453000,-164000,1289000
2011/05/11,0,867000,-1731000,-864000
2011/05/12,0,512000,-1051000,-539000
2011/05/13,0,313000,-1671200,-1358200
2011/05/16,0,524000,-1575000,-1051000
2011/05/17,0,569000,-1234000,-665000
2011/05/18,0,1155000,-3559000,-2404000
2011/05/19,0,3343000,-1149120,2193880
2011/05/20,0,336000,-1785000,-1449000
2011/05/23,0,162000,-2339000,-2177000
2011/05/24,0,136000,-154528,-18528
2011/05/25,0,68000,-1896000,-1828000
2011/05/26,0,30000,-932444,-902444
2011/05/27,0,66000,-315000,-249000
2011/05/30,0,314000,-1398000,-1084000
2011/05/31,0,7805000,-1531834,6273166
2011/06/01,0,2426000,-490435,1935565
2011/06/02,0,1684000,-479000,1205000
2011/06/03,0,914000,-385000,529000
2011/06/06,0,0,0,0
2011/06/07,0,623000,-512480,110520
2011/06/08,0,476000,-251000,225000
2011/06/09,0,1174000,-493000,681000
2011/06/10,0,995000,-2141473,-1146473
2011/06/13,0,27000,-1383322,-1356322
2011/06/14,0,852000,-6262000,-5410000
2011/06/15,0,5244000,-6581000,-1337000
2011/06/16,0,376640,-4648000,-4271360
2011/06/17,0,1074000,-1707000,-633000
2011/06/20,0,1831000,-1376406,454594
2011/06/21,0,6903000,-38000,6865000
2011/06/22,0,1777000,-1309000,468000
2011/06/23,0,543964,-199659,344305
2011/06/24,0,3201000,-391189,2809811
2011/06/27,0,2122000,-457093,1664907
2011/06/28,0,3041000,-734651,2306349
2011/06/29,0,1540000,-877000,663000
2011/06/30,0,1391000,-1498900,-107900
2011/07/01,0,1076520,-5323000,-4246480
2011/07/04,0,843922,-667732,176190
2011/07/05,0,547032,-738000,-190968
2011/07/06,0,143000,-866000,-723000
2011/07/07,0,1249000,-145000,1104000
2011/07/08,0,720000,-655000,65000
2011/07/11,0,939000,-1643000,-704000
2011/07/12,0,813391,-1451000,-637609
2011/07/13,0,1338000,-317000,1021000
2011/07/14,0,455000,-347000,108000
2011/07/15,0,1164010,-485000,679010
2011/07/18,0,464000,-685000,-221000
2011/07/19,0,854000,-1024500,-170500
2011/07/20,0,1291542,-437000,854542
2011/07/21,0,1688871,-154880,1533991
2011/07/22,0,1478000,-627000,851000
2011/07/25,0,404562,-1032000,-627438
2011/07/26,0,1090438,-1208000,-117562
2011/07/27,0,1915000,-112000,1803000
2011/07/28,0,1345000,-1342000,3000
2011/07/29,0,1113000,-448810,664190
2011/08/01,0,3578093,-481000,3097093
2011/08/02,0,457000,-677000,-220000
2011/08/03,0,1109000,-203000,906000
2011/08/04,0,2597000,-1922000,675000
2011/08/05,0,6674000,-4524000,2150000
2011/08/08,0,997000,-7951000,-6954000
2011/08/09,0,3286000,-5969000,-2683000
2011/08/10,0,1371086,-10462000,-9090914
2011/08/11,0,2549000,-1779000,770000
2011/08/12,0,621667,-3834000,-3212333
2011/08/15,0,3166323,-313000,2853323
2011/08/16,0,931000,-1533000,-602000
2011/08/17,0,2765000,-1393000,1372000
2011/08/18,0,1579221,-3445000,-1865779
2011/08/19,0,2410000,-1046000,1364000
2011/08/22,0,1639000,-2216000,-577000
2011/08/23,0,2459000,-541767,1917233
2011/08/24,0,583000,-3023000,-2440000
2011/08/25,0,734000,-1728962,-994962
2011/08/26,0,1484000,-771000,713000
2011/08/29,0,1871000,-231000,1640000
2011/08/30,0,318000,-1469000,-1151000
2011/08/31,0,1073000,-489909,583091
2011/09/01,0,6128000,-855279,5272721
2011/09/02,0,976000,-2123000,-1147000
2011/09/05,0,973000,-3910963,-2937963
2011/09/06,0,852000,-5522066,-4670066
2011/09/07,0,3409000,-1337000,2072000
2011/09/08,0,2338000,-3719000,-1381000
2011/09/09,0,1481000,-2111705,-630705
2011/09/12,0,0,0,0
2011/09/13,0,1111000,-5912000,-4801000
2011/09/14,0,1712000,-5740267,-4028267
2011/09/15,0,1892000,-1808560,83440
2011/09/16,0,3153000,-3048000,105000
2011/09/19,0,1014000,-1359000,-345000
2011/09/20,0,615693,-2619000,-2003307
2011/09/21,0,1347000,-2235000,-888000
2011/09/22,0,521280,-5297000,-4775720
2011/09/23,0,561000,-2366000,-1805000
2011/09/26,0,2247000,-2787000,-540000
2011/09/27,0,2189000,-1206000,983000
2011/09/28,0,878513,-2348000,-1469487
2011/09/29,0,1735000,-1162000,573000
2011/09/30,0,2005000,-2238000,-233000
2011/10/03,0,500000,-2911296,-2411296
2011/10/04,0,3810000,-621000,3189000
2011/10/05,0,2055000,-1425000,630000
2011/10/06,0,3311000,-760000,2551000
2011/10/07,0,2074000,-938000,1136000
2011/10/10,0,0,0,0
2011/10/11,0,1677000,-969000,708000
2011/10/12,0,2607000,-575000,2032000
2011/10/13,0,1691000,-344000,1347000
2011/10/14,0,390000,-451000,-61000
2011/10/17,0,1430000,-103585,1326415
2011/10/18,0,513500,-282000,231500
2011/10/19,0,1332785,-534905,797880
2011/10/20,0,381000,-1203130,-822130
2011/10/21,0,355000,-228000,127000
2011/10/24,0,4590505,-464075,4126430
2011/10/25,0,990000,-2085000,-1095000
2011/10/26,0,1730000,-62000,1668000
2011/10/27,0,982000,-286000,696000
2011/10/28,0,4225000,-680000,3545000
2011/10/31,0,2141650,-735685,1405965
2011/11/01,0,1893000,-539370,1353630
2011/11/02,0,1363000,-1625000,-262000
2011/11/03,0,1079000,-2752870,-1673870
2011/11/04,0,2008000,-77000,1931000
2011/11/07,0,552700,-181000,371700
2011/11/08,0,1515000,-1168777,346223
2011/11/09,0,424000,-667000,-243000
2011/11/10,0,1037000,-2148000,-1111000
2011/11/11,0,990000,-1425150,-435150
2011/11/14,0,841000,-69605,771395
2011/11/15,0,1207000,-1256000,-49000
2011/11/16,0,649000,-2088895,-1439895
2011/11/17,0,542000,-768096,-226096
2011/11/18,0,2604735,-1021320,1583415
2011/11/21,0,1039000,-1376925,-337925
2011/11/22,0,1299450,-1189000,110450
2011/11/23,0,753000,-3181000,-2428000
2011/11/24,0,3422000,-1103000,2319000
2011/11/25,0,748000,-3742000,-2994000
2011/11/28,0,1122256,-1398000,-275744
2011/11/29,0,1690487,-1823045,-132558
2011/11/30,0,2642000,-2961000,-319000
2011/12/01,0,6666000,-924732,5741268
2011/12/02,0,3498000,-562000,2936000
2011/12/05,0,1162000,-282000,880000
2011/12/06,0,1582000,-505000,1077000
2011/12/07,0,3033000,-168000,2865000
2011/12/08,0,1792000,-973000,819000
2011/12/09,0,1019000,-1496000,-477000
2011/12/12,0,817000,-586000,231000
2011/12/13,0,795000,-622000,173000
2011/12/14,0,1311000,-265000,1046000
2011/12/15,0,687000,-2225000,-1538000
2011/12/16,0,638000,-596000,42000
2011/12/19,0,975000,-1484000,-509000
2011/12/20,0,2377000,-1236000,1141000
2011/12/21,0,568000,-833644,-265644
2011/12/22,0,1417650,-1187572,230078
2011/12/23,0,1776000,-1283000,493000
2011/12/26,0,259000,-171000,88000
2011/12/27,0,1171000,-45000,1126000
2011/12/28,0,1655000,-470000,1185000
2011/12/29,0,2161000,-94000,2067000
2011/12/30,0,2136000,-258000,1878000
2012/01/02,0,237000,-2990000,-2753000
2012/01/03,0,2296000,-95516,2200484
2012/01/04,0,1117000,-2547150,-1430150
2012/01/05,0,2257500,-3316500,-1059000
2012/01/06,0,1201000,-3407000,-2206000
2012/01/09,0,1795000,-697000,1098000
2012/01/10,0,3397000,-1751000,1646000
2012/01/11,0,3365000,-1404000,1961000
2012/01/12,0,12610000,-2355000,10255000
2012/01/13,0,3876000,-1807000,2069000
2012/01/16,0,946000,-3389000,-2443000
2012/01/17,0,2183000,-627000,1556000
2012/01/18,0,2215000,-1373000,842000
2012/01/19,0,0,0,0
2012/01/20,0,0,0,0
2012/01/23,0,0,0,0
2012/01/24,0,0,0,0
2012/01/25,0,0,0,0
2012/01/26,0,0,0,0
2012/01/27,0,0,0,0
2012/01/30,0,5340535,-3039930,2300605
2012/01/31,0,4745000,-2346000,2399000
2012/02/01,0,1039000,-3382000,-2343000
2012/02/02,0,2761000,-2248000,513000
2012/02/03,0,1485000,-564000,921000
2012/02/06,0,5787825,-1117000,4670825
2012/02/07,0,3220000,-695000,2525000
2012/02/08,0,5529000,-88000,5441000
2012/02/09,0,2835000,-232859,2602141
2012/02/10,0,2717000,-799000,1918000
2012/02/13,0,5895000,-206000,5689000
2012/02/14,0,1973000,-1042400,930600
2012/02/15,0,4196000,-259000,3937000
2012/02/16,0,2375000,-458000,1917000
2012/02/17,0,3757000,-907000,2850000
2012/02/20,0,659000,-1110000,-451000
2012/02/21,0,1650000,-1777000,-127000
2012/02/22,0,6418000,-232000,6186000
2012/02/23,0,1248000,-1065000,183000
2012/02/24,0,1536000,-1757000,-221000
2012/02/27,0,0,0,0
2012/02/28,0,0,0,0
2012/02/29,0,8852000,-1136600,7715400
2012/03/01,0,1506244,-383000,1123244
2012/03/02,0,1636072,-667000,969072
2012/03/05,0,659000,-2286000,-1627000
2012/03/06,0,2671000,-1482000,1189000
2012/03/07,0,803000,-1724000,-921000
2012/03/08,0,2679000,-1659000,1020000
2012/03/09,0,921000,-1263000,-342000
2012/03/12,0,536000,-2531000,-1995000
2012/03/13,0,4055000,-2005345,2049655
2012/03/14,0,5133000,-1036895,4096105
2012/03/15,0,2190000,-839000,1351000
2012/03/16,0,2136500,-729000,1407500
2012/03/19,0,861230,-1529000,-667770
2012/03/20,0,409000,-654000,-245000
2012/03/21,0,1110000,-1309000,-199000
2012/03/22,0,1730000,-81000,1649000
2012/03/23,0,1311000,-265000,1046000
2012/03/26,0,2447000,-3721000,-1274000
2012/03/27,0,931000,-280000,651000
2012/03/28,0,1560000,-394240,1165760
2012/03/29,0,2475000,-2281000,194000
2012/03/30,0,4496000,-2201000,2295000
2012/04/02,0,372000,-1058000,-686000
2012/04/03,0,2753498,-1072840,1680658
2012/04/04,0,0,0,0
2012/04/05,0,1426000,-1420000,6000
2012/04/06,0,56000,-3681445,-3625445
2012/04/09,0,937000,-1977000,-1040000
2012/04/10,0,1402000,-966000,436000
2012/04/11,0,552000,-1676000,-1124000
2012/04/12,0,1541000,-2398000,-857000
2012/04/13,0,1071201,-1312000,-240799
2012/04/16,0,523000,-938000,-415000
2012/04/17,0,961000,-1959000,-998000
2012/04/18,0,654000,-2320000,-1666000
2012/04/19,0,1037000,-222000,815000
2012/04/20,0,97000,-555303,-458303
2012/04/23,0,1845000,-614000,1231000
2012/04/24,0,1107000,-454000,653000
2012/04/25,0,1730000,-329000,1401000
2012/04/26,0,712000,-1129000,-417000
2012/04/27,0,2274433,-1629000,645433
2012/04/30,0,1826000,-740522,1085478
2012/05/01,0,0,0,0
2012/05/02,0,4657000,-1807000,2850000
2012/05/03,0,592000,-63000,529000
2012/05/04,0,3018000,-1662000,1356000
2012/05/07,0,1023000,-4859000,-3836000
2012/05/08,0,206000,-1658000,-1452000
2012/05/09,0,2407000,-2663000,-256000
2012/05/10,0,620722,-627829,-7107
2012/05/11,0,437768,-2888000,-2450232
2012/05/14,0,885000,-659000,226000
2012/05/15,0,510000,-984000,-474000
2012/05/16,0,1426000,-3604000,-2178000
2012/05/17,0,2207000,-1669000,538000
2012/05/18,0,1307000,-3466000,-2159000
2012/05/21,0,590000,-303000,287000
2012/05/22,0,345000,-1373000,-1028000
2012/05/23,0,510000,-2104000,-1594000
2012/05/24,0,2209000,-408000,1801000
2012/05/25,0,651000,-317000,334000
2012/05/28,0,1254000,-293000,961000
2012/05/29,0,1083000,-752000,331000
2012/05/30,0,3206000,-5591523,-2385523
2012/05/31,0,2910839,-3155188,-244349
2012/06/01,0,1671000,-1558272,112728
2012/06/04,0,1754378,-585805,1168573
2012/06/05,0,941000,-1056000,-115000
2012/06/06,0,1793000,-1360000,433000
2012/06/07,0,1287076,-155000,1132076
2012/06/08,0,2274078,-875000,1399078
2012/06/11,0,2004542,-496000,1508542
2012/06/12,0,1010000,-1141000,-131000
2012/06/13,0,684718,-1344115,-659397
2012/06/14,0,1955645,-252519,1703126
2012/06/15,0,4565000,-3723541,841459
2012/06/18,0,804434,-753000,51434
2012/06/19,0,1521478,-168000,1353478
2012/06/20,0,2435389,-1410697,1024692
2012/06/21,0,679552,-704000,-24448
2012/06/22,0,1220547,-2315000,-1094453
2012/06/25,0,799000,-2440058,-1641058
2012/06/26,0,907000,-322000,585000
2012/06/27,0,886000,-1018170,-132170
2012/06/28,0,975000,-1704530,-729530
2012/06/29,0,5104000,-809000,4295000
2012/07/02,0,291000,-1996000,-1705000
2012/07/03,0,1839000,-167000,1672000
2012/07/04,0,2039603,-445000,1594603
2012/07/05,0,871000,-147000,724000
2012/07/06,0,1801000,-29000,1772000
2012/07/09,0,2516000,-276000,2240000
2012/07/10,0,4188640,-303000,3885640
2012/07/11,0,1730026,-790000,940026
2012/07/12,0,649000,-2861000,-2212000
2012/07/13,0,1238154,-129000,1109154
2012/07/16,0,730000,-830000,-100000
2012/07/17,0,2829000,-340000,2489000
2012/07/18,0,1248000,-3191000,-1943000
2012/07/19,0,1694000,-651000,1043000
2012/07/20,0,1354000,-740000,614000
2012/07/23,0,1734000,-2110000,-376000
2012/07/24,0,2029000,-860000,1169000
2012/07/25,0,803000,-3030000,-2227000
2012/07/26,0,765000,-1186486,-421486
2012/07/27,0,1000000,-118000,882000
2012/07/30,0,1762095,-1567000,195095
2012/07/31,0,7936896,-1728000,6208896
2012/08/01,0,1441000,-539000,902000
2012/08/02,0,0,0,0
2012/08/03,0,1938567,-251000,1687567
2012/08/06,0,3675000,-175000,3500000
2012/08/07,0,2558000,-341000,2217000
2012/08/08,0,2091513,-558000,1533513
2012/08/09,0,6770000,-255000,6515000
2012/08/10,0,1905000,-156000,1749000
2012/08/13,0,1685000,-197000,1488000
2012/08/14,0,3269000,-417000,2852000
2012/08/15,0,2644000,-243000,2401000
2012/08/16,0,1281000,-39000,1242000
2012/08/17,0,385000,-210000,175000
2012/08/20,0,74000,-48000,26000
2012/08/21,0,3436808,-430001,3006807
2012/08/22,0,360000,-203000,157000
2012/08/23,0,1079465,-188000,891465
2012/08/24,0,128000,-113000,15000
2012/08/27,0,1208000,-464000,744000
2012/08/28,0,860000,-703352,156648
2012/08/29,0,1319000,-193000,1126000
2012/08/30,0,3091000,-3480280,-389280
2012/08/31,0,977794,-533127,444667
2012/09/03,0,991000,-436000,555000
2012/09/04,0,625000,-415000,210000
2012/09/05,0,1333374,-2493000,-1159626
2012/09/06,0,522000,-769640,-247640
2012/09/07,0,1623000,-73876,1549124
2012/09/10,0,367000,-268000,99000
2012/09/11,0,1077000,-553320,523680
2012/09/12,0,1791000,-405000,1386000
2012/09/13,0,1141000,-312560,828440
2012/09/14,0,3065000,-171720,2893280
2012/09/17,0,921000,-638000,283000
2012/09/18,0,2024000,-898000,1126000
2012/09/19,0,2753000,-1497600,1255400
2012/09/20,0,1298000,-501000,797000
2012/09/21,0,3834000,-18000,3816000
2012/09/24,0,1730463,-481000,1249463
2012/09/25,0,3264000,-267000,2997000
2012/09/26,0,1259000,-101000,1158000
2012/09/27,0,2718000,-691148,2026852
2012/09/28,0,1445000,-817095,627905
2012/10/01,0,946000,-164000,782000
2012/10/02,0,2113000,-206000,1907000
2012/10/03,0,700000,-156000,544000
2012/10/04,0,2965000,-815000,2150000
2012/10/05,0,146000,-753000,-607000
2012/10/08,0,1276900,-1404000,-127100
2012/10/09,0,2915000,-422524,2492476
2012/10/10,0,0,0,0
2012/10/11,0,615000,-514000,101000
2012/10/12,0,287120,-2906000,-2618880
2012/10/15,0,699000,-368000,331000
2012/10/16,0,678000,-856000,-178000
2012/10/17,0,794000,-3035640,-2241640
2012/10/18,0,1274000,-157000,1117000
2012/10/19,0,811000,-625000,186000
2012/10/22,0,613000,-704332,-91332
2012/10/23,0,390300,-776000,-385700
2012/10/24,0,751000,-1033297,-282297
2012/10/25,0,830000,-1358000,-528000
2012/10/26,0,1678000,-1644000,34000
2012/10/29,0,1219000,-810000,409000
2012/10/30,0,1864000,-1882000,-18000
2012/10/31,0,1707614,-1989000,-281386
2012/11/01,0,945000,-2486000,-1541000
2012/11/02,0,4047000,-1727000,2320000
2012/11/05,0,835000,-1194000,-359000
2012/11/06,0,1629000,-530000,1099000
2012/11/07,0,1183000,-1025000,158000
2012/11/08,0,2396000,-3482000,-1086000
2012/11/09,0,837000,-1696000,-859000
2012/11/12,0,1299000,-570000,729000
2012/11/13,0,658000,-2831000,-2173000
2012/11/14,0,172000,-543000,-371000
2012/11/15,0,496000,-772000,-276000
2012/11/16,0,522000,-1534000,-1012000
2012/11/19,0,1115000,-612000,503000
2012/11/20,0,171000,-1132000,-961000
2012/11/21,0,707000,-2936000,-2229000
2012/11/22,0,1105000,-24000,1081000
2012/11/23,0,4230000,-463000,3767000
2012/11/26,0,1581000,-82000,1499000
2012/11/27,0,2731000,-53240,2677760
2012/11/28,0,1930800,-717882,1212918
2012/11/29,0,4007000,-916000,3091000
2012/11/30,0,6628000,-1275004,5352996
2012/12/03,0,4386000,-472000,3914000
2012/12/04,0,1020000,-986000,34000
2012/12/05,0,3168000,-578000,2590000
2012/12/06,0,2747000,-454678,2292322
2012/12/07,0,1835000,-145000,1690000
2012/12/10,0,1198000,-360289,837711
2012/12/11,0,3331076,0,3331076
2012/12/12,0,2979000,-698600,2280400
2012/12/13,0,2076705,-260000,1816705
2012/12/14,0,1746094,-698000,1048094
2012/12/17,0,1356000,-168200,1187800
2012/12/18,0,2088000,-1077000,1011000
2012/12/19,0,2840000,-508000,2332000
2012/12/20,0,703000,-1643000,-940000
2012/12/21,0,2990000,-2237052,752948
2012/12/24,0,774000,-189000,585000
2012/12/25,0,1667000,-258000,1409000
2012/12/26,0,1892000,-156000,1736000
2012/12/27,0,1388067,-1032000,356067
2012/12/28,0,1534000,-822000,712000
2012/12/31,0,0,0,0
2013/01/01,0,0,0,0
2013/01/02,0,3400000,-77000,3323000
2013/01/03,0,1579000,-58000,1521000
2013/01/04,0,2193000,-1486000,707000
2013/01/07,0,806000,-1180800,-374800
2013/01/08,0,307000,-816000,-509000
2013/01/09,0,564000,-434000,130000
2013/01/10,0,3736000,-1310000,2426000
2013/01/11,0,1170000,-466000,704000
2013/01/14,0,231000,-853197,-622197
2013/01/15,0,691000,-1332000,-641000
2013/01/16,0,2331000,-1549440,781560
2013/01/17,0,1118600,-648000,470600
2013/01/18,0,1425000,-382000,1043000
2013/01/21,0,256000,-486000,-230000
2013/01/22,0,315000,-350000,-35000
2013/01/23,0,1848000,-313859,1534141
2013/01/24,0,825000,-1278000,-453000
2013/01/25,0,2043000,-2738000,-695000
2013/01/28,0,1857000,-380000,1477000
2013/01/29,0,2048000,-347900,1700100
2013/01/30,0,1717000,-431000,1286000
2013/01/31,0,7451800,-2115000,5336800
2013/02/01,0,2062000,-205000,1857000
2013/02/04,0,1639000,-381000,1258000
2013/02/05,0,2170490,-195000,1975490
2013/02/06,0,501000,-884280,-383280
2013/02/07,0,0,0,0
2013/02/08,0,0,0,0
2013/02/11,0,0,0,0
2013/02/12,0,0,0,0
2013/02/13,0,0,0,0
2013/02/14,0,0,0,0
2013/02/15,0,0,0,0
2013/02/18,0,4367963,-1438000,2929963
2013/02/19,0,2067937,-1762000,305937
2013/02/20,0,838177,-1311000,-472823
2013/02/21,0,1200000,-1757000,-557000
2013/02/22,0,1625000,-1190000,435000
2013/02/25,0,2034000,-2098476,-64476
2013/02/26,0,2705000,-1836066,868934
2013/02/27,0,1757000,-3885178,-2128178
2013/02/28,0,0,0,0
2013/03/01,0,2105000,-646000,1459000
2013/03/04,0,1301000,-5086000,-3785000
2013/03/05,0,3691000,-1710000,1981000
2013/03/06,0,734000,-531000,203000
2013/03/07,0,373000,-1112478,-739478
2013/03/08,0,1148400,-465000,683400
2013/03/11,0,1804000,-708000,1096000
2013/03/12,0,1483000,-478576,1004424
2013/03/13,0,981000,-1714933,-733933
2013/03/14,0,337000,-2163611,-1826611
2013/03/15,0,1311000,-5468000,-4157000
2013/03/18,0,601000,-3717000,-3116000
2013/03/19,0,359000,-2711000,-2352000
2013/03/20,0,555000,-5304919,-4749919
2013/03/21,0,553000,-2629000,-2076000
2013/03/22,0,1010000,-1583992,-573992
2013/03/25,0,1297000,-1390003,-93003
2013/03/26,0,1377000,-2361000,-984000
2013/03/27,0,1512000,-737000,775000
2013/03/28,0,1792000,-1401000,391000
2013/03/29,0,1154000,-272651,881349
2013/04/01,0,1161275,-75000,1086275
2013/04/02,0,2187000,-156000,2031000
2013/04/03,0,945000,-213000,732000
2013/04/04,0,0,0,0
2013/04/05,0,0,0,0
2013/04/08,0,803000,-4328000,-3525000
2013/04/09,0,287000,-2169673,-1882673
2013/04/10,0,583000,-3924000,-3341000
2013/04/11,0,521198,-2458000,-1936802
2013/04/12,0,1629000,-1027000,602000
2013/04/15,0,224199,-849678,-625479
2013/04/16,0,1831133,-527500,1303633
2013/04/17,0,714000,-5767000,-5053000
2013/04/18,0,1488000,-1470047,17953
2013/04/19,0,2153000,-1130000,1023000
2013/04/22,0,1334000,-371000,963000
2013/04/23,0,1059000,-791000,268000
2013/04/24,0,1740000,-602000,1138000
2013/04/25,0,2304007,-919960,1384047
2013/04/26,0,2615000,-854000,1761000
2013/04/29,0,1800000,-543000,1257000
2013/04/30,0,5703000,-497000,5206000
2013/05/01,0,0,0,0
2013/05/02,0,742000,-410879,331121
2013/05/03,0,1179000,-14000,1165000
2013/05/06,0,1432000,-233500,1198500
2013/05/07,0,3113000,-191552,2921448
2013/05/08,0,3868539,-591000,3277539
2013/05/09,0,2960316,-417078,2543238
2013/05/10,0,2777000,-236000,2541000
2013/05/13,0,718000,-323000,395000
2013/05/14,0,1441000,-92000,1349000
2013/05/15,0,1375000,-352000,1023000
2013/05/16,0,5364000,-1169000,4195000
2013/05/17,0,1801000,-368000,1433000
2013/05/20,0,2155000,-601000,1554000
2013/05/21,0,1372000,-705685,666315
2013/05/22,0,2293000,-60000,2233000
2013/05/23,0,700000,-2807000,-2107000
2013/05/24,0,752482,-2600000,-1847518
2013/05/27,0,1060529,-667800,392729
2013/05/28,0,1167000,-848000,319000
2013/05/29,0,1445000,-307000,1138000
2013/05/30,0,565000,-4498000,-3933000
2013/05/31,0,15936557,-9828077,6108480
2013/06/03,0,1868000,-2674000,-806000
2013/06/04,0,1971000,-2634000,-663000
2013/06/05,0,2125400,-2468000,-342600
2013/06/06,0,462935,-2227001,-1764066
2013/06/07,0,1407446,-1433820,-26374
2013/06/10,0,1326480,-671000,655480
2013/06/11,0,1373103,-2186000,-812897
2013/06/12,0,0,0,0
2013/06/13,0,757940,-4226560,-3468620
2013/06/14,0,1366000,-2938440,-1572440
2013/06/17,0,362000,-1755716,-1393716
2013/06/18,0,611666,-2588000,-1976334
2013/06/19,0,1085000,-4046305,-2961305
2013/06/20,0,1537177,-2279639,-742462
2013/06/21,0,6955000,-3569250,3385750
2013/06/24,0,407000,-4561548,-4154548
2013/06/25,0,1066000,-4631000,-3565000
2013/06/26,0,3319000,-3704500,-385500
2013/06/27,0,2131000,-1382000,749000
2013/06/28,0,6031000,-1592000,4439000
2013/07/01,0,3028480,-1752480,1276000
2013/07/02,0,1084000,-1164230,-80230
2013/07/03,0,842000,-1596000,-754000
2013/07/04,0,470000,-332000,138000
2013/07/05,0,3795000,-431000,3364000
2013/07/08,0,1671000,-2380000,-709000
2013/07/09,0,3013000,-1518520,1494480
2013/07/10,0,1869000,-2033000,-164000
2013/07/11,0,5229000,-682000,4547000
2013/07/12,0,3563000,-716000,2847000
2013/07/15,0,2834320,-132000,2702320
2013/07/16,0,3352000,-761000,2591000
2013/07/17,0,7013000,-797000,6216000
2013/07/18,0,3878000,-242000,3636000
2013/07/19,0,2508166,-773000,1735166
2013/07/22,0,3552593,-535000,3017593
2013/07/23,0,5349000,-648400,4700600
2013/07/24,0,2080040,-940000,1140040
2013/07/25,0,1913000,-659000,1254000
2013/07/26,0,1354000,-168000,1186000
2013/07/29,0,662000,-681840,-19840
2013/07/30,0,2276000,-444000,1832000
2013/07/31,0,1162000,-1732000,-570000
2013/08/01,0,1717000,-1232000,485000
2013/08/02,0,737000,-1353000,-616000
2013/08/05,0,398000,-1037000,-639000
2013/08/06,0,281000,-3955240,-3674240
2013/08/07,0,658000,-1855000,-1197000
2013/08/08,0,671000,-2996000,-2325000
2013/08/09,0,569000,-4397000,-3828000
2013/08/12,0,1168000,-1202000,-34000
2013/08/13,0,767632,-504000,263632
2013/08/14,0,712808,-2744000,-2031192
2013/08/15,0,449000,-3348426,-2899426
2013/08/16,0,1332805,-1560920,-228115
2013/08/19,0,423000,-2662000,-2239000
2013/08/20,0,222000,-2124000,-1902000
2013/08/21,0,0,0,0
2013/08/22,0,2513040,-6247000,-3733960
2013/08/23,0,763000,-1161000,-398000
2013/08/26,0,562000,-528000,34000
2013/08/27,0,456000,-704000,-248000
2013/08/28,0,198000,-883000,-685000
2013/08/29,0,1947000,-1345000,602000
2013/08/30,0,2534000,-1022000,1512000
2013/09/02,0,1064000,-332000,732000
2013/09/03,0,2010000,-1366000,644000
2013/09/04,0,2074000,-422000,1652000
2013/09/05,0,3240255,-399000,2841255
2013/09/06,0,2324000,-704000,1620000
2013/09/09,0,2860000,-39000,2821000
2013/09/10,0,2819000,-843000,1976000
2013/09/11,0,3697000,-544104,3152896
2013/09/12,0,2870000,-116000,2754000
2013/09/13,0,1472000,-587815,884185
2013/09/16,0,3063000,-209680,2853320
2013/09/17,0,2163000,-1119560,1043440
2013/09/18,0,3503764,-4263400,-759636
2013/09/19,0,0,0,0
2013/09/20,0,0,0,0
2013/09/23,0,4565000,-267000,4298000
2013/09/24,0,1128000,-2250452,-1122452
2013/09/25,0,3268160,-1254160,2014000
2013/09/26,0,1243000,-1998897,-755897
2013/09/27,0,2030000,-1261738,768262
2013/09/30,0,2219498,-2464000,-244502
2013/10/01,0,272000,-1020007,-748007
2013/10/02,0,519000,-497430,21570
2013/10/03,0,5636912,-502000,5134912
2013/10/04,0,1701000,-613280,1087720
2013/10/07,0,1024236,-1266000,-241764
2013/10/08,0,1894000,-604280,1289720
2013/10/09,0,2069000,-1000000,1069000
2013/10/10,0,0,0,0
2013/10/11,0,1563080,-1057000,506080
2013/10/14,0,790000,-73064,716936
2013/10/15,0,1559000,-208000,1351000
2013/10/16,0,2104000,-102000,2002000
2013/10/17,0,1401000,-164000,1237000
2013/10/18,0,1216000,-228246,987754
2013/10/21,0,1413000,-75000,1338000
2013/10/22,0,1081000,-552000,529000
2013/10/23,0,784922,-753000,31922
2013/10/24,0,419000,-201000,218000
2013/10/25,0,221000,-1759138,-1538138
2013/10/28,0,1670000,-831000,839000
2013/10/29,0,1867000,-740195,1126805
2013/10/30,0,1256000,-159000,1097000
2013/10/31,0,4605720,-2358688,2247032
2013/11/01,0,996000,-894000,102000
2013/11/04,0,530000,-473000,57000
2013/11/05,0,217000,-1578856,-1361856
2013/11/06,0,1014000,-139000,875000
2013/11/07,0,383000,-1419000,-1036000
2013/11/08,0,1252000,-1062000,190000
2013/11/11,0,674000,-1344000,-670000
2013/11/12,0,1842000,-1345000,497000
2013/11/13,0,746620,-2442000,-1695380
2013/11/14,0,1529000,-1427000,102000
2013/11/15,0,1067000,-853000,214000
2013/11/18,0,588000,-714833,-126833
2013/11/19,0,627000,-1114000,-487000
2013/11/20,0,835000,-1026520,-191520
2013/11/21,0,520000,-2804000,-2284000
2013/11/22,0,362000,-1088000,-726000
2013/11/25,0,1289000,-303000,986000
2013/11/26,0,2608000,-4021630,-1413630
2013/11/27,0,1144236,-518000,626236
2013/11/28,0,2742000,-452000,2290000
2013/11/29,0,1741000,-851136,889864
2013/12/02,0,805236,-114000,691236
2013/12/03,0,1070040,-413281,656759
2013/12/04,0,1691000,-904000,787000
2013/12/05,0,850000,-976000,-126000
2013/12/06,0,452000,-915000,-463000
2013/12/09,0,2018000,-75141,1942859
2013/12/10,0,1165000,-450000,715000
2013/12/11,0,2390000,-1297000,1093000
2013/12/12,0,65160,-1390783,-1325623
2013/12/13,0,923000,-971000,-48000
2013/12/16,0,16000,-1637920,-1621920
2013/12/17,0,1801000,-871455,929545
2013/12/18,0,2028080,-1556880,471200
2013/12/19,0,1281000,-322701,958299
2013/12/20,0,1791000,-647374,1143626
2013/12/23,0,669000,-649000,20000
2013/12/24,0,913000,-336000,577000
2013/12/25,0,690000,-194000,496000
2013/12/26,0,35000,-262000,-227000
2013/12/27,0,1893000,-159000,1734000
2013/12/30,0,2220000,-25004,2194996
2013/12/31,0,884000,-98000,786000
2014/01/02,0,347000,-1046000,-699000
2014/01/03,0,683000,-1169000,-486000
2014/01/06,0,1131000,-1494033,-363033
2014/01/07,0,1994000,-1027000,967000
2014/01/08,0,1720000,-1196000,524000
2014/01/09,0,1065000,-1500739,-435739
2014/01/10,0,1754000,-1157000,597000
2014/01/13,0,975000,-108000,867000
2014/01/14,0,262000,-1984184,-1722184
2014/01/15,0,1874480,-1984903,-110423
2014/01/16,0,5511000,-2119000,3392000
2014/01/17,0,2821731,-2289640,532091
2014/01/20,0,1465000,-546000,919000
2014/01/21,0,239000,-225407,13593
2014/01/22,0,1897000,-1697000,200000
2014/01/23,0,629200,-1652000,-1022800
2014/01/24,0,3071000,-2406401,664599
2014/01/27,0,2047000,-8609782,-6562782
2014/02/05,0,5565000,-13703463,-8138463
2014/02/06,0,2145000,-8538928,-6393928
2014/02/07,0,1163000,-3800004,-2637004
2014/02/10,0,37000,-2164299,-2127299
2014/02/11,0,314000,-755509,-441509
2014/02/12,0,1446000,-1282320,163680
2014/02/13,0,225000,-777000,-552000
2014/02/14,0,3001000,-1627290,1373710
2014/02/17,0,1027000,-18000,1009000
2014/02/18,0,1321000,-44000,1277000
2014/02/19,0,1387000,-1015000,372000
2014/02/20,0,785000,-809696,-24696
2014/02/21,0,2388000,-2360000,28000
2014/02/24,0,1784000,-1238833,545167
2014/02/25,0,2172132,-1639219,532913
2014/02/26,0,2892000,-4254900,-1362900
2014/02/27,0,3529375,-1825345,1704030
2014/03/03,0,1665000,-3543000,-1878000
2014/03/04,0,460872,-1522000,-1061128
2014/03/05,0,454000,-514000,-60000
2014/03/06,0,1352000,-590214,761786
2014/03/07,0,1237000,-48000,1189000
2014/03/10,0,1277000,-2387000,-1110000
2014/03/11,0,577000,-1644740,-1067740
2014/03/12,0,1525000,-1014000,511000
2014/03/13,0,1815000,-1079000,736000
2014/03/14,0,1110000,-2541000,-1431000
2014/03/17,0,1043000,-2249000,-1206000
2014/03/18,0,2369946,-2991692,-621746
2014/03/19,0,1441000,-2304000,-863000
2014/03/20,0,331000,-4904429,-4573429
2014/03/21,0,1321000,-2943000,-1622000
2014/03/24,0,1828000,-728000,1100000
2014/03/25,0,813000,-1105907,-292907
2014/03/26,0,530000,-750000,-220000
2014/03/27,0,1414000,-2544000,-1130000
2014/03/28,0,2101000,-329000,1772000
2014/03/31,0,1414017,-946339,467678
2014/04/01,0,2696000,-548805,2147195
2014/04/02,0,1256000,-634000,622000
2014/04/03,0,2258000,-233000,2025000
2014/04/07,0,3088000,-1518000,1570000
2014/04/08,0,1352373,-32000,1320373
2014/04/09,0,2601000,-519057,2081943
2014/04/10,0,2276000,-523000,1753000
2014/04/11,0,1244000,-788000,456000
2014/04/14,0,1047000,-898000,149000
2014/04/15,0,1072000,-1311000,-239000
2014/04/16,0,2170000,-1687000,483000
2014/04/17,0,1173000,-324000,849000
2014/04/18,0,530000,-19000,511000
2014/04/21,0,380000,0,380000
2014/04/22,0,268000,0,268000
2014/04/23,0,563000,-1000,562000
2014/04/24,0,1137000,-499000,638000
2014/04/25,0,537000,-1252000,-715000
2014/04/28,0,1006000,-1305000,-299000
2014/04/29,0,677000,-859000,-182000
2014/04/30,0,1794000,-6573000,-4779000
2014/05/02,0,942000,-287000,655000
2014/05/05,0,194000,-435000,-241000
2014/05/06,0,375000,-223000,152000
2014/05/07,0,808000,-945000,-137000
2014/05/08,0,1432000,-202000,1230000
2014/05/09,0,841000,-1437104,-596104
2014/05/12,0,1040000,-910000,130000
2014/05/13,0,1374000,-724000,650000
2014/05/14,0,2196000,-239000,1957000
2014/05/15,0,7671000,-566000,7105000
2014/05/16,0,2577000,-480000,2097000
2014/05/19,0,1190000,-344976,845024
2014/05/20,0,1098000,-719488,378512
2014/05/21,0,1014000,-1061000,-47000
2014/05/22,0,4909000,-86000,4823000
2014/05/23,0,2533000,-792140,1740860
2014/05/26,0,2277000,-87000,2190000
2014/05/27,0,2171000,-179593,1991407
2014/05/28,0,5537000,-641000,4896000
2014/05/29,0,3708000,-1606221,2101779
2014/05/30,0,28015001,-17421546,10593455
2014/06/03,0,5865000,-1450000,4415000
2014/06/04,0,586000,-1073000,-487000
2014/06/05,0,810000,-1464000,-654000
2014/06/06,0,332000,-292000,40000
2014/06/09,0,4552000,-31000,4521000
2014/06/10,0,4192244,-598083,3594161
2014/06/11,0,1300000,-64833,1235167
2014/06/12,0,2425000,-827000,1598000
2014/06/13,0,1298000,-1896742,-598742
2014/06/16,0,2216000,-1041885,1174115
2014/06/17,0,2323000,-309000,2014000
2014/06/18,0,5312000,-1540322,3771678
2014/06/19,0,1719826,-972000,747826
2014/06/20,0,5006012,-1848000,3158012
2014/06/23,0,1923000,-500440,1422560
2014/06/24,0,1699000,-363562,1335438
2014/06/25,0,763000,-800823,-37823
2014/06/26,0,4053665,-339960,3713705
2014/06/27,0,3443000,-831000,2612000
2014/06/30,0,2939000,-1147000,1792000
2014/07/01,0,4299000,-214000,4085000
2014/07/02,0,4697000,-2437000,2260000
2014/07/03,0,1139000,-287000,852000
2014/07/04,0,1064000,-1156000,-92000
2014/07/07,0,2841000,-460000,2381000
2014/07/08,0,1957000,-293000,1664000
2014/07/09,0,1600000,-70000,1530000
2014/07/10,0,6051000,-1165000,4886000
2014/07/11,0,1667040,-1519000,148040
2014/07/14,0,2744000,-2828000,-84000
2014/07/15,0,1161864,-1977000,-815136
2014/07/16,0,4449000,-1533000,2916000
2014/07/17,0,3567293,-322720,3244573
2014/07/18,0,4057000,-199000,3858000
2014/07/21,0,2589000,-3260000,-671000
2014/07/22,0,2910000,-592000,2318000
2014/07/23,0,0,0,0
2014/07/24,0,1495000,-198000,1297000
2014/07/25,0,4159000,-997000,3162000
2014/07/28,0,4004560,-190560,3814000
2014/07/29,0,4493000,-1781000,2712000
2014/07/30,0,5068000,-1520000,3548000
2014/07/31,0,3031000,-3510000,-479000
2014/08/01,0,2598000,-475000,2123000
2014/08/04,0,4219000,-2297000,1922000
2014/08/05,0,2139000,-5371176,-3232176
2014/08/06,0,3968000,-1284000,2684000
2014/08/07,0,1366099,-916710,449389
2014/08/08,0,6051000,-2296272,3754728
2014/08/11,0,231000,-1253000,-1022000
2014/08/12,0,1228000,-1619184,-391184
2014/08/13,0,4267000,-173000,4094000
2014/08/14,0,1231160,-1206000,25160
2014/08/15,0,1413163,-689000,724163
2014/08/18,0,1417000,-338000,1079000
2014/08/19,0,2280860,-174000,2106860
2014/08/20,0,3992863,-584000,3408863
2014/08/21,0,3590332,-1043163,2547169
2014/08/22,0,5041575,-1499000,3542575
2014/08/25,0,2161000,-609000,1552000
2014/08/26,0,1423498,-1033000,390498
2014/08/27,0,4495000,-562000,3933000
2014/08/28,0,1816000,-862000,954000
2014/08/29,0,3212000,-2045000,1167000
2014/09/01,0,1263000,-505000,758000
2014/09/02,0,799000,-929000,-130000
2014/09/03,0,1736687,-232000,1504687
2014/09/04,0,3459000,-580903,2878097
2014/09/05,0,1173000,-170000,1003000
2014/09/09,0,1273000,-263000,1010000
2014/09/10,0,2078000,-2280480,-202480
2014/09/11,0,2519000,-558440,1960560
2014/09/12,0,2400331,-1296000,1104331
2014/09/15,0,551000,-1815000,-1264000
2014/09/16,0,374000,-1510970,-1136970
2014/09/17,0,2334000,-3296120,-962120
2014/09/18,0,652000,-841000,-189000
2014/09/19,0,1028000,-2354000,-1326000
2014/09/22,0,1595000,-3425000,-1830000
2014/09/23,0,1347000,-1290000,57000
2014/09/24,0,490640,-524000,-33360
2014/09/25,0,378000,-2371000,-1993000
2014/09/26,0,482000,-1307000,-825000
2014/09/29,0,2755000,-5068000,-2313000
2014/09/30,0,3131000,-4537000,-1406000
2014/10/01,0,634000,-3322000,-2688000
2014/10/02,0,257995,-2835000,-2577005
2014/10/03,0,1933000,-901000,1032000
2014/10/06,0,1162000,-2918000,-1756000
2014/10/07,0,1661000,-1946000,-285000
2014/10/08,0,5861557,-5733277,128280
2014/10/09,0,1143000,-305800,837200
2014/10/13,0,1283000,-1538000,-255000
2014/10/14,0,2766000,-2074000,692000
2014/10/15,0,5073000,-5243000,-170000
2014/10/16,0,1615872,-2545000,-929128
2014/10/17,0,764000,-5347000,-4583000
2014/10/20,0,950175,-564827,385348
2014/10/21,0,419000,-1251000,-832000
2014/10/22,0,1622000,-712000,910000
2014/10/23,0,1223000,-370480,852520
2014/10/24,0,1227000,-1996632,-769632
2014/10/27,0,2220000,-138006,2081994
2014/10/28,0,6666000,-207000,6459000
2014/10/29,0,4421000,-472735,3948265
2014/10/30,0,2314000,-1494000,820000
2014/10/31,0,3310000,-936000,2374000
2014/11/03,0,1520000,-491000,1029000
2014/11/04,0,3539000,-771906,2767094
2014/11/05,0,1697000,-976720,720280
2014/11/06,0,3120000,-66000,3054000
2014/11/07,0,332000,-463926,-131926
2014/11/10,0,5362000,-531400,4830600
2014/11/11,0,1087000,-504160,582840
2014/11/12,0,1636000,-2236560,-600560
2014/11/13,0,1300000,-2214600,-914600
2014/11/14,0,3495000,-3234000,261000
2014/11/17,0,781000,-1636793,-855793
2014/11/18,0,3073526,-1064000,2009526
2014/11/19,0,6870000,-4640000,2230000
2014/11/20,0,2002000,-748000,1254000
2014/11/21,0,1952000,-1579200,372800
2014/11/24,0,1475000,-1816000,-341000
2014/11/25,0,2564000,-3219853,-655853
2014/11/26,0,682000,-638000,44000
2014/11/27,0,1219000,-328000,891000
2014/11/28,0,1249000,-882000,367000
2014/12/01,0,654000,-3191135,-2537135
2014/12/02,0,1650000,-3984000,-2334000
2014/12/03,0,1639000,-843000,796000
2014/12/04,0,2146000,-654000,1492000
2014/12/05,0,1138000,-326240,811760
2014/12/08,0,1416000,-1171000,245000
2014/12/09,0,3022000,-1991033,1030967
2014/12/10,0,2998833,-7090317,-4091484
2014/12/11,0,1996000,-3433040,-1437040
2014/12/12,0,360526,-1547000,-1186474
2014/12/15,0,150000,-2016600,-1866600
2014/12/16,0,1401000,-1248000,153000
2014/12/17,0,1409000,-9174492,-7765492
2014/12/18,0,2086000,-7133087,-5047087
2014/12/19,0,2669000,-1396120,1272880
2014/12/22,0,1769000,-590000,1179000
2014/12/23,0,1886000,-372000,1514000
2014/12/24,0,2020000,-1091000,929000
2014/12/25,0,1275000,-85000,1190000
2014/12/26,0,1135000,-105000,1030000
2014/12/29,0,3890000,-369000,3521000
2014/12/30,0,2147000,-260000,1887000
2014/12/31,0,1560000,-417049,1142951
2015/01/01,0,0,0,0
2015/01/02,0,0,0,0
2015/01/05,0,1728000,-2949000,-1221000
2015/01/06,0,1840000,-4693000,-2853000
2015/01/07,0,626000,-3221000,-2595000
2015/01/08,0,1649000,-1000000,649000
2015/01/09,0,1116000,-962000,154000
2015/01/12,0,973000,-1953400,-980400
2015/01/13,0,2166000,-743000,1423000
2015/01/14,0,918000,-2030000,-1112000
2015/01/15,0,964000,-2338000,-1374000
2015/01/16,0,378000,-4321349,-3943349
2015/01/19,0,1187000,-978000,209000
2015/01/20,0,1425000,-1094000,331000
2015/01/21,0,1903000,-1510860,392140
2015/01/22,0,2573000,-1604694,968306
2015/01/23,0,7744000,-566000,7178000
2015/01/26,0,1070000,-1193000,-123000
2015/01/27,0,2380000,-216804,2163196
2015/01/28,0,2034000,-3545000,-1511000
2015/01/29,0,2460000,-6112000,-3652000
2015/01/30,0,2688000,-2814000,-126000
2015/02/02,0,1786000,-927000,859000
2015/02/03,0,1231000,-1110000,121000
2015/02/04,0,2908000,-1696000,1212000
2015/02/05,0,2212000,-1501000,711000
2015/02/06,0,1829000,-1829880,-880
2015/02/09,0,994000,-1609000,-615000
2015/02/10,0,1484000,-2136000,-652000
2015/02/11,0,1710000,-1634000,76000
2015/02/12,0,4732000,-785078,3946922
2015/02/13,0,896000,-2510000,-1614000
2015/02/16,0,0,0,0
2015/02/17,0,0,0,0
2015/02/18,0,0,0,0
2015/02/19,0,0,0,0
2015/02/20,0,0,0,0
2015/02/23,0,0,0,0
2015/02/24,0,4080500,-3608000,472500
2015/02/25,0,3755000,-978320,2776680
2015/02/26,0,3392000,-3912600,-520600
2015/02/27,0,0,0,0
2015/03/02,0,1710000,-1166000,544000
2015/03/03,0,2574096,-985044,1589052
2015/03/04,0,892000,-626042,265958
2015/03/05,0,276000,-1322000,-1046000
2015/03/06,0,2718100,-2218000,500100
2015/03/09,0,104000,-3027000,-2923000
2015/03/10,0,1667143,-3241000,-1573857
2015/03/11,0,741000,-3711000,-2970000
2015/03/12,0,5752200,-3207000,2545200
2015/03/13,0,622000,-1804337,-1182337
2015/03/16,0,692000,-1764683,-1072683
2015/03/17,0,1710000,-3997977,-2287977
2015/03/18,0,2131000,-2847917,-716917
2015/03/19,0,5049200,-501000,4548200
2015/03/20,0,4779000,-3223000,1556000
2015/03/23,0,1436000,-1055995,380005
2015/03/24,0,3767000,-1368000,2399000
2015/03/25,0,1676000,-1555195,120805
2015/03/26,0,2714000,-1703000,1011000
2015/03/27,0,1228000,-2996262,-1768262
2015/03/30,0,2259568,-1680568,579000
2015/03/31,0,3226000,-1726000,1500000
2015/04/01,0,1955000,-1776000,179000
2015/04/02,0,6380526,-671000,5709526
2015/04/03,0,0,0,0
2015/04/06,0,0,0,0
2015/04/07,0,798000,-944000,-146000
2015/04/08,0,1007000,-1919000,-912000
2015/04/09,0,2358000,-723000,1635000
2015/04/10,0,2042000,-1080560,961440
2015/04/13,0,1062000,-459000,603000
2015/04/14,0,5387000,-1486000,3901000
2015/04/15,0,3437000,-8180000,-4743000
2015/04/16,0,3886000,-2334000,1552000
2015/04/17,0,637996,-2293476,-1655480
2015/04/20,0,2376175,-1483000,893175
2015/04/21,0,5150000,-384000,4766000
2015/04/22,0,3378000,-3034000,344000
2015/04/23,0,10709000,-1963789,8745211
2015/04/24,0,7313000,-834000,6479000
2015/04/27,0,6082000,-751760,5330240
2015/04/28,0,8126000,-1165000,6961000
2015/04/29,0,4934000,-1519000,3415000
2015/04/30,0,2709000,-4761000,-2052000
2015/05/01,0,0,0,0
2015/05/04,0,2921000,-1112000,1809000
2015/05/05,0,1773000,-767301,1005699
2015/05/06,0,7218000,-1843000,5375000
2015/05/07,0,1611000,-3264440,-1653440
2015/05/08,0,1128000,-824000,304000
2015/05/11,0,4391000,-2127000,2264000
2015/05/12,0,5691000,-2549020,3141980
2015/05/13,0,747000,-2513000,-1766000
2015/05/14,0,4548000,-5456000,-908000
2015/05/15,0,2456439,-3192000,-735561
2015/05/18,0,5040001,-2096000,2944001
2015/05/19,0,4625842,-1538000,3087842
2015/05/20,0,7201689,-5184000,2017689
2015/05/21,0,5500000,-8478500,-2978500
2015/05/22,0,1342000,-2723000,-1381000
2015/05/25,0,1291000,-1884000,-593000
2015/05/26,0,5859000,-2036000,3823000
2015/05/27,0,7314000,-2789000,4525000
2015/05/28,0,3121000,-4420996,-1299996
2015/05/29,0,16360829,-12584983,3775846
2015/06/01,0,698000,-3990000,-3292000
2015/06/02,0,1182000,-4817000,-3635000
2015/06/03,0,988000,-3158000,-2170000
2015/06/04,0,400000,-5769000,-5369000
2015/06/05,0,1253000,-4633253,-3380253
2015/06/08,0,1934000,-4455279,-2521279
2015/06/09,0,2721000,-5787754,-3066754
2015/06/10,0,4357000,-3916000,441000
2015/06/11,0,2377658,-5051000,-2673342
2015/06/12,0,2200000,-2355760,-155760
2015/06/15,0,1704490,-2838482,-1133992
2015/06/16,0,4293000,-5579000,-1286000
2015/06/17,0,3771694,-9009811,-5238117
2015/06/18,0,11189000,-8373000,2816000
2015/06/19,0,0,0,0
2015/06/22,0,1805862,-1916060,-110198
2015/06/23,0,82254,-2961000,-2878746
2015/06/24,0,1521000,-1277000,244000
2015/06/25,0,3881780,-4493000,-611220
2015/06/26,0,5121100,-1631000,3490100
2015/06/29,0,2094000,-1725327,368673
2015/06/30,0,5368000,-3324770,2043230
2015/07/01,0,1222000,-1329000,-107000
2015/07/02,0,893000,-4404000,-3511000
2015/07/03,0,1701000,-2810000,-1109000
2015/07/06,0,1352000,-2183000,-831000
2015/07/07,0,2979000,-1232000,1747000
2015/07/08,0,3365466,-5087919,-1722453
2015/07/09,0,3261000,-4488000,-1227000
2015/07/10,0,0,0,0
2015/07/13,0,342000,-3729840,-3387840
2015/07/14,0,2036960,-2090000,-53040
2015/07/15,0,907000,-3332141,-2425141
2015/07/16,0,269000,-1605000,-1336000
2015/07/17,0,1202074,-1310000,-107926
2015/07/20,0,1333000,-910000,423000
2015/07/21,0,1107252,-738000,369252
2015/07/22,0,304000,-2149000,-1845000
2015/07/23,0,1285055,-1755000,-469945
2015/07/24,0,498526,-826000,-327474
2015/07/27,0,1082000,-1511000,-429000
2015/07/28,0,1852334,-5099000,-3246666
2015/07/29,0,1211000,-5495897,-4284897
2015/07/30,0,2961000,-2463000,498000
2015/07/31,0,4643035,-4395000,248035
2015/08/03,0,3377000,-3954000,-577000
2015/08/04,0,1378000,-1388000,-10000
2015/08/05,0,1031000,-1848000,-817000
2015/08/06,0,764000,-1242000,-478000
2015/08/07,0,1407000,-2346968,-939968
2015/08/10,0,1208000,-497000,711000
2015/08/11,0,972000,-3709240,-2737240
2015/08/12,0,1261000,-2599280,-1338280
2015/08/13,0,1033000,-2781904,-1748904
2015/08/14,0,924000,-1642000,-718000
2015/08/17,0,1095320,-7267000,-6171680
2015/08/18,0,2371000,-3910560,-1539560
2015/08/19,0,419000,-3665000,-3246000
2015/08/20,0,2646000,-5074000,-2428000
2015/08/21,0,2798000,-5649000,-2851000
2015/08/24,0,5193000,-6251000,-1058000
2015/08/25,0,8964050,-6991417,1972633
2015/08/26,0,5101000,-4738000,363000
2015/08/27,0,5896353,-6594000,-697647
2015/08/28,0,3545000,-5799168,-2254168
2015/08/31,0,8982150,-8508000,474150
2015/09/01,0,15241000,-8619000,6622000
2015/09/02,0,2804000,-3928097,-1124097
2015/09/03,0,5704668,-3511000,2193668
2015/09/04,0,2365773,-3276130,-910357
2015/09/07,0,1345000,-1906000,-561000
2015/09/08,0,664000,-1184000,-520000
2015/09/09,0,9713663,-5377559,4336104
2015/09/10,0,9434477,-3843000,5591477
2015/09/11,0,1057000,-2524000,-1467000
2015/09/14,0,3115000,-3782820,-667820
2015/09/15,0,1949000,-2910000,-961000
2015/09/16,0,2186000,-1677372,508628
2015/09/17,0,8461000,-7734047,726953
2015/09/18,0,5445000,-10132477,-4687477
2015/09/21,0,1254000,-2213000,-959000
2015/09/22,0,1202000,-1124084,77916
2015/09/23,0,1252000,-3994155,-2742155
2015/09/24,0,2743000,-2198000,545000
2015/09/25,0,1019076,-3130614,-2111538
2015/09/28,0,0,0,0
2015/09/29,0,0,0,0
2015/09/30,0,5680411,-7347005,-1666594
2015/10/01,0,4812477,-1460914,3351563
2015/10/02,0,5123000,-3032000,2091000
2015/10/05,0,2913130,-3768578,-855448
2015/10/06,0,4185000,-1833084,2351916
2015/10/07,0,3511000,-3905000,-394000
2015/10/08,0,3843299,-1457611,2385688
2015/10/09,0,0,0,0
2015/10/12,0,3758300,-2694000,1064300
2015/10/13,0,3018075,-2747173,270902
2015/10/14,0,850751,-1022000,-171249
2015/10/15,0,2702000,-3136111,-434111
2015/10/16,0,1993000,-1192000,801000
2015/10/19,0,1869000,-693942,1175058
2015/10/20,0,2811000,-1470000,1341000
2015/10/21,0,2448000,-2396943,51057
2015/10/22,0,1828334,-2505977,-677643
2015/10/23,0,3798000,-2163000,1635000
2015/10/26,0,2352376,-1157000,1195376
2015/10/27,0,2990000,-3674383,-684383
2015/10/28,0,1598000,-3070729,-1472729
2015/10/29,0,996000,-3408726,-2412726
2015/10/30,0,2392539,-3460000,-1067461
2015/11/02,0,885000,-2229066,-1344066
2015/11/03,0,4447000,-1172200,3274800
2015/11/04,0,7428000,-655732,6772268
2015/11/05,0,2140000,-1513760,626240
2015/11/06,0,2709000,-6801716,-4092716
2015/11/09,0,622000,-1624000,-1002000
2015/11/10,0,369000,-4240500,-3871500
2015/11/11,0,2983000,-6154000,-3171000
2015/11/12,0,1009161,-2089000,-1079839
2015/11/13,0,2653000,-4232000,-1579000
2015/11/16,0,1385000,-3328438,-1943438
2015/11/17,0,1851000,-1450000,401000
2015/11/18,0,1023000,-3424444,-2401444
2015/11/19,0,1615000,-6602000,-4987000
2015/11/20,0,918000,-1997000,-1079000
2015/11/23,0,1530772,-1238000,292772
2015/11/24,0,1127106,-2855877,-1728771
2015/11/25,0,3982000,-2793000,1189000
2015/11/26,0,2823000,-596000,2227000
2015/11/27,0,867000,-1772000,-905000
2015/11/30,0,15535092,-19467238,-3932146
2015/12/01,0,3638000,-1875339,1762661
2015/12/02,0,1296000,-2666000,-1370000
2015/12/03,0,1351000,-1398176,-47176
2015/12/04,0,640081,-3984174,-3344093
2015/12/07,0,991000,-216174,774826
2015/12/08,0,556000,-3909521,-3353521
2015/12/09,0,229000,-6775416,-6546416
2015/12/10,0,2106000,-6045167,-3939167
2015/12/11,0,5091176,-4801000,290176
2015/12/14,0,1469000,-3930425,-2461425
2015/12/15,0,4933000,-3926000,1007000
2015/12/16,0,3234225,-2335721,898504
2015/12/17,0,2729000,-456277,2272723
2015/12/18,0,5922200,-4339000,1583200
2015/12/21,0,2261238,-3242000,-980762
2015/12/22,0,1689266,-778000,911266
2015/12/23,0,2435227,-740236,1694991
2015/12/24,0,1677000,-389000,1288000
2015/12/25,0,697000,-77000,620000
2015/12/28,0,3531000,-391000,3140000
2015/12/29,0,670000,-905000,-235000
2015/12/30,0,676000,-1845120,-1169120
2015/12/31,0,1948048,-1296000,652048
2016/01/01,0,0,0,0
2016/01/04,0,477960,-6271000,-5793040
2016/01/05,0,956153,-2147795,-1191642
2016/01/06,0,3218398,-2584143,634255
2016/01/07,0,1672705,-3406676,-1733971
2016/01/08,0,3263000,-5540404,-2277404
2016/01/11,0,1260000,-8086277,-6826277
2016/01/12,0,1416000,-2322000,-906000
2016/01/13,0,1651263,-2339442,-688179
2016/01/14,0,2032075,-2014000,18075
2016/01/15,0,1656000,-4864008,-3208008
2016/01/18,0,945000,-2178161,-1233161
2016/01/19,0,1221000,-2123197,-902197
2016/01/20,0,4707226,-5486000,-778774
2016/01/21,0,2497000,-3220000,-723000
2016/01/22,0,1826000,-3024000,-1198000
2016/01/25,0,2933000,-1392000,1541000
2016/01/26,0,1388228,-2918000,-1529772
2016/01/27,0,1906000,-1533889,372111
2016/01/28,0,4218000,-3359533,858467
2016/01/29,0,8930707,-3323000,5607707
2016/02/01,0,3698226,-2786987,911239
2016/02/02,0,4982000,-2085468,2896532
2016/02/03,0,4328000,-4204463,123537
2016/02/04,0,0,0,0
2016/02/05,0,0,0,0
2016/02/08,0,0,0,0
2016/02/09,0,0,0,0
2016/02/10,0,0,0,0
2016/02/11,0,0,0,0
2016/02/12,0,0,0,0
2016/02/15,0,6720075,-2057564,4662511
2016/02/16,0,4951000,-1132461,3818539
2016/02/17,0,1411150,-1408000,3150
2016/02/18,0,3136000,-1945351,1190649
2016/02/19,0,2618000,-612482,2005518
2016/02/22,0,1870000,-1221000,649000
2016/02/23,0,2372468,-1503000,869468
2016/02/24,0,1387000,-1939616,-552616
2016/02/25,0,4685801,-1596000,3089801
2016/02/26,0,11089000,-4756871,6332129
2016/02/29,0,0,0,0
2016/03/01,0,3681036,-5244696,-1563660
2016/03/02,0,2540000,-3783000,-1243000
2016/03/03,0,5045697,-2381000,2664697
2016/03/04,0,3504000,-3305000,199000
2016/03/07,0,3522000,-731000,2791000
2016/03/08,0,3671000,-2003000,1668000
2016/03/09,0,2424000,-2517464,-93464
2016/03/10,0,6275000,-2074497,4200503
2016/03/11,0,3919000,-1360000,2559000
2016/03/14,0,4510000,-603000,3907000
2016/03/15,0,4117000,-2893000,1224000
2016/03/16,0,7201000,-2377505,4823495
2016/03/17,0,8883446,-5936365,2947081
2016/03/18,0,10792000,-4153334,6638666
2016/03/21,0,2516000,-2718000,-202000
2016/03/22,0,5611888,-4284888,1327000
2016/03/23,0,3565000,-1202000,2363000
2016/03/24,0,2282000,-3777000,-1495000
2016/03/25,0,1159000,-484000,675000
2016/03/28,0,1184000,-565000,619000
2016/03/29,0,3794000,-2585000,1209000
2016/03/30,0,6318000,-1754000,4564000
2016/03/31,0,4637000,-5248000,-611000
2016/04/01,0,1331000,-4156823,-2825823
2016/04/04,0,0,0,0
2016/04/05,0,0,0,0
2016/04/06,0,5580721,-4656150,924571
2016/04/07,0,1967000,-5409006,-3442006
2016/04/08,0,3526000,-5049000,-1523000
2016/04/11,0,3958000,-2695150,1262850
2016/04/12,0,5505000,-2153000,3352000
2016/04/13,0,5656000,-3603000,2053000
2016/04/14,0,5538000,-3346136,2191864
2016/04/15,0,4387500,-2558000,1829500
2016/04/18,0,3568000,-1299000,2269000
2016/04/19,0,1426500,-3927000,-2500500
2016/04/20,0,3117858,-3017000,100858
2016/04/21,0,1327000,-885000,442000
2016/04/22,0,1344721,-826000,518721
2016/04/25,0,1032000,-811000,221000
2016/04/26,0,2492881,-1076000,1416881
2016/04/27,0,2262000,-4296000,-2034000
2016/04/28,0,1235584,-4616000,-3380416
2016/04/29,0,2416000,-5524000,-3108000
2016/05/02,0,0,0,0
2016/05/03,0,3582000,-4414669,-832669
2016/05/04,0,3797000,-5701654,-1904654
2016/05/05,0,1114000,-5938511,-4824511
2016/05/06,0,6864101,-7787000,-922899
2016/05/09,0,1088000,-5359000,-4271000
2016/05/10,0,2058721,-1600000,458721
2016/05/11,0,2361916,-4312000,-1950084
2016/05/12,0,4163000,-2026555,2136445
2016/05/13,0,1637000,-9971000,-8334000
2016/05/16,0,1707000,-4583094,-2876094
2016/05/17,0,4069000,-4871674,-802674
2016/05/18,0,6285039,-6384724,-99685
2016/05/19,0,3348600,-9073000,-5724400
2016/05/20,0,2416000,-3623000,-1207000
2016/05/23,0,5685873,-2850000,2835873
2016/05/24,0,900612,-2229000,-1328388
2016/05/25,0,2903721,-3298000,-394279
2016/05/26,0,1944000,-1819000,125000
2016/05/27,0,4801000,-3444000,1357000
2016/05/30,0,2953325,-2498705,454620
2016/05/31,0,36668645,-32322535,4346110
2016/06/01,0,5190006,-2880000,2310006
2016/06/02,0,4525612,-2046000,2479612
2016/06/03,0,2896000,-1537000,1359000
2016/06/06,0,3431000,-2834044,596956
2016/06/07,0,11227347,-1627000,9600347
2016/06/08,0,7892000,-1687500,6204500
2016/06/09,0,0,0,0
2016/06/10,0,0,0,0
2016/06/13,0,1547000,-2697000,-1150000
2016/06/14,0,2043000,-2222000,-179000
2016/06/15,0,1991000,-1576000,415000
2016/06/16,0,987000,-3474000,-2487000
2016/06/17,0,4894000,-2404449,2489551
2016/06/20,0,2212000,-326000,1886000
2016/06/21,0,3223206,-1103686,2119520
2016/06/22,0,2644210,-476000,2168210
2016/06/23,0,1539486,-934000,605486
2016/06/24,0,2721000,-5019000,-2298000
2016/06/27,0,419000,-758074,-339074
2016/06/28,0,494000,-1765000,-1271000
2016/06/29,0,2491000,-1954000,537000
2016/06/30,0,3895000,-3545000,350000
2016/07/01,0,5654000,-530000,5124000
2016/07/04,0,2059000,-1992000,67000
2016/07/05,0,1353000,-839000,514000
2016/07/06,0,1564241,-4003000,-2438759
2016/07/07,0,490000,-508000,-18000
2016/07/08,0,0,0,0
2016/07/11,0,6966674,-1531000,5435674
2016/07/12,0,3387000,-505592,2881408
2016/07/13,0,3384000,-1890000,1494000
2016/07/14,0,3481608,-241000,3240608
2016/07/15,0,7200486,-624000,6576486
2016/07/18,0,5100000,-866000,4234000
2016/07/19,0,7718891,-595000,7123891
2016/07/20,0,4680000,-306000,4374000
2016/07/21,0,4250000,-2184698,2065302
2016/07/22,0,3432000,-2492000,940000
2016/07/25,0,2274511,-901000,1373511
2016/07/26,0,2818000,-872000,1946000
2016/07/27,0,1663000,-1156000,507000
2016/07/28,0,2792000,-1648000,1144000
2016/07/29,0,2648000,-3996000,-1348000
2016/08/01,0,3911560,-1765000,2146560
2016/08/02,0,1288861,-1880362,-591501
2016/08/03,0,2465875,-628000,1837875
2016/08/04,0,640000,-1077000,-437000
2016/08/05,0,3805223,-1913000,1892223
2016/08/08,0,1720859,-891000,829859
2016/08/09,0,4604000,-1220000,3384000
2016/08/10,0,7077333,-1390000,5687333
2016/08/11,0,4767820,-1828000,2939820
2016/08/12,0,7530000,-773000,6757000
2016/08/15,0,3329000,-1142000,2187000
2016/08/16,0,4839000,-1638000,3201000
2016/08/17,0,3966831,-916000,3050831
2016/08/18,0,5973000,-991980,4981020
2016/08/19,0,3287320,-3187701,99619
2016/08/22,0,2829000,-2207043,621957
2016/08/23,0,3276000,-300000,2976000
2016/08/24,0,3612000,-538879,3073121
2016/08/25,0,5952000,-352000,5600000
2016/08/26,0,1875404,-1341000,534404
2016/08/29,0,3661000,-1881000,1780000
2016/08/30,0,4315081,-1338000,2977081
2016/08/31,0,4828978,-10212143,-5383165
2016/09/01,0,2067000,-5198000,-3131000
2016/09/02,0,7161340,-2214350,4946990
2016/09/05,0,6837200,-301000,6536200
2016/09/06,0,2946695,-2642000,304695
2016/09/07,0,3525845,-1192547,2333298
2016/09/08,0,2036000,-876900,1159100
2016/09/09,0,1658000,-1849000,-191000
2016/09/12,0,354000,-4512000,-4158000
2016/09/13,0,995000,-6533150,-5538150
2016/09/14,0,3639968,-7452050,-3812082
2016/09/15,0,0,0,0
2016/09/16,0,0,0,0
2016/09/19,0,1826000,-2489000,-663000
2016/09/20,0,356000,-1034000,-678000
2016/09/21,0,1270000,-1684000,-414000
2016/09/22,0,947925,-717000,230925
2016/09/23,0,2827000,-1426900,1400100
2016/09/26,0,540000,-581000,-41000
2016/09/27,0,0,0,0
2016/09/28,0,0,0,0
2016/09/29,0,5163540,-3611950,1551590
2016/09/30,0,2152536,-6671240,-4518704
2016/10/03,0,307000,-1816000,-1509000
2016/10/04,0,2772306,-1066738,1705568
2016/10/05,0,605786,-901100,-295314
2016/10/06,0,1489440,-1771300,-281860
2016/10/07,0,1461665,-3372773,-1911108
2016/10/10,0,0,0,0
2016/10/11,0,2575000,-2742000,-167000
2016/10/12,0,452035,-1428890,-976855
2016/10/13,0,2997849,-5122750,-2124901
2016/10/14,0,1195000,-1482069,-287069
2016/10/17,0,2382000,-2597828,-215828
2016/10/18,0,3284808,-852000,2432808
2016/10/19,0,3523479,-1518000,2005479
2016/10/20,0,4985791,-855000,4130791
2016/10/21,0,1310000,-1961600,-651600
2016/10/24,0,583000,-756738,-173738
2016/10/25,0,2744000,-3792000,-1048000
2016/10/26,0,2852400,-733879,2118521
2016/10/27,0,549285,-2753000,-2203715
2016/10/28,0,2443000,-2020000,423000
2016/10/31,0,2285579,-2754100,-468521
2016/11/01,0,1566000,-1242000,324000
2016/11/02,0,1555918,-2220400,-664482
2016/11/03,0,2365700,-1896000,469700
2016/11/04,0,733000,-2749000,-2016000
2016/11/07,0,841000,-2687215,-1846215
2016/11/08,0,1493607,-1350000,143607
2016/11/09,0,1616866,-5785000,-4168134
2016/11/10,0,1566000,-2562000,-996000
2016/11/11,0,443000,-7503211,-7060211
2016/11/14,0,488000,-5701531,-5213531
2016/11/15,0,1986000,-3842909,-1856909
2016/11/16,0,1751000,-1729000,22000
2016/11/17,0,1332000,-1913000,-581000
2016/11/18,0,742000,-3914000,-3172000
2016/11/21,0,2681000,-1276623,1404377
2016/11/22,0,2577274,-2887870,-310596
2016/11/23,0,3686000,-998160,2687840
2016/11/24,0,3171000,-1005754,2165246
2016/11/25,0,1826000,-1604000,222000
2016/11/28,0,2213000,-1253000,960000
2016/11/29,0,2438000,-3675480,-1237480
2016/11/30,0,7950000,-6946571,1003429
2016/12/01,0,2507037,-1195847,1311190
2016/12/02,0,2130750,-1330003,800747
2016/12/05,0,693000,-2688526,-1995526
2016/12/06,0,3581000,-1443366,2137634
2016/12/07,0,1629000,-2553550,-924550
2016/12/08,0,6047000,-622900,5424100
2016/12/09,0,6025409,-1001160,5024249
2016/12/12,0,2499000,-514000,1985000
2016/12/13,0,6596420,-2298000,4298420
2016/12/14,0,2483400,-506000,1977400
2016/12/15,0,4335000,-1273000,3062000
2016/12/16,0,2243000,-4573000,-2330000
2016/12/19,0,4371164,-1364841,3006323
2016/12/20,0,1238320,-1206490,31830
2016/12/21,0,2183000,-4336450,-2153450
2016/12/22,0,950236,-2297481,-1347245
2016/12/23,0,159000,-2904000,-2745000
2016/12/26,0,28000,-752000,-724000
2016/12/27,0,295000,-1170000,-875000
2016/12/28,0,957000,-846000,111000
2016/12/29,0,1779455,-2738013,-958558
2016/12/30,0,2304000,-1008571,1295429
2017/01/02,0,0,0,0
2017/01/03,0,613000,-821000,-208000
2017/01/04,0,2242000,-1891000,351000
2017/01/05,0,2261474,-753350,1508124
2017/01/06,0,828000,-605000,223000
2017/01/09,0,404676,-706000,-301324
2017/01/10,0,1305000,-902000,403000
2017/01/11,0,2108626,-995000,1113626
2017/01/12,0,3039000,-362000,2677000
2017/01/13,0,1525647,-1026000,499647
2017/01/16,0,775000,-6003000,-5228000
2017/01/17,0,747935,-4378200,-3630265
2017/01/18,0,2121700,-2924494,-802794
2017/01/19,0,662000,-1682109,-1020109
2017/01/20,0,1452056,-2885500,-1433444
2017/01/23,0,2294000,-1486522,807478
2017/01/24,0,3017620,-2828000,189620
2017/01/25,0,0,0,0
2017/01/26,0,0,0,0
2017/01/27,0,0,0,0
2017/01/30,0,0,0,0
2017/01/31,0,0,0,0
2017/02/01,0,0,0,0
2017/02/02,0,2743426,-7395914,-4652488
2017/02/03,0,1794000,-4015086,-2221086
2017/02/06,0,3801700,-2182000,1619700
2017/02/07,0,1084542,-940000,144542
2017/02/08,0,2324168,-3420778,-1096610
2017/02/09,0,685000,-2897755,-2212755
2017/02/10,0,5204000,-1544000,3660000
2017/02/13,0,2142898,-372000,1770898
2017/02/14,0,5402000,-2629000,2773000
2017/02/15,0,5787000,-1382000,4405000
2017/02/16,0,6145000,-803000,5342000
2017/02/17,0,2864000,-1126000,1738000
2017/02/20,0,1262000,-469461,792539
2017/02/21,0,1012000,-1045000,-33000
2017/02/22,0,2112000,-1049000,1063000
2017/02/23,0,1645000,-1420000,225000
2017/02/24,0,6284480,-4841318,1443162
2017/02/27,0,0,0,0
2017/02/28,0,0,0,0
2017/03/01,0,10109075,-3077375,7031700
2017/03/02,0,2377180,-2546422,-169242
2017/03/03,0,5161944,-1665498,3496446
2017/03/06,0,922291,-1109524,-187233
2017/03/07,0,1736000,-847436,888564
2017/03/08,0,630000,-1271531,-641531
2017/03/09,0,964000,-3818000,-2854000
2017/03/10,0,850000,-1698000,-848000
2017/03/13,0,859763,-409720,450043
2017/03/14,0,1942313,-463007,1479306
2017/03/15,0,1479000,-2351381,-872381
2017/03/16,0,3754000,-975000,2779000
2017/03/17,0,9843000,-3607796,6235204
2017/03/20,0,1225000,-2780000,-1555000
2017/03/21,0,3293966,-2229000,1064966
2017/03/22,0,2112210,-1740351,371859
2017/03/23,0,1516001,-1345162,170839
2017/03/24,0,3158449,-625415,2533034
2017/03/27,0,2199000,-881000,1318000
2017/03/28,0,4592000,-3562077,1029923
2017/03/29,0,1946787,-2913000,-966213
2017/03/30,0,2395000,-2446000,-51000
2017/03/31,0,3099000,-2818000,281000
2017/04/03,0,0,0,0
2017/04/04,0,0,0,0
2017/04/05,0,4911484,-2843866,2067618
2017/04/06,0,2910208,-1866000,1044208
2017/04/07,0,3348271,-2533150,815121
2017/04/10,0,785000,-1383000,-598000
2017/04/11,0,2765000,-1533000,1232000
2017/04/12,0,10844000,-4823675,6020325
2017/04/13,0,678000,-3452000,-2774000
2017/04/14,0,390000,-1918000,-1528000
2017/04/17,0,942000,-1322000,-380000
2017/04/18,0,6213000,-6141245,71755
2017/04/19,0,931000,-4502252,-3571252
2017/04/20,0,1445000,-2359700,-914700
2017/04/21,0,1031000,-1609453,-578453
2017/04/24,0,918000,-1238000,-320000
2017/04/25,0,5984400,-542000,5442400
2017/04/26,0,3233000,-364000,2869000
2017/04/27,0,1565936,-574000,991936
2017/04/28,0,2471920,-1509000,962920
2017/05/01,0,0,0,0
2017/05/02,0,2269000,-1085000,1184000
2017/05/03,0,1736000,-263000,1473000
2017/05/04,0,1710000,-539000,1171000
2017/05/05,0,588286,-282000,306286
2017/05/08,0,1394033,-804603,589430
2017/05/09,0,2097919,-1547630,550289
2017/05/10,0,3768946,-231000,3537946
2017/05/11,0,1429218,-342000,1087218
2017/05/12,0,1973726,-444077,1529649
2017/05/15,0,1532041,-909000,623041
2017/05/16,0,2275000,-7769111,-5494111
2017/05/17,0,3648000,-3831292,-183292
2017/05/18,0,1113626,-2990205,-1876579
2017/05/19,0,1599000,-1910000,-311000
2017/05/22,0,983615,-4330138,-3346523
2017/05/23,0,840660,-3673197,-2832537
2017/05/24,0,705994,-2447000,-1741006
2017/05/25,0,2215672,-2486204,-270532
2017/05/26,0,0,0,0
2017/05/29,0,0,0,0
2017/05/30,0,0,0,0
2017/05/31,0,41327521,-38497211,2830310
2017/06/01,0,2141275,-5070000,-2928725
2017/06/02,0,1338000,-2866962,-1528962
2017/06/05,0,1878098,-2600150,-722052
2017/06/06,0,1125024,-1562000,-436976
2017/06/07,0,1873000,-1742000,131000
2017/06/08,0,935000,-1666208,-731208
2017/06/09,0,784000,-2289907,-1505907
2017/06/12,0,243000,-3364000,-3121000
2017/06/13,0,530000,-1359000,-829000
2017/06/14,0,993000,-1326361,-333361
2017/06/15,0,1157000,-1677000,-520000
2017/06/16,0,1987796,-2852628,-864832
2017/06/19,0,533898,-1350894,-816996
2017/06/20,0,963000,-951677,11323
2017/06/21,0,4203000,-5069000,-866000
2017/06/22,0,1291768,-1541868,-250100
2017/06/23,0,1210000,-2161772,-951772
2017/06/26,0,5624000,-424257,5199743
2017/06/27,0,4882000,-674000,4208000
2017/06/28,0,2084648,-898112,1186536
2017/06/29,0,1850000,-523597,1326403
2017/06/30,0,7892500,-515000,7377500
2017/07/03,0,2552000,-138000,2414000
2017/07/04,0,2846000,-3144876,-298876
2017/07/05,0,3171000,-1394860,1776140
2017/07/06,0,2489000,-2688935,-199935
2017/07/07,0,3295050,-3448982,-153932
2017/07/10,0,615714,-3045937,-2430223
2017/07/11,0,2159427,-1246791,912636
2017/07/12,0,1878000,-2736196,-858196
2017/07/13,0,1707000,-1974433,-267433
2017/07/14,0,5432000,-2755200,2676800
2017/07/17,0,5119000,-705000,4414000
2017/07/18,0,1730986,-1789000,-58014
2017/07/19,0,4377000,-3285762,1091238
2017/07/20,0,5743279,-6499646,-756367
2017/07/21,0,5511476,-1424241,4087235
2017/07/24,0,2931382,-1269000,1662382
2017/07/25,0,2288274,-480558,1807716
2017/07/26,0,2689000,-1593000,1096000
2017/07/27,0,6372000,-103000,6269000
2017/07/28,0,6502000,-1315749,5186251
2017/07/31,0,4992000,-1296000,3696000
2017/08/01,0,4096850,-4099025,-2175
2017/08/02,0,1840074,-1125000,715074
2017/08/03,0,1263328,-2054928,-791600
2017/08/04,0,4588000,-1436772,3151228
2017/08/07,0,3041000,-573000,2468000
2017/08/08,0,4469000,-918000,3551000
2017/08/09,0,824473,-1572500,-748027
2017/08/10,0,3039964,-5594000,-2554036
2017/08/11,0,1140000,-2786000,-1646000
2017/08/14,0,2003000,-4203000,-2200000
2017/08/15,0,247000,-1930000,-1683000
2017/08/16,0,1233000,-2949000,-1716000
2017/08/17,0,1487000,-1275000,212000
2017/08/18,0,282090,-2867000,-2584910
