Date,Open,Buy,Sell,Total
2007/04/23,0,30000,-50000,-20000
2007/04/24,0,0,-50482,-50482
2007/04/25,0,0,0,0
2007/04/26,0,0,0,0
2007/04/27,0,0,0,0
2007/04/30,0,0,-160000,-160000
2007/05/01,0,0,0,0
2007/05/02,0,0,-121000,-121000
2007/05/03,0,49000,-103000,-54000
2007/05/04,0,0,-5000,-5000
2007/05/07,0,0,-20000,-20000
2007/05/08,0,0,-6000,-6000
2007/05/09,0,0,-34000,-34000
2007/05/10,0,0,0,0
2007/05/11,0,0,-8000,-8000
2007/05/14,0,0,-50000,-50000
2007/05/15,0,100000,-5000,95000
2007/05/16,0,400000,0,400000
2007/05/17,0,0,-7000,-7000
2007/05/18,0,0,-72000,-72000
2007/05/21,0,0,0,0
2007/05/22,0,0,0,0
2007/05/23,0,212000,-150000,62000
2007/05/24,0,0,0,0
2007/05/25,0,0,0,0
2007/05/28,0,0,-20000,-20000
2007/05/29,0,70000,0,70000
2007/05/30,0,0,0,0
2007/05/31,0,194000,-4034000,-3840000
2007/06/01,0,59000,0,59000
2007/06/04,0,610000,-711000,-101000
2007/06/05,0,0,0,0
2007/06/06,0,0,-450000,-450000
2007/06/07,0,110000,-170000,-60000
2007/06/08,0,0,-148000,-148000
2007/06/11,0,30000,-30000,0
2007/06/12,0,43000,-35000,8000
2007/06/13,0,0,0,0
2007/06/14,0,100000,-423000,-323000
2007/06/15,0,356000,0,356000
2007/06/18,0,0,0,0
2007/06/19,0,0,0,0
2007/06/20,0,1306000,0,1306000
2007/06/21,0,192000,0,192000
2007/06/22,0,0,0,0
2007/06/25,0,104000,-1704000,-1600000
2007/06/26,0,156000,-49000,107000
2007/06/27,0,21000,-10000,11000
2007/06/28,0,100000,0,100000
2007/06/29,0,944000,-308000,636000
2007/07/02,0,96000,-554000,-458000
2007/07/03,0,110000,-2710000,-2600000
2007/07/04,0,384000,-1065000,-681000
2007/07/05,0,87000,-610000,-523000
2007/07/06,0,1370000,-514000,856000
2007/07/09,0,2543000,-823000,1720000
2007/07/10,0,478000,-900000,-422000
2007/07/11,0,2141000,-995000,1146000
2007/07/12,0,1665000,-164000,1501000
2007/07/13,0,528000,-195000,333000
2007/07/16,0,2788000,-715000,2073000
2007/07/17,0,1347000,-224000,1123000
2007/07/18,0,5010000,-1770000,3240000
2007/07/19,0,795000,-329000,466000
2007/07/20,0,1500000,0,1500000
2007/07/23,0,2129000,-14000,2115000
2007/07/24,0,2562000,-50000,2512000
2007/07/25,0,941000,-775000,166000
2007/07/26,0,2459000,-1279000,1180000
2007/07/27,0,1152000,-4072000,-2920000
2007/07/30,0,471000,-1778000,-1307000
2007/07/31,0,1320000,-382000,938000
2007/08/01,0,360000,-3715000,-3355000
2007/08/02,0,323000,-362000,-39000
2007/08/03,0,500000,-36000,464000
2007/08/06,0,580000,-617000,-37000
2007/08/07,0,570000,0,570000
2007/08/08,0,608000,-300000,308000
2007/08/09,0,84000,-250000,-166000
2007/08/10,0,30000,-740000,-710000
2007/08/13,0,634000,-2213000,-1579000
2007/08/14,0,533000,-203000,330000
2007/08/15,0,254000,-872000,-618000
2007/08/16,0,334000,-3092000,-2758000
2007/08/17,0,45000,-3203000,-3158000
2007/08/20,0,1982000,-120000,1862000
2007/08/21,0,150000,-250000,-100000
2007/08/22,0,1116000,-385000,731000
2007/08/23,0,502000,-51000,451000
2007/08/24,0,111000,-75000,36000
2007/08/27,0,0,-187000,-187000
2007/08/28,0,16000,-100000,-84000
2007/08/29,0,58000,-2079000,-2021000
2007/08/30,0,50000,-100000,-50000
2007/08/31,0,503000,-203000,300000
2007/09/03,0,0,0,0
2007/09/04,0,0,-175000,-175000
2007/09/05,0,0,-147000,-147000
2007/09/06,0,200000,-672000,-472000
2007/09/07,0,0,-106000,-106000
2007/09/10,0,0,-824000,-824000
2007/09/11,0,63000,-19000,44000
2007/09/12,0,21000,0,21000
2007/09/13,0,24000,0,24000
2007/09/14,0,225000,0,225000
2007/09/17,0,0,-1000,-1000
2007/09/18,0,0,0,0
2007/09/19,0,176000,-275000,-99000
2007/09/20,0,2084000,-954000,1130000
2007/09/21,0,46000,-239000,-193000
2007/09/24,0,0,0,0
2007/09/25,0,0,0,0
2007/09/26,0,434000,-10000,424000
2007/09/27,0,430000,-16000,414000
2007/09/28,0,3024000,-20000,3004000
2007/10/01,0,665000,-58000,607000
2007/10/02,0,2158000,-427000,1731000
2007/10/03,0,2346000,-439000,1907000
2007/10/04,0,61000,-850000,-789000
2007/10/05,0,0,-265000,-265000
2007/10/08,0,280000,-640000,-360000
2007/10/09,0,550000,-346000,204000
2007/10/10,0,0,0,0
2007/10/11,0,980000,-641,979359
2007/10/12,0,1098000,-1358000,-260000
2007/10/15,0,5000,-1200000,-1195000
2007/10/16,0,1177000,-4091000,-2914000
2007/10/17,0,585000,-307000,278000
2007/10/18,0,130000,-1547000,-1417000
2007/10/19,0,30000,-260000,-230000
2007/10/22,0,250000,-3407000,-3157000
2007/10/23,0,433000,-182000,251000
2007/10/24,0,393000,-73000,320000
2007/10/25,0,4000,-255000,-251000
2007/10/26,0,22000,-52000,-30000
2007/10/29,0,1061000,-1300000,-239000
2007/10/30,0,165000,-1029000,-864000
2007/10/31,0,317000,-405000,-88000
2007/11/01,0,1890000,-50000,1840000
2007/11/02,0,350000,-562000,-212000
2007/11/05,0,846000,-689000,157000
2007/11/06,0,10000,-31000,-21000
2007/11/07,0,180000,-154000,26000
2007/11/08,0,105000,-2520000,-2415000
2007/11/09,0,217000,-300000,-83000
2007/11/12,0,29000,-277000,-248000
2007/11/13,0,145000,-64000,81000
2007/11/14,0,2222000,-223000,1999000
2007/11/15,0,460000,-1000,459000
2007/11/16,0,160000,-200000,-40000
2007/11/19,0,80000,-160000,-80000
2007/11/20,0,81000,-1350000,-1269000
2007/11/21,0,133000,-385000,-252000
2007/11/22,0,166000,-180000,-14000
2007/11/23,0,15000,-830000,-815000
2007/11/26,0,91000,-50000,41000
2007/11/27,0,0,-725000,-725000
2007/11/28,0,75000,-100000,-25000
2007/11/29,0,1048000,-1000,1047000
2007/11/30,0,257000,-386000,-129000
2007/12/03,0,65000,-88000,-23000
2007/12/04,0,9340000,-4606000,4734000
2007/12/05,0,525000,-3314000,-2789000
2007/12/06,0,40000,-1254000,-1214000
2007/12/07,0,2722000,-1738000,984000
2007/12/10,0,1000,-1282000,-1281000
2007/12/11,0,26000,-640000,-614000
2007/12/12,0,8000,-778000,-770000
2007/12/13,0,50000,-1650000,-1600000
2007/12/14,0,176000,-1992000,-1816000
2007/12/17,0,9000,-937000,-928000
2007/12/18,0,72000,-314000,-242000
2007/12/19,0,214000,-176000,38000
2007/12/20,0,10000,-163000,-153000
2007/12/21,0,114000,-314000,-200000
2007/12/24,0,12000,-130000,-118000
2007/12/25,0,0,-58000,-58000
2007/12/26,0,0,-101000,-101000
2007/12/27,0,365000,-37000,328000
2007/12/28,0,285000,-89000,196000
2007/12/31,0,325000,-25000,300000
2008/01/01,0,0,0,0
2008/01/02,0,105000,-108000,-3000
2008/01/03,0,51000,-157000,-106000
2008/01/04,0,318000,-26000,292000
2008/01/07,0,54000,-219000,-165000
2008/01/08,0,310000,-297000,13000
2008/01/09,0,63000,-15000,48000
2008/01/10,0,102000,-1000,101000
2008/01/11,0,934000,-640000,294000
2008/01/14,0,976000,-174000,802000
2008/01/15,0,12476000,-3061000,9415000
2008/01/16,0,564000,-1122000,-558000
2008/01/17,0,1060000,-4122000,-3062000
2008/01/18,0,2894000,-1906000,988000
2008/01/21,0,4368000,-343000,4025000
2008/01/22,0,162000,-1378000,-1216000
2008/01/23,0,271000,-216000,55000
2008/01/24,0,2220000,-393000,1827000
2008/01/25,0,416000,-44000,372000
2008/01/28,0,22000,-103000,-81000
2008/01/29,0,2000,-473000,-471000
2008/01/30,0,124000,-284000,-160000
2008/01/31,0,78000,-1577000,-1499000
2008/02/01,0,1223000,-135000,1088000
2008/02/04,0,0,0,0
2008/02/05,0,0,0,0
2008/02/06,0,0,0,0
2008/02/07,0,0,0,0
2008/02/08,0,0,0,0
2008/02/11,0,0,0,0
2008/02/12,0,16000,-100000,-84000
2008/02/13,0,185000,-57000,128000
2008/02/14,0,286000,-2435000,-2149000
2008/02/15,0,323000,-89000,234000
2008/02/18,0,80000,-68000,12000
2008/02/19,0,982000,-150000,832000
2008/02/20,0,254000,-159000,95000
2008/02/21,0,333000,-258000,75000
2008/02/22,0,288000,-1000,287000
2008/02/25,0,1410000,-402180,1007820
2008/02/26,0,371000,-504000,-133000
2008/02/27,0,40000,-30080,9920
2008/02/28,0,0,0,0
2008/02/29,0,1249000,-71000,1178000
2008/03/03,0,79000,-154919,-75919
2008/03/04,0,3770000,-78000,3692000
2008/03/05,0,2613000,-1236000,1377000
2008/03/06,0,2899000,-1030000,1869000
2008/03/07,0,525000,-1305000,-780000
2008/03/10,0,1208000,-1653980,-445980
2008/03/11,0,6202000,-5182000,1020000
2008/03/12,0,1258000,-771000,487000
2008/03/13,0,2345000,-1660979,684021
2008/03/14,0,5654000,-1838879,3815121
2008/03/17,0,4203000,-403000,3800000
2008/03/18,0,1168000,-913000,255000
2008/03/19,0,3901000,-127000,3774000
2008/03/20,0,2361000,-2581000,-220000
2008/03/21,0,4670000,-1705000,2965000
2008/03/24,0,14152000,-9798000,4354000
2008/03/25,0,1909000,-2439000,-530000
2008/03/26,0,7062000,-1248000,5814000
2008/03/27,0,8279000,-753005,7525995
2008/03/28,0,4915000,-1693000,3222000
2008/03/31,0,2162014,-480000,1682014
2008/04/01,0,3414000,-3342000,72000
2008/04/02,0,1866000,-907000,959000
2008/04/03,0,1835000,-1056000,779000
2008/04/04,0,0,0,0
2008/04/07,0,1742000,-1625000,117000
2008/04/08,0,707000,-1317000,-610000
2008/04/09,0,1742000,-1306000,436000
2008/04/10,0,1345000,-316000,1029000
2008/04/11,0,7808000,-1735000,6073000
2008/04/14,0,6052000,-3265907,2786093
2008/04/15,0,618000,-2822000,-2204000
2008/04/16,0,5985000,-22191000,-16206000
2008/04/17,0,2136000,-2043000,93000
2008/04/18,0,2151000,-2260000,-109000
2008/04/21,0,2818000,-1265000,1553000
2008/04/22,0,303000,-1364000,-1061000
2008/04/23,0,681000,-152000,529000
2008/04/24,0,4362000,-516000,3846000
2008/04/25,0,1635000,-404000,1231000
2008/04/28,0,4854000,-1654000,3200000
2008/04/29,0,1382000,-2376000,-994000
2008/04/30,0,1841000,-2984000,-1143000
2008/05/01,0,0,0,0
2008/05/02,0,378000,-670000,-292000
2008/05/05,0,2297000,-5049000,-2752000
2008/05/06,0,2659000,-1638000,1021000
2008/05/07,0,6492000,-4426000,2066000
2008/05/08,0,8552000,-3756000,4796000
2008/05/09,0,3044000,-1966000,1078000
2008/05/12,0,1546000,-1754000,-208000
2008/05/13,0,2029000,-740000,1289000
2008/05/14,0,2961000,-1998000,963000
2008/05/15,0,1116000,-2500000,-1384000
2008/05/16,0,446000,-173000,273000
2008/05/19,0,1389000,-731000,658000
2008/05/20,0,992000,-2473000,-1481000
2008/05/21,0,1012000,-1074000,-62000
2008/05/22,0,959000,-2137000,-1178000
2008/05/23,0,729000,-3488000,-2759000
2008/05/26,0,936000,-836000,100000
2008/05/27,0,2375000,-1665000,710000
2008/05/28,0,2035000,-1123000,912000
2008/05/29,0,1940000,-3654000,-1714000
2008/05/30,0,276000,-11092000,-10816000
2008/06/02,0,3168000,-5017000,-1849000
2008/06/03,0,1638000,-5191000,-3553000
2008/06/04,0,1407000,-1554182,-147182
2008/06/05,0,2952000,-150000,2802000
2008/06/06,0,4561000,-1640000,2921000
2008/06/09,0,1972000,-526000,1446000
2008/06/10,0,1424000,-2679000,-1255000
2008/06/11,0,1204000,-1081000,123000
2008/06/12,0,309000,-4137000,-3828000
2008/06/13,0,1228000,-6858000,-5630000
2008/06/16,0,1768000,-3520000,-1752000
2008/06/17,0,1118000,-2792000,-1674000
2008/06/18,0,562000,-947000,-385000
2008/06/19,0,1004000,-145000,859000
2008/06/20,0,192000,-899000,-707000
2008/06/23,0,3385000,-4656000,-1271000
2008/06/24,0,1791000,-2609000,-818000
2008/06/25,0,648000,-210000,438000
2008/06/26,0,669000,-404000,265000
2008/06/27,0,3682000,-5095000,-1413000
2008/06/30,0,673000,-1329000,-656000
2008/07/01,0,552000,-213000,339000
2008/07/02,0,1258000,-907000,351000
2008/07/03,0,6007000,-1661000,4346000
2008/07/04,0,2285000,-833000,1452000
2008/07/07,0,729000,-860000,-131000
2008/07/08,0,436000,-2508000,-2072000
2008/07/09,0,4199000,-8926000,-4727000
2008/07/10,0,5763000,-6810000,-1047000
2008/07/11,0,3348000,-938000,2410000
2008/07/14,0,162000,-421000,-259000
2008/07/15,0,4066000,-6072000,-2006000
2008/07/16,0,845000,-1016000,-171000
2008/07/17,0,4096000,-802000,3294000
2008/07/18,0,1215000,-2770000,-1555000
2008/07/21,0,1464000,-5410000,-3946000
2008/07/22,0,1872000,-2021000,-149000
2008/07/23,0,4416000,-2374000,2042000
2008/07/24,0,745000,-2088000,-1343000
2008/07/25,0,1178000,-1943000,-765000
2008/07/28,0,0,0,0
2008/07/29,0,311000,-724000,-413000
2008/07/30,0,422000,-478000,-56000
2008/07/31,0,234000,-762000,-528000
2008/08/01,0,728000,-3064000,-2336000
2008/08/04,0,1840000,-609000,1231000
2008/08/05,0,162000,-1421000,-1259000
2008/08/06,0,821000,-138000,683000
2008/08/07,0,130000,-976000,-846000
2008/08/08,0,3375000,-1860000,1515000
2008/08/11,0,1160000,-1649000,-489000
2008/08/12,0,554000,-244000,310000
2008/08/13,0,509000,-338000,171000
2008/08/14,0,721000,-234000,487000
2008/08/15,0,228000,-3596000,-3368000
2008/08/18,0,1142000,-3172000,-2030000
2008/08/19,0,682000,-638192,43808
2008/08/20,0,250000,-611000,-361000
2008/08/21,0,136000,-910000,-774000
2008/08/22,0,588000,-584000,4000
2008/08/25,0,99000,-3840000,-3741000
2008/08/26,0,135000,-373000,-238000
2008/08/27,0,111000,-1463000,-1352000
2008/08/28,0,354000,-307000,47000
2008/08/29,0,215000,-307000,-92000
2008/09/01,0,176000,-1412000,-1236000
2008/09/02,0,415000,-237000,178000
2008/09/03,0,431249,-432000,-751
2008/09/04,0,1009000,-1568000,-559000
2008/09/05,0,1477000,-1102000,375000
2008/09/08,0,243000,-1178000,-935000
2008/09/09,0,1775000,-180064,1594936
2008/09/10,0,1678000,-1926000,-248000
2008/09/11,0,1195000,-917000,278000
2008/09/12,0,2363000,-534523,1828477
2008/09/15,0,1256000,-854000,402000
2008/09/16,0,4741000,-510000,4231000
2008/09/17,0,2627000,-2515000,112000
2008/09/18,0,2747000,-40000,2707000
2008/09/19,0,5356000,-1151000,4205000
2008/09/22,0,4417000,-4407000,10000
2008/09/23,0,1401000,-1124000,277000
2008/09/24,0,350000,-5546000,-5196000
2008/09/25,0,676000,-1063000,-387000
2008/09/26,0,1509000,-1010000,499000
2008/09/29,0,0,0,0
2008/09/30,0,4094000,-244000,3850000
2008/10/01,0,1303000,-1216000,87000
2008/10/02,0,315000,-622000,-307000
2008/10/03,0,2816000,-507000,2309000
2008/10/06,0,1305000,-1635706,-330706
2008/10/07,0,2127000,-259000,1868000
2008/10/08,0,3852000,-463629,3388371
2008/10/09,0,5206000,-2448000,2758000
2008/10/10,0,0,0,0
2008/10/13,0,660000,-281000,379000
2008/10/14,0,101000,-2005000,-1904000
2008/10/15,0,1826000,-681000,1145000
2008/10/16,0,1000000,-6000,994000
2008/10/17,0,8453000,-5629000,2824000
2008/10/20,0,1445000,-1701626,-256626
2008/10/21,0,4043000,-3731000,312000
2008/10/22,0,1737000,-2128000,-391000
2008/10/23,0,100000,-800865,-700865
2008/10/24,0,1198000,-17621,1180379
2008/10/27,0,11776000,-16077000,-4301000
2008/10/28,0,1447000,-1241000,206000
2008/10/29,0,799000,-1840000,-1041000
2008/10/30,0,620000,-13143000,-12523000
2008/10/31,0,827000,-1696000,-869000
2008/11/03,0,1643000,-2952000,-1309000
2008/11/04,0,1425000,-264000,1161000
2008/11/05,0,916000,-2886000,-1970000
2008/11/06,0,2498000,-165000,2333000
2008/11/07,0,1058000,-1870248,-812248
2008/11/10,0,290000,-303000,-13000
2008/11/11,0,575683,-1085000,-509317
2008/11/12,0,403000,-112000,291000
2008/11/13,0,2747000,-579598,2167402
2008/11/14,0,248000,-1572480,-1324480
2008/11/17,0,1048000,-2082000,-1034000
2008/11/18,0,803000,-1020000,-217000
2008/11/19,0,504000,-2362000,-1858000
2008/11/20,0,1751000,-340000,1411000
2008/11/21,0,1347000,-155000,1192000
2008/11/24,0,449000,-2922000,-2473000
2008/11/25,0,195000,-320000,-125000
2008/11/26,0,1843000,-1516000,327000
2008/11/27,0,1075000,-2274000,-1199000
2008/11/28,0,1798000,-939000,859000
2008/12/01,0,1493000,-1855000,-362000
2008/12/02,0,937000,-2903000,-1966000
2008/12/03,0,1116000,-1806000,-690000
2008/12/04,0,431000,-316527,114473
2008/12/05,0,354000,-583000,-229000
2008/12/08,0,823000,-565000,258000
2008/12/09,0,1584000,-783000,801000
2008/12/10,0,2732000,-1921624,810376
2008/12/11,0,959000,-778000,181000
2008/12/12,0,677000,-1700000,-1023000
2008/12/15,0,2422000,-712000,1710000
2008/12/16,0,906000,-606000,300000
2008/12/17,0,2474000,-96000,2378000
2008/12/18,0,334000,-470000,-136000
2008/12/19,0,921000,-259000,662000
2008/12/22,0,473000,-3239000,-2766000
2008/12/23,0,732000,-2604000,-1872000
2008/12/24,0,771000,-292000,479000
2008/12/25,0,118000,-404000,-286000
2008/12/26,0,903000,-61000,842000
2008/12/29,0,416000,-231000,185000
2008/12/30,0,2368000,-1425000,943000
2008/12/31,0,277000,-326000,-49000
2009/01/01,0,0,0,0
2009/01/02,0,0,0,0
2009/01/05,0,444000,-393000,51000
2009/01/06,0,409000,-196000,213000
2009/01/07,0,663000,-1401000,-738000
2009/01/08,0,730000,-3868000,-3138000
2009/01/09,0,400000,-1012000,-612000
2009/01/12,0,696000,-601000,95000
2009/01/13,0,9000,-442000,-433000
2009/01/14,0,237000,-346000,-109000
2009/01/15,0,621000,-395000,226000
2009/01/16,0,150000,-114000,36000
2009/01/19,0,0,-236281,-236281
2009/01/20,0,1562000,-192000,1370000
2009/01/21,0,27000,-2124000,-2097000
2009/01/22,0,0,0,0
2009/01/23,0,0,0,0
2009/01/26,0,0,0,0
2009/01/27,0,0,0,0
2009/01/28,0,0,0,0
2009/01/29,0,0,0,0
2009/01/30,0,0,0,0
2009/02/02,0,9000,-358000,-349000
2009/02/03,0,110000,-207000,-97000
2009/02/04,0,61000,-85000,-24000
2009/02/05,0,181000,-85000,96000
2009/02/06,0,63000,-442000,-379000
2009/02/09,0,113000,-201000,-88000
2009/02/10,0,98000,-44000,54000
2009/02/11,0,97612,-1656000,-1558388
2009/02/12,0,122000,-74000,48000
2009/02/13,0,79000,-75000,4000
2009/02/16,0,20000,-720000,-700000
2009/02/17,0,118000,-126000,-8000
2009/02/18,0,33000,-80000,-47000
2009/02/19,0,134000,-54000,80000
2009/02/20,0,125000,-47000,78000
2009/02/23,0,88000,-72000,16000
2009/02/24,0,98000,-69000,29000
2009/02/25,0,602000,-348000,254000
2009/02/26,0,289000,-217000,72000
2009/02/27,0,353000,-76000,277000
2009/03/02,0,388000,-175000,213000
2009/03/03,0,427000,-231000,196000
2009/03/04,0,21000,-204000,-183000
2009/03/05,0,69000,-219000,-150000
2009/03/06,0,42000,-146000,-104000
2009/03/09,0,9000,-126000,-117000
2009/03/10,0,103000,-35000,68000
2009/03/11,0,525000,-503000,22000
2009/03/12,0,421000,-208000,213000
2009/03/13,0,1190000,-50548,1139452
2009/03/16,0,1447000,-615000,832000
2009/03/17,0,229000,-3062000,-2833000
2009/03/18,0,322000,-416000,-94000
2009/03/19,0,836000,-256000,580000
2009/03/20,0,451000,-1225000,-774000
2009/03/23,0,422000,-47000,375000
2009/03/24,0,477000,-504000,-27000
2009/03/25,0,1026000,-267000,759000
2009/03/26,0,1235000,-552000,683000
2009/03/27,0,1636000,-1620000,16000
2009/03/30,0,1122000,-1110000,12000
2009/03/31,0,2411000,-479000,1932000
2009/04/01,0,2207000,-620000,1587000
2009/04/02,0,2656000,-1502000,1154000
2009/04/03,0,1112000,-6345000,-5233000
2009/04/06,0,678000,-566000,112000
2009/04/07,0,204000,-645000,-441000
2009/04/08,0,150000,-944000,-794000
2009/04/09,0,3494000,-389000,3105000
2009/04/10,0,1615000,-703000,912000
2009/04/13,0,1330269,-552000,778269
2009/04/14,0,356000,-444000,-88000
2009/04/15,0,880000,-291000,589000
2009/04/16,0,3812000,-880000,2932000
2009/04/17,0,1709000,-2035091,-326091
2009/04/20,0,1161000,-2091000,-930000
2009/04/21,0,975000,-1172000,-197000
2009/04/22,0,1294000,-587000,707000
2009/04/23,0,717000,-479000,238000
2009/04/24,0,656000,-1399000,-743000
2009/04/27,0,1182000,-1236000,-54000
2009/04/28,0,794000,-791875,2125
2009/04/29,0,587000,-173000,414000
2009/04/30,0,1894000,-75000,1819000
2009/05/01,0,0,0,0
2009/05/04,0,2506000,-4069000,-1563000
2009/05/05,0,4397000,-1932000,2465000
2009/05/06,0,2852000,-2378000,474000
2009/05/07,0,874000,-2228000,-1354000
2009/05/08,0,1104000,-732000,372000
2009/05/11,0,2807000,-3375000,-568000
2009/05/12,0,3729000,-917000,2812000
2009/05/13,0,2580000,-2800000,-220000
2009/05/14,0,444000,-1103000,-659000
2009/05/15,0,1034000,-702000,332000
2009/05/18,0,390000,-804000,-414000
2009/05/19,0,3406000,-1982905,1423095
2009/05/20,0,6491000,-2940000,3551000
2009/05/21,0,4414000,-3694000,720000
2009/05/22,0,2983000,-1557000,1426000
2009/05/25,0,1947000,-2949392,-1002392
2009/05/26,0,1533000,-2007000,-474000
2009/05/27,0,1592000,-1439000,153000
2009/05/28,0,0,0,0
2009/05/29,0,0,0,0
2009/06/01,0,1236000,-5100000,-3864000
2009/06/02,0,868000,-1930000,-1062000
2009/06/03,0,1362000,-442720,919280
2009/06/04,0,1171000,-1203000,-32000
2009/06/05,0,1110000,-391000,719000
2009/06/08,0,509000,-1336000,-827000
2009/06/09,0,2732000,-3364000,-632000
2009/06/10,0,1021000,-484000,537000
2009/06/11,0,1521000,-894700,626300
2009/06/12,0,107000,-1960000,-1853000
2009/06/15,0,800000,-1293000,-493000
2009/06/16,0,1044000,-159148,884852
2009/06/17,0,748000,-858000,-110000
2009/06/18,0,1177000,-772000,405000
2009/06/19,0,788000,-783000,5000
2009/06/22,0,225000,-551000,-326000
2009/06/23,0,1129000,-65000,1064000
2009/06/24,0,1913000,-1621000,292000
2009/06/25,0,1387129,-1298000,89129
2009/06/26,0,354000,-416218,-62218
2009/06/29,0,394000,-785040,-391040
2009/06/30,0,1766000,-614000,1152000
2009/07/01,0,922000,-565000,357000
2009/07/02,0,3316000,-675000,2641000
2009/07/03,0,2339000,-874000,1465000
2009/07/06,0,1747000,-537000,1210000
2009/07/07,0,934117,-476000,458117
2009/07/08,0,1119000,-347000,772000
2009/07/09,0,1990000,-910000,1080000
2009/07/10,0,685000,-253000,432000
2009/07/13,0,1148000,-1371000,-223000
2009/07/14,0,573000,-697000,-124000
2009/07/15,0,1283905,-746000,537905
2009/07/16,0,1539000,-373000,1166000
2009/07/17,0,829000,-142000,687000
2009/07/20,0,3288000,-623000,2665000
2009/07/21,0,1698000,-1225000,473000
2009/07/22,0,2996000,-725000,2271000
2009/07/23,0,241324,-441000,-199676
2009/07/24,0,684472,-650000,34472
2009/07/27,0,1149000,-128000,1021000
2009/07/28,0,665379,-51000,614379
2009/07/29,0,594000,-2035000,-1441000
2009/07/30,0,789000,-335000,454000
2009/07/31,0,72000,-875000,-803000
2009/08/03,0,247400,-428000,-180600
2009/08/04,0,33000,-1060000,-1027000
2009/08/05,0,743000,-1553000,-810000
2009/08/06,0,153000,-94000,59000
2009/08/07,0,0,0,0
2009/08/10,0,133101,-300000,-166899
2009/08/11,0,680000,-45000,635000
2009/08/12,0,22000,-1199000,-1177000
2009/08/13,0,266000,-911000,-645000
2009/08/14,0,309000,-1139000,-830000
2009/08/17,0,293000,-1587000,-1294000
2009/08/18,0,599000,-1614000,-1015000
2009/08/19,0,151000,-533000,-382000
2009/08/20,0,230000,-1022000,-792000
2009/08/21,0,134000,-692000,-558000
2009/08/24,0,438000,-343000,95000
2009/08/25,0,125000,-365000,-240000
2009/08/26,0,610000,-209000,401000
2009/08/27,0,65000,-764000,-699000
2009/08/28,0,341000,-3836923,-3495923
2009/08/31,0,63000,-1002000,-939000
2009/09/01,0,1302000,-1074000,228000
2009/09/02,0,630000,-351000,279000
2009/09/03,0,388000,-834000,-446000
2009/09/04,0,301000,-171000,130000
2009/09/07,0,1266000,-398000,868000
2009/09/08,0,698000,-413000,285000
2009/09/09,0,1417000,-870000,547000
2009/09/10,0,2369000,-2476000,-107000
2009/09/11,0,75000,-216000,-141000
2009/09/14,0,218000,-371000,-153000
2009/09/15,0,349000,-411000,-62000
2009/09/16,0,494000,-261000,233000
2009/09/17,0,1376000,-345000,1031000
2009/09/18,0,133000,-167000,-34000
2009/09/21,0,87000,-677000,-590000
2009/09/22,0,311000,-299000,12000
2009/09/23,0,316000,-837000,-521000
2009/09/24,0,74000,-389000,-315000
2009/09/25,0,316000,-231000,85000
2009/09/28,0,224000,-151870,72130
2009/09/29,0,536000,-532000,4000
2009/09/30,0,335000,-119000,216000
2009/10/01,0,1615000,-818000,797000
2009/10/02,0,2351000,-617000,1734000
2009/10/05,0,70000,-253000,-183000
2009/10/06,0,270000,-895000,-625000
2009/10/07,0,2989000,-711000,2278000
2009/10/08,0,5662000,-357000,5305000
2009/10/09,0,1241000,-1400000,-159000
2009/10/12,0,1816000,-395000,1421000
2009/10/13,0,841000,-873000,-32000
2009/10/14,0,471000,-821000,-350000
2009/10/15,0,1099000,-1867000,-768000
2009/10/16,0,2119000,-1525000,594000
2009/10/19,0,100000,-124000,-24000
2009/10/20,0,252000,-623000,-371000
2009/10/21,0,456000,-1386000,-930000
2009/10/22,0,809000,-875000,-66000
2009/10/23,0,323000,-284000,39000
2009/10/26,0,296000,-323000,-27000
2009/10/27,0,201000,-320000,-119000
2009/10/28,0,483000,-204000,279000
2009/10/29,0,1394000,-1222000,172000
2009/10/30,0,219000,-298000,-79000
2009/11/02,0,769000,-738000,31000
2009/11/03,0,193000,-241000,-48000
2009/11/04,0,1535000,-350000,1185000
2009/11/05,0,74000,-363000,-289000
2009/11/06,0,337000,-164000,173000
2009/11/09,0,201000,-249000,-48000
2009/11/10,0,73000,-140000,-67000
2009/11/11,0,305000,-137000,168000
2009/11/12,0,790000,-598000,192000
2009/11/13,0,335000,-378000,-43000
2009/11/16,0,25000,-1439000,-1414000
2009/11/17,0,200000,-989000,-789000
2009/11/18,0,0,-434000,-434000
2009/11/19,0,150000,-535000,-385000
2009/11/20,0,134000,-555000,-421000
2009/11/23,0,149000,-205000,-56000
2009/11/24,0,308000,-505000,-197000
2009/11/25,0,277000,-150000,127000
2009/11/26,0,296000,-81000,215000
2009/11/27,0,80000,-1592000,-1512000
2009/11/30,0,140000,-513000,-373000
2009/12/01,0,523000,-401000,122000
2009/12/02,0,305000,-318000,-13000
2009/12/03,0,213000,-646000,-433000
2009/12/04,0,1356000,-131000,1225000
2009/12/07,0,102000,-320000,-218000
2009/12/08,0,290000,-166000,124000
2009/12/09,0,50000,-190000,-140000
2009/12/10,0,272000,-872000,-600000
2009/12/11,0,25000,-332458,-307458
2009/12/14,0,54000,-341000,-287000
2009/12/15,0,65000,-319000,-254000
2009/12/16,0,71000,-855000,-784000
2009/12/17,0,196000,-303000,-107000
2009/12/18,0,22000,-340000,-318000
2009/12/21,0,51000,-475000,-424000
2009/12/22,0,30000,-173000,-143000
2009/12/23,0,45000,-513000,-468000
2009/12/24,0,343000,-70000,273000
2009/12/25,0,606000,-310000,296000
2009/12/28,0,202000,-255000,-53000
2009/12/29,0,296000,-163000,133000
2009/12/30,0,128000,-2134000,-2006000
2009/12/31,0,350000,-305000,45000
2010/01/01,0,0,0,0
2010/01/04,0,353000,-318000,35000
2010/01/05,0,764000,-212000,552000
2010/01/06,0,499000,-313000,186000
2010/01/07,0,2267000,-125000,2142000
2010/01/08,0,502000,-558000,-56000
2010/01/11,0,998000,-67723,930277
2010/01/12,0,708000,-56000,652000
2010/01/13,0,499000,-429000,70000
2010/01/14,0,359000,-150000,209000
2010/01/15,0,630000,-389000,241000
2010/01/18,0,249000,-114000,135000
2010/01/19,0,0,-569000,-569000
2010/01/20,0,868,-337000,-336132
2010/01/21,0,2319000,-1253000,1066000
2010/01/22,0,411000,-904000,-493000
2010/01/25,0,92000,-231000,-139000
2010/01/26,0,1004000,-2105000,-1101000
2010/01/27,0,8000,-224000,-216000
2010/01/28,0,2578000,-1181000,1397000
2010/01/29,0,988000,-450000,538000
2010/02/01,0,610000,-420000,190000
2010/02/02,0,35000,-523000,-488000
2010/02/03,0,633000,-1073000,-440000
2010/02/04,0,782000,-49000,733000
2010/02/05,0,204000,-1555000,-1351000
2010/02/08,0,531000,0,531000
2010/02/09,0,339000,-120000,219000
2010/02/10,0,320000,-216000,104000
2010/02/11,0,0,0,0
2010/02/12,0,0,0,0
2010/02/15,0,0,0,0
2010/02/16,0,0,0,0
2010/02/17,0,0,0,0
2010/02/18,0,0,0,0
2010/02/19,0,0,0,0
2010/02/22,0,944000,-1100000,-156000
2010/02/23,0,543000,-50000,493000
2010/02/24,0,399000,-56000,343000
2010/02/25,0,252000,-444000,-192000
2010/02/26,0,450000,-477000,-27000
2010/03/01,0,481000,-650000,-169000
2010/03/02,0,519000,-435000,84000
2010/03/03,0,677000,0,677000
2010/03/04,0,295000,-295000,0
2010/03/05,0,214000,-18000,196000
2010/03/08,0,219000,-23000,196000
2010/03/09,0,17000,-153000,-136000
2010/03/10,0,11000,-213000,-202000
2010/03/11,0,35000,-373000,-338000
2010/03/12,0,62000,-50000,12000
2010/03/15,0,217000,-512000,-295000
2010/03/16,0,73000,-348000,-275000
2010/03/17,0,531000,-420000,111000
2010/03/18,0,1469000,-94000,1375000
2010/03/19,0,286000,0,286000
2010/03/22,0,162000,-268000,-106000
2010/03/23,0,345000,-315000,30000
2010/03/24,0,181000,-262000,-81000
2010/03/25,0,1434000,-530000,904000
2010/03/26,0,396000,-417000,-21000
2010/03/29,0,260000,-641000,-381000
2010/03/30,0,0,-546000,-546000
2010/03/31,0,329000,-335000,-6000
2010/04/01,0,3817000,-1093000,2724000
2010/04/02,0,486000,-2988000,-2502000
2010/04/05,0,0,0,0
2010/04/06,0,1014000,-1111000,-97000
2010/04/07,0,3684000,-907000,2777000
2010/04/08,0,762000,-1660000,-898000
2010/04/09,0,1178000,-236000,942000
2010/04/12,0,472000,-1373000,-901000
2010/04/13,0,322000,-316000,6000
2010/04/14,0,364000,-770000,-406000
2010/04/15,0,349000,-1053000,-704000
2010/04/16,0,455000,-519000,-64000
2010/04/19,0,400000,-557000,-157000
2010/04/20,0,595000,-1310000,-715000
2010/04/21,0,905000,-495000,410000
2010/04/22,0,565000,-191000,374000
2010/04/23,0,455000,-593000,-138000
2010/04/26,0,477000,-163000,314000
2010/04/27,0,60000,0,60000
2010/04/28,0,13000,-876000,-863000
2010/04/29,0,0,-379000,-379000
2010/04/30,0,480000,-725000,-245000
2010/05/03,0,774000,-394000,380000
2010/05/04,0,223000,-1071000,-848000
2010/05/05,0,630000,-672000,-42000
2010/05/06,0,954000,-748000,206000
2010/05/07,0,144000,-551000,-407000
2010/05/10,0,7000,-992000,-985000
2010/05/11,0,75000,-1554149,-1479149
2010/05/12,0,574000,-1593000,-1019000
2010/05/13,0,1512000,-235000,1277000
2010/05/14,0,1029000,-110390,918610
2010/05/17,0,215000,-1240000,-1025000
2010/05/18,0,1187000,-46000,1141000
2010/05/19,0,787000,-148000,639000
2010/05/20,0,259000,-689000,-430000
2010/05/21,0,599000,-728000,-129000
2010/05/24,0,518000,-224000,294000
2010/05/25,0,375000,-784000,-409000
2010/05/26,0,1235000,-86000,1149000
2010/05/27,0,437000,-521000,-84000
2010/05/28,0,229000,-375000,-146000
2010/05/31,0,280000,-80000,200000
2010/06/01,0,39000,-435000,-396000
2010/06/02,0,152000,-354000,-202000
2010/06/03,0,382000,-171000,211000
2010/06/04,0,36000,-30000,6000
2010/06/07,0,132000,-698000,-566000
2010/06/08,0,79000,-172000,-93000
2010/06/09,0,97000,-662000,-565000
2010/06/10,0,143000,-39000,104000
2010/06/11,0,771000,-274000,497000
2010/06/14,0,186000,-242000,-56000
2010/06/15,0,1030000,-180000,850000
2010/06/16,0,0,0,0
2010/06/17,0,877000,-38000,839000
2010/06/18,0,0,-106000,-106000
2010/06/21,0,988000,-66000,922000
2010/06/22,0,109000,-276000,-167000
2010/06/23,0,109000,-78000,31000
2010/06/24,0,410000,-227840,182160
2010/06/25,0,1482000,-409000,1073000
2010/06/28,0,2332000,-1461000,871000
2010/06/29,0,1714000,-1075000,639000
2010/06/30,0,1077000,-2264000,-1187000
2010/07/01,0,1309000,-300000,1009000
2010/07/02,0,2716000,-1567000,1149000
2010/07/05,0,2338000,-655000,1683000
2010/07/06,0,2564000,-578000,1986000
2010/07/07,0,1490000,-666000,824000
2010/07/08,0,1390000,-1233000,157000
2010/07/09,0,377000,-1321000,-944000
2010/07/12,0,465000,-4528000,-4063000
2010/07/13,0,311000,-485000,-174000
2010/07/14,0,412000,-1317000,-905000
2010/07/15,0,1601000,-824000,777000
2010/07/16,0,5334000,-3690000,1644000
2010/07/19,0,1711000,-2682000,-971000
2010/07/20,0,1099000,-1441000,-342000
2010/07/21,0,997000,-1199000,-202000
2010/07/22,0,1168000,-741000,427000
2010/07/23,0,754000,-860902,-106902
2010/07/26,0,1130000,-515000,615000
2010/07/27,0,1506000,-877000,629000
2010/07/28,0,958000,-1252000,-294000
2010/07/29,0,1099000,-207000,892000
2010/07/30,0,2631000,-1026000,1605000
2010/08/02,0,1278000,-3258000,-1980000
2010/08/03,0,788000,-1567000,-779000
2010/08/04,0,1030000,-1061000,-31000
2010/08/05,0,1545000,-2016000,-471000
2010/08/06,0,1224000,-2079000,-855000
2010/08/09,0,2810000,-1079000,1731000
2010/08/10,0,1103000,-3943000,-2840000
2010/08/11,0,857000,-1988000,-1131000
2010/08/12,0,917000,-758000,159000
2010/08/13,0,95000,-335000,-240000
2010/08/16,0,836000,-829000,7000
2010/08/17,0,1039000,-562000,477000
2010/08/18,0,1044000,-755000,289000
2010/08/19,0,1214000,-843000,371000
2010/08/20,0,294000,-540109,-246109
2010/08/23,0,2056000,-549000,1507000
2010/08/24,0,2893000,-2177000,716000
2010/08/25,0,1292000,-1731396,-439396
2010/08/26,0,481000,-1193000,-712000
2010/08/27,0,1684000,-1486000,198000
2010/08/30,0,2103000,-734000,1369000
2010/08/31,0,551000,-384000,167000
2010/09/01,0,1111000,-1842000,-731000
2010/09/02,0,104000,-2415000,-2311000
2010/09/03,0,428000,-334000,94000
2010/09/06,0,985000,-210000,775000
2010/09/07,0,4714000,-412000,4302000
2010/09/08,0,113000,-5257000,-5144000
2010/09/09,0,178000,-275261,-97261
2010/09/10,0,453000,-315000,138000
2010/09/13,0,1002000,-1120000,-118000
2010/09/14,0,380000,-575000,-195000
2010/09/15,0,306000,-212000,94000
2010/09/16,0,464000,-145000,319000
2010/09/17,0,1432000,-324000,1108000
2010/09/20,0,945000,-325000,620000
2010/09/21,0,806000,-314000,492000
2010/09/22,0,0,0,0
2010/09/23,0,1133000,-737000,396000
2010/09/24,0,958000,-522000,436000
2010/09/27,0,956000,-806000,150000
2010/09/28,0,1166000,-1835000,-669000
2010/09/29,0,493000,-364000,129000
2010/09/30,0,608000,-825000,-217000
2010/10/01,0,542000,-797000,-255000
2010/10/04,0,4074000,-2181202,1892798
2010/10/05,0,1430000,-2289000,-859000
2010/10/06,0,5125000,-4003000,1122000
2010/10/07,0,5475000,-4740037,734963
2010/10/08,0,2715000,-3749000,-1034000
2010/10/11,0,3201000,-705000,2496000
2010/10/12,0,3006000,-863000,2143000
2010/10/13,0,320000,-1171000,-851000
2010/10/14,0,5754000,-1187000,4567000
2010/10/15,0,1510000,-3160000,-1650000
2010/10/18,0,1756000,-2492000,-736000
2010/10/19,0,50000,-637000,-587000
2010/10/20,0,2282000,-501000,1781000
2010/10/21,0,1458040,-1001000,457040
2010/10/22,0,1014000,-946000,68000
2010/10/25,0,1265000,-3020000,-1755000
2010/10/26,0,2140000,-1606000,534000
2010/10/27,0,1471000,-392200,1078800
2010/10/28,0,2438240,-686000,1752240
2010/10/29,0,492000,-309720,182280
2010/11/01,0,2053000,-1337000,716000
2010/11/02,0,2207000,-1301000,906000
2010/11/03,0,1126000,-2059000,-933000
2010/11/04,0,2034000,-3440000,-1406000
2010/11/05,0,1982000,-1086000,896000
2010/11/08,0,2023000,-714000,1309000
2010/11/09,0,874000,-615000,259000
2010/11/10,0,1678000,-560000,1118000
2010/11/11,0,885000,-1479000,-594000
2010/11/12,0,1510000,-1445000,65000
2010/11/15,0,1535000,-882000,653000
2010/11/16,0,834000,-1225000,-391000
2010/11/17,0,966000,-931000,35000
2010/11/18,0,738000,-931000,-193000
2010/11/19,0,512000,-676000,-164000
2010/11/22,0,440000,-658160,-218160
2010/11/23,0,345000,-210000,135000
2010/11/24,0,1317000,-378000,939000
2010/11/25,0,828000,-1168400,-340400
2010/11/26,0,542000,-833000,-291000
2010/11/29,0,1399000,-305000,1094000
2010/11/30,0,478000,-1215000,-737000
2010/12/01,0,4189000,-3399000,790000
2010/12/02,0,2486000,-4902000,-2416000
2010/12/03,0,1265000,-2128000,-863000
2010/12/06,0,1418000,-2839000,-1421000
2010/12/07,0,1101000,-797040,303960
2010/12/08,0,773000,-1986000,-1213000
2010/12/09,0,2323000,-873000,1450000
2010/12/10,0,1152000,-1075000,77000
2010/12/13,0,1854000,-1170000,684000
2010/12/14,0,1442000,-278000,1164000
2010/12/15,0,654000,-1065000,-411000
2010/12/16,0,1018000,-654000,364000
2010/12/17,0,2315000,-3776000,-1461000
2010/12/20,0,1302000,-5773000,-4471000
2010/12/21,0,675000,-1559000,-884000
2010/12/22,0,667000,-428000,239000
2010/12/23,0,983000,-699000,284000
2010/12/24,0,501000,-786000,-285000
2010/12/27,0,1641000,-1304000,337000
2010/12/28,0,1508000,-1860000,-352000
2010/12/29,0,5543000,-2762000,2781000
2010/12/30,0,1060000,-4542000,-3482000
2010/12/31,0,1993000,-4168000,-2175000
2011/01/03,0,1163000,-2861000,-1698000
2011/01/04,0,1735000,-1344000,391000
2011/01/05,0,4233000,-1685000,2548000
2011/01/06,0,2094000,-1446000,648000
2011/01/07,0,882000,-2324000,-1442000
2011/01/10,0,683000,-1722000,-1039000
2011/01/11,0,4296000,-923000,3373000
2011/01/12,0,1042000,-1792000,-750000
2011/01/13,0,660000,-2252000,-1592000
2011/01/14,0,535000,-58000,477000
2011/01/17,0,740000,-621000,119000
2011/01/18,0,2275000,-1116000,1159000
2011/01/19,0,290000,-1610000,-1320000
2011/01/20,0,1110000,-337000,773000
2011/01/21,0,833000,-662000,171000
2011/01/24,0,237000,-1268000,-1031000
2011/01/25,0,3663000,-1025000,2638000
2011/01/26,0,1883000,-1348000,535000
2011/01/27,0,749000,-1125800,-376800
2011/01/28,0,3150000,-1668000,1482000
2011/01/31,0,0,0,0
2011/02/01,0,0,0,0
2011/02/02,0,0,0,0
2011/02/03,0,0,0,0
2011/02/04,0,0,0,0
2011/02/07,0,0,0,0
2011/02/08,0,838000,-1943000,-1105000
2011/02/09,0,654000,-1199000,-545000
2011/02/10,0,629000,-3046000,-2417000
2011/02/11,0,1822000,-4029000,-2207000
2011/02/14,0,933000,-444000,489000
2011/02/15,0,2007000,-1914000,93000
2011/02/16,0,1482000,-1359000,123000
2011/02/17,0,833000,-1510000,-677000
2011/02/18,0,3459000,-2284000,1175000
2011/02/21,0,273000,-581000,-308000
2011/02/22,0,721000,-2057000,-1336000
2011/02/23,0,1462000,-2059000,-597000
2011/02/24,0,660000,-467000,193000
2011/02/25,0,437000,-1380000,-943000
2011/02/28,0,0,0,0
2011/03/01,0,1212000,-514000,698000
2011/03/02,0,745000,-831000,-86000
2011/03/03,0,808000,-1531000,-723000
2011/03/04,0,637000,-884000,-247000
2011/03/07,0,1358000,-619000,739000
2011/03/08,0,1226000,-180000,1046000
2011/03/09,0,578000,-462000,116000
2011/03/10,0,614000,-1816000,-1202000
2011/03/11,0,152000,-639000,-487000
2011/03/14,0,420000,-2177000,-1757000
2011/03/15,0,1119000,-3314000,-2195000
2011/03/16,0,1243000,-354010,888990
2011/03/17,0,338000,-1100000,-762000
2011/03/18,0,1098000,-337000,761000
2011/03/21,0,325000,-309000,16000
2011/03/22,0,4000000,-611000,3389000
2011/03/23,0,332000,-917200,-585200
2011/03/24,0,166000,-670000,-504000
2011/03/25,0,364000,-623000,-259000
2011/03/28,0,99000,-1184000,-1085000
2011/03/29,0,230000,-768000,-538000
2011/03/30,0,470000,-520000,-50000
2011/03/31,0,119000,-302000,-183000
2011/04/01,0,323000,-49000,274000
2011/04/04,0,0,0,0
2011/04/05,0,0,0,0
2011/04/06,0,555000,-106000,449000
2011/04/07,0,1045000,-20000,1025000
2011/04/08,0,248000,-176000,72000
2011/04/11,0,180000,-155356,24644
2011/04/12,0,218000,-601000,-383000
2011/04/13,0,433000,-390000,43000
2011/04/14,0,310000,-189000,121000
2011/04/15,0,215000,-860000,-645000
2011/04/18,0,259000,-1098324,-839324
2011/04/19,0,534000,-1147000,-613000
2011/04/20,0,994000,-1355000,-361000
2011/04/21,0,3794000,-233000,3561000
2011/04/22,0,1415000,-392000,1023000
2011/04/25,0,2713000,-283000,2430000
2011/04/26,0,566000,-1958000,-1392000
2011/04/27,0,963000,-1827000,-864000
2011/04/28,0,1332000,-879000,453000
2011/04/29,0,175000,-587000,-412000
2011/05/02,0,0,0,0
2011/05/03,0,289000,-1082000,-793000
2011/05/04,0,272000,-355000,-83000
2011/05/05,0,1877000,-202000,1675000
2011/05/06,0,675000,-172000,503000
2011/05/09,0,2440000,-1253000,1187000
2011/05/10,0,1890000,-476000,1414000
2011/05/11,0,828000,-1014662,-186662
2011/05/12,0,942000,-980000,-38000
2011/05/13,0,287000,-621000,-334000
2011/05/16,0,171000,-873080,-702080
2011/05/17,0,276000,-1222000,-946000
2011/05/18,0,920000,-582000,338000
2011/05/19,0,2025000,-853892,1171108
2011/05/20,0,562000,-1668000,-1106000
2011/05/23,0,665000,-3322000,-2657000
2011/05/24,0,202000,-3636000,-3434000
2011/05/25,0,281000,-168000,113000
2011/05/26,0,45000,-238000,-193000
2011/05/27,0,135000,-248000,-113000
2011/05/30,0,18000,-274000,-256000
2011/05/31,0,666000,-612000,54000
2011/06/01,0,599000,-489000,110000
2011/06/02,0,16000,-186000,-170000
2011/06/03,0,73000,-418000,-345000
2011/06/06,0,0,0,0
2011/06/07,0,8000,-203000,-195000
2011/06/08,0,43000,-138000,-95000
2011/06/09,0,536000,-246000,290000
2011/06/10,0,1252000,-469000,783000
2011/06/13,0,292000,-592000,-300000
2011/06/14,0,26000,-99000,-73000
2011/06/15,0,162000,-1491000,-1329000
2011/06/16,0,39000,-911000,-872000
2011/06/17,0,107000,-1178000,-1071000
2011/06/20,0,285000,-1330000,-1045000
2011/06/21,0,210000,-54000,156000
2011/06/22,0,2657000,-239000,2418000
2011/06/23,0,10000,-12000,-2000
2011/06/24,0,6000,-285000,-279000
2011/06/27,0,162000,-498000,-336000
2011/06/28,0,50000,-118000,-68000
2011/06/29,0,310000,-57000,253000
2011/06/30,0,1785000,-8000,1777000
2011/07/01,0,0,-224000,-224000
2011/07/04,0,827000,-377000,450000
2011/07/05,0,15000,-188163,-173163
2011/07/06,0,7000,-3000,4000
2011/07/07,0,230000,-13000,217000
2011/07/08,0,152000,-73000,79000
2011/07/11,0,159000,-2760000,-2601000
2011/07/12,0,131000,-460000,-329000
2011/07/13,0,0,-75000,-75000
2011/07/14,0,50000,-5000,45000
2011/07/15,0,4000,-100000,-96000
2011/07/18,0,140000,-36000,104000
2011/07/19,0,60000,-201000,-141000
2011/07/20,0,1448000,-814000,634000
2011/07/21,0,873000,0,873000
2011/07/22,0,3836000,-522000,3314000
2011/07/25,0,555000,-189000,366000
2011/07/26,0,420000,-97000,323000
2011/07/27,0,578000,-38000,540000
2011/07/28,0,195000,-97000,98000
2011/07/29,0,2250000,-775490,1474510
2011/08/01,0,190000,-760000,-570000
2011/08/02,0,123000,-920000,-797000
2011/08/03,0,857000,-614000,243000
2011/08/04,0,3602000,-2267000,1335000
2011/08/05,0,557000,-7697000,-7140000
2011/08/08,0,359000,-3492000,-3133000
2011/08/09,0,538000,-1412000,-874000
2011/08/10,0,1695000,-290000,1405000
2011/08/11,0,677000,-938000,-261000
2011/08/12,0,33000,-490000,-457000
2011/08/15,0,378000,-10000,368000
2011/08/16,0,246000,-309000,-63000
2011/08/17,0,64000,-165000,-101000
2011/08/18,0,40000,-789000,-749000
2011/08/19,0,313000,-1251000,-938000
2011/08/22,0,420000,-150374,269626
2011/08/23,0,98000,-200000,-102000
2011/08/24,0,147000,-68000,79000
2011/08/25,0,176000,-69000,107000
2011/08/26,0,145000,-287000,-142000
2011/08/29,0,44000,-53000,-9000
2011/08/30,0,12000,-216000,-204000
2011/08/31,0,78000,-40000,38000
2011/09/01,0,480000,-218000,262000
2011/09/02,0,234000,-313000,-79000
2011/09/05,0,614000,-446000,168000
2011/09/06,0,87000,-495000,-408000
2011/09/07,0,851000,-53000,798000
2011/09/08,0,82000,-371000,-289000
2011/09/09,0,167000,-188000,-21000
2011/09/12,0,0,0,0
2011/09/13,0,53000,-511000,-458000
2011/09/14,0,51000,-679627,-628627
2011/09/15,0,73000,-20000,53000
2011/09/16,0,717000,-41000,676000
2011/09/19,0,95000,-106000,-11000
2011/09/20,0,258000,-192000,66000
2011/09/21,0,233000,-117000,116000
2011/09/22,0,117000,-538000,-421000
2011/09/23,0,107000,-574000,-467000
2011/09/26,0,219000,-32000,187000
2011/09/27,0,340000,-81000,259000
2011/09/28,0,162000,-154000,8000
2011/09/29,0,31000,-180000,-149000
2011/09/30,0,111000,-39000,72000
2011/10/03,0,14000,-178000,-164000
2011/10/04,0,283000,-85000,198000
2011/10/05,0,14000,-59724,-45724
2011/10/06,0,406000,-39000,367000
2011/10/07,0,573000,-295000,278000
2011/10/10,0,0,0,0
2011/10/11,0,213000,-274000,-61000
2011/10/12,0,206000,-54000,152000
2011/10/13,0,38400,-26000,12400
2011/10/14,0,10000,-233000,-223000
2011/10/17,0,63000,-9192,53808
2011/10/18,0,27000,-206028,-179028
2011/10/19,0,8000,-216855,-208855
2011/10/20,0,10000,-178530,-168530
2011/10/21,0,158000,0,158000
2011/10/24,0,524000,-277000,247000
2011/10/25,0,553000,-158000,395000
2011/10/26,0,241000,-331000,-90000
2011/10/27,0,246000,-147000,99000
2011/10/28,0,462000,-30000,432000
2011/10/31,0,298000,-67000,231000
2011/11/01,0,51000,-270000,-219000
2011/11/02,0,133000,-126000,7000
2011/11/03,0,58000,-585000,-527000
2011/11/04,0,359000,0,359000
2011/11/07,0,60000,-250000,-190000
2011/11/08,0,244000,-52199,191801
2011/11/09,0,9000,-165507,-156507
2011/11/10,0,480000,-812000,-332000
2011/11/11,0,211000,-190000,21000
2011/11/14,0,153000,-311000,-158000
2011/11/15,0,277000,-50000,227000
2011/11/16,0,41000,-613000,-572000
2011/11/17,0,94000,-44000,50000
2011/11/18,0,121000,-38000,83000
2011/11/21,0,23000,-85000,-62000
2011/11/22,0,78000,-35250,42750
2011/11/23,0,257000,-322000,-65000
2011/11/24,0,321000,-150000,171000
2011/11/25,0,73000,-121000,-48000
2011/11/28,0,738000,-77000,661000
2011/11/29,0,374000,-42000,332000
2011/11/30,0,0,-246000,-246000
2011/12/01,0,623000,-50000,573000
2011/12/02,0,638000,-443000,195000
2011/12/05,0,188000,-263000,-75000
2011/12/06,0,138000,-362035,-224035
2011/12/07,0,93000,-46000,47000
2011/12/08,0,166000,-245000,-79000
2011/12/09,0,22000,-116000,-94000
2011/12/12,0,469000,-249000,220000
2011/12/13,0,35000,-303000,-268000
2011/12/14,0,51000,-228000,-177000
2011/12/15,0,10000,-79000,-69000
2011/12/16,0,40000,-485000,-445000
2011/12/19,0,56000,-165000,-109000
2011/12/20,0,189000,-3721000,-3532000
2011/12/21,0,306000,-1296000,-990000
2011/12/22,0,422000,-450000,-28000
2011/12/23,0,375000,-340000,35000
2011/12/26,0,359000,-60000,299000
2011/12/27,0,82000,-89000,-7000
2011/12/28,0,171000,-28000,143000
2011/12/29,0,235000,0,235000
2011/12/30,0,525000,-46000,479000
2012/01/02,0,3401000,-22000,3379000
2012/01/03,0,434000,-82028,351972
2012/01/04,0,4136000,-268000,3868000
2012/01/05,0,3405000,-1565000,1840000
2012/01/06,0,120000,-3986000,-3866000
2012/01/09,0,0,-2185331,-2185331
2012/01/10,0,58000,-470000,-412000
2012/01/11,0,105000,-152000,-47000
2012/01/12,0,236000,-850000,-614000
2012/01/13,0,179000,-726000,-547000
2012/01/16,0,93000,-740000,-647000
2012/01/17,0,181000,-711000,-530000
2012/01/18,0,90000,-616000,-526000
2012/01/19,0,0,0,0
2012/01/20,0,0,0,0
2012/01/23,0,0,0,0
2012/01/24,0,0,0,0
2012/01/25,0,0,0,0
2012/01/26,0,0,0,0
2012/01/27,0,0,0,0
2012/01/30,0,391000,-55000,336000
2012/01/31,0,1867000,-443000,1424000
2012/02/01,0,1268000,-2017000,-749000
2012/02/02,0,242000,-2047000,-1805000
2012/02/03,0,708000,-772000,-64000
2012/02/06,0,5151000,-1613000,3538000
2012/02/07,0,525000,-802000,-277000
2012/02/08,0,665000,-1892000,-1227000
2012/02/09,0,4658000,-269000,4389000
2012/02/10,0,2911000,-1339000,1572000
2012/02/13,0,521000,-1786000,-1265000
2012/02/14,0,341000,-509000,-168000
2012/02/15,0,539000,-415000,124000
2012/02/16,0,338000,-619000,-281000
2012/02/17,0,596000,-400000,196000
2012/02/20,0,152000,-388000,-236000
2012/02/21,0,902000,-982000,-80000
2012/02/22,0,626000,-1156000,-530000
2012/02/23,0,76000,-196000,-120000
2012/02/24,0,214000,-218000,-4000
2012/02/27,0,0,0,0
2012/02/28,0,0,0,0
2012/02/29,0,624000,-2682000,-2058000
2012/03/01,0,167000,-225000,-58000
2012/03/02,0,533000,-190000,343000
2012/03/05,0,170000,-707000,-537000
2012/03/06,0,629000,-632000,-3000
2012/03/07,0,216000,-586000,-370000
2012/03/08,0,436000,-618000,-182000
2012/03/09,0,181000,-627000,-446000
2012/03/12,0,332000,-135000,197000
2012/03/13,0,538000,-759000,-221000
2012/03/14,0,151000,-467000,-316000
2012/03/15,0,181000,-425000,-244000
2012/03/16,0,248000,-440149,-192149
2012/03/19,0,54000,-336000,-282000
2012/03/20,0,66000,-389000,-323000
2012/03/21,0,159000,-75000,84000
2012/03/22,0,254000,-126000,128000
2012/03/23,0,46000,-262000,-216000
2012/03/26,0,139000,-347000,-208000
2012/03/27,0,40000,-309000,-269000
2012/03/28,0,12000,-184000,-172000
2012/03/29,0,225000,-1978857,-1753857
2012/03/30,0,292000,-168000,124000
2012/04/02,0,112000,-148000,-36000
2012/04/03,0,422000,-415000,7000
2012/04/04,0,0,0,0
2012/04/05,0,118000,-245000,-127000
2012/04/06,0,121000,-308000,-187000
2012/04/09,0,444000,-283000,161000
2012/04/10,0,134000,-27000,107000
2012/04/11,0,0,-136805,-136805
2012/04/12,0,58000,-21000,37000
2012/04/13,0,55000,-115000,-60000
2012/04/16,0,66000,-12000,54000
2012/04/17,0,50000,-330000,-280000
2012/04/18,0,0,-8000,-8000
2012/04/19,0,17000,-256000,-239000
2012/04/20,0,23000,-45000,-22000
2012/04/23,0,22000,-41000,-19000
2012/04/24,0,15000,-31000,-16000
2012/04/25,0,165000,-135000,30000
2012/04/26,0,20000,-237000,-217000
2012/04/27,0,0,-30445,-30445
2012/04/30,0,169000,-14000,155000
2012/05/01,0,0,0,0
2012/05/02,0,69000,-100000,-31000
2012/05/03,0,0,-72000,-72000
2012/05/04,0,0,-363000,-363000
2012/05/07,0,342000,-215000,127000
2012/05/08,0,78000,-161387,-83387
2012/05/09,0,52000,-65000,-13000
2012/05/10,0,18000,0,18000
2012/05/11,0,35000,-252000,-217000
2012/05/14,0,5000,-64000,-59000
2012/05/15,0,44000,-12000,32000
2012/05/16,0,0,-106000,-106000
2012/05/17,0,67000,-33000,34000
2012/05/18,0,34000,-83000,-49000
2012/05/21,0,0,0,0
2012/05/22,0,2000,-10000,-8000
2012/05/23,0,40000,-57000,-17000
2012/05/24,0,45000,-62000,-17000
2012/05/25,0,30000,-19000,11000
2012/05/28,0,85551,-39359,46192
2012/05/29,0,69000,-156000,-87000
2012/05/30,0,150000,-38000,112000
2012/05/31,0,3000,-174000,-171000
2012/06/01,0,0,-201000,-201000
2012/06/04,0,26000,-5000,21000
2012/06/05,0,0,-28000,-28000
2012/06/06,0,0,-44000,-44000
2012/06/07,0,0,-150000,-150000
2012/06/08,0,0,-42595,-42595
2012/06/11,0,62000,-8000,54000
2012/06/12,0,0,-33000,-33000
2012/06/13,0,3000,-12000,-9000
2012/06/14,0,138000,-51000,87000
2012/06/15,0,83000,-70000,13000
2012/06/18,0,77000,-29000,48000
2012/06/19,0,34000,-27000,7000
2012/06/20,0,22000,-2410,19590
2012/06/21,0,0,-56000,-56000
2012/06/22,0,100000,-55000,45000
2012/06/25,0,50000,-230000,-180000
2012/06/26,0,5000,-100110,-95110
2012/06/27,0,17000,-219785,-202785
2012/06/28,0,0,-32000,-32000
2012/06/29,0,2000,0,2000
2012/07/02,0,122000,-135000,-13000
2012/07/03,0,50000,-52000,-2000
2012/07/04,0,45000,-11000,34000
2012/07/05,0,843000,0,843000
2012/07/06,0,44000,-568000,-524000
2012/07/09,0,1726000,-28000,1698000
2012/07/10,0,119000,-2082000,-1963000
2012/07/11,0,151000,-101000,50000
2012/07/12,0,50000,-53000,-3000
2012/07/13,0,32000,-199000,-167000
2012/07/16,0,0,-39000,-39000
2012/07/17,0,250000,-24000,226000
2012/07/18,0,84000,-274000,-190000
2012/07/19,0,2981000,0,2981000
2012/07/20,0,18000,-2412000,-2394000
2012/07/23,0,75000,-364000,-289000
2012/07/24,0,264000,-20000,244000
2012/07/25,0,0,-74000,-74000
2012/07/26,0,667000,-35000,632000
2012/07/27,0,162000,-600000,-438000
2012/07/30,0,382000,-222000,160000
2012/07/31,0,9000,-69000,-60000
2012/08/01,0,95000,-53000,42000
2012/08/02,0,0,0,0
2012/08/03,0,10000,-79000,-69000
2012/08/06,0,275000,-50000,225000
2012/08/07,0,187000,-302000,-115000
2012/08/08,0,330000,-147000,183000
2012/08/09,0,56000,-812000,-756000
2012/08/10,0,218000,-320000,-102000
2012/08/13,0,102000,-27000,75000
2012/08/14,0,185000,-82000,103000
2012/08/15,0,85000,-81000,4000
2012/08/16,0,0,-75000,-75000
2012/08/17,0,378000,0,378000
2012/08/20,0,75000,-18000,57000
2012/08/21,0,414000,0,414000
2012/08/22,0,41000,-103000,-62000
2012/08/23,0,514000,-110000,404000
2012/08/24,0,3000,-100000,-97000
2012/08/27,0,20000,-294000,-274000
2012/08/28,0,40000,-204000,-164000
2012/08/29,0,2000,-141000,-139000
2012/08/30,0,30000,-426000,-396000
2012/08/31,0,11000,-167000,-156000
2012/09/03,0,14000,-242000,-228000
2012/09/04,0,0,-254000,-254000
2012/09/05,0,2000,-113000,-111000
2012/09/06,0,0,-133000,-133000
2012/09/07,0,0,-86560,-86560
2012/09/10,0,0,-202000,-202000
2012/09/11,0,0,-228000,-228000
2012/09/12,0,72000,-191000,-119000
2012/09/13,0,146000,-116000,30000
2012/09/14,0,155000,-170000,-15000
2012/09/17,0,613000,-239000,374000
2012/09/18,0,360000,-200000,160000
2012/09/19,0,82000,-294419,-212419
2012/09/20,0,164000,-363000,-199000
2012/09/21,0,152000,-379000,-227000
2012/09/24,0,310000,-708000,-398000
2012/09/25,0,50000,-430000,-380000
2012/09/26,0,347000,-543000,-196000
2012/09/27,0,110000,-197000,-87000
2012/09/28,0,200000,-1943000,-1743000
2012/10/01,0,231000,-1223000,-992000
2012/10/02,0,21000,-568000,-547000
2012/10/03,0,521000,-660000,-139000
2012/10/04,0,208000,-713000,-505000
2012/10/05,0,356000,-669000,-313000
2012/10/08,0,250000,-512000,-262000
2012/10/09,0,315000,-588000,-273000
2012/10/10,0,0,0,0
2012/10/11,0,93000,-246000,-153000
2012/10/12,0,288000,-661000,-373000
2012/10/15,0,67000,-295000,-228000
2012/10/16,0,0,-236000,-236000
2012/10/17,0,106000,-483000,-377000
2012/10/18,0,94000,-224000,-130000
2012/10/19,0,25000,-323000,-298000
2012/10/22,0,8000,-123000,-115000
2012/10/23,0,100000,-450000,-350000
2012/10/24,0,240000,-360000,-120000
2012/10/25,0,265000,-474000,-209000
2012/10/26,0,15000,-350000,-335000
2012/10/29,0,9000,-88000,-79000
2012/10/30,0,39000,-498000,-459000
2012/10/31,0,2000,-88000,-86000
2012/11/01,0,19000,-208000,-189000
2012/11/02,0,5000,-543000,-538000
2012/11/05,0,168000,-220000,-52000
2012/11/06,0,6000,-226000,-220000
2012/11/07,0,10000,-613000,-603000
2012/11/08,0,113000,-1249000,-1136000
2012/11/09,0,41000,-291000,-250000
2012/11/12,0,50000,-565000,-515000
2012/11/13,0,250000,-769000,-519000
2012/11/14,0,0,-414000,-414000
2012/11/15,0,116000,-844000,-728000
2012/11/16,0,113000,-420000,-307000
2012/11/19,0,66000,-265000,-199000
2012/11/20,0,50000,-235000,-185000
2012/11/21,0,51000,-360000,-309000
2012/11/22,0,9000,-259400,-250400
2012/11/23,0,54000,-458000,-404000
2012/11/26,0,135000,-311040,-176040
2012/11/27,0,7000,-382000,-375000
2012/11/28,0,26000,-160000,-134000
2012/11/29,0,187000,-627000,-440000
2012/11/30,0,87000,-768000,-681000
2012/12/03,0,280000,-345000,-65000
2012/12/04,0,224000,-207000,17000
2012/12/05,0,418000,-235000,183000
2012/12/06,0,193000,-403000,-210000
2012/12/07,0,177000,-205000,-28000
2012/12/10,0,0,-177000,-177000
2012/12/11,0,286000,-194000,92000
2012/12/12,0,104000,-315000,-211000
2012/12/13,0,103000,-288000,-185000
2012/12/14,0,69000,-150000,-81000
2012/12/17,0,40000,-311000,-271000
2012/12/18,0,10000,-298000,-288000
2012/12/19,0,120000,-571000,-451000
2012/12/20,0,0,-692000,-692000
2012/12/21,0,80000,-731000,-651000
2012/12/24,0,0,-98000,-98000
2012/12/25,0,122000,-18000,104000
2012/12/26,0,50000,-23000,27000
2012/12/27,0,99000,-19000,80000
2012/12/28,0,255000,-254000,1000
2012/12/31,0,0,0,0
2013/01/01,0,0,0,0
2013/01/02,0,18000,-70000,-52000
2013/01/03,0,198000,-25000,173000
2013/01/04,0,105000,-130000,-25000
2013/01/07,0,112000,-23000,89000
2013/01/08,0,211000,-113000,98000
2013/01/09,0,0,-117000,-117000
2013/01/10,0,261000,-90000,171000
2013/01/11,0,15000,-437000,-422000
2013/01/14,0,101000,-114000,-13000
2013/01/15,0,209000,-85000,124000
2013/01/16,0,144000,-199000,-55000
2013/01/17,0,40000,-270000,-230000
2013/01/18,0,236000,-139000,97000
2013/01/21,0,158000,-22000,136000
2013/01/22,0,109000,-44000,65000
2013/01/23,0,0,-320000,-320000
2013/01/24,0,191000,-85000,106000
2013/01/25,0,90000,-78000,12000
2013/01/28,0,305000,-30000,275000
2013/01/29,0,45000,-109000,-64000
2013/01/30,0,146000,-251000,-105000
2013/01/31,0,164000,-240000,-76000
2013/02/01,0,544000,-86000,458000
2013/02/04,0,307000,-220000,87000
2013/02/05,0,0,-361000,-361000
2013/02/06,0,224000,-68000,156000
2013/02/07,0,0,0,0
2013/02/08,0,0,0,0
2013/02/11,0,0,0,0
2013/02/12,0,0,0,0
2013/02/13,0,0,0,0
2013/02/14,0,0,0,0
2013/02/15,0,0,0,0
2013/02/18,0,235000,-69000,166000
2013/02/19,0,171000,-121000,50000
2013/02/20,0,673000,-404000,269000
2013/02/21,0,335000,-38000,297000
2013/02/22,0,300000,-150000,150000
2013/02/25,0,218000,-317000,-99000
2013/02/26,0,219000,-116000,103000
2013/02/27,0,52000,-9000,43000
2013/02/28,0,0,0,0
2013/03/01,0,0,-55000,-55000
2013/03/04,0,40000,-249000,-209000
2013/03/05,0,10000,-241000,-231000
2013/03/06,0,100000,0,100000
2013/03/07,0,248000,-196000,52000
2013/03/08,0,259000,-268000,-9000
2013/03/11,0,79000,-137000,-58000
2013/03/12,0,138000,0,138000
2013/03/13,0,2720000,-448000,2272000
2013/03/14,0,1363000,-2011000,-648000
2013/03/15,0,468000,-126000,342000
2013/03/18,0,169000,-511000,-342000
2013/03/19,0,20000,-140000,-120000
2013/03/20,0,279000,-454000,-175000
2013/03/21,0,88000,-236000,-148000
2013/03/22,0,0,-582000,-582000
2013/03/25,0,580000,-87000,493000
2013/03/26,0,305000,-459000,-154000
2013/03/27,0,356000,-245000,111000
2013/03/28,0,17000,-1058000,-1041000
2013/03/29,0,381000,-232000,149000
2013/04/01,0,153000,-310000,-157000
2013/04/02,0,126000,-253000,-127000
2013/04/03,0,135000,-169000,-34000
2013/04/04,0,0,0,0
2013/04/05,0,0,0,0
2013/04/08,0,60000,-328000,-268000
2013/04/09,0,10000,-394000,-384000
2013/04/10,0,980000,-201000,779000
2013/04/11,0,10000,-225000,-215000
2013/04/12,0,9000,0,9000
2013/04/15,0,10000,-91000,-81000
2013/04/16,0,80000,-75000,5000
2013/04/17,0,4000,-274000,-270000
2013/04/18,0,188000,-85000,103000
2013/04/19,0,206000,-10000,196000
2013/04/22,0,15000,-348000,-333000
2013/04/23,0,89000,-15000,74000
2013/04/24,0,59000,-35000,24000
2013/04/25,0,5000,-81000,-76000
2013/04/26,0,44000,-25000,19000
2013/04/29,0,27000,-20000,7000
2013/04/30,0,18000,-210000,-192000
2013/05/01,0,0,0,0
2013/05/02,0,0,-2000,-2000
2013/05/03,0,153000,-87000,66000
2013/05/06,0,94000,-20000,74000
2013/05/07,0,36000,-46000,-10000
2013/05/08,0,111000,-42000,69000
2013/05/09,0,131000,-41000,90000
2013/05/10,0,99000,-53000,46000
2013/05/13,0,0,-85000,-85000
2013/05/14,0,109000,-8000,101000
2013/05/15,0,251000,-36000,215000
2013/05/16,0,361000,0,361000
2013/05/17,0,483000,-213000,270000
2013/05/20,0,73000,-9000,64000
2013/05/21,0,193000,-186000,7000
2013/05/22,0,162000,-241000,-79000
2013/05/23,0,27000,-336000,-309000
2013/05/24,0,215000,-385000,-170000
2013/05/27,0,80000,-14000,66000
2013/05/28,0,37000,-117000,-80000
2013/05/29,0,46000,-274000,-228000
2013/05/30,0,69000,-278000,-209000
2013/05/31,0,132000,-346000,-214000
2013/06/03,0,32000,-82000,-50000
2013/06/04,0,93000,-81000,12000
2013/06/05,0,69000,-109320,-40320
2013/06/06,0,97000,-301000,-204000
2013/06/07,0,49000,-298000,-249000
2013/06/10,0,43000,-149000,-106000
2013/06/11,0,71000,-46000,25000
2013/06/12,0,0,0,0
2013/06/13,0,120000,-77000,43000
2013/06/14,0,62000,-76000,-14000
2013/06/17,0,46000,-52000,-6000
2013/06/18,0,96000,-52000,44000
2013/06/19,0,531000,-111000,420000
2013/06/20,0,0,-73000,-73000
2013/06/21,0,423000,-131000,292000
2013/06/24,0,187000,-27000,160000
2013/06/25,0,309000,-263000,46000
2013/06/26,0,23000,-606000,-583000
2013/06/27,0,98000,-99300,-1300
2013/06/28,0,161000,-288000,-127000
2013/07/01,0,45000,-55000,-10000
2013/07/02,0,50000,-147000,-97000
2013/07/03,0,0,-59000,-59000
2013/07/04,0,65000,0,65000
2013/07/05,0,156000,-1000,155000
2013/07/08,0,73000,-62000,11000
2013/07/09,0,91000,-60000,31000
2013/07/10,0,43000,-229000,-186000
2013/07/11,0,136000,-48000,88000
2013/07/12,0,171000,-65000,106000
2013/07/15,0,15000,-73000,-58000
2013/07/16,0,27000,-58000,-31000
2013/07/17,0,331000,-103000,228000
2013/07/18,0,146000,-74000,72000
2013/07/19,0,35000,-71000,-36000
2013/07/22,0,40000,-24000,16000
2013/07/23,0,352000,-84000,268000
2013/07/24,0,26000,-90000,-64000
2013/07/25,0,226000,-2000,224000
2013/07/26,0,412000,-18000,394000
2013/07/29,0,9000,-11000,-2000
2013/07/30,0,49000,0,49000
2013/07/31,0,1000,-37000,-36000
2013/08/01,0,104000,-11000,93000
2013/08/02,0,560000,0,560000
2013/08/05,0,236000,-72000,164000
2013/08/06,0,0,-219000,-219000
2013/08/07,0,50000,-296000,-246000
2013/08/08,0,40000,-92000,-52000
2013/08/09,0,116000,-358000,-242000
2013/08/12,0,1923000,-103149,1819851
2013/08/13,0,0,-1573000,-1573000
2013/08/14,0,0,-375000,-375000
2013/08/15,0,0,-574000,-574000
2013/08/16,0,21000,-172000,-151000
2013/08/19,0,23000,-66000,-43000
2013/08/20,0,10000,-214000,-204000
2013/08/21,0,0,0,0
2013/08/22,0,5000,-90000,-85000
2013/08/23,0,0,-152000,-152000
2013/08/26,0,0,-139000,-139000
2013/08/27,0,0,-93000,-93000
2013/08/28,0,53000,-39000,14000
2013/08/29,0,4000,-5000,-1000
2013/08/30,0,0,-91000,-91000
2013/09/02,0,101000,-10000,91000
2013/09/03,0,84000,-39000,45000
2013/09/04,0,107000,-51000,56000
2013/09/05,0,13000,-76000,-63000
2013/09/06,0,117000,-20000,97000
2013/09/09,0,13000,-12000,1000
2013/09/10,0,0,-55000,-55000
2013/09/11,0,0,-92000,-92000
2013/09/12,0,0,-60000,-60000
2013/09/13,0,0,-34000,-34000
2013/09/16,0,0,-65000,-65000
2013/09/17,0,0,-428000,-428000
2013/09/18,0,149000,-32520,116480
2013/09/19,0,0,0,0
2013/09/20,0,0,0,0
2013/09/23,0,99000,-90000,9000
2013/09/24,0,77000,-16000,61000
2013/09/25,0,0,-1520,-1520
2013/09/26,0,5000,-28000,-23000
2013/09/27,0,91000,-20000,71000
2013/09/30,0,56000,-18920,37080
2013/10/01,0,155000,-72000,83000
2013/10/02,0,119000,-38000,81000
2013/10/03,0,197000,-144000,53000
2013/10/04,0,87000,-130000,-43000
2013/10/07,0,126000,-171000,-45000
2013/10/08,0,219000,-55000,164000
2013/10/09,0,1388000,-333000,1055000
2013/10/10,0,0,0,0
2013/10/11,0,126000,-370000,-244000
2013/10/14,0,26000,-651000,-625000
2013/10/15,0,80000,-123000,-43000
2013/10/16,0,0,-43000,-43000
2013/10/17,0,0,-152000,-152000
2013/10/18,0,0,-44000,-44000
2013/10/21,0,5000,-8000,-3000
2013/10/22,0,0,0,0
2013/10/23,0,42000,-141000,-99000
2013/10/24,0,105000,0,105000
2013/10/25,0,1000,-115000,-114000
2013/10/28,0,0,-63000,-63000
2013/10/29,0,10000,-10000,0
2013/10/30,0,0,-30000,-30000
2013/10/31,0,0,-154000,-154000
2013/11/01,0,0,-52000,-52000
2013/11/04,0,0,-104000,-104000
2013/11/05,0,63000,-24000,39000
2013/11/06,0,0,-28000,-28000
2013/11/07,0,114000,0,114000
2013/11/08,0,0,0,0
2013/11/11,0,136000,-4000,132000
2013/11/12,0,657400,0,657400
2013/11/13,0,1006600,-27000,979600
2013/11/14,0,20000,-50000,-30000
2013/11/15,0,320000,-48000,272000
2013/11/18,0,300000,-12000,288000
2013/11/19,0,109000,-83000,26000
2013/11/20,0,176000,-72000,104000
2013/11/21,0,508400,-93000,415400
2013/11/22,0,179995,-49000,130995
2013/11/25,0,750990,-269000,481990
2013/11/26,0,759996,-12000,747996
2013/11/27,0,25000,0,25000
2013/11/28,0,422000,0,422000
2013/11/29,0,620252,-21000,599252
2013/12/02,0,5244,-74000,-68756
2013/12/03,0,244986,-427000,-182014
2013/12/04,0,261000,-15000,246000
2013/12/05,0,629990,-312000,317990
2013/12/06,0,612834,-23000,589834
2013/12/09,0,32000,-80000,-48000
2013/12/10,0,37474,0,37474
2013/12/11,0,1010985,0,1010985
2013/12/12,0,808991,-20000,788991
2013/12/13,0,155000,-29000,126000
2013/12/16,0,935000,-119000,816000
2013/12/17,0,16010,-32000,-15990
2013/12/18,0,43000,-559000,-516000
2013/12/19,0,250190,-20000,230190
2013/12/20,0,375990,-115000,260990
2013/12/23,0,279985,0,279985
2013/12/24,0,274706,0,274706
2013/12/25,0,632495,-16000,616495
2013/12/26,0,410209,-82000,328209
2013/12/27,0,214985,0,214985
2013/12/30,0,116000,-51000,65000
2013/12/31,0,788985,-116000,672985
2014/01/02,0,254000,-26000,228000
2014/01/03,0,1453827,-87000,1366827
2014/01/06,0,1105985,-12000,1093985
2014/01/07,0,41000,0,41000
2014/01/08,0,17117,-165000,-147883
2014/01/09,0,315489,-492000,-176511
2014/01/10,0,646000,-298000,348000
2014/01/13,0,206000,-74000,132000
2014/01/14,0,297993,-66000,231993
2014/01/15,0,250987,-89000,161987
2014/01/16,0,408985,-26000,382985
2014/01/17,0,564102,-140000,424102
2014/01/20,0,280557,-212000,68557
2014/01/21,0,397000,-214000,183000
2014/01/22,0,568985,-54000,514985
2014/01/23,0,545245,-36000,509245
2014/01/24,0,118996,-101000,17996
2014/01/27,0,793649,-624000,169649
2014/02/05,0,22000,-294000,-272000
2014/02/06,0,0,-39707,-39707
2014/02/07,0,7000,-196000,-189000
2014/02/10,0,0,-19000,-19000
2014/02/11,0,10000,-21000,-11000
2014/02/12,0,25000,-88000,-63000
2014/02/13,0,10000,-63000,-53000
2014/02/14,0,218000,0,218000
2014/02/17,0,0,-48000,-48000
2014/02/18,0,13000,-386000,-373000
2014/02/19,0,61000,-9000,52000
2014/02/20,0,0,-82000,-82000
2014/02/21,0,46000,0,46000
2014/02/24,0,128000,-170000,-42000
2014/02/25,0,44000,-144000,-100000
2014/02/26,0,36000,-265000,-229000
2014/02/27,0,0,-13000,-13000
2014/03/03,0,10000,-344000,-334000
2014/03/04,0,22347,-43000,-20653
2014/03/05,0,0,-200000,-200000
2014/03/06,0,16000,-153000,-137000
2014/03/07,0,75000,-110000,-35000
2014/03/10,0,0,-10000,-10000
2014/03/11,0,3044,0,3044
2014/03/12,0,10000,0,10000
2014/03/13,0,28000,-145000,-117000
2014/03/14,0,82000,-27000,55000
2014/03/17,0,87000,-237574,-150574
2014/03/18,0,11000,-1520000,-1509000
2014/03/19,0,531000,-773000,-242000
2014/03/20,0,10000,-16000,-6000
2014/03/21,0,19000,-138000,-119000
2014/03/24,0,127000,-9000,118000
2014/03/25,0,0,-1968097,-1968097
2014/03/26,0,0,-541000,-541000
2014/03/27,0,114000,0,114000
2014/03/28,0,0,-1147000,-1147000
2014/03/31,0,2000,-829000,-827000
2014/04/01,0,7000,-37880,-30880
2014/04/02,0,39000,-47000,-8000
2014/04/03,0,20000,0,20000
2014/04/07,0,2000,0,2000
2014/04/08,0,233000,0,233000
2014/04/09,0,0,0,0
2014/04/10,0,0,-100000,-100000
2014/04/11,0,27000,-54000,-27000
2014/04/14,0,0,-40400,-40400
2014/04/15,0,42000,-16000,26000
2014/04/16,0,12000,-34120,-22120
2014/04/17,0,0,-696000,-696000
2014/04/18,0,0,-573000,-573000
2014/04/21,0,32000,-1285000,-1253000
2014/04/22,0,0,-435000,-435000
2014/04/23,0,0,-229000,-229000
2014/04/24,0,10000,-1474000,-1464000
2014/04/25,0,8000,-221000,-213000
2014/04/28,0,161000,-30000,131000
2014/04/29,0,121000,-43000,78000
2014/04/30,0,0,-28000,-28000
2014/05/02,0,0,-1603000,-1603000
2014/05/05,0,0,-420000,-420000
2014/05/06,0,43000,-1178000,-1135000
2014/05/07,0,2000,-18000,-16000
2014/05/08,0,116000,-1203729,-1087729
2014/05/09,0,0,-515000,-515000
2014/05/12,0,63000,-55000,8000
2014/05/13,0,8000,-437000,-429000
2014/05/14,0,157000,-216000,-59000
2014/05/15,0,45000,-18000,27000
2014/05/16,0,0,-10000,-10000
2014/05/19,0,0,0,0
2014/05/20,0,0,-3000,-3000
2014/05/21,0,4000,-2000,2000
2014/05/22,0,0,-24000,-24000
2014/05/23,0,99000,-57000,42000
2014/05/26,0,0,-22000,-22000
2014/05/27,0,0,0,0
2014/05/28,0,289000,-900000,-611000
2014/05/29,0,0,-137000,-137000
2014/05/30,0,103000,-77000,26000
2014/06/03,0,55000,-300000,-245000
2014/06/04,0,87000,-29000,58000
2014/06/05,0,48000,-102000,-54000
2014/06/06,0,191000,-200000,-9000
2014/06/09,0,0,-50000,-50000
2014/06/10,0,39000,-100000,-61000
2014/06/11,0,119000,0,119000
2014/06/12,0,86000,0,86000
2014/06/13,0,0,-250000,-250000
2014/06/16,0,36000,0,36000
2014/06/17,0,43000,0,43000
2014/06/18,0,377000,-64000,313000
2014/06/19,0,80000,0,80000
2014/06/20,0,64000,0,64000
2014/06/23,0,538000,-107000,431000
2014/06/24,0,12000,-22000,-10000
2014/06/25,0,44000,0,44000
2014/06/26,0,172000,-248000,-76000
2014/06/27,0,35000,-35000,0
2014/06/30,0,216000,-290000,-74000
2014/07/01,0,391000,-243000,148000
2014/07/02,0,130000,-272000,-142000
2014/07/03,0,161000,-200000,-39000
2014/07/04,0,130000,-21000,109000
2014/07/07,0,426000,-21000,405000
2014/07/08,0,74000,0,74000
2014/07/09,0,133000,-400000,-267000
2014/07/10,0,620000,-39000,581000
2014/07/11,0,267000,-40000,227000
2014/07/14,0,224000,-350000,-126000
2014/07/15,0,842000,-475000,367000
2014/07/16,0,164000,-53400,110600
2014/07/17,0,570000,-87000,483000
2014/07/18,0,20000,-5000,15000
2014/07/21,0,1474000,-355000,1119000
2014/07/22,0,135000,-90000,45000
2014/07/23,0,0,0,0
2014/07/24,0,254000,0,254000
2014/07/25,0,93000,-869000,-776000
2014/07/28,0,104000,-550000,-446000
2014/07/29,0,330000,-624000,-294000
2014/07/30,0,83000,-61000,22000
2014/07/31,0,373000,-644000,-271000
2014/08/01,0,14000,-151000,-137000
2014/08/04,0,355000,-30000,325000
2014/08/05,0,480000,-1391000,-911000
2014/08/06,0,57000,-457000,-400000
2014/08/07,0,233000,-54000,179000
2014/08/08,0,100000,-104000,-4000
2014/08/11,0,4578000,-1550,4576450
2014/08/12,0,43000,-2591000,-2548000
2014/08/13,0,209000,-653000,-444000
2014/08/14,0,384000,-454000,-70000
2014/08/15,0,26000,-91000,-65000
2014/08/18,0,18000,-436000,-418000
2014/08/19,0,4000,-24000,-20000
2014/08/20,0,270000,-156000,114000
2014/08/21,0,68000,-30000,38000
2014/08/22,0,173000,-111000,62000
2014/08/25,0,622000,-8000,614000
2014/08/26,0,221000,-121000,100000
2014/08/27,0,110000,-118000,-8000
2014/08/28,0,52000,0,52000
2014/08/29,0,138000,-83000,55000
2014/09/01,0,10000,-154000,-144000
2014/09/02,0,331000,-307000,24000
2014/09/03,0,41000,-180000,-139000
2014/09/04,0,57000,-119000,-62000
2014/09/05,0,220000,-48000,172000
2014/09/09,0,340000,-388000,-48000
2014/09/10,0,0,-249160,-249160
2014/09/11,0,28000,-80000,-52000
2014/09/12,0,143000,-847960,-704960
2014/09/15,0,0,-367000,-367000
2014/09/16,0,0,-959000,-959000
2014/09/17,0,96000,-181000,-85000
2014/09/18,0,0,-16441,-16441
2014/09/19,0,241000,-635686,-394686
2014/09/22,0,0,-48000,-48000
2014/09/23,0,32000,-86000,-54000
2014/09/24,0,146000,0,146000
2014/09/25,0,21000,-13000,8000
2014/09/26,0,96000,-96000,0
2014/09/29,0,0,-75000,-75000
2014/09/30,0,0,-31000,-31000
2014/10/01,0,235000,-26000,209000
2014/10/02,0,108000,-29000,79000
2014/10/03,0,127240,-8000,119240
2014/10/06,0,26000,-143000,-117000
2014/10/07,0,0,-150280,-150280
2014/10/08,0,32000,-5000,27000
2014/10/09,0,53000,-246,52754
2014/10/13,0,34000,-265000,-231000
2014/10/14,0,10000,-218000,-208000
2014/10/15,0,77000,-33000,44000
2014/10/16,0,20000,0,20000
2014/10/17,0,0,-603000,-603000
2014/10/20,0,15000,-1000,14000
2014/10/21,0,0,-134000,-134000
2014/10/22,0,15000,-54000,-39000
2014/10/23,0,0,-39791,-39791
2014/10/24,0,18000,-83520,-65520
2014/10/27,0,11000,-42000,-31000
2014/10/28,0,205000,-50000,155000
2014/10/29,0,0,-10000,-10000
2014/10/30,0,0,-273000,-273000
2014/10/31,0,55000,-16000,39000
2014/11/03,0,46000,-16000,30000
2014/11/04,0,11000,-40000,-29000
2014/11/05,0,3000,-128000,-125000
2014/11/06,0,2000,-2482,-482
2014/11/07,0,21000,-4000,17000
2014/11/10,0,36000,-50000,-14000
2014/11/11,0,44000,0,44000
2014/11/12,0,0,-240000,-240000
2014/11/13,0,0,-79000,-79000
2014/11/14,0,0,-74000,-74000
2014/11/17,0,300000,-15000,285000
2014/11/18,0,0,0,0
2014/11/19,0,0,0,0
2014/11/20,0,412000,0,412000
2014/11/21,0,240000,0,240000
2014/11/24,0,226000,-28000,198000
2014/11/25,0,50000,-19000,31000
2014/11/26,0,0,-22000,-22000
2014/11/27,0,52000,-50000,2000
2014/11/28,0,366000,0,366000
2014/12/01,0,89000,-343000,-254000
2014/12/02,0,1000,-523000,-522000
2014/12/03,0,63000,-234,62766
2014/12/04,0,0,-447000,-447000
2014/12/05,0,46000,-24611,21389
2014/12/08,0,36000,-91000,-55000
2014/12/09,0,0,-51000,-51000
2014/12/10,0,25000,-105000,-80000
2014/12/11,0,18000,0,18000
2014/12/12,0,35000,-60000,-25000
2014/12/15,0,48000,-12000,36000
2014/12/16,0,220000,0,220000
2014/12/17,0,267000,-350000,-83000
2014/12/18,0,20000,-203000,-183000
2014/12/19,0,35000,-216000,-181000
2014/12/22,0,41000,0,41000
2014/12/23,0,223000,-6000,217000
2014/12/24,0,610000,0,610000
2014/12/25,0,3000,-7000,-4000
2014/12/26,0,40000,-11000,29000
2014/12/29,0,263000,0,263000
2014/12/30,0,14000,-138000,-124000
2014/12/31,0,20000,-10000,10000
2015/01/01,0,0,0,0
2015/01/02,0,0,0,0
2015/01/05,0,32000,-158000,-126000
2015/01/06,0,24000,-291000,-267000
2015/01/07,0,0,-15000,-15000
2015/01/08,0,38000,-7000,31000
2015/01/09,0,105000,-108000,-3000
2015/01/12,0,1000,-54000,-53000
2015/01/13,0,82000,0,82000
2015/01/14,0,73000,-8000,65000
2015/01/15,0,0,-24000,-24000
2015/01/16,0,0,-230000,-230000
2015/01/19,0,16680,-45000,-28320
2015/01/20,0,340000,-1000,339000
2015/01/21,0,10000,0,10000
2015/01/22,0,190000,0,190000
2015/01/23,0,705000,0,705000
2015/01/26,0,167000,-19000,148000
2015/01/27,0,2000,0,2000
2015/01/28,0,140000,0,140000
2015/01/29,0,116000,0,116000
2015/01/30,0,236000,0,236000
2015/02/02,0,240000,-21000,219000
2015/02/03,0,61000,0,61000
2015/02/04,0,870000,0,870000
2015/02/05,0,102000,-32000,70000
2015/02/06,0,216000,-39000,177000
2015/02/09,0,0,-108800,-108800
2015/02/10,0,112000,-3000,109000
2015/02/11,0,0,-30000,-30000
2015/02/12,0,279000,-138000,141000
2015/02/13,0,397000,-333000,64000
2015/02/16,0,0,0,0
2015/02/17,0,0,0,0
2015/02/18,0,0,0,0
2015/02/19,0,0,0,0
2015/02/20,0,0,0,0
2015/02/23,0,0,0,0
2015/02/24,0,694000,-385000,309000
2015/02/25,0,57000,-165000,-108000
2015/02/26,0,29000,-717000,-688000
2015/02/27,0,0,0,0
2015/03/02,0,47000,-52000,-5000
2015/03/03,0,32000,0,32000
2015/03/04,0,78000,-1000,77000
2015/03/05,0,0,-26000,-26000
2015/03/06,0,2000,-93000,-91000
2015/03/09,0,184000,-26756,157244
2015/03/10,0,0,-70000,-70000
2015/03/11,0,0,-166000,-166000
2015/03/12,0,750000,-295790,454210
2015/03/13,0,15000,-73000,-58000
2015/03/16,0,93000,-18000,75000
2015/03/17,0,0,-44144,-44144
2015/03/18,0,821000,-103000,718000
2015/03/19,0,8000,-2641000,-2633000
2015/03/20,0,186000,-387000,-201000
2015/03/23,0,253000,-560000,-307000
2015/03/24,0,123000,-398000,-275000
2015/03/25,0,199000,-3000,196000
2015/03/26,0,134000,-177000,-43000
2015/03/27,0,61000,-506000,-445000
2015/03/30,0,132000,-53000,79000
2015/03/31,0,10000,-29000,-19000
2015/04/01,0,53000,-185000,-132000
2015/04/02,0,10000,-255000,-245000
2015/04/03,0,0,0,0
2015/04/06,0,0,0,0
2015/04/07,0,689000,-58000,631000
2015/04/08,0,505000,-86000,419000
2015/04/09,0,1166000,-757000,409000
2015/04/10,0,0,-434000,-434000
2015/04/13,0,76000,-641000,-565000
2015/04/14,0,2190000,-512000,1678000
2015/04/15,0,1881000,-1540000,341000
2015/04/16,0,117000,-2254000,-2137000
2015/04/17,0,500000,-1160000,-660000
2015/04/20,0,414000,-50000,364000
2015/04/21,0,123000,-950000,-827000
2015/04/22,0,161000,-572772,-411772
2015/04/23,0,2429000,-950000,1479000
2015/04/24,0,553000,-845000,-292000
2015/04/27,0,2365000,-1234973,1130027
2015/04/28,0,200000,-273000,-73000
2015/04/29,0,357000,-29000,328000
2015/04/30,0,350000,0,350000
2015/05/01,0,0,0,0
2015/05/04,0,307000,-576000,-269000
2015/05/05,0,35000,-350000,-315000
2015/05/06,0,0,-230000,-230000
2015/05/07,0,26000,-66000,-40000
2015/05/08,0,3000,-750000,-747000
2015/05/11,0,173000,-1025000,-852000
2015/05/12,0,82000,-411000,-329000
2015/05/13,0,224000,-168000,56000
2015/05/14,0,10000,-1043000,-1033000
2015/05/15,0,100000,-561000,-461000
2015/05/18,0,0,-328000,-328000
2015/05/19,0,123000,-23000,100000
2015/05/20,0,78000,-279000,-201000
2015/05/21,0,240,-619000,-618760
2015/05/22,0,0,-61000,-61000
2015/05/25,0,25000,-103000,-78000
2015/05/26,0,31000,-20192,10808
2015/05/27,0,25000,-33000,-8000
2015/05/28,0,15000,-48000,-33000
2015/05/29,0,37000,-111000,-74000
2015/06/01,0,242000,-443000,-201000
2015/06/02,0,85000,-188000,-103000
2015/06/03,0,31000,-516000,-485000
2015/06/04,0,45000,-794000,-749000
2015/06/05,0,0,-300000,-300000
2015/06/08,0,0,-11000,-11000
2015/06/09,0,40000,-3000,37000
2015/06/10,0,83000,-116000,-33000
2015/06/11,0,1000,-45000,-44000
2015/06/12,0,0,-100519,-100519
2015/06/15,0,0,-197000,-197000
2015/06/16,0,0,-544000,-544000
2015/06/17,0,84000,0,84000
2015/06/18,0,4000,0,4000
2015/06/19,0,0,0,0
2015/06/22,0,42000,0,42000
2015/06/23,0,0,0,0
2015/06/24,0,24000,0,24000
2015/06/25,0,24000,-21000,3000
2015/06/26,0,109000,-200000,-91000
2015/06/29,0,435000,-75000,360000
2015/06/30,0,0,-25382,-25382
2015/07/01,0,33000,0,33000
2015/07/02,0,0,-132000,-132000
2015/07/03,0,88000,-330000,-242000
2015/07/06,0,1000,-27000,-26000
2015/07/07,0,1000,-84000,-83000
2015/07/08,0,174000,-359000,-185000
2015/07/09,0,141000,-3000,138000
2015/07/10,0,0,0,0
2015/07/13,0,5000,-143000,-138000
2015/07/14,0,0,-89000,-89000
2015/07/15,0,44000,0,44000
2015/07/16,0,0,0,0
2015/07/17,0,19000,0,19000
2015/07/20,0,0,-15000,-15000
2015/07/21,0,37000,0,37000
2015/07/22,0,55000,-54000,1000
2015/07/23,0,279000,0,279000
2015/07/24,0,3000,0,3000
2015/07/27,0,104000,-33000,71000
2015/07/28,0,758000,0,758000
2015/07/29,0,19000,-8000,11000
2015/07/30,0,71000,-8000,63000
2015/07/31,0,26000,-503000,-477000
2015/08/03,0,0,-109000,-109000
2015/08/04,0,205000,-100000,105000
2015/08/05,0,96000,0,96000
2015/08/06,0,0,-149000,-149000
2015/08/07,0,2000,-115000,-113000
2015/08/10,0,19000,-13000,6000
2015/08/11,0,10000,-282000,-272000
2015/08/12,0,113000,-326000,-213000
2015/08/13,0,44000,-157000,-113000
2015/08/14,0,0,-5000,-5000
2015/08/17,0,0,-7000,-7000
2015/08/18,0,1000,-53000,-52000
2015/08/19,0,85000,-86000,-1000
2015/08/20,0,42000,-142000,-100000
2015/08/21,0,16000,-61000,-45000
2015/08/24,0,263000,-195022,67978
2015/08/25,0,59000,-85000,-26000
2015/08/26,0,0,-169000,-169000
2015/08/27,0,0,-12717,-12717
2015/08/28,0,0,-1000,-1000
2015/08/31,0,0,0,0
2015/09/01,0,0,-177000,-177000
2015/09/02,0,0,-72000,-72000
2015/09/03,0,0,-264000,-264000
2015/09/04,0,0,-120000,-120000
2015/09/07,0,0,0,0
2015/09/08,0,0,-10000,-10000
2015/09/09,0,365000,-217000,148000
2015/09/10,0,312000,-292000,20000
2015/09/11,0,0,-15000,-15000
2015/09/14,0,0,-23000,-23000
2015/09/15,0,265000,-9000,256000
2015/09/16,0,0,-270000,-270000
2015/09/17,0,119000,-1000,118000
2015/09/18,0,25000,-84000,-59000
2015/09/21,0,0,-190000,-190000
2015/09/22,0,0,-94000,-94000
2015/09/23,0,0,-37000,-37000
2015/09/24,0,0,-17000,-17000
2015/09/25,0,75000,-5898,69102
2015/09/28,0,0,0,0
2015/09/29,0,0,0,0
2015/09/30,0,80000,-6570,73430
2015/10/01,0,212000,-196000,16000
2015/10/02,0,15000,-30000,-15000
2015/10/05,0,80000,-108000,-28000
2015/10/06,0,8000,-20000,-12000
2015/10/07,0,7000,0,7000
2015/10/08,0,8000,-12000,-4000
2015/10/09,0,0,0,0
2015/10/12,0,0,-89000,-89000
2015/10/13,0,179000,-50000,129000
2015/10/14,0,0,-32000,-32000
2015/10/15,0,32000,0,32000
2015/10/16,0,84000,0,84000
2015/10/19,0,126000,-12000,114000
2015/10/20,0,5000,-185000,-180000
2015/10/21,0,26000,-101000,-75000
2015/10/22,0,51000,-66871,-15871
2015/10/23,0,23000,-378000,-355000
2015/10/26,0,0,-135000,-135000
2015/10/27,0,0,-145000,-145000
2015/10/28,0,60000,-12000,48000
2015/10/29,0,0,-195404,-195404
2015/10/30,0,37000,-20000,17000
2015/11/02,0,0,0,0
2015/11/03,0,367000,-160000,207000
2015/11/04,0,202000,-252000,-50000
2015/11/05,0,116000,-267000,-151000
2015/11/06,0,6000,-120000,-114000
2015/11/09,0,0,-169776,-169776
2015/11/10,0,2000,-7000,-5000
2015/11/11,0,50000,-159000,-109000
2015/11/12,0,57000,-74000,-17000
2015/11/13,0,2000,-186000,-184000
2015/11/16,0,0,-17000,-17000
2015/11/17,0,0,-122000,-122000
2015/11/18,0,30000,-66278,-36278
2015/11/19,0,0,-631000,-631000
2015/11/20,0,0,-324000,-324000
2015/11/23,0,11000,-28000,-17000
2015/11/24,0,0,-261942,-261942
2015/11/25,0,0,-200000,-200000
2015/11/26,0,16000,-200000,-184000
2015/11/27,0,0,0,0
2015/11/30,0,0,-64000,-64000
2015/12/01,0,0,-3000,-3000
2015/12/02,0,54000,-5818,48182
2015/12/03,0,0,-3000,-3000
2015/12/04,0,2000,-6000,-4000
2015/12/07,0,42000,-2000,40000
2015/12/08,0,36000,0,36000
2015/12/09,0,50000,-96000,-46000
2015/12/10,0,112000,0,112000
2015/12/11,0,54000,0,54000
2015/12/14,0,129000,0,129000
2015/12/15,0,50000,0,50000
2015/12/16,0,0,0,0
2015/12/17,0,300000,-4000,296000
2015/12/18,0,50000,0,50000
2015/12/21,0,174000,0,174000
2015/12/22,0,0,0,0
2015/12/23,0,97000,0,97000
2015/12/24,0,50000,-280000,-230000
2015/12/25,0,50000,0,50000
2015/12/28,0,25000,0,25000
2015/12/29,0,50000,0,50000
2015/12/30,0,250000,-276000,-26000
2015/12/31,0,0,0,0
2016/01/01,0,0,0,0
2016/01/04,0,50000,-90000,-40000
2016/01/05,0,68000,-260000,-192000
2016/01/06,0,73000,-171000,-98000
2016/01/07,0,62000,0,62000
2016/01/08,0,50000,0,50000
2016/01/11,0,61000,0,61000
2016/01/12,0,50000,-39000,11000
2016/01/13,0,62000,0,62000
2016/01/14,0,7000,-14000,-7000
2016/01/15,0,23000,0,23000
2016/01/18,0,50000,-110000,-60000
2016/01/19,0,50000,0,50000
2016/01/20,0,62000,-23796,38204
2016/01/21,0,50000,-88000,-38000
2016/01/22,0,88000,0,88000
2016/01/25,0,0,0,0
2016/01/26,0,47000,-106000,-59000
2016/01/27,0,57000,0,57000
2016/01/28,0,204000,0,204000
2016/01/29,0,538000,-354000,184000
2016/02/01,0,35000,-473000,-438000
2016/02/02,0,20000,-229000,-209000
2016/02/03,0,30000,-426199,-396199
2016/02/04,0,0,0,0
2016/02/05,0,0,0,0
2016/02/08,0,0,0,0
2016/02/09,0,0,0,0
2016/02/10,0,0,0,0
2016/02/11,0,0,0,0
2016/02/12,0,0,0,0
2016/02/15,0,39000,-29000,10000
2016/02/16,0,235000,-275000,-40000
2016/02/17,0,0,-169000,-169000
2016/02/18,0,0,-22000,-22000
2016/02/19,0,0,0,0
2016/02/22,0,105000,-86000,19000
2016/02/23,0,0,-56000,-56000
2016/02/24,0,0,-256000,-256000
2016/02/25,0,0,-47000,-47000
2016/02/26,0,0,-103000,-103000
2016/02/29,0,0,0,0
2016/03/01,0,180000,0,180000
2016/03/02,0,0,-23000,-23000
2016/03/03,0,0,-2000,-2000
2016/03/04,0,258000,0,258000
2016/03/07,0,0,-154000,-154000
2016/03/08,0,270000,-214000,56000
2016/03/09,0,19000,-98000,-79000
2016/03/10,0,0,-11000,-11000
2016/03/11,0,29000,0,29000
2016/03/14,0,12000,0,12000
2016/03/15,0,50000,-15000,35000
2016/03/16,0,3000,-103000,-100000
2016/03/17,0,122000,-36016,85984
2016/03/18,0,87000,-351000,-264000
2016/03/21,0,124000,-169000,-45000
2016/03/22,0,0,-54000,-54000
2016/03/23,0,600000,0,600000
2016/03/24,0,0,-711000,-711000
2016/03/25,0,15000,0,15000
2016/03/28,0,25000,0,25000
2016/03/29,0,60000,0,60000
2016/03/30,0,61000,-949,60051
2016/03/31,0,21000,-29154,-8154
2016/04/01,0,150000,-33000,117000
2016/04/04,0,0,0,0
2016/04/05,0,0,0,0
2016/04/06,0,0,-20000,-20000
2016/04/07,0,150000,-7000,143000
2016/04/08,0,0,-12000,-12000
2016/04/11,0,324000,0,324000
2016/04/12,0,150000,0,150000
2016/04/13,0,754000,0,754000
2016/04/14,0,520000,-227000,293000
2016/04/15,0,19000,-55000,-36000
2016/04/18,0,10000,-369000,-359000
2016/04/19,0,45000,-5000,40000
2016/04/20,0,0,-147000,-147000
2016/04/21,0,0,-59000,-59000
2016/04/22,0,0,-42000,-42000
2016/04/25,0,0,0,0
2016/04/26,0,13000,-300000,-287000
2016/04/27,0,2000,0,2000
2016/04/28,0,3000,-13000,-10000
2016/04/29,0,58000,-90000,-32000
2016/05/02,0,0,0,0
2016/05/03,0,0,-158000,-158000
2016/05/04,0,310000,0,310000
2016/05/05,0,1150000,0,1150000
2016/05/06,0,0,0,0
2016/05/09,0,0,0,0
2016/05/10,0,126000,-2000,124000
2016/05/11,0,0,0,0
2016/05/12,0,0,-12000,-12000
2016/05/13,0,4000,-8000,-4000
2016/05/16,0,22000,-4000,18000
2016/05/17,0,0,0,0
2016/05/18,0,0,0,0
2016/05/19,0,4000,-2000,2000
2016/05/20,0,184000,0,184000
2016/05/23,0,0,-250000,-250000
2016/05/24,0,0,0,0
2016/05/25,0,0,-50000,-50000
2016/05/26,0,0,0,0
2016/05/27,0,0,-32000,-32000
2016/05/30,0,1000,-120000,-119000
2016/05/31,0,2000,-96000,-94000
2016/06/01,0,0,-400000,-400000
2016/06/02,0,0,-109000,-109000
2016/06/03,0,0,0,0
2016/06/06,0,4000,-100000,-96000
2016/06/07,0,11000,-350000,-339000
2016/06/08,0,0,-152000,-152000
2016/06/09,0,0,0,0
2016/06/10,0,0,0,0
2016/06/13,0,0,-3000,-3000
2016/06/14,0,254000,0,254000
2016/06/15,0,0,-20000,-20000
2016/06/16,0,0,-73000,-73000
2016/06/17,0,3000,0,3000
2016/06/20,0,39000,0,39000
2016/06/21,0,201000,-269000,-68000
2016/06/22,0,0,-200000,-200000
2016/06/23,0,0,-50000,-50000
2016/06/24,0,151000,-129000,22000
2016/06/27,0,22000,0,22000
2016/06/28,0,0,0,0
2016/06/29,0,0,-171000,-171000
2016/06/30,0,0,0,0
2016/07/01,0,0,-500000,-500000
2016/07/04,0,0,0,0
2016/07/05,0,0,0,0
2016/07/06,0,150000,-10000,140000
2016/07/07,0,67000,0,67000
2016/07/08,0,0,0,0
2016/07/11,0,0,0,0
2016/07/12,0,90000,0,90000
2016/07/13,0,100000,-11000,89000
2016/07/14,0,60000,0,60000
2016/07/15,0,27000,-270000,-243000
2016/07/18,0,150000,-10000,140000
2016/07/19,0,66000,0,66000
2016/07/20,0,91000,0,91000
2016/07/21,0,63000,-10000,53000
2016/07/22,0,0,-10000,-10000
2016/07/25,0,4000,0,4000
2016/07/26,0,0,-10000,-10000
2016/07/27,0,3000,-1000,2000
2016/07/28,0,10000,0,10000
2016/07/29,0,0,-21000,-21000
2016/08/01,0,3000,-10000,-7000
2016/08/02,0,199000,-10000,189000
2016/08/03,0,0,-35000,-35000
2016/08/04,0,22000,-84000,-62000
2016/08/05,0,49000,-21000,28000
2016/08/08,0,0,-20000,-20000
2016/08/09,0,0,-2000,-2000
2016/08/10,0,0,0,0
2016/08/11,0,2000,-43000,-41000
2016/08/12,0,22000,-57000,-35000
2016/08/15,0,0,0,0
2016/08/16,0,0,-27000,-27000
2016/08/17,0,2000,-40000,-38000
2016/08/18,0,0,-15000,-15000
2016/08/19,0,0,0,0
2016/08/22,0,350000,0,350000
2016/08/23,0,401000,-10000,391000
2016/08/24,0,100000,0,100000
2016/08/25,0,85000,0,85000
2016/08/26,0,0,-10000,-10000
2016/08/29,0,74000,-11817,62183
2016/08/30,0,1000,-23000,-22000
2016/08/31,0,9000,0,9000
2016/09/01,0,821000,-786,820214
2016/09/02,0,0,-491000,-491000
2016/09/05,0,4000,-97000,-93000
2016/09/06,0,27000,-12000,15000
2016/09/07,0,4000,-52000,-48000
2016/09/08,0,4000,-11000,-7000
2016/09/09,0,0,-3000,-3000
2016/09/12,0,0,-118000,-118000
2016/09/13,0,0,0,0
2016/09/14,0,0,-169000,-169000
2016/09/15,0,0,0,0
2016/09/16,0,0,0,0
2016/09/19,0,12000,-1000,11000
2016/09/20,0,0,-2000,-2000
2016/09/21,0,0,-125000,-125000
2016/09/22,0,5000,-11000,-6000
2016/09/23,0,44000,-73000,-29000
2016/09/26,0,0,-31000,-31000
2016/09/27,0,0,0,0
2016/09/28,0,0,0,0
2016/09/29,0,0,-16650,-16650
2016/09/30,0,7000,-14000,-7000
2016/10/03,0,4000,-3000,1000
2016/10/04,0,80000,-1000,79000
2016/10/05,0,18000,-7000,11000
2016/10/06,0,0,-39000,-39000
2016/10/07,0,0,0,0
2016/10/10,0,0,0,0
2016/10/11,0,5000,-7000,-2000
2016/10/12,0,37000,-5000,32000
2016/10/13,0,2000,-11000,-9000
2016/10/14,0,25000,0,25000
2016/10/17,0,7000,-21000,-14000
2016/10/18,0,0,-5000,-5000
2016/10/19,0,0,-43000,-43000
2016/10/20,0,0,-16000,-16000
2016/10/21,0,36000,-21750,14250
2016/10/24,0,14000,0,14000
2016/10/25,0,0,0,0
2016/10/26,0,0,0,0
2016/10/27,0,0,0,0
2016/10/28,0,13000,-6000,7000
2016/10/31,0,0,-1000,-1000
2016/11/01,0,6000,0,6000
2016/11/02,0,72000,-6000,66000
2016/11/03,0,38000,0,38000
2016/11/04,0,0,-1400,-1400
2016/11/07,0,35000,0,35000
2016/11/08,0,0,0,0
2016/11/09,0,25000,-117000,-92000
2016/11/10,0,10000,-1000,9000
2016/11/11,0,0,-23000,-23000
2016/11/14,0,1000,-112000,-111000
2016/11/15,0,1000,-11000,-10000
2016/11/16,0,1000,-45000,-44000
2016/11/17,0,0,-319000,-319000
2016/11/18,0,0,-1000,-1000
2016/11/21,0,0,-21000,-21000
2016/11/22,0,24000,0,24000
2016/11/23,0,18000,0,18000
2016/11/24,0,33000,-11000,22000
2016/11/25,0,68000,0,68000
2016/11/28,0,76000,-101520,-25520
2016/11/29,0,0,0,0
2016/11/30,0,0,0,0
2016/12/01,0,0,0,0
2016/12/02,0,0,-12000,-12000
2016/12/05,0,0,-1000,-1000
2016/12/06,0,36000,0,36000
2016/12/07,0,0,0,0
2016/12/08,0,5000,-11000,-6000
2016/12/09,0,401000,0,401000
2016/12/12,0,63000,0,63000
2016/12/13,0,148000,-11000,137000
2016/12/14,0,300000,-3000,297000
2016/12/15,0,39000,-1000,38000
2016/12/16,0,550000,-150000,400000
2016/12/19,0,361000,-21000,340000
2016/12/20,0,151000,-243000,-92000
2016/12/21,0,212000,-36000,176000
2016/12/22,0,0,-59000,-59000
2016/12/23,0,162000,-3000,159000
2016/12/26,0,100000,0,100000
2016/12/27,0,4000,-20000,-16000
2016/12/28,0,4000,0,4000
2016/12/29,0,0,-285000,-285000
2016/12/30,0,8000,0,8000
2017/01/02,0,0,0,0
2017/01/03,0,0,0,0
2017/01/04,0,45000,-38000,7000
2017/01/05,0,0,-22000,-22000
2017/01/06,0,0,0,0
2017/01/09,0,6000,-25000,-19000
2017/01/10,0,0,0,0
2017/01/11,0,1000,-10000,-9000
2017/01/12,0,0,-5000,-5000
2017/01/13,0,0,0,0
2017/01/16,0,25000,0,25000
2017/01/17,0,0,-1000,-1000
2017/01/18,0,24000,-54000,-30000
2017/01/19,0,0,-40000,-40000
2017/01/20,0,0,0,0
2017/01/23,0,1000,-19000,-18000
2017/01/24,0,0,0,0
2017/01/25,0,0,0,0
2017/01/26,0,0,0,0
2017/01/27,0,0,0,0
2017/01/30,0,0,0,0
2017/01/31,0,0,0,0
2017/02/01,0,0,0,0
2017/02/02,0,59000,-33000,26000
2017/02/03,0,25000,-77000,-52000
2017/02/06,0,11000,-13000,-2000
2017/02/07,0,14000,-23000,-9000
2017/02/08,0,7000,-73000,-66000
2017/02/09,0,0,-19000,-19000
2017/02/10,0,8000,-4000,4000
2017/02/13,0,4000,0,4000
2017/02/14,0,0,0,0
2017/02/15,0,13000,-489300,-476300
2017/02/16,0,0,-11000,-11000
2017/02/17,0,60000,0,60000
2017/02/20,0,105000,0,105000
2017/02/21,0,2000,0,2000
2017/02/22,0,93000,-24000,69000
2017/02/23,0,123000,-35000,88000
2017/02/24,0,116000,-107000,9000
2017/02/27,0,0,0,0
2017/02/28,0,0,0,0
2017/03/01,0,45000,-25000,20000
2017/03/02,0,75000,0,75000
2017/03/03,0,3000,-22000,-19000
2017/03/06,0,0,0,0
2017/03/07,0,0,0,0
2017/03/08,0,1000,0,1000
2017/03/09,0,10000,-36000,-26000
2017/03/10,0,2000,-3000,-1000
2017/03/13,0,0,-11000,-11000
2017/03/14,0,0,0,0
2017/03/15,0,0,-6000,-6000
2017/03/16,0,108000,-60000,48000
2017/03/17,0,22000,-166000,-144000
2017/03/20,0,0,-32000,-32000
2017/03/21,0,54000,-10000,44000
2017/03/22,0,32000,-73000,-41000
2017/03/23,0,18000,-27000,-9000
2017/03/24,0,0,0,0
2017/03/27,0,0,-19000,-19000
2017/03/28,0,104000,-9000,95000
2017/03/29,0,191000,-62000,129000
2017/03/30,0,0,0,0
2017/03/31,0,16000,-116000,-100000
2017/04/03,0,0,0,0
2017/04/04,0,0,0,0
2017/04/05,0,75000,-104000,-29000
2017/04/06,0,0,-20000,-20000
2017/04/07,0,0,-27000,-27000
2017/04/10,0,50000,0,50000
2017/04/11,0,0,-20032,-20032
2017/04/12,0,8000,-161000,-153000
2017/04/13,0,0,-52000,-52000
2017/04/14,0,0,-10000,-10000
2017/04/17,0,1000,-1000,0
2017/04/18,0,0,0,0
2017/04/19,0,0,-24000,-24000
2017/04/20,0,0,0,0
2017/04/21,0,0,-1000,-1000
2017/04/24,0,0,-50,-50
2017/04/25,0,1000,-300000,-299000
2017/04/26,0,2000,-100000,-98000
2017/04/27,0,0,0,0
2017/04/28,0,0,0,0
2017/05/01,0,0,0,0
2017/05/02,0,0,0,0
2017/05/03,0,0,0,0
2017/05/04,0,0,0,0
2017/05/05,0,0,-12000,-12000
2017/05/08,0,0,0,0
2017/05/09,0,0,-10494,-10494
2017/05/10,0,0,0,0
2017/05/11,0,0,0,0
2017/05/12,0,0,0,0
2017/05/15,0,502000,-39000,463000
2017/05/16,0,63000,-18000,45000
2017/05/17,0,0,-22000,-22000
2017/05/18,0,0,0,0
2017/05/19,0,150000,0,150000
2017/05/22,0,350000,0,350000
2017/05/23,0,200000,-2000,198000
2017/05/24,0,0,-4000,-4000
2017/05/25,0,9000,0,9000
2017/05/26,0,7000,0,7000
2017/05/29,0,0,0,0
2017/05/30,0,0,0,0
2017/05/31,0,9000,-16000,-7000
2017/06/01,0,0,-13000,-13000
2017/06/02,0,0,0,0
2017/06/05,0,84000,-3000,81000
2017/06/06,0,0,-633,-633
2017/06/07,0,0,0,0
2017/06/08,0,0,-3000,-3000
2017/06/09,0,0,-10000,-10000
2017/06/12,0,0,0,0
2017/06/13,0,4000,0,4000
2017/06/14,0,3000,-3000,0
2017/06/15,0,0,0,0
2017/06/16,0,0,0,0
2017/06/19,0,0,0,0
2017/06/20,0,42000,0,42000
2017/06/21,0,231000,-288000,-57000
2017/06/22,0,0,-72000,-72000
2017/06/23,0,0,0,0
2017/06/26,0,139000,0,139000
2017/06/27,0,240000,-18000,222000
2017/06/28,0,145000,0,145000
2017/06/29,0,84000,-509000,-425000
2017/06/30,0,7000,-509000,-502000
2017/07/03,0,0,-20000,-20000
2017/07/04,0,0,-314000,-314000
2017/07/05,0,368000,-100000,268000
2017/07/06,0,0,-33000,-33000
2017/07/07,0,0,0,0
2017/07/10,0,18000,0,18000
2017/07/11,0,301000,0,301000
2017/07/12,0,12000,-3000,9000
2017/07/13,0,400000,0,400000
2017/07/14,0,606000,-37000,569000
2017/07/17,0,394000,-38000,356000
2017/07/18,0,0,-10000,-10000
2017/07/19,0,0,0,0
2017/07/20,0,9000,-8000,1000
2017/07/21,0,100000,0,100000
2017/07/24,0,80000,-100000,-20000
2017/07/25,0,0,-118000,-118000
2017/07/26,0,120000,-745000,-625000
2017/07/27,0,0,-600000,-600000
2017/07/28,0,200000,-35000,165000
2017/07/31,0,4852000,-1253,4850747
2017/08/01,0,9000,-1840000,-1831000
2017/08/02,0,0,-299000,-299000
2017/08/03,0,0,-584000,-584000
2017/08/04,0,0,-511000,-511000
2017/08/07,0,4000,0,4000
2017/08/08,0,0,-712000,-712000
2017/08/09,0,2000,-522000,-520000
2017/08/10,0,7000,-106000,-99000
2017/08/11,0,17000,-83433,-66433
2017/08/14,0,10000,-42000,-32000
2017/08/15,0,34000,-1000,33000
2017/08/16,0,23000,-22000,1000
2017/08/17,0,0,-29000,-29000
2017/08/18,0,0,-653000,-653000
