Date,Open,Buy,Sell,Total
2007/01/02,0,2594000,-801000,1793000
2007/01/03,0,5700000,-2302760,3397240
2007/01/04,0,375000,0,375000
2007/01/05,0,400000,0,400000
2007/01/08,0,0,-150000,-150000
2007/01/09,0,1700000,0,1700000
2007/01/10,0,0,-250000,-250000
2007/01/11,0,2502000,0,2502000
2007/01/12,0,502000,-300000,202000
2007/01/15,0,0,0,0
2007/01/16,0,43000,0,43000
2007/01/17,0,1000,-163000,-162000
2007/01/18,0,0,-1000000,-1000000
2007/01/19,0,400000,-10000,390000
2007/01/22,0,500000,-2001000,-1501000
2007/01/23,0,200000,0,200000
2007/01/24,0,912000,0,912000
2007/01/25,0,0,0,0
2007/01/26,0,270000,0,270000
2007/01/29,0,0,-1300000,-1300000
2007/01/30,0,42000,-147000,-105000
2007/01/31,0,0,0,0
2007/02/01,0,0,0,0
2007/02/02,0,2000,0,2000
2007/02/05,0,100000,0,100000
2007/02/06,0,36000,0,36000
2007/02/07,0,0,-400000,-400000
2007/02/08,0,0,-800000,-800000
2007/02/09,0,0,-988000,-988000
2007/02/12,0,0,-412000,-412000
2007/02/13,0,0,-29000,-29000
2007/02/14,0,0,0,0
2007/02/15,0,0,0,0
2007/02/16,0,0,0,0
2007/02/19,0,0,0,0
2007/02/20,0,0,0,0
2007/02/21,0,0,0,0
2007/02/22,0,0,0,0
2007/02/23,0,0,0,0
2007/02/26,0,0,0,0
2007/02/27,0,0,-1398000,-1398000
2007/02/28,0,0,0,0
2007/03/01,0,0,0,0
2007/03/02,0,0,-434000,-434000
2007/03/05,0,0,-141000,-141000
2007/03/06,0,0,0,0
2007/03/07,0,0,-1646000,-1646000
2007/03/08,0,0,-1600000,-1600000
2007/03/09,0,0,-600000,-600000
2007/03/12,0,0,0,0
2007/03/13,0,0,0,0
2007/03/14,0,0,-1244000,-1244000
2007/03/15,0,0,0,0
2007/03/16,0,0,-1000,-1000
2007/03/19,0,0,0,0
2007/03/20,0,0,-16000,-16000
2007/03/21,0,0,-1000,-1000
2007/03/22,0,0,-570000,-570000
2007/03/23,0,0,0,0
2007/03/26,0,3000,-1308000,-1305000
2007/03/27,0,0,-471000,-471000
2007/03/28,0,0,0,0
2007/03/29,0,0,-556000,-556000
2007/03/30,0,0,-300000,-300000
2007/04/02,0,0,0,0
2007/04/03,0,0,0,0
2007/04/04,0,0,-1000,-1000
2007/04/05,0,0,0,0
2007/04/06,0,0,0,0
2007/04/09,0,0,-1000,-1000
2007/04/10,0,0,-1000,-1000
2007/04/11,0,850000,0,850000
2007/04/12,0,0,-8000,-8000
2007/04/13,0,0,-1000,-1000
2007/04/16,0,0,0,0
2007/04/17,0,0,0,0
2007/04/18,0,0,0,0
2007/04/19,0,2000,0,2000
2007/04/20,0,11000,0,11000
2007/04/23,0,2000,-200000,-198000
2007/04/24,0,12000,0,12000
2007/04/25,0,0,0,0
2007/04/26,0,0,0,0
2007/04/27,0,0,0,0
2007/04/30,0,0,0,0
2007/05/01,0,0,0,0
2007/05/02,0,0,0,0
2007/05/03,0,0,0,0
2007/05/04,0,0,0,0
2007/05/07,0,0,0,0
2007/05/08,0,0,-2000,-2000
2007/05/09,0,0,0,0
2007/05/10,0,0,-7000,-7000
2007/05/11,0,0,0,0
2007/05/14,0,0,0,0
2007/05/15,0,14000,0,14000
2007/05/16,0,0,-2000,-2000
2007/05/17,0,0,-129000,-129000
2007/05/18,0,0,0,0
2007/05/21,0,0,0,0
2007/05/22,0,3000,0,3000
2007/05/23,0,0,-1000,-1000
2007/05/24,0,0,0,0
2007/05/25,0,1000,0,1000
2007/05/28,0,0,0,0
2007/05/29,0,3000,-74000,-71000
2007/05/30,0,0,0,0
2007/05/31,0,0,-300000,-300000
2007/06/01,0,186000,-200000,-14000
2007/06/04,0,2000,0,2000
2007/06/05,0,0,0,0
2007/06/06,0,1000,0,1000
2007/06/07,0,0,0,0
2007/06/08,0,0,0,0
2007/06/11,0,0,0,0
2007/06/12,0,0,0,0
2007/06/13,0,0,0,0
2007/06/14,0,0,-25000,-25000
2007/06/15,0,0,-2000,-2000
2007/06/18,0,0,0,0
2007/06/19,0,0,0,0
2007/06/20,0,0,-1000,-1000
2007/06/21,0,0,0,0
2007/06/22,0,0,0,0
2007/06/25,0,11000,0,11000
2007/06/26,0,0,0,0
2007/06/27,0,0,0,0
2007/06/28,0,0,0,0
2007/06/29,0,0,0,0
2007/07/02,0,0,0,0
2007/07/03,0,0,0,0
2007/07/04,0,2000,0,2000
2007/07/05,0,2000,-30000,-28000
2007/07/06,0,229000,0,229000
2007/07/09,0,1000000,-4000,996000
2007/07/10,0,2000,0,2000
2007/07/11,0,1000000,0,1000000
2007/07/12,0,1500000,0,1500000
2007/07/13,0,0,0,0
2007/07/16,0,0,0,0
2007/07/17,0,0,-3000,-3000
2007/07/18,0,5000,0,5000
2007/07/19,0,2000,0,2000
2007/07/20,0,2000,0,2000
2007/07/23,0,0,0,0
2007/07/24,0,1000,0,1000
2007/07/25,0,1000,0,1000
2007/07/26,0,0,0,0
2007/07/27,0,0,0,0
2007/07/30,0,0,0,0
2007/07/31,0,0,-1000,-1000
2007/08/01,0,2000,-813000,-811000
2007/08/02,0,2000,0,2000
2007/08/03,0,0,0,0
2007/08/06,0,0,0,0
2007/08/07,0,2000,0,2000
2007/08/08,0,1000,0,1000
2007/08/09,0,0,0,0
2007/08/10,0,0,-36000,-36000
2007/08/13,0,0,0,0
2007/08/14,0,1000,0,1000
2007/08/15,0,2000,0,2000
2007/08/16,0,3000,-17000,-14000
2007/08/17,0,1000,0,1000
2007/08/20,0,2000,0,2000
2007/08/21,0,2000,0,2000
2007/08/22,0,0,-2000,-2000
2007/08/23,0,0,0,0
2007/08/24,0,0,-1000,-1000
2007/08/27,0,8000,0,8000
2007/08/28,0,0,0,0
2007/08/29,0,0,0,0
2007/08/30,0,0,-700000,-700000
2007/08/31,0,7000,-700000,-693000
2007/09/03,0,0,0,0
2007/09/04,0,7000,-3000,4000
2007/09/05,0,0,0,0
2007/09/06,0,0,0,0
2007/09/07,0,1000,0,1000
2007/09/10,0,6000,-502000,-496000
2007/09/11,0,0,-1016000,-1016000
2007/09/12,0,0,0,0
2007/09/13,0,0,0,0
2007/09/14,0,0,0,0
2007/09/17,0,0,0,0
2007/09/18,0,0,0,0
2007/09/19,0,0,0,0
2007/09/20,0,0,0,0
2007/09/21,0,0,-11000,-11000
2007/09/24,0,0,0,0
2007/09/25,0,0,0,0
2007/09/26,0,1000,-1000,0
2007/09/27,0,2000,0,2000
2007/09/28,0,0,0,0
2007/10/01,0,0,0,0
2007/10/02,0,0,0,0
2007/10/03,0,2400000,-1000,2399000
2007/10/04,0,2400000,0,2400000
2007/10/05,0,1200000,-1000,1199000
2007/10/08,0,0,-5000,-5000
2007/10/09,0,0,0,0
2007/10/10,0,0,0,0
2007/10/11,0,0,0,0
2007/10/12,0,0,0,0
2007/10/15,0,2000,0,2000
2007/10/16,0,0,0,0
2007/10/17,0,0,0,0
2007/10/18,0,0,0,0
2007/10/19,0,0,-38000,-38000
2007/10/22,0,0,0,0
2007/10/23,0,1000,0,1000
2007/10/24,0,0,0,0
2007/10/25,0,0,-900000,-900000
2007/10/26,0,0,-710000,-710000
2007/10/29,0,1000,-765000,-764000
2007/10/30,0,2000,0,2000
2007/10/31,0,0,-685000,-685000
2007/11/01,0,0,-850000,-850000
2007/11/02,0,9000,-1080000,-1071000
2007/11/05,0,23000,0,23000
2007/11/06,0,1000,-1010000,-1009000
2007/11/07,0,1000,0,1000
2007/11/08,0,1000,0,1000
2007/11/09,0,2000,0,2000
2007/11/12,0,2000,0,2000
2007/11/13,0,3000,0,3000
2007/11/14,0,0,0,0
2007/11/15,0,1000,0,1000
2007/11/16,0,0,0,0
2007/11/19,0,1000,0,1000
2007/11/20,0,2000,0,2000
2007/11/21,0,0,0,0
2007/11/22,0,2000,0,2000
2007/11/23,0,5000,0,5000
2007/11/26,0,1000,0,1000
2007/11/27,0,0,0,0
2007/11/28,0,1000,0,1000
2007/11/29,0,1000,0,1000
2007/11/30,0,0,0,0
2007/12/03,0,1000,0,1000
2007/12/04,0,0,0,0
2007/12/05,0,1000,0,1000
2007/12/06,0,0,0,0
2007/12/07,0,0,0,0
2007/12/10,0,0,0,0
2007/12/11,0,0,0,0
2007/12/12,0,0,0,0
2007/12/13,0,2000,0,2000
2007/12/14,0,0,0,0
2007/12/17,0,6000,0,6000
2007/12/18,0,4000,0,4000
2007/12/19,0,1000,0,1000
2007/12/20,0,0,0,0
2007/12/21,0,1000,-6000,-5000
2007/12/24,0,0,0,0
2007/12/25,0,0,-1000,-1000
2007/12/26,0,0,0,0
2007/12/27,0,1000,0,1000
2007/12/28,0,0,-1000,-1000
2007/12/31,0,1000,0,1000
2008/01/01,0,0,0,0
2008/01/02,0,0,0,0
2008/01/03,0,0,-1000,-1000
2008/01/04,0,0,-1000,-1000
2008/01/07,0,401000,0,401000
2008/01/08,0,2000,0,2000
2008/01/09,0,0,-1000,-1000
2008/01/10,0,26000,0,26000
2008/01/11,0,0,0,0
2008/01/14,0,1000,0,1000
2008/01/15,0,0,0,0
2008/01/16,0,1000,0,1000
2008/01/17,0,15000,0,15000
2008/01/18,0,1000,0,1000
2008/01/21,0,5000,0,5000
2008/01/22,0,0,0,0
2008/01/23,0,1000,0,1000
2008/01/24,0,7000,0,7000
2008/01/25,0,2000,0,2000
2008/01/28,0,1000,0,1000
2008/01/29,0,192000,0,192000
2008/01/30,0,0,0,0
2008/01/31,0,0,0,0
2008/02/01,0,1000,0,1000
2008/02/04,0,0,0,0
2008/02/05,0,0,0,0
2008/02/06,0,0,0,0
2008/02/07,0,0,0,0
2008/02/08,0,0,0,0
2008/02/11,0,0,0,0
2008/02/12,0,0,-1000,-1000
2008/02/13,0,1000,0,1000
2008/02/14,0,0,0,0
2008/02/15,0,0,0,0
2008/02/18,0,56000,-400000,-344000
2008/02/19,0,112000,0,112000
2008/02/20,0,16000,-1000,15000
2008/02/21,0,1000,0,1000
2008/02/22,0,0,0,0
2008/02/25,0,0,0,0
2008/02/26,0,1139000,0,1139000
2008/02/27,0,836000,-191000,645000
2008/02/28,0,0,0,0
2008/02/29,0,0,-1000,-1000
2008/03/03,0,0,0,0
2008/03/04,0,2000,0,2000
2008/03/05,0,1000,0,1000
2008/03/06,0,0,0,0
2008/03/07,0,0,0,0
2008/03/10,0,3000,0,3000
2008/03/11,0,3000,0,3000
2008/03/12,0,5000,0,5000
2008/03/13,0,0,0,0
2008/03/14,0,1000,0,1000
2008/03/17,0,2000,0,2000
2008/03/18,0,2000,0,2000
2008/03/19,0,3000,0,3000
2008/03/20,0,0,0,0
2008/03/21,0,8000,0,8000
2008/03/24,0,5000,0,5000
2008/03/25,0,100000,-6000,94000
2008/03/26,0,2000,0,2000
2008/03/27,0,3000,-8000,-5000
2008/03/28,0,4000,0,4000
2008/03/31,0,3000,0,3000
2008/04/01,0,1000,-2000,-1000
2008/04/02,0,2000,0,2000
2008/04/03,0,1000,0,1000
2008/04/04,0,0,0,0
2008/04/07,0,1000,0,1000
2008/04/08,0,1000,0,1000
2008/04/09,0,2000,0,2000
2008/04/10,0,1000,0,1000
2008/04/11,0,0,0,0
2008/04/14,0,0,-1000,-1000
2008/04/15,0,0,0,0
2008/04/16,0,0,-6000,-6000
2008/04/17,0,1000,0,1000
2008/04/18,0,0,-9000,-9000
2008/04/21,0,2000,0,2000
2008/04/22,0,3000,0,3000
2008/04/23,0,2000,0,2000
2008/04/24,0,3000,0,3000
2008/04/25,0,2000,0,2000
2008/04/28,0,10000,0,10000
2008/04/29,0,3000,0,3000
2008/04/30,0,13000,0,13000
2008/05/01,0,0,0,0
2008/05/02,0,3000,0,3000
2008/05/05,0,2000,0,2000
2008/05/06,0,4000,0,4000
2008/05/07,0,3000,-3000,0
2008/05/08,0,28000,0,28000
2008/05/09,0,4000,0,4000
2008/05/12,0,6000,0,6000
2008/05/13,0,17000,-5000,12000
2008/05/14,0,25000,0,25000
2008/05/15,0,43000,0,43000
2008/05/16,0,0,0,0
2008/05/19,0,31000,0,31000
2008/05/20,0,0,-3000,-3000
2008/05/21,0,0,0,0
2008/05/22,0,5000,0,5000
2008/05/23,0,0,-1000,-1000
2008/05/26,0,11000,0,11000
2008/05/27,0,0,-3000,-3000
2008/05/28,0,3000,0,3000
2008/05/29,0,3000,0,3000
2008/05/30,0,3000,0,3000
2008/06/02,0,6000,0,6000
2008/06/03,0,0,0,0
2008/06/04,0,3000,0,3000
2008/06/05,0,1000,0,1000
2008/06/06,0,1000,0,1000
2008/06/09,0,2000,0,2000
2008/06/10,0,0,0,0
2008/06/11,0,3000,0,3000
2008/06/12,0,6000,0,6000
2008/06/13,0,7000,0,7000
2008/06/16,0,0,-2000,-2000
2008/06/17,0,2000,0,2000
2008/06/18,0,0,0,0
2008/06/19,0,0,-3000,-3000
2008/06/20,0,0,-10000,-10000
2008/06/23,0,9000,0,9000
2008/06/24,0,2000,0,2000
2008/06/25,0,0,-2000,-2000
2008/06/26,0,0,0,0
2008/06/27,0,2000,0,2000
2008/06/30,0,9000,-1000,8000
2008/07/01,0,583000,0,583000
2008/07/02,0,221000,-2000,219000
2008/07/03,0,4000,0,4000
2008/07/04,0,9000,0,9000
2008/07/07,0,11000,0,11000
2008/07/08,0,0,0,0
2008/07/09,0,0,-4000,-4000
2008/07/10,0,0,-42000,-42000
2008/07/11,0,2000,-11000,-9000
2008/07/14,0,0,0,0
2008/07/15,0,3000,-107000,-104000
2008/07/16,0,2000,0,2000
2008/07/17,0,4000,0,4000
2008/07/18,0,0,-16000,-16000
2008/07/21,0,1000,0,1000
2008/07/22,0,4000,0,4000
2008/07/23,0,0,-800000,-800000
2008/07/24,0,2000,0,2000
2008/07/25,0,0,-18000,-18000
2008/07/28,0,0,0,0
2008/07/29,0,4000,0,4000
2008/07/30,0,3000,0,3000
2008/07/31,0,2000,0,2000
2008/08/01,0,6000,0,6000
2008/08/04,0,2000,0,2000
2008/08/05,0,0,0,0
2008/08/06,0,3000,0,3000
2008/08/07,0,0,0,0
2008/08/08,0,1000,0,1000
2008/08/11,0,0,0,0
2008/08/12,0,0,-7000,-7000
2008/08/13,0,0,0,0
2008/08/14,0,0,0,0
2008/08/15,0,0,0,0
2008/08/18,0,0,0,0
2008/08/19,0,0,-4000,-4000
2008/08/20,0,0,0,0
2008/08/21,0,5000,0,5000
2008/08/22,0,1000,0,1000
2008/08/25,0,1000,0,1000
2008/08/26,0,0,-102000,-102000
2008/08/27,0,0,0,0
2008/08/28,0,0,0,0
2008/08/29,0,34000,0,34000
2008/09/01,0,0,0,0
2008/09/02,0,4000,0,4000
2008/09/03,0,28000,0,28000
2008/09/04,0,11000,0,11000
2008/09/05,0,6000,0,6000
2008/09/08,0,0,0,0
2008/09/09,0,27000,0,27000
2008/09/10,0,8000,0,8000
2008/09/11,0,0,0,0
2008/09/12,0,0,0,0
2008/09/15,0,0,0,0
2008/09/16,0,0,0,0
2008/09/17,0,0,0,0
2008/09/18,0,1000,0,1000
2008/09/19,0,0,-10000,-10000
2008/09/22,0,0,0,0
2008/09/23,0,87000,0,87000
2008/09/24,0,0,-4000,-4000
2008/09/25,0,0,-1000,-1000
2008/09/26,0,2000,0,2000
2008/09/29,0,0,0,0
2008/09/30,0,1000,0,1000
2008/10/01,0,3000,-3000,0
2008/10/02,0,2000,0,2000
2008/10/03,0,0,-31000,-31000
2008/10/06,0,8000,-2000,6000
2008/10/07,0,0,-2000,-2000
2008/10/08,0,0,0,0
2008/10/09,0,22000,-4000,18000
2008/10/10,0,0,0,0
2008/10/13,0,0,0,0
2008/10/14,0,0,0,0
2008/10/15,0,7000,0,7000
2008/10/16,0,10000,0,10000
2008/10/17,0,0,-223000,-223000
2008/10/20,0,0,-50674,-50674
2008/10/21,0,0,0,0
2008/10/22,0,0,0,0
2008/10/23,0,0,0,0
2008/10/24,0,0,0,0
2008/10/27,0,0,0,0
2008/10/28,0,0,-48000,-48000
2008/10/29,0,0,-5000,-5000
2008/10/30,0,0,-5000,-5000
2008/10/31,0,0,0,0
2008/11/03,0,0,0,0
2008/11/04,0,0,-1106000,-1106000
2008/11/05,0,5000,-868000,-863000
2008/11/06,0,0,-3000,-3000
2008/11/07,0,0,0,0
2008/11/10,0,4000,0,4000
2008/11/11,0,3000,0,3000
2008/11/12,0,1000,0,1000
2008/11/13,0,0,0,0
2008/11/14,0,1000,0,1000
2008/11/17,0,3000,0,3000
2008/11/18,0,0,0,0
2008/11/19,0,0,0,0
2008/11/20,0,0,0,0
2008/11/21,0,0,0,0
2008/11/24,0,8000,0,8000
2008/11/25,0,2000,0,2000
2008/11/26,0,2000,0,2000
2008/11/27,0,18000,0,18000
2008/11/28,0,0,0,0
2008/12/01,0,482000,0,482000
2008/12/02,0,0,0,0
2008/12/03,0,0,-493000,-493000
2008/12/04,0,0,-274,-274
2008/12/05,0,0,0,0
2008/12/08,0,0,0,0
2008/12/09,0,0,0,0
2008/12/10,0,0,0,0
2008/12/11,0,0,0,0
2008/12/12,0,0,0,0
2008/12/15,0,0,0,0
2008/12/16,0,0,0,0
2008/12/17,0,0,0,0
2008/12/18,0,0,0,0
2008/12/19,0,0,0,0
2008/12/22,0,0,0,0
2008/12/23,0,0,0,0
2008/12/24,0,0,0,0
2008/12/25,0,0,-475000,-475000
2008/12/26,0,0,-8000,-8000
2008/12/29,0,0,0,0
2008/12/30,0,0,0,0
2008/12/31,0,0,0,0
2009/01/01,0,0,0,0
2009/01/02,0,0,0,0
2009/01/05,0,0,0,0
2009/01/06,0,0,0,0
2009/01/07,0,0,0,0
2009/01/08,0,0,0,0
2009/01/09,0,0,0,0
2009/01/12,0,0,0,0
2009/01/13,0,0,0,0
2009/01/14,0,0,0,0
2009/01/15,0,0,0,0
2009/01/16,0,0,0,0
2009/01/19,0,0,-16000,-16000
2009/01/20,0,0,0,0
2009/01/21,0,0,0,0
2009/01/22,0,0,0,0
2009/01/23,0,0,0,0
2009/01/26,0,0,0,0
2009/01/27,0,0,0,0
2009/01/28,0,0,0,0
2009/01/29,0,0,0,0
2009/01/30,0,0,0,0
2009/02/02,0,0,0,0
2009/02/03,0,0,0,0
2009/02/04,0,0,0,0
2009/02/05,0,0,0,0
2009/02/06,0,0,0,0
2009/02/09,0,0,-2000,-2000
2009/02/10,0,0,0,0
2009/02/11,0,0,0,0
2009/02/12,0,0,0,0
2009/02/13,0,0,0,0
2009/02/16,0,0,0,0
2009/02/17,0,0,0,0
2009/02/18,0,0,0,0
2009/02/19,0,0,0,0
2009/02/20,0,0,0,0
2009/02/23,0,0,0,0
2009/02/24,0,0,0,0
2009/02/25,0,0,0,0
2009/02/26,0,0,0,0
2009/02/27,0,0,0,0
2009/03/02,0,0,0,0
2009/03/03,0,0,0,0
2009/03/04,0,0,0,0
2009/03/05,0,0,0,0
2009/03/06,0,0,0,0
2009/03/09,0,0,-2000,-2000
2009/03/10,0,0,0,0
2009/03/11,0,0,0,0
2009/03/12,0,0,0,0
2009/03/13,0,0,0,0
2009/03/16,0,0,0,0
2009/03/17,0,0,0,0
2009/03/18,0,0,0,0
2009/03/19,0,0,0,0
2009/03/20,0,0,0,0
2009/03/23,0,0,0,0
2009/03/24,0,0,0,0
2009/03/25,0,0,0,0
2009/03/26,0,0,0,0
2009/03/27,0,0,0,0
2009/03/30,0,0,-1000,-1000
2009/03/31,0,0,0,0
2009/04/01,0,0,0,0
2009/04/02,0,289000,0,289000
2009/04/03,0,15000,0,15000
2009/04/06,0,0,0,0
2009/04/07,0,0,0,0
2009/04/08,0,0,0,0
2009/04/09,0,0,0,0
2009/04/10,0,0,0,0
2009/04/13,0,0,0,0
2009/04/14,0,0,0,0
2009/04/15,0,0,0,0
2009/04/16,0,0,-175000,-175000
2009/04/17,0,0,-619000,-619000
2009/04/20,0,0,-200000,-200000
2009/04/21,0,0,-219,-219
2009/04/22,0,0,0,0
2009/04/23,0,0,0,0
2009/04/24,0,0,0,0
2009/04/27,0,0,0,0
2009/04/28,0,0,0,0
2009/04/29,0,0,0,0
2009/04/30,0,0,0,0
2009/05/01,0,0,0,0
2009/05/04,0,0,0,0
2009/05/05,0,4750000,0,4750000
2009/05/06,0,11890000,0,11890000
2009/05/07,0,9938000,0,9938000
2009/05/08,0,0,0,0
2009/05/11,0,0,0,0
2009/05/12,0,0,0,0
2009/05/13,0,0,0,0
2009/05/14,0,883000,0,883000
2009/05/15,0,4529000,0,4529000
2009/05/18,0,5059000,0,5059000
2009/05/19,0,0,0,0
2009/05/20,0,189000,0,189000
2009/05/21,0,997000,0,997000
2009/05/22,0,0,0,0
2009/05/25,0,0,0,0
2009/05/26,0,167000,0,167000
2009/05/27,0,153000,0,153000
2009/05/28,0,0,0,0
2009/05/29,0,0,0,0
2009/06/01,0,0,0,0
2009/06/02,0,209000,0,209000
2009/06/03,0,0,0,0
2009/06/04,0,39000,0,39000
2009/06/05,0,1000000,-1491000,-491000
2009/06/08,0,40000,-8000,32000
2009/06/09,0,169000,0,169000
2009/06/10,0,27000,-521000,-494000
2009/06/11,0,32000,0,32000
2009/06/12,0,0,0,0
2009/06/15,0,4000,0,4000
2009/06/16,0,8000,0,8000
2009/06/17,0,900000,0,900000
2009/06/18,0,14000,0,14000
2009/06/19,0,0,0,0
2009/06/22,0,7000,0,7000
2009/06/23,0,0,-7000,-7000
2009/06/24,0,2000,0,2000
2009/06/25,0,1000,0,1000
2009/06/26,0,0,0,0
2009/06/29,0,0,0,0
2009/06/30,0,0,0,0
2009/07/01,0,0,0,0
2009/07/02,0,6000,0,6000
2009/07/03,0,0,-12000,-12000
2009/07/06,0,211000,-1000,210000
2009/07/07,0,3000,-1400000,-1397000
2009/07/08,0,0,-503000,-503000
2009/07/09,0,0,0,0
2009/07/10,0,0,-4000,-4000
2009/07/13,0,0,0,0
2009/07/14,0,0,-2189000,-2189000
2009/07/15,0,0,-4585000,-4585000
2009/07/16,0,0,-4000,-4000
2009/07/17,0,0,0,0
2009/07/20,0,0,-5163000,-5163000
2009/07/21,0,0,-1592000,-1592000
2009/07/22,0,0,-4000,-4000
2009/07/23,0,0,-4000,-4000
2009/07/24,0,0,-1053000,-1053000
2009/07/27,0,0,0,0
2009/07/28,0,0,0,0
2009/07/29,0,0,0,0
2009/07/30,0,0,-151000,-151000
2009/07/31,0,0,-1000,-1000
2009/08/03,0,0,0,0
2009/08/04,0,0,-25000,-25000
2009/08/05,0,0,-333000,-333000
2009/08/06,0,0,0,0
2009/08/07,0,0,0,0
2009/08/10,0,7000,0,7000
2009/08/11,0,3000,0,3000
2009/08/12,0,0,0,0
2009/08/13,0,0,-700000,-700000
2009/08/14,0,0,-1557000,-1557000
2009/08/17,0,0,-801000,-801000
2009/08/18,0,4000,-931000,-927000
2009/08/19,0,1000,-700000,-699000
2009/08/20,0,3000,-206000,-203000
2009/08/21,0,0,-1753000,-1753000
2009/08/24,0,3000,-1279920,-1276920
2009/08/25,0,0,0,0
2009/08/26,0,0,0,0
2009/08/27,0,0,0,0
2009/08/28,0,0,0,0
2009/08/31,0,0,0,0
2009/09/01,0,0,0,0
2009/09/02,0,0,0,0
2009/09/03,0,0,0,0
2009/09/04,0,0,0,0
2009/09/07,0,0,0,0
2009/09/08,0,0,0,0
2009/09/09,0,0,0,0
2009/09/10,0,0,0,0
2009/09/11,0,0,0,0
2009/09/14,0,0,-352678,-352678
2009/09/15,0,0,-12389,-12389
2009/09/16,0,0,-787950,-787950
2009/09/17,0,0,0,0
2009/09/18,0,0,-1200000,-1200000
2009/09/21,0,0,0,0
2009/09/22,0,0,0,0
2009/09/23,0,0,0,0
2009/09/24,0,0,-1000000,-1000000
2009/09/25,0,586000,-2110589,-1524589
2009/09/28,0,508000,-585194,-77194
2009/09/29,0,312000,-2050000,-1738000
2009/09/30,0,201000,-1017768,-816768
2009/10/01,0,0,-1000000,-1000000
2009/10/02,0,0,0,0
2009/10/05,0,0,-665000,-665000
2009/10/06,0,0,0,0
2009/10/07,0,0,-1119000,-1119000
2009/10/08,0,0,0,0
2009/10/09,0,0,0,0
2009/10/12,0,0,0,0
2009/10/13,0,0,-448000,-448000
2009/10/14,0,0,-7000,-7000
2009/10/15,0,0,-231000,-231000
2009/10/16,0,0,0,0
2009/10/19,0,0,0,0
2009/10/20,0,0,0,0
2009/10/21,0,0,0,0
2009/10/22,0,0,0,0
2009/10/23,0,0,0,0
2009/10/26,0,0,0,0
2009/10/27,0,0,0,0
2009/10/28,0,0,0,0
2009/10/29,0,0,-437000,-437000
2009/10/30,0,272000,-491000,-219000
2009/11/02,0,0,0,0
2009/11/03,0,0,0,0
2009/11/04,0,0,0,0
2009/11/05,0,500000,0,500000
2009/11/06,0,0,0,0
2009/11/09,0,650000,0,650000
2009/11/10,0,793000,-58249,734751
2009/11/11,0,150000,0,150000
2009/11/12,0,180000,-53686,126314
2009/11/13,0,0,0,0
2009/11/16,0,300000,0,300000
2009/11/17,0,0,0,0
2009/11/18,0,0,0,0
2009/11/19,0,0,0,0
2009/11/20,0,0,0,0
2009/11/23,0,0,0,0
2009/11/24,0,0,0,0
2009/11/25,0,0,0,0
2009/11/26,0,0,0,0
2009/11/27,0,0,0,0
2009/11/30,0,0,0,0
2009/12/01,0,0,0,0
2009/12/02,0,0,0,0
2009/12/03,0,0,0,0
2009/12/04,0,0,0,0
2009/12/07,0,0,0,0
2009/12/08,0,0,0,0
2009/12/09,0,159000,0,159000
2009/12/10,0,0,0,0
2009/12/11,0,0,0,0
2009/12/14,0,0,0,0
2009/12/15,0,0,0,0
2009/12/16,0,0,0,0
2009/12/17,0,0,0,0
2009/12/18,0,0,0,0
2009/12/21,0,0,0,0
2009/12/22,0,0,0,0
2009/12/23,0,0,0,0
2009/12/24,0,0,0,0
2009/12/25,0,0,0,0
2009/12/28,0,18000,0,18000
2009/12/29,0,167000,0,167000
2009/12/30,0,87000,0,87000
2009/12/31,0,0,0,0
2010/01/01,0,0,0,0
2010/01/04,0,3000,-1000,2000
2010/01/05,0,0,-1000,-1000
2010/01/06,0,0,0,0
2010/01/07,0,0,-1000,-1000
2010/01/08,0,0,-3000,-3000
2010/01/11,0,0,0,0
2010/01/12,0,0,-3000,-3000
2010/01/13,0,0,0,0
2010/01/14,0,0,0,0
2010/01/15,0,0,-18000,-18000
2010/01/18,0,7000,0,7000
2010/01/19,0,4000,0,4000
2010/01/20,0,0,-2000,-2000
2010/01/21,0,0,0,0
2010/01/22,0,0,0,0
2010/01/25,0,0,-3000,-3000
2010/01/26,0,0,0,0
2010/01/27,0,9000,0,9000
2010/01/28,0,3000,0,3000
2010/01/29,0,3000,-1282000,-1279000
2010/02/01,0,4000,0,4000
2010/02/02,0,0,0,0
2010/02/03,0,2000,0,2000
2010/02/04,0,2000,0,2000
2010/02/05,0,2000,0,2000
2010/02/08,0,4000,0,4000
2010/02/09,0,3000,0,3000
2010/02/10,0,0,0,0
2010/02/11,0,0,0,0
2010/02/12,0,0,0,0
2010/02/15,0,0,0,0
2010/02/16,0,0,0,0
2010/02/17,0,0,0,0
2010/02/18,0,0,0,0
2010/02/19,0,0,0,0
2010/02/22,0,3000,0,3000
2010/02/23,0,4000,0,4000
2010/02/24,0,0,0,0
2010/02/25,0,0,0,0
2010/02/26,0,2000,-200454,-198454
2010/03/01,0,2000,0,2000
2010/03/02,0,0,-300000,-300000
2010/03/03,0,0,-300000,-300000
2010/03/04,0,0,-2000,-2000
2010/03/05,0,0,0,0
2010/03/08,0,0,0,0
2010/03/09,0,0,-133000,-133000
2010/03/10,0,0,-3000,-3000
2010/03/11,0,0,0,0
2010/03/12,0,12000,0,12000
2010/03/15,0,0,0,0
2010/03/16,0,0,0,0
2010/03/17,0,3000,0,3000
2010/03/18,0,0,-2000,-2000
2010/03/19,0,0,-2000,-2000
2010/03/22,0,0,-3000,-3000
2010/03/23,0,0,-2000,-2000
2010/03/24,0,0,0,0
2010/03/25,0,0,-3000,-3000
2010/03/26,0,0,0,0
2010/03/29,0,3000,0,3000
2010/03/30,0,0,0,0
2010/03/31,0,0,-10000,-10000
2010/04/01,0,0,0,0
2010/04/02,0,200000,-2000,198000
2010/04/05,0,0,0,0
2010/04/06,0,288000,-2000,286000
2010/04/07,0,0,0,0
2010/04/08,0,220000,0,220000
2010/04/09,0,80000,-1000,79000
2010/04/12,0,0,-1000,-1000
2010/04/13,0,0,-2000,-2000
2010/04/14,0,0,-3000,-3000
2010/04/15,0,0,-2000,-2000
2010/04/16,0,0,-3000,-3000
2010/04/19,0,0,0,0
2010/04/20,0,1000,0,1000
2010/04/21,0,0,0,0
2010/04/22,0,0,0,0
2010/04/23,0,0,0,0
2010/04/26,0,0,0,0
2010/04/27,0,200000,-1000,199000
2010/04/28,0,0,-2000,-2000
2010/04/29,0,0,0,0
2010/04/30,0,0,0,0
2010/05/03,0,0,0,0
2010/05/04,0,200000,0,200000
2010/05/05,0,0,0,0
2010/05/06,0,0,0,0
2010/05/07,0,4000,0,4000
2010/05/10,0,3000,0,3000
2010/05/11,0,3000,0,3000
2010/05/12,0,0,0,0
2010/05/13,0,1000,0,1000
2010/05/14,0,3000,0,3000
2010/05/17,0,0,0,0
2010/05/18,0,0,0,0
2010/05/19,0,0,0,0
2010/05/20,0,2000,0,2000
2010/05/21,0,0,0,0
2010/05/24,0,0,0,0
2010/05/25,0,2000,0,2000
2010/05/26,0,3000,0,3000
2010/05/27,0,4000,-988000,-984000
2010/05/28,0,0,0,0
2010/05/31,0,0,-1000,-1000
2010/06/01,0,114000,0,114000
2010/06/02,0,0,0,0
2010/06/03,0,0,0,0
2010/06/04,0,153000,0,153000
2010/06/07,0,0,0,0
2010/06/08,0,3000,0,3000
2010/06/09,0,0,0,0
2010/06/10,0,4000,0,4000
2010/06/11,0,0,0,0
2010/06/14,0,2000,0,2000
2010/06/15,0,0,-14000,-14000
2010/06/16,0,0,0,0
2010/06/17,0,0,0,0
2010/06/18,0,0,0,0
2010/06/21,0,0,0,0
2010/06/22,0,0,0,0
2010/06/23,0,0,-1000,-1000
2010/06/24,0,8000,0,8000
2010/06/25,0,0,-11000,-11000
2010/06/28,0,0,0,0
2010/06/29,0,2000,0,2000
2010/06/30,0,0,0,0
2010/07/01,0,0,0,0
2010/07/02,0,625000,0,625000
2010/07/05,0,0,0,0
2010/07/06,0,302000,0,302000
2010/07/07,0,350000,0,350000
2010/07/08,0,0,0,0
2010/07/09,0,170000,0,170000
2010/07/12,0,0,0,0
2010/07/13,0,0,0,0
2010/07/14,0,0,-625000,-625000
2010/07/15,0,0,-15000,-15000
2010/07/16,0,800000,0,800000
2010/07/19,0,0,-466000,-466000
2010/07/20,0,0,0,0
2010/07/21,0,0,-1000,-1000
2010/07/22,0,0,0,0
2010/07/23,0,0,0,0
2010/07/26,0,0,0,0
2010/07/27,0,0,0,0
2010/07/28,0,896000,0,896000
2010/07/29,0,0,0,0
2010/07/30,0,0,-5000,-5000
2010/08/02,0,0,-2000,-2000
2010/08/03,0,0,0,0
2010/08/04,0,1000,-5000,-4000
2010/08/05,0,4088000,-5000,4083000
2010/08/06,0,0,-3000,-3000
2010/08/09,0,1070000,0,1070000
2010/08/10,0,1981000,-1216000,765000
2010/08/11,0,250000,-120000,130000
2010/08/12,0,1300000,-76000,1224000
2010/08/13,0,300000,-1000,299000
2010/08/16,0,0,-2000,-2000
2010/08/17,0,161000,0,161000
2010/08/18,0,0,-1000,-1000
2010/08/19,0,300000,-1000,299000
2010/08/20,0,1742000,0,1742000
2010/08/23,0,314000,-356000,-42000
2010/08/24,0,5555000,-2000,5553000
2010/08/25,0,300000,-857000,-557000
2010/08/26,0,4261000,-1000,4260000
2010/08/27,0,3213000,0,3213000
2010/08/30,0,1003000,0,1003000
2010/08/31,0,170000,0,170000
2010/09/01,0,0,0,0
2010/09/02,0,203000,0,203000
2010/09/03,0,1000,0,1000
2010/09/06,0,200000,-2056000,-1856000
2010/09/07,0,100000,0,100000
2010/09/08,0,200000,-410000,-210000
2010/09/09,0,0,0,0
2010/09/10,0,0,0,0
2010/09/13,0,100000,0,100000
2010/09/14,0,3000,0,3000
2010/09/15,0,862000,0,862000
2010/09/16,0,0,-6000,-6000
2010/09/17,0,1776000,-4000,1772000
2010/09/20,0,0,-2000,-2000
2010/09/21,0,0,-3000,-3000
2010/09/22,0,0,0,0
2010/09/23,0,1188000,-2000,1186000
2010/09/24,0,388000,-3000,385000
2010/09/27,0,0,-2000,-2000
2010/09/28,0,0,0,0
2010/09/29,0,0,0,0
2010/09/30,0,0,-591000,-591000
2010/10/01,0,0,-100000,-100000
2010/10/04,0,500000,0,500000
2010/10/05,0,461000,0,461000
2010/10/06,0,0,-1000,-1000
2010/10/07,0,404000,0,404000
2010/10/08,0,480000,0,480000
2010/10/11,0,220000,-29424,190576
2010/10/12,0,0,-14000,-14000
2010/10/13,0,0,-33000,-33000
2010/10/14,0,3000,0,3000
2010/10/15,0,0,0,0
2010/10/18,0,0,-1000,-1000
2010/10/19,0,5000,0,5000
2010/10/20,0,0,-1000000,-1000000
2010/10/21,0,0,-1576000,-1576000
2010/10/22,0,0,-500000,-500000
2010/10/25,0,0,0,0
2010/10/26,0,0,-790000,-790000
2010/10/27,0,2000,-898000,-896000
2010/10/28,0,0,-1472000,-1472000
2010/10/29,0,0,-1431000,-1431000
2010/11/01,0,0,-703,-703
2010/11/02,0,2300000,0,2300000
2010/11/03,0,0,0,0
2010/11/04,0,0,0,0
2010/11/05,0,0,0,0
2010/11/08,0,0,-118839,-118839
2010/11/09,0,32000,-130000,-98000
2010/11/10,0,0,-2685,-2685
2010/11/11,0,3000,0,3000
2010/11/12,0,0,-292000,-292000
2010/11/15,0,0,-2402125,-2402125
2010/11/16,0,4000,-1041403,-1037403
2010/11/17,0,0,-2000,-2000
2010/11/18,0,0,-59000,-59000
2010/11/19,0,0,-517450,-517450
2010/11/22,0,0,-1510000,-1510000
2010/11/23,0,0,-1974000,-1974000
2010/11/24,0,0,0,0
2010/11/25,0,0,-192000,-192000
2010/11/26,0,0,0,0
2010/11/29,0,0,-778,-778
2010/11/30,0,0,-2000,-2000
2010/12/01,0,0,-5000,-5000
2010/12/02,0,0,-2659000,-2659000
2010/12/03,0,0,-2562000,-2562000
2010/12/06,0,0,-11000,-11000
2010/12/07,0,0,0,0
2010/12/08,0,0,-4000,-4000
2010/12/09,0,250000,-1000,249000
2010/12/10,0,0,-417920,-417920
2010/12/13,0,0,-1502000,-1502000
2010/12/14,0,0,0,0
2010/12/15,0,0,0,0
2010/12/16,0,0,-3000,-3000
2010/12/17,0,750000,-8000,742000
2010/12/20,0,0,-3000,-3000
2010/12/21,0,1000,0,1000
2010/12/22,0,2000,-150000,-148000
2010/12/23,0,0,-452000,-452000
2010/12/24,0,0,0,0
2010/12/27,0,0,-1000,-1000
2010/12/28,0,1668000,0,1668000
2010/12/29,0,1015000,0,1015000
2010/12/30,0,0,0,0
2010/12/31,0,1000,0,1000
2011/01/03,0,0,-1838000,-1838000
2011/01/04,0,300000,0,300000
2011/01/05,0,0,0,0
2011/01/06,0,4490000,-500000,3990000
2011/01/07,0,630000,-1818000,-1188000
2011/01/10,0,0,-996000,-996000
2011/01/11,0,1369000,-73000,1296000
2011/01/12,0,400000,0,400000
2011/01/13,0,0,0,0
2011/01/14,0,0,-38000,-38000
2011/01/17,0,0,0,0
2011/01/18,0,0,-70000,-70000
2011/01/19,0,0,-6000,-6000
2011/01/20,0,0,-1000,-1000
2011/01/21,0,0,-2000,-2000
2011/01/24,0,0,0,0
2011/01/25,0,1000,0,1000
2011/01/26,0,814000,0,814000
2011/01/27,0,0,0,0
2011/01/28,0,0,-3000,-3000
2011/01/31,0,0,0,0
2011/02/01,0,0,0,0
2011/02/02,0,0,0,0
2011/02/03,0,0,0,0
2011/02/04,0,0,0,0
2011/02/07,0,0,0,0
2011/02/08,0,0,0,0
2011/02/09,0,111000,0,111000
2011/02/10,0,0,-983000,-983000
2011/02/11,0,5000,0,5000
2011/02/14,0,1000,-400000,-399000
2011/02/15,0,3000,-600000,-597000
2011/02/16,0,0,0,0
2011/02/17,0,0,0,0
2011/02/18,0,0,0,0
2011/02/21,0,0,-1000,-1000
2011/02/22,0,0,-300000,-300000
2011/02/23,0,14000,-591000,-577000
2011/02/24,0,2000,0,2000
2011/02/25,0,1000,-209000,-208000
2011/02/28,0,0,0,0
2011/03/01,0,0,-111000,-111000
2011/03/02,0,95000,-1000,94000
2011/03/03,0,0,-130000,-130000
2011/03/04,0,0,-1600000,-1600000
2011/03/07,0,0,-1050000,-1050000
2011/03/08,0,0,-36000,-36000
2011/03/09,0,22000,0,22000
2011/03/10,0,0,-623000,-623000
2011/03/11,0,0,-1114000,-1114000
2011/03/14,0,2000,-1364000,-1362000
2011/03/15,0,2000,-384000,-382000
2011/03/16,0,0,-290000,-290000
2011/03/17,0,36000,0,36000
2011/03/18,0,0,0,0
2011/03/21,0,0,0,0
2011/03/22,0,268000,0,268000
2011/03/23,0,0,0,0
2011/03/24,0,171000,0,171000
2011/03/25,0,200000,0,200000
2011/03/28,0,0,0,0
2011/03/29,0,0,0,0
2011/03/30,0,0,-13000,-13000
2011/03/31,0,0,-22000,-22000
2011/04/01,0,0,0,0
2011/04/04,0,0,0,0
2011/04/05,0,0,0,0
2011/04/06,0,64000,0,64000
2011/04/07,0,0,0,0
2011/04/08,0,0,0,0
2011/04/11,0,0,0,0
2011/04/12,0,0,-2000,-2000
2011/04/13,0,0,0,0
2011/04/14,0,0,0,0
2011/04/15,0,0,0,0
2011/04/18,0,0,0,0
2011/04/19,0,3000,0,3000
2011/04/20,0,0,0,0
2011/04/21,0,240000,-1000,239000
2011/04/22,0,29000,0,29000
2011/04/25,0,293000,-2000,291000
2011/04/26,0,319000,-2000,317000
2011/04/27,0,1369000,0,1369000
2011/04/28,0,689000,0,689000
2011/04/29,0,0,0,0
2011/05/02,0,0,0,0
2011/05/03,0,253000,0,253000
2011/05/04,0,156000,0,156000
2011/05/05,0,560000,0,560000
2011/05/06,0,526000,0,526000
2011/05/09,0,1201000,0,1201000
2011/05/10,0,0,0,0
2011/05/11,0,0,0,0
2011/05/12,0,0,-2000,-2000
2011/05/13,0,0,0,0
2011/05/16,0,0,0,0
2011/05/17,0,400000,0,400000
2011/05/18,0,200000,0,200000
2011/05/19,0,0,0,0
2011/05/20,0,0,0,0
2011/05/23,0,0,-501000,-501000
2011/05/24,0,0,-1208000,-1208000
2011/05/25,0,0,-1185000,-1185000
2011/05/26,0,0,0,0
2011/05/27,0,0,-700000,-700000
2011/05/30,0,1000,-600000,-599000
2011/05/31,0,0,0,0
2011/06/01,0,0,0,0
2011/06/02,0,0,-1976000,-1976000
2011/06/03,0,0,0,0
2011/06/06,0,0,0,0
2011/06/07,0,0,0,0
2011/06/08,0,2000,0,2000
2011/06/09,0,0,0,0
2011/06/10,0,0,0,0
2011/06/13,0,0,0,0
2011/06/14,0,3000,-181000,-178000
2011/06/15,0,131000,0,131000
2011/06/16,0,0,0,0
2011/06/17,0,10000,0,10000
2011/06/20,0,5000,-108000,-103000
2011/06/21,0,7000,0,7000
2011/06/22,0,4000,-183000,-179000
2011/06/23,0,3000,0,3000
2011/06/24,0,4000,0,4000
2011/06/27,0,200000,-104000,96000
2011/06/28,0,10000,0,10000
2011/06/29,0,203000,0,203000
2011/06/30,0,704000,0,704000
2011/07/01,0,1000,0,1000
2011/07/04,0,0,0,0
2011/07/05,0,0,-2000,-2000
2011/07/06,0,0,-1000,-1000
2011/07/07,0,0,0,0
2011/07/08,0,0,-2000,-2000
2011/07/11,0,0,0,0
2011/07/12,0,2000,0,2000
2011/07/13,0,7000,0,7000
2011/07/14,0,10000,-769000,-759000
2011/07/15,0,7000,0,7000
2011/07/18,0,1323000,0,1323000
2011/07/19,0,2710000,0,2710000
2011/07/20,0,1105000,0,1105000
2011/07/21,0,3000,0,3000
2011/07/22,0,3394000,-7000,3387000
2011/07/25,0,0,-8000,-8000
2011/07/26,0,0,0,0
2011/07/27,0,0,-6000,-6000
2011/07/28,0,0,-7000,-7000
2011/07/29,0,0,0,0
2011/08/01,0,2134000,0,2134000
2011/08/02,0,220000,-8000,212000
2011/08/03,0,13000,0,13000
2011/08/04,0,1633000,0,1633000
2011/08/05,0,22000,0,22000
2011/08/08,0,18000,-1100000,-1082000
2011/08/09,0,22000,0,22000
2011/08/10,0,3686000,0,3686000
2011/08/11,0,24000,0,24000
2011/08/12,0,1560000,0,1560000
2011/08/15,0,4000,0,4000
2011/08/16,0,0,-71000,-71000
2011/08/17,0,0,-2000,-2000
2011/08/18,0,4000,0,4000
2011/08/19,0,3000,0,3000
2011/08/22,0,362000,0,362000
2011/08/23,0,9000,0,9000
2011/08/24,0,0,0,0
2011/08/25,0,0,0,0
2011/08/26,0,4000,0,4000
2011/08/29,0,6000,0,6000
2011/08/30,0,0,0,0
2011/08/31,0,0,0,0
2011/09/01,0,0,-2000,-2000
2011/09/02,0,0,-5000,-5000
2011/09/05,0,0,-3000,-3000
2011/09/06,0,0,-708000,-708000
2011/09/07,0,8000,-288000,-280000
2011/09/08,0,0,0,0
2011/09/09,0,0,0,0
2011/09/12,0,0,0,0
2011/09/13,0,0,-2409214,-2409214
2011/09/14,0,7000,0,7000
2011/09/15,0,17000,-25000,-8000
2011/09/16,0,692000,0,692000
2011/09/19,0,282000,0,282000
2011/09/20,0,2000,0,2000
2011/09/21,0,250000,-12581,237419
2011/09/22,0,0,0,0
2011/09/23,0,154000,0,154000
2011/09/26,0,13000,0,13000
2011/09/27,0,5000,0,5000
2011/09/28,0,0,-2000,-2000
2011/09/29,0,4000,0,4000
2011/09/30,0,294000,0,294000
2011/10/03,0,0,-1000,-1000
2011/10/04,0,0,-500525,-500525
2011/10/05,0,101000,-300000,-199000
2011/10/06,0,4000,-1704000,-1700000
2011/10/07,0,590000,-1800000,-1210000
2011/10/10,0,0,0,0
2011/10/11,0,600000,-1024400,-424400
2011/10/12,0,0,-1092842,-1092842
2011/10/13,0,0,-882000,-882000
2011/10/14,0,0,-403000,-403000
2011/10/17,0,100000,-147035,-47035
2011/10/18,0,25174,0,25174
2011/10/19,0,100000,0,100000
2011/10/20,0,0,0,0
2011/10/21,0,0,-100000,-100000
2011/10/24,0,300000,0,300000
2011/10/25,0,0,-200000,-200000
2011/10/26,0,6000,-300000,-294000
2011/10/27,0,3000,-148000,-145000
2011/10/28,0,4000,-500000,-496000
2011/10/31,0,1000,-4000,-3000
2011/11/01,0,0,-104000,-104000
2011/11/02,0,0,0,0
2011/11/03,0,2000,0,2000
2011/11/04,0,0,-903000,-903000
2011/11/07,0,0,-770000,-770000
2011/11/08,0,5000,-100000,-95000
2011/11/09,0,0,0,0
2011/11/10,0,101000,-757000,-656000
2011/11/11,0,0,-1000,-1000
2011/11/14,0,5000,-316258,-311258
2011/11/15,0,0,-1000,-1000
2011/11/16,0,0,-25000,-25000
2011/11/17,0,3000,-200000,-197000
2011/11/18,0,1000,-400000,-399000
2011/11/21,0,6000,0,6000
2011/11/22,0,3000,-100000,-97000
2011/11/23,0,10000,0,10000
2011/11/24,0,7000,-851000,-844000
2011/11/25,0,8000,-45000,-37000
2011/11/28,0,553000,-400000,153000
2011/11/29,0,813000,-400000,413000
2011/11/30,0,0,-688000,-688000
2011/12/01,0,0,0,0
2011/12/02,0,0,0,0
2011/12/05,0,0,-213000,-213000
2011/12/06,0,0,-453000,-453000
2011/12/07,0,2000,-158879,-156879
2011/12/08,0,0,0,0
2011/12/09,0,80000,-9636,70364
2011/12/12,0,0,0,0
2011/12/13,0,0,-331000,-331000
2011/12/14,0,74000,0,74000
2011/12/15,0,71000,-261000,-190000
2011/12/16,0,2000,-148000,-146000
2011/12/19,0,5000,0,5000
2011/12/20,0,4000,0,4000
2011/12/21,0,0,0,0
2011/12/22,0,105000,0,105000
2011/12/23,0,100000,-5000,95000
2011/12/26,0,0,0,0
2011/12/27,0,239000,0,239000
2011/12/28,0,0,-4000,-4000
2011/12/29,0,80000,0,80000
2011/12/30,0,0,-8000,-8000
2012/01/02,0,10000,0,10000
2012/01/03,0,230000,-14000,216000
2012/01/04,0,700000,0,700000
2012/01/05,0,309470,-3000,306470
2012/01/06,0,150000,-2000,148000
2012/01/09,0,0,-1000,-1000
2012/01/10,0,0,-2000,-2000
2012/01/11,0,0,-5000,-5000
2012/01/12,0,0,-11000,-11000
2012/01/13,0,200000,-16000,184000
2012/01/16,0,0,-5000,-5000
2012/01/17,0,0,0,0
2012/01/18,0,360000,-4000,356000
2012/01/19,0,0,0,0
2012/01/20,0,0,0,0
2012/01/23,0,0,0,0
2012/01/24,0,0,0,0
2012/01/25,0,0,0,0
2012/01/26,0,0,0,0
2012/01/27,0,0,0,0
2012/01/30,0,230000,-3000,227000
2012/01/31,0,100000,-2000,98000
2012/02/01,0,0,-7000,-7000
2012/02/02,0,0,-6000,-6000
2012/02/03,0,0,-7000,-7000
2012/02/06,0,0,-164000,-164000
2012/02/07,0,1000,-350000,-349000
2012/02/08,0,0,-4000,-4000
2012/02/09,0,11918,-10000,1918
2012/02/10,0,0,-159000,-159000
2012/02/13,0,0,0,0
2012/02/14,0,0,-6000,-6000
2012/02/15,0,180000,-7000,173000
2012/02/16,0,0,-1000,-1000
2012/02/17,0,8000,0,8000
2012/02/20,0,0,-3000,-3000
2012/02/21,0,150000,0,150000
2012/02/22,0,0,0,0
2012/02/23,0,0,-2000,-2000
2012/02/24,0,0,-12000,-12000
2012/02/27,0,0,0,0
2012/02/28,0,0,0,0
2012/02/29,0,0,0,0
2012/03/01,0,0,0,0
2012/03/02,0,0,-5000,-5000
2012/03/05,0,0,-1000,-1000
2012/03/06,0,0,0,0
2012/03/07,0,0,0,0
2012/03/08,0,0,-4491,-4491
2012/03/09,0,0,0,0
2012/03/12,0,0,-2000,-2000
2012/03/13,0,0,0,0
2012/03/14,0,0,-18000,-18000
2012/03/15,0,0,-21000,-21000
2012/03/16,0,0,-22000,-22000
2012/03/19,0,0,-1000,-1000
2012/03/20,0,0,-3000,-3000
2012/03/21,0,0,0,0
2012/03/22,0,0,0,0
2012/03/23,0,0,0,0
2012/03/26,0,0,-1000,-1000
2012/03/27,0,0,0,0
2012/03/28,0,0,0,0
2012/03/29,0,0,0,0
2012/03/30,0,0,-4000,-4000
2012/04/02,0,0,0,0
2012/04/03,0,0,0,0
2012/04/04,0,0,0,0
2012/04/05,0,6862,0,6862
2012/04/06,0,0,0,0
2012/04/09,0,0,0,0
2012/04/10,0,100000,0,100000
2012/04/11,0,0,0,0
2012/04/12,0,0,0,0
2012/04/13,0,0,0,0
2012/04/16,0,0,-20000,-20000
2012/04/17,0,0,0,0
2012/04/18,0,0,0,0
2012/04/19,0,0,0,0
2012/04/20,0,0,0,0
2012/04/23,0,2000,0,2000
2012/04/24,0,6000,0,6000
2012/04/25,0,0,0,0
2012/04/26,0,0,0,0
2012/04/27,0,0,0,0
2012/04/30,0,0,0,0
2012/05/01,0,0,0,0
2012/05/02,0,19000,0,19000
2012/05/03,0,0,-20639,-20639
2012/05/04,0,0,-15000,-15000
2012/05/07,0,0,0,0
2012/05/08,0,83000,0,83000
2012/05/09,0,0,0,0
2012/05/10,0,170000,0,170000
2012/05/11,0,0,0,0
2012/05/14,0,339000,0,339000
2012/05/15,0,309000,0,309000
2012/05/16,0,192000,0,192000
2012/05/17,0,168000,0,168000
2012/05/18,0,83000,0,83000
2012/05/21,0,250000,0,250000
2012/05/22,0,0,0,0
2012/05/23,0,125000,0,125000
2012/05/24,0,126000,0,126000
2012/05/25,0,0,0,0
2012/05/28,0,42000,0,42000
2012/05/29,0,3000,0,3000
2012/05/30,0,114581,-1000,113581
2012/05/31,0,42000,0,42000
2012/06/01,0,43000,0,43000
2012/06/04,0,8000,0,8000
2012/06/05,0,5000,0,5000
2012/06/06,0,0,-594000,-594000
2012/06/07,0,0,-300000,-300000
2012/06/08,0,33000,-200000,-167000
2012/06/11,0,13000,-600000,-587000
2012/06/12,0,41000,-500000,-459000
2012/06/13,0,185000,-600000,-415000
2012/06/14,0,168000,-188000,-20000
2012/06/15,0,87000,0,87000
2012/06/18,0,132000,0,132000
2012/06/19,0,131000,0,131000
2012/06/20,0,0,0,0
2012/06/21,0,130000,0,130000
2012/06/22,0,130000,0,130000
2012/06/25,0,130000,-39000,91000
2012/06/26,0,266000,-23579,242421
2012/06/27,0,80000,0,80000
2012/06/28,0,0,-13000,-13000
2012/06/29,0,100000,0,100000
2012/07/02,0,1000,-5000,-4000
2012/07/03,0,145000,0,145000
2012/07/04,0,0,0,0
2012/07/05,0,95000,0,95000
2012/07/06,0,128000,0,128000
2012/07/09,0,129000,0,129000
2012/07/10,0,128000,0,128000
2012/07/11,0,216000,0,216000
2012/07/12,0,120000,0,120000
2012/07/13,0,120000,0,120000
2012/07/16,0,0,0,0
2012/07/17,0,0,-151000,-151000
2012/07/18,0,0,0,0
2012/07/19,0,0,0,0
2012/07/20,0,0,0,0
2012/07/23,0,0,0,0
2012/07/24,0,0,0,0
2012/07/25,0,0,0,0
2012/07/26,0,0,0,0
2012/07/27,0,0,0,0
2012/07/30,0,0,0,0
2012/07/31,0,888000,0,888000
2012/08/01,0,100000,-1002000,-902000
2012/08/02,0,0,0,0
2012/08/03,0,0,-995000,-995000
2012/08/06,0,232000,-4000,228000
2012/08/07,0,130000,-41000,89000
2012/08/08,0,150000,-10000,140000
2012/08/09,0,59000,-7000,52000
2012/08/10,0,0,-2000,-2000
2012/08/13,0,0,-3000,-3000
2012/08/14,0,0,-2000,-2000
2012/08/15,0,0,-120000,-120000
2012/08/16,0,0,-3000,-3000
2012/08/17,0,1000,-20041,-19041
2012/08/20,0,0,-2000,-2000
2012/08/21,0,0,-1000,-1000
2012/08/22,0,0,-1000,-1000
2012/08/23,0,0,0,0
2012/08/24,0,0,0,0
2012/08/27,0,0,-2000,-2000
2012/08/28,0,0,-1000,-1000
2012/08/29,0,0,-3000,-3000
2012/08/30,0,0,0,0
2012/08/31,0,0,-2000,-2000
2012/09/03,0,0,-2000,-2000
2012/09/04,0,0,-147000,-147000
2012/09/05,0,1000,-695000,-694000
2012/09/06,0,0,0,0
2012/09/07,0,1000,-587000,-586000
2012/09/10,0,0,-220000,-220000
2012/09/11,0,0,0,0
2012/09/12,0,0,0,0
2012/09/13,0,0,0,0
2012/09/14,0,1000,0,1000
2012/09/17,0,0,0,0
2012/09/18,0,0,-66000,-66000
2012/09/19,0,0,-12000,-12000
2012/09/20,0,0,-102000,-102000
2012/09/21,0,0,-2000,-2000
2012/09/24,0,0,-152000,-152000
2012/09/25,0,0,0,0
2012/09/26,0,0,-1000,-1000
2012/09/27,0,0,0,0
2012/09/28,0,0,0,0
2012/10/01,0,0,0,0
2012/10/02,0,0,0,0
2012/10/03,0,0,0,0
2012/10/04,0,0,0,0
2012/10/05,0,0,0,0
2012/10/08,0,0,0,0
2012/10/09,0,0,0,0
2012/10/10,0,0,0,0
2012/10/11,0,0,0,0
2012/10/12,0,0,0,0
2012/10/15,0,0,0,0
2012/10/16,0,0,0,0
2012/10/17,0,0,0,0
2012/10/18,0,20000,0,20000
2012/10/19,0,0,0,0
2012/10/22,0,0,0,0
2012/10/23,0,0,0,0
2012/10/24,0,0,-154000,-154000
2012/10/25,0,162000,-51000,111000
2012/10/26,0,0,0,0
2012/10/29,0,0,-7023,-7023
2012/10/30,0,0,0,0
2012/10/31,0,0,0,0
2012/11/01,0,0,0,0
2012/11/02,0,1000,0,1000
2012/11/05,0,0,0,0
2012/11/06,0,0,0,0
2012/11/07,0,0,0,0
2012/11/08,0,0,-51000,-51000
2012/11/09,0,0,0,0
2012/11/12,0,0,0,0
2012/11/13,0,0,0,0
2012/11/14,0,0,0,0
2012/11/15,0,0,0,0
2012/11/16,0,0,0,0
2012/11/19,0,0,0,0
2012/11/20,0,0,0,0
2012/11/21,0,0,0,0
2012/11/22,0,0,0,0
2012/11/23,0,0,0,0
2012/11/26,0,0,0,0
2012/11/27,0,0,0,0
2012/11/28,0,90000,-1388,88612
2012/11/29,0,0,0,0
2012/11/30,0,0,-1000,-1000
2012/12/03,0,0,0,0
2012/12/04,0,0,-1000,-1000
2012/12/05,0,0,-2000,-2000
2012/12/06,0,0,0,0
2012/12/07,0,0,0,0
2012/12/10,0,0,-2000,-2000
2012/12/11,0,0,0,0
2012/12/12,0,0,0,0
2012/12/13,0,0,-1000,-1000
2012/12/14,0,0,-1000,-1000
2012/12/17,0,0,0,0
2012/12/18,0,0,0,0
2012/12/19,0,0,0,0
2012/12/20,0,0,-2000,-2000
2012/12/21,0,0,-37000,-37000
2012/12/24,0,0,0,0
2012/12/25,0,0,0,0
2012/12/26,0,0,0,0
2012/12/27,0,0,0,0
2012/12/28,0,0,-1000,-1000
2012/12/31,0,0,0,0
2013/01/01,0,0,0,0
2013/01/02,0,0,0,0
2013/01/03,0,0,-5000,-5000
2013/01/04,0,0,-7000,-7000
2013/01/07,0,25000,-5000,20000
2013/01/08,0,116000,-1000,115000
2013/01/09,0,0,0,0
2013/01/10,0,0,0,0
2013/01/11,0,5000,0,5000
2013/01/14,0,0,-189000,-189000
2013/01/15,0,2000,0,2000
2013/01/16,0,3000,-88000,-85000
2013/01/17,0,7823,0,7823
2013/01/18,0,0,0,0
2013/01/21,0,5000,-217000,-212000
2013/01/22,0,0,0,0
2013/01/23,0,0,-5000,-5000
2013/01/24,0,1000,-277000,-276000
2013/01/25,0,0,-3128,-3128
2013/01/28,0,0,-220000,-220000
2013/01/29,0,0,0,0
2013/01/30,0,0,0,0
2013/01/31,0,2000,-2000,0
2013/02/01,0,0,-500000,-500000
2013/02/04,0,17000,0,17000
2013/02/05,0,8000,0,8000
2013/02/06,0,0,-13000,-13000
2013/02/07,0,0,0,0
2013/02/08,0,0,0,0
2013/02/11,0,0,0,0
2013/02/12,0,0,0,0
2013/02/13,0,0,0,0
2013/02/14,0,0,0,0
2013/02/15,0,0,0,0
2013/02/18,0,0,-2000,-2000
2013/02/19,0,0,-5000,-5000
2013/02/20,0,0,0,0
2013/02/21,0,0,-6000,-6000
2013/02/22,0,0,-9000,-9000
2013/02/25,0,0,0,0
2013/02/26,0,0,-1000,-1000
2013/02/27,0,0,0,0
2013/02/28,0,0,0,0
2013/03/01,0,0,0,0
2013/03/04,0,0,0,0
2013/03/05,0,0,0,0
2013/03/06,0,0,0,0
2013/03/07,0,0,0,0
2013/03/08,0,0,-1000,-1000
2013/03/11,0,0,-4000,-4000
2013/03/12,0,0,-3000,-3000
2013/03/13,0,0,-4000,-4000
2013/03/14,0,0,-3000,-3000
2013/03/15,0,0,-12000,-12000
2013/03/18,0,0,-12000,-12000
2013/03/19,0,0,0,0
2013/03/20,0,0,-583000,-583000
2013/03/21,0,0,-466498,-466498
2013/03/22,0,0,-3000,-3000
2013/03/25,0,0,0,0
2013/03/26,0,0,0,0
2013/03/27,0,0,-24000,-24000
2013/03/28,0,0,0,0
2013/03/29,0,0,0,0
2013/04/01,0,0,-244000,-244000
2013/04/02,0,0,0,0
2013/04/03,0,0,-140000,-140000
2013/04/04,0,0,0,0
2013/04/05,0,0,0,0
2013/04/08,0,0,0,0
2013/04/09,0,0,0,0
2013/04/10,0,0,0,0
2013/04/11,0,0,0,0
2013/04/12,0,0,0,0
2013/04/15,0,0,-3000,-3000
2013/04/16,0,0,0,0
2013/04/17,0,110000,-18000,92000
2013/04/18,0,44000,0,44000
2013/04/19,0,14981,0,14981
2013/04/22,0,89000,-2000,87000
2013/04/23,0,0,-8000,-8000
2013/04/24,0,0,-2000,-2000
2013/04/25,0,0,-6000,-6000
2013/04/26,0,0,-7000,-7000
2013/04/29,0,0,-4000,-4000
2013/04/30,0,0,0,0
2013/05/01,0,0,0,0
2013/05/02,0,0,0,0
2013/05/03,0,0,-14000,-14000
2013/05/06,0,0,-7000,-7000
2013/05/07,0,0,0,0
2013/05/08,0,0,-2000,-2000
2013/05/09,0,0,-1000,-1000
2013/05/10,0,0,-2000,-2000
2013/05/13,0,0,-8000,-8000
2013/05/14,0,0,-3000,-3000
2013/05/15,0,0,0,0
2013/05/16,0,0,0,0
2013/05/17,0,0,0,0
2013/05/20,0,0,-5000,-5000
2013/05/21,0,0,0,0
2013/05/22,0,0,-21000,-21000
2013/05/23,0,0,-1000,-1000
2013/05/24,0,0,-6000,-6000
2013/05/27,0,0,-1000,-1000
2013/05/28,0,0,0,0
2013/05/29,0,0,0,0
2013/05/30,0,0,-12000,-12000
2013/05/31,0,0,0,0
2013/06/03,0,0,0,0
2013/06/04,0,0,0,0
2013/06/05,0,0,0,0
2013/06/06,0,0,0,0
2013/06/07,0,0,0,0
2013/06/10,0,0,-11000,-11000
2013/06/11,0,0,-60000,-60000
2013/06/12,0,0,0,0
2013/06/13,0,0,-62000,-62000
2013/06/14,0,0,0,0
2013/06/17,0,0,0,0
2013/06/18,0,0,-2000,-2000
2013/06/19,0,0,0,0
2013/06/20,0,0,0,0
2013/06/21,0,4000,0,4000
2013/06/24,0,0,-1000,-1000
2013/06/25,0,0,0,0
2013/06/26,0,0,0,0
2013/06/27,0,0,0,0
2013/06/28,0,0,0,0
2013/07/01,0,0,0,0
2013/07/02,0,0,0,0
2013/07/03,0,0,0,0
2013/07/04,0,11000,0,11000
2013/07/05,0,0,-8000,-8000
2013/07/08,0,0,0,0
2013/07/09,0,0,0,0
2013/07/10,0,0,0,0
2013/07/11,0,20849,0,20849
2013/07/12,0,0,-3000,-3000
2013/07/15,0,0,0,0
2013/07/16,0,0,0,0
2013/07/17,0,0,0,0
2013/07/18,0,0,0,0
2013/07/19,0,0,0,0
2013/07/22,0,0,0,0
2013/07/23,0,0,0,0
2013/07/24,0,0,0,0
2013/07/25,0,0,0,0
2013/07/26,0,0,0,0
2013/07/29,0,0,0,0
2013/07/30,0,0,-41000,-41000
2013/07/31,0,0,0,0
2013/08/01,0,0,0,0
2013/08/02,0,0,0,0
2013/08/05,0,0,-6000,-6000
2013/08/06,0,0,0,0
2013/08/07,0,0,0,0
2013/08/08,0,0,0,0
2013/08/09,0,0,0,0
2013/08/12,0,1000,0,1000
2013/08/13,0,0,0,0
2013/08/14,0,1000,0,1000
2013/08/15,0,0,-1000,-1000
2013/08/16,0,0,0,0
2013/08/19,0,0,0,0
2013/08/20,0,0,0,0
2013/08/21,0,0,0,0
2013/08/22,0,0,0,0
2013/08/23,0,0,0,0
2013/08/26,0,0,0,0
2013/08/27,0,0,0,0
2013/08/28,0,0,0,0
2013/08/29,0,0,0,0
2013/08/30,0,1000,0,1000
2013/09/02,0,0,0,0
2013/09/03,0,1000,-43264,-42264
2013/09/04,0,0,0,0
2013/09/05,0,1000,0,1000
2013/09/06,0,0,0,0
2013/09/09,0,0,-1000,-1000
2013/09/10,0,0,0,0
2013/09/11,0,0,0,0
2013/09/12,0,25000,0,25000
2013/09/13,0,22000,0,22000
2013/09/16,0,0,0,0
2013/09/17,0,0,0,0
2013/09/18,0,5000,0,5000
2013/09/19,0,0,0,0
2013/09/20,0,0,0,0
2013/09/23,0,0,0,0
2013/09/24,0,0,0,0
2013/09/25,0,0,0,0
2013/09/26,0,0,0,0
2013/09/27,0,3000,0,3000
2013/09/30,0,0,-1000,-1000
2013/10/01,0,0,0,0
2013/10/02,0,0,0,0
2013/10/03,0,0,0,0
2013/10/04,0,0,0,0
2013/10/07,0,2000,0,2000
2013/10/08,0,0,0,0
2013/10/09,0,0,0,0
2013/10/10,0,0,0,0
2013/10/11,0,0,0,0
2013/10/14,0,0,0,0
2013/10/15,0,0,0,0
2013/10/16,0,0,0,0
2013/10/17,0,0,-1000,-1000
2013/10/18,0,0,0,0
2013/10/21,0,0,0,0
2013/10/22,0,0,-14000,-14000
2013/10/23,0,0,-1000,-1000
2013/10/24,0,0,0,0
2013/10/25,0,0,-1000,-1000
2013/10/28,0,0,-1000,-1000
2013/10/29,0,0,0,0
2013/10/30,0,0,0,0
2013/10/31,0,0,-2000,-2000
2013/11/01,0,0,0,0
2013/11/04,0,0,0,0
2013/11/05,0,0,0,0
2013/11/06,0,0,0,0
2013/11/07,0,0,-1000,-1000
2013/11/08,0,0,0,0
2013/11/11,0,0,0,0
2013/11/12,0,0,0,0
2013/11/13,0,0,-3000,-3000
2013/11/14,0,0,0,0
2013/11/15,0,0,0,0
2013/11/18,0,300000,0,300000
2013/11/19,0,175000,0,175000
2013/11/20,0,0,0,0
2013/11/21,0,0,0,0
2013/11/22,0,0,0,0
2013/11/25,0,39958,0,39958
2013/11/26,0,0,0,0
2013/11/27,0,0,0,0
2013/11/28,0,0,0,0
2013/11/29,0,0,0,0
2013/12/02,0,0,0,0
2013/12/03,0,0,0,0
2013/12/04,0,0,0,0
2013/12/05,0,0,0,0
2013/12/06,0,0,0,0
2013/12/09,0,0,0,0
2013/12/10,0,0,0,0
2013/12/11,0,0,0,0
2013/12/12,0,0,-1000,-1000
2013/12/13,0,0,0,0
2013/12/16,0,0,0,0
2013/12/17,0,0,0,0
2013/12/18,0,0,0,0
2013/12/19,0,0,0,0
2013/12/20,0,0,-13000,-13000
2013/12/23,0,0,0,0
2013/12/24,0,0,-9000,-9000
2013/12/25,0,0,-8000,-8000
2013/12/26,0,0,0,0
2013/12/27,0,3000,0,3000
2013/12/30,0,0,-17000,-17000
2013/12/31,0,0,-2000,-2000
2014/01/02,0,0,-22000,-22000
2014/01/03,0,0,-2000,-2000
2014/01/06,0,0,0,0
2014/01/07,0,0,-1000,-1000
2014/01/08,0,0,0,0
2014/01/09,0,0,0,0
2014/01/10,0,0,0,0
2014/01/13,0,0,0,0
2014/01/14,0,0,0,0
2014/01/15,0,4000,-1000,3000
2014/01/16,0,0,0,0
2014/01/17,0,0,-1000,-1000
2014/01/20,0,0,-1000,-1000
2014/01/21,0,0,-2000,-2000
2014/01/22,0,0,-1000,-1000
2014/01/23,0,0,0,0
2014/01/24,0,452000,0,452000
2014/01/27,0,0,-1000,-1000
2014/02/05,0,0,-1000,-1000
2014/02/06,0,0,0,0
2014/02/07,0,0,0,0
2014/02/10,0,0,0,0
2014/02/11,0,0,-1000,-1000
2014/02/12,0,551000,0,551000
2014/02/13,0,295000,-14189,280811
2014/02/14,0,159000,0,159000
2014/02/17,0,375000,-86000,289000
2014/02/18,0,952000,0,952000
2014/02/19,0,548000,-36000,512000
2014/02/20,0,1335000,0,1335000
2014/02/21,0,733000,0,733000
2014/02/24,0,448000,-8000,440000
2014/02/25,0,0,0,0
2014/02/26,0,287000,0,287000
2014/02/27,0,326000,0,326000
2014/03/03,0,202000,0,202000
2014/03/04,0,136000,0,136000
2014/03/05,0,492000,0,492000
2014/03/06,0,174000,-2000,172000
2014/03/07,0,0,-1000,-1000
2014/03/10,0,176000,-2000,174000
2014/03/11,0,174000,-477000,-303000
2014/03/12,0,0,-1000,-1000
2014/03/13,0,0,0,0
2014/03/14,0,0,-1000,-1000
2014/03/17,0,0,-1000,-1000
2014/03/18,0,0,0,0
2014/03/19,0,0,0,0
2014/03/20,0,0,0,0
2014/03/21,0,0,-4000,-4000
2014/03/24,0,191000,-1000,190000
2014/03/25,0,137000,0,137000
2014/03/26,0,0,0,0
2014/03/27,0,0,0,0
2014/03/28,0,0,-2000,-2000
2014/03/31,0,0,0,0
2014/04/01,0,80000,0,80000
2014/04/02,0,0,0,0
2014/04/03,0,0,0,0
2014/04/07,0,0,-300000,-300000
2014/04/08,0,0,-250000,-250000
2014/04/09,0,0,-250000,-250000
2014/04/10,0,0,-202009,-202009
2014/04/11,0,0,-120000,-120000
2014/04/14,0,0,-250000,-250000
2014/04/15,0,0,-250000,-250000
2014/04/16,0,0,-202000,-202000
2014/04/17,0,0,-332306,-332306
2014/04/18,0,0,-251000,-251000
2014/04/21,0,0,-279000,-279000
2014/04/22,0,0,-202000,-202000
2014/04/23,0,0,-200000,-200000
2014/04/24,0,0,-200000,-200000
2014/04/25,0,0,0,0
2014/04/28,0,0,-300000,-300000
2014/04/29,0,0,-300000,-300000
2014/04/30,0,0,-384000,-384000
2014/05/02,0,0,-300000,-300000
2014/05/05,0,0,-200000,-200000
2014/05/06,0,0,-210000,-210000
2014/05/07,0,0,-170000,-170000
2014/05/08,0,0,-180000,-180000
2014/05/09,0,0,-101000,-101000
2014/05/12,0,0,-250000,-250000
2014/05/13,0,0,-180000,-180000
2014/05/14,0,0,-389000,-389000
2014/05/15,0,0,0,0
2014/05/16,0,0,0,0
2014/05/19,0,0,-1000,-1000
2014/05/20,0,0,0,0
2014/05/21,0,0,0,0
2014/05/22,0,0,0,0
2014/05/23,0,0,0,0
2014/05/26,0,3000,-1000,2000
2014/05/27,0,19000,-1000,18000
2014/05/28,0,0,-1000,-1000
2014/05/29,0,0,-3000,-3000
2014/05/30,0,0,-1000,-1000
2014/06/03,0,0,0,0
2014/06/04,0,186000,0,186000
2014/06/05,0,6000,0,6000
2014/06/06,0,0,-2000,-2000
2014/06/09,0,0,-1000,-1000
2014/06/10,0,0,-1000,-1000
2014/06/11,0,0,0,0
2014/06/12,0,6000,0,6000
2014/06/13,0,0,0,0
2014/06/16,0,0,-8000,-8000
2014/06/17,0,0,0,0
2014/06/18,0,0,0,0
2014/06/19,0,0,0,0
2014/06/20,0,0,-2000,-2000
2014/06/23,0,52572,0,52572
2014/06/24,0,0,-10000,-10000
2014/06/25,0,0,0,0
2014/06/26,0,0,0,0
2014/06/27,0,0,0,0
2014/06/30,0,17000,0,17000
2014/07/01,0,0,0,0
2014/07/02,0,0,-1446,-1446
2014/07/03,0,0,-8000,-8000
2014/07/04,0,0,0,0
2014/07/07,0,0,0,0
2014/07/08,0,0,-3000,-3000
2014/07/09,0,0,0,0
2014/07/10,0,0,0,0
2014/07/11,0,0,0,0
2014/07/14,0,0,0,0
2014/07/15,0,0,0,0
2014/07/16,0,0,0,0
2014/07/17,0,0,0,0
2014/07/18,0,7000,0,7000
2014/07/21,0,0,0,0
2014/07/22,0,0,0,0
2014/07/23,0,0,0,0
2014/07/24,0,7000,0,7000
2014/07/25,0,0,0,0
2014/07/28,0,0,0,0
2014/07/29,0,635000,0,635000
2014/07/30,0,1753000,0,1753000
2014/07/31,0,5000,0,5000
2014/08/01,0,0,0,0
2014/08/04,0,0,0,0
2014/08/05,0,0,0,0
2014/08/06,0,0,0,0
2014/08/07,0,0,0,0
2014/08/08,0,0,0,0
2014/08/11,0,0,0,0
2014/08/12,0,207000,0,207000
2014/08/13,0,100000,0,100000
2014/08/14,0,0,0,0
2014/08/15,0,300000,0,300000
2014/08/18,0,10000,0,10000
2014/08/19,0,0,-212000,-212000
2014/08/20,0,0,0,0
2014/08/21,0,6000,0,6000
2014/08/22,0,183000,0,183000
2014/08/25,0,0,0,0
2014/08/26,0,100000,0,100000
2014/08/27,0,0,0,0
2014/08/28,0,0,-53000,-53000
2014/08/29,0,0,0,0
2014/09/01,0,0,0,0
2014/09/02,0,0,0,0
2014/09/03,0,0,0,0
2014/09/04,0,0,0,0
2014/09/05,0,3000,0,3000
2014/09/09,0,7000,0,7000
2014/09/10,0,0,0,0
2014/09/11,0,0,0,0
2014/09/12,0,0,0,0
2014/09/15,0,2000,0,2000
2014/09/16,0,2000,0,2000
2014/09/17,0,1000,0,1000
2014/09/18,0,0,0,0
2014/09/19,0,0,0,0
2014/09/22,0,20538,0,20538
2014/09/23,0,2000,0,2000
2014/09/24,0,0,0,0
2014/09/25,0,0,0,0
2014/09/26,0,0,0,0
2014/09/29,0,0,0,0
2014/09/30,0,0,0,0
2014/10/01,0,0,0,0
2014/10/02,0,21000,0,21000
2014/10/03,0,0,0,0
2014/10/06,0,0,-1000,-1000
2014/10/07,0,0,0,0
2014/10/08,0,0,0,0
2014/10/09,0,0,-1000,-1000
2014/10/13,0,0,0,0
2014/10/14,0,0,0,0
2014/10/15,0,0,0,0
2014/10/16,0,0,-973000,-973000
2014/10/17,0,0,-661000,-661000
2014/10/20,0,0,0,0
2014/10/21,0,6000,0,6000
2014/10/22,0,0,0,0
2014/10/23,0,9000,0,9000
2014/10/24,0,0,0,0
2014/10/27,0,0,0,0
2014/10/28,0,0,0,0
2014/10/29,0,3000,0,3000
2014/10/30,0,0,0,0
2014/10/31,0,0,0,0
2014/11/03,0,0,-2000,-2000
2014/11/04,0,0,0,0
2014/11/05,0,0,0,0
2014/11/06,0,0,0,0
2014/11/07,0,0,0,0
2014/11/10,0,0,0,0
2014/11/11,0,0,0,0
2014/11/12,0,0,0,0
2014/11/13,0,0,-200000,-200000
2014/11/14,0,0,-100960,-100960
2014/11/17,0,0,0,0
2014/11/18,0,0,0,0
2014/11/19,0,0,0,0
2014/11/20,0,0,0,0
2014/11/21,0,0,0,0
2014/11/24,0,0,0,0
2014/11/25,0,0,-1000,-1000
2014/11/26,0,0,-1000,-1000
2014/11/27,0,0,-2000,-2000
2014/11/28,0,0,0,0
2014/12/01,0,0,0,0
2014/12/02,0,0,0,0
2014/12/03,0,0,-1000,-1000
2014/12/04,0,0,0,0
2014/12/05,0,3000,0,3000
2014/12/08,0,0,0,0
2014/12/09,0,0,0,0
2014/12/10,0,0,0,0
2014/12/11,0,0,-5496,-5496
2014/12/12,0,0,0,0
2014/12/15,0,0,0,0
2014/12/16,0,0,-21000,-21000
2014/12/17,0,0,0,0
2014/12/18,0,0,0,0
2014/12/19,0,0,-9000,-9000
2014/12/22,0,0,0,0
2014/12/23,0,0,0,0
2014/12/24,0,0,0,0
2014/12/25,0,0,0,0
2014/12/26,0,0,0,0
2014/12/29,0,0,0,0
2014/12/30,0,0,0,0
2014/12/31,0,0,-2000,-2000
2015/01/01,0,0,0,0
2015/01/02,0,0,0,0
2015/01/05,0,0,0,0
2015/01/06,0,0,0,0
2015/01/07,0,0,-1000,-1000
2015/01/08,0,0,0,0
2015/01/09,0,0,0,0
2015/01/12,0,0,0,0
2015/01/13,0,0,0,0
2015/01/14,0,0,0,0
2015/01/15,0,0,0,0
2015/01/16,0,0,0,0
2015/01/19,0,0,-1000,-1000
2015/01/20,0,0,0,0
2015/01/21,0,0,0,0
2015/01/22,0,0,-369000,-369000
2015/01/23,0,0,0,0
2015/01/26,0,0,-486000,-486000
2015/01/27,0,0,-286000,-286000
2015/01/28,0,0,-586000,-586000
2015/01/29,0,0,0,0
2015/01/30,0,0,-7000,-7000
2015/02/02,0,0,0,0
2015/02/03,0,0,-306000,-306000
2015/02/04,0,0,0,0
2015/02/05,0,0,0,0
2015/02/06,0,0,-586000,-586000
2015/02/09,0,98000,-586000,-488000
2015/02/10,0,80000,-566000,-486000
2015/02/11,0,0,-987339,-987339
2015/02/12,0,0,0,0
2015/02/13,0,0,-5000,-5000
2015/02/16,0,0,0,0
2015/02/17,0,0,0,0
2015/02/18,0,0,0,0
2015/02/19,0,0,0,0
2015/02/20,0,0,0,0
2015/02/23,0,0,0,0
2015/02/24,0,0,0,0
2015/02/25,0,0,0,0
2015/02/26,0,0,-2000,-2000
2015/02/27,0,0,0,0
2015/03/02,0,0,0,0
2015/03/03,0,0,-201000,-201000
2015/03/04,0,0,-1000,-1000
2015/03/05,0,0,-1000,-1000
2015/03/06,0,0,0,0
2015/03/09,0,0,-2000,-2000
2015/03/10,0,0,0,0
2015/03/11,0,0,0,0
2015/03/12,0,502,-1000,-498
2015/03/13,0,0,0,0
2015/03/16,0,1000,0,1000
2015/03/17,0,0,0,0
2015/03/18,0,0,0,0
2015/03/19,0,0,-1000,-1000
2015/03/20,0,0,-2000,-2000
2015/03/23,0,0,-1000,-1000
2015/03/24,0,0,-603000,-603000
2015/03/25,0,0,-264000,-264000
2015/03/26,0,0,-433000,-433000
2015/03/27,0,0,-260000,-260000
2015/03/30,0,0,0,0
2015/03/31,0,0,0,0
2015/04/01,0,104000,0,104000
2015/04/02,0,0,0,0
2015/04/03,0,0,0,0
2015/04/06,0,0,0,0
2015/04/07,0,0,0,0
2015/04/08,0,0,0,0
2015/04/09,0,0,-200000,-200000
2015/04/10,0,0,0,0
2015/04/13,0,0,0,0
2015/04/14,0,0,0,0
2015/04/15,0,0,0,0
2015/04/16,0,0,0,0
2015/04/17,0,0,0,0
2015/04/20,0,0,0,0
2015/04/21,0,0,0,0
2015/04/22,0,0,0,0
2015/04/23,0,0,0,0
2015/04/24,0,0,-1000,-1000
2015/04/27,0,406000,0,406000
2015/04/28,0,0,-2000,-2000
2015/04/29,0,0,-5000,-5000
2015/04/30,0,0,-1000,-1000
2015/05/01,0,0,0,0
2015/05/04,0,0,0,0
2015/05/05,0,0,0,0
2015/05/06,0,0,0,0
2015/05/07,0,0,0,0
2015/05/08,0,0,0,0
2015/05/11,0,1000,0,1000
2015/05/12,0,0,0,0
2015/05/13,0,0,-1000,-1000
2015/05/14,0,1000,0,1000
2015/05/15,0,0,0,0
2015/05/18,0,0,0,0
2015/05/19,0,0,0,0
2015/05/20,0,0,0,0
2015/05/21,0,0,0,0
2015/05/22,0,0,0,0
2015/05/25,0,0,0,0
2015/05/26,0,0,0,0
2015/05/27,0,0,0,0
2015/05/28,0,0,0,0
2015/05/29,0,0,0,0
2015/06/01,0,0,0,0
2015/06/02,0,0,0,0
2015/06/03,0,0,0,0
2015/06/04,0,4586,-1000,3586
2015/06/05,0,0,-2000,-2000
2015/06/08,0,0,0,0
2015/06/09,0,0,0,0
2015/06/10,0,0,0,0
2015/06/11,0,0,0,0
2015/06/12,0,0,0,0
2015/06/15,0,0,0,0
2015/06/16,0,0,0,0
2015/06/17,0,0,0,0
2015/06/18,0,0,-2000,-2000
2015/06/19,0,0,0,0
2015/06/22,0,0,0,0
2015/06/23,0,0,0,0
2015/06/24,0,0,0,0
2015/06/25,0,0,0,0
2015/06/26,0,0,0,0
2015/06/29,0,0,0,0
2015/06/30,0,0,0,0
2015/07/01,0,0,0,0
2015/07/02,0,0,0,0
2015/07/03,0,0,-1000,-1000
2015/07/06,0,0,0,0
2015/07/07,0,0,0,0
2015/07/08,0,0,0,0
2015/07/09,0,0,0,0
2015/07/10,0,0,0,0
2015/07/13,0,0,-262000,-262000
2015/07/14,0,0,-426000,-426000
2015/07/15,0,10000,0,10000
2015/07/16,0,1000,0,1000
2015/07/17,0,21000,0,21000
2015/07/20,0,0,0,0
2015/07/21,0,1000,0,1000
2015/07/22,0,0,0,0
2015/07/23,0,0,0,0
2015/07/24,0,3000,0,3000
2015/07/27,0,5000,0,5000
2015/07/28,0,16000,0,16000
2015/07/29,0,0,0,0
2015/07/30,0,1000,0,1000
2015/07/31,0,0,0,0
2015/08/03,0,0,0,0
2015/08/04,0,0,0,0
2015/08/05,0,2000,0,2000
2015/08/06,0,0,0,0
2015/08/07,0,0,0,0
2015/08/10,0,0,0,0
2015/08/11,0,165000,0,165000
2015/08/12,0,1000,0,1000
2015/08/13,0,0,0,0
2015/08/14,0,0,0,0
2015/08/17,0,0,-417000,-417000
2015/08/18,0,0,0,0
2015/08/19,0,0,-249000,-249000
2015/08/20,0,0,-595000,-595000
2015/08/21,0,0,0,0
2015/08/24,0,0,-414000,-414000
2015/08/25,0,0,-6355,-6355
2015/08/26,0,0,0,0
2015/08/27,0,0,0,0
2015/08/28,0,0,0,0
2015/08/31,0,1000,-15000,-14000
2015/09/01,0,0,-469000,-469000
2015/09/02,0,0,-431000,-431000
2015/09/03,0,0,0,0
2015/09/04,0,1000,0,1000
2015/09/07,0,0,0,0
2015/09/08,0,1000,0,1000
2015/09/09,0,0,0,0
2015/09/10,0,0,0,0
2015/09/11,0,0,-165000,-165000
2015/09/14,0,0,0,0
2015/09/15,0,0,0,0
2015/09/16,0,0,0,0
2015/09/17,0,0,0,0
2015/09/18,0,1000,-3000,-2000
2015/09/21,0,92000,0,92000
2015/09/22,0,5900,0,5900
2015/09/23,0,0,0,0
2015/09/24,0,0,0,0
2015/09/25,0,176000,0,176000
2015/09/28,0,0,0,0
2015/09/29,0,0,0,0
2015/09/30,0,0,0,0
2015/10/01,0,0,0,0
2015/10/02,0,27000,0,27000
2015/10/05,0,0,0,0
2015/10/06,0,0,0,0
2015/10/07,0,0,0,0
2015/10/08,0,0,-184860,-184860
2015/10/09,0,0,0,0
2015/10/12,0,0,0,0
2015/10/13,0,0,0,0
2015/10/14,0,0,0,0
2015/10/15,0,148000,0,148000
2015/10/16,0,0,0,0
2015/10/19,0,220000,0,220000
2015/10/20,0,0,0,0
2015/10/21,0,0,0,0
2015/10/22,0,0,0,0
2015/10/23,0,222000,0,222000
2015/10/26,0,0,0,0
2015/10/27,0,0,0,0
2015/10/28,0,0,0,0
2015/10/29,0,0,0,0
2015/10/30,0,0,-1000,-1000
2015/11/02,0,0,0,0
2015/11/03,0,148000,0,148000
2015/11/04,0,34000,0,34000
2015/11/05,0,0,0,0
2015/11/06,0,0,0,0
2015/11/09,0,0,0,0
2015/11/10,0,0,0,0
2015/11/11,0,0,0,0
2015/11/12,0,0,0,0
2015/11/13,0,0,0,0
2015/11/16,0,0,0,0
2015/11/17,0,0,0,0
2015/11/18,0,0,0,0
2015/11/19,0,0,0,0
2015/11/20,0,0,0,0
2015/11/23,0,0,0,0
2015/11/24,0,0,0,0
2015/11/25,0,0,0,0
2015/11/26,0,0,0,0
2015/11/27,0,0,0,0
2015/11/30,0,0,0,0
2015/12/01,0,0,0,0
2015/12/02,0,0,0,0
2015/12/03,0,0,0,0
2015/12/04,0,0,0,0
2015/12/07,0,0,0,0
2015/12/08,0,0,0,0
2015/12/09,0,0,0,0
2015/12/10,0,0,0,0
2015/12/11,0,0,0,0
2015/12/14,0,1561,0,1561
2015/12/15,0,0,0,0
2015/12/16,0,0,0,0
2015/12/17,0,0,0,0
2015/12/18,0,4000,0,4000
2015/12/21,0,0,0,0
2015/12/22,0,0,0,0
2015/12/23,0,0,0,0
2015/12/24,0,0,0,0
2015/12/25,0,0,0,0
2015/12/28,0,46000,0,46000
2015/12/29,0,37000,0,37000
2015/12/30,0,0,0,0
2015/12/31,0,0,0,0
2016/01/01,0,0,0,0
2016/01/04,0,0,0,0
2016/01/05,0,0,0,0
2016/01/06,0,0,0,0
2016/01/07,0,0,0,0
2016/01/08,0,0,0,0
2016/01/11,0,0,0,0
2016/01/12,0,0,0,0
2016/01/13,0,0,0,0
2016/01/14,0,0,0,0
2016/01/15,0,1000,-25000,-24000
2016/01/18,0,0,0,0
2016/01/19,0,0,0,0
2016/01/20,0,0,-25000,-25000
2016/01/21,0,0,0,0
2016/01/22,0,0,0,0
2016/01/25,0,0,0,0
2016/01/26,0,0,0,0
2016/01/27,0,0,0,0
2016/01/28,0,0,-1000,-1000
2016/01/29,0,0,0,0
2016/02/01,0,0,0,0
2016/02/02,0,0,0,0
2016/02/03,0,0,0,0
2016/02/04,0,0,0,0
2016/02/05,0,0,0,0
2016/02/08,0,0,0,0
2016/02/09,0,0,0,0
2016/02/10,0,0,0,0
2016/02/11,0,0,0,0
2016/02/12,0,0,0,0
2016/02/15,0,0,-10619,-10619
2016/02/16,0,0,0,0
2016/02/17,0,0,0,0
2016/02/18,0,0,0,0
2016/02/19,0,0,0,0
2016/02/22,0,0,0,0
2016/02/23,0,0,0,0
2016/02/24,0,0,0,0
2016/02/25,0,0,0,0
2016/02/26,0,0,0,0
2016/02/29,0,0,0,0
2016/03/01,0,0,0,0
2016/03/02,0,0,-1966,-1966
2016/03/03,0,0,0,0
2016/03/04,0,0,0,0
2016/03/07,0,0,0,0
2016/03/08,0,0,-2000,-2000
2016/03/09,0,0,0,0
2016/03/10,0,0,0,0
2016/03/11,0,0,0,0
2016/03/14,0,0,0,0
2016/03/15,0,0,0,0
2016/03/16,0,0,0,0
2016/03/17,0,0,0,0
2016/03/18,0,0,0,0
2016/03/21,0,0,0,0
2016/03/22,0,0,0,0
2016/03/23,0,0,-3000,-3000
2016/03/24,0,0,0,0
2016/03/25,0,0,0,0
2016/03/28,0,1000,0,1000
2016/03/29,0,0,0,0
2016/03/30,0,0,0,0
2016/03/31,0,0,0,0
2016/04/01,0,0,0,0
2016/04/04,0,0,0,0
2016/04/05,0,0,0,0
2016/04/06,0,0,0,0
2016/04/07,0,0,-1000,-1000
2016/04/08,0,0,0,0
2016/04/11,0,0,0,0
2016/04/12,0,0,0,0
2016/04/13,0,0,0,0
2016/04/14,0,0,0,0
2016/04/15,0,19000,0,19000
2016/04/18,0,0,0,0
2016/04/19,0,0,0,0
2016/04/20,0,1000,-2000,-1000
2016/04/21,0,0,0,0
2016/04/22,0,0,0,0
2016/04/25,0,0,0,0
2016/04/26,0,0,0,0
2016/04/27,0,0,0,0
2016/04/28,0,0,0,0
2016/04/29,0,0,0,0
2016/05/02,0,0,0,0
2016/05/03,0,0,0,0
2016/05/04,0,0,0,0
2016/05/05,0,1000,0,1000
2016/05/06,0,0,0,0
2016/05/09,0,0,0,0
2016/05/10,0,8992,0,8992
2016/05/11,0,0,0,0
2016/05/12,0,0,0,0
2016/05/13,0,0,0,0
2016/05/16,0,0,0,0
2016/05/17,0,0,0,0
2016/05/18,0,0,0,0
2016/05/19,0,0,0,0
2016/05/20,0,0,0,0
2016/05/23,0,0,0,0
2016/05/24,0,0,0,0
2016/05/25,0,0,0,0
2016/05/26,0,0,-1000,-1000
2016/05/27,0,0,0,0
2016/05/30,0,0,0,0
2016/05/31,0,0,0,0
2016/06/01,0,0,0,0
2016/06/02,0,0,0,0
2016/06/03,0,0,0,0
2016/06/06,0,0,0,0
2016/06/07,0,0,0,0
2016/06/08,0,0,0,0
2016/06/09,0,0,0,0
2016/06/10,0,0,0,0
2016/06/13,0,0,0,0
2016/06/14,0,0,0,0
2016/06/15,0,0,0,0
2016/06/16,0,0,0,0
2016/06/17,0,8000,0,8000
2016/06/20,0,0,0,0
2016/06/21,0,0,0,0
2016/06/22,0,0,0,0
2016/06/23,0,0,0,0
2016/06/24,0,0,-1000,-1000
2016/06/27,0,0,-1000,-1000
2016/06/28,0,1000,0,1000
2016/06/29,0,0,0,0
2016/06/30,0,1000,0,1000
2016/07/01,0,0,0,0
2016/07/04,0,0,0,0
2016/07/05,0,0,0,0
2016/07/06,0,0,0,0
2016/07/07,0,0,0,0
2016/07/08,0,0,0,0
2016/07/11,0,0,0,0
2016/07/12,0,0,0,0
2016/07/13,0,0,0,0
2016/07/14,0,13000,0,13000
2016/07/15,0,0,0,0
2016/07/18,0,0,0,0
2016/07/19,0,0,-2000,-2000
2016/07/20,0,0,-10000,-10000
2016/07/21,0,0,-13000,-13000
2016/07/22,0,0,-22000,-22000
2016/07/25,0,0,0,0
2016/07/26,0,0,0,0
2016/07/27,0,1000,-3000,-2000
2016/07/28,0,1000,0,1000
2016/07/29,0,0,-13980,-13980
2016/08/01,0,0,0,0
2016/08/02,0,0,0,0
2016/08/03,0,0,-7000,-7000
2016/08/04,0,0,-4000,-4000
2016/08/05,0,0,-3000,-3000
2016/08/08,0,0,-4000,-4000
2016/08/09,0,0,-1000,-1000
2016/08/10,0,1000,0,1000
2016/08/11,0,0,-2000,-2000
2016/08/12,0,0,-4000,-4000
2016/08/15,0,257000,0,257000
2016/08/16,0,145000,-7000,138000
2016/08/17,0,111000,0,111000
2016/08/18,0,0,-3000,-3000
2016/08/19,0,1000,-10000,-9000
2016/08/22,0,0,0,0
2016/08/23,0,204000,0,204000
2016/08/24,0,0,-5000,-5000
2016/08/25,0,0,0,0
2016/08/26,0,0,0,0
2016/08/29,0,142000,0,142000
2016/08/30,0,183000,0,183000
2016/08/31,0,0,0,0
2016/09/01,0,0,0,0
2016/09/02,0,0,-632220,-632220
2016/09/05,0,0,0,0
2016/09/06,0,0,0,0
2016/09/07,0,0,0,0
2016/09/08,0,0,0,0
2016/09/09,0,0,0,0
2016/09/12,0,0,0,0
2016/09/13,0,2000,0,2000
2016/09/14,0,0,-1000,-1000
2016/09/15,0,0,0,0
2016/09/16,0,0,0,0
2016/09/19,0,0,0,0
2016/09/20,0,0,0,0
2016/09/21,0,0,0,0
2016/09/22,0,0,0,0
2016/09/23,0,0,0,0
2016/09/26,0,0,0,0
2016/09/27,0,0,0,0
2016/09/28,0,0,0,0
2016/09/29,0,0,0,0
2016/09/30,0,1458,0,1458
2016/10/03,0,0,0,0
2016/10/04,0,0,0,0
2016/10/05,0,0,0,0
2016/10/06,0,0,0,0
2016/10/07,0,0,0,0
2016/10/10,0,0,0,0
2016/10/11,0,0,0,0
2016/10/12,0,0,0,0
2016/10/13,0,1000,0,1000
2016/10/14,0,0,0,0
2016/10/17,0,0,0,0
2016/10/18,0,0,0,0
2016/10/19,0,0,0,0
2016/10/20,0,0,-171000,-171000
2016/10/21,0,0,-172511,-172511
2016/10/24,0,0,0,0
2016/10/25,0,0,0,0
2016/10/26,0,0,0,0
2016/10/27,0,0,0,0
2016/10/28,0,0,0,0
2016/10/31,0,0,0,0
2016/11/01,0,0,0,0
2016/11/02,0,642,0,642
2016/11/03,0,0,0,0
2016/11/04,0,0,0,0
2016/11/07,0,0,0,0
2016/11/08,0,0,0,0
2016/11/09,0,0,0,0
2016/11/10,0,0,0,0
2016/11/11,0,0,0,0
2016/11/14,0,0,0,0
2016/11/15,0,389000,0,389000
2016/11/16,0,117000,0,117000
2016/11/17,0,0,0,0
2016/11/18,0,0,0,0
2016/11/21,0,0,0,0
2016/11/22,0,3000,0,3000
2016/11/23,0,0,0,0
2016/11/24,0,0,0,0
2016/11/25,0,0,0,0
2016/11/28,0,233000,0,233000
2016/11/29,0,204000,0,204000
2016/11/30,0,79000,0,79000
2016/12/01,0,3000,0,3000
2016/12/02,0,0,0,0
2016/12/05,0,0,0,0
2016/12/06,0,0,0,0
2016/12/07,0,0,0,0
2016/12/08,0,0,-66752,-66752
2016/12/09,0,0,-207000,-207000
2016/12/12,0,0,0,0
2016/12/13,0,0,-425000,-425000
2016/12/14,0,0,0,0
2016/12/15,0,0,-415000,-415000
2016/12/16,0,0,-4000,-4000
2016/12/19,0,0,0,0
2016/12/20,0,0,-653000,-653000
2016/12/21,0,0,-350000,-350000
2016/12/22,0,0,-350000,-350000
2016/12/23,0,0,0,0
2016/12/26,0,0,0,0
2016/12/27,0,0,0,0
2016/12/28,0,0,0,0
2016/12/29,0,0,0,0
2016/12/30,0,0,0,0
2017/01/02,0,0,0,0
2017/01/03,0,0,0,0
2017/01/04,0,0,0,0
2017/01/05,0,0,0,0
2017/01/06,0,0,0,0
2017/01/09,0,0,0,0
2017/01/10,0,0,0,0
2017/01/11,0,0,0,0
2017/01/12,0,0,0,0
2017/01/13,0,0,0,0
2017/01/16,0,0,0,0
2017/01/17,0,0,0,0
2017/01/18,0,0,0,0
2017/01/19,0,0,0,0
2017/01/20,0,0,0,0
2017/01/23,0,460,0,460
2017/01/24,0,0,0,0
2017/01/25,0,0,0,0
2017/01/26,0,0,0,0
2017/01/27,0,0,0,0
2017/01/30,0,0,0,0
2017/01/31,0,0,0,0
2017/02/01,0,0,0,0
2017/02/02,0,0,0,0
2017/02/03,0,0,0,0
2017/02/06,0,0,0,0
2017/02/07,0,0,0,0
2017/02/08,0,0,0,0
2017/02/09,0,0,0,0
2017/02/10,0,0,0,0
2017/02/13,0,0,0,0
2017/02/14,0,0,0,0
2017/02/15,0,0,0,0
2017/02/16,0,0,0,0
2017/02/17,0,0,0,0
2017/02/20,0,0,0,0
2017/02/21,0,0,0,0
2017/02/22,0,0,0,0
2017/02/23,0,0,0,0
2017/02/24,0,0,0,0
2017/02/27,0,0,0,0
2017/02/28,0,0,0,0
2017/03/01,0,0,0,0
2017/03/02,0,0,0,0
2017/03/03,0,0,0,0
2017/03/06,0,0,0,0
2017/03/07,0,0,0,0
2017/03/08,0,0,0,0
2017/03/09,0,0,0,0
2017/03/10,0,0,0,0
2017/03/13,0,0,0,0
2017/03/14,0,0,0,0
2017/03/15,0,0,0,0
2017/03/16,0,0,0,0
2017/03/17,0,0,-4000,-4000
2017/03/20,0,70000,0,70000
2017/03/21,0,71000,0,71000
2017/03/22,0,0,0,0
2017/03/23,0,0,-138000,-138000
2017/03/24,0,0,-272000,-272000
2017/03/27,0,0,-136000,-136000
2017/03/28,0,0,0,0
2017/03/29,0,0,-273000,-273000
2017/03/30,0,0,0,0
2017/03/31,0,0,0,0
2017/04/03,0,0,0,0
2017/04/04,0,0,0,0
2017/04/05,0,0,0,0
2017/04/06,0,0,-174000,-174000
2017/04/07,0,0,0,0
2017/04/10,0,0,0,0
2017/04/11,0,0,0,0
2017/04/12,0,0,0,0
2017/04/13,0,0,-1000,-1000
2017/04/14,0,0,-4000,-4000
2017/04/17,0,0,0,0
2017/04/18,0,0,0,0
2017/04/19,0,0,0,0
