Date,Open,Buy,Sell,Total
2007/01/02,0,852000,-41000,811000
2007/01/03,0,1816000,-196000,1620000
2007/01/04,0,10768000,-6000,10762000
2007/01/05,0,287000,-1449000,-1162000
2007/01/08,0,232004,-42321,189683
2007/01/09,0,1529000,-2131000,-602000
2007/01/10,0,13654000,-1131000,12523000
2007/01/11,0,482000,-2413000,-1931000
2007/01/12,0,0,-636000,-636000
2007/01/15,0,41000,-4095888,-4054888
2007/01/16,0,1310000,-1265000,45000
2007/01/17,0,792000,-814885,-22885
2007/01/18,0,542000,-2202159,-1660159
2007/01/19,0,183000,-751000,-568000
2007/01/22,0,3678000,-266000,3412000
2007/01/23,0,3764000,-4910100,-1146100
2007/01/24,0,1412000,-2367000,-955000
2007/01/25,0,0,-7000,-7000
2007/01/26,0,2153000,-1091000,1062000
2007/01/29,0,1377000,-67000,1310000
2007/01/30,0,500000,-8000,492000
2007/01/31,0,828000,-303000,525000
2007/02/01,0,1096000,-423000,673000
2007/02/02,0,1008000,0,1008000
2007/02/05,0,113000,-67000,46000
2007/02/06,0,213000,0,213000
2007/02/07,0,319000,-31000,288000
2007/02/08,0,1327000,-90000,1237000
2007/02/09,0,422000,-356066,65934
2007/02/12,0,1633000,-50744,1582256
2007/02/13,0,1087000,-70000,1017000
2007/02/14,0,3959000,-1344888,2614112
2007/02/15,0,0,0,0
2007/02/16,0,0,0,0
2007/02/19,0,0,0,0
2007/02/20,0,0,0,0
2007/02/21,0,0,0,0
2007/02/22,0,0,0,0
2007/02/23,0,0,0,0
2007/02/26,0,4009000,-1163016,2845984
2007/02/27,0,701000,-742000,-41000
2007/02/28,0,0,0,0
2007/03/01,0,1321000,-1216000,105000
2007/03/02,0,66000,-2839000,-2773000
2007/03/05,0,2134000,-1082000,1052000
2007/03/06,0,3146000,-2228000,918000
2007/03/07,0,213000,-1465755,-1252755
2007/03/08,0,1004000,-495000,509000
2007/03/09,0,3778000,-653000,3125000
2007/03/12,0,4171000,-345000,3826000
2007/03/13,0,1096000,-105000,991000
2007/03/14,0,672000,-1161000,-489000
2007/03/15,0,2158000,-152000,2006000
2007/03/16,0,0,-1152000,-1152000
2007/03/19,0,218000,-213000,5000
2007/03/20,0,1574000,-10000,1564000
2007/03/21,0,0,-48000,-48000
2007/03/22,0,519000,-27000,492000
2007/03/23,0,26000,-31000,-5000
2007/03/26,0,93000,-1000,92000
2007/03/27,0,167000,-153000,14000
2007/03/28,0,100000,-1002000,-902000
2007/03/29,0,1465000,-352000,1113000
2007/03/30,0,3965000,-103000,3862000
2007/04/02,0,1000,-10000,-9000
2007/04/03,0,177000,-202000,-25000
2007/04/04,0,532000,0,532000
2007/04/05,0,0,0,0
2007/04/06,0,0,0,0
2007/04/09,0,1235000,0,1235000
2007/04/10,0,993000,-72000,921000
2007/04/11,0,3617000,-33000,3584000
2007/04/12,0,518000,-342000,176000
2007/04/13,0,720000,-100000,620000
2007/04/16,0,1725000,-70000,1655000
2007/04/17,0,6249247,-1799000,4450247
2007/04/18,0,3201000,-924000,2277000
2007/04/19,0,3042000,-4114000,-1072000
2007/04/20,0,1115000,-2273000,-1158000
2007/04/23,0,71000,-885000,-814000
2007/04/24,0,31000,-536000,-505000
2007/04/25,0,1000,-367000,-366000
2007/04/26,0,159000,-1165000,-1006000
2007/04/27,0,1214000,-497000,717000
2007/04/30,0,544000,-848744,-304744
2007/05/01,0,0,0,0
2007/05/02,0,718000,-174000,544000
2007/05/03,0,5521000,-219000,5302000
2007/05/04,0,189000,0,189000
2007/05/07,0,400000,-160000,240000
2007/05/08,0,619000,-271000,348000
2007/05/09,0,0,0,0
2007/05/10,0,682000,0,682000
2007/05/11,0,1927000,-156000,1771000
2007/05/14,0,1038000,-1092000,-54000
2007/05/15,0,260000,-38000,222000
2007/05/16,0,1521000,-1743000,-222000
2007/05/17,0,459000,-354000,105000
2007/05/18,0,274000,-922000,-648000
2007/05/21,0,286000,-631000,-345000
2007/05/22,0,98000,-721000,-623000
2007/05/23,0,417000,-1090000,-673000
2007/05/24,0,852000,-1070000,-218000
2007/05/25,0,230000,-352000,-122000
2007/05/28,0,5000,-350000,-345000
2007/05/29,0,128000,-2362000,-2234000
2007/05/30,0,0,-490230,-490230
2007/05/31,0,210000,-1571745,-1361745
2007/06/01,0,54000,-1128000,-1074000
2007/06/04,0,112000,-1518000,-1406000
2007/06/05,0,3739000,-9271000,-5532000
2007/06/06,0,2281000,-1110000,1171000
2007/06/07,0,1520000,-687000,833000
2007/06/08,0,67000,-993000,-926000
2007/06/11,0,60000,0,60000
2007/06/12,0,0,-56000,-56000
2007/06/13,0,993000,-1063000,-70000
2007/06/14,0,14000,-2170821,-2156821
2007/06/15,0,660000,-4449000,-3789000
2007/06/18,0,0,0,0
2007/06/19,0,0,0,0
2007/06/20,0,4422000,-3213000,1209000
2007/06/21,0,3073000,-8175000,-5102000
2007/06/22,0,2234000,-309000,1925000
2007/06/25,0,904000,-1273000,-369000
2007/06/26,0,378000,-2410000,-2032000
2007/06/27,0,4000,-362000,-358000
2007/06/28,0,11000,-330000,-319000
2007/06/29,0,478000,-3228744,-2750744
2007/07/02,0,1214000,-1755000,-541000
2007/07/03,0,1835000,-3306000,-1471000
2007/07/04,0,284000,-926000,-642000
2007/07/05,0,519000,-814000,-295000
2007/07/06,0,3789000,-1853000,1936000
2007/07/09,0,810000,-55000,755000
2007/07/10,0,265000,-2388000,-2123000
2007/07/11,0,5352000,-4292000,1060000
2007/07/12,0,9698000,-6632840,3065160
2007/07/13,0,944000,-2949000,-2005000
2007/07/16,0,20488000,-8787355,11700645
2007/07/17,0,7558000,-606000,6952000
2007/07/18,0,4563299,-5951299,-1388000
2007/07/19,0,12095000,-9881000,2214000
2007/07/20,0,2405000,-168000,2237000
2007/07/23,0,1628000,-2658655,-1030655
2007/07/24,0,4003000,-452000,3551000
2007/07/25,0,3279000,-9870000,-6591000
2007/07/26,0,1334000,-4242000,-2908000
2007/07/27,0,2916000,-15078000,-12162000
2007/07/30,0,96000,-5950000,-5854000
2007/07/31,0,1205000,-5301000,-4096000
2007/08/01,0,12644000,-19428000,-6784000
2007/08/02,0,145000,-2301000,-2156000
2007/08/03,0,1196000,-685000,511000
2007/08/06,0,0,-838000,-838000
2007/08/07,0,1900000,-2183000,-283000
2007/08/08,0,613000,-1846000,-1233000
2007/08/09,0,301000,-10000,291000
2007/08/10,0,138000,-1830000,-1692000
2007/08/13,0,0,-758000,-758000
2007/08/14,0,2027000,-1370000,657000
2007/08/15,0,50000,-1035000,-985000
2007/08/16,0,520000,-8666000,-8146000
2007/08/17,0,445000,-10312000,-9867000
2007/08/20,0,633000,-3093000,-2460000
2007/08/21,0,2067000,-3411000,-1344000
2007/08/22,0,9424000,-6119361,3304639
2007/08/23,0,16545000,-423000,16122000
2007/08/24,0,10000,-44000,-34000
2007/08/27,0,657000,-515000,142000
2007/08/28,0,1327000,-1670000,-343000
2007/08/29,0,619000,-293000,326000
2007/08/30,0,939000,-136000,803000
2007/08/31,0,1181000,-86000,1095000
2007/09/03,0,191000,-39000,152000
2007/09/04,0,1333000,-1798000,-465000
2007/09/05,0,802000,-1029000,-227000
2007/09/06,0,672000,-4000,668000
2007/09/07,0,449000,-134000,315000
2007/09/10,0,1281000,-2701000,-1420000
2007/09/11,0,925000,-104324,820676
2007/09/12,0,1325824,-538000,787824
2007/09/13,0,429000,-70000,359000
2007/09/14,0,804000,-633000,171000
2007/09/17,0,345000,-824000,-479000
2007/09/18,0,0,0,0
2007/09/19,0,2890000,-1531849,1358151
2007/09/20,0,1016000,-25000,991000
2007/09/21,0,663000,-11000,652000
2007/09/24,0,0,0,0
2007/09/25,0,0,0,0
2007/09/26,0,953000,-518000,435000
2007/09/27,0,807000,-1034000,-227000
2007/09/28,0,1259000,-2462000,-1203000
2007/10/01,0,1179929,-801000,378929
2007/10/02,0,1950000,-4897000,-2947000
2007/10/03,0,3213000,-4579920,-1366920
2007/10/04,0,1502000,-1730013,-228013
2007/10/05,0,398000,-299000,99000
2007/10/08,0,301000,-301000,0
2007/10/09,0,1321000,-440000,881000
2007/10/10,0,0,0,0
2007/10/11,0,1300000,-1305000,-5000
2007/10/12,0,1528000,-1002000,526000
2007/10/15,0,2532000,-1245000,1287000
2007/10/16,0,28000,-693000,-665000
2007/10/17,0,405136,-1111136,-706000
2007/10/18,0,88000,-3053000,-2965000
2007/10/19,0,36000,-260000,-224000
2007/10/22,0,136000,-2265000,-2129000
2007/10/23,0,14000,-181000,-167000
2007/10/24,0,0,-365000,-365000
2007/10/25,0,52000,-7062,44938
2007/10/26,0,252000,0,252000
2007/10/29,0,258000,-10000,248000
2007/10/30,0,20000,-10000,10000
2007/10/31,0,528000,-501000,27000
2007/11/01,0,978000,-920000,58000
2007/11/02,0,1148000,-14000,1134000
2007/11/05,0,279000,-6064000,-5785000
2007/11/06,0,161000,-6003000,-5842000
2007/11/07,0,66000,-1032000,-966000
2007/11/08,0,486000,-837000,-351000
2007/11/09,0,363000,-1466000,-1103000
2007/11/12,0,43000,-1695000,-1652000
2007/11/13,0,604000,-2094000,-1490000
2007/11/14,0,190000,-2649000,-2459000
2007/11/15,0,30000,-422000,-392000
2007/11/16,0,0,-666000,-666000
2007/11/19,0,12000,-447000,-435000
2007/11/20,0,212000,-1002000,-790000
2007/11/21,0,0,-1655000,-1655000
2007/11/22,0,104000,-494000,-390000
2007/11/23,0,31000,-207000,-176000
2007/11/26,0,350000,-747000,-397000
2007/11/27,0,366000,-380000,-14000
2007/11/28,0,30000,-955000,-925000
2007/11/29,0,276000,-2663668,-2387668
2007/11/30,0,479000,-2252000,-1773000
2007/12/03,0,53000,0,53000
2007/12/04,0,0,-36000,-36000
2007/12/05,0,74000,-534000,-460000
2007/12/06,0,229000,-127000,102000
2007/12/07,0,30634,-2205000,-2174366
2007/12/10,0,42000,-88000,-46000
2007/12/11,0,0,0,0
2007/12/12,0,478000,-553000,-75000
2007/12/13,0,196000,-700000,-504000
2007/12/14,0,148000,-1894000,-1746000
2007/12/17,0,240000,-1893000,-1653000
2007/12/18,0,1069000,-2598000,-1529000
2007/12/19,0,19000,-2161000,-2142000
2007/12/20,0,153000,-1024000,-871000
2007/12/21,0,120000,-1031000,-911000
2007/12/24,0,614000,-956000,-342000
2007/12/25,0,63000,-108000,-45000
2007/12/26,0,46000,-649000,-603000
2007/12/27,0,728000,-2516000,-1788000
2007/12/28,0,123000,-1638000,-1515000
2007/12/31,0,43000,-916000,-873000
2008/01/01,0,0,0,0
2008/01/02,0,23000,-251000,-228000
2008/01/03,0,2895000,-48000,2847000
2008/01/04,0,286000,-245000,41000
2008/01/07,0,284000,-227000,57000
2008/01/08,0,380000,-84000,296000
2008/01/09,0,570000,-34000,536000
2008/01/10,0,93000,-786000,-693000
2008/01/11,0,63000,-573000,-510000
2008/01/14,0,2341000,-2698000,-357000
2008/01/15,0,115000,-167072,-52072
2008/01/16,0,2327000,-2106000,221000
2008/01/17,0,5245000,-6224000,-979000
2008/01/18,0,3025000,-9368293,-6343293
2008/01/21,0,3381000,-9513000,-6132000
2008/01/22,0,144000,-1449000,-1305000
2008/01/23,0,854000,-988059,-134059
2008/01/24,0,223000,-6141000,-5918000
2008/01/25,0,1006000,-3513136,-2507136
2008/01/28,0,22000,-2150000,-2128000
2008/01/29,0,138000,-2595000,-2457000
2008/01/30,0,242000,-2074551,-1832551
2008/01/31,0,578000,-755000,-177000
2008/02/01,0,131000,-2650349,-2519349
2008/02/04,0,0,0,0
2008/02/05,0,0,0,0
2008/02/06,0,0,0,0
2008/02/07,0,0,0,0
2008/02/08,0,0,0,0
2008/02/11,0,0,0,0
2008/02/12,0,45000,-339000,-294000
2008/02/13,0,199000,-2063000,-1864000
2008/02/14,0,1781000,-4100000,-2319000
2008/02/15,0,978000,-2341000,-1363000
2008/02/18,0,784000,-1195000,-411000
2008/02/19,0,692000,-903000,-211000
2008/02/20,0,49000,-196000,-147000
2008/02/21,0,173000,-1515000,-1342000
2008/02/22,0,330000,-4810941,-4480941
2008/02/25,0,729000,-455000,274000
2008/02/26,0,800000,-2589000,-1789000
2008/02/27,0,33000,-1635000,-1602000
2008/02/28,0,0,0,0
2008/02/29,0,517000,-877000,-360000
2008/03/03,0,209000,-1317000,-1108000
2008/03/04,0,922000,-1399000,-477000
2008/03/05,0,361000,-1544000,-1183000
2008/03/06,0,947000,-1451000,-504000
2008/03/07,0,443000,-1269000,-826000
2008/03/10,0,785000,-670000,115000
2008/03/11,0,476000,-73000,403000
2008/03/12,0,748000,-235000,513000
2008/03/13,0,75000,-227500,-152500
2008/03/14,0,84000,-999000,-915000
2008/03/17,0,149000,-902000,-753000
2008/03/18,0,31000,-410000,-379000
2008/03/19,0,879000,-201000,678000
2008/03/20,0,1229000,-380000,849000
2008/03/21,0,2908000,-214000,2694000
2008/03/24,0,1711000,-51000,1660000
2008/03/25,0,3375000,-163000,3212000
2008/03/26,0,286000,-3000,283000
2008/03/27,0,3335000,-2521000,814000
2008/03/28,0,3401000,-1471000,1930000
2008/03/31,0,6349000,-3264000,3085000
2008/04/01,0,6958000,-3081000,3877000
2008/04/02,0,2327000,-1928000,399000
2008/04/03,0,29000,-1292000,-1263000
2008/04/04,0,0,0,0
2008/04/07,0,1275000,-1431000,-156000
2008/04/08,0,155000,-5111000,-4956000
2008/04/09,0,178000,-1579000,-1401000
2008/04/10,0,153000,-1420000,-1267000
2008/04/11,0,244000,-597000,-353000
2008/04/14,0,4833000,-666000,4167000
2008/04/15,0,2664000,-1063000,1601000
2008/04/16,0,1180000,-1223000,-43000
2008/04/17,0,747000,-688000,59000
2008/04/18,0,477000,-1916004,-1439004
2008/04/21,0,606000,-33000,573000
2008/04/22,0,1274000,-161000,1113000
2008/04/23,0,9752000,-161000,9591000
2008/04/24,0,780000,-814000,-34000
2008/04/25,0,266000,-52000,214000
2008/04/28,0,1138000,-14000,1124000
2008/04/29,0,49000,-580000,-531000
2008/04/30,0,574000,-25000,549000
2008/05/01,0,0,0,0
2008/05/02,0,855000,-256000,599000
2008/05/05,0,2506000,-178000,2328000
2008/05/06,0,1277000,-210000,1067000
2008/05/07,0,67000,-243000,-176000
2008/05/08,0,31000,-894000,-863000
2008/05/09,0,95000,-1247000,-1152000
2008/05/12,0,63000,-333000,-270000
2008/05/13,0,393000,-128000,265000
2008/05/14,0,386000,-76000,310000
2008/05/15,0,484000,-6000,478000
2008/05/16,0,1883000,-106000,1777000
2008/05/19,0,691000,-70000,621000
2008/05/20,0,503000,-782000,-279000
2008/05/21,0,110000,-917000,-807000
2008/05/22,0,228000,-1925000,-1697000
2008/05/23,0,180000,-545000,-365000
2008/05/26,0,289000,-1520000,-1231000
2008/05/27,0,305000,-828000,-523000
2008/05/28,0,831000,-1190000,-359000
2008/05/29,0,127000,-128000,-1000
2008/05/30,0,726000,-181000,545000
2008/06/02,0,2064000,-1951000,113000
2008/06/03,0,1412000,-1638000,-226000
2008/06/04,0,89000,-924000,-835000
2008/06/05,0,285000,-1454000,-1169000
2008/06/06,0,13000,-1314000,-1301000
2008/06/09,0,318000,-720000,-402000
2008/06/10,0,39000,-3346129,-3307129
2008/06/11,0,79000,-1711000,-1632000
2008/06/12,0,680000,-316000,364000
2008/06/13,0,90000,-2332000,-2242000
2008/06/16,0,0,-1166000,-1166000
2008/06/17,0,981000,-2193000,-1212000
2008/06/18,0,741000,-3680000,-2939000
2008/06/19,0,770000,-3099000,-2329000
2008/06/20,0,241000,-1889000,-1648000
2008/06/23,0,693000,-2685000,-1992000
2008/06/24,0,501000,-1850000,-1349000
2008/06/25,0,1373000,-2738000,-1365000
2008/06/26,0,3620000,-3722000,-102000
2008/06/27,0,3321588,-2866000,455588
2008/06/30,0,964091,-849000,115091
2008/07/01,0,641000,-104000,537000
2008/07/02,0,353000,-1152000,-799000
2008/07/03,0,975000,-792000,183000
2008/07/04,0,200000,-173000,27000
2008/07/07,0,307000,-374000,-67000
2008/07/08,0,67000,-607000,-540000
2008/07/09,0,98000,-91000,7000
2008/07/10,0,274000,-36000,238000
2008/07/11,0,209000,-404000,-195000
2008/07/14,0,425000,-91000,334000
2008/07/15,0,905000,-146000,759000
2008/07/16,0,809000,-310000,499000
2008/07/17,0,306000,-634000,-328000
2008/07/18,0,1350000,-606000,744000
2008/07/21,0,691000,-1007000,-316000
2008/07/22,0,497000,-1097000,-600000
2008/07/23,0,1960000,-1129000,831000
2008/07/24,0,577000,-571000,6000
2008/07/25,0,61000,-1580000,-1519000
2008/07/28,0,0,0,0
2008/07/29,0,345000,-1200000,-855000
2008/07/30,0,105000,-610000,-505000
2008/07/31,0,317000,-297000,20000
2008/08/01,0,541000,-679000,-138000
2008/08/04,0,116000,-706000,-590000
2008/08/05,0,232000,-73000,159000
2008/08/06,0,116000,-506000,-390000
2008/08/07,0,411000,-21000,390000
2008/08/08,0,534000,-863000,-329000
2008/08/11,0,58000,-1025841,-967841
2008/08/12,0,143000,-863000,-720000
2008/08/13,0,283000,-896000,-613000
2008/08/14,0,79000,-704000,-625000
2008/08/15,0,9000,-868000,-859000
2008/08/18,0,427000,-974000,-547000
2008/08/19,0,350366,-5098000,-4747634
2008/08/20,0,1150000,-981000,169000
2008/08/21,0,436000,-152000,284000
2008/08/22,0,327000,-131000,196000
2008/08/25,0,417000,-7000,410000
2008/08/26,0,13000,-9000,4000
2008/08/27,0,509000,-98000,411000
2008/08/28,0,883000,-113000,770000
2008/08/29,0,210000,0,210000
2008/09/01,0,1000,-171000,-170000
2008/09/02,0,4000,-105000,-101000
2008/09/03,0,12000,-18000,-6000
2008/09/04,0,735000,-63000,672000
2008/09/05,0,1304000,-161000,1143000
2008/09/08,0,914000,0,914000
2008/09/09,0,78000,-171000,-93000
2008/09/10,0,843000,-876000,-33000
2008/09/11,0,4000,-1047000,-1043000
2008/09/12,0,69000,-4000,65000
2008/09/15,0,45000,-682000,-637000
2008/09/16,0,5000,-704000,-699000
2008/09/17,0,178000,-1968000,-1790000
2008/09/18,0,127000,-250000,-123000
2008/09/19,0,1169000,-2359679,-1190679
2008/09/22,0,642000,-221000,421000
2008/09/23,0,227000,-452000,-225000
2008/09/24,0,5949578,-6203578,-254000
2008/09/25,0,72000,-42000,30000
2008/09/26,0,253000,-290000,-37000
2008/09/29,0,0,0,0
2008/09/30,0,819000,-22000,797000
2008/10/01,0,206000,-217000,-11000
2008/10/02,0,0,-92000,-92000
2008/10/03,0,39000,0,39000
2008/10/06,0,0,-240000,-240000
2008/10/07,0,16000,-45000,-29000
2008/10/08,0,72000,-16000,56000
2008/10/09,0,181000,0,181000
2008/10/10,0,0,0,0
2008/10/13,0,0,-4000,-4000
2008/10/14,0,208000,-23000,185000
2008/10/15,0,44000,-47000,-3000
2008/10/16,0,0,0,0
2008/10/17,0,1000,-19000,-18000
2008/10/20,0,100000,-982,99018
2008/10/21,0,70000,-87000,-17000
2008/10/22,0,14000,-1040000,-1026000
2008/10/23,0,1000,0,1000
2008/10/24,0,0,-280000,-280000
2008/10/27,0,0,0,0
2008/10/28,0,145000,-1566000,-1421000
2008/10/29,0,101000,-129000,-28000
2008/10/30,0,36000,-19000,17000
2008/10/31,0,752000,-148000,604000
2008/11/03,0,13450000,-18159000,-4709000
2008/11/04,0,6121000,-10772000,-4651000
2008/11/05,0,299000,-244000,55000
2008/11/06,0,663000,-308000,355000
2008/11/07,0,243000,-1000,242000
2008/11/10,0,112000,-42000,70000
2008/11/11,0,134000,-233000,-99000
2008/11/12,0,30000,-1122000,-1092000
2008/11/13,0,13000,-240000,-227000
2008/11/14,0,5000,-461000,-456000
2008/11/17,0,129000,-621000,-492000
2008/11/18,0,29000,-137000,-108000
2008/11/19,0,34000,-29000,5000
2008/11/20,0,136000,-768000,-632000
2008/11/21,0,383000,-136000,247000
2008/11/24,0,0,-144000,-144000
2008/11/25,0,231000,-204384,26616
2008/11/26,0,80000,-39000,41000
2008/11/27,0,652000,-16000,636000
2008/11/28,0,109000,-2033000,-1924000
2008/12/01,0,46000,-656000,-610000
2008/12/02,0,26000,-242000,-216000
2008/12/03,0,123000,-271000,-148000
2008/12/04,0,3739000,-137000,3602000
2008/12/05,0,1000,-18000,-17000
2008/12/08,0,714000,-1000,713000
2008/12/09,0,73000,-2050000,-1977000
2008/12/10,0,261000,-80000,181000
2008/12/11,0,41000,-113000,-72000
2008/12/12,0,310000,-171000,139000
2008/12/15,0,334000,-240000,94000
2008/12/16,0,565000,-28000,537000
2008/12/17,0,493000,-365000,128000
2008/12/18,0,322000,-34000,288000
2008/12/19,0,746000,-144000,602000
2008/12/22,0,496000,-212000,284000
2008/12/23,0,50000,-410000,-360000
2008/12/24,0,211000,-817000,-606000
2008/12/25,0,35000,-231000,-196000
2008/12/26,0,299000,-625000,-326000
2008/12/29,0,164000,-601704,-437704
2008/12/30,0,532000,-17000,515000
2008/12/31,0,40000,-150000,-110000
2009/01/01,0,0,0,0
2009/01/02,0,0,0,0
2009/01/05,0,125000,-434000,-309000
2009/01/06,0,10000,-323000,-313000
2009/01/07,0,925000,-42000,883000
2009/01/08,0,26000,-317000,-291000
2009/01/09,0,31000,-113000,-82000
2009/01/12,0,338000,-105000,233000
2009/01/13,0,7000,-124000,-117000
2009/01/14,0,29000,-25000,4000
2009/01/15,0,6000,-51000,-45000
2009/01/16,0,3000,-139000,-136000
2009/01/19,0,52000,-116000,-64000
2009/01/20,0,4000,-52000,-48000
2009/01/21,0,406000,-408000,-2000
2009/01/22,0,0,0,0
2009/01/23,0,0,0,0
2009/01/26,0,0,0,0
2009/01/27,0,0,0,0
2009/01/28,0,0,0,0
2009/01/29,0,0,0,0
2009/01/30,0,0,0,0
2009/02/02,0,6051577,-5730577,321000
2009/02/03,0,281000,0,281000
2009/02/04,0,36000,-93000,-57000
2009/02/05,0,18000,-14000,4000
2009/02/06,0,80000,0,80000
2009/02/09,0,19000,-7000,12000
2009/02/10,0,222000,0,222000
2009/02/11,0,290000,0,290000
2009/02/12,0,57000,-59000,-2000
2009/02/13,0,0,-300000,-300000
2009/02/16,0,9000,-200000,-191000
2009/02/17,0,0,-231000,-231000
2009/02/18,0,50000,0,50000
2009/02/19,0,63000,-173000,-110000
2009/02/20,0,0,-65000,-65000
2009/02/23,0,12000,-200000,-188000
2009/02/24,0,0,-12000,-12000
2009/02/25,0,262000,-200000,62000
2009/02/26,0,9000,0,9000
2009/02/27,0,100,0,100
2009/03/02,0,0,-9000,-9000
2009/03/03,0,0,-210000,-210000
2009/03/04,0,190000,-196000,-6000
2009/03/05,0,309000,-200000,109000
2009/03/06,0,52000,-56000,-4000
2009/03/09,0,0,-66000,-66000
2009/03/10,0,0,-65000,-65000
2009/03/11,0,2000,-94,1906
2009/03/12,0,0,0,0
2009/03/13,0,16000,-600000,-584000
2009/03/16,0,254000,-1500000,-1246000
2009/03/17,0,37000,-1028118,-991118
2009/03/18,0,432000,-1000,431000
2009/03/19,0,78000,-18000,60000
2009/03/20,0,0,-16000,-16000
2009/03/23,0,21000,0,21000
2009/03/24,0,209000,-10000,199000
2009/03/25,0,342000,-1000,341000
2009/03/26,0,176000,0,176000
2009/03/27,0,22000,-15027000,-15005000
2009/03/30,0,0,-271000,-271000
2009/03/31,0,328000,-79000,249000
2009/04/01,0,81000,-264000,-183000
2009/04/02,0,1242000,-338000,904000
2009/04/03,0,433000,-136000,297000
2009/04/06,0,175000,-260000,-85000
2009/04/07,0,488000,-197000,291000
2009/04/08,0,177000,-288000,-111000
2009/04/09,0,1408000,0,1408000
2009/04/10,0,687000,-120000,567000
2009/04/13,0,1428000,-614000,814000
2009/04/14,0,540000,-37000,503000
2009/04/15,0,313000,-491000,-178000
2009/04/16,0,1084000,-33000,1051000
2009/04/17,0,313000,-911000,-598000
2009/04/20,0,332000,-1639000,-1307000
2009/04/21,0,3085000,-701000,2384000
2009/04/22,0,215000,-669000,-454000
2009/04/23,0,148000,-337000,-189000
2009/04/24,0,975000,-223000,752000
2009/04/27,0,475000,-436000,39000
2009/04/28,0,707000,-479000,228000
2009/04/29,0,904000,-214000,690000
2009/04/30,0,9000,-220000,-211000
2009/05/01,0,0,0,0
2009/05/04,0,363000,0,363000
2009/05/05,0,8125000,-541000,7584000
2009/05/06,0,1839000,-2972000,-1133000
2009/05/07,0,4680000,-2073000,2607000
2009/05/08,0,1246000,-1144000,102000
2009/05/11,0,234000,-362000,-128000
2009/05/12,0,428000,-211000,217000
2009/05/13,0,629000,-288000,341000
2009/05/14,0,12000,-427000,-415000
2009/05/15,0,463000,-401000,62000
2009/05/18,0,319000,-966000,-647000
2009/05/19,0,6049000,-248000,5801000
2009/05/20,0,332000,-1608000,-1276000
2009/05/21,0,137000,-1516000,-1379000
2009/05/22,0,228000,-657000,-429000
2009/05/25,0,229000,-410000,-181000
2009/05/26,0,84000,-434000,-350000
2009/05/27,0,653000,-132000,521000
2009/05/28,0,0,0,0
2009/05/29,0,0,0,0
2009/06/01,0,0,0,0
2009/06/02,0,190000,-526000,-336000
2009/06/03,0,489000,-131000,358000
2009/06/04,0,149000,-1081000,-932000
2009/06/05,0,89000,-114000,-25000
2009/06/08,0,287000,-299000,-12000
2009/06/09,0,704000,-3193000,-2489000
2009/06/10,0,520000,-1676000,-1156000
2009/06/11,0,102000,-1635000,-1533000
2009/06/12,0,156000,-563000,-407000
2009/06/15,0,16000,-235000,-219000
2009/06/16,0,106000,-25000,81000
2009/06/17,0,1701000,-237000,1464000
2009/06/18,0,8000,-1421000,-1413000
2009/06/19,0,176000,-58001,117999
2009/06/22,0,233000,-121000,112000
2009/06/23,0,7000,-387000,-380000
2009/06/24,0,1315000,-286000,1029000
2009/06/25,0,512000,-600000,-88000
2009/06/26,0,115000,-178000,-63000
2009/06/29,0,100000,-184000,-84000
2009/06/30,0,528000,-117000,411000
2009/07/01,0,1734000,-9000,1725000
2009/07/02,0,60000,-105000,-45000
2009/07/03,0,79000,-164000,-85000
2009/07/06,0,57000,-249000,-192000
2009/07/07,0,193000,-66000,127000
2009/07/08,0,147000,-106000,41000
2009/07/09,0,212000,-68000,144000
2009/07/10,0,80000,-180000,-100000
2009/07/13,0,132000,-2689000,-2557000
2009/07/14,0,31000,-803000,-772000
2009/07/15,0,546000,-109000,437000
2009/07/16,0,3296000,-172000,3124000
2009/07/17,0,37000,-324000,-287000
2009/07/20,0,218000,-325000,-107000
2009/07/21,0,55000,-1127000,-1072000
2009/07/22,0,392000,-38000,354000
2009/07/23,0,101000,-464000,-363000
2009/07/24,0,93000,-61000,32000
2009/07/27,0,475000,-42000,433000
2009/07/28,0,51000,-21000,30000
2009/07/29,0,95000,-256000,-161000
2009/07/30,0,136000,-95000,41000
2009/07/31,0,57000,-57000,0
2009/08/03,0,190000,-68000,122000
2009/08/04,0,58000,-744000,-686000
2009/08/05,0,753000,-543000,210000
2009/08/06,0,310000,-122000,188000
2009/08/07,0,0,0,0
2009/08/10,0,1036000,-133000,903000
2009/08/11,0,129000,-153000,-24000
2009/08/12,0,188000,-87000,101000
2009/08/13,0,77000,-12000,65000
2009/08/14,0,145000,-72000,73000
2009/08/17,0,84000,-206000,-122000
2009/08/18,0,184000,-129000,55000
2009/08/19,0,114000,-145000,-31000
2009/08/20,0,67000,-58000,9000
2009/08/21,0,94000,-42000,52000
2009/08/24,0,276000,-99000,177000
2009/08/25,0,0,0,0
2009/08/26,0,0,0,0
2009/08/27,0,0,0,0
2009/08/28,0,0,0,0
2009/08/31,0,0,0,0
2009/09/01,0,0,0,0
2009/09/02,0,0,0,0
2009/09/03,0,0,0,0
2009/09/04,0,0,0,0
2009/09/07,0,0,0,0
2009/09/08,0,0,0,0
2009/09/09,0,0,0,0
2009/09/10,0,0,0,0
2009/09/11,0,0,0,0
2009/09/14,0,15000,-160000,-145000
2009/09/15,0,0,-17000,-17000
2009/09/16,0,289000,-54000,235000
2009/09/17,0,69000,0,69000
2009/09/18,0,2079000,-406000,1673000
2009/09/21,0,102000,0,102000
2009/09/22,0,63000,0,63000
2009/09/23,0,0,-99000,-99000
2009/09/24,0,341000,-39000,302000
2009/09/25,0,0,0,0
2009/09/28,0,233000,0,233000
2009/09/29,0,108000,0,108000
2009/09/30,0,228142,-10000,218142
2009/10/01,0,454000,-1000,453000
2009/10/02,0,96000,-415000,-319000
2009/10/05,0,379107,-379107,0
2009/10/06,0,89000,-30000,59000
2009/10/07,0,101000,-14000,87000
2009/10/08,0,128000,-207000,-79000
2009/10/09,0,0,-94000,-94000
2009/10/12,0,2477000,-64000,2413000
2009/10/13,0,2051000,-88000,1963000
2009/10/14,0,1281000,-3000,1278000
2009/10/15,0,6769000,0,6769000
2009/10/16,0,555000,-21000,534000
2009/10/19,0,688000,-93000,595000
2009/10/20,0,537000,-628000,-91000
2009/10/21,0,737000,-10000,727000
2009/10/22,0,211000,-1212483,-1001483
2009/10/23,0,74000,0,74000
2009/10/26,0,404000,-95256,308744
2009/10/27,0,0,-30000,-30000
2009/10/28,0,106000,-7000,99000
2009/10/29,0,68000,-420000,-352000
2009/10/30,0,81000,-461000,-380000
2009/11/02,0,87000,-639000,-552000
2009/11/03,0,209000,-85000,124000
2009/11/04,0,1109000,-704000,405000
2009/11/05,0,341000,-82000,259000
2009/11/06,0,399000,-56000,343000
2009/11/09,0,1162000,-714000,448000
2009/11/10,0,259000,-380498,-121498
2009/11/11,0,478000,-41389,436611
2009/11/12,0,488000,0,488000
2009/11/13,0,1208000,-297000,911000
2009/11/16,0,435000,-108000,327000
2009/11/17,0,3539000,-437556,3101444
2009/11/18,0,2620000,-1017000,1603000
2009/11/19,0,949000,-565000,384000
2009/11/20,0,0,-124000,-124000
2009/11/23,0,153000,-35000,118000
2009/11/24,0,143000,0,143000
2009/11/25,0,545000,-39000,506000
2009/11/26,0,242000,-643000,-401000
2009/11/27,0,354000,-750000,-396000
2009/11/30,0,199000,-364000,-165000
2009/12/01,0,636000,-230000,406000
2009/12/02,0,100000,-369000,-269000
2009/12/03,0,105000,-107000,-2000
2009/12/04,0,24000,0,24000
2009/12/07,0,68000,-339000,-271000
2009/12/08,0,0,-241000,-241000
2009/12/09,0,0,-29000,-29000
2009/12/10,0,131000,-821855,-690855
2009/12/11,0,30000,-241000,-211000
2009/12/14,0,57000,-117000,-60000
2009/12/15,0,279000,-131000,148000
2009/12/16,0,16000,-628000,-612000
2009/12/17,0,129000,-236000,-107000
2009/12/18,0,0,-167000,-167000
2009/12/21,0,75000,0,75000
2009/12/22,0,160000,0,160000
2009/12/23,0,531000,-1000,530000
2009/12/24,0,0,-100000,-100000
2009/12/25,0,165000,0,165000
2009/12/28,0,663000,0,663000
2009/12/29,0,312000,-436000,-124000
2009/12/30,0,0,0,0
2009/12/31,0,209000,-64000,145000
2010/01/01,0,0,0,0
2010/01/04,0,15000,-18000,-3000
2010/01/05,0,1495000,-621000,874000
2010/01/06,0,373000,-5000,368000
2010/01/07,0,1198000,-200274,997726
2010/01/08,0,752000,-66000,686000
2010/01/11,0,464000,-472000,-8000
2010/01/12,0,670000,-532000,138000
2010/01/13,0,495000,-226000,269000
2010/01/14,0,746000,-146000,600000
2010/01/15,0,623000,-176000,447000
2010/01/18,0,483000,-174000,309000
2010/01/19,0,653000,-569000,84000
2010/01/20,0,127000,-692000,-565000
2010/01/21,0,676000,-61000,615000
2010/01/22,0,92000,-243000,-151000
2010/01/25,0,7000,-175000,-168000
2010/01/26,0,6000,-1243000,-1237000
2010/01/27,0,0,-297000,-297000
2010/01/28,0,0,-236000,-236000
2010/01/29,0,133000,-235000,-102000
2010/02/01,0,1541000,-109000,1432000
2010/02/02,0,729000,-546000,183000
2010/02/03,0,1000,-91000,-90000
2010/02/04,0,0,-263000,-263000
2010/02/05,0,0,-188000,-188000
2010/02/08,0,46000,-395000,-349000
2010/02/09,0,94000,-196000,-102000
2010/02/10,0,117000,-262000,-145000
2010/02/11,0,0,0,0
2010/02/12,0,0,0,0
2010/02/15,0,0,0,0
2010/02/16,0,0,0,0
2010/02/17,0,0,0,0
2010/02/18,0,0,0,0
2010/02/19,0,0,0,0
2010/02/22,0,10000,-55000,-45000
2010/02/23,0,0,-95000,-95000
2010/02/24,0,231000,0,231000
2010/02/25,0,176000,-177000,-1000
2010/02/26,0,17000,0,17000
2010/03/01,0,69000,-64000,5000
2010/03/02,0,8000,-66126,-58126
2010/03/03,0,283000,-1000,282000
2010/03/04,0,22000,-151000,-129000
2010/03/05,0,233000,0,233000
2010/03/08,0,60000,0,60000
2010/03/09,0,102000,0,102000
2010/03/10,0,205000,0,205000
2010/03/11,0,64000,-10000,54000
2010/03/12,0,77000,0,77000
2010/03/15,0,0,-235000,-235000
2010/03/16,0,226000,0,226000
2010/03/17,0,316000,0,316000
2010/03/18,0,136000,0,136000
2010/03/19,0,18000,-154000,-136000
2010/03/22,0,114000,-30000,84000
2010/03/23,0,88000,-39000,49000
2010/03/24,0,183000,0,183000
2010/03/25,0,172000,-15000,157000
2010/03/26,0,517000,-101000,416000
2010/03/29,0,212000,-9000,203000
2010/03/30,0,97000,-25000,72000
2010/03/31,0,380000,0,380000
2010/04/01,0,428000,-51000,377000
2010/04/02,0,70000,0,70000
2010/04/05,0,0,0,0
2010/04/06,0,438000,0,438000
2010/04/07,0,513000,-1000,512000
2010/04/08,0,776000,-111000,665000
2010/04/09,0,834000,-16000,818000
2010/04/12,0,529000,-70000,459000
2010/04/13,0,17000,-165000,-148000
2010/04/14,0,166000,-143338,22662
2010/04/15,0,182000,-238000,-56000
2010/04/16,0,485000,-169000,316000
2010/04/19,0,349000,-321000,28000
2010/04/20,0,194000,-556000,-362000
2010/04/21,0,161000,-297000,-136000
2010/04/22,0,46000,-534000,-488000
2010/04/23,0,0,-253000,-253000
2010/04/26,0,421000,0,421000
2010/04/27,0,1337273,-1206273,131000
2010/04/28,0,63000,-273000,-210000
2010/04/29,0,16000,-150000,-134000
2010/04/30,0,287000,-6000,281000
2010/05/03,0,27000,-171000,-144000
2010/05/04,0,34000,-225000,-191000
2010/05/05,0,54000,-631000,-577000
2010/05/06,0,0,-348000,-348000
2010/05/07,0,695413,-764413,-69000
2010/05/10,0,5000,-328000,-323000
2010/05/11,0,129000,-424000,-295000
2010/05/12,0,25000,-29000,-4000
2010/05/13,0,295000,0,295000
2010/05/14,0,259000,-88000,171000
2010/05/17,0,75000,-92000,-17000
2010/05/18,0,325000,-267000,58000
2010/05/19,0,433000,-439000,-6000
2010/05/20,0,0,-268000,-268000
2010/05/21,0,313000,-353000,-40000
2010/05/24,0,209000,-236000,-27000
2010/05/25,0,4000,-486000,-482000
2010/05/26,0,178000,-51000,127000
2010/05/27,0,119000,-136000,-17000
2010/05/28,0,151000,-235000,-84000
2010/05/31,0,65000,-189000,-124000
2010/06/01,0,26000,-197000,-171000
2010/06/02,0,0,-100000,-100000
2010/06/03,0,71000,-105000,-34000
2010/06/04,0,2000,-6000,-4000
2010/06/07,0,168000,-539000,-371000
2010/06/08,0,71000,-64000,7000
2010/06/09,0,20000,-195000,-175000
2010/06/10,0,157000,-16000,141000
2010/06/11,0,235000,-35000,200000
2010/06/14,0,598000,-82000,516000
2010/06/15,0,388000,-89000,299000
2010/06/16,0,0,0,0
2010/06/17,0,429000,-430000,-1000
2010/06/18,0,534000,-113000,421000
2010/06/21,0,812000,-31000,781000
2010/06/22,0,282000,-117000,165000
2010/06/23,0,70000,-193000,-123000
2010/06/24,0,154000,-67000,87000
2010/06/25,0,200000,-286000,-86000
2010/06/28,0,80000,-88000,-8000
2010/06/29,0,152000,-18000,134000
2010/06/30,0,230000,-538000,-308000
2010/07/01,0,105000,-263000,-158000
2010/07/02,0,0,-242000,-242000
2010/07/05,0,7000,-253000,-246000
2010/07/06,0,410000,-24000,386000
2010/07/07,0,189000,-62000,127000
2010/07/08,0,252000,-238908,13092
2010/07/09,0,116000,-10000,106000
2010/07/12,0,478000,-134000,344000
2010/07/13,0,0,-2451000,-2451000
2010/07/14,0,395000,0,395000
2010/07/15,0,875000,0,875000
2010/07/16,0,0,-471778,-471778
2010/07/19,0,125000,-24000,101000
2010/07/20,0,164000,-272000,-108000
2010/07/21,0,811000,-508000,303000
2010/07/22,0,805000,-352000,453000
2010/07/23,0,606000,0,606000
2010/07/26,0,532000,-113000,419000
2010/07/27,0,16000,-12000,4000
2010/07/28,0,214000,-108000,106000
2010/07/29,0,0,-167000,-167000
2010/07/30,0,230000,-660000,-430000
2010/08/02,0,469000,-1388000,-919000
2010/08/03,0,1553000,-191000,1362000
2010/08/04,0,114000,-94000,20000
2010/08/05,0,165000,-719000,-554000
2010/08/06,0,48000,-1623972,-1575972
2010/08/09,0,406000,-75000,331000
2010/08/10,0,1037000,-2552000,-1515000
2010/08/11,0,900000,-4334345,-3434345
2010/08/12,0,1036000,-18502000,-17466000
2010/08/13,0,67000,-2141000,-2074000
2010/08/16,0,8000,-911303,-903303
2010/08/17,0,204000,-175000,29000
2010/08/18,0,679000,-1012000,-333000
2010/08/19,0,118000,-663000,-545000
2010/08/20,0,419000,-115000,304000
2010/08/23,0,2789000,-122000,2667000
2010/08/24,0,396000,-3671000,-3275000
2010/08/25,0,0,-569000,-569000
2010/08/26,0,403000,-518000,-115000
2010/08/27,0,194000,-417000,-223000
2010/08/30,0,100000,-578000,-478000
2010/08/31,0,410000,-177000,233000
2010/09/01,0,75000,-589000,-514000
2010/09/02,0,104000,-200000,-96000
2010/09/03,0,143000,-109000,34000
2010/09/06,0,575000,-95000,480000
2010/09/07,0,195000,0,195000
2010/09/08,0,305000,-1867601,-1562601
2010/09/09,0,388000,-1267000,-879000
2010/09/10,0,244000,-1624000,-1380000
2010/09/13,0,2686000,-2865868,-179868
2010/09/14,0,425000,-303000,122000
2010/09/15,0,170000,-149000,21000
2010/09/16,0,185000,0,185000
2010/09/17,0,3497000,-126679,3370321
2010/09/20,0,3227000,-367000,2860000
2010/09/21,0,494000,-32000,462000
2010/09/22,0,0,0,0
2010/09/23,0,341000,-75000,266000
2010/09/24,0,1067000,-559355,507645
2010/09/27,0,105721,-96000,9721
2010/09/28,0,49000,0,49000
2010/09/29,0,530000,-2000,528000
2010/09/30,0,205000,-75000,130000
2010/10/01,0,44000,0,44000
2010/10/04,0,117000,-81000,36000
2010/10/05,0,64000,-26000,38000
2010/10/06,0,1941000,-32000,1909000
2010/10/07,0,251000,-928000,-677000
2010/10/08,0,104000,-29000,75000
2010/10/11,0,676001,-686000,-9999
2010/10/12,0,773000,-931370,-158370
2010/10/13,0,752000,-174000,578000
2010/10/14,0,308000,-19000,289000
2010/10/15,0,293000,-1001,291999
2010/10/18,0,55000,-1073069,-1018069
2010/10/19,0,144000,-213000,-69000
2010/10/20,0,419000,-478000,-59000
2010/10/21,0,363000,-73000,290000
2010/10/22,0,50000,-65000,-15000
2010/10/25,0,497000,0,497000
2010/10/26,0,416000,0,416000
2010/10/27,0,728000,-91000,637000
2010/10/28,0,646000,-124000,522000
2010/10/29,0,619000,-201000,418000
2010/11/01,0,1212000,0,1212000
2010/11/02,0,1109000,-1000,1108000
2010/11/03,0,667000,-166000,501000
2010/11/04,0,285000,-75000,210000
2010/11/05,0,642000,-1000,641000
2010/11/08,0,262000,0,262000
2010/11/09,0,404000,-727000,-323000
2010/11/10,0,339000,-1794000,-1455000
2010/11/11,0,565000,-560000,5000
2010/11/12,0,11000,-2046000,-2035000
2010/11/15,0,198000,-164000,34000
2010/11/16,0,223000,-478000,-255000
2010/11/17,0,59000,-1162000,-1103000
2010/11/18,0,12000,-334000,-322000
2010/11/19,0,103000,-222000,-119000
2010/11/22,0,157000,-201000,-44000
2010/11/23,0,106000,-441361,-335361
2010/11/24,0,135000,-247000,-112000
2010/11/25,0,34000,-206000,-172000
2010/11/26,0,102000,-367000,-265000
2010/11/29,0,103000,-421000,-318000
2010/11/30,0,58000,-172000,-114000
2010/12/01,0,404000,-1186000,-782000
2010/12/02,0,181000,-752000,-571000
2010/12/03,0,1000,0,1000
2010/12/06,0,161000,-357980,-196980
2010/12/07,0,0,-165000,-165000
2010/12/08,0,41000,-114000,-73000
2010/12/09,0,665000,-28000,637000
2010/12/10,0,304000,0,304000
2010/12/13,0,487000,-5000,482000
2010/12/14,0,627000,-82000,545000
2010/12/15,0,495000,-802000,-307000
2010/12/16,0,904000,-4104,899896
2010/12/17,0,24000,-132032,-108032
2010/12/20,0,320000,-722000,-402000
2010/12/21,0,1035000,-113000,922000
2010/12/22,0,303000,0,303000
2010/12/23,0,164000,0,164000
2010/12/24,0,598000,-95000,503000
2010/12/27,0,864000,-1000,863000
2010/12/28,0,224000,-93000,131000
2010/12/29,0,1481000,-979000,502000
2010/12/30,0,1016000,-835000,181000
2010/12/31,0,1240000,-2618596,-1378596
2011/01/03,0,451000,-211000,240000
2011/01/04,0,939000,-144000,795000
2011/01/05,0,848000,-1039000,-191000
2011/01/06,0,299000,-381000,-82000
2011/01/07,0,296000,-347000,-51000
2011/01/10,0,640000,-343000,297000
2011/01/11,0,1206000,-355000,851000
2011/01/12,0,946000,-619000,327000
2011/01/13,0,1000,-402000,-401000
2011/01/14,0,72000,-81000,-9000
2011/01/17,0,222000,-1134000,-912000
2011/01/18,0,1118000,-402000,716000
2011/01/19,0,874000,-1095000,-221000
2011/01/20,0,184000,0,184000
2011/01/21,0,167000,-223000,-56000
2011/01/24,0,41000,-1000,40000
2011/01/25,0,175000,0,175000
2011/01/26,0,2311000,-175000,2136000
2011/01/27,0,180000,-1657,178343
2011/01/28,0,1031000,-239000,792000
2011/01/31,0,0,0,0
2011/02/01,0,0,0,0
2011/02/02,0,0,0,0
2011/02/03,0,0,0,0
2011/02/04,0,0,0,0
2011/02/07,0,0,0,0
2011/02/08,0,522000,-1482000,-960000
2011/02/09,0,487000,-443000,44000
2011/02/10,0,105000,-773000,-668000
2011/02/11,0,56000,-1550000,-1494000
2011/02/14,0,47000,-1138000,-1091000
2011/02/15,0,100000,-1086544,-986544
2011/02/16,0,71000,-340000,-269000
2011/02/17,0,181000,-600000,-419000
2011/02/18,0,1790000,-10000,1780000
2011/02/21,0,371000,-274000,97000
2011/02/22,0,50000,-719000,-669000
2011/02/23,0,117000,-407000,-290000
2011/02/24,0,21000,-98000,-77000
2011/02/25,0,185000,-147000,38000
2011/02/28,0,0,0,0
2011/03/01,0,393000,-230000,163000
2011/03/02,0,210000,-1142000,-932000
2011/03/03,0,401000,-54000,347000
2011/03/04,0,485000,-115000,370000
2011/03/07,0,215000,-188000,27000
2011/03/08,0,87000,-90000,-3000
2011/03/09,0,234000,-13000,221000
2011/03/10,0,3000,-168000,-165000
2011/03/11,0,8000,-267000,-259000
2011/03/14,0,430000,-820000,-390000
2011/03/15,0,693000,-1130000,-437000
2011/03/16,0,458000,-78000,380000
2011/03/17,0,105000,-136233,-31233
2011/03/18,0,174000,-836000,-662000
2011/03/21,0,17000,-722000,-705000
2011/03/22,0,97000,-648000,-551000
2011/03/23,0,11000,-200000,-189000
2011/03/24,0,20000,-243000,-223000
2011/03/25,0,271000,-66000,205000
2011/03/28,0,143000,-202000,-59000
2011/03/29,0,167000,-7000,160000
2011/03/30,0,247000,-234000,13000
2011/03/31,0,742091,-146000,596091
2011/04/01,0,152000,-182000,-30000
2011/04/04,0,0,0,0
2011/04/05,0,0,0,0
2011/04/06,0,2987000,0,2987000
2011/04/07,0,220000,-5000,215000
2011/04/08,0,557000,0,557000
2011/04/11,0,1000,-88000,-87000
2011/04/12,0,37000,-103000,-66000
2011/04/13,0,136000,-122000,14000
2011/04/14,0,159355,-64000,95355
2011/04/15,0,46000,-105000,-59000
2011/04/18,0,7000,-504000,-497000
2011/04/19,0,625000,-2280000,-1655000
2011/04/20,0,427000,-140000,287000
2011/04/21,0,1561000,-215000,1346000
2011/04/22,0,611000,-183000,428000
2011/04/25,0,199000,-164000,35000
2011/04/26,0,225000,-155000,70000
2011/04/27,0,1406000,-113000,1293000
2011/04/28,0,433000,-407000,26000
2011/04/29,0,129000,-1541771,-1412771
2011/05/02,0,0,0,0
2011/05/03,0,1011000,-304000,707000
2011/05/04,0,393000,-542000,-149000
2011/05/05,0,356000,-26800,329200
2011/05/06,0,281000,-9000,272000
2011/05/09,0,1434000,-5000,1429000
2011/05/10,0,636000,-163000,473000
2011/05/11,0,26000,-26000,0
2011/05/12,0,223000,0,223000
2011/05/13,0,152000,-53000,99000
2011/05/16,0,158000,-385000,-227000
2011/05/17,0,15000,-63000,-48000
2011/05/18,0,727000,-1782000,-1055000
2011/05/19,0,1085000,-585027,499973
2011/05/20,0,6000,-728000,-722000
2011/05/23,0,220000,-220000,0
2011/05/24,0,443000,-81000,362000
2011/05/25,0,47000,-417000,-370000
2011/05/26,0,56000,-255616,-199616
2011/05/27,0,59000,-139000,-80000
2011/05/30,0,163000,-147000,16000
2011/05/31,0,297000,-68000,229000
2011/06/01,0,396000,-111000,285000
2011/06/02,0,668000,-51000,617000
2011/06/03,0,592000,0,592000
2011/06/06,0,0,0,0
2011/06/07,0,438000,-34000,404000
2011/06/08,0,153000,-32000,121000
2011/06/09,0,470000,-21000,449000
2011/06/10,0,66000,-1296000,-1230000
2011/06/13,0,20000,-795000,-775000
2011/06/14,0,107000,-320000,-213000
2011/06/15,0,1924000,-1907000,17000
2011/06/16,0,100000,-563000,-463000
2011/06/17,0,2117000,-369000,1748000
2011/06/20,0,3000,-155782,-152782
2011/06/21,0,369000,-120000,249000
2011/06/22,0,157000,-325000,-168000
2011/06/23,0,219000,-284000,-65000
2011/06/24,0,878000,-150000,728000
2011/06/27,0,118000,-302000,-184000
2011/06/28,0,314000,-501000,-187000
2011/06/29,0,503000,-5000,498000
2011/06/30,0,337000,-189000,148000
2011/07/01,0,9000,-63000,-54000
2011/07/04,0,432000,-479000,-47000
2011/07/05,0,143000,-126000,17000
2011/07/06,0,90000,-56000,34000
2011/07/07,0,738000,-249000,489000
2011/07/08,0,18000,-441000,-423000
2011/07/11,0,37000,-112000,-75000
2011/07/12,0,367000,-624000,-257000
2011/07/13,0,661000,-74000,587000
2011/07/14,0,68000,-132000,-64000
2011/07/15,0,186000,-241000,-55000
2011/07/18,0,285000,-64000,221000
2011/07/19,0,66000,-284000,-218000
2011/07/20,0,234000,-80000,154000
2011/07/21,0,451000,-10000,441000
2011/07/22,0,366000,-23000,343000
2011/07/25,0,17000,-47000,-30000
2011/07/26,0,120000,-6000,114000
2011/07/27,0,412000,-116000,296000
2011/07/28,0,6000,-56000,-50000
2011/07/29,0,201000,-4000,197000
2011/08/01,0,812000,-299000,513000
2011/08/02,0,164000,-286000,-122000
2011/08/03,0,104000,-347000,-243000
2011/08/04,0,1055000,-280000,775000
2011/08/05,0,827000,-56000,771000
2011/08/08,0,380000,-1160000,-780000
2011/08/09,0,530000,-956416,-426416
2011/08/10,0,1387000,-1986000,-599000
2011/08/11,0,3502000,-539000,2963000
2011/08/12,0,2246000,-1006000,1240000
2011/08/15,0,5653000,-27000,5626000
2011/08/16,0,197000,-201000,-4000
2011/08/17,0,781000,-670000,111000
2011/08/18,0,376000,-520000,-144000
2011/08/19,0,1049000,-149000,900000
2011/08/22,0,1027000,-577000,450000
2011/08/23,0,651000,-860000,-209000
2011/08/24,0,129000,-770000,-641000
2011/08/25,0,47000,-417000,-370000
2011/08/26,0,246000,-93000,153000
2011/08/29,0,276559,-81000,195559
2011/08/30,0,2000,-362000,-360000
2011/08/31,0,403001,-174000,229001
2011/09/01,0,88000,-624000,-536000
2011/09/02,0,1307000,-293000,1014000
2011/09/05,0,0,-913000,-913000
2011/09/06,0,183000,-453000,-270000
2011/09/07,0,512000,-134000,378000
2011/09/08,0,227000,-225000,2000
2011/09/09,0,181066,-91000,90066
2011/09/12,0,0,0,0
2011/09/13,0,60000,-187000,-127000
2011/09/14,0,600000,-737000,-137000
2011/09/15,0,278000,-119360,158640
2011/09/16,0,634000,-334000,300000
2011/09/19,0,373000,-277000,96000
2011/09/20,0,178000,-114000,64000
2011/09/21,0,450000,-482000,-32000
2011/09/22,0,176000,-1522000,-1346000
2011/09/23,0,116000,-373000,-257000
2011/09/26,0,393000,-93000,300000
2011/09/27,0,574000,-269000,305000
2011/09/28,0,53000,-201000,-148000
2011/09/29,0,145000,-63000,82000
2011/09/30,0,259000,-478000,-219000
2011/10/03,0,156000,-522000,-366000
2011/10/04,0,153000,-117000,36000
2011/10/05,0,337000,-235000,102000
2011/10/06,0,818000,-30000,788000
2011/10/07,0,432000,-119000,313000
2011/10/10,0,0,0,0
2011/10/11,0,373000,-86000,287000
2011/10/12,0,216000,-347000,-131000
2011/10/13,0,202000,-48000,154000
2011/10/14,0,306000,-123000,183000
2011/10/17,0,224000,0,224000
2011/10/18,0,175335,-273000,-97665
2011/10/19,0,117000,-50001,66999
2011/10/20,0,34000,-38000,-4000
2011/10/21,0,72000,-39000,33000
2011/10/24,0,701000,-173000,528000
2011/10/25,0,174000,-422000,-248000
2011/10/26,0,328000,-147000,181000
2011/10/27,0,491000,-195000,296000
2011/10/28,0,1237000,-2000,1235000
2011/10/31,0,343000,-141000,202000
2011/11/01,0,740000,-21000,719000
2011/11/02,0,356000,-14000,342000
2011/11/03,0,394000,-605557,-211557
2011/11/04,0,600000,-71000,529000
2011/11/07,0,60000,0,60000
2011/11/08,0,567000,-82000,485000
2011/11/09,0,247000,-75000,172000
2011/11/10,0,170000,-466000,-296000
2011/11/11,0,91000,-87000,4000
2011/11/14,0,290000,-89000,201000
2011/11/15,0,278000,-132000,146000
2011/11/16,0,325000,-477000,-152000
2011/11/17,0,251000,-295000,-44000
2011/11/18,0,713000,-365000,348000
2011/11/21,0,417000,-558000,-141000
2011/11/22,0,302000,-186000,116000
2011/11/23,0,293000,-1055000,-762000
2011/11/24,0,930000,-110200,819800
2011/11/25,0,83000,-825000,-742000
2011/11/28,0,158000,-160000,-2000
2011/11/29,0,331252,-296000,35252
2011/11/30,0,709000,-867000,-158000
2011/12/01,0,887000,-55000,832000
2011/12/02,0,672000,-313000,359000
2011/12/05,0,625000,-147000,478000
2011/12/06,0,451000,-331000,120000
2011/12/07,0,621000,-10000,611000
2011/12/08,0,300000,-215000,85000
2011/12/09,0,309000,-337000,-28000
2011/12/12,0,125000,-8000,117000
2011/12/13,0,210000,-283000,-73000
2011/12/14,0,469000,-37000,432000
2011/12/15,0,237000,-159000,78000
2011/12/16,0,381000,-304796,76204
2011/12/19,0,845000,-806000,39000
2011/12/20,0,1175000,-176000,999000
2011/12/21,0,0,-127000,-127000
2011/12/22,0,187655,-525000,-337345
2011/12/23,0,463000,-293000,170000
2011/12/26,0,146000,-22000,124000
2011/12/27,0,284000,-22000,262000
2011/12/28,0,125660,-50000,75660
2011/12/29,0,407103,-53000,354103
2011/12/30,0,543000,-13000,530000
2012/01/02,0,0,-473000,-473000
2012/01/03,0,269000,-30691,238309
2012/01/04,0,278000,-941000,-663000
2012/01/05,0,265000,-411000,-146000
2012/01/06,0,282000,-3284000,-3002000
2012/01/09,0,399000,-1559000,-1160000
2012/01/10,0,121000,-1594000,-1473000
2012/01/11,0,282000,-967000,-685000
2012/01/12,0,460000,-1488000,-1028000
2012/01/13,0,761000,-1677000,-916000
2012/01/16,0,312000,-863000,-551000
2012/01/17,0,1436000,-2170000,-734000
2012/01/18,0,961788,-1202416,-240628
2012/01/19,0,0,0,0
2012/01/20,0,0,0,0
2012/01/23,0,0,0,0
2012/01/24,0,0,0,0
2012/01/25,0,0,0,0
2012/01/26,0,0,0,0
2012/01/27,0,0,0,0
2012/01/30,0,774000,-116000,658000
2012/01/31,0,2476000,-83000,2393000
2012/02/01,0,4023710,-754000,3269710
2012/02/02,0,2051796,-219000,1832796
2012/02/03,0,1309500,-356000,953500
2012/02/06,0,1457000,-421000,1036000
2012/02/07,0,839000,-805000,34000
2012/02/08,0,922796,-15000,907796
2012/02/09,0,664000,-36000,628000
2012/02/10,0,696000,-16000,680000
2012/02/13,0,249000,-21000,228000
2012/02/14,0,210000,-166000,44000
2012/02/15,0,1250736,-37000,1213736
2012/02/16,0,544000,-12000,532000
2012/02/17,0,801000,-2000,799000
2012/02/20,0,223000,0,223000
2012/02/21,0,183000,-262000,-79000
2012/02/22,0,827000,-213000,614000
2012/02/23,0,100000,-60000,40000
2012/02/24,0,39000,-75000,-36000
2012/02/27,0,0,0,0
2012/02/28,0,0,0,0
2012/02/29,0,569000,-45000,524000
2012/03/01,0,201000,-15000,186000
2012/03/02,0,248320,-282000,-33680
2012/03/05,0,115000,-317000,-202000
2012/03/06,0,416000,-423000,-7000
2012/03/07,0,258000,-128000,130000
2012/03/08,0,286000,-430000,-144000
2012/03/09,0,366000,-416000,-50000
2012/03/12,0,148104,-133000,15104
2012/03/13,0,1092000,-357000,735000
2012/03/14,0,713000,-122000,591000
2012/03/15,0,40000,-141000,-101000
2012/03/16,0,221000,-180000,41000
2012/03/19,0,2000,-1378000,-1376000
2012/03/20,0,196000,-337000,-141000
2012/03/21,0,827000,-582000,245000
2012/03/22,0,353000,-108000,245000
2012/03/23,0,92000,-2000,90000
2012/03/26,0,52000,-695000,-643000
2012/03/27,0,20223,-154000,-133777
2012/03/28,0,128968,-133000,-4032
2012/03/29,0,461000,-553000,-92000
2012/03/30,0,285000,-236000,49000
2012/04/02,0,133000,-291000,-158000
2012/04/03,0,194000,-205000,-11000
2012/04/04,0,0,0,0
2012/04/05,0,333000,-423000,-90000
2012/04/06,0,5000,-475000,-470000
2012/04/09,0,224000,-742000,-518000
2012/04/10,0,215000,-169000,46000
2012/04/11,0,116000,-150000,-34000
2012/04/12,0,40000,-350000,-310000
2012/04/13,0,72000,-436000,-364000
2012/04/16,0,47000,-180000,-133000
2012/04/17,0,118000,-211000,-93000
2012/04/18,0,129000,-790000,-661000
2012/04/19,0,502000,-10000,492000
2012/04/20,0,136000,-24776,111224
2012/04/23,0,81000,-130000,-49000
2012/04/24,0,249000,-124000,125000
2012/04/25,0,188000,-339000,-151000
2012/04/26,0,112000,-507000,-395000
2012/04/27,0,185000,-241000,-56000
2012/04/30,0,331000,-65493,265507
2012/05/01,0,0,0,0
2012/05/02,0,560000,-4000,556000
2012/05/03,0,193000,-59000,134000
2012/05/04,0,550000,-331000,219000
2012/05/07,0,55000,-567000,-512000
2012/05/08,0,49000,-144000,-95000
2012/05/09,0,91000,-435000,-344000
2012/05/10,0,3000,-74000,-71000
2012/05/11,0,11000,-276000,-265000
2012/05/14,0,0,-87000,-87000
2012/05/15,0,82000,-104000,-22000
2012/05/16,0,47000,-513000,-466000
2012/05/17,0,774000,-189000,585000
2012/05/18,0,101000,-377000,-276000
2012/05/21,0,230000,-81000,149000
2012/05/22,0,100000,-186000,-86000
2012/05/23,0,81000,-384000,-303000
2012/05/24,0,99000,-106000,-7000
2012/05/25,0,11000,-21000,-10000
2012/05/28,0,15000,-6000,9000
2012/05/29,0,125000,-67000,58000
2012/05/30,0,111000,-508280,-397280
2012/05/31,0,611000,-301035,309965
2012/06/01,0,22000,-75009,-53009
2012/06/04,0,174000,-122000,52000
2012/06/05,0,53000,-62000,-9000
2012/06/06,0,105000,-40000,65000
2012/06/07,0,46000,-88534,-42534
2012/06/08,0,106000,-55000,51000
2012/06/11,0,335000,-66068,268932
2012/06/12,0,105000,-71000,34000
2012/06/13,0,130000,-223000,-93000
2012/06/14,0,202000,-23534,178466
2012/06/15,0,595000,-2154640,-1559640
2012/06/18,0,155000,-52000,103000
2012/06/19,0,108000,-45000,63000
2012/06/20,0,68000,-181000,-113000
2012/06/21,0,0,-61000,-61000
2012/06/22,0,59000,-46000,13000
2012/06/25,0,0,-74000,-74000
2012/06/26,0,74000,-45000,29000
2012/06/27,0,95000,-82000,13000
2012/06/28,0,164455,-77000,87455
2012/06/29,0,386455,-35000,351455
2012/07/02,0,28000,-157000,-129000
2012/07/03,0,92000,-5000,87000
2012/07/04,0,105000,-238000,-133000
2012/07/05,0,112000,-266000,-154000
2012/07/06,0,48000,-4000,44000
2012/07/09,0,49000,-2000,47000
2012/07/10,0,15000,-72000,-57000
2012/07/11,0,9000,-583000,-574000
2012/07/12,0,15000,-92000,-77000
2012/07/13,0,9000,-7000,2000
2012/07/16,0,77000,-118000,-41000
2012/07/17,0,1154000,-31000,1123000
2012/07/18,0,146000,-462000,-316000
2012/07/19,0,288000,-37000,251000
2012/07/20,0,18000,0,18000
2012/07/23,0,42000,-159000,-117000
2012/07/24,0,16000,-40000,-24000
2012/07/25,0,0,-251000,-251000
2012/07/26,0,73000,-185000,-112000
2012/07/27,0,13000,-69000,-56000
2012/07/30,0,194000,-221000,-27000
2012/07/31,0,240000,-28000,212000
2012/08/01,0,11000,-13000,-2000
2012/08/02,0,0,0,0
2012/08/03,0,11000,0,11000
2012/08/06,0,210000,-27000,183000
2012/08/07,0,107000,-52000,55000
2012/08/08,0,62000,-28000,34000
2012/08/09,0,592000,-38000,554000
2012/08/10,0,129000,0,129000
2012/08/13,0,20000,0,20000
2012/08/14,0,122000,0,122000
2012/08/15,0,191000,-8000,183000
2012/08/16,0,3000,-42000,-39000
2012/08/17,0,0,-14000,-14000
2012/08/20,0,0,-106000,-106000
2012/08/21,0,28000,0,28000
2012/08/22,0,0,-134000,-134000
2012/08/23,0,73000,-33000,40000
2012/08/24,0,15000,0,15000
2012/08/27,0,0,-9000,-9000
2012/08/28,0,101000,-91000,10000
2012/08/29,0,75000,0,75000
2012/08/30,0,0,-72000,-72000
2012/08/31,0,675000,-221000,454000
2012/09/03,0,163000,-57000,106000
2012/09/04,0,36000,-114000,-78000
2012/09/05,0,101000,-104000,-3000
2012/09/06,0,253000,-118000,135000
2012/09/07,0,680000,0,680000
2012/09/10,0,32000,-43000,-11000
2012/09/11,0,44000,-69000,-25000
2012/09/12,0,315000,-13000,302000
2012/09/13,0,111000,0,111000
2012/09/14,0,860000,-24000,836000
2012/09/17,0,40000,-120953,-80953
2012/09/18,0,295000,-12000,283000
2012/09/19,0,757000,-30000,727000
2012/09/20,0,119000,-221000,-102000
2012/09/21,0,198000,-25000,173000
2012/09/24,0,51374,-14000,37374
2012/09/25,0,245000,-13000,232000
2012/09/26,0,218000,-13000,205000
2012/09/27,0,276000,-42000,234000
2012/09/28,0,260000,-68000,192000
2012/10/01,0,151000,-294000,-143000
2012/10/02,0,84000,-18000,66000
2012/10/03,0,48000,-25000,23000
2012/10/04,0,567000,-75000,492000
2012/10/05,0,25000,-60000,-35000
2012/10/08,0,60000,-308000,-248000
2012/10/09,0,306000,-19000,287000
2012/10/10,0,0,0,0
2012/10/11,0,92000,-257000,-165000
2012/10/12,0,27000,-85000,-58000
2012/10/15,0,65000,-40000,25000
2012/10/16,0,81000,-103000,-22000
2012/10/17,0,334000,-1113000,-779000
2012/10/18,0,93000,-6000,87000
2012/10/19,0,17000,-152000,-135000
2012/10/22,0,357000,-177941,179059
2012/10/23,0,25000,-422000,-397000
2012/10/24,0,208000,-127000,81000
2012/10/25,0,16000,-83000,-67000
2012/10/26,0,648000,-111000,537000
2012/10/29,0,463000,-15000,448000
2012/10/30,0,575000,-4000,571000
2012/10/31,0,393000,-79000,314000
2012/11/01,0,293000,-95786,197214
2012/11/02,0,310000,-5000,305000
2012/11/05,0,123000,-30000,93000
2012/11/06,0,71000,-191,70809
2012/11/07,0,30000,-118000,-88000
2012/11/08,0,87000,-248000,-161000
2012/11/09,0,82000,-314869,-232869
2012/11/12,0,147000,-10000,137000
2012/11/13,0,147000,-215000,-68000
2012/11/14,0,52000,-83000,-31000
2012/11/15,0,337000,-273000,64000
2012/11/16,0,191000,-313000,-122000
2012/11/19,0,360417,-171000,189417
2012/11/20,0,268000,-282000,-14000
2012/11/21,0,5000,-392000,-387000
2012/11/22,0,39000,-226471,-187471
2012/11/23,0,343000,-2000,341000
2012/11/26,0,230000,0,230000
2012/11/27,0,232000,-513213,-281213
2012/11/28,0,346000,-459000,-113000
2012/11/29,0,280000,-77117,202883
2012/11/30,0,223000,-135000,88000
2012/12/03,0,289000,-60000,229000
2012/12/04,0,35000,-29000,6000
2012/12/05,0,155000,-180000,-25000
2012/12/06,0,273000,-88048,184952
2012/12/07,0,17000,0,17000
2012/12/10,0,80000,0,80000
2012/12/11,0,281000,-335000,-54000
2012/12/12,0,472000,-189364,282636
2012/12/13,0,790000,-4000,786000
2012/12/14,0,644000,-105000,539000
2012/12/17,0,155000,-28000,127000
2012/12/18,0,1343000,-14000,1329000
2012/12/19,0,988000,-72000,916000
2012/12/20,0,138000,-62000,76000
2012/12/21,0,884000,-189000,695000
2012/12/24,0,57000,-29000,28000
2012/12/25,0,384000,-10000,374000
2012/12/26,0,573000,-3000,570000
2012/12/27,0,264000,-6000,258000
2012/12/28,0,1006000,-2000,1004000
2012/12/31,0,0,0,0
2013/01/01,0,0,0,0
2013/01/02,0,430000,-6000,424000
2013/01/03,0,814000,-12000,802000
2013/01/04,0,1862000,-263000,1599000
2013/01/07,0,1303000,-181000,1122000
2013/01/08,0,891400,-451000,440400
2013/01/09,0,522000,-39000,483000
2013/01/10,0,1578000,-1905568,-327568
2013/01/11,0,1012000,-102000,910000
2013/01/14,0,583000,-110000,473000
2013/01/15,0,734000,-265000,469000
2013/01/16,0,933000,-947000,-14000
2013/01/17,0,554000,-530000,24000
2013/01/18,0,242000,-118000,124000
2013/01/21,0,297000,-127000,170000
2013/01/22,0,95000,-74000,21000
2013/01/23,0,473000,-27000,446000
2013/01/24,0,670000,-543000,127000
2013/01/25,0,322000,-420000,-98000
2013/01/28,0,195000,-1000,194000
2013/01/29,0,408000,-3000,405000
2013/01/30,0,625000,-2000,623000
2013/01/31,0,583000,-364000,219000
2013/02/01,0,705000,-1147000,-442000
2013/02/04,0,1188000,-590000,598000
2013/02/05,0,808000,-542000,266000
2013/02/06,0,1983000,-635000,1348000
2013/02/07,0,0,0,0
2013/02/08,0,0,0,0
2013/02/11,0,0,0,0
2013/02/12,0,0,0,0
2013/02/13,0,0,0,0
2013/02/14,0,0,0,0
2013/02/15,0,0,0,0
2013/02/18,0,693000,-690000,3000
2013/02/19,0,1691000,-871772,819228
2013/02/20,0,1629000,-1023000,606000
2013/02/21,0,366000,-1914442,-1548442
2013/02/22,0,1219000,-563000,656000
2013/02/25,0,932000,-324000,608000
2013/02/26,0,459000,-257000,202000
2013/02/27,0,361000,-223000,138000
2013/02/28,0,0,0,0
2013/03/01,0,793000,-495000,298000
2013/03/04,0,470000,-901000,-431000
2013/03/05,0,388000,-463000,-75000
2013/03/06,0,303000,-27000,276000
2013/03/07,0,961000,-284000,677000
2013/03/08,0,1821000,-69000,1752000
2013/03/11,0,1692000,-266000,1426000
2013/03/12,0,665000,-500000,165000
2013/03/13,0,368000,-494000,-126000
2013/03/14,0,605092,-258000,347092
2013/03/15,0,1019000,-502000,517000
2013/03/18,0,749000,-491000,258000
2013/03/19,0,1023000,-271000,752000
2013/03/20,0,768000,-1382000,-614000
2013/03/21,0,1059545,-666000,393545
2013/03/22,0,379000,-125000,254000
2013/03/25,0,1016000,-502000,514000
2013/03/26,0,668426,-356000,312426
2013/03/27,0,1870000,-39907,1830093
2013/03/28,0,592574,-12000,580574
2013/03/29,0,162000,-2000,160000
2013/04/01,0,226000,-92000,134000
2013/04/02,0,573000,-134362,438638
2013/04/03,0,782000,-518428,263572
2013/04/04,0,0,0,0
2013/04/05,0,0,0,0
2013/04/08,0,589776,-327000,262776
2013/04/09,0,400000,-573000,-173000
2013/04/10,0,598000,-333000,265000
2013/04/11,0,488952,-19000,469952
2013/04/12,0,39000,-35000,4000
2013/04/15,0,63000,-13000,50000
2013/04/16,0,807000,-570000,237000
2013/04/17,0,579000,-985000,-406000
2013/04/18,0,220000,-1060053,-840053
2013/04/19,0,355000,-1000,354000
2013/04/22,0,389000,0,389000
2013/04/23,0,719944,-8000,711944
2013/04/24,0,685000,-58000,627000
2013/04/25,0,665000,-1014428,-349428
2013/04/26,0,431000,-2000,429000
2013/04/29,0,100000,-63000,37000
2013/04/30,0,462000,-49000,413000
2013/05/01,0,0,0,0
2013/05/02,0,788506,-1000,787506
2013/05/03,0,277000,-74000,203000
2013/05/06,0,998000,-15000,983000
2013/05/07,0,691498,-12000,679498
2013/05/08,0,1018082,-8000,1010082
2013/05/09,0,1371000,-123164,1247836
2013/05/10,0,1134000,-1000,1133000
2013/05/13,0,637000,-46000,591000
2013/05/14,0,922407,-309000,613407
2013/05/15,0,596000,-112000,484000
2013/05/16,0,1506000,-11000,1495000
2013/05/17,0,917708,-514000,403708
2013/05/20,0,199734,-42000,157734
2013/05/21,0,878000,-62000,816000
2013/05/22,0,1729000,-134000,1595000
2013/05/23,0,1316000,-644000,672000
2013/05/24,0,174000,-240000,-66000
2013/05/27,0,0,-71000,-71000
2013/05/28,0,860000,-271000,589000
2013/05/29,0,381000,-154000,227000
2013/05/30,0,411000,-992000,-581000
2013/05/31,0,387000,-664140,-277140
2013/06/03,0,368000,-726000,-358000
2013/06/04,0,1404000,-865000,539000
2013/06/05,0,502000,-619000,-117000
2013/06/06,0,845000,-699002,145998
2013/06/07,0,837000,-581000,256000
2013/06/10,0,377000,-285000,92000
2013/06/11,0,234000,-171000,63000
2013/06/12,0,0,0,0
2013/06/13,0,897000,-941428,-44428
2013/06/14,0,459000,-730000,-271000
2013/06/17,0,189000,-227000,-38000
2013/06/18,0,140000,-247000,-107000
2013/06/19,0,242000,-631753,-389753
2013/06/20,0,210000,-728000,-518000
2013/06/21,0,981000,-465272,515728
2013/06/24,0,551000,-778428,-227428
2013/06/25,0,509000,-479000,30000
2013/06/26,0,511000,-510000,1000
2013/06/27,0,237000,-430000,-193000
2013/06/28,0,153000,-261000,-108000
2013/07/01,0,437000,-150000,287000
2013/07/02,0,113000,-121729,-8729
2013/07/03,0,445000,-561000,-116000
2013/07/04,0,307000,-12000,295000
2013/07/05,0,141000,-27000,114000
2013/07/08,0,92000,-899428,-807428
2013/07/09,0,116000,-338262,-222262
2013/07/10,0,451000,-14000,437000
2013/07/11,0,4095000,-922000,3173000
2013/07/12,0,179000,-121000,58000
2013/07/15,0,445000,-356428,88572
2013/07/16,0,115000,-77000,38000
2013/07/17,0,531000,-79000,452000
2013/07/18,0,146000,-303453,-157453
2013/07/19,0,137000,-94000,43000
2013/07/22,0,247000,-13000,234000
2013/07/23,0,70000,-54000,16000
2013/07/24,0,20000,-28000,-8000
2013/07/25,0,62000,-496000,-434000
2013/07/26,0,199000,-16000,183000
2013/07/29,0,108000,-284000,-176000
2013/07/30,0,440000,-266000,174000
2013/07/31,0,251000,-102373,148627
2013/08/01,0,65000,-64000,1000
2013/08/02,0,131000,-11000,120000
2013/08/05,0,194000,-110000,84000
2013/08/06,0,124000,-70000,54000
2013/08/07,0,247000,-29000,218000
2013/08/08,0,50000,-311000,-261000
2013/08/09,0,130000,-198000,-68000
2013/08/12,0,157000,-194897,-37897
2013/08/13,0,358000,-289000,69000
2013/08/14,0,342000,-10000,332000
2013/08/15,0,465000,-51000,414000
2013/08/16,0,597000,-154000,443000
2013/08/19,0,64000,-199000,-135000
2013/08/20,0,76000,-54000,22000
2013/08/21,0,0,0,0
2013/08/22,0,183000,-597000,-414000
2013/08/23,0,170000,-318547,-148547
2013/08/26,0,152000,-82000,70000
2013/08/27,0,94000,-2633000,-2539000
2013/08/28,0,52000,-2444000,-2392000
2013/08/29,0,134000,-536000,-402000
2013/08/30,0,526000,-209000,317000
2013/09/02,0,149000,-164000,-15000
2013/09/03,0,562000,-372000,190000
2013/09/04,0,1000,-121000,-120000
2013/09/05,0,170000,-165000,5000
2013/09/06,0,404000,-139000,265000
2013/09/09,0,437000,0,437000
2013/09/10,0,345000,-9000,336000
2013/09/11,0,446000,-494000,-48000
2013/09/12,0,431000,-73000,358000
2013/09/13,0,258000,-25000,233000
2013/09/16,0,195000,-7000,188000
2013/09/17,0,146000,-14000,132000
2013/09/18,0,520000,-304760,215240
2013/09/19,0,0,0,0
2013/09/20,0,0,0,0
2013/09/23,0,320000,-896000,-576000
2013/09/24,0,407000,-308592,98408
2013/09/25,0,504000,-191921,312079
2013/09/26,0,80000,-101000,-21000
2013/09/27,0,290000,-319000,-29000
2013/09/30,0,88000,-312000,-224000
2013/10/01,0,61000,-254000,-193000
2013/10/02,0,87000,-115000,-28000
2013/10/03,0,186000,-759000,-573000
2013/10/04,0,169000,-314790,-145790
2013/10/07,0,219000,-375000,-156000
2013/10/08,0,185000,-157000,28000
2013/10/09,0,135000,-255571,-120571
2013/10/10,0,0,0,0
2013/10/11,0,138000,-18000,120000
2013/10/14,0,128000,-29000,99000
2013/10/15,0,529000,-51000,478000
2013/10/16,0,679000,-97000,582000
2013/10/17,0,3927000,-4382000,-455000
2013/10/18,0,426000,-290000,136000
2013/10/21,0,1395000,-3000,1392000
2013/10/22,0,1124000,0,1124000
2013/10/23,0,533000,-73483,459517
2013/10/24,0,418000,-91000,327000
2013/10/25,0,296000,-244000,52000
2013/10/28,0,256000,-48000,208000
2013/10/29,0,215000,-74000,141000
2013/10/30,0,395000,-201918,193082
2013/10/31,0,178000,-154000,24000
2013/11/01,0,178000,-348211,-170211
2013/11/04,0,166000,-284000,-118000
2013/11/05,0,145000,-693000,-548000
2013/11/06,0,162000,-609072,-447072
2013/11/07,0,323000,-1159000,-836000
2013/11/08,0,227000,-764000,-537000
2013/11/11,0,197000,-913000,-716000
2013/11/12,0,465000,-930000,-465000
2013/11/13,0,123000,-1055000,-932000
2013/11/14,0,818616,-1237000,-418384
2013/11/15,0,1418000,-489000,929000
2013/11/18,0,140000,-578000,-438000
2013/11/19,0,71000,-338000,-267000
2013/11/20,0,29000,-38000,-9000
2013/11/21,0,0,-80000,-80000
2013/11/22,0,455000,-115147,339853
2013/11/25,0,293000,-122000,171000
2013/11/26,0,707000,-141000,566000
2013/11/27,0,0,-333000,-333000
2013/11/28,0,343000,-704000,-361000
2013/11/29,0,602000,-424000,178000
2013/12/02,0,100000,-449000,-349000
2013/12/03,0,65000,-301014,-236014
2013/12/04,0,126588,-416000,-289412
2013/12/05,0,87000,-49000,38000
2013/12/06,0,4000,0,4000
2013/12/09,0,96000,-391000,-295000
2013/12/10,0,98000,-468000,-370000
2013/12/11,0,778000,-520000,258000
2013/12/12,0,0,-542000,-542000
2013/12/13,0,174000,-589000,-415000
2013/12/16,0,374000,-723563,-349563
2013/12/17,0,226000,-107000,119000
2013/12/18,0,742299,-20000,722299
2013/12/19,0,449000,-455000,-6000
2013/12/20,0,174000,-146580,27420
2013/12/23,0,216000,-10000,206000
2013/12/24,0,161000,-39000,122000
2013/12/25,0,124000,-265000,-141000
2013/12/26,0,47000,0,47000
2013/12/27,0,440000,-78000,362000
2013/12/30,0,483000,-26038,456962
2013/12/31,0,103000,-6045,96955
2014/01/02,0,34000,-123000,-89000
2014/01/03,0,50000,-369000,-319000
2014/01/06,0,90000,-504000,-414000
2014/01/07,0,192000,-383000,-191000
2014/01/08,0,152000,-211000,-59000
2014/01/09,0,262000,-263000,-1000
2014/01/10,0,391000,-555000,-164000
2014/01/13,0,177000,-471000,-294000
2014/01/14,0,651000,-302000,349000
2014/01/15,0,151000,-965000,-814000
2014/01/16,0,421000,-576000,-155000
2014/01/17,0,344000,-489000,-145000
2014/01/20,0,19000,-80000,-61000
2014/01/21,0,86000,-78000,8000
2014/01/22,0,574000,-393000,181000
2014/01/23,0,95140,-251000,-155860
2014/01/24,0,595000,-5214578,-4619578
2014/01/27,0,1196000,-1060000,136000
2014/02/05,0,1098000,-3659000,-2561000
2014/02/06,0,1327000,-1487000,-160000
2014/02/07,0,1565000,-2238000,-673000
2014/02/10,0,2018000,-1808000,210000
2014/02/11,0,315000,-24521842,-24206842
2014/02/12,0,3520000,-30548064,-27028064
2014/02/13,0,3243000,-28266000,-25023000
2014/02/14,0,1208000,-7697000,-6489000
2014/02/17,0,1367000,-6144942,-4777942
2014/02/18,0,343000,-9349000,-9006000
2014/02/19,0,1622000,-8455000,-6833000
2014/02/20,0,164000,-6660480,-6496480
2014/02/21,0,1002000,-4606000,-3604000
2014/02/24,0,420000,-2563500,-2143500
2014/02/25,0,373000,-1184020,-811020
2014/02/26,0,516107,-1597000,-1080893
2014/02/27,0,1427700,-3552000,-2124300
2014/03/03,0,406000,-1524000,-1118000
2014/03/04,0,325000,-3421000,-3096000
2014/03/05,0,11000,-2475000,-2464000
2014/03/06,0,516000,-1740000,-1224000
2014/03/07,0,117000,-60000,57000
2014/03/10,0,89000,-727000,-638000
2014/03/11,0,842000,-826000,16000
2014/03/12,0,9000,-267000,-258000
2014/03/13,0,537000,-578000,-41000
2014/03/14,0,2000,-329000,-327000
2014/03/17,0,322000,-383000,-61000
2014/03/18,0,390000,-1708000,-1318000
2014/03/19,0,647000,-1281000,-634000
2014/03/20,0,419000,-2599000,-2180000
2014/03/21,0,1996000,-4446027,-2450027
2014/03/24,0,1121000,-7469000,-6348000
2014/03/25,0,691000,-4623000,-3932000
2014/03/26,0,311000,-847000,-536000
2014/03/27,0,233000,-404000,-171000
2014/03/28,0,415000,-317000,98000
2014/03/31,0,688000,-1095000,-407000
2014/04/01,0,403000,-134000,269000
2014/04/02,0,471000,-68000,403000
2014/04/03,0,1426000,-301000,1125000
2014/04/07,0,381000,-1185000,-804000
2014/04/08,0,115000,-134000,-19000
2014/04/09,0,700000,-198114,501886
2014/04/10,0,353000,-97000,256000
2014/04/11,0,432000,-178000,254000
2014/04/14,0,64000,-39000,25000
2014/04/15,0,189000,-133000,56000
2014/04/16,0,1136000,-680000,456000
2014/04/17,0,136000,0,136000
2014/04/18,0,166000,-601000,-435000
2014/04/21,0,83000,-44000,39000
2014/04/22,0,140000,-50000,90000
2014/04/23,0,79000,-44000,35000
2014/04/24,0,278000,-555000,-277000
2014/04/25,0,262000,-1587000,-1325000
2014/04/28,0,777000,-304000,473000
2014/04/29,0,12000,-60000,-48000
2014/04/30,0,591000,-698000,-107000
2014/05/02,0,492000,-256000,236000
2014/05/05,0,0,-62000,-62000
2014/05/06,0,475000,-65000,410000
2014/05/07,0,245000,-507000,-262000
2014/05/08,0,267000,-954000,-687000
2014/05/09,0,256000,-166000,90000
2014/05/12,0,684000,-667000,17000
2014/05/13,0,269000,-1837000,-1568000
2014/05/14,0,30000,-444000,-414000
2014/05/15,0,180000,-1824152,-1644152
2014/05/16,0,0,-686834,-686834
2014/05/19,0,264000,-844000,-580000
2014/05/20,0,307875,-258232,49643
2014/05/21,0,125000,-1038110,-913110
2014/05/22,0,427000,-815000,-388000
2014/05/23,0,276000,-1015000,-739000
2014/05/26,0,442000,-529000,-87000
2014/05/27,0,246000,-1000,245000
2014/05/28,0,1032000,-1001047,30953
2014/05/29,0,1090000,-35099,1054901
2014/05/30,0,876000,-392000,484000
2014/06/03,0,413000,-81000,332000
2014/06/04,0,131000,-140000,-9000
2014/06/05,0,345000,-501000,-156000
2014/06/06,0,55000,-163000,-108000
2014/06/09,0,32000,-224000,-192000
2014/06/10,0,23456,-3000,20456
2014/06/11,0,216000,-4000,212000
2014/06/12,0,650000,-11000,639000
2014/06/13,0,454000,-37000,417000
2014/06/16,0,118000,-139000,-21000
2014/06/17,0,276000,-438000,-162000
2014/06/18,0,2016000,-1472000,544000
2014/06/19,0,269000,-49000,220000
2014/06/20,0,963000,-806000,157000
2014/06/23,0,554000,-193000,361000
2014/06/24,0,727000,-28000,699000
2014/06/25,0,257000,-29000,228000
2014/06/26,0,453000,-70000,383000
2014/06/27,0,752000,-128000,624000
2014/06/30,0,207000,0,207000
2014/07/01,0,397000,-115161,281839
2014/07/02,0,663000,-665000,-2000
2014/07/03,0,1205000,-734000,471000
2014/07/04,0,468000,-655000,-187000
2014/07/07,0,748000,-741000,7000
2014/07/08,0,237000,-2186000,-1949000
2014/07/09,0,79000,-1131000,-1052000
2014/07/10,0,941000,-905871,35129
2014/07/11,0,830000,-590000,240000
2014/07/14,0,572000,-140000,432000
2014/07/15,0,223430,-274000,-50570
2014/07/16,0,809000,-1279000,-470000
2014/07/17,0,727000,-125000,602000
2014/07/18,0,1119000,-8000,1111000
2014/07/21,0,286000,-760045,-474045
2014/07/22,0,773000,-267000,506000
2014/07/23,0,0,0,0
2014/07/24,0,74000,-74618,-618
2014/07/25,0,1202705,-653000,549705
2014/07/28,0,646000,-150000,496000
2014/07/29,0,1932000,-763000,1169000
2014/07/30,0,826000,-1254000,-428000
2014/07/31,0,1115000,-568000,547000
2014/08/01,0,535000,-24000,511000
2014/08/04,0,882000,-68000,814000
2014/08/05,0,163000,-1055000,-892000
2014/08/06,0,587000,-1121000,-534000
2014/08/07,0,75000,-342000,-267000
2014/08/08,0,388000,-866000,-478000
2014/08/11,0,144000,-571000,-427000
2014/08/12,0,131000,-733000,-602000
2014/08/13,0,890000,-256000,634000
2014/08/14,0,46000,-327000,-281000
2014/08/15,0,379000,-667000,-288000
2014/08/18,0,260000,-165000,95000
2014/08/19,0,523000,-382000,141000
2014/08/20,0,310000,-21000,289000
2014/08/21,0,633858,-53000,580858
2014/08/22,0,680000,-658000,22000
2014/08/25,0,1097000,-224000,873000
2014/08/26,0,130000,-439000,-309000
2014/08/27,0,1006000,-72000,934000
2014/08/28,0,388000,-12000,376000
2014/08/29,0,439000,-19000,420000
2014/09/01,0,159000,-88000,71000
2014/09/02,0,1007000,-282000,725000
2014/09/03,0,179000,-309000,-130000
2014/09/04,0,274000,-159000,115000
2014/09/05,0,223000,-1000,222000
2014/09/09,0,563000,-119000,444000
2014/09/10,0,71000,-43000,28000
2014/09/11,0,180000,-355000,-175000
2014/09/12,0,224000,-124000,100000
2014/09/15,0,366000,-387000,-21000
2014/09/16,0,132000,-337000,-205000
2014/09/17,0,381007,-1324000,-942993
2014/09/18,0,268000,-265000,3000
2014/09/19,0,204000,-172218,31782
2014/09/22,0,193000,-496000,-303000
2014/09/23,0,301000,-10000,291000
2014/09/24,0,886000,-310000,576000
2014/09/25,0,98000,-342000,-244000
2014/09/26,0,467000,-202000,265000
2014/09/29,0,1000,-685470,-684470
2014/09/30,0,930000,-1249000,-319000
2014/10/01,0,352000,-538000,-186000
2014/10/02,0,36000,-863000,-827000
2014/10/03,0,436000,-747000,-311000
2014/10/06,0,35000,-307000,-272000
2014/10/07,0,46000,-979000,-933000
2014/10/08,0,65000,-573000,-508000
2014/10/09,0,147000,-356000,-209000
2014/10/13,0,782000,-526393,255607
2014/10/14,0,120000,-335238,-215238
2014/10/15,0,182000,-864000,-682000
2014/10/16,0,256000,-951000,-695000
2014/10/17,0,1282000,-1261000,21000
2014/10/20,0,399000,-945000,-546000
2014/10/21,0,168001,-659000,-490999
2014/10/22,0,614000,-1418000,-804000
2014/10/23,0,230000,-348000,-118000
2014/10/24,0,142000,-909000,-767000
2014/10/27,0,156000,-158227,-2227
2014/10/28,0,515000,-154000,361000
2014/10/29,0,502000,-161000,341000
2014/10/30,0,210000,-23000,187000
2014/10/31,0,630000,-84000,546000
2014/11/03,0,245000,-631000,-386000
2014/11/04,0,277000,-647000,-370000
2014/11/05,0,134000,-43000,91000
2014/11/06,0,312000,-2000,310000
2014/11/07,0,72000,-27921,44079
2014/11/10,0,371000,-63000,308000
2014/11/11,0,510000,-125000,385000
2014/11/12,0,59000,-367090,-308090
2014/11/13,0,2000,-187000,-185000
2014/11/14,0,19000,-319000,-300000
2014/11/17,0,13000,-274000,-261000
2014/11/18,0,51000,-24000,27000
2014/11/19,0,130000,-185000,-55000
2014/11/20,0,222000,-61000,161000
2014/11/21,0,331000,-66004,264996
2014/11/24,0,851315,-141000,710315
2014/11/25,0,767000,-852000,-85000
2014/11/26,0,173000,-89000,84000
2014/11/27,0,37000,-45000,-8000
2014/11/28,0,275000,-25000,250000
2014/12/01,0,264000,-586386,-322386
2014/12/02,0,226000,-600000,-374000
2014/12/03,0,116000,-168000,-52000
2014/12/04,0,315000,-8000,307000
2014/12/05,0,100000,-209000,-109000
2014/12/08,0,79000,-210000,-131000
2014/12/09,0,26000,-186044,-160044
2014/12/10,0,25000,-885000,-860000
2014/12/11,0,4000,-130000,-126000
2014/12/12,0,72000,-610000,-538000
2014/12/15,0,5000,-250000,-245000
2014/12/16,0,654000,-563021,90979
2014/12/17,0,172000,-1102293,-930293
2014/12/18,0,92000,-220000,-128000
2014/12/19,0,231000,-555000,-324000
2014/12/22,0,293000,-489000,-196000
2014/12/23,0,380000,-230000,150000
2014/12/24,0,412000,-308000,104000
2014/12/25,0,184000,-46000,138000
2014/12/26,0,146000,-10000,136000
2014/12/29,0,195000,-54000,141000
2014/12/30,0,144000,-438000,-294000
2014/12/31,0,327000,-219000,108000
2015/01/01,0,0,0,0
2015/01/02,0,0,0,0
2015/01/05,0,244000,-557000,-313000
2015/01/06,0,234000,-593000,-359000
2015/01/07,0,183000,-247000,-64000
2015/01/08,0,32000,-359000,-327000
2015/01/09,0,1083000,-40000,1043000
2015/01/12,0,281001,-149000,132001
2015/01/13,0,472000,-45000,427000
2015/01/14,0,110000,-76000,34000
2015/01/15,0,0,-389000,-389000
2015/01/16,0,0,-1028944,-1028944
2015/01/19,0,21000,-247000,-226000
2015/01/20,0,460000,-113000,347000
2015/01/21,0,166000,-49000,117000
2015/01/22,0,543000,-95000,448000
2015/01/23,0,774000,-112000,662000
2015/01/26,0,117000,-489000,-372000
2015/01/27,0,146000,-132000,14000
2015/01/28,0,996000,-10000,986000
2015/01/29,0,391000,-266000,125000
2015/01/30,0,402000,-206000,196000
2015/02/02,0,276000,-12000,264000
2015/02/03,0,53000,-1000,52000
2015/02/04,0,138000,-188000,-50000
2015/02/05,0,21000,-268000,-247000
2015/02/06,0,17000,-5000,12000
2015/02/09,0,14000,-178000,-164000
2015/02/10,0,351000,-815314,-464314
2015/02/11,0,88192,-802056,-713864
2015/02/12,0,10000,-111000,-101000
2015/02/13,0,80000,-64170,15830
2015/02/16,0,0,0,0
2015/02/17,0,0,0,0
2015/02/18,0,0,0,0
2015/02/19,0,0,0,0
2015/02/20,0,0,0,0
2015/02/23,0,0,0,0
2015/02/24,0,121000,-257000,-136000
2015/02/25,0,397000,-109000,288000
2015/02/26,0,477000,-10000,467000
2015/02/27,0,0,0,0
2015/03/02,0,444000,-760000,-316000
2015/03/03,0,131000,-144000,-13000
2015/03/04,0,303000,-121000,182000
2015/03/05,0,259000,-177000,82000
2015/03/06,0,8000,-199000,-191000
2015/03/09,0,6000,-18000,-12000
2015/03/10,0,7000,-125618,-118618
2015/03/11,0,115000,-1215000,-1100000
2015/03/12,0,320000,-79000,241000
2015/03/13,0,10000,-8000,2000
2015/03/16,0,95000,-190096,-95096
2015/03/17,0,15000,-330000,-315000
2015/03/18,0,77000,-270192,-193192
2015/03/19,0,232000,-269000,-37000
2015/03/20,0,1493000,-542000,951000
2015/03/23,0,1833000,-144887,1688113
2015/03/24,0,318000,-120000,198000
2015/03/25,0,152000,-189000,-37000
2015/03/26,0,982000,-206000,776000
2015/03/27,0,929000,-777745,151255
2015/03/30,0,254000,-618000,-364000
2015/03/31,0,148000,-336000,-188000
2015/04/01,0,556000,-654000,-98000
2015/04/02,0,534000,-64000,470000
2015/04/03,0,0,0,0
2015/04/06,0,0,0,0
2015/04/07,0,2000,-47000,-45000
2015/04/08,0,329000,-23000,306000
2015/04/09,0,610000,-17000,593000
2015/04/10,0,680000,-16000,664000
2015/04/13,0,263000,-47000,216000
2015/04/14,0,284000,-346000,-62000
2015/04/15,0,591000,-1547000,-956000
2015/04/16,0,1055000,-774000,281000
2015/04/17,0,509000,-270000,239000
2015/04/20,0,781000,-32000,749000
2015/04/21,0,527000,-48000,479000
2015/04/22,0,1450000,-727000,723000
2015/04/23,0,1930000,-645973,1284027
2015/04/24,0,2339000,-72000,2267000
2015/04/27,0,6064714,-4726714,1338000
2015/04/28,0,3186000,-453776,2732224
2015/04/29,0,1880458,-220000,1660458
2015/04/30,0,1308976,-566976,742000
2015/05/01,0,0,0,0
2015/05/04,0,824000,-121000,703000
2015/05/05,0,574000,-122000,452000
2015/05/06,0,454000,-49000,405000
2015/05/07,0,948000,-199000,749000
2015/05/08,0,871000,-149000,722000
2015/05/11,0,621000,-504000,117000
2015/05/12,0,955000,-457000,498000
2015/05/13,0,68000,-504000,-436000
2015/05/14,0,726000,-444000,282000
2015/05/15,0,222000,-324000,-102000
2015/05/18,0,92000,-694000,-602000
2015/05/19,0,528000,-598000,-70000
2015/05/20,0,10000,-1023000,-1013000
2015/05/21,0,418000,-784000,-366000
2015/05/22,0,15000,-724000,-709000
2015/05/25,0,23000,-421000,-398000
2015/05/26,0,279000,-238000,41000
2015/05/27,0,288000,-85000,203000
2015/05/28,0,845000,-154000,691000
2015/05/29,0,1109000,-641000,468000
2015/06/01,0,511000,-617000,-106000
2015/06/02,0,753000,-377000,376000
2015/06/03,0,221000,-365000,-144000
2015/06/04,0,444000,-1744931,-1300931
2015/06/05,0,377000,-952000,-575000
2015/06/08,0,214000,-412000,-198000
2015/06/09,0,114000,-831000,-717000
2015/06/10,0,114000,-50000,64000
2015/06/11,0,272000,-568000,-296000
2015/06/12,0,326000,-591000,-265000
2015/06/15,0,119000,-1160462,-1041462
2015/06/16,0,159000,-1330000,-1171000
2015/06/17,0,895000,-2915000,-2020000
2015/06/18,0,1009240,-346000,663240
2015/06/19,0,0,0,0
2015/06/22,0,335000,-114000,221000
2015/06/23,0,409000,-159000,250000
2015/06/24,0,336000,-274000,62000
2015/06/25,0,544000,-826000,-282000
2015/06/26,0,267000,-127000,140000
2015/06/29,0,119000,-1192000,-1073000
2015/06/30,0,143000,-757927,-614927
2015/07/01,0,556000,-260000,296000
2015/07/02,0,418000,-988000,-570000
2015/07/03,0,808000,-667000,141000
2015/07/06,0,20000,-318000,-298000
2015/07/07,0,144000,-56000,88000
2015/07/08,0,265000,-624000,-359000
2015/07/09,0,446000,-151000,295000
2015/07/10,0,0,0,0
2015/07/13,0,104000,-321000,-217000
2015/07/14,0,139000,-768000,-629000
2015/07/15,0,168000,-607000,-439000
2015/07/16,0,210000,-105635,104365
2015/07/17,0,337000,-395000,-58000
2015/07/20,0,292000,-137000,155000
2015/07/21,0,771000,-178000,593000
2015/07/22,0,761911,-128000,633911
2015/07/23,0,1181000,-155000,1026000
2015/07/24,0,381000,-164000,217000
2015/07/27,0,326000,-367000,-41000
2015/07/28,0,476000,-2247000,-1771000
2015/07/29,0,860000,-417000,443000
2015/07/30,0,272000,-35000,237000
2015/07/31,0,217000,-144000,73000
2015/08/03,0,186000,-415000,-229000
2015/08/04,0,463000,-185992,277008
2015/08/05,0,276000,-92000,184000
2015/08/06,0,264000,-101000,163000
2015/08/07,0,246000,-134000,112000
2015/08/10,0,54000,-41000,13000
2015/08/11,0,130000,-612000,-482000
2015/08/12,0,94000,-485000,-391000
2015/08/13,0,59000,-568000,-509000
2015/08/14,0,300000,-687000,-387000
2015/08/17,0,265000,-232000,33000
2015/08/18,0,1116000,-604000,512000
2015/08/19,0,464000,-992000,-528000
2015/08/20,0,373000,-926000,-553000
2015/08/21,0,409000,-1041000,-632000
2015/08/24,0,572000,-2550000,-1978000
2015/08/25,0,453000,-1530000,-1077000
2015/08/26,0,1004000,-896000,108000
2015/08/27,0,725000,-1051000,-326000
2015/08/28,0,1728000,-281604,1446396
2015/08/31,0,4347000,-1776804,2570196
2015/09/01,0,479000,-723000,-244000
2015/09/02,0,1515000,-938000,577000
2015/09/03,0,711483,-914000,-202517
2015/09/04,0,699000,-404000,295000
2015/09/07,0,32000,-114000,-82000
2015/09/08,0,5000,-713000,-708000
2015/09/09,0,346000,-1111000,-765000
2015/09/10,0,1114000,-680000,434000
2015/09/11,0,798000,-744000,54000
2015/09/14,0,648000,-420000,228000
2015/09/15,0,259000,-374000,-115000
2015/09/16,0,724000,-667000,57000
2015/09/17,0,1150000,-1130000,20000
2015/09/18,0,600000,-529505,70495
2015/09/21,0,918000,-382000,536000
2015/09/22,0,66000,-423000,-357000
2015/09/23,0,607000,-741000,-134000
2015/09/24,0,110000,-631000,-521000
2015/09/25,0,864000,-794000,70000
2015/09/28,0,0,0,0
2015/09/29,0,0,0,0
2015/09/30,0,973839,-455297,518542
2015/10/01,0,783000,-208432,574568
2015/10/02,0,578000,-330000,248000
2015/10/05,0,170000,-315000,-145000
2015/10/06,0,856000,-310811,545189
2015/10/07,0,96000,-525000,-429000
2015/10/08,0,461631,-923000,-461369
2015/10/09,0,0,0,0
2015/10/12,0,303000,-1287787,-984787
2015/10/13,0,443000,-71000,372000
2015/10/14,0,713000,-20000,693000
2015/10/15,0,1645000,-6000,1639000
2015/10/16,0,473000,-198000,275000
2015/10/19,0,733000,-561000,172000
2015/10/20,0,1535000,-795000,740000
2015/10/21,0,1256000,-1056705,199295
2015/10/22,0,1016000,-590000,426000
2015/10/23,0,460001,-565000,-104999
2015/10/26,0,1229000,-51000,1178000
2015/10/27,0,426653,-97000,329653
2015/10/28,0,292000,-172000,120000
2015/10/29,0,266756,-164000,102756
2015/10/30,0,747000,-98000,649000
2015/11/02,0,299000,-505000,-206000
2015/11/03,0,1575000,-491000,1084000
2015/11/04,0,700000,-29000,671000
2015/11/05,0,1535000,-9000,1526000
2015/11/06,0,105000,-143000,-38000
2015/11/09,0,304000,-270000,34000
2015/11/10,0,403000,-538000,-135000
2015/11/11,0,224000,-476000,-252000
2015/11/12,0,589420,-304000,285420
2015/11/13,0,613000,-749706,-136706
2015/11/16,0,677000,-458000,219000
2015/11/17,0,403000,-202000,201000
2015/11/18,0,187000,-873333,-686333
2015/11/19,0,474000,-490830,-16830
2015/11/20,0,79000,-319000,-240000
2015/11/23,0,148000,-435000,-287000
2015/11/24,0,120000,-368000,-248000
2015/11/25,0,276000,-512000,-236000
2015/11/26,0,92000,-132000,-40000
2015/11/27,0,0,-531000,-531000
2015/11/30,0,365000,-1287000,-922000
2015/12/01,0,74000,-224693,-150693
2015/12/02,0,231000,-250000,-19000
2015/12/03,0,44000,-436712,-392712
2015/12/04,0,87168,-356000,-268832
2015/12/07,0,131000,-513000,-382000
2015/12/08,0,321000,-587000,-266000
2015/12/09,0,161000,-570000,-409000
2015/12/10,0,115000,-647123,-532123
2015/12/11,0,133000,-332000,-199000
2015/12/14,0,288000,-255000,33000
2015/12/15,0,181000,-588000,-407000
2015/12/16,0,253000,-154000,99000
2015/12/17,0,630000,-358000,272000
2015/12/18,0,707000,-656000,51000
2015/12/21,0,219000,-421000,-202000
2015/12/22,0,370000,-432000,-62000
2015/12/23,0,516000,-221000,295000
2015/12/24,0,460000,-129000,331000
2015/12/25,0,107000,-105000,2000
2015/12/28,0,391000,-182924,208076
2015/12/29,0,262249,-32000,230249
2015/12/30,0,126049,-124000,2049
2015/12/31,0,42000,-125000,-83000
2016/01/01,0,0,0,0
2016/01/04,0,179000,-222000,-43000
2016/01/05,0,87000,-811779,-724779
2016/01/06,0,28000,-232000,-204000
2016/01/07,0,109000,-880567,-771567
2016/01/08,0,218000,-451310,-233310
2016/01/11,0,344000,-715585,-371585
2016/01/12,0,184000,-151000,33000
2016/01/13,0,141000,-527750,-386750
2016/01/14,0,285000,-323000,-38000
2016/01/15,0,14000,-666000,-652000
2016/01/18,0,156000,-238000,-82000
2016/01/19,0,280000,-664848,-384848
2016/01/20,0,469000,-135000,334000
2016/01/21,0,165000,-396000,-231000
2016/01/22,0,667000,-30000,637000
2016/01/25,0,579000,-9000,570000
2016/01/26,0,141000,-223000,-82000
2016/01/27,0,517000,-535000,-18000
2016/01/28,0,564000,-50000,514000
2016/01/29,0,1677000,-375336,1301664
2016/02/01,0,863000,-339000,524000
2016/02/02,0,539000,-808092,-269092
2016/02/03,0,376000,-466000,-90000
2016/02/04,0,0,0,0
2016/02/05,0,0,0,0
2016/02/08,0,0,0,0
2016/02/09,0,0,0,0
2016/02/10,0,0,0,0
2016/02/11,0,0,0,0
2016/02/12,0,0,0,0
2016/02/15,0,110000,-77000,33000
2016/02/16,0,1054000,-235000,819000
2016/02/17,0,428000,-146000,282000
2016/02/18,0,627000,-575903,51097
2016/02/19,0,48000,-101000,-53000
2016/02/22,0,18000,-350000,-332000
2016/02/23,0,6000,-120000,-114000
2016/02/24,0,24000,-360193,-336193
2016/02/25,0,1499000,-273000,1226000
2016/02/26,0,1217000,-437000,780000
2016/02/29,0,0,0,0
2016/03/01,0,1037000,-664105,372895
2016/03/02,0,571000,-43000,528000
2016/03/03,0,481000,-61000,420000
2016/03/04,0,979000,-191000,788000
2016/03/07,0,537000,-221000,316000
2016/03/08,0,360000,-351000,9000
2016/03/09,0,142000,-134000,8000
2016/03/10,0,298000,-92000,206000
2016/03/11,0,332000,-47000,285000
2016/03/14,0,394000,-59852,334148
2016/03/15,0,469000,-470000,-1000
2016/03/16,0,1032000,-64690,967310
2016/03/17,0,488000,-323000,165000
2016/03/18,0,1329430,-824678,504752
2016/03/21,0,112000,-213000,-101000
2016/03/22,0,448000,-300904,147096
2016/03/23,0,188000,-79000,109000
2016/03/24,0,30000,-59000,-29000
2016/03/25,0,178000,-85000,93000
2016/03/28,0,18000,-149000,-131000
2016/03/29,0,385000,-281000,104000
2016/03/30,0,53000,-281000,-228000
2016/03/31,0,299000,-541000,-242000
2016/04/01,0,99000,-133000,-34000
2016/04/04,0,0,0,0
2016/04/05,0,0,0,0
2016/04/06,0,447000,-628000,-181000
2016/04/07,0,211000,-509004,-298004
2016/04/08,0,379000,-46000,333000
2016/04/11,0,64000,-84000,-20000
2016/04/12,0,188000,-271000,-83000
2016/04/13,0,279000,-136000,143000
2016/04/14,0,869000,-297357,571643
2016/04/15,0,83000,-136000,-53000
2016/04/18,0,59000,-275000,-216000
2016/04/19,0,107000,-239000,-132000
2016/04/20,0,292260,-278000,14260
2016/04/21,0,69000,-154000,-85000
2016/04/22,0,342000,-122000,220000
2016/04/25,0,68000,-249000,-181000
2016/04/26,0,72000,-419000,-347000
2016/04/27,0,46000,-363000,-317000
2016/04/28,0,298696,-303000,-4304
2016/04/29,0,252000,-674000,-422000
2016/05/02,0,0,0,0
2016/05/03,0,162000,-620000,-458000
2016/05/04,0,112000,-716356,-604356
2016/05/05,0,27000,-514000,-487000
2016/05/06,0,167000,-475000,-308000
2016/05/09,0,26000,-148000,-122000
2016/05/10,0,444000,-134000,310000
2016/05/11,0,298000,-238000,60000
2016/05/12,0,8000,-116000,-108000
2016/05/13,0,440000,-653000,-213000
2016/05/16,0,148000,-145000,3000
2016/05/17,0,77000,-482000,-405000
2016/05/18,0,129000,-514000,-385000
2016/05/19,0,199000,-410000,-211000
2016/05/20,0,523000,-277986,245014
2016/05/23,0,426000,-381000,45000
2016/05/24,0,142000,-107000,35000
2016/05/25,0,239000,-42000,197000
2016/05/26,0,694000,-73000,621000
2016/05/27,0,529000,-326000,203000
2016/05/30,0,200000,-94000,106000
2016/05/31,0,364000,-1226000,-862000
2016/06/01,0,413731,-89000,324731
2016/06/02,0,156000,-57000,99000
2016/06/03,0,147000,-17000,130000
2016/06/06,0,157000,-150000,7000
2016/06/07,0,533000,-324545,208455
2016/06/08,0,554000,-482000,72000
2016/06/09,0,0,0,0
2016/06/10,0,0,0,0
2016/06/13,0,256000,-309000,-53000
2016/06/14,0,44000,-249000,-205000
2016/06/15,0,99000,-48000,51000
2016/06/16,0,74000,-85000,-11000
2016/06/17,0,371000,-952628,-581628
2016/06/20,0,94000,-11000,83000
2016/06/21,0,365000,-39000,326000
2016/06/22,0,288000,-93000,195000
2016/06/23,0,223000,-83000,140000
2016/06/24,0,98000,-771000,-673000
2016/06/27,0,16000,-338000,-322000
2016/06/28,0,170000,-203000,-33000
2016/06/29,0,0,-191000,-191000
2016/06/30,0,119000,-381000,-262000
2016/07/01,0,157000,-74000,83000
2016/07/04,0,77000,-65000,12000
2016/07/05,0,150000,-170000,-20000
2016/07/06,0,115000,-275000,-160000
2016/07/07,0,105000,-337000,-232000
2016/07/08,0,0,0,0
2016/07/11,0,340000,-95000,245000
2016/07/12,0,436059,-13000,423059
2016/07/13,0,1088000,-407000,681000
2016/07/14,0,480000,-229000,251000
2016/07/15,0,1142000,-22000,1120000
2016/07/18,0,507000,-242000,265000
2016/07/19,0,919000,-148000,771000
2016/07/20,0,921000,-16000,905000
2016/07/21,0,757000,-440000,317000
2016/07/22,0,933000,-55000,878000
2016/07/25,0,633000,-100000,533000
2016/07/26,0,118000,-43000,75000
2016/07/27,0,358000,-505619,-147619
2016/07/28,0,693000,-84000,609000
2016/07/29,0,460000,-128000,332000
2016/08/01,0,419000,-307000,112000
2016/08/02,0,699000,-63000,636000
2016/08/03,0,104000,-265000,-161000
2016/08/04,0,230000,-265000,-35000
2016/08/05,0,253000,-46000,207000
2016/08/08,0,370000,-44000,326000
2016/08/09,0,967000,-95000,872000
2016/08/10,0,1884365,-39000,1845365
2016/08/11,0,1882041,-462000,1420041
2016/08/12,0,1072000,-136000,936000
2016/08/15,0,1098000,-23000,1075000
2016/08/16,0,245000,-319000,-74000
2016/08/17,0,542724,-115000,427724
2016/08/18,0,524000,-151000,373000
2016/08/19,0,109000,-455699,-346699
2016/08/22,0,292000,-444000,-152000
2016/08/23,0,39000,-63000,-24000
2016/08/24,0,67000,-566000,-499000
2016/08/25,0,889000,-101000,788000
2016/08/26,0,168000,-323000,-155000
2016/08/29,0,84000,-506000,-422000
2016/08/30,0,85000,-210000,-125000
2016/08/31,0,207000,-1699000,-1492000
2016/09/01,0,705000,-468520,236480
2016/09/02,0,34000,-202000,-168000
2016/09/05,0,112000,-56000,56000
2016/09/06,0,988140,-73000,915140
2016/09/07,0,574000,-58000,516000
2016/09/08,0,356000,-488000,-132000
2016/09/09,0,12000,-483000,-471000
2016/09/12,0,3000,-300000,-297000
2016/09/13,0,323000,-762000,-439000
2016/09/14,0,688704,-481000,207704
2016/09/15,0,0,0,0
2016/09/16,0,0,0,0
2016/09/19,0,780000,-204000,576000
2016/09/20,0,773000,-219000,554000
2016/09/21,0,816000,-778000,38000
2016/09/22,0,349000,-200000,149000
2016/09/23,0,310000,-398000,-88000
2016/09/26,0,49000,-299000,-250000
2016/09/27,0,0,0,0
2016/09/28,0,0,0,0
2016/09/29,0,337000,-618000,-281000
2016/09/30,0,298700,-1049000,-750300
2016/10/03,0,143000,-647880,-504880
2016/10/04,0,444960,-156192,288768
2016/10/05,0,160000,-80740,79260
2016/10/06,0,297000,-632900,-335900
2016/10/07,0,50000,-156000,-106000
2016/10/10,0,0,0,0
2016/10/11,0,511778,-427000,84778
2016/10/12,0,305000,-177946,127054
2016/10/13,0,572000,-396000,176000
2016/10/14,0,483000,-413040,69960
2016/10/17,0,276000,-328000,-52000
2016/10/18,0,102000,-64000,38000
2016/10/19,0,644000,-75000,569000
2016/10/20,0,484000,-163000,321000
2016/10/21,0,2272000,-1167000,1105000
2016/10/24,0,362110,-444115,-82005
2016/10/25,0,81000,-340000,-259000
2016/10/26,0,283000,-192000,91000
2016/10/27,0,159000,-62000,97000
2016/10/28,0,60000,-61000,-1000
2016/10/31,0,301000,-136000,165000
2016/11/01,0,233110,-106000,127110
2016/11/02,0,361000,-92000,269000
2016/11/03,0,36000,-87000,-51000
2016/11/04,0,475000,-315000,160000
2016/11/07,0,235000,-38200,196800
2016/11/08,0,370000,-161360,208640
2016/11/09,0,416000,-336000,80000
2016/11/10,0,251000,-200000,51000
2016/11/11,0,624000,-129000,495000
2016/11/14,0,236000,-174080,61920
2016/11/15,0,471000,-473000,-2000
2016/11/16,0,857000,-24000,833000
2016/11/17,0,466000,-183000,283000
2016/11/18,0,845000,-56000,789000
2016/11/21,0,553000,-80000,473000
2016/11/22,0,729000,-121000,608000
2016/11/23,0,711000,-354000,357000
2016/11/24,0,715000,-551515,163485
2016/11/25,0,1110000,-432000,678000
2016/11/28,0,536000,-25000,511000
2016/11/29,0,158000,-373000,-215000
2016/11/30,0,1280000,-1605000,-325000
2016/12/01,0,958000,-43000,915000
2016/12/02,0,432000,-13002,418998
2016/12/05,0,67000,-532143,-465143
2016/12/06,0,444000,-301008,142992
2016/12/07,0,935000,-245000,690000
2016/12/08,0,420000,-32000,388000
2016/12/09,0,653000,-293507,359493
2016/12/12,0,494000,-41000,453000
2016/12/13,0,1034000,-3000,1031000
2016/12/14,0,605000,-183000,422000
2016/12/15,0,229000,-159000,70000
2016/12/16,0,269000,-456940,-187940
2016/12/19,0,642000,-539000,103000
2016/12/20,0,135000,-759000,-624000
2016/12/21,0,389000,-871300,-482300
2016/12/22,0,243000,-760150,-517150
2016/12/23,0,17000,-329000,-312000
2016/12/26,0,12000,-166000,-154000
2016/12/27,0,19000,-127000,-108000
2016/12/28,0,271000,-157000,114000
2016/12/29,0,249000,-164000,85000
2016/12/30,0,581000,-118000,463000
2017/01/02,0,0,0,0
2017/01/03,0,294000,-57000,237000
2017/01/04,0,144000,-129000,15000
2017/01/05,0,505000,-78000,427000
2017/01/06,0,413000,-202000,211000
2017/01/09,0,91000,-2000,89000
2017/01/10,0,235000,-251000,-16000
2017/01/11,0,397000,-39000,358000
2017/01/12,0,537000,-57000,480000
2017/01/13,0,374000,-48000,326000
2017/01/16,0,40000,-432663,-392663
2017/01/17,0,139865,-226000,-86135
2017/01/18,0,1006000,-383616,622384
2017/01/19,0,198000,-184980,13020
2017/01/20,0,370000,-175000,195000
2017/01/23,0,208000,-14173,193827
2017/01/24,0,296000,-130000,166000
2017/01/25,0,0,0,0
2017/01/26,0,0,0,0
2017/01/27,0,0,0,0
2017/01/30,0,0,0,0
2017/01/31,0,0,0,0
2017/02/01,0,0,0,0
2017/02/02,0,566756,-493740,73016
2017/02/03,0,212000,-328000,-116000
2017/02/06,0,515000,-819419,-304419
2017/02/07,0,471381,-364120,107261
2017/02/08,0,497000,-140000,357000
2017/02/09,0,519000,-135000,384000
2017/02/10,0,477000,-117000,360000
2017/02/13,0,499000,-68000,431000
2017/02/14,0,675000,-541000,134000
2017/02/15,0,1091000,-27000,1064000
2017/02/16,0,537000,-73000,464000
2017/02/17,0,901000,-58000,843000
2017/02/20,0,529000,-6000,523000
2017/02/21,0,562000,-2000,560000
2017/02/22,0,955000,-70000,885000
2017/02/23,0,302000,-65000,237000
2017/02/24,0,184000,-33000,151000
2017/02/27,0,0,0,0
2017/02/28,0,0,0,0
2017/03/01,0,928000,-33000,895000
2017/03/02,0,1005000,-60000,945000
2017/03/03,0,68000,-54000,14000
2017/03/06,0,81000,-22000,59000
2017/03/07,0,205000,-39000,166000
2017/03/08,0,53000,-76000,-23000
2017/03/09,0,155000,-386000,-231000
2017/03/10,0,136000,-361000,-225000
2017/03/13,0,193000,-39490,153510
2017/03/14,0,146000,-36000,110000
2017/03/15,0,465000,-204000,261000
2017/03/16,0,355000,-80000,275000
2017/03/17,0,1429000,-73000,1356000
2017/03/20,0,103000,-153000,-50000
2017/03/21,0,832000,-419000,413000
2017/03/22,0,450000,-580000,-130000
2017/03/23,0,871000,-117000,754000
2017/03/24,0,289000,-73000,216000
2017/03/27,0,149000,-55000,94000
2017/03/28,0,1125000,-174000,951000
2017/03/29,0,709000,-383000,326000
2017/03/30,0,148000,-111000,37000
2017/03/31,0,276000,-12000,264000
2017/04/03,0,0,0,0
2017/04/04,0,0,0,0
2017/04/05,0,591497,-389000,202497
2017/04/06,0,197000,-6000,191000
2017/04/07,0,218000,-262000,-44000
2017/04/10,0,188000,-237000,-49000
2017/04/11,0,81000,-483000,-402000
2017/04/12,0,266000,-68000,198000
2017/04/13,0,121000,-160000,-39000
2017/04/14,0,2000,-279000,-277000
2017/04/17,0,353000,-198000,155000
2017/04/18,0,536000,-521000,15000
2017/04/19,0,252000,-1040000,-788000
