Date,Open,Buy,Sell,Total
2007/04/23,0,0,-86000,-86000
2007/04/24,0,0,-22000,-22000
2007/04/25,0,0,-97000,-97000
2007/04/26,0,0,-43000,-43000
2007/04/27,0,0,-67000,-67000
2007/04/30,0,0,-20000,-20000
2007/05/01,0,0,0,0
2007/05/02,0,0,-85000,-85000
2007/05/03,0,0,-130000,-130000
2007/05/04,0,52000,0,52000
2007/05/07,0,0,-13000,-13000
2007/05/08,0,0,-73000,-73000
2007/05/09,0,0,-20000,-20000
2007/05/10,0,0,-13000,-13000
2007/05/11,0,2000,-155000,-153000
2007/05/14,0,0,-50000,-50000
2007/05/15,0,28000,-9000,19000
2007/05/16,0,0,-20000,-20000
2007/05/17,0,0,-26000,-26000
2007/05/18,0,0,-39000,-39000
2007/05/21,0,96000,0,96000
2007/05/22,0,7000,-12000,-5000
2007/05/23,0,2000,-38000,-36000
2007/05/24,0,42000,-35000,7000
2007/05/25,0,18000,-26000,-8000
2007/05/28,0,0,-20000,-20000
2007/05/29,0,110000,-32000,78000
2007/05/30,0,56000,0,56000
2007/05/31,0,597000,0,597000
2007/06/01,0,65000,0,65000
2007/06/04,0,6000,-79000,-73000
2007/06/05,0,0,-110000,-110000
2007/06/06,0,0,-149000,-149000
2007/06/07,0,0,-20000,-20000
2007/06/08,0,27000,-160000,-133000
2007/06/11,0,0,-60000,-60000
2007/06/12,0,81000,-90000,-9000
2007/06/13,0,0,-21000,-21000
2007/06/14,0,24000,-500000,-476000
2007/06/15,0,35000,-25000,10000
2007/06/18,0,0,0,0
2007/06/19,0,0,0,0
2007/06/20,0,955000,-60000,895000
2007/06/21,0,602000,-13000,589000
2007/06/22,0,67000,0,67000
2007/06/25,0,114000,0,114000
2007/06/26,0,10000,-200000,-190000
2007/06/27,0,81000,-3000,78000
2007/06/28,0,192000,-188000,4000
2007/06/29,0,132000,-206000,-74000
2007/07/02,0,8000,-174000,-166000
2007/07/03,0,195000,-74000,121000
2007/07/04,0,281000,-12000,269000
2007/07/05,0,284000,-13000,271000
2007/07/06,0,619000,-146000,473000
2007/07/09,0,833000,-302000,531000
2007/07/10,0,271000,-52000,219000
2007/07/11,0,328000,-1161234,-833234
2007/07/12,0,41000,-844234,-803234
2007/07/13,0,102000,-392000,-290000
2007/07/16,0,446000,-452101,-6101
2007/07/17,0,805000,-189000,616000
2007/07/18,0,391000,-1717000,-1326000
2007/07/19,0,443000,-345237,97763
2007/07/20,0,36000,-312567,-276567
2007/07/23,0,0,-410000,-410000
2007/07/24,0,12000,-564000,-552000
2007/07/25,0,125000,-77000,48000
2007/07/26,0,161000,-551000,-390000
2007/07/27,0,1434000,-1230000,204000
2007/07/30,0,1232000,-291000,941000
2007/07/31,0,340000,-1290000,-950000
2007/08/01,0,918000,-545000,373000
2007/08/02,0,337000,-255512,81488
2007/08/03,0,3000,-933000,-930000
2007/08/06,0,17000,-323000,-306000
2007/08/07,0,0,-255000,-255000
2007/08/08,0,2000,-829000,-827000
2007/08/09,0,10000,-360472,-350472
2007/08/10,0,274000,-392000,-118000
2007/08/13,0,36000,-143000,-107000
2007/08/14,0,300000,-494000,-194000
2007/08/15,0,1462000,-34000,1428000
2007/08/16,0,495000,-264000,231000
2007/08/17,0,167000,-1058000,-891000
2007/08/20,0,37000,-12000,25000
2007/08/21,0,47000,-66000,-19000
2007/08/22,0,945000,-105000,840000
2007/08/23,0,364000,-618000,-254000
2007/08/24,0,0,-215000,-215000
2007/08/27,0,0,-421000,-421000
2007/08/28,0,0,-513000,-513000
2007/08/29,0,26000,-12000,14000
2007/08/30,0,12000,-156000,-144000
2007/08/31,0,0,-1071000,-1071000
2007/09/03,0,4000,-239000,-235000
2007/09/04,0,275000,-20000,255000
2007/09/05,0,289000,-16000,273000
2007/09/06,0,48000,-267000,-219000
2007/09/07,0,95000,-52000,43000
2007/09/10,0,225000,-25000,200000
2007/09/11,0,75000,-18000,57000
2007/09/12,0,38000,-35000,3000
2007/09/13,0,76000,-229000,-153000
2007/09/14,0,70000,-792000,-722000
2007/09/17,0,384000,-51000,333000
2007/09/18,0,0,0,0
2007/09/19,0,277000,-121000,156000
2007/09/20,0,122000,-992000,-870000
2007/09/21,0,166000,-15000,151000
2007/09/24,0,0,0,0
2007/09/25,0,0,0,0
2007/09/26,0,512000,-402000,110000
2007/09/27,0,255000,-96000,159000
2007/09/28,0,434000,-605000,-171000
2007/10/01,0,581000,-336000,245000
2007/10/02,0,127000,-176000,-49000
2007/10/03,0,1769000,-53000,1716000
2007/10/04,0,28000,-620000,-592000
2007/10/05,0,1000,-32000,-31000
2007/10/08,0,325000,-127000,198000
2007/10/09,0,76000,-240000,-164000
2007/10/10,0,0,0,0
2007/10/11,0,241000,-105000,136000
2007/10/12,0,166000,-86000,80000
2007/10/15,0,303000,-17000,286000
2007/10/16,0,877000,-18000,859000
2007/10/17,0,40000,-133000,-93000
2007/10/18,0,43000,-3000,40000
2007/10/19,0,71000,-13000,58000
2007/10/22,0,390000,-383000,7000
2007/10/23,0,141000,-93000,48000
2007/10/24,0,145000,-46000,99000
2007/10/25,0,527000,-514000,13000
2007/10/26,0,1288000,-97000,1191000
2007/10/29,0,1044000,-152000,892000
2007/10/30,0,508000,-62000,446000
2007/10/31,0,705000,-68000,637000
2007/11/01,0,1267000,-459000,808000
2007/11/02,0,1012000,-3627000,-2615000
2007/11/05,0,769000,-618000,151000
2007/11/06,0,222000,-127000,95000
2007/11/07,0,273000,-173000,100000
2007/11/08,0,624000,-764000,-140000
2007/11/09,0,354000,-565000,-211000
2007/11/12,0,388000,0,388000
2007/11/13,0,489000,-15000,474000
2007/11/14,0,160000,-30000,130000
2007/11/15,0,162000,-4000,158000
2007/11/16,0,87000,0,87000
2007/11/19,0,138000,-2000,136000
2007/11/20,0,267000,-919000,-652000
2007/11/21,0,687000,-171000,516000
2007/11/22,0,164000,-230000,-66000
2007/11/23,0,110000,-457000,-347000
2007/11/26,0,84000,-304000,-220000
2007/11/27,0,79000,-468000,-389000
2007/11/28,0,226000,-236000,-10000
2007/11/29,0,121000,-103000,18000
2007/11/30,0,842000,-43000,799000
2007/12/03,0,126000,-135000,-9000
2007/12/04,0,73000,0,73000
2007/12/05,0,31000,-2000,29000
2007/12/06,0,41000,-25000,16000
2007/12/07,0,420000,-17000,403000
2007/12/10,0,77000,-10000,67000
2007/12/11,0,121000,-32000,89000
2007/12/12,0,81000,-10000,71000
2007/12/13,0,46000,-1507000,-1461000
2007/12/14,0,193000,-17000,176000
2007/12/17,0,100000,0,100000
2007/12/18,0,387000,-38000,349000
2007/12/19,0,61000,-129000,-68000
2007/12/20,0,0,-53000,-53000
2007/12/21,0,255000,-45000,210000
2007/12/24,0,129000,0,129000
2007/12/25,0,234000,-30000,204000
2007/12/26,0,65000,-28000,37000
2007/12/27,0,1007000,-260000,747000
2007/12/28,0,38000,-192000,-154000
2007/12/31,0,71000,-1000,70000
2008/01/01,0,0,0,0
2008/01/02,0,0,-14000,-14000
2008/01/03,0,202000,-1000,201000
2008/01/04,0,324000,-7000,317000
2008/01/07,0,279000,-354000,-75000
2008/01/08,0,87000,-178000,-91000
2008/01/09,0,51000,-11000,40000
2008/01/10,0,147000,-26000,121000
2008/01/11,0,620000,-144000,476000
2008/01/14,0,614000,-1761000,-1147000
2008/01/15,0,187000,-49000,138000
2008/01/16,0,935000,-138000,797000
2008/01/17,0,592000,-1284000,-692000
2008/01/18,0,1572000,-549000,1023000
2008/01/21,0,36000,-597000,-561000
2008/01/22,0,356000,-1108000,-752000
2008/01/23,0,166000,-241000,-75000
2008/01/24,0,373000,-515000,-142000
2008/01/25,0,178000,-226000,-48000
2008/01/28,0,362000,-253000,109000
2008/01/29,0,90000,-151000,-61000
2008/01/30,0,107000,-228000,-121000
2008/01/31,0,181000,-53000,128000
2008/02/01,0,173000,-9000,164000
2008/02/04,0,0,0,0
2008/02/05,0,0,0,0
2008/02/06,0,0,0,0
2008/02/07,0,0,0,0
2008/02/08,0,0,0,0
2008/02/11,0,0,0,0
2008/02/12,0,85000,-20000,65000
2008/02/13,0,213000,-40000,173000
2008/02/14,0,535000,-271000,264000
2008/02/15,0,330000,-31000,299000
2008/02/18,0,351000,-109000,242000
2008/02/19,0,483000,-92000,391000
2008/02/20,0,357000,-517000,-160000
2008/02/21,0,378000,-218000,160000
2008/02/22,0,227000,-177000,50000
2008/02/25,0,369000,-65147,303853
2008/02/26,0,7000,-938000,-931000
2008/02/27,0,172000,-788880,-616880
2008/02/28,0,0,0,0
2008/02/29,0,64000,-175000,-111000
2008/03/03,0,411000,-1196891,-785891
2008/03/04,0,46000,-821000,-775000
2008/03/05,0,111000,-825000,-714000
2008/03/06,0,196000,-1404072,-1208072
2008/03/07,0,255000,-21000,234000
2008/03/10,0,220000,-553147,-333147
2008/03/11,0,324000,-38000,286000
2008/03/12,0,338000,-139274,198726
2008/03/13,0,227000,-98792,128208
2008/03/14,0,171000,-164942,6058
2008/03/17,0,809000,-16000,793000
2008/03/18,0,396000,-42000,354000
2008/03/19,0,182000,-28000,154000
2008/03/20,0,1056000,-375000,681000
2008/03/21,0,2218000,-440000,1778000
2008/03/24,0,3200000,-318000,2882000
2008/03/25,0,1641000,-1214000,427000
2008/03/26,0,123000,-750000,-627000
2008/03/27,0,114000,-653000,-539000
2008/03/28,0,396000,-129956,266044
2008/03/31,0,303000,-422737,-119737
2008/04/01,0,243000,-447000,-204000
2008/04/02,0,554000,-121000,433000
2008/04/03,0,130000,-20000,110000
2008/04/04,0,0,0,0
2008/04/07,0,962000,-2000,960000
2008/04/08,0,276000,-331000,-55000
2008/04/09,0,1911000,-148005,1762995
2008/04/10,0,20000,-165000,-145000
2008/04/11,0,680000,-3121000,-2441000
2008/04/14,0,71000,-2679234,-2608234
2008/04/15,0,410000,-186000,224000
2008/04/16,0,38000,-197000,-159000
2008/04/17,0,641000,-1172000,-531000
2008/04/18,0,762000,-11000,751000
2008/04/21,0,997000,-17000,980000
2008/04/22,0,1030000,-292000,738000
2008/04/23,0,363000,-21000,342000
2008/04/24,0,747000,-110000,637000
2008/04/25,0,1488000,-100000,1388000
2008/04/28,0,707000,-2000,705000
2008/04/29,0,328000,-479000,-151000
2008/04/30,0,2051000,-73000,1978000
2008/05/01,0,0,0,0
2008/05/02,0,287000,-135000,152000
2008/05/05,0,173000,-223000,-50000
2008/05/06,0,397000,-544000,-147000
2008/05/07,0,80000,-524000,-444000
2008/05/08,0,382000,-301000,81000
2008/05/09,0,235000,-151000,84000
2008/05/12,0,552000,-56000,496000
2008/05/13,0,1024056,-1239000,-214944
2008/05/14,0,255000,-1024000,-769000
2008/05/15,0,859000,-1715000,-856000
2008/05/16,0,32000,-128000,-96000
2008/05/19,0,914000,-188000,726000
2008/05/20,0,673000,-635000,38000
2008/05/21,0,0,-73000,-73000
2008/05/22,0,1158000,-77000,1081000
2008/05/23,0,282000,-33000,249000
2008/05/26,0,348000,-1500000,-1152000
2008/05/27,0,1323000,-450000,873000
2008/05/28,0,69000,-363000,-294000
2008/05/29,0,287000,-1062000,-775000
2008/05/30,0,168000,-96000,72000
2008/06/02,0,25000,-145000,-120000
2008/06/03,0,450000,-130000,320000
2008/06/04,0,864370,-3000,861370
2008/06/05,0,973000,-31000,942000
2008/06/06,0,639000,-405000,234000
2008/06/09,0,379000,-162000,217000
2008/06/10,0,125000,-420000,-295000
2008/06/11,0,509000,-462000,47000
2008/06/12,0,109000,-721000,-612000
2008/06/13,0,592000,-233000,359000
2008/06/16,0,143000,-301000,-158000
2008/06/17,0,81000,-10000,71000
2008/06/18,0,1026000,-33000,993000
2008/06/19,0,253000,-705000,-452000
2008/06/20,0,255000,-51000,204000
2008/06/23,0,233000,-2351000,-2118000
2008/06/24,0,209000,-211000,-2000
2008/06/25,0,824000,-1307000,-483000
2008/06/26,0,300000,-253000,47000
2008/06/27,0,254000,-2075000,-1821000
2008/06/30,0,422000,-748000,-326000
2008/07/01,0,501000,-63000,438000
2008/07/02,0,641000,-1279000,-638000
2008/07/03,0,634000,-1541000,-907000
2008/07/04,0,226000,-216000,10000
2008/07/07,0,22000,-127000,-105000
2008/07/08,0,352000,-76000,276000
2008/07/09,0,802000,-67000,735000
2008/07/10,0,271000,-225000,46000
2008/07/11,0,391000,-15000,376000
2008/07/14,0,252000,-97000,155000
2008/07/15,0,157000,-515113,-358113
2008/07/16,0,163000,-253000,-90000
2008/07/17,0,386000,-119000,267000
2008/07/18,0,487000,-276000,211000
2008/07/21,0,1148000,-91000,1057000
2008/07/22,0,701000,-367000,334000
2008/07/23,0,749000,-862000,-113000
2008/07/24,0,1470000,-247000,1223000
2008/07/25,0,235000,-250000,-15000
2008/07/28,0,0,0,0
2008/07/29,0,1005000,-93000,912000
2008/07/30,0,270000,-61000,209000
2008/07/31,0,425000,-295000,130000
2008/08/01,0,152000,-605000,-453000
2008/08/04,0,278000,-26000,252000
2008/08/05,0,428000,-238000,190000
2008/08/06,0,732000,0,732000
2008/08/07,0,601000,-340000,261000
2008/08/08,0,799000,-8000,791000
2008/08/11,0,1132000,-486157,645843
2008/08/12,0,97000,-916000,-819000
2008/08/13,0,204000,-737000,-533000
2008/08/14,0,352000,-688000,-336000
2008/08/15,0,302000,-305000,-3000
2008/08/18,0,52000,-1348000,-1296000
2008/08/19,0,132000,-854400,-722400
2008/08/20,0,30000,-123000,-93000
2008/08/21,0,12000,-287000,-275000
2008/08/22,0,88000,-264000,-176000
2008/08/25,0,36000,-98000,-62000
2008/08/26,0,3000,-66000,-63000
2008/08/27,0,80000,-2000,78000
2008/08/28,0,196000,-79000,117000
2008/08/29,0,385000,-128000,257000
2008/09/01,0,276071,-328000,-51929
2008/09/02,0,189000,-24000,165000
2008/09/03,0,289000,-198000,91000
2008/09/04,0,336000,-134000,202000
2008/09/05,0,193000,-270000,-77000
2008/09/08,0,142000,-4000,138000
2008/09/09,0,903000,-51000,852000
2008/09/10,0,235000,-222104,12896
2008/09/11,0,294000,-318000,-24000
2008/09/12,0,525000,-122000,403000
2008/09/15,0,68000,-463000,-395000
2008/09/16,0,221000,-84000,137000
2008/09/17,0,424000,-96040,327960
2008/09/18,0,791000,-131220,659780
2008/09/19,0,395000,-331480,63520
2008/09/22,0,102000,-132000,-30000
2008/09/23,0,500000,-111000,389000
2008/09/24,0,392000,-208000,184000
2008/09/25,0,197000,-48000,149000
2008/09/26,0,220000,-981000,-761000
2008/09/29,0,0,0,0
2008/09/30,0,202000,-135000,67000
2008/10/01,0,244000,-1742000,-1498000
2008/10/02,0,266000,-245000,21000
2008/10/03,0,702000,-55000,647000
2008/10/06,0,932000,-539521,392479
2008/10/07,0,879000,-429000,450000
2008/10/08,0,981000,-396000,585000
2008/10/09,0,504000,-559000,-55000
2008/10/10,0,0,0,0
2008/10/13,0,356000,0,356000
2008/10/14,0,77000,-3000,74000
2008/10/15,0,203000,-1652000,-1449000
2008/10/16,0,0,-8000,-8000
2008/10/17,0,65000,-114000,-49000
2008/10/20,0,78000,-220250,-142250
2008/10/21,0,301000,-202000,99000
2008/10/22,0,21000,-20000,1000
2008/10/23,0,0,-433,-433
2008/10/24,0,0,-11000,-11000
2008/10/27,0,164000,-19290,144710
2008/10/28,0,330000,-121000,209000
2008/10/29,0,541000,-2000,539000
2008/10/30,0,410000,-204000,206000
2008/10/31,0,446000,-165000,281000
2008/11/03,0,582000,-71088,510912
2008/11/04,0,733000,-304982,428018
2008/11/05,0,1191000,-689000,502000
2008/11/06,0,120000,-102000,18000
2008/11/07,0,614000,-426924,187076
2008/11/10,0,96000,-131000,-35000
2008/11/11,0,141000,-225000,-84000
2008/11/12,0,122000,-121275,725
2008/11/13,0,262000,-10944,251056
2008/11/14,0,149000,-60749,88251
2008/11/17,0,24000,-270236,-246236
2008/11/18,0,207000,-173000,34000
2008/11/19,0,226000,-5000,221000
2008/11/20,0,445000,-1421000,-976000
2008/11/21,0,503000,-692000,-189000
2008/11/24,0,285000,-1979,283021
2008/11/25,0,432000,-20000,412000
2008/11/26,0,344000,-23000,321000
2008/11/27,0,350000,-365000,-15000
2008/11/28,0,503000,-25000,478000
2008/12/01,0,266000,-34000,232000
2008/12/02,0,32000,-314000,-282000
2008/12/03,0,505000,-54000,451000
2008/12/04,0,317440,-405000,-87560
2008/12/05,0,72000,-30000,42000
2008/12/08,0,356000,-33244,322756
2008/12/09,0,211000,-50000,161000
2008/12/10,0,1080000,-65186,1014814
2008/12/11,0,667000,-290000,377000
2008/12/12,0,131000,-1034000,-903000
2008/12/15,0,562000,-315224,246776
2008/12/16,0,584000,-170000,414000
2008/12/17,0,78000,-763000,-685000
2008/12/18,0,92000,-241000,-149000
2008/12/19,0,260000,-287000,-27000
2008/12/22,0,90000,-418218,-328218
2008/12/23,0,190000,-736000,-546000
2008/12/24,0,180000,-238000,-58000
2008/12/25,0,54000,-103000,-49000
2008/12/26,0,62000,-72000,-10000
2008/12/29,0,203000,-8679,194321
2008/12/30,0,161000,0,161000
2008/12/31,0,134000,-691441,-557441
2009/01/01,0,0,0,0
2009/01/02,0,0,0,0
2009/01/05,0,244000,-121000,123000
2009/01/06,0,118000,-44000,74000
2009/01/07,0,159000,-102000,57000
2009/01/08,0,237000,-123000,114000
2009/01/09,0,206000,-176000,30000
2009/01/12,0,464000,-94000,370000
2009/01/13,0,50000,-120000,-70000
2009/01/14,0,93000,-272562,-179562
2009/01/15,0,117000,-199000,-82000
2009/01/16,0,144000,-12000,132000
2009/01/19,0,49000,-45353,3647
2009/01/20,0,480000,-302,479698
2009/01/21,0,431000,-9000,422000
2009/01/22,0,0,0,0
2009/01/23,0,0,0,0
2009/01/26,0,0,0,0
2009/01/27,0,0,0,0
2009/01/28,0,0,0,0
2009/01/29,0,0,0,0
2009/01/30,0,0,0,0
2009/02/02,0,330000,-66654,263346
2009/02/03,0,31000,-533000,-502000
2009/02/04,0,154000,-40000,114000
2009/02/05,0,139000,-34000,105000
2009/02/06,0,28000,-148000,-120000
2009/02/09,0,62000,-293000,-231000
2009/02/10,0,51000,-255000,-204000
2009/02/11,0,160168,-305706,-145538
2009/02/12,0,94000,-395000,-301000
2009/02/13,0,558000,-102000,456000
2009/02/16,0,59000,-138000,-79000
2009/02/17,0,112000,-266000,-154000
2009/02/18,0,65000,-186000,-121000
2009/02/19,0,91000,-167000,-76000
2009/02/20,0,165000,-355000,-190000
2009/02/23,0,173000,-113000,60000
2009/02/24,0,252000,-80000,172000
2009/02/25,0,257000,-269000,-12000
2009/02/26,0,634000,-53000,581000
2009/02/27,0,1794000,-39000,1755000
2009/03/02,0,568000,-345000,223000
2009/03/03,0,443000,-441000,2000
2009/03/04,0,566000,-262000,304000
2009/03/05,0,342000,-588000,-246000
2009/03/06,0,208000,-218000,-10000
2009/03/09,0,474000,-349000,125000
2009/03/10,0,144000,-93000,51000
2009/03/11,0,514000,-818000,-304000
2009/03/12,0,382000,-70000,312000
2009/03/13,0,701000,-826866,-125866
2009/03/16,0,209000,-780000,-571000
2009/03/17,0,1221000,-919000,302000
2009/03/18,0,567000,-721000,-154000
2009/03/19,0,724000,-651000,73000
2009/03/20,0,2241000,-679804,1561196
2009/03/23,0,697000,-122000,575000
2009/03/24,0,1939000,-204000,1735000
2009/03/25,0,443000,-385000,58000
2009/03/26,0,201000,-1492000,-1291000
2009/03/27,0,405000,-1291000,-886000
2009/03/30,0,2171000,-994000,1177000
2009/03/31,0,1870000,-1135000,735000
2009/04/01,0,540000,-1237000,-697000
2009/04/02,0,1179000,-230865,948135
2009/04/03,0,991000,-1651000,-660000
2009/04/06,0,436000,-1476000,-1040000
2009/04/07,0,339000,-234000,105000
2009/04/08,0,300000,-1142000,-842000
2009/04/09,0,1367000,-64000,1303000
2009/04/10,0,1114500,-1567000,-452500
2009/04/13,0,144103,-1179000,-1034897
2009/04/14,0,48000,-734000,-686000
2009/04/15,0,416000,-1279000,-863000
2009/04/16,0,833000,-1156000,-323000
2009/04/17,0,1401000,-4486860,-3085860
2009/04/20,0,1167000,-369000,798000
2009/04/21,0,1148000,-337000,811000
2009/04/22,0,166000,-820000,-654000
2009/04/23,0,697000,-422000,275000
2009/04/24,0,948000,-964000,-16000
2009/04/27,0,1369000,-686316,682684
2009/04/28,0,1119000,-740000,379000
2009/04/29,0,941000,-127532,813468
2009/04/30,0,404000,-2280000,-1876000
2009/05/01,0,0,0,0
2009/05/04,0,542000,-905000,-363000
2009/05/05,0,1378000,-795000,583000
2009/05/06,0,1614000,-843854,770146
2009/05/07,0,977000,-1731000,-754000
2009/05/08,0,1491000,-355000,1136000
2009/05/11,0,298000,-2249000,-1951000
2009/05/12,0,945005,-419476,525529
2009/05/13,0,197000,-625000,-428000
2009/05/14,0,480000,-1106840,-626840
2009/05/15,0,365000,-748000,-383000
2009/05/18,0,218000,-660000,-442000
2009/05/19,0,684000,-592000,92000
2009/05/20,0,1194000,-1281000,-87000
2009/05/21,0,210000,-932000,-722000
2009/05/22,0,404000,-301856,102144
2009/05/25,0,710000,-829000,-119000
2009/05/26,0,517000,-839840,-322840
2009/05/27,0,771000,-486000,285000
2009/05/28,0,0,0,0
2009/05/29,0,0,0,0
2009/06/01,0,515000,-719146,-204146
2009/06/02,0,662000,-1644000,-982000
2009/06/03,0,1160000,-289112,870888
2009/06/04,0,439000,-993000,-554000
2009/06/05,0,731000,-244000,487000
2009/06/08,0,799000,-871560,-72560
2009/06/09,0,2743000,-680000,2063000
2009/06/10,0,1113000,-566542,546458
2009/06/11,0,309000,-1352000,-1043000
2009/06/12,0,535000,-1056520,-521520
2009/06/15,0,706000,-340000,366000
2009/06/16,0,384000,-271272,112728
2009/06/17,0,395000,-758000,-363000
2009/06/18,0,1389000,-356000,1033000
2009/06/19,0,305000,-387070,-82070
2009/06/22,0,343000,-325000,18000
2009/06/23,0,213000,-406000,-193000
2009/06/24,0,1164000,-1238000,-74000
2009/06/25,0,542000,-481000,61000
2009/06/26,0,60000,-175484,-115484
2009/06/29,0,369000,-219000,150000
2009/06/30,0,440000,-256000,184000
2009/07/01,0,581000,-301000,280000
2009/07/02,0,389000,-558000,-169000
2009/07/03,0,1128000,-338000,790000
2009/07/06,0,1353000,-405028,947972
2009/07/07,0,925000,-214000,711000
2009/07/08,0,255000,-163000,92000
2009/07/09,0,871000,-281000,590000
2009/07/10,0,197000,-350000,-153000
2009/07/13,0,2819000,-1065000,1754000
2009/07/14,0,113000,-201000,-88000
2009/07/15,0,694000,-215000,479000
2009/07/16,0,1879000,-653000,1226000
2009/07/17,0,1046000,-511000,535000
2009/07/20,0,597000,-618000,-21000
2009/07/21,0,349000,-892000,-543000
2009/07/22,0,898000,-1003000,-105000
2009/07/23,0,324496,-621000,-296504
2009/07/24,0,407000,-855000,-448000
2009/07/27,0,262000,-200000,62000
2009/07/28,0,124019,-1020854,-896835
2009/07/29,0,1449000,-710000,739000
2009/07/30,0,1539000,-443000,1096000
2009/07/31,0,208000,-501000,-293000
2009/08/03,0,512000,-580227,-68227
2009/08/04,0,789000,-1140000,-351000
2009/08/05,0,1279000,-462464,816536
2009/08/06,0,192000,-127000,65000
2009/08/07,0,0,0,0
2009/08/10,0,407000,-282000,125000
2009/08/11,0,982000,-83000,899000
2009/08/12,0,63000,-1552000,-1489000
2009/08/13,0,212000,-1077000,-865000
2009/08/14,0,58000,-998000,-940000
2009/08/17,0,240000,-296000,-56000
2009/08/18,0,1116000,-254000,862000
2009/08/19,0,712000,-145000,567000
2009/08/20,0,1325000,-677000,648000
2009/08/21,0,195000,-531000,-336000
2009/08/24,0,168350,-1063000,-894650
2009/08/25,0,308000,-25000,283000
2009/08/26,0,563000,-1078000,-515000
2009/08/27,0,536000,-1346000,-810000
2009/08/28,0,168000,-1305000,-1137000
2009/08/31,0,1011000,-448000,563000
2009/09/01,0,336000,-1315000,-979000
2009/09/02,0,192000,-1919000,-1727000
2009/09/03,0,134000,-2792000,-2658000
2009/09/04,0,578000,-236000,342000
2009/09/07,0,125000,-375000,-250000
2009/09/08,0,514000,-304000,210000
2009/09/09,0,248000,-95000,153000
2009/09/10,0,2121650,-1377000,744650
2009/09/11,0,213000,-85000,128000
2009/09/14,0,492000,-752000,-260000
2009/09/15,0,170000,-529310,-359310
2009/09/16,0,218000,-750841,-532841
2009/09/17,0,734000,-568150,165850
2009/09/18,0,78000,-594000,-516000
2009/09/21,0,211000,-1008000,-797000
2009/09/22,0,198000,-477000,-279000
2009/09/23,0,285000,-956897,-671897
2009/09/24,0,153000,-123000,30000
2009/09/25,0,42000,-113000,-71000
2009/09/28,0,357000,-188714,168286
2009/09/29,0,277000,-192000,85000
2009/09/30,0,279000,-128000,151000
2009/10/01,0,699000,-627000,72000
2009/10/02,0,217000,-391000,-174000
2009/10/05,0,411000,-354000,57000
2009/10/06,0,331000,-510220,-179220
2009/10/07,0,167000,-559000,-392000
2009/10/08,0,256000,-333000,-77000
2009/10/09,0,304000,-336000,-32000
2009/10/12,0,189000,-480000,-291000
2009/10/13,0,479000,-416770,62230
2009/10/14,0,132000,-277000,-145000
2009/10/15,0,150000,-774000,-624000
2009/10/16,0,188000,-396000,-208000
2009/10/19,0,244000,-62000,182000
2009/10/20,0,21000,-285000,-264000
2009/10/21,0,79000,-142012,-63012
2009/10/22,0,487000,-150000,337000
2009/10/23,0,178000,-76000,102000
2009/10/26,0,397000,-37000,360000
2009/10/27,0,82000,-270000,-188000
2009/10/28,0,518000,-219000,299000
2009/10/29,0,1703000,-614000,1089000
2009/10/30,0,193000,-217000,-24000
2009/11/02,0,1006000,-347000,659000
2009/11/03,0,16000,-333000,-317000
2009/11/04,0,1013000,-1114000,-101000
2009/11/05,0,171000,-210000,-39000
2009/11/06,0,348000,-346000,2000
2009/11/09,0,295000,-514000,-219000
2009/11/10,0,221000,-215000,6000
2009/11/11,0,586000,-97000,489000
2009/11/12,0,157000,-113833,43167
2009/11/13,0,442000,-351000,91000
2009/11/16,0,60000,-535000,-475000
2009/11/17,0,657000,-367360,289640
2009/11/18,0,436000,-304000,132000
2009/11/19,0,119000,-188000,-69000
2009/11/20,0,607000,-325000,282000
2009/11/23,0,41000,-163164,-122164
2009/11/24,0,141000,-216000,-75000
2009/11/25,0,404000,-368000,36000
2009/11/26,0,393000,-44000,349000
2009/11/27,0,1146000,-1012000,134000
2009/11/30,0,199000,-37414,161586
2009/12/01,0,380000,-517000,-137000
2009/12/02,0,23000,-61155,-38155
2009/12/03,0,100000,-53000,47000
2009/12/04,0,598000,-80000,518000
2009/12/07,0,155000,-958000,-803000
2009/12/08,0,107000,-184000,-77000
2009/12/09,0,23000,-142000,-119000
2009/12/10,0,450000,-886000,-436000
2009/12/11,0,61000,-131270,-70270
2009/12/14,0,271000,-674000,-403000
2009/12/15,0,48000,-207410,-159410
2009/12/16,0,230000,-772000,-542000
2009/12/17,0,19000,-437000,-418000
2009/12/18,0,51000,-137000,-86000
2009/12/21,0,92000,-198000,-106000
2009/12/22,0,41000,-144760,-103760
2009/12/23,0,21000,-262000,-241000
2009/12/24,0,51000,-48000,3000
2009/12/25,0,873000,-44000,829000
2009/12/28,0,36000,-355000,-319000
2009/12/29,0,241000,-200000,41000
2009/12/30,0,5000,-528000,-523000
2009/12/31,0,277000,-207000,70000
2010/01/01,0,0,0,0
2010/01/04,0,34000,-1019000,-985000
2010/01/05,0,0,-634000,-634000
2010/01/06,0,130000,-245000,-115000
2010/01/07,0,31000,-61160,-30160
2010/01/08,0,281000,-52000,229000
2010/01/11,0,23000,-119000,-96000
2010/01/12,0,234000,-29000,205000
2010/01/13,0,268000,-130000,138000
2010/01/14,0,281000,-17000,264000
2010/01/15,0,100000,-177000,-77000
2010/01/18,0,63000,-355000,-292000
2010/01/19,0,35000,-330000,-295000
2010/01/20,0,25190,-761000,-735810
2010/01/21,0,528000,-47000,481000
2010/01/22,0,32000,-367000,-335000
2010/01/25,0,53000,-294000,-241000
2010/01/26,0,568000,-573000,-5000
2010/01/27,0,121000,-315000,-194000
2010/01/28,0,190000,-84000,106000
2010/01/29,0,264000,-147000,117000
2010/02/01,0,497000,-238000,259000
2010/02/02,0,38000,-542000,-504000
2010/02/03,0,358000,-28000,330000
2010/02/04,0,124000,-125000,-1000
2010/02/05,0,236000,-67000,169000
2010/02/08,0,527000,-7002,519998
2010/02/09,0,620000,-107000,513000
2010/02/10,0,97000,-132516,-35516
2010/02/11,0,0,0,0
2010/02/12,0,0,0,0
2010/02/15,0,0,0,0
2010/02/16,0,0,0,0
2010/02/17,0,0,0,0
2010/02/18,0,0,0,0
2010/02/19,0,0,0,0
2010/02/22,0,169000,-46000,123000
2010/02/23,0,412000,-86000,326000
2010/02/24,0,499000,-349000,150000
2010/02/25,0,173000,-503000,-330000
2010/02/26,0,429000,-152000,277000
2010/03/01,0,686000,-266000,420000
2010/03/02,0,279000,-336496,-57496
2010/03/03,0,535000,-110000,425000
2010/03/04,0,130000,-842000,-712000
2010/03/05,0,172000,-215000,-43000
2010/03/08,0,105000,-127000,-22000
2010/03/09,0,93000,-38000,55000
2010/03/10,0,70000,-123000,-53000
2010/03/11,0,40000,-139000,-99000
2010/03/12,0,98000,-156000,-58000
2010/03/15,0,1000,-780000,-779000
2010/03/16,0,77000,-253000,-176000
2010/03/17,0,1031000,-103000,928000
2010/03/18,0,628000,-6000,622000
2010/03/19,0,165000,-80000,85000
2010/03/22,0,184000,-229000,-45000
2010/03/23,0,174000,-45000,129000
2010/03/24,0,257000,-246386,10614
2010/03/25,0,950000,-306000,644000
2010/03/26,0,365000,-89000,276000
2010/03/29,0,468000,0,468000
2010/03/30,0,126000,-11387,114613
2010/03/31,0,16000,-27000,-11000
2010/04/01,0,443000,-5000,438000
2010/04/02,0,8000,-5000,3000
2010/04/05,0,0,0,0
2010/04/06,0,380000,-113560,266440
2010/04/07,0,0,-16008,-16008
2010/04/08,0,667000,-91000,576000
2010/04/09,0,229000,-22000,207000
2010/04/12,0,169000,-84000,85000
2010/04/13,0,22000,-331000,-309000
2010/04/14,0,78000,-117000,-39000
2010/04/15,0,71000,-104000,-33000
2010/04/16,0,75000,-286000,-211000
2010/04/19,0,114000,-1030000,-916000
2010/04/20,0,60000,-921000,-861000
2010/04/21,0,56000,-140000,-84000
2010/04/22,0,43000,-301000,-258000
2010/04/23,0,111000,-338000,-227000
2010/04/26,0,642000,-65000,577000
2010/04/27,0,92000,-52000,40000
2010/04/28,0,1000,-293244,-292244
2010/04/29,0,18000,-111000,-93000
2010/04/30,0,89458,-79000,10458
2010/05/03,0,5000,-103000,-98000
2010/05/04,0,149000,-52000,97000
2010/05/05,0,35000,-274000,-239000
2010/05/06,0,57000,-554000,-497000
2010/05/07,0,244000,-79508,164492
2010/05/10,0,2000,-226000,-224000
2010/05/11,0,3000,-1046000,-1043000
2010/05/12,0,233000,-130000,103000
2010/05/13,0,277000,-45000,232000
2010/05/14,0,629000,-76000,553000
2010/05/17,0,46000,-609236,-563236
2010/05/18,0,409000,-2000,407000
2010/05/19,0,615000,-173000,442000
2010/05/20,0,19000,-341000,-322000
2010/05/21,0,194000,-442000,-248000
2010/05/24,0,62000,-52000,10000
2010/05/25,0,331000,-271000,60000
2010/05/26,0,493000,-101000,392000
2010/05/27,0,128000,-152946,-24946
2010/05/28,0,9000,-179000,-170000
2010/05/31,0,70000,-88000,-18000
2010/06/01,0,21000,-290000,-269000
2010/06/02,0,148000,-70000,78000
2010/06/03,0,145000,0,145000
2010/06/04,0,19000,0,19000
2010/06/07,0,71000,-173000,-102000
2010/06/08,0,208000,-168000,40000
2010/06/09,0,19000,-478000,-459000
2010/06/10,0,74000,-19000,55000
2010/06/11,0,92000,-42000,50000
2010/06/14,0,204000,-100000,104000
2010/06/15,0,851000,-5000,846000
2010/06/16,0,0,0,0
2010/06/17,0,1099000,-113851,985149
2010/06/18,0,70000,-81000,-11000
2010/06/21,0,61000,-26000,35000
2010/06/22,0,11000,-138000,-127000
2010/06/23,0,20000,-39000,-19000
2010/06/24,0,104000,-19000,85000
2010/06/25,0,697000,-70000,627000
2010/06/28,0,287000,-70000,217000
2010/06/29,0,169000,-292621,-123621
2010/06/30,0,70000,-40000,30000
2010/07/01,0,480000,-90000,390000
2010/07/02,0,590000,-140000,450000
2010/07/05,0,319000,-90258,228742
2010/07/06,0,297000,-192000,105000
2010/07/07,0,18000,-46000,-28000
2010/07/08,0,36000,-52000,-16000
2010/07/09,0,18000,-61000,-43000
2010/07/12,0,113000,-77000,36000
2010/07/13,0,0,-65000,-65000
2010/07/14,0,2000,0,2000
2010/07/15,0,105000,-3000,102000
2010/07/16,0,789000,-290000,499000
2010/07/19,0,126000,-211000,-85000
2010/07/20,0,14000,-140000,-126000
2010/07/21,0,21000,-181000,-160000
2010/07/22,0,178000,-24000,154000
2010/07/23,0,99000,-69000,30000
2010/07/26,0,2000,-22000,-20000
2010/07/27,0,2000,-42000,-40000
2010/07/28,0,150000,-26000,124000
2010/07/29,0,40000,-10000,30000
2010/07/30,0,10000,-71000,-61000
2010/08/02,0,403000,0,403000
2010/08/03,0,18000,-83000,-65000
2010/08/04,0,18000,-93000,-75000
2010/08/05,0,40000,-509000,-469000
2010/08/06,0,34000,-33000,1000
2010/08/09,0,582000,-99000,483000
2010/08/10,0,118000,-153000,-35000
2010/08/11,0,2067000,-107000,1960000
2010/08/12,0,139000,-1622000,-1483000
2010/08/13,0,50000,-637000,-587000
2010/08/16,0,213000,-497000,-284000
2010/08/17,0,16000,-181000,-165000
2010/08/18,0,139000,-647000,-508000
2010/08/19,0,141000,-32000,109000
2010/08/20,0,141000,-174000,-33000
2010/08/23,0,823000,-61000,762000
2010/08/24,0,151000,-594000,-443000
2010/08/25,0,252000,-602634,-350634
2010/08/26,0,73000,-293000,-220000
2010/08/27,0,84000,-180000,-96000
2010/08/30,0,296000,-137000,159000
2010/08/31,0,50000,-26000,24000
2010/09/01,0,168000,-279620,-111620
2010/09/02,0,96000,-234000,-138000
2010/09/03,0,40000,-930000,-890000
2010/09/06,0,390000,0,390000
2010/09/07,0,2000,-38000,-36000
2010/09/08,0,82000,-175000,-93000
2010/09/09,0,93000,-293,92707
2010/09/10,0,254000,-62000,192000
2010/09/13,0,441000,-57000,384000
2010/09/14,0,162000,-162000,0
2010/09/15,0,120000,-1191001,-1071001
2010/09/16,0,785000,-106000,679000
2010/09/17,0,243410,-110000,133410
2010/09/20,0,31000,-71500,-40500
2010/09/21,0,54000,-66410,-12410
2010/09/22,0,0,0,0
2010/09/23,0,145000,-15841,129159
2010/09/24,0,159000,-112000,47000
2010/09/27,0,80000,-373000,-293000
2010/09/28,0,52000,-141000,-89000
2010/09/29,0,414000,-371016,42984
2010/09/30,0,39000,-132000,-93000
2010/10/01,0,231000,-46000,185000
2010/10/04,0,200000,-668000,-468000
2010/10/05,0,398000,-1000,397000
2010/10/06,0,38000,-57207,-19207
2010/10/07,0,155000,-220000,-65000
2010/10/08,0,489000,-110000,379000
2010/10/11,0,133000,-92000,41000
2010/10/12,0,67000,-272000,-205000
2010/10/13,0,82000,-117675,-35675
2010/10/14,0,290000,-78000,212000
2010/10/15,0,341000,-28000,313000
2010/10/18,0,50000,-111000,-61000
2010/10/19,0,13000,-266000,-253000
2010/10/20,0,49000,-134034,-85034
2010/10/21,0,3000,-226000,-223000
2010/10/22,0,47000,-384000,-337000
2010/10/25,0,2447000,-61000,2386000
2010/10/26,0,252000,-40000,212000
2010/10/27,0,124000,-268000,-144000
2010/10/28,0,166000,-215000,-49000
2010/10/29,0,140000,-51055,88945
2010/11/01,0,1125000,-606000,519000
2010/11/02,0,414000,-7409,406591
2010/11/03,0,322000,-22000,300000
2010/11/04,0,267000,-123000,144000
2010/11/05,0,194000,-3655,190345
2010/11/08,0,170000,-14000,156000
2010/11/09,0,286503,-501000,-214497
2010/11/10,0,191000,-113094,77906
2010/11/11,0,209000,-261000,-52000
2010/11/12,0,140000,-751000,-611000
2010/11/15,0,5000,-70000,-65000
2010/11/16,0,423000,-117000,306000
2010/11/17,0,159000,-82000,77000
2010/11/18,0,191000,-432000,-241000
2010/11/19,0,41000,-628000,-587000
2010/11/22,0,40000,-85000,-45000
2010/11/23,0,234000,-63000,171000
2010/11/24,0,811000,-87000,724000
2010/11/25,0,129000,-50000,79000
2010/11/26,0,123000,-25100,97900
2010/11/29,0,246000,-419000,-173000
2010/11/30,0,282000,-242000,40000
2010/12/01,0,894000,-1515000,-621000
2010/12/02,0,787000,-1118000,-331000
2010/12/03,0,674000,-487000,187000
2010/12/06,0,776000,-323000,453000
2010/12/07,0,323000,-453000,-130000
2010/12/08,0,67000,-473000,-406000
2010/12/09,0,460000,-570112,-110112
2010/12/10,0,79000,-132000,-53000
2010/12/13,0,189000,-202000,-13000
2010/12/14,0,134000,-410836,-276836
2010/12/15,0,206000,-440000,-234000
2010/12/16,0,196000,-363000,-167000
2010/12/17,0,936000,-714000,222000
2010/12/20,0,303000,-544351,-241351
2010/12/21,0,140000,-195001,-55001
2010/12/22,0,125000,-59000,66000
2010/12/23,0,404001,-331000,73001
2010/12/24,0,163000,-136000,27000
2010/12/27,0,485000,-375000,110000
2010/12/28,0,106000,-455615,-349615
2010/12/29,0,1395000,-1109000,286000
2010/12/30,0,441000,-432000,9000
2010/12/31,0,554000,-618000,-64000
2011/01/03,0,649000,-423000,226000
2011/01/04,0,387000,-427000,-40000
2011/01/05,0,435000,-709000,-274000
2011/01/06,0,536000,-386000,150000
2011/01/07,0,409000,-673000,-264000
2011/01/10,0,200000,-303000,-103000
2011/01/11,0,729000,-300000,429000
2011/01/12,0,436000,-133000,303000
2011/01/13,0,310000,-1051000,-741000
2011/01/14,0,185000,-255000,-70000
2011/01/17,0,268000,-121548,146452
2011/01/18,0,384000,-256000,128000
2011/01/19,0,211000,-834000,-623000
2011/01/20,0,90000,-189000,-99000
2011/01/21,0,336000,-474000,-138000
2011/01/24,0,27000,-411000,-384000
2011/01/25,0,702000,-86000,616000
2011/01/26,0,381000,-207000,174000
2011/01/27,0,90000,-290000,-200000
2011/01/28,0,579000,-402000,177000
2011/01/31,0,0,0,0
2011/02/01,0,0,0,0
2011/02/02,0,0,0,0
2011/02/03,0,0,0,0
2011/02/04,0,0,0,0
2011/02/07,0,0,0,0
2011/02/08,0,560000,-73000,487000
2011/02/09,0,575000,-174000,401000
2011/02/10,0,631000,-1173000,-542000
2011/02/11,0,927000,-2322000,-1395000
2011/02/14,0,294000,-188000,106000
2011/02/15,0,616000,-683000,-67000
2011/02/16,0,135000,-415000,-280000
2011/02/17,0,135000,-959000,-824000
2011/02/18,0,1565000,-485640,1079360
2011/02/21,0,451000,-407000,44000
2011/02/22,0,825000,-1456000,-631000
2011/02/23,0,1548000,-397000,1151000
2011/02/24,0,895000,-272000,623000
2011/02/25,0,1586000,-869000,717000
2011/02/28,0,0,0,0
2011/03/01,0,361000,-312000,49000
2011/03/02,0,195000,-213000,-18000
2011/03/03,0,1603000,-3000,1600000
2011/03/04,0,210000,-266000,-56000
2011/03/07,0,542000,-24960,517040
2011/03/08,0,397000,-26000,371000
2011/03/09,0,141000,-90000,51000
2011/03/10,0,195000,-83000,112000
2011/03/11,0,315000,-366000,-51000
2011/03/14,0,808000,-389000,419000
2011/03/15,0,1852000,-729000,1123000
2011/03/16,0,732000,-61000,671000
2011/03/17,0,514000,-169000,345000
2011/03/18,0,48000,-460000,-412000
2011/03/21,0,30000,-423000,-393000
2011/03/22,0,447000,-350000,97000
2011/03/23,0,179000,-87924,91076
2011/03/24,0,6000,-26000,-20000
2011/03/25,0,239000,-119000,120000
2011/03/28,0,227000,-174000,53000
2011/03/29,0,27000,-24000,3000
2011/03/30,0,205000,0,205000
2011/03/31,0,171000,-225000,-54000
2011/04/01,0,219000,-189000,30000
2011/04/04,0,0,0,0
2011/04/05,0,0,0,0
2011/04/06,0,528000,-390000,138000
2011/04/07,0,389000,-55000,334000
2011/04/08,0,323000,-143000,180000
2011/04/11,0,100000,-152802,-52802
2011/04/12,0,554000,-154000,400000
2011/04/13,0,278000,-81000,197000
2011/04/14,0,114000,-56000,58000
2011/04/15,0,50000,-280000,-230000
2011/04/18,0,0,-591080,-591080
2011/04/19,0,41000,-327000,-286000
2011/04/20,0,372000,-81000,291000
2011/04/21,0,1971000,-566000,1405000
2011/04/22,0,917000,-125000,792000
2011/04/25,0,389000,-255000,134000
2011/04/26,0,95000,-574000,-479000
2011/04/27,0,622000,-407000,215000
2011/04/28,0,456000,-458813,-2813
2011/04/29,0,115000,-761000,-646000
2011/05/02,0,0,0,0
2011/05/03,0,340000,-195000,145000
2011/05/04,0,397000,-387000,10000
2011/05/05,0,524000,-50000,474000
2011/05/06,0,412000,-62000,350000
2011/05/09,0,294000,-102156,191844
2011/05/10,0,204000,-21000,183000
2011/05/11,0,185000,-329000,-144000
2011/05/12,0,159000,-120000,39000
2011/05/13,0,197000,-71000,126000
2011/05/16,0,184000,-160000,24000
2011/05/17,0,135000,-501000,-366000
2011/05/18,0,497000,-317000,180000
2011/05/19,0,786000,-295892,490108
2011/05/20,0,164000,-366000,-202000
2011/05/23,0,261000,-250000,11000
2011/05/24,0,541000,-181000,360000
2011/05/25,0,17000,-553000,-536000
2011/05/26,0,54000,-87000,-33000
2011/05/27,0,248000,-133000,115000
2011/05/30,0,184000,-267000,-83000
2011/05/31,0,547000,-3000,544000
2011/06/01,0,239000,-11000,228000
2011/06/02,0,286000,-120000,166000
2011/06/03,0,574000,-30000,544000
2011/06/06,0,0,0,0
2011/06/07,0,113000,-28000,85000
2011/06/08,0,12000,-6000,6000
2011/06/09,0,254000,-17000,237000
2011/06/10,0,66000,-348000,-282000
2011/06/13,0,202000,-261000,-59000
2011/06/14,0,129000,-137000,-8000
2011/06/15,0,142000,-1045000,-903000
2011/06/16,0,250000,-99000,151000
2011/06/17,0,246000,-186000,60000
2011/06/20,0,388000,-91000,297000
2011/06/21,0,523000,-33000,490000
2011/06/22,0,427000,-117000,310000
2011/06/23,0,377000,0,377000
2011/06/24,0,223000,-514000,-291000
2011/06/27,0,46000,-550000,-504000
2011/06/28,0,18000,-12330,5670
2011/06/29,0,524000,-2000,522000
2011/06/30,0,292000,-89000,203000
2011/07/01,0,233000,-47000,186000
2011/07/04,0,103000,-262000,-159000
2011/07/05,0,56000,-177000,-121000
2011/07/06,0,23000,-91000,-68000
2011/07/07,0,381000,-51000,330000
2011/07/08,0,94000,-40000,54000
2011/07/11,0,207000,-203000,4000
2011/07/12,0,322000,-107000,215000
2011/07/13,0,716000,-5000,711000
2011/07/14,0,600000,-12000,588000
2011/07/15,0,496000,-2415,493585
2011/07/18,0,658000,-106000,552000
2011/07/19,0,510000,-188000,322000
2011/07/20,0,442000,-439000,3000
2011/07/21,0,264000,-40000,224000
2011/07/22,0,116000,-304000,-188000
2011/07/25,0,703000,-304000,399000
2011/07/26,0,316000,-220000,96000
2011/07/27,0,176000,-193982,-17982
2011/07/28,0,51000,-169000,-118000
2011/07/29,0,158000,-69000,89000
2011/08/01,0,1067000,-20000,1047000
2011/08/02,0,339000,-206000,133000
2011/08/03,0,952000,-316000,636000
2011/08/04,0,2584000,-225000,2359000
2011/08/05,0,2150000,-1072000,1078000
2011/08/08,0,1405000,-604200,800800
2011/08/09,0,2033000,-343000,1690000
2011/08/10,0,1647000,-290000,1357000
2011/08/11,0,1058000,-877470,180530
2011/08/12,0,58000,-2054000,-1996000
2011/08/15,0,270000,-845000,-575000
2011/08/16,0,40000,-75000,-35000
2011/08/17,0,150000,-255350,-105350
2011/08/18,0,267800,-323000,-55200
2011/08/19,0,500000,-816000,-316000
2011/08/22,0,847000,-262512,584488
2011/08/23,0,567000,-223000,344000
2011/08/24,0,192200,-214000,-21800
2011/08/25,0,315000,-272000,43000
2011/08/26,0,379000,-111000,268000
2011/08/29,0,254000,-53000,201000
2011/08/30,0,26000,-598000,-572000
2011/08/31,0,18000,-127000,-109000
2011/09/01,0,381000,-967000,-586000
2011/09/02,0,209000,-250300,-41300
2011/09/05,0,45000,-1152000,-1107000
2011/09/06,0,380000,-428500,-48500
2011/09/07,0,999000,-78050,920950
2011/09/08,0,129000,-549000,-420000
2011/09/09,0,295000,-173000,122000
2011/09/12,0,0,0,0
2011/09/13,0,155000,-344000,-189000
2011/09/14,0,950000,-233000,717000
2011/09/15,0,604000,-13000,591000
2011/09/16,0,476000,-61000,415000
2011/09/19,0,127000,-113000,14000
2011/09/20,0,350000,-410001,-60001
2011/09/21,0,389000,-284000,105000
2011/09/22,0,82000,-492180,-410180
2011/09/23,0,1139000,-487000,652000
2011/09/26,0,1276000,-132520,1143480
2011/09/27,0,992000,0,992000
2011/09/28,0,165000,-360000,-195000
2011/09/29,0,89000,-358000,-269000
2011/09/30,0,80000,-95668,-15668
2011/10/03,0,114000,-122000,-8000
2011/10/04,0,775000,0,775000
2011/10/05,0,273000,-90260,182740
2011/10/06,0,1431000,-105000,1326000
2011/10/07,0,154000,-612000,-458000
2011/10/10,0,0,0,0
2011/10/11,0,235000,-490000,-255000
2011/10/12,0,26000,-217000,-191000
2011/10/13,0,14000,-36000,-22000
2011/10/14,0,2000,-235000,-233000
2011/10/17,0,5000,-50000,-45000
2011/10/18,0,42000,-288000,-246000
2011/10/19,0,168000,-14000,154000
2011/10/20,0,57000,-58000,-1000
2011/10/21,0,510256,-90878,419378
2011/10/24,0,1108000,-212000,896000
2011/10/25,0,81000,0,81000
2011/10/26,0,730000,-147000,583000
2011/10/27,0,473000,-71000,402000
2011/10/28,0,1182000,-60000,1122000
2011/10/31,0,55000,-61000,-6000
2011/11/01,0,224000,-860000,-636000
2011/11/02,0,393000,-58000,335000
2011/11/03,0,401000,-138000,263000
2011/11/04,0,1173000,-40000,1133000
2011/11/07,0,491000,-367000,124000
2011/11/08,0,320000,-513000,-193000
2011/11/09,0,58000,-533000,-475000
2011/11/10,0,741000,-869000,-128000
2011/11/11,0,118000,-260000,-142000
2011/11/14,0,167000,-27000,140000
2011/11/15,0,37000,-77000,-40000
2011/11/16,0,157000,-489000,-332000
2011/11/17,0,226000,-208620,17380
2011/11/18,0,776000,-330000,446000
2011/11/21,0,1097000,-310000,787000
2011/11/22,0,874000,-154000,720000
2011/11/23,0,539000,-214000,325000
2011/11/24,0,581000,-33000,548000
2011/11/25,0,256000,-161000,95000
2011/11/28,0,235000,-58103,176897
2011/11/29,0,219000,-65000,154000
2011/11/30,0,53000,-378000,-325000
2011/12/01,0,1126000,-354000,772000
2011/12/02,0,356000,-305000,51000
2011/12/05,0,86000,-331000,-245000
2011/12/06,0,0,-276000,-276000
2011/12/07,0,167000,-61000,106000
2011/12/08,0,64000,-298000,-234000
2011/12/09,0,158000,-235000,-77000
2011/12/12,0,57000,-126000,-69000
2011/12/13,0,107000,-185000,-78000
2011/12/14,0,55000,-5000,50000
2011/12/15,0,108000,-238000,-130000
2011/12/16,0,159000,-87000,72000
2011/12/19,0,232000,-141000,91000
2011/12/20,0,455000,-126000,329000
2011/12/21,0,972000,-111000,861000
2011/12/22,0,123000,-585000,-462000
2011/12/23,0,221000,-286000,-65000
2011/12/26,0,359000,-361726,-2726
2011/12/27,0,290000,-64000,226000
2011/12/28,0,260000,-428000,-168000
2011/12/29,0,1012000,-1591000,-579000
2011/12/30,0,371000,-2372000,-2001000
2012/01/02,0,202000,-900000,-698000
2012/01/03,0,496000,-3106000,-2610000
2012/01/04,0,320000,-840000,-520000
2012/01/05,0,425000,-621262,-196262
2012/01/06,0,35000,-433000,-398000
2012/01/09,0,513000,-959000,-446000
2012/01/10,0,391000,-1276000,-885000
2012/01/11,0,189000,-847000,-658000
2012/01/12,0,198000,-692000,-494000
2012/01/13,0,118000,-847000,-729000
2012/01/16,0,354000,-4608000,-4254000
2012/01/17,0,121000,-563000,-442000
2012/01/18,0,57000,-513000,-456000
2012/01/19,0,0,0,0
2012/01/20,0,0,0,0
2012/01/23,0,0,0,0
2012/01/24,0,0,0,0
2012/01/25,0,0,0,0
2012/01/26,0,0,0,0
2012/01/27,0,0,0,0
2012/01/30,0,246000,-682000,-436000
2012/01/31,0,1204000,-1693000,-489000
2012/02/01,0,283000,-3595000,-3312000
2012/02/02,0,508000,-2852000,-2344000
2012/02/03,0,422000,-792000,-370000
2012/02/06,0,372000,-1219000,-847000
2012/02/07,0,685000,-1301000,-616000
2012/02/08,0,472000,-694237,-222237
2012/02/09,0,395000,-2225000,-1830000
2012/02/10,0,387000,-1684000,-1297000
2012/02/13,0,847000,-303000,544000
2012/02/14,0,925000,-1343000,-418000
2012/02/15,0,428000,-1509000,-1081000
2012/02/16,0,193000,-765000,-572000
2012/02/17,0,614000,-610000,4000
2012/02/20,0,434000,-758000,-324000
2012/02/21,0,63000,-783000,-720000
2012/02/22,0,412000,-266075,145925
2012/02/23,0,76000,-681000,-605000
2012/02/24,0,39000,-444000,-405000
2012/02/27,0,0,0,0
2012/02/28,0,0,0,0
2012/02/29,0,1135048,-1211000,-75952
2012/03/01,0,251000,-520000,-269000
2012/03/02,0,326000,-455000,-129000
2012/03/05,0,131000,-1167000,-1036000
2012/03/06,0,588000,-798000,-210000
2012/03/07,0,424000,-326000,98000
2012/03/08,0,220000,-874000,-654000
2012/03/09,0,109000,-873000,-764000
2012/03/12,0,66000,-597100,-531100
2012/03/13,0,1045000,-881508,163492
2012/03/14,0,449000,-4133000,-3684000
2012/03/15,0,194000,-739000,-545000
2012/03/16,0,38000,-525000,-487000
2012/03/19,0,38000,-1060000,-1022000
2012/03/20,0,31000,-500000,-469000
2012/03/21,0,60000,-104000,-44000
2012/03/22,0,279000,-51000,228000
2012/03/23,0,51000,-18000,33000
2012/03/26,0,28000,-830000,-802000
2012/03/27,0,108000,-679000,-571000
2012/03/28,0,30000,-895000,-865000
2012/03/29,0,360000,-1423103,-1063103
2012/03/30,0,99000,-595000,-496000
2012/04/02,0,22000,-606000,-584000
2012/04/03,0,182000,-684000,-502000
2012/04/04,0,0,0,0
2012/04/05,0,284000,-192000,92000
2012/04/06,0,53000,-98000,-45000
2012/04/09,0,219000,-231000,-12000
2012/04/10,0,76000,-82000,-6000
2012/04/11,0,76000,-22000,54000
2012/04/12,0,45000,-13000,32000
2012/04/13,0,38000,-51000,-13000
2012/04/16,0,15000,-47000,-32000
2012/04/17,0,77000,-153000,-76000
2012/04/18,0,95000,-158000,-63000
2012/04/19,0,267000,-39000,228000
2012/04/20,0,99000,-117000,-18000
2012/04/23,0,390000,-102000,288000
2012/04/24,0,59000,-65000,-6000
2012/04/25,0,233000,-11000,222000
2012/04/26,0,63000,-311000,-248000
2012/04/27,0,69000,-55427,13573
2012/04/30,0,210000,-25000,185000
2012/05/01,0,0,0,0
2012/05/02,0,356000,-77000,279000
2012/05/03,0,85000,-56000,29000
2012/05/04,0,576000,-214000,362000
2012/05/07,0,541000,-101000,440000
2012/05/08,0,42000,-21626,20374
2012/05/09,0,331000,-27759,303241
2012/05/10,0,214000,-63000,151000
2012/05/11,0,417000,-92000,325000
2012/05/14,0,228000,-10000,218000
2012/05/15,0,747000,-27000,720000
2012/05/16,0,754000,-70000,684000
2012/05/17,0,28000,-99580,-71580
2012/05/18,0,937000,-67000,870000
2012/05/21,0,394000,-251000,143000
2012/05/22,0,52000,-74000,-22000
2012/05/23,0,443000,-109000,334000
2012/05/24,0,723000,-31000,692000
2012/05/25,0,71000,-19000,52000
2012/05/28,0,178000,-31000,147000
2012/05/29,0,84000,-161000,-77000
2012/05/30,0,35000,-160000,-125000
2012/05/31,0,106000,-181000,-75000
2012/06/01,0,169000,-226000,-57000
2012/06/04,0,851000,-63000,788000
2012/06/05,0,106000,-125991,-19991
2012/06/06,0,5000,-51000,-46000
2012/06/07,0,51000,-127000,-76000
2012/06/08,0,40000,-102000,-62000
2012/06/11,0,91000,-16000,75000
2012/06/12,0,81000,-171000,-90000
2012/06/13,0,12000,-128000,-116000
2012/06/14,0,183000,-55000,128000
2012/06/15,0,69000,-40000,29000
2012/06/18,0,1131000,-342000,789000
2012/06/19,0,16000,-82000,-66000
2012/06/20,0,15000,-53000,-38000
2012/06/21,0,1000,-263000,-262000
2012/06/22,0,10000,-551000,-541000
2012/06/25,0,10000,-231000,-221000
2012/06/26,0,8000,-520000,-512000
2012/06/27,0,179000,-84730,94270
2012/06/28,0,219000,-28000,191000
2012/06/29,0,548000,-60000,488000
2012/07/02,0,88000,-519000,-431000
2012/07/03,0,413000,-840000,-427000
2012/07/04,0,306000,-379000,-73000
2012/07/05,0,70000,-8000,62000
2012/07/06,0,36000,-59000,-23000
2012/07/09,0,30000,-8000,22000
2012/07/10,0,77000,-305000,-228000
2012/07/11,0,129000,-265000,-136000
2012/07/12,0,73000,-143000,-70000
2012/07/13,0,460000,-7000,453000
2012/07/16,0,4000,-297901,-293901
2012/07/17,0,314000,-1080000,-766000
2012/07/18,0,28000,-515000,-487000
2012/07/19,0,335000,-45000,290000
2012/07/20,0,70000,-28000,42000
2012/07/23,0,104000,-239000,-135000
2012/07/24,0,929000,-110000,819000
2012/07/25,0,78000,-123000,-45000
2012/07/26,0,162000,-193000,-31000
2012/07/27,0,123000,-1405000,-1282000
2012/07/30,0,295000,-2340000,-2045000
2012/07/31,0,124000,-2024000,-1900000
2012/08/01,0,12000,-332000,-320000
2012/08/02,0,0,0,0
2012/08/03,0,70000,-152000,-82000
2012/08/06,0,603000,-665000,-62000
2012/08/07,0,99000,-9000,90000
2012/08/08,0,170000,-274000,-104000
2012/08/09,0,531000,-1461000,-930000
2012/08/10,0,820000,-273000,547000
2012/08/13,0,555000,-112000,443000
2012/08/14,0,4846000,-155089,4690911
2012/08/15,0,200000,-6091000,-5891000
2012/08/16,0,8000,-331000,-323000
2012/08/17,0,102000,-90000,12000
2012/08/20,0,32000,-311000,-279000
2012/08/21,0,313000,-141000,172000
2012/08/22,0,1000,-133000,-132000
2012/08/23,0,5000,-190000,-185000
2012/08/24,0,39000,-265000,-226000
2012/08/27,0,0,-549000,-549000
2012/08/28,0,1000,-373000,-372000
2012/08/29,0,2000,-295000,-293000
2012/08/30,0,0,-978000,-978000
2012/08/31,0,10000,-175000,-165000
2012/09/03,0,1000,-278000,-277000
2012/09/04,0,8000,-828000,-820000
2012/09/05,0,32000,-691000,-659000
2012/09/06,0,442000,-450000,-8000
2012/09/07,0,147000,-538000,-391000
2012/09/10,0,14000,-810000,-796000
2012/09/11,0,0,-1208000,-1208000
2012/09/12,0,328000,-725000,-397000
2012/09/13,0,168000,-694000,-526000
2012/09/14,0,56000,-1487000,-1431000
2012/09/17,0,243000,-1468000,-1225000
2012/09/18,0,386000,-690000,-304000
2012/09/19,0,133000,-1162710,-1029710
2012/09/20,0,68000,-1023000,-955000
2012/09/21,0,383000,-759000,-376000
2012/09/24,0,124000,-951500,-827500
2012/09/25,0,70000,-699200,-629200
2012/09/26,0,53000,-697000,-644000
2012/09/27,0,33000,-914000,-881000
2012/09/28,0,52000,-445000,-393000
2012/10/01,0,143000,-43400,99600
2012/10/02,0,136000,-752700,-616700
2012/10/03,0,100000,-422000,-322000
2012/10/04,0,181000,-810000,-629000
2012/10/05,0,897000,-594000,303000
2012/10/08,0,126000,-1760000,-1634000
2012/10/09,0,164000,-555000,-391000
2012/10/10,0,0,0,0
2012/10/11,0,371000,-747587,-376587
2012/10/12,0,34000,-686000,-652000
2012/10/15,0,292000,-1186000,-894000
2012/10/16,0,5000,-354000,-349000
2012/10/17,0,0,-623500,-623500
2012/10/18,0,175000,-792000,-617000
2012/10/19,0,7000,-1041000,-1034000
2012/10/22,0,16000,-817000,-801000
2012/10/23,0,0,-664000,-664000
2012/10/24,0,465000,-359000,106000
2012/10/25,0,135000,-391000,-256000
2012/10/26,0,260000,-282000,-22000
2012/10/29,0,258000,-78000,180000
2012/10/30,0,619000,-1009000,-390000
2012/10/31,0,7000,-80000,-73000
2012/11/01,0,71000,-44000,27000
2012/11/02,0,21000,-415000,-394000
2012/11/05,0,107000,-430000,-323000
2012/11/06,0,232000,-501000,-269000
2012/11/07,0,126000,-1116300,-990300
2012/11/08,0,49000,-667000,-618000
2012/11/09,0,50000,-339000,-289000
2012/11/12,0,0,-137000,-137000
2012/11/13,0,0,-24000,-24000
2012/11/14,0,45000,-4000,41000
2012/11/15,0,151000,-122000,29000
2012/11/16,0,5000,-213000,-208000
2012/11/19,0,90000,-102000,-12000
2012/11/20,0,140000,0,140000
2012/11/21,0,305000,-29000,276000
2012/11/22,0,196000,-1000,195000
2012/11/23,0,65000,-2016000,-1951000
2012/11/26,0,74000,-266000,-192000
2012/11/27,0,0,-483000,-483000
2012/11/28,0,56000,-365500,-309500
2012/11/29,0,235000,-127000,108000
2012/11/30,0,55000,-401000,-346000
2012/12/03,0,318000,-11500,306500
2012/12/04,0,58000,0,58000
2012/12/05,0,460000,-225000,235000
2012/12/06,0,81000,-95000,-14000
2012/12/07,0,206000,-191000,15000
2012/12/10,0,12000,-45000,-33000
2012/12/11,0,451000,-35000,416000
2012/12/12,0,1388000,-763000,625000
2012/12/13,0,132000,-14000,118000
2012/12/14,0,23000,-24000,-1000
2012/12/17,0,42000,-55000,-13000
2012/12/18,0,42000,-7000,35000
2012/12/19,0,39000,-1094000,-1055000
2012/12/20,0,4000,-472000,-468000
2012/12/21,0,14000,-819000,-805000
2012/12/24,0,59000,-29000,30000
2012/12/25,0,26000,-12000,14000
2012/12/26,0,0,-10000,-10000
2012/12/27,0,2004,-195000,-192996
2012/12/28,0,67000,-16000,51000
2012/12/31,0,0,0,0
2013/01/01,0,0,0,0
2013/01/02,0,0,-3000,-3000
2013/01/03,0,72000,-196000,-124000
2013/01/04,0,26000,-504000,-478000
2013/01/07,0,22000,-115000,-93000
2013/01/08,0,71000,-44000,27000
2013/01/09,0,120000,-118000,2000
2013/01/10,0,66000,-130000,-64000
2013/01/11,0,227000,-10000,217000
2013/01/14,0,145000,-154000,-9000
2013/01/15,0,10000,-245000,-235000
2013/01/16,0,92000,-96000,-4000
2013/01/17,0,65000,-192000,-127000
2013/01/18,0,0,-19000,-19000
2013/01/21,0,5000,-103000,-98000
2013/01/22,0,24000,-131000,-107000
2013/01/23,0,150000,-178000,-28000
2013/01/24,0,27000,-337000,-310000
2013/01/25,0,208000,-218000,-10000
2013/01/28,0,54000,-17000,37000
2013/01/29,0,37000,-54000,-17000
2013/01/30,0,7000,-391000,-384000
2013/01/31,0,30000,-331000,-301000
2013/02/01,0,323000,-29000,294000
2013/02/04,0,2908000,-624000,2284000
2013/02/05,0,65000,-1167000,-1102000
2013/02/06,0,951000,-998000,-47000
2013/02/07,0,0,0,0
2013/02/08,0,0,0,0
2013/02/11,0,0,0,0
2013/02/12,0,0,0,0
2013/02/13,0,0,0,0
2013/02/14,0,0,0,0
2013/02/15,0,0,0,0
2013/02/18,0,15000,-1012000,-997000
2013/02/19,0,373000,-292000,81000
2013/02/20,0,1682000,-495000,1187000
2013/02/21,0,101000,-1319000,-1218000
2013/02/22,0,141000,-350000,-209000
2013/02/25,0,427000,-1012000,-585000
2013/02/26,0,334000,-691000,-357000
2013/02/27,0,1331000,-221000,1110000
2013/02/28,0,0,0,0
2013/03/01,0,261000,-125000,136000
2013/03/04,0,456000,-400000,56000
2013/03/05,0,282000,-529000,-247000
2013/03/06,0,70000,-205000,-135000
2013/03/07,0,20000,-143000,-123000
2013/03/08,0,391000,-204000,187000
2013/03/11,0,221000,-1380000,-1159000
2013/03/12,0,151000,-886000,-735000
2013/03/13,0,630000,-515000,115000
2013/03/14,0,243000,-526000,-283000
2013/03/15,0,189000,-647000,-458000
2013/03/18,0,219000,-952000,-733000
2013/03/19,0,3000,-44000,-41000
2013/03/20,0,160000,-546000,-386000
2013/03/21,0,141000,-93000,48000
2013/03/22,0,7000,-317000,-310000
2013/03/25,0,2125000,-226000,1899000
2013/03/26,0,396000,-1993000,-1597000
2013/03/27,0,143000,-273000,-130000
2013/03/28,0,10000,-887000,-877000
2013/03/29,0,70000,-117000,-47000
2013/04/01,0,122000,-129000,-7000
2013/04/02,0,39000,-410000,-371000
2013/04/03,0,11000,-238000,-227000
2013/04/04,0,0,0,0
2013/04/05,0,0,0,0
2013/04/08,0,16000,-1612000,-1596000
2013/04/09,0,16000,-215000,-199000
2013/04/10,0,516000,-62000,454000
2013/04/11,0,45000,-169000,-124000
2013/04/12,0,37000,-356000,-319000
2013/04/15,0,5000,-91000,-86000
2013/04/16,0,20000,-92000,-72000
2013/04/17,0,52000,-274000,-222000
2013/04/18,0,27000,-16000,11000
2013/04/19,0,135000,-72000,63000
2013/04/22,0,15000,-205000,-190000
2013/04/23,0,52000,-96000,-44000
2013/04/24,0,61000,-68000,-7000
2013/04/25,0,2000,-58000,-56000
2013/04/26,0,0,-172000,-172000
2013/04/29,0,57000,-21000,36000
2013/04/30,0,135000,-51000,84000
2013/05/01,0,0,0,0
2013/05/02,0,87000,-100000,-13000
2013/05/03,0,168000,-162000,6000
2013/05/06,0,96000,-56000,40000
2013/05/07,0,42000,-67000,-25000
2013/05/08,0,201000,-29000,172000
2013/05/09,0,91000,-69000,22000
2013/05/10,0,5000,-53000,-48000
2013/05/13,0,84000,-131000,-47000
2013/05/14,0,54000,-104000,-50000
2013/05/15,0,33000,-263000,-230000
2013/05/16,0,313000,-44000,269000
2013/05/17,0,627000,-13000,614000
2013/05/20,0,449000,-45000,404000
2013/05/21,0,7000,-445000,-438000
2013/05/22,0,77000,-117000,-40000
2013/05/23,0,111000,-917000,-806000
2013/05/24,0,25000,-594000,-569000
2013/05/27,0,90000,-14000,76000
2013/05/28,0,76000,-193000,-117000
2013/05/29,0,37000,-462000,-425000
2013/05/30,0,99000,-634420,-535420
2013/05/31,0,82000,-496000,-414000
2013/06/03,0,182000,-100000,82000
2013/06/04,0,40000,-100000,-60000
2013/06/05,0,122000,-68000,54000
2013/06/06,0,3000,-188000,-185000
2013/06/07,0,63000,-282000,-219000
2013/06/10,0,63000,-236000,-173000
2013/06/11,0,24000,-196000,-172000
2013/06/12,0,0,0,0
2013/06/13,0,18000,-248000,-230000
2013/06/14,0,37000,-35000,2000
2013/06/17,0,51000,-47000,4000
2013/06/18,0,47000,-133000,-86000
2013/06/19,0,85000,-67000,18000
2013/06/20,0,256000,-201000,55000
2013/06/21,0,1206000,-91000,1115000
2013/06/24,0,233000,-122000,111000
2013/06/25,0,1011000,-259000,752000
2013/06/26,0,18000,-950000,-932000
2013/06/27,0,141000,-99500,41500
2013/06/28,0,1000,-372000,-371000
2013/07/01,0,14000,-438000,-424000
2013/07/02,0,0,-210000,-210000
2013/07/03,0,42000,-103000,-61000
2013/07/04,0,97000,-18000,79000
2013/07/05,0,84000,-12000,72000
2013/07/08,0,0,-52000,-52000
2013/07/09,0,36000,-42000,-6000
2013/07/10,0,148000,-55000,93000
2013/07/11,0,117000,-79000,38000
2013/07/12,0,11000,-107000,-96000
2013/07/15,0,46000,-93000,-47000
2013/07/16,0,84000,-78000,6000
2013/07/17,0,513000,-224000,289000
2013/07/18,0,203000,-534000,-331000
2013/07/19,0,204000,-96000,108000
2013/07/22,0,405000,-20000,385000
2013/07/23,0,720000,-247000,473000
2013/07/24,0,174000,-198000,-24000
2013/07/25,0,380000,-160000,220000
2013/07/26,0,531000,-53000,478000
2013/07/29,0,11000,-440000,-429000
2013/07/30,0,85000,-11000,74000
2013/07/31,0,10000,-64000,-54000
2013/08/01,0,76000,-19000,57000
2013/08/02,0,926000,0,926000
2013/08/05,0,20000,0,20000
2013/08/06,0,17000,-417000,-400000
2013/08/07,0,16000,-31000,-15000
2013/08/08,0,60000,-39000,21000
2013/08/09,0,164000,-525000,-361000
2013/08/12,0,547000,-194000,353000
2013/08/13,0,228000,-400000,-172000
2013/08/14,0,7204000,-393315,6810685
2013/08/15,0,0,-7957345,-7957345
2013/08/16,0,163000,-159000,4000
2013/08/19,0,9000,-37000,-28000
2013/08/20,0,122000,0,122000
2013/08/21,0,0,0,0
2013/08/22,0,140000,-102000,38000
2013/08/23,0,2000,-405000,-403000
2013/08/26,0,507000,-163000,344000
2013/08/27,0,44000,-199000,-155000
2013/08/28,0,180000,-22000,158000
2013/08/29,0,76000,-8000,68000
2013/08/30,0,20000,-219000,-199000
2013/09/02,0,0,-226000,-226000
2013/09/03,0,91000,-93000,-2000
2013/09/04,0,30000,-87000,-57000
2013/09/05,0,190000,-380000,-190000
2013/09/06,0,0,-404000,-404000
2013/09/09,0,200,-330000,-329800
2013/09/10,0,0,-366000,-366000
2013/09/11,0,6000,-25000,-19000
2013/09/12,0,1000,-494000,-493000
2013/09/13,0,0,-49000,-49000
2013/09/16,0,7000,-462100,-455100
2013/09/17,0,205000,-424017,-219017
2013/09/18,0,302000,-337000,-35000
2013/09/19,0,0,0,0
2013/09/20,0,0,0,0
2013/09/23,0,6000,-170200,-164200
2013/09/24,0,0,-197000,-197000
2013/09/25,0,70000,-4101,65899
2013/09/26,0,12000,-408000,-396000
2013/09/27,0,4200,-70000,-65800
2013/09/30,0,85000,-49000,36000
2013/10/01,0,154000,-36000,118000
2013/10/02,0,0,-63000,-63000
2013/10/03,0,281000,-90000,191000
2013/10/04,0,159000,-89000,70000
2013/10/07,0,200000,-147000,53000
2013/10/08,0,78000,-22000,56000
2013/10/09,0,40000,-384000,-344000
2013/10/10,0,0,0,0
2013/10/11,0,80000,-97000,-17000
2013/10/14,0,243000,-42000,201000
2013/10/15,0,1000,-193000,-192000
2013/10/16,0,84000,-69000,15000
2013/10/17,0,142000,-280000,-138000
2013/10/18,0,1000,-161000,-160000
2013/10/21,0,23000,-14000,9000
2013/10/22,0,0,-84000,-84000
2013/10/23,0,42000,-394000,-352000
2013/10/24,0,0,-158000,-158000
2013/10/25,0,50000,-188000,-138000
2013/10/28,0,0,-52000,-52000
2013/10/29,0,64000,0,64000
2013/10/30,0,66000,-20000,46000
2013/10/31,0,7000,-22000,-15000
2013/11/01,0,0,-10000,-10000
2013/11/04,0,3000,-66021,-63021
2013/11/05,0,40000,-61000,-21000
2013/11/06,0,72000,-2000,70000
2013/11/07,0,24000,-13000,11000
2013/11/08,0,0,-20000,-20000
2013/11/11,0,237000,-59000,178000
2013/11/12,0,621000,-127000,494000
2013/11/13,0,209000,-99000,110000
2013/11/14,0,45000,-109000,-64000
2013/11/15,0,93000,-79000,14000
2013/11/18,0,75000,-59000,16000
2013/11/19,0,236000,-245000,-9000
2013/11/20,0,186000,-85000,101000
2013/11/21,0,0,-83000,-83000
2013/11/22,0,0,-157000,-157000
2013/11/25,0,273000,-44000,229000
2013/11/26,0,93000,0,93000
2013/11/27,0,160000,0,160000
2013/11/28,0,472000,-10000,462000
2013/11/29,0,487000,-2000,485000
2013/12/02,0,0,-211000,-211000
2013/12/03,0,80000,-166000,-86000
2013/12/04,0,492000,-71000,421000
2013/12/05,0,412000,-14000,398000
2013/12/06,0,0,-413000,-413000
2013/12/09,0,54000,-130000,-76000
2013/12/10,0,95996,-1000,94996
2013/12/11,0,223000,-120000,103000
2013/12/12,0,173000,-85000,88000
2013/12/13,0,34000,-272000,-238000
2013/12/16,0,0,-74000,-74000
2013/12/17,0,0,-11000,-11000
2013/12/18,0,0,-141000,-141000
2013/12/19,0,0,-13000,-13000
2013/12/20,0,99000,0,99000
2013/12/23,0,114000,0,114000
2013/12/24,0,26000,0,26000
2013/12/25,0,48804,0,48804
2013/12/26,0,0,0,0
2013/12/27,0,206000,0,206000
2013/12/30,0,373000,0,373000
2013/12/31,0,101000,-200000,-99000
2014/01/02,0,0,-425000,-425000
2014/01/03,0,297000,-72000,225000
2014/01/06,0,120000,0,120000
2014/01/07,0,24000,0,24000
2014/01/08,0,0,0,0
2014/01/09,0,0,-16000,-16000
2014/01/10,0,0,-32000,-32000
2014/01/13,0,11000,-25000,-14000
2014/01/14,0,4995,-34000,-29005
2014/01/15,0,20000,-233000,-213000
2014/01/16,0,6996,-102000,-95004
2014/01/17,0,32996,-96000,-63004
2014/01/20,0,5008,0,5008
2014/01/21,0,23000,-2000,21000
2014/01/22,0,0,0,0
2014/01/23,0,0,-117000,-117000
2014/01/24,0,14000,0,14000
2014/01/27,0,23000,-148000,-125000
2014/02/05,0,784000,-202000,582000
2014/02/06,0,1000,-90169,-89169
2014/02/07,0,0,-192000,-192000
2014/02/10,0,0,-32000,-32000
2014/02/11,0,0,-31000,-31000
2014/02/12,0,0,-58000,-58000
2014/02/13,0,0,-60000,-60000
2014/02/14,0,42000,-2000,40000
2014/02/17,0,0,-14000,-14000
2014/02/18,0,0,-234,-234
2014/02/19,0,69000,-32000,37000
2014/02/20,0,0,-66000,-66000
2014/02/21,0,29998,0,29998
2014/02/24,0,218997,-417000,-198003
2014/02/25,0,73000,-382385,-309385
2014/02/26,0,60000,-177000,-117000
2014/02/27,0,0,-211000,-211000
2014/03/03,0,60000,-651000,-591000
2014/03/04,0,37999,-68000,-30001
2014/03/05,0,0,-88000,-88000
2014/03/06,0,58000,-63000,-5000
2014/03/07,0,131000,-113000,18000
2014/03/10,0,0,-5000,-5000
2014/03/11,0,169000,-2000,167000
2014/03/12,0,16000,-9000,7000
2014/03/13,0,47000,-346000,-299000
2014/03/14,0,42000,-216000,-174000
2014/03/17,0,56000,-168000,-112000
2014/03/18,0,10000,0,10000
2014/03/19,0,43000,-56478,-13478
2014/03/20,0,47000,-145000,-98000
2014/03/21,0,32000,-29000,3000
2014/03/24,0,116000,0,116000
2014/03/25,0,0,-72000,-72000
2014/03/26,0,53000,-213000,-160000
2014/03/27,0,0,0,0
2014/03/28,0,0,-86000,-86000
2014/03/31,0,0,-124000,-124000
2014/04/01,0,0,-74000,-74000
2014/04/02,0,11000,0,11000
2014/04/03,0,31000,-2000,29000
2014/04/07,0,3000,0,3000
2014/04/08,0,382000,0,382000
2014/04/09,0,0,-34000,-34000
2014/04/10,0,21000,-28000,-7000
2014/04/11,0,47000,-46000,1000
2014/04/14,0,0,0,0
2014/04/15,0,57000,-17902,39098
2014/04/16,0,37000,-560000,-523000
2014/04/17,0,7000,-84000,-77000
2014/04/18,0,0,-18000,-18000
2014/04/21,0,56000,-5000,51000
2014/04/22,0,0,0,0
2014/04/23,0,0,-62000,-62000
2014/04/24,0,17000,-28000,-11000
2014/04/25,0,13000,-360000,-347000
2014/04/28,0,255000,-11000,244000
2014/04/29,0,28000,-204000,-176000
2014/04/30,0,0,-85000,-85000
2014/05/02,0,0,-36000,-36000
2014/05/05,0,0,-85000,-85000
2014/05/06,0,70000,-342000,-272000
2014/05/07,0,0,-409000,-409000
2014/05/08,0,0,-124245,-124245
2014/05/09,0,0,-208000,-208000
2014/05/12,0,108000,-2000,106000
2014/05/13,0,14000,0,14000
2014/05/14,0,121990,0,121990
2014/05/15,0,13000,0,13000
2014/05/16,0,0,-40000,-40000
2014/05/19,0,0,-7000,-7000
2014/05/20,0,0,-18000,-18000
2014/05/21,0,0,-2000,-2000
2014/05/22,0,0,-48000,-48000
2014/05/23,0,230000,-31000,199000
2014/05/26,0,46000,-54000,-8000
2014/05/27,0,0,-86000,-86000
2014/05/28,0,100000,-215000,-115000
2014/05/29,0,210000,-3000,207000
2014/05/30,0,0,-370000,-370000
2014/06/03,0,57000,-52000,5000
2014/06/04,0,0,-65000,-65000
2014/06/05,0,0,-202000,-202000
2014/06/06,0,0,0,0
2014/06/09,0,0,0,0
2014/06/10,0,10000,0,10000
2014/06/11,0,0,-48000,-48000
2014/06/12,0,0,0,0
2014/06/13,0,0,0,0
2014/06/16,0,16000,0,16000
2014/06/17,0,51000,0,51000
2014/06/18,0,185000,-19000,166000
2014/06/19,0,124000,0,124000
2014/06/20,0,355000,-60000,295000
2014/06/23,0,19000,-3000,16000
2014/06/24,0,0,-34000,-34000
2014/06/25,0,0,0,0
2014/06/26,0,80000,0,80000
2014/06/27,0,4000,-25979,-21979
2014/06/30,0,124000,-16000,108000
2014/07/01,0,229000,-20000,209000
2014/07/02,0,29000,-127000,-98000
2014/07/03,0,21000,-85000,-64000
2014/07/04,0,214000,-10000,204000
2014/07/07,0,24000,-87000,-63000
2014/07/08,0,126000,-49000,77000
2014/07/09,0,30000,0,30000
2014/07/10,0,159000,-100000,59000
2014/07/11,0,290000,0,290000
2014/07/14,0,126000,-18000,108000
2014/07/15,0,120252,-511000,-390748
2014/07/16,0,389151,-138000,251151
2014/07/17,0,108000,-45000,63000
2014/07/18,0,1000,-10000,-9000
2014/07/21,0,119000,-113000,6000
2014/07/22,0,107000,-40000,67000
2014/07/23,0,0,0,0
2014/07/24,0,95000,-58000,37000
2014/07/25,0,57000,-68000,-11000
2014/07/28,0,292000,0,292000
2014/07/29,0,775000,-379000,396000
2014/07/30,0,17000,-96000,-79000
2014/07/31,0,302000,-61000,241000
2014/08/01,0,38000,-10000,28000
2014/08/04,0,2000,-35000,-33000
2014/08/05,0,59000,-1503000,-1444000
2014/08/06,0,12000,-88000,-76000
2014/08/07,0,13000,-30000,-17000
2014/08/08,0,27000,-177000,-150000
2014/08/11,0,217000,0,217000
2014/08/12,0,193000,-320000,-127000
2014/08/13,0,1508000,-290081,1217919
2014/08/14,0,40000,-1890000,-1850000
2014/08/15,0,77000,-280000,-203000
2014/08/18,0,44000,-99000,-55000
2014/08/19,0,0,-87000,-87000
2014/08/20,0,243000,-755000,-512000
2014/08/21,0,273000,-37000,236000
2014/08/22,0,59000,-130000,-71000
2014/08/25,0,338000,-56000,282000
2014/08/26,0,170000,-157000,13000
2014/08/27,0,227000,-40000,187000
2014/08/28,0,226000,-225000,1000
2014/08/29,0,212000,-130000,82000
2014/09/01,0,54000,-322000,-268000
2014/09/02,0,357000,-196000,161000
2014/09/03,0,106000,-213000,-107000
2014/09/04,0,238000,-78000,160000
2014/09/05,0,221000,-42000,179000
2014/09/09,0,70000,-411000,-341000
2014/09/10,0,35000,-556000,-521000
2014/09/11,0,19000,-134000,-115000
2014/09/12,0,0,-182000,-182000
2014/09/15,0,9000,-130000,-121000
2014/09/16,0,17000,-68420,-51420
2014/09/17,0,527000,-199000,328000
2014/09/18,0,216000,-2532,213468
2014/09/19,0,36000,-6000,30000
2014/09/22,0,5000,-52000,-47000
2014/09/23,0,301000,-14114,286886
2014/09/24,0,296000,-8000,288000
2014/09/25,0,30000,-39000,-9000
2014/09/26,0,202000,-152000,50000
2014/09/29,0,5000,-15000,-10000
2014/09/30,0,0,-99000,-99000
2014/10/01,0,41000,-67000,-26000
2014/10/02,0,85000,-101140,-16140
2014/10/03,0,103000,-67000,36000
2014/10/06,0,0,-115000,-115000
2014/10/07,0,5000,-151000,-146000
2014/10/08,0,59000,-87000,-28000
2014/10/09,0,106000,-12000,94000
2014/10/13,0,77000,-58000,19000
2014/10/14,0,0,-388000,-388000
2014/10/15,0,0,-107000,-107000
2014/10/16,0,64000,-56000,8000
2014/10/17,0,0,-315000,-315000
2014/10/20,0,0,0,0
2014/10/21,0,20000,-218000,-198000
2014/10/22,0,2000,0,2000
2014/10/23,0,22000,-846,21154
2014/10/24,0,0,-18540,-18540
2014/10/27,0,101000,-18000,83000
2014/10/28,0,158000,-18000,140000
2014/10/29,0,55000,-2000,53000
2014/10/30,0,256000,-3875,252125
2014/10/31,0,75000,-2000,73000
2014/11/03,0,9000,-28000,-19000
2014/11/04,0,6000,0,6000
2014/11/05,0,83000,0,83000
2014/11/06,0,336000,-276,335724
2014/11/07,0,107000,0,107000
2014/11/10,0,108000,0,108000
2014/11/11,0,75000,0,75000
2014/11/12,0,100000,-51000,49000
2014/11/13,0,0,-19000,-19000
2014/11/14,0,0,-17000,-17000
2014/11/17,0,52000,-9000,43000
2014/11/18,0,152000,0,152000
2014/11/19,0,72000,-104000,-32000
2014/11/20,0,708000,0,708000
2014/11/21,0,352000,-20000,332000
2014/11/24,0,118000,-43000,75000
2014/11/25,0,0,-21000,-21000
2014/11/26,0,233000,-1000,232000
2014/11/27,0,60000,0,60000
2014/11/28,0,34824,-6000,28824
2014/12/01,0,78000,-625000,-547000
2014/12/02,0,7000,-256000,-249000
2014/12/03,0,48000,-225,47775
2014/12/04,0,0,-50057,-50057
2014/12/05,0,10000,-40000,-30000
2014/12/08,0,0,-102000,-102000
2014/12/09,0,0,-140000,-140000
2014/12/10,0,4000,-213000,-209000
2014/12/11,0,3000,0,3000
2014/12/12,0,5000,-2554,2446
2014/12/15,0,28000,-70000,-42000
2014/12/16,0,380000,0,380000
2014/12/17,0,378000,-273000,105000
2014/12/18,0,2000,-347000,-345000
2014/12/19,0,144000,-36000,108000
2014/12/22,0,29000,-7000,22000
2014/12/23,0,118000,-5000,113000
2014/12/24,0,0,0,0
2014/12/25,0,24000,0,24000
2014/12/26,0,70000,0,70000
2014/12/29,0,0,-59161,-59161
2014/12/30,0,22000,-3000,19000
2014/12/31,0,0,-1000,-1000
2015/01/01,0,0,0,0
2015/01/02,0,0,0,0
2015/01/05,0,0,-160730,-160730
2015/01/06,0,0,-61000,-61000
2015/01/07,0,7000,-63000,-56000
2015/01/08,0,0,-47000,-47000
2015/01/09,0,189000,-25000,164000
2015/01/12,0,0,-54000,-54000
2015/01/13,0,138000,0,138000
2015/01/14,0,0,-205000,-205000
2015/01/15,0,0,-10000,-10000
2015/01/16,0,0,-318031,-318031
2015/01/19,0,31000,0,31000
2015/01/20,0,202000,-26000,176000
2015/01/21,0,0,-16000,-16000
2015/01/22,0,327000,-4000,323000
2015/01/23,0,247224,0,247224
2015/01/26,0,0,-204000,-204000
2015/01/27,0,300000,-1000,299000
2015/01/28,0,356000,-2000,354000
2015/01/29,0,40000,-66000,-26000
2015/01/30,0,206000,0,206000
2015/02/02,0,471000,-715000,-244000
2015/02/03,0,54000,-54000,0
2015/02/04,0,59000,-35024,23976
2015/02/05,0,2000,-10023,-8023
2015/02/06,0,12000,0,12000
2015/02/09,0,0,-1000,-1000
2015/02/10,0,66000,-3000,63000
2015/02/11,0,0,-48000,-48000
2015/02/12,0,0,-64000,-64000
2015/02/13,0,27000,-76000,-49000
2015/02/16,0,0,0,0
2015/02/17,0,0,0,0
2015/02/18,0,0,0,0
2015/02/19,0,0,0,0
2015/02/20,0,0,0,0
2015/02/23,0,0,0,0
2015/02/24,0,2000,-730000,-728000
2015/02/25,0,25000,-16,24984
2015/02/26,0,42000,0,42000
2015/02/27,0,0,0,0
2015/03/02,0,72000,0,72000
2015/03/03,0,0,0,0
2015/03/04,0,36000,-936,35064
2015/03/05,0,0,-257015,-257015
2015/03/06,0,3000,-27000,-24000
2015/03/09,0,13000,-35801,-22801
2015/03/10,0,9000,-63000,-54000
2015/03/11,0,126000,-274000,-148000
2015/03/12,0,7000,-151115,-144115
2015/03/13,0,0,-165000,-165000
2015/03/16,0,189000,-3000,186000
2015/03/17,0,0,-43016,-43016
2015/03/18,0,14000,-44000,-30000
2015/03/19,0,3000,-14000,-11000
2015/03/20,0,6000,-1000,5000
2015/03/23,0,9000,-126000,-117000
2015/03/24,0,0,-11000,-11000
2015/03/25,0,48000,-7000,41000
2015/03/26,0,32000,-58754,-26754
2015/03/27,0,9000,-6000,3000
2015/03/30,0,15000,-2000,13000
2015/03/31,0,22000,-61000,-39000
2015/04/01,0,23000,-21980,1020
2015/04/02,0,9000,0,9000
2015/04/03,0,0,0,0
2015/04/06,0,0,0,0
2015/04/07,0,144000,-22000,122000
2015/04/08,0,59000,-47000,12000
2015/04/09,0,57000,-11000,46000
2015/04/10,0,53000,-1000,52000
2015/04/13,0,0,-45000,-45000
2015/04/14,0,36000,-318000,-282000
2015/04/15,0,265000,-81000,184000
2015/04/16,0,61000,-234000,-173000
2015/04/17,0,94000,0,94000
2015/04/20,0,65000,-90000,-25000
2015/04/21,0,0,-381000,-381000
2015/04/22,0,0,-29,-29
2015/04/23,0,1464000,0,1464000
2015/04/24,0,315000,-465000,-150000
2015/04/27,0,1307000,-253000,1054000
2015/04/28,0,363000,-951000,-588000
2015/04/29,0,543000,0,543000
2015/04/30,0,487000,-7000,480000
2015/05/01,0,0,0,0
2015/05/04,0,1075000,-2000,1073000
2015/05/05,0,0,-743000,-743000
2015/05/06,0,2000,-95000,-93000
2015/05/07,0,58000,-116000,-58000
2015/05/08,0,5000,-35000,-30000
2015/05/11,0,214000,-229000,-15000
2015/05/12,0,152000,-240000,-88000
2015/05/13,0,209000,-9000,200000
2015/05/14,0,45000,-829000,-784000
2015/05/15,0,4000,-951000,-947000
2015/05/18,0,0,-563000,-563000
2015/05/19,0,57000,-23000,34000
2015/05/20,0,58000,-235000,-177000
2015/05/21,0,400,-962000,-961600
2015/05/22,0,20000,-126000,-106000
2015/05/25,0,0,-187000,-187000
2015/05/26,0,63000,-186649,-123649
2015/05/27,0,27000,-55000,-28000
2015/05/28,0,0,-32000,-32000
2015/05/29,0,22000,-12000,10000
2015/06/01,0,118000,0,118000
2015/06/02,0,30000,-325000,-295000
2015/06/03,0,90000,-141000,-51000
2015/06/04,0,1298000,-45000,1253000
2015/06/05,0,1000,0,1000
2015/06/08,0,0,-16000,-16000
2015/06/09,0,0,-562000,-562000
2015/06/10,0,6000,-4000,2000
2015/06/11,0,5000,-372000,-367000
2015/06/12,0,5000,0,5000
2015/06/15,0,0,0,0
2015/06/16,0,20000,0,20000
2015/06/17,0,103000,-12000,91000
2015/06/18,0,0,-6000,-6000
2015/06/19,0,0,0,0
2015/06/22,0,173000,0,173000
2015/06/23,0,0,0,0
2015/06/24,0,0,0,0
2015/06/25,0,74000,0,74000
2015/06/26,0,0,0,0
2015/06/29,0,0,-116000,-116000
2015/06/30,0,0,-439,-439
2015/07/01,0,0,-1000,-1000
2015/07/02,0,50000,0,50000
2015/07/03,0,41000,-11000,30000
2015/07/06,0,0,-6000,-6000
2015/07/07,0,343000,-972000,-629000
2015/07/08,0,417000,-109000,308000
2015/07/09,0,237000,-10000,227000
2015/07/10,0,0,0,0
2015/07/13,0,263000,-505000,-242000
2015/07/14,0,224000,-318000,-94000
2015/07/15,0,73000,0,73000
2015/07/16,0,2000,-20000,-18000
2015/07/17,0,34000,-2000,32000
2015/07/20,0,35000,0,35000
2015/07/21,0,64000,-6000,58000
2015/07/22,0,775000,0,775000
2015/07/23,0,566000,0,566000
2015/07/24,0,0,0,0
2015/07/27,0,240000,-9000,231000
2015/07/28,0,1468000,-130000,1338000
2015/07/29,0,28000,-29000,-1000
2015/07/30,0,99000,-18000,81000
2015/07/31,0,127000,-1017000,-890000
2015/08/03,0,0,-178000,-178000
2015/08/04,0,1151000,0,1151000
2015/08/05,0,235000,0,235000
2015/08/06,0,89000,-245000,-156000
2015/08/07,0,0,-204000,-204000
2015/08/10,0,68000,-24000,44000
2015/08/11,0,131000,-443000,-312000
2015/08/12,0,608000,-567274,40726
2015/08/13,0,53000,-652000,-599000
2015/08/14,0,6000,-16000,-10000
2015/08/17,0,100000,-17000,83000
2015/08/18,0,0,-50000,-50000
2015/08/19,0,166000,-68000,98000
2015/08/20,0,83000,-187000,-104000
2015/08/21,0,28000,-100000,-72000
2015/08/24,0,211000,-177000,34000
2015/08/25,0,79000,-248000,-169000
2015/08/26,0,732000,-300000,432000
2015/08/27,0,10000,-307944,-297944
2015/08/28,0,0,-837280,-837280
2015/08/31,0,0,-378000,-378000
2015/09/01,0,0,-346000,-346000
2015/09/02,0,0,-124000,-124000
2015/09/03,0,0,-192000,-192000
2015/09/04,0,3000,-342000,-339000
2015/09/07,0,20000,-54000,-34000
2015/09/08,0,0,-47000,-47000
2015/09/09,0,334000,-4000,330000
2015/09/10,0,118000,-184000,-66000
2015/09/11,0,0,-12788,-12788
2015/09/14,0,0,-57000,-57000
2015/09/15,0,96016,-18000,78016
2015/09/16,0,542000,-264000,278000
2015/09/17,0,92000,-5000,87000
2015/09/18,0,0,-225595,-225595
2015/09/21,0,0,-341000,-341000
2015/09/22,0,0,-612,-612
2015/09/23,0,14000,0,14000
2015/09/24,0,113000,-12000,101000
2015/09/25,0,173000,-26000,147000
2015/09/28,0,0,0,0
2015/09/29,0,0,0,0
2015/09/30,0,312000,-148150,163850
2015/10/01,0,189000,-166000,23000
2015/10/02,0,49000,0,49000
2015/10/05,0,0,-206000,-206000
2015/10/06,0,89000,-500000,-411000
2015/10/07,0,125000,-319000,-194000
2015/10/08,0,14000,-414000,-400000
2015/10/09,0,0,0,0
2015/10/12,0,6000,-398000,-392000
2015/10/13,0,170000,-809000,-639000
2015/10/14,0,0,-246000,-246000
2015/10/15,0,56000,-859000,-803000
2015/10/16,0,655000,-2718000,-2063000
2015/10/19,0,50000,-2274000,-2224000
2015/10/20,0,67000,-1315000,-1248000
2015/10/21,0,146000,-210000,-64000
2015/10/22,0,42000,-107000,-65000
2015/10/23,0,45000,-73000,-28000
2015/10/26,0,11000,-95000,-84000
2015/10/27,0,0,-1098,-1098
2015/10/28,0,0,-30000,-30000
2015/10/29,0,11000,-314302,-303302
2015/10/30,0,166000,-100000,66000
2015/11/02,0,0,0,0
2015/11/03,0,312000,-144000,168000
2015/11/04,0,375000,-307000,68000
2015/11/05,0,191000,-26000,165000
2015/11/06,0,112000,-106000,6000
2015/11/09,0,19000,-185664,-166664
2015/11/10,0,77000,-186000,-109000
2015/11/11,0,254000,-222000,32000
2015/11/12,0,0,-186000,-186000
2015/11/13,0,454000,-29000,425000
2015/11/16,0,34000,0,34000
2015/11/17,0,0,-11000,-11000
2015/11/18,0,0,-139668,-139668
2015/11/19,0,25000,-451000,-426000
2015/11/20,0,110000,-57624,52376
2015/11/23,0,0,0,0
2015/11/24,0,122000,-7000,115000
2015/11/25,0,0,-167000,-167000
2015/11/26,0,331000,0,331000
2015/11/27,0,0,-154000,-154000
2015/11/30,0,150000,-41000,109000
2015/12/01,0,0,0,0
2015/12/02,0,95000,-682,94318
2015/12/03,0,0,0,0
2015/12/04,0,3000,-3000,0
2015/12/07,0,623000,0,623000
2015/12/08,0,0,0,0
2015/12/09,0,0,-173000,-173000
2015/12/10,0,17000,-2000,15000
2015/12/11,0,471000,-21000,450000
2015/12/14,0,18000,0,18000
2015/12/15,0,0,0,0
2015/12/16,0,90000,-7000,83000
2015/12/17,0,50000,-6000,44000
2015/12/18,0,352000,0,352000
2015/12/21,0,130000,0,130000
2015/12/22,0,0,-7000,-7000
2015/12/23,0,0,0,0
2015/12/24,0,0,0,0
2015/12/25,0,0,-80000,-80000
2015/12/28,0,0,0,0
2015/12/29,0,3000,0,3000
2015/12/30,0,0,-133000,-133000
2015/12/31,0,87000,0,87000
2016/01/01,0,0,0,0
2016/01/04,0,77000,-3000,74000
2016/01/05,0,27000,-1000,26000
2016/01/06,0,58000,-19000,39000
2016/01/07,0,273000,0,273000
2016/01/08,0,0,0,0
2016/01/11,0,33000,0,33000
2016/01/12,0,0,-34000,-34000
2016/01/13,0,17000,-34000,-17000
2016/01/14,0,0,-21000,-21000
2016/01/15,0,35000,-483000,-448000
2016/01/18,0,2000,-36000,-34000
2016/01/19,0,102000,0,102000
2016/01/20,0,18000,-58852,-40852
2016/01/21,0,28000,-166000,-138000
2016/01/22,0,0,-20000,-20000
2016/01/25,0,0,0,0
2016/01/26,0,18000,-410000,-392000
2016/01/27,0,0,-10000,-10000
2016/01/28,0,25000,0,25000
2016/01/29,0,470000,0,470000
2016/02/01,0,5000,-20000,-15000
2016/02/02,0,0,-29000,-29000
2016/02/03,0,0,-518140,-518140
2016/02/04,0,0,0,0
2016/02/05,0,0,0,0
2016/02/08,0,0,0,0
2016/02/09,0,0,0,0
2016/02/10,0,0,0,0
2016/02/11,0,0,0,0
2016/02/12,0,0,0,0
2016/02/15,0,17000,-21000,-4000
2016/02/16,0,142000,-8000,134000
2016/02/17,0,163000,-21000,142000
2016/02/18,0,0,-31000,-31000
2016/02/19,0,876,0,876
2016/02/22,0,249000,-150000,99000
2016/02/23,0,0,-183000,-183000
2016/02/24,0,0,-112000,-112000
2016/02/25,0,7000,-91000,-84000
2016/02/26,0,0,-330000,-330000
2016/02/29,0,0,0,0
2016/03/01,0,100000,0,100000
2016/03/02,0,0,-85000,-85000
2016/03/03,0,0,-58474,-58474
2016/03/04,0,0,0,0
2016/03/07,0,0,-17000,-17000
2016/03/08,0,0,-36000,-36000
2016/03/09,0,0,-20000,-20000
2016/03/10,0,116000,-27000,89000
2016/03/11,0,0,0,0
2016/03/14,0,0,0,0
2016/03/15,0,0,0,0
2016/03/16,0,377000,-5945,371055
2016/03/17,0,0,0,0
2016/03/18,0,0,0,0
2016/03/21,0,0,0,0
2016/03/22,0,0,-35000,-35000
2016/03/23,0,0,-8000,-8000
2016/03/24,0,0,0,0
2016/03/25,0,0,0,0
2016/03/28,0,0,0,0
2016/03/29,0,0,0,0
2016/03/30,0,0,0,0
2016/03/31,0,18000,-47,17953
2016/04/01,0,0,-18000,-18000
2016/04/04,0,0,0,0
2016/04/05,0,0,0,0
2016/04/06,0,0,-23000,-23000
2016/04/07,0,0,-147000,-147000
2016/04/08,0,21000,0,21000
2016/04/11,0,0,0,0
2016/04/12,0,0,-7000,-7000
2016/04/13,0,0,0,0
2016/04/14,0,74000,-56000,18000
2016/04/15,0,12000,-78000,-66000
2016/04/18,0,7000,-32000,-25000
2016/04/19,0,6000,-4000,2000
2016/04/20,0,0,-65000,-65000
2016/04/21,0,0,-17000,-17000
2016/04/22,0,0,0,0
2016/04/25,0,0,0,0
2016/04/26,0,7000,0,7000
2016/04/27,0,7000,-6000,1000
2016/04/28,0,6000,-59000,-53000
2016/04/29,0,0,-23000,-23000
2016/05/02,0,0,0,0
2016/05/03,0,15000,0,15000
2016/05/04,0,0,0,0
2016/05/05,0,0,0,0
2016/05/06,0,1000,0,1000
2016/05/09,0,0,0,0
2016/05/10,0,10000,0,10000
2016/05/11,0,0,0,0
2016/05/12,0,0,-14000,-14000
2016/05/13,0,0,-159000,-159000
2016/05/16,0,2000,0,2000
2016/05/17,0,0,-2000,-2000
2016/05/18,0,2000,-4000,-2000
2016/05/19,0,30000,-30000,0
2016/05/20,0,0,-20000,-20000
2016/05/23,0,0,0,0
2016/05/24,0,0,0,0
2016/05/25,0,0,0,0
2016/05/26,0,0,0,0
2016/05/27,0,0,0,0
2016/05/30,0,48000,0,48000
2016/05/31,0,128000,0,128000
2016/06/01,0,195000,-30000,165000
2016/06/02,0,12000,-255000,-243000
2016/06/03,0,0,0,0
2016/06/06,0,0,-34000,-34000
2016/06/07,0,2000,-176000,-174000
2016/06/08,0,0,-7000,-7000
2016/06/09,0,0,0,0
2016/06/10,0,0,0,0
2016/06/13,0,529000,-2000,527000
2016/06/14,0,4000,0,4000
2016/06/15,0,109000,-1000,108000
2016/06/16,0,0,-88000,-88000
2016/06/17,0,0,0,0
2016/06/20,0,45000,0,45000
2016/06/21,0,0,-120000,-120000
2016/06/22,0,0,0,0
2016/06/23,0,0,0,0
2016/06/24,0,40000,-60000,-20000
2016/06/27,0,0,0,0
2016/06/28,0,0,0,0
2016/06/29,0,0,-38000,-38000
2016/06/30,0,1000,-8000,-7000
2016/07/01,0,650000,0,650000
2016/07/04,0,0,0,0
2016/07/05,0,0,-1000,-1000
2016/07/06,0,3000,-26000,-23000
2016/07/07,0,0,0,0
2016/07/08,0,0,0,0
2016/07/11,0,37000,-1000,36000
2016/07/12,0,0,0,0
2016/07/13,0,0,-25000,-25000
2016/07/14,0,1000,0,1000
2016/07/15,0,0,-39000,-39000
2016/07/18,0,0,-19000,-19000
2016/07/19,0,44000,0,44000
2016/07/20,0,46000,0,46000
2016/07/21,0,86000,-19000,67000
2016/07/22,0,5000,-19000,-14000
2016/07/25,0,1000,-22000,-21000
2016/07/26,0,0,-19000,-19000
2016/07/27,0,7000,-79744,-72744
2016/07/28,0,21000,0,21000
2016/07/29,0,43000,-38000,5000
2016/08/01,0,5000,-19000,-14000
2016/08/02,0,0,-20000,-20000
2016/08/03,0,0,-73000,-73000
2016/08/04,0,4000,-80000,-76000
2016/08/05,0,1000,0,1000
2016/08/08,0,33000,-38000,-5000
2016/08/09,0,4000,0,4000
2016/08/10,0,26000,0,26000
2016/08/11,0,1000,-43000,-42000
2016/08/12,0,2000,-5000,-3000
2016/08/15,0,788000,0,788000
2016/08/16,0,3082000,-24000,3058000
2016/08/17,0,8052000,-252612,7799388
2016/08/18,0,0,-11441000,-11441000
2016/08/19,0,3000,-26000,-23000
2016/08/22,0,0,-12000,-12000
2016/08/23,0,0,-24000,-24000
2016/08/24,0,0,-4000,-4000
2016/08/25,0,0,-5000,-5000
2016/08/26,0,0,-23000,-23000
2016/08/29,0,0,-117000,-117000
2016/08/30,0,3000,-109000,-106000
2016/08/31,0,0,-167000,-167000
2016/09/01,0,0,-4000,-4000
2016/09/02,0,63000,-30000,33000
2016/09/05,0,8000,0,8000
2016/09/06,0,8000,-46000,-38000
2016/09/07,0,0,-1000,-1000
2016/09/08,0,0,-21000,-21000
2016/09/09,0,0,-273000,-273000
2016/09/12,0,70000,0,70000
2016/09/13,0,359000,0,359000
2016/09/14,0,5000,0,5000
2016/09/15,0,0,0,0
2016/09/16,0,0,0,0
2016/09/19,0,5000,-10000,-5000
2016/09/20,0,10000,-301000,-291000
2016/09/21,0,0,-201820,-201820
2016/09/22,0,282000,-181552,100448
2016/09/23,0,146000,0,146000
2016/09/26,0,0,0,0
2016/09/27,0,0,0,0
2016/09/28,0,0,0,0
2016/09/29,0,0,-6141,-6141
2016/09/30,0,90000,-115000,-25000
2016/10/03,0,55000,-149000,-94000
2016/10/04,0,0,-2000,-2000
2016/10/05,0,0,-281000,-281000
2016/10/06,0,0,-39260,-39260
2016/10/07,0,44000,0,44000
2016/10/10,0,0,0,0
2016/10/11,0,35000,-67000,-32000
2016/10/12,0,82000,0,82000
2016/10/13,0,6000,-47000,-41000
2016/10/14,0,29000,0,29000
2016/10/17,0,0,-169000,-169000
2016/10/18,0,0,-10000,-10000
2016/10/19,0,22000,-57000,-35000
2016/10/20,0,0,-221000,-221000
2016/10/21,0,0,-706000,-706000
2016/10/24,0,0,0,0
2016/10/25,0,2000,0,2000
2016/10/26,0,0,0,0
2016/10/27,0,0,-1000,-1000
2016/10/28,0,0,0,0
2016/10/31,0,0,0,0
2016/11/01,0,8000,0,8000
2016/11/02,0,125000,-11000,114000
2016/11/03,0,50000,-29000,21000
2016/11/04,0,0,0,0
2016/11/07,0,66000,0,66000
2016/11/08,0,0,0,0
2016/11/09,0,3000,-163000,-160000
2016/11/10,0,36000,-20000,16000
2016/11/11,0,0,-43000,-43000
2016/11/14,0,1000,-139000,-138000
2016/11/15,0,0,-34000,-34000
2016/11/16,0,4000,-69000,-65000
2016/11/17,0,0,-394000,-394000
2016/11/18,0,2000,-1000,1000
2016/11/21,0,2000,-21294,-19294
2016/11/22,0,30000,0,30000
2016/11/23,0,28000,0,28000
2016/11/24,0,0,-21000,-21000
2016/11/25,0,6000,0,6000
2016/11/28,0,40000,-29966,10034
2016/11/29,0,0,0,0
2016/11/30,0,0,-3000,-3000
2016/12/01,0,3000,0,3000
2016/12/02,0,1000,-40000,-39000
2016/12/05,0,1000,-20000,-19000
2016/12/06,0,69000,-18000,51000
2016/12/07,0,0,-13000,-13000
2016/12/08,0,0,-98000,-98000
2016/12/09,0,1000,-4000,-3000
2016/12/12,0,103000,0,103000
2016/12/13,0,57000,-50000,7000
2016/12/14,0,0,-8000,-8000
2016/12/15,0,6000,0,6000
2016/12/16,0,66000,-27000,39000
2016/12/19,0,50000,-26000,24000
2016/12/20,0,26000,-60000,-34000
2016/12/21,0,44000,0,44000
2016/12/22,0,0,0,0
2016/12/23,0,0,0,0
2016/12/26,0,0,0,0
2016/12/27,0,0,-11000,-11000
2016/12/28,0,0,0,0
2016/12/29,0,30000,0,30000
2016/12/30,0,0,0,0
2017/01/02,0,0,0,0
2017/01/03,0,0,0,0
2017/01/04,0,0,-38000,-38000
2017/01/05,0,8000,0,8000
2017/01/06,0,0,-33000,-33000
2017/01/09,0,0,-4000,-4000
2017/01/10,0,0,0,0
2017/01/11,0,0,0,0
2017/01/12,0,12000,0,12000
2017/01/13,0,0,-12000,-12000
2017/01/16,0,0,-8000,-8000
2017/01/17,0,0,0,0
2017/01/18,0,60000,-51000,9000
2017/01/19,0,0,-45000,-45000
2017/01/20,0,0,0,0
2017/01/23,0,0,0,0
2017/01/24,0,0,0,0
2017/01/25,0,0,0,0
2017/01/26,0,0,0,0
2017/01/27,0,0,0,0
2017/01/30,0,0,0,0
2017/01/31,0,0,0,0
2017/02/01,0,0,0,0
2017/02/02,0,4000,-23000,-19000
2017/02/03,0,0,-37000,-37000
2017/02/06,0,67000,-2000,65000
2017/02/07,0,0,-32000,-32000
2017/02/08,0,0,-92000,-92000
2017/02/09,0,1003000,-55000,948000
2017/02/10,0,13000,-1016000,-1003000
2017/02/13,0,3000,0,3000
2017/02/14,0,0,-12000,-12000
2017/02/15,0,10000,0,10000
2017/02/16,0,2000,-10000,-8000
2017/02/17,0,0,0,0
2017/02/20,0,34000,-2000,32000
2017/02/21,0,2000,0,2000
2017/02/22,0,17000,-42000,-25000
2017/02/23,0,6000,-29000,-23000
2017/02/24,0,0,0,0
2017/02/27,0,0,0,0
2017/02/28,0,0,0,0
2017/03/01,0,1000,-57000,-56000
2017/03/02,0,33000,-2000,31000
2017/03/03,0,0,-4000,-4000
2017/03/06,0,0,0,0
2017/03/07,0,6000,-2156000,-2150000
2017/03/08,0,0,-48000,-48000
2017/03/09,0,5000,-34000,-29000
2017/03/10,0,2000,0,2000
2017/03/13,0,1000,-26000,-25000
2017/03/14,0,0,-1000,-1000
2017/03/15,0,1000,-8000,-7000
2017/03/16,0,219000,0,219000
2017/03/17,0,45000,-21000,24000
2017/03/20,0,5000,0,5000
2017/03/21,0,51000,-20000,31000
2017/03/22,0,18000,-52000,-34000
2017/03/23,0,0,-20000,-20000
2017/03/24,0,9000,0,9000
2017/03/27,0,1000,-32000,-31000
2017/03/28,0,174000,0,174000
2017/03/29,0,341000,0,341000
2017/03/30,0,249000,0,249000
2017/03/31,0,233000,0,233000
2017/04/03,0,0,0,0
2017/04/04,0,0,0,0
2017/04/05,0,16000,0,16000
2017/04/06,0,262000,0,262000
2017/04/07,0,0,-42000,-42000
2017/04/10,0,0,0,0
2017/04/11,0,0,-47000,-47000
2017/04/12,0,10000,-45000,-35000
2017/04/13,0,0,0,0
2017/04/14,0,0,-21000,-21000
2017/04/17,0,4000,0,4000
2017/04/18,0,0,0,0
2017/04/19,0,0,-26000,-26000
2017/04/20,0,0,0,0
2017/04/21,0,0,0,0
2017/04/24,0,0,0,0
2017/04/25,0,0,0,0
2017/04/26,0,10000,0,10000
2017/04/27,0,0,0,0
2017/04/28,0,0,-3000,-3000
2017/05/01,0,0,0,0
2017/05/02,0,0,0,0
2017/05/03,0,0,0,0
2017/05/04,0,0,0,0
2017/05/05,0,0,-20000,-20000
2017/05/08,0,1000,0,1000
2017/05/09,0,0,-19920,-19920
2017/05/10,0,0,0,0
2017/05/11,0,0,0,0
2017/05/12,0,0,0,0
2017/05/15,0,0,0,0
2017/05/16,0,1000,-30000,-29000
2017/05/17,0,4000,-51000,-47000
2017/05/18,0,0,0,0
2017/05/19,0,0,0,0
2017/05/22,0,0,0,0
2017/05/23,0,0,-8000,-8000
2017/05/24,0,0,-8000,-8000
2017/05/25,0,4000,0,4000
2017/05/26,0,4000,-1000,3000
2017/05/29,0,0,0,0
2017/05/30,0,0,0,0
2017/05/31,0,1000,0,1000
2017/06/01,0,0,-35000,-35000
2017/06/02,0,0,0,0
2017/06/05,0,10000,0,10000
2017/06/06,0,0,-407,-407
2017/06/07,0,0,-14000,-14000
2017/06/08,0,0,0,0
2017/06/09,0,0,-19000,-19000
2017/06/12,0,0,0,0
2017/06/13,0,2000,0,2000
2017/06/14,0,0,-2000,-2000
2017/06/15,0,0,0,0
2017/06/16,0,1336,0,1336
2017/06/19,0,1500664,0,1500664
2017/06/20,0,1521000,-16000,1505000
2017/06/21,0,280000,0,280000
2017/06/22,0,8000,0,8000
2017/06/23,0,0,0,0
2017/06/26,0,1615000,0,1615000
2017/06/27,0,255000,0,255000
2017/06/28,0,234000,0,234000
2017/06/29,0,1627000,0,1627000
2017/06/30,0,22000,-16000,6000
2017/07/03,0,0,-39000,-39000
2017/07/04,0,0,0,0
2017/07/05,0,648000,-2000,646000
2017/07/06,0,0,0,0
2017/07/07,0,0,0,0
2017/07/10,0,0,0,0
2017/07/11,0,34000,0,34000
2017/07/12,0,21000,-21000,0
2017/07/13,0,0,-1000,-1000
2017/07/14,0,93000,-13000,80000
2017/07/17,0,0,-69000,-69000
2017/07/18,0,8000,-11000,-3000
2017/07/19,0,0,0,0
2017/07/20,0,18000,0,18000
2017/07/21,0,56000,0,56000
2017/07/24,0,136000,0,136000
2017/07/25,0,0,0,0
2017/07/26,0,0,-365000,-365000
2017/07/27,0,1000,0,1000
2017/07/28,0,7000,-58000,-51000
2017/07/31,0,148000,0,148000
2017/08/01,0,16000,0,16000
2017/08/02,0,24000,0,24000
2017/08/03,0,1577000,-61000,1516000
2017/08/04,0,44000,-26000,18000
2017/08/07,0,1407000,-690000,717000
2017/08/08,0,130000,0,130000
2017/08/09,0,142000,-382000,-240000
2017/08/10,0,12000,0,12000
2017/08/11,0,86000,-55498,30502
2017/08/14,0,0,0,0
2017/08/15,0,0,0,0
2017/08/16,0,2447000,-207767,2239233
2017/08/17,0,350000,-2246000,-1896000
2017/08/18,0,0,-89000,-89000
