Date,Open,Buy,Sell,Total
2007/01/02,0,3344000,-134000,3210000
2007/01/03,0,1302000,-3358000,-2056000
2007/01/04,0,820000,-3148000,-2328000
2007/01/05,0,56000,-1981000,-1925000
2007/01/08,0,111000,-1382666,-1271666
2007/01/09,0,489000,-487000,2000
2007/01/10,0,736000,-6279000,-5543000
2007/01/11,0,597000,-2643000,-2046000
2007/01/12,0,578000,-1398000,-820000
2007/01/15,0,12000,-1462000,-1450000
2007/01/16,0,969000,-238000,731000
2007/01/17,0,555000,-2264000,-1709000
2007/01/18,0,3012000,-2925000,87000
2007/01/19,0,750000,-583000,167000
2007/01/22,0,1812000,-2225000,-413000
2007/01/23,0,108000,-473000,-365000
2007/01/24,0,2342000,-2161000,181000
2007/01/25,0,1354000,-3799000,-2445000
2007/01/26,0,643000,-1626358,-983358
2007/01/29,0,0,-1519000,-1519000
2007/01/30,0,549000,-1166152,-617152
2007/01/31,0,1542000,-4857000,-3315000
2007/02/01,0,357000,-2873000,-2516000
2007/02/02,0,2460000,-2156000,304000
2007/02/05,0,360000,-1469000,-1109000
2007/02/06,0,1241000,-1880000,-639000
2007/02/07,0,13000,-1530000,-1517000
2007/02/08,0,1638000,-1854530,-216530
2007/02/09,0,1722000,-1035000,687000
2007/02/12,0,397000,-4049000,-3652000
2007/02/13,0,239000,-3172000,-2933000
2007/02/14,0,3367000,-5663484,-2296484
2007/02/15,0,0,0,0
2007/02/16,0,0,0,0
2007/02/19,0,0,0,0
2007/02/20,0,0,0,0
2007/02/21,0,0,0,0
2007/02/22,0,0,0,0
2007/02/23,0,0,0,0
2007/02/26,0,6503000,-3326000,3177000
2007/02/27,0,1650000,-5384430,-3734430
2007/02/28,0,0,0,0
2007/03/01,0,641000,-8389000,-7748000
2007/03/02,0,218000,-3214000,-2996000
2007/03/05,0,145000,-7046000,-6901000
2007/03/06,0,429000,-3041000,-2612000
2007/03/07,0,542000,-10590358,-10048358
2007/03/08,0,485000,-6550230,-6065230
2007/03/09,0,857000,-2777000,-1920000
2007/03/12,0,261000,-1979000,-1718000
2007/03/13,0,375000,-2903000,-2528000
2007/03/14,0,0,-5053000,-5053000
2007/03/15,0,2346000,-2750000,-404000
2007/03/16,0,1543000,-4148000,-2605000
2007/03/19,0,117000,-904401,-787401
2007/03/20,0,2075000,-3736920,-1661920
2007/03/21,0,469000,-660636,-191636
2007/03/22,0,6061000,-3246000,2815000
2007/03/23,0,4219000,-2752000,1467000
2007/03/26,0,811000,-1822000,-1011000
2007/03/27,0,1807000,-939000,868000
2007/03/28,0,46000,-932000,-886000
2007/03/29,0,1897000,-3253100,-1356100
2007/03/30,0,1565000,-259000,1306000
2007/04/02,0,290000,-297000,-7000
2007/04/03,0,75000,-2277000,-2202000
2007/04/04,0,1514000,-36000,1478000
2007/04/05,0,0,0,0
2007/04/06,0,0,0,0
2007/04/09,0,3870000,-1895262,1974738
2007/04/10,0,1240000,-127000,1113000
2007/04/11,0,2311000,-545000,1766000
2007/04/12,0,1569000,-109000,1460000
2007/04/13,0,278000,-4714000,-4436000
2007/04/16,0,1773000,-1321000,452000
2007/04/17,0,848873,-116000,732873
2007/04/18,0,1570000,-1220000,350000
2007/04/19,0,387000,-6103000,-5716000
2007/04/20,0,991000,-2162000,-1171000
2007/04/23,0,2866000,-1637000,1229000
2007/04/24,0,1437000,-645000,792000
2007/04/25,0,30000,-456000,-426000
2007/04/26,0,3528000,-352000,3176000
2007/04/27,0,648000,-1469000,-821000
2007/04/30,0,691000,-2952333,-2261333
2007/05/01,0,0,0,0
2007/05/02,0,136000,-598000,-462000
2007/05/03,0,374000,-101000,273000
2007/05/04,0,1753000,-261000,1492000
2007/05/07,0,1453000,-345000,1108000
2007/05/08,0,1804000,-559000,1245000
2007/05/09,0,1460000,-452000,1008000
2007/05/10,0,1021000,-410000,611000
2007/05/11,0,154000,-1924100,-1770100
2007/05/14,0,1007000,-324000,683000
2007/05/15,0,519000,-635395,-116395
2007/05/16,0,59000,-358000,-299000
2007/05/17,0,853000,-1249000,-396000
2007/05/18,0,78000,-2096000,-2018000
2007/05/21,0,459000,-897000,-438000
2007/05/22,0,141000,-497000,-356000
2007/05/23,0,831000,-985000,-154000
2007/05/24,0,50000,-169000,-119000
2007/05/25,0,168000,-614000,-446000
2007/05/28,0,101000,-103000,-2000
2007/05/29,0,600000,-96000,504000
2007/05/30,0,529000,-1878000,-1349000
2007/05/31,0,1120000,-6248334,-5128334
2007/06/01,0,1590000,-501523,1088477
2007/06/04,0,490000,-1610000,-1120000
2007/06/05,0,424000,-2668410,-2244410
2007/06/06,0,906000,-1119000,-213000
2007/06/07,0,818000,-318000,500000
2007/06/08,0,453000,-1676000,-1223000
2007/06/11,0,85000,-146000,-61000
2007/06/12,0,1218000,-2509000,-1291000
2007/06/13,0,2033000,-794000,1239000
2007/06/14,0,2855000,-232000,2623000
2007/06/15,0,3313000,-2207000,1106000
2007/06/18,0,0,0,0
2007/06/19,0,0,0,0
2007/06/20,0,4897000,-818262,4078738
2007/06/21,0,9431000,-2277249,7153751
2007/06/22,0,2214000,-1005000,1209000
2007/06/25,0,1845000,-219000,1626000
2007/06/26,0,931000,-466000,465000
2007/06/27,0,254000,-3110000,-2856000
2007/06/28,0,2170000,-3124000,-954000
2007/06/29,0,1812000,-2146333,-334333
2007/07/02,0,682000,-944000,-262000
2007/07/03,0,1058000,-24000,1034000
2007/07/04,0,2832000,-473000,2359000
2007/07/05,0,883000,-50000,833000
2007/07/06,0,710000,-637000,73000
2007/07/09,0,1703000,-454000,1249000
2007/07/10,0,1770000,-1809000,-39000
2007/07/11,0,744000,-922000,-178000
2007/07/12,0,422000,-1881000,-1459000
2007/07/13,0,4825000,-221000,4604000
2007/07/16,0,520000,-2719000,-2199000
2007/07/17,0,2251000,-3001000,-750000
2007/07/18,0,2662707,-4666707,-2004000
2007/07/19,0,4357000,-7681000,-3324000
2007/07/20,0,3118000,-165000,2953000
2007/07/23,0,3459000,-3505000,-46000
2007/07/24,0,7266000,-2136000,5130000
2007/07/25,0,1833000,-1115000,718000
2007/07/26,0,3823000,-1587000,2236000
2007/07/27,0,451000,-13070000,-12619000
2007/07/30,0,7387000,-13529000,-6142000
2007/07/31,0,1704000,-4947000,-3243000
2007/08/01,0,812000,-12387000,-11575000
2007/08/02,0,558000,-1994000,-1436000
2007/08/03,0,2653000,-4241000,-1588000
2007/08/06,0,585000,-1727000,-1142000
2007/08/07,0,76000,-757000,-681000
2007/08/08,0,6056000,-2323000,3733000
2007/08/09,0,522000,-768000,-246000
2007/08/10,0,1125000,-4418000,-3293000
2007/08/13,0,1723000,-1562000,161000
2007/08/14,0,262000,-896000,-634000
2007/08/15,0,44000,-6140000,-6096000
2007/08/16,0,4272000,-9599000,-5327000
2007/08/17,0,2606000,-4294000,-1688000
2007/08/20,0,362000,-810000,-448000
2007/08/21,0,782000,-769000,13000
2007/08/22,0,1642000,-4479988,-2837988
2007/08/23,0,2463000,-446000,2017000
2007/08/24,0,420000,-577000,-157000
2007/08/27,0,1085000,-240000,845000
2007/08/28,0,1881000,-865000,1016000
2007/08/29,0,533000,-1102000,-569000
2007/08/30,0,1125000,-636000,489000
2007/08/31,0,5301000,-1177000,4124000
2007/09/03,0,2200000,-202779,1997221
2007/09/04,0,800000,-249000,551000
2007/09/05,0,700000,-994000,-294000
2007/09/06,0,3021000,-458000,2563000
2007/09/07,0,323000,-313000,10000
2007/09/10,0,572000,-2229000,-1657000
2007/09/11,0,796000,-639357,156643
2007/09/12,0,1921000,-784000,1137000
2007/09/13,0,2260000,-974954,1285046
2007/09/14,0,4282000,-43000,4239000
2007/09/17,0,43000,-1798000,-1755000
2007/09/18,0,0,0,0
2007/09/19,0,12889000,-279000,12610000
2007/09/20,0,6798000,-128000,6670000
2007/09/21,0,2927000,-446000,2481000
2007/09/24,0,0,0,0
2007/09/25,0,0,0,0
2007/09/26,0,3900000,-1078466,2821534
2007/09/27,0,6284000,-810000,5474000
2007/09/28,0,5363000,-1376000,3987000
2007/10/01,0,1920000,-93000,1827000
2007/10/02,0,5684000,-804000,4880000
2007/10/03,0,4971319,-1300000,3671319
2007/10/04,0,5309000,-2430000,2879000
2007/10/05,0,1385000,-948000,437000
2007/10/08,0,1603000,-444000,1159000
2007/10/09,0,2426000,-780000,1646000
2007/10/10,0,0,0,0
2007/10/11,0,2313000,-1684556,628444
2007/10/12,0,561000,-3423000,-2862000
2007/10/15,0,776000,-1534000,-758000
2007/10/16,0,445000,-1582000,-1137000
2007/10/17,0,1084000,-1903000,-819000
2007/10/18,0,1586000,-3808000,-2222000
2007/10/19,0,515286,-324286,191000
2007/10/22,0,792000,-7278000,-6486000
2007/10/23,0,2259000,-513000,1746000
2007/10/24,0,1528000,-1581000,-53000
2007/10/25,0,3110677,-315000,2795677
2007/10/26,0,2675000,-14000,2661000
2007/10/29,0,4362000,-2000,4360000
2007/10/30,0,891000,-594000,297000
2007/10/31,0,2515000,-471000,2044000
2007/11/01,0,3291000,-306620,2984380
2007/11/02,0,895000,-2636000,-1741000
2007/11/05,0,543000,-3277000,-2734000
2007/11/06,0,332000,-1842000,-1510000
2007/11/07,0,540000,-2023000,-1483000
2007/11/08,0,248000,-4914000,-4666000
2007/11/09,0,2122000,-394000,1728000
2007/11/12,0,825000,-5156000,-4331000
2007/11/13,0,1432000,-1224000,208000
2007/11/14,0,937000,-1182000,-245000
2007/11/15,0,771000,-956000,-185000
2007/11/16,0,761000,-3020000,-2259000
2007/11/19,0,110000,-871000,-761000
2007/11/20,0,1000000,-2515000,-1515000
2007/11/21,0,1000,-5308000,-5307000
2007/11/22,0,1376000,-507000,869000
2007/11/23,0,333000,-1464000,-1131000
2007/11/26,0,3179000,-1091000,2088000
2007/11/27,0,1775000,-1835000,-60000
2007/11/28,0,450000,-604966,-154966
2007/11/29,0,2563000,-1813423,749577
2007/11/30,0,7185000,-6066813,1118187
2007/12/03,0,1475000,-67000,1408000
2007/12/04,0,151000,-491000,-340000
2007/12/05,0,850000,-2292000,-1442000
2007/12/06,0,2998000,-275000,2723000
2007/12/07,0,2777511,-453000,2324511
2007/12/10,0,691000,-159000,532000
2007/12/11,0,1629000,-771000,858000
2007/12/12,0,1480000,-1720000,-240000
2007/12/13,0,1176000,-2282000,-1106000
2007/12/14,0,2220000,-1951400,268600
2007/12/17,0,1076000,-910000,166000
2007/12/18,0,2242000,-1913521,328479
2007/12/19,0,1491000,-1927000,-436000
2007/12/20,0,554000,-1447000,-893000
2007/12/21,0,2644000,-998000,1646000
2007/12/24,0,166000,-505000,-339000
2007/12/25,0,224000,-1007000,-783000
2007/12/26,0,634000,-324000,310000
2007/12/27,0,2787000,-132000,2655000
2007/12/28,0,1972000,-1207000,765000
2007/12/31,0,763000,-1584000,-821000
2008/01/01,0,0,0,0
2008/01/02,0,2551000,-3431000,-880000
2008/01/03,0,1483000,-2530000,-1047000
2008/01/04,0,1437000,-1538000,-101000
2008/01/07,0,784000,-2170000,-1386000
2008/01/08,0,1060000,-1540000,-480000
2008/01/09,0,3354000,-514000,2840000
2008/01/10,0,1404000,-1367000,37000
2008/01/11,0,3072000,-1002000,2070000
2008/01/14,0,8758000,-752517,8005483
2008/01/15,0,6270000,-2120670,4149330
2008/01/16,0,7859000,-4144000,3715000
2008/01/17,0,14402000,-3155000,11247000
2008/01/18,0,5940864,-1965219,3975645
2008/01/21,0,4028000,-3165000,863000
2008/01/22,0,229000,-3281000,-3052000
2008/01/23,0,3901000,-2734000,1167000
2008/01/24,0,5984000,-2946000,3038000
2008/01/25,0,934000,-887000,47000
2008/01/28,0,573000,-2820000,-2247000
2008/01/29,0,3617000,-1188703,2428297
2008/01/30,0,6235242,-5182000,1053242
2008/01/31,0,4590000,-986000,3604000
2008/02/01,0,6090000,-3817000,2273000
2008/02/04,0,0,0,0
2008/02/05,0,0,0,0
2008/02/06,0,0,0,0
2008/02/07,0,0,0,0
2008/02/08,0,0,0,0
2008/02/11,0,0,0,0
2008/02/12,0,2459000,-3655000,-1196000
2008/02/13,0,2213000,-1646000,567000
2008/02/14,0,10585000,-181000,10404000
2008/02/15,0,3833000,-588000,3245000
2008/02/18,0,2308000,-781000,1527000
2008/02/19,0,2969000,-174000,2795000
2008/02/20,0,451000,-3376000,-2925000
2008/02/21,0,5101000,-735240,4365760
2008/02/22,0,1582000,-1113000,469000
2008/02/25,0,10252000,-885000,9367000
2008/02/26,0,3696000,-499000,3197000
2008/02/27,0,9310000,-4427000,4883000
2008/02/28,0,0,0,0
2008/02/29,0,3528222,-8492391,-4964169
2008/03/03,0,1173000,-2830000,-1657000
2008/03/04,0,4076000,-4528000,-452000
2008/03/05,0,2246000,-5086000,-2840000
2008/03/06,0,6199000,-1890210,4308790
2008/03/07,0,2552000,-1543000,1009000
2008/03/10,0,2437000,-3969000,-1532000
2008/03/11,0,2809000,-2392000,417000
2008/03/12,0,4889748,-1214000,3675748
2008/03/13,0,4199000,-2968500,1230500
2008/03/14,0,1801000,-3539000,-1738000
2008/03/17,0,3205000,-7029000,-3824000
2008/03/18,0,4568000,-3650000,918000
2008/03/19,0,5597000,-646000,4951000
2008/03/20,0,8482000,-2835000,5647000
2008/03/21,0,22690000,-571000,22119000
2008/03/24,0,11731000,-295000,11436000
2008/03/25,0,9748000,-673000,9075000
2008/03/26,0,4240000,-2682000,1558000
2008/03/27,0,1323124,-4069000,-2745876
2008/03/28,0,5391124,-4188500,1202624
2008/03/31,0,1310080,-4399000,-3088920
2008/04/01,0,1519488,-3552000,-2032512
2008/04/02,0,2410000,-1098000,1312000
2008/04/03,0,1062000,-780000,282000
2008/04/04,0,0,0,0
2008/04/07,0,3039000,-179000,2860000
2008/04/08,0,365000,-3556000,-3191000
2008/04/09,0,587000,-2376000,-1789000
2008/04/10,0,3387000,-167000,3220000
2008/04/11,0,4162000,-6317418,-2155418
2008/04/14,0,642000,-7368000,-6726000
2008/04/15,0,523000,-2434000,-1911000
2008/04/16,0,6101000,-2915000,3186000
2008/04/17,0,2712000,-3034000,-322000
2008/04/18,0,1817000,-1210000,607000
2008/04/21,0,3192000,-1507000,1685000
2008/04/22,0,440000,-7269000,-6829000
2008/04/23,0,1976000,-4754000,-2778000
2008/04/24,0,736000,-427000,309000
2008/04/25,0,2271000,-286000,1985000
2008/04/28,0,4073000,-87000,3986000
2008/04/29,0,766000,-3497000,-2731000
2008/04/30,0,2370000,-1923000,447000
2008/05/01,0,0,0,0
2008/05/02,0,2838000,-1007000,1831000
2008/05/05,0,928000,-3421000,-2493000
2008/05/06,0,788000,-864000,-76000
2008/05/07,0,490000,-1182000,-692000
2008/05/08,0,333000,-4666000,-4333000
2008/05/09,0,268000,-4011000,-3743000
2008/05/12,0,1119000,-699000,420000
2008/05/13,0,3063000,-439000,2624000
2008/05/14,0,1129000,-727000,402000
2008/05/15,0,4518000,-165400,4352600
2008/05/16,0,3978000,-391000,3587000
2008/05/19,0,1874000,-321000,1553000
2008/05/20,0,1753000,-5112000,-3359000
2008/05/21,0,1185000,-3371900,-2186900
2008/05/22,0,1884000,-8700000,-6816000
2008/05/23,0,1422000,-2080000,-658000
2008/05/26,0,2206000,-2273000,-67000
2008/05/27,0,1958000,-1197000,761000
2008/05/28,0,1014000,-3963000,-2949000
2008/05/29,0,3534000,-4639000,-1105000
2008/05/30,0,6451900,-11010000,-4558100
2008/06/02,0,461000,-1537000,-1076000
2008/06/03,0,3428000,-3357000,71000
2008/06/04,0,317000,-6155000,-5838000
2008/06/05,0,5603000,-6694000,-1091000
2008/06/06,0,616000,-1545000,-929000
2008/06/09,0,1336000,-2635000,-1299000
2008/06/10,0,4488000,-5567535,-1079535
2008/06/11,0,1551000,-352000,1199000
2008/06/12,0,1892000,-3154000,-1262000
2008/06/13,0,775000,-2009000,-1234000
2008/06/16,0,1103000,-2287000,-1184000
2008/06/17,0,8201000,-7968000,233000
2008/06/18,0,747000,-3272000,-2525000
2008/06/19,0,768000,-5363000,-4595000
2008/06/20,0,1808183,-1532000,276183
2008/06/23,0,2548000,-460000,2088000
2008/06/24,0,966000,-1277000,-311000
2008/06/25,0,7108000,-1112420,5995580
2008/06/26,0,2086000,-1119000,967000
2008/06/27,0,6923000,-2698000,4225000
2008/06/30,0,1942000,-4015000,-2073000
2008/07/01,0,2342000,-1011000,1331000
2008/07/02,0,1582000,-3692000,-2110000
2008/07/03,0,8674000,-3919000,4755000
2008/07/04,0,5832000,-3605000,2227000
2008/07/07,0,2032000,-883000,1149000
2008/07/08,0,2733000,-5156000,-2423000
2008/07/09,0,3170000,-2408000,762000
2008/07/10,0,1939344,-2961344,-1022000
2008/07/11,0,3463000,-4332000,-869000
2008/07/14,0,1866000,-1797000,69000
2008/07/15,0,2337000,-5327000,-2990000
2008/07/16,0,4922000,-1786000,3136000
2008/07/17,0,6890000,-3484830,3405170
2008/07/18,0,843000,-2281000,-1438000
2008/07/21,0,925000,-2572000,-1647000
2008/07/22,0,4131000,-729000,3402000
2008/07/23,0,6898000,-6990000,-92000
2008/07/24,0,5192000,-2282000,2910000
2008/07/25,0,794000,-915000,-121000
2008/07/28,0,0,0,0
2008/07/29,0,1051000,-2004000,-953000
2008/07/30,0,2650000,-1245000,1405000
2008/07/31,0,6146000,-2314286,3831714
2008/08/01,0,1868000,-1392000,476000
2008/08/04,0,3587000,-3206000,381000
2008/08/05,0,5165000,-5850000,-685000
2008/08/06,0,4260000,-1826000,2434000
2008/08/07,0,703000,-1433000,-730000
2008/08/08,0,4346000,-3561000,785000
2008/08/11,0,1768000,-2148000,-380000
2008/08/12,0,4728000,-1349000,3379000
2008/08/13,0,740000,-1754000,-1014000
2008/08/14,0,2178000,-1739000,439000
2008/08/15,0,1655000,-5146000,-3491000
2008/08/18,0,3539000,-3484000,55000
2008/08/19,0,2558000,-3523000,-965000
2008/08/20,0,3108000,-2421000,687000
2008/08/21,0,783000,-2873000,-2090000
2008/08/22,0,2103000,-2260000,-157000
2008/08/25,0,2889000,-189000,2700000
2008/08/26,0,3790000,-1063000,2727000
2008/08/27,0,7186000,-2304000,4882000
2008/08/28,0,5774000,-3440000,2334000
2008/08/29,0,2254000,-982942,1271058
2008/09/01,0,1343000,-4269000,-2926000
2008/09/02,0,1558000,-897000,661000
2008/09/03,0,1950000,-111000,1839000
2008/09/04,0,2775000,-2160000,615000
2008/09/05,0,912000,-2324000,-1412000
2008/09/08,0,749000,-770000,-21000
2008/09/09,0,3138000,-915000,2223000
2008/09/10,0,2620000,-3776000,-1156000
2008/09/11,0,1628000,-4299000,-2671000
2008/09/12,0,3531000,-901000,2630000
2008/09/15,0,1785000,-2367000,-582000
2008/09/16,0,8633000,-2694100,5938900
2008/09/17,0,13021400,-2457000,10564400
2008/09/18,0,14220500,-3920000,10300500
2008/09/19,0,7216000,-2069000,5147000
2008/09/22,0,8374000,-1570760,6803240
2008/09/23,0,5785360,-1151400,4633960
2008/09/24,0,14814627,-14457627,357000
2008/09/25,0,2890000,-2902480,-12480
2008/09/26,0,4201000,-6514000,-2313000
2008/09/29,0,0,0,0
2008/09/30,0,3387980,-4083040,-695060
2008/10/01,0,1099000,-2989000,-1890000
2008/10/02,0,1200000,-3227000,-2027000
2008/10/03,0,3507000,-2664000,843000
2008/10/06,0,2855000,-6411180,-3556180
2008/10/07,0,2521000,-4047040,-1526040
2008/10/08,0,1002000,-4811600,-3809600
2008/10/09,0,4650000,-7686000,-3036000
2008/10/10,0,0,0,0
2008/10/13,0,864000,-232000,632000
2008/10/14,0,4088000,-3306000,782000
2008/10/15,0,1773420,-1217000,556420
2008/10/16,0,0,-49000,-49000
2008/10/17,0,23000,-1645000,-1622000
2008/10/20,0,1529000,-3725000,-2196000
2008/10/21,0,3159780,-5490205,-2330425
2008/10/22,0,1207000,-2406320,-1199320
2008/10/23,0,334000,-778000,-444000
2008/10/24,0,310000,-1005000,-695000
2008/10/27,0,336000,-2204100,-1868100
2008/10/28,0,1487000,-4241000,-2754000
2008/10/29,0,3000000,-3882520,-882520
2008/10/30,0,3991000,-2102000,1889000
2008/10/31,0,2202000,-3285000,-1083000
2008/11/03,0,3260300,-1708000,1552300
2008/11/04,0,3976000,-1424000,2552000
2008/11/05,0,11414000,-9873280,1540720
2008/11/06,0,277000,-2146000,-1869000
2008/11/07,0,2507000,-12294980,-9787980
2008/11/10,0,1880000,-8343840,-6463840
2008/11/11,0,1338000,-1167838,170162
2008/11/12,0,808000,-1663000,-855000
2008/11/13,0,575000,-4741760,-4166760
2008/11/14,0,1375000,-1470000,-95000
2008/11/17,0,4248000,-186000,4062000
2008/11/18,0,3487000,-2315000,1172000
2008/11/19,0,597000,-3432000,-2835000
2008/11/20,0,1299000,-2897773,-1598773
2008/11/21,0,944000,-1399000,-455000
2008/11/24,0,843000,-1159000,-316000
2008/11/25,0,3884000,-795963,3088037
2008/11/26,0,2113000,-1281859,831141
2008/11/27,0,2325000,-165000,2160000
2008/11/28,0,5029000,-341900,4687100
2008/12/01,0,8741460,-1550460,7191000
2008/12/02,0,1565000,-5178000,-3613000
2008/12/03,0,2638020,-2130000,508020
2008/12/04,0,385000,-3883000,-3498000
2008/12/05,0,1515000,-1280040,234960
2008/12/08,0,1007000,-83860,923140
2008/12/09,0,4558000,-1100,4556900
2008/12/10,0,12605676,-502000,12103676
2008/12/11,0,6936000,-1764000,5172000
2008/12/12,0,1227000,-2993000,-1766000
2008/12/15,0,4615000,-3637000,978000
2008/12/16,0,2349000,-682922,1666078
2008/12/17,0,4613000,-904000,3709000
2008/12/18,0,2401000,-610000,1791000
2008/12/19,0,3060000,-2500000,560000
2008/12/22,0,698000,-3549000,-2851000
2008/12/23,0,1632000,-2385000,-753000
2008/12/24,0,1680120,-2123000,-442880
2008/12/25,0,115000,-642000,-527000
2008/12/26,0,384000,-262000,122000
2008/12/29,0,811000,-672000,139000
2008/12/30,0,3720000,-108000,3612000
2008/12/31,0,616000,-1404000,-788000
2009/01/01,0,0,0,0
2009/01/02,0,0,0,0
2009/01/05,0,2619000,-2351000,268000
2009/01/06,0,1913532,-1059000,854532
2009/01/07,0,2085597,-774000,1311597
2009/01/08,0,783000,-4322000,-3539000
2009/01/09,0,360000,-2471000,-2111000
2009/01/12,0,1173118,-2912000,-1738882
2009/01/13,0,1359821,-726000,633821
2009/01/14,0,2232000,-1263240,968760
2009/01/15,0,226000,-7686000,-7460000
2009/01/16,0,394000,-3050000,-2656000
2009/01/19,0,22000,-588680,-566680
2009/01/20,0,2256000,-4919000,-2663000
2009/01/21,0,2073200,-5040000,-2966800
2009/01/22,0,0,0,0
2009/01/23,0,0,0,0
2009/01/26,0,0,0,0
2009/01/27,0,0,0,0
2009/01/28,0,0,0,0
2009/01/29,0,0,0,0
2009/01/30,0,0,0,0
2009/02/02,0,8122012,-11560646,-3438634
2009/02/03,0,2279000,-1168770,1110230
2009/02/04,0,1487000,-1016000,471000
2009/02/05,0,1127980,-1002980,125000
2009/02/06,0,2455000,-305000,2150000
2009/02/09,0,669000,-418000,251000
2009/02/10,0,1022000,-788000,234000
2009/02/11,0,1009000,-1285000,-276000
2009/02/12,0,2143000,-4646000,-2503000
2009/02/13,0,2204000,-450000,1754000
2009/02/16,0,68000,-1175000,-1107000
2009/02/17,0,503000,-2602526,-2099526
2009/02/18,0,5671000,-709000,4962000
2009/02/19,0,2546000,-2083000,463000
2009/02/20,0,798000,-3704000,-2906000
2009/02/23,0,2716000,-532065,2183935
2009/02/24,0,121000,-2513790,-2392790
2009/02/25,0,5218000,-2184640,3033360
2009/02/26,0,1126000,-1786700,-660700
2009/02/27,0,822100,-1830514,-1008414
2009/03/02,0,76000,-5622896,-5546896
2009/03/03,0,1747000,-3576000,-1829000
2009/03/04,0,1160000,-2003000,-843000
2009/03/05,0,1008000,-2586000,-1578000
2009/03/06,0,2512000,-2367000,145000
2009/03/09,0,1624000,-3803000,-2179000
2009/03/10,0,3994000,-2159000,1835000
2009/03/11,0,1987470,-4595000,-2607530
2009/03/12,0,1349000,-1974000,-625000
2009/03/13,0,8062000,-3222500,4839500
2009/03/16,0,3051000,-953000,2098000
2009/03/17,0,4818000,-2852000,1966000
2009/03/18,0,3310000,-4316480,-1006480
2009/03/19,0,822000,-1707000,-885000
2009/03/20,0,1034000,-1704320,-670320
2009/03/23,0,5887000,-3099360,2787640
2009/03/24,0,5114000,-4618000,496000
2009/03/25,0,6335000,-1849880,4485120
2009/03/26,0,6638000,-2943000,3695000
2009/03/27,0,1636000,-2003000,-367000
2009/03/30,0,2387000,-3681000,-1294000
2009/03/31,0,4034000,-1091784,2942216
2009/04/01,0,1126000,-1388000,-262000
2009/04/02,0,6299000,-179000,6120000
2009/04/03,0,1146000,-3160000,-2014000
2009/04/06,0,3370000,-708000,2662000
2009/04/07,0,1972000,-1784000,188000
2009/04/08,0,5549000,-4344000,1205000
2009/04/09,0,6417000,-890937,5526063
2009/04/10,0,3529000,-285000,3244000
2009/04/13,0,1701000,-752000,949000
2009/04/14,0,3520000,-1420000,2100000
2009/04/15,0,1931000,-2352000,-421000
2009/04/16,0,9668000,-6733000,2935000
2009/04/17,0,2137843,-1738260,399583
2009/04/20,0,2987000,-983000,2004000
2009/04/21,0,2785000,-3145000,-360000
2009/04/22,0,1347000,-1620000,-273000
2009/04/23,0,3018655,-1864000,1154655
2009/04/24,0,3032000,-2292000,740000
2009/04/27,0,2779156,-1344000,1435156
2009/04/28,0,4024000,-1761000,2263000
2009/04/29,0,6273000,-573000,5700000
2009/04/30,0,18864000,-4570000,14294000
2009/05/01,0,0,0,0
2009/05/04,0,2864358,-686358,2178000
2009/05/05,0,5614805,-13677000,-8062195
2009/05/06,0,4679000,-8290000,-3611000
2009/05/07,0,5432000,-6491000,-1059000
2009/05/08,0,8688000,-3990000,4698000
2009/05/11,0,4287000,-4150000,137000
2009/05/12,0,4389000,-2482000,1907000
2009/05/13,0,1067000,-4394420,-3327420
2009/05/14,0,426000,-4265400,-3839400
2009/05/15,0,1980000,-5072038,-3092038
2009/05/18,0,2737000,-3321000,-584000
2009/05/19,0,7723000,-3118000,4605000
2009/05/20,0,2865000,-6647040,-3782040
2009/05/21,0,851420,-4744000,-3892580
2009/05/22,0,1403000,-3309000,-1906000
2009/05/25,0,5411000,-2784000,2627000
2009/05/26,0,11947000,-2574000,9373000
2009/05/27,0,6596789,-2322000,4274789
2009/05/28,0,0,0,0
2009/05/29,0,0,0,0
2009/06/01,0,7080000,-1772000,5308000
2009/06/02,0,1994000,-2637700,-643700
2009/06/03,0,4450000,-57000,4393000
2009/06/04,0,3186000,-3223000,-37000
2009/06/05,0,489075,-655000,-165925
2009/06/08,0,990000,-3448000,-2458000
2009/06/09,0,3337000,-732000,2605000
2009/06/10,0,1263000,-719055,543945
2009/06/11,0,3469000,-1522000,1947000
2009/06/12,0,1145000,-3697000,-2552000
2009/06/15,0,649524,-1575000,-925476
2009/06/16,0,589000,-1539290,-950290
2009/06/17,0,582000,-3011000,-2429000
2009/06/18,0,819000,-3794000,-2975000
2009/06/19,0,822000,-4558000,-3736000
2009/06/22,0,1242000,-1594000,-352000
2009/06/23,0,345000,-4341000,-3996000
2009/06/24,0,8053000,-1961000,6092000
2009/06/25,0,2616000,-3385000,-769000
2009/06/26,0,765000,-975000,-210000
2009/06/29,0,2855000,-4103000,-1248000
2009/06/30,0,3680000,-1396985,2283015
2009/07/01,0,2715000,-271000,2444000
2009/07/02,0,2128000,-1859000,269000
2009/07/03,0,291000,-2193566,-1902566
2009/07/06,0,308000,-2074000,-1766000
2009/07/07,0,1053000,-1575490,-522490
2009/07/08,0,228000,-1911000,-1683000
2009/07/09,0,1146000,-917000,229000
2009/07/10,0,599000,-691000,-92000
2009/07/13,0,244000,-10441000,-10197000
2009/07/14,0,986000,-4464858,-3478858
2009/07/15,0,1645000,-2547000,-902000
2009/07/16,0,1081000,-966000,115000
2009/07/17,0,1255437,-258850,996587
2009/07/20,0,1129000,-448000,681000
2009/07/21,0,1253000,-320660,932340
2009/07/22,0,2979000,-207040,2771960
2009/07/23,0,2392000,-2636740,-244740
2009/07/24,0,1224000,-1564710,-340710
2009/07/27,0,1797000,-73000,1724000
2009/07/28,0,2272000,-228000,2044000
2009/07/29,0,2179000,-478081,1700919
2009/07/30,0,1914000,-1748000,166000
2009/07/31,0,4249000,-2369000,1880000
2009/08/03,0,451000,-930000,-479000
2009/08/04,0,265000,-2635000,-2370000
2009/08/05,0,539000,-2456000,-1917000
2009/08/06,0,274000,-2054000,-1780000
2009/08/07,0,0,0,0
2009/08/10,0,1296530,-8178150,-6881620
2009/08/11,0,1944000,-761460,1182540
2009/08/12,0,150000,-3718000,-3568000
2009/08/13,0,3286000,-447000,2839000
2009/08/14,0,1583000,-1285000,298000
2009/08/17,0,170000,-1753000,-1583000
2009/08/18,0,419000,-1516000,-1097000
2009/08/19,0,542000,-3510621,-2968621
2009/08/20,0,303000,-1556440,-1253440
2009/08/21,0,3933000,-2852360,1080640
2009/08/24,0,2944000,-700000,2244000
2009/08/25,0,941000,-1640343,-699343
2009/08/26,0,499000,-2210000,-1711000
2009/08/27,0,1711000,-1630000,81000
2009/08/28,0,3336000,-669000,2667000
2009/08/31,0,935000,-2120678,-1185678
2009/09/01,0,2792000,-709394,2082606
2009/09/02,0,2920000,-817000,2103000
2009/09/03,0,3503639,-742000,2761639
2009/09/04,0,683000,-835000,-152000
2009/09/07,0,1056000,-1219000,-163000
2009/09/08,0,5131000,-100000,5031000
2009/09/09,0,2101000,-480000,1621000
2009/09/10,0,9772000,-3821140,5950860
2009/09/11,0,2175000,-1485000,690000
2009/09/14,0,746000,-1563484,-817484
2009/09/15,0,3143000,-280150,2862850
2009/09/16,0,4172000,-339000,3833000
2009/09/17,0,3945230,-733730,3211500
2009/09/18,0,4161000,-1304000,2857000
2009/09/21,0,1289000,-1022190,266810
2009/09/22,0,78000,-120400,-42400
2009/09/23,0,1014000,-2018000,-1004000
2009/09/24,0,654000,-468000,186000
2009/09/25,0,858380,-391500,466880
2009/09/28,0,1088000,-513800,574200
2009/09/29,0,4186036,-2260430,1925606
2009/09/30,0,3299000,-647700,2651300
2009/10/01,0,1467000,-817690,649310
2009/10/02,0,466000,-2489952,-2023952
2009/10/05,0,865173,-2164954,-1299781
2009/10/06,0,3384000,-838000,2546000
2009/10/07,0,709000,-1133790,-424790
2009/10/08,0,2353000,-2495000,-142000
2009/10/09,0,1217000,-1307000,-90000
2009/10/12,0,860000,-1134000,-274000
2009/10/13,0,2358670,-2906046,-547376
2009/10/14,0,2776000,-100000,2676000
2009/10/15,0,4923270,-36000,4887270
2009/10/16,0,2856000,-566000,2290000
2009/10/19,0,443000,-745894,-302894
2009/10/20,0,2328396,-559000,1769396
2009/10/21,0,1331000,-4054000,-2723000
2009/10/22,0,586480,-3070000,-2483520
2009/10/23,0,628000,-539900,88100
2009/10/26,0,2339000,-19000,2320000
2009/10/27,0,471000,-1711000,-1240000
2009/10/28,0,263000,-2207000,-1944000
2009/10/29,0,956000,-3813000,-2857000
2009/10/30,0,430000,-3171000,-2741000
2009/11/02,0,639000,-2924000,-2285000
2009/11/03,0,75000,-2865000,-2790000
2009/11/04,0,828200,-584535,243665
2009/11/05,0,586000,-1433000,-847000
2009/11/06,0,2385000,-115000,2270000
2009/11/09,0,2355000,-62941,2292059
2009/11/10,0,2069000,-22000,2047000
2009/11/11,0,4589000,-220000,4369000
2009/11/12,0,2267000,-45000,2222000
2009/11/13,0,2785000,-2331472,453528
2009/11/16,0,2938000,-2392000,546000
2009/11/17,0,3634000,-1789243,1844757
2009/11/18,0,1036000,-6338050,-5302050
2009/11/19,0,1617000,-1271140,345860
2009/11/20,0,767000,-3111000,-2344000
2009/11/23,0,605000,-536000,69000
2009/11/24,0,1580000,-233000,1347000
2009/11/25,0,4306000,-497000,3809000
2009/11/26,0,1446500,-271000,1175500
2009/11/27,0,206000,-8752000,-8546000
2009/11/30,0,1134975,-2518451,-1383476
2009/12/01,0,4022000,-987000,3035000
2009/12/02,0,1114000,-767185,346815
2009/12/03,0,1662970,-553548,1109422
2009/12/04,0,652000,-277000,375000
2009/12/07,0,1791000,-330000,1461000
2009/12/08,0,773000,-1230000,-457000
2009/12/09,0,998000,-595950,402050
2009/12/10,0,607130,-4326590,-3719460
2009/12/11,0,2013000,-811000,1202000
2009/12/14,0,2092000,-265000,1827000
2009/12/15,0,1686000,-238570,1447430
2009/12/16,0,1676000,-2133860,-457860
2009/12/17,0,4970650,-4341000,629650
2009/12/18,0,979000,-2136815,-1157815
2009/12/21,0,1023000,-862000,161000
2009/12/22,0,1101000,-152000,949000
2009/12/23,0,2964000,-1977369,986631
2009/12/24,0,2712000,-17000,2695000
2009/12/25,0,1531000,-12000,1519000
2009/12/28,0,3548000,-27000,3521000
2009/12/29,0,1952000,-308000,1644000
2009/12/30,0,3492000,-1797000,1695000
2009/12/31,0,1746000,-191000,1555000
2010/01/01,0,0,0,0
2010/01/04,0,559000,-846000,-287000
2010/01/05,0,2146000,-739263,1406737
2010/01/06,0,2360000,-605173,1754827
2010/01/07,0,4598000,-292830,4305170
2010/01/08,0,1977190,-270000,1707190
2010/01/11,0,1054000,-749000,305000
2010/01/12,0,1058300,-1161000,-102700
2010/01/13,0,771000,-879000,-108000
2010/01/14,0,1333000,-592230,740770
2010/01/15,0,401000,-1235000,-834000
2010/01/18,0,274000,-568000,-294000
2010/01/19,0,210000,-2554780,-2344780
2010/01/20,0,552000,-4530000,-3978000
2010/01/21,0,1221000,-592000,629000
2010/01/22,0,307000,-3914000,-3607000
2010/01/25,0,192520,-4187000,-3994480
2010/01/26,0,376000,-8417000,-8041000
2010/01/27,0,864000,-1617520,-753520
2010/01/28,0,546000,-2462000,-1916000
2010/01/29,0,1240000,-3763540,-2523540
2010/02/01,0,1186000,-2277110,-1091110
2010/02/02,0,1330000,-3480630,-2150630
2010/02/03,0,743180,-1211000,-467820
2010/02/04,0,977000,-1797000,-820000
2010/02/05,0,785000,-5233610,-4448610
2010/02/08,0,547299,-3697634,-3150335
2010/02/09,0,993000,-1761390,-768390
2010/02/10,0,646000,-2739000,-2093000
2010/02/11,0,0,0,0
2010/02/12,0,0,0,0
2010/02/15,0,0,0,0
2010/02/16,0,0,0,0
2010/02/17,0,0,0,0
2010/02/18,0,0,0,0
2010/02/19,0,0,0,0
2010/02/22,0,2588000,-764000,1824000
2010/02/23,0,5154000,-2495000,2659000
2010/02/24,0,3453000,-2097150,1355850
2010/02/25,0,3836000,-4592000,-756000
2010/02/26,0,2423400,-504742,1918658
2010/03/01,0,4189000,-1298000,2891000
2010/03/02,0,767604,-522000,245604
2010/03/03,0,1913000,-205000,1708000
2010/03/04,0,1121000,-2569000,-1448000
2010/03/05,0,3242000,-624940,2617060
2010/03/08,0,1314000,-74290,1239710
2010/03/09,0,1412250,-310000,1102250
2010/03/10,0,1133000,-946465,186535
2010/03/11,0,90000,-422000,-332000
2010/03/12,0,1328000,-269000,1059000
2010/03/15,0,706000,-2156000,-1450000
2010/03/16,0,261001,-77000,184001
2010/03/17,0,5584000,-104000,5480000
2010/03/18,0,2654000,-25000,2629000
2010/03/19,0,1872000,-763000,1109000
2010/03/22,0,517000,-2054040,-1537040
2010/03/23,0,440000,-1106000,-666000
2010/03/24,0,1369288,-734000,635288
2010/03/25,0,1308032,-2181720,-873688
2010/03/26,0,3299000,-3094000,205000
2010/03/29,0,3053000,-788000,2265000
2010/03/30,0,2644920,-968000,1676920
2010/03/31,0,1402000,-470792,931208
2010/04/01,0,5652000,-515950,5136050
2010/04/02,0,2059000,-36000,2023000
2010/04/05,0,0,0,0
2010/04/06,0,3234690,-26000,3208690
2010/04/07,0,2247770,-126000,2121770
2010/04/08,0,3311000,-1275000,2036000
2010/04/09,0,2514000,-756800,1757200
2010/04/12,0,1750930,-1126000,624930
2010/04/13,0,437000,-813000,-376000
2010/04/14,0,1003000,-694180,308820
2010/04/15,0,1617000,-398000,1219000
2010/04/16,0,1319360,-1011000,308360
2010/04/19,0,1280001,-3824000,-2543999
2010/04/20,0,776000,-2738000,-1962000
2010/04/21,0,2135000,-2822517,-687517
2010/04/22,0,932000,-5001053,-4069053
2010/04/23,0,1653000,-1702000,-49000
2010/04/26,0,4961000,-9000,4952000
2010/04/27,0,4809575,-4269575,540000
2010/04/28,0,563000,-3252760,-2689760
2010/04/29,0,244000,-2092000,-1848000
2010/04/30,0,3880000,-1036850,2843150
2010/05/03,0,65000,-1585000,-1520000
2010/05/04,0,297000,-1924000,-1627000
2010/05/05,0,3388541,-9105521,-5716980
2010/05/06,0,1637430,-5246096,-3608666
2010/05/07,0,1041000,-2803440,-1762440
2010/05/10,0,468530,-2235280,-1766750
2010/05/11,0,889000,-4773000,-3884000
2010/05/12,0,2543000,-2492000,51000
2010/05/13,0,2976000,-735000,2241000
2010/05/14,0,1796000,-1354000,442000
2010/05/17,0,2959000,-1633611,1325389
2010/05/18,0,2690000,-483000,2207000
2010/05/19,0,1799002,-2001000,-201998
2010/05/20,0,649000,-1707000,-1058000
2010/05/21,0,502000,-2478130,-1976130
2010/05/24,0,1933000,-882000,1051000
2010/05/25,0,2369000,-3391000,-1022000
2010/05/26,0,16417720,-9269000,7148720
2010/05/27,0,2259504,-2546520,-287016
2010/05/28,0,3048000,-2627000,421000
2010/05/31,0,2285000,-847000,1438000
2010/06/01,0,549000,-1224000,-675000
2010/06/02,0,1125000,-1302000,-177000
2010/06/03,0,1889000,-402000,1487000
2010/06/04,0,647780,-132000,515780
2010/06/07,0,409000,-3431797,-3022797
2010/06/08,0,907000,-675000,232000
2010/06/09,0,723000,-2057000,-1334000
2010/06/10,0,694000,-254000,440000
2010/06/11,0,2415898,-221000,2194898
2010/06/14,0,2378770,-162000,2216770
2010/06/15,0,3696540,-123680,3572860
2010/06/16,0,0,0,0
2010/06/17,0,6825557,-2129674,4695883
2010/06/18,0,2448194,-639000,1809194
2010/06/21,0,9369128,-629471,8739657
2010/06/22,0,2243624,-1127000,1116624
2010/06/23,0,1673232,-559866,1113366
2010/06/24,0,1138000,-1681250,-543250
2010/06/25,0,2131453,-1253000,878453
2010/06/28,0,1001000,-788000,213000
2010/06/29,0,3255000,-2343000,912000
2010/06/30,0,2120000,-3794000,-1674000
2010/07/01,0,1096000,-3959720,-2863720
2010/07/02,0,2305000,-1761800,543200
2010/07/05,0,3463589,-1428000,2035589
2010/07/06,0,4484000,-1233000,3251000
2010/07/07,0,597678,-1122000,-524322
2010/07/08,0,1440000,-301000,1139000
2010/07/09,0,825460,-239000,586460
2010/07/12,0,2002980,-479576,1523404
2010/07/13,0,841000,-1108000,-267000
2010/07/14,0,3083540,-505194,2578346
2010/07/15,0,2886000,-1092000,1794000
2010/07/16,0,2004083,-1694000,310083
2010/07/19,0,1759000,-661000,1098000
2010/07/20,0,2586562,-459000,2127562
2010/07/21,0,2866000,-3238000,-372000
2010/07/22,0,1625331,-1521003,104328
2010/07/23,0,4426000,-1053000,3373000
2010/07/26,0,3883050,-2439000,1444050
2010/07/27,0,1129766,-1638000,-508234
2010/07/28,0,2808000,-133000,2675000
2010/07/29,0,1952000,-708544,1243456
2010/07/30,0,1140311,-1908000,-767689
2010/08/02,0,5743000,-77000,5666000
2010/08/03,0,675000,-408000,267000
2010/08/04,0,684000,-1113000,-429000
2010/08/05,0,1090000,-1150000,-60000
2010/08/06,0,2377000,-4000,2373000
2010/08/09,0,2390000,-483101,1906899
2010/08/10,0,339000,-1693000,-1354000
2010/08/11,0,2169000,-1087087,1081913
2010/08/12,0,606000,-1352000,-746000
2010/08/13,0,1086000,-905679,180321
2010/08/16,0,117000,-708000,-591000
2010/08/17,0,630000,-628000,2000
2010/08/18,0,1039000,-4030000,-2991000
2010/08/19,0,1036000,-2745000,-1709000
2010/08/20,0,444000,-1956000,-1512000
2010/08/23,0,3135000,-1509000,1626000
2010/08/24,0,2505000,-1912800,592200
2010/08/25,0,419000,-6230000,-5811000
2010/08/26,0,467000,-2722000,-2255000
2010/08/27,0,1676000,-1672036,3964
2010/08/30,0,1453046,-878021,575025
2010/08/31,0,1352000,-2651185,-1299185
2010/09/01,0,612000,-1039000,-427000
2010/09/02,0,1546565,-695000,851565
2010/09/03,0,2997000,-1189000,1808000
2010/09/06,0,4112000,0,4112000
2010/09/07,0,557763,-206230,351533
2010/09/08,0,854990,-992857,-137867
2010/09/09,0,1111000,-223000,888000
2010/09/10,0,2693250,-16000,2677250
2010/09/13,0,9806000,-104000,9702000
2010/09/14,0,2877000,-447000,2430000
2010/09/15,0,1902365,-393000,1509365
2010/09/16,0,1878000,-70255,1807745
2010/09/17,0,3124000,-3693000,-569000
2010/09/20,0,2713000,-411000,2302000
2010/09/21,0,3402000,-397200,3004800
2010/09/22,0,0,0,0
2010/09/23,0,3710000,-1524013,2185987
2010/09/24,0,4210670,-462000,3748670
2010/09/27,0,1561940,-378815,1183125
2010/09/28,0,1462820,-200000,1262820
2010/09/29,0,4890000,-2575880,2314120
2010/09/30,0,1903000,-1514000,389000
2010/10/01,0,2153920,-416000,1737920
2010/10/04,0,3232540,-724000,2508540
2010/10/05,0,1736530,-4279980,-2543450
2010/10/06,0,4408340,-352897,4055443
2010/10/07,0,3488890,-1520024,1968866
2010/10/08,0,2147520,-1696000,451520
2010/10/11,0,1549300,-832000,717300
2010/10/12,0,861770,-2529000,-1667230
2010/10/13,0,2976850,-1005000,1971850
2010/10/14,0,5318880,-759000,4559880
2010/10/15,0,1186610,-62084,1124526
2010/10/18,0,671000,-3309000,-2638000
2010/10/19,0,3657000,-4270022,-613022
2010/10/20,0,2144750,-3366000,-1221250
2010/10/21,0,2152695,-2925000,-772305
2010/10/22,0,2783003,-1466000,1317003
2010/10/25,0,2481000,-520000,1961000
2010/10/26,0,1738000,-186052,1551948
2010/10/27,0,1023830,-553101,470729
2010/10/28,0,5153065,-1273000,3880065
2010/10/29,0,837000,-486000,351000
2010/11/01,0,4883000,-650000,4233000
2010/11/02,0,1877000,-143000,1734000
2010/11/03,0,2304000,-348000,1956000
2010/11/04,0,2298000,-176000,2122000
2010/11/05,0,1848000,-28328,1819672
2010/11/08,0,635000,-226000,409000
2010/11/09,0,1318000,-826000,492000
2010/11/10,0,1732000,-1604070,127930
2010/11/11,0,2148000,-1709687,438313
2010/11/12,0,1140000,-3723000,-2583000
2010/11/15,0,456554,-1442000,-985446
2010/11/16,0,1309000,-3031000,-1722000
2010/11/17,0,1565000,-4821000,-3256000
2010/11/18,0,561000,-1863719,-1302719
2010/11/19,0,806270,-2246366,-1440096
2010/11/22,0,810690,-211000,599690
2010/11/23,0,422990,-2185000,-1762010
2010/11/24,0,1749000,-562000,1187000
2010/11/25,0,330000,-670000,-340000
2010/11/26,0,562000,-653000,-91000
2010/11/29,0,1762000,-3215969,-1453969
2010/11/30,0,3876238,-4895741,-1019503
2010/12/01,0,1348000,-1760505,-412505
2010/12/02,0,5667000,-1341451,4325549
2010/12/03,0,1761000,-891750,869250
2010/12/06,0,1606000,-909750,696250
2010/12/07,0,1199380,-1253000,-53620
2010/12/08,0,1259000,-1188233,70767
2010/12/09,0,4090000,-1052000,3038000
2010/12/10,0,536779,-433820,102959
2010/12/13,0,610000,-382000,228000
2010/12/14,0,1347000,-676000,671000
2010/12/15,0,3035000,-3332000,-297000
2010/12/16,0,1441000,-128433,1312567
2010/12/17,0,984000,-1084000,-100000
2010/12/20,0,1001840,-774000,227840
2010/12/21,0,1237000,-543230,693770
2010/12/22,0,1016000,-810180,205820
2010/12/23,0,1354000,-495000,859000
2010/12/24,0,1907000,-254000,1653000
2010/12/27,0,3151000,-302000,2849000
2010/12/28,0,3734000,-290000,3444000
2010/12/29,0,3249000,-3904202,-655202
2010/12/30,0,5900000,-4937000,963000
2010/12/31,0,3707000,-821980,2885020
2011/01/03,0,4003001,-944000,3059001
2011/01/04,0,3003000,-302000,2701000
2011/01/05,0,2875000,-3407410,-532410
2011/01/06,0,2331000,-481000,1850000
2011/01/07,0,3839000,-1286000,2553000
2011/01/10,0,1730000,-1207000,523000
2011/01/11,0,3610000,-2348000,1262000
2011/01/12,0,4885920,-2556955,2328965
2011/01/13,0,2403113,-2396900,6213
2011/01/14,0,1218000,-388000,830000
2011/01/17,0,1408793,-3324000,-1915207
2011/01/18,0,1605000,-1320150,284850
2011/01/19,0,2278000,-1762000,516000
2011/01/20,0,858000,-1175000,-317000
2011/01/21,0,346890,-3019810,-2672920
2011/01/24,0,796000,-451000,345000
2011/01/25,0,695000,-561000,134000
2011/01/26,0,1032000,-163000,869000
2011/01/27,0,1033000,-305540,727460
2011/01/28,0,4018100,-2326000,1692100
2011/01/31,0,0,0,0
2011/02/01,0,0,0,0
2011/02/02,0,0,0,0
2011/02/03,0,0,0,0
2011/02/04,0,0,0,0
2011/02/07,0,0,0,0
2011/02/08,0,1736000,-1032000,704000
2011/02/09,0,2745000,-1439910,1305090
2011/02/10,0,296000,-5547468,-5251468
2011/02/11,0,719000,-13101000,-12382000
2011/02/14,0,564000,-7126450,-6562450
2011/02/15,0,824000,-5128740,-4304740
2011/02/16,0,1398000,-2834000,-1436000
2011/02/17,0,562000,-5005170,-4443170
2011/02/18,0,4100000,-806000,3294000
2011/02/21,0,1333000,-1590000,-257000
2011/02/22,0,772000,-6217433,-5445433
2011/02/23,0,288791,-2576090,-2287299
2011/02/24,0,1076207,-3014000,-1937793
2011/02/25,0,2703000,-4537116,-1834116
2011/02/28,0,0,0,0
2011/03/01,0,1024000,-224000,800000
2011/03/02,0,756207,-3739841,-2983634
2011/03/03,0,2637000,-3916383,-1279383
2011/03/04,0,2874000,-281000,2593000
2011/03/07,0,70000,-268000,-198000
2011/03/08,0,1135000,-340000,795000
2011/03/09,0,410000,-964672,-554672
2011/03/10,0,409000,-2215260,-1806260
2011/03/11,0,218000,-1771320,-1553320
2011/03/14,0,1548000,-2843000,-1295000
2011/03/15,0,3081000,-5046410,-1965410
2011/03/16,0,1584000,-1348750,235250
2011/03/17,0,1687000,-1130130,556870
2011/03/18,0,1662000,-3872415,-2210415
2011/03/21,0,1594000,-2782000,-1188000
2011/03/22,0,1257000,-2415000,-1158000
2011/03/23,0,1398000,-867000,531000
2011/03/24,0,104000,-565000,-461000
2011/03/25,0,2280000,-68000,2212000
2011/03/28,0,1625000,-247000,1378000
2011/03/29,0,2476000,-708634,1767366
2011/03/30,0,4504000,-441000,4063000
2011/03/31,0,2029311,-1540684,488627
2011/04/01,0,877842,-140000,737842
2011/04/04,0,0,0,0
2011/04/05,0,0,0,0
2011/04/06,0,9010131,-260000,8750131
2011/04/07,0,2761346,-1305346,1456000
2011/04/08,0,4197756,-99000,4098756
2011/04/11,0,1772594,-1341000,431594
2011/04/12,0,1108674,-582000,526674
2011/04/13,0,1742000,-107040,1634960
2011/04/14,0,1943000,-709000,1234000
2011/04/15,0,246000,-725000,-479000
2011/04/18,0,541000,-780032,-239032
2011/04/19,0,511000,-2886000,-2375000
2011/04/20,0,2685883,-844359,1841524
2011/04/21,0,9296046,-1032000,8264046
2011/04/22,0,2981000,-179000,2802000
2011/04/25,0,2309000,-507000,1802000
2011/04/26,0,1943631,-220000,1723631
2011/04/27,0,1423000,-263000,1160000
2011/04/28,0,2232939,-918000,1314939
2011/04/29,0,904412,-2049000,-1144588
2011/05/02,0,0,0,0
2011/05/03,0,2756000,-1599000,1157000
2011/05/04,0,1258000,-5175000,-3917000
2011/05/05,0,1828000,-1174001,653999
2011/05/06,0,691254,-1237000,-545746
2011/05/09,0,3891000,-693000,3198000
2011/05/10,0,1381000,-452000,929000
2011/05/11,0,1259000,-1646000,-387000
2011/05/12,0,714000,-1514000,-800000
2011/05/13,0,605000,-2493930,-1888930
2011/05/16,0,874000,-1981000,-1107000
2011/05/17,0,543000,-1888000,-1345000
2011/05/18,0,2677000,-5069000,-2392000
2011/05/19,0,4166000,-1634275,2531725
2011/05/20,0,1121000,-1464000,-343000
2011/05/23,0,228000,-3376000,-3148000
2011/05/24,0,736000,-171289,564711
2011/05/25,0,373000,-3483000,-3110000
2011/05/26,0,1169000,-1477987,-308987
2011/05/27,0,1876000,-837925,1038075
2011/05/30,0,1569000,-2161000,-592000
2011/05/31,0,4193000,-1851585,2341415
2011/06/01,0,2561000,-222514,2338486
2011/06/02,0,3198000,-463000,2735000
2011/06/03,0,1766000,-56000,1710000
2011/06/06,0,0,0,0
2011/06/07,0,1117000,-250750,866250
2011/06/08,0,609000,-563000,46000
2011/06/09,0,1670000,-547732,1122268
2011/06/10,0,1080993,-2467000,-1386007
2011/06/13,0,754000,-1838023,-1084023
2011/06/14,0,1721000,-2285000,-564000
2011/06/15,0,9804000,-9889216,-85216
2011/06/16,0,2340464,-2505000,-164536
2011/06/17,0,4091492,-6847020,-2755528
2011/06/20,0,1621000,-469020,1151980
2011/06/21,0,3026000,-111000,2915000
2011/06/22,0,768000,-2509000,-1741000
2011/06/23,0,865133,-324508,540625
2011/06/24,0,2119000,-657881,1461119
2011/06/27,0,1025000,-688434,336566
2011/06/28,0,1093000,-1059127,33873
2011/06/29,0,3839000,-1175000,2664000
2011/06/30,0,2302000,-781000,1521000
2011/07/01,0,1704508,-603000,1101508
2011/07/04,0,861856,-1033429,-171573
2011/07/05,0,984464,-1182000,-197536
2011/07/06,0,390016,-70000,320016
2011/07/07,0,1148512,-101000,1047512
2011/07/08,0,2267079,-754000,1513079
2011/07/11,0,1026821,-436000,590821
2011/07/12,0,1197465,-2399000,-1201535
2011/07/13,0,2563575,-381009,2182566
2011/07/14,0,640006,-438000,202006
2011/07/15,0,1874780,-637000,1237780
2011/07/18,0,1000632,-963046,37586
2011/07/19,0,762000,-2028700,-1266700
2011/07/20,0,2907878,-928236,1979642
2011/07/21,0,1694873,-343000,1351873
2011/07/22,0,2615658,-108000,2507658
2011/07/25,0,2077479,-771000,1306479
2011/07/26,0,1886565,-276000,1610565
2011/07/27,0,594305,-916000,-321695
2011/07/28,0,956051,-241000,715051
2011/07/29,0,2281959,-559080,1722879
2011/08/01,0,4405489,-238000,4167489
2011/08/02,0,206075,-443000,-236925
2011/08/03,0,1026193,-517000,509193
2011/08/04,0,1771958,-1340000,431958
2011/08/05,0,1703675,-6369587,-4665912
2011/08/08,0,955115,-10679000,-9723885
2011/08/09,0,2530403,-7980132,-5449729
2011/08/10,0,1345000,-11832000,-10487000
2011/08/11,0,2209000,-4720000,-2511000
2011/08/12,0,475000,-7602401,-7127401
2011/08/15,0,1595158,-483760,1111398
2011/08/16,0,1879000,-3073100,-1194100
2011/08/17,0,3332535,-3174000,158535
2011/08/18,0,1662091,-5020000,-3357909
2011/08/19,0,1940776,-1609000,331776
2011/08/22,0,3113948,-1677000,1436948
2011/08/23,0,3134000,-1351003,1782997
2011/08/24,0,1673340,-4192000,-2518660
2011/08/25,0,1555874,-814064,741810
2011/08/26,0,2253861,-765000,1488861
2011/08/29,0,2686000,-346686,2339314
2011/08/30,0,472266,-2020000,-1547734
2011/08/31,0,2074261,-974000,1100261
2011/09/01,0,3475575,-1877505,1598070
2011/09/02,0,1072842,-2537000,-1464158
2011/09/05,0,2055000,-6636093,-4581093
2011/09/06,0,828783,-4520644,-3691861
2011/09/07,0,2098011,-320660,1777351
2011/09/08,0,2432351,-1880022,552329
2011/09/09,0,2276065,-1053000,1223065
2011/09/12,0,0,0,0
2011/09/13,0,759438,-3106000,-2346562
2011/09/14,0,1501308,-4074763,-2573455
2011/09/15,0,2916000,-2100965,815035
2011/09/16,0,5969000,-1633000,4336000
2011/09/19,0,388711,-1815000,-1426289
2011/09/20,0,3060359,-3029740,30619
2011/09/21,0,2734971,-2324000,410971
2011/09/22,0,2333127,-7997000,-5663873
2011/09/23,0,404897,-3869557,-3464660
2011/09/26,0,2437777,-1092000,1345777
2011/09/27,0,5198273,-499000,4699273
2011/09/28,0,4935663,-3399350,1536313
2011/09/29,0,2627471,-1267000,1360471
2011/09/30,0,3447000,-2971000,476000
2011/10/03,0,1432020,-4484794,-3052774
2011/10/04,0,3142000,-714000,2428000
2011/10/05,0,1327000,-1172000,155000
2011/10/06,0,5396000,-535000,4861000
2011/10/07,0,1784000,-338000,1446000
2011/10/10,0,0,0,0
2011/10/11,0,3445000,-1053000,2392000
2011/10/12,0,1663000,-626040,1036960
2011/10/13,0,1443404,-450200,993204
2011/10/14,0,588620,-587000,1620
2011/10/17,0,2429311,-363000,2066311
2011/10/18,0,1074552,-644365,430187
2011/10/19,0,1318436,-1060000,258436
2011/10/20,0,645509,-1581000,-935491
2011/10/21,0,561306,-198000,363306
2011/10/24,0,6765355,-503000,6262355
2011/10/25,0,1042422,-769000,273422
2011/10/26,0,3995000,-75000,3920000
2011/10/27,0,1478245,-504000,974245
2011/10/28,0,5034000,-298003,4735997
2011/10/31,0,2269000,-808000,1461000
2011/11/01,0,2636000,-510000,2126000
2011/11/02,0,1535000,-1141000,394000
2011/11/03,0,1964000,-3806000,-1842000
2011/11/04,0,4063000,-338000,3725000
2011/11/07,0,4029823,-768000,3261823
2011/11/08,0,3525029,-1522001,2003028
2011/11/09,0,1727000,-1056000,671000
2011/11/10,0,842000,-2361000,-1519000
2011/11/11,0,868000,-2196000,-1328000
2011/11/14,0,1453000,-395000,1058000
2011/11/15,0,1337000,-800000,537000
2011/11/16,0,2181000,-3736000,-1555000
2011/11/17,0,1800000,-1064897,735103
2011/11/18,0,5696000,-2193038,3502962
2011/11/21,0,2707000,-2170000,537000
2011/11/22,0,2348000,-1555000,793000
2011/11/23,0,1377000,-6648911,-5271911
2011/11/24,0,2706000,-1356000,1350000
2011/11/25,0,3095000,-5109000,-2014000
2011/11/28,0,2350980,-2617000,-266020
2011/11/29,0,4471000,-1248000,3223000
2011/11/30,0,10129301,-4877000,5252301
2011/12/01,0,9751000,-490281,9260719
2011/12/02,0,5481000,-1292000,4189000
2011/12/05,0,2373000,-635000,1738000
2011/12/06,0,2663000,-1339000,1324000
2011/12/07,0,4569000,-1725000,2844000
2011/12/08,0,2997000,-3475000,-478000
2011/12/09,0,1469239,-3468000,-1998761
2011/12/12,0,692000,-932000,-240000
2011/12/13,0,1838000,-927000,911000
2011/12/14,0,648000,-1593000,-945000
2011/12/15,0,1680000,-3935000,-2255000
2011/12/16,0,1337000,-1890312,-553312
2011/12/19,0,2753000,-3631000,-878000
2011/12/20,0,4154000,-5570300,-1416300
2011/12/21,0,646000,-3324814,-2678814
2011/12/22,0,1200000,-2047160,-847160
2011/12/23,0,4689000,-1227000,3462000
2011/12/26,0,1719000,-51424,1667576
2011/12/27,0,1334000,-405000,929000
2011/12/28,0,3358000,-1230000,2128000
2011/12/29,0,3327000,-5281541,-1954541
2011/12/30,0,3921575,-1276000,2645575
2012/01/02,0,174000,-2496000,-2322000
2012/01/03,0,7773993,-1282073,6491920
2012/01/04,0,4861000,-3248420,1612580
2012/01/05,0,3571000,-2384000,1187000
2012/01/06,0,1160426,-5564000,-4403574
2012/01/09,0,2139000,-2175000,-36000
2012/01/10,0,4477000,-903000,3574000
2012/01/11,0,1820000,-1509000,311000
2012/01/12,0,2731000,-4517000,-1786000
2012/01/13,0,11168000,-889000,10279000
2012/01/16,0,1750000,-5551000,-3801000
2012/01/17,0,2958000,-1498000,1460000
2012/01/18,0,5509981,-5530000,-20019
2012/01/19,0,0,0,0
2012/01/20,0,0,0,0
2012/01/23,0,0,0,0
2012/01/24,0,0,0,0
2012/01/25,0,0,0,0
2012/01/26,0,0,0,0
2012/01/27,0,0,0,0
2012/01/30,0,13887284,-2179000,11708284
2012/01/31,0,7432262,-869000,6563262
2012/02/01,0,4769000,-1889900,2879100
2012/02/02,0,3698000,-1278000,2420000
2012/02/03,0,2105000,-862000,1243000
2012/02/06,0,3797000,-2283000,1514000
2012/02/07,0,3981000,-93000,3888000
2012/02/08,0,4917000,-366000,4551000
2012/02/09,0,1726000,-1781206,-55206
2012/02/10,0,3132000,-1711000,1421000
2012/02/13,0,4253000,-195000,4058000
2012/02/14,0,1802498,-2496300,-693802
2012/02/15,0,9515000,-244000,9271000
2012/02/16,0,4232000,-3872000,360000
2012/02/17,0,6233000,-3189000,3044000
2012/02/20,0,842000,-1500000,-658000
2012/02/21,0,1951015,-1311000,640015
2012/02/22,0,5214000,-2985000,2229000
2012/02/23,0,1907000,-734000,1173000
2012/02/24,0,5116750,-1214000,3902750
2012/02/27,0,0,0,0
2012/02/28,0,0,0,0
2012/02/29,0,16281942,-8393365,7888577
2012/03/01,0,3219132,-1137228,2081904
2012/03/02,0,2958162,-877000,2081162
2012/03/05,0,1805000,-2274000,-469000
2012/03/06,0,2905000,-2188706,716294
2012/03/07,0,906000,-2494294,-1588294
2012/03/08,0,6289200,-2110000,4179200
2012/03/09,0,3277000,-1524000,1753000
2012/03/12,0,2101000,-987000,1114000
2012/03/13,0,13080000,-3053920,10026080
2012/03/14,0,7305750,-265025,7040725
2012/03/15,0,3870000,-1067000,2803000
2012/03/16,0,3829000,-1954000,1875000
2012/03/19,0,1882000,-1694000,188000
2012/03/20,0,1339000,-1784000,-445000
2012/03/21,0,2834612,-4283804,-1449192
2012/03/22,0,3163000,-3473604,-310604
2012/03/23,0,2944000,-78000,2866000
2012/03/26,0,1746159,-8353000,-6606841
2012/03/27,0,2085000,-1002000,1083000
2012/03/28,0,1516000,-948720,567280
2012/03/29,0,3214000,-3198000,16000
2012/03/30,0,4489621,-3463000,1026621
2012/04/02,0,258000,-1491000,-1233000
2012/04/03,0,3939026,-1104284,2834742
2012/04/04,0,0,0,0
2012/04/05,0,819000,-2283000,-1464000
2012/04/06,0,69000,-4966499,-4897499
2012/04/09,0,657000,-3366000,-2709000
2012/04/10,0,2384000,-2231000,153000
2012/04/11,0,1016000,-2793966,-1777966
2012/04/12,0,5971000,-8054000,-2083000
2012/04/13,0,2089527,-3076130,-986603
2012/04/16,0,375000,-1908000,-1533000
2012/04/17,0,1569000,-4792000,-3223000
2012/04/18,0,490000,-3379981,-2889981
2012/04/19,0,1729000,-510000,1219000
2012/04/20,0,554000,-1747471,-1193471
2012/04/23,0,2270000,-457000,1813000
2012/04/24,0,1082000,-521000,561000
2012/04/25,0,3260000,-1460000,1800000
2012/04/26,0,536000,-1762000,-1226000
2012/04/27,0,2331026,-3300000,-968974
2012/04/30,0,2355000,-4945116,-2590116
2012/05/01,0,0,0,0
2012/05/02,0,5923000,-2795000,3128000
2012/05/03,0,812000,-676000,136000
2012/05/04,0,4687000,-2084000,2603000
2012/05/07,0,1827000,-7567000,-5740000
2012/05/08,0,1814000,-2687060,-873060
2012/05/09,0,476000,-3755000,-3279000
2012/05/10,0,1253670,-872473,381197
2012/05/11,0,1078531,-4403000,-3324469
2012/05/14,0,1056000,-1429000,-373000
2012/05/15,0,2439000,-3109000,-670000
2012/05/16,0,517860,-5837000,-5319140
2012/05/17,0,3124000,-2933000,191000
2012/05/18,0,2050000,-5960000,-3910000
2012/05/21,0,879000,-1103000,-224000
2012/05/22,0,1196000,-2545000,-1349000
2012/05/23,0,1401860,-4363000,-2961140
2012/05/24,0,2296000,-1926000,370000
2012/05/25,0,1034000,-2215000,-1181000
2012/05/28,0,1253000,-378000,875000
2012/05/29,0,2283000,-1476000,807000
2012/05/30,0,5387000,-9757765,-4370765
2012/05/31,0,11068101,-6287186,4780915
2012/06/01,0,574000,-3936009,-3362009
2012/06/04,0,2146716,-1007526,1139190
2012/06/05,0,980000,-1454000,-474000
2012/06/06,0,2282000,-1765964,516036
2012/06/07,0,1522131,-1515000,7131
2012/06/08,0,2137288,-1746000,391288
2012/06/11,0,3105609,-1426000,1679609
2012/06/12,0,2653000,-3472000,-819000
2012/06/13,0,597691,-2941310,-2343619
2012/06/14,0,1724910,-227932,1496978
2012/06/15,0,3953150,-730258,3222892
2012/06/18,0,2402492,-1712568,689924
2012/06/19,0,1540072,-1023000,517072
2012/06/20,0,3674524,-2651071,1023453
2012/06/21,0,989780,-2942612,-1952832
2012/06/22,0,1417498,-4109000,-2691502
2012/06/25,0,437000,-4472151,-4035151
2012/06/26,0,1457000,-1753000,-296000
2012/06/27,0,2336000,-2332880,3120
2012/06/28,0,1639000,-3069000,-1430000
2012/06/29,0,7613039,-2034000,5579039
2012/07/02,0,1400000,-3152000,-1752000
2012/07/03,0,3321860,-1582000,1739860
2012/07/04,0,1552251,-1105000,447251
2012/07/05,0,1847000,-123000,1724000
2012/07/06,0,3660000,-575000,3085000
2012/07/09,0,1425000,-298000,1127000
2012/07/10,0,1833100,-961000,872100
2012/07/11,0,2334000,-503000,1831000
2012/07/12,0,944000,-2812000,-1868000
2012/07/13,0,1686832,-313847,1372985
2012/07/16,0,1502000,-349000,1153000
2012/07/17,0,2624000,-553000,2071000
2012/07/18,0,1418000,-3721860,-2303860
2012/07/19,0,1811000,-671860,1139140
2012/07/20,0,1573000,-675421,897579
2012/07/23,0,1373000,-2885000,-1512000
2012/07/24,0,3182000,-1376860,1805140
2012/07/25,0,321000,-3275000,-2954000
2012/07/26,0,2073000,-2735101,-662101
2012/07/27,0,4291000,-1577000,2714000
2012/07/30,0,3170247,-536000,2634247
2012/07/31,0,6037585,-1327000,4710585
2012/08/01,0,2305000,-1183000,1122000
2012/08/02,0,0,0,0
2012/08/03,0,1567262,-312860,1254402
2012/08/06,0,6414000,-41000,6373000
2012/08/07,0,4510000,-535000,3975000
2012/08/08,0,4911214,-257000,4654214
2012/08/09,0,7187000,-382000,6805000
2012/08/10,0,4218000,-545747,3672253
2012/08/13,0,3506000,-663000,2843000
2012/08/14,0,8571000,-1112000,7459000
2012/08/15,0,4350000,-583000,3767000
2012/08/16,0,2697000,-903000,1794000
2012/08/17,0,1916000,-818000,1098000
2012/08/20,0,135000,-1506000,-1371000
2012/08/21,0,5846345,-947603,4898742
2012/08/22,0,753097,-911000,-157903
2012/08/23,0,2390297,-957000,1433297
2012/08/24,0,1146000,-623350,522650
2012/08/27,0,2194000,-872000,1322000
2012/08/28,0,1550847,-661000,889847
2012/08/29,0,2068000,-715000,1353000
2012/08/30,0,4471000,-5462000,-991000
2012/08/31,0,1981915,-1365801,616114
2012/09/03,0,1029000,-1581000,-552000
2012/09/04,0,1087000,-1014000,73000
2012/09/05,0,1035000,-4391000,-3356000
2012/09/06,0,842000,-1695200,-853200
2012/09/07,0,2461078,-51300,2409778
2012/09/10,0,689000,-803000,-114000
2012/09/11,0,472000,-749000,-277000
2012/09/12,0,2174000,-267000,1907000
2012/09/13,0,1964000,-555000,1409000
2012/09/14,0,4561000,-338000,4223000
2012/09/17,0,2133000,-1138000,995000
2012/09/18,0,3467000,-553000,2914000
2012/09/19,0,5086981,-210000,4876981
2012/09/20,0,3669000,-420000,3249000
2012/09/21,0,5493398,-283000,5210398
2012/09/24,0,2486026,-574766,1911260
2012/09/25,0,5447000,-1516000,3931000
2012/09/26,0,3515000,-1432000,2083000
2012/09/27,0,5672000,-1510071,4161929
2012/09/28,0,2845000,-1821601,1023399
2012/10/01,0,949000,-967500,-18500
2012/10/02,0,3603000,-1111000,2492000
2012/10/03,0,894000,-438000,456000
2012/10/04,0,4276000,-428000,3848000
2012/10/05,0,1134000,-310502,823498
2012/10/08,0,2475900,-678000,1797900
2012/10/09,0,4108000,-549000,3559000
2012/10/10,0,0,0,0
2012/10/11,0,391000,-1394225,-1003225
2012/10/12,0,887000,-2160000,-1273000
2012/10/15,0,1372000,-388000,984000
2012/10/16,0,1123000,-928000,195000
2012/10/17,0,1395000,-1224000,171000
2012/10/18,0,973000,-1251948,-278948
2012/10/19,0,703000,-1082000,-379000
2012/10/22,0,1824000,-3258637,-1434637
2012/10/23,0,351400,-924382,-572982
2012/10/24,0,443000,-1864522,-1421522
2012/10/25,0,767000,-1690000,-923000
2012/10/26,0,1542000,-2359000,-817000
2012/10/29,0,691400,-1247000,-555600
2012/10/30,0,1762458,-2634000,-871542
2012/10/31,0,1369000,-2877950,-1508950
2012/11/01,0,2040000,-4031000,-1991000
2012/11/02,0,3933000,-2024000,1909000
2012/11/05,0,2024000,-1585000,439000
2012/11/06,0,1015000,-1117000,-102000
2012/11/07,0,2811000,-1444000,1367000
2012/11/08,0,2594000,-4722000,-2128000
2012/11/09,0,1611000,-2401000,-790000
2012/11/12,0,992000,-1114850,-122850
2012/11/13,0,978000,-4394000,-3416000
2012/11/14,0,785000,-854000,-69000
2012/11/15,0,1780000,-2262000,-482000
2012/11/16,0,2759000,-2762000,-3000
2012/11/19,0,1908000,-948150,959850
2012/11/20,0,528000,-726000,-198000
2012/11/21,0,1993000,-3941050,-1948050
2012/11/22,0,2569000,-105000,2464000
2012/11/23,0,6721000,-422000,6299000
2012/11/26,0,3271000,-654000,2617000
2012/11/27,0,5591000,-790150,4800850
2012/11/28,0,3569200,-1508490,2060710
2012/11/29,0,6942000,-1620000,5322000
2012/11/30,0,13903000,-4319682,9583318
2012/12/03,0,4650000,-1953550,2696450
2012/12/04,0,2530000,-1603000,927000
2012/12/05,0,5815000,-966000,4849000
2012/12/06,0,3711000,-898437,2812563
2012/12/07,0,3346000,-618000,2728000
2012/12/10,0,4071000,-1807000,2264000
2012/12/11,0,7011873,-1127000,5884873
2012/12/12,0,6269000,-1106000,5163000
2012/12/13,0,9339141,-1452000,7887141
2012/12/14,0,7078600,-666000,6412600
2012/12/17,0,3848000,-984000,2864000
2012/12/18,0,5416000,-2053081,3362919
2012/12/19,0,7849000,-385000,7464000
2012/12/20,0,4300000,-3456000,844000
2012/12/21,0,1764000,-3626651,-1862651
2012/12/24,0,1213000,-369000,844000
2012/12/25,0,1976000,-105000,1871000
2012/12/26,0,2842000,-368000,2474000
2012/12/27,0,2353264,-327000,2026264
2012/12/28,0,3738000,-587000,3151000
2012/12/31,0,0,0,0
2013/01/01,0,0,0,0
2013/01/02,0,5074000,-366000,4708000
2013/01/03,0,4716000,-3683000,1033000
2013/01/04,0,2548000,-4346105,-1798105
2013/01/07,0,1982000,-2533100,-551100
2013/01/08,0,2005000,-1488000,517000
2013/01/09,0,2830000,-1879200,950800
2013/01/10,0,7184000,-4367555,2816445
2013/01/11,0,2805000,-1373000,1432000
2013/01/14,0,1973000,-1485000,488000
2013/01/15,0,2009000,-1242000,767000
2013/01/16,0,3311000,-2664250,646750
2013/01/17,0,2374800,-1424000,950800
2013/01/18,0,1848000,-204000,1644000
2013/01/21,0,1416000,-584000,832000
2013/01/22,0,1843000,-471052,1371948
2013/01/23,0,1462000,-741975,720025
2013/01/24,0,1461000,-3204177,-1743177
2013/01/25,0,1619773,-6140467,-4520694
2013/01/28,0,1618000,-1614000,4000
2013/01/29,0,7457600,-5431000,2026600
2013/01/30,0,2585000,-1321000,1264000
2013/01/31,0,6475000,-3006550,3468450
2013/02/01,0,3541000,-377000,3164000
2013/02/04,0,6325000,-2082000,4243000
2013/02/05,0,4676000,-209085,4466915
2013/02/06,0,1638000,-1684950,-46950
2013/02/07,0,0,0,0
2013/02/08,0,0,0,0
2013/02/11,0,0,0,0
2013/02/12,0,0,0,0
2013/02/13,0,0,0,0
2013/02/14,0,0,0,0
2013/02/15,0,0,0,0
2013/02/18,0,5020654,-2568000,2452654
2013/02/19,0,2247909,-803000,1444909
2013/02/20,0,5276201,-3124000,2152201
2013/02/21,0,3519000,-3425413,93587
2013/02/22,0,3716000,-3318000,398000
2013/02/25,0,3040000,-3224965,-184965
2013/02/26,0,2770000,-2601116,168884
2013/02/27,0,4562000,-4978036,-416036
2013/02/28,0,0,0,0
2013/03/01,0,1454000,-3751000,-2297000
2013/03/04,0,1458000,-8788000,-7330000
2013/03/05,0,2491000,-2976000,-485000
2013/03/06,0,1033000,-1438000,-405000
2013/03/07,0,921000,-2565137,-1644137
2013/03/08,0,4282400,-697000,3585400
2013/03/11,0,1514000,-1664870,-150870
2013/03/12,0,2101000,-863004,1237996
2013/03/13,0,2966000,-1304000,1662000
2013/03/14,0,875000,-3371996,-2496996
2013/03/15,0,5740447,-10465696,-4725249
2013/03/18,0,766000,-3064550,-2298550
2013/03/19,0,2075000,-4052000,-1977000
2013/03/20,0,2351000,-9072877,-6721877
2013/03/21,0,1493651,-3795000,-2301349
2013/03/22,0,2465000,-4201292,-1736292
2013/03/25,0,1458000,-2405932,-947932
2013/03/26,0,2568000,-3683000,-1115000
2013/03/27,0,1926000,-1531018,394982
2013/03/28,0,1519000,-1857000,-338000
2013/03/29,0,2446000,-73000,2373000
2013/04/01,0,696007,-242000,454007
2013/04/02,0,1822876,-266000,1556876
2013/04/03,0,2587250,-1183000,1404250
2013/04/04,0,0,0,0
2013/04/05,0,0,0,0
2013/04/08,0,2251229,-4414150,-2162921
2013/04/09,0,3170000,-3931118,-761118
2013/04/10,0,1701000,-3511000,-1810000
2013/04/11,0,2210608,-1999500,211108
2013/04/12,0,1335000,-1418000,-83000
2013/04/15,0,2448979,-1741800,707179
2013/04/16,0,1891799,-767000,1124799
2013/04/17,0,4112000,-10704000,-6592000
2013/04/18,0,1036000,-2359000,-1323000
2013/04/19,0,2873000,-420000,2453000
2013/04/22,0,1909000,-763000,1146000
2013/04/23,0,2019000,-728000,1291000
2013/04/24,0,3907000,-168000,3739000
2013/04/25,0,3939377,-1434000,2505377
2013/04/26,0,3709000,-972327,2736673
2013/04/29,0,2479000,-259000,2220000
2013/04/30,0,5442000,-1593050,3848950
2013/05/01,0,0,0,0
2013/05/02,0,1197000,-282174,914826
2013/05/03,0,2298000,-886000,1412000
2013/05/06,0,1919000,-811563,1107437
2013/05/07,0,2460000,-122033,2337967
2013/05/08,0,5409350,-662000,4747350
2013/05/09,0,3647013,-1216888,2430125
2013/05/10,0,2254000,-698000,1556000
2013/05/13,0,1037000,-715420,321580
2013/05/14,0,2527000,-1680000,847000
2013/05/15,0,5726000,-4272080,1453920
2013/05/16,0,4365000,-1777000,2588000
2013/05/17,0,1402812,-305000,1097812
2013/05/20,0,3163994,-854869,2309125
2013/05/21,0,2689000,-1786375,902625
2013/05/22,0,6845000,-827000,6018000
2013/05/23,0,6195000,-5632600,562400
2013/05/24,0,4569610,-5159000,-589390
2013/05/27,0,4284799,-1884000,2400799
2013/05/28,0,2506000,-2484000,22000
2013/05/29,0,5291000,-1932000,3359000
2013/05/30,0,3932000,-7293000,-3361000
2013/05/31,0,22232000,-15185898,7046102
2013/06/03,0,951000,-3592000,-2641000
2013/06/04,0,2473000,-2902000,-429000
2013/06/05,0,1121601,-3049382,-1927781
2013/06/06,0,1238609,-2730902,-1492293
2013/06/07,0,2405098,-2850447,-445349
2013/06/10,0,1450000,-964000,486000
2013/06/11,0,2503810,-2785000,-281190
2013/06/12,0,0,0,0
2013/06/13,0,603000,-5669326,-5066326
2013/06/14,0,805000,-2635850,-1830850
2013/06/17,0,894000,-1744344,-850344
2013/06/18,0,1250000,-3824000,-2574000
2013/06/19,0,555000,-5785702,-5230702
2013/06/20,0,686000,-4331694,-3645694
2013/06/21,0,1237000,-8346582,-7109582
2013/06/24,0,1094000,-3985586,-2891586
2013/06/25,0,1549000,-4723291,-3174291
2013/06/26,0,5940307,-7855901,-1915594
2013/06/27,0,3454693,-3743500,-288807
2013/06/28,0,9248000,-3048680,6199320
2013/07/01,0,3448600,-3301600,147000
2013/07/02,0,1622544,-2355228,-732684
2013/07/03,0,3580000,-3416400,163600
2013/07/04,0,457000,-940000,-483000
2013/07/05,0,2343000,-1848000,495000
2013/07/08,0,1491000,-2729000,-1238000
2013/07/09,0,3115000,-2634171,480829
2013/07/10,0,1801000,-835000,966000
2013/07/11,0,6789631,-321348,6468283
2013/07/12,0,3681000,-619000,3062000
2013/07/15,0,4334950,-1395000,2939950
2013/07/16,0,6396000,-1814000,4582000
2013/07/17,0,10264000,-5588000,4676000
2013/07/18,0,8111000,-978000,7133000
2013/07/19,0,5006561,-927000,4079561
2013/07/22,0,3821341,-374000,3447341
2013/07/23,0,7032000,-992000,6040000
2013/07/24,0,2545115,-443000,2102115
2013/07/25,0,2895000,-2267000,628000
2013/07/26,0,3294000,-2053000,1241000
2013/07/29,0,2228000,-2539000,-311000
2013/07/30,0,4769707,-1142000,3627707
2013/07/31,0,3596000,-2720000,876000
2013/08/01,0,3294000,-2819000,475000
2013/08/02,0,2609000,-3490000,-881000
2013/08/05,0,2514544,-631000,1883544
2013/08/06,0,3411000,-4319000,-908000
2013/08/07,0,930000,-2811900,-1881900
2013/08/08,0,2033997,-4217000,-2183003
2013/08/09,0,1686000,-5825000,-4139000
2013/08/12,0,3459000,-627000,2832000
2013/08/13,0,3224000,-559000,2665000
2013/08/14,0,4095970,-2524000,1571970
2013/08/15,0,4186000,-5037597,-851597
2013/08/16,0,3026362,-4057150,-1030788
2013/08/19,0,3227941,-5150000,-1922059
2013/08/20,0,2133020,-2666000,-532980
2013/08/21,0,0,0,0
2013/08/22,0,5427700,-10005722,-4578022
2013/08/23,0,3066000,-2937000,129000
2013/08/26,0,1039000,-823000,216000
2013/08/27,0,762000,-1398000,-636000
2013/08/28,0,3406000,-3193000,213000
2013/08/29,0,4326042,-2125000,2201042
2013/08/30,0,5805000,-3018000,2787000
2013/09/02,0,2665000,-286000,2379000
2013/09/03,0,3701000,-1769000,1932000
2013/09/04,0,3901000,-439807,3461193
2013/09/05,0,4512190,-561000,3951190
2013/09/06,0,3032000,-1991000,1041000
2013/09/09,0,4102000,-1267000,2835000
2013/09/10,0,4163000,-1556000,2607000
2013/09/11,0,5669000,-1163490,4505510
2013/09/12,0,5540000,-1379000,4161000
2013/09/13,0,3384000,-1649493,1734507
2013/09/16,0,4534000,-1141000,3393000
2013/09/17,0,2767000,-2203950,563050
2013/09/18,0,4102434,-2338720,1763714
2013/09/19,0,0,0,0
2013/09/20,0,0,0,0
2013/09/23,0,6192000,-2163602,4028398
2013/09/24,0,2605000,-2298248,306752
2013/09/25,0,5197680,-2689680,2508000
2013/09/26,0,1650000,-2597368,-947368
2013/09/27,0,4031000,-1832586,2198414
2013/09/30,0,2408000,-4545337,-2137337
2013/10/01,0,1634000,-2095675,-461675
2013/10/02,0,1276979,-1237809,39170
2013/10/03,0,7606035,-602974,7003061
2013/10/04,0,3392000,-608000,2784000
2013/10/07,0,1466964,-1352000,114964
2013/10/08,0,2679000,-248043,2430957
2013/10/09,0,2172000,-1386000,786000
2013/10/10,0,0,0,0
2013/10/11,0,2579000,-1473963,1105037
2013/10/14,0,1551000,-344181,1206819
2013/10/15,0,4410000,-764644,3645356
2013/10/16,0,2118400,-562000,1556400
2013/10/17,0,3562700,-603000,2959700
2013/10/18,0,1780000,-379447,1400553
2013/10/21,0,1170000,-329000,841000
2013/10/22,0,2140000,-674000,1466000
2013/10/23,0,2085256,-1029000,1056256
2013/10/24,0,2771000,-199000,2572000
2013/10/25,0,1046179,-2329000,-1282821
2013/10/28,0,2376000,-357576,2018424
2013/10/29,0,3888000,-2457154,1430846
2013/10/30,0,2810000,-37000,2773000
2013/10/31,0,3726000,-2427587,1298413
2013/11/01,0,811000,-437000,374000
2013/11/04,0,456000,-1051000,-595000
2013/11/05,0,446000,-2748354,-2302354
2013/11/06,0,879000,-484000,395000
2013/11/07,0,295000,-2191000,-1896000
2013/11/08,0,3199000,-2807000,392000
2013/11/11,0,747000,-2980000,-2233000
2013/11/12,0,2050000,-2392000,-342000
2013/11/13,0,1691660,-4091000,-2399340
2013/11/14,0,1497000,-2426000,-929000
2013/11/15,0,625400,-944000,-318600
2013/11/18,0,1049000,-448000,601000
2013/11/19,0,4847732,-4607732,240000
2013/11/20,0,2289000,-2278000,11000
2013/11/21,0,3232000,-5519313,-2287313
2013/11/22,0,1644000,-1525000,119000
2013/11/25,0,3285440,-449000,2836440
2013/11/26,0,6556509,-7251259,-694750
2013/11/27,0,2507964,-772000,1735964
2013/11/28,0,2497000,-743850,1753150
2013/11/29,0,3238000,-1234000,2004000
2013/12/02,0,1623964,-406000,1217964
2013/12/03,0,1463309,-1127587,335722
2013/12/04,0,1884000,-697000,1187000
2013/12/05,0,688000,-842000,-154000
2013/12/06,0,851000,-1475500,-624500
2013/12/09,0,3724000,-819303,2904697
2013/12/10,0,2747000,-575000,2172000
2013/12/11,0,3149000,-606000,2543000
2013/12/12,0,469350,-2792924,-2323574
2013/12/13,0,1674000,-1279000,395000
2013/12/16,0,81001,-1317074,-1236073
2013/12/17,0,425000,-1377000,-952000
2013/12/18,0,994000,-628000,366000
2013/12/19,0,1753000,-498742,1254258
2013/12/20,0,2012000,-3868597,-1856597
2013/12/23,0,1713000,-1233727,479273
2013/12/24,0,795000,-705345,89655
2013/12/25,0,497000,-34549,462451
2013/12/26,0,108000,-35000,73000
2013/12/27,0,2722000,-270000,2452000
2013/12/30,0,4035000,-323023,3711977
2013/12/31,0,1248000,-82000,1166000
2014/01/02,0,575000,-472000,103000
2014/01/03,0,430000,-1725000,-1295000
2014/01/06,0,775000,-1227102,-452102
2014/01/07,0,1538000,-1604000,-66000
2014/01/08,0,1682800,-1798000,-115200
2014/01/09,0,1515000,-1128000,387000
2014/01/10,0,2452000,-1980000,472000
2014/01/13,0,1640000,-459000,1181000
2014/01/14,0,1935000,-1046000,889000
2014/01/15,0,2465000,-1821000,644000
2014/01/16,0,1052000,-182633,869367
2014/01/17,0,1509064,-967550,541514
2014/01/20,0,528000,-172000,356000
2014/01/21,0,932000,-563810,368190
2014/01/22,0,1945000,-1488000,457000
2014/01/23,0,1263000,-2269794,-1006794
2014/01/24,0,2504000,-1297000,1207000
2014/01/27,0,2275000,-11403660,-9128660
2014/02/05,0,5214367,-18647507,-13433140
2014/02/06,0,1729000,-9930000,-8201000
2014/02/07,0,2657000,-4542345,-1885345
2014/02/10,0,105000,-2457000,-2352000
2014/02/11,0,914000,-2168176,-1254176
2014/02/12,0,2114450,-1694784,419666
2014/02/13,0,1019931,-829000,190931
2014/02/14,0,4683000,-508489,4174511
2014/02/17,0,985000,-531000,454000
2014/02/18,0,1686000,-145000,1541000
2014/02/19,0,3220001,-298000,2922001
2014/02/20,0,703000,-831277,-128277
2014/02/21,0,3348000,-547000,2801000
2014/02/24,0,2408000,-218000,2190000
2014/02/25,0,2791773,-530532,2261241
2014/02/26,0,3822300,-2965094,857206
2014/02/27,0,5322930,-2106976,3215954
2014/03/03,0,3079000,-5941000,-2862000
2014/03/04,0,1334630,-1807000,-472370
2014/03/05,0,1911000,-534000,1377000
2014/03/06,0,3495000,-1048992,2446008
2014/03/07,0,3617000,-1072000,2545000
2014/03/10,0,2005000,-2570404,-565404
2014/03/11,0,944000,-829000,115000
2014/03/12,0,1648000,-586105,1061895
2014/03/13,0,2611000,-1496952,1114048
2014/03/14,0,2284000,-2344984,-60984
2014/03/17,0,1582000,-702000,880000
2014/03/18,0,3749000,-2925660,823340
2014/03/19,0,1343000,-820344,522656
2014/03/20,0,4017000,-5294273,-1277273
2014/03/21,0,5078000,-7630585,-2552585
2014/03/24,0,2293000,-866000,1427000
2014/03/25,0,1401000,-2423309,-1022309
2014/03/26,0,2087000,-3117000,-1030000
2014/03/27,0,3100000,-4027000,-927000
2014/03/28,0,3373000,-1927000,1446000
2014/03/31,0,2811025,-1784000,1027025
2014/04/01,0,4230450,-1972398,2258052
2014/04/02,0,2522000,-4034302,-1512302
2014/04/03,0,3997000,-2879000,1118000
2014/04/07,0,4377000,-5921415,-1544415
2014/04/08,0,1410021,-725000,685021
2014/04/09,0,2242000,-1089950,1152050
2014/04/10,0,1940000,-99919,1840081
2014/04/11,0,4628000,-1629000,2999000
2014/04/14,0,1573001,-564000,1009001
2014/04/15,0,1615000,-2035000,-420000
2014/04/16,0,3968000,-3209000,759000
2014/04/17,0,1077000,-1206000,-129000
2014/04/18,0,1340000,-121000,1219000
2014/04/21,0,9000,-15000,-6000
2014/04/22,0,385000,-147000,238000
2014/04/23,0,789000,-248000,541000
2014/04/24,0,3353000,-654000,2699000
2014/04/25,0,3908000,-1583948,2324052
2014/04/28,0,2060000,-2092000,-32000
2014/04/29,0,898000,-874000,24000
2014/04/30,0,2227000,-7237000,-5010000
2014/05/02,0,2229000,-89000,2140000
2014/05/05,0,807000,-462435,344565
2014/05/06,0,1858000,-654000,1204000
2014/05/07,0,1987000,-2701000,-714000
2014/05/08,0,2835000,-629000,2206000
2014/05/09,0,2433000,-1657957,775043
2014/05/12,0,1792021,-1772000,20021
2014/05/13,0,3246000,-2103000,1143000
2014/05/14,0,4679660,-1524000,3155660
2014/05/15,0,8422000,-1720000,6702000
2014/05/16,0,2991124,-2341000,650124
2014/05/19,0,1971000,-1286527,684473
2014/05/20,0,4803000,-1603115,3199885
2014/05/21,0,2174000,-3419090,-1245090
2014/05/22,0,6567000,-732000,5835000
2014/05/23,0,2983000,-1874888,1108112
2014/05/26,0,3123000,-351500,2771500
2014/05/27,0,4383000,-855000,3528000
2014/05/28,0,6206000,-1736000,4470000
2014/05/29,0,4650000,-2670051,1979949
2014/05/30,0,24399451,-19791800,4607651
2014/06/03,0,10968000,-6023000,4945000
2014/06/04,0,1408000,-3054000,-1646000
2014/06/05,0,2656000,-2208000,448000
2014/06/06,0,1372000,-1118000,254000
2014/06/09,0,1662000,-673000,989000
2014/06/10,0,7567604,-313000,7254604
2014/06/11,0,3475000,-346000,3129000
2014/06/12,0,3151000,-747000,2404000
2014/06/13,0,6457000,-1872000,4585000
2014/06/16,0,4914000,-2663887,2250113
2014/06/17,0,3681000,-1624000,2057000
2014/06/18,0,7612000,-3225000,4387000
2014/06/19,0,2897644,-2248000,649644
2014/06/20,0,4189000,-4153658,35342
2014/06/23,0,3441000,-229543,3211457
2014/06/24,0,3224000,-728857,2495143
2014/06/25,0,5648000,-677695,4970305
2014/06/26,0,3389000,-1403000,1986000
2014/06/27,0,1874000,-2354000,-480000
2014/06/30,0,2753000,-1655000,1098000
2014/07/01,0,2122370,-1155173,967197
2014/07/02,0,2494935,-902955,1591980
2014/07/03,0,485000,-941000,-456000
2014/07/04,0,1285000,-1696000,-411000
2014/07/07,0,1828000,-1527000,301000
2014/07/08,0,3653000,-419000,3234000
2014/07/09,0,2380000,-1549630,830370
2014/07/10,0,3003000,-2877000,126000
2014/07/11,0,2052000,-2097000,-45000
2014/07/14,0,3455000,-1798000,1657000
2014/07/15,0,2032712,-3204000,-1171288
2014/07/16,0,5309000,-5215609,93391
2014/07/17,0,5679000,-1142000,4537000
2014/07/18,0,4550000,-193000,4357000
2014/07/21,0,3453000,-2573376,879624
2014/07/22,0,6882000,-369510,6512490
2014/07/23,0,0,0,0
2014/07/24,0,2198000,-1853000,345000
2014/07/25,0,7002000,-811000,6191000
2014/07/28,0,5293325,-367050,4926275
2014/07/29,0,8187000,-2011000,6176000
2014/07/30,0,8326000,-2309000,6017000
2014/07/31,0,6077160,-4410000,1667160
2014/08/01,0,3800000,-234000,3566000
2014/08/04,0,4488000,-2916000,1572000
2014/08/05,0,6283000,-8685466,-2402466
2014/08/06,0,7556000,-737000,6819000
2014/08/07,0,3278000,-991910,2286090
2014/08/08,0,3252000,-2134112,1117888
2014/08/11,0,1933000,-581000,1352000
2014/08/12,0,2979000,-3113723,-134723
2014/08/13,0,6613000,-833000,5780000
2014/08/14,0,2981000,-1622000,1359000
2014/08/15,0,1388523,-1683000,-294477
2014/08/18,0,3520307,-1777000,1743307
2014/08/19,0,5342985,-1414000,3928985
2014/08/20,0,8503500,-895003,7608497
2014/08/21,0,9288250,-2006000,7282250
2014/08/22,0,11011130,-1290060,9721070
2014/08/25,0,5323200,-1265000,4058200
2014/08/26,0,4857376,-830000,4027376
2014/08/27,0,8643000,-929000,7714000
2014/08/28,0,5170000,-1311000,3859000
2014/08/29,0,5603000,-3037000,2566000
2014/09/01,0,5389000,-510740,4878260
2014/09/02,0,4076330,-961000,3115330
2014/09/03,0,6787049,-611000,6176049
2014/09/04,0,3597608,-457000,3140608
2014/09/05,0,2469000,-470000,1999000
2014/09/09,0,3321156,-352893,2968263
2014/09/10,0,4159097,-4691000,-531903
2014/09/11,0,4764000,-1207000,3557000
2014/09/12,0,7828260,-1501000,6327260
2014/09/15,0,2499000,-3502000,-1003000
2014/09/16,0,2386000,-2794150,-408150
2014/09/17,0,6007000,-4496076,1510924
2014/09/18,0,1433000,-1266840,166160
2014/09/19,0,6885244,-3457500,3427744
2014/09/22,0,1231000,-5197000,-3966000
2014/09/23,0,2613000,-2201630,411370
2014/09/24,0,3243859,-1077000,2166859
2014/09/25,0,2166000,-2528820,-362820
2014/09/26,0,1252000,-892000,360000
2014/09/29,0,5426000,-9484008,-4058008
2014/09/30,0,4514000,-4256700,257300
2014/10/01,0,2071000,-4400372,-2329372
2014/10/02,0,3488000,-5635816,-2147816
2014/10/03,0,3107322,-1354000,1753322
2014/10/06,0,1534000,-4013000,-2479000
2014/10/07,0,1033000,-2983142,-1950142
2014/10/08,0,3709000,-2548983,1160017
2014/10/09,0,3292345,-1129050,2163295
2014/10/13,0,1472000,-2613000,-1141000
2014/10/14,0,3290000,-3593100,-303100
2014/10/15,0,4022000,-8524000,-4502000
2014/10/16,0,2738000,-4428460,-1690460
2014/10/17,0,13221000,-15756043,-2535043
2014/10/20,0,2368000,-2159454,208546
2014/10/21,0,2337000,-1375000,962000
2014/10/22,0,1736322,-1176000,560322
2014/10/23,0,1132322,-184000,948322
2014/10/24,0,1140000,-2550203,-1410203
2014/10/27,0,2259000,-430001,1828999
2014/10/28,0,6635000,-746000,5889000
2014/10/29,0,4803965,-1431000,3372965
2014/10/30,0,3512104,-4604060,-1091956
2014/10/31,0,3599000,-1736000,1863000
2014/11/03,0,2535000,-1016410,1518590
2014/11/04,0,2749000,-1214310,1534690
2014/11/05,0,1875000,-1130220,744780
2014/11/06,0,2015700,-830000,1185700
2014/11/07,0,329880,-1244000,-914120
2014/11/10,0,6302000,-962934,5339066
2014/11/11,0,2069000,-1272434,796566
2014/11/12,0,1051000,-3338269,-2287269
2014/11/13,0,1234000,-1454000,-220000
2014/11/14,0,2749000,-3455960,-706960
2014/11/17,0,737000,-2751160,-2014160
2014/11/18,0,1644083,-520170,1123913
2014/11/19,0,7672600,-5414000,2258600
2014/11/20,0,2926000,-1004000,1922000
2014/11/21,0,1643000,-2875000,-1232000
2014/11/24,0,1746000,-1992145,-246145
2014/11/25,0,4008583,-4892882,-884299
2014/11/26,0,1320000,-2285907,-965907
2014/11/27,0,1872000,-180763,1691237
2014/11/28,0,3098000,-1475000,1623000
2014/12/01,0,1011670,-4859419,-3847749
2014/12/02,0,1208000,-5953000,-4745000
2014/12/03,0,1803538,-1584000,219538
2014/12/04,0,2556000,-1012000,1544000
2014/12/05,0,658000,-1095000,-437000
2014/12/08,0,716000,-562000,154000
2014/12/09,0,1232000,-845000,387000
2014/12/10,0,1903980,-7189075,-5285095
2014/12/11,0,935000,-3708290,-2773290
2014/12/12,0,575797,-2640898,-2065101
2014/12/15,0,1881000,-3351000,-1470000
2014/12/16,0,800164,-2269000,-1468836
2014/12/17,0,3358000,-9040762,-5682762
2014/12/18,0,2564000,-4409210,-1845210
2014/12/19,0,4526000,-1737840,2788160
2014/12/22,0,2169086,-2056000,113086
2014/12/23,0,1654000,-2104000,-450000
2014/12/24,0,2645000,-746000,1899000
2014/12/25,0,856000,-25000,831000
2014/12/26,0,1530000,-63000,1467000
2014/12/29,0,4405000,-616000,3789000
2014/12/30,0,1896000,-462000,1434000
2014/12/31,0,1837000,-1078882,758118
2015/01/01,0,0,0,0
2015/01/02,0,0,0,0
2015/01/05,0,1694000,-3293000,-1599000
2015/01/06,0,2396000,-6726000,-4330000
2015/01/07,0,878000,-5200000,-4322000
2015/01/08,0,3459000,-1049895,2409105
2015/01/09,0,2085000,-528000,1557000
2015/01/12,0,1472000,-1016570,455430
2015/01/13,0,4936000,-947000,3989000
2015/01/14,0,2382000,-4159000,-1777000
2015/01/15,0,1920000,-2244000,-324000
2015/01/16,0,1488121,-5876168,-4388047
2015/01/19,0,2189000,-957000,1232000
2015/01/20,0,2311000,-1116797,1194203
2015/01/21,0,4337118,-689162,3647956
2015/01/22,0,5210885,-499000,4711885
2015/01/23,0,6500000,-2372286,4127714
2015/01/26,0,1609000,-2949869,-1340869
2015/01/27,0,2570000,-1162000,1408000
2015/01/28,0,3362000,-2366094,995906
2015/01/29,0,2938000,-2765000,173000
2015/01/30,0,4200000,-4610000,-410000
2015/02/02,0,1983000,-450000,1533000
2015/02/03,0,2271000,-362000,1909000
2015/02/04,0,7390000,-2315000,5075000
2015/02/05,0,3164000,-580000,2584000
2015/02/06,0,3102000,-664000,2438000
2015/02/09,0,1996000,-1554000,442000
2015/02/10,0,5457000,-2814000,2643000
2015/02/11,0,2965549,-2513000,452549
2015/02/12,0,2478000,-2031000,447000
2015/02/13,0,2199000,-2919000,-720000
2015/02/16,0,0,0,0
2015/02/17,0,0,0,0
2015/02/18,0,0,0,0
2015/02/19,0,0,0,0
2015/02/20,0,0,0,0
2015/02/23,0,0,0,0
2015/02/24,0,8340000,-530172,7809828
2015/02/25,0,5622000,-1877000,3745000
2015/02/26,0,4321000,-4304357,16643
2015/02/27,0,0,0,0
2015/03/02,0,3306000,-3931965,-625965
2015/03/03,0,2652819,-2388000,264819
2015/03/04,0,2651000,-2298000,353000
2015/03/05,0,1289000,-3241000,-1952000
2015/03/06,0,3424000,-3162400,261600
2015/03/09,0,325000,-3407110,-3082110
2015/03/10,0,1356000,-4144296,-2788296
2015/03/11,0,937000,-6422716,-5485716
2015/03/12,0,1492000,-2294000,-802000
2015/03/13,0,1174000,-4318000,-3144000
2015/03/16,0,1350000,-1976263,-626263
2015/03/17,0,5075000,-3770000,1305000
2015/03/18,0,7851000,-8067860,-216860
2015/03/19,0,7633000,-4301000,3332000
2015/03/20,0,2671000,-3533000,-862000
2015/03/23,0,1756000,-3617040,-1861040
2015/03/24,0,4365322,-2625000,1740322
2015/03/25,0,3632000,-3377000,255000
2015/03/26,0,4607000,-3639000,968000
2015/03/27,0,5619000,-4316463,1302537
2015/03/30,0,3668393,-3509393,159000
2015/03/31,0,5593000,-4759000,834000
2015/04/01,0,3597000,-4024000,-427000
2015/04/02,0,6148083,-2745596,3402487
2015/04/03,0,0,0,0
2015/04/06,0,0,0,0
2015/04/07,0,3019000,-678000,2341000
2015/04/08,0,3393000,-2149000,1244000
2015/04/09,0,6686000,-856000,5830000
2015/04/10,0,3801000,-1301000,2500000
2015/04/13,0,3390394,-960000,2430394
2015/04/14,0,7314000,-2541000,4773000
2015/04/15,0,4033000,-10236653,-6203653
2015/04/16,0,4469000,-889000,3580000
2015/04/17,0,1354819,-1567000,-212181
2015/04/20,0,1747722,-1028000,719722
2015/04/21,0,3163000,-1028000,2135000
2015/04/22,0,4098000,-1537000,2561000
2015/04/23,0,11754000,-1716451,10037549
2015/04/24,0,9779000,-1302000,8477000
2015/04/27,0,8696484,-1129000,7567484
2015/04/28,0,11678000,-2658000,9020000
2015/04/29,0,5569000,-3356000,2213000
2015/04/30,0,9990000,-5551000,4439000
2015/05/01,0,0,0,0
2015/05/04,0,4480000,-666000,3814000
2015/05/05,0,6594000,-4397000,2197000
2015/05/06,0,5542000,-2896000,2646000
2015/05/07,0,6033000,-3473570,2559430
2015/05/08,0,6489322,-1552000,4937322
2015/05/11,0,4663000,-1225000,3438000
2015/05/12,0,4731000,-2625000,2106000
2015/05/13,0,941000,-2739000,-1798000
2015/05/14,0,2851000,-7103040,-4252040
2015/05/15,0,810000,-3556216,-2746216
2015/05/18,0,906000,-2563000,-1657000
2015/05/19,0,2965322,-1894000,1071322
2015/05/20,0,2381000,-6864000,-4483000
2015/05/21,0,1321000,-8328000,-7007000
2015/05/22,0,2005000,-1939000,66000
2015/05/25,0,752000,-1705000,-953000
2015/05/26,0,1667000,-1144000,523000
2015/05/27,0,2319000,-1487330,831670
2015/05/28,0,4585000,-5876999,-1291999
2015/05/29,0,7724151,-9832647,-2108496
2015/06/01,0,845000,-4045390,-3200390
2015/06/02,0,2125292,-4800000,-2674708
2015/06/03,0,3844000,-4660000,-816000
2015/06/04,0,2824000,-13672280,-10848280
2015/06/05,0,1355000,-4803088,-3448088
2015/06/08,0,1042000,-4151797,-3109797
2015/06/09,0,1310000,-2923497,-1613497
2015/06/10,0,789000,-3913000,-3124000
2015/06/11,0,1753000,-4918440,-3165440
2015/06/12,0,2315000,-4783001,-2468001
2015/06/15,0,898000,-5700000,-4802000
2015/06/16,0,719000,-8611415,-7892415
2015/06/17,0,1838000,-11609000,-9771000
2015/06/18,0,3470230,-8045433,-4575203
2015/06/19,0,0,0,0
2015/06/22,0,2251435,-3099118,-847683
2015/06/23,0,614000,-4964000,-4350000
2015/06/24,0,1133076,-2268689,-1135613
2015/06/25,0,4815902,-4593000,222902
2015/06/26,0,2196419,-2403040,-206621
2015/06/29,0,523000,-2561351,-2038351
2015/06/30,0,3037569,-6738226,-3700657
2015/07/01,0,3471000,-1907608,1563392
2015/07/02,0,2238296,-5554000,-3315704
2015/07/03,0,1383000,-3780000,-2397000
2015/07/06,0,2065000,-2367000,-302000
2015/07/07,0,2928000,-1015010,1912990
2015/07/08,0,1995000,-9803752,-7808752
2015/07/09,0,1141000,-6426710,-5285710
2015/07/10,0,0,0,0
2015/07/13,0,2728000,-4152398,-1424398
2015/07/14,0,2510000,-3519550,-1009550
2015/07/15,0,5287000,-4365921,921079
2015/07/16,0,3280000,-1712270,1567730
2015/07/17,0,1136000,-2408940,-1272940
2015/07/20,0,3680438,-2452000,1228438
2015/07/21,0,2990000,-3379000,-389000
2015/07/22,0,4670000,-5807320,-1137320
2015/07/23,0,4098000,-3827000,271000
2015/07/24,0,478083,-2478000,-1999917
2015/07/27,0,1060000,-3629000,-2569000
2015/07/28,0,1599332,-9068300,-7468968
2015/07/29,0,3126000,-4050085,-924085
2015/07/30,0,4246438,-2571550,1674888
2015/07/31,0,7424535,-6854840,569695
2015/08/03,0,3120000,-2555000,565000
2015/08/04,0,4407000,-993024,3413976
2015/08/05,0,3296000,-1836000,1460000
2015/08/06,0,1701000,-3222000,-1521000
2015/08/07,0,3251000,-4107260,-856260
2015/08/10,0,1124000,-2532150,-1408150
2015/08/11,0,1973000,-7002658,-5029658
2015/08/12,0,975000,-5318033,-4343033
2015/08/13,0,1936354,-6769628,-4833274
2015/08/14,0,1885000,-4410000,-2525000
2015/08/17,0,530336,-4206349,-3676013
2015/08/18,0,829000,-5868021,-5039021
2015/08/19,0,1224465,-7682599,-6458134
2015/08/20,0,2725000,-11461000,-8736000
2015/08/21,0,5543000,-10340000,-4797000
2015/08/24,0,5154000,-12394000,-7240000
2015/08/25,0,7465000,-9394466,-1929466
2015/08/26,0,4006000,-10251932,-6245932
2015/08/27,0,8710004,-15029004,-6319000
2015/08/28,0,7465000,-4370651,3094349
2015/08/31,0,9237000,-10652447,-1415447
2015/09/01,0,6470000,-6867950,-397950
2015/09/02,0,7289000,-7068225,220775
2015/09/03,0,2413000,-2806000,-393000
2015/09/04,0,1212225,-4012995,-2800770
2015/09/07,0,1688000,-2649000,-961000
2015/09/08,0,2579000,-3051000,-472000
2015/09/09,0,10940513,-2492000,8448513
2015/09/10,0,8503987,-7368706,1135281
2015/09/11,0,2103000,-3319806,-1216806
2015/09/14,0,3779000,-4614200,-835200
2015/09/15,0,3292700,-5442756,-2150056
2015/09/16,0,3596000,-2211000,1385000
2015/09/17,0,9965000,-5883253,4081747
2015/09/18,0,5172962,-4301798,871164
2015/09/21,0,3776000,-6811866,-3035866
2015/09/22,0,3150000,-1430131,1719869
2015/09/23,0,3222000,-8002625,-4780625
2015/09/24,0,3077000,-4354927,-1277927
2015/09/25,0,4010568,-4035854,-25286
2015/09/28,0,0,0,0
2015/09/29,0,0,0,0
2015/09/30,0,9837688,-11042876,-1205188
2015/10/01,0,10074145,-2768000,7306145
2015/10/02,0,3581000,-3744000,-163000
2015/10/05,0,3559791,-2198712,1361079
2015/10/06,0,5831000,-3364035,2466965
2015/10/07,0,5758816,-5367471,391345
2015/10/08,0,3164494,-3458838,-294344
2015/10/09,0,0,0,0
2015/10/12,0,7253000,-1733560,5519440
2015/10/13,0,5961336,-2616390,3344946
2015/10/14,0,1192000,-2139000,-947000
2015/10/15,0,5894000,-2518879,3375121
2015/10/16,0,8683000,-3130904,5552096
2015/10/19,0,4499000,-4068088,430912
2015/10/20,0,7171000,-6187000,984000
2015/10/21,0,4372000,-6349000,-1977000
2015/10/22,0,3557886,-1791758,1766128
2015/10/23,0,6017000,-1202000,4815000
2015/10/26,0,6575776,-1630000,4945776
2015/10/27,0,3819000,-1307981,2511019
2015/10/28,0,3229480,-1995735,1233745
2015/10/29,0,1712000,-4917338,-3205338
2015/10/30,0,7713000,-6927836,785164
2015/11/02,0,2977480,-971000,2006480
2015/11/03,0,8244000,-1253293,6990707
2015/11/04,0,10831720,-2326201,8505519
2015/11/05,0,1882000,-1427000,455000
2015/11/06,0,2201000,-8851000,-6650000
2015/11/09,0,1449808,-2538000,-1088192
2015/11/10,0,491000,-7747234,-7256234
2015/11/11,0,3168415,-6384000,-3215585
2015/11/12,0,2745307,-4513335,-1768028
2015/11/13,0,1232518,-4706000,-3473482
2015/11/16,0,1148000,-4557022,-3409022
2015/11/17,0,3450000,-1681000,1769000
2015/11/18,0,2032091,-6610000,-4577909
2015/11/19,0,2512000,-2793791,-281791
2015/11/20,0,1064000,-2191000,-1127000
2015/11/23,0,1989614,-1655944,333670
2015/11/24,0,1030373,-2856421,-1826048
2015/11/25,0,1987096,-2841294,-854198
2015/11/26,0,4086000,-2523209,1562791
2015/11/27,0,527000,-2866196,-2339196
2015/11/30,0,14976212,-26718696,-11742484
2015/12/01,0,6803000,-1706009,5096991
2015/12/02,0,1669000,-1865000,-196000
2015/12/03,0,2168000,-2592000,-424000
2015/12/04,0,4033001,-7871090,-3838089
2015/12/07,0,5253000,-5402000,-149000
2015/12/08,0,2029000,-8335769,-6306769
2015/12/09,0,1059000,-5500302,-4441302
2015/12/10,0,7330000,-11560222,-4230222
2015/12/11,0,4012772,-7894933,-3882161
2015/12/14,0,2388000,-2857000,-469000
2015/12/15,0,3761000,-6107426,-2346426
2015/12/16,0,1413247,-2151212,-737965
2015/12/17,0,3437000,-3781075,-344075
2015/12/18,0,6672007,-8384334,-1712327
2015/12/21,0,2120251,-3591000,-1470749
2015/12/22,0,2519917,-2635000,-115083
2015/12/23,0,3701247,-4071283,-370036
2015/12/24,0,1361000,-414000,947000
2015/12/25,0,673000,-244000,429000
2015/12/28,0,2716000,-1326000,1390000
2015/12/29,0,2984000,-4015000,-1031000
2015/12/30,0,1271749,-3076346,-1804597
2015/12/31,0,1127278,-867000,260278
2016/01/01,0,0,0,0
2016/01/04,0,2962720,-11919000,-8956280
2016/01/05,0,1699607,-7035000,-5335393
2016/01/06,0,3600456,-4349946,-749490
2016/01/07,0,4294616,-12687165,-8392549
2016/01/08,0,4224000,-9563149,-5339149
2016/01/11,0,751310,-6884000,-6132690
2016/01/12,0,3982000,-5498000,-1516000
2016/01/13,0,1680000,-2441856,-761856
2016/01/14,0,4597336,-5149000,-551664
2016/01/15,0,6864000,-13857852,-6993852
2016/01/18,0,2489962,-8534376,-6044414
2016/01/19,0,2588000,-5315644,-2727644
2016/01/20,0,4907177,-5251000,-343823
2016/01/21,0,3847000,-8143000,-4296000
2016/01/22,0,2369433,-3912000,-1542567
2016/01/25,0,4228000,-2178000,2050000
2016/01/26,0,3515303,-4471055,-955752
2016/01/27,0,5395000,-3414149,1980851
2016/01/28,0,5052000,-6289947,-1237947
2016/01/29,0,13183672,-8504524,4679148
2016/02/01,0,3252247,-2166000,1086247
2016/02/02,0,4324414,-3795017,529397
2016/02/03,0,4736000,-7115611,-2379611
2016/02/04,0,0,0,0
2016/02/05,0,0,0,0
2016/02/08,0,0,0,0
2016/02/09,0,0,0,0
2016/02/10,0,0,0,0
2016/02/11,0,0,0,0
2016/02/12,0,0,0,0
2016/02/15,0,5136336,-3813643,1322693
2016/02/16,0,7533000,-1767000,5766000
2016/02/17,0,2407155,-4231800,-1824645
2016/02/18,0,4208000,-1404057,2803943
2016/02/19,0,5156500,-2357351,2799149
2016/02/22,0,2480000,-3924000,-1444000
2016/02/23,0,2770918,-2162000,608918
2016/02/24,0,2488000,-3386750,-898750
2016/02/25,0,3946904,-1870000,2076904
2016/02/26,0,7772000,-5507467,2264533
2016/02/29,0,0,0,0
2016/03/01,0,4820019,-4789000,31019
2016/03/02,0,2012604,-2018570,-5966
2016/03/03,0,7954531,-1686000,6268531
2016/03/04,0,7038178,-1828000,5210178
2016/03/07,0,4202191,-1815000,2387191
2016/03/08,0,6291690,-2296274,3995416
2016/03/09,0,3771000,-4056501,-285501
2016/03/10,0,5714000,-1535347,4178653
2016/03/11,0,7259000,-3018000,4241000
2016/03/14,0,4950000,-4026442,923558
2016/03/15,0,3832000,-5725000,-1893000
2016/03/16,0,5058000,-3182264,1875736
2016/03/17,0,11884308,-1567102,10317206
2016/03/18,0,15513000,-8465701,7047299
2016/03/21,0,3072000,-4492000,-1420000
2016/03/22,0,5697759,-3732229,1965530
2016/03/23,0,4517000,-1385682,3131318
2016/03/24,0,2481000,-2058000,423000
2016/03/25,0,619000,-545000,74000
2016/03/28,0,1885000,-364000,1521000
2016/03/29,0,2238000,-1999982,238018
2016/03/30,0,9919400,-1957789,7961611
2016/03/31,0,10811000,-5514407,5296593
2016/04/01,0,1291000,-7785000,-6494000
2016/04/04,0,0,0,0
2016/04/05,0,0,0,0
2016/04/06,0,4842922,-6339057,-1496135
2016/04/07,0,1719897,-7607830,-5887933
2016/04/08,0,6813364,-9246000,-2432636
2016/04/11,0,4857000,-4149820,707180
2016/04/12,0,2200001,-1573000,627001
2016/04/13,0,9901000,-872199,9028801
2016/04/14,0,5125000,-1611709,3513291
2016/04/15,0,4413425,-1716000,2697425
2016/04/18,0,3906000,-2396000,1510000
2016/04/19,0,4306000,-3386000,920000
2016/04/20,0,3403634,-3879000,-475366
2016/04/21,0,3837000,-1364000,2473000
2016/04/22,0,5483154,-3849000,1634154
2016/04/25,0,4679000,-2788000,1891000
2016/04/26,0,3333476,-2189000,1144476
2016/04/27,0,6137000,-5450000,687000
2016/04/28,0,6799800,-9562000,-2762200
2016/04/29,0,5880000,-7971000,-2091000
2016/05/02,0,0,0,0
2016/05/03,0,3199000,-8256658,-5057658
2016/05/04,0,4367000,-8656702,-4289702
2016/05/05,0,3330000,-10316000,-6986000
2016/05/06,0,2833308,-12666000,-9832692
2016/05/09,0,988000,-5130000,-4142000
2016/05/10,0,1915153,-4770000,-2854847
2016/05/11,0,4360400,-8738000,-4377600
2016/05/12,0,4829000,-4331000,498000
2016/05/13,0,13087700,-8591000,4496700
2016/05/16,0,2736000,-6846000,-4110000
2016/05/17,0,2764000,-4626919,-1862919
2016/05/18,0,10289568,-7224000,3065568
2016/05/19,0,7607834,-11712000,-4104166
2016/05/20,0,2855435,-2992465,-137030
2016/05/23,0,9370689,-3664000,5706689
2016/05/24,0,10752680,-3514000,7238680
2016/05/25,0,6356153,-3121000,3235153
2016/05/26,0,4238000,-1876000,2362000
2016/05/27,0,10885000,-1125000,9760000
2016/05/30,0,5584000,-1256056,4327944
2016/05/31,0,24918555,-25125000,-206445
2016/06/01,0,6973486,-4177000,2796486
2016/06/02,0,5108080,-3286000,1822080
2016/06/03,0,5346785,-2246000,3100785
2016/06/06,0,5514785,-3821879,1692906
2016/06/07,0,14013785,-6494000,7519785
2016/06/08,0,12950585,-2752000,10198585
2016/06/09,0,0,0,0
2016/06/10,0,0,0,0
2016/06/13,0,2720125,-6366762,-3646637
2016/06/14,0,4204000,-1548000,2656000
2016/06/15,0,6066375,-2755179,3311196
2016/06/16,0,3506000,-6094000,-2588000
2016/06/17,0,11211495,-2010679,9200816
2016/06/20,0,5662000,-883000,4779000
2016/06/21,0,6753510,-1662000,5091510
2016/06/22,0,5376296,-2951100,2425196
2016/06/23,0,5382703,-2667479,2715224
2016/06/24,0,3364048,-9566328,-6202280
2016/06/27,0,2424000,-1081000,1343000
2016/06/28,0,990000,-1286000,-296000
2016/06/29,0,3034400,-209000,2825400
2016/06/30,0,8259000,-1381020,6877980
2016/07/01,0,4916000,-502261,4413739
2016/07/04,0,2855000,-1178000,1677000
2016/07/05,0,2246000,-1153000,1093000
2016/07/06,0,2270093,-5794000,-3523907
2016/07/07,0,1192000,-875329,316671
2016/07/08,0,0,0,0
2016/07/11,0,8854170,-533232,8320938
2016/07/12,0,8361000,-1116104,7244896
2016/07/13,0,8056072,-1468700,6587372
2016/07/14,0,8124680,-495242,7629438
2016/07/15,0,9727230,-558000,9169230
2016/07/18,0,7473000,-1269000,6204000
2016/07/19,0,13582477,-313150,13269327
2016/07/20,0,8590000,-424000,8166000
2016/07/21,0,8061075,-749779,7311296
2016/07/22,0,5741000,-2537357,3203643
2016/07/25,0,5959000,-2165000,3794000
2016/07/26,0,5012000,-501000,4511000
2016/07/27,0,2885000,-504000,2381000
2016/07/28,0,7159000,-2103000,5056000
2016/07/29,0,3492000,-3741000,-249000
2016/08/01,0,7802456,-3894000,3908456
2016/08/02,0,2331643,-1429742,901901
2016/08/03,0,2285648,-2475400,-189752
2016/08/04,0,2677000,-1669757,1007243
2016/08/05,0,8649260,-149000,8500260
2016/08/08,0,4802553,-1388000,3414553
2016/08/09,0,7347000,-1626562,5720438
2016/08/10,0,9305905,-573000,8732905
2016/08/11,0,7968803,-2170000,5798803
2016/08/12,0,8603000,-2398000,6205000
2016/08/15,0,5263000,-4128000,1135000
2016/08/16,0,9589000,-5133635,4455365
2016/08/17,0,9160827,-5854000,3306827
2016/08/18,0,12465423,-1753458,10711965
2016/08/19,0,6922244,-7111508,-189264
2016/08/22,0,3922000,-6033070,-2111070
2016/08/23,0,8680000,-5102070,3577930
2016/08/24,0,1896924,-2720070,-823146
2016/08/25,0,5811000,-2102008,3708992
2016/08/26,0,4183871,-1068070,3115801
2016/08/29,0,7757362,-2840465,4916897
2016/08/30,0,4137775,-3622876,514899
2016/08/31,0,14737678,-15418270,-680592
2016/09/01,0,1031000,-9605835,-8574835
2016/09/02,0,5925432,-2873078,3052354
2016/09/05,0,4019000,-701000,3318000
2016/09/06,0,6148425,-1997000,4151425
2016/09/07,0,6143000,-2716280,3426720
2016/09/08,0,5176000,-1023000,4153000
2016/09/09,0,1480000,-3176000,-1696000
2016/09/12,0,1398063,-8485641,-7087578
2016/09/13,0,7777000,-7787000,-10000
2016/09/14,0,3262446,-10177542,-6915096
2016/09/15,0,0,0,0
2016/09/16,0,0,0,0
2016/09/19,0,6928636,-695000,6233636
2016/09/20,0,3359662,-2358837,1000825
2016/09/21,0,5599938,-2722844,2877094
2016/09/22,0,3784641,-2486178,1298463
2016/09/23,0,7953664,-3406575,4547089
2016/09/26,0,1279000,-1481000,-202000
2016/09/27,0,0,0,0
2016/09/28,0,0,0,0
2016/09/29,0,10564300,-5109520,5454780
2016/09/30,0,5737464,-10711784,-4974320
2016/10/03,0,513669,-908000,-394331
2016/10/04,0,4991248,-2438573,2552675
2016/10/05,0,1586099,-1496124,89975
2016/10/06,0,4024610,-3388348,636262
2016/10/07,0,1621975,-5501000,-3879025
2016/10/10,0,0,0,0
2016/10/11,0,2660000,-2794885,-134885
2016/10/12,0,2782762,-2229303,553459
2016/10/13,0,8175000,-8165412,9588
2016/10/14,0,1247000,-3575512,-2328512
2016/10/17,0,3117000,-5049062,-1932062
2016/10/18,0,4898676,-1680972,3217704
2016/10/19,0,4343605,-1186000,3157605
2016/10/20,0,2293564,-1002000,1291564
2016/10/21,0,1708000,-1350211,357789
2016/10/24,0,1595000,-856160,738840
2016/10/25,0,5840703,-3782000,2058703
2016/10/26,0,1867000,-1435491,431509
2016/10/27,0,1396965,-4943000,-3546035
2016/10/28,0,4481000,-2214000,2267000
2016/10/31,0,2282921,-3207000,-924079
2016/11/01,0,1110000,-929472,180528
2016/11/02,0,1634931,-1769556,-134625
2016/11/03,0,2319000,-4730000,-2411000
2016/11/04,0,1353000,-5318000,-3965000
2016/11/07,0,1621000,-4516156,-2895156
2016/11/08,0,2005277,-700000,1305277
2016/11/09,0,2575000,-9809000,-7234000
2016/11/10,0,2556000,-3598000,-1042000
2016/11/11,0,1037000,-12816172,-11779172
2016/11/14,0,1828000,-11057277,-9229277
2016/11/15,0,1102000,-7319231,-6217231
2016/11/16,0,2672836,-4575641,-1902805
2016/11/17,0,1224000,-5755000,-4531000
2016/11/18,0,3701000,-8461119,-4760119
2016/11/21,0,2758000,-5012930,-2254930
2016/11/22,0,5732466,-5881470,-149004
2016/11/23,0,3503502,-1946678,1556824
2016/11/24,0,2681000,-1472000,1209000
2016/11/25,0,1964000,-705320,1258680
2016/11/28,0,3179000,-1864000,1315000
2016/11/29,0,4865000,-6833549,-1968549
2016/11/30,0,13837577,-8146786,5690791
2016/12/01,0,4453091,-2472534,1980557
2016/12/02,0,3298764,-4348419,-1049655
2016/12/05,0,1072000,-5052290,-3980290
2016/12/06,0,3372000,-1936314,1435686
2016/12/07,0,1890000,-1117561,772439
2016/12/08,0,10481000,-1305303,9175697
2016/12/09,0,5768571,-3068411,2700160
2016/12/12,0,2692416,-665484,2026932
2016/12/13,0,4840186,-5028427,-188241
2016/12/14,0,1015370,-1103944,-88574
2016/12/15,0,6203000,-1904000,4299000
2016/12/16,0,4041000,-7682223,-3641223
2016/12/19,0,328028,-1757491,-1429463
2016/12/20,0,1980713,-3492510,-1511797
2016/12/21,0,1851000,-4737500,-2886500
2016/12/22,0,1602880,-5257182,-3654302
2016/12/23,0,724000,-4699000,-3975000
2016/12/26,0,760000,-679000,81000
2016/12/27,0,245000,-867000,-622000
2016/12/28,0,2586000,-1035000,1551000
2016/12/29,0,3404958,-4503977,-1099019
2016/12/30,0,3754000,-838472,2915528
2017/01/02,0,0,0,0
2017/01/03,0,1783000,-1255000,528000
2017/01/04,0,2062000,-3309550,-1247550
2017/01/05,0,4398689,-4034024,364665
2017/01/06,0,3335000,-1350496,1984504
2017/01/09,0,2733198,-1284039,1449159
2017/01/10,0,2030046,-1926838,103208
2017/01/11,0,2690494,-870000,1820494
2017/01/12,0,8551000,-1224153,7326847
2017/01/13,0,4314493,-1906000,2408493
2017/01/16,0,556300,-303000,253300
2017/01/17,0,2700330,-1368000,1332330
2017/01/18,0,1994000,-3156985,-1162985
2017/01/19,0,2003000,-4739891,-2736891
2017/01/20,0,3603382,-5515000,-1911618
2017/01/23,0,7565000,-2311193,5253807
2017/01/24,0,7649797,-5502343,2147454
2017/01/25,0,0,0,0
2017/01/26,0,0,0,0
2017/01/27,0,0,0,0
2017/01/30,0,0,0,0
2017/01/31,0,0,0,0
2017/02/01,0,0,0,0
2017/02/02,0,10621242,-17629031,-7007789
2017/02/03,0,5208000,-4854448,353552
2017/02/06,0,4796476,-6313409,-1516933
2017/02/07,0,5279629,-2500762,2778867
2017/02/08,0,2560215,-6897644,-4337429
2017/02/09,0,1267000,-2090705,-823705
2017/02/10,0,7574000,-2587975,4986025
2017/02/13,0,4165862,-1918000,2247862
2017/02/14,0,6708400,-2826286,3882114
2017/02/15,0,10977000,-2149245,8827755
2017/02/16,0,6457000,-3555000,2902000
2017/02/17,0,8530914,-3725668,4805246
2017/02/20,0,5533000,-1821634,3711366
2017/02/21,0,4059000,-979471,3079529
2017/02/22,0,6509000,-2100733,4408267
2017/02/23,0,5776414,-674000,5102414
2017/02/24,0,4958000,-2655742,2302258
2017/02/27,0,0,0,0
2017/02/28,0,0,0,0
2017/03/01,0,4452425,-6134291,-1681866
2017/03/02,0,4032781,-1806127,2226654
2017/03/03,0,5067000,-3807234,1259766
2017/03/06,0,1915733,-1169743,745990
2017/03/07,0,2202660,-2505884,-303224
2017/03/08,0,3085000,-3711839,-626839
2017/03/09,0,2923000,-7028000,-4105000
2017/03/10,0,1329593,-4126828,-2797235
2017/03/13,0,2050679,-1203880,846799
2017/03/14,0,2323748,-753333,1570415
2017/03/15,0,2201000,-3925839,-1724839
2017/03/16,0,6672655,-750455,5922200
2017/03/17,0,7369245,-4152724,3216521
2017/03/20,0,1609000,-3151016,-1542016
2017/03/21,0,5928560,-1683000,4245560
2017/03/22,0,2738000,-3461326,-723326
2017/03/23,0,3102001,-1776544,1325457
2017/03/24,0,2421639,-1070063,1351576
2017/03/27,0,4686000,-1040904,3645096
2017/03/28,0,7655000,-3598566,4056434
2017/03/29,0,3364771,-3309262,55509
2017/03/30,0,5976400,-2651044,3325356
2017/03/31,0,2578000,-2552000,26000
2017/04/03,0,0,0,0
2017/04/04,0,0,0,0
2017/04/05,0,8616028,-6218695,2397333
2017/04/06,0,2214528,-2395000,-180472
2017/04/07,0,3902394,-4268000,-365606
2017/04/10,0,2013000,-493000,1520000
2017/04/11,0,6820000,-2991854,3828146
2017/04/12,0,4657000,-2480372,2176628
2017/04/13,0,1950000,-1609000,341000
2017/04/14,0,2535000,-1622000,913000
2017/04/17,0,1188000,-672000,516000
2017/04/18,0,2789048,-1079655,1709393
2017/04/19,0,844611,-4715156,-3870545
2017/04/20,0,1633000,-3328888,-1695888
2017/04/21,0,1754000,-757406,996594
2017/04/24,0,1766000,-633000,1133000
2017/04/25,0,7178000,-1875000,5303000
2017/04/26,0,8339000,-1973000,6366000
2017/04/27,0,6169586,-1991000,4178586
2017/04/28,0,2955760,-4649000,-1693240
2017/05/01,0,0,0,0
2017/05/02,0,10243000,-1852000,8391000
2017/05/03,0,3918000,-1176000,2742000
2017/05/04,0,4010000,-2046878,1963122
2017/05/05,0,1397034,-2647000,-1249966
2017/05/08,0,6158747,-1545477,4613270
2017/05/09,0,2599985,-1904990,694995
2017/05/10,0,4982574,-1484001,3498573
2017/05/11,0,4582535,-1157000,3425535
2017/05/12,0,2681850,-725000,1956850
2017/05/15,0,6912379,-3330000,3582379
2017/05/16,0,11316000,-15913688,-4597688
2017/05/17,0,5667000,-4349192,1317808
2017/05/18,0,2274494,-3363472,-1088978
2017/05/19,0,5791472,-2503000,3288472
2017/05/22,0,3712039,-3450527,261512
2017/05/23,0,5033920,-3660067,1373853
2017/05/24,0,2409652,-3770138,-1360486
2017/05/25,0,2409834,-5151000,-2741166
2017/05/26,0,0,0,0
2017/05/29,0,0,0,0
2017/05/30,0,0,0,0
2017/05/31,0,38190228,-39773734,-1583506
2017/06/01,0,6229263,-5310000,919263
2017/06/02,0,2064000,-3890912,-1826912
2017/06/05,0,2752632,-3182498,-429866
2017/06/06,0,2348600,-3383000,-1034400
2017/06/07,0,1910000,-4714564,-2804564
2017/06/08,0,1636000,-3354748,-1718748
2017/06/09,0,3803000,-6707748,-2904748
2017/06/12,0,1499348,-4064000,-2564652
2017/06/13,0,1751000,-2103732,-352732
2017/06/14,0,1582000,-1730499,-148499
2017/06/15,0,3457000,-1959000,1498000
2017/06/16,0,3167000,-8677116,-5510116
2017/06/19,0,1045862,-3821000,-2775138
2017/06/20,0,1546000,-2615000,-1069000
2017/06/21,0,3887000,-5515986,-1628986
2017/06/22,0,3555522,-1955296,1600226
2017/06/23,0,1918000,-3591815,-1673815
2017/06/26,0,12558000,-4397030,8160970
2017/06/27,0,5001000,-2121000,2880000
2017/06/28,0,3093719,-2711854,381865
2017/06/29,0,6888000,-1047839,5840161
2017/06/30,0,4340000,-6610000,-2270000
2017/07/03,0,1896000,-5453416,-3557416
2017/07/04,0,2029000,-5977719,-3948719
2017/07/05,0,3705000,-2625764,1079236
2017/07/06,0,1451000,-4312824,-2861824
2017/07/07,0,2785735,-2410023,375712
2017/07/10,0,1990620,-3224729,-1234109
2017/07/11,0,2787220,-6275661,-3488441
2017/07/12,0,2087000,-7916007,-5829007
2017/07/13,0,3481417,-5210213,-1728796
2017/07/14,0,5273622,-2014058,3259564
2017/07/17,0,4947000,-3333845,1613155
2017/07/18,0,2797594,-7419754,-4622160
2017/07/19,0,1377000,-7345762,-5968762
2017/07/20,0,1862701,-6563251,-4700550
2017/07/21,0,1849080,-2935774,-1086694
2017/07/24,0,3890708,-2875470,1015238
2017/07/25,0,5204000,-3660402,1543598
2017/07/26,0,6841000,-6233089,607911
2017/07/27,0,6830000,-4070000,2760000
2017/07/28,0,5843000,-2903631,2939369
2017/07/31,0,12024000,-17852956,-5828956
2017/08/01,0,4721209,-5047769,-326560
2017/08/02,0,10670205,-2039000,8631205
2017/08/03,0,4275000,-6063835,-1788835
2017/08/04,0,3288000,-2303340,984660
2017/08/07,0,3334351,-1090000,2244351
2017/08/08,0,5009445,-4459000,550445
2017/08/09,0,1021793,-5713356,-4691563
2017/08/10,0,2631724,-4839000,-2207276
2017/08/11,0,1035000,-3027000,-1992000
2017/08/14,0,1204000,-5152839,-3948839
2017/08/15,0,897000,-5732000,-4835000
2017/08/16,0,4109000,-9822000,-5713000
2017/08/17,0,13517000,-4760391,8756609
2017/08/18,0,2183850,-6831776,-4647926
