Date,Open,Buy,Sell,Total
2007/04/23,0,219000,-109000,110000
2007/04/24,0,213000,-56000,157000
2007/04/25,0,381000,-144000,237000
2007/04/26,0,245000,-53000,192000
2007/04/27,0,0,-99000,-99000
2007/04/30,0,112000,-100000,12000
2007/05/01,0,0,0,0
2007/05/02,0,153000,-110000,43000
2007/05/03,0,10000,-196000,-186000
2007/05/04,0,339000,0,339000
2007/05/07,0,161000,-253000,-92000
2007/05/08,0,208000,-96000,112000
2007/05/09,0,1000,-21000,-20000
2007/05/10,0,92000,-602000,-510000
2007/05/11,0,201000,-234000,-33000
2007/05/14,0,0,-70000,-70000
2007/05/15,0,1284000,-69000,1215000
2007/05/16,0,20000,-129000,-109000
2007/05/17,0,312000,-256000,56000
2007/05/18,0,0,-54000,-54000
2007/05/21,0,445000,-15000,430000
2007/05/22,0,78000,-20000,58000
2007/05/23,0,476000,-1702000,-1226000
2007/05/24,0,23000,-164000,-141000
2007/05/25,0,1253000,-64000,1189000
2007/05/28,0,2000,-26000,-24000
2007/05/29,0,143000,-61000,82000
2007/05/30,0,562000,-23000,539000
2007/05/31,0,774000,-29000,745000
2007/06/01,0,150000,0,150000
2007/06/04,0,219000,-296000,-77000
2007/06/05,0,280000,-171000,109000
2007/06/06,0,736000,-407000,329000
2007/06/07,0,901000,-62000,839000
2007/06/08,0,480000,-228000,252000
2007/06/11,0,601000,-86000,515000
2007/06/12,0,1011000,-157000,854000
2007/06/13,0,37000,-35000,2000
2007/06/14,0,433000,-2015000,-1582000
2007/06/15,0,290000,-2234000,-1944000
2007/06/18,0,0,0,0
2007/06/19,0,0,0,0
2007/06/20,0,1376000,-2425000,-1049000
2007/06/21,0,1039000,-1400000,-361000
2007/06/22,0,573000,-27000,546000
2007/06/25,0,601000,-5000,596000
2007/06/26,0,869000,-806000,63000
2007/06/27,0,304000,-165000,139000
2007/06/28,0,493000,-661000,-168000
2007/06/29,0,174000,-416000,-242000
2007/07/02,0,94000,-339000,-245000
2007/07/03,0,834000,-336000,498000
2007/07/04,0,506000,-217000,289000
2007/07/05,0,317000,-20000,297000
2007/07/06,0,2230000,-1876000,354000
2007/07/09,0,1416000,-903000,513000
2007/07/10,0,1564000,-468000,1096000
2007/07/11,0,437000,-104874,332126
2007/07/12,0,395000,-871874,-476874
2007/07/13,0,1840000,-300000,1540000
2007/07/16,0,369000,-888315,-519315
2007/07/17,0,1302000,-382000,920000
2007/07/18,0,2006000,-1588000,418000
2007/07/19,0,476000,-1268874,-792874
2007/07/20,0,482000,-842602,-360602
2007/07/23,0,316000,-1459000,-1143000
2007/07/24,0,1061000,-2467000,-1406000
2007/07/25,0,734000,-83000,651000
2007/07/26,0,2246000,-929000,1317000
2007/07/27,0,858000,-2419000,-1561000
2007/07/30,0,343000,-1235000,-892000
2007/07/31,0,326000,-3469000,-3143000
2007/08/01,0,5254000,-1805000,3449000
2007/08/02,0,1504000,-403792,1100208
2007/08/03,0,816000,-3576000,-2760000
2007/08/06,0,21000,-301000,-280000
2007/08/07,0,316000,-769000,-453000
2007/08/08,0,643000,-501000,142000
2007/08/09,0,767000,-484610,282390
2007/08/10,0,332000,-369000,-37000
2007/08/13,0,80000,-707000,-627000
2007/08/14,0,207000,-997000,-790000
2007/08/15,0,1076000,-384000,692000
2007/08/16,0,327000,-1394000,-1067000
2007/08/17,0,440000,-1261000,-821000
2007/08/20,0,243000,-402000,-159000
2007/08/21,0,93000,-90000,3000
2007/08/22,0,618000,-452000,166000
2007/08/23,0,761000,-694000,67000
2007/08/24,0,1531000,-631000,900000
2007/08/27,0,485000,-335000,150000
2007/08/28,0,0,-244000,-244000
2007/08/29,0,504000,-297000,207000
2007/08/30,0,33000,-143000,-110000
2007/08/31,0,243000,-1072000,-829000
2007/09/03,0,1051000,-2307000,-1256000
2007/09/04,0,1231000,-1873000,-642000
2007/09/05,0,224000,-224000,0
2007/09/06,0,1013000,-465000,548000
2007/09/07,0,1014000,-214000,800000
2007/09/10,0,1237000,-33000,1204000
2007/09/11,0,386000,-119000,267000
2007/09/12,0,2408000,-148000,2260000
2007/09/13,0,587000,-93000,494000
2007/09/14,0,317000,-281000,36000
2007/09/17,0,216000,-375000,-159000
2007/09/18,0,0,0,0
2007/09/19,0,824000,-4677000,-3853000
2007/09/20,0,1312000,-579000,733000
2007/09/21,0,2580000,-256000,2324000
2007/09/24,0,0,0,0
2007/09/25,0,0,0,0
2007/09/26,0,1695000,-670000,1025000
2007/09/27,0,2066000,-1951000,115000
2007/09/28,0,280000,-394000,-114000
2007/10/01,0,462000,-318000,144000
2007/10/02,0,1399000,-1839000,-440000
2007/10/03,0,2277000,-2022000,255000
2007/10/04,0,1627000,-892000,735000
2007/10/05,0,2971000,-552000,2419000
2007/10/08,0,2824000,-1068000,1756000
2007/10/09,0,1220000,-685000,535000
2007/10/10,0,0,0,0
2007/10/11,0,1610000,-1943000,-333000
2007/10/12,0,1549000,-4576000,-3027000
2007/10/15,0,549000,-254000,295000
2007/10/16,0,1845000,-929000,916000
2007/10/17,0,162000,-472000,-310000
2007/10/18,0,1155000,-269000,886000
2007/10/19,0,259000,-543000,-284000
2007/10/22,0,620000,-2489000,-1869000
2007/10/23,0,431000,-134000,297000
2007/10/24,0,374000,-124000,250000
2007/10/25,0,407000,-242000,165000
2007/10/26,0,1551000,-206000,1345000
2007/10/29,0,1112000,-425000,687000
2007/10/30,0,460000,-141000,319000
2007/10/31,0,1613000,-64000,1549000
2007/11/01,0,1344000,-654000,690000
2007/11/02,0,409000,-3407000,-2998000
2007/11/05,0,425000,-273000,152000
2007/11/06,0,456000,-1389000,-933000
2007/11/07,0,2346000,-503000,1843000
2007/11/08,0,1375000,-2078000,-703000
2007/11/09,0,1041000,-1441000,-400000
2007/11/12,0,600000,-1321000,-721000
2007/11/13,0,1635000,-2790000,-1155000
2007/11/14,0,1592000,-988000,604000
2007/11/15,0,350000,-322000,28000
2007/11/16,0,406000,-468000,-62000
2007/11/19,0,440000,-1734000,-1294000
2007/11/20,0,433000,-4396000,-3963000
2007/11/21,0,219000,-1512000,-1293000
2007/11/22,0,381000,-747000,-366000
2007/11/23,0,193000,-368000,-175000
2007/11/26,0,626000,-937000,-311000
2007/11/27,0,484000,-725000,-241000
2007/11/28,0,126000,-78000,48000
2007/11/29,0,727000,-25000,702000
2007/11/30,0,638000,-103000,535000
2007/12/03,0,61000,-517000,-456000
2007/12/04,0,188000,-1013000,-825000
2007/12/05,0,0,-379000,-379000
2007/12/06,0,670000,-203000,467000
2007/12/07,0,1002000,-191000,811000
2007/12/10,0,214000,-530000,-316000
2007/12/11,0,186000,-291000,-105000
2007/12/12,0,136000,-1245000,-1109000
2007/12/13,0,366000,-408000,-42000
2007/12/14,0,952000,-1059000,-107000
2007/12/17,0,142000,-489000,-347000
2007/12/18,0,618000,-102000,516000
2007/12/19,0,513000,-223000,290000
2007/12/20,0,15000,-102000,-87000
2007/12/21,0,268000,-87000,181000
2007/12/24,0,407000,-23000,384000
2007/12/25,0,66000,-101000,-35000
2007/12/26,0,590000,-52000,538000
2007/12/27,0,941000,-441000,500000
2007/12/28,0,655000,-260000,395000
2007/12/31,0,1035000,-136000,899000
2008/01/01,0,0,0,0
2008/01/02,0,527000,-370000,157000
2008/01/03,0,175000,-308000,-133000
2008/01/04,0,1279000,-345000,934000
2008/01/07,0,782000,-697000,85000
2008/01/08,0,1655000,-1602000,53000
2008/01/09,0,3661000,-341000,3320000
2008/01/10,0,2124000,-1686000,438000
2008/01/11,0,1170000,-2594000,-1424000
2008/01/14,0,113000,-674000,-561000
2008/01/15,0,857000,-302000,555000
2008/01/16,0,13138000,-2262000,10876000
2008/01/17,0,3135000,-4944000,-1809000
2008/01/18,0,7678000,-2789000,4889000
2008/01/21,0,1121000,-3886000,-2765000
2008/01/22,0,1390000,-1579000,-189000
2008/01/23,0,4016000,-5814000,-1798000
2008/01/24,0,5690000,-4884000,806000
2008/01/25,0,2176000,-1603000,573000
2008/01/28,0,1526000,-2590000,-1064000
2008/01/29,0,1707000,-1951000,-244000
2008/01/30,0,1248000,-1894000,-646000
2008/01/31,0,3336000,-3037000,299000
2008/02/01,0,2606000,-1217000,1389000
2008/02/04,0,0,0,0
2008/02/05,0,0,0,0
2008/02/06,0,0,0,0
2008/02/07,0,0,0,0
2008/02/08,0,0,0,0
2008/02/11,0,0,0,0
2008/02/12,0,1379000,-2561000,-1182000
2008/02/13,0,1291000,-2043000,-752000
2008/02/14,0,4286000,-2894000,1392000
2008/02/15,0,1553000,-203000,1350000
2008/02/18,0,2485000,-1649000,836000
2008/02/19,0,2672000,-981000,1691000
2008/02/20,0,1062000,-1563000,-501000
2008/02/21,0,2666000,-574000,2092000
2008/02/22,0,2043000,-765000,1278000
2008/02/25,0,5996000,-2022814,3973186
2008/02/26,0,4342000,-3119000,1223000
2008/02/27,0,836000,-2389756,-1553756
2008/02/28,0,0,0,0
2008/02/29,0,968000,-1294000,-326000
2008/03/03,0,1942000,-797165,1144835
2008/03/04,0,2031000,-993000,1038000
2008/03/05,0,2624000,-1427000,1197000
2008/03/06,0,4511000,-1082518,3428482
2008/03/07,0,1419000,-1507000,-88000
2008/03/10,0,1573000,-8524106,-6951106
2008/03/11,0,1505000,-700000,805000
2008/03/12,0,2797000,-2026564,770436
2008/03/13,0,1088000,-1110812,-22812
2008/03/14,0,2499000,-989032,1509968
2008/03/17,0,1375000,-322000,1053000
2008/03/18,0,1190000,-132000,1058000
2008/03/19,0,684000,-992382,-308382
2008/03/20,0,10901000,-1347000,9554000
2008/03/21,0,5678000,-2795000,2883000
2008/03/24,0,2072000,-9099000,-7027000
2008/03/25,0,5175000,-1292000,3883000
2008/03/26,0,1053000,-4271000,-3218000
2008/03/27,0,1733000,-3886000,-2153000
2008/03/28,0,1617000,-698000,919000
2008/03/31,0,852000,-1594722,-742722
2008/04/01,0,640000,-2234000,-1594000
2008/04/02,0,1177000,-896000,281000
2008/04/03,0,628000,-183000,445000
2008/04/04,0,0,0,0
2008/04/07,0,2666000,-123000,2543000
2008/04/08,0,2799000,-1608000,1191000
2008/04/09,0,1850000,-1062832,787168
2008/04/10,0,486000,-667000,-181000
2008/04/11,0,2453000,-3670000,-1217000
2008/04/14,0,751000,-2476874,-1725874
2008/04/15,0,1472000,-664000,808000
2008/04/16,0,1914000,-2524000,-610000
2008/04/17,0,1285000,-1270000,15000
2008/04/18,0,2019000,-726000,1293000
2008/04/21,0,199000,-1221000,-1022000
2008/04/22,0,957000,-1071000,-114000
2008/04/23,0,1207000,-409000,798000
2008/04/24,0,594000,-1200000,-606000
2008/04/25,0,487000,-356000,131000
2008/04/28,0,1427000,-1422000,5000
2008/04/29,0,643000,-2703000,-2060000
2008/04/30,0,2520000,-550000,1970000
2008/05/01,0,0,0,0
2008/05/02,0,2716000,-567000,2149000
2008/05/05,0,1265000,-2593000,-1328000
2008/05/06,0,1719000,-775000,944000
2008/05/07,0,1574000,-52000,1522000
2008/05/08,0,1504000,-320000,1184000
2008/05/09,0,1188000,-779000,409000
2008/05/12,0,1578000,-1585000,-7000
2008/05/13,0,1309056,-1022000,287056
2008/05/14,0,549000,-1924000,-1375000
2008/05/15,0,672000,-1414000,-742000
2008/05/16,0,1213000,-837000,376000
2008/05/19,0,2027000,-1214000,813000
2008/05/20,0,1280000,-2421000,-1141000
2008/05/21,0,1221000,-2002000,-781000
2008/05/22,0,419000,-371000,48000
2008/05/23,0,416000,-3232000,-2816000
2008/05/26,0,386000,-719000,-333000
2008/05/27,0,78000,-48400,29600
2008/05/28,0,764000,-445000,319000
2008/05/29,0,511000,-916000,-405000
2008/05/30,0,763000,-939000,-176000
2008/06/02,0,1454000,-300000,1154000
2008/06/03,0,1099000,-597000,502000
2008/06/04,0,68348,-1666000,-1597652
2008/06/05,0,1225000,-1231000,-6000
2008/06/06,0,951000,-1546000,-595000
2008/06/09,0,653000,-1729000,-1076000
2008/06/10,0,236000,-3411000,-3175000
2008/06/11,0,319000,-796000,-477000
2008/06/12,0,337000,-3081000,-2744000
2008/06/13,0,708000,-987000,-279000
2008/06/16,0,127000,-75000,52000
2008/06/17,0,577000,-100000,477000
2008/06/18,0,480000,-84000,396000
2008/06/19,0,326000,-1259000,-933000
2008/06/20,0,316000,-1052000,-736000
2008/06/23,0,398000,-1787000,-1389000
2008/06/24,0,381000,-1709000,-1328000
2008/06/25,0,1886000,-2257000,-371000
2008/06/26,0,604000,-554000,50000
2008/06/27,0,648000,-3300000,-2652000
2008/06/30,0,831000,-404000,427000
2008/07/01,0,1690000,-620000,1070000
2008/07/02,0,2602000,-2656431,-54431
2008/07/03,0,1739000,-6422000,-4683000
2008/07/04,0,395000,-625000,-230000
2008/07/07,0,401000,-511000,-110000
2008/07/08,0,1008000,-625000,383000
2008/07/09,0,901000,-1029000,-128000
2008/07/10,0,763000,-473000,290000
2008/07/11,0,551000,-295000,256000
2008/07/14,0,97000,-242000,-145000
2008/07/15,0,1602000,-1214000,388000
2008/07/16,0,1087000,-2330000,-1243000
2008/07/17,0,1238000,-538000,700000
2008/07/18,0,594000,-831000,-237000
2008/07/21,0,8000,-532000,-524000
2008/07/22,0,1739000,-23000,1716000
2008/07/23,0,1609000,-1214000,395000
2008/07/24,0,755000,-1476000,-721000
2008/07/25,0,908000,-145000,763000
2008/07/28,0,0,0,0
2008/07/29,0,501000,-539000,-38000
2008/07/30,0,402000,-164000,238000
2008/07/31,0,937000,-344000,593000
2008/08/01,0,208000,-1054000,-846000
2008/08/04,0,865000,-36000,829000
2008/08/05,0,733000,-415000,318000
2008/08/06,0,809000,-26000,783000
2008/08/07,0,653000,-856000,-203000
2008/08/08,0,1093000,-363000,730000
2008/08/11,0,231000,-1217000,-986000
2008/08/12,0,43000,-812000,-769000
2008/08/13,0,386000,-269000,117000
2008/08/14,0,2375000,-439000,1936000
2008/08/15,0,1405000,-305000,1100000
2008/08/18,0,351000,-475501,-124501
2008/08/19,0,211176,-189000,22176
2008/08/20,0,193000,-359000,-166000
2008/08/21,0,31000,-471445,-440445
2008/08/22,0,150000,-1179000,-1029000
2008/08/25,0,170000,-307000,-137000
2008/08/26,0,226000,-114000,112000
2008/08/27,0,380000,-1220000,-840000
2008/08/28,0,277000,-107000,170000
2008/08/29,0,555000,-261000,294000
2008/09/01,0,353000,-2426000,-2073000
2008/09/02,0,262000,-67177,194823
2008/09/03,0,419000,-171000,248000
2008/09/04,0,603000,-220000,383000
2008/09/05,0,435000,-424000,11000
2008/09/08,0,0,-65000,-65000
2008/09/09,0,1400000,-318000,1082000
2008/09/10,0,369000,-695128,-326128
2008/09/11,0,474000,-292000,182000
2008/09/12,0,1317000,-788000,529000
2008/09/15,0,252000,-547000,-295000
2008/09/16,0,1260000,-77000,1183000
2008/09/17,0,1017000,-789000,228000
2008/09/18,0,641000,-28000,613000
2008/09/19,0,1108000,-237000,871000
2008/09/22,0,158000,-779000,-621000
2008/09/23,0,250000,-1001000,-751000
2008/09/24,0,397000,-666000,-269000
2008/09/25,0,490000,-203000,287000
2008/09/26,0,190000,-876000,-686000
2008/09/29,0,0,0,0
2008/09/30,0,507000,-96000,411000
2008/10/01,0,660000,-1259000,-599000
2008/10/02,0,796000,-821000,-25000
2008/10/03,0,892000,-103000,789000
2008/10/06,0,600000,-678203,-78203
2008/10/07,0,1176000,-1422808,-246808
2008/10/08,0,1696000,-589000,1107000
2008/10/09,0,1371000,-1966000,-595000
2008/10/10,0,0,0,0
2008/10/13,0,215000,-60000,155000
2008/10/14,0,74000,0,74000
2008/10/15,0,431000,-824000,-393000
2008/10/16,0,0,-115000,-115000
2008/10/17,0,133000,-229000,-96000
2008/10/20,0,402000,-971606,-569606
2008/10/21,0,493000,-480000,13000
2008/10/22,0,347000,-631000,-284000
2008/10/23,0,100000,-75566,24434
2008/10/24,0,100000,-15000,85000
2008/10/27,0,228000,-317000,-89000
2008/10/28,0,596000,-287000,309000
2008/10/29,0,1460000,-60000,1400000
2008/10/30,0,285000,-527000,-242000
2008/10/31,0,1698000,-368000,1330000
2008/11/03,0,2319000,-616000,1703000
2008/11/04,0,1196000,-1298188,-102188
2008/11/05,0,1273000,-1446000,-173000
2008/11/06,0,1105000,-1423064,-318064
2008/11/07,0,3043000,-651000,2392000
2008/11/10,0,1579000,-1357000,222000
2008/11/11,0,979224,-1610000,-630776
2008/11/12,0,595000,-247000,348000
2008/11/13,0,392000,-1145141,-753141
2008/11/14,0,375000,-2015140,-1640140
2008/11/17,0,168000,-635740,-467740
2008/11/18,0,508000,-667000,-159000
2008/11/19,0,921000,-61000,860000
2008/11/20,0,404000,-361000,43000
2008/11/21,0,1040000,-659000,381000
2008/11/24,0,652000,-131000,521000
2008/11/25,0,1040000,-318000,722000
2008/11/26,0,1184000,-255000,929000
2008/11/27,0,2433000,-618000,1815000
2008/11/28,0,980000,-883000,97000
2008/12/01,0,2067000,-952000,1115000
2008/12/02,0,378000,-1584000,-1206000
2008/12/03,0,1111000,-561000,550000
2008/12/04,0,324000,-737000,-413000
2008/12/05,0,266000,-141000,125000
2008/12/08,0,1757000,-476000,1281000
2008/12/09,0,1538000,-221000,1317000
2008/12/10,0,1381000,-596330,784670
2008/12/11,0,834000,-2118000,-1284000
2008/12/12,0,978000,-2479000,-1501000
2008/12/15,0,1268000,-1584000,-316000
2008/12/16,0,730000,-749000,-19000
2008/12/17,0,171000,-2646000,-2475000
2008/12/18,0,193000,-722000,-529000
2008/12/19,0,657000,-659000,-2000
2008/12/22,0,371000,-645000,-274000
2008/12/23,0,365000,-1062000,-697000
2008/12/24,0,362000,-217000,145000
2008/12/25,0,437000,-162000,275000
2008/12/26,0,265000,-205400,59600
2008/12/29,0,297000,-238000,59000
2008/12/30,0,1171000,-66000,1105000
2008/12/31,0,415000,-1001075,-586075
2009/01/01,0,0,0,0
2009/01/02,0,0,0,0
2009/01/05,0,1414000,-418000,996000
2009/01/06,0,839000,-1014000,-175000
2009/01/07,0,273000,-857000,-584000
2009/01/08,0,295000,-236000,59000
2009/01/09,0,375000,-483000,-108000
2009/01/12,0,982000,-106000,876000
2009/01/13,0,904000,-278000,626000
2009/01/14,0,1457000,-422293,1034707
2009/01/15,0,948000,-999000,-51000
2009/01/16,0,831000,-995000,-164000
2009/01/19,0,567228,-1391000,-823772
2009/01/20,0,737156,-282000,455156
2009/01/21,0,812000,-81000,731000
2009/01/22,0,0,0,0
2009/01/23,0,0,0,0
2009/01/26,0,0,0,0
2009/01/27,0,0,0,0
2009/01/28,0,0,0,0
2009/01/29,0,0,0,0
2009/01/30,0,0,0,0
2009/02/02,0,271000,-144370,126630
2009/02/03,0,2857000,-1150000,1707000
2009/02/04,0,178000,-1567000,-1389000
2009/02/05,0,426000,-593000,-167000
2009/02/06,0,524000,-1304000,-780000
2009/02/09,0,534000,-1455000,-921000
2009/02/10,0,510000,-691000,-181000
2009/02/11,0,346309,-491000,-144691
2009/02/12,0,2631000,-859000,1772000
2009/02/13,0,1253000,-653000,600000
2009/02/16,0,150000,-244000,-94000
2009/02/17,0,424000,-975000,-551000
2009/02/18,0,356000,-391000,-35000
2009/02/19,0,417000,-540000,-123000
2009/02/20,0,1447000,-189000,1258000
2009/02/23,0,2429000,-1579000,850000
2009/02/24,0,955000,-911000,44000
2009/02/25,0,1827000,-1692000,135000
2009/02/26,0,1083000,-961000,122000
2009/02/27,0,1381000,-62000,1319000
2009/03/02,0,2421000,-549000,1872000
2009/03/03,0,1599000,-1524000,75000
2009/03/04,0,2283000,-576000,1707000
2009/03/05,0,4422000,-1145000,3277000
2009/03/06,0,803000,-1254000,-451000
2009/03/09,0,1026000,-832000,194000
2009/03/10,0,802000,-4111000,-3309000
2009/03/11,0,998000,-2273000,-1275000
2009/03/12,0,1537000,-2361000,-824000
2009/03/13,0,1430000,-2220833,-790833
2009/03/16,0,246000,-1896000,-1650000
2009/03/17,0,1829000,-1855000,-26000
2009/03/18,0,1181000,-1026000,155000
2009/03/19,0,1354000,-1400000,-46000
2009/03/20,0,921000,-527000,394000
2009/03/23,0,1851000,-1512000,339000
2009/03/24,0,1132000,-1444000,-312000
2009/03/25,0,542000,-155000,387000
2009/03/26,0,1061000,-1390000,-329000
2009/03/27,0,1633000,-2532000,-899000
2009/03/30,0,1724000,-1409000,315000
2009/03/31,0,975000,-333000,642000
2009/04/01,0,1171000,-458000,713000
2009/04/02,0,1645000,-1318832,326168
2009/04/03,0,1470000,-2305000,-835000
2009/04/06,0,1360000,-3065000,-1705000
2009/04/07,0,1071000,-400000,671000
2009/04/08,0,1724000,-3483000,-1759000
2009/04/09,0,2792000,-297000,2495000
2009/04/10,0,2469000,-3456000,-987000
2009/04/13,0,1785000,-2126206,-341206
2009/04/14,0,1577000,-1290000,287000
2009/04/15,0,1238000,-2078000,-840000
2009/04/16,0,2612000,-1683000,929000
2009/04/17,0,1207000,-3262825,-2055825
2009/04/20,0,2171000,-1391000,780000
2009/04/21,0,3093000,-2272000,821000
2009/04/22,0,735000,-1657000,-922000
2009/04/23,0,898000,-1333000,-435000
2009/04/24,0,1622000,-3951000,-2329000
2009/04/27,0,896000,-2321000,-1425000
2009/04/28,0,1829000,-1017000,812000
2009/04/29,0,2469000,-907000,1562000
2009/04/30,0,159000,-56000,103000
2009/05/01,0,0,0,0
2009/05/04,0,33200,-29000,4200
2009/05/05,0,346000,-326000,20000
2009/05/06,0,3892000,-1638638,2253362
2009/05/07,0,1905000,-3996000,-2091000
2009/05/08,0,3155000,-312000,2843000
2009/05/11,0,1618000,-1159000,459000
2009/05/12,0,940000,-2397000,-1457000
2009/05/13,0,1597000,-2021000,-424000
2009/05/14,0,102000,-1852000,-1750000
2009/05/15,0,1214000,-1229000,-15000
2009/05/18,0,884000,-1010000,-126000
2009/05/19,0,5028000,-1965000,3063000
2009/05/20,0,1287000,-3480000,-2193000
2009/05/21,0,319000,-1579000,-1260000
2009/05/22,0,1392000,-746000,646000
2009/05/25,0,1769000,-2100000,-331000
2009/05/26,0,1013000,-2084000,-1071000
2009/05/27,0,2525000,-775000,1750000
2009/05/28,0,0,0,0
2009/05/29,0,0,0,0
2009/06/01,0,1518000,-2776000,-1258000
2009/06/02,0,1352000,-1776000,-424000
2009/06/03,0,1661000,-958756,702244
2009/06/04,0,1757000,-1398600,358400
2009/06/05,0,1472000,-354000,1118000
2009/06/08,0,1272000,-1438000,-166000
2009/06/09,0,3950000,-1916000,2034000
2009/06/10,0,1858000,-966865,891135
2009/06/11,0,1080000,-3028000,-1948000
2009/06/12,0,386000,-2143000,-1757000
2009/06/15,0,1208000,-2426000,-1218000
2009/06/16,0,1006093,-1120000,-113907
2009/06/17,0,3884520,-2622000,1262520
2009/06/18,0,1078000,-1164000,-86000
2009/06/19,0,1740000,-558520,1181480
2009/06/22,0,535000,-905000,-370000
2009/06/23,0,593000,-987000,-394000
2009/06/24,0,6625000,-1489000,5136000
2009/06/25,0,3203000,-4624000,-1421000
2009/06/26,0,1451000,-1397000,54000
2009/06/29,0,1800000,-1618000,182000
2009/06/30,0,986000,-1456000,-470000
2009/07/01,0,2137000,-427000,1710000
2009/07/02,0,2770000,-1746000,1024000
2009/07/03,0,1119000,-512000,607000
2009/07/06,0,2140000,-1404000,736000
2009/07/07,0,2166000,-885000,1281000
2009/07/08,0,1075000,-2209000,-1134000
2009/07/09,0,6311000,-1306000,5005000
2009/07/10,0,1388000,-1562000,-174000
2009/07/13,0,2622000,-6323000,-3701000
2009/07/14,0,983000,-814200,168800
2009/07/15,0,2729000,-1108000,1621000
2009/07/16,0,1600000,-3183000,-1583000
2009/07/17,0,1206000,-1517000,-311000
2009/07/20,0,2469000,-1420000,1049000
2009/07/21,0,1470000,-1714000,-244000
2009/07/22,0,2889000,-1679000,1210000
2009/07/23,0,1444875,-2075000,-630125
2009/07/24,0,1649000,-2039000,-390000
2009/07/27,0,1358000,-1217000,141000
2009/07/28,0,572013,-1251000,-678987
2009/07/29,0,2026000,-1616000,410000
2009/07/30,0,1339000,-1000000,339000
2009/07/31,0,1626000,-1049000,577000
2009/08/03,0,828000,-1995000,-1167000
2009/08/04,0,970000,-2315000,-1345000
2009/08/05,0,969000,-1964000,-995000
2009/08/06,0,1050000,-2160000,-1110000
2009/08/07,0,0,0,0
2009/08/10,0,309000,-1417000,-1108000
2009/08/11,0,1512000,-3787000,-2275000
2009/08/12,0,2200000,-1477000,723000
2009/08/13,0,2092000,-1440000,652000
2009/08/14,0,768000,-2064000,-1296000
2009/08/17,0,385000,-1365000,-980000
2009/08/18,0,1900000,-336000,1564000
2009/08/19,0,503000,-641000,-138000
2009/08/20,0,736000,-2409000,-1673000
2009/08/21,0,582000,-703000,-121000
2009/08/24,0,992000,-876000,116000
2009/08/25,0,207000,-788000,-581000
2009/08/26,0,759000,-945000,-186000
2009/08/27,0,1406000,-459000,947000
2009/08/28,0,1066000,-1601000,-535000
2009/08/31,0,193000,-700000,-507000
2009/09/01,0,2661000,-392000,2269000
2009/09/02,0,1869000,-1762000,107000
2009/09/03,0,800000,-931000,-131000
2009/09/04,0,1151000,-1697000,-546000
2009/09/07,0,1252000,-1355000,-103000
2009/09/08,0,1256000,-1783000,-527000
2009/09/09,0,968000,-855000,113000
2009/09/10,0,4613000,-2176000,2437000
2009/09/11,0,761000,-329000,432000
2009/09/14,0,1133000,-1391000,-258000
2009/09/15,0,689000,-896000,-207000
2009/09/16,0,1158000,-1720000,-562000
2009/09/17,0,2338000,-999000,1339000
2009/09/18,0,92000,-540437,-448437
2009/09/21,0,564000,-1551000,-987000
2009/09/22,0,572000,-1082000,-510000
2009/09/23,0,404000,-2225176,-1821176
2009/09/24,0,168000,-267000,-99000
2009/09/25,0,1238000,-2036000,-798000
2009/09/28,0,1076000,-492753,583247
2009/09/29,0,1192000,-322000,870000
2009/09/30,0,1252000,-1592000,-340000
2009/10/01,0,4281000,-2930000,1351000
2009/10/02,0,959000,-1771000,-812000
2009/10/05,0,409000,-1375000,-966000
2009/10/06,0,962000,-3963000,-3001000
2009/10/07,0,953000,-1804000,-851000
2009/10/08,0,227000,-2304000,-2077000
2009/10/09,0,899000,-934000,-35000
2009/10/12,0,649000,-381000,268000
2009/10/13,0,1815000,-664000,1151000
2009/10/14,0,1025000,-253000,772000
2009/10/15,0,678000,-941000,-263000
2009/10/16,0,592000,-553000,39000
2009/10/19,0,580000,-295000,285000
2009/10/20,0,509000,-507000,2000
2009/10/21,0,333000,-795176,-462176
2009/10/22,0,900000,-1079000,-179000
2009/10/23,0,1172000,-289000,883000
2009/10/26,0,895000,-882000,13000
2009/10/27,0,371000,-1217000,-846000
2009/10/28,0,1175000,-345000,830000
2009/10/29,0,2007000,-3727000,-1720000
2009/10/30,0,346000,-802000,-456000
2009/11/02,0,790000,-686000,104000
2009/11/03,0,909000,-897000,12000
2009/11/04,0,1780000,-531000,1249000
2009/11/05,0,429000,-371000,58000
2009/11/06,0,1140000,-905000,235000
2009/11/09,0,938000,-397000,541000
2009/11/10,0,284000,-271000,13000
2009/11/11,0,830000,-371000,459000
2009/11/12,0,510000,-383000,127000
2009/11/13,0,701000,-1020000,-319000
2009/11/16,0,1412000,-816000,596000
2009/11/17,0,1461000,-6489000,-5028000
2009/11/18,0,1781000,-496000,1285000
2009/11/19,0,1371000,-500000,871000
2009/11/20,0,1018000,-836000,182000
2009/11/23,0,900000,-242000,658000
2009/11/24,0,916000,-347000,569000
2009/11/25,0,2285000,-1200000,1085000
2009/11/26,0,1044000,-2061000,-1017000
2009/11/27,0,1101000,-1590000,-489000
2009/11/30,0,408000,-463570,-55570
2009/12/01,0,1365000,-515000,850000
2009/12/02,0,633000,-1576000,-943000
2009/12/03,0,4330000,-537000,3793000
2009/12/04,0,978000,-344000,634000
2009/12/07,0,651000,-280000,371000
2009/12/08,0,192000,-703000,-511000
2009/12/09,0,43000,-623000,-580000
2009/12/10,0,763000,-1882000,-1119000
2009/12/11,0,864000,-214625,649375
2009/12/14,0,293000,-548000,-255000
2009/12/15,0,191000,-1006000,-815000
2009/12/16,0,1051000,-3429000,-2378000
2009/12/17,0,321000,-671000,-350000
2009/12/18,0,467000,-259000,208000
2009/12/21,0,1146000,-641000,505000
2009/12/22,0,1681000,-543916,1137084
2009/12/23,0,888000,-488000,400000
2009/12/24,0,749000,-471000,278000
2009/12/25,0,1308000,-254000,1054000
2009/12/28,0,1422000,-228000,1194000
2009/12/29,0,1589000,-453000,1136000
2009/12/30,0,1008000,-480000,528000
2009/12/31,0,2762000,-1372000,1390000
2010/01/01,0,0,0,0
2010/01/04,0,474000,-1883000,-1409000
2010/01/05,0,731000,-1157000,-426000
2010/01/06,0,3092000,-1189000,1903000
2010/01/07,0,1658000,-990000,668000
2010/01/08,0,1359000,-551000,808000
2010/01/11,0,1376000,-848000,528000
2010/01/12,0,1386000,-1982000,-596000
2010/01/13,0,1060000,-3584000,-2524000
2010/01/14,0,490000,-801594,-311594
2010/01/15,0,1453000,-873000,580000
2010/01/18,0,1457000,-1000000,457000
2010/01/19,0,1011000,-1054000,-43000
2010/01/20,0,1013940,-1838000,-824060
2010/01/21,0,594000,-615000,-21000
2010/01/22,0,840000,-982000,-142000
2010/01/25,0,587000,-557000,30000
2010/01/26,0,1216000,-3235000,-2019000
2010/01/27,0,835000,-2208000,-1373000
2010/01/28,0,1490000,-930000,560000
2010/01/29,0,695000,-1329000,-634000
2010/02/01,0,722000,-1298000,-576000
2010/02/02,0,2302000,-1173000,1129000
2010/02/03,0,2235000,-409000,1826000
2010/02/04,0,260000,-441000,-181000
2010/02/05,0,3223000,-3499000,-276000
2010/02/08,0,1162000,-404002,757998
2010/02/09,0,1364000,-1091656,272344
2010/02/10,0,967000,-599000,368000
2010/02/11,0,0,0,0
2010/02/12,0,0,0,0
2010/02/15,0,0,0,0
2010/02/16,0,0,0,0
2010/02/17,0,0,0,0
2010/02/18,0,0,0,0
2010/02/19,0,0,0,0
2010/02/22,0,1706000,-843000,863000
2010/02/23,0,605000,-927000,-322000
2010/02/24,0,1098000,-516000,582000
2010/02/25,0,392000,-2623000,-2231000
2010/02/26,0,621000,-790000,-169000
2010/03/01,0,1268000,-264000,1004000
2010/03/02,0,702000,-1208000,-506000
2010/03/03,0,1232000,-944000,288000
2010/03/04,0,320000,-1634000,-1314000
2010/03/05,0,1695000,-852000,843000
2010/03/08,0,1521000,-793000,728000
2010/03/09,0,431000,-405000,26000
2010/03/10,0,2294000,-661000,1633000
2010/03/11,0,296000,-815000,-519000
2010/03/12,0,242000,-201000,41000
2010/03/15,0,100000,-2593000,-2493000
2010/03/16,0,297000,-469000,-172000
2010/03/17,0,1612000,-148000,1464000
2010/03/18,0,2030000,-158000,1872000
2010/03/19,0,1054000,-404000,650000
2010/03/22,0,761000,-570000,191000
2010/03/23,0,279000,-1551000,-1272000
2010/03/24,0,988000,-403900,584100
2010/03/25,0,1896000,-1044000,852000
2010/03/26,0,1332000,-494000,838000
2010/03/29,0,972000,-350000,622000
2010/03/30,0,96000,-700000,-604000
2010/03/31,0,278000,-355000,-77000
2010/04/01,0,1161000,-113000,1048000
2010/04/02,0,330000,-534000,-204000
2010/04/05,0,0,0,0
2010/04/06,0,799000,-763000,36000
2010/04/07,0,215000,-456000,-241000
2010/04/08,0,1739000,-1070000,669000
2010/04/09,0,579000,-450000,129000
2010/04/12,0,537000,-459000,78000
2010/04/13,0,375000,-736000,-361000
2010/04/14,0,433000,-450000,-17000
2010/04/15,0,808000,-973000,-165000
2010/04/16,0,376000,-1126000,-750000
2010/04/19,0,510000,-2561000,-2051000
2010/04/20,0,324000,-1544000,-1220000
2010/04/21,0,269000,-738000,-469000
2010/04/22,0,334000,-1818000,-1484000
2010/04/23,0,548000,-452000,96000
2010/04/26,0,561000,-877000,-316000
2010/04/27,0,55000,-274000,-219000
2010/04/28,0,629000,-461000,168000
2010/04/29,0,53000,-1189000,-1136000
2010/04/30,0,315000,-555000,-240000
2010/05/03,0,164000,-290000,-126000
2010/05/04,0,161000,-308000,-147000
2010/05/05,0,153000,-624000,-471000
2010/05/06,0,358000,-713000,-355000
2010/05/07,0,903000,-345000,558000
2010/05/10,0,393000,-383000,10000
2010/05/11,0,569000,-1862000,-1293000
2010/05/12,0,278000,-873000,-595000
2010/05/13,0,521000,-293000,228000
2010/05/14,0,683000,-181000,502000
2010/05/17,0,135000,-1061000,-926000
2010/05/18,0,827000,-244000,583000
2010/05/19,0,1261000,-370000,891000
2010/05/20,0,416000,-696000,-280000
2010/05/21,0,209000,-726000,-517000
2010/05/24,0,365000,-196000,169000
2010/05/25,0,891000,-677000,214000
2010/05/26,0,921000,-916000,5000
2010/05/27,0,629000,-796000,-167000
2010/05/28,0,367000,-812000,-445000
2010/05/31,0,326000,-180000,146000
2010/06/01,0,217000,-543000,-326000
2010/06/02,0,340000,-379000,-39000
2010/06/03,0,281000,-219000,62000
2010/06/04,0,43000,-153000,-110000
2010/06/07,0,411000,-384000,27000
2010/06/08,0,354000,-437000,-83000
2010/06/09,0,340000,-912000,-572000
2010/06/10,0,616000,-82000,534000
2010/06/11,0,540000,-639000,-99000
2010/06/14,0,348000,-114000,234000
2010/06/15,0,971000,-744000,227000
2010/06/16,0,0,0,0
2010/06/17,0,1637000,-419000,1218000
2010/06/18,0,8000,-66000,-58000
2010/06/21,0,708000,-159000,549000
2010/06/22,0,292000,-66000,226000
2010/06/23,0,165000,-113000,52000
2010/06/24,0,503000,-47000,456000
2010/06/25,0,1678000,-122500,1555500
2010/06/28,0,1695000,-35500,1659500
2010/06/29,0,799600,-946000,-146400
2010/06/30,0,832000,-308000,524000
2010/07/01,0,2015000,-106000,1909000
2010/07/02,0,1596000,-643000,953000
2010/07/05,0,926000,-353000,573000
2010/07/06,0,1786000,-456000,1330000
2010/07/07,0,1103000,-609000,494000
2010/07/08,0,1446000,-564181,881819
2010/07/09,0,191000,-172000,19000
2010/07/12,0,443000,-558000,-115000
2010/07/13,0,344000,-900000,-556000
2010/07/14,0,424000,-417000,7000
2010/07/15,0,390000,-1205000,-815000
2010/07/16,0,1406000,-1427000,-21000
2010/07/19,0,487000,-1479000,-992000
2010/07/20,0,390000,-480000,-90000
2010/07/21,0,478000,-281100,196900
2010/07/22,0,514000,-410000,104000
2010/07/23,0,113000,-578000,-465000
2010/07/26,0,667000,-177000,490000
2010/07/27,0,269000,-662000,-393000
2010/07/28,0,996000,-919000,77000
2010/07/29,0,1247000,-972000,275000
2010/07/30,0,1638000,-408000,1230000
2010/08/02,0,3175000,-644000,2531000
2010/08/03,0,3130000,-725000,2405000
2010/08/04,0,547000,-786000,-239000
2010/08/05,0,1497000,-461000,1036000
2010/08/06,0,1498000,-88000,1410000
2010/08/09,0,3581000,-594000,2987000
2010/08/10,0,7495000,-2502000,4993000
2010/08/11,0,1589000,-10053000,-8464000
2010/08/12,0,374000,-1674600,-1300600
2010/08/13,0,96000,-1929000,-1833000
2010/08/16,0,490000,-1045000,-555000
2010/08/17,0,149000,-294000,-145000
2010/08/18,0,661000,-2039000,-1378000
2010/08/19,0,441000,-1001000,-560000
2010/08/20,0,278000,-827000,-549000
2010/08/23,0,1160000,-846000,314000
2010/08/24,0,527000,-683000,-156000
2010/08/25,0,260000,-1212428,-952428
2010/08/26,0,547000,-478000,69000
2010/08/27,0,820000,-647000,173000
2010/08/30,0,653580,-1309000,-655420
2010/08/31,0,663000,-347000,316000
2010/09/01,0,403000,-652000,-249000
2010/09/02,0,403000,-513000,-110000
2010/09/03,0,754000,-337000,417000
2010/09/06,0,1078406,-64000,1014406
2010/09/07,0,287000,-156000,131000
2010/09/08,0,739000,-853000,-114000
2010/09/09,0,417000,-496000,-79000
2010/09/10,0,1698000,-793000,905000
2010/09/13,0,3709000,-1064000,2645000
2010/09/14,0,517000,-949000,-432000
2010/09/15,0,1155000,-1737000,-582000
2010/09/16,0,1437000,-949000,488000
2010/09/17,0,1191000,-1153000,38000
2010/09/20,0,621000,-345000,276000
2010/09/21,0,526027,-535956,-9929
2010/09/22,0,0,0,0
2010/09/23,0,1180064,-1665530,-485466
2010/09/24,0,1608000,-716000,892000
2010/09/27,0,388000,-1232000,-844000
2010/09/28,0,633000,-174487,458513
2010/09/29,0,1519000,-688599,830401
2010/09/30,0,1017000,-626000,391000
2010/10/01,0,277000,-305000,-28000
2010/10/04,0,1358000,-1674000,-316000
2010/10/05,0,1320027,-474000,846027
2010/10/06,0,691000,-741000,-50000
2010/10/07,0,1239000,-341179,897821
2010/10/08,0,1068000,-1856000,-788000
2010/10/11,0,296000,-672003,-376003
2010/10/12,0,211000,-2258320,-2047320
2010/10/13,0,456000,-752992,-296992
2010/10/14,0,545000,-714000,-169000
2010/10/15,0,812000,-1325299,-513299
2010/10/18,0,203000,-1097000,-894000
2010/10/19,0,384000,-723235,-339235
2010/10/20,0,766000,-534000,232000
2010/10/21,0,238000,-798000,-560000
2010/10/22,0,411000,-582000,-171000
2010/10/25,0,1606000,-254000,1352000
2010/10/26,0,722000,-673000,49000
2010/10/27,0,820000,-206000,614000
2010/10/28,0,934000,-777000,157000
2010/10/29,0,173000,-167737,5263
2010/11/01,0,2507005,-898000,1609005
2010/11/02,0,1895000,-1780000,115000
2010/11/03,0,884000,-958000,-74000
2010/11/04,0,600000,-1148000,-548000
2010/11/05,0,1288338,-541000,747338
2010/11/08,0,526000,-234000,292000
2010/11/09,0,580648,-253771,326877
2010/11/10,0,555000,-402000,153000
2010/11/11,0,459000,-324000,135000
2010/11/12,0,1234000,-1477000,-243000
2010/11/15,0,726000,-319000,407000
2010/11/16,0,1702000,-232000,1470000
2010/11/17,0,391000,-354000,37000
2010/11/18,0,300000,-145000,155000
2010/11/19,0,138000,-247000,-109000
2010/11/22,0,877000,-110000,767000
2010/11/23,0,300000,-559000,-259000
2010/11/24,0,1263000,-452000,811000
2010/11/25,0,726000,-441000,285000
2010/11/26,0,228000,-467000,-239000
2010/11/29,0,589000,-329194,259806
2010/11/30,0,127000,-548000,-421000
2010/12/01,0,2023000,-2640000,-617000
2010/12/02,0,1105000,-2104000,-999000
2010/12/03,0,451000,-624000,-173000
2010/12/06,0,885000,-486000,399000
2010/12/07,0,339000,-504000,-165000
2010/12/08,0,208000,-581000,-373000
2010/12/09,0,8368000,-624000,7744000
2010/12/10,0,3030000,-984000,2046000
2010/12/13,0,1077000,-1163000,-86000
2010/12/14,0,936000,-1963791,-1027791
2010/12/15,0,1168000,-1097000,71000
2010/12/16,0,777000,-709000,68000
2010/12/17,0,1679000,-1890000,-211000
2010/12/20,0,750000,-638000,112000
2010/12/21,0,1206000,-580000,626000
2010/12/22,0,3295000,-1808000,1487000
2010/12/23,0,4028000,-2680000,1348000
2010/12/24,0,912000,-1106444,-194444
2010/12/27,0,2977000,-1908000,1069000
2010/12/28,0,663000,-2216000,-1553000
2010/12/29,0,2745000,-4295184,-1550184
2010/12/30,0,1214000,-909000,305000
2010/12/31,0,5457000,-2169000,3288000
2011/01/03,0,2286000,-6600000,-4314000
2011/01/04,0,1895000,-1443000,452000
2011/01/05,0,3415000,-6023570,-2608570
2011/01/06,0,1533000,-1098000,435000
2011/01/07,0,1234000,-2185000,-951000
2011/01/10,0,837000,-1188000,-351000
2011/01/11,0,2480000,-1175000,1305000
2011/01/12,0,2543000,-1138000,1405000
2011/01/13,0,1642000,-4369000,-2727000
2011/01/14,0,994000,-3555000,-2561000
2011/01/17,0,814000,-1174650,-360650
2011/01/18,0,963000,-1070000,-107000
2011/01/19,0,483000,-2077000,-1594000
2011/01/20,0,491000,-2688000,-2197000
2011/01/21,0,643000,-1501000,-858000
2011/01/24,0,356000,-778000,-422000
2011/01/25,0,303000,-718000,-415000
2011/01/26,0,506000,-921000,-415000
2011/01/27,0,1536000,-2097000,-561000
2011/01/28,0,592000,-1136000,-544000
2011/01/31,0,0,0,0
2011/02/01,0,0,0,0
2011/02/02,0,0,0,0
2011/02/03,0,0,0,0
2011/02/04,0,0,0,0
2011/02/07,0,0,0,0
2011/02/08,0,834212,-362000,472212
2011/02/09,0,1495000,-1276000,219000
2011/02/10,0,492000,-4097468,-3605468
2011/02/11,0,517000,-4959000,-4442000
2011/02/14,0,586000,-640000,-54000
2011/02/15,0,665000,-1676000,-1011000
2011/02/16,0,417000,-812000,-395000
2011/02/17,0,416000,-1029000,-613000
2011/02/18,0,1571000,-498874,1072126
2011/02/21,0,453000,-636000,-183000
2011/02/22,0,869000,-1704000,-835000
2011/02/23,0,1170000,-747500,422500
2011/02/24,0,989000,-404000,585000
2011/02/25,0,2196000,-844000,1352000
2011/02/28,0,0,0,0
2011/03/01,0,564000,-154000,410000
2011/03/02,0,355000,-507000,-152000
2011/03/03,0,1379000,-208000,1171000
2011/03/04,0,206000,-315000,-109000
2011/03/07,0,685000,-641946,43054
2011/03/08,0,572000,-182000,390000
2011/03/09,0,187000,-768000,-581000
2011/03/10,0,1908000,-665000,1243000
2011/03/11,0,831000,-978000,-147000
2011/03/14,0,1083000,-1844000,-761000
2011/03/15,0,3402000,-3157333,244667
2011/03/16,0,1275000,-960500,314500
2011/03/17,0,862000,-338000,524000
2011/03/18,0,507000,-573000,-66000
2011/03/21,0,187000,-1041499,-854499
2011/03/22,0,721000,-570000,151000
2011/03/23,0,245000,-425247,-180247
2011/03/24,0,405000,-205000,200000
2011/03/25,0,423000,-554000,-131000
2011/03/28,0,596000,-71000,525000
2011/03/29,0,271000,-42000,229000
2011/03/30,0,752000,-186000,566000
2011/03/31,0,253000,-768000,-515000
2011/04/01,0,234000,-131000,103000
2011/04/04,0,0,0,0
2011/04/05,0,0,0,0
2011/04/06,0,2097000,-628000,1469000
2011/04/07,0,790894,-123000,667894
2011/04/08,0,616200,-354000,262200
2011/04/11,0,83000,-296677,-213677
2011/04/12,0,889000,-220000,669000
2011/04/13,0,372400,-302000,70400
2011/04/14,0,294000,-422000,-128000
2011/04/15,0,203000,-564000,-361000
2011/04/18,0,206400,-274478,-68078
2011/04/19,0,513000,-558000,-45000
2011/04/20,0,1098000,-181000,917000
2011/04/21,0,2226375,-861000,1365375
2011/04/22,0,1594000,-670000,924000
2011/04/25,0,1178000,-1278000,-100000
2011/04/26,0,637000,-1701000,-1064000
2011/04/27,0,1602000,-1160000,442000
2011/04/28,0,1810000,-3349000,-1539000
2011/04/29,0,143000,-1930000,-1787000
2011/05/02,0,0,0,0
2011/05/03,0,1220000,-2451635,-1231635
2011/05/04,0,1260000,-207000,1053000
2011/05/05,0,1530000,-252000,1278000
2011/05/06,0,865000,-642000,223000
2011/05/09,0,3246600,-848000,2398600
2011/05/10,0,1710900,-515000,1195900
2011/05/11,0,286000,-1377332,-1091332
2011/05/12,0,727000,-407000,320000
2011/05/13,0,582000,-911000,-329000
2011/05/16,0,722000,-882000,-160000
2011/05/17,0,729000,-1344000,-615000
2011/05/18,0,2043800,-268000,1775800
2011/05/19,0,2482000,-1412108,1069892
2011/05/20,0,750740,-1669000,-918260
2011/05/23,0,470000,-1000000,-530000
2011/05/24,0,1186000,-680000,506000
2011/05/25,0,1461012,-505238,955774
2011/05/26,0,1134000,-1289000,-155000
2011/05/27,0,1061000,-768200,292800
2011/05/30,0,750164,-510000,240164
2011/05/31,0,1958800,-1102000,856800
2011/06/01,0,1257000,-1673000,-416000
2011/06/02,0,858293,-1370000,-511707
2011/06/03,0,411000,-568000,-157000
2011/06/06,0,0,0,0
2011/06/07,0,349700,-614000,-264300
2011/06/08,0,201000,-638000,-437000
2011/06/09,0,807000,-653000,154000
2011/06/10,0,326000,-1436000,-1110000
2011/06/13,0,690000,-750000,-60000
2011/06/14,0,629000,-654000,-25000
2011/06/15,0,1254000,-981000,273000
2011/06/16,0,532000,-423000,109000
2011/06/17,0,485000,-999000,-514000
2011/06/20,0,688511,-898000,-209489
2011/06/21,0,1980000,-606000,1374000
2011/06/22,0,2723000,-1356000,1367000
2011/06/23,0,1643000,-867000,776000
2011/06/24,0,1915000,-1902000,13000
2011/06/27,0,364000,-643000,-279000
2011/06/28,0,875000,-704000,171000
2011/06/29,0,1897000,-797000,1100000
2011/06/30,0,913000,-549000,364000
2011/07/01,0,1287000,-1151000,136000
2011/07/04,0,506000,-1013000,-507000
2011/07/05,0,497000,-1587000,-1090000
2011/07/06,0,951000,-667000,284000
2011/07/07,0,1426000,-646000,780000
2011/07/08,0,802000,-1698000,-896000
2011/07/11,0,726000,-937000,-211000
2011/07/12,0,1116000,-935000,181000
2011/07/13,0,2691000,-1869000,822000
2011/07/14,0,2154000,-716000,1438000
2011/07/15,0,2238000,-2003000,235000
2011/07/18,0,1170000,-552245,617755
2011/07/19,0,414000,-1079000,-665000
2011/07/20,0,1703000,-615000,1088000
2011/07/21,0,1702000,-585000,1117000
2011/07/22,0,1088000,-1516000,-428000
2011/07/25,0,1355000,-1023000,332000
2011/07/26,0,1456734,-1362000,94734
2011/07/27,0,1091000,-746000,345000
2011/07/28,0,651000,-1375000,-724000
2011/07/29,0,1000000,-1992070,-992070
2011/08/01,0,2264000,-899000,1365000
2011/08/02,0,1867000,-685000,1182000
2011/08/03,0,2927672,-4354000,-1426328
2011/08/04,0,1938000,-1017000,921000
2011/08/05,0,4145000,-3214000,931000
2011/08/08,0,4553000,-2937000,1616000
2011/08/09,0,5978000,-907317,5070683
2011/08/10,0,2743000,-2361000,382000
2011/08/11,0,1954000,-1327000,627000
2011/08/12,0,774000,-1896103,-1122103
2011/08/15,0,1343000,-465000,878000
2011/08/16,0,2680000,-876000,1804000
2011/08/17,0,1068000,-3649544,-2581544
2011/08/18,0,1850000,-581448,1268552
2011/08/19,0,1297000,-2059000,-762000
2011/08/22,0,3362000,-1229482,2132518
2011/08/23,0,3123000,-482000,2641000
2011/08/24,0,2175000,-874000,1301000
2011/08/25,0,1076000,-1444000,-368000
2011/08/26,0,1172000,-1299375,-127375
2011/08/29,0,551028,-476571,74457
2011/08/30,0,522000,-915000,-393000
2011/08/31,0,337000,-603000,-266000
2011/09/01,0,1257000,-1935391,-678391
2011/09/02,0,347000,-409000,-62000
2011/09/05,0,667000,-1788000,-1121000
2011/09/06,0,957000,-2404200,-1447200
2011/09/07,0,2053000,-301943,1751057
2011/09/08,0,1010000,-838084,171916
2011/09/09,0,550000,-492000,58000
2011/09/12,0,0,0,0
2011/09/13,0,735000,-2800798,-2065798
2011/09/14,0,2164000,-5687791,-3523791
2011/09/15,0,1265000,-337688,927312
2011/09/16,0,3536000,-438000,3098000
2011/09/19,0,709000,-3395000,-2686000
2011/09/20,0,852000,-1026000,-174000
2011/09/21,0,2370000,-204000,2166000
2011/09/22,0,271000,-2373000,-2102000
2011/09/23,0,1971000,-3892000,-1921000
2011/09/26,0,2143000,-1332000,811000
2011/09/27,0,1206000,-731000,475000
2011/09/28,0,1038000,-924751,113249
2011/09/29,0,1216000,-1522000,-306000
2011/09/30,0,1001000,-258455,742545
2011/10/03,0,669000,-2208719,-1539719
2011/10/04,0,1466000,-619938,846062
2011/10/05,0,537000,-468984,68016
2011/10/06,0,1755000,-284578,1470422
2011/10/07,0,1814502,-723000,1091502
2011/10/10,0,0,0,0
2011/10/11,0,3298000,-839000,2459000
2011/10/12,0,741401,-338000,403401
2011/10/13,0,400000,-438000,-38000
2011/10/14,0,997000,-875494,121506
2011/10/17,0,423000,-504000,-81000
2011/10/18,0,301000,-1565228,-1264228
2011/10/19,0,417000,-315000,102000
2011/10/20,0,189000,-1032000,-843000
2011/10/21,0,805000,-462000,343000
2011/10/24,0,4084000,-859285,3224715
2011/10/25,0,1068000,-878000,190000
2011/10/26,0,1694000,-654973,1039027
2011/10/27,0,1509000,-624000,885000
2011/10/28,0,1316000,-1251340,64660
2011/10/31,0,347000,-927512,-580512
2011/11/01,0,489000,-725415,-236415
2011/11/02,0,2063000,-1158460,904540
2011/11/03,0,718000,-1378800,-660800
2011/11/04,0,1355000,-390000,965000
2011/11/07,0,339000,-227350,111650
2011/11/08,0,419005,-163000,256005
2011/11/09,0,358000,-342996,15004
2011/11/10,0,1343000,-3027000,-1684000
2011/11/11,0,319000,-447400,-128400
2011/11/14,0,489000,-106000,383000
2011/11/15,0,594000,-585000,9000
2011/11/16,0,597000,-1905000,-1308000
2011/11/17,0,802000,-326498,475502
2011/11/18,0,1076000,-558000,518000
2011/11/21,0,2423000,-419099,2003901
2011/11/22,0,1462000,-129600,1332400
2011/11/23,0,963000,-635000,328000
2011/11/24,0,1167000,-649000,518000
2011/11/25,0,1020000,-1276000,-256000
2011/11/28,0,402000,-220000,182000
2011/11/29,0,600000,-474000,126000
2011/11/30,0,536000,-1188978,-652978
2011/12/01,0,701000,-839000,-138000
2011/12/02,0,1205000,-72000,1133000
2011/12/05,0,467000,-322000,145000
2011/12/06,0,842000,-394000,448000
2011/12/07,0,349000,-415000,-66000
2011/12/08,0,309000,-453000,-144000
2011/12/09,0,860000,-524112,335888
2011/12/12,0,197000,-541000,-344000
2011/12/13,0,311000,-818600,-507600
2011/12/14,0,217000,-331000,-114000
2011/12/15,0,306000,-866000,-560000
2011/12/16,0,634000,-178000,456000
2011/12/19,0,1378000,-681000,697000
2011/12/20,0,551000,-774000,-223000
2011/12/21,0,50000,-1010000,-960000
2011/12/22,0,1219000,-1894102,-675102
2011/12/23,0,1186000,-1028000,158000
2011/12/26,0,638000,-660000,-22000
2011/12/27,0,641000,-538140,102860
2011/12/28,0,2075000,-461263,1613737
2011/12/29,0,770000,-176000,594000
2011/12/30,0,2800000,-323000,2477000
2012/01/02,0,287000,-508000,-221000
2012/01/03,0,1396000,-368000,1028000
2012/01/04,0,573000,-1060000,-487000
2012/01/05,0,700000,-265000,435000
2012/01/06,0,267000,-422000,-155000
2012/01/09,0,156000,-211000,-55000
2012/01/10,0,875000,-1851000,-976000
2012/01/11,0,294000,-823000,-529000
2012/01/12,0,202213,-981000,-778787
2012/01/13,0,536000,-456000,80000
2012/01/16,0,175000,-2661000,-2486000
2012/01/17,0,220000,-601000,-381000
2012/01/18,0,584000,-2053000,-1469000
2012/01/19,0,0,0,0
2012/01/20,0,0,0,0
2012/01/23,0,0,0,0
2012/01/24,0,0,0,0
2012/01/25,0,0,0,0
2012/01/26,0,0,0,0
2012/01/27,0,0,0,0
2012/01/30,0,246000,-654000,-408000
2012/01/31,0,1135000,-535000,600000
2012/02/01,0,824000,-866000,-42000
2012/02/02,0,490000,-798000,-308000
2012/02/03,0,1605000,-1005000,600000
2012/02/06,0,92000,-1576000,-1484000
2012/02/07,0,413000,-358000,55000
2012/02/08,0,886000,-407000,479000
2012/02/09,0,717000,-863000,-146000
2012/02/10,0,599000,-1232000,-633000
2012/02/13,0,804000,-115000,689000
2012/02/14,0,196000,-1252000,-1056000
2012/02/15,0,430000,-413000,17000
2012/02/16,0,361000,-1244000,-883000
2012/02/17,0,294000,-652000,-358000
2012/02/20,0,348000,-892000,-544000
2012/02/21,0,109000,-722000,-613000
2012/02/22,0,759000,-77000,682000
2012/02/23,0,369000,-577000,-208000
2012/02/24,0,296000,-641000,-345000
2012/02/27,0,0,0,0
2012/02/28,0,0,0,0
2012/02/29,0,659054,-144000,515054
2012/03/01,0,90000,-343000,-253000
2012/03/02,0,477600,-189000,288600
2012/03/05,0,160000,-1220000,-1060000
2012/03/06,0,561000,-466000,95000
2012/03/07,0,245000,-704000,-459000
2012/03/08,0,565000,-864200,-299200
2012/03/09,0,314000,-1105200,-791200
2012/03/12,0,198000,-486464,-288464
2012/03/13,0,1093000,-598000,495000
2012/03/14,0,361000,-603000,-242000
2012/03/15,0,597000,-357000,240000
2012/03/16,0,311000,-552000,-241000
2012/03/19,0,586000,-1296000,-710000
2012/03/20,0,270000,-556000,-286000
2012/03/21,0,112000,-984000,-872000
2012/03/22,0,642000,-381000,261000
2012/03/23,0,65000,-368000,-303000
2012/03/26,0,249000,-792000,-543000
2012/03/27,0,198000,-267000,-69000
2012/03/28,0,103000,-634000,-531000
2012/03/29,0,258000,-1077061,-819061
2012/03/30,0,156000,-409000,-253000
2012/04/02,0,58000,-330000,-272000
2012/04/03,0,278000,-652000,-374000
2012/04/04,0,0,0,0
2012/04/05,0,298000,-338000,-40000
2012/04/06,0,164000,-336000,-172000
2012/04/09,0,206000,-650000,-444000
2012/04/10,0,141000,-197000,-56000
2012/04/11,0,41000,-16000,25000
2012/04/12,0,172000,-196000,-24000
2012/04/13,0,389000,-56000,333000
2012/04/16,0,18000,-144000,-126000
2012/04/17,0,168000,-139000,29000
2012/04/18,0,484000,-63000,421000
2012/04/19,0,350000,-273000,77000
2012/04/20,0,175000,-120000,55000
2012/04/23,0,419000,-152000,267000
2012/04/24,0,79000,-87248,-8248
2012/04/25,0,499000,-153000,346000
2012/04/26,0,292000,-286000,6000
2012/04/27,0,91000,-333898,-242898
2012/04/30,0,514000,-1000,513000
2012/05/01,0,0,0,0
2012/05/02,0,3608000,-208000,3400000
2012/05/03,0,143000,-236023,-93023
2012/05/04,0,650000,-217000,433000
2012/05/07,0,93000,-192000,-99000
2012/05/08,0,90000,-3095000,-3005000
2012/05/09,0,247000,-106726,140274
2012/05/10,0,525000,-14000,511000
2012/05/11,0,384000,-162000,222000
2012/05/14,0,233000,-8000,225000
2012/05/15,0,866000,-429000,437000
2012/05/16,0,834000,-140000,694000
2012/05/17,0,48000,-341000,-293000
2012/05/18,0,420000,-110000,310000
2012/05/21,0,532000,-79000,453000
2012/05/22,0,43000,-1108,41892
2012/05/23,0,540000,-515000,25000
2012/05/24,0,884000,-47000,837000
2012/05/25,0,171000,-307000,-136000
2012/05/28,0,279000,-385000,-106000
2012/05/29,0,739000,-117000,622000
2012/05/30,0,162000,-159000,3000
2012/05/31,0,140000,-50000,90000
2012/06/01,0,169000,-17000,152000
2012/06/04,0,1031000,-194000,837000
2012/06/05,0,94000,-837000,-743000
2012/06/06,0,70000,-77621,-7621
2012/06/07,0,2000,-301000,-299000
2012/06/08,0,22000,-43000,-21000
2012/06/11,0,217000,-47000,170000
2012/06/12,0,0,-168000,-168000
2012/06/13,0,122000,-69000,53000
2012/06/14,0,302000,-4000,298000
2012/06/15,0,228000,-302000,-74000
2012/06/18,0,162000,-149000,13000
2012/06/19,0,17000,-53000,-36000
2012/06/20,0,107000,-44000,63000
2012/06/21,0,175000,-737000,-562000
2012/06/22,0,60000,-125000,-65000
2012/06/25,0,0,-388000,-388000
2012/06/26,0,7000,-37785,-30785
2012/06/27,0,145000,-104000,41000
2012/06/28,0,268000,-35000,233000
2012/06/29,0,1126000,-76000,1050000
2012/07/02,0,401000,-556000,-155000
2012/07/03,0,768000,-141000,627000
2012/07/04,0,60000,-1019000,-959000
2012/07/05,0,258000,-91000,167000
2012/07/06,0,6000,-73000,-67000
2012/07/09,0,0,-222000,-222000
2012/07/10,0,132000,-85000,47000
2012/07/11,0,197000,-145000,52000
2012/07/12,0,71000,-170000,-99000
2012/07/13,0,352000,-8624,343376
2012/07/16,0,12000,-88272,-76272
2012/07/17,0,259000,-49000,210000
2012/07/18,0,128000,-498000,-370000
2012/07/19,0,466000,-145000,321000
2012/07/20,0,24000,-84000,-60000
2012/07/23,0,123000,-452000,-329000
2012/07/24,0,1029000,-57000,972000
2012/07/25,0,89674,-145600,-55926
2012/07/26,0,121000,-77000,44000
2012/07/27,0,704000,-109000,595000
2012/07/30,0,232000,-768000,-536000
2012/07/31,0,427000,-101000,326000
2012/08/01,0,170000,-140000,30000
2012/08/02,0,0,0,0
2012/08/03,0,357000,-211000,146000
2012/08/06,0,15485000,-322000,15163000
2012/08/07,0,15466000,-9000,15457000
2012/08/08,0,5534000,-167000,5367000
2012/08/09,0,200000,-13997000,-13797000
2012/08/10,0,394000,-9029000,-8635000
2012/08/13,0,87000,-15912000,-15825000
2012/08/14,0,625000,-229000,396000
2012/08/15,0,165000,-592000,-427000
2012/08/16,0,329000,-345000,-16000
2012/08/17,0,186000,-250000,-64000
2012/08/20,0,423000,-125000,298000
2012/08/21,0,664000,-118000,546000
2012/08/22,0,132000,-551000,-419000
2012/08/23,0,81000,-8000,73000
2012/08/24,0,203000,-560000,-357000
2012/08/27,0,215000,-392000,-177000
2012/08/28,0,120000,-539000,-419000
2012/08/29,0,207000,-53000,154000
2012/08/30,0,265000,-1099000,-834000
2012/08/31,0,21000,-105000,-84000
2012/09/03,0,67000,-190000,-123000
2012/09/04,0,81000,-532000,-451000
2012/09/05,0,48000,-228000,-180000
2012/09/06,0,113000,-221000,-108000
2012/09/07,0,32000,-346000,-314000
2012/09/10,0,0,-659000,-659000
2012/09/11,0,56000,-607000,-551000
2012/09/12,0,41461,-96000,-54539
2012/09/13,0,71038,-22000,49038
2012/09/14,0,970000,-122000,848000
2012/09/17,0,335000,-951000,-616000
2012/09/18,0,809000,-117000,692000
2012/09/19,0,436000,-261058,174942
2012/09/20,0,375000,-260000,115000
2012/09/21,0,296000,-150548,145452
2012/09/24,0,195042,-602000,-406958
2012/09/25,0,203000,-198635,4365
2012/09/26,0,182000,-51000,131000
2012/09/27,0,142000,-84000,58000
2012/09/28,0,12000,-279000,-267000
2012/10/01,0,130000,-85499,44501
2012/10/02,0,120000,-20599,99401
2012/10/03,0,23000,-330698,-307698
2012/10/04,0,586000,-124000,462000
2012/10/05,0,2206000,-262000,1944000
2012/10/08,0,155000,-1974000,-1819000
2012/10/09,0,622000,-850000,-228000
2012/10/10,0,0,0,0
2012/10/11,0,1105000,-552701,552299
2012/10/12,0,72000,-472847,-400847
2012/10/15,0,421000,-643000,-222000
2012/10/16,0,20000,-249000,-229000
2012/10/17,0,398000,-342000,56000
2012/10/18,0,265000,-19000,246000
2012/10/19,0,202000,-355470,-153470
2012/10/22,0,153000,-420000,-267000
2012/10/23,0,207000,-344000,-137000
2012/10/24,0,471000,-239000,232000
2012/10/25,0,202000,-165000,37000
2012/10/26,0,342000,-1010000,-668000
2012/10/29,0,321000,-444000,-123000
2012/10/30,0,1090000,-230054,859946
2012/10/31,0,82000,-230000,-148000
2012/11/01,0,334000,-97000,237000
2012/11/02,0,88000,-273000,-185000
2012/11/05,0,128000,-862000,-734000
2012/11/06,0,196000,-170766,25234
2012/11/07,0,96000,-189000,-93000
2012/11/08,0,37000,-132000,-95000
2012/11/09,0,670000,-33000,637000
2012/11/12,0,210000,-583000,-373000
2012/11/13,0,96000,-335000,-239000
2012/11/14,0,213000,-84000,129000
2012/11/15,0,407000,-291000,116000
2012/11/16,0,94000,-216000,-122000
2012/11/19,0,107000,-126000,-19000
2012/11/20,0,31000,-170000,-139000
2012/11/21,0,298000,-126000,172000
2012/11/22,0,812000,-127000,685000
2012/11/23,0,546000,-487000,59000
2012/11/26,0,575000,-457000,118000
2012/11/27,0,196000,-47000,149000
2012/11/28,0,365000,-393000,-28000
2012/11/29,0,856000,-207000,649000
2012/11/30,0,1248000,-289297,958703
2012/12/03,0,1146000,-701000,445000
2012/12/04,0,1135000,-760484,374516
2012/12/05,0,925000,-646000,279000
2012/12/06,0,920000,-423000,497000
2012/12/07,0,1036000,-55000,981000
2012/12/10,0,339000,-430000,-91000
2012/12/11,0,998000,-103000,895000
2012/12/12,0,468000,-655000,-187000
2012/12/13,0,909000,-259000,650000
2012/12/14,0,187000,-279000,-92000
2012/12/17,0,269000,-705000,-436000
2012/12/18,0,402000,-60000,342000
2012/12/19,0,1395000,-1136000,259000
2012/12/20,0,212000,-1244000,-1032000
2012/12/21,0,139000,-1504000,-1365000
2012/12/24,0,53000,-436000,-383000
2012/12/25,0,184000,-535000,-351000
2012/12/26,0,192000,-202000,-10000
2012/12/27,0,157004,-428299,-271295
2012/12/28,0,763018,-1105000,-341982
2012/12/31,0,0,0,0
2013/01/01,0,0,0,0
2013/01/02,0,321000,-692000,-371000
2013/01/03,0,1192000,-547000,645000
2013/01/04,0,494000,-421000,73000
2013/01/07,0,378000,-223000,155000
2013/01/08,0,473000,-137000,336000
2013/01/09,0,1352000,-770000,582000
2013/01/10,0,1500000,-717000,783000
2013/01/11,0,709000,-1031000,-322000
2013/01/14,0,1948000,-544000,1404000
2013/01/15,0,1128000,-807000,321000
2013/01/16,0,499000,-541000,-42000
2013/01/17,0,940000,-775000,165000
2013/01/18,0,886000,-736000,150000
2013/01/21,0,400000,-731000,-331000
2013/01/22,0,225000,-364000,-139000
2013/01/23,0,503000,-529000,-26000
2013/01/24,0,858000,-535000,323000
2013/01/25,0,351000,-583000,-232000
2013/01/28,0,876000,-500000,376000
2013/01/29,0,565000,-624000,-59000
2013/01/30,0,1183000,-992000,191000
2013/01/31,0,173000,-1167000,-994000
2013/02/01,0,557000,-639000,-82000
2013/02/04,0,3096000,-703000,2393000
2013/02/05,0,3392000,-2116000,1276000
2013/02/06,0,2759000,-1617000,1142000
2013/02/07,0,0,0,0
2013/02/08,0,0,0,0
2013/02/11,0,0,0,0
2013/02/12,0,0,0,0
2013/02/13,0,0,0,0
2013/02/14,0,0,0,0
2013/02/15,0,0,0,0
2013/02/18,0,1374000,-1742000,-368000
2013/02/19,0,1109000,-506000,603000
2013/02/20,0,1337000,-774000,563000
2013/02/21,0,1083000,-1236000,-153000
2013/02/22,0,695000,-1615084,-920084
2013/02/25,0,735000,-1007000,-272000
2013/02/26,0,340000,-1024000,-684000
2013/02/27,0,472000,-1224000,-752000
2013/02/28,0,0,0,0
2013/03/01,0,852000,-816000,36000
2013/03/04,0,836000,-155000,681000
2013/03/05,0,972000,-1371000,-399000
2013/03/06,0,1377000,-1504000,-127000
2013/03/07,0,2710000,-511000,2199000
2013/03/08,0,3726000,-2623000,1103000
2013/03/11,0,2955000,-2955000,0
2013/03/12,0,3598000,-4854000,-1256000
2013/03/13,0,1030000,-3560000,-2530000
2013/03/14,0,1274000,-1709000,-435000
2013/03/15,0,724000,-1705000,-981000
2013/03/18,0,2058000,-2595000,-537000
2013/03/19,0,1277000,-1223000,54000
2013/03/20,0,2409574,-989482,1420092
2013/03/21,0,614000,-1403000,-789000
2013/03/22,0,582000,-759000,-177000
2013/03/25,0,384000,-817000,-433000
2013/03/26,0,684000,-372000,312000
2013/03/27,0,998000,-1530000,-532000
2013/03/28,0,694000,-876000,-182000
2013/03/29,0,1379000,-739000,640000
2013/04/01,0,2107000,-1531000,576000
2013/04/02,0,1294000,-1833000,-539000
2013/04/03,0,393000,-1721000,-1328000
2013/04/04,0,0,0,0
2013/04/05,0,0,0,0
2013/04/08,0,864000,-663000,201000
2013/04/09,0,651000,-408000,243000
2013/04/10,0,781000,-1311000,-530000
2013/04/11,0,279000,-948000,-669000
2013/04/12,0,646000,-373000,273000
2013/04/15,0,203000,-396000,-193000
2013/04/16,0,2111000,-347000,1764000
2013/04/17,0,224000,-1340000,-1116000
2013/04/18,0,189000,-277000,-88000
2013/04/19,0,2343000,-791000,1552000
2013/04/22,0,477000,-2025000,-1548000
2013/04/23,0,615000,-515000,100000
2013/04/24,0,1525000,-381000,1144000
2013/04/25,0,353000,-1137000,-784000
2013/04/26,0,985000,-498000,487000
2013/04/29,0,447000,-1135000,-688000
2013/04/30,0,1391000,-1247000,144000
2013/05/01,0,0,0,0
2013/05/02,0,311000,-946000,-635000
2013/05/03,0,412000,-831000,-419000
2013/05/06,0,2084000,-714000,1370000
2013/05/07,0,1859000,-1102000,757000
2013/05/08,0,792000,-1555000,-763000
2013/05/09,0,924000,-817000,107000
2013/05/10,0,319000,-295000,24000
2013/05/13,0,711000,-738000,-27000
2013/05/14,0,467000,-1010000,-543000
2013/05/15,0,1276000,-1032000,244000
2013/05/16,0,2698000,-1797000,901000
2013/05/17,0,1555000,-1852000,-297000
2013/05/20,0,2066000,-849000,1217000
2013/05/21,0,1526000,-1872000,-346000
2013/05/22,0,1387000,-844000,543000
2013/05/23,0,1383000,-3879000,-2496000
2013/05/24,0,217000,-1398000,-1181000
2013/05/27,0,462000,-66000,396000
2013/05/28,0,537000,-919000,-382000
2013/05/29,0,288000,-1114000,-826000
2013/05/30,0,556000,-886846,-330846
2013/05/31,0,1135000,-1873000,-738000
2013/06/03,0,568000,-709000,-141000
2013/06/04,0,374000,-668000,-294000
2013/06/05,0,1680000,-840000,840000
2013/06/06,0,590000,-878000,-288000
2013/06/07,0,565000,-1180000,-615000
2013/06/10,0,618000,-481000,137000
2013/06/11,0,333000,-539000,-206000
2013/06/12,0,0,0,0
2013/06/13,0,571000,-1031000,-460000
2013/06/14,0,666000,-1254000,-588000
2013/06/17,0,536000,-594000,-58000
2013/06/18,0,650000,-337000,313000
2013/06/19,0,342000,-606000,-264000
2013/06/20,0,236000,-386000,-150000
2013/06/21,0,1208000,-687000,521000
2013/06/24,0,591000,-827000,-236000
2013/06/25,0,2122000,-2542000,-420000
2013/06/26,0,322000,-1998000,-1676000
2013/06/27,0,884000,-1042265,-158265
2013/06/28,0,1783000,-1021000,762000
2013/07/01,0,580000,-1732000,-1152000
2013/07/02,0,667000,-1141000,-474000
2013/07/03,0,4348000,-2424000,1924000
2013/07/04,0,240000,-1235000,-995000
2013/07/05,0,891000,-681000,210000
2013/07/08,0,308000,-795000,-487000
2013/07/09,0,520000,-973000,-453000
2013/07/10,0,788000,-1555000,-767000
2013/07/11,0,1233000,-963000,270000
2013/07/12,0,1100000,-1530000,-430000
2013/07/15,0,1426000,-2120000,-694000
2013/07/16,0,1068000,-793000,275000
2013/07/17,0,4286000,-1056000,3230000
2013/07/18,0,2028000,-1998000,30000
2013/07/19,0,554000,-1993000,-1439000
2013/07/22,0,220000,-472000,-252000
2013/07/23,0,1961000,-1782000,179000
2013/07/24,0,557000,-952000,-395000
2013/07/25,0,737000,-418000,319000
2013/07/26,0,897000,-397000,500000
2013/07/29,0,114000,-759000,-645000
2013/07/30,0,1782000,-559000,1223000
2013/07/31,0,220000,-705000,-485000
2013/08/01,0,921000,-1164000,-243000
2013/08/02,0,589000,-1073000,-484000
2013/08/05,0,151000,-372000,-221000
2013/08/06,0,450000,-728000,-278000
2013/08/07,0,370000,-1009000,-639000
2013/08/08,0,753000,-908000,-155000
2013/08/09,0,733000,-981000,-248000
2013/08/12,0,527000,-310000,217000
2013/08/13,0,118000,-967000,-849000
2013/08/14,0,81000,-621000,-540000
2013/08/15,0,501000,-663000,-162000
2013/08/16,0,723000,-163000,560000
2013/08/19,0,149000,-472000,-323000
2013/08/20,0,491000,-613000,-122000
2013/08/21,0,0,0,0
2013/08/22,0,839000,-1164000,-325000
2013/08/23,0,535000,-69000,466000
2013/08/26,0,383000,-81000,302000
2013/08/27,0,407000,-944000,-537000
2013/08/28,0,179000,-721000,-542000
2013/08/29,0,260000,-40000,220000
2013/08/30,0,277000,-962000,-685000
2013/09/02,0,767000,-345000,422000
2013/09/03,0,848000,-553000,295000
2013/09/04,0,64000,-359000,-295000
2013/09/05,0,301000,-627000,-326000
2013/09/06,0,365000,-620000,-255000
2013/09/09,0,209000,-321000,-112000
2013/09/10,0,476000,-362000,114000
2013/09/11,0,462000,-291000,171000
2013/09/12,0,357000,-304000,53000
2013/09/13,0,98000,-275000,-177000
2013/09/16,0,213000,-478000,-265000
2013/09/17,0,149000,-198000,-49000
2013/09/18,0,581000,-253000,328000
2013/09/19,0,0,0,0
2013/09/20,0,0,0,0
2013/09/23,0,478000,-2232000,-1754000
2013/09/24,0,141000,-1040000,-899000
2013/09/25,0,85000,-265043,-180043
2013/09/26,0,299000,-918000,-619000
2013/09/27,0,354000,-444000,-90000
2013/09/30,0,246000,-93000,153000
2013/10/01,0,246000,-218000,28000
2013/10/02,0,554000,-267000,287000
2013/10/03,0,2173000,-296000,1877000
2013/10/04,0,538000,-500000,38000
2013/10/07,0,543000,-479000,64000
2013/10/08,0,3423000,-189000,3234000
2013/10/09,0,3360000,-1497000,1863000
2013/10/10,0,0,0,0
2013/10/11,0,500000,-2926000,-2426000
2013/10/14,0,421000,-1081000,-660000
2013/10/15,0,256000,-838000,-582000
2013/10/16,0,110000,-1340000,-1230000
2013/10/17,0,578000,-1023000,-445000
2013/10/18,0,1180000,-653000,527000
2013/10/21,0,455000,-458000,-3000
2013/10/22,0,488000,-97000,391000
2013/10/23,0,1099000,-1369000,-270000
2013/10/24,0,1210000,-489720,720280
2013/10/25,0,751000,-723000,28000
2013/10/28,0,748000,-434000,314000
2013/10/29,0,224000,-317000,-93000
2013/10/30,0,291000,-880000,-589000
2013/10/31,0,466000,-1005000,-539000
2013/11/01,0,377000,-395000,-18000
2013/11/04,0,772000,-594000,178000
2013/11/05,0,392000,-429000,-37000
2013/11/06,0,789000,-588000,201000
2013/11/07,0,705000,-649000,56000
2013/11/08,0,337000,-585000,-248000
2013/11/11,0,800000,-255000,545000
2013/11/12,0,861000,-443000,418000
2013/11/13,0,571000,-282000,289000
2013/11/14,0,124000,-261000,-137000
2013/11/15,0,298000,-306000,-8000
2013/11/18,0,825000,-484000,341000
2013/11/19,0,691000,-658000,33000
2013/11/20,0,1117000,-229000,888000
2013/11/21,0,1295000,-1470000,-175000
2013/11/22,0,289000,-656000,-367000
2013/11/25,0,822000,-642000,180000
2013/11/26,0,962000,-135000,827000
2013/11/27,0,389000,-387000,2000
2013/11/28,0,1157000,-115000,1042000
2013/11/29,0,355000,-313000,42000
2013/12/02,0,818000,-276000,542000
2013/12/03,0,268000,-187000,81000
2013/12/04,0,708000,-448000,260000
2013/12/05,0,169000,-572000,-403000
2013/12/06,0,133000,-454000,-321000
2013/12/09,0,315000,-169000,146000
2013/12/10,0,1976000,-321000,1655000
2013/12/11,0,2119000,-1419000,700000
2013/12/12,0,303000,-1223000,-920000
2013/12/13,0,316000,-659000,-343000
2013/12/16,0,59000,-937000,-878000
2013/12/17,0,69000,-776000,-707000
2013/12/18,0,93000,-706000,-613000
2013/12/19,0,347000,-2192000,-1845000
2013/12/20,0,55000,-42000,13000
2013/12/23,0,617000,-142000,475000
2013/12/24,0,230000,-369000,-139000
2013/12/25,0,233000,-22000,211000
2013/12/26,0,96000,-94000,2000
2013/12/27,0,47000,-797000,-750000
2013/12/30,0,1173000,-511000,662000
2013/12/31,0,920000,-984000,-64000
2014/01/02,0,1049000,-466000,583000
2014/01/03,0,108000,-837000,-729000
2014/01/06,0,190000,-1138000,-948000
2014/01/07,0,316000,-177000,139000
2014/01/08,0,168000,-136000,32000
2014/01/09,0,140000,-158000,-18000
2014/01/10,0,96000,-166000,-70000
2014/01/13,0,276000,-728000,-452000
2014/01/14,0,613000,-145000,468000
2014/01/15,0,413000,-418000,-5000
2014/01/16,0,1313000,-126000,1187000
2014/01/17,0,736000,-365000,371000
2014/01/20,0,177000,-208013,-31013
2014/01/21,0,1805000,-67000,1738000
2014/01/22,0,307000,-1341000,-1034000
2014/01/23,0,72000,-739000,-667000
2014/01/24,0,728000,-560000,168000
2014/01/27,0,591000,-1124000,-533000
2014/02/05,0,790000,-1126000,-336000
2014/02/06,0,543000,-549297,-6297
2014/02/07,0,653000,-641000,12000
2014/02/10,0,422000,-276000,146000
2014/02/11,0,122000,-199000,-77000
2014/02/12,0,154000,-349000,-195000
2014/02/13,0,196000,-912000,-716000
2014/02/14,0,466000,-395000,71000
2014/02/17,0,247000,-448000,-201000
2014/02/18,0,269000,-543000,-274000
2014/02/19,0,70000,-994000,-924000
2014/02/20,0,4000,-449000,-445000
2014/02/21,0,381000,-300000,81000
2014/02/24,0,1286000,-468000,818000
2014/02/25,0,1106000,-52000,1054000
2014/02/26,0,705000,-510000,195000
2014/02/27,0,359000,-350000,9000
2014/03/03,0,171000,-1086000,-915000
2014/03/04,0,438000,-21000,417000
2014/03/05,0,22000,-204000,-182000
2014/03/06,0,1615000,-147000,1468000
2014/03/07,0,1188000,-884000,304000
2014/03/10,0,938000,-146000,792000
2014/03/11,0,919000,-931000,-12000
2014/03/12,0,384000,-155000,229000
2014/03/13,0,2830000,-291000,2539000
2014/03/14,0,183000,-1180000,-997000
2014/03/17,0,248000,-776000,-528000
2014/03/18,0,750000,-190000,560000
2014/03/19,0,114000,-838116,-724116
2014/03/20,0,357000,-1290000,-933000
2014/03/21,0,736000,-209000,527000
2014/03/24,0,180000,-604000,-424000
2014/03/25,0,424000,-765000,-341000
2014/03/26,0,199000,-1181000,-982000
2014/03/27,0,376000,-173000,203000
2014/03/28,0,287000,-752000,-465000
2014/03/31,0,121000,-436000,-315000
2014/04/01,0,126000,-563000,-437000
2014/04/02,0,214000,-108000,106000
2014/04/03,0,821000,-463000,358000
2014/04/07,0,322000,-286000,36000
2014/04/08,0,924000,-172000,752000
2014/04/09,0,373000,-230000,143000
2014/04/10,0,319000,-1608000,-1289000
2014/04/11,0,308000,-412000,-104000
2014/04/14,0,199000,-220000,-21000
2014/04/15,0,38000,-397000,-359000
2014/04/16,0,103000,-1399000,-1296000
2014/04/17,0,122000,-313000,-191000
2014/04/18,0,286000,-176000,110000
2014/04/21,0,1131000,-74000,1057000
2014/04/22,0,50000,-123000,-73000
2014/04/23,0,451000,-489000,-38000
2014/04/24,0,142000,-102000,40000
2014/04/25,0,345000,-1276000,-931000
2014/04/28,0,544000,-472000,72000
2014/04/29,0,2077000,-582000,1495000
2014/04/30,0,488000,-479000,9000
2014/05/02,0,30000,-418000,-388000
2014/05/05,0,1211000,-375000,836000
2014/05/06,0,2433000,-892000,1541000
2014/05/07,0,762000,-777000,-15000
2014/05/08,0,782000,-396653,385347
2014/05/09,0,681000,-668000,13000
2014/05/12,0,437000,-414000,23000
2014/05/13,0,1340000,-132000,1208000
2014/05/14,0,674000,-812000,-138000
2014/05/15,0,983000,-171000,812000
2014/05/16,0,622000,-935000,-313000
2014/05/19,0,1690000,-1444000,246000
2014/05/20,0,607000,-1792000,-1185000
2014/05/21,0,356324,-666000,-309676
2014/05/22,0,504000,-889000,-385000
2014/05/23,0,1408000,-443000,965000
2014/05/26,0,543000,-925000,-382000
2014/05/27,0,15000,-967000,-952000
2014/05/28,0,3127000,-519000,2608000
2014/05/29,0,376000,-1243000,-867000
2014/05/30,0,410000,-868000,-458000
2014/06/03,0,418000,-654000,-236000
2014/06/04,0,230000,-1123000,-893000
2014/06/05,0,419000,-669000,-250000
2014/06/06,0,505000,-108000,397000
2014/06/09,0,12000,-163000,-151000
2014/06/10,0,743000,-333000,410000
2014/06/11,0,388000,-663000,-275000
2014/06/12,0,339000,-40000,299000
2014/06/13,0,5460000,-433000,5027000
2014/06/16,0,94000,-550000,-456000
2014/06/17,0,2046000,-599000,1447000
2014/06/18,0,27130000,-671000,26459000
2014/06/19,0,7732000,-349412,7382588
2014/06/20,0,7262000,-878000,6384000
2014/06/23,0,134000,-26360000,-26226000
2014/06/24,0,234000,-17256000,-17022000
2014/06/25,0,133000,-825000,-692000
2014/06/26,0,348000,-522000,-174000
2014/06/27,0,356000,-184000,172000
2014/06/30,0,1601000,-1058000,543000
2014/07/01,0,826000,-188000,638000
2014/07/02,0,649000,-1829000,-1180000
2014/07/03,0,490000,-190000,300000
2014/07/04,0,1235000,-60000,1175000
2014/07/07,0,790000,-98000,692000
2014/07/08,0,530000,-688000,-158000
2014/07/09,0,4734000,-1015000,3719000
2014/07/10,0,1791000,-3222000,-1431000
2014/07/11,0,1299000,-1314000,-15000
2014/07/14,0,5195000,-873000,4322000
2014/07/15,0,440000,-3807000,-3367000
2014/07/16,0,1405000,-1608047,-203047
2014/07/17,0,2836000,-609000,2227000
2014/07/18,0,556000,-1053000,-497000
2014/07/21,0,437000,-1506000,-1069000
2014/07/22,0,455000,-840000,-385000
2014/07/23,0,0,0,0
2014/07/24,0,419000,-2311000,-1892000
2014/07/25,0,481000,-1271000,-790000
2014/07/28,0,421000,-830000,-409000
2014/07/29,0,513000,-1026000,-513000
2014/07/30,0,632000,-889000,-257000
2014/07/31,0,2496000,-525000,1971000
2014/08/01,0,700000,-1323000,-623000
2014/08/04,0,287000,-757000,-470000
2014/08/05,0,831000,-4439000,-3608000
2014/08/06,0,737000,-1258000,-521000
2014/08/07,0,197000,-496000,-299000
2014/08/08,0,1054000,-1022000,32000
2014/08/11,0,475000,-613000,-138000
2014/08/12,0,267000,-546000,-279000
2014/08/13,0,1179000,-153000,1026000
2014/08/14,0,89000,-932000,-843000
2014/08/15,0,685000,-147000,538000
2014/08/18,0,520000,-243000,277000
2014/08/19,0,626000,-403000,223000
2014/08/20,0,3481000,-790000,2691000
2014/08/21,0,374000,-1797000,-1423000
2014/08/22,0,1579000,-1442000,137000
2014/08/25,0,1267000,-244000,1023000
2014/08/26,0,1028000,-796000,232000
2014/08/27,0,585000,-1547000,-962000
2014/08/28,0,997000,-1885000,-888000
2014/08/29,0,1020000,-293000,727000
2014/09/01,0,417000,-1145000,-728000
2014/09/02,0,1093000,-267000,826000
2014/09/03,0,1700000,-2016000,-316000
2014/09/04,0,265000,-544000,-279000
2014/09/05,0,406000,-693000,-287000
2014/09/09,0,674000,-1053000,-379000
2014/09/10,0,817000,-2243000,-1426000
2014/09/11,0,1679000,-865000,814000
2014/09/12,0,563000,-343000,220000
2014/09/15,0,336000,-1370000,-1034000
2014/09/16,0,303000,-535000,-232000
2014/09/17,0,2175000,-724000,1451000
2014/09/18,0,483000,-1124000,-641000
2014/09/19,0,1743000,-757169,985831
2014/09/22,0,1027000,-1654000,-627000
2014/09/23,0,847000,-1057000,-210000
2014/09/24,0,881000,-581000,300000
2014/09/25,0,1246000,-735000,511000
2014/09/26,0,2227000,-434000,1793000
2014/09/29,0,949000,-369000,580000
2014/09/30,0,754000,-1201000,-447000
2014/10/01,0,450000,-462000,-12000
2014/10/02,0,272000,-628000,-356000
2014/10/03,0,1265000,-1278000,-13000
2014/10/06,0,725000,-829000,-104000
2014/10/07,0,638000,-792000,-154000
2014/10/08,0,600000,-893000,-293000
2014/10/09,0,810000,-1468000,-658000
2014/10/13,0,628000,-1479000,-851000
2014/10/14,0,1124000,-941000,183000
2014/10/15,0,710000,-2368000,-1658000
2014/10/16,0,818000,-410000,408000
2014/10/17,0,769000,-3649000,-2880000
2014/10/20,0,1042000,-635000,407000
2014/10/21,0,288000,-759000,-471000
2014/10/22,0,2683000,-529000,2154000
2014/10/23,0,613000,-681908,-68908
2014/10/24,0,471000,-965000,-494000
2014/10/27,0,272000,-738000,-466000
2014/10/28,0,6342000,-354000,5988000
2014/10/29,0,1672000,-2504000,-832000
2014/10/30,0,512000,-500000,12000
2014/10/31,0,500000,-1265000,-765000
2014/11/03,0,610000,-727000,-117000
2014/11/04,0,1029000,-977000,52000
2014/11/05,0,631000,-679000,-48000
2014/11/06,0,531000,-647730,-116730
2014/11/07,0,905000,-1082000,-177000
2014/11/10,0,2617000,-673000,1944000
2014/11/11,0,580000,-502000,78000
2014/11/12,0,792000,-1376000,-584000
2014/11/13,0,371000,-1181000,-810000
2014/11/14,0,155211,-822000,-666789
2014/11/17,0,742000,-289000,453000
2014/11/18,0,722000,-1676000,-954000
2014/11/19,0,564000,-668000,-104000
2014/11/20,0,2346000,-121000,2225000
2014/11/21,0,1144000,-363000,781000
2014/11/24,0,647000,-647000,0
2014/11/25,0,389000,-544000,-155000
2014/11/26,0,239000,-990000,-751000
2014/11/27,0,754000,-1386000,-632000
2014/11/28,0,446000,-799000,-353000
2014/12/01,0,1069000,-3728000,-2659000
2014/12/02,0,1414000,-2839000,-1425000
2014/12/03,0,788000,-252532,535468
2014/12/04,0,286000,-421000,-135000
2014/12/05,0,155000,-230918,-75918
2014/12/08,0,300000,-829000,-529000
2014/12/09,0,282000,-582516,-300516
2014/12/10,0,327000,-3823000,-3496000
2014/12/11,0,192000,-534000,-342000
2014/12/12,0,353000,-1336000,-983000
2014/12/15,0,661000,-235000,426000
2014/12/16,0,1722000,-116000,1606000
2014/12/17,0,1004000,-1532000,-528000
2014/12/18,0,342000,-652000,-310000
2014/12/19,0,820000,-541000,279000
2014/12/22,0,808000,-309000,499000
2014/12/23,0,639000,-259000,380000
2014/12/24,0,249000,-149000,100000
2014/12/25,0,730000,-264000,466000
2014/12/26,0,616000,-165000,451000
2014/12/29,0,254000,-176000,78000
2014/12/30,0,289000,-585000,-296000
2014/12/31,0,163000,-364000,-201000
2015/01/01,0,0,0,0
2015/01/02,0,0,0,0
2015/01/05,0,225000,-577000,-352000
2015/01/06,0,687000,-1310000,-623000
2015/01/07,0,265000,-878000,-613000
2015/01/08,0,188000,-197000,-9000
2015/01/09,0,610000,-925000,-315000
2015/01/12,0,98000,-452000,-354000
2015/01/13,0,402000,-1530000,-1128000
2015/01/14,0,51000,-1174000,-1123000
2015/01/15,0,176000,-278000,-102000
2015/01/16,0,552000,-1842221,-1290221
2015/01/19,0,196000,-481000,-285000
2015/01/20,0,1012000,-63000,949000
2015/01/21,0,189000,-207000,-18000
2015/01/22,0,1019000,-368000,651000
2015/01/23,0,1052000,-554000,498000
2015/01/26,0,250000,-159000,91000
2015/01/27,0,610000,-209000,401000
2015/01/28,0,490000,-137000,353000
2015/01/29,0,352000,-460000,-108000
2015/01/30,0,620000,-92000,528000
2015/02/02,0,944000,-265000,679000
2015/02/03,0,697000,-90000,607000
2015/02/04,0,742000,-369166,372834
2015/02/05,0,260000,-432166,-172166
2015/02/06,0,266000,-77000,189000
2015/02/09,0,314000,-306000,8000
2015/02/10,0,3987000,-1377000,2610000
2015/02/11,0,820000,-2130000,-1310000
2015/02/12,0,525000,-1894000,-1369000
2015/02/13,0,155000,-1573000,-1418000
2015/02/16,0,0,0,0
2015/02/17,0,0,0,0
2015/02/18,0,0,0,0
2015/02/19,0,0,0,0
2015/02/20,0,0,0,0
2015/02/23,0,0,0,0
2015/02/24,0,1816000,-1356000,460000
2015/02/25,0,445000,-1709000,-1264000
2015/02/26,0,1082000,-907000,175000
2015/02/27,0,0,0,0
2015/03/02,0,289000,-584000,-295000
2015/03/03,0,651000,-405000,246000
2015/03/04,0,1075000,-170717,904283
2015/03/05,0,345000,-315166,29834
2015/03/06,0,1133000,-375000,758000
2015/03/09,0,227000,-943877,-716877
2015/03/10,0,1582000,-1204000,378000
2015/03/11,0,2728000,-1873000,855000
2015/03/12,0,458000,-2693000,-2235000
2015/03/13,0,618000,-1535000,-917000
2015/03/16,0,1102000,-245000,857000
2015/03/17,0,606000,-465166,140834
2015/03/18,0,246000,-680000,-434000
2015/03/19,0,829000,-207000,622000
2015/03/20,0,122360,-225360,-103000
2015/03/23,0,497000,-466000,31000
2015/03/24,0,461000,-422000,39000
2015/03/25,0,925000,-429000,496000
2015/03/26,0,809000,-283000,526000
2015/03/27,0,991000,-1005000,-14000
2015/03/30,0,167000,-1146000,-979000
2015/03/31,0,650000,-200000,450000
2015/04/01,0,555000,-239000,316000
2015/04/02,0,791000,-956000,-165000
2015/04/03,0,0,0,0
2015/04/06,0,0,0,0
2015/04/07,0,524000,-205000,319000
2015/04/08,0,1639000,-210000,1429000
2015/04/09,0,1521000,-767000,754000
2015/04/10,0,497000,-2985000,-2488000
2015/04/13,0,564000,-381000,183000
2015/04/14,0,375000,-686000,-311000
2015/04/15,0,903000,-159000,744000
2015/04/16,0,493000,-821000,-328000
2015/04/17,0,0,-689000,-689000
2015/04/20,0,178000,-721000,-543000
2015/04/21,0,109000,-201000,-92000
2015/04/22,0,394000,-485442,-91442
2015/04/23,0,10668000,-748000,9920000
2015/04/24,0,5362000,-5607000,-245000
2015/04/27,0,4791000,-2117000,2674000
2015/04/28,0,2729000,-4003000,-1274000
2015/04/29,0,2256000,-2675000,-419000
2015/04/30,0,2136000,-1183000,953000
2015/05/01,0,0,0,0
2015/05/04,0,3211000,-1584000,1627000
2015/05/05,0,255000,-3660000,-3405000
2015/05/06,0,1550000,-1243000,307000
2015/05/07,0,2950000,-1496000,1454000
2015/05/08,0,2329000,-1300000,1029000
2015/05/11,0,3636000,-1858000,1778000
2015/05/12,0,1360000,-2930000,-1570000
2015/05/13,0,1434000,-1036000,398000
2015/05/14,0,2812000,-3064000,-252000
2015/05/15,0,3405000,-1814000,1591000
2015/05/18,0,1710000,-1849000,-139000
2015/05/19,0,3640000,-3283000,357000
2015/05/20,0,1564000,-1560000,4000
2015/05/21,0,1556000,-4922000,-3366000
2015/05/22,0,731000,-1400000,-669000
2015/05/25,0,297000,-817320,-520320
2015/05/26,0,1614000,-1078566,535434
2015/05/27,0,2188000,-1197000,991000
2015/05/28,0,706000,-1764000,-1058000
2015/05/29,0,1287000,-742000,545000
2015/06/01,0,1061000,-2054000,-993000
2015/06/02,0,649000,-1680000,-1031000
2015/06/03,0,422000,-1374000,-952000
2015/06/04,0,1042000,-3601000,-2559000
2015/06/05,0,477000,-1412000,-935000
2015/06/08,0,369000,-851000,-482000
2015/06/09,0,1770000,-498000,1272000
2015/06/10,0,1689000,-375000,1314000
2015/06/11,0,1621000,-690000,931000
2015/06/12,0,1789000,-540000,1249000
2015/06/15,0,1207000,-1144000,63000
2015/06/16,0,1031000,-324000,707000
2015/06/17,0,2597000,-248000,2349000
2015/06/18,0,524000,-1149000,-625000
2015/06/19,0,0,0,0
2015/06/22,0,4572000,-761000,3811000
2015/06/23,0,5488000,-1405000,4083000
2015/06/24,0,2224000,-1154000,1070000
2015/06/25,0,2410000,-1096750,1313250
2015/06/26,0,4924000,-265000,4659000
2015/06/29,0,3907000,-5182000,-1275000
2015/06/30,0,2502000,-6276793,-3774793
2015/07/01,0,405000,-3053000,-2648000
2015/07/02,0,348000,-2302000,-1954000
2015/07/03,0,418000,-1501000,-1083000
2015/07/06,0,281000,-772000,-491000
2015/07/07,0,559000,-1018000,-459000
2015/07/08,0,706000,-2099000,-1393000
2015/07/09,0,2876000,-1922000,954000
2015/07/10,0,0,0,0
2015/07/13,0,1921000,-907000,1014000
2015/07/14,0,434000,-2012000,-1578000
2015/07/15,0,252000,-746000,-494000
2015/07/16,0,715000,-508000,207000
2015/07/17,0,565000,-715000,-150000
2015/07/20,0,603000,-689000,-86000
2015/07/21,0,1178000,-1472000,-294000
2015/07/22,0,1053000,-569000,484000
2015/07/23,0,1217000,-647000,570000
2015/07/24,0,464000,-536000,-72000
2015/07/27,0,336000,-2205000,-1869000
2015/07/28,0,2930000,-873000,2057000
2015/07/29,0,743000,-1566000,-823000
2015/07/30,0,922000,-1833000,-911000
2015/07/31,0,401000,-1598000,-1197000
2015/08/03,0,119000,-1002000,-883000
2015/08/04,0,2504000,-2001000,503000
2015/08/05,0,783000,-1301000,-518000
2015/08/06,0,535000,-797000,-262000
2015/08/07,0,200000,-752000,-552000
2015/08/10,0,272000,-324000,-52000
2015/08/11,0,578000,-789000,-211000
2015/08/12,0,2472000,-3838000,-1366000
2015/08/13,0,1261000,-1981000,-720000
2015/08/14,0,308000,-942000,-634000
2015/08/17,0,156000,-946000,-790000
2015/08/18,0,694000,-2146000,-1452000
2015/08/19,0,1564000,-837000,727000
2015/08/20,0,1708000,-894000,814000
2015/08/21,0,383000,-635000,-252000
2015/08/24,0,2134000,-3627000,-1493000
2015/08/25,0,2808000,-679000,2129000
2015/08/26,0,2043000,-3184000,-1141000
2015/08/27,0,384000,-2445206,-2061206
2015/08/28,0,377000,-891517,-514517
2015/08/31,0,514000,-1666000,-1152000
2015/09/01,0,781000,-1997000,-1216000
2015/09/02,0,1823000,-640000,1183000
2015/09/03,0,559000,-980000,-421000
2015/09/04,0,135000,-1835000,-1700000
2015/09/07,0,579000,-187000,392000
2015/09/08,0,166000,-488000,-322000
2015/09/09,0,2245000,-175000,2070000
2015/09/10,0,380000,-345000,35000
2015/09/11,0,275087,-122000,153087
2015/09/14,0,298000,-504000,-206000
2015/09/15,0,612000,-197000,415000
2015/09/16,0,1511000,-402000,1109000
2015/09/17,0,2087000,-636000,1451000
2015/09/18,0,371000,-2013000,-1642000
2015/09/21,0,219000,-1205000,-986000
2015/09/22,0,260000,-610000,-350000
2015/09/23,0,200000,-600000,-400000
2015/09/24,0,279000,-790000,-511000
2015/09/25,0,555000,-959000,-404000
2015/09/28,0,0,0,0
2015/09/29,0,0,0,0
2015/09/30,0,832000,-604972,227028
2015/10/01,0,2178000,-493000,1685000
2015/10/02,0,299000,-681000,-382000
2015/10/05,0,119000,-448000,-329000
2015/10/06,0,364000,-259000,105000
2015/10/07,0,318000,-361000,-43000
2015/10/08,0,429000,-405000,24000
2015/10/09,0,0,0,0
2015/10/12,0,383000,-209000,174000
2015/10/13,0,990000,-260000,730000
2015/10/14,0,441000,-289000,152000
2015/10/15,0,337000,-208000,129000
2015/10/16,0,1034000,-164000,870000
2015/10/19,0,833000,-194000,639000
2015/10/20,0,189000,-650000,-461000
2015/10/21,0,351000,-883000,-532000
2015/10/22,0,476000,-107000,369000
2015/10/23,0,544000,-336000,208000
2015/10/26,0,1114000,-413000,701000
2015/10/27,0,522000,-555000,-33000
2015/10/28,0,381000,-396000,-15000
2015/10/29,0,126000,-716000,-590000
2015/10/30,0,607000,-364000,243000
2015/11/02,0,210000,-579000,-369000
2015/11/03,0,2167000,-429000,1738000
2015/11/04,0,1476000,-1804000,-328000
2015/11/05,0,1196000,-476000,720000
2015/11/06,0,661000,-1305000,-644000
2015/11/09,0,1279000,-746100,532900
2015/11/10,0,343000,-829000,-486000
2015/11/11,0,565000,-614000,-49000
2015/11/12,0,542000,-411000,131000
2015/11/13,0,743000,-342000,401000
2015/11/16,0,217000,-424000,-207000
2015/11/17,0,290000,-768000,-478000
2015/11/18,0,410000,-726880,-316880
2015/11/19,0,165000,-1171000,-1006000
2015/11/20,0,191000,-203000,-12000
2015/11/23,0,113000,-99000,14000
2015/11/24,0,18000,-171000,-153000
2015/11/25,0,179000,-78000,101000
2015/11/26,0,91000,-147000,-56000
2015/11/27,0,164000,-205000,-41000
2015/11/30,0,195000,-856000,-661000
2015/12/01,0,1465000,-18000,1447000
2015/12/02,0,357000,-333000,24000
2015/12/03,0,307000,-311000,-4000
2015/12/04,0,128000,-665000,-537000
2015/12/07,0,228000,-207000,21000
2015/12/08,0,206000,-1779000,-1573000
2015/12/09,0,980000,-700000,280000
2015/12/10,0,1129000,-258000,871000
2015/12/11,0,581000,-470000,111000
2015/12/14,0,1051000,-518000,533000
2015/12/15,0,608000,-343000,265000
2015/12/16,0,1342000,-83000,1259000
2015/12/17,0,899000,-516000,383000
2015/12/18,0,359000,-678000,-319000
2015/12/21,0,838000,-250000,588000
2015/12/22,0,332000,-101000,231000
2015/12/23,0,964000,-73000,891000
2015/12/24,0,200000,-589000,-389000
2015/12/25,0,79000,-227000,-148000
2015/12/28,0,114000,-261000,-147000
2015/12/29,0,118000,-73000,45000
2015/12/30,0,26000,-1065000,-1039000
2015/12/31,0,544000,-3930000,-3386000
2016/01/01,0,0,0,0
2016/01/04,0,575000,-623000,-48000
2016/01/05,0,273000,-639000,-366000
2016/01/06,0,1456000,-1117000,339000
2016/01/07,0,1425000,-1034000,391000
2016/01/08,0,1094000,-607000,487000
2016/01/11,0,186000,-540000,-354000
2016/01/12,0,531000,-800000,-269000
2016/01/13,0,324000,-275000,49000
2016/01/14,0,756000,-397000,359000
2016/01/15,0,664000,-1879000,-1215000
2016/01/18,0,2362000,-511000,1851000
2016/01/19,0,941000,-669000,272000
2016/01/20,0,365000,-1967198,-1602198
2016/01/21,0,937000,-895000,42000
2016/01/22,0,1956000,-409000,1547000
2016/01/25,0,3738000,-277000,3461000
2016/01/26,0,359000,-1302000,-943000
2016/01/27,0,103000,-1019000,-916000
2016/01/28,0,3032000,-293000,2739000
2016/01/29,0,6919000,-920000,5999000
2016/02/01,0,348000,-6821000,-6473000
2016/02/02,0,1320000,-1099000,221000
2016/02/03,0,197000,-3252786,-3055786
2016/02/04,0,0,0,0
2016/02/05,0,0,0,0
2016/02/08,0,0,0,0
2016/02/09,0,0,0,0
2016/02/10,0,0,0,0
2016/02/11,0,0,0,0
2016/02/12,0,0,0,0
2016/02/15,0,803000,-999000,-196000
2016/02/16,0,6497000,-247000,6250000
2016/02/17,0,322000,-4934000,-4612000
2016/02/18,0,724000,-567000,157000
2016/02/19,0,211000,-373000,-162000
2016/02/22,0,435000,-1004000,-569000
2016/02/23,0,524000,-206000,318000
2016/02/24,0,189000,-389000,-200000
2016/02/25,0,2532000,-761000,1771000
2016/02/26,0,789000,-2396000,-1607000
2016/02/29,0,0,0,0
2016/03/01,0,912000,-190000,722000
2016/03/02,0,1767000,-335000,1432000
2016/03/03,0,3206000,-1818000,1388000
2016/03/04,0,561000,-4659000,-4098000
2016/03/07,0,1423000,-752000,671000
2016/03/08,0,684000,-1531000,-847000
2016/03/09,0,310000,-757000,-447000
2016/03/10,0,1398000,-282000,1116000
2016/03/11,0,530000,-401893,128107
2016/03/14,0,1106000,-619000,487000
2016/03/15,0,63000,-1880000,-1817000
2016/03/16,0,3070000,-1732000,1338000
2016/03/17,0,2524000,-1493000,1031000
2016/03/18,0,305000,-1057000,-752000
2016/03/21,0,88000,-476000,-388000
2016/03/22,0,51000,-2389000,-2338000
2016/03/23,0,705000,-719000,-14000
2016/03/24,0,496000,-582000,-86000
2016/03/25,0,1459000,-187000,1272000
2016/03/28,0,366000,-123000,243000
2016/03/29,0,93000,-1410000,-1317000
2016/03/30,0,940000,-985000,-45000
2016/03/31,0,5805000,-956592,4848408
2016/04/01,0,361000,-1746000,-1385000
2016/04/04,0,0,0,0
2016/04/05,0,0,0,0
2016/04/06,0,376000,-3977000,-3601000
2016/04/07,0,116000,-1064000,-948000
2016/04/08,0,107000,-956000,-849000
2016/04/11,0,119000,-166000,-47000
2016/04/12,0,113000,-209000,-96000
2016/04/13,0,361000,-591000,-230000
2016/04/14,0,4019000,-996000,3023000
2016/04/15,0,1036000,-630000,406000
2016/04/18,0,325000,-1322000,-997000
2016/04/19,0,396000,-558000,-162000
2016/04/20,0,68000,-1474000,-1406000
2016/04/21,0,222000,-77000,145000
2016/04/22,0,363000,-2188000,-1825000
2016/04/25,0,165000,-138000,27000
2016/04/26,0,636000,-188000,448000
2016/04/27,0,739000,-518000,221000
2016/04/28,0,204000,-822000,-618000
2016/04/29,0,301000,-521000,-220000
2016/05/02,0,0,0,0
2016/05/03,0,173000,-288000,-115000
2016/05/04,0,44000,-811000,-767000
2016/05/05,0,374000,-229000,145000
2016/05/06,0,376000,-349000,27000
2016/05/09,0,114000,-604000,-490000
2016/05/10,0,464000,-87000,377000
2016/05/11,0,94000,-148000,-54000
2016/05/12,0,121000,-121000,0
2016/05/13,0,169000,-167000,2000
2016/05/16,0,303000,-103000,200000
2016/05/17,0,305000,-260000,45000
2016/05/18,0,189000,-324000,-135000
2016/05/19,0,350000,-342000,8000
2016/05/20,0,130000,-174000,-44000
2016/05/23,0,1556000,-134000,1422000
2016/05/24,0,250000,-481000,-231000
2016/05/25,0,493000,-431000,62000
2016/05/26,0,48000,-185000,-137000
2016/05/27,0,130000,-173107,-43107
2016/05/30,0,2252000,-278000,1974000
2016/05/31,0,301000,-1411000,-1110000
2016/06/01,0,668000,-297000,371000
2016/06/02,0,158000,-662000,-504000
2016/06/03,0,50000,-112000,-62000
2016/06/06,0,61000,-494000,-433000
2016/06/07,0,183000,-15000,168000
2016/06/08,0,73000,-80000,-7000
2016/06/09,0,0,0,0
2016/06/10,0,0,0,0
2016/06/13,0,375000,-822000,-447000
2016/06/14,0,468000,-204000,264000
2016/06/15,0,234000,-880000,-646000
2016/06/16,0,468000,-587000,-119000
2016/06/17,0,228000,-95000,133000
2016/06/20,0,436000,-83000,353000
2016/06/21,0,628000,-3000,625000
2016/06/22,0,395000,-534000,-139000
2016/06/23,0,1672000,-75000,1597000
2016/06/24,0,3135000,-1382000,1753000
2016/06/27,0,102000,-2707000,-2605000
2016/06/28,0,614000,-146000,468000
2016/06/29,0,221000,-638000,-417000
2016/06/30,0,143000,-791000,-648000
2016/07/01,0,309000,-125000,184000
2016/07/04,0,143000,-43000,100000
2016/07/05,0,223000,-224000,-1000
2016/07/06,0,219000,-177000,42000
2016/07/07,0,128000,-45000,83000
2016/07/08,0,0,0,0
2016/07/11,0,162000,-150000,12000
2016/07/12,0,563000,-84000,479000
2016/07/13,0,616000,-369000,247000
2016/07/14,0,999000,-687000,312000
2016/07/15,0,780000,-1088000,-308000
2016/07/18,0,925000,-757000,168000
2016/07/19,0,1694000,-739000,955000
2016/07/20,0,426000,-1217000,-791000
2016/07/21,0,545000,-100000,445000
2016/07/22,0,840000,-134000,706000
2016/07/25,0,109000,-574000,-465000
2016/07/26,0,195000,-31000,164000
2016/07/27,0,282000,-202000,80000
2016/07/28,0,514000,-169000,345000
2016/07/29,0,267000,-444000,-177000
2016/08/01,0,429000,-99000,330000
2016/08/02,0,105000,-305000,-200000
2016/08/03,0,293000,-430000,-137000
2016/08/04,0,12000,-646000,-634000
2016/08/05,0,4016000,-307000,3709000
2016/08/08,0,2046000,-1118000,928000
2016/08/09,0,1001000,-1436000,-435000
2016/08/10,0,412000,-914000,-502000
2016/08/11,0,165000,-1136000,-971000
2016/08/12,0,1138000,-477000,661000
2016/08/15,0,250000,-344000,-94000
2016/08/16,0,206000,-293000,-87000
2016/08/17,0,165000,-1003000,-838000
2016/08/18,0,1036000,-169000,867000
2016/08/19,0,273000,-1339000,-1066000
2016/08/22,0,159000,-668000,-509000
2016/08/23,0,1982000,-1061000,921000
2016/08/24,0,1054000,-585000,469000
2016/08/25,0,1011000,-82000,929000
2016/08/26,0,726000,-264000,462000
2016/08/29,0,2886000,-858000,2028000
2016/08/30,0,2805000,-3361000,-556000
2016/08/31,0,1029000,-4937000,-3908000
2016/09/01,0,293000,-641000,-348000
2016/09/02,0,726000,-2320000,-1594000
2016/09/05,0,648000,-684000,-36000
2016/09/06,0,3381000,-158000,3223000
2016/09/07,0,1141000,-2682000,-1541000
2016/09/08,0,1565000,-755000,810000
2016/09/09,0,203000,-1715000,-1512000
2016/09/12,0,827000,-969000,-142000
2016/09/13,0,577000,-1248000,-671000
2016/09/14,0,485000,-812000,-327000
2016/09/15,0,0,0,0
2016/09/16,0,0,0,0
2016/09/19,0,1182000,-800000,382000
2016/09/20,0,1158000,-739000,419000
2016/09/21,0,494000,-1365000,-871000
2016/09/22,0,114000,-570000,-456000
2016/09/23,0,279000,-980000,-701000
2016/09/26,0,264000,-495000,-231000
2016/09/27,0,0,0,0
2016/09/28,0,0,0,0
2016/09/29,0,1810000,-512526,1297474
2016/09/30,0,367000,-1739000,-1372000
2016/10/03,0,616000,-688000,-72000
2016/10/04,0,144000,-230000,-86000
2016/10/05,0,287000,-351000,-64000
2016/10/06,0,320000,-486000,-166000
2016/10/07,0,359000,-841000,-482000
2016/10/10,0,0,0,0
2016/10/11,0,509000,-861000,-352000
2016/10/12,0,897000,-509000,388000
2016/10/13,0,973000,-1208000,-235000
2016/10/14,0,316000,-371000,-55000
2016/10/17,0,305000,-631000,-326000
2016/10/18,0,586000,-466000,120000
2016/10/19,0,387000,-476000,-89000
2016/10/20,0,164000,-343000,-179000
2016/10/21,0,412000,-521000,-109000
2016/10/24,0,439000,-25000,414000
2016/10/25,0,204000,-207000,-3000
2016/10/26,0,312000,-233000,79000
2016/10/27,0,159000,-224000,-65000
2016/10/28,0,1273000,-407000,866000
2016/10/31,0,333000,-846000,-513000
2016/11/01,0,229000,-158000,71000
2016/11/02,0,221000,-419000,-198000
2016/11/03,0,314000,-432000,-118000
2016/11/04,0,159000,-316000,-157000
2016/11/07,0,409000,-106000,303000
2016/11/08,0,72000,-246000,-174000
2016/11/09,0,411000,-1103000,-692000
2016/11/10,0,887000,-740000,147000
2016/11/11,0,1113000,-678000,435000
2016/11/14,0,7884000,-1404000,6480000
2016/11/15,0,1816000,-6209000,-4393000
2016/11/16,0,1649000,-826000,823000
2016/11/17,0,827000,-1343000,-516000
2016/11/18,0,825000,-567000,258000
2016/11/21,0,1971000,-867000,1104000
2016/11/22,0,69000,-770000,-701000
2016/11/23,0,1364000,-505000,859000
2016/11/24,0,574000,-1099000,-525000
2016/11/25,0,2354000,-565000,1789000
2016/11/28,0,327000,-1943036,-1616036
2016/11/29,0,786000,-764000,22000
2016/11/30,0,996000,-1535000,-539000
2016/12/01,0,1588000,-831000,757000
2016/12/02,0,181000,-1087000,-906000
2016/12/05,0,148000,-615000,-467000
2016/12/06,0,332000,-320000,12000
2016/12/07,0,249000,-629000,-380000
2016/12/08,0,202000,-659000,-457000
2016/12/09,0,236000,-602000,-366000
2016/12/12,0,79000,-430000,-351000
2016/12/13,0,1161000,-365000,796000
2016/12/14,0,242000,-1796000,-1554000
2016/12/15,0,2379000,-671000,1708000
2016/12/16,0,1715000,-1974000,-259000
2016/12/19,0,173000,-430000,-257000
2016/12/20,0,159000,-89000,70000
2016/12/21,0,855000,-313000,542000
2016/12/22,0,722000,-867000,-145000
2016/12/23,0,1002000,-288000,714000
2016/12/26,0,357000,-400000,-43000
2016/12/27,0,539000,-361000,178000
2016/12/28,0,744000,-378000,366000
2016/12/29,0,725000,-461000,264000
2016/12/30,0,125000,-344000,-219000
2017/01/02,0,0,0,0
2017/01/03,0,208000,-203000,5000
2017/01/04,0,305000,-92000,213000
2017/01/05,0,784000,-61000,723000
2017/01/06,0,323000,-247000,76000
2017/01/09,0,705000,-407000,298000
2017/01/10,0,79000,-445000,-366000
2017/01/11,0,304000,-169000,135000
2017/01/12,0,1464000,-507000,957000
2017/01/13,0,443000,-161000,282000
2017/01/16,0,140000,-604000,-464000
2017/01/17,0,305000,-250000,55000
2017/01/18,0,141000,-761000,-620000
2017/01/19,0,405000,-205000,200000
2017/01/20,0,745000,-63000,682000
2017/01/23,0,316000,-222000,94000
2017/01/24,0,285000,-59000,226000
2017/01/25,0,0,0,0
2017/01/26,0,0,0,0
2017/01/27,0,0,0,0
2017/01/30,0,0,0,0
2017/01/31,0,0,0,0
2017/02/01,0,0,0,0
2017/02/02,0,320000,-545000,-225000
2017/02/03,0,140000,-461000,-321000
2017/02/06,0,1884000,-195000,1689000
2017/02/07,0,121000,-821000,-700000
2017/02/08,0,227000,-233000,-6000
2017/02/09,0,368000,-284000,84000
2017/02/10,0,2058000,-353000,1705000
2017/02/13,0,473000,-492000,-19000
2017/02/14,0,659000,-291000,368000
2017/02/15,0,918000,-208000,710000
2017/02/16,0,819000,-370000,449000
2017/02/17,0,1105000,-365000,740000
2017/02/20,0,955000,-321000,634000
2017/02/21,0,1439000,-1454000,-15000
2017/02/22,0,736000,-424000,312000
2017/02/23,0,1079000,-907000,172000
2017/02/24,0,742000,-60000,682000
2017/02/27,0,0,0,0
2017/02/28,0,0,0,0
2017/03/01,0,578000,-185000,393000
2017/03/02,0,2610000,-1294000,1316000
2017/03/03,0,397000,-1070000,-673000
2017/03/06,0,63000,-437000,-374000
2017/03/07,0,37000,-665000,-628000
2017/03/08,0,1779000,-188000,1591000
2017/03/09,0,349000,-678000,-329000
2017/03/10,0,1027000,-625000,402000
2017/03/13,0,1123000,-182000,941000
2017/03/14,0,361000,-333000,28000
2017/03/15,0,192000,-1022000,-830000
2017/03/16,0,449000,-2146000,-1697000
2017/03/17,0,184000,-94000,90000
2017/03/20,0,160000,-228000,-68000
2017/03/21,0,658000,-2697000,-2039000
2017/03/22,0,528000,-541000,-13000
2017/03/23,0,1190000,-180000,1010000
2017/03/24,0,5000,-580000,-575000
2017/03/27,0,48000,-949000,-901000
2017/03/28,0,324000,-413000,-89000
2017/03/29,0,428000,-751000,-323000
2017/03/30,0,775000,-1080000,-305000
2017/03/31,0,1030000,-142000,888000
2017/04/03,0,0,0,0
2017/04/04,0,0,0,0
2017/04/05,0,1761000,-306000,1455000
2017/04/06,0,1587000,-553000,1034000
2017/04/07,0,1213000,-729000,484000
2017/04/10,0,200000,-694000,-494000
2017/04/11,0,686000,-742000,-56000
2017/04/12,0,602000,-216000,386000
2017/04/13,0,565000,-310000,255000
2017/04/14,0,1215000,-279000,936000
2017/04/17,0,1230000,-496000,734000
2017/04/18,0,2517000,-744000,1773000
2017/04/19,0,3139000,-1236000,1903000
2017/04/20,0,398000,-1039000,-641000
2017/04/21,0,669000,-1034000,-365000
2017/04/24,0,185000,-121000,64000
2017/04/25,0,1357000,-1087000,270000
2017/04/26,0,1707000,-763000,944000
2017/04/27,0,253000,-499000,-246000
2017/04/28,0,171000,-374000,-203000
2017/05/01,0,0,0,0
2017/05/02,0,768000,-578000,190000
2017/05/03,0,164000,-271000,-107000
2017/05/04,0,524000,-423000,101000
2017/05/05,0,375000,-904000,-529000
2017/05/08,0,625000,-66000,559000
2017/05/09,0,762000,-74994,687006
2017/05/10,0,633000,-363000,270000
2017/05/11,0,261000,-424000,-163000
2017/05/12,0,391000,-124000,267000
2017/05/15,0,1630000,-219000,1411000
2017/05/16,0,1582000,-886000,696000
2017/05/17,0,308000,-2285000,-1977000
2017/05/18,0,383000,-1563000,-1180000
2017/05/19,0,293000,-259000,34000
2017/05/22,0,444000,-293000,151000
2017/05/23,0,50000,-195000,-145000
2017/05/24,0,239000,-9000,230000
2017/05/25,0,610000,-125000,485000
2017/05/26,0,414000,-186000,228000
2017/05/29,0,0,0,0
2017/05/30,0,0,0,0
2017/05/31,0,801000,-244000,557000
2017/06/01,0,470000,-55000,415000
2017/06/02,0,167000,-14000,153000
2017/06/05,0,945000,-56000,889000
2017/06/06,0,426000,-7782,418218
2017/06/07,0,296000,-95000,201000
2017/06/08,0,1367000,-15000,1352000
2017/06/09,0,513000,-303000,210000
2017/06/12,0,378000,-197000,181000
2017/06/13,0,211000,-565000,-354000
2017/06/14,0,632000,-312000,320000
2017/06/15,0,531000,-376000,155000
2017/06/16,0,377000,-93000,284000
2017/06/19,0,531000,-287000,244000
2017/06/20,0,1208000,-850000,358000
2017/06/21,0,934000,-1403000,-469000
2017/06/22,0,546000,-222000,324000
2017/06/23,0,427000,-315000,112000
2017/06/26,0,4809000,-519000,4290000
2017/06/27,0,2002000,-875000,1127000
2017/06/28,0,2491000,-298000,2193000
2017/06/29,0,3844000,-451000,3393000
2017/06/30,0,9013000,-546000,8467000
2017/07/03,0,129000,-11189000,-11060000
2017/07/04,0,760000,-1253000,-493000
2017/07/05,0,842000,-1627000,-785000
2017/07/06,0,324000,-727000,-403000
2017/07/07,0,183000,-577000,-394000
2017/07/10,0,286000,-302000,-16000
2017/07/11,0,543000,-1081000,-538000
2017/07/12,0,431000,-751000,-320000
2017/07/13,0,481000,-760000,-279000
2017/07/14,0,84000,-476000,-392000
2017/07/17,0,526000,-391000,135000
2017/07/18,0,3000,-538000,-535000
2017/07/19,0,154000,-1064000,-910000
2017/07/20,0,117000,-74000,43000
2017/07/21,0,115000,-197000,-82000
2017/07/24,0,423000,-483000,-60000
2017/07/25,0,287000,-267000,20000
2017/07/26,0,98000,-713000,-615000
2017/07/27,0,1157000,-162000,995000
2017/07/28,0,47000,-1057000,-1010000
2017/07/31,0,620000,-47000,573000
2017/08/01,0,951000,-599000,352000
2017/08/02,0,1201000,-234000,967000
2017/08/03,0,754000,-222000,532000
2017/08/04,0,910000,-556000,354000
2017/08/07,0,2824000,-225000,2599000
2017/08/08,0,2883000,-454000,2429000
2017/08/09,0,152000,-1368000,-1216000
2017/08/10,0,94000,-3730000,-3636000
2017/08/11,0,704000,-2182476,-1478476
2017/08/14,0,190000,-2079000,-1889000
2017/08/15,0,414000,-359000,55000
2017/08/16,0,216000,-1174000,-958000
2017/08/17,0,336000,-336000,0
2017/08/18,0,60000,-330000,-270000
