Date,Open,Buy,Sell,Total
2007/01/02,0,841000,-828000,13000
2007/01/03,0,4640000,-152000,4488000
2007/01/04,0,0,0,0
2007/01/05,0,283000,0,283000
2007/01/08,0,0,-240000,-240000
2007/01/09,0,0,0,0
2007/01/10,0,289000,0,289000
2007/01/11,0,15000,-800000,-785000
2007/01/12,0,8000,0,8000
2007/01/15,0,0,0,0
2007/01/16,0,17000,0,17000
2007/01/17,0,148000,-3000,145000
2007/01/18,0,88000,0,88000
2007/01/19,0,361000,-401000,-40000
2007/01/22,0,108000,-526000,-418000
2007/01/23,0,203000,-1000,202000
2007/01/24,0,50000,0,50000
2007/01/25,0,50000,-1000,49000
2007/01/26,0,0,-2000,-2000
2007/01/29,0,0,-3000,-3000
2007/01/30,0,185000,0,185000
2007/01/31,0,0,0,0
2007/02/01,0,0,-27000,-27000
2007/02/02,0,106000,0,106000
2007/02/05,0,75000,0,75000
2007/02/06,0,138000,-40000,98000
2007/02/07,0,24000,0,24000
2007/02/08,0,190000,0,190000
2007/02/09,0,256000,-3000,253000
2007/02/12,0,232000,0,232000
2007/02/13,0,798000,0,798000
2007/02/14,0,178000,-41000,137000
2007/02/15,0,0,0,0
2007/02/16,0,0,0,0
2007/02/19,0,0,0,0
2007/02/20,0,0,0,0
2007/02/21,0,0,0,0
2007/02/22,0,0,0,0
2007/02/23,0,0,0,0
2007/02/26,0,1908000,0,1908000
2007/02/27,0,3916000,0,3916000
2007/02/28,0,0,0,0
2007/03/01,0,15000,0,15000
2007/03/02,0,0,-220000,-220000
2007/03/05,0,0,0,0
2007/03/06,0,96000,-814000,-718000
2007/03/07,0,0,-17000,-17000
2007/03/08,0,0,-350000,-350000
2007/03/09,0,0,-45000,-45000
2007/03/12,0,20000,-130000,-110000
2007/03/13,0,0,-13000,-13000
2007/03/14,0,0,-196000,-196000
2007/03/15,0,0,-361000,-361000
2007/03/16,0,0,-59000,-59000
2007/03/19,0,3000,0,3000
2007/03/20,0,0,-8000,-8000
2007/03/21,0,0,-16000,-16000
2007/03/22,0,36000,-8000,28000
2007/03/23,0,200000,-25000,175000
2007/03/26,0,248000,0,248000
2007/03/27,0,36000,-280000,-244000
2007/03/28,0,0,0,0
2007/03/29,0,0,-12000,-12000
2007/03/30,0,0,-17000,-17000
2007/04/02,0,0,-26000,-26000
2007/04/03,0,378000,-200000,178000
2007/04/04,0,70000,-1250000,-1180000
2007/04/05,0,0,0,0
2007/04/06,0,0,0,0
2007/04/09,0,0,-123000,-123000
2007/04/10,0,0,-407000,-407000
2007/04/11,0,5000,-626000,-621000
2007/04/12,0,59000,-2500000,-2441000
2007/04/13,0,0,-91000,-91000
2007/04/16,0,0,-76000,-76000
2007/04/17,0,69000,-50000,19000
2007/04/18,0,0,-50000,-50000
2007/04/19,0,17000,-50000,-33000
2007/04/20,0,0,-235000,-235000
2007/04/23,0,12000,0,12000
2007/04/24,0,40000,-32000,8000
2007/04/25,0,0,0,0
2007/04/26,0,100000,-184000,-84000
2007/04/27,0,0,0,0
2007/04/30,0,100000,0,100000
2007/05/01,0,0,0,0
2007/05/02,0,37000,-357000,-320000
2007/05/03,0,0,0,0
2007/05/04,0,0,0,0
2007/05/07,0,0,-37000,-37000
2007/05/08,0,0,-166000,-166000
2007/05/09,0,0,0,0
2007/05/10,0,0,-224000,-224000
2007/05/11,0,0,-1000,-1000
2007/05/14,0,0,-84000,-84000
2007/05/15,0,164000,-3000,161000
2007/05/16,0,0,-22000,-22000
2007/05/17,0,0,-8000,-8000
2007/05/18,0,0,0,0
2007/05/21,0,0,0,0
2007/05/22,0,1279000,0,1279000
2007/05/23,0,1852000,-166000,1686000
2007/05/24,0,300000,0,300000
2007/05/25,0,3000,0,3000
2007/05/28,0,0,0,0
2007/05/29,0,0,-106000,-106000
2007/05/30,0,0,-240000,-240000
2007/05/31,0,0,-210000,-210000
2007/06/01,0,0,-214000,-214000
2007/06/04,0,10000,-60000,-50000
2007/06/05,0,0,-125000,-125000
2007/06/06,0,12000,-480000,-468000
2007/06/07,0,0,0,0
2007/06/08,0,0,0,0
2007/06/11,0,0,-15000,-15000
2007/06/12,0,0,-660000,-660000
2007/06/13,0,0,-68000,-68000
2007/06/14,0,0,-18000,-18000
2007/06/15,0,22000,-46000,-24000
2007/06/18,0,0,0,0
2007/06/19,0,0,0,0
2007/06/20,0,950000,-2000,948000
2007/06/21,0,600000,0,600000
2007/06/22,0,436000,-500000,-64000
2007/06/25,0,300000,-917000,-617000
2007/06/26,0,0,-47000,-47000
2007/06/27,0,0,-90000,-90000
2007/06/28,0,50000,0,50000
2007/06/29,0,4000,-142000,-138000
2007/07/02,0,0,0,0
2007/07/03,0,100000,-3000,97000
2007/07/04,0,354000,-30000,324000
2007/07/05,0,2986000,-137000,2849000
2007/07/06,0,1258000,-21000,1237000
2007/07/09,0,0,0,0
2007/07/10,0,652000,0,652000
2007/07/11,0,899000,-200000,699000
2007/07/12,0,4166000,0,4166000
2007/07/13,0,2151000,-187000,1964000
2007/07/16,0,10173000,-135000,10038000
2007/07/17,0,1547000,-18000,1529000
2007/07/18,0,332000,-85000,247000
2007/07/19,0,4048000,0,4048000
2007/07/20,0,412000,0,412000
2007/07/23,0,168000,0,168000
2007/07/24,0,410000,-155000,255000
2007/07/25,0,11000,0,11000
2007/07/26,0,31000,0,31000
2007/07/27,0,5000,-159000,-154000
2007/07/30,0,500000,-900000,-400000
2007/07/31,0,1117000,-1987000,-870000
2007/08/01,0,5000,-1108000,-1103000
2007/08/02,0,77000,-362000,-285000
2007/08/03,0,77000,0,77000
2007/08/06,0,13000,-20000,-7000
2007/08/07,0,642000,-55000,587000
2007/08/08,0,79000,-200000,-121000
2007/08/09,0,3000,-2000000,-1997000
2007/08/10,0,33000,-666000,-633000
2007/08/13,0,10000,-1337000,-1327000
2007/08/14,0,0,0,0
2007/08/15,0,20000,-1230000,-1210000
2007/08/16,0,44000,0,44000
2007/08/17,0,31000,-747000,-716000
2007/08/20,0,32000,-300000,-268000
2007/08/21,0,0,0,0
2007/08/22,0,134000,-5000,129000
2007/08/23,0,0,0,0
2007/08/24,0,0,-12000,-12000
2007/08/27,0,10000,-223000,-213000
2007/08/28,0,110000,-1001000,-891000
2007/08/29,0,0,-111000,-111000
2007/08/30,0,1254000,-130000,1124000
2007/08/31,0,1565000,-95000,1470000
2007/09/03,0,54000,-64000,-10000
2007/09/04,0,376000,-279000,97000
2007/09/05,0,0,0,0
2007/09/06,0,275000,0,275000
2007/09/07,0,501000,-54000,447000
2007/09/10,0,100000,0,100000
2007/09/11,0,10000,0,10000
2007/09/12,0,152000,0,152000
2007/09/13,0,250000,0,250000
2007/09/14,0,56000,0,56000
2007/09/17,0,0,-200000,-200000
2007/09/18,0,0,0,0
2007/09/19,0,8000,-768000,-760000
2007/09/20,0,13000,-350000,-337000
2007/09/21,0,13000,-912000,-899000
2007/09/24,0,0,0,0
2007/09/25,0,0,0,0
2007/09/26,0,6000,-140000,-134000
2007/09/27,0,6000,-15000,-9000
2007/09/28,0,1019000,-72000,947000
2007/10/01,0,232000,-2521000,-2289000
2007/10/02,0,6435000,-64000,6371000
2007/10/03,0,8100000,-3000,8097000
2007/10/04,0,1500000,0,1500000
2007/10/05,0,3330000,-329000,3001000
2007/10/08,0,4106000,-111000,3995000
2007/10/09,0,2060000,0,2060000
2007/10/10,0,0,0,0
2007/10/11,0,2086000,0,2086000
2007/10/12,0,1000,0,1000
2007/10/15,0,8000,-2347000,-2339000
2007/10/16,0,2335000,0,2335000
2007/10/17,0,290000,0,290000
2007/10/18,0,200000,-519000,-319000
2007/10/19,0,0,-256000,-256000
2007/10/22,0,4000,0,4000
2007/10/23,0,751000,-2733000,-1982000
2007/10/24,0,200000,-650000,-450000
2007/10/25,0,0,-650000,-650000
2007/10/26,0,69000,-550000,-481000
2007/10/29,0,482000,-200000,282000
2007/10/30,0,920000,-211000,709000
2007/10/31,0,10910000,0,10910000
2007/11/01,0,724000,-1429000,-705000
2007/11/02,0,12000,0,12000
2007/11/05,0,0,-11000,-11000
2007/11/06,0,2294000,-100000,2194000
2007/11/07,0,2735000,-50000,2685000
2007/11/08,0,3429000,0,3429000
2007/11/09,0,289000,-5446000,-5157000
2007/11/12,0,2635000,0,2635000
2007/11/13,0,10937000,0,10937000
2007/11/14,0,2062000,-1000,2061000
2007/11/15,0,2535000,-10000,2525000
2007/11/16,0,857000,-500000,357000
2007/11/19,0,0,-6987000,-6987000
2007/11/20,0,136000,-2702000,-2566000
2007/11/21,0,2501000,-4409000,-1908000
2007/11/22,0,6000,-580000,-574000
2007/11/23,0,17000,-1450000,-1433000
2007/11/26,0,258000,0,258000
2007/11/27,0,3000,-309000,-306000
2007/11/28,0,101000,0,101000
2007/11/29,0,5000,-365000,-360000
2007/11/30,0,40000,0,40000
2007/12/03,0,14000,0,14000
2007/12/04,0,102000,-1100000,-998000
2007/12/05,0,55000,-2145000,-2090000
2007/12/06,0,0,-100000,-100000
2007/12/07,0,0,0,0
2007/12/10,0,0,-380000,-380000
2007/12/11,0,45000,-44000,1000
2007/12/12,0,0,-59000,-59000
2007/12/13,0,100000,0,100000
2007/12/14,0,54000,-200000,-146000
2007/12/17,0,377000,0,377000
2007/12/18,0,257000,-92000,165000
2007/12/19,0,446000,0,446000
2007/12/20,0,1000,-339000,-338000
2007/12/21,0,61000,-710000,-649000
2007/12/24,0,244000,-702000,-458000
2007/12/25,0,0,-2009000,-2009000
2007/12/26,0,0,-307000,-307000
2007/12/27,0,102000,-578000,-476000
2007/12/28,0,37000,-50000,-13000
2007/12/31,0,1000,-500000,-499000
2008/01/01,0,0,0,0
2008/01/02,0,570000,-1288000,-718000
2008/01/03,0,3000,-1000,2000
2008/01/04,0,1405000,-11000,1394000
2008/01/07,0,8186000,-2060000,6126000
2008/01/08,0,4659000,-1318000,3341000
2008/01/09,0,4896000,-1389000,3507000
2008/01/10,0,5219000,-2613000,2606000
2008/01/11,0,3667000,-36000,3631000
2008/01/14,0,2519000,-1000000,1519000
2008/01/15,0,4633000,-300000,4333000
2008/01/16,0,13444000,-715000,12729000
2008/01/17,0,1819000,-150000,1669000
2008/01/18,0,5895000,-206000,5689000
2008/01/21,0,9798000,-170000,9628000
2008/01/22,0,984000,-1770000,-786000
2008/01/23,0,6670000,-2325000,4345000
2008/01/24,0,3986000,-60000,3926000
2008/01/25,0,14784000,0,14784000
2008/01/28,0,1751000,-631000,1120000
2008/01/29,0,2313000,-315000,1998000
2008/01/30,0,3326000,0,3326000
2008/01/31,0,740000,-425000,315000
2008/02/01,0,5424000,-301000,5123000
2008/02/04,0,0,0,0
2008/02/05,0,0,0,0
2008/02/06,0,0,0,0
2008/02/07,0,0,0,0
2008/02/08,0,0,0,0
2008/02/11,0,0,0,0
2008/02/12,0,3352000,-3040000,312000
2008/02/13,0,12137000,-500000,11637000
2008/02/14,0,1820000,-1030000,790000
2008/02/15,0,1790000,-700000,1090000
2008/02/18,0,273000,-143000,130000
2008/02/19,0,1846000,-2181000,-335000
2008/02/20,0,729000,-4439000,-3710000
2008/02/21,0,1835000,-6482000,-4647000
2008/02/22,0,1862000,-430000,1432000
2008/02/25,0,4230000,-2264000,1966000
2008/02/26,0,2046000,-189000,1857000
2008/02/27,0,3147000,-353000,2794000
2008/02/28,0,0,0,0
2008/02/29,0,2215000,-1441000,774000
2008/03/03,0,440000,-4284000,-3844000
2008/03/04,0,2336000,-509000,1827000
2008/03/05,0,2837000,-820000,2017000
2008/03/06,0,1441000,-489000,952000
2008/03/07,0,43000,-1801000,-1758000
2008/03/10,0,213000,-1794000,-1581000
2008/03/11,0,703000,-2517000,-1814000
2008/03/12,0,2496000,-600000,1896000
2008/03/13,0,250000,-3321000,-3071000
2008/03/14,0,748000,-3251000,-2503000
2008/03/17,0,5028000,-250000,4778000
2008/03/18,0,1334000,-542000,792000
2008/03/19,0,8138000,0,8138000
2008/03/20,0,6280000,-4000,6276000
2008/03/21,0,3443000,-42000,3401000
2008/03/24,0,6545000,-4781000,1764000
2008/03/25,0,5517000,-2196000,3321000
2008/03/26,0,209000,-790000,-581000
2008/03/27,0,60000,-1400000,-1340000
2008/03/28,0,167000,-300000,-133000
2008/03/31,0,138000,-2196000,-2058000
2008/04/01,0,130000,-2256000,-2126000
2008/04/02,0,155000,0,155000
2008/04/03,0,404000,-654000,-250000
2008/04/04,0,0,0,0
2008/04/07,0,693000,-1244000,-551000
2008/04/08,0,6326000,-15419000,-9093000
2008/04/09,0,1176000,-747000,429000
2008/04/10,0,5942000,-750000,5192000
2008/04/11,0,5300000,-974000,4326000
2008/04/14,0,1400000,-4232000,-2832000
2008/04/15,0,2398000,-1499000,899000
2008/04/16,0,9199000,-892000,8307000
2008/04/17,0,4178000,-4174000,4000
2008/04/18,0,5421000,-940000,4481000
2008/04/21,0,34000,0,34000
2008/04/22,0,6635000,-184000,6451000
2008/04/23,0,4358000,-210000,4148000
2008/04/24,0,2970000,-1500000,1470000
2008/04/25,0,905000,-600000,305000
2008/04/28,0,4927000,-253000,4674000
2008/04/29,0,561000,-572000,-11000
2008/04/30,0,6606000,-614000,5992000
2008/05/01,0,0,0,0
2008/05/02,0,524000,0,524000
2008/05/05,0,2430000,-134000,2296000
2008/05/06,0,1130000,-3807000,-2677000
2008/05/07,0,54000,-8563000,-8509000
2008/05/08,0,110000,-5652000,-5542000
2008/05/09,0,21000,-1229000,-1208000
2008/05/12,0,59000,-228000,-169000
2008/05/13,0,967000,-1467000,-500000
2008/05/14,0,348000,-1700000,-1352000
2008/05/15,0,29000,-2214000,-2185000
2008/05/16,0,700000,-1100000,-400000
2008/05/19,0,1033000,-93000,940000
2008/05/20,0,703000,-2441000,-1738000
2008/05/21,0,450000,-4150000,-3700000
2008/05/22,0,2026000,-9520000,-7494000
2008/05/23,0,736000,-3357000,-2621000
2008/05/26,0,584000,-173000,411000
2008/05/27,0,452000,-697000,-245000
2008/05/28,0,1067000,-300000,767000
2008/05/29,0,343000,-10867000,-10524000
2008/05/30,0,1771000,-1324000,447000
2008/06/02,0,2134000,-2439000,-305000
2008/06/03,0,500000,-150000,350000
2008/06/04,0,59000,-150000,-91000
2008/06/05,0,4000,-250000,-246000
2008/06/06,0,5000,-500000,-495000
2008/06/09,0,5000,-400000,-395000
2008/06/10,0,7000,-2141000,-2134000
2008/06/11,0,285000,-311000,-26000
2008/06/12,0,1371000,-390000,981000
2008/06/13,0,272000,-97000,175000
2008/06/16,0,179000,-760000,-581000
2008/06/17,0,1732000,-100000,1632000
2008/06/18,0,0,0,0
2008/06/19,0,0,-308000,-308000
2008/06/20,0,108000,-3000,105000
2008/06/23,0,972000,-8000,964000
2008/06/24,0,187000,0,187000
2008/06/25,0,927000,-1005000,-78000
2008/06/26,0,20000,-1809000,-1789000
2008/06/27,0,504000,-4620000,-4116000
2008/06/30,0,1181000,-181000,1000000
2008/07/01,0,748000,-150000,598000
2008/07/02,0,1946000,-1177000,769000
2008/07/03,0,2446000,-4587000,-2141000
2008/07/04,0,38000,-556000,-518000
2008/07/07,0,274000,-901000,-627000
2008/07/08,0,500000,-1112000,-612000
2008/07/09,0,1500000,-289000,1211000
2008/07/10,0,430000,-511000,-81000
2008/07/11,0,33000,-100000,-67000
2008/07/14,0,2000,-600000,-598000
2008/07/15,0,1108000,-25180000,-24072000
2008/07/16,0,923000,-2053000,-1130000
2008/07/17,0,289000,-830000,-541000
2008/07/18,0,909000,-48000,861000
2008/07/21,0,90000,-254000,-164000
2008/07/22,0,888000,-7000,881000
2008/07/23,0,893000,-731000,162000
2008/07/24,0,536000,-1070000,-534000
2008/07/25,0,0,-300000,-300000
2008/07/28,0,0,0,0
2008/07/29,0,13000,-225000,-212000
2008/07/30,0,466000,-178000,288000
2008/07/31,0,141000,0,141000
2008/08/01,0,322000,0,322000
2008/08/04,0,505000,-6000,499000
2008/08/05,0,0,-1361000,-1361000
2008/08/06,0,112000,0,112000
2008/08/07,0,0,-500000,-500000
2008/08/08,0,3000,-478000,-475000
2008/08/11,0,2352000,0,2352000
2008/08/12,0,507000,-502000,5000
2008/08/13,0,14000,0,14000
2008/08/14,0,66000,-20000,46000
2008/08/15,0,1638000,0,1638000
2008/08/18,0,857000,-515000,342000
2008/08/19,0,0,-115000,-115000
2008/08/20,0,106000,-24000,82000
2008/08/21,0,28000,-129000,-101000
2008/08/22,0,6000,0,6000
2008/08/25,0,1530000,0,1530000
2008/08/26,0,549000,-9000,540000
2008/08/27,0,0,0,0
2008/08/28,0,0,-1530000,-1530000
2008/08/29,0,146000,-700000,-554000
2008/09/01,0,1223000,-200000,1023000
2008/09/02,0,24000,-426000,-402000
2008/09/03,0,71000,-3000,68000
2008/09/04,0,44000,-110000,-66000
2008/09/05,0,44000,-898000,-854000
2008/09/08,0,0,0,0
2008/09/09,0,804000,0,804000
2008/09/10,0,3683000,-1826000,1857000
2008/09/11,0,2824000,-166000,2658000
2008/09/12,0,2105000,0,2105000
2008/09/15,0,500000,0,500000
2008/09/16,0,10000,-850000,-840000
2008/09/17,0,80000,-1912000,-1832000
2008/09/18,0,13000,-6366000,-6353000
2008/09/19,0,65000,-489000,-424000
2008/09/22,0,26000,-6239000,-6213000
2008/09/23,0,25000,-5274000,-5249000
2008/09/24,0,62000,-3712000,-3650000
2008/09/25,0,11000,-11602000,-11591000
2008/09/26,0,34000,-2120000,-2086000
2008/09/29,0,0,0,0
2008/09/30,0,106000,-1752000,-1646000
2008/10/01,0,553000,-2805000,-2252000
2008/10/02,0,21000,-2375000,-2354000
2008/10/03,0,82000,-767000,-685000
2008/10/06,0,0,-1158000,-1158000
2008/10/07,0,800000,-6127000,-5327000
2008/10/08,0,0,-2527000,-2527000
2008/10/09,0,815000,-5634000,-4819000
2008/10/10,0,0,0,0
2008/10/13,0,0,-232000,-232000
2008/10/14,0,0,-50000,-50000
2008/10/15,0,22000,-888000,-866000
2008/10/16,0,41000,0,41000
2008/10/17,0,13000,-303000,-290000
2008/10/20,0,0,-1469000,-1469000
2008/10/21,0,415000,-50000,365000
2008/10/22,0,1266000,-190000,1076000
2008/10/23,0,20000,-1013000,-993000
2008/10/24,0,21000,-595000,-574000
2008/10/27,0,0,-1057000,-1057000
2008/10/28,0,311000,-963000,-652000
2008/10/29,0,904000,-14000,890000
2008/10/30,0,1860000,-6000,1854000
2008/10/31,0,4025000,0,4025000
2008/11/03,0,3543000,-663000,2880000
2008/11/04,0,4475000,-120000,4355000
2008/11/05,0,6758000,-204000,6554000
2008/11/06,0,1168000,-2358000,-1190000
2008/11/07,0,9307000,-5964000,3343000
2008/11/10,0,8050000,0,8050000
2008/11/11,0,8295000,-770000,7525000
2008/11/12,0,2530000,-237000,2293000
2008/11/13,0,1214000,-998000,216000
2008/11/14,0,3548000,-86000,3462000
2008/11/17,0,2251000,-40000,2211000
2008/11/18,0,801000,0,801000
2008/11/19,0,5404000,-556500,4847500
2008/11/20,0,346000,-549500,-203500
2008/11/21,0,1334000,-9229000,-7895000
2008/11/24,0,3416000,-357000,3059000
2008/11/25,0,7527000,-31676,7495324
2008/11/26,0,5114000,0,5114000
2008/11/27,0,3304000,0,3304000
2008/11/28,0,2090000,-1122000,968000
2008/12/01,0,4257000,-30324,4226676
2008/12/02,0,8275000,0,8275000
2008/12/03,0,3322000,-263000,3059000
2008/12/04,0,4624000,-412000,4212000
2008/12/05,0,829000,-201000,628000
2008/12/08,0,13852000,-133000,13719000
2008/12/09,0,4631000,0,4631000
2008/12/10,0,2874000,-265000,2609000
2008/12/11,0,3166000,-1815000,1351000
2008/12/12,0,8258000,-123000,8135000
2008/12/15,0,2118000,-12989000,-10871000
2008/12/16,0,893000,-645000,248000
2008/12/17,0,1240000,-1058000,182000
2008/12/18,0,853000,-515000,338000
2008/12/19,0,1259000,-1467000,-208000
2008/12/22,0,592000,-13000,579000
2008/12/23,0,816000,-743000,73000
2008/12/24,0,350000,-967000,-617000
2008/12/25,0,618000,-400000,218000
2008/12/26,0,0,0,0
2008/12/29,0,1112000,0,1112000
2008/12/30,0,2197000,0,2197000
2008/12/31,0,3098000,0,3098000
2009/01/01,0,0,0,0
2009/01/02,0,0,0,0
2009/01/05,0,632000,0,632000
2009/01/06,0,0,-3130000,-3130000
2009/01/07,0,2382000,-6766000,-4384000
2009/01/08,0,0,-2126000,-2126000
2009/01/09,0,554000,0,554000
2009/01/12,0,14000,-1814000,-1800000
2009/01/13,0,555000,-8297000,-7742000
2009/01/14,0,791000,-18000,773000
2009/01/15,0,790000,-3333000,-2543000
2009/01/16,0,1744000,-6694000,-4950000
2009/01/19,0,1862000,-1307000,555000
2009/01/20,0,1500000,-161000,1339000
2009/01/21,0,650000,-1638000,-988000
2009/01/22,0,0,0,0
2009/01/23,0,0,0,0
2009/01/26,0,0,0,0
2009/01/27,0,0,0,0
2009/01/28,0,0,0,0
2009/01/29,0,0,0,0
2009/01/30,0,0,0,0
2009/02/02,0,0,-3410000,-3410000
2009/02/03,0,900000,-5102000,-4202000
2009/02/04,0,1539000,-2413000,-874000
2009/02/05,0,1000,-700000,-699000
2009/02/06,0,11000,-800000,-789000
2009/02/09,0,576000,-2719000,-2143000
2009/02/10,0,71000,-8000,63000
2009/02/11,0,82000,-16000,66000
2009/02/12,0,802000,-546000,256000
2009/02/13,0,1300000,-299000,1001000
2009/02/16,0,74000,-1450000,-1376000
2009/02/17,0,1620000,-2590000,-970000
2009/02/18,0,109000,-16000,93000
2009/02/19,0,0,-2779000,-2779000
2009/02/20,0,0,-1730000,-1730000
2009/02/23,0,0,-17535000,-17535000
2009/02/24,0,440000,-7362000,-6922000
2009/02/25,0,3157000,-2324000,833000
2009/02/26,0,756000,-4463000,-3707000
2009/02/27,0,555000,-3283000,-2728000
2009/03/02,0,900000,-15544000,-14644000
2009/03/03,0,25000,-12712000,-12687000
2009/03/04,0,0,-5078000,-5078000
2009/03/05,0,913000,-3688000,-2775000
2009/03/06,0,620000,-48000,572000
2009/03/09,0,24000,-49000,-25000
2009/03/10,0,39000,-407000,-368000
2009/03/11,0,123000,-17000,106000
2009/03/12,0,55000,-2766000,-2711000
2009/03/13,0,730000,-180000,550000
2009/03/16,0,1550000,-12000,1538000
2009/03/17,0,838000,-282000,556000
2009/03/18,0,0,-74000,-74000
2009/03/19,0,3512000,-26000,3486000
2009/03/20,0,7836000,-12000,7824000
2009/03/23,0,70000,-4626000,-4556000
2009/03/24,0,683000,-298000,385000
2009/03/25,0,1300000,-18000,1282000
2009/03/26,0,707000,-1669000,-962000
2009/03/27,0,1837000,0,1837000
2009/03/30,0,150000,-683000,-533000
2009/03/31,0,402000,-26000,376000
2009/04/01,0,400000,0,400000
2009/04/02,0,9435000,-28000,9407000
2009/04/03,0,7590000,-408000,7182000
2009/04/06,0,1648000,-4016000,-2368000
2009/04/07,0,16000,-3317000,-3301000
2009/04/08,0,125000,-4405000,-4280000
2009/04/09,0,67000,-2839000,-2772000
2009/04/10,0,4417000,-104000,4313000
2009/04/13,0,4150000,-853000,3297000
2009/04/14,0,1593000,-69000,1524000
2009/04/15,0,1000000,-956000,44000
2009/04/16,0,1000000,-481000,519000
2009/04/17,0,730000,-140000,590000
2009/04/20,0,0,-3783000,-3783000
2009/04/21,0,0,-6264000,-6264000
2009/04/22,0,10000,-1903000,-1893000
2009/04/23,0,0,-1648000,-1648000
2009/04/24,0,10000,-203000,-193000
2009/04/27,0,911000,-6779000,-5868000
2009/04/28,0,6000,-572000,-566000
2009/04/29,0,18000,-197000,-179000
2009/04/30,0,80000,0,80000
2009/05/01,0,0,0,0
2009/05/04,0,400000,0,400000
2009/05/05,0,1520000,-11000,1509000
2009/05/06,0,5558000,-251000,5307000
2009/05/07,0,5352000,-2197000,3155000
2009/05/08,0,590000,-11000,579000
2009/05/11,0,5000,-878000,-873000
2009/05/12,0,7000,-300000,-293000
2009/05/13,0,1508000,-272000,1236000
2009/05/14,0,1921000,-907000,1014000
2009/05/15,0,146000,-1651000,-1505000
2009/05/18,0,1105000,-7000,1098000
2009/05/19,0,278000,-912000,-634000
2009/05/20,0,50000,-910000,-860000
2009/05/21,0,30000,-2957000,-2927000
2009/05/22,0,0,-1591000,-1591000
2009/05/25,0,85000,-2174000,-2089000
2009/05/26,0,85000,-415000,-330000
2009/05/27,0,149000,-137000,12000
2009/05/28,0,0,0,0
2009/05/29,0,0,0,0
2009/06/01,0,1649000,-1338000,311000
2009/06/02,0,1094000,-59000,1035000
2009/06/03,0,350000,-134000,216000
2009/06/04,0,1000000,-827000,173000
2009/06/05,0,700000,-2522000,-1822000
2009/06/08,0,2518000,-57000,2461000
2009/06/09,0,8000,-3629000,-3621000
2009/06/10,0,2625000,-927000,1698000
2009/06/11,0,25000,0,25000
2009/06/12,0,0,-988000,-988000
2009/06/15,0,16000,-2464000,-2448000
2009/06/16,0,33000,-296000,-263000
2009/06/17,0,3042000,-700000,2342000
2009/06/18,0,5868000,-765000,5103000
2009/06/19,0,6096000,0,6096000
2009/06/22,0,424000,0,424000
2009/06/23,0,764000,-21000,743000
2009/06/24,0,3342000,0,3342000
2009/06/25,0,4679000,0,4679000
2009/06/26,0,4249000,-450000,3799000
2009/06/29,0,564000,-400000,164000
2009/06/30,0,2340000,-600000,1740000
2009/07/01,0,940000,0,940000
2009/07/02,0,357000,-124000,233000
2009/07/03,0,850000,-35000,815000
2009/07/06,0,415000,-14000,401000
2009/07/07,0,9000,0,9000
2009/07/08,0,153000,-11000,142000
2009/07/09,0,2586000,0,2586000
2009/07/10,0,300000,-12000,288000
2009/07/13,0,0,-1127000,-1127000
2009/07/14,0,0,-443000,-443000
2009/07/15,0,0,-12000,-12000
2009/07/16,0,1087000,-46000,1041000
2009/07/17,0,0,-27000,-27000
2009/07/20,0,1126000,-77000,1049000
2009/07/21,0,830000,-202000,628000
2009/07/22,0,1255000,-8000,1247000
2009/07/23,0,0,-113000,-113000
2009/07/24,0,836000,-38000,798000
2009/07/27,0,71000,-806000,-735000
2009/07/28,0,700000,-7000,693000
2009/07/29,0,1868000,-41000,1827000
2009/07/30,0,980000,-303000,677000
2009/07/31,0,900000,-714000,186000
2009/08/03,0,250000,-296000,-46000
2009/08/04,0,456000,-21000,435000
2009/08/05,0,1800000,-376000,1424000
2009/08/06,0,0,-262000,-262000
2009/08/07,0,0,0,0
2009/08/10,0,23000,-48000,-25000
2009/08/11,0,11000,-5384000,-5373000
2009/08/12,0,200000,-8583000,-8383000
2009/08/13,0,0,-1974000,-1974000
2009/08/14,0,0,-432000,-432000
2009/08/17,0,0,-135000,-135000
2009/08/18,0,12000,-44000,-32000
2009/08/19,0,6000,0,6000
2009/08/20,0,17000,0,17000
2009/08/21,0,0,-1094000,-1094000
2009/08/24,0,1025000,-172000,853000
2009/08/25,0,800000,-207000,593000
2009/08/26,0,740000,0,740000
2009/08/27,0,25000,-20000,5000
2009/08/28,0,13000,-1707000,-1694000
2009/08/31,0,29000,-1600000,-1571000
2009/09/01,0,0,-6510000,-6510000
2009/09/02,0,0,0,0
2009/09/03,0,2990000,-1363000,1627000
2009/09/04,0,260000,-614000,-354000
2009/09/07,0,1859000,-454000,1405000
2009/09/08,0,600000,-2000000,-1400000
2009/09/09,0,61000,-119000,-58000
2009/09/10,0,804000,0,804000
2009/09/11,0,985000,0,985000
2009/09/14,0,750000,-606000,144000
2009/09/15,0,2328000,0,2328000
2009/09/16,0,532000,0,532000
2009/09/17,0,100000,0,100000
2009/09/18,0,0,-290000,-290000
2009/09/21,0,275000,-83000,192000
2009/09/22,0,340000,-244000,96000
2009/09/23,0,300000,-239000,61000
2009/09/24,0,0,0,0
2009/09/25,0,1100000,0,1100000
2009/09/28,0,259000,0,259000
2009/09/29,0,3726000,0,3726000
2009/09/30,0,4000000,0,4000000
2009/10/01,0,1770000,-1100000,670000
2009/10/02,0,2580000,0,2580000
2009/10/05,0,1235000,0,1235000
2009/10/06,0,2300000,-1517000,783000
2009/10/07,0,2050000,0,2050000
2009/10/08,0,270000,-1683000,-1413000
2009/10/09,0,770000,-149000,621000
2009/10/12,0,0,0,0
2009/10/13,0,13000,0,13000
2009/10/14,0,50000,-198000,-148000
2009/10/15,0,1350000,-2458000,-1108000
2009/10/16,0,0,-1232000,-1232000
2009/10/19,0,20000,-651000,-631000
2009/10/20,0,0,-150000,-150000
2009/10/21,0,36000,-464000,-428000
2009/10/22,0,0,-310000,-310000
2009/10/23,0,110000,-187000,-77000
2009/10/26,0,1039000,0,1039000
2009/10/27,0,310000,0,310000
2009/10/28,0,0,-5000,-5000
2009/10/29,0,6000,-3386000,-3380000
2009/10/30,0,0,-3793000,-3793000
2009/11/02,0,11000,0,11000
2009/11/03,0,66000,0,66000
2009/11/04,0,9000,0,9000
2009/11/05,0,11000,-179000,-168000
2009/11/06,0,4000,-561000,-557000
2009/11/09,0,1614000,0,1614000
2009/11/10,0,63000,-186000,-123000
2009/11/11,0,100000,-174000,-74000
2009/11/12,0,531000,-204000,327000
2009/11/13,0,200000,-258000,-58000
2009/11/16,0,492000,-1822000,-1330000
2009/11/17,0,58000,-2569000,-2511000
2009/11/18,0,355000,-486000,-131000
2009/11/19,0,1200000,-1117000,83000
2009/11/20,0,0,-4030000,-4030000
2009/11/23,0,700000,-3581000,-2881000
2009/11/24,0,0,-4412000,-4412000
2009/11/25,0,200000,-1106000,-906000
2009/11/26,0,0,0,0
2009/11/27,0,200000,-4830000,-4630000
2009/11/30,0,0,-848000,-848000
2009/12/01,0,0,-180000,-180000
2009/12/02,0,0,-480000,-480000
2009/12/03,0,29000,-183000,-154000
2009/12/04,0,0,-10000,-10000
2009/12/07,0,0,-107000,-107000
2009/12/08,0,0,-730000,-730000
2009/12/09,0,0,-38000,-38000
2009/12/10,0,0,-1282000,-1282000
2009/12/11,0,9000,-540000,-531000
2009/12/14,0,100000,-1369000,-1269000
2009/12/15,0,300000,0,300000
2009/12/16,0,0,-171000,-171000
2009/12/17,0,0,0,0
2009/12/18,0,0,-413000,-413000
2009/12/21,0,453000,0,453000
2009/12/22,0,408000,-948000,-540000
2009/12/23,0,0,-1521000,-1521000
2009/12/24,0,545000,0,545000
2009/12/25,0,0,-1550000,-1550000
2009/12/28,0,3098000,0,3098000
2009/12/29,0,1564000,0,1564000
2009/12/30,0,756000,-37000,719000
2009/12/31,0,388000,-216000,172000
2010/01/01,0,0,0,0
2010/01/04,0,1275000,-311000,964000
2010/01/05,0,434000,-95000,339000
2010/01/06,0,441000,0,441000
2010/01/07,0,250000,-358000,-108000
2010/01/08,0,100000,-196000,-96000
2010/01/11,0,1351000,0,1351000
2010/01/12,0,0,-49000,-49000
2010/01/13,0,2705000,-1000000,1705000
2010/01/14,0,0,-400000,-400000
2010/01/15,0,33000,-207000,-174000
2010/01/18,0,14000,-236000,-222000
2010/01/19,0,43000,-150000,-107000
2010/01/20,0,0,-157000,-157000
2010/01/21,0,598000,0,598000
2010/01/22,0,0,-258000,-258000
2010/01/25,0,17000,-1068000,-1051000
2010/01/26,0,0,-245000,-245000
2010/01/27,0,706000,-75000,631000
2010/01/28,0,34000,0,34000
2010/01/29,0,17000,-250000,-233000
2010/02/01,0,128000,0,128000
2010/02/02,0,88000,-80000,8000
2010/02/03,0,363000,-351000,12000
2010/02/04,0,44000,-141000,-97000
2010/02/05,0,188000,-1037000,-849000
2010/02/08,0,100000,-1270000,-1170000
2010/02/09,0,220000,-784000,-564000
2010/02/10,0,228000,0,228000
2010/02/11,0,0,0,0
2010/02/12,0,0,0,0
2010/02/15,0,0,0,0
2010/02/16,0,0,0,0
2010/02/17,0,0,0,0
2010/02/18,0,0,0,0
2010/02/19,0,0,0,0
2010/02/22,0,4383000,0,4383000
2010/02/23,0,527000,-10000,517000
2010/02/24,0,84000,0,84000
2010/02/25,0,607000,0,607000
2010/02/26,0,263000,-168000,95000
2010/03/01,0,1748000,0,1748000
2010/03/02,0,500000,0,500000
2010/03/03,0,950000,-2194000,-1244000
2010/03/04,0,101000,-9000,92000
2010/03/05,0,1299000,0,1299000
2010/03/08,0,24000,0,24000
2010/03/09,0,0,0,0
2010/03/10,0,319000,-14000,305000
2010/03/11,0,138000,-881000,-743000
2010/03/12,0,0,-156000,-156000
2010/03/15,0,0,-118000,-118000
2010/03/16,0,2000000,-151000,1849000
2010/03/17,0,1315000,-289000,1026000
2010/03/18,0,500000,-301000,199000
2010/03/19,0,2020000,-2382000,-362000
2010/03/22,0,1990000,-42000,1948000
2010/03/23,0,765000,-227000,538000
2010/03/24,0,510000,-260000,250000
2010/03/25,0,0,-736000,-736000
2010/03/26,0,0,-100000,-100000
2010/03/29,0,416000,0,416000
2010/03/30,0,200000,0,200000
2010/03/31,0,0,-283000,-283000
2010/04/01,0,100000,-15000,85000
2010/04/02,0,700000,-11000,689000
2010/04/05,0,0,0,0
2010/04/06,0,140000,-7000,133000
2010/04/07,0,0,0,0
2010/04/08,0,1022000,-1065000,-43000
2010/04/09,0,214000,-927000,-713000
2010/04/12,0,30000,-878000,-848000
2010/04/13,0,0,-273000,-273000
2010/04/14,0,0,-30000,-30000
2010/04/15,0,202000,-709000,-507000
2010/04/16,0,0,-363000,-363000
2010/04/19,0,0,-261779,-261779
2010/04/20,0,6000,-2005000,-1999000
2010/04/21,0,120000,0,120000
2010/04/22,0,0,-298000,-298000
2010/04/23,0,0,-20000,-20000
2010/04/26,0,237000,-900000,-663000
2010/04/27,0,200000,-6000,194000
2010/04/28,0,0,-82000,-82000
2010/04/29,0,0,-2125000,-2125000
2010/04/30,0,0,0,0
2010/05/03,0,420000,0,420000
2010/05/04,0,1111000,-22000,1089000
2010/05/05,0,210000,-57000,153000
2010/05/06,0,930000,-40000,890000
2010/05/07,0,694000,-40000,654000
2010/05/10,0,1145000,0,1145000
2010/05/11,0,281000,-45000,236000
2010/05/12,0,1480000,0,1480000
2010/05/13,0,361000,0,361000
2010/05/14,0,300000,-7000,293000
2010/05/17,0,0,-2000,-2000
2010/05/18,0,0,-500000,-500000
2010/05/19,0,0,-2000,-2000
2010/05/20,0,330000,-292000,38000
2010/05/21,0,0,0,0
2010/05/24,0,0,-9000,-9000
2010/05/25,0,5000,-480000,-475000
2010/05/26,0,640000,-203000,437000
2010/05/27,0,18000,-513000,-495000
2010/05/28,0,0,-129000,-129000
2010/05/31,0,0,-1389000,-1389000
2010/06/01,0,3000,-250000,-247000
2010/06/02,0,0,-1061000,-1061000
2010/06/03,0,617000,-517000,100000
2010/06/04,0,0,-39000,-39000
2010/06/07,0,0,-772000,-772000
2010/06/08,0,29000,-2000,27000
2010/06/09,0,0,-697000,-697000
2010/06/10,0,17000,-2000,15000
2010/06/11,0,1750000,-129000,1621000
2010/06/14,0,209000,0,209000
2010/06/15,0,0,-971000,-971000
2010/06/16,0,0,0,0
2010/06/17,0,0,-817000,-817000
2010/06/18,0,500000,-27000,473000
2010/06/21,0,293000,-500000,-207000
2010/06/22,0,30000,-507000,-477000
2010/06/23,0,0,-815000,-815000
2010/06/24,0,79000,-4000,75000
2010/06/25,0,303000,-111000,192000
2010/06/28,0,744000,0,744000
2010/06/29,0,209000,-50000,159000
2010/06/30,0,100000,-63000,37000
2010/07/01,0,230000,0,230000
2010/07/02,0,3006000,0,3006000
2010/07/05,0,0,-203000,-203000
2010/07/06,0,26000,-97000,-71000
2010/07/07,0,0,-100000,-100000
2010/07/08,0,333000,-392000,-59000
2010/07/09,0,100000,-70000,30000
2010/07/12,0,106000,0,106000
2010/07/13,0,0,-969000,-969000
2010/07/14,0,8000,-226000,-218000
2010/07/15,0,10000,-1333000,-1323000
2010/07/16,0,278000,-2323000,-2045000
2010/07/19,0,0,-123000,-123000
2010/07/20,0,0,-200000,-200000
2010/07/21,0,133000,-228000,-95000
2010/07/22,0,80000,-100000,-20000
2010/07/23,0,2000,-372000,-370000
2010/07/26,0,0,-463000,-463000
2010/07/27,0,52000,-1095000,-1043000
2010/07/28,0,0,0,0
2010/07/29,0,27000,-927000,-900000
2010/07/30,0,35000,-70000,-35000
2010/08/02,0,26000,-3644000,-3618000
2010/08/03,0,105000,-146000,-41000
2010/08/04,0,1000,-69000,-68000
2010/08/05,0,50000,-941000,-891000
2010/08/06,0,55000,-60000,-5000
2010/08/09,0,336000,-88000,248000
2010/08/10,0,215000,-100000,115000
2010/08/11,0,101000,-69000,32000
2010/08/12,0,230000,0,230000
2010/08/13,0,170000,-18000,152000
2010/08/16,0,259000,-84000,175000
2010/08/17,0,1171000,-17000,1154000
2010/08/18,0,0,-4304000,-4304000
2010/08/19,0,10000,-1338000,-1328000
2010/08/20,0,134000,-969000,-835000
2010/08/23,0,320000,-1413000,-1093000
2010/08/24,0,657000,-12000,645000
2010/08/25,0,1035000,-323000,712000
2010/08/26,0,830000,-605000,225000
2010/08/27,0,254000,-293000,-39000
2010/08/30,0,4439000,0,4439000
2010/08/31,0,574000,0,574000
2010/09/01,0,260000,0,260000
2010/09/02,0,753000,0,753000
2010/09/03,0,1041000,-400000,641000
2010/09/06,0,0,-396000,-396000
2010/09/07,0,14000,-310000,-296000
2010/09/08,0,0,-162000,-162000
2010/09/09,0,17000,-700000,-683000
2010/09/10,0,78000,0,78000
2010/09/13,0,1286000,-117000,1169000
2010/09/14,0,553000,-1000,552000
2010/09/15,0,119000,-110000,9000
2010/09/16,0,150000,-17000,133000
2010/09/17,0,70000,-409000,-339000
2010/09/20,0,0,-4000,-4000
2010/09/21,0,0,-54000,-54000
2010/09/22,0,0,0,0
2010/09/23,0,0,-557445,-557445
2010/09/24,0,0,-207745,-207745
2010/09/27,0,0,-5000,-5000
2010/09/28,0,43000,-179806,-136806
2010/09/29,0,0,-2837000,-2837000
2010/09/30,0,100000,-2067000,-1967000
2010/10/01,0,0,-485000,-485000
2010/10/04,0,233000,-1749195,-1516195
2010/10/05,0,0,-681000,-681000
2010/10/06,0,0,-19000,-19000
2010/10/07,0,804000,0,804000
2010/10/08,0,0,-1000,-1000
2010/10/11,0,0,-745000,-745000
2010/10/12,0,0,-2180867,-2180867
2010/10/13,0,198000,0,198000
2010/10/14,0,107000,-891871,-784871
2010/10/15,0,0,0,0
2010/10/18,0,0,-808930,-808930
2010/10/19,0,18000,-320000,-302000
2010/10/20,0,0,-261000,-261000
2010/10/21,0,2000000,-532978,1467022
2010/10/22,0,0,-1901957,-1901957
2010/10/25,0,131000,-5000,126000
2010/10/26,0,1352000,-55000,1297000
2010/10/27,0,546000,-1972983,-1426983
2010/10/28,0,269000,-2421000,-2152000
2010/10/29,0,661000,-1796000,-1135000
2010/11/01,0,0,-900000,-900000
2010/11/02,0,1202000,0,1202000
2010/11/03,0,0,-2805000,-2805000
2010/11/04,0,748000,-1000000,-252000
2010/11/05,0,1570000,0,1570000
2010/11/08,0,0,-605839,-605839
2010/11/09,0,87000,0,87000
2010/11/10,0,0,-267000,-267000
2010/11/11,0,10000,-1000000,-990000
2010/11/12,0,0,-2038886,-2038886
2010/11/15,0,0,-1066000,-1066000
2010/11/16,0,0,-13000,-13000
2010/11/17,0,0,0,0
2010/11/18,0,0,0,0
2010/11/19,0,0,-1500000,-1500000
2010/11/22,0,200000,-1091000,-891000
2010/11/23,0,0,0,0
2010/11/24,0,0,-1059989,-1059989
2010/11/25,0,0,-387000,-387000
2010/11/26,0,0,-1106000,-1106000
2010/11/29,0,0,-3282,-3282
2010/11/30,0,0,-2665000,-2665000
2010/12/01,0,0,-2015000,-2015000
2010/12/02,0,0,-404000,-404000
2010/12/03,0,0,-2151000,-2151000
2010/12/06,0,180000,-158000,22000
2010/12/07,0,9000,-239000,-230000
2010/12/08,0,6000,-12000,-6000
2010/12/09,0,595000,-6000,589000
2010/12/10,0,1030000,-192000,838000
2010/12/13,0,50000,-5000,45000
2010/12/14,0,9510000,-233000,9277000
2010/12/15,0,550000,-451000,99000
2010/12/16,0,160000,-279000,-119000
2010/12/17,0,0,-203493,-203493
2010/12/20,0,84000,-197000,-113000
2010/12/21,0,1053000,0,1053000
2010/12/22,0,416000,-200000,216000
2010/12/23,0,300000,-1000,299000
2010/12/24,0,520000,0,520000
2010/12/27,0,750000,-155946,594054
2010/12/28,0,0,-257000,-257000
2010/12/29,0,0,0,0
2010/12/30,0,208000,-75000,133000
2010/12/31,0,2172000,-1585000,587000
2011/01/03,0,1697000,-559000,1138000
2011/01/04,0,0,-41487,-41487
2011/01/05,0,0,-3714000,-3714000
2011/01/06,0,400000,-110000,290000
2011/01/07,0,200000,-1654000,-1454000
2011/01/10,0,0,-208000,-208000
2011/01/11,0,2290000,-288000,2002000
2011/01/12,0,0,-220781,-220781
2011/01/13,0,1574000,0,1574000
2011/01/14,0,0,-5000,-5000
2011/01/17,0,250000,0,250000
2011/01/18,0,0,-287000,-287000
2011/01/19,0,0,-818000,-818000
2011/01/20,0,50000,-281023,-231023
2011/01/21,0,0,-6000,-6000
2011/01/24,0,0,0,0
2011/01/25,0,20000,0,20000
2011/01/26,0,1250000,-325000,925000
2011/01/27,0,0,-703000,-703000
2011/01/28,0,720000,-13000,707000
2011/01/31,0,0,0,0
2011/02/01,0,0,0,0
2011/02/02,0,0,0,0
2011/02/03,0,0,0,0
2011/02/04,0,0,0,0
2011/02/07,0,0,0,0
2011/02/08,0,414000,-50000,364000
2011/02/09,0,20000,0,20000
2011/02/10,0,685000,-2003000,-1318000
2011/02/11,0,517000,-200000,317000
2011/02/14,0,6000,-500935,-494935
2011/02/15,0,12000,-50000,-38000
2011/02/16,0,21000,0,21000
2011/02/17,0,0,-100000,-100000
2011/02/18,0,115000,-250000,-135000
2011/02/21,0,10000,-77000,-67000
2011/02/22,0,573000,-857000,-284000
2011/02/23,0,87000,-35000,52000
2011/02/24,0,7000,-1400000,-1393000
2011/02/25,0,5000,-424983,-419983
2011/02/28,0,0,0,0
2011/03/01,0,0,-4478635,-4478635
2011/03/02,0,2000,0,2000
2011/03/03,0,0,-1167000,-1167000
2011/03/04,0,50000,0,50000
2011/03/07,0,10000,-36000,-26000
2011/03/08,0,260000,-1017000,-757000
2011/03/09,0,29000,-42000,-13000
2011/03/10,0,4150000,-202129,3947871
2011/03/11,0,127000,0,127000
2011/03/14,0,9000,-545000,-536000
2011/03/15,0,30000,-200000,-170000
2011/03/16,0,0,-117000,-117000
2011/03/17,0,23000,-450000,-427000
2011/03/18,0,0,-911681,-911681
2011/03/21,0,0,-940000,-940000
2011/03/22,0,0,-100000,-100000
2011/03/23,0,0,-260000,-260000
2011/03/24,0,11000,-75000,-64000
2011/03/25,0,100000,0,100000
2011/03/28,0,0,0,0
2011/03/29,0,0,-267000,-267000
2011/03/30,0,0,-384000,-384000
2011/03/31,0,0,-8000,-8000
2011/04/01,0,0,-1127000,-1127000
2011/04/04,0,0,0,0
2011/04/05,0,0,0,0
2011/04/06,0,5000,0,5000
2011/04/07,0,600000,-293000,307000
2011/04/08,0,0,-261232,-261232
2011/04/11,0,94000,-293000,-199000
2011/04/12,0,2112000,-9000,2103000
2011/04/13,0,1112000,-100000,1012000
2011/04/14,0,788000,-75000,713000
2011/04/15,0,1828000,-400000,1428000
2011/04/18,0,0,-50000,-50000
2011/04/19,0,1287000,0,1287000
2011/04/20,0,388000,0,388000
2011/04/21,0,901000,-29000,872000
2011/04/22,0,932000,0,932000
2011/04/25,0,1313000,-5000,1308000
2011/04/26,0,400000,-147000,253000
2011/04/27,0,2673000,-1039,2671961
2011/04/28,0,996000,-224000,772000
2011/04/29,0,50000,0,50000
2011/05/02,0,0,0,0
2011/05/03,0,725000,-2000,723000
2011/05/04,0,3596000,0,3596000
2011/05/05,0,1987000,-200000,1787000
2011/05/06,0,992000,-420857,571143
2011/05/09,0,502000,0,502000
2011/05/10,0,4534000,0,4534000
2011/05/11,0,985000,-100000,885000
2011/05/12,0,1842000,-54000,1788000
2011/05/13,0,1520000,-441000,1079000
2011/05/16,0,14000,0,14000
2011/05/17,0,700000,-50000,650000
2011/05/18,0,0,-400000,-400000
2011/05/19,0,1303000,-60000,1243000
2011/05/20,0,150000,-2000,148000
2011/05/23,0,0,-822000,-822000
2011/05/24,0,15000,-739000,-724000
2011/05/25,0,798000,-164000,634000
2011/05/26,0,3078000,0,3078000
2011/05/27,0,1761000,0,1761000
2011/05/30,0,753000,-850000,-97000
2011/05/31,0,100000,-1082000,-982000
2011/06/01,0,620000,-309000,311000
2011/06/02,0,803000,-30000,773000
2011/06/03,0,1900000,-80000,1820000
2011/06/06,0,0,0,0
2011/06/07,0,820000,0,820000
2011/06/08,0,366000,0,366000
2011/06/09,0,1135000,0,1135000
2011/06/10,0,0,0,0
2011/06/13,0,235000,0,235000
2011/06/14,0,457000,-366000,91000
2011/06/15,0,596000,-642000,-46000
2011/06/16,0,100000,0,100000
2011/06/17,0,997000,-720000,277000
2011/06/20,0,120000,-157000,-37000
2011/06/21,0,1099000,-1000,1098000
2011/06/22,0,2080000,0,2080000
2011/06/23,0,787000,0,787000
2011/06/24,0,1738000,-505000,1233000
2011/06/27,0,1862000,0,1862000
2011/06/28,0,123000,-60000,63000
2011/06/29,0,2545000,0,2545000
2011/06/30,0,761000,0,761000
2011/07/01,0,1522000,-800000,722000
2011/07/04,0,100000,-400000,-300000
2011/07/05,0,1643000,-188000,1455000
2011/07/06,0,735000,-2000,733000
2011/07/07,0,582000,-34000,548000
2011/07/08,0,1792000,-5000,1787000
2011/07/11,0,1295000,-333000,962000
2011/07/12,0,806000,-48000,758000
2011/07/13,0,176000,-100000,76000
2011/07/14,0,327000,0,327000
2011/07/15,0,209000,-648000,-439000
2011/07/18,0,1534000,-34000,1500000
2011/07/19,0,370000,0,370000
2011/07/20,0,1096000,-134000,962000
2011/07/21,0,6000,-143000,-137000
2011/07/22,0,120000,-1005674,-885674
2011/07/25,0,0,-854000,-854000
2011/07/26,0,98000,-503000,-405000
2011/07/27,0,30000,-2092000,-2062000
2011/07/28,0,361000,-835000,-474000
2011/07/29,0,0,-733000,-733000
2011/08/01,0,897000,-126000,771000
2011/08/02,0,229000,-737000,-508000
2011/08/03,0,186000,-648000,-462000
2011/08/04,0,160000,-54000,106000
2011/08/05,0,1517000,-66000,1451000
2011/08/08,0,179000,-1383000,-1204000
2011/08/09,0,622000,-1742166,-1120166
2011/08/10,0,249000,-868000,-619000
2011/08/11,0,260000,-67000,193000
2011/08/12,0,26000,-22486,3514
2011/08/15,0,280000,-556000,-276000
2011/08/16,0,229000,-10000,219000
2011/08/17,0,0,-26000,-26000
2011/08/18,0,1911000,-1055000,856000
2011/08/19,0,71000,-1521000,-1450000
2011/08/22,0,927000,-2000,925000
2011/08/23,0,918000,0,918000
2011/08/24,0,20000,0,20000
2011/08/25,0,0,-6389000,-6389000
2011/08/26,0,623000,-7379000,-6756000
2011/08/29,0,118000,-4696000,-4578000
2011/08/30,0,66000,-1860000,-1794000
2011/08/31,0,38000,-1038000,-1000000
2011/09/01,0,582000,-840000,-258000
2011/09/02,0,367000,-540000,-173000
2011/09/05,0,250000,-36000,214000
2011/09/06,0,1470000,-5484000,-4014000
2011/09/07,0,306000,-2255000,-1949000
2011/09/08,0,0,-5040000,-5040000
2011/09/09,0,113000,-2600000,-2487000
2011/09/12,0,0,0,0
2011/09/13,0,51000,-2641921,-2590921
2011/09/14,0,20000,-1539000,-1519000
2011/09/15,0,273000,-987000,-714000
2011/09/16,0,455000,-1927000,-1472000
2011/09/19,0,101000,-3766000,-3665000
2011/09/20,0,125000,-1076000,-951000
2011/09/21,0,30000,-321860,-291860
2011/09/22,0,0,-560000,-560000
2011/09/23,0,12000,-4242000,-4230000
2011/09/26,0,127000,-4190000,-4063000
2011/09/27,0,78000,-261000,-183000
2011/09/28,0,500000,-852424,-352424
2011/09/29,0,1238000,-1233000,5000
2011/09/30,0,2503000,-235000,2268000
2011/10/03,0,1119000,-4396696,-3277696
2011/10/04,0,32000,-1887404,-1855404
2011/10/05,0,43000,-431471,-388471
2011/10/06,0,168000,-3859238,-3691238
2011/10/07,0,2153000,0,2153000
2011/10/10,0,0,0,0
2011/10/11,0,3315000,-1230963,2084037
2011/10/12,0,0,-565923,-565923
2011/10/13,0,428000,0,428000
2011/10/14,0,149000,-1293803,-1144803
2011/10/17,0,0,-1203629,-1203629
2011/10/18,0,12017,-404560,-392543
2011/10/19,0,0,0,0
2011/10/20,0,0,0,0
2011/10/21,0,0,-855000,-855000
2011/10/24,0,1612000,-4297,1607703
2011/10/25,0,3445000,0,3445000
2011/10/26,0,1665000,0,1665000
2011/10/27,0,1287000,-1130674,156326
2011/10/28,0,2689000,-556961,2132039
2011/10/31,0,152000,-2624194,-2472194
2011/11/01,0,105000,-30000,75000
2011/11/02,0,20000,-1203000,-1183000
2011/11/03,0,54000,-2292087,-2238087
2011/11/04,0,875000,-1019960,-144960
2011/11/07,0,0,-154000,-154000
2011/11/08,0,177000,-235980,-58980
2011/11/09,0,0,-1537219,-1537219
2011/11/10,0,5000,-947972,-942972
2011/11/11,0,402000,-189893,212107
2011/11/14,0,808000,-1810813,-1002813
2011/11/15,0,0,-4476737,-4476737
2011/11/16,0,0,-2297000,-2297000
2011/11/17,0,11000,-2974000,-2963000
2011/11/18,0,67000,-1258000,-1191000
2011/11/21,0,528000,0,528000
2011/11/22,0,1062000,-195000,867000
2011/11/23,0,175000,0,175000
2011/11/24,0,699000,-1512907,-813907
2011/11/25,0,107000,-68000,39000
2011/11/28,0,10000,-68000,-58000
2011/11/29,0,11000,0,11000
2011/11/30,0,7000,-78000,-71000
2011/12/01,0,1345000,-184904,1160096
2011/12/02,0,1360000,-415663,944337
2011/12/05,0,220000,-108000,112000
2011/12/06,0,0,0,0
2011/12/07,0,68000,0,68000
2011/12/08,0,508000,0,508000
2011/12/09,0,10000,-188051,-178051
2011/12/12,0,0,-2696397,-2696397
2011/12/13,0,0,-925,-925
2011/12/14,0,400000,-237000,163000
2011/12/15,0,0,-125000,-125000
2011/12/16,0,505000,-1102000,-597000
2011/12/19,0,583000,-1787823,-1204823
2011/12/20,0,411000,-4110460,-3699460
2011/12/21,0,98000,0,98000
2011/12/22,0,1107000,0,1107000
2011/12/23,0,2536000,-298000,2238000
2011/12/26,0,3133000,-1115000,2018000
2011/12/27,0,1018000,-345000,673000
2011/12/28,0,127000,-143449,-16449
2011/12/29,0,117000,-46,116954
2011/12/30,0,397000,-19000,378000
2012/01/02,0,35000,-420000,-385000
2012/01/03,0,10000,-988000,-978000
2012/01/04,0,262000,0,262000
2012/01/05,0,220130,-46000,174130
2012/01/06,0,237000,-295000,-58000
2012/01/09,0,0,-649459,-649459
2012/01/10,0,10000,-5000,5000
2012/01/11,0,323000,-1216000,-893000
2012/01/12,0,5000,-333000,-328000
2012/01/13,0,0,-2104427,-2104427
2012/01/16,0,0,-4905018,-4905018
2012/01/17,0,0,-1242891,-1242891
2012/01/18,0,0,-3817000,-3817000
2012/01/19,0,0,0,0
2012/01/20,0,0,0,0
2012/01/23,0,0,0,0
2012/01/24,0,0,0,0
2012/01/25,0,0,0,0
2012/01/26,0,0,0,0
2012/01/27,0,0,0,0
2012/01/30,0,0,-2490951,-2490951
2012/01/31,0,1525000,-154000,1371000
2012/02/01,0,5220000,-624774,4595226
2012/02/02,0,6637000,-36000,6601000
2012/02/03,0,5287000,-555000,4732000
2012/02/06,0,3892000,-174000,3718000
2012/02/07,0,646000,-115000,531000
2012/02/08,0,1105000,-17000,1088000
2012/02/09,0,822000,-444550,377450
2012/02/10,0,734000,-450000,284000
2012/02/13,0,0,0,0
2012/02/14,0,0,-133000,-133000
2012/02/15,0,107000,-26000,81000
2012/02/16,0,46000,-307000,-261000
2012/02/17,0,29000,-450000,-421000
2012/02/20,0,30000,-11000,19000
2012/02/21,0,29000,-492000,-463000
2012/02/22,0,100000,-926450,-826450
2012/02/23,0,30000,-59000,-29000
2012/02/24,0,100000,-41041,58959
2012/02/27,0,0,0,0
2012/02/28,0,0,0,0
2012/02/29,0,445000,-204000,241000
2012/03/01,0,0,-522000,-522000
2012/03/02,0,716000,-451000,265000
2012/03/05,0,29000,-202000,-173000
2012/03/06,0,0,-1064000,-1064000
2012/03/07,0,29000,-10000,19000
2012/03/08,0,840795,-19000,821795
2012/03/09,0,0,-460000,-460000
2012/03/12,0,0,-622038,-622038
2012/03/13,0,1290000,-240000,1050000
2012/03/14,0,720000,-237000,483000
2012/03/15,0,100000,-229000,-129000
2012/03/16,0,0,-267000,-267000
2012/03/19,0,228000,-15000,213000
2012/03/20,0,0,-736000,-736000
2012/03/21,0,0,-154000,-154000
2012/03/22,0,0,-742000,-742000
2012/03/23,0,0,-372000,-372000
2012/03/26,0,0,-605000,-605000
2012/03/27,0,0,-34000,-34000
2012/03/28,0,0,-360000,-360000
2012/03/29,0,0,0,0
2012/03/30,0,95000,-324000,-229000
2012/04/02,0,0,-924000,-924000
2012/04/03,0,0,-2500000,-2500000
2012/04/04,0,0,0,0
2012/04/05,0,6753,-3754000,-3747247
2012/04/06,0,484000,-2978000,-2494000
2012/04/09,0,300000,-18000,282000
2012/04/10,0,0,0,0
2012/04/11,0,0,0,0
2012/04/12,0,0,-1000,-1000
2012/04/13,0,31000,-611000,-580000
2012/04/16,0,9000,-320000,-311000
2012/04/17,0,0,0,0
2012/04/18,0,0,-4545000,-4545000
2012/04/19,0,0,0,0
2012/04/20,0,29000,-1264000,-1235000
2012/04/23,0,4000,0,4000
2012/04/24,0,20000,-85000,-65000
2012/04/25,0,0,0,0
2012/04/26,0,0,0,0
2012/04/27,0,0,-1562000,-1562000
2012/04/30,0,0,-365477,-365477
2012/05/01,0,0,0,0
2012/05/02,0,64000,-273000,-209000
2012/05/03,0,0,-3775,-3775
2012/05/04,0,31000,-475475,-444475
2012/05/07,0,0,-1,-1
2012/05/08,0,0,0,0
2012/05/09,0,0,0,0
2012/05/10,0,0,-63517,-63517
2012/05/11,0,31000,0,31000
2012/05/14,0,223000,0,223000
2012/05/15,0,48000,-225893,-177893
2012/05/16,0,35000,-877000,-842000
2012/05/17,0,266000,-1485000,-1219000
2012/05/18,0,28000,-1363399,-1335399
2012/05/21,0,0,0,0
2012/05/22,0,241000,0,241000
2012/05/23,0,0,-1169000,-1169000
2012/05/24,0,0,-1846000,-1846000
2012/05/25,0,0,0,0
2012/05/28,0,1000,0,1000
2012/05/29,0,585000,0,585000
2012/05/30,0,0,-123683,-123683
2012/05/31,0,960000,-101000,859000
2012/06/01,0,33000,-2000,31000
2012/06/04,0,26000,-540000,-514000
2012/06/05,0,26000,-160000,-134000
2012/06/06,0,0,-733000,-733000
2012/06/07,0,199000,-50000,149000
2012/06/08,0,390000,0,390000
2012/06/11,0,418000,0,418000
2012/06/12,0,417000,0,417000
2012/06/13,0,163000,0,163000
2012/06/14,0,102000,-278000,-176000
2012/06/15,0,144000,-344000,-200000
2012/06/18,0,220000,-54497,165503
2012/06/19,0,0,-388230,-388230
2012/06/20,0,75000,0,75000
2012/06/21,0,489000,0,489000
2012/06/22,0,0,0,0
2012/06/25,0,0,-75000,-75000
2012/06/26,0,0,-1050086,-1050086
2012/06/27,0,0,0,0
2012/06/28,0,0,-26000,-26000
2012/06/29,0,30000,0,30000
2012/07/02,0,743000,-14000,729000
2012/07/03,0,149000,0,149000
2012/07/04,0,57000,0,57000
2012/07/05,0,8000,-7000,1000
2012/07/06,0,0,-24000,-24000
2012/07/09,0,0,-110000,-110000
2012/07/10,0,3000,0,3000
2012/07/11,0,133000,-304000,-171000
2012/07/12,0,0,-303000,-303000
2012/07/13,0,0,-253176,-253176
2012/07/16,0,355000,-113000,242000
2012/07/17,0,54000,0,54000
2012/07/18,0,290000,-8000,282000
2012/07/19,0,3000,-37000,-34000
2012/07/20,0,150000,0,150000
2012/07/23,0,0,-52000,-52000
2012/07/24,0,1000,-150000,-149000
2012/07/25,0,1699000,-219810,1479190
2012/07/26,0,1829000,0,1829000
2012/07/27,0,198000,0,198000
2012/07/30,0,1500000,-58000,1442000
2012/07/31,0,1227000,0,1227000
2012/08/01,0,1404000,0,1404000
2012/08/02,0,0,0,0
2012/08/03,0,500000,-7000,493000
2012/08/06,0,10000,-8000,2000
2012/08/07,0,204000,-277000,-73000
2012/08/08,0,1004000,-66992,937008
2012/08/09,0,305000,-37000,268000
2012/08/10,0,1043000,-821955,221045
2012/08/13,0,0,-35000,-35000
2012/08/14,0,65000,0,65000
2012/08/15,0,1228000,-67000,1161000
2012/08/16,0,0,-21000,-21000
2012/08/17,0,5884,-219000,-213116
2012/08/20,0,0,-36000,-36000
2012/08/21,0,0,-5000,-5000
2012/08/22,0,0,-8000,-8000
2012/08/23,0,5000,-141000,-136000
2012/08/24,0,0,-20000,-20000
2012/08/27,0,4000,-207000,-203000
2012/08/28,0,1000,-2000,-1000
2012/08/29,0,30000,-207000,-177000
2012/08/30,0,0,-682000,-682000
2012/08/31,0,34000,-88000,-54000
2012/09/03,0,0,-12000,-12000
2012/09/04,0,145000,-1143839,-998839
2012/09/05,0,109000,-5000,104000
2012/09/06,0,11000,0,11000
2012/09/07,0,38000,-6000,32000
2012/09/10,0,0,0,0
2012/09/11,0,0,0,0
2012/09/12,0,13000,0,13000
2012/09/13,0,5000,0,5000
2012/09/14,0,4000,0,4000
2012/09/17,0,1249000,0,1249000
2012/09/18,0,0,-177000,-177000
2012/09/19,0,541000,-1047000,-506000
2012/09/20,0,90000,-1156000,-1066000
2012/09/21,0,625000,-106000,519000
2012/09/24,0,3000,-36680,-33680
2012/09/25,0,0,0,0
2012/09/26,0,1180000,-1206785,-26785
2012/09/27,0,3000,-40000,-37000
2012/09/28,0,6000,-31000,-25000
2012/10/01,0,3000,0,3000
2012/10/02,0,680000,-1000,679000
2012/10/03,0,477000,0,477000
2012/10/04,0,2222000,0,2222000
2012/10/05,0,3653000,-41000,3612000
2012/10/08,0,2356000,0,2356000
2012/10/09,0,2142000,0,2142000
2012/10/10,0,0,0,0
2012/10/11,0,7000,0,7000
2012/10/12,0,45000,-4000,41000
2012/10/15,0,564000,-85972,478028
2012/10/16,0,45000,-3000,42000
2012/10/17,0,51000,0,51000
2012/10/18,0,56000,-88000,-32000
2012/10/19,0,483000,-53000,430000
2012/10/22,0,0,0,0
2012/10/23,0,25000,-90000,-65000
2012/10/24,0,357000,-18000,339000
2012/10/25,0,0,-64000,-64000
2012/10/26,0,192000,-141683,50317
2012/10/29,0,190388,-1058000,-867612
2012/10/30,0,30000,0,30000
2012/10/31,0,0,-11000,-11000
2012/11/01,0,0,-1000,-1000
2012/11/02,0,11000,-34000,-23000
2012/11/05,0,3152000,-13000,3139000
2012/11/06,0,2030000,-482795,1547205
2012/11/07,0,732000,0,732000
2012/11/08,0,35000,-1000,34000
2012/11/09,0,479000,0,479000
2012/11/12,0,1535000,0,1535000
2012/11/13,0,124000,-2065000,-1941000
2012/11/14,0,1344000,0,1344000
2012/11/15,0,0,-378000,-378000
2012/11/16,0,0,-700000,-700000
2012/11/19,0,0,0,0
2012/11/20,0,488000,0,488000
2012/11/21,0,825000,0,825000
2012/11/22,0,1006000,-2939000,-1933000
2012/11/23,0,775000,0,775000
2012/11/26,0,468000,-2000,466000
2012/11/27,0,260000,-237000,23000
2012/11/28,0,685000,-12000,673000
2012/11/29,0,0,-4000,-4000
2012/11/30,0,3440000,-310000,3130000
2012/12/03,0,706000,-6000,700000
2012/12/04,0,468000,-2017000,-1549000
2012/12/05,0,365000,-14000,351000
2012/12/06,0,0,-8000,-8000
2012/12/07,0,1446000,-5000,1441000
2012/12/10,0,292000,-98000,194000
2012/12/11,0,0,0,0
2012/12/12,0,955000,0,955000
2012/12/13,0,157000,-15000,142000
2012/12/14,0,75000,-11000,64000
2012/12/17,0,4114000,-35000,4079000
2012/12/18,0,200000,-38000,162000
2012/12/19,0,3186000,-400000,2786000
2012/12/20,0,1251000,-403000,848000
2012/12/21,0,370000,-1767000,-1397000
2012/12/24,0,953000,0,953000
2012/12/25,0,953000,-140000,813000
2012/12/26,0,964000,0,964000
2012/12/27,0,2564000,0,2564000
2012/12/28,0,448000,0,448000
2012/12/31,0,0,0,0
2013/01/01,0,0,0,0
2013/01/02,0,1421000,0,1421000
2013/01/03,0,2060000,-13000,2047000
2013/01/04,0,434000,-27000,407000
2013/01/07,0,190000,-135000,55000
2013/01/08,0,1589000,-11000,1578000
2013/01/09,0,5238000,-44000,5194000
2013/01/10,0,7425000,-50479,7374521
2013/01/11,0,4024000,-1751173,2272827
2013/01/14,0,1507000,0,1507000
2013/01/15,0,854000,-223000,631000
2013/01/16,0,135000,-127000,8000
2013/01/17,0,1263733,-224000,1039733
2013/01/18,0,2712000,-594000,2118000
2013/01/21,0,497000,-65000,432000
2013/01/22,0,250000,-70000,180000
2013/01/23,0,946000,-10000,936000
2013/01/24,0,696000,-731000,-35000
2013/01/25,0,2870000,-211000,2659000
2013/01/28,0,410000,0,410000
2013/01/29,0,1025000,-493000,532000
2013/01/30,0,778000,-260000,518000
2013/01/31,0,1295000,-200000,1095000
2013/02/01,0,2250000,0,2250000
2013/02/04,0,5592000,-842000,4750000
2013/02/05,0,5652000,-239000,5413000
2013/02/06,0,1657000,-40000,1617000
2013/02/07,0,0,0,0
2013/02/08,0,0,0,0
2013/02/11,0,0,0,0
2013/02/12,0,0,0,0
2013/02/13,0,0,0,0
2013/02/14,0,0,0,0
2013/02/15,0,0,0,0
2013/02/18,0,2721000,-166000,2555000
2013/02/19,0,253000,-599000,-346000
2013/02/20,0,61000,0,61000
2013/02/21,0,210000,-783000,-573000
2013/02/22,0,797000,-135000,662000
2013/02/25,0,1162000,-3000,1159000
2013/02/26,0,1368000,-6000,1362000
2013/02/27,0,526000,0,526000
2013/02/28,0,0,0,0
2013/03/01,0,1036000,0,1036000
2013/03/04,0,160000,-967377,-807377
2013/03/05,0,1303000,-50000,1253000
2013/03/06,0,160000,-8000,152000
2013/03/07,0,500000,-2000,498000
2013/03/08,0,5229000,-266000,4963000
2013/03/11,0,1530000,-59000,1471000
2013/03/12,0,292000,-386000,-94000
2013/03/13,0,440000,-1402000,-962000
2013/03/14,0,1916000,-59000,1857000
2013/03/15,0,2902000,-48000,2854000
2013/03/18,0,140000,-1431000,-1291000
2013/03/19,0,163000,-610000,-447000
2013/03/20,0,723000,-1000000,-277000
2013/03/21,0,115000,-320000,-205000
2013/03/22,0,55000,-89000,-34000
2013/03/25,0,136000,0,136000
2013/03/26,0,250000,-100000,150000
2013/03/27,0,238000,-117000,121000
2013/03/28,0,100000,-42000,58000
2013/03/29,0,55000,-21000,34000
2013/04/01,0,0,-995996,-995996
2013/04/02,0,0,-2887000,-2887000
2013/04/03,0,0,-4485000,-4485000
2013/04/04,0,0,0,0
2013/04/05,0,0,0,0
2013/04/08,0,0,-2045000,-2045000
2013/04/09,0,300000,-1169000,-869000
2013/04/10,0,1754000,0,1754000
2013/04/11,0,515000,-640000,-125000
2013/04/12,0,740000,-460000,280000
2013/04/15,0,160000,-37000,123000
2013/04/16,0,150000,-1610000,-1460000
2013/04/17,0,0,-571000,-571000
2013/04/18,0,135000,-727000,-592000
2013/04/19,0,422000,-315033,106967
2013/04/22,0,550000,-166000,384000
2013/04/23,0,310000,-441000,-131000
2013/04/24,0,1765000,-40000,1725000
2013/04/25,0,279000,-615000,-336000
2013/04/26,0,284000,-419993,-135993
2013/04/29,0,0,-607000,-607000
2013/04/30,0,345000,-457000,-112000
2013/05/01,0,0,0,0
2013/05/02,0,0,-749000,-749000
2013/05/03,0,0,-401000,-401000
2013/05/06,0,2000,-3157000,-3155000
2013/05/07,0,0,-3994000,-3994000
2013/05/08,0,115000,-1969000,-1854000
2013/05/09,0,20000,-1809000,-1789000
2013/05/10,0,0,-1803000,-1803000
2013/05/13,0,300000,-901000,-601000
2013/05/14,0,0,-236000,-236000
2013/05/15,0,44000,-804000,-760000
2013/05/16,0,795000,0,795000
2013/05/17,0,140000,-653000,-513000
2013/05/20,0,0,-398000,-398000
2013/05/21,0,20000,-383000,-363000
2013/05/22,0,0,-3106000,-3106000
2013/05/23,0,0,-5200000,-5200000
2013/05/24,0,0,-1963000,-1963000
2013/05/27,0,0,-701000,-701000
2013/05/28,0,250000,-1962000,-1712000
2013/05/29,0,176000,-746000,-570000
2013/05/30,0,56000,-2206000,-2150000
2013/05/31,0,202000,-3006000,-2804000
2013/06/03,0,280000,-1130000,-850000
2013/06/04,0,1000,-2265000,-2264000
2013/06/05,0,770000,-1260037,-490037
2013/06/06,0,0,-100000,-100000
2013/06/07,0,349000,-4000,345000
2013/06/10,0,0,-60000,-60000
2013/06/11,0,73000,-1000000,-927000
2013/06/12,0,0,0,0
2013/06/13,0,250000,-58000,192000
2013/06/14,0,30000,-25000,5000
2013/06/17,0,0,0,0
2013/06/18,0,160000,-7000,153000
2013/06/19,0,200000,-905000,-705000
2013/06/20,0,0,-176000,-176000
2013/06/21,0,4000,-455000,-451000
2013/06/24,0,33000,-303000,-270000
2013/06/25,0,1300000,0,1300000
2013/06/26,0,10000,-14000,-4000
2013/06/27,0,314000,0,314000
2013/06/28,0,651000,-70000,581000
2013/07/01,0,0,-9000,-9000
2013/07/02,0,71000,-712,70288
2013/07/03,0,186000,-2413000,-2227000
2013/07/04,0,671000,-2020000,-1349000
2013/07/05,0,869000,-155000,714000
2013/07/08,0,152000,-300000,-148000
2013/07/09,0,614000,0,614000
2013/07/10,0,855000,0,855000
2013/07/11,0,977000,-20734,956266
2013/07/12,0,2482000,0,2482000
2013/07/15,0,1559000,-223000,1336000
2013/07/16,0,1216000,-100000,1116000
2013/07/17,0,137000,-51000,86000
2013/07/18,0,692000,-45000,647000
2013/07/19,0,565000,0,565000
2013/07/22,0,510000,0,510000
2013/07/23,0,513000,-15000,498000
2013/07/24,0,833000,-128000,705000
2013/07/25,0,1000,-315000,-314000
2013/07/26,0,50000,0,50000
2013/07/29,0,600000,0,600000
2013/07/30,0,1565000,-50000,1515000
2013/07/31,0,586000,-5000,581000
2013/08/01,0,1169000,-1000,1168000
2013/08/02,0,718000,0,718000
2013/08/05,0,170000,-53000,117000
2013/08/06,0,338000,-452000,-114000
2013/08/07,0,13000,-100000,-87000
2013/08/08,0,1500000,-100000,1400000
2013/08/09,0,82000,-30000,52000
2013/08/12,0,7000,-20000,-13000
2013/08/13,0,1450000,-500000,950000
2013/08/14,0,32000,-240000,-208000
2013/08/15,0,3020000,-405000,2615000
2013/08/16,0,2348000,-510000,1838000
2013/08/19,0,1068000,-200000,868000
2013/08/20,0,1047000,-300000,747000
2013/08/21,0,0,0,0
2013/08/22,0,12000,0,12000
2013/08/23,0,302000,-350000,-48000
2013/08/26,0,43000,-600000,-557000
2013/08/27,0,510000,-700000,-190000
2013/08/28,0,75000,-825000,-750000
2013/08/29,0,10000,-400000,-390000
2013/08/30,0,75000,-159000,-84000
2013/09/02,0,0,-210000,-210000
2013/09/03,0,598644,0,598644
2013/09/04,0,0,0,0
2013/09/05,0,0,-854000,-854000
2013/09/06,0,12000,-200000,-188000
2013/09/09,0,20000,-704000,-684000
2013/09/10,0,39000,-3665000,-3626000
2013/09/11,0,36000,-60000,-24000
2013/09/12,0,51000,-548000,-497000
2013/09/13,0,253000,-6000,247000
2013/09/16,0,5000,-109000,-104000
2013/09/17,0,0,0,0
2013/09/18,0,3340000,-42000,3298000
2013/09/19,0,0,0,0
2013/09/20,0,0,0,0
2013/09/23,0,0,-4000,-4000
2013/09/24,0,271000,-261000,10000
2013/09/25,0,0,-169000,-169000
2013/09/26,0,4000,-2000,2000
2013/09/27,0,0,0,0
2013/09/30,0,5000,-48000,-43000
2013/10/01,0,82000,-2000,80000
2013/10/02,0,125000,-445000,-320000
2013/10/03,0,111000,-1800000,-1689000
2013/10/04,0,441000,-4000,437000
2013/10/07,0,24000,-5000,19000
2013/10/08,0,480000,0,480000
2013/10/09,0,1461000,0,1461000
2013/10/10,0,0,0,0
2013/10/11,0,468000,-2000,466000
2013/10/14,0,0,0,0
2013/10/15,0,108000,-9000,99000
2013/10/16,0,63000,-94000,-31000
2013/10/17,0,1000,-233000,-232000
2013/10/18,0,0,-1452000,-1452000
2013/10/21,0,0,-129000,-129000
2013/10/22,0,0,-1010000,-1010000
2013/10/23,0,0,-2259000,-2259000
2013/10/24,0,1000,-2166000,-2165000
2013/10/25,0,0,-760000,-760000
2013/10/28,0,0,-548000,-548000
2013/10/29,0,0,-210000,-210000
2013/10/30,0,0,-15000,-15000
2013/10/31,0,0,-106000,-106000
2013/11/01,0,0,-20000,-20000
2013/11/04,0,0,-2715000,-2715000
2013/11/05,0,0,-1500000,-1500000
2013/11/06,0,0,-3407000,-3407000
2013/11/07,0,0,-3584000,-3584000
2013/11/08,0,0,0,0
2013/11/11,0,0,-557000,-557000
2013/11/12,0,0,-243000,-243000
2013/11/13,0,919000,-1109000,-190000
2013/11/14,0,232000,-827000,-595000
2013/11/15,0,0,-1671000,-1671000
2013/11/18,0,0,-264801,-264801
2013/11/19,0,237000,0,237000
2013/11/20,0,0,-35391,-35391
2013/11/21,0,0,-82000,-82000
2013/11/22,0,0,0,0
2013/11/25,0,495000,-2547,492453
2013/11/26,0,241000,-115000,126000
2013/11/27,0,0,-127000,-127000
2013/11/28,0,0,-8000,-8000
2013/11/29,0,563000,-26000,537000
2013/12/02,0,319000,-116000,203000
2013/12/03,0,0,-84000,-84000
2013/12/04,0,0,-5000,-5000
2013/12/05,0,0,-368000,-368000
2013/12/06,0,0,-68000,-68000
2013/12/09,0,0,-147000,-147000
2013/12/10,0,0,0,0
2013/12/11,0,0,-150000,-150000
2013/12/12,0,287000,-12000,275000
2013/12/13,0,335000,-3000,332000
2013/12/16,0,292000,-1333000,-1041000
2013/12/17,0,303000,-1056000,-753000
2013/12/18,0,294000,-473000,-179000
2013/12/19,0,123000,-450949,-327949
2013/12/20,0,67000,-27000,40000
2013/12/23,0,0,-305000,-305000
2013/12/24,0,1586000,-38000,1548000
2013/12/25,0,51000,-31000,20000
2013/12/26,0,86000,-2000,84000
2013/12/27,0,106000,0,106000
2013/12/30,0,0,-23000,-23000
2013/12/31,0,535000,-12000,523000
2014/01/02,0,290000,-48000,242000
2014/01/03,0,463000,-2162000,-1699000
2014/01/06,0,0,-400000,-400000
2014/01/07,0,177000,-595000,-418000
2014/01/08,0,2000,-1050000,-1048000
2014/01/09,0,190000,-202000,-12000
2014/01/10,0,140000,-122000,18000
2014/01/13,0,191000,-100000,91000
2014/01/14,0,105000,-72000,33000
2014/01/15,0,0,-517000,-517000
2014/01/16,0,0,-121000,-121000
2014/01/17,0,42000,-5000,37000
2014/01/20,0,103000,0,103000
2014/01/21,0,130000,-102000,28000
2014/01/22,0,120000,-24000,96000
2014/01/23,0,175000,-13000,162000
2014/01/24,0,0,-942000,-942000
2014/01/27,0,0,-434000,-434000
2014/02/05,0,0,-788000,-788000
2014/02/06,0,0,-118000,-118000
2014/02/07,0,0,-1295000,-1295000
2014/02/10,0,9000,-1301000,-1292000
2014/02/11,0,120000,-974000,-854000
2014/02/12,0,0,-586000,-586000
2014/02/13,0,996420,-154000,842420
2014/02/14,0,0,-273000,-273000
2014/02/17,0,0,-1000000,-1000000
2014/02/18,0,0,-972000,-972000
2014/02/19,0,996000,-865000,131000
2014/02/20,0,221000,-701830,-480830
2014/02/21,0,0,-359000,-359000
2014/02/24,0,0,-2819000,-2819000
2014/02/25,0,0,-2533485,-2533485
2014/02/26,0,597000,-1192000,-595000
2014/02/27,0,0,-1250000,-1250000
2014/03/03,0,300000,-3407433,-3107433
2014/03/04,0,0,-90000,-90000
2014/03/05,0,1000,-105000,-104000
2014/03/06,0,0,-154000,-154000
2014/03/07,0,0,-64000,-64000
2014/03/10,0,1200000,-1520000,-320000
2014/03/11,0,0,-227000,-227000
2014/03/12,0,0,-704,-704
2014/03/13,0,0,-158000,-158000
2014/03/14,0,100000,-28000,72000
2014/03/17,0,0,-771000,-771000
2014/03/18,0,715000,-1000,714000
2014/03/19,0,377000,-100000,277000
2014/03/20,0,0,-368000,-368000
2014/03/21,0,0,-176000,-176000
2014/03/24,0,0,-310000,-310000
2014/03/25,0,2200000,-650871,1549129
2014/03/26,0,0,-1791000,-1791000
2014/03/27,0,30000,-1799000,-1769000
2014/03/28,0,0,-212000,-212000
2014/03/31,0,0,-1000000,-1000000
2014/04/01,0,150000,-76000,74000
2014/04/02,0,0,0,0
2014/04/03,0,80000,-876000,-796000
2014/04/07,0,0,-246000,-246000
2014/04/08,0,0,-24000,-24000
2014/04/09,0,0,0,0
2014/04/10,0,20114,0,20114
2014/04/11,0,50000,0,50000
2014/04/14,0,500000,0,500000
2014/04/15,0,624000,0,624000
2014/04/16,0,0,-1635000,-1635000
2014/04/17,0,0,-391000,-391000
2014/04/18,0,24000,-1004000,-980000
2014/04/21,0,0,-32000,-32000
2014/04/22,0,0,-1415000,-1415000
2014/04/23,0,49000,-1603000,-1554000
2014/04/24,0,106000,-3774000,-3668000
2014/04/25,0,0,-1481000,-1481000
2014/04/28,0,150000,-1921000,-1771000
2014/04/29,0,100000,-1245602,-1145602
2014/04/30,0,150000,-23000,127000
2014/05/02,0,150000,-214000,-64000
2014/05/05,0,100000,0,100000
2014/05/06,0,1350000,-1641000,-291000
2014/05/07,0,358000,0,358000
2014/05/08,0,354000,-28000,326000
2014/05/09,0,100000,0,100000
2014/05/12,0,0,-200000,-200000
2014/05/13,0,0,-1648027,-1648027
2014/05/14,0,1726000,0,1726000
2014/05/15,0,0,-44000,-44000
2014/05/16,0,1063000,0,1063000
2014/05/19,0,2084000,-96000,1988000
2014/05/20,0,0,-56000,-56000
2014/05/21,0,0,-1000,-1000
2014/05/22,0,0,-2700000,-2700000
2014/05/23,0,246000,0,246000
2014/05/26,0,853000,-21000,832000
2014/05/27,0,634000,-55000,579000
2014/05/28,0,1200000,0,1200000
2014/05/29,0,1142000,-15000,1127000
2014/05/30,0,2501000,-291000,2210000
2014/06/03,0,530000,-11000,519000
2014/06/04,0,0,-10000,-10000
2014/06/05,0,0,-8000,-8000
2014/06/06,0,0,-700000,-700000
2014/06/09,0,0,-8000,-8000
2014/06/10,0,0,-348000,-348000
2014/06/11,0,0,-29000,-29000
2014/06/12,0,200000,-167000,33000
2014/06/13,0,190000,-372000,-182000
2014/06/16,0,0,-44000,-44000
2014/06/17,0,0,-329000,-329000
2014/06/18,0,24000,0,24000
2014/06/19,0,0,-491000,-491000
2014/06/20,0,0,-830000,-830000
2014/06/23,0,0,-495000,-495000
2014/06/24,0,243000,-235000,8000
2014/06/25,0,114000,-200000,-86000
2014/06/26,0,0,0,0
2014/06/27,0,0,0,0
2014/06/30,0,0,-41000,-41000
2014/07/01,0,0,-40000,-40000
2014/07/02,0,0,-11088,-11088
2014/07/03,0,0,-33000,-33000
2014/07/04,0,0,-5000,-5000
2014/07/07,0,0,-489000,-489000
2014/07/08,0,0,-1089000,-1089000
2014/07/09,0,1891000,-25000,1866000
2014/07/10,0,2986000,-604000,2382000
2014/07/11,0,1281000,-235000,1046000
2014/07/14,0,4130000,-606000,3524000
2014/07/15,0,2943000,-75000,2868000
2014/07/16,0,491000,0,491000
2014/07/17,0,607000,-50000,557000
2014/07/18,0,1739000,0,1739000
2014/07/21,0,514000,0,514000
2014/07/22,0,1436000,0,1436000
2014/07/23,0,0,0,0
2014/07/24,0,394000,0,394000
2014/07/25,0,2874000,-191000,2683000
2014/07/28,0,735000,-250000,485000
2014/07/29,0,626000,-736000,-110000
2014/07/30,0,134000,-1842000,-1708000
2014/07/31,0,155000,-859000,-704000
2014/08/01,0,152000,-221000,-69000
2014/08/04,0,230000,-240000,-10000
2014/08/05,0,210000,-1645000,-1435000
2014/08/06,0,14000,-601000,-587000
2014/08/07,0,391000,-41000,350000
2014/08/08,0,1697000,0,1697000
2014/08/11,0,388000,-111000,277000
2014/08/12,0,212000,-1241000,-1029000
2014/08/13,0,14000,-146000,-132000
2014/08/14,0,3250000,0,3250000
2014/08/15,0,418000,-896000,-478000
2014/08/18,0,236000,0,236000
2014/08/19,0,23000,-141000,-118000
2014/08/20,0,1384000,0,1384000
2014/08/21,0,449000,-15000,434000
2014/08/22,0,1015000,0,1015000
2014/08/25,0,340000,0,340000
2014/08/26,0,2000,0,2000
2014/08/27,0,303000,0,303000
2014/08/28,0,542000,-998000,-456000
2014/08/29,0,2000,-2000,0
2014/09/01,0,70000,0,70000
2014/09/02,0,0,0,0
2014/09/03,0,231000,0,231000
2014/09/04,0,2211000,-360000,1851000
2014/09/05,0,54000,0,54000
2014/09/09,0,121000,-124000,-3000
2014/09/10,0,10000,0,10000
2014/09/11,0,55000,0,55000
2014/09/12,0,187000,0,187000
2014/09/15,0,172000,0,172000
2014/09/16,0,178000,-405000,-227000
2014/09/17,0,72000,-2000,70000
2014/09/18,0,965000,0,965000
2014/09/19,0,0,-235000,-235000
2014/09/22,0,44105,-12000,32105
2014/09/23,0,9000,0,9000
2014/09/24,0,1087000,0,1087000
2014/09/25,0,15000,-1400000,-1385000
2014/09/26,0,0,-219000,-219000
2014/09/29,0,75000,-154000,-79000
2014/09/30,0,63000,0,63000
2014/10/01,0,723000,0,723000
2014/10/02,0,1575000,-56000,1519000
2014/10/03,0,1090000,-27000,1063000
2014/10/06,0,446000,-5000,441000
2014/10/07,0,214000,-75000,139000
2014/10/08,0,184000,0,184000
2014/10/09,0,339000,-4000,335000
2014/10/13,0,1588000,-83000,1505000
2014/10/14,0,100000,-11000,89000
2014/10/15,0,415000,-218000,197000
2014/10/16,0,0,-16000,-16000
2014/10/17,0,4000,0,4000
2014/10/20,0,40000,0,40000
2014/10/21,0,122000,-126000,-4000
2014/10/22,0,1215000,0,1215000
2014/10/23,0,121000,0,121000
2014/10/24,0,15000,0,15000
2014/10/27,0,141000,-61000,80000
2014/10/28,0,854000,-538000,316000
2014/10/29,0,3975000,0,3975000
2014/10/30,0,460000,0,460000
2014/10/31,0,1163000,-3000,1160000
2014/11/03,0,11000,-6000,5000
2014/11/04,0,67000,0,67000
2014/11/05,0,16000,0,16000
2014/11/06,0,0,-6000,-6000
2014/11/07,0,0,-33000,-33000
2014/11/10,0,1157000,-11000,1146000
2014/11/11,0,93000,0,93000
2014/11/12,0,434000,-195000,239000
2014/11/13,0,0,-125000,-125000
2014/11/14,0,0,-130000,-130000
2014/11/17,0,0,-64000,-64000
2014/11/18,0,96000,0,96000
2014/11/19,0,10000,-250000,-240000
2014/11/20,0,223000,-104000,119000
2014/11/21,0,47000,-289000,-242000
2014/11/24,0,205000,0,205000
2014/11/25,0,42000,-41000,1000
2014/11/26,0,0,-252000,-252000
2014/11/27,0,0,-311000,-311000
2014/11/28,0,0,-22000,-22000
2014/12/01,0,0,-1175000,-1175000
2014/12/02,0,0,-9242000,-9242000
2014/12/03,0,0,-930000,-930000
2014/12/04,0,0,-200000,-200000
2014/12/05,0,85000,-646000,-561000
2014/12/08,0,22000,-166000,-144000
2014/12/09,0,0,-288000,-288000
2014/12/10,0,0,-43000,-43000
2014/12/11,0,0,-2733,-2733
2014/12/12,0,0,-650000,-650000
2014/12/15,0,0,-304000,-304000
2014/12/16,0,45000,-830000,-785000
2014/12/17,0,407000,-2536000,-2129000
2014/12/18,0,0,-2421000,-2421000
2014/12/19,0,183000,-393000,-210000
2014/12/22,0,931000,-100000,831000
2014/12/23,0,60000,0,60000
2014/12/24,0,50000,0,50000
2014/12/25,0,60000,-500000,-440000
2014/12/26,0,0,-304000,-304000
2014/12/29,0,0,-13000,-13000
2014/12/30,0,25000,-2000,23000
2014/12/31,0,25000,-710000,-685000
2015/01/01,0,0,0,0
2015/01/02,0,0,0,0
2015/01/05,0,19000,-764000,-745000
2015/01/06,0,0,-4194000,-4194000
2015/01/07,0,0,-238000,-238000
2015/01/08,0,0,-120000,-120000
2015/01/09,0,49000,-57000,-8000
2015/01/12,0,0,-307000,-307000
2015/01/13,0,80000,-161000,-81000
2015/01/14,0,0,-79000,-79000
2015/01/15,0,75000,-20000,55000
2015/01/16,0,0,-408000,-408000
2015/01/19,0,0,-9000,-9000
2015/01/20,0,0,-773000,-773000
2015/01/21,0,0,-200000,-200000
2015/01/22,0,1306000,-25000,1281000
2015/01/23,0,0,-117000,-117000
2015/01/26,0,0,-66000,-66000
2015/01/27,0,70000,-6000,64000
2015/01/28,0,0,0,0
2015/01/29,0,0,-200000,-200000
2015/01/30,0,0,-81000,-81000
2015/02/02,0,0,-360000,-360000
2015/02/03,0,13000,-8000,5000
2015/02/04,0,1000000,-1000,999000
2015/02/05,0,237000,-59000,178000
2015/02/06,0,20000,-20000,0
2015/02/09,0,120000,-37000,83000
2015/02/10,0,2736000,0,2736000
2015/02/11,0,3117000,0,3117000
2015/02/12,0,1780000,-2000,1778000
2015/02/13,0,6000,-18000,-12000
2015/02/16,0,0,0,0
2015/02/17,0,0,0,0
2015/02/18,0,0,0,0
2015/02/19,0,0,0,0
2015/02/20,0,0,0,0
2015/02/23,0,0,0,0
2015/02/24,0,1383000,0,1383000
2015/02/25,0,0,-53000,-53000
2015/02/26,0,1437000,-59000,1378000
2015/02/27,0,0,0,0
2015/03/02,0,37000,-10000,27000
2015/03/03,0,0,-491000,-491000
2015/03/04,0,78000,-302000,-224000
2015/03/05,0,0,-320000,-320000
2015/03/06,0,26000,0,26000
2015/03/09,0,0,-29000,-29000
2015/03/10,0,600000,-64000,536000
2015/03/11,0,593000,0,593000
2015/03/12,0,192000,-1117,190883
2015/03/13,0,823000,-81000,742000
2015/03/16,0,590000,-58000,532000
2015/03/17,0,106000,-6000,100000
2015/03/18,0,23000,-680000,-657000
2015/03/19,0,38000,-90000,-52000
2015/03/20,0,5000,-63000,-58000
2015/03/23,0,0,-93000,-93000
2015/03/24,0,0,-379000,-379000
2015/03/25,0,0,-338000,-338000
2015/03/26,0,0,-80000,-80000
2015/03/27,0,0,-308000,-308000
2015/03/30,0,50000,-172000,-122000
2015/03/31,0,0,0,0
2015/04/01,0,0,-450000,-450000
2015/04/02,0,0,0,0
2015/04/03,0,0,0,0
2015/04/06,0,0,0,0
2015/04/07,0,40000,-289000,-249000
2015/04/08,0,0,-70000,-70000
2015/04/09,0,20000,0,20000
2015/04/10,0,774000,-229000,545000
2015/04/13,0,3000,-596000,-593000
2015/04/14,0,0,-48000,-48000
2015/04/15,0,17000,-28000,-11000
2015/04/16,0,0,0,0
2015/04/17,0,0,-952000,-952000
2015/04/20,0,257000,-135000,122000
2015/04/21,0,285000,-25000,260000
2015/04/22,0,131000,-130000,1000
2015/04/23,0,1470000,-403000,1067000
2015/04/24,0,3046000,-4000,3042000
2015/04/27,0,432000,-291000,141000
2015/04/28,0,91000,-115000,-24000
2015/04/29,0,1599000,-17000,1582000
2015/04/30,0,249000,-537000,-288000
2015/05/01,0,0,0,0
2015/05/04,0,789000,-9000,780000
2015/05/05,0,358000,-156000,202000
2015/05/06,0,1264000,-233000,1031000
2015/05/07,0,685000,-167000,518000
2015/05/08,0,2633000,-77000,2556000
2015/05/11,0,1627000,-206000,1421000
2015/05/12,0,36000,-245000,-209000
2015/05/13,0,89000,-430000,-341000
2015/05/14,0,78000,-120000,-42000
2015/05/15,0,91000,-214000,-123000
2015/05/18,0,22000,-2729000,-2707000
2015/05/19,0,339000,-659000,-320000
2015/05/20,0,24000,-965000,-941000
2015/05/21,0,160000,-2461000,-2301000
2015/05/22,0,506000,-847000,-341000
2015/05/25,0,70000,-607000,-537000
2015/05/26,0,20000,-703000,-683000
2015/05/27,0,16000,0,16000
2015/05/28,0,30000,-1985000,-1955000
2015/05/29,0,176000,-712000,-536000
2015/06/01,0,60000,-92000,-32000
2015/06/02,0,96000,-1198000,-1102000
2015/06/03,0,61000,-208000,-147000
2015/06/04,0,130000,-76341,53659
2015/06/05,0,146000,-79000,67000
2015/06/08,0,90000,0,90000
2015/06/09,0,123000,-253000,-130000
2015/06/10,0,930000,-8000,922000
2015/06/11,0,62000,-105000,-43000
2015/06/12,0,182000,-456000,-274000
2015/06/15,0,178000,-187000,-9000
2015/06/16,0,119000,-294000,-175000
2015/06/17,0,17000,-484000,-467000
2015/06/18,0,70000,-43000,27000
2015/06/19,0,0,0,0
2015/06/22,0,110000,-26000,84000
2015/06/23,0,1127000,-44000,1083000
2015/06/24,0,329000,-62000,267000
2015/06/25,0,136000,-8000,128000
2015/06/26,0,0,0,0
2015/06/29,0,30000,-34000,-4000
2015/06/30,0,60000,-150000,-90000
2015/07/01,0,30000,-106000,-76000
2015/07/02,0,873000,0,873000
2015/07/03,0,22000,-370000,-348000
2015/07/06,0,500000,-862000,-362000
2015/07/07,0,23000,0,23000
2015/07/08,0,78000,-880000,-802000
2015/07/09,0,3000,-1150000,-1147000
2015/07/10,0,0,0,0
2015/07/13,0,0,-642000,-642000
2015/07/14,0,213000,0,213000
2015/07/15,0,1219000,0,1219000
2015/07/16,0,11000,0,11000
2015/07/17,0,404000,-205000,199000
2015/07/20,0,259000,0,259000
2015/07/21,0,1361000,0,1361000
2015/07/22,0,40000,-16000,24000
2015/07/23,0,117500,0,117500
2015/07/24,0,191000,0,191000
2015/07/27,0,27000,-100000,-73000
2015/07/28,0,187000,-146000,41000
2015/07/29,0,59000,-541000,-482000
2015/07/30,0,406000,-25000,381000
2015/07/31,0,24000,0,24000
2015/08/03,0,273000,-131000,142000
2015/08/04,0,341000,0,341000
2015/08/05,0,437000,-418000,19000
2015/08/06,0,136000,-30000,106000
2015/08/07,0,131000,-41000,90000
2015/08/10,0,84000,-396000,-312000
2015/08/11,0,375000,-161000,214000
2015/08/12,0,157000,-1081000,-924000
2015/08/13,0,64000,-1169000,-1105000
2015/08/14,0,15000,-540000,-525000
2015/08/17,0,5000,-695000,-690000
2015/08/18,0,1000,-972000,-971000
2015/08/19,0,24000,-1907000,-1883000
2015/08/20,0,3000,-1096000,-1093000
2015/08/21,0,0,-550000,-550000
2015/08/24,0,30000,-978000,-948000
2015/08/25,0,352746,-250000,102746
2015/08/26,0,116000,-298000,-182000
2015/08/27,0,195000,-1120000,-925000
2015/08/28,0,2000,-850000,-848000
2015/08/31,0,2000,-182000,-180000
2015/09/01,0,78000,-240000,-162000
2015/09/02,0,175000,-1846000,-1671000
2015/09/03,0,71000,-381000,-310000
2015/09/04,0,3000,0,3000
2015/09/07,0,46000,-50000,-4000
2015/09/08,0,26000,-113000,-87000
2015/09/09,0,2000,0,2000
2015/09/10,0,0,-87000,-87000
2015/09/11,0,23000,0,23000
2015/09/14,0,39000,-363000,-324000
2015/09/15,0,13000,0,13000
2015/09/16,0,1000,-419000,-418000
2015/09/17,0,46000,-50000,-4000
2015/09/18,0,21000,-879000,-858000
2015/09/21,0,94000,-174000,-80000
2015/09/22,0,2868,-815000,-812132
2015/09/23,0,0,-125000,-125000
2015/09/24,0,0,-316000,-316000
2015/09/25,0,0,-89000,-89000
2015/09/28,0,0,0,0
2015/09/29,0,0,0,0
2015/09/30,0,0,-734000,-734000
2015/10/01,0,14000,-576000,-562000
2015/10/02,0,89000,0,89000
2015/10/05,0,0,-398000,-398000
2015/10/06,0,2000,-1074000,-1072000
2015/10/07,0,8000,-120000,-112000
2015/10/08,0,57000,0,57000
2015/10/09,0,0,0,0
2015/10/12,0,0,0,0
2015/10/13,0,53000,-20000,33000
2015/10/14,0,0,0,0
2015/10/15,0,20000,-8000,12000
2015/10/16,0,45000,0,45000
2015/10/19,0,91000,0,91000
2015/10/20,0,204000,-98000,106000
2015/10/21,0,745000,0,745000
2015/10/22,0,0,0,0
2015/10/23,0,748000,-110000,638000
2015/10/26,0,0,0,0
2015/10/27,0,125000,0,125000
2015/10/28,0,0,-53000,-53000
2015/10/29,0,0,-3000,-3000
2015/10/30,0,93000,-98000,-5000
2015/11/02,0,0,-28000,-28000
2015/11/03,0,309000,0,309000
2015/11/04,0,350000,-200000,150000
2015/11/05,0,68000,-134000,-66000
2015/11/06,0,133000,-67987,65013
2015/11/09,0,116000,-328000,-212000
2015/11/10,0,50000,0,50000
2015/11/11,0,64000,0,64000
2015/11/12,0,0,0,0
2015/11/13,0,38000,-20000,18000
2015/11/16,0,0,-29000,-29000
2015/11/17,0,0,-21000,-21000
2015/11/18,0,2000,-2180000,-2178000
2015/11/19,0,0,-394000,-394000
2015/11/20,0,0,-2086000,-2086000
2015/11/23,0,3000,-184000,-181000
2015/11/24,0,110000,-90000,20000
2015/11/25,0,0,0,0
2015/11/26,0,0,-258000,-258000
2015/11/27,0,0,-165000,-165000
2015/11/30,0,2000,-618000,-616000
2015/12/01,0,0,-701000,-701000
2015/12/02,0,0,-912474,-912474
2015/12/03,0,0,-1439000,-1439000
2015/12/04,0,0,0,0
2015/12/07,0,0,0,0
2015/12/08,0,0,-289000,-289000
2015/12/09,0,1000,-783000,-782000
2015/12/10,0,31000,-50000,-19000
2015/12/11,0,70000,-286000,-216000
2015/12/14,0,0,-170246,-170246
2015/12/15,0,0,-42000,-42000
2015/12/16,0,113000,-523000,-410000
2015/12/17,0,0,-173000,-173000
2015/12/18,0,0,-81000,-81000
2015/12/21,0,0,-1341000,-1341000
2015/12/22,0,0,-1991000,-1991000
2015/12/23,0,0,-500328,-500328
2015/12/24,0,0,-300000,-300000
2015/12/25,0,0,0,0
2015/12/28,0,51000,-552000,-501000
2015/12/29,0,19000,-500000,-481000
2015/12/30,0,0,-2771000,-2771000
2015/12/31,0,0,-4709000,-4709000
2016/01/01,0,0,0,0
2016/01/04,0,355000,-503000,-148000
2016/01/05,0,0,-1875000,-1875000
2016/01/06,0,1000,-793282,-792282
2016/01/07,0,0,-972000,-972000
2016/01/08,0,198000,-403000,-205000
2016/01/11,0,404000,-268000,136000
2016/01/12,0,115000,-529000,-414000
2016/01/13,0,0,-426000,-426000
2016/01/14,0,0,-210000,-210000
2016/01/15,0,120000,-587000,-467000
2016/01/18,0,123000,-691000,-568000
2016/01/19,0,32000,-632000,-600000
2016/01/20,0,0,-473000,-473000
2016/01/21,0,0,-50000,-50000
2016/01/22,0,0,0,0
2016/01/25,0,1435000,-7000,1428000
2016/01/26,0,0,0,0
2016/01/27,0,0,-510000,-510000
2016/01/28,0,2056000,0,2056000
2016/01/29,0,953000,0,953000
2016/02/01,0,0,0,0
2016/02/02,0,11000,-216000,-205000
2016/02/03,0,0,-119000,-119000
2016/02/04,0,0,0,0
2016/02/05,0,0,0,0
2016/02/08,0,0,0,0
2016/02/09,0,0,0,0
2016/02/10,0,0,0,0
2016/02/11,0,0,0,0
2016/02/12,0,0,0,0
2016/02/15,0,77000,-701135,-624135
2016/02/16,0,0,0,0
2016/02/17,0,72000,-3000,69000
2016/02/18,0,260000,0,260000
2016/02/19,0,22000,-180000,-158000
2016/02/22,0,0,0,0
2016/02/23,0,0,0,0
2016/02/24,0,0,-177000,-177000
2016/02/25,0,0,0,0
2016/02/26,0,0,-8000,-8000
2016/02/29,0,0,0,0
2016/03/01,0,0,0,0
2016/03/02,0,0,-291700,-291700
2016/03/03,0,0,-290000,-290000
2016/03/04,0,543000,0,543000
2016/03/07,0,0,-632000,-632000
2016/03/08,0,0,-14000,-14000
2016/03/09,0,0,-119000,-119000
2016/03/10,0,0,0,0
2016/03/11,0,0,-243000,-243000
2016/03/14,0,0,0,0
2016/03/15,0,0,-1000,-1000
2016/03/16,0,1000,-290000,-289000
2016/03/17,0,0,0,0
2016/03/18,0,207000,0,207000
2016/03/21,0,0,-8000,-8000
2016/03/22,0,0,-288000,-288000
2016/03/23,0,5000,0,5000
2016/03/24,0,0,-60000,-60000
2016/03/25,0,0,0,0
2016/03/28,0,120000,-84000,36000
2016/03/29,0,100000,-273000,-173000
2016/03/30,0,0,-714000,-714000
2016/03/31,0,27000,-532000,-505000
2016/04/01,0,0,-85000,-85000
2016/04/04,0,0,0,0
2016/04/05,0,0,0,0
2016/04/06,0,0,-450000,-450000
2016/04/07,0,761000,-846000,-85000
2016/04/08,0,126000,-31000,95000
2016/04/11,0,0,-335000,-335000
2016/04/12,0,0,-24000,-24000
2016/04/13,0,0,-1048000,-1048000
2016/04/14,0,255000,-223000,32000
2016/04/15,0,55000,-338000,-283000
2016/04/18,0,0,-368000,-368000
2016/04/19,0,0,-50000,-50000
2016/04/20,0,16000,-12000,4000
2016/04/21,0,0,-567000,-567000
2016/04/22,0,0,-300000,-300000
2016/04/25,0,92000,-1565000,-1473000
2016/04/26,0,26000,-21000,5000
2016/04/27,0,0,-315000,-315000
2016/04/28,0,0,0,0
2016/04/29,0,0,-330000,-330000
2016/05/02,0,0,0,0
2016/05/03,0,31000,-12000,19000
2016/05/04,0,46000,0,46000
2016/05/05,0,0,0,0
2016/05/06,0,0,-77000,-77000
2016/05/09,0,50000,0,50000
2016/05/10,0,413,0,413
2016/05/11,0,0,0,0
2016/05/12,0,580000,0,580000
2016/05/13,0,0,0,0
2016/05/16,0,0,0,0
2016/05/17,0,0,0,0
2016/05/18,0,0,0,0
2016/05/19,0,0,-202000,-202000
2016/05/20,0,0,0,0
2016/05/23,0,0,-70000,-70000
2016/05/24,0,0,-70000,-70000
2016/05/25,0,0,0,0
2016/05/26,0,0,-8000,-8000
2016/05/27,0,0,0,0
2016/05/30,0,90000,0,90000
2016/05/31,0,0,-135000,-135000
2016/06/01,0,0,-150000,-150000
2016/06/02,0,321000,-200419,120581
2016/06/03,0,2000,-1000,1000
2016/06/06,0,0,-40000,-40000
2016/06/07,0,0,-13000,-13000
2016/06/08,0,344000,0,344000
2016/06/09,0,0,0,0
2016/06/10,0,0,0,0
2016/06/13,0,669000,-216000,453000
2016/06/14,0,31000,0,31000
2016/06/15,0,1430000,-19000,1411000
2016/06/16,0,100000,-28000,72000
2016/06/17,0,70000,-91000,-21000
2016/06/20,0,48000,-16000,32000
2016/06/21,0,717000,0,717000
2016/06/22,0,1937000,0,1937000
2016/06/23,0,0,0,0
2016/06/24,0,434000,-120000,314000
2016/06/27,0,233000,-107000,126000
2016/06/28,0,52000,-500000,-448000
2016/06/29,0,512000,0,512000
2016/06/30,0,15000,0,15000
2016/07/01,0,38000,0,38000
2016/07/04,0,186000,0,186000
2016/07/05,0,0,-61000,-61000
2016/07/06,0,0,-485000,-485000
2016/07/07,0,70000,0,70000
2016/07/08,0,0,0,0
2016/07/11,0,0,-303000,-303000
2016/07/12,0,0,0,0
2016/07/13,0,200000,-42000,158000
2016/07/14,0,151000,-2000,149000
2016/07/15,0,52000,0,52000
2016/07/18,0,626000,0,626000
2016/07/19,0,64000,-3000,61000
2016/07/20,0,341000,-26000,315000
2016/07/21,0,211000,-32000,179000
2016/07/22,0,368000,-35000,333000
2016/07/25,0,625000,0,625000
2016/07/26,0,139000,0,139000
2016/07/27,0,1000,-7000,-6000
2016/07/28,0,74000,0,74000
2016/07/29,0,99481,-26000,73481
2016/08/01,0,72000,0,72000
2016/08/02,0,117000,-6000,111000
2016/08/03,0,21000,-18000,3000
2016/08/04,0,97000,-4000,93000
2016/08/05,0,114000,-7000,107000
2016/08/08,0,468000,-24000,444000
2016/08/09,0,563000,-14000,549000
2016/08/10,0,474000,-1000,473000
2016/08/11,0,604000,-4000,600000
2016/08/12,0,551000,-10000,541000
2016/08/15,0,71000,-175000,-104000
2016/08/16,0,24000,-17000,7000
2016/08/17,0,3000,0,3000
2016/08/18,0,24000,-7000,17000
2016/08/19,0,1000,-359000,-358000
2016/08/22,0,0,-780000,-780000
2016/08/23,0,500000,-1000,499000
2016/08/24,0,0,-44000,-44000
2016/08/25,0,24000,-3000,21000
2016/08/26,0,1655,0,1655
2016/08/29,0,831000,-1000,830000
2016/08/30,0,1878000,-2000,1876000
2016/08/31,0,793000,-19000,774000
2016/09/01,0,875000,-302000,573000
2016/09/02,0,0,0,0
2016/09/05,0,1543000,-3000,1540000
2016/09/06,0,116000,0,116000
2016/09/07,0,146000,0,146000
2016/09/08,0,248000,-9000,239000
2016/09/09,0,22000,0,22000
2016/09/12,0,83000,0,83000
2016/09/13,0,7572,-3000,4572
2016/09/14,0,95000,0,95000
2016/09/15,0,0,0,0
2016/09/16,0,0,0,0
2016/09/19,0,0,0,0
2016/09/20,0,0,0,0
2016/09/21,0,81000,0,81000
2016/09/22,0,181000,0,181000
2016/09/23,0,0,0,0
2016/09/26,0,20000,0,20000
2016/09/27,0,0,0,0
2016/09/28,0,0,0,0
2016/09/29,0,82000,0,82000
2016/09/30,0,195769,0,195769
2016/10/03,0,0,-92000,-92000
2016/10/04,0,60000,-416000,-356000
2016/10/05,0,0,-2000,-2000
2016/10/06,0,0,0,0
2016/10/07,0,0,0,0
2016/10/10,0,0,0,0
2016/10/11,0,132576,-396000,-263424
2016/10/12,0,390000,0,390000
2016/10/13,0,0,0,0
2016/10/14,0,0,-200000,-200000
2016/10/17,0,0,-244000,-244000
2016/10/18,0,10000,-550000,-540000
2016/10/19,0,0,-24000,-24000
2016/10/20,0,135000,-12000,123000
2016/10/21,0,0,-119000,-119000
2016/10/24,0,0,-28000,-28000
2016/10/25,0,1000000,-112000,888000
2016/10/26,0,60000,0,60000
2016/10/27,0,0,0,0
2016/10/28,0,521000,-50000,471000
2016/10/31,0,8000,-8000,0
2016/11/01,0,70000,-3000,67000
2016/11/02,0,128000,-80842,47158
2016/11/03,0,0,-305000,-305000
2016/11/04,0,0,-100000,-100000
2016/11/07,0,0,0,0
2016/11/08,0,500000,-61000,439000
2016/11/09,0,418000,-227000,191000
2016/11/10,0,1179000,-97000,1082000
2016/11/11,0,1250000,-200000,1050000
2016/11/14,0,2819000,0,2819000
2016/11/15,0,772000,0,772000
2016/11/16,0,583000,-94000,489000
2016/11/17,0,73000,-303000,-230000
2016/11/18,0,143000,-300000,-157000
2016/11/21,0,1026000,-300000,726000
2016/11/22,0,315000,-308000,7000
2016/11/23,0,16000,-100000,-84000
2016/11/24,0,787000,-200000,587000
2016/11/25,0,1602000,-200000,1402000
2016/11/28,0,1594000,0,1594000
2016/11/29,0,468000,-79000,389000
2016/11/30,0,989000,-1000,988000
2016/12/01,0,564000,0,564000
2016/12/02,0,2832000,0,2832000
2016/12/05,0,2116000,0,2116000
2016/12/06,0,580000,0,580000
2016/12/07,0,615000,0,615000
2016/12/08,0,543000,-100000,443000
2016/12/09,0,77000,0,77000
2016/12/12,0,120000,0,120000
2016/12/13,0,61000,0,61000
2016/12/14,0,1631000,-138000,1493000
2016/12/15,0,593000,-588000,5000
2016/12/16,0,90000,0,90000
2016/12/19,0,0,-75000,-75000
2016/12/20,0,249000,-980000,-731000
2016/12/21,0,0,-50000,-50000
2016/12/22,0,50000,-1724000,-1674000
2016/12/23,0,0,-202000,-202000
2016/12/26,0,0,-46000,-46000
2016/12/27,0,50000,-243000,-193000
2016/12/28,0,50000,-36000,14000
2016/12/29,0,40000,-4000,36000
2016/12/30,0,377000,-162000,215000
2017/01/02,0,0,0,0
2017/01/03,0,158000,0,158000
2017/01/04,0,0,-242000,-242000
2017/01/05,0,185000,0,185000
2017/01/06,0,0,-227000,-227000
2017/01/09,0,0,-157000,-157000
2017/01/10,0,268000,-246000,22000
2017/01/11,0,140000,-50000,90000
2017/01/12,0,0,0,0
2017/01/13,0,120000,-456000,-336000
2017/01/16,0,0,-929000,-929000
2017/01/17,0,272000,-329000,-57000
2017/01/18,0,0,-119000,-119000
2017/01/19,0,0,-585000,-585000
2017/01/20,0,35000,-1518000,-1483000
2017/01/23,0,31809,-300000,-268191
2017/01/24,0,58000,-510000,-452000
2017/01/25,0,0,0,0
2017/01/26,0,0,0,0
2017/01/27,0,0,0,0
2017/01/30,0,0,0,0
2017/01/31,0,0,0,0
2017/02/01,0,0,0,0
2017/02/02,0,141000,-65000,76000
2017/02/03,0,72000,-917000,-845000
2017/02/06,0,619000,0,619000
2017/02/07,0,294000,-235000,59000
2017/02/08,0,772000,-170000,602000
2017/02/09,0,13000,-95000,-82000
2017/02/10,0,400000,-278000,122000
2017/02/13,0,98000,-1152000,-1054000
2017/02/14,0,3000,-1571000,-1568000
2017/02/15,0,0,-248000,-248000
2017/02/16,0,0,-1206000,-1206000
2017/02/17,0,16000,-811000,-795000
2017/02/20,0,0,-1111000,-1111000
2017/02/21,0,0,-234000,-234000
2017/02/22,0,60000,0,60000
2017/02/23,0,2000,-1587000,-1585000
2017/02/24,0,60000,-1025819,-965819
2017/02/27,0,0,0,0
2017/02/28,0,0,0,0
2017/03/01,0,0,-930000,-930000
2017/03/02,0,163000,-430000,-267000
2017/03/03,0,64000,-472000,-408000
2017/03/06,0,60000,0,60000
2017/03/07,0,512000,-110000,402000
2017/03/08,0,18000,0,18000
2017/03/09,0,185000,-50000,135000
2017/03/10,0,223000,-36000,187000
2017/03/13,0,1438000,-16000,1422000
2017/03/14,0,293000,-31000,262000
2017/03/15,0,357000,-17000,340000
2017/03/16,0,59000,-400000,-341000
2017/03/17,0,161000,0,161000
2017/03/20,0,52000,-4000,48000
2017/03/21,0,11000,-20000,-9000
2017/03/22,0,24000,-223000,-199000
2017/03/23,0,0,-150000,-150000
2017/03/24,0,202000,0,202000
2017/03/27,0,0,-827000,-827000
2017/03/28,0,0,-1028000,-1028000
2017/03/29,0,1009997,-863000,146997
2017/03/30,0,14553,-1083000,-1068447
2017/03/31,0,641136,-2208000,-1566864
2017/04/03,0,0,0,0
2017/04/04,0,0,0,0
2017/04/05,0,10377,-707000,-696623
2017/04/06,0,0,-261000,-261000
2017/04/07,0,4000,-1494000,-1490000
2017/04/10,0,3000,-229000,-226000
2017/04/11,0,0,-47000,-47000
2017/04/12,0,0,-19000,-19000
2017/04/13,0,0,-1943000,-1943000
2017/04/14,0,0,-1564000,-1564000
2017/04/17,0,0,0,0
2017/04/18,0,3000,-1746000,-1743000
2017/04/19,0,10375,-2405000,-2394625
2017/04/20,0,2000,-168000,-166000
2017/04/21,0,0,0,0
2017/04/24,0,0,-158000,-158000
2017/04/25,0,0,-175,-175
2017/04/26,0,3000,-45000,-42000
2017/04/27,0,4000,-94000,-90000
2017/04/28,0,0,-215000,-215000
2017/05/01,0,0,0,0
2017/05/02,0,0,-2000,-2000
2017/05/03,0,0,0,0
2017/05/04,0,47555,0,47555
2017/05/05,0,4632,-7000,-2368
2017/05/08,0,0,0,0
2017/05/09,0,0,0,0
2017/05/10,0,0,-200000,-200000
2017/05/11,0,0,-820786,-820786
2017/05/12,0,0,-200000,-200000
2017/05/15,0,401000,-8000,393000
2017/05/16,0,1170000,-104000,1066000
2017/05/17,0,100000,0,100000
2017/05/18,0,25000,0,25000
2017/05/19,0,15000,-168000,-153000
2017/05/22,0,10000,-2000,8000
2017/05/23,0,0,-142000,-142000
2017/05/24,0,0,-10000,-10000
2017/05/25,0,0,-9000,-9000
2017/05/26,0,0,-178000,-178000
2017/05/29,0,0,0,0
2017/05/30,0,0,0,0
2017/05/31,0,12000,-94000,-82000
2017/06/01,0,0,-34000,-34000
2017/06/02,0,0,-317000,-317000
2017/06/05,0,21000,-70000,-49000
2017/06/06,0,21000,-82000,-61000
2017/06/07,0,63000,-15000,48000
2017/06/08,0,0,-4000,-4000
2017/06/09,0,0,-14000,-14000
2017/06/12,0,0,0,0
2017/06/13,0,0,0,0
2017/06/14,0,0,-3000,-3000
2017/06/15,0,0,0,0
2017/06/16,0,491000,-7000,484000
2017/06/19,0,79000,-24000,55000
2017/06/20,0,98000,-64622,33378
2017/06/21,0,66000,0,66000
2017/06/22,0,27000,-11000,16000
2017/06/23,0,449000,-11000,438000
2017/06/26,0,0,-14000,-14000
2017/06/27,0,29000,-10000,19000
2017/06/28,0,1063000,-28533,1034467
2017/06/29,0,157000,-5000,152000
2017/06/30,0,281000,-63000,218000
2017/07/03,0,289000,-27000,262000
2017/07/04,0,469000,-45000,424000
2017/07/05,0,200000,0,200000
2017/07/06,0,100000,0,100000
2017/07/07,0,0,-1203000,-1203000
2017/07/10,0,0,-130000,-130000
2017/07/11,0,0,0,0
2017/07/12,0,0,-30773,-30773
2017/07/13,0,117000,-262000,-145000
2017/07/14,0,0,-19000,-19000
2017/07/17,0,490,-3000,-2510
2017/07/18,0,33000,0,33000
2017/07/19,0,38000,0,38000
2017/07/20,0,96000,-268000,-172000
2017/07/21,0,45000,-101000,-56000
2017/07/24,0,53000,0,53000
2017/07/25,0,17000,-9000,8000
2017/07/26,0,108000,-10000,98000
2017/07/27,0,70000,0,70000
2017/07/28,0,1000,-228000,-227000
2017/07/31,0,13000,0,13000
2017/08/01,0,9000,-27000,-18000
2017/08/02,0,11000,-17000,-6000
2017/08/03,0,14000,0,14000
2017/08/04,0,25000,-285000,-260000
2017/08/07,0,15000,-143000,-128000
2017/08/08,0,26000,-81000,-55000
2017/08/09,0,124000,-19000,105000
2017/08/10,0,5513000,0,5513000
2017/08/11,0,10000,-4000,6000
2017/08/14,0,0,-80000,-80000
2017/08/15,0,225000,-12000,213000
2017/08/16,0,808000,0,808000
2017/08/17,0,1000,0,1000
2017/08/18,0,100000,0,100000
