Date,Open,Buy,Sell,Total
2007/01/02,0,6983000,-1480000,5503000
2007/01/03,0,12070000,-17908000,-5838000
2007/01/04,0,6063200,-18382256,-12319056
2007/01/05,0,2843000,-9218000,-6375000
2007/01/08,0,5081000,-15273962,-10192962
2007/01/09,0,1374000,-3699000,-2325000
2007/01/10,0,7307000,-13137000,-5830000
2007/01/11,0,6014000,-7589000,-1575000
2007/01/12,0,14796000,-13891000,905000
2007/01/15,0,11506000,-8156160,3349840
2007/01/16,0,5498000,-2809000,2689000
2007/01/17,0,4385000,-4670000,-285000
2007/01/18,0,17563000,-17979181,-416181
2007/01/19,0,8929000,-8220000,709000
2007/01/22,0,6759500,-5981000,778500
2007/01/23,0,5197000,-5187000,10000
2007/01/24,0,5788000,-4174000,1614000
2007/01/25,0,4093000,-3565000,528000
2007/01/26,0,4308000,-4963923,-655923
2007/01/29,0,3531000,-4035000,-504000
2007/01/30,0,3159177,-6628000,-3468823
2007/01/31,0,6744000,-5551000,1193000
2007/02/01,0,11865000,-6353000,5512000
2007/02/02,0,12393000,-6545000,5848000
2007/02/05,0,6977000,-4078260,2898740
2007/02/06,0,8966000,-1383000,7583000
2007/02/07,0,3689000,-1023000,2666000
2007/02/08,0,5995000,-3643000,2352000
2007/02/09,0,2630000,-1665000,965000
2007/02/12,0,2768000,-772070,1995930
2007/02/13,0,6159000,-3153000,3006000
2007/02/14,0,11565000,-8723692,2841308
2007/02/15,0,0,0,0
2007/02/16,0,0,0,0
2007/02/19,0,0,0,0
2007/02/20,0,0,0,0
2007/02/21,0,0,0,0
2007/02/22,0,0,0,0
2007/02/23,0,0,0,0
2007/02/26,0,7006000,-6854000,152000
2007/02/27,0,9339000,-14295557,-4956557
2007/02/28,0,0,0,0
2007/03/01,0,8579540,-16045000,-7465460
2007/03/02,0,7531510,-9480980,-1949470
2007/03/05,0,1100000,-8029000,-6929000
2007/03/06,0,1544000,-9663000,-8119000
2007/03/07,0,10026000,-9663093,362907
2007/03/08,0,3365000,-2853000,512000
2007/03/09,0,4922000,-6391000,-1469000
2007/03/12,0,3434000,-5375000,-1941000
2007/03/13,0,3877000,-5102000,-1225000
2007/03/14,0,1883000,-12249280,-10366280
2007/03/15,0,4666000,-4443000,223000
2007/03/16,0,4961000,-1798000,3163000
2007/03/19,0,565000,-1177000,-612000
2007/03/20,0,2604000,-4350000,-1746000
2007/03/21,0,3296000,-4186000,-890000
2007/03/22,0,8662000,-8064000,598000
2007/03/23,0,5474000,-3588000,1886000
2007/03/26,0,4581000,-5338000,-757000
2007/03/27,0,5446000,-3553500,1892500
2007/03/28,0,2112440,-4044270,-1931830
2007/03/29,0,5589000,-4563000,1026000
2007/03/30,0,3756000,-1387886,2368114
2007/04/02,0,1063000,-1249000,-186000
2007/04/03,0,14829000,-4234000,10595000
2007/04/04,0,22785000,-2901410,19883590
2007/04/05,0,0,0,0
2007/04/06,0,0,0,0
2007/04/09,0,16152000,-4984000,11168000
2007/04/10,0,10188000,-6345000,3843000
2007/04/11,0,4876000,-2601800,2274200
2007/04/12,0,13636000,-13635000,1000
2007/04/13,0,5832000,-2636000,3196000
2007/04/16,0,7066000,-4824000,2242000
2007/04/17,0,10480851,-4086000,6394851
2007/04/18,0,3803000,-3513000,290000
2007/04/19,0,3332000,-9220000,-5888000
2007/04/20,0,4532000,-9160000,-4628000
2007/04/23,0,4646000,-7822000,-3176000
2007/04/24,0,6562000,-10561000,-3999000
2007/04/25,0,1729000,-10174000,-8445000
2007/04/26,0,1184000,-6130000,-4946000
2007/04/27,0,698000,-5192000,-4494000
2007/04/30,0,2790000,-6118667,-3328667
2007/05/01,0,0,0,0
2007/05/02,0,4572000,-6137000,-1565000
2007/05/03,0,1131290,-3082000,-1950710
2007/05/04,0,5277000,-6992000,-1715000
2007/05/07,0,7048000,-996000,6052000
2007/05/08,0,7188000,-1810000,5378000
2007/05/09,0,5055000,-4311000,744000
2007/05/10,0,4288000,-6813000,-2525000
2007/05/11,0,2946000,-9830000,-6884000
2007/05/14,0,1578000,-2380250,-802250
2007/05/15,0,3956000,-14901000,-10945000
2007/05/16,0,2427000,-14279000,-11852000
2007/05/17,0,5615000,-15192510,-9577510
2007/05/18,0,6746050,-11059786,-4313736
2007/05/21,0,2079000,-6012000,-3933000
2007/05/22,0,6650000,-6677630,-27630
2007/05/23,0,7152000,-3092000,4060000
2007/05/24,0,2920000,-1740420,1179580
2007/05/25,0,2401000,-9518000,-7117000
2007/05/28,0,3504000,-2497000,1007000
2007/05/29,0,4146000,-3110050,1035950
2007/05/30,0,7651000,-9246000,-1595000
2007/05/31,0,9995000,-10721667,-726667
2007/06/01,0,3803000,-6905913,-3102913
2007/06/04,0,1117000,-4200000,-3083000
2007/06/05,0,3720000,-3933000,-213000
2007/06/06,0,4439200,-18549000,-14109800
2007/06/07,0,3547400,-19501000,-15953600
2007/06/08,0,3941000,-10271000,-6330000
2007/06/11,0,2074000,-12316000,-10242000
2007/06/12,0,2062000,-21459000,-19397000
2007/06/13,0,8034000,-10974990,-2940990
2007/06/14,0,18321000,-12433000,5888000
2007/06/15,0,23191000,-11990000,11201000
2007/06/18,0,0,0,0
2007/06/19,0,0,0,0
2007/06/20,0,69494950,-51896000,17598950
2007/06/21,0,47808000,-8762360,39045640
2007/06/22,0,19195000,-20683000,-1488000
2007/06/25,0,7786000,-10590000,-2804000
2007/06/26,0,5692000,-13249000,-7557000
2007/06/27,0,1508000,-6958000,-5450000
2007/06/28,0,5935000,-7537000,-1602000
2007/06/29,0,11695000,-17274594,-5579594
2007/07/02,0,2363000,-2042000,321000
2007/07/03,0,7650000,-3480643,4169357
2007/07/04,0,2749690,-1042000,1707690
2007/07/05,0,3892000,-2962000,930000
2007/07/06,0,14468000,-7101000,7367000
2007/07/09,0,22667000,-6633000,16034000
2007/07/10,0,23994750,-17974000,6020750
2007/07/11,0,10765300,-19772600,-9007300
2007/07/12,0,16662000,-7273000,9389000
2007/07/13,0,17425000,-13950470,3474530
2007/07/16,0,12480000,-15887000,-3407000
2007/07/17,0,19110100,-24675250,-5565150
2007/07/18,0,12224000,-17838980,-5614980
2007/07/19,0,15745000,-34793300,-19048300
2007/07/20,0,24835180,-12943452,11891728
2007/07/23,0,11671000,-11347000,324000
2007/07/24,0,17372000,-10050200,7321800
2007/07/25,0,8308000,-5966900,2341100
2007/07/26,0,13840000,-11266000,2574000
2007/07/27,0,18408000,-22308860,-3900860
2007/07/30,0,6248000,-20046000,-13798000
2007/07/31,0,1489000,-13182170,-11693170
2007/08/01,0,5159000,-32683000,-27524000
2007/08/02,0,11800000,-29495000,-17695000
2007/08/03,0,14331000,-14536000,-205000
2007/08/06,0,10627000,-25145000,-14518000
2007/08/07,0,9344000,-29938290,-20594290
2007/08/08,0,17096000,-21653000,-4557000
2007/08/09,0,17222000,-14315270,2906730
2007/08/10,0,2124000,-24153450,-22029450
2007/08/13,0,5629000,-4959000,670000
2007/08/14,0,9531400,-7520000,2011400
2007/08/15,0,6660000,-13773250,-7113250
2007/08/16,0,3106000,-17252400,-14146400
2007/08/17,0,6153000,-18735570,-12582570
2007/08/20,0,8634000,-1447000,7187000
2007/08/21,0,8962000,-3566000,5396000
2007/08/22,0,6259000,-4587960,1671040
2007/08/23,0,11535000,-7194000,4341000
2007/08/24,0,4899000,-18557000,-13658000
2007/08/27,0,6388000,-11923000,-5535000
2007/08/28,0,5405000,-7380000,-1975000
2007/08/29,0,5027000,-16063772,-11036772
2007/08/30,0,12405000,-9698000,2707000
2007/08/31,0,18809200,-9424000,9385200
2007/09/03,0,15255000,-5377500,9877500
2007/09/04,0,10852000,-6881016,3970984
2007/09/05,0,5950000,-5032330,917670
2007/09/06,0,13734000,-2543000,11191000
2007/09/07,0,12743000,-5737000,7006000
2007/09/10,0,7156000,-14097000,-6941000
2007/09/11,0,6658000,-9072000,-2414000
2007/09/12,0,5040000,-4513000,527000
2007/09/13,0,5297000,-11285000,-5988000
2007/09/14,0,8080000,-9280000,-1200000
2007/09/17,0,3924000,-4711000,-787000
2007/09/18,0,0,0,0
2007/09/19,0,33677000,-52342000,-18665000
2007/09/20,0,19691000,-38359000,-18668000
2007/09/21,0,7672000,-61812200,-54140200
2007/09/24,0,0,0,0
2007/09/25,0,0,0,0
2007/09/26,0,8412000,-42986369,-34574369
2007/09/27,0,9962000,-6496340,3465660
2007/09/28,0,10201000,-5221000,4980000
2007/10/01,0,1098000,-8703000,-7605000
2007/10/02,0,7779000,-11960091,-4181091
2007/10/03,0,18256000,-8311750,9944250
2007/10/04,0,5740000,-8538000,-2798000
2007/10/05,0,7900000,-31088029,-23188029
2007/10/08,0,4181000,-3685000,496000
2007/10/09,0,10874000,-12565500,-1691500
2007/10/10,0,0,0,0
2007/10/11,0,5576000,-24804700,-19228700
2007/10/12,0,4968000,-11226000,-6258000
2007/10/15,0,7325000,-4626650,2698350
2007/10/16,0,12260000,-12180300,79700
2007/10/17,0,5914000,-12119300,-6205300
2007/10/18,0,4897300,-7636137,-2738837
2007/10/19,0,2191000,-2324000,-133000
2007/10/22,0,2593000,-17712000,-15119000
2007/10/23,0,3973000,-6305000,-2332000
2007/10/24,0,9215417,-5011000,4204417
2007/10/25,0,9599841,-4282000,5317841
2007/10/26,0,10699089,-4226000,6473089
2007/10/29,0,17431000,-13495340,3935660
2007/10/30,0,7860000,-1491000,6369000
2007/10/31,0,10601000,-32511000,-21910000
2007/11/01,0,8262000,-18957000,-10695000
2007/11/02,0,10734000,-17731000,-6997000
2007/11/05,0,3408000,-16744000,-13336000
2007/11/06,0,3168000,-15244000,-12076000
2007/11/07,0,32570207,-21513200,11057007
2007/11/08,0,20828000,-12333200,8494800
2007/11/09,0,4590000,-3750000,840000
2007/11/12,0,994000,-11358754,-10364754
2007/11/13,0,6179000,-19781591,-13602591
2007/11/14,0,14464000,-9408000,5056000
2007/11/15,0,7211000,-10666000,-3455000
2007/11/16,0,7159903,-16010200,-8850297
2007/11/19,0,14853562,-12107500,2746062
2007/11/20,0,13694000,-20190500,-6496500
2007/11/21,0,4143000,-14624000,-10481000
2007/11/22,0,3232000,-9971680,-6739680
2007/11/23,0,14075000,-9186330,4888670
2007/11/26,0,6328000,-4844000,1484000
2007/11/27,0,4892000,-7145000,-2253000
2007/11/28,0,2574000,-3748000,-1174000
2007/11/29,0,6075000,-2352296,3722704
2007/11/30,0,12233594,-21839000,-9605406
2007/12/03,0,4589142,-12384000,-7794858
2007/12/04,0,1732043,-8771000,-7038957
2007/12/05,0,4352000,-10093000,-5741000
2007/12/06,0,9250000,-8649458,600542
2007/12/07,0,11588293,-11585426,2867
2007/12/10,0,10007000,-8284000,1723000
2007/12/11,0,13479000,-14246000,-767000
2007/12/12,0,11371000,-7196000,4175000
2007/12/13,0,10829000,-8373000,2456000
2007/12/14,0,4602000,-9148000,-4546000
2007/12/17,0,2713000,-6856000,-4143000
2007/12/18,0,5220000,-5465123,-245123
2007/12/19,0,1616000,-3069188,-1453188
2007/12/20,0,8174400,-3112000,5062400
2007/12/21,0,10468000,-4329000,6139000
2007/12/24,0,5599000,-3305000,2294000
2007/12/25,0,3392000,-767000,2625000
2007/12/26,0,2391000,-3223000,-832000
2007/12/27,0,7766000,-1541000,6225000
2007/12/28,0,9597000,-3076472,6520528
2007/12/31,0,4784000,-1428000,3356000
2008/01/01,0,0,0,0
2008/01/02,0,6711000,-5430529,1280471
2008/01/03,0,5717000,-7693000,-1976000
2008/01/04,0,22299000,-10530835,11768165
2008/01/07,0,19764000,-9487373,10276627
2008/01/08,0,35431000,-15660024,19770976
2008/01/09,0,37340000,-17047887,20292113
2008/01/10,0,8084339,-10052803,-1968464
2008/01/11,0,8073310,-15590622,-7517312
2008/01/14,0,47976000,-10795325,37180675
2008/01/15,0,36887000,-13576939,23310061
2008/01/16,0,76812359,-74408000,2404359
2008/01/17,0,49976000,-36017092,13958908
2008/01/18,0,70784074,-72714422,-1930348
2008/01/21,0,42383000,-41412965,970035
2008/01/22,0,8390000,-14658000,-6268000
2008/01/23,0,31352000,-41776000,-10424000
2008/01/24,0,14569000,-14171482,397518
2008/01/25,0,21135000,-22767000,-1632000
2008/01/28,0,10050000,-10183000,-133000
2008/01/29,0,4459000,-6576605,-2117605
2008/01/30,0,15961830,-15753000,208830
2008/01/31,0,18952000,-63678047,-44726047
2008/02/01,0,12986000,-11087401,1898599
2008/02/04,0,0,0,0
2008/02/05,0,0,0,0
2008/02/06,0,0,0,0
2008/02/07,0,0,0,0
2008/02/08,0,0,0,0
2008/02/11,0,0,0,0
2008/02/12,0,11859406,-14496485,-2637079
2008/02/13,0,18412000,-16410000,2002000
2008/02/14,0,30199310,-16893000,13306310
2008/02/15,0,7925000,-6950000,975000
2008/02/18,0,10612000,-9784000,828000
2008/02/19,0,18532000,-22801000,-4269000
2008/02/20,0,3957000,-6965000,-3008000
2008/02/21,0,7843000,-13803816,-5960816
2008/02/22,0,13444000,-14117000,-673000
2008/02/25,0,11807000,-26508000,-14701000
2008/02/26,0,17564000,-15390000,2174000
2008/02/27,0,19495000,-18532874,962126
2008/02/28,0,0,0,0
2008/02/29,0,15159349,-10332666,4826683
2008/03/03,0,12542000,-18020000,-5478000
2008/03/04,0,17840000,-17430000,410000
2008/03/05,0,8902000,-17444000,-8542000
2008/03/06,0,18615000,-33778100,-15163100
2008/03/07,0,9072000,-13448200,-4376200
2008/03/10,0,9021000,-23282000,-14261000
2008/03/11,0,17226000,-20262760,-3036760
2008/03/12,0,13032544,-18551000,-5518456
2008/03/13,0,2784000,-14567000,-11783000
2008/03/14,0,4665000,-38012450,-33347450
2008/03/17,0,5036000,-21763000,-16727000
2008/03/18,0,8013000,-20098000,-12085000
2008/03/19,0,8196000,-17850140,-9654140
2008/03/20,0,25958000,-33588214,-7630214
2008/03/21,0,20924000,-12871000,8053000
2008/03/24,0,23617000,-10845000,12772000
2008/03/25,0,18362000,-34212013,-15850013
2008/03/26,0,16183000,-16653069,-470069
2008/03/27,0,10632919,-18690000,-8057081
2008/03/28,0,15344919,-16553682,-1208763
2008/03/31,0,14041830,-10905000,3136830
2008/04/01,0,5776395,-10126000,-4349605
2008/04/02,0,14044000,-8335000,5709000
2008/04/03,0,9783000,-11915984,-2132984
2008/04/04,0,0,0,0
2008/04/07,0,18780000,-50852000,-32072000
2008/04/08,0,7990000,-35711000,-27721000
2008/04/09,0,8421000,-25730544,-17309544
2008/04/10,0,7151000,-23697424,-16546424
2008/04/11,0,30450000,-26973500,3476500
2008/04/14,0,13839000,-17330000,-3491000
2008/04/15,0,32916000,-12830000,20086000
2008/04/16,0,23773000,-23633000,140000
2008/04/17,0,19285000,-2820000,16465000
2008/04/18,0,16217000,-19197000,-2980000
2008/04/21,0,4897000,-10149138,-5252138
2008/04/22,0,3607000,-20005620,-16398620
2008/04/23,0,6844000,-5915520,928480
2008/04/24,0,6860000,-2579000,4281000
2008/04/25,0,3647000,-10378000,-6731000
2008/04/28,0,6658000,-21791000,-15133000
2008/04/29,0,10483000,-7145000,3338000
2008/04/30,0,6422000,-1387000,5035000
2008/05/01,0,0,0,0
2008/05/02,0,5737000,-6044000,-307000
2008/05/05,0,3579000,-10422500,-6843500
2008/05/06,0,6144180,-7219000,-1074820
2008/05/07,0,3916000,-2633000,1283000
2008/05/08,0,1017000,-7980000,-6963000
2008/05/09,0,2564000,-14413000,-11849000
2008/05/12,0,3575000,-6957750,-3382750
2008/05/13,0,9979000,-5176000,4803000
2008/05/14,0,2941000,-4117000,-1176000
2008/05/15,0,12504000,-2965124,9538876
2008/05/16,0,18595000,-6046000,12549000
2008/05/19,0,6790000,-6106000,684000
2008/05/20,0,4766000,-14028000,-9262000
2008/05/21,0,5266200,-9753000,-4486800
2008/05/22,0,14713000,-14353138,359862
2008/05/23,0,6628000,-3695000,2933000
2008/05/26,0,4408000,-9458000,-5050000
2008/05/27,0,7200000,-4470000,2730000
2008/05/28,0,12050000,-10864000,1186000
2008/05/29,0,10938000,-9063000,1875000
2008/05/30,0,48128897,-27607200,20521697
2008/06/02,0,11870000,-18633000,-6763000
2008/06/03,0,5399000,-7860906,-2461906
2008/06/04,0,8532000,-6756410,1775590
2008/06/05,0,10271000,-8815000,1456000
2008/06/06,0,11044200,-10745000,299200
2008/06/09,0,4733000,-12547000,-7814000
2008/06/10,0,4454000,-13390211,-8936211
2008/06/11,0,11888000,-3371000,8517000
2008/06/12,0,12863000,-11779000,1084000
2008/06/13,0,7227000,-7453000,-226000
2008/06/16,0,9743000,-7191000,2552000
2008/06/17,0,8981000,-5163000,3818000
2008/06/18,0,5523000,-4800000,723000
2008/06/19,0,15083000,-10241000,4842000
2008/06/20,0,9186782,-7118000,2068782
2008/06/23,0,10386000,-7131000,3255000
2008/06/24,0,8641000,-10016000,-1375000
2008/06/25,0,13374000,-3050000,10324000
2008/06/26,0,4312000,-6954000,-2642000
2008/06/27,0,18797000,-7210000,11587000
2008/06/30,0,5563000,-4759000,804000
2008/07/01,0,9367080,-5636000,3731080
2008/07/02,0,15203000,-24188028,-8985028
2008/07/03,0,18202000,-46378000,-28176000
2008/07/04,0,7472000,-7269000,203000
2008/07/07,0,5160000,-6124000,-964000
2008/07/08,0,12488000,-24497000,-12009000
2008/07/09,0,15673000,-29166300,-13493300
2008/07/10,0,7125000,-8635887,-1510887
2008/07/11,0,9245000,-7008000,2237000
2008/07/14,0,9748000,-11082000,-1334000
2008/07/15,0,51166000,-16810500,34355500
2008/07/16,0,18138000,-10774000,7364000
2008/07/17,0,10960000,-14118000,-3158000
2008/07/18,0,7414000,-9547000,-2133000
2008/07/21,0,13754000,-12729000,1025000
2008/07/22,0,14496000,-9074500,5421500
2008/07/23,0,31415000,-27802000,3613000
2008/07/24,0,9397000,-18914000,-9517000
2008/07/25,0,4690000,-15813000,-11123000
2008/07/28,0,0,0,0
2008/07/29,0,10648000,-13937000,-3289000
2008/07/30,0,5854000,-4923000,931000
2008/07/31,0,5030000,-7005000,-1975000
2008/08/01,0,10327000,-8565000,1762000
2008/08/04,0,2143000,-5386000,-3243000
2008/08/05,0,7136000,-7844000,-708000
2008/08/06,0,7480000,-6282000,1198000
2008/08/07,0,4485000,-10360000,-5875000
2008/08/08,0,9153000,-6271000,2882000
2008/08/11,0,6471000,-5792000,679000
2008/08/12,0,8736000,-1114000,7622000
2008/08/13,0,6063000,-4091000,1972000
2008/08/14,0,2559000,-5961000,-3402000
2008/08/15,0,1483000,-6491000,-5008000
2008/08/18,0,11929000,-22671000,-10742000
2008/08/19,0,9507000,-18951000,-9444000
2008/08/20,0,4357000,-5459000,-1102000
2008/08/21,0,5711000,-7293000,-1582000
2008/08/22,0,3651000,-4167000,-516000
2008/08/25,0,3309000,-1554000,1755000
2008/08/26,0,1334000,-3508000,-2174000
2008/08/27,0,7783000,-6696000,1087000
2008/08/28,0,9808000,-6155000,3653000
2008/08/29,0,5686000,-4867030,818970
2008/09/01,0,5967000,-7435000,-1468000
2008/09/02,0,2223000,-3349000,-1126000
2008/09/03,0,12126000,-10206000,1920000
2008/09/04,0,7680000,-9519000,-1839000
2008/09/05,0,5868000,-5338000,530000
2008/09/08,0,2965000,-1361000,1604000
2008/09/09,0,21671000,-13833249,7837751
2008/09/10,0,19766000,-11954000,7812000
2008/09/11,0,24616000,-17362000,7254000
2008/09/12,0,8287000,-5437000,2850000
2008/09/15,0,14713000,-9457000,5256000
2008/09/16,0,34607000,-30349710,4257290
2008/09/17,0,17992000,-12071621,5920379
2008/09/18,0,4930000,-712000,4218000
2008/09/19,0,15642000,-5699000,9943000
2008/09/22,0,22561000,-11745000,10816000
2008/09/23,0,11240000,-7259000,3981000
2008/09/24,0,27997347,-13611347,14386000
2008/09/25,0,20588000,-7078040,13509960
2008/09/26,0,31789000,-9707000,22082000
2008/09/29,0,0,0,0
2008/09/30,0,24949000,-11325000,13624000
2008/10/01,0,3749000,-7497300,-3748300
2008/10/02,0,11504000,-10628000,876000
2008/10/03,0,7440000,-9344000,-1904000
2008/10/06,0,2139000,-5452000,-3313000
2008/10/07,0,4514000,-10783000,-6269000
2008/10/08,0,4677000,-5323000,-646000
2008/10/09,0,15809000,-10851800,4957200
2008/10/10,0,0,0,0
2008/10/13,0,4137000,-5177000,-1040000
2008/10/14,0,12026000,-18349700,-6323700
2008/10/15,0,15532000,-13610000,1922000
2008/10/16,0,4211000,-2581000,1630000
2008/10/17,0,4618000,-8547000,-3929000
2008/10/20,0,9867000,-16158000,-6291000
2008/10/21,0,10715000,-10420000,295000
2008/10/22,0,14130000,-12291000,1839000
2008/10/23,0,1126200,-1927000,-800800
2008/10/24,0,3316000,-2454000,862000
2008/10/27,0,575000,-7367000,-6792000
2008/10/28,0,6242000,-17470268,-11228268
2008/10/29,0,14176000,-15244000,-1068000
2008/10/30,0,4639000,-6647400,-2008400
2008/10/31,0,30914000,-37766000,-6852000
2008/11/03,0,33388000,-42599340,-9211340
2008/11/04,0,7355000,-32234000,-24879000
2008/11/05,0,22796000,-32431440,-9635440
2008/11/06,0,19663000,-19362000,301000
2008/11/07,0,20170000,-34533410,-14363410
2008/11/10,0,19258000,-19183000,75000
2008/11/11,0,15137000,-18186431,-3049431
2008/11/12,0,27855000,-24461000,3394000
2008/11/13,0,5386000,-10003000,-4617000
2008/11/14,0,11484000,-16475000,-4991000
2008/11/17,0,8477000,-10513500,-2036500
2008/11/18,0,12320000,-21050906,-8730906
2008/11/19,0,5525000,-13716226,-8191226
2008/11/20,0,4325000,-5444000,-1119000
2008/11/21,0,8461000,-6184000,2277000
2008/11/24,0,11820000,-7298000,4522000
2008/11/25,0,12503000,-24563584,-12060584
2008/11/26,0,10935000,-13966606,-3031606
2008/11/27,0,33356000,-50977000,-17621000
2008/11/28,0,11338000,-17449000,-6111000
2008/12/01,0,19419000,-17887000,1532000
2008/12/02,0,14972000,-19598570,-4626570
2008/12/03,0,14274000,-15354000,-1080000
2008/12/04,0,9476000,-12175000,-2699000
2008/12/05,0,4972000,-5590000,-618000
2008/12/08,0,18349000,-41858000,-23509000
2008/12/09,0,18544000,-20646500,-2102500
2008/12/10,0,22248000,-7419000,14829000
2008/12/11,0,36937000,-1722000,35215000
2008/12/12,0,5132000,-12706000,-7574000
2008/12/15,0,14128000,-5611792,8516208
2008/12/16,0,14278000,-3530000,10748000
2008/12/17,0,13543000,-6793000,6750000
2008/12/18,0,12179000,-2006000,10173000
2008/12/19,0,12143000,-11781000,362000
2008/12/22,0,13036000,-14709621,-1673621
2008/12/23,0,13568000,-11371000,2197000
2008/12/24,0,3515000,-6776000,-3261000
2008/12/25,0,310000,-776000,-466000
2008/12/26,0,866000,-1460000,-594000
2008/12/29,0,2108000,-2220500,-112500
2008/12/30,0,9651000,-847000,8804000
2008/12/31,0,1737000,-5235400,-3498400
2009/01/01,0,0,0,0
2009/01/02,0,0,0,0
2009/01/05,0,12208000,-6412421,5795579
2009/01/06,0,15846000,-12230023,3615977
2009/01/07,0,11343000,-9968540,1374460
2009/01/08,0,10142000,-13974000,-3832000
2009/01/09,0,6218000,-12325000,-6107000
2009/01/12,0,2584685,-17148000,-14563315
2009/01/13,0,7743028,-24237000,-16493972
2009/01/14,0,19144000,-15467000,3677000
2009/01/15,0,5260000,-24777000,-19517000
2009/01/16,0,6074000,-18429300,-12355300
2009/01/19,0,5653000,-2913740,2739260
2009/01/20,0,11288000,-12280000,-992000
2009/01/21,0,8814930,-8617294,197636
2009/01/22,0,0,0,0
2009/01/23,0,0,0,0
2009/01/26,0,0,0,0
2009/01/27,0,0,0,0
2009/01/28,0,0,0,0
2009/01/29,0,0,0,0
2009/01/30,0,0,0,0
2009/02/02,0,13420666,-14928856,-1508190
2009/02/03,0,9712000,-6944410,2767590
2009/02/04,0,10444000,-2291000,8153000
2009/02/05,0,8072000,-3715000,4357000
2009/02/06,0,14665000,-9475000,5190000
2009/02/09,0,55235387,-50679387,4556000
2009/02/10,0,13406000,-3329000,10077000
2009/02/11,0,10326000,-9922000,404000
2009/02/12,0,4855000,-9093000,-4238000
2009/02/13,0,5265000,-9659000,-4394000
2009/02/16,0,4146000,-5940629,-1794629
2009/02/17,0,1601000,-11793866,-10192866
2009/02/18,0,6831000,-9864000,-3033000
2009/02/19,0,4949000,-18190000,-13241000
2009/02/20,0,1992450,-13587450,-11595000
2009/02/23,0,10621000,-25204000,-14583000
2009/02/24,0,6461750,-13187370,-6725620
2009/02/25,0,9067000,-18040617,-8973617
2009/02/26,0,2817000,-8663530,-5846530
2009/02/27,0,3074866,-8018000,-4943134
2009/03/02,0,878000,-5631463,-4753463
2009/03/03,0,4662000,-22942000,-18280000
2009/03/04,0,5787640,-38492000,-32704360
2009/03/05,0,11796000,-23551000,-11755000
2009/03/06,0,7539000,-7289750,249250
2009/03/09,0,4803000,-10318000,-5515000
2009/03/10,0,15427000,-4113260,11313740
2009/03/11,0,11031353,-28335541,-17304188
2009/03/12,0,10547000,-19910500,-9363500
2009/03/13,0,11879000,-28643750,-16764750
2009/03/16,0,16406000,-5373200,11032800
2009/03/17,0,22749000,-9405000,13344000
2009/03/18,0,17832000,-3115000,14717000
2009/03/19,0,15511000,-17592900,-2081900
2009/03/20,0,15733000,-14062510,1670490
2009/03/23,0,20372000,-17937000,2435000
2009/03/24,0,16078000,-9813000,6265000
2009/03/25,0,18776000,-13889810,4886190
2009/03/26,0,19005000,-1865000,17140000
2009/03/27,0,12566000,-6180000,6386000
2009/03/30,0,5813000,-4488000,1325000
2009/03/31,0,13737000,-3325929,10411071
2009/04/01,0,5613000,-4151000,1462000
2009/04/02,0,27408000,-8435000,18973000
2009/04/03,0,31652000,-9783000,21869000
2009/04/06,0,74998390,-9244000,65754390
2009/04/07,0,22152000,-10268000,11884000
2009/04/08,0,41717000,-35325459,6391541
2009/04/09,0,32909000,-21969526,10939474
2009/04/10,0,16873000,-1550585,15322415
2009/04/13,0,8197000,-2124000,6073000
2009/04/14,0,6879000,-9739164,-2860164
2009/04/15,0,7029000,-9349920,-2320920
2009/04/16,0,12653000,-9924000,2729000
2009/04/17,0,10372060,-5574000,4798060
2009/04/20,0,9703000,-15820000,-6117000
2009/04/21,0,11749000,-12568860,-819860
2009/04/22,0,10047000,-12419630,-2372630
2009/04/23,0,11367000,-11964000,-597000
2009/04/24,0,10378000,-5593000,4785000
2009/04/27,0,5112801,-3434310,1678491
2009/04/28,0,16650576,-7683861,8966715
2009/04/29,0,11449000,-7147362,4301638
2009/04/30,0,17714000,-2973000,14741000
2009/05/01,0,0,0,0
2009/05/04,0,7708000,-152000,7556000
2009/05/05,0,28051000,-3270000,24781000
2009/05/06,0,78594123,-18154000,60440123
2009/05/07,0,29609000,-10509000,19100000
2009/05/08,0,27987000,-17752500,10234500
2009/05/11,0,11496000,-7266000,4230000
2009/05/12,0,11618000,-5397000,6221000
2009/05/13,0,5910000,-19333000,-13423000
2009/05/14,0,7740637,-7925000,-184363
2009/05/15,0,19964000,-7592000,12372000
2009/05/18,0,14205000,-7899099,6305901
2009/05/19,0,13889000,-3514000,10375000
2009/05/20,0,16132902,-7081000,9051902
2009/05/21,0,11984739,-19168000,-7183261
2009/05/22,0,9107000,-6253000,2854000
2009/05/25,0,6210000,-6523000,-313000
2009/05/26,0,6905000,-6618759,286241
2009/05/27,0,8572000,-7517168,1054832
2009/05/28,0,0,0,0
2009/05/29,0,0,0,0
2009/06/01,0,15707500,-9810000,5897500
2009/06/02,0,8700000,-6085000,2615000
2009/06/03,0,5763427,-5468000,295427
2009/06/04,0,7619000,-14351000,-6732000
2009/06/05,0,8392444,-5979200,2413244
2009/06/08,0,1997000,-4869000,-2872000
2009/06/09,0,10067000,-8370900,1696100
2009/06/10,0,5508000,-9423561,-3915561
2009/06/11,0,17041152,-12032000,5009152
2009/06/12,0,4003000,-6953000,-2950000
2009/06/15,0,5987000,-7163000,-1176000
2009/06/16,0,18354000,-14121750,4232250
2009/06/17,0,23863000,-20637000,3226000
2009/06/18,0,5957000,-10048000,-4091000
2009/06/19,0,7939337,-7224000,715337
2009/06/22,0,4138000,-4517000,-379000
2009/06/23,0,1946400,-10637866,-8691466
2009/06/24,0,16580000,-22762449,-6182449
2009/06/25,0,20903000,-10760000,10143000
2009/06/26,0,14504000,-4174000,10330000
2009/06/29,0,10360000,-7839000,2521000
2009/06/30,0,10492000,-3295746,7196254
2009/07/01,0,5734000,-3454000,2280000
2009/07/02,0,2550580,-3622000,-1071420
2009/07/03,0,2637596,-12789915,-10152319
2009/07/06,0,17120000,-4917000,12203000
2009/07/07,0,10993000,-4688710,6304290
2009/07/08,0,9046000,-5013000,4033000
2009/07/09,0,20961000,-11154000,9807000
2009/07/10,0,7185000,-4296000,2889000
2009/07/13,0,8605000,-20934000,-12329000
2009/07/14,0,4522000,-13774314,-9252314
2009/07/15,0,8646000,-3180000,5466000
2009/07/16,0,6977000,-4446000,2531000
2009/07/17,0,3423000,-1960355,1462645
2009/07/20,0,8385000,-688276,7696724
2009/07/21,0,9667000,-2761920,6905080
2009/07/22,0,28785798,-6554000,22231798
2009/07/23,0,7477000,-4748790,2728210
2009/07/24,0,1845000,-4558330,-2713330
2009/07/27,0,8528930,-1344945,7183985
2009/07/28,0,5962000,-2527000,3435000
2009/07/29,0,1760266,-3884000,-2123734
2009/07/30,0,7466000,-12227000,-4761000
2009/07/31,0,4990000,-6454000,-1464000
2009/08/03,0,7731000,-2015000,5716000
2009/08/04,0,14797000,-16371000,-1574000
2009/08/05,0,12389000,-6805000,5584000
2009/08/06,0,27155000,-16641000,10514000
2009/08/07,0,0,0,0
2009/08/10,0,10127000,-10088417,38583
2009/08/11,0,7665175,-20619000,-12953825
2009/08/12,0,34003800,-44774800,-10771000
2009/08/13,0,13023000,-17984000,-4961000
2009/08/14,0,5954000,-7309000,-1355000
2009/08/17,0,1941000,-5217000,-3276000
2009/08/18,0,2566000,-5600000,-3034000
2009/08/19,0,4623000,-8424886,-3801886
2009/08/20,0,4753892,-7783000,-3029108
2009/08/21,0,9446000,-19897040,-10451040
2009/08/24,0,10525000,-19567000,-9042000
2009/08/25,0,11565000,-11406042,158958
2009/08/26,0,16983500,-16891530,91970
2009/08/27,0,15953000,-15547000,406000
2009/08/28,0,13198000,-3636000,9562000
2009/08/31,0,4270173,-6199718,-1929545
2009/09/01,0,6579392,-16213965,-9634573
2009/09/02,0,4319000,-8501658,-4182658
2009/09/03,0,13918000,-6949000,6969000
2009/09/04,0,13491000,-9618000,3873000
2009/09/07,0,4254000,-4030000,224000
2009/09/08,0,16593000,-12422000,4171000
2009/09/09,0,16255000,-783000,15472000
2009/09/10,0,37814000,-10122870,27691130
2009/09/11,0,15531000,-11565000,3966000
2009/09/14,0,12457000,-14115000,-1658000
2009/09/15,0,9518310,-2884616,6633694
2009/09/16,0,9545000,-2792000,6753000
2009/09/17,0,15746000,-5814234,9931766
2009/09/18,0,7731000,-6714000,1017000
2009/09/21,0,5483000,-3890000,1593000
2009/09/22,0,7193000,-3378463,3814537
2009/09/23,0,11885000,-10399105,1485895
2009/09/24,0,5719000,-5820000,-101000
2009/09/25,0,25731741,-10680040,15051701
2009/09/28,0,1043000,-2427000,-1384000
2009/09/29,0,12495422,-6425000,6070422
2009/09/30,0,14427000,-5272000,9155000
2009/10/01,0,10956000,-21921000,-10965000
2009/10/02,0,6653000,-8755718,-2102718
2009/10/05,0,12825100,-11516960,1308140
2009/10/06,0,16889000,-5188000,11701000
2009/10/07,0,26758000,-16070586,10687414
2009/10/08,0,13872000,-10547000,3325000
2009/10/09,0,6381000,-5541000,840000
2009/10/12,0,2577152,-5032000,-2454848
2009/10/13,0,6475910,-16287983,-9812073
2009/10/14,0,6712000,-25259000,-18547000
2009/10/15,0,11145000,-1022892,10122108
2009/10/16,0,5629000,-8756000,-3127000
2009/10/19,0,4465000,-2885183,1579817
2009/10/20,0,15433044,-4550000,10883044
2009/10/21,0,9697000,-9105000,592000
2009/10/22,0,2991000,-8529000,-5538000
2009/10/23,0,5898927,-3547000,2351927
2009/10/26,0,3681000,-1942000,1739000
2009/10/27,0,2878000,-5867000,-2989000
2009/10/28,0,2990000,-6497700,-3507700
2009/10/29,0,10504000,-16888000,-6384000
2009/10/30,0,4805000,-5385000,-580000
2009/11/02,0,14798500,-17784500,-2986000
2009/11/03,0,19928000,-16269117,3658883
2009/11/04,0,7773766,-9019497,-1245731
2009/11/05,0,9472000,-10373000,-901000
2009/11/06,0,3553000,-4163000,-610000
2009/11/09,0,6111000,-3570000,2541000
2009/11/10,0,3286000,-1215000,2071000
2009/11/11,0,5791000,-4663000,1128000
2009/11/12,0,23114800,-25432800,-2318000
2009/11/13,0,4237000,-12003447,-7766447
2009/11/16,0,8323000,-8171000,152000
2009/11/17,0,11553500,-18222000,-6668500
2009/11/18,0,4422061,-21414229,-16992168
2009/11/19,0,5107536,-10049394,-4941858
2009/11/20,0,3562000,-11101000,-7539000
2009/11/23,0,1178000,-10619000,-9441000
2009/11/24,0,5124000,-15383000,-10259000
2009/11/25,0,6674000,-25250000,-18576000
2009/11/26,0,3075000,-15914000,-12839000
2009/11/27,0,3971000,-26307000,-22336000
2009/11/30,0,7557420,-8815889,-1258469
2009/12/01,0,4558000,-3115296,1442704
2009/12/02,0,6335000,-5324000,1011000
2009/12/03,0,6741785,-4732375,2009410
2009/12/04,0,1123000,-3959235,-2836235
2009/12/07,0,3409562,-5983300,-2573738
2009/12/08,0,3707000,-2056000,1651000
2009/12/09,0,2792000,-1508839,1283161
2009/12/10,0,4638000,-6912273,-2274273
2009/12/11,0,4222000,-8309000,-4087000
2009/12/14,0,2583000,-3715000,-1132000
2009/12/15,0,5516000,-5191000,325000
2009/12/16,0,2899000,-15180000,-12281000
2009/12/17,0,7329140,-7898000,-568860
2009/12/18,0,1561000,-4835000,-3274000
2009/12/21,0,3320000,-4331000,-1011000
2009/12/22,0,2420000,-1340000,1080000
2009/12/23,0,3166000,-2493938,672062
2009/12/24,0,5107000,-6035000,-928000
2009/12/25,0,1982000,-1609000,373000
2009/12/28,0,9547000,-6174000,3373000
2009/12/29,0,5515000,-6836000,-1321000
2009/12/30,0,4843000,-2813000,2030000
2009/12/31,0,4323000,-2873000,1450000
2010/01/01,0,0,0,0
2010/01/04,0,2743000,-978000,1765000
2010/01/05,0,6916000,-1589071,5326929
2010/01/06,0,13190000,-1962000,11228000
2010/01/07,0,7908000,-1638103,6269897
2010/01/08,0,5436220,-3169000,2267220
2010/01/11,0,2275000,-8759000,-6484000
2010/01/12,0,2388358,-12372919,-9984561
2010/01/13,0,3180000,-8820929,-5640929
2010/01/14,0,6340000,-5614960,725040
2010/01/15,0,6396000,-2708000,3688000
2010/01/18,0,2664000,-2025000,639000
2010/01/19,0,4294000,-8029310,-3735310
2010/01/20,0,15500000,-15499000,1000
2010/01/21,0,5112000,-4345000,767000
2010/01/22,0,4564000,-5703000,-1139000
2010/01/25,0,2175240,-5076000,-2900760
2010/01/26,0,6689000,-14463000,-7774000
2010/01/27,0,2187000,-4673150,-2486150
2010/01/28,0,9611000,-4846425,4764575
2010/01/29,0,6292000,-6778570,-486570
2010/02/01,0,12589775,-12518170,71605
2010/02/02,0,3735000,-12579580,-8844580
2010/02/03,0,3041910,-16612000,-13570090
2010/02/04,0,2022000,-14213000,-12191000
2010/02/05,0,13486000,-12988190,497810
2010/02/08,0,4667000,-7307951,-2640951
2010/02/09,0,10897000,-9677600,1219400
2010/02/10,0,3298000,-8060081,-4762081
2010/02/11,0,0,0,0
2010/02/12,0,0,0,0
2010/02/15,0,0,0,0
2010/02/16,0,0,0,0
2010/02/17,0,0,0,0
2010/02/18,0,0,0,0
2010/02/19,0,0,0,0
2010/02/22,0,13672000,-21954000,-8282000
2010/02/23,0,4540372,-22285500,-17745128
2010/02/24,0,18303000,-14878500,3424500
2010/02/25,0,20245000,-12527000,7718000
2010/02/26,0,15757688,-7299284,8458404
2010/03/01,0,4602000,-1432804,3169196
2010/03/02,0,11151033,-3141000,8010033
2010/03/03,0,8046000,-2639541,5406459
2010/03/04,0,7616000,-8338000,-722000
2010/03/05,0,7948000,-3517000,4431000
2010/03/08,0,3560000,-1834810,1725190
2010/03/09,0,2847830,-2081390,766440
2010/03/10,0,6348265,-2553591,3794674
2010/03/11,0,5395000,-6074000,-679000
2010/03/12,0,8087789,-8272112,-184323
2010/03/15,0,6647000,-4020000,2627000
2010/03/16,0,6357001,-1932684,4424317
2010/03/17,0,11571000,-532000,11039000
2010/03/18,0,6563000,-207000,6356000
2010/03/19,0,8442000,-3068982,5373018
2010/03/22,0,5940000,-2474100,3465900
2010/03/23,0,21622850,-1074000,20548850
2010/03/24,0,5315162,-3273000,2042162
2010/03/25,0,4560952,-3926517,634435
2010/03/26,0,5931000,-8425000,-2494000
2010/03/29,0,6697000,-156000,6541000
2010/03/30,0,12363735,-6757577,5606158
2010/03/31,0,2236000,-6661737,-4425737
2010/04/01,0,6375000,-2447638,3927362
2010/04/02,0,2731030,-921000,1810030
2010/04/05,0,0,0,0
2010/04/06,0,4204860,-113000,4091860
2010/04/07,0,3678940,-6169393,-2490453
2010/04/08,0,6596000,-9684000,-3088000
2010/04/09,0,3678000,-6100520,-2422520
2010/04/12,0,6824410,-2969000,3855410
2010/04/13,0,8996000,-6785000,2211000
2010/04/14,0,2451000,-589140,1861860
2010/04/15,0,4086000,-8649500,-4563500
2010/04/16,0,1570770,-5104665,-3533895
2010/04/19,0,2339000,-8801000,-6462000
2010/04/20,0,4334000,-3939100,394900
2010/04/21,0,3041000,-5494413,-2453413
2010/04/22,0,4089000,-6949360,-2860360
2010/04/23,0,3694000,-3034835,659165
2010/04/26,0,18621000,-10101000,8520000
2010/04/27,0,9350000,-7133114,2216886
2010/04/28,0,10438115,-22711440,-12273325
2010/04/29,0,8732000,-12580400,-3848400
2010/04/30,0,12875000,-2482000,10393000
2010/05/03,0,1059000,-2306458,-1247458
2010/05/04,0,892000,-4125000,-3233000
2010/05/05,0,13968289,-11319720,2648569
2010/05/06,0,7656250,-14887000,-7230750
2010/05/07,0,2770540,-29394461,-26623921
2010/05/10,0,1692890,-7275173,-5582283
2010/05/11,0,23731000,-10216000,13515000
2010/05/12,0,11522961,-3560000,7962961
2010/05/13,0,10225000,-475000,9750000
2010/05/14,0,5692909,-3973000,1719909
2010/05/17,0,3514000,-5673000,-2159000
2010/05/18,0,3889000,-2634000,1255000
2010/05/19,0,4171003,-3120500,1050503
2010/05/20,0,2270000,-6093000,-3823000
2010/05/21,0,2764000,-12382800,-9618800
2010/05/24,0,4420000,-4693700,-273700
2010/05/25,0,3555000,-6261000,-2706000
2010/05/26,0,24321560,-16895909,7425651
2010/05/27,0,7126368,-5876570,1249798
2010/05/28,0,5358000,-11042920,-5684920
2010/05/31,0,5298000,-3478000,1820000
2010/06/01,0,3708000,-7715000,-4007000
2010/06/02,0,9951000,-4782000,5169000
2010/06/03,0,10165328,-2235000,7930328
2010/06/04,0,2414000,-1235000,1179000
2010/06/07,0,4631000,-9619000,-4988000
2010/06/08,0,2200000,-16539000,-14339000
2010/06/09,0,2874000,-20234000,-17360000
2010/06/10,0,5691000,-25570000,-19879000
2010/06/11,0,16533520,-7457000,9076520
2010/06/14,0,7722488,-1363000,6359488
2010/06/15,0,14246877,-1636680,12610197
2010/06/16,0,0,0,0
2010/06/17,0,10780566,-2668762,8111804
2010/06/18,0,3416541,-2250782,1165759
2010/06/21,0,14894501,-2114535,12779966
2010/06/22,0,5283522,-6156696,-873174
2010/06/23,0,1850088,-6498583,-4648495
2010/06/24,0,5705342,-6949430,-1244088
2010/06/25,0,8200055,-9838000,-1637945
2010/06/28,0,1503000,-6718000,-5215000
2010/06/29,0,14391000,-5269400,9121600
2010/06/30,0,7106393,-21335000,-14228607
2010/07/01,0,679000,-10652165,-9973165
2010/07/02,0,1833000,-4238960,-2405960
2010/07/05,0,11359258,-8797000,2562258
2010/07/06,0,11966000,-4835242,7130758
2010/07/07,0,6764419,-6211000,553419
2010/07/08,0,7217000,-6449643,767357
2010/07/09,0,8224350,-6115000,2109350
2010/07/12,0,3295503,-4268968,-973465
2010/07/13,0,11947000,-4202307,7744693
2010/07/14,0,15004897,-7388400,7616497
2010/07/15,0,12196000,-8930000,3266000
2010/07/16,0,8516561,-17358672,-8842111
2010/07/19,0,7865000,-5670000,2195000
2010/07/20,0,6592556,-6088000,504556
2010/07/21,0,6234000,-8460000,-2226000
2010/07/22,0,2278000,-3774000,-1496000
2010/07/23,0,7330180,-1077000,6253180
2010/07/26,0,3236250,-3379500,-143250
2010/07/27,0,833355,-1371000,-537645
2010/07/28,0,7502000,-2298099,5203901
2010/07/29,0,9713000,-2269613,7443387
2010/07/30,0,1320000,-3371727,-2051727
2010/08/02,0,11532000,-3353000,8179000
2010/08/03,0,7077000,-9860100,-2783100
2010/08/04,0,14675000,-11882025,2792975
2010/08/05,0,3069000,-5148265,-2079265
2010/08/06,0,4404010,-11407500,-7003490
2010/08/09,0,8967000,-4357000,4610000
2010/08/10,0,6291000,-14600000,-8309000
2010/08/11,0,5686000,-27432845,-21746845
2010/08/12,0,517477,-7319276,-6801799
2010/08/13,0,1562397,-6204001,-4641604
2010/08/16,0,2092000,-7977770,-5885770
2010/08/17,0,1346000,-3306900,-1960900
2010/08/18,0,6471000,-7530000,-1059000
2010/08/19,0,2339000,-10973000,-8634000
2010/08/20,0,1409000,-4334000,-2925000
2010/08/23,0,4499000,-2195962,2303038
2010/08/24,0,3999000,-6137000,-2138000
2010/08/25,0,2727000,-15709000,-12982000
2010/08/26,0,2664000,-10409000,-7745000
2010/08/27,0,4888000,-4042000,846000
2010/08/30,0,3990355,-4869000,-878645
2010/08/31,0,5778000,-3085205,2692795
2010/09/01,0,6150001,-4909000,1241001
2010/09/02,0,2024000,-1691153,332847
2010/09/03,0,3091000,-3233000,-142000
2010/09/06,0,6751000,-5025000,1726000
2010/09/07,0,5471919,-2494404,2977515
2010/09/08,0,1306730,-1899000,-592270
2010/09/09,0,3510000,-2647000,863000
2010/09/10,0,3576350,-2198000,1378350
2010/09/13,0,14117458,-8342000,5775458
2010/09/14,0,9023000,-6307000,2716000
2010/09/15,0,7829659,-4612400,3217259
2010/09/16,0,3083000,-876000,2207000
2010/09/17,0,6719310,-1095000,5624310
2010/09/20,0,2043000,-1111004,931996
2010/09/21,0,2469828,-479395,1990433
2010/09/22,0,0,0,0
2010/09/23,0,10310555,-16996775,-6686220
2010/09/24,0,13842480,-12353000,1489480
2010/09/27,0,1906860,-6509631,-4602771
2010/09/28,0,5295390,-11107321,-5811931
2010/09/29,0,7802000,-15485625,-7683625
2010/09/30,0,2240000,-11049359,-8809359
2010/10/01,0,2131840,-8425000,-6293160
2010/10/04,0,5942713,-13706000,-7763287
2010/10/05,0,4189340,-8814810,-4625470
2010/10/06,0,8852094,-8945507,-93413
2010/10/07,0,4411570,-9866000,-5454430
2010/10/08,0,2677520,-13036265,-10358745
2010/10/11,0,5176601,-14459906,-9283305
2010/10/12,0,1477232,-7700143,-6222911
2010/10/13,0,11684750,-17045811,-5361061
2010/10/14,0,6160610,-11791056,-5630446
2010/10/15,0,2971020,-2697000,274020
2010/10/18,0,5180000,-9521499,-4341499
2010/10/19,0,3235670,-7824584,-4588914
2010/10/20,0,2584000,-7211000,-4627000
2010/10/21,0,3779000,-6987000,-3208000
2010/10/22,0,1386778,-7107984,-5721206
2010/10/25,0,10329000,-3409000,6920000
2010/10/26,0,5398745,-3765657,1633088
2010/10/27,0,3138010,-7097931,-3959921
2010/10/28,0,13476824,-11894186,1582638
2010/10/29,0,1559000,-1684388,-125388
2010/11/01,0,8248000,-625218,7622782
2010/11/02,0,7400000,-422000,6978000
2010/11/03,0,7758000,-986000,6772000
2010/11/04,0,2903324,-4536663,-1633339
2010/11/05,0,2463000,-3561327,-1098327
2010/11/08,0,2042000,-1698477,343523
2010/11/09,0,1911000,-1065000,846000
2010/11/10,0,2590000,-3788021,-1198021
2010/11/11,0,6011000,-3951923,2059077
2010/11/12,0,1896000,-11153143,-9257143
2010/11/15,0,535802,-5083900,-4548098
2010/11/16,0,1626000,-11563617,-9937617
2010/11/17,0,2945000,-15561902,-12616902
2010/11/18,0,1762000,-3252306,-1490306
2010/11/19,0,1382320,-4930079,-3547759
2010/11/22,0,2331130,-1989250,341880
2010/11/23,0,941987,-7303000,-6361013
2010/11/24,0,3213000,-7036132,-3823132
2010/11/25,0,982000,-6326832,-5344832
2010/11/26,0,995000,-2569799,-1574799
2010/11/29,0,2143000,-8030398,-5887398
2010/11/30,0,10172460,-6363278,3809182
2010/12/01,0,10994970,-18059175,-7064205
2010/12/02,0,11740938,-5943469,5797469
2010/12/03,0,3445000,-1790100,1654900
2010/12/06,0,6688000,-4767000,1921000
2010/12/07,0,3916990,-1531570,2385420
2010/12/08,0,3126000,-4667179,-1541179
2010/12/09,0,430205179,-605066160,-174860981
2010/12/10,0,15925309,-112476946,-96551637
2010/12/13,0,13181000,-32664798,-19483798
2010/12/14,0,44565048,-64507657,-19942609
2010/12/15,0,14812000,-24577043,-9765043
2010/12/16,0,13574193,-14968193,-1394000
2010/12/17,0,2370000,-8695479,-6325479
2010/12/20,0,2441470,-6427500,-3986030
2010/12/21,0,3963000,-4234077,-271077
2010/12/22,0,2212000,-9422805,-7210805
2010/12/23,0,1569000,-3770000,-2201000
2010/12/24,0,2849000,-981000,1868000
2010/12/27,0,5310000,-6630000,-1320000
2010/12/28,0,6647000,-577170,6069830
2010/12/29,0,11020410,-6318400,4702010
2010/12/30,0,10949000,-3932000,7017000
2010/12/31,0,7062000,-8811519,-1749519
2011/01/03,0,18875000,-1031000,17844000
2011/01/04,0,12808900,-2839000,9969900
2011/01/05,0,24180000,-9706539,14473461
2011/01/06,0,8016000,-2602391,5413609
2011/01/07,0,13338000,-5038000,8300000
2011/01/10,0,7293000,-3144000,4149000
2011/01/11,0,17603101,-4407676,13195425
2011/01/12,0,27720000,-11445419,16274581
2011/01/13,0,14625017,-7533973,7091044
2011/01/14,0,9839167,-8422597,1416570
2011/01/17,0,5395841,-6189000,-793159
2011/01/18,0,10573000,-8059211,2513789
2011/01/19,0,16408000,-3675000,12733000
2011/01/20,0,8015000,-1426894,6588106
2011/01/21,0,10453000,-4968236,5484764
2011/01/24,0,7455000,-2050000,5405000
2011/01/25,0,9946380,-2275244,7671136
2011/01/26,0,5495000,-1465486,4029514
2011/01/27,0,10727280,-2579140,8148140
2011/01/28,0,7644860,-3491148,4153712
2011/01/31,0,0,0,0
2011/02/01,0,0,0,0
2011/02/02,0,0,0,0
2011/02/03,0,0,0,0
2011/02/04,0,0,0,0
2011/02/07,0,0,0,0
2011/02/08,0,17941000,-4038227,13902773
2011/02/09,0,8976332,-8265726,710606
2011/02/10,0,5813000,-20494930,-14681930
2011/02/11,0,4388544,-15894519,-11505975
2011/02/14,0,2589000,-17179963,-14590963
2011/02/15,0,1384000,-9114460,-7730460
2011/02/16,0,777000,-6892434,-6115434
2011/02/17,0,3936000,-9032281,-5096281
2011/02/18,0,9849000,-11659294,-1810294
2011/02/21,0,8119000,-6404896,1714104
2011/02/22,0,5136000,-9217535,-4081535
2011/02/23,0,7847972,-14586412,-6738440
2011/02/24,0,4079416,-8594453,-4515037
2011/02/25,0,13395000,-17180880,-3785880
2011/02/28,0,0,0,0
2011/03/01,0,8694000,-13901335,-5207335
2011/03/02,0,11314015,-21675977,-10361962
2011/03/03,0,4893000,-8069000,-3176000
2011/03/04,0,4914000,-4669957,244043
2011/03/07,0,3598000,-8522884,-4924884
2011/03/08,0,4775000,-7473434,-2698434
2011/03/09,0,5704966,-10033921,-4328955
2011/03/10,0,12697000,-7183564,5513436
2011/03/11,0,12279567,-10517561,1762006
2011/03/14,0,5252000,-8365642,-3113642
2011/03/15,0,10003150,-16525440,-6522290
2011/03/16,0,13273000,-5816730,7456270
2011/03/17,0,6861000,-3853997,3007003
2011/03/18,0,10237000,-10466250,-229250
2011/03/21,0,3674000,-5084116,-1410116
2011/03/22,0,2426199,-3146625,-720426
2011/03/23,0,6774000,-1606000,5168000
2011/03/24,0,4770000,-2085834,2684166
2011/03/25,0,7557100,-725000,6832100
2011/03/28,0,5775000,-300999,5474001
2011/03/29,0,8112600,-417017,7695583
2011/03/30,0,14057000,-463998,13593002
2011/03/31,0,6120378,-1959447,4160931
2011/04/01,0,5096105,-396337,4699768
2011/04/04,0,0,0,0
2011/04/05,0,0,0,0
2011/04/06,0,22157224,-1698443,20458781
2011/04/07,0,5212529,-996649,4215880
2011/04/08,0,8414372,-3158000,5256372
2011/04/11,0,12468660,-6595274,5873386
2011/04/12,0,3166358,-1813795,1352563
2011/04/13,0,2776000,-898677,1877323
2011/04/14,0,4282837,-3541200,741637
2011/04/15,0,9348000,-3223268,6124732
2011/04/18,0,4731000,-1567636,3163364
2011/04/19,0,4716000,-5629000,-913000
2011/04/20,0,9483026,-798945,8684081
2011/04/21,0,15702098,-2474000,13228098
2011/04/22,0,13117600,-1094000,12023600
2011/04/25,0,3534000,-2387000,1147000
2011/04/26,0,5776355,-2504000,3272355
2011/04/27,0,4048000,-1661000,2387000
2011/04/28,0,2344051,-4992000,-2647949
2011/04/29,0,16942235,-4511000,12431235
2011/05/02,0,0,0,0
2011/05/03,0,12943241,-965000,11978241
2011/05/04,0,2920000,-12927000,-10007000
2011/05/05,0,5085690,-12094849,-7009159
2011/05/06,0,6343499,-4863677,1479822
2011/05/09,0,10532000,-7262525,3269475
2011/05/10,0,4465000,-8355000,-3890000
2011/05/11,0,9545000,-6465418,3079582
2011/05/12,0,5064000,-10473000,-5409000
2011/05/13,0,9901000,-8194340,1706660
2011/05/16,0,8734000,-4377193,4356807
2011/05/17,0,6653700,-8295764,-1642064
2011/05/18,0,8063963,-7959000,104963
2011/05/19,0,15292000,-14203554,1088446
2011/05/20,0,10489000,-6384900,4104100
2011/05/23,0,4932000,-6985000,-2053000
2011/05/24,0,3188000,-3402036,-214036
2011/05/25,0,9397000,-8871290,525710
2011/05/26,0,13006022,-4648493,8357529
2011/05/27,0,3575000,-8162158,-4587158
2011/05/30,0,6615000,-5743109,871891
2011/05/31,0,28760400,-26006425,2753975
2011/06/01,0,8119000,-3471422,4647578
2011/06/02,0,8513000,-1112070,7400930
2011/06/03,0,5221000,-1240439,3980561
2011/06/06,0,0,0,0
2011/06/07,0,3929723,-2007082,1922641
2011/06/08,0,4797000,-2857511,1939489
2011/06/09,0,5196000,-3175538,2020462
2011/06/10,0,8016903,-3563947,4452956
2011/06/13,0,4310000,-2545172,1764828
2011/06/14,0,3560000,-3984000,-424000
2011/06/15,0,16789000,-11859387,4929613
2011/06/16,0,4443126,-4419220,23906
2011/06/17,0,10221000,-3642919,6578081
2011/06/20,0,16711000,-4596106,12114894
2011/06/21,0,10229000,-2740000,7489000
2011/06/22,0,15556900,-6366000,9190900
2011/06/23,0,12784249,-4071886,8712363
2011/06/24,0,26142017,-11427158,14714859
2011/06/27,0,9185000,-11529339,-2344339
2011/06/28,0,4277000,-9459730,-5182730
2011/06/29,0,16088000,-5961500,10126500
2011/06/30,0,8200000,-1501237,6698763
2011/07/01,0,13799303,-1118000,12681303
2011/07/04,0,5385460,-2820518,2564942
2011/07/05,0,12482588,-14952341,-2469753
2011/07/06,0,7055991,-3863493,3192498
2011/07/07,0,7410998,-7019000,391998
2011/07/08,0,3965443,-7018430,-3052987
2011/07/11,0,2658318,-4704000,-2045682
2011/07/12,0,4361955,-10440000,-6078045
2011/07/13,0,4565285,-22098848,-17533563
2011/07/14,0,4842773,-6532000,-1689227
2011/07/15,0,5102690,-14853030,-9750340
2011/07/18,0,9599902,-9885615,-285713
2011/07/19,0,1368000,-3672100,-2304100
2011/07/20,0,10860300,-2172300,8688000
2011/07/21,0,6610504,-16628480,-10017976
2011/07/22,0,7283462,-9342000,-2058538
2011/07/25,0,6721938,-8749000,-2027062
2011/07/26,0,5553408,-3607400,1946008
2011/07/27,0,4176913,-12191930,-8015017
2011/07/28,0,2988164,-2667000,321164
2011/07/29,0,7599270,-4684075,2915195
2011/08/01,0,12075816,-2077999,9997817
2011/08/02,0,2599663,-4934000,-2334337
2011/08/03,0,6383567,-9072563,-2688996
2011/08/04,0,5703370,-2326000,3377370
2011/08/05,0,8266217,-13305293,-5039076
2011/08/08,0,6782903,-28555811,-21772908
2011/08/09,0,7506000,-28277534,-20771534
2011/08/10,0,7311000,-21392045,-14081045
2011/08/11,0,7721000,-28131754,-20410754
2011/08/12,0,3479000,-12533368,-9054368
2011/08/15,0,5018791,-3113000,1905791
2011/08/16,0,3194560,-5748000,-2553440
2011/08/17,0,11812459,-12711993,-899534
2011/08/18,0,8275994,-10082000,-1806006
2011/08/19,0,3396572,-6479000,-3082428
2011/08/22,0,8185946,-11657177,-3471231
2011/08/23,0,12771000,-15335563,-2564563
2011/08/24,0,7964113,-14103457,-6139344
2011/08/25,0,13218514,-6125687,7092827
2011/08/26,0,10133042,-5320300,4812742
2011/08/29,0,10783000,-6813064,3969936
2011/08/30,0,7369177,-6618000,751177
2011/08/31,0,8083029,-4373240,3709789
2011/09/01,0,14694955,-5318597,9376358
2011/09/02,0,4812010,-4694000,118010
2011/09/05,0,1811000,-18106334,-16295334
2011/09/06,0,6499758,-11935337,-5435579
2011/09/07,0,6519050,-12260000,-5740950
2011/09/08,0,10920181,-12671260,-1751079
2011/09/09,0,3384000,-4911454,-1527454
2011/09/12,0,0,0,0
2011/09/13,0,11020771,-53895789,-42875018
2011/09/14,0,14015195,-33999967,-19984772
2011/09/15,0,7205000,-24348958,-17143958
2011/09/16,0,13270000,-20784930,-7514930
2011/09/19,0,8719113,-11544080,-2824967
2011/09/20,0,5086359,-13019609,-7933250
2011/09/21,0,10899058,-11026000,-126942
2011/09/22,0,932036,-18588112,-17656076
2011/09/23,0,4419509,-16230283,-11810774
2011/09/26,0,8105983,-24406039,-16300056
2011/09/27,0,15465877,-36965833,-21499956
2011/09/28,0,16107289,-11668962,4438327
2011/09/29,0,4967130,-19085000,-14117870
2011/09/30,0,6329001,-21353389,-15024388
2011/10/03,0,1783619,-32542351,-30758732
2011/10/04,0,6736000,-17853674,-11117674
2011/10/05,0,2150137,-5346935,-3196798
2011/10/06,0,8413000,-10256483,-1843483
2011/10/07,0,5790000,-3958036,1831964
2011/10/10,0,0,0,0
2011/10/11,0,17687000,-24831388,-7144388
2011/10/12,0,5842432,-5931931,-89499
2011/10/13,0,4386439,-4163989,222450
2011/10/14,0,3390570,-7443273,-4052703
2011/10/17,0,4370580,-3968005,402575
2011/10/18,0,2472187,-7793398,-5321211
2011/10/19,0,3995924,-3977146,18778
2011/10/20,0,6743390,-7145418,-402028
2011/10/21,0,3475093,-4143973,-668880
2011/10/24,0,15437000,-4222478,11214522
2011/10/25,0,9826417,-8408390,1418027
2011/10/26,0,2256000,-9879754,-7623754
2011/10/27,0,6788720,-14606266,-7817546
2011/10/28,0,10690000,-10047004,642996
2011/10/31,0,4561282,-4704071,-142789
2011/11/01,0,5060000,-4026358,1033642
2011/11/02,0,5696000,-24684645,-18988645
2011/11/03,0,18219479,-22032366,-3812887
2011/11/04,0,9657030,-8654783,1002247
2011/11/07,0,2165000,-7729000,-5564000
2011/11/08,0,4061874,-6226000,-2164126
2011/11/09,0,4893088,-5183626,-290538
2011/11/10,0,4586495,-30196251,-25609756
2011/11/11,0,2112000,-3411516,-1299516
2011/11/14,0,2521100,-15916214,-13395114
2011/11/15,0,4519000,-7330954,-2811954
2011/11/16,0,4873000,-9459789,-4586789
2011/11/17,0,5694143,-14014272,-8320129
2011/11/18,0,5198000,-11501649,-6303649
2011/11/21,0,2567870,-12103277,-9535407
2011/11/22,0,2006100,-7812000,-5805900
2011/11/23,0,1883100,-5332000,-3448900
2011/11/24,0,5823000,-8031000,-2208000
2011/11/25,0,9246000,-16456000,-7210000
2011/11/28,0,8110812,-3187000,4923812
2011/11/29,0,8268500,-8494221,-225721
2011/11/30,0,8006947,-9776319,-1769372
2011/12/01,0,7172000,-2535002,4636998
2011/12/02,0,11214000,-4705217,6508783
2011/12/05,0,3616000,-2585843,1030157
2011/12/06,0,5546000,-6903631,-1357631
2011/12/07,0,12338000,-10945230,1392770
2011/12/08,0,2967000,-7316429,-4349429
2011/12/09,0,2854038,-9002951,-6148913
2011/12/12,0,2480000,-2568000,-88000
2011/12/13,0,2418000,-11345237,-8927237
2011/12/14,0,3260000,-4180305,-920305
2011/12/15,0,2607000,-4853000,-2246000
2011/12/16,0,5775000,-14274184,-8499184
2011/12/19,0,4593150,-18176586,-13583436
2011/12/20,0,6271000,-13278040,-7007040
2011/12/21,0,261000,-2951898,-2690898
2011/12/22,0,7212000,-8863000,-1651000
2011/12/23,0,7892000,-5655313,2236687
2011/12/26,0,1223000,-2138000,-915000
2011/12/27,0,3532000,-1208000,2324000
2011/12/28,0,3443253,-920251,2523002
2011/12/29,0,3572000,-1102188,2469812
2011/12/30,0,4136921,-616020,3520901
2012/01/02,0,541000,-2484000,-1943000
2012/01/03,0,4247436,-5494000,-1246564
2012/01/04,0,6300840,-5372508,928332
2012/01/05,0,9957020,-5874309,4082711
2012/01/06,0,7081714,-7659000,-577286
2012/01/09,0,3603000,-4278730,-675730
2012/01/10,0,9518000,-4301775,5216225
2012/01/11,0,7015000,-9357440,-2342440
2012/01/12,0,6025000,-4736589,1288411
2012/01/13,0,9626000,-2100200,7525800
2012/01/16,0,14178000,-12309644,1868356
2012/01/17,0,3597000,-11052377,-7455377
2012/01/18,0,8688991,-18204802,-9515811
2012/01/19,0,0,0,0
2012/01/20,0,0,0,0
2012/01/23,0,0,0,0
2012/01/24,0,0,0,0
2012/01/25,0,0,0,0
2012/01/26,0,0,0,0
2012/01/27,0,0,0,0
2012/01/30,0,20196641,-8876237,11320404
2012/01/31,0,15718203,-19577406,-3859203
2012/02/01,0,3858000,-7869557,-4011557
2012/02/02,0,13960000,-7233644,6726356
2012/02/03,0,9920000,-8715966,1204034
2012/02/06,0,5253000,-12409462,-7156462
2012/02/07,0,5715000,-1746445,3968555
2012/02/08,0,9166000,-5190683,3975317
2012/02/09,0,11888000,-10871532,1016468
2012/02/10,0,10680000,-3064649,7615351
2012/02/13,0,6373000,-8671834,-2298834
2012/02/14,0,7940658,-10159310,-2218652
2012/02/15,0,13789000,-14548472,-759472
2012/02/16,0,3894450,-10080961,-6186511
2012/02/17,0,8517000,-3729000,4788000
2012/02/20,0,2212000,-2428000,-216000
2012/02/21,0,2619000,-7389000,-4770000
2012/02/22,0,6859000,-5034328,1824672
2012/02/23,0,2808185,-13139445,-10331260
2012/02/24,0,7811981,-10426000,-2614019
2012/02/27,0,0,0,0
2012/02/28,0,0,0,0
2012/02/29,0,15154524,-11485232,3669292
2012/03/01,0,3604996,-2607271,997725
2012/03/02,0,3685471,-5799614,-2114143
2012/03/05,0,2720410,-8309223,-5588813
2012/03/06,0,3580000,-2486422,1093578
2012/03/07,0,2506000,-17285000,-14779000
2012/03/08,0,3967000,-13443778,-9476778
2012/03/09,0,4005000,-4884000,-879000
2012/03/12,0,1926000,-2638257,-712257
2012/03/13,0,14760000,-3341951,11418049
2012/03/14,0,8685200,-5336689,3348511
2012/03/15,0,2626000,-1535535,1090465
2012/03/16,0,2112000,-2049977,62023
2012/03/19,0,1505000,-2720000,-1215000
2012/03/20,0,2146000,-4250788,-2104788
2012/03/21,0,8700257,-8027257,673000
2012/03/22,0,4526000,-5685685,-1159685
2012/03/23,0,3302000,-2276700,1025300
2012/03/26,0,3020857,-10566322,-7545465
2012/03/27,0,5618000,-3641000,1977000
2012/03/28,0,2446000,-4828114,-2382114
2012/03/29,0,5842000,-3414000,2428000
2012/03/30,0,6751542,-9747505,-2995963
2012/04/02,0,4065000,-7344093,-3279093
2012/04/03,0,8819540,-2161602,6657938
2012/04/04,0,0,0,0
2012/04/05,0,8400000,-12075020,-3675020
2012/04/06,0,3913000,-7091033,-3178033
2012/04/09,0,3410000,-5765991,-2355991
2012/04/10,0,3640000,-3480227,159773
2012/04/11,0,2682000,-5058551,-2376551
2012/04/12,0,4392100,-6819043,-2426943
2012/04/13,0,4790382,-6809355,-2018973
2012/04/16,0,2560000,-5895000,-3335000
2012/04/17,0,6342000,-9092126,-2750126
2012/04/18,0,8132000,-11208992,-3076992
2012/04/19,0,5380685,-13148121,-7767436
2012/04/20,0,4001000,-6867525,-2866525
2012/04/23,0,3099859,-3107081,-7222
2012/04/24,0,2208000,-9079497,-6871497
2012/04/25,0,8351000,-5951000,2400000
2012/04/26,0,2075000,-8679195,-6604195
2012/04/27,0,3481407,-10560000,-7078593
2012/04/30,0,3664000,-12618127,-8954127
2012/05/01,0,0,0,0
2012/05/02,0,6984000,-13365294,-6381294
2012/05/03,0,2914000,-12349011,-9435011
2012/05/04,0,8731000,-15743000,-7012000
2012/05/07,0,3298000,-15203000,-11905000
2012/05/08,0,2643000,-9381997,-6738997
2012/05/09,0,2612000,-7804497,-5192497
2012/05/10,0,2171990,-1614780,557210
2012/05/11,0,3183021,-6872349,-3689328
2012/05/14,0,660000,-3295000,-2635000
2012/05/15,0,3091000,-6836583,-3745583
2012/05/16,0,9218203,-7110331,2107872
2012/05/17,0,9926000,-5347000,4579000
2012/05/18,0,5294000,-7545840,-2251840
2012/05/21,0,2105000,-4393000,-2288000
2012/05/22,0,2069000,-6613388,-4544388
2012/05/23,0,4053627,-8207082,-4153455
2012/05/24,0,3823000,-4714319,-891319
2012/05/25,0,5601000,-5247167,353833
2012/05/28,0,5156990,-8505896,-3348906
2012/05/29,0,7617580,-13513000,-5895420
2012/05/30,0,10309000,-21465930,-11156930
2012/05/31,0,33615839,-35117792,-1501953
2012/06/01,0,4789000,-7454845,-2665845
2012/06/04,0,6497067,-5118654,1378413
2012/06/05,0,7121000,-6282907,838093
2012/06/06,0,4276000,-5793208,-1517208
2012/06/07,0,9145635,-7748558,1397077
2012/06/08,0,1477962,-3784283,-2306321
2012/06/11,0,7140195,-2806678,4333517
2012/06/12,0,3346000,-4314000,-968000
2012/06/13,0,1497197,-5726265,-4229068
2012/06/14,0,5378563,-6761125,-1382562
2012/06/15,0,20080000,-22268870,-2188870
2012/06/18,0,10453241,-3689735,6763506
2012/06/19,0,8041982,-6511597,1530385
2012/06/20,0,8181490,-3412083,4769407
2012/06/21,0,3908895,-2978537,930358
2012/06/22,0,3246364,-4992000,-1745636
2012/06/25,0,3644000,-4708683,-1064683
2012/06/26,0,2003000,-1990000,13000
2012/06/27,0,3042000,-2769165,272835
2012/06/28,0,2395000,-3405775,-1010775
2012/06/29,0,9247000,-2002905,7244095
2012/07/02,0,3044000,-4340000,-1296000
2012/07/03,0,10414143,-1149000,9265143
2012/07/04,0,6737728,-766000,5971728
2012/07/05,0,2674000,-805700,1868300
2012/07/06,0,5296000,-3290335,2005665
2012/07/09,0,2269000,-791854,1477146
2012/07/10,0,3098688,-4338798,-1240110
2012/07/11,0,4928000,-2659499,2268501
2012/07/12,0,3456760,-7978819,-4522059
2012/07/13,0,3849659,-3277032,572627
2012/07/16,0,1740000,-1930266,-190266
2012/07/17,0,4857080,-2954663,1902417
2012/07/18,0,1990000,-5501841,-3511841
2012/07/19,0,5005000,-1427143,3577857
2012/07/20,0,2719000,-923286,1795714
2012/07/23,0,2238210,-4636966,-2398756
2012/07/24,0,4023000,-2451786,1571214
2012/07/25,0,1175000,-4854958,-3679958
2012/07/26,0,2964000,-3911169,-947169
2012/07/27,0,7411000,-1987491,5423509
2012/07/30,0,5498397,-3937000,1561397
2012/07/31,0,11379887,-6094109,5285778
2012/08/01,0,4308000,-4230600,77400
2012/08/02,0,0,0,0
2012/08/03,0,3206250,-3555845,-349595
2012/08/06,0,7950000,-770620,7179380
2012/08/07,0,6944938,-1422000,5522938
2012/08/08,0,5206625,-1515536,3691089
2012/08/09,0,9133000,-2966880,6166120
2012/08/10,0,4031000,-2034098,1996902
2012/08/13,0,4549968,-3801690,748278
2012/08/14,0,8186902,-3994804,4192098
2012/08/15,0,4938400,-7064000,-2125600
2012/08/16,0,4548000,-8830000,-4282000
2012/08/17,0,4582000,-4837390,-255390
2012/08/20,0,1267000,-4660000,-3393000
2012/08/21,0,8191981,-6536781,1655200
2012/08/22,0,5170340,-6428000,-1257660
2012/08/23,0,4152912,-4647478,-494566
2012/08/24,0,3002000,-6357120,-3355120
2012/08/27,0,2797000,-6532194,-3735194
2012/08/28,0,2461597,-11702529,-9240932
2012/08/29,0,2457820,-6571000,-4113180
2012/08/30,0,5304000,-12560353,-7256353
2012/08/31,0,3015616,-3474604,-458988
2012/09/03,0,1420000,-6668912,-5248912
2012/09/04,0,1179000,-4283300,-3104300
2012/09/05,0,3690222,-11914223,-8224001
2012/09/06,0,3238000,-3265793,-27793
2012/09/07,0,5659626,-1798098,3861528
2012/09/10,0,3668000,-3446000,222000
2012/09/11,0,3704573,-2599000,1105573
2012/09/12,0,6233000,-3525000,2708000
2012/09/13,0,4523000,-2206471,2316529
2012/09/14,0,16267000,-8722000,7545000
2012/09/17,0,11181000,-8182000,2999000
2012/09/18,0,7835000,-6177000,1658000
2012/09/19,0,14952000,-10227000,4725000
2012/09/20,0,6966180,-11236000,-4269820
2012/09/21,0,9967759,-7394000,2573759
2012/09/24,0,6091223,-5892149,199074
2012/09/25,0,8048000,-5427545,2620455
2012/09/26,0,4402000,-4046591,355409
2012/09/27,0,8370000,-4298301,4071699
2012/09/28,0,8319196,-3892527,4426669
2012/10/01,0,3189000,-2042994,1146006
2012/10/02,0,3685000,-3158627,526373
2012/10/03,0,1573000,-2119711,-546711
2012/10/04,0,7629000,-3412735,4216265
2012/10/05,0,5441123,-9041785,-3600662
2012/10/08,0,6640300,-4148946,2491354
2012/10/09,0,17017000,-7538676,9478324
2012/10/10,0,0,0,0
2012/10/11,0,10480863,-5378000,5102863
2012/10/12,0,6829000,-5791000,1038000
2012/10/15,0,3988000,-3648380,339620
2012/10/16,0,6376000,-5628858,747142
2012/10/17,0,5489000,-5104814,384186
2012/10/18,0,7250000,-3842029,3407971
2012/10/19,0,3399000,-4264630,-865630
2012/10/22,0,4038000,-3083259,954741
2012/10/23,0,2560060,-4656649,-2096589
2012/10/24,0,5626000,-4947726,678274
2012/10/25,0,5713000,-5872937,-159937
2012/10/26,0,2026000,-9118143,-7092143
2012/10/29,0,5613500,-6082096,-468596
2012/10/30,0,3350000,-7921700,-4571700
2012/10/31,0,3382000,-5504679,-2122679
2012/11/01,0,5510000,-10029043,-4519043
2012/11/02,0,7021000,-1975000,5046000
2012/11/05,0,2807541,-2837000,-29459
2012/11/06,0,5403000,-1712872,3690128
2012/11/07,0,6783000,-2304987,4478013
2012/11/08,0,5888000,-8190450,-2302450
2012/11/09,0,2750000,-3912000,-1162000
2012/11/12,0,2459000,-1532000,927000
2012/11/13,0,1979000,-6747000,-4768000
2012/11/14,0,4579000,-6318000,-1739000
2012/11/15,0,1689000,-6688117,-4999117
2012/11/16,0,4787000,-8923835,-4136835
2012/11/19,0,6095000,-5624114,470886
2012/11/20,0,2498000,-2522698,-24698
2012/11/21,0,3557000,-6489000,-2932000
2012/11/22,0,2663431,-1209046,1454385
2012/11/23,0,8450000,-1080000,7370000
2012/11/26,0,4827000,-1586500,3240500
2012/11/27,0,6133000,-1886050,4246950
2012/11/28,0,4081200,-3752000,329200
2012/11/29,0,11090000,-3547259,7542741
2012/11/30,0,13564000,-3646140,9917860
2012/12/03,0,5536000,-3785490,1750510
2012/12/04,0,3581462,-1405000,2176462
2012/12/05,0,6468000,-814129,5653871
2012/12/06,0,6002399,-809312,5193087
2012/12/07,0,4983000,-714000,4269000
2012/12/10,0,3936000,-1939737,1996263
2012/12/11,0,9586686,-7741510,1845176
2012/12/12,0,11077000,-4874334,6202666
2012/12/13,0,9775345,-4771100,5004245
2012/12/14,0,5898699,-2171425,3727274
2012/12/17,0,4059000,-3043236,1015764
2012/12/18,0,6150000,-3921954,2228046
2012/12/19,0,13874620,-1532494,12342126
2012/12/20,0,4649002,-4101000,548002
2012/12/21,0,4079000,-4511739,-432739
2012/12/24,0,1207000,-399000,808000
2012/12/25,0,3024000,-269000,2755000
2012/12/26,0,2695000,-641646,2053354
2012/12/27,0,3617574,-1068000,2549574
2012/12/28,0,9690000,-1092000,8598000
2012/12/31,0,0,0,0
2013/01/01,0,0,0,0
2013/01/02,0,8289837,-2797000,5492837
2013/01/03,0,11591000,-7109584,4481416
2013/01/04,0,7147000,-5314000,1833000
2013/01/07,0,12886000,-5353991,7532009
2013/01/08,0,8299000,-6639000,1660000
2013/01/09,0,19789623,-3113766,16675857
2013/01/10,0,25859000,-5681837,20177163
2013/01/11,0,5083000,-8023100,-2940100
2013/01/14,0,4050994,-4098021,-47027
2013/01/15,0,3656000,-7694324,-4038324
2013/01/16,0,4113376,-4053343,60033
2013/01/17,0,5210400,-3619000,1591400
2013/01/18,0,8141000,-2340960,5800040
2013/01/21,0,4105000,-3197000,908000
2013/01/22,0,7908700,-3258361,4650339
2013/01/23,0,7323000,-3752487,3570513
2013/01/24,0,6185000,-4360499,1824501
2013/01/25,0,4369000,-5327451,-958451
2013/01/28,0,5298000,-2805750,2492250
2013/01/29,0,6060100,-3467161,2592939
2013/01/30,0,9372349,-4419242,4953107
2013/01/31,0,20145629,-9249575,10896054
2013/02/01,0,4433812,-2364324,2069488
2013/02/04,0,13715000,-2487000,11228000
2013/02/05,0,14864000,-5889417,8974583
2013/02/06,0,8000062,-6294272,1705790
2013/02/07,0,0,0,0
2013/02/08,0,0,0,0
2013/02/11,0,0,0,0
2013/02/12,0,0,0,0
2013/02/13,0,0,0,0
2013/02/14,0,0,0,0
2013/02/15,0,0,0,0
2013/02/18,0,6986516,-8339371,-1352855
2013/02/19,0,3771000,-4760447,-989447
2013/02/20,0,11073837,-5640294,5433543
2013/02/21,0,4645907,-7124440,-2478533
2013/02/22,0,13828000,-4566038,9261962
2013/02/25,0,5604000,-4863519,740481
2013/02/26,0,6826000,-4780454,2045546
2013/02/27,0,12931000,-4117628,8813372
2013/02/28,0,0,0,0
2013/03/01,0,6950000,-7407000,-457000
2013/03/04,0,4356000,-8924000,-4568000
2013/03/05,0,9673000,-7738000,1935000
2013/03/06,0,7147548,-4987854,2159694
2013/03/07,0,5995000,-4507877,1487123
2013/03/08,0,15070400,-3271959,11798441
2013/03/11,0,16276200,-11667100,4609100
2013/03/12,0,11732000,-8571827,3160173
2013/03/13,0,18807000,-10117728,8689272
2013/03/14,0,11815000,-4645129,7169871
2013/03/15,0,8918686,-5444758,3473928
2013/03/18,0,12949000,-7184300,5764700
2013/03/19,0,8107000,-8416193,-309193
2013/03/20,0,9216000,-18489759,-9273759
2013/03/21,0,15924906,-5651000,10273906
2013/03/22,0,10885917,-5220330,5665587
2013/03/25,0,7955000,-5385000,2570000
2013/03/26,0,5595542,-4096000,1499542
2013/03/27,0,7255000,-1845735,5409265
2013/03/28,0,4866000,-5063807,-197807
2013/03/29,0,2729000,-1803760,925240
2013/04/01,0,903421,-1753000,-849579
2013/04/02,0,9181000,-6776000,2405000
2013/04/03,0,5290000,-4270401,1019599
2013/04/04,0,0,0,0
2013/04/05,0,0,0,0
2013/04/08,0,9455696,-9514203,-58507
2013/04/09,0,6421000,-4773093,1647907
2013/04/10,0,6573000,-4743000,1830000
2013/04/11,0,3980607,-3104124,876483
2013/04/12,0,5521000,-2239037,3281963
2013/04/15,0,2865390,-2143100,722290
2013/04/16,0,4701916,-5540000,-838084
2013/04/17,0,18650000,-10614543,8035457
2013/04/18,0,13333119,-11305939,2027180
2013/04/19,0,9028000,-5546165,3481835
2013/04/22,0,7979000,-4981300,2997700
2013/04/23,0,5494000,-3380881,2113119
2013/04/24,0,6449000,-4191899,2257101
2013/04/25,0,8933205,-1840035,7093170
2013/04/26,0,10739000,-2554000,8185000
2013/04/29,0,6384000,-3004000,3380000
2013/04/30,0,8031296,-6135517,1895779
2013/05/01,0,0,0,0
2013/05/02,0,5437000,-1954405,3482595
2013/05/03,0,2963000,-181000,2782000
2013/05/06,0,5032000,-3347444,1684556
2013/05/07,0,5465000,-4122139,1342861
2013/05/08,0,10085550,-4208564,5876986
2013/05/09,0,5071531,-1330196,3741335
2013/05/10,0,12934000,-6141000,6793000
2013/05/13,0,5825000,-4359628,1465372
2013/05/14,0,6952000,-3037904,3914096
2013/05/15,0,15907360,-6608765,9298595
2013/05/16,0,9676000,-1145000,8531000
2013/05/17,0,3031578,-1296672,1734906
2013/05/20,0,4055196,-2414000,1641196
2013/05/21,0,2210500,-5382466,-3171966
2013/05/22,0,4601500,-5792108,-1190608
2013/05/23,0,3403000,-10535758,-7132758
2013/05/24,0,4895519,-3858200,1037319
2013/05/27,0,5155466,-5680000,-524534
2013/05/28,0,7389000,-9043200,-1654200
2013/05/29,0,10075000,-8766971,1308029
2013/05/30,0,7391000,-12136000,-4745000
2013/05/31,0,9839956,-13343989,-3504033
2013/06/03,0,6389000,-9519873,-3130873
2013/06/04,0,5689000,-4770000,919000
2013/06/05,0,10724000,-6898894,3825106
2013/06/06,0,8539288,-8430737,108551
2013/06/07,0,8583000,-10917159,-2334159
2013/06/10,0,6325500,-6716000,-390500
2013/06/11,0,7001306,-11550002,-4548696
2013/06/12,0,0,0,0
2013/06/13,0,10853000,-11813443,-960443
2013/06/14,0,5360929,-5889929,-529000
2013/06/17,0,6413000,-3228731,3184269
2013/06/18,0,4599533,-5448076,-848543
2013/06/19,0,2894000,-5932752,-3038752
2013/06/20,0,3639000,-5977680,-2338680
2013/06/21,0,7629000,-15142290,-7513290
2013/06/24,0,4710000,-10526609,-5816609
2013/06/25,0,2666000,-23538188,-20872188
2013/06/26,0,16501000,-10662562,5838438
2013/06/27,0,14762000,-4723987,10038013
2013/06/28,0,31170700,-7947800,23222900
2013/07/01,0,6041000,-7324000,-1283000
2013/07/02,0,11496059,-23740539,-12244480
2013/07/03,0,30477000,-73528178,-43051178
2013/07/04,0,16190000,-29413000,-13223000
2013/07/05,0,20845044,-19738000,1107044
2013/07/08,0,24671000,-25462000,-791000
2013/07/09,0,16753580,-14557147,2196433
2013/07/10,0,28039000,-23064000,4975000
2013/07/11,0,39818178,-18868994,20949184
2013/07/12,0,110817000,-85885000,24932000
2013/07/15,0,44195589,-53808299,-9612710
2013/07/16,0,33706000,-49830950,-16124950
2013/07/17,0,58405068,-66959674,-8554606
2013/07/18,0,63742000,-53557000,10185000
2013/07/19,0,27812769,-21216606,6596163
2013/07/22,0,17983863,-18555950,-572087
2013/07/23,0,36970000,-23839918,13130082
2013/07/24,0,11312057,-10564000,748057
2013/07/25,0,8013000,-8149000,-136000
2013/07/26,0,9998000,-12313000,-2315000
2013/07/29,0,5829270,-2399640,3429630
2013/07/30,0,21265850,-11567850,9698000
2013/07/31,0,24428000,-11479657,12948343
2013/08/01,0,11706000,-7864000,3842000
2013/08/02,0,12466600,-5220410,7246190
2013/08/05,0,5705962,-1917389,3788573
2013/08/06,0,4522500,-6323000,-1800500
2013/08/07,0,7250000,-7247000,3000
2013/08/08,0,5340017,-6428833,-1088816
2013/08/09,0,2558370,-7607000,-5048630
2013/08/12,0,1705000,-1638000,67000
2013/08/13,0,8717540,-3940000,4777540
2013/08/14,0,2844077,-5247000,-2402923
2013/08/15,0,7314000,-12590394,-5276394
2013/08/16,0,4200422,-8591065,-4390643
2013/08/19,0,4666896,-5040440,-373544
2013/08/20,0,10543021,-7375644,3167377
2013/08/21,0,0,0,0
2013/08/22,0,9260719,-17001830,-7741111
2013/08/23,0,4415000,-8788616,-4373616
2013/08/26,0,1686000,-2285000,-599000
2013/08/27,0,1682520,-4759848,-3077328
2013/08/28,0,4294000,-8299192,-4005192
2013/08/29,0,6628924,-5828028,800896
2013/08/30,0,8841500,-5869000,2972500
2013/09/02,0,2803000,-3281000,-478000
2013/09/03,0,5838100,-5465984,372116
2013/09/04,0,6966000,-6427090,538910
2013/09/05,0,8892375,-9842480,-950105
2013/09/06,0,9226000,-12977000,-3751000
2013/09/09,0,11047640,-7304000,3743640
2013/09/10,0,9869000,-19857127,-9988127
2013/09/11,0,25598000,-17968826,7629174
2013/09/12,0,10132000,-14072261,-3940261
2013/09/13,0,7151000,-5503135,1647865
2013/09/16,0,11289000,-6022000,5267000
2013/09/17,0,7806000,-2933542,4872458
2013/09/18,0,13253107,-11487000,1766107
2013/09/19,0,0,0,0
2013/09/20,0,0,0,0
2013/09/23,0,16502117,-9726031,6776086
2013/09/24,0,4493000,-9223878,-4730878
2013/09/25,0,9171508,-7391953,1779555
2013/09/26,0,4674000,-5801477,-1127477
2013/09/27,0,7272000,-5756522,1515478
2013/09/30,0,4422000,-8725357,-4303357
2013/10/01,0,3423000,-4695381,-1272381
2013/10/02,0,4958074,-7385649,-2427575
2013/10/03,0,18803686,-6850000,11953686
2013/10/04,0,7195000,-5284503,1910497
2013/10/07,0,4853836,-3526835,1327001
2013/10/08,0,7138000,-2733994,4404006
2013/10/09,0,8283000,-6292000,1991000
2013/10/10,0,0,0,0
2013/10/11,0,10044000,-5578994,4465006
2013/10/14,0,8502000,-2224606,6277394
2013/10/15,0,13691000,-6370676,7320324
2013/10/16,0,13552000,-4840288,8711712
2013/10/17,0,8756000,-4189000,4567000
2013/10/18,0,2933000,-5899690,-2966690
2013/10/21,0,6343000,-599004,5743996
2013/10/22,0,5996000,-4750000,1246000
2013/10/23,0,3719749,-6036000,-2316251
2013/10/24,0,2376000,-6079799,-3703799
2013/10/25,0,5517046,-6921000,-1403954
2013/10/28,0,5025000,-1789000,3236000
2013/10/29,0,8407500,-3637947,4769553
2013/10/30,0,14248000,-2476052,11771948
2013/10/31,0,9047000,-4702494,4344506
2013/11/01,0,3170000,-6630882,-3460882
2013/11/04,0,1947000,-4857742,-2910742
2013/11/05,0,3767000,-4794844,-1027844
2013/11/06,0,5252000,-6324000,-1072000
2013/11/07,0,2651000,-4658000,-2007000
2013/11/08,0,5786000,-4663581,1122419
2013/11/11,0,1934000,-3863000,-1929000
2013/11/12,0,8629000,-4519717,4109283
2013/11/13,0,4942784,-7607510,-2664726
2013/11/14,0,2627000,-2737000,-110000
2013/11/15,0,855000,-1460641,-605641
2013/11/18,0,8226310,-1693236,6533074
2013/11/19,0,12667253,-10977224,1690029
2013/11/20,0,9792860,-9001164,791696
2013/11/21,0,2351000,-7620500,-5269500
2013/11/22,0,2988000,-2992571,-4571
2013/11/25,0,9100000,-876848,8223152
2013/11/26,0,7501216,-9340123,-1838907
2013/11/27,0,4067836,-4160000,-92164
2013/11/28,0,5677000,-5124889,552111
2013/11/29,0,13225495,-7424575,5800920
2013/12/02,0,2514891,-1586000,928891
2013/12/03,0,2454986,-3835915,-1380929
2013/12/04,0,3171000,-3576000,-405000
2013/12/05,0,5701976,-6101628,-399652
2013/12/06,0,5742000,-6717556,-975556
2013/12/09,0,7833000,-2603862,5229138
2013/12/10,0,6760000,-2682865,4077135
2013/12/11,0,7872000,-4232349,3639651
2013/12/12,0,2431000,-3724020,-1293020
2013/12/13,0,4324000,-7891000,-3567000
2013/12/16,0,1731000,-3185556,-1454556
2013/12/17,0,8310000,-3836304,4473696
2013/12/18,0,2793000,-5242791,-2449791
2013/12/19,0,9394000,-3368000,6026000
2013/12/20,0,9848000,-3134700,6713300
2013/12/23,0,6589850,-2108000,4481850
2013/12/24,0,1415000,-877000,538000
2013/12/25,0,1289000,-161000,1128000
2013/12/26,0,103000,-440000,-337000
2013/12/27,0,5058000,-610101,4447899
2013/12/30,0,7525000,-305031,7219969
2013/12/31,0,2610000,-1334000,1276000
2014/01/02,0,2645000,-1634000,1011000
2014/01/03,0,2320000,-3067000,-747000
2014/01/06,0,1931000,-4157947,-2226947
2014/01/07,0,6089000,-2970836,3118164
2014/01/08,0,5051000,-2138000,2913000
2014/01/09,0,7673000,-2415000,5258000
2014/01/10,0,6216000,-6467142,-251142
2014/01/13,0,3601111,-1941353,1659758
2014/01/14,0,4633000,-3363712,1269288
2014/01/15,0,7008000,-4547182,2460818
2014/01/16,0,4351000,-2740719,1610281
2014/01/17,0,3947836,-2738815,1209021
2014/01/20,0,4480339,-930000,3550339
2014/01/21,0,3956000,-3987115,-31115
2014/01/22,0,4485000,-2352500,2132500
2014/01/23,0,2893000,-6607000,-3714000
2014/01/24,0,7093800,-9960499,-2866699
2014/01/27,0,10252000,-20858902,-10606902
2014/02/05,0,14103970,-32754852,-18650882
2014/02/06,0,5661814,-13034251,-7372437
2014/02/07,0,4551000,-9682085,-5131085
2014/02/10,0,952000,-5312042,-4360042
2014/02/11,0,1950426,-3086960,-1136534
2014/02/12,0,4931360,-4162252,769108
2014/02/13,0,3073138,-2875000,198138
2014/02/14,0,8151000,-5010053,3140947
2014/02/17,0,3265000,-2552000,713000
2014/02/18,0,6047000,-791848,5255152
2014/02/19,0,8639000,-2938975,5700025
2014/02/20,0,4650000,-1820579,2829421
2014/02/21,0,6053000,-2017000,4036000
2014/02/24,0,6848000,-5772030,1075970
2014/02/25,0,6098903,-5778351,320552
2014/02/26,0,6502000,-9105584,-2603584
2014/02/27,0,9539272,-6202420,3336852
2014/03/03,0,8459560,-13173358,-4713798
2014/03/04,0,3244000,-6415511,-3171511
2014/03/05,0,2669000,-3581744,-912744
2014/03/06,0,5599000,-8366259,-2767259
2014/03/07,0,6075000,-7790462,-1715462
2014/03/10,0,2689000,-13579965,-10890965
2014/03/11,0,3667000,-10270621,-6603621
2014/03/12,0,3044000,-11644816,-8600816
2014/03/13,0,3375000,-19834616,-16459616
2014/03/14,0,3150000,-6673931,-3523931
2014/03/17,0,5227000,-2435051,2791949
2014/03/18,0,4803000,-11948410,-7145410
2014/03/19,0,1540000,-10818889,-9278889
2014/03/20,0,2546000,-12724408,-10178408
2014/03/21,0,7008000,-9022710,-2014710
2014/03/24,0,11691390,-6788942,4902448
2014/03/25,0,5785000,-6424450,-639450
2014/03/26,0,5789000,-4949000,840000
2014/03/27,0,5805000,-9369540,-3564540
2014/03/28,0,11124000,-10497000,627000
2014/03/31,0,8565026,-6575900,1989126
2014/04/01,0,5378000,-1971978,3406022
2014/04/02,0,7205000,-2019000,5186000
2014/04/03,0,7924000,-9653899,-1729899
2014/04/07,0,7840000,-8321783,-481783
2014/04/08,0,1219962,-3537975,-2318013
2014/04/09,0,11869000,-15169141,-3300141
2014/04/10,0,7459290,-8707524,-1248234
2014/04/11,0,6584000,-3409782,3174218
2014/04/14,0,5308000,-4514000,794000
2014/04/15,0,4041000,-4565607,-524607
2014/04/16,0,12526010,-7183992,5342018
2014/04/17,0,6254000,-4364400,1889600
2014/04/18,0,2906000,-1710000,1196000
2014/04/21,0,472000,-5342000,-4870000
2014/04/22,0,3760000,-2624000,1136000
2014/04/23,0,6307000,-6061486,245514
2014/04/24,0,7800000,-5618346,2181654
2014/04/25,0,5868000,-10963000,-5095000
2014/04/28,0,7165000,-11540354,-4375354
2014/04/29,0,6472000,-6219000,253000
2014/04/30,0,7293000,-9787324,-2494324
2014/05/02,0,7874000,-1221000,6653000
2014/05/05,0,1756850,-2952000,-1195150
2014/05/06,0,2585000,-3428871,-843871
2014/05/07,0,8465000,-14619449,-6154449
2014/05/08,0,8452000,-11414502,-2962502
2014/05/09,0,6054000,-13186997,-7132997
2014/05/12,0,1932962,-3703000,-1770038
2014/05/13,0,8108000,-10747000,-2639000
2014/05/14,0,11032000,-9746955,1285045
2014/05/15,0,3219000,-4672000,-1453000
2014/05/16,0,9414000,-8578312,835688
2014/05/19,0,13980000,-10215356,3764644
2014/05/20,0,10158000,-9625387,532613
2014/05/21,0,5795000,-9988765,-4193765
2014/05/22,0,16241000,-10088000,6153000
2014/05/23,0,18275000,-4597860,13677140
2014/05/26,0,16320000,-6677530,9642470
2014/05/27,0,11534000,-3507000,8027000
2014/05/28,0,20790586,-11560750,9229836
2014/05/29,0,25276000,-8853147,16422853
2014/05/30,0,27044000,-11941233,15102767
2014/06/03,0,18376708,-13218979,5157729
2014/06/04,0,10087000,-4147867,5939133
2014/06/05,0,5923000,-4592750,1330250
2014/06/06,0,7018000,-2090000,4928000
2014/06/09,0,5674000,-2394470,3279530
2014/06/10,0,10537712,-886900,9650812
2014/06/11,0,5143000,-2282304,2860696
2014/06/12,0,3421000,-1739000,1682000
2014/06/13,0,2842000,-2609910,232090
2014/06/16,0,7836000,-2358351,5477649
2014/06/17,0,6432000,-3596649,2835351
2014/06/18,0,10503000,-4009440,6493560
2014/06/19,0,4591944,-2500400,2091544
2014/06/20,0,3315100,-14446391,-11131291
2014/06/23,0,7647000,-2275861,5371139
2014/06/24,0,6953270,-2347750,4605520
2014/06/25,0,12138000,-3942015,8195985
2014/06/26,0,6989869,-5753000,1236869
2014/06/27,0,6517000,-4318250,2198750
2014/06/30,0,8982000,-4808000,4174000
2014/07/01,0,2911000,-3049000,-138000
2014/07/02,0,5108924,-3826998,1281926
2014/07/03,0,2007000,-4087000,-2080000
2014/07/04,0,2544301,-2306000,238301
2014/07/07,0,5402960,-4178913,1224047
2014/07/08,0,10224111,-1463990,8760121
2014/07/09,0,12306630,-3916005,8390625
2014/07/10,0,18166844,-9334500,8832344
2014/07/11,0,14820000,-6120069,8699931
2014/07/14,0,10841000,-8617460,2223540
2014/07/15,0,18978877,-8952118,10026759
2014/07/16,0,9936000,-13076000,-3140000
2014/07/17,0,11328401,-4655000,6673401
2014/07/18,0,10041000,-1247783,8793217
2014/07/21,0,6435000,-5990951,444049
2014/07/22,0,8690000,-4188000,4502000
2014/07/23,0,0,0,0
2014/07/24,0,11498147,-4915000,6583147
2014/07/25,0,9017000,-4702000,4315000
2014/07/28,0,6826000,-2658000,4168000
2014/07/29,0,15725000,-12405000,3320000
2014/07/30,0,14560000,-5166000,9394000
2014/07/31,0,8403000,-8660000,-257000
2014/08/01,0,13417224,-11413224,2004000
2014/08/04,0,9582206,-6369000,3213206
2014/08/05,0,13271000,-20694819,-7423819
2014/08/06,0,12761000,-4800000,7961000
2014/08/07,0,5767955,-4188803,1579152
2014/08/08,0,5680000,-5689392,-9392
2014/08/11,0,5014000,-3480862,1533138
2014/08/12,0,4470000,-5760029,-1290029
2014/08/13,0,7849000,-4764000,3085000
2014/08/14,0,6921000,-4902000,2019000
2014/08/15,0,1854000,-3387000,-1533000
2014/08/18,0,3580000,-8138000,-4558000
2014/08/19,0,6919585,-2253000,4666585
2014/08/20,0,13256300,-4588000,8668300
2014/08/21,0,9377000,-4740000,4637000
2014/08/22,0,16000651,-3209003,12791648
2014/08/25,0,5774000,-2368960,3405040
2014/08/26,0,6369516,-1698000,4671516
2014/08/27,0,17815000,-2938000,14877000
2014/08/28,0,8119000,-2341000,5778000
2014/08/29,0,6446700,-6154000,292700
2014/09/01,0,5559000,-3738000,1821000
2014/09/02,0,2397000,-3346540,-949540
2014/09/03,0,12629945,-2486000,10143945
2014/09/04,0,4626811,-3141000,1485811
2014/09/05,0,5779000,-2549000,3230000
2014/09/09,0,8385429,-1127000,7258429
2014/09/10,0,1858881,-6153000,-4294119
2014/09/11,0,2230000,-4488000,-2258000
2014/09/12,0,4501632,-2852050,1649582
2014/09/15,0,4302000,-4954668,-652668
2014/09/16,0,4036000,-4738000,-702000
2014/09/17,0,7178200,-8713000,-1534800
2014/09/18,0,3885058,-2769500,1115558
2014/09/19,0,3111553,-4560576,-1449023
2014/09/22,0,3716000,-7015000,-3299000
2014/09/23,0,3872000,-4831000,-959000
2014/09/24,0,6010547,-4336000,1674547
2014/09/25,0,8707149,-14471000,-5763851
2014/09/26,0,7507730,-15217304,-7709574
2014/09/29,0,13761000,-14589677,-828677
2014/09/30,0,12981000,-10932800,2048200
2014/10/01,0,4202000,-7770701,-3568701
2014/10/02,0,4996000,-6369000,-1373000
2014/10/03,0,4919962,-4198000,721962
2014/10/06,0,3976169,-8989603,-5013434
2014/10/07,0,12940000,-7511677,5428323
2014/10/08,0,4675882,-6989129,-2313247
2014/10/09,0,8965293,-4604000,4361293
2014/10/13,0,11093000,-7536000,3557000
2014/10/14,0,11449000,-8193052,3255948
2014/10/15,0,11374000,-9534000,1840000
2014/10/16,0,9791254,-18251133,-8459879
2014/10/17,0,7017195,-11131000,-4113805
2014/10/20,0,8220663,-14282825,-6062162
2014/10/21,0,2699000,-2416000,283000
2014/10/22,0,5462223,-9083467,-3621244
2014/10/23,0,5922962,-3046000,2876962
2014/10/24,0,3971000,-4108890,-137890
2014/10/27,0,6956000,-3654000,3302000
2014/10/28,0,28744000,-5880380,22863620
2014/10/29,0,15653487,-10568612,5084875
2014/10/30,0,9931478,-9232000,699478
2014/10/31,0,8419000,-3693900,4725100
2014/11/03,0,3168000,-2199000,969000
2014/11/04,0,8187476,-2921000,5266476
2014/11/05,0,4353571,-3440166,913405
2014/11/06,0,3294500,-2660617,633883
2014/11/07,0,2899000,-1797000,1102000
2014/11/10,0,11926000,-3330000,8596000
2014/11/11,0,4157000,-4999000,-842000
2014/11/12,0,3727386,-7195465,-3468079
2014/11/13,0,4768000,-4525700,242300
2014/11/14,0,4083000,-4452196,-369196
2014/11/17,0,4015000,-12248691,-8233691
2014/11/18,0,3883606,-4031453,-147847
2014/11/19,0,11546488,-10243000,1303488
2014/11/20,0,4214000,-5539861,-1325861
2014/11/21,0,1716000,-4799000,-3083000
2014/11/24,0,2592000,-4041161,-1449161
2014/11/25,0,3472083,-5735117,-2263034
2014/11/26,0,1318001,-3134058,-1816057
2014/11/27,0,2325000,-4791495,-2466495
2014/11/28,0,5587000,-4143494,1443506
2014/12/01,0,6972000,-17069984,-10097984
2014/12/02,0,8321000,-11282511,-2961511
2014/12/03,0,8775107,-9612000,-836893
2014/12/04,0,5096000,-4502210,593790
2014/12/05,0,6367956,-4112000,2255956
2014/12/08,0,10394000,-3830930,6563070
2014/12/09,0,6092000,-5884000,208000
2014/12/10,0,10938281,-11812000,-873719
2014/12/11,0,7851000,-9475861,-1624861
2014/12/12,0,4624056,-5880082,-1256026
2014/12/15,0,5710000,-9050122,-3340122
2014/12/16,0,3036000,-5124282,-2088282
2014/12/17,0,5256031,-17104378,-11848347
2014/12/18,0,5696000,-11808092,-6112092
2014/12/19,0,6233000,-2981559,3251441
2014/12/22,0,3641000,-1836770,1804230
2014/12/23,0,4009000,-4813000,-804000
2014/12/24,0,3549000,-2543000,1006000
2014/12/25,0,778000,-1107000,-329000
2014/12/26,0,1909000,-1335573,573427
2014/12/29,0,6002000,-3400600,2601400
2014/12/30,0,4522000,-1179000,3343000
2014/12/31,0,2065000,-3183338,-1118338
2015/01/01,0,0,0,0
2015/01/02,0,0,0,0
2015/01/05,0,4552473,-6220620,-1668147
2015/01/06,0,4191348,-16131934,-11940586
2015/01/07,0,9235551,-6540629,2694922
2015/01/08,0,6459461,-2677660,3781801
2015/01/09,0,7914000,-6683278,1230722
2015/01/12,0,2235900,-2653000,-417100
2015/01/13,0,8767252,-2567000,6200252
2015/01/14,0,9948000,-7480100,2467900
2015/01/15,0,6237680,-8791232,-2553552
2015/01/16,0,10255462,-12765809,-2510347
2015/01/19,0,5850000,-4555000,1295000
2015/01/20,0,7280782,-3029380,4251402
2015/01/21,0,10137000,-2700000,7437000
2015/01/22,0,12758000,-2690724,10067276
2015/01/23,0,11893000,-10844772,1048228
2015/01/26,0,5529328,-4361338,1167990
2015/01/27,0,14481000,-4440820,10040180
2015/01/28,0,7410000,-5921343,1488657
2015/01/29,0,8115000,-6810232,1304768
2015/01/30,0,8803000,-13379000,-4576000
2015/02/02,0,4558730,-6648193,-2089463
2015/02/03,0,4286000,-5098590,-812590
2015/02/04,0,20485178,-6681369,13803809
2015/02/05,0,7304000,-6685000,619000
2015/02/06,0,5934000,-4015331,1918669
2015/02/09,0,4817116,-5172000,-354884
2015/02/10,0,10083000,-2840000,7243000
2015/02/11,0,10171036,-6432000,3739036
2015/02/12,0,8012000,-4191000,3821000
2015/02/13,0,10787000,-5748000,5039000
2015/02/16,0,0,0,0
2015/02/17,0,0,0,0
2015/02/18,0,0,0,0
2015/02/19,0,0,0,0
2015/02/20,0,0,0,0
2015/02/23,0,0,0,0
2015/02/24,0,21143900,-7568132,13575768
2015/02/25,0,9483000,-6830669,2652331
2015/02/26,0,20609000,-14423910,6185090
2015/02/27,0,0,0,0
2015/03/02,0,12294020,-7619964,4674056
2015/03/03,0,9029714,-7005000,2024714
2015/03/04,0,4587000,-4602000,-15000
2015/03/05,0,3764000,-6046924,-2282924
2015/03/06,0,6259000,-4650000,1609000
2015/03/09,0,3833000,-5373974,-1540974
2015/03/10,0,6547232,-8349361,-1802129
2015/03/11,0,33015000,-18447249,14567751
2015/03/12,0,9292000,-12817283,-3525283
2015/03/13,0,5792000,-14659188,-8867188
2015/03/16,0,4037600,-8986953,-4949353
2015/03/17,0,8414248,-6706878,1707370
2015/03/18,0,16124746,-6799209,9325537
2015/03/19,0,10572000,-8809934,1762066
2015/03/20,0,8021000,-8780000,-759000
2015/03/23,0,2778400,-8543151,-5764751
2015/03/24,0,11155962,-6109218,5046744
2015/03/25,0,4463000,-7552263,-3089263
2015/03/26,0,11644000,-7057823,4586177
2015/03/27,0,5217000,-12546495,-7329495
2015/03/30,0,12035834,-6480629,5555205
2015/03/31,0,11249000,-9375000,1874000
2015/04/01,0,8317749,-6446000,1871749
2015/04/02,0,14446836,-3717308,10729528
2015/04/03,0,0,0,0
2015/04/06,0,0,0,0
2015/04/07,0,4123000,-1982000,2141000
2015/04/08,0,2720000,-4975084,-2255084
2015/04/09,0,7447000,-3702812,3744188
2015/04/10,0,9809000,-2038859,7770141
2015/04/13,0,5644471,-3527000,2117471
2015/04/14,0,5943000,-8156103,-2213103
2015/04/15,0,3909000,-16870692,-12961692
2015/04/16,0,10475000,-8023055,2451945
2015/04/17,0,7152714,-4375530,2777184
2015/04/20,0,9228000,-5445225,3782775
2015/04/21,0,4634000,-5865000,-1231000
2015/04/22,0,8397297,-9784421,-1387124
2015/04/23,0,28016000,-13277211,14738789
2015/04/24,0,18234750,-25273743,-7038993
2015/04/27,0,17722000,-10112068,7609932
2015/04/28,0,18703000,-9048616,9654384
2015/04/29,0,11889000,-7816900,4072100
2015/04/30,0,11076000,-11603647,-527647
2015/05/01,0,0,0,0
2015/05/04,0,4615000,-8432886,-3817886
2015/05/05,0,3628000,-4599000,-971000
2015/05/06,0,3290000,-9894000,-6604000
2015/05/07,0,5415708,-10567055,-5151347
2015/05/08,0,5350350,-3712246,1638104
2015/05/11,0,7083000,-19455669,-12372669
2015/05/12,0,7968000,-4678498,3289502
2015/05/13,0,6632791,-7384185,-751394
2015/05/14,0,5080500,-24909237,-19828737
2015/05/15,0,12256683,-13547685,-1291002
2015/05/18,0,6932000,-6962000,-30000
2015/05/19,0,11791462,-7275664,4515798
2015/05/20,0,4074000,-11670000,-7596000
2015/05/21,0,6549308,-14496134,-7946826
2015/05/22,0,5342000,-5218186,123814
2015/05/25,0,1150000,-2376000,-1226000
2015/05/26,0,2112000,-4933000,-2821000
2015/05/27,0,11169000,-10649859,519141
2015/05/28,0,11708220,-10307473,1400747
2015/05/29,0,11022836,-13874563,-2851727
2015/06/01,0,4887700,-7178000,-2290300
2015/06/02,0,9745060,-10574553,-829493
2015/06/03,0,6337000,-7699333,-1362333
2015/06/04,0,11456000,-12474000,-1018000
2015/06/05,0,10170000,-10500470,-330470
2015/06/08,0,9637000,-8884548,752452
2015/06/09,0,6964100,-8442499,-1478399
2015/06/10,0,1470000,-6400000,-4930000
2015/06/11,0,5696000,-8165340,-2469340
2015/06/12,0,12073100,-9167632,2905468
2015/06/15,0,14039000,-11131000,2908000
2015/06/16,0,8574000,-13281172,-4707172
2015/06/17,0,12218000,-23447354,-11229354
2015/06/18,0,6580000,-10310910,-3730910
2015/06/19,0,0,0,0
2015/06/22,0,10074553,-5642115,4432438
2015/06/23,0,9666000,-7500516,2165484
2015/06/24,0,4930775,-7457235,-2526460
2015/06/25,0,13249114,-8659000,4590114
2015/06/26,0,3475913,-5392625,-1916712
2015/06/29,0,8510000,-6750000,1760000
2015/06/30,0,12207232,-18528423,-6321191
2015/07/01,0,5352000,-4822811,529189
2015/07/02,0,10737098,-7742000,2995098
2015/07/03,0,6299000,-5254301,1044699
2015/07/06,0,7600000,-5530200,2069800
2015/07/07,0,8418000,-5546700,2871300
2015/07/08,0,9082000,-21324925,-12242925
2015/07/09,0,9714000,-24579857,-14865857
2015/07/10,0,0,0,0
2015/07/13,0,15327500,-9840042,5487458
2015/07/14,0,8538928,-4210099,4328829
2015/07/15,0,10835000,-7540267,3294733
2015/07/16,0,4803000,-3205400,1597600
2015/07/17,0,5864000,-2983444,2880556
2015/07/20,0,3959626,-4153442,-193816
2015/07/21,0,5767000,-1798070,3968930
2015/07/22,0,4946000,-5399071,-453071
2015/07/23,0,4211841,-4247000,-35159
2015/07/24,0,4067836,-2278000,1789836
2015/07/27,0,5372000,-7847852,-2475852
2015/07/28,0,8256636,-19050840,-10794204
2015/07/29,0,8840000,-9571568,-731568
2015/07/30,0,14152000,-4437127,9714873
2015/07/31,0,10951319,-11856000,-904681
2015/08/03,0,6898621,-5642700,1255921
2015/08/04,0,10345000,-3081712,7263288
2015/08/05,0,9697220,-7598691,2098529
2015/08/06,0,4635000,-7911633,-3276633
2015/08/07,0,2544000,-4221000,-1677000
2015/08/10,0,5028000,-1697000,3331000
2015/08/11,0,5876000,-11389378,-5513378
2015/08/12,0,6451000,-28677707,-22226707
2015/08/13,0,10541000,-14789193,-4248193
2015/08/14,0,7228000,-9520000,-2292000
2015/08/17,0,10820847,-12059660,-1238813
2015/08/18,0,11403920,-16514521,-5110601
2015/08/19,0,11857371,-11177875,679496
2015/08/20,0,10879000,-11524216,-645216
2015/08/21,0,11165000,-11834000,-669000
2015/08/24,0,12571000,-20429814,-7858814
2015/08/25,0,11315118,-18871818,-7556700
2015/08/26,0,15482000,-16497520,-1015520
2015/08/27,0,8624900,-16215679,-7590779
2015/08/28,0,5273190,-7754410,-2481220
2015/08/31,0,16004820,-18416414,-2411594
2015/09/01,0,7964190,-17732880,-9768690
2015/09/02,0,8990000,-24516996,-15526996
2015/09/03,0,5134000,-6238000,-1104000
2015/09/04,0,3932611,-5222116,-1289505
2015/09/07,0,3070000,-9464124,-6394124
2015/09/08,0,1081000,-5100102,-4019102
2015/09/09,0,16526351,-8159000,8367351
2015/09/10,0,6573416,-6280031,293385
2015/09/11,0,5735000,-6339779,-604779
2015/09/14,0,5174000,-8217000,-3043000
2015/09/15,0,4911000,-5860000,-949000
2015/09/16,0,3308000,-7629436,-4321436
2015/09/17,0,14686000,-5623000,9063000
2015/09/18,0,7292962,-11295656,-4002694
2015/09/21,0,4595000,-13429467,-8834467
2015/09/22,0,4092000,-3727692,364308
2015/09/23,0,3369000,-14916300,-11547300
2015/09/24,0,3148000,-13407000,-10259000
2015/09/25,0,6675144,-12345823,-5670679
2015/09/28,0,0,0,0
2015/09/29,0,0,0,0
2015/09/30,0,15110885,-30337080,-15226195
2015/10/01,0,8529000,-10505342,-1976342
2015/10/02,0,4947000,-9697000,-4750000
2015/10/05,0,5613110,-5906675,-293565
2015/10/06,0,7639000,-8194236,-555236
2015/10/07,0,10042632,-7055500,2987132
2015/10/08,0,5072000,-6000000,-928000
2015/10/09,0,0,0,0
2015/10/12,0,12283120,-4836014,7447106
2015/10/13,0,7924952,-11009781,-3084829
2015/10/14,0,5217000,-2653045,2563955
2015/10/15,0,7881000,-7049497,831503
2015/10/16,0,16161000,-14623750,1537250
2015/10/19,0,9405000,-5027316,4377684
2015/10/20,0,15971000,-8431810,7539190
2015/10/21,0,17677000,-10315600,7361400
2015/10/22,0,4564000,-7797940,-3233940
2015/10/23,0,12328000,-2398000,9930000
2015/10/26,0,6303000,-2507800,3795200
2015/10/27,0,5524000,-3602085,1921915
2015/10/28,0,4847720,-5385071,-537351
2015/10/29,0,3176000,-9459761,-6283761
2015/10/30,0,9675000,-14399542,-4724542
2015/11/02,0,4857000,-7747800,-2890800
2015/11/03,0,12795000,-5980711,6814289
2015/11/04,0,13236000,-9304777,3931223
2015/11/05,0,3083000,-5140420,-2057420
2015/11/06,0,4374000,-15381219,-11007219
2015/11/09,0,14067811,-7983700,6084111
2015/11/10,0,4310000,-13582882,-9272882
2015/11/11,0,1917008,-7309600,-5392592
2015/11/12,0,1824000,-9220413,-7396413
2015/11/13,0,3486000,-10011216,-6525216
2015/11/16,0,4807000,-8488652,-3681652
2015/11/17,0,3787000,-4483519,-696519
2015/11/18,0,9487801,-15157442,-5669641
2015/11/19,0,8400000,-4545000,3855000
2015/11/20,0,5025000,-4446000,579000
2015/11/23,0,6805373,-3738471,3066902
2015/11/24,0,8956961,-4547063,4409898
2015/11/25,0,5365444,-6350844,-985400
2015/11/26,0,10827000,-3997144,6829856
2015/11/27,0,1121000,-5274499,-4153499
2015/11/30,0,19194756,-40505958,-21311202
2015/12/01,0,6594172,-22038575,-15444403
2015/12/02,0,2225000,-10598797,-8373797
2015/12/03,0,2340623,-5080360,-2739737
2015/12/04,0,3293000,-21632606,-18339606
2015/12/07,0,15631000,-22819286,-7188286
2015/12/08,0,6363480,-17533151,-11169671
2015/12/09,0,6239000,-17580487,-11341487
2015/12/10,0,4757000,-20425600,-15668600
2015/12/11,0,6048240,-18513000,-12464760
2015/12/14,0,3006000,-12316771,-9310771
2015/12/15,0,3738000,-13421021,-9683021
2015/12/16,0,11036990,-19195000,-8158010
2015/12/17,0,10960899,-8174509,2786390
2015/12/18,0,8586325,-11861342,-3275017
2015/12/21,0,6812494,-9728600,-2916106
2015/12/22,0,4018244,-6498155,-2479911
2015/12/23,0,5222490,-8452232,-3229742
2015/12/24,0,5491000,-1449000,4042000
2015/12/25,0,1402000,-1440000,-38000
2015/12/28,0,3321000,-2219190,1101810
2015/12/29,0,1373000,-2480177,-1107177
2015/12/30,0,2162231,-8420664,-6258433
2015/12/31,0,4405038,-9518430,-5113392
2016/01/01,0,0,0,0
2016/01/04,0,5463320,-11749000,-6285680
2016/01/05,0,10942785,-9212600,1730185
2016/01/06,0,18472039,-22347600,-3875561
2016/01/07,0,14188180,-25257789,-11069609
2016/01/08,0,12444000,-20100437,-7656437
2016/01/11,0,5247086,-21052000,-15804914
2016/01/12,0,16366000,-22192920,-5826920
2016/01/13,0,10301000,-19842555,-9541555
2016/01/14,0,5078992,-18347400,-13268408
2016/01/15,0,8602000,-25121652,-16519652
2016/01/18,0,18158132,-19087653,-929521
2016/01/19,0,3885000,-14328891,-10443891
2016/01/20,0,6523748,-19771000,-13247252
2016/01/21,0,11225941,-27652344,-16426403
2016/01/22,0,13855000,-24721667,-10866667
2016/01/25,0,10924000,-29850355,-18926355
2016/01/26,0,8235491,-19882813,-11647322
2016/01/27,0,11208000,-21978191,-10770191
2016/01/28,0,19196000,-42475271,-23279271
2016/01/29,0,52123145,-91299285,-39176140
2016/02/01,0,25564351,-19843049,5721302
2016/02/02,0,16210046,-15687659,522387
2016/02/03,0,19101000,-21925431,-2824431
2016/02/04,0,0,0,0
2016/02/05,0,0,0,0
2016/02/08,0,0,0,0
2016/02/09,0,0,0,0
2016/02/10,0,0,0,0
2016/02/11,0,0,0,0
2016/02/12,0,0,0,0
2016/02/15,0,18907836,-43787026,-24879190
2016/02/16,0,26377000,-8264901,18112099
2016/02/17,0,5836672,-14194000,-8357328
2016/02/18,0,11338280,-9150584,2187696
2016/02/19,0,5578252,-8188916,-2610664
2016/02/22,0,5341000,-3454663,1886337
2016/02/23,0,5459030,-4835955,623075
2016/02/24,0,3305000,-9430108,-6125108
2016/02/25,0,14947085,-5422302,9524783
2016/02/26,0,6876000,-9260079,-2384079
2016/02/29,0,0,0,0
2016/03/01,0,7776266,-11796224,-4019958
2016/03/02,0,5302542,-2847000,2455542
2016/03/03,0,14006561,-5413840,8592721
2016/03/04,0,18928000,-9251641,9676359
2016/03/07,0,10661000,-6813510,3847490
2016/03/08,0,17438919,-6403244,11035675
2016/03/09,0,7452645,-4678213,2774432
2016/03/10,0,6123000,-7011023,-888023
2016/03/11,0,11475000,-6240000,5235000
2016/03/14,0,10734000,-3485000,7249000
2016/03/15,0,8628000,-3612246,5015754
2016/03/16,0,11615000,-1781120,9833880
2016/03/17,0,9593092,-3875000,5718092
2016/03/18,0,18655875,-17105314,1550561
2016/03/21,0,8233000,-7416490,816510
2016/03/22,0,7832707,-3876159,3956548
2016/03/23,0,8590000,-6745652,1844348
2016/03/24,0,10170000,-7935216,2234784
2016/03/25,0,3965000,-2140000,1825000
2016/03/28,0,2675000,-934576,1740424
2016/03/29,0,6800000,-4294000,2506000
2016/03/30,0,11268700,-9775391,1493309
2016/03/31,0,28513537,-20813188,7700349
2016/04/01,0,12461706,-19116838,-6655132
2016/04/04,0,0,0,0
2016/04/05,0,0,0,0
2016/04/06,0,13442807,-28841373,-15398566
2016/04/07,0,9132340,-8828000,304340
2016/04/08,0,11762000,-10134561,1627439
2016/04/11,0,8264000,-8963015,-699015
2016/04/12,0,7446000,-4584531,2861469
2016/04/13,0,13417000,-4730000,8687000
2016/04/14,0,16337000,-6570674,9766326
2016/04/15,0,11308436,-3139000,8169436
2016/04/18,0,3403292,-13060000,-9656708
2016/04/19,0,7947000,-6558300,1388700
2016/04/20,0,7158684,-5853600,1305084
2016/04/21,0,4945375,-7295000,-2349625
2016/04/22,0,7603046,-1228000,6375046
2016/04/25,0,5427898,-2515190,2912708
2016/04/26,0,7961217,-4552000,3409217
2016/04/27,0,9428000,-13396000,-3968000
2016/04/28,0,3953402,-13271000,-9317598
2016/04/29,0,10960000,-7758380,3201620
2016/05/02,0,0,0,0
2016/05/03,0,5722000,-8025646,-2303646
2016/05/04,0,4388000,-15000845,-10612845
2016/05/05,0,4705250,-8979000,-4273750
2016/05/06,0,2287092,-17624024,-15336932
2016/05/09,0,4790000,-10362240,-5572240
2016/05/10,0,5333046,-10934000,-5600954
2016/05/11,0,4511700,-8155329,-3643629
2016/05/12,0,5797000,-13879793,-8082793
2016/05/13,0,6842000,-32824247,-25982247
2016/05/16,0,3948000,-6921000,-2973000
2016/05/17,0,5160000,-9818936,-4658936
2016/05/18,0,7277120,-9506273,-2229153
2016/05/19,0,9139000,-16333420,-7194420
2016/05/20,0,4758257,-7019626,-2261369
2016/05/23,0,8395578,-6344000,2051578
2016/05/24,0,2479046,-15178511,-12699465
2016/05/25,0,11732046,-10240000,1492046
2016/05/26,0,6281000,-11650000,-5369000
2016/05/27,0,9430482,-11711538,-2281056
2016/05/30,0,11934000,-11881296,52704
2016/05/31,0,22429912,-24755450,-2325538
2016/06/01,0,5103514,-2943000,2160514
2016/06/02,0,6559728,-3658859,2900869
2016/06/03,0,7113112,-3898960,3214152
2016/06/06,0,7752677,-1723945,6028732
2016/06/07,0,9431677,-8789200,642477
2016/06/08,0,9743677,-13333000,-3589323
2016/06/09,0,0,0,0
2016/06/10,0,0,0,0
2016/06/13,0,11379000,-13942580,-2563580
2016/06/14,0,22012000,-8844000,13168000
2016/06/15,0,10364568,-8914348,1450220
2016/06/16,0,2717250,-12989181,-10271931
2016/06/17,0,7482377,-7283985,198392
2016/06/20,0,10306000,-2992028,7313972
2016/06/21,0,10407771,-5123000,5284771
2016/06/22,0,12558056,-3564534,8993522
2016/06/23,0,6666464,-4770000,1896464
2016/06/24,0,7533995,-17600572,-10066577
2016/06/27,0,2889041,-10210000,-7320959
2016/06/28,0,5395000,-12019205,-6624205
2016/06/29,0,7778700,-6330080,1448620
2016/06/30,0,10287224,-9114531,1172693
2016/07/01,0,7921021,-7250861,670160
2016/07/04,0,4748000,-8376154,-3628154
2016/07/05,0,3578000,-10562000,-6984000
2016/07/06,0,3261579,-21761000,-18499421
2016/07/07,0,4102000,-10915756,-6813756
2016/07/08,0,0,0,0
2016/07/11,0,11971257,-14512000,-2540743
2016/07/12,0,11739000,-7889821,3849179
2016/07/13,0,17506150,-10353000,7153150
2016/07/14,0,13024028,-10726000,2298028
2016/07/15,0,23296464,-14318316,8978148
2016/07/18,0,12567450,-6601279,5966171
2016/07/19,0,24896202,-7779735,17116467
2016/07/20,0,11536614,-5657900,5878714
2016/07/21,0,12755816,-6490187,6265629
2016/07/22,0,10503000,-7534412,2968588
2016/07/25,0,4885171,-4903000,-17829
2016/07/26,0,6283000,-2001000,4282000
2016/07/27,0,7234350,-2363000,4871350
2016/07/28,0,10721800,-4212000,6509800
2016/07/29,0,7559206,-12308000,-4748794
2016/08/01,0,9070032,-6113675,2956357
2016/08/02,0,2916240,-4690000,-1773760
2016/08/03,0,8398739,-8090000,308739
2016/08/04,0,11685000,-9822000,1863000
2016/08/05,0,7785924,-5025000,2760924
2016/08/08,0,12833946,-3193330,9640616
2016/08/09,0,8920403,-5804000,3116403
2016/08/10,0,9689000,-3262626,6426374
2016/08/11,0,8540000,-7010000,1530000
2016/08/12,0,9806000,-6589000,3217000
2016/08/15,0,4728000,-3332000,1396000
2016/08/16,0,8296000,-5758154,2537846
2016/08/17,0,5708399,-3279000,2429399
2016/08/18,0,11832100,-4414100,7418000
2016/08/19,0,6069094,-5393000,676094
2016/08/22,0,5135000,-4214600,920400
2016/08/23,0,14070000,-5068600,9001400
2016/08/24,0,5068000,-3729924,1338076
2016/08/25,0,11527000,-6141600,5385400
2016/08/26,0,8213751,-2572260,5641491
2016/08/29,0,15893000,-3529600,12363400
2016/08/30,0,26420384,-5308269,21112115
2016/08/31,0,32711515,-17828385,14883130
2016/09/01,0,11148997,-14100377,-2951380
2016/09/02,0,19692976,-4669600,15023376
2016/09/05,0,8516000,-4065000,4451000
2016/09/06,0,21664708,-4155000,17509708
2016/09/07,0,15481000,-8529000,6952000
2016/09/08,0,11452000,-3917000,7535000
2016/09/09,0,5516000,-9128900,-3612900
2016/09/12,0,12836358,-10972092,1864266
2016/09/13,0,12538000,-12839000,-301000
2016/09/14,0,13229111,-11312652,1916459
2016/09/15,0,0,0,0
2016/09/16,0,0,0,0
2016/09/19,0,16849553,-9413912,7435641
2016/09/20,0,12520273,-5370600,7149673
2016/09/21,0,12514000,-4354449,8159551
2016/09/22,0,5953220,-4713000,1240220
2016/09/23,0,9492043,-4553507,4938536
2016/09/26,0,4730000,-6757600,-2027600
2016/09/27,0,0,0,0
2016/09/28,0,0,0,0
2016/09/29,0,20809976,-5377147,15432829
2016/09/30,0,10112929,-13155869,-3042940
2016/10/03,0,6165000,-5884000,281000
2016/10/04,0,5964008,-3253891,2710117
2016/10/05,0,4988000,-3473047,1514953
2016/10/06,0,2548328,-5829000,-3280672
2016/10/07,0,3810736,-5356000,-1545264
2016/10/10,0,0,0,0
2016/10/11,0,6224000,-4321112,1902888
2016/10/12,0,6671916,-3400740,3271176
2016/10/13,0,14659924,-12259000,2400924
2016/10/14,0,9094583,-3419000,5675583
2016/10/17,0,9463494,-9845944,-382450
2016/10/18,0,10822672,-4682000,6140672
2016/10/19,0,6957836,-1583730,5374106
2016/10/20,0,3460826,-2833800,627026
2016/10/21,0,7255000,-8577800,-1322800
2016/10/24,0,4114000,-5378221,-1264221
2016/10/25,0,4668530,-2019000,2649530
2016/10/26,0,7818348,-5523863,2294485
2016/10/27,0,6484806,-5818000,666806
2016/10/28,0,6275408,-12522000,-6246592
2016/10/31,0,8633205,-6235000,2398205
2016/11/01,0,3897938,-5349948,-1452010
2016/11/02,0,6388472,-4408635,1979837
2016/11/03,0,3057000,-6597881,-3540881
2016/11/04,0,2679000,-4474000,-1795000
2016/11/07,0,2288777,-3906633,-1617856
2016/11/08,0,2151712,-2206000,-54288
2016/11/09,0,3890001,-10541000,-6650999
2016/11/10,0,22032000,-4553000,17479000
2016/11/11,0,17859000,-18072031,-213031
2016/11/14,0,38695200,-19976229,18718971
2016/11/15,0,22530000,-21751108,778892
2016/11/16,0,13969000,-11100081,2868919
2016/11/17,0,7679485,-8919000,-1239515
2016/11/18,0,9163000,-13044940,-3881940
2016/11/21,0,9809000,-5843877,3965123
2016/11/22,0,6714100,-5632926,1081174
2016/11/23,0,4337000,-8150492,-3813492
2016/11/24,0,8890000,-2758714,6131286
2016/11/25,0,14423000,-8834344,5588656
2016/11/28,0,12119000,-3987079,8131921
2016/11/29,0,15690000,-10614017,5075983
2016/11/30,0,25675611,-19124700,6550911
2016/12/01,0,14250392,-8646000,5604392
2016/12/02,0,10567000,-7805015,2761985
2016/12/05,0,10704000,-12056825,-1352825
2016/12/06,0,13135370,-11140000,1995370
2016/12/07,0,7794001,-5218969,2575032
2016/12/08,0,13462150,-6398000,7064150
2016/12/09,0,10861992,-5951969,4910023
2016/12/12,0,8177000,-3410000,4767000
2016/12/13,0,14604051,-8164362,6439689
2016/12/14,0,16177970,-13047000,3130970
2016/12/15,0,15113015,-5180000,9933015
2016/12/16,0,16493000,-12352016,4140984
2016/12/19,0,7652838,-4322788,3330050
2016/12/20,0,7023926,-4775000,2248926
2016/12/21,0,9459000,-7112921,2346079
2016/12/22,0,7213780,-9177133,-1963353
2016/12/23,0,9545000,-7768441,1776559
2016/12/26,0,1169000,-466000,703000
2016/12/27,0,1191000,-1353458,-162458
2016/12/28,0,4751000,-3479292,1271708
2016/12/29,0,6647776,-7401348,-753572
2016/12/30,0,5272000,-2052798,3219202
2017/01/02,0,0,0,0
2017/01/03,0,2600000,-2326000,274000
2017/01/04,0,6768000,-7798909,-1030909
2017/01/05,0,6954114,-5450204,1503910
2017/01/06,0,6668000,-4986572,1681428
2017/01/09,0,9368940,-3696611,5672329
2017/01/10,0,8199794,-3417102,4782692
2017/01/11,0,6874244,-5212325,1661919
2017/01/12,0,10523406,-2574072,7949334
2017/01/13,0,4696029,-6697738,-2001709
2017/01/16,0,4042000,-5039188,-997188
2017/01/17,0,5987657,-2273000,3714657
2017/01/18,0,7611300,-8499653,-888353
2017/01/19,0,4709865,-6737346,-2027481
2017/01/20,0,6447424,-6300899,146525
2017/01/23,0,7252923,-5668957,1583966
2017/01/24,0,6309542,-5655284,654258
2017/01/25,0,0,0,0
2017/01/26,0,0,0,0
2017/01/27,0,0,0,0
2017/01/30,0,0,0,0
2017/01/31,0,0,0,0
2017/02/01,0,0,0,0
2017/02/02,0,18641372,-19209947,-568575
2017/02/03,0,7956096,-20214968,-12258872
2017/02/06,0,10246944,-10675212,-428268
2017/02/07,0,5588049,-5100004,488045
2017/02/08,0,5103664,-5584486,-480822
2017/02/09,0,8637000,-7001655,1635345
2017/02/10,0,13552200,-6438110,7114090
2017/02/13,0,5380748,-2547117,2833631
2017/02/14,0,13255096,-10062753,3192343
2017/02/15,0,11858283,-15192337,-3334054
2017/02/16,0,10086000,-6696036,3389964
2017/02/17,0,3950000,-6407632,-2457632
2017/02/20,0,3140000,-6062187,-2922187
2017/02/21,0,6450000,-4970886,1479114
2017/02/22,0,4098471,-9939465,-5840994
2017/02/23,0,5409000,-14908000,-9499000
2017/02/24,0,4497000,-5012441,-515441
2017/02/27,0,0,0,0
2017/02/28,0,0,0,0
2017/03/01,0,4532625,-6823797,-2291172
2017/03/02,0,10349000,-4998016,5350984
2017/03/03,0,4335686,-8762379,-4426693
2017/03/06,0,2997149,-1358072,1639077
2017/03/07,0,3929840,-2334101,1595739
2017/03/08,0,11299746,-4192312,7107434
2017/03/09,0,6158965,-7610956,-1451991
2017/03/10,0,10783101,-7191873,3591228
2017/03/13,0,9771536,-4884000,4887536
2017/03/14,0,17091794,-12832896,4258898
2017/03/15,0,6631000,-3442768,3188232
2017/03/16,0,11745000,-6616206,5128794
2017/03/17,0,14889943,-7846239,7043704
2017/03/20,0,5555032,-3317000,2238032
2017/03/21,0,11859648,-3868231,7991417
2017/03/22,0,8882612,-6341149,2541463
2017/03/23,0,10117000,-3282571,6834429
2017/03/24,0,4900354,-3097120,1803234
2017/03/27,0,10694000,-12462181,-1768181
2017/03/28,0,13127096,-15515404,-2388308
2017/03/29,0,13721082,-18725866,-5004784
2017/03/30,0,15518000,-25440670,-9922670
2017/03/31,0,6160000,-24200000,-18040000
2017/04/03,0,0,0,0
2017/04/04,0,0,0,0
2017/04/05,0,9910789,-36062249,-26151460
2017/04/06,0,3129580,-24809000,-21679420
2017/04/07,0,3094405,-25143000,-22048595
2017/04/10,0,3140000,-8796000,-5656000
2017/04/11,0,4393000,-16251600,-11858600
2017/04/12,0,8461649,-17535608,-9073959
2017/04/13,0,2863000,-8803000,-5940000
2017/04/14,0,3527000,-844000,2683000
2017/04/17,0,3421000,-6210000,-2789000
2017/04/18,0,5749969,-22393360,-16643391
2017/04/19,0,12101246,-16104105,-4002859
2017/04/20,0,24900543,-23691089,1209454
2017/04/21,0,4589000,-12165503,-7576503
2017/04/24,0,2084113,-4947000,-2862887
2017/04/25,0,10781535,-10566058,215477
2017/04/26,0,13456000,-27224098,-13768098
2017/04/27,0,6695690,-7854939,-1159249
2017/04/28,0,6584320,-9022800,-2438480
2017/05/01,0,0,0,0
2017/05/02,0,7135300,-9739415,-2604115
2017/05/03,0,2651000,-3903734,-1252734
2017/05/04,0,4670999,-5989200,-1318201
2017/05/05,0,2956608,-5038000,-2081392
2017/05/08,0,3090756,-7442723,-4351967
2017/05/09,0,4195100,-2720990,1474110
2017/05/10,0,2938088,-6864000,-3925912
2017/05/11,0,3804005,-4543700,-739695
2017/05/12,0,2403848,-5385878,-2982030
2017/05/15,0,4191248,-9851000,-5659752
2017/05/16,0,7331000,-16302511,-8971511
2017/05/17,0,4829000,-6103000,-1274000
2017/05/18,0,3207338,-7988800,-4781462
2017/05/19,0,3147641,-8993300,-5845659
2017/05/22,0,5438506,-5218211,220295
2017/05/23,0,1999480,-4625174,-2625694
2017/05/24,0,3054413,-3699978,-645565
2017/05/25,0,3364000,-3884558,-520558
2017/05/26,0,0,0,0
2017/05/29,0,0,0,0
2017/05/30,0,0,0,0
2017/05/31,0,12687417,-32051392,-19363975
2017/06/01,0,6900734,-13817372,-6916638
2017/06/02,0,3827968,-12819265,-8991297
2017/06/05,0,4474324,-21465000,-16990676
2017/06/06,0,4606854,-20725114,-16118260
2017/06/07,0,7436510,-20536819,-13100309
2017/06/08,0,3981129,-17720292,-13739163
2017/06/09,0,5227000,-15281555,-10054555
2017/06/12,0,3317669,-13305000,-9987331
2017/06/13,0,6416000,-12398170,-5982170
2017/06/14,0,6077000,-9287308,-3210308
2017/06/15,0,3432000,-4026591,-594591
2017/06/16,0,6810609,-8362066,-1551457
2017/06/19,0,5675944,-5027301,648643
2017/06/20,0,6730141,-1798412,4931729
2017/06/21,0,8810000,-9189000,-379000
2017/06/22,0,4299260,-6317000,-2017740
2017/06/23,0,5894000,-5141837,752163
2017/06/26,0,14623107,-3789000,10834107
2017/06/27,0,9439892,-10247950,-808058
2017/06/28,0,7324000,-16502688,-9178688
2017/06/29,0,9988420,-1913317,8075103
2017/06/30,0,9470000,-5394920,4075080
2017/07/03,0,10788000,-6665000,4123000
2017/07/04,0,7856373,-4280000,3576373
2017/07/05,0,3102000,-3984886,-882886
2017/07/06,0,3676000,-6548532,-2872532
2017/07/07,0,7582525,-7602988,-20463
2017/07/10,0,821119,-8398514,-7577395
2017/07/11,0,5125317,-8971012,-3845695
2017/07/12,0,11008000,-6502201,4505799
2017/07/13,0,9033283,-4003123,5030160
2017/07/14,0,6068000,-7088953,-1020953
2017/07/17,0,8191000,-3011257,5179743
2017/07/18,0,8978808,-6266743,2712065
2017/07/19,0,8942065,-8460080,481985
2017/07/20,0,2363712,-1493855,869857
2017/07/21,0,1442060,-1771803,-329743
2017/07/24,0,5805186,-10410807,-4605621
2017/07/25,0,1688391,-3941659,-2253268
2017/07/26,0,3806000,-3225418,580582
2017/07/27,0,4247000,-5638600,-1391600
2017/07/28,0,1666000,-3687872,-2021872
2017/07/31,0,5806000,-6963075,-1157075
2017/08/01,0,5780000,-6683000,-903000
2017/08/02,0,4051997,-1562000,2489997
2017/08/03,0,7401261,-5953189,1448072
2017/08/04,0,7773000,-5175000,2598000
2017/08/07,0,5866331,-2292236,3574095
2017/08/08,0,9255000,-3735000,5520000
2017/08/09,0,3244097,-5540500,-2296403
2017/08/10,0,3844888,-11271000,-7426112
2017/08/11,0,11820688,-10411000,1409688
2017/08/14,0,3026000,-3426067,-400067
2017/08/15,0,3857000,-2518388,1338612
2017/08/16,0,3616928,-14423000,-10806072
2017/08/17,0,9629000,-1861357,7767643
2017/08/18,0,2089000,-2701000,-612000
