Date,Open,Buy,Sell,Total
2007/01/02,0,8752420,-3179420,5573000
2007/01/03,0,12387000,-4497000,7890000
2007/01/04,0,13301006,-7053000,6248006
2007/01/05,0,12055336,-10664103,1391233
2007/01/08,0,4435000,-16914555,-12479555
2007/01/09,0,4251430,-1554167,2697263
2007/01/10,0,11340000,-17932577,-6592577
2007/01/11,0,10616000,-17763298,-7147298
2007/01/12,0,12902000,-11601938,1300062
2007/01/15,0,8642000,-7745000,897000
2007/01/16,0,7277992,-10332000,-3054008
2007/01/17,0,6340000,-7405000,-1065000
2007/01/18,0,7690476,-11004991,-3314515
2007/01/19,0,4842000,-3824248,1017752
2007/01/22,0,19534000,-7969000,11565000
2007/01/23,0,5983000,-5160151,822849
2007/01/24,0,11397000,-10310795,1086205
2007/01/25,0,3292000,-2498000,794000
2007/01/26,0,3552000,-7330503,-3778503
2007/01/29,0,3661000,-5156430,-1495430
2007/01/30,0,5427000,-4624038,802962
2007/01/31,0,7554000,-11019154,-3465154
2007/02/01,0,6690000,-3892300,2797700
2007/02/02,0,7356000,-9937430,-2581430
2007/02/05,0,3959000,-17102327,-13143327
2007/02/06,0,10114500,-11806803,-1692303
2007/02/07,0,7942000,-15705491,-7763491
2007/02/08,0,6277000,-11358011,-5081011
2007/02/09,0,8523000,-4275000,4248000
2007/02/12,0,3506000,-2213310,1292690
2007/02/13,0,4850000,-3884928,965072
2007/02/14,0,8125000,-9635520,-1510520
2007/02/15,0,0,0,0
2007/02/16,0,0,0,0
2007/02/19,0,0,0,0
2007/02/20,0,0,0,0
2007/02/21,0,0,0,0
2007/02/22,0,0,0,0
2007/02/23,0,0,0,0
2007/02/26,0,17178000,-24336987,-7158987
2007/02/27,0,7694000,-15524298,-7830298
2007/02/28,0,0,0,0
2007/03/01,0,6808660,-27205118,-20396458
2007/03/02,0,3826000,-12224709,-8398709
2007/03/05,0,5311000,-14485768,-9174768
2007/03/06,0,7510000,-15582604,-8072604
2007/03/07,0,8229300,-18435780,-10206480
2007/03/08,0,9028195,-10917837,-1889642
2007/03/09,0,5805000,-7905814,-2100814
2007/03/12,0,1835000,-2322051,-487051
2007/03/13,0,7586000,-8953287,-1367287
2007/03/14,0,10915000,-23320485,-12405485
2007/03/15,0,7122340,-4360819,2761521
2007/03/16,0,10695000,-2963450,7731550
2007/03/19,0,18712000,-7081000,11631000
2007/03/20,0,25524000,-8553933,16970067
2007/03/21,0,8681000,-3873062,4807938
2007/03/22,0,17463000,-5936000,11527000
2007/03/23,0,10405000,-3998387,6406613
2007/03/26,0,7277000,-10638540,-3361540
2007/03/27,0,14909000,-6777143,8131857
2007/03/28,0,5479000,-5829600,-350600
2007/03/29,0,6644000,-10569358,-3925358
2007/03/30,0,5576000,-6611388,-1035388
2007/04/02,0,4350692,-8082692,-3732000
2007/04/03,0,6505000,-7860929,-1355929
2007/04/04,0,17588000,-16599563,988437
2007/04/05,0,0,0,0
2007/04/06,0,0,0,0
2007/04/09,0,6924500,-10479562,-3555062
2007/04/10,0,7143000,-6711000,432000
2007/04/11,0,19312000,-2187907,17124093
2007/04/12,0,9058000,-11842854,-2784854
2007/04/13,0,3233770,-10237543,-7003773
2007/04/16,0,14510000,-15974895,-1464895
2007/04/17,0,12216810,-4607000,7609810
2007/04/18,0,4772000,-1863207,2908793
2007/04/19,0,13749478,-18422078,-4672600
2007/04/20,0,8831859,-9440798,-608939
2007/04/23,0,12557859,-2542000,10015859
2007/04/24,0,4286000,-6806751,-2520751
2007/04/25,0,2388111,-12802605,-10414494
2007/04/26,0,9163000,-8161380,1001620
2007/04/27,0,3707000,-6513585,-2806585
2007/04/30,0,6526156,-12323333,-5797177
2007/05/01,0,0,0,0
2007/05/02,0,2409000,-5116575,-2707575
2007/05/03,0,23429000,-7753844,15675156
2007/05/04,0,38848001,-9264520,29583481
2007/05/07,0,22565500,-9367066,13198434
2007/05/08,0,7701000,-6067934,1633066
2007/05/09,0,10923100,-10930089,-6989
2007/05/10,0,9474000,-7528787,1945213
2007/05/11,0,5598500,-6389557,-791057
2007/05/14,0,16770831,-15447571,1323260
2007/05/15,0,7638000,-9704191,-2066191
2007/05/16,0,4559000,-4808000,-249000
2007/05/17,0,6222000,-5374860,847140
2007/05/18,0,8947430,-13615856,-4668426
2007/05/21,0,7010000,-10320353,-3310353
2007/05/22,0,5642000,-6307030,-665030
2007/05/23,0,12097056,-7827720,4269336
2007/05/24,0,3899000,-2679000,1220000
2007/05/25,0,2653000,-11250140,-8597140
2007/05/28,0,5420000,-6431589,-1011589
2007/05/29,0,6848000,-4641000,2207000
2007/05/30,0,6586000,-11569166,-4983166
2007/05/31,0,4905006,-16033719,-11128713
2007/06/01,0,14716000,-19739173,-5023173
2007/06/04,0,3784000,-9789795,-6005795
2007/06/05,0,4663000,-8081000,-3418000
2007/06/06,0,8845700,-6024393,2821307
2007/06/07,0,8017406,-2617000,5400406
2007/06/08,0,12388000,-10607770,1780230
2007/06/11,0,15729000,-7890790,7838210
2007/06/12,0,21096000,-7789944,13306056
2007/06/13,0,11916000,-11318737,597263
2007/06/14,0,12914000,-10373673,2540327
2007/06/15,0,35563050,-12739525,22823525
2007/06/18,0,0,0,0
2007/06/19,0,0,0,0
2007/06/20,0,72042000,-26844884,45197116
2007/06/21,0,37226461,-26807900,10418561
2007/06/22,0,15227000,-8342243,6884757
2007/06/25,0,20016000,-8006000,12010000
2007/06/26,0,30018000,-11202000,18816000
2007/06/27,0,18619000,-19467000,-848000
2007/06/28,0,12027591,-8843419,3184172
2007/06/29,0,17686000,-27578769,-9892769
2007/07/02,0,15374633,-15313363,61270
2007/07/03,0,6773000,-16886940,-10113940
2007/07/04,0,9337119,-11757246,-2420127
2007/07/05,0,11710984,-6278978,5432006
2007/07/06,0,14020000,-6586020,7433980
2007/07/09,0,23859000,-13588687,10270313
2007/07/10,0,15880000,-10758540,5121460
2007/07/11,0,14655900,-13126159,1529741
2007/07/12,0,10793000,-6971880,3821120
2007/07/13,0,24405010,-8135000,16270010
2007/07/16,0,17501000,-22848178,-5347178
2007/07/17,0,16839100,-17848768,-1009668
2007/07/18,0,18937000,-12692976,6244024
2007/07/19,0,20992000,-16528000,4464000
2007/07/20,0,11383000,-7935000,3448000
2007/07/23,0,5073000,-6394859,-1321859
2007/07/24,0,11386400,-5392400,5994000
2007/07/25,0,6281000,-14076100,-7795100
2007/07/26,0,9470000,-4703000,4767000
2007/07/27,0,7681000,-41320918,-33639918
2007/07/30,0,13858000,-34784651,-20926651
2007/07/31,0,42945300,-21754000,21191300
2007/08/01,0,13209000,-48139271,-34930271
2007/08/02,0,16889000,-42651251,-25762251
2007/08/03,0,18172040,-12855040,5317000
2007/08/06,0,5934000,-15617646,-9683646
2007/08/07,0,11283000,-17202000,-5919000
2007/08/08,0,12312000,-5487772,6824228
2007/08/09,0,7937000,-9247000,-1310000
2007/08/10,0,6596000,-28921818,-22325818
2007/08/13,0,12859890,-12738600,121290
2007/08/14,0,9459101,-12946970,-3487869
2007/08/15,0,4462000,-38344298,-33882298
2007/08/16,0,16520000,-50378299,-33858299
2007/08/17,0,13343000,-27093627,-13750627
2007/08/20,0,23293000,-8816975,14476025
2007/08/21,0,7355000,-18728098,-11373098
2007/08/22,0,14947300,-12246950,2700350
2007/08/23,0,26545000,-23935367,2609633
2007/08/24,0,11485000,-11675000,-190000
2007/08/27,0,13537000,-21071741,-7534741
2007/08/28,0,9589000,-24850009,-15261009
2007/08/29,0,8882000,-46520000,-37638000
2007/08/30,0,22607000,-20372000,2235000
2007/08/31,0,24137000,-25798918,-1661918
2007/09/03,0,4398000,-14610000,-10212000
2007/09/04,0,9821000,-14487974,-4666974
2007/09/05,0,9013000,-26067199,-17054199
2007/09/06,0,9812000,-28313216,-18501216
2007/09/07,0,5987000,-12537886,-6550886
2007/09/10,0,5032494,-25006989,-19974495
2007/09/11,0,2343000,-7845216,-5502216
2007/09/12,0,15387000,-10317473,5069527
2007/09/13,0,4788000,-5234000,-446000
2007/09/14,0,16163000,-1674741,14488259
2007/09/17,0,17315233,-7893727,9421506
2007/09/18,0,0,0,0
2007/09/19,0,62691000,-10734034,51956966
2007/09/20,0,18927000,-4003000,14924000
2007/09/21,0,6899980,-22335434,-15435454
2007/09/24,0,0,0,0
2007/09/25,0,0,0,0
2007/09/26,0,7901000,-20943300,-13042300
2007/09/27,0,13449000,-19741495,-6292495
2007/09/28,0,15690000,-10864362,4825638
2007/10/01,0,5652000,-10995904,-5343904
2007/10/02,0,26372000,-6881740,19490260
2007/10/03,0,21211601,-18272251,2939350
2007/10/04,0,12700000,-17915463,-5215463
2007/10/05,0,6298000,-7604764,-1306764
2007/10/08,0,8487000,-3437000,5050000
2007/10/09,0,5063000,-8929000,-3866000
2007/10/10,0,0,0,0
2007/10/11,0,14326000,-23718556,-9392556
2007/10/12,0,5851567,-18932141,-13080574
2007/10/15,0,8905000,-7071896,1833104
2007/10/16,0,6426080,-23087591,-16661511
2007/10/17,0,9569000,-16358251,-6789251
2007/10/18,0,6364000,-8475000,-2111000
2007/10/19,0,1773000,-4582000,-2809000
2007/10/22,0,6871000,-20505000,-13634000
2007/10/23,0,3200000,-4545917,-1345917
2007/10/24,0,10042000,-6529633,3512367
2007/10/25,0,12055099,-9502289,2552810
2007/10/26,0,8199000,-10575321,-2376321
2007/10/29,0,20579633,-7587860,12991773
2007/10/30,0,5131000,-5779000,-648000
2007/10/31,0,5836100,-4561500,1274600
2007/11/01,0,11435000,-6043253,5391747
2007/11/02,0,9902200,-28176000,-18273800
2007/11/05,0,8755281,-14352000,-5596719
2007/11/06,0,6081000,-24979101,-18898101
2007/11/07,0,8718000,-15348666,-6630666
2007/11/08,0,8517000,-49553300,-41036300
2007/11/09,0,9295000,-25837598,-16542598
2007/11/12,0,10033000,-30029500,-19996500
2007/11/13,0,5566000,-21945972,-16379972
2007/11/14,0,14753896,-24254451,-9500555
2007/11/15,0,10090000,-10633000,-543000
2007/11/16,0,8330000,-13550245,-5220245
2007/11/19,0,2687000,-10973050,-8286050
2007/11/20,0,10600000,-23855602,-13255602
2007/11/21,0,11358720,-30792579,-19433859
2007/11/22,0,8422000,-43101659,-34679659
2007/11/23,0,5955000,-16275429,-10320429
2007/11/26,0,10684880,-12491000,-1806120
2007/11/27,0,12130000,-19089000,-6959000
2007/11/28,0,3684000,-4996791,-1312791
2007/11/29,0,12402000,-8812820,3589180
2007/11/30,0,32012273,-30111830,1900443
2007/12/03,0,7139893,-12431678,-5291785
2007/12/04,0,4287000,-9118000,-4831000
2007/12/05,0,4032000,-19520286,-15488286
2007/12/06,0,19013000,-14115782,4897218
2007/12/07,0,22979252,-10541781,12437471
2007/12/10,0,8934000,-10574559,-1640559
2007/12/11,0,10562000,-3176099,7385901
2007/12/12,0,2902000,-4592900,-1690900
2007/12/13,0,4609000,-12026600,-7417600
2007/12/14,0,7817000,-18121497,-10304497
2007/12/17,0,8396000,-17782914,-9386914
2007/12/18,0,10153000,-22283986,-12130986
2007/12/19,0,5905000,-15892795,-9987795
2007/12/20,0,4773000,-4843000,-70000
2007/12/21,0,9234000,-8748000,486000
2007/12/24,0,3242000,-2334000,908000
2007/12/25,0,3510000,-553000,2957000
2007/12/26,0,2947000,-5579000,-2632000
2007/12/27,0,6963000,-7653000,-690000
2007/12/28,0,7484000,-10760459,-3276459
2007/12/31,0,2996000,-7976593,-4980593
2008/01/01,0,0,0,0
2008/01/02,0,2085607,-8398795,-6313188
2008/01/03,0,5562000,-11719005,-6157005
2008/01/04,0,25409000,-27998550,-2589550
2008/01/07,0,28856300,-19203239,9653061
2008/01/08,0,31161327,-24425400,6735927
2008/01/09,0,21624200,-22228574,-604374
2008/01/10,0,11680935,-13644268,-1963333
2008/01/11,0,15705568,-23889347,-8183779
2008/01/14,0,77814000,-49551406,28262594
2008/01/15,0,44643000,-16265398,28377602
2008/01/16,0,211573586,-88397265,123176321
2008/01/17,0,83497000,-72147343,11349657
2008/01/18,0,47621772,-52520194,-4898422
2008/01/21,0,32906000,-44291105,-11385105
2008/01/22,0,18738400,-41778000,-23039600
2008/01/23,0,77835250,-99798300,-21963050
2008/01/24,0,74933348,-69532273,5401075
2008/01/25,0,39621000,-26460860,13160140
2008/01/28,0,21322000,-17375000,3947000
2008/01/29,0,24260000,-8131354,16128646
2008/01/30,0,19745424,-14834911,4910513
2008/01/31,0,25830200,-26954273,-1124073
2008/02/01,0,15774000,-12865605,2908395
2008/02/04,0,0,0,0
2008/02/05,0,0,0,0
2008/02/06,0,0,0,0
2008/02/07,0,0,0,0
2008/02/08,0,0,0,0
2008/02/11,0,0,0,0
2008/02/12,0,26643000,-42306878,-15663878
2008/02/13,0,13671000,-16755218,-3084218
2008/02/14,0,36239453,-9317500,26921953
2008/02/15,0,12789000,-15344263,-2555263
2008/02/18,0,7208000,-5954087,1253913
2008/02/19,0,28865000,-12894000,15971000
2008/02/20,0,43606000,-26106000,17500000
2008/02/21,0,21213000,-6521677,14691323
2008/02/22,0,19619420,-7983080,11636340
2008/02/25,0,38675000,-15539000,23136000
2008/02/26,0,24095100,-22418000,1677100
2008/02/27,0,28777000,-24766000,4011000
2008/02/28,0,0,0,0
2008/02/29,0,31819488,-62119895,-30300407
2008/03/03,0,14770000,-43522898,-28752898
2008/03/04,0,34783000,-66648260,-31865260
2008/03/05,0,29901000,-36122000,-6221000
2008/03/06,0,22587000,-22387482,199518
2008/03/07,0,9874000,-37020791,-27146791
2008/03/10,0,9757000,-53530143,-43773143
2008/03/11,0,26937980,-40391557,-13453577
2008/03/12,0,41836733,-21448757,20387976
2008/03/13,0,7801000,-14348000,-6547000
2008/03/14,0,5414000,-11650000,-6236000
2008/03/17,0,17655000,-49192531,-31537531
2008/03/18,0,8900857,-50491000,-41590143
2008/03/19,0,29985000,-18403389,11581611
2008/03/20,0,48279000,-22610673,25668327
2008/03/21,0,43876000,-30997650,12878350
2008/03/24,0,92037000,-26953292,65083708
2008/03/25,0,41384000,-35505251,5878749
2008/03/26,0,30995000,-27167242,3827758
2008/03/27,0,22466132,-46560388,-24094256
2008/03/28,0,27097832,-35688009,-8590177
2008/03/31,0,27517355,-69513820,-41996465
2008/04/01,0,8650791,-33028704,-24377913
2008/04/02,0,26724475,-23438213,3286262
2008/04/03,0,8176000,-17079753,-8903753
2008/04/04,0,0,0,0
2008/04/07,0,13849000,-15701916,-1852916
2008/04/08,0,10391000,-20764658,-10373658
2008/04/09,0,5620000,-27887331,-22267331
2008/04/10,0,8079000,-14274957,-6195957
2008/04/11,0,7850000,-69746058,-61896058
2008/04/14,0,9941000,-34517817,-24576817
2008/04/15,0,9117000,-10020000,-903000
2008/04/16,0,19789000,-14922003,4866997
2008/04/17,0,35541000,-7874041,27666959
2008/04/18,0,28407397,-15647244,12760153
2008/04/21,0,25200948,-17568000,7632948
2008/04/22,0,13248403,-9648258,3600145
2008/04/23,0,13237000,-10315194,2921806
2008/04/24,0,19545000,-1017000,18528000
2008/04/25,0,10858000,-3770157,7087843
2008/04/28,0,20072395,-3845720,16226675
2008/04/29,0,16046000,-7978843,8067157
2008/04/30,0,32894000,-7576385,25317615
2008/05/01,0,0,0,0
2008/05/02,0,22511230,-7671000,14840230
2008/05/05,0,10564000,-41452122,-30888122
2008/05/06,0,8825226,-26852000,-18026774
2008/05/07,0,10094000,-16257000,-6163000
2008/05/08,0,8366000,-18765411,-10399411
2008/05/09,0,7484000,-14637258,-7153258
2008/05/12,0,10219000,-40147000,-29928000
2008/05/13,0,13155000,-7689000,5466000
2008/05/14,0,15536000,-9409922,6126078
2008/05/15,0,13221567,-26731765,-13510198
2008/05/16,0,11029000,-12102000,-1073000
2008/05/19,0,9016000,-8471154,544846
2008/05/20,0,4968000,-11664000,-6696000
2008/05/21,0,3498535,-14634252,-11135717
2008/05/22,0,13256000,-18950871,-5694871
2008/05/23,0,7809000,-8928000,-1119000
2008/05/26,0,9763000,-9410000,353000
2008/05/27,0,2109000,-4752239,-2643239
2008/05/28,0,3439000,-11848180,-8409180
2008/05/29,0,11834000,-20381664,-8547664
2008/05/30,0,14649800,-7409454,7240346
2008/06/02,0,13704444,-6060943,7643501
2008/06/03,0,7641404,-7473794,167610
2008/06/04,0,3031000,-9120520,-6089520
2008/06/05,0,8874000,-16266400,-7392400
2008/06/06,0,5846000,-11282000,-5436000
2008/06/09,0,4974000,-17433000,-12459000
2008/06/10,0,3880734,-17962211,-14081477
2008/06/11,0,5437000,-3371000,2066000
2008/06/12,0,3807110,-17774000,-13966890
2008/06/13,0,18504000,-13341680,5162320
2008/06/16,0,9282000,-6853476,2428524
2008/06/17,0,10709000,-9158000,1551000
2008/06/18,0,5133000,-9231000,-4098000
2008/06/19,0,3587000,-17549053,-13962053
2008/06/20,0,8211870,-6692088,1519782
2008/06/23,0,9543000,-5344000,4199000
2008/06/24,0,4864000,-9519000,-4655000
2008/06/25,0,12874240,-10633649,2240591
2008/06/26,0,10255736,-19603691,-9347955
2008/06/27,0,14637500,-15001788,-364288
2008/06/30,0,9025000,-8547000,478000
2008/07/01,0,15596721,-10150521,5446200
2008/07/02,0,9300000,-28722108,-19422108
2008/07/03,0,15380000,-14747600,632400
2008/07/04,0,19559000,-14458000,5101000
2008/07/07,0,11226103,-6079000,5147103
2008/07/08,0,3463000,-18921086,-15458086
2008/07/09,0,40607000,-40282000,325000
2008/07/10,0,26991446,-13674654,13316792
2008/07/11,0,36527000,-26623660,9903340
2008/07/14,0,11162000,-18688128,-7526128
2008/07/15,0,8150600,-18187275,-10036675
2008/07/16,0,23108300,-22027291,1081009
2008/07/17,0,24212000,-11122590,13089410
2008/07/18,0,46583000,-22070413,24512587
2008/07/21,0,28896000,-10070845,18825155
2008/07/22,0,14005862,-12928937,1076925
2008/07/23,0,19378000,-14972382,4405618
2008/07/24,0,12153000,-10243000,1910000
2008/07/25,0,9228000,-19051000,-9823000
2008/07/28,0,0,0,0
2008/07/29,0,9229000,-23742003,-14513003
2008/07/30,0,11797760,-29290501,-17492741
2008/07/31,0,13905403,-8077658,5827745
2008/08/01,0,13893000,-8625750,5267250
2008/08/04,0,6028000,-7906429,-1878429
2008/08/05,0,8497824,-15615000,-7117176
2008/08/06,0,17982360,-17284890,697470
2008/08/07,0,6718170,-7414000,-695830
2008/08/08,0,10051237,-12388000,-2336763
2008/08/11,0,19769000,-4588100,15180900
2008/08/12,0,5990000,-963000,5027000
2008/08/13,0,6484000,-10992995,-4508995
2008/08/14,0,5559000,-4464371,1094629
2008/08/15,0,6510595,-8241000,-1730405
2008/08/18,0,3951000,-9971825,-6020825
2008/08/19,0,4857150,-13014200,-8157050
2008/08/20,0,7530202,-8764300,-1234098
2008/08/21,0,7683300,-16281500,-8598200
2008/08/22,0,5600000,-7833831,-2233831
2008/08/25,0,10576000,-1814000,8762000
2008/08/26,0,3061000,-7529950,-4468950
2008/08/27,0,7678000,-3242996,4435004
2008/08/28,0,8697000,-9975630,-1278630
2008/08/29,0,11435000,-13301621,-1866621
2008/09/01,0,8324000,-7826000,498000
2008/09/02,0,3623100,-9407000,-5783900
2008/09/03,0,3615000,-5307804,-1692804
2008/09/04,0,2913000,-11574860,-8661860
2008/09/05,0,6570000,-24806390,-18236390
2008/09/08,0,8980000,-20323550,-11343550
2008/09/09,0,33018000,-28922000,4096000
2008/09/10,0,21461000,-21922500,-461500
2008/09/11,0,13198000,-18025096,-4827096
2008/09/12,0,6776870,-2788000,3988870
2008/09/15,0,6630000,-16813500,-10183500
2008/09/16,0,22421527,-20401658,2019869
2008/09/17,0,32977390,-51635048,-18657658
2008/09/18,0,10273510,-15239825,-4966315
2008/09/19,0,55587500,-37923369,17664131
2008/09/22,0,32472599,-15288090,17184509
2008/09/23,0,9650179,-14175116,-4524937
2008/09/24,0,10160959,-53638686,-43477727
2008/09/25,0,16228050,-20086196,-3858146
2008/09/26,0,52960936,-42353700,10607236
2008/09/29,0,0,0,0
2008/09/30,0,68160000,-55545637,12614363
2008/10/01,0,17981000,-13149686,4831314
2008/10/02,0,13758000,-20000750,-6242750
2008/10/03,0,12949000,-14309820,-1360820
2008/10/06,0,37045503,-36060864,984639
2008/10/07,0,19352200,-18607611,744589
2008/10/08,0,17733000,-25306416,-7573416
2008/10/09,0,30707000,-24051192,6655808
2008/10/10,0,0,0,0
2008/10/13,0,5505000,-8867577,-3362577
2008/10/14,0,7962000,-12973567,-5011567
2008/10/15,0,13364510,-12776423,588087
2008/10/16,0,3489000,-3552911,-63911
2008/10/17,0,2192000,-9290150,-7098150
2008/10/20,0,2088400,-7698200,-5609800
2008/10/21,0,6220750,-26583375,-20362625
2008/10/22,0,9206003,-12366712,-3160709
2008/10/23,0,1234100,-4783701,-3549601
2008/10/24,0,3478850,-5084866,-1606016
2008/10/27,0,1456100,-17930023,-16473923
2008/10/28,0,21128523,-34426915,-13298392
2008/10/29,0,11820250,-23633218,-11812968
2008/10/30,0,10272000,-39031749,-28759749
2008/10/31,0,10768000,-21567550,-10799550
2008/11/03,0,15968450,-9684739,6283711
2008/11/04,0,6225000,-7694965,-1469965
2008/11/05,0,29871110,-7976343,21894767
2008/11/06,0,10364000,-25641960,-15277960
2008/11/07,0,9363000,-20426275,-11063275
2008/11/10,0,12291000,-10742938,1548062
2008/11/11,0,6977000,-15249910,-8272910
2008/11/12,0,5383000,-15494855,-10111855
2008/11/13,0,7587504,-25644954,-18057450
2008/11/14,0,5799000,-10348550,-4549550
2008/11/17,0,10809000,-17170448,-6361448
2008/11/18,0,4117750,-7225550,-3107800
2008/11/19,0,7629000,-9136180,-1507180
2008/11/20,0,4764000,-8641236,-3877236
2008/11/21,0,3848000,-7299416,-3451416
2008/11/24,0,2051000,-10121885,-8070885
2008/11/25,0,9236290,-6049210,3187080
2008/11/26,0,7976100,-5074662,2901438
2008/11/27,0,8083000,-14069794,-5986794
2008/11/28,0,8628000,-3284983,5343017
2008/12/01,0,16881000,-9224904,7656096
2008/12/02,0,7097000,-11816720,-4719720
2008/12/03,0,6343000,-10846900,-4503900
2008/12/04,0,3676000,-10413570,-6737570
2008/12/05,0,7538000,-2939482,4598518
2008/12/08,0,12104000,-13276050,-1172050
2008/12/09,0,14701550,-3400750,11300800
2008/12/10,0,23808000,-4140545,19667455
2008/12/11,0,16904726,-5563085,11341641
2008/12/12,0,4114000,-11015890,-6901890
2008/12/15,0,14101000,-7275144,6825856
2008/12/16,0,4922000,-6171967,-1249967
2008/12/17,0,14130470,-8413000,5717470
2008/12/18,0,9671000,-9655820,15180
2008/12/19,0,6618000,-11116092,-4498092
2008/12/22,0,7646000,-8688350,-1042350
2008/12/23,0,2277000,-12278020,-10001020
2008/12/24,0,8290400,-7266000,1024400
2008/12/25,0,519000,-921000,-402000
2008/12/26,0,321000,-1300000,-979000
2008/12/29,0,2450000,-1800550,649450
2008/12/30,0,10480000,-2337207,8142793
2008/12/31,0,4425000,-4866074,-441074
2009/01/01,0,0,0,0
2009/01/02,0,0,0,0
2009/01/05,0,10880000,-6850851,4029149
2009/01/06,0,20880615,-6043630,14836985
2009/01/07,0,18535000,-11006094,7528906
2009/01/08,0,10836000,-17939365,-7103365
2009/01/09,0,12401000,-12046283,354717
2009/01/12,0,5860100,-16495100,-10635000
2009/01/13,0,4451791,-7725300,-3273509
2009/01/14,0,24101975,-14939275,9162700
2009/01/15,0,2436000,-17353050,-14917050
2009/01/16,0,2070000,-16446707,-14376707
2009/01/19,0,8553000,-3232239,5320761
2009/01/20,0,8874000,-17253584,-8379584
2009/01/21,0,5438183,-20870300,-15432117
2009/01/22,0,0,0,0
2009/01/23,0,0,0,0
2009/01/26,0,0,0,0
2009/01/27,0,0,0,0
2009/01/28,0,0,0,0
2009/01/29,0,0,0,0
2009/01/30,0,0,0,0
2009/02/02,0,16290183,-31176714,-14886531
2009/02/03,0,9906000,-17699612,-7793612
2009/02/04,0,3477000,-20857141,-17380141
2009/02/05,0,4629500,-15793070,-11163570
2009/02/06,0,9663000,-16534000,-6871000
2009/02/09,0,5139000,-23696792,-18557792
2009/02/10,0,4965000,-19638030,-14673030
2009/02/11,0,3372000,-11221677,-7849677
2009/02/12,0,13291240,-9944300,3346940
2009/02/13,0,5397000,-2547903,2849097
2009/02/16,0,3488000,-5017000,-1529000
2009/02/17,0,3970000,-8625170,-4655170
2009/02/18,0,7091000,-30214115,-23123115
2009/02/19,0,5637000,-24803716,-19166716
2009/02/20,0,2063576,-25955576,-23892000
2009/02/23,0,5360000,-47374299,-42014299
2009/02/24,0,1252000,-69761951,-68509951
2009/02/25,0,9873000,-74075296,-64202296
2009/02/26,0,5066000,-48073153,-43007153
2009/02/27,0,4149017,-74210662,-70061645
2009/03/02,0,2178000,-55905884,-53727884
2009/03/03,0,19635000,-101585463,-81950463
2009/03/04,0,11621000,-48746555,-37125555
2009/03/05,0,9634000,-22911312,-13277312
2009/03/06,0,9084500,-16427623,-7343123
2009/03/09,0,5846000,-67187316,-61341316
2009/03/10,0,5006000,-66169611,-61163611
2009/03/11,0,19191000,-19886989,-695989
2009/03/12,0,7105000,-18956477,-11851477
2009/03/13,0,27271400,-37660800,-10389400
2009/03/16,0,14107000,-13814500,292500
2009/03/17,0,20068200,-6208954,13859246
2009/03/18,0,24951000,-6566115,18384885
2009/03/19,0,54030000,-16571230,37458770
2009/03/20,0,13766000,-4494223,9271777
2009/03/23,0,20614000,-11580300,9033700
2009/03/24,0,25780000,-9515800,16264200
2009/03/25,0,20995900,-11002675,9993225
2009/03/26,0,20838000,-17488040,3349960
2009/03/27,0,21141150,-6238000,14903150
2009/03/30,0,13512000,-14664695,-1152695
2009/03/31,0,12922000,-23049940,-10127940
2009/04/01,0,8987290,-12759750,-3772460
2009/04/02,0,60833000,-11627400,49205600
2009/04/03,0,115689120,-11312000,104377120
2009/04/06,0,46939000,-10524550,36414450
2009/04/07,0,22390000,-28036477,-5646477
2009/04/08,0,27845000,-46323901,-18478901
2009/04/09,0,44304000,-8121302,36182698
2009/04/10,0,20437070,-2042000,18395070
2009/04/13,0,11656000,-5128500,6527500
2009/04/14,0,9286000,-15534450,-6248450
2009/04/15,0,40928380,-34575871,6352509
2009/04/16,0,33601622,-14708622,18893000
2009/04/17,0,32261000,-9482000,22779000
2009/04/20,0,10851000,-9400600,1450400
2009/04/21,0,12533548,-21050649,-8517101
2009/04/22,0,9777000,-8151700,1625300
2009/04/23,0,3477000,-18168700,-14691700
2009/04/24,0,21136000,-6414300,14721700
2009/04/27,0,15275664,-6982113,8293551
2009/04/28,0,9308000,-6327905,2980095
2009/04/29,0,13218000,-3853492,9364508
2009/04/30,0,35955000,-2369200,33585800
2009/05/01,0,0,0,0
2009/05/04,0,13374000,-4069941,9304059
2009/05/05,0,22801000,-1242000,21559000
2009/05/06,0,90604945,-20855080,69749865
2009/05/07,0,43724000,-23301000,20423000
2009/05/08,0,21272547,-11258395,10014152
2009/05/11,0,22307494,-9458841,12848653
2009/05/12,0,17584000,-24942097,-7358097
2009/05/13,0,17902914,-17538734,364180
2009/05/14,0,13850000,-10415800,3434200
2009/05/15,0,9390870,-7562967,1827903
2009/05/18,0,8684695,-11387436,-2702741
2009/05/19,0,27083000,-6062600,21020400
2009/05/20,0,57770500,-10231440,47539060
2009/05/21,0,47034000,-14129000,32905000
2009/05/22,0,17295000,-15157000,2138000
2009/05/25,0,11845000,-19485119,-7640119
2009/05/26,0,11599300,-9794735,1804565
2009/05/27,0,16482119,-18472502,-1990383
2009/05/28,0,0,0,0
2009/05/29,0,0,0,0
2009/06/01,0,20746100,-9504231,11241869
2009/06/02,0,11051849,-7005000,4046849
2009/06/03,0,8205000,-2394000,5811000
2009/06/04,0,5410000,-19400100,-13990100
2009/06/05,0,8628129,-8984000,-355871
2009/06/08,0,3149200,-15469331,-12320131
2009/06/09,0,19496440,-25134242,-5637802
2009/06/10,0,20247900,-6372895,13875005
2009/06/11,0,10805000,-8569960,2235040
2009/06/12,0,5254000,-16424362,-11170362
2009/06/15,0,5439711,-6526000,-1086289
2009/06/16,0,5632000,-6750590,-1118590
2009/06/17,0,10141800,-11628000,-1486200
2009/06/18,0,6589000,-9885000,-3296000
2009/06/19,0,3834139,-3637505,196634
2009/06/22,0,5336000,-11514120,-6178120
2009/06/23,0,2106800,-20764000,-18657200
2009/06/24,0,14859000,-14769851,89149
2009/06/25,0,20655834,-18388620,2267214
2009/06/26,0,12648000,-9500103,3147897
2009/06/29,0,12475000,-8904250,3570750
2009/06/30,0,11533000,-4850326,6682674
2009/07/01,0,11368000,-3534550,7833450
2009/07/02,0,11894000,-9609000,2285000
2009/07/03,0,1902546,-6592016,-4689470
2009/07/06,0,2324100,-5240000,-2915900
2009/07/07,0,7426100,-1300290,6125810
2009/07/08,0,17873000,-11634780,6238220
2009/07/09,0,9928000,-6525471,3402529
2009/07/10,0,3095000,-3460000,-365000
2009/07/13,0,9999420,-18801000,-8801580
2009/07/14,0,5319300,-8584860,-3265560
2009/07/15,0,17996000,-5544600,12451400
2009/07/16,0,15278000,-3335210,11942790
2009/07/17,0,10851752,-2578481,8273271
2009/07/20,0,14214000,-1764454,12449546
2009/07/21,0,11446000,-4074000,7372000
2009/07/22,0,10996400,-13267200,-2270800
2009/07/23,0,6480000,-7671690,-1191690
2009/07/24,0,6137500,-7472700,-1335200
2009/07/27,0,15793000,-5674254,10118746
2009/07/28,0,7885000,-3013000,4872000
2009/07/29,0,7690000,-8463850,-773850
2009/07/30,0,5712000,-9053000,-3341000
2009/07/31,0,4250600,-8246150,-3995550
2009/08/03,0,11642000,-4266375,7375625
2009/08/04,0,5780000,-6233738,-453738
2009/08/05,0,2637000,-6577000,-3940000
2009/08/06,0,2874000,-27142000,-24268000
2009/08/07,0,0,0,0
2009/08/10,0,2330679,-13507300,-11176621
2009/08/11,0,5492000,-11775000,-6283000
2009/08/12,0,1165251,-8701000,-7535749
2009/08/13,0,7689000,-4666050,3022950
2009/08/14,0,3961000,-2915319,1045681
2009/08/17,0,2669000,-13886306,-11217306
2009/08/18,0,1346000,-1879000,-533000
2009/08/19,0,947000,-6868737,-5921737
2009/08/20,0,3357200,-7109964,-3752764
2009/08/21,0,5175051,-14574781,-9399730
2009/08/24,0,19956000,-4652350,15303650
2009/08/25,0,4511000,-3927456,583544
2009/08/26,0,5489625,-9420200,-3930575
2009/08/27,0,2187000,-7773000,-5586000
2009/08/28,0,6616000,-7173300,-557300
2009/08/31,0,2988000,-10625846,-7637846
2009/09/01,0,6976000,-3721694,3254306
2009/09/02,0,5635000,-10214500,-4579500
2009/09/03,0,11684000,-3978000,7706000
2009/09/04,0,7027000,-10081458,-3054458
2009/09/07,0,8519000,-2509000,6010000
2009/09/08,0,25310000,-11131000,14179000
2009/09/09,0,25458000,-2551600,22906400
2009/09/10,0,45345833,-9678280,35667553
2009/09/11,0,12596850,-4555000,8041850
2009/09/14,0,6055000,-4836000,1219000
2009/09/15,0,6088593,-2240500,3848093
2009/09/16,0,10717000,-2893253,7823747
2009/09/17,0,29683000,-2253250,27429750
2009/09/18,0,6533000,-4281000,2252000
2009/09/21,0,8958000,-9498100,-540100
2009/09/22,0,5667000,-612000,5055000
2009/09/23,0,11500367,-6825219,4675148
2009/09/24,0,1600000,-6398000,-4798000
2009/09/25,0,13018657,-9628603,3390054
2009/09/28,0,5253000,-3055000,2198000
2009/09/29,0,12584334,-1267000,11317334
2009/09/30,0,7062000,-4282992,2779008
2009/10/01,0,24004700,-6415000,17589700
2009/10/02,0,34597000,-13558085,21038915
2009/10/05,0,24134450,-7244450,16890000
2009/10/06,0,48389000,-16138600,32250400
2009/10/07,0,48130090,-12523160,35606930
2009/10/08,0,23137235,-12667000,10470235
2009/10/09,0,9863000,-3373000,6490000
2009/10/12,0,16898761,-18626000,-1727239
2009/10/13,0,13519390,-14620385,-1100995
2009/10/14,0,9036950,-4348000,4688950
2009/10/15,0,16855000,-6267000,10588000
2009/10/16,0,19507000,-3112000,16395000
2009/10/19,0,7965000,-3558149,4406851
2009/10/20,0,7234000,-2299727,4934273
2009/10/21,0,9193000,-11434249,-2241249
2009/10/22,0,8821000,-14104000,-5283000
2009/10/23,0,9338000,-3317000,6021000
2009/10/26,0,6243000,-591000,5652000
2009/10/27,0,6534000,-5458000,1076000
2009/10/28,0,4811000,-5282800,-471800
2009/10/29,0,8694450,-21820000,-13125550
2009/10/30,0,6996000,-7547500,-551500
2009/11/02,0,5807000,-8093365,-2286365
2009/11/03,0,7375000,-9214000,-1839000
2009/11/04,0,7318363,-3180990,4137373
2009/11/05,0,1213000,-5695619,-4482619
2009/11/06,0,8260000,-5782000,2478000
2009/11/09,0,7679000,-6364000,1315000
2009/11/10,0,6966000,-3775800,3190200
2009/11/11,0,7722910,-6862000,860910
2009/11/12,0,6068000,-310000,5758000
2009/11/13,0,6993000,-3459251,3533749
2009/11/16,0,14640000,-967550,13672450
2009/11/17,0,14412500,-6045000,8367500
2009/11/18,0,5607000,-13009197,-7402197
2009/11/19,0,5602695,-7338810,-1736115
2009/11/20,0,3819000,-14273000,-10454000
2009/11/23,0,3446000,-8955000,-5509000
2009/11/24,0,4496000,-2042000,2454000
2009/11/25,0,8062000,-3415000,4647000
2009/11/26,0,3660700,-4827025,-1166325
2009/11/27,0,5716130,-21371000,-15654870
2009/11/30,0,4554105,-14057528,-9503423
2009/12/01,0,8116000,-7082623,1033377
2009/12/02,0,8537000,-5702000,2835000
2009/12/03,0,24375660,-10856415,13519245
2009/12/04,0,25785000,-18211231,7573769
2009/12/07,0,6027000,-10190300,-4163300
2009/12/08,0,11731000,-14656045,-2925045
2009/12/09,0,5520000,-11971850,-6451850
2009/12/10,0,4018000,-21577651,-17559651
2009/12/11,0,7136000,-13003000,-5867000
2009/12/14,0,3348450,-7287182,-3938732
2009/12/15,0,7546000,-2348500,5197500
2009/12/16,0,2081500,-9069949,-6988449
2009/12/17,0,11159050,-9512500,1646550
2009/12/18,0,7515000,-6328000,1187000
2009/12/21,0,3233570,-3668000,-434430
2009/12/22,0,8138500,-3447850,4690650
2009/12/23,0,6427000,-904461,5522539
2009/12/24,0,6106000,-2115500,3990500
2009/12/25,0,2631000,-458600,2172400
2009/12/28,0,7857000,-345350,7511650
2009/12/29,0,3379500,-9888464,-6508964
2009/12/30,0,7168552,-3633000,3535552
2009/12/31,0,9959000,-583000,9376000
2010/01/01,0,0,0,0
2010/01/04,0,2881000,-1256800,1624200
2010/01/05,0,6172000,-6577211,-405211
2010/01/06,0,10395000,-9538989,856011
2010/01/07,0,8010000,-2346134,5663866
2010/01/08,0,6730040,-2396000,4334040
2010/01/11,0,4216000,-2378000,1838000
2010/01/12,0,4313165,-5280711,-967546
2010/01/13,0,2166000,-5235789,-3069789
2010/01/14,0,5767000,-4318630,1448370
2010/01/15,0,8012000,-8795000,-783000
2010/01/18,0,3905515,-1427515,2478000
2010/01/19,0,7680213,-7948020,-267807
2010/01/20,0,8577500,-9296000,-718500
2010/01/21,0,6702000,-4580750,2121250
2010/01/22,0,2508000,-11541000,-9033000
2010/01/25,0,2115000,-15738950,-13623950
2010/01/26,0,6557500,-15820000,-9262500
2010/01/27,0,10419500,-12011870,-1592370
2010/01/28,0,7930000,-11497750,-3567750
2010/01/29,0,6195000,-13211485,-7016485
2010/02/01,0,7389000,-15344560,-7955560
2010/02/02,0,16030000,-14512860,1517140
2010/02/03,0,5617330,-8725000,-3107670
2010/02/04,0,5359000,-7202000,-1843000
2010/02/05,0,4294000,-15318930,-11024930
2010/02/08,0,3994667,-7507654,-3512987
2010/02/09,0,4182000,-10512565,-6330565
2010/02/10,0,1194000,-8162856,-6968856
2010/02/11,0,0,0,0
2010/02/12,0,0,0,0
2010/02/15,0,0,0,0
2010/02/16,0,0,0,0
2010/02/17,0,0,0,0
2010/02/18,0,0,0,0
2010/02/19,0,0,0,0
2010/02/22,0,11353000,-8924589,2428411
2010/02/23,0,5555000,-3828867,1726133
2010/02/24,0,7764000,-9605000,-1841000
2010/02/25,0,6861001,-12129032,-5268031
2010/02/26,0,6904334,-7342969,-438635
2010/03/01,0,6679000,-7003000,-324000
2010/03/02,0,7390000,-8447211,-1057211
2010/03/03,0,6646000,-17332000,-10686000
2010/03/04,0,5828000,-9445000,-3617000
2010/03/05,0,7551000,-4068400,3482600
2010/03/08,0,3826000,-260623,3565377
2010/03/09,0,9821540,-5679850,4141690
2010/03/10,0,3482000,-1025566,2456434
2010/03/11,0,4866000,-4299349,566651
2010/03/12,0,3905740,-956000,2949740
2010/03/15,0,1149000,-6921000,-5772000
2010/03/16,0,1580001,-4752000,-3171999
2010/03/17,0,11525000,-3774000,7751000
2010/03/18,0,6920500,-2196349,4724151
2010/03/19,0,3037000,-3868646,-831646
2010/03/22,0,1139000,-4313690,-3174690
2010/03/23,0,1993000,-10116000,-8123000
2010/03/24,0,6602610,-10903000,-4300390
2010/03/25,0,4587372,-5938000,-1350628
2010/03/26,0,6388000,-5367000,1021000
2010/03/29,0,12900000,-1877330,11022670
2010/03/30,0,6985097,-6814000,171097
2010/03/31,0,3777209,-8693680,-4916471
2010/04/01,0,10733000,-10281913,451087
2010/04/02,0,4179000,-344000,3835000
2010/04/05,0,0,0,0
2010/04/06,0,7805530,-3561000,4244530
2010/04/07,0,5188500,-4198644,989856
2010/04/08,0,6913000,-8983612,-2070612
2010/04/09,0,10509000,-5965040,4543960
2010/04/12,0,5541090,-7926000,-2384910
2010/04/13,0,3889000,-3530000,359000
2010/04/14,0,5652000,-1920180,3731820
2010/04/15,0,10429000,-6508000,3921000
2010/04/16,0,3443580,-7623644,-4180064
2010/04/19,0,7035000,-15450050,-8415050
2010/04/20,0,6623520,-9416982,-2793462
2010/04/21,0,3535000,-6060500,-2525500
2010/04/22,0,4480000,-16846430,-12366430
2010/04/23,0,4985000,-18732000,-13747000
2010/04/26,0,15438000,-12448000,2990000
2010/04/27,0,6411795,-7973495,-1561700
2010/04/28,0,6005000,-17341350,-11336350
2010/04/29,0,1278000,-25035811,-23757811
2010/04/30,0,11508220,-22804000,-11295780
2010/05/03,0,5178000,-20413000,-15235000
2010/05/04,0,12528000,-15978263,-3450263
2010/05/05,0,12629939,-13145940,-516001
2010/05/06,0,25369717,-17048850,8320867
2010/05/07,0,8677898,-18666670,-9988772
2010/05/10,0,1545460,-10327310,-8781850
2010/05/11,0,5565000,-15855000,-10290000
2010/05/12,0,4868843,-6762000,-1893157
2010/05/13,0,15182000,-6732000,8450000
2010/05/14,0,3315177,-466000,2849177
2010/05/17,0,2309000,-9214000,-6905000
2010/05/18,0,5659000,-1946000,3713000
2010/05/19,0,2813002,-6225010,-3412008
2010/05/20,0,1163000,-5747000,-4584000
2010/05/21,0,2277500,-7586690,-5309190
2010/05/24,0,4120000,-7433000,-3313000
2010/05/25,0,4918000,-7828000,-2910000
2010/05/26,0,37407870,-34505230,2902640
2010/05/27,0,6804423,-6902560,-98137
2010/05/28,0,7574000,-5579000,1995000
2010/05/31,0,7120000,-3282000,3838000
2010/06/01,0,6258000,-9162000,-2904000
2010/06/02,0,3635441,-6132000,-2496559
2010/06/03,0,11867000,-6873150,4993850
2010/06/04,0,1614616,-11706250,-10091634
2010/06/07,0,8164667,-22937000,-14772333
2010/06/08,0,9736700,-12915000,-3178300
2010/06/09,0,2464000,-6455400,-3991400
2010/06/10,0,5304722,-3372080,1932642
2010/06/11,0,11925189,-8801000,3124189
2010/06/14,0,5188189,-3063000,2125189
2010/06/15,0,13005378,-5132481,7872897
2010/06/16,0,0,0,0
2010/06/17,0,16348079,-12556727,3791352
2010/06/18,0,3316893,-2084100,1232793
2010/06/21,0,17570339,-3531611,14038728
2010/06/22,0,11593443,-6540650,5052793
2010/06/23,0,3413073,-1093345,2319728
2010/06/24,0,6732587,-7317380,-584793
2010/06/25,0,18270323,-14233857,4036466
2010/06/28,0,14946500,-8461000,6485500
2010/06/29,0,12070500,-6223000,5847500
2010/06/30,0,7401289,-10157500,-2756211
2010/07/01,0,1902000,-12390807,-10488807
2010/07/02,0,3664500,-9105590,-5441090
2010/07/05,0,7030776,-6579504,451272
2010/07/06,0,10465000,-11718129,-1253129
2010/07/07,0,5389560,-3550500,1839060
2010/07/08,0,9546000,-6468889,3077111
2010/07/09,0,8281583,-8153000,128583
2010/07/12,0,9289120,-7303968,1985152
2010/07/13,0,3375000,-2218000,1157000
2010/07/14,0,31630417,-4542548,27087869
2010/07/15,0,13554100,-3407570,10146530
2010/07/16,0,27740486,-12751528,14988958
2010/07/19,0,6245000,-7724000,-1479000
2010/07/20,0,21463650,-13559404,7904246
2010/07/21,0,12756000,-10057650,2698350
2010/07/22,0,6019900,-7599900,-1580000
2010/07/23,0,12219290,-8756000,3463290
2010/07/26,0,9085860,-8992000,93860
2010/07/27,0,1477188,-3786000,-2308812
2010/07/28,0,7656000,-3772073,3883927
2010/07/29,0,7404000,-3692014,3711986
2010/07/30,0,3194000,-3709736,-515736
2010/08/02,0,17155000,-3900000,13255000
2010/08/03,0,6397000,-5371812,1025188
2010/08/04,0,6331000,-4508181,1822819
2010/08/05,0,3563000,-6128000,-2565000
2010/08/06,0,7774000,-6161007,1612993
2010/08/09,0,5766550,-2245000,3521550
2010/08/10,0,1059000,-3434350,-2375350
2010/08/11,0,2538000,-3000683,-462683
2010/08/12,0,763120,-5123600,-4360480
2010/08/13,0,2510319,-4999000,-2488681
2010/08/16,0,2977850,-6250200,-3272350
2010/08/17,0,2747350,-1523000,1224350
2010/08/18,0,6371000,-10619000,-4248000
2010/08/19,0,3044000,-13921263,-10877263
2010/08/20,0,2731000,-3451800,-720800
2010/08/23,0,5338000,-3154348,2183652
2010/08/24,0,5538430,-9532420,-3993990
2010/08/25,0,4135000,-27285728,-23150728
2010/08/26,0,739000,-11506750,-10767750
2010/08/27,0,2271000,-12597190,-10326190
2010/08/30,0,3445220,-14336861,-10891641
2010/08/31,0,7487086,-7290310,196776
2010/09/01,0,5258000,-10213560,-4955560
2010/09/02,0,2644000,-4106851,-1462851
2010/09/03,0,3350000,-10906000,-7556000
2010/09/06,0,4858000,-4416000,442000
2010/09/07,0,1857062,-3566700,-1709638
2010/09/08,0,2886950,-7581470,-4694520
2010/09/09,0,2438000,-8537000,-6099000
2010/09/10,0,12001050,-10980150,1020900
2010/09/13,0,17824000,-17463590,360410
2010/09/14,0,9847000,-8644430,1202570
2010/09/15,0,7505280,-4752000,2753280
2010/09/16,0,4561000,-2749720,1811280
2010/09/17,0,9817059,-7870350,1946709
2010/09/20,0,3187000,-1934000,1253000
2010/09/21,0,5789000,-5122000,667000
2010/09/22,0,0,0,0
2010/09/23,0,9484236,-13005569,-3521333
2010/09/24,0,11153140,-10710900,442240
2010/09/27,0,2535160,-8260301,-5725141
2010/09/28,0,2828730,-5794026,-2965296
2010/09/29,0,9610000,-16236324,-6626324
2010/09/30,0,4238000,-11663140,-7425140
2010/10/01,0,3260130,-5909450,-2649320
2010/10/04,0,6198720,-11382815,-5184095
2010/10/05,0,4015480,-7476660,-3461180
2010/10/06,0,10058985,-8403212,1655773
2010/10/07,0,5380680,-11690461,-6309781
2010/10/08,0,2276820,-6782920,-4506100
2010/10/11,0,2055315,-11733019,-9677704
2010/10/12,0,3299190,-20430245,-17131055
2010/10/13,0,9040010,-21571673,-12531663
2010/10/14,0,7278280,-9562250,-2283970
2010/10/15,0,5087950,-5753237,-665287
2010/10/18,0,4888000,-9812601,-4924601
2010/10/19,0,4335000,-9764676,-5429676
2010/10/20,0,5273000,-7901000,-2628000
2010/10/21,0,2356000,-13082250,-10726250
2010/10/22,0,3123176,-8632575,-5509399
2010/10/25,0,7149000,-4406270,2742730
2010/10/26,0,4157924,-2114750,2043174
2010/10/27,0,1651640,-4340000,-2688360
2010/10/28,0,12197672,-18055339,-5857667
2010/10/29,0,1562000,-5479251,-3917251
2010/11/01,0,9415000,-5802812,3612188
2010/11/02,0,4305000,-2033326,2271674
2010/11/03,0,6064000,-1440100,4623900
2010/11/04,0,3404000,-3059950,344050
2010/11/05,0,8322000,-2453483,5868517
2010/11/08,0,4627000,-1577850,3049150
2010/11/09,0,2598000,-7573300,-4975300
2010/11/10,0,3155000,-3172100,-17100
2010/11/11,0,5141000,-2696529,2444471
2010/11/12,0,2356000,-9458947,-7102947
2010/11/15,0,1239611,-4276050,-3036439
2010/11/16,0,2723000,-6756855,-4033855
2010/11/17,0,4209000,-12222000,-8013000
2010/11/18,0,1702000,-11854220,-10152220
2010/11/19,0,1585350,-15306063,-13720713
2010/11/22,0,2851620,-3210196,-358576
2010/11/23,0,1280450,-5510290,-4229840
2010/11/24,0,7643000,-18171300,-10528300
2010/11/25,0,2469420,-8947000,-6477580
2010/11/26,0,3468000,-9130750,-5662750
2010/11/29,0,3164000,-8992377,-5828377
2010/11/30,0,9544959,-9089062,455897
2010/12/01,0,7778963,-16907643,-9128680
2010/12/02,0,7294720,-7103944,190776
2010/12/03,0,1075830,-2811900,-1736070
2010/12/06,0,5323349,-2173967,3149382
2010/12/07,0,3595750,-1967290,1628460
2010/12/08,0,3003000,-12591750,-9588750
2010/12/09,0,6188000,-8248734,-2060734
2010/12/10,0,204100,-5904192,-5700092
2010/12/13,0,2300000,-10141624,-7841624
2010/12/14,0,9078767,-17738837,-8660070
2010/12/15,0,5984000,-14577221,-8593221
2010/12/16,0,5624540,-23699471,-18074931
2010/12/17,0,8188000,-10874365,-2686365
2010/12/20,0,3433330,-9206500,-5773170
2010/12/21,0,3697000,-31902159,-28205159
2010/12/22,0,2119513,-5271768,-3152255
2010/12/23,0,5197000,-1761000,3436000
2010/12/24,0,6303000,-2535000,3768000
2010/12/27,0,6322000,-2431000,3891000
2010/12/28,0,9153000,-6918840,2234160
2010/12/29,0,6274700,-14329000,-8054300
2010/12/30,0,10003000,-5291000,4712000
2010/12/31,0,8307000,-4846490,3460510
2011/01/03,0,13401001,-9132995,4268006
2011/01/04,0,13231980,-2480000,10751980
2011/01/05,0,29172000,-20850575,8321425
2011/01/06,0,10912000,-24553293,-13641293
2011/01/07,0,21144750,-6242300,14902450
2011/01/10,0,9599000,-5440000,4159000
2011/01/11,0,18098000,-5257372,12840628
2011/01/12,0,19729700,-11508719,8220981
2011/01/13,0,18328284,-17349050,979234
2011/01/14,0,6744000,-6291550,452450
2011/01/17,0,5257755,-2922000,2335755
2011/01/18,0,7991000,-9449292,-1458292
2011/01/19,0,12242000,-2447800,9794200
2011/01/20,0,2896000,-8551300,-5655300
2011/01/21,0,4625233,-10952740,-6327507
2011/01/24,0,4593950,-1812000,2781950
2011/01/25,0,7587000,-7207894,379106
2011/01/26,0,3594000,-1402210,2191790
2011/01/27,0,2903300,-4345680,-1442380
2011/01/28,0,9360400,-11636000,-2275600
2011/01/31,0,0,0,0
2011/02/01,0,0,0,0
2011/02/02,0,0,0,0
2011/02/03,0,0,0,0
2011/02/04,0,0,0,0
2011/02/07,0,0,0,0
2011/02/08,0,7333130,-7514414,-181284
2011/02/09,0,9294000,-6447033,2846967
2011/02/10,0,6199150,-20781610,-14582460
2011/02/11,0,7434800,-21693719,-14258919
2011/02/14,0,1480000,-14720677,-13240677
2011/02/15,0,5728000,-11617436,-5889436
2011/02/16,0,4731000,-8295000,-3564000
2011/02/17,0,5070000,-9392190,-4322190
2011/02/18,0,10930000,-10908800,21200
2011/02/21,0,4240000,-6941300,-2701300
2011/02/22,0,2569000,-12920000,-10351000
2011/02/23,0,4146905,-7186640,-3039735
2011/02/24,0,3581171,-7072880,-3491709
2011/02/25,0,6971000,-18383771,-11412771
2011/02/28,0,0,0,0
2011/03/01,0,5927000,-4657740,1269260
2011/03/02,0,1732171,-8579071,-6846900
2011/03/03,0,9237000,-8655935,581065
2011/03/04,0,9790000,-4767192,5022808
2011/03/07,0,2887696,-3434100,-546404
2011/03/08,0,3482265,-4784015,-1301750
2011/03/09,0,6660719,-6264089,396630
2011/03/10,0,1344000,-3560600,-2216600
2011/03/11,0,10647000,-10091084,555916
2011/03/14,0,5024000,-9221502,-4197502
2011/03/15,0,8979100,-22994141,-14015041
2011/03/16,0,11595000,-18617220,-7022220
2011/03/17,0,5261000,-9085569,-3824569
2011/03/18,0,4145000,-14735028,-10590028
2011/03/21,0,6624000,-10535950,-3911950
2011/03/22,0,2210204,-9521750,-7311546
2011/03/23,0,4746750,-7786700,-3039950
2011/03/24,0,3508000,-3591200,-83200
2011/03/25,0,8012150,-8352277,-340127
2011/03/28,0,12555000,-14034412,-1479412
2011/03/29,0,10726250,-7622124,3104126
2011/03/30,0,15117000,-5776368,9340632
2011/03/31,0,21706656,-13296486,8410170
2011/04/01,0,4233718,-2455000,1778718
2011/04/04,0,0,0,0
2011/04/05,0,0,0,0
2011/04/06,0,21419437,-18910612,2508825
2011/04/07,0,5902950,-14121443,-8218493
2011/04/08,0,9030913,-11571000,-2540087
2011/04/11,0,5548206,-14466700,-8918494
2011/04/12,0,3249094,-4607564,-1358470
2011/04/13,0,1808000,-2834787,-1026787
2011/04/14,0,2939000,-1717000,1222000
2011/04/15,0,1770000,-7217000,-5447000
2011/04/18,0,3670000,-8480956,-4810956
2011/04/19,0,1804000,-12161000,-10357000
2011/04/20,0,8054961,-9577915,-1522954
2011/04/21,0,14991449,-10299850,4691599
2011/04/22,0,6201000,-1404907,4796093
2011/04/25,0,5876000,-4942000,934000
2011/04/26,0,3163112,-15143147,-11980035
2011/04/27,0,5972000,-5650400,321600
2011/04/28,0,3176413,-2336435,839978
2011/04/29,0,3166400,-4342880,-1176480
2011/05/02,0,0,0,0
2011/05/03,0,14037685,-14134522,-96837
2011/05/04,0,1967905,-7139000,-5171095
2011/05/05,0,2111000,-11619741,-9508741
2011/05/06,0,1667264,-13493597,-11826333
2011/05/09,0,8215000,-6464827,1750173
2011/05/10,0,5860000,-634552,5225448
2011/05/11,0,2476000,-5011863,-2535863
2011/05/12,0,2479000,-16915259,-14436259
2011/05/13,0,801000,-2887000,-2086000
2011/05/16,0,2597000,-5990250,-3393250
2011/05/17,0,8149000,-9126200,-977200
2011/05/18,0,4570000,-9805000,-5235000
2011/05/19,0,11255000,-17389021,-6134021
2011/05/20,0,2769000,-4036900,-1267900
2011/05/23,0,6775000,-14200000,-7425000
2011/05/24,0,5162000,-2991977,2170023
2011/05/25,0,6680000,-6094200,585800
2011/05/26,0,4746305,-5226980,-480675
2011/05/27,0,5982000,-18895696,-12913696
2011/05/30,0,5153000,-4872500,280500
2011/05/31,0,17762000,-4357175,13404825
2011/06/01,0,9427100,-4439296,4987804
2011/06/02,0,8823000,-1644000,7179000
2011/06/03,0,4587600,-5066760,-479160
2011/06/06,0,0,0,0
2011/06/07,0,5250000,-3640092,1609908
2011/06/08,0,3369000,-1444326,1924674
2011/06/09,0,4488000,-4067184,420816
2011/06/10,0,2839099,-8812340,-5973241
2011/06/13,0,919000,-7084973,-6165973
2011/06/14,0,4702000,-4361350,340650
2011/06/15,0,13259000,-14621905,-1362905
2011/06/16,0,2294890,-4625000,-2330110
2011/06/17,0,4361872,-16709000,-12347128
2011/06/20,0,4443000,-4178607,264393
2011/06/21,0,5488000,-5350969,137031
2011/06/22,0,2405000,-10720000,-8315000
2011/06/23,0,2509932,-12603482,-10093550
2011/06/24,0,3767000,-6609940,-2842940
2011/06/27,0,6253000,-6097998,155002
2011/06/28,0,2333570,-2721789,-388219
2011/06/29,0,6837000,-3925000,2912000
2011/06/30,0,13609000,-6225100,7383900
2011/07/01,0,3580359,-1892000,1688359
2011/07/04,0,1405889,-3163771,-1757882
2011/07/05,0,4858359,-2447139,2411220
2011/07/06,0,3036873,-544000,2492873
2011/07/07,0,3094176,-1683000,1411176
2011/07/08,0,3399026,-2883212,515814
2011/07/11,0,4497713,-4615830,-118117
2011/07/12,0,2487235,-6558000,-4070765
2011/07/13,0,4623660,-5078820,-455160
2011/07/14,0,3912244,-3388040,524204
2011/07/15,0,6313523,-10917000,-4603477
2011/07/18,0,8366851,-9175650,-808799
2011/07/19,0,3609000,-3866500,-257500
2011/07/20,0,10610359,-5970415,4639944
2011/07/21,0,4871317,-2053000,2818317
2011/07/22,0,6533116,-1484000,5049116
2011/07/25,0,2746375,-825000,1921375
2011/07/26,0,5249261,-8126314,-2877053
2011/07/27,0,2911222,-5102000,-2190778
2011/07/28,0,1855876,-13595003,-11739127
2011/07/29,0,4005984,-17663503,-13657519
2011/08/01,0,7775439,-13535335,-5759896
2011/08/02,0,2262903,-9832000,-7569097
2011/08/03,0,4117610,-19191150,-15073540
2011/08/04,0,4113053,-20980020,-16866967
2011/08/05,0,5663326,-8636013,-2972687
2011/08/08,0,4046323,-16023285,-11976962
2011/08/09,0,11269000,-32302271,-21033271
2011/08/10,0,6955000,-27156308,-20201308
2011/08/11,0,9370000,-20552329,-11182329
2011/08/12,0,5667000,-33056289,-27389289
2011/08/15,0,3769467,-7297000,-3527533
2011/08/16,0,2333007,-4614900,-2281893
2011/08/17,0,6110664,-12068898,-5958234
2011/08/18,0,4747674,-21901003,-17153329
2011/08/19,0,6770330,-17699703,-10929373
2011/08/22,0,7837160,-9076000,-1238840
2011/08/23,0,9787000,-9516703,270297
2011/08/24,0,9313311,-17947364,-8634053
2011/08/25,0,9400884,-17211283,-7810399
2011/08/26,0,4597030,-6419346,-1822316
2011/08/29,0,4892000,-2555720,2336280
2011/08/30,0,1491182,-6413000,-4921818
2011/08/31,0,3250832,-2715000,535832
2011/09/01,0,19209201,-8863088,10346113
2011/09/02,0,2212135,-8439525,-6227390
2011/09/05,0,1805000,-19562068,-17757068
2011/09/06,0,3575350,-13827816,-10252466
2011/09/07,0,4740384,-3513000,1227384
2011/09/08,0,4012063,-9012993,-5000930
2011/09/09,0,7883000,-6036000,1847000
2011/09/12,0,0,0,0
2011/09/13,0,1435480,-11158763,-9723283
2011/09/14,0,3319527,-14506911,-11187384
2011/09/15,0,6108000,-6676017,-568017
2011/09/16,0,11857000,-9119647,2737353
2011/09/19,0,1478374,-19280466,-17802092
2011/09/20,0,4612534,-14225109,-9612575
2011/09/21,0,5777387,-19307314,-13529927
2011/09/22,0,1624396,-15101511,-13477115
2011/09/23,0,2055595,-12078497,-10022902
2011/09/26,0,3069977,-7682520,-4612543
2011/09/27,0,9008230,-16748958,-7740728
2011/09/28,0,8293277,-12682020,-4388743
2011/09/29,0,7151725,-6239000,912725
2011/09/30,0,10318000,-16304861,-5986861
2011/10/03,0,3561433,-31245059,-27683626
2011/10/04,0,4199000,-13135257,-8936257
2011/10/05,0,5077120,-13009697,-7932577
2011/10/06,0,13480000,-7760370,5719630
2011/10/07,0,5776710,-7069245,-1292535
2011/10/10,0,0,0,0
2011/10/11,0,6798000,-5988242,809758
2011/10/12,0,3991379,-4582368,-590989
2011/10/13,0,5920260,-4760798,1159462
2011/10/14,0,2868672,-3641832,-773160
2011/10/17,0,6086588,-7257546,-1170958
2011/10/18,0,1288638,-4322931,-3034293
2011/10/19,0,2208495,-2328179,-119684
2011/10/20,0,1417953,-7002311,-5584358
2011/10/21,0,772129,-1623000,-850871
2011/10/24,0,13313406,-1037000,12276406
2011/10/25,0,5592697,-9441030,-3848333
2011/10/26,0,4102000,-2645000,1457000
2011/10/27,0,4907455,-4772736,134719
2011/10/28,0,15270858,-7489000,7781858
2011/10/31,0,8750000,-7623000,1127000
2011/11/01,0,5397000,-11500370,-6103370
2011/11/02,0,2742000,-10569440,-7827440
2011/11/03,0,1638000,-13235900,-11597900
2011/11/04,0,6318000,-10356441,-4038441
2011/11/07,0,1090000,-3637502,-2547502
2011/11/08,0,4086487,-2937000,1149487
2011/11/09,0,2509857,-2037500,472357
2011/11/10,0,1273857,-11727737,-10453880
2011/11/11,0,527000,-3704684,-3177684
2011/11/14,0,2116000,-676471,1439529
2011/11/15,0,2264000,-1650981,613019
2011/11/16,0,2332000,-7684473,-5352473
2011/11/17,0,1548429,-10413604,-8865175
2011/11/18,0,5162000,-20304735,-15142735
2011/11/21,0,3333000,-13884310,-10551310
2011/11/22,0,3083000,-3653000,-570000
2011/11/23,0,1747000,-10413674,-8666674
2011/11/24,0,6230000,-6641000,-411000
2011/11/25,0,5857000,-9283400,-3426400
2011/11/28,0,3229116,-2563000,666116
2011/11/29,0,4707000,-7310800,-2603800
2011/11/30,0,9958113,-16870775,-6912662
2011/12/01,0,16476000,-15554143,921857
2011/12/02,0,8399000,-6945259,1453741
2011/12/05,0,4193000,-5164859,-971859
2011/12/06,0,5037000,-3384639,1652361
2011/12/07,0,7798000,-1917000,5881000
2011/12/08,0,8005365,-9275280,-1269915
2011/12/09,0,5691860,-5199990,491870
2011/12/12,0,1954000,-938507,1015493
2011/12/13,0,2461000,-1789300,671700
2011/12/14,0,4918000,-6139414,-1221414
2011/12/15,0,2459000,-11829019,-9370019
2011/12/16,0,4719165,-7167082,-2447917
2011/12/19,0,3309000,-8515000,-5206000
2011/12/20,0,6062000,-9563800,-3501800
2011/12/21,0,219000,-3506200,-3287200
2011/12/22,0,6101300,-8264894,-2163594
2011/12/23,0,4025000,-2102113,1922887
2011/12/26,0,3892000,-2249020,1642980
2011/12/27,0,3479000,-1128000,2351000
2011/12/28,0,4775867,-1149867,3626000
2011/12/29,0,5868419,-7338153,-1469734
2011/12/30,0,5348000,-1420778,3927222
2012/01/02,0,3407000,-6187020,-2780020
2012/01/03,0,5009000,-426000,4583000
2012/01/04,0,1587000,-8232271,-6645271
2012/01/05,0,4639000,-3749810,889190
2012/01/06,0,5175143,-5390740,-215597
2012/01/09,0,3716000,-1604000,2112000
2012/01/10,0,8018000,-868000,7150000
2012/01/11,0,5753000,-1387000,4366000
2012/01/12,0,4141000,-1516020,2624980
2012/01/13,0,19732000,-1909000,17823000
2012/01/16,0,14130000,-10607000,3523000
2012/01/17,0,4138000,-3138038,999962
2012/01/18,0,5807000,-7563194,-1756194
2012/01/19,0,0,0,0
2012/01/20,0,0,0,0
2012/01/23,0,0,0,0
2012/01/24,0,0,0,0
2012/01/25,0,0,0,0
2012/01/26,0,0,0,0
2012/01/27,0,0,0,0
2012/01/30,0,18067278,-7493783,10573495
2012/01/31,0,12001704,-8744000,3257704
2012/02/01,0,3286000,-8562119,-5276119
2012/02/02,0,9987000,-5547000,4440000
2012/02/03,0,3620000,-2439866,1180134
2012/02/06,0,5566000,-2499227,3066773
2012/02/07,0,6889000,-4654387,2234613
2012/02/08,0,10766000,-3421000,7345000
2012/02/09,0,17515000,-3528723,13986277
2012/02/10,0,2626000,-5200000,-2574000
2012/02/13,0,3799000,-11674920,-7875920
2012/02/14,0,5743827,-3883400,1860427
2012/02/15,0,8414839,-1741000,6673839
2012/02/16,0,5398622,-3926000,1472622
2012/02/17,0,7699000,-4209062,3489938
2012/02/20,0,5251000,-4329000,922000
2012/02/21,0,6658241,-7047000,-388759
2012/02/22,0,6339000,-4483000,1856000
2012/02/23,0,2735000,-4455868,-1720868
2012/02/24,0,3356400,-4002320,-645920
2012/02/27,0,0,0,0
2012/02/28,0,0,0,0
2012/02/29,0,14377239,-9970930,4406309
2012/03/01,0,3616825,-5467551,-1850726
2012/03/02,0,4346260,-4138555,207705
2012/03/05,0,2346000,-11118000,-8772000
2012/03/06,0,6241000,-7474570,-1233570
2012/03/07,0,4081370,-4789000,-707630
2012/03/08,0,7119000,-7846000,-727000
2012/03/09,0,7139000,-7749500,-610500
2012/03/12,0,3770000,-4459500,-689500
2012/03/13,0,4033000,-4384834,-351834
2012/03/14,0,8814155,-10213127,-1398972
2012/03/15,0,4348432,-2036000,2312432
2012/03/16,0,4137000,-2189000,1948000
2012/03/19,0,7077000,-5128000,1949000
2012/03/20,0,6026000,-15749912,-9723912
2012/03/21,0,6207095,-17252595,-11045500
2012/03/22,0,10461000,-3331000,7130000
2012/03/23,0,3109000,-2629700,479300
2012/03/26,0,3294754,-15684564,-12389810
2012/03/27,0,3877000,-908000,2969000
2012/03/28,0,3248000,-4507235,-1259235
2012/03/29,0,4569000,-4210200,358800
2012/03/30,0,5378002,-5497200,-119198
2012/04/02,0,1144000,-6790000,-5646000
2012/04/03,0,7274366,-8871073,-1596707
2012/04/04,0,0,0,0
2012/04/05,0,2621000,-7598882,-4977882
2012/04/06,0,1114000,-7778080,-6664080
2012/04/09,0,1096000,-3735000,-2639000
2012/04/10,0,1948000,-4420000,-2472000
2012/04/11,0,1243000,-7175066,-5932066
2012/04/12,0,2595000,-6272000,-3677000
2012/04/13,0,5835391,-4837820,997571
2012/04/16,0,1798000,-5660492,-3862492
2012/04/17,0,4698000,-8653000,-3955000
2012/04/18,0,2870000,-7273737,-4403737
2012/04/19,0,3530000,-968000,2562000
2012/04/20,0,3774000,-3403293,370707
2012/04/23,0,3258836,-1628318,1630518
2012/04/24,0,1919000,-5195000,-3276000
2012/04/25,0,3701000,-2634000,1067000
2012/04/26,0,3376000,-2214891,1161109
2012/04/27,0,4866208,-5477206,-610998
2012/04/30,0,3326000,-1418999,1907001
2012/05/01,0,0,0,0
2012/05/02,0,7938600,-3550000,4388600
2012/05/03,0,3353000,-1233000,2120000
2012/05/04,0,7175000,-6605000,570000
2012/05/07,0,3982000,-12605491,-8623491
2012/05/08,0,2487000,-4145080,-1658080
2012/05/09,0,2714000,-11258408,-8544408
2012/05/10,0,3534809,-9690631,-6155822
2012/05/11,0,1592606,-11901404,-10308798
2012/05/14,0,573000,-4441000,-3868000
2012/05/15,0,2664000,-7714000,-5050000
2012/05/16,0,959792,-13175098,-12215306
2012/05/17,0,4786000,-17382989,-12596989
2012/05/18,0,3377000,-7852373,-4475373
2012/05/21,0,946000,-2250000,-1304000
2012/05/22,0,2789000,-5773000,-2984000
2012/05/23,0,1665792,-7343000,-5677208
2012/05/24,0,3159742,-3606227,-446485
2012/05/25,0,839000,-1288160,-449160
2012/05/28,0,1787764,-1389764,398000
2012/05/29,0,3763000,-2417000,1346000
2012/05/30,0,10981730,-15429553,-4447823
2012/05/31,0,8909513,-10213140,-1303627
2012/06/01,0,1723000,-4538922,-2815922
2012/06/04,0,3940290,-1462608,2477682
2012/06/05,0,2513000,-3638000,-1125000
2012/06/06,0,2244100,-2227000,17100
2012/06/07,0,2653603,-3113333,-459730
2012/06/08,0,1161608,-2182000,-1020392
2012/06/11,0,3837201,-2918000,919201
2012/06/12,0,8999000,-11339000,-2340000
2012/06/13,0,3552048,-5727262,-2175214
2012/06/14,0,4904697,-4083939,820758
2012/06/15,0,6325741,-5379804,945937
2012/06/18,0,4418715,-2669053,1749662
2012/06/19,0,3662682,-4618550,-955868
2012/06/20,0,7219253,-4479000,2740253
2012/06/21,0,2084469,-3334000,-1249531
2012/06/22,0,1209015,-5884050,-4675035
2012/06/25,0,2359000,-7226327,-4867327
2012/06/26,0,1454000,-2662000,-1208000
2012/06/27,0,6786000,-8877020,-2091020
2012/06/28,0,3787800,-7206760,-3418960
2012/06/29,0,9324000,-6333000,2991000
2012/07/02,0,2333091,-13113447,-10780356
2012/07/03,0,7291792,-5467378,1824414
2012/07/04,0,6432078,-5187800,1244278
2012/07/05,0,2779000,-2557000,222000
2012/07/06,0,6128000,-3688000,2440000
2012/07/09,0,4588000,-3746000,842000
2012/07/10,0,6445222,-6323791,121431
2012/07/11,0,2340000,-3327712,-987712
2012/07/12,0,1236000,-7775000,-6539000
2012/07/13,0,2370351,-3469584,-1099233
2012/07/16,0,2414000,-2137799,276201
2012/07/17,0,5459000,-4034707,1424293
2012/07/18,0,1701000,-6446712,-4745712
2012/07/19,0,3609000,-2647792,961208
2012/07/20,0,1449000,-547179,901821
2012/07/23,0,2997000,-4707000,-1710000
2012/07/24,0,2862000,-2251792,610208
2012/07/25,0,746000,-8083242,-7337242
2012/07/26,0,2344000,-4153386,-1809386
2012/07/27,0,8878900,-5288494,3590406
2012/07/30,0,5280748,-9824000,-4543252
2012/07/31,0,13628375,-9346518,4281857
2012/08/01,0,3500793,-3735000,-234207
2012/08/02,0,0,0,0
2012/08/03,0,4618623,-5115632,-497009
2012/08/06,0,8295000,-9090520,-795520
2012/08/07,0,14771000,-12476682,2294318
2012/08/08,0,13026495,-10850810,2175685
2012/08/09,0,10925000,-5861000,5064000
2012/08/10,0,6718700,-4412000,2306700
2012/08/13,0,3107900,-2406000,701900
2012/08/14,0,12379850,-5724227,6655623
2012/08/15,0,9184000,-2565000,6619000
2012/08/16,0,7698000,-1688831,6009169
2012/08/17,0,2146600,-2780000,-633400
2012/08/20,0,446300,-2233000,-1786700
2012/08/21,0,8869344,-6164972,2704372
2012/08/22,0,1560158,-1546000,14158
2012/08/23,0,3419953,-1577000,1842953
2012/08/24,0,608000,-2373961,-1765961
2012/08/27,0,4405000,-5879000,-1474000
2012/08/28,0,2671363,-7154000,-4482637
2012/08/29,0,3091000,-6456600,-3365600
2012/08/30,0,7867000,-13842200,-5975200
2012/08/31,0,3194017,-3844577,-650560
2012/09/03,0,2078000,-1963322,114678
2012/09/04,0,1746000,-1505640,240360
2012/09/05,0,4146568,-10972000,-6825432
2012/09/06,0,3150000,-4410000,-1260000
2012/09/07,0,12883916,-9101520,3782396
2012/09/10,0,1848000,-2985000,-1137000
2012/09/11,0,2112000,-2239000,-127000
2012/09/12,0,6223000,-4316508,1906492
2012/09/13,0,4141000,-4389150,-248150
2012/09/14,0,14756200,-7954000,6802200
2012/09/17,0,7753000,-10177020,-2424020
2012/09/18,0,15354350,-5814000,9540350
2012/09/19,0,9720000,-3545000,6175000
2012/09/20,0,6308000,-2994000,3314000
2012/09/21,0,8743250,-8912060,-168810
2012/09/24,0,4586140,-1723000,2863140
2012/09/25,0,7028000,-919490,6108510
2012/09/26,0,3717364,-5324000,-1606636
2012/09/27,0,7173000,-8260862,-1087862
2012/09/28,0,9359100,-9742982,-383882
2012/10/01,0,3177000,-2622700,554300
2012/10/02,0,4020000,-323628,3696372
2012/10/03,0,840000,-2022643,-1182643
2012/10/04,0,8188000,-3091050,5096950
2012/10/05,0,3868000,-6917861,-3049861
2012/10/08,0,8098292,-4902879,3195413
2012/10/09,0,8103000,-3777001,4325999
2012/10/10,0,0,0,0
2012/10/11,0,3765000,-2456795,1308205
2012/10/12,0,2650294,-6352917,-3702623
2012/10/15,0,1979000,-1461254,517746
2012/10/16,0,2644808,-2562712,82096
2012/10/17,0,4287500,-7127000,-2839500
2012/10/18,0,2995000,-3844833,-849833
2012/10/19,0,4783000,-6672271,-1889271
2012/10/22,0,3719600,-3662744,56856
2012/10/23,0,1888000,-2029201,-141201
2012/10/24,0,4753400,-2841465,1911935
2012/10/25,0,1378000,-4478000,-3100000
2012/10/26,0,4642000,-4941000,-299000
2012/10/29,0,2983400,-2740071,243329
2012/10/30,0,2741000,-4520351,-1779351
2012/10/31,0,3601000,-4903160,-1302160
2012/11/01,0,1904000,-6548550,-4644550
2012/11/02,0,5202000,-2585760,2616240
2012/11/05,0,3370000,-6518400,-3148400
2012/11/06,0,4566000,-5834339,-1268339
2012/11/07,0,8218000,-2731150,5486850
2012/11/08,0,7288000,-11802600,-4514600
2012/11/09,0,4245000,-4298812,-53812
2012/11/12,0,2578370,-2012376,565994
2012/11/13,0,4173000,-6668000,-2495000
2012/11/14,0,3891000,-3244950,646050
2012/11/15,0,4834000,-8713550,-3879550
2012/11/16,0,5014000,-6108000,-1094000
2012/11/19,0,3857450,-3128000,729450
2012/11/20,0,2165000,-3578600,-1413600
2012/11/21,0,4310000,-6068311,-1758311
2012/11/22,0,4945900,-1064000,3881900
2012/11/23,0,10075000,-2092000,7983000
2012/11/26,0,6566000,-2186409,4379591
2012/11/27,0,6948000,-3348050,3599950
2012/11/28,0,8856800,-3616680,5240120
2012/11/29,0,13855000,-5660576,8194424
2012/11/30,0,15520000,-4724293,10795707
2012/12/03,0,6351000,-3938938,2412062
2012/12/04,0,5735072,-5145000,590072
2012/12/05,0,6808000,-3558741,3249259
2012/12/06,0,6812000,-1294825,5517175
2012/12/07,0,4471000,-618000,3853000
2012/12/10,0,5472000,-2850000,2622000
2012/12/11,0,8920744,-6447013,2473731
2012/12/12,0,9067000,-6053683,3013317
2012/12/13,0,6652480,-6970000,-317520
2012/12/14,0,7242439,-3272294,3970145
2012/12/17,0,6772000,-4830929,1941071
2012/12/18,0,7205000,-1636843,5568157
2012/12/19,0,7964000,-8539400,-575400
2012/12/20,0,6552283,-5253000,1299283
2012/12/21,0,12260000,-4932674,7327326
2012/12/24,0,3918000,-2947000,971000
2012/12/25,0,7807000,-684545,7122455
2012/12/26,0,2929000,-1712000,1217000
2012/12/27,0,2567139,-3069000,-501861
2012/12/28,0,4855000,-1933000,2922000
2012/12/31,0,0,0,0
2013/01/01,0,0,0,0
2013/01/02,0,8186010,-6742000,1444010
2013/01/03,0,4418111,-8308200,-3890089
2013/01/04,0,3809000,-5692000,-1883000
2013/01/07,0,2122000,-3836300,-1714300
2013/01/08,0,1375000,-3376000,-2001000
2013/01/09,0,2828200,-10839000,-8010800
2013/01/10,0,12685000,-10892164,1792836
2013/01/11,0,6625000,-3602000,3023000
2013/01/14,0,2476022,-2653666,-177644
2013/01/15,0,5021000,-2381000,2640000
2013/01/16,0,8445856,-3138300,5307556
2013/01/17,0,8877800,-6994000,1883800
2013/01/18,0,3659000,-1454000,2205000
2013/01/21,0,5202000,-1736000,3466000
2013/01/22,0,2900000,-2158291,741709
2013/01/23,0,4273000,-3884447,388553
2013/01/24,0,4072000,-3718000,354000
2013/01/25,0,4153000,-5042000,-889000
2013/01/28,0,9130000,-1403000,7727000
2013/01/29,0,9795500,-5405000,4390500
2013/01/30,0,8829744,-2950000,5879744
2013/01/31,0,15662911,-12375744,3287167
2013/02/01,0,4694000,-549000,4145000
2013/02/04,0,8099423,-3057272,5042151
2013/02/05,0,10308493,-3497000,6811493
2013/02/06,0,15922000,-6118674,9803326
2013/02/07,0,0,0,0
2013/02/08,0,0,0,0
2013/02/11,0,0,0,0
2013/02/12,0,0,0,0
2013/02/13,0,0,0,0
2013/02/14,0,0,0,0
2013/02/15,0,0,0,0
2013/02/18,0,73512582,-10332000,63180582
2013/02/19,0,39574624,-13062940,26511684
2013/02/20,0,15628273,-5357570,10270703
2013/02/21,0,15451000,-12545000,2906000
2013/02/22,0,21612130,-7060712,14551418
2013/02/25,0,29616000,-11967771,17648229
2013/02/26,0,12702000,-7542961,5159039
2013/02/27,0,16559900,-12608213,3951687
2013/02/28,0,0,0,0
2013/03/01,0,11579900,-3361830,8218070
2013/03/04,0,15303000,-11335220,3967780
2013/03/05,0,18436000,-10206712,8229288
2013/03/06,0,6004000,-5850093,153907
2013/03/07,0,39661000,-13736126,25924874
2013/03/08,0,42146900,-13690050,28456850
2013/03/11,0,8931627,-7988000,943627
2013/03/12,0,10284000,-3929527,6354473
2013/03/13,0,10044000,-7466000,2578000
2013/03/14,0,9316000,-11251606,-1935606
2013/03/15,0,15289000,-12832068,2456932
2013/03/18,0,15535500,-20652420,-5116920
2013/03/19,0,14633000,-8030915,6602085
2013/03/20,0,12851000,-16790381,-3939381
2013/03/21,0,8613391,-8009000,604391
2013/03/22,0,10473454,-6064004,4409450
2013/03/25,0,12222429,-4748000,7474429
2013/03/26,0,8435000,-4416000,4019000
2013/03/27,0,6386000,-3739000,2647000
2013/03/28,0,8087800,-6079450,2008350
2013/03/29,0,3859000,-2111000,1748000
2013/04/01,0,1693468,-1687000,6468
2013/04/02,0,19601989,-6948650,12653339
2013/04/03,0,8280100,-3883000,4397100
2013/04/04,0,0,0,0
2013/04/05,0,0,0,0
2013/04/08,0,13948488,-13838000,110488
2013/04/09,0,8419000,-7219450,1199550
2013/04/10,0,6329000,-13896050,-7567050
2013/04/11,0,2770732,-9230492,-6459760
2013/04/12,0,4051000,-9642741,-5591741
2013/04/15,0,7658585,-4064000,3594585
2013/04/16,0,4252738,-5558465,-1305727
2013/04/17,0,4483000,-14329494,-9846494
2013/04/18,0,3767000,-6344000,-2577000
2013/04/19,0,8111000,-850000,7261000
2013/04/22,0,3092000,-3056921,35079
2013/04/23,0,3260000,-4518000,-1258000
2013/04/24,0,3981000,-3967582,13418
2013/04/25,0,4107454,-3576000,531454
2013/04/26,0,9942000,-5774100,4167900
2013/04/29,0,4088000,-1856886,2231114
2013/04/30,0,11246331,-7752027,3494304
2013/05/01,0,0,0,0
2013/05/02,0,9559000,-4334436,5224564
2013/05/03,0,7231000,-3578000,3653000
2013/05/06,0,4243000,-10557404,-6314404
2013/05/07,0,5287740,-7485996,-2198256
2013/05/08,0,8819424,-6415998,2403426
2013/05/09,0,6244202,-865000,5379202
2013/05/10,0,9117000,-3339000,5778000
2013/05/13,0,4966000,-1923800,3042200
2013/05/14,0,6953000,-2847714,4105286
2013/05/15,0,17170960,-8139000,9031960
2013/05/16,0,9758550,-2952000,6806550
2013/05/17,0,3831600,-1105000,2726600
2013/05/20,0,5744000,-5175000,569000
2013/05/21,0,3682000,-3991484,-309484
2013/05/22,0,5713000,-1160000,4553000
2013/05/23,0,5947960,-9925961,-3978001
2013/05/24,0,5430605,-6934000,-1503395
2013/05/27,0,692518,-6325000,-5632482
2013/05/28,0,4172000,-4479650,-307650
2013/05/29,0,4704118,-6131000,-1426882
2013/05/30,0,3319000,-10913000,-7594000
2013/05/31,0,7639658,-12372616,-4732958
2013/06/03,0,2403000,-5875000,-3472000
2013/06/04,0,3223000,-5446000,-2223000
2013/06/05,0,20773000,-5003569,15769431
2013/06/06,0,10286630,-8982065,1304565
2013/06/07,0,3682000,-4489312,-807312
2013/06/10,0,13000000,-3332000,9668000
2013/06/11,0,24986523,-9877922,15108601
2013/06/12,0,0,0,0
2013/06/13,0,25367000,-18100694,7266306
2013/06/14,0,12062000,-8607000,3455000
2013/06/17,0,8113400,-4539958,3573442
2013/06/18,0,5921424,-7888964,-1967540
2013/06/19,0,21546000,-7050117,14495883
2013/06/20,0,16739390,-6190597,10548793
2013/06/21,0,33509700,-15531876,17977824
2013/06/24,0,24763240,-13087136,11676104
2013/06/25,0,18126000,-15572656,2553344
2013/06/26,0,15448370,-13728812,1719558
2013/06/27,0,12649000,-6313000,6336000
2013/06/28,0,13962000,-10327731,3634269
2013/07/01,0,6079000,-4618000,1461000
2013/07/02,0,4372695,-4702560,-329865
2013/07/03,0,18409000,-16207600,2201400
2013/07/04,0,12964530,-6491259,6473271
2013/07/05,0,9736000,-8975000,761000
2013/07/08,0,17762900,-14296638,3466262
2013/07/09,0,41868400,-13085000,28783400
2013/07/10,0,21451000,-10583000,10868000
2013/07/11,0,29801444,-7423343,22378101
2013/07/12,0,23688000,-6383000,17305000
2013/07/15,0,23415340,-5386497,18028843
2013/07/16,0,24263000,-10601000,13662000
2013/07/17,0,22529000,-7355000,15174000
2013/07/18,0,19272489,-6965084,12307405
2013/07/19,0,12137040,-7718903,4418137
2013/07/22,0,13959468,-6416000,7543468
2013/07/23,0,20126000,-16925361,3200639
2013/07/24,0,4786070,-9395106,-4609036
2013/07/25,0,5260028,-8819000,-3558972
2013/07/26,0,7402000,-7768200,-366200
2013/07/29,0,3295000,-3540760,-245760
2013/07/30,0,16973014,-6067000,10906014
2013/07/31,0,7770293,-10761722,-2991429
2013/08/01,0,7512989,-11913000,-4400011
2013/08/02,0,14234000,-5530000,8704000
2013/08/05,0,4066679,-4944720,-878041
2013/08/06,0,6921000,-13449365,-6528365
2013/08/07,0,9248000,-10896000,-1648000
2013/08/08,0,3123743,-7886600,-4762857
2013/08/09,0,3850000,-12313000,-8463000
2013/08/12,0,5565000,-4429600,1135400
2013/08/13,0,6512187,-6942500,-430313
2013/08/14,0,9376298,-12671000,-3294702
2013/08/15,0,5393000,-8352697,-2959697
2013/08/16,0,5430123,-7850416,-2420293
2013/08/19,0,4135000,-6550690,-2415690
2013/08/20,0,7015221,-7652122,-636901
2013/08/21,0,0,0,0
2013/08/22,0,5032351,-13242365,-8210014
2013/08/23,0,7587000,-6500180,1086820
2013/08/26,0,739748,-4128000,-3388252
2013/08/27,0,5998000,-6061573,-63573
2013/08/28,0,9896000,-6814703,3081297
2013/08/29,0,15052769,-8228749,6824020
2013/08/30,0,13932000,-7518335,6413665
2013/09/02,0,5709000,-2075800,3633200
2013/09/03,0,8443000,-2988000,5455000
2013/09/04,0,7952000,-3668424,4283576
2013/09/05,0,10387830,-3822840,6564990
2013/09/06,0,18368000,-7498000,10870000
2013/09/09,0,15607000,-4728000,10879000
2013/09/10,0,10861000,-5716000,5145000
2013/09/11,0,9711664,-6469296,3242368
2013/09/12,0,17046000,-2673043,14372957
2013/09/13,0,7239000,-3476162,3762838
2013/09/16,0,10721204,-5360465,5360739
2013/09/17,0,7725265,-5487144,2238121
2013/09/18,0,8473000,-13464648,-4991648
2013/09/19,0,0,0,0
2013/09/20,0,0,0,0
2013/09/23,0,13489916,-9417700,4072216
2013/09/24,0,9360744,-7308634,2052110
2013/09/25,0,9468306,-6122945,3345361
2013/09/26,0,5133000,-5283047,-150047
2013/09/27,0,9332000,-4968784,4363216
2013/09/30,0,8328277,-10990886,-2662609
2013/10/01,0,5214151,-2935000,2279151
2013/10/02,0,6302922,-4745181,1557741
2013/10/03,0,12418016,-6994910,5423106
2013/10/04,0,6943197,-9610500,-2667303
2013/10/07,0,12483127,-7996901,4486226
2013/10/08,0,14537000,-11491897,3045103
2013/10/09,0,30177100,-14235865,15941235
2013/10/10,0,0,0,0
2013/10/11,0,20064000,-16949896,3114104
2013/10/14,0,7320000,-7131968,188032
2013/10/15,0,6975000,-4244489,2730511
2013/10/16,0,7193000,-9132355,-1939355
2013/10/17,0,4072000,-5402320,-1330320
2013/10/18,0,6600661,-2689138,3911523
2013/10/21,0,3557000,-1262750,2294250
2013/10/22,0,5271000,-4732040,538960
2013/10/23,0,8044146,-5912251,2131895
2013/10/24,0,7288000,-6052128,1235872
2013/10/25,0,3082652,-8337706,-5255054
2013/10/28,0,14544000,-2694200,11849800
2013/10/29,0,4958200,-4696187,262013
2013/10/30,0,3326000,-11005745,-7679745
2013/10/31,0,7637000,-9799345,-2162345
2013/11/01,0,6058775,-9195715,-3136940
2013/11/04,0,9078000,-10658000,-1580000
2013/11/05,0,4161000,-8829240,-4668240
2013/11/06,0,9964110,-9901659,62451
2013/11/07,0,8507000,-9044303,-537303
2013/11/08,0,9289000,-8053816,1235184
2013/11/11,0,5021000,-5426226,-405226
2013/11/12,0,11053559,-8376660,2676899
2013/11/13,0,7997133,-8566267,-569134
2013/11/14,0,9482000,-11230457,-1748457
2013/11/15,0,6403625,-4989414,1414211
2013/11/18,0,9436000,-5086562,4349438
2013/11/19,0,7691558,-5482596,2208962
2013/11/20,0,8646236,-10062381,-1416145
2013/11/21,0,20534000,-16452247,4081753
2013/11/22,0,15735000,-5083287,10651713
2013/11/25,0,17294852,-5426554,11868298
2013/11/26,0,16857690,-9745766,7111924
2013/11/27,0,8151203,-5776228,2374975
2013/11/28,0,14331916,-5892690,8439226
2013/11/29,0,10411845,-4679192,5732653
2013/12/02,0,5677746,-2956001,2721745
2013/12/03,0,4687773,-3341794,1345979
2013/12/04,0,7825001,-4414000,3411001
2013/12/05,0,7416520,-4867203,2549317
2013/12/06,0,4847321,-7529317,-2681996
2013/12/09,0,6370000,-1847627,4522373
2013/12/10,0,3982119,-4874733,-892614
2013/12/11,0,6828000,-3548264,3279736
2013/12/12,0,1625582,-7817786,-6192204
2013/12/13,0,4772000,-3444218,1327782
2013/12/16,0,2909761,-5709288,-2799527
2013/12/17,0,2455660,-2934743,-479083
2013/12/18,0,3949170,-6367171,-2418001
2013/12/19,0,6929260,-811642,6117618
2013/12/20,0,7447495,-4425546,3021949
2013/12/23,0,6946087,-4890921,2055166
2013/12/24,0,1961000,-1171809,789191
2013/12/25,0,2210000,-126000,2084000
2013/12/26,0,1021292,-463001,558291
2013/12/27,0,3121000,-2323159,797841
2013/12/30,0,7362000,-1771874,5590126
2013/12/31,0,4076000,-2159032,1916968
2014/01/02,0,2429000,-3145231,-716231
2014/01/03,0,2660000,-6191387,-3531387
2014/01/06,0,4517000,-4620886,-103886
2014/01/07,0,14520689,-6283059,8237630
2014/01/08,0,5449000,-3945000,1504000
2014/01/09,0,5088000,-8070389,-2982389
2014/01/10,0,3169000,-5172149,-2003149
2014/01/13,0,4418000,-4385861,32139
2014/01/14,0,2616482,-9976397,-7359915
2014/01/15,0,16500000,-25266395,-8766395
2014/01/16,0,5718683,-3605596,2113087
2014/01/17,0,4846395,-4438284,408111
2014/01/20,0,5036000,-8648957,-3612957
2014/01/21,0,12684500,-7765260,4919240
2014/01/22,0,9633000,-8548402,1084598
2014/01/23,0,2787980,-7455705,-4667725
2014/01/24,0,9177000,-10656583,-1479583
2014/01/27,0,6691000,-23519981,-16828981
2014/02/05,0,18723938,-41098213,-22374275
2014/02/06,0,10959000,-17468600,-6509600
2014/02/07,0,10189000,-6630416,3558584
2014/02/10,0,2172000,-6549574,-4377574
2014/02/11,0,3597833,-5562465,-1964632
2014/02/12,0,4560000,-2722542,1837458
2014/02/13,0,3856088,-6133000,-2276912
2014/02/14,0,11430000,-3640385,7789615
2014/02/17,0,1649000,-6356962,-4707962
2014/02/18,0,6794000,-1080100,5713900
2014/02/19,0,4947000,-3424761,1522239
2014/02/20,0,2197000,-4212368,-2015368
2014/02/21,0,6261120,-2375728,3885392
2014/02/24,0,6148000,-10452915,-4304915
2014/02/25,0,7787841,-11614549,-3826708
2014/02/26,0,7518000,-6572467,945533
2014/02/27,0,6924610,-5849257,1075353
2014/03/03,0,9922000,-9900050,21950
2014/03/04,0,3578500,-6370102,-2791602
2014/03/05,0,5441984,-7123006,-1681022
2014/03/06,0,6932000,-7641663,-709663
2014/03/07,0,11296000,-9473456,1822544
2014/03/10,0,7814000,-9285957,-1471957
2014/03/11,0,8474000,-8783436,-309436
2014/03/12,0,13220630,-13442590,-221960
2014/03/13,0,9222000,-9452353,-230353
2014/03/14,0,6888322,-10350483,-3462161
2014/03/17,0,7248000,-9038250,-1790250
2014/03/18,0,6272000,-7084535,-812535
2014/03/19,0,2695000,-8515000,-5820000
2014/03/20,0,7789000,-9982399,-2193399
2014/03/21,0,9827000,-9810135,16865
2014/03/24,0,7758000,-2358001,5399999
2014/03/25,0,3745000,-3746365,-1365
2014/03/26,0,3647000,-6204888,-2557888
2014/03/27,0,4144000,-7330257,-3186257
2014/03/28,0,5885000,-3635568,2249432
2014/03/31,0,8990684,-7252915,1737769
2014/04/01,0,5123700,-11524885,-6401185
2014/04/02,0,7279415,-12970652,-5691237
2014/04/03,0,6740160,-5135037,1605123
2014/04/07,0,6250767,-6406000,-155233
2014/04/08,0,5327830,-6242068,-914238
2014/04/09,0,3989000,-7036350,-3047350
2014/04/10,0,9980285,-6579954,3400331
2014/04/11,0,3922000,-2148222,1773778
2014/04/14,0,2638000,-5096000,-2458000
2014/04/15,0,1059000,-8507006,-7448006
2014/04/16,0,4543000,-13576001,-9033001
2014/04/17,0,2807000,-4555345,-1748345
2014/04/18,0,4143130,-949786,3193344
2014/04/21,0,2525203,-2655001,-129798
2014/04/22,0,5168552,-1036985,4131567
2014/04/23,0,6931000,-3596786,3334214
2014/04/24,0,4626000,-9573315,-4947315
2014/04/25,0,11375000,-8212662,3162338
2014/04/28,0,7111000,-5910846,1200154
2014/04/29,0,3891000,-6331000,-2440000
2014/04/30,0,4915000,-9363539,-4448539
2014/05/02,0,3702000,-5884968,-2182968
2014/05/05,0,1849096,-6452327,-4603231
2014/05/06,0,6574000,-3685033,2888967
2014/05/07,0,2699000,-9096906,-6397906
2014/05/08,0,11567000,-5413770,6153230
2014/05/09,0,3497000,-3439119,57881
2014/05/12,0,3135087,-3894000,-758913
2014/05/13,0,5883287,-3980000,1903287
2014/05/14,0,9002000,-1802183,7199817
2014/05/15,0,4330000,-1060000,3270000
2014/05/16,0,10605000,-5853117,4751883
2014/05/19,0,8822000,-6625120,2196880
2014/05/20,0,4535291,-2837675,1697616
2014/05/21,0,4564000,-5046727,-482727
2014/05/22,0,3796800,-9969000,-6172200
2014/05/23,0,7913000,-12268732,-4355732
2014/05/26,0,2407000,-2162000,245000
2014/05/27,0,2710000,-1759000,951000
2014/05/28,0,13718550,-14992125,-1273575
2014/05/29,0,5610000,-2379375,3230625
2014/05/30,0,12346000,-9042899,3303101
2014/06/03,0,8034252,-4684465,3349787
2014/06/04,0,5471000,-2591000,2880000
2014/06/05,0,9356493,-3366850,5989643
2014/06/06,0,6071000,-1213544,4857456
2014/06/09,0,3836000,-849620,2986380
2014/06/10,0,12149334,-1005700,11143634
2014/06/11,0,2400042,-1768944,631098
2014/06/12,0,3048493,-2845000,203493
2014/06/13,0,2680779,-3721120,-1040341
2014/06/16,0,2978000,-2261679,716321
2014/06/17,0,9640000,-1054743,8585257
2014/06/18,0,14326000,-7865640,6460360
2014/06/19,0,8479214,-9435615,-956401
2014/06/20,0,4150000,-4473720,-323720
2014/06/23,0,4067000,-2568944,1498056
2014/06/24,0,6591000,-2827700,3763300
2014/06/25,0,5126000,-4152967,973033
2014/06/26,0,3786995,-3009974,777021
2014/06/27,0,6393012,-3003000,3390012
2014/06/30,0,11745000,-8744016,3000984
2014/07/01,0,4465000,-3000640,1464360
2014/07/02,0,5772273,-5161584,610689
2014/07/03,0,5610000,-2788000,2822000
2014/07/04,0,4587484,-2440000,2147484
2014/07/07,0,5783792,-1666943,4116849
2014/07/08,0,7836000,-2587012,5248988
2014/07/09,0,3266330,-2800846,465484
2014/07/10,0,8038590,-6007257,2031333
2014/07/11,0,8098000,-4663586,3434414
2014/07/14,0,18466410,-3904494,14561916
2014/07/15,0,10147958,-5433162,4714796
2014/07/16,0,11073000,-4780000,6293000
2014/07/17,0,21386421,-6019429,15366992
2014/07/18,0,8623000,-695521,7927479
2014/07/21,0,10990000,-6122548,4867452
2014/07/22,0,10954000,-3670088,7283912
2014/07/23,0,0,0,0
2014/07/24,0,18695220,-2985768,15709452
2014/07/25,0,12449000,-3269647,9179353
2014/07/28,0,7451000,-1774000,5677000
2014/07/29,0,12932000,-6529000,6403000
2014/07/30,0,13776715,-4303114,9473601
2014/07/31,0,12523450,-7993681,4529769
2014/08/01,0,11862500,-5283428,6579072
2014/08/04,0,6393252,-10431001,-4037749
2014/08/05,0,16223000,-21985499,-5762499
2014/08/06,0,11295600,-2650000,8645600
2014/08/07,0,9052361,-9218219,-165858
2014/08/08,0,3264000,-5471664,-2207664
2014/08/11,0,3183000,-6321309,-3138309
2014/08/12,0,2595000,-6113428,-3518428
2014/08/13,0,9435000,-3703052,5731948
2014/08/14,0,12574500,-4358000,8216500
2014/08/15,0,2647000,-5594000,-2947000
2014/08/18,0,5497000,-4036000,1461000
2014/08/19,0,7275320,-4510000,2765320
2014/08/20,0,6890076,-5010001,1880075
2014/08/21,0,7277000,-5092000,2185000
2014/08/22,0,19469790,-3933900,15535890
2014/08/25,0,4512000,-887000,3625000
2014/08/26,0,7344734,-2276214,5068520
2014/08/27,0,13261000,-3971060,9289940
2014/08/28,0,8528000,-4337000,4191000
2014/08/29,0,5505280,-8571241,-3065961
2014/09/01,0,7888000,-3215182,4672818
2014/09/02,0,4478900,-6861401,-2382501
2014/09/03,0,8685161,-5061291,3623870
2014/09/04,0,2774216,-820648,1953568
2014/09/05,0,6231000,-2122952,4108048
2014/09/09,0,9877282,-2605610,7271672
2014/09/10,0,8580061,-7305548,1274513
2014/09/11,0,2396000,-3179050,-783050
2014/09/12,0,3775088,-2915727,859361
2014/09/15,0,2902000,-6323189,-3421189
2014/09/16,0,3573000,-4062343,-489343
2014/09/17,0,6304000,-8352925,-2048925
2014/09/18,0,2884126,-2321302,562824
2014/09/19,0,3009530,-3590157,-580627
2014/09/22,0,5609200,-7243000,-1633800
2014/09/23,0,1314000,-7806443,-6492443
2014/09/24,0,6383719,-4747650,1636069
2014/09/25,0,11473000,-3172000,8301000
2014/09/26,0,13815120,-7495507,6319613
2014/09/29,0,13837300,-14096246,-258946
2014/09/30,0,16767620,-14580214,2187406
2014/10/01,0,3733601,-12275000,-8541399
2014/10/02,0,6220000,-13078227,-6858227
2014/10/03,0,7502843,-3736065,3766778
2014/10/06,0,7434410,-9389906,-1955496
2014/10/07,0,9599000,-7543324,2055676
2014/10/08,0,13677757,-15271836,-1594079
2014/10/09,0,16209578,-9473851,6735727
2014/10/13,0,4879000,-8355550,-3476550
2014/10/14,0,6035000,-5235508,799492
2014/10/15,0,9568000,-15821088,-6253088
2014/10/16,0,4518700,-14580970,-10062270
2014/10/17,0,6977986,-11791265,-4813279
2014/10/20,0,6177369,-5605999,571370
2014/10/21,0,4321000,-4043895,277105
2014/10/22,0,4260090,-6990727,-2730637
2014/10/23,0,1949323,-3306500,-1357177
2014/10/24,0,1925000,-3307497,-1382497
2014/10/27,0,13774000,-2397007,11376993
2014/10/28,0,19386000,-5413651,13972349
2014/10/29,0,13907530,-4481200,9426330
2014/10/30,0,7548000,-7256469,291531
2014/10/31,0,8317874,-5478000,2839874
2014/11/03,0,4962130,-6893050,-1930920
2014/11/04,0,5024480,-8635369,-3610889
2014/11/05,0,5941900,-9271779,-3329879
2014/11/06,0,5504600,-3274729,2229871
2014/11/07,0,3092400,-2592804,499596
2014/11/10,0,8818000,-1874000,6944000
2014/11/11,0,3392000,-1875128,1516872
2014/11/12,0,2617722,-3790099,-1172377
2014/11/13,0,4582214,-2373152,2209062
2014/11/14,0,5523450,-3705719,1817731
2014/11/17,0,3030141,-5081991,-2051850
2014/11/18,0,3821523,-5603283,-1781760
2014/11/19,0,14619468,-6783200,7836268
2014/11/20,0,9431000,-3220331,6210669
2014/11/21,0,3397000,-5982709,-2585709
2014/11/24,0,4506380,-5597386,-1091006
2014/11/25,0,5591000,-7108710,-1517710
2014/11/26,0,2289000,-7748107,-5459107
2014/11/27,0,2840000,-2842000,-2000
2014/11/28,0,3838000,-4008780,-170780
2014/12/01,0,4829950,-21514334,-16684384
2014/12/02,0,11932150,-27460000,-15527850
2014/12/03,0,6402000,-14312000,-7910000
2014/12/04,0,4198123,-6741023,-2542900
2014/12/05,0,1411000,-12006048,-10595048
2014/12/08,0,2552000,-7594857,-5042857
2014/12/09,0,3710898,-6692567,-2981669
2014/12/10,0,6832800,-27140000,-20307200
2014/12/11,0,5743150,-12420273,-6677123
2014/12/12,0,1951233,-9779212,-7827979
2014/12/15,0,1681000,-9513212,-7832212
2014/12/16,0,5537000,-7626052,-2089052
2014/12/17,0,7649000,-14833107,-7184107
2014/12/18,0,11096000,-31099399,-20003399
2014/12/19,0,11753000,-16151471,-4398471
2014/12/22,0,2591000,-2992290,-401290
2014/12/23,0,3647000,-4260715,-613715
2014/12/24,0,3483000,-2216000,1267000
2014/12/25,0,1169000,-1579000,-410000
2014/12/26,0,2469000,-774000,1695000
2014/12/29,0,6988000,-2728749,4259251
2014/12/30,0,3078000,-4025912,-947912
2014/12/31,0,2665000,-1430507,1234493
2015/01/01,0,0,0,0
2015/01/02,0,0,0,0
2015/01/05,0,5533000,-9128456,-3595456
2015/01/06,0,11916000,-27029019,-15113019
2015/01/07,0,5155000,-12439935,-7284935
2015/01/08,0,7647000,-8977396,-1330396
2015/01/09,0,3950000,-5787506,-1837506
2015/01/12,0,2516490,-5801000,-3284510
2015/01/13,0,12313000,-15425628,-3112628
2015/01/14,0,5407170,-10357942,-4950772
2015/01/15,0,3192000,-6419565,-3227565
2015/01/16,0,4876574,-20551000,-15674426
2015/01/19,0,6005000,-7989501,-1984501
2015/01/20,0,7144574,-6225498,919076
2015/01/21,0,9423000,-4379984,5043016
2015/01/22,0,16920009,-14227027,2692982
2015/01/23,0,11294000,-8069027,3224973
2015/01/26,0,4750000,-5361871,-611871
2015/01/27,0,5474000,-4760491,713509
2015/01/28,0,5596000,-8538458,-2942458
2015/01/29,0,3480000,-11065429,-7585429
2015/01/30,0,7492847,-7200351,292496
2015/02/02,0,3961081,-3226969,734112
2015/02/03,0,4836000,-1476573,3359427
2015/02/04,0,13860000,-9871582,3988418
2015/02/05,0,4967000,-5086555,-119555
2015/02/06,0,3913000,-4456663,-543663
2015/02/09,0,7101324,-4344079,2757245
2015/02/10,0,20937000,-5093442,15843558
2015/02/11,0,10864928,-1900930,8963998
2015/02/12,0,8339000,-2132001,6206999
2015/02/13,0,3877000,-2862481,1014519
2015/02/16,0,0,0,0
2015/02/17,0,0,0,0
2015/02/18,0,0,0,0
2015/02/19,0,0,0,0
2015/02/20,0,0,0,0
2015/02/23,0,0,0,0
2015/02/24,0,11584700,-7178907,4405793
2015/02/25,0,13618000,-2287296,11330704
2015/02/26,0,9801000,-10854154,-1053154
2015/02/27,0,0,0,0
2015/03/02,0,6032470,-8832734,-2800264
2015/03/03,0,14630303,-8299786,6330517
2015/03/04,0,6379000,-1937000,4442000
2015/03/05,0,4574000,-4135598,438402
2015/03/06,0,5226720,-4986700,240020
2015/03/09,0,7674000,-5804698,1869302
2015/03/10,0,6698221,-7251843,-553622
2015/03/11,0,14567000,-10170698,4396302
2015/03/12,0,7704000,-8276200,-572200
2015/03/13,0,4422000,-7233644,-2811644
2015/03/16,0,4127000,-3815375,311625
2015/03/17,0,6303000,-3994000,2309000
2015/03/18,0,6465000,-3013317,3451683
2015/03/19,0,10486000,-2899584,7586416
2015/03/20,0,5035000,-8910864,-3875864
2015/03/23,0,4240000,-4128446,111554
2015/03/24,0,7222843,-8906410,-1683567
2015/03/25,0,4599000,-4348591,250409
2015/03/26,0,15438050,-4446344,10991706
2015/03/27,0,6310000,-6759368,-449368
2015/03/30,0,7542173,-3036134,4506039
2015/03/31,0,13052000,-7338063,5713937
2015/04/01,0,2852000,-8116000,-5264000
2015/04/02,0,9067233,-3051890,6015343
2015/04/03,0,0,0,0
2015/04/06,0,0,0,0
2015/04/07,0,6387000,-6249032,137968
2015/04/08,0,6206000,-3290667,2915333
2015/04/09,0,9507000,-4402792,5104208
2015/04/10,0,6026000,-2058325,3967675
2015/04/13,0,8899420,-2475573,6423847
2015/04/14,0,10204000,-5482462,4721538
2015/04/15,0,11950000,-12901068,-951068
2015/04/16,0,6967160,-3249842,3717318
2015/04/17,0,7814448,-4745833,3068615
2015/04/20,0,5705000,-2725819,2979181
2015/04/21,0,12299000,-2069551,10229449
2015/04/22,0,11186870,-4133594,7053276
2015/04/23,0,39098200,-6107914,32990286
2015/04/24,0,23071000,-7005515,16065485
2015/04/27,0,36726000,-5876950,30849050
2015/04/28,0,19513000,-4147339,15365661
2015/04/29,0,11999000,-5194000,6805000
2015/04/30,0,10664000,-14116367,-3452367
2015/05/01,0,0,0,0
2015/05/04,0,13849130,-4685309,9163821
2015/05/05,0,9801620,-8698320,1103300
2015/05/06,0,11756000,-7432957,4323043
2015/05/07,0,8684769,-4450350,4234419
2015/05/08,0,9526843,-7699862,1826981
2015/05/11,0,12417000,-1164000,11253000
2015/05/12,0,11145000,-4481074,6663926
2015/05/13,0,7567139,-2928000,4639139
2015/05/14,0,14232000,-12256187,1975813
2015/05/15,0,10666412,-3538736,7127676
2015/05/18,0,5459300,-2709000,2750300
2015/05/19,0,9438843,-2072000,7366843
2015/05/20,0,13643260,-8495000,5148260
2015/05/21,0,4426100,-13318000,-8891900
2015/05/22,0,3437000,-2452750,984250
2015/05/25,0,8375000,-3114000,5261000
2015/05/26,0,10747000,-2117837,8629163
2015/05/27,0,14351000,-7404590,6946410
2015/05/28,0,18233422,-11075645,7157777
2015/05/29,0,15661814,-15424235,237579
2015/06/01,0,6936000,-5579203,1356797
2015/06/02,0,7536447,-8218343,-681896
2015/06/03,0,6117000,-5798000,319000
2015/06/04,0,7543300,-11544579,-4001279
2015/06/05,0,5994000,-7874059,-1880059
2015/06/08,0,5719000,-11024029,-5305029
2015/06/09,0,7303200,-4302499,3000701
2015/06/10,0,7120660,-7069627,51033
2015/06/11,0,6617000,-9976271,-3359271
2015/06/12,0,8710616,-4551000,4159616
2015/06/15,0,4995000,-6445000,-1450000
2015/06/16,0,9380000,-7673100,1706900
2015/06/17,0,13061000,-17850351,-4789351
2015/06/18,0,6933160,-11386832,-4453672
2015/06/19,0,0,0,0
2015/06/22,0,4181235,-5039578,-858343
2015/06/23,0,14027000,-6028733,7998267
2015/06/24,0,5067825,-2715412,2352413
2015/06/25,0,11669434,-5827190,5842244
2015/06/26,0,16464566,-4418000,12046566
2015/06/29,0,6918598,-7941450,-1022852
2015/06/30,0,11049000,-10722577,326423
2015/07/01,0,7226000,-3722842,3503158
2015/07/02,0,5660714,-13599291,-7938577
2015/07/03,0,5631000,-10006000,-4375000
2015/07/06,0,6684000,-15271053,-8587053
2015/07/07,0,5807000,-2263511,3543489
2015/07/08,0,14542577,-21772182,-7229605
2015/07/09,0,7877350,-12059318,-4181968
2015/07/10,0,0,0,0
2015/07/13,0,19735365,-12187206,7548159
2015/07/14,0,11551000,-11155122,395878
2015/07/15,0,12652000,-4321537,8330463
2015/07/16,0,7559000,-2099934,5459066
2015/07/17,0,10021186,-4947000,5074186
2015/07/20,0,7109244,-3204341,3904903
2015/07/21,0,7866000,-1234000,6632000
2015/07/22,0,7944000,-7006901,937099
2015/07/23,0,14412976,-11686000,2726976
2015/07/24,0,7937233,-2725425,5211808
2015/07/27,0,11189000,-11313053,-124053
2015/07/28,0,7611036,-12062714,-4451678
2015/07/29,0,9586000,-6447175,3138825
2015/07/30,0,5740650,-6735650,-995000
2015/07/31,0,11709101,-9399000,2310101
2015/08/03,0,3743600,-5132000,-1388400
2015/08/04,0,6501000,-2716541,3784459
2015/08/05,0,5821888,-5078641,743247
2015/08/06,0,3347000,-3606000,-259000
2015/08/07,0,6155000,-7436000,-1281000
2015/08/10,0,6538000,-2677999,3860001
2015/08/11,0,10269019,-11558800,-1289781
2015/08/12,0,8223000,-31346000,-23123000
2015/08/13,0,8979000,-16987042,-8008042
2015/08/14,0,5566000,-6628000,-1062000
2015/08/17,0,9568895,-13018000,-3449105
2015/08/18,0,8483464,-16916818,-8433354
2015/08/19,0,9130876,-13259000,-4128124
2015/08/20,0,15389479,-19181024,-3791545
2015/08/21,0,11065103,-13268923,-2203820
2015/08/24,0,12245041,-24457973,-12212932
2015/08/25,0,15609374,-23702425,-8093051
2015/08/26,0,10586000,-23810735,-13224735
2015/08/27,0,6835000,-18269700,-11434700
2015/08/28,0,7241646,-11127606,-3885960
2015/08/31,0,14622646,-18810453,-4187807
2015/09/01,0,9766754,-12834709,-3067955
2015/09/02,0,8896000,-12225278,-3329278
2015/09/03,0,6671000,-14080000,-7409000
2015/09/04,0,4079365,-6716118,-2636753
2015/09/07,0,7492000,-7634480,-142480
2015/09/08,0,3559988,-7152988,-3593000
2015/09/09,0,16493624,-4031152,12462472
2015/09/10,0,6508649,-4633060,1875589
2015/09/11,0,5405470,-2204416,3201054
2015/09/14,0,3905000,-3194076,710924
2015/09/15,0,14722000,-8991579,5730421
2015/09/16,0,10028000,-9614324,413676
2015/09/17,0,15844000,-8140000,7704000
2015/09/18,0,8753067,-13851019,-5097952
2015/09/21,0,3717000,-15755066,-12038066
2015/09/22,0,3530594,-3689499,-158905
2015/09/23,0,3830000,-13503592,-9673592
2015/09/24,0,2654435,-10992000,-8337565
2015/09/25,0,3676932,-18373275,-14696343
2015/09/28,0,0,0,0
2015/09/29,0,0,0,0
2015/09/30,0,22489331,-30460000,-7970669
2015/10/01,0,8253000,-10676172,-2423172
2015/10/02,0,3811000,-9700891,-5889891
2015/10/05,0,11628422,-10824389,804033
2015/10/06,0,8137000,-7023309,1113691
2015/10/07,0,10309067,-7130000,3179067
2015/10/08,0,10793750,-8153969,2639781
2015/10/09,0,0,0,0
2015/10/12,0,11808788,-8004700,3804088
2015/10/13,0,10938758,-17592794,-6654036
2015/10/14,0,5622000,-6586200,-964200
2015/10/15,0,7202000,-6409000,793000
2015/10/16,0,17767001,-13581000,4186001
2015/10/19,0,10022999,-8617186,1405813
2015/10/20,0,10737000,-5350000,5387000
2015/10/21,0,10489000,-7036000,3453000
2015/10/22,0,7173000,-8126768,-953768
2015/10/23,0,11299000,-1864356,9434644
2015/10/26,0,8123040,-7320719,802321
2015/10/27,0,8989000,-5570582,3418418
2015/10/28,0,6276000,-4744237,1531763
2015/10/29,0,2126000,-8376769,-6250769
2015/10/30,0,10404000,-9483532,920468
2015/11/02,0,3863164,-4942200,-1079036
2015/11/03,0,9891000,-7981272,1909728
2015/11/04,0,13064000,-18085681,-5021681
2015/11/05,0,14019000,-4047788,9971212
2015/11/06,0,4359080,-14667749,-10308669
2015/11/09,0,8940195,-6810735,2129460
2015/11/10,0,3807000,-11568650,-7761650
2015/11/11,0,6101130,-8015720,-1914590
2015/11/12,0,3461750,-11942774,-8481024
2015/11/13,0,13103399,-8385415,4717984
2015/11/16,0,12759000,-10699439,2059561
2015/11/17,0,9502000,-9324306,177694
2015/11/18,0,5341429,-10038465,-4697036
2015/11/19,0,9518050,-6199060,3318990
2015/11/20,0,2639000,-4693392,-2054392
2015/11/23,0,4470087,-2896485,1573602
2015/11/24,0,6496000,-3686583,2809417
2015/11/25,0,6391679,-4130979,2260700
2015/11/26,0,6935000,-2435295,4499705
2015/11/27,0,5280650,-7143597,-1862947
2015/11/30,0,26455059,-40517167,-14062108
2015/12/01,0,12463653,-9930982,2532671
2015/12/02,0,4152000,-6208084,-2056084
2015/12/03,0,3848282,-6589493,-2741211
2015/12/04,0,3373000,-14634179,-11261179
2015/12/07,0,6245000,-3722887,2522113
2015/12/08,0,2435000,-15444713,-13009713
2015/12/09,0,4604000,-10861357,-6257357
2015/12/10,0,10152000,-20202125,-10050125
2015/12/11,0,8330712,-15613862,-7283150
2015/12/14,0,2848000,-5479273,-2631273
2015/12/15,0,4923000,-6097733,-1174733
2015/12/16,0,3826279,-6340924,-2514645
2015/12/17,0,9142000,-7411094,1730906
2015/12/18,0,10194495,-10568171,-373676
2015/12/21,0,7837179,-6684430,1152749
2015/12/22,0,4872937,-3900251,972686
2015/12/23,0,4277279,-2472056,1805223
2015/12/24,0,2657700,-896000,1761700
2015/12/25,0,1349000,-669000,680000
2015/12/28,0,5122727,-1281000,3841727
2015/12/29,0,1032000,-1161000,-129000
2015/12/30,0,1295826,-6192768,-4896942
2015/12/31,0,2821584,-5964112,-3142528
2016/01/01,0,0,0,0
2016/01/04,0,1784298,-19113000,-17328702
2016/01/05,0,7729340,-11377527,-3648187
2016/01/06,0,10775791,-11559612,-783821
2016/01/07,0,9882647,-16074906,-6192259
2016/01/08,0,13582653,-15351798,-1769145
2016/01/11,0,4943496,-12850660,-7907164
2016/01/12,0,7178000,-13212000,-6034000
2016/01/13,0,11189000,-19067895,-7878895
2016/01/14,0,5384718,-19465000,-14080282
2016/01/15,0,11437000,-38516171,-27079171
2016/01/18,0,14696561,-41728000,-27031439
2016/01/19,0,7652000,-15035783,-7383783
2016/01/20,0,10579767,-21752545,-11172778
2016/01/21,0,12098769,-20591750,-8492981
2016/01/22,0,8769000,-11873100,-3104100
2016/01/25,0,11678000,-10465564,1212436
2016/01/26,0,3935280,-19891000,-15955720
2016/01/27,0,6367000,-15808292,-9441292
2016/01/28,0,7865000,-18027772,-10162772
2016/01/29,0,29217466,-17600506,11616960
2016/02/01,0,11407556,-20739497,-9331941
2016/02/02,0,21296526,-12284409,9012117
2016/02/03,0,5444000,-26534813,-21090813
2016/02/04,0,0,0,0
2016/02/05,0,0,0,0
2016/02/08,0,0,0,0
2016/02/09,0,0,0,0
2016/02/10,0,0,0,0
2016/02/11,0,0,0,0
2016/02/12,0,0,0,0
2016/02/15,0,12467233,-17086364,-4619131
2016/02/16,0,21220000,-8376480,12843520
2016/02/17,0,5607745,-11274342,-5666597
2016/02/18,0,12924000,-7411327,5512673
2016/02/19,0,7276488,-5513102,1763386
2016/02/22,0,4037000,-7931482,-3894482
2016/02/23,0,2310670,-2865909,-555239
2016/02/24,0,3234000,-5988990,-2754990
2016/02/25,0,6737074,-6829476,-92402
2016/02/26,0,8388635,-8111154,277481
2016/02/29,0,0,0,0
2016/03/01,0,7930261,-12518360,-4588099
2016/03/02,0,17058006,-8803000,8255006
2016/03/03,0,23249049,-5328507,17920542
2016/03/04,0,11254198,-8745000,2509198
2016/03/07,0,14194210,-1974204,12220006
2016/03/08,0,13848634,-6756802,7091832
2016/03/09,0,9335461,-3173735,6161726
2016/03/10,0,6312000,-5514332,797668
2016/03/11,0,11624000,-3280746,8343254
2016/03/14,0,8458000,-5870907,2587093
2016/03/15,0,8259000,-9657000,-1398000
2016/03/16,0,8283000,-3781000,4502000
2016/03/17,0,13649292,-10348878,3300414
2016/03/18,0,16446419,-13305576,3140843
2016/03/21,0,8704000,-19247205,-10543205
2016/03/22,0,5386571,-9340181,-3953610
2016/03/23,0,8643000,-14138950,-5495950
2016/03/24,0,8864000,-26740040,-17876040
2016/03/25,0,2983000,-7885000,-4902000
2016/03/28,0,2849350,-4987886,-2138536
2016/03/29,0,4611000,-10133290,-5522290
2016/03/30,0,10965600,-8172108,2793492
2016/03/31,0,16995000,-17622043,-627043
2016/04/01,0,3908000,-13172200,-9264200
2016/04/04,0,0,0,0
2016/04/05,0,0,0,0
2016/04/06,0,11359142,-26629493,-15270351
2016/04/07,0,6657530,-20002610,-13345080
2016/04/08,0,6269000,-11382279,-5113279
2016/04/11,0,7653000,-15754695,-8101695
2016/04/12,0,10917824,-18745139,-7827315
2016/04/13,0,13068000,-17950000,-4882000
2016/04/14,0,7680000,-11753784,-4073784
2016/04/15,0,12006874,-11194463,812411
2016/04/18,0,8841000,-5514554,3326446
2016/04/19,0,6668000,-18564200,-11896200
2016/04/20,0,13255686,-15276000,-2020314
2016/04/21,0,8991904,-5073000,3918904
2016/04/22,0,8374145,-4765594,3608551
2016/04/25,0,4492789,-1971860,2520929
2016/04/26,0,7132744,-2617126,4515618
2016/04/27,0,7549000,-6480640,1068360
2016/04/28,0,7975225,-14097000,-6121775
2016/04/29,0,12748000,-13324845,-576845
2016/05/02,0,0,0,0
2016/05/03,0,5694000,-8287900,-2593900
2016/05/04,0,6875000,-21168858,-14293858
2016/05/05,0,13021300,-16892361,-3871061
2016/05/06,0,8931450,-20878000,-11946550
2016/05/09,0,2135000,-8237941,-6102941
2016/05/10,0,4054145,-14470220,-10416075
2016/05/11,0,9317000,-15725200,-6408200
2016/05/12,0,3872000,-5575197,-1703197
2016/05/13,0,2486000,-20394056,-17908056
2016/05/16,0,3385000,-6393855,-3008855
2016/05/17,0,3968000,-13540325,-9572325
2016/05/18,0,9373056,-14564000,-5190944
2016/05/19,0,16343000,-13261000,3082000
2016/05/20,0,4854634,-7959941,-3105307
2016/05/23,0,14224605,-4448000,9776605
2016/05/24,0,8106145,-9120078,-1013933
2016/05/25,0,11599145,-5029000,6570145
2016/05/26,0,6072000,-8119190,-2047190
2016/05/27,0,11166000,-6279522,4886478
2016/05/30,0,9763000,-5189874,4573126
2016/05/31,0,23790534,-28620758,-4830224
2016/06/01,0,9727336,-4592030,5135306
2016/06/02,0,11122672,-4677300,6445372
2016/06/03,0,8506000,-6961000,1545000
2016/06/06,0,5390000,-7024620,-1634620
2016/06/07,0,11370000,-11178000,192000
2016/06/08,0,10504000,-17235000,-6731000
2016/06/09,0,0,0,0
2016/06/10,0,0,0,0
2016/06/13,0,13477000,-7995320,5481680
2016/06/14,0,6606482,-3926300,2680182
2016/06/15,0,3852122,-7313602,-3461480
2016/06/16,0,2875000,-22308173,-19433173
2016/06/17,0,9632907,-15455897,-5822990
2016/06/20,0,6733000,-7700000,-967000
2016/06/21,0,7586698,-3620000,3966698
2016/06/22,0,5330707,-7217750,-1887043
2016/06/23,0,3529876,-6136252,-2606376
2016/06/24,0,8942478,-24808426,-15865948
2016/06/27,0,6215132,-21641000,-15425868
2016/06/28,0,4119000,-22535065,-18416065
2016/06/29,0,10667000,-20185804,-9518804
2016/06/30,0,9353000,-4488551,4864449
2016/07/01,0,10112000,-5327118,4784882
2016/07/04,0,4276000,-1546900,2729100
2016/07/05,0,4058000,-3466370,591630
2016/07/06,0,5837437,-25445367,-19607930
2016/07/07,0,6555000,-10894318,-4339318
2016/07/08,0,0,0,0
2016/07/11,0,16922168,-17613000,-690832
2016/07/12,0,15848000,-15254975,593025
2016/07/13,0,20645000,-12611460,8033540
2016/07/14,0,16911672,-3287000,13624672
2016/07/15,0,23340882,-3619753,19721129
2016/07/18,0,11211600,-3442731,7768869
2016/07/19,0,11569000,-5624000,5945000
2016/07/20,0,11011000,-9920000,1091000
2016/07/21,0,12201213,-3410942,8790271
2016/07/22,0,7469000,-5356244,2112756
2016/07/25,0,8819224,-7544945,1274279
2016/07/26,0,9830000,-8036000,1794000
2016/07/27,0,7888249,-7730789,157460
2016/07/28,0,13713000,-7662000,6051000
2016/07/29,0,6451277,-8262200,-1810923
2016/08/01,0,8280592,-5428126,2852466
2016/08/02,0,4937599,-3126226,1811373
2016/08/03,0,3297603,-4744817,-1447214
2016/08/04,0,5391000,-4129456,1261544
2016/08/05,0,12998328,-4504000,8494328
2016/08/08,0,21562247,-3090000,18472247
2016/08/09,0,20665000,-12995000,7670000
2016/08/10,0,11539396,-5060821,6478575
2016/08/11,0,7179000,-7595910,-416910
2016/08/12,0,15633824,-10612824,5021000
2016/08/15,0,4115000,-2686000,1429000
2016/08/16,0,6207000,-5318967,888033
2016/08/17,0,15033557,-2852050,12181507
2016/08/18,0,10223983,-12339743,-2115760
2016/08/19,0,4799277,-9399463,-4600186
2016/08/22,0,4419000,-7013262,-2594262
2016/08/23,0,10421000,-5171251,5249749
2016/08/24,0,9126250,-4512300,4613950
2016/08/25,0,24671710,-5026550,19645160
2016/08/26,0,43754660,-1602938,42151722
2016/08/29,0,11387000,-6242300,5144700
2016/08/30,0,24969146,-4043300,20925846
2016/08/31,0,18455691,-16671729,1783962
2016/09/01,0,5676600,-11599469,-5922869
2016/09/02,0,6836888,-3315300,3521588
2016/09/05,0,5095000,-2230000,2865000
2016/09/06,0,6603022,-1955000,4648022
2016/09/07,0,10882750,-2793200,8089550
2016/09/08,0,13920000,-5256700,8663300
2016/09/09,0,2571000,-8830444,-6259444
2016/09/12,0,7958955,-10237506,-2278551
2016/09/13,0,8459000,-16892000,-8433000
2016/09/14,0,16022088,-12639914,3382174
2016/09/15,0,0,0,0
2016/09/16,0,0,0,0
2016/09/19,0,7466664,-4567666,2898998
2016/09/20,0,5669163,-5443268,225895
2016/09/21,0,11859000,-4462400,7396600
2016/09/22,0,10589730,-5825000,4764730
2016/09/23,0,13475420,-6973901,6501519
2016/09/26,0,11210000,-7594000,3616000
2016/09/27,0,0,0,0
2016/09/28,0,0,0,0
2016/09/29,0,15834584,-7749075,8085509
2016/09/30,0,8160580,-10947561,-2786981
2016/10/03,0,5754558,-5154000,600558
2016/10/04,0,10534092,-6307935,4226157
2016/10/05,0,5775000,-4868067,906933
2016/10/06,0,4182489,-3563000,619489
2016/10/07,0,6502369,-8526000,-2023631
2016/10/10,0,0,0,0
2016/10/11,0,6409000,-4845000,1564000
2016/10/12,0,13713844,-3226020,10487824
2016/10/13,0,7206170,-12432041,-5225871
2016/10/14,0,4591000,-5500000,-909000
2016/10/17,0,8249000,-7492871,756129
2016/10/18,0,18027361,-5928665,12098696
2016/10/19,0,10027933,-3636000,6391933
2016/10/20,0,2713000,-1487455,1225545
2016/10/21,0,2268000,-3206844,-938844
2016/10/24,0,2429001,-1425000,1004001
2016/10/25,0,2161562,-2507000,-345438
2016/10/26,0,4327000,-4442617,-115617
2016/10/27,0,8953823,-8421318,532505
2016/10/28,0,8360500,-4701581,3658919
2016/10/31,0,6722284,-6440709,281575
2016/11/01,0,5476414,-6848400,-1371986
2016/11/02,0,4364045,-4872103,-508058
2016/11/03,0,4389000,-7264023,-2875023
2016/11/04,0,6130000,-4387000,1743000
2016/11/07,0,5708709,-6328855,-620146
2016/11/08,0,3656195,-3051000,605195
2016/11/09,0,7710000,-18139000,-10429000
2016/11/10,0,32376000,-4330815,28045185
2016/11/11,0,79351000,-25571764,53779236
2016/11/14,0,49286556,-25254676,24031880
2016/11/15,0,28012807,-35688987,-7676180
2016/11/16,0,21544184,-15296344,6247840
2016/11/17,0,5213200,-10637000,-5423800
2016/11/18,0,14802253,-11121000,3681253
2016/11/21,0,10900600,-4041476,6859124
2016/11/22,0,8398800,-3155332,5243468
2016/11/23,0,19841600,-3936965,15904635
2016/11/24,0,11037706,-4086364,6951342
2016/11/25,0,19505600,-3453240,16052360
2016/11/28,0,21013574,-11753038,9260536
2016/11/29,0,14125707,-17621880,-3496173
2016/11/30,0,26787635,-29480698,-2693063
2016/12/01,0,23412406,-5684000,17728406
2016/12/02,0,9569000,-11274089,-1705089
2016/12/05,0,20589000,-5769008,14819992
2016/12/06,0,23001982,-4418215,18583767
2016/12/07,0,14736000,-7696442,7039558
2016/12/08,0,18122000,-7047008,11074992
2016/12/09,0,14830779,-4527007,10303772
2016/12/12,0,8879636,-5603000,3276636
2016/12/13,0,10402293,-4171534,6230759
2016/12/14,0,7855910,-8952986,-1097076
2016/12/15,0,23908000,-5158000,18750000
2016/12/16,0,25132849,-11991920,13140929
2016/12/19,0,4412718,-6167833,-1755115
2016/12/20,0,7981452,-7899000,82452
2016/12/21,0,8456213,-7225991,1230222
2016/12/22,0,9391176,-11111040,-1719864
2016/12/23,0,7126307,-7495000,-368693
2016/12/26,0,1744000,-1103000,641000
2016/12/27,0,2032000,-2898000,-866000
2016/12/28,0,5091000,-2182254,2908746
2016/12/29,0,7551238,-7506620,44618
2016/12/30,0,4998000,-3409753,1588247
2017/01/02,0,0,0,0
2017/01/03,0,1480000,-1740000,-260000
2017/01/04,0,3572000,-3393454,178546
2017/01/05,0,8854998,-7942508,912490
2017/01/06,0,13343451,-6684781,6658670
2017/01/09,0,8920784,-3270000,5650784
2017/01/10,0,11295560,-5357996,5937564
2017/01/11,0,11917308,-4642460,7274848
2017/01/12,0,7275802,-5522000,1753802
2017/01/13,0,8363526,-5393000,2970526
2017/01/16,0,2215150,-10473200,-8258050
2017/01/17,0,10169749,-9823450,346299
2017/01/18,0,4887834,-7168417,-2280583
2017/01/19,0,8603000,-7589466,1013534
2017/01/20,0,10644364,-4744349,5900015
2017/01/23,0,10865815,-5478022,5387793
2017/01/24,0,12549884,-7254075,5295809
2017/01/25,0,0,0,0
2017/01/26,0,0,0,0
2017/01/27,0,0,0,0
2017/01/30,0,0,0,0
2017/01/31,0,0,0,0
2017/02/01,0,0,0,0
2017/02/02,0,17701315,-19923410,-2222095
2017/02/03,0,7361000,-11033322,-3672322
2017/02/06,0,16594786,-5733692,10861094
2017/02/07,0,7388014,-4175932,3212082
2017/02/08,0,14235076,-11150192,3084884
2017/02/09,0,7310670,-7640695,-330025
2017/02/10,0,24066700,-12016765,12049935
2017/02/13,0,4975027,-6237051,-1262024
2017/02/14,0,17898430,-14805360,3093070
2017/02/15,0,14058576,-4764306,9294270
2017/02/16,0,13998366,-5240336,8758030
2017/02/17,0,11457000,-2905527,8551473
2017/02/20,0,2939000,-1819045,1119955
2017/02/21,0,8879000,-3087092,5791908
2017/02/22,0,3866046,-4393414,-527368
2017/02/23,0,6207000,-2906420,3300580
2017/02/24,0,4349624,-10800068,-6450444
2017/02/27,0,0,0,0
2017/02/28,0,0,0,0
2017/03/01,0,5352486,-8522161,-3169675
2017/03/02,0,20189000,-16749656,3439344
2017/03/03,0,6190551,-9644979,-3454428
2017/03/06,0,5996728,-1594632,4402096
2017/03/07,0,5975390,-4298571,1676819
2017/03/08,0,13762085,-3924957,9837128
2017/03/09,0,9266000,-7052806,2213194
2017/03/10,0,14778541,-4010688,10767853
2017/03/13,0,14874405,-3062000,11812405
2017/03/14,0,21094165,-4831435,16262730
2017/03/15,0,11868000,-4835105,7032895
2017/03/16,0,14330000,-11868269,2461731
2017/03/17,0,14466257,-13071538,1394719
2017/03/20,0,2654000,-2209000,445000
2017/03/21,0,6619030,-10525283,-3906253
2017/03/22,0,8399000,-15358600,-6959600
2017/03/23,0,7174209,-3470955,3703254
2017/03/24,0,6107286,-7207422,-1100136
2017/03/27,0,6283215,-1845660,4437555
2017/03/28,0,8570000,-6588701,1981299
2017/03/29,0,6921545,-8125304,-1203759
2017/03/30,0,8520000,-10352047,-1832047
2017/03/31,0,7130150,-15895000,-8764850
2017/04/03,0,0,0,0
2017/04/04,0,0,0,0
2017/04/05,0,9302501,-13132963,-3830462
2017/04/06,0,7389995,-12287400,-4897405
2017/04/07,0,2463641,-16184300,-13720659
2017/04/10,0,3577578,-8373278,-4795700
2017/04/11,0,3609837,-12874000,-9264163
2017/04/12,0,4016085,-7345215,-3329130
2017/04/13,0,2966171,-8759000,-5792829
2017/04/14,0,545000,-1635000,-1090000
2017/04/17,0,1394720,-1999000,-604280
2017/04/18,0,2506000,-15492225,-12986225
2017/04/19,0,7570502,-15255431,-7684929
2017/04/20,0,9587924,-10910106,-1322182
2017/04/21,0,4533022,-2741881,1791141
2017/04/24,0,6235678,-6222370,13308
2017/04/25,0,11362309,-5518113,5844196
2017/04/26,0,9997000,-5911100,4085900
2017/04/27,0,3966174,-3855543,110631
2017/04/28,0,8356031,-8814000,-457969
2017/05/01,0,0,0,0
2017/05/02,0,12014899,-6866855,5148044
2017/05/03,0,5039000,-3824178,1214822
2017/05/04,0,8377000,-5973900,2403100
2017/05/05,0,3566630,-3505000,61630
2017/05/08,0,4379493,-3980841,398652
2017/05/09,0,4890303,-6439448,-1549145
2017/05/10,0,6244930,-6823988,-579058
2017/05/11,0,9358124,-9338480,19644
2017/05/12,0,4997316,-4384000,613316
2017/05/15,0,5257405,-3425709,1831696
2017/05/16,0,11303000,-6351482,4951518
2017/05/17,0,8037170,-6189733,1847437
2017/05/18,0,4523330,-11937277,-7413947
2017/05/19,0,2837727,-2902019,-64292
2017/05/22,0,5844766,-6589177,-744411
2017/05/23,0,6350300,-9988459,-3638159
2017/05/24,0,5772649,-5919017,-146368
2017/05/25,0,7396284,-8188713,-792429
2017/05/26,0,0,0,0
2017/05/29,0,0,0,0
2017/05/30,0,0,0,0
2017/05/31,0,12796046,-22543186,-9747140
2017/06/01,0,7174000,-7444418,-270418
2017/06/02,0,8202723,-6460731,1741992
2017/06/05,0,5441856,-9853030,-4411174
2017/06/06,0,2344929,-12674000,-10329071
2017/06/07,0,3041100,-4020916,-979816
2017/06/08,0,6191384,-11543590,-5352206
2017/06/09,0,5830000,-8854700,-3024700
2017/06/12,0,6031273,-5473979,557294
2017/06/13,0,6950000,-7583900,-633900
2017/06/14,0,5862000,-9144242,-3282242
2017/06/15,0,9534000,-6953689,2580311
2017/06/16,0,5836188,-7770085,-1933897
2017/06/19,0,5604090,-1834679,3769411
2017/06/20,0,4382549,-4572341,-189792
2017/06/21,0,6118717,-9073384,-2954667
2017/06/22,0,3999450,-3918161,81289
2017/06/23,0,4013875,-6626503,-2612628
2017/06/26,0,15775483,-6898734,8876749
2017/06/27,0,5732240,-5596942,135298
2017/06/28,0,9255000,-6012467,3242533
2017/06/29,0,10150804,-4220939,5929865
2017/06/30,0,10213500,-8132000,2081500
2017/07/03,0,4037407,-2952935,1084472
2017/07/04,0,15916835,-3457155,12459680
2017/07/05,0,4896000,-1912000,2984000
2017/07/06,0,8874000,-6028136,2845864
2017/07/07,0,2507070,-2746289,-239219
2017/07/10,0,2762212,-3591482,-829270
2017/07/11,0,11786123,-4137365,7648758
2017/07/12,0,17552000,-7761325,9790675
2017/07/13,0,6807510,-5117964,1689546
2017/07/14,0,4061830,-3195000,866830
2017/07/17,0,4346000,-7226700,-2880700
2017/07/18,0,6520122,-7084546,-564424
2017/07/19,0,7847000,-6463000,1384000
2017/07/20,0,2454018,-2841566,-387548
2017/07/21,0,2620983,-2135190,485793
2017/07/24,0,4884378,-3942223,942155
2017/07/25,0,4128552,-3047656,1080896
2017/07/26,0,2332000,-2160088,171912
2017/07/27,0,7552504,-2505598,5046906
2017/07/28,0,5313000,-4947378,365622
2017/07/31,0,6134011,-7882197,-1748186
2017/08/01,0,4978000,-7081553,-2103553
2017/08/02,0,4244503,-4546000,-301497
2017/08/03,0,5234000,-6695941,-1461941
2017/08/04,0,2889360,-4866678,-1977318
2017/08/07,0,3880284,-8727690,-4847406
2017/08/08,0,5996000,-6043109,-47109
2017/08/09,0,4478049,-7690700,-3212651
2017/08/10,0,2956180,-4797000,-1840820
2017/08/11,0,8771000,-9008518,-237518
2017/08/14,0,3175757,-1638561,1537196
2017/08/15,0,3339000,-2731781,607219
2017/08/16,0,6040939,-8375000,-2334061
2017/08/17,0,3961518,-2092351,1869167
2017/08/18,0,1659000,-7831579,-6172579
