Date,Open,Buy,Sell,Total
2007/04/23,0,688000,-383000,305000
2007/04/24,0,193000,-29000,164000
2007/04/25,0,472000,-418000,54000
2007/04/26,0,0,-462000,-462000
2007/04/27,0,39000,-206000,-167000
2007/04/30,0,365000,-1179000,-814000
2007/05/01,0,0,0,0
2007/05/02,0,125000,-521000,-396000
2007/05/03,0,1099000,-3127000,-2028000
2007/05/04,0,1144000,-554000,590000
2007/05/07,0,324000,-763000,-439000
2007/05/08,0,541000,-121000,420000
2007/05/09,0,730000,-320000,410000
2007/05/10,0,268000,-798000,-530000
2007/05/11,0,320000,-503000,-183000
2007/05/14,0,8000,-228000,-220000
2007/05/15,0,409000,-281000,128000
2007/05/16,0,15000,-106000,-91000
2007/05/17,0,1000,-133000,-132000
2007/05/18,0,265000,-611000,-346000
2007/05/21,0,1252000,-188000,1064000
2007/05/22,0,680000,-20000,660000
2007/05/23,0,1532000,-522000,1010000
2007/05/24,0,383000,-324000,59000
2007/05/25,0,803000,-423000,380000
2007/05/28,0,35000,-53000,-18000
2007/05/29,0,552000,-158000,394000
2007/05/30,0,383000,-453000,-70000
2007/05/31,0,2018000,-354000,1664000
2007/06/01,0,632000,-256000,376000
2007/06/04,0,411000,-1485000,-1074000
2007/06/05,0,164000,-583000,-419000
2007/06/06,0,84000,-751000,-667000
2007/06/07,0,384000,-355000,29000
2007/06/08,0,371000,-271000,100000
2007/06/11,0,822000,-379000,443000
2007/06/12,0,312000,-865000,-553000
2007/06/13,0,189000,-481000,-292000
2007/06/14,0,150000,-1442000,-1292000
2007/06/15,0,919000,-2536000,-1617000
2007/06/18,0,0,0,0
2007/06/19,0,0,0,0
2007/06/20,0,3167000,-3611000,-444000
2007/06/21,0,1623000,-1054000,569000
2007/06/22,0,815000,-130966,684034
2007/06/25,0,2210000,-1965000,245000
2007/06/26,0,354000,-1469000,-1115000
2007/06/27,0,601000,-394740,206260
2007/06/28,0,314000,-442000,-128000
2007/06/29,0,886000,-1263894,-377894
2007/07/02,0,442000,-439000,3000
2007/07/03,0,3107000,-413000,2694000
2007/07/04,0,3281000,-893000,2388000
2007/07/05,0,615000,-1568000,-953000
2007/07/06,0,335000,-1053000,-718000
2007/07/09,0,1343000,-1871000,-528000
2007/07/10,0,321000,-693000,-372000
2007/07/11,0,339000,-82230,256770
2007/07/12,0,946000,-1431230,-485230
2007/07/13,0,1214000,-563000,651000
2007/07/16,0,598000,-940984,-342984
2007/07/17,0,1956000,-596000,1360000
2007/07/18,0,1017000,-1161000,-144000
2007/07/19,0,498000,-1660233,-1162233
2007/07/20,0,103000,-289000,-186000
2007/07/23,0,15000,-513000,-498000
2007/07/24,0,531000,-785000,-254000
2007/07/25,0,537000,-307000,230000
2007/07/26,0,1213000,-1056000,157000
2007/07/27,0,394000,-2478499,-2084499
2007/07/30,0,1881000,-2004000,-123000
2007/07/31,0,674000,-2187000,-1513000
2007/08/01,0,1287000,-2100000,-813000
2007/08/02,0,3160000,-1478292,1681708
2007/08/03,0,910000,-1657000,-747000
2007/08/06,0,73000,-252000,-179000
2007/08/07,0,344000,-951000,-607000
2007/08/08,0,731000,-1252000,-521000
2007/08/09,0,765000,-1349104,-584104
2007/08/10,0,1176000,-1248000,-72000
2007/08/13,0,378000,-617000,-239000
2007/08/14,0,875000,-1016000,-141000
2007/08/15,0,3776000,-1467000,2309000
2007/08/16,0,5513000,-1538000,3975000
2007/08/17,0,2522000,-415000,2107000
2007/08/20,0,985000,-444446,540554
2007/08/21,0,744000,-832000,-88000
2007/08/22,0,774000,-263000,511000
2007/08/23,0,2224000,-1321000,903000
2007/08/24,0,880000,-1005000,-125000
2007/08/27,0,185000,-1132000,-947000
2007/08/28,0,894000,-1432000,-538000
2007/08/29,0,738000,-1298000,-560000
2007/08/30,0,874000,-255000,619000
2007/08/31,0,1740000,-1261000,479000
2007/09/03,0,771000,-2126000,-1355000
2007/09/04,0,722000,-1656000,-934000
2007/09/05,0,530000,-214000,316000
2007/09/06,0,1331000,-182000,1149000
2007/09/07,0,1140000,-342000,798000
2007/09/10,0,1188000,-255000,933000
2007/09/11,0,962000,-39000,923000
2007/09/12,0,2473000,-516000,1957000
2007/09/13,0,510000,-2425000,-1915000
2007/09/14,0,2025000,-1846000,179000
2007/09/17,0,583000,-3160000,-2577000
2007/09/18,0,0,0,0
2007/09/19,0,1871000,-6093000,-4222000
2007/09/20,0,1348000,-1797000,-449000
2007/09/21,0,804000,-772000,32000
2007/09/24,0,0,0,0
2007/09/25,0,0,0,0
2007/09/26,0,892000,-562000,330000
2007/09/27,0,1309000,-284000,1025000
2007/09/28,0,1779000,-821000,958000
2007/10/01,0,1110000,-996000,114000
2007/10/02,0,3543000,-2587000,956000
2007/10/03,0,4229000,-3664000,565000
2007/10/04,0,718000,-2122000,-1404000
2007/10/05,0,1070000,-366000,704000
2007/10/08,0,3207000,-1924000,1283000
2007/10/09,0,1076000,-2075000,-999000
2007/10/10,0,0,0,0
2007/10/11,0,1257000,-1820000,-563000
2007/10/12,0,3908000,-2213000,1695000
2007/10/15,0,393000,-2125000,-1732000
2007/10/16,0,705000,-361000,344000
2007/10/17,0,695000,-2036000,-1341000
2007/10/18,0,374000,-500000,-126000
2007/10/19,0,582000,-219000,363000
2007/10/22,0,1380000,-3799000,-2419000
2007/10/23,0,657000,-453000,204000
2007/10/24,0,638000,-1036000,-398000
2007/10/25,0,788000,-923000,-135000
2007/10/26,0,494000,-138000,356000
2007/10/29,0,1471000,-1406000,65000
2007/10/30,0,1060000,-629000,431000
2007/10/31,0,542000,-30000,512000
2007/11/01,0,1785000,-970000,815000
2007/11/02,0,1482000,-2105000,-623000
2007/11/05,0,784000,-378000,406000
2007/11/06,0,1024000,-1397000,-373000
2007/11/07,0,1808000,-427000,1381000
2007/11/08,0,1687000,-3016000,-1329000
2007/11/09,0,528000,-416000,112000
2007/11/12,0,648000,-318000,330000
2007/11/13,0,2175000,-997000,1178000
2007/11/14,0,2938000,-1436000,1502000
2007/11/15,0,403000,-454000,-51000
2007/11/16,0,113000,-144000,-31000
2007/11/19,0,608000,-314000,294000
2007/11/20,0,1335000,-958000,377000
2007/11/21,0,447000,-656000,-209000
2007/11/22,0,1412000,-603000,809000
2007/11/23,0,554000,-712000,-158000
2007/11/26,0,837000,-79000,758000
2007/11/27,0,417000,-1047000,-630000
2007/11/28,0,69000,-214000,-145000
2007/11/29,0,1599000,-49000,1550000
2007/11/30,0,944000,-66000,878000
2007/12/03,0,1469000,-263000,1206000
2007/12/04,0,239000,-196000,43000
2007/12/05,0,487000,-978000,-491000
2007/12/06,0,170000,-1207000,-1037000
2007/12/07,0,473000,-406000,67000
2007/12/10,0,313000,-869000,-556000
2007/12/11,0,1364000,-339000,1025000
2007/12/12,0,192000,-807000,-615000
2007/12/13,0,190000,-735000,-545000
2007/12/14,0,382000,-1121000,-739000
2007/12/17,0,412000,-671000,-259000
2007/12/18,0,982000,-548000,434000
2007/12/19,0,846000,-305000,541000
2007/12/20,0,690000,-284000,406000
2007/12/21,0,640000,-389000,251000
2007/12/24,0,276000,-737000,-461000
2007/12/25,0,150000,-530000,-380000
2007/12/26,0,505000,-165000,340000
2007/12/27,0,989000,-610000,379000
2007/12/28,0,486000,-403000,83000
2007/12/31,0,285000,-184000,101000
2008/01/01,0,0,0,0
2008/01/02,0,56000,-491000,-435000
2008/01/03,0,242000,-121000,121000
2008/01/04,0,1582000,-790000,792000
2008/01/07,0,1026000,-1535000,-509000
2008/01/08,0,2261000,-735000,1526000
2008/01/09,0,360000,-406000,-46000
2008/01/10,0,309000,-153000,156000
2008/01/11,0,636000,-716000,-80000
2008/01/14,0,813000,-2933000,-2120000
2008/01/15,0,40000,-406000,-366000
2008/01/16,0,5968000,-5377000,591000
2008/01/17,0,2836000,-3297000,-461000
2008/01/18,0,8657000,-1983000,6674000
2008/01/21,0,4165000,-2998000,1167000
2008/01/22,0,1587000,-94000,1493000
2008/01/23,0,2178000,-5536000,-3358000
2008/01/24,0,2549000,-2446000,103000
2008/01/25,0,2172000,-1167000,1005000
2008/01/28,0,329000,-1389000,-1060000
2008/01/29,0,821000,-4677000,-3856000
2008/01/30,0,1155000,-2489000,-1334000
2008/01/31,0,1333000,-1734000,-401000
2008/02/01,0,2813000,-648000,2165000
2008/02/04,0,0,0,0
2008/02/05,0,0,0,0
2008/02/06,0,0,0,0
2008/02/07,0,0,0,0
2008/02/08,0,0,0,0
2008/02/11,0,0,0,0
2008/02/12,0,1050000,-479000,571000
2008/02/13,0,619000,-717000,-98000
2008/02/14,0,2109000,-2659000,-550000
2008/02/15,0,1045000,-273000,772000
2008/02/18,0,604000,-759000,-155000
2008/02/19,0,1657000,-490000,1167000
2008/02/20,0,355000,-1833000,-1478000
2008/02/21,0,1179000,-283000,896000
2008/02/22,0,1411000,-1159000,252000
2008/02/25,0,3078000,-1469818,1608182
2008/02/26,0,1168000,-1503000,-335000
2008/02/27,0,304000,-1704740,-1400740
2008/02/28,0,0,0,0
2008/02/29,0,1819000,-1022000,797000
2008/03/03,0,1882000,-2418038,-536038
2008/03/04,0,1467000,-1836000,-369000
2008/03/05,0,851000,-1910000,-1059000
2008/03/06,0,689000,-1776358,-1087358
2008/03/07,0,1430000,-1257000,173000
2008/03/10,0,1797000,-1501572,295428
2008/03/11,0,1734000,-639000,1095000
2008/03/12,0,1688000,-1910759,-222759
2008/03/13,0,978000,-478877,499123
2008/03/14,0,495000,-924650,-429650
2008/03/17,0,1514000,-196000,1318000
2008/03/18,0,1984000,-304000,1680000
2008/03/19,0,1170000,-1406000,-236000
2008/03/20,0,4828000,-3240000,1588000
2008/03/21,0,5589000,-1336000,4253000
2008/03/24,0,5258000,-6932000,-1674000
2008/03/25,0,4574000,-2528000,2046000
2008/03/26,0,1511000,-3461000,-1950000
2008/03/27,0,1462000,-2695000,-1233000
2008/03/28,0,1693000,-1430000,263000
2008/03/31,0,1589000,-1401575,187425
2008/04/01,0,1227000,-1406000,-179000
2008/04/02,0,1664000,-942000,722000
2008/04/03,0,788000,-626000,162000
2008/04/04,0,0,0,0
2008/04/07,0,2447000,-347000,2100000
2008/04/08,0,1060000,-802000,258000
2008/04/09,0,2472000,-1404061,1067939
2008/04/10,0,678000,-1148000,-470000
2008/04/11,0,5959000,-1390000,4569000
2008/04/14,0,7407000,-3112230,4294770
2008/04/15,0,1355000,-1590000,-235000
2008/04/16,0,5221000,-1751000,3470000
2008/04/17,0,2002000,-2134000,-132000
2008/04/18,0,1899000,-3852000,-1953000
2008/04/21,0,1256000,-2890000,-1634000
2008/04/22,0,1148000,-2420000,-1272000
2008/04/23,0,4164000,-1356000,2808000
2008/04/24,0,2321000,-2972000,-651000
2008/04/25,0,1452000,-1506000,-54000
2008/04/28,0,5620000,-1923000,3697000
2008/04/29,0,1879000,-1873000,6000
2008/04/30,0,1816000,-2121000,-305000
2008/05/01,0,0,0,0
2008/05/02,0,2301000,-643000,1658000
2008/05/05,0,4247000,-5471000,-1224000
2008/05/06,0,2436000,-1298000,1138000
2008/05/07,0,1682000,-495000,1187000
2008/05/08,0,1234000,-717000,517000
2008/05/09,0,1446000,-1399000,47000
2008/05/12,0,2843000,-1055000,1788000
2008/05/13,0,3507092,-2100000,1407092
2008/05/14,0,1090000,-2224000,-1134000
2008/05/15,0,3697000,-241000,3456000
2008/05/16,0,1216000,-2244000,-1028000
2008/05/19,0,1674000,-1222000,452000
2008/05/20,0,3094000,-3629000,-535000
2008/05/21,0,605000,-2781000,-2176000
2008/05/22,0,2024000,-2267000,-243000
2008/05/23,0,907000,-1376000,-469000
2008/05/26,0,930000,-2491000,-1561000
2008/05/27,0,368000,-374000,-6000
2008/05/28,0,417000,-1092000,-675000
2008/05/29,0,636000,-1368000,-732000
2008/05/30,0,626000,-1988000,-1362000
2008/06/02,0,1587000,-1726000,-139000
2008/06/03,0,734000,-1251000,-517000
2008/06/04,0,1347272,-589000,758272
2008/06/05,0,1711000,-4037000,-2326000
2008/06/06,0,1021000,-541000,480000
2008/06/09,0,468000,-1452000,-984000
2008/06/10,0,906000,-2637000,-1731000
2008/06/11,0,1092000,-755000,337000
2008/06/12,0,1987000,-1882000,105000
2008/06/13,0,391000,-3316000,-2925000
2008/06/16,0,1161000,-957000,204000
2008/06/17,0,465000,-981000,-516000
2008/06/18,0,861000,-1455000,-594000
2008/06/19,0,2373000,-410000,1963000
2008/06/20,0,1011000,-1255000,-244000
2008/06/23,0,687000,-1087000,-400000
2008/06/24,0,622000,-1032000,-410000
2008/06/25,0,1972000,-2744000,-772000
2008/06/26,0,2225000,-1037000,1188000
2008/06/27,0,865000,-5618000,-4753000
2008/06/30,0,1024000,-1722000,-698000
2008/07/01,0,1556000,-970949,585051
2008/07/02,0,1930000,-2028000,-98000
2008/07/03,0,1632000,-1594000,38000
2008/07/04,0,349000,-1115000,-766000
2008/07/07,0,278000,-938000,-660000
2008/07/08,0,529000,-456000,73000
2008/07/09,0,620000,-723000,-103000
2008/07/10,0,367000,-483000,-116000
2008/07/11,0,2113000,-521082,1591918
2008/07/14,0,213000,-1069000,-856000
2008/07/15,0,970000,-2227000,-1257000
2008/07/16,0,607000,-1142000,-535000
2008/07/17,0,251000,-719000,-468000
2008/07/18,0,1332000,-1347000,-15000
2008/07/21,0,411000,-296000,115000
2008/07/22,0,860000,-219000,641000
2008/07/23,0,1345000,-606048,738952
2008/07/24,0,1041000,-1087000,-46000
2008/07/25,0,720000,-273000,447000
2008/07/28,0,0,0,0
2008/07/29,0,405000,-505000,-100000
2008/07/30,0,1065000,-258000,807000
2008/07/31,0,772000,-400000,372000
2008/08/01,0,215000,-1321000,-1106000
2008/08/04,0,577000,-129000,448000
2008/08/05,0,718000,-564000,154000
2008/08/06,0,1672000,-14000,1658000
2008/08/07,0,157050,-727000,-569950
2008/08/08,0,2143000,-868000,1275000
2008/08/11,0,909000,-1160000,-251000
2008/08/12,0,142000,-1249000,-1107000
2008/08/13,0,742000,-347000,395000
2008/08/14,0,1505000,-223000,1282000
2008/08/15,0,616000,-604000,12000
2008/08/18,0,151000,-1170164,-1019164
2008/08/19,0,731000,-190136,540864
2008/08/20,0,207000,-162000,45000
2008/08/21,0,300000,-606920,-306920
2008/08/22,0,92000,-1137000,-1045000
2008/08/25,0,135000,-543000,-408000
2008/08/26,0,146000,-192000,-46000
2008/08/27,0,532000,-330000,202000
2008/08/28,0,381000,-277000,104000
2008/08/29,0,718000,-376000,342000
2008/09/01,0,374000,-789020,-415020
2008/09/02,0,534000,-250000,284000
2008/09/03,0,434000,-799000,-365000
2008/09/04,0,623000,-1199000,-576000
2008/09/05,0,604000,-887299,-283299
2008/09/08,0,0,-120000,-120000
2008/09/09,0,2237000,-564000,1673000
2008/09/10,0,587000,-999160,-412160
2008/09/11,0,1806000,-432000,1374000
2008/09/12,0,497000,-337000,160000
2008/09/15,0,234000,-1533000,-1299000
2008/09/16,0,343000,-12000,331000
2008/09/17,0,1069000,-1254000,-185000
2008/09/18,0,721500,-2000,719500
2008/09/19,0,930000,-1200999,-270999
2008/09/22,0,575000,-481000,94000
2008/09/23,0,480000,-860550,-380550
2008/09/24,0,1074000,-666000,408000
2008/09/25,0,329000,-690000,-361000
2008/09/26,0,301000,-1079000,-778000
2008/09/29,0,0,0,0
2008/09/30,0,27000,-875000,-848000
2008/10/01,0,212500,-1393000,-1180500
2008/10/02,0,763000,-223350,539650
2008/10/03,0,1417000,-190000,1227000
2008/10/06,0,127000,-1451484,-1324484
2008/10/07,0,955000,-283155,671845
2008/10/08,0,1279000,-580000,699000
2008/10/09,0,2164000,-884750,1279250
2008/10/10,0,0,0,0
2008/10/13,0,476000,-136850,339150
2008/10/14,0,0,-26400,-26400
2008/10/15,0,407000,-1510000,-1103000
2008/10/16,0,0,-132000,-132000
2008/10/17,0,59000,-159000,-100000
2008/10/20,0,113000,-87608,25392
2008/10/21,0,385000,-445000,-60000
2008/10/22,0,326000,-445250,-119250
2008/10/23,0,3000,-9550,-6550
2008/10/24,0,40000,-24160,15840
2008/10/27,0,138000,-52000,86000
2008/10/28,0,1934000,-544700,1389300
2008/10/29,0,1537000,-1084050,452950
2008/10/30,0,602000,-322000,280000
2008/10/31,0,2366000,-1195000,1171000
2008/11/03,0,576000,-1502499,-926499
2008/11/04,0,296000,-764000,-468000
2008/11/05,0,1083000,-1249600,-166600
2008/11/06,0,658000,-725000,-67000
2008/11/07,0,1724000,-698000,1026000
2008/11/10,0,479000,-691632,-212632
2008/11/11,0,312000,-790683,-478683
2008/11/12,0,395000,-241592,153408
2008/11/13,0,306000,-529276,-223276
2008/11/14,0,132000,-1282000,-1150000
2008/11/17,0,222000,-543261,-321261
2008/11/18,0,397000,-458000,-61000
2008/11/19,0,1129000,-22000,1107000
2008/11/20,0,295000,-329000,-34000
2008/11/21,0,733000,-974750,-241750
2008/11/24,0,482000,-70000,412000
2008/11/25,0,770000,-180000,590000
2008/11/26,0,851000,-242000,609000
2008/11/27,0,662000,-890000,-228000
2008/11/28,0,1304400,-370000,934400
2008/12/01,0,2072000,-1099000,973000
2008/12/02,0,150000,-1739450,-1589450
2008/12/03,0,591000,-396000,195000
2008/12/04,0,522000,-1376000,-854000
2008/12/05,0,175000,-131000,44000
2008/12/08,0,2102000,-231624,1870376
2008/12/09,0,1951000,-469000,1482000
2008/12/10,0,2825000,-808508,2016492
2008/12/11,0,818000,-1358000,-540000
2008/12/12,0,1315000,-2206000,-891000
2008/12/15,0,1382000,-560000,822000
2008/12/16,0,2246000,-663000,1583000
2008/12/17,0,2216000,-1503000,713000
2008/12/18,0,544000,-856000,-312000
2008/12/19,0,861000,-1088000,-227000
2008/12/22,0,1354000,-1054000,300000
2008/12/23,0,1509000,-2269000,-760000
2008/12/24,0,481000,-727000,-246000
2008/12/25,0,93000,-889000,-796000
2008/12/26,0,157000,-238000,-81000
2008/12/29,0,435000,-34249,400751
2008/12/30,0,1566000,-342000,1224000
2008/12/31,0,464000,-477323,-13323
2009/01/01,0,0,0,0
2009/01/02,0,0,0,0
2009/01/05,0,2096000,-578000,1518000
2009/01/06,0,610000,-1154000,-544000
2009/01/07,0,612000,-1826000,-1214000
2009/01/08,0,458000,-443000,15000
2009/01/09,0,313000,-755000,-442000
2009/01/12,0,478000,-217000,261000
2009/01/13,0,640000,-141000,499000
2009/01/14,0,640000,-586480,53520
2009/01/15,0,449000,-1462000,-1013000
2009/01/16,0,199000,-411000,-212000
2009/01/19,0,337000,-215128,121872
2009/01/20,0,810528,-95000,715528
2009/01/21,0,727000,-343000,384000
2009/01/22,0,0,0,0
2009/01/23,0,0,0,0
2009/01/26,0,0,0,0
2009/01/27,0,0,0,0
2009/01/28,0,0,0,0
2009/01/29,0,0,0,0
2009/01/30,0,0,0,0
2009/02/02,0,268000,-243124,24876
2009/02/03,0,740000,-247000,493000
2009/02/04,0,317000,-979000,-662000
2009/02/05,0,250000,-175000,75000
2009/02/06,0,695000,-162584,532416
2009/02/09,0,171000,-435000,-264000
2009/02/10,0,558000,-365901,192099
2009/02/11,0,331472,-446197,-114725
2009/02/12,0,1395000,-758000,637000
2009/02/13,0,1274000,-1377000,-103000
2009/02/16,0,186000,-339000,-153000
2009/02/17,0,427000,-835000,-408000
2009/02/18,0,1109000,-325000,784000
2009/02/19,0,755000,-488502,266498
2009/02/20,0,532000,-614000,-82000
2009/02/23,0,914000,-475000,439000
2009/02/24,0,1460000,-495000,965000
2009/02/25,0,2046000,-1254000,792000
2009/02/26,0,1787000,-1320000,467000
2009/02/27,0,3085000,-223000,2862000
2009/03/02,0,1639000,-998000,641000
2009/03/03,0,3802000,-1432000,2370000
2009/03/04,0,2074000,-2677000,-603000
2009/03/05,0,1055000,-1656000,-601000
2009/03/06,0,979000,-796000,183000
2009/03/09,0,1736000,-1290000,446000
2009/03/10,0,926000,-184000,742000
2009/03/11,0,2584000,-929800,1654200
2009/03/12,0,356000,-652700,-296700
2009/03/13,0,3487000,-2801975,685025
2009/03/16,0,947000,-2725000,-1778000
2009/03/17,0,1154000,-6578000,-5424000
2009/03/18,0,1565000,-2212604,-647604
2009/03/19,0,2845000,-2083000,762000
2009/03/20,0,1178000,-1796655,-618655
2009/03/23,0,2949000,-999000,1950000
2009/03/24,0,3925000,-2048000,1877000
2009/03/25,0,1653000,-1652000,1000
2009/03/26,0,2817000,-1765000,1052000
2009/03/27,0,4568000,-2474000,2094000
2009/03/30,0,1920000,-3497000,-1577000
2009/03/31,0,3232000,-2339000,893000
2009/04/01,0,2362000,-1312566,1049434
2009/04/02,0,4799000,-1025973,3773027
2009/04/03,0,5833000,-5347000,486000
2009/04/06,0,3201000,-6629000,-3428000
2009/04/07,0,992000,-960000,32000
2009/04/08,0,1312000,-8691000,-7379000
2009/04/09,0,3124000,-2331000,793000
2009/04/10,0,3459000,-3615000,-156000
2009/04/13,0,1496223,-2219000,-722777
2009/04/14,0,1531000,-1632000,-101000
2009/04/15,0,2047000,-2192000,-145000
2009/04/16,0,3869000,-2675000,1194000
2009/04/17,0,2379000,-6594965,-4215965
2009/04/20,0,3274000,-765000,2509000
2009/04/21,0,2091000,-1620000,471000
2009/04/22,0,1645000,-1965000,-320000
2009/04/23,0,1677000,-914000,763000
2009/04/24,0,2208000,-3920050,-1712050
2009/04/27,0,1372000,-4704000,-3332000
2009/04/28,0,1729000,-1996000,-267000
2009/04/29,0,1377000,-750000,627000
2009/04/30,0,0,-391000,-391000
2009/05/01,0,0,0,0
2009/05/04,0,120000,-109000,11000
2009/05/05,0,1177000,-5000,1172000
2009/05/06,0,9121000,-2415125,6705875
2009/05/07,0,3298000,-5316000,-2018000
2009/05/08,0,3789000,-955000,2834000
2009/05/11,0,1985000,-2215000,-230000
2009/05/12,0,2318000,-2976000,-658000
2009/05/13,0,1099000,-1781000,-682000
2009/05/14,0,793000,-1949000,-1156000
2009/05/15,0,2475000,-2302000,173000
2009/05/18,0,913000,-2454000,-1541000
2009/05/19,0,2076000,-2493000,-417000
2009/05/20,0,1334000,-3116000,-1782000
2009/05/21,0,1442000,-2545000,-1103000
2009/05/22,0,1268000,-1958959,-690959
2009/05/25,0,1271000,-1031000,240000
2009/05/26,0,758000,-2986000,-2228000
2009/05/27,0,2213000,-2381000,-168000
2009/05/28,0,0,0,0
2009/05/29,0,0,0,0
2009/06/01,0,1535000,-1512000,23000
2009/06/02,0,2046000,-2761000,-715000
2009/06/03,0,2066000,-1709000,357000
2009/06/04,0,2131000,-2592170,-461170
2009/06/05,0,1899000,-1267000,632000
2009/06/08,0,1356000,-2685000,-1329000
2009/06/09,0,4213000,-2573000,1640000
2009/06/10,0,1666000,-1016244,649756
2009/06/11,0,920000,-2405000,-1485000
2009/06/12,0,1081000,-3130000,-2049000
2009/06/15,0,1618000,-701000,917000
2009/06/16,0,761000,-1071647,-310647
2009/06/17,0,2607000,-1969000,638000
2009/06/18,0,1215000,-1249000,-34000
2009/06/19,0,685000,-695000,-10000
2009/06/22,0,1951000,-905000,1046000
2009/06/23,0,794000,-1042000,-248000
2009/06/24,0,3671000,-1355000,2316000
2009/06/25,0,4832000,-2284000,2548000
2009/06/26,0,666000,-1528000,-862000
2009/06/29,0,1029000,-1221000,-192000
2009/06/30,0,1713000,-1434000,279000
2009/07/01,0,1460000,-898000,562000
2009/07/02,0,2007000,-2086000,-79000
2009/07/03,0,1850000,-261000,1589000
2009/07/06,0,951000,-1264000,-313000
2009/07/07,0,1858000,-475000,1383000
2009/07/08,0,585000,-1944000,-1359000
2009/07/09,0,3837000,-713000,3124000
2009/07/10,0,491000,-1123000,-632000
2009/07/13,0,1769000,-3018000,-1249000
2009/07/14,0,341000,-647000,-306000
2009/07/15,0,1934000,-491000,1443000
2009/07/16,0,847000,-1687000,-840000
2009/07/17,0,1053000,-829000,224000
2009/07/20,0,2510000,-1707000,803000
2009/07/21,0,1542000,-1015000,527000
2009/07/22,0,2377000,-1059000,1318000
2009/07/23,0,424503,-2224000,-1799497
2009/07/24,0,1499000,-506000,993000
2009/07/27,0,558000,-846000,-288000
2009/07/28,0,1580841,-759000,821841
2009/07/29,0,1657000,-1438000,219000
2009/07/30,0,1645000,-2336000,-691000
2009/07/31,0,401000,-1408000,-1007000
2009/08/03,0,659000,-1513000,-854000
2009/08/04,0,1344000,-1794000,-450000
2009/08/05,0,1199000,-1233000,-34000
2009/08/06,0,1704000,-1645000,59000
2009/08/07,0,0,0,0
2009/08/10,0,1503000,-2253000,-750000
2009/08/11,0,2073000,-2672000,-599000
2009/08/12,0,692000,-793000,-101000
2009/08/13,0,1811000,-747000,1064000
2009/08/14,0,663000,-670000,-7000
2009/08/17,0,485000,-949000,-464000
2009/08/18,0,1457000,-867000,590000
2009/08/19,0,1238000,-995000,243000
2009/08/20,0,663000,-998000,-335000
2009/08/21,0,528000,-731000,-203000
2009/08/24,0,798000,-2110000,-1312000
2009/08/25,0,790000,-458000,332000
2009/08/26,0,1380000,-680000,700000
2009/08/27,0,898000,-439000,459000
2009/08/28,0,1455000,-1861000,-406000
2009/08/31,0,398000,-420000,-22000
2009/09/01,0,1854000,-1667000,187000
2009/09/02,0,1642000,-2328000,-686000
2009/09/03,0,1468000,-758000,710000
2009/09/04,0,1501000,-1523000,-22000
2009/09/07,0,1083000,-610000,473000
2009/09/08,0,3061000,-1227000,1834000
2009/09/09,0,1007000,-1790000,-783000
2009/09/10,0,4189000,-2887000,1302000
2009/09/11,0,268000,-640000,-372000
2009/09/14,0,550000,-1397000,-847000
2009/09/15,0,959000,-443000,516000
2009/09/16,0,867000,-1379000,-512000
2009/09/17,0,1380000,-537000,843000
2009/09/18,0,492000,-361520,130480
2009/09/21,0,824000,-1352000,-528000
2009/09/22,0,495000,-2128000,-1633000
2009/09/23,0,486000,-2133751,-1647751
2009/09/24,0,415000,-543000,-128000
2009/09/25,0,906000,-760000,146000
2009/09/28,0,539000,-255532,283468
2009/09/29,0,1281000,-476000,805000
2009/09/30,0,563000,-874300,-311300
2009/10/01,0,2222000,-1727000,495000
2009/10/02,0,1168000,-1625000,-457000
2009/10/05,0,592000,-1062000,-470000
2009/10/06,0,1080000,-1618000,-538000
2009/10/07,0,875000,-2098000,-1223000
2009/10/08,0,210000,-2831000,-2621000
2009/10/09,0,856000,-688000,168000
2009/10/12,0,891000,-492000,399000
2009/10/13,0,1335000,-1090000,245000
2009/10/14,0,588000,-167000,421000
2009/10/15,0,1121000,-1054000,67000
2009/10/16,0,1502000,-1021000,481000
2009/10/19,0,387000,-448000,-61000
2009/10/20,0,408000,-1549000,-1141000
2009/10/21,0,405000,-1037789,-632789
2009/10/22,0,426000,-1263000,-837000
2009/10/23,0,481000,-369000,112000
2009/10/26,0,543000,-674000,-131000
2009/10/27,0,365000,-515000,-150000
2009/10/28,0,894000,-738000,156000
2009/10/29,0,1488000,-3270000,-1782000
2009/10/30,0,167000,-407000,-240000
2009/11/02,0,1128000,-819000,309000
2009/11/03,0,161000,-338000,-177000
2009/11/04,0,1813000,-191000,1622000
2009/11/05,0,548000,-399000,149000
2009/11/06,0,856000,-619000,237000
2009/11/09,0,1005000,-508000,497000
2009/11/10,0,289000,-354000,-65000
2009/11/11,0,1017000,-189000,828000
2009/11/12,0,228000,-298000,-70000
2009/11/13,0,876000,-901000,-25000
2009/11/16,0,1628000,-790000,838000
2009/11/17,0,433000,-2046000,-1613000
2009/11/18,0,803000,-966000,-163000
2009/11/19,0,1017000,-152000,865000
2009/11/20,0,436000,-996500,-560500
2009/11/23,0,387000,-128000,259000
2009/11/24,0,450000,-328000,122000
2009/11/25,0,811000,-991000,-180000
2009/11/26,0,831000,-616000,215000
2009/11/27,0,581000,-3303000,-2722000
2009/11/30,0,341000,-405817,-64817
2009/12/01,0,3015000,-432000,2583000
2009/12/02,0,724000,-1575000,-851000
2009/12/03,0,2624000,-892000,1732000
2009/12/04,0,690000,-546000,144000
2009/12/07,0,545000,-384000,161000
2009/12/08,0,441000,-235000,206000
2009/12/09,0,238000,-276000,-38000
2009/12/10,0,1021000,-1525000,-504000
2009/12/11,0,565000,-249739,315261
2009/12/14,0,354000,-546000,-192000
2009/12/15,0,158000,-542000,-384000
2009/12/16,0,555000,-1625000,-1070000
2009/12/17,0,152000,-1306000,-1154000
2009/12/18,0,263000,-563000,-300000
2009/12/21,0,271000,-320000,-49000
2009/12/22,0,685000,-435243,249757
2009/12/23,0,564000,-830000,-266000
2009/12/24,0,1260000,-471000,789000
2009/12/25,0,1579000,-50000,1529000
2009/12/28,0,663000,-361000,302000
2009/12/29,0,1699000,-365000,1334000
2009/12/30,0,642000,-807000,-165000
2009/12/31,0,1213000,-1126000,87000
2010/01/01,0,0,0,0
2010/01/04,0,299000,-1204000,-905000
2010/01/05,0,771000,-941000,-170000
2010/01/06,0,3121000,-589000,2532000
2010/01/07,0,1148000,-1033000,115000
2010/01/08,0,1166000,-328000,838000
2010/01/11,0,1211000,-516000,695000
2010/01/12,0,1252000,-1293000,-41000
2010/01/13,0,1097000,-1403000,-306000
2010/01/14,0,569000,-619048,-50048
2010/01/15,0,597000,-828000,-231000
2010/01/18,0,327000,-653000,-326000
2010/01/19,0,1003000,-3322000,-2319000
2010/01/20,0,493960,-1501000,-1007040
2010/01/21,0,369000,-1084000,-715000
2010/01/22,0,386000,-907000,-521000
2010/01/25,0,602000,-575000,27000
2010/01/26,0,488000,-2881000,-2393000
2010/01/27,0,447000,-1756000,-1309000
2010/01/28,0,264000,-548000,-284000
2010/01/29,0,673000,-1150000,-477000
2010/02/01,0,605000,-1096000,-491000
2010/02/02,0,363000,-1005000,-642000
2010/02/03,0,353000,-143000,210000
2010/02/04,0,138000,-445000,-307000
2010/02/05,0,420000,-1425000,-1005000
2010/02/08,0,980000,-38849,941151
2010/02/09,0,2602000,-118000,2484000
2010/02/10,0,743000,-754000,-11000
2010/02/11,0,0,0,0
2010/02/12,0,0,0,0
2010/02/15,0,0,0,0
2010/02/16,0,0,0,0
2010/02/17,0,0,0,0
2010/02/18,0,0,0,0
2010/02/19,0,0,0,0
2010/02/22,0,1828000,-974000,854000
2010/02/23,0,290000,-1089000,-799000
2010/02/24,0,672000,-577000,95000
2010/02/25,0,727000,-1409000,-682000
2010/02/26,0,678000,-218000,460000
2010/03/01,0,1525000,-775000,750000
2010/03/02,0,205000,-404000,-199000
2010/03/03,0,1967000,-173000,1794000
2010/03/04,0,1055000,-1528000,-473000
2010/03/05,0,745000,-667000,78000
2010/03/08,0,550000,-418000,132000
2010/03/09,0,45000,-294000,-249000
2010/03/10,0,265000,-82000,183000
2010/03/11,0,332000,-386000,-54000
2010/03/12,0,545000,-112000,433000
2010/03/15,0,506000,-1693000,-1187000
2010/03/16,0,484000,-635000,-151000
2010/03/17,0,1444000,-210000,1234000
2010/03/18,0,1954000,-238000,1716000
2010/03/19,0,1002000,-417000,585000
2010/03/22,0,610000,-675000,-65000
2010/03/23,0,661000,-168000,493000
2010/03/24,0,441000,-561183,-120183
2010/03/25,0,1827000,-311000,1516000
2010/03/26,0,762000,-409000,353000
2010/03/29,0,878000,-207000,671000
2010/03/30,0,351000,-288250,62750
2010/03/31,0,721000,-221525,499475
2010/04/01,0,762000,-250000,512000
2010/04/02,0,177000,-64000,113000
2010/04/05,0,0,0,0
2010/04/06,0,560000,-64000,496000
2010/04/07,0,116000,-720000,-604000
2010/04/08,0,2600000,-1774000,826000
2010/04/09,0,534000,-806149,-272149
2010/04/12,0,404000,-103000,301000
2010/04/13,0,183000,-1660000,-1477000
2010/04/14,0,348000,-108000,240000
2010/04/15,0,40000,-581000,-541000
2010/04/16,0,230000,-1414000,-1184000
2010/04/19,0,708000,-1629000,-921000
2010/04/20,0,174000,-2112000,-1938000
2010/04/21,0,116000,-327000,-211000
2010/04/22,0,522000,-1176000,-654000
2010/04/23,0,522000,-391000,131000
2010/04/26,0,778000,-437000,341000
2010/04/27,0,216000,-122000,94000
2010/04/28,0,315000,-371000,-56000
2010/04/29,0,529000,-158000,371000
2010/04/30,0,982000,-645000,337000
2010/05/03,0,616000,-261000,355000
2010/05/04,0,366000,-153000,213000
2010/05/05,0,476000,-313000,163000
2010/05/06,0,598000,-759000,-161000
2010/05/07,0,743000,-168000,575000
2010/05/10,0,256000,-641000,-385000
2010/05/11,0,671000,-1991000,-1320000
2010/05/12,0,741000,-245000,496000
2010/05/13,0,1897000,-908000,989000
2010/05/14,0,840000,-373000,467000
2010/05/17,0,621000,-1285000,-664000
2010/05/18,0,734000,-290000,444000
2010/05/19,0,1447000,-392000,1055000
2010/05/20,0,300000,-1578000,-1278000
2010/05/21,0,1080000,-2359000,-1279000
2010/05/24,0,296000,-103000,193000
2010/05/25,0,1498000,-1070000,428000
2010/05/26,0,983000,-1505000,-522000
2010/05/27,0,768000,-138000,630000
2010/05/28,0,35000,-300000,-265000
2010/05/31,0,90000,-10000,80000
2010/06/01,0,248000,-1438000,-1190000
2010/06/02,0,320000,-271000,49000
2010/06/03,0,178000,-45000,133000
2010/06/04,0,70000,-11000,59000
2010/06/07,0,738000,-421000,317000
2010/06/08,0,349000,-385000,-36000
2010/06/09,0,261000,-793000,-532000
2010/06/10,0,339000,-76000,263000
2010/06/11,0,335000,-358000,-23000
2010/06/14,0,322000,-169000,153000
2010/06/15,0,1122000,-437000,685000
2010/06/16,0,0,0,0
2010/06/17,0,1756000,-380000,1376000
2010/06/18,0,214000,-101000,113000
2010/06/21,0,512000,-269000,243000
2010/06/22,0,41000,-51000,-10000
2010/06/23,0,117000,-129000,-12000
2010/06/24,0,409000,-212000,197000
2010/06/25,0,1639000,-244000,1395000
2010/06/28,0,916000,-171000,745000
2010/06/29,0,1032000,-618828,413172
2010/06/30,0,486000,-368000,118000
2010/07/01,0,1331000,-260000,1071000
2010/07/02,0,845000,-455000,390000
2010/07/05,0,1552000,-181101,1370899
2010/07/06,0,578000,-1618000,-1040000
2010/07/07,0,319000,-396000,-77000
2010/07/08,0,547000,-537000,10000
2010/07/09,0,484000,-429000,55000
2010/07/12,0,268000,-643000,-375000
2010/07/13,0,17000,-240000,-223000
2010/07/14,0,166000,-573000,-407000
2010/07/15,0,597000,-481000,116000
2010/07/16,0,482000,-877000,-395000
2010/07/19,0,645000,-702000,-57000
2010/07/20,0,525000,-287000,238000
2010/07/21,0,249000,-751000,-502000
2010/07/22,0,780000,-54000,726000
2010/07/23,0,276000,-212000,64000
2010/07/26,0,157000,-128000,29000
2010/07/27,0,203000,-1012000,-809000
2010/07/28,0,626000,-122000,504000
2010/07/29,0,450100,-224000,226100
2010/07/30,0,358000,-205000,153000
2010/08/02,0,2671000,-676139,1994861
2010/08/03,0,4306000,-1232100,3073900
2010/08/04,0,1038000,-4021000,-2983000
2010/08/05,0,395000,-1190000,-795000
2010/08/06,0,363000,-467000,-104000
2010/08/09,0,279000,-399000,-120000
2010/08/10,0,543000,-1129000,-586000
2010/08/11,0,394000,-508000,-114000
2010/08/12,0,355000,-754000,-399000
2010/08/13,0,318000,-447000,-129000
2010/08/16,0,689000,-455000,234000
2010/08/17,0,291000,-748000,-457000
2010/08/18,0,90000,-1255000,-1165000
2010/08/19,0,205000,-341000,-136000
2010/08/20,0,207000,-478000,-271000
2010/08/23,0,1151000,-80000,1071000
2010/08/24,0,384000,-626000,-242000
2010/08/25,0,314000,-1550518,-1236518
2010/08/26,0,142000,-927000,-785000
2010/08/27,0,230000,-284000,-54000
2010/08/30,0,511000,-246000,265000
2010/08/31,0,220000,-240000,-20000
2010/09/01,0,172000,-387049,-215049
2010/09/02,0,199200,-513000,-313800
2010/09/03,0,378000,-235000,143000
2010/09/06,0,1005000,-419000,586000
2010/09/07,0,344000,-163000,181000
2010/09/08,0,395000,-607000,-212000
2010/09/09,0,322000,-466000,-144000
2010/09/10,0,928000,-205000,723000
2010/09/13,0,2193000,-652000,1541000
2010/09/14,0,248000,-593000,-345000
2010/09/15,0,1334000,-927000,407000
2010/09/16,0,1401000,-1365000,36000
2010/09/17,0,780000,-533000,247000
2010/09/20,0,242000,-189000,53000
2010/09/21,0,261000,-440000,-179000
2010/09/22,0,0,0,0
2010/09/23,0,302000,-435500,-133500
2010/09/24,0,1029750,-154000,875750
2010/09/27,0,574000,-645550,-71550
2010/09/28,0,304000,-258000,46000
2010/09/29,0,907000,-225363,681637
2010/09/30,0,623000,-250000,373000
2010/10/01,0,663000,-199000,464000
2010/10/04,0,1739000,-1858000,-119000
2010/10/05,0,1705000,-290000,1415000
2010/10/06,0,914000,-201000,713000
2010/10/07,0,1213000,-578618,634382
2010/10/08,0,957000,-968000,-11000
2010/10/11,0,187000,-682000,-495000
2010/10/12,0,558000,-1718000,-1160000
2010/10/13,0,302000,-1051135,-749135
2010/10/14,0,866000,-256000,610000
2010/10/15,0,604000,-64000,540000
2010/10/18,0,499000,-440000,59000
2010/10/19,0,78000,-371000,-293000
2010/10/20,0,294000,-570000,-276000
2010/10/21,0,539000,-393450,145550
2010/10/22,0,551000,-421000,130000
2010/10/25,0,2176000,-527000,1649000
2010/10/26,0,371000,-191000,180000
2010/10/27,0,566000,-307000,259000
2010/10/28,0,876000,-1124600,-248600
2010/10/29,0,214000,-266000,-52000
2010/11/01,0,2457000,-646000,1811000
2010/11/02,0,1795350,-252000,1543350
2010/11/03,0,711000,-867000,-156000
2010/11/04,0,1030000,-548000,482000
2010/11/05,0,1117050,-216000,901050
2010/11/08,0,1029000,-187000,842000
2010/11/09,0,421778,-505000,-83222
2010/11/10,0,330000,-214000,116000
2010/11/11,0,446000,-40000,406000
2010/11/12,0,67000,-1870000,-1803000
2010/11/15,0,43000,-710000,-667000
2010/11/16,0,783000,-143000,640000
2010/11/17,0,143000,-704000,-561000
2010/11/18,0,334000,-83000,251000
2010/11/19,0,254500,-845000,-590500
2010/11/22,0,654000,-80000,574000
2010/11/23,0,349000,-242000,107000
2010/11/24,0,1336000,-584000,752000
2010/11/25,0,274000,-246000,28000
2010/11/26,0,248000,-386000,-138000
2010/11/29,0,553000,-1245100,-692100
2010/11/30,0,188000,-332000,-144000
2010/12/01,0,3595000,-2330000,1265000
2010/12/02,0,1108000,-1532000,-424000
2010/12/03,0,352000,-1237000,-885000
2010/12/06,0,684000,-373000,311000
2010/12/07,0,414000,-628000,-214000
2010/12/08,0,205000,-1443000,-1238000
2010/12/09,0,948000,-1475000,-527000
2010/12/10,0,190000,-649000,-459000
2010/12/13,0,119000,-692000,-573000
2010/12/14,0,351000,-1200748,-849748
2010/12/15,0,755000,-882000,-127000
2010/12/16,0,530000,-521000,9000
2010/12/17,0,501000,-1078000,-577000
2010/12/20,0,1618000,-369000,1249000
2010/12/21,0,1949000,-808000,1141000
2010/12/22,0,352000,-460000,-108000
2010/12/23,0,1951000,-1117950,833050
2010/12/24,0,1683000,-1301500,381500
2010/12/27,0,2140000,-2825000,-685000
2010/12/28,0,521000,-1680000,-1159000
2010/12/29,0,2057000,-2675390,-618390
2010/12/30,0,1013000,-1450000,-437000
2010/12/31,0,10232000,-3427000,6805000
2011/01/03,0,3424000,-5109990,-1685990
2011/01/04,0,912000,-1688010,-776010
2011/01/05,0,3351000,-3091000,260000
2011/01/06,0,2209000,-3331000,-1122000
2011/01/07,0,669000,-2930000,-2261000
2011/01/10,0,1394000,-1056000,338000
2011/01/11,0,1429000,-1866000,-437000
2011/01/12,0,3450000,-2023000,1427000
2011/01/13,0,1792000,-3320000,-1528000
2011/01/14,0,380000,-1451000,-1071000
2011/01/17,0,413000,-1486942,-1073942
2011/01/18,0,1028000,-839000,189000
2011/01/19,0,209000,-1753000,-1544000
2011/01/20,0,461000,-333000,128000
2011/01/21,0,793000,-1459000,-666000
2011/01/24,0,130000,-1582000,-1452000
2011/01/25,0,662000,-490000,172000
2011/01/26,0,964000,-832000,132000
2011/01/27,0,842000,-951000,-109000
2011/01/28,0,2105000,-881000,1224000
2011/01/31,0,0,0,0
2011/02/01,0,0,0,0
2011/02/02,0,0,0,0
2011/02/03,0,0,0,0
2011/02/04,0,0,0,0
2011/02/07,0,0,0,0
2011/02/08,0,987000,-1086000,-99000
2011/02/09,0,384000,-719000,-335000
2011/02/10,0,971000,-4619000,-3648000
2011/02/11,0,738000,-5116000,-4378000
2011/02/14,0,871000,-721000,150000
2011/02/15,0,1126000,-1026071,99929
2011/02/16,0,1338000,-411000,927000
2011/02/17,0,190000,-1391000,-1201000
2011/02/18,0,1796000,-535465,1260535
2011/02/21,0,213000,-810000,-597000
2011/02/22,0,687000,-1443000,-756000
2011/02/23,0,1333000,-664000,669000
2011/02/24,0,1563000,-617000,946000
2011/02/25,0,3009000,-737000,2272000
2011/02/28,0,0,0,0
2011/03/01,0,1283000,-202000,1081000
2011/03/02,0,623000,-470813,152187
2011/03/03,0,2023000,-150000,1873000
2011/03/04,0,340000,-237000,103000
2011/03/07,0,630000,-206937,423063
2011/03/08,0,528000,-111000,417000
2011/03/09,0,551000,-319000,232000
2011/03/10,0,972000,-918000,54000
2011/03/11,0,740000,-1361926,-621926
2011/03/14,0,1342000,-2641000,-1299000
2011/03/15,0,3399000,-1656000,1743000
2011/03/16,0,1848000,-822000,1026000
2011/03/17,0,895000,-876000,19000
2011/03/18,0,1269000,-641000,628000
2011/03/21,0,615000,-635000,-20000
2011/03/22,0,1030000,-998000,32000
2011/03/23,0,301000,-862700,-561700
2011/03/24,0,146000,-150000,-4000
2011/03/25,0,547000,-697000,-150000
2011/03/28,0,921000,-53000,868000
2011/03/29,0,346000,-449972,-103972
2011/03/30,0,541000,-563000,-22000
2011/03/31,0,474000,-559000,-85000
2011/04/01,0,359000,-217000,142000
2011/04/04,0,0,0,0
2011/04/05,0,0,0,0
2011/04/06,0,481000,-282000,199000
2011/04/07,0,1320000,-295000,1025000
2011/04/08,0,897000,-849000,48000
2011/04/11,0,158000,-626396,-468396
2011/04/12,0,1301000,-338000,963000
2011/04/13,0,443000,-173000,270000
2011/04/14,0,327000,-210000,117000
2011/04/15,0,223000,-570000,-347000
2011/04/18,0,110000,-489517,-379517
2011/04/19,0,743000,-941000,-198000
2011/04/20,0,493000,-254000,239000
2011/04/21,0,2279600,-286000,1993600
2011/04/22,0,1372000,-622000,750000
2011/04/25,0,1992000,-688000,1304000
2011/04/26,0,369000,-1344000,-975000
2011/04/27,0,1546000,-777000,769000
2011/04/28,0,966300,-743000,223300
2011/04/29,0,1643000,-1267000,376000
2011/05/02,0,0,0,0
2011/05/03,0,1060000,-399636,660364
2011/05/04,0,845000,-589000,256000
2011/05/05,0,1365000,-654000,711000
2011/05/06,0,791000,-532000,259000
2011/05/09,0,796900,-347000,449900
2011/05/10,0,379000,-845000,-466000
2011/05/11,0,288000,-882372,-594372
2011/05/12,0,601000,-362000,239000
2011/05/13,0,751000,-258000,493000
2011/05/16,0,306000,-314000,-8000
2011/05/17,0,256000,-810000,-554000
2011/05/18,0,943000,-542000,401000
2011/05/19,0,1713000,-760744,952256
2011/05/20,0,656000,-948000,-292000
2011/05/23,0,372000,-1186943,-814943
2011/05/24,0,1083000,-368000,715000
2011/05/25,0,124000,-167000,-43000
2011/05/26,0,335000,-186000,149000
2011/05/27,0,1226000,-832000,394000
2011/05/30,0,587000,-255000,332000
2011/05/31,0,925000,-746000,179000
2011/06/01,0,737000,-344000,393000
2011/06/02,0,484000,-753000,-269000
2011/06/03,0,116000,-592000,-476000
2011/06/06,0,0,0,0
2011/06/07,0,271000,-272000,-1000
2011/06/08,0,14600,-310000,-295400
2011/06/09,0,311000,-132000,179000
2011/06/10,0,618000,-1179000,-561000
2011/06/13,0,592000,-345000,247000
2011/06/14,0,297000,-388000,-91000
2011/06/15,0,793000,-296000,497000
2011/06/16,0,558000,-1114000,-556000
2011/06/17,0,716000,-333000,383000
2011/06/20,0,640000,-205000,435000
2011/06/21,0,953000,-106000,847000
2011/06/22,0,394000,-272000,122000
2011/06/23,0,830000,-154000,676000
2011/06/24,0,745000,-945386,-200386
2011/06/27,0,1844000,-307000,1537000
2011/06/28,0,345000,-588647,-243647
2011/06/29,0,1639000,-991000,648000
2011/06/30,0,1076000,-1083000,-7000
2011/07/01,0,185000,-821000,-636000
2011/07/04,0,123000,-668000,-545000
2011/07/05,0,79000,-241000,-162000
2011/07/06,0,839000,-123000,716000
2011/07/07,0,1264000,-112000,1152000
2011/07/08,0,820000,-365000,455000
2011/07/11,0,456000,-627000,-171000
2011/07/12,0,606000,-329000,277000
2011/07/13,0,1337000,-170000,1167000
2011/07/14,0,1165000,-210000,955000
2011/07/15,0,1432000,-233000,1199000
2011/07/18,0,1070000,-492095,577905
2011/07/19,0,782000,-734000,48000
2011/07/20,0,1206000,-179000,1027000
2011/07/21,0,42000,-175000,-133000
2011/07/22,0,1529000,-288000,1241000
2011/07/25,0,764000,-378000,386000
2011/07/26,0,676000,-586000,90000
2011/07/27,0,2024980,-171501,1853479
2011/07/28,0,461000,-849000,-388000
2011/07/29,0,484000,-625000,-141000
2011/08/01,0,794001,-133000,661001
2011/08/02,0,288000,-566000,-278000
2011/08/03,0,1444000,-1566000,-122000
2011/08/04,0,1318000,-724000,594000
2011/08/05,0,3651000,-3625000,26000
2011/08/08,0,1978000,-2155000,-177000
2011/08/09,0,4014000,-524000,3490000
2011/08/10,0,603000,-1615000,-1012000
2011/08/11,0,3608000,-790000,2818000
2011/08/12,0,478000,-1989400,-1511400
2011/08/15,0,416000,-1160000,-744000
2011/08/16,0,491000,-213902,277098
2011/08/17,0,427720,-424000,3720
2011/08/18,0,666000,-990000,-324000
2011/08/19,0,1574000,-1445000,129000
2011/08/22,0,2276000,-172610,2103390
2011/08/23,0,988000,-464000,524000
2011/08/24,0,526000,-385000,141000
2011/08/25,0,516000,-686000,-170000
2011/08/26,0,648000,-444000,204000
2011/08/29,0,446000,-366000,80000
2011/08/30,0,126000,-836000,-710000
2011/08/31,0,77000,-362000,-285000
2011/09/01,0,1612000,-1562000,50000
2011/09/02,0,234000,-868000,-634000
2011/09/05,0,140000,-1579000,-1439000
2011/09/06,0,661000,-1145000,-484000
2011/09/07,0,1848720,-650000,1198720
2011/09/08,0,247000,-925000,-678000
2011/09/09,0,358000,-309000,49000
2011/09/12,0,0,0,0
2011/09/13,0,239000,-1008000,-769000
2011/09/14,0,1450000,-1187000,263000
2011/09/15,0,1197000,-210009,986991
2011/09/16,0,1356000,-72038,1283962
2011/09/19,0,183000,-554380,-371380
2011/09/20,0,572000,-636000,-64000
2011/09/21,0,731000,-79000,652000
2011/09/22,0,158000,-2592000,-2434000
2011/09/23,0,1931000,-611660,1319340
2011/09/26,0,2124000,-1778000,346000
2011/09/27,0,1654000,-129000,1525000
2011/09/28,0,145000,-1370000,-1225000
2011/09/29,0,187000,-755747,-568747
2011/09/30,0,146000,-182000,-36000
2011/10/03,0,184000,-1144000,-960000
2011/10/04,0,1283000,-119000,1164000
2011/10/05,0,619000,-102000,517000
2011/10/06,0,1240000,-140700,1099300
2011/10/07,0,302000,-120000,182000
2011/10/10,0,0,0,0
2011/10/11,0,925000,-912000,13000
2011/10/12,0,80000,-415000,-335000
2011/10/13,0,46000,-117000,-71000
2011/10/14,0,13000,-523000,-510000
2011/10/17,0,48500,-99340,-50840
2011/10/18,0,68000,-625670,-557670
2011/10/19,0,287000,-26000,261000
2011/10/20,0,387000,-306000,81000
2011/10/21,0,866000,-54000,812000
2011/10/24,0,1288420,-197000,1091420
2011/10/25,0,162000,-136000,26000
2011/10/26,0,1075000,-150000,925000
2011/10/27,0,700000,-117000,583000
2011/10/28,0,2174000,-223000,1951000
2011/10/31,0,101000,-256490,-155490
2011/11/01,0,318000,-400000,-82000
2011/11/02,0,612000,-413000,199000
2011/11/03,0,648000,-263000,385000
2011/11/04,0,820000,-34000,786000
2011/11/07,0,77000,-114000,-37000
2011/11/08,0,596000,-114000,482000
2011/11/09,0,544000,-238000,306000
2011/11/10,0,672000,-1217000,-545000
2011/11/11,0,352000,-233000,119000
2011/11/14,0,386045,-59000,327045
2011/11/15,0,98000,-57000,41000
2011/11/16,0,204000,-695000,-491000
2011/11/17,0,439000,-220000,219000
2011/11/18,0,1033000,-159000,874000
2011/11/21,0,1222000,-366000,856000
2011/11/22,0,1279000,-242000,1037000
2011/11/23,0,819000,-985000,-166000
2011/11/24,0,1001000,-214000,787000
2011/11/25,0,763000,-315000,448000
2011/11/28,0,371000,-222000,149000
2011/11/29,0,433000,-128000,305000
2011/11/30,0,164000,-970000,-806000
2011/12/01,0,1554000,-15000,1539000
2011/12/02,0,635000,-119000,516000
2011/12/05,0,231540,-229000,2540
2011/12/06,0,17000,-454000,-437000
2011/12/07,0,147000,-111000,36000
2011/12/08,0,82000,-485000,-403000
2011/12/09,0,109000,-379000,-270000
2011/12/12,0,116040,-130000,-13960
2011/12/13,0,49000,-278600,-229600
2011/12/14,0,106000,-136000,-30000
2011/12/15,0,249000,-592000,-343000
2011/12/16,0,501000,-256000,245000
2011/12/19,0,466000,-788000,-322000
2011/12/20,0,596000,-685000,-89000
2011/12/21,0,2000,-36000,-34000
2011/12/22,0,2293080,-598000,1695080
2011/12/23,0,341000,-171000,170000
2011/12/26,0,1205780,-166000,1039780
2011/12/27,0,736000,-80000,656000
2011/12/28,0,431342,-351342,80000
2011/12/29,0,652000,-313191,338809
2011/12/30,0,252000,-2624520,-2372520
2012/01/02,0,213000,-363000,-150000
2012/01/03,0,353000,-642000,-289000
2012/01/04,0,159000,-57000,102000
2012/01/05,0,370000,-101000,269000
2012/01/06,0,49000,-219000,-170000
2012/01/09,0,118000,-231879,-113879
2012/01/10,0,137000,-87000,50000
2012/01/11,0,52000,-236000,-184000
2012/01/12,0,195000,-27000,168000
2012/01/13,0,450000,-217000,233000
2012/01/16,0,96000,-1448000,-1352000
2012/01/17,0,262000,-104000,158000
2012/01/18,0,419000,-441000,-22000
2012/01/19,0,0,0,0
2012/01/20,0,0,0,0
2012/01/23,0,0,0,0
2012/01/24,0,0,0,0
2012/01/25,0,0,0,0
2012/01/26,0,0,0,0
2012/01/27,0,0,0,0
2012/01/30,0,475000,-275000,200000
2012/01/31,0,1672000,-560000,1112000
2012/02/01,0,568000,-1175000,-607000
2012/02/02,0,506000,-721000,-215000
2012/02/03,0,1086000,-1331000,-245000
2012/02/06,0,210000,-1320000,-1110000
2012/02/07,0,701000,-697000,4000
2012/02/08,0,647000,-628000,19000
2012/02/09,0,853600,-1317000,-463400
2012/02/10,0,4096200,-1672000,2424200
2012/02/13,0,1534000,-1408000,126000
2012/02/14,0,404000,-2296000,-1892000
2012/02/15,0,448000,-727000,-279000
2012/02/16,0,306000,-1312000,-1006000
2012/02/17,0,462000,-856000,-394000
2012/02/20,0,472000,-1926000,-1454000
2012/02/21,0,209000,-1474000,-1265000
2012/02/22,0,548000,-262000,286000
2012/02/23,0,137000,-675000,-538000
2012/02/24,0,339700,-763000,-423300
2012/02/27,0,0,0,0
2012/02/28,0,0,0,0
2012/02/29,0,1219000,-149000,1070000
2012/03/01,0,314022,-381000,-66978
2012/03/02,0,610000,-295000,315000
2012/03/05,0,78000,-1487000,-1409000
2012/03/06,0,696000,-759000,-63000
2012/03/07,0,219000,-585200,-366200
2012/03/08,0,276000,-781000,-505000
2012/03/09,0,238000,-1161000,-923000
2012/03/12,0,253000,-321455,-68455
2012/03/13,0,1615000,-227000,1388000
2012/03/14,0,1359000,-1398000,-39000
2012/03/15,0,725000,-763000,-38000
2012/03/16,0,900000,-1143000,-243000
2012/03/19,0,1547000,-1536000,11000
2012/03/20,0,285200,-1959000,-1673800
2012/03/21,0,130000,-474000,-344000
2012/03/22,0,838000,-389000,449000
2012/03/23,0,150000,-299000,-149000
2012/03/26,0,234000,-1159000,-925000
2012/03/27,0,177200,-339000,-161800
2012/03/28,0,538000,-720000,-182000
2012/03/29,0,639000,-920086,-281086
2012/03/30,0,429998,-426386,3612
2012/04/02,0,764000,-418000,346000
2012/04/03,0,238000,-613608,-375608
2012/04/04,0,0,0,0
2012/04/05,0,732000,-553000,179000
2012/04/06,0,201032,-154000,47032
2012/04/09,0,319000,-500763,-181763
2012/04/10,0,396000,-153000,243000
2012/04/11,0,249000,-135000,114000
2012/04/12,0,163000,-371000,-208000
2012/04/13,0,223000,-195000,28000
2012/04/16,0,328000,-199000,129000
2012/04/17,0,219000,-229000,-10000
2012/04/18,0,225000,-81000,144000
2012/04/19,0,374000,-101000,273000
2012/04/20,0,108000,-405000,-297000
2012/04/23,0,523000,-114000,409000
2012/04/24,0,97000,-256000,-159000
2012/04/25,0,512000,-54000,458000
2012/04/26,0,62000,-503000,-441000
2012/04/27,0,115000,-263509,-148509
2012/04/30,0,208000,-76000,132000
2012/05/01,0,0,0,0
2012/05/02,0,402000,-142000,260000
2012/05/03,0,103000,-202000,-99000
2012/05/04,0,112156,-281000,-168844
2012/05/07,0,87000,-374272,-287272
2012/05/08,0,72000,-110000,-38000
2012/05/09,0,307000,-116000,191000
2012/05/10,0,565000,-96000,469000
2012/05/11,0,525000,-278000,247000
2012/05/14,0,337000,-36000,301000
2012/05/15,0,970000,-110000,860000
2012/05/16,0,986000,-377000,609000
2012/05/17,0,199000,-43000,156000
2012/05/18,0,489000,-271000,218000
2012/05/21,0,573000,-45000,528000
2012/05/22,0,129000,-91000,38000
2012/05/23,0,959000,-160000,799000
2012/05/24,0,1052000,-85000,967000
2012/05/25,0,60000,-80000,-20000
2012/05/28,0,554000,-69000,485000
2012/05/29,0,651000,-168000,483000
2012/05/30,0,168000,-304000,-136000
2012/05/31,0,172000,-432000,-260000
2012/06/01,0,282000,-89000,193000
2012/06/04,0,1107000,-473000,634000
2012/06/05,0,160000,-295000,-135000
2012/06/06,0,7000,-149000,-142000
2012/06/07,0,27000,-139000,-112000
2012/06/08,0,6000,-76657,-70657
2012/06/11,0,378000,-34000,344000
2012/06/12,0,17000,-210000,-193000
2012/06/13,0,77000,-262000,-185000
2012/06/14,0,295000,-61000,234000
2012/06/15,0,363000,-88000,275000
2012/06/18,0,104000,-247000,-143000
2012/06/19,0,506000,-135000,371000
2012/06/20,0,457000,-156000,301000
2012/06/21,0,590000,-370000,220000
2012/06/22,0,41000,-82000,-41000
2012/06/25,0,21000,-294000,-273000
2012/06/26,0,62000,-83746,-21746
2012/06/27,0,416000,-134000,282000
2012/06/28,0,327000,-43147,283853
2012/06/29,0,1085000,-300000,785000
2012/07/02,0,4993000,-739463,4253537
2012/07/03,0,493000,-2644000,-2151000
2012/07/04,0,323000,-1085000,-762000
2012/07/05,0,90000,-397000,-307000
2012/07/06,0,69000,-705000,-636000
2012/07/09,0,36000,-297000,-261000
2012/07/10,0,143000,-217000,-74000
2012/07/11,0,153000,-256000,-103000
2012/07/12,0,40000,-65000,-25000
2012/07/13,0,512000,-1012000,-500000
2012/07/16,0,21000,-1072188,-1051188
2012/07/17,0,1018200,-37000,981200
2012/07/18,0,75000,-979000,-904000
2012/07/19,0,998000,-108000,890000
2012/07/20,0,284000,-305000,-21000
2012/07/23,0,387000,-498000,-111000
2012/07/24,0,1399000,-55000,1344000
2012/07/25,0,200000,-175000,25000
2012/07/26,0,656000,-179000,477000
2012/07/27,0,399000,-421000,-22000
2012/07/30,0,216000,-563000,-347000
2012/07/31,0,296000,-182000,114000
2012/08/01,0,26000,-146000,-120000
2012/08/02,0,0,0,0
2012/08/03,0,156000,-224000,-68000
2012/08/06,0,1258000,-39092,1218908
2012/08/07,0,3304000,-104000,3200000
2012/08/08,0,360000,-4126000,-3766000
2012/08/09,0,332000,-1485200,-1153200
2012/08/10,0,322000,-1111000,-789000
2012/08/13,0,258000,-74000,184000
2012/08/14,0,185000,-93000,92000
2012/08/15,0,423000,-377000,46000
2012/08/16,0,172000,-330000,-158000
2012/08/17,0,232000,-378000,-146000
2012/08/20,0,134000,-119000,15000
2012/08/21,0,505000,-51000,454000
2012/08/22,0,22000,-149000,-127000
2012/08/23,0,87000,-10000,77000
2012/08/24,0,136000,-296000,-160000
2012/08/27,0,78000,-546350,-468350
2012/08/28,0,96000,-392000,-296000
2012/08/29,0,314000,-18000,296000
2012/08/30,0,149000,-1356000,-1207000
2012/08/31,0,160000,-132000,28000
2012/09/03,0,11000,-377000,-366000
2012/09/04,0,157000,-582000,-425000
2012/09/05,0,336000,-368000,-32000
2012/09/06,0,40000,-157000,-117000
2012/09/07,0,19000,-157000,-138000
2012/09/10,0,113000,-565000,-452000
2012/09/11,0,6000,-577000,-571000
2012/09/12,0,68000,-58000,10000
2012/09/13,0,106000,-64000,42000
2012/09/14,0,1827000,-306000,1521000
2012/09/17,0,934000,-1754000,-820000
2012/09/18,0,1205000,-202000,1003000
2012/09/19,0,1718000,-591130,1126870
2012/09/20,0,698000,-553000,145000
2012/09/21,0,649000,-228000,421000
2012/09/24,0,1349000,-602000,747000
2012/09/25,0,259000,-679000,-420000
2012/09/26,0,1811000,-237578,1573422
2012/09/27,0,478000,-901000,-423000
2012/09/28,0,239000,-627000,-388000
2012/10/01,0,508000,-997600,-489600
2012/10/02,0,354000,-479000,-125000
2012/10/03,0,118000,-728700,-610700
2012/10/04,0,1298000,-333000,965000
2012/10/05,0,4212000,-1477000,2735000
2012/10/08,0,1574000,-2236000,-662000
2012/10/09,0,1597000,-924000,673000
2012/10/10,0,0,0,0
2012/10/11,0,823000,-1321607,-498607
2012/10/12,0,831000,-1567000,-736000
2012/10/15,0,780001,-271000,509001
2012/10/16,0,94999,-474000,-379001
2012/10/17,0,189000,-724000,-535000
2012/10/18,0,241000,-2117000,-1876000
2012/10/19,0,249000,-521000,-272000
2012/10/22,0,113000,-2254000,-2141000
2012/10/23,0,243000,-995000,-752000
2012/10/24,0,538000,-259000,279000
2012/10/25,0,664000,-212000,452000
2012/10/26,0,352000,-824000,-472000
2012/10/29,0,474000,-112000,362000
2012/10/30,0,1575000,-44197,1530803
2012/10/31,0,133000,-330000,-197000
2012/11/01,0,532000,-1082000,-550000
2012/11/02,0,624000,-538000,86000
2012/11/05,0,280000,-1400000,-1120000
2012/11/06,0,210044,-121000,89044
2012/11/07,0,322000,-227000,95000
2012/11/08,0,240000,-761000,-521000
2012/11/09,0,370000,-232000,138000
2012/11/12,0,292000,-88000,204000
2012/11/13,0,160000,-161044,-1044
2012/11/14,0,185000,-17000,168000
2012/11/15,0,420000,-225000,195000
2012/11/16,0,141000,-225000,-84000
2012/11/19,0,223000,-44000,179000
2012/11/20,0,67000,-115000,-48000
2012/11/21,0,244000,-464000,-220000
2012/11/22,0,1210000,-191000,1019000
2012/11/23,0,1386000,-910000,476000
2012/11/26,0,326000,-539000,-213000
2012/11/27,0,422000,-227000,195000
2012/11/28,0,316000,-239511,76489
2012/11/29,0,1027000,-142000,885000
2012/11/30,0,519000,-567000,-48000
2012/12/03,0,1049000,-1320000,-271000
2012/12/04,0,2977000,-183000,2794000
2012/12/05,0,1396000,-701000,695000
2012/12/06,0,405000,-574000,-169000
2012/12/07,0,283000,-82000,201000
2012/12/10,0,918000,-265000,653000
2012/12/11,0,1050000,-191500,858500
2012/12/12,0,474000,-724000,-250000
2012/12/13,0,713000,-234000,479000
2012/12/14,0,214000,-593000,-379000
2012/12/17,0,58000,-239000,-181000
2012/12/18,0,84000,-167000,-83000
2012/12/19,0,4684000,-1058000,3626000
2012/12/20,0,346000,-3296000,-2950000
2012/12/21,0,424000,-2205000,-1781000
2012/12/24,0,74000,-629000,-555000
2012/12/25,0,499000,-220000,279000
2012/12/26,0,268000,-688029,-420029
2012/12/27,0,325004,-314000,11004
2012/12/28,0,290000,-926000,-636000
2012/12/31,0,0,0,0
2013/01/01,0,0,0,0
2013/01/02,0,903000,-50000,853000
2013/01/03,0,1221000,-268200,952800
2013/01/04,0,454000,-578000,-124000
2013/01/07,0,193000,-242000,-49000
2013/01/08,0,174000,-527000,-353000
2013/01/09,0,482000,-201000,281000
2013/01/10,0,1310000,-306000,1004000
2013/01/11,0,758000,-701000,57000
2013/01/14,0,252000,-898000,-646000
2013/01/15,0,360000,-376000,-16000
2013/01/16,0,61000,-759000,-698000
2013/01/17,0,890000,-1632000,-742000
2013/01/18,0,151000,-266000,-115000
2013/01/21,0,479000,-212000,267000
2013/01/22,0,527000,-461000,66000
2013/01/23,0,232000,-613000,-381000
2013/01/24,0,74000,-716000,-642000
2013/01/25,0,291000,-334000,-43000
2013/01/28,0,278000,-403000,-125000
2013/01/29,0,168820,-404000,-235180
2013/01/30,0,557000,-816000,-259000
2013/01/31,0,455000,-706000,-251000
2013/02/01,0,342000,-436000,-94000
2013/02/04,0,2832000,-986000,1846000
2013/02/05,0,358000,-2048000,-1690000
2013/02/06,0,1351000,-2391000,-1040000
2013/02/07,0,0,0,0
2013/02/08,0,0,0,0
2013/02/11,0,0,0,0
2013/02/12,0,0,0,0
2013/02/13,0,0,0,0
2013/02/14,0,0,0,0
2013/02/15,0,0,0,0
2013/02/18,0,3621180,-1861000,1760180
2013/02/19,0,1212000,-2481000,-1269000
2013/02/20,0,1381000,-2708000,-1327000
2013/02/21,0,1255000,-1092000,163000
2013/02/22,0,2183000,-1334000,849000
2013/02/25,0,2320000,-3055000,-735000
2013/02/26,0,1205000,-1592000,-387000
2013/02/27,0,636000,-629000,7000
2013/02/28,0,0,0,0
2013/03/01,0,1086000,-605000,481000
2013/03/04,0,1136000,-1133000,3000
2013/03/05,0,7612988,-2206000,5406988
2013/03/06,0,1175000,-3237000,-2062000
2013/03/07,0,3676002,-3165000,511002
2013/03/08,0,2962010,-8755000,-5792990
2013/03/11,0,2902000,-3022000,-120000
2013/03/12,0,1239000,-3289000,-2050000
2013/03/13,0,2913000,-1402149,1510851
2013/03/14,0,1477000,-2662000,-1185000
2013/03/15,0,1527000,-3325000,-1798000
2013/03/18,0,2719000,-2272000,447000
2013/03/19,0,3170000,-2077000,1093000
2013/03/20,0,4774000,-4007500,766500
2013/03/21,0,1695000,-2454000,-759000
2013/03/22,0,937000,-1178000,-241000
2013/03/25,0,649000,-1043000,-394000
2013/03/26,0,827000,-599000,228000
2013/03/27,0,867000,-759000,108000
2013/03/28,0,973000,-1474622,-501622
2013/03/29,0,1507000,-394000,1113000
2013/04/01,0,1398000,-1728000,-330000
2013/04/02,0,1346000,-3306000,-1960000
2013/04/03,0,1009000,-1312000,-303000
2013/04/04,0,0,0,0
2013/04/05,0,0,0,0
2013/04/08,0,770000,-1649000,-879000
2013/04/09,0,881000,-443000,438000
2013/04/10,0,1715000,-637000,1078000
2013/04/11,0,1711000,-995000,716000
2013/04/12,0,673000,-1152000,-479000
2013/04/15,0,253000,-1558000,-1305000
2013/04/16,0,627000,-428000,199000
2013/04/17,0,1208000,-1001000,207000
2013/04/18,0,836000,-631000,205000
2013/04/19,0,2123000,-679000,1444000
2013/04/22,0,4062000,-1945000,2117000
2013/04/23,0,605000,-573000,32000
2013/04/24,0,1614000,-962000,652000
2013/04/25,0,89000,-1085000,-996000
2013/04/26,0,1014000,-1600000,-586000
2013/04/29,0,355000,-885000,-530000
2013/04/30,0,3821000,-628000,3193000
2013/05/01,0,0,0,0
2013/05/02,0,1994000,-611000,1383000
2013/05/03,0,2234000,-1448000,786000
2013/05/06,0,1415000,-6469000,-5054000
2013/05/07,0,451000,-1032000,-581000
2013/05/08,0,1179000,-1044000,135000
2013/05/09,0,620000,-821000,-201000
2013/05/10,0,762000,-972000,-210000
2013/05/13,0,280000,-1338000,-1058000
2013/05/14,0,465000,-715000,-250000
2013/05/15,0,1691000,-825000,866000
2013/05/16,0,3779000,-1010000,2769000
2013/05/17,0,1774000,-1372000,402000
2013/05/20,0,5257200,-1722000,3535200
2013/05/21,0,574000,-4532000,-3958000
2013/05/22,0,396000,-1209000,-813000
2013/05/23,0,267000,-3369000,-3102000
2013/05/24,0,680993,-1624000,-943007
2013/05/27,0,943000,-363000,580000
2013/05/28,0,420000,-492992,-72992
2013/05/29,0,889000,-492000,397000
2013/05/30,0,445000,-1520049,-1075049
2013/05/31,0,1366000,-808000,558000
2013/06/03,0,337000,-444000,-107000
2013/06/04,0,520000,-588000,-68000
2013/06/05,0,2074000,-719000,1355000
2013/06/06,0,393000,-716000,-323000
2013/06/07,0,169000,-830000,-661000
2013/06/10,0,290000,-949000,-659000
2013/06/11,0,2017000,-1058000,959000
2013/06/12,0,0,0,0
2013/06/13,0,199000,-1094000,-895000
2013/06/14,0,340000,-1217000,-877000
2013/06/17,0,2025000,-233000,1792000
2013/06/18,0,416000,-1397000,-981000
2013/06/19,0,902000,-1133000,-231000
2013/06/20,0,457000,-1206270,-749270
2013/06/21,0,2202800,-911000,1291800
2013/06/24,0,1584000,-1202000,382000
2013/06/25,0,1803985,-1954000,-150015
2013/06/26,0,216000,-3313350,-3097350
2013/06/27,0,999000,-677000,322000
2013/06/28,0,160000,-1102000,-942000
2013/07/01,0,343000,-788000,-445000
2013/07/02,0,196000,-783000,-587000
2013/07/03,0,269000,-2238000,-1969000
2013/07/04,0,629000,-432000,197000
2013/07/05,0,857000,-67986,789014
2013/07/08,0,300000,-928000,-628000
2013/07/09,0,4314000,-593000,3721000
2013/07/10,0,968000,-3518000,-2550000
2013/07/11,0,3546979,-786000,2760979
2013/07/12,0,1635000,-1516000,119000
2013/07/15,0,843000,-2580000,-1737000
2013/07/16,0,1521000,-637000,884000
2013/07/17,0,5874000,-528000,5346000
2013/07/18,0,3515000,-3864941,-349941
2013/07/19,0,1830000,-3585000,-1755000
2013/07/22,0,420980,-538000,-117020
2013/07/23,0,2817988,-1853000,964988
2013/07/24,0,1653997,-1803000,-149003
2013/07/25,0,1355000,-843000,512000
2013/07/26,0,1298000,-317000,981000
2013/07/29,0,649000,-873000,-224000
2013/07/30,0,2204000,-1273000,931000
2013/07/31,0,624000,-1241000,-617000
2013/08/01,0,1128000,-1045000,83000
2013/08/02,0,1385990,-327000,1058990
2013/08/05,0,586980,-189000,397980
2013/08/06,0,748000,-1922000,-1174000
2013/08/07,0,776000,-1295000,-519000
2013/08/08,0,263000,-2181000,-1918000
2013/08/09,0,461994,-3009000,-2547006
2013/08/12,0,1776000,-2403000,-627000
2013/08/13,0,168062,-1097000,-928938
2013/08/14,0,725986,-610000,115986
2013/08/15,0,998000,-694000,304000
2013/08/16,0,1013000,-603328,409672
2013/08/19,0,261000,-249000,12000
2013/08/20,0,589994,-368000,221994
2013/08/21,0,0,0,0
2013/08/22,0,1137000,-2144000,-1007000
2013/08/23,0,191000,-465000,-274000
2013/08/26,0,87000,-129000,-42000
2013/08/27,0,1460000,-218000,1242000
2013/08/28,0,1342240,-1750000,-407760
2013/08/29,0,1445000,-292000,1153000
2013/08/30,0,638352,-1063000,-424648
2013/09/02,0,459000,-223000,236000
2013/09/03,0,519000,-308000,211000
2013/09/04,0,697975,-532000,165975
2013/09/05,0,163442,-610000,-446558
2013/09/06,0,225000,-192000,33000
2013/09/09,0,39000,-2250000,-2211000
2013/09/10,0,43679,-310000,-266321
2013/09/11,0,483000,-1608000,-1125000
2013/09/12,0,4258000,-1220118,3037882
2013/09/13,0,353000,-1215011,-862011
2013/09/16,0,370000,-1726906,-1356906
2013/09/17,0,44000,-791000,-747000
2013/09/18,0,862047,-596324,265723
2013/09/19,0,0,0,0
2013/09/20,0,0,0,0
2013/09/23,0,756497,-1133000,-376503
2013/09/24,0,153000,-1299000,-1146000
2013/09/25,0,56000,-1006000,-950000
2013/09/26,0,211000,-744051,-533051
2013/09/27,0,167000,-610000,-443000
2013/09/30,0,89000,-202000,-113000
2013/10/01,0,287000,-173000,114000
2013/10/02,0,20000,-353000,-333000
2013/10/03,0,6038000,-288000,5750000
2013/10/04,0,3295000,-1007000,2288000
2013/10/07,0,2522000,-1138503,1383497
2013/10/08,0,5152000,-1565000,3587000
2013/10/09,0,5371000,-6201591,-830591
2013/10/10,0,0,0,0
2013/10/11,0,751583,-4957000,-4205417
2013/10/14,0,1689000,-2041000,-352000
2013/10/15,0,1167000,-2357401,-1190401
2013/10/16,0,1075011,-1670000,-594989
2013/10/17,0,522000,-2281000,-1759000
2013/10/18,0,349000,-700000,-351000
2013/10/21,0,683000,-443167,239833
2013/10/22,0,2644000,-489076,2154924
2013/10/23,0,771110,-4080000,-3308890
2013/10/24,0,1035000,-428648,606352
2013/10/25,0,1242000,-2785000,-1543000
2013/10/28,0,2437000,-1255000,1182000
2013/10/29,0,1229000,-1446000,-217000
2013/10/30,0,6300000,-717113,5582887
2013/10/31,0,2007000,-7358000,-5351000
2013/11/01,0,842000,-3473000,-2631000
2013/11/04,0,162000,-1031451,-869451
2013/11/05,0,859000,-403000,456000
2013/11/06,0,2914000,-565000,2349000
2013/11/07,0,619000,-1117000,-498000
2013/11/08,0,444387,-2240000,-1795613
2013/11/11,0,395000,-238000,157000
2013/11/12,0,924000,-408000,516000
2013/11/13,0,207000,-503000,-296000
2013/11/14,0,619000,-228000,391000
2013/11/15,0,1822000,-1924000,-102000
2013/11/18,0,4146000,-1426000,2720000
2013/11/19,0,1604993,-2070000,-465007
2013/11/20,0,2990000,-753000,2237000
2013/11/21,0,580000,-1361000,-781000
2013/11/22,0,2333000,-2371000,-38000
2013/11/25,0,2364000,-2440000,-76000
2013/11/26,0,1471000,-1810000,-339000
2013/11/27,0,567000,-1001000,-434000
2013/11/28,0,1028880,-514000,514880
2013/11/29,0,393000,-463000,-70000
2013/12/02,0,384000,-519000,-135000
2013/12/03,0,403000,-275000,128000
2013/12/04,0,1385000,-400000,985000
2013/12/05,0,462000,-941000,-479000
2013/12/06,0,2121225,-963000,1158225
2013/12/09,0,656156,-1580000,-923844
2013/12/10,0,526000,-483260,42740
2013/12/11,0,3797000,-2039000,1758000
2013/12/12,0,720000,-1344378,-624378
2013/12/13,0,894000,-1405000,-511000
2013/12/16,0,214000,-225030,-11030
2013/12/17,0,227000,-494726,-267726
2013/12/18,0,382000,-1148233,-766233
2013/12/19,0,1294833,-1495000,-200167
2013/12/20,0,513000,-273000,240000
2013/12/23,0,2762000,-701000,2061000
2013/12/24,0,572000,-738611,-166611
2013/12/25,0,728000,-741000,-13000
2013/12/26,0,549000,-732000,-183000
2013/12/27,0,1144000,-933000,211000
2013/12/30,0,6294000,-1336576,4957424
2013/12/31,0,1116000,-3702029,-2586029
2014/01/02,0,2263000,-2102486,160514
2014/01/03,0,995000,-2571000,-1576000
2014/01/06,0,909000,-2488000,-1579000
2014/01/07,0,765000,-855572,-90572
2014/01/08,0,702000,-1580000,-878000
2014/01/09,0,373000,-1205000,-832000
2014/01/10,0,1030000,-758000,272000
2014/01/13,0,1759000,-843000,916000
2014/01/14,0,927000,-2762000,-1835000
2014/01/15,0,1824000,-1346000,478000
2014/01/16,0,1028000,-848000,180000
2014/01/17,0,382000,-432000,-50000
2014/01/20,0,585000,-713000,-128000
2014/01/21,0,3144000,-1020000,2124000
2014/01/22,0,692000,-1258000,-566000
2014/01/23,0,394000,-798000,-404000
2014/01/24,0,1411000,-721000,690000
2014/01/27,0,153000,-2294000,-2141000
2014/02/05,0,530000,-1455000,-925000
2014/02/06,0,729000,-248981,480019
2014/02/07,0,485000,-983000,-498000
2014/02/10,0,235000,-498000,-263000
2014/02/11,0,313000,-353000,-40000
2014/02/12,0,738000,-318000,420000
2014/02/13,0,415000,-906000,-491000
2014/02/14,0,500000,-2434366,-1934366
2014/02/17,0,296000,-91000,205000
2014/02/18,0,633000,-300227,332773
2014/02/19,0,652000,-441000,211000
2014/02/20,0,371000,-429000,-58000
2014/02/21,0,348000,-478000,-130000
2014/02/24,0,866000,-1132000,-266000
2014/02/25,0,1875000,-210765,1664235
2014/02/26,0,482000,-2092550,-1610550
2014/02/27,0,60000,-287000,-227000
2014/03/03,0,149000,-983355,-834355
2014/03/04,0,1336000,-126000,1210000
2014/03/05,0,856000,-440000,416000
2014/03/06,0,757000,-609000,148000
2014/03/07,0,990000,-921000,69000
2014/03/10,0,209000,-127000,82000
2014/03/11,0,478000,-270000,208000
2014/03/12,0,301000,-362000,-61000
2014/03/13,0,3510000,-557000,2953000
2014/03/14,0,514000,-790000,-276000
2014/03/17,0,372000,-680000,-308000
2014/03/18,0,882000,-292000,590000
2014/03/19,0,92000,-1887260,-1795260
2014/03/20,0,131000,-1514000,-1383000
2014/03/21,0,337000,-480000,-143000
2014/03/24,0,416000,-439000,-23000
2014/03/25,0,878000,-258000,620000
2014/03/26,0,941543,-267000,674543
2014/03/27,0,357062,-130000,227062
2014/03/28,0,23000,-400000,-377000
2014/03/31,0,113000,-1103000,-990000
2014/04/01,0,838000,-592000,246000
2014/04/02,0,693000,-137000,556000
2014/04/03,0,2157000,-206000,1951000
2014/04/07,0,241000,-496000,-255000
2014/04/08,0,955107,-324000,631107
2014/04/09,0,758000,-243000,515000
2014/04/10,0,1502000,-1021000,481000
2014/04/11,0,1089000,-2011000,-922000
2014/04/14,0,800000,-339000,461000
2014/04/15,0,724000,-244000,480000
2014/04/16,0,452000,-2111000,-1659000
2014/04/17,0,171000,-349000,-178000
2014/04/18,0,133000,-631000,-498000
2014/04/21,0,522000,-308000,214000
2014/04/22,0,1300000,-429000,871000
2014/04/23,0,405000,-2540000,-2135000
2014/04/24,0,88000,-333000,-245000
2014/04/25,0,178000,-2616000,-2438000
2014/04/28,0,1022000,-43000,979000
2014/04/29,0,538000,-572000,-34000
2014/04/30,0,156000,-804000,-648000
2014/05/02,0,278000,-651000,-373000
2014/05/05,0,411000,-537000,-126000
2014/05/06,0,3135000,-1113607,2021393
2014/05/07,0,491000,-1147000,-656000
2014/05/08,0,4400355,-1003017,3397338
2014/05/09,0,421000,-2868000,-2447000
2014/05/12,0,501000,-366000,135000
2014/05/13,0,248000,-250000,-2000
2014/05/14,0,470000,-118000,352000
2014/05/15,0,385000,-124000,261000
2014/05/16,0,3792000,-547000,3245000
2014/05/19,0,111116,-1730000,-1618884
2014/05/20,0,153000,-1313000,-1160000
2014/05/21,0,487000,-1285000,-798000
2014/05/22,0,872000,-422000,450000
2014/05/23,0,1689000,-398000,1291000
2014/05/26,0,357000,-643000,-286000
2014/05/27,0,426000,-134000,292000
2014/05/28,0,5207000,-1063000,4144000
2014/05/29,0,1101000,-2920000,-1819000
2014/05/30,0,193000,-1312000,-1119000
2014/06/03,0,268000,-733000,-465000
2014/06/04,0,305000,-452000,-147000
2014/06/05,0,120222,-244000,-123778
2014/06/06,0,21000,-789000,-768000
2014/06/09,0,194075,-414000,-219925
2014/06/10,0,1830000,-390000,1440000
2014/06/11,0,338000,-1218000,-880000
2014/06/12,0,187234,-270000,-82766
2014/06/13,0,58000,-962000,-904000
2014/06/16,0,226000,-1034000,-808000
2014/06/17,0,657000,-499000,158000
2014/06/18,0,718000,-1295000,-577000
2014/06/19,0,2896000,-440000,2456000
2014/06/20,0,864000,-821000,43000
2014/06/23,0,5281000,-1371000,3910000
2014/06/24,0,672000,-5096000,-4424000
2014/06/25,0,439000,-1011000,-572000
2014/06/26,0,696000,-600190,95810
2014/06/27,0,46000,-809000,-763000
2014/06/30,0,1483000,-531000,952000
2014/07/01,0,440000,-132000,308000
2014/07/02,0,296000,-1056000,-760000
2014/07/03,0,94000,-159000,-65000
2014/07/04,0,647000,-85000,562000
2014/07/07,0,44000,-431000,-387000
2014/07/08,0,3613000,-350000,3263000
2014/07/09,0,902000,-2166000,-1264000
2014/07/10,0,4943000,-979000,3964000
2014/07/11,0,1134000,-2889000,-1755000
2014/07/14,0,3697000,-1163000,2534000
2014/07/15,0,1379769,-4941000,-3561231
2014/07/16,0,1816000,-3156000,-1340000
2014/07/17,0,1976000,-429000,1547000
2014/07/18,0,1358000,-1077000,281000
2014/07/21,0,1373000,-1836827,-463827
2014/07/22,0,2516000,-930000,1586000
2014/07/23,0,0,0,0
2014/07/24,0,4305000,-2043000,2262000
2014/07/25,0,1988000,-4355000,-2367000
2014/07/28,0,5375000,-956244,4418756
2014/07/29,0,2213000,-5865000,-3652000
2014/07/30,0,1034000,-3086000,-2052000
2014/07/31,0,1455000,-1689000,-234000
2014/08/01,0,315000,-1884000,-1569000
2014/08/04,0,696000,-407000,289000
2014/08/05,0,545000,-4310550,-3765550
2014/08/06,0,1261000,-1786000,-525000
2014/08/07,0,1024000,-927000,97000
2014/08/08,0,1202000,-970000,232000
2014/08/11,0,862000,-386000,476000
2014/08/12,0,1022000,-1141000,-119000
2014/08/13,0,745000,-1309000,-564000
2014/08/14,0,119000,-1529000,-1410000
2014/08/15,0,406000,-258000,148000
2014/08/18,0,255000,-377000,-122000
2014/08/19,0,332000,-319000,13000
2014/08/20,0,3402000,-1019000,2383000
2014/08/21,0,428000,-1358000,-930000
2014/08/22,0,3304000,-1399000,1905000
2014/08/25,0,822000,-1366000,-544000
2014/08/26,0,1447000,-930000,517000
2014/08/27,0,1238000,-1380000,-142000
2014/08/28,0,873000,-460000,413000
2014/08/29,0,670000,-307000,363000
2014/09/01,0,960000,-965000,-5000
2014/09/02,0,802000,-760000,42000
2014/09/03,0,1256000,-609500,646500
2014/09/04,0,203000,-173000,30000
2014/09/05,0,631000,-634000,-3000
2014/09/09,0,473000,-1090500,-617500
2014/09/10,0,639000,-2999000,-2360000
2014/09/11,0,21800,-1233000,-1211200
2014/09/12,0,50000,-1531952,-1481952
2014/09/15,0,388000,-1611200,-1223200
2014/09/16,0,173000,-994700,-821700
2014/09/17,0,1426200,-501000,925200
2014/09/18,0,316000,-341500,-25500
2014/09/19,0,289000,-54000,235000
2014/09/22,0,486000,-1066000,-580000
2014/09/23,0,603000,-276000,327000
2014/09/24,0,1087000,-227968,859032
2014/09/25,0,288000,-833000,-545000
2014/09/26,0,1330000,-445000,885000
2014/09/29,0,418000,-341000,77000
2014/09/30,0,1081000,-637000,444000
2014/10/01,0,1560000,-750000,810000
2014/10/02,0,1248000,-809500,438500
2014/10/03,0,1469000,-928000,541000
2014/10/06,0,714000,-795000,-81000
2014/10/07,0,600000,-837000,-237000
2014/10/08,0,358000,-638000,-280000
2014/10/09,0,772000,-1097000,-325000
2014/10/13,0,571500,-1854000,-1282500
2014/10/14,0,730000,-1159000,-429000
2014/10/15,0,504000,-1615000,-1111000
2014/10/16,0,1247000,-668500,578500
2014/10/17,0,116000,-2231000,-2115000
2014/10/20,0,1147000,-86000,1061000
2014/10/21,0,658000,-746000,-88000
2014/10/22,0,1443127,-401000,1042127
2014/10/23,0,566000,-133000,433000
2014/10/24,0,393000,-574000,-181000
2014/10/27,0,506000,-707000,-201000
2014/10/28,0,5564000,-667000,4897000
2014/10/29,0,1963000,-4011000,-2048000
2014/10/30,0,491000,-629000,-138000
2014/10/31,0,398000,-879000,-481000
2014/11/03,0,1205000,-445000,760000
2014/11/04,0,1662000,-627000,1035000
2014/11/05,0,927000,-488000,439000
2014/11/06,0,543000,-518946,24054
2014/11/07,0,381000,-1565000,-1184000
2014/11/10,0,1866000,-760000,1106000
2014/11/11,0,577000,-2549000,-1972000
2014/11/12,0,297000,-1638600,-1341600
2014/11/13,0,161000,-1547000,-1386000
2014/11/14,0,259000,-809550,-550550
2014/11/17,0,282000,-243000,39000
2014/11/18,0,286000,-921000,-635000
2014/11/19,0,276000,-387000,-111000
2014/11/20,0,2246000,-63000,2183000
2014/11/21,0,1477000,-199000,1278000
2014/11/24,0,1211000,-271000,940000
2014/11/25,0,107000,-817000,-710000
2014/11/26,0,364000,-172000,192000
2014/11/27,0,896000,-385000,511000
2014/11/28,0,282000,-565000,-283000
2014/12/01,0,1041000,-2664000,-1623000
2014/12/02,0,1471000,-1369000,102000
2014/12/03,0,893000,-1017999,-124999
2014/12/04,0,43000,-366191,-323191
2014/12/05,0,1234000,-105112,1128888
2014/12/08,0,314000,-322000,-8000
2014/12/09,0,157000,-318000,-161000
2014/12/10,0,441000,-799000,-358000
2014/12/11,0,177000,-671950,-494950
2014/12/12,0,1163000,-346000,817000
2014/12/15,0,195000,-915000,-720000
2014/12/16,0,562000,-359000,203000
2014/12/17,0,649000,-1669300,-1020300
2014/12/18,0,484000,-2240000,-1756000
2014/12/19,0,2383000,-535000,1848000
2014/12/22,0,1388000,-159000,1229000
2014/12/23,0,522000,-318000,204000
2014/12/24,0,409000,-174000,235000
2014/12/25,0,278000,-75000,203000
2014/12/26,0,372000,-67000,305000
2014/12/29,0,310000,-89000,221000
2014/12/30,0,487000,-91000,396000
2014/12/31,0,322000,-567000,-245000
2015/01/01,0,0,0,0
2015/01/02,0,0,0,0
2015/01/05,0,217000,-435000,-218000
2015/01/06,0,271000,-1368008,-1097008
2015/01/07,0,667000,-108000,559000
2015/01/08,0,1220000,-162880,1057120
2015/01/09,0,1115000,-178000,937000
2015/01/12,0,175000,-197809,-22809
2015/01/13,0,1371000,-161000,1210000
2015/01/14,0,54000,-551000,-497000
2015/01/15,0,30000,-904000,-874000
2015/01/16,0,197000,-1717125,-1520125
2015/01/19,0,168000,-192000,-24000
2015/01/20,0,896000,-267000,629000
2015/01/21,0,864000,-482075,381925
2015/01/22,0,3777000,-163000,3614000
2015/01/23,0,3308000,-1535000,1773000
2015/01/26,0,195000,-2295000,-2100000
2015/01/27,0,909000,-319000,590000
2015/01/28,0,297000,-803000,-506000
2015/01/29,0,130000,-187000,-57000
2015/01/30,0,230000,-197000,33000
2015/02/02,0,888000,-133000,755000
2015/02/03,0,272000,-195000,77000
2015/02/04,0,2586000,-924000,1662000
2015/02/05,0,273000,-265101,7899
2015/02/06,0,224000,-907000,-683000
2015/02/09,0,44000,-583000,-539000
2015/02/10,0,2701000,-1977000,724000
2015/02/11,0,606000,-2527000,-1921000
2015/02/12,0,769000,-431000,338000
2015/02/13,0,532000,-1628000,-1096000
2015/02/16,0,0,0,0
2015/02/17,0,0,0,0
2015/02/18,0,0,0,0
2015/02/19,0,0,0,0
2015/02/20,0,0,0,0
2015/02/23,0,0,0,0
2015/02/24,0,1122000,-1055000,67000
2015/02/25,0,124000,-1131000,-1007000
2015/02/26,0,131000,-2259000,-2128000
2015/02/27,0,0,0,0
2015/03/02,0,336000,-2000,334000
2015/03/03,0,27000,-210000,-183000
2015/03/04,0,302000,-448195,-146195
2015/03/05,0,110000,-353101,-243101
2015/03/06,0,271000,-71000,200000
2015/03/09,0,67000,-92729,-25729
2015/03/10,0,551000,-173000,378000
2015/03/11,0,3891000,-568000,3323000
2015/03/12,0,363549,-2835000,-2471451
2015/03/13,0,168000,-1176000,-1008000
2015/03/16,0,325000,-331000,-6000
2015/03/17,0,40000,-809101,-769101
2015/03/18,0,513000,-144000,369000
2015/03/19,0,4173000,-363000,3810000
2015/03/20,0,1567000,-2536000,-969000
2015/03/23,0,1755000,-1538000,217000
2015/03/24,0,615000,-2285000,-1670000
2015/03/25,0,625000,-854000,-229000
2015/03/26,0,974000,-453000,521000
2015/03/27,0,524000,-981000,-457000
2015/03/30,0,165000,-571000,-406000
2015/03/31,0,168000,-260000,-92000
2015/04/01,0,209000,-497000,-288000
2015/04/02,0,729000,-506000,223000
2015/04/03,0,0,0,0
2015/04/06,0,0,0,0
2015/04/07,0,146000,-382000,-236000
2015/04/08,0,158000,-295000,-137000
2015/04/09,0,3276000,-574000,2702000
2015/04/10,0,624000,-1548000,-924000
2015/04/13,0,523000,-1137000,-614000
2015/04/14,0,765000,-854000,-89000
2015/04/15,0,829000,-1730000,-901000
2015/04/16,0,193000,-542000,-349000
2015/04/17,0,272000,-602000,-330000
2015/04/20,0,230000,-140000,90000
2015/04/21,0,230000,-383000,-153000
2015/04/22,0,1579000,-402657,1176343
2015/04/23,0,15061000,-1617000,13444000
2015/04/24,0,3700000,-9594000,-5894000
2015/04/27,0,6264000,-1676000,4588000
2015/04/28,0,7456000,-3758000,3698000
2015/04/29,0,3249000,-5163000,-1914000
2015/04/30,0,4409000,-1481000,2928000
2015/05/01,0,0,0,0
2015/05/04,0,3125000,-2799000,326000
2015/05/05,0,1372000,-3681000,-2309000
2015/05/06,0,648000,-1954000,-1306000
2015/05/07,0,386000,-2723000,-2337000
2015/05/08,0,2836000,-2122000,714000
2015/05/11,0,794000,-2174000,-1380000
2015/05/12,0,1870000,-348000,1522000
2015/05/13,0,240000,-951000,-711000
2015/05/14,0,889000,-2934000,-2045000
2015/05/15,0,2007000,-2650000,-643000
2015/05/18,0,457000,-1039000,-582000
2015/05/19,0,4447000,-699000,3748000
2015/05/20,0,906000,-2115000,-1209000
2015/05/21,0,503600,-5453000,-4949400
2015/05/22,0,292000,-1160100,-868100
2015/05/25,0,234000,-1592000,-1358000
2015/05/26,0,1614000,-1414217,199783
2015/05/27,0,1287000,-1307000,-20000
2015/05/28,0,1028000,-2068000,-1040000
2015/05/29,0,137000,-244000,-107000
2015/06/01,0,210000,-437000,-227000
2015/06/02,0,299000,-676000,-377000
2015/06/03,0,20000,-583000,-563000
2015/06/04,0,377000,-2885000,-2508000
2015/06/05,0,207000,-999000,-792000
2015/06/08,0,324000,-1310000,-986000
2015/06/09,0,58000,-896000,-838000
2015/06/10,0,579000,-582000,-3000
2015/06/11,0,235000,-627000,-392000
2015/06/12,0,202000,-677000,-475000
2015/06/15,0,314000,-252000,62000
2015/06/16,0,146000,-321000,-175000
2015/06/17,0,665000,-225000,440000
2015/06/18,0,339000,-526000,-187000
2015/06/19,0,0,0,0
2015/06/22,0,3111000,-921000,2190000
2015/06/23,0,1675000,-358500,1316500
2015/06/24,0,156000,-180000,-24000
2015/06/25,0,509000,-846000,-337000
2015/06/26,0,405000,-1387000,-982000
2015/06/29,0,632000,-845000,-213000
2015/06/30,0,8451000,-199857,8251143
2015/07/01,0,222000,-5195000,-4973000
2015/07/02,0,931000,-732000,199000
2015/07/03,0,462000,-1421000,-959000
2015/07/06,0,475000,-1284000,-809000
2015/07/07,0,247000,-546000,-299000
2015/07/08,0,358000,-2930000,-2572000
2015/07/09,0,1477000,-2006000,-529000
2015/07/10,0,0,0,0
2015/07/13,0,2194000,-1286000,908000
2015/07/14,0,755000,-1738000,-983000
2015/07/15,0,330000,-1076000,-746000
2015/07/16,0,364000,-775000,-411000
2015/07/17,0,371000,-959000,-588000
2015/07/20,0,512000,-481000,31000
2015/07/21,0,385000,-539000,-154000
2015/07/22,0,296000,-444000,-148000
2015/07/23,0,1305000,-682000,623000
2015/07/24,0,598000,-339000,259000
2015/07/27,0,264000,-1829000,-1565000
2015/07/28,0,2284000,-429000,1855000
2015/07/29,0,436000,-657000,-221000
2015/07/30,0,1292000,-291000,1001000
2015/07/31,0,154000,-1628000,-1474000
2015/08/03,0,220000,-1043000,-823000
2015/08/04,0,1619000,-859000,760000
2015/08/05,0,961000,-224000,737000
2015/08/06,0,658000,-1034000,-376000
2015/08/07,0,340000,-972000,-632000
2015/08/10,0,327000,-196000,131000
2015/08/11,0,304000,-1041000,-737000
2015/08/12,0,2592000,-5348000,-2756000
2015/08/13,0,2232000,-1921000,311000
2015/08/14,0,331000,-776000,-445000
2015/08/17,0,213000,-817000,-604000
2015/08/18,0,524000,-1950000,-1426000
2015/08/19,0,1515000,-2000500,-485500
2015/08/20,0,3484000,-1188000,2296000
2015/08/21,0,351000,-985000,-634000
2015/08/24,0,1820000,-2513000,-693000
2015/08/25,0,1979000,-1363000,616000
2015/08/26,0,3082000,-1716588,1365412
2015/08/27,0,419000,-3201531,-2782531
2015/08/28,0,675000,-956541,-281541
2015/08/31,0,155000,-1385000,-1230000
2015/09/01,0,424000,-1382000,-958000
2015/09/02,0,1228000,-782000,446000
2015/09/03,0,120000,-1636000,-1516000
2015/09/04,0,547000,-953000,-406000
2015/09/07,0,1046000,-482000,564000
2015/09/08,0,483000,-283000,200000
2015/09/09,0,2682000,-181000,2501000
2015/09/10,0,608000,-374000,234000
2015/09/11,0,716000,-305000,411000
2015/09/14,0,390000,-392000,-2000
2015/09/15,0,1262000,-629000,633000
2015/09/16,0,1845000,-650000,1195000
2015/09/17,0,1195000,-1554000,-359000
2015/09/18,0,284000,-1584000,-1300000
2015/09/21,0,167000,-1236000,-1069000
2015/09/22,0,151000,-287000,-136000
2015/09/23,0,130000,-519000,-389000
2015/09/24,0,201000,-417000,-216000
2015/09/25,0,600000,-598000,2000
2015/09/28,0,0,0,0
2015/09/29,0,0,0,0
2015/09/30,0,1192000,-993941,198059
2015/10/01,0,2164000,-627000,1537000
2015/10/02,0,346000,-746000,-400000
2015/10/05,0,352000,-223000,129000
2015/10/06,0,846000,-416000,430000
2015/10/07,0,42000,-475245,-433245
2015/10/08,0,346000,-316000,30000
2015/10/09,0,0,0,0
2015/10/12,0,219000,-77000,142000
2015/10/13,0,992000,-461000,531000
2015/10/14,0,98000,-234000,-136000
2015/10/15,0,318000,-151000,167000
2015/10/16,0,172000,-160000,12000
2015/10/19,0,1593000,-128000,1465000
2015/10/20,0,131000,-534000,-403000
2015/10/21,0,270000,-391000,-121000
2015/10/22,0,133000,-45000,88000
2015/10/23,0,682000,-135000,547000
2015/10/26,0,675000,-342000,333000
2015/10/27,0,426000,-402000,24000
2015/10/28,0,514000,-150000,364000
2015/10/29,0,50000,-693000,-643000
2015/10/30,0,187000,-279000,-92000
2015/11/02,0,144000,-113000,31000
2015/11/03,0,2229000,-177000,2052000
2015/11/04,0,1100000,-772000,328000
2015/11/05,0,1266000,-775000,491000
2015/11/06,0,507000,-959000,-452000
2015/11/09,0,967000,-591424,375576
2015/11/10,0,306000,-559000,-253000
2015/11/11,0,67000,-462000,-395000
2015/11/12,0,121000,-1592000,-1471000
2015/11/13,0,476000,-896000,-420000
2015/11/16,0,160000,-230000,-70000
2015/11/17,0,294000,-340000,-46000
2015/11/18,0,158000,-673000,-515000
2015/11/19,0,138000,-782000,-644000
2015/11/20,0,270000,-234000,36000
2015/11/23,0,166000,-211000,-45000
2015/11/24,0,79000,-180000,-101000
2015/11/25,0,32000,-105000,-73000
2015/11/26,0,201000,-92000,109000
2015/11/27,0,14000,-233000,-219000
2015/11/30,0,364000,-771000,-407000
2015/12/01,0,388000,-434000,-46000
2015/12/02,0,346000,-96000,250000
2015/12/03,0,208000,-62000,146000
2015/12/04,0,163000,-157000,6000
2015/12/07,0,435000,-286000,149000
2015/12/08,0,177000,-269015,-92015
2015/12/09,0,391000,-673000,-282000
2015/12/10,0,816000,-1078000,-262000
2015/12/11,0,349000,-1341000,-992000
2015/12/14,0,252000,-241000,11000
2015/12/15,0,344000,-222000,122000
2015/12/16,0,385000,-27000,358000
2015/12/17,0,749000,-66000,683000
2015/12/18,0,89000,-727000,-638000
2015/12/21,0,328000,-42000,286000
2015/12/22,0,144000,-32000,112000
2015/12/23,0,908000,-28000,880000
2015/12/24,0,128000,-66000,62000
2015/12/25,0,261000,-41000,220000
2015/12/28,0,1000,-62000,-61000
2015/12/29,0,73000,-39000,34000
2015/12/30,0,56000,-597000,-541000
2015/12/31,0,174000,-325000,-151000
2016/01/01,0,0,0,0
2016/01/04,0,192000,-1468000,-1276000
2016/01/05,0,461000,-718000,-257000
2016/01/06,0,287000,-1271000,-984000
2016/01/07,0,935000,-1732504,-797504
2016/01/08,0,1502000,-40000,1462000
2016/01/11,0,128000,-307000,-179000
2016/01/12,0,132000,-566000,-434000
2016/01/13,0,380000,-906000,-526000
2016/01/14,0,731000,-1210000,-479000
2016/01/15,0,166000,-3417000,-3251000
2016/01/18,0,5873000,-707000,5166000
2016/01/19,0,2184000,-662000,1522000
2016/01/20,0,348000,-1902544,-1554544
2016/01/21,0,687000,-853000,-166000
2016/01/22,0,551000,-557000,-6000
2016/01/25,0,1775000,-193000,1582000
2016/01/26,0,187000,-1394000,-1207000
2016/01/27,0,171000,-1174000,-1003000
2016/01/28,0,733000,-165000,568000
2016/01/29,0,4909000,-1010000,3899000
2016/02/01,0,310000,-2574000,-2264000
2016/02/02,0,1290000,-678000,612000
2016/02/03,0,511000,-2288437,-1777437
2016/02/04,0,0,0,0
2016/02/05,0,0,0,0
2016/02/08,0,0,0,0
2016/02/09,0,0,0,0
2016/02/10,0,0,0,0
2016/02/11,0,0,0,0
2016/02/12,0,0,0,0
2016/02/15,0,496000,-318000,178000
2016/02/16,0,4030000,-288000,3742000
2016/02/17,0,262000,-2887000,-2625000
2016/02/18,0,1078000,-364000,714000
2016/02/19,0,228000,-88000,140000
2016/02/22,0,1488000,-786000,702000
2016/02/23,0,192000,-518000,-326000
2016/02/24,0,91000,-547000,-456000
2016/02/25,0,593000,-299000,294000
2016/02/26,0,30000,-1237000,-1207000
2016/02/29,0,0,0,0
2016/03/01,0,167000,-97000,70000
2016/03/02,0,2607000,-272000,2335000
2016/03/03,0,1540000,-1675000,-135000
2016/03/04,0,768000,-1693000,-925000
2016/03/07,0,1301000,-729000,572000
2016/03/08,0,183000,-979000,-796000
2016/03/09,0,64000,-853000,-789000
2016/03/10,0,1040000,-68000,972000
2016/03/11,0,201000,-672907,-471907
2016/03/14,0,541000,-374000,167000
2016/03/15,0,30000,-1451000,-1421000
2016/03/16,0,353000,-911000,-558000
2016/03/17,0,2035000,-126000,1909000
2016/03/18,0,358000,-1051000,-693000
2016/03/21,0,203000,-488000,-285000
2016/03/22,0,101000,-1066000,-965000
2016/03/23,0,197000,-410000,-213000
2016/03/24,0,409000,-805000,-396000
2016/03/25,0,490000,-103000,387000
2016/03/28,0,797000,-71000,726000
2016/03/29,0,398000,-541000,-143000
2016/03/30,0,89000,-359000,-270000
2016/03/31,0,2185000,-236844,1948156
2016/04/01,0,163000,-1805000,-1642000
2016/04/04,0,0,0,0
2016/04/05,0,0,0,0
2016/04/06,0,169000,-1751000,-1582000
2016/04/07,0,212000,-566000,-354000
2016/04/08,0,197000,-46000,151000
2016/04/11,0,279000,-159000,120000
2016/04/12,0,525000,-531000,-6000
2016/04/13,0,784000,-277000,507000
2016/04/14,0,2218000,-237000,1981000
2016/04/15,0,219000,-795000,-576000
2016/04/18,0,39000,-322000,-283000
2016/04/19,0,135000,-152000,-17000
2016/04/20,0,360000,-922000,-562000
2016/04/21,0,124000,-249000,-125000
2016/04/22,0,191000,-831000,-640000
2016/04/25,0,113000,-227000,-114000
2016/04/26,0,822000,-60000,762000
2016/04/27,0,392000,-112000,280000
2016/04/28,0,257000,-362000,-105000
2016/04/29,0,221000,-208000,13000
2016/05/02,0,0,0,0
2016/05/03,0,56000,-275000,-219000
2016/05/04,0,239000,-463000,-224000
2016/05/05,0,606000,-170000,436000
2016/05/06,0,268000,-1034000,-766000
2016/05/09,0,211000,-37000,174000
2016/05/10,0,536000,-77000,459000
2016/05/11,0,295000,-366000,-71000
2016/05/12,0,223000,-175000,48000
2016/05/13,0,567000,-244000,323000
2016/05/16,0,694000,-22000,672000
2016/05/17,0,405000,-51000,354000
2016/05/18,0,563000,-410000,153000
2016/05/19,0,139000,-387000,-248000
2016/05/20,0,505000,-146000,359000
2016/05/23,0,700000,-182000,518000
2016/05/24,0,399000,-256000,143000
2016/05/25,0,1118000,-264000,854000
2016/05/26,0,268000,-981000,-713000
2016/05/27,0,897000,-450000,447000
2016/05/30,0,1763000,-710000,1053000
2016/05/31,0,123000,-865000,-742000
2016/06/01,0,107000,-107000,0
2016/06/02,0,269000,-1088000,-819000
2016/06/03,0,42000,-433000,-391000
2016/06/06,0,60000,-260000,-200000
2016/06/07,0,112000,-105000,7000
2016/06/08,0,23000,-160000,-137000
2016/06/09,0,0,0,0
2016/06/10,0,0,0,0
2016/06/13,0,855000,-237000,618000
2016/06/14,0,1110000,-132000,978000
2016/06/15,0,2889000,-1025000,1864000
2016/06/16,0,2458000,-514000,1944000
2016/06/17,0,2898000,-236000,2662000
2016/06/20,0,2339000,-86000,2253000
2016/06/21,0,4623000,-393000,4230000
2016/06/22,0,2186000,-647000,1539000
2016/06/23,0,3015000,-119000,2896000
2016/06/24,0,3546000,-913000,2633000
2016/06/27,0,129000,-1077000,-948000
2016/06/28,0,573000,-1727000,-1154000
2016/06/29,0,67000,-1438000,-1371000
2016/06/30,0,252000,-594000,-342000
2016/07/01,0,828000,-266000,562000
2016/07/04,0,225000,-380000,-155000
2016/07/05,0,0,-185000,-185000
2016/07/06,0,144000,-543000,-399000
2016/07/07,0,196000,-133000,63000
2016/07/08,0,0,0,0
2016/07/11,0,783000,-106000,677000
2016/07/12,0,94000,-400000,-306000
2016/07/13,0,625000,-352000,273000
2016/07/14,0,58000,-405000,-347000
2016/07/15,0,144000,-1483000,-1339000
2016/07/18,0,629000,-208000,421000
2016/07/19,0,978000,-457000,521000
2016/07/20,0,376000,-950000,-574000
2016/07/21,0,374000,-133000,241000
2016/07/22,0,346000,-100000,246000
2016/07/25,0,131000,-161000,-30000
2016/07/26,0,121000,-162000,-41000
2016/07/27,0,133000,-435000,-302000
2016/07/28,0,588000,-201000,387000
2016/07/29,0,408000,-211000,197000
2016/08/01,0,274000,-76000,198000
2016/08/02,0,211000,-174000,37000
2016/08/03,0,320000,-142000,178000
2016/08/04,0,134000,-342000,-208000
2016/08/05,0,284000,-224000,60000
2016/08/08,0,1948000,-288000,1660000
2016/08/09,0,437000,-1317000,-880000
2016/08/10,0,935000,-334000,601000
2016/08/11,0,871000,-339000,532000
2016/08/12,0,227000,-805000,-578000
2016/08/15,0,54000,-76000,-22000
2016/08/16,0,215830,-704000,-488170
2016/08/17,0,155170,-1287000,-1131830
2016/08/18,0,1404000,-189000,1215000
2016/08/19,0,657000,-1112000,-455000
2016/08/22,0,448000,-1605000,-1157000
2016/08/23,0,939000,-1002000,-63000
2016/08/24,0,889000,-462000,427000
2016/08/25,0,3777000,-75000,3702000
2016/08/26,0,1337000,-3034000,-1697000
2016/08/29,0,99000,-2578000,-2479000
2016/08/30,0,2136000,-554000,1582000
2016/08/31,0,1135000,-2714000,-1579000
2016/09/01,0,297000,-850000,-553000
2016/09/02,0,221000,-461000,-240000
2016/09/05,0,1093000,-195000,898000
2016/09/06,0,1209000,-296000,913000
2016/09/07,0,775000,-607000,168000
2016/09/08,0,2000000,-361000,1639000
2016/09/09,0,344000,-2094000,-1750000
2016/09/12,0,120000,-546000,-426000
2016/09/13,0,344000,-1046000,-702000
2016/09/14,0,123000,-1101000,-978000
2016/09/15,0,0,0,0
2016/09/16,0,0,0,0
2016/09/19,0,903000,-123000,780000
2016/09/20,0,127000,-446000,-319000
2016/09/21,0,140000,-894000,-754000
2016/09/22,0,90000,-1779000,-1689000
2016/09/23,0,111000,-1889000,-1778000
2016/09/26,0,148000,-2031000,-1883000
2016/09/27,0,0,0,0
2016/09/28,0,0,0,0
2016/09/29,0,854000,-3326289,-2472289
2016/09/30,0,529000,-4609000,-4080000
2016/10/03,0,408000,-650000,-242000
2016/10/04,0,327000,-1736000,-1409000
2016/10/05,0,368000,-1852000,-1484000
2016/10/06,0,109000,-561000,-452000
2016/10/07,0,216000,-1210000,-994000
2016/10/10,0,0,0,0
2016/10/11,0,130000,-1357000,-1227000
2016/10/12,0,227000,-313000,-86000
2016/10/13,0,636000,-469000,167000
2016/10/14,0,127000,-142000,-15000
2016/10/17,0,241000,-277000,-36000
2016/10/18,0,423000,-129000,294000
2016/10/19,0,243000,-421000,-178000
2016/10/20,0,309000,-397000,-88000
2016/10/21,0,594000,-346000,248000
2016/10/24,0,162000,-159000,3000
2016/10/25,0,424000,-63000,361000
2016/10/26,0,58000,-125000,-67000
2016/10/27,0,981000,-246000,735000
2016/10/28,0,831000,-338000,493000
2016/10/31,0,595000,-1104000,-509000
2016/11/01,0,55000,-635000,-580000
2016/11/02,0,119000,-292000,-173000
2016/11/03,0,7000,-423000,-416000
2016/11/04,0,91000,-166000,-75000
2016/11/07,0,412000,-21000,391000
2016/11/08,0,44000,-50000,-6000
2016/11/09,0,249000,-963000,-714000
2016/11/10,0,4011000,-92000,3919000
2016/11/11,0,3754000,-2181000,1573000
2016/11/14,0,2716000,-3347000,-631000
2016/11/15,0,1177000,-2901000,-1724000
2016/11/16,0,846000,-1080000,-234000
2016/11/17,0,1381000,-1097000,284000
2016/11/18,0,548000,-456000,92000
2016/11/21,0,2425000,-417000,2008000
2016/11/22,0,79000,-1578000,-1499000
2016/11/23,0,3656000,-335000,3321000
2016/11/24,0,368000,-1851000,-1483000
2016/11/25,0,4834000,-1370000,3464000
2016/11/28,0,1060000,-4933140,-3873140
2016/11/29,0,2368000,-442000,1926000
2016/11/30,0,2784000,-1393000,1391000
2016/12/01,0,3156000,-2196000,960000
2016/12/02,0,1038000,-2758000,-1720000
2016/12/05,0,456000,-1044000,-588000
2016/12/06,0,1102000,-2056000,-954000
2016/12/07,0,330000,-1743000,-1413000
2016/12/08,0,703000,-761000,-58000
2016/12/09,0,747000,-357000,390000
2016/12/12,0,622000,-856000,-234000
2016/12/13,0,728000,-394000,334000
2016/12/14,0,417000,-3448000,-3031000
2016/12/15,0,2589000,-1660000,929000
2016/12/16,0,685000,-2683000,-1998000
2016/12/19,0,536000,-633000,-97000
2016/12/20,0,1838000,-237000,1601000
2016/12/21,0,1783000,-938000,845000
2016/12/22,0,1193000,-1862000,-669000
2016/12/23,0,944000,-903000,41000
2016/12/26,0,1281000,-87000,1194000
2016/12/27,0,186000,-793000,-607000
2016/12/28,0,1460000,-535000,925000
2016/12/29,0,648000,-492000,156000
2016/12/30,0,226000,-485000,-259000
2017/01/02,0,0,0,0
2017/01/03,0,94000,-836000,-742000
2017/01/04,0,156000,-422000,-266000
2017/01/05,0,1102000,-7000,1095000
2017/01/06,0,168000,-990000,-822000
2017/01/09,0,165000,-944000,-779000
2017/01/10,0,142000,-503000,-361000
2017/01/11,0,371000,-402000,-31000
2017/01/12,0,526000,-469000,57000
2017/01/13,0,542000,-646000,-104000
2017/01/16,0,359000,-516000,-157000
2017/01/17,0,466000,-177000,289000
2017/01/18,0,466000,-429000,37000
2017/01/19,0,606000,-160000,446000
2017/01/20,0,278000,-7000,271000
2017/01/23,0,206000,-382000,-176000
2017/01/24,0,222000,-171000,51000
2017/01/25,0,0,0,0
2017/01/26,0,0,0,0
2017/01/27,0,0,0,0
2017/01/30,0,0,0,0
2017/01/31,0,0,0,0
2017/02/01,0,0,0,0
2017/02/02,0,213000,-729000,-516000
2017/02/03,0,67000,-311000,-244000
2017/02/06,0,3079000,-480000,2599000
2017/02/07,0,153000,-1711000,-1558000
2017/02/08,0,61000,-239000,-178000
2017/02/09,0,323000,-274000,49000
2017/02/10,0,4065000,-1010000,3055000
2017/02/13,0,429000,-901000,-472000
2017/02/14,0,1234000,-797000,437000
2017/02/15,0,1050000,-1041000,9000
2017/02/16,0,1019000,-525000,494000
2017/02/17,0,917000,-277000,640000
2017/02/20,0,703000,-345000,358000
2017/02/21,0,725000,-405000,320000
2017/02/22,0,1020000,-407000,613000
2017/02/23,0,626000,-138000,488000
2017/02/24,0,1027000,-99000,928000
2017/02/27,0,0,0,0
2017/02/28,0,0,0,0
2017/03/01,0,169000,-261000,-92000
2017/03/02,0,3842000,-1218000,2624000
2017/03/03,0,468000,-910000,-442000
2017/03/06,0,295000,-631000,-336000
2017/03/07,0,236000,-1470000,-1234000
2017/03/08,0,3855000,-496000,3359000
2017/03/09,0,777000,-945000,-168000
2017/03/10,0,1686000,-935000,751000
2017/03/13,0,1969000,-1056000,913000
2017/03/14,0,552000,-2789000,-2237000
2017/03/15,0,387000,-1993000,-1606000
2017/03/16,0,215000,-1766000,-1551000
2017/03/17,0,445000,-563000,-118000
2017/03/20,0,503000,-310000,193000
2017/03/21,0,896000,-1268000,-372000
2017/03/22,0,715000,-891000,-176000
2017/03/23,0,1165000,-591000,574000
2017/03/24,0,144000,-578000,-434000
2017/03/27,0,66000,-513000,-447000
2017/03/28,0,238000,-662000,-424000
2017/03/29,0,530000,-248000,282000
2017/03/30,0,163000,-211000,-48000
2017/03/31,0,617000,-507000,110000
2017/04/03,0,0,0,0
2017/04/04,0,0,0,0
2017/04/05,0,469000,-301000,168000
2017/04/06,0,671000,-99000,572000
2017/04/07,0,74000,-661000,-587000
2017/04/10,0,165000,-40000,125000
2017/04/11,0,129000,-915000,-786000
2017/04/12,0,475000,-139000,336000
2017/04/13,0,504000,0,504000
2017/04/14,0,6000,-503000,-497000
2017/04/17,0,251000,-30000,221000
2017/04/18,0,371000,-497000,-126000
2017/04/19,0,583000,-414000,169000
2017/04/20,0,294000,-184000,110000
2017/04/21,0,107000,-217000,-110000
2017/04/24,0,2000,-55000,-53000
2017/04/25,0,711000,-257000,454000
2017/04/26,0,245000,-390000,-145000
2017/04/27,0,49000,-223000,-174000
2017/04/28,0,5000,-63000,-58000
2017/05/01,0,0,0,0
2017/05/02,0,974000,-138000,836000
2017/05/03,0,265000,-597000,-332000
2017/05/04,0,884000,-164000,720000
2017/05/05,0,119000,-456000,-337000
2017/05/08,0,236000,-80000,156000
2017/05/09,0,493000,-663090,-170090
2017/05/10,0,161000,-189000,-28000
2017/05/11,0,188000,-181000,7000
2017/05/12,0,237000,-40000,197000
2017/05/15,0,810000,-52000,758000
2017/05/16,0,1582000,-123000,1459000
2017/05/17,0,1209000,-593000,616000
2017/05/18,0,418000,-77000,341000
2017/05/19,0,625000,-181000,444000
2017/05/22,0,227000,-207000,20000
2017/05/23,0,1102000,-296000,806000
2017/05/24,0,296000,-44000,252000
2017/05/25,0,1280000,-434000,846000
2017/05/26,0,786000,-638000,148000
2017/05/29,0,0,0,0
2017/05/30,0,0,0,0
2017/05/31,0,897000,-171000,726000
2017/06/01,0,428000,-69000,359000
2017/06/02,0,103000,-45000,58000
2017/06/05,0,386000,-151000,235000
2017/06/06,0,871000,-72017,798983
2017/06/07,0,385000,-2000,383000
2017/06/08,0,1478000,-81000,1397000
2017/06/09,0,1147000,-167000,980000
2017/06/12,0,682000,-768000,-86000
2017/06/13,0,677000,-221000,456000
2017/06/14,0,496000,-390000,106000
2017/06/15,0,479000,-262000,217000
2017/06/16,0,377000,-184000,193000
2017/06/19,0,1740000,-84000,1656000
2017/06/20,0,1203000,-1184000,19000
2017/06/21,0,1578000,-1627000,-49000
2017/06/22,0,2526000,-332000,2194000
2017/06/23,0,1304000,-355000,949000
2017/06/26,0,6122000,-142000,5980000
2017/06/27,0,2843000,-1564000,1279000
2017/06/28,0,1200000,-276000,924000
2017/06/29,0,2474000,-262000,2212000
2017/06/30,0,3768000,-393000,3375000
2017/07/03,0,225000,-3313000,-3088000
2017/07/04,0,1225000,-1226000,-1000
2017/07/05,0,1023000,-1477000,-454000
2017/07/06,0,47000,-2046000,-1999000
2017/07/07,0,21000,-771000,-750000
2017/07/10,0,15000,-523000,-508000
2017/07/11,0,470000,-359000,111000
2017/07/12,0,235000,-660000,-425000
2017/07/13,0,209000,-407000,-198000
2017/07/14,0,45000,-109000,-64000
2017/07/17,0,41000,-82000,-41000
2017/07/18,0,25000,-110000,-85000
2017/07/19,0,145000,-235000,-90000
2017/07/20,0,104000,-117000,-13000
2017/07/21,0,178000,-28000,150000
2017/07/24,0,409000,-77000,332000
2017/07/25,0,116000,-11000,105000
2017/07/26,0,90000,-458000,-368000
2017/07/27,0,912000,-153000,759000
2017/07/28,0,57000,-1229000,-1172000
2017/07/31,0,47000,-12000,35000
2017/08/01,0,123000,-35000,88000
2017/08/02,0,356000,-11000,345000
2017/08/03,0,115000,-793000,-678000
2017/08/04,0,5000,-37000,-32000
2017/08/07,0,412000,-20000,392000
2017/08/08,0,415000,-87000,328000
2017/08/09,0,105000,-720000,-615000
2017/08/10,0,278000,-819000,-541000
2017/08/11,0,51000,-710966,-659966
2017/08/14,0,24000,-172000,-148000
2017/08/15,0,17000,-367000,-350000
2017/08/16,0,34000,-383000,-349000
2017/08/17,0,158000,-80000,78000
2017/08/18,0,71000,-201000,-130000
