Date,Open,Buy,Sell,Total
2007/01/02,0,221000,-51000,170000
2007/01/03,0,600000,-552199,47801
2007/01/04,0,0,-30000,-30000
2007/01/05,0,33000,-971,32029
2007/01/08,0,30000,-226000,-196000
2007/01/09,0,0,-70000,-70000
2007/01/10,0,73000,-55000,18000
2007/01/11,0,16000,0,16000
2007/01/12,0,609000,-171000,438000
2007/01/15,0,20000,-233000,-213000
2007/01/16,0,72000,-30000,42000
2007/01/17,0,242000,-30000,212000
2007/01/18,0,15000,-10485,4515
2007/01/19,0,0,-414000,-414000
2007/01/22,0,58000,-128000,-70000
2007/01/23,0,250000,-48000,202000
2007/01/24,0,62000,-29000,33000
2007/01/25,0,62000,-2000,60000
2007/01/26,0,22000,-21000,1000
2007/01/29,0,80000,-7000,73000
2007/01/30,0,239000,-8000,231000
2007/01/31,0,25000,-50000,-25000
2007/02/01,0,583000,0,583000
2007/02/02,0,100000,0,100000
2007/02/05,0,128000,-370894,-242894
2007/02/06,0,216000,-330000,-114000
2007/02/07,0,1500000,-504606,995394
2007/02/08,0,10000,-5690,4310
2007/02/09,0,454000,-32000,422000
2007/02/12,0,0,-49000,-49000
2007/02/13,0,0,-300000,-300000
2007/02/14,0,47000,-15000,32000
2007/02/15,0,0,0,0
2007/02/16,0,0,0,0
2007/02/19,0,0,0,0
2007/02/20,0,0,0,0
2007/02/21,0,0,0,0
2007/02/22,0,0,0,0
2007/02/23,0,0,0,0
2007/02/26,0,0,0,0
2007/02/27,0,0,-64000,-64000
2007/02/28,0,0,0,0
2007/03/01,0,12000,0,12000
2007/03/02,0,0,-510983,-510983
2007/03/05,0,0,-31000,-31000
2007/03/06,0,75000,-1512000,-1437000
2007/03/07,0,0,-1435105,-1435105
2007/03/08,0,110000,-125000,-15000
2007/03/09,0,44000,-170000,-126000
2007/03/12,0,165000,-756656,-591656
2007/03/13,0,0,-8097,-8097
2007/03/14,0,175000,-1053000,-878000
2007/03/15,0,55000,-856000,-801000
2007/03/16,0,0,-347000,-347000
2007/03/19,0,65000,-6610,58390
2007/03/20,0,80000,-38000,42000
2007/03/21,0,0,-13000,-13000
2007/03/22,0,0,-186000,-186000
2007/03/23,0,20000,-19000,1000
2007/03/26,0,43000,-714966,-671966
2007/03/27,0,66000,-326000,-260000
2007/03/28,0,121000,-39181,81819
2007/03/29,0,146000,-150728,-4728
2007/03/30,0,0,-178000,-178000
2007/04/02,0,0,-415000,-415000
2007/04/03,0,19000,-408000,-389000
2007/04/04,0,67000,0,67000
2007/04/05,0,0,0,0
2007/04/06,0,0,0,0
2007/04/09,0,40000,-69000,-29000
2007/04/10,0,0,-12971,-12971
2007/04/11,0,126000,-246000,-120000
2007/04/12,0,50000,-108000,-58000
2007/04/13,0,40000,-58000,-18000
2007/04/16,0,0,-79000,-79000
2007/04/17,0,0,-89474,-89474
2007/04/18,0,43000,-24000,19000
2007/04/19,0,12000,0,12000
2007/04/20,0,138000,-509983,-371983
2007/04/23,0,12000,-86000,-74000
2007/04/24,0,255000,-90000,165000
2007/04/25,0,87000,0,87000
2007/04/26,0,0,-79000,-79000
2007/04/27,0,0,-209000,-209000
2007/04/30,0,0,-214000,-214000
2007/05/01,0,0,0,0
2007/05/02,0,29000,-25000,4000
2007/05/03,0,120000,-87000,33000
2007/05/04,0,290000,0,290000
2007/05/07,0,175000,-3000,172000
2007/05/08,0,136000,-70000,66000
2007/05/09,0,0,-502000,-502000
2007/05/10,0,77000,-128000,-51000
2007/05/11,0,6000,-1000,5000
2007/05/14,0,189000,0,189000
2007/05/15,0,128000,-3000,125000
2007/05/16,0,237000,-299000,-62000
2007/05/17,0,156000,-10000,146000
2007/05/18,0,39000,-14000,25000
2007/05/21,0,0,0,0
2007/05/22,0,63000,0,63000
2007/05/23,0,523000,-62000,461000
2007/05/24,0,1061000,-50000,1011000
2007/05/25,0,853000,0,853000
2007/05/28,0,60000,-200000,-140000
2007/05/29,0,29000,-188000,-159000
2007/05/30,0,26000,-159000,-133000
2007/05/31,0,0,-120915,-120915
2007/06/01,0,0,-10000,-10000
2007/06/04,0,11000,0,11000
2007/06/05,0,150000,-113000,37000
2007/06/06,0,87000,-152000,-65000
2007/06/07,0,2000,0,2000
2007/06/08,0,50000,0,50000
2007/06/11,0,0,-61000,-61000
2007/06/12,0,8000,-26000,-18000
2007/06/13,0,78000,-63000,15000
2007/06/14,0,100000,-48000,52000
2007/06/15,0,1710000,0,1710000
2007/06/18,0,0,0,0
2007/06/19,0,0,0,0
2007/06/20,0,350000,-356000,-6000
2007/06/21,0,200000,-77000,123000
2007/06/22,0,400000,0,400000
2007/06/25,0,700000,-864000,-164000
2007/06/26,0,275000,-777000,-502000
2007/06/27,0,15000,-545000,-530000
2007/06/28,0,35000,-62000,-27000
2007/06/29,0,115000,-380000,-265000
2007/07/02,0,25000,-20000,5000
2007/07/03,0,0,0,0
2007/07/04,0,10000,-124000,-114000
2007/07/05,0,2957000,-228000,2729000
2007/07/06,0,785000,-882000,-97000
2007/07/09,0,932000,-17000,915000
2007/07/10,0,226000,0,226000
2007/07/11,0,45000,0,45000
2007/07/12,0,3270000,-7000,3263000
2007/07/13,0,180000,-40000,140000
2007/07/16,0,1384000,-100000,1284000
2007/07/17,0,278000,-130000,148000
2007/07/18,0,2126000,0,2126000
2007/07/19,0,152000,-58000,94000
2007/07/20,0,409000,0,409000
2007/07/23,0,133000,0,133000
2007/07/24,0,152000,-160000,-8000
2007/07/25,0,5000,-47000,-42000
2007/07/26,0,239000,-20000,219000
2007/07/27,0,6000,-441000,-435000
2007/07/30,0,36000,-825000,-789000
2007/07/31,0,993000,-52000,941000
2007/08/01,0,7000,-597000,-590000
2007/08/02,0,8000,-992000,-984000
2007/08/03,0,660000,-50000,610000
2007/08/06,0,353000,-20000,333000
2007/08/07,0,3000,0,3000
2007/08/08,0,1050000,-240000,810000
2007/08/09,0,107000,-64000,43000
2007/08/10,0,38000,-162000,-124000
2007/08/13,0,0,-862000,-862000
2007/08/14,0,493000,-21000,472000
2007/08/15,0,1104000,-20000,1084000
2007/08/16,0,572000,-420000,152000
2007/08/17,0,27000,-146000,-119000
2007/08/20,0,336000,0,336000
2007/08/21,0,417000,-350000,67000
2007/08/22,0,149000,-5000,144000
2007/08/23,0,300000,0,300000
2007/08/24,0,340000,-91000,249000
2007/08/27,0,3162000,-39000,3123000
2007/08/28,0,0,-913000,-913000
2007/08/29,0,0,-2885000,-2885000
2007/08/30,0,708000,-1260000,-552000
2007/08/31,0,2176000,-45000,2131000
2007/09/03,0,85000,-11000,74000
2007/09/04,0,219000,-711000,-492000
2007/09/05,0,195000,0,195000
2007/09/06,0,0,-27000,-27000
2007/09/07,0,1239000,-319000,920000
2007/09/10,0,80000,-607000,-527000
2007/09/11,0,27000,-340000,-313000
2007/09/12,0,1314000,-1000,1313000
2007/09/13,0,0,-190000,-190000
2007/09/14,0,1897000,0,1897000
2007/09/17,0,1211000,0,1211000
2007/09/18,0,0,0,0
2007/09/19,0,2874000,-272000,2602000
2007/09/20,0,1962000,-700000,1262000
2007/09/21,0,210000,-111000,99000
2007/09/24,0,0,0,0
2007/09/25,0,0,0,0
2007/09/26,0,1771000,-11000,1760000
2007/09/27,0,917000,-32000,885000
2007/09/28,0,502000,-32000,470000
2007/10/01,0,300000,-2635000,-2335000
2007/10/02,0,2076000,-15000,2061000
2007/10/03,0,3095000,-3000,3092000
2007/10/04,0,745000,0,745000
2007/10/05,0,335000,-348000,-13000
2007/10/08,0,703000,-43000,660000
2007/10/09,0,1031000,-5000,1026000
2007/10/10,0,0,0,0
2007/10/11,0,1748000,0,1748000
2007/10/12,0,733000,-1572000,-839000
2007/10/15,0,258000,-1311000,-1053000
2007/10/16,0,1286000,-5000,1281000
2007/10/17,0,100000,-5838000,-5738000
2007/10/18,0,225000,0,225000
2007/10/19,0,0,-610000,-610000
2007/10/22,0,578000,0,578000
2007/10/23,0,925000,-2000,923000
2007/10/24,0,35000,-1300000,-1265000
2007/10/25,0,627000,-1050000,-423000
2007/10/26,0,14000,-237000,-223000
2007/10/29,0,546000,0,546000
2007/10/30,0,1557000,-55000,1502000
2007/10/31,0,1883000,-1030000,853000
2007/11/01,0,1408000,-1029000,379000
2007/11/02,0,2365000,-868000,1497000
2007/11/05,0,1614000,-413000,1201000
2007/11/06,0,3055000,-50660,3004340
2007/11/07,0,1010000,0,1010000
2007/11/08,0,419000,-388000,31000
2007/11/09,0,604000,-73000,531000
2007/11/12,0,41000,-180000,-139000
2007/11/13,0,1210000,-400000,810000
2007/11/14,0,1864000,-1875000,-11000
2007/11/15,0,181000,-30000,151000
2007/11/16,0,601000,0,601000
2007/11/19,0,216000,-386000,-170000
2007/11/20,0,63000,-2697000,-2634000
2007/11/21,0,151000,-2005000,-1854000
2007/11/22,0,318000,-3398000,-3080000
2007/11/23,0,98000,-2595000,-2497000
2007/11/26,0,481000,-23000,458000
2007/11/27,0,388000,-143000,245000
2007/11/28,0,67000,-145000,-78000
2007/11/29,0,101000,0,101000
2007/11/30,0,1430000,0,1430000
2007/12/03,0,60000,0,60000
2007/12/04,0,978000,-380000,598000
2007/12/05,0,23000,-956000,-933000
2007/12/06,0,0,-2393000,-2393000
2007/12/07,0,555000,-26976,528024
2007/12/10,0,993000,-279000,714000
2007/12/11,0,362000,-298000,64000
2007/12/12,0,328000,-799000,-471000
2007/12/13,0,287000,-156000,131000
2007/12/14,0,134000,-27000,107000
2007/12/17,0,44000,-642000,-598000
2007/12/18,0,96000,-966000,-870000
2007/12/19,0,451000,-655000,-204000
2007/12/20,0,2000,-585000,-583000
2007/12/21,0,28000,-465000,-437000
2007/12/24,0,118000,-542000,-424000
2007/12/25,0,0,-1293000,-1293000
2007/12/26,0,0,-2060000,-2060000
2007/12/27,0,174000,-998000,-824000
2007/12/28,0,0,-228000,-228000
2007/12/31,0,0,-950000,-950000
2008/01/01,0,0,0,0
2008/01/02,0,0,-213000,-213000
2008/01/03,0,741000,-492000,249000
2008/01/04,0,2359000,-280000,2079000
2008/01/07,0,4280000,0,4280000
2008/01/08,0,4553000,-66000,4487000
2008/01/09,0,2008000,-15000,1993000
2008/01/10,0,123000,-596000,-473000
2008/01/11,0,1156000,-228429,927571
2008/01/14,0,8536000,-1095570,7440430
2008/01/15,0,213000,-160000,53000
2008/01/16,0,11139000,-1488000,9651000
2008/01/17,0,5205000,-5000,5200000
2008/01/18,0,7205000,-2000,7203000
2008/01/21,0,11566000,-151000,11415000
2008/01/22,0,1498000,-88000,1410000
2008/01/23,0,5222000,-643000,4579000
2008/01/24,0,5400000,-235000,5165000
2008/01/25,0,5365000,-54000,5311000
2008/01/28,0,433000,-913000,-480000
2008/01/29,0,314000,-342000,-28000
2008/01/30,0,1649000,-1535000,114000
2008/01/31,0,20000,-1034000,-1014000
2008/02/01,0,4601000,0,4601000
2008/02/04,0,0,0,0
2008/02/05,0,0,0,0
2008/02/06,0,0,0,0
2008/02/07,0,0,0,0
2008/02/08,0,0,0,0
2008/02/11,0,0,0,0
2008/02/12,0,1407000,-408000,999000
2008/02/13,0,3466000,-86000,3380000
2008/02/14,0,886000,0,886000
2008/02/15,0,176000,-1902000,-1726000
2008/02/18,0,672000,-2494000,-1822000
2008/02/19,0,1483000,-727000,756000
2008/02/20,0,566000,-1073000,-507000
2008/02/21,0,2031479,-2433000,-401521
2008/02/22,0,1519000,-415000,1104000
2008/02/25,0,655000,-1870000,-1215000
2008/02/26,0,644000,-414000,230000
2008/02/27,0,100000,-13000,87000
2008/02/28,0,0,0,0
2008/02/29,0,1476000,-2364000,-888000
2008/03/03,0,2940000,-5785000,-2845000
2008/03/04,0,2482000,-2860000,-378000
2008/03/05,0,233000,-2932000,-2699000
2008/03/06,0,552000,-120000,432000
2008/03/07,0,170000,-1301872,-1131872
2008/03/10,0,64000,-4593000,-4529000
2008/03/11,0,477000,-1547000,-1070000
2008/03/12,0,258000,-1244000,-986000
2008/03/13,0,110000,-1137000,-1027000
2008/03/14,0,166000,-545000,-379000
2008/03/17,0,882000,-694000,188000
2008/03/18,0,623000,-5155000,-4532000
2008/03/19,0,5152000,-759000,4393000
2008/03/20,0,3994000,-370000,3624000
2008/03/21,0,1788000,-800000,988000
2008/03/24,0,2872000,-1605000,1267000
2008/03/25,0,882000,-2246379,-1364379
2008/03/26,0,14000,-1688000,-1674000
2008/03/27,0,315000,-5217000,-4902000
2008/03/28,0,18000,-3569000,-3551000
2008/03/31,0,37000,-805000,-768000
2008/04/01,0,6000,-165000,-159000
2008/04/02,0,300000,-954000,-654000
2008/04/03,0,509000,-172000,337000
2008/04/04,0,0,0,0
2008/04/07,0,663000,-485000,178000
2008/04/08,0,37000,-1615000,-1578000
2008/04/09,0,127000,-594000,-467000
2008/04/10,0,360000,-150000,210000
2008/04/11,0,4130000,-2019000,2111000
2008/04/14,0,2600000,-758000,1842000
2008/04/15,0,2517000,-4000,2513000
2008/04/16,0,944000,-1218000,-274000
2008/04/17,0,3925000,-1581000,2344000
2008/04/18,0,950000,-298000,652000
2008/04/21,0,235000,-210000,25000
2008/04/22,0,584000,-1258000,-674000
2008/04/23,0,1478000,-820000,658000
2008/04/24,0,3090000,-300000,2790000
2008/04/25,0,1942000,-490000,1452000
2008/04/28,0,2771000,-32000,2739000
2008/04/29,0,4644000,-150000,4494000
2008/04/30,0,1451000,-100000,1351000
2008/05/01,0,0,0,0
2008/05/02,0,4270000,-254000,4016000
2008/05/05,0,171000,-3438000,-3267000
2008/05/06,0,39000,-1532000,-1493000
2008/05/07,0,134000,-836000,-702000
2008/05/08,0,362000,-59000,303000
2008/05/09,0,159000,-50000,109000
2008/05/12,0,124000,-133000,-9000
2008/05/13,0,224000,-75000,149000
2008/05/14,0,196000,-1039000,-843000
2008/05/15,0,168000,-2693000,-2525000
2008/05/16,0,100000,-1169000,-1069000
2008/05/19,0,169000,-1466000,-1297000
2008/05/20,0,735000,-4003000,-3268000
2008/05/21,0,100000,-881000,-781000
2008/05/22,0,40000,0,40000
2008/05/23,0,179000,-522000,-343000
2008/05/26,0,96000,0,96000
2008/05/27,0,839000,-30000,809000
2008/05/28,0,265000,-589000,-324000
2008/05/29,0,821000,-30000,791000
2008/05/30,0,197000,-879000,-682000
2008/06/02,0,2046000,-60000,1986000
2008/06/03,0,300000,-357000,-57000
2008/06/04,0,8000,-262000,-254000
2008/06/05,0,253000,-170000,83000
2008/06/06,0,5000,-213000,-208000
2008/06/09,0,104000,0,104000
2008/06/10,0,5000,-1130000,-1125000
2008/06/11,0,82000,-367000,-285000
2008/06/12,0,548000,0,548000
2008/06/13,0,49000,-340000,-291000
2008/06/16,0,500000,-343000,157000
2008/06/17,0,317000,-20000,297000
2008/06/18,0,86000,-180000,-94000
2008/06/19,0,434000,-502000,-68000
2008/06/20,0,86000,-252000,-166000
2008/06/23,0,151000,-75000,76000
2008/06/24,0,700000,-50000,650000
2008/06/25,0,868000,-4000,864000
2008/06/26,0,280000,-303000,-23000
2008/06/27,0,4000,-200000,-196000
2008/06/30,0,102000,-340000,-238000
2008/07/01,0,563000,-447000,116000
2008/07/02,0,1026000,-785000,241000
2008/07/03,0,190000,-2535000,-2345000
2008/07/04,0,228000,-518000,-290000
2008/07/07,0,254000,-37000,217000
2008/07/08,0,0,-490000,-490000
2008/07/09,0,259000,-87000,172000
2008/07/10,0,70000,-173000,-103000
2008/07/11,0,288000,0,288000
2008/07/14,0,53000,-5326000,-5273000
2008/07/15,0,524000,-4551000,-4027000
2008/07/16,0,304000,-1280000,-976000
2008/07/17,0,200000,-814000,-614000
2008/07/18,0,2269000,-6253000,-3984000
2008/07/21,0,20000,-1770000,-1750000
2008/07/22,0,97000,-735000,-638000
2008/07/23,0,1356000,-597000,759000
2008/07/24,0,866000,-414000,452000
2008/07/25,0,1036000,0,1036000
2008/07/28,0,0,0,0
2008/07/29,0,539000,-1108000,-569000
2008/07/30,0,549000,-80000,469000
2008/07/31,0,413000,0,413000
2008/08/01,0,434000,-418000,16000
2008/08/04,0,211000,-786000,-575000
2008/08/05,0,770000,0,770000
2008/08/06,0,1682000,-65000,1617000
2008/08/07,0,2441000,0,2441000
2008/08/08,0,3277000,-35000,3242000
2008/08/11,0,1428000,-83000,1345000
2008/08/12,0,1495000,-158000,1337000
2008/08/13,0,154000,-1077000,-923000
2008/08/14,0,2226000,-57000,2169000
2008/08/15,0,828000,0,828000
2008/08/18,0,113000,-213000,-100000
2008/08/19,0,150000,-134000,16000
2008/08/20,0,108000,-41000,67000
2008/08/21,0,14000,-1826000,-1812000
2008/08/22,0,5000,-1200000,-1195000
2008/08/25,0,303000,-504000,-201000
2008/08/26,0,382000,-539000,-157000
2008/08/27,0,250000,-1015000,-765000
2008/08/28,0,507000,-1100000,-593000
2008/08/29,0,184000,-43000,141000
2008/09/01,0,610000,-397000,213000
2008/09/02,0,472000,0,472000
2008/09/03,0,1085000,-17000,1068000
2008/09/04,0,1439000,-108000,1331000
2008/09/05,0,2330000,-50000,2280000
2008/09/08,0,533000,0,533000
2008/09/09,0,5313000,0,5313000
2008/09/10,0,7678000,0,7678000
2008/09/11,0,2682000,0,2682000
2008/09/12,0,2333000,0,2333000
2008/09/15,0,880000,-382000,498000
2008/09/16,0,33000,-973000,-940000
2008/09/17,0,372000,-8416000,-8044000
2008/09/18,0,12000,-897000,-885000
2008/09/19,0,924000,-3493400,-2569400
2008/09/22,0,569000,-6004700,-5435700
2008/09/23,0,571000,-1869100,-1298100
2008/09/24,0,602000,-331000,271000
2008/09/25,0,123000,-2061500,-1938500
2008/09/26,0,351000,-10540800,-10189800
2008/09/29,0,0,0,0
2008/09/30,0,139000,-3571500,-3432500
2008/10/01,0,140000,-5307700,-5167700
2008/10/02,0,27000,-2061500,-2034500
2008/10/03,0,269000,-1347854,-1078854
2008/10/06,0,0,-3230350,-3230350
2008/10/07,0,500000,-2245500,-1745500
2008/10/08,0,88000,-603750,-515750
2008/10/09,0,3637000,-717000,2920000
2008/10/10,0,0,0,0
2008/10/13,0,180000,-3391500,-3211500
2008/10/14,0,466000,-170150,295850
2008/10/15,0,256000,-350000,-94000
2008/10/16,0,38000,-100,37900
2008/10/17,0,50000,-4000,46000
2008/10/20,0,0,-807000,-807000
2008/10/21,0,206000,-259000,-53000
2008/10/22,0,0,-157000,-157000
2008/10/23,0,67000,-647150,-580150
2008/10/24,0,34000,-81450,-47450
2008/10/27,0,0,-462150,-462150
2008/10/28,0,66000,-1228000,-1162000
2008/10/29,0,8077000,-1715000,6362000
2008/10/30,0,2478000,-8000,2470000
2008/10/31,0,5767000,0,5767000
2008/11/03,0,2870000,-102000,2768000
2008/11/04,0,989000,-6000,983000
2008/11/05,0,2167000,-403000,1764000
2008/11/06,0,3965000,-879000,3086000
2008/11/07,0,4946000,0,4946000
2008/11/10,0,2166000,0,2166000
2008/11/11,0,2647000,-6000750,-3353750
2008/11/12,0,1965000,-731000,1234000
2008/11/13,0,20000,-1115500,-1095500
2008/11/14,0,16000,-2971000,-2955000
2008/11/17,0,347000,0,347000
2008/11/18,0,5113000,-110000,5003000
2008/11/19,0,2533000,-346804,2186196
2008/11/20,0,26000,-3519500,-3493500
2008/11/21,0,25000,-5457000,-5432000
2008/11/24,0,109000,-956000,-847000
2008/11/25,0,1234000,-275853,958147
2008/11/26,0,1430000,0,1430000
2008/11/27,0,2208000,-20000,2188000
2008/11/28,0,419000,-904000,-485000
2008/12/01,0,3493000,-6124547,-2631547
2008/12/02,0,4060000,0,4060000
2008/12/03,0,682000,-302000,380000
2008/12/04,0,679000,-514000,165000
2008/12/05,0,1506000,-524000,982000
2008/12/08,0,2732000,-77000,2655000
2008/12/09,0,7281000,0,7281000
2008/12/10,0,2816000,-179000,2637000
2008/12/11,0,5812000,-6500000,-688000
2008/12/12,0,400000,-4178000,-3778000
2008/12/15,0,4107000,-1492000,2615000
2008/12/16,0,100000,-490000,-390000
2008/12/17,0,1556000,0,1556000
2008/12/18,0,873000,-758000,115000
2008/12/19,0,1230000,-4402000,-3172000
2008/12/22,0,554000,-4189000,-3635000
2008/12/23,0,165000,-428000,-263000
2008/12/24,0,833000,-405000,428000
2008/12/25,0,11000,0,11000
2008/12/26,0,509000,0,509000
2008/12/29,0,26000,-280000,-254000
2008/12/30,0,636000,0,636000
2008/12/31,0,1940000,0,1940000
2009/01/01,0,0,0,0
2009/01/02,0,0,0,0
2009/01/05,0,2265000,-235000,2030000
2009/01/06,0,415000,-3675000,-3260000
2009/01/07,0,130000,-4044000,-3914000
2009/01/08,0,201000,-3149000,-2948000
2009/01/09,0,81000,-224000,-143000
2009/01/12,0,17000,-2215000,-2198000
2009/01/13,0,480000,-1519500,-1039500
2009/01/14,0,11000,-234000,-223000
2009/01/15,0,85000,-1072000,-987000
2009/01/16,0,50000,-350000,-300000
2009/01/19,0,1449000,-1412000,37000
2009/01/20,0,77000,-464000,-387000
2009/01/21,0,50000,-3939000,-3889000
2009/01/22,0,0,0,0
2009/01/23,0,0,0,0
2009/01/26,0,0,0,0
2009/01/27,0,0,0,0
2009/01/28,0,0,0,0
2009/01/29,0,0,0,0
2009/01/30,0,0,0,0
2009/02/02,0,0,-3651000,-3651000
2009/02/03,0,300000,-8528000,-8228000
2009/02/04,0,0,-7075000,-7075000
2009/02/05,0,355000,-3000519,-2645519
2009/02/06,0,218000,-648000,-430000
2009/02/09,0,327000,-2512000,-2185000
2009/02/10,0,39000,-1068000,-1029000
2009/02/11,0,1010000,-1073000,-63000
2009/02/12,0,471000,-1056695,-585695
2009/02/13,0,400000,-330000,70000
2009/02/16,0,0,-160460,-160460
2009/02/17,0,450000,-175000,275000
2009/02/18,0,71000,-243000,-172000
2009/02/19,0,0,-660750,-660750
2009/02/20,0,277000,-831000,-554000
2009/02/23,0,1026000,-4174000,-3148000
2009/02/24,0,69000,-837000,-768000
2009/02/25,0,239000,-26000,213000
2009/02/26,0,253000,-2076000,-1823000
2009/02/27,0,843000,-813000,30000
2009/03/02,0,251000,-2731000,-2480000
2009/03/03,0,65000,-3049296,-2984296
2009/03/04,0,0,-825750,-825750
2009/03/05,0,9000,0,9000
2009/03/06,0,0,-737000,-737000
2009/03/09,0,25000,-1054000,-1029000
2009/03/10,0,40000,-5465,34535
2009/03/11,0,720000,-15000,705000
2009/03/12,0,100000,-110000,-10000
2009/03/13,0,820000,-801000,19000
2009/03/16,0,3462000,-402000,3060000
2009/03/17,0,1700000,-220000,1480000
2009/03/18,0,1705000,-79000,1626000
2009/03/19,0,5309000,-22000,5287000
2009/03/20,0,2097000,-15000,2082000
2009/03/23,0,645000,-2306000,-1661000
2009/03/24,0,4142000,-224000,3918000
2009/03/25,0,4783000,-1244919,3538081
2009/03/26,0,827000,-30000,797000
2009/03/27,0,973000,-400000,573000
2009/03/30,0,6010000,-200000,5810000
2009/03/31,0,447000,-27000,420000
2009/04/01,0,1697000,-870000,827000
2009/04/02,0,9185000,-925000,8260000
2009/04/03,0,7872000,-19000,7853000
2009/04/06,0,6864000,-203000,6661000
2009/04/07,0,186000,0,186000
2009/04/08,0,586000,-2513000,-1927000
2009/04/09,0,0,-1656000,-1656000
2009/04/10,0,3727000,-35000,3692000
2009/04/13,0,4183000,-120000,4063000
2009/04/14,0,636000,-60000,576000
2009/04/15,0,1972000,-546000,1426000
2009/04/16,0,3554000,-247000,3307000
2009/04/17,0,300000,-863000,-563000
2009/04/20,0,295000,-545000,-250000
2009/04/21,0,548000,-2005000,-1457000
2009/04/22,0,354000,-1342000,-988000
2009/04/23,0,218000,-1892000,-1674000
2009/04/24,0,325000,-274000,51000
2009/04/27,0,4000,-6490000,-6486000
2009/04/28,0,167000,-300000,-133000
2009/04/29,0,212000,-1020000,-808000
2009/04/30,0,250000,0,250000
2009/05/01,0,0,0,0
2009/05/04,0,0,0,0
2009/05/05,0,458000,-9000,449000
2009/05/06,0,6609000,-212000,6397000
2009/05/07,0,10301000,-1656000,8645000
2009/05/08,0,90000,-2914000,-2824000
2009/05/11,0,2649000,-1970000,679000
2009/05/12,0,1495000,-2047000,-552000
2009/05/13,0,190000,-326000,-136000
2009/05/14,0,100000,-2887000,-2787000
2009/05/15,0,139000,-2330000,-2191000
2009/05/18,0,500000,-240000,260000
2009/05/19,0,13469000,-91000,13378000
2009/05/20,0,1677000,-45000,1632000
2009/05/21,0,970000,-285350,684650
2009/05/22,0,1066000,-17000,1049000
2009/05/25,0,801000,-341000,460000
2009/05/26,0,276000,-375000,-99000
2009/05/27,0,1112000,-617000,495000
2009/05/28,0,0,0,0
2009/05/29,0,0,0,0
2009/06/01,0,110000,-142000,-32000
2009/06/02,0,171000,-77000,94000
2009/06/03,0,96000,0,96000
2009/06/04,0,0,-1602000,-1602000
2009/06/05,0,194000,-861000,-667000
2009/06/08,0,22000,-2360000,-2338000
2009/06/09,0,101000,-11319000,-11218000
2009/06/10,0,16000,-2807000,-2791000
2009/06/11,0,30000,-606000,-576000
2009/06/12,0,887000,-368000,519000
2009/06/15,0,472000,-280000,192000
2009/06/16,0,184000,-2640000,-2456000
2009/06/17,0,2881000,-1267000,1614000
2009/06/18,0,454000,0,454000
2009/06/19,0,763000,0,763000
2009/06/22,0,23000,-1120000,-1097000
2009/06/23,0,190000,-1300250,-1110250
2009/06/24,0,370000,0,370000
2009/06/25,0,8646000,0,8646000
2009/06/26,0,1993000,0,1993000
2009/06/29,0,73000,0,73000
2009/06/30,0,671000,-1020000,-349000
2009/07/01,0,30000,-2354000,-2324000
2009/07/02,0,221000,0,221000
2009/07/03,0,1310000,-242000,1068000
2009/07/06,0,659000,-6000,653000
2009/07/07,0,116000,-75000,41000
2009/07/08,0,0,-1484000,-1484000
2009/07/09,0,471000,-25000,446000
2009/07/10,0,0,-75000,-75000
2009/07/13,0,0,-3403000,-3403000
2009/07/14,0,95000,-1738000,-1643000
2009/07/15,0,720000,-940050,-220050
2009/07/16,0,322000,-454000,-132000
2009/07/17,0,0,-10000,-10000
2009/07/20,0,18000,-1928000,-1910000
2009/07/21,0,155000,-1795000,-1640000
2009/07/22,0,952000,-7000,945000
2009/07/23,0,0,-2707000,-2707000
2009/07/24,0,178000,-549000,-371000
2009/07/27,0,50000,-216000,-166000
2009/07/28,0,0,-400000,-400000
2009/07/29,0,169000,-645000,-476000
2009/07/30,0,700000,-2574000,-1874000
2009/07/31,0,0,-2433000,-2433000
2009/08/03,0,210000,-106000,104000
2009/08/04,0,0,-866000,-866000
2009/08/05,0,0,-192000,-192000
2009/08/06,0,0,-689000,-689000
2009/08/07,0,0,0,0
2009/08/10,0,27000,-378000,-351000
2009/08/11,0,270000,-2166000,-1896000
2009/08/12,0,0,-207000,-207000
2009/08/13,0,25000,-516350,-491350
2009/08/14,0,0,-464000,-464000
2009/08/17,0,0,-75000,-75000
2009/08/18,0,14000,-357000,-343000
2009/08/19,0,6000,-1711000,-1705000
2009/08/20,0,200000,-670000,-470000
2009/08/21,0,0,-340000,-340000
2009/08/24,0,1584000,-1800000,-216000
2009/08/25,0,80000,-811000,-731000
2009/08/26,0,500000,-861000,-361000
2009/08/27,0,30000,-575000,-545000
2009/08/28,0,7000,-694000,-687000
2009/08/31,0,36000,-1016000,-980000
2009/09/01,0,0,-65000,-65000
2009/09/02,0,0,-364000,-364000
2009/09/03,0,95000,-3748000,-3653000
2009/09/04,0,1000,-578000,-577000
2009/09/07,0,0,-14000,-14000
2009/09/08,0,1200000,0,1200000
2009/09/09,0,1617000,-857000,760000
2009/09/10,0,7382000,-246000,7136000
2009/09/11,0,686000,0,686000
2009/09/14,0,600000,-255000,345000
2009/09/15,0,984000,-160000,824000
2009/09/16,0,628000,0,628000
2009/09/17,0,1577000,-95000,1482000
2009/09/18,0,930000,-10000,920000
2009/09/21,0,0,-1292000,-1292000
2009/09/22,0,1243000,0,1243000
2009/09/23,0,400000,-6000,394000
2009/09/24,0,38000,-81000,-43000
2009/09/25,0,770000,0,770000
2009/09/28,0,968000,-15000,953000
2009/09/29,0,147000,-237000,-90000
2009/09/30,0,600000,-75000,525000
2009/10/01,0,598000,-504000,94000
2009/10/02,0,282000,-117000,165000
2009/10/05,0,714000,0,714000
2009/10/06,0,4361000,0,4361000
2009/10/07,0,7278000,0,7278000
2009/10/08,0,1484000,0,1484000
2009/10/09,0,1281000,0,1281000
2009/10/12,0,6029000,-222000,5807000
2009/10/13,0,407000,-1173000,-766000
2009/10/14,0,1347000,-8000,1339000
2009/10/15,0,351000,-1698000,-1347000
2009/10/16,0,0,0,0
2009/10/19,0,24000,0,24000
2009/10/20,0,1580000,-150000,1430000
2009/10/21,0,200000,-663000,-463000
2009/10/22,0,0,-697000,-697000
2009/10/23,0,0,-529000,-529000
2009/10/26,0,318000,-150000,168000
2009/10/27,0,11000,-80000,-69000
2009/10/28,0,0,-6000,-6000
2009/10/29,0,77000,-330000,-253000
2009/10/30,0,490000,-620100,-130100
2009/11/02,0,514000,-250000,264000
2009/11/03,0,36000,-1000000,-964000
2009/11/04,0,2292000,-3040000,-748000
2009/11/05,0,12000,-42000,-30000
2009/11/06,0,231000,-6000,225000
2009/11/09,0,512000,-530000,-18000
2009/11/10,0,6000,-11000,-5000
2009/11/11,0,300000,-21000,279000
2009/11/12,0,177000,-841000,-664000
2009/11/13,0,0,-840000,-840000
2009/11/16,0,719000,-253000,466000
2009/11/17,0,336000,-1942000,-1606000
2009/11/18,0,270000,-2452000,-2182000
2009/11/19,0,0,-5081000,-5081000
2009/11/20,0,0,-5308000,-5308000
2009/11/23,0,20000,-3235000,-3215000
2009/11/24,0,0,-840000,-840000
2009/11/25,0,6000,-1979000,-1973000
2009/11/26,0,0,-2228000,-2228000
2009/11/27,0,507000,-1163000,-656000
2009/11/30,0,30000,-2710000,-2680000
2009/12/01,0,0,-1785000,-1785000
2009/12/02,0,1588000,-1257000,331000
2009/12/03,0,1814000,-67000,1747000
2009/12/04,0,37000,-2239000,-2202000
2009/12/07,0,350000,-537000,-187000
2009/12/08,0,0,-330000,-330000
2009/12/09,0,0,-1977000,-1977000
2009/12/10,0,0,-2949200,-2949200
2009/12/11,0,10000,-1268000,-1258000
2009/12/14,0,0,-627000,-627000
2009/12/15,0,0,-16000,-16000
2009/12/16,0,0,-27000,-27000
2009/12/17,0,1650000,-527000,1123000
2009/12/18,0,750000,-212000,538000
2009/12/21,0,350000,0,350000
2009/12/22,0,2167000,-18000,2149000
2009/12/23,0,1023000,0,1023000
2009/12/24,0,511000,-250000,261000
2009/12/25,0,268000,-679000,-411000
2009/12/28,0,1609000,-200000,1409000
2009/12/29,0,271000,-200000,71000
2009/12/30,0,0,-32000,-32000
2009/12/31,0,0,-145000,-145000
2010/01/01,0,0,0,0
2010/01/04,0,470000,-37000,433000
2010/01/05,0,621000,-318000,303000
2010/01/06,0,1008000,-253000,755000
2010/01/07,0,920000,-9000,911000
2010/01/08,0,1745000,-104000,1641000
2010/01/11,0,934000,0,934000
2010/01/12,0,542000,-17000,525000
2010/01/13,0,1235000,-1758000,-523000
2010/01/14,0,0,-100000,-100000
2010/01/15,0,128000,-582150,-454150
2010/01/18,0,22000,-732000,-710000
2010/01/19,0,723000,-15000,708000
2010/01/20,0,0,-108000,-108000
2010/01/21,0,30000,-836000,-806000
2010/01/22,0,0,-15000,-15000
2010/01/25,0,18000,-85000,-67000
2010/01/26,0,80000,-190000,-110000
2010/01/27,0,162000,-60000,102000
2010/01/28,0,229000,-120000,109000
2010/01/29,0,19000,-956000,-937000
2010/02/01,0,83000,0,83000
2010/02/02,0,62000,-200000,-138000
2010/02/03,0,100000,-2000,98000
2010/02/04,0,13000,-188000,-175000
2010/02/05,0,10000,-739000,-729000
2010/02/08,0,30000,-207000,-177000
2010/02/09,0,36000,-1975000,-1939000
2010/02/10,0,0,-961000,-961000
2010/02/11,0,0,0,0
2010/02/12,0,0,0,0
2010/02/15,0,0,0,0
2010/02/16,0,0,0,0
2010/02/17,0,0,0,0
2010/02/18,0,0,0,0
2010/02/19,0,0,0,0
2010/02/22,0,429000,0,429000
2010/02/23,0,103000,-421000,-318000
2010/02/24,0,8000,-285000,-277000
2010/02/25,0,6000,0,6000
2010/02/26,0,713000,-423000,290000
2010/03/01,0,1704000,0,1704000
2010/03/02,0,1818000,-235000,1583000
2010/03/03,0,2595000,-200000,2395000
2010/03/04,0,2053000,-11000,2042000
2010/03/05,0,348000,-250000,98000
2010/03/08,0,550000,0,550000
2010/03/09,0,80000,-300000,-220000
2010/03/10,0,88000,-15000,73000
2010/03/11,0,0,-946000,-946000
2010/03/12,0,0,-399000,-399000
2010/03/15,0,0,-328000,-328000
2010/03/16,0,40000,-2000,38000
2010/03/17,0,17000,-251000,-234000
2010/03/18,0,0,-835000,-835000
2010/03/19,0,0,-131000,-131000
2010/03/22,0,0,-270000,-270000
2010/03/23,0,5000,-1563000,-1558000
2010/03/24,0,0,-1175000,-1175000
2010/03/25,0,0,-115050,-115050
2010/03/26,0,0,-663000,-663000
2010/03/29,0,13000,-740000,-727000
2010/03/30,0,144000,0,144000
2010/03/31,0,0,-321000,-321000
2010/04/01,0,0,-3167000,-3167000
2010/04/02,0,0,-2685000,-2685000
2010/04/05,0,0,0,0
2010/04/06,0,0,-8000,-8000
2010/04/07,0,0,-500000,-500000
2010/04/08,0,545000,-50000,495000
2010/04/09,0,237000,-357000,-120000
2010/04/12,0,304000,-6000,298000
2010/04/13,0,0,-9000,-9000
2010/04/14,0,93000,0,93000
2010/04/15,0,70000,-147000,-77000
2010/04/16,0,130000,-607000,-477000
2010/04/19,0,0,-420556,-420556
2010/04/20,0,7000,-677000,-670000
2010/04/21,0,0,-695000,-695000
2010/04/22,0,0,-2579000,-2579000
2010/04/23,0,0,-2075000,-2075000
2010/04/26,0,45000,-702000,-657000
2010/04/27,0,0,-307000,-307000
2010/04/28,0,0,-8000,-8000
2010/04/29,0,0,0,0
2010/04/30,0,0,-210000,-210000
2010/05/03,0,0,-8000,-8000
2010/05/04,0,0,0,0
2010/05/05,0,0,-20000,-20000
2010/05/06,0,1315000,0,1315000
2010/05/07,0,1637000,-1000,1636000
2010/05/10,0,289000,0,289000
2010/05/11,0,594000,0,594000
2010/05/12,0,50000,0,50000
2010/05/13,0,1300000,-300000,1000000
2010/05/14,0,0,-44000,-44000
2010/05/17,0,892000,-153000,739000
2010/05/18,0,180000,-500000,-320000
2010/05/19,0,617000,-18000,599000
2010/05/20,0,34000,-96000,-62000
2010/05/21,0,0,-100250,-100250
2010/05/24,0,0,-10000,-10000
2010/05/25,0,6000,-600000,-594000
2010/05/26,0,743000,-3741000,-2998000
2010/05/27,0,19000,-1003150,-984150
2010/05/28,0,0,-1044000,-1044000
2010/05/31,0,27000,-1218000,-1191000
2010/06/01,0,3000,-1852000,-1849000
2010/06/02,0,0,-55000,-55000
2010/06/03,0,0,-1021000,-1021000
2010/06/04,0,0,-1058000,-1058000
2010/06/07,0,0,0,0
2010/06/08,0,16000,-1152000,-1136000
2010/06/09,0,0,-3342000,-3342000
2010/06/10,0,18000,-1792000,-1774000
2010/06/11,0,199000,-876850,-677850
2010/06/14,0,3504000,-150000,3354000
2010/06/15,0,1510000,-337000,1173000
2010/06/16,0,0,0,0
2010/06/17,0,90000,-89000,1000
2010/06/18,0,600000,-115000,485000
2010/06/21,0,821000,0,821000
2010/06/22,0,538000,-845000,-307000
2010/06/23,0,50000,-142000,-92000
2010/06/24,0,65000,-6000,59000
2010/06/25,0,525000,-25000,500000
2010/06/28,0,435000,0,435000
2010/06/29,0,11000,-383000,-372000
2010/06/30,0,45000,-123000,-78000
2010/07/01,0,0,0,0
2010/07/02,0,1058000,-118000,940000
2010/07/05,0,138000,-125000,13000
2010/07/06,0,553000,0,553000
2010/07/07,0,70000,-236000,-166000
2010/07/08,0,2100000,-596000,1504000
2010/07/09,0,1174000,-727000,447000
2010/07/12,0,2000,-1230000,-1228000
2010/07/13,0,0,0,0
2010/07/14,0,331000,-300000,31000
2010/07/15,0,168000,-1532000,-1364000
2010/07/16,0,10463000,-425000,10038000
2010/07/19,0,551000,-709000,-158000
2010/07/20,0,0,-750000,-750000
2010/07/21,0,192000,-91000,101000
2010/07/22,0,13000,0,13000
2010/07/23,0,1000,0,1000
2010/07/26,0,51000,-143000,-92000
2010/07/27,0,67000,-12000,55000
2010/07/28,0,0,-1057000,-1057000
2010/07/29,0,140000,0,140000
2010/07/30,0,100000,-622000,-522000
2010/08/02,0,412000,-726000,-314000
2010/08/03,0,14000,-12000,2000
2010/08/04,0,172000,-1040000,-868000
2010/08/05,0,205000,-1522000,-1317000
2010/08/06,0,171000,-1125000,-954000
2010/08/09,0,304000,-86000,218000
2010/08/10,0,732000,0,732000
2010/08/11,0,144000,-68000,76000
2010/08/12,0,0,-1968000,-1968000
2010/08/13,0,0,-3222000,-3222000
2010/08/16,0,8000,-1861000,-1853000
2010/08/17,0,12000,-1385000,-1373000
2010/08/18,0,0,-1328000,-1328000
2010/08/19,0,998000,-279000,719000
2010/08/20,0,0,-1396000,-1396000
2010/08/23,0,788000,-1442000,-654000
2010/08/24,0,455000,-522000,-67000
2010/08/25,0,45000,-1569000,-1524000
2010/08/26,0,0,-6000,-6000
2010/08/27,0,575000,-492000,83000
2010/08/30,0,11000,-2394000,-2383000
2010/08/31,0,0,-290000,-290000
2010/09/01,0,212000,0,212000
2010/09/02,0,14000,0,14000
2010/09/03,0,4000,0,4000
2010/09/06,0,0,-371000,-371000
2010/09/07,0,28000,0,28000
2010/09/08,0,130000,0,130000
2010/09/09,0,0,0,0
2010/09/10,0,129000,0,129000
2010/09/13,0,657000,0,657000
2010/09/14,0,424000,0,424000
2010/09/15,0,621000,0,621000
2010/09/16,0,0,-179000,-179000
2010/09/17,0,0,-467000,-467000
2010/09/20,0,0,-314000,-314000
2010/09/21,0,0,-10000,-10000
2010/09/22,0,0,0,0
2010/09/23,0,0,-947800,-947800
2010/09/24,0,0,-631000,-631000
2010/09/27,0,0,-569000,-569000
2010/09/28,0,126000,-3124600,-2998600
2010/09/29,0,0,-258850,-258850
2010/09/30,0,0,-26600,-26600
2010/10/01,0,0,-539377,-539377
2010/10/04,0,0,-235525,-235525
2010/10/05,0,0,0,0
2010/10/06,0,0,-25000,-25000
2010/10/07,0,262000,0,262000
2010/10/08,0,0,0,0
2010/10/11,0,0,-99550,-99550
2010/10/12,0,0,-78000,-78000
2010/10/13,0,125000,0,125000
2010/10/14,0,68000,-46400,21600
2010/10/15,0,0,-13000,-13000
2010/10/18,0,156000,-6000,150000
2010/10/19,0,23000,-7000,16000
2010/10/20,0,0,0,0
2010/10/21,0,0,-1340000,-1340000
2010/10/22,0,0,-69000,-69000
2010/10/25,0,0,-885750,-885750
2010/10/26,0,0,-886000,-886000
2010/10/27,0,503000,0,503000
2010/10/28,0,0,0,0
2010/10/29,0,610000,-1000,609000
2010/11/01,0,20000,-150000,-130000
2010/11/02,0,1009000,0,1009000
2010/11/03,0,0,-8000,-8000
2010/11/04,0,207000,0,207000
2010/11/05,0,419000,0,419000
2010/11/08,0,89000,-8000,81000
2010/11/09,0,22000,-328000,-306000
2010/11/10,0,0,-10000,-10000
2010/11/11,0,13000,-155000,-142000
2010/11/12,0,0,-5000,-5000
2010/11/15,0,0,-3000,-3000
2010/11/16,0,0,-8000,-8000
2010/11/17,0,0,-14000,-14000
2010/11/18,0,0,0,0
2010/11/19,0,0,-341650,-341650
2010/11/22,0,0,-619000,-619000
2010/11/23,0,0,-1725352,-1725352
2010/11/24,0,0,-3705250,-3705250
2010/11/25,0,0,-1056100,-1056100
2010/11/26,0,0,-8000,-8000
2010/11/29,0,0,-3000,-3000
2010/11/30,0,0,-266800,-266800
2010/12/01,0,100000,-19000,81000
2010/12/02,0,0,-750000,-750000
2010/12/03,0,0,-192000,-192000
2010/12/06,0,893000,-1410000,-517000
2010/12/07,0,0,-304000,-304000
2010/12/08,0,0,-940000,-940000
2010/12/09,0,0,-1366000,-1366000
2010/12/10,0,0,-500000,-500000
2010/12/13,0,50000,-65000,-15000
2010/12/14,0,16000,-1135000,-1119000
2010/12/15,0,0,0,0
2010/12/16,0,0,-12000,-12000
2010/12/17,0,0,-999000,-999000
2010/12/20,0,0,-1163000,-1163000
2010/12/21,0,3000,0,3000
2010/12/22,0,373000,-1778175,-1405175
2010/12/23,0,90000,0,90000
2010/12/24,0,650000,0,650000
2010/12/27,0,150000,-6000,144000
2010/12/28,0,60000,-193000,-133000
2010/12/29,0,2714000,-120000,2594000
2010/12/30,0,192000,-969000,-777000
2010/12/31,0,369000,-205000,164000
2011/01/03,0,3639000,-450000,3189000
2011/01/04,0,885000,-31250,853750
2011/01/05,0,4745000,-370950,4374050
2011/01/06,0,468000,-150000,318000
2011/01/07,0,54000,-100000,-46000
2011/01/10,0,1245000,-11000,1234000
2011/01/11,0,851000,-120000,731000
2011/01/12,0,911000,-425000,486000
2011/01/13,0,3426000,0,3426000
2011/01/14,0,957000,-23000,934000
2011/01/17,0,430000,0,430000
2011/01/18,0,2077000,0,2077000
2011/01/19,0,50000,-31000,19000
2011/01/20,0,24000,-8000,16000
2011/01/21,0,513000,-53000,460000
2011/01/24,0,1500000,-225000,1275000
2011/01/25,0,177000,-25000,152000
2011/01/26,0,100000,-33000,67000
2011/01/27,0,25000,-22000,3000
2011/01/28,0,0,-41000,-41000
2011/01/31,0,0,0,0
2011/02/01,0,0,0,0
2011/02/02,0,0,0,0
2011/02/03,0,0,0,0
2011/02/04,0,0,0,0
2011/02/07,0,0,0,0
2011/02/08,0,500000,-463000,37000
2011/02/09,0,114000,0,114000
2011/02/10,0,331000,-575000,-244000
2011/02/11,0,20000,-1776000,-1756000
2011/02/14,0,316000,-1551000,-1235000
2011/02/15,0,15000,-1276000,-1261000
2011/02/16,0,0,-2031000,-2031000
2011/02/17,0,0,-800000,-800000
2011/02/18,0,898000,-51425,846575
2011/02/21,0,50000,-1046000,-996000
2011/02/22,0,0,-2731840,-2731840
2011/02/23,0,485000,-787000,-302000
2011/02/24,0,199000,0,199000
2011/02/25,0,256000,-43000,213000
2011/02/28,0,0,0,0
2011/03/01,0,420000,0,420000
2011/03/02,0,1000,-714000,-713000
2011/03/03,0,0,0,0
2011/03/04,0,40000,-1610000,-1570000
2011/03/07,0,0,-690000,-690000
2011/03/08,0,0,-100000,-100000
2011/03/09,0,12000,0,12000
2011/03/10,0,100000,-2642072,-2542072
2011/03/11,0,0,0,0
2011/03/14,0,11000,-564000,-553000
2011/03/15,0,6000,-1177000,-1171000
2011/03/16,0,0,0,0
2011/03/17,0,89000,-1742880,-1653880
2011/03/18,0,17000,-13000,4000
2011/03/21,0,0,0,0
2011/03/22,0,70000,0,70000
2011/03/23,0,40000,0,40000
2011/03/24,0,14000,-335000,-321000
2011/03/25,0,0,0,0
2011/03/28,0,189000,0,189000
2011/03/29,0,50000,0,50000
2011/03/30,0,0,-179000,-179000
2011/03/31,0,0,-119000,-119000
2011/04/01,0,0,-1770000,-1770000
2011/04/04,0,0,0,0
2011/04/05,0,0,0,0
2011/04/06,0,5000,0,5000
2011/04/07,0,19000,0,19000
2011/04/08,0,1079000,0,1079000
2011/04/11,0,0,0,0
2011/04/12,0,0,-1295000,-1295000
2011/04/13,0,130000,-170000,-40000
2011/04/14,0,80000,-311350,-231350
2011/04/15,0,40000,-597500,-557500
2011/04/18,0,90000,-177000,-87000
2011/04/19,0,360000,-167000,193000
2011/04/20,0,0,-390567,-390567
2011/04/21,0,100000,-39000,61000
2011/04/22,0,109000,0,109000
2011/04/25,0,1790000,-107000,1683000
2011/04/26,0,521000,-91000,430000
2011/04/27,0,963000,-122,962878
2011/04/28,0,3520000,-156000,3364000
2011/04/29,0,3000000,-565000,2435000
2011/05/02,0,0,0,0
2011/05/03,0,87000,-2000,85000
2011/05/04,0,889000,0,889000
2011/05/05,0,1163000,0,1163000
2011/05/06,0,388000,0,388000
2011/05/09,0,522000,0,522000
2011/05/10,0,192000,-110000,82000
2011/05/11,0,3107000,-1700000,1407000
2011/05/12,0,53000,-5000,48000
2011/05/13,0,53000,0,53000
2011/05/16,0,89000,0,89000
2011/05/17,0,0,0,0
2011/05/18,0,0,-300000,-300000
2011/05/19,0,4000,-100000,-96000
2011/05/20,0,150000,-2000,148000
2011/05/23,0,150000,-3000,147000
2011/05/24,0,178000,-972000,-794000
2011/05/25,0,150000,-280000,-130000
2011/05/26,0,4000,0,4000
2011/05/27,0,218000,0,218000
2011/05/30,0,54000,0,54000
2011/05/31,0,50000,-89000,-39000
2011/06/01,0,2040000,0,2040000
2011/06/02,0,1000,0,1000
2011/06/03,0,2250000,0,2250000
2011/06/06,0,0,0,0
2011/06/07,0,0,-280000,-280000
2011/06/08,0,5000,-150000,-145000
2011/06/09,0,0,0,0
2011/06/10,0,0,0,0
2011/06/13,0,0,0,0
2011/06/14,0,41000,-1652000,-1611000
2011/06/15,0,73000,0,73000
2011/06/16,0,0,0,0
2011/06/17,0,48000,-915000,-867000
2011/06/20,0,13000,0,13000
2011/06/21,0,21000,0,21000
2011/06/22,0,65000,0,65000
2011/06/23,0,68000,-260000,-192000
2011/06/24,0,9000,-1980000,-1971000
2011/06/27,0,0,-2824000,-2824000
2011/06/28,0,101000,-2579000,-2478000
2011/06/29,0,2766000,-1000000,1766000
2011/06/30,0,16000,0,16000
2011/07/01,0,175000,0,175000
2011/07/04,0,0,0,0
2011/07/05,0,50000,-132000,-82000
2011/07/06,0,0,-102000,-102000
2011/07/07,0,553000,-1100000,-547000
2011/07/08,0,210000,-954000,-744000
2011/07/11,0,1315000,0,1315000
2011/07/12,0,59000,-690000,-631000
2011/07/13,0,18000,0,18000
2011/07/14,0,22000,-2366000,-2344000
2011/07/15,0,488000,-1016000,-528000
2011/07/18,0,81000,0,81000
2011/07/19,0,813000,-616000,197000
2011/07/20,0,797000,-1095000,-298000
2011/07/21,0,157000,-803000,-646000
2011/07/22,0,401000,-285000,116000
2011/07/25,0,250000,-147000,103000
2011/07/26,0,538000,-46000,492000
2011/07/27,0,84000,-15000,69000
2011/07/28,0,0,-390000,-390000
2011/07/29,0,0,-1890000,-1890000
2011/08/01,0,10000,-805000,-795000
2011/08/02,0,0,-572000,-572000
2011/08/03,0,38000,-835000,-797000
2011/08/04,0,78000,-175800,-97800
2011/08/05,0,88000,-2620000,-2532000
2011/08/08,0,282000,-2642000,-2360000
2011/08/09,0,62000,-1788600,-1726600
2011/08/10,0,119000,0,119000
2011/08/11,0,113000,-1089000,-976000
2011/08/12,0,8000,-276000,-268000
2011/08/15,0,18000,-772000,-754000
2011/08/16,0,334000,-190000,144000
2011/08/17,0,0,-47000,-47000
2011/08/18,0,198000,-445000,-247000
2011/08/19,0,34000,-813000,-779000
2011/08/22,0,124000,-338000,-214000
2011/08/23,0,20000,0,20000
2011/08/24,0,0,0,0
2011/08/25,0,0,0,0
2011/08/26,0,96000,0,96000
2011/08/29,0,21000,0,21000
2011/08/30,0,0,0,0
2011/08/31,0,2000,-11000,-9000
2011/09/01,0,0,-6000,-6000
2011/09/02,0,123000,-18000,105000
2011/09/05,0,759000,-12000,747000
2011/09/06,0,0,-278675,-278675
2011/09/07,0,310000,-30000,280000
2011/09/08,0,0,0,0
2011/09/09,0,45000,-20000,25000
2011/09/12,0,0,0,0
2011/09/13,0,70000,-192514,-122514
2011/09/14,0,24000,0,24000
2011/09/15,0,26000,-56000,-30000
2011/09/16,0,67000,-1257060,-1190060
2011/09/19,0,11000,-118173,-107173
2011/09/20,0,169000,-300,168700
2011/09/21,0,0,-120791,-120791
2011/09/22,0,0,-14000,-14000
2011/09/23,0,14000,-256,13744
2011/09/26,0,51000,-820000,-769000
2011/09/27,0,19000,0,19000
2011/09/28,0,0,-10260,-10260
2011/09/29,0,59000,-46200,12800
2011/09/30,0,422000,-125900,296100
2011/10/03,0,0,-366100,-366100
2011/10/04,0,14000,0,14000
2011/10/05,0,57000,-17196,39804
2011/10/06,0,461000,-15000,446000
2011/10/07,0,758000,0,758000
2011/10/10,0,0,0,0
2011/10/11,0,2131000,0,2131000
2011/10/12,0,0,0,0
2011/10/13,0,17000,0,17000
2011/10/14,0,0,-12000,-12000
2011/10/17,0,0,-10846,-10846
2011/10/18,0,14000,-261271,-247271
2011/10/19,0,0,-104680,-104680
2011/10/20,0,0,-791000,-791000
2011/10/21,0,0,0,0
2011/10/24,0,16000,-2000,14000
2011/10/25,0,1352000,0,1352000
2011/10/26,0,5000,-762280,-757280
2011/10/27,0,11000,0,11000
2011/10/28,0,427000,-281000,146000
2011/10/31,0,77000,-17000,60000
2011/11/01,0,0,-14000,-14000
2011/11/02,0,26000,-30000,-4000
2011/11/03,0,7000,-2964000,-2957000
2011/11/04,0,40000,-1531000,-1491000
2011/11/07,0,0,-719315,-719315
2011/11/08,0,18000,-23000,-5000
2011/11/09,0,0,-30000,-30000
2011/11/10,0,5000,-5492,-492
2011/11/11,0,0,-4000,-4000
2011/11/14,0,95000,-7425,87575
2011/11/15,0,0,-440200,-440200
2011/11/16,0,0,-137700,-137700
2011/11/17,0,6000,0,6000
2011/11/18,0,13000,0,13000
2011/11/21,0,23000,0,23000
2011/11/22,0,11000,-261000,-250000
2011/11/23,0,38000,-100000,-62000
2011/11/24,0,26000,-981000,-955000
2011/11/25,0,28000,-318087,-290087
2011/11/28,0,11000,0,11000
2011/11/29,0,12000,-300000,-288000
2011/11/30,0,11000,-1247906,-1236906
2011/12/01,0,3863000,-132000,3731000
2011/12/02,0,61000,0,61000
2011/12/05,0,899000,-14000,885000
2011/12/06,0,0,0,0
2011/12/07,0,8000,0,8000
2011/12/08,0,11000,0,11000
2011/12/09,0,20,0,20
2011/12/12,0,0,0,0
2011/12/13,0,0,0,0
2011/12/14,0,0,-60000,-60000
2011/12/15,0,0,-2130000,-2130000
2011/12/16,0,6000,-1386000,-1380000
2011/12/19,0,86000,-750000,-664000
2011/12/20,0,12000,-1159000,-1147000
2011/12/21,0,650000,0,650000
2011/12/22,0,864000,0,864000
2011/12/23,0,1250000,-14000,1236000
2011/12/26,0,5000000,0,5000000
2011/12/27,0,1275000,-139000,1136000
2011/12/28,0,25000,-12000,13000
2011/12/29,0,353000,0,353000
2011/12/30,0,865000,-72000,793000
2012/01/02,0,28000,-700000,-672000
2012/01/03,0,353000,-42000,311000
2012/01/04,0,0,0,0
2012/01/05,0,61000,-46483,14517
2012/01/06,0,250000,-708000,-458000
2012/01/09,0,0,-1855000,-1855000
2012/01/10,0,0,-5000,-5000
2012/01/11,0,122000,-15000,107000
2012/01/12,0,0,-54000,-54000
2012/01/13,0,0,-132000,-132000
2012/01/16,0,50000,-922000,-872000
2012/01/17,0,165000,-163000,2000
2012/01/18,0,0,-413000,-413000
2012/01/19,0,0,0,0
2012/01/20,0,0,0,0
2012/01/23,0,0,0,0
2012/01/24,0,0,0,0
2012/01/25,0,0,0,0
2012/01/26,0,0,0,0
2012/01/27,0,0,0,0
2012/01/30,0,0,-8000,-8000
2012/01/31,0,230000,-387000,-157000
2012/02/01,0,575000,-22000,553000
2012/02/02,0,0,-17000,-17000
2012/02/03,0,220000,-21000,199000
2012/02/06,0,130000,-39000,91000
2012/02/07,0,1000,0,1000
2012/02/08,0,0,-10000,-10000
2012/02/09,0,703598,-194000,509598
2012/02/10,0,365000,-19000,346000
2012/02/13,0,72000,0,72000
2012/02/14,0,148000,-939000,-791000
2012/02/15,0,160000,-922000,-762000
2012/02/16,0,2000,-969000,-967000
2012/02/17,0,31000,0,31000
2012/02/20,0,0,-12000,-12000
2012/02/21,0,29000,0,29000
2012/02/22,0,0,0,0
2012/02/23,0,0,-10000,-10000
2012/02/24,0,0,-42000,-42000
2012/02/27,0,0,0,0
2012/02/28,0,0,0,0
2012/02/29,0,0,-55000,-55000
2012/03/01,0,25000,-24000,1000
2012/03/02,0,29000,-210000,-181000
2012/03/05,0,1424000,-1449000,-25000
2012/03/06,0,0,-154000,-154000
2012/03/07,0,44000,-300000,-256000
2012/03/08,0,10826,-21000,-10174
2012/03/09,0,30000,0,30000
2012/03/12,0,0,-7000,-7000
2012/03/13,0,413000,-24000,389000
2012/03/14,0,530000,-122000,408000
2012/03/15,0,370000,-205000,165000
2012/03/16,0,600000,-311000,289000
2012/03/19,0,300000,-1000,299000
2012/03/20,0,6594000,-11000,6583000
2012/03/21,0,0,-113000,-113000
2012/03/22,0,670000,0,670000
2012/03/23,0,1674000,-210000,1464000
2012/03/26,0,500000,-189000,311000
2012/03/27,0,600000,0,600000
2012/03/28,0,270000,0,270000
2012/03/29,0,0,0,0
2012/03/30,0,782000,-61000,721000
2012/04/02,0,1000000,-145000,855000
2012/04/03,0,363000,0,363000
2012/04/04,0,0,0,0
2012/04/05,0,4000,-305564,-301564
2012/04/06,0,577000,0,577000
2012/04/09,0,10000,-241000,-231000
2012/04/10,0,600000,0,600000
2012/04/11,0,0,-1615000,-1615000
2012/04/12,0,0,-471000,-471000
2012/04/13,0,1087000,0,1087000
2012/04/16,0,16000,0,16000
2012/04/17,0,500000,-1048000,-548000
2012/04/18,0,0,-800000,-800000
2012/04/19,0,0,-5102000,-5102000
2012/04/20,0,27000,-2100000,-2073000
2012/04/23,0,5000,-2774000,-2769000
2012/04/24,0,22000,0,22000
2012/04/25,0,0,0,0
2012/04/26,0,0,0,0
2012/04/27,0,214000,0,214000
2012/04/30,0,121000,0,121000
2012/05/01,0,0,0,0
2012/05/02,0,71000,0,71000
2012/05/03,0,0,-7051,-7051
2012/05/04,0,31000,-88000,-57000
2012/05/07,0,0,-600000,-600000
2012/05/08,0,50000,-200000,-150000
2012/05/09,0,0,-167000,-167000
2012/05/10,0,450000,0,450000
2012/05/11,0,491000,0,491000
2012/05/14,0,0,0,0
2012/05/15,0,53000,0,53000
2012/05/16,0,198000,-108000,90000
2012/05/17,0,308000,-2304874,-1996874
2012/05/18,0,90000,-200000,-110000
2012/05/21,0,192000,-145000,47000
2012/05/22,0,314000,0,314000
2012/05/23,0,200000,-642000,-442000
2012/05/24,0,0,0,0
2012/05/25,0,340000,0,340000
2012/05/28,0,151000,0,151000
2012/05/29,0,122000,0,122000
2012/05/30,0,148662,-500000,-351338
2012/05/31,0,30000,-257000,-227000
2012/06/01,0,35000,-1000,34000
2012/06/04,0,78000,0,78000
2012/06/05,0,250000,0,250000
2012/06/06,0,0,-196000,-196000
2012/06/07,0,0,-225000,-225000
2012/06/08,0,384000,0,384000
2012/06/11,0,84000,0,84000
2012/06/12,0,270000,0,270000
2012/06/13,0,160000,0,160000
2012/06/14,0,117000,0,117000
2012/06/15,0,116000,-401000,-285000
2012/06/18,0,0,-95000,-95000
2012/06/19,0,0,-40000,-40000
2012/06/20,0,0,0,0
2012/06/21,0,108000,0,108000
2012/06/22,0,0,0,0
2012/06/25,0,0,-85000,-85000
2012/06/26,0,6640,-83000,-76360
2012/06/27,0,0,0,0
2012/06/28,0,0,-28000,-28000
2012/06/29,0,0,0,0
2012/07/02,0,521000,-17000,504000
2012/07/03,0,173000,0,173000
2012/07/04,0,483000,0,483000
2012/07/05,0,209000,-8000,201000
2012/07/06,0,34000,-30000,4000
2012/07/09,0,100000,0,100000
2012/07/10,0,3000,0,3000
2012/07/11,0,141000,-74000,67000
2012/07/12,0,124000,-426000,-302000
2012/07/13,0,34000,-143000,-109000
2012/07/16,0,136000,-584000,-448000
2012/07/17,0,60000,0,60000
2012/07/18,0,228000,0,228000
2012/07/19,0,258000,-300000,-42000
2012/07/20,0,0,0,0
2012/07/23,0,0,-37000,-37000
2012/07/24,0,1000,-1000,0
2012/07/25,0,0,0,0
2012/07/26,0,41000,0,41000
2012/07/27,0,0,0,0
2012/07/30,0,119000,0,119000
2012/07/31,0,1148000,0,1148000
2012/08/01,0,265000,-9000,256000
2012/08/02,0,0,0,0
2012/08/03,0,0,-350000,-350000
2012/08/06,0,144000,-79000,65000
2012/08/07,0,66000,-305000,-239000
2012/08/08,0,60000,-74000,-14000
2012/08/09,0,177000,-91000,86000
2012/08/10,0,45000,-74000,-29000
2012/08/13,0,0,-20000,-20000
2012/08/14,0,54000,-350000,-296000
2012/08/15,0,661220,-683000,-21780
2012/08/16,0,30000,-681000,-651000
2012/08/17,0,3000,-446316,-443316
2012/08/20,0,0,-416000,-416000
2012/08/21,0,0,-225000,-225000
2012/08/22,0,4000,-277000,-273000
2012/08/23,0,205000,-155000,50000
2012/08/24,0,200000,-40000,160000
2012/08/27,0,206000,-11000,195000
2012/08/28,0,202000,-3000,199000
2012/08/29,0,60000,-227000,-167000
2012/08/30,0,0,-455000,-455000
2012/08/31,0,28000,-115000,-87000
2012/09/03,0,0,-10000,-10000
2012/09/04,0,0,0,0
2012/09/05,0,6000,-7000,-1000
2012/09/06,0,14000,0,14000
2012/09/07,0,11000,-6000,5000
2012/09/10,0,0,-15000,-15000
2012/09/11,0,0,0,0
2012/09/12,0,7000,0,7000
2012/09/13,0,6000,-20000,-14000
2012/09/14,0,1735000,0,1735000
2012/09/17,0,2823000,-161000,2662000
2012/09/18,0,2487000,-320000,2167000
2012/09/19,0,624000,-311000,313000
2012/09/20,0,737000,-553000,184000
2012/09/21,0,485000,-70000,415000
2012/09/24,0,277000,-30000,247000
2012/09/25,0,0,0,0
2012/09/26,0,240000,-49000,191000
2012/09/27,0,694000,0,694000
2012/09/28,0,107000,-1000,106000
2012/10/01,0,4000,-47500,-43500
2012/10/02,0,0,0,0
2012/10/03,0,0,0,0
2012/10/04,0,322000,-108500,213500
2012/10/05,0,7046000,-3000,7043000
2012/10/08,0,766000,-71000,695000
2012/10/09,0,6572000,0,6572000
2012/10/10,0,0,0,0
2012/10/11,0,915000,0,915000
2012/10/12,0,545000,-6050,538950
2012/10/15,0,200000,0,200000
2012/10/16,0,0,-3000,-3000
2012/10/17,0,93000,0,93000
2012/10/18,0,2053000,-17500,2035500
2012/10/19,0,0,-87000,-87000
2012/10/22,0,0,-298000,-298000
2012/10/23,0,36000,0,36000
2012/10/24,0,520000,0,520000
2012/10/25,0,280000,-10000,270000
2012/10/26,0,0,-575000,-575000
2012/10/29,0,0,-708975,-708975
2012/10/30,0,0,0,0
2012/10/31,0,0,-13000,-13000
2012/11/01,0,0,0,0
2012/11/02,0,12000,-26000,-14000
2012/11/05,0,0,-3000,-3000
2012/11/06,0,0,0,0
2012/11/07,0,0,-2066000,-2066000
2012/11/08,0,0,-1310000,-1310000
2012/11/09,0,0,-250000,-250000
2012/11/12,0,35000,-1996000,-1961000
2012/11/13,0,6000,-1869000,-1863000
2012/11/14,0,0,-776000,-776000
2012/11/15,0,84000,-1022000,-938000
2012/11/16,0,0,0,0
2012/11/19,0,0,0,0
2012/11/20,0,126000,0,126000
2012/11/21,0,0,0,0
2012/11/22,0,0,-2120589,-2120589
2012/11/23,0,400000,0,400000
2012/11/26,0,50000,-230054,-180054
2012/11/27,0,6000,-32000,-26000
2012/11/28,0,283000,-16000,267000
2012/11/29,0,130000,0,130000
2012/11/30,0,0,-388000,-388000
2012/12/03,0,90000,0,90000
2012/12/04,0,0,-6000,-6000
2012/12/05,0,0,-4000,-4000
2012/12/06,0,138000,0,138000
2012/12/07,0,320000,0,320000
2012/12/10,0,0,-66000,-66000
2012/12/11,0,0,-810000,-810000
2012/12/12,0,780000,-1164000,-384000
2012/12/13,0,1588000,-10000,1578000
2012/12/14,0,1000,-9000,-8000
2012/12/17,0,0,-36000,-36000
2012/12/18,0,100000,-10000,90000
2012/12/19,0,2370000,0,2370000
2012/12/20,0,50000,-4000,46000
2012/12/21,0,0,-281000,-281000
2012/12/24,0,0,-227000,-227000
2012/12/25,0,0,0,0
2012/12/26,0,0,0,0
2012/12/27,0,0,0,0
2012/12/28,0,100000,0,100000
2012/12/31,0,0,0,0
2013/01/01,0,0,0,0
2013/01/02,0,0,-100000,-100000
2013/01/03,0,0,-13000,-13000
2013/01/04,0,218000,-326000,-108000
2013/01/07,0,42000,-170000,-128000
2013/01/08,0,0,-407000,-407000
2013/01/09,0,0,-123000,-123000
2013/01/10,0,99000,-82000,17000
2013/01/11,0,1420000,-29000,1391000
2013/01/14,0,337000,-70000,267000
2013/01/15,0,633000,-17000,616000
2013/01/16,0,0,-56000,-56000
2013/01/17,0,10578,-155000,-144422
2013/01/18,0,527000,-15000,512000
2013/01/21,0,1551000,-84000,1467000
2013/01/22,0,663000,-20000,643000
2013/01/23,0,547000,-12000,535000
2013/01/24,0,1783000,-37000,1746000
2013/01/25,0,369000,-93000,276000
2013/01/28,0,0,-700000,-700000
2013/01/29,0,219000,-1083000,-864000
2013/01/30,0,1272000,-595000,677000
2013/01/31,0,318000,-315000,3000
2013/02/01,0,876000,0,876000
2013/02/04,0,3646000,-145000,3501000
2013/02/05,0,4216000,-250000,3966000
2013/02/06,0,3246000,-30000,3216000
2013/02/07,0,0,0,0
2013/02/08,0,0,0,0
2013/02/11,0,0,0,0
2013/02/12,0,0,0,0
2013/02/13,0,0,0,0
2013/02/14,0,0,0,0
2013/02/15,0,0,0,0
2013/02/18,0,9053000,-198000,8855000
2013/02/19,0,6027000,-118000,5909000
2013/02/20,0,1212000,0,1212000
2013/02/21,0,0,-628000,-628000
2013/02/22,0,520000,-578000,-58000
2013/02/25,0,0,-40000,-40000
2013/02/26,0,778000,-177000,601000
2013/02/27,0,944000,-542000,402000
2013/02/28,0,0,0,0
2013/03/01,0,1240000,-31000,1209000
2013/03/04,0,40000,-324000,-284000
2013/03/05,0,3322000,-121000,3201000
2013/03/06,0,1987000,-70000,1917000
2013/03/07,0,717000,-86000,631000
2013/03/08,0,4724000,-327000,4397000
2013/03/11,0,3582000,-158650,3423350
2013/03/12,0,1328000,0,1328000
2013/03/13,0,200000,-85000,115000
2013/03/14,0,676000,-112000,564000
2013/03/15,0,73000,-5397000,-5324000
2013/03/18,0,359000,-393000,-34000
2013/03/19,0,782000,-1594000,-812000
2013/03/20,0,1113000,0,1113000
2013/03/21,0,589000,0,589000
2013/03/22,0,0,-55000,-55000
2013/03/25,0,845000,0,845000
2013/03/26,0,491000,-200000,291000
2013/03/27,0,0,-136000,-136000
2013/03/28,0,40000,-1315000,-1275000
2013/03/29,0,5000,-1530000,-1525000
2013/04/01,0,0,-739000,-739000
2013/04/02,0,0,-3153000,-3153000
2013/04/03,0,70000,-670000,-600000
2013/04/04,0,0,0,0
2013/04/05,0,0,0,0
2013/04/08,0,40000,-851000,-811000
2013/04/09,0,250000,-822000,-572000
2013/04/10,0,0,-601000,-601000
2013/04/11,0,0,-282000,-282000
2013/04/12,0,0,-131000,-131000
2013/04/15,0,0,-6000,-6000
2013/04/16,0,0,-70000,-70000
2013/04/17,0,168000,-1717000,-1549000
2013/04/18,0,0,-1510000,-1510000
2013/04/19,0,331000,-2850881,-2519881
2013/04/22,0,638000,-110000,528000
2013/04/23,0,0,-1257000,-1257000
2013/04/24,0,496000,-124000,372000
2013/04/25,0,0,-830000,-830000
2013/04/26,0,249000,-131000,118000
2013/04/29,0,665000,-254000,411000
2013/04/30,0,1650000,-478000,1172000
2013/05/01,0,0,0,0
2013/05/02,0,0,0,0
2013/05/03,0,215000,-30000,185000
2013/05/06,0,1127000,-390000,737000
2013/05/07,0,278000,-1332000,-1054000
2013/05/08,0,87000,-3386250,-3299250
2013/05/09,0,155000,-2507000,-2352000
2013/05/10,0,400000,-1336000,-936000
2013/05/13,0,0,-99000,-99000
2013/05/14,0,1000,-3000,-2000
2013/05/15,0,347000,0,347000
2013/05/16,0,489000,0,489000
2013/05/17,0,0,-760000,-760000
2013/05/20,0,0,-1321000,-1321000
2013/05/21,0,21000,-314000,-293000
2013/05/22,0,0,-876000,-876000
2013/05/23,0,650000,-1356000,-706000
2013/05/24,0,0,-332000,-332000
2013/05/27,0,0,-1413053,-1413053
2013/05/28,0,0,-1080000,-1080000
2013/05/29,0,80000,-615000,-535000
2013/05/30,0,0,-629000,-629000
2013/05/31,0,1000,-121000,-120000
2013/06/03,0,0,-1365000,-1365000
2013/06/04,0,1000,-285000,-284000
2013/06/05,0,0,-50000,-50000
2013/06/06,0,0,-30000,-30000
2013/06/07,0,0,-4000,-4000
2013/06/10,0,1000,0,1000
2013/06/11,0,91000,0,91000
2013/06/12,0,0,0,0
2013/06/13,0,51000,-81000,-30000
2013/06/14,0,40000,0,40000
2013/06/17,0,1258000,-1000,1257000
2013/06/18,0,698000,-161000,537000
2013/06/19,0,375000,-7000,368000
2013/06/20,0,0,-160000,-160000
2013/06/21,0,136000,-191000,-55000
2013/06/24,0,4325000,-289000,4036000
2013/06/25,0,1355000,0,1355000
2013/06/26,0,86000,-18000,68000
2013/06/27,0,4000,0,4000
2013/06/28,0,234000,-400,233600
2013/07/01,0,141000,-362000,-221000
2013/07/02,0,1690000,-65000,1625000
2013/07/03,0,819000,-946000,-127000
2013/07/04,0,1686000,0,1686000
2013/07/05,0,1781000,-244000,1537000
2013/07/08,0,813000,-100000,713000
2013/07/09,0,1154000,0,1154000
2013/07/10,0,1391000,0,1391000
2013/07/11,0,843000,-762465,80535
2013/07/12,0,3407000,-187000,3220000
2013/07/15,0,898000,0,898000
2013/07/16,0,0,0,0
2013/07/17,0,116000,0,116000
2013/07/18,0,4441000,-24000,4417000
2013/07/19,0,572000,0,572000
2013/07/22,0,140000,0,140000
2013/07/23,0,1549000,0,1549000
2013/07/24,0,234000,-300000,-66000
2013/07/25,0,321000,-254000,67000
2013/07/26,0,0,-365000,-365000
2013/07/29,0,0,0,0
2013/07/30,0,257000,0,257000
2013/07/31,0,292000,-5000,287000
2013/08/01,0,30000,0,30000
2013/08/02,0,390000,-502000,-112000
2013/08/05,0,500000,0,500000
2013/08/06,0,233000,-197000,36000
2013/08/07,0,283000,0,283000
2013/08/08,0,600000,0,600000
2013/08/09,0,0,0,0
2013/08/12,0,7000,-58000,-51000
2013/08/13,0,189000,-59000,130000
2013/08/14,0,148000,0,148000
2013/08/15,0,0,-6000,-6000
2013/08/16,0,3000,0,3000
2013/08/19,0,262000,0,262000
2013/08/20,0,151000,-700000,-549000
2013/08/21,0,0,0,0
2013/08/22,0,13000,0,13000
2013/08/23,0,23000,-247000,-224000
2013/08/26,0,185000,0,185000
2013/08/27,0,0,0,0
2013/08/28,0,19000,0,19000
2013/08/29,0,89000,-120000,-31000
2013/08/30,0,165000,0,165000
2013/09/02,0,200000,0,200000
2013/09/03,0,733858,-2100000,-1366142
2013/09/04,0,0,0,0
2013/09/05,0,0,-835000,-835000
2013/09/06,0,13000,-150000,-137000
2013/09/09,0,500000,-1005000,-505000
2013/09/10,0,31000,-600000,-569000
2013/09/11,0,957000,0,957000
2013/09/12,0,82000,0,82000
2013/09/13,0,46000,-6065,39935
2013/09/16,0,8000,0,8000
2013/09/17,0,0,-704331,-704331
2013/09/18,0,482000,-897000,-415000
2013/09/19,0,0,0,0
2013/09/20,0,0,0,0
2013/09/23,0,219409,-2000,217409
2013/09/24,0,0,-111000,-111000
2013/09/25,0,0,-15668,-15668
2013/09/26,0,4000,-1917000,-1913000
2013/09/27,0,100000,-1827,98173
2013/09/30,0,586000,-308000,278000
2013/10/01,0,3000,-66000,-63000
2013/10/02,0,112000,-2000,110000
2013/10/03,0,1948000,0,1948000
2013/10/04,0,297000,-1018534,-721534
2013/10/07,0,1481000,-277000,1204000
2013/10/08,0,274000,0,274000
2013/10/09,0,1205000,0,1205000
2013/10/10,0,0,0,0
2013/10/11,0,253000,-5000,248000
2013/10/14,0,657000,0,657000
2013/10/15,0,1068000,0,1068000
2013/10/16,0,0,-100000,-100000
2013/10/17,0,583000,-500000,83000
2013/10/18,0,0,-1070825,-1070825
2013/10/21,0,605000,0,605000
2013/10/22,0,0,-52000,-52000
2013/10/23,0,0,-96000,-96000
2013/10/24,0,0,-333000,-333000
2013/10/25,0,0,-4000,-4000
2013/10/28,0,0,-236261,-236261
2013/10/29,0,102000,-2000,100000
2013/10/30,0,25000,-100000,-75000
2013/10/31,0,366000,0,366000
2013/11/01,0,0,-301000,-301000
2013/11/04,0,280000,-100000,180000
2013/11/05,0,0,-291000,-291000
2013/11/06,0,0,-315000,-315000
2013/11/07,0,0,-27000,-27000
2013/11/08,0,698000,0,698000
2013/11/11,0,200000,0,200000
2013/11/12,0,50000,-1402000,-1352000
2013/11/13,0,0,0,0
2013/11/14,0,0,-131000,-131000
2013/11/15,0,0,0,0
2013/11/18,0,0,-61652,-61652
2013/11/19,0,1441000,0,1441000
2013/11/20,0,659000,0,659000
2013/11/21,0,90000,-73000,17000
2013/11/22,0,559000,0,559000
2013/11/25,0,823045,0,823045
2013/11/26,0,736000,-15000,721000
2013/11/27,0,1063000,0,1063000
2013/11/28,0,0,0,0
2013/11/29,0,37000,-111000,-74000
2013/12/02,0,193000,-12000,181000
2013/12/03,0,0,-591000,-591000
2013/12/04,0,0,-133000,-133000
2013/12/05,0,40000,-202000,-162000
2013/12/06,0,0,-83000,-83000
2013/12/09,0,90000,-399000,-309000
2013/12/10,0,60000,-200000,-140000
2013/12/11,0,100000,0,100000
2013/12/12,0,0,-405000,-405000
2013/12/13,0,40000,-3000,37000
2013/12/16,0,0,-60000,-60000
2013/12/17,0,1536000,-135826,1400174
2013/12/18,0,0,-1194000,-1194000
2013/12/19,0,33000,-18325,14675
2013/12/20,0,69000,-411000,-342000
2013/12/23,0,645000,-1065799,-420799
2013/12/24,0,241000,-152000,89000
2013/12/25,0,0,-37000,-37000
2013/12/26,0,0,-223000,-223000
2013/12/27,0,30000,-25000,5000
2013/12/30,0,434000,-178000,256000
2013/12/31,0,943000,-582000,361000
2014/01/02,0,283000,-82000,201000
2014/01/03,0,534000,-496929,37071
2014/01/06,0,41000,-457000,-416000
2014/01/07,0,102000,-82807,19193
2014/01/08,0,92000,0,92000
2014/01/09,0,375000,-904000,-529000
2014/01/10,0,20000,-956515,-936515
2014/01/13,0,0,-328000,-328000
2014/01/14,0,6000,-1995751,-1989751
2014/01/15,0,0,-581044,-581044
2014/01/16,0,79000,0,79000
2014/01/17,0,41000,-6000,35000
2014/01/20,0,0,-164000,-164000
2014/01/21,0,0,-424000,-424000
2014/01/22,0,142000,-3882000,-3740000
2014/01/23,0,0,-275000,-275000
2014/01/24,0,0,-505516,-505516
2014/01/27,0,0,-338000,-338000
2014/02/05,0,129000,-2209527,-2080527
2014/02/06,0,30293,-2836738,-2806445
2014/02/07,0,56000,-669000,-613000
2014/02/10,0,773000,-1325650,-552650
2014/02/11,0,0,-764331,-764331
2014/02/12,0,0,-804000,-804000
2014/02/13,0,0,-605323,-605323
2014/02/14,0,0,-1089829,-1089829
2014/02/17,0,0,-553940,-553940
2014/02/18,0,0,-1472000,-1472000
2014/02/19,0,0,-1692000,-1692000
2014/02/20,0,0,-569112,-569112
2014/02/21,0,0,-360502,-360502
2014/02/24,0,0,-6264374,-6264374
2014/02/25,0,0,-2199222,-2199222
2014/02/26,0,0,-2619000,-2619000
2014/02/27,0,0,-1943074,-1943074
2014/03/03,0,0,-722723,-722723
2014/03/04,0,0,-2842806,-2842806
2014/03/05,0,1000,-938533,-937533
2014/03/06,0,0,-813279,-813279
2014/03/07,0,100000,-186932,-86932
2014/03/10,0,0,-220000,-220000
2014/03/11,0,0,-1052000,-1052000
2014/03/12,0,0,-135440,-135440
2014/03/13,0,600000,-76000,524000
2014/03/14,0,300000,-4000,296000
2014/03/17,0,0,-785000,-785000
2014/03/18,0,300000,-214774,85226
2014/03/19,0,959000,-348459,610541
2014/03/20,0,0,-545742,-545742
2014/03/21,0,0,-105000,-105000
2014/03/24,0,0,-677561,-677561
2014/03/25,0,100000,0,100000
2014/03/26,0,0,0,0
2014/03/27,0,138000,-116000,22000
2014/03/28,0,0,-20000,-20000
2014/03/31,0,0,-761000,-761000
2014/04/01,0,0,-124000,-124000
2014/04/02,0,0,-789032,-789032
2014/04/03,0,0,-116000,-116000
2014/04/07,0,0,-286000,-286000
2014/04/08,0,0,-150000,-150000
2014/04/09,0,0,0,0
2014/04/10,0,12170,-69000,-56830
2014/04/11,0,1098000,-150000,948000
2014/04/14,0,11000,-626000,-615000
2014/04/15,0,10000,0,10000
2014/04/16,0,0,-315000,-315000
2014/04/17,0,60000,-427000,-367000
2014/04/18,0,0,-1546000,-1546000
2014/04/21,0,0,-46000,-46000
2014/04/22,0,90000,-716,89284
2014/04/23,0,0,0,0
2014/04/24,0,0,-200000,-200000
2014/04/25,0,0,-792000,-792000
2014/04/28,0,0,-158672,-158672
2014/04/29,0,1268000,-356000,912000
2014/04/30,0,827000,-427000,400000
2014/05/02,0,150000,-1799000,-1649000
2014/05/05,0,33000,-1112510,-1079510
2014/05/06,0,1105000,-1373000,-268000
2014/05/07,0,915000,-100000,815000
2014/05/08,0,4520000,-23000,4497000
2014/05/09,0,0,0,0
2014/05/12,0,206000,0,206000
2014/05/13,0,486000,-5000,481000
2014/05/14,0,864000,0,864000
2014/05/15,0,0,-16000,-16000
2014/05/16,0,0,-609000,-609000
2014/05/19,0,0,-8000,-8000
2014/05/20,0,0,0,0
2014/05/21,0,65000,-1000,64000
2014/05/22,0,32000,-13000,19000
2014/05/23,0,0,-150000,-150000
2014/05/26,0,7000,-119000,-112000
2014/05/27,0,1000,-188000,-187000
2014/05/28,0,427000,0,427000
2014/05/29,0,0,-15000,-15000
2014/05/30,0,0,-231000,-231000
2014/06/03,0,300000,0,300000
2014/06/04,0,0,0,0
2014/06/05,0,0,-1120000,-1120000
2014/06/06,0,0,-191000,-191000
2014/06/09,0,0,0,0
2014/06/10,0,0,-20000,-20000
2014/06/11,0,404000,-679000,-275000
2014/06/12,0,0,-405000,-405000
2014/06/13,0,80000,-29000,51000
2014/06/16,0,556000,-50000,506000
2014/06/17,0,184000,0,184000
2014/06/18,0,824000,-4000,820000
2014/06/19,0,115000,0,115000
2014/06/20,0,0,-474000,-474000
2014/06/23,0,0,-81000,-81000
2014/06/24,0,132000,-61000,71000
2014/06/25,0,80000,-17000,63000
2014/06/26,0,0,0,0
2014/06/27,0,0,0,0
2014/06/30,0,0,-38000,-38000
2014/07/01,0,55000,-228000,-173000
2014/07/02,0,1182626,0,1182626
2014/07/03,0,0,-355000,-355000
2014/07/04,0,0,-618000,-618000
2014/07/07,0,0,-701000,-701000
2014/07/08,0,0,-14000,-14000
2014/07/09,0,1432000,0,1432000
2014/07/10,0,793000,0,793000
2014/07/11,0,838000,0,838000
2014/07/14,0,769000,0,769000
2014/07/15,0,2341000,-76000,2265000
2014/07/16,0,225000,0,225000
2014/07/17,0,745000,-32000,713000
2014/07/18,0,210000,0,210000
2014/07/21,0,300000,-200000,100000
2014/07/22,0,321000,-1700000,-1379000
2014/07/23,0,0,0,0
2014/07/24,0,546000,-999000,-453000
2014/07/25,0,1413000,-401000,1012000
2014/07/28,0,598000,-504200,93800
2014/07/29,0,1317000,-490000,827000
2014/07/30,0,131000,-948000,-817000
2014/07/31,0,67000,-119239,-52239
2014/08/01,0,192000,-902000,-710000
2014/08/04,0,0,-2000,-2000
2014/08/05,0,93000,-1365000,-1272000
2014/08/06,0,367000,0,367000
2014/08/07,0,83000,-133000,-50000
2014/08/08,0,227000,0,227000
2014/08/11,0,569000,0,569000
2014/08/12,0,130000,-1555000,-1425000
2014/08/13,0,17000,0,17000
2014/08/14,0,38000,-1100000,-1062000
2014/08/15,0,63000,0,63000
2014/08/18,0,133000,0,133000
2014/08/19,0,204000,0,204000
2014/08/20,0,1231000,0,1231000
2014/08/21,0,393000,-15000,378000
2014/08/22,0,1123000,0,1123000
2014/08/25,0,79000,0,79000
2014/08/26,0,176000,0,176000
2014/08/27,0,145000,0,145000
2014/08/28,0,1383000,-824000,559000
2014/08/29,0,2000,-2000,0
2014/09/01,0,890000,-66000,824000
2014/09/02,0,0,-323000,-323000
2014/09/03,0,36000,0,36000
2014/09/04,0,732000,-72000,660000
2014/09/05,0,1173000,0,1173000
2014/09/09,0,339000,-117000,222000
2014/09/10,0,731000,0,731000
2014/09/11,0,1173000,-508000,665000
2014/09/12,0,223000,0,223000
2014/09/15,0,81000,0,81000
2014/09/16,0,351000,0,351000
2014/09/17,0,515000,-2000,513000
2014/09/18,0,41000,0,41000
2014/09/19,0,321000,-28000,293000
2014/09/22,0,117044,0,117044
2014/09/23,0,37000,0,37000
2014/09/24,0,835000,-193000,642000
2014/09/25,0,0,0,0
2014/09/26,0,0,-72000,-72000
2014/09/29,0,0,0,0
2014/09/30,0,69000,0,69000
2014/10/01,0,0,-80000,-80000
2014/10/02,0,13000,-165000,-152000
2014/10/03,0,0,0,0
2014/10/06,0,712000,-7000,705000
2014/10/07,0,15000,0,15000
2014/10/08,0,185000,-900000,-715000
2014/10/09,0,115000,-2900,112100
2014/10/13,0,748000,0,748000
2014/10/14,0,0,-72519,-72519
2014/10/15,0,671000,-470000,201000
2014/10/16,0,0,-300000,-300000
2014/10/17,0,195000,-704000,-509000
2014/10/20,0,0,0,0
2014/10/21,0,35000,-77000,-42000
2014/10/22,0,100000,-48000,52000
2014/10/23,0,109000,-90000,19000
2014/10/24,0,15000,-652807,-637807
2014/10/27,0,141000,-1052000,-911000
2014/10/28,0,1377000,-402000,975000
2014/10/29,0,1323000,-180000,1143000
2014/10/30,0,566000,-350000,216000
2014/10/31,0,1739000,0,1739000
2014/11/03,0,1950000,-342500,1607500
2014/11/04,0,400000,-294900,105100
2014/11/05,0,0,-437000,-437000
2014/11/06,0,200000,0,200000
2014/11/07,0,115000,-36000,79000
2014/11/10,0,933000,0,933000
2014/11/11,0,564000,-30000,534000
2014/11/12,0,64000,0,64000
2014/11/13,0,1152000,-20000,1132000
2014/11/14,0,270000,0,270000
2014/11/17,0,0,-69000,-69000
2014/11/18,0,0,0,0
2014/11/19,0,0,-50000,-50000
2014/11/20,0,112000,-162066,-50066
2014/11/21,0,30000,0,30000
2014/11/24,0,50000,-100500,-50500
2014/11/25,0,53000,-462000,-409000
2014/11/26,0,0,-1362150,-1362150
2014/11/27,0,15000,-205222,-190222
2014/11/28,0,0,0,0
2014/12/01,0,0,-3725113,-3725113
2014/12/02,0,0,-12691439,-12691439
2014/12/03,0,0,-2931135,-2931135
2014/12/04,0,55000,-2495691,-2440691
2014/12/05,0,0,-544798,-544798
2014/12/08,0,0,-340200,-340200
2014/12/09,0,0,-155006,-155006
2014/12/10,0,0,-541000,-541000
2014/12/11,0,0,-719085,-719085
2014/12/12,0,37000,-1205695,-1168695
2014/12/15,0,0,-469250,-469250
2014/12/16,0,7000,-323050,-316050
2014/12/17,0,268000,-1330000,-1062000
2014/12/18,0,10000,-1387500,-1377500
2014/12/19,0,200000,-1104000,-904000
2014/12/22,0,90000,0,90000
2014/12/23,0,0,0,0
2014/12/24,0,0,-942000,-942000
2014/12/25,0,0,0,0
2014/12/26,0,0,-200000,-200000
2014/12/29,0,0,-414000,-414000
2014/12/30,0,0,-217000,-217000
2014/12/31,0,0,-1032000,-1032000
2015/01/01,0,0,0,0
2015/01/02,0,0,0,0
2015/01/05,0,0,-1318000,-1318000
2015/01/06,0,0,-4006598,-4006598
2015/01/07,0,0,-199000,-199000
2015/01/08,0,0,-313500,-313500
2015/01/09,0,0,-32517,-32517
2015/01/12,0,0,-271050,-271050
2015/01/13,0,0,-836000,-836000
2015/01/14,0,0,0,0
2015/01/15,0,0,-207000,-207000
2015/01/16,0,0,-426000,-426000
2015/01/19,0,0,-1955372,-1955372
2015/01/20,0,0,0,0
2015/01/21,0,0,-509000,-509000
2015/01/22,0,141000,0,141000
2015/01/23,0,429000,-52000,377000
2015/01/26,0,0,0,0
2015/01/27,0,0,-647081,-647081
2015/01/28,0,281000,-1013000,-732000
2015/01/29,0,150000,-236000,-86000
2015/01/30,0,0,-111300,-111300
2015/02/02,0,0,-450,-450
2015/02/03,0,42000,-595000,-553000
2015/02/04,0,1429000,-1000,1428000
2015/02/05,0,662000,0,662000
2015/02/06,0,228000,0,228000
2015/02/09,0,98000,-79000,19000
2015/02/10,0,194000,0,194000
2015/02/11,0,2636000,0,2636000
2015/02/12,0,1581000,0,1581000
2015/02/13,0,661000,-37000,624000
2015/02/16,0,0,0,0
2015/02/17,0,0,0,0
2015/02/18,0,0,0,0
2015/02/19,0,0,0,0
2015/02/20,0,0,0,0
2015/02/23,0,0,0,0
2015/02/24,0,800000,0,800000
2015/02/25,0,0,-83000,-83000
2015/02/26,0,0,-92000,-92000
2015/02/27,0,0,0,0
2015/03/02,0,72000,0,72000
2015/03/03,0,0,-5000,-5000
2015/03/04,0,343000,-133000,210000
2015/03/05,0,0,-20000,-20000
2015/03/06,0,25000,-25000,0
2015/03/09,0,0,-11000,-11000
2015/03/10,0,0,0,0
2015/03/11,0,0,-30000,-30000
2015/03/12,0,1370000,-1220,1368780
2015/03/13,0,578000,-18000,560000
2015/03/16,0,647000,-2000,645000
2015/03/17,0,0,-7000,-7000
2015/03/18,0,158000,-21000,137000
2015/03/19,0,781000,-846000,-65000
2015/03/20,0,678000,-67000,611000
2015/03/23,0,342000,-32000,310000
2015/03/24,0,755000,-9000,746000
2015/03/25,0,50000,-60000,-10000
2015/03/26,0,381000,0,381000
2015/03/27,0,598000,-127000,471000
2015/03/30,0,50000,0,50000
2015/03/31,0,711000,0,711000
2015/04/01,0,721000,0,721000
2015/04/02,0,50000,0,50000
2015/04/03,0,0,0,0
2015/04/06,0,0,0,0
2015/04/07,0,800000,0,800000
2015/04/08,0,0,0,0
2015/04/09,0,656000,0,656000
2015/04/10,0,229000,0,229000
2015/04/13,0,18000,-89000,-71000
2015/04/14,0,0,0,0
2015/04/15,0,76000,0,76000
2015/04/16,0,0,0,0
2015/04/17,0,25000,-137000,-112000
2015/04/20,0,10000,-1000,9000
2015/04/21,0,29000,0,29000
2015/04/22,0,1280000,0,1280000
2015/04/23,0,3308000,0,3308000
2015/04/24,0,3829000,-5000,3824000
2015/04/27,0,1962000,0,1962000
2015/04/28,0,3512000,-10000,3502000
2015/04/29,0,1864000,-11000,1853000
2015/04/30,0,52000,-427000,-375000
2015/05/01,0,0,0,0
2015/05/04,0,946000,0,946000
2015/05/05,0,94000,-189000,-95000
2015/05/06,0,1498000,0,1498000
2015/05/07,0,732000,0,732000
2015/05/08,0,388000,-125000,263000
2015/05/11,0,835000,0,835000
2015/05/12,0,530000,0,530000
2015/05/13,0,116000,0,116000
2015/05/14,0,37000,-758000,-721000
2015/05/15,0,27000,-26000,1000
2015/05/18,0,0,-1303000,-1303000
2015/05/19,0,406000,-595000,-189000
2015/05/20,0,92000,0,92000
2015/05/21,0,132000,-391000,-259000
2015/05/22,0,90000,-1240000,-1150000
2015/05/25,0,0,-579000,-579000
2015/05/26,0,183000,0,183000
2015/05/27,0,784000,-186400,597600
2015/05/28,0,44000,-5000,39000
2015/05/29,0,0,-975000,-975000
2015/06/01,0,42000,-953000,-911000
2015/06/02,0,0,-1268000,-1268000
2015/06/03,0,363000,-122000,241000
2015/06/04,0,103000,-2681,100319
2015/06/05,0,0,-563000,-563000
2015/06/08,0,0,-20000,-20000
2015/06/09,0,0,-23000,-23000
2015/06/10,0,200000,0,200000
2015/06/11,0,0,0,0
2015/06/12,0,98000,-992000,-894000
2015/06/15,0,34000,0,34000
2015/06/16,0,0,-533000,-533000
2015/06/17,0,0,-254000,-254000
2015/06/18,0,0,-1062000,-1062000
2015/06/19,0,0,0,0
2015/06/22,0,151000,-33000,118000
2015/06/23,0,734000,-872,733128
2015/06/24,0,47000,-67000,-20000
2015/06/25,0,44000,-9000,35000
2015/06/26,0,160000,0,160000
2015/06/29,0,0,-2000,-2000
2015/06/30,0,0,-73000,-73000
2015/07/01,0,0,-376000,-376000
2015/07/02,0,0,-354000,-354000
2015/07/03,0,32000,-141000,-109000
2015/07/06,0,0,0,0
2015/07/07,0,128000,0,128000
2015/07/08,0,730000,-1205000,-475000
2015/07/09,0,442000,-405000,37000
2015/07/10,0,0,0,0
2015/07/13,0,350000,-382000,-32000
2015/07/14,0,663000,0,663000
2015/07/15,0,208000,0,208000
2015/07/16,0,45000,0,45000
2015/07/17,0,767000,-216000,551000
2015/07/20,0,275000,0,275000
2015/07/21,0,5000,0,5000
2015/07/22,0,239000,-14000,225000
2015/07/23,0,317000,0,317000
2015/07/24,0,206000,0,206000
2015/07/27,0,30000,0,30000
2015/07/28,0,178000,0,178000
2015/07/29,0,144000,-23000,121000
2015/07/30,0,311000,0,311000
2015/07/31,0,29000,0,29000
2015/08/03,0,215000,0,215000
2015/08/04,0,338000,0,338000
2015/08/05,0,427000,0,427000
2015/08/06,0,121000,0,121000
2015/08/07,0,144000,0,144000
2015/08/10,0,33000,-333000,-300000
2015/08/11,0,914000,0,914000
2015/08/12,0,170000,-1062000,-892000
2015/08/13,0,22000,-1323000,-1301000
2015/08/14,0,0,-297000,-297000
2015/08/17,0,7000,-373000,-366000
2015/08/18,0,1000,-2845900,-2844900
2015/08/19,0,4000,-2958250,-2954250
2015/08/20,0,174000,-763000,-589000
2015/08/21,0,0,-419000,-419000
2015/08/24,0,0,-889000,-889000
2015/08/25,0,613667,-210000,403667
2015/08/26,0,637000,-460000,177000
2015/08/27,0,36000,-462000,-426000
2015/08/28,0,6000,-146000,-140000
2015/08/31,0,60000,-136000,-76000
2015/09/01,0,95000,-245000,-150000
2015/09/02,0,536000,-508000,28000
2015/09/03,0,139000,-174000,-35000
2015/09/04,0,93000,-228760,-135760
2015/09/07,0,53000,0,53000
2015/09/08,0,45000,0,45000
2015/09/09,0,1000,0,1000
2015/09/10,0,10000,-312000,-302000
2015/09/11,0,29000,0,29000
2015/09/14,0,14000,-378000,-364000
2015/09/15,0,15000,0,15000
2015/09/16,0,169000,-112000,57000
2015/09/17,0,753000,-30000,723000
2015/09/18,0,4000,-952000,-948000
2015/09/21,0,60000,-236000,-176000
2015/09/22,0,2489,-5000,-2511
2015/09/23,0,0,0,0
2015/09/24,0,0,0,0
2015/09/25,0,1000,-458000,-457000
2015/09/28,0,0,0,0
2015/09/29,0,0,0,0
2015/09/30,0,0,-2566000,-2566000
2015/10/01,0,18000,-91000,-73000
2015/10/02,0,107000,-110000,-3000
2015/10/05,0,0,-101000,-101000
2015/10/06,0,4000,0,4000
2015/10/07,0,109000,0,109000
2015/10/08,0,0,0,0
2015/10/09,0,0,0,0
2015/10/12,0,55000,0,55000
2015/10/13,0,90000,0,90000
2015/10/14,0,0,0,0
2015/10/15,0,0,-25000,-25000
2015/10/16,0,19000,0,19000
2015/10/19,0,70000,0,70000
2015/10/20,0,106000,-26000,80000
2015/10/21,0,120000,0,120000
2015/10/22,0,0,0,0
2015/10/23,0,0,-121000,-121000
2015/10/26,0,120000,0,120000
2015/10/27,0,586000,0,586000
2015/10/28,0,120000,0,120000
2015/10/29,0,0,-3000,-3000
2015/10/30,0,105000,-12000,93000
2015/11/02,0,29000,0,29000
2015/11/03,0,17000,0,17000
2015/11/04,0,427000,0,427000
2015/11/05,0,1000,0,1000
2015/11/06,0,50000,-121000,-71000
2015/11/09,0,208000,-171000,37000
2015/11/10,0,60000,-650000,-590000
2015/11/11,0,241000,-160000,81000
2015/11/12,0,0,0,0
2015/11/13,0,57000,0,57000
2015/11/16,0,0,-649000,-649000
2015/11/17,0,399000,-26000,373000
2015/11/18,0,2000,-120000,-118000
2015/11/19,0,100000,0,100000
2015/11/20,0,0,-71000,-71000
2015/11/23,0,0,-4000,-4000
2015/11/24,0,190000,0,190000
2015/11/25,0,0,-40000,-40000
2015/11/26,0,0,-20000,-20000
2015/11/27,0,32000,-188000,-156000
2015/11/30,0,1000,-979000,-978000
2015/12/01,0,0,-800000,-800000
2015/12/02,0,0,0,0
2015/12/03,0,0,-362000,-362000
2015/12/04,0,0,-15000,-15000
2015/12/07,0,0,-123000,-123000
2015/12/08,0,0,-26000,-26000
2015/12/09,0,1000,-2814000,-2813000
2015/12/10,0,100000,-800000,-700000
2015/12/11,0,0,-150000,-150000
2015/12/14,0,0,-111644,-111644
2015/12/15,0,0,0,0
2015/12/16,0,0,-2113000,-2113000
2015/12/17,0,922000,-207000,715000
2015/12/18,0,363000,-1766062,-1403062
2015/12/21,0,0,-874000,-874000
2015/12/22,0,0,0,0
2015/12/23,0,45000,0,45000
2015/12/24,0,0,-330000,-330000
2015/12/25,0,0,0,0
2015/12/28,0,78000,-1000000,-922000
2015/12/29,0,43000,-50000,-7000
2015/12/30,0,0,0,0
2015/12/31,0,0,-400000,-400000
2016/01/01,0,0,0,0
2016/01/04,0,0,-1319000,-1319000
2016/01/05,0,0,-808250,-808250
2016/01/06,0,1000,-320000,-319000
2016/01/07,0,150000,-2599500,-2449500
2016/01/08,0,0,-309000,-309000
2016/01/11,0,170000,-246000,-76000
2016/01/12,0,100000,-4000,96000
2016/01/13,0,0,-879000,-879000
2016/01/14,0,182000,-897000,-715000
2016/01/15,0,0,-1683000,-1683000
2016/01/18,0,0,-503000,-503000
2016/01/19,0,249000,-470911,-221911
2016/01/20,0,180000,-302000,-122000
2016/01/21,0,41000,-650000,-609000
2016/01/22,0,0,-650000,-650000
2016/01/25,0,260000,-657000,-397000
2016/01/26,0,150000,-45000,105000
2016/01/27,0,119000,0,119000
2016/01/28,0,249000,-390000,-141000
2016/01/29,0,1140000,-116000,1024000
2016/02/01,0,240000,0,240000
2016/02/02,0,60000,-132000,-72000
2016/02/03,0,226000,-123000,103000
2016/02/04,0,0,0,0
2016/02/05,0,0,0,0
2016/02/08,0,0,0,0
2016/02/09,0,0,0,0
2016/02/10,0,0,0,0
2016/02/11,0,0,0,0
2016/02/12,0,0,0,0
2016/02/15,0,70936,0,70936
2016/02/16,0,0,0,0
2016/02/17,0,43000,-4000,39000
2016/02/18,0,287000,0,287000
2016/02/19,0,18000,-174000,-156000
2016/02/22,0,60000,0,60000
2016/02/23,0,80000,0,80000
2016/02/24,0,50000,0,50000
2016/02/25,0,0,0,0
2016/02/26,0,0,-11000,-11000
2016/02/29,0,0,0,0
2016/03/01,0,0,0,0
2016/03/02,0,0,-57377,-57377
2016/03/03,0,470000,0,470000
2016/03/04,0,1634000,0,1634000
2016/03/07,0,303000,-308000,-5000
2016/03/08,0,40000,-10000,30000
2016/03/09,0,0,-53000,-53000
2016/03/10,0,0,-810742,-810742
2016/03/11,0,0,0,0
2016/03/14,0,0,0,0
2016/03/15,0,0,-13000,-13000
2016/03/16,0,0,-120000,-120000
2016/03/17,0,0,0,0
2016/03/18,0,71000,0,71000
2016/03/21,0,0,0,0
2016/03/22,0,0,-1194000,-1194000
2016/03/23,0,47000,0,47000
2016/03/24,0,327000,-329270,-2270
2016/03/25,0,0,-42000,-42000
2016/03/28,0,0,-330000,-330000
2016/03/29,0,1000,0,1000
2016/03/30,0,0,-118000,-118000
2016/03/31,0,50000,0,50000
2016/04/01,0,0,0,0
2016/04/04,0,0,0,0
2016/04/05,0,0,0,0
2016/04/06,0,0,-130000,-130000
2016/04/07,0,0,0,0
2016/04/08,0,0,-243000,-243000
2016/04/11,0,0,-212000,-212000
2016/04/12,0,0,-591000,-591000
2016/04/13,0,0,-441000,-441000
2016/04/14,0,235000,0,235000
2016/04/15,0,55000,-93000,-38000
2016/04/18,0,0,0,0
2016/04/19,0,0,-329000,-329000
2016/04/20,0,18000,0,18000
2016/04/21,0,0,-195000,-195000
2016/04/22,0,0,0,0
2016/04/25,0,0,-2000,-2000
2016/04/26,0,27000,-310000,-283000
2016/04/27,0,0,0,0
2016/04/28,0,0,0,0
2016/04/29,0,0,0,0
2016/05/02,0,0,0,0
2016/05/03,0,0,0,0
2016/05/04,0,0,0,0
2016/05/05,0,0,0,0
2016/05/06,0,0,0,0
2016/05/09,0,0,-170000,-170000
2016/05/10,0,0,-1027,-1027
2016/05/11,0,0,0,0
2016/05/12,0,0,-748000,-748000
2016/05/13,0,0,0,0
2016/05/16,0,0,0,0
2016/05/17,0,0,-61000,-61000
2016/05/18,0,0,-435000,-435000
2016/05/19,0,0,0,0
2016/05/20,0,130000,-43000,87000
2016/05/23,0,1080000,0,1080000
2016/05/24,0,1322000,0,1322000
2016/05/25,0,0,0,0
2016/05/26,0,2901000,-13000,2888000
2016/05/27,0,561000,-78000,483000
2016/05/30,0,441000,-87000,354000
2016/05/31,0,50000,-45000,5000
2016/06/01,0,650000,0,650000
2016/06/02,0,1538000,0,1538000
2016/06/03,0,3000,-735000,-732000
2016/06/06,0,0,0,0
2016/06/07,0,0,0,0
2016/06/08,0,739000,0,739000
2016/06/09,0,0,0,0
2016/06/10,0,0,0,0
2016/06/13,0,264000,-1725000,-1461000
2016/06/14,0,138000,0,138000
2016/06/15,0,117000,0,117000
2016/06/16,0,250000,-249000,1000
2016/06/17,0,52000,-92000,-40000
2016/06/20,0,0,-17000,-17000
2016/06/21,0,0,0,0
2016/06/22,0,30000,0,30000
2016/06/23,0,0,0,0
2016/06/24,0,3000,-47000,-44000
2016/06/27,0,111000,-648832,-537832
2016/06/28,0,3000,-700000,-697000
2016/06/29,0,55000,-160000,-105000
2016/06/30,0,179000,-500000,-321000
2016/07/01,0,83000,0,83000
2016/07/04,0,34000,-310000,-276000
2016/07/05,0,0,-67000,-67000
2016/07/06,0,0,-251000,-251000
2016/07/07,0,41000,-258000,-217000
2016/07/08,0,0,0,0
2016/07/11,0,47000,0,47000
2016/07/12,0,174000,0,174000
2016/07/13,0,0,0,0
2016/07/14,0,2000,-2000,0
2016/07/15,0,0,0,0
2016/07/18,0,239000,0,239000
2016/07/19,0,3063000,-6000,3057000
2016/07/20,0,695000,-33000,662000
2016/07/21,0,3000,-40000,-37000
2016/07/22,0,122000,-44000,78000
2016/07/25,0,628000,0,628000
2016/07/26,0,108000,0,108000
2016/07/27,0,1000,-9000,-8000
2016/07/28,0,75000,-100000,-25000
2016/07/29,0,3786,-475000,-471214
2016/08/01,0,1000,0,1000
2016/08/02,0,0,-8000,-8000
2016/08/03,0,23000,-20000,3000
2016/08/04,0,44000,-3000,41000
2016/08/05,0,101000,-10000,91000
2016/08/08,0,1000,-28000,-27000
2016/08/09,0,1436000,-1000,1435000
2016/08/10,0,157000,-1000,156000
2016/08/11,0,60000,-5000,55000
2016/08/12,0,2000,-13000,-11000
2016/08/15,0,20000,-201000,-181000
2016/08/16,0,55000,-22000,33000
2016/08/17,0,30000,0,30000
2016/08/18,0,0,-8000,-8000
2016/08/19,0,1000,-433000,-432000
2016/08/22,0,0,-45000,-45000
2016/08/23,0,0,-3002000,-3002000
2016/08/24,0,477000,-17000,460000
2016/08/25,0,1538000,-149000,1389000
2016/08/26,0,383000,0,383000
2016/08/29,0,70000,-2000,68000
2016/08/30,0,1552000,-3000,1549000
2016/08/31,0,258000,0,258000
2016/09/01,0,1086000,0,1086000
2016/09/02,0,652000,0,652000
2016/09/05,0,440000,-4000,436000
2016/09/06,0,97000,0,97000
2016/09/07,0,173000,-200000,-27000
2016/09/08,0,226000,-11000,215000
2016/09/09,0,302000,0,302000
2016/09/12,0,95000,0,95000
2016/09/13,0,8000,-27000,-19000
2016/09/14,0,104000,0,104000
2016/09/15,0,0,0,0
2016/09/16,0,0,0,0
2016/09/19,0,0,0,0
2016/09/20,0,102000,0,102000
2016/09/21,0,0,0,0
2016/09/22,0,35000,0,35000
2016/09/23,0,20000,0,20000
2016/09/26,0,20000,-200000,-180000
2016/09/27,0,0,0,0
2016/09/28,0,0,0,0
2016/09/29,0,0,0,0
2016/09/30,0,413955,-200000,213955
2016/10/03,0,10000,-43000,-33000
2016/10/04,0,0,0,0
2016/10/05,0,0,0,0
2016/10/06,0,0,0,0
2016/10/07,0,0,0,0
2016/10/10,0,0,0,0
2016/10/11,0,111000,-96887,14113
2016/10/12,0,259000,0,259000
2016/10/13,0,0,0,0
2016/10/14,0,0,-393000,-393000
2016/10/17,0,0,0,0
2016/10/18,0,20000,-50000,-30000
2016/10/19,0,15000,0,15000
2016/10/20,0,151000,-14000,137000
2016/10/21,0,15000,-26000,-11000
2016/10/24,0,0,0,0
2016/10/25,0,909000,-105000,804000
2016/10/26,0,0,0,0
2016/10/27,0,0,0,0
2016/10/28,0,0,0,0
2016/10/31,0,0,-7000,-7000
2016/11/01,0,73000,-3000,70000
2016/11/02,0,0,-359,-359
2016/11/03,0,0,-41000,-41000
2016/11/04,0,0,0,0
2016/11/07,0,30000,0,30000
2016/11/08,0,35000,0,35000
2016/11/09,0,15000,0,15000
2016/11/10,0,1546000,-64000,1482000
2016/11/11,0,2368000,0,2368000
2016/11/14,0,2185000,0,2185000
2016/11/15,0,1561000,0,1561000
2016/11/16,0,2144000,0,2144000
2016/11/17,0,420000,-150000,270000
2016/11/18,0,1075000,-350000,725000
2016/11/21,0,1924000,-250000,1674000
2016/11/22,0,822000,-800000,22000
2016/11/23,0,660000,0,660000
2016/11/24,0,2061000,-250000,1811000
2016/11/25,0,1900000,0,1900000
2016/11/28,0,1814000,-250000,1564000
2016/11/29,0,1330000,-587000,743000
2016/11/30,0,115000,-1107000,-992000
2016/12/01,0,261000,-350000,-89000
2016/12/02,0,5628000,0,5628000
2016/12/05,0,893000,0,893000
2016/12/06,0,1469000,0,1469000
2016/12/07,0,165000,0,165000
2016/12/08,0,240000,-480000,-240000
2016/12/09,0,261000,-100000,161000
2016/12/12,0,255000,0,255000
2016/12/13,0,49000,0,49000
2016/12/14,0,335000,-95000,240000
2016/12/15,0,1357000,-960000,397000
2016/12/16,0,790000,0,790000
2016/12/19,0,50000,-250000,-200000
2016/12/20,0,600000,-12000,588000
2016/12/21,0,500000,-225000,275000
2016/12/22,0,45000,-1243000,-1198000
2016/12/23,0,150000,-280000,-130000
2016/12/26,0,50000,0,50000
2016/12/27,0,550000,0,550000
2016/12/28,0,1037000,0,1037000
2016/12/29,0,15000,0,15000
2016/12/30,0,55000,0,55000
2017/01/02,0,0,0,0
2017/01/03,0,20000,-50000,-30000
2017/01/04,0,0,-179000,-179000
2017/01/05,0,40000,-20000,20000
2017/01/06,0,131000,-10000,121000
2017/01/09,0,20000,-120000,-100000
2017/01/10,0,0,-315000,-315000
2017/01/11,0,0,-625000,-625000
2017/01/12,0,200000,0,200000
2017/01/13,0,200000,-847000,-647000
2017/01/16,0,230000,-778000,-548000
2017/01/17,0,220000,-71000,149000
2017/01/18,0,102000,-561000,-459000
2017/01/19,0,110000,-474000,-364000
2017/01/20,0,40000,-732000,-692000
2017/01/23,0,102465,-900000,-797535
2017/01/24,0,9000,-256000,-247000
2017/01/25,0,0,0,0
2017/01/26,0,0,0,0
2017/01/27,0,0,0,0
2017/01/30,0,0,0,0
2017/01/31,0,0,0,0
2017/02/01,0,0,0,0
2017/02/02,0,150000,-225000,-75000
2017/02/03,0,90000,-1761000,-1671000
2017/02/06,0,0,-110000,-110000
2017/02/07,0,969000,-210000,759000
2017/02/08,0,891000,0,891000
2017/02/09,0,15000,-390000,-375000
2017/02/10,0,400000,-566000,-166000
2017/02/13,0,200000,-312000,-112000
2017/02/14,0,3000,-1080000,-1077000
2017/02/15,0,0,-150000,-150000
2017/02/16,0,195000,-208000,-13000
2017/02/17,0,44000,-161000,-117000
2017/02/20,0,0,-755000,-755000
2017/02/21,0,0,-90000,-90000
2017/02/22,0,425000,-475000,-50000
2017/02/23,0,2000,-696000,-694000
2017/02/24,0,138000,-321633,-183633
2017/02/27,0,0,0,0
2017/02/28,0,0,0,0
2017/03/01,0,100000,0,100000
2017/03/02,0,366000,-77000,289000
2017/03/03,0,1126000,-15000,1111000
2017/03/06,0,170000,0,170000
2017/03/07,0,886000,0,886000
2017/03/08,0,0,0,0
2017/03/09,0,343000,0,343000
2017/03/10,0,1647000,0,1647000
2017/03/13,0,663000,0,663000
2017/03/14,0,425000,-34000,391000
2017/03/15,0,257000,-34000,223000
2017/03/16,0,0,0,0
2017/03/17,0,14000,-440000,-426000
2017/03/20,0,0,0,0
2017/03/21,0,98000,-170000,-72000
2017/03/22,0,0,-390000,-390000
2017/03/23,0,0,-103000,-103000
2017/03/24,0,202000,-338000,-136000
2017/03/27,0,195000,-352000,-157000
2017/03/28,0,88000,-43000,45000
2017/03/29,0,500185,-108000,392185
2017/03/30,0,17866,-802000,-784134
2017/03/31,0,38224,-72000,-33776
2017/04/03,0,0,0,0
2017/04/04,0,0,0,0
2017/04/05,0,197740,-105000,92740
2017/04/06,0,252000,-138000,114000
2017/04/07,0,5000,-56000,-51000
2017/04/10,0,4000,-575000,-571000
2017/04/11,0,20000,-86000,-66000
2017/04/12,0,0,-20000,-20000
2017/04/13,0,300000,-5000,295000
2017/04/14,0,100000,-34000,66000
2017/04/17,0,520000,-1763000,-1243000
2017/04/18,0,73000,-1601000,-1528000
2017/04/19,0,117736,-2081000,-1963264
2017/04/20,0,143000,-479000,-336000
2017/04/21,0,260000,-345000,-85000
2017/04/24,0,70000,0,70000
2017/04/25,0,35000,-148,34852
2017/04/26,0,89000,-72000,17000
2017/04/27,0,64000,-17000,47000
2017/04/28,0,200000,-437000,-237000
2017/05/01,0,0,0,0
2017/05/02,0,460000,-202000,258000
2017/05/03,0,0,0,0
2017/05/04,0,263711,-50000,213711
2017/05/05,0,90530,-860000,-769470
2017/05/08,0,227000,0,227000
2017/05/09,0,76000,0,76000
2017/05/10,0,80000,-1185000,-1105000
2017/05/11,0,0,-94000,-94000
2017/05/12,0,35000,-174000,-139000
2017/05/15,0,528000,0,528000
2017/05/16,0,1448000,-84000,1364000
2017/05/17,0,183000,-232000,-49000
2017/05/18,0,25000,-26000,-1000
2017/05/19,0,15000,-422000,-407000
2017/05/22,0,10000,-2374000,-2364000
2017/05/23,0,0,-1536000,-1536000
2017/05/24,0,0,-201000,-201000
2017/05/25,0,15000,-169000,-154000
2017/05/26,0,0,-495000,-495000
2017/05/29,0,0,0,0
2017/05/30,0,0,0,0
2017/05/31,0,15000,-810000,-795000
2017/06/01,0,0,-638000,-638000
2017/06/02,0,0,-1134000,-1134000
2017/06/05,0,0,-174000,-174000
2017/06/06,0,0,-542000,-542000
2017/06/07,0,15000,-632000,-617000
2017/06/08,0,0,-362000,-362000
2017/06/09,0,0,-2229000,-2229000
2017/06/12,0,0,-50000,-50000
2017/06/13,0,0,0,0
2017/06/14,0,0,-217000,-217000
2017/06/15,0,260000,-489000,-229000
2017/06/16,0,0,-217000,-217000
2017/06/19,0,11000,-641000,-630000
2017/06/20,0,1000,-50268,-49268
2017/06/21,0,0,-517000,-517000
2017/06/22,0,0,-31000,-31000
2017/06/23,0,0,-262000,-262000
2017/06/26,0,0,-34000,-34000
2017/06/27,0,124000,-275000,-151000
2017/06/28,0,0,-385159,-385159
2017/06/29,0,0,-101000,-101000
2017/06/30,0,60000,-97000,-37000
2017/07/03,0,70000,-209000,-139000
2017/07/04,0,406000,-36000,370000
2017/07/05,0,0,0,0
2017/07/06,0,100000,-561000,-461000
2017/07/07,0,0,-44000,-44000
2017/07/10,0,0,-17000,-17000
2017/07/11,0,0,-5000,-5000
2017/07/12,0,0,-38453,-38453
2017/07/13,0,0,-168000,-168000
2017/07/14,0,0,-625000,-625000
2017/07/17,0,422,-349000,-348578
2017/07/18,0,41000,0,41000
2017/07/19,0,0,-551000,-551000
2017/07/20,0,6000,-296000,-290000
2017/07/21,0,0,-1000,-1000
2017/07/24,0,0,-399000,-399000
2017/07/25,0,6000,-338000,-332000
2017/07/26,0,1000,-196000,-195000
2017/07/27,0,0,-136000,-136000
2017/07/28,0,2000,-160000,-158000
2017/07/31,0,15000,-143000,-128000
2017/08/01,0,9000,-34000,-25000
2017/08/02,0,12000,-141000,-129000
2017/08/03,0,16000,-100000,-84000
2017/08/04,0,31000,-477000,-446000
2017/08/07,0,16000,0,16000
2017/08/08,0,153000,-112000,41000
2017/08/09,0,105000,-4000,101000
2017/08/10,0,16000,-275000,-259000
2017/08/11,0,11000,-105000,-94000
2017/08/14,0,0,-7000,-7000
2017/08/15,0,273000,-1863000,-1590000
2017/08/16,0,987000,0,987000
2017/08/17,0,1000,0,1000
2017/08/18,0,0,-126000,-126000
