Date,Open,Buy,Sell,Total
2007/01/02,0,2200000,-208000,1992000
2007/01/03,0,800000,-67000,733000
2007/01/04,0,0,0,0
2007/01/05,0,0,-35375,-35375
2007/01/08,0,2500000,0,2500000
2007/01/09,0,80000,0,80000
2007/01/10,0,0,-844000,-844000
2007/01/11,0,33000,-2500000,-2467000
2007/01/12,0,35000,-1232000,-1197000
2007/01/15,0,0,0,0
2007/01/16,0,28000,0,28000
2007/01/17,0,68000,-80000,-12000
2007/01/18,0,0,-500,-500
2007/01/19,0,0,-738000,-738000
2007/01/22,0,120000,-61000,59000
2007/01/23,0,0,-245000,-245000
2007/01/24,0,81000,0,81000
2007/01/25,0,80000,0,80000
2007/01/26,0,0,-19000,-19000
2007/01/29,0,0,-7000,-7000
2007/01/30,0,242000,0,242000
2007/01/31,0,0,0,0
2007/02/01,0,0,0,0
2007/02/02,0,25000,0,25000
2007/02/05,0,160000,0,160000
2007/02/06,0,192000,0,192000
2007/02/07,0,0,0,0
2007/02/08,0,22000,0,22000
2007/02/09,0,360000,-1504000,-1144000
2007/02/12,0,0,-276000,-276000
2007/02/13,0,0,0,0
2007/02/14,0,0,-85000,-85000
2007/02/15,0,0,0,0
2007/02/16,0,0,0,0
2007/02/19,0,0,0,0
2007/02/20,0,0,0,0
2007/02/21,0,0,0,0
2007/02/22,0,0,0,0
2007/02/23,0,0,0,0
2007/02/26,0,0,0,0
2007/02/27,0,0,-1980000,-1980000
2007/02/28,0,0,0,0
2007/03/01,0,27000,-2597000,-2570000
2007/03/02,0,0,-549000,-549000
2007/03/05,0,0,0,0
2007/03/06,0,176000,-37000,139000
2007/03/07,0,0,-36000,-36000
2007/03/08,0,0,0,0
2007/03/09,0,0,0,0
2007/03/12,0,40000,0,40000
2007/03/13,0,47000,0,47000
2007/03/14,0,0,-1704000,-1704000
2007/03/15,0,0,-1659000,-1659000
2007/03/16,0,0,-108300,-108300
2007/03/19,0,5000,0,5000
2007/03/20,0,0,-16000,-16000
2007/03/21,0,0,-211000,-211000
2007/03/22,0,0,-15000,-15000
2007/03/23,0,0,-44000,-44000
2007/03/26,0,0,0,0
2007/03/27,0,0,0,0
2007/03/28,0,0,0,0
2007/03/29,0,0,-6000,-6000
2007/03/30,0,0,-5000,-5000
2007/04/02,0,0,0,0
2007/04/03,0,0,0,0
2007/04/04,0,4000,0,4000
2007/04/05,0,0,0,0
2007/04/06,0,0,0,0
2007/04/09,0,0,-5000,-5000
2007/04/10,0,0,-10000,-10000
2007/04/11,0,7000,0,7000
2007/04/12,0,0,0,0
2007/04/13,0,0,-12000,-12000
2007/04/16,0,0,0,0
2007/04/17,0,125000,0,125000
2007/04/18,0,0,0,0
2007/04/19,0,13000,0,13000
2007/04/20,0,0,-557000,-557000
2007/04/23,0,19000,0,19000
2007/04/24,0,55000,0,55000
2007/04/25,0,0,0,0
2007/04/26,0,0,-10000,-10000
2007/04/27,0,0,0,0
2007/04/30,0,0,-200000,-200000
2007/05/01,0,0,0,0
2007/05/02,0,67000,0,67000
2007/05/03,0,0,0,0
2007/05/04,0,0,0,0
2007/05/07,0,0,-67000,-67000
2007/05/08,0,0,-23000,-23000
2007/05/09,0,0,0,0
2007/05/10,0,0,-32000,-32000
2007/05/11,0,0,-2000,-2000
2007/05/14,0,0,-91000,-91000
2007/05/15,0,80000,-3000,77000
2007/05/16,0,0,-13000,-13000
2007/05/17,0,0,-12000,-12000
2007/05/18,0,0,0,0
2007/05/21,0,0,0,0
2007/05/22,0,24000,0,24000
2007/05/23,0,0,-243000,-243000
2007/05/24,0,50000,0,50000
2007/05/25,0,5000,0,5000
2007/05/28,0,0,0,0
2007/05/29,0,0,0,0
2007/05/30,0,0,0,0
2007/05/31,0,200000,0,200000
2007/06/01,0,0,0,0
2007/06/04,0,12000,0,12000
2007/06/05,0,0,-168000,-168000
2007/06/06,0,12000,0,12000
2007/06/07,0,0,0,0
2007/06/08,0,0,0,0
2007/06/11,0,0,0,0
2007/06/12,0,77000,0,77000
2007/06/13,0,0,0,0
2007/06/14,0,0,-21000,-21000
2007/06/15,0,41000,-85000,-44000
2007/06/18,0,0,0,0
2007/06/19,0,0,0,0
2007/06/20,0,0,-3000,-3000
2007/06/21,0,0,-19000,-19000
2007/06/22,0,0,0,0
2007/06/25,0,0,-1683000,-1683000
2007/06/26,0,0,-57000,-57000
2007/06/27,0,0,-49000,-49000
2007/06/28,0,0,0,0
2007/06/29,0,25000,0,25000
2007/07/02,0,0,0,0
2007/07/03,0,5000000,0,5000000
2007/07/04,0,0,-1000,-1000
2007/07/05,0,4785000,-192000,4593000
2007/07/06,0,110000,-49000,61000
2007/07/09,0,100000,-1000,99000
2007/07/10,0,2003000,0,2003000
2007/07/11,0,100000,0,100000
2007/07/12,0,353000,0,353000
2007/07/13,0,0,0,0
2007/07/16,0,0,0,0
2007/07/17,0,0,-23000,-23000
2007/07/18,0,9733000,0,9733000
2007/07/19,0,22000,0,22000
2007/07/20,0,21000,0,21000
2007/07/23,0,0,-8000,-8000
2007/07/24,0,25000,0,25000
2007/07/25,0,7000,0,7000
2007/07/26,0,56000,-2000000,-1944000
2007/07/27,0,6000,-21000,-15000
2007/07/30,0,2550000,0,2550000
2007/07/31,0,2554000,-31000,2523000
2007/08/01,0,8000,-149000,-141000
2007/08/02,0,0,-2031000,-2031000
2007/08/03,0,1000,0,1000
2007/08/06,0,29000,-50000,-21000
2007/08/07,0,27000,0,27000
2007/08/08,0,141000,-50000,91000
2007/08/09,0,0,0,0
2007/08/10,0,53000,-147000,-94000
2007/08/13,0,25000,0,25000
2007/08/14,0,103000,0,103000
2007/08/15,0,36000,-44000,-8000
2007/08/16,0,80000,0,80000
2007/08/17,0,55000,-3513000,-3458000
2007/08/20,0,50000,0,50000
2007/08/21,0,0,0,0
2007/08/22,0,286000,-7000,279000
2007/08/23,0,0,0,0
2007/08/24,0,0,-17000,-17000
2007/08/27,0,15000,-45000,-30000
2007/08/28,0,0,-2000,-2000
2007/08/29,0,0,0,0
2007/08/30,0,0,0,0
2007/08/31,0,2000,-179000,-177000
2007/09/03,0,57000,-48000,9000
2007/09/04,0,139000,-23000,116000
2007/09/05,0,0,0,0
2007/09/06,0,0,-2400000,-2400000
2007/09/07,0,3000,-112000,-109000
2007/09/10,0,0,-8000,-8000
2007/09/11,0,24000,0,24000
2007/09/12,0,50000,-322000,-272000
2007/09/13,0,0,0,0
2007/09/14,0,140000,-102000,38000
2007/09/17,0,0,0,0
2007/09/18,0,0,0,0
2007/09/19,0,15000,-1000000,-985000
2007/09/20,0,0,0,0
2007/09/21,0,48000,-3259000,-3211000
2007/09/24,0,0,0,0
2007/09/25,0,0,0,0
2007/09/26,0,17000,-26000,-9000
2007/09/27,0,8000,-188000,-180000
2007/09/28,0,0,-2175000,-2175000
2007/10/01,0,0,-39000,-39000
2007/10/02,0,80000,-36000,44000
2007/10/03,0,0,-4000,-4000
2007/10/04,0,0,0,0
2007/10/05,0,0,-1006000,-1006000
2007/10/08,0,107000,-30000,77000
2007/10/09,0,0,0,0
2007/10/10,0,0,0,0
2007/10/11,0,0,-15000,-15000
2007/10/12,0,2000,0,2000
2007/10/15,0,233000,-219000,14000
2007/10/16,0,0,0,0
2007/10/17,0,0,0,0
2007/10/18,0,0,0,0
2007/10/19,0,0,-107000,-107000
2007/10/22,0,5000,0,5000
2007/10/23,0,7000,-11000,-4000
2007/10/24,0,0,-20000,-20000
2007/10/25,0,0,0,0
2007/10/26,0,0,0,0
2007/10/29,0,7000,0,7000
2007/10/30,0,11000,-28000,-17000
2007/10/31,0,673000,0,673000
2007/11/01,0,45000,-4000,41000
2007/11/02,0,19000,0,19000
2007/11/05,0,3000,-11000,-8000
2007/11/06,0,2000,0,2000
2007/11/07,0,2000,0,2000
2007/11/08,0,13000,0,13000
2007/11/09,0,12000,0,12000
2007/11/12,0,14000,0,14000
2007/11/13,0,11000,0,11000
2007/11/14,0,0,-1631000,-1631000
2007/11/15,0,1000,0,1000
2007/11/16,0,0,-150000,-150000
2007/11/19,0,0,-420000,-420000
2007/11/20,0,301000,-3000,298000
2007/11/21,0,97000,-10000,87000
2007/11/22,0,1000,0,1000
2007/11/23,0,4000,0,4000
2007/11/26,0,1000,0,1000
2007/11/27,0,12000,0,12000
2007/11/28,0,0,0,0
2007/11/29,0,1000,0,1000
2007/11/30,0,89000,-15000,74000
2007/12/03,0,19000,0,19000
2007/12/04,0,30000,0,30000
2007/12/05,0,54000,0,54000
2007/12/06,0,0,0,0
2007/12/07,0,0,0,0
2007/12/10,0,0,-437000,-437000
2007/12/11,0,0,-108000,-108000
2007/12/12,0,0,-145000,-145000
2007/12/13,0,29000,0,29000
2007/12/14,0,121000,0,121000
2007/12/17,0,5000,0,5000
2007/12/18,0,424000,-535000,-111000
2007/12/19,0,1000,0,1000
2007/12/20,0,0,0,0
2007/12/21,0,1000,0,1000
2007/12/24,0,5000,-92000,-87000
2007/12/25,0,0,-1000,-1000
2007/12/26,0,0,0,0
2007/12/27,0,0,-4000,-4000
2007/12/28,0,0,-14000,-14000
2007/12/31,0,0,0,0
2008/01/01,0,0,0,0
2008/01/02,0,0,0,0
2008/01/03,0,0,-4220,-4220
2008/01/04,0,0,-1000,-1000
2008/01/07,0,34000,0,34000
2008/01/08,0,2000,0,2000
2008/01/09,0,0,-25000,-25000
2008/01/10,0,68000,-680,67320
2008/01/11,0,0,0,0
2008/01/14,0,0,0,0
2008/01/15,0,2700000,0,2700000
2008/01/16,0,571000,0,571000
2008/01/17,0,87000,-3500000,-3413000
2008/01/18,0,36000,-182000,-146000
2008/01/21,0,64000,0,64000
2008/01/22,0,0,0,0
2008/01/23,0,50000,0,50000
2008/01/24,0,12000,0,12000
2008/01/25,0,2000,0,2000
2008/01/28,0,0,0,0
2008/01/29,0,1000,-311000,-310000
2008/01/30,0,90000,0,90000
2008/01/31,0,0,0,0
2008/02/01,0,1000,0,1000
2008/02/04,0,0,0,0
2008/02/05,0,0,0,0
2008/02/06,0,0,0,0
2008/02/07,0,0,0,0
2008/02/08,0,0,0,0
2008/02/11,0,0,0,0
2008/02/12,0,40000,-1000,39000
2008/02/13,0,13000,-96000,-83000
2008/02/14,0,5000,0,5000
2008/02/15,0,0,0,0
2008/02/18,0,425000,-157750,267250
2008/02/19,0,880000,-33,879967
2008/02/20,0,93000,-4000,89000
2008/02/21,0,1000,-41000,-40000
2008/02/22,0,0,-14000,-14000
2008/02/25,0,1000,-2000,-1000
2008/02/26,0,0,0,0
2008/02/27,0,144000,-34865,109135
2008/02/28,0,0,0,0
2008/02/29,0,1000,-9000,-8000
2008/03/03,0,0,-44000,-44000
2008/03/04,0,3000,-17000,-14000
2008/03/05,0,0,-64000,-64000
2008/03/06,0,1000,-45000,-44000
2008/03/07,0,0,0,0
2008/03/10,0,2000,0,2000
2008/03/11,0,3000,0,3000
2008/03/12,0,125000,0,125000
2008/03/13,0,0,-8000,-8000
2008/03/14,0,29000,0,29000
2008/03/17,0,6000,0,6000
2008/03/18,0,10000,0,10000
2008/03/19,0,40000,0,40000
2008/03/20,0,2000,0,2000
2008/03/21,0,61000,0,61000
2008/03/24,0,1555000,0,1555000
2008/03/25,0,1946000,-79000,1867000
2008/03/26,0,535000,0,535000
2008/03/27,0,266000,-140000,126000
2008/03/28,0,6272000,0,6272000
2008/03/31,0,644000,-1000,643000
2008/04/01,0,1154000,-20000,1134000
2008/04/02,0,926000,0,926000
2008/04/03,0,1011000,0,1011000
2008/04/04,0,0,0,0
2008/04/07,0,1000,0,1000
2008/04/08,0,476000,0,476000
2008/04/09,0,102000,0,102000
2008/04/10,0,1000,0,1000
2008/04/11,0,0,-9000,-9000
2008/04/14,0,0,-1000,-1000
2008/04/15,0,0,-199000,-199000
2008/04/16,0,0,-27000,-27000
2008/04/17,0,1651000,-6000,1645000
2008/04/18,0,0,-242000,-242000
2008/04/21,0,2000,0,2000
2008/04/22,0,52000,-7000,45000
2008/04/23,0,2000,0,2000
2008/04/24,0,3000,0,3000
2008/04/25,0,1000,0,1000
2008/04/28,0,181000,-88000,93000
2008/04/29,0,2000,0,2000
2008/04/30,0,11000,0,11000
2008/05/01,0,0,0,0
2008/05/02,0,3000,0,3000
2008/05/05,0,13000,0,13000
2008/05/06,0,3000,-10000,-7000
2008/05/07,0,48000,-9207000,-9159000
2008/05/08,0,0,-22000,-22000
2008/05/09,0,16000,0,16000
2008/05/12,0,5000,-15000,-10000
2008/05/13,0,5000,-5000,0
2008/05/14,0,0,0,0
2008/05/15,0,0,0,0
2008/05/16,0,0,0,0
2008/05/19,0,0,-27000,-27000
2008/05/20,0,0,-26000,-26000
2008/05/21,0,0,-26000,-26000
2008/05/22,0,4000,0,4000
2008/05/23,0,22000,-2000,20000
2008/05/26,0,16000,0,16000
2008/05/27,0,44000,-8000,36000
2008/05/28,0,2000,0,2000
2008/05/29,0,2000,0,2000
2008/05/30,0,101000,-1269000,-1168000
2008/06/02,0,70000,0,70000
2008/06/03,0,1054000,0,1054000
2008/06/04,0,14000,0,14000
2008/06/05,0,6000,0,6000
2008/06/06,0,335000,0,335000
2008/06/09,0,340000,0,340000
2008/06/10,0,355000,0,355000
2008/06/11,0,19000,0,19000
2008/06/12,0,75000,0,75000
2008/06/13,0,33000,0,33000
2008/06/16,0,0,-44000,-44000
2008/06/17,0,50000,-1640000,-1590000
2008/06/18,0,0,0,0
2008/06/19,0,0,-14000,-14000
2008/06/20,0,205000,-4000,201000
2008/06/23,0,209000,0,209000
2008/06/24,0,11000,0,11000
2008/06/25,0,0,-8000,-8000
2008/06/26,0,0,0,0
2008/06/27,0,57000,0,57000
2008/06/30,0,567000,-2000,565000
2008/07/01,0,88000,0,88000
2008/07/02,0,0,-9000,-9000
2008/07/03,0,83000,-1000,82000
2008/07/04,0,48000,0,48000
2008/07/07,0,24000,0,24000
2008/07/08,0,0,0,0
2008/07/09,0,4000,-20000,-16000
2008/07/10,0,0,-240000,-240000
2008/07/11,0,9000,0,9000
2008/07/14,0,4000,0,4000
2008/07/15,0,24000,-1000,23000
2008/07/16,0,37000,0,37000
2008/07/17,0,29000,0,29000
2008/07/18,0,0,0,0
2008/07/21,0,7000,-283000,-276000
2008/07/22,0,5000,-1000,4000
2008/07/23,0,10000,-87000,-77000
2008/07/24,0,2000,-63000,-61000
2008/07/25,0,0,0,0
2008/07/28,0,0,0,0
2008/07/29,0,17000,-87000,-70000
2008/07/30,0,67000,0,67000
2008/07/31,0,27000,0,27000
2008/08/01,0,32000,0,32000
2008/08/04,0,7000,-1000,6000
2008/08/05,0,0,-107470,-107470
2008/08/06,0,16000,0,16000
2008/08/07,0,0,0,0
2008/08/08,0,80000,0,80000
2008/08/11,0,518000,0,518000
2008/08/12,0,699000,-41000,658000
2008/08/13,0,0,0,0
2008/08/14,0,0,0,0
2008/08/15,0,0,0,0
2008/08/18,0,4000,-50000,-46000
2008/08/19,0,0,-21000,-21000
2008/08/20,0,21000,-18000,3000
2008/08/21,0,60000,0,60000
2008/08/22,0,8000,0,8000
2008/08/25,0,5000,-315000,-310000
2008/08/26,0,0,-633000,-633000
2008/08/27,0,140000,-416000,-276000
2008/08/28,0,0,0,0
2008/08/29,0,18000,-307000,-289000
2008/09/01,0,10000,0,10000
2008/09/02,0,30000,-920000,-890000
2008/09/03,0,135000,-435000,-300000
2008/09/04,0,58000,0,58000
2008/09/05,0,34000,0,34000
2008/09/08,0,7000,-2679000,-2672000
2008/09/09,0,139000,0,139000
2008/09/10,0,41000,0,41000
2008/09/11,0,0,0,0
2008/09/12,0,12000,0,12000
2008/09/15,0,0,-69000,-69000
2008/09/16,0,20000,0,20000
2008/09/17,0,51000,-305000,-254000
2008/09/18,0,21000,-36000,-15000
2008/09/19,0,3000,-40000,-37000
2008/09/22,0,21000,-334000,-313000
2008/09/23,0,0,-170000,-170000
2008/09/24,0,68000,-18000,50000
2008/09/25,0,130000,-97000,33000
2008/09/26,0,12000,0,12000
2008/09/29,0,0,0,0
2008/09/30,0,5000,-2140000,-2135000
2008/10/01,0,26000,-118000,-92000
2008/10/02,0,9000,0,9000
2008/10/03,0,168000,-1000,167000
2008/10/06,0,0,-70000,-70000
2008/10/07,0,0,-55000,-55000
2008/10/08,0,0,0,0
2008/10/09,0,30000,-31000,-1000
2008/10/10,0,0,0,0
2008/10/13,0,0,0,0
2008/10/14,0,0,-230,-230
2008/10/15,0,32000,-14575,17425
2008/10/16,0,58000,0,58000
2008/10/17,0,16000,-156000,-140000
2008/10/20,0,0,0,0
2008/10/21,0,39000,0,39000
2008/10/22,0,0,-363000,-363000
2008/10/23,0,38000,-371000,-333000
2008/10/24,0,0,-239950,-239950
2008/10/27,0,0,-157000,-157000
2008/10/28,0,18000,-957000,-939000
2008/10/29,0,247000,-23000,224000
2008/10/30,0,0,-9525,-9525
2008/10/31,0,38000,0,38000
2008/11/03,0,0,0,0
2008/11/04,0,7000,-14000,-7000
2008/11/05,0,21000,-146075,-125075
2008/11/06,0,0,-8000,-8000
2008/11/07,0,0,-10000,-10000
2008/11/10,0,27000,0,27000
2008/11/11,0,140000,-475,139525
2008/11/12,0,3000,-6000,-3000
2008/11/13,0,20000,0,20000
2008/11/14,0,20000,0,20000
2008/11/17,0,16000,0,16000
2008/11/18,0,18000,0,18000
2008/11/19,0,0,0,0
2008/11/20,0,13000,0,13000
2008/11/21,0,43000,0,43000
2008/11/24,0,33000,-2000,31000
2008/11/25,0,150000,-2498,147502
2008/11/26,0,30000,-95,29905
2008/11/27,0,24000,0,24000
2008/11/28,0,0,-48000,-48000
2008/12/01,0,126000,-44502,81498
2008/12/02,0,0,0,0
2008/12/03,0,84000,-85000,-1000
2008/12/04,0,36000,0,36000
2008/12/05,0,0,-3000,-3000
2008/12/08,0,68000,-65000,3000
2008/12/09,0,120000,0,120000
2008/12/10,0,0,-21000,-21000
2008/12/11,0,243000,-11000,232000
2008/12/12,0,0,-83000,-83000
2008/12/15,0,0,-7000,-7000
2008/12/16,0,0,-6000,-6000
2008/12/17,0,15000,0,15000
2008/12/18,0,25000,0,25000
2008/12/19,0,0,-883000,-883000
2008/12/22,0,502000,0,502000
2008/12/23,0,5000,0,5000
2008/12/24,0,802000,0,802000
2008/12/25,0,14000,0,14000
2008/12/26,0,0,0,0
2008/12/29,0,0,0,0
2008/12/30,0,0,0,0
2008/12/31,0,200000,0,200000
2009/01/01,0,0,0,0
2009/01/02,0,0,0,0
2009/01/05,0,0,0,0
2009/01/06,0,96000,-13000,83000
2009/01/07,0,86000,-802000,-716000
2009/01/08,0,0,-729000,-729000
2009/01/09,0,20000,0,20000
2009/01/12,0,19000,0,19000
2009/01/13,0,7000,0,7000
2009/01/14,0,0,-35000,-35000
2009/01/15,0,21000,0,21000
2009/01/16,0,15000,-95000,-80000
2009/01/19,0,0,-110000,-110000
2009/01/20,0,0,0,0
2009/01/21,0,0,-6000,-6000
2009/01/22,0,0,0,0
2009/01/23,0,0,0,0
2009/01/26,0,0,0,0
2009/01/27,0,0,0,0
2009/01/28,0,0,0,0
2009/01/29,0,0,0,0
2009/01/30,0,0,0,0
2009/02/02,0,0,0,0
2009/02/03,0,0,-30000,-30000
2009/02/04,0,235000,-20000,215000
2009/02/05,0,0,0,0
2009/02/06,0,0,0,0
2009/02/09,0,98000,-8000,90000
2009/02/10,0,0,0,0
2009/02/11,0,0,-22000,-22000
2009/02/12,0,0,-89000,-89000
2009/02/13,0,0,-19000,-19000
2009/02/16,0,0,0,0
2009/02/17,0,0,0,0
2009/02/18,0,0,-28000,-28000
2009/02/19,0,0,-1000,-1000
2009/02/20,0,0,0,0
2009/02/23,0,457000,0,457000
2009/02/24,0,0,0,0
2009/02/25,0,0,0,0
2009/02/26,0,0,-26000,-26000
2009/02/27,0,7000,-17000,-10000
2009/03/02,0,0,0,0
2009/03/03,0,0,0,0
2009/03/04,0,0,-6000,-6000
2009/03/05,0,0,0,0
2009/03/06,0,0,-24000,-24000
2009/03/09,0,0,-50000,-50000
2009/03/10,0,0,-825000,-825000
2009/03/11,0,0,-33150,-33150
2009/03/12,0,0,-2328911,-2328911
2009/03/13,0,0,-12000,-12000
2009/03/16,0,0,-15000,-15000
2009/03/17,0,0,-132000,-132000
2009/03/18,0,0,-31000,-31000
2009/03/19,0,0,0,0
2009/03/20,0,0,0,0
2009/03/23,0,558000,0,558000
2009/03/24,0,0,0,0
2009/03/25,0,0,0,0
2009/03/26,0,0,0,0
2009/03/27,0,2000000,0,2000000
2009/03/30,0,0,0,0
2009/03/31,0,0,0,0
2009/04/01,0,500000,0,500000
2009/04/02,0,0,-51000,-51000
2009/04/03,0,0,-1000000,-1000000
2009/04/06,0,0,0,0
2009/04/07,0,0,0,0
2009/04/08,0,0,0,0
2009/04/09,0,0,-180000,-180000
2009/04/10,0,0,-53000,-53000
2009/04/13,0,0,0,0
2009/04/14,0,0,0,0
2009/04/15,0,0,0,0
2009/04/16,0,0,0,0
2009/04/17,0,0,0,0
2009/04/20,0,0,-883000,-883000
2009/04/21,0,0,0,0
2009/04/22,0,0,-11000,-11000
2009/04/23,0,0,0,0
2009/04/24,0,0,0,0
2009/04/27,0,0,-1500000,-1500000
2009/04/28,0,0,0,0
2009/04/29,0,0,0,0
2009/04/30,0,0,0,0
2009/05/01,0,0,0,0
2009/05/04,0,0,0,0
2009/05/05,0,0,0,0
2009/05/06,0,6000,0,6000
2009/05/07,0,0,0,0
2009/05/08,0,0,0,0
2009/05/11,0,760000,0,760000
2009/05/12,0,0,-30000,-30000
2009/05/13,0,0,0,0
2009/05/14,0,0,0,0
2009/05/15,0,0,0,0
2009/05/18,0,0,0,0
2009/05/19,0,0,0,0
2009/05/20,0,0,-14000,-14000
2009/05/21,0,0,0,0
2009/05/22,0,0,0,0
2009/05/25,0,342000,0,342000
2009/05/26,0,1063000,0,1063000
2009/05/27,0,1289000,-12000,1277000
2009/05/28,0,0,0,0
2009/05/29,0,0,0,0
2009/06/01,0,910000,0,910000
2009/06/02,0,373000,0,373000
2009/06/03,0,597000,0,597000
2009/06/04,0,52000,0,52000
2009/06/05,0,0,0,0
2009/06/08,0,77000,0,77000
2009/06/09,0,78000,-762000,-684000
2009/06/10,0,36000,-35000,1000
2009/06/11,0,62000,0,62000
2009/06/12,0,0,-43000,-43000
2009/06/15,0,22000,0,22000
2009/06/16,0,46000,-21000,25000
2009/06/17,0,576000,0,576000
2009/06/18,0,38000,0,38000
2009/06/19,0,153000,0,153000
2009/06/22,0,27000,0,27000
2009/06/23,0,1500000,-29000,1471000
2009/06/24,0,1509000,0,1509000
2009/06/25,0,4000,0,4000
2009/06/26,0,0,-807000,-807000
2009/06/29,0,600000,0,600000
2009/06/30,0,0,0,0
2009/07/01,0,0,0,0
2009/07/02,0,25000,0,25000
2009/07/03,0,0,-53000,-53000
2009/07/06,0,0,-47000,-47000
2009/07/07,0,13000,0,13000
2009/07/08,0,0,-19000,-19000
2009/07/09,0,700000,0,700000
2009/07/10,0,0,-17000,-17000
2009/07/13,0,0,-24000,-24000
2009/07/14,0,0,-111000,-111000
2009/07/15,0,0,0,0
2009/07/16,0,700000,-15000,685000
2009/07/17,0,0,0,0
2009/07/20,0,0,0,0
2009/07/21,0,0,-82000,-82000
2009/07/22,0,0,-53000,-53000
2009/07/23,0,0,-84000,-84000
2009/07/24,0,0,-191000,-191000
2009/07/27,0,0,-15000,-15000
2009/07/28,0,0,-1293000,-1293000
2009/07/29,0,0,-703000,-703000
2009/07/30,0,0,-27000,-27000
2009/07/31,0,0,-143000,-143000
2009/08/03,0,0,0,0
2009/08/04,0,0,-39000,-39000
2009/08/05,0,0,0,0
2009/08/06,0,0,-16000,-16000
2009/08/07,0,0,0,0
2009/08/10,0,32000,-105000,-73000
2009/08/11,0,15000,0,15000
2009/08/12,0,0,-100000,-100000
2009/08/13,0,0,-18000,-18000
2009/08/14,0,0,-7000,-7000
2009/08/17,0,0,-151000,-151000
2009/08/18,0,16000,-95000,-79000
2009/08/19,0,8000,-600000,-592000
2009/08/20,0,20000,-10000,10000
2009/08/21,0,0,-18000,-18000
2009/08/24,0,34000,0,34000
2009/08/25,0,0,-28000,-28000
2009/08/26,0,3000,0,3000
2009/08/27,0,39000,-47000,-8000
2009/08/28,0,0,0,0
2009/08/31,0,59000,0,59000
2009/09/01,0,0,0,0
2009/09/02,0,0,0,0
2009/09/03,0,0,-617000,-617000
2009/09/04,0,0,-20000,-20000
2009/09/07,0,0,-17000,-17000
2009/09/08,0,0,0,0
2009/09/09,0,88000,0,88000
2009/09/10,0,85000,-402000,-317000
2009/09/11,0,0,0,0
2009/09/14,0,0,-924000,-924000
2009/09/15,0,0,0,0
2009/09/16,0,67000,0,67000
2009/09/17,0,0,0,0
2009/09/18,0,0,-11000,-11000
2009/09/21,0,0,-207000,-207000
2009/09/22,0,10000,0,10000
2009/09/23,0,35000,-6000,29000
2009/09/24,0,10000,0,10000
2009/09/25,0,0,0,0
2009/09/28,0,23000,0,23000
2009/09/29,0,19000,-30000,-11000
2009/09/30,0,0,-15000,-15000
2009/10/01,0,0,0,0
2009/10/02,0,29000,-1150000,-1121000
2009/10/05,0,0,-30000,-30000
2009/10/06,0,0,0,0
2009/10/07,0,0,0,0
2009/10/08,0,0,0,0
2009/10/09,0,0,0,0
2009/10/12,0,0,0,0
2009/10/13,0,31000,0,31000
2009/10/14,0,0,-10000,-10000
2009/10/15,0,0,0,0
2009/10/16,0,0,0,0
2009/10/19,0,27000,-28000,-1000
2009/10/20,0,11000,0,11000
2009/10/21,0,77000,-19000,58000
2009/10/22,0,0,0,0
2009/10/23,0,0,0,0
2009/10/26,0,0,0,0
2009/10/27,0,13000,-18000,-5000
2009/10/28,0,0,-8000,-8000
2009/10/29,0,8000,-7000,1000
2009/10/30,0,0,-13000,-13000
2009/11/02,0,15000,-29000,-14000
2009/11/03,0,13000,-5000,8000
2009/11/04,0,13000,0,13000
2009/11/05,0,15000,0,15000
2009/11/06,0,6000,-4000,2000
2009/11/09,0,14000,0,14000
2009/11/10,0,7000,-15000,-8000
2009/11/11,0,0,-28000,-28000
2009/11/12,0,0,-4000,-4000
2009/11/13,0,0,-18000,-18000
2009/11/16,0,362000,-18000,344000
2009/11/17,0,0,-4000,-4000
2009/11/18,0,0,-28000,-28000
2009/11/19,0,0,-10000,-10000
2009/11/20,0,0,-21000,-21000
2009/11/23,0,0,-5000,-5000
2009/11/24,0,0,-9000,-9000
2009/11/25,0,0,0,0
2009/11/26,0,0,-28000,-28000
2009/11/27,0,0,0,0
2009/11/30,0,0,-24000,-24000
2009/12/01,0,0,0,0
2009/12/02,0,0,0,0
2009/12/03,0,119000,-13000,106000
2009/12/04,0,0,-14000,-14000
2009/12/07,0,0,0,0
2009/12/08,0,0,0,0
2009/12/09,0,0,-31000,-31000
2009/12/10,0,0,-33000,-33000
2009/12/11,0,12000,0,12000
2009/12/14,0,0,-29000,-29000
2009/12/15,0,0,0,0
2009/12/16,0,0,-33000,-33000
2009/12/17,0,0,0,0
2009/12/18,0,0,-19000,-19000
2009/12/21,0,0,0,0
2009/12/22,0,0,-10000,-10000
2009/12/23,0,3000,0,3000
2009/12/24,0,0,0,0
2009/12/25,0,0,-22000,-22000
2009/12/28,0,61000,0,61000
2009/12/29,0,561000,0,561000
2009/12/30,0,291000,0,291000
2009/12/31,0,0,-3000,-3000
2010/01/01,0,0,0,0
2010/01/04,0,34000,-2000,32000
2010/01/05,0,0,-10000,-10000
2010/01/06,0,0,-21000,-21000
2010/01/07,0,0,-15000,-15000
2010/01/08,0,0,-31000,-31000
2010/01/11,0,0,-15000,-15000
2010/01/12,0,0,-34000,-34000
2010/01/13,0,0,-5000,-5000
2010/01/14,0,0,-10000,-10000
2010/01/15,0,0,-331000,-331000
2010/01/18,0,44000,-20000,24000
2010/01/19,0,0,-86000,-86000
2010/01/20,0,0,-25000,-25000
2010/01/21,0,0,-8000,-8000
2010/01/22,0,0,0,0
2010/01/25,0,21000,-32000,-11000
2010/01/26,0,0,-5000,-5000
2010/01/27,0,87000,0,87000
2010/01/28,0,26000,0,26000
2010/01/29,0,32000,-12000,20000
2010/02/01,0,37000,-4000,33000
2010/02/02,0,0,0,0
2010/02/03,0,14000,-3000,11000
2010/02/04,0,21000,0,21000
2010/02/05,0,40000,0,40000
2010/02/08,0,60000,-10000,50000
2010/02/09,0,30000,0,30000
2010/02/10,0,0,0,0
2010/02/11,0,0,0,0
2010/02/12,0,0,0,0
2010/02/15,0,0,0,0
2010/02/16,0,0,0,0
2010/02/17,0,0,0,0
2010/02/18,0,0,0,0
2010/02/19,0,0,0,0
2010/02/22,0,45000,0,45000
2010/02/23,0,53000,0,53000
2010/02/24,0,10000,0,10000
2010/02/25,0,8000,0,8000
2010/02/26,0,25000,-42000,-17000
2010/03/01,0,18000,0,18000
2010/03/02,0,0,0,0
2010/03/03,0,0,0,0
2010/03/04,0,0,-18000,-18000
2010/03/05,0,5000,0,5000
2010/03/08,0,0,0,0
2010/03/09,0,111000,0,111000
2010/03/10,0,0,-25000,-25000
2010/03/11,0,3000,0,3000
2010/03/12,0,0,-81000,-81000
2010/03/15,0,0,-12000,-12000
2010/03/16,0,0,-10000,-10000
2010/03/17,0,30000,-597000,-567000
2010/03/18,0,8000,-27000,-19000
2010/03/19,0,0,-20000,-20000
2010/03/22,0,0,-21000,-21000
2010/03/23,0,7000,-23000,-16000
2010/03/24,0,0,-6000,-6000
2010/03/25,0,0,-20000,-20000
2010/03/26,0,0,-3000,-3000
2010/03/29,0,23000,-25000,-2000
2010/03/30,0,7000,0,7000
2010/03/31,0,0,-66000,-66000
2010/04/01,0,0,-163000,-163000
2010/04/02,0,5000,-32000,-27000
2010/04/05,0,0,0,0
2010/04/06,0,0,-14000,-14000
2010/04/07,0,0,-10000,-10000
2010/04/08,0,0,-20000,-20000
2010/04/09,0,0,-13000,-13000
2010/04/12,0,0,-9000,-9000
2010/04/13,0,0,-21000,-21000
2010/04/14,0,0,-17000,-17000
2010/04/15,0,0,-20000,-20000
2010/04/16,0,0,-70000,-70000
2010/04/19,0,0,-330,-330
2010/04/20,0,12000,-24000,-12000
2010/04/21,0,5000,0,5000
2010/04/22,0,0,0,0
2010/04/23,0,0,0,0
2010/04/26,0,34000,0,34000
2010/04/27,0,6000,-13000,-7000
2010/04/28,0,5000,-12000,-7000
2010/04/29,0,0,-11000,-11000
2010/04/30,0,0,0,0
2010/05/03,0,0,-5000,-5000
2010/05/04,0,0,0,0
2010/05/05,0,27000,-28000,-1000
2010/05/06,0,0,-9000,-9000
2010/05/07,0,104000,-2000,102000
2010/05/10,0,29000,0,29000
2010/05/11,0,25000,-30000,-5000
2010/05/12,0,3000,-10000,-7000
2010/05/13,0,12000,0,12000
2010/05/14,0,41000,0,41000
2010/05/17,0,4000,-16000,-12000
2010/05/18,0,0,0,0
2010/05/19,0,0,-19000,-19000
2010/05/20,0,19000,-27000,-8000
2010/05/21,0,0,0,0
2010/05/24,0,0,-14000,-14000
2010/05/25,0,322000,0,322000
2010/05/26,0,29000,-1573000,-1544000
2010/05/27,0,59000,0,59000
2010/05/28,0,0,-11000,-11000
2010/05/31,0,0,-14000,-14000
2010/06/01,0,5000,0,5000
2010/06/02,0,0,0,0
2010/06/03,0,0,-19000,-19000
2010/06/04,0,0,-142000,-142000
2010/06/07,0,0,0,0
2010/06/08,0,29000,-2000,27000
2010/06/09,0,6000,0,6000
2010/06/10,0,33000,-3000,30000
2010/06/11,0,0,0,0
2010/06/14,0,24000,0,24000
2010/06/15,0,0,-880000,-880000
2010/06/16,0,0,0,0
2010/06/17,0,0,-3000,-3000
2010/06/18,0,0,-50000,-50000
2010/06/21,0,0,0,0
2010/06/22,0,0,-19000,-19000
2010/06/23,0,0,-7000,-7000
2010/06/24,0,0,-13000,-13000
2010/06/25,0,259000,-127000,132000
2010/06/28,0,312000,0,312000
2010/06/29,0,16000,0,16000
2010/06/30,0,0,0,0
2010/07/01,0,29000,0,29000
2010/07/02,0,12000,0,12000
2010/07/05,0,0,-4000,-4000
2010/07/06,0,51000,0,51000
2010/07/07,0,0,0,0
2010/07/08,0,0,0,0
2010/07/09,0,0,0,0
2010/07/12,0,11000,0,11000
2010/07/13,0,0,-18000,-18000
2010/07/14,0,11000,0,11000
2010/07/15,0,74000,0,74000
2010/07/16,0,7000,-3241000,-3234000
2010/07/19,0,73000,-154000,-81000
2010/07/20,0,0,0,0
2010/07/21,0,0,-11000,-11000
2010/07/22,0,80000,0,80000
2010/07/23,0,2000,0,2000
2010/07/26,0,0,0,0
2010/07/27,0,95000,-14000,81000
2010/07/28,0,10000,-253000,-243000
2010/07/29,0,50000,0,50000
2010/07/30,0,0,-131000,-131000
2010/08/02,0,48000,-26000,22000
2010/08/03,0,19000,-12000,7000
2010/08/04,0,2000,-39000,-37000
2010/08/05,0,6000,-33000,-27000
2010/08/06,0,0,-23000,-23000
2010/08/09,0,67000,-5000,62000
2010/08/10,0,126000,-48000,78000
2010/08/11,0,175000,-5000,170000
2010/08/12,0,0,-40000,-40000
2010/08/13,0,89000,-4000,85000
2010/08/16,0,0,-9000,-9000
2010/08/17,0,7000,-31000,-24000
2010/08/18,0,0,-18000,-18000
2010/08/19,0,0,-6000,-6000
2010/08/20,0,0,-4000,-4000
2010/08/23,0,0,0,0
2010/08/24,0,7000,-17000,-10000
2010/08/25,0,61000,-15000,46000
2010/08/26,0,0,-10000,-10000
2010/08/27,0,8000,0,8000
2010/08/30,0,17000,0,17000
2010/08/31,0,217000,0,217000
2010/09/01,0,64000,0,64000
2010/09/02,0,27000,0,27000
2010/09/03,0,6000,0,6000
2010/09/06,0,0,0,0
2010/09/07,0,84000,0,84000
2010/09/08,0,0,0,0
2010/09/09,0,0,0,0
2010/09/10,0,0,0,0
2010/09/13,0,0,0,0
2010/09/14,0,15000,-18000,-3000
2010/09/15,0,40000,0,40000
2010/09/16,0,0,-36000,-36000
2010/09/17,0,0,-30000,-30000
2010/09/20,0,0,-8000,-8000
2010/09/21,0,0,-18000,-18000
2010/09/22,0,0,0,0
2010/09/23,0,0,-33000,-33000
2010/09/24,0,0,-20000,-20000
2010/09/27,0,65000,-18000,47000
2010/09/28,0,168000,0,168000
2010/09/29,0,0,-59000,-59000
2010/09/30,0,0,-42000,-42000
2010/10/01,0,0,0,0
2010/10/04,0,0,-12000,-12000
2010/10/05,0,0,-11000,-11000
2010/10/06,0,0,-35000,-35000
2010/10/07,0,0,0,0
2010/10/08,0,0,-9000,-9000
2010/10/11,0,32000,0,32000
2010/10/12,0,0,-13000,-13000
2010/10/13,0,0,-11000,-11000
2010/10/14,0,40000,-69000,-29000
2010/10/15,0,0,0,0
2010/10/18,0,0,-9000,-9000
2010/10/19,0,33000,-27000,6000
2010/10/20,0,0,0,0
2010/10/21,0,0,0,0
2010/10/22,0,0,-38000,-38000
2010/10/25,0,0,-5000,-5000
2010/10/26,0,26000,0,26000
2010/10/27,0,97000,0,97000
2010/10/28,0,0,0,0
2010/10/29,0,0,-2000,-2000
2010/11/01,0,0,0,0
2010/11/02,0,0,0,0
2010/11/03,0,0,0,0
2010/11/04,0,0,-56897,-56897
2010/11/05,0,0,0,0
2010/11/08,0,0,-9000,-9000
2010/11/09,0,30000,0,30000
2010/11/10,0,0,-14000,-14000
2010/11/11,0,19000,0,19000
2010/11/12,0,0,-6000,-6000
2010/11/15,0,0,-5000,-5000
2010/11/16,0,0,-7000,-7000
2010/11/17,0,0,-96000,-96000
2010/11/18,0,0,0,0
2010/11/19,0,0,0,0
2010/11/22,0,0,0,0
2010/11/23,0,0,0,0
2010/11/24,0,0,0,0
2010/11/25,0,0,-50000,-50000
2010/11/26,0,10000,0,10000
2010/11/29,0,0,0,0
2010/11/30,0,0,-327000,-327000
2010/12/01,0,0,-28000,-28000
2010/12/02,0,0,-33000,-33000
2010/12/03,0,0,-24000,-24000
2010/12/06,0,0,-67000,-67000
2010/12/07,0,8000,-2000,6000
2010/12/08,0,0,-23000,-23000
2010/12/09,0,13000,-66000,-53000
2010/12/10,0,0,0,0
2010/12/13,0,0,-34000,-34000
2010/12/14,0,0,-56000,-56000
2010/12/15,0,0,0,0
2010/12/16,0,0,-73000,-73000
2010/12/17,0,6000,-14000,-8000
2010/12/20,0,0,-80000,-80000
2010/12/21,0,5954000,0,5954000
2010/12/22,0,45000,0,45000
2010/12/23,0,5791000,-12000,5779000
2010/12/24,0,3470000,0,3470000
2010/12/27,0,0,-10000,-10000
2010/12/28,0,0,-45000,-45000
2010/12/29,0,0,0,0
2010/12/30,0,0,0,0
2010/12/31,0,4000,-13000,-9000
2011/01/03,0,0,0,0
2011/01/04,0,1000,-184000,-183000
2011/01/05,0,0,0,0
2011/01/06,0,0,0,0
2011/01/07,0,0,0,0
2011/01/10,0,0,-17000,-17000
2011/01/11,0,0,0,0
2011/01/12,0,0,0,0
2011/01/13,0,8657000,-84000,8573000
2011/01/14,0,0,-44000,-44000
2011/01/17,0,0,0,0
2011/01/18,0,1322000,0,1322000
2011/01/19,0,12000,-71000,-59000
2011/01/20,0,0,-12000,-12000
2011/01/21,0,0,-14000,-14000
2011/01/24,0,0,0,0
2011/01/25,0,1394000,-54000,1340000
2011/01/26,0,0,-45000,-45000
2011/01/27,0,11000,-6000,5000
2011/01/28,0,100000,-25000,75000
2011/01/31,0,0,0,0
2011/02/01,0,0,0,0
2011/02/02,0,0,0,0
2011/02/03,0,0,0,0
2011/02/04,0,0,0,0
2011/02/07,0,0,0,0
2011/02/08,0,0,0,0
2011/02/09,0,0,0,0
2011/02/10,0,1317000,-411000,906000
2011/02/11,0,36000,0,36000
2011/02/14,0,12000,0,12000
2011/02/15,0,23000,0,23000
2011/02/16,0,21000,0,21000
2011/02/17,0,0,0,0
2011/02/18,0,200000,0,200000
2011/02/21,0,0,-13000,-13000
2011/02/22,0,28000,-200000,-172000
2011/02/23,0,0,-65000,-65000
2011/02/24,0,41000,0,41000
2011/02/25,0,64000,-69000,-5000
2011/02/28,0,0,0,0
2011/03/01,0,0,0,0
2011/03/02,0,10000,-2000,8000
2011/03/03,0,0,0,0
2011/03/04,0,0,0,0
2011/03/07,0,0,0,0
2011/03/08,0,0,0,0
2011/03/09,0,14000,0,14000
2011/03/10,0,0,0,0
2011/03/11,0,59000,0,59000
2011/03/14,0,15000,-2405000,-2390000
2011/03/15,0,9000,0,9000
2011/03/16,0,0,0,0
2011/03/17,0,235000,0,235000
2011/03/18,0,0,-19000,-19000
2011/03/21,0,0,0,0
2011/03/22,0,0,0,0
2011/03/23,0,0,0,0
2011/03/24,0,19000,0,19000
2011/03/25,0,0,0,0
2011/03/28,0,0,0,0
2011/03/29,0,400000,0,400000
2011/03/30,0,64000,-933,63067
2011/03/31,0,0,-45000,-45000
2011/04/01,0,0,0,0
2011/04/04,0,0,0,0
2011/04/05,0,0,0,0
2011/04/06,0,0,-40000,-40000
2011/04/07,0,0,0,0
2011/04/08,0,0,-400000,-400000
2011/04/11,0,4000,-1000,3000
2011/04/12,0,0,-45000,-45000
2011/04/13,0,0,0,0
2011/04/14,0,5000,0,5000
2011/04/15,0,0,0,0
2011/04/18,0,0,-8000,-8000
2011/04/19,0,15000,-3000,12000
2011/04/20,0,0,0,0
2011/04/21,0,0,-52000,-52000
2011/04/22,0,0,-40000,-40000
2011/04/25,0,0,-12000,-12000
2011/04/26,0,0,-26000,-26000
2011/04/27,0,1252000,-13000,1239000
2011/04/28,0,0,0,0
2011/04/29,0,0,0,0
2011/05/02,0,0,0,0
2011/05/03,0,124000,-1000,123000
2011/05/04,0,124000,0,124000
2011/05/05,0,124000,0,124000
2011/05/06,0,110000,-5599000,-5489000
2011/05/09,0,4000,0,4000
2011/05/10,0,0,0,0
2011/05/11,0,0,0,0
2011/05/12,0,30000,-9000,21000
2011/05/13,0,5000,0,5000
2011/05/16,0,11000,0,11000
2011/05/17,0,0,0,0
2011/05/18,0,0,0,0
2011/05/19,0,7000,0,7000
2011/05/20,0,0,-4000,-4000
2011/05/23,0,13000,-5000,8000
2011/05/24,0,0,-5514000,-5514000
2011/05/25,0,0,0,0
2011/05/26,0,0,0,0
2011/05/27,0,0,0,0
2011/05/30,0,7000,-2748000,-2741000
2011/05/31,0,0,-124000,-124000
2011/06/01,0,0,0,0
2011/06/02,0,0,-1871000,-1871000
2011/06/03,0,0,0,0
2011/06/06,0,0,0,0
2011/06/07,0,0,0,0
2011/06/08,0,10000,0,10000
2011/06/09,0,0,0,0
2011/06/10,0,0,0,0
2011/06/13,0,0,0,0
2011/06/14,0,22000,0,22000
2011/06/15,0,29000,0,29000
2011/06/16,0,0,-2674000,-2674000
2011/06/17,0,50000,-2177000,-2127000
2011/06/20,0,22000,0,22000
2011/06/21,0,30000,0,30000
2011/06/22,0,1020000,0,1020000
2011/06/23,0,1015000,-20000,995000
2011/06/24,0,1043000,0,1043000
2011/06/27,0,504000,-27000,477000
2011/06/28,0,445000,-17000,428000
2011/06/29,0,318000,0,318000
2011/06/30,0,19000,0,19000
2011/07/01,0,4000,0,4000
2011/07/04,0,0,0,0
2011/07/05,0,0,-9000,-9000
2011/07/06,0,0,-165000,-165000
2011/07/07,0,0,0,0
2011/07/08,0,0,-12000,-12000
2011/07/11,0,0,0,0
2011/07/12,0,13000,0,13000
2011/07/13,0,31000,0,31000
2011/07/14,0,63000,0,63000
2011/07/15,0,34000,0,34000
2011/07/18,0,11000,0,11000
2011/07/19,0,22000,0,22000
2011/07/20,0,24000,0,24000
2011/07/21,0,11000,0,11000
2011/07/22,0,0,-32000,-32000
2011/07/25,0,0,-39000,-39000
2011/07/26,0,16000,0,16000
2011/07/27,0,0,-27000,-27000
2011/07/28,0,0,-32000,-32000
2011/07/29,0,0,0,0
2011/08/01,0,16000,0,16000
2011/08/02,0,0,-78000,-78000
2011/08/03,0,63000,-16000,47000
2011/08/04,0,129000,0,129000
2011/08/05,0,139000,0,139000
2011/08/08,0,83000,0,83000
2011/08/09,0,103000,0,103000
2011/08/10,0,104000,-30000,74000
2011/08/11,0,134000,0,134000
2011/08/12,0,9000,-46000,-37000
2011/08/15,0,20000,0,20000
2011/08/16,0,0,-170000,-170000
2011/08/17,0,0,-11000,-11000
2011/08/18,0,274000,0,274000
2011/08/19,0,17000,-14000,3000
2011/08/22,0,166000,-4000,162000
2011/08/23,0,21000,-3640000,-3619000
2011/08/24,0,0,-2977000,-2977000
2011/08/25,0,0,0,0
2011/08/26,0,130000,0,130000
2011/08/29,0,29000,0,29000
2011/08/30,0,0,0,0
2011/08/31,0,0,-651000,-651000
2011/09/01,0,0,-8000,-8000
2011/09/02,0,190000,-24000,166000
2011/09/05,0,0,-17000,-17000
2011/09/06,0,0,0,0
2011/09/07,0,42000,0,42000
2011/09/08,0,0,0,0
2011/09/09,0,62000,0,62000
2011/09/12,0,0,0,0
2011/09/13,0,92000,-13614,78386
2011/09/14,0,32000,-27000,5000
2011/09/15,0,76000,-66000,10000
2011/09/16,0,86000,-1719000,-1633000
2011/09/19,0,31000,0,31000
2011/09/20,0,224000,0,224000
2011/09/21,0,0,-7047,-7047
2011/09/22,0,0,-20000,-20000
2011/09/23,0,18000,0,18000
2011/09/26,0,70000,0,70000
2011/09/27,0,26000,0,26000
2011/09/28,0,0,-12000,-12000
2011/09/29,0,103440,0,103440
2011/09/30,0,433000,-2169000,-1736000
2011/10/03,0,0,-6000,-6000
2011/10/04,0,42000,-2000000,-1958000
2011/10/05,0,78000,0,78000
2011/10/06,0,112000,-5000,107000
2011/10/07,0,10000,0,10000
2011/10/10,0,0,0,0
2011/10/11,0,0,0,0
2011/10/12,0,0,0,0
2011/10/13,0,25000,0,25000
2011/10/14,0,0,-1000,-1000
2011/10/17,0,0,-12524,-12524
2011/10/18,0,20000,-38850,-18850
2011/10/19,0,0,0,0
2011/10/20,0,0,-39454,-39454
2011/10/21,0,0,0,0
2011/10/24,0,22000,-4000,18000
2011/10/25,0,724000,0,724000
2011/10/26,0,7000,0,7000
2011/10/27,0,16000,0,16000
2011/10/28,0,24000,0,24000
2011/10/31,0,4000,-23000,-19000
2011/11/01,0,0,-27000,-27000
2011/11/02,0,106000,0,106000
2011/11/03,0,9000,0,9000
2011/11/04,0,0,-313000,-313000
2011/11/07,0,0,0,0
2011/11/08,0,25000,0,25000
2011/11/09,0,0,0,0
2011/11/10,0,7000,0,7000
2011/11/11,0,0,-6000,-6000
2011/11/14,0,24000,-40376,-16376
2011/11/15,0,0,-4000,-4000
2011/11/16,0,0,0,0
2011/11/17,0,14000,0,14000
2011/11/18,0,17000,0,17000
2011/11/21,0,31000,0,31000
2011/11/22,0,15000,-344000,-329000
2011/11/23,0,52000,0,52000
2011/11/24,0,35000,0,35000
2011/11/25,0,39000,0,39000
2011/11/28,0,15000,0,15000
2011/11/29,0,17000,0,17000
2011/11/30,0,89000,-42000,47000
2011/12/01,0,0,-76000,-76000
2011/12/02,0,0,0,0
2011/12/05,0,19000,-19000,0
2011/12/06,0,0,0,0
2011/12/07,0,12000,0,12000
2011/12/08,0,15000,0,15000
2011/12/09,0,0,-12159,-12159
2011/12/12,0,0,0,0
2011/12/13,0,0,0,0
2011/12/14,0,33000,0,33000
2011/12/15,0,20000,0,20000
2011/12/16,0,8000,-66000,-58000
2011/12/19,0,69000,0,69000
2011/12/20,0,18000,0,18000
2011/12/21,0,0,-46000,-46000
2011/12/22,0,21000,0,21000
2011/12/23,0,0,-86267,-86267
2011/12/26,0,0,0,0
2011/12/27,0,38000,-92000,-54000
2011/12/28,0,0,-18000,-18000
2011/12/29,0,0,0,0
2011/12/30,0,0,-31000,-31000
2012/01/02,0,41000,0,41000
2012/01/03,0,0,-61000,-61000
2012/01/04,0,0,0,0
2012/01/05,0,0,-71393,-71393
2012/01/06,0,0,-12000,-12000
2012/01/09,0,0,0,0
2012/01/10,0,0,-8000,-8000
2012/01/11,0,0,-21000,-21000
2012/01/12,0,0,-79000,-79000
2012/01/13,0,0,-532000,-532000
2012/01/16,0,0,-18000,-18000
2012/01/17,0,0,0,0
2012/01/18,0,0,-43000,-43000
2012/01/19,0,0,0,0
2012/01/20,0,0,0,0
2012/01/23,0,0,0,0
2012/01/24,0,0,0,0
2012/01/25,0,0,0,0
2012/01/26,0,0,0,0
2012/01/27,0,0,0,0
2012/01/30,0,0,-66000,-66000
2012/01/31,0,13000,-6000,7000
2012/02/01,0,0,-35000,-35000
2012/02/02,0,0,-26000,-26000
2012/02/03,0,0,-84000,-84000
2012/02/06,0,0,-58000,-58000
2012/02/07,0,1000,0,1000
2012/02/08,0,0,-15000,-15000
2012/02/09,0,12334,-264000,-251666
2012/02/10,0,0,-23000,-23000
2012/02/13,0,0,0,0
2012/02/14,0,11000,-44000,-33000
2012/02/15,0,0,-40000,-40000
2012/02/16,0,3000,-10000,-7000
2012/02/17,0,45000,0,45000
2012/02/20,0,0,-16000,-16000
2012/02/21,0,0,0,0
2012/02/22,0,0,0,0
2012/02/23,0,0,-15000,-15000
2012/02/24,0,0,-62000,-62000
2012/02/27,0,0,0,0
2012/02/28,0,0,0,0
2012/02/29,0,0,-75000,-75000
2012/03/01,0,0,-27000,-27000
2012/03/02,0,0,-30000,-30000
2012/03/05,0,1525000,-6000,1519000
2012/03/06,0,0,-5000,-5000
2012/03/07,0,0,0,0
2012/03/08,0,0,-47294,-47294
2012/03/09,0,0,-8000,-8000
2012/03/12,0,0,-11000,-11000
2012/03/13,0,0,-36000,-36000
2012/03/14,0,108000,0,108000
2012/03/15,0,79000,-152000,-73000
2012/03/16,0,0,-450000,-450000
2012/03/19,0,0,-3000,-3000
2012/03/20,0,0,-43000,-43000
2012/03/21,0,0,0,0
2012/03/22,0,0,0,0
2012/03/23,0,0,-235000,-235000
2012/03/26,0,0,-281000,-281000
2012/03/27,0,0,0,0
2012/03/28,0,0,0,0
2012/03/29,0,0,0,0
2012/03/30,0,123000,-21000,102000
2012/04/02,0,0,-3000,-3000
2012/04/03,0,0,0,0
2012/04/04,0,0,0,0
2012/04/05,0,12824,-11000,1824
2012/04/06,0,36000,0,36000
2012/04/09,0,0,-23000,-23000
2012/04/10,0,0,0,0
2012/04/11,0,0,0,0
2012/04/12,0,0,-2000,-2000
2012/04/13,0,37000,0,37000
2012/04/16,0,23000,0,23000
2012/04/17,0,0,0,0
2012/04/18,0,0,0,0
2012/04/19,0,0,0,0
2012/04/20,0,39000,0,39000
2012/04/23,0,9000,0,9000
2012/04/24,0,41000,0,41000
2012/04/25,0,0,0,0
2012/04/26,0,0,0,0
2012/04/27,0,352000,0,352000
2012/04/30,0,0,0,0
2012/05/01,0,0,0,0
2012/05/02,0,130000,0,130000
2012/05/03,0,47043,0,47043
2012/05/04,0,48000,-79000,-31000
2012/05/07,0,582000,0,582000
2012/05/08,0,0,0,0
2012/05/09,0,264000,0,264000
2012/05/10,0,0,0,0
2012/05/11,0,304000,0,304000
2012/05/14,0,264000,0,264000
2012/05/15,0,96000,0,96000
2012/05/16,0,49000,-6000,43000
2012/05/17,0,0,0,0
2012/05/18,0,467000,0,467000
2012/05/21,0,0,0,0
2012/05/22,0,0,0,0
2012/05/23,0,265000,-33000,232000
2012/05/24,0,0,0,0
2012/05/25,0,158000,0,158000
2012/05/28,0,8541000,0,8541000
2012/05/29,0,1774000,0,1774000
2012/05/30,0,0,-66404,-66404
2012/05/31,0,25000,-466000,-441000
2012/06/01,0,596000,-2000,594000
2012/06/04,0,316000,0,316000
2012/06/05,0,44000,0,44000
2012/06/06,0,33664000,0,33664000
2012/06/07,0,0,0,0
2012/06/08,0,557000,0,557000
2012/06/11,0,191000,0,191000
2012/06/12,0,607000,0,607000
2012/06/13,0,296000,-193000,103000
2012/06/14,0,98000,-176000,-78000
2012/06/15,0,0,-769000,-769000
2012/06/18,0,0,-2000,-2000
2012/06/19,0,18000,0,18000
2012/06/20,0,0,0,0
2012/06/21,0,113000,0,113000
2012/06/22,0,0,0,0
2012/06/25,0,0,-91000,-91000
2012/06/26,0,187508,-40000,147508
2012/06/27,0,0,0,0
2012/06/28,0,0,-45000,-45000
2012/06/29,0,0,0,0
2012/07/02,0,804000,-30000,774000
2012/07/03,0,329000,0,329000
2012/07/04,0,0,0,0
2012/07/05,0,20000,-9000,11000
2012/07/06,0,0,-57000,-57000
2012/07/09,0,0,0,0
2012/07/10,0,5000,0,5000
2012/07/11,0,5000,-145000,-140000
2012/07/12,0,0,0,0
2012/07/13,0,0,0,0
2012/07/16,0,0,-5000,-5000
2012/07/17,0,0,-22000,-22000
2012/07/18,0,0,0,0
2012/07/19,0,5000,0,5000
2012/07/20,0,0,0,0
2012/07/23,0,0,-57000,-57000
2012/07/24,0,1000,-1000,0
2012/07/25,0,0,0,0
2012/07/26,0,82000,0,82000
2012/07/27,0,0,0,0
2012/07/30,0,0,0,0
2012/07/31,0,0,0,0
2012/08/01,0,8000,0,8000
2012/08/02,0,0,0,0
2012/08/03,0,0,-15000,-15000
2012/08/06,0,25000,-13000,12000
2012/08/07,0,10000,-658000,-648000
2012/08/08,0,7000,-148000,-141000
2012/08/09,0,254000,-86000,168000
2012/08/10,0,233000,-63000,170000
2012/08/13,0,501000,-39000,462000
2012/08/14,0,0,-18000,-18000
2012/08/15,0,312000,-79000,233000
2012/08/16,0,0,-44000,-44000
2012/08/17,0,7000,-357868,-350868
2012/08/20,0,0,-44000,-44000
2012/08/21,0,0,-27000,-27000
2012/08/22,0,0,-11000,-11000
2012/08/23,0,12000,-282000,-270000
2012/08/24,0,0,0,0
2012/08/27,0,8000,-19000,-11000
2012/08/28,0,2000,-4000,-2000
2012/08/29,0,250000,-428000,-178000
2012/08/30,0,0,-6000,-6000
2012/08/31,0,1000,-1695000,-1694000
2012/09/03,0,54000,-22000,32000
2012/09/04,0,0,0,0
2012/09/05,0,13000,-13000,0
2012/09/06,0,24000,0,24000
2012/09/07,0,17000,-16000,1000
2012/09/10,0,0,0,0
2012/09/11,0,0,0,0
2012/09/12,0,15000,0,15000
2012/09/13,0,10000,0,10000
2012/09/14,0,5000,0,5000
2012/09/17,0,10000,0,10000
2012/09/18,0,0,-457000,-457000
2012/09/19,0,800000,-151000,649000
2012/09/20,0,307000,-80000,227000
2012/09/21,0,9987000,-5681000,4306000
2012/09/24,0,1521000,-47000,1474000
2012/09/25,0,0,0,0
2012/09/26,0,0,-87000,-87000
2012/09/27,0,6000,-3000,3000
2012/09/28,0,18000,-9000,9000
2012/10/01,0,608000,0,608000
2012/10/02,0,0,-2000,-2000
2012/10/03,0,0,0,0
2012/10/04,0,0,0,0
2012/10/05,0,0,-12000,-12000
2012/10/08,0,0,0,0
2012/10/09,0,0,0,0
2012/10/10,0,0,0,0
2012/10/11,0,0,0,0
2012/10/12,0,0,-4000,-4000
2012/10/15,0,0,0,0
2012/10/16,0,0,-3000,-3000
2012/10/17,0,16000,0,16000
2012/10/18,0,33000,0,33000
2012/10/19,0,0,0,0
2012/10/22,0,0,0,0
2012/10/23,0,63000,-199000,-136000
2012/10/24,0,0,0,0
2012/10/25,0,0,-10000,-10000
2012/10/26,0,0,0,0
2012/10/29,0,37110,0,37110
2012/10/30,0,120000,0,120000
2012/10/31,0,0,-23000,-23000
2012/11/01,0,0,0,0
2012/11/02,0,132000,-17000,115000
2012/11/05,0,0,-24000,-24000
2012/11/06,0,0,0,0
2012/11/07,0,100000,0,100000
2012/11/08,0,0,0,0
2012/11/09,0,0,0,0
2012/11/12,0,2005000,-9000,1996000
2012/11/13,0,14000,0,14000
2012/11/14,0,0,0,0
2012/11/15,0,1000000,-29000,971000
2012/11/16,0,0,0,0
2012/11/19,0,0,0,0
2012/11/20,0,0,0,0
2012/11/21,0,0,0,0
2012/11/22,0,0,-6000,-6000
2012/11/23,0,0,0,0
2012/11/26,0,0,-4000,-4000
2012/11/27,0,0,-63000,-63000
2012/11/28,0,1718000,-56000,1662000
2012/11/29,0,1000000,-4000,996000
2012/11/30,0,0,-691000,-691000
2012/12/03,0,0,-3000,-3000
2012/12/04,0,0,-7000,-7000
2012/12/05,0,0,-8000,-8000
2012/12/06,0,0,0,0
2012/12/07,0,0,-4000,-4000
2012/12/10,0,0,-121000,-121000
2012/12/11,0,0,0,0
2012/12/12,0,0,0,0
2012/12/13,0,0,-19000,-19000
2012/12/14,0,3000,-35000,-32000
2012/12/17,0,785000,-79000,706000
2012/12/18,0,0,-68000,-68000
2012/12/19,0,0,-500000,-500000
2012/12/20,0,0,-164000,-164000
2012/12/21,0,0,-253000,-253000
2012/12/24,0,0,0,0
2012/12/25,0,0,0,0
2012/12/26,0,0,0,0
2012/12/27,0,0,-1000,-1000
2012/12/28,0,0,-6000,-6000
2012/12/31,0,0,0,0
2013/01/01,0,0,0,0
2013/01/02,0,0,0,0
2013/01/03,0,0,-25000,-25000
2013/01/04,0,0,-54000,-54000
2013/01/07,0,0,-342000,-342000
2013/01/08,0,0,-10000,-10000
2013/01/09,0,0,-58000,-58000
2013/01/10,0,0,0,0
2013/01/11,0,1000,-47000,-46000
2013/01/14,0,0,0,0
2013/01/15,0,0,-27000,-27000
2013/01/16,0,0,-1183000,-1183000
2013/01/17,0,24000,-617613,-593613
2013/01/18,0,62000,-6000,56000
2013/01/21,0,0,-119000,-119000
2013/01/22,0,2162000,-1033000,1129000
2013/01/23,0,1641000,-15000,1626000
2013/01/24,0,5000,-48000,-43000
2013/01/25,0,0,-18000,-18000
2013/01/28,0,0,0,0
2013/01/29,0,0,-1000,-1000
2013/01/30,0,1349000,-501000,848000
2013/01/31,0,50000,-20000,30000
2013/02/01,0,0,0,0
2013/02/04,0,129000,-2270000,-2141000
2013/02/05,0,0,-5399000,-5399000
2013/02/06,0,558000,-3046000,-2488000
2013/02/07,0,0,0,0
2013/02/08,0,0,0,0
2013/02/11,0,0,0,0
2013/02/12,0,0,0,0
2013/02/13,0,0,0,0
2013/02/14,0,0,0,0
2013/02/15,0,0,0,0
2013/02/18,0,236000,-334000,-98000
2013/02/19,0,2227000,-11000,2216000
2013/02/20,0,0,-1000000,-1000000
2013/02/21,0,0,-14000,-14000
2013/02/22,0,0,-76000,-76000
2013/02/25,0,0,0,0
2013/02/26,0,0,-10000,-10000
2013/02/27,0,0,-49000,-49000
2013/02/28,0,0,0,0
2013/03/01,0,121000,0,121000
2013/03/04,0,0,0,0
2013/03/05,0,0,0,0
2013/03/06,0,1989000,0,1989000
2013/03/07,0,872000,0,872000
2013/03/08,0,3832000,-79000,3753000
2013/03/11,0,236000,-8000,228000
2013/03/12,0,383000,-18000,365000
2013/03/13,0,0,-9000,-9000
2013/03/14,0,0,-935000,-935000
2013/03/15,0,7806000,-17505000,-9699000
2013/03/18,0,103000,-530080,-427080
2013/03/19,0,0,0,0
2013/03/20,0,0,-637000,-637000
2013/03/21,0,0,-1946000,-1946000
2013/03/22,0,0,-21000,-21000
2013/03/25,0,0,-391000,-391000
2013/03/26,0,0,-1200000,-1200000
2013/03/27,0,0,-822000,-822000
2013/03/28,0,0,-581000,-581000
2013/03/29,0,0,0,0
2013/04/01,0,0,-6000,-6000
2013/04/02,0,0,-11000,-11000
2013/04/03,0,0,0,0
2013/04/04,0,0,0,0
2013/04/05,0,0,0,0
2013/04/08,0,0,-18000,-18000
2013/04/09,0,0,-12000,-12000
2013/04/10,0,0,-1000,-1000
2013/04/11,0,0,0,0
2013/04/12,0,0,-2000,-2000
2013/04/15,0,0,-7000,-7000
2013/04/16,0,0,0,0
2013/04/17,0,328000,-103000,225000
2013/04/18,0,0,-785000,-785000
2013/04/19,0,14679,0,14679
2013/04/22,0,0,-763208,-763208
2013/04/23,0,0,-42000,-42000
2013/04/24,0,0,-6000,-6000
2013/04/25,0,182000,-26000,156000
2013/04/26,0,0,-19000,-19000
2013/04/29,0,0,-30000,-30000
2013/04/30,0,0,-1248000,-1248000
2013/05/01,0,0,0,0
2013/05/02,0,0,0,0
2013/05/03,0,0,-413000,-413000
2013/05/06,0,0,-29000,-29000
2013/05/07,0,0,0,0
2013/05/08,0,0,0,0
2013/05/09,0,0,-13000,-13000
2013/05/10,0,244000,-500000,-256000
2013/05/13,0,0,-1027000,-1027000
2013/05/14,0,1000,-3000,-2000
2013/05/15,0,0,0,0
2013/05/16,0,0,0,0
2013/05/17,0,0,0,0
2013/05/20,0,0,-16000,-16000
2013/05/21,0,0,-262730,-262730
2013/05/22,0,0,-58000,-58000
2013/05/23,0,0,-8000,-8000
2013/05/24,0,0,-56000,-56000
2013/05/27,0,0,-22000,-22000
2013/05/28,0,0,0,0
2013/05/29,0,0,0,0
2013/05/30,0,6000,0,6000
2013/05/31,0,1958000,0,1958000
2013/06/03,0,0,0,0
2013/06/04,0,0,0,0
2013/06/05,0,0,-116000,-116000
2013/06/06,0,0,0,0
2013/06/07,0,0,0,0
2013/06/10,0,0,0,0
2013/06/11,0,147000,0,147000
2013/06/12,0,0,0,0
2013/06/13,0,102000,-61000,41000
2013/06/14,0,0,0,0
2013/06/17,0,0,0,0
2013/06/18,0,0,-11000,-11000
2013/06/19,0,0,-2000,-2000
2013/06/20,0,0,0,0
2013/06/21,0,14000,-356000,-342000
2013/06/24,0,65000,-208000,-143000
2013/06/25,0,0,0,0
2013/06/26,0,0,-35000,-35000
2013/06/27,0,147000,0,147000
2013/06/28,0,6000,0,6000
2013/07/01,0,0,-21000,-21000
2013/07/02,0,202000,0,202000
2013/07/03,0,0,-28000,-28000
2013/07/04,0,0,-1018000,-1018000
2013/07/05,0,79000,-414000,-335000
2013/07/08,0,0,0,0
2013/07/09,0,0,0,0
2013/07/10,0,0,0,0
2013/07/11,0,747,0,747
2013/07/12,0,8000,-380000,-372000
2013/07/15,0,0,0,0
2013/07/16,0,0,0,0
2013/07/17,0,0,0,0
2013/07/18,0,7000,-48000,-41000
2013/07/19,0,78000,0,78000
2013/07/22,0,0,0,0
2013/07/23,0,4000,0,4000
2013/07/24,0,6000,0,6000
2013/07/25,0,2000,0,2000
2013/07/26,0,0,0,0
2013/07/29,0,0,0,0
2013/07/30,0,673000,0,673000
2013/07/31,0,0,-6000,-6000
2013/08/01,0,0,0,0
2013/08/02,0,0,0,0
2013/08/05,0,0,-41000,-41000
2013/08/06,0,0,0,0
2013/08/07,0,0,-465000,-465000
2013/08/08,0,0,-3447000,-3447000
2013/08/09,0,37000,0,37000
2013/08/12,0,12000,0,12000
2013/08/13,0,0,0,0
2013/08/14,0,17000,0,17000
2013/08/15,0,0,-7000,-7000
2013/08/16,0,2000,-1191000,-1189000
2013/08/19,0,24000,0,24000
2013/08/20,0,2000,0,2000
2013/08/21,0,0,0,0
2013/08/22,0,24000,0,24000
2013/08/23,0,44000,-1274000,-1230000
2013/08/26,0,68000,0,68000
2013/08/27,0,0,0,0
2013/08/28,0,73000,0,73000
2013/08/29,0,0,0,0
2013/08/30,0,35000,-397000,-362000
2013/09/02,0,0,0,0
2013/09/03,0,10000,-3371,6629
2013/09/04,0,0,0,0
2013/09/05,0,0,-12000,-12000
2013/09/06,0,26000,0,26000
2013/09/09,0,0,-6000,-6000
2013/09/10,0,5000,0,5000
2013/09/11,0,72000,0,72000
2013/09/12,0,97000,0,97000
2013/09/13,0,68000,-14000,54000
2013/09/16,0,11000,-1000,10000
2013/09/17,0,0,0,0
2013/09/18,0,23000,-1073000,-1050000
2013/09/19,0,0,0,0
2013/09/20,0,0,0,0
2013/09/23,0,0,0,0
2013/09/24,0,0,-261000,-261000
2013/09/25,0,0,0,0
2013/09/26,0,8000,0,8000
2013/09/27,0,9000,0,9000
2013/09/30,0,11000,-6000,5000
2013/10/01,0,78000,0,78000
2013/10/02,0,272000,-26000,246000
2013/10/03,0,319000,0,319000
2013/10/04,0,76000,0,76000
2013/10/07,0,10000,0,10000
2013/10/08,0,0,0,0
2013/10/09,0,0,0,0
2013/10/10,0,0,0,0
2013/10/11,0,0,-36000,-36000
2013/10/14,0,0,-42000,-42000
2013/10/15,0,0,0,0
2013/10/16,0,0,0,0
2013/10/17,0,4000,-42000,-38000
2013/10/18,0,0,0,0
2013/10/21,0,0,0,0
2013/10/22,0,0,-116000,-116000
2013/10/23,0,0,-4000,-4000
2013/10/24,0,1000,0,1000
2013/10/25,0,0,-5000,-5000
2013/10/28,0,0,-210000,-210000
2013/10/29,0,0,-5000,-5000
2013/10/30,0,0,0,0
2013/10/31,0,866000,-3000,863000
2013/11/01,0,0,-42000,-42000
2013/11/04,0,36000,0,36000
2013/11/05,0,0,0,0
2013/11/06,0,0,-30000,-30000
2013/11/07,0,0,-3000,-3000
2013/11/08,0,0,0,0
2013/11/11,0,0,-690000,-690000
2013/11/12,0,1000,-3000,-2000
2013/11/13,0,36000,-7000,29000
2013/11/14,0,0,0,0
2013/11/15,0,0,0,0
2013/11/18,0,500000,0,500000
2013/11/19,0,209000,0,209000
2013/11/20,0,210000,0,210000
2013/11/21,0,36000,-7000,29000
2013/11/22,0,0,0,0
2013/11/25,0,0,-34271,-34271
2013/11/26,0,0,-858000,-858000
2013/11/27,0,0,-843000,-843000
2013/11/28,0,0,0,0
2013/11/29,0,0,0,0
2013/12/02,0,0,0,0
2013/12/03,0,0,-3000,-3000
2013/12/04,0,0,-4000,-4000
2013/12/05,0,0,-4000,-4000
2013/12/06,0,0,0,0
2013/12/09,0,0,0,0
2013/12/10,0,0,0,0
2013/12/11,0,0,0,0
2013/12/12,0,0,-6000,-6000
2013/12/13,0,0,0,0
2013/12/16,0,0,0,0
2013/12/17,0,0,-12000,-12000
2013/12/18,0,0,-4000,-4000
2013/12/19,0,0,0,0
2013/12/20,0,127000,0,127000
2013/12/23,0,0,0,0
2013/12/24,0,0,-58000,-58000
2013/12/25,0,0,-50000,-50000
2013/12/26,0,0,-3000,-3000
2013/12/27,0,40000,0,40000
2013/12/30,0,13000,-5000,8000
2013/12/31,0,381000,-20000,361000
2014/01/02,0,0,-34000,-34000
2014/01/03,0,0,-84000,-84000
2014/01/06,0,97000,-34000,63000
2014/01/07,0,0,-10000,-10000
2014/01/08,0,2000,0,2000
2014/01/09,0,3267000,-3000,3264000
2014/01/10,0,810000,0,810000
2014/01/13,0,922000,0,922000
2014/01/14,0,10000,-153000,-143000
2014/01/15,0,645000,-626000,19000
2014/01/16,0,0,-285000,-285000
2014/01/17,0,0,-8000,-8000
2014/01/20,0,0,-4000,-4000
2014/01/21,0,0,-14000,-14000
2014/01/22,0,206000,-23000,183000
2014/01/23,0,178000,-2000,176000
2014/01/24,0,0,-5000,-5000
2014/01/27,0,0,-6000,-6000
2014/02/05,0,142000,0,142000
2014/02/06,0,0,0,0
2014/02/07,0,0,0,0
2014/02/10,0,15000,-272000,-257000
2014/02/11,0,0,-6000,-6000
2014/02/12,0,0,0,0
2014/02/13,0,148756,0,148756
2014/02/14,0,0,0,0
2014/02/17,0,232000,0,232000
2014/02/18,0,0,-11000,-11000
2014/02/19,0,0,-63000,-63000
2014/02/20,0,0,-40000,-40000
2014/02/21,0,0,-443000,-443000
2014/02/24,0,0,-1044000,-1044000
2014/02/25,0,0,0,0
2014/02/26,0,0,0,0
2014/02/27,0,0,-131000,-131000
2014/03/03,0,0,-75000,-75000
2014/03/04,0,0,0,0
2014/03/05,0,2000,0,2000
2014/03/06,0,0,-645000,-645000
2014/03/07,0,0,-9000,-9000
2014/03/10,0,0,-44000,-44000
2014/03/11,0,0,-686000,-686000
2014/03/12,0,0,-2000,-2000
2014/03/13,0,0,-137000,-137000
2014/03/14,0,20000,-74000,-54000
2014/03/17,0,0,-6000,-6000
2014/03/18,0,0,-1000,-1000
2014/03/19,0,0,0,0
2014/03/20,0,0,0,0
2014/03/21,0,0,0,0
2014/03/24,0,0,0,0
2014/03/25,0,0,0,0
2014/03/26,0,0,0,0
2014/03/27,0,0,0,0
2014/03/28,0,0,-20000,-20000
2014/03/31,0,0,0,0
2014/04/01,0,98000,0,98000
2014/04/02,0,0,0,0
2014/04/03,0,0,-583000,-583000
2014/04/07,0,0,-59000,-59000
2014/04/08,0,0,0,0
2014/04/09,0,0,0,0
2014/04/10,0,19062,-500000,-480938
2014/04/11,0,0,0,0
2014/04/14,0,0,0,0
2014/04/15,0,0,-24000,-24000
2014/04/16,0,0,-950000,-950000
2014/04/17,0,0,-114000,-114000
2014/04/18,0,0,-6000,-6000
2014/04/21,0,41000,-6000,35000
2014/04/22,0,0,-843000,-843000
2014/04/23,0,0,-16000,-16000
2014/04/24,0,0,-76000,-76000
2014/04/25,0,0,0,0
2014/04/28,0,0,0,0
2014/04/29,0,0,-107000,-107000
2014/04/30,0,0,-35000,-35000
2014/05/02,0,0,0,0
2014/05/05,0,0,-354000,-354000
2014/05/06,0,0,-71000,-71000
2014/05/07,0,0,-71000,-71000
2014/05/08,0,650000,-213000,437000
2014/05/09,0,350000,-7000,343000
2014/05/12,0,0,0,0
2014/05/13,0,200000,-4000,196000
2014/05/14,0,0,0,0
2014/05/15,0,0,-5000,-5000
2014/05/16,0,0,0,0
2014/05/19,0,0,-9000,-9000
2014/05/20,0,0,-70000,-70000
2014/05/21,0,250000,-1000,249000
2014/05/22,0,0,0,0
2014/05/23,0,0,0,0
2014/05/26,0,400000,-41000,359000
2014/05/27,0,0,-98000,-98000
2014/05/28,0,0,0,0
2014/05/29,0,0,-20000,-20000
2014/05/30,0,0,-468000,-468000
2014/06/03,0,400000,0,400000
2014/06/04,0,0,0,0
2014/06/05,0,34000,0,34000
2014/06/06,0,0,-5000,-5000
2014/06/09,0,0,-4000,-4000
2014/06/10,0,0,-39000,-39000
2014/06/11,0,180000,-61000,119000
2014/06/12,0,0,-56000,-56000
2014/06/13,0,0,-36000,-36000
2014/06/16,0,0,-63000,-63000
2014/06/17,0,0,0,0
2014/06/18,0,5000,0,5000
2014/06/19,0,0,0,0
2014/06/20,0,0,-885000,-885000
2014/06/23,0,600000,0,600000
2014/06/24,0,0,-211000,-211000
2014/06/25,0,0,-19000,-19000
2014/06/26,0,970000,0,970000
2014/06/27,0,0,0,0
2014/06/30,0,0,-77000,-77000
2014/07/01,0,0,0,0
2014/07/02,0,0,-21351,-21351
2014/07/03,0,0,-41000,-41000
2014/07/04,0,0,0,0
2014/07/07,0,0,0,0
2014/07/08,0,0,-42000,-42000
2014/07/09,0,400000,0,400000
2014/07/10,0,3000000,0,3000000
2014/07/11,0,0,0,0
2014/07/14,0,6876000,0,6876000
2014/07/15,0,4400000,-154000,4246000
2014/07/16,0,5800000,0,5800000
2014/07/17,0,93000,0,93000
2014/07/18,0,241000,0,241000
2014/07/21,0,200000,0,200000
2014/07/22,0,445000,0,445000
2014/07/23,0,0,0,0
2014/07/24,0,68000,0,68000
2014/07/25,0,2041000,0,2041000
2014/07/28,0,0,0,0
2014/07/29,0,68000,0,68000
2014/07/30,0,159000,-27000,132000
2014/07/31,0,163000,0,163000
2014/08/01,0,173000,-1500000,-1327000
2014/08/04,0,1000,-1927000,-1926000
2014/08/05,0,0,-200000,-200000
2014/08/06,0,29000,0,29000
2014/08/07,0,138000,0,138000
2014/08/08,0,184000,0,184000
2014/08/11,0,1350000,0,1350000
2014/08/12,0,1329000,-465000,864000
2014/08/13,0,1957000,0,1957000
2014/08/14,0,81000,-857000,-776000
2014/08/15,0,1430000,0,1430000
2014/08/18,0,60000,-50000,10000
2014/08/19,0,26000,-12000,14000
2014/08/20,0,1295000,0,1295000
2014/08/21,0,1384000,0,1384000
2014/08/22,0,0,0,0
2014/08/25,0,0,0,0
2014/08/26,0,6000,0,6000
2014/08/27,0,6000,0,6000
2014/08/28,0,154000,0,154000
2014/08/29,0,21000,-182000,-161000
2014/09/01,0,0,0,0
2014/09/02,0,0,0,0
2014/09/03,0,70000,0,70000
2014/09/04,0,1297000,0,1297000
2014/09/05,0,7804000,0,7804000
2014/09/09,0,2935000,0,2935000
2014/09/10,0,11437000,0,11437000
2014/09/11,0,117000,0,117000
2014/09/12,0,12697000,0,12697000
2014/09/15,0,25000,-4040000,-4015000
2014/09/16,0,45000,0,45000
2014/09/17,0,94000,0,94000
2014/09/18,0,10000000,0,10000000
2014/09/19,0,11001000,-49000,10952000
2014/09/22,0,2339934,0,2339934
2014/09/23,0,2542000,0,2542000
2014/09/24,0,1277000,0,1277000
2014/09/25,0,88000,0,88000
2014/09/26,0,0,0,0
2014/09/29,0,0,0,0
2014/09/30,0,124000,-5610000,-5486000
2014/10/01,0,140000,-1669000,-1529000
2014/10/02,0,6000,-877000,-871000
2014/10/03,0,0,-75000,-75000
2014/10/06,0,34000,-1005000,-971000
2014/10/07,0,9000,0,9000
2014/10/08,0,8000,-2600000,-2592000
2014/10/09,0,80000,-2204200,-2124200
2014/10/13,0,142000,0,142000
2014/10/14,0,0,-71000,-71000
2014/10/15,0,88000,0,88000
2014/10/16,0,226000,0,226000
2014/10/17,0,12000,0,12000
2014/10/20,0,0,0,0
2014/10/21,0,64000,0,64000
2014/10/22,0,0,0,0
2014/10/23,0,1078000,-225000,853000
2014/10/24,0,0,0,0
2014/10/27,0,70000,-190000,-120000
2014/10/28,0,35000,0,35000
2014/10/29,0,44000,0,44000
2014/10/30,0,686000,0,686000
2014/10/31,0,0,-13000,-13000
2014/11/03,0,128000,-10000,118000
2014/11/04,0,0,0,0
2014/11/05,0,0,0,0
2014/11/06,0,209000,0,209000
2014/11/07,0,0,-64000,-64000
2014/11/10,0,0,0,0
2014/11/11,0,105000,0,105000
2014/11/12,0,50000,0,50000
2014/11/13,0,350000,0,350000
2014/11/14,0,352000,0,352000
2014/11/17,0,0,-123000,-123000
2014/11/18,0,0,0,0
2014/11/19,0,0,0,0
2014/11/20,0,19000,0,19000
2014/11/21,0,0,0,0
2014/11/24,0,0,0,0
2014/11/25,0,88000,-8000,80000
2014/11/26,0,0,-5000,-5000
2014/11/27,0,0,-16623,-16623
2014/11/28,0,728000,0,728000
2014/12/01,0,8000000,0,8000000
2014/12/02,0,2000000,0,2000000
2014/12/03,0,0,-63000,-63000
2014/12/04,0,6000000,0,6000000
2014/12/05,0,6556000,-58000,6498000
2014/12/08,0,1540000,-11000,1529000
2014/12/09,0,4000000,0,4000000
2014/12/10,0,0,-181000,-181000
2014/12/11,0,173,-1501000,-1500827
2014/12/12,0,0,0,0
2014/12/15,0,0,-1182000,-1182000
2014/12/16,0,10000,-981000,-971000
2014/12/17,0,0,-300000,-300000
2014/12/18,0,210000,0,210000
2014/12/19,0,439000,0,439000
2014/12/22,0,0,0,0
2014/12/23,0,0,0,0
2014/12/24,0,0,-900000,-900000
2014/12/25,0,7870000,0,7870000
2014/12/26,0,5680000,-630000,5050000
2014/12/29,0,5000000,-24000,4976000
2014/12/30,0,150000,-10000,140000
2014/12/31,0,245000,-1000,244000
2015/01/01,0,0,0,0
2015/01/02,0,0,0,0
2015/01/05,0,0,0,0
2015/01/06,0,0,0,0
2015/01/07,0,4000000,-6000,3994000
2015/01/08,0,0,-1156000,-1156000
2015/01/09,0,3065000,0,3065000
2015/01/12,0,225000,0,225000
2015/01/13,0,0,-6000,-6000
2015/01/14,0,0,-10000,-10000
2015/01/15,0,0,-611000,-611000
2015/01/16,0,0,0,0
2015/01/19,0,800000,0,800000
2015/01/20,0,0,0,0
2015/01/21,0,0,-5000,-5000
2015/01/22,0,0,-47000,-47000
2015/01/23,0,0,-164000,-164000
2015/01/26,0,0,-70000,-70000
2015/01/27,0,0,0,0
2015/01/28,0,0,0,0
2015/01/29,0,0,-60000,-60000
2015/01/30,0,0,-57000,-57000
2015/02/02,0,0,0,0
2015/02/03,0,365000,0,365000
2015/02/04,0,0,0,0
2015/02/05,0,981000,0,981000
2015/02/06,0,2400000,0,2400000
2015/02/09,0,5588000,0,5588000
2015/02/10,0,692000,0,692000
2015/02/11,0,1002000,0,1002000
2015/02/12,0,324000,-11000,313000
2015/02/13,0,3654000,-41000,3613000
2015/02/16,0,0,0,0
2015/02/17,0,0,0,0
2015/02/18,0,0,0,0
2015/02/19,0,0,0,0
2015/02/20,0,0,0,0
2015/02/23,0,0,0,0
2015/02/24,0,1407000,0,1407000
2015/02/25,0,2994000,-84000,2910000
2015/02/26,0,6126000,-23000,6103000
2015/02/27,0,0,0,0
2015/03/02,0,331000,0,331000
2015/03/03,0,0,-3001000,-3001000
2015/03/04,0,0,-194000,-194000
2015/03/05,0,0,-20000,-20000
2015/03/06,0,0,0,0
2015/03/09,0,0,-18000,-18000
2015/03/10,0,0,-2068000,-2068000
2015/03/11,0,94000,-2069000,-1975000
2015/03/12,0,0,-8388,-8388
2015/03/13,0,1040000,0,1040000
2015/03/16,0,8000,0,8000
2015/03/17,0,2000000,-802000,1198000
2015/03/18,0,0,0,0
2015/03/19,0,2826000,-635000,2191000
2015/03/20,0,9373000,-1211000,8162000
2015/03/23,0,995000,-2412000,-1417000
2015/03/24,0,39000,-84000,-45000
2015/03/25,0,0,-1406000,-1406000
2015/03/26,0,0,0,0
2015/03/27,0,0,0,0
2015/03/30,0,0,0,0
2015/03/31,0,0,0,0
2015/04/01,0,114000,-500000,-386000
2015/04/02,0,0,-1078000,-1078000
2015/04/03,0,0,0,0
2015/04/06,0,0,0,0
2015/04/07,0,507000,0,507000
2015/04/08,0,0,-107000,-107000
2015/04/09,0,1000000,0,1000000
2015/04/10,0,1241000,0,1241000
2015/04/13,0,89000,0,89000
2015/04/14,0,0,-12000,-12000
2015/04/15,0,6367000,0,6367000
2015/04/16,0,537000,0,537000
2015/04/17,0,3837000,0,3837000
2015/04/20,0,8000,0,8000
2015/04/21,0,0,0,0
2015/04/22,0,0,0,0
2015/04/23,0,7272000,0,7272000
2015/04/24,0,8527000,-6000,8521000
2015/04/27,0,3882000,0,3882000
2015/04/28,0,2406000,-247000,2159000
2015/04/29,0,4014000,-167000,3847000
2015/04/30,0,6799000,-662000,6137000
2015/05/01,0,0,0,0
2015/05/04,0,8027000,0,8027000
2015/05/05,0,2187000,-6000,2181000
2015/05/06,0,0,-525000,-525000
2015/05/07,0,140000,-200000,-60000
2015/05/08,0,100000,0,100000
2015/05/11,0,4564000,-120000,4444000
2015/05/12,0,100000,-1203000,-1103000
2015/05/13,0,551000,-3000,548000
2015/05/14,0,194000,-4174000,-3980000
2015/05/15,0,0,-1328000,-1328000
2015/05/18,0,250000,0,250000
2015/05/19,0,930000,0,930000
2015/05/20,0,265000,0,265000
2015/05/21,0,0,-2006000,-2006000
2015/05/22,0,0,-5500000,-5500000
2015/05/25,0,0,-1700000,-1700000
2015/05/26,0,0,-13739000,-13739000
2015/05/27,0,0,-5214000,-5214000
2015/05/28,0,18000,-232000,-214000
2015/05/29,0,0,-185000,-185000
2015/06/01,0,0,-4953000,-4953000
2015/06/02,0,0,-380000,-380000
2015/06/03,0,0,-503000,-503000
2015/06/04,0,6000,-1082516,-1076516
2015/06/05,0,0,-5277000,-5277000
2015/06/08,0,0,-50000,-50000
2015/06/09,0,0,-2238000,-2238000
2015/06/10,0,767000,-897000,-130000
2015/06/11,0,0,-491000,-491000
2015/06/12,0,0,-757000,-757000
2015/06/15,0,0,-148000,-148000
2015/06/16,0,763000,-4000,759000
2015/06/17,0,0,0,0
2015/06/18,0,544000,-468000,76000
2015/06/19,0,0,0,0
2015/06/22,0,29000,-55000,-26000
2015/06/23,0,195000,-4710000,-4515000
2015/06/24,0,0,-126000,-126000
2015/06/25,0,239000,-1103000,-864000
2015/06/26,0,1900000,-824000,1076000
2015/06/29,0,0,-595000,-595000
2015/06/30,0,156000,-997000,-841000
2015/07/01,0,0,-1075000,-1075000
2015/07/02,0,27000,0,27000
2015/07/03,0,0,-29000,-29000
2015/07/06,0,0,-600000,-600000
2015/07/07,0,0,-756000,-756000
2015/07/08,0,145000,-500000,-355000
2015/07/09,0,8000,-16325000,-16317000
2015/07/10,0,0,0,0
2015/07/13,0,88000,-4019000,-3931000
2015/07/14,0,180000,-9095000,-8915000
2015/07/15,0,76000,-1423000,-1347000
2015/07/16,0,3000,-793000,-790000
2015/07/17,0,12000,-2414000,-2402000
2015/07/20,0,0,0,0
2015/07/21,0,6000,0,6000
2015/07/22,0,0,0,0
2015/07/23,0,122000,0,122000
2015/07/24,0,376000,-210000,166000
2015/07/27,0,29000,0,29000
2015/07/28,0,236000,-209000,27000
2015/07/29,0,97000,0,97000
2015/07/30,0,66000,-330000,-264000
2015/07/31,0,15000,-365000,-350000
2015/08/03,0,438000,0,438000
2015/08/04,0,202000,0,202000
2015/08/05,0,168000,0,168000
2015/08/06,0,214000,-862000,-648000
2015/08/07,0,349000,0,349000
2015/08/10,0,236000,-2105000,-1869000
2015/08/11,0,18000,-6213000,-6195000
2015/08/12,0,307000,-832000,-525000
2015/08/13,0,37000,-2823000,-2786000
2015/08/14,0,0,-466000,-466000
2015/08/17,0,88000,-651000,-563000
2015/08/18,0,1000,-2510000,-2509000
2015/08/19,0,0,-5369000,-5369000
2015/08/20,0,7000,-8629000,-8622000
2015/08/21,0,113000,-5545000,-5432000
2015/08/24,0,113000,-2170000,-2057000
2015/08/25,0,190670,-5561000,-5370330
2015/08/26,0,370000,-10855000,-10485000
2015/08/27,0,98000,-9777000,-9679000
2015/08/28,0,46000,-210000,-164000
2015/08/31,0,62000,-425000,-363000
2015/09/01,0,263000,-198000,65000
2015/09/02,0,344000,-2044800,-1700800
2015/09/03,0,145000,0,145000
2015/09/04,0,5000,-3000,2000
2015/09/07,0,89000,0,89000
2015/09/08,0,53000,0,53000
2015/09/09,0,3000,0,3000
2015/09/10,0,0,-1462000,-1462000
2015/09/11,0,48000,0,48000
2015/09/14,0,23000,0,23000
2015/09/15,0,25000,-650000,-625000
2015/09/16,0,0,-2937000,-2937000
2015/09/17,0,0,-691000,-691000
2015/09/18,0,4000,-5813000,-5809000
2015/09/21,0,148000,-5000,143000
2015/09/22,0,3245,-4018000,-4014755
2015/09/23,0,0,0,0
2015/09/24,0,0,0,0
2015/09/25,0,1000,-4000000,-3999000
2015/09/28,0,0,0,0
2015/09/29,0,0,0,0
2015/09/30,0,102000,0,102000
2015/10/01,0,30000,-8984000,-8954000
2015/10/02,0,159000,0,159000
2015/10/05,0,58000,0,58000
2015/10/06,0,7000,0,7000
2015/10/07,0,16000,0,16000
2015/10/08,0,0,0,0
2015/10/09,0,0,0,0
2015/10/12,0,0,0,0
2015/10/13,0,0,0,0
2015/10/14,0,0,0,0
2015/10/15,0,0,0,0
2015/10/16,0,31000,-61000,-30000
2015/10/19,0,0,0,0
2015/10/20,0,0,0,0
2015/10/21,0,0,0,0
2015/10/22,0,0,-60000,-60000
2015/10/23,0,0,-465000,-465000
2015/10/26,0,0,0,0
2015/10/27,0,0,0,0
2015/10/28,0,0,0,0
2015/10/29,0,1058000,-4000,1054000
2015/10/30,0,703000,-12000,691000
2015/11/02,0,29000,0,29000
2015/11/03,0,29000,0,29000
2015/11/04,0,1342000,0,1342000
2015/11/05,0,1000,-87000,-86000
2015/11/06,0,0,0,0
2015/11/09,0,221000,0,221000
2015/11/10,0,29000,0,29000
2015/11/11,0,0,0,0
2015/11/12,0,58000,0,58000
2015/11/13,0,87000,-229000,-142000
2015/11/16,0,57000,0,57000
2015/11/17,0,0,-43000,-43000
2015/11/18,0,33000,0,33000
2015/11/19,0,29000,-1250000,-1221000
2015/11/20,0,0,0,0
2015/11/23,0,0,-8000,-8000
2015/11/24,0,0,-821000,-821000
2015/11/25,0,0,-450000,-450000
2015/11/26,0,0,-2000000,-2000000
2015/11/27,0,0,0,0
2015/11/30,0,32000,-15000,17000
2015/12/01,0,0,-1000,-1000
2015/12/02,0,0,-398000,-398000
2015/12/03,0,0,-110000,-110000
2015/12/04,0,0,0,0
2015/12/07,0,0,0,0
2015/12/08,0,0,0,0
2015/12/09,0,1000,0,1000
2015/12/10,0,0,0,0
2015/12/11,0,0,0,0
2015/12/14,0,58000,-428,57572
2015/12/15,0,0,-1602000,-1602000
2015/12/16,0,196000,-8000,188000
2015/12/17,0,192000,0,192000
2015/12/18,0,394000,-561000,-167000
2015/12/21,0,53000,0,53000
2015/12/22,0,0,0,0
2015/12/23,0,0,-91000,-91000
2015/12/24,0,0,0,0
2015/12/25,0,0,0,0
2015/12/28,0,0,-846000,-846000
2015/12/29,0,0,-924000,-924000
2015/12/30,0,0,0,0
2015/12/31,0,0,0,0
2016/01/01,0,0,0,0
2016/01/04,0,0,0,0
2016/01/05,0,30000,-17000,13000
2016/01/06,0,62000,0,62000
2016/01/07,0,30000,-12000,18000
2016/01/08,0,60000,0,60000
2016/01/11,0,61000,-900000,-839000
2016/01/12,0,0,-5000,-5000
2016/01/13,0,0,-5000,-5000
2016/01/14,0,60000,0,60000
2016/01/15,0,63000,-9000,54000
2016/01/18,0,60000,0,60000
2016/01/19,0,31000,0,31000
2016/01/20,0,0,-9000,-9000
2016/01/21,0,61000,-5933000,-5872000
2016/01/22,0,61000,0,61000
2016/01/25,0,500000,-13000,487000
2016/01/26,0,2000,0,2000
2016/01/27,0,0,0,0
2016/01/28,0,0,-5000,-5000
2016/01/29,0,6000,0,6000
2016/02/01,0,0,-92000,-92000
2016/02/02,0,0,-92000,-92000
2016/02/03,0,0,0,0
2016/02/04,0,0,0,0
2016/02/05,0,0,0,0
2016/02/08,0,0,0,0
2016/02/09,0,0,0,0
2016/02/10,0,0,0,0
2016/02/11,0,0,0,0
2016/02/12,0,0,0,0
2016/02/15,0,0,-4553,-4553
2016/02/16,0,0,0,0
2016/02/17,0,5000,-66000,-61000
2016/02/18,0,0,-122000,-122000
2016/02/19,0,9000,0,9000
2016/02/22,0,0,-30000,-30000
2016/02/23,0,0,-30000,-30000
2016/02/24,0,0,-30000,-30000
2016/02/25,0,0,0,0
2016/02/26,0,0,-17000,-17000
2016/02/29,0,0,0,0
2016/03/01,0,0,0,0
2016/03/02,0,0,-98142,-98142
2016/03/03,0,0,-29000,-29000
2016/03/04,0,0,0,0
2016/03/07,0,500000,-30000,470000
2016/03/08,0,600000,-41000,559000
2016/03/09,0,0,-156000,-156000
2016/03/10,0,0,-31000,-31000
2016/03/11,0,0,0,0
2016/03/14,0,0,0,0
2016/03/15,0,0,-65000,-65000
2016/03/16,0,0,0,0
2016/03/17,0,0,0,0
2016/03/18,0,8316000,-30000,8286000
2016/03/21,0,983000,0,983000
2016/03/22,0,0,0,0
2016/03/23,0,0,-14000,-14000
2016/03/24,0,0,0,0
2016/03/25,0,0,0,0
2016/03/28,0,3000,-507000,-504000
2016/03/29,0,255000,-1000,254000
2016/03/30,0,0,0,0
2016/03/31,0,0,0,0
2016/04/01,0,0,0,0
2016/04/04,0,0,0,0
2016/04/05,0,0,0,0
2016/04/06,0,0,0,0
2016/04/07,0,0,-1000,-1000
2016/04/08,0,0,0,0
2016/04/11,0,0,0,0
2016/04/12,0,0,-2000,-2000
2016/04/13,0,0,-141000,-141000
2016/04/14,0,0,0,0
2016/04/15,0,0,-138217,-138217
2016/04/18,0,0,0,0
2016/04/19,0,0,0,0
2016/04/20,0,2000,0,2000
2016/04/21,0,0,0,0
2016/04/22,0,0,0,0
2016/04/25,0,0,-4000,-4000
2016/04/26,0,0,0,0
2016/04/27,0,0,0,0
2016/04/28,0,0,0,0
2016/04/29,0,0,0,0
2016/05/02,0,0,0,0
2016/05/03,0,0,0,0
2016/05/04,0,0,-1000000,-1000000
2016/05/05,0,48000,-300000,-252000
2016/05/06,0,173000,-4255000,-4082000
2016/05/09,0,0,-400000,-400000
2016/05/10,0,130000,-5019,124981
2016/05/11,0,87000,0,87000
2016/05/12,0,0,0,0
2016/05/13,0,221000,0,221000
2016/05/16,0,87000,0,87000
2016/05/17,0,87000,0,87000
2016/05/18,0,0,0,0
2016/05/19,0,43000,0,43000
2016/05/20,0,0,0,0
2016/05/23,0,0,0,0
2016/05/24,0,0,0,0
2016/05/25,0,0,0,0
2016/05/26,0,201000,-10000,191000
2016/05/27,0,0,-87000,-87000
2016/05/30,0,0,0,0
2016/05/31,0,0,-138000,-138000
2016/06/01,0,0,-87000,-87000
2016/06/02,0,0,0,0
2016/06/03,0,0,-1000,-1000
2016/06/06,0,0,-43000,-43000
2016/06/07,0,0,-264000,-264000
2016/06/08,0,0,-87000,-87000
2016/06/09,0,0,0,0
2016/06/10,0,0,0,0
2016/06/13,0,0,0,0
2016/06/14,0,0,-43000,-43000
2016/06/15,0,0,0,0
2016/06/16,0,0,-55000,-55000
2016/06/17,0,405000,-160000,245000
2016/06/20,0,0,-29000,-29000
2016/06/21,0,0,-44000,-44000
2016/06/22,0,0,-44000,-44000
2016/06/23,0,0,0,0
2016/06/24,0,0,-81000,-81000
2016/06/27,0,0,0,0
2016/06/28,0,5000,-48000,-43000
2016/06/29,0,0,-44000,-44000
2016/06/30,0,3000,0,3000
2016/07/01,0,0,0,0
2016/07/04,0,0,-44000,-44000
2016/07/05,0,0,-163000,-163000
2016/07/06,0,0,-2053000,-2053000
2016/07/07,0,0,-128000,-128000
2016/07/08,0,0,0,0
2016/07/11,0,0,-133000,-133000
2016/07/12,0,0,0,0
2016/07/13,0,0,-89000,-89000
2016/07/14,0,55000,-55000,0
2016/07/15,0,0,-133000,-133000
2016/07/18,0,0,-178000,-178000
2016/07/19,0,109000,-968000,-859000
2016/07/20,0,124000,-90000,34000
2016/07/21,0,5000,-249000,-244000
2016/07/22,0,205000,-85000,120000
2016/07/25,0,628000,0,628000
2016/07/26,0,192000,-12000,180000
2016/07/27,0,4000,-45000,-41000
2016/07/28,0,5000,-43000,-38000
2016/07/29,0,12627,-45000,-32373
2016/08/01,0,0,-182000,-182000
2016/08/02,0,0,-14000,-14000
2016/08/03,0,41000,-45000,-4000
2016/08/04,0,79000,-12000,67000
2016/08/05,0,0,-46000,-46000
2016/08/08,0,3000,-66000,-63000
2016/08/09,0,11000,-2000,9000
2016/08/10,0,2000,-46000,-44000
2016/08/11,0,16000,-91000,-75000
2016/08/12,0,104000,0,104000
2016/08/15,0,121000,-1000,120000
2016/08/16,0,0,-93000,-93000
2016/08/17,0,267000,-4000,263000
2016/08/18,0,256000,-139000,117000
2016/08/19,0,4000,-498000,-494000
2016/08/22,0,0,0,0
2016/08/23,0,0,-12000,-12000
2016/08/24,0,0,0,0
2016/08/25,0,0,-3000,-3000
2016/08/26,0,4000,-46000,-42000
2016/08/29,0,46000,-3000,43000
2016/08/30,0,119000,-3000,116000
2016/08/31,0,152000,-3000,149000
2016/09/01,0,293000,-964000,-671000
2016/09/02,0,0,0,0
2016/09/05,0,0,-56000,-56000
2016/09/06,0,0,0,0
2016/09/07,0,31000,0,31000
2016/09/08,0,0,-16000,-16000
2016/09/09,0,3000,0,3000
2016/09/12,0,0,-129000,-129000
2016/09/13,0,1000,-630000,-629000
2016/09/14,0,0,-4877000,-4877000
2016/09/15,0,0,0,0
2016/09/16,0,0,0,0
2016/09/19,0,0,0,0
2016/09/20,0,0,0,0
2016/09/21,0,0,0,0
2016/09/22,0,0,-110000,-110000
2016/09/23,0,0,0,0
2016/09/26,0,0,0,0
2016/09/27,0,0,0,0
2016/09/28,0,0,0,0
2016/09/29,0,0,0,0
2016/09/30,0,177361,0,177361
2016/10/03,0,0,0,0
2016/10/04,0,0,0,0
2016/10/05,0,0,0,0
2016/10/06,0,0,0,0
2016/10/07,0,37000,0,37000
2016/10/10,0,0,0,0
2016/10/11,0,3000,0,3000
2016/10/12,0,0,-783000,-783000
2016/10/13,0,5000,0,5000
2016/10/14,0,74000,0,74000
2016/10/17,0,37000,0,37000
2016/10/18,0,0,0,0
2016/10/19,0,37000,0,37000
2016/10/20,0,73000,0,73000
2016/10/21,0,0,0,0
2016/10/24,0,0,0,0
2016/10/25,0,0,-123000,-123000
2016/10/26,0,175000,0,175000
2016/10/27,0,0,0,0
2016/10/28,0,0,0,0
2016/10/31,0,0,0,0
2016/11/01,0,35000,-34056,944
2016/11/02,0,35000,-566,34434
2016/11/03,0,70000,-1000,69000
2016/11/04,0,35000,0,35000
2016/11/07,0,0,0,0
2016/11/08,0,0,-117192,-117192
2016/11/09,0,104000,0,104000
2016/11/10,0,35000,0,35000
2016/11/11,0,140000,0,140000
2016/11/14,0,105000,0,105000
2016/11/15,0,223000,0,223000
2016/11/16,0,0,0,0
2016/11/17,0,70000,0,70000
2016/11/18,0,1000,0,1000
2016/11/21,0,0,0,0
2016/11/22,0,0,0,0
2016/11/23,0,0,-300000,-300000
2016/11/24,0,0,0,0
2016/11/25,0,0,0,0
2016/11/28,0,0,0,0
2016/11/29,0,1000,-152000,-151000
2016/11/30,0,0,-47000,-47000
2016/12/01,0,133000,0,133000
2016/12/02,0,35000,0,35000
2016/12/05,0,70000,0,70000
2016/12/06,0,0,0,0
2016/12/07,0,0,0,0
2016/12/08,0,0,0,0
2016/12/09,0,0,0,0
2016/12/12,0,0,0,0
2016/12/13,0,0,0,0
2016/12/14,0,0,0,0
2016/12/15,0,0,0,0
2016/12/16,0,0,0,0
2016/12/19,0,70000,0,70000
2016/12/20,0,0,0,0
2016/12/21,0,0,0,0
2016/12/22,0,70000,0,70000
2016/12/23,0,0,0,0
2016/12/26,0,70000,0,70000
2016/12/27,0,0,0,0
2016/12/28,0,0,0,0
2016/12/29,0,0,0,0
2016/12/30,0,0,0,0
2017/01/02,0,0,0,0
2017/01/03,0,0,0,0
2017/01/04,0,0,0,0
2017/01/05,0,0,-436000,-436000
2017/01/06,0,0,0,0
2017/01/09,0,0,-35000,-35000
2017/01/10,0,0,0,0
2017/01/11,0,0,0,0
2017/01/12,0,0,0,0
2017/01/13,0,0,0,0
2017/01/16,0,0,0,0
2017/01/17,0,0,-462000,-462000
2017/01/18,0,0,0,0
2017/01/19,0,1000,0,1000
2017/01/20,0,0,0,0
2017/01/23,0,3211,-952000,-948789
2017/01/24,0,18000,0,18000
2017/01/25,0,0,0,0
2017/01/26,0,0,0,0
2017/01/27,0,0,0,0
2017/01/30,0,0,0,0
2017/01/31,0,0,0,0
2017/02/01,0,0,0,0
2017/02/02,0,0,0,0
2017/02/03,0,0,0,0
2017/02/06,0,0,0,0
2017/02/07,0,0,-368000,-368000
2017/02/08,0,0,0,0
2017/02/09,0,5000,0,5000
2017/02/10,0,0,0,0
2017/02/13,0,0,0,0
2017/02/14,0,5000,0,5000
2017/02/15,0,0,0,0
2017/02/16,0,0,0,0
2017/02/17,0,6000,0,6000
2017/02/20,0,0,0,0
2017/02/21,0,0,0,0
2017/02/22,0,0,-35000,-35000
2017/02/23,0,4000,0,4000
2017/02/24,0,1000,0,1000
2017/02/27,0,0,0,0
2017/02/28,0,0,0,0
2017/03/01,0,0,-35000,-35000
2017/03/02,0,0,0,0
2017/03/03,0,9000,-27000,-18000
2017/03/06,0,0,0,0
2017/03/07,0,828000,0,828000
2017/03/08,0,0,0,0
2017/03/09,0,0,0,0
2017/03/10,0,0,0,0
2017/03/13,0,0,0,0
2017/03/14,0,0,-59000,-59000
2017/03/15,0,0,0,0
2017/03/16,0,0,-112000,-112000
2017/03/17,0,313000,0,313000
2017/03/20,0,187000,0,187000
2017/03/21,0,0,-35000,-35000
2017/03/22,0,0,0,0
2017/03/23,0,0,-35000,-35000
2017/03/24,0,5000,0,5000
2017/03/27,0,0,0,0
2017/03/28,0,300000,0,300000
2017/03/29,0,0,-3000,-3000
2017/03/30,0,250000,0,250000
2017/03/31,0,0,0,0
2017/04/03,0,0,0,0
2017/04/04,0,0,0,0
2017/04/05,0,0,0,0
2017/04/06,0,0,0,0
2017/04/07,0,8000,0,8000
2017/04/10,0,7000,0,7000
2017/04/11,0,0,0,0
2017/04/12,0,0,0,0
2017/04/13,0,0,-3000,-3000
2017/04/14,0,0,0,0
2017/04/17,0,0,0,0
2017/04/18,0,6000,0,6000
2017/04/19,0,0,0,0
2017/04/20,0,6000,0,6000
2017/04/21,0,0,0,0
2017/04/24,0,0,0,0
2017/04/25,0,322,0,322
2017/04/26,0,6000,0,6000
2017/04/27,0,6000,-14000,-8000
2017/04/28,0,0,-29000,-29000
2017/05/01,0,0,0,0
2017/05/02,0,0,-2000,-2000
2017/05/03,0,0,0,0
2017/05/04,0,0,0,0
2017/05/05,0,0,-35000,-35000
2017/05/08,0,363000,0,363000
2017/05/09,0,0,0,0
2017/05/10,0,0,0,0
2017/05/11,0,0,0,0
2017/05/12,0,0,-303000,-303000
2017/05/15,0,590000,-788000,-198000
2017/05/16,0,1726000,-7000,1719000
2017/05/17,0,0,0,0
2017/05/18,0,0,-16000,-16000
2017/05/19,0,0,0,0
2017/05/22,0,0,-6000,-6000
2017/05/23,0,0,0,0
2017/05/24,0,0,0,0
2017/05/25,0,0,-13000,-13000
2017/05/26,0,0,-82000,-82000
2017/05/29,0,0,0,0
2017/05/30,0,0,0,0
2017/05/31,0,24000,-2000,22000
2017/06/01,0,0,0,0
2017/06/02,0,0,-56000,-56000
2017/06/05,0,0,-26000,-26000
2017/06/06,0,0,-550000,-550000
2017/06/07,0,0,-21000,-21000
2017/06/08,0,0,-9000,-9000
2017/06/09,0,0,-21000,-21000
2017/06/12,0,0,0,0
2017/06/13,0,0,0,0
2017/06/14,0,0,-6000,-6000
2017/06/15,0,1973000,0,1973000
2017/06/16,0,4624000,-152000,4472000
2017/06/19,0,392000,-35000,357000
2017/06/20,0,1000,-43000,-42000
2017/06/21,0,30000,0,30000
2017/06/22,0,384000,0,384000
2017/06/23,0,0,-15000,-15000
2017/06/26,0,0,-21000,-21000
2017/06/27,0,2000,-14000,-12000
2017/06/28,0,0,0,0
2017/06/29,0,0,-8000,-8000
2017/06/30,0,0,-2000,-2000
2017/07/03,0,0,-51000,-51000
2017/07/04,0,4000,-14000,-10000
2017/07/05,0,0,0,0
2017/07/06,0,0,0,0
2017/07/07,0,0,0,0
2017/07/10,0,1960000,-15000,1945000
2017/07/11,0,2580000,0,2580000
2017/07/12,0,0,-28000,-28000
2017/07/13,0,2000,-32000,-30000
2017/07/14,0,0,-29000,-29000
2017/07/17,0,26,-6000,-5974
2017/07/18,0,49000,0,49000
2017/07/19,0,0,0,0
2017/07/20,0,3652000,0,3652000
2017/07/21,0,350000,-1000,349000
2017/07/24,0,2500000,-1888000,612000
2017/07/25,0,7000,0,7000
2017/07/26,0,2000,-26000,-24000
2017/07/27,0,0,0,0
2017/07/28,0,2502000,0,2502000
2017/07/31,0,27000,0,27000
2017/08/01,0,1675000,0,1675000
2017/08/02,0,616000,-26000,590000
2017/08/03,0,28000,0,28000
2017/08/04,0,37000,0,37000
2017/08/07,0,686000,0,686000
2017/08/08,0,48000,-15000,33000
2017/08/09,0,143000,-1000,142000
2017/08/10,0,83000,0,83000
2017/08/11,0,1315000,-8000,1307000
2017/08/14,0,34000,-6000,28000
2017/08/15,0,335000,-5000,330000
2017/08/16,0,1220000,0,1220000
2017/08/17,0,2000,0,2000
2017/08/18,0,0,0,0
