Date,Open,Buy,Sell,Total
2007/04/23,0,0,-186000,-186000
2007/04/24,0,0,-39000,-39000
2007/04/25,0,150000,-243000,-93000
2007/04/26,0,0,-98000,-98000
2007/04/27,0,0,-159000,-159000
2007/04/30,0,0,-46000,-46000
2007/05/01,0,0,0,0
2007/05/02,0,0,-203000,-203000
2007/05/03,0,0,-264000,-264000
2007/05/04,0,124000,0,124000
2007/05/07,0,400000,-31000,369000
2007/05/08,0,0,-172000,-172000
2007/05/09,0,0,-43000,-43000
2007/05/10,0,0,-31000,-31000
2007/05/11,0,3000,-369000,-366000
2007/05/14,0,0,-118000,-118000
2007/05/15,0,63000,-17000,46000
2007/05/16,0,0,-48000,-48000
2007/05/17,0,0,-62000,-62000
2007/05/18,0,0,-81000,-81000
2007/05/21,0,232000,0,232000
2007/05/22,0,16000,-30000,-14000
2007/05/23,0,0,-93000,-93000
2007/05/24,0,0,-79000,-79000
2007/05/25,0,0,-62000,-62000
2007/05/28,0,0,-779000,-779000
2007/05/29,0,199000,-1577000,-1378000
2007/05/30,0,97000,-1445000,-1348000
2007/05/31,0,947000,0,947000
2007/06/01,0,140000,0,140000
2007/06/04,0,0,-16000,-16000
2007/06/05,0,0,-263000,-263000
2007/06/06,0,0,-357000,-357000
2007/06/07,0,0,-47000,-47000
2007/06/08,0,63000,-325000,-262000
2007/06/11,0,0,-136000,-136000
2007/06/12,0,142000,-178000,-36000
2007/06/13,0,0,-46000,-46000
2007/06/14,0,50000,-997000,-947000
2007/06/15,0,61000,-1000,60000
2007/06/18,0,0,0,0
2007/06/19,0,0,0,0
2007/06/20,0,1823000,-62000,1761000
2007/06/21,0,1065000,-68000,997000
2007/06/22,0,118000,0,118000
2007/06/25,0,273000,0,273000
2007/06/26,0,29000,-437000,-408000
2007/06/27,0,172000,-12000,160000
2007/06/28,0,352000,0,352000
2007/06/29,0,393000,-491000,-98000
2007/07/02,0,117000,-395000,-278000
2007/07/03,0,258000,-184000,74000
2007/07/04,0,724000,-40000,684000
2007/07/05,0,466000,-31000,435000
2007/07/06,0,249000,-418000,-169000
2007/07/09,0,773000,-783000,-10000
2007/07/10,0,971000,-980000,-9000
2007/07/11,0,555000,-893546,-338546
2007/07/12,0,284000,-2156546,-1872546
2007/07/13,0,2252000,-1460000,792000
2007/07/16,0,1790000,-561139,1228861
2007/07/17,0,2016000,-922000,1094000
2007/07/18,0,1789000,-3577000,-1788000
2007/07/19,0,904000,-1294546,-390546
2007/07/20,0,318000,-1512000,-1194000
2007/07/23,0,365000,-992000,-627000
2007/07/24,0,4818000,-715000,4103000
2007/07/25,0,3427000,-18000,3409000
2007/07/26,0,1084000,-1812000,-728000
2007/07/27,0,363000,-3473477,-3110477
2007/07/30,0,570000,-1318000,-748000
2007/07/31,0,650000,-1072000,-422000
2007/08/01,0,707000,-4784000,-4077000
2007/08/02,0,692000,-683376,8624
2007/08/03,0,507000,-1016000,-509000
2007/08/06,0,739000,-653000,86000
2007/08/07,0,0,-972000,-972000
2007/08/08,0,750000,-795000,-45000
2007/08/09,0,872000,-1876402,-1004402
2007/08/10,0,81000,-1189000,-1108000
2007/08/13,0,164000,-348000,-184000
2007/08/14,0,1000000,-1823000,-823000
2007/08/15,0,1708000,-581000,1127000
2007/08/16,0,2054000,-2702000,-648000
2007/08/17,0,1800000,-689000,1111000
2007/08/20,0,1601000,-619000,982000
2007/08/21,0,239000,-852000,-613000
2007/08/22,0,105000,-413000,-308000
2007/08/23,0,360000,-1883000,-1523000
2007/08/24,0,3000,-2062000,-2059000
2007/08/27,0,0,-554000,-554000
2007/08/28,0,100000,-31000,69000
2007/08/29,0,1126000,-280000,846000
2007/08/30,0,463000,-301000,162000
2007/08/31,0,2265000,-571000,1694000
2007/09/03,0,1594000,-629000,965000
2007/09/04,0,1019000,0,1019000
2007/09/05,0,1295000,-38000,1257000
2007/09/06,0,699000,-696000,3000
2007/09/07,0,352000,-288000,64000
2007/09/10,0,1044000,-1232000,-188000
2007/09/11,0,603000,-142000,461000
2007/09/12,0,837000,-67000,770000
2007/09/13,0,267000,-178000,89000
2007/09/14,0,454000,-695000,-241000
2007/09/17,0,370000,-1985000,-1615000
2007/09/18,0,0,0,0
2007/09/19,0,689000,-609000,80000
2007/09/20,0,448000,-1307000,-859000
2007/09/21,0,410000,-230000,180000
2007/09/24,0,0,0,0
2007/09/25,0,0,0,0
2007/09/26,0,630000,0,630000
2007/09/27,0,196000,-267000,-71000
2007/09/28,0,395000,-545000,-150000
2007/10/01,0,78000,-539000,-461000
2007/10/02,0,771000,-3315000,-2544000
2007/10/03,0,499000,-2612000,-2113000
2007/10/04,0,397000,-1057000,-660000
2007/10/05,0,3000,-32000,-29000
2007/10/08,0,32000,-1031000,-999000
2007/10/09,0,684000,-1277000,-593000
2007/10/10,0,0,0,0
2007/10/11,0,102000,-2840000,-2738000
2007/10/12,0,1698000,-1088000,610000
2007/10/15,0,66000,-174000,-108000
2007/10/16,0,599000,-23000,576000
2007/10/17,0,75000,-488000,-413000
2007/10/18,0,84000,-126000,-42000
2007/10/19,0,77000,-52000,25000
2007/10/22,0,936000,-2806000,-1870000
2007/10/23,0,381000,-90000,291000
2007/10/24,0,363000,-64000,299000
2007/10/25,0,599000,-654000,-55000
2007/10/26,0,850000,-35000,815000
2007/10/29,0,485000,-215000,270000
2007/10/30,0,331000,-108000,223000
2007/10/31,0,556000,-26000,530000
2007/11/01,0,896000,-441000,455000
2007/11/02,0,651000,-580000,71000
2007/11/05,0,663000,-435000,228000
2007/11/06,0,217000,-242000,-25000
2007/11/07,0,193000,-221000,-28000
2007/11/08,0,423000,-703000,-280000
2007/11/09,0,365000,-355000,10000
2007/11/12,0,572000,-457000,115000
2007/11/13,0,984000,-600000,384000
2007/11/14,0,25000,-33000,-8000
2007/11/15,0,72000,-43000,29000
2007/11/16,0,160000,-429000,-269000
2007/11/19,0,55000,-170000,-115000
2007/11/20,0,1279000,-960000,319000
2007/11/21,0,22000,-545000,-523000
2007/11/22,0,275000,-233000,42000
2007/11/23,0,170000,-218000,-48000
2007/11/26,0,218000,-94000,124000
2007/11/27,0,154000,-156000,-2000
2007/11/28,0,80000,-20000,60000
2007/11/29,0,471000,0,471000
2007/11/30,0,463000,-58000,405000
2007/12/03,0,330000,-253000,77000
2007/12/04,0,366000,-832000,-466000
2007/12/05,0,48000,-11000,37000
2007/12/06,0,217000,-316000,-99000
2007/12/07,0,111000,-227000,-116000
2007/12/10,0,146000,-15000,131000
2007/12/11,0,193000,-128000,65000
2007/12/12,0,236000,-67000,169000
2007/12/13,0,247000,-224000,23000
2007/12/14,0,564000,-291000,273000
2007/12/17,0,613000,-291000,322000
2007/12/18,0,1227000,-185700,1041300
2007/12/19,0,566000,-540000,26000
2007/12/20,0,303000,-595000,-292000
2007/12/21,0,538000,-54000,484000
2007/12/24,0,443000,-448000,-5000
2007/12/25,0,231000,-507000,-276000
2007/12/26,0,82000,-227000,-145000
2007/12/27,0,986000,-173000,813000
2007/12/28,0,483000,-800000,-317000
2007/12/31,0,328000,-2000,326000
2008/01/01,0,0,0,0
2008/01/02,0,141000,-34000,107000
2008/01/03,0,636000,-242000,394000
2008/01/04,0,1094000,-176000,918000
2008/01/07,0,1445000,-1201000,244000
2008/01/08,0,384000,-113000,271000
2008/01/09,0,183000,-338000,-155000
2008/01/10,0,537000,-149000,388000
2008/01/11,0,1039000,-708000,331000
2008/01/14,0,1077000,-845000,232000
2008/01/15,0,4917000,-899000,4018000
2008/01/16,0,1880000,-2969000,-1089000
2008/01/17,0,1379000,-1998000,-619000
2008/01/18,0,2182000,-1139000,1043000
2008/01/21,0,315000,-1430000,-1115000
2008/01/22,0,191000,-2093000,-1902000
2008/01/23,0,551000,-1035000,-484000
2008/01/24,0,1456000,-1246000,210000
2008/01/25,0,667000,-491000,176000
2008/01/28,0,134000,-632000,-498000
2008/01/29,0,230000,-84000,146000
2008/01/30,0,607000,-595000,12000
2008/01/31,0,459000,-328000,131000
2008/02/01,0,446000,-26000,420000
2008/02/04,0,0,0,0
2008/02/05,0,0,0,0
2008/02/06,0,0,0,0
2008/02/07,0,0,0,0
2008/02/08,0,0,0,0
2008/02/11,0,0,0,0
2008/02/12,0,155000,-86000,69000
2008/02/13,0,479000,-223000,256000
2008/02/14,0,1582000,-173000,1409000
2008/02/15,0,752000,-102000,650000
2008/02/18,0,222000,-240000,-18000
2008/02/19,0,615000,-140000,475000
2008/02/20,0,119000,-1137000,-1018000
2008/02/21,0,799000,-231000,568000
2008/02/22,0,547000,-65000,482000
2008/02/25,0,935000,-164624,770376
2008/02/26,0,245000,-985000,-740000
2008/02/27,0,270000,-1469900,-1199900
2008/02/28,0,0,0,0
2008/02/29,0,450000,-371000,79000
2008/03/03,0,630000,-415620,214380
2008/03/04,0,160000,-730000,-570000
2008/03/05,0,482000,-32000,450000
2008/03/06,0,610000,-15090,594910
2008/03/07,0,668000,-1214000,-546000
2008/03/10,0,547000,-1457350,-910350
2008/03/11,0,812000,-84000,728000
2008/03/12,0,1166000,-115493,1050507
2008/03/13,0,577000,-136538,440462
2008/03/14,0,457000,-615654,-158654
2008/03/17,0,1871000,-954000,917000
2008/03/18,0,1195000,-103000,1092000
2008/03/19,0,648000,-105000,543000
2008/03/20,0,4209000,-313000,3896000
2008/03/21,0,2284000,-108000,2176000
2008/03/24,0,2836000,-217000,2619000
2008/03/25,0,1436000,-1005000,431000
2008/03/26,0,1591000,-1807000,-216000
2008/03/27,0,238000,-1920000,-1682000
2008/03/28,0,789000,-334744,454256
2008/03/31,0,839000,-606000,233000
2008/04/01,0,730000,-288000,442000
2008/04/02,0,1497000,-106000,1391000
2008/04/03,0,2708000,-13322,2694678
2008/04/04,0,0,0,0
2008/04/07,0,5135000,-200000,4935000
2008/04/08,0,845000,-764000,81000
2008/04/09,0,1507000,-448867,1058133
2008/04/10,0,241000,-455180,-214180
2008/04/11,0,2100000,-999000,1101000
2008/04/14,0,700000,-1726562,-1026562
2008/04/15,0,78000,-457000,-379000
2008/04/16,0,2517000,-3319000,-802000
2008/04/17,0,3029000,-2135000,894000
2008/04/18,0,953000,-935000,18000
2008/04/21,0,816000,-2865000,-2049000
2008/04/22,0,99000,-2245000,-2146000
2008/04/23,0,1042000,-236000,806000
2008/04/24,0,807000,-256000,551000
2008/04/25,0,887000,-605000,282000
2008/04/28,0,798000,-30000,768000
2008/04/29,0,206000,-930000,-724000
2008/04/30,0,814000,-1362000,-548000
2008/05/01,0,0,0,0
2008/05/02,0,680000,-349000,331000
2008/05/05,0,655000,-1542000,-887000
2008/05/06,0,398000,-1058000,-660000
2008/05/07,0,217000,-415000,-198000
2008/05/08,0,357000,-57000,300000
2008/05/09,0,378000,-1505000,-1127000
2008/05/12,0,1513000,-1806000,-293000
2008/05/13,0,858144,-2716000,-1857856
2008/05/14,0,332000,-378000,-46000
2008/05/15,0,830000,-2063000,-1233000
2008/05/16,0,9000,-969000,-960000
2008/05/19,0,336000,-128000,208000
2008/05/20,0,313000,-1872000,-1559000
2008/05/21,0,0,-259000,-259000
2008/05/22,0,310000,-169000,141000
2008/05/23,0,225000,-230000,-5000
2008/05/26,0,760000,-547000,213000
2008/05/27,0,115000,-7000,108000
2008/05/28,0,167000,-386000,-219000
2008/05/29,0,615000,-32000,583000
2008/05/30,0,365000,-151000,214000
2008/06/02,0,38000,-197000,-159000
2008/06/03,0,104000,-298000,-194000
2008/06/04,0,127000,-31316,95684
2008/06/05,0,1014000,-97000,917000
2008/06/06,0,62000,-48000,14000
2008/06/09,0,44000,-572000,-528000
2008/06/10,0,233000,-311000,-78000
2008/06/11,0,283000,-269000,14000
2008/06/12,0,217000,-745000,-528000
2008/06/13,0,169000,-223000,-54000
2008/06/16,0,103000,-92000,11000
2008/06/17,0,207000,-96000,111000
2008/06/18,0,388000,-66000,322000
2008/06/19,0,502000,-17000,485000
2008/06/20,0,611000,-226000,385000
2008/06/23,0,506000,-98000,408000
2008/06/24,0,470000,-169000,301000
2008/06/25,0,1617000,-332000,1285000
2008/06/26,0,804000,-486000,318000
2008/06/27,0,584000,-611000,-27000
2008/06/30,0,864000,-465000,399000
2008/07/01,0,1059000,-3000,1056000
2008/07/02,0,1682000,-735000,947000
2008/07/03,0,850000,-781000,69000
2008/07/04,0,431000,-127000,304000
2008/07/07,0,67000,-116000,-49000
2008/07/08,0,881000,-161000,720000
2008/07/09,0,1533000,-876000,657000
2008/07/10,0,503000,-337000,166000
2008/07/11,0,736000,-777000,-41000
2008/07/14,0,93000,-391000,-298000
2008/07/15,0,378000,-93000,285000
2008/07/16,0,362000,-615000,-253000
2008/07/17,0,381000,-211000,170000
2008/07/18,0,920000,-80000,840000
2008/07/21,0,673000,-77000,596000
2008/07/22,0,1117000,0,1117000
2008/07/23,0,1580000,-9000,1571000
2008/07/24,0,890000,-110000,780000
2008/07/25,0,852000,-118000,734000
2008/07/28,0,0,0,0
2008/07/29,0,883000,-275000,608000
2008/07/30,0,662000,-114000,548000
2008/07/31,0,1305000,-232000,1073000
2008/08/01,0,988000,-2264000,-1276000
2008/08/04,0,833000,-328000,505000
2008/08/05,0,739000,-347000,392000
2008/08/06,0,1475000,0,1475000
2008/08/07,0,185000,-561000,-376000
2008/08/08,0,1259000,-18000,1241000
2008/08/11,0,66000,-824000,-758000
2008/08/12,0,0,-1080000,-1080000
2008/08/13,0,427000,-449000,-22000
2008/08/14,0,1005000,-214000,791000
2008/08/15,0,115000,-291000,-176000
2008/08/18,0,141000,-633330,-492330
2008/08/19,0,87000,-116920,-29920
2008/08/20,0,90000,-199000,-109000
2008/08/21,0,39000,-469995,-430995
2008/08/22,0,108000,-439000,-331000
2008/08/25,0,386000,-221000,165000
2008/08/26,0,204000,-136000,68000
2008/08/27,0,541000,0,541000
2008/08/28,0,459000,-167000,292000
2008/08/29,0,936000,-279000,657000
2008/09/01,0,775339,-1101000,-325661
2008/09/02,0,412000,-638000,-226000
2008/09/03,0,727000,-219000,508000
2008/09/04,0,860000,-460000,400000
2008/09/05,0,429000,-834000,-405000
2008/09/08,0,343000,-106000,237000
2008/09/09,0,1740000,-194000,1546000
2008/09/10,0,610000,-521000,89000
2008/09/11,0,783000,-441000,342000
2008/09/12,0,916000,-428000,488000
2008/09/15,0,128000,-990000,-862000
2008/09/16,0,492000,-98000,394000
2008/09/17,0,1380000,-482000,898000
2008/09/18,0,793000,-354000,439000
2008/09/19,0,1270000,-338180,931820
2008/09/22,0,941000,-311000,630000
2008/09/23,0,662000,-264000,398000
2008/09/24,0,766000,-340000,426000
2008/09/25,0,368000,-214000,154000
2008/09/26,0,831000,-1597000,-766000
2008/09/29,0,0,0,0
2008/09/30,0,288000,-651000,-363000
2008/10/01,0,540000,-2135074,-1595074
2008/10/02,0,804000,-130000,674000
2008/10/03,0,1751000,-208000,1543000
2008/10/06,0,193000,-1582146,-1389146
2008/10/07,0,1698000,-478000,1220000
2008/10/08,0,1808000,-163000,1645000
2008/10/09,0,1466000,-1984000,-518000
2008/10/10,0,0,0,0
2008/10/13,0,233000,-103000,130000
2008/10/14,0,110725,-281000,-170275
2008/10/15,0,492000,-2033000,-1541000
2008/10/16,0,1000,-125000,-124000
2008/10/17,0,161000,-571000,-410000
2008/10/20,0,192000,-30974,161026
2008/10/21,0,618000,-336000,282000
2008/10/22,0,53000,-157488,-104488
2008/10/23,0,15000,-36598,-21598
2008/10/24,0,0,-44098,-44098
2008/10/27,0,30000,-73000,-43000
2008/10/28,0,887000,-450000,437000
2008/10/29,0,929000,-200000,729000
2008/10/30,0,1075000,-243000,832000
2008/10/31,0,957000,-382000,575000
2008/11/03,0,830000,-69000,761000
2008/11/04,0,137000,-983000,-846000
2008/11/05,0,850000,-600000,250000
2008/11/06,0,389000,-823000,-434000
2008/11/07,0,1064000,-117974,946026
2008/11/10,0,163000,-48000,115000
2008/11/11,0,379602,-700000,-320398
2008/11/12,0,248000,-115492,132508
2008/11/13,0,422000,-293029,128971
2008/11/14,0,299000,-24000,275000
2008/11/17,0,103000,-710309,-607309
2008/11/18,0,498000,-517000,-19000
2008/11/19,0,373000,-11000,362000
2008/11/20,0,665000,-332000,333000
2008/11/21,0,1158000,-122000,1036000
2008/11/24,0,711000,-983,710017
2008/11/25,0,965000,-28000,937000
2008/11/26,0,163000,-103725,59275
2008/11/27,0,725000,-11000,714000
2008/11/28,0,1368000,-400000,968000
2008/12/01,0,888000,0,888000
2008/12/02,0,23000,-869000,-846000
2008/12/03,0,667000,-128000,539000
2008/12/04,0,351000,-1169902,-818902
2008/12/05,0,185000,-31000,154000
2008/12/08,0,2188000,-40000,2148000
2008/12/09,0,1178000,-14000,1164000
2008/12/10,0,597000,-566452,30548
2008/12/11,0,496000,-458000,38000
2008/12/12,0,134000,-1872000,-1738000
2008/12/15,0,1496000,-951000,545000
2008/12/16,0,1336000,-416000,920000
2008/12/17,0,196000,-914000,-718000
2008/12/18,0,141000,-382000,-241000
2008/12/19,0,630000,-723000,-93000
2008/12/22,0,274000,-554000,-280000
2008/12/23,0,340000,-1752000,-1412000
2008/12/24,0,377000,-445000,-68000
2008/12/25,0,131000,-166000,-35000
2008/12/26,0,162000,-147000,15000
2008/12/29,0,519000,-17000,502000
2008/12/30,0,469000,-7000,462000
2008/12/31,0,44000,-352000,-308000
2009/01/01,0,0,0,0
2009/01/02,0,0,0,0
2009/01/05,0,664000,-110000,554000
2009/01/06,0,289000,-106000,183000
2009/01/07,0,221000,-196000,25000
2009/01/08,0,261000,-288000,-27000
2009/01/09,0,514000,-460000,54000
2009/01/12,0,300000,-34000,266000
2009/01/13,0,162000,-11000,151000
2009/01/14,0,422000,-176119,245881
2009/01/15,0,483000,-281000,202000
2009/01/16,0,849000,-85000,764000
2009/01/19,0,99000,-131257,-32257
2009/01/20,0,1581000,-151142,1429858
2009/01/21,0,1212000,-452512,759488
2009/01/22,0,0,0,0
2009/01/23,0,0,0,0
2009/01/26,0,0,0,0
2009/01/27,0,0,0,0
2009/01/28,0,0,0,0
2009/01/29,0,0,0,0
2009/01/30,0,0,0,0
2009/02/02,0,35000,-161396,-126396
2009/02/03,0,100000,-477000,-377000
2009/02/04,0,316000,-25000,291000
2009/02/05,0,256000,-40000,216000
2009/02/06,0,57000,-128000,-71000
2009/02/09,0,44000,-646000,-602000
2009/02/10,0,131000,-570000,-439000
2009/02/11,0,287400,-442708,-155308
2009/02/12,0,77000,-878000,-801000
2009/02/13,0,551000,-27000,524000
2009/02/16,0,116000,-181000,-65000
2009/02/17,0,3967000,-557000,3410000
2009/02/18,0,316000,-478000,-162000
2009/02/19,0,252000,-402000,-150000
2009/02/20,0,6450000,-98000,6352000
2009/02/23,0,1093000,-246000,847000
2009/02/24,0,960000,-196000,764000
2009/02/25,0,708000,-423000,285000
2009/02/26,0,1378000,-268000,1110000
2009/02/27,0,1018000,-87000,931000
2009/03/02,0,8613000,-633000,7980000
2009/03/03,0,368000,-724000,-356000
2009/03/04,0,599000,-531000,68000
2009/03/05,0,216000,-305000,-89000
2009/03/06,0,321000,-368000,-47000
2009/03/09,0,1950000,-254000,1696000
2009/03/10,0,291000,-149000,142000
2009/03/11,0,646000,-768000,-122000
2009/03/12,0,163000,-52000,111000
2009/03/13,0,1377000,-72000,1305000
2009/03/16,0,58000,-1117000,-1059000
2009/03/17,0,844000,-1405000,-561000
2009/03/18,0,1021000,-672000,349000
2009/03/19,0,1084000,-408000,676000
2009/03/20,0,1021000,-556000,465000
2009/03/23,0,1707000,-7000,1700000
2009/03/24,0,932000,-398000,534000
2009/03/25,0,936000,-42000,894000
2009/03/26,0,244000,-963000,-719000
2009/03/27,0,519000,-2665000,-2146000
2009/03/30,0,634000,-2400000,-1766000
2009/03/31,0,1697000,-67000,1630000
2009/04/01,0,897000,-378000,519000
2009/04/02,0,2249000,-113000,2136000
2009/04/03,0,439000,-3983000,-3544000
2009/04/06,0,701000,-1567768,-866768
2009/04/07,0,427000,-549000,-122000
2009/04/08,0,432000,-3096000,-2664000
2009/04/09,0,3259000,-376000,2883000
2009/04/10,0,1859000,-3952000,-2093000
2009/04/13,0,298309,-2944000,-2645691
2009/04/14,0,243000,-1953000,-1710000
2009/04/15,0,125000,-2349000,-2224000
2009/04/16,0,2477000,-1864000,613000
2009/04/17,0,1171000,-3788873,-2617873
2009/04/20,0,3231000,-1027000,2204000
2009/04/21,0,1257000,-745000,512000
2009/04/22,0,362000,-1361000,-999000
2009/04/23,0,580000,-670000,-90000
2009/04/24,0,875000,-1935000,-1060000
2009/04/27,0,874000,-2537000,-1663000
2009/04/28,0,2057000,-1088000,969000
2009/04/29,0,1145000,-418000,727000
2009/04/30,0,189000,-1000,188000
2009/05/01,0,0,0,0
2009/05/04,0,112000,-259000,-147000
2009/05/05,0,1341000,-735000,606000
2009/05/06,0,2652000,-760875,1891125
2009/05/07,0,1608000,-3198000,-1590000
2009/05/08,0,2063000,-569000,1494000
2009/05/11,0,305000,-2308000,-2003000
2009/05/12,0,947000,-1179000,-232000
2009/05/13,0,162000,-1379000,-1217000
2009/05/14,0,164000,-1622000,-1458000
2009/05/15,0,449000,-1384000,-935000
2009/05/18,0,137000,-977000,-840000
2009/05/19,0,555000,-831000,-276000
2009/05/20,0,1143000,-3783000,-2640000
2009/05/21,0,296000,-1025000,-729000
2009/05/22,0,176000,-868000,-692000
2009/05/25,0,328000,-827000,-499000
2009/05/26,0,816000,-982867,-166867
2009/05/27,0,1482000,-1447000,35000
2009/05/28,0,0,0,0
2009/05/29,0,0,0,0
2009/06/01,0,2224000,-1356563,867437
2009/06/02,0,572000,-2692000,-2120000
2009/06/03,0,2539000,-540000,1999000
2009/06/04,0,490000,-2211000,-1721000
2009/06/05,0,1281000,-611000,670000
2009/06/08,0,1588000,-1731000,-143000
2009/06/09,0,4393000,-316000,4077000
2009/06/10,0,1412000,-438018,973982
2009/06/11,0,1091000,-2296000,-1205000
2009/06/12,0,1131000,-2417450,-1286450
2009/06/15,0,1405000,-591000,814000
2009/06/16,0,617000,-195558,421442
2009/06/17,0,591000,-1369000,-778000
2009/06/18,0,938000,-557000,381000
2009/06/19,0,483000,-330000,153000
2009/06/22,0,691000,-488000,203000
2009/06/23,0,2338000,-544000,1794000
2009/06/24,0,2915000,-1369000,1546000
2009/06/25,0,977000,-1788000,-811000
2009/06/26,0,422000,-346000,76000
2009/06/29,0,3266000,-804000,2462000
2009/06/30,0,1550000,-474000,1076000
2009/07/01,0,1721000,-1478000,243000
2009/07/02,0,669000,-1004000,-335000
2009/07/03,0,746000,-384000,362000
2009/07/06,0,182000,-801275,-619275
2009/07/07,0,2138000,-815000,1323000
2009/07/08,0,259000,-503000,-244000
2009/07/09,0,2273000,-98000,2175000
2009/07/10,0,155000,-469000,-314000
2009/07/13,0,412000,-1942000,-1530000
2009/07/14,0,193000,-256000,-63000
2009/07/15,0,1291000,-493000,798000
2009/07/16,0,269000,-821000,-552000
2009/07/17,0,835000,-527000,308000
2009/07/20,0,697000,-1883000,-1186000
2009/07/21,0,535000,-880000,-345000
2009/07/22,0,2156000,-603000,1553000
2009/07/23,0,253054,-1532000,-1278946
2009/07/24,0,148000,-496000,-348000
2009/07/27,0,572000,-231000,341000
2009/07/28,0,1128903,-267000,861903
2009/07/29,0,611000,-955000,-344000
2009/07/30,0,97000,-881000,-784000
2009/07/31,0,73000,-530000,-457000
2009/08/03,0,420000,-1425000,-1005000
2009/08/04,0,1215000,-2094900,-879900
2009/08/05,0,489000,-1448000,-959000
2009/08/06,0,543000,-127000,416000
2009/08/07,0,0,0,0
2009/08/10,0,202000,-635000,-433000
2009/08/11,0,315000,-648000,-333000
2009/08/12,0,90000,-358000,-268000
2009/08/13,0,782000,-402000,380000
2009/08/14,0,548000,-461000,87000
2009/08/17,0,309000,-446000,-137000
2009/08/18,0,1692000,-804000,888000
2009/08/19,0,645000,-463000,182000
2009/08/20,0,580000,-1040000,-460000
2009/08/21,0,596000,-855000,-259000
2009/08/24,0,323000,-1195000,-872000
2009/08/25,0,165000,-711000,-546000
2009/08/26,0,545000,-403000,142000
2009/08/27,0,196000,-211000,-15000
2009/08/28,0,455000,-865550,-410550
2009/08/31,0,39000,-627000,-588000
2009/09/01,0,1239000,-288000,951000
2009/09/02,0,623000,-1054000,-431000
2009/09/03,0,373000,-604000,-231000
2009/09/04,0,488000,-938000,-450000
2009/09/07,0,624000,-616000,8000
2009/09/08,0,1457000,-138000,1319000
2009/09/09,0,733000,-529000,204000
2009/09/10,0,3679000,-655000,3024000
2009/09/11,0,514000,-775000,-261000
2009/09/14,0,569000,-1201000,-632000
2009/09/15,0,402000,-583000,-181000
2009/09/16,0,412000,-785000,-373000
2009/09/17,0,585000,-498000,87000
2009/09/18,0,112000,-1167000,-1055000
2009/09/21,0,874000,-2331000,-1457000
2009/09/22,0,440000,-694000,-254000
2009/09/23,0,280000,-2268394,-1988394
2009/09/24,0,267000,-623000,-356000
2009/09/25,0,268000,-232000,36000
2009/09/28,0,557000,-327747,229253
2009/09/29,0,678000,-701000,-23000
2009/09/30,0,328000,-420000,-92000
2009/10/01,0,660000,-1250000,-590000
2009/10/02,0,556000,-1159000,-603000
2009/10/05,0,192000,-996000,-804000
2009/10/06,0,214000,-879000,-665000
2009/10/07,0,309000,-609000,-300000
2009/10/08,0,865000,-630000,235000
2009/10/09,0,4699000,-3835000,864000
2009/10/12,0,2393000,-1461000,932000
2009/10/13,0,1863000,-675000,1188000
2009/10/14,0,305000,-1328000,-1023000
2009/10/15,0,597000,-514000,83000
2009/10/16,0,874000,-1024000,-150000
2009/10/19,0,472000,-258000,214000
2009/10/20,0,69000,-1113000,-1044000
2009/10/21,0,150000,-1813724,-1663724
2009/10/22,0,318000,-2605000,-2287000
2009/10/23,0,547000,-554000,-7000
2009/10/26,0,804000,-874000,-70000
2009/10/27,0,394000,-1200000,-806000
2009/10/28,0,1178000,-829000,349000
2009/10/29,0,1738000,-1084000,654000
2009/10/30,0,590000,-651000,-61000
2009/11/02,0,565000,-515000,50000
2009/11/03,0,197000,-360000,-163000
2009/11/04,0,1099000,-442000,657000
2009/11/05,0,546000,-173000,373000
2009/11/06,0,785000,-411000,374000
2009/11/09,0,970000,-1669000,-699000
2009/11/10,0,848000,-505000,343000
2009/11/11,0,1347000,-420000,927000
2009/11/12,0,2811000,-1184000,1627000
2009/11/13,0,871000,-1101000,-230000
2009/11/16,0,418000,-1158000,-740000
2009/11/17,0,400000,-2122000,-1722000
2009/11/18,0,617000,-1187000,-570000
2009/11/19,0,505000,-282000,223000
2009/11/20,0,825000,-919000,-94000
2009/11/23,0,96000,-494000,-398000
2009/11/24,0,467000,-131000,336000
2009/11/25,0,931000,-547000,384000
2009/11/26,0,1227000,-322000,905000
2009/11/27,0,385000,-3191000,-2806000
2009/11/30,0,395000,-166556,228444
2009/12/01,0,927000,-409000,518000
2009/12/02,0,653000,-293000,360000
2009/12/03,0,369000,-118000,251000
2009/12/04,0,2688000,-327000,2361000
2009/12/07,0,558000,-284000,274000
2009/12/08,0,280000,-510000,-230000
2009/12/09,0,412000,-524000,-112000
2009/12/10,0,270000,-2025000,-1755000
2009/12/11,0,148000,-485558,-337558
2009/12/14,0,557000,-637000,-80000
2009/12/15,0,195000,-406000,-211000
2009/12/16,0,189000,-1402000,-1213000
2009/12/17,0,190000,-423000,-233000
2009/12/18,0,371000,-986000,-615000
2009/12/21,0,158000,-551000,-393000
2009/12/22,0,476000,-662371,-186371
2009/12/23,0,417000,-695000,-278000
2009/12/24,0,415000,-671000,-256000
2009/12/25,0,2326000,-149000,2177000
2009/12/28,0,553000,-1451000,-898000
2009/12/29,0,1204000,-372000,832000
2009/12/30,0,338000,-1101000,-763000
2009/12/31,0,2423000,-1037000,1386000
2010/01/01,0,0,0,0
2010/01/04,0,1087000,-2360000,-1273000
2010/01/05,0,860000,-3608000,-2748000
2010/01/06,0,600000,-1000000,-400000
2010/01/07,0,713000,-501000,212000
2010/01/08,0,1145000,-1339000,-194000
2010/01/11,0,1152000,-1660000,-508000
2010/01/12,0,1195000,-420000,775000
2010/01/13,0,1275000,-737000,538000
2010/01/14,0,648000,-822096,-174096
2010/01/15,0,552000,-612000,-60000
2010/01/18,0,929000,-663000,266000
2010/01/19,0,427000,-779000,-352000
2010/01/20,0,175900,-2268000,-2092100
2010/01/21,0,443000,-557000,-114000
2010/01/22,0,247000,-1913000,-1666000
2010/01/25,0,261000,-1422003,-1161003
2010/01/26,0,331000,-2360000,-2029000
2010/01/27,0,387000,-596000,-209000
2010/01/28,0,814000,-380000,434000
2010/01/29,0,872000,-504000,368000
2010/02/01,0,1075000,-752000,323000
2010/02/02,0,182000,-682000,-500000
2010/02/03,0,659000,-222000,437000
2010/02/04,0,197000,-148000,49000
2010/02/05,0,614000,-1138000,-524000
2010/02/08,0,1393000,-348000,1045000
2010/02/09,0,983000,0,983000
2010/02/10,0,2202000,-446000,1756000
2010/02/11,0,0,0,0
2010/02/12,0,0,0,0
2010/02/15,0,0,0,0
2010/02/16,0,0,0,0
2010/02/17,0,0,0,0
2010/02/18,0,0,0,0
2010/02/19,0,0,0,0
2010/02/22,0,837000,-960000,-123000
2010/02/23,0,77000,-617000,-540000
2010/02/24,0,415000,-603000,-188000
2010/02/25,0,516000,-912000,-396000
2010/02/26,0,360000,-125000,235000
2010/03/01,0,640000,-91000,549000
2010/03/02,0,101000,-241000,-140000
2010/03/03,0,1299000,-170000,1129000
2010/03/04,0,650000,-1089000,-439000
2010/03/05,0,196000,-679000,-483000
2010/03/08,0,195000,-568000,-373000
2010/03/09,0,92000,-60000,32000
2010/03/10,0,200000,-46000,154000
2010/03/11,0,635000,-212000,423000
2010/03/12,0,347000,-17000,330000
2010/03/15,0,111000,-1568000,-1457000
2010/03/16,0,697000,-620000,77000
2010/03/17,0,1489000,-575000,914000
2010/03/18,0,928000,-841000,87000
2010/03/19,0,358000,-61000,297000
2010/03/22,0,434000,-240000,194000
2010/03/23,0,238000,-490000,-252000
2010/03/24,0,725000,-606467,118533
2010/03/25,0,1759000,-534000,1225000
2010/03/26,0,578000,-210000,368000
2010/03/29,0,2074000,-216000,1858000
2010/03/30,0,969000,-37000,932000
2010/03/31,0,268000,-583000,-315000
2010/04/01,0,540000,-230000,310000
2010/04/02,0,52000,-267000,-215000
2010/04/05,0,0,0,0
2010/04/06,0,516000,-185000,331000
2010/04/07,0,182000,-122000,60000
2010/04/08,0,1246000,-928000,318000
2010/04/09,0,569000,-59000,510000
2010/04/12,0,29250,-65000,-35750
2010/04/13,0,45000,-337000,-292000
2010/04/14,0,40000,-171000,-131000
2010/04/15,0,70000,-178000,-108000
2010/04/16,0,103000,-349000,-246000
2010/04/19,0,150000,-2841000,-2691000
2010/04/20,0,261000,-492000,-231000
2010/04/21,0,1152000,-302000,850000
2010/04/22,0,198000,-168000,30000
2010/04/23,0,277000,-503000,-226000
2010/04/26,0,411000,-95000,316000
2010/04/27,0,119000,-39000,80000
2010/04/28,0,155000,-466000,-311000
2010/04/29,0,62000,-192000,-130000
2010/04/30,0,299000,-198000,101000
2010/05/03,0,0,-426000,-426000
2010/05/04,0,113000,-154000,-41000
2010/05/05,0,347000,-1825000,-1478000
2010/05/06,0,220000,-2167000,-1947000
2010/05/07,0,641000,-357000,284000
2010/05/10,0,50000,-236000,-186000
2010/05/11,0,44000,-1728000,-1684000
2010/05/12,0,337000,-310000,27000
2010/05/13,0,452000,0,452000
2010/05/14,0,574000,-39398,534602
2010/05/17,0,108000,-181000,-73000
2010/05/18,0,636000,-27000,609000
2010/05/19,0,1078000,-256000,822000
2010/05/20,0,182000,-523000,-341000
2010/05/21,0,326000,-427300,-101300
2010/05/24,0,50000,-90000,-40000
2010/05/25,0,617000,-768560,-151560
2010/05/26,0,620000,-153000,467000
2010/05/27,0,51000,-297000,-246000
2010/05/28,0,63000,-426000,-363000
2010/05/31,0,13000,-100000,-87000
2010/06/01,0,74000,-632000,-558000
2010/06/02,0,306000,-25000,281000
2010/06/03,0,209000,-302000,-93000
2010/06/04,0,30000,0,30000
2010/06/07,0,170000,-372000,-202000
2010/06/08,0,382000,-549000,-167000
2010/06/09,0,0,-759000,-759000
2010/06/10,0,122000,-256000,-134000
2010/06/11,0,234000,-281000,-47000
2010/06/14,0,268000,-300000,-32000
2010/06/15,0,1169000,-325000,844000
2010/06/16,0,0,0,0
2010/06/17,0,1890000,-494000,1396000
2010/06/18,0,91000,-311000,-220000
2010/06/21,0,143000,-432000,-289000
2010/06/22,0,36000,-300000,-264000
2010/06/23,0,23000,-273000,-250000
2010/06/24,0,205000,-466000,-261000
2010/06/25,0,1484000,-638000,846000
2010/06/28,0,368000,-495000,-127000
2010/06/29,0,315000,-644000,-329000
2010/06/30,0,263000,-676000,-413000
2010/07/01,0,1018000,-131000,887000
2010/07/02,0,677000,-581000,96000
2010/07/05,0,796000,-10000,786000
2010/07/06,0,803000,-509000,294000
2010/07/07,0,616000,-154000,462000
2010/07/08,0,76000,-114967,-38967
2010/07/09,0,125000,-172000,-47000
2010/07/12,0,584000,-265140,318860
2010/07/13,0,40000,-13000,27000
2010/07/14,0,60000,-395000,-335000
2010/07/15,0,864000,-137000,727000
2010/07/16,0,956000,-571000,385000
2010/07/19,0,361000,-339000,22000
2010/07/20,0,98000,-379000,-281000
2010/07/21,0,115000,-630000,-515000
2010/07/22,0,351000,-228000,123000
2010/07/23,0,1092000,-195000,897000
2010/07/26,0,87000,-156000,-69000
2010/07/27,0,132000,-170000,-38000
2010/07/28,0,1114000,-252000,862000
2010/07/29,0,20000,-174000,-154000
2010/07/30,0,227000,-282000,-55000
2010/08/02,0,1374000,-393000,981000
2010/08/03,0,205000,-411000,-206000
2010/08/04,0,766000,-327000,439000
2010/08/05,0,885000,-707000,178000
2010/08/06,0,369000,-503000,-134000
2010/08/09,0,1189000,-304000,885000
2010/08/10,0,1390000,-638000,752000
2010/08/11,0,3552000,-1058000,2494000
2010/08/12,0,705000,-2075000,-1370000
2010/08/13,0,347000,-1194000,-847000
2010/08/16,0,393000,-688000,-295000
2010/08/17,0,350000,-105000,245000
2010/08/18,0,162000,-1053000,-891000
2010/08/19,0,107000,-431000,-324000
2010/08/20,0,207000,-708000,-501000
2010/08/23,0,1172000,-418000,754000
2010/08/24,0,294000,-420000,-126000
2010/08/25,0,120000,-1487244,-1367244
2010/08/26,0,13000,-699000,-686000
2010/08/27,0,250000,-407000,-157000
2010/08/30,0,299000,-399000,-100000
2010/08/31,0,148000,-764000,-616000
2010/09/01,0,83000,-660000,-577000
2010/09/02,0,652000,-385000,267000
2010/09/03,0,662000,-401000,261000
2010/09/06,0,997000,0,997000
2010/09/07,0,51000,-161000,-110000
2010/09/08,0,38000,-351000,-313000
2010/09/09,0,352000,-181000,171000
2010/09/10,0,536000,-534000,2000
2010/09/13,0,1418000,-25391,1392609
2010/09/14,0,463000,-643000,-180000
2010/09/15,0,424000,-755000,-331000
2010/09/16,0,1462000,-432000,1030000
2010/09/17,0,668000,-289000,379000
2010/09/20,0,318000,-242000,76000
2010/09/21,0,144000,-239000,-95000
2010/09/22,0,0,0,0
2010/09/23,0,1739000,-889000,850000
2010/09/24,0,1371000,-424000,947000
2010/09/27,0,495000,-650000,-155000
2010/09/28,0,253000,-492100,-239100
2010/09/29,0,321000,-556003,-235003
2010/09/30,0,158000,-347000,-189000
2010/10/01,0,443000,-384000,59000
2010/10/04,0,1255000,-1472000,-217000
2010/10/05,0,864000,-785000,79000
2010/10/06,0,1447000,-189000,1258000
2010/10/07,0,1612000,-643327,968673
2010/10/08,0,1298000,-524000,774000
2010/10/11,0,519000,-978000,-459000
2010/10/12,0,103000,-1477000,-1374000
2010/10/13,0,40000,-421048,-381048
2010/10/14,0,650000,-125000,525000
2010/10/15,0,576000,-433000,143000
2010/10/18,0,126000,-605000,-479000
2010/10/19,0,280000,-447000,-167000
2010/10/20,0,162000,-247000,-85000
2010/10/21,0,435000,-79000,356000
2010/10/22,0,20000,-509000,-489000
2010/10/25,0,1186000,-220000,966000
2010/10/26,0,524000,-151000,373000
2010/10/27,0,380000,-337000,43000
2010/10/28,0,877000,-487000,390000
2010/10/29,0,313000,-304370,8630
2010/11/01,0,4516000,-403000,4113000
2010/11/02,0,2979500,-694000,2285500
2010/11/03,0,810000,-1541000,-731000
2010/11/04,0,765000,-23000,742000
2010/11/05,0,518000,-554000,-36000
2010/11/08,0,1075000,-199000,876000
2010/11/09,0,427150,-186000,241150
2010/11/10,0,311000,-276000,35000
2010/11/11,0,490000,-184000,306000
2010/11/12,0,155000,-1692000,-1537000
2010/11/15,0,30000,-392000,-362000
2010/11/16,0,625000,-228000,397000
2010/11/17,0,325000,-2718000,-2393000
2010/11/18,0,1059000,-410000,649000
2010/11/19,0,162000,-1861000,-1699000
2010/11/22,0,11000,-66000,-55000
2010/11/23,0,189000,-24000,165000
2010/11/24,0,1444000,-192000,1252000
2010/11/25,0,45000,-30000,15000
2010/11/26,0,298000,-688080,-390080
2010/11/29,0,338000,-581000,-243000
2010/11/30,0,428000,-307000,121000
2010/12/01,0,2079000,-2003000,76000
2010/12/02,0,1686000,-725000,961000
2010/12/03,0,1027000,-441000,586000
2010/12/06,0,591000,-581000,10000
2010/12/07,0,303000,-327000,-24000
2010/12/08,0,112000,-777000,-665000
2010/12/09,0,855000,-151000,704000
2010/12/10,0,248000,-212000,36000
2010/12/13,0,255000,-2120000,-1865000
2010/12/14,0,100000,-569638,-469638
2010/12/15,0,1850000,-961000,889000
2010/12/16,0,8450000,-1107000,7343000
2010/12/17,0,858000,-4833000,-3975000
2010/12/20,0,3805000,-1642000,2163000
2010/12/21,0,2564000,-5815680,-3251680
2010/12/22,0,3854000,-1069000,2785000
2010/12/23,0,432000,-1404000,-972000
2010/12/24,0,795000,-466000,329000
2010/12/27,0,3028000,-4957000,-1929000
2010/12/28,0,924000,-4034000,-3110000
2010/12/29,0,1704000,-1997943,-293943
2010/12/30,0,928000,-395000,533000
2010/12/31,0,799000,-1387000,-588000
2011/01/03,0,1156000,-1689970,-533970
2011/01/04,0,840000,-1083000,-243000
2011/01/05,0,1539000,-3375000,-1836000
2011/01/06,0,1554000,-495000,1059000
2011/01/07,0,395000,-1360000,-965000
2011/01/10,0,208000,-2759000,-2551000
2011/01/11,0,693000,-1526000,-833000
2011/01/12,0,2702000,-4392000,-1690000
2011/01/13,0,1291000,-2233000,-942000
2011/01/14,0,38000,-1105340,-1067340
2011/01/17,0,137000,-1225544,-1088544
2011/01/18,0,551000,-795000,-244000
2011/01/19,0,1000,-1738000,-1737000
2011/01/20,0,465000,-2706340,-2241340
2011/01/21,0,529000,-764000,-235000
2011/01/24,0,85000,-998000,-913000
2011/01/25,0,1090000,-2559000,-1469000
2011/01/26,0,378000,-458000,-80000
2011/01/27,0,0,-780000,-780000
2011/01/28,0,518000,-1993000,-1475000
2011/01/31,0,0,0,0
2011/02/01,0,0,0,0
2011/02/02,0,0,0,0
2011/02/03,0,0,0,0
2011/02/04,0,0,0,0
2011/02/07,0,0,0,0
2011/02/08,0,176000,-393000,-217000
2011/02/09,0,118000,-498000,-380000
2011/02/10,0,562000,-3373000,-2811000
2011/02/11,0,381000,-2499000,-2118000
2011/02/14,0,348000,-63000,285000
2011/02/15,0,544000,-1327000,-783000
2011/02/16,0,1398000,-244000,1154000
2011/02/17,0,2000,-1035000,-1033000
2011/02/18,0,123000,-1592000,-1469000
2011/02/21,0,36000,-335000,-299000
2011/02/22,0,817000,-158000,659000
2011/02/23,0,1750000,-70000,1680000
2011/02/24,0,1559000,-812000,747000
2011/02/25,0,2677000,-93000,2584000
2011/02/28,0,0,0,0
2011/03/01,0,573000,-92000,481000
2011/03/02,0,671000,-369252,301748
2011/03/03,0,1847000,-160540,1686460
2011/03/04,0,219000,-265000,-46000
2011/03/07,0,524000,-84904,439096
2011/03/08,0,652000,-119000,533000
2011/03/09,0,64000,-347000,-283000
2011/03/10,0,61000,-291000,-230000
2011/03/11,0,413000,-1934000,-1521000
2011/03/14,0,1469000,-752000,717000
2011/03/15,0,3590000,-1961000,1629000
2011/03/16,0,2984000,-195000,2789000
2011/03/17,0,1785000,-429000,1356000
2011/03/18,0,82000,-1091000,-1009000
2011/03/21,0,57000,-945000,-888000
2011/03/22,0,408000,-1567000,-1159000
2011/03/23,0,184000,-646600,-462600
2011/03/24,0,48000,-26000,22000
2011/03/25,0,505000,-168000,337000
2011/03/28,0,466000,-403710,62290
2011/03/29,0,1684000,-5000,1679000
2011/03/30,0,120000,0,120000
2011/03/31,0,259000,-58000,201000
2011/04/01,0,315000,-757000,-442000
2011/04/04,0,0,0,0
2011/04/05,0,0,0,0
2011/04/06,0,503000,-1140000,-637000
2011/04/07,0,595000,-321000,274000
2011/04/08,0,472000,-193000,279000
2011/04/11,0,125000,-120587,4413
2011/04/12,0,1110000,-251000,859000
2011/04/13,0,509000,-249000,260000
2011/04/14,0,184000,-302000,-118000
2011/04/15,0,0,-268000,-268000
2011/04/18,0,61000,-241000,-180000
2011/04/19,0,4000,-599000,-595000
2011/04/20,0,63000,-403000,-340000
2011/04/21,0,1133000,-174000,959000
2011/04/22,0,3789000,-6051113,-2262113
2011/04/25,0,2548000,-2148000,400000
2011/04/26,0,106000,-2784000,-2678000
2011/04/27,0,687000,-3190000,-2503000
2011/04/28,0,530000,-1060000,-530000
2011/04/29,0,112000,-1214000,-1102000
2011/05/02,0,0,0,0
2011/05/03,0,714000,-28693,685307
2011/05/04,0,323000,-41000,282000
2011/05/05,0,1137000,-27000,1110000
2011/05/06,0,623000,-50000,573000
2011/05/09,0,413000,-900000,-487000
2011/05/10,0,256000,-411000,-155000
2011/05/11,0,10000,-779740,-769740
2011/05/12,0,299000,-61000,238000
2011/05/13,0,304000,-34000,270000
2011/05/16,0,347000,-12000,335000
2011/05/17,0,156000,-1550000,-1394000
2011/05/18,0,810000,-40000,770000
2011/05/19,0,1448000,-19824,1428176
2011/05/20,0,346000,-450000,-104000
2011/05/23,0,347000,-260000,87000
2011/05/24,0,1240000,0,1240000
2011/05/25,0,28000,-42000,-14000
2011/05/26,0,56000,-113000,-57000
2011/05/27,0,408000,-207000,201000
2011/05/30,0,415000,-58000,357000
2011/05/31,0,947000,0,947000
2011/06/01,0,76000,-13000,63000
2011/06/02,0,447000,-11000,436000
2011/06/03,0,259000,-16000,243000
2011/06/06,0,0,0,0
2011/06/07,0,144000,-28000,116000
2011/06/08,0,0,-9000,-9000
2011/06/09,0,403000,0,403000
2011/06/10,0,0,-723000,-723000
2011/06/13,0,477000,-531000,-54000
2011/06/14,0,230000,-238000,-8000
2011/06/15,0,452000,-221000,231000
2011/06/16,0,543000,-86000,457000
2011/06/17,0,677000,-25000,652000
2011/06/20,0,1051000,-51000,1000000
2011/06/21,0,1115000,0,1115000
2011/06/22,0,0,-213000,-213000
2011/06/23,0,803000,-85000,718000
2011/06/24,0,419000,-1055000,-636000
2011/06/27,0,77000,-277000,-200000
2011/06/28,0,9000,-23000,-14000
2011/06/29,0,1065000,-116000,949000
2011/06/30,0,469000,-61000,408000
2011/07/01,0,40000,0,40000
2011/07/04,0,1000,-639000,-638000
2011/07/05,0,166000,-380000,-214000
2011/07/06,0,2000,-85000,-83000
2011/07/07,0,682000,-48000,634000
2011/07/08,0,86000,-94000,-8000
2011/07/11,0,441000,-407000,34000
2011/07/12,0,869000,-135000,734000
2011/07/13,0,1598000,0,1598000
2011/07/14,0,1511000,0,1511000
2011/07/15,0,799000,0,799000
2011/07/18,0,878000,-142685,735315
2011/07/19,0,0,-410000,-410000
2011/07/20,0,631000,-113000,518000
2011/07/21,0,0,0,0
2011/07/22,0,0,0,0
2011/07/25,0,0,-495000,-495000
2011/07/26,0,0,-371000,-371000
2011/07/27,0,1571000,-397000,1174000
2011/07/28,0,28000,-201000,-173000
2011/07/29,0,184000,-28481,155519
2011/08/01,0,597000,0,597000
2011/08/02,0,167000,-150000,17000
2011/08/03,0,1814000,-54000,1760000
2011/08/04,0,1558000,-333000,1225000
2011/08/05,0,4697000,-5000,4692000
2011/08/08,0,2409000,-699000,1710000
2011/08/09,0,4047000,-140000,3907000
2011/08/10,0,12000,-123000,-111000
2011/08/11,0,727000,-127,726873
2011/08/12,0,80000,-1211000,-1131000
2011/08/15,0,238000,0,238000
2011/08/16,0,80000,-97000,-17000
2011/08/17,0,230000,-173000,57000
2011/08/18,0,505000,-53000,452000
2011/08/19,0,991000,-159000,832000
2011/08/22,0,1724000,-87976,1636024
2011/08/23,0,880000,-80000,800000
2011/08/24,0,384000,-187000,197000
2011/08/25,0,688000,-84000,604000
2011/08/26,0,824000,0,824000
2011/08/29,0,389000,0,389000
2011/08/30,0,28000,-1085000,-1057000
2011/08/31,0,157000,-241000,-84000
2011/09/01,0,2048000,-1659000,389000
2011/09/02,0,689000,-1777000,-1088000
2011/09/05,0,164000,-1187000,-1023000
2011/09/06,0,835000,-315000,520000
2011/09/07,0,2170000,-203000,1967000
2011/09/08,0,542000,-1027000,-485000
2011/09/09,0,636000,-414000,222000
2011/09/12,0,0,0,0
2011/09/13,0,330000,-875771,-545771
2011/09/14,0,2032000,-410000,1622000
2011/09/15,0,1864000,0,1864000
2011/09/16,0,1326000,-454000,872000
2011/09/19,0,193000,-391000,-198000
2011/09/20,0,672000,-746000,-74000
2011/09/21,0,951000,-128000,823000
2011/09/22,0,433000,-1243000,-810000
2011/09/23,0,2410000,-353000,2057000
2011/09/26,0,2618000,-83000,2535000
2011/09/27,0,665000,-9000,656000
2011/09/28,0,1050000,-808000,242000
2011/09/29,0,437000,-817000,-380000
2011/09/30,0,1342000,-281000,1061000
2011/10/03,0,364000,-139000,225000
2011/10/04,0,1768000,-14000,1754000
2011/10/05,0,645000,-30000,615000
2011/10/06,0,1568000,-106000,1462000
2011/10/07,0,342000,-174000,168000
2011/10/10,0,0,0,0
2011/10/11,0,1889000,-817000,1072000
2011/10/12,0,721000,-245000,476000
2011/10/13,0,1181000,-505000,676000
2011/10/14,0,168000,-508000,-340000
2011/10/17,0,68000,-95007,-27007
2011/10/18,0,565000,-511593,53407
2011/10/19,0,1306000,-50000,1256000
2011/10/20,0,464000,-198000,266000
2011/10/21,0,1090070,-463000,627070
2011/10/24,0,1225133,-891000,334133
2011/10/25,0,126000,-275000,-149000
2011/10/26,0,1656000,-360641,1295359
2011/10/27,0,2518000,-610000,1908000
2011/10/28,0,1598000,-957000,641000
2011/10/31,0,1246000,-344344,901656
2011/11/01,0,3249000,-3994000,-745000
2011/11/02,0,1268000,-2724000,-1456000
2011/11/03,0,1069000,-716000,353000
2011/11/04,0,729000,-463000,266000
2011/11/07,0,312000,-363000,-51000
2011/11/08,0,1122000,-261000,861000
2011/11/09,0,937000,-1309000,-372000
2011/11/10,0,1100000,-1632000,-532000
2011/11/11,0,391000,-355000,36000
2011/11/14,0,203000,-210000,-7000
2011/11/15,0,201000,-341000,-140000
2011/11/16,0,108000,-904000,-796000
2011/11/17,0,558000,-310000,248000
2011/11/18,0,1866000,-149000,1717000
2011/11/21,0,1817000,-591000,1226000
2011/11/22,0,1656000,-400000,1256000
2011/11/23,0,1109000,-856000,253000
2011/11/24,0,1267000,-13000,1254000
2011/11/25,0,596000,-450000,146000
2011/11/28,0,390000,-146000,244000
2011/11/29,0,595000,-125000,470000
2011/11/30,0,113000,-820000,-707000
2011/12/01,0,1804000,-20000,1784000
2011/12/02,0,578000,-156000,422000
2011/12/05,0,247000,-339000,-92000
2011/12/06,0,0,-849000,-849000
2011/12/07,0,241000,-117000,124000
2011/12/08,0,71000,-618000,-547000
2011/12/09,0,93000,-869000,-776000
2011/12/12,0,166000,-77000,89000
2011/12/13,0,80000,-532000,-452000
2011/12/14,0,67000,-296000,-229000
2011/12/15,0,215000,-1443000,-1228000
2011/12/16,0,563000,-125000,438000
2011/12/19,0,691000,-2715000,-2024000
2011/12/20,0,1227000,-52000,1175000
2011/12/21,0,265000,-548000,-283000
2011/12/22,0,1558000,-1221000,337000
2011/12/23,0,1106000,-52000,1054000
2011/12/26,0,154000,-248000,-94000
2011/12/27,0,541000,-163000,378000
2011/12/28,0,475000,-42000,433000
2011/12/29,0,592000,-10000,582000
2011/12/30,0,529000,-295000,234000
2012/01/02,0,464000,-663000,-199000
2012/01/03,0,357000,-401000,-44000
2012/01/04,0,143000,-25000,118000
2012/01/05,0,490000,-347870,142130
2012/01/06,0,94000,-519000,-425000
2012/01/09,0,129000,-693000,-564000
2012/01/10,0,641000,-106000,535000
2012/01/11,0,44000,-247000,-203000
2012/01/12,0,173000,-127000,46000
2012/01/13,0,369000,-121000,248000
2012/01/16,0,227000,-1361000,-1134000
2012/01/17,0,418000,-326000,92000
2012/01/18,0,166000,-367000,-201000
2012/01/19,0,0,0,0
2012/01/20,0,0,0,0
2012/01/23,0,0,0,0
2012/01/24,0,0,0,0
2012/01/25,0,0,0,0
2012/01/26,0,0,0,0
2012/01/27,0,0,0,0
2012/01/30,0,505000,-252000,253000
2012/01/31,0,1960000,-819000,1141000
2012/02/01,0,2075000,-1287000,788000
2012/02/02,0,895000,-1710000,-815000
2012/02/03,0,4025000,-1676000,2349000
2012/02/06,0,507000,-2616000,-2109000
2012/02/07,0,1046000,-448000,598000
2012/02/08,0,1356000,-405000,951000
2012/02/09,0,2695000,-1384000,1311000
2012/02/10,0,964000,-2205000,-1241000
2012/02/13,0,1378000,-250000,1128000
2012/02/14,0,280000,-2287000,-2007000
2012/02/15,0,1219000,-918000,301000
2012/02/16,0,574000,-1370000,-796000
2012/02/17,0,1108000,-671000,437000
2012/02/20,0,818000,-1934000,-1116000
2012/02/21,0,794000,-4452000,-3658000
2012/02/22,0,829000,-385000,444000
2012/02/23,0,34000,-1182000,-1148000
2012/02/24,0,159000,-1263000,-1104000
2012/02/27,0,0,0,0
2012/02/28,0,0,0,0
2012/02/29,0,1751088,-1022000,729088
2012/03/01,0,290000,-720000,-430000
2012/03/02,0,563000,-541000,22000
2012/03/05,0,203000,-2204000,-2001000
2012/03/06,0,1097000,-1335000,-238000
2012/03/07,0,594000,-1252000,-658000
2012/03/08,0,1323000,-910000,413000
2012/03/09,0,687000,-2128000,-1441000
2012/03/12,0,202000,-808754,-606754
2012/03/13,0,642000,-1543000,-901000
2012/03/14,0,485000,-460000,25000
2012/03/15,0,106000,-446000,-340000
2012/03/16,0,69000,-1375000,-1306000
2012/03/19,0,191000,-2228000,-2037000
2012/03/20,0,103000,-759000,-656000
2012/03/21,0,30000,-296000,-266000
2012/03/22,0,542000,-399000,143000
2012/03/23,0,321000,-91000,230000
2012/03/26,0,300000,-1301000,-1001000
2012/03/27,0,96000,-801000,-705000
2012/03/28,0,82000,-674000,-592000
2012/03/29,0,398000,-844856,-446856
2012/03/30,0,224000,-273000,-49000
2012/04/02,0,103000,-332000,-229000
2012/04/03,0,323000,-789000,-466000
2012/04/04,0,0,0,0
2012/04/05,0,556000,-894000,-338000
2012/04/06,0,545000,-854000,-309000
2012/04/09,0,344000,-499000,-155000
2012/04/10,0,277000,-173000,104000
2012/04/11,0,231000,-168000,63000
2012/04/12,0,202000,-78000,124000
2012/04/13,0,196000,-171000,25000
2012/04/16,0,20000,-100000,-80000
2012/04/17,0,357000,-159000,198000
2012/04/18,0,785000,-105000,680000
2012/04/19,0,707000,-361000,346000
2012/04/20,0,1610000,-455000,1155000
2012/04/23,0,1208000,-1094000,114000
2012/04/24,0,987000,-364000,623000
2012/04/25,0,988000,-356000,632000
2012/04/26,0,1080000,-827000,253000
2012/04/27,0,131000,-623391,-492391
2012/04/30,0,555000,-157000,398000
2012/05/01,0,0,0,0
2012/05/02,0,1829000,-656000,1173000
2012/05/03,0,501000,-441000,60000
2012/05/04,0,2319000,-933000,1386000
2012/05/07,0,448000,-346000,102000
2012/05/08,0,499000,-876000,-377000
2012/05/09,0,1272000,-489638,782362
2012/05/10,0,1736000,-228000,1508000
2012/05/11,0,1070000,-1034000,36000
2012/05/14,0,713000,-832000,-119000
2012/05/15,0,1573000,-503000,1070000
2012/05/16,0,2382000,-1832000,550000
2012/05/17,0,1428000,-1005000,423000
2012/05/18,0,1346000,-473000,873000
2012/05/21,0,1367000,-595000,772000
2012/05/22,0,811000,-432000,379000
2012/05/23,0,1608000,-1353000,255000
2012/05/24,0,1754000,-532000,1222000
2012/05/25,0,292000,-802000,-510000
2012/05/28,0,720000,-276000,444000
2012/05/29,0,950000,-638000,312000
2012/05/30,0,892000,-951000,-59000
2012/05/31,0,1717000,-1097000,620000
2012/06/01,0,568000,-1159000,-591000
2012/06/04,0,2134000,-1315000,819000
2012/06/05,0,617000,-520000,97000
2012/06/06,0,4619000,-430000,4189000
2012/06/07,0,1868000,-568000,1300000
2012/06/08,0,785000,-605000,180000
2012/06/11,0,593000,-477000,116000
2012/06/12,0,382000,-407000,-25000
2012/06/13,0,785000,-293000,492000
2012/06/14,0,993000,-456000,537000
2012/06/15,0,1192000,-404000,788000
2012/06/18,0,620000,-674000,-54000
2012/06/19,0,285000,-791000,-506000
2012/06/20,0,574000,-443000,131000
2012/06/21,0,378000,-1257000,-879000
2012/06/22,0,282000,-1001000,-719000
2012/06/25,0,147000,-1225000,-1078000
2012/06/26,0,85000,-400000,-315000
2012/06/27,0,545000,-273202,271798
2012/06/28,0,611000,-265000,346000
2012/06/29,0,1778000,-314000,1464000
2012/07/02,0,1045000,-1016000,29000
2012/07/03,0,1365000,-309000,1056000
2012/07/04,0,911000,-110000,801000
2012/07/05,0,261000,-646000,-385000
2012/07/06,0,189000,-646000,-457000
2012/07/09,0,191000,-204000,-13000
2012/07/10,0,289000,-486000,-197000
2012/07/11,0,845000,-52000,793000
2012/07/12,0,183000,-385000,-202000
2012/07/13,0,676000,-664000,12000
2012/07/16,0,222000,-267696,-45696
2012/07/17,0,870000,-1007000,-137000
2012/07/18,0,61000,-1272000,-1211000
2012/07/19,0,1262000,-169000,1093000
2012/07/20,0,195000,-884000,-689000
2012/07/23,0,324000,-1355000,-1031000
2012/07/24,0,2486000,-13000,2473000
2012/07/25,0,313000,-1066000,-753000
2012/07/26,0,1016000,-122000,894000
2012/07/27,0,775000,-248000,527000
2012/07/30,0,1013000,-1122000,-109000
2012/07/31,0,324000,-322000,2000
2012/08/01,0,423000,-829000,-406000
2012/08/02,0,0,0,0
2012/08/03,0,243000,-254000,-11000
2012/08/06,0,2018000,-215000,1803000
2012/08/07,0,590000,-313000,277000
2012/08/08,0,319000,-661000,-342000
2012/08/09,0,3776000,-3459000,317000
2012/08/10,0,1537000,-1811000,-274000
2012/08/13,0,835000,-1524000,-689000
2012/08/14,0,1300000,-1742000,-442000
2012/08/15,0,713000,-1258000,-545000
2012/08/16,0,1379000,-701000,678000
2012/08/17,0,1847000,-809000,1038000
2012/08/20,0,1486000,-810000,676000
2012/08/21,0,1561000,-991000,570000
2012/08/22,0,456000,-603000,-147000
2012/08/23,0,497000,-267000,230000
2012/08/24,0,336000,-627000,-291000
2012/08/27,0,290000,-1458000,-1168000
2012/08/28,0,492000,-1294000,-802000
2012/08/29,0,279000,-110000,169000
2012/08/30,0,475000,-2386000,-1911000
2012/08/31,0,253000,-204000,49000
2012/09/03,0,10000,-547000,-537000
2012/09/04,0,90000,-1380000,-1290000
2012/09/05,0,130000,-1077000,-947000
2012/09/06,0,134000,-457000,-323000
2012/09/07,0,1138000,-209000,929000
2012/09/10,0,333000,-1205000,-872000
2012/09/11,0,10000,-1302000,-1292000
2012/09/12,0,1615000,-397000,1218000
2012/09/13,0,356000,-135000,221000
2012/09/14,0,3527000,-735000,2792000
2012/09/17,0,6061000,-2434168,3626832
2012/09/18,0,775000,-439000,336000
2012/09/19,0,1415000,-599152,815848
2012/09/20,0,4253000,-2769000,1484000
2012/09/21,0,4153000,-872000,3281000
2012/09/24,0,2488000,-2580000,-92000
2012/09/25,0,763000,-2584000,-1821000
2012/09/26,0,510000,-1130000,-620000
2012/09/27,0,531000,-776000,-245000
2012/09/28,0,999000,-1761000,-762000
2012/10/01,0,287000,-2530000,-2243000
2012/10/02,0,202000,-383000,-181000
2012/10/03,0,165000,-347000,-182000
2012/10/04,0,360000,-661000,-301000
2012/10/05,0,830000,-465000,365000
2012/10/08,0,360000,-1295000,-935000
2012/10/09,0,944000,-291000,653000
2012/10/10,0,0,0,0
2012/10/11,0,1264000,-2248000,-984000
2012/10/12,0,650000,-1750000,-1100000
2012/10/15,0,1344000,-1277000,67000
2012/10/16,0,1343000,-2158000,-815000
2012/10/17,0,1053000,-619000,434000
2012/10/18,0,1093000,-119000,974000
2012/10/19,0,1090000,-350000,740000
2012/10/22,0,288000,-944000,-656000
2012/10/23,0,107000,-1299000,-1192000
2012/10/24,0,2209000,-565000,1644000
2012/10/25,0,989000,-357000,632000
2012/10/26,0,885000,-2789000,-1904000
2012/10/29,0,1142000,-936000,206000
2012/10/30,0,1131000,-462000,669000
2012/10/31,0,267000,-327000,-60000
2012/11/01,0,1119000,-652000,467000
2012/11/02,0,653000,-657000,-4000
2012/11/05,0,999000,-281000,718000
2012/11/06,0,935000,-121000,814000
2012/11/07,0,1955000,-167000,1788000
2012/11/08,0,189000,-1113000,-924000
2012/11/09,0,901000,-236000,665000
2012/11/12,0,468000,-291000,177000
2012/11/13,0,617000,-988000,-371000
2012/11/14,0,318000,-109000,209000
2012/11/15,0,539000,-229000,310000
2012/11/16,0,296000,-312000,-16000
2012/11/19,0,858000,-434000,424000
2012/11/20,0,356000,-1147000,-791000
2012/11/21,0,581000,-1345000,-764000
2012/11/22,0,960000,-499000,461000
2012/11/23,0,1732000,-1088000,644000
2012/11/26,0,1664000,-204000,1460000
2012/11/27,0,8930000,-1492000,7438000
2012/11/28,0,1254000,-2727000,-1473000
2012/11/29,0,3034000,-880619,2153381
2012/11/30,0,2284000,-1681000,603000
2012/12/03,0,3340000,-498000,2842000
2012/12/04,0,1988000,-866000,1122000
2012/12/05,0,4445000,-3163000,1282000
2012/12/06,0,1743000,-1610000,133000
2012/12/07,0,988000,-884000,104000
2012/12/10,0,1254000,-1606000,-352000
2012/12/11,0,1999000,-985000,1014000
2012/12/12,0,3240000,-1243000,1997000
2012/12/13,0,11312000,-3194000,8118000
2012/12/14,0,2178000,-4211000,-2033000
2012/12/17,0,2896000,-3449000,-553000
2012/12/18,0,1249000,-1598000,-349000
2012/12/19,0,6920000,-4176000,2744000
2012/12/20,0,1692000,-6801000,-5109000
2012/12/21,0,2072000,-5131000,-3059000
2012/12/24,0,698000,-1340000,-642000
2012/12/25,0,3636000,-1444000,2192000
2012/12/26,0,2208000,-1814000,394000
2012/12/27,0,1566006,-1318000,248006
2012/12/28,0,2745000,-3172000,-427000
2012/12/31,0,0,0,0
2013/01/01,0,0,0,0
2013/01/02,0,2648000,-2372000,276000
2013/01/03,0,1669000,-2383000,-714000
2013/01/04,0,1116000,-1640276,-524276
2013/01/07,0,2380000,-1025000,1355000
2013/01/08,0,1033000,-1995000,-962000
2013/01/09,0,2069000,-751000,1318000
2013/01/10,0,2019000,-2234000,-215000
2013/01/11,0,1253000,-2061000,-808000
2013/01/14,0,1517000,-643000,874000
2013/01/15,0,2475000,-1756000,719000
2013/01/16,0,1113000,-1413000,-300000
2013/01/17,0,3986000,-3235000,751000
2013/01/18,0,1287000,-2861000,-1574000
2013/01/21,0,1441000,-1174000,267000
2013/01/22,0,1308000,-1715000,-407000
2013/01/23,0,1801000,-1348000,453000
2013/01/24,0,301000,-1741000,-1440000
2013/01/25,0,230000,-1539000,-1309000
2013/01/28,0,512000,-1360000,-848000
2013/01/29,0,757000,-621000,136000
2013/01/30,0,7080000,-3049000,4031000
2013/01/31,0,2363000,-5615000,-3252000
2013/02/01,0,1712000,-1493000,219000
2013/02/04,0,5894000,-3023000,2871000
2013/02/05,0,5569000,-4846000,723000
2013/02/06,0,4203000,-8111000,-3908000
2013/02/07,0,0,0,0
2013/02/08,0,0,0,0
2013/02/11,0,0,0,0
2013/02/12,0,0,0,0
2013/02/13,0,0,0,0
2013/02/14,0,0,0,0
2013/02/15,0,0,0,0
2013/02/18,0,5306000,-6160000,-854000
2013/02/19,0,4193000,-2831000,1362000
2013/02/20,0,5295000,-9815000,-4520000
2013/02/21,0,2891000,-4551000,-1660000
2013/02/22,0,3773000,-3913000,-140000
2013/02/25,0,4855000,-4867000,-12000
2013/02/26,0,2178000,-3231000,-1053000
2013/02/27,0,2868000,-599000,2269000
2013/02/28,0,0,0,0
2013/03/01,0,4638000,-2804000,1834000
2013/03/04,0,1531000,-4373338,-2842338
2013/03/05,0,2121000,-2438000,-317000
2013/03/06,0,3620000,-1668000,1952000
2013/03/07,0,5815000,-1415000,4400000
2013/03/08,0,8850000,-3959000,4891000
2013/03/11,0,4854000,-5376000,-522000
2013/03/12,0,1805000,-4334000,-2529000
2013/03/13,0,2033000,-3415001,-1382001
2013/03/14,0,1695000,-3099000,-1404000
2013/03/15,0,1116000,-5464000,-4348000
2013/03/18,0,302000,-9564000,-9262000
2013/03/19,0,1975000,-3341000,-1366000
2013/03/20,0,2503000,-1816000,687000
2013/03/21,0,800000,-2881000,-2081000
2013/03/22,0,1702000,-1064000,638000
2013/03/25,0,669000,-1264000,-595000
2013/03/26,0,3141000,-2040000,1101000
2013/03/27,0,1667000,-1076000,591000
2013/03/28,0,1343000,-2225000,-882000
2013/03/29,0,1818000,-416000,1402000
2013/04/01,0,1771000,-1117000,654000
2013/04/02,0,537000,-2773000,-2236000
2013/04/03,0,2051000,-827960,1223040
2013/04/04,0,0,0,0
2013/04/05,0,0,0,0
2013/04/08,0,518000,-6473000,-5955000
2013/04/09,0,951000,-1423000,-472000
2013/04/10,0,1007000,-820000,187000
2013/04/11,0,431000,-1491000,-1060000
2013/04/12,0,874000,-2837000,-1963000
2013/04/15,0,528000,-3054000,-2526000
2013/04/16,0,1259000,-1386000,-127000
2013/04/17,0,458000,-1105000,-647000
2013/04/18,0,722000,-1201000,-479000
2013/04/19,0,2198103,-791000,1407103
2013/04/22,0,15964000,-5880000,10084000
2013/04/23,0,2516000,-2486000,30000
2013/04/24,0,4483000,-1970000,2513000
2013/04/25,0,345000,-1990000,-1645000
2013/04/26,0,2006000,-3283000,-1277000
2013/04/29,0,136000,-2864000,-2728000
2013/04/30,0,602000,-1278000,-676000
2013/05/01,0,0,0,0
2013/05/02,0,748000,-838000,-90000
2013/05/03,0,922000,-678000,244000
2013/05/06,0,670000,-997000,-327000
2013/05/07,0,930000,-605000,325000
2013/05/08,0,3792000,-1654000,2138000
2013/05/09,0,3960000,-1387000,2573000
2013/05/10,0,225000,-849000,-624000
2013/05/13,0,560000,-664000,-104000
2013/05/14,0,924000,-1101000,-177000
2013/05/15,0,8567000,-974000,7593000
2013/05/16,0,22392200,-6628000,15764200
2013/05/17,0,8821000,-6831000,1990000
2013/05/20,0,4102600,-3631000,471600
2013/05/21,0,3070900,-3322000,-251100
2013/05/22,0,1728000,-1405000,323000
2013/05/23,0,1775000,-9332000,-7557000
2013/05/24,0,659000,-5146000,-4487000
2013/05/27,0,2104100,-894000,1210100
2013/05/28,0,1236000,-1422000,-186000
2013/05/29,0,3057500,-1744000,1313500
2013/05/30,0,2539000,-4325000,-1786000
2013/05/31,0,7449000,-5050000,2399000
2013/06/03,0,596860,-3232000,-2635140
2013/06/04,0,285000,-4190000,-3905000
2013/06/05,0,745000,-1842000,-1097000
2013/06/06,0,520000,-2215000,-1695000
2013/06/07,0,604000,-1108000,-504000
2013/06/10,0,1588000,-799000,789000
2013/06/11,0,5992000,-167000,5825000
2013/06/12,0,0,0,0
2013/06/13,0,1584000,-5844000,-4260000
2013/06/14,0,741000,-7271000,-6530000
2013/06/17,0,1076000,-2097000,-1021000
2013/06/18,0,1537000,-2749000,-1212000
2013/06/19,0,1799000,-1218000,581000
2013/06/20,0,188000,-3774160,-3586160
2013/06/21,0,2269000,-5350548,-3081548
2013/06/24,0,3812000,-609000,3203000
2013/06/25,0,3208000,-4675000,-1467000
2013/06/26,0,2244000,-3839000,-1595000
2013/06/27,0,1080996,-707039,373957
2013/06/28,0,982285,-1416000,-433715
2013/07/01,0,7624000,-2657000,4967000
2013/07/02,0,1595000,-1903000,-308000
2013/07/03,0,1765000,-5567000,-3802000
2013/07/04,0,2261000,-745000,1516000
2013/07/05,0,848000,-1456000,-608000
2013/07/08,0,147000,-2060000,-1913000
2013/07/09,0,1846000,-529000,1317000
2013/07/10,0,1498000,-1659000,-161000
2013/07/11,0,4424000,-2048000,2376000
2013/07/12,0,8543000,-2828000,5715000
2013/07/15,0,828000,-1823000,-995000
2013/07/16,0,1411000,-2139000,-728000
2013/07/17,0,2208000,-1088000,1120000
2013/07/18,0,4781000,-1375000,3406000
2013/07/19,0,2366000,-5437000,-3071000
2013/07/22,0,4516000,-940000,3576000
2013/07/23,0,6986000,-807000,6179000
2013/07/24,0,4726000,-1382000,3344000
2013/07/25,0,1774000,-8878000,-7104000
2013/07/26,0,3289000,-675000,2614000
2013/07/29,0,409000,-2233000,-1824000
2013/07/30,0,907000,-1160000,-253000
2013/07/31,0,724000,-2045000,-1321000
2013/08/01,0,1197000,-1007000,190000
2013/08/02,0,540000,-221000,319000
2013/08/05,0,913000,-581000,332000
2013/08/06,0,466000,-3755000,-3289000
2013/08/07,0,102000,-6133000,-6031000
2013/08/08,0,629000,-1208000,-579000
2013/08/09,0,707000,-3623000,-2916000
2013/08/12,0,597000,-1885000,-1288000
2013/08/13,0,1043000,-1186000,-143000
2013/08/14,0,338000,-1440000,-1102000
2013/08/15,0,998000,-2535000,-1537000
2013/08/16,0,806000,-1516000,-710000
2013/08/19,0,657000,-894000,-237000
2013/08/20,0,438000,-728000,-290000
2013/08/21,0,0,0,0
2013/08/22,0,837000,-1400000,-563000
2013/08/23,0,206000,-712000,-506000
2013/08/26,0,396000,-465000,-69000
2013/08/27,0,577000,-2216000,-1639000
2013/08/28,0,369000,-1061000,-692000
2013/08/29,0,1129000,-2572000,-1443000
2013/08/30,0,1098000,-596000,502000
2013/09/02,0,485000,-30000,455000
2013/09/03,0,3107000,-399000,2708000
2013/09/04,0,6526000,-984000,5542000
2013/09/05,0,689000,-1226000,-537000
2013/09/06,0,1275000,-337000,938000
2013/09/09,0,1112000,-1258000,-146000
2013/09/10,0,489000,-1618000,-1129000
2013/09/11,0,388000,-851000,-463000
2013/09/12,0,1903000,-1599000,304000
2013/09/13,0,648000,-1126000,-478000
2013/09/16,0,831000,-1394000,-563000
2013/09/17,0,350000,-956000,-606000
2013/09/18,0,3965000,-1351000,2614000
2013/09/19,0,0,0,0
2013/09/20,0,0,0,0
2013/09/23,0,2926000,-887000,2039000
2013/09/24,0,629000,-1635000,-1006000
2013/09/25,0,583000,-949000,-366000
2013/09/26,0,427000,-2542000,-2115000
2013/09/27,0,3366000,-2102000,1264000
2013/09/30,0,148000,-2922000,-2774000
2013/10/01,0,1251000,-64000,1187000
2013/10/02,0,350000,-775000,-425000
2013/10/03,0,6051000,-2068000,3983000
2013/10/04,0,1696000,-1460000,236000
2013/10/07,0,2614000,-2662000,-48000
2013/10/08,0,3179000,-1984000,1195000
2013/10/09,0,12429000,-4516000,7913000
2013/10/10,0,0,0,0
2013/10/11,0,2681000,-7488000,-4807000
2013/10/14,0,805000,-4166000,-3361000
2013/10/15,0,1432000,-1611000,-179000
2013/10/16,0,877000,-1772000,-895000
2013/10/17,0,761000,-2528000,-1767000
2013/10/18,0,810000,-541000,269000
2013/10/21,0,324000,-779000,-455000
2013/10/22,0,410000,-690000,-280000
2013/10/23,0,686000,-2316000,-1630000
2013/10/24,0,745000,-347000,398000
2013/10/25,0,347000,-2359000,-2012000
2013/10/28,0,239000,-998000,-759000
2013/10/29,0,1934000,-2824000,-890000
2013/10/30,0,1631000,-804000,827000
2013/10/31,0,626000,-941000,-315000
2013/11/01,0,406000,-1015000,-609000
2013/11/04,0,171000,-1340819,-1169819
2013/11/05,0,453000,-3265000,-2812000
2013/11/06,0,357000,-1696000,-1339000
2013/11/07,0,319000,-505000,-186000
2013/11/08,0,196000,-1089000,-893000
2013/11/11,0,304000,-950000,-646000
2013/11/12,0,1043000,-718000,325000
2013/11/13,0,341000,-1780000,-1439000
2013/11/14,0,356000,-610000,-254000
2013/11/15,0,1692000,-580000,1112000
2013/11/18,0,420000,-172000,248000
2013/11/19,0,1034000,-104000,930000
2013/11/20,0,546000,-470000,76000
2013/11/21,0,138000,-1722000,-1584000
2013/11/22,0,226000,-772000,-546000
2013/11/25,0,3777000,-174000,3603000
2013/11/26,0,1279000,-490000,789000
2013/11/27,0,150000,-330000,-180000
2013/11/28,0,1206000,-306000,900000
2013/11/29,0,1030000,-204000,826000
2013/12/02,0,1270000,-820000,450000
2013/12/03,0,7750000,-958000,6792000
2013/12/04,0,752000,-2364000,-1612000
2013/12/05,0,493000,-1675000,-1182000
2013/12/06,0,376000,-1849000,-1473000
2013/12/09,0,1441000,-821000,620000
2013/12/10,0,4997000,-690000,4307000
2013/12/11,0,1890000,-2782000,-892000
2013/12/12,0,114000,-1251000,-1137000
2013/12/13,0,743000,-637000,106000
2013/12/16,0,244000,-931000,-687000
2013/12/17,0,236000,-1157000,-921000
2013/12/18,0,763000,-2327000,-1564000
2013/12/19,0,684000,-1099000,-415000
2013/12/20,0,228000,-344000,-116000
2013/12/23,0,6641000,-311000,6330000
2013/12/24,0,483000,-2823000,-2340000
2013/12/25,0,313000,-1397000,-1084000
2013/12/26,0,233000,-372000,-139000
2013/12/27,0,1735000,-213000,1522000
2013/12/30,0,10257000,-1424000,8833000
2013/12/31,0,5378000,-2221000,3157000
2014/01/02,0,8809000,-2256000,6553000
2014/01/03,0,2819000,-4848000,-2029000
2014/01/06,0,1411000,-2561000,-1150000
2014/01/07,0,1107000,-1752000,-645000
2014/01/08,0,3000000,-1717000,1283000
2014/01/09,0,5071000,-1087000,3984000
2014/01/10,0,7062000,-3249000,3813000
2014/01/13,0,2028000,-3626000,-1598000
2014/01/14,0,808000,-1750000,-942000
2014/01/15,0,924000,-1073000,-149000
2014/01/16,0,3323074,-287000,3036074
2014/01/17,0,1682000,-2296000,-614000
2014/01/20,0,1587000,-772000,815000
2014/01/21,0,898000,-712000,186000
2014/01/22,0,536000,-1685000,-1149000
2014/01/23,0,1432000,-2166000,-734000
2014/01/24,0,831000,-2270000,-1439000
2014/01/27,0,552000,-8472000,-7920000
2014/02/05,0,474000,-6650000,-6176000
2014/02/06,0,290000,-2161000,-1871000
2014/02/07,0,1596000,-1316000,280000
2014/02/10,0,852000,-2164000,-1312000
2014/02/11,0,3441000,-8676000,-5235000
2014/02/12,0,2787000,-2169000,618000
2014/02/13,0,1717000,-1071000,646000
2014/02/14,0,1398000,-869000,529000
2014/02/17,0,1209000,-773000,436000
2014/02/18,0,606000,-1612000,-1006000
2014/02/19,0,655000,-1940000,-1285000
2014/02/20,0,659000,-2938000,-2279000
2014/02/21,0,612000,-680000,-68000
2014/02/24,0,945000,-3037000,-2092000
2014/02/25,0,910000,-2183000,-1273000
2014/02/26,0,996000,-1901000,-905000
2014/02/27,0,823000,-2577000,-1754000
2014/03/03,0,716000,-3539000,-2823000
2014/03/04,0,586000,-1873000,-1287000
2014/03/05,0,443000,-568000,-125000
2014/03/06,0,1139000,-239000,900000
2014/03/07,0,1113000,-1410000,-297000
2014/03/10,0,285000,-2229000,-1944000
2014/03/11,0,817000,-1671000,-854000
2014/03/12,0,232000,-1030000,-798000
2014/03/13,0,1627000,-918000,709000
2014/03/14,0,488000,-1060000,-572000
2014/03/17,0,1109000,-1041000,68000
2014/03/18,0,1941000,-904000,1037000
2014/03/19,0,240000,-2583442,-2343442
2014/03/20,0,381000,-2572000,-2191000
2014/03/21,0,1042000,-2266000,-1224000
2014/03/24,0,482000,-3514000,-3032000
2014/03/25,0,976000,-509000,467000
2014/03/26,0,569000,-244000,325000
2014/03/27,0,213000,-470000,-257000
2014/03/28,0,221000,-387000,-166000
2014/03/31,0,453000,-369000,84000
2014/04/01,0,359000,-715000,-356000
2014/04/02,0,50000,-191000,-141000
2014/04/03,0,710000,-129000,581000
2014/04/07,0,56000,-300000,-244000
2014/04/08,0,1206000,-235000,971000
2014/04/09,0,249000,-598000,-349000
2014/04/10,0,734000,-577000,157000
2014/04/11,0,157000,-308000,-151000
2014/04/14,0,328000,-254000,74000
2014/04/15,0,400000,-472000,-72000
2014/04/16,0,316000,-1796000,-1480000
2014/04/17,0,393000,-629000,-236000
2014/04/18,0,245000,-1243000,-998000
2014/04/21,0,120000,-164000,-44000
2014/04/22,0,432000,-580000,-148000
2014/04/23,0,56000,-598000,-542000
2014/04/24,0,86000,-306000,-220000
2014/04/25,0,508000,-2511000,-2003000
2014/04/28,0,721000,-2152000,-1431000
2014/04/29,0,959000,-1325000,-366000
2014/04/30,0,463000,-339000,124000
2014/05/02,0,288000,-304000,-16000
2014/05/05,0,319000,-176000,143000
2014/05/06,0,1715000,-783000,932000
2014/05/07,0,548000,-1141000,-593000
2014/05/08,0,3165000,-838899,2326101
2014/05/09,0,2071000,-516000,1555000
2014/05/12,0,507000,-862000,-355000
2014/05/13,0,246000,-1147000,-901000
2014/05/14,0,1210000,-994000,216000
2014/05/15,0,927000,-881000,46000
2014/05/16,0,1126000,-810000,316000
2014/05/19,0,763000,-1289000,-526000
2014/05/20,0,1001000,-1572000,-571000
2014/05/21,0,1043046,-976000,67046
2014/05/22,0,691000,-398000,293000
2014/05/23,0,1117000,-389000,728000
2014/05/26,0,720000,-320000,400000
2014/05/27,0,3810000,-256000,3554000
2014/05/28,0,6078000,-1576000,4502000
2014/05/29,0,857000,-2791000,-1934000
2014/05/30,0,847000,-1380000,-533000
2014/06/03,0,976000,-1707000,-731000
2014/06/04,0,330000,-1742000,-1412000
2014/06/05,0,1193076,-667000,526076
2014/06/06,0,947000,-1031000,-84000
2014/06/09,0,1027000,-453000,574000
2014/06/10,0,6231000,-603000,5628000
2014/06/11,0,797000,-1288000,-491000
2014/06/12,0,537000,-425000,112000
2014/06/13,0,454000,-1988000,-1534000
2014/06/16,0,987000,-1879000,-892000
2014/06/17,0,430000,-1762000,-1332000
2014/06/18,0,2596000,-2127000,469000
2014/06/19,0,702000,-2896000,-2194000
2014/06/20,0,620000,-1533000,-913000
2014/06/23,0,17811000,-2627000,15184000
2014/06/24,0,945000,-8703000,-7758000
2014/06/25,0,1824000,-2346000,-522000
2014/06/26,0,5171000,-1173000,3998000
2014/06/27,0,2595000,-2869000,-274000
2014/06/30,0,5186000,-843000,4343000
2014/07/01,0,1247000,-1988000,-741000
2014/07/02,0,7483000,-5321000,2162000
2014/07/03,0,1061000,-3519000,-2458000
2014/07/04,0,1253000,-897000,356000
2014/07/07,0,1177000,-2622000,-1445000
2014/07/08,0,3098000,-1459000,1639000
2014/07/09,0,22125000,-754000,21371000
2014/07/10,0,3979000,-19226000,-15247000
2014/07/11,0,1007000,-7966000,-6959000
2014/07/14,0,6174000,-2997000,3177000
2014/07/15,0,7915000,-5501000,2414000
2014/07/16,0,2459000,-6434000,-3975000
2014/07/17,0,2437000,-1634000,803000
2014/07/18,0,1532000,-1714000,-182000
2014/07/21,0,1495000,-2783000,-1288000
2014/07/22,0,460000,-1220000,-760000
2014/07/23,0,0,0,0
2014/07/24,0,2125000,-1554000,571000
2014/07/25,0,606000,-3045000,-2439000
2014/07/28,0,629000,-1318000,-689000
2014/07/29,0,6247000,-4092000,2155000
2014/07/30,0,1991000,-3054000,-1063000
2014/07/31,0,1252000,-4365000,-3113000
2014/08/01,0,928000,-1919000,-991000
2014/08/04,0,1230000,-1279000,-49000
2014/08/05,0,446000,-3834000,-3388000
2014/08/06,0,1202000,-1608000,-406000
2014/08/07,0,312000,-335000,-23000
2014/08/08,0,287000,-2241000,-1954000
2014/08/11,0,3301000,-734000,2567000
2014/08/12,0,1015000,-1126000,-111000
2014/08/13,0,3230000,-1769000,1461000
2014/08/14,0,2585000,-4208000,-1623000
2014/08/15,0,344000,-2258000,-1914000
2014/08/18,0,88000,-1445000,-1357000
2014/08/19,0,3022000,-602000,2420000
2014/08/20,0,4090000,-2079000,2011000
2014/08/21,0,829000,-1202000,-373000
2014/08/22,0,1638000,-190000,1448000
2014/08/25,0,4225000,-2284000,1941000
2014/08/26,0,223000,-978000,-755000
2014/08/27,0,282000,-1767000,-1485000
2014/08/28,0,767000,-742000,25000
2014/08/29,0,1058000,-527000,531000
2014/09/01,0,355000,-1621000,-1266000
2014/09/02,0,785000,-1346000,-561000
2014/09/03,0,1688000,-1548000,140000
2014/09/04,0,1018000,-109000,909000
2014/09/05,0,1678000,-172000,1506000
2014/09/09,0,1408000,-1777000,-369000
2014/09/10,0,315000,-777000,-462000
2014/09/11,0,788000,-53000,735000
2014/09/12,0,85000,-891000,-806000
2014/09/15,0,113000,-847000,-734000
2014/09/16,0,347000,-4252000,-3905000
2014/09/17,0,1120000,-664000,456000
2014/09/18,0,1203000,-2000,1201000
2014/09/19,0,1241000,-972000,269000
2014/09/22,0,242000,-355000,-113000
2014/09/23,0,1493000,-356000,1137000
2014/09/24,0,435000,-2500479,-2065479
2014/09/25,0,1253000,-3100000,-1847000
2014/09/26,0,1668000,-1189000,479000
2014/09/29,0,94000,-1250000,-1156000
2014/09/30,0,590000,-3081000,-2491000
2014/10/01,0,841000,-735000,106000
2014/10/02,0,379000,-887000,-508000
2014/10/03,0,3359000,-250000,3109000
2014/10/06,0,697000,-772000,-75000
2014/10/07,0,350000,-1100000,-750000
2014/10/08,0,395000,-179000,216000
2014/10/09,0,20000,-731000,-711000
2014/10/13,0,80000,-3719000,-3639000
2014/10/14,0,1246000,-485000,761000
2014/10/15,0,325000,-1867000,-1542000
2014/10/16,0,568000,-1619000,-1051000
2014/10/17,0,2168000,-2260000,-92000
2014/10/20,0,2049000,-153000,1896000
2014/10/21,0,774000,-298000,476000
2014/10/22,0,1214000,-466000,748000
2014/10/23,0,13000,-288572,-275572
2014/10/24,0,216000,-426000,-210000
2014/10/27,0,78000,-1371000,-1293000
2014/10/28,0,5522000,-639000,4883000
2014/10/29,0,1258000,-521000,737000
2014/10/30,0,304000,-298000,6000
2014/10/31,0,645000,-1037000,-392000
2014/11/03,0,997000,-339000,658000
2014/11/04,0,1718000,-125000,1593000
2014/11/05,0,190000,-310000,-120000
2014/11/06,0,559000,-1115851,-556851
2014/11/07,0,183000,-222000,-39000
2014/11/10,0,1880000,-276000,1604000
2014/11/11,0,735000,-162000,573000
2014/11/12,0,252000,-2562000,-2310000
2014/11/13,0,1008000,-926000,82000
2014/11/14,0,59000,-307000,-248000
2014/11/17,0,206000,-1864000,-1658000
2014/11/18,0,370000,-1200000,-830000
2014/11/19,0,1174000,-827000,347000
2014/11/20,0,1834000,-101000,1733000
2014/11/21,0,181000,-164000,17000
2014/11/24,0,111000,-375000,-264000
2014/11/25,0,9031000,-84000,8947000
2014/11/26,0,150000,-1939000,-1789000
2014/11/27,0,366000,-746000,-380000
2014/11/28,0,226000,-1083000,-857000
2014/12/01,0,391000,-5095000,-4704000
2014/12/02,0,982000,-6787000,-5805000
2014/12/03,0,8055000,-545543,7509457
2014/12/04,0,804000,-7368000,-6564000
2014/12/05,0,2304000,-600514,1703486
2014/12/08,0,1775000,-732000,1043000
2014/12/09,0,267000,-779000,-512000
2014/12/10,0,1102000,-504000,598000
2014/12/11,0,961000,-375000,586000
2014/12/12,0,5568000,-887000,4681000
2014/12/15,0,1869000,-347000,1522000
2014/12/16,0,650000,-1958000,-1308000
2014/12/17,0,837000,-2197000,-1360000
2014/12/18,0,335000,-226000,109000
2014/12/19,0,698000,-1159000,-461000
2014/12/22,0,517000,-75000,442000
2014/12/23,0,342000,-213000,129000
2014/12/24,0,105000,-189000,-84000
2014/12/25,0,1965000,-758000,1207000
2014/12/26,0,356000,-1726000,-1370000
2014/12/29,0,717000,-355000,362000
2014/12/30,0,1167000,-696000,471000
2014/12/31,0,609000,-400000,209000
2015/01/01,0,0,0,0
2015/01/02,0,0,0,0
2015/01/05,0,648000,-456000,192000
2015/01/06,0,513000,-1171000,-658000
2015/01/07,0,812000,-601000,211000
2015/01/08,0,929000,-252000,677000
2015/01/09,0,610000,-684000,-74000
2015/01/12,0,1350000,-312000,1038000
2015/01/13,0,2858000,-1727000,1131000
2015/01/14,0,2322000,-966000,1356000
2015/01/15,0,184000,-2082000,-1898000
2015/01/16,0,607000,-1243000,-636000
2015/01/19,0,234000,-4000,230000
2015/01/20,0,538000,-828000,-290000
2015/01/21,0,615000,-711000,-96000
2015/01/22,0,2264844,-1022000,1242844
2015/01/23,0,6060000,-2260000,3800000
2015/01/26,0,794000,-471000,323000
2015/01/27,0,626000,-1137000,-511000
2015/01/28,0,590000,-175000,415000
2015/01/29,0,490000,-1973000,-1483000
2015/01/30,0,556156,-4565000,-4008844
2015/02/02,0,165000,-507000,-342000
2015/02/03,0,651000,-499000,152000
2015/02/04,0,877000,-929193,-52193
2015/02/05,0,822000,-741193,80807
2015/02/06,0,2278000,-2371000,-93000
2015/02/09,0,1600000,-1798000,-198000
2015/02/10,0,992000,-1994000,-1002000
2015/02/11,0,199000,-2062000,-1863000
2015/02/12,0,627000,-1275000,-648000
2015/02/13,0,1394000,-2127000,-733000
2015/02/16,0,0,0,0
2015/02/17,0,0,0,0
2015/02/18,0,0,0,0
2015/02/19,0,0,0,0
2015/02/20,0,0,0,0
2015/02/23,0,0,0,0
2015/02/24,0,1772000,-1921000,-149000
2015/02/25,0,634000,-1924129,-1290129
2015/02/26,0,605000,-3602221,-2997221
2015/02/27,0,0,0,0
2015/03/02,0,160000,-1947000,-1787000
2015/03/03,0,572000,-1501000,-929000
2015/03/04,0,241000,-593000,-352000
2015/03/05,0,219000,-1077128,-858128
2015/03/06,0,693000,-579000,114000
2015/03/09,0,293000,-832000,-539000
2015/03/10,0,895000,-1359000,-464000
2015/03/11,0,883000,-970000,-87000
2015/03/12,0,204000,-226000,-22000
2015/03/13,0,1008000,-327000,681000
2015/03/16,0,236000,-579000,-343000
2015/03/17,0,99000,-205129,-106129
2015/03/18,0,1277000,-767000,510000
2015/03/19,0,389000,-1167000,-778000
2015/03/20,0,446000,-437000,9000
2015/03/23,0,519000,-496000,23000
2015/03/24,0,42000,-1123000,-1081000
2015/03/25,0,765000,-362000,403000
2015/03/26,0,331000,-725000,-394000
2015/03/27,0,833000,-209000,624000
2015/03/30,0,492000,-571000,-79000
2015/03/31,0,500000,-547000,-47000
2015/04/01,0,630000,-655000,-25000
2015/04/02,0,294000,-683000,-389000
2015/04/03,0,0,0,0
2015/04/06,0,0,0,0
2015/04/07,0,443000,-503000,-60000
2015/04/08,0,203000,-2387800,-2184800
2015/04/09,0,1440000,-1161000,279000
2015/04/10,0,239000,-1269000,-1030000
2015/04/13,0,159000,-3135000,-2976000
2015/04/14,0,805000,-470000,335000
2015/04/15,0,276000,-306000,-30000
2015/04/16,0,776000,-517000,259000
2015/04/17,0,3197000,-729000,2468000
2015/04/20,0,350000,-1587000,-1237000
2015/04/21,0,88000,-630000,-542000
2015/04/22,0,818000,-866197,-48197
2015/04/23,0,12349000,-633000,11716000
2015/04/24,0,14821000,-6945000,7876000
2015/04/27,0,13495000,-4917000,8578000
2015/04/28,0,10360000,-7397000,2963000
2015/04/29,0,8659000,-1860000,6799000
2015/04/30,0,6348000,-3936000,2412000
2015/05/01,0,0,0,0
2015/05/04,0,15103000,-5174000,9929000
2015/05/05,0,2778000,-6845000,-4067000
2015/05/06,0,3274000,-2826000,448000
2015/05/07,0,4035000,-12292000,-8257000
2015/05/08,0,2851000,-4772000,-1921000
2015/05/11,0,2046000,-5672000,-3626000
2015/05/12,0,3971000,-1762000,2209000
2015/05/13,0,1903000,-3028000,-1125000
2015/05/14,0,2058000,-6068000,-4010000
2015/05/15,0,2589000,-6947000,-4358000
2015/05/18,0,2488000,-1148000,1340000
2015/05/19,0,1491000,-3221000,-1730000
2015/05/20,0,2157000,-1088000,1069000
2015/05/21,0,1013000,-5538000,-4525000
2015/05/22,0,1227000,-2252000,-1025000
2015/05/25,0,1330000,-789000,541000
2015/05/26,0,1806000,-1587355,218645
2015/05/27,0,4010000,-4900000,-890000
2015/05/28,0,1376000,-2591000,-1215000
2015/05/29,0,1619000,-1735000,-116000
2015/06/01,0,1002000,-2822000,-1820000
2015/06/02,0,311000,-1744000,-1433000
2015/06/03,0,38000,-2220000,-2182000
2015/06/04,0,1466000,-3067000,-1601000
2015/06/05,0,644000,-1678000,-1034000
2015/06/08,0,1098000,-1241000,-143000
2015/06/09,0,399000,-1227000,-828000
2015/06/10,0,429000,-2009000,-1580000
2015/06/11,0,430000,-1167000,-737000
2015/06/12,0,113000,-646000,-533000
2015/06/15,0,1188000,-354000,834000
2015/06/16,0,687000,-348000,339000
2015/06/17,0,582000,-961000,-379000
2015/06/18,0,642000,-265000,377000
2015/06/19,0,0,0,0
2015/06/22,0,2435000,-626000,1809000
2015/06/23,0,2950000,-623000,2327000
2015/06/24,0,129000,-658000,-529000
2015/06/25,0,1423000,-838000,585000
2015/06/26,0,32000,-925000,-893000
2015/06/29,0,672000,-1792000,-1120000
2015/06/30,0,627000,-1071622,-444622
2015/07/01,0,10324000,-1596000,8728000
2015/07/02,0,27325000,-1448000,25877000
2015/07/03,0,634000,-18642000,-18008000
2015/07/06,0,77000,-3918000,-3841000
2015/07/07,0,95000,-1363000,-1268000
2015/07/08,0,1139000,-6362000,-5223000
2015/07/09,0,2343000,-1700000,643000
2015/07/10,0,0,0,0
2015/07/13,0,725000,-447000,278000
2015/07/14,0,2967000,-1418000,1549000
2015/07/15,0,419000,-2229000,-1810000
2015/07/16,0,378000,-351000,27000
2015/07/17,0,306000,-182000,124000
2015/07/20,0,273000,-858000,-585000
2015/07/21,0,308000,-1632000,-1324000
2015/07/22,0,1133000,-676000,457000
2015/07/23,0,1098000,-1056000,42000
2015/07/24,0,705000,-1165000,-460000
2015/07/27,0,1068000,-1130000,-62000
2015/07/28,0,2087000,-226000,1861000
2015/07/29,0,336000,-1059000,-723000
2015/07/30,0,1700000,-244000,1456000
2015/07/31,0,182000,-841000,-659000
2015/08/03,0,364000,-1589000,-1225000
2015/08/04,0,2613000,-1387000,1226000
2015/08/05,0,858000,-104000,754000
2015/08/06,0,928000,-535000,393000
2015/08/07,0,246000,-83000,163000
2015/08/10,0,359000,-55000,304000
2015/08/11,0,222000,-1067000,-845000
2015/08/12,0,856000,-7046000,-6190000
2015/08/13,0,723000,-167000,556000
2015/08/14,0,658000,-404000,254000
2015/08/17,0,400000,-579000,-179000
2015/08/18,0,482000,-376000,106000
2015/08/19,0,1264000,-1615000,-351000
2015/08/20,0,651000,-252000,399000
2015/08/21,0,647000,-336000,311000
2015/08/24,0,1708000,-2025000,-317000
2015/08/25,0,1670000,-326000,1344000
2015/08/26,0,966000,-400000,566000
2015/08/27,0,219000,-744531,-525531
2015/08/28,0,254000,-831413,-577413
2015/08/31,0,172000,-1179000,-1007000
2015/09/01,0,165000,-1185000,-1020000
2015/09/02,0,167000,-547000,-380000
2015/09/03,0,110000,-819000,-709000
2015/09/04,0,46000,-914000,-868000
2015/09/07,0,80000,-97000,-17000
2015/09/08,0,80000,-31000,49000
2015/09/09,0,894000,-121000,773000
2015/09/10,0,881000,-370000,511000
2015/09/11,0,298000,-368000,-70000
2015/09/14,0,112000,-512000,-400000
2015/09/15,0,618000,-107000,511000
2015/09/16,0,584000,-42000,542000
2015/09/17,0,3547000,-529000,3018000
2015/09/18,0,689000,-1229000,-540000
2015/09/21,0,168000,-1185000,-1017000
2015/09/22,0,623000,-260000,363000
2015/09/23,0,101000,-632000,-531000
2015/09/24,0,511000,-414000,97000
2015/09/25,0,618000,-372000,246000
2015/09/28,0,0,0,0
2015/09/29,0,0,0,0
2015/09/30,0,675000,-540895,134105
2015/10/01,0,998000,-437000,561000
2015/10/02,0,169000,-151000,18000
2015/10/05,0,180000,-251000,-71000
2015/10/06,0,920000,-402000,518000
2015/10/07,0,1191000,-227000,964000
2015/10/08,0,1471000,-832000,639000
2015/10/09,0,0,0,0
2015/10/12,0,2883000,-118000,2765000
2015/10/13,0,642000,-224000,418000
2015/10/14,0,1690000,-163000,1527000
2015/10/15,0,801000,-273000,528000
2015/10/16,0,1496000,-201000,1295000
2015/10/19,0,717000,-1005000,-288000
2015/10/20,0,431000,-320000,111000
2015/10/21,0,291000,-455000,-164000
2015/10/22,0,300000,-61000,239000
2015/10/23,0,214000,-284000,-70000
2015/10/26,0,226000,-805000,-579000
2015/10/27,0,303000,-309000,-6000
2015/10/28,0,324000,-3595000,-3271000
2015/10/29,0,641000,-1170000,-529000
2015/10/30,0,342000,-912000,-570000
2015/11/02,0,211000,-54000,157000
2015/11/03,0,2801000,-411000,2390000
2015/11/04,0,1585000,-1509000,76000
2015/11/05,0,613000,-812000,-199000
2015/11/06,0,445000,-1061000,-616000
2015/11/09,0,729000,-791000,-62000
2015/11/10,0,889000,-1494000,-605000
2015/11/11,0,481000,-654000,-173000
2015/11/12,0,1167000,-343000,824000
2015/11/13,0,834000,-881000,-47000
2015/11/16,0,243000,-535000,-292000
2015/11/17,0,1098000,-486000,612000
2015/11/18,0,258000,-1389000,-1131000
2015/11/19,0,763000,-161000,602000
2015/11/20,0,251000,-541000,-290000
2015/11/23,0,1272000,-122000,1150000
2015/11/24,0,161000,-819000,-658000
2015/11/25,0,26000,-284000,-258000
2015/11/26,0,1063000,-416000,647000
2015/11/27,0,0,-548000,-548000
2015/11/30,0,468000,-1997000,-1529000
2015/12/01,0,1732000,-72000,1660000
2015/12/02,0,321000,-673000,-352000
2015/12/03,0,158000,-60000,98000
2015/12/04,0,213000,-475000,-262000
2015/12/07,0,924000,-125000,799000
2015/12/08,0,326000,-160000,166000
2015/12/09,0,546000,-1812000,-1266000
2015/12/10,0,1215000,-651000,564000
2015/12/11,0,80000,-712000,-632000
2015/12/14,0,231000,-1145000,-914000
2015/12/15,0,189000,-210000,-21000
2015/12/16,0,701000,-225000,476000
2015/12/17,0,533000,-161000,372000
2015/12/18,0,442000,-437000,5000
2015/12/21,0,132000,-711000,-579000
2015/12/22,0,0,-972000,-972000
2015/12/23,0,289000,-80000,209000
2015/12/24,0,898000,-493000,405000
2015/12/25,0,100000,-148000,-48000
2015/12/28,0,190000,-25000,165000
2015/12/29,0,866000,-792000,74000
2015/12/30,0,149000,-284000,-135000
2015/12/31,0,4000,-611000,-607000
2016/01/01,0,0,0,0
2016/01/04,0,152000,-1410000,-1258000
2016/01/05,0,282000,-193000,89000
2016/01/06,0,677000,-331000,346000
2016/01/07,0,1175000,-648722,526278
2016/01/08,0,1137000,-513000,624000
2016/01/11,0,461000,-1838000,-1377000
2016/01/12,0,167000,-165000,2000
2016/01/13,0,189000,-115000,74000
2016/01/14,0,276000,-129000,147000
2016/01/15,0,565000,-961000,-396000
2016/01/18,0,523000,-594000,-71000
2016/01/19,0,226000,-28000,198000
2016/01/20,0,692000,-1810757,-1118757
2016/01/21,0,388000,-1466000,-1078000
2016/01/22,0,286000,-198000,88000
2016/01/25,0,957000,-225000,732000
2016/01/26,0,4185000,-846000,3339000
2016/01/27,0,60000,-2435000,-2375000
2016/01/28,0,537000,-189000,348000
2016/01/29,0,3913000,-275000,3638000
2016/02/01,0,2000,-270000,-268000
2016/02/02,0,791000,-1402000,-611000
2016/02/03,0,235000,-3310230,-3075230
2016/02/04,0,0,0,0
2016/02/05,0,0,0,0
2016/02/08,0,0,0,0
2016/02/09,0,0,0,0
2016/02/10,0,0,0,0
2016/02/11,0,0,0,0
2016/02/12,0,0,0,0
2016/02/15,0,856000,-520000,336000
2016/02/16,0,2497000,-195000,2302000
2016/02/17,0,909000,-2383000,-1474000
2016/02/18,0,388000,-428000,-40000
2016/02/19,0,171000,-233000,-62000
2016/02/22,0,28000,-865000,-837000
2016/02/23,0,130000,-60000,70000
2016/02/24,0,0,-120000,-120000
2016/02/25,0,100000,-361000,-261000
2016/02/26,0,78000,-667000,-589000
2016/02/29,0,0,0,0
2016/03/01,0,351000,-507000,-156000
2016/03/02,0,677000,-579000,98000
2016/03/03,0,976000,-979000,-3000
2016/03/04,0,1081000,-534000,547000
2016/03/07,0,260000,-1919000,-1659000
2016/03/08,0,89000,-409000,-320000
2016/03/09,0,487000,-100000,387000
2016/03/10,0,229000,-90000,139000
2016/03/11,0,438000,-132000,306000
2016/03/14,0,2939000,-209000,2730000
2016/03/15,0,1000,-3378000,-3377000
2016/03/16,0,142000,-133000,9000
2016/03/17,0,3056000,-964000,2092000
2016/03/18,0,800000,-2617000,-1817000
2016/03/21,0,941000,-408000,533000
2016/03/22,0,416000,-615000,-199000
2016/03/23,0,232000,-239000,-7000
2016/03/24,0,1612000,-714000,898000
2016/03/25,0,127000,-398000,-271000
2016/03/28,0,71000,-43000,28000
2016/03/29,0,175000,-2526000,-2351000
2016/03/30,0,4314000,-1200000,3114000
2016/03/31,0,467000,-2070385,-1603385
2016/04/01,0,359000,-437000,-78000
2016/04/04,0,0,0,0
2016/04/05,0,0,0,0
2016/04/06,0,214000,-2030000,-1816000
2016/04/07,0,386000,-2376000,-1990000
2016/04/08,0,217000,-251000,-34000
2016/04/11,0,137000,-92000,45000
2016/04/12,0,0,-1108000,-1108000
2016/04/13,0,289000,0,289000
2016/04/14,0,607000,-46000,561000
2016/04/15,0,1546000,-192000,1354000
2016/04/18,0,68000,-600000,-532000
2016/04/19,0,119000,-68000,51000
2016/04/20,0,286000,-738000,-452000
2016/04/21,0,232000,-126000,106000
2016/04/22,0,324000,-26000,298000
2016/04/25,0,74000,-26000,48000
2016/04/26,0,1089000,-82000,1007000
2016/04/27,0,112000,-970000,-858000
2016/04/28,0,189000,-768000,-579000
2016/04/29,0,1375000,-42000,1333000
2016/05/02,0,0,0,0
2016/05/03,0,792000,-418000,374000
2016/05/04,0,1192000,-491000,701000
2016/05/05,0,1269000,-153000,1116000
2016/05/06,0,876000,-582000,294000
2016/05/09,0,700000,-531000,169000
2016/05/10,0,727000,-350000,377000
2016/05/11,0,336000,-1024000,-688000
2016/05/12,0,541000,-133000,408000
2016/05/13,0,1577000,-529000,1048000
2016/05/16,0,663000,-172000,491000
2016/05/17,0,517000,-348000,169000
2016/05/18,0,243000,-335000,-92000
2016/05/19,0,130000,-100000,30000
2016/05/20,0,207000,-222000,-15000
2016/05/23,0,1394000,-284000,1110000
2016/05/24,0,835000,-766000,69000
2016/05/25,0,1768000,-182000,1586000
2016/05/26,0,2269000,-456000,1813000
2016/05/27,0,1876000,-124000,1752000
2016/05/30,0,4320000,-123000,4197000
2016/05/31,0,1328000,-584000,744000
2016/06/01,0,5417000,-222000,5195000
2016/06/02,0,16410000,-472000,15938000
2016/06/03,0,67000,-13792000,-13725000
2016/06/06,0,70000,-1359000,-1289000
2016/06/07,0,226000,-989000,-763000
2016/06/08,0,40000,-2039000,-1999000
2016/06/09,0,0,0,0
2016/06/10,0,0,0,0
2016/06/13,0,72000,-2142000,-2070000
2016/06/14,0,156000,-155000,1000
2016/06/15,0,230000,-725000,-495000
2016/06/16,0,10000,-3221000,-3211000
2016/06/17,0,435000,-544000,-109000
2016/06/20,0,167000,-1359000,-1192000
2016/06/21,0,512000,-1754000,-1242000
2016/06/22,0,60000,-1983000,-1923000
2016/06/23,0,280000,-962000,-682000
2016/06/24,0,139000,-944000,-805000
2016/06/27,0,164000,-840000,-676000
2016/06/28,0,399000,-999000,-600000
2016/06/29,0,180000,-1372000,-1192000
2016/06/30,0,40000,-500000,-460000
2016/07/01,0,39000,-547000,-508000
2016/07/04,0,317000,-582000,-265000
2016/07/05,0,244000,-271000,-27000
2016/07/06,0,271000,-598000,-327000
2016/07/07,0,262000,-281000,-19000
2016/07/08,0,0,0,0
2016/07/11,0,776000,-624000,152000
2016/07/12,0,134000,-759000,-625000
2016/07/13,0,40000,-833000,-793000
2016/07/14,0,587000,-138000,449000
2016/07/15,0,310000,-1178000,-868000
2016/07/18,0,282000,-1829000,-1547000
2016/07/19,0,309000,-1050000,-741000
2016/07/20,0,97000,-568000,-471000
2016/07/21,0,1364000,-308000,1056000
2016/07/22,0,112000,-1091000,-979000
2016/07/25,0,260000,-454000,-194000
2016/07/26,0,287000,-678000,-391000
2016/07/27,0,119000,-377000,-258000
2016/07/28,0,544000,-611000,-67000
2016/07/29,0,278000,-249000,29000
2016/08/01,0,70000,-348000,-278000
2016/08/02,0,4000,-545000,-541000
2016/08/03,0,4000,-327000,-323000
2016/08/04,0,30000,-603000,-573000
2016/08/05,0,60000,-309000,-249000
2016/08/08,0,202000,-276000,-74000
2016/08/09,0,283000,-116000,167000
2016/08/10,0,604000,-528000,76000
2016/08/11,0,264000,-789000,-525000
2016/08/12,0,347000,-1054000,-707000
2016/08/15,0,19000,-568000,-549000
2016/08/16,0,72000,-435000,-363000
2016/08/17,0,15000,-752000,-737000
2016/08/18,0,34000,-343000,-309000
2016/08/19,0,52000,-143000,-91000
2016/08/22,0,95000,-69000,26000
2016/08/23,0,363000,-96000,267000
2016/08/24,0,1000,-278000,-277000
2016/08/25,0,150000,-140000,10000
2016/08/26,0,66000,-418000,-352000
2016/08/29,0,75000,-445000,-370000
2016/08/30,0,100000,-405000,-305000
2016/08/31,0,351000,-496000,-145000
2016/09/01,0,52000,-311000,-259000
2016/09/02,0,8000,-43000,-35000
2016/09/05,0,144000,-11000,133000
2016/09/06,0,845000,-268000,577000
2016/09/07,0,3345000,-592000,2753000
2016/09/08,0,333000,-714000,-381000
2016/09/09,0,107000,-1473000,-1366000
2016/09/12,0,113000,-742000,-629000
2016/09/13,0,511000,-413000,98000
2016/09/14,0,1000,-86000,-85000
2016/09/15,0,0,0,0
2016/09/16,0,0,0,0
2016/09/19,0,1639000,-17000,1622000
2016/09/20,0,182000,-41000,141000
2016/09/21,0,420000,-390000,30000
2016/09/22,0,50000,-114000,-64000
2016/09/23,0,250000,-986000,-736000
2016/09/26,0,75000,-1014000,-939000
2016/09/27,0,0,0,0
2016/09/28,0,0,0,0
2016/09/29,0,296000,-127000,169000
2016/09/30,0,614000,-338000,276000
2016/10/03,0,364000,-352000,12000
2016/10/04,0,76000,-281000,-205000
2016/10/05,0,20000,-449000,-429000
2016/10/06,0,58000,-56000,2000
2016/10/07,0,254000,-104000,150000
2016/10/10,0,0,0,0
2016/10/11,0,382000,-157000,225000
2016/10/12,0,280000,0,280000
2016/10/13,0,569000,-69000,500000
2016/10/14,0,200000,-181000,19000
2016/10/17,0,190000,-310000,-120000
2016/10/18,0,174000,-45000,129000
2016/10/19,0,398000,-245000,153000
2016/10/20,0,147000,-44000,103000
2016/10/21,0,181000,-57000,124000
2016/10/24,0,110000,-60000,50000
2016/10/25,0,74000,-21000,53000
2016/10/26,0,496000,-63000,433000
2016/10/27,0,465000,-54000,411000
2016/10/28,0,206000,-567000,-361000
2016/10/31,0,217000,-255000,-38000
2016/11/01,0,108000,-131000,-23000
2016/11/02,0,271000,-50000,221000
2016/11/03,0,176000,0,176000
2016/11/04,0,105000,-20000,85000
2016/11/07,0,288000,0,288000
2016/11/08,0,20000,-142000,-122000
2016/11/09,0,1074000,-925000,149000
2016/11/10,0,752000,-138000,614000
2016/11/11,0,918000,-108000,810000
2016/11/14,0,689000,-136000,553000
2016/11/15,0,403000,-349000,54000
2016/11/16,0,387000,-143000,244000
2016/11/17,0,210000,-561000,-351000
2016/11/18,0,0,-3000,-3000
2016/11/21,0,197000,-504000,-307000
2016/11/22,0,161000,-121000,40000
2016/11/23,0,712000,-212000,500000
2016/11/24,0,1772000,-542000,1230000
2016/11/25,0,90000,-775000,-685000
2016/11/28,0,72000,-249888,-177888
2016/11/29,0,107000,-141000,-34000
2016/11/30,0,55000,-92000,-37000
2016/12/01,0,0,-104000,-104000
2016/12/02,0,115000,-88000,27000
2016/12/05,0,200000,-113000,87000
2016/12/06,0,109000,-173000,-64000
2016/12/07,0,1000,-76000,-75000
2016/12/08,0,524000,-80000,444000
2016/12/09,0,255000,-160000,95000
2016/12/12,0,183000,-257000,-74000
2016/12/13,0,335000,-354000,-19000
2016/12/14,0,0,-70000,-70000
2016/12/15,0,868000,-144000,724000
2016/12/16,0,267000,-430000,-163000
2016/12/19,0,80000,-332000,-252000
2016/12/20,0,121000,-12000,109000
2016/12/21,0,219000,-371000,-152000
2016/12/22,0,198000,-32000,166000
2016/12/23,0,319000,-64000,255000
2016/12/26,0,200000,-20000,180000
2016/12/27,0,180000,-10000,170000
2016/12/28,0,204000,-20000,184000
2016/12/29,0,165000,-48000,117000
2016/12/30,0,100000,-80000,20000
2017/01/02,0,0,0,0
2017/01/03,0,0,-101000,-101000
2017/01/04,0,155000,-204000,-49000
2017/01/05,0,20000,0,20000
2017/01/06,0,48000,-657000,-609000
2017/01/09,0,0,-63000,-63000
2017/01/10,0,100000,-224000,-124000
2017/01/11,0,83000,-140000,-57000
2017/01/12,0,274000,-175000,99000
2017/01/13,0,0,-143000,-143000
2017/01/16,0,0,-334000,-334000
2017/01/17,0,100000,-55000,45000
2017/01/18,0,3000,-474000,-471000
2017/01/19,0,0,-284000,-284000
2017/01/20,0,0,0,0
2017/01/23,0,23000,-24000,-1000
2017/01/24,0,0,-41000,-41000
2017/01/25,0,0,0,0
2017/01/26,0,0,0,0
2017/01/27,0,0,0,0
2017/01/30,0,0,0,0
2017/01/31,0,0,0,0
2017/02/01,0,0,0,0
2017/02/02,0,42000,-54000,-12000
2017/02/03,0,10000,-106000,-96000
2017/02/06,0,89000,-115000,-26000
2017/02/07,0,223000,-63000,160000
2017/02/08,0,20000,-290000,-270000
2017/02/09,0,173000,-145000,28000
2017/02/10,0,3617000,-105000,3512000
2017/02/13,0,213000,-274000,-61000
2017/02/14,0,159000,-423000,-264000
2017/02/15,0,1161000,-166000,995000
2017/02/16,0,2298000,-1105000,1193000
2017/02/17,0,45000,-455000,-410000
2017/02/20,0,152000,-751000,-599000
2017/02/21,0,5000,-7000,-2000
2017/02/22,0,12000,-270000,-258000
2017/02/23,0,103000,-354000,-251000
2017/02/24,0,2124000,-105000,2019000
2017/02/27,0,0,0,0
2017/02/28,0,0,0,0
2017/03/01,0,122000,-289000,-167000
2017/03/02,0,342000,-352000,-10000
2017/03/03,0,643000,-230000,413000
2017/03/06,0,211000,-313000,-102000
2017/03/07,0,132000,-50000,82000
2017/03/08,0,67000,-153000,-86000
2017/03/09,0,128000,-184000,-56000
2017/03/10,0,504000,-101000,403000
2017/03/13,0,1010000,-155000,855000
2017/03/14,0,144000,-405000,-261000
2017/03/15,0,675000,-276000,399000
2017/03/16,0,3111000,-195000,2916000
2017/03/17,0,2109000,-2201000,-92000
2017/03/20,0,487000,-732000,-245000
2017/03/21,0,767000,-768000,-1000
2017/03/22,0,52000,-560000,-508000
2017/03/23,0,600000,-303000,297000
2017/03/24,0,958000,-68000,890000
2017/03/27,0,347000,-517000,-170000
2017/03/28,0,2390000,-774000,1616000
2017/03/29,0,1358000,-375000,983000
2017/03/30,0,180000,-537000,-357000
2017/03/31,0,75000,-144000,-69000
2017/04/03,0,0,0,0
2017/04/04,0,0,0,0
2017/04/05,0,229000,-785000,-556000
2017/04/06,0,409000,-410000,-1000
2017/04/07,0,311000,-965000,-654000
2017/04/10,0,660000,-160000,500000
2017/04/11,0,167000,-1122000,-955000
2017/04/12,0,208000,-1168000,-960000
2017/04/13,0,60000,-191000,-131000
2017/04/14,0,1121000,-518000,603000
2017/04/17,0,631000,-142000,489000
2017/04/18,0,153000,-175000,-22000
2017/04/19,0,214000,-1094000,-880000
2017/04/20,0,1297000,-354000,943000
2017/04/21,0,726000,-160000,566000
2017/04/24,0,64000,-240000,-176000
2017/04/25,0,4632000,-350000,4282000
2017/04/26,0,59000,-2313000,-2254000
2017/04/27,0,0,-2595000,-2595000
2017/04/28,0,25000,-807000,-782000
2017/05/01,0,0,0,0
2017/05/02,0,216000,-757000,-541000
2017/05/03,0,377000,-80000,297000
2017/05/04,0,104000,-3343000,-3239000
2017/05/05,0,110000,-1231000,-1121000
2017/05/08,0,567000,-122000,445000
2017/05/09,0,842000,-1264456,-422456
2017/05/10,0,12000,-125000,-113000
2017/05/11,0,77000,-105000,-28000
2017/05/12,0,68000,-905000,-837000
2017/05/15,0,1429000,-40000,1389000
2017/05/16,0,308000,-1561000,-1253000
2017/05/17,0,438000,-1836000,-1398000
2017/05/18,0,231000,-343000,-112000
2017/05/19,0,631000,-749000,-118000
2017/05/22,0,1699000,-379000,1320000
2017/05/23,0,760000,-401000,359000
2017/05/24,0,0,-386000,-386000
2017/05/25,0,433000,-209000,224000
2017/05/26,0,201000,-648000,-447000
2017/05/29,0,0,0,0
2017/05/30,0,0,0,0
2017/05/31,0,2604000,-489000,2115000
2017/06/01,0,40000,-360000,-320000
2017/06/02,0,2140000,-313000,1827000
2017/06/05,0,2369000,-243000,2126000
2017/06/06,0,1331000,-321000,1010000
2017/06/07,0,65000,-295000,-230000
2017/06/08,0,0,-190000,-190000
2017/06/09,0,1064000,-365000,699000
2017/06/12,0,37000,-506000,-469000
2017/06/13,0,0,-515000,-515000
2017/06/14,0,0,-308000,-308000
2017/06/15,0,3000,-204000,-201000
2017/06/16,0,0,-100000,-100000
2017/06/19,0,1120000,-514000,606000
2017/06/20,0,620000,-1005000,-385000
2017/06/21,0,409000,-785000,-376000
2017/06/22,0,170000,-183000,-13000
2017/06/23,0,197000,-237000,-40000
2017/06/26,0,2345000,-598000,1747000
2017/06/27,0,3399000,-1140000,2259000
2017/06/28,0,2167000,-506000,1661000
2017/06/29,0,6040000,-329870,5710130
2017/06/30,0,1293000,-3115000,-1822000
2017/07/03,0,2609000,-1022000,1587000
2017/07/04,0,22222000,-500000,21722000
2017/07/05,0,2313000,-14856000,-12543000
2017/07/06,0,202000,-3288000,-3086000
2017/07/07,0,29000,-1169000,-1140000
2017/07/10,0,2862000,-2165000,697000
2017/07/11,0,307000,-1575000,-1268000
2017/07/12,0,151000,-1014000,-863000
2017/07/13,0,377000,-146000,231000
2017/07/14,0,1078000,-389000,689000
2017/07/17,0,1384000,-716000,668000
2017/07/18,0,1785000,-1043000,742000
2017/07/19,0,5017000,-4696000,321000
2017/07/20,0,706000,-3492000,-2786000
2017/07/21,0,705000,-855000,-150000
2017/07/24,0,2249000,-1841000,408000
2017/07/25,0,1188000,-1359000,-171000
2017/07/26,0,545000,-2260000,-1715000
2017/07/27,0,445000,-3346000,-2901000
2017/07/28,0,267000,-1437000,-1170000
2017/07/31,0,365000,-878000,-513000
2017/08/01,0,2976000,-530000,2446000
2017/08/02,0,1607000,-3023000,-1416000
2017/08/03,0,227000,-2634000,-2407000
2017/08/04,0,225000,-295000,-70000
2017/08/07,0,793000,-2036000,-1243000
2017/08/08,0,1323000,-2103000,-780000
2017/08/09,0,847000,-1989000,-1142000
2017/08/10,0,1075000,-709000,366000
2017/08/11,0,1142000,-442001,699999
2017/08/14,0,419000,-803000,-384000
2017/08/15,0,330000,-160000,170000
2017/08/16,0,1953000,-1214000,739000
2017/08/17,0,924000,-1681000,-757000
2017/08/18,0,380000,-998000,-618000
