Date,Open,Buy,Sell,Total
2007/01/02,0,6744000,-402000,6342000
2007/01/03,0,5517000,-2530000,2987000
2007/01/04,0,937000,-581840,355160
2007/01/05,0,3438000,-5738000,-2300000
2007/01/08,0,215000,-5017663,-4802663
2007/01/09,0,2818000,-856000,1962000
2007/01/10,0,704000,-11923000,-11219000
2007/01/11,0,1338000,-3549000,-2211000
2007/01/12,0,2037000,-3192000,-1155000
2007/01/15,0,814000,-4024000,-3210000
2007/01/16,0,5068000,-1760000,3308000
2007/01/17,0,5351000,-3479000,1872000
2007/01/18,0,2027000,-8008000,-5981000
2007/01/19,0,4729000,-9877640,-5148640
2007/01/22,0,7750000,-3650000,4100000
2007/01/23,0,423000,-381000,42000
2007/01/24,0,14763000,-60000,14703000
2007/01/25,0,4865000,-891000,3974000
2007/01/26,0,1427000,-3769857,-2342857
2007/01/29,0,42000,-4005580,-3963580
2007/01/30,0,3511000,-3292385,218615
2007/01/31,0,5295000,-8314400,-3019400
2007/02/01,0,4426000,-2204842,2221158
2007/02/02,0,6940000,-609000,6331000
2007/02/05,0,5778000,-3374000,2404000
2007/02/06,0,6448000,-773000,5675000
2007/02/07,0,889000,-1878000,-989000
2007/02/08,0,5893000,-5340110,552890
2007/02/09,0,7233000,-1404000,5829000
2007/02/12,0,5376000,-3118000,2258000
2007/02/13,0,3762000,-5118000,-1356000
2007/02/14,0,9774000,-8583793,1190207
2007/02/15,0,0,0,0
2007/02/16,0,0,0,0
2007/02/19,0,0,0,0
2007/02/20,0,0,0,0
2007/02/21,0,0,0,0
2007/02/22,0,0,0,0
2007/02/23,0,0,0,0
2007/02/26,0,16152000,-9241800,6910200
2007/02/27,0,6603000,-9208916,-2605916
2007/02/28,0,0,0,0
2007/03/01,0,3623000,-23043000,-19420000
2007/03/02,0,3595000,-6026000,-2431000
2007/03/05,0,3580000,-19870951,-16290951
2007/03/06,0,3208000,-15012260,-11804260
2007/03/07,0,6923000,-19834704,-12911704
2007/03/08,0,7785000,-4832887,2952113
2007/03/09,0,932000,-5884000,-4952000
2007/03/12,0,1150000,-953000,197000
2007/03/13,0,981000,-4133000,-3152000
2007/03/14,0,4508000,-12010000,-7502000
2007/03/15,0,3749000,-627094,3121906
2007/03/16,0,5044000,-2210000,2834000
2007/03/19,0,354000,-4596849,-4242849
2007/03/20,0,796000,-7434470,-6638470
2007/03/21,0,658000,-1156000,-498000
2007/03/22,0,8351000,-9621000,-1270000
2007/03/23,0,5703000,-357000,5346000
2007/03/26,0,2829000,-843000,1986000
2007/03/27,0,7541000,-4470500,3070500
2007/03/28,0,16987610,-11723000,5264610
2007/03/29,0,102850790,-107780900,-4930110
2007/03/30,0,36438340,-27031340,9407000
2007/04/02,0,6767100,-4005787,2761313
2007/04/03,0,4347000,-1527000,2820000
2007/04/04,0,16918000,0,16918000
2007/04/05,0,0,0,0
2007/04/06,0,0,0,0
2007/04/09,0,7648000,-820150,6827850
2007/04/10,0,4434000,-165000,4269000
2007/04/11,0,8552000,-5323000,3229000
2007/04/12,0,4804000,-40000,4764000
2007/04/13,0,2384000,-1270000,1114000
2007/04/16,0,3704000,-482000,3222000
2007/04/17,0,3722000,-5785996,-2063996
2007/04/18,0,2109000,-299000,1810000
2007/04/19,0,2923000,-12777000,-9854000
2007/04/20,0,3269000,-1840000,1429000
2007/04/23,0,3288000,-400000,2888000
2007/04/24,0,2368000,-353000,2015000
2007/04/25,0,545000,-1333000,-788000
2007/04/26,0,1734000,-2167000,-433000
2007/04/27,0,6356000,-4862000,1494000
2007/04/30,0,5948300,-9554433,-3606133
2007/05/01,0,0,0,0
2007/05/02,0,2987000,-3230869,-243869
2007/05/03,0,5286000,-3139000,2147000
2007/05/04,0,7968000,-1290000,6678000
2007/05/07,0,2940000,-136096,2803904
2007/05/08,0,3213000,-6217000,-3004000
2007/05/09,0,2090000,-31000,2059000
2007/05/10,0,5177000,-1024000,4153000
2007/05/11,0,520000,-4773042,-4253042
2007/05/14,0,8608000,-592000,8016000
2007/05/15,0,2868000,-648000,2220000
2007/05/16,0,1594000,-1321000,273000
2007/05/17,0,2371000,-610000,1761000
2007/05/18,0,658000,-2792000,-2134000
2007/05/21,0,2862000,-600000,2262000
2007/05/22,0,1136000,-1343000,-207000
2007/05/23,0,4014000,-1608000,2406000
2007/05/24,0,2693000,-1284000,1409000
2007/05/25,0,44000,-4905000,-4861000
2007/05/28,0,854000,-1604000,-750000
2007/05/29,0,2241000,-1181000,1060000
2007/05/30,0,3750000,-7045000,-3295000
2007/05/31,0,7000000,-15755434,-8755434
2007/06/01,0,3781000,-136711,3644289
2007/06/04,0,693000,-807000,-114000
2007/06/05,0,3289000,-6320000,-3031000
2007/06/06,0,2746000,-8538000,-5792000
2007/06/07,0,3244000,-549000,2695000
2007/06/08,0,1272000,-5458000,-4186000
2007/06/11,0,803000,-1161000,-358000
2007/06/12,0,2858000,-2136000,722000
2007/06/13,0,6951000,-1751000,5200000
2007/06/14,0,2807000,-757000,2050000
2007/06/15,0,7337000,-571000,6766000
2007/06/18,0,0,0,0
2007/06/19,0,0,0,0
2007/06/20,0,20288000,-5334000,14954000
2007/06/21,0,23092000,-5159000,17933000
2007/06/22,0,3897000,-731000,3166000
2007/06/25,0,5173000,-1970000,3203000
2007/06/26,0,7575680,-2135000,5440680
2007/06/27,0,4856000,-1161000,3695000
2007/06/28,0,7055000,-4724000,2331000
2007/06/29,0,9140000,-10059433,-919433
2007/07/02,0,2033000,-2321000,-288000
2007/07/03,0,2267000,-220000,2047000
2007/07/04,0,3659000,-83000,3576000
2007/07/05,0,797000,-305000,492000
2007/07/06,0,6308000,-7854000,-1546000
2007/07/09,0,4915000,-1326331,3588669
2007/07/10,0,4812000,-9484417,-4672417
2007/07/11,0,3317000,-3003737,313263
2007/07/12,0,6214000,-2630530,3583470
2007/07/13,0,7230000,-1823000,5407000
2007/07/16,0,3989000,-15183210,-11194210
2007/07/17,0,7760000,-3389000,4371000
2007/07/18,0,27863000,-19564000,8299000
2007/07/19,0,11644000,-20975000,-9331000
2007/07/20,0,7317000,-1252000,6065000
2007/07/23,0,4148000,-8784100,-4636100
2007/07/24,0,33115000,-6398300,26716700
2007/07/25,0,10480000,-4979000,5501000
2007/07/26,0,30293000,-8082000,22211000
2007/07/27,0,4854000,-41279000,-36425000
2007/07/30,0,11532000,-25684000,-14152000
2007/07/31,0,11635000,-33307000,-21672000
2007/08/01,0,1539000,-50239677,-48700677
2007/08/02,0,13242000,-11773000,1469000
2007/08/03,0,2335000,-5847000,-3512000
2007/08/06,0,4628000,-4356000,272000
2007/08/07,0,217000,-2455000,-2238000
2007/08/08,0,5016000,-4679800,336200
2007/08/09,0,12392000,-12863000,-471000
2007/08/10,0,1896000,-11836000,-9940000
2007/08/13,0,3540000,-1180000,2360000
2007/08/14,0,20087000,-1636000,18451000
2007/08/15,0,7674000,-7319000,355000
2007/08/16,0,4749000,-11740000,-6991000
2007/08/17,0,5830000,-14006000,-8176000
2007/08/20,0,12918000,-2192000,10726000
2007/08/21,0,4491000,-1320000,3171000
2007/08/22,0,6500660,-1748826,4751834
2007/08/23,0,20078000,-859000,19219000
2007/08/24,0,4352000,-1593810,2758190
2007/08/27,0,3058000,-8395000,-5337000
2007/08/28,0,9659000,-6199000,3460000
2007/08/29,0,6407000,-4141000,2266000
2007/08/30,0,7205000,-1694000,5511000
2007/08/31,0,16012000,-14285000,1727000
2007/09/03,0,1545000,-12820975,-11275975
2007/09/04,0,1565000,-752000,813000
2007/09/05,0,1860000,-2423057,-563057
2007/09/06,0,14292000,-2991000,11301000
2007/09/07,0,8069000,-1293197,6775803
2007/09/10,0,2327000,-12542000,-10215000
2007/09/11,0,300000,-9882000,-9582000
2007/09/12,0,1783000,-5451756,-3668756
2007/09/13,0,5102000,-2099000,3003000
2007/09/14,0,11565000,-2714000,8851000
2007/09/17,0,95000,-5388000,-5293000
2007/09/18,0,0,0,0
2007/09/19,0,24806000,-1011000,23795000
2007/09/20,0,15281000,-2000,15279000
2007/09/21,0,5837000,-1155000,4682000
2007/09/24,0,0,0,0
2007/09/25,0,0,0,0
2007/09/26,0,7133000,-184000,6949000
2007/09/27,0,14691340,-1630000,13061340
2007/09/28,0,7767000,-2078000,5689000
2007/10/01,0,3346000,-153000,3193000
2007/10/02,0,8342000,-156000,8186000
2007/10/03,0,9252310,-1172893,8079417
2007/10/04,0,9175000,-674000,8501000
2007/10/05,0,3558000,-1000,3557000
2007/10/08,0,3713000,-518000,3195000
2007/10/09,0,2463000,-2166000,297000
2007/10/10,0,0,0,0
2007/10/11,0,11865000,-2780000,9085000
2007/10/12,0,2609000,-8865000,-6256000
2007/10/15,0,5167000,-1946000,3221000
2007/10/16,0,1339000,-2590000,-1251000
2007/10/17,0,7122721,-5972721,1150000
2007/10/18,0,2153000,-4958000,-2805000
2007/10/19,0,2535000,-729000,1806000
2007/10/22,0,2929000,-17987000,-15058000
2007/10/23,0,3466881,-1133803,2333078
2007/10/24,0,1730000,-1941000,-211000
2007/10/25,0,7548890,-36000,7512890
2007/10/26,0,6368000,-4645000,1723000
2007/10/29,0,15707000,-2000000,13707000
2007/10/30,0,3540000,-2997000,543000
2007/10/31,0,8003000,-6380000,1623000
2007/11/01,0,7301000,-1267000,6034000
2007/11/02,0,3385000,-6307000,-2922000
2007/11/05,0,2993000,-10974000,-7981000
2007/11/06,0,325000,-4196000,-3871000
2007/11/07,0,977000,-4469000,-3492000
2007/11/08,0,2439000,-10422000,-7983000
2007/11/09,0,2828000,-1811000,1017000
2007/11/12,0,630000,-15165000,-14535000
2007/11/13,0,3576000,-8297000,-4721000
2007/11/14,0,8065000,-6292000,1773000
2007/11/15,0,890000,-3326590,-2436590
2007/11/16,0,2673000,-8460390,-5787390
2007/11/19,0,1842000,-3252000,-1410000
2007/11/20,0,10916000,-6742000,4174000
2007/11/21,0,7150000,-19407566,-12257566
2007/11/22,0,4580000,-5002930,-422930
2007/11/23,0,3571000,-15859900,-12288900
2007/11/26,0,10013000,-6965000,3048000
2007/11/27,0,6384000,-11385000,-5001000
2007/11/28,0,2733071,-7710208,-4977137
2007/11/29,0,8761888,-4368296,4393592
2007/11/30,0,15966000,-17578781,-1612781
2007/12/03,0,1709050,-8132000,-6422950
2007/12/04,0,1073000,-9104000,-8031000
2007/12/05,0,2468000,-8902000,-6434000
2007/12/06,0,15327000,-3169460,12157540
2007/12/07,0,6741000,-3770763,2970237
2007/12/10,0,2377000,-3205000,-828000
2007/12/11,0,3520000,-1853000,1667000
2007/12/12,0,3186000,-6482000,-3296000
2007/12/13,0,1298000,-10043990,-8745990
2007/12/14,0,5406000,-12193408,-6787408
2007/12/17,0,4847000,-1488000,3359000
2007/12/18,0,7031000,-4002756,3028244
2007/12/19,0,2931000,-8451040,-5520040
2007/12/20,0,1651000,-4348001,-2697001
2007/12/21,0,8478000,-4913000,3565000
2007/12/24,0,1164000,-1325000,-161000
2007/12/25,0,462000,-811000,-349000
2007/12/26,0,1732620,-1114000,618620
2007/12/27,0,5423000,-1869000,3554000
2007/12/28,0,7522000,-6314000,1208000
2007/12/31,0,1907000,-1904000,3000
2008/01/01,0,0,0,0
2008/01/02,0,2530000,-7826440,-5296440
2008/01/03,0,4089000,-7458000,-3369000
2008/01/04,0,5855040,-5830040,25000
2008/01/07,0,2826000,-4821628,-1995628
2008/01/08,0,3494000,-3881000,-387000
2008/01/09,0,7899000,-1438000,6461000
2008/01/10,0,5264000,-6537370,-1273370
2008/01/11,0,10429350,-2955000,7474350
2008/01/14,0,20701420,-2151772,18549648
2008/01/15,0,34872000,-3456742,31415258
2008/01/16,0,17169000,-13478360,3690640
2008/01/17,0,21945000,-6589900,15355100
2008/01/18,0,18817196,-18499500,317696
2008/01/21,0,16096000,-10761000,5335000
2008/01/22,0,3205000,-8380600,-5175600
2008/01/23,0,8015000,-5478000,2537000
2008/01/24,0,6710000,-5272920,1437080
2008/01/25,0,1439000,-1870000,-431000
2008/01/28,0,1226000,-6443000,-5217000
2008/01/29,0,3570000,-1835100,1734900
2008/01/30,0,7326048,-12749650,-5423602
2008/01/31,0,11983000,-2227000,9756000
2008/02/01,0,3879000,-2668711,1210289
2008/02/04,0,0,0,0
2008/02/05,0,0,0,0
2008/02/06,0,0,0,0
2008/02/07,0,0,0,0
2008/02/08,0,0,0,0
2008/02/11,0,0,0,0
2008/02/12,0,4260000,-7875819,-3615819
2008/02/13,0,3777000,-4626017,-849017
2008/02/14,0,18928000,-179000,18749000
2008/02/15,0,7836000,-1191000,6645000
2008/02/18,0,4730000,-3020000,1710000
2008/02/19,0,8915000,-1473000,7442000
2008/02/20,0,1346000,-8498000,-7152000
2008/02/21,0,6486000,-602752,5883248
2008/02/22,0,1403000,-2925000,-1522000
2008/02/25,0,21723000,-4643090,17079910
2008/02/26,0,11955000,-1739000,10216000
2008/02/27,0,23831000,-13948000,9883000
2008/02/28,0,0,0,0
2008/02/29,0,11896271,-12409065,-512794
2008/03/03,0,5132000,-6792000,-1660000
2008/03/04,0,25177000,-7783000,17394000
2008/03/05,0,9772000,-7178000,2594000
2008/03/06,0,16642000,-14226000,2416000
2008/03/07,0,9521000,-6043000,3478000
2008/03/10,0,13050000,-11624000,1426000
2008/03/11,0,14772000,-7104450,7667550
2008/03/12,0,15931105,-3651488,12279617
2008/03/13,0,10250000,-11640690,-1390690
2008/03/14,0,4318000,-8689000,-4371000
2008/03/17,0,7240000,-18285000,-11045000
2008/03/18,0,8814000,-7614036,1199964
2008/03/19,0,8212000,-1877000,6335000
2008/03/20,0,18392000,-5773000,12619000
2008/03/21,0,23211000,-863000,22348000
2008/03/24,0,35854000,-6113151,29740849
2008/03/25,0,21174000,-690000,20484000
2008/03/26,0,12513000,-4984000,7529000
2008/03/27,0,2137000,-6366000,-4229000
2008/03/28,0,23550000,-11186000,12364000
2008/03/31,0,16452905,-16358000,94905
2008/04/01,0,12666952,-8337000,4329952
2008/04/02,0,17423000,-2198000,15225000
2008/04/03,0,10506380,-7087000,3419380
2008/04/04,0,0,0,0
2008/04/07,0,13433000,-1341000,12092000
2008/04/08,0,3234000,-9102000,-5868000
2008/04/09,0,1863000,-5528470,-3665470
2008/04/10,0,6303000,-1630000,4673000
2008/04/11,0,3464000,-5465788,-2001788
2008/04/14,0,3910000,-3732776,177224
2008/04/15,0,877000,-6962890,-6085890
2008/04/16,0,16127000,-9085000,7042000
2008/04/17,0,20737000,-16766000,3971000
2008/04/18,0,4046000,-6826154,-2780154
2008/04/21,0,7279000,-1000000,6279000
2008/04/22,0,504000,-4080000,-3576000
2008/04/23,0,3939000,-1647975,2291025
2008/04/24,0,1449000,-2626000,-1177000
2008/04/25,0,1715000,-1005000,710000
2008/04/28,0,13007000,-718000,12289000
2008/04/29,0,5337000,-9382000,-4045000
2008/04/30,0,5975000,-5884000,91000
2008/05/01,0,0,0,0
2008/05/02,0,11851000,-1579000,10272000
2008/05/05,0,2906000,-9740000,-6834000
2008/05/06,0,3752000,-4706000,-954000
2008/05/07,0,7347000,-2157000,5190000
2008/05/08,0,1876000,-8726000,-6850000
2008/05/09,0,719000,-10072000,-9353000
2008/05/12,0,4200000,-17019000,-12819000
2008/05/13,0,11470000,-3310000,8160000
2008/05/14,0,1713000,-3508000,-1795000
2008/05/15,0,9229000,-2220000,7009000
2008/05/16,0,8053000,-6397494,1655506
2008/05/19,0,4768000,-4828000,-60000
2008/05/20,0,3612000,-7992000,-4380000
2008/05/21,0,3520000,-6868481,-3348481
2008/05/22,0,3008000,-15899000,-12891000
2008/05/23,0,3555000,-5995472,-2440472
2008/05/26,0,4986000,-2884000,2102000
2008/05/27,0,2546000,-4284000,-1738000
2008/05/28,0,2196000,-9962000,-7766000
2008/05/29,0,6365000,-5827000,538000
2008/05/30,0,8506209,-15915188,-7408979
2008/06/02,0,3335000,-1414000,1921000
2008/06/03,0,1132000,-13794000,-12662000
2008/06/04,0,1109000,-1123000,-14000
2008/06/05,0,6058000,-11239000,-5181000
2008/06/06,0,1440000,-2203000,-763000
2008/06/09,0,529000,-5355000,-4826000
2008/06/10,0,80000,-14912842,-14832842
2008/06/11,0,2189000,-1654000,535000
2008/06/12,0,1049000,-12036000,-10987000
2008/06/13,0,2592000,-11819000,-9227000
2008/06/16,0,3947000,-6169000,-2222000
2008/06/17,0,4244000,-7497000,-3253000
2008/06/18,0,1779000,-5879000,-4100000
2008/06/19,0,427000,-16655000,-16228000
2008/06/20,0,789535,-6534000,-5744465
2008/06/23,0,6052000,-6497000,-445000
2008/06/24,0,2429000,-8717000,-6288000
2008/06/25,0,14505000,-5837824,8667176
2008/06/26,0,6976000,-7963000,-987000
2008/06/27,0,18323000,-16503000,1820000
2008/06/30,0,4748000,-5414000,-666000
2008/07/01,0,6445000,-3581000,2864000
2008/07/02,0,5982000,-13162000,-7180000
2008/07/03,0,4206000,-12055000,-7849000
2008/07/04,0,1508000,-15999009,-14491009
2008/07/07,0,6253000,-9664020,-3411020
2008/07/08,0,899000,-22209000,-21310000
2008/07/09,0,7619000,-1128000,6491000
2008/07/10,0,3700812,-1114812,2586000
2008/07/11,0,2754000,-4662000,-1908000
2008/07/14,0,4648000,-5519000,-871000
2008/07/15,0,7149000,-13440000,-6291000
2008/07/16,0,11885000,-11771000,114000
2008/07/17,0,19563000,-11451482,8111518
2008/07/18,0,3242000,-3801000,-559000
2008/07/21,0,6859000,-1034000,5825000
2008/07/22,0,3169000,-5082090,-1913090
2008/07/23,0,9481000,-9367627,113373
2008/07/24,0,7081000,-9099000,-2018000
2008/07/25,0,5462000,-6437000,-975000
2008/07/28,0,0,0,0
2008/07/29,0,1469000,-10160000,-8691000
2008/07/30,0,6118000,-5336000,782000
2008/07/31,0,19434000,-6183880,13250120
2008/08/01,0,2670000,-4388000,-1718000
2008/08/04,0,2233000,-5859000,-3626000
2008/08/05,0,13242000,-13155000,87000
2008/08/06,0,13889000,-5050000,8839000
2008/08/07,0,1521000,-8691000,-7170000
2008/08/08,0,7559000,-6371000,1188000
2008/08/11,0,1672000,-3728258,-2056258
2008/08/12,0,4011000,-366000,3645000
2008/08/13,0,4656000,-3171000,1485000
2008/08/14,0,7931000,-8271180,-340180
2008/08/15,0,4287000,-10386115,-6099115
2008/08/18,0,11354000,-11936000,-582000
2008/08/19,0,11570000,-6282000,5288000
2008/08/20,0,7128000,-7816000,-688000
2008/08/21,0,2369000,-7308000,-4939000
2008/08/22,0,5150000,-3700000,1450000
2008/08/25,0,6114000,-694172,5419828
2008/08/26,0,4644000,-5567000,-923000
2008/08/27,0,9366000,-4611000,4755000
2008/08/28,0,10298000,-9368000,930000
2008/08/29,0,5713000,-4080324,1632676
2008/09/01,0,2487000,-10105000,-7618000
2008/09/02,0,4475000,-2423604,2051396
2008/09/03,0,5245000,-913000,4332000
2008/09/04,0,4748000,-4991000,-243000
2008/09/05,0,3992000,-5468000,-1476000
2008/09/08,0,5283000,-1475000,3808000
2008/09/09,0,4787000,-4038000,749000
2008/09/10,0,5086000,-13883000,-8797000
2008/09/11,0,486000,-12928000,-12442000
2008/09/12,0,4663000,-1914000,2749000
2008/09/15,0,1153000,-6389350,-5236350
2008/09/16,0,8319000,-1279671,7039329
2008/09/17,0,17338000,-4619000,12719000
2008/09/18,0,2658000,-10641000,-7983000
2008/09/19,0,3357000,-2728000,629000
2008/09/22,0,9962000,-5887000,4075000
2008/09/23,0,4188000,-5338275,-1150275
2008/09/24,0,29329797,-30529797,-1200000
2008/09/25,0,5433000,-4918000,515000
2008/09/26,0,2799000,-8347000,-5548000
2008/09/29,0,0,0,0
2008/09/30,0,8031000,-7167000,864000
2008/10/01,0,12104000,-7144675,4959325
2008/10/02,0,1590000,-5887375,-4297375
2008/10/03,0,6561000,-14193431,-7632431
2008/10/06,0,2337000,-18141232,-15804232
2008/10/07,0,15159000,-23475000,-8316000
2008/10/08,0,2171000,-6396153,-4225153
2008/10/09,0,11869000,-8922575,2946425
2008/10/10,0,0,0,0
2008/10/13,0,4720000,-999000,3721000
2008/10/14,0,6199000,-9096231,-2897231
2008/10/15,0,4844000,-3349018,1494982
2008/10/16,0,1863000,-490000,1373000
2008/10/17,0,10628000,-12281493,-1653493
2008/10/20,0,4141000,-2613000,1528000
2008/10/21,0,4901000,-20497000,-15596000
2008/10/22,0,9458000,-8642246,815754
2008/10/23,0,3509000,-1659000,1850000
2008/10/24,0,1294000,-5941153,-4647153
2008/10/27,0,220000,-4117000,-3897000
2008/10/28,0,3800000,-18936048,-15136048
2008/10/29,0,14568000,-19070882,-4502882
2008/10/30,0,8162000,-1024000,7138000
2008/10/31,0,12741000,-9701000,3040000
2008/11/03,0,13741861,-16620861,-2879000
2008/11/04,0,5353000,-1855830,3497170
2008/11/05,0,10054000,-4531000,5523000
2008/11/06,0,6069000,-11289000,-5220000
2008/11/07,0,7043000,-13552680,-6509680
2008/11/10,0,4962000,-5267000,-305000
2008/11/11,0,5731000,-3719061,2011939
2008/11/12,0,2408000,-5123000,-2715000
2008/11/13,0,5279000,-14109575,-8830575
2008/11/14,0,2600000,-2746000,-146000
2008/11/17,0,7715000,-2862000,4853000
2008/11/18,0,7497000,-9031000,-1534000
2008/11/19,0,4280000,-12011546,-7731546
2008/11/20,0,4644000,-9374971,-4730971
2008/11/21,0,5905000,-15293752,-9388752
2008/11/24,0,1907000,-3475000,-1568000
2008/11/25,0,7243000,-10278069,-3035069
2008/11/26,0,7999000,-5464352,2534648
2008/11/27,0,8257000,-1845000,6412000
2008/11/28,0,13975000,-2561922,11413078
2008/12/01,0,23057600,-7482551,15575049
2008/12/02,0,12807000,-14980000,-2173000
2008/12/03,0,2286000,-24394795,-22108795
2008/12/04,0,1513000,-13607000,-12094000
2008/12/05,0,4366000,-9114554,-4748554
2008/12/08,0,24638150,-21729000,2909150
2008/12/09,0,10542000,-20178235,-9636235
2008/12/10,0,12149000,-17420000,-5271000
2008/12/11,0,10319000,-10491750,-172750
2008/12/12,0,3364000,-19444950,-16080950
2008/12/15,0,11715000,-7519000,4196000
2008/12/16,0,6503000,-6078000,425000
2008/12/17,0,14578000,-6529000,8049000
2008/12/18,0,6837000,-7416000,-579000
2008/12/19,0,8024000,-17141560,-9117560
2008/12/22,0,2883000,-11592633,-8709633
2008/12/23,0,2063000,-13878557,-11815557
2008/12/24,0,3814775,-3771000,43775
2008/12/25,0,432000,-1233000,-801000
2008/12/26,0,1117000,-1019000,98000
2008/12/29,0,670000,-2013000,-1343000
2008/12/30,0,9968000,-4972000,4996000
2008/12/31,0,1062000,-12736480,-11674480
2009/01/01,0,0,0,0
2009/01/02,0,0,0,0
2009/01/05,0,5942000,-13853100,-7911100
2009/01/06,0,5236817,-9438900,-4202083
2009/01/07,0,4067454,-4906000,-838546
2009/01/08,0,653000,-13620000,-12967000
2009/01/09,0,998000,-5022000,-4024000
2009/01/12,0,6071679,-7296000,-1224321
2009/01/13,0,3275000,-2560000,715000
2009/01/14,0,872000,-10885843,-10013843
2009/01/15,0,432000,-13979000,-13547000
2009/01/16,0,679000,-11045000,-10366000
2009/01/19,0,730100,-3921750,-3191650
2009/01/20,0,3613100,-16254000,-12640900
2009/01/21,0,5953000,-12896205,-6943205
2009/01/22,0,0,0,0
2009/01/23,0,0,0,0
2009/01/26,0,0,0,0
2009/01/27,0,0,0,0
2009/01/28,0,0,0,0
2009/01/29,0,0,0,0
2009/01/30,0,0,0,0
2009/02/02,0,16422000,-24559073,-8137073
2009/02/03,0,2586000,-3725950,-1139950
2009/02/04,0,6476000,-2876000,3600000
2009/02/05,0,2763000,-12705104,-9942104
2009/02/06,0,4318000,-8708000,-4390000
2009/02/09,0,1453000,-7527055,-6074055
2009/02/10,0,2711000,-5368519,-2657519
2009/02/11,0,3716000,-11319454,-7603454
2009/02/12,0,1860000,-26889155,-25029155
2009/02/13,0,5764000,-6759262,-995262
2009/02/16,0,47000,-15099370,-15052370
2009/02/17,0,2169000,-13589760,-11420760
2009/02/18,0,19990000,-3790000,16200000
2009/02/19,0,6157000,-18360000,-12203000
2009/02/20,0,1532224,-20166124,-18633900
2009/02/23,0,7230725,-6832507,398218
2009/02/24,0,834000,-5312730,-4478730
2009/02/25,0,14438000,-2091550,12346450
2009/02/26,0,6061000,-2204240,3856760
2009/02/27,0,1762000,-1073560,688440
2009/03/02,0,302000,-20837255,-20535255
2009/03/03,0,1030000,-4382000,-3352000
2009/03/04,0,2779000,-4760400,-1981400
2009/03/05,0,4099000,-419000,3680000
2009/03/06,0,8455500,-2389000,6066500
2009/03/09,0,4024000,-1525000,2499000
2009/03/10,0,12564000,-1119000,11445000
2009/03/11,0,4842077,-9105000,-4262923
2009/03/12,0,4639000,-1301000,3338000
2009/03/13,0,17577000,-6817000,10760000
2009/03/16,0,9648000,-9007000,641000
2009/03/17,0,13030000,-8006000,5024000
2009/03/18,0,10420000,-2934000,7486000
2009/03/19,0,1985000,-8202000,-6217000
2009/03/20,0,2796000,-4609813,-1813813
2009/03/23,0,11813000,-5879000,5934000
2009/03/24,0,14300000,-9123000,5177000
2009/03/25,0,15979000,-10087493,5891507
2009/03/26,0,11475000,-1376000,10099000
2009/03/27,0,1795000,-4898000,-3103000
2009/03/30,0,5513000,-7425460,-1912460
2009/03/31,0,7329825,-3865797,3464028
2009/04/01,0,3468000,-2155000,1313000
2009/04/02,0,15656000,-1344000,14312000
2009/04/03,0,3343000,-3844510,-501510
2009/04/06,0,17702000,-10745000,6957000
2009/04/07,0,17164000,-3666000,13498000
2009/04/08,0,12578000,-11469000,1109000
2009/04/09,0,17237000,-4532528,12704472
2009/04/10,0,8405000,-1130000,7275000
2009/04/13,0,5426000,-2666508,2759492
2009/04/14,0,10129000,-4195000,5934000
2009/04/15,0,5584000,-5447000,137000
2009/04/16,0,11851000,-2975000,8876000
2009/04/17,0,8117000,-4736884,3380116
2009/04/20,0,9629000,-2863000,6766000
2009/04/21,0,6531000,-8394000,-1863000
2009/04/22,0,2942000,-4733000,-1791000
2009/04/23,0,13952487,-13449776,502711
2009/04/24,0,7907000,-5265000,2642000
2009/04/27,0,21992065,-3147230,18844835
2009/04/28,0,24971000,-5147000,19824000
2009/04/29,0,25307000,-8569437,16737563
2009/04/30,0,14350000,-8202000,6148000
2009/05/01,0,0,0,0
2009/05/04,0,16939533,-2145533,14794000
2009/05/05,0,34534376,-4359000,30175376
2009/05/06,0,12190000,-5399000,6791000
2009/05/07,0,13991000,-16536000,-2545000
2009/05/08,0,18396000,-2133000,16263000
2009/05/11,0,12098000,-7006000,5092000
2009/05/12,0,9554000,-14218942,-4664942
2009/05/13,0,3618000,-2685550,932450
2009/05/14,0,10201000,-7944000,2257000
2009/05/15,0,5235000,-8181550,-2946550
2009/05/18,0,2830000,-7638000,-4808000
2009/05/19,0,13068000,-687000,12381000
2009/05/20,0,14168000,-3527001,10640999
2009/05/21,0,2283000,-12161000,-9878000
2009/05/22,0,6202000,-11049000,-4847000
2009/05/25,0,2019229,-7464000,-5444771
2009/05/26,0,6802000,-8007000,-1205000
2009/05/27,0,16640000,-6278012,10361988
2009/05/28,0,0,0,0
2009/05/29,0,0,0,0
2009/06/01,0,13870000,-7227500,6642500
2009/06/02,0,5704000,-9452000,-3748000
2009/06/03,0,12770000,-4667000,8103000
2009/06/04,0,8338000,-8268000,70000
2009/06/05,0,3086279,-2622000,464279
2009/06/08,0,2202000,-8149000,-5947000
2009/06/09,0,8195500,-3409000,4786500
2009/06/10,0,5027000,-10854163,-5827163
2009/06/11,0,7449000,-19387000,-11938000
2009/06/12,0,4208000,-22857000,-18649000
2009/06/15,0,2752000,-9876000,-7124000
2009/06/16,0,4549000,-7851190,-3302190
2009/06/17,0,2213000,-13483000,-11270000
2009/06/18,0,9447000,-15230000,-5783000
2009/06/19,0,1889678,-4901002,-3011324
2009/06/22,0,2855000,-5016000,-2161000
2009/06/23,0,565000,-12449000,-11884000
2009/06/24,0,17895000,-6008000,11887000
2009/06/25,0,6061000,-9598100,-3537100
2009/06/26,0,6355000,-2809000,3546000
2009/06/29,0,11002000,-12117000,-1115000
2009/06/30,0,12311000,-5461776,6849224
2009/07/01,0,7874000,-1120000,6754000
2009/07/02,0,3302000,-3317000,-15000
2009/07/03,0,1999000,-2566446,-567446
2009/07/06,0,4366000,-5485000,-1119000
2009/07/07,0,4928000,-776870,4151130
2009/07/08,0,1518000,-8967000,-7449000
2009/07/09,0,7365000,-1805000,5560000
2009/07/10,0,1842000,-2594000,-752000
2009/07/13,0,2241000,-13602000,-11361000
2009/07/14,0,1903000,-5592940,-3689940
2009/07/15,0,6458000,-2606000,3852000
2009/07/16,0,3179000,-1820000,1359000
2009/07/17,0,5326433,-1027980,4298453
2009/07/20,0,12041000,-1128000,10913000
2009/07/21,0,7886000,-705500,7180500
2009/07/22,0,6805000,-903000,5902000
2009/07/23,0,4418000,-2481360,1936640
2009/07/24,0,1985000,-11795330,-9810330
2009/07/27,0,8194000,-6736526,1457474
2009/07/28,0,5049000,-10181000,-5132000
2009/07/29,0,5260762,-5603000,-342238
2009/07/30,0,3200000,-10992594,-7792594
2009/07/31,0,14442000,-15425000,-983000
2009/08/03,0,1222000,-9328000,-8106000
2009/08/04,0,2312000,-19718043,-17406043
2009/08/05,0,3507000,-16853000,-13346000
2009/08/06,0,1579000,-15035000,-13456000
2009/08/07,0,0,0,0
2009/08/10,0,3185811,-10582000,-7396189
2009/08/11,0,2684000,-5938600,-3254600
2009/08/12,0,194000,-5708000,-5514000
2009/08/13,0,6956000,-7048000,-92000
2009/08/14,0,2529000,-2299000,230000
2009/08/17,0,644000,-5611000,-4967000
2009/08/18,0,1743000,-6412000,-4669000
2009/08/19,0,582000,-8106562,-7524562
2009/08/20,0,1212000,-5085198,-3873198
2009/08/21,0,2332000,-9468380,-7136380
2009/08/24,0,8634000,-1410925,7223075
2009/08/25,0,30000,-4050036,-4020036
2009/08/26,0,1553000,-4488000,-2935000
2009/08/27,0,705000,-3195075,-2490075
2009/08/28,0,9996000,-1157000,8839000
2009/08/31,0,2955000,-9022736,-6067736
2009/09/01,0,5117000,-2111258,3005742
2009/09/02,0,2589000,-1658000,931000
2009/09/03,0,10245000,-2105000,8140000
2009/09/04,0,6360000,-2739068,3620932
2009/09/07,0,2303000,-1703000,600000
2009/09/08,0,12986000,-2378000,10608000
2009/09/09,0,6202000,-1953000,4249000
2009/09/10,0,24924000,-11790340,13133660
2009/09/11,0,4583000,-1604300,2978700
2009/09/14,0,2327000,-4390000,-2063000
2009/09/15,0,19435000,-1077000,18358000
2009/09/16,0,8339000,-3397000,4942000
2009/09/17,0,8445000,-3461050,4983950
2009/09/18,0,8010000,-3109000,4901000
2009/09/21,0,2388000,-4040000,-1652000
2009/09/22,0,1375000,-1987000,-612000
2009/09/23,0,1870000,-3873000,-2003000
2009/09/24,0,2029000,-2155300,-126300
2009/09/25,0,1608000,-2008520,-400520
2009/09/28,0,2417000,-813000,1604000
2009/09/29,0,11843611,-914000,10929611
2009/09/30,0,8525000,-6385000,2140000
2009/10/01,0,2518000,-3927925,-1409925
2009/10/02,0,2965000,-9803040,-6838040
2009/10/05,0,3913145,-5237145,-1324000
2009/10/06,0,7092000,-2252000,4840000
2009/10/07,0,2796000,-3626170,-830170
2009/10/08,0,6419000,-3595000,2824000
2009/10/09,0,6516000,-8092000,-1576000
2009/10/12,0,3695000,-6449000,-2754000
2009/10/13,0,5238730,-11062041,-5823311
2009/10/14,0,7250000,-1668000,5582000
2009/10/15,0,10709000,-2282675,8426325
2009/10/16,0,3760000,-3113000,647000
2009/10/19,0,3795000,-2141157,1653843
2009/10/20,0,3225000,-1840000,1385000
2009/10/21,0,4457000,-9141875,-4684875
2009/10/22,0,2091000,-10314000,-8223000
2009/10/23,0,1864000,-3292000,-1428000
2009/10/26,0,8014000,-817000,7197000
2009/10/27,0,1851000,-6058000,-4207000
2009/10/28,0,452000,-7204000,-6752000
2009/10/29,0,1537000,-12789000,-11252000
2009/10/30,0,2866000,-9515000,-6649000
2009/11/02,0,1224000,-6968000,-5744000
2009/11/03,0,251000,-7762000,-7511000
2009/11/04,0,2884000,-1213099,1670901
2009/11/05,0,1532000,-3413000,-1881000
2009/11/06,0,5558000,-269000,5289000
2009/11/09,0,6011000,-1009000,5002000
2009/11/10,0,5053000,-2959000,2094000
2009/11/11,0,8058000,-1704000,6354000
2009/11/12,0,6494000,-1992806,4501194
2009/11/13,0,4673000,-3342230,1330770
2009/11/16,0,8280000,-1941000,6339000
2009/11/17,0,9164000,-1633000,7531000
2009/11/18,0,2270000,-10127000,-7857000
2009/11/19,0,3045000,-3615970,-570970
2009/11/20,0,2518000,-9043000,-6525000
2009/11/23,0,2666000,-939499,1726501
2009/11/24,0,4412000,-307000,4105000
2009/11/25,0,10296000,-1012000,9284000
2009/11/26,0,2667000,-583000,2084000
2009/11/27,0,841000,-22969000,-22128000
2009/11/30,0,3876595,-6057970,-2181375
2009/12/01,0,10656000,-3498962,7157038
2009/12/02,0,2556000,-2034000,522000
2009/12/03,0,5367000,-5311504,55496
2009/12/04,0,1548000,-4211020,-2663020
2009/12/07,0,4711000,-5001000,-290000
2009/12/08,0,2241000,-2027000,214000
2009/12/09,0,1307000,-3757430,-2450430
2009/12/10,0,2471000,-11413850,-8942850
2009/12/11,0,6127000,-1922000,4205000
2009/12/14,0,3835000,-1029906,2805094
2009/12/15,0,4445000,-867300,3577700
2009/12/16,0,1898000,-4139000,-2241000
2009/12/17,0,2164330,-3874000,-1709670
2009/12/18,0,1497000,-3346000,-1849000
2009/12/21,0,2868000,-3344000,-476000
2009/12/22,0,3760000,-1104000,2656000
2009/12/23,0,4675000,-314957,4360043
2009/12/24,0,8011000,-485450,7525550
2009/12/25,0,3451000,0,3451000
2009/12/28,0,9384000,-131000,9253000
2009/12/29,0,4568000,-663000,3905000
2009/12/30,0,16322000,-4937000,11385000
2009/12/31,0,5358000,-692000,4666000
2010/01/01,0,0,0,0
2010/01/04,0,10290000,-1963000,8327000
2010/01/05,0,5563000,-2862000,2701000
2010/01/06,0,6783000,-2284000,4499000
2010/01/07,0,8997000,-1354321,7642679
2010/01/08,0,8094230,-3064298,5029932
2010/01/11,0,5934000,-5693000,241000
2010/01/12,0,5485000,-4196000,1289000
2010/01/13,0,1819000,-1280000,539000
2010/01/14,0,3802000,-1640175,2161825
2010/01/15,0,3074000,-3589000,-515000
2010/01/18,0,1119000,-2409000,-1290000
2010/01/19,0,174000,-7335930,-7161930
2010/01/20,0,1637000,-11966000,-10329000
2010/01/21,0,4475000,-1328000,3147000
2010/01/22,0,2817000,-12534000,-9717000
2010/01/25,0,763690,-8596000,-7832310
2010/01/26,0,1535000,-18554000,-17019000
2010/01/27,0,908000,-3493030,-2585030
2010/01/28,0,1593000,-6172000,-4579000
2010/01/29,0,4517000,-9480280,-4963280
2010/02/01,0,865000,-6131360,-5266360
2010/02/02,0,3824000,-7972860,-4148860
2010/02/03,0,4868420,-2673992,2194428
2010/02/04,0,3634000,-4633000,-999000
2010/02/05,0,2437000,-12187730,-9750730
2010/02/08,0,2844000,-10110057,-7266057
2010/02/09,0,1663000,-5084567,-3421567
2010/02/10,0,765000,-8181668,-7416668
2010/02/11,0,0,0,0
2010/02/12,0,0,0,0
2010/02/15,0,0,0,0
2010/02/16,0,0,0,0
2010/02/17,0,0,0,0
2010/02/18,0,0,0,0
2010/02/19,0,0,0,0
2010/02/22,0,7616000,-1585000,6031000
2010/02/23,0,5834000,-1943000,3891000
2010/02/24,0,9400000,-5360000,4040000
2010/02/25,0,10459000,-10427000,32000
2010/02/26,0,3914000,-1241705,2672295
2010/03/01,0,9243000,-3417000,5826000
2010/03/02,0,3834000,-1796000,2038000
2010/03/03,0,7543000,-3950000,3593000
2010/03/04,0,2910000,-14754621,-11844621
2010/03/05,0,9430000,-1087000,8343000
2010/03/08,0,3736000,-1605440,2130560
2010/03/09,0,3262500,-879000,2383500
2010/03/10,0,3370000,-784375,2585625
2010/03/11,0,514000,-967000,-453000
2010/03/12,0,4821000,-844000,3977000
2010/03/15,0,1425000,-6152000,-4727000
2010/03/16,0,428002,-2090000,-1661998
2010/03/17,0,17445000,-256000,17189000
2010/03/18,0,7218000,-1776000,5442000
2010/03/19,0,5268000,-1857000,3411000
2010/03/22,0,1783000,-5861480,-4078480
2010/03/23,0,297000,-2646000,-2349000
2010/03/24,0,3567000,-713000,2854000
2010/03/25,0,3143000,-5819925,-2676925
2010/03/26,0,8143000,-4017000,4126000
2010/03/29,0,7862000,-2345000,5517000
2010/03/30,0,8189000,-3141000,5048000
2010/03/31,0,4622000,-7530558,-2908558
2010/04/01,0,12490000,-1281380,11208620
2010/04/02,0,4241000,-51000,4190000
2010/04/05,0,0,0,0
2010/04/06,0,6363000,-1004000,5359000
2010/04/07,0,5336020,-524000,4812020
2010/04/08,0,7173000,-3366000,3807000
2010/04/09,0,5721000,-2127010,3593990
2010/04/12,0,3701610,-1882000,1819610
2010/04/13,0,1203000,-4766000,-3563000
2010/04/14,0,3581000,-1465780,2115220
2010/04/15,0,4314000,-171000,4143000
2010/04/16,0,456720,-4559000,-4102280
2010/04/19,0,2525001,-10454000,-7928999
2010/04/20,0,1021000,-6506000,-5485000
2010/04/21,0,3500000,-4163000,-663000
2010/04/22,0,704000,-11449560,-10745560
2010/04/23,0,810000,-4435000,-3625000
2010/04/26,0,13358000,-1607000,11751000
2010/04/27,0,8555441,-7803441,752000
2010/04/28,0,1297000,-7808180,-6511180
2010/04/29,0,740000,-5319000,-4579000
2010/04/30,0,13046800,-8655000,4391800
2010/05/03,0,557000,-4291000,-3734000
2010/05/04,0,1006000,-10678000,-9672000
2010/05/05,0,926000,-17248800,-16322800
2010/05/06,0,3768000,-12770000,-9002000
2010/05/07,0,3968000,-8841100,-4873100
2010/05/10,0,899500,-4563100,-3663600
2010/05/11,0,2279000,-12502000,-10223000
2010/05/12,0,1821000,-4665000,-2844000
2010/05/13,0,7694000,-3163000,4531000
2010/05/14,0,2376000,-432000,1944000
2010/05/17,0,1389000,-6757000,-5368000
2010/05/18,0,3375000,-2437000,938000
2010/05/19,0,1280006,-3625000,-2344994
2010/05/20,0,849000,-6369000,-5520000
2010/05/21,0,2837000,-6299860,-3462860
2010/05/24,0,2736000,-3564000,-828000
2010/05/25,0,701000,-7514000,-6813000
2010/05/26,0,11150000,-18753960,-7603960
2010/05/27,0,2227000,-6361915,-4134915
2010/05/28,0,5834000,-8904000,-3070000
2010/05/31,0,3996000,-3409000,587000
2010/06/01,0,3267000,-3206000,61000
2010/06/02,0,2306000,-4687475,-2381475
2010/06/03,0,5614000,-503000,5111000
2010/06/04,0,687000,-1485000,-798000
2010/06/07,0,2302000,-7957250,-5655250
2010/06/08,0,1848000,-2083000,-235000
2010/06/09,0,2305000,-4842000,-2537000
2010/06/10,0,1862000,-1145000,717000
2010/06/11,0,6542619,-430000,6112619
2010/06/14,0,6635619,-748000,5887619
2010/06/15,0,9182708,-918470,8264238
2010/06/16,0,0,0,0
2010/06/17,0,10560317,-2236522,8323795
2010/06/18,0,4775869,-1708000,3067869
2010/06/21,0,18076795,-1915811,16160984
2010/06/22,0,5424475,-2064000,3360475
2010/06/23,0,4470359,-1280266,3190093
2010/06/24,0,3305000,-1475860,1829140
2010/06/25,0,3208000,-3469907,-261907
2010/06/28,0,1660000,-1634000,26000
2010/06/29,0,10445000,-6982000,3463000
2010/06/30,0,3831000,-9224000,-5393000
2010/07/01,0,1226000,-10326730,-9100730
2010/07/02,0,2111000,-3596120,-1485120
2010/07/05,0,6648870,-4462000,2186870
2010/07/06,0,7704000,-2153000,5551000
2010/07/07,0,3148516,-3103000,45516
2010/07/08,0,3511000,-693000,2818000
2010/07/09,0,3963052,-1470000,2493052
2010/07/12,0,6256000,-2182048,4073952
2010/07/13,0,3399000,-1314000,2085000
2010/07/14,0,11444040,-900127,10543913
2010/07/15,0,9462000,-1328000,8134000
2010/07/16,0,2730539,-2983000,-252461
2010/07/19,0,3393000,-7410000,-4017000
2010/07/20,0,7261856,-1126000,6135856
2010/07/21,0,6247000,-5799000,448000
2010/07/22,0,2799175,-1891000,908175
2010/07/23,0,10384000,-1863000,8521000
2010/07/26,0,6444660,-2502000,3942660
2010/07/27,0,777230,-2867615,-2090385
2010/07/28,0,5914000,-1953000,3961000
2010/07/29,0,6820200,-3389986,3430214
2010/07/30,0,1939634,-7050000,-5110366
2010/08/02,0,13445000,-1937000,11508000
2010/08/03,0,908000,-3241000,-2333000
2010/08/04,0,2295000,-1443000,852000
2010/08/05,0,2751000,-3513432,-762432
2010/08/06,0,5831000,-347000,5484000
2010/08/09,0,4332000,-2085000,2247000
2010/08/10,0,1932000,-6136000,-4204000
2010/08/11,0,7699000,-1255133,6443867
2010/08/12,0,3126000,-6008000,-2882000
2010/08/13,0,2643000,-2521451,121549
2010/08/16,0,1592000,-1014000,578000
2010/08/17,0,3465000,-2333000,1132000
2010/08/18,0,2893000,-6722076,-3829076
2010/08/19,0,2211000,-8167000,-5956000
2010/08/20,0,767000,-2356000,-1589000
2010/08/23,0,6102000,-2584000,3518000
2010/08/24,0,1741000,-4013000,-2272000
2010/08/25,0,1990000,-15218000,-13228000
2010/08/26,0,1251000,-6786000,-5535000
2010/08/27,0,6135000,-4902050,1232950
2010/08/30,0,4800077,-1719000,3081077
2010/08/31,0,10045000,-4808075,5236925
2010/09/01,0,2352000,-3391000,-1039000
2010/09/02,0,4376904,-1294000,3082904
2010/09/03,0,1708000,-1675000,33000
2010/09/06,0,4538000,-8000,4530000
2010/09/07,0,552681,-1122950,-570269
2010/09/08,0,2387670,-2000227,387443
2010/09/09,0,3318000,-2030000,1288000
2010/09/10,0,3869550,-325000,3544550
2010/09/13,0,19071000,-505000,18566000
2010/09/14,0,3378000,-770000,2608000
2010/09/15,0,4844492,-906000,3938492
2010/09/16,0,3538000,-305000,3233000
2010/09/17,0,11548966,-2347820,9201146
2010/09/20,0,3738000,-140000,3598000
2010/09/21,0,3692000,-35490,3656510
2010/09/22,0,0,0,0
2010/09/23,0,6427000,-309731,6117269
2010/09/24,0,8790600,-3123670,5666930
2010/09/27,0,2145670,-15410,2130260
2010/09/28,0,2670660,-327000,2343660
2010/09/29,0,13247000,-7173700,6073300
2010/09/30,0,2467000,-2127400,339600
2010/10/01,0,3291630,-118000,3173630
2010/10/04,0,4515500,-601000,3914500
2010/10/05,0,3861740,-3154580,707160
2010/10/06,0,8249530,-624282,7625248
2010/10/07,0,8165220,-3550000,4615220
2010/10/08,0,4414370,-2304000,2110370
2010/10/11,0,1579050,-2060000,-480950
2010/10/12,0,4597690,-7818000,-3220310
2010/10/13,0,4344470,-1436000,2908470
2010/10/14,0,9064010,-2453000,6611010
2010/10/15,0,2759490,-718000,2041490
2010/10/18,0,506000,-6635000,-6129000
2010/10/19,0,4351000,-9686695,-5335695
2010/10/20,0,639000,-6818158,-6179158
2010/10/21,0,1494000,-7170360,-5676360
2010/10/22,0,779000,-3194802,-2415802
2010/10/25,0,6340000,-2035000,4305000
2010/10/26,0,5457072,-44000,5413072
2010/10/27,0,3753700,-1738000,2015700
2010/10/28,0,9542390,-3513000,6029390
2010/10/29,0,2898000,-673000,2225000
2010/11/01,0,9860000,-1739990,8120010
2010/11/02,0,3972000,-492000,3480000
2010/11/03,0,13714000,-609000,13105000
2010/11/04,0,3712000,-657000,3055000
2010/11/05,0,4883000,-454494,4428506
2010/11/08,0,2509000,-1819000,690000
2010/11/09,0,2560000,-213000,2347000
2010/11/10,0,4807000,-2493870,2313130
2010/11/11,0,5724000,-3738889,1985111
2010/11/12,0,1130000,-9416322,-8286322
2010/11/15,0,934151,-4074000,-3139849
2010/11/16,0,2709000,-5239000,-2530000
2010/11/17,0,3477000,-11599000,-8122000
2010/11/18,0,3778000,-1442440,2335560
2010/11/19,0,1902410,-4614000,-2711590
2010/11/22,0,2312450,-666000,1646450
2010/11/23,0,355620,-3997431,-3641811
2010/11/24,0,3551000,-2350000,1201000
2010/11/25,0,1748000,-1068000,680000
2010/11/26,0,1229000,-2017000,-788000
2010/11/29,0,3702000,-4676801,-974801
2010/11/30,0,8498296,-11768543,-3270247
2010/12/01,0,9370000,-6362774,3007226
2010/12/02,0,12145000,-1263919,10881081
2010/12/03,0,3016000,-1963250,1052750
2010/12/06,0,1492000,-1094944,397056
2010/12/07,0,2024080,-1934000,90080
2010/12/08,0,815000,-5023000,-4208000
2010/12/09,0,8167000,-1779000,6388000
2010/12/10,0,876770,-1006248,-129478
2010/12/13,0,1278000,-876696,401304
2010/12/14,0,1926000,-1196000,730000
2010/12/15,0,7287000,-8071000,-784000
2010/12/16,0,3975000,-4669000,-694000
2010/12/17,0,2702000,-15409219,-12707219
2010/12/20,0,3393150,-5070000,-1676850
2010/12/21,0,3623000,-3525610,97390
2010/12/22,0,6157000,-9286950,-3129950
2010/12/23,0,2667000,-847000,1820000
2010/12/24,0,3835000,-1675000,2160000
2010/12/27,0,2947000,-351009,2595991
2010/12/28,0,10458000,-2926000,7532000
2010/12/29,0,3867000,-5947000,-2080000
2010/12/30,0,10455000,-8298000,2157000
2010/12/31,0,9109000,-8647240,461760
2011/01/03,0,5881600,-9238000,-3356400
2011/01/04,0,5775000,-1879200,3895800
2011/01/05,0,9210000,-10875860,-1665860
2011/01/06,0,6824000,-3557000,3267000
2011/01/07,0,12982000,-7420000,5562000
2011/01/10,0,3645000,-6434000,-2789000
2011/01/11,0,8641000,-11183000,-2542000
2011/01/12,0,8727000,-3434610,5292390
2011/01/13,0,7626159,-6403950,1222209
2011/01/14,0,2264000,-8192830,-5928830
2011/01/17,0,3595682,-3645000,-49318
2011/01/18,0,5737000,-3244870,2492130
2011/01/19,0,5326000,-2236550,3089450
2011/01/20,0,2849000,-292000,2557000
2011/01/21,0,3442000,-4417090,-975090
2011/01/24,0,3242000,-1508000,1734000
2011/01/25,0,3680000,-3410000,270000
2011/01/26,0,2476000,-3655022,-1179022
2011/01/27,0,2286000,-1621450,664550
2011/01/28,0,9537730,-4195000,5342730
2011/01/31,0,0,0,0
2011/02/01,0,0,0,0
2011/02/02,0,0,0,0
2011/02/03,0,0,0,0
2011/02/04,0,0,0,0
2011/02/07,0,0,0,0
2011/02/08,0,5129000,-13163200,-8034200
2011/02/09,0,3677000,-2413660,1263340
2011/02/10,0,3111000,-12218820,-9107820
2011/02/11,0,1760000,-15970990,-14210990
2011/02/14,0,1895000,-14424870,-12529870
2011/02/15,0,6788000,-13582587,-6794587
2011/02/16,0,1260000,-5043000,-3783000
2011/02/17,0,1873000,-10171320,-8298320
2011/02/18,0,13966000,-1824000,12142000
2011/02/21,0,2443000,-7128510,-4685510
2011/02/22,0,4436000,-13617000,-9181000
2011/02/23,0,5728744,-4336910,1391834
2011/02/24,0,2426616,-6437000,-4010384
2011/02/25,0,5610000,-15175557,-9565557
2011/02/28,0,0,0,0
2011/03/01,0,4757000,-2799000,1958000
2011/03/02,0,4334616,-9048000,-4713384
2011/03/03,0,5908000,-8458000,-2550000
2011/03/04,0,7508000,-612000,6896000
2011/03/07,0,616000,-1819000,-1203000
2011/03/08,0,4466000,-597000,3869000
2011/03/09,0,1145000,-1262184,-117184
2011/03/10,0,470000,-3772290,-3302290
2011/03/11,0,2968000,-4923760,-1955760
2011/03/14,0,5565000,-5108000,457000
2011/03/15,0,11541000,-8185380,3355620
2011/03/16,0,8169000,-4654670,3514330
2011/03/17,0,3376000,-3593080,-217080
2011/03/18,0,2921000,-8763428,-5842428
2011/03/21,0,3103000,-6516000,-3413000
2011/03/22,0,6451000,-6451000,0
2011/03/23,0,4750000,-4019000,731000
2011/03/24,0,2564000,-1956000,608000
2011/03/25,0,5117000,-290000,4827000
2011/03/28,0,3165000,-748000,2417000
2011/03/29,0,12226000,-3550705,8675295
2011/03/30,0,11701000,-3855000,7846000
2011/03/31,0,19237705,-4214772,15022933
2011/04/01,0,5147751,-620000,4527751
2011/04/04,0,0,0,0
2011/04/05,0,0,0,0
2011/04/06,0,20065600,-386000,19679600
2011/04/07,0,7231810,-1916810,5315000
2011/04/08,0,10765991,-1144250,9621741
2011/04/11,0,5169236,-246000,4923236
2011/04/12,0,2795446,-7365000,-4569554
2011/04/13,0,2752000,-860295,1891705
2011/04/14,0,3010000,-3045800,-35800
2011/04/15,0,530000,-956000,-426000
2011/04/18,0,456000,-752243,-296243
2011/04/19,0,891000,-4612000,-3721000
2011/04/20,0,5360992,-2637199,2723793
2011/04/21,0,18634588,-540000,18094588
2011/04/22,0,6379000,-1259000,5120000
2011/04/25,0,7457000,-2466000,4991000
2011/04/26,0,4409082,-1986800,2422282
2011/04/27,0,7094000,-1544332,5549668
2011/04/28,0,4993664,-2537790,2455874
2011/04/29,0,3063598,-2043000,1020598
2011/05/02,0,0,0,0
2011/05/03,0,4718000,-2216000,2502000
2011/05/04,0,3380000,-14498000,-11118000
2011/05/05,0,2901000,-2411000,490000
2011/05/06,0,2929516,-3538000,-608484
2011/05/09,0,8154000,-350250,7803750
2011/05/10,0,3432000,-318000,3114000
2011/05/11,0,3803000,-2605000,1198000
2011/05/12,0,2917000,-2566000,351000
2011/05/13,0,1385000,-4213770,-2828770
2011/05/16,0,3042000,-4490300,-1448300
2011/05/17,0,2052000,-5192000,-3140000
2011/05/18,0,5364000,-8647000,-3283000
2011/05/19,0,9900000,-3002227,6897773
2011/05/20,0,3360000,-5091000,-1731000
2011/05/23,0,1220000,-7590000,-6370000
2011/05/24,0,1250000,-3107925,-1857925
2011/05/25,0,1757000,-7049000,-5292000
2011/05/26,0,2666000,-3105781,-439781
2011/05/27,0,2371000,-1502000,869000
2011/05/30,0,4075000,-5970000,-1895000
2011/05/31,0,13768759,-3333027,10435732
2011/06/01,0,9216000,-1790638,7425362
2011/06/02,0,8955000,-221000,8734000
2011/06/03,0,4921000,-377000,4544000
2011/06/06,0,0,0,0
2011/06/07,0,3383000,-747960,2635040
2011/06/08,0,2027000,-929000,1098000
2011/06/09,0,2190000,-154616,2035384
2011/06/10,0,1918619,-1432000,486619
2011/06/13,0,348000,-2746910,-2398910
2011/06/14,0,4199000,-3047000,1152000
2011/06/15,0,17230000,-15618835,1611165
2011/06/16,0,3425902,-4983000,-1557098
2011/06/17,0,18274000,-4211760,14062240
2011/06/20,0,3097000,-426243,2670757
2011/06/21,0,5031000,-1077340,3953660
2011/06/22,0,2435000,-6367000,-3932000
2011/06/23,0,1222421,-644946,577475
2011/06/24,0,5198000,-1572895,3625105
2011/06/27,0,5805000,-2092313,3712687
2011/06/28,0,1765000,-2737233,-972233
2011/06/29,0,6339000,-2479000,3860000
2011/06/30,0,8211000,-1144000,7067000
2011/07/01,0,5380619,-861000,4519619
2011/07/04,0,3703964,-2122738,1581226
2011/07/05,0,5265472,-2472000,2793472
2011/07/06,0,1229646,-793000,436646
2011/07/07,0,3855127,-221000,3634127
2011/07/08,0,3790541,-1615000,2175541
2011/07/11,0,2556671,-3213000,-656329
2011/07/12,0,3132692,-8132895,-5000203
2011/07/13,0,2593809,-1296000,1297809
2011/07/14,0,2722568,-1543000,1179568
2011/07/15,0,2055498,-1878000,177498
2011/07/18,0,2062085,-2915250,-853165
2011/07/19,0,1308000,-4086400,-2778400
2011/07/20,0,3066635,-633000,2433635
2011/07/21,0,3809647,-3791000,18647
2011/07/22,0,9292665,-535000,8757665
2011/07/25,0,2879975,-1360100,1519875
2011/07/26,0,6229255,-842000,5387255
2011/07/27,0,8507304,-1388000,7119304
2011/07/28,0,2596799,-2591000,5799
2011/07/29,0,5079343,-1693000,3386343
2011/08/01,0,7672418,-786000,6886418
2011/08/02,0,1812943,-434000,1378943
2011/08/03,0,2157898,-3987000,-1829102
2011/08/04,0,2483955,-2911800,-427845
2011/08/05,0,3464955,-6306187,-2841232
2011/08/08,0,2356359,-22490000,-20133641
2011/08/09,0,8937000,-17538492,-8601492
2011/08/10,0,3581000,-26404000,-22823000
2011/08/11,0,5314000,-6859000,-1545000
2011/08/12,0,3531000,-12927736,-9396736
2011/08/15,0,5204974,-1037001,4167973
2011/08/16,0,1541000,-5903202,-4362202
2011/08/17,0,7162131,-5203128,1959003
2011/08/18,0,2915338,-10606000,-7690662
2011/08/19,0,5352772,-3175000,2177772
2011/08/22,0,6570699,-2828000,3742699
2011/08/23,0,5466000,-2549379,2916621
2011/08/24,0,3490390,-10362000,-6871610
2011/08/25,0,3429240,-2105882,1323358
2011/08/26,0,7115153,-876000,6239153
2011/08/29,0,7829000,-2288178,5540822
2011/08/30,0,1472114,-6890000,-5417886
2011/08/31,0,5124292,-4575738,548554
2011/09/01,0,11978089,-3689732,8288357
2011/09/02,0,1305654,-7052000,-5746346
2011/09/05,0,2659000,-15901976,-13242976
2011/09/06,0,1896097,-10364337,-8468240
2011/09/07,0,4585259,-4038000,547259
2011/09/08,0,3331245,-6259000,-2927755
2011/09/09,0,4316000,-2137000,2179000
2011/09/12,0,0,0,0
2011/09/13,0,5049157,-7174000,-2124843
2011/09/14,0,3263091,-12117532,-8854441
2011/09/15,0,13190000,-8488641,4701359
2011/09/16,0,14496000,-8180000,6316000
2011/09/19,0,1830085,-2918000,-1087915
2011/09/20,0,3713312,-4435444,-722132
2011/09/21,0,3299076,-2427000,872076
2011/09/22,0,1279322,-14048160,-12768838
2011/09/23,0,1821990,-6462050,-4640060
2011/09/26,0,2840147,-3606000,-765853
2011/09/27,0,10455292,-2049059,8406233
2011/09/28,0,8640461,-6039000,2601461
2011/09/29,0,9398403,-3808000,5590403
2011/09/30,0,10193597,-7096000,3097597
2011/10/03,0,1313160,-9581965,-8268805
2011/10/04,0,6511000,-1106000,5405000
2011/10/05,0,1599000,-5673000,-4074000
2011/10/06,0,9442000,-2044668,7397332
2011/10/07,0,4504000,-1092000,3412000
2011/10/10,0,0,0,0
2011/10/11,0,6439000,-2502000,3937000
2011/10/12,0,3628000,-1222000,2406000
2011/10/13,0,5328723,-1270000,4058723
2011/10/14,0,2859852,-1030000,1829852
2011/10/17,0,5941100,-949505,4991595
2011/10/18,0,2917012,-2790693,126319
2011/10/19,0,2763280,-3957158,-1193878
2011/10/20,0,2159414,-3998537,-1839123
2011/10/21,0,3983797,-728565,3255232
2011/10/24,0,15657486,-675000,14982486
2011/10/25,0,3172201,-1611495,1560706
2011/10/26,0,6014000,-1631947,4382053
2011/10/27,0,6096250,-4139900,1956350
2011/10/28,0,11207000,-767000,10440000
2011/10/31,0,8604000,-3201000,5403000
2011/11/01,0,10216000,-2055000,8161000
2011/11/02,0,6453000,-3457200,2995800
2011/11/03,0,9056000,-7802000,1254000
2011/11/04,0,8307000,-3895000,4412000
2011/11/07,0,3135000,-567000,2568000
2011/11/08,0,5112134,-2190256,2921878
2011/11/09,0,2511428,-1402000,1109428
2011/11/10,0,2458428,-6829000,-4370572
2011/11/11,0,2169000,-4437700,-2268700
2011/11/14,0,2062000,-346000,1716000
2011/11/15,0,2573000,-1723000,850000
2011/11/16,0,2796000,-6280000,-3484000
2011/11/17,0,3160714,-2011376,1149338
2011/11/18,0,7474000,-5700334,1773666
2011/11/21,0,2462000,-5659000,-3197000
2011/11/22,0,2238000,-3139000,-901000
2011/11/23,0,4260000,-13414000,-9154000
2011/11/24,0,5127000,-1953000,3174000
2011/11/25,0,1341000,-9681000,-8340000
2011/11/28,0,2766312,-3291000,-524688
2011/11/29,0,3716000,-4527038,-811038
2011/11/30,0,12205139,-9842000,2363139
2011/12/01,0,14660000,-839606,13820394
2011/12/02,0,8948000,-1351000,7597000
2011/12/05,0,2894000,-2025435,868565
2011/12/06,0,5116000,-3050000,2066000
2011/12/07,0,7848000,-3763025,4084975
2011/12/08,0,5113000,-4009641,1103359
2011/12/09,0,2801641,-7119000,-4317359
2011/12/12,0,2068000,-1591000,477000
2011/12/13,0,1837000,-3199000,-1362000
2011/12/14,0,1877000,-2223640,-346640
2011/12/15,0,4251000,-8551000,-4300000
2011/12/16,0,2452000,-1366000,1086000
2011/12/19,0,5973000,-5163000,810000
2011/12/20,0,8316000,-7169600,1146400
2011/12/21,0,487000,-3611400,-3124400
2011/12/22,0,4596000,-4628192,-32192
2011/12/23,0,4501000,-2539980,1961020
2011/12/26,0,891000,-1410000,-519000
2011/12/27,0,3467000,-609000,2858000
2011/12/28,0,4558000,-1492000,3066000
2011/12/29,0,5980000,-862000,5118000
2011/12/30,0,8967074,-1571000,7396074
2012/01/02,0,329000,-2396000,-2067000
2012/01/03,0,5054000,-868000,4186000
2012/01/04,0,3076000,-3741483,-665483
2012/01/05,0,3539000,-3005733,533267
2012/01/06,0,3455071,-4670000,-1214929
2012/01/09,0,3824000,-1736000,2088000
2012/01/10,0,11081000,-2050388,9030612
2012/01/11,0,5749000,-3468000,2281000
2012/01/12,0,8249000,-1085000,7164000
2012/01/13,0,11281000,-1529000,9752000
2012/01/16,0,1481000,-7050000,-5569000
2012/01/17,0,5945000,-1938000,4007000
2012/01/18,0,6800909,-4129000,2671909
2012/01/19,0,0,0,0
2012/01/20,0,0,0,0
2012/01/23,0,0,0,0
2012/01/24,0,0,0,0
2012/01/25,0,0,0,0
2012/01/26,0,0,0,0
2012/01/27,0,0,0,0
2012/01/30,0,16608972,-15928476,680496
2012/01/31,0,24451144,-8448000,16003144
2012/02/01,0,7595000,-7361000,234000
2012/02/02,0,7761000,-2067000,5694000
2012/02/03,0,1818000,-13697969,-11879969
2012/02/06,0,6645000,-7082311,-437311
2012/02/07,0,6655000,-2427000,4228000
2012/02/08,0,10536000,-706000,9830000
2012/02/09,0,4620000,-2445031,2174969
2012/02/10,0,4403000,-2253863,2149137
2012/02/13,0,8010000,-242000,7768000
2012/02/14,0,3912220,-2985900,926320
2012/02/15,0,11563000,-2312000,9251000
2012/02/16,0,6365000,-1728000,4637000
2012/02/17,0,14876000,-1910000,12966000
2012/02/20,0,2890000,-1556000,1334000
2012/02/21,0,2651280,-2545000,106280
2012/02/22,0,11043000,-801000,10242000
2012/02/23,0,3742000,-6444000,-2702000
2012/02/24,0,5917100,-2210000,3707100
2012/02/27,0,0,0,0
2012/02/28,0,0,0,0
2012/02/29,0,24786844,-17594000,7192844
2012/03/01,0,5350269,-1138000,4212269
2012/03/02,0,5167395,-4070000,1097395
2012/03/05,0,2454000,-3774000,-1320000
2012/03/06,0,5932000,-2083000,3849000
2012/03/07,0,1687000,-3080000,-1393000
2012/03/08,0,4263000,-3093000,1170000
2012/03/09,0,1644000,-2856000,-1212000
2012/03/12,0,1654000,-2362000,-708000
2012/03/13,0,10298000,-1791217,8506783
2012/03/14,0,8191250,-2739765,5451485
2012/03/15,0,2325000,-4203000,-1878000
2012/03/16,0,2485000,-1917000,568000
2012/03/19,0,2468000,-3776419,-1308419
2012/03/20,0,2883000,-2334000,549000
2012/03/21,0,3126903,-4518903,-1392000
2012/03/22,0,5021000,-225000,4796000
2012/03/23,0,2757000,-864000,1893000
2012/03/26,0,1947285,-13235000,-11287715
2012/03/27,0,5413000,-1339929,4073071
2012/03/28,0,1358000,-1393906,-35906
2012/03/29,0,3927000,-5419000,-1492000
2012/03/30,0,8052199,-10681000,-2628801
2012/04/02,0,2793000,-7999000,-5206000
2012/04/03,0,6057295,-4112325,1944970
2012/04/04,0,0,0,0
2012/04/05,0,3878000,-4565267,-687267
2012/04/06,0,1109152,-11125000,-10015848
2012/04/09,0,1752000,-12592000,-10840000
2012/04/10,0,4561000,-6400071,-1839071
2012/04/11,0,810000,-14942931,-14132931
2012/04/12,0,2740000,-19818000,-17078000
2012/04/13,0,11780550,-17881000,-6100450
2012/04/16,0,2300000,-15464000,-13164000
2012/04/17,0,5781000,-16071857,-10290857
2012/04/18,0,6508000,-14087909,-7579909
2012/04/19,0,6563000,-10734000,-4171000
2012/04/20,0,17555000,-28105589,-10550589
2012/04/23,0,13672000,-8050000,5622000
2012/04/24,0,10764000,-10223000,541000
2012/04/25,0,8961000,-26937618,-17976618
2012/04/26,0,9493000,-15301000,-5808000
2012/04/27,0,10810878,-17486000,-6675122
2012/04/30,0,15898000,-22413977,-6515977
2012/05/01,0,0,0,0
2012/05/02,0,21424765,-21955932,-531167
2012/05/03,0,17838000,-21770196,-3932196
2012/05/04,0,15917000,-25374000,-9457000
2012/05/07,0,15755000,-26877714,-11122714
2012/05/08,0,20751000,-20279828,471172
2012/05/09,0,13346470,-32748470,-19402000
2012/05/10,0,18045902,-26027838,-7981936
2012/05/11,0,8008446,-23722315,-15713869
2012/05/14,0,6205000,-11933470,-5728470
2012/05/15,0,11270000,-17646800,-6376800
2012/05/16,0,29874714,-32823000,-2948286
2012/05/17,0,37284000,-19942000,17342000
2012/05/18,0,28365000,-21034000,7331000
2012/05/21,0,28307000,-25171000,3136000
2012/05/22,0,16355000,-22780002,-6425002
2012/05/23,0,4730714,-27068000,-22337286
2012/05/24,0,4447000,-16619000,-12172000
2012/05/25,0,19975000,-22390563,-2415563
2012/05/28,0,17442898,-39254000,-21811102
2012/05/29,0,20959000,-40216000,-19257000
2012/05/30,0,55855000,-71475536,-15620536
2012/05/31,0,85904858,-74718391,11186467
2012/06/01,0,18195000,-27145411,-8950411
2012/06/04,0,17962931,-11423000,6539931
2012/06/05,0,7458000,-13832000,-6374000
2012/06/06,0,16263400,-43747268,-27483868
2012/06/07,0,92381323,-89134800,3246523
2012/06/08,0,8710811,-7243200,1467611
2012/06/11,0,19890372,-12133000,7757372
2012/06/12,0,5591000,-11648000,-6057000
2012/06/13,0,14144921,-26440332,-12295411
2012/06/14,0,9150343,-14823611,-5673268
2012/06/15,0,25586000,-54495073,-28909073
2012/06/18,0,17488837,-14884000,2604837
2012/06/19,0,6552518,-17072740,-10520222
2012/06/20,0,18157732,-17726460,431272
2012/06/21,0,44222393,-46177400,-1955007
2012/06/22,0,3071127,-13270550,-10199423
2012/06/25,0,3154000,-10704275,-7550275
2012/06/26,0,4740381,-4055000,685381
2012/06/27,0,6515000,-5459579,1055421
2012/06/28,0,30815200,-35546702,-4731502
2012/06/29,0,18250065,-7553000,10697065
2012/07/02,0,5072000,-10029373,-4957373
2012/07/03,0,8266714,-2320000,5946714
2012/07/04,0,5989493,-15455040,-9465547
2012/07/05,0,7767000,-844000,6923000
2012/07/06,0,10287000,-6533000,3754000
2012/07/09,0,4511000,-1487000,3024000
2012/07/10,0,5151732,-4577736,573996
2012/07/11,0,4101000,-3125000,976000
2012/07/12,0,1292000,-6321000,-5029000
2012/07/13,0,3408788,-1951330,1457458
2012/07/16,0,3651000,-2923000,728000
2012/07/17,0,8286000,-3852000,4434000
2012/07/18,0,8332000,-9477423,-1145423
2012/07/19,0,33590000,-11493714,22096286
2012/07/20,0,19266000,-13629428,5636572
2012/07/23,0,5473000,-16925000,-11452000
2012/07/24,0,6757000,-5354085,1402915
2012/07/25,0,3795000,-9327000,-5532000
2012/07/26,0,2792531,-13369170,-10576639
2012/07/27,0,11422002,-15707000,-4284998
2012/07/30,0,7318195,-13125000,-5806805
2012/07/31,0,20406011,-32283525,-11877514
2012/08/01,0,26021000,-13619600,12401400
2012/08/02,0,0,0,0
2012/08/03,0,7598317,-14976914,-7378597
2012/08/06,0,15161000,-8189800,6971200
2012/08/07,0,15764000,-2445000,13319000
2012/08/08,0,10619028,-4564038,6054990
2012/08/09,0,19394000,-12648000,6746000
2012/08/10,0,15773000,-10348000,5425000
2012/08/13,0,5999000,-5244000,755000
2012/08/14,0,31930000,-31724000,206000
2012/08/15,0,12387000,-2462000,9925000
2012/08/16,0,5477000,-19291000,-13814000
2012/08/17,0,24602000,-23422086,1179914
2012/08/20,0,6306000,-2935000,3371000
2012/08/21,0,15688303,-4642214,11046089
2012/08/22,0,4614154,-13513000,-8898846
2012/08/23,0,8101730,-15250397,-7148667
2012/08/24,0,1123000,-637570,485430
2012/08/27,0,3801000,-4536000,-735000
2012/08/28,0,2313060,-3070000,-756940
2012/08/29,0,3744000,-5810000,-2066000
2012/08/30,0,13525000,-13772000,-247000
2012/08/31,0,17608881,-19707155,-2098274
2012/09/03,0,2196000,-6068000,-3872000
2012/09/04,0,873000,-2337000,-1464000
2012/09/05,0,100000,-8856414,-8756414
2012/09/06,0,163000,-4170000,-4007000
2012/09/07,0,4122000,-5873803,-1751803
2012/09/10,0,13503000,-15158000,-1655000
2012/09/11,0,3004000,-3276000,-272000
2012/09/12,0,8351000,-10093000,-1742000
2012/09/13,0,5923000,-8227562,-2304562
2012/09/14,0,18145000,-4851000,13294000
2012/09/17,0,10724000,-3410000,7314000
2012/09/18,0,7622000,-2785000,4837000
2012/09/19,0,7630000,-5374630,2255370
2012/09/20,0,6965000,-4539000,2426000
2012/09/21,0,10901600,-9686000,1215600
2012/09/24,0,7196574,-4944000,2252574
2012/09/25,0,11543000,-1296000,10247000
2012/09/26,0,5559000,-2241000,3318000
2012/09/27,0,10498000,-2310932,8187068
2012/09/28,0,8660000,-9135958,-475958
2012/10/01,0,4552000,-4107854,444146
2012/10/02,0,5001000,-909000,4092000
2012/10/03,0,671000,-4631000,-3960000
2012/10/04,0,6662000,-5779000,883000
2012/10/05,0,2907000,-1021000,1886000
2012/10/08,0,6213800,-2992000,3221800
2012/10/09,0,10921000,-4147445,6773555
2012/10/10,0,0,0,0
2012/10/11,0,1640000,-6108000,-4468000
2012/10/12,0,2747000,-12633000,-9886000
2012/10/15,0,2388000,-2973400,-585400
2012/10/16,0,7644000,-2872000,4772000
2012/10/17,0,7235000,-13425005,-6190005
2012/10/18,0,8941000,-4152978,4788022
2012/10/19,0,7147000,-4555000,2592000
2012/10/22,0,2408000,-4226468,-1818468
2012/10/23,0,3539200,-7264072,-3724872
2012/10/24,0,4937000,-14555897,-9618897
2012/10/25,0,2096000,-4475000,-2379000
2012/10/26,0,8908000,-10165000,-1257000
2012/10/29,0,3489500,-4138793,-649293
2012/10/30,0,24177000,-28581000,-4404000
2012/10/31,0,4197000,-7591470,-3394470
2012/11/01,0,4778000,-9310000,-4532000
2012/11/02,0,13089000,-7127000,5962000
2012/11/05,0,6416000,-4784000,1632000
2012/11/06,0,7182000,-2165000,5017000
2012/11/07,0,5721000,-4766000,955000
2012/11/08,0,6287000,-17488000,-11201000
2012/11/09,0,4161000,-6174000,-2013000
2012/11/12,0,2873000,-3535000,-662000
2012/11/13,0,3558000,-13516000,-9958000
2012/11/14,0,2048000,-5881000,-3833000
2012/11/15,0,4813000,-5677006,-864006
2012/11/16,0,2016000,-5501000,-3485000
2012/11/19,0,4169000,-10120000,-5951000
2012/11/20,0,8682000,-7377000,1305000
2012/11/21,0,4155000,-9595000,-5440000
2012/11/22,0,6376000,-1366203,5009797
2012/11/23,0,21865000,-879000,20986000
2012/11/26,0,9357000,-4896000,4461000
2012/11/27,0,12126000,-18305000,-6179000
2012/11/28,0,8117800,-11662477,-3544677
2012/11/29,0,17071000,-16181000,890000
2012/11/30,0,26958000,-28158932,-1200932
2012/12/03,0,10711000,-5430992,5280008
2012/12/04,0,8048000,-4524000,3524000
2012/12/05,0,21316000,-8243000,13073000
2012/12/06,0,11242000,-3936612,7305388
2012/12/07,0,9685000,-1012000,8673000
2012/12/10,0,7604000,-1316000,6288000
2012/12/11,0,16747629,-2094000,14653629
2012/12/12,0,12323000,-2745000,9578000
2012/12/13,0,8992276,-4113000,4879276
2012/12/14,0,9683635,-6862000,2821635
2012/12/17,0,7656190,-7089000,567190
2012/12/18,0,8567000,-3642000,4925000
2012/12/19,0,9536000,-3130100,6405900
2012/12/20,0,8815000,-10135000,-1320000
2012/12/21,0,8495000,-7294725,1200275
2012/12/24,0,2918000,-1594000,1324000
2012/12/25,0,6393000,-1432000,4961000
2012/12/26,0,5165000,-4388000,777000
2012/12/27,0,6584676,-6217000,367676
2012/12/28,0,9389000,-42112441,-32723441
2012/12/31,0,0,0,0
2013/01/01,0,0,0,0
2013/01/02,0,12609000,-1533000,11076000
2013/01/03,0,6923000,-1008000,5915000
2013/01/04,0,6816000,-3442000,3374000
2013/01/07,0,5853000,-6921800,-1068800
2013/01/08,0,2079000,-3358000,-1279000
2013/01/09,0,4328000,-15922000,-11594000
2013/01/10,0,17472000,-2199000,15273000
2013/01/11,0,5458000,-2200000,3258000
2013/01/14,0,4527000,-4582000,-55000
2013/01/15,0,15276000,-4806000,10470000
2013/01/16,0,12108000,-11214000,894000
2013/01/17,0,30900500,-17391000,13509500
2013/01/18,0,3731000,-10679000,-6948000
2013/01/21,0,6396000,-2149000,4247000
2013/01/22,0,27547000,-5838959,21708041
2013/01/23,0,11438400,-6857705,4580695
2013/01/24,0,4185000,-4309000,-124000
2013/01/25,0,2799600,-9567400,-6767800
2013/01/28,0,8582000,-1672000,6910000
2013/01/29,0,10389200,-930000,9459200
2013/01/30,0,16890000,-2381600,14508400
2013/01/31,0,19917000,-9844000,10073000
2013/02/01,0,4179000,-1264000,2915000
2013/02/04,0,11686000,-5573000,6113000
2013/02/05,0,15894261,-10406600,5487661
2013/02/06,0,22940000,-8444000,14496000
2013/02/07,0,0,0,0
2013/02/08,0,0,0,0
2013/02/11,0,0,0,0
2013/02/12,0,0,0,0
2013/02/13,0,0,0,0
2013/02/14,0,0,0,0
2013/02/15,0,0,0,0
2013/02/18,0,19626351,-18680600,945751
2013/02/19,0,6556588,-4907000,1649588
2013/02/20,0,12266669,-10702800,1563869
2013/02/21,0,12351000,-5060338,7290662
2013/02/22,0,6804000,-10052000,-3248000
2013/02/25,0,18560000,-8299134,10260866
2013/02/26,0,3706000,-6519981,-2813981
2013/02/27,0,8861000,-11771084,-2910084
2013/02/28,0,0,0,0
2013/03/01,0,2810000,-2988000,-178000
2013/03/04,0,5358000,-16448000,-11090000
2013/03/05,0,10007000,-6271000,3736000
2013/03/06,0,3835000,-1876000,1959000
2013/03/07,0,3421800,-3455546,-33746
2013/03/08,0,15200900,-2788000,12412900
2013/03/11,0,5178306,-4692000,486306
2013/03/12,0,1629000,-4854053,-3225053
2013/03/13,0,5154000,-3050000,2104000
2013/03/14,0,1045000,-11142104,-10097104
2013/03/15,0,4772000,-9080000,-4308000
2013/03/18,0,3628000,-10599000,-6971000
2013/03/19,0,17256000,-12374000,4882000
2013/03/20,0,2886000,-17068715,-14182715
2013/03/21,0,11061242,-8335000,2726242
2013/03/22,0,1869000,-6979771,-5110771
2013/03/25,0,3574000,-3834000,-260000
2013/03/26,0,7949000,-11048600,-3099600
2013/03/27,0,5323000,-2708000,2615000
2013/03/28,0,10191000,-18899048,-8708048
2013/03/29,0,5704000,-1595000,4109000
2013/04/01,0,3941513,-190000,3751513
2013/04/02,0,9175000,-1273000,7902000
2013/04/03,0,5677000,-13166707,-7489707
2013/04/04,0,0,0,0
2013/04/05,0,0,0,0
2013/04/08,0,21841000,-13155400,8685600
2013/04/09,0,3284000,-12747546,-9463546
2013/04/10,0,2706000,-13671000,-10965000
2013/04/11,0,2503372,-4658500,-2155128
2013/04/12,0,2936000,-2616000,320000
2013/04/15,0,6441166,-1794000,4647166
2013/04/16,0,11568642,-2557000,9011642
2013/04/17,0,2508000,-20922000,-18414000
2013/04/18,0,4122000,-7792024,-3670024
2013/04/19,0,8699000,-3367000,5332000
2013/04/22,0,1296000,-4314000,-3018000
2013/04/23,0,4716000,-13492197,-8776197
2013/04/24,0,19028000,-8601000,10427000
2013/04/25,0,14959378,-6859200,8100178
2013/04/26,0,10035000,-9442600,592400
2013/04/29,0,7807000,-17496000,-9689000
2013/04/30,0,18104000,-21478400,-3374400
2013/05/01,0,0,0,0
2013/05/02,0,11529000,-6791824,4737176
2013/05/03,0,6208000,-4291000,1917000
2013/05/06,0,6848000,-1053937,5794063
2013/05/07,0,7216442,-1717000,5499442
2013/05/08,0,15833714,-7250536,8583178
2013/05/09,0,9295833,-6574000,2721833
2013/05/10,0,9174000,-1731000,7443000
2013/05/13,0,2109000,-2114710,-5710
2013/05/14,0,6432000,-10828250,-4396250
2013/05/15,0,5970000,-5940690,29310
2013/05/16,0,26147700,-12987000,13160700
2013/05/17,0,5998000,-11065000,-5067000
2013/05/20,0,9513000,-2049200,7463800
2013/05/21,0,5300000,-4054060,1245940
2013/05/22,0,7320000,-1783140,5536860
2013/05/23,0,13618000,-21244860,-7626860
2013/05/24,0,8726160,-5406000,3320160
2013/05/27,0,5281693,-1062000,4219693
2013/05/28,0,7010000,-4410616,2599384
2013/05/29,0,11160000,-12858000,-1698000
2013/05/30,0,3776000,-18743900,-14967900
2013/05/31,0,75424255,-51188500,24235755
2013/06/03,0,10172000,-13585000,-3413000
2013/06/04,0,4228000,-14681000,-10453000
2013/06/05,0,7116514,-7212000,-95486
2013/06/06,0,4446707,-9015000,-4568293
2013/06/07,0,2619024,-7618572,-4999548
2013/06/10,0,6798340,-3311000,3487340
2013/06/11,0,4795718,-19481000,-14685282
2013/06/12,0,0,0,0
2013/06/13,0,2054420,-16513121,-14458701
2013/06/14,0,3501000,-7446000,-3945000
2013/06/17,0,7627000,-7608696,18304
2013/06/18,0,7328250,-11528755,-4200505
2013/06/19,0,4299000,-14740833,-10441833
2013/06/20,0,4308000,-7465160,-3157160
2013/06/21,0,8136000,-19953188,-11817188
2013/06/24,0,3750000,-13624000,-9874000
2013/06/25,0,5031000,-12885319,-7854319
2013/06/26,0,23262000,-19733263,3528737
2013/06/27,0,9185000,-6820000,2365000
2013/06/28,0,26145000,-7771000,18374000
2013/07/01,0,9702000,-6382800,3319200
2013/07/02,0,6623105,-8489778,-1866673
2013/07/03,0,5203000,-15557400,-10354400
2013/07/04,0,2870000,-2693000,177000
2013/07/05,0,8507000,-2808000,5699000
2013/07/08,0,4024000,-12789000,-8765000
2013/07/09,0,12385000,-5010000,7375000
2013/07/10,0,10083000,-7400000,2683000
2013/07/11,0,22979085,-9098000,13881085
2013/07/12,0,12957000,-9673000,3284000
2013/07/15,0,10487000,-6916000,3571000
2013/07/16,0,15235000,-11030000,4205000
2013/07/17,0,24098000,-6361000,17737000
2013/07/18,0,18269000,-5737000,12532000
2013/07/19,0,21355808,-31228000,-9872192
2013/07/22,0,16756565,-3374400,13382165
2013/07/23,0,21032000,-1362000,19670000
2013/07/24,0,7469200,-4226000,3243200
2013/07/25,0,12398000,-1595000,10803000
2013/07/26,0,18545000,-1972400,16572600
2013/07/29,0,4261000,-5670536,-1409536
2013/07/30,0,8523000,-7386000,1137000
2013/07/31,0,7583000,-12660000,-5077000
2013/08/01,0,1920000,-2878000,-958000
2013/08/02,0,8241000,-4275000,3966000
2013/08/05,0,5612728,-5173000,439728
2013/08/06,0,2955000,-11248000,-8293000
2013/08/07,0,4594000,-6970000,-2376000
2013/08/08,0,5477000,-11428000,-5951000
2013/08/09,0,3885000,-12356000,-8471000
2013/08/12,0,2468000,-5416000,-2948000
2013/08/13,0,3737000,-1040000,2697000
2013/08/14,0,2420662,-8803000,-6382338
2013/08/15,0,3645000,-11552226,-7907226
2013/08/16,0,7430645,-5978000,1452645
2013/08/19,0,4342000,-7522000,-3180000
2013/08/20,0,4208406,-7118206,-2909800
2013/08/21,0,0,0,0
2013/08/22,0,10136406,-21160357,-11023951
2013/08/23,0,3298000,-9330000,-6032000
2013/08/26,0,2021000,-1449000,572000
2013/08/27,0,2953000,-3902000,-949000
2013/08/28,0,1589000,-7122000,-5533000
2013/08/29,0,10322057,-5645000,4677057
2013/08/30,0,9186000,-7177000,2009000
2013/09/02,0,4688000,-1210000,3478000
2013/09/03,0,7766000,-7814000,-48000
2013/09/04,0,11816000,-9525210,2290790
2013/09/05,0,10128369,-5983000,4145369
2013/09/06,0,8263000,-7100000,1163000
2013/09/09,0,11433000,-2373000,9060000
2013/09/10,0,15385000,-4282000,11103000
2013/09/11,0,16805000,-1982684,14822316
2013/09/12,0,10639000,-1417000,9222000
2013/09/13,0,8284000,-3832621,4451379
2013/09/16,0,15208000,-444490,14763510
2013/09/17,0,13745000,-2473327,11271673
2013/09/18,0,13469868,-3966000,9503868
2013/09/19,0,0,0,0
2013/09/20,0,0,0,0
2013/09/23,0,20964000,-4113000,16851000
2013/09/24,0,10039000,-5599011,4439989
2013/09/25,0,15450000,-7550000,7900000
2013/09/26,0,11491000,-4163600,7327400
2013/09/27,0,27893000,-5032793,22860207
2013/09/30,0,11701000,-10018225,1682775
2013/10/01,0,5176000,-5019369,156631
2013/10/02,0,7571115,-4863810,2707305
2013/10/03,0,18613675,-1347000,17266675
2013/10/04,0,20312000,-204000,20108000
2013/10/07,0,5072836,-4087000,985836
2013/10/08,0,12436000,-568000,11868000
2013/10/09,0,10435000,-7838123,2596877
2013/10/10,0,0,0,0
2013/10/11,0,10873000,-4496000,6377000
2013/10/14,0,2806000,-1278330,1527670
2013/10/15,0,7628000,-1808961,5819039
2013/10/16,0,6884000,-1721400,5162600
2013/10/17,0,8105000,-460000,7645000
2013/10/18,0,4415000,-558123,3856877
2013/10/21,0,7979000,-741500,7237500
2013/10/22,0,9549000,-281000,9268000
2013/10/23,0,8679333,-2742061,5937272
2013/10/24,0,7331000,-602000,6729000
2013/10/25,0,4846000,-11064384,-6218384
2013/10/28,0,5421000,-5919636,-498636
2013/10/29,0,18211000,-5973536,12237464
2013/10/30,0,14956000,-1334000,13622000
2013/10/31,0,13074000,-11262431,1811569
2013/11/01,0,4673000,-1262000,3411000
2013/11/04,0,3215000,-2227000,988000
2013/11/05,0,6129000,-4649501,1479499
2013/11/06,0,6795000,-3066000,3729000
2013/11/07,0,1913000,-5256000,-3343000
2013/11/08,0,4141000,-3452000,689000
2013/11/11,0,1200000,-5211000,-4011000
2013/11/12,0,6219000,-10585000,-4366000
2013/11/13,0,5034363,-9358000,-4323637
2013/11/14,0,2432000,-11669188,-9237188
2013/11/15,0,3662000,-2034256,1627744
2013/11/18,0,5051000,-2079649,2971351
2013/11/19,0,3438398,-2295398,1143000
2013/11/20,0,5383000,-5618278,-235278
2013/11/21,0,7285000,-10777000,-3492000
2013/11/22,0,6974000,-6281775,692225
2013/11/25,0,7467000,-1145000,6322000
2013/11/26,0,11440659,-16681751,-5241092
2013/11/27,0,4349836,-8295467,-3945631
2013/11/28,0,7534000,-3022240,4511760
2013/11/29,0,6925000,-2577000,4348000
2013/12/02,0,3922836,-2170000,1752836
2013/12/03,0,10035630,-3244111,6791519
2013/12/04,0,7937000,-9798000,-1861000
2013/12/05,0,3926000,-11737000,-7811000
2013/12/06,0,8992000,-8972888,19112
2013/12/09,0,10363000,-5525696,4837304
2013/12/10,0,6904000,-6151559,752441
2013/12/11,0,9961000,-3039972,6921028
2013/12/12,0,2910000,-5869604,-2959604
2013/12/13,0,5129000,-3735888,1393112
2013/12/16,0,4864001,-5303574,-439573
2013/12/17,0,1914000,-5123638,-3209638
2013/12/18,0,13322000,-7580001,5741999
2013/12/19,0,10096000,-1285646,8810354
2013/12/20,0,5743000,-6331285,-588285
2013/12/23,0,2901000,-3815644,-914644
2013/12/24,0,1107000,-1202000,-95000
2013/12/25,0,1448000,-330000,1118000
2013/12/26,0,82000,-140000,-58000
2013/12/27,0,6196000,-989000,5207000
2013/12/30,0,9805000,-639121,9165879
2013/12/31,0,7758000,-3522000,4236000
2014/01/02,0,5466000,-1766000,3700000
2014/01/03,0,2032000,-8274000,-6242000
2014/01/06,0,9286392,-10883617,-1597225
2014/01/07,0,5936000,-11679000,-5743000
2014/01/08,0,6099000,-14803000,-8704000
2014/01/09,0,33969000,-16130000,17839000
2014/01/10,0,25693000,-13063848,12629152
2014/01/13,0,19253000,-9902000,9351000
2014/01/14,0,13973000,-9261000,4712000
2014/01/15,0,16331000,-3567768,12763232
2014/01/16,0,5413000,-12870609,-7457609
2014/01/17,0,3869836,-6387312,-2517476
2014/01/20,0,4400000,-953600,3446400
2014/01/21,0,6392000,-3219189,3172811
2014/01/22,0,8849000,-4182000,4667000
2014/01/23,0,3703000,-4879000,-1176000
2014/01/24,0,8105000,-11225651,-3120651
2014/01/27,0,10250000,-60627899,-50377899
2014/02/05,0,25109000,-54139674,-29030674
2014/02/06,0,19882000,-24483000,-4601000
2014/02/07,0,9477000,-11650375,-2173375
2014/02/10,0,507000,-6662000,-6155000
2014/02/11,0,5920135,-7431633,-1511498
2014/02/12,0,4015000,-5419712,-1404712
2014/02/13,0,4297806,-6720324,-2422518
2014/02/14,0,15333000,-5330921,10002079
2014/02/17,0,4411000,-9123000,-4712000
2014/02/18,0,7077000,-4209778,2867222
2014/02/19,0,5474000,-3380000,2094000
2014/02/20,0,5930000,-6105063,-175063
2014/02/21,0,9382000,-4106000,5276000
2014/02/24,0,5083000,-3138400,1944600
2014/02/25,0,6801709,-2873051,3928658
2014/02/26,0,12001000,-11508195,492805
2014/02/27,0,10730000,-9921621,808379
2014/03/03,0,7868000,-15811595,-7943595
2014/03/04,0,4609000,-5557000,-948000
2014/03/05,0,2011000,-2159000,-148000
2014/03/06,0,5223000,-6659000,-1436000
2014/03/07,0,10660000,-1118000,9542000
2014/03/10,0,3796000,-6434028,-2638028
2014/03/11,0,1216000,-5613250,-4397250
2014/03/12,0,3620000,-4702142,-1082142
2014/03/13,0,4993000,-2294967,2698033
2014/03/14,0,3178000,-6171000,-2993000
2014/03/17,0,2056000,-2940000,-884000
2014/03/18,0,6576000,-4148400,2427600
2014/03/19,0,4055000,-4023000,32000
2014/03/20,0,4707000,-11163435,-6456435
2014/03/21,0,6317000,-17566357,-11249357
2014/03/24,0,7066050,-1365000,5701050
2014/03/25,0,5989000,-3979000,2010000
2014/03/26,0,5282000,-5504462,-222462
2014/03/27,0,8562000,-1334000,7228000
2014/03/28,0,19604000,-2530000,17074000
2014/03/31,0,7586498,-4411000,3175498
2014/04/01,0,8886000,-3529307,5356693
2014/04/02,0,9558000,-2139000,7419000
2014/04/03,0,20715000,-5056000,15659000
2014/04/07,0,10510000,-15495000,-4985000
2014/04/08,0,7100029,-4593000,2507029
2014/04/09,0,14373000,-4987268,9385732
2014/04/10,0,7643000,-4422591,3220409
2014/04/11,0,7890000,-3089000,4801000
2014/04/14,0,4148000,-2580000,1568000
2014/04/15,0,2651000,-5570000,-2919000
2014/04/16,0,7499000,-6843000,656000
2014/04/17,0,2337000,-5979000,-3642000
2014/04/18,0,3760000,-18000,3742000
2014/04/21,0,3498000,-1454000,2044000
2014/04/22,0,2325000,-1582000,743000
2014/04/23,0,5333000,-2505000,2828000
2014/04/24,0,17790000,-3016000,14774000
2014/04/25,0,15308900,-3982000,11326900
2014/04/28,0,4723000,-5553000,-830000
2014/04/29,0,6752000,-3437000,3315000
2014/04/30,0,14638000,-10262000,4376000
2014/05/02,0,4541000,-2544000,1997000
2014/05/05,0,1655000,-2401000,-746000
2014/05/06,0,2879000,-2912000,-33000
2014/05/07,0,5946000,-7144000,-1198000
2014/05/08,0,9031000,-3210000,5821000
2014/05/09,0,4290000,-10966507,-6676507
2014/05/12,0,4455029,-4800000,-344971
2014/05/13,0,8036000,-4354000,3682000
2014/05/14,0,15160000,-690000,14470000
2014/05/15,0,7842000,-822000,7020000
2014/05/16,0,12173980,-3175000,8998980
2014/05/19,0,7143000,-2154867,4988133
2014/05/20,0,6547000,-2650734,3896266
2014/05/21,0,5257000,-6119050,-862050
2014/05/22,0,6140000,-1763000,4377000
2014/05/23,0,9386000,-4219550,5166450
2014/05/26,0,5141000,-3280000,1861000
2014/05/27,0,3085000,-561000,2524000
2014/05/28,0,13873000,-5033237,8839763
2014/05/29,0,6147000,-3415266,2731734
2014/05/30,0,17647000,-16694801,952199
2014/06/03,0,16547000,-2604000,13943000
2014/06/04,0,5641000,-2972000,2669000
2014/06/05,0,6365000,-1967000,4398000
2014/06/06,0,9581000,-1647000,7934000
2014/06/09,0,6718000,-5916000,802000
2014/06/10,0,19405406,-2820000,16585406
2014/06/11,0,4644000,-1170000,3474000
2014/06/12,0,7216000,-4598000,2618000
2014/06/13,0,9052000,-3822000,5230000
2014/06/16,0,5447000,-3480800,1966200
2014/06/17,0,9347000,-1779809,7567191
2014/06/18,0,18442000,-4496000,13946000
2014/06/19,0,6364335,-4463000,1901335
2014/06/20,0,13432700,-4076739,9355961
2014/06/23,0,17431000,-7166612,10264388
2014/06/24,0,6636000,-12197832,-5561832
2014/06/25,0,3944000,-5785340,-1841340
2014/06/26,0,7726573,-3046000,4680573
2014/06/27,0,3350000,-3868000,-518000
2014/06/30,0,6060000,-4123000,1937000
2014/07/01,0,5299000,-2610000,2689000
2014/07/02,0,6103057,-4059939,2043118
2014/07/03,0,979000,-7533000,-6554000
2014/07/04,0,2719224,-5029000,-2309776
2014/07/07,0,4372051,-7245000,-2872949
2014/07/08,0,9944140,-4622000,5322140
2014/07/09,0,9925000,-4654000,5271000
2014/07/10,0,27796632,-10683000,17113632
2014/07/11,0,18352567,-7074000,11278567
2014/07/14,0,10869000,-14559000,-3690000
2014/07/15,0,27116622,-7128000,19988622
2014/07/16,0,21455100,-12629000,8826100
2014/07/17,0,13302081,-8883846,4418235
2014/07/18,0,8406000,-3302000,5104000
2014/07/21,0,6352000,-6503701,-151701
2014/07/22,0,16472000,-3893700,12578300
2014/07/23,0,0,0,0
2014/07/24,0,20415456,-1000000,19415456
2014/07/25,0,9853000,-1534000,8319000
2014/07/28,0,8762000,-3558000,5204000
2014/07/29,0,30580000,-14491411,16088589
2014/07/30,0,13365000,-15634000,-2269000
2014/07/31,0,8397000,-15047000,-6650000
2014/08/01,0,7024000,-11355000,-4331000
2014/08/04,0,5342000,-7647000,-2305000
2014/08/05,0,14925000,-22481252,-7556252
2014/08/06,0,10078000,-5430000,4648000
2014/08/07,0,7562935,-7368335,194600
2014/08/08,0,7628800,-10507672,-2878872
2014/08/11,0,4538000,-7066000,-2528000
2014/08/12,0,2328000,-7544774,-5216774
2014/08/13,0,12967000,-8516000,4451000
2014/08/14,0,8875850,-9343000,-467150
2014/08/15,0,3610000,-12129000,-8519000
2014/08/18,0,5914000,-5865000,49000
2014/08/19,0,6308971,-3737000,2571971
2014/08/20,0,7335120,-9347000,-2011880
2014/08/21,0,4801000,-9353000,-4552000
2014/08/22,0,23107997,-15992000,7115997
2014/08/25,0,5711000,-2559000,3152000
2014/08/26,0,21826965,-16176000,5650965
2014/08/27,0,11426000,-7393000,4033000
2014/08/28,0,12359563,-2643000,9716563
2014/08/29,0,16547000,-9682000,6865000
2014/09/01,0,9023000,-2899000,6124000
2014/09/02,0,2869000,-3026000,-157000
2014/09/03,0,12620413,-14531000,-1910587
2014/09/04,0,6378143,-2547000,3831143
2014/09/05,0,3488000,-3112000,376000
2014/09/09,0,9013721,-869000,8144721
2014/09/10,0,2005110,-8324000,-6318890
2014/09/11,0,1624000,-2956000,-1332000
2014/09/12,0,1872974,-7445300,-5572326
2014/09/15,0,5956000,-6658000,-702000
2014/09/16,0,3948095,-16534000,-12585905
2014/09/17,0,10987000,-8242115,2744885
2014/09/18,0,3535581,-5019000,-1483419
2014/09/19,0,8429000,-12133890,-3704890
2014/09/22,0,1744000,-11097000,-9353000
2014/09/23,0,6842000,-15013000,-8171000
2014/09/24,0,89823342,-280404818,-190581476
2014/09/25,0,18519000,-34492223,-15973223
2014/09/26,0,11355540,-15024999,-3669459
2014/09/29,0,12843000,-22234000,-9391000
2014/09/30,0,11343000,-23070000,-11727000
2014/10/01,0,11908000,-13364000,-1456000
2014/10/02,0,16942000,-16491000,451000
2014/10/03,0,11805029,-8379000,3426029
2014/10/06,0,15445489,-12377004,3068485
2014/10/07,0,12509000,-9639171,2869829
2014/10/08,0,8489582,-6502582,1987000
2014/10/09,0,7636000,-2093000,5543000
2014/10/13,0,17752000,-8276000,9476000
2014/10/14,0,28034000,-14612000,13422000
2014/10/15,0,22873000,-21250000,1623000
2014/10/16,0,10666000,-11577539,-911539
2014/10/17,0,28152000,-29824000,-1672000
2014/10/20,0,6455000,-2548601,3906399
2014/10/21,0,6234000,-3727000,2507000
2014/10/22,0,5401029,-2606050,2794979
2014/10/23,0,2444029,-1450000,994029
2014/10/24,0,2753000,-6047142,-3294142
2014/10/27,0,13998000,-5347078,8650922
2014/10/28,0,21516000,-5391000,16125000
2014/10/29,0,12378086,-3375000,9003086
2014/10/30,0,11183000,-5871000,5312000
2014/10/31,0,17307000,-6808000,10499000
2014/11/03,0,9546000,-2347000,7199000
2014/11/04,0,13710000,-5375000,8335000
2014/11/05,0,6264561,-1744118,4520443
2014/11/06,0,10313800,-3440592,6873208
2014/11/07,0,6510000,-3789194,2720806
2014/11/10,0,18370000,-3805428,14564572
2014/11/11,0,4979000,-3383000,1596000
2014/11/12,0,1443000,-11543825,-10100825
2014/11/13,0,7245000,-5515000,1730000
2014/11/14,0,3806000,-6405000,-2599000
2014/11/17,0,8811000,-13474628,-4663628
2014/11/18,0,5428836,-3690925,1737911
2014/11/19,0,27305200,-13457000,13848200
2014/11/20,0,6298000,-5089068,1208932
2014/11/21,0,2854000,-4370000,-1516000
2014/11/24,0,4563000,-2007200,2555800
2014/11/25,0,14457688,-9882804,4574884
2014/11/26,0,2544000,-5383000,-2839000
2014/11/27,0,5938000,-3050000,2888000
2014/11/28,0,8792000,-7740000,1052000
2014/12/01,0,8350000,-21416006,-13066006
2014/12/02,0,7961000,-35125000,-27164000
2014/12/03,0,12969000,-11504826,1464174
2014/12/04,0,9614000,-6898000,2716000
2014/12/05,0,8076000,-5404000,2672000
2014/12/08,0,9876000,-2549000,7327000
2014/12/09,0,7038000,-5856000,1182000
2014/12/10,0,9219556,-13598000,-4378444
2014/12/11,0,2963000,-5001543,-2038543
2014/12/12,0,6757836,-12075000,-5317164
2014/12/15,0,3010000,-14143134,-11133134
2014/12/16,0,1757000,-13237106,-11480106
2014/12/17,0,4784000,-30777709,-25993709
2014/12/18,0,4546000,-13834100,-9288100
2014/12/19,0,6986000,-12757188,-5771188
2014/12/22,0,3174000,-5881000,-2707000
2014/12/23,0,3487000,-2469000,1018000
2014/12/24,0,6906000,-2152462,4753538
2014/12/25,0,2320000,-658000,1662000
2014/12/26,0,4234000,-962000,3272000
2014/12/29,0,10704000,-2196000,8508000
2014/12/30,0,7394000,-4488000,2906000
2014/12/31,0,7106000,-5346007,1759993
2015/01/01,0,0,0,0
2015/01/02,0,0,0,0
2015/01/05,0,1991000,-9305000,-7314000
2015/01/06,0,24261000,-37642453,-13381453
2015/01/07,0,11203000,-43571000,-32368000
2015/01/08,0,9376000,-23562272,-14186272
2015/01/09,0,11568000,-13966834,-2398834
2015/01/12,0,11184000,-6431489,4752511
2015/01/13,0,9276000,-16680757,-7404757
2015/01/14,0,3911000,-27484000,-23573000
2015/01/15,0,2900000,-19345800,-16445800
2015/01/16,0,1145000,-26557787,-25412787
2015/01/19,0,2884000,-3944000,-1060000
2015/01/20,0,9738000,-11077058,-1339058
2015/01/21,0,18882000,-5644076,13237924
2015/01/22,0,11378000,-13605000,-2227000
2015/01/23,0,14455000,-18081571,-3626571
2015/01/26,0,11416000,-5501643,5914357
2015/01/27,0,15966000,-3583000,12383000
2015/01/28,0,21452000,-4940000,16512000
2015/01/29,0,10777000,-10486000,291000
2015/01/30,0,12693000,-12833000,-140000
2015/02/02,0,5700000,-5738600,-38600
2015/02/03,0,6725000,-4740000,1985000
2015/02/04,0,13518560,-14197732,-679172
2015/02/05,0,4331000,-6072000,-1741000
2015/02/06,0,7821000,-9157000,-1336000
2015/02/09,0,12711000,-4512000,8199000
2015/02/10,0,8735000,-13510641,-4775641
2015/02/11,0,17382041,-6969045,10412996
2015/02/12,0,17007000,-4962000,12045000
2015/02/13,0,14975000,-5667000,9308000
2015/02/16,0,0,0,0
2015/02/17,0,0,0,0
2015/02/18,0,0,0,0
2015/02/19,0,0,0,0
2015/02/20,0,0,0,0
2015/02/23,0,0,0,0
2015/02/24,0,22783000,-14643301,8139699
2015/02/25,0,16824000,-5477000,11347000
2015/02/26,0,18267000,-17094752,1172248
2015/02/27,0,0,0,0
2015/03/02,0,9496000,-8229086,1266914
2015/03/03,0,4587692,-4130000,457692
2015/03/04,0,6981000,-2065060,4915940
2015/03/05,0,7479000,-7595912,-116912
2015/03/06,0,9847000,-7218000,2629000
2015/03/09,0,950000,-6836000,-5886000
2015/03/10,0,9991343,-12120809,-2129466
2015/03/11,0,5314000,-15247000,-9933000
2015/03/12,0,8154200,-7759000,395200
2015/03/13,0,3301000,-11556000,-8255000
2015/03/16,0,5926000,-7201991,-1275991
2015/03/17,0,12043000,-5506502,6536498
2015/03/18,0,28757000,-4322296,24434704
2015/03/19,0,17588000,-1778188,15809812
2015/03/20,0,16766000,-11109000,5657000
2015/03/23,0,8751000,-2000000,6751000
2015/03/24,0,20600029,-9505822,11094207
2015/03/25,0,6027001,-9845000,-3817999
2015/03/26,0,12617000,-16453243,-3836243
2015/03/27,0,12112000,-16958600,-4846600
2015/03/30,0,6638610,-9745610,-3107000
2015/03/31,0,9168000,-4445000,4723000
2015/04/01,0,10694000,-12280000,-1586000
2015/04/02,0,12043836,-4909143,7134693
2015/04/03,0,0,0,0
2015/04/06,0,0,0,0
2015/04/07,0,4703000,-10645000,-5942000
2015/04/08,0,13452000,-17644000,-4192000
2015/04/09,0,12312000,-3768000,8544000
2015/04/10,0,12738000,-2859000,9879000
2015/04/13,0,4005000,-8941000,-4936000
2015/04/14,0,4680000,-6031000,-1351000
2015/04/15,0,8247000,-20018000,-11771000
2015/04/16,0,12213000,-4713017,7499983
2015/04/17,0,14528692,-6733000,7795692
2015/04/20,0,6364000,-5347523,1016477
2015/04/21,0,2909000,-2284000,625000
2015/04/22,0,12566000,-9866947,2699053
2015/04/23,0,26832000,-6742648,20089352
2015/04/24,0,101418000,-24704069,76713931
2015/04/27,0,52528000,-13134000,39394000
2015/04/28,0,42030000,-24903350,17126650
2015/04/29,0,17434000,-29607000,-12173000
2015/04/30,0,31135000,-14802620,16332380
2015/05/01,0,0,0,0
2015/05/04,0,27874000,-24843449,3030551
2015/05/05,0,19134000,-11307000,7827000
2015/05/06,0,7929000,-6669000,1260000
2015/05/07,0,9097000,-11288000,-2191000
2015/05/08,0,17045029,-2936179,14108850
2015/05/11,0,12981000,-5701000,7280000
2015/05/12,0,14526000,-6930123,7595877
2015/05/13,0,6808532,-7588000,-779468
2015/05/14,0,15514000,-12472000,3042000
2015/05/15,0,15109956,-9847986,5261970
2015/05/18,0,9929000,-4920000,5009000
2015/05/19,0,7012029,-8707459,-1695430
2015/05/20,0,21828000,-17874000,3954000
2015/05/21,0,12303100,-17934000,-5630900
2015/05/22,0,4280000,-4489000,-209000
2015/05/25,0,8361000,-6837000,1524000
2015/05/26,0,12799000,-3104000,9695000
2015/05/27,0,42481000,-11668029,30812971
2015/05/28,0,18387000,-16414692,1972308
2015/05/29,0,28917188,-35550808,-6633620
2015/06/01,0,7367000,-17550000,-10183000
2015/06/02,0,9264444,-12837000,-3572556
2015/06/03,0,6324000,-6507000,-183000
2015/06/04,0,3066000,-16630330,-13564330
2015/06/05,0,7738000,-10779000,-3041000
2015/06/08,0,15874000,-15845336,28664
2015/06/09,0,20114000,-7595565,12518435
2015/06/10,0,10510850,-12679000,-2168150
2015/06/11,0,6342000,-10879132,-4537132
2015/06/12,0,11425000,-16784000,-5359000
2015/06/15,0,10167000,-18622359,-8455359
2015/06/16,0,8372000,-15006000,-6634000
2015/06/17,0,16593000,-17986868,-1393868
2015/06/18,0,13253000,-16604816,-3351816
2015/06/19,0,0,0,0
2015/06/22,0,11530448,-4907476,6622972
2015/06/23,0,15995000,-7915000,8080000
2015/06/24,0,15305647,-3605223,11700424
2015/06/25,0,19575601,-7756792,11818809
2015/06/26,0,7889000,-4924000,2965000
2015/06/29,0,2920000,-12794369,-9874369
2015/06/30,0,18392000,-19527877,-1135877
2015/07/01,0,9486190,-8104143,1382047
2015/07/02,0,16260658,-14533616,1727042
2015/07/03,0,16566000,-9318000,7248000
2015/07/06,0,15775000,-11679039,4095961
2015/07/07,0,18863000,-5534345,13328655
2015/07/08,0,28411000,-32949654,-4538654
2015/07/09,0,11982000,-16694837,-4712837
2015/07/10,0,0,0,0
2015/07/13,0,13757706,-22521600,-8763894
2015/07/14,0,22424000,-9515791,12908209
2015/07/15,0,22202000,-12338226,9863774
2015/07/16,0,8014000,-14522000,-6508000
2015/07/17,0,10413000,-12037000,-1624000
2015/07/20,0,8645457,-7505555,1139902
2015/07/21,0,11665000,-8578000,3087000
2015/07/22,0,7967000,-8048527,-81527
2015/07/23,0,7033000,-6229000,804000
2015/07/24,0,11229936,-2870000,8359936
2015/07/27,0,13363000,-15011000,-1648000
2015/07/28,0,17647666,-24067800,-6420134
2015/07/29,0,8323000,-15395687,-7072687
2015/07/30,0,8150000,-12693000,-4543000
2015/07/31,0,21563933,-22195931,-631998
2015/08/03,0,7382034,-11260000,-3877966
2015/08/04,0,12447000,-17427082,-4980082
2015/08/05,0,7022181,-7705215,-683034
2015/08/06,0,6176000,-8039000,-1863000
2015/08/07,0,6400000,-8075000,-1675000
2015/08/10,0,6203000,-7608000,-1405000
2015/08/11,0,7473000,-18267000,-10794000
2015/08/12,0,13612000,-12892806,719194
2015/08/13,0,4216000,-9694441,-5478441
2015/08/14,0,5253600,-9417000,-4163400
2015/08/17,0,8468314,-12869208,-4400894
2015/08/18,0,18748000,-15679000,3069000
2015/08/19,0,10169460,-22839000,-12669540
2015/08/20,0,12258000,-18050000,-5792000
2015/08/21,0,9793000,-18797000,-9004000
2015/08/24,0,14092994,-30285223,-16192229
2015/08/25,0,20600527,-24810349,-4209822
2015/08/26,0,23444000,-31777480,-8333480
2015/08/27,0,14055000,-31997000,-17942000
2015/08/28,0,15108000,-18187689,-3079689
2015/08/31,0,30900453,-37274908,-6374455
2015/09/01,0,14521000,-27714890,-13193890
2015/09/02,0,14767000,-20567306,-5800306
2015/09/03,0,9565000,-23016000,-13451000
2015/09/04,0,6490765,-12670596,-6179831
2015/09/07,0,9702000,-9568768,133232
2015/09/08,0,4074000,-11280852,-7206852
2015/09/09,0,31885893,-9419000,22466893
2015/09/10,0,14283300,-7360000,6923300
2015/09/11,0,2574000,-8525000,-5951000
2015/09/14,0,5993000,-5875000,118000
2015/09/15,0,9152000,-11190750,-2038750
2015/09/16,0,9545000,-3926348,5618652
2015/09/17,0,28836700,-13522000,15314700
2015/09/18,0,19736029,-11740100,7995929
2015/09/21,0,8657000,-10920922,-2263922
2015/09/22,0,7192000,-6172121,1019879
2015/09/23,0,13133000,-13382263,-249263
2015/09/24,0,14787000,-13400027,1386973
2015/09/25,0,15247476,-13254175,1993301
2015/09/28,0,0,0,0
2015/09/29,0,0,0,0
2015/09/30,0,24536000,-28986517,-4450517
2015/10/01,0,19995000,-4857000,15138000
2015/10/02,0,10197875,-11605000,-1407125
2015/10/05,0,4365600,-10211000,-5845400
2015/10/06,0,24742000,-6902000,17840000
2015/10/07,0,24969000,-8622000,16347000
2015/10/08,0,14944000,-13194000,1750000
2015/10/09,0,0,0,0
2015/10/12,0,16050751,-12214000,3836751
2015/10/13,0,9583696,-11509092,-1925396
2015/10/14,0,3315000,-18876000,-15561000
2015/10/15,0,9800000,-22093000,-12293000
2015/10/16,0,9736002,-17839000,-8102998
2015/10/19,0,7781998,-7518507,263491
2015/10/20,0,27668000,-42744676,-15076676
2015/10/21,0,11732000,-15690000,-3958000
2015/10/22,0,7574000,-15264000,-7690000
2015/10/23,0,14426000,-22522000,-8096000
2015/10/26,0,11264000,-19818100,-8554100
2015/10/27,0,8876000,-28919399,-20043399
2015/10/28,0,5265000,-29517603,-24252603
2015/10/29,0,3540000,-25173501,-21633501
2015/10/30,0,7237000,-23170000,-15933000
2015/11/02,0,5681200,-8987000,-3305800
2015/11/03,0,10623000,-14363136,-3740136
2015/11/04,0,22962000,-13511164,9450836
2015/11/05,0,6629000,-6795358,-166358
2015/11/06,0,4178000,-31173574,-26995574
2015/11/09,0,1394143,-18102000,-16707857
2015/11/10,0,1386000,-23845000,-22459000
2015/11/11,0,2639977,-10768000,-8128023
2015/11/12,0,1101000,-11666000,-10565000
2015/11/13,0,6637000,-14248077,-7611077
2015/11/16,0,4482000,-10701000,-6219000
2015/11/17,0,7773000,-11496000,-3723000
2015/11/18,0,9519832,-18099000,-8579168
2015/11/19,0,11485000,-8338000,3147000
2015/11/20,0,3788000,-6241000,-2453000
2015/11/23,0,4766121,-4191000,575121
2015/11/24,0,7155000,-5361376,1793624
2015/11/25,0,5071000,-5536000,-465000
2015/11/26,0,10850000,-4917864,5932136
2015/11/27,0,1123000,-5319000,-4196000
2015/11/30,0,34362252,-60224540,-25862288
2015/12/01,0,16517000,-5510523,11006477
2015/12/02,0,7716000,-5392000,2324000
2015/12/03,0,4722000,-6360000,-1638000
2015/12/04,0,1241000,-15035250,-13794250
2015/12/07,0,9127000,-3382250,5744750
2015/12/08,0,7437000,-18170638,-10733638
2015/12/09,0,4343000,-16729000,-12386000
2015/12/10,0,9120000,-17957590,-8837590
2015/12/11,0,4949288,-16621772,-11672484
2015/12/14,0,9364000,-11175000,-1811000
2015/12/15,0,6090089,-10624920,-4534831
2015/12/16,0,4464938,-6349000,-1884062
2015/12/17,0,7890000,-12169000,-4279000
2015/12/18,0,17332237,-16963578,368659
2015/12/21,0,9591946,-9748000,-156054
2015/12/22,0,5275297,-5288000,-12703
2015/12/23,0,5800939,-554067,5246872
2015/12/24,0,8969000,-3143000,5826000
2015/12/25,0,2980000,-2209000,771000
2015/12/28,0,5036000,-4362000,674000
2015/12/29,0,1881000,-4714000,-2833000
2015/12/30,0,1762624,-3686000,-1923376
2015/12/31,0,3568053,-5353000,-1784947
2016/01/01,0,0,0,0
2016/01/04,0,4917760,-17843000,-12925240
2016/01/05,0,6723596,-6396000,327596
2016/01/06,0,7785317,-12723000,-4937683
2016/01/07,0,3726077,-16609922,-12883845
2016/01/08,0,3170000,-11989762,-8819762
2016/01/11,0,4662640,-15384000,-10721360
2016/01/12,0,8349000,-6825000,1524000
2016/01/13,0,13455000,-10039147,3415853
2016/01/14,0,9838836,-11573000,-1734164
2016/01/15,0,7579000,-19439341,-11860341
2016/01/18,0,12294688,-12384000,-89312
2016/01/19,0,6210000,-10234506,-4024506
2016/01/20,0,5511852,-15605000,-10093148
2016/01/21,0,5368000,-16780000,-11412000
2016/01/22,0,7686000,-10897000,-3211000
2016/01/25,0,14563000,-5909000,8654000
2016/01/26,0,17686939,-15386000,2300939
2016/01/27,0,8428000,-16530688,-8102688
2016/01/28,0,12126000,-12035402,90598
2016/01/29,0,31214397,-15451000,15763397
2016/02/01,0,9929938,-15160000,-5230062
2016/02/02,0,20694000,-30536581,-9842581
2016/02/03,0,4667000,-34278408,-29611408
2016/02/04,0,0,0,0
2016/02/05,0,0,0,0
2016/02/08,0,0,0,0
2016/02/09,0,0,0,0
2016/02/10,0,0,0,0
2016/02/11,0,0,0,0
2016/02/12,0,0,0,0
2016/02/15,0,12501836,-10049592,2452244
2016/02/16,0,14934209,-8865000,6069209
2016/02/17,0,6517672,-14377000,-7859328
2016/02/18,0,11444035,-14896000,-3451965
2016/02/19,0,7920914,-24424541,-16503627
2016/02/22,0,10849000,-6881000,3968000
2016/02/23,0,6281028,-6533000,-251972
2016/02/24,0,6237000,-6181077,55923
2016/02/25,0,13771407,-9828000,3943407
2016/02/26,0,11795000,-9339716,2455284
2016/02/29,0,0,0,0
2016/03/01,0,11882168,-11952780,-70612
2016/03/02,0,9767246,-6703000,3064246
2016/03/03,0,20084108,-5374000,14710108
2016/03/04,0,14173395,-2879000,11294395
2016/03/07,0,18220349,-3260000,14960349
2016/03/08,0,9911000,-7096000,2815000
2016/03/09,0,6881000,-8771000,-1890000
2016/03/10,0,28149000,-5352000,22797000
2016/03/11,0,19637000,-2258000,17379000
2016/03/14,0,12351000,-13127000,-776000
2016/03/15,0,13277000,-8199000,5078000
2016/03/16,0,12158000,-6878000,5280000
2016/03/17,0,18174086,-6954983,11219103
2016/03/18,0,39595172,-20702682,18892490
2016/03/21,0,6849000,-16047000,-9198000
2016/03/22,0,10334935,-8743000,1591935
2016/03/23,0,9948000,-5733534,4214466
2016/03/24,0,11617000,-14142000,-2525000
2016/03/25,0,3039000,-6393000,-3354000
2016/03/28,0,4365000,-4809000,-444000
2016/03/29,0,11540000,-9048700,2491300
2016/03/30,0,23157000,-8269000,14888000
2016/03/31,0,18358000,-19033000,-675000
2016/04/01,0,6343434,-17120000,-10776566
2016/04/04,0,0,0,0
2016/04/05,0,0,0,0
2016/04/06,0,9202713,-32894836,-23692123
2016/04/07,0,7184380,-16935000,-9750620
2016/04/08,0,13507000,-17660000,-4153000
2016/04/11,0,4168114,-7537000,-3368886
2016/04/12,0,6415001,-6823000,-407999
2016/04/13,0,23946000,-4723000,19223000
2016/04/14,0,21313000,-6783800,14529200
2016/04/15,0,15545000,-7014000,8531000
2016/04/18,0,4592000,-2694000,1898000
2016/04/19,0,7172234,-7170049,2185
2016/04/20,0,10204136,-8843564,1360572
2016/04/21,0,6390000,-3742000,2648000
2016/04/22,0,7188541,-4792000,2396541
2016/04/25,0,5552000,-2967000,2585000
2016/04/26,0,5064956,-5821000,-756044
2016/04/27,0,15239000,-12276000,2963000
2016/04/28,0,6824238,-28277400,-21453162
2016/04/29,0,5929000,-21074000,-15145000
2016/05/02,0,0,0,0
2016/05/03,0,3261000,-17152000,-13891000
2016/05/04,0,5687049,-25990000,-20302951
2016/05/05,0,3117000,-20073049,-16956049
2016/05/06,0,3666082,-21870000,-18203918
2016/05/09,0,2939000,-15649000,-12710000
2016/05/10,0,5072541,-10378000,-5305459
2016/05/11,0,4339000,-21402000,-17063000
2016/05/12,0,7017000,-6690000,327000
2016/05/13,0,3549000,-26366000,-22817000
2016/05/16,0,8657000,-13671000,-5014000
2016/05/17,0,7337000,-14733000,-7396000
2016/05/18,0,12116199,-20142000,-8025801
2016/05/19,0,11856000,-23257000,-11401000
2016/05/20,0,13066747,-12637801,428946
2016/05/23,0,15074968,-10610345,4464623
2016/05/24,0,7307541,-8284000,-976459
2016/05/25,0,7787541,-10195000,-2407459
2016/05/26,0,2413440,-2928000,-514560
2016/05/27,0,13004117,-6397040,6607077
2016/05/30,0,15609000,-15575993,33007
2016/05/31,0,43968466,-35044512,8923954
2016/06/01,0,10849148,-4909000,5940148
2016/06/02,0,10715296,-8353000,2362296
2016/06/03,0,16356000,-6523000,9833000
2016/06/06,0,11712000,-9029000,2683000
2016/06/07,0,20854000,-12060000,8794000
2016/06/08,0,22069000,-11373000,10696000
2016/06/09,0,0,0,0
2016/06/10,0,0,0,0
2016/06/13,0,8110000,-14403277,-6293277
2016/06/14,0,6407000,-3489000,2918000
2016/06/15,0,8859000,-5035384,3823616
2016/06/16,0,4498000,-16760000,-12262000
2016/06/17,0,17444407,-8795189,8649218
2016/06/20,0,9270000,-8037000,1233000
2016/06/21,0,18300722,-7901000,10399722
2016/06/22,0,11291954,-3992000,7299954
2016/06/23,0,6646006,-6297000,349006
2016/06/24,0,14206081,-17928495,-3722414
2016/06/27,0,2245000,-6119000,-3874000
2016/06/28,0,2859000,-3756000,-897000
2016/06/29,0,7804000,-1424001,6379999
2016/06/30,0,13645000,-8252300,5392700
2016/07/01,0,14335000,-1882795,12452205
2016/07/04,0,6578000,-1338000,5240000
2016/07/05,0,9252000,-4871000,4381000
2016/07/06,0,6981000,-14783000,-7802000
2016/07/07,0,2810000,-8817058,-6007058
2016/07/08,0,0,0,0
2016/07/11,0,15688575,-15277000,411575
2016/07/12,0,12165000,-6475233,5689767
2016/07/13,0,13631000,-9603000,4028000
2016/07/14,0,11443296,-5515000,5928296
2016/07/15,0,18758012,-7676000,11082012
2016/07/18,0,12521500,-2566000,9955500
2016/07/19,0,18399986,-5155000,13244986
2016/07/20,0,15880000,-9469687,6410313
2016/07/21,0,17997064,-7313188,10683876
2016/07/22,0,9228000,-10387000,-1159000
2016/07/25,0,10008000,-8676000,1332000
2016/07/26,0,8762000,-13014750,-4252750
2016/07/27,0,6441000,-6000000,441000
2016/07/28,0,12413000,-9005000,3408000
2016/07/29,0,4298000,-11551000,-7253000
2016/08/01,0,12359944,-5142204,7217740
2016/08/02,0,5864489,-9697000,-3832511
2016/08/03,0,3996498,-6197000,-2200502
2016/08/04,0,3775000,-8829000,-5054000
2016/08/05,0,11304000,-4213000,7091000
2016/08/08,0,6249491,-4275000,1974491
2016/08/09,0,8751000,-8140000,611000
2016/08/10,0,11854881,-5898000,5956881
2016/08/11,0,10645000,-8501000,2144000
2016/08/12,0,28021000,-9443000,18578000
2016/08/15,0,6418000,-4452000,1966000
2016/08/16,0,7682000,-9012000,-1330000
2016/08/17,0,9220255,-6274000,2946255
2016/08/18,0,10357714,-7677200,2680514
2016/08/19,0,8600467,-9451000,-850533
2016/08/22,0,7493000,-11505000,-4012000
2016/08/23,0,5906000,-6159000,-253000
2016/08/24,0,1834000,-5585000,-3751000
2016/08/25,0,7017000,-6208000,809000
2016/08/26,0,5132392,-5916000,-783608
2016/08/29,0,5738000,-9456000,-3718000
2016/08/30,0,6624001,-6096000,528001
2016/08/31,0,13335671,-26258000,-12922329
2016/09/01,0,6243000,-10099000,-3856000
2016/09/02,0,3844004,-5598000,-1753996
2016/09/05,0,5016000,-3703000,1313000
2016/09/06,0,12726007,-3275000,9451007
2016/09/07,0,8408000,-6479714,1928286
2016/09/08,0,9792000,-10882000,-1090000
2016/09/09,0,3279000,-10308000,-7029000
2016/09/12,0,2741000,-17316029,-14575029
2016/09/13,0,6718000,-19384000,-12666000
2016/09/14,0,16347228,-21222027,-4874799
2016/09/15,0,0,0,0
2016/09/16,0,0,0,0
2016/09/19,0,9655467,-6025000,3630467
2016/09/20,0,8407158,-5760000,2647158
2016/09/21,0,11638000,-5405000,6233000
2016/09/22,0,6509005,-3281000,3228005
2016/09/23,0,17218000,-2275000,14943000
2016/09/26,0,4189000,-3103000,1086000
2016/09/27,0,0,0,0
2016/09/28,0,0,0,0
2016/09/29,0,24233006,-5176547,19056459
2016/09/30,0,11736000,-14197944,-2461944
2016/10/03,0,1100000,-3101000,-2001000
2016/10/04,0,9489922,-3790223,5699699
2016/10/05,0,5254498,-2962000,2292498
2016/10/06,0,4378670,-4340000,38670
2016/10/07,0,5707009,-3068000,2639009
2016/10/10,0,0,0,0
2016/10/11,0,10067000,-5089000,4978000
2016/10/12,0,8787000,-3726374,5060626
2016/10/13,0,6425000,-13478000,-7053000
2016/10/14,0,6537000,-5288286,1248714
2016/10/17,0,9045000,-10041000,-996000
2016/10/18,0,10564672,-7166000,3398672
2016/10/19,0,6847836,-4402000,2445836
2016/10/20,0,4611000,-1744009,2866991
2016/10/21,0,7465000,-4604000,2861000
2016/10/24,0,9467000,-2084000,7383000
2016/10/25,0,10623647,-1727000,8896647
2016/10/26,0,6487687,-3904000,2583687
2016/10/27,0,6519195,-6956000,-436805
2016/10/28,0,10232000,-6649000,3583000
2016/10/31,0,6026618,-11196000,-5169382
2016/11/01,0,5491000,-5503000,-12000
2016/11/02,0,3606500,-7975466,-4368966
2016/11/03,0,4453000,-8149000,-3696000
2016/11/04,0,3923000,-11626000,-7703000
2016/11/07,0,4033000,-8572029,-4539029
2016/11/08,0,4912500,-4640000,272500
2016/11/09,0,10695000,-21389000,-10694000
2016/11/10,0,5763000,-7944000,-2181000
2016/11/11,0,5909000,-25936261,-20027261
2016/11/14,0,10702000,-21712600,-11010600
2016/11/15,0,7817000,-10801000,-2984000
2016/11/16,0,7506000,-9945029,-2439029
2016/11/17,0,5413000,-10346000,-4933000
2016/11/18,0,1992000,-13209000,-11217000
2016/11/21,0,9467000,-4355014,5111986
2016/11/22,0,13240000,-3882573,9357427
2016/11/23,0,6493000,-3165701,3327299
2016/11/24,0,4649000,-5838001,-1189001
2016/11/25,0,1662000,-6656996,-4994996
2016/11/28,0,8308000,-5642000,2666000
2016/11/29,0,7338000,-10179000,-2841000
2016/11/30,0,31107000,-33744035,-2637035
2016/12/01,0,6301500,-2892000,3409500
2016/12/02,0,9537000,-6033000,3504000
2016/12/05,0,4985000,-12036957,-7051957
2016/12/06,0,11832000,-3556000,8276000
2016/12/07,0,5412000,-4247000,1165000
2016/12/08,0,16468000,-5269000,11199000
2016/12/09,0,18721664,-4263396,14458268
2016/12/12,0,6936000,-7101000,-165000
2016/12/13,0,16167000,-11672494,4494506
2016/12/14,0,8351000,-3594000,4757000
2016/12/15,0,15494000,-7284000,8210000
2016/12/16,0,10032000,-12014969,-1982969
2016/12/19,0,8855764,-3325000,5530764
2016/12/20,0,5515692,-5021000,494692
2016/12/21,0,6767000,-7972000,-1205000
2016/12/22,0,2884000,-10409000,-7525000
2016/12/23,0,8504000,-8124000,380000
2016/12/26,0,526000,-1290000,-764000
2016/12/27,0,1366000,-1752000,-386000
2016/12/28,0,4093000,-1694000,2399000
2016/12/29,0,7636269,-7744183,-107914
2016/12/30,0,9247000,-1637000,7610000
2017/01/02,0,0,0,0
2017/01/03,0,3924000,-1397000,2527000
2017/01/04,0,4625000,-2947000,1678000
2017/01/05,0,8362443,-3904289,4458154
2017/01/06,0,3798000,-5298000,-1500000
2017/01/09,0,3168632,-5617000,-2448368
2017/01/10,0,3925200,-7852200,-3927000
2017/01/11,0,4861000,-4739200,121800
2017/01/12,0,12216000,-7470000,4746000
2017/01/13,0,5257865,-4584000,673865
2017/01/16,0,1274000,-5036000,-3762000
2017/01/17,0,3010000,-2513932,496068
2017/01/18,0,3312000,-5284214,-1972214
2017/01/19,0,4181474,-15072159,-10890685
2017/01/20,0,1724000,-6809637,-5085637
2017/01/23,0,11785000,-8609801,3175199
2017/01/24,0,8146036,-6801032,1345004
2017/01/25,0,0,0,0
2017/01/26,0,0,0,0
2017/01/27,0,0,0,0
2017/01/30,0,0,0,0
2017/01/31,0,0,0,0
2017/02/01,0,0,0,0
2017/02/02,0,12249000,-26970630,-14721630
2017/02/03,0,4595000,-14286477,-9691477
2017/02/06,0,5733709,-23588608,-17854899
2017/02/07,0,4641055,-15599317,-10958262
2017/02/08,0,8213447,-19177396,-10963949
2017/02/09,0,6286369,-17721297,-11434928
2017/02/10,0,24512710,-34239697,-9726987
2017/02/13,0,11520994,-12896609,-1375615
2017/02/14,0,14090000,-16582000,-2492000
2017/02/15,0,18638000,-14182000,4456000
2017/02/16,0,12185000,-18132069,-5947069
2017/02/17,0,2963000,-2906453,56547
2017/02/20,0,4544718,-3137000,1407718
2017/02/21,0,5436000,-6050000,-614000
2017/02/22,0,7080715,-4671677,2409038
2017/02/23,0,12589000,-4848000,7741000
2017/02/24,0,9163000,-18282892,-9119892
2017/02/27,0,0,0,0
2017/02/28,0,0,0,0
2017/03/01,0,7365500,-13281929,-5916429
2017/03/02,0,8166000,-3952966,4213034
2017/03/03,0,9680000,-8800177,879823
2017/03/06,0,5020115,-5076236,-56121
2017/03/07,0,4004010,-2958908,1045102
2017/03/08,0,5586000,-7978303,-2392303
2017/03/09,0,4482474,-12557962,-8075488
2017/03/10,0,2927400,-3234000,-306600
2017/03/13,0,2708001,-2156106,551895
2017/03/14,0,7695448,-3110500,4584948
2017/03/15,0,5527000,-3493595,2033405
2017/03/16,0,14459000,-2361707,12097293
2017/03/17,0,35576068,-28400755,7175313
2017/03/20,0,3505000,-4335000,-830000
2017/03/21,0,12113602,-10052518,2061084
2017/03/22,0,6026000,-10713141,-4687141
2017/03/23,0,5634001,-4482017,1151984
2017/03/24,0,3240454,-2736500,503954
2017/03/27,0,17158000,-2404000,14754000
2017/03/28,0,17050000,-6161000,10889000
2017/03/29,0,10161554,-5842000,4319554
2017/03/30,0,7466000,-8233000,-767000
2017/03/31,0,11785000,-6724000,5061000
2017/04/03,0,0,0,0
2017/04/04,0,0,0,0
2017/04/05,0,20571176,-18849000,1722176
2017/04/06,0,2835000,-7599000,-4764000
2017/04/07,0,18449373,-8607000,9842373
2017/04/10,0,1309000,-4016010,-2707010
2017/04/11,0,3443000,-6648810,-3205810
2017/04/12,0,8198000,-4139000,4059000
2017/04/13,0,1685000,-3873000,-2188000
2017/04/14,0,403000,-8270000,-7867000
2017/04/17,0,1848000,-4499000,-2651000
2017/04/18,0,8051000,-10138500,-2087500
2017/04/19,0,6012000,-16094350,-10082350
2017/04/20,0,8474352,-10276214,-1801862
2017/04/21,0,4009000,-15766718,-11757718
2017/04/24,0,8367000,-4029000,4338000
2017/04/25,0,21891000,-13961000,7930000
2017/04/26,0,15041000,-1933000,13108000
2017/04/27,0,6166000,-2766000,3400000
2017/04/28,0,9228000,-5829500,3398500
2017/05/01,0,0,0,0
2017/05/02,0,8447000,-1739000,6708000
2017/05/03,0,10216000,-554595,9661405
2017/05/04,0,9155330,-1065900,8089430
2017/05/05,0,4472000,-2165574,2306426
2017/05/08,0,4530871,-4269871,261000
2017/05/09,0,6886700,-13030334,-6143634
2017/05/10,0,13042000,-6509000,6533000
2017/05/11,0,6682403,-3689635,2992768
2017/05/12,0,5223000,-3942000,1281000
2017/05/15,0,3613500,-8011757,-4398257
2017/05/16,0,7200000,-8345415,-1145415
2017/05/17,0,7502000,-5517730,1984270
2017/05/18,0,742000,-5500742,-4758742
2017/05/19,0,2305406,-7164204,-4858798
2017/05/22,0,1214500,-7402603,-6188103
2017/05/23,0,3174000,-5975753,-2801753
2017/05/24,0,2267000,-8900609,-6633609
2017/05/25,0,5063000,-5051192,11808
2017/05/26,0,0,0,0
2017/05/29,0,0,0,0
2017/05/30,0,0,0,0
2017/05/31,0,12515000,-23504161,-10989161
2017/06/01,0,3485000,-10511044,-7026044
2017/06/02,0,3769000,-10444000,-6675000
2017/06/05,0,4554000,-7865000,-3311000
2017/06/06,0,3971000,-6926000,-2955000
2017/06/07,0,5583000,-6889160,-1306160
2017/06/08,0,5196000,-6683000,-1487000
2017/06/09,0,4851000,-10658817,-5807817
2017/06/12,0,1186052,-11432000,-10245948
2017/06/13,0,1860000,-2651000,-791000
2017/06/14,0,4089000,-5835833,-1746833
2017/06/15,0,3843000,-6691191,-2848191
2017/06/16,0,5933000,-16390950,-10457950
2017/06/19,0,2963000,-3356746,-393746
2017/06/20,0,4525000,-2562291,1962709
2017/06/21,0,8220000,-14685178,-6465178
2017/06/22,0,10097000,-9947782,149218
2017/06/23,0,5498000,-10544654,-5046654
2017/06/26,0,20228000,-9133000,11095000
2017/06/27,0,8729000,-2696000,6033000
2017/06/28,0,7483925,-7274592,209333
2017/06/29,0,17135621,-6889358,10246263
2017/06/30,0,13377000,-6508000,6869000
2017/07/03,0,9395418,-1932000,7463418
2017/07/04,0,15397000,-9247784,6149216
2017/07/05,0,16380000,-9370000,7010000
2017/07/06,0,16362000,-8611000,7751000
2017/07/07,0,5903250,-10310532,-4407282
2017/07/10,0,22975442,-18310237,4665205
2017/07/11,0,12929126,-24569000,-11639874
2017/07/12,0,10971000,-14898230,-3927230
2017/07/13,0,10312000,-9168000,1144000
2017/07/14,0,20605000,-3507000,17098000
2017/07/17,0,9788000,-4486000,5302000
2017/07/18,0,16844000,-6229023,10614977
2017/07/19,0,11018000,-16507937,-5489937
2017/07/20,0,8766500,-14478000,-5711500
2017/07/21,0,4608630,-5475000,-866370
2017/07/24,0,13936187,-11734000,2202187
2017/07/25,0,11928712,-13198250,-1269538
2017/07/26,0,16628000,-8140000,8488000
2017/07/27,0,20003000,-7770000,12233000
2017/07/28,0,6688000,-1665500,5022500
2017/07/31,0,12156210,-5410000,6746210
2017/08/01,0,21636000,-5431000,16205000
2017/08/02,0,8321000,-3386000,4935000
2017/08/03,0,9364000,-6290354,3073646
2017/08/04,0,7083036,-1082000,6001036
2017/08/07,0,7531026,-1799000,5732026
2017/08/08,0,10792952,-5439000,5353952
2017/08/09,0,7604500,-5184000,2420500
2017/08/10,0,16025000,-2746000,13279000
2017/08/11,0,8349000,-3324000,5025000
2017/08/14,0,6250000,-1832000,4418000
2017/08/15,0,4011000,-2674000,1337000
2017/08/16,0,10394068,-15613000,-5218932
2017/08/17,0,6268000,-4879000,1389000
2017/08/18,0,6428000,-11345000,-4917000
