Date,Open,Buy,Sell,Total
2007/04/23,0,0,-48000,-48000
2007/04/24,0,0,-9000,-9000
2007/04/25,0,0,-56000,-56000
2007/04/26,0,0,-25000,-25000
2007/04/27,0,0,-37000,-37000
2007/04/30,0,0,-11000,-11000
2007/05/01,0,0,0,0
2007/05/02,0,0,-46000,-46000
2007/05/03,0,0,-71000,-71000
2007/05/04,0,28000,0,28000
2007/05/07,0,0,-7000,-7000
2007/05/08,0,0,-39000,-39000
2007/05/09,0,0,-11000,-11000
2007/05/10,0,0,-8000,-8000
2007/05/11,0,0,-85000,-85000
2007/05/14,0,0,-27000,-27000
2007/05/15,0,15000,-4000,11000
2007/05/16,0,0,-14000,-14000
2007/05/17,0,0,-15000,-15000
2007/05/18,0,0,-21000,-21000
2007/05/21,0,53000,0,53000
2007/05/22,0,3000,-6000,-3000
2007/05/23,0,1000,-21000,-20000
2007/05/24,0,2000,-18000,-16000
2007/05/25,0,9000,-14000,-5000
2007/05/28,0,0,-12000,-12000
2007/05/29,0,60000,-18000,42000
2007/05/30,0,26000,0,26000
2007/05/31,0,334000,0,334000
2007/06/01,0,51000,0,51000
2007/06/04,0,1000,-34000,-33000
2007/06/05,0,0,-60000,-60000
2007/06/06,0,0,-82000,-82000
2007/06/07,0,0,-11000,-11000
2007/06/08,0,15000,-87000,-72000
2007/06/11,0,0,-33000,-33000
2007/06/12,0,43000,-39000,4000
2007/06/13,0,0,-12000,-12000
2007/06/14,0,0,-287000,-287000
2007/06/15,0,43000,0,43000
2007/06/18,0,0,0,0
2007/06/19,0,0,0,0
2007/06/20,0,564000,-80000,484000
2007/06/21,0,258000,-8120,249880
2007/06/22,0,48000,0,48000
2007/06/25,0,84000,0,84000
2007/06/26,0,25000,-115000,-90000
2007/06/27,0,44000,-2000,42000
2007/06/28,0,103000,0,103000
2007/06/29,0,72000,-114000,-42000
2007/07/02,0,4000,-105000,-101000
2007/07/03,0,66000,-39000,27000
2007/07/04,0,238000,-56000,182000
2007/07/05,0,46000,-7000,39000
2007/07/06,0,35000,-83000,-48000
2007/07/09,0,283000,-164000,119000
2007/07/10,0,101000,-28000,73000
2007/07/11,0,83000,-43676,39324
2007/07/12,0,28000,-57676,-29676
2007/07/13,0,81000,-15000,66000
2007/07/16,0,25000,-101803,-76803
2007/07/17,0,552000,-129000,423000
2007/07/18,0,158000,-307000,-149000
2007/07/19,0,117000,-224676,-107676
2007/07/20,0,23000,-102490,-79490
2007/07/23,0,0,-226000,-226000
2007/07/24,0,10000,-166000,-156000
2007/07/25,0,80000,-4000,76000
2007/07/26,0,20000,-284000,-264000
2007/07/27,0,5000,-705000,-700000
2007/07/30,0,103000,-159000,-56000
2007/07/31,0,0,-253000,-253000
2007/08/01,0,46000,-341000,-295000
2007/08/02,0,76000,-98792,-22792
2007/08/03,0,2000,-223000,-221000
2007/08/06,0,6000,-16000,-10000
2007/08/07,0,0,-134000,-134000
2007/08/08,0,0,-195000,-195000
2007/08/09,0,9000,-214112,-205112
2007/08/10,0,23000,-121000,-98000
2007/08/13,0,16000,-82000,-66000
2007/08/14,0,0,-270000,-270000
2007/08/15,0,272000,-32000,240000
2007/08/16,0,245000,-151000,94000
2007/08/17,0,93000,-7000,86000
2007/08/20,0,20000,-7000,13000
2007/08/21,0,9000,-35000,-26000
2007/08/22,0,1,-60000,-59999
2007/08/23,0,0,-296000,-296000
2007/08/24,0,0,-118000,-118000
2007/08/27,0,0,-129000,-129000
2007/08/28,0,0,-7000,-7000
2007/08/29,0,15000,-6000,9000
2007/08/30,0,6000,-55000,-49000
2007/08/31,0,0,-14000,-14000
2007/09/03,0,0,-72000,-72000
2007/09/04,0,69000,0,69000
2007/09/05,0,62000,-91000,-29000
2007/09/06,0,41000,-13000,28000
2007/09/07,0,79000,-28000,51000
2007/09/10,0,33000,-13000,20000
2007/09/11,0,17000,-10000,7000
2007/09/12,0,15000,-17000,-2000
2007/09/13,0,68000,-17000,51000
2007/09/14,0,46000,-5000,41000
2007/09/17,0,22000,-37000,-15000
2007/09/18,0,0,0,0
2007/09/19,0,152000,0,152000
2007/09/20,0,79000,-172000,-93000
2007/09/21,0,86000,0,86000
2007/09/24,0,0,0,0
2007/09/25,0,0,0,0
2007/09/26,0,10000,-110000,-100000
2007/09/27,0,41000,-28000,13000
2007/09/28,0,13000,-129000,-116000
2007/10/01,0,22000,-152000,-130000
2007/10/02,0,61000,-44000,17000
2007/10/03,0,58000,-28000,30000
2007/10/04,0,9000,-80000,-71000
2007/10/05,0,0,-7000,-7000
2007/10/08,0,57000,-70000,-13000
2007/10/09,0,10000,-171000,-161000
2007/10/10,0,0,0,0
2007/10/11,0,19000,-5000,14000
2007/10/12,0,100000,-41000,59000
2007/10/15,0,15000,-79316,-64316
2007/10/16,0,26000,-7000,19000
2007/10/17,0,22000,-8000,14000
2007/10/18,0,35000,-7000,28000
2007/10/19,0,37000,-7000,30000
2007/10/22,0,128000,-127000,1000
2007/10/23,0,98000,-2000,96000
2007/10/24,0,55000,-5000,50000
2007/10/25,0,145000,0,145000
2007/10/26,0,18000,0,18000
2007/10/29,0,25000,0,25000
2007/10/30,0,14000,0,14000
2007/10/31,0,130000,-5000,125000
2007/11/01,0,60000,-44000,16000
2007/11/02,0,34000,-55000,-21000
2007/11/05,0,23000,-48000,-25000
2007/11/06,0,17000,-41000,-24000
2007/11/07,0,72000,-47000,25000
2007/11/08,0,55000,-235000,-180000
2007/11/09,0,35000,0,35000
2007/11/12,0,38000,0,38000
2007/11/13,0,39000,-3000,36000
2007/11/14,0,7000,0,7000
2007/11/15,0,0,-2000,-2000
2007/11/16,0,0,0,0
2007/11/19,0,2000,0,2000
2007/11/20,0,119000,0,119000
2007/11/21,0,0,-69000,-69000
2007/11/22,0,69000,0,69000
2007/11/23,0,0,0,0
2007/11/26,0,35000,-4000,31000
2007/11/27,0,58000,-22000,36000
2007/11/28,0,0,0,0
2007/11/29,0,0,-8000,-8000
2007/11/30,0,51000,-5000,46000
2007/12/03,0,0,-24000,-24000
2007/12/04,0,0,0,0
2007/12/05,0,0,-1000,-1000
2007/12/06,0,1000,0,1000
2007/12/07,0,9000,0,9000
2007/12/10,0,11000,-9000,2000
2007/12/11,0,1000,0,1000
2007/12/12,0,9000,0,9000
2007/12/13,0,3000,-22000,-19000
2007/12/14,0,29000,-93000,-64000
2007/12/17,0,6000,-1000,5000
2007/12/18,0,49000,0,49000
2007/12/19,0,40000,-51000,-11000
2007/12/20,0,0,-43000,-43000
2007/12/21,0,139000,0,139000
2007/12/24,0,109000,-106000,3000
2007/12/25,0,72000,-5000,67000
2007/12/26,0,0,-4000,-4000
2007/12/27,0,123000,-34000,89000
2007/12/28,0,0,-72000,-72000
2007/12/31,0,149000,-1000,148000
2008/01/01,0,0,0,0
2008/01/02,0,0,0,0
2008/01/03,0,7000,-79000,-72000
2008/01/04,0,31000,-19000,12000
2008/01/07,0,84000,-37000,47000
2008/01/08,0,189000,0,189000
2008/01/09,0,53000,-76000,-23000
2008/01/10,0,8000,-12000,-4000
2008/01/11,0,0,-118000,-118000
2008/01/14,0,103000,-56000,47000
2008/01/15,0,75000,0,75000
2008/01/16,0,49000,-104000,-55000
2008/01/17,0,311000,-356000,-45000
2008/01/18,0,340000,-229000,111000
2008/01/21,0,18000,-421000,-403000
2008/01/22,0,11000,-49000,-38000
2008/01/23,0,159000,-37000,122000
2008/01/24,0,187000,-324000,-137000
2008/01/25,0,43000,-178000,-135000
2008/01/28,0,7000,-22000,-15000
2008/01/29,0,24000,0,24000
2008/01/30,0,22000,-119000,-97000
2008/01/31,0,122000,-17000,105000
2008/02/01,0,67000,-5000,62000
2008/02/04,0,0,0,0
2008/02/05,0,0,0,0
2008/02/06,0,0,0,0
2008/02/07,0,0,0,0
2008/02/08,0,0,0,0
2008/02/11,0,0,0,0
2008/02/12,0,9000,-7000,2000
2008/02/13,0,138000,0,138000
2008/02/14,0,373000,0,373000
2008/02/15,0,126000,-5000,121000
2008/02/18,0,47000,-57000,-10000
2008/02/19,0,185000,-8000,177000
2008/02/20,0,21000,-305000,-284000
2008/02/21,0,253000,-30000,223000
2008/02/22,0,127000,-1000,126000
2008/02/25,0,59000,-26342,32658
2008/02/26,0,25000,-19000,6000
2008/02/27,0,35000,-155500,-120500
2008/02/28,0,0,0,0
2008/02/29,0,158000,-99000,59000
2008/03/03,0,92000,-466,91534
2008/03/04,0,46000,-103119,-57119
2008/03/05,0,27000,-5000,22000
2008/03/06,0,142000,-5978,136022
2008/03/07,0,125000,-3000,122000
2008/03/10,0,75000,-397922,-322922
2008/03/11,0,95000,-18000,77000
2008/03/12,0,63000,-41049,21951
2008/03/13,0,31000,-41936,-10936
2008/03/14,0,34000,-29174,4826
2008/03/17,0,209000,-3000,206000
2008/03/18,0,45000,-17000,28000
2008/03/19,0,46000,-16000,30000
2008/03/20,0,171000,-74000,97000
2008/03/21,0,138000,-15000,123000
2008/03/24,0,616000,-8000,608000
2008/03/25,0,288000,-280000,8000
2008/03/26,0,203000,-600000,-397000
2008/03/27,0,14000,-337000,-323000
2008/03/28,0,37000,-83000,-46000
2008/03/31,0,69000,-162785,-93785
2008/04/01,0,146000,-103000,43000
2008/04/02,0,229000,-2000,227000
2008/04/03,0,39000,-4000,35000
2008/04/04,0,0,0,0
2008/04/07,0,29000,0,29000
2008/04/08,0,324000,-6000,318000
2008/04/09,0,214000,-44000,170000
2008/04/10,0,3000,-85000,-82000
2008/04/11,0,6000,-67000,-61000
2008/04/14,0,101000,-192436,-91436
2008/04/15,0,51000,-22000,29000
2008/04/16,0,88000,-80000,8000
2008/04/17,0,142000,-22000,120000
2008/04/18,0,196000,-3000,193000
2008/04/21,0,116000,-7000,109000
2008/04/22,0,19000,-204000,-185000
2008/04/23,0,173000,-14000,159000
2008/04/24,0,159000,-111000,48000
2008/04/25,0,232000,-62000,170000
2008/04/28,0,38000,-154000,-116000
2008/04/29,0,153000,-61000,92000
2008/04/30,0,143000,-115000,28000
2008/05/01,0,0,0,0
2008/05/02,0,27000,-140000,-113000
2008/05/05,0,102000,-203000,-101000
2008/05/06,0,84000,-128000,-44000
2008/05/07,0,13000,-28000,-15000
2008/05/08,0,83000,-278000,-195000
2008/05/09,0,121000,-105000,16000
2008/05/12,0,217000,-35000,182000
2008/05/13,0,254044,-95000,159044
2008/05/14,0,72000,-19000,53000
2008/05/15,0,119000,0,119000
2008/05/16,0,0,-21000,-21000
2008/05/19,0,83000,-4000,79000
2008/05/20,0,73000,-291000,-218000
2008/05/21,0,16000,-97000,-81000
2008/05/22,0,133000,-77000,56000
2008/05/23,0,23000,-11000,12000
2008/05/26,0,100000,-3000,97000
2008/05/27,0,27000,-1000,26000
2008/05/28,0,53000,-14000,39000
2008/05/29,0,185000,-57000,128000
2008/05/30,0,43000,-15000,28000
2008/06/02,0,5000,0,5000
2008/06/03,0,0,-93000,-93000
2008/06/04,0,29000,-10045,18955
2008/06/05,0,155000,-6000,149000
2008/06/06,0,22000,-6000,16000
2008/06/09,0,0,-183000,-183000
2008/06/10,0,36000,-66000,-30000
2008/06/11,0,49000,-73000,-24000
2008/06/12,0,69000,-75000,-6000
2008/06/13,0,29000,-36000,-7000
2008/06/16,0,0,-22000,-22000
2008/06/17,0,18000,-19000,-1000
2008/06/18,0,37000,-14000,23000
2008/06/19,0,61000,-6000,55000
2008/06/20,0,52000,-27000,25000
2008/06/23,0,112000,-9000,103000
2008/06/24,0,62000,-42000,20000
2008/06/25,0,295000,-41000,254000
2008/06/26,0,77000,-138000,-61000
2008/06/27,0,36000,-331000,-295000
2008/06/30,0,61000,-18000,43000
2008/07/01,0,276000,-5000,271000
2008/07/02,0,95000,-205000,-110000
2008/07/03,0,85000,-216000,-131000
2008/07/04,0,12000,-35000,-23000
2008/07/07,0,7000,-37000,-30000
2008/07/08,0,48000,-86000,-38000
2008/07/09,0,213000,-40000,173000
2008/07/10,0,106000,-96000,10000
2008/07/11,0,67000,-214000,-147000
2008/07/14,0,8000,-63000,-55000
2008/07/15,0,44000,-26000,18000
2008/07/16,0,16000,-231000,-215000
2008/07/17,0,39000,-38000,1000
2008/07/18,0,193000,-33000,160000
2008/07/21,0,732000,0,732000
2008/07/22,0,148000,0,148000
2008/07/23,0,810000,-1000,809000
2008/07/24,0,139000,-34000,105000
2008/07/25,0,32000,-36000,-4000
2008/07/28,0,0,0,0
2008/07/29,0,465000,-55000,410000
2008/07/30,0,160000,-894000,-734000
2008/07/31,0,272000,-74000,198000
2008/08/01,0,64000,-414000,-350000
2008/08/04,0,202000,-17000,185000
2008/08/05,0,11000,-159000,-148000
2008/08/06,0,460000,-10000,450000
2008/08/07,0,16000,-382000,-366000
2008/08/08,0,275000,-4000,271000
2008/08/11,0,104000,-56000,48000
2008/08/12,0,2000,-116000,-114000
2008/08/13,0,92000,-142000,-50000
2008/08/14,0,285000,-186000,99000
2008/08/15,0,63000,-72000,-9000
2008/08/18,0,44000,-601131,-557131
2008/08/19,0,24056,-77000,-52944
2008/08/20,0,0,-36000,-36000
2008/08/21,0,33000,-147460,-114460
2008/08/22,0,797000,-760000,37000
2008/08/25,0,22000,-127000,-105000
2008/08/26,0,9000,-111000,-102000
2008/08/27,0,53000,-774000,-721000
2008/08/28,0,82000,-16000,66000
2008/08/29,0,418000,-95000,323000
2008/09/01,0,5331,-257000,-251669
2008/09/02,0,38000,-15000,23000
2008/09/03,0,125000,-90000,35000
2008/09/04,0,211000,-85000,126000
2008/09/05,0,20000,-287000,-267000
2008/09/08,0,9000,-47000,-38000
2008/09/09,0,109000,-63000,46000
2008/09/10,0,50000,-174056,-124056
2008/09/11,0,237000,-283000,-46000
2008/09/12,0,94000,-115000,-21000
2008/09/15,0,34000,-260000,-226000
2008/09/16,0,105000,-27000,78000
2008/09/17,0,364000,-113000,251000
2008/09/18,0,560000,-118000,442000
2008/09/19,0,253000,-93000,160000
2008/09/22,0,26000,-6240,19760
2008/09/23,0,224000,-3000,221000
2008/09/24,0,226000,-262000,-36000
2008/09/25,0,128000,-46000,82000
2008/09/26,0,173000,-423000,-250000
2008/09/29,0,0,0,0
2008/09/30,0,0,-28000,-28000
2008/10/01,0,21000,-348000,-327000
2008/10/02,0,44000,-711000,-667000
2008/10/03,0,375000,-35000,340000
2008/10/06,0,0,-335959,-335959
2008/10/07,0,518000,-54120,463880
2008/10/08,0,464000,-359000,105000
2008/10/09,0,228000,-419000,-191000
2008/10/10,0,0,0,0
2008/10/13,0,0,0,0
2008/10/14,0,0,0,0
2008/10/15,0,51000,-388040,-337040
2008/10/16,0,0,-144000,-144000
2008/10/17,0,0,-7400,-7400
2008/10/20,0,0,-17214,-17214
2008/10/21,0,0,-77000,-77000
2008/10/22,0,34000,-280,33720
2008/10/23,0,0,-1113,-1113
2008/10/24,0,78000,-6775,71225
2008/10/27,0,38000,-86000,-48000
2008/10/28,0,108000,-91000,17000
2008/10/29,0,91000,-86000,5000
2008/10/30,0,251000,-77000,174000
2008/10/31,0,296000,-102000,194000
2008/11/03,0,160000,-100000,60000
2008/11/04,0,34000,-240000,-206000
2008/11/05,0,289000,-130046,158954
2008/11/06,0,1000,-314224,-313224
2008/11/07,0,215000,-5000,210000
2008/11/10,0,2000,-15000,-13000
2008/11/11,0,49036,-220000,-170964
2008/11/12,0,52000,-16000,36000
2008/11/13,0,10000,-236703,-226703
2008/11/14,0,72000,-17051,54949
2008/11/17,0,13000,-283000,-270000
2008/11/18,0,10000,-181000,-171000
2008/11/19,0,0,-26000,-26000
2008/11/20,0,12000,-9000,3000
2008/11/21,0,46000,-39000,7000
2008/11/24,0,12000,0,12000
2008/11/25,0,0,0,0
2008/11/26,0,2000,-22000,-20000
2008/11/27,0,4000,-2000,2000
2008/11/28,0,59000,0,59000
2008/12/01,0,228000,0,228000
2008/12/02,0,2261000,-203000,2058000
2008/12/03,0,1304000,-4000,1300000
2008/12/04,0,0,-337000,-337000
2008/12/05,0,11000,-12000,-1000
2008/12/08,0,386000,0,386000
2008/12/09,0,116000,-2000,114000
2008/12/10,0,157000,-151236,5764
2008/12/11,0,63000,-157000,-94000
2008/12/12,0,39000,-347000,-308000
2008/12/15,0,320000,-67000,253000
2008/12/16,0,392000,-15000,377000
2008/12/17,0,22000,-40000,-18000
2008/12/18,0,33000,-107000,-74000
2008/12/19,0,104000,-182000,-78000
2008/12/22,0,101000,-148000,-47000
2008/12/23,0,94000,-485000,-391000
2008/12/24,0,95000,-41000,54000
2008/12/25,0,18000,-47000,-29000
2008/12/26,0,7000,-44000,-37000
2008/12/29,0,107000,-6000,101000
2008/12/30,0,99000,-13000,86000
2008/12/31,0,46000,-119000,-73000
2009/01/01,0,0,0,0
2009/01/02,0,0,0,0
2009/01/05,0,82000,-28000,54000
2009/01/06,0,0,-35000,-35000
2009/01/07,0,35000,-44000,-9000
2009/01/08,0,5000,-53000,-48000
2009/01/09,0,8000,-124000,-116000
2009/01/12,0,22000,0,22000
2009/01/13,0,9000,-38000,-29000
2009/01/14,0,74000,-10202,63798
2009/01/15,0,41000,-46000,-5000
2009/01/16,0,1000,-38000,-37000
2009/01/19,0,0,-32113,-32113
2009/01/20,0,40000,0,40000
2009/01/21,0,40000,-40280,-280
2009/01/22,0,0,0,0
2009/01/23,0,0,0,0
2009/01/26,0,0,0,0
2009/01/27,0,0,0,0
2009/01/28,0,0,0,0
2009/01/29,0,0,0,0
2009/01/30,0,0,0,0
2009/02/02,0,11000,0,11000
2009/02/03,0,11000,-30000,-19000
2009/02/04,0,10000,-1000,9000
2009/02/05,0,3000,-3000,0
2009/02/06,0,17000,-13000,4000
2009/02/09,0,11000,-30000,-19000
2009/02/10,0,24000,0,24000
2009/02/11,0,76220,-6000,70220
2009/02/12,0,40000,0,40000
2009/02/13,0,94000,-7000,87000
2009/02/16,0,0,-8000,-8000
2009/02/17,0,57000,-150000,-93000
2009/02/18,0,29000,-70000,-41000
2009/02/19,0,39000,-53000,-14000
2009/02/20,0,19000,-24000,-5000
2009/02/23,0,14000,-18000,-4000
2009/02/24,0,68000,0,68000
2009/02/25,0,74000,-118000,-44000
2009/02/26,0,67000,-20000,47000
2009/02/27,0,680000,-42000,638000
2009/03/02,0,175000,-534000,-359000
2009/03/03,0,27000,-3585000,-3558000
2009/03/04,0,46000,-116000,-70000
2009/03/05,0,22000,-25000,-3000
2009/03/06,0,21000,-111000,-90000
2009/03/09,0,33000,-95000,-62000
2009/03/10,0,12000,-9000,3000
2009/03/11,0,215000,-21000,194000
2009/03/12,0,9000,-25000,-16000
2009/03/13,0,360000,-10552,349448
2009/03/16,0,14000,-70000,-56000
2009/03/17,0,111000,-366000,-255000
2009/03/18,0,210000,-261000,-51000
2009/03/19,0,186000,-77001,108999
2009/03/20,0,106000,-153000,-47000
2009/03/23,0,371000,-15000,356000
2009/03/24,0,256000,-14000,242000
2009/03/25,0,328000,-6000,322000
2009/03/26,0,75000,-1272000,-1197000
2009/03/27,0,862000,-933000,-71000
2009/03/30,0,195000,-295000,-100000
2009/03/31,0,537000,-24000,513000
2009/04/01,0,259000,-406000,-147000
2009/04/02,0,2335000,-289000,2046000
2009/04/03,0,195000,-2534000,-2339000
2009/04/06,0,283000,-223000,60000
2009/04/07,0,173000,-192259,-19259
2009/04/08,0,71000,-807000,-736000
2009/04/09,0,1287000,0,1287000
2009/04/10,0,721000,-908000,-187000
2009/04/13,0,827449,-393000,434449
2009/04/14,0,2651000,-460000,2191000
2009/04/15,0,83000,-1304000,-1221000
2009/04/16,0,987000,-286000,701000
2009/04/17,0,1489000,-1358903,130097
2009/04/20,0,1385000,-280000,1105000
2009/04/21,0,438000,-243000,195000
2009/04/22,0,405000,-339928,65072
2009/04/23,0,235000,-141000,94000
2009/04/24,0,355000,-685080,-330080
2009/04/27,0,356000,-1259000,-903000
2009/04/28,0,898000,-501000,397000
2009/04/29,0,499000,-43000,456000
2009/04/30,0,101000,-363000,-262000
2009/05/01,0,0,0,0
2009/05/04,0,871000,-179000,692000
2009/05/05,0,710000,-281000,429000
2009/05/06,0,1016000,-298000,718000
2009/05/07,0,604000,-954000,-350000
2009/05/08,0,1287000,-75000,1212000
2009/05/11,0,1148000,-623955,524045
2009/05/12,0,454000,-331000,123000
2009/05/13,0,295000,-490000,-195000
2009/05/14,0,62000,-480000,-418000
2009/05/15,0,219000,-310000,-91000
2009/05/18,0,519000,-504000,15000
2009/05/19,0,932000,-479000,453000
2009/05/20,0,209000,-1295000,-1086000
2009/05/21,0,311000,-695000,-384000
2009/05/22,0,61000,-359806,-298806
2009/05/25,0,116000,-481000,-365000
2009/05/26,0,252000,-568000,-316000
2009/05/27,0,636000,-154000,482000
2009/05/28,0,0,0,0
2009/05/29,0,0,0,0
2009/06/01,0,935000,-203000,732000
2009/06/02,0,459000,-1287000,-828000
2009/06/03,0,1323000,-112000,1211000
2009/06/04,0,243000,-746000,-503000
2009/06/05,0,513000,-517000,-4000
2009/06/08,0,167000,-1765000,-1598000
2009/06/09,0,1336000,-431000,905000
2009/06/10,0,427000,-128941,298059
2009/06/11,0,276000,-791000,-515000
2009/06/12,0,124000,-783880,-659880
2009/06/15,0,622000,-194000,428000
2009/06/16,0,168000,-121092,46908
2009/06/17,0,498000,-745000,-247000
2009/06/18,0,191000,-140000,51000
2009/06/19,0,362000,-117000,245000
2009/06/22,0,107000,-145000,-38000
2009/06/23,0,80000,-30000,50000
2009/06/24,0,517000,-358000,159000
2009/06/25,0,203563,-574000,-370437
2009/06/26,0,18000,-111000,-93000
2009/06/29,0,350000,-81126,268874
2009/06/30,0,651000,-438000,213000
2009/07/01,0,298000,-14000,284000
2009/07/02,0,128000,-227000,-99000
2009/07/03,0,1486000,-622000,864000
2009/07/06,0,591000,-346000,245000
2009/07/07,0,349552,-300000,49552
2009/07/08,0,132000,-276000,-144000
2009/07/09,0,290000,-747000,-457000
2009/07/10,0,701000,-68000,633000
2009/07/13,0,915000,-1554000,-639000
2009/07/14,0,232000,-232000,0
2009/07/15,0,1363468,-182000,1181468
2009/07/16,0,336000,-647000,-311000
2009/07/17,0,409000,-769000,-360000
2009/07/20,0,234000,-557000,-323000
2009/07/21,0,376000,-540000,-164000
2009/07/22,0,690000,-214000,476000
2009/07/23,0,127082,-424000,-296918
2009/07/24,0,62877,-158000,-95123
2009/07/27,0,304000,-97000,207000
2009/07/28,0,197027,-6000,191027
2009/07/29,0,286000,-293000,-7000
2009/07/30,0,649000,-163000,486000
2009/07/31,0,66000,-544000,-478000
2009/08/03,0,104811,-330000,-225189
2009/08/04,0,313000,-682000,-369000
2009/08/05,0,138000,-478000,-340000
2009/08/06,0,283000,-24000,259000
2009/08/07,0,0,0,0
2009/08/10,0,174000,-212000,-38000
2009/08/11,0,10000,-379000,-369000
2009/08/12,0,820000,-164000,656000
2009/08/13,0,156000,-915000,-759000
2009/08/14,0,63000,-193000,-130000
2009/08/17,0,44000,-235000,-191000
2009/08/18,0,540000,-252000,288000
2009/08/19,0,251000,-317000,-66000
2009/08/20,0,93000,-464000,-371000
2009/08/21,0,191000,-345000,-154000
2009/08/24,0,434720,-121000,313720
2009/08/25,0,40000,-40000,0
2009/08/26,0,240000,-59000,181000
2009/08/27,0,52000,-107000,-55000
2009/08/28,0,59000,-302000,-243000
2009/08/31,0,59000,-74000,-15000
2009/09/01,0,1073000,-700000,373000
2009/09/02,0,178280,-385000,-206720
2009/09/03,0,99000,-103000,-4000
2009/09/04,0,239000,-100000,139000
2009/09/07,0,278000,-72000,206000
2009/09/08,0,161000,-153000,8000
2009/09/09,0,188000,-280000,-92000
2009/09/10,0,1075000,-161000,914000
2009/09/11,0,83000,-582000,-499000
2009/09/14,0,121000,-238000,-117000
2009/09/15,0,62000,-1006000,-944000
2009/09/16,0,107000,-428000,-321000
2009/09/17,0,341000,-511000,-170000
2009/09/18,0,165000,-231067,-66067
2009/09/21,0,291000,-543000,-252000
2009/09/22,0,218000,-162000,56000
2009/09/23,0,293000,-447000,-154000
2009/09/24,0,264000,-113000,151000
2009/09/25,0,851000,-343000,508000
2009/09/28,0,640000,-1656185,-1016185
2009/09/29,0,368000,-383000,-15000
2009/09/30,0,1037000,-435000,602000
2009/10/01,0,607000,-749000,-142000
2009/10/02,0,325000,-255000,70000
2009/10/05,0,726000,-647000,79000
2009/10/06,0,441000,-315290,125710
2009/10/07,0,499000,-556000,-57000
2009/10/08,0,58000,-516010,-458010
2009/10/09,0,270000,-182000,88000
2009/10/12,0,208000,-127000,81000
2009/10/13,0,516000,-155000,361000
2009/10/14,0,169000,-159000,10000
2009/10/15,0,2511000,-766000,1745000
2009/10/16,0,452000,-391000,61000
2009/10/19,0,278000,-224000,54000
2009/10/20,0,1055000,-246900,808100
2009/10/21,0,616000,-179000,437000
2009/10/22,0,597000,-381000,216000
2009/10/23,0,177000,-178000,-1000
2009/10/26,0,300000,-607000,-307000
2009/10/27,0,333000,-267000,66000
2009/10/28,0,544000,-1408000,-864000
2009/10/29,0,368000,-811000,-443000
2009/10/30,0,130000,-372000,-242000
2009/11/02,0,48000,-2296000,-2248000
2009/11/03,0,63000,-461000,-398000
2009/11/04,0,3789000,-162000,3627000
2009/11/05,0,282000,-688000,-406000
2009/11/06,0,232000,-284000,-52000
2009/11/09,0,293000,-474000,-181000
2009/11/10,0,688000,-380000,308000
2009/11/11,0,342000,-155000,187000
2009/11/12,0,100000,-1503002,-1403002
2009/11/13,0,310000,-214470,95530
2009/11/16,0,499000,-449000,50000
2009/11/17,0,493000,-2931108,-2438108
2009/11/18,0,92000,-613000,-521000
2009/11/19,0,155000,-218000,-63000
2009/11/20,0,477000,-234000,243000
2009/11/23,0,70000,-37000,33000
2009/11/24,0,198000,-153170,44830
2009/11/25,0,493000,-81000,412000
2009/11/26,0,299000,-153000,146000
2009/11/27,0,313000,-711000,-398000
2009/11/30,0,364000,-296000,68000
2009/12/01,0,622000,-663000,-41000
2009/12/02,0,206000,-218000,-12000
2009/12/03,0,452000,-124000,328000
2009/12/04,0,194000,-985000,-791000
2009/12/07,0,295000,-218870,76130
2009/12/08,0,697000,-269000,428000
2009/12/09,0,325000,-84000,241000
2009/12/10,0,351000,-566000,-215000
2009/12/11,0,80000,-209463,-129463
2009/12/14,0,129000,-266000,-137000
2009/12/15,0,106000,-276000,-170000
2009/12/16,0,163000,-446000,-283000
2009/12/17,0,161000,-60000,101000
2009/12/18,0,351000,-121000,230000
2009/12/21,0,142000,-199000,-57000
2009/12/22,0,99000,-422000,-323000
2009/12/23,0,146000,-351000,-205000
2009/12/24,0,372000,-252000,120000
2009/12/25,0,894000,-126000,768000
2009/12/28,0,1123000,-757000,366000
2009/12/29,0,1179000,-681000,498000
2009/12/30,0,2820000,-339000,2481000
2009/12/31,0,1018000,-552000,466000
2010/01/01,0,0,0,0
2010/01/04,0,153000,-571000,-418000
2010/01/05,0,669000,-1725000,-1056000
2010/01/06,0,460000,-787000,-327000
2010/01/07,0,1288000,-509000,779000
2010/01/08,0,701000,-361630,339370
2010/01/11,0,3578000,-766000,2812000
2010/01/12,0,1493000,-256000,1237000
2010/01/13,0,693000,-335000,358000
2010/01/14,0,348000,-50000,298000
2010/01/15,0,1113000,-353000,760000
2010/01/18,0,306000,-326000,-20000
2010/01/19,0,686000,-214000,472000
2010/01/20,0,441299,-413000,28299
2010/01/21,0,213000,-2174000,-1961000
2010/01/22,0,490000,-2713000,-2223000
2010/01/25,0,119000,-613000,-494000
2010/01/26,0,663000,-901000,-238000
2010/01/27,0,367000,-55000,312000
2010/01/28,0,102000,-459000,-357000
2010/01/29,0,606000,-320000,286000
2010/02/01,0,93000,-132000,-39000
2010/02/02,0,24000,-216000,-192000
2010/02/03,0,43000,-15000,28000
2010/02/04,0,45000,-143000,-98000
2010/02/05,0,610000,-292000,318000
2010/02/08,0,74000,-148000,-74000
2010/02/09,0,182000,-136000,46000
2010/02/10,0,192000,-258000,-66000
2010/02/11,0,0,0,0
2010/02/12,0,0,0,0
2010/02/15,0,0,0,0
2010/02/16,0,0,0,0
2010/02/17,0,0,0,0
2010/02/18,0,0,0,0
2010/02/19,0,0,0,0
2010/02/22,0,553000,-182000,371000
2010/02/23,0,1000,-58000,-57000
2010/02/24,0,142000,-103000,39000
2010/02/25,0,113000,-401000,-288000
2010/02/26,0,209000,-30000,179000
2010/03/01,0,449000,-124000,325000
2010/03/02,0,256000,-137000,119000
2010/03/03,0,568000,-39000,529000
2010/03/04,0,67000,-371000,-304000
2010/03/05,0,162000,-59000,103000
2010/03/08,0,173000,-66000,107000
2010/03/09,0,61000,-25000,36000
2010/03/10,0,168000,-124000,44000
2010/03/11,0,225000,-215000,10000
2010/03/12,0,238000,-45000,193000
2010/03/15,0,108110,-695000,-586890
2010/03/16,0,130000,-53000,77000
2010/03/17,0,979000,-146000,833000
2010/03/18,0,448000,-169000,279000
2010/03/19,0,201000,-206000,-5000
2010/03/22,0,5000,-280000,-275000
2010/03/23,0,389000,-65000,324000
2010/03/24,0,418000,-196000,222000
2010/03/25,0,633000,-711000,-78000
2010/03/26,0,218000,-212000,6000
2010/03/29,0,288000,-43000,245000
2010/03/30,0,36000,-8000,28000
2010/03/31,0,15000,-17000,-2000
2010/04/01,0,693000,-60000,633000
2010/04/02,0,91000,-13000,78000
2010/04/05,0,0,0,0
2010/04/06,0,176000,-274000,-98000
2010/04/07,0,53000,-29000,24000
2010/04/08,0,717000,-34000,683000
2010/04/09,0,530000,-575000,-45000
2010/04/12,0,74000,-70000,4000
2010/04/13,0,193000,-324000,-131000
2010/04/14,0,185000,-160000,25000
2010/04/15,0,72000,-65000,7000
2010/04/16,0,142000,-126000,16000
2010/04/19,0,198400,-893000,-694600
2010/04/20,0,108000,-844000,-736000
2010/04/21,0,209000,-32400,176600
2010/04/22,0,83000,-238000,-155000
2010/04/23,0,431000,-133000,298000
2010/04/26,0,443000,-192000,251000
2010/04/27,0,428000,-56000,372000
2010/04/28,0,182000,-529000,-347000
2010/04/29,0,176000,-997351,-821351
2010/04/30,0,148000,-187000,-39000
2010/05/03,0,274000,-232686,41314
2010/05/04,0,182000,-236000,-54000
2010/05/05,0,635000,-339000,296000
2010/05/06,0,167000,-508000,-341000
2010/05/07,0,212000,-386000,-174000
2010/05/10,0,60000,-303000,-243000
2010/05/11,0,289000,-1391278,-1102278
2010/05/12,0,210000,-989000,-779000
2010/05/13,0,475000,-1454000,-979000
2010/05/14,0,683000,-264000,419000
2010/05/17,0,271000,-378000,-107000
2010/05/18,0,354000,-114000,240000
2010/05/19,0,525000,-140000,385000
2010/05/20,0,15000,-282000,-267000
2010/05/21,0,157000,-456000,-299000
2010/05/24,0,16000,-81000,-65000
2010/05/25,0,177000,-976000,-799000
2010/05/26,0,194000,-189000,5000
2010/05/27,0,115000,-119000,-4000
2010/05/28,0,447000,-150000,297000
2010/05/31,0,142000,-66000,76000
2010/06/01,0,11000,-675000,-664000
2010/06/02,0,66000,-242000,-176000
2010/06/03,0,212000,-182000,30000
2010/06/04,0,0,-541000,-541000
2010/06/07,0,67000,-184000,-117000
2010/06/08,0,580000,-256000,324000
2010/06/09,0,0,-462000,-462000
2010/06/10,0,300000,-6000,294000
2010/06/11,0,435000,-555000,-120000
2010/06/14,0,458000,-347000,111000
2010/06/15,0,637000,-399000,238000
2010/06/16,0,0,0,0
2010/06/17,0,804000,-389000,415000
2010/06/18,0,76000,-90000,-14000
2010/06/21,0,166000,-21000,145000
2010/06/22,0,141000,-110000,31000
2010/06/23,0,111000,-86000,25000
2010/06/24,0,370000,-274192,95808
2010/06/25,0,767000,-342000,425000
2010/06/28,0,831000,-10000,821000
2010/06/29,0,22000,-334000,-312000
2010/06/30,0,404000,-86000,318000
2010/07/01,0,372000,-85000,287000
2010/07/02,0,982000,-557000,425000
2010/07/05,0,588000,-158000,430000
2010/07/06,0,820000,-447000,373000
2010/07/07,0,415000,-1342407,-927407
2010/07/08,0,810000,-312000,498000
2010/07/09,0,214000,-388000,-174000
2010/07/12,0,395000,-156000,239000
2010/07/13,0,205000,-44000,161000
2010/07/14,0,388000,-150000,238000
2010/07/15,0,685000,-425000,260000
2010/07/16,0,281000,-661000,-380000
2010/07/19,0,160000,-236000,-76000
2010/07/20,0,142000,0,142000
2010/07/21,0,150000,-587000,-437000
2010/07/22,0,260000,-484000,-224000
2010/07/23,0,326000,-63044,262956
2010/07/26,0,59000,-90000,-31000
2010/07/27,0,99000,-62000,37000
2010/07/28,0,694000,-718000,-24000
2010/07/29,0,0,-358000,-358000
2010/07/30,0,165000,-238000,-73000
2010/08/02,0,420000,-89000,331000
2010/08/03,0,74000,-54000,20000
2010/08/04,0,126000,-74000,52000
2010/08/05,0,262000,-182000,80000
2010/08/06,0,235000,-200000,35000
2010/08/09,0,649000,-423000,226000
2010/08/10,0,607000,-496000,111000
2010/08/11,0,680000,-593000,87000
2010/08/12,0,213000,-327000,-114000
2010/08/13,0,702000,-244000,458000
2010/08/16,0,924000,-203000,721000
2010/08/17,0,365000,-5000,360000
2010/08/18,0,3589000,-282000,3307000
2010/08/19,0,75000,-2362000,-2287000
2010/08/20,0,15000,-373240,-358240
2010/08/23,0,586000,-487000,99000
2010/08/24,0,128000,-1103000,-975000
2010/08/25,0,291000,-364936,-73936
2010/08/26,0,81000,-352000,-271000
2010/08/27,0,50000,-614000,-564000
2010/08/30,0,85000,-410000,-325000
2010/08/31,0,163000,-1135000,-972000
2010/09/01,0,63000,-367000,-304000
2010/09/02,0,642000,-564000,78000
2010/09/03,0,582000,-724000,-142000
2010/09/06,0,320000,-57000,263000
2010/09/07,0,3000,-63000,-60000
2010/09/08,0,26000,-363000,-337000
2010/09/09,0,20441,-395000,-374559
2010/09/10,0,261000,-403000,-142000
2010/09/13,0,393000,-279000,114000
2010/09/14,0,628000,-186000,442000
2010/09/15,0,424000,-117000,307000
2010/09/16,0,509000,-111000,398000
2010/09/17,0,519000,-151000,368000
2010/09/20,0,554000,-60000,494000
2010/09/21,0,648000,-308614,339386
2010/09/22,0,0,0,0
2010/09/23,0,686000,-517617,168383
2010/09/24,0,289000,-20000,269000
2010/09/27,0,261000,-346000,-85000
2010/09/28,0,275000,-174000,101000
2010/09/29,0,84000,-258022,-174022
2010/09/30,0,180000,-72000,108000
2010/10/01,0,273000,-108364,164636
2010/10/04,0,423000,-714009,-291009
2010/10/05,0,127000,-337000,-210000
2010/10/06,0,617000,-272124,344876
2010/10/07,0,178000,-721230,-543230
2010/10/08,0,225000,0,225000
2010/10/11,0,161000,-88000,73000
2010/10/12,0,0,-125000,-125000
2010/10/13,0,90000,-212000,-122000
2010/10/14,0,77000,-115000,-38000
2010/10/15,0,117000,-222000,-105000
2010/10/18,0,11000,-1442000,-1431000
2010/10/19,0,30000,-637000,-607000
2010/10/20,0,143000,-12000,131000
2010/10/21,0,126000,-28000,98000
2010/10/22,0,86000,-67000,19000
2010/10/25,0,155000,0,155000
2010/10/26,0,82000,-30001,51999
2010/10/27,0,98000,-319000,-221000
2010/10/28,0,369113,-59000,310113
2010/10/29,0,250000,-157000,93000
2010/11/01,0,485211,-778000,-292789
2010/11/02,0,203000,-193000,10000
2010/11/03,0,12000,-335000,-323000
2010/11/04,0,129000,-261000,-132000
2010/11/05,0,160000,-3122,156878
2010/11/08,0,202000,-42000,160000
2010/11/09,0,165000,-200000,-35000
2010/11/10,0,9000,-202000,-193000
2010/11/11,0,284000,0,284000
2010/11/12,0,131000,-1015000,-884000
2010/11/15,0,131000,0,131000
2010/11/16,0,443000,-2000,441000
2010/11/17,0,180000,-50000,130000
2010/11/18,0,318000,-87000,231000
2010/11/19,0,265000,-333000,-68000
2010/11/22,0,131000,-389113,-258113
2010/11/23,0,274000,-78000,196000
2010/11/24,0,490000,-50000,440000
2010/11/25,0,168000,-80000,88000
2010/11/26,0,86000,-100000,-14000
2010/11/29,0,475000,-118000,357000
2010/11/30,0,241000,-253000,-12000
2010/12/01,0,800000,-909000,-109000
2010/12/02,0,1131000,-631000,500000
2010/12/03,0,648000,-1084000,-436000
2010/12/06,0,1574000,-468000,1106000
2010/12/07,0,775000,-228000,547000
2010/12/08,0,77000,-361000,-284000
2010/12/09,0,896000,-1289000,-393000
2010/12/10,0,168000,-122000,46000
2010/12/13,0,175000,-768000,-593000
2010/12/14,0,195000,-227380,-32380
2010/12/15,0,431000,-246000,185000
2010/12/16,0,275000,-90000,185000
2010/12/17,0,36000,-492000,-456000
2010/12/20,0,185000,-120000,65000
2010/12/21,0,123000,-60000,63000
2010/12/22,0,501000,-14000,487000
2010/12/23,0,194000,-163000,31000
2010/12/24,0,645000,-1007000,-362000
2010/12/27,0,1229000,-632000,597000
2010/12/28,0,546000,-1360000,-814000
2010/12/29,0,1642000,-755000,887000
2010/12/30,0,846000,-133000,713000
2010/12/31,0,276000,-591000,-315000
2011/01/03,0,837000,-464000,373000
2011/01/04,0,246000,-513000,-267000
2011/01/05,0,285000,-599000,-314000
2011/01/06,0,608000,-581000,27000
2011/01/07,0,152000,-297038,-145038
2011/01/10,0,350000,-256000,94000
2011/01/11,0,718000,-345000,373000
2011/01/12,0,722000,-769000,-47000
2011/01/13,0,505000,-811000,-306000
2011/01/14,0,1285000,-920000,365000
2011/01/17,0,703000,-888000,-185000
2011/01/18,0,143000,-373000,-230000
2011/01/19,0,40000,-328568,-288568
2011/01/20,0,232000,-641000,-409000
2011/01/21,0,158000,-111000,47000
2011/01/24,0,116000,-192000,-76000
2011/01/25,0,83000,-214000,-131000
2011/01/26,0,430000,-61000,369000
2011/01/27,0,331000,-89000,242000
2011/01/28,0,254000,-427000,-173000
2011/01/31,0,0,0,0
2011/02/01,0,0,0,0
2011/02/02,0,0,0,0
2011/02/03,0,0,0,0
2011/02/04,0,0,0,0
2011/02/07,0,0,0,0
2011/02/08,0,377000,-100000,277000
2011/02/09,0,300000,-63000,237000
2011/02/10,0,450000,-1012000,-562000
2011/02/11,0,187000,-1004000,-817000
2011/02/14,0,62000,-95100,-33100
2011/02/15,0,302000,-322000,-20000
2011/02/16,0,335000,-323000,12000
2011/02/17,0,96000,-181000,-85000
2011/02/18,0,695000,-165000,530000
2011/02/21,0,616205,-186000,430205
2011/02/22,0,810000,-389000,421000
2011/02/23,0,58000,-520000,-462000
2011/02/24,0,234000,-345000,-111000
2011/02/25,0,401000,-297000,104000
2011/02/28,0,0,0,0
2011/03/01,0,230000,-237000,-7000
2011/03/02,0,554000,-264000,290000
2011/03/03,0,630000,-126000,504000
2011/03/04,0,208000,-537000,-329000
2011/03/07,0,319000,-346000,-27000
2011/03/08,0,333000,-97000,236000
2011/03/09,0,135000,-140000,-5000
2011/03/10,0,114000,-830000,-716000
2011/03/11,0,186000,-144000,42000
2011/03/14,0,450000,-515000,-65000
2011/03/15,0,1376000,-881000,495000
2011/03/16,0,788000,-450000,338000
2011/03/17,0,311000,-165278,145722
2011/03/18,0,45000,-455000,-410000
2011/03/21,0,430000,-233000,197000
2011/03/22,0,996000,-276000,720000
2011/03/23,0,160000,-1158557,-998557
2011/03/24,0,833001,-157000,676001
2011/03/25,0,386000,-95000,291000
2011/03/28,0,91000,-28000,63000
2011/03/29,0,46000,-58001,-12001
2011/03/30,0,1028000,-513000,515000
2011/03/31,0,90000,-203000,-113000
2011/04/01,0,153000,-306000,-153000
2011/04/04,0,0,0,0
2011/04/05,0,0,0,0
2011/04/06,0,298000,-176600,121400
2011/04/07,0,564000,-610000,-46000
2011/04/08,0,1538000,-509000,1029000
2011/04/11,0,812000,-669455,142545
2011/04/12,0,439000,-157000,282000
2011/04/13,0,127000,-596000,-469000
2011/04/14,0,125000,-52000,73000
2011/04/15,0,58000,-458000,-400000
2011/04/18,0,45000,-127014,-82014
2011/04/19,0,63000,-501200,-438200
2011/04/20,0,72000,-317000,-245000
2011/04/21,0,1011200,-1430000,-418800
2011/04/22,0,570000,-778000,-208000
2011/04/25,0,603100,-320000,283100
2011/04/26,0,273000,-199000,74000
2011/04/27,0,514100,-43000,471100
2011/04/28,0,1105000,-529200,575800
2011/04/29,0,479000,-552000,-73000
2011/05/02,0,0,0,0
2011/05/03,0,529000,-133000,396000
2011/05/04,0,264000,-481000,-217000
2011/05/05,0,334000,-528000,-194000
2011/05/06,0,152000,-15000,137000
2011/05/09,0,206000,-267000,-61000
2011/05/10,0,258000,-563000,-305000
2011/05/11,0,1163000,-783142,379858
2011/05/12,0,938000,-1083000,-145000
2011/05/13,0,816000,-400000,416000
2011/05/16,0,364000,-190000,174000
2011/05/17,0,306000,-623000,-317000
2011/05/18,0,408000,-169000,239000
2011/05/19,0,772000,-595568,176432
2011/05/20,0,132000,-391000,-259000
2011/05/23,0,259000,-344000,-85000
2011/05/24,0,256000,-574000,-318000
2011/05/25,0,84000,-122000,-38000
2011/05/26,0,199000,-77000,122000
2011/05/27,0,136000,-360000,-224000
2011/05/30,0,80000,-126000,-46000
2011/05/31,0,283000,-90000,193000
2011/06/01,0,160000,-504000,-344000
2011/06/02,0,398000,-685000,-287000
2011/06/03,0,276000,-429000,-153000
2011/06/06,0,0,0,0
2011/06/07,0,55000,-93000,-38000
2011/06/08,0,514000,-184000,330000
2011/06/09,0,65000,-113000,-48000
2011/06/10,0,267000,-359000,-92000
2011/06/13,0,6000,-536000,-530000
2011/06/14,0,651000,-320000,331000
2011/06/15,0,451000,-867000,-416000
2011/06/16,0,96000,-85000,11000
2011/06/17,0,20000,-247000,-227000
2011/06/20,0,10000,-337000,-327000
2011/06/21,0,252000,-95000,157000
2011/06/22,0,414000,-192000,222000
2011/06/23,0,0,-137000,-137000
2011/06/24,0,50000,-436000,-386000
2011/06/27,0,89000,-107000,-18000
2011/06/28,0,37000,-321000,-284000
2011/06/29,0,808000,-47000,761000
2011/06/30,0,205000,-120000,85000
2011/07/01,0,766000,-341000,425000
2011/07/04,0,417000,-393000,24000
2011/07/05,0,329000,-411243,-82243
2011/07/06,0,245000,-67000,178000
2011/07/07,0,485000,-112000,373000
2011/07/08,0,286000,-856000,-570000
2011/07/11,0,147000,-255000,-108000
2011/07/12,0,62000,-174000,-112000
2011/07/13,0,85000,-186000,-101000
2011/07/14,0,93000,-235000,-142000
2011/07/15,0,698000,-127000,571000
2011/07/18,0,235000,-173000,62000
2011/07/19,0,200000,-187000,13000
2011/07/20,0,428000,-77000,351000
2011/07/21,0,570000,-519000,51000
2011/07/22,0,440000,-213000,227000
2011/07/25,0,203000,-470000,-267000
2011/07/26,0,171000,-324000,-153000
2011/07/27,0,172000,-483000,-311000
2011/07/28,0,18000,-369000,-351000
2011/07/29,0,1220000,-583000,637000
2011/08/01,0,457000,-82000,375000
2011/08/02,0,0,-172000,-172000
2011/08/03,0,399000,-551463,-152463
2011/08/04,0,265000,-346000,-81000
2011/08/05,0,1076000,-1077000,-1000
2011/08/08,0,933000,-1250000,-317000
2011/08/09,0,1133000,-421000,712000
2011/08/10,0,705000,-137000,568000
2011/08/11,0,181000,-218487,-37487
2011/08/12,0,55000,-636000,-581000
2011/08/15,0,315000,-20000,295000
2011/08/16,0,1661000,-96000,1565000
2011/08/17,0,21000,-1659000,-1638000
2011/08/18,0,0,-500000,-500000
2011/08/19,0,13000,-639000,-626000
2011/08/22,0,179999,-147060,32939
2011/08/23,0,913000,-37000,876000
2011/08/24,0,913000,-67000,846000
2011/08/25,0,241000,-884000,-643000
2011/08/26,0,189000,-273000,-84000
2011/08/29,0,116000,-186000,-70000
2011/08/30,0,131000,-536000,-405000
2011/08/31,0,101000,-121000,-20000
2011/09/01,0,1549000,-378000,1171000
2011/09/02,0,592000,-367000,225000
2011/09/05,0,35000,-1518000,-1483000
2011/09/06,0,322000,-946000,-624000
2011/09/07,0,838000,-171000,667000
2011/09/08,0,343000,-486000,-143000
2011/09/09,0,148000,-869000,-721000
2011/09/12,0,0,0,0
2011/09/13,0,2000,-1367824,-1365824
2011/09/14,0,120000,-477299,-357299
2011/09/15,0,260000,-156000,104000
2011/09/16,0,838000,-3595000,-2757000
2011/09/19,0,73000,-281000,-208000
2011/09/20,0,93000,-287000,-194000
2011/09/21,0,349000,-400000,-51000
2011/09/22,0,23000,-1209439,-1186439
2011/09/23,0,288000,-1148000,-860000
2011/09/26,0,311000,-64000,247000
2011/09/27,0,406000,0,406000
2011/09/28,0,550000,-511000,39000
2011/09/29,0,243000,-330000,-87000
2011/09/30,0,100000,-69929,30071
2011/10/03,0,210000,-449000,-239000
2011/10/04,0,770000,-111000,659000
2011/10/05,0,74000,-68000,6000
2011/10/06,0,631000,-596868,34132
2011/10/07,0,298000,-1360000,-1062000
2011/10/10,0,0,0,0
2011/10/11,0,396000,-627000,-231000
2011/10/12,0,351000,-303000,48000
2011/10/13,0,16000,-38000,-22000
2011/10/14,0,1070000,-525000,545000
2011/10/17,0,3000,-261000,-258000
2011/10/18,0,282000,-468000,-186000
2011/10/19,0,52000,-100000,-48000
2011/10/20,0,401000,-147000,254000
2011/10/21,0,289144,0,289144
2011/10/24,0,847000,-580000,267000
2011/10/25,0,24000,-53000,-29000
2011/10/26,0,750000,-102250,647750
2011/10/27,0,67000,-695000,-628000
2011/10/28,0,585000,-1187530,-602530
2011/10/31,0,21000,-392071,-371071
2011/11/01,0,39000,-107000,-68000
2011/11/02,0,1096000,-120000,976000
2011/11/03,0,329000,-360000,-31000
2011/11/04,0,303000,-69000,234000
2011/11/07,0,70000,-1000,69000
2011/11/08,0,238000,-22000,216000
2011/11/09,0,13000,-157000,-144000
2011/11/10,0,202000,-624000,-422000
2011/11/11,0,190000,-171000,19000
2011/11/14,0,134000,-28000,106000
2011/11/15,0,59000,-83000,-24000
2011/11/16,0,2000,-325000,-323000
2011/11/17,0,187000,-20000,167000
2011/11/18,0,326000,-73000,253000
2011/11/21,0,23537,-72000,-48463
2011/11/22,0,119000,-119000,0
2011/11/23,0,338000,-365000,-27000
2011/11/24,0,357000,-41000,316000
2011/11/25,0,12753,-179000,-166247
2011/11/28,0,166000,-93000,73000
2011/11/29,0,48000,-61000,-13000
2011/11/30,0,43000,-307000,-264000
2011/12/01,0,677551,-132057,545494
2011/12/02,0,362000,-199000,163000
2011/12/05,0,99000,-51000,48000
2011/12/06,0,0,-282000,-282000
2011/12/07,0,193000,-55000,138000
2011/12/08,0,134000,-227000,-93000
2011/12/09,0,18000,-192000,-174000
2011/12/12,0,92000,-370000,-278000
2011/12/13,0,5000,-70000,-65000
2011/12/14,0,47000,-4000,43000
2011/12/15,0,110000,-300000,-190000
2011/12/16,0,0,-211000,-211000
2011/12/19,0,117000,-346000,-229000
2011/12/20,0,242005,-179000,63005
2011/12/21,0,427000,-530000,-103000
2011/12/22,0,152000,-353000,-201000
2011/12/23,0,152000,-56000,96000
2011/12/26,0,49360,-49000,360
2011/12/27,0,50000,0,50000
2011/12/28,0,84000,-37000,47000
2011/12/29,0,268000,-15000,253000
2011/12/30,0,119000,-164000,-45000
2012/01/02,0,26000,-63000,-37000
2012/01/03,0,65000,-51000,14000
2012/01/04,0,12000,-163000,-151000
2012/01/05,0,99000,-21128,77872
2012/01/06,0,35000,-115000,-80000
2012/01/09,0,5000,-41000,-36000
2012/01/10,0,279000,-10000,269000
2012/01/11,0,137000,-91000,46000
2012/01/12,0,59000,0,59000
2012/01/13,0,238000,-203000,35000
2012/01/16,0,25000,-701000,-676000
2012/01/17,0,507000,-678000,-171000
2012/01/18,0,283000,-109000,174000
2012/01/19,0,0,0,0
2012/01/20,0,0,0,0
2012/01/23,0,0,0,0
2012/01/24,0,0,0,0
2012/01/25,0,0,0,0
2012/01/26,0,0,0,0
2012/01/27,0,0,0,0
2012/01/30,0,152000,-117000,35000
2012/01/31,0,2157000,-45000,2112000
2012/02/01,0,1270000,-1450743,-180743
2012/02/02,0,646000,-1675000,-1029000
2012/02/03,0,759000,-496000,263000
2012/02/06,0,380000,-281000,99000
2012/02/07,0,276000,-59000,217000
2012/02/08,0,1120000,-403000,717000
2012/02/09,0,1085000,-108000,977000
2012/02/10,0,813000,-492000,321000
2012/02/13,0,1376000,-43000,1333000
2012/02/14,0,790000,-497000,293000
2012/02/15,0,1252000,-251000,1001000
2012/02/16,0,269000,-640000,-371000
2012/02/17,0,351000,-564000,-213000
2012/02/20,0,106000,-7000,99000
2012/02/21,0,1227000,-349000,878000
2012/02/22,0,641000,-89592,551408
2012/02/23,0,184000,-217000,-33000
2012/02/24,0,161000,-87000,74000
2012/02/27,0,0,0,0
2012/02/28,0,0,0,0
2012/02/29,0,959000,-353000,606000
2012/03/01,0,641000,-723000,-82000
2012/03/02,0,923000,-190000,733000
2012/03/05,0,39000,-409000,-370000
2012/03/06,0,485000,-3100000,-2615000
2012/03/07,0,368000,-125000,243000
2012/03/08,0,1815000,-1995000,-180000
2012/03/09,0,805000,-701000,104000
2012/03/12,0,671000,-1199000,-528000
2012/03/13,0,2025000,-1859587,165413
2012/03/14,0,987000,-1777000,-790000
2012/03/15,0,796000,-915000,-119000
2012/03/16,0,87000,-659000,-572000
2012/03/19,0,414000,-445000,-31000
2012/03/20,0,273000,-486000,-213000
2012/03/21,0,291000,-505000,-214000
2012/03/22,0,761000,-411000,350000
2012/03/23,0,160000,-508000,-348000
2012/03/26,0,2119000,-2043000,76000
2012/03/27,0,983000,-303000,680000
2012/03/28,0,912000,-1406000,-494000
2012/03/29,0,861000,-769551,91449
2012/03/30,0,295000,-1026000,-731000
2012/04/02,0,83000,-212000,-129000
2012/04/03,0,244000,-351000,-107000
2012/04/04,0,0,0,0
2012/04/05,0,27000,-390000,-363000
2012/04/06,0,248000,-76000,172000
2012/04/09,0,203000,-186000,17000
2012/04/10,0,810000,-164000,646000
2012/04/11,0,328000,-120000,208000
2012/04/12,0,727000,-659000,68000
2012/04/13,0,113000,-40000,73000
2012/04/16,0,36000,-120000,-84000
2012/04/17,0,15000,-349000,-334000
2012/04/18,0,275000,-223000,52000
2012/04/19,0,622000,-253000,369000
2012/04/20,0,168000,-158000,10000
2012/04/23,0,107000,-1172000,-1065000
2012/04/24,0,207000,-214000,-7000
2012/04/25,0,261000,-667000,-406000
2012/04/26,0,68000,-493000,-425000
2012/04/27,0,365000,-1065475,-700475
2012/04/30,0,438000,-629000,-191000
2012/05/01,0,0,0,0
2012/05/02,0,719000,-167000,552000
2012/05/03,0,675000,-200000,475000
2012/05/04,0,612000,-449000,163000
2012/05/07,0,1900000,-272000,1628000
2012/05/08,0,312000,-190157,121843
2012/05/09,0,316000,-114000,202000
2012/05/10,0,92000,-220863,-128863
2012/05/11,0,193000,-204000,-11000
2012/05/14,0,120000,-754000,-634000
2012/05/15,0,83000,-87000,-4000
2012/05/16,0,230000,-1885000,-1655000
2012/05/17,0,311000,-319000,-8000
2012/05/18,0,109000,-286000,-177000
2012/05/21,0,71000,-245000,-174000
2012/05/22,0,70000,-623000,-553000
2012/05/23,0,95000,-939000,-844000
2012/05/24,0,143000,-791000,-648000
2012/05/25,0,76000,-94000,-18000
2012/05/28,0,120000,-133000,-13000
2012/05/29,0,220000,-148000,72000
2012/05/30,0,229000,-121000,108000
2012/05/31,0,439000,-64000,375000
2012/06/01,0,166000,-376000,-210000
2012/06/04,0,536000,-1702000,-1166000
2012/06/05,0,133000,-144000,-11000
2012/06/06,0,106000,-71000,35000
2012/06/07,0,261000,-138000,123000
2012/06/08,0,899000,-145795,753205
2012/06/11,0,251000,-291000,-40000
2012/06/12,0,417000,-187000,230000
2012/06/13,0,250000,-268000,-18000
2012/06/14,0,201000,-440000,-239000
2012/06/15,0,311000,-168000,143000
2012/06/18,0,165000,-265000,-100000
2012/06/19,0,38000,-159000,-121000
2012/06/20,0,76000,-21000,55000
2012/06/21,0,213000,-84000,129000
2012/06/22,0,422000,-146000,276000
2012/06/25,0,145000,-150000,-5000
2012/06/26,0,31000,-37000,-6000
2012/06/27,0,404000,-34248,369752
2012/06/28,0,67000,-111000,-44000
2012/06/29,0,119000,-21000,98000
2012/07/02,0,211000,-485000,-274000
2012/07/03,0,108000,-398000,-290000
2012/07/04,0,527000,-148000,379000
2012/07/05,0,134000,-125000,9000
2012/07/06,0,64000,-94000,-30000
2012/07/09,0,26000,-175000,-149000
2012/07/10,0,149000,-128000,21000
2012/07/11,0,481000,-394000,87000
2012/07/12,0,323000,-234000,89000
2012/07/13,0,1068000,-291000,777000
2012/07/16,0,437000,-73000,364000
2012/07/17,0,699000,-66000,633000
2012/07/18,0,162000,-170000,-8000
2012/07/19,0,356000,-480000,-124000
2012/07/20,0,436000,-137000,299000
2012/07/23,0,462000,-461000,1000
2012/07/24,0,641000,-558000,83000
2012/07/25,0,247000,-253000,-6000
2012/07/26,0,1359000,-147000,1212000
2012/07/27,0,309000,-622000,-313000
2012/07/30,0,773000,-378000,395000
2012/07/31,0,329000,-527000,-198000
2012/08/01,0,328000,-109000,219000
2012/08/02,0,0,0,0
2012/08/03,0,46000,-239000,-193000
2012/08/06,0,1708000,-757000,951000
2012/08/07,0,295000,-1652000,-1357000
2012/08/08,0,416000,-478000,-62000
2012/08/09,0,228000,-841000,-613000
2012/08/10,0,243000,-669000,-426000
2012/08/13,0,10257000,-221000,10036000
2012/08/14,0,10602000,-232000,10370000
2012/08/15,0,5746000,-514000,5232000
2012/08/16,0,612000,-12141000,-11529000
2012/08/17,0,683000,-10850000,-10167000
2012/08/20,0,55000,-4456000,-4401000
2012/08/21,0,362000,-376000,-14000
2012/08/22,0,650000,-825000,-175000
2012/08/23,0,658000,-770000,-112000
2012/08/24,0,406000,-150000,256000
2012/08/27,0,170000,-267000,-97000
2012/08/28,0,58000,-370000,-312000
2012/08/29,0,130000,-120000,10000
2012/08/30,0,396000,-692000,-296000
2012/08/31,0,101000,-828000,-727000
2012/09/03,0,164000,-263000,-99000
2012/09/04,0,143000,-252000,-109000
2012/09/05,0,87000,-907000,-820000
2012/09/06,0,0,-306750,-306750
2012/09/07,0,7000,-420000,-413000
2012/09/10,0,81000,-159000,-78000
2012/09/11,0,156000,-212000,-56000
2012/09/12,0,186000,-90000,96000
2012/09/13,0,1601000,-192000,1409000
2012/09/14,0,1034000,-339000,695000
2012/09/17,0,964000,-443000,521000
2012/09/18,0,292000,-73000,219000
2012/09/19,0,914000,-335077,578923
2012/09/20,0,499000,-57000,442000
2012/09/21,0,1335000,-706500,628500
2012/09/24,0,558000,-178000,380000
2012/09/25,0,20000,-326000,-306000
2012/09/26,0,84000,-317000,-233000
2012/09/27,0,262000,-36000,226000
2012/09/28,0,132000,-182000,-50000
2012/10/01,0,129000,-202000,-73000
2012/10/02,0,259000,-218000,41000
2012/10/03,0,282000,-56000,226000
2012/10/04,0,367000,-181000,186000
2012/10/05,0,172000,-165000,7000
2012/10/08,0,19000,-327000,-308000
2012/10/09,0,414000,-11000,403000
2012/10/10,0,0,0,0
2012/10/11,0,804000,-1182003,-378003
2012/10/12,0,257000,-475000,-218000
2012/10/15,0,1073000,-269000,804000
2012/10/16,0,51000,-1095000,-1044000
2012/10/17,0,533000,-765000,-232000
2012/10/18,0,1309000,-92000,1217000
2012/10/19,0,526000,-475000,51000
2012/10/22,0,982000,-280000,702000
2012/10/23,0,728000,-432000,296000
2012/10/24,0,367000,-229000,138000
2012/10/25,0,608000,-759000,-151000
2012/10/26,0,335000,-421000,-86000
2012/10/29,0,194000,-226000,-32000
2012/10/30,0,263000,-239000,24000
2012/10/31,0,52000,-228000,-176000
2012/11/01,0,378000,-72500,305500
2012/11/02,0,132000,-384000,-252000
2012/11/05,0,161000,-247000,-86000
2012/11/06,0,504000,-225750,278250
2012/11/07,0,497000,-568000,-71000
2012/11/08,0,198000,-94000,104000
2012/11/09,0,455000,-529000,-74000
2012/11/12,0,53000,-234000,-181000
2012/11/13,0,35000,-130000,-95000
2012/11/14,0,43000,-20000,23000
2012/11/15,0,538000,-89000,449000
2012/11/16,0,520000,-66000,454000
2012/11/19,0,252000,-118000,134000
2012/11/20,0,144000,-611000,-467000
2012/11/21,0,633000,-388600,244400
2012/11/22,0,514000,-61000,453000
2012/11/23,0,302000,-434000,-132000
2012/11/26,0,313000,-453000,-140000
2012/11/27,0,201000,-243000,-42000
2012/11/28,0,241000,-134400,106600
2012/11/29,0,407000,-269000,138000
2012/11/30,0,250000,-180000,70000
2012/12/03,0,1109000,-339750,769250
2012/12/04,0,769000,-27000,742000
2012/12/05,0,435000,-398000,37000
2012/12/06,0,396000,-221000,175000
2012/12/07,0,401000,-326000,75000
2012/12/10,0,1585000,-160000,1425000
2012/12/11,0,336000,-306000,30000
2012/12/12,0,314000,-1588000,-1274000
2012/12/13,0,519000,-238000,281000
2012/12/14,0,1915000,-63000,1852000
2012/12/17,0,111000,-518000,-407000
2012/12/18,0,98000,-307000,-209000
2012/12/19,0,421000,-222000,199000
2012/12/20,0,1575000,-648000,927000
2012/12/21,0,138000,-1077000,-939000
2012/12/24,0,247000,-190000,57000
2012/12/25,0,172000,-111000,61000
2012/12/26,0,264000,-189000,75000
2012/12/27,0,15000,-231000,-216000
2012/12/28,0,145085,-482000,-336915
2012/12/31,0,0,0,0
2013/01/01,0,0,0,0
2013/01/02,0,178000,-555336,-377336
2013/01/03,0,171000,-485000,-314000
2013/01/04,0,248000,-255000,-7000
2013/01/07,0,71000,-188000,-117000
2013/01/08,0,0,-117000,-117000
2013/01/09,0,169000,-39000,130000
2013/01/10,0,1324000,-81000,1243000
2013/01/11,0,201000,-795000,-594000
2013/01/14,0,91000,-533000,-442000
2013/01/15,0,1116000,-399000,717000
2013/01/16,0,130000,-165000,-35000
2013/01/17,0,288000,-324000,-36000
2013/01/18,0,216000,-289000,-73000
2013/01/21,0,358000,-84000,274000
2013/01/22,0,126000,-224410,-98410
2013/01/23,0,547000,-1139000,-592000
2013/01/24,0,123000,-403000,-280000
2013/01/25,0,80000,-191000,-111000
2013/01/28,0,1151000,-314000,837000
2013/01/29,0,188000,-837000,-649000
2013/01/30,0,27000,-366000,-339000
2013/01/31,0,182000,-1714000,-1532000
2013/02/01,0,116000,-136000,-20000
2013/02/04,0,838000,-176850,661150
2013/02/05,0,125000,-143000,-18000
2013/02/06,0,566000,-144000,422000
2013/02/07,0,0,0,0
2013/02/08,0,0,0,0
2013/02/11,0,0,0,0
2013/02/12,0,0,0,0
2013/02/13,0,0,0,0
2013/02/14,0,0,0,0
2013/02/15,0,0,0,0
2013/02/18,0,391000,-320000,71000
2013/02/19,0,1048000,-688000,360000
2013/02/20,0,690000,-503000,187000
2013/02/21,0,924000,-35000,889000
2013/02/22,0,220000,-718000,-498000
2013/02/25,0,342000,-401000,-59000
2013/02/26,0,699000,-309000,390000
2013/02/27,0,135000,-132000,3000
2013/02/28,0,0,0,0
2013/03/01,0,497000,-558000,-61000
2013/03/04,0,289000,-286000,3000
2013/03/05,0,269000,-2325000,-2056000
2013/03/06,0,1280000,-1614000,-334000
2013/03/07,0,291000,-2173000,-1882000
2013/03/08,0,906000,-666000,240000
2013/03/11,0,1705000,-324000,1381000
2013/03/12,0,384000,-1726000,-1342000
2013/03/13,0,165000,-210000,-45000
2013/03/14,0,82000,-676000,-594000
2013/03/15,0,425000,-617000,-192000
2013/03/18,0,693000,-1181000,-488000
2013/03/19,0,307000,-430000,-123000
2013/03/20,0,512000,-559000,-47000
2013/03/21,0,219000,-256000,-37000
2013/03/22,0,73000,-314000,-241000
2013/03/25,0,261000,-829000,-568000
2013/03/26,0,184000,-531000,-347000
2013/03/27,0,395000,-812000,-417000
2013/03/28,0,365000,-202000,163000
2013/03/29,0,264000,-159000,105000
2013/04/01,0,332000,-275000,57000
2013/04/02,0,543000,-199000,344000
2013/04/03,0,247000,-325000,-78000
2013/04/04,0,0,0,0
2013/04/05,0,0,0,0
2013/04/08,0,192000,-264000,-72000
2013/04/09,0,451000,-71000,380000
2013/04/10,0,363000,-227000,136000
2013/04/11,0,340000,-502000,-162000
2013/04/12,0,552000,-233000,319000
2013/04/15,0,287000,-224000,63000
2013/04/16,0,445000,-339000,106000
2013/04/17,0,833000,-255000,578000
2013/04/18,0,198000,-164000,34000
2013/04/19,0,498000,-445000,53000
2013/04/22,0,570000,-397000,173000
2013/04/23,0,291000,-251000,40000
2013/04/24,0,363000,-201000,162000
2013/04/25,0,712000,-299000,413000
2013/04/26,0,231000,-181000,50000
2013/04/29,0,92000,-132000,-40000
2013/04/30,0,1519000,0,1519000
2013/05/01,0,0,0,0
2013/05/02,0,1678000,-463000,1215000
2013/05/03,0,387000,-221000,166000
2013/05/06,0,609000,-606000,3000
2013/05/07,0,171000,-210000,-39000
2013/05/08,0,880000,-155000,725000
2013/05/09,0,745000,-165000,580000
2013/05/10,0,261000,-99000,162000
2013/05/13,0,198000,-211000,-13000
2013/05/14,0,362000,-882000,-520000
2013/05/15,0,159000,-166000,-7000
2013/05/16,0,1069000,-100000,969000
2013/05/17,0,1049000,-457000,592000
2013/05/20,0,446000,-35000,411000
2013/05/21,0,290000,-580000,-290000
2013/05/22,0,559000,-244000,315000
2013/05/23,0,122000,-1084000,-962000
2013/05/24,0,145000,-287000,-142000
2013/05/27,0,496000,0,496000
2013/05/28,0,116000,-1218000,-1102000
2013/05/29,0,957000,-2565000,-1608000
2013/05/30,0,95000,-912000,-817000
2013/05/31,0,295000,-1108000,-813000
2013/06/03,0,107000,-255000,-148000
2013/06/04,0,18000,-338000,-320000
2013/06/05,0,95000,-225950,-130950
2013/06/06,0,100000,-1701000,-1601000
2013/06/07,0,119000,-270000,-151000
2013/06/10,0,111000,-261000,-150000
2013/06/11,0,333000,-725000,-392000
2013/06/12,0,0,0,0
2013/06/13,0,18000,-2263000,-2245000
2013/06/14,0,196000,-19000,177000
2013/06/17,0,476000,-137000,339000
2013/06/18,0,30000,-1456000,-1426000
2013/06/19,0,86000,-908000,-822000
2013/06/20,0,287000,-113000,174000
2013/06/21,0,1698000,-1576000,122000
2013/06/24,0,164000,-207000,-43000
2013/06/25,0,684000,-652000,32000
2013/06/26,0,107000,-1479000,-1372000
2013/06/27,0,223000,-215191,7809
2013/06/28,0,47000,-833000,-786000
2013/07/01,0,521000,-471000,50000
2013/07/02,0,311000,-542000,-231000
2013/07/03,0,24000,-535000,-511000
2013/07/04,0,41000,-1000,40000
2013/07/05,0,172000,-2000,170000
2013/07/08,0,18000,-109000,-91000
2013/07/09,0,241000,-33000,208000
2013/07/10,0,1403000,-932000,471000
2013/07/11,0,700000,-736000,-36000
2013/07/12,0,554000,-753000,-199000
2013/07/15,0,295000,-708000,-413000
2013/07/16,0,1811000,-439000,1372000
2013/07/17,0,2292000,-422000,1870000
2013/07/18,0,815000,-215000,600000
2013/07/19,0,882000,-584000,298000
2013/07/22,0,360000,-234000,126000
2013/07/23,0,1088000,-628000,460000
2013/07/24,0,301000,-681000,-380000
2013/07/25,0,3254000,-933000,2321000
2013/07/26,0,477000,-1605000,-1128000
2013/07/29,0,35000,-574000,-539000
2013/07/30,0,187000,-539000,-352000
2013/07/31,0,211000,-401000,-190000
2013/08/01,0,69000,-1442000,-1373000
2013/08/02,0,238000,-330000,-92000
2013/08/05,0,106000,-330000,-224000
2013/08/06,0,601000,-898000,-297000
2013/08/07,0,1098000,-769000,329000
2013/08/08,0,283000,-357000,-74000
2013/08/09,0,505000,-434000,71000
2013/08/12,0,618000,-306000,312000
2013/08/13,0,32089000,-485000,31604000
2013/08/14,0,40154000,-472267,39681733
2013/08/15,0,507000,-69159000,-68652000
2013/08/16,0,202000,-1312000,-1110000
2013/08/19,0,108000,-3757000,-3649000
2013/08/20,0,921000,-3190000,-2269000
2013/08/21,0,0,0,0
2013/08/22,0,470000,-712000,-242000
2013/08/23,0,165000,-381000,-216000
2013/08/26,0,336000,-204000,132000
2013/08/27,0,208000,-490000,-282000
2013/08/28,0,154000,-478000,-324000
2013/08/29,0,238000,-102000,136000
2013/08/30,0,138000,-349000,-211000
2013/09/02,0,105000,-49000,56000
2013/09/03,0,1243000,-186000,1057000
2013/09/04,0,245000,-48000,197000
2013/09/05,0,1354000,-655000,699000
2013/09/06,0,577000,-642000,-65000
2013/09/09,0,44000,-328000,-284000
2013/09/10,0,436000,-546000,-110000
2013/09/11,0,21000,-571000,-550000
2013/09/12,0,209000,-109000,100000
2013/09/13,0,317000,-51000,266000
2013/09/16,0,346000,-272000,74000
2013/09/17,0,421000,-142000,279000
2013/09/18,0,347000,-2759400,-2412400
2013/09/19,0,0,0,0
2013/09/20,0,0,0,0
2013/09/23,0,174000,-1604000,-1430000
2013/09/24,0,1095000,-1905200,-810200
2013/09/25,0,546000,-143100,402900
2013/09/26,0,266000,-652000,-386000
2013/09/27,0,4303000,-403000,3900000
2013/09/30,0,1250000,-317900,932100
2013/10/01,0,585000,-316400,268600
2013/10/02,0,128000,-298000,-170000
2013/10/03,0,1150000,-254000,896000
2013/10/04,0,657000,-1536000,-879000
2013/10/07,0,231000,-2886000,-2655000
2013/10/08,0,1518000,-1486000,32000
2013/10/09,0,144000,-1254000,-1110000
2013/10/10,0,0,0,0
2013/10/11,0,265000,-510600,-245600
2013/10/14,0,152000,-662000,-510000
2013/10/15,0,65000,-293000,-228000
2013/10/16,0,220000,-2027800,-1807800
2013/10/17,0,671000,-907000,-236000
2013/10/18,0,378000,-26000,352000
2013/10/21,0,493000,-27000,466000
2013/10/22,0,630000,-17000,613000
2013/10/23,0,71000,-587000,-516000
2013/10/24,0,132000,-7000,125000
2013/10/25,0,87000,-237000,-150000
2013/10/28,0,67000,-17000,50000
2013/10/29,0,651000,-115000,536000
2013/10/30,0,210000,-1025000,-815000
2013/10/31,0,670000,-82000,588000
2013/11/01,0,61000,-364000,-303000
2013/11/04,0,21000,-114000,-93000
2013/11/05,0,10000,-167000,-157000
2013/11/06,0,87000,-206000,-119000
2013/11/07,0,211500,-188000,23500
2013/11/08,0,537000,-121800,415200
2013/11/11,0,503000,-46000,457000
2013/11/12,0,642000,-466000,176000
2013/11/13,0,86000,-542400,-456400
2013/11/14,0,229000,-88000,141000
2013/11/15,0,295000,-235000,60000
2013/11/18,0,261000,-88000,173000
2013/11/19,0,595000,0,595000
2013/11/20,0,458000,-329000,129000
2013/11/21,0,166000,-142000,24000
2013/11/22,0,5000,-260000,-255000
2013/11/25,0,3821000,-849000,2972000
2013/11/26,0,2336000,-946000,1390000
2013/11/27,0,1014000,-1015000,-1000
2013/11/28,0,434000,-137000,297000
2013/11/29,0,99000,-172000,-73000
2013/12/02,0,67000,-576000,-509000
2013/12/03,0,60000,-489000,-429000
2013/12/04,0,73000,-523000,-450000
2013/12/05,0,76000,-377000,-301000
2013/12/06,0,238000,-1347000,-1109000
2013/12/09,0,218000,-153000,65000
2013/12/10,0,333000,-359000,-26000
2013/12/11,0,318000,-314000,4000
2013/12/12,0,318000,-590000,-272000
2013/12/13,0,398000,-111000,287000
2013/12/16,0,190000,-248400,-58400
2013/12/17,0,63000,-302000,-239000
2013/12/18,0,176000,-756000,-580000
2013/12/19,0,534000,-704000,-170000
2013/12/20,0,153000,-395000,-242000
2013/12/23,0,169000,-308000,-139000
2013/12/24,0,580000,-253000,327000
2013/12/25,0,469000,-213000,256000
2013/12/26,0,5000,-168000,-163000
2013/12/27,0,201000,-194000,7000
2013/12/30,0,325000,-58000,267000
2013/12/31,0,476000,-62000,414000
2014/01/02,0,208000,-919000,-711000
2014/01/03,0,299000,-281000,18000
2014/01/06,0,0,-286000,-286000
2014/01/07,0,223000,-254000,-31000
2014/01/08,0,249000,-22001,226999
2014/01/09,0,271000,-898000,-627000
2014/01/10,0,376000,-211000,165000
2014/01/13,0,62000,-48000,14000
2014/01/14,0,558000,-285000,273000
2014/01/15,0,677000,-796000,-119000
2014/01/16,0,4217000,-87000,4130000
2014/01/17,0,325000,-475000,-150000
2014/01/20,0,566000,-626000,-60000
2014/01/21,0,128000,-841000,-713000
2014/01/22,0,547000,-1092000,-545000
2014/01/23,0,201000,-510000,-309000
2014/01/24,0,380000,-275000,105000
2014/01/27,0,202000,-608000,-406000
2014/02/05,0,192000,-976000,-784000
2014/02/06,0,154000,-181115,-27115
2014/02/07,0,365000,-547000,-182000
2014/02/10,0,23000,-378000,-355000
2014/02/11,0,120000,-34000,86000
2014/02/12,0,463000,-319000,144000
2014/02/13,0,240000,-408000,-168000
2014/02/14,0,427000,-205000,222000
2014/02/17,0,115000,-348000,-233000
2014/02/18,0,9000,-136000,-127000
2014/02/19,0,251000,-318000,-67000
2014/02/20,0,20000,-106000,-86000
2014/02/21,0,1340000,-132000,1208000
2014/02/24,0,501000,-489000,12000
2014/02/25,0,207000,-114396,92604
2014/02/26,0,188000,-261000,-73000
2014/02/27,0,121000,-76000,45000
2014/03/03,0,56000,-647247,-591247
2014/03/04,0,132000,-711820,-579820
2014/03/05,0,58000,-46000,12000
2014/03/06,0,372000,-237000,135000
2014/03/07,0,211000,-373000,-162000
2014/03/10,0,165000,-79000,86000
2014/03/11,0,272000,-24000,248000
2014/03/12,0,97000,-64000,33000
2014/03/13,0,99000,-287000,-188000
2014/03/14,0,71000,-333000,-262000
2014/03/17,0,124000,-141000,-17000
2014/03/18,0,207000,-71000,136000
2014/03/19,0,198000,-382584,-184584
2014/03/20,0,118000,-105000,13000
2014/03/21,0,354000,-114000,240000
2014/03/24,0,76000,-33000,43000
2014/03/25,0,60000,-75122,-15122
2014/03/26,0,169000,-61000,108000
2014/03/27,0,140000,-230000,-90000
2014/03/28,0,81000,-167000,-86000
2014/03/31,0,4000,-87000,-83000
2014/04/01,0,20000,-62000,-42000
2014/04/02,0,41000,-16000,25000
2014/04/03,0,20000,-42000,-22000
2014/04/07,0,3000,-227000,-224000
2014/04/08,0,330000,-179000,151000
2014/04/09,0,1091000,-121000,970000
2014/04/10,0,70000,-976000,-906000
2014/04/11,0,127000,-34000,93000
2014/04/14,0,40000,-39000,1000
2014/04/15,0,226000,-14000,212000
2014/04/16,0,346000,-615890,-269890
2014/04/17,0,653000,-1040187,-387187
2014/04/18,0,210000,-1784000,-1574000
2014/04/21,0,98000,-26000,72000
2014/04/22,0,90000,-15000,75000
2014/04/23,0,2000,-478000,-476000
2014/04/24,0,137000,-209000,-72000
2014/04/25,0,116000,-1000000,-884000
2014/04/28,0,168000,-328000,-160000
2014/04/29,0,18000,-366000,-348000
2014/04/30,0,40000,-227000,-187000
2014/05/02,0,50000,-617000,-567000
2014/05/05,0,3000,-126000,-123000
2014/05/06,0,1389000,-415000,974000
2014/05/07,0,269000,-781000,-512000
2014/05/08,0,284000,-298000,-14000
2014/05/09,0,400000,-264000,136000
2014/05/12,0,73000,-973000,-900000
2014/05/13,0,8000,-1808000,-1800000
2014/05/14,0,3347000,-94000,3253000
2014/05/15,0,1380000,-171000,1209000
2014/05/16,0,1288000,-223000,1065000
2014/05/19,0,85000,-235000,-150000
2014/05/20,0,202000,-662000,-460000
2014/05/21,0,1219000,-740000,479000
2014/05/22,0,564000,-86000,478000
2014/05/23,0,701000,-90000,611000
2014/05/26,0,221000,-448000,-227000
2014/05/27,0,560000,-349000,211000
2014/05/28,0,1057000,-704000,353000
2014/05/29,0,538443,-462000,76443
2014/05/30,0,753000,-1380000,-627000
2014/06/03,0,1770000,-977000,793000
2014/06/04,0,94000,-317000,-223000
2014/06/05,0,69919,-998000,-928081
2014/06/06,0,12000,-335000,-323000
2014/06/09,0,305000,-247000,58000
2014/06/10,0,184000,-389000,-205000
2014/06/11,0,298000,-380000,-82000
2014/06/12,0,601000,-420000,181000
2014/06/13,0,236000,-74000,162000
2014/06/16,0,384000,-151000,233000
2014/06/17,0,892000,-342000,550000
2014/06/18,0,548000,-986000,-438000
2014/06/19,0,959000,-972000,-13000
2014/06/20,0,1193000,-61000,1132000
2014/06/23,0,316000,-207000,109000
2014/06/24,0,777000,-194000,583000
2014/06/25,0,258000,-41000,217000
2014/06/26,0,310000,-20000,290000
2014/06/27,0,62000,-175000,-113000
2014/06/30,0,510000,-126000,384000
2014/07/01,0,216000,-522000,-306000
2014/07/02,0,152000,-443000,-291000
2014/07/03,0,409000,-114000,295000
2014/07/04,0,327000,-230000,97000
2014/07/07,0,59000,-478842,-419842
2014/07/08,0,175000,-264000,-89000
2014/07/09,0,299000,-120000,179000
2014/07/10,0,908000,-660546,247454
2014/07/11,0,336000,0,336000
2014/07/14,0,2171000,-332000,1839000
2014/07/15,0,273000,-1528000,-1255000
2014/07/16,0,251000,-412780,-161780
2014/07/17,0,289000,-403008,-114008
2014/07/18,0,16000,-118000,-102000
2014/07/21,0,250000,-693000,-443000
2014/07/22,0,122000,-808000,-686000
2014/07/23,0,0,0,0
2014/07/24,0,254000,-90000,164000
2014/07/25,0,1001000,-721000,280000
2014/07/28,0,59000,-452000,-393000
2014/07/29,0,1281000,-2233000,-952000
2014/07/30,0,178000,-488000,-310000
2014/07/31,0,1277000,-716000,561000
2014/08/01,0,212000,-170000,42000
2014/08/04,0,84000,-161000,-77000
2014/08/05,0,279000,-1807000,-1528000
2014/08/06,0,267000,-264000,3000
2014/08/07,0,74000,-1410000,-1336000
2014/08/08,0,137000,-395000,-258000
2014/08/11,0,18000,-425000,-407000
2014/08/12,0,14000,-630000,-616000
2014/08/13,0,22000,-1849000,-1827000
2014/08/14,0,59000,-771000,-712000
2014/08/15,0,948000,-103000,845000
2014/08/18,0,23280000,-71000,23209000
2014/08/19,0,18102000,-525000,17577000
2014/08/20,0,58386000,-470225,57915775
2014/08/21,0,2902000,-85890000,-82988000
2014/08/22,0,3190000,-14830000,-11640000
2014/08/25,0,650000,-4081000,-3431000
2014/08/26,0,505000,-2749000,-2244000
2014/08/27,0,359000,-1239000,-880000
2014/08/28,0,1980000,-1017000,963000
2014/08/29,0,1676000,-1382000,294000
2014/09/01,0,540000,-2106000,-1566000
2014/09/02,0,339000,-1994000,-1655000
2014/09/03,0,679000,-2528000,-1849000
2014/09/04,0,104000,-959000,-855000
2014/09/05,0,369000,-232000,137000
2014/09/09,0,115000,-690000,-575000
2014/09/10,0,418000,-771000,-353000
2014/09/11,0,315800,-545000,-229200
2014/09/12,0,532000,-498000,34000
2014/09/15,0,78000,-889000,-811000
2014/09/16,0,116000,-195000,-79000
2014/09/17,0,921000,-280000,641000
2014/09/18,0,227000,-102000,125000
2014/09/19,0,398000,-1452529,-1054529
2014/09/22,0,20000,-2913370,-2893370
2014/09/23,0,305000,-1963341,-1658341
2014/09/24,0,197000,-215519,-18519
2014/09/25,0,848000,-209613,638387
2014/09/26,0,386000,-790000,-404000
2014/09/29,0,43000,-1126000,-1083000
2014/09/30,0,180000,-801458,-621458
2014/10/01,0,1000,-66000,-65000
2014/10/02,0,1000,-582154,-581154
2014/10/03,0,88000,-1285000,-1197000
2014/10/06,0,2000,-603342,-601342
2014/10/07,0,0,-973000,-973000
2014/10/08,0,59000,-696000,-637000
2014/10/09,0,158000,-604000,-446000
2014/10/13,0,51516,-803597,-752081
2014/10/14,0,115000,-997000,-882000
2014/10/15,0,43000,-537000,-494000
2014/10/16,0,5000,-1132000,-1127000
2014/10/17,0,0,-594358,-594358
2014/10/20,0,114000,-1792000,-1678000
2014/10/21,0,3000,-185000,-182000
2014/10/22,0,24000,-100000,-76000
2014/10/23,0,6000,-93,5907
2014/10/24,0,49000,-334872,-285872
2014/10/27,0,102000,-622000,-520000
2014/10/28,0,480000,-222000,258000
2014/10/29,0,460000,-113000,347000
2014/10/30,0,474000,0,474000
2014/10/31,0,148000,-255000,-107000
2014/11/03,0,16000,-177000,-161000
2014/11/04,0,6000,0,6000
2014/11/05,0,77000,-20000,57000
2014/11/06,0,304000,-341749,-37749
2014/11/07,0,52000,-35000,17000
2014/11/10,0,231000,-1000,230000
2014/11/11,0,58000,0,58000
2014/11/12,0,57000,-62000,-5000
2014/11/13,0,37000,-151000,-114000
2014/11/14,0,57701,-51000,6701
2014/11/17,0,90000,-66000,24000
2014/11/18,0,172000,-31000,141000
2014/11/19,0,88000,-64000,24000
2014/11/20,0,660000,-31000,629000
2014/11/21,0,102000,-16000,86000
2014/11/24,0,165000,-58000,107000
2014/11/25,0,7000,-127000,-120000
2014/11/26,0,25000,0,25000
2014/11/27,0,15000,-140000,-125000
2014/11/28,0,26000,-50000,-24000
2014/12/01,0,31000,-464000,-433000
2014/12/02,0,0,-265000,-265000
2014/12/03,0,23000,-158860,-135860
2014/12/04,0,91000,-61590,29410
2014/12/05,0,42000,-55000,-13000
2014/12/08,0,10000,-123000,-113000
2014/12/09,0,0,-229000,-229000
2014/12/10,0,0,-106000,-106000
2014/12/11,0,13000,-35000,-22000
2014/12/12,0,7000,-2000,5000
2014/12/15,0,4000,-30000,-26000
2014/12/16,0,317000,-15000,302000
2014/12/17,0,278000,-78000,200000
2014/12/18,0,0,-253000,-253000
2014/12/19,0,218000,-21000,197000
2014/12/22,0,150000,-139000,11000
2014/12/23,0,40000,-112000,-72000
2014/12/24,0,20000,-9000,11000
2014/12/25,0,21000,0,21000
2014/12/26,0,55000,0,55000
2014/12/29,0,65000,0,65000
2014/12/30,0,21000,-46000,-25000
2014/12/31,0,10000,-14000,-4000
2015/01/01,0,0,0,0
2015/01/02,0,0,0,0
2015/01/05,0,0,-153000,-153000
2015/01/06,0,1000,-92000,-91000
2015/01/07,0,0,-50000,-50000
2015/01/08,0,3000,-86000,-83000
2015/01/09,0,141000,-1000,140000
2015/01/12,0,11000,-61000,-50000
2015/01/13,0,130000,0,130000
2015/01/14,0,0,-192000,-192000
2015/01/15,0,2000,-12000,-10000
2015/01/16,0,43000,-259125,-216125
2015/01/19,0,40000,-50000,-10000
2015/01/20,0,220000,-20000,200000
2015/01/21,0,66000,-244000,-178000
2015/01/22,0,269000,-3000,266000
2015/01/23,0,211000,-10000,201000
2015/01/26,0,2000,-50000,-48000
2015/01/27,0,30000,-2000,28000
2015/01/28,0,44000,0,44000
2015/01/29,0,109000,-58000,51000
2015/01/30,0,104000,-215000,-111000
2015/02/02,0,340000,-2000,338000
2015/02/03,0,23000,-107000,-84000
2015/02/04,0,96000,-95,95905
2015/02/05,0,71000,-18094,52906
2015/02/06,0,45000,-30000,15000
2015/02/09,0,35000,-29000,6000
2015/02/10,0,23000,-197000,-174000
2015/02/11,0,23000,-47000,-24000
2015/02/12,0,16000,-82000,-66000
2015/02/13,0,28000,-1389000,-1361000
2015/02/16,0,0,0,0
2015/02/17,0,0,0,0
2015/02/18,0,0,0,0
2015/02/19,0,0,0,0
2015/02/20,0,0,0,0
2015/02/23,0,0,0,0
2015/02/24,0,568000,-185000,383000
2015/02/25,0,58000,-168086,-110086
2015/02/26,0,82000,-19000,63000
2015/02/27,0,0,0,0
2015/03/02,0,65000,-7000,58000
2015/03/03,0,537000,-21412,515588
2015/03/04,0,4000,-58000,-54000
2015/03/05,0,70000,-280062,-210062
2015/03/06,0,103000,-6000,97000
2015/03/09,0,23000,-105216,-82216
2015/03/10,0,34000,-41000,-7000
2015/03/11,0,38000,-414000,-376000
2015/03/12,0,76829,-140728,-63899
2015/03/13,0,141000,-127000,14000
2015/03/16,0,659000,0,659000
2015/03/17,0,278000,-293063,-15063
2015/03/18,0,0,-46000,-46000
2015/03/19,0,25000,-82000,-57000
2015/03/20,0,1000,-80000,-79000
2015/03/23,0,139000,-170000,-31000
2015/03/24,0,52000,-46000,6000
2015/03/25,0,45000,-4000,41000
2015/03/26,0,23000,-62000,-39000
2015/03/27,0,1000,-385000,-384000
2015/03/30,0,89000,-29025,59975
2015/03/31,0,3000,-118000,-115000
2015/04/01,0,0,-16000,-16000
2015/04/02,0,0,0,0
2015/04/03,0,0,0,0
2015/04/06,0,0,0,0
2015/04/07,0,290000,-21000,269000
2015/04/08,0,49000,-100000,-51000
2015/04/09,0,0,-288000,-288000
2015/04/10,0,71000,-3000,68000
2015/04/13,0,17000,-45000,-28000
2015/04/14,0,54000,-295000,-241000
2015/04/15,0,345000,-214000,131000
2015/04/16,0,195000,-320000,-125000
2015/04/17,0,110000,-225000,-115000
2015/04/20,0,68000,0,68000
2015/04/21,0,15000,-138000,-123000
2015/04/22,0,45000,-962,44038
2015/04/23,0,5399000,-2000,5397000
2015/04/24,0,2372000,-2504000,-132000
2015/04/27,0,5925000,-956000,4969000
2015/04/28,0,1047000,-2854421,-1807421
2015/04/29,0,442000,-1023000,-581000
2015/04/30,0,806000,-391000,415000
2015/05/01,0,0,0,0
2015/05/04,0,1163000,-423000,740000
2015/05/05,0,214000,-733000,-519000
2015/05/06,0,228000,-408000,-180000
2015/05/07,0,22000,-803000,-781000
2015/05/08,0,69000,-206000,-137000
2015/05/11,0,275000,-371000,-96000
2015/05/12,0,290000,-67000,223000
2015/05/13,0,261000,-148000,113000
2015/05/14,0,0,-1344000,-1344000
2015/05/15,0,76000,-530000,-454000
2015/05/18,0,15000,-464000,-449000
2015/05/19,0,207000,-40000,167000
2015/05/20,0,438000,-383000,55000
2015/05/21,0,87280,-981000,-893720
2015/05/22,0,203000,-148000,55000
2015/05/25,0,18000,-327000,-309000
2015/05/26,0,38000,-60027,-22027
2015/05/27,0,958000,-162000,796000
2015/05/28,0,101000,-1180000,-1079000
2015/05/29,0,166000,-149000,17000
2015/06/01,0,93000,-109000,-16000
2015/06/02,0,2000,-195000,-193000
2015/06/03,0,53000,-164000,-111000
2015/06/04,0,52000,-891000,-839000
2015/06/05,0,169000,-264000,-95000
2015/06/08,0,107000,-175000,-68000
2015/06/09,0,239000,-107000,132000
2015/06/10,0,58000,-249000,-191000
2015/06/11,0,8000,-460000,-452000
2015/06/12,0,121000,-262000,-141000
2015/06/15,0,23000,-82000,-59000
2015/06/16,0,73000,-21000,52000
2015/06/17,0,207000,-38000,169000
2015/06/18,0,198000,-37000,161000
2015/06/19,0,0,0,0
2015/06/22,0,223000,-160000,63000
2015/06/23,0,14000,-206000,-192000
2015/06/24,0,15000,-181000,-166000
2015/06/25,0,189000,-32000,157000
2015/06/26,0,720000,-137000,583000
2015/06/29,0,64000,-792000,-728000
2015/06/30,0,34000,-139341,-105341
2015/07/01,0,451000,-50000,401000
2015/07/02,0,53000,-80000,-27000
2015/07/03,0,41000,-199000,-158000
2015/07/06,0,308000,-24000,284000
2015/07/07,0,2114000,-1144000,970000
2015/07/08,0,644000,-1785000,-1141000
2015/07/09,0,1339000,-1924000,-585000
2015/07/10,0,0,0,0
2015/07/13,0,625000,-589000,36000
2015/07/14,0,1387000,-789000,598000
2015/07/15,0,177000,-1125000,-948000
2015/07/16,0,3391000,-474000,2917000
2015/07/17,0,1141000,-2796000,-1655000
2015/07/20,0,619000,-450000,169000
2015/07/21,0,402000,-383000,19000
2015/07/22,0,301000,-355000,-54000
2015/07/23,0,1040000,-193000,847000
2015/07/24,0,377000,-33000,344000
2015/07/27,0,222000,-848000,-626000
2015/07/28,0,1954000,-185000,1769000
2015/07/29,0,4429000,-745097,3683903
2015/07/30,0,977000,-5169000,-4192000
2015/07/31,0,231000,-2474000,-2243000
2015/08/03,0,844000,-1274000,-430000
2015/08/04,0,2200000,-1773000,427000
2015/08/05,0,497000,-1420000,-923000
2015/08/06,0,364000,-1082000,-718000
2015/08/07,0,179000,-219000,-40000
2015/08/10,0,85000,-8000,77000
2015/08/11,0,204000,-504000,-300000
2015/08/12,0,465000,-876000,-411000
2015/08/13,0,160000,-307000,-147000
2015/08/14,0,1142000,-182000,960000
2015/08/17,0,270000,-687000,-417000
2015/08/18,0,120000,-531000,-411000
2015/08/19,0,638000,-601000,37000
2015/08/20,0,671000,-615000,56000
2015/08/21,0,523000,-1009000,-486000
2015/08/24,0,697000,-1370000,-673000
2015/08/25,0,139000,-424000,-285000
2015/08/26,0,1452000,-310000,1142000
2015/08/27,0,609000,-1077165,-468165
2015/08/28,0,131000,-432512,-301512
2015/08/31,0,131000,-1310735,-1179735
2015/09/01,0,408000,-858000,-450000
2015/09/02,0,667000,-414000,253000
2015/09/03,0,111000,-831353,-720353
2015/09/04,0,110000,-720000,-610000
2015/09/07,0,131000,-307000,-176000
2015/09/08,0,149000,-362000,-213000
2015/09/09,0,823000,-36173,786827
2015/09/10,0,280000,-411000,-131000
2015/09/11,0,22000,-141000,-119000
2015/09/14,0,62000,-108000,-46000
2015/09/15,0,237000,-137937,99063
2015/09/16,0,124000,-179000,-55000
2015/09/17,0,1325000,-24000,1301000
2015/09/18,0,92000,-278000,-186000
2015/09/21,0,144000,-442932,-298932
2015/09/22,0,0,-337695,-337695
2015/09/23,0,31000,-64000,-33000
2015/09/24,0,15000,-34000,-19000
2015/09/25,0,251000,-126000,125000
2015/09/28,0,0,0,0
2015/09/29,0,0,0,0
2015/09/30,0,317000,-32653,284347
2015/10/01,0,504000,-244000,260000
2015/10/02,0,29000,-415000,-386000
2015/10/05,0,66000,-159000,-93000
2015/10/06,0,193000,-125000,68000
2015/10/07,0,466000,-28000,438000
2015/10/08,0,86000,-237000,-151000
2015/10/09,0,0,0,0
2015/10/12,0,199000,-90000,109000
2015/10/13,0,600000,-19000,581000
2015/10/14,0,2000,-428000,-426000
2015/10/15,0,290000,-40000,250000
2015/10/16,0,275000,-41000,234000
2015/10/19,0,237000,-79000,158000
2015/10/20,0,58000,-36000,22000
2015/10/21,0,59000,-253000,-194000
2015/10/22,0,212000,-270000,-58000
2015/10/23,0,31000,-38000,-7000
2015/10/26,0,92000,-3000,89000
2015/10/27,0,91000,-105867,-14867
2015/10/28,0,83000,-98000,-15000
2015/10/29,0,212000,-312208,-100208
2015/10/30,0,244000,-160000,84000
2015/11/02,0,42000,-109000,-67000
2015/11/03,0,424000,-74000,350000
2015/11/04,0,1031000,-158608,872392
2015/11/05,0,431000,-586000,-155000
2015/11/06,0,225000,-537000,-312000
2015/11/09,0,171000,-322000,-151000
2015/11/10,0,82000,-72000,10000
2015/11/11,0,330000,-147000,183000
2015/11/12,0,110000,-467000,-357000
2015/11/13,0,7000,-191000,-184000
2015/11/16,0,37000,-124000,-87000
2015/11/17,0,38000,-17000,21000
2015/11/18,0,167000,-243676,-76676
2015/11/19,0,36000,-418000,-382000
2015/11/20,0,1000,-164000,-163000
2015/11/23,0,98000,-152000,-54000
2015/11/24,0,200000,-23000,177000
2015/11/25,0,79000,-56000,23000
2015/11/26,0,353000,-56000,297000
2015/11/27,0,227000,-388000,-161000
2015/11/30,0,148000,-68000,80000
2015/12/01,0,244000,-27000,217000
2015/12/02,0,367000,-384651,-17651
2015/12/03,0,173000,-211000,-38000
2015/12/04,0,287000,-20000,267000
2015/12/07,0,498000,-501796,-3796
2015/12/08,0,215000,-278000,-63000
2015/12/09,0,313000,-516000,-203000
2015/12/10,0,154000,-278000,-124000
2015/12/11,0,18000,-816000,-798000
2015/12/14,0,554000,-166000,388000
2015/12/15,0,386000,-31000,355000
2015/12/16,0,113000,-163000,-50000
2015/12/17,0,285000,-105000,180000
2015/12/18,0,95000,-282000,-187000
2015/12/21,0,968000,-9000,959000
2015/12/22,0,474000,-712000,-238000
2015/12/23,0,54000,-221000,-167000
2015/12/24,0,20000,-58000,-38000
2015/12/25,0,34000,-67000,-33000
2015/12/28,0,85000,-1000,84000
2015/12/29,0,85000,-60000,25000
2015/12/30,0,420000,-151000,269000
2015/12/31,0,84000,-143000,-59000
2016/01/01,0,0,0,0
2016/01/04,0,2000,-541000,-539000
2016/01/05,0,368000,-108000,260000
2016/01/06,0,68000,-600000,-532000
2016/01/07,0,553000,-199000,354000
2016/01/08,0,41000,-92000,-51000
2016/01/11,0,178000,-659000,-481000
2016/01/12,0,64000,-988000,-924000
2016/01/13,0,204000,-207000,-3000
2016/01/14,0,214000,-72000,142000
2016/01/15,0,39000,-841000,-802000
2016/01/18,0,380000,-284000,96000
2016/01/19,0,400000,-65000,335000
2016/01/20,0,126000,-656550,-530550
2016/01/21,0,827000,-152000,675000
2016/01/22,0,1556000,-245000,1311000
2016/01/25,0,1891000,-584000,1307000
2016/01/26,0,496000,-900000,-404000
2016/01/27,0,77000,-656000,-579000
2016/01/28,0,481000,-134000,347000
2016/01/29,0,1318000,-103000,1215000
2016/02/01,0,128000,-472000,-344000
2016/02/02,0,168000,-111000,57000
2016/02/03,0,520000,-614444,-94444
2016/02/04,0,0,0,0
2016/02/05,0,0,0,0
2016/02/08,0,0,0,0
2016/02/09,0,0,0,0
2016/02/10,0,0,0,0
2016/02/11,0,0,0,0
2016/02/12,0,0,0,0
2016/02/15,0,1067000,-31000,1036000
2016/02/16,0,709000,-123000,586000
2016/02/17,0,364000,-464000,-100000
2016/02/18,0,390000,-268000,122000
2016/02/19,0,90000,-509000,-419000
2016/02/22,0,423000,-175000,248000
2016/02/23,0,96000,-388000,-292000
2016/02/24,0,177000,-248999,-71999
2016/02/25,0,499000,-84000,415000
2016/02/26,0,130000,-471000,-341000
2016/02/29,0,0,0,0
2016/03/01,0,544000,-147000,397000
2016/03/02,0,754000,-521000,233000
2016/03/03,0,1683000,-616000,1067000
2016/03/04,0,268000,-1767000,-1499000
2016/03/07,0,86000,-662000,-576000
2016/03/08,0,3000,-690000,-687000
2016/03/09,0,244000,-79000,165000
2016/03/10,0,57000,-268000,-211000
2016/03/11,0,25000,-47604,-22604
2016/03/14,0,477000,-12000,465000
2016/03/15,0,2000,-1125749,-1123749
2016/03/16,0,273000,-8000,265000
2016/03/17,0,213000,-45000,168000
2016/03/18,0,104000,-581000,-477000
2016/03/21,0,19000,-210000,-191000
2016/03/22,0,24000,-111000,-87000
2016/03/23,0,20000,-147000,-127000
2016/03/24,0,290000,-32000,258000
2016/03/25,0,32000,-204000,-172000
2016/03/28,0,37000,-46000,-9000
2016/03/29,0,0,-56000,-56000
2016/03/30,0,79000,-12000,67000
2016/03/31,0,93000,-72257,20743
2016/04/01,0,11000,-79000,-68000
2016/04/04,0,0,0,0
2016/04/05,0,0,0,0
2016/04/06,0,145000,-50000,95000
2016/04/07,0,45000,-217000,-172000
2016/04/08,0,16000,-52987,-36987
2016/04/11,0,18000,-14000,4000
2016/04/12,0,125000,-10000,115000
2016/04/13,0,118000,-149000,-31000
2016/04/14,0,2376000,-323000,2053000
2016/04/15,0,66000,-420000,-354000
2016/04/18,0,16000,-24000,-8000
2016/04/19,0,314000,-22000,292000
2016/04/20,0,198000,-233000,-35000
2016/04/21,0,135000,-140000,-5000
2016/04/22,0,101000,-1714000,-1613000
2016/04/25,0,92000,-246000,-154000
2016/04/26,0,27000,-87000,-60000
2016/04/27,0,327000,-14000,313000
2016/04/28,0,186000,-360000,-174000
2016/04/29,0,36000,-192000,-156000
2016/05/02,0,0,0,0
2016/05/03,0,173000,-71000,102000
2016/05/04,0,191000,-91000,100000
2016/05/05,0,374000,-10000,364000
2016/05/06,0,446000,-156000,290000
2016/05/09,0,530000,-85000,445000
2016/05/10,0,897000,-463000,434000
2016/05/11,0,488000,-743000,-255000
2016/05/12,0,341000,-183000,158000
2016/05/13,0,107000,-427000,-320000
2016/05/16,0,466000,-125000,341000
2016/05/17,0,602000,-1009000,-407000
2016/05/18,0,345000,-714000,-369000
2016/05/19,0,177000,-567000,-390000
2016/05/20,0,105000,-350000,-245000
2016/05/23,0,1866000,-40000,1826000
2016/05/24,0,51000,-1277000,-1226000
2016/05/25,0,622000,-324000,298000
2016/05/26,0,105000,-703000,-598000
2016/05/27,0,92000,-175000,-83000
2016/05/30,0,1024000,-117000,907000
2016/05/31,0,218000,-717000,-499000
2016/06/01,0,81000,-682000,-601000
2016/06/02,0,68000,-160000,-92000
2016/06/03,0,8000,-152000,-144000
2016/06/06,0,10000,-228000,-218000
2016/06/07,0,493000,-29000,464000
2016/06/08,0,91000,-336000,-245000
2016/06/09,0,0,0,0
2016/06/10,0,0,0,0
2016/06/13,0,14000,-244000,-230000
2016/06/14,0,271000,-44000,227000
2016/06/15,0,254000,-215000,39000
2016/06/16,0,11000,-311000,-300000
2016/06/17,0,87000,-11000,76000
2016/06/20,0,35000,-22000,13000
2016/06/21,0,0,-47000,-47000
2016/06/22,0,23000,-44000,-21000
2016/06/23,0,50000,-270000,-220000
2016/06/24,0,49000,-197000,-148000
2016/06/27,0,105000,-86000,19000
2016/06/28,0,112000,-68000,44000
2016/06/29,0,50000,-158000,-108000
2016/06/30,0,94000,-3000,91000
2016/07/01,0,2500000,-50000,2450000
2016/07/04,0,2524000,-36000,2488000
2016/07/05,0,11000,-47000,-36000
2016/07/06,0,91000,-49000,42000
2016/07/07,0,142000,-270000,-128000
2016/07/08,0,0,0,0
2016/07/11,0,327000,-100000,227000
2016/07/12,0,20000,-126000,-106000
2016/07/13,0,1000,-170000,-169000
2016/07/14,0,2000,-40000,-38000
2016/07/15,0,522000,-46000,476000
2016/07/18,0,422000,-35000,387000
2016/07/19,0,351000,-90521,260479
2016/07/20,0,684000,-61000,623000
2016/07/21,0,298000,-50000,248000
2016/07/22,0,530000,-31000,499000
2016/07/25,0,1510000,-32000,1478000
2016/07/26,0,8323000,-40000,8283000
2016/07/27,0,6551000,-560645,5990355
2016/07/28,0,876000,-12220000,-11344000
2016/07/29,0,232000,-1376000,-1144000
2016/08/01,0,180000,-845000,-665000
2016/08/02,0,80000,-492000,-412000
2016/08/03,0,234000,-608000,-374000
2016/08/04,0,108000,-127000,-19000
2016/08/05,0,861000,-169000,692000
2016/08/08,0,23000,-811000,-788000
2016/08/09,0,64000,-1299000,-1235000
2016/08/10,0,225000,-134000,91000
2016/08/11,0,186000,-65000,121000
2016/08/12,0,37000,-529000,-492000
2016/08/15,0,29000,-6000,23000
2016/08/16,0,13000,-435000,-422000
2016/08/17,0,95000,-1541000,-1446000
2016/08/18,0,2000,-126000,-124000
2016/08/19,0,38000,-19000,19000
2016/08/22,0,0,-20000,-20000
2016/08/23,0,0,-22000,-22000
2016/08/24,0,0,-68000,-68000
2016/08/25,0,0,-17000,-17000
2016/08/26,0,127000,-122000,5000
2016/08/29,0,49000,-62000,-13000
2016/08/30,0,130000,-141500,-11500
2016/08/31,0,280000,-85000,195000
2016/09/01,0,219000,-286200,-67200
2016/09/02,0,134000,-193300,-59300
2016/09/05,0,33000,-74000,-41000
2016/09/06,0,50000,-77000,-27000
2016/09/07,0,0,-40000,-40000
2016/09/08,0,1000,-174000,-173000
2016/09/09,0,0,-127702,-127702
2016/09/12,0,132000,-4000,128000
2016/09/13,0,5000,-127000,-122000
2016/09/14,0,200000,-5000,195000
2016/09/15,0,0,0,0
2016/09/16,0,0,0,0
2016/09/19,0,193000,-93000,100000
2016/09/20,0,0,-52000,-52000
2016/09/21,0,60000,-371400,-311400
2016/09/22,0,3000,-25000,-22000
2016/09/23,0,17000,-10000,7000
2016/09/26,0,0,-3000,-3000
2016/09/27,0,0,0,0
2016/09/28,0,0,0,0
2016/09/29,0,7000,-5654,1346
2016/09/30,0,11000,-105000,-94000
2016/10/03,0,41000,-3000,38000
2016/10/04,0,37000,-65000,-28000
2016/10/05,0,77000,-108000,-31000
2016/10/06,0,22000,-66000,-44000
2016/10/07,0,0,0,0
2016/10/10,0,0,0,0
2016/10/11,0,84000,-45000,39000
2016/10/12,0,88000,0,88000
2016/10/13,0,102000,-165000,-63000
2016/10/14,0,77000,-275000,-198000
2016/10/17,0,72000,-294000,-222000
2016/10/18,0,88000,-59000,29000
2016/10/19,0,2000,-229000,-227000
2016/10/20,0,33000,-68000,-35000
2016/10/21,0,99000,-41000,58000
2016/10/24,0,5000,-32000,-27000
2016/10/25,0,128000,-10000,118000
2016/10/26,0,4000,-88000,-84000
2016/10/27,0,81000,-117000,-36000
2016/10/28,0,49000,0,49000
2016/10/31,0,80000,-1970000,-1890000
2016/11/01,0,21000,-50000,-29000
2016/11/02,0,96000,-26000,70000
2016/11/03,0,82000,-21000,61000
2016/11/04,0,3000,-47000,-44000
2016/11/07,0,60000,-49000,11000
2016/11/08,0,0,-18000,-18000
2016/11/09,0,70000,-179000,-109000
2016/11/10,0,67000,-151000,-84000
2016/11/11,0,0,-100000,-100000
2016/11/14,0,124000,-138000,-14000
2016/11/15,0,113000,-53000,60000
2016/11/16,0,158000,-158000,0
2016/11/17,0,149000,-423000,-274000
2016/11/18,0,20000,-162700,-142700
2016/11/21,0,0,-22200,-22200
2016/11/22,0,130000,-58000,72000
2016/11/23,0,41000,-26000,15000
2016/11/24,0,224000,-77000,147000
2016/11/25,0,182000,-7000,175000
2016/11/28,0,424000,-1992344,-1568344
2016/11/29,0,14000,-296000,-282000
2016/11/30,0,103000,-249000,-146000
2016/12/01,0,42000,-84000,-42000
2016/12/02,0,0,0,0
2016/12/05,0,2000,-10000,-8000
2016/12/06,0,61000,0,61000
2016/12/07,0,50000,0,50000
2016/12/08,0,482000,-42000,440000
2016/12/09,0,96000,-228000,-132000
2016/12/12,0,28000,-220000,-192000
2016/12/13,0,50000,-27000,23000
2016/12/14,0,142000,-60000,82000
2016/12/15,0,311000,0,311000
2016/12/16,0,27000,-40000,-13000
2016/12/19,0,175000,-20000,155000
2016/12/20,0,553000,-80000,473000
2016/12/21,0,233000,-52000,181000
2016/12/22,0,50000,-91000,-41000
2016/12/23,0,150000,-1000,149000
2016/12/26,0,38000,0,38000
2016/12/27,0,0,-38000,-38000
2016/12/28,0,136000,-1900000,-1764000
2016/12/29,0,8000,-5000,3000
2016/12/30,0,4000,0,4000
2017/01/02,0,0,0,0
2017/01/03,0,0,-43000,-43000
2017/01/04,0,0,-38000,-38000
2017/01/05,0,100000,0,100000
2017/01/06,0,23000,-100000,-77000
2017/01/09,0,40000,-110000,-70000
2017/01/10,0,40000,-300,39700
2017/01/11,0,87000,-420000,-333000
2017/01/12,0,23000,-238000,-215000
2017/01/13,0,0,-193000,-193000
2017/01/16,0,0,-154000,-154000
2017/01/17,0,31000,-191000,-160000
2017/01/18,0,0,-119000,-119000
2017/01/19,0,36000,-55000,-19000
2017/01/20,0,0,-63000,-63000
2017/01/23,0,0,-10000,-10000
2017/01/24,0,0,-30000,-30000
2017/01/25,0,0,0,0
2017/01/26,0,0,0,0
2017/01/27,0,0,0,0
2017/01/30,0,0,0,0
2017/01/31,0,0,0,0
2017/02/01,0,0,0,0
2017/02/02,0,27000,-160611,-133611
2017/02/03,0,119000,-66000,53000
2017/02/06,0,46000,-107000,-61000
2017/02/07,0,123000,-23000,100000
2017/02/08,0,54000,-159000,-105000
2017/02/09,0,4000,-136000,-132000
2017/02/10,0,176000,-3000,173000
2017/02/13,0,153000,-127000,26000
2017/02/14,0,47000,0,47000
2017/02/15,0,2927000,0,2927000
2017/02/16,0,1631000,-2593000,-962000
2017/02/17,0,117000,-1014000,-897000
2017/02/20,0,54000,-84000,-30000
2017/02/21,0,101000,-792000,-691000
2017/02/22,0,330000,-200000,130000
2017/02/23,0,16000,-421000,-405000
2017/02/24,0,17000,-155000,-138000
2017/02/27,0,0,0,0
2017/02/28,0,0,0,0
2017/03/01,0,8000,-33000,-25000
2017/03/02,0,1772000,-24000,1748000
2017/03/03,0,198000,-1376000,-1178000
2017/03/06,0,194000,0,194000
2017/03/07,0,571000,-456000,115000
2017/03/08,0,461000,-60000,401000
2017/03/09,0,23000,-89000,-66000
2017/03/10,0,76000,-40000,36000
2017/03/13,0,258000,-28000,230000
2017/03/14,0,0,-204000,-204000
2017/03/15,0,494000,-73000,421000
2017/03/16,0,166000,-76000,90000
2017/03/17,0,178000,-246000,-68000
2017/03/20,0,15000,-59000,-44000
2017/03/21,0,61000,-97000,-36000
2017/03/22,0,66000,-346000,-280000
2017/03/23,0,26000,-135000,-109000
2017/03/24,0,3000,-46000,-43000
2017/03/27,0,41000,-87000,-46000
2017/03/28,0,181000,-50000,131000
2017/03/29,0,292000,-83000,209000
2017/03/30,0,1089000,-15000,1074000
2017/03/31,0,114000,-20000,94000
2017/04/03,0,0,0,0
2017/04/04,0,0,0,0
2017/04/05,0,158000,0,158000
2017/04/06,0,1012000,-150000,862000
2017/04/07,0,899000,-183000,716000
2017/04/10,0,0,-29000,-29000
2017/04/11,0,0,-110000,-110000
2017/04/12,0,0,-28000,-28000
2017/04/13,0,200000,-122393,77607
2017/04/14,0,68000,-39000,29000
2017/04/17,0,200000,-66000,134000
2017/04/18,0,0,-19000,-19000
2017/04/19,0,1000,-506000,-505000
2017/04/20,0,62000,-124000,-62000
2017/04/21,0,0,-218000,-218000
2017/04/24,0,31000,-63000,-32000
2017/04/25,0,291000,-608000,-317000
2017/04/26,0,101000,-256000,-155000
2017/04/27,0,100000,-548000,-448000
2017/04/28,0,3001000,-274000,2727000
2017/05/01,0,0,0,0
2017/05/02,0,10000,-204000,-194000
2017/05/03,0,0,-38000,-38000
2017/05/04,0,0,-43000,-43000
2017/05/05,0,0,-305000,-305000
2017/05/08,0,180000,-323000,-143000
2017/05/09,0,0,-354618,-354618
2017/05/10,0,2237000,-10000,2227000
2017/05/11,0,138000,-216000,-78000
2017/05/12,0,100000,-294000,-194000
2017/05/15,0,181000,-241000,-60000
2017/05/16,0,249000,-181000,68000
2017/05/17,0,547000,-257000,290000
2017/05/18,0,1648000,-307000,1341000
2017/05/19,0,91000,-150000,-59000
2017/05/22,0,96000,-16000,80000
2017/05/23,0,0,-139000,-139000
2017/05/24,0,250000,0,250000
2017/05/25,0,828000,0,828000
2017/05/26,0,33000,-34000,-1000
2017/05/29,0,0,0,0
2017/05/30,0,0,0,0
2017/05/31,0,351000,-310000,41000
2017/06/01,0,2141000,-90000,2051000
2017/06/02,0,367000,-371000,-4000
2017/06/05,0,13000,-108000,-95000
2017/06/06,0,1000,-313699,-312699
2017/06/07,0,189000,-346000,-157000
2017/06/08,0,1000000,-318000,682000
2017/06/09,0,1750000,-174000,1576000
2017/06/12,0,2260000,-524000,1736000
2017/06/13,0,3000,-200000,-197000
2017/06/14,0,520000,-132000,388000
2017/06/15,0,6000,-361000,-355000
2017/06/16,0,201000,-6000,195000
2017/06/19,0,100000,-160000,-60000
2017/06/20,0,14000,-18000,-4000
2017/06/21,0,1315000,-123000,1192000
2017/06/22,0,777000,-243100,533900
2017/06/23,0,3277000,0,3277000
2017/06/26,0,3552000,-1000,3551000
2017/06/27,0,432000,-130000,302000
2017/06/28,0,211000,-42000,169000
2017/06/29,0,141000,0,141000
2017/06/30,0,172000,-42000,130000
2017/07/03,0,37000,-150000,-113000
2017/07/04,0,234000,-35000,199000
2017/07/05,0,737000,-14000,723000
2017/07/06,0,0,-98000,-98000
2017/07/07,0,0,-1000,-1000
2017/07/10,0,0,-31000,-31000
2017/07/11,0,589000,0,589000
2017/07/12,0,17000,-637000,-620000
2017/07/13,0,174000,-1421000,-1247000
2017/07/14,0,95000,-1127000,-1032000
2017/07/17,0,96000,-696789,-600789
2017/07/18,0,1370000,-493000,877000
2017/07/19,0,255000,-605000,-350000
2017/07/20,0,1037000,-1007000,30000
2017/07/21,0,721000,-16000,705000
2017/07/24,0,1574000,-10000,1564000
2017/07/25,0,130000,-13000,117000
2017/07/26,0,1305000,-538000,767000
2017/07/27,0,1461000,-228000,1233000
2017/07/28,0,528000,-355000,173000
2017/07/31,0,1256000,0,1256000
2017/08/01,0,2642000,-39000,2603000
2017/08/02,0,2951340,-318000,2633340
2017/08/03,0,2893000,-179000,2714000
2017/08/04,0,7148000,-28000,7120000
2017/08/07,0,5673000,-121000,5552000
2017/08/08,0,12240000,-330458,11909542
2017/08/09,0,17000,-22412000,-22395000
2017/08/10,0,504000,-8114000,-7610000
2017/08/11,0,26000,-469631,-443631
2017/08/14,0,0,-1434000,-1434000
2017/08/15,0,78000,-618000,-540000
2017/08/16,0,14000,-3067000,-3053000
2017/08/17,0,1874000,-508000,1366000
2017/08/18,0,65000,-1103000,-1038000
