Date,Open,Buy,Sell,Total
2007/01/02,0,2119000,-1000,2118000
2007/01/03,0,1202000,-1483000,-281000
2007/01/04,0,1709000,-4855000,-3146000
2007/01/05,0,928000,-5393000,-4465000
2007/01/08,0,2030000,-2085856,-55856
2007/01/09,0,863000,-859680,3320
2007/01/10,0,3098000,-9224000,-6126000
2007/01/11,0,435000,-1365000,-930000
2007/01/12,0,5051000,-4959000,92000
2007/01/15,0,3825000,-2544000,1281000
2007/01/16,0,2338000,-206000,2132000
2007/01/17,0,2976025,-1619000,1357025
2007/01/18,0,3718200,-6396561,-2678361
2007/01/19,0,1607000,-1744000,-137000
2007/01/22,0,4223000,-5527000,-1304000
2007/01/23,0,881000,-447000,434000
2007/01/24,0,3412000,-730000,2682000
2007/01/25,0,1680000,-1160000,520000
2007/01/26,0,958000,-873000,85000
2007/01/29,0,985000,-1637040,-652040
2007/01/30,0,663000,-897793,-234793
2007/01/31,0,1222000,-2079360,-857360
2007/02/01,0,2965000,-3557000,-592000
2007/02/02,0,2652000,-2144000,508000
2007/02/05,0,1280000,-1087000,193000
2007/02/06,0,3917000,-3808000,109000
2007/02/07,0,3960000,-4187000,-227000
2007/02/08,0,4741000,-4795480,-54480
2007/02/09,0,5143000,-4239020,903980
2007/02/12,0,903000,-588000,315000
2007/02/13,0,1441000,-1367000,74000
2007/02/14,0,2381000,-2604962,-223962
2007/02/15,0,0,0,0
2007/02/16,0,0,0,0
2007/02/19,0,0,0,0
2007/02/20,0,0,0,0
2007/02/21,0,0,0,0
2007/02/22,0,0,0,0
2007/02/23,0,0,0,0
2007/02/26,0,4310000,-4197519,112481
2007/02/27,0,2764000,-3449000,-685000
2007/02/28,0,0,0,0
2007/03/01,0,2197000,-8660000,-6463000
2007/03/02,0,1928000,-2679000,-751000
2007/03/05,0,4097000,-8149000,-4052000
2007/03/06,0,2158000,-5373000,-3215000
2007/03/07,0,3251000,-8514844,-5263844
2007/03/08,0,1329000,-2872888,-1543888
2007/03/09,0,1164000,-3624400,-2460400
2007/03/12,0,1135000,-1758000,-623000
2007/03/13,0,323000,-2317000,-1994000
2007/03/14,0,1260000,-4268000,-3008000
2007/03/15,0,471000,-1270000,-799000
2007/03/16,0,568000,-2160000,-1592000
2007/03/19,0,47000,-1046000,-999000
2007/03/20,0,1131000,-6764855,-5633855
2007/03/21,0,357000,-1432511,-1075511
2007/03/22,0,4270000,-1311052,2958948
2007/03/23,0,2675000,-229593,2445407
2007/03/26,0,557000,-2837000,-2280000
2007/03/27,0,2371000,-3161000,-790000
2007/03/28,0,770000,-3123560,-2353560
2007/03/29,0,3287000,-3592000,-305000
2007/03/30,0,1114000,-249800,864200
2007/04/02,0,930000,-2120000,-1190000
2007/04/03,0,978000,-709000,269000
2007/04/04,0,2587000,-291000,2296000
2007/04/05,0,0,0,0
2007/04/06,0,0,0,0
2007/04/09,0,2813000,-274000,2539000
2007/04/10,0,1566000,-1867000,-301000
2007/04/11,0,2030000,-1773000,257000
2007/04/12,0,3136000,-10942000,-7806000
2007/04/13,0,1164000,-1912000,-748000
2007/04/16,0,2259000,-5724000,-3465000
2007/04/17,0,8041000,-13999822,-5958822
2007/04/18,0,5786000,-10105846,-4319846
2007/04/19,0,1416000,-9210825,-7794825
2007/04/20,0,915000,-2693000,-1778000
2007/04/23,0,2436000,-593000,1843000
2007/04/24,0,2340000,-2705520,-365520
2007/04/25,0,3767000,-5170000,-1403000
2007/04/26,0,596000,-1180000,-584000
2007/04/27,0,1491000,-2219120,-728120
2007/04/30,0,748000,-1894080,-1146080
2007/05/01,0,0,0,0
2007/05/02,0,345000,-805000,-460000
2007/05/03,0,1538000,-1090000,448000
2007/05/04,0,1684000,-1033000,651000
2007/05/07,0,2774000,-2839000,-65000
2007/05/08,0,1156000,-2389436,-1233436
2007/05/09,0,1953000,-1772000,181000
2007/05/10,0,1343000,-2715000,-1372000
2007/05/11,0,1071000,-3476710,-2405710
2007/05/14,0,851000,-2479490,-1628490
2007/05/15,0,596000,-745000,-149000
2007/05/16,0,398000,-631000,-233000
2007/05/17,0,875000,-621000,254000
2007/05/18,0,474000,-1327000,-853000
2007/05/21,0,761000,-2132540,-1371540
2007/05/22,0,163000,-448000,-285000
2007/05/23,0,1303000,-3851000,-2548000
2007/05/24,0,618000,-1314360,-696360
2007/05/25,0,265000,-2082698,-1817698
2007/05/28,0,245000,-710000,-465000
2007/05/29,0,529000,-376000,153000
2007/05/30,0,662000,-2868180,-2206180
2007/05/31,0,2089000,-7413080,-5324080
2007/06/01,0,4560000,-1647000,2913000
2007/06/04,0,1099000,-2441640,-1342640
2007/06/05,0,67000,-6042200,-5975200
2007/06/06,0,1881000,-9404539,-7523539
2007/06/07,0,1002000,-7427263,-6425263
2007/06/08,0,173000,-2183000,-2010000
2007/06/11,0,7192000,-6080000,1112000
2007/06/12,0,2969000,-3330000,-361000
2007/06/13,0,2705000,-3703000,-998000
2007/06/14,0,2008000,-5986317,-3978317
2007/06/15,0,1640000,-3107000,-1467000
2007/06/18,0,0,0,0
2007/06/19,0,0,0,0
2007/06/20,0,13611000,-15580452,-1969452
2007/06/21,0,9415000,-4007000,5408000
2007/06/22,0,3319000,-2534665,784335
2007/06/25,0,3707000,-2751000,956000
2007/06/26,0,2441000,-1407000,1034000
2007/06/27,0,3496000,-3133000,363000
2007/06/28,0,3698000,-2941000,757000
2007/06/29,0,3426000,-4393665,-967665
2007/07/02,0,2312000,-2926000,-614000
2007/07/03,0,4440000,-3176000,1264000
2007/07/04,0,3725000,-7163000,-3438000
2007/07/05,0,163000,-2171134,-2008134
2007/07/06,0,4090000,-8852000,-4762000
2007/07/09,0,2633000,-6719000,-4086000
2007/07/10,0,1176000,-5042000,-3866000
2007/07/11,0,1884000,-5560000,-3676000
2007/07/12,0,877000,-6297000,-5420000
2007/07/13,0,3757000,-512000,3245000
2007/07/16,0,1379000,-4721000,-3342000
2007/07/17,0,1609000,-4935000,-3326000
2007/07/18,0,45000,-7254000,-7209000
2007/07/19,0,1203000,-8560000,-7357000
2007/07/20,0,2869000,-772000,2097000
2007/07/23,0,4804000,-3509653,1294347
2007/07/24,0,9886000,-5621000,4265000
2007/07/25,0,11014000,-6437000,4577000
2007/07/26,0,10357000,-3886000,6471000
2007/07/27,0,10443000,-16899900,-6456900
2007/07/30,0,6767000,-9164000,-2397000
2007/07/31,0,2928000,-7510000,-4582000
2007/08/01,0,4770000,-13143760,-8373760
2007/08/02,0,3617000,-2780000,837000
2007/08/03,0,3397000,-2814000,583000
2007/08/06,0,2578000,-2913000,-335000
2007/08/07,0,1309000,-674000,635000
2007/08/08,0,6352000,-6358020,-6020
2007/08/09,0,5109000,-2139000,2970000
2007/08/10,0,2478000,-4840000,-2362000
2007/08/13,0,2636000,-1400000,1236000
2007/08/14,0,3910000,-3196000,714000
2007/08/15,0,5271000,-3710000,1561000
2007/08/16,0,2248000,-4009000,-1761000
2007/08/17,0,1165000,-4962000,-3797000
2007/08/20,0,534000,-241000,293000
2007/08/21,0,1705000,-321000,1384000
2007/08/22,0,1535000,-1572249,-37249
2007/08/23,0,3331000,-3130618,200382
2007/08/24,0,1961000,-4282000,-2321000
2007/08/27,0,1534000,-1540000,-6000
2007/08/28,0,2803000,-5201147,-2398147
2007/08/29,0,3514000,-3883000,-369000
2007/08/30,0,4045000,-3872000,173000
2007/08/31,0,4600000,-4262321,337679
2007/09/03,0,488000,-364000,124000
2007/09/04,0,1239000,-172000,1067000
2007/09/05,0,982000,-824000,158000
2007/09/06,0,2108000,-630000,1478000
2007/09/07,0,257000,-874000,-617000
2007/09/10,0,769000,-2722000,-1953000
2007/09/11,0,338000,-553000,-215000
2007/09/12,0,776000,-2198000,-1422000
2007/09/13,0,664000,-1032000,-368000
2007/09/14,0,3518000,-4477000,-959000
2007/09/17,0,108000,-1931780,-1823780
2007/09/18,0,0,0,0
2007/09/19,0,8664000,-4326060,4337940
2007/09/20,0,4071000,-3269000,802000
2007/09/21,0,1513000,-1043000,470000
2007/09/24,0,0,0,0
2007/09/25,0,0,0,0
2007/09/26,0,2944000,-2502000,442000
2007/09/27,0,6411000,-6117000,294000
2007/09/28,0,3765000,-3628900,136100
2007/10/01,0,1300000,-90000,1210000
2007/10/02,0,5083000,-1749000,3334000
2007/10/03,0,6363000,-7547249,-1184249
2007/10/04,0,5011000,-4905000,106000
2007/10/05,0,2705000,-3561000,-856000
2007/10/08,0,4396000,-2882300,1513700
2007/10/09,0,2558000,-697000,1861000
2007/10/10,0,0,0,0
2007/10/11,0,6842000,-2402000,4440000
2007/10/12,0,2189000,-5785000,-3596000
2007/10/15,0,489000,-725000,-236000
2007/10/16,0,3757000,-837000,2920000
2007/10/17,0,860000,-1602000,-742000
2007/10/18,0,1077000,-1419000,-342000
2007/10/19,0,952000,-190000,762000
2007/10/22,0,1673000,-5669000,-3996000
2007/10/23,0,857000,-341000,516000
2007/10/24,0,1015000,-1429540,-414540
2007/10/25,0,2267002,-167000,2100002
2007/10/26,0,2736000,-433000,2303000
2007/10/29,0,3149000,-60000,3089000
2007/10/30,0,1378000,-385000,993000
2007/10/31,0,4166000,-407000,3759000
2007/11/01,0,1829000,-1293000,536000
2007/11/02,0,1679000,-3570000,-1891000
2007/11/05,0,1893000,-3815000,-1922000
2007/11/06,0,339000,-5325000,-4986000
2007/11/07,0,1538000,-2604305,-1066305
2007/11/08,0,2612000,-4399000,-1787000
2007/11/09,0,807000,-358000,449000
2007/11/12,0,732000,-4576000,-3844000
2007/11/13,0,778000,-1701000,-923000
2007/11/14,0,1417000,-1388000,29000
2007/11/15,0,75000,-851000,-776000
2007/11/16,0,199000,-2539000,-2340000
2007/11/19,0,1171000,-1085000,86000
2007/11/20,0,3590000,-2397000,1193000
2007/11/21,0,4825000,-6240260,-1415260
2007/11/22,0,2349000,-1670000,679000
2007/11/23,0,906000,-503000,403000
2007/11/26,0,3945000,-1425000,2520000
2007/11/27,0,3259000,-3605000,-346000
2007/11/28,0,1516000,-1281000,235000
2007/11/29,0,3064000,-405862,2658138
2007/11/30,0,6407000,-4092000,2315000
2007/12/03,0,327000,-696000,-369000
2007/12/04,0,1121000,-1226000,-105000
2007/12/05,0,3486000,-3885000,-399000
2007/12/06,0,2961000,-1517000,1444000
2007/12/07,0,1508275,-30000,1478275
2007/12/10,0,960000,-586000,374000
2007/12/11,0,915000,-615000,300000
2007/12/12,0,793000,-3488000,-2695000
2007/12/13,0,301000,-3029000,-2728000
2007/12/14,0,1770000,-3899000,-2129000
2007/12/17,0,289000,-1356000,-1067000
2007/12/18,0,3391000,-682055,2708945
2007/12/19,0,1666000,-1634000,32000
2007/12/20,0,927750,-936000,-8250
2007/12/21,0,2026000,-148000,1878000
2007/12/24,0,1072000,-546000,526000
2007/12/25,0,113000,-95000,18000
2007/12/26,0,503000,-527000,-24000
2007/12/27,0,3852000,-1104000,2748000
2007/12/28,0,1567000,-936000,631000
2007/12/31,0,345000,-5000,340000
2008/01/01,0,0,0,0
2008/01/02,0,96000,-1928000,-1832000
2008/01/03,0,476000,-1582000,-1106000
2008/01/04,0,3701000,-1486000,2215000
2008/01/07,0,500000,-1850000,-1350000
2008/01/08,0,3216000,-2372000,844000
2008/01/09,0,2477000,-1772000,705000
2008/01/10,0,911000,-777000,134000
2008/01/11,0,833000,-1146000,-313000
2008/01/14,0,4036000,-1531532,2504468
2008/01/15,0,10084000,-889818,9194182
2008/01/16,0,11339000,-1891536,9447464
2008/01/17,0,5616000,-1934107,3681893
2008/01/18,0,4358927,-3335000,1023927
2008/01/21,0,3113000,-2831000,282000
2008/01/22,0,81000,-2078000,-1997000
2008/01/23,0,2323000,-2759000,-436000
2008/01/24,0,1688000,-537000,1151000
2008/01/25,0,3795175,-1931000,1864175
2008/01/28,0,262000,-2117000,-1855000
2008/01/29,0,1003000,-631100,371900
2008/01/30,0,4946277,-7691796,-2745519
2008/01/31,0,2041000,-562000,1479000
2008/02/01,0,1325000,-2199000,-874000
2008/02/04,0,0,0,0
2008/02/05,0,0,0,0
2008/02/06,0,0,0,0
2008/02/07,0,0,0,0
2008/02/08,0,0,0,0
2008/02/11,0,0,0,0
2008/02/12,0,4861260,-5454100,-592840
2008/02/13,0,900000,-1298000,-398000
2008/02/14,0,5212000,-1753000,3459000
2008/02/15,0,2909000,-1409000,1500000
2008/02/18,0,1085000,-928000,157000
2008/02/19,0,2080000,-334000,1746000
2008/02/20,0,1254000,-4125365,-2871365
2008/02/21,0,2618933,-407293,2211640
2008/02/22,0,739000,-808000,-69000
2008/02/25,0,6303000,-919000,5384000
2008/02/26,0,5625000,-647000,4978000
2008/02/27,0,9111000,-2728000,6383000
2008/02/28,0,0,0,0
2008/02/29,0,6770439,-2880461,3889978
2008/03/03,0,1677000,-3026000,-1349000
2008/03/04,0,4471000,-1496000,2975000
2008/03/05,0,4863000,-2664000,2199000
2008/03/06,0,7836000,-1508000,6328000
2008/03/07,0,2089000,-1249000,840000
2008/03/10,0,3538000,-2659900,878100
2008/03/11,0,2337000,-796979,1540021
2008/03/12,0,5055529,-414000,4641529
2008/03/13,0,1146000,-1494500,-348500
2008/03/14,0,833000,-2261000,-1428000
2008/03/17,0,1208000,-6192000,-4984000
2008/03/18,0,2397000,-5054000,-2657000
2008/03/19,0,2567000,-892000,1675000
2008/03/20,0,10244000,-4173000,6071000
2008/03/21,0,9588000,-357000,9231000
2008/03/24,0,8430000,-119000,8311000
2008/03/25,0,6101000,-366000,5735000
2008/03/26,0,5765000,-2570000,3195000
2008/03/27,0,2354419,-3574000,-1219581
2008/03/28,0,5178419,-4119000,1059419
2008/03/31,0,813887,-2544000,-1730113
2008/04/01,0,1010872,-2051000,-1040128
2008/04/02,0,1784000,-759000,1025000
2008/04/03,0,351000,-481000,-130000
2008/04/04,0,0,0,0
2008/04/07,0,2200000,-1104000,1096000
2008/04/08,0,1540000,-3294000,-1754000
2008/04/09,0,1000000,-3440000,-2440000
2008/04/10,0,2158000,-602000,1556000
2008/04/11,0,1449000,-297213,1151787
2008/04/14,0,595000,-2889000,-2294000
2008/04/15,0,384000,-1576000,-1192000
2008/04/16,0,3852000,-6059000,-2207000
2008/04/17,0,3872000,-4500000,-628000
2008/04/18,0,3399000,-2488002,910998
2008/04/21,0,1988000,-1433000,555000
2008/04/22,0,974000,-1828304,-854304
2008/04/23,0,1199000,-941000,258000
2008/04/24,0,538000,-1060000,-522000
2008/04/25,0,413000,-1565000,-1152000
2008/04/28,0,3200000,-1349000,1851000
2008/04/29,0,1975000,-3800000,-1825000
2008/04/30,0,519000,-487000,32000
2008/05/01,0,0,0,0
2008/05/02,0,1586000,-2132000,-546000
2008/05/05,0,1109000,-3471000,-2362000
2008/05/06,0,1855500,-1153000,702500
2008/05/07,0,731500,-1303000,-571500
2008/05/08,0,89000,-5144000,-5055000
2008/05/09,0,1498000,-4376500,-2878500
2008/05/12,0,1933000,-4140000,-2207000
2008/05/13,0,2624000,-1280000,1344000
2008/05/14,0,1030838,-2514000,-1483162
2008/05/15,0,3556000,-1612000,1944000
2008/05/16,0,1605000,-856000,749000
2008/05/19,0,854000,-995000,-141000
2008/05/20,0,829000,-3945000,-3116000
2008/05/21,0,1585000,-5152720,-3567720
2008/05/22,0,1607000,-8348000,-6741000
2008/05/23,0,1127099,-2582000,-1454901
2008/05/26,0,1265000,-2350000,-1085000
2008/05/27,0,226000,-1563000,-1337000
2008/05/28,0,42000,-4107000,-4065000
2008/05/29,0,3766000,-2548000,1218000
2008/05/30,0,4037000,-8976831,-4939831
2008/06/02,0,763000,-1864000,-1101000
2008/06/03,0,250000,-3355000,-3105000
2008/06/04,0,604000,-1225171,-621171
2008/06/05,0,1590000,-3794000,-2204000
2008/06/06,0,265000,-1871000,-1606000
2008/06/09,0,2000,-2636000,-2634000
2008/06/10,0,11000,-6347461,-6336461
2008/06/11,0,1747000,-2431199,-684199
2008/06/12,0,482000,-4895761,-4413761
2008/06/13,0,229000,-3356000,-3127000
2008/06/16,0,456000,-2394000,-1938000
2008/06/17,0,1261000,-3423403,-2162403
2008/06/18,0,1349000,-2850000,-1501000
2008/06/19,0,349000,-5659000,-5310000
2008/06/20,0,161176,-2308000,-2146824
2008/06/23,0,1557000,-1135000,422000
2008/06/24,0,487000,-2116000,-1629000
2008/06/25,0,3621000,-1280325,2340675
2008/06/26,0,578000,-3326000,-2748000
2008/06/27,0,2473000,-6253000,-3780000
2008/06/30,0,2366000,-1538000,828000
2008/07/01,0,3962000,-4778000,-816000
2008/07/02,0,3823000,-4707000,-884000
2008/07/03,0,4766000,-6256000,-1490000
2008/07/04,0,2483000,-4004000,-1521000
2008/07/07,0,2132000,-2197000,-65000
2008/07/08,0,2407000,-5343000,-2936000
2008/07/09,0,3272000,-3680000,-408000
2008/07/10,0,2070000,-2639500,-569500
2008/07/11,0,2219000,-3970000,-1751000
2008/07/14,0,3262000,-3216000,46000
2008/07/15,0,2594000,-5634000,-3040000
2008/07/16,0,1083000,-8193000,-7110000
2008/07/17,0,1603000,-10277000,-8674000
2008/07/18,0,1971000,-15169000,-13198000
2008/07/21,0,5971000,-22031591,-16060591
2008/07/22,0,7513000,-8662000,-1149000
2008/07/23,0,5315000,-15967040,-10652040
2008/07/24,0,7336000,-9354000,-2018000
2008/07/25,0,2477000,-4674000,-2197000
2008/07/28,0,0,0,0
2008/07/29,0,3542000,-14772000,-11230000
2008/07/30,0,1558000,-4684000,-3126000
2008/07/31,0,3518000,-5929000,-2411000
2008/08/01,0,3757000,-5311000,-1554000
2008/08/04,0,2075000,-3536000,-1461000
2008/08/05,0,4276000,-9752340,-5476340
2008/08/06,0,7007000,-6845000,162000
2008/08/07,0,1832000,-9237000,-7405000
2008/08/08,0,4378000,-7426000,-3048000
2008/08/11,0,3276000,-4523000,-1247000
2008/08/12,0,1422000,-3167000,-1745000
2008/08/13,0,418200,-3699000,-3280800
2008/08/14,0,1433000,-5368800,-3935800
2008/08/15,0,22000,-6794000,-6772000
2008/08/18,0,3938000,-16472000,-12534000
2008/08/19,0,5283000,-8820000,-3537000
2008/08/20,0,5693000,-14007000,-8314000
2008/08/21,0,3248000,-6663000,-3415000
2008/08/22,0,2026000,-3574000,-1548000
2008/08/25,0,6076000,-3158000,2918000
2008/08/26,0,2585000,-4853000,-2268000
2008/08/27,0,6518000,-6657000,-139000
2008/08/28,0,4592000,-7178000,-2586000
2008/08/29,0,2952000,-6257000,-3305000
2008/09/01,0,4522000,-7860000,-3338000
2008/09/02,0,3909000,-7066254,-3157254
2008/09/03,0,2406000,-4821000,-2415000
2008/09/04,0,2460000,-4498000,-2038000
2008/09/05,0,1576908,-1622910,-46002
2008/09/08,0,4050000,-4402000,-352000
2008/09/09,0,3992000,-2515000,1477000
2008/09/10,0,5967875,-6189875,-222000
2008/09/11,0,925000,-5405000,-4480000
2008/09/12,0,736000,-709040,26960
2008/09/15,0,639000,-4239000,-3600000
2008/09/16,0,2035000,-5146000,-3111000
2008/09/17,0,4046000,-3800619,245381
2008/09/18,0,2822000,-8673004,-5851004
2008/09/19,0,6366000,-16892000,-10526000
2008/09/22,0,4367560,-3377950,989610
2008/09/23,0,3767000,-4221600,-454600
2008/09/24,0,14274573,-15224493,-949920
2008/09/25,0,4470000,-3202000,1268000
2008/09/26,0,3865000,-7065000,-3200000
2008/09/29,0,0,0,0
2008/09/30,0,2532000,-4678000,-2146000
2008/10/01,0,706600,-3805200,-3098600
2008/10/02,0,5227000,-8166000,-2939000
2008/10/03,0,2387000,-2467000,-80000
2008/10/06,0,213000,-6220280,-6007280
2008/10/07,0,3413000,-7464000,-4051000
2008/10/08,0,951000,-9941000,-8990000
2008/10/09,0,4179000,-5867000,-1688000
2008/10/10,0,0,0,0
2008/10/13,0,393000,-20655000,-20262000
2008/10/14,0,2097000,-2585000,-488000
2008/10/15,0,2266000,-3832000,-1566000
2008/10/16,0,5335000,-17818120,-12483120
2008/10/17,0,3469000,-3310000,159000
2008/10/20,0,4271000,-6050965,-1779965
2008/10/21,0,7019040,-12743000,-5723960
2008/10/22,0,1342000,-4244963,-2902963
2008/10/23,0,2391125,-7000,2384125
2008/10/24,0,40000,-1995000,-1955000
2008/10/27,0,74000,-3324000,-3250000
2008/10/28,0,2056000,-10347505,-8291505
2008/10/29,0,2841000,-13086000,-10245000
2008/10/30,0,2847000,-2874000,-27000
2008/10/31,0,2594000,-4620000,-2026000
2008/11/03,0,1327000,-5172312,-3845312
2008/11/04,0,2226000,-1784000,442000
2008/11/05,0,4345000,-1646033,2698967
2008/11/06,0,1879000,-2776000,-897000
2008/11/07,0,3371000,-2893000,478000
2008/11/10,0,2199000,-728000,1471000
2008/11/11,0,1249000,-1045980,203020
2008/11/12,0,511000,-3913000,-3402000
2008/11/13,0,3165000,-2454400,710600
2008/11/14,0,1162000,-3069695,-1907695
2008/11/17,0,1215000,-98000,1117000
2008/11/18,0,1257000,-1836000,-579000
2008/11/19,0,876000,-1309000,-433000
2008/11/20,0,983000,-3112166,-2129166
2008/11/21,0,1879000,-754000,1125000
2008/11/24,0,733000,-893000,-160000
2008/11/25,0,3647000,-743095,2903905
2008/11/26,0,1815000,-1157807,657193
2008/11/27,0,2503000,-120000,2383000
2008/11/28,0,3577000,-192560,3384440
2008/12/01,0,7522000,-528000,6994000
2008/12/02,0,475000,-5214000,-4739000
2008/12/03,0,1044000,-2525000,-1481000
2008/12/04,0,412000,-2537000,-2125000
2008/12/05,0,1341000,-789649,551351
2008/12/08,0,6558120,-928000,5630120
2008/12/09,0,4350000,-970919,3379081
2008/12/10,0,3819000,-378000,3441000
2008/12/11,0,4952000,-793000,4159000
2008/12/12,0,2821000,-2859000,-38000
2008/12/15,0,3729000,-788000,2941000
2008/12/16,0,4966000,-1657040,3308960
2008/12/17,0,5878000,-944000,4934000
2008/12/18,0,5675000,-973000,4702000
2008/12/19,0,3193000,-3421000,-228000
2008/12/22,0,1265000,-3502000,-2237000
2008/12/23,0,1928000,-2143000,-215000
2008/12/24,0,1307000,-1603000,-296000
2008/12/25,0,525000,-701000,-176000
2008/12/26,0,578000,-301000,277000
2008/12/29,0,650000,-416000,234000
2008/12/30,0,3122000,-80000,3042000
2008/12/31,0,363000,-1022000,-659000
2009/01/01,0,0,0,0
2009/01/02,0,0,0,0
2009/01/05,0,2006000,-2915688,-909688
2009/01/06,0,8276643,-3585856,4690787
2009/01/07,0,5755929,-1635648,4120281
2009/01/08,0,804000,-5580000,-4776000
2009/01/09,0,390000,-1622000,-1232000
2009/01/12,0,1629540,-2722000,-1092460
2009/01/13,0,1966000,-1081000,885000
2009/01/14,0,275000,-4060000,-3785000
2009/01/15,0,473000,-6389000,-5916000
2009/01/16,0,2124000,-5981645,-3857645
2009/01/19,0,270000,-448580,-178580
2009/01/20,0,1959000,-4785000,-2826000
2009/01/21,0,2498400,-2047525,450875
2009/01/22,0,0,0,0
2009/01/23,0,0,0,0
2009/01/26,0,0,0,0
2009/01/27,0,0,0,0
2009/01/28,0,0,0,0
2009/01/29,0,0,0,0
2009/01/30,0,0,0,0
2009/02/02,0,3746926,-5068365,-1321439
2009/02/03,0,1178000,-1521470,-343470
2009/02/04,0,3006000,-3049000,-43000
2009/02/05,0,1667000,-873000,794000
2009/02/06,0,2292000,-324000,1968000
2009/02/09,0,1967000,-261000,1706000
2009/02/10,0,1606000,-756001,849999
2009/02/11,0,2648000,-1947000,701000
2009/02/12,0,1928000,-4254000,-2326000
2009/02/13,0,2251000,-613000,1638000
2009/02/16,0,60000,-688000,-628000
2009/02/17,0,317000,-1559780,-1242780
2009/02/18,0,2722000,-1984000,738000
2009/02/19,0,2148000,-3631000,-1483000
2009/02/20,0,460000,-3760000,-3300000
2009/02/23,0,1272000,-292240,979760
2009/02/24,0,422000,-1663530,-1241530
2009/02/25,0,2814000,-3118980,-304980
2009/02/26,0,1253500,-828900,424600
2009/02/27,0,1134000,-1753870,-619870
2009/03/02,0,2243508,-3940008,-1696500
2009/03/03,0,1048000,-5241000,-4193000
2009/03/04,0,2027000,-3021000,-994000
2009/03/05,0,1307000,-2073000,-766000
2009/03/06,0,2571000,-4602000,-2031000
2009/03/09,0,1566000,-7072558,-5506558
2009/03/10,0,1580000,-1818000,-238000
2009/03/11,0,1570091,-5898000,-4327909
2009/03/12,0,1779000,-2241000,-462000
2009/03/13,0,5795000,-4297000,1498000
2009/03/16,0,1981000,-3387000,-1406000
2009/03/17,0,2037000,-4900000,-2863000
2009/03/18,0,4315000,-5119880,-804880
2009/03/19,0,587000,-6506000,-5919000
2009/03/20,0,972000,-6554000,-5582000
2009/03/23,0,4328000,-2797000,1531000
2009/03/24,0,7157000,-4763000,2394000
2009/03/25,0,5277000,-6035160,-758160
2009/03/26,0,3351000,-8959240,-5608240
2009/03/27,0,1088000,-20952000,-19864000
2009/03/30,0,1559000,-6255000,-4696000
2009/03/31,0,2254860,-9264600,-7009740
2009/04/01,0,1536000,-10489000,-8953000
2009/04/02,0,6405000,-18062000,-11657000
2009/04/03,0,2574000,-14569000,-11995000
2009/04/06,0,5051000,-16855000,-11804000
2009/04/07,0,1165000,-10238000,-9073000
2009/04/08,0,4400000,-16174000,-11774000
2009/04/09,0,5494000,-9922000,-4428000
2009/04/10,0,4384000,-9727000,-5343000
2009/04/13,0,6716000,-14389901,-7673901
2009/04/14,0,12948000,-1833000,11115000
2009/04/15,0,3946000,-4098000,-152000
2009/04/16,0,9776000,-5361600,4414400
2009/04/17,0,3969415,-4205000,-235585
2009/04/20,0,4679000,-4882000,-203000
2009/04/21,0,5867000,-5236000,631000
2009/04/22,0,49000,-4962000,-4913000
2009/04/23,0,1934000,-14688000,-12754000
2009/04/24,0,2087000,-2318000,-231000
2009/04/27,0,2253467,-5794000,-3540533
2009/04/28,0,2363000,-5331000,-2968000
2009/04/29,0,5197000,-6707000,-1510000
2009/04/30,0,14439000,-84000,14355000
2009/05/01,0,0,0,0
2009/05/04,0,3517000,-1947000,1570000
2009/05/05,0,11632774,-2691000,8941774
2009/05/06,0,3917000,-3494000,423000
2009/05/07,0,11149000,-6094000,5055000
2009/05/08,0,6251000,-577000,5674000
2009/05/11,0,4540000,-4858000,-318000
2009/05/12,0,3691258,-5064000,-1372742
2009/05/13,0,3434000,-1423000,2011000
2009/05/14,0,644000,-4081000,-3437000
2009/05/15,0,2545000,-2486000,59000
2009/05/18,0,2108000,-2619000,-511000
2009/05/19,0,6664000,-584000,6080000
2009/05/20,0,20825000,-3310000,17515000
2009/05/21,0,5820000,-8386000,-2566000
2009/05/22,0,948000,-4079000,-3131000
2009/05/25,0,3372000,-4012000,-640000
2009/05/26,0,3163000,-2498000,665000
2009/05/27,0,9817000,-7579619,2237381
2009/05/28,0,0,0,0
2009/05/29,0,0,0,0
2009/06/01,0,13551000,-8606000,4945000
2009/06/02,0,1877000,-7379000,-5502000
2009/06/03,0,5198000,-2280000,2918000
2009/06/04,0,4134000,-4678000,-544000
2009/06/05,0,533570,-1662000,-1128430
2009/06/08,0,2016000,-4061000,-2045000
2009/06/09,0,2634000,-5358000,-2724000
2009/06/10,0,3352000,-2880659,471341
2009/06/11,0,3127000,-3999000,-872000
2009/06/12,0,2035000,-3293000,-1258000
2009/06/15,0,2088000,-2480000,-392000
2009/06/16,0,1128000,-1932150,-804150
2009/06/17,0,3317000,-1878000,1439000
2009/06/18,0,1658000,-4733000,-3075000
2009/06/19,0,1920000,-2197000,-277000
2009/06/22,0,951000,-1104000,-153000
2009/06/23,0,290900,-4091000,-3800100
2009/06/24,0,10224000,-2209000,8015000
2009/06/25,0,1233000,-5017000,-3784000
2009/06/26,0,1226000,-617000,609000
2009/06/29,0,5945000,-4078000,1867000
2009/06/30,0,6144000,-3197522,2946478
2009/07/01,0,2852000,-2811000,41000
2009/07/02,0,3257000,-2463000,794000
2009/07/03,0,9832000,-16002028,-6170028
2009/07/06,0,322000,-19011000,-18689000
2009/07/07,0,1501000,-11571710,-10070710
2009/07/08,0,5353000,-11700000,-6347000
2009/07/09,0,4169000,-10439000,-6270000
2009/07/10,0,2667000,-10345000,-7678000
2009/07/13,0,10199000,-6881000,3318000
2009/07/14,0,2638000,-3042430,-404430
2009/07/15,0,5268000,-798000,4470000
2009/07/16,0,2977000,-6963000,-3986000
2009/07/17,0,2082816,-591450,1491366
2009/07/20,0,1548000,-7711307,-6163307
2009/07/21,0,1278000,-6658980,-5380980
2009/07/22,0,2457000,-6451310,-3994310
2009/07/23,0,3465000,-796070,2668930
2009/07/24,0,2211000,-811810,1399190
2009/07/27,0,3791000,-16001,3774999
2009/07/28,0,2922000,-1046000,1876000
2009/07/29,0,2581820,-527000,2054820
2009/07/30,0,2885000,-3409000,-524000
2009/07/31,0,5394000,-2705000,2689000
2009/08/03,0,916000,-775000,141000
2009/08/04,0,387000,-3083000,-2696000
2009/08/05,0,4278000,-4139000,139000
2009/08/06,0,1084000,-1738000,-654000
2009/08/07,0,0,0,0
2009/08/10,0,2386000,-1232411,1153589
2009/08/11,0,1164000,-499000,665000
2009/08/12,0,771000,-893000,-122000
2009/08/13,0,4850000,-671499,4178501
2009/08/14,0,1388000,-215000,1173000
2009/08/17,0,107000,-1872000,-1765000
2009/08/18,0,1050000,-1584000,-534000
2009/08/19,0,396000,-1664819,-1268819
2009/08/20,0,374000,-1654000,-1280000
2009/08/21,0,651000,-2836640,-2185640
2009/08/24,0,2980000,-2365000,615000
2009/08/25,0,21000,-2171528,-2150528
2009/08/26,0,655000,-1947000,-1292000
2009/08/27,0,1790000,-1819830,-29830
2009/08/28,0,6274000,-1288000,4986000
2009/08/31,0,722000,-2319943,-1597943
2009/09/01,0,2175000,-141139,2033861
2009/09/02,0,1268000,-511000,757000
2009/09/03,0,2895000,-1049000,1846000
2009/09/04,0,700982,-620000,80982
2009/09/07,0,521000,-412000,109000
2009/09/08,0,4015000,-45000,3970000
2009/09/09,0,3288000,-3912000,-624000
2009/09/10,0,8103000,-468520,7634480
2009/09/11,0,7741000,-321000,7420000
2009/09/14,0,3467000,-1127000,2340000
2009/09/15,0,6409000,-164000,6245000
2009/09/16,0,5843000,-391000,5452000
2009/09/17,0,7617000,-162620,7454380
2009/09/18,0,3616000,-943000,2673000
2009/09/21,0,1873000,-1319200,553800
2009/09/22,0,1191000,-71204,1119796
2009/09/23,0,1062000,-1267000,-205000
2009/09/24,0,354000,-852000,-498000
2009/09/25,0,11986000,-1141940,10844060
2009/09/28,0,12746000,-5330000,7416000
2009/09/29,0,14496000,-1956000,12540000
2009/09/30,0,11535000,-2259000,9276000
2009/10/01,0,1966000,-5458000,-3492000
2009/10/02,0,7426000,-3146000,4280000
2009/10/05,0,1715300,-1491300,224000
2009/10/06,0,7762000,-1618000,6144000
2009/10/07,0,4059510,-4597710,-538200
2009/10/08,0,1766080,-1229563,536517
2009/10/09,0,2705000,-542170,2162830
2009/10/12,0,963000,-601000,362000
2009/10/13,0,2878080,-2265864,612216
2009/10/14,0,8359889,-274889,8085000
2009/10/15,0,24900000,-1153000,23747000
2009/10/16,0,2983000,-2450000,533000
2009/10/19,0,6444000,-399603,6044397
2009/10/20,0,7067440,-1682000,5385440
2009/10/21,0,2575000,-5576000,-3001000
2009/10/22,0,1910340,-5625614,-3715274
2009/10/23,0,1080000,-3289000,-2209000
2009/10/26,0,2339000,-1547000,792000
2009/10/27,0,1574000,-2450000,-876000
2009/10/28,0,1341000,-4318000,-2977000
2009/10/29,0,1956000,-4115000,-2159000
2009/10/30,0,2088000,-2641000,-553000
2009/11/02,0,1218000,-8389925,-7171925
2009/11/03,0,1391000,-2850000,-1459000
2009/11/04,0,5297000,-1778886,3518114
2009/11/05,0,19610000,-3642000,15968000
2009/11/06,0,4351000,-1459000,2892000
2009/11/09,0,6791000,-1390000,5401000
2009/11/10,0,6819000,-7985401,-1166401
2009/11/11,0,5793000,-3824120,1968880
2009/11/12,0,14182000,-7597000,6585000
2009/11/13,0,6039000,-2575700,3463300
2009/11/16,0,12177000,-10018000,2159000
2009/11/17,0,6594000,-701650,5892350
2009/11/18,0,881000,-5449000,-4568000
2009/11/19,0,4025000,-4570000,-545000
2009/11/20,0,2289000,-4705000,-2416000
2009/11/23,0,1926000,-509000,1417000
2009/11/24,0,3956000,-4815000,-859000
2009/11/25,0,4915000,-5680556,-765556
2009/11/26,0,1621210,-2161000,-539790
2009/11/27,0,708000,-8762856,-8054856
2009/11/30,0,1706464,-3578054,-1871590
2009/12/01,0,4868000,-1574000,3294000
2009/12/02,0,2007000,-1209000,798000
2009/12/03,0,5039880,-1214585,3825295
2009/12/04,0,2167000,-61000,2106000
2009/12/07,0,2296000,-480510,1815490
2009/12/08,0,1760000,-587000,1173000
2009/12/09,0,844000,-471540,372460
2009/12/10,0,543000,-3339240,-2796240
2009/12/11,0,1785109,-565000,1220109
2009/12/14,0,1198000,-425000,773000
2009/12/15,0,1383000,-96000,1287000
2009/12/16,0,785000,-1448000,-663000
2009/12/17,0,735060,-2540840,-1805780
2009/12/18,0,560000,-6740000,-6180000
2009/12/21,0,999000,-1301000,-302000
2009/12/22,0,1089000,-6636000,-5547000
2009/12/23,0,2176000,-2394512,-218512
2009/12/24,0,2520000,-2994000,-474000
2009/12/25,0,1162000,0,1162000
2009/12/28,0,3047000,-3408000,-361000
2009/12/29,0,1083000,-325000,758000
2009/12/30,0,3366000,-1697000,1669000
2009/12/31,0,1692000,-264000,1428000
2010/01/01,0,0,0,0
2010/01/04,0,1553000,-256000,1297000
2010/01/05,0,1844000,-825000,1019000
2010/01/06,0,3711000,-439000,3272000
2010/01/07,0,4858000,-466619,4391381
2010/01/08,0,4485450,-632000,3853450
2010/01/11,0,1382000,-1368530,13470
2010/01/12,0,2010000,-3681000,-1671000
2010/01/13,0,156000,-609180,-453180
2010/01/14,0,1786000,-2139300,-353300
2010/01/15,0,2410000,-1927000,483000
2010/01/18,0,423000,-708000,-285000
2010/01/19,0,800000,-2283600,-1483600
2010/01/20,0,537000,-4047000,-3510000
2010/01/21,0,935000,-602000,333000
2010/01/22,0,516000,-3254000,-2738000
2010/01/25,0,137550,-3177000,-3039450
2010/01/26,0,106000,-6973000,-6867000
2010/01/27,0,167000,-1701540,-1534540
2010/01/28,0,479000,-2157000,-1678000
2010/01/29,0,1829000,-2912050,-1083050
2010/02/01,0,1002000,-1825390,-823390
2010/02/02,0,1683000,-2856120,-1173120
2010/02/03,0,926540,-1607000,-680460
2010/02/04,0,615000,-1418000,-803000
2010/02/05,0,982000,-5347530,-4365530
2010/02/08,0,260800,-2824000,-2563200
2010/02/09,0,1790000,-1268477,521523
2010/02/10,0,1486000,-2540000,-1054000
2010/02/11,0,0,0,0
2010/02/12,0,0,0,0
2010/02/15,0,0,0,0
2010/02/16,0,0,0,0
2010/02/17,0,0,0,0
2010/02/18,0,0,0,0
2010/02/19,0,0,0,0
2010/02/22,0,1758000,-1377000,381000
2010/02/23,0,2318000,-959000,1359000
2010/02/24,0,2804000,-2389000,415000
2010/02/25,0,4216000,-5032000,-816000
2010/02/26,0,2665350,-154259,2511091
2010/03/01,0,3550000,-974000,2576000
2010/03/02,0,497000,-681000,-184000
2010/03/03,0,1639000,-1035000,604000
2010/03/04,0,271000,-3081000,-2810000
2010/03/05,0,3863000,-4371000,-508000
2010/03/08,0,1548000,-1565000,-17000
2010/03/09,0,1767030,-1470000,297030
2010/03/10,0,7939114,-5589000,2350114
2010/03/11,0,4112000,-1677000,2435000
2010/03/12,0,1962000,-261000,1701000
2010/03/15,0,232000,-2354000,-2122000
2010/03/16,0,2644000,-617000,2027000
2010/03/17,0,3986565,-833000,3153565
2010/03/18,0,4001000,-1163000,2838000
2010/03/19,0,985000,-1322500,-337500
2010/03/22,0,295000,-1559460,-1264460
2010/03/23,0,7481000,-421000,7060000
2010/03/24,0,2067720,-1440000,627720
2010/03/25,0,1285000,-1655000,-370000
2010/03/26,0,2683000,-2676000,7000
2010/03/29,0,2475000,-17000,2458000
2010/03/30,0,2575800,-825000,1750800
2010/03/31,0,2772000,-4304708,-1532708
2010/04/01,0,9764000,-4786874,4977126
2010/04/02,0,5169450,-418000,4751450
2010/04/05,0,0,0,0
2010/04/06,0,7653600,-339000,7314600
2010/04/07,0,7536610,-702000,6834610
2010/04/08,0,10207000,-2474965,7732035
2010/04/09,0,6494000,-1006820,5487180
2010/04/12,0,4172740,-396000,3776740
2010/04/13,0,3903000,-1227000,2676000
2010/04/14,0,3832000,-632160,3199840
2010/04/15,0,3231000,-149000,3082000
2010/04/16,0,3637520,-1575000,2062520
2010/04/19,0,4782001,-3979000,803001
2010/04/20,0,3246000,-4076000,-830000
2010/04/21,0,2759000,-1353000,1406000
2010/04/22,0,2282000,-3172820,-890820
2010/04/23,0,1200000,-1079000,121000
2010/04/26,0,8501000,-110000,8391000
2010/04/27,0,2630267,-3457267,-827000
2010/04/28,0,375000,-3235090,-2860090
2010/04/29,0,0,-1432000,-1432000
2010/04/30,0,9577000,-1555550,8021450
2010/05/03,0,1403000,-8162000,-6759000
2010/05/04,0,1040000,-1985000,-945000
2010/05/05,0,3333820,-10973000,-7639180
2010/05/06,0,4565830,-4549000,16830
2010/05/07,0,4453000,-2930880,1522120
2010/05/10,0,1742380,-1605650,136730
2010/05/11,0,6887000,-3994000,2893000
2010/05/12,0,2116000,-1060000,1056000
2010/05/13,0,5032000,-51000,4981000
2010/05/14,0,10153000,-35000,10118000
2010/05/17,0,2682000,-2140000,542000
2010/05/18,0,1900000,-701000,1199000
2010/05/19,0,705000,-1942000,-1237000
2010/05/20,0,270000,-1477000,-1207000
2010/05/21,0,1045000,-1999520,-954520
2010/05/24,0,1203000,-2221000,-1018000
2010/05/25,0,1021000,-3248000,-2227000
2010/05/26,0,2831000,-1832000,999000
2010/05/27,0,1910000,-1551321,358679
2010/05/28,0,2853000,-4436000,-1583000
2010/05/31,0,2965000,-1682000,1283000
2010/06/01,0,1597000,-1460000,137000
2010/06/02,0,2550000,-1058993,1491007
2010/06/03,0,1754000,-671000,1083000
2010/06/04,0,530000,-165000,365000
2010/06/07,0,364000,-3599946,-3235946
2010/06/08,0,1847000,-577000,1270000
2010/06/09,0,1202000,-1441000,-239000
2010/06/10,0,1128000,-534048,593952
2010/06/11,0,1713293,-268000,1445293
2010/06/14,0,1497973,0,1497973
2010/06/15,0,2448947,-186540,2262407
2010/06/16,0,0,0,0
2010/06/17,0,3000653,-615782,2384871
2010/06/18,0,2220813,-841000,1379813
2010/06/21,0,7075998,-606877,6469121
2010/06/22,0,2090537,-834000,1256537
2010/06/23,0,966706,-167255,799451
2010/06/24,0,1938248,-486840,1451408
2010/06/25,0,8426198,-1071000,7355198
2010/06/28,0,7741000,-943000,6798000
2010/06/29,0,7376000,-2285000,5091000
2010/06/30,0,1938000,-1573000,365000
2010/07/01,0,1907000,-3267830,-1360830
2010/07/02,0,4149000,-1038180,3110820
2010/07/05,0,3690717,-767000,2923717
2010/07/06,0,18013000,-1427000,16586000
2010/07/07,0,4639600,-1113000,3526600
2010/07/08,0,4835000,-534000,4301000
2010/07/09,0,2905363,-789000,2116363
2010/07/12,0,2190000,-862664,1327336
2010/07/13,0,3732000,-1316000,2416000
2010/07/14,0,4732267,-609000,4123267
2010/07/15,0,6238000,-1348000,4890000
2010/07/16,0,896000,-1680551,-784551
2010/07/19,0,3647000,-420000,3227000
2010/07/20,0,2321849,-526000,1795849
2010/07/21,0,2653000,-1561000,1092000
2010/07/22,0,1061000,-3395870,-2334870
2010/07/23,0,3873000,-517000,3356000
2010/07/26,0,4094340,-666000,3428340
2010/07/27,0,1153000,-1422300,-269300
2010/07/28,0,6397000,-1278000,5119000
2010/07/29,0,6497000,-1171949,5325051
2010/07/30,0,4146694,-1598000,2548694
2010/08/02,0,5540000,-87000,5453000
2010/08/03,0,2746000,-687000,2059000
2010/08/04,0,3084000,-458000,2626000
2010/08/05,0,952000,-895000,57000
2010/08/06,0,2403000,-13000,2390000
2010/08/09,0,2142000,-411000,1731000
2010/08/10,0,3867000,-1563000,2304000
2010/08/11,0,3524000,-1330860,2193140
2010/08/12,0,343000,-1511000,-1168000
2010/08/13,0,1040239,-905000,135239
2010/08/16,0,176700,-802000,-625300
2010/08/17,0,780000,-521000,259000
2010/08/18,0,2032000,-3257020,-1225020
2010/08/19,0,1271000,-1786000,-515000
2010/08/20,0,831000,-2519878,-1688878
2010/08/23,0,2695000,-387000,2308000
2010/08/24,0,4316000,-1302670,3013330
2010/08/25,0,3019000,-4940276,-1921276
2010/08/26,0,7691000,-3101994,4589006
2010/08/27,0,4217000,-2251524,1965476
2010/08/30,0,2349726,-1056000,1293726
2010/08/31,0,4670000,-1814412,2855588
2010/09/01,0,3787000,-723000,3064000
2010/09/02,0,9489000,-957128,8531872
2010/09/03,0,9593000,-1127000,8466000
2010/09/06,0,4577374,-1304374,3273000
2010/09/07,0,1961000,-229159,1731841
2010/09/08,0,3611870,-880622,2731248
2010/09/09,0,2703000,-544000,2159000
2010/09/10,0,10461890,-650000,9811890
2010/09/13,0,9682000,-2341685,7340315
2010/09/14,0,3754179,-827000,2927179
2010/09/15,0,4827166,-1098000,3729166
2010/09/16,0,2526000,-2419000,107000
2010/09/17,0,2078000,-2707000,-629000
2010/09/20,0,1007000,-471000,536000
2010/09/21,0,6629000,-720562,5908438
2010/09/22,0,0,0,0
2010/09/23,0,2287605,-795954,1491651
2010/09/24,0,2692270,-653000,2039270
2010/09/27,0,4059770,-1138498,2921272
2010/09/28,0,1192580,-1066000,126580
2010/09/29,0,5577000,-1308039,4268961
2010/09/30,0,1707000,-218000,1489000
2010/10/01,0,2483760,-157000,2326760
2010/10/04,0,2846250,-277000,2569250
2010/10/05,0,4302440,-842930,3459510
2010/10/06,0,7057880,-583444,6474436
2010/10/07,0,4616300,-1936306,2679994
2010/10/08,0,7362790,-5538000,1824790
2010/10/11,0,5498690,-4330632,1168058
2010/10/12,0,5806700,-4606727,1199973
2010/10/13,0,5445700,-799000,4646700
2010/10/14,0,6530020,-846590,5683430
2010/10/15,0,2128140,-886364,1241776
2010/10/18,0,5408000,-5307000,101000
2010/10/19,0,5727000,-8451853,-2724853
2010/10/20,0,2234000,-3294452,-1060452
2010/10/21,0,1940000,-2075000,-135000
2010/10/22,0,3073000,-1448000,1625000
2010/10/25,0,5779000,-247000,5532000
2010/10/26,0,3431000,-3392003,38997
2010/10/27,0,5725500,-4626001,1099499
2010/10/28,0,8947649,-8102431,845218
2010/10/29,0,2821000,-2626000,195000
2010/11/01,0,5138000,-2280000,2858000
2010/11/02,0,4309000,-405226,3903774
2010/11/03,0,1547000,-1046000,501000
2010/11/04,0,2901000,-574211,2326789
2010/11/05,0,3358000,-1149519,2208481
2010/11/08,0,1480000,-507194,972806
2010/11/09,0,2811000,-155000,2656000
2010/11/10,0,5468000,-1033940,4434060
2010/11/11,0,3360000,-1705029,1654971
2010/11/12,0,6799000,-2916079,3882921
2010/11/15,0,2454740,-3529000,-1074260
2010/11/16,0,3502000,-5817000,-2315000
2010/11/17,0,5918000,-7973080,-2055080
2010/11/18,0,1995975,-3296750,-1300775
2010/11/19,0,1503730,-5140000,-3636270
2010/11/22,0,3278410,-1696829,1581581
2010/11/23,0,878430,-1971461,-1093031
2010/11/24,0,1516514,-288000,1228514
2010/11/25,0,865000,-626083,238917
2010/11/26,0,712000,-338000,374000
2010/11/29,0,1454000,-2098288,-644288
2010/11/30,0,3195533,-5948922,-2753389
2010/12/01,0,4691000,-988000,3703000
2010/12/02,0,17812200,-609557,17202643
2010/12/03,0,7825000,-2313026,5511974
2010/12/06,0,6662000,-1671000,4991000
2010/12/07,0,3508890,-3147104,361786
2010/12/08,0,4001000,-580000,3421000
2010/12/09,0,10228000,-1205000,9023000
2010/12/10,0,3618000,-2409132,1208868
2010/12/13,0,4542000,-130000,4412000
2010/12/14,0,1897000,-1245038,651962
2010/12/15,0,1946200,-2177002,-230802
2010/12/16,0,6040000,-1415752,4624248
2010/12/17,0,3174000,-489000,2685000
2010/12/20,0,2257995,-751000,1506995
2010/12/21,0,2185000,-638820,1546180
2010/12/22,0,4990000,-807960,4182040
2010/12/23,0,2286000,-533000,1753000
2010/12/24,0,4713000,-137749,4575251
2010/12/27,0,4549000,-513000,4036000
2010/12/28,0,2541000,-1470000,1071000
2010/12/29,0,5322620,-3313000,2009620
2010/12/30,0,5189000,-4120000,1069000
2010/12/31,0,1585000,-2623670,-1038670
2011/01/03,0,2394002,-5070001,-2675999
2011/01/04,0,3572000,-2453000,1119000
2011/01/05,0,8762000,-10273470,-1511470
2011/01/06,0,15700000,-4908000,10792000
2011/01/07,0,5295000,-7609000,-2314000
2011/01/10,0,4929000,-5169206,-240206
2011/01/11,0,5168000,-3898000,1270000
2011/01/12,0,6619536,-581000,6038536
2011/01/13,0,5391297,-2985000,2406297
2011/01/14,0,6908000,-296670,6611330
2011/01/17,0,2493893,-1002000,1491893
2011/01/18,0,3218000,-870140,2347860
2011/01/19,0,3999000,-1438813,2560187
2011/01/20,0,5837000,-2488000,3349000
2011/01/21,0,1521000,-2228603,-707603
2011/01/24,0,771000,-475000,296000
2011/01/25,0,1975000,-640000,1335000
2011/01/26,0,2452000,-940682,1511318
2011/01/27,0,2758000,-1748330,1009670
2011/01/28,0,3146780,-1826532,1320248
2011/01/31,0,0,0,0
2011/02/01,0,0,0,0
2011/02/02,0,0,0,0
2011/02/03,0,0,0,0
2011/02/04,0,0,0,0
2011/02/07,0,0,0,0
2011/02/08,0,5480000,-4041418,1438582
2011/02/09,0,1397000,-2788780,-1391780
2011/02/10,0,371000,-4826949,-4455949
2011/02/11,0,6921000,-6669000,252000
2011/02/14,0,3895000,-4965900,-1070900
2011/02/15,0,2696000,-3617716,-921716
2011/02/16,0,3083000,-5349366,-2266366
2011/02/17,0,3471000,-3129210,341790
2011/02/18,0,7173000,-4311158,2861842
2011/02/21,0,4302000,-2798748,1503252
2011/02/22,0,2817000,-4302000,-1485000
2011/02/23,0,4339804,-4281856,57948
2011/02/24,0,2356000,-2595488,-239488
2011/02/25,0,4022995,-5745616,-1722621
2011/02/28,0,0,0,0
2011/03/01,0,4093000,-3165147,927853
2011/03/02,0,2348000,-9258000,-6910000
2011/03/03,0,6458000,-12861000,-6403000
2011/03/04,0,3893000,-3585000,308000
2011/03/07,0,1490000,-2288000,-798000
2011/03/08,0,2315000,-2609133,-294133
2011/03/09,0,4946000,-7162183,-2216183
2011/03/10,0,2093000,-4984960,-2891960
2011/03/11,0,1294000,-3564592,-2270592
2011/03/14,0,3989000,-4449128,-460128
2011/03/15,0,5472000,-12197470,-6725470
2011/03/16,0,2870000,-5693882,-2823882
2011/03/17,0,4527000,-4819864,-292864
2011/03/18,0,2135000,-6346396,-4211396
2011/03/21,0,4545500,-5430585,-885085
2011/03/22,0,2469000,-2868000,-399000
2011/03/23,0,1590000,-909000,681000
2011/03/24,0,6860000,-7119141,-259141
2011/03/25,0,2237642,-2740000,-502358
2011/03/28,0,1369000,-1616000,-247000
2011/03/29,0,1947000,-1423000,524000
2011/03/30,0,8185000,-6623000,1562000
2011/03/31,0,1649000,-2361479,-712479
2011/04/01,0,6138000,-4363000,1775000
2011/04/04,0,0,0,0
2011/04/05,0,0,0,0
2011/04/06,0,7006845,-4103612,2903233
2011/04/07,0,5013654,-3838654,1175000
2011/04/08,0,4344532,-3283722,1060810
2011/04/11,0,6748691,-6456000,292691
2011/04/12,0,1488266,-1313000,175266
2011/04/13,0,4058000,-2814000,1244000
2011/04/14,0,5483000,-5070000,413000
2011/04/15,0,3344444,-5438444,-2094000
2011/04/18,0,988000,-923445,64555
2011/04/19,0,603000,-4038000,-3435000
2011/04/20,0,2068000,-3680938,-1612938
2011/04/21,0,13131027,-6735000,6396027
2011/04/22,0,8084000,-3183000,4901000
2011/04/25,0,5535000,-3806000,1729000
2011/04/26,0,4275000,-3858551,416449
2011/04/27,0,15006000,-6105428,8900572
2011/04/28,0,13042112,-1102000,11940112
2011/04/29,0,7712695,-2521000,5191695
2011/05/02,0,0,0,0
2011/05/03,0,7106000,-5507083,1598917
2011/05/04,0,5524000,-2580000,2944000
2011/05/05,0,4087000,-708741,3378259
2011/05/06,0,4172000,-4149000,23000
2011/05/09,0,8656000,-2294000,6362000
2011/05/10,0,14921000,-8791000,6130000
2011/05/11,0,24963000,-9748000,15215000
2011/05/12,0,18197000,-10650908,7546092
2011/05/13,0,14030030,-2796590,11233440
2011/05/16,0,7335000,-6334039,1000961
2011/05/17,0,10445000,-1385000,9060000
2011/05/18,0,4178000,-5184156,-1006156
2011/05/19,0,6101808,-1695778,4406030
2011/05/20,0,2534000,-2749000,-215000
2011/05/23,0,4664000,-4336000,328000
2011/05/24,0,4219938,-1549805,2670133
2011/05/25,0,4227086,-5786000,-1558914
2011/05/26,0,3024115,-6839610,-3815495
2011/05/27,0,8142000,-4204000,3938000
2011/05/30,0,5486237,-6116000,-629763
2011/05/31,0,7182000,-9254357,-2072357
2011/06/01,0,9116000,-6486079,2629921
2011/06/02,0,3542130,-2724000,818130
2011/06/03,0,1981576,-2266000,-284424
2011/06/06,0,0,0,0
2011/06/07,0,1458000,-1574232,-116232
2011/06/08,0,6884000,-9850000,-2966000
2011/06/09,0,5861000,-7354608,-1493608
2011/06/10,0,1917000,-2569577,-652577
2011/06/13,0,672000,-1990517,-1318517
2011/06/14,0,3934000,-4336000,-402000
2011/06/15,0,14079000,-11322000,2757000
2011/06/16,0,14327034,-7239000,7088034
2011/06/17,0,4461768,-3939000,522768
2011/06/20,0,8114000,-8688930,-574930
2011/06/21,0,7386000,-3490000,3896000
2011/06/22,0,3409190,-9095000,-5685810
2011/06/23,0,2008986,-1650255,358731
2011/06/24,0,2695000,-1371603,1323397
2011/06/27,0,1289000,-1232524,56476
2011/06/28,0,2559000,-1942745,616255
2011/06/29,0,5865970,-6171000,-305030
2011/06/30,0,2824000,-4100000,-1276000
2011/07/01,0,4725930,-4233000,492930
2011/07/04,0,2164524,-3072264,-907740
2011/07/05,0,1317312,-2364000,-1046688
2011/07/06,0,3994104,-2145583,1848521
2011/07/07,0,6300117,-6430000,-129883
2011/07/08,0,5470937,-6467397,-996460
2011/07/11,0,5309030,-1965344,3343686
2011/07/12,0,5731198,-3527261,2203937
2011/07/13,0,13613731,-2656000,10957731
2011/07/14,0,7487550,-4116000,3371550
2011/07/15,0,11541170,-20559000,-9017830
2011/07/18,0,4760265,-3791783,968482
2011/07/19,0,561000,-4204990,-3643990
2011/07/20,0,5691642,-5856000,-164358
2011/07/21,0,5878886,-5782000,96886
2011/07/22,0,9082735,-6495000,2587735
2011/07/25,0,6029999,-5094000,935999
2011/07/26,0,4241046,-2804000,1437046
2011/07/27,0,4915463,-3482000,1433463
2011/07/28,0,3852199,-3117000,735199
2011/07/29,0,196382818,-322844028,-126461210
2011/08/01,0,13587134,-18284001,-4696867
2011/08/02,0,8769592,-10812000,-2042408
2011/08/03,0,4941740,-4822000,119740
2011/08/04,0,7421194,-13399000,-5977806
2011/08/05,0,24714499,-19277104,5437395
2011/08/08,0,6487530,-25556840,-19069310
2011/08/09,0,6521483,-13898000,-7376517
2011/08/10,0,2650686,-10077000,-7426314
2011/08/11,0,2414666,-4320044,-1905378
2011/08/12,0,1398113,-9114000,-7715887
2011/08/15,0,3404536,-3291000,113536
2011/08/16,0,1849000,-9577000,-7728000
2011/08/17,0,5162293,-4546000,616293
2011/08/18,0,1965271,-6060000,-4094729
2011/08/19,0,2866421,-1348397,1518024
2011/08/22,0,3254487,-3281000,-26513
2011/08/23,0,15405150,-5899138,9506012
2011/08/24,0,11344122,-12597145,-1253023
2011/08/25,0,1735946,-3293618,-1557672
2011/08/26,0,3471160,-2633000,838160
2011/08/29,0,1939370,-2392000,-452630
2011/08/30,0,6250304,-2565002,3685302
2011/08/31,0,8337904,-7604832,733072
2011/09/01,0,29895945,-23786118,6109827
2011/09/02,0,7747056,-4996000,2751056
2011/09/05,0,1361000,-11514312,-10153312
2011/09/06,0,6088962,-7622408,-1533446
2011/09/07,0,6068010,-10751000,-4682990
2011/09/08,0,6035428,-5980000,55428
2011/09/09,0,4542793,-3333795,1208998
2011/09/12,0,0,0,0
2011/09/13,0,4673148,-4809000,-135852
2011/09/14,0,3921482,-3653157,268325
2011/09/15,0,3576000,-19997945,-16421945
2011/09/16,0,5047000,-10363000,-5316000
2011/09/19,0,1065890,-3504000,-2438110
2011/09/20,0,3545010,-3719247,-174237
2011/09/21,0,2571866,-3735464,-1163598
2011/09/22,0,4052980,-7003000,-2950020
2011/09/23,0,1831820,-3895896,-2064076
2011/09/26,0,1242787,-2050796,-808009
2011/09/27,0,3484495,-738000,2746495
2011/09/28,0,18464166,-13390178,5073988
2011/09/29,0,7265587,-5832022,1433565
2011/09/30,0,4148000,-3825190,322810
2011/10/03,0,1938888,-6172443,-4233555
2011/10/04,0,2697000,-3168000,-471000
2011/10/05,0,4501000,-2400000,2101000
2011/10/06,0,4559000,-12995892,-8436892
2011/10/07,0,7164000,-2448662,4715338
2011/10/10,0,0,0,0
2011/10/11,0,5983000,-5676292,306708
2011/10/12,0,3868790,-11614122,-7745332
2011/10/13,0,5446079,-8679402,-3233323
2011/10/14,0,3683575,-15114419,-11430844
2011/10/17,0,2961610,-14750893,-11789283
2011/10/18,0,1979496,-10052347,-8072851
2011/10/19,0,1825146,-16947394,-15122248
2011/10/20,0,1037515,-10188556,-9151041
2011/10/21,0,1125950,-5921000,-4795050
2011/10/24,0,6150930,-18993146,-12842216
2011/10/25,0,1344920,-10249000,-8904080
2011/10/26,0,5752000,-9324000,-3572000
2011/10/27,0,9724360,-29579933,-19855573
2011/10/28,0,6491000,-21770000,-15279000
2011/10/31,0,3961000,-9712862,-5751862
2011/11/01,0,4426000,-5447000,-1021000
2011/11/02,0,5891000,-17688757,-11797757
2011/11/03,0,6855000,-16594961,-9739961
2011/11/04,0,4594000,-7746088,-3152088
2011/11/07,0,604000,-2389000,-1785000
2011/11/08,0,3600645,-9655490,-6054845
2011/11/09,0,1214000,-2859000,-1645000
2011/11/10,0,987000,-2834000,-1847000
2011/11/11,0,55000,-2648000,-2593000
2011/11/14,0,490000,-1524353,-1034353
2011/11/15,0,4494000,-6262000,-1768000
2011/11/16,0,6767240,-4970000,1797240
2011/11/17,0,2577000,-5697300,-3120300
2011/11/18,0,4479110,-7451960,-2972850
2011/11/21,0,1662500,-4122375,-2459875
2011/11/22,0,2016000,-3829000,-1813000
2011/11/23,0,1785000,-10623683,-8838683
2011/11/24,0,2687190,-3962000,-1274810
2011/11/25,0,1991000,-5485000,-3494000
2011/11/28,0,2143930,-10660000,-8516070
2011/11/29,0,5051810,-4667239,384571
2011/11/30,0,5822000,-6394000,-572000
2011/12/01,0,6970000,-6410511,559489
2011/12/02,0,6568000,-4556000,2012000
2011/12/05,0,3712000,-4808000,-1096000
2011/12/06,0,2443000,-3981080,-1538080
2011/12/07,0,4528000,-4333250,194750
2011/12/08,0,2000000,-4667000,-2667000
2011/12/09,0,3502000,-3609000,-107000
2011/12/12,0,9840000,-5329278,4510722
2011/12/13,0,8838480,-7310000,1528480
2011/12/14,0,6524000,-2920000,3604000
2011/12/15,0,9797000,-10785072,-988072
2011/12/16,0,8210220,-7675008,535212
2011/12/19,0,4276810,-4191000,85810
2011/12/20,0,5607000,-16322000,-10715000
2011/12/21,0,13558000,-16188914,-2630914
2011/12/22,0,3716000,-2921790,794210
2011/12/23,0,3907000,-5917000,-2010000
2011/12/26,0,854000,-2043000,-1189000
2011/12/27,0,10105000,-7679000,2426000
2011/12/28,0,4737558,-2178558,2559000
2011/12/29,0,2267000,-3340186,-1073186
2011/12/30,0,1782254,-1245011,537243
2012/01/02,0,452000,-1132000,-680000
2012/01/03,0,7222000,-3734000,3488000
2012/01/04,0,6035000,-3873148,2161852
2012/01/05,0,6445000,-9163150,-2718150
2012/01/06,0,6115000,-6763000,-648000
2012/01/09,0,4648000,-2555000,2093000
2012/01/10,0,10943150,-6037827,4905323
2012/01/11,0,4093000,-2301050,1791950
2012/01/12,0,4391000,-1231207,3159793
2012/01/13,0,8639000,-1127719,7511281
2012/01/16,0,4487000,-3888000,599000
2012/01/17,0,10522000,-15684070,-5162070
2012/01/18,0,6265441,-6902000,-636559
2012/01/19,0,0,0,0
2012/01/20,0,0,0,0
2012/01/23,0,0,0,0
2012/01/24,0,0,0,0
2012/01/25,0,0,0,0
2012/01/26,0,0,0,0
2012/01/27,0,0,0,0
2012/01/30,0,10988260,-12667849,-1679589
2012/01/31,0,12689613,-8260659,4428954
2012/02/01,0,5512480,-3583000,1929480
2012/02/02,0,5996000,-3682567,2313433
2012/02/03,0,1430000,-2766854,-1336854
2012/02/06,0,2339000,-2009000,330000
2012/02/07,0,2518000,-6465000,-3947000
2012/02/08,0,5858000,-5994293,-136293
2012/02/09,0,1738000,-5880815,-4142815
2012/02/10,0,5186000,-4941500,244500
2012/02/13,0,4462160,-3616000,846160
2012/02/14,0,7075850,-6185800,890050
2012/02/15,0,15017520,-12253000,2764520
2012/02/16,0,2760000,-4749000,-1989000
2012/02/17,0,4307000,-3630000,677000
2012/02/20,0,1925000,-4181780,-2256780
2012/02/21,0,4491740,-14900614,-10408874
2012/02/22,0,9164000,-3498443,5665557
2012/02/23,0,3200000,-1568047,1631953
2012/02/24,0,9664000,-1938089,7725911
2012/02/27,0,0,0,0
2012/02/28,0,0,0,0
2012/02/29,0,13128858,-1979001,11149857
2012/03/01,0,6293734,-1266000,5027734
2012/03/02,0,4942057,-2316588,2625469
2012/03/05,0,6896942,-2358002,4538940
2012/03/06,0,3294000,-3360000,-66000
2012/03/07,0,1391000,-2212000,-821000
2012/03/08,0,4773000,-5243000,-470000
2012/03/09,0,1039000,-1671000,-632000
2012/03/12,0,3238000,-2815637,422363
2012/03/13,0,11927580,-2966250,8961330
2012/03/14,0,3799600,-3626488,173112
2012/03/15,0,5329400,-4555000,774400
2012/03/16,0,6441000,-3706000,2735000
2012/03/19,0,1974000,-4403000,-2429000
2012/03/20,0,1787000,-4626000,-2839000
2012/03/21,0,2956508,-2726508,230000
2012/03/22,0,6626000,-4489000,2137000
2012/03/23,0,1803000,-1367000,436000
2012/03/26,0,657000,-6022000,-5365000
2012/03/27,0,4831000,-4341000,490000
2012/03/28,0,2262000,-470430,1791570
2012/03/29,0,4202000,-4482325,-280325
2012/03/30,0,3600953,-3924290,-323337
2012/04/02,0,504000,-1481067,-977067
2012/04/03,0,2748500,-2708026,40474
2012/04/04,0,0,0,0
2012/04/05,0,2713000,-5209185,-2496185
2012/04/06,0,804732,-5529000,-4724268
2012/04/09,0,1701000,-5776000,-4075000
2012/04/10,0,6123000,-6408000,-285000
2012/04/11,0,2374000,-3956394,-1582394
2012/04/12,0,1856000,-7487736,-5631736
2012/04/13,0,1353809,-2088524,-734715
2012/04/16,0,1032000,-1764000,-732000
2012/04/17,0,3361000,-2426000,935000
2012/04/18,0,2345000,-3319441,-974441
2012/04/19,0,8437000,-11080000,-2643000
2012/04/20,0,6815000,-8500806,-1685806
2012/04/23,0,1565000,-1834000,-269000
2012/04/24,0,888000,-1610000,-722000
2012/04/25,0,2606000,-1620000,986000
2012/04/26,0,817000,-1218000,-401000
2012/04/27,0,2132755,-2683000,-550245
2012/04/30,0,5124000,-4997367,126633
2012/05/01,0,0,0,0
2012/05/02,0,7862000,-7448077,413923
2012/05/03,0,1863000,-3442115,-1579115
2012/05/04,0,5220294,-4985000,235294
2012/05/07,0,2051000,-9454000,-7403000
2012/05/08,0,1098000,-1398220,-300220
2012/05/09,0,1487000,-3202000,-1715000
2012/05/10,0,4151965,-456141,3695824
2012/05/11,0,2450102,-4152000,-1701898
2012/05/14,0,6473000,-3888000,2585000
2012/05/15,0,1055000,-1605430,-550430
2012/05/16,0,2081000,-10672000,-8591000
2012/05/17,0,8090000,-4844000,3246000
2012/05/18,0,4176000,-7061000,-2885000
2012/05/21,0,5180000,-7055061,-1875061
2012/05/22,0,4189000,-2441000,1748000
2012/05/23,0,1656000,-4353000,-2697000
2012/05/24,0,4214000,-2001000,2213000
2012/05/25,0,1481000,-1498000,-17000
2012/05/28,0,2455000,-2280000,175000
2012/05/29,0,3023000,-3599325,-576325
2012/05/30,0,5747000,-8164639,-2417639
2012/05/31,0,11534927,-14274116,-2739189
2012/06/01,0,1053000,-3767732,-2714732
2012/06/04,0,4588670,-8057000,-3468330
2012/06/05,0,3364000,-2862906,501094
2012/06/06,0,3512000,-8850000,-5338000
2012/06/07,0,4930435,-4985121,-54686
2012/06/08,0,5339210,-8875706,-3536496
2012/06/11,0,3294510,-2589009,705501
2012/06/12,0,1678000,-3787000,-2109000
2012/06/13,0,3210034,-2186515,1023519
2012/06/14,0,2073685,-1709695,363990
2012/06/15,0,3558000,-2667879,890121
2012/06/18,0,7185126,-2123000,5062126
2012/06/19,0,2284317,-1666000,618317
2012/06/20,0,2421052,-2630500,-209448
2012/06/21,0,1725147,-1829478,-104331
2012/06/22,0,1764524,-2597300,-832776
2012/06/25,0,484000,-2931425,-2447425
2012/06/26,0,2069000,-550000,1519000
2012/06/27,0,4636000,-3348260,1287740
2012/06/28,0,4063000,-2547910,1515090
2012/06/29,0,6554000,-3692660,2861340
2012/07/02,0,3503000,-1838000,1665000
2012/07/03,0,5879000,-1128000,4751000
2012/07/04,0,15883581,-4898072,10985509
2012/07/05,0,2760000,-1682000,1078000
2012/07/06,0,4542000,-1294000,3248000
2012/07/09,0,6068000,-1809000,4259000
2012/07/10,0,4151424,-2100000,2051424
2012/07/11,0,9405000,-1315000,8090000
2012/07/12,0,7371000,-11560000,-4189000
2012/07/13,0,4682313,-10418853,-5736540
2012/07/16,0,1920211,-3577000,-1656789
2012/07/17,0,3557000,-544000,3013000
2012/07/18,0,4757000,-3101000,1656000
2012/07/19,0,6192000,-5252000,940000
2012/07/20,0,1522000,-857000,665000
2012/07/23,0,1952000,-2157000,-205000
2012/07/24,0,1737000,-1100000,637000
2012/07/25,0,6979000,-3998000,2981000
2012/07/26,0,2594000,-12692191,-10098191
2012/07/27,0,10146789,-1388192,8758597
2012/07/30,0,13482631,-8290380,5192251
2012/07/31,0,7574322,-2707506,4866816
2012/08/01,0,2910000,-3827240,-917240
2012/08/02,0,0,0,0
2012/08/03,0,1552067,-2352204,-800137
2012/08/06,0,13669000,-3928000,9741000
2012/08/07,0,12709000,-7236917,5472083
2012/08/08,0,5551130,-6591361,-1040231
2012/08/09,0,8757000,-1496000,7261000
2012/08/10,0,12065000,-3196000,8869000
2012/08/13,0,969000,-960000,9000
2012/08/14,0,5698000,-2605000,3093000
2012/08/15,0,6677000,-391000,6286000
2012/08/16,0,4944000,-7284000,-2340000
2012/08/17,0,7460000,-1336536,6123464
2012/08/20,0,5849425,-538000,5311425
2012/08/21,0,13482746,-1844069,11638677
2012/08/22,0,6858944,-3926000,2932944
2012/08/23,0,11188144,-5180000,6008144
2012/08/24,0,3544000,-1625146,1918854
2012/08/27,0,1447000,-898233,548767
2012/08/28,0,1698085,-385000,1313085
2012/08/29,0,6224000,-5234000,990000
2012/08/30,0,9068000,-8152000,916000
2012/08/31,0,9350775,-1717170,7633605
2012/09/03,0,8077800,-3668000,4409800
2012/09/04,0,4926000,-2673295,2252705
2012/09/05,0,8409500,-10328000,-1918500
2012/09/06,0,3674000,-864050,2809950
2012/09/07,0,5097647,-506950,4590697
2012/09/10,0,4293500,-268000,4025500
2012/09/11,0,1189000,-916000,273000
2012/09/12,0,5520000,-3787000,1733000
2012/09/13,0,3606000,-722000,2884000
2012/09/14,0,6054000,-336000,5718000
2012/09/17,0,1809000,-1973000,-164000
2012/09/18,0,3974000,-1038000,2936000
2012/09/19,0,4083000,-3509019,573981
2012/09/20,0,4508000,-2820000,1688000
2012/09/21,0,3491000,-6330650,-2839650
2012/09/24,0,3117281,-9643050,-6525769
2012/09/25,0,8538000,-1912700,6625300
2012/09/26,0,2120000,-1251003,868997
2012/09/27,0,3082000,-3976170,-894170
2012/09/28,0,3315017,-2937780,377237
2012/10/01,0,2751000,-1734000,1017000
2012/10/02,0,3323000,-2690050,632950
2012/10/03,0,2084000,-878000,1206000
2012/10/04,0,2557000,-729000,1828000
2012/10/05,0,1076000,-1821646,-745646
2012/10/08,0,1910800,-1447400,463400
2012/10/09,0,4753000,-1631282,3121718
2012/10/10,0,0,0,0
2012/10/11,0,900000,-4135000,-3235000
2012/10/12,0,1232000,-3738000,-2506000
2012/10/15,0,3276000,-5726000,-2450000
2012/10/16,0,3587000,-5010518,-1423518
2012/10/17,0,4831000,-5027000,-196000
2012/10/18,0,14420000,-28468000,-14048000
2012/10/19,0,5711000,-10089550,-4378550
2012/10/22,0,5230000,-10653950,-5423950
2012/10/23,0,3602900,-8114371,-4511471
2012/10/24,0,4819000,-12000690,-7181690
2012/10/25,0,2904000,-6848000,-3944000
2012/10/26,0,4192000,-9327601,-5135601
2012/10/29,0,2408500,-10408000,-7999500
2012/10/30,0,10563000,-18755500,-8192500
2012/10/31,0,6763000,-8542000,-1779000
2012/11/01,0,6087175,-12895000,-6807825
2012/11/02,0,2816000,-4737000,-1921000
2012/11/05,0,3352000,-2807143,544857
2012/11/06,0,9815000,-10829000,-1014000
2012/11/07,0,11621000,-11485800,135200
2012/11/08,0,5791000,-8276500,-2485500
2012/11/09,0,3281000,-5806412,-2525412
2012/11/12,0,1347000,-2848600,-1501600
2012/11/13,0,1435000,-5694000,-4259000
2012/11/14,0,2030000,-1471000,559000
2012/11/15,0,3089000,-3813000,-724000
2012/11/16,0,1816000,-5660350,-3844350
2012/11/19,0,2380000,-6709353,-4329353
2012/11/20,0,3175000,-2705000,470000
2012/11/21,0,2778000,-7036000,-4258000
2012/11/22,0,7081000,-8147127,-1066127
2012/11/23,0,8566000,-7908500,657500
2012/11/26,0,7876000,-4918000,2958000
2012/11/27,0,11279000,-12979225,-1700225
2012/11/28,0,8965400,-9731823,-766423
2012/11/29,0,10638000,-8631000,2007000
2012/11/30,0,13521600,-5196594,8325006
2012/12/03,0,6851000,-4865922,1985078
2012/12/04,0,2736016,-3785000,-1048984
2012/12/05,0,4987000,-1084000,3903000
2012/12/06,0,9912000,-1987264,7924736
2012/12/07,0,11420000,-4965500,6454500
2012/12/10,0,2984000,-1975000,1009000
2012/12/11,0,11864018,-4803000,7061018
2012/12/12,0,8002000,-2201000,5801000
2012/12/13,0,3402198,-1654000,1748198
2012/12/14,0,5827428,-6103000,-275572
2012/12/17,0,3107000,-3635000,-528000
2012/12/18,0,3031000,-342103,2688897
2012/12/19,0,4373000,-829200,3543800
2012/12/20,0,5255000,-11256150,-6001150
2012/12/21,0,4529000,-2201436,2327564
2012/12/24,0,592000,-569000,23000
2012/12/25,0,1854000,-151000,1703000
2012/12/26,0,1954000,-203000,1751000
2012/12/27,0,1667637,-436800,1230837
2012/12/28,0,3001000,-202000,2799000
2012/12/31,0,0,0,0
2013/01/01,0,0,0,0
2013/01/02,0,2379000,-584813,1794187
2013/01/03,0,2826000,-2254050,571950
2013/01/04,0,1814000,-6376787,-4562787
2013/01/07,0,2013000,-2613700,-600700
2013/01/08,0,794000,-4172000,-3378000
2013/01/09,0,11829000,-13349500,-1520500
2013/01/10,0,10884000,-20751804,-9867804
2013/01/11,0,5792000,-3502550,2289450
2013/01/14,0,7859761,-3723300,4136461
2013/01/15,0,9542000,-4930400,4611600
2013/01/16,0,2477000,-1988650,488350
2013/01/17,0,2440500,-4302000,-1861500
2013/01/18,0,4333000,-2519150,1813850
2013/01/21,0,4393000,-1870594,2522406
2013/01/22,0,1723000,-1418882,304118
2013/01/23,0,2488000,-7981215,-5493215
2013/01/24,0,1696000,-2236000,-540000
2013/01/25,0,3110000,-6082000,-2972000
2013/01/28,0,14462905,-8200950,6261955
2013/01/29,0,3845100,-3669550,175550
2013/01/30,0,5062000,-927000,4135000
2013/01/31,0,11371000,-4036000,7335000
2013/02/01,0,18026000,-2069844,15956156
2013/02/04,0,10585000,-5262050,5322950
2013/02/05,0,25410000,-4273919,21136081
2013/02/06,0,20958000,-2343650,18614350
2013/02/07,0,0,0,0
2013/02/08,0,0,0,0
2013/02/11,0,0,0,0
2013/02/12,0,0,0,0
2013/02/13,0,0,0,0
2013/02/14,0,0,0,0
2013/02/15,0,0,0,0
2013/02/18,0,30683180,-3503876,27179304
2013/02/19,0,8562758,-2252000,6310758
2013/02/20,0,9717380,-2689000,7028380
2013/02/21,0,4981000,-1536894,3444106
2013/02/22,0,22103000,-1970000,20133000
2013/02/25,0,11901000,-4891343,7009657
2013/02/26,0,5207000,-1533827,3673173
2013/02/27,0,12256919,-3471000,8785919
2013/02/28,0,0,0,0
2013/03/01,0,6719000,-5036840,1682160
2013/03/04,0,4595000,-5229250,-634250
2013/03/05,0,3461000,-2667233,793767
2013/03/06,0,1281000,-4334611,-3053611
2013/03/07,0,7449000,-1988667,5460333
2013/03/08,0,12344800,-1471994,10872806
2013/03/11,0,5836000,-2126350,3709650
2013/03/12,0,14765000,-1305132,13459868
2013/03/13,0,3596000,-2048250,1547750
2013/03/14,0,8707000,-5896140,2810860
2013/03/15,0,6989000,-9400000,-2411000
2013/03/18,0,6316000,-5975000,341000
2013/03/19,0,9691500,-4398546,5292954
2013/03/20,0,10011000,-8263478,1747522
2013/03/21,0,4152541,-2639274,1513267
2013/03/22,0,8706743,-2643543,6063200
2013/03/25,0,6865000,-2342000,4523000
2013/03/26,0,12477000,-3811000,8666000
2013/03/27,0,11640000,-9358950,2281050
2013/03/28,0,6613000,-7425684,-812684
2013/03/29,0,2369000,-3096000,-727000
2013/04/01,0,2010103,-2827000,-816897
2013/04/02,0,3501000,-4948000,-1447000
2013/04/03,0,7738000,-8024127,-286127
2013/04/04,0,0,0,0
2013/04/05,0,0,0,0
2013/04/08,0,13741000,-15545000,-1804000
2013/04/09,0,7143000,-10825589,-3682589
2013/04/10,0,3606000,-10458000,-6852000
2013/04/11,0,3871620,-7080987,-3209367
2013/04/12,0,3138000,-1888500,1249500
2013/04/15,0,1066009,-1816000,-749991
2013/04/16,0,3247365,-758000,2489365
2013/04/17,0,3058000,-7889000,-4831000
2013/04/18,0,983400,-2311000,-1327600
2013/04/19,0,5658300,-3956287,1702013
2013/04/22,0,1625400,-1136000,489400
2013/04/23,0,4292000,-2227000,2065000
2013/04/24,0,3510000,-2306000,1204000
2013/04/25,0,3431271,-2023050,1408221
2013/04/26,0,8987800,-4659700,4328100
2013/04/29,0,6044000,-2665000,3379000
2013/04/30,0,91345600,-94186450,-2840850
2013/05/01,0,0,0,0
2013/05/02,0,25800000,-45012286,-19212286
2013/05/03,0,4919000,-3702000,1217000
2013/05/06,0,5195000,-3338571,1856429
2013/05/07,0,6817700,-5962043,855657
2013/05/08,0,6627928,-9552020,-2924092
2013/05/09,0,6118444,-9109897,-2991453
2013/05/10,0,3531000,-2371973,1159027
2013/05/13,0,4330000,-4480890,-150890
2013/05/14,0,16054000,-9766000,6288000
2013/05/15,0,6052060,-5988110,63950
2013/05/16,0,13591000,-5537900,8053100
2013/05/17,0,6349000,-2762000,3587000
2013/05/20,0,2271000,-2087000,184000
2013/05/21,0,6382000,-3172550,3209450
2013/05/22,0,6637000,-4183920,2453080
2013/05/23,0,3884000,-4383685,-499685
2013/05/24,0,9924485,-6857284,3067201
2013/05/27,0,3175838,-4991000,-1815162
2013/05/28,0,13151000,-6348500,6802500
2013/05/29,0,20218000,-1228886,18989114
2013/05/30,0,10845000,-8265591,2579409
2013/05/31,0,28562074,-12365500,16196574
2013/06/03,0,6902000,-5872000,1030000
2013/06/04,0,7087000,-5616326,1470674
2013/06/05,0,2768304,-2274000,494304
2013/06/06,0,10712517,-4888002,5824515
2013/06/07,0,8128421,-5374000,2754421
2013/06/10,0,11828500,-3288000,8540500
2013/06/11,0,6132845,-6005000,127845
2013/06/12,0,0,0,0
2013/06/13,0,12660000,-5979271,6680729
2013/06/14,0,6280000,-3720350,2559650
2013/06/17,0,4957000,-3790107,1166893
2013/06/18,0,6090833,-4076034,2014799
2013/06/19,0,9093000,-3611588,5481412
2013/06/20,0,7021000,-9223697,-2202697
2013/06/21,0,12692250,-22751525,-10059275
2013/06/24,0,3295000,-7387812,-4092812
2013/06/25,0,4877000,-7549616,-2672616
2013/06/26,0,11377000,-8232797,3144203
2013/06/27,0,10373000,-6442000,3931000
2013/06/28,0,15589000,-8833810,6755190
2013/07/01,0,7170000,-2687000,4483000
2013/07/02,0,5500850,-2987169,2513681
2013/07/03,0,10972000,-8898000,2074000
2013/07/04,0,4161000,-1392900,2768100
2013/07/05,0,4933000,-1796000,3137000
2013/07/08,0,3734000,-2641000,1093000
2013/07/09,0,7672000,-2004100,5667900
2013/07/10,0,30315000,-1195000,29120000
2013/07/11,0,19015000,-6066761,12948239
2013/07/12,0,8034000,-1806000,6228000
2013/07/15,0,11945301,-587000,11358301
2013/07/16,0,11033000,-9822000,1211000
2013/07/17,0,13759000,-2038000,11721000
2013/07/18,0,12975000,-3544000,9431000
2013/07/19,0,9126655,-4452929,4673726
2013/07/22,0,4691157,-1886000,2805157
2013/07/23,0,8935000,-2155000,6780000
2013/07/24,0,4974100,-2599000,2375100
2013/07/25,0,3249000,-5095000,-1846000
2013/07/26,0,4750000,-3672000,1078000
2013/07/29,0,2316000,-1681000,635000
2013/07/30,0,6623000,-4141029,2481971
2013/07/31,0,4187000,-6953000,-2766000
2013/08/01,0,6828000,-2023000,4805000
2013/08/02,0,5664000,-5475000,189000
2013/08/05,0,3194000,-2157000,1037000
2013/08/06,0,4083000,-5949491,-1866491
2013/08/07,0,3156000,-9013000,-5857000
2013/08/08,0,7935000,-8790950,-855950
2013/08/09,0,5091000,-6664000,-1573000
2013/08/12,0,2333000,-2294750,38250
2013/08/13,0,5132000,-3902546,1229454
2013/08/14,0,2772639,-4183000,-1410361
2013/08/15,0,4968000,-7497380,-2529380
2013/08/16,0,3797558,-4482000,-684442
2013/08/19,0,3483000,-5605000,-2122000
2013/08/20,0,16044000,-6832240,9211760
2013/08/21,0,0,0,0
2013/08/22,0,5046600,-12386917,-7340317
2013/08/23,0,8290000,-4707000,3583000
2013/08/26,0,2973000,-3977900,-1004900
2013/08/27,0,3242000,-4303000,-1061000
2013/08/28,0,10315827,-6195000,4120827
2013/08/29,0,10464000,-4335000,6129000
2013/08/30,0,14274000,-4057000,10217000
2013/09/02,0,5084000,-2838000,2246000
2013/09/03,0,6283000,-3035726,3247274
2013/09/04,0,7454000,-5276100,2177900
2013/09/05,0,14776001,-2740000,12036001
2013/09/06,0,27000000,-12091000,14909000
2013/09/09,0,10205000,-2102000,8103000
2013/09/10,0,6189000,-2721434,3467566
2013/09/11,0,14975000,-4700488,10274512
2013/09/12,0,15347000,-9915262,5431738
2013/09/13,0,16978000,-16504657,473343
2013/09/16,0,14321000,-9385400,4935600
2013/09/17,0,19337000,-11116427,8220573
2013/09/18,0,11177738,-2317000,8860738
2013/09/19,0,0,0,0
2013/09/20,0,0,0,0
2013/09/23,0,18641074,-18890599,-249525
2013/09/24,0,18305000,-26415937,-8110937
2013/09/25,0,16520530,-18152425,-1631895
2013/09/26,0,19335000,-12555815,6779185
2013/09/27,0,206540666,-47705560,158835106
2013/09/30,0,9749000,-29075700,-19326700
2013/10/01,0,3858000,-10206866,-6348866
2013/10/02,0,15310166,-19137349,-3827183
2013/10/03,0,26076121,-33576975,-7500854
2013/10/04,0,16430300,-20767000,-4336700
2013/10/07,0,4350655,-10256618,-5905963
2013/10/08,0,21703000,-21377977,325023
2013/10/09,0,13245000,-10273000,2972000
2013/10/10,0,0,0,0
2013/10/11,0,20698000,-18412000,2286000
2013/10/14,0,9078000,-9263204,-185204
2013/10/15,0,4088000,-3219910,868090
2013/10/16,0,8529000,-4329200,4199800
2013/10/17,0,6113000,-7921666,-1808666
2013/10/18,0,18190000,-11644833,6545167
2013/10/21,0,6843000,-4496000,2347000
2013/10/22,0,9983000,-6394201,3588799
2013/10/23,0,7514208,-5183000,2331208
2013/10/24,0,6949000,-4654000,2295000
2013/10/25,0,4928000,-2638000,2290000
2013/10/28,0,9197000,-6620500,2576500
2013/10/29,0,17697000,-26070224,-8373224
2013/10/30,0,5921000,-5062000,859000
2013/10/31,0,11636100,-14155193,-2519093
2013/11/01,0,5573000,-2676325,2896675
2013/11/04,0,5321000,-3202000,2119000
2013/11/05,0,2803000,-3288131,-485131
2013/11/06,0,4614000,-4887853,-273853
2013/11/07,0,7278000,-5886000,1392000
2013/11/08,0,9942000,-7951400,1990600
2013/11/11,0,1813000,-8250579,-6437579
2013/11/12,0,11151000,-14539400,-3388400
2013/11/13,0,3721655,-4216000,-494345
2013/11/14,0,8811000,-4512000,4299000
2013/11/15,0,5223000,-6225795,-1002795
2013/11/18,0,9445650,-4852427,4593223
2013/11/19,0,11268427,-2834000,8434427
2013/11/20,0,10110025,-5034270,5075755
2013/11/21,0,13041000,-9773000,3268000
2013/11/22,0,8988000,-7103000,1885000
2013/11/25,0,24229000,-7581183,16647817
2013/11/26,0,16025581,-21885787,-5860206
2013/11/27,0,10214655,-16543806,-6329151
2013/11/28,0,10738000,-9815794,922206
2013/11/29,0,7084000,-6791000,293000
2013/12/02,0,5306655,-4613000,693655
2013/12/03,0,8990913,-6897217,2093696
2013/12/04,0,3468000,-4449000,-981000
2013/12/05,0,2160000,-2611000,-451000
2013/12/06,0,4193000,-4180069,12931
2013/12/09,0,5205000,-3717715,1487285
2013/12/10,0,3215000,-3935000,-720000
2013/12/11,0,8614500,-7467000,1147500
2013/12/12,0,4465200,-12044984,-7579784
2013/12/13,0,9078344,-16483100,-7404756
2013/12/16,0,4414001,-3573794,840207
2013/12/17,0,11114350,-12057559,-943209
2013/12/18,0,6009000,-8930991,-2921991
2013/12/19,0,15291225,-30233636,-14942411
2013/12/20,0,6112000,-5052882,1059118
2013/12/23,0,3159000,-2378000,781000
2013/12/24,0,1159000,-1508000,-349000
2013/12/25,0,1132000,-2887000,-1755000
2013/12/26,0,564000,-121000,443000
2013/12/27,0,18678000,-1208000,17470000
2013/12/30,0,4403000,-2810010,1592990
2013/12/31,0,7167000,-864000,6303000
2014/01/02,0,5629000,-2381000,3248000
2014/01/03,0,3600000,-2415000,1185000
2014/01/06,0,10001245,-5170417,4830828
2014/01/07,0,10170000,-9385000,785000
2014/01/08,0,8917000,-8209862,707138
2014/01/09,0,23114000,-40346000,-17232000
2014/01/10,0,12172000,-23052000,-10880000
2014/01/13,0,4743000,-12190000,-7447000
2014/01/14,0,4897000,-13767300,-8870300
2014/01/15,0,56544000,-79434037,-22890037
2014/01/16,0,8495000,-25705795,-17210795
2014/01/17,0,25643805,-23774490,1869315
2014/01/20,0,16731000,-19494000,-2763000
2014/01/21,0,11713000,-12494039,-781039
2014/01/22,0,33491000,-30774302,2716698
2014/01/23,0,24102400,-19381081,4721319
2014/01/24,0,19115000,-18446000,669000
2014/01/27,0,21093000,-30344422,-9251422
2014/02/05,0,32450420,-51401673,-18951253
2014/02/06,0,7676000,-12875000,-5199000
2014/02/07,0,8528000,-10474250,-1946250
2014/02/10,0,4465000,-13539000,-9074000
2014/02/11,0,7942560,-10211280,-2268720
2014/02/12,0,19125000,-6894570,12230430
2014/02/13,0,5924000,-7493779,-1569779
2014/02/14,0,13747000,-2272367,11474633
2014/02/17,0,10334000,-396000,9938000
2014/02/18,0,14002000,-5756320,8245680
2014/02/19,0,9683000,-5217000,4466000
2014/02/20,0,11283000,-7315000,3968000
2014/02/21,0,15860000,-4989000,10871000
2014/02/24,0,16571000,-12159000,4412000
2014/02/25,0,14336824,-19008631,-4671807
2014/02/26,0,10382000,-15453402,-5071402
2014/02/27,0,11578532,-9852838,1725694
2014/03/03,0,13352050,-10109000,3243050
2014/03/04,0,2868000,-3105837,-237837
2014/03/05,0,3303000,-6586700,-3283700
2014/03/06,0,5063200,-12994985,-7931785
2014/03/07,0,4883000,-11608200,-6725200
2014/03/10,0,4018000,-11703730,-7685730
2014/03/11,0,2998000,-8950089,-5952089
2014/03/12,0,6055000,-5964000,91000
2014/03/13,0,2283000,-4904800,-2621800
2014/03/14,0,10049000,-19302158,-9253158
2014/03/17,0,1612000,-10603000,-8991000
2014/03/18,0,3777000,-12505945,-8728945
2014/03/19,0,5722000,-6687000,-965000
2014/03/20,0,4357001,-7681849,-3324848
2014/03/21,0,10420000,-5570950,4849050
2014/03/24,0,1428920,-4199000,-2770080
2014/03/25,0,972000,-6991573,-6019573
2014/03/26,0,1712000,-6319000,-4607000
2014/03/27,0,23920000,-8052950,15867050
2014/03/28,0,3000000,-4351700,-1351700
2014/03/31,0,6718272,-7667900,-949628
2014/04/01,0,2912000,-8347413,-5435413
2014/04/02,0,12279000,-17346000,-5067000
2014/04/03,0,12154715,-14409200,-2254485
2014/04/07,0,8763000,-9165200,-402200
2014/04/08,0,10892000,-9556000,1336000
2014/04/09,0,14165000,-6852050,7312950
2014/04/10,0,8598890,-5430940,3167950
2014/04/11,0,7134000,-3236800,3897200
2014/04/14,0,3416001,-2534000,882001
2014/04/15,0,8114000,-4473543,3640457
2014/04/16,0,14448000,-10259425,4188575
2014/04/17,0,8935000,-11210890,-2275890
2014/04/18,0,4973000,-3007000,1966000
2014/04/21,0,3440000,-1764000,1676000
2014/04/22,0,4556000,-3781000,775000
2014/04/23,0,6440000,-3368300,3071700
2014/04/24,0,9062000,-9811000,-749000
2014/04/25,0,20217000,-14953585,5263415
2014/04/28,0,6634000,-3639000,2995000
2014/04/29,0,6600000,-2519800,4080200
2014/04/30,0,8611000,-9768300,-1157300
2014/05/02,0,11792000,-6778631,5013369
2014/05/05,0,3429000,-5477706,-2048706
2014/05/06,0,14580000,-5740000,8840000
2014/05/07,0,3927000,-5412358,-1485358
2014/05/08,0,6446000,-5938655,507345
2014/05/09,0,6640555,-9378224,-2737669
2014/05/12,0,2391000,-3844300,-1453300
2014/05/13,0,9616000,-9127000,489000
2014/05/14,0,27308913,-5678000,21630913
2014/05/15,0,19694000,-6977100,12716900
2014/05/16,0,19560876,-6276310,13284566
2014/05/19,0,20688000,-15505549,5182451
2014/05/20,0,10056660,-4041083,6015577
2014/05/21,0,6214000,-7009625,-795625
2014/05/22,0,5126000,-3183139,1942861
2014/05/23,0,5523000,-5044393,478607
2014/05/26,0,7366075,-2694201,4671874
2014/05/27,0,2738000,-357000,2381000
2014/05/28,0,7899730,-2937231,4962499
2014/05/29,0,8497000,-2036074,6460926
2014/05/30,0,25857015,-16477103,9379912
2014/06/03,0,6117000,-8003000,-1886000
2014/06/04,0,1880000,-4535676,-2655676
2014/06/05,0,7524666,-4388900,3135766
2014/06/06,0,1814000,-2135000,-321000
2014/06/09,0,1658000,-1696069,-38069
2014/06/10,0,5306858,-2531100,2775758
2014/06/11,0,4407666,-2790674,1616992
2014/06/12,0,14307666,-12566299,1741367
2014/06/13,0,5705066,-6021455,-316389
2014/06/16,0,9628000,-6092225,3535775
2014/06/17,0,10381111,-9247666,1133445
2014/06/18,0,7074000,-5697000,1377000
2014/06/19,0,22173735,-19151197,3022538
2014/06/20,0,5109650,-10780823,-5671173
2014/06/23,0,3041000,-4857841,-1816841
2014/06/24,0,3216150,-5380822,-2164672
2014/06/25,0,2779445,-3648015,-868570
2014/06/26,0,3654557,-5747125,-2092568
2014/06/27,0,5043000,-3647722,1395278
2014/06/30,0,8407000,-11466159,-3059159
2014/07/01,0,2565000,-2737000,-172000
2014/07/02,0,6444000,-7824683,-1380683
2014/07/03,0,4506000,-6199563,-1693563
2014/07/04,0,873000,-3457000,-2584000
2014/07/07,0,8657001,-7727406,929595
2014/07/08,0,13891000,-12497112,1393888
2014/07/09,0,4315000,-5667964,-1352964
2014/07/10,0,11467286,-7800310,3666976
2014/07/11,0,14722000,-7303000,7419000
2014/07/14,0,13175000,-1456792,11718208
2014/07/15,0,14328512,-2432738,11895774
2014/07/16,0,10399000,-4429835,5969165
2014/07/17,0,16740058,-8234365,8505693
2014/07/18,0,7434546,-716595,6717951
2014/07/21,0,7202000,-4164716,3037284
2014/07/22,0,11396546,-4723130,6673416
2014/07/23,0,0,0,0
2014/07/24,0,5964066,-1278402,4685664
2014/07/25,0,12631000,-2623566,10007434
2014/07/28,0,10669008,-797008,9872000
2014/07/29,0,19850000,-3338758,16511242
2014/07/30,0,14161000,-7189298,6971702
2014/07/31,0,10833000,-10475866,357134
2014/08/01,0,8914813,-8914813,0
2014/08/04,0,3339000,-6262100,-2923100
2014/08/05,0,8568000,-10339053,-1771053
2014/08/06,0,15615000,-8905500,6709500
2014/08/07,0,4580935,-3559682,1021253
2014/08/08,0,11197000,-9614466,1582534
2014/08/11,0,4322000,-6666000,-2344000
2014/08/12,0,3863000,-5216421,-1353421
2014/08/13,0,8557000,-2586262,5970738
2014/08/14,0,4561000,-4642000,-81000
2014/08/15,0,5649000,-4579000,1070000
2014/08/18,0,4453000,-4152000,301000
2014/08/19,0,4781385,-2025000,2756385
2014/08/20,0,4046471,-6587000,-2540529
2014/08/21,0,7022000,-1836700,5185300
2014/08/22,0,32323119,-16184818,16138301
2014/08/25,0,7784000,-3509414,4274586
2014/08/26,0,11088249,-1108000,9980249
2014/08/27,0,10075820,-3514000,6561820
2014/08/28,0,9087000,-4105505,4981495
2014/08/29,0,10056000,-9292380,763620
2014/09/01,0,6160000,-6554000,-394000
2014/09/02,0,5465000,-2094000,3371000
2014/09/03,0,9529311,-1557000,7972311
2014/09/04,0,13349000,-1608000,11741000
2014/09/05,0,10864000,-8815000,2049000
2014/09/09,0,10222375,-3951000,6271375
2014/09/10,0,1667000,-4508467,-2841467
2014/09/11,0,7671344,-3364184,4307160
2014/09/12,0,2224490,-3153304,-928814
2014/09/15,0,5392000,-2239000,3153000
2014/09/16,0,3239000,-2827000,412000
2014/09/17,0,8764000,-8346000,418000
2014/09/18,0,2730206,-1382001,1348205
2014/09/19,0,2593000,-6987904,-4394904
2014/09/22,0,12884000,-11398514,1485486
2014/09/23,0,4081000,-2675859,1405141
2014/09/24,0,5216000,-6202661,-986661
2014/09/25,0,2226000,-4467466,-2241466
2014/09/26,0,2348140,-5550840,-3202700
2014/09/29,0,5717000,-15134347,-9417347
2014/09/30,0,11457000,-15580573,-4123573
2014/10/01,0,2967000,-10801471,-7834471
2014/10/02,0,8965000,-5886000,3079000
2014/10/03,0,4340000,-2266000,2074000
2014/10/06,0,5014901,-6187582,-1172681
2014/10/07,0,10197000,-5130243,5066757
2014/10/08,0,7099030,-5548067,1550963
2014/10/09,0,11732000,-13323456,-1591456
2014/10/13,0,5951000,-1892115,4058885
2014/10/14,0,7190000,-3792000,3398000
2014/10/15,0,4999666,-8205000,-3205334
2014/10/16,0,4301150,-3856589,444561
2014/10/17,0,7164000,-9604000,-2440000
2014/10/20,0,6002897,-2260121,3742776
2014/10/21,0,3367000,-2763645,603355
2014/10/22,0,5179172,-2023319,3155853
2014/10/23,0,1570192,-1417843,152349
2014/10/24,0,2429000,-2166097,262903
2014/10/27,0,3399000,-1965662,1433338
2014/10/28,0,7805175,-1364962,6440213
2014/10/29,0,6081010,-699000,5382010
2014/10/30,0,4834000,-2448697,2385303
2014/10/31,0,5832555,-1665000,4167555
2014/11/03,0,2558000,-849135,1708865
2014/11/04,0,3844000,-1659172,2184828
2014/11/05,0,5476000,-1326000,4150000
2014/11/06,0,4411000,-1534000,2877000
2014/11/07,0,8450000,-2371636,6078364
2014/11/10,0,7740806,-2017861,5722945
2014/11/11,0,2203000,-268000,1935000
2014/11/12,0,4462000,-2988403,1473597
2014/11/13,0,3085426,-1201000,1884426
2014/11/14,0,3858000,-2368000,1490000
2014/11/17,0,5160889,-2867000,2293889
2014/11/18,0,6859731,-4051667,2808064
2014/11/19,0,9250527,-5936000,3314527
2014/11/20,0,4033000,-2730555,1302445
2014/11/21,0,5936000,-3008000,2928000
2014/11/24,0,5269000,-1786986,3482014
2014/11/25,0,9061000,-6825897,2235103
2014/11/26,0,3415000,-1667242,1747758
2014/11/27,0,6666000,-3147000,3519000
2014/11/28,0,5854000,-5162140,691860
2014/12/01,0,8463113,-9230771,-767658
2014/12/02,0,7382000,-7928209,-546209
2014/12/03,0,5812000,-6663690,-851690
2014/12/04,0,7189000,-8793363,-1604363
2014/12/05,0,2112000,-984000,1128000
2014/12/08,0,2574000,-1283203,1290797
2014/12/09,0,3647000,-3034000,613000
2014/12/10,0,5657000,-9260628,-3603628
2014/12/11,0,3935616,-4436681,-501065
2014/12/12,0,3780531,-4347098,-566567
2014/12/15,0,4881375,-7109152,-2227777
2014/12/16,0,4121477,-4933137,-811660
2014/12/17,0,9391000,-11197213,-1806213
2014/12/18,0,9103000,-10871111,-1768111
2014/12/19,0,4467000,-4787954,-320954
2014/12/22,0,6920000,-2246771,4673229
2014/12/23,0,5846000,-6973758,-1127758
2014/12/24,0,4374000,-1594878,2779122
2014/12/25,0,1266000,-209000,1057000
2014/12/26,0,1988000,-292000,1696000
2014/12/29,0,7027000,-4284000,2743000
2014/12/30,0,3643629,-3372839,270790
2014/12/31,0,3913000,-2343495,1569505
2015/01/01,0,0,0,0
2015/01/02,0,0,0,0
2015/01/05,0,3847000,-5539675,-1692675
2015/01/06,0,6319000,-8186900,-1867900
2015/01/07,0,6288000,-8390000,-2102000
2015/01/08,0,7180000,-4239551,2940449
2015/01/09,0,3313000,-1833700,1479300
2015/01/12,0,2226000,-1723477,502523
2015/01/13,0,4703000,-2545005,2157995
2015/01/14,0,8110000,-5788129,2321871
2015/01/15,0,6681000,-7616500,-935500
2015/01/16,0,19543567,-28470271,-8926704
2015/01/19,0,3551000,-7933000,-4382000
2015/01/20,0,4202000,-7959551,-3757551
2015/01/21,0,6375000,-6461354,-86354
2015/01/22,0,7712000,-10984632,-3272632
2015/01/23,0,7823000,-8962539,-1139539
2015/01/26,0,11961000,-14862801,-2901801
2015/01/27,0,6936000,-4336696,2599304
2015/01/28,0,5659000,-3018125,2640875
2015/01/29,0,4827000,-5395635,-568635
2015/01/30,0,11220000,-5279496,5940504
2015/02/02,0,4908000,-4021529,886471
2015/02/03,0,6382000,-2043000,4339000
2015/02/04,0,11587000,-5941000,5646000
2015/02/05,0,2351000,-1967000,384000
2015/02/06,0,5220631,-5920575,-699944
2015/02/09,0,4081000,-3474700,606300
2015/02/10,0,6025000,-1916185,4108815
2015/02/11,0,4941912,-2143916,2797996
2015/02/12,0,7940150,-6447923,1492227
2015/02/13,0,11474000,-4282924,7191076
2015/02/16,0,0,0,0
2015/02/17,0,0,0,0
2015/02/18,0,0,0,0
2015/02/19,0,0,0,0
2015/02/20,0,0,0,0
2015/02/23,0,0,0,0
2015/02/24,0,8612225,-5912620,2699605
2015/02/25,0,14408000,-8921452,5486548
2015/02/26,0,17898858,-13232838,4666020
2015/02/27,0,0,0,0
2015/03/02,0,6654800,-5664362,990438
2015/03/03,0,10713715,-17866370,-7152655
2015/03/04,0,13773000,-10983000,2790000
2015/03/05,0,6665000,-11621000,-4956000
2015/03/06,0,6219000,-7812333,-1593333
2015/03/09,0,1431000,-10702000,-9271000
2015/03/10,0,5554661,-14769522,-9214861
2015/03/11,0,9430229,-16473818,-7043589
2015/03/12,0,10786000,-10703951,82049
2015/03/13,0,12357601,-7489739,4867862
2015/03/16,0,23898000,-16780421,7117579
2015/03/17,0,17737000,-39888000,-22151000
2015/03/18,0,14843000,-21866296,-7023296
2015/03/19,0,22049000,-22440349,-391349
2015/03/20,0,16743999,-14307566,2436433
2015/03/23,0,35056000,-40074266,-5018266
2015/03/24,0,19449976,-26050901,-6600925
2015/03/25,0,16865097,-22715413,-5850316
2015/03/26,0,15000000,-22133223,-7133223
2015/03/27,0,9984441,-15716272,-5731831
2015/03/30,0,18466360,-18101607,364753
2015/03/31,0,11945646,-13896002,-1950356
2015/04/01,0,10220139,-5961913,4258226
2015/04/02,0,13864231,-12785273,1078958
2015/04/03,0,0,0,0
2015/04/06,0,0,0,0
2015/04/07,0,8890000,-3351000,5539000
2015/04/08,0,6112273,-7172089,-1059816
2015/04/09,0,8898000,-4965000,3933000
2015/04/10,0,8362625,-15020080,-6657455
2015/04/13,0,4315000,-11655498,-7340498
2015/04/14,0,5173200,-11091000,-5917800
2015/04/15,0,19558725,-31330000,-11771275
2015/04/16,0,15238575,-25823418,-10584843
2015/04/17,0,9400828,-6157000,3243828
2015/04/20,0,32844903,-32143011,701892
2015/04/21,0,3249707,-5490000,-2240293
2015/04/22,0,7665475,-5261000,2404475
2015/04/23,0,21770000,-11950415,9819585
2015/04/24,0,71553342,-19622860,51930482
2015/04/27,0,48279000,-9925250,38353750
2015/04/28,0,30908000,-11291814,19616186
2015/04/29,0,22425000,-11088000,11337000
2015/04/30,0,31190000,-17834585,13355415
2015/05/01,0,0,0,0
2015/05/04,0,17040492,-11974675,5065817
2015/05/05,0,13936000,-12073000,1863000
2015/05/06,0,9294272,-8560150,734122
2015/05/07,0,12954000,-6454426,6499574
2015/05/08,0,4382976,-3416000,966976
2015/05/11,0,5353159,-5104000,249159
2015/05/12,0,8026000,-9335956,-1309956
2015/05/13,0,6658000,-6984179,-326179
2015/05/14,0,5050357,-8627000,-3576643
2015/05/15,0,2756000,-5445653,-2689653
2015/05/18,0,3440876,-5690000,-2249124
2015/05/19,0,5887976,-5284000,603976
2015/05/20,0,8261000,-11937000,-3676000
2015/05/21,0,10875200,-11432500,-557300
2015/05/22,0,8056000,-2828000,5228000
2015/05/25,0,3372000,-5990000,-2618000
2015/05/26,0,8729000,-3691000,5038000
2015/05/27,0,15996552,-8600528,7396024
2015/05/28,0,20778275,-18308464,2469811
2015/05/29,0,11445386,-11755798,-310412
2015/06/01,0,5332500,-7006857,-1674357
2015/06/02,0,9945244,-9713000,232244
2015/06/03,0,8049000,-5986000,2063000
2015/06/04,0,11525230,-8829465,2695765
2015/06/05,0,7638342,-10960534,-3322192
2015/06/08,0,5209000,-8417000,-3208000
2015/06/09,0,8078000,-4135882,3942118
2015/06/10,0,4466000,-5207000,-741000
2015/06/11,0,6129000,-9090000,-2961000
2015/06/12,0,15682000,-12144000,3538000
2015/06/15,0,7821000,-10888000,-3067000
2015/06/16,0,4450000,-7031261,-2581261
2015/06/17,0,5576000,-10444516,-4868516
2015/06/18,0,7958200,-11941468,-3983268
2015/06/19,0,0,0,0
2015/06/22,0,6172790,-4652775,1520015
2015/06/23,0,4017624,-6457357,-2439733
2015/06/24,0,4235812,-3013063,1222749
2015/06/25,0,13053483,-5034497,8018986
2015/06/26,0,10046000,-6849000,3197000
2015/06/29,0,4027000,-3260149,766851
2015/06/30,0,13885535,-18350178,-4464643
2015/07/01,0,3206000,-4632879,-1426879
2015/07/02,0,6586638,-9262056,-2675418
2015/07/03,0,10191000,-9603342,587658
2015/07/06,0,7664417,-11587000,-3922583
2015/07/07,0,13462000,-7622772,5839228
2015/07/08,0,15366276,-20713267,-5346991
2015/07/09,0,6395000,-15493000,-9098000
2015/07/10,0,0,0,0
2015/07/13,0,4229838,-5830006,-1600168
2015/07/14,0,14256000,-5123462,9132538
2015/07/15,0,7389000,-3844222,3544778
2015/07/16,0,15185000,-4038000,11147000
2015/07/17,0,2122000,-7490000,-5368000
2015/07/20,0,4581945,-4747725,-165780
2015/07/21,0,1950000,-8055150,-6105150
2015/07/22,0,5956000,-6198685,-242685
2015/07/23,0,3838000,-8609000,-4771000
2015/07/24,0,12502832,-13954000,-1451168
2015/07/27,0,5220000,-9257000,-4037000
2015/07/28,0,5221000,-13125715,-7904715
2015/07/29,0,12749754,-16924655,-4174901
2015/07/30,0,13817385,-13196876,620509
2015/07/31,0,19506966,-19717305,-210339
2015/08/03,0,25174120,-5014000,20160120
2015/08/04,0,13094868,-9634720,3460148
2015/08/05,0,18678582,-4631449,14047133
2015/08/06,0,13460000,-7656680,5803320
2015/08/07,0,8173000,-8322000,-149000
2015/08/10,0,2370974,-3444902,-1073928
2015/08/11,0,7465000,-12836014,-5371014
2015/08/12,0,16681945,-24847275,-8165330
2015/08/13,0,19982000,-28972666,-8990666
2015/08/14,0,20888000,-18309000,2579000
2015/08/17,0,6304578,-7463000,-1158422
2015/08/18,0,9707000,-10938660,-1231660
2015/08/19,0,4437029,-12487591,-8050562
2015/08/20,0,17064000,-15150725,1913275
2015/08/21,0,17675000,-12453954,5221046
2015/08/24,0,20715000,-30074068,-9359068
2015/08/25,0,20365000,-13813505,6551495
2015/08/26,0,20604000,-11985684,8618316
2015/08/27,0,14740000,-13802000,938000
2015/08/28,0,13374000,-8123325,5250675
2015/08/31,0,25988009,-29279720,-3291711
2015/09/01,0,15566618,-9424489,6142129
2015/09/02,0,15305027,-13429438,1875589
2015/09/03,0,5389000,-5885058,-496058
2015/09/04,0,9383921,-11056649,-1672728
2015/09/07,0,4088000,-4671000,-583000
2015/09/08,0,4552000,-9584600,-5032600
2015/09/09,0,19231093,-8428157,10802936
2015/09/10,0,14328238,-3126019,11202219
2015/09/11,0,4192000,-4121782,70218
2015/09/14,0,9600000,-9646000,-46000
2015/09/15,0,9620262,-9389590,230672
2015/09/16,0,9038823,-8707957,330866
2015/09/17,0,13061000,-13601000,-540000
2015/09/18,0,20522044,-18424096,2097948
2015/09/21,0,8756000,-29334020,-20578020
2015/09/22,0,12982085,-8245322,4736763
2015/09/23,0,8432271,-12736790,-4304519
2015/09/24,0,8270000,-16647668,-8377668
2015/09/25,0,4176088,-15894381,-11718293
2015/09/28,0,0,0,0
2015/09/29,0,0,0,0
2015/09/30,0,38801000,-25158922,13642078
2015/10/01,0,18575628,-16953000,1622628
2015/10/02,0,14624000,-6045879,8578121
2015/10/05,0,12704190,-6249598,6454592
2015/10/06,0,18880000,-6766282,12113718
2015/10/07,0,10708000,-11354954,-646954
2015/10/08,0,11538763,-10447047,1091716
2015/10/09,0,0,0,0
2015/10/12,0,17576502,-13769086,3807416
2015/10/13,0,12660480,-26160285,-13499805
2015/10/14,0,8217000,-3854535,4362465
2015/10/15,0,11908000,-11209172,698828
2015/10/16,0,4669000,-6003901,-1334901
2015/10/19,0,8529000,-2121072,6407928
2015/10/20,0,10282000,-4679000,5603000
2015/10/21,0,10236000,-3470000,6766000
2015/10/22,0,2875014,-3284157,-409143
2015/10/23,0,10671001,-5165000,5506001
2015/10/26,0,7388312,-1424629,5963683
2015/10/27,0,9231000,-3593610,5637390
2015/10/28,0,3210000,-7727455,-4517455
2015/10/29,0,6049000,-12172494,-6123494
2015/10/30,0,5955000,-9177600,-3222600
2015/11/02,0,4436000,-3755000,681000
2015/11/03,0,10613000,-7130180,3482820
2015/11/04,0,14878491,-2383693,12494798
2015/11/05,0,9353000,-4548440,4804560
2015/11/06,0,9010000,-13900111,-4890111
2015/11/09,0,6301346,-6466000,-164654
2015/11/10,0,2607280,-11706022,-9098742
2015/11/11,0,4454104,-6789156,-2335052
2015/11/12,0,4739231,-3418278,1320953
2015/11/13,0,14156000,-8757384,5398616
2015/11/16,0,7001000,-12123865,-5122865
2015/11/17,0,3098000,-3293565,-195565
2015/11/18,0,9883742,-10797000,-913258
2015/11/19,0,3777000,-7175000,-3398000
2015/11/20,0,2061000,-3358000,-1297000
2015/11/23,0,3582717,-2817150,765567
2015/11/24,0,2405000,-3288425,-883425
2015/11/25,0,5446708,-3833916,1612792
2015/11/26,0,7240000,-3922708,3317292
2015/11/27,0,12963243,-9896337,3066906
2015/11/30,0,21398126,-28636661,-7238535
2015/12/01,0,15743000,-5535114,10207886
2015/12/02,0,8403105,-3961259,4441846
2015/12/03,0,12210102,-4507621,7702481
2015/12/04,0,6049482,-13703411,-7653929
2015/12/07,0,13913000,-9584182,4328818
2015/12/08,0,6520000,-16207015,-9687015
2015/12/09,0,13413000,-21598953,-8185953
2015/12/10,0,7481000,-15088001,-7607001
2015/12/11,0,10639896,-19406431,-8766535
2015/12/14,0,7693000,-18463166,-10770166
2015/12/15,0,6924000,-11759089,-4835089
2015/12/16,0,11591343,-15991000,-4399657
2015/12/17,0,14793000,-13147241,1645759
2015/12/18,0,6701558,-11418134,-4716576
2015/12/21,0,5727347,-14774233,-9046886
2015/12/22,0,10284606,-9859905,424701
2015/12/23,0,4419343,-4513285,-93942
2015/12/24,0,2288000,-4620000,-2332000
2015/12/25,0,2881000,-1752000,1129000
2015/12/28,0,5155000,-1661000,3494000
2015/12/29,0,2205000,-4431873,-2226873
2015/12/30,0,2858318,-7378776,-4520458
2015/12/31,0,4499000,-4907000,-408000
2016/01/01,0,0,0,0
2016/01/04,0,5654760,-18412839,-12758079
2016/01/05,0,13310685,-13600907,-290222
2016/01/06,0,15932100,-14315000,1617100
2016/01/07,0,9572238,-19430968,-9858730
2016/01/08,0,10469000,-22802603,-12333603
2016/01/11,0,17422686,-33216510,-15793824
2016/01/12,0,20755000,-27965945,-7210945
2016/01/13,0,17302578,-31112423,-13809845
2016/01/14,0,7527012,-18074000,-10546988
2016/01/15,0,10990000,-20341371,-9351371
2016/01/18,0,7900669,-19646368,-11745699
2016/01/19,0,7525000,-8755931,-1230931
2016/01/20,0,13964401,-28029000,-14064599
2016/01/21,0,13267000,-19237000,-5970000
2016/01/22,0,17852000,-21027232,-3175232
2016/01/25,0,18764000,-13592150,5171850
2016/01/26,0,11390763,-17766000,-6375237
2016/01/27,0,14310000,-15808367,-1498367
2016/01/28,0,22137000,-31265034,-9128034
2016/01/29,0,24069161,-20935203,3133958
2016/02/01,0,12084343,-28346727,-16262384
2016/02/02,0,14341000,-25322961,-10981961
2016/02/03,0,4914000,-17663284,-12749284
2016/02/04,0,0,0,0
2016/02/05,0,0,0,0
2016/02/08,0,0,0,0
2016/02/09,0,0,0,0
2016/02/10,0,0,0,0
2016/02/11,0,0,0,0
2016/02/12,0,0,0,0
2016/02/15,0,11091638,-17062019,-5970381
2016/02/16,0,13186000,-28743548,-15557548
2016/02/17,0,7883024,-16619000,-8735976
2016/02/18,0,22196737,-18148135,4048602
2016/02/19,0,9329058,-3782821,5546237
2016/02/22,0,6032000,-9194906,-3162906
2016/02/23,0,6917180,-14813527,-7896347
2016/02/24,0,4522000,-6495657,-1973657
2016/02/25,0,8485492,-27309954,-18824462
2016/02/26,0,13740254,-21912720,-8172466
2016/02/29,0,0,0,0
2016/03/01,0,9652597,-20495713,-10843116
2016/03/02,0,6662693,-5777195,885498
2016/03/03,0,13386202,-4842795,8543407
2016/03/04,0,18337182,-7395000,10942182
2016/03/07,0,13071193,-7356224,5714969
2016/03/08,0,17836000,-18561941,-725941
2016/03/09,0,13745500,-14912694,-1167194
2016/03/10,0,3722900,-8104345,-4381445
2016/03/11,0,9925000,-4747694,5177306
2016/03/14,0,10387000,-9081851,1305149
2016/03/15,0,10352000,-5461118,4890882
2016/03/16,0,6279000,-3468726,2810274
2016/03/17,0,13257032,-9100357,4156675
2016/03/18,0,16202058,-16177800,24258
2016/03/21,0,5942031,-23303000,-17360969
2016/03/22,0,11151459,-19542059,-8390600
2016/03/23,0,8768000,-15057000,-6289000
2016/03/24,0,12649500,-8549910,4099590
2016/03/25,0,4361000,-4876000,-515000
2016/03/28,0,4504000,-5064752,-560752
2016/03/29,0,4154000,-11722154,-7568154
2016/03/30,0,11276000,-12346418,-1070418
2016/03/31,0,10819000,-15762686,-4943686
2016/04/01,0,4168434,-8585002,-4416568
2016/04/04,0,0,0,0
2016/04/05,0,0,0,0
2016/04/06,0,15094043,-26597169,-11503126
2016/04/07,0,3307169,-11228674,-7921505
2016/04/08,0,5115000,-10111000,-4996000
2016/04/11,0,3383000,-5599780,-2216780
2016/04/12,0,6103133,-13958109,-7854976
2016/04/13,0,10451000,-6968170,3482830
2016/04/14,0,8212000,-8713026,-501026
2016/04/15,0,7305959,-7493000,-187041
2016/04/18,0,3620000,-3113056,506944
2016/04/19,0,6880000,-11654298,-4774298
2016/04/20,0,7673794,-11753977,-4080183
2016/04/21,0,6189622,-15192048,-9002426
2016/04/22,0,5501616,-6887017,-1385401
2016/04/25,0,3251000,-1103970,2147030
2016/04/26,0,6925834,-5288002,1637832
2016/04/27,0,11284000,-8480000,2804000
2016/04/28,0,7337378,-12544076,-5206698
2016/04/29,0,10208200,-15182160,-4973960
2016/05/02,0,0,0,0
2016/05/03,0,14802000,-20789870,-5987870
2016/05/04,0,5065000,-15267755,-10202755
2016/05/05,0,5208000,-25680394,-20472394
2016/05/06,0,8255832,-46178000,-37922168
2016/05/09,0,9988350,-17565800,-7577450
2016/05/10,0,10244516,-18317819,-8073303
2016/05/11,0,15390000,-33162270,-17772270
2016/05/12,0,14101000,-17740000,-3639000
2016/05/13,0,11125350,-21390127,-10264777
2016/05/16,0,14908100,-10801000,4107100
2016/05/17,0,20367000,-12010824,8356176
2016/05/18,0,20090597,-24990780,-4900183
2016/05/19,0,16470000,-22893625,-6423625
2016/05/20,0,11097980,-14265843,-3167863
2016/05/23,0,31244218,-25728947,5515271
2016/05/24,0,5932516,-16784785,-10852269
2016/05/25,0,16738516,-13033308,3705208
2016/05/26,0,3729000,-5922719,-2193719
2016/05/27,0,10226000,-15020077,-4794077
2016/05/30,0,16685000,-10272601,6412399
2016/05/31,0,14168000,-11979218,2188782
2016/06/01,0,6617802,-6524918,92884
2016/06/02,0,11561884,-3746000,7815884
2016/06/03,0,11993000,-2036596,9956404
2016/06/06,0,7755000,-7523905,231095
2016/06/07,0,11947000,-7924000,4023000
2016/06/08,0,21576300,-10270000,11306300
2016/06/09,0,0,0,0
2016/06/10,0,0,0,0
2016/06/13,0,20071000,-20816891,-745891
2016/06/14,0,9095125,-5050000,4045125
2016/06/15,0,9916000,-8687130,1228870
2016/06/16,0,12286000,-16103000,-3817000
2016/06/17,0,14343825,-8841000,5502825
2016/06/20,0,10020000,-4923000,5097000
2016/06/21,0,9661410,-7991000,1670410
2016/06/22,0,12707152,-4849273,7857879
2016/06/23,0,9792698,-7736000,2056698
2016/06/24,0,21360147,-14144663,7215484
2016/06/27,0,11068000,-14015000,-2947000
2016/06/28,0,5348000,-11384244,-6036244
2016/06/29,0,5213600,-5905000,-691400
2016/06/30,0,10028000,-2883879,7144121
2016/07/01,0,6952000,-3285530,3666470
2016/07/04,0,7332000,-3854000,3478000
2016/07/05,0,2096000,-2135000,-39000
2016/07/06,0,2068229,-16980000,-14911771
2016/07/07,0,8229000,-25480937,-17251937
2016/07/08,0,0,0,0
2016/07/11,0,17115471,-13829985,3285486
2016/07/12,0,11141525,-7330735,3810790
2016/07/13,0,15063298,-11173776,3889522
2016/07/14,0,14608880,-16216000,-1607120
2016/07/15,0,16486704,-11013294,5473410
2016/07/18,0,13841300,-12089355,1751945
2016/07/19,0,14957000,-10776000,4181000
2016/07/20,0,17128000,-16041029,1086971
2016/07/21,0,16173328,-14662897,1510431
2016/07/22,0,9635000,-12766817,-3131817
2016/07/25,0,10858000,-10008000,850000
2016/07/26,0,12768000,-6967000,5801000
2016/07/27,0,10454000,-9701000,753000
2016/07/28,0,13338100,-18314369,-4976269
2016/07/29,0,3279500,-17826634,-14547134
2016/08/01,0,7845896,-7117000,728896
2016/08/02,0,3358206,-8002092,-4643886
2016/08/03,0,4218010,-5774000,-1555990
2016/08/04,0,8186000,-7699979,486021
2016/08/05,0,10122308,-3525000,6597308
2016/08/08,0,4190313,-3847000,343313
2016/08/09,0,10080000,-4473537,5606463
2016/08/10,0,4608000,-5088645,-480645
2016/08/11,0,14522000,-6281000,8241000
2016/08/12,0,11883000,-8410000,3473000
2016/08/15,0,2873000,-2775000,98000
2016/08/16,0,8430000,-8726000,-296000
2016/08/17,0,4725811,-3637400,1088411
2016/08/18,0,6953287,-5471299,1481988
2016/08/19,0,3401439,-9994000,-6592561
2016/08/22,0,5024000,-6116000,-1092000
2016/08/23,0,4178000,-1704000,2474000
2016/08/24,0,2544000,-3413000,-869000
2016/08/25,0,3618000,-1290915,2327085
2016/08/26,0,7437053,-2075000,5362053
2016/08/29,0,7131598,-7744400,-612802
2016/08/30,0,5514863,-9184000,-3669137
2016/08/31,0,13641834,-23475391,-9833557
2016/09/01,0,7893000,-8259792,-366792
2016/09/02,0,4926044,-6558006,-1631962
2016/09/05,0,7025000,-3274635,3750365
2016/09/06,0,10078327,-6982100,3096227
2016/09/07,0,10109367,-1938873,8170494
2016/09/08,0,7708000,-8960233,-1252233
2016/09/09,0,5189100,-4475000,714100
2016/09/12,0,4852935,-9877936,-5025001
2016/09/13,0,4542476,-19518453,-14975977
2016/09/14,0,5024560,-13759437,-8734877
2016/09/15,0,0,0,0
2016/09/16,0,0,0,0
2016/09/19,0,15437000,-11367500,4069500
2016/09/20,0,3847600,-7572326,-3724726
2016/09/21,0,5670000,-8855775,-3185775
2016/09/22,0,7066805,-10400000,-3333195
2016/09/23,0,9608700,-3753102,5855598
2016/09/26,0,5281000,-9446891,-4165891
2016/09/27,0,0,0,0
2016/09/28,0,0,0,0
2016/09/29,0,15214492,-6878259,8336233
2016/09/30,0,7980840,-10946703,-2965863
2016/10/03,0,10601484,-4011608,6589876
2016/10/04,0,6286336,-4547078,1739258
2016/10/05,0,5643000,-2714898,2928102
2016/10/06,0,3930914,-2880321,1050593
2016/10/07,0,5107849,-2125000,2982849
2016/10/10,0,0,0,0
2016/10/11,0,6636757,-7624467,-987710
2016/10/12,0,3804626,-1926006,1878620
2016/10/13,0,8190980,-10864400,-2673420
2016/10/14,0,9876000,-6111465,3764535
2016/10/17,0,8618000,-15822489,-7204489
2016/10/18,0,12237746,-5530000,6707746
2016/10/19,0,11016613,-4887600,6129013
2016/10/20,0,4000000,-2623339,1376661
2016/10/21,0,1219518,-1737486,-517968
2016/10/24,0,2206000,-3567351,-1361351
2016/10/25,0,2893723,-2040394,853329
2016/10/26,0,2187623,-5116499,-2928876
2016/10/27,0,4120014,-10740052,-6620038
2016/10/28,0,10818000,-9443269,1374731
2016/10/31,0,5480168,-6332000,-851832
2016/11/01,0,5662000,-5076000,586000
2016/11/02,0,5499228,-6033734,-534506
2016/11/03,0,4210254,-5882000,-1671746
2016/11/04,0,2716000,-8188000,-5472000
2016/11/07,0,4195000,-6091536,-1896536
2016/11/08,0,7765688,-3187000,4578688
2016/11/09,0,6820000,-14932708,-8112708
2016/11/10,0,4854200,-5157000,-302800
2016/11/11,0,18214000,-28037201,-9823201
2016/11/14,0,19368000,-19235739,132261
2016/11/15,0,20501000,-11426372,9074628
2016/11/16,0,35427765,-17493436,17934329
2016/11/17,0,15234713,-14179700,1055013
2016/11/18,0,16858000,-12074832,4783168
2016/11/21,0,5616400,-2461202,3155198
2016/11/22,0,6865189,-2390118,4475071
2016/11/23,0,6226000,-3688646,2537354
2016/11/24,0,4197000,-7938009,-3741009
2016/11/25,0,6210000,-4760909,1449091
2016/11/28,0,6923000,-1621188,5301812
2016/11/29,0,9655000,-15201756,-5546756
2016/11/30,0,25399132,-27750199,-2351067
2016/12/01,0,6281340,-7312854,-1031514
2016/12/02,0,4987400,-7671824,-2684424
2016/12/05,0,1516200,-7638927,-6122727
2016/12/06,0,5860000,-7259655,-1399655
2016/12/07,0,3923000,-4352536,-429536
2016/12/08,0,27908000,-11730236,16177764
2016/12/09,0,9992580,-5558796,4433784
2016/12/12,0,11515046,-4067000,7448046
2016/12/13,0,3505646,-5146885,-1641239
2016/12/14,0,2499560,-11618386,-9118826
2016/12/15,0,11453000,-11462000,-9000
2016/12/16,0,9327000,-9784737,-457737
2016/12/19,0,2606309,-7651479,-5045170
2016/12/20,0,4317192,-5099409,-782217
2016/12/21,0,8812000,-8529002,282998
2016/12/22,0,2180100,-4715000,-2534900
2016/12/23,0,1377000,-6250000,-4873000
2016/12/26,0,650000,-1055000,-405000
2016/12/27,0,589000,-2582000,-1993000
2016/12/28,0,2103000,-2463000,-360000
2016/12/29,0,5103002,-9294000,-4190998
2016/12/30,0,7511000,-4409100,3101900
2017/01/02,0,0,0,0
2017/01/03,0,2419000,-2163000,256000
2017/01/04,0,5785000,-4480326,1304674
2017/01/05,0,9377803,-8031590,1346213
2017/01/06,0,5907000,-4192590,1714410
2017/01/09,0,4798258,-6265000,-1466742
2017/01/10,0,6114000,-8981900,-2867900
2017/01/11,0,16114560,-16410556,-295996
2017/01/12,0,10702000,-5786508,4915492
2017/01/13,0,7222820,-5647149,1575671
2017/01/16,0,1696000,-5347400,-3651400
2017/01/17,0,5886275,-21467013,-15580738
2017/01/18,0,8119000,-5446339,2672661
2017/01/19,0,5358762,-9599158,-4240396
2017/01/20,0,8177052,-25984572,-17807520
2017/01/23,0,8043000,-4145189,3897811
2017/01/24,0,7337932,-7484755,-146823
2017/01/25,0,0,0,0
2017/01/26,0,0,0,0
2017/01/27,0,0,0,0
2017/01/30,0,0,0,0
2017/01/31,0,0,0,0
2017/02/01,0,0,0,0
2017/02/02,0,18373831,-26756954,-8383123
2017/02/03,0,6892000,-13419182,-6527182
2017/02/06,0,4802266,-4250067,552199
2017/02/07,0,5510781,-11321841,-5811060
2017/02/08,0,3907844,-10488838,-6580994
2017/02/09,0,6606700,-11785780,-5179080
2017/02/10,0,10430000,-5114211,5315789
2017/02/13,0,11838480,-10276443,1562037
2017/02/14,0,9128000,-8408121,719879
2017/02/15,0,13545000,-45724000,-32179000
2017/02/16,0,11435600,-26521800,-15086200
2017/02/17,0,5614700,-22022000,-16407300
2017/02/20,0,2671223,-7809000,-5137777
2017/02/21,0,7992000,-14451494,-6459494
2017/02/22,0,25016600,-29501075,-4484475
2017/02/23,0,13803000,-25230426,-11427426
2017/02/24,0,8180000,-12493839,-4313839
2017/02/27,0,0,0,0
2017/02/28,0,0,0,0
2017/03/01,0,12571377,-18618053,-6046676
2017/03/02,0,9592056,-98205482,-88613426
2017/03/03,0,7722800,-81844124,-74121324
2017/03/06,0,15868261,-54573514,-38705253
2017/03/07,0,4465785,-11172564,-6706779
2017/03/08,0,3614000,-12296860,-8682860
2017/03/09,0,9802000,-25357746,-15555746
2017/03/10,0,18040668,-33139600,-15098932
2017/03/13,0,11403721,-26553539,-15149818
2017/03/14,0,6122780,-73633420,-67510640
2017/03/15,0,14180000,-30215860,-16035860
2017/03/16,0,19897700,-38752900,-18855200
2017/03/17,0,31587515,-41829443,-10241928
2017/03/20,0,13628000,-30351937,-16723937
2017/03/21,0,9462352,-9885191,-422839
2017/03/22,0,14735000,-24792292,-10057292
2017/03/23,0,6886001,-15906023,-9020022
2017/03/24,0,6622947,-23008900,-16385953
2017/03/27,0,12852000,-42782047,-29930047
2017/03/28,0,10287000,-10785124,-498124
2017/03/29,0,8624542,-16080500,-7455958
2017/03/30,0,14780000,-18620461,-3840461
2017/03/31,0,46406400,-63146939,-16740539
2017/04/03,0,0,0,0
2017/04/04,0,0,0,0
2017/04/05,0,20500781,-24885727,-4384946
2017/04/06,0,24399000,-15377778,9021222
2017/04/07,0,21334874,-35402000,-14067126
2017/04/10,0,2383000,-2618098,-235098
2017/04/11,0,3030000,-5715800,-2685800
2017/04/12,0,4915676,-7961293,-3045617
2017/04/13,0,2650000,-4200784,-1550784
2017/04/14,0,1493000,-1415000,78000
2017/04/17,0,2573000,-5207000,-2634000
2017/04/18,0,1890800,-5590700,-3699900
2017/04/19,0,3031733,-10587480,-7555747
2017/04/20,0,8317000,-7801000,516000
2017/04/21,0,8553000,-7412450,1140550
2017/04/24,0,8803048,-16553600,-7750552
2017/04/25,0,19563185,-18283000,1280185
2017/04/26,0,11602142,-15388000,-3785858
2017/04/27,0,3288686,-2616804,671882
2017/04/28,0,3494230,-13782000,-10287770
2017/05/01,0,0,0,0
2017/05/02,0,13002552,-14346552,-1344000
2017/05/03,0,10991000,-9953336,1037664
2017/05/04,0,9149000,-14542617,-5393617
2017/05/05,0,8712764,-10241000,-1528236
2017/05/08,0,8171773,-6824353,1347420
2017/05/09,0,13671076,-21723830,-8052754
2017/05/10,0,13869844,-33285235,-19415391
2017/05/11,0,18758029,-21628171,-2870142
2017/05/12,0,9358509,-13870097,-4511588
2017/05/15,0,10663960,-21099048,-10435088
2017/05/16,0,17911000,-15670207,2240793
2017/05/17,0,11172859,-3087283,8085576
2017/05/18,0,12996924,-6371730,6625194
2017/05/19,0,4264077,-4634973,-370896
2017/05/22,0,4794165,-5356981,-562816
2017/05/23,0,7739763,-2124000,5615763
2017/05/24,0,7371962,-8452600,-1080638
2017/05/25,0,5541000,-8513043,-2972043
2017/05/26,0,0,0,0
2017/05/29,0,0,0,0
2017/05/30,0,0,0,0
2017/05/31,0,17022000,-22442522,-5420522
2017/06/01,0,11224492,-14364156,-3139664
2017/06/02,0,15681181,-16258670,-577489
2017/06/05,0,9973923,-9464382,509541
2017/06/06,0,5098415,-11028027,-5929612
2017/06/07,0,6574375,-14423409,-7849034
2017/06/08,0,8301202,-13230997,-4929795
2017/06/09,0,6976438,-18174396,-11197958
2017/06/12,0,8820520,-17271000,-8450480
2017/06/13,0,10503678,-15186207,-4682529
2017/06/14,0,12590147,-23574532,-10984385
2017/06/15,0,10767968,-9607810,1160158
2017/06/16,0,9537132,-16012852,-6475720
2017/06/19,0,7840252,-7005000,835252
2017/06/20,0,6997744,-10086964,-3089220
2017/06/21,0,7089684,-20812319,-13722635
2017/06/22,0,10218918,-34512526,-24293608
2017/06/23,0,7497720,-12315534,-4817814
2017/06/26,0,25660753,-20942500,4718253
2017/06/27,0,11060000,-8513000,2547000
2017/06/28,0,5862442,-10386553,-4524111
2017/06/29,0,9854846,-4774491,5080355
2017/06/30,0,10851182,-4900000,5951182
2017/07/03,0,10002000,-11502054,-1500054
2017/07/04,0,6619000,-8473727,-1854727
2017/07/05,0,13881822,-13547399,334423
2017/07/06,0,6299518,-16037000,-9737482
2017/07/07,0,2664808,-12706351,-10041543
2017/07/10,0,2796375,-9327190,-6530815
2017/07/11,0,5514508,-6440906,-926398
2017/07/12,0,3128000,-4937345,-1809345
2017/07/13,0,7868587,-11145843,-3277256
2017/07/14,0,3671311,-8819275,-5147964
2017/07/17,0,5599000,-6884000,-1285000
2017/07/18,0,11821166,-6463492,5357674
2017/07/19,0,6123804,-6858360,-734556
2017/07/20,0,7998091,-5622000,2376091
2017/07/21,0,6318194,-3990000,2328194
2017/07/24,0,4368544,-7693640,-3325096
2017/07/25,0,2374000,-2642092,-268092
2017/07/26,0,1152000,-2505716,-1353716
2017/07/27,0,5258000,-7484000,-2226000
2017/07/28,0,684000,-4146326,-3462326
2017/07/31,0,4018000,-10314156,-6296156
2017/08/01,0,14883566,-10714300,4169266
2017/08/02,0,6896495,-6668497,227998
2017/08/03,0,4821398,-8358229,-3536831
2017/08/04,0,15668000,-6706082,8961918
2017/08/07,0,3982152,-1391358,2590794
2017/08/08,0,5798001,-6242311,-444310
2017/08/09,0,10545465,-17166720,-6621255
2017/08/10,0,5699428,-17262703,-11563275
2017/08/11,0,3675000,-14146000,-10471000
2017/08/14,0,3714002,-12660918,-8946916
2017/08/15,0,6568001,-8096280,-1528279
2017/08/16,0,3791917,-11454171,-7662254
2017/08/17,0,9719000,-3226000,6493000
2017/08/18,0,3123074,-3103000,20074
