Date,Open,Buy,Sell,Total
2007/04/23,0,1317000,-73000,1244000
2007/04/24,0,301000,-22000,279000
2007/04/25,0,50000,-124000,-74000
2007/04/26,0,600000,-1000,599000
2007/04/27,0,0,-90000,-90000
2007/04/30,0,0,-40000,-40000
2007/05/01,0,0,0,0
2007/05/02,0,0,-228000,-228000
2007/05/03,0,0,-231000,-231000
2007/05/04,0,873000,0,873000
2007/05/07,0,501000,-20000,481000
2007/05/08,0,100000,-100000,0
2007/05/09,0,0,-22000,-22000
2007/05/10,0,400000,-18000,382000
2007/05/11,0,1000,-219000,-218000
2007/05/14,0,0,-71000,-71000
2007/05/15,0,38000,-13000,25000
2007/05/16,0,0,-31000,-31000
2007/05/17,0,0,-36000,-36000
2007/05/18,0,0,-28000,-28000
2007/05/21,0,135000,0,135000
2007/05/22,0,9000,-17000,-8000
2007/05/23,0,3000,-53000,-50000
2007/05/24,0,6000,-46000,-40000
2007/05/25,0,21000,-37000,-16000
2007/05/28,0,0,-27000,-27000
2007/05/29,0,190000,-47000,143000
2007/05/30,0,86000,0,86000
2007/05/31,0,612000,0,612000
2007/06/01,0,63000,0,63000
2007/06/04,0,0,-1101000,-1101000
2007/06/05,0,385000,-1855000,-1470000
2007/06/06,0,92000,-4413000,-4321000
2007/06/07,0,1000000,-8827000,-7827000
2007/06/08,0,47000,-408000,-361000
2007/06/11,0,289000,-80000,209000
2007/06/12,0,213000,-102000,111000
2007/06/13,0,180000,-28000,152000
2007/06/14,0,200000,-769000,-569000
2007/06/15,0,5881000,0,5881000
2007/06/18,0,0,0,0
2007/06/19,0,0,0,0
2007/06/20,0,721000,-1995000,-1274000
2007/06/21,0,2056000,-3819000,-1763000
2007/06/22,0,843000,-2296000,-1453000
2007/06/25,0,3984000,-420000,3564000
2007/06/26,0,51000,-416000,-365000
2007/06/27,0,522000,-122000,400000
2007/06/28,0,305000,-900000,-595000
2007/06/29,0,709000,-1364000,-655000
2007/07/02,0,108000,-272000,-164000
2007/07/03,0,3157000,-213000,2944000
2007/07/04,0,924000,-118000,806000
2007/07/05,0,110000,-1976000,-1866000
2007/07/06,0,2606000,-323000,2283000
2007/07/09,0,5474000,-563000,4911000
2007/07/10,0,954000,-383000,571000
2007/07/11,0,1012000,-407828,604172
2007/07/12,0,1308000,-1043828,264172
2007/07/13,0,2097000,-78000,2019000
2007/07/16,0,2159000,-5754614,-3595614
2007/07/17,0,2942000,-1375000,1567000
2007/07/18,0,3012000,-1340000,1672000
2007/07/19,0,1573000,-3891828,-2318828
2007/07/20,0,1279000,-1027958,251042
2007/07/23,0,1740000,-1160000,580000
2007/07/24,0,280000,-4194000,-3914000
2007/07/25,0,1522000,-2694000,-1172000
2007/07/26,0,4100000,-1440000,2660000
2007/07/27,0,1462000,-2875000,-1413000
2007/07/30,0,822000,-1604000,-782000
2007/07/31,0,5743000,-3221000,2522000
2007/08/01,0,4778000,-1565000,3213000
2007/08/02,0,670000,-1495552,-825552
2007/08/03,0,3360000,-2411000,949000
2007/08/06,0,171000,-262000,-91000
2007/08/07,0,615000,-3037000,-2422000
2007/08/08,0,1047000,-1202000,-155000
2007/08/09,0,399000,-811062,-412062
2007/08/10,0,1075000,-3707000,-2632000
2007/08/13,0,1079000,-951000,128000
2007/08/14,0,1003000,-1132000,-129000
2007/08/15,0,1451000,-1490000,-39000
2007/08/16,0,2833000,-2203000,630000
2007/08/17,0,3528000,-1219000,2309000
2007/08/20,0,407000,-1567000,-1160000
2007/08/21,0,543000,-997000,-454000
2007/08/22,0,781000,-1269000,-488000
2007/08/23,0,1352000,-2473000,-1121000
2007/08/24,0,854000,-602000,252000
2007/08/27,0,750000,-1136000,-386000
2007/08/28,0,1888000,-648000,1240000
2007/08/29,0,1165000,-382000,783000
2007/08/30,0,605000,-1248000,-643000
2007/08/31,0,1696000,-33000,1663000
2007/09/03,0,629000,-274000,355000
2007/09/04,0,1007000,-1136000,-129000
2007/09/05,0,335000,-1035000,-700000
2007/09/06,0,2688000,-656000,2032000
2007/09/07,0,537000,-574000,-37000
2007/09/10,0,678000,-1132000,-454000
2007/09/11,0,536000,-480000,56000
2007/09/12,0,2336000,-1112000,1224000
2007/09/13,0,528000,-440000,88000
2007/09/14,0,1613000,-2529000,-916000
2007/09/17,0,384000,-745000,-361000
2007/09/18,0,0,0,0
2007/09/19,0,1419000,-2567000,-1148000
2007/09/20,0,3044000,-1573000,1471000
2007/09/21,0,5206000,-3811000,1395000
2007/09/24,0,0,0,0
2007/09/25,0,0,0,0
2007/09/26,0,1641000,-864000,777000
2007/09/27,0,2437000,-1273000,1164000
2007/09/28,0,1833000,-1304000,529000
2007/10/01,0,5333000,-2612000,2721000
2007/10/02,0,3758000,-6899000,-3141000
2007/10/03,0,5058000,-4610000,448000
2007/10/04,0,2802000,-4275000,-1473000
2007/10/05,0,1968000,-1120000,848000
2007/10/08,0,8563000,-5650000,2913000
2007/10/09,0,1020000,-4114000,-3094000
2007/10/10,0,0,0,0
2007/10/11,0,2803000,-5411000,-2608000
2007/10/12,0,1108000,-1437000,-329000
2007/10/15,0,2181000,-3750000,-1569000
2007/10/16,0,3286000,-324000,2962000
2007/10/17,0,4390000,-3224000,1166000
2007/10/18,0,1795000,-606000,1189000
2007/10/19,0,1020000,-621000,399000
2007/10/22,0,2503000,-3721000,-1218000
2007/10/23,0,1346000,-402000,944000
2007/10/24,0,917000,-1418000,-501000
2007/10/25,0,2398000,-2297000,101000
2007/10/26,0,1001000,-53000,948000
2007/10/29,0,5910000,-811000,5099000
2007/10/30,0,1874000,-435000,1439000
2007/10/31,0,2537000,-3770000,-1233000
2007/11/01,0,4398000,-5184000,-786000
2007/11/02,0,1089000,-1589000,-500000
2007/11/05,0,1810000,-5979000,-4169000
2007/11/06,0,542000,-1304000,-762000
2007/11/07,0,2659000,-1077000,1582000
2007/11/08,0,932000,-1828000,-896000
2007/11/09,0,2351000,-1797000,554000
2007/11/12,0,2203000,-684000,1519000
2007/11/13,0,1137000,-1082000,55000
2007/11/14,0,1435000,-71000,1364000
2007/11/15,0,1043000,-36000,1007000
2007/11/16,0,181000,-1241000,-1060000
2007/11/19,0,38000,0,38000
2007/11/20,0,2524000,-4191000,-1667000
2007/11/21,0,660000,-3516000,-2856000
2007/11/22,0,2141000,-1986000,155000
2007/11/23,0,1130000,-2080000,-950000
2007/11/26,0,1818000,-1395000,423000
2007/11/27,0,998000,-1014000,-16000
2007/11/28,0,387000,-202000,185000
2007/11/29,0,842000,-406000,436000
2007/11/30,0,860000,-576000,284000
2007/12/03,0,1290000,-982000,308000
2007/12/04,0,347000,-510000,-163000
2007/12/05,0,126000,-500000,-374000
2007/12/06,0,808000,-349000,459000
2007/12/07,0,1950000,-539000,1411000
2007/12/10,0,71000,-1921000,-1850000
2007/12/11,0,290000,-484000,-194000
2007/12/12,0,312000,-1249000,-937000
2007/12/13,0,140000,-2409000,-2269000
2007/12/14,0,1911000,-3896000,-1985000
2007/12/17,0,251000,-2006000,-1755000
2007/12/18,0,1446000,-688000,758000
2007/12/19,0,1418000,-192000,1226000
2007/12/20,0,1231000,-578000,653000
2007/12/21,0,1169000,-154000,1015000
2007/12/24,0,457000,-28000,429000
2007/12/25,0,901000,-250000,651000
2007/12/26,0,1060000,-131000,929000
2007/12/27,0,3721000,-724000,2997000
2007/12/28,0,2344000,-4569000,-2225000
2007/12/31,0,1044000,-1565000,-521000
2008/01/01,0,0,0,0
2008/01/02,0,42000,-1138000,-1096000
2008/01/03,0,1192000,-1577000,-385000
2008/01/04,0,2425000,-736000,1689000
2008/01/07,0,2131000,-2826000,-695000
2008/01/08,0,2228000,-688000,1540000
2008/01/09,0,1199000,-542000,657000
2008/01/10,0,649000,-406167,242833
2008/01/11,0,1103000,-427000,676000
2008/01/14,0,1233000,-4006000,-2773000
2008/01/15,0,3395000,-8212000,-4817000
2008/01/16,0,9530000,-13071000,-3541000
2008/01/17,0,3916000,-13814000,-9898000
2008/01/18,0,5428000,-8594780,-3166780
2008/01/21,0,1058000,-4357000,-3299000
2008/01/22,0,1187000,-1719000,-532000
2008/01/23,0,3379000,-7405000,-4026000
2008/01/24,0,3870000,-3154000,716000
2008/01/25,0,2944000,-5824000,-2880000
2008/01/28,0,3287000,-4365000,-1078000
2008/01/29,0,2514000,-3760000,-1246000
2008/01/30,0,1823000,-2898000,-1075000
2008/01/31,0,499000,-3175000,-2676000
2008/02/01,0,2407000,-12866000,-10459000
2008/02/04,0,0,0,0
2008/02/05,0,0,0,0
2008/02/06,0,0,0,0
2008/02/07,0,0,0,0
2008/02/08,0,0,0,0
2008/02/11,0,0,0,0
2008/02/12,0,530000,-541000,-11000
2008/02/13,0,1224000,-9999000,-8775000
2008/02/14,0,4007000,-10704000,-6697000
2008/02/15,0,2485000,-358000,2127000
2008/02/18,0,2245000,-3740000,-1495000
2008/02/19,0,1863000,-6191000,-4328000
2008/02/20,0,1240000,-2525000,-1285000
2008/02/21,0,5235000,-9029000,-3794000
2008/02/22,0,2539000,-1662000,877000
2008/02/25,0,3569000,-16336257,-12767257
2008/02/26,0,2159000,-15778000,-13619000
2008/02/27,0,1253000,-17233132,-15980132
2008/02/28,0,0,0,0
2008/02/29,0,2490000,-9933000,-7443000
2008/03/03,0,3395000,-7694064,-4299064
2008/03/04,0,5348000,-14027000,-8679000
2008/03/05,0,3401000,-10081000,-6680000
2008/03/06,0,3577000,-10477696,-6900696
2008/03/07,0,3152000,-2071000,1081000
2008/03/10,0,1364000,-4922837,-3558837
2008/03/11,0,2194000,-1767000,427000
2008/03/12,0,1200000,-1948654,-748654
2008/03/13,0,1028000,-2877082,-1849082
2008/03/14,0,1507000,-1691381,-184381
2008/03/17,0,2086000,-264000,1822000
2008/03/18,0,2784000,-163000,2621000
2008/03/19,0,2973000,-1018000,1955000
2008/03/20,0,5887000,-15018000,-9131000
2008/03/21,0,5896000,-21047000,-15151000
2008/03/24,0,1162000,-74123000,-72961000
2008/03/25,0,5811000,-8941000,-3130000
2008/03/26,0,2472000,-16801000,-14329000
2008/03/27,0,1792000,-7348000,-5556000
2008/03/28,0,2723000,-9145000,-6422000
2008/03/31,0,4172000,-12109575,-7937575
2008/04/01,0,1111000,-2804000,-1693000
2008/04/02,0,2517000,-2752000,-235000
2008/04/03,0,2788000,-145000,2643000
2008/04/04,0,0,0,0
2008/04/07,0,1958000,-1304000,654000
2008/04/08,0,652000,-1236000,-584000
2008/04/09,0,2631000,-1692630,938370
2008/04/10,0,2029000,-1970000,59000
2008/04/11,0,3200000,-2820000,380000
2008/04/14,0,1765000,-2362120,-597120
2008/04/15,0,1384000,-1125000,259000
2008/04/16,0,4077000,-3011000,1066000
2008/04/17,0,1873000,-2882000,-1009000
2008/04/18,0,708000,-3545000,-2837000
2008/04/21,0,1698000,-1354000,344000
2008/04/22,0,931000,-1114000,-183000
2008/04/23,0,1307000,-2322000,-1015000
2008/04/24,0,2056000,-352000,1704000
2008/04/25,0,1131000,-1120000,11000
2008/04/28,0,2344000,-2625000,-281000
2008/04/29,0,421000,-5100000,-4679000
2008/04/30,0,3539000,-1809000,1730000
2008/05/01,0,0,0,0
2008/05/02,0,1639000,-349000,1290000
2008/05/05,0,1971000,-2213000,-242000
2008/05/06,0,2632000,-1150000,1482000
2008/05/07,0,892000,-1589000,-697000
2008/05/08,0,2288000,-730000,1558000
2008/05/09,0,947000,-2225000,-1278000
2008/05/12,0,2315000,-3417000,-1102000
2008/05/13,0,3031088,-1673000,1358088
2008/05/14,0,1506000,-2407000,-901000
2008/05/15,0,1749000,-1167000,582000
2008/05/16,0,465000,-1229000,-764000
2008/05/19,0,1696000,-1456000,240000
2008/05/20,0,1373000,-4375000,-3002000
2008/05/21,0,729000,-449000,280000
2008/05/22,0,891000,-428000,463000
2008/05/23,0,373000,-878000,-505000
2008/05/26,0,569000,-518000,51000
2008/05/27,0,668000,-843000,-175000
2008/05/28,0,171000,-1843000,-1672000
2008/05/29,0,774000,-712000,62000
2008/05/30,0,463000,-2292000,-1829000
2008/06/02,0,898000,-465000,433000
2008/06/03,0,604000,-3072000,-2468000
2008/06/04,0,250000,-946000,-696000
2008/06/05,0,2890000,-2507137,382863
2008/06/06,0,767000,-510000,257000
2008/06/09,0,226000,-1105000,-879000
2008/06/10,0,540000,-1499000,-959000
2008/06/11,0,834000,-767000,67000
2008/06/12,0,1067000,-2130000,-1063000
2008/06/13,0,775000,-647000,128000
2008/06/16,0,613000,-205000,408000
2008/06/17,0,770000,-692000,78000
2008/06/18,0,482000,-150000,332000
2008/06/19,0,660000,-197000,463000
2008/06/20,0,572000,-1790000,-1218000
2008/06/23,0,552000,-407000,145000
2008/06/24,0,455000,-469000,-14000
2008/06/25,0,2112000,-849000,1263000
2008/06/26,0,1008000,-701000,307000
2008/06/27,0,592000,-3065000,-2473000
2008/06/30,0,882000,-1248000,-366000
2008/07/01,0,1409000,-1321000,88000
2008/07/02,0,2099000,-1257000,842000
2008/07/03,0,6153000,-2088000,4065000
2008/07/04,0,803000,-2719000,-1916000
2008/07/07,0,2429000,-1467000,962000
2008/07/08,0,963000,-693000,270000
2008/07/09,0,4129000,-3925452,203548
2008/07/10,0,747000,-2857000,-2110000
2008/07/11,0,2953000,-1738000,1215000
2008/07/14,0,789000,-1951000,-1162000
2008/07/15,0,1690000,-1155000,535000
2008/07/16,0,2010000,-3832000,-1822000
2008/07/17,0,66000,-1215000,-1149000
2008/07/18,0,3467000,-877000,2590000
2008/07/21,0,1779000,-638000,1141000
2008/07/22,0,1514000,-743000,771000
2008/07/23,0,909000,-666000,243000
2008/07/24,0,2452000,-722000,1730000
2008/07/25,0,949000,-1707834,-758834
2008/07/28,0,0,0,0
2008/07/29,0,2364000,-1276000,1088000
2008/07/30,0,1159000,-991000,168000
2008/07/31,0,3010000,-767000,2243000
2008/08/01,0,1360000,-1861000,-501000
2008/08/04,0,2302000,-455000,1847000
2008/08/05,0,1651000,-2915000,-1264000
2008/08/06,0,4427000,-440000,3987000
2008/08/07,0,1808000,-2450000,-642000
2008/08/08,0,2802000,-2046000,756000
2008/08/11,0,9647000,-2271000,7376000
2008/08/12,0,3434000,-2623000,811000
2008/08/13,0,2951000,-1941000,1010000
2008/08/14,0,8235000,-1388000,6847000
2008/08/15,0,3066000,-3164000,-98000
2008/08/18,0,1778000,-5164353,-3386353
2008/08/19,0,1359128,-2077000,-717872
2008/08/20,0,986000,-2289000,-1303000
2008/08/21,0,900000,-2344120,-1444120
2008/08/22,0,944000,-5856000,-4912000
2008/08/25,0,479000,-1833000,-1354000
2008/08/26,0,903000,-1100000,-197000
2008/08/27,0,2135000,-721000,1414000
2008/08/28,0,807000,-1038000,-231000
2008/08/29,0,1259000,-1377000,-118000
2008/09/01,0,439335,-7795000,-7355665
2008/09/02,0,348000,-287000,61000
2008/09/03,0,1112000,-1592000,-480000
2008/09/04,0,1451000,-2240000,-789000
2008/09/05,0,409000,-1678000,-1269000
2008/09/08,0,0,-127000,-127000
2008/09/09,0,2974000,-1311000,1663000
2008/09/10,0,3224000,-1428136,1795864
2008/09/11,0,2726000,-2537000,189000
2008/09/12,0,1234000,-1690000,-456000
2008/09/15,0,254000,-981000,-727000
2008/09/16,0,542000,-3861000,-3319000
2008/09/17,0,1111000,-1929000,-818000
2008/09/18,0,2040000,-986000,1054000
2008/09/19,0,3000,-127000,-124000
2008/09/22,0,2889000,-651000,2238000
2008/09/23,0,4741000,-199000,4542000
2008/09/24,0,1520000,-1619000,-99000
2008/09/25,0,1521000,-826000,695000
2008/09/26,0,1110000,-1673000,-563000
2008/09/29,0,0,0,0
2008/09/30,0,1155000,-4705000,-3550000
2008/10/01,0,814000,-2474000,-1660000
2008/10/02,0,2471000,-1039000,1432000
2008/10/03,0,1957000,-875000,1082000
2008/10/06,0,1113000,-1949199,-836199
2008/10/07,0,2181000,-2397000,-216000
2008/10/08,0,2375000,-1746000,629000
2008/10/09,0,1353000,-2872600,-1519600
2008/10/10,0,0,0,0
2008/10/13,0,744000,-107000,637000
2008/10/14,0,121000,-23000,98000
2008/10/15,0,594000,-2160000,-1566000
2008/10/16,0,290000,-502000,-212000
2008/10/17,0,778000,-2586000,-1808000
2008/10/20,0,109000,-16617,92383
2008/10/21,0,1145000,-586000,559000
2008/10/22,0,228000,-13900,214100
2008/10/23,0,1000,-9488,-8488
2008/10/24,0,1000,-143000,-142000
2008/10/27,0,17000,-19400,-2400
2008/10/28,0,1112000,-2315628,-1203628
2008/10/29,0,1440000,-303000,1137000
2008/10/30,0,1032400,-648000,384400
2008/10/31,0,4449200,-897000,3552200
2008/11/03,0,1197200,-2796000,-1598800
2008/11/04,0,979000,-2609436,-1630436
2008/11/05,0,676000,-886000,-210000
2008/11/06,0,374000,-787400,-413400
2008/11/07,0,2206000,-365212,1840788
2008/11/10,0,424000,-1007544,-583544
2008/11/11,0,196149,-1230000,-1033851
2008/11/12,0,195000,-368645,-173645
2008/11/13,0,237000,-274384,-37384
2008/11/14,0,549000,-304540,244460
2008/11/17,0,62000,-1226405,-1164405
2008/11/18,0,316000,-526000,-210000
2008/11/19,0,928000,-140000,788000
2008/11/20,0,375000,-358500,16500
2008/11/21,0,3550000,-462000,3088000
2008/11/24,0,1110000,-970000,140000
2008/11/25,0,2594000,-458000,2136000
2008/11/26,0,1389000,-1004000,385000
2008/11/27,0,600000,-981000,-381000
2008/11/28,0,5119000,-1171000,3948000
2008/12/01,0,2049000,-2063000,-14000
2008/12/02,0,398000,-2141000,-1743000
2008/12/03,0,1399000,-907000,492000
2008/12/04,0,388500,-1456000,-1067500
2008/12/05,0,250000,-190000,60000
2008/12/08,0,1053000,-23504,1029496
2008/12/09,0,2539000,-21000,2518000
2008/12/10,0,3696000,-743068,2952932
2008/12/11,0,1937000,-719000,1218000
2008/12/12,0,1106000,-2536000,-1430000
2008/12/15,0,2597173,-2024000,573173
2008/12/16,0,1322000,-988000,334000
2008/12/17,0,764000,-2470000,-1706000
2008/12/18,0,468000,-1594000,-1126000
2008/12/19,0,658000,-668000,-10000
2008/12/22,0,276000,-1703000,-1427000
2008/12/23,0,402000,-4472000,-4070000
2008/12/24,0,467000,-376673,90327
2008/12/25,0,157000,-193000,-36000
2008/12/26,0,128000,-206000,-78000
2008/12/29,0,444000,-64000,380000
2008/12/30,0,1970000,-242000,1728000
2008/12/31,0,815000,-1501427,-686427
2009/01/01,0,0,0,0
2009/01/02,0,0,0,0
2009/01/05,0,2595000,-670000,1925000
2009/01/06,0,1312000,-463000,849000
2009/01/07,0,719000,-1572000,-853000
2009/01/08,0,442000,-589500,-147500
2009/01/09,0,738000,-1933000,-1195000
2009/01/12,0,773000,-730000,43000
2009/01/13,0,2785000,-231000,2554000
2009/01/14,0,1751000,-1242679,508321
2009/01/15,0,245000,-3093500,-2848500
2009/01/16,0,445000,-246000,199000
2009/01/19,0,499372,-939000,-439628
2009/01/20,0,626000,-597235,28765
2009/01/21,0,739470,-292000,447470
2009/01/22,0,0,0,0
2009/01/23,0,0,0,0
2009/01/26,0,0,0,0
2009/01/27,0,0,0,0
2009/01/28,0,0,0,0
2009/01/29,0,0,0,0
2009/01/30,0,0,0,0
2009/02/02,0,337000,-363916,-26916
2009/02/03,0,1946000,-651000,1295000
2009/02/04,0,317000,-1911000,-1594000
2009/02/05,0,327000,-21000,306000
2009/02/06,0,2381000,-196000,2185000
2009/02/09,0,92000,-1653000,-1561000
2009/02/10,0,1176000,-607000,569000
2009/02/11,0,261026,-1737458,-1476432
2009/02/12,0,242000,-1164000,-922000
2009/02/13,0,1096000,-62000,1034000
2009/02/16,0,1152000,-326000,826000
2009/02/17,0,472000,-496000,-24000
2009/02/18,0,765000,-386000,379000
2009/02/19,0,751000,-1478000,-727000
2009/02/20,0,561000,-1428000,-867000
2009/02/23,0,324000,-1570000,-1246000
2009/02/24,0,922000,-783000,139000
2009/02/25,0,2299000,-1943000,356000
2009/02/26,0,1102000,-2398000,-1296000
2009/02/27,0,1279000,-548000,731000
2009/03/02,0,1202000,-1000000,202000
2009/03/03,0,637000,-663000,-26000
2009/03/04,0,1162000,-792000,370000
2009/03/05,0,7982000,-999000,6983000
2009/03/06,0,575000,-1620000,-1045000
2009/03/09,0,637000,-980000,-343000
2009/03/10,0,966000,-3544000,-2578000
2009/03/11,0,3782000,-2200000,1582000
2009/03/12,0,7142000,-476000,6666000
2009/03/13,0,2320000,-1303788,1016212
2009/03/16,0,1389000,-4341000,-2952000
2009/03/17,0,2245000,-2215000,30000
2009/03/18,0,4083000,-1760000,2323000
2009/03/19,0,3745000,-1248000,2497000
2009/03/20,0,1855000,-886000,969000
2009/03/23,0,3500000,-1862000,1638000
2009/03/24,0,1205000,-1427000,-222000
2009/03/25,0,2645000,-747000,1898000
2009/03/26,0,735000,-5112000,-4377000
2009/03/27,0,677000,-2652000,-1975000
2009/03/30,0,663000,-1387000,-724000
2009/03/31,0,2544000,-386000,2158000
2009/04/01,0,2720000,-443000,2277000
2009/04/02,0,1969000,-1668786,300214
2009/04/03,0,3663000,-4976000,-1313000
2009/04/06,0,426000,-3351000,-2925000
2009/04/07,0,1320000,-2757000,-1437000
2009/04/08,0,1495000,-2580000,-1085000
2009/04/09,0,6686000,-2269000,4417000
2009/04/10,0,2614000,-8943000,-6329000
2009/04/13,0,1891086,-2317000,-425914
2009/04/14,0,748000,-1732000,-984000
2009/04/15,0,2635000,-4097000,-1462000
2009/04/16,0,3890000,-1401000,2489000
2009/04/17,0,1358000,-6820779,-5462779
2009/04/20,0,2395000,-1701000,694000
2009/04/21,0,2311000,-1427000,884000
2009/04/22,0,1378000,-2772000,-1394000
2009/04/23,0,1508000,-1977000,-469000
2009/04/24,0,2701000,-2261000,440000
2009/04/27,0,2398000,-2475000,-77000
2009/04/28,0,1625000,-4465000,-2840000
2009/04/29,0,1105000,-287000,818000
2009/04/30,0,0,-744000,-744000
2009/05/01,0,0,0,0
2009/05/04,0,0,-105000,-105000
2009/05/05,0,880000,-80000,800000
2009/05/06,0,171000,-7987,163013
2009/05/07,0,2232000,-1176000,1056000
2009/05/08,0,5792000,-1364000,4428000
2009/05/11,0,5840000,-1941000,3899000
2009/05/12,0,833000,-1422000,-589000
2009/05/13,0,2481000,-2279000,202000
2009/05/14,0,1869000,-1539000,330000
2009/05/15,0,2382000,-1675000,707000
2009/05/18,0,449000,-2211000,-1762000
2009/05/19,0,3593000,-4505000,-912000
2009/05/20,0,865000,-5280000,-4415000
2009/05/21,0,939000,-2102000,-1163000
2009/05/22,0,1679000,-907000,772000
2009/05/25,0,1811000,-1874000,-63000
2009/05/26,0,924000,-2217000,-1293000
2009/05/27,0,2579000,-726000,1853000
2009/05/28,0,0,0,0
2009/05/29,0,0,0,0
2009/06/01,0,4313000,-1749000,2564000
2009/06/02,0,2719000,-3278000,-559000
2009/06/03,0,2518000,-571703,1946297
2009/06/04,0,2320000,-5322000,-3002000
2009/06/05,0,3698000,-807000,2891000
2009/06/08,0,655000,-2802000,-2147000
2009/06/09,0,3681000,-3518000,163000
2009/06/10,0,2036000,-523297,1512703
2009/06/11,0,1378000,-4043000,-2665000
2009/06/12,0,657000,-3026000,-2369000
2009/06/15,0,1289000,-1449000,-160000
2009/06/16,0,823619,-1364000,-540381
2009/06/17,0,2878000,-2126000,752000
2009/06/18,0,975000,-3243000,-2268000
2009/06/19,0,1336000,-697000,639000
2009/06/22,0,552000,-1544000,-992000
2009/06/23,0,492000,-618000,-126000
2009/06/24,0,2287000,-466000,1821000
2009/06/25,0,5726000,-2867000,2859000
2009/06/26,0,2283000,-3708000,-1425000
2009/06/29,0,1826000,-1180000,646000
2009/06/30,0,1956000,-682000,1274000
2009/07/01,0,1870000,-257000,1613000
2009/07/02,0,696000,-595000,101000
2009/07/03,0,2149000,-458000,1691000
2009/07/06,0,730000,-1289000,-559000
2009/07/07,0,1467000,-785000,682000
2009/07/08,0,1145000,-1313000,-168000
2009/07/09,0,3068000,-288000,2780000
2009/07/10,0,547000,-1070000,-523000
2009/07/13,0,1509000,-2514000,-1005000
2009/07/14,0,1131000,-1013000,118000
2009/07/15,0,3599000,-1283000,2316000
2009/07/16,0,1507000,-2119000,-612000
2009/07/17,0,2127000,-1025000,1102000
2009/07/20,0,4198000,-886000,3312000
2009/07/21,0,1199000,-1332000,-133000
2009/07/22,0,3476000,-1868000,1608000
2009/07/23,0,707755,-1428000,-720245
2009/07/24,0,1439000,-1514000,-75000
2009/07/27,0,829000,-1284000,-455000
2009/07/28,0,2531059,-940000,1591059
2009/07/29,0,545000,-2763000,-2218000
2009/07/30,0,1125000,-1242000,-117000
2009/07/31,0,1840000,-2346000,-506000
2009/08/03,0,1047000,-1826000,-779000
2009/08/04,0,2097000,-1738000,359000
2009/08/05,0,1579000,-5383000,-3804000
2009/08/06,0,949000,-1373000,-424000
2009/08/07,0,0,0,0
2009/08/10,0,241000,-674000,-433000
2009/08/11,0,889000,-607000,282000
2009/08/12,0,2581000,-832000,1749000
2009/08/13,0,1728000,-1428000,300000
2009/08/14,0,246000,-612000,-366000
2009/08/17,0,554000,-1474000,-920000
2009/08/18,0,1393000,-336000,1057000
2009/08/19,0,398000,-1298000,-900000
2009/08/20,0,402000,-787000,-385000
2009/08/21,0,286000,-1000000,-714000
2009/08/24,0,850000,-1950000,-1100000
2009/08/25,0,103000,-759000,-656000
2009/08/26,0,553000,-2588000,-2035000
2009/08/27,0,1007000,-5110000,-4103000
2009/08/28,0,519000,-634000,-115000
2009/08/31,0,258000,-502000,-244000
2009/09/01,0,5212000,-1456000,3756000
2009/09/02,0,2454000,-1868000,586000
2009/09/03,0,4495000,-3102000,1393000
2009/09/04,0,4601000,-4968000,-367000
2009/09/07,0,1569000,-5039000,-3470000
2009/09/08,0,3205000,-2238000,967000
2009/09/09,0,2346000,-1429000,917000
2009/09/10,0,4849000,-3392000,1457000
2009/09/11,0,802000,-643000,159000
2009/09/14,0,3616000,-1581000,2035000
2009/09/15,0,476000,-589000,-113000
2009/09/16,0,1335000,-1523000,-188000
2009/09/17,0,979000,-3075000,-2096000
2009/09/18,0,887000,-3022717,-2135717
2009/09/21,0,1487000,-1284000,203000
2009/09/22,0,1427000,-1337000,90000
2009/09/23,0,371000,-3121785,-2750785
2009/09/24,0,551000,-298000,253000
2009/09/25,0,1421000,-414000,1007000
2009/09/28,0,638000,-575554,62446
2009/09/29,0,730000,-491000,239000
2009/09/30,0,1747000,-689000,1058000
2009/10/01,0,2287000,-1819000,468000
2009/10/02,0,1510000,-1457000,53000
2009/10/05,0,911000,-547000,364000
2009/10/06,0,1200000,-1282000,-82000
2009/10/07,0,921000,-1018000,-97000
2009/10/08,0,182000,-2427000,-2245000
2009/10/09,0,1107000,-684000,423000
2009/10/12,0,368000,-1275000,-907000
2009/10/13,0,1271000,-808000,463000
2009/10/14,0,4649000,-1060000,3589000
2009/10/15,0,4293000,-3443000,850000
2009/10/16,0,866000,-1330000,-464000
2009/10/19,0,547000,-644000,-97000
2009/10/20,0,674000,-886000,-212000
2009/10/21,0,628000,-2165584,-1537584
2009/10/22,0,1013000,-1697000,-684000
2009/10/23,0,818000,-753000,65000
2009/10/26,0,1214000,-383000,831000
2009/10/27,0,402000,-1836000,-1434000
2009/10/28,0,1022000,-1665000,-643000
2009/10/29,0,1261000,-3968000,-2707000
2009/10/30,0,146000,-637000,-491000
2009/11/02,0,459000,-1839000,-1380000
2009/11/03,0,434000,-269000,165000
2009/11/04,0,3461000,-376000,3085000
2009/11/05,0,2493000,-98000,2395000
2009/11/06,0,1092000,-2625000,-1533000
2009/11/09,0,3426000,-544000,2882000
2009/11/10,0,307000,-878000,-571000
2009/11/11,0,1327000,-2873000,-1546000
2009/11/12,0,286000,-298000,-12000
2009/11/13,0,785000,-2600000,-1815000
2009/11/16,0,3707000,-1099000,2608000
2009/11/17,0,479000,-4586000,-4107000
2009/11/18,0,355000,-693000,-338000
2009/11/19,0,899000,-926000,-27000
2009/11/20,0,430000,-554000,-124000
2009/11/23,0,343000,-120000,223000
2009/11/24,0,493000,-250000,243000
2009/11/25,0,772000,-1614000,-842000
2009/11/26,0,739000,-728000,11000
2009/11/27,0,468000,-6612000,-6144000
2009/11/30,0,425000,-450432,-25432
2009/12/01,0,2313000,-374000,1939000
2009/12/02,0,982000,-1161000,-179000
2009/12/03,0,1525000,-518000,1007000
2009/12/04,0,1831000,-183000,1648000
2009/12/07,0,589000,-379000,210000
2009/12/08,0,149000,-473000,-324000
2009/12/09,0,459000,-285000,174000
2009/12/10,0,679000,-1812500,-1133500
2009/12/11,0,584000,-235517,348483
2009/12/14,0,579000,-758000,-179000
2009/12/15,0,144000,-628000,-484000
2009/12/16,0,1616000,-2884000,-1268000
2009/12/17,0,431000,-815000,-384000
2009/12/18,0,296000,-308000,-12000
2009/12/21,0,1223000,-445000,778000
2009/12/22,0,1259000,-307205,951795
2009/12/23,0,759000,-660000,99000
2009/12/24,0,1652000,-359000,1293000
2009/12/25,0,1936000,-659000,1277000
2009/12/28,0,2765000,-368000,2397000
2009/12/29,0,3890000,-1308000,2582000
2009/12/30,0,5030000,-2523000,2507000
2009/12/31,0,3566000,-1891000,1675000
2010/01/01,0,0,0,0
2010/01/04,0,1756000,-1389000,367000
2010/01/05,0,1756000,-1362000,394000
2010/01/06,0,3431000,-881000,2550000
2010/01/07,0,472000,-1102000,-630000
2010/01/08,0,1011000,-315000,696000
2010/01/11,0,1709000,-543000,1166000
2010/01/12,0,413000,-752000,-339000
2010/01/13,0,441000,-1988000,-1547000
2010/01/14,0,898000,-1105500,-207500
2010/01/15,0,104000,-862000,-758000
2010/01/18,0,346000,-938000,-592000
2010/01/19,0,221000,-1815000,-1594000
2010/01/20,0,1341960,-1464000,-122040
2010/01/21,0,2289000,-1223000,1066000
2010/01/22,0,482000,-2434000,-1952000
2010/01/25,0,31000,-500000,-469000
2010/01/26,0,118000,-5316000,-5198000
2010/01/27,0,257000,-4343000,-4086000
2010/01/28,0,382000,-201000,181000
2010/01/29,0,485000,-2182000,-1697000
2010/02/01,0,1019000,-2460000,-1441000
2010/02/02,0,228000,-1125000,-897000
2010/02/03,0,1363000,-543000,820000
2010/02/04,0,636000,-138000,498000
2010/02/05,0,1113000,-778000,335000
2010/02/08,0,943000,-68001,874999
2010/02/09,0,1233000,-301000,932000
2010/02/10,0,552000,-1192000,-640000
2010/02/11,0,0,0,0
2010/02/12,0,0,0,0
2010/02/15,0,0,0,0
2010/02/16,0,0,0,0
2010/02/17,0,0,0,0
2010/02/18,0,0,0,0
2010/02/19,0,0,0,0
2010/02/22,0,823000,-394000,429000
2010/02/23,0,1003000,-342000,661000
2010/02/24,0,714000,-512000,202000
2010/02/25,0,974000,-766000,208000
2010/02/26,0,2112000,-762000,1350000
2010/03/01,0,1823000,-3108000,-1285000
2010/03/02,0,1619000,-1335000,284000
2010/03/03,0,1934000,-1332000,602000
2010/03/04,0,378000,-1811000,-1433000
2010/03/05,0,984000,-593000,391000
2010/03/08,0,2155000,-813000,1342000
2010/03/09,0,929000,-817000,112000
2010/03/10,0,576000,-1028000,-452000
2010/03/11,0,652000,-575000,77000
2010/03/12,0,558000,-105000,453000
2010/03/15,0,202108,-2878000,-2675892
2010/03/16,0,324000,-659000,-335000
2010/03/17,0,5041000,-633000,4408000
2010/03/18,0,1692000,-989000,703000
2010/03/19,0,721000,-873000,-152000
2010/03/22,0,345000,-1003000,-658000
2010/03/23,0,1238000,-298000,940000
2010/03/24,0,2224000,-553135,1670865
2010/03/25,0,2128000,-628000,1500000
2010/03/26,0,848000,-3085000,-2237000
2010/03/29,0,1610000,-1150000,460000
2010/03/30,0,1370000,-290000,1080000
2010/03/31,0,216000,-615000,-399000
2010/04/01,0,1341000,-186000,1155000
2010/04/02,0,2297000,-468000,1829000
2010/04/05,0,0,0,0
2010/04/06,0,2136000,-484000,1652000
2010/04/07,0,441000,-328000,113000
2010/04/08,0,5814000,-1364000,4450000
2010/04/09,0,1252000,-1402000,-150000
2010/04/12,0,1206000,-1321000,-115000
2010/04/13,0,1313000,-1236000,77000
2010/04/14,0,967000,-1208000,-241000
2010/04/15,0,527000,-1060000,-533000
2010/04/16,0,872000,-2490000,-1618000
2010/04/19,0,1077000,-2334000,-1257000
2010/04/20,0,161000,-2884000,-2723000
2010/04/21,0,315000,-1325000,-1010000
2010/04/22,0,589000,-1255000,-666000
2010/04/23,0,801000,-118000,683000
2010/04/26,0,2236000,-144000,2092000
2010/04/27,0,625000,-1074000,-449000
2010/04/28,0,630000,-1121000,-491000
2010/04/29,0,1492000,-386000,1106000
2010/04/30,0,520000,-723000,-203000
2010/05/03,0,202000,-319000,-117000
2010/05/04,0,1309000,-254000,1055000
2010/05/05,0,1088000,-1269000,-181000
2010/05/06,0,432000,-1097000,-665000
2010/05/07,0,2718000,-1521000,1197000
2010/05/10,0,1189000,-386000,803000
2010/05/11,0,1549000,-2348000,-799000
2010/05/12,0,549000,-974000,-425000
2010/05/13,0,1723000,-4939000,-3216000
2010/05/14,0,1553000,-1799000,-246000
2010/05/17,0,1415000,-787000,628000
2010/05/18,0,1095000,-70000,1025000
2010/05/19,0,2059000,-325000,1734000
2010/05/20,0,363000,-1463000,-1100000
2010/05/21,0,695000,-2365000,-1670000
2010/05/24,0,261000,-64000,197000
2010/05/25,0,1381000,-986000,395000
2010/05/26,0,1236000,-642000,594000
2010/05/27,0,3031000,-429000,2602000
2010/05/28,0,347000,-1840000,-1493000
2010/05/31,0,297000,-125000,172000
2010/06/01,0,498000,-1436000,-938000
2010/06/02,0,219000,-387000,-168000
2010/06/03,0,523000,-2230000,-1707000
2010/06/04,0,97000,-380000,-283000
2010/06/07,0,476000,-581000,-105000
2010/06/08,0,351000,-588000,-237000
2010/06/09,0,346000,-822000,-476000
2010/06/10,0,330000,-439000,-109000
2010/06/11,0,559000,-677000,-118000
2010/06/14,0,660000,-1064000,-404000
2010/06/15,0,1328000,-616000,712000
2010/06/16,0,0,0,0
2010/06/17,0,1566000,-154000,1412000
2010/06/18,0,142000,-254000,-112000
2010/06/21,0,561000,-186000,375000
2010/06/22,0,503000,-21000,482000
2010/06/23,0,247000,-295000,-48000
2010/06/24,0,1236000,-297000,939000
2010/06/25,0,2494000,-310000,2184000
2010/06/28,0,3096000,-1667000,1429000
2010/06/29,0,716000,-1265000,-549000
2010/06/30,0,216000,-247000,-31000
2010/07/01,0,1270000,-732000,538000
2010/07/02,0,1718000,-601000,1117000
2010/07/05,0,2603000,-423777,2179223
2010/07/06,0,3107000,-538000,2569000
2010/07/07,0,2784000,-1526000,1258000
2010/07/08,0,870000,-1308000,-438000
2010/07/09,0,968000,-454000,514000
2010/07/12,0,455000,-806000,-351000
2010/07/13,0,73000,-441000,-368000
2010/07/14,0,302000,-1150000,-848000
2010/07/15,0,769000,-626000,143000
2010/07/16,0,1968000,-2041000,-73000
2010/07/19,0,506000,-800424,-294424
2010/07/20,0,56000,-838000,-782000
2010/07/21,0,686000,-762000,-76000
2010/07/22,0,1044000,-319000,725000
2010/07/23,0,1443000,-482000,961000
2010/07/26,0,202000,-621000,-419000
2010/07/27,0,208000,-488000,-280000
2010/07/28,0,714000,-421000,293000
2010/07/29,0,286000,-264000,22000
2010/07/30,0,255000,-398221,-143221
2010/08/02,0,2153000,-1917000,236000
2010/08/03,0,1461000,-1797000,-336000
2010/08/04,0,698000,-1668000,-970000
2010/08/05,0,724000,-1638000,-914000
2010/08/06,0,576000,-447000,129000
2010/08/09,0,553000,-1169000,-616000
2010/08/10,0,1927000,-1008000,919000
2010/08/11,0,735000,-884000,-149000
2010/08/12,0,575000,-973000,-398000
2010/08/13,0,1690000,-1678000,12000
2010/08/16,0,900000,-862000,38000
2010/08/17,0,1270000,-279000,991000
2010/08/18,0,944000,-2097000,-1153000
2010/08/19,0,1547000,-1081000,466000
2010/08/20,0,204000,-562000,-358000
2010/08/23,0,1654000,-1214000,440000
2010/08/24,0,1212000,-1491000,-279000
2010/08/25,0,1148000,-2233586,-1085586
2010/08/26,0,1060000,-866000,194000
2010/08/27,0,307000,-865000,-558000
2010/08/30,0,337000,-415000,-78000
2010/08/31,0,485000,-658000,-173000
2010/09/01,0,664000,-1246000,-582000
2010/09/02,0,158000,-1284000,-1126000
2010/09/03,0,278000,-714000,-436000
2010/09/06,0,1619000,-590101,1028899
2010/09/07,0,404000,-625000,-221000
2010/09/08,0,841000,-1214000,-373000
2010/09/09,0,448000,-546000,-98000
2010/09/10,0,777000,-393000,384000
2010/09/13,0,2092000,-971000,1121000
2010/09/14,0,811000,-1848000,-1037000
2010/09/15,0,1627000,-881000,746000
2010/09/16,0,2421000,-212000,2209000
2010/09/17,0,1177000,-273000,904000
2010/09/20,0,455000,-674000,-219000
2010/09/21,0,1031000,-269000,762000
2010/09/22,0,0,0,0
2010/09/23,0,592000,-1296000,-704000
2010/09/24,0,386000,-398000,-12000
2010/09/27,0,2317000,-1968000,349000
2010/09/28,0,734000,-451000,283000
2010/09/29,0,1226000,-347000,879000
2010/09/30,0,691000,-759000,-68000
2010/10/01,0,407000,-113000,294000
2010/10/04,0,1121000,-1626000,-505000
2010/10/05,0,680000,-2119000,-1439000
2010/10/06,0,920000,-181000,739000
2010/10/07,0,4691000,-794380,3896620
2010/10/08,0,3545000,-3521000,24000
2010/10/11,0,787000,-2057000,-1270000
2010/10/12,0,1127000,-1785000,-658000
2010/10/13,0,2063000,-1519680,543320
2010/10/14,0,751000,-486000,265000
2010/10/15,0,382000,-450000,-68000
2010/10/18,0,598000,-1719000,-1121000
2010/10/19,0,627000,-821000,-194000
2010/10/20,0,436000,-510000,-74000
2010/10/21,0,801000,-649000,152000
2010/10/22,0,926000,-736000,190000
2010/10/25,0,1222000,-140000,1082000
2010/10/26,0,526000,-1371000,-845000
2010/10/27,0,332000,-411000,-79000
2010/10/28,0,812000,-1246000,-434000
2010/10/29,0,357000,-383000,-26000
2010/11/01,0,2584000,-791000,1793000
2010/11/02,0,1573000,-695000,878000
2010/11/03,0,225000,-1716000,-1491000
2010/11/04,0,243000,-525000,-282000
2010/11/05,0,4032000,-773000,3259000
2010/11/08,0,2261000,-3238000,-977000
2010/11/09,0,2843821,-2037000,806821
2010/11/10,0,1828000,-690000,1138000
2010/11/11,0,867000,-299000,568000
2010/11/12,0,1510000,-2603000,-1093000
2010/11/15,0,795000,-1003210,-208210
2010/11/16,0,1704000,-184000,1520000
2010/11/17,0,1574000,-582000,992000
2010/11/18,0,1312000,-224000,1088000
2010/11/19,0,1313000,-376000,937000
2010/11/22,0,2274000,-262000,2012000
2010/11/23,0,1259000,-1918000,-659000
2010/11/24,0,1189000,-387000,802000
2010/11/25,0,3062000,-250000,2812000
2010/11/26,0,619000,-1185000,-566000
2010/11/29,0,4988000,-494000,4494000
2010/11/30,0,1504000,-758000,746000
2010/12/01,0,6608000,-4530000,2078000
2010/12/02,0,4198000,-9437000,-5239000
2010/12/03,0,1209000,-4378000,-3169000
2010/12/06,0,2185000,-4769000,-2584000
2010/12/07,0,1253000,-4424000,-3171000
2010/12/08,0,1999000,-1611000,388000
2010/12/09,0,2422000,-1695000,727000
2010/12/10,0,577000,-1222000,-645000
2010/12/13,0,1432000,-1565000,-133000
2010/12/14,0,1411000,-1405737,5263
2010/12/15,0,799000,-1970000,-1171000
2010/12/16,0,853000,-654000,199000
2010/12/17,0,1478000,-1582000,-104000
2010/12/20,0,620000,-1116000,-496000
2010/12/21,0,437000,-835000,-398000
2010/12/22,0,2252000,-692000,1560000
2010/12/23,0,1280000,-1042000,238000
2010/12/24,0,149000,-2372000,-2223000
2010/12/27,0,1531000,-1937000,-406000
2010/12/28,0,480000,-1331000,-851000
2010/12/29,0,5008000,-3192970,1815030
2010/12/30,0,1422000,-1193000,229000
2010/12/31,0,3835000,-2223000,1612000
2011/01/03,0,1777000,-3492000,-1715000
2011/01/04,0,1236000,-2479000,-1243000
2011/01/05,0,2898000,-2888000,10000
2011/01/06,0,6826000,-4450000,2376000
2011/01/07,0,2671000,-3410000,-739000
2011/01/10,0,1516000,-926000,590000
2011/01/11,0,3591000,-4152000,-561000
2011/01/12,0,7058000,-7334000,-276000
2011/01/13,0,1456000,-5152000,-3696000
2011/01/14,0,1735000,-1421000,314000
2011/01/17,0,708000,-853076,-145076
2011/01/18,0,2079000,-3258000,-1179000
2011/01/19,0,620000,-3035000,-2415000
2011/01/20,0,1073000,-388000,685000
2011/01/21,0,1398000,-1051000,347000
2011/01/24,0,775000,-424000,351000
2011/01/25,0,1530000,-1754000,-224000
2011/01/26,0,923000,-2791000,-1868000
2011/01/27,0,4028000,-1685000,2343000
2011/01/28,0,637000,-1267000,-630000
2011/01/31,0,0,0,0
2011/02/01,0,0,0,0
2011/02/02,0,0,0,0
2011/02/03,0,0,0,0
2011/02/04,0,0,0,0
2011/02/07,0,0,0,0
2011/02/08,0,1361000,-1119000,242000
2011/02/09,0,1674000,-2916000,-1242000
2011/02/10,0,4625000,-6786000,-2161000
2011/02/11,0,5577000,-2400000,3177000
2011/02/14,0,1692000,-1253000,439000
2011/02/15,0,1303000,-1937000,-634000
2011/02/16,0,2405000,-1554000,851000
2011/02/17,0,2369000,-1089000,1280000
2011/02/18,0,4714000,-3947000,767000
2011/02/21,0,468000,-2460000,-1992000
2011/02/22,0,2095000,-4223000,-2128000
2011/02/23,0,3559000,-1192000,2367000
2011/02/24,0,3623000,-2575000,1048000
2011/02/25,0,2933000,-3061000,-128000
2011/02/28,0,0,0,0
2011/03/01,0,3544000,-788000,2756000
2011/03/02,0,1631000,-2210000,-579000
2011/03/03,0,4393000,-2097000,2296000
2011/03/04,0,1101000,-1280000,-179000
2011/03/07,0,1494000,-484931,1009069
2011/03/08,0,499000,-859000,-360000
2011/03/09,0,1350000,-2277000,-927000
2011/03/10,0,475000,-1583000,-1108000
2011/03/11,0,1596000,-3017000,-1421000
2011/03/14,0,3927000,-3961000,-34000
2011/03/15,0,4518000,-3370000,1148000
2011/03/16,0,3259000,-1399000,1860000
2011/03/17,0,2974000,-976000,1998000
2011/03/18,0,1219000,-686000,533000
2011/03/21,0,2375000,-2153000,222000
2011/03/22,0,1809000,-2250000,-441000
2011/03/23,0,1116000,-1760000,-644000
2011/03/24,0,734000,-1192000,-458000
2011/03/25,0,2386000,-993000,1393000
2011/03/28,0,498000,-2412000,-1914000
2011/03/29,0,1628000,-652000,976000
2011/03/30,0,1160000,-1051000,109000
2011/03/31,0,374000,-2523000,-2149000
2011/04/01,0,1226000,-1333000,-107000
2011/04/04,0,0,0,0
2011/04/05,0,0,0,0
2011/04/06,0,834000,-1065000,-231000
2011/04/07,0,1118000,-888000,230000
2011/04/08,0,4165000,-1432000,2733000
2011/04/11,0,6260000,-3236268,3023732
2011/04/12,0,4588000,-2198000,2390000
2011/04/13,0,4150000,-927000,3223000
2011/04/14,0,4632000,-1734000,2898000
2011/04/15,0,3456000,-1890000,1566000
2011/04/18,0,812000,-1727020,-915020
2011/04/19,0,971000,-1876000,-905000
2011/04/20,0,3325000,-1297000,2028000
2011/04/21,0,6258000,-2673000,3585000
2011/04/22,0,1047000,-3156000,-2109000
2011/04/25,0,704000,-957000,-253000
2011/04/26,0,771000,-2336000,-1565000
2011/04/27,0,1875000,-2128000,-253000
2011/04/28,0,1228000,-2654000,-1426000
2011/04/29,0,1759000,-2221000,-462000
2011/05/02,0,0,0,0
2011/05/03,0,1203000,-985091,217909
2011/05/04,0,1127000,-331000,796000
2011/05/05,0,1250000,-432000,818000
2011/05/06,0,3775000,-1440000,2335000
2011/05/09,0,2230000,-194000,2036000
2011/05/10,0,886000,-711000,175000
2011/05/11,0,1442000,-1677918,-235918
2011/05/12,0,1179000,-1966000,-787000
2011/05/13,0,506000,-1728000,-1222000
2011/05/16,0,891000,-1112000,-221000
2011/05/17,0,998000,-951000,47000
2011/05/18,0,1490000,-362000,1128000
2011/05/19,0,3118000,-1947384,1170616
2011/05/20,0,1541000,-543000,998000
2011/05/23,0,1334000,-2976000,-1642000
2011/05/24,0,1754000,-543000,1211000
2011/05/25,0,769000,-596000,173000
2011/05/26,0,1658000,-427000,1231000
2011/05/27,0,1824000,-567000,1257000
2011/05/30,0,575000,-767000,-192000
2011/05/31,0,1626000,-173000,1453000
2011/06/01,0,1517052,-663000,854052
2011/06/02,0,730000,-396000,334000
2011/06/03,0,517000,-1729000,-1212000
2011/06/06,0,0,0,0
2011/06/07,0,1043000,-672000,371000
2011/06/08,0,1254000,-2815000,-1561000
2011/06/09,0,2012000,-1119000,893000
2011/06/10,0,94000,-2695000,-2601000
2011/06/13,0,874000,-1285000,-411000
2011/06/14,0,601000,-999000,-398000
2011/06/15,0,957000,-1773000,-816000
2011/06/16,0,1128000,-1380000,-252000
2011/06/17,0,2715000,-273000,2442000
2011/06/20,0,1349000,-1880000,-531000
2011/06/21,0,2642000,-88000,2554000
2011/06/22,0,2657000,-586000,2071000
2011/06/23,0,1310000,-1399000,-89000
2011/06/24,0,500000,-1394000,-894000
2011/06/27,0,705000,-836000,-131000
2011/06/28,0,1116000,-546000,570000
2011/06/29,0,2225000,-1020000,1205000
2011/06/30,0,1670000,-1975000,-305000
2011/07/01,0,727000,-1488000,-761000
2011/07/04,0,1562000,-1078000,484000
2011/07/05,0,1647000,-2136000,-489000
2011/07/06,0,2046000,-1266000,780000
2011/07/07,0,2794000,-1429000,1365000
2011/07/08,0,190000,-1723000,-1533000
2011/07/11,0,2102000,-883000,1219000
2011/07/12,0,1046000,-1869000,-823000
2011/07/13,0,1786000,-1955000,-169000
2011/07/14,0,1556000,-652000,904000
2011/07/15,0,2531000,-158000,2373000
2011/07/18,0,1131000,-313045,817955
2011/07/19,0,2500000,-446000,2054000
2011/07/20,0,1657000,-2118000,-461000
2011/07/21,0,847000,-282000,565000
2011/07/22,0,9726000,-3754000,5972000
2011/07/25,0,6242000,-3183000,3059000
2011/07/26,0,1782000,-2402000,-620000
2011/07/27,0,3776000,-1372000,2404000
2011/07/28,0,897000,-2457000,-1560000
2011/07/29,0,865000,-4758000,-3893000
2011/08/01,0,2467000,-930000,1537000
2011/08/02,0,359000,-1995000,-1636000
2011/08/03,0,6541000,-4496000,2045000
2011/08/04,0,4091000,-2607000,1484000
2011/08/05,0,6929000,-7010000,-81000
2011/08/08,0,5544000,-4160000,1384000
2011/08/09,0,4689000,-1315000,3374000
2011/08/10,0,1043000,-1623000,-580000
2011/08/11,0,1243000,-769454,473546
2011/08/12,0,801000,-2026000,-1225000
2011/08/15,0,928000,-706000,222000
2011/08/16,0,151000,-1036000,-885000
2011/08/17,0,269000,-2997000,-2728000
2011/08/18,0,618000,-1850000,-1232000
2011/08/19,0,1698000,-5167000,-3469000
2011/08/22,0,2090000,-1126166,963834
2011/08/23,0,5151000,-547000,4604000
2011/08/24,0,2145000,-317000,1828000
2011/08/25,0,871000,-2216000,-1345000
2011/08/26,0,1492000,-3058000,-1566000
2011/08/29,0,1523481,-590000,933481
2011/08/30,0,480000,-982000,-502000
2011/08/31,0,109000,-610000,-501000
2011/09/01,0,1399000,-2280000,-881000
2011/09/02,0,469000,-2795000,-2326000
2011/09/05,0,1074000,-2022000,-948000
2011/09/06,0,2310000,-864000,1446000
2011/09/07,0,2216000,-3112000,-896000
2011/09/08,0,490000,-1022000,-532000
2011/09/09,0,1766000,-483000,1283000
2011/09/12,0,0,0,0
2011/09/13,0,589000,-1037000,-448000
2011/09/14,0,1856000,-2083000,-227000
2011/09/15,0,1320044,-342000,978044
2011/09/16,0,2126000,-104000,2022000
2011/09/19,0,254000,-426000,-172000
2011/09/20,0,610000,-1536000,-926000
2011/09/21,0,1825000,-125000,1700000
2011/09/22,0,257000,-1429000,-1172000
2011/09/23,0,2211000,-799000,1412000
2011/09/26,0,3328000,-841000,2487000
2011/09/27,0,1137000,-136000,1001000
2011/09/28,0,140000,-547000,-407000
2011/09/29,0,353000,-1056922,-703922
2011/09/30,0,431202,-934048,-502846
2011/10/03,0,274000,-850400,-576400
2011/10/04,0,1237000,-150000,1087000
2011/10/05,0,546000,-123000,423000
2011/10/06,0,1955000,-146497,1808503
2011/10/07,0,208000,-230569,-22569
2011/10/10,0,0,0,0
2011/10/11,0,1324000,-805000,519000
2011/10/12,0,233000,-335691,-102691
2011/10/13,0,504000,-497000,7000
2011/10/14,0,101000,-699000,-598000
2011/10/17,0,617000,-312000,305000
2011/10/18,0,239000,-967000,-728000
2011/10/19,0,234000,-194000,40000
2011/10/20,0,244000,-644000,-400000
2011/10/21,0,583000,-243000,340000
2011/10/24,0,1382532,-924000,458532
2011/10/25,0,17000,-154000,-137000
2011/10/26,0,953000,-210000,743000
2011/10/27,0,656000,-208000,448000
2011/10/28,0,3454000,-994000,2460000
2011/10/31,0,2007000,-1328272,678728
2011/11/01,0,490000,-1172000,-682000
2011/11/02,0,900000,-483000,417000
2011/11/03,0,704000,-1689000,-985000
2011/11/04,0,910000,-489000,421000
2011/11/07,0,219000,-149000,70000
2011/11/08,0,1055000,-656000,399000
2011/11/09,0,833000,-720687,112313
2011/11/10,0,1601000,-2194000,-593000
2011/11/11,0,385000,-513000,-128000
2011/11/14,0,301000,-177000,124000
2011/11/15,0,142000,-204000,-62000
2011/11/16,0,440000,-765000,-325000
2011/11/17,0,389000,-84000,305000
2011/11/18,0,1033000,-184000,849000
2011/11/21,0,1334000,-246000,1088000
2011/11/22,0,1437000,-372000,1065000
2011/11/23,0,685000,-171026,513974
2011/11/24,0,585000,-21000,564000
2011/11/25,0,540000,-300000,240000
2011/11/28,0,359000,-114000,245000
2011/11/29,0,210000,-225090,-15090
2011/11/30,0,222000,-903000,-681000
2011/12/01,0,711000,-1141000,-430000
2011/12/02,0,675000,-930000,-255000
2011/12/05,0,788470,-799000,-10530
2011/12/06,0,860000,-431000,429000
2011/12/07,0,535000,-129000,406000
2011/12/08,0,152000,-432000,-280000
2011/12/09,0,606000,-536000,70000
2011/12/12,0,302000,-315000,-13000
2011/12/13,0,182000,-314000,-132000
2011/12/14,0,447000,-59000,388000
2011/12/15,0,786000,-439000,347000
2011/12/16,0,692000,-925000,-233000
2011/12/19,0,854000,-3044000,-2190000
2011/12/20,0,891000,-688689,202311
2011/12/21,0,1365000,-807000,558000
2011/12/22,0,567000,-777000,-210000
2011/12/23,0,1020000,-634000,386000
2011/12/26,0,861000,-542000,319000
2011/12/27,0,287000,-431000,-144000
2011/12/28,0,198000,-321000,-123000
2011/12/29,0,102000,-735000,-633000
2011/12/30,0,642000,-715000,-73000
2012/01/02,0,407000,-622000,-215000
2012/01/03,0,187000,-529000,-342000
2012/01/04,0,58000,-181000,-123000
2012/01/05,0,360000,-159567,200433
2012/01/06,0,239000,-658000,-419000
2012/01/09,0,159000,-187000,-28000
2012/01/10,0,765000,-1325000,-560000
2012/01/11,0,468000,-476000,-8000
2012/01/12,0,283000,-390000,-107000
2012/01/13,0,930000,-654000,276000
2012/01/16,0,259000,-2075000,-1816000
2012/01/17,0,334000,-633000,-299000
2012/01/18,0,201000,-387000,-186000
2012/01/19,0,0,0,0
2012/01/20,0,0,0,0
2012/01/23,0,0,0,0
2012/01/24,0,0,0,0
2012/01/25,0,0,0,0
2012/01/26,0,0,0,0
2012/01/27,0,0,0,0
2012/01/30,0,1389000,-479000,910000
2012/01/31,0,1731000,-1616000,115000
2012/02/01,0,1552000,-862000,690000
2012/02/02,0,2885000,-825536,2059464
2012/02/03,0,1490000,-869000,621000
2012/02/06,0,2211000,-1493000,718000
2012/02/07,0,1812000,-685000,1127000
2012/02/08,0,1567000,-553000,1014000
2012/02/09,0,4015000,-982000,3033000
2012/02/10,0,2421000,-2636000,-215000
2012/02/13,0,1053000,-531000,522000
2012/02/14,0,858000,-1422000,-564000
2012/02/15,0,1347000,-679000,668000
2012/02/16,0,277000,-879420,-602420
2012/02/17,0,1201000,-1183001,17999
2012/02/20,0,173000,-1252000,-1079000
2012/02/21,0,750000,-731000,19000
2012/02/22,0,706000,-192000,514000
2012/02/23,0,186000,-541000,-355000
2012/02/24,0,441000,-879000,-438000
2012/02/27,0,0,0,0
2012/02/28,0,0,0,0
2012/02/29,0,978080,-603000,375080
2012/03/01,0,190000,-475000,-285000
2012/03/02,0,449000,-1003000,-554000
2012/03/05,0,447000,-1432000,-985000
2012/03/06,0,1107000,-567000,540000
2012/03/07,0,421000,-522000,-101000
2012/03/08,0,1242000,-560000,682000
2012/03/09,0,414000,-1693000,-1279000
2012/03/12,0,147000,-1350815,-1203815
2012/03/13,0,685000,-1523000,-838000
2012/03/14,0,633000,-276000,357000
2012/03/15,0,143000,-366000,-223000
2012/03/16,0,60000,-1050000,-990000
2012/03/19,0,269000,-1339000,-1070000
2012/03/20,0,145000,-630000,-485000
2012/03/21,0,69000,-215000,-146000
2012/03/22,0,626000,-270000,356000
2012/03/23,0,130000,-107000,23000
2012/03/26,0,429000,-886000,-457000
2012/03/27,0,155000,-361000,-206000
2012/03/28,0,99000,-576000,-477000
2012/03/29,0,742000,-1107072,-365072
2012/03/30,0,246000,-82000,164000
2012/04/02,0,324000,-442000,-118000
2012/04/03,0,672000,-1786000,-1114000
2012/04/04,0,0,0,0
2012/04/05,0,911000,-7595000,-6684000
2012/04/06,0,629000,-381000,248000
2012/04/09,0,407000,-389000,18000
2012/04/10,0,345000,-446000,-101000
2012/04/11,0,325000,-168000,157000
2012/04/12,0,102000,-104000,-2000
2012/04/13,0,629000,-306000,323000
2012/04/16,0,595000,-537000,58000
2012/04/17,0,373000,-563000,-190000
2012/04/18,0,249000,-230000,19000
2012/04/19,0,381000,-79000,302000
2012/04/20,0,208000,-371000,-163000
2012/04/23,0,543000,-538000,5000
2012/04/24,0,195000,-262000,-67000
2012/04/25,0,352000,-64000,288000
2012/04/26,0,155000,-540000,-385000
2012/04/27,0,41000,-268764,-227764
2012/04/30,0,279000,-106000,173000
2012/05/01,0,0,0,0
2012/05/02,0,922000,-17000,905000
2012/05/03,0,250000,-275000,-25000
2012/05/04,0,170000,-198000,-28000
2012/05/07,0,373000,-371000,2000
2012/05/08,0,772000,-156096,615904
2012/05/09,0,491000,-217126,273874
2012/05/10,0,149000,-43000,106000
2012/05/11,0,339000,-317000,22000
2012/05/14,0,301000,-513000,-212000
2012/05/15,0,936000,-592000,344000
2012/05/16,0,918000,-1342000,-424000
2012/05/17,0,226000,-4791000,-4565000
2012/05/18,0,531000,-2210000,-1679000
2012/05/21,0,599000,-2710000,-2111000
2012/05/22,0,132000,-63000,69000
2012/05/23,0,362000,-117000,245000
2012/05/24,0,672000,-125000,547000
2012/05/25,0,710000,-64000,646000
2012/05/28,0,916000,-445000,471000
2012/05/29,0,1062000,-920000,142000
2012/05/30,0,366000,-916000,-550000
2012/05/31,0,468000,-467000,1000
2012/06/01,0,200000,-482000,-282000
2012/06/04,0,737000,-456000,281000
2012/06/05,0,432000,-205000,227000
2012/06/06,0,91000,-203000,-112000
2012/06/07,0,179000,-234000,-55000
2012/06/08,0,74000,-151000,-77000
2012/06/11,0,192000,-87000,105000
2012/06/12,0,74000,-322000,-248000
2012/06/13,0,59000,-79000,-20000
2012/06/14,0,344000,-17000,327000
2012/06/15,0,824000,-193000,631000
2012/06/18,0,668000,-500000,168000
2012/06/19,0,318000,-278000,40000
2012/06/20,0,267000,-245000,22000
2012/06/21,0,51000,-371000,-320000
2012/06/22,0,470000,-718000,-248000
2012/06/25,0,163000,-413000,-250000
2012/06/26,0,33000,-51000,-18000
2012/06/27,0,458000,-270955,187045
2012/06/28,0,500000,-495000,5000
2012/06/29,0,1016000,-318000,698000
2012/07/02,0,409932,-578000,-168068
2012/07/03,0,3418000,-442000,2976000
2012/07/04,0,233000,-533000,-300000
2012/07/05,0,213000,-832000,-619000
2012/07/06,0,330000,-192000,138000
2012/07/09,0,144000,-157000,-13000
2012/07/10,0,192000,-134000,58000
2012/07/11,0,153000,-64000,89000
2012/07/12,0,584000,-111000,473000
2012/07/13,0,476000,-255000,221000
2012/07/16,0,39000,-592080,-553080
2012/07/17,0,261000,-194000,67000
2012/07/18,0,167000,-703000,-536000
2012/07/19,0,709000,-116000,593000
2012/07/20,0,253000,-208000,45000
2012/07/23,0,1429000,-676000,753000
2012/07/24,0,3192000,-581000,2611000
2012/07/25,0,1120000,-1489000,-369000
2012/07/26,0,290000,-601000,-311000
2012/07/27,0,1898000,-1102000,796000
2012/07/30,0,601000,-2129000,-1528000
2012/07/31,0,485000,-231000,254000
2012/08/01,0,27000,-417000,-390000
2012/08/02,0,0,0,0
2012/08/03,0,62000,-289000,-227000
2012/08/06,0,1065000,-545000,520000
2012/08/07,0,467000,-578000,-111000
2012/08/08,0,487000,-550000,-63000
2012/08/09,0,1645000,-1017000,628000
2012/08/10,0,1158000,-854000,304000
2012/08/13,0,933000,-318000,615000
2012/08/14,0,178000,-200000,-22000
2012/08/15,0,248000,-681000,-433000
2012/08/16,0,676000,-667000,9000
2012/08/17,0,146000,-294000,-148000
2012/08/20,0,495000,-207000,288000
2012/08/21,0,1024000,-189000,835000
2012/08/22,0,228000,-1417000,-1189000
2012/08/23,0,98000,-146373,-48373
2012/08/24,0,240000,-386193,-146193
2012/08/27,0,185000,-806774,-621774
2012/08/28,0,457000,-761900,-304900
2012/08/29,0,152000,-22000,130000
2012/08/30,0,669000,-1242490,-573490
2012/08/31,0,73000,-162000,-89000
2012/09/03,0,126000,-238226,-112226
2012/09/04,0,168000,-748680,-580680
2012/09/05,0,35000,-433226,-398226
2012/09/06,0,47000,-232574,-185574
2012/09/07,0,167000,-90000,77000
2012/09/10,0,350000,-721017,-371017
2012/09/11,0,39000,-631428,-592428
2012/09/12,0,332000,-12000,320000
2012/09/13,0,1375000,-172000,1203000
2012/09/14,0,4806000,-141000,4665000
2012/09/17,0,1966000,-3995880,-2029880
2012/09/18,0,2703000,-1156000,1547000
2012/09/19,0,1917000,-1393904,523096
2012/09/20,0,645000,-2006149,-1361149
2012/09/21,0,807000,-699000,108000
2012/09/24,0,451000,-739082,-288082
2012/09/25,0,330000,-1828000,-1498000
2012/09/26,0,701000,-2302000,-1601000
2012/09/27,0,465000,-704000,-239000
2012/09/28,0,719000,-153000,566000
2012/10/01,0,182000,-1613000,-1431000
2012/10/02,0,1224000,-221000,1003000
2012/10/03,0,325000,-857000,-532000
2012/10/04,0,1365000,-1168000,197000
2012/10/05,0,2521000,-398000,2123000
2012/10/08,0,166000,-2075000,-1909000
2012/10/09,0,424000,-872000,-448000
2012/10/10,0,0,0,0
2012/10/11,0,722000,-630607,91393
2012/10/12,0,291000,-893000,-602000
2012/10/15,0,537000,-812000,-275000
2012/10/16,0,92000,-388852,-296852
2012/10/17,0,935000,-1075000,-140000
2012/10/18,0,428000,-1229000,-801000
2012/10/19,0,117000,-436929,-319929
2012/10/22,0,198000,-155000,43000
2012/10/23,0,281000,-143000,138000
2012/10/24,0,855000,-350158,504842
2012/10/25,0,310000,-242192,67808
2012/10/26,0,429000,-1067319,-638319
2012/10/29,0,552000,-266000,286000
2012/10/30,0,1071000,-595000,476000
2012/10/31,0,452000,-467000,-15000
2012/11/01,0,1015000,-306000,709000
2012/11/02,0,1954000,-759000,1195000
2012/11/05,0,309000,-312000,-3000
2012/11/06,0,729000,-237000,492000
2012/11/07,0,804000,-409780,394220
2012/11/08,0,300000,-1980000,-1680000
2012/11/09,0,2643000,-404000,2239000
2012/11/12,0,912000,-418000,494000
2012/11/13,0,796000,-1027000,-231000
2012/11/14,0,287000,-749009,-462009
2012/11/15,0,870000,-151128,718872
2012/11/16,0,190000,-954991,-764991
2012/11/19,0,188000,-24000,164000
2012/11/20,0,9000,-196000,-187000
2012/11/21,0,384000,-145000,239000
2012/11/22,0,617000,-141000,476000
2012/11/23,0,2321000,-575748,1745252
2012/11/26,0,2067000,-695000,1372000
2012/11/27,0,1830000,-791000,1039000
2012/11/28,0,1117000,-799000,318000
2012/11/29,0,1022000,-410000,612000
2012/11/30,0,937000,-1135000,-198000
2012/12/03,0,928000,-292000,636000
2012/12/04,0,4675000,-5997000,-1322000
2012/12/05,0,1761000,-807000,954000
2012/12/06,0,352000,-1059000,-707000
2012/12/07,0,220000,-643000,-423000
2012/12/10,0,188000,-290000,-102000
2012/12/11,0,716000,-292000,424000
2012/12/12,0,664000,-820000,-156000
2012/12/13,0,734000,-482000,252000
2012/12/14,0,755000,-69000,686000
2012/12/17,0,159000,-335000,-176000
2012/12/18,0,335000,-452000,-117000
2012/12/19,0,261000,-252000,9000
2012/12/20,0,98000,-979000,-881000
2012/12/21,0,165000,-3184000,-3019000
2012/12/24,0,686000,-1875000,-1189000
2012/12/25,0,2385000,-521000,1864000
2012/12/26,0,273000,-1370000,-1097000
2012/12/27,0,558004,-636496,-78492
2012/12/28,0,445000,-320227,124773
2012/12/31,0,0,0,0
2013/01/01,0,0,0,0
2013/01/02,0,569000,-445000,124000
2013/01/03,0,1423000,-773380,649620
2013/01/04,0,294000,-529796,-235796
2013/01/07,0,81000,-658000,-577000
2013/01/08,0,97000,-344067,-247067
2013/01/09,0,517000,-99000,418000
2013/01/10,0,4985000,-1047000,3938000
2013/01/11,0,2015000,-3137000,-1122000
2013/01/14,0,744000,-1330931,-586931
2013/01/15,0,340000,-761000,-421000
2013/01/16,0,437000,-305000,132000
2013/01/17,0,234000,-3334000,-3100000
2013/01/18,0,184000,-696000,-512000
2013/01/21,0,232000,-3005374,-2773374
2013/01/22,0,792000,-808000,-16000
2013/01/23,0,154000,-1108748,-954748
2013/01/24,0,329000,-918116,-589116
2013/01/25,0,73000,-978187,-905187
2013/01/28,0,832000,-56000,776000
2013/01/29,0,420000,-426863,-6863
2013/01/30,0,4616000,-1852926,2763074
2013/01/31,0,841000,-4362368,-3521368
2013/02/01,0,1222000,-1282000,-60000
2013/02/04,0,5300000,-1821000,3479000
2013/02/05,0,2137000,-1430000,707000
2013/02/06,0,1223000,-3132064,-1909064
2013/02/07,0,0,0,0
2013/02/08,0,0,0,0
2013/02/11,0,0,0,0
2013/02/12,0,0,0,0
2013/02/13,0,0,0,0
2013/02/14,0,0,0,0
2013/02/15,0,0,0,0
2013/02/18,0,3784000,-2142678,1641322
2013/02/19,0,203000,-759001,-556001
2013/02/20,0,875000,-1543571,-668571
2013/02/21,0,677000,-1748632,-1071632
2013/02/22,0,1291000,-265000,1026000
2013/02/25,0,748000,-902972,-154972
2013/02/26,0,575000,-676222,-101222
2013/02/27,0,1110000,-775112,334888
2013/02/28,0,0,0,0
2013/03/01,0,862000,-440110,421890
2013/03/04,0,1697000,-1686000,11000
2013/03/05,0,2337000,-1870284,466716
2013/03/06,0,535000,-1491000,-956000
2013/03/07,0,1358000,-1288090,69910
2013/03/08,0,1975000,-1652877,322123
2013/03/11,0,521000,-1700458,-1179458
2013/03/12,0,1106000,-1920109,-814109
2013/03/13,0,399000,-1402865,-1003865
2013/03/14,0,1342000,-737756,604244
2013/03/15,0,548000,-1194428,-646428
2013/03/18,0,203000,-3134088,-2931088
2013/03/19,0,252000,-4884042,-4632042
2013/03/20,0,242000,-292941,-50941
2013/03/21,0,140000,-218000,-78000
2013/03/22,0,153000,-239000,-86000
2013/03/25,0,141000,-200067,-59067
2013/03/26,0,47000,-120522,-73522
2013/03/27,0,40000,-192729,-152729
2013/03/28,0,90000,-125000,-35000
2013/03/29,0,167000,-534000,-367000
2013/04/01,0,221000,-43000,178000
2013/04/02,0,133000,-323958,-190958
2013/04/03,0,119000,-534000,-415000
2013/04/04,0,0,0,0
2013/04/05,0,0,0,0
2013/04/08,0,209000,-492000,-283000
2013/04/09,0,177000,-256000,-79000
2013/04/10,0,133000,-173518,-40518
2013/04/11,0,66000,-669034,-603034
2013/04/12,0,195000,-458000,-263000
2013/04/15,0,150000,-548000,-398000
2013/04/16,0,285000,-635681,-350681
2013/04/17,0,112000,-800580,-688580
2013/04/18,0,92000,-461000,-369000
2013/04/19,0,934000,-402000,532000
2013/04/22,0,200000,-737000,-537000
2013/04/23,0,126000,-259000,-133000
2013/04/24,0,1563000,-155000,1408000
2013/04/25,0,210000,-2626000,-2416000
2013/04/26,0,505000,-198000,307000
2013/04/29,0,58000,-320000,-262000
2013/04/30,0,1511000,-454000,1057000
2013/05/01,0,0,0,0
2013/05/02,0,492000,-1120000,-628000
2013/05/03,0,5000,-695026,-690026
2013/05/06,0,395000,-270748,124252
2013/05/07,0,895000,-511000,384000
2013/05/08,0,255000,-96000,159000
2013/05/09,0,3200000,-306000,2894000
2013/05/10,0,3014000,-850000,2164000
2013/05/13,0,230000,-2662000,-2432000
2013/05/14,0,115000,-1437000,-1322000
2013/05/15,0,5435000,-1180510,4254490
2013/05/16,0,4808000,-3519000,1289000
2013/05/17,0,3345000,-2792000,553000
2013/05/20,0,1121000,-902000,219000
2013/05/21,0,2360000,-1478510,881490
2013/05/22,0,271000,-1001510,-730510
2013/05/23,0,699000,-2033577,-1334577
2013/05/24,0,390000,-1486795,-1096795
2013/05/27,0,721000,-607000,114000
2013/05/28,0,300000,-597861,-297861
2013/05/29,0,1118000,-633334,484666
2013/05/30,0,747000,-1411422,-664422
2013/05/31,0,1564000,-1572060,-8060
2013/06/03,0,729000,-1573437,-844437
2013/06/04,0,335000,-298927,36073
2013/06/05,0,687000,-363000,324000
2013/06/06,0,406000,-781906,-375906
2013/06/07,0,1022000,-748907,273093
2013/06/10,0,776000,-411436,364564
2013/06/11,0,1675000,-201905,1473095
2013/06/12,0,0,0,0
2013/06/13,0,1356000,-2735904,-1379904
2013/06/14,0,424000,-1523006,-1099006
2013/06/17,0,3165000,-900580,2264420
2013/06/18,0,376000,-270861,105139
2013/06/19,0,1157000,-622574,534426
2013/06/20,0,801000,-370577,430423
2013/06/21,0,1993000,-1056000,937000
2013/06/24,0,2763000,-225141,2537859
2013/06/25,0,1870395,-2489300,-618905
2013/06/26,0,632000,-4819000,-4187000
2013/06/27,0,426000,-1189105,-763105
2013/06/28,0,138000,-783890,-645890
2013/07/01,0,240000,-1339005,-1099005
2013/07/02,0,73000,-852326,-779326
2013/07/03,0,228000,-2215000,-1987000
2013/07/04,0,161000,-336000,-175000
2013/07/05,0,218000,-126000,92000
2013/07/08,0,182000,-902452,-720452
2013/07/09,0,153000,-465840,-312840
2013/07/10,0,504000,-391836,112164
2013/07/11,0,855000,-454203,400797
2013/07/12,0,1500000,-621000,879000
2013/07/15,0,391000,-792554,-401554
2013/07/16,0,141000,-918555,-777555
2013/07/17,0,1449000,-1069000,380000
2013/07/18,0,507000,-768000,-261000
2013/07/19,0,637000,-421000,216000
2013/07/22,0,2750000,-370438,2379562
2013/07/23,0,1603000,-3071000,-1468000
2013/07/24,0,589000,-750000,-161000
2013/07/25,0,764000,-642000,122000
2013/07/26,0,791000,-333000,458000
2013/07/29,0,70000,-699504,-629504
2013/07/30,0,337000,-17000,320000
2013/07/31,0,105000,-99000,6000
2013/08/01,0,157000,-290000,-133000
2013/08/02,0,283000,-108000,175000
2013/08/05,0,92000,-123000,-31000
2013/08/06,0,206000,-1230920,-1024920
2013/08/07,0,239000,-384000,-145000
2013/08/08,0,383000,-201000,182000
2013/08/09,0,268000,-860010,-592010
2013/08/12,0,307000,-361000,-54000
2013/08/13,0,63000,-714802,-651802
2013/08/14,0,76000,-605000,-529000
2013/08/15,0,294000,-603706,-309706
2013/08/16,0,625000,-254010,370990
2013/08/19,0,9000,-281965,-272965
2013/08/20,0,340000,-67000,273000
2013/08/21,0,0,0,0
2013/08/22,0,302000,-312000,-10000
2013/08/23,0,166000,-112000,54000
2013/08/26,0,80000,-19000,61000
2013/08/27,0,48000,-161000,-113000
2013/08/28,0,30000,-86000,-56000
2013/08/29,0,649000,-209000,440000
2013/08/30,0,2113000,-450000,1663000
2013/09/02,0,40000,-41000,-1000
2013/09/03,0,23000,-245000,-222000
2013/09/04,0,1141000,-321000,820000
2013/09/05,0,467000,-536000,-69000
2013/09/06,0,129000,-228000,-99000
2013/09/09,0,520000,-437586,82414
2013/09/10,0,364000,-823000,-459000
2013/09/11,0,897000,-843583,53417
2013/09/12,0,73000,-379492,-306492
2013/09/13,0,14000,-81737,-67737
2013/09/16,0,101000,-643920,-542920
2013/09/17,0,11000,-173580,-162580
2013/09/18,0,1443000,-201740,1241260
2013/09/19,0,0,0,0
2013/09/20,0,0,0,0
2013/09/23,0,381000,-347000,34000
2013/09/24,0,91000,-362660,-271660
2013/09/25,0,141000,-201000,-60000
2013/09/26,0,52000,-562488,-510488
2013/09/27,0,93000,-213585,-120585
2013/09/30,0,341000,-1578579,-1237579
2013/10/01,0,88000,-112000,-24000
2013/10/02,0,28000,-123580,-95580
2013/10/03,0,1122000,-243000,879000
2013/10/04,0,1237000,-628656,608344
2013/10/07,0,525000,-779406,-254406
2013/10/08,0,430000,-282000,148000
2013/10/09,0,83000,-1037158,-954158
2013/10/10,0,0,0,0
2013/10/11,0,71000,-416000,-345000
2013/10/14,0,140000,-61000,79000
2013/10/15,0,232000,-198000,34000
2013/10/16,0,107000,-391576,-284576
2013/10/17,0,156000,-529154,-373154
2013/10/18,0,12000,-1312000,-1300000
2013/10/21,0,20000,-229000,-209000
2013/10/22,0,139000,-15000,124000
2013/10/23,0,780000,-724576,55424
2013/10/24,0,71000,-106000,-35000
2013/10/25,0,114000,-466096,-352096
2013/10/28,0,30000,-51000,-21000
2013/10/29,0,1739000,-412000,1327000
2013/10/30,0,34000,-162000,-128000
2013/10/31,0,11000,-43000,-32000
2013/11/01,0,87000,-113000,-26000
2013/11/04,0,0,-202187,-202187
2013/11/05,0,252000,-92000,160000
2013/11/06,0,197000,-17000,180000
2013/11/07,0,57000,-46008,10992
2013/11/08,0,42000,-222000,-180000
2013/11/11,0,143000,-34389,108611
2013/11/12,0,596000,-205000,391000
2013/11/13,0,280000,-240000,40000
2013/11/14,0,114000,-369000,-255000
2013/11/15,0,160000,-38000,122000
2013/11/18,0,136000,-172540,-36540
2013/11/19,0,1038000,-278000,760000
2013/11/20,0,283000,-148008,134992
2013/11/21,0,188000,-232000,-44000
2013/11/22,0,40000,-688000,-648000
2013/11/25,0,456000,-133000,323000
2013/11/26,0,264000,-17000,247000
2013/11/27,0,8000,-129494,-121494
2013/11/28,0,678000,-666000,12000
2013/11/29,0,55000,-137000,-82000
2013/12/02,0,5000,-243000,-238000
2013/12/03,0,463000,-258454,204546
2013/12/04,0,178000,-407000,-229000
2013/12/05,0,305000,-32000,273000
2013/12/06,0,441000,-259000,182000
2013/12/09,0,664000,-248000,416000
2013/12/10,0,355000,-226000,129000
2013/12/11,0,499000,-264984,234016
2013/12/12,0,121000,-272000,-151000
2013/12/13,0,52000,-105000,-53000
2013/12/16,0,105000,-208000,-103000
2013/12/17,0,19000,-91000,-72000
2013/12/18,0,1993000,-727000,1266000
2013/12/19,0,820000,-1369000,-549000
2013/12/20,0,709000,-468000,241000
2013/12/23,0,3688000,-529000,3159000
2013/12/24,0,525000,-656000,-131000
2013/12/25,0,1379000,-329000,1050000
2013/12/26,0,4192000,-830000,3362000
2013/12/27,0,546000,-1550000,-1004000
2013/12/30,0,10846970,-701909,10145061
2013/12/31,0,2007000,-7723000,-5716000
2014/01/02,0,1226000,-1330720,-104720
2014/01/03,0,1813000,-1397036,415964
2014/01/06,0,2175000,-4144000,-1969000
2014/01/07,0,2199000,-1342000,857000
2014/01/08,0,1721000,-240000,1481000
2014/01/09,0,1160000,-1473719,-313719
2014/01/10,0,273000,-870000,-597000
2014/01/13,0,426000,-1454260,-1028260
2014/01/14,0,1043000,-2327000,-1284000
2014/01/15,0,2511000,-954948,1556052
2014/01/16,0,904047,-2497000,-1592953
2014/01/17,0,588000,-444000,144000
2014/01/20,0,552000,-2446000,-1894000
2014/01/21,0,48000,-956000,-908000
2014/01/22,0,515000,-40000,475000
2014/01/23,0,414000,-637070,-223070
2014/01/24,0,305000,-131000,174000
2014/01/27,0,1200000,-1259680,-59680
2014/02/05,0,1003000,-1035712,-32712
2014/02/06,0,22000,-174000,-152000
2014/02/07,0,753000,-681709,71291
2014/02/10,0,1613000,-868000,745000
2014/02/11,0,2032991,-1257000,775991
2014/02/12,0,178000,-2970000,-2792000
2014/02/13,0,116000,-1127000,-1011000
2014/02/14,0,557000,-240000,317000
2014/02/17,0,5000,-80000,-75000
2014/02/18,0,97000,-54000,43000
2014/02/19,0,103000,-282000,-179000
2014/02/20,0,5000,-308000,-303000
2014/02/21,0,255000,-19000,236000
2014/02/24,0,711000,-429000,282000
2014/02/25,0,1000000,-185918,814082
2014/02/26,0,785000,-42000,743000
2014/02/27,0,621000,-74000,547000
2014/03/03,0,1779000,-1742840,36160
2014/03/04,0,1039000,-299000,740000
2014/03/05,0,692000,-267000,425000
2014/03/06,0,1131000,-228000,903000
2014/03/07,0,941000,-343000,598000
2014/03/10,0,3077000,-352000,2725000
2014/03/11,0,509000,-132000,377000
2014/03/12,0,845000,-264000,581000
2014/03/13,0,1185000,-765232,419768
2014/03/14,0,1045000,-797460,247540
2014/03/17,0,631000,-352464,278536
2014/03/18,0,7104005,-1841348,5262657
2014/03/19,0,167000,-5271364,-5104364
2014/03/20,0,667000,-1279230,-612230
2014/03/21,0,401000,-1249055,-848055
2014/03/24,0,816000,-228000,588000
2014/03/25,0,640000,-189000,451000
2014/03/26,0,5197000,-244000,4953000
2014/03/27,0,1605000,-2113000,-508000
2014/03/28,0,845000,-1875000,-1030000
2014/03/31,0,367000,-668000,-301000
2014/04/01,0,868000,-687109,180891
2014/04/02,0,891000,-157000,734000
2014/04/03,0,472000,-186000,286000
2014/04/07,0,484000,-1087000,-603000
2014/04/08,0,1186000,-1081000,105000
2014/04/09,0,194000,-240616,-46616
2014/04/10,0,4352000,-847000,3505000
2014/04/11,0,347000,-3253000,-2906000
2014/04/14,0,740000,-778000,-38000
2014/04/15,0,52000,-438000,-386000
2014/04/16,0,559000,-2042669,-1483669
2014/04/17,0,278000,-280000,-2000
2014/04/18,0,327000,-231000,96000
2014/04/21,0,646000,-241034,404966
2014/04/22,0,339000,-430000,-91000
2014/04/23,0,402000,-295000,107000
2014/04/24,0,209000,-1255000,-1046000
2014/04/25,0,372000,-8411000,-8039000
2014/04/28,0,548000,-327000,221000
2014/04/29,0,1328000,-301166,1026834
2014/04/30,0,135000,-541243,-406243
2014/05/02,0,239000,-278000,-39000
2014/05/05,0,64000,-174000,-110000
2014/05/06,0,886000,-575588,310412
2014/05/07,0,340000,-1336336,-996336
2014/05/08,0,317000,-1117045,-800045
2014/05/09,0,343000,-730000,-387000
2014/05/12,0,387000,-665000,-278000
2014/05/13,0,383000,-283000,100000
2014/05/14,0,718000,-350000,368000
2014/05/15,0,84000,-78438,5562
2014/05/16,0,225000,-98000,127000
2014/05/19,0,264000,-551000,-287000
2014/05/20,0,443000,-147000,296000
2014/05/21,0,401000,-1359000,-958000
2014/05/22,0,550000,-472000,78000
2014/05/23,0,808000,-648000,160000
2014/05/26,0,985000,-543000,442000
2014/05/27,0,362000,-605000,-243000
2014/05/28,0,3497000,-219000,3278000
2014/05/29,0,728000,-1750779,-1022779
2014/05/30,0,1006000,-1174360,-168360
2014/06/03,0,464000,-558000,-94000
2014/06/04,0,105000,-733643,-628643
2014/06/05,0,528000,-291116,236884
2014/06/06,0,515000,-915000,-400000
2014/06/09,0,1719000,-513000,1206000
2014/06/10,0,958000,-2036000,-1078000
2014/06/11,0,55000,-1465000,-1410000
2014/06/12,0,590000,-1676000,-1086000
2014/06/13,0,73000,-985580,-912580
2014/06/16,0,653000,-324000,329000
2014/06/17,0,537000,-311000,226000
2014/06/18,0,2561000,-999000,1562000
2014/06/19,0,1567000,-856000,711000
2014/06/20,0,381000,-1550000,-1169000
2014/06/23,0,526000,-1430000,-904000
2014/06/24,0,10046000,-303000,9743000
2014/06/25,0,2640000,-2989000,-349000
2014/06/26,0,2705000,-3593000,-888000
2014/06/27,0,183000,-3287000,-3104000
2014/06/30,0,664000,-2458000,-1794000
2014/07/01,0,1059000,-966000,93000
2014/07/02,0,1327000,-1692000,-365000
2014/07/03,0,1669000,-566000,1103000
2014/07/04,0,1976000,-156000,1820000
2014/07/07,0,520000,-497000,23000
2014/07/08,0,1058000,-506000,552000
2014/07/09,0,1562000,-1783000,-221000
2014/07/10,0,1041000,-2507000,-1466000
2014/07/11,0,2343000,-890000,1453000
2014/07/14,0,2420000,-943000,1477000
2014/07/15,0,864000,-2302000,-1438000
2014/07/16,0,1681000,-3230000,-1549000
2014/07/17,0,1231000,-625000,606000
2014/07/18,0,2224000,-687000,1537000
2014/07/21,0,257000,-1691000,-1434000
2014/07/22,0,794000,-456000,338000
2014/07/23,0,0,0,0
2014/07/24,0,1391000,-1051000,340000
2014/07/25,0,2699000,-1306000,1393000
2014/07/28,0,902000,-880000,22000
2014/07/29,0,1718000,-2028000,-310000
2014/07/30,0,421000,-1990000,-1569000
2014/07/31,0,2115000,-1938000,177000
2014/08/01,0,1181000,-455000,726000
2014/08/04,0,710000,-313000,397000
2014/08/05,0,1675000,-3614847,-1939847
2014/08/06,0,327000,-1474866,-1147866
2014/08/07,0,90000,-1138000,-1048000
2014/08/08,0,40000,-1174000,-1134000
2014/08/11,0,328000,-563000,-235000
2014/08/12,0,46000,-915000,-869000
2014/08/13,0,96000,-1318000,-1222000
2014/08/14,0,449000,-1166000,-717000
2014/08/15,0,1012000,-376000,636000
2014/08/18,0,632000,-297000,335000
2014/08/19,0,2449000,-1183000,1266000
2014/08/20,0,958000,-3741886,-2783886
2014/08/21,0,1320000,-188000,1132000
2014/08/22,0,1349000,-3473000,-2124000
2014/08/25,0,557000,-559000,-2000
2014/08/26,0,1079000,-749000,330000
2014/08/27,0,631000,-672000,-41000
2014/08/28,0,1792000,-192000,1600000
2014/08/29,0,1180000,-417986,762014
2014/09/01,0,367000,-509000,-142000
2014/09/02,0,1062000,-424946,637054
2014/09/03,0,496000,-581068,-85068
2014/09/04,0,629000,-480972,148028
2014/09/05,0,424000,-119000,305000
2014/09/09,0,50000,-602088,-552088
2014/09/10,0,199000,-1279000,-1080000
2014/09/11,0,176000,-666000,-490000
2014/09/12,0,283000,-559000,-276000
2014/09/15,0,150000,-1062000,-912000
2014/09/16,0,65000,-716000,-651000
2014/09/17,0,1174000,-1156006,17994
2014/09/18,0,109000,-385000,-276000
2014/09/19,0,500000,-1889717,-1389717
2014/09/22,0,5000,-1473004,-1468004
2014/09/23,0,514000,-356000,158000
2014/09/24,0,1021000,-29000,992000
2014/09/25,0,252000,-817028,-565028
2014/09/26,0,846000,-62000,784000
2014/09/29,0,51000,-520000,-469000
2014/09/30,0,487000,-674600,-187600
2014/10/01,0,365000,-226000,139000
2014/10/02,0,558000,-522000,36000
2014/10/03,0,680000,-615000,65000
2014/10/06,0,556000,-611825,-55825
2014/10/07,0,512000,-568612,-56612
2014/10/08,0,114000,-338750,-224750
2014/10/09,0,864000,-172000,692000
2014/10/13,0,494000,-303000,191000
2014/10/14,0,299000,-1022000,-723000
2014/10/15,0,155000,-260000,-105000
2014/10/16,0,650000,-241750,408250
2014/10/17,0,11000,-657000,-646000
2014/10/20,0,35000,-655000,-620000
2014/10/21,0,0,-798710,-798710
2014/10/22,0,80000,-20000,60000
2014/10/23,0,0,-75500,-75500
2014/10/24,0,273000,-676855,-403855
2014/10/27,0,178000,-525000,-347000
2014/10/28,0,644000,-71000,573000
2014/10/29,0,164000,-470000,-306000
2014/10/30,0,550000,-121000,429000
2014/10/31,0,296000,-311000,-15000
2014/11/03,0,130000,-284000,-154000
2014/11/04,0,255000,-1125000,-870000
2014/11/05,0,338000,-181000,157000
2014/11/06,0,569000,-236715,332285
2014/11/07,0,321000,-115117,205883
2014/11/10,0,1655000,-391648,1263352
2014/11/11,0,241000,-890000,-649000
2014/11/12,0,360000,-790000,-430000
2014/11/13,0,171000,-87000,84000
2014/11/14,0,60000,-254000,-194000
2014/11/17,0,330000,-30000,300000
2014/11/18,0,288000,-1048900,-760900
2014/11/19,0,477000,-893953,-416953
2014/11/20,0,2886000,-477000,2409000
2014/11/21,0,1129000,-116000,1013000
2014/11/24,0,44000,-444000,-400000
2014/11/25,0,308000,-78000,230000
2014/11/26,0,336000,-64000,272000
2014/11/27,0,270000,-151000,119000
2014/11/28,0,792000,-778000,14000
2014/12/01,0,989000,-1628000,-639000
2014/12/02,0,1387000,-1219000,168000
2014/12/03,0,4206000,-3164148,1041852
2014/12/04,0,992000,-2644136,-1652136
2014/12/05,0,2044000,-397886,1646114
2014/12/08,0,503000,-869158,-366158
2014/12/09,0,325000,-485010,-160010
2014/12/10,0,337000,-657000,-320000
2014/12/11,0,2517000,-250000,2267000
2014/12/12,0,304000,-2778000,-2474000
2014/12/15,0,1102000,-1600000,-498000
2014/12/16,0,1924000,-236000,1688000
2014/12/17,0,2292000,-1985000,307000
2014/12/18,0,540000,-2298190,-1758190
2014/12/19,0,1292000,-224000,1068000
2014/12/22,0,106000,-56248,49752
2014/12/23,0,89000,-62000,27000
2014/12/24,0,892000,-208000,684000
2014/12/25,0,135000,-170000,-35000
2014/12/26,0,913000,-175000,738000
2014/12/29,0,187000,-2179000,-1992000
2014/12/30,0,142000,-1550750,-1408750
2014/12/31,0,300000,-1795288,-1495288
2015/01/01,0,0,0,0
2015/01/02,0,0,0,0
2015/01/05,0,627000,-158185,468815
2015/01/06,0,465000,-1033550,-568550
2015/01/07,0,330000,-601000,-271000
2015/01/08,0,2713000,-957000,1756000
2015/01/09,0,2165000,-1507000,658000
2015/01/12,0,150000,-625000,-475000
2015/01/13,0,708000,-89000,619000
2015/01/14,0,530000,-1108238,-578238
2015/01/15,0,98000,-400000,-302000
2015/01/16,0,204000,-1260506,-1056506
2015/01/19,0,13000,-1111000,-1098000
2015/01/20,0,641000,-1201000,-560000
2015/01/21,0,280000,-920000,-640000
2015/01/22,0,2097000,-493000,1604000
2015/01/23,0,3459130,-1492000,1967130
2015/01/26,0,1122000,-220000,902000
2015/01/27,0,891000,-228000,663000
2015/01/28,0,441000,-183000,258000
2015/01/29,0,1212000,-1125000,87000
2015/01/30,0,660000,-318000,342000
2015/02/02,0,1346000,-413000,933000
2015/02/03,0,293000,-20000,273000
2015/02/04,0,2811000,-872108,1938892
2015/02/05,0,328000,-781108,-453108
2015/02/06,0,214000,-560000,-346000
2015/02/09,0,146000,-140000,6000
2015/02/10,0,122000,-295000,-173000
2015/02/11,0,122000,-396130,-274130
2015/02/12,0,1000,-736128,-735128
2015/02/13,0,80000,-715000,-635000
2015/02/16,0,0,0,0
2015/02/17,0,0,0,0
2015/02/18,0,0,0,0
2015/02/19,0,0,0,0
2015/02/20,0,0,0,0
2015/02/23,0,0,0,0
2015/02/24,0,190000,-979315,-789315
2015/02/25,0,194000,-2125072,-1931072
2015/02/26,0,68000,0,68000
2015/02/27,0,0,0,0
2015/03/02,0,255000,-64000,191000
2015/03/03,0,2187000,-60825,2126175
2015/03/04,0,469000,-247000,222000
2015/03/05,0,161000,-652072,-491072
2015/03/06,0,54000,-715000,-661000
2015/03/09,0,78000,-93270,-15270
2015/03/10,0,775000,-221000,554000
2015/03/11,0,180000,-850084,-670084
2015/03/12,0,64000,-392550,-328550
2015/03/13,0,318000,-878000,-560000
2015/03/16,0,557000,-104000,453000
2015/03/17,0,8000,-1234072,-1226072
2015/03/18,0,20000,-443800,-423800
2015/03/19,0,437000,-298000,139000
2015/03/20,0,16120,-249120,-233000
2015/03/23,0,100000,-270000,-170000
2015/03/24,0,165000,-62000,103000
2015/03/25,0,337000,-99000,238000
2015/03/26,0,52000,-521000,-469000
2015/03/27,0,35000,-483000,-448000
2015/03/30,0,17000,-172000,-155000
2015/03/31,0,56000,-347000,-291000
2015/04/01,0,121000,-30000,91000
2015/04/02,0,4000,-152000,-148000
2015/04/03,0,0,0,0
2015/04/06,0,0,0,0
2015/04/07,0,3000,-1270000,-1267000
2015/04/08,0,30000,-69000,-39000
2015/04/09,0,724000,-408000,316000
2015/04/10,0,414000,-100000,314000
2015/04/13,0,814000,-104016,709984
2015/04/14,0,685000,-938070,-253070
2015/04/15,0,338000,-784000,-446000
2015/04/16,0,13000,-539000,-526000
2015/04/17,0,1177000,-684000,493000
2015/04/20,0,122000,-66000,56000
2015/04/21,0,4000,-641000,-637000
2015/04/22,0,7273000,-454309,6818691
2015/04/23,0,11991000,-6383000,5608000
2015/04/24,0,10731000,-14730000,-3999000
2015/04/27,0,14002000,-5981694,8020306
2015/04/28,0,5652980,-5910000,-257020
2015/04/29,0,3147000,-5142000,-1995000
2015/04/30,0,7564000,-4412842,3151158
2015/05/01,0,0,0,0
2015/05/04,0,5410000,-2475000,2935000
2015/05/05,0,1964000,-3370958,-1406958
2015/05/06,0,2853000,-3627000,-774000
2015/05/07,0,3941000,-15396000,-11455000
2015/05/08,0,5061000,-7810000,-2749000
2015/05/11,0,1785000,-7582000,-5797000
2015/05/12,0,1188000,-1134000,54000
2015/05/13,0,954000,-821000,133000
2015/05/14,0,1369000,-4752000,-3383000
2015/05/15,0,4962000,-4296020,665980
2015/05/18,0,1560000,-4250030,-2690030
2015/05/19,0,9098000,-9383000,-285000
2015/05/20,0,1428000,-4726000,-3298000
2015/05/21,0,3544440,-10948009,-7403569
2015/05/22,0,2182000,-2140000,42000
2015/05/25,0,1826000,-3149002,-1323002
2015/05/26,0,3757000,-9269008,-5512008
2015/05/27,0,3251000,-8069000,-4818000
2015/05/28,0,4539000,-3966000,573000
2015/05/29,0,3653000,-4007000,-354000
2015/06/01,0,4311000,-5189000,-878000
2015/06/02,0,1289000,-5844776,-4555776
2015/06/03,0,267000,-6887000,-6620000
2015/06/04,0,1793000,-5591942,-3798942
2015/06/05,0,1195000,-6266487,-5071487
2015/06/08,0,852000,-4442757,-3590757
2015/06/09,0,2025000,-7114000,-5089000
2015/06/10,0,585000,-5599219,-5014219
2015/06/11,0,1061000,-1472820,-411820
2015/06/12,0,623000,-2558000,-1935000
2015/06/15,0,1115000,-955000,160000
2015/06/16,0,1210000,-2851000,-1641000
2015/06/17,0,5308000,-4880000,428000
2015/06/18,0,984000,-4522000,-3538000
2015/06/19,0,0,0,0
2015/06/22,0,7232000,-6459000,773000
2015/06/23,0,4249000,-7736640,-3487640
2015/06/24,0,3240000,-5201000,-1961000
2015/06/25,0,7905000,-8974000,-1069000
2015/06/26,0,1173000,-5706000,-4533000
2015/06/29,0,4226000,-8810870,-4584870
2015/06/30,0,3223000,-4919365,-1696365
2015/07/01,0,4949000,-3366146,1582854
2015/07/02,0,3457000,-3740000,-283000
2015/07/03,0,6392000,-5685000,707000
2015/07/06,0,2302000,-1781487,520513
2015/07/07,0,3440000,-3954633,-514633
2015/07/08,0,1719000,-9293000,-7574000
2015/07/09,0,2748000,-4609000,-1861000
2015/07/10,0,0,0,0
2015/07/13,0,3816000,-1487000,2329000
2015/07/14,0,4437000,-1557297,2879703
2015/07/15,0,6916000,-3837853,3078147
2015/07/16,0,126000,-4616641,-4490641
2015/07/17,0,366000,-824000,-458000
2015/07/20,0,303000,-997000,-694000
2015/07/21,0,410000,-513000,-103000
2015/07/22,0,726000,-638438,87562
2015/07/23,0,1329000,-742000,587000
2015/07/24,0,442000,-708000,-266000
2015/07/27,0,195000,-3001000,-2806000
2015/07/28,0,3092000,-672000,2420000
2015/07/29,0,377000,-808000,-431000
2015/07/30,0,7913000,-1931000,5982000
2015/07/31,0,454000,-5333000,-4879000
2015/08/03,0,354000,-1943000,-1589000
2015/08/04,0,2148000,-1496000,652000
2015/08/05,0,2023000,-293665,1729335
2015/08/06,0,461000,-3722000,-3261000
2015/08/07,0,486000,-807775,-321775
2015/08/10,0,1494000,-1913000,-419000
2015/08/11,0,1918000,-671000,1247000
2015/08/12,0,1673000,-5735000,-4062000
2015/08/13,0,1580000,-2292000,-712000
2015/08/14,0,6891000,-4321000,2570000
2015/08/17,0,610000,-3700000,-3090000
2015/08/18,0,800000,-2617000,-1817000
2015/08/19,0,720000,-2356000,-1636000
2015/08/20,0,809220,-805000,4220
2015/08/21,0,757000,-1154000,-397000
2015/08/24,0,679000,-1806274,-1127274
2015/08/25,0,1209000,-987000,222000
2015/08/26,0,1275000,-1256301,18699
2015/08/27,0,202000,-1667453,-1465453
2015/08/28,0,660000,-1224585,-564585
2015/08/31,0,111000,-856120,-745120
2015/09/01,0,89000,-1057672,-968672
2015/09/02,0,71000,-268000,-197000
2015/09/03,0,1205000,-654000,551000
2015/09/04,0,163000,-1031544,-868544
2015/09/07,0,1057000,-88000,969000
2015/09/08,0,561000,-1013000,-452000
2015/09/09,0,4615000,-381000,4234000
2015/09/10,0,216000,-1673275,-1457275
2015/09/11,0,2082000,-918000,1164000
2015/09/14,0,1056000,-543000,513000
2015/09/15,0,214000,-3983000,-3769000
2015/09/16,0,7000,-892000,-885000
2015/09/17,0,2859000,-179000,2680000
2015/09/18,0,546000,-1050000,-504000
2015/09/21,0,40000,-1508132,-1468132
2015/09/22,0,189000,-301000,-112000
2015/09/23,0,12000,-1389000,-1377000
2015/09/24,0,1008000,-478000,530000
2015/09/25,0,292000,-399000,-107000
2015/09/28,0,0,0,0
2015/09/29,0,0,0,0
2015/09/30,0,816000,-7931,808069
2015/10/01,0,1376000,-779144,596856
2015/10/02,0,644000,-85334,558666
2015/10/05,0,66000,-762000,-696000
2015/10/06,0,833000,-316262,516738
2015/10/07,0,4042000,-87000,3955000
2015/10/08,0,4528000,-836199,3691801
2015/10/09,0,0,0,0
2015/10/12,0,4573000,-231000,4342000
2015/10/13,0,4805000,-119786,4685214
2015/10/14,0,1715000,-214683,1500317
2015/10/15,0,3324000,-6000,3318000
2015/10/16,0,2996000,-1228000,1768000
2015/10/19,0,3348000,-160761,3187239
2015/10/20,0,2136000,-332000,1804000
2015/10/21,0,1168000,-746000,422000
2015/10/22,0,1001000,-660000,341000
2015/10/23,0,1081000,-1346000,-265000
2015/10/26,0,498000,-845148,-347148
2015/10/27,0,568000,-483421,84579
2015/10/28,0,120000,-55192,64808
2015/10/29,0,2918000,-1185581,1732419
2015/10/30,0,2182000,-1440000,742000
2015/11/02,0,769000,-2380000,-1611000
2015/11/03,0,4961378,-3518000,1443378
2015/11/04,0,3636000,-5096000,-1460000
2015/11/05,0,3381000,-1466634,1914366
2015/11/06,0,4993000,-3449997,1543003
2015/11/09,0,1378000,-545000,833000
2015/11/10,0,1572000,-1284000,288000
2015/11/11,0,1899000,-825536,1073464
2015/11/12,0,3555000,-966190,2588810
2015/11/13,0,3131000,-1524857,1606143
2015/11/16,0,2534000,-310000,2224000
2015/11/17,0,3316000,-2626000,690000
2015/11/18,0,1332000,-4001999,-2669999
2015/11/19,0,1526000,-1694168,-168168
2015/11/20,0,748000,-838580,-90580
2015/11/23,0,374000,-735000,-361000
2015/11/24,0,533000,-171000,362000
2015/11/25,0,214000,-1263000,-1049000
2015/11/26,0,2709000,-240000,2469000
2015/11/27,0,102000,-1026000,-924000
2015/11/30,0,1051000,-1502538,-451538
2015/12/01,0,663000,-112000,551000
2015/12/02,0,933000,-660102,272898
2015/12/03,0,2276000,-1000,2275000
2015/12/04,0,113000,-390445,-277445
2015/12/07,0,605000,-813000,-208000
2015/12/08,0,15000,-1456000,-1441000
2015/12/09,0,0,-1503000,-1503000
2015/12/10,0,245000,-814000,-569000
2015/12/11,0,0,-1289833,-1289833
2015/12/14,0,377000,-733000,-356000
2015/12/15,0,386000,-1171835,-785835
2015/12/16,0,202000,-1474000,-1272000
2015/12/17,0,1114000,-1184000,-70000
2015/12/18,0,122000,-1185000,-1063000
2015/12/21,0,66000,-396366,-330366
2015/12/22,0,63000,-77884,-14884
2015/12/23,0,888000,-24000,864000
2015/12/24,0,120000,-144000,-24000
2015/12/25,0,0,-269000,-269000
2015/12/28,0,10000,-51000,-41000
2015/12/29,0,210000,-271000,-61000
2015/12/30,0,100000,-595346,-495346
2015/12/31,0,267000,-917000,-650000
2016/01/01,0,0,0,0
2016/01/04,0,425000,-1145063,-720063
2016/01/05,0,513000,-679000,-166000
2016/01/06,0,197000,-507294,-310294
2016/01/07,0,1298000,-877000,421000
2016/01/08,0,2721000,-1672,2719328
2016/01/11,0,26000,-1959000,-1933000
2016/01/12,0,0,-1110843,-1110843
2016/01/13,0,525000,-116000,409000
2016/01/14,0,250000,-285993,-35993
2016/01/15,0,49000,-660230,-611230
2016/01/18,0,1008000,-1565692,-557692
2016/01/19,0,522000,-94000,428000
2016/01/20,0,187000,-1183964,-996964
2016/01/21,0,300000,-1857846,-1557846
2016/01/22,0,10000,-822000,-812000
2016/01/25,0,259000,0,259000
2016/01/26,0,140000,-1046000,-906000
2016/01/27,0,140000,-449850,-309850
2016/01/28,0,536000,-419000,117000
2016/01/29,0,3731000,-1487000,2244000
2016/02/01,0,29000,-1683000,-1654000
2016/02/02,0,114000,-535000,-421000
2016/02/03,0,150000,-1687141,-1537141
2016/02/04,0,0,0,0
2016/02/05,0,0,0,0
2016/02/08,0,0,0,0
2016/02/09,0,0,0,0
2016/02/10,0,0,0,0
2016/02/11,0,0,0,0
2016/02/12,0,0,0,0
2016/02/15,0,290000,-173000,117000
2016/02/16,0,3439000,-1002852,2436148
2016/02/17,0,746000,-1064000,-318000
2016/02/18,0,1191000,-467028,723972
2016/02/19,0,282000,-319000,-37000
2016/02/22,0,690000,-698143,-8143
2016/02/23,0,307000,-301000,6000
2016/02/24,0,400000,-970000,-570000
2016/02/25,0,262000,-729000,-467000
2016/02/26,0,507000,-508140,-1140
2016/02/29,0,0,0,0
2016/03/01,0,550000,-288000,262000
2016/03/02,0,1023000,-1060580,-37580
2016/03/03,0,1870000,-1552670,317330
2016/03/04,0,2964000,-1622000,1342000
2016/03/07,0,117000,-1458790,-1341790
2016/03/08,0,663000,-2221574,-1558574
2016/03/09,0,1223000,-262000,961000
2016/03/10,0,1124000,-688000,436000
2016/03/11,0,449000,-563107,-114107
2016/03/14,0,471000,-508000,-37000
2016/03/15,0,1000,-1475000,-1474000
2016/03/16,0,191000,-1507000,-1316000
2016/03/17,0,1410000,-931000,479000
2016/03/18,0,685000,-1674000,-989000
2016/03/21,0,1031000,-820000,211000
2016/03/22,0,9030000,-315000,8715000
2016/03/23,0,790000,-123394,666606
2016/03/24,0,557000,-922095,-365095
2016/03/25,0,401000,-118000,283000
2016/03/28,0,477000,-10000,467000
2016/03/29,0,694000,-3523000,-2829000
2016/03/30,0,520000,-292000,228000
2016/03/31,0,1087000,-55295,1031705
2016/04/01,0,217000,-1175000,-958000
2016/04/04,0,0,0,0
2016/04/05,0,0,0,0
2016/04/06,0,606000,-116000,490000
2016/04/07,0,138000,-1179000,-1041000
2016/04/08,0,1142000,-200000,942000
2016/04/11,0,10000,-617000,-607000
2016/04/12,0,176000,-900000,-724000
2016/04/13,0,664000,-86000,578000
2016/04/14,0,1056000,-122000,934000
2016/04/15,0,79000,-223000,-144000
2016/04/18,0,5000,-126000,-121000
2016/04/19,0,100000,-94000,6000
2016/04/20,0,153000,-888000,-735000
2016/04/21,0,2656000,-260705,2395295
2016/04/22,0,393000,-769000,-376000
2016/04/25,0,8000000,-101000,7899000
2016/04/26,0,5103000,-281000,4822000
2016/04/27,0,414000,-79000,335000
2016/04/28,0,164000,-619000,-455000
2016/04/29,0,301000,-57000,244000
2016/05/02,0,0,0,0
2016/05/03,0,444000,-446000,-2000
2016/05/04,0,575000,-444000,131000
2016/05/05,0,234000,-79000,155000
2016/05/06,0,2000,-901000,-899000
2016/05/09,0,350000,-135829,214171
2016/05/10,0,701000,-43000,658000
2016/05/11,0,24000,-1662000,-1638000
2016/05/12,0,50000,-133000,-83000
2016/05/13,0,103000,-3000,100000
2016/05/16,0,336000,-678000,-342000
2016/05/17,0,564000,-483000,81000
2016/05/18,0,564000,-235000,329000
2016/05/19,0,1176000,-1161000,15000
2016/05/20,0,170000,-873000,-703000
2016/05/23,0,917000,-71000,846000
2016/05/24,0,173000,-206000,-33000
2016/05/25,0,590000,-682000,-92000
2016/05/26,0,721000,-209000,512000
2016/05/27,0,788000,-455000,333000
2016/05/30,0,342000,-733000,-391000
2016/05/31,0,531000,-259000,272000
2016/06/01,0,1261000,-505000,756000
2016/06/02,0,1046000,-1327524,-281524
2016/06/03,0,561000,-102000,459000
2016/06/06,0,18000,-252000,-234000
2016/06/07,0,797000,-426000,371000
2016/06/08,0,650000,-295000,355000
2016/06/09,0,0,0,0
2016/06/10,0,0,0,0
2016/06/13,0,579000,-1289000,-710000
2016/06/14,0,690000,-262000,428000
2016/06/15,0,812000,-532000,280000
2016/06/16,0,44000,-363000,-319000
2016/06/17,0,271000,-234000,37000
2016/06/20,0,173335,0,173335
2016/06/21,0,40000,-221000,-181000
2016/06/22,0,280000,-276000,4000
2016/06/23,0,231000,-219000,12000
2016/06/24,0,83000,-960820,-877820
2016/06/27,0,330000,-375000,-45000
2016/06/28,0,226000,-259000,-33000
2016/06/29,0,331000,-111298,219702
2016/06/30,0,149000,-287000,-138000
2016/07/01,0,809000,-222000,587000
2016/07/04,0,370000,-51000,319000
2016/07/05,0,3583000,-1173000,2410000
2016/07/06,0,459000,-2418144,-1959144
2016/07/07,0,93000,-271000,-178000
2016/07/08,0,0,0,0
2016/07/11,0,1073000,-16000,1057000
2016/07/12,0,414000,-536896,-122896
2016/07/13,0,3258000,-139197,3118803
2016/07/14,0,12261000,-332000,11929000
2016/07/15,0,486000,-13245466,-12759466
2016/07/18,0,658000,-2066233,-1408233
2016/07/19,0,611000,-474000,137000
2016/07/20,0,167000,-1286766,-1119766
2016/07/21,0,660000,-28252,631748
2016/07/22,0,12000,-963254,-951254
2016/07/25,0,85000,-248000,-163000
2016/07/26,0,1673665,-337248,1336417
2016/07/27,0,124000,-897000,-773000
2016/07/28,0,606000,-107000,499000
2016/07/29,0,0,-810836,-810836
2016/08/01,0,461000,-26420,434580
2016/08/02,0,445000,-610456,-165456
2016/08/03,0,200000,-197000,3000
2016/08/04,0,44000,-876453,-832453
2016/08/05,0,1692000,-30000,1662000
2016/08/08,0,354000,-1074096,-720096
2016/08/09,0,666000,-112000,554000
2016/08/10,0,4311000,-715000,3596000
2016/08/11,0,73000,-4484000,-4411000
2016/08/12,0,3028000,-202000,2826000
2016/08/15,0,46000,-2839000,-2793000
2016/08/16,0,0,-1384802,-1384802
2016/08/17,0,237000,-625797,-388797
2016/08/18,0,210000,-565000,-355000
2016/08/19,0,15000,-1173000,-1158000
2016/08/22,0,12000,-179000,-167000
2016/08/23,0,1295000,-71000,1224000
2016/08/24,0,250000,-804000,-554000
2016/08/25,0,552000,-103000,449000
2016/08/26,0,251000,-261887,-10887
2016/08/29,0,527000,-904887,-377887
2016/08/30,0,76000,-584772,-508772
2016/08/31,0,202000,-545000,-343000
2016/09/01,0,329000,0,329000
2016/09/02,0,624000,-24000,600000
2016/09/05,0,636000,-473000,163000
2016/09/06,0,488000,-124673,363327
2016/09/07,0,553000,-228000,325000
2016/09/08,0,568000,-767673,-199673
2016/09/09,0,232000,-971000,-739000
2016/09/12,0,591000,-189000,402000
2016/09/13,0,11000,-694000,-683000
2016/09/14,0,50000,-127000,-77000
2016/09/15,0,0,0,0
2016/09/16,0,0,0,0
2016/09/19,0,1167000,-47000,1120000
2016/09/20,0,167000,-127000,40000
2016/09/21,0,184000,-15636000,-15452000
2016/09/22,0,57000,-47667,9333
2016/09/23,0,617000,-250000,367000
2016/09/26,0,0,-324000,-324000
2016/09/27,0,0,0,0
2016/09/28,0,0,0,0
2016/09/29,0,77000,-4101,72899
2016/09/30,0,48000,-785666,-737666
2016/10/03,0,780000,-225000,555000
2016/10/04,0,386000,-183000,203000
2016/10/05,0,215000,-400000,-185000
2016/10/06,0,68000,-250000,-182000
2016/10/07,0,496000,-208000,288000
2016/10/10,0,0,0,0
2016/10/11,0,127000,-165000,-38000
2016/10/12,0,103000,-15000,88000
2016/10/13,0,116000,-283000,-167000
2016/10/14,0,22000,-456000,-434000
2016/10/17,0,94000,-215663,-121663
2016/10/18,0,17000,-120000,-103000
2016/10/19,0,1514700,-847000,667700
2016/10/20,0,4402000,-1398000,3004000
2016/10/21,0,33000,-1603000,-1570000
2016/10/24,0,136000,-130000,6000
2016/10/25,0,180000,-30000,150000
2016/10/26,0,694000,-47000,647000
2016/10/27,0,582000,-18000,564000
2016/10/28,0,678000,-745000,-67000
2016/10/31,0,194621,-1004000,-809379
2016/11/01,0,44000,-633000,-589000
2016/11/02,0,149000,-39000,110000
2016/11/03,0,656000,-111000,545000
2016/11/04,0,100000,-1754000,-1654000
2016/11/07,0,739000,-178000,561000
2016/11/08,0,100000,-197000,-97000
2016/11/09,0,446000,-1536000,-1090000
2016/11/10,0,1038000,-166000,872000
2016/11/11,0,84000,-585316,-501316
2016/11/14,0,1299000,-691657,607343
2016/11/15,0,299000,-626660,-327660
2016/11/16,0,115000,-219000,-104000
2016/11/17,0,121000,-184000,-63000
2016/11/18,0,1775000,-26000,1749000
2016/11/21,0,352000,-623657,-271657
2016/11/22,0,333000,-606000,-273000
2016/11/23,0,102000,-50000,52000
2016/11/24,0,5678000,-229797,5448203
2016/11/25,0,1928000,-3409000,-1481000
2016/11/28,0,1049000,-1601000,-552000
2016/11/29,0,1435000,-648000,787000
2016/11/30,0,1019000,-48000,971000
2016/12/01,0,836000,-280000,556000
2016/12/02,0,150000,-757000,-607000
2016/12/05,0,105000,-200000,-95000
2016/12/06,0,503000,-332000,171000
2016/12/07,0,234000,-240000,-6000
2016/12/08,0,1482000,-2713799,-1231799
2016/12/09,0,2124000,-3253000,-1129000
2016/12/12,0,1100000,-3688000,-2588000
2016/12/13,0,1838000,-1381796,456204
2016/12/14,0,1520000,-5487000,-3967000
2016/12/15,0,1583000,-652000,931000
2016/12/16,0,320000,-945000,-625000
2016/12/19,0,404000,-1334000,-930000
2016/12/20,0,586000,-17000,569000
2016/12/21,0,2442027,-74000,2368027
2016/12/22,0,640000,-39000,601000
2016/12/23,0,657000,-1604000,-947000
2016/12/26,0,137000,-138000,-1000
2016/12/27,0,121000,-3000,118000
2016/12/28,0,2179000,-733000,1446000
2016/12/29,0,1471000,-873000,598000
2016/12/30,0,2486000,-2236000,250000
2017/01/02,0,0,0,0
2017/01/03,0,298000,-390000,-92000
2017/01/04,0,354000,-651790,-297790
2017/01/05,0,808000,-158000,650000
2017/01/06,0,0,-539000,-539000
2017/01/09,0,253000,-399000,-146000
2017/01/10,0,90000,-374000,-284000
2017/01/11,0,673000,-698000,-25000
2017/01/12,0,6097000,-2484000,3613000
2017/01/13,0,347000,-5315000,-4968000
2017/01/16,0,54000,-2029000,-1975000
2017/01/17,0,127000,-962000,-835000
2017/01/18,0,92000,-1630070,-1538070
2017/01/19,0,2393150,-653000,1740150
2017/01/20,0,960000,-199000,761000
2017/01/23,0,715000,-141000,574000
2017/01/24,0,332000,-639000,-307000
2017/01/25,0,0,0,0
2017/01/26,0,0,0,0
2017/01/27,0,0,0,0
2017/01/30,0,0,0,0
2017/01/31,0,0,0,0
2017/02/01,0,0,0,0
2017/02/02,0,668000,-257000,411000
2017/02/03,0,481000,-601000,-120000
2017/02/06,0,4750000,-2411000,2339000
2017/02/07,0,283000,-2901776,-2618776
2017/02/08,0,104000,-472370,-368370
2017/02/09,0,1255000,-812000,443000
2017/02/10,0,1323000,-193000,1130000
2017/02/13,0,172000,-646000,-474000
2017/02/14,0,555000,-281000,274000
2017/02/15,0,1296000,-931000,365000
2017/02/16,0,3420000,-262000,3158000
2017/02/17,0,278000,-718000,-440000
2017/02/20,0,271000,-965000,-694000
2017/02/21,0,1675000,-980000,695000
2017/02/22,0,349000,-846540,-497540
2017/02/23,0,673000,-624000,49000
2017/02/24,0,473000,-260000,213000
2017/02/27,0,0,0,0
2017/02/28,0,0,0,0
2017/03/01,0,53000,-1048000,-995000
2017/03/02,0,1121000,-286000,835000
2017/03/03,0,98000,-4263000,-4165000
2017/03/06,0,0,-76000,-76000
2017/03/07,0,414000,-2000,412000
2017/03/08,0,3731000,-1127000,2604000
2017/03/09,0,268000,-5000,263000
2017/03/10,0,693000,-492000,201000
2017/03/13,0,607000,-654760,-47760
2017/03/14,0,5375000,-2100000,3275000
2017/03/15,0,590000,-2529000,-1939000
2017/03/16,0,27000,-2600000,-2573000
2017/03/17,0,605000,-1453758,-848758
2017/03/20,0,19000,-577000,-558000
2017/03/21,0,660000,-842755,-182755
2017/03/22,0,591000,-7619755,-7028755
2017/03/23,0,148000,-206755,-58755
2017/03/24,0,223000,-333000,-110000
2017/03/27,0,1106000,-196754,909246
2017/03/28,0,774000,-2104000,-1330000
2017/03/29,0,198000,0,198000
2017/03/30,0,293000,-6000,287000
2017/03/31,0,827000,-520000,307000
2017/04/03,0,0,0,0
2017/04/04,0,0,0,0
2017/04/05,0,309000,-951000,-642000
2017/04/06,0,48000,-1130000,-1082000
2017/04/07,0,280000,-1256748,-976748
2017/04/10,0,196000,-10000,186000
2017/04/11,0,755000,-261000,494000
2017/04/12,0,536000,-264000,272000
2017/04/13,0,547000,-340000,207000
2017/04/14,0,1277000,-738657,538343
2017/04/17,0,621000,-796000,-175000
2017/04/18,0,295000,-467000,-172000
2017/04/19,0,121000,-1065258,-944258
2017/04/20,0,1049000,-363000,686000
2017/04/21,0,19000,-983000,-964000
2017/04/24,0,105000,-40000,65000
2017/04/25,0,1306000,-187000,1119000
2017/04/26,0,140000,-321000,-181000
2017/04/27,0,460000,-157000,303000
2017/04/28,0,281000,-410000,-129000
2017/05/01,0,0,0,0
2017/05/02,0,1348000,-90000,1258000
2017/05/03,0,128000,-313000,-185000
2017/05/04,0,196000,-1443000,-1247000
2017/05/05,0,302000,-1743664,-1441664
2017/05/08,0,1000,-876000,-875000
2017/05/09,0,1749000,-2697000,-948000
2017/05/10,0,476000,-2619000,-2143000
2017/05/11,0,186000,-1390000,-1204000
2017/05/12,0,160000,-262000,-102000
2017/05/15,0,167000,-221000,-54000
2017/05/16,0,715000,-3056000,-2341000
2017/05/17,0,313000,-1504316,-1191316
2017/05/18,0,390000,-1209000,-819000
2017/05/19,0,165000,-1388000,-1223000
2017/05/22,0,179000,-1040000,-861000
2017/05/23,0,417000,-1510000,-1093000
2017/05/24,0,352000,-896000,-544000
2017/05/25,0,135000,-771000,-636000
2017/05/26,0,396000,-864000,-468000
2017/05/29,0,0,0,0
2017/05/30,0,0,0,0
2017/05/31,0,467000,-850000,-383000
2017/06/01,0,220000,-1015493,-795493
2017/06/02,0,26000,-421000,-395000
2017/06/05,0,1140000,-816000,324000
2017/06/06,0,120000,-436142,-316142
2017/06/07,0,81000,-1005000,-924000
2017/06/08,0,95000,-153000,-58000
2017/06/09,0,245000,-183488,61512
2017/06/12,0,72000,-81000,-9000
2017/06/13,0,3000,-845000,-842000
2017/06/14,0,7000,-1330000,-1323000
2017/06/15,0,8000,-75000,-67000
2017/06/16,0,82000,-93010,-11010
2017/06/19,0,519000,-289000,230000
2017/06/20,0,4077000,-858000,3219000
2017/06/21,0,1195000,-3026000,-1831000
2017/06/22,0,596000,-692000,-96000
2017/06/23,0,159000,-940000,-781000
2017/06/26,0,1444000,-355000,1089000
2017/06/27,0,1115000,-687000,428000
2017/06/28,0,729000,-2292000,-1563000
2017/06/29,0,1742000,-3869000,-2127000
2017/06/30,0,1231000,-1867000,-636000
2017/07/03,0,572000,-997570,-425570
2017/07/04,0,5132000,-1827000,3305000
2017/07/05,0,736000,-3785860,-3049860
2017/07/06,0,173000,-758000,-585000
2017/07/07,0,606000,-775000,-169000
2017/07/10,0,589000,-957000,-368000
2017/07/11,0,3093000,-534000,2559000
2017/07/12,0,5073000,-992000,4081000
2017/07/13,0,12929000,-1526000,11403000
2017/07/14,0,957000,-8700000,-7743000
2017/07/17,0,286000,-3472130,-3186130
2017/07/18,0,675000,-996000,-321000
2017/07/19,0,1574000,-2895000,-1321000
2017/07/20,0,77000,-303000,-226000
2017/07/21,0,293000,-1893000,-1600000
2017/07/24,0,263000,-504000,-241000
2017/07/25,0,60000,-193000,-133000
2017/07/26,0,869000,-697000,172000
2017/07/27,0,1209000,-1197000,12000
2017/07/28,0,221000,-3081000,-2860000
2017/07/31,0,502000,-311000,191000
2017/08/01,0,469000,-564000,-95000
2017/08/02,0,481000,0,481000
2017/08/03,0,299000,-792000,-493000
2017/08/04,0,145000,-169000,-24000
2017/08/07,0,928000,-186000,742000
2017/08/08,0,749000,-535000,214000
2017/08/09,0,6000,-625284,-619284
2017/08/10,0,290000,-853000,-563000
2017/08/11,0,371000,-223296,147704
2017/08/14,0,0,-772000,-772000
2017/08/15,0,160000,-374000,-214000
2017/08/16,0,1115000,-1104562,10438
2017/08/17,0,1085000,-525000,560000
2017/08/18,0,6000,-411000,-405000
