Date,Open,Buy,Sell,Total
2007/01/02,0,2758000,0,2758000
2007/01/03,0,3612000,-448000,3164000
2007/01/04,0,4730000,-1161000,3569000
2007/01/05,0,4650000,-2506000,2144000
2007/01/08,0,4478000,-2253548,2224452
2007/01/09,0,7708000,-2974000,4734000
2007/01/10,0,3821000,-2572000,1249000
2007/01/11,0,2801000,-279000,2522000
2007/01/12,0,1227000,-283000,944000
2007/01/15,0,1122000,-1434000,-312000
2007/01/16,0,2781000,-24000,2757000
2007/01/17,0,954000,-1103000,-149000
2007/01/18,0,1582000,-1555000,27000
2007/01/19,0,2337000,-2112000,225000
2007/01/22,0,440000,-515000,-75000
2007/01/23,0,258000,-96000,162000
2007/01/24,0,2648000,0,2648000
2007/01/25,0,1592000,-40000,1552000
2007/01/26,0,2313000,-301000,2012000
2007/01/29,0,2079000,-526000,1553000
2007/01/30,0,2253000,-492083,1760917
2007/01/31,0,229000,-958000,-729000
2007/02/01,0,918000,-305000,613000
2007/02/02,0,332000,0,332000
2007/02/05,0,854000,-10000,844000
2007/02/06,0,91000,-379000,-288000
2007/02/07,0,520000,-1051000,-531000
2007/02/08,0,1199000,-409136,789864
2007/02/09,0,1235000,-152000,1083000
2007/02/12,0,369000,-203000,166000
2007/02/13,0,221000,-172000,49000
2007/02/14,0,1548000,-1622717,-74717
2007/02/15,0,0,0,0
2007/02/16,0,0,0,0
2007/02/19,0,0,0,0
2007/02/20,0,0,0,0
2007/02/21,0,0,0,0
2007/02/22,0,0,0,0
2007/02/23,0,0,0,0
2007/02/26,0,1939000,-1210129,728871
2007/02/27,0,2554000,-1100000,1454000
2007/02/28,0,0,0,0
2007/03/01,0,1245000,-3011000,-1766000
2007/03/02,0,132000,-1408000,-1276000
2007/03/05,0,262000,-3760000,-3498000
2007/03/06,0,1119000,-2991700,-1872700
2007/03/07,0,868000,-2736277,-1868277
2007/03/08,0,740000,-977203,-237203
2007/03/09,0,743000,-1162000,-419000
2007/03/12,0,589000,-223040,365960
2007/03/13,0,562000,-587000,-25000
2007/03/14,0,4449000,-5032000,-583000
2007/03/15,0,3065000,-1601000,1464000
2007/03/16,0,1827000,-2864000,-1037000
2007/03/19,0,674000,-3404169,-2730169
2007/03/20,0,3252000,-176000,3076000
2007/03/21,0,152000,-928000,-776000
2007/03/22,0,6604000,-920600,5683400
2007/03/23,0,4453000,-1544400,2908600
2007/03/26,0,3304000,-2105000,1199000
2007/03/27,0,6932000,-3878000,3054000
2007/03/28,0,1035000,-917000,118000
2007/03/29,0,3575000,-2363000,1212000
2007/03/30,0,2786000,-1964000,822000
2007/04/02,0,400000,-1550000,-1150000
2007/04/03,0,7639700,-3249730,4389970
2007/04/04,0,15758000,-2728800,13029200
2007/04/05,0,0,0,0
2007/04/06,0,0,0,0
2007/04/09,0,8605000,-6150760,2454240
2007/04/10,0,3728000,-2719000,1009000
2007/04/11,0,5294000,-9054810,-3760810
2007/04/12,0,8514100,-15050000,-6535900
2007/04/13,0,11281000,-23992000,-12711000
2007/04/16,0,3955000,-25835950,-21880950
2007/04/17,0,25094000,-22987730,2106270
2007/04/18,0,9211600,-10708000,-1496400
2007/04/19,0,13311000,-40534386,-27223386
2007/04/20,0,18379300,-39497115,-21117815
2007/04/23,0,16031000,-15502157,528843
2007/04/24,0,7789000,-5096000,2693000
2007/04/25,0,3359000,-7991000,-4632000
2007/04/26,0,34573000,-30774824,3798176
2007/04/27,0,2244025,-10097741,-7853716
2007/04/30,0,10372000,-12109065,-1737065
2007/05/01,0,0,0,0
2007/05/02,0,13783000,-7190255,6592745
2007/05/03,0,9079000,-9095703,-16703
2007/05/04,0,14312000,-11907075,2404925
2007/05/07,0,8405000,-1708310,6696690
2007/05/08,0,8579000,-2817000,5762000
2007/05/09,0,5044000,-1310000,3734000
2007/05/10,0,15529000,-425001,15103999
2007/05/11,0,3177000,-2404067,772933
2007/05/14,0,9128000,-4125215,5002785
2007/05/15,0,975000,-710000,265000
2007/05/16,0,274000,-771155,-497155
2007/05/17,0,2056000,-1736000,320000
2007/05/18,0,3401000,-4646000,-1245000
2007/05/21,0,10193000,-5382381,4810619
2007/05/22,0,58825000,-57916260,908740
2007/05/23,0,14176000,-10273000,3903000
2007/05/24,0,15494000,-10508000,4986000
2007/05/25,0,5977000,-5091000,886000
2007/05/28,0,2390000,-1876000,514000
2007/05/29,0,9519000,-1421000,8098000
2007/05/30,0,4816000,-4815000,1000
2007/05/31,0,10639000,-13820935,-3181935
2007/06/01,0,18604000,-4736026,13867974
2007/06/04,0,45180000,-6337000,38843000
2007/06/05,0,29014500,-4405500,24609000
2007/06/06,0,25825798,-4427000,21398798
2007/06/07,0,24884000,-1362500,23521500
2007/06/08,0,797000,-1282000,-485000
2007/06/11,0,2252000,-3356000,-1104000
2007/06/12,0,11413000,-5393000,6020000
2007/06/13,0,9733000,-5246300,4486700
2007/06/14,0,21772430,-19375350,2397080
2007/06/15,0,49842000,-13361000,36481000
2007/06/18,0,0,0,0
2007/06/19,0,0,0,0
2007/06/20,0,147747000,-64174000,83573000
2007/06/21,0,66337000,-40573000,25764000
2007/06/22,0,39600000,-40966870,-1366870
2007/06/25,0,41941000,-6743500,35197500
2007/06/26,0,28324015,-7518000,20806015
2007/06/27,0,9484000,-14095000,-4611000
2007/06/28,0,20971000,-16840394,4130606
2007/06/29,0,36658000,-9328733,27329267
2007/07/02,0,17743000,-9318000,8425000
2007/07/03,0,25449000,-31671920,-6222920
2007/07/04,0,21085450,-11066308,10019142
2007/07/05,0,36264000,-4103000,32161000
2007/07/06,0,20836000,-22824025,-1988025
2007/07/09,0,22819000,-9947000,12872000
2007/07/10,0,11097000,-5258559,5838441
2007/07/11,0,4189500,-9904912,-5715412
2007/07/12,0,14268000,-11780000,2488000
2007/07/13,0,22030000,-4050500,17979500
2007/07/16,0,60684000,-16959886,43724114
2007/07/17,0,17016000,-13390000,3626000
2007/07/18,0,12998000,-19285000,-6287000
2007/07/19,0,12394000,-16722287,-4328287
2007/07/20,0,11879500,-16657000,-4777500
2007/07/23,0,16413000,-24376004,-7963004
2007/07/24,0,17648000,-14195795,3452205
2007/07/25,0,17892000,-25708953,-7816953
2007/07/26,0,37466000,-32466874,4999126
2007/07/27,0,8482000,-48931945,-40449945
2007/07/30,0,18044000,-29214507,-11170507
2007/07/31,0,18931000,-11742000,7189000
2007/08/01,0,12326858,-50589000,-38262142
2007/08/02,0,13811675,-12295226,1516449
2007/08/03,0,16617000,-25172030,-8555030
2007/08/06,0,5782032,-32797850,-27015818
2007/08/07,0,8357140,-5111545,3245595
2007/08/08,0,8361000,-8627000,-266000
2007/08/09,0,5161000,-2673000,2488000
2007/08/10,0,4969350,-22128461,-17159111
2007/08/13,0,6377000,-21367275,-14990275
2007/08/14,0,15784000,-14606000,1178000
2007/08/15,0,12716000,-33215233,-20499233
2007/08/16,0,17964000,-29174000,-11210000
2007/08/17,0,22105000,-51327820,-29222820
2007/08/20,0,30618000,-23554704,7063296
2007/08/21,0,25928000,-15063937,10864063
2007/08/22,0,17365000,-17450416,-85416
2007/08/23,0,39419000,-28282545,11136455
2007/08/24,0,8144000,-9375500,-1231500
2007/08/27,0,8010000,-5448000,2562000
2007/08/28,0,2862000,-23752000,-20890000
2007/08/29,0,8661000,-32740500,-24079500
2007/08/30,0,18581000,-6837569,11743431
2007/08/31,0,20038000,-12342000,7696000
2007/09/03,0,11063000,-10123001,939999
2007/09/04,0,22741000,-18357710,4383290
2007/09/05,0,9651000,-5197000,4454000
2007/09/06,0,25895714,-10100000,15795714
2007/09/07,0,18030000,-2924000,15106000
2007/09/10,0,17855000,-8632000,9223000
2007/09/11,0,27480000,-18982114,8497886
2007/09/12,0,13222000,-6015391,7206609
2007/09/13,0,12271000,-4811000,7460000
2007/09/14,0,17710000,-2427000,15283000
2007/09/17,0,6419722,-4306895,2112827
2007/09/18,0,0,0,0
2007/09/19,0,45299000,-49183297,-3884297
2007/09/20,0,43149000,-81555181,-38406181
2007/09/21,0,20184000,-71373668,-51189668
2007/09/24,0,0,0,0
2007/09/25,0,0,0,0
2007/09/26,0,28438000,-31038839,-2600839
2007/09/27,0,46144000,-28564120,17579880
2007/09/28,0,17099559,-15746000,1353559
2007/10/01,0,20591000,-31894027,-11303027
2007/10/02,0,74501000,-39897960,34603040
2007/10/03,0,31082106,-34350450,-3268344
2007/10/04,0,3748000,-45412794,-41664794
2007/10/05,0,6350000,-9862000,-3512000
2007/10/08,0,18963000,-12181500,6781500
2007/10/09,0,22172000,-16570215,5601785
2007/10/10,0,0,0,0
2007/10/11,0,38548000,-10132000,28416000
2007/10/12,0,22226000,-22626000,-400000
2007/10/15,0,16110000,-4778555,11331445
2007/10/16,0,16868000,-20504478,-3636478
2007/10/17,0,7966000,-46087304,-38121304
2007/10/18,0,8379000,-6167000,2212000
2007/10/19,0,9268000,-1051095,8216905
2007/10/22,0,19203000,-24951000,-5748000
2007/10/23,0,10393000,-16485000,-6092000
2007/10/24,0,13062000,-11685875,1376125
2007/10/25,0,30228424,-12378000,17850424
2007/10/26,0,9670000,-9504000,166000
2007/10/29,0,58323000,-15480167,42842833
2007/10/30,0,17640000,-3649000,13991000
2007/10/31,0,11601000,-20270000,-8669000
2007/11/01,0,29464000,-14863033,14600967
2007/11/02,0,8351000,-21728412,-13377412
2007/11/05,0,6079000,-26759094,-20680094
2007/11/06,0,2950000,-19292975,-16342975
2007/11/07,0,57288000,-20371113,36916887
2007/11/08,0,25652000,-29863100,-4211100
2007/11/09,0,27156000,-3886000,23270000
2007/11/12,0,56357000,-18182061,38174939
2007/11/13,0,8017000,-14430000,-6413000
2007/11/14,0,21798000,-13855900,7942100
2007/11/15,0,16444000,-12452000,3992000
2007/11/16,0,8729000,-14595125,-5866125
2007/11/19,0,17376000,-6780160,10595840
2007/11/20,0,6985360,-55851000,-48865640
2007/11/21,0,17305741,-23905240,-6599499
2007/11/22,0,18921429,-17139864,1781565
2007/11/23,0,14438000,-10054000,4384000
2007/11/26,0,25726000,-8371000,17355000
2007/11/27,0,14287000,-13612000,675000
2007/11/28,0,10124000,-9873000,251000
2007/11/29,0,20822000,-12401958,8420042
2007/11/30,0,37951143,-30422792,7528351
2007/12/03,0,24423701,-4049905,20373796
2007/12/04,0,9352000,-3548000,5804000
2007/12/05,0,8022000,-4548242,3473758
2007/12/06,0,20129000,-14689130,5439870
2007/12/07,0,43308465,-1319817,41988648
2007/12/10,0,4502000,-424000,4078000
2007/12/11,0,11279000,-2706000,8573000
2007/12/12,0,9999000,-20069000,-10070000
2007/12/13,0,2460000,-16392000,-13932000
2007/12/14,0,5302000,-22506143,-17204143
2007/12/17,0,10252000,-27969000,-17717000
2007/12/18,0,9323000,-18629090,-9306090
2007/12/19,0,6690300,-6035000,655300
2007/12/20,0,6725000,-7388350,-663350
2007/12/21,0,9842200,-7476000,2366200
2007/12/24,0,4904000,-1259000,3645000
2007/12/25,0,1496000,-463000,1033000
2007/12/26,0,2319000,-6749000,-4430000
2007/12/27,0,20420400,-13820602,6599798
2007/12/28,0,32427000,-8227000,24200000
2007/12/31,0,9170600,-1898000,7272600
2008/01/01,0,0,0,0
2008/01/02,0,1890371,-5849637,-3959266
2008/01/03,0,6447000,-6438000,9000
2008/01/04,0,15368000,-8653000,6715000
2008/01/07,0,37953900,-19753266,18200634
2008/01/08,0,23550249,-22230350,1319899
2008/01/09,0,20093000,-9374000,10719000
2008/01/10,0,21993579,-21686000,307579
2008/01/11,0,20214186,-13749000,6465186
2008/01/14,0,84936000,-4765520,80170480
2008/01/15,0,54801000,-16000986,38800014
2008/01/16,0,173822548,-74821840,99000708
2008/01/17,0,76148000,-38528001,37619999
2008/01/18,0,42541231,-52932806,-10391575
2008/01/21,0,39055000,-14535100,24519900
2008/01/22,0,11484000,-23584000,-12100000
2008/01/23,0,39397700,-40342628,-944928
2008/01/24,0,13796000,-22841500,-9045500
2008/01/25,0,29080000,-4872000,24208000
2008/01/28,0,3977000,-16453015,-12476015
2008/01/29,0,12991000,-2987316,10003684
2008/01/30,0,23611494,-17162500,6448994
2008/01/31,0,16153000,-11580000,4573000
2008/02/01,0,10515928,-5698491,4817437
2008/02/04,0,0,0,0
2008/02/05,0,0,0,0
2008/02/06,0,0,0,0
2008/02/07,0,0,0,0
2008/02/08,0,0,0,0
2008/02/11,0,0,0,0
2008/02/12,0,35637000,-44248727,-8611727
2008/02/13,0,32442000,-17766948,14675052
2008/02/14,0,49782000,-26376600,23405400
2008/02/15,0,15500000,-25284000,-9784000
2008/02/18,0,8436000,-14474000,-6038000
2008/02/19,0,11782000,-9987542,1794458
2008/02/20,0,7640000,-9498564,-1858564
2008/02/21,0,25437000,-3949822,21487178
2008/02/22,0,24198000,-15078000,9120000
2008/02/25,0,37530000,-7476000,30054000
2008/02/26,0,80860000,-16661588,64198412
2008/02/27,0,41620000,-9979000,31641000
2008/02/28,0,0,0,0
2008/02/29,0,23286441,-19172000,4114441
2008/03/03,0,12860000,-28142000,-15282000
2008/03/04,0,23968000,-32194000,-8226000
2008/03/05,0,15053000,-18254000,-3201000
2008/03/06,0,36841000,-15076951,21764049
2008/03/07,0,9721000,-34954000,-25233000
2008/03/10,0,17979749,-58992951,-41013202
2008/03/11,0,33689000,-53962215,-20273215
2008/03/12,0,50107604,-46848275,3259329
2008/03/13,0,11138000,-19871500,-8733500
2008/03/14,0,6107000,-21868000,-15761000
2008/03/17,0,30465000,-62644699,-32179699
2008/03/18,0,11705000,-36054465,-24349465
2008/03/19,0,28648000,-16634490,12013510
2008/03/20,0,45177000,-49573334,-4396334
2008/03/21,0,64766000,-22932000,41834000
2008/03/24,0,102815000,-8365000,94450000
2008/03/25,0,51217000,-41223784,9993216
2008/03/26,0,63789000,-40375958,23413042
2008/03/27,0,36309207,-34127000,2182207
2008/03/28,0,15768207,-26609463,-10841256
2008/03/31,0,24953565,-33947194,-8993629
2008/04/01,0,12649538,-28599947,-15950409
2008/04/02,0,18191000,-12470537,5720463
2008/04/03,0,17573000,-33807371,-16234371
2008/04/04,0,0,0,0
2008/04/07,0,14530000,-18284000,-3754000
2008/04/08,0,16182000,-23677500,-7495500
2008/04/09,0,26667000,-28318376,-1651376
2008/04/10,0,15333000,-12318756,3014244
2008/04/11,0,55800000,-28061334,27738666
2008/04/14,0,6786000,-24761000,-17975000
2008/04/15,0,23006000,-13434000,9572000
2008/04/16,0,42923000,-10808000,32115000
2008/04/17,0,43463000,-21649460,21813540
2008/04/18,0,18380000,-10518018,7861982
2008/04/21,0,12273113,-10239438,2033675
2008/04/22,0,3566000,-13964729,-10398729
2008/04/23,0,12090000,-9975000,2115000
2008/04/24,0,6558000,-21265900,-14707900
2008/04/25,0,17259193,-20343350,-3084157
2008/04/28,0,14704661,-22580422,-7875761
2008/04/29,0,10352134,-10724648,-372514
2008/04/30,0,9200800,-20244809,-11044009
2008/05/01,0,0,0,0
2008/05/02,0,8376842,-7640916,735926
2008/05/05,0,12241000,-17108385,-4867385
2008/05/06,0,15138000,-28457000,-13319000
2008/05/07,0,9696000,-5813600,3882400
2008/05/08,0,8798000,-15675593,-6877593
2008/05/09,0,2567000,-13806000,-11239000
2008/05/12,0,22072000,-35725423,-13653423
2008/05/13,0,17132000,-6790000,10342000
2008/05/14,0,21060000,-11852410,9207590
2008/05/15,0,26217839,-7800365,18417474
2008/05/16,0,18568000,-592000,17976000
2008/05/19,0,8750000,-5209000,3541000
2008/05/20,0,10273000,-26407000,-16134000
2008/05/21,0,6377112,-17137820,-10760708
2008/05/22,0,11324000,-15685138,-4361138
2008/05/23,0,10830000,-9075000,1755000
2008/05/26,0,11539000,-11490000,49000
2008/05/27,0,16400000,-11085528,5314472
2008/05/28,0,14298000,-12637000,1661000
2008/05/29,0,24121000,-13953000,10168000
2008/05/30,0,73361158,-66868600,6492558
2008/06/02,0,26556842,-4248000,22308842
2008/06/03,0,7452791,-9073906,-1621115
2008/06/04,0,11018000,-36865000,-25847000
2008/06/05,0,13150000,-25130150,-11980150
2008/06/06,0,11570000,-10551000,1019000
2008/06/09,0,7105000,-20017000,-12912000
2008/06/10,0,5961635,-25035030,-19073395
2008/06/11,0,7113000,-5550000,1563000
2008/06/12,0,9518000,-20362000,-10844000
2008/06/13,0,23096000,-17149000,5947000
2008/06/16,0,19121000,-13343705,5777295
2008/06/17,0,23474000,-7039000,16435000
2008/06/18,0,11547000,-7799000,3748000
2008/06/19,0,11807000,-21048000,-9241000
2008/06/20,0,10215117,-13011000,-2795883
2008/06/23,0,13890000,-17929000,-4039000
2008/06/24,0,10482000,-25224345,-14742345
2008/06/25,0,42002000,-42914022,-912022
2008/06/26,0,23315500,-42521000,-19205500
2008/06/27,0,18030000,-32677680,-14647680
2008/06/30,0,17502000,-17519000,-17000
2008/07/01,0,14056000,-12392000,1664000
2008/07/02,0,22286000,-40648000,-18362000
2008/07/03,0,23802000,-79848695,-56046695
2008/07/04,0,20680000,-33491000,-12811000
2008/07/07,0,26775200,-24883000,1892200
2008/07/08,0,27218000,-60660000,-33442000
2008/07/09,0,46913000,-100180924,-53267924
2008/07/10,0,22115000,-34235000,-12120000
2008/07/11,0,41019000,-50658000,-9639000
2008/07/14,0,24479000,-39505000,-15026000
2008/07/15,0,16962000,-31207000,-14245000
2008/07/16,0,39208000,-45772001,-6564001
2008/07/17,0,38981000,-23693694,15287306
2008/07/18,0,39674000,-60887000,-21213000
2008/07/21,0,47671000,-26893365,20777635
2008/07/22,0,19880000,-17140000,2740000
2008/07/23,0,41885000,-27002000,14883000
2008/07/24,0,43685000,-42143260,1541740
2008/07/25,0,7984000,-36484372,-28500372
2008/07/28,0,0,0,0
2008/07/29,0,21806000,-88105000,-66299000
2008/07/30,0,25926000,-63390000,-37464000
2008/07/31,0,16902000,-42625000,-25723000
2008/08/01,0,18186000,-29133865,-10947865
2008/08/04,0,5996000,-15693145,-9697145
2008/08/05,0,15533865,-33447000,-17913135
2008/08/06,0,29001260,-36149000,-7147740
2008/08/07,0,14279269,-33082000,-18802731
2008/08/08,0,42310000,-54214000,-11904000
2008/08/11,0,52251488,-31403000,20848488
2008/08/12,0,30718000,-34102000,-3384000
2008/08/13,0,14933000,-26814000,-11881000
2008/08/14,0,5850500,-39185500,-33335000
2008/08/15,0,12390000,-17148000,-4758000
2008/08/18,0,6909000,-12859000,-5950000
2008/08/19,0,18324000,-37390500,-19066500
2008/08/20,0,15165167,-10688500,4476667
2008/08/21,0,11326000,-25482000,-14156000
2008/08/22,0,4806000,-25319000,-20513000
2008/08/25,0,25844000,-13085090,12758910
2008/08/26,0,13084000,-13436000,-352000
2008/08/27,0,10964000,-5339000,5625000
2008/08/28,0,37021000,-11461000,25560000
2008/08/29,0,25424000,-16363610,9060390
2008/09/01,0,26236500,-14743000,11493500
2008/09/02,0,14337000,-9515120,4821880
2008/09/03,0,16474000,-6089799,10384201
2008/09/04,0,7026000,-27157258,-20131258
2008/09/05,0,39776000,-43405246,-3629246
2008/09/08,0,2172000,-1624000,548000
2008/09/09,0,65025900,-47460000,17565900
2008/09/10,0,17014000,-37941500,-20927500
2008/09/11,0,16841000,-56574000,-39733000
2008/09/12,0,11914000,-11069000,845000
2008/09/15,0,11412000,-18825000,-7413000
2008/09/16,0,75758651,-55947000,19811651
2008/09/17,0,90742000,-71432174,19309826
2008/09/18,0,16386000,-46152000,-29766000
2008/09/19,0,24471000,-6276000,18195000
2008/09/22,0,68036000,-29063000,38973000
2008/09/23,0,19288000,-15752000,3536000
2008/09/24,0,16978320,-15338186,1640134
2008/09/25,0,29999200,-6621000,23378200
2008/09/26,0,55088000,-24068468,31019532
2008/09/29,0,0,0,0
2008/09/30,0,45686000,-39877235,5808765
2008/10/01,0,24355000,-23885000,470000
2008/10/02,0,26061000,-19283000,6778000
2008/10/03,0,34492000,-26447000,8045000
2008/10/06,0,18496000,-18223000,273000
2008/10/07,0,12767000,-14667840,-1900840
2008/10/08,0,35320000,-37182000,-1862000
2008/10/09,0,46096000,-43689000,2407000
2008/10/10,0,0,0,0
2008/10/13,0,2424000,-4213555,-1789555
2008/10/14,0,16660000,-18397597,-1737597
2008/10/15,0,45905000,-19691471,26213529
2008/10/16,0,23421680,-53260188,-29838508
2008/10/17,0,14441000,-16317400,-1876400
2008/10/20,0,2390000,-1525000,865000
2008/10/21,0,8966440,-21676000,-12709560
2008/10/22,0,3356000,-2918000,438000
2008/10/23,0,1051000,-336000,715000
2008/10/24,0,5016560,-2930567,2085993
2008/10/27,0,633000,-1711000,-1078000
2008/10/28,0,84908150,-109889059,-24980909
2008/10/29,0,28675000,-37937000,-9262000
2008/10/30,0,36350000,-52292815,-15942815
2008/10/31,0,30775000,-40705378,-9930378
2008/11/03,0,30565690,-17838690,12727000
2008/11/04,0,11779000,-16785295,-5006295
2008/11/05,0,15836000,-6527000,9309000
2008/11/06,0,17263000,-10500000,6763000
2008/11/07,0,14264000,-14829535,-565535
2008/11/10,0,18730000,-3740150,14989850
2008/11/11,0,4512000,-6662913,-2150913
2008/11/12,0,4895000,-6352000,-1457000
2008/11/13,0,3753000,-11633218,-7880218
2008/11/14,0,5391000,-6019000,-628000
2008/11/17,0,11984000,-10687000,1297000
2008/11/18,0,40046000,-37413406,2632594
2008/11/19,0,12107000,-28610000,-16503000
2008/11/20,0,4455000,-14062000,-9607000
2008/11/21,0,13666000,-30556000,-16890000
2008/11/24,0,7575000,-12464000,-4889000
2008/11/25,0,12131000,-28401039,-16270039
2008/11/26,0,16799000,-15389417,1409583
2008/11/27,0,9542000,-7655000,1887000
2008/11/28,0,21642000,-6598595,15043405
2008/12/01,0,27728000,-13073500,14654500
2008/12/02,0,5941000,-16542000,-10601000
2008/12/03,0,4510000,-30569000,-26059000
2008/12/04,0,8599000,-23082140,-14483140
2008/12/05,0,10580000,-4843785,5736215
2008/12/08,0,13667000,-3110000,10557000
2008/12/09,0,13547000,-3515000,10032000
2008/12/10,0,48942000,-11393000,37549000
2008/12/11,0,35092000,-13515000,21577000
2008/12/12,0,6590000,-10021000,-3431000
2008/12/15,0,19288000,-7060000,12228000
2008/12/16,0,15944000,-10149757,5794243
2008/12/17,0,22823000,-5274000,17549000
2008/12/18,0,6673000,-7633755,-960755
2008/12/19,0,14730000,-15748000,-1018000
2008/12/22,0,5078000,-9955321,-4877321
2008/12/23,0,14564000,-14368000,196000
2008/12/24,0,6402000,-7302000,-900000
2008/12/25,0,1914000,-1176000,738000
2008/12/26,0,2059000,-515000,1544000
2008/12/29,0,2145000,-1791000,354000
2008/12/30,0,10944000,-2047000,8897000
2008/12/31,0,8987000,-3372000,5615000
2009/01/01,0,0,0,0
2009/01/02,0,0,0,0
2009/01/05,0,21999000,-9581110,12417890
2009/01/06,0,11276000,-19835529,-8559529
2009/01/07,0,24310000,-15675810,8634190
2009/01/08,0,7651000,-20757000,-13106000
2009/01/09,0,11009000,-34582000,-23573000
2009/01/12,0,16435000,-37396079,-20961079
2009/01/13,0,20260684,-31866000,-11605316
2009/01/14,0,9651000,-4805000,4846000
2009/01/15,0,4897000,-32726000,-27829000
2009/01/16,0,5283000,-41018834,-35735834
2009/01/19,0,19369000,-8579200,10789800
2009/01/20,0,9366000,-14814000,-5448000
2009/01/21,0,16660000,-18399000,-1739000
2009/01/22,0,0,0,0
2009/01/23,0,0,0,0
2009/01/26,0,0,0,0
2009/01/27,0,0,0,0
2009/01/28,0,0,0,0
2009/01/29,0,0,0,0
2009/01/30,0,0,0,0
2009/02/02,0,46488204,-55845477,-9357273
2009/02/03,0,8848000,-8464560,383440
2009/02/04,0,35112000,-7272950,27839050
2009/02/05,0,21881000,-13961000,7920000
2009/02/06,0,8423000,-14139000,-5716000
2009/02/09,0,15202000,-1613000,13589000
2009/02/10,0,15949000,-7672004,8276996
2009/02/11,0,13541000,-7847000,5694000
2009/02/12,0,13740000,-11340000,2400000
2009/02/13,0,21809000,-18521590,3287410
2009/02/16,0,20551000,-9728924,10822076
2009/02/17,0,15850000,-14598702,1251298
2009/02/18,0,21974000,-5517000,16457000
2009/02/19,0,9479000,-19081716,-9602716
2009/02/20,0,1266320,-11571678,-10305358
2009/02/23,0,5921000,-7480000,-1559000
2009/02/24,0,905000,-11770550,-10865550
2009/02/25,0,21530000,-9718020,11811980
2009/02/26,0,20198000,-5745855,14452145
2009/02/27,0,6969185,-2167000,4802185
2009/03/02,0,5222000,-20816136,-15594136
2009/03/03,0,4740000,-10306000,-5566000
2009/03/04,0,3401817,-12408642,-9006825
2009/03/05,0,27290000,-9933000,17357000
2009/03/06,0,10838500,-6404000,4434500
2009/03/09,0,13458000,-3055000,10403000
2009/03/10,0,9016000,-9678754,-662754
2009/03/11,0,34954000,-19854000,15100000
2009/03/12,0,33027000,-32323000,704000
2009/03/13,0,36813000,-16037000,20776000
2009/03/16,0,20223000,-30026000,-9803000
2009/03/17,0,17105000,-8680000,8425000
2009/03/18,0,24548000,-14162000,10386000
2009/03/19,0,21177500,-11472030,9705470
2009/03/20,0,29461000,-13801000,15660000
2009/03/23,0,30434000,-20108378,10325622
2009/03/24,0,42845419,-27400000,15445419
2009/03/25,0,28450000,-23324510,5125490
2009/03/26,0,27471000,-19389000,8082000
2009/03/27,0,64878000,-34914000,29964000
2009/03/30,0,30765000,-34584000,-3819000
2009/03/31,0,28091000,-54376627,-26285627
2009/04/01,0,7965500,-18133083,-10167583
2009/04/02,0,49742000,-43759000,5983000
2009/04/03,0,80575000,-41806000,38769000
2009/04/06,0,49962000,-37094000,12868000
2009/04/07,0,24068000,-19640000,4428000
2009/04/08,0,27886000,-47518205,-19632205
2009/04/09,0,41442000,-23230805,18211195
2009/04/10,0,16505000,-3050585,13454415
2009/04/13,0,17736000,-4728000,13008000
2009/04/14,0,15165000,-19942080,-4777080
2009/04/15,0,42975000,-31446942,11528058
2009/04/16,0,35175000,-26074000,9101000
2009/04/17,0,73640346,-18767000,54873346
2009/04/20,0,13504000,-15980506,-2476506
2009/04/21,0,18322000,-27973919,-9651919
2009/04/22,0,37666000,-14839000,22827000
2009/04/23,0,16047000,-15777000,270000
2009/04/24,0,38149000,-18214000,19935000
2009/04/27,0,35582327,-23077889,12504438
2009/04/28,0,13624730,-10283752,3340978
2009/04/29,0,18628000,-13516724,5111276
2009/04/30,0,24575000,-9359000,15216000
2009/05/01,0,0,0,0
2009/05/04,0,6182000,-4854000,1328000
2009/05/05,0,26389000,-24895000,1494000
2009/05/06,0,59140000,-16449900,42690100
2009/05/07,0,101423000,-40929000,60494000
2009/05/08,0,75674378,-81588427,-5914049
2009/05/11,0,10283000,-25135000,-14852000
2009/05/12,0,12806000,-14838000,-2032000
2009/05/13,0,42955000,-46700450,-3745450
2009/05/14,0,23701503,-22400768,1300735
2009/05/15,0,35831000,-28877000,6954000
2009/05/18,0,18366108,-16726790,1639318
2009/05/19,0,31793000,-17412000,14381000
2009/05/20,0,48784000,-57898000,-9114000
2009/05/21,0,24452000,-27980450,-3528450
2009/05/22,0,16344500,-43563000,-27218500
2009/05/25,0,13889000,-9693000,4196000
2009/05/26,0,15442000,-11147000,4295000
2009/05/27,0,8313000,-29148117,-20835117
2009/05/28,0,0,0,0
2009/05/29,0,0,0,0
2009/06/01,0,42210075,-52074000,-9863925
2009/06/02,0,40749000,-7957000,32792000
2009/06/03,0,12858634,-22203000,-9344366
2009/06/04,0,11435000,-15016000,-3581000
2009/06/05,0,17476626,-23556000,-6079374
2009/06/08,0,27141000,-25276000,1865000
2009/06/09,0,30293000,-23961000,6332000
2009/06/10,0,20227000,-21696868,-1469868
2009/06/11,0,29395916,-17044000,12351916
2009/06/12,0,17263000,-9818000,7445000
2009/06/15,0,5728000,-15167000,-9439000
2009/06/16,0,12540000,-20483130,-7943130
2009/06/17,0,21272000,-54001476,-32729476
2009/06/18,0,23432000,-23163933,268067
2009/06/19,0,10652522,-12938000,-2285478
2009/06/22,0,14393000,-13544000,849000
2009/06/23,0,3976300,-20265659,-16289359
2009/06/24,0,16726000,-23443386,-6717386
2009/06/25,0,62624000,-39181100,23442900
2009/06/26,0,27737000,-13096000,14641000
2009/06/29,0,15404000,-22304000,-6900000
2009/06/30,0,12514000,-8276349,4237651
2009/07/01,0,12452000,-9608000,2844000
2009/07/02,0,13117000,-2916000,10201000
2009/07/03,0,10104874,-8282148,1822726
2009/07/06,0,3456000,-6717000,-3261000
2009/07/07,0,11547345,-6986515,4560830
2009/07/08,0,2777000,-18676047,-15899047
2009/07/09,0,15628000,-35095000,-19467000
2009/07/10,0,11784000,-5616000,6168000
2009/07/13,0,22040000,-18257000,3783000
2009/07/14,0,22285000,-18396770,3888230
2009/07/15,0,19743000,-21992000,-2249000
2009/07/16,0,14872000,-4032000,10840000
2009/07/17,0,19708428,-4114011,15594417
2009/07/20,0,25936000,-4128118,21807882
2009/07/21,0,43122000,-9504892,33617108
2009/07/22,0,8855600,-12290837,-3435237
2009/07/23,0,9476000,-9504940,-28940
2009/07/24,0,11834500,-21347810,-9513310
2009/07/27,0,11008000,-9287853,1720147
2009/07/28,0,14375000,-11450732,2924268
2009/07/29,0,7101459,-3830000,3271459
2009/07/30,0,13215000,-12856000,359000
2009/07/31,0,12906000,-12570000,336000
2009/08/03,0,8877000,-7084000,1793000
2009/08/04,0,11771000,-11155000,616000
2009/08/05,0,14988000,-23903000,-8915000
2009/08/06,0,14250000,-24127000,-9877000
2009/08/07,0,0,0,0
2009/08/10,0,17429619,-13394000,4035619
2009/08/11,0,15705902,-23380000,-7674098
2009/08/12,0,7447000,-17460000,-10013000
2009/08/13,0,9880000,-14219600,-4339600
2009/08/14,0,2496000,-1157000,1339000
2009/08/17,0,6451000,-17883900,-11432900
2009/08/18,0,1887000,-10110000,-8223000
2009/08/19,0,13104000,-10184528,2919472
2009/08/20,0,10875480,-11266000,-390520
2009/08/21,0,19740000,-21997040,-2257040
2009/08/24,0,10208000,-17677000,-7469000
2009/08/25,0,9978000,-12075953,-2097953
2009/08/26,0,4111000,-11213000,-7102000
2009/08/27,0,12248000,-21529000,-9281000
2009/08/28,0,22633000,-13141594,9491406
2009/08/31,0,6212000,-20150244,-13938244
2009/09/01,0,18014765,-68377474,-50362709
2009/09/02,0,31770715,-30623000,1147715
2009/09/03,0,24529000,-15581000,8948000
2009/09/04,0,24480000,-29578000,-5098000
2009/09/07,0,41071000,-13854000,27217000
2009/09/08,0,36803000,-14341000,22462000
2009/09/09,0,21743000,-18646000,3097000
2009/09/10,0,69764000,-25916260,43847740
2009/09/11,0,9125000,-6039000,3086000
2009/09/14,0,15963000,-17706000,-1743000
2009/09/15,0,23534620,-13355000,10179620
2009/09/16,0,16251000,-11396915,4854085
2009/09/17,0,36870000,-19304160,17565840
2009/09/18,0,5815000,-10384000,-4569000
2009/09/21,0,7549000,-11821849,-4272849
2009/09/22,0,6767000,-2620000,4147000
2009/09/23,0,25638000,-18964000,6674000
2009/09/24,0,1992000,-10217000,-8225000
2009/09/25,0,10052192,-23599910,-13547718
2009/09/28,0,1779000,-2652000,-873000
2009/09/29,0,9995226,-2281000,7714226
2009/09/30,0,15263000,-7225000,8038000
2009/10/01,0,28237701,-9322000,18915701
2009/10/02,0,1856600,-14063672,-12207072
2009/10/05,0,6813294,-14697480,-7884186
2009/10/06,0,18497000,-22193600,-3696600
2009/10/07,0,18679726,-13057048,5622678
2009/10/08,0,29273341,-11189193,18084148
2009/10/09,0,16837080,-18230000,-1392920
2009/10/12,0,4254000,-9349000,-5095000
2009/10/13,0,7246440,-18907569,-11661129
2009/10/14,0,27633000,-5495000,22138000
2009/10/15,0,12023800,-2995000,9028800
2009/10/16,0,2053000,-13001000,-10948000
2009/10/19,0,5137000,-5917419,-780419
2009/10/20,0,5329156,-6518000,-1188844
2009/10/21,0,6505000,-14492300,-7987300
2009/10/22,0,5875000,-23132000,-17257000
2009/10/23,0,4168000,-19883562,-15715562
2009/10/26,0,8507000,-11109000,-2602000
2009/10/27,0,7309000,-10888000,-3579000
2009/10/28,0,7519000,-8985000,-1466000
2009/10/29,0,13547000,-24482000,-10935000
2009/10/30,0,5906000,-14928000,-9022000
2009/11/02,0,5922000,-7010020,-1088020
2009/11/03,0,5923800,-9914808,-3991008
2009/11/04,0,17500000,-29338192,-11838192
2009/11/05,0,14336955,-35539000,-21202045
2009/11/06,0,8988000,-3898000,5090000
2009/11/09,0,12966000,-7343980,5622020
2009/11/10,0,10879000,-3200810,7678190
2009/11/11,0,19435000,-6221978,13213022
2009/11/12,0,9849000,-5375000,4474000
2009/11/13,0,9373000,-4158736,5214264
2009/11/16,0,24467000,-10113000,14354000
2009/11/17,0,15420075,-5516000,9904075
2009/11/18,0,16697288,-10293487,6403801
2009/11/19,0,15709974,-3571830,12138144
2009/11/20,0,6518000,-17270000,-10752000
2009/11/23,0,9345000,-15101900,-5756900
2009/11/24,0,13393000,-12789000,604000
2009/11/25,0,16343000,-12849000,3494000
2009/11/26,0,7405000,-4972000,2433000
2009/11/27,0,9463000,-34131000,-24668000
2009/11/30,0,27359490,-21059848,6299642
2009/12/01,0,24336000,-7303073,17032927
2009/12/02,0,14878000,-6039000,8839000
2009/12/03,0,11852000,-6265212,5586788
2009/12/04,0,19713000,-32273052,-12560052
2009/12/07,0,19803000,-22464000,-2661000
2009/12/08,0,9809000,-4310000,5499000
2009/12/09,0,12915000,-7891780,5023220
2009/12/10,0,10869000,-16699834,-5830834
2009/12/11,0,11788000,-6141000,5647000
2009/12/14,0,11613000,-16403000,-4790000
2009/12/15,0,15810000,-9948000,5862000
2009/12/16,0,7363000,-7750015,-387015
2009/12/17,0,27076500,-29165000,-2088500
2009/12/18,0,18000000,-33464000,-15464000
2009/12/21,0,14624000,-45037000,-30413000
2009/12/22,0,11300000,-19591000,-8291000
2009/12/23,0,28450000,-32710508,-4260508
2009/12/24,0,13777000,-13009000,768000
2009/12/25,0,8530000,-5294000,3236000
2009/12/28,0,20689000,-10079000,10610000
2009/12/29,0,33020000,-4085000,28935000
2009/12/30,0,24070000,-5436000,18634000
2009/12/31,0,27663000,-1327000,26336000
2010/01/01,0,0,0,0
2010/01/04,0,3649000,-3798000,-149000
2010/01/05,0,9665000,-12259071,-2594071
2010/01/06,0,14514475,-10549000,3965475
2010/01/07,0,45564000,-19989380,25574620
2010/01/08,0,12920460,-16398900,-3478440
2010/01/11,0,24910000,-13752000,11158000
2010/01/12,0,4277567,-10401621,-6124054
2010/01/13,0,4409000,-7763929,-3354929
2010/01/14,0,6193000,-4332510,1860490
2010/01/15,0,16068000,-11856000,4212000
2010/01/18,0,3852000,-11505000,-7653000
2010/01/19,0,3529000,-18010770,-14481770
2010/01/20,0,6234000,-24303000,-18069000
2010/01/21,0,47506000,-87909000,-40403000
2010/01/22,0,4386000,-39219000,-34833000
2010/01/25,0,4351400,-13016000,-8664600
2010/01/26,0,7119000,-24697000,-17578000
2010/01/27,0,2427000,-5572670,-3145670
2010/01/28,0,4745161,-21727000,-16981839
2010/01/29,0,15068000,-14932570,135430
2010/02/01,0,14034221,-41221170,-27186949
2010/02/02,0,5532000,-17830020,-12298020
2010/02/03,0,24480320,-10996000,13484320
2010/02/04,0,16245000,-14696000,1549000
2010/02/05,0,28046000,-23028110,5017890
2010/02/08,0,2790000,-9137993,-6347993
2010/02/09,0,8301000,-18694560,-10393560
2010/02/10,0,7725000,-12297437,-4572437
2010/02/11,0,0,0,0
2010/02/12,0,0,0,0
2010/02/15,0,0,0,0
2010/02/16,0,0,0,0
2010/02/17,0,0,0,0
2010/02/18,0,0,0,0
2010/02/19,0,0,0,0
2010/02/22,0,11853014,-9286000,2567014
2010/02/23,0,10016596,-15000000,-4983404
2010/02/24,0,7293000,-21970000,-14677000
2010/02/25,0,8749000,-23229200,-14480200
2010/02/26,0,16120861,-59078524,-42957663
2010/03/01,0,23545000,-50483892,-26938892
2010/03/02,0,10978562,-11442000,-463438
2010/03/03,0,21872900,-8448258,13424642
2010/03/04,0,5002000,-13127819,-8125819
2010/03/05,0,15999000,-3283000,12716000
2010/03/08,0,10564000,-7628280,2935720
2010/03/09,0,10723040,-8736600,1986440
2010/03/10,0,10093000,-10589336,-496336
2010/03/11,0,6303000,-17844000,-11541000
2010/03/12,0,7766000,-10755750,-2989750
2010/03/15,0,1525000,-8510560,-6985560
2010/03/16,0,1575002,-1114096,460906
2010/03/17,0,32001000,-11067000,20934000
2010/03/18,0,18390000,-9394000,8996000
2010/03/19,0,6691000,-9625520,-2934520
2010/03/22,0,2469000,-10057340,-7588340
2010/03/23,0,4148000,-14825000,-10677000
2010/03/24,0,7808000,-23368000,-15560000
2010/03/25,0,6895000,-23499000,-16604000
2010/03/26,0,10454000,-9267000,1187000
2010/03/29,0,10839000,-21010000,-10171000
2010/03/30,0,12441139,-28965330,-16524191
2010/03/31,0,6221000,-35118538,-28897538
2010/04/01,0,27324000,-37390490,-10066490
2010/04/02,0,10578000,-18774000,-8196000
2010/04/05,0,0,0,0
2010/04/06,0,13839000,-18932200,-5093200
2010/04/07,0,20711870,-21501469,-789599
2010/04/08,0,16739000,-16480000,259000
2010/04/09,0,27600000,-2882630,24717370
2010/04/12,0,29573360,-20996000,8577360
2010/04/13,0,13565000,-15483000,-1918000
2010/04/14,0,15232000,-22063660,-6831660
2010/04/15,0,16779000,-5396343,11382657
2010/04/16,0,8700790,-7080000,1620790
2010/04/19,0,10464000,-28870000,-18406000
2010/04/20,0,8599000,-5462200,3136800
2010/04/21,0,11837000,-6859121,4977879
2010/04/22,0,3146000,-18195170,-15049170
2010/04/23,0,8523000,-35650000,-27127000
2010/04/26,0,15825000,-25222000,-9397000
2010/04/27,0,19224730,-17780730,1444000
2010/04/28,0,1167027,-13146613,-11979586
2010/04/29,0,2929000,-15037000,-12108000
2010/04/30,0,17174000,-21194763,-4020763
2010/05/03,0,2114000,-7058000,-4944000
2010/05/04,0,2945000,-5529325,-2584325
2010/05/05,0,849614,-16340100,-15490486
2010/05/06,0,4236334,-19452000,-15215666
2010/05/07,0,9164752,-31881818,-22717066
2010/05/10,0,15544510,-30380178,-14835668
2010/05/11,0,34629000,-35829416,-1200416
2010/05/12,0,14980115,-11987944,2992171
2010/05/13,0,34774000,-16977000,17797000
2010/05/14,0,6937000,-4987067,1949933
2010/05/17,0,4321000,-8587000,-4266000
2010/05/18,0,4806100,-9026633,-4220533
2010/05/19,0,7167003,-20901000,-13733997
2010/05/20,0,9403000,-10065000,-662000
2010/05/21,0,15397000,-16574470,-1177470
2010/05/24,0,3093000,-8626000,-5533000
2010/05/25,0,2440000,-8779000,-6339000
2010/05/26,0,38274067,-66039935,-27765868
2010/05/27,0,42215000,-49991383,-7776383
2010/05/28,0,28396000,-12998000,15398000
2010/05/31,0,11984000,-5890000,6094000
2010/06/01,0,6381000,-7843000,-1462000
2010/06/02,0,13350000,-11457000,1893000
2010/06/03,0,23401335,-12377000,11024335
2010/06/04,0,5459000,-7358000,-1899000
2010/06/07,0,11153351,-25019000,-13865649
2010/06/08,0,15776000,-11192000,4584000
2010/06/09,0,2643000,-13135200,-10492200
2010/06/10,0,5855000,-2227000,3628000
2010/06/11,0,9355081,-11361000,-2005919
2010/06/14,0,11409081,-2109000,9300081
2010/06/15,0,7207163,-1882043,5325120
2010/06/16,0,0,0,0
2010/06/17,0,13243363,-4072097,9171266
2010/06/18,0,4686465,-4508000,178465
2010/06/21,0,20079439,-6520827,13558612
2010/06/22,0,6627556,-1884000,4743556
2010/06/23,0,2452702,-768105,1684597
2010/06/24,0,7109000,-6262870,846130
2010/06/25,0,12638000,-25142723,-12504723
2010/06/28,0,3636000,-4600000,-964000
2010/06/29,0,10860462,-5871060,4989402
2010/06/30,0,4139000,-10738000,-6599000
2010/07/01,0,883000,-13306722,-12423722
2010/07/02,0,3339200,-5856030,-2516830
2010/07/05,0,20806769,-6589000,14217769
2010/07/06,0,24802000,-4134352,20667648
2010/07/07,0,12507000,-14683783,-2176783
2010/07/08,0,7063000,-6595578,467422
2010/07/09,0,12970937,-13291000,-320063
2010/07/12,0,13888000,-4304480,9583520
2010/07/13,0,7014000,-4843448,2170552
2010/07/14,0,12836060,-13895869,-1059809
2010/07/15,0,15651000,-6487402,9163598
2010/07/16,0,26371819,-14940219,11431600
2010/07/19,0,5649000,-6754000,-1105000
2010/07/20,0,8332000,-2657000,5675000
2010/07/21,0,7981000,-14816000,-6835000
2010/07/22,0,10970000,-50220000,-39250000
2010/07/23,0,10326000,-15785000,-5459000
2010/07/26,0,20458540,-17340000,3118540
2010/07/27,0,6277890,-5793140,484750
2010/07/28,0,13105000,-2941368,10163632
2010/07/29,0,7514000,-3344171,4169829
2010/07/30,0,8199770,-4501000,3698770
2010/08/02,0,23116000,-4840000,18276000
2010/08/03,0,21139000,-5001000,16138000
2010/08/04,0,3896500,-2748765,1147735
2010/08/05,0,2829000,-4539000,-1710000
2010/08/06,0,5181000,-3341000,1840000
2010/08/09,0,17913000,-4762000,13151000
2010/08/10,0,9682000,-6195000,3487000
2010/08/11,0,4172000,-1639215,2532785
2010/08/12,0,6016235,-6044000,-27765
2010/08/13,0,16301433,-10417492,5883941
2010/08/16,0,12115000,-8700000,3415000
2010/08/17,0,2088000,-9905000,-7817000
2010/08/18,0,12805000,-17919000,-5114000
2010/08/19,0,15242000,-8369000,6873000
2010/08/20,0,2583000,-2911705,-328705
2010/08/23,0,12713000,-2637000,10076000
2010/08/24,0,21784279,-9735000,12049279
2010/08/25,0,13098684,-12345000,753684
2010/08/26,0,1580126,-12393000,-10812874
2010/08/27,0,2956000,-6222000,-3266000
2010/08/30,0,3881820,-2392000,1489820
2010/08/31,0,8992000,-4617892,4374108
2010/09/01,0,2483000,-8322760,-5839760
2010/09/02,0,10414200,-6778991,3635209
2010/09/03,0,10863000,-5223000,5640000
2010/09/06,0,14530000,-4855000,9675000
2010/09/07,0,5490572,-671010,4819562
2010/09/08,0,4478160,-5169432,-691272
2010/09/09,0,5480000,-8745000,-3265000
2010/09/10,0,12200090,-12999442,-799352
2010/09/13,0,17172000,-6564000,10608000
2010/09/14,0,7878000,-3251000,4627000
2010/09/15,0,11004180,-1979000,9025180
2010/09/16,0,4146000,-2881000,1265000
2010/09/17,0,11475000,-7679000,3796000
2010/09/20,0,4648000,-6940000,-2292000
2010/09/21,0,9892000,-8714000,1178000
2010/09/22,0,0,0,0
2010/09/23,0,11189119,-6440000,4749119
2010/09/24,0,11532690,-5987000,5545690
2010/09/27,0,20123920,-24924000,-4800080
2010/09/28,0,3258380,-20483000,-17224620
2010/09/29,0,12588000,-8490000,4098000
2010/09/30,0,6579000,-8186000,-1607000
2010/10/01,0,9541900,-12073000,-2531100
2010/10/04,0,12845090,-13328500,-483410
2010/10/05,0,15129300,-12533290,2596010
2010/10/06,0,21184301,-20976336,207965
2010/10/07,0,60647740,-43104264,17543476
2010/10/08,0,14546020,-14488942,57078
2010/10/11,0,23818540,-3923551,19894989
2010/10/12,0,16011310,-8728000,7283310
2010/10/13,0,11224790,-17702000,-6477210
2010/10/14,0,12526660,-8676000,3850660
2010/10/15,0,12773490,-10863001,1910489
2010/10/18,0,7147000,-18435000,-11288000
2010/10/19,0,7579522,-12150000,-4570478
2010/10/20,0,7695000,-13033000,-5338000
2010/10/21,0,8158175,-6520000,1638175
2010/10/22,0,4589661,-5383500,-793839
2010/10/25,0,14308000,-15880222,-1572222
2010/10/26,0,13502857,-11302910,2199947
2010/10/27,0,8859290,-9079434,-220144
2010/10/28,0,15257495,-9240434,6017061
2010/10/29,0,7188000,-5098000,2090000
2010/11/01,0,16981000,-6141000,10840000
2010/11/02,0,5715000,-4399000,1316000
2010/11/03,0,6939000,-1132000,5807000
2010/11/04,0,5576844,-1263000,4313844
2010/11/05,0,31011000,-1674388,29336612
2010/11/08,0,25785640,-2666000,23119640
2010/11/09,0,28433321,-3268000,25165321
2010/11/10,0,11148000,-5466300,5681700
2010/11/11,0,8896000,-3245887,5650113
2010/11/12,0,13254000,-19927496,-6673496
2010/11/15,0,5038540,-5335509,-296969
2010/11/16,0,4212000,-11750044,-7538044
2010/11/17,0,9785000,-39413000,-29628000
2010/11/18,0,7627000,-29807170,-22180170
2010/11/19,0,17246150,-31923916,-14677766
2010/11/22,0,9752060,-19729556,-9977496
2010/11/23,0,7099850,-29293853,-22194003
2010/11/24,0,14147000,-28902000,-14755000
2010/11/25,0,5380000,-15243800,-9863800
2010/11/26,0,7216000,-15296000,-8080000
2010/11/29,0,5417000,-21878317,-16461317
2010/11/30,0,27938935,-30685801,-2746866
2010/12/01,0,29556000,-11475000,18081000
2010/12/02,0,46598433,-28054350,18544083
2010/12/03,0,9065000,-5842000,3223000
2010/12/06,0,22795000,-3847000,18948000
2010/12/07,0,39542970,-5817744,33725226
2010/12/08,0,12386000,-31916000,-19530000
2010/12/09,0,25369000,-5122000,20247000
2010/12/10,0,11096000,-9957000,1139000
2010/12/13,0,2071000,-5281698,-3210698
2010/12/14,0,14859000,-14699800,159200
2010/12/15,0,14897000,-5205500,9691500
2010/12/16,0,10029000,-9357000,672000
2010/12/17,0,6549000,-7725000,-1176000
2010/12/20,0,4361240,-5620000,-1258760
2010/12/21,0,5340000,-4792900,547100
2010/12/22,0,4352000,-2332730,2019270
2010/12/23,0,2646000,-2308000,338000
2010/12/24,0,6024000,-2450000,3574000
2010/12/27,0,9758000,-513000,9245000
2010/12/28,0,4989000,-669000,4320000
2010/12/29,0,10815100,-8238000,2577100
2010/12/30,0,17957000,-8084000,9873000
2010/12/31,0,4591000,-7462120,-2871120
2011/01/03,0,2995000,-7942000,-4947000
2011/01/04,0,36013000,-26624000,9389000
2011/01/05,0,25481000,-19996700,5484300
2011/01/06,0,78753000,-34035000,44718000
2011/01/07,0,18260000,-29720351,-11460351
2011/01/10,0,10037000,-16990000,-6953000
2011/01/11,0,63753000,-12266000,51487000
2011/01/12,0,43668000,-20336283,23331717
2011/01/13,0,41815374,-16134000,25681374
2011/01/14,0,9525000,-8004000,1521000
2011/01/17,0,6285615,-5704000,581615
2011/01/18,0,5285000,-10770720,-5485720
2011/01/19,0,9385000,-6486000,2899000
2011/01/20,0,3870000,-5887000,-2017000
2011/01/21,0,6688000,-26734000,-20046000
2011/01/24,0,2698000,-11069000,-8371000
2011/01/25,0,14171000,-2161300,12009700
2011/01/26,0,15512000,-3630130,11881870
2011/01/27,0,26200000,-17598500,8601500
2011/01/28,0,17378350,-10486000,6892350
2011/01/31,0,0,0,0
2011/02/01,0,0,0,0
2011/02/02,0,0,0,0
2011/02/03,0,0,0,0
2011/02/04,0,0,0,0
2011/02/07,0,0,0,0
2011/02/08,0,37801000,-20627194,17173806
2011/02/09,0,21548000,-29815860,-8267860
2011/02/10,0,8364000,-58376170,-50012170
2011/02/11,0,24492000,-75915342,-51423342
2011/02/14,0,8519000,-23140390,-14621390
2011/02/15,0,15982000,-24725464,-8743464
2011/02/16,0,8254000,-14057500,-5803500
2011/02/17,0,3643000,-10942390,-7299390
2011/02/18,0,18979000,-18374000,605000
2011/02/21,0,12797000,-6091000,6706000
2011/02/22,0,6612000,-18388000,-11776000
2011/02/23,0,7221029,-17680700,-10459671
2011/02/24,0,6221000,-8164000,-1943000
2011/02/25,0,12541000,-21519225,-8978225
2011/02/28,0,0,0,0
2011/03/01,0,7266000,-6494873,771127
2011/03/02,0,2589000,-8308000,-5719000
2011/03/03,0,14225000,-19923056,-5698056
2011/03/04,0,14926000,-12173000,2753000
2011/03/07,0,8637000,-1480000,7157000
2011/03/08,0,5269000,-2467000,2802000
2011/03/09,0,15087342,-6607558,8479784
2011/03/10,0,7965000,-4842220,3122780
2011/03/11,0,4557000,-12651080,-8094080
2011/03/14,0,12623000,-13444315,-821315
2011/03/15,0,14374000,-30680830,-16306830
2011/03/16,0,14097000,-14592682,-495682
2011/03/17,0,11390000,-15946440,-4556440
2011/03/18,0,9749000,-22503476,-12754476
2011/03/21,0,15010000,-12152000,2858000
2011/03/22,0,6508757,-13877600,-7368843
2011/03/23,0,10960000,-5062000,5898000
2011/03/24,0,7848000,-12322000,-4474000
2011/03/25,0,14052000,-18871000,-4819000
2011/03/28,0,9278000,-6051959,3226041
2011/03/29,0,11044000,-11916623,-872623
2011/03/30,0,26545000,-7313461,19231539
2011/03/31,0,12226985,-4125723,8101262
2011/04/01,0,8193583,-3823000,4370583
2011/04/04,0,0,0,0
2011/04/05,0,0,0,0
2011/04/06,0,19526530,-6831000,12695530
2011/04/07,0,7493000,-3407940,4085060
2011/04/08,0,14977784,-977397,14000387
2011/04/11,0,25131157,-54656000,-29524843
2011/04/12,0,4689500,-49103000,-44413500
2011/04/13,0,3313000,-44444536,-41131536
2011/04/14,0,6638000,-56875000,-50237000
2011/04/15,0,1753000,-19602000,-17849000
2011/04/18,0,6647000,-9396230,-2749230
2011/04/19,0,4949000,-14320000,-9371000
2011/04/20,0,13312817,-17546000,-4233183
2011/04/21,0,16422758,-34754000,-18331242
2011/04/22,0,7140000,-13263000,-6123000
2011/04/25,0,1561000,-9554000,-7993000
2011/04/26,0,7605784,-16493000,-8887216
2011/04/27,0,6571000,-9846500,-3275500
2011/04/28,0,3721772,-7883000,-4161228
2011/04/29,0,2903733,-32254000,-29350267
2011/05/02,0,0,0,0
2011/05/03,0,7973000,-18963900,-10990900
2011/05/04,0,9750000,-10365000,-615000
2011/05/05,0,6331000,-5709000,622000
2011/05/06,0,6605218,-20256264,-13651046
2011/05/09,0,10349000,-15704673,-5355673
2011/05/10,0,4487977,-10716000,-6228023
2011/05/11,0,14005000,-32872977,-18867977
2011/05/12,0,3607000,-5604819,-1997819
2011/05/13,0,1815000,-8379380,-6564380
2011/05/16,0,2031000,-5842000,-3811000
2011/05/17,0,8794000,-13828100,-5034100
2011/05/18,0,4841000,-9577000,-4736000
2011/05/19,0,16698939,-9669759,7029180
2011/05/20,0,3911000,-8881000,-4970000
2011/05/23,0,7201000,-14615000,-7414000
2011/05/24,0,2405000,-8714662,-6309662
2011/05/25,0,3178000,-13583000,-10405000
2011/05/26,0,2169327,-4017574,-1848247
2011/05/27,0,3382000,-17339000,-13957000
2011/05/30,0,2658000,-4594000,-1936000
2011/05/31,0,14689499,-10071332,4618167
2011/06/01,0,9489000,-2411169,7077831
2011/06/02,0,7021000,-1601000,5420000
2011/06/03,0,7709890,-2511520,5198370
2011/06/06,0,0,0,0
2011/06/07,0,3602000,-2975000,627000
2011/06/08,0,6293000,-3903556,2389444
2011/06/09,0,6982000,-8010905,-1028905
2011/06/10,0,4625220,-7148000,-2522780
2011/06/13,0,2019000,-9094288,-7075288
2011/06/14,0,5459000,-6738000,-1279000
2011/06/15,0,18053000,-21573657,-3520657
2011/06/16,0,3617565,-12063000,-8445435
2011/06/17,0,4463000,-22156166,-17693166
2011/06/20,0,4217000,-16160702,-11943702
2011/06/21,0,10121000,-22161000,-12040000
2011/06/22,0,9405000,-38722000,-29317000
2011/06/23,0,10360654,-21895000,-11534346
2011/06/24,0,4383000,-10545531,-6162531
2011/06/27,0,7317000,-9625457,-2308457
2011/06/28,0,10211000,-3027255,7183745
2011/06/29,0,9162000,-11023290,-1861290
2011/06/30,0,17413000,-5033000,12380000
2011/07/01,0,5629203,-3791000,1838203
2011/07/04,0,7393657,-6147342,1246315
2011/07/05,0,7217700,-11161653,-3943953
2011/07/06,0,11240985,-3291710,7949275
2011/07/07,0,19197024,-10872000,8325024
2011/07/08,0,14650697,-5511000,9139697
2011/07/11,0,12358661,-7616000,4742661
2011/07/12,0,3117672,-11768000,-8650328
2011/07/13,0,4064284,-7159000,-3094716
2011/07/14,0,2292612,-6929000,-4636388
2011/07/15,0,4949620,-9065000,-4115380
2011/07/18,0,6597835,-10847000,-4249165
2011/07/19,0,5371000,-19555279,-14184279
2011/07/20,0,5224049,-7977000,-2752951
2011/07/21,0,8625899,-1254000,7371899
2011/07/22,0,19134502,-6072000,13062502
2011/07/25,0,14210251,-11384000,2826251
2011/07/26,0,8374726,-4577000,3797726
2011/07/27,0,2223993,-9270750,-7046757
2011/07/28,0,8839590,-5520000,3319590
2011/07/29,0,7843249,-10256116,-2412867
2011/08/01,0,13224857,-15277832,-2052975
2011/08/02,0,2854323,-5105000,-2250677
2011/08/03,0,5010233,-24282650,-19272417
2011/08/04,0,6311490,-13432000,-7120510
2011/08/05,0,7747394,-54107195,-46359801
2011/08/08,0,10322749,-43008000,-32685251
2011/08/09,0,9032480,-26985972,-17953492
2011/08/10,0,8044000,-40620790,-32576790
2011/08/11,0,6744000,-29333000,-22589000
2011/08/12,0,3380000,-22506496,-19126496
2011/08/15,0,4601923,-6195000,-1593077
2011/08/16,0,4307000,-5150000,-843000
2011/08/17,0,6607835,-5723000,884835
2011/08/18,0,9825028,-12875000,-3049972
2011/08/19,0,4396767,-23231690,-18834923
2011/08/22,0,12374294,-6429000,5945294
2011/08/23,0,7374000,-4394930,2979070
2011/08/24,0,8192644,-10662000,-2469356
2011/08/25,0,3478969,-9405336,-5926367
2011/08/26,0,12837431,-7576411,5261020
2011/08/29,0,10591851,-7483617,3108234
2011/08/30,0,5723705,-12452103,-6728398
2011/08/31,0,6488018,-5828720,659298
2011/09/01,0,18027765,-9258639,8769126
2011/09/02,0,8238655,-9200959,-962304
2011/09/05,0,2146001,-16779247,-14633246
2011/09/06,0,3856199,-11887565,-8031366
2011/09/07,0,6429683,-7087000,-657317
2011/09/08,0,7076047,-6385000,691047
2011/09/09,0,3733000,-10817000,-7084000
2011/09/12,0,0,0,0
2011/09/13,0,2733935,-11071105,-8337170
2011/09/14,0,7726906,-30579057,-22852151
2011/09/15,0,8029000,-9341142,-1312142
2011/09/16,0,11143000,-4418000,6725000
2011/09/19,0,12030779,-7713000,4317779
2011/09/20,0,17088040,-22862000,-5773960
2011/09/21,0,8357160,-13240000,-4882840
2011/09/22,0,2873702,-12166462,-9292760
2011/09/23,0,3606102,-12495961,-8889859
2011/09/26,0,3242352,-4414353,-1172001
2011/09/27,0,11392231,-2566266,8825965
2011/09/28,0,9630461,-5658813,3971648
2011/09/29,0,11550071,-3240958,8309113
2011/09/30,0,11304000,-26188315,-14884315
2011/10/03,0,4530210,-11279956,-6749746
2011/10/04,0,12614592,-13850105,-1235513
2011/10/05,0,5949592,-20729332,-14779740
2011/10/06,0,12246936,-33492226,-21245290
2011/10/07,0,22075100,-38377723,-16302623
2011/10/10,0,0,0,0
2011/10/11,0,26700000,-19717511,6982489
2011/10/12,0,18709100,-9493901,9215199
2011/10/13,0,12590953,-4972981,7617972
2011/10/14,0,3665062,-10548119,-6883057
2011/10/17,0,14156024,-11218311,2937713
2011/10/18,0,2440188,-6594741,-4154553
2011/10/19,0,2151535,-4261691,-2110156
2011/10/20,0,3256624,-6103000,-2846376
2011/10/21,0,4463702,-2991751,1471951
2011/10/24,0,19968865,-4229854,15739011
2011/10/25,0,13553259,-7514489,6038770
2011/10/26,0,6867000,-2873890,3993110
2011/10/27,0,18745295,-15967815,2777480
2011/10/28,0,60475533,-11486063,48989470
2011/10/31,0,28346000,-22315000,6031000
2011/11/01,0,15535000,-4836971,10698029
2011/11/02,0,8414000,-16754600,-8340600
2011/11/03,0,11503543,-10111000,1392543
2011/11/04,0,14855000,-10512105,4342895
2011/11/07,0,7442000,-3923726,3518274
2011/11/08,0,8613111,-8233996,379115
2011/11/09,0,8310428,-15676104,-7365676
2011/11/10,0,7537428,-29766836,-22229408
2011/11/11,0,5294000,-9284295,-3990295
2011/11/14,0,3548000,-718659,2829341
2011/11/15,0,4581000,-1386000,3195000
2011/11/16,0,4433000,-9113665,-4680665
2011/11/17,0,17333775,-16628257,705518
2011/11/18,0,7012001,-10062933,-3050932
2011/11/21,0,8565000,-21310205,-12745205
2011/11/22,0,6299000,-6018000,281000
2011/11/23,0,2982857,-8970980,-5988123
2011/11/24,0,5644000,-9450741,-3806741
2011/11/25,0,6924000,-18787000,-11863000
2011/11/28,0,10012028,-16155000,-6142972
2011/11/29,0,12875000,-16149318,-3274318
2011/11/30,0,17884017,-23997584,-6113567
2011/12/01,0,18958000,-5185283,13772717
2011/12/02,0,19353000,-2394697,16958303
2011/12/05,0,7335000,-2570719,4764281
2011/12/06,0,4640000,-5792000,-1152000
2011/12/07,0,8818000,-6225270,2592730
2011/12/08,0,5771000,-16746274,-10975274
2011/12/09,0,2498412,-10326851,-7828439
2011/12/12,0,2776000,-1512000,1264000
2011/12/13,0,1784000,-3269000,-1485000
2011/12/14,0,3251000,-2910490,340510
2011/12/15,0,5001000,-7598000,-2597000
2011/12/16,0,2277000,-4912345,-2635345
2011/12/19,0,3637000,-4934000,-1297000
2011/12/20,0,7010000,-12103051,-5093051
2011/12/21,0,3713000,-8884570,-5171570
2011/12/22,0,7095000,-5749154,1345846
2011/12/23,0,14110000,-6732000,7378000
2011/12/26,0,2063000,-808000,1255000
2011/12/27,0,4208000,-2264000,1944000
2011/12/28,0,7440098,-4241091,3199007
2011/12/29,0,5720000,-461562,5258438
2011/12/30,0,6471877,-1593000,4878877
2012/01/02,0,877000,-5103000,-4226000
2012/01/03,0,5484000,-9097368,-3613368
2012/01/04,0,2616000,-11494065,-8878065
2012/01/05,0,7720000,-23043729,-15323729
2012/01/06,0,4952071,-9972000,-5019929
2012/01/09,0,4735000,-3935337,799663
2012/01/10,0,39456000,-4169000,35287000
2012/01/11,0,18435000,-11611038,6823962
2012/01/12,0,23123000,-1085211,22037789
2012/01/13,0,15318000,-6830376,8487624
2012/01/16,0,6892000,-11810593,-4918593
2012/01/17,0,11309000,-3013000,8296000
2012/01/18,0,16367565,-7913877,8453688
2012/01/19,0,0,0,0
2012/01/20,0,0,0,0
2012/01/23,0,0,0,0
2012/01/24,0,0,0,0
2012/01/25,0,0,0,0
2012/01/26,0,0,0,0
2012/01/27,0,0,0,0
2012/01/30,0,36876807,-9456793,27420014
2012/01/31,0,22130460,-18533252,3597208
2012/02/01,0,18866000,-4913100,13952900
2012/02/02,0,15046000,-5192000,9854000
2012/02/03,0,23105000,-2916000,20189000
2012/02/06,0,10519000,-6603320,3915680
2012/02/07,0,10987000,-16729374,-5742374
2012/02/08,0,26357000,-19944000,6413000
2012/02/09,0,21069000,-26884738,-5815738
2012/02/10,0,5761000,-20343167,-14582167
2012/02/13,0,10763000,-15377525,-4614525
2012/02/14,0,7157164,-17258369,-10101205
2012/02/15,0,12092000,-5972732,6119268
2012/02/16,0,6289000,-7599663,-1310663
2012/02/17,0,11959000,-7270000,4689000
2012/02/20,0,9428000,-6563000,2865000
2012/02/21,0,4888000,-15494892,-10606892
2012/02/22,0,14723000,-10387728,4335272
2012/02/23,0,6587000,-2877000,3710000
2012/02/24,0,7703300,-3913000,3790300
2012/02/27,0,0,0,0
2012/02/28,0,0,0,0
2012/02/29,0,19863522,-12380069,7483453
2012/03/01,0,5800440,-5192632,607808
2012/03/02,0,7774953,-2955000,4819953
2012/03/05,0,8898001,-8911000,-12999
2012/03/06,0,3844000,-9643470,-5799470
2012/03/07,0,2159000,-6948917,-4789917
2012/03/08,0,10645000,-7558918,3086082
2012/03/09,0,4832000,-10696406,-5864406
2012/03/12,0,3709000,-3941724,-232724
2012/03/13,0,14465000,-9741076,4723924
2012/03/14,0,14747575,-18953856,-4206281
2012/03/15,0,9697000,-8668000,1029000
2012/03/16,0,15821732,-8130000,7691732
2012/03/19,0,2818000,-8272000,-5454000
2012/03/20,0,9490000,-19488333,-9998333
2012/03/21,0,11765095,-20044456,-8279361
2012/03/22,0,6164000,-10312000,-4148000
2012/03/23,0,3956000,-10619000,-6663000
2012/03/26,0,5167285,-18102096,-12934811
2012/03/27,0,11369000,-6575290,4793710
2012/03/28,0,3463000,-2052380,1410620
2012/03/29,0,12513000,-49129881,-36616881
2012/03/30,0,7122616,-16857000,-9734384
2012/04/02,0,5113000,-25212230,-20099230
2012/04/03,0,11629877,-36185704,-24555827
2012/04/04,0,0,0,0
2012/04/05,0,9244000,-39208381,-29964381
2012/04/06,0,1549000,-14402062,-12853062
2012/04/09,0,5768000,-18619500,-12851500
2012/04/10,0,12540000,-18253176,-5713176
2012/04/11,0,3691000,-13357586,-9666586
2012/04/12,0,13020200,-12072000,948200
2012/04/13,0,23889622,-14607229,9282393
2012/04/16,0,6918000,-14210803,-7292803
2012/04/17,0,11755285,-21555154,-9799869
2012/04/18,0,6239000,-8284177,-2045177
2012/04/19,0,7883000,-21087849,-13204849
2012/04/20,0,3505000,-11249382,-7744382
2012/04/23,0,4294000,-10212000,-5918000
2012/04/24,0,3183000,-11940796,-8757796
2012/04/25,0,8759000,-18754270,-9995270
2012/04/26,0,4897000,-3339000,1558000
2012/04/27,0,9200509,-3944000,5256509
2012/04/30,0,9043000,-14072916,-5029916
2012/05/01,0,0,0,0
2012/05/02,0,7443000,-22004794,-14561794
2012/05/03,0,5781000,-15403620,-9622620
2012/05/04,0,7708000,-12113000,-4405000
2012/05/07,0,8341000,-23401000,-15060000
2012/05/08,0,4761000,-14998897,-10237897
2012/05/09,0,6566000,-18007903,-11441903
2012/05/10,0,4867503,-1650544,3216959
2012/05/11,0,5079889,-19999110,-14919221
2012/05/14,0,2554000,-8678000,-6124000
2012/05/15,0,10756000,-20081595,-9325595
2012/05/16,0,10134714,-13716164,-3581450
2012/05/17,0,12825000,-9718000,3107000
2012/05/18,0,2999000,-18901000,-15902000
2012/05/21,0,5106000,-6729917,-1623917
2012/05/22,0,11795000,-11744957,50043
2012/05/23,0,8706714,-11357000,-2650286
2012/05/24,0,6049000,-3734000,2315000
2012/05/25,0,15262000,-3667200,11594800
2012/05/28,0,5367000,-5310000,57000
2012/05/29,0,27684000,-23969639,3714361
2012/05/30,0,14068000,-20287843,-6219843
2012/05/31,0,10242682,-23253477,-13010795
2012/06/01,0,2849000,-5139373,-2290373
2012/06/04,0,7528049,-7509152,18897
2012/06/05,0,5391000,-5391000,0
2012/06/06,0,6641000,-5248921,1392079
2012/06/07,0,7017549,-8816000,-1798451
2012/06/08,0,4027029,-1835000,2192029
2012/06/11,0,14154549,-968000,13186549
2012/06/12,0,7743000,-7092000,651000
2012/06/13,0,3586486,-8045249,-4458763
2012/06/14,0,4763817,-8733507,-3969690
2012/06/15,0,9012000,-12457353,-3445353
2012/06/18,0,8450782,-2171183,6279599
2012/06/19,0,7678920,-6976822,702098
2012/06/20,0,13984445,-6866178,7118267
2012/06/21,0,3421877,-3119000,302877
2012/06/22,0,2164288,-7746000,-5581712
2012/06/25,0,1443000,-6223191,-4780191
2012/06/26,0,4433000,-1669892,2763108
2012/06/27,0,6117000,-6605091,-488091
2012/06/28,0,8766000,-4192978,4573022
2012/06/29,0,10894000,-3569000,7325000
2012/07/02,0,7059000,-6105000,954000
2012/07/03,0,24300714,-3891145,20409569
2012/07/04,0,5547971,-6051898,-503927
2012/07/05,0,4197000,-5434506,-1237506
2012/07/06,0,7437000,-3037000,4400000
2012/07/09,0,3827000,-3989000,-162000
2012/07/10,0,4835318,-3488743,1346575
2012/07/11,0,3516000,-5253000,-1737000
2012/07/12,0,2545782,-8740991,-6195209
2012/07/13,0,2394915,-3294199,-899284
2012/07/16,0,3655000,-849000,2806000
2012/07/17,0,5410000,-5532000,-122000
2012/07/18,0,1768000,-8575333,-6807333
2012/07/19,0,5257000,-5685714,-428714
2012/07/20,0,3908000,-4336532,-428532
2012/07/23,0,5681000,-15520509,-9839509
2012/07/24,0,8026439,-8627714,-601275
2012/07/25,0,5249000,-11639000,-6390000
2012/07/26,0,2949951,-8493859,-5543908
2012/07/27,0,11627000,-2633000,8994000
2012/07/30,0,5103544,-3469000,1634544
2012/07/31,0,10504873,-4355737,6149136
2012/08/01,0,3664000,-1453000,2211000
2012/08/02,0,0,0,0
2012/08/03,0,3357343,-4009714,-652371
2012/08/06,0,12062000,-5411000,6651000
2012/08/07,0,9114000,-6200000,2914000
2012/08/08,0,6464852,-960365,5504487
2012/08/09,0,16786000,-301000,16485000
2012/08/10,0,7499000,-1340000,6159000
2012/08/13,0,3060000,-635000,2425000
2012/08/14,0,14276747,-3705000,10571747
2012/08/15,0,10875000,-1692532,9182468
2012/08/16,0,12526000,-3597511,8928489
2012/08/17,0,5796000,-5276867,519133
2012/08/20,0,1336000,-2276000,-940000
2012/08/21,0,10750810,-3325648,7425162
2012/08/22,0,3974042,-1031000,2943042
2012/08/23,0,8149236,-1182000,6967236
2012/08/24,0,2885000,-4484051,-1599051
2012/08/27,0,4588000,-8440000,-3852000
2012/08/28,0,4058356,-7152000,-3093644
2012/08/29,0,2977178,-2592264,384914
2012/08/30,0,10902000,-11849178,-947178
2012/08/31,0,2872995,-2698506,174489
2012/09/03,0,2116000,-3182468,-1066468
2012/09/04,0,1085000,-2434363,-1349363
2012/09/05,0,3846000,-6773000,-2927000
2012/09/06,0,1185000,-1503000,-318000
2012/09/07,0,4131000,-1056215,3074785
2012/09/10,0,2851917,-2155000,696917
2012/09/11,0,3261000,-3608000,-347000
2012/09/12,0,5375230,-304000,5071230
2012/09/13,0,5976000,-2892000,3084000
2012/09/14,0,33557000,-6705000,26852000
2012/09/17,0,21204000,-21531950,-327950
2012/09/18,0,13041000,-6547714,6493286
2012/09/19,0,19178000,-5021512,14156488
2012/09/20,0,12789000,-8883273,3905727
2012/09/21,0,9236000,-8117000,1119000
2012/09/24,0,5036942,-9955015,-4918073
2012/09/25,0,11843000,-5500000,6343000
2012/09/26,0,10455000,-2355000,8100000
2012/09/27,0,11833000,-7591871,4241129
2012/09/28,0,12222000,-5145012,7076988
2012/10/01,0,8391000,-1693000,6698000
2012/10/02,0,10594000,-5632494,4961506
2012/10/03,0,4681000,-2289000,2392000
2012/10/04,0,7294000,-5235804,2058196
2012/10/05,0,4791000,-9110125,-4319125
2012/10/08,0,4937400,-8888000,-3950600
2012/10/09,0,8498000,-2879338,5618662
2012/10/10,0,0,0,0
2012/10/11,0,7629000,-15790528,-8161528
2012/10/12,0,3851000,-11483000,-7632000
2012/10/15,0,8559000,-7456680,1102320
2012/10/16,0,2118000,-9327592,-7209592
2012/10/17,0,13785000,-13722127,62873
2012/10/18,0,3759000,-1514323,2244677
2012/10/19,0,9422000,-6453000,2969000
2012/10/22,0,3275000,-3185639,89361
2012/10/23,0,5489101,-5463101,26000
2012/10/24,0,5149000,-3196648,1952352
2012/10/25,0,3180000,-6416000,-3236000
2012/10/26,0,6855000,-9762000,-2907000
2012/10/29,0,7845000,-6173000,1672000
2012/10/30,0,7928000,-11194476,-3266476
2012/10/31,0,8230000,-8379000,-149000
2012/11/01,0,6104000,-6926000,-822000
2012/11/02,0,19457000,-8496000,10961000
2012/11/05,0,7181000,-8029000,-848000
2012/11/06,0,3911000,-2996897,914103
2012/11/07,0,5891000,-2880000,3011000
2012/11/08,0,5702000,-11509745,-5807745
2012/11/09,0,1919000,-4588000,-2669000
2012/11/12,0,10157000,-7890000,2267000
2012/11/13,0,1815000,-9663000,-7848000
2012/11/14,0,4962000,-5672000,-710000
2012/11/15,0,4098000,-8319891,-4221891
2012/11/16,0,4033750,-7221784,-3188034
2012/11/19,0,2706000,-1758000,948000
2012/11/20,0,4108000,-2794000,1314000
2012/11/21,0,6374000,-12026446,-5652446
2012/11/22,0,3043000,-1388000,1655000
2012/11/23,0,11901000,-3491000,8410000
2012/11/26,0,10703000,-6762020,3940980
2012/11/27,0,14371000,-5054000,9317000
2012/11/28,0,12384000,-4251543,8132457
2012/11/29,0,21238000,-7660000,13578000
2012/11/30,0,18114000,-19505969,-1391969
2012/12/03,0,12411000,-9000742,3410258
2012/12/04,0,6704081,-11770919,-5066838
2012/12/05,0,7751000,-10082993,-2331993
2012/12/06,0,5552000,-949525,4602475
2012/12/07,0,6401000,-5385000,1016000
2012/12/10,0,6604000,-6282000,322000
2012/12/11,0,19598610,-9301779,10296831
2012/12/12,0,22750000,-9935379,12814621
2012/12/13,0,7239342,-4462301,2777041
2012/12/14,0,9261317,-6604000,2657317
2012/12/17,0,6651000,-6880660,-229660
2012/12/18,0,8898000,-5352000,3546000
2012/12/19,0,12811000,-8864000,3947000
2012/12/20,0,4691000,-4421000,270000
2012/12/21,0,11553000,-9610287,1942713
2012/12/24,0,3112000,-1039000,2073000
2012/12/25,0,4039000,-880000,3159000
2012/12/26,0,5014000,-1019000,3995000
2012/12/27,0,3744227,-1304000,2440227
2012/12/28,0,7406000,-2464000,4942000
2012/12/31,0,0,0,0
2013/01/01,0,0,0,0
2013/01/02,0,9421000,-3525569,5895431
2013/01/03,0,8947000,-4585000,4362000
2013/01/04,0,4005000,-9914099,-5909099
2013/01/07,0,7971000,-3867200,4103800
2013/01/08,0,5789000,-4364243,1424757
2013/01/09,0,12430000,-2516000,9914000
2013/01/10,0,22460000,-9336196,13123804
2013/01/11,0,13329000,-6001084,7327916
2013/01/14,0,4865000,-2485000,2380000
2013/01/15,0,4534000,-6809000,-2275000
2013/01/16,0,4418688,-3776973,641715
2013/01/17,0,5124000,-7074000,-1950000
2013/01/18,0,4912100,-5775000,-862900
2013/01/21,0,9347000,-14768350,-5421350
2013/01/22,0,6906000,-8049726,-1143726
2013/01/23,0,12289000,-8482995,3806005
2013/01/24,0,16152000,-48555821,-32403821
2013/01/25,0,7840078,-9348000,-1507922
2013/01/28,0,13886000,-18003000,-4117000
2013/01/29,0,9933600,-1482000,8451600
2013/01/30,0,31958862,-13813000,18145862
2013/01/31,0,34414000,-20678362,13735638
2013/02/01,0,15722730,-11913730,3809000
2013/02/04,0,13367000,-5831328,7535672
2013/02/05,0,5817000,-7836000,-2019000
2013/02/06,0,18182000,-11510175,6671825
2013/02/07,0,0,0,0
2013/02/08,0,0,0,0
2013/02/11,0,0,0,0
2013/02/12,0,0,0,0
2013/02/13,0,0,0,0
2013/02/14,0,0,0,0
2013/02/15,0,0,0,0
2013/02/18,0,12083000,-10840490,1242510
2013/02/19,0,11872000,-6412092,5459908
2013/02/20,0,19275465,-6022156,13253309
2013/02/21,0,9282000,-15600757,-6318757
2013/02/22,0,7987000,-9158000,-1171000
2013/02/25,0,5809000,-5952603,-143603
2013/02/26,0,8795000,-5895276,2899724
2013/02/27,0,7468000,-7968882,-500882
2013/02/28,0,0,0,0
2013/03/01,0,6091000,-2744000,3347000
2013/03/04,0,8580000,-8523000,57000
2013/03/05,0,11001000,-10818000,183000
2013/03/06,0,1898000,-4073545,-2175545
2013/03/07,0,7438000,-5882200,1555800
2013/03/08,0,15310400,-6180079,9130321
2013/03/11,0,7616000,-7342000,274000
2013/03/12,0,9719000,-21565177,-11846177
2013/03/13,0,6564000,-5000000,1564000
2013/03/14,0,1878000,-5099482,-3221482
2013/03/15,0,3613464,-11194000,-7580536
2013/03/18,0,6875000,-19100000,-12225000
2013/03/19,0,508000,-9667081,-9159081
2013/03/20,0,3757000,-12886278,-9129278
2013/03/21,0,4517852,-6116000,-1598148
2013/03/22,0,1448401,-4016736,-2568335
2013/03/25,0,6549000,-2786000,3763000
2013/03/26,0,1138000,-3656000,-2518000
2013/03/27,0,5585000,-4644000,941000
2013/03/28,0,8817000,-8465000,352000
2013/03/29,0,4480000,-726000,3754000
2013/04/01,0,3035204,-870000,2165204
2013/04/02,0,4234450,-3331000,903450
2013/04/03,0,8927000,-4431000,4496000
2013/04/04,0,0,0,0
2013/04/05,0,0,0,0
2013/04/08,0,5507720,-7436000,-1928280
2013/04/09,0,1424000,-7342023,-5918023
2013/04/10,0,1223000,-3990000,-2767000
2013/04/11,0,2001857,-2729660,-727803
2013/04/12,0,2178000,-1751000,427000
2013/04/15,0,3288968,-3844000,-555032
2013/04/16,0,3642721,-3226500,416221
2013/04/17,0,4505000,-11440000,-6935000
2013/04/18,0,2651000,-3135000,-484000
2013/04/19,0,4182000,-364000,3818000
2013/04/22,0,3565000,-3042000,523000
2013/04/23,0,2094000,-4526413,-2432413
2013/04/24,0,9110000,-7360517,1749483
2013/04/25,0,10328199,-7291000,3037199
2013/04/26,0,4999000,-9771739,-4772739
2013/04/29,0,8331000,-9084081,-753081
2013/04/30,0,8702000,-5978000,2724000
2013/05/01,0,0,0,0
2013/05/02,0,4026000,-3324332,701668
2013/05/03,0,3661000,-643000,3018000
2013/05/06,0,2420000,-3845688,-1425688
2013/05/07,0,6190000,-2630097,3559903
2013/05/08,0,7175076,-1151164,6023912
2013/05/09,0,7523665,-3386366,4137299
2013/05/10,0,13604000,-5301000,8303000
2013/05/13,0,4093000,-7978510,-3885510
2013/05/14,0,10345000,-8024185,2320815
2013/05/15,0,20222000,-4806490,15415510
2013/05/16,0,27785000,-26923164,861836
2013/05/17,0,3847000,-5140000,-1293000
2013/05/20,0,13388000,-9376000,4012000
2013/05/21,0,2862000,-10313559,-7451559
2013/05/22,0,7336000,-2561092,4774908
2013/05/23,0,7151000,-10736120,-3585120
2013/05/24,0,7209968,-7222300,-12332
2013/05/27,0,2202561,-2431000,-228439
2013/05/28,0,3372000,-3668367,-296367
2013/05/29,0,4862000,-2477000,2385000
2013/05/30,0,2571000,-13199000,-10628000
2013/05/31,0,29141925,-32041900,-2899975
2013/06/03,0,6133000,-9534000,-3401000
2013/06/04,0,3521000,-7581000,-4060000
2013/06/05,0,3796779,-8261000,-4464221
2013/06/06,0,6576924,-12216910,-5639986
2013/06/07,0,4852223,-6629196,-1776973
2013/06/10,0,3586360,-5224000,-1637640
2013/06/11,0,3033329,-10971170,-7937841
2013/06/12,0,0,0,0
2013/06/13,0,5485580,-21685926,-16200346
2013/06/14,0,4200000,-12240546,-8040546
2013/06/17,0,3893000,-4769655,-876655
2013/06/18,0,2344185,-7247069,-4902884
2013/06/19,0,2639000,-9319228,-6680228
2013/06/20,0,1780000,-14097607,-12317607
2013/06/21,0,5917000,-17823557,-11906557
2013/06/24,0,8189000,-15814896,-7625896
2013/06/25,0,2958000,-9854735,-6896735
2013/06/26,0,10914000,-18471312,-7557312
2013/06/27,0,19302000,-6050000,13252000
2013/06/28,0,16014000,-8261337,7752663
2013/07/01,0,9838000,-5082397,4755603
2013/07/02,0,4090828,-5432817,-1341989
2013/07/03,0,3469000,-11046913,-7577913
2013/07/04,0,3196000,-6916000,-3720000
2013/07/05,0,5705000,-1243000,4462000
2013/07/08,0,2844000,-13750341,-10906341
2013/07/09,0,8148000,-2598000,5550000
2013/07/10,0,7064000,-5275000,1789000
2013/07/11,0,13924485,-5748000,8176485
2013/07/12,0,8575000,-7277000,1298000
2013/07/15,0,9870000,-1029006,8840994
2013/07/16,0,11684000,-900000,10784000
2013/07/17,0,12927000,-5607000,7320000
2013/07/18,0,14421000,-8774000,5647000
2013/07/19,0,9042335,-6103000,2939335
2013/07/22,0,7802303,-1506000,6296303
2013/07/23,0,21568000,-9216799,12351201
2013/07/24,0,5327000,-1995000,3332000
2013/07/25,0,5262000,-2337000,2925000
2013/07/26,0,5542000,-2785000,2757000
2013/07/29,0,3880000,-1282000,2598000
2013/07/30,0,6137000,-5797000,340000
2013/07/31,0,4261000,-8096500,-3835500
2013/08/01,0,4566000,-3979500,586500
2013/08/02,0,2525000,-3005000,-480000
2013/08/05,0,1757828,-2088000,-330172
2013/08/06,0,2151000,-11184000,-9033000
2013/08/07,0,1107000,-5037000,-3930000
2013/08/08,0,2506923,-7101000,-4594077
2013/08/09,0,2235000,-7621000,-5386000
2013/08/12,0,2519000,-5462278,-2943278
2013/08/13,0,4759000,-5788000,-1029000
2013/08/14,0,4881210,-5158000,-276790
2013/08/15,0,4414000,-16703301,-12289301
2013/08/16,0,4166450,-4917000,-750550
2013/08/19,0,3875000,-14026000,-10151000
2013/08/20,0,4811698,-9372698,-4561000
2013/08/21,0,0,0,0
2013/08/22,0,14912698,-27367972,-12455274
2013/08/23,0,7958000,-8948000,-990000
2013/08/26,0,3673000,-1150442,2522558
2013/08/27,0,7065000,-4470000,2595000
2013/08/28,0,4858000,-5203480,-345480
2013/08/29,0,6443657,-6321000,122657
2013/08/30,0,11356000,-11503000,-147000
2013/09/02,0,4978000,-7292000,-2314000
2013/09/03,0,9871000,-5407000,4464000
2013/09/04,0,15078000,-9375666,5702334
2013/09/05,0,9478238,-6038520,3439718
2013/09/06,0,4572000,-6639000,-2067000
2013/09/09,0,6150000,-5001000,1149000
2013/09/10,0,6924000,-3388000,3536000
2013/09/11,0,11721000,-3162578,8558422
2013/09/12,0,6502000,-1147842,5354158
2013/09/13,0,3042000,-1531084,1510916
2013/09/16,0,11197000,-3362699,7834301
2013/09/17,0,6551000,-2349171,4201829
2013/09/18,0,9557562,-5078000,4479562
2013/09/19,0,0,0,0
2013/09/20,0,0,0,0
2013/09/23,0,9616000,-4588000,5028000
2013/09/24,0,6939000,-6297786,641214
2013/09/25,0,7666000,-4865000,2801000
2013/09/26,0,7066000,-8319665,-1253665
2013/09/27,0,10401000,-12316005,-1915005
2013/09/30,0,6251000,-8503198,-2252198
2013/10/01,0,6596000,-5126825,1469175
2013/10/02,0,5075371,-8071214,-2995843
2013/10/03,0,10734224,-1194000,9540224
2013/10/04,0,8222000,-2806000,5416000
2013/10/07,0,3237527,-3745000,-507473
2013/10/08,0,6892000,-1043000,5849000
2013/10/09,0,9856000,-1911000,7945000
2013/10/10,0,0,0,0
2013/10/11,0,12888000,-5563000,7325000
2013/10/14,0,4831000,-513082,4317918
2013/10/15,0,7114000,-2178285,4935715
2013/10/16,0,5164000,-1159000,4005000
2013/10/17,0,13618500,-2906000,10712500
2013/10/18,0,2741000,-3079950,-338950
2013/10/21,0,6603000,-3205000,3398000
2013/10/22,0,4295000,-1908000,2387000
2013/10/23,0,7259951,-8420000,-1160049
2013/10/24,0,4940000,-1292000,3648000
2013/10/25,0,2309000,-5320580,-3011580
2013/10/28,0,4761000,-3250000,1511000
2013/10/29,0,6626000,-5856586,769414
2013/10/30,0,3874000,-3174000,700000
2013/10/31,0,10393000,-6432738,3960262
2013/11/01,0,3858000,-8325000,-4467000
2013/11/04,0,1405000,-4275000,-2870000
2013/11/05,0,10156000,-15572391,-5416391
2013/11/06,0,4426000,-4930265,-504265
2013/11/07,0,6321000,-4198000,2123000
2013/11/08,0,3839000,-2999969,839031
2013/11/11,0,1527000,-3260000,-1733000
2013/11/12,0,6130000,-2149000,3981000
2013/11/13,0,9177450,-8256674,920776
2013/11/14,0,1615000,-4661173,-3046173
2013/11/15,0,2007000,-1961657,45343
2013/11/18,0,1889000,-1183118,705882
2013/11/19,0,3638304,-3139774,498530
2013/11/20,0,4748000,-13151151,-8403151
2013/11/21,0,5950000,-14854000,-8904000
2013/11/22,0,8619000,-2438000,6181000
2013/11/25,0,10253000,-5158495,5094505
2013/11/26,0,10572635,-10012468,560167
2013/11/27,0,6331527,-2175000,4156527
2013/11/28,0,8943000,-1069515,7873485
2013/11/29,0,9802000,-4663751,5138249
2013/12/02,0,7448527,-1207000,6241527
2013/12/03,0,14724697,-5093434,9631263
2013/12/04,0,13690000,-5561781,8128219
2013/12/05,0,9464000,-6490210,2973790
2013/12/06,0,5150000,-3077383,2072617
2013/12/09,0,12274000,-3185636,9088364
2013/12/10,0,5118000,-2091262,3026738
2013/12/11,0,11171000,-1303418,9867582
2013/12/12,0,3824000,-3935050,-111050
2013/12/13,0,6457000,-4818974,1638026
2013/12/16,0,5227001,-5161947,65054
2013/12/17,0,5086825,-4538000,548825
2013/12/18,0,23921000,-3301000,20620000
2013/12/19,0,17745000,-7217593,10527407
2013/12/20,0,2570000,-6006426,-3436426
2013/12/23,0,6249000,-5336000,913000
2013/12/24,0,6269000,-1355000,4914000
2013/12/25,0,712000,-93000,619000
2013/12/26,0,3070000,-731000,2339000
2013/12/27,0,4653000,-4318000,335000
2013/12/30,0,7260000,-6619005,640995
2013/12/31,0,5560000,-2910000,2650000
2014/01/02,0,6195000,-5737000,458000
2014/01/03,0,9042000,-12711000,-3669000
2014/01/06,0,11316000,-9166123,2149877
2014/01/07,0,8863000,-14961000,-6098000
2014/01/08,0,5937000,-9920000,-3983000
2014/01/09,0,13412000,-13402977,9023
2014/01/10,0,9797000,-7966253,1830747
2014/01/13,0,9641632,-3422000,6219632
2014/01/14,0,7956000,-4888000,3068000
2014/01/15,0,25615000,-15321045,10293955
2014/01/16,0,5804000,-1901318,3902682
2014/01/17,0,2092527,-5139000,-3046473
2014/01/20,0,5857410,-24405000,-18547590
2014/01/21,0,9545570,-10083527,-537957
2014/01/22,0,6821000,-10490000,-3669000
2014/01/23,0,4135000,-8182000,-4047000
2014/01/24,0,6597000,-5774024,822976
2014/01/27,0,16942000,-21592782,-4650782
2014/02/05,0,15647000,-33947952,-18300952
2014/02/06,0,13850000,-29131408,-15281408
2014/02/07,0,9981000,-15303000,-5322000
2014/02/10,0,8466000,-4593202,3872798
2014/02/11,0,7949736,-4207373,3742363
2014/02/12,0,8842000,-7679490,1162510
2014/02/13,0,3011777,-3366697,-354920
2014/02/14,0,8459000,-10005766,-1546766
2014/02/17,0,2090000,-1870000,220000
2014/02/18,0,6260000,-4110000,2150000
2014/02/19,0,7240000,-9686776,-2446776
2014/02/20,0,7075000,-4770810,2304190
2014/02/21,0,6299000,-5067000,1232000
2014/02/24,0,9616000,-15217110,-5601110
2014/02/25,0,6507393,-15858388,-9350995
2014/02/26,0,10868000,-32981865,-22113865
2014/02/27,0,9507000,-45029131,-35522131
2014/03/03,0,21423000,-65148095,-43725095
2014/03/04,0,12985000,-32426312,-19441312
2014/03/05,0,10447000,-25532000,-15085000
2014/03/06,0,10531300,-34806000,-24274700
2014/03/07,0,6513000,-23233000,-16720000
2014/03/10,0,5684000,-11514828,-5830828
2014/03/11,0,3467000,-12609638,-9142638
2014/03/12,0,7101000,-21520034,-14419034
2014/03/13,0,4808000,-20945219,-16137219
2014/03/14,0,6099000,-20423000,-14324000
2014/03/17,0,6147000,-25126648,-18979648
2014/03/18,0,22688000,-14271000,8417000
2014/03/19,0,10350000,-22935454,-12585454
2014/03/20,0,8121000,-16387765,-8266765
2014/03/21,0,10158000,-13398000,-3240000
2014/03/24,0,13711000,-17427858,-3716858
2014/03/25,0,4086000,-19362331,-15276331
2014/03/26,0,10003000,-25182728,-15179728
2014/03/27,0,6588000,-15538000,-8950000
2014/03/28,0,11550000,-19043000,-7493000
2014/03/31,0,12394998,-14495204,-2100206
2014/04/01,0,20883086,-16366771,4516315
2014/04/02,0,16224560,-15184000,1040560
2014/04/03,0,17924000,-13317000,4607000
2014/04/07,0,7290000,-4974000,2316000
2014/04/08,0,3674829,-7608000,-3933171
2014/04/09,0,5239000,-5668000,-429000
2014/04/10,0,4698000,-8168635,-3470635
2014/04/11,0,11500000,-1313000,10187000
2014/04/14,0,2447000,-6929000,-4482000
2014/04/15,0,3188000,-3625000,-437000
2014/04/16,0,4619000,-11098000,-6479000
2014/04/17,0,5574000,-9265000,-3691000
2014/04/18,0,3239000,-10595223,-7356223
2014/04/21,0,1911000,-7977000,-6066000
2014/04/22,0,4033000,-8365000,-4332000
2014/04/23,0,13060000,-6499000,6561000
2014/04/24,0,9023000,-2080000,6943000
2014/04/25,0,5168000,-3112846,2055154
2014/04/28,0,6297000,-4002000,2295000
2014/04/29,0,4879000,-4244000,635000
2014/04/30,0,5334000,-8105000,-2771000
2014/05/02,0,2091000,-3702000,-1611000
2014/05/05,0,179000,-3351000,-3172000
2014/05/06,0,1725000,-1781000,-56000
2014/05/07,0,4748000,-3919000,829000
2014/05/08,0,3296000,-3385000,-89000
2014/05/09,0,2422000,-2068499,353501
2014/05/12,0,2671829,-3844277,-1172448
2014/05/13,0,5108000,-2563842,2544158
2014/05/14,0,5105000,-4285000,820000
2014/05/15,0,1540000,-1018000,522000
2014/05/16,0,3005000,-2948000,57000
2014/05/19,0,3123000,-6150374,-3027374
2014/05/20,0,1692000,-6128598,-4436598
2014/05/21,0,1307000,-6692000,-5385000
2014/05/22,0,4662000,-7259000,-2597000
2014/05/23,0,4718000,-7085315,-2367315
2014/05/26,0,5387000,-9113000,-3726000
2014/05/27,0,2284000,-3069000,-785000
2014/05/28,0,10476000,-3721000,6755000
2014/05/29,0,8307000,-2664240,5642760
2014/05/30,0,13658000,-10548086,3109914
2014/06/03,0,6921000,-2808000,4113000
2014/06/04,0,4068000,-2518000,1550000
2014/06/05,0,4843000,-6853000,-2010000
2014/06/06,0,13244000,-1919001,11324999
2014/06/09,0,8029000,-2292000,5737000
2014/06/10,0,12394525,-5948300,6446225
2014/06/11,0,8497000,-1369000,7128000
2014/06/12,0,8640000,-945000,7695000
2014/06/13,0,7847000,-1471007,6375993
2014/06/16,0,14976000,-3167308,11808692
2014/06/17,0,8845000,-12739300,-3894300
2014/06/18,0,22999000,-16375209,6623791
2014/06/19,0,15723292,-10957000,4766292
2014/06/20,0,14814670,-6260000,8554670
2014/06/23,0,13899000,-7799624,6099376
2014/06/24,0,18790000,-6528090,12261910
2014/06/25,0,24248000,-13994864,10253136
2014/06/26,0,14596626,-7687000,6909626
2014/06/27,0,7496000,-7490000,6000
2014/06/30,0,15530000,-5400000,10130000
2014/07/01,0,6349000,-2395000,3954000
2014/07/02,0,15472657,-6954000,8518657
2014/07/03,0,13067000,-3305000,9762000
2014/07/04,0,8414000,-4323000,4091000
2014/07/07,0,12672334,-2663000,10009334
2014/07/08,0,6368022,-1226100,5141922
2014/07/09,0,23741150,-1649000,22092150
2014/07/10,0,24398469,-2459000,21939469
2014/07/11,0,18556000,-1729430,16826570
2014/07/14,0,18508000,-823000,17685000
2014/07/15,0,5082447,-5544000,-461553
2014/07/16,0,13851000,-3532000,10319000
2014/07/17,0,9171800,-1556933,7614867
2014/07/18,0,11333000,-126000,11207000
2014/07/21,0,12140000,-2161000,9979000
2014/07/22,0,5214000,-1627000,3587000
2014/07/23,0,0,0,0
2014/07/24,0,17650076,-4310000,13340076
2014/07/25,0,10233000,-9115000,1118000
2014/07/28,0,9449000,-889000,8560000
2014/07/29,0,13789000,-2345000,11444000
2014/07/30,0,10609000,-3832000,6777000
2014/07/31,0,17732000,-13715000,4017000
2014/08/01,0,4147000,-5274183,-1127183
2014/08/04,0,6106000,-8025000,-1919000
2014/08/05,0,5732000,-19621934,-13889934
2014/08/06,0,6572000,-2438535,4133465
2014/08/07,0,3666266,-1318590,2347676
2014/08/08,0,9653000,-9936872,-283872
2014/08/11,0,4671000,-3817456,853544
2014/08/12,0,5330000,-6749889,-1419889
2014/08/13,0,8038000,-2178000,5860000
2014/08/14,0,3182000,-3170100,11900
2014/08/15,0,4005000,-2691000,1314000
2014/08/18,0,3176000,-4839000,-1663000
2014/08/19,0,8346295,-5428000,2918295
2014/08/20,0,7124100,-4445000,2679100
2014/08/21,0,4203000,-12419820,-8216820
2014/08/22,0,16087224,-1215000,14872224
2014/08/25,0,8274000,-4344000,3930000
2014/08/26,0,5957955,-4563000,1394955
2014/08/27,0,15105000,-4702000,10403000
2014/08/28,0,5990000,-6369000,-379000
2014/08/29,0,7405000,-5286000,2119000
2014/09/01,0,3208000,-1785700,1422300
2014/09/02,0,2564000,-6474000,-3910000
2014/09/03,0,8278493,-6038908,2239585
2014/09/04,0,4017746,-4955000,-937254
2014/09/05,0,4423000,-2951000,1472000
2014/09/09,0,5951026,-3742000,2209026
2014/09/10,0,3365440,-16339000,-12973560
2014/09/11,0,9674000,-10686000,-1012000
2014/09/12,0,9203972,-8059000,1144972
2014/09/15,0,6951950,-10976000,-4024050
2014/09/16,0,1234000,-5378000,-4144000
2014/09/17,0,5502000,-8008493,-2506493
2014/09/18,0,1781000,-4272000,-2491000
2014/09/19,0,6221578,-8499455,-2277877
2014/09/22,0,3753000,-10861000,-7108000
2014/09/23,0,3698000,-5697000,-1999000
2014/09/24,0,2658191,-4558000,-1899809
2014/09/25,0,5298000,-30851669,-25553669
2014/09/26,0,3750362,-24201000,-20450638
2014/09/29,0,9107000,-16344300,-7237300
2014/09/30,0,9788000,-9793227,-5227
2014/10/01,0,8021000,-29652250,-21631250
2014/10/02,0,6729850,-15100391,-8370541
2014/10/03,0,12647349,-17389753,-4742404
2014/10/06,0,1639152,-5816150,-4176998
2014/10/07,0,6105000,-4630373,1474627
2014/10/08,0,12790942,-6064217,6726725
2014/10/09,0,3966000,-2877119,1088881
2014/10/13,0,2670000,-9240725,-6570725
2014/10/14,0,9998000,-10453475,-455475
2014/10/15,0,12603000,-25130690,-12527690
2014/10/16,0,8113000,-6146725,1966275
2014/10/17,0,22327000,-29542559,-7215559
2014/10/20,0,8902000,-1920218,6981782
2014/10/21,0,7940000,-5062607,2877393
2014/10/22,0,5189499,-5282000,-92501
2014/10/23,0,4522349,-4797500,-275151
2014/10/24,0,6650200,-7598368,-948168
2014/10/27,0,5921000,-8899829,-2978829
2014/10/28,0,13148000,-7348000,5800000
2014/10/29,0,9619048,-2939000,6680048
2014/10/30,0,4667141,-3227600,1439541
2014/10/31,0,10219500,-3839000,6380500
2014/11/03,0,4549274,-3327650,1221624
2014/11/04,0,8105436,-6527913,1577523
2014/11/05,0,3975000,-1165500,2809500
2014/11/06,0,4568200,-4795175,-226975
2014/11/07,0,3585000,-1545650,2039350
2014/11/10,0,9098988,-3045988,6053000
2014/11/11,0,6962000,-2943000,4019000
2014/11/12,0,3501000,-4199649,-698649
2014/11/13,0,5836098,-2718248,3117850
2014/11/14,0,6385594,-4479420,1906174
2014/11/17,0,3021393,-11966001,-8944608
2014/11/18,0,5151915,-7361000,-2209085
2014/11/19,0,12999055,-11056052,1943003
2014/11/20,0,7040000,-5961000,1079000
2014/11/21,0,1872000,-7696000,-5824000
2014/11/24,0,4444000,-4317650,126350
2014/11/25,0,9900164,-16266883,-6366719
2014/11/26,0,3865105,-5020355,-1155250
2014/11/27,0,6794000,-3967531,2826469
2014/11/28,0,9027000,-5277585,3749415
2014/12/01,0,3239752,-8734909,-5495157
2014/12/02,0,4959988,-16809500,-11849512
2014/12/03,0,18663260,-5359000,13304260
2014/12/04,0,5957000,-5589000,368000
2014/12/05,0,2751000,-4396525,-1645525
2014/12/08,0,6681000,-1736000,4945000
2014/12/09,0,1956000,-5455771,-3499771
2014/12/10,0,5890000,-11422000,-5532000
2014/12/11,0,8355000,-10682190,-2327190
2014/12/12,0,7950915,-6151000,1799915
2014/12/15,0,8184000,-11183327,-2999327
2014/12/16,0,9753629,-16325037,-6571408
2014/12/17,0,11404154,-17934712,-6530558
2014/12/18,0,5901000,-10432739,-4531739
2014/12/19,0,8291363,-7524138,767225
2014/12/22,0,4647777,-2054000,2593777
2014/12/23,0,2491587,-1572100,919487
2014/12/24,0,3716000,-5744000,-2028000
2014/12/25,0,1746000,-677403,1068597
2014/12/26,0,2880000,-394000,2486000
2014/12/29,0,8249233,-2463233,5786000
2014/12/30,0,2897273,-2938000,-40727
2014/12/31,0,1962000,-6321598,-4359598
2015/01/01,0,0,0,0
2015/01/02,0,0,0,0
2015/01/05,0,2328037,-4484037,-2156000
2015/01/06,0,2690000,-23842000,-21152000
2015/01/07,0,4070898,-13686898,-9616000
2015/01/08,0,10742491,-3247657,7494834
2015/01/09,0,2475000,-1937564,537436
2015/01/12,0,4255060,-4861000,-605940
2015/01/13,0,9729891,-1895000,7834891
2015/01/14,0,8194000,-12399000,-4205000
2015/01/15,0,2405000,-4708650,-2303650
2015/01/16,0,10995000,-14170434,-3175434
2015/01/19,0,5488000,-3992000,1496000
2015/01/20,0,5204000,-6401133,-1197133
2015/01/21,0,4764000,-4430084,333916
2015/01/22,0,5706000,-2714408,2991592
2015/01/23,0,7818000,-10277970,-2459970
2015/01/26,0,2446000,-6678555,-4232555
2015/01/27,0,6631000,-3377726,3253274
2015/01/28,0,4001000,-1376900,2624100
2015/01/29,0,3970000,-10455000,-6485000
2015/01/30,0,7129000,-13980975,-6851975
2015/02/02,0,3759257,-11153257,-7394000
2015/02/03,0,2077000,-2900465,-823465
2015/02/04,0,12603984,-6812000,5791984
2015/02/05,0,5998000,-5652325,345675
2015/02/06,0,6350000,-5347350,1002650
2015/02/09,0,5884000,-7503000,-1619000
2015/02/10,0,5284000,-5842000,-558000
2015/02/11,0,4426825,-5472739,-1045914
2015/02/12,0,4160000,-3101775,1058225
2015/02/13,0,5110000,-1917029,3192971
2015/02/16,0,0,0,0
2015/02/17,0,0,0,0
2015/02/18,0,0,0,0
2015/02/19,0,0,0,0
2015/02/20,0,0,0,0
2015/02/23,0,0,0,0
2015/02/24,0,12381000,-6343375,6037625
2015/02/25,0,12160000,-2304000,9856000
2015/02/26,0,20237000,-5092103,15144897
2015/02/27,0,0,0,0
2015/03/02,0,14710000,-5571047,9138953
2015/03/03,0,13573297,-2636000,10937297
2015/03/04,0,20865000,-2693000,18172000
2015/03/05,0,11190000,-3426000,7764000
2015/03/06,0,14376000,-4457918,9918082
2015/03/09,0,5129000,-6626000,-1497000
2015/03/10,0,6904136,-11725574,-4821438
2015/03/11,0,8263000,-18383450,-10120450
2015/03/12,0,6520000,-10428250,-3908250
2015/03/13,0,2322000,-7938700,-5616700
2015/03/16,0,9792000,-16880739,-7088739
2015/03/17,0,4527000,-8853000,-4326000
2015/03/18,0,11985000,-12096577,-111577
2015/03/19,0,14528000,-14414032,113968
2015/03/20,0,8744000,-7013000,1731000
2015/03/23,0,3657000,-20367006,-16710006
2015/03/24,0,8144349,-13933277,-5788928
2015/03/25,0,6452236,-13935000,-7482764
2015/03/26,0,13257000,-20749825,-7492825
2015/03/27,0,8332000,-8318950,13050
2015/03/30,0,6459628,-3093807,3365821
2015/03/31,0,15428000,-10716313,4711687
2015/04/01,0,5654000,-13863000,-8209000
2015/04/02,0,6128915,-5284723,844192
2015/04/03,0,0,0,0
2015/04/06,0,0,0,0
2015/04/07,0,5769000,-1978118,3790882
2015/04/08,0,2403000,-8154697,-5751697
2015/04/09,0,4833000,-6689487,-1856487
2015/04/10,0,5688000,-4539650,1148350
2015/04/13,0,7762000,-7540331,221669
2015/04/14,0,9257000,-9342592,-85592
2015/04/15,0,15916000,-15924675,-8675
2015/04/16,0,8522000,-5417778,3104222
2015/04/17,0,20252297,-9333000,10919297
2015/04/20,0,6443052,-9198000,-2754948
2015/04/21,0,5662000,-6927000,-1265000
2015/04/22,0,46064000,-12256356,33807644
2015/04/23,0,161295000,-46033166,115261834
2015/04/24,0,147727000,-40795994,106931006
2015/04/27,0,84766111,-17320410,67445701
2015/04/28,0,58602198,-30494125,28108073
2015/04/29,0,52336000,-21857000,30479000
2015/04/30,0,53047000,-22325719,30721281
2015/05/01,0,0,0,0
2015/05/04,0,35859000,-14915188,20943812
2015/05/05,0,31196000,-9900750,21295250
2015/05/06,0,36989000,-12259000,24730000
2015/05/07,0,27053000,-15825725,11227275
2015/05/08,0,47599691,-10259577,37340114
2015/05/11,0,17233000,-3991000,13242000
2015/05/12,0,14616000,-13419928,1196072
2015/05/13,0,17439000,-8540717,8898283
2015/05/14,0,34054903,-20708100,13346803
2015/05/15,0,20866000,-7036344,13829656
2015/05/18,0,24369000,-15965000,8404000
2015/05/19,0,29052599,-27154031,1898568
2015/05/20,0,43393865,-19698860,23695005
2015/05/21,0,16761500,-13508998,3252502
2015/05/22,0,11998000,-8380175,3617825
2015/05/25,0,11686000,-11692000,-6000
2015/05/26,0,33390000,-3347000,30043000
2015/05/27,0,60714000,-11352914,49361086
2015/05/28,0,36503000,-24785622,11717378
2015/05/29,0,55278186,-33166200,22111986
2015/06/01,0,15667000,-22267600,-6600600
2015/06/02,0,29346474,-13279306,16067168
2015/06/03,0,29392917,-13752175,15640742
2015/06/04,0,15788500,-17123893,-1335393
2015/06/05,0,34424000,-13880000,20544000
2015/06/08,0,13759000,-15891507,-2132507
2015/06/09,0,31574000,-27146633,4427367
2015/06/10,0,16533000,-7310000,9223000
2015/06/11,0,16278065,-15143602,1134463
2015/06/12,0,15399985,-9517000,5882985
2015/06/15,0,10458127,-7749164,2708963
2015/06/16,0,20777000,-11062218,9714782
2015/06/17,0,29456729,-28421064,1035665
2015/06/18,0,18947381,-16108857,2838524
2015/06/19,0,0,0,0
2015/06/22,0,23276352,-24851404,-1575052
2015/06/23,0,23001763,-16416000,6585763
2015/06/24,0,6871025,-11826690,-4955665
2015/06/25,0,33729701,-24755288,8974413
2015/06/26,0,14026416,-6609201,7417215
2015/06/29,0,12824470,-17432837,-4608367
2015/06/30,0,29341000,-27597119,1743881
2015/07/01,0,9969000,-6364746,3604254
2015/07/02,0,17239592,-14853981,2385611
2015/07/03,0,10282771,-19721789,-9439018
2015/07/06,0,7151000,-17946351,-10795351
2015/07/07,0,21746000,-5482785,16263215
2015/07/08,0,6714000,-30503044,-23789044
2015/07/09,0,11102000,-58619229,-47517229
2015/07/10,0,0,0,0
2015/07/13,0,25695000,-45610574,-19915574
2015/07/14,0,29661000,-22490000,7171000
2015/07/15,0,7237000,-16115803,-8878803
2015/07/16,0,3159000,-5070000,-1911000
2015/07/17,0,8486023,-8323000,163023
2015/07/20,0,9462358,-6937000,2525358
2015/07/21,0,6404063,-9729000,-3324937
2015/07/22,0,12669000,-16308199,-3639199
2015/07/23,0,9741000,-10178000,-437000
2015/07/24,0,7553915,-7895476,-341561
2015/07/27,0,10714000,-18994000,-8280000
2015/07/28,0,16545100,-23618630,-7073530
2015/07/29,0,19097000,-20578900,-1481900
2015/07/30,0,23026000,-27912950,-4886950
2015/07/31,0,32393280,-29723626,2669654
2015/08/03,0,11960517,-19559000,-7598483
2015/08/04,0,15464000,-21027838,-5563838
2015/08/05,0,6861299,-12184608,-5323309
2015/08/06,0,4365000,-13105000,-8740000
2015/08/07,0,5271000,-13614884,-8343884
2015/08/10,0,5281000,-16185000,-10904000
2015/08/11,0,15738411,-28238100,-12499689
2015/08/12,0,21078000,-25721100,-4643100
2015/08/13,0,8428443,-17239563,-8811120
2015/08/14,0,31517157,-18472000,13045157
2015/08/17,0,9511752,-15123000,-5611248
2015/08/18,0,10565000,-19883213,-9318213
2015/08/19,0,9650421,-23812000,-14161579
2015/08/20,0,14607000,-16094549,-1487549
2015/08/21,0,12182000,-20939644,-8757644
2015/08/24,0,16622000,-28876100,-12254100
2015/08/25,0,30684216,-24815903,5868313
2015/08/26,0,9005000,-21266558,-12261558
2015/08/27,0,11821000,-21927000,-10106000
2015/08/28,0,11968301,-11041953,926348
2015/08/31,0,22449500,-19949356,2500144
2015/09/01,0,4357459,-14844574,-10487115
2015/09/02,0,10339000,-14317997,-3978997
2015/09/03,0,3163000,-27744763,-24581763
2015/09/04,0,4042725,-11822199,-7779474
2015/09/07,0,3031001,-11397093,-8366092
2015/09/08,0,3105000,-10206115,-7101115
2015/09/09,0,21575631,-10299684,11275947
2015/09/10,0,5269963,-8951000,-3681037
2015/09/11,0,2789000,-12831694,-10042694
2015/09/14,0,3952000,-11438426,-7486426
2015/09/15,0,5366000,-21910472,-16544472
2015/09/16,0,5376000,-5322192,53808
2015/09/17,0,15631000,-10228596,5402404
2015/09/18,0,9715657,-14430422,-4714765
2015/09/21,0,2694000,-16215677,-13521677
2015/09/22,0,4973000,-21526977,-16553977
2015/09/23,0,9584000,-27693003,-18109003
2015/09/24,0,2392000,-13444000,-11052000
2015/09/25,0,3358128,-21620822,-18262694
2015/09/28,0,0,0,0
2015/09/29,0,0,0,0
2015/09/30,0,15081000,-45619625,-30538625
2015/10/01,0,12142230,-14117119,-1974889
2015/10/02,0,10469322,-21078334,-10609012
2015/10/05,0,6866991,-9129870,-2262879
2015/10/06,0,8592000,-10674258,-2082258
2015/10/07,0,11044371,-8360275,2684096
2015/10/08,0,3706318,-16111214,-12404896
2015/10/09,0,0,0,0
2015/10/12,0,10252989,-22882946,-12629957
2015/10/13,0,13408870,-13078410,330460
2015/10/14,0,5679763,-9768492,-4088729
2015/10/15,0,10595000,-11499258,-904258
2015/10/16,0,8378274,-7122267,1256007
2015/10/19,0,13722726,-8219654,5503072
2015/10/20,0,11079174,-17883579,-6804405
2015/10/21,0,7684000,-6282980,1401020
2015/10/22,0,6612837,-2536482,4076355
2015/10/23,0,11844234,-8224016,3620218
2015/10/26,0,9306902,-7984814,1322088
2015/10/27,0,10459000,-14135699,-3676699
2015/10/28,0,15943000,-15581597,361403
2015/10/29,0,8462000,-26085745,-17623745
2015/10/30,0,10189944,-13638680,-3448736
2015/11/02,0,7943678,-4932749,3010929
2015/11/03,0,13550010,-7176356,6373654
2015/11/04,0,22392000,-15948458,6443542
2015/11/05,0,6633473,-12002506,-5369033
2015/11/06,0,6717000,-31110046,-24393046
2015/11/09,0,3168546,-8711756,-5543210
2015/11/10,0,7067022,-11511939,-4444917
2015/11/11,0,2644000,-14203766,-11559766
2015/11/12,0,4921046,-10253921,-5332875
2015/11/13,0,6501999,-15068036,-8566037
2015/11/16,0,3999231,-16655948,-12656717
2015/11/17,0,11799000,-8856004,2942996
2015/11/18,0,6243142,-14825467,-8582325
2015/11/19,0,4784000,-12360625,-7576625
2015/11/20,0,3875000,-6013549,-2138549
2015/11/23,0,2547534,-5396983,-2849449
2015/11/24,0,4956000,-6742531,-1786531
2015/11/25,0,4494756,-5931853,-1437097
2015/11/26,0,8372000,-5457756,2914244
2015/11/27,0,5545000,-7109355,-1564355
2015/11/30,0,26410879,-43837913,-17427034
2015/12/01,0,8880621,-4435881,4444740
2015/12/02,0,5035000,-7101153,-2066153
2015/12/03,0,4208441,-4356685,-148244
2015/12/04,0,3425712,-11081335,-7655623
2015/12/07,0,7154000,-7194078,-40078
2015/12/08,0,6658000,-16782107,-10124107
2015/12/09,0,7723000,-13169324,-5446324
2015/12/10,0,6425000,-15341407,-8916407
2015/12/11,0,7405048,-12202762,-4797714
2015/12/14,0,2087000,-4776897,-2689897
2015/12/15,0,7677740,-6044581,1633159
2015/12/16,0,5879448,-6557964,-678516
2015/12/17,0,8807000,-7740114,1066886
2015/12/18,0,9002357,-14639453,-5637096
2015/12/21,0,6187000,-10183722,-3996722
2015/12/22,0,3550869,-7620573,-4069704
2015/12/23,0,6074448,-5022000,1052448
2015/12/24,0,3865864,-3225000,640864
2015/12/25,0,2122000,-104000,2018000
2015/12/28,0,3964106,-1333063,2631043
2015/12/29,0,3206000,-3061000,145000
2015/12/30,0,3525429,-2376670,1148759
2015/12/31,0,5132652,-1833000,3299652
2016/01/01,0,0,0,0
2016/01/04,0,4391744,-15556878,-11165134
2016/01/05,0,6573277,-14820047,-8246770
2016/01/06,0,8129101,-9864000,-1734899
2016/01/07,0,5003313,-18335245,-13331932
2016/01/08,0,9167000,-21413978,-12246978
2016/01/11,0,5303614,-15631170,-10327556
2016/01/12,0,8307000,-21445217,-13138217
2016/01/13,0,13234678,-18123466,-4888788
2016/01/14,0,10608333,-20294818,-9686485
2016/01/15,0,7097149,-29092422,-21995273
2016/01/18,0,21613609,-29062360,-7448751
2016/01/19,0,5456000,-13466535,-8010535
2016/01/20,0,5614290,-13959000,-8344710
2016/01/21,0,11248378,-20758452,-9510074
2016/01/22,0,12086000,-11722400,363600
2016/01/25,0,11525000,-24547008,-13022008
2016/01/26,0,7348449,-14735200,-7386751
2016/01/27,0,13123000,-18772295,-5649295
2016/01/28,0,13246000,-22577870,-9331870
2016/01/29,0,27200246,-46630043,-19429797
2016/02/01,0,12036496,-7833205,4203291
2016/02/02,0,17949316,-17827184,122132
2016/02/03,0,1689000,-13424051,-11735051
2016/02/04,0,0,0,0
2016/02/05,0,0,0,0
2016/02/08,0,0,0,0
2016/02/09,0,0,0,0
2016/02/10,0,0,0,0
2016/02/11,0,0,0,0
2016/02/12,0,0,0,0
2016/02/15,0,10517333,-16299089,-5781756
2016/02/16,0,15645000,-10794131,4850869
2016/02/17,0,7312666,-10781790,-3469124
2016/02/18,0,20747000,-16558323,4188677
2016/02/19,0,4572842,-9249088,-4676246
2016/02/22,0,7672000,-9311703,-1639703
2016/02/23,0,7279058,-10098702,-2819644
2016/02/24,0,14644000,-18439016,-3795016
2016/02/25,0,6543779,-9471000,-2927221
2016/02/26,0,18118000,-22706439,-4588439
2016/02/29,0,0,0,0
2016/03/01,0,12336443,-11109399,1227044
2016/03/02,0,9376108,-8557000,819108
2016/03/03,0,26591677,-12723000,13868677
2016/03/04,0,9934231,-20477641,-10543410
2016/03/07,0,13928247,-15319002,-1390755
2016/03/08,0,14987000,-5284423,9702577
2016/03/09,0,28175187,-40434543,-12259356
2016/03/10,0,8613000,-5460635,3152365
2016/03/11,0,12515000,-15220812,-2705812
2016/03/14,0,9628000,-17430610,-7802610
2016/03/15,0,7629000,-11536000,-3907000
2016/03/16,0,10268000,-3675944,6592056
2016/03/17,0,15465000,-9497571,5967429
2016/03/18,0,24038585,-19971405,4067180
2016/03/21,0,8705325,-11045483,-2340158
2016/03/22,0,8249881,-16785792,-8535911
2016/03/23,0,12124825,-5059595,7065230
2016/03/24,0,10974000,-8037395,2936605
2016/03/25,0,1433000,-6652000,-5219000
2016/03/28,0,5435000,-1121403,4313597
2016/03/29,0,12009005,-6301981,5707024
2016/03/30,0,16478800,-3899164,12579636
2016/03/31,0,13997267,-16277289,-2280022
2016/04/01,0,5169175,-9520115,-4350940
2016/04/04,0,0,0,0
2016/04/05,0,0,0,0
2016/04/06,0,16497653,-14620551,1877102
2016/04/07,0,7780945,-31218922,-23437977
2016/04/08,0,10990000,-33213289,-22223289
2016/04/11,0,2763000,-9258326,-6495326
2016/04/12,0,7274000,-24034830,-16760830
2016/04/13,0,13170000,-24258656,-11088656
2016/04/14,0,17816699,-16062919,1753780
2016/04/15,0,15153046,-7912926,7240120
2016/04/18,0,4678930,-6112472,-1433542
2016/04/19,0,2717000,-15338845,-12621845
2016/04/20,0,8609277,-12624252,-4014975
2016/04/21,0,6226000,-7398637,-1172637
2016/04/22,0,5389000,-4056276,1332724
2016/04/25,0,3932000,-4672421,-740421
2016/04/26,0,9119604,-6507782,2611822
2016/04/27,0,5879000,-8335169,-2456169
2016/04/28,0,4465166,-13594000,-9128834
2016/04/29,0,6052000,-21154989,-15102989
2016/05/02,0,0,0,0
2016/05/03,0,5694000,-10749740,-5055740
2016/05/04,0,6253000,-26418000,-20165000
2016/05/05,0,2778000,-26609252,-23831252
2016/05/06,0,3711720,-26899917,-23188197
2016/05/09,0,2135000,-23048674,-20913674
2016/05/10,0,4998000,-31826313,-26828313
2016/05/11,0,4319800,-39371489,-35051689
2016/05/12,0,4338000,-28790960,-24452960
2016/05/13,0,5206598,-22445000,-17238402
2016/05/16,0,10730000,-21982283,-11252283
2016/05/17,0,10018000,-26358209,-16340209
2016/05/18,0,11502285,-26939477,-15437192
2016/05/19,0,12166000,-15390834,-3224834
2016/05/20,0,5038085,-5970222,-932137
2016/05/23,0,13202000,-7800015,5401985
2016/05/24,0,6046000,-7290608,-1244608
2016/05/25,0,6808000,-4754418,2053582
2016/05/26,0,4162000,-6060794,-1898794
2016/05/27,0,14801000,-8548084,6252916
2016/05/30,0,13046000,-4925749,8120251
2016/05/31,0,37121858,-27954623,9167235
2016/06/01,0,25858233,-20153203,5705030
2016/06/02,0,278881834,-42556584,236325250
2016/06/03,0,33078665,-67550806,-34472141
2016/06/06,0,21862183,-18134759,3727424
2016/06/07,0,29544395,-30519842,-975447
2016/06/08,0,23696000,-22966861,729139
2016/06/09,0,0,0,0
2016/06/10,0,0,0,0
2016/06/13,0,12263781,-49232126,-36968345
2016/06/14,0,6915000,-14408000,-7493000
2016/06/15,0,5790697,-14287000,-8496303
2016/06/16,0,6334000,-24162114,-17828114
2016/06/17,0,17560449,-20446871,-2886422
2016/06/20,0,8146000,-8657575,-511575
2016/06/21,0,14663189,-8918001,5745188
2016/06/22,0,10196512,-7920436,2276076
2016/06/23,0,8614890,-6432000,2182890
2016/06/24,0,11343000,-22622841,-11279841
2016/06/27,0,4975000,-5712773,-737773
2016/06/28,0,5482000,-6982666,-1500666
2016/06/29,0,8837800,-5552343,3285457
2016/06/30,0,14013859,-11910384,2103475
2016/07/01,0,8280058,-3990975,4289083
2016/07/04,0,5728000,-4496393,1231607
2016/07/05,0,59875000,-12471375,47403625
2016/07/06,0,12178000,-14370000,-2192000
2016/07/07,0,6753000,-6199505,553495
2016/07/08,0,0,0,0
2016/07/11,0,25069000,-8883614,16185386
2016/07/12,0,28514465,-6907834,21606631
2016/07/13,0,23302000,-11259252,12042748
2016/07/14,0,19501000,-5747000,13754000
2016/07/15,0,31559896,-1593000,29966896
2016/07/18,0,13074800,-3113000,9961800
2016/07/19,0,19722000,-3037569,16684431
2016/07/20,0,17707000,-13832344,3874656
2016/07/21,0,18317727,-7779086,10538641
2016/07/22,0,7798000,-9183611,-1385611
2016/07/25,0,14252000,-13951392,300608
2016/07/26,0,34942000,-6994000,27948000
2016/07/27,0,17305000,-14266000,3039000
2016/07/28,0,30290078,-14689000,15601078
2016/07/29,0,12016000,-12091216,-75216
2016/08/01,0,19843232,-6784538,13058694
2016/08/02,0,18807000,-8722633,10084367
2016/08/03,0,9956000,-19577000,-9621000
2016/08/04,0,3413000,-5440069,-2027069
2016/08/05,0,8600941,-3608000,4992941
2016/08/08,0,9250945,-1613000,7637945
2016/08/09,0,18604000,-15739397,2864603
2016/08/10,0,13521000,-9532719,3988281
2016/08/11,0,8198000,-13374099,-5176099
2016/08/12,0,23289692,-6952502,16337190
2016/08/15,0,11815000,-9733752,2081248
2016/08/16,0,10912000,-7689716,3222284
2016/08/17,0,5842835,-9326000,-3483165
2016/08/18,0,9808169,-9328478,479691
2016/08/19,0,2457357,-12015262,-9557905
2016/08/22,0,9126000,-11615291,-2489291
2016/08/23,0,6298810,-10167162,-3868352
2016/08/24,0,1589000,-6794169,-5205169
2016/08/25,0,6278000,-4322830,1955170
2016/08/26,0,8910038,-9431662,-521624
2016/08/29,0,3086000,-20077262,-16991262
2016/08/30,0,7002315,-7391262,-388947
2016/08/31,0,10744845,-22378262,-11633417
2016/09/01,0,1755000,-11984142,-10229142
2016/09/02,0,2363260,-12593897,-10230637
2016/09/05,0,9559000,-2574000,6985000
2016/09/06,0,6412205,-7148278,-736073
2016/09/07,0,5913897,-5686000,227897
2016/09/08,0,4902000,-9842000,-4940000
2016/09/09,0,3638000,-20400800,-16762800
2016/09/12,0,7423606,-11896609,-4473003
2016/09/13,0,4917000,-15595716,-10678716
2016/09/14,0,5624885,-13251625,-7626740
2016/09/15,0,0,0,0
2016/09/16,0,0,0,0
2016/09/19,0,5898000,-12193219,-6295219
2016/09/20,0,2841249,-8744522,-5903273
2016/09/21,0,6942000,-9208794,-2266794
2016/09/22,0,5119575,-1008000,4111575
2016/09/23,0,5443000,-2220607,3222393
2016/09/26,0,1857000,-4856649,-2999649
2016/09/27,0,0,0,0
2016/09/28,0,0,0,0
2016/09/29,0,15876260,-10321082,5555178
2016/09/30,0,10837256,-10321505,515751
2016/10/03,0,3263000,-2785000,478000
2016/10/04,0,8401000,-4222370,4178630
2016/10/05,0,8401406,-6750563,1650843
2016/10/06,0,3498737,-5195000,-1696263
2016/10/07,0,7485835,-6019000,1466835
2016/10/10,0,0,0,0
2016/10/11,0,8455000,-6698533,1756467
2016/10/12,0,4746076,-2683780,2062296
2016/10/13,0,4327500,-14472000,-10144500
2016/10/14,0,7443000,-2174000,5269000
2016/10/17,0,5384000,-5101392,282608
2016/10/18,0,9715166,-3349969,6365197
2016/10/19,0,8348421,-1856000,6492421
2016/10/20,0,31732000,-1623149,30108851
2016/10/21,0,14419000,-11273203,3145797
2016/10/24,0,5980000,-2551000,3429000
2016/10/25,0,9947119,-1673566,8273553
2016/10/26,0,5093000,-2267593,2825407
2016/10/27,0,8597006,-5677000,2920006
2016/10/28,0,12004774,-3284829,8719945
2016/10/31,0,4277546,-4502001,-224455
2016/11/01,0,8337000,-3439000,4898000
2016/11/02,0,4916693,-3827430,1089263
2016/11/03,0,6982000,-11432168,-4450168
2016/11/04,0,9544000,-3541000,6003000
2016/11/07,0,6933000,-3682609,3250391
2016/11/08,0,5017003,-1457000,3560003
2016/11/09,0,11232900,-13425000,-2192100
2016/11/10,0,12185000,-3328871,8856129
2016/11/11,0,10347000,-17887516,-7540516
2016/11/14,0,8374000,-13469746,-5095746
2016/11/15,0,6672000,-9879311,-3207311
2016/11/16,0,6780000,-8941051,-2161051
2016/11/17,0,5230000,-7344001,-2114001
2016/11/18,0,3200000,-10188242,-6988242
2016/11/21,0,6849000,-7404088,-555088
2016/11/22,0,10053000,-4915680,5137320
2016/11/23,0,6071000,-5618276,452724
2016/11/24,0,7675000,-7271000,404000
2016/11/25,0,7090000,-7693546,-603546
2016/11/28,0,13847000,-3443000,10404000
2016/11/29,0,7271000,-7476874,-205874
2016/11/30,0,17666366,-22282169,-4615803
2016/12/01,0,6297173,-4036294,2260879
2016/12/02,0,10004000,-5651368,4352632
2016/12/05,0,2713000,-10139962,-7426962
2016/12/06,0,6942000,-4548000,2394000
2016/12/07,0,3673296,-4674688,-1001392
2016/12/08,0,24801000,-11523611,13277389
2016/12/09,0,17869568,-8538667,9330901
2016/12/12,0,4621000,-3454000,1167000
2016/12/13,0,9345000,-3745174,5599826
2016/12/14,0,5749000,-5251977,497023
2016/12/15,0,6936000,-3995000,2941000
2016/12/16,0,15484000,-8009301,7474699
2016/12/19,0,2419480,-3560000,-1140520
2016/12/20,0,1876792,-3167000,-1290208
2016/12/21,0,15438567,-22424000,-6985433
2016/12/22,0,2642000,-6309000,-3667000
2016/12/23,0,2018000,-7816219,-5798219
2016/12/26,0,204000,-1283000,-1079000
2016/12/27,0,896000,-2451000,-1555000
2016/12/28,0,3611000,-2478666,1132334
2016/12/29,0,3595693,-5793758,-2198065
2016/12/30,0,8223000,-2974654,5248346
2017/01/02,0,0,0,0
2017/01/03,0,1897000,-5700000,-3803000
2017/01/04,0,4902000,-6806189,-1904189
2017/01/05,0,5894167,-8615908,-2721741
2017/01/06,0,4663000,-6584320,-1921320
2017/01/09,0,1495000,-5475626,-3980626
2017/01/10,0,3531000,-3015488,515512
2017/01/11,0,8516082,-3411639,5104443
2017/01/12,0,14741653,-3394639,11347014
2017/01/13,0,5185179,-4880000,305179
2017/01/16,0,1978000,-7204979,-5226979
2017/01/17,0,4644880,-6145000,-1500120
2017/01/18,0,3288000,-4636900,-1348900
2017/01/19,0,3626000,-9144009,-5518009
2017/01/20,0,1029006,-15737370,-14708364
2017/01/23,0,9422000,-4328488,5093512
2017/01/24,0,8791400,-8852872,-61472
2017/01/25,0,0,0,0
2017/01/26,0,0,0,0
2017/01/27,0,0,0,0
2017/01/30,0,0,0,0
2017/01/31,0,0,0,0
2017/02/01,0,0,0,0
2017/02/02,0,13342572,-22732399,-9389827
2017/02/03,0,3332000,-12527348,-9195348
2017/02/06,0,10471000,-12459779,-1988779
2017/02/07,0,4537504,-9110208,-4572704
2017/02/08,0,6075006,-12420534,-6345528
2017/02/09,0,6027000,-5098728,928272
2017/02/10,0,10535600,-4200016,6335584
2017/02/13,0,5842819,-8613229,-2770410
2017/02/14,0,10289000,-4941055,5347945
2017/02/15,0,12226000,-4595462,7630538
2017/02/16,0,9423000,-9273244,149756
2017/02/17,0,5084000,-7566538,-2482538
2017/02/20,0,1892000,-8496172,-6604172
2017/02/21,0,9430000,-2088667,7341333
2017/02/22,0,4184000,-10712639,-6528639
2017/02/23,0,5460000,-18794545,-13334545
2017/02/24,0,13874000,-9002695,4871305
2017/02/27,0,0,0,0
2017/02/28,0,0,0,0
2017/03/01,0,5329775,-13061311,-7731536
2017/03/02,0,12271000,-5471854,6799146
2017/03/03,0,8851000,-4973417,3877583
2017/03/06,0,6080064,-2517468,3562596
2017/03/07,0,7094950,-2910936,4184014
2017/03/08,0,8928000,-4823655,4104345
2017/03/09,0,10137000,-8625000,1512000
2017/03/10,0,7074367,-4303475,2770892
2017/03/13,0,7611235,-1042404,6568831
2017/03/14,0,40129541,-3862699,36266842
2017/03/15,0,7246000,-12114617,-4868617
2017/03/16,0,16012000,-8746000,7266000
2017/03/17,0,23412570,-4397772,19014798
2017/03/20,0,6157000,-4671000,1486000
2017/03/21,0,15145064,-4216115,10928949
2017/03/22,0,12327000,-5161434,7165566
2017/03/23,0,7659001,-4124885,3534116
2017/03/24,0,14107032,-4648155,9458877
2017/03/27,0,15361152,-5474753,9886399
2017/03/28,0,18765000,-9267015,9497985
2017/03/29,0,11730143,-2634300,9095843
2017/03/30,0,14734000,-13763930,970070
2017/03/31,0,7972000,-15250934,-7278934
2017/04/03,0,0,0,0
2017/04/04,0,0,0,0
2017/04/05,0,32636984,-16865795,15771189
2017/04/06,0,19871000,-4359617,15511383
2017/04/07,0,19582000,-11325000,8257000
2017/04/10,0,15099000,-14269000,830000
2017/04/11,0,11325000,-14898925,-3573925
2017/04/12,0,13000000,-8244000,4756000
2017/04/13,0,3428000,-5160000,-1732000
2017/04/14,0,4028000,-1715000,2313000
2017/04/17,0,3050000,-954000,2096000
2017/04/18,0,7817000,-3520465,4296535
2017/04/19,0,7438006,-9372598,-1934592
2017/04/20,0,7412201,-6038000,1374201
2017/04/21,0,9360000,-4799963,4560037
2017/04/24,0,7019000,-2766000,4253000
2017/04/25,0,24990472,-10104947,14885525
2017/04/26,0,18236100,-5728000,12508100
2017/04/27,0,15740000,-5802000,9938000
2017/04/28,0,9289000,-5350000,3939000
2017/05/01,0,0,0,0
2017/05/02,0,14242107,-5424000,8818107
2017/05/03,0,7908000,-4339000,3569000
2017/05/04,0,11249508,-1414890,9834618
2017/05/05,0,10392702,-3155000,7237702
2017/05/08,0,13862266,-4086756,9775510
2017/05/09,0,12462635,-3819883,8642752
2017/05/10,0,16674322,-2969152,13705170
2017/05/11,0,10571749,-2560000,8011749
2017/05/12,0,5846000,-2547145,3298855
2017/05/15,0,6240237,-3559409,2680828
2017/05/16,0,33579000,-4419465,29159535
2017/05/17,0,9820000,-3765067,6054933
2017/05/18,0,13329333,-3182848,10146485
2017/05/19,0,9667645,-3691544,5976101
2017/05/22,0,11450618,-3013941,8436677
2017/05/23,0,19724620,-3254126,16470494
2017/05/24,0,12041000,-3083713,8957287
2017/05/25,0,12394000,-2778477,9615523
2017/05/26,0,0,0,0
2017/05/29,0,0,0,0
2017/05/30,0,0,0,0
2017/05/31,0,48699256,-43790165,4909091
2017/06/01,0,12390010,-7354000,5036010
2017/06/02,0,14834000,-7978000,6856000
2017/06/05,0,16732000,-9559000,7173000
2017/06/06,0,8032000,-7358000,674000
2017/06/07,0,9095000,-4746607,4348393
2017/06/08,0,4088000,-4599941,-511941
2017/06/09,0,4363000,-8834000,-4471000
2017/06/12,0,1843288,-6570000,-4726712
2017/06/13,0,3297000,-1298000,1999000
2017/06/14,0,4223000,-3508477,714523
2017/06/15,0,4354000,-4322000,32000
2017/06/16,0,8156000,-9988165,-1832165
2017/06/19,0,4156386,-1263043,2893343
2017/06/20,0,2921832,-3033553,-111721
2017/06/21,0,9429000,-7465000,1964000
2017/06/22,0,3164000,-3362718,-198718
2017/06/23,0,4663707,-3004000,1659707
2017/06/26,0,13307000,-677000,12630000
2017/06/27,0,7042000,-2203000,4839000
2017/06/28,0,9977696,-7314000,2663696
2017/06/29,0,10595241,-1521000,9074241
2017/06/30,0,9822000,-1952000,7870000
2017/07/03,0,7722000,-6118000,1604000
2017/07/04,0,34081326,-9666051,24415275
2017/07/05,0,8773000,-6362001,2410999
2017/07/06,0,5990000,-6178000,-188000
2017/07/07,0,2478540,-4197041,-1718501
2017/07/10,0,5092612,-4681810,410802
2017/07/11,0,6017268,-2340235,3677033
2017/07/12,0,8242500,-9191395,-948895
2017/07/13,0,5365292,-6824000,-1458708
2017/07/14,0,4358000,-9519000,-5161000
2017/07/17,0,6987000,-10665788,-3678788
2017/07/18,0,7557042,-10849201,-3292159
2017/07/19,0,15507862,-7544109,7963753
2017/07/20,0,5934003,-4221546,1712457
2017/07/21,0,6846606,-5251851,1594755
2017/07/24,0,6363932,-4482426,1881506
2017/07/25,0,4605000,-2348335,2256665
2017/07/26,0,5385000,-4373388,1011612
2017/07/27,0,24234000,-1699292,22534708
2017/07/28,0,5787000,-5962512,-175512
2017/07/31,0,7509000,-10903790,-3394790
2017/08/01,0,11586482,-7561000,4025482
2017/08/02,0,8121000,-3546000,4575000
2017/08/03,0,6423000,-9027513,-2604513
2017/08/04,0,3296021,-6394162,-3098141
2017/08/07,0,3660322,-3615247,45075
2017/08/08,0,10606621,-9969433,637188
2017/08/09,0,7186079,-2299937,4886142
2017/08/10,0,9433022,-2748000,6685022
2017/08/11,0,17274750,-10762000,6512750
2017/08/14,0,2540000,-2562960,-22960
2017/08/15,0,2512000,-1324000,1188000
2017/08/16,0,6031000,-4940302,1090698
2017/08/17,0,7526000,-841000,6685000
2017/08/18,0,5261000,-9976000,-4715000
