Date,Open,Buy,Sell,Total
2007/04/23,0,23000,-160000,-137000
2007/04/24,0,18000,-30000,-12000
2007/04/25,0,10000,-208000,-198000
2007/04/26,0,8000,-76000,-68000
2007/04/27,0,2000,-150000,-148000
2007/04/30,0,0,-59000,-59000
2007/05/01,0,0,0,0
2007/05/02,0,32000,-159000,-127000
2007/05/03,0,60000,-282000,-222000
2007/05/04,0,119000,-285,118715
2007/05/07,0,15000,-26000,-11000
2007/05/08,0,13000,-136000,-123000
2007/05/09,0,9000,-31000,-22000
2007/05/10,0,26000,-25000,1000
2007/05/11,0,2000,-312000,-310000
2007/05/14,0,7000,-96000,-89000
2007/05/15,0,50000,-34000,16000
2007/05/16,0,6000,-40000,-34000
2007/05/17,0,22000,-50000,-28000
2007/05/18,0,5000,-73000,-68000
2007/05/21,0,213000,0,213000
2007/05/22,0,19000,-23000,-4000
2007/05/23,0,20000,-72000,-52000
2007/05/24,0,0,-80000,-80000
2007/05/25,0,0,-98000,-98000
2007/05/28,0,21000,-44000,-23000
2007/05/29,0,212000,-62000,150000
2007/05/30,0,99000,-34000,65000
2007/05/31,0,780000,-84000,696000
2007/06/01,0,209000,-2000,207000
2007/06/04,0,32000,-12000,20000
2007/06/05,0,0,-227000,-227000
2007/06/06,0,400000,-287000,113000
2007/06/07,0,3000,-42000,-39000
2007/06/08,0,49000,-346000,-297000
2007/06/11,0,8000,-111000,-103000
2007/06/12,0,201000,-174000,27000
2007/06/13,0,30000,-37000,-7000
2007/06/14,0,220000,-1391000,-1171000
2007/06/15,0,430000,-2000,428000
2007/06/18,0,0,0,0
2007/06/19,0,0,0,0
2007/06/20,0,2274000,-50000,2224000
2007/06/21,0,1428000,-32000,1396000
2007/06/22,0,284000,-41000,243000
2007/06/25,0,414000,0,414000
2007/06/26,0,34000,-545000,-511000
2007/06/27,0,227000,-82000,145000
2007/06/28,0,424000,-33000,391000
2007/06/29,0,300000,-597000,-297000
2007/07/02,0,64000,-987000,-923000
2007/07/03,0,858000,-143000,715000
2007/07/04,0,721000,-452000,269000
2007/07/05,0,526000,-231000,295000
2007/07/06,0,828000,-366000,462000
2007/07/09,0,942000,-736000,206000
2007/07/10,0,429000,-682000,-253000
2007/07/11,0,384000,-244302,139698
2007/07/12,0,225000,-205302,19698
2007/07/13,0,273000,-152000,121000
2007/07/16,0,150000,-277034,-127034
2007/07/17,0,1750000,-193000,1557000
2007/07/18,0,987000,-1585000,-598000
2007/07/19,0,426000,-1171302,-745302
2007/07/20,0,165000,-523449,-358449
2007/07/23,0,27000,-991000,-964000
2007/07/24,0,63000,-742000,-679000
2007/07/25,0,278000,-12000,266000
2007/07/26,0,108000,-1046000,-938000
2007/07/27,0,134000,-3512000,-3378000
2007/07/30,0,472000,-551000,-79000
2007/07/31,0,774000,-941000,-167000
2007/08/01,0,985000,-1605000,-620000
2007/08/02,0,1018000,-1633844,-615844
2007/08/03,0,64000,-1506000,-1442000
2007/08/06,0,235000,-554000,-319000
2007/08/07,0,12000,-791000,-779000
2007/08/08,0,422000,-836000,-414000
2007/08/09,0,480000,-923300,-443300
2007/08/10,0,250000,-403000,-153000
2007/08/13,0,56000,-446000,-390000
2007/08/14,0,205000,-962000,-757000
2007/08/15,0,1426000,-555000,871000
2007/08/16,0,669000,-863000,-194000
2007/08/17,0,315000,-456000,-141000
2007/08/20,0,740000,-24000,716000
2007/08/21,0,30000,-430000,-400000
2007/08/22,0,250000,-205000,45000
2007/08/23,0,182000,-1270000,-1088000
2007/08/24,0,4000,-530000,-526000
2007/08/27,0,102000,-446000,-344000
2007/08/28,0,111000,-119000,-8000
2007/08/29,0,54000,-73000,-19000
2007/08/30,0,37000,-396000,-359000
2007/08/31,0,434000,-418000,16000
2007/09/03,0,92000,-592000,-500000
2007/09/04,0,222000,-95000,127000
2007/09/05,0,407000,-303000,104000
2007/09/06,0,123000,-118000,5000
2007/09/07,0,240000,-108000,132000
2007/09/10,0,158000,-215000,-57000
2007/09/11,0,49000,-190000,-141000
2007/09/12,0,120000,-478000,-358000
2007/09/13,0,213000,-221000,-8000
2007/09/14,0,144000,-81000,63000
2007/09/17,0,445000,-119000,326000
2007/09/18,0,0,0,0
2007/09/19,0,538000,-228000,310000
2007/09/20,0,240000,-598000,-358000
2007/09/21,0,468000,-1000,467000
2007/09/24,0,0,0,0
2007/09/25,0,0,0,0
2007/09/26,0,547000,0,547000
2007/09/27,0,137000,-267000,-130000
2007/09/28,0,62000,-492000,-430000
2007/10/01,0,68000,-462000,-394000
2007/10/02,0,302000,-189000,113000
2007/10/03,0,299000,-226000,73000
2007/10/04,0,45955,-438000,-392045
2007/10/05,0,20000,-131000,-111000
2007/10/08,0,0,-213000,-213000
2007/10/09,0,341000,-543000,-202000
2007/10/10,0,0,0,0
2007/10/11,0,12000,-131000,-119000
2007/10/12,0,345000,-157000,188000
2007/10/15,0,49000,-211000,-162000
2007/10/16,0,691000,-24000,667000
2007/10/17,0,519000,-35000,484000
2007/10/18,0,1041000,-1000,1040000
2007/10/19,0,16000,-171000,-155000
2007/10/22,0,940000,-593000,347000
2007/10/23,0,339000,-355000,-16000
2007/10/24,0,313000,-28000,285000
2007/10/25,0,1010000,-51000,959000
2007/10/26,0,430000,-50000,380000
2007/10/29,0,61000,-668000,-607000
2007/10/30,0,42000,-436000,-394000
2007/10/31,0,522000,-49000,473000
2007/11/01,0,524000,-204000,320000
2007/11/02,0,1374000,-394000,980000
2007/11/05,0,834000,-183000,651000
2007/11/06,0,42000,-526000,-484000
2007/11/07,0,229000,-512000,-283000
2007/11/08,0,398000,-1054000,-656000
2007/11/09,0,289000,-733000,-444000
2007/11/12,0,1320000,-165000,1155000
2007/11/13,0,824000,-260000,564000
2007/11/14,0,22000,-531000,-509000
2007/11/15,0,103000,-16000,87000
2007/11/16,0,79000,-65000,14000
2007/11/19,0,23000,-148000,-125000
2007/11/20,0,550000,-686000,-136000
2007/11/21,0,210000,-338000,-128000
2007/11/22,0,332000,-45000,287000
2007/11/23,0,59000,-562000,-503000
2007/11/26,0,155000,-553000,-398000
2007/11/27,0,98000,-128000,-30000
2007/11/28,0,33000,0,33000
2007/11/29,0,336000,-39000,297000
2007/11/30,0,68000,0,68000
2007/12/03,0,5000,-224000,-219000
2007/12/04,0,148000,-216000,-68000
2007/12/05,0,15000,-196000,-181000
2007/12/06,0,76000,-289000,-213000
2007/12/07,0,267000,-45000,222000
2007/12/10,0,360000,-67000,293000
2007/12/11,0,126000,-60000,66000
2007/12/12,0,174000,0,174000
2007/12/13,0,287000,-19000,268000
2007/12/14,0,396000,-10000,386000
2007/12/17,0,338000,-185000,153000
2007/12/18,0,1086000,-114000,972000
2007/12/19,0,255000,-540000,-285000
2007/12/20,0,27000,-96000,-69000
2007/12/21,0,561000,-48000,513000
2007/12/24,0,468000,-73296,394704
2007/12/25,0,157000,-58000,99000
2007/12/26,0,32000,-255000,-223000
2007/12/27,0,925000,-658000,267000
2007/12/28,0,85000,-704000,-619000
2007/12/31,0,273000,-23000,250000
2008/01/01,0,0,0,0
2008/01/02,0,42000,-168000,-126000
2008/01/03,0,194000,-3000,191000
2008/01/04,0,375000,-16000,359000
2008/01/07,0,463000,-698000,-235000
2008/01/08,0,258000,-31000,227000
2008/01/09,0,141000,-32000,109000
2008/01/10,0,252000,-67000,185000
2008/01/11,0,207000,-416648,-209648
2008/01/14,0,534000,-162000,372000
2008/01/15,0,1031000,-315000,716000
2008/01/16,0,590000,-774000,-184000
2008/01/17,0,1857000,-1239000,618000
2008/01/18,0,1812000,-1444000,368000
2008/01/21,0,467000,-1757000,-1290000
2008/01/22,0,2342000,-289000,2053000
2008/01/23,0,1963000,-539000,1424000
2008/01/24,0,1676000,-1678000,-2000
2008/01/25,0,486000,-132000,354000
2008/01/28,0,203000,-276000,-73000
2008/01/29,0,252000,-725000,-473000
2008/01/30,0,224000,-471000,-247000
2008/01/31,0,438000,-56000,382000
2008/02/01,0,322000,-9000,313000
2008/02/04,0,0,0,0
2008/02/05,0,0,0,0
2008/02/06,0,0,0,0
2008/02/07,0,0,0,0
2008/02/08,0,0,0,0
2008/02/11,0,0,0,0
2008/02/12,0,132000,-66000,66000
2008/02/13,0,499000,-203000,296000
2008/02/14,0,4070000,-135000,3935000
2008/02/15,0,939000,-109000,830000
2008/02/18,0,167000,-274000,-107000
2008/02/19,0,1118000,-128000,990000
2008/02/20,0,1715000,-1019000,696000
2008/02/21,0,955000,-148000,807000
2008/02/22,0,490000,-78000,412000
2008/02/25,0,1823000,-169465,1653535
2008/02/26,0,27000,-1094000,-1067000
2008/02/27,0,210000,-1179488,-969488
2008/02/28,0,0,0,0
2008/02/29,0,100000,-360000,-260000
2008/03/03,0,872000,-31073,840927
2008/03/04,0,84000,-567000,-483000
2008/03/05,0,244000,-95000,149000
2008/03/06,0,382000,-126308,255692
2008/03/07,0,565000,-63000,502000
2008/03/10,0,469000,-1055847,-586847
2008/03/11,0,1150000,-71000,1079000
2008/03/12,0,717000,-114268,602732
2008/03/13,0,448000,-136823,311177
2008/03/14,0,391600,-291164,100436
2008/03/17,0,1544000,-43000,1501000
2008/03/18,0,893000,-48000,845000
2008/03/19,0,1072000,-52000,1020000
2008/03/20,0,1649000,-244000,1405000
2008/03/21,0,798000,-439000,359000
2008/03/24,0,1619000,-672000,947000
2008/03/25,0,1238000,-1104000,134000
2008/03/26,0,290000,-1871000,-1581000
2008/03/27,0,205000,-891000,-686000
2008/03/28,0,384000,-173000,211000
2008/03/31,0,718000,-626000,92000
2008/04/01,0,564000,-212348,351652
2008/04/02,0,1510000,-19000,1491000
2008/04/03,0,228000,-17000,211000
2008/04/04,0,0,0,0
2008/04/07,0,276000,-20000,256000
2008/04/08,0,523000,-416000,107000
2008/04/09,0,678000,-260000,418000
2008/04/10,0,96000,-482000,-386000
2008/04/11,0,893000,-1180000,-287000
2008/04/14,0,232000,-580081,-348081
2008/04/15,0,187000,-225000,-38000
2008/04/16,0,700000,-351000,349000
2008/04/17,0,431000,-487000,-56000
2008/04/18,0,652000,-110000,542000
2008/04/21,0,318000,-146000,172000
2008/04/22,0,80000,-652000,-572000
2008/04/23,0,948000,-219000,729000
2008/04/24,0,721000,-782000,-61000
2008/04/25,0,756000,-147000,609000
2008/04/28,0,478000,-163000,315000
2008/04/29,0,242000,-109000,133000
2008/04/30,0,657000,-281000,376000
2008/05/01,0,0,0,0
2008/05/02,0,493000,-607000,-114000
2008/05/05,0,403000,-564000,-161000
2008/05/06,0,389000,-326000,63000
2008/05/07,0,183000,-66000,117000
2008/05/08,0,351000,-113000,238000
2008/05/09,0,436000,-268000,168000
2008/05/12,0,1209000,-231000,978000
2008/05/13,0,888136,-311000,577136
2008/05/14,0,991000,-144000,847000
2008/05/15,0,843000,-60000,783000
2008/05/16,0,1810000,-196000,1614000
2008/05/19,0,184000,-591000,-407000
2008/05/20,0,1049000,-2273000,-1224000
2008/05/21,0,331000,-730000,-399000
2008/05/22,0,419000,-8434000,-8015000
2008/05/23,0,163000,-98000,65000
2008/05/26,0,671000,-2532000,-1861000
2008/05/27,0,82000,-1065000,-983000
2008/05/28,0,162000,-30000,132000
2008/05/29,0,634000,-13000,621000
2008/05/30,0,505000,-47000,458000
2008/06/02,0,1363000,-2000,1361000
2008/06/03,0,787000,-248000,539000
2008/06/04,0,118000,-798316,-680316
2008/06/05,0,893000,-1317000,-424000
2008/06/06,0,96000,-9000,87000
2008/06/09,0,57000,-430000,-373000
2008/06/10,0,223000,-444000,-221000
2008/06/11,0,307000,-191000,116000
2008/06/12,0,217000,-331000,-114000
2008/06/13,0,236000,-185000,51000
2008/06/16,0,146000,-54000,92000
2008/06/17,0,213000,-39000,174000
2008/06/18,0,325000,-47000,278000
2008/06/19,0,506000,-92000,414000
2008/06/20,0,551000,-31000,520000
2008/06/23,0,602000,-21000,581000
2008/06/24,0,415000,-117000,298000
2008/06/25,0,1520000,-196000,1324000
2008/06/26,0,452000,-307000,145000
2008/06/27,0,505000,-721000,-216000
2008/06/30,0,747000,-735000,12000
2008/07/01,0,1091000,-30000,1061000
2008/07/02,0,1068000,-773000,295000
2008/07/03,0,3592000,-956000,2636000
2008/07/04,0,398000,-162000,236000
2008/07/07,0,31000,-146000,-115000
2008/07/08,0,765000,-258000,507000
2008/07/09,0,984000,-2213000,-1229000
2008/07/10,0,341000,-814000,-473000
2008/07/11,0,1127000,-84000,1043000
2008/07/14,0,116000,-970000,-854000
2008/07/15,0,329000,-169000,160000
2008/07/16,0,308000,-628019,-320019
2008/07/17,0,1066000,-191000,875000
2008/07/18,0,852000,-533000,319000
2008/07/21,0,483000,-131000,352000
2008/07/22,0,891000,-83000,808000
2008/07/23,0,908000,-9000,899000
2008/07/24,0,1993000,-67000,1926000
2008/07/25,0,460000,-1010000,-550000
2008/07/28,0,0,0,0
2008/07/29,0,872000,-575000,297000
2008/07/30,0,581000,-115000,466000
2008/07/31,0,973000,-215000,758000
2008/08/01,0,188000,-1789000,-1601000
2008/08/04,0,935000,-103000,832000
2008/08/05,0,845000,-354000,491000
2008/08/06,0,1318000,-96000,1222000
2008/08/07,0,87000,-408000,-321000
2008/08/08,0,987000,-370000,617000
2008/08/11,0,48000,-500000,-452000
2008/08/12,0,0,-815000,-815000
2008/08/13,0,371000,-654000,-283000
2008/08/14,0,434000,-279000,155000
2008/08/15,0,207000,-305000,-98000
2008/08/18,0,508000,-413000,95000
2008/08/19,0,225000,-228392,-3392
2008/08/20,0,9000,-344000,-335000
2008/08/21,0,104000,-357000,-253000
2008/08/22,0,120000,-443000,-323000
2008/08/25,0,18000,-205000,-187000
2008/08/26,0,34000,-179000,-145000
2008/08/27,0,123000,-55000,68000
2008/08/28,0,417000,-204000,213000
2008/08/29,0,779000,-282000,497000
2008/09/01,0,517367,-796000,-278633
2008/09/02,0,347000,-111000,236000
2008/09/03,0,584000,-485490,98510
2008/09/04,0,801000,-224000,577000
2008/09/05,0,419000,-778000,-359000
2008/09/08,0,0,-6000,-6000
2008/09/09,0,999000,-199000,800000
2008/09/10,0,676000,-495184,180816
2008/09/11,0,591000,-588000,3000
2008/09/12,0,713000,-329000,384000
2008/09/15,0,106000,-717000,-611000
2008/09/16,0,430000,-16000,414000
2008/09/17,0,934000,-205000,729000
2008/09/18,0,539000,0,539000
2008/09/19,0,1141000,-304000,837000
2008/09/22,0,213000,-174000,39000
2008/09/23,0,515000,-640000,-125000
2008/09/24,0,693000,-449000,244000
2008/09/25,0,546000,-146000,400000
2008/09/26,0,649000,-1525000,-876000
2008/09/29,0,0,0,0
2008/09/30,0,53000,-267000,-214000
2008/10/01,0,429000,-1660000,-1231000
2008/10/02,0,515000,-144000,371000
2008/10/03,0,1474000,-123000,1351000
2008/10/06,0,149000,-1453681,-1304681
2008/10/07,0,1636000,-158000,1478000
2008/10/08,0,1792000,-977000,815000
2008/10/09,0,1229000,-1231000,-2000
2008/10/10,0,0,0,0
2008/10/13,0,621000,0,621000
2008/10/14,0,332000,-20000,312000
2008/10/15,0,181000,0,181000
2008/10/16,0,0,-290000,-290000
2008/10/17,0,120000,-1750000,-1630000
2008/10/20,0,143000,-547540,-404540
2008/10/21,0,526000,-412000,114000
2008/10/22,0,143000,-65000,78000
2008/10/23,0,0,0,0
2008/10/24,0,0,-34000,-34000
2008/10/27,0,156000,-147262,8738
2008/10/28,0,728000,-160000,568000
2008/10/29,0,641000,-50000,591000
2008/10/30,0,815000,-153000,662000
2008/10/31,0,984000,-577000,407000
2008/11/03,0,533000,-58000,475000
2008/11/04,0,157000,-891689,-734689
2008/11/05,0,899000,-453000,446000
2008/11/06,0,218000,-865000,-647000
2008/11/07,0,989000,-409000,580000
2008/11/10,0,185000,-53000,132000
2008/11/11,0,622000,-811135,-189135
2008/11/12,0,168000,-327260,-159260
2008/11/13,0,422000,-61693,360307
2008/11/14,0,197000,-132066,64934
2008/11/17,0,26000,-675436,-649436
2008/11/18,0,383000,-569000,-186000
2008/11/19,0,530000,-16000,514000
2008/11/20,0,550000,-121000,429000
2008/11/21,0,1083000,-404000,679000
2008/11/24,0,585000,-191000,394000
2008/11/25,0,868000,-29000,839000
2008/11/26,0,120000,-179000,-59000
2008/11/27,0,597000,-1086000,-489000
2008/11/28,0,1065000,-123000,942000
2008/12/01,0,651000,-22000,629000
2008/12/02,0,135000,-774000,-639000
2008/12/03,0,952000,-98000,854000
2008/12/04,0,305000,-1486254,-1181254
2008/12/05,0,178000,-68000,110000
2008/12/08,0,1373000,-24000,1349000
2008/12/09,0,2092000,-46000,2046000
2008/12/10,0,557000,-506166,50834
2008/12/11,0,324000,-1137000,-813000
2008/12/12,0,178000,-1560000,-1382000
2008/12/15,0,1324000,-452000,872000
2008/12/16,0,1195000,-358000,837000
2008/12/17,0,56000,-729000,-673000
2008/12/18,0,675000,-392000,283000
2008/12/19,0,507000,-719000,-212000
2008/12/22,0,256000,-517000,-261000
2008/12/23,0,501000,-2111000,-1610000
2008/12/24,0,404000,-399000,5000
2008/12/25,0,147000,-197000,-50000
2008/12/26,0,124000,-174000,-50000
2008/12/29,0,641000,-50000,591000
2008/12/30,0,491000,-17975,473025
2008/12/31,0,191000,-503000,-312000
2009/01/01,0,0,0,0
2009/01/02,0,0,0,0
2009/01/05,0,677000,-90480,586520
2009/01/06,0,238000,-246000,-8000
2009/01/07,0,210000,-237000,-27000
2009/01/08,0,269000,-191000,78000
2009/01/09,0,446000,-706000,-260000
2009/01/12,0,247000,-106000,141000
2009/01/13,0,134000,-62000,72000
2009/01/14,0,357000,-107761,249239
2009/01/15,0,211000,-279000,-68000
2009/01/16,0,363000,-26000,337000
2009/01/19,0,94227,-186000,-91773
2009/01/20,0,776000,-78000,698000
2009/01/21,0,825347,-160000,665347
2009/01/22,0,0,0,0
2009/01/23,0,0,0,0
2009/01/26,0,0,0,0
2009/01/27,0,0,0,0
2009/01/28,0,0,0,0
2009/01/29,0,0,0,0
2009/01/30,0,0,0,0
2009/02/02,0,151000,-300416,-149416
2009/02/03,0,142000,-382000,-240000
2009/02/04,0,240000,-5000,235000
2009/02/05,0,194000,-49000,145000
2009/02/06,0,108000,-158000,-50000
2009/02/09,0,137000,-508000,-371000
2009/02/10,0,281000,-499000,-218000
2009/02/11,0,235116,-402430,-167314
2009/02/12,0,278000,-765000,-487000
2009/02/13,0,627000,-212000,415000
2009/02/16,0,135000,-176000,-41000
2009/02/17,0,266000,-689000,-423000
2009/02/18,0,286000,-347000,-61000
2009/02/19,0,251000,-388000,-137000
2009/02/20,0,325000,-225000,100000
2009/02/23,0,334000,-238000,96000
2009/02/24,0,514000,-247000,267000
2009/02/25,0,837000,-460000,377000
2009/02/26,0,1296000,-262000,1034000
2009/02/27,0,965000,-85000,880000
2009/03/02,0,934000,-881000,53000
2009/03/03,0,365000,-740000,-375000
2009/03/04,0,473000,-461000,12000
2009/03/05,0,510000,-314000,196000
2009/03/06,0,257000,-518000,-261000
2009/03/09,0,219000,-350000,-131000
2009/03/10,0,334000,-167000,167000
2009/03/11,0,934000,-646000,288000
2009/03/12,0,64000,-255000,-191000
2009/03/13,0,1230000,-169414,1060586
2009/03/16,0,106000,-883000,-777000
2009/03/17,0,695000,-1391000,-696000
2009/03/18,0,1335000,-679000,656000
2009/03/19,0,1200000,-493000,707000
2009/03/20,0,877000,-963000,-86000
2009/03/23,0,1621000,-135000,1486000
2009/03/24,0,2141000,-218000,1923000
2009/03/25,0,1764000,-750000,1014000
2009/03/26,0,1195000,-1692000,-497000
2009/03/27,0,1402000,-2665000,-1263000
2009/03/30,0,1350000,-1905000,-555000
2009/03/31,0,1801000,-1279000,522000
2009/04/01,0,965000,-448000,517000
2009/04/02,0,2005000,-212660,1792340
2009/04/03,0,228000,-4023000,-3795000
2009/04/06,0,1036000,-694016,341984
2009/04/07,0,2157000,-1874000,283000
2009/04/08,0,407000,-2518664,-2111664
2009/04/09,0,2696000,-314000,2382000
2009/04/10,0,2240000,-3495016,-1255016
2009/04/13,0,240000,-2801000,-2561000
2009/04/14,0,570000,-2741000,-2171000
2009/04/15,0,647000,-1794000,-1147000
2009/04/16,0,3905000,-1720000,2185000
2009/04/17,0,1339000,-2731000,-1392000
2009/04/20,0,4760000,-509000,4251000
2009/04/21,0,1047000,-1101000,-54000
2009/04/22,0,439000,-1006555,-567555
2009/04/23,0,1316000,-768000,548000
2009/04/24,0,1750000,-3355000,-1605000
2009/04/27,0,1412000,-2374000,-962000
2009/04/28,0,2193000,-1507016,685984
2009/04/29,0,2156000,-980000,1176000
2009/04/30,0,78000,-59000,19000
2009/05/01,0,0,0,0
2009/05/04,0,30000,-9000,21000
2009/05/05,0,4689000,-4620000,69000
2009/05/06,0,3349000,-2099541,1249459
2009/05/07,0,5874000,-3717000,2157000
2009/05/08,0,3748000,-1398000,2350000
2009/05/11,0,2055000,-1878015,176985
2009/05/12,0,2526000,-2542000,-16000
2009/05/13,0,428000,-1426000,-998000
2009/05/14,0,523000,-1651000,-1128000
2009/05/15,0,860000,-1738000,-878000
2009/05/18,0,316000,-1438000,-1122000
2009/05/19,0,3152000,-1332000,1820000
2009/05/20,0,1667000,-4920000,-3253000
2009/05/21,0,2879000,-3775000,-896000
2009/05/22,0,2001000,-3270533,-1269533
2009/05/25,0,1206000,-1206017,-17
2009/05/26,0,925000,-1544000,-619000
2009/05/27,0,2015000,-796000,1219000
2009/05/28,0,0,0,0
2009/05/29,0,0,0,0
2009/06/01,0,1837000,-1871000,-34000
2009/06/02,0,1301000,-4087615,-2786615
2009/06/03,0,2883000,-456017,2426983
2009/06/04,0,2033000,-3803000,-1770000
2009/06/05,0,2355000,-612000,1743000
2009/06/08,0,2146000,-2230000,-84000
2009/06/09,0,4736000,-2010000,2726000
2009/06/10,0,2614000,-771116,1842884
2009/06/11,0,1714000,-2221000,-507000
2009/06/12,0,1295000,-2615000,-1320000
2009/06/15,0,1431000,-3335000,-1904000
2009/06/16,0,818769,-636000,182769
2009/06/17,0,1645000,-1581000,64000
2009/06/18,0,2732000,-1668000,1064000
2009/06/19,0,702000,-4235000,-3533000
2009/06/22,0,1731000,-1301000,430000
2009/06/23,0,369000,-881000,-512000
2009/06/24,0,2760000,-2466000,294000
2009/06/25,0,3917000,-4101000,-184000
2009/06/26,0,1855000,-2174000,-319000
2009/06/29,0,2098000,-925000,1173000
2009/06/30,0,750000,-1305000,-555000
2009/07/01,0,1643000,-1105000,538000
2009/07/02,0,1799000,-1351000,448000
2009/07/03,0,808000,-1115000,-307000
2009/07/06,0,427000,-852000,-425000
2009/07/07,0,1701000,-390000,1311000
2009/07/08,0,829000,-425000,404000
2009/07/09,0,2265000,-944000,1321000
2009/07/10,0,871000,-744000,127000
2009/07/13,0,304000,-4723000,-4419000
2009/07/14,0,1427000,-729000,698000
2009/07/15,0,2042000,-630000,1412000
2009/07/16,0,958000,-2286000,-1328000
2009/07/17,0,634000,-875000,-241000
2009/07/20,0,767000,-1492000,-725000
2009/07/21,0,843000,-1265000,-422000
2009/07/22,0,2190000,-892000,1298000
2009/07/23,0,693970,-1877000,-1183030
2009/07/24,0,586000,-1263000,-677000
2009/07/27,0,2208000,-1221000,987000
2009/07/28,0,849240,-680000,169240
2009/07/29,0,2642000,-1195000,1447000
2009/07/30,0,764000,-2798000,-2034000
2009/07/31,0,470000,-635000,-165000
2009/08/03,0,380000,-1316000,-936000
2009/08/04,0,619000,-2111000,-1492000
2009/08/05,0,1239000,-1548960,-309960
2009/08/06,0,1012000,-1250000,-238000
2009/08/07,0,0,0,0
2009/08/10,0,52000,-1245000,-1193000
2009/08/11,0,476000,-577000,-101000
2009/08/12,0,627000,-636000,-9000
2009/08/13,0,1190000,-1456000,-266000
2009/08/14,0,632000,-574000,58000
2009/08/17,0,646000,-545000,101000
2009/08/18,0,1763000,-742000,1021000
2009/08/19,0,584000,-1358000,-774000
2009/08/20,0,521000,-809000,-288000
2009/08/21,0,196000,-1031000,-835000
2009/08/24,0,736000,-302277,433723
2009/08/25,0,98000,-318000,-220000
2009/08/26,0,362000,-226000,136000
2009/08/27,0,271000,-83000,188000
2009/08/28,0,1804000,-399999,1404001
2009/08/31,0,610000,-510000,100000
2009/09/01,0,1679000,-508000,1171000
2009/09/02,0,587000,-1964000,-1377000
2009/09/03,0,373000,-874000,-501000
2009/09/04,0,836000,-788000,48000
2009/09/07,0,1166000,-763000,403000
2009/09/08,0,2354000,-1031000,1323000
2009/09/09,0,3205000,-1369000,1836000
2009/09/10,0,3793000,-3341000,452000
2009/09/11,0,716000,-2411000,-1695000
2009/09/14,0,1756000,-1399000,357000
2009/09/15,0,1516000,-271000,1245000
2009/09/16,0,1640000,-1694000,-54000
2009/09/17,0,1195000,-2808000,-1613000
2009/09/18,0,215000,-1013000,-798000
2009/09/21,0,1188000,-1950000,-762000
2009/09/22,0,1265000,-868000,397000
2009/09/23,0,443000,-2265692,-1822692
2009/09/24,0,790000,-447000,343000
2009/09/25,0,682000,-373000,309000
2009/09/28,0,552000,-144730,407270
2009/09/29,0,1040000,-825000,215000
2009/09/30,0,314000,-939000,-625000
2009/10/01,0,4438000,-3054000,1384000
2009/10/02,0,442000,-792000,-350000
2009/10/05,0,365000,-672000,-307000
2009/10/06,0,1061000,-1605000,-544000
2009/10/07,0,1113000,-1435000,-322000
2009/10/08,0,349000,-1567000,-1218000
2009/10/09,0,1445000,-593000,852000
2009/10/12,0,666000,-535000,131000
2009/10/13,0,939000,-483000,456000
2009/10/14,0,190000,-255000,-65000
2009/10/15,0,2216000,-1290000,926000
2009/10/16,0,303000,-1852000,-1549000
2009/10/19,0,310000,-364000,-54000
2009/10/20,0,343000,-1175000,-832000
2009/10/21,0,336000,-487584,-151584
2009/10/22,0,735000,-1970000,-1235000
2009/10/23,0,438000,-568000,-130000
2009/10/26,0,777000,-717000,60000
2009/10/27,0,383000,-529000,-146000
2009/10/28,0,1261000,-1058000,203000
2009/10/29,0,2291000,-1878000,413000
2009/10/30,0,131000,-454000,-323000
2009/11/02,0,1043000,-489000,554000
2009/11/03,0,315000,-620000,-305000
2009/11/04,0,951000,-2353000,-1402000
2009/11/05,0,616000,-288000,328000
2009/11/06,0,1091000,-605000,486000
2009/11/09,0,688000,-883000,-195000
2009/11/10,0,723000,-383000,340000
2009/11/11,0,1874000,-493000,1381000
2009/11/12,0,408000,-376000,32000
2009/11/13,0,755000,-800000,-45000
2009/11/16,0,1342000,-1052000,290000
2009/11/17,0,247000,-1981000,-1734000
2009/11/18,0,422000,-696000,-274000
2009/11/19,0,509000,-404000,105000
2009/11/20,0,615000,-635000,-20000
2009/11/23,0,342000,-23000,319000
2009/11/24,0,501000,-77000,424000
2009/11/25,0,805000,-377000,428000
2009/11/26,0,995000,-254000,741000
2009/11/27,0,754000,-2014000,-1260000
2009/11/30,0,547000,-207768,339232
2009/12/01,0,1457000,-1144000,313000
2009/12/02,0,409000,-550000,-141000
2009/12/03,0,458000,-108000,350000
2009/12/04,0,813000,-294000,519000
2009/12/07,0,600000,-270000,330000
2009/12/08,0,193000,-356000,-163000
2009/12/09,0,80000,-800000,-720000
2009/12/10,0,454000,-1641000,-1187000
2009/12/11,0,332000,-276847,55153
2009/12/14,0,292000,-589000,-297000
2009/12/15,0,139000,-261000,-122000
2009/12/16,0,598000,-1644000,-1046000
2009/12/17,0,281000,-386000,-105000
2009/12/18,0,177000,-391000,-214000
2009/12/21,0,237000,-322000,-85000
2009/12/22,0,458000,-680235,-222235
2009/12/23,0,34000,-669000,-635000
2009/12/24,0,377000,-142000,235000
2009/12/25,0,2091000,-285000,1806000
2009/12/28,0,1408000,-915000,493000
2009/12/29,0,673000,-662000,11000
2009/12/30,0,751000,-1070000,-319000
2009/12/31,0,1350000,-397000,953000
2010/01/01,0,0,0,0
2010/01/04,0,445000,-1562000,-1117000
2010/01/05,0,272000,-1231000,-959000
2010/01/06,0,1594000,-695000,899000
2010/01/07,0,1408000,-643000,765000
2010/01/08,0,935000,-499000,436000
2010/01/11,0,356000,-713000,-357000
2010/01/12,0,601000,-266000,335000
2010/01/13,0,875000,-269000,606000
2010/01/14,0,439000,-215804,223196
2010/01/15,0,439000,-353000,86000
2010/01/18,0,218000,-243000,-25000
2010/01/19,0,208000,-736000,-528000
2010/01/20,0,291940,-1806000,-1514060
2010/01/21,0,241000,-2632000,-2391000
2010/01/22,0,329000,-819000,-490000
2010/01/25,0,289000,-515000,-226000
2010/01/26,0,1022000,-1264000,-242000
2010/01/27,0,591000,-106000,485000
2010/01/28,0,284000,-219000,65000
2010/01/29,0,1063000,-365000,698000
2010/02/01,0,765000,-599000,166000
2010/02/02,0,485000,-445000,40000
2010/02/03,0,633000,-257000,376000
2010/02/04,0,377000,-50000,327000
2010/02/05,0,754000,-764000,-10000
2010/02/08,0,957000,-130000,827000
2010/02/09,0,624000,0,624000
2010/02/10,0,262000,-169000,93000
2010/02/11,0,0,0,0
2010/02/12,0,0,0,0
2010/02/15,0,0,0,0
2010/02/16,0,0,0,0
2010/02/17,0,0,0,0
2010/02/18,0,0,0,0
2010/02/19,0,0,0,0
2010/02/22,0,922000,-185000,737000
2010/02/23,0,133000,-300000,-167000
2010/02/24,0,286000,-444000,-158000
2010/02/25,0,234000,-755000,-521000
2010/02/26,0,269000,-100000,169000
2010/03/01,0,782000,-86000,696000
2010/03/02,0,102000,-214584,-112584
2010/03/03,0,1059064,-81000,978064
2010/03/04,0,108000,-1012000,-904000
2010/03/05,0,234000,-256000,-22000
2010/03/08,0,417000,-237000,180000
2010/03/09,0,84000,-148000,-64000
2010/03/10,0,122000,-60000,62000
2010/03/11,0,50000,-268000,-218000
2010/03/12,0,199000,-69000,130000
2010/03/15,0,30000,-1190000,-1160000
2010/03/16,0,134000,-388000,-254000
2010/03/17,0,1670000,-294000,1376000
2010/03/18,0,562000,-191000,371000
2010/03/19,0,455000,-12000,443000
2010/03/22,0,70000,-167000,-97000
2010/03/23,0,102000,-640000,-538000
2010/03/24,0,371000,-406865,-35865
2010/03/25,0,1599000,-423000,1176000
2010/03/26,0,440000,-332000,108000
2010/03/29,0,810000,-65000,745000
2010/03/30,0,67000,-307000,-240000
2010/03/31,0,59000,-110000,-51000
2010/04/01,0,387000,-77000,310000
2010/04/02,0,178000,-155000,23000
2010/04/05,0,0,0,0
2010/04/06,0,458000,-31000,427000
2010/04/07,0,0,-69000,-69000
2010/04/08,0,1012000,-121000,891000
2010/04/09,0,261000,-99000,162000
2010/04/12,0,60000,-86000,-26000
2010/04/13,0,207000,-219000,-12000
2010/04/14,0,10000,-130000,-120000
2010/04/15,0,81000,-111000,-30000
2010/04/16,0,48000,-171000,-123000
2010/04/19,0,632000,-1554000,-922000
2010/04/20,0,235000,-231000,4000
2010/04/21,0,13000,-181000,-168000
2010/04/22,0,419000,-105000,314000
2010/04/23,0,50000,-167000,-117000
2010/04/26,0,393000,-54000,339000
2010/04/27,0,96000,-41000,55000
2010/04/28,0,178000,-420680,-242680
2010/04/29,0,142000,-196000,-54000
2010/04/30,0,165000,-357000,-192000
2010/05/03,0,334000,-224000,110000
2010/05/04,0,150000,-161000,-11000
2010/05/05,0,170000,-362000,-192000
2010/05/06,0,29000,-825000,-796000
2010/05/07,0,921000,-97000,824000
2010/05/10,0,199000,-133956,65044
2010/05/11,0,40000,-1925000,-1885000
2010/05/12,0,150000,-320000,-170000
2010/05/13,0,588000,-99000,489000
2010/05/14,0,580000,-216000,364000
2010/05/17,0,103000,-411000,-308000
2010/05/18,0,639000,-42000,597000
2010/05/19,0,1178000,-190000,988000
2010/05/20,0,51000,-591000,-540000
2010/05/21,0,280000,-445000,-165000
2010/05/24,0,5000,-33000,-28000
2010/05/25,0,537000,-330000,207000
2010/05/26,0,360000,-22000,338000
2010/05/27,0,32000,-88000,-56000
2010/05/28,0,73000,-288000,-215000
2010/05/31,0,17000,-61000,-44000
2010/06/01,0,105000,-315000,-210000
2010/06/02,0,289000,0,289000
2010/06/03,0,117000,-127000,-10000
2010/06/04,0,54000,-155000,-101000
2010/06/07,0,144000,-267000,-123000
2010/06/08,0,348000,-304000,44000
2010/06/09,0,0,-560000,-560000
2010/06/10,0,157000,-48000,109000
2010/06/11,0,165000,-110000,55000
2010/06/14,0,183000,-20000,163000
2010/06/15,0,773000,-32000,741000
2010/06/16,0,0,0,0
2010/06/17,0,1782000,-67000,1715000
2010/06/18,0,142000,-173000,-31000
2010/06/21,0,116000,-63000,53000
2010/06/22,0,15000,0,15000
2010/06/23,0,24000,0,24000
2010/06/24,0,185000,-8974,176026
2010/06/25,0,1688000,-14000,1674000
2010/06/28,0,352000,-40000,312000
2010/06/29,0,158000,-50000,108000
2010/06/30,0,174000,-182000,-8000
2010/07/01,0,936000,0,936000
2010/07/02,0,943000,-397000,546000
2010/07/05,0,736000,-290000,446000
2010/07/06,0,790000,-670000,120000
2010/07/07,0,109000,-404000,-295000
2010/07/08,0,119000,-103938,15062
2010/07/09,0,149000,-148000,1000
2010/07/12,0,260000,-207000,53000
2010/07/13,0,53000,-42000,11000
2010/07/14,0,1200000,-200000,1000000
2010/07/15,0,612000,-441000,171000
2010/07/16,0,4223000,-1157000,3066000
2010/07/19,0,2028000,-1051000,977000
2010/07/20,0,348000,-4000,344000
2010/07/21,0,209000,-1984000,-1775000
2010/07/22,0,374000,-31000,343000
2010/07/23,0,215000,-214000,1000
2010/07/26,0,35000,-105000,-70000
2010/07/27,0,59000,-496000,-437000
2010/07/28,0,402000,-128000,274000
2010/07/29,0,835000,-115000,720000
2010/07/30,0,948000,-169000,779000
2010/08/02,0,4470000,-3370000,1100000
2010/08/03,0,1992000,-536000,1456000
2010/08/04,0,2142000,-1111000,1031000
2010/08/05,0,2626000,-912000,1714000
2010/08/06,0,789000,-842000,-53000
2010/08/09,0,2135000,-365000,1770000
2010/08/10,0,3747000,-2939000,808000
2010/08/11,0,413000,-4405000,-3992000
2010/08/12,0,160000,-1136000,-976000
2010/08/13,0,454000,-1170000,-716000
2010/08/16,0,270000,-1141000,-871000
2010/08/17,0,170000,-92000,78000
2010/08/18,0,171000,-4035000,-3864000
2010/08/19,0,131000,-1148000,-1017000
2010/08/20,0,100000,-529000,-429000
2010/08/23,0,1479000,-1132000,347000
2010/08/24,0,913000,-1203000,-290000
2010/08/25,0,547000,-1128690,-581690
2010/08/26,0,472000,-706000,-234000
2010/08/27,0,716000,-902000,-186000
2010/08/30,0,810000,-872000,-62000
2010/08/31,0,307000,-841000,-534000
2010/09/01,0,502000,-963000,-461000
2010/09/02,0,275000,-673000,-398000
2010/09/03,0,704000,-264000,440000
2010/09/06,0,1335000,-74000,1261000
2010/09/07,0,501000,-231000,270000
2010/09/08,0,887000,-516000,371000
2010/09/09,0,352000,-709000,-357000
2010/09/10,0,1511000,-954000,557000
2010/09/13,0,3209000,-928000,2281000
2010/09/14,0,397000,-2180000,-1783000
2010/09/15,0,1237000,-655000,582000
2010/09/16,0,1821000,-1006000,815000
2010/09/17,0,1324000,-1347000,-23000
2010/09/20,0,73000,-1280000,-1207000
2010/09/21,0,264000,-511000,-247000
2010/09/22,0,0,0,0
2010/09/23,0,171000,-152000,19000
2010/09/24,0,506000,-446000,60000
2010/09/27,0,1112000,-578000,534000
2010/09/28,0,402000,-424000,-22000
2010/09/29,0,192000,-422000,-230000
2010/09/30,0,61000,-504000,-443000
2010/10/01,0,283000,-120000,163000
2010/10/04,0,1111000,-1127000,-16000
2010/10/05,0,630000,-94000,536000
2010/10/06,0,1154000,-856000,298000
2010/10/07,0,262000,-828716,-566716
2010/10/08,0,675000,-540000,135000
2010/10/11,0,68000,-525000,-457000
2010/10/12,0,799000,-492000,307000
2010/10/13,0,151000,-943000,-792000
2010/10/14,0,357000,-635000,-278000
2010/10/15,0,457000,-159000,298000
2010/10/18,0,131000,-479000,-348000
2010/10/19,0,102000,-454000,-352000
2010/10/20,0,297000,-99000,198000
2010/10/21,0,206000,-111000,95000
2010/10/22,0,275000,-707000,-432000
2010/10/25,0,1361000,-213000,1148000
2010/10/26,0,174000,-331000,-157000
2010/10/27,0,270000,-181000,89000
2010/10/28,0,645000,-610000,35000
2010/10/29,0,235000,-248000,-13000
2010/11/01,0,1496000,-364000,1132000
2010/11/02,0,558000,-1840000,-1282000
2010/11/03,0,431000,-186000,245000
2010/11/04,0,461000,-283000,178000
2010/11/05,0,323000,-75000,248000
2010/11/08,0,226000,-328000,-102000
2010/11/09,0,409849,-138000,271849
2010/11/10,0,257000,-70000,187000
2010/11/11,0,355000,-156000,199000
2010/11/12,0,255000,-1588000,-1333000
2010/11/15,0,223000,-176000,47000
2010/11/16,0,1001000,-327000,674000
2010/11/17,0,845000,-131000,714000
2010/11/18,0,1157000,-164000,993000
2010/11/19,0,495000,-557000,-62000
2010/11/22,0,332000,-374000,-42000
2010/11/23,0,494000,-66000,428000
2010/11/24,0,1632000,-369000,1263000
2010/11/25,0,529000,-1822000,-1293000
2010/11/26,0,520000,-1234000,-714000
2010/11/29,0,634000,-822000,-188000
2010/11/30,0,563000,-1292000,-729000
2010/12/01,0,1849000,-3732000,-1883000
2010/12/02,0,1097000,-997000,100000
2010/12/03,0,475000,-490000,-15000
2010/12/06,0,1181000,-467000,714000
2010/12/07,0,1112000,-928000,184000
2010/12/08,0,546000,-365000,181000
2010/12/09,0,595000,-2092000,-1497000
2010/12/10,0,655000,-604000,51000
2010/12/13,0,246000,-34000,212000
2010/12/14,0,300000,-328000,-28000
2010/12/15,0,928000,-860000,68000
2010/12/16,0,568000,-755000,-187000
2010/12/17,0,330000,-1319000,-989000
2010/12/20,0,529000,-788000,-259000
2010/12/21,0,316000,-557000,-241000
2010/12/22,0,698000,-250000,448000
2010/12/23,0,377000,-685000,-308000
2010/12/24,0,550000,-396000,154000
2010/12/27,0,1427000,-838105,588895
2010/12/28,0,970000,-562000,408000
2010/12/29,0,2439000,-2845290,-406290
2010/12/30,0,2063000,-597000,1466000
2010/12/31,0,4099000,-1316000,2783000
2011/01/03,0,1058000,-2011000,-953000
2011/01/04,0,703000,-314000,389000
2011/01/05,0,965000,-1228000,-263000
2011/01/06,0,1170000,-480000,690000
2011/01/07,0,324000,-939000,-615000
2011/01/10,0,475000,-432000,43000
2011/01/11,0,1213000,-558000,655000
2011/01/12,0,1282000,-220000,1062000
2011/01/13,0,382000,-1390000,-1008000
2011/01/14,0,691000,-350000,341000
2011/01/17,0,823000,-201000,622000
2011/01/18,0,3311000,-425000,2886000
2011/01/19,0,529000,-894000,-365000
2011/01/20,0,561000,-1248000,-687000
2011/01/21,0,697000,-2635000,-1938000
2011/01/24,0,4010000,-1080000,2930000
2011/01/25,0,1858000,-580000,1278000
2011/01/26,0,3037000,-781000,2256000
2011/01/27,0,4410000,-2012000,2398000
2011/01/28,0,1467000,-1807000,-340000
2011/01/31,0,0,0,0
2011/02/01,0,0,0,0
2011/02/02,0,0,0,0
2011/02/03,0,0,0,0
2011/02/04,0,0,0,0
2011/02/07,0,0,0,0
2011/02/08,0,4355000,-3229000,1126000
2011/02/09,0,991000,-1833778,-842778
2011/02/10,0,977000,-4511000,-3534000
2011/02/11,0,599000,-6741000,-6142000
2011/02/14,0,1741000,-1401000,340000
2011/02/15,0,3204000,-3184000,20000
2011/02/16,0,1265000,-1106000,159000
2011/02/17,0,147000,-1471000,-1324000
2011/02/18,0,3075000,-1285000,1790000
2011/02/21,0,1166000,-679000,487000
2011/02/22,0,1311000,-2778000,-1467000
2011/02/23,0,1818000,-2740000,-922000
2011/02/24,0,1310000,-3088000,-1778000
2011/02/25,0,2474000,-1222000,1252000
2011/02/28,0,0,0,0
2011/03/01,0,1664000,-359000,1305000
2011/03/02,0,623000,-446000,177000
2011/03/03,0,2212000,-1560000,652000
2011/03/04,0,1128000,-450000,678000
2011/03/07,0,1375000,-353000,1022000
2011/03/08,0,719000,-531000,188000
2011/03/09,0,797000,-817929,-20929
2011/03/10,0,1124000,-367000,757000
2011/03/11,0,649000,-613000,36000
2011/03/14,0,2090000,-3441000,-1351000
2011/03/15,0,3132000,-3061000,71000
2011/03/16,0,1489000,-675000,814000
2011/03/17,0,1243000,-270000,973000
2011/03/18,0,1018000,-631000,387000
2011/03/21,0,635000,-969000,-334000
2011/03/22,0,1600000,-597000,1003000
2011/03/23,0,865000,-931000,-66000
2011/03/24,0,1628000,-1680000,-52000
2011/03/25,0,957000,-1348000,-391000
2011/03/28,0,843000,-173000,670000
2011/03/29,0,515000,-703000,-188000
2011/03/30,0,639000,-256000,383000
2011/03/31,0,1224000,-2644000,-1420000
2011/04/01,0,838000,-1026000,-188000
2011/04/04,0,0,0,0
2011/04/05,0,0,0,0
2011/04/06,0,1581000,-475000,1106000
2011/04/07,0,908000,-534000,374000
2011/04/08,0,885000,-1088000,-203000
2011/04/11,0,958000,-807315,150685
2011/04/12,0,1198000,-1087000,111000
2011/04/13,0,548000,-397000,151000
2011/04/14,0,873000,-1105000,-232000
2011/04/15,0,727000,-2436000,-1709000
2011/04/18,0,299000,-1896122,-1597122
2011/04/19,0,1292000,-43000,1249000
2011/04/20,0,1573000,-1325000,248000
2011/04/21,0,4338000,-1175000,3163000
2011/04/22,0,2629000,-1158000,1471000
2011/04/25,0,2568000,-458000,2110000
2011/04/26,0,497000,-4000000,-3503000
2011/04/27,0,3381000,-1323000,2058000
2011/04/28,0,1984000,-2217000,-233000
2011/04/29,0,648000,-3749000,-3101000
2011/05/02,0,0,0,0
2011/05/03,0,2396000,-669844,1726156
2011/05/04,0,2100000,-290000,1810000
2011/05/05,0,4380000,-397000,3983000
2011/05/06,0,4031000,-269000,3762000
2011/05/09,0,2370000,-808000,1562000
2011/05/10,0,2061000,-269000,1792000
2011/05/11,0,406000,-1919656,-1513656
2011/05/12,0,1739000,-683000,1056000
2011/05/13,0,1780000,-1820000,-40000
2011/05/16,0,1292000,-1030000,262000
2011/05/17,0,1443000,-889000,554000
2011/05/18,0,695000,-248000,447000
2011/05/19,0,1795000,-1311888,483112
2011/05/20,0,681000,-636000,45000
2011/05/23,0,342000,-3915000,-3573000
2011/05/24,0,1639000,-134000,1505000
2011/05/25,0,427000,-643000,-216000
2011/05/26,0,510000,-282000,228000
2011/05/27,0,1558000,-345000,1213000
2011/05/30,0,610000,-347000,263000
2011/05/31,0,3094000,-622000,2472000
2011/06/01,0,257000,-3549000,-3292000
2011/06/02,0,705000,-781000,-76000
2011/06/03,0,766000,-124000,642000
2011/06/06,0,0,0,0
2011/06/07,0,1691000,-614000,1077000
2011/06/08,0,548000,-707000,-159000
2011/06/09,0,480000,-862000,-382000
2011/06/10,0,924000,-2204000,-1280000
2011/06/13,0,867000,-1240000,-373000
2011/06/14,0,694000,-608000,86000
2011/06/15,0,1970000,-820000,1150000
2011/06/16,0,2306000,-491000,1815000
2011/06/17,0,509000,-669000,-160000
2011/06/20,0,2366000,-469000,1897000
2011/06/21,0,1614000,-2311000,-697000
2011/06/22,0,548000,-2005000,-1457000
2011/06/23,0,1291000,-467000,824000
2011/06/24,0,976000,-968000,8000
2011/06/27,0,1070000,-671000,399000
2011/06/28,0,183000,-954000,-771000
2011/06/29,0,1887000,-2175000,-288000
2011/06/30,0,489000,-1564000,-1075000
2011/07/01,0,2526000,-1517000,1009000
2011/07/04,0,554000,-1877000,-1323000
2011/07/05,0,727000,-3091000,-2364000
2011/07/06,0,456000,-308000,148000
2011/07/07,0,1731000,-174000,1557000
2011/07/08,0,628000,-2204000,-1576000
2011/07/11,0,451000,-533000,-82000
2011/07/12,0,795000,-779000,16000
2011/07/13,0,1514000,-686000,828000
2011/07/14,0,1242000,-62000,1180000
2011/07/15,0,2448000,-177000,2271000
2011/07/18,0,2353000,-624010,1728990
2011/07/19,0,564000,-787000,-223000
2011/07/20,0,1133000,-354000,779000
2011/07/21,0,892000,-999000,-107000
2011/07/22,0,1000000,-2412000,-1412000
2011/07/25,0,657000,-612000,45000
2011/07/26,0,2578000,-661000,1917000
2011/07/27,0,1200000,-1943000,-743000
2011/07/28,0,1409000,-1278000,131000
2011/07/29,0,944000,-870000,74000
2011/08/01,0,7076000,-1609000,5467000
2011/08/02,0,1640000,-926000,714000
2011/08/03,0,3725000,-3898000,-173000
2011/08/04,0,4030000,-3330000,700000
2011/08/05,0,6913000,-3313000,3600000
2011/08/08,0,6261000,-3489000,2772000
2011/08/09,0,7776000,-2582000,5194000
2011/08/10,0,1905000,-3234000,-1329000
2011/08/11,0,3153000,-1586941,1566059
2011/08/12,0,534000,-3511000,-2977000
2011/08/15,0,831000,-612000,219000
2011/08/16,0,117000,-392000,-275000
2011/08/17,0,1662000,-600000,1062000
2011/08/18,0,1394000,-294000,1100000
2011/08/19,0,2171000,-1351000,820000
2011/08/22,0,4128000,-2282446,1845554
2011/08/23,0,2254000,-2140000,114000
2011/08/24,0,1635000,-1809000,-174000
2011/08/25,0,844000,-1339000,-495000
2011/08/26,0,1398000,-813000,585000
2011/08/29,0,1653000,-882000,771000
2011/08/30,0,396000,-1862000,-1466000
2011/08/31,0,307000,-543000,-236000
2011/09/01,0,871000,-2104000,-1233000
2011/09/02,0,989000,-864000,125000
2011/09/05,0,566000,-2391000,-1825000
2011/09/06,0,1855000,-3405000,-1550000
2011/09/07,0,5313000,-1806000,3507000
2011/09/08,0,1271000,-2790000,-1519000
2011/09/09,0,1542000,-1439000,103000
2011/09/12,0,0,0,0
2011/09/13,0,1011000,-5002000,-3991000
2011/09/14,0,3004000,-2920000,84000
2011/09/15,0,2518000,-843000,1675000
2011/09/16,0,5218000,-1298000,3920000
2011/09/19,0,701000,-1783820,-1082820
2011/09/20,0,1075057,-2013400,-938343
2011/09/21,0,3786000,-710000,3076000
2011/09/22,0,1714000,-3036120,-1322120
2011/09/23,0,3562000,-2894000,668000
2011/09/26,0,3045000,-2653000,392000
2011/09/27,0,1578000,-1605060,-27060
2011/09/28,0,2851400,-2067040,784360
2011/09/29,0,3131000,-1677000,1454000
2011/09/30,0,2366000,-1664000,702000
2011/10/03,0,1880000,-2546000,-666000
2011/10/04,0,2822000,-353000,2469000
2011/10/05,0,939000,-422000,517000
2011/10/06,0,3587000,-915286,2671714
2011/10/07,0,2186000,-4246000,-2060000
2011/10/10,0,0,0,0
2011/10/11,0,2350000,-3263000,-913000
2011/10/12,0,1023000,-3105000,-2082000
2011/10/13,0,335000,-1487600,-1152600
2011/10/14,0,348000,-904000,-556000
2011/10/17,0,2893000,-463000,2430000
2011/10/18,0,697000,-1064208,-367208
2011/10/19,0,600000,-155000,445000
2011/10/20,0,1144765,-1421000,-276235
2011/10/21,0,1439114,-641000,798114
2011/10/24,0,3396041,-728000,2668041
2011/10/25,0,790000,-1247000,-457000
2011/10/26,0,1704000,-423000,1281000
2011/10/27,0,2397000,-2313000,84000
2011/10/28,0,2045000,-3235940,-1190940
2011/10/31,0,405000,-1345419,-940419
2011/11/01,0,1425000,-664000,761000
2011/11/02,0,1725000,-1004000,721000
2011/11/03,0,1237000,-2111000,-874000
2011/11/04,0,1550000,-629000,921000
2011/11/07,0,1144000,-372000,772000
2011/11/08,0,1255000,-622000,633000
2011/11/09,0,2060000,-526000,1534000
2011/11/10,0,5389000,-3532000,1857000
2011/11/11,0,1018000,-955000,63000
2011/11/14,0,1257000,-689000,568000
2011/11/15,0,450000,-285000,165000
2011/11/16,0,463000,-1304000,-841000
2011/11/17,0,2056000,-789600,1266400
2011/11/18,0,2796000,-275000,2521000
2011/11/21,0,3161000,-553000,2608000
2011/11/22,0,4635000,-969000,3666000
2011/11/23,0,2047000,-2041000,6000
2011/11/24,0,1861000,-2274000,-413000
2011/11/25,0,999000,-1218000,-219000
2011/11/28,0,1772000,-566000,1206000
2011/11/29,0,1213000,-417000,796000
2011/11/30,0,487000,-1513000,-1026000
2011/12/01,0,1835000,-3248000,-1413000
2011/12/02,0,3029000,-884000,2145000
2011/12/05,0,1718000,-492000,1226000
2011/12/06,0,1202000,-882000,320000
2011/12/07,0,1467000,-862000,605000
2011/12/08,0,1691000,-849000,842000
2011/12/09,0,1071000,-1077600,-6600
2011/12/12,0,761000,-1710000,-949000
2011/12/13,0,529000,-2003000,-1474000
2011/12/14,0,316000,-4321000,-4005000
2011/12/15,0,906000,-3128000,-2222000
2011/12/16,0,475000,-1065000,-590000
2011/12/19,0,1943000,-2733000,-790000
2011/12/20,0,1508000,-2774000,-1266000
2011/12/21,0,703000,-801000,-98000
2011/12/22,0,1853000,-2949000,-1096000
2011/12/23,0,1879000,-2306000,-427000
2011/12/26,0,1001000,-464000,537000
2011/12/27,0,670000,-294000,376000
2011/12/28,0,391000,-145000,246000
2011/12/29,0,586000,-235000,351000
2011/12/30,0,500000,-2433880,-1933880
2012/01/02,0,970000,-1247000,-277000
2012/01/03,0,403000,-778000,-375000
2012/01/04,0,440000,-490000,-50000
2012/01/05,0,438000,-281000,157000
2012/01/06,0,109000,-846000,-737000
2012/01/09,0,222000,-442000,-220000
2012/01/10,0,3672000,-1139000,2533000
2012/01/11,0,880000,-934000,-54000
2012/01/12,0,368000,-1221000,-853000
2012/01/13,0,654000,-1647000,-993000
2012/01/16,0,692000,-2920414,-2228414
2012/01/17,0,963000,-1407000,-444000
2012/01/18,0,696000,-982000,-286000
2012/01/19,0,0,0,0
2012/01/20,0,0,0,0
2012/01/23,0,0,0,0
2012/01/24,0,0,0,0
2012/01/25,0,0,0,0
2012/01/26,0,0,0,0
2012/01/27,0,0,0,0
2012/01/30,0,2101000,-460000,1641000
2012/01/31,0,2780000,-1424000,1356000
2012/02/01,0,1505000,-2691000,-1186000
2012/02/02,0,1758000,-3308000,-1550000
2012/02/03,0,2862000,-1427000,1435000
2012/02/06,0,1148000,-1959000,-811000
2012/02/07,0,2280000,-769000,1511000
2012/02/08,0,2619000,-777900,1841100
2012/02/09,0,1778000,-1331000,447000
2012/02/10,0,2347000,-2018000,329000
2012/02/13,0,1758000,-235000,1523000
2012/02/14,0,520000,-2485000,-1965000
2012/02/15,0,2600000,-638000,1962000
2012/02/16,0,1407000,-3354000,-1947000
2012/02/17,0,2231000,-3143000,-912000
2012/02/20,0,1656000,-1544000,112000
2012/02/21,0,997000,-2766000,-1769000
2012/02/22,0,1429000,-1009000,420000
2012/02/23,0,540000,-2047000,-1507000
2012/02/24,0,694000,-2541000,-1847000
2012/02/27,0,0,0,0
2012/02/28,0,0,0,0
2012/02/29,0,1926068,-3736000,-1809932
2012/03/01,0,591000,-2407000,-1816000
2012/03/02,0,849000,-710000,139000
2012/03/05,0,945000,-2293000,-1348000
2012/03/06,0,1880000,-524000,1356000
2012/03/07,0,513000,-1149000,-636000
2012/03/08,0,4015000,-915000,3100000
2012/03/09,0,742000,-2830000,-2088000
2012/03/12,0,398000,-976593,-578593
2012/03/13,0,1035000,-1039000,-4000
2012/03/14,0,1804000,-2713000,-909000
2012/03/15,0,2370000,-627000,1743000
2012/03/16,0,783000,-1332000,-549000
2012/03/19,0,604000,-2013000,-1409000
2012/03/20,0,395000,-4011000,-3616000
2012/03/21,0,65000,-2072000,-2007000
2012/03/22,0,966000,-479000,487000
2012/03/23,0,538000,-376000,162000
2012/03/26,0,448000,-1525000,-1077000
2012/03/27,0,177000,-310000,-133000
2012/03/28,0,109000,-1740000,-1631000
2012/03/29,0,358000,-951191,-593191
2012/03/30,0,559000,-156000,403000
2012/04/02,0,607000,-502000,105000
2012/04/03,0,1263000,-1596000,-333000
2012/04/04,0,0,0,0
2012/04/05,0,1127000,-2055000,-928000
2012/04/06,0,228000,-1425000,-1197000
2012/04/09,0,291000,-801000,-510000
2012/04/10,0,655000,-218000,437000
2012/04/11,0,820000,-365000,455000
2012/04/12,0,553000,-271000,282000
2012/04/13,0,367000,-407000,-40000
2012/04/16,0,106000,-309000,-203000
2012/04/17,0,189000,-862000,-673000
2012/04/18,0,2238000,-504000,1734000
2012/04/19,0,1306000,-862000,444000
2012/04/20,0,696000,-707000,-11000
2012/04/23,0,1032000,-1667000,-635000
2012/04/24,0,297000,-962000,-665000
2012/04/25,0,795000,-603000,192000
2012/04/26,0,436000,-950000,-514000
2012/04/27,0,390000,-953620,-563620
2012/04/30,0,472000,-647000,-175000
2012/05/01,0,0,0,0
2012/05/02,0,1187000,-216000,971000
2012/05/03,0,567000,-281000,286000
2012/05/04,0,770000,-500000,270000
2012/05/07,0,890000,-801000,89000
2012/05/08,0,620000,-523855,96145
2012/05/09,0,762000,-495800,266200
2012/05/10,0,422000,-376000,46000
2012/05/11,0,1430000,-141000,1289000
2012/05/14,0,409000,-518000,-109000
2012/05/15,0,1543000,-117000,1426000
2012/05/16,0,1791000,-360000,1431000
2012/05/17,0,650000,-859000,-209000
2012/05/18,0,1280000,-639000,641000
2012/05/21,0,787000,-472000,315000
2012/05/22,0,265000,-182000,83000
2012/05/23,0,924000,-323000,601000
2012/05/24,0,1953000,-894000,1059000
2012/05/25,0,449000,-268000,181000
2012/05/28,0,756000,-166000,590000
2012/05/29,0,279000,-606000,-327000
2012/05/30,0,222000,-460000,-238000
2012/05/31,0,751000,-565000,186000
2012/06/01,0,626000,-280000,346000
2012/06/04,0,1494000,-711000,783000
2012/06/05,0,448000,-366000,82000
2012/06/06,0,107000,-273200,-166200
2012/06/07,0,367000,-607020,-240020
2012/06/08,0,1157000,-496000,661000
2012/06/11,0,302000,-286000,16000
2012/06/12,0,446000,-714000,-268000
2012/06/13,0,684000,-589000,95000
2012/06/14,0,1146000,-145000,1001000
2012/06/15,0,2275000,-424537,1850463
2012/06/18,0,783000,-800000,-17000
2012/06/19,0,298000,-349000,-51000
2012/06/20,0,1459000,-910000,549000
2012/06/21,0,581000,-1604000,-1023000
2012/06/22,0,890000,-593000,297000
2012/06/25,0,971000,-760000,211000
2012/06/26,0,192000,-555000,-363000
2012/06/27,0,2467000,-1288359,1178641
2012/06/28,0,1376000,-525000,851000
2012/06/29,0,1779000,-514000,1265000
2012/07/02,0,1168000,-2675000,-1507000
2012/07/03,0,1127000,-2581000,-1454000
2012/07/04,0,793000,-1152000,-359000
2012/07/05,0,397000,-1226000,-829000
2012/07/06,0,158000,-457000,-299000
2012/07/09,0,184000,-292000,-108000
2012/07/10,0,111000,-233000,-122000
2012/07/11,0,2187000,-781000,1406000
2012/07/12,0,1103000,-886000,217000
2012/07/13,0,718000,-278000,440000
2012/07/16,0,330000,-469180,-139180
2012/07/17,0,1007000,-785000,222000
2012/07/18,0,578000,-1264569,-686569
2012/07/19,0,1288000,-935000,353000
2012/07/20,0,608000,-524000,84000
2012/07/23,0,1394000,-797000,597000
2012/07/24,0,1814000,-424000,1390000
2012/07/25,0,1171348,-824000,347348
2012/07/26,0,1656000,-1036000,620000
2012/07/27,0,637000,-1061000,-424000
2012/07/30,0,2772000,-1305000,1467000
2012/07/31,0,1091000,-1350000,-259000
2012/08/01,0,1416000,-667000,749000
2012/08/02,0,0,0,0
2012/08/03,0,21004000,-1050000,19954000
2012/08/06,0,21427000,-1008000,20419000
2012/08/07,0,15163000,-399000,14764000
2012/08/08,0,530000,-24718000,-24188000
2012/08/09,0,574000,-22716000,-22142000
2012/08/10,0,1163000,-12260000,-11097000
2012/08/13,0,313000,-564000,-251000
2012/08/14,0,1555000,-581000,974000
2012/08/15,0,1170000,-2016000,-846000
2012/08/16,0,1400000,-584000,816000
2012/08/17,0,2018000,-1079000,939000
2012/08/20,0,537000,-210000,327000
2012/08/21,0,2490000,-2785000,-295000
2012/08/22,0,936000,-989000,-53000
2012/08/23,0,1272000,-536000,736000
2012/08/24,0,491000,-617000,-126000
2012/08/27,0,572000,-851000,-279000
2012/08/28,0,323000,-1409000,-1086000
2012/08/29,0,236000,-221000,15000
2012/08/30,0,1309000,-2319000,-1010000
2012/08/31,0,720000,-225000,495000
2012/09/03,0,1577000,-3131000,-1554000
2012/09/04,0,542000,-1318000,-776000
2012/09/05,0,747000,-1064000,-317000
2012/09/06,0,385000,-683210,-298210
2012/09/07,0,203000,-675355,-472355
2012/09/10,0,71000,-800645,-729645
2012/09/11,0,372000,-749560,-377560
2012/09/12,0,1316000,-678345,637655
2012/09/13,0,670000,-465500,204500
2012/09/14,0,5631000,-989535,4641465
2012/09/17,0,1704000,-2421000,-717000
2012/09/18,0,1285000,-4182000,-2897000
2012/09/19,0,930000,-1314913,-384913
2012/09/20,0,1389000,-2428000,-1039000
2012/09/21,0,988000,-1131000,-143000
2012/09/24,0,1014000,-547000,467000
2012/09/25,0,244000,-828000,-584000
2012/09/26,0,505000,-856750,-351750
2012/09/27,0,236000,-566000,-330000
2012/09/28,0,872000,-499000,373000
2012/10/01,0,717000,-1277000,-560000
2012/10/02,0,320000,-344840,-24840
2012/10/03,0,1228000,-754810,473190
2012/10/04,0,713000,-524000,189000
2012/10/05,0,935000,-545000,390000
2012/10/08,0,517500,-1137000,-619500
2012/10/09,0,300250,-576000,-275750
2012/10/10,0,0,0,0
2012/10/11,0,685000,-813200,-128200
2012/10/12,0,523000,-686000,-163000
2012/10/15,0,618000,-512000,106000
2012/10/16,0,353000,-369000,-16000
2012/10/17,0,760000,-1605000,-845000
2012/10/18,0,314000,-883000,-569000
2012/10/19,0,405000,-363000,42000
2012/10/22,0,192000,-289000,-97000
2012/10/23,0,62000,-430000,-368000
2012/10/24,0,945000,-202000,743000
2012/10/25,0,509000,-503000,6000
2012/10/26,0,438000,-1136000,-698000
2012/10/29,0,511000,-189000,322000
2012/10/30,0,455000,-64008,390992
2012/10/31,0,796000,-102000,694000
2012/11/01,0,350000,-694000,-344000
2012/11/02,0,249000,-332000,-83000
2012/11/05,0,258000,-77000,181000
2012/11/06,0,471500,-14000,457500
2012/11/07,0,233000,-283000,-50000
2012/11/08,0,280000,-1765000,-1485000
2012/11/09,0,584000,-456000,128000
2012/11/12,0,230000,-320000,-90000
2012/11/13,0,297000,-628000,-331000
2012/11/14,0,244000,-787000,-543000
2012/11/15,0,375000,-390000,-15000
2012/11/16,0,571000,-1321000,-750000
2012/11/19,0,363000,-127000,236000
2012/11/20,0,760000,-453000,307000
2012/11/21,0,646000,-630000,16000
2012/11/22,0,505000,-183000,322000
2012/11/23,0,763000,-589000,174000
2012/11/26,0,1025000,-1194000,-169000
2012/11/27,0,219000,-428000,-209000
2012/11/28,0,979000,-738000,241000
2012/11/29,0,834000,-908000,-74000
2012/11/30,0,1236000,-700000,536000
2012/12/03,0,637000,-211000,426000
2012/12/04,0,580000,-133000,447000
2012/12/05,0,1181000,-911210,269790
2012/12/06,0,442000,-494000,-52000
2012/12/07,0,237000,-231000,6000
2012/12/10,0,703000,-403000,300000
2012/12/11,0,1634000,-877000,757000
2012/12/12,0,1940000,-873000,1067000
2012/12/13,0,910000,-977200,-67200
2012/12/14,0,190000,-1271000,-1081000
2012/12/17,0,128000,-1528000,-1400000
2012/12/18,0,130000,-287000,-157000
2012/12/19,0,1156000,-1197000,-41000
2012/12/20,0,193000,-1430000,-1237000
2012/12/21,0,159000,-1008000,-849000
2012/12/24,0,185000,-240000,-55000
2012/12/25,0,133000,-301000,-168000
2012/12/26,0,185000,-111000,74000
2012/12/27,0,136004,-436000,-299996
2012/12/28,0,140143,-953000,-812857
2012/12/31,0,0,0,0
2013/01/01,0,0,0,0
2013/01/02,0,360000,-904000,-544000
2013/01/03,0,3022000,-524278,2497722
2013/01/04,0,602000,-390443,211557
2013/01/07,0,1130000,-98000,1032000
2013/01/08,0,292000,-24046,267954
2013/01/09,0,703000,-2545220,-1842220
2013/01/10,0,1139000,-757000,382000
2013/01/11,0,364000,-376000,-12000
2013/01/14,0,407000,-1122000,-715000
2013/01/15,0,260000,-509000,-249000
2013/01/16,0,217000,-758000,-541000
2013/01/17,0,303000,-412000,-109000
2013/01/18,0,383000,-378000,5000
2013/01/21,0,301000,-539000,-238000
2013/01/22,0,347000,-165000,182000
2013/01/23,0,311000,-169000,142000
2013/01/24,0,649000,-723000,-74000
2013/01/25,0,1113000,-520000,593000
2013/01/28,0,911000,-288000,623000
2013/01/29,0,935000,-480000,455000
2013/01/30,0,214000,-1598000,-1384000
2013/01/31,0,615000,-952000,-337000
2013/02/01,0,335000,-379000,-44000
2013/02/04,0,4051000,-2174000,1877000
2013/02/05,0,2654000,-2224000,430000
2013/02/06,0,875000,-2903000,-2028000
2013/02/07,0,0,0,0
2013/02/08,0,0,0,0
2013/02/11,0,0,0,0
2013/02/12,0,0,0,0
2013/02/13,0,0,0,0
2013/02/14,0,0,0,0
2013/02/15,0,0,0,0
2013/02/18,0,2169000,-2223000,-54000
2013/02/19,0,1993000,-646000,1347000
2013/02/20,0,1168000,-2043000,-875000
2013/02/21,0,785000,-1199000,-414000
2013/02/22,0,1571000,-457000,1114000
2013/02/25,0,3206000,-925000,2281000
2013/02/26,0,389000,-979000,-590000
2013/02/27,0,313000,-2759000,-2446000
2013/02/28,0,0,0,0
2013/03/01,0,1387000,-1186000,201000
2013/03/04,0,289000,-521000,-232000
2013/03/05,0,1360000,-1031000,329000
2013/03/06,0,374000,-992000,-618000
2013/03/07,0,754000,-692000,62000
2013/03/08,0,2993000,-1740000,1253000
2013/03/11,0,946000,-2014000,-1068000
2013/03/12,0,1051000,-852000,199000
2013/03/13,0,558000,-1746001,-1188001
2013/03/14,0,369000,-1558602,-1189602
2013/03/15,0,138000,-1527000,-1389000
2013/03/18,0,1318000,-1415000,-97000
2013/03/19,0,137000,-473000,-336000
2013/03/20,0,1389000,-885000,504000
2013/03/21,0,718000,-919000,-201000
2013/03/22,0,926000,-537000,389000
2013/03/25,0,1762000,-996000,766000
2013/03/26,0,904000,-685000,219000
2013/03/27,0,966000,-236000,730000
2013/03/28,0,1033000,-1950000,-917000
2013/03/29,0,982000,-1282000,-300000
2013/04/01,0,551000,-1249000,-698000
2013/04/02,0,318000,-3534000,-3216000
2013/04/03,0,580000,-685000,-105000
2013/04/04,0,0,0,0
2013/04/05,0,0,0,0
2013/04/08,0,697000,-954000,-257000
2013/04/09,0,332000,-1314000,-982000
2013/04/10,0,1029000,-131000,898000
2013/04/11,0,907000,-837000,70000
2013/04/12,0,371000,-477000,-106000
2013/04/15,0,809000,-501000,308000
2013/04/16,0,1905000,-1131000,774000
2013/04/17,0,986000,-1250000,-264000
2013/04/18,0,274000,-899000,-625000
2013/04/19,0,640000,-647000,-7000
2013/04/22,0,218000,-511000,-293000
2013/04/23,0,131000,-252000,-121000
2013/04/24,0,235000,-881000,-646000
2013/04/25,0,75000,-211000,-136000
2013/04/26,0,365000,-270000,95000
2013/04/29,0,518000,-429000,89000
2013/04/30,0,1193000,-209245,983755
2013/05/01,0,0,0,0
2013/05/02,0,984000,-252000,732000
2013/05/03,0,210000,-491000,-281000
2013/05/06,0,264000,-887000,-623000
2013/05/07,0,115000,-617000,-502000
2013/05/08,0,72000,-950000,-878000
2013/05/09,0,185000,-704000,-519000
2013/05/10,0,319000,-316000,3000
2013/05/13,0,8000,-342000,-334000
2013/05/14,0,131000,-378000,-247000
2013/05/15,0,470000,-187000,283000
2013/05/16,0,1800000,-731000,1069000
2013/05/17,0,1307000,-412000,895000
2013/05/20,0,335000,-194000,141000
2013/05/21,0,396000,-1059000,-663000
2013/05/22,0,80000,-1188000,-1108000
2013/05/23,0,80000,-2881000,-2801000
2013/05/24,0,70000,-1042000,-972000
2013/05/27,0,52000,-272000,-220000
2013/05/28,0,100000,-326000,-226000
2013/05/29,0,381000,-343000,38000
2013/05/30,0,1885000,-988000,897000
2013/05/31,0,84000,-654000,-570000
2013/06/03,0,98000,-192000,-94000
2013/06/04,0,35000,-405000,-370000
2013/06/05,0,528000,-194000,334000
2013/06/06,0,113000,-329000,-216000
2013/06/07,0,1052000,-459000,593000
2013/06/10,0,174000,-491000,-317000
2013/06/11,0,110000,-691000,-581000
2013/06/12,0,0,0,0
2013/06/13,0,329000,-296000,33000
2013/06/14,0,203000,-38000,165000
2013/06/17,0,125000,-99000,26000
2013/06/18,0,356000,-113303,242697
2013/06/19,0,312000,-289000,23000
2013/06/20,0,56311,-282009,-225698
2013/06/21,0,1144000,-205000,939000
2013/06/24,0,370000,-633000,-263000
2013/06/25,0,1331000,-688000,643000
2013/06/26,0,221000,-1911000,-1690000
2013/06/27,0,211000,-163722,47278
2013/06/28,0,65000,-679000,-614000
2013/07/01,0,60000,-1044000,-984000
2013/07/02,0,9000,-164000,-155000
2013/07/03,0,107000,-1237000,-1130000
2013/07/04,0,167000,-69000,98000
2013/07/05,0,157000,-120000,37000
2013/07/08,0,84000,-121000,-37000
2013/07/09,0,212000,-296000,-84000
2013/07/10,0,408000,-571000,-163000
2013/07/11,0,270000,-530000,-260000
2013/07/12,0,596000,-255000,341000
2013/07/15,0,299000,-447000,-148000
2013/07/16,0,324000,-343000,-19000
2013/07/17,0,2140000,-386000,1754000
2013/07/18,0,700000,-356000,344000
2013/07/19,0,382000,-339000,43000
2013/07/22,0,358000,-107000,251000
2013/07/23,0,2129000,-973000,1156000
2013/07/24,0,101000,-2639000,-2538000
2013/07/25,0,1429000,-228000,1201000
2013/07/26,0,773000,-51000,722000
2013/07/29,0,42000,-181000,-139000
2013/07/30,0,767000,-122000,645000
2013/07/31,0,555000,-377000,178000
2013/08/01,0,232000,-864000,-632000
2013/08/02,0,430000,-80000,350000
2013/08/05,0,32545000,-128000,32417000
2013/08/06,0,32314000,-549000,31765000
2013/08/07,0,176000,-705000,-529000
2013/08/08,0,32547000,-70000,32477000
2013/08/09,0,33032000,-958000,32074000
2013/08/12,0,5745000,-255000,5490000
2013/08/13,0,581000,-37543000,-36962000
2013/08/14,0,223000,-33409000,-33186000
2013/08/15,0,490000,-32664000,-32174000
2013/08/16,0,330000,-32548000,-32218000
2013/08/19,0,68000,-607451,-539451
2013/08/20,0,758000,-280000,478000
2013/08/21,0,0,0,0
2013/08/22,0,752000,-761000,-9000
2013/08/23,0,606000,-342000,264000
2013/08/26,0,211000,-364788,-153788
2013/08/27,0,239000,-374000,-135000
2013/08/28,0,127000,-388000,-261000
2013/08/29,0,182000,-50000,132000
2013/08/30,0,134000,-139000,-5000
2013/09/02,0,48000,-5000,43000
2013/09/03,0,990000,-262000,728000
2013/09/04,0,487000,-338000,149000
2013/09/05,0,1369000,-510000,859000
2013/09/06,0,922000,-972000,-50000
2013/09/09,0,125000,-1480000,-1355000
2013/09/10,0,10000,-801000,-791000
2013/09/11,0,413000,-302000,111000
2013/09/12,0,98000,-325000,-227000
2013/09/13,0,49000,-379000,-330000
2013/09/16,0,308000,-385000,-77000
2013/09/17,0,191000,-740000,-549000
2013/09/18,0,325000,-536000,-211000
2013/09/19,0,0,0,0
2013/09/20,0,0,0,0
2013/09/23,0,289000,-99770,189230
2013/09/24,0,110000,-319000,-209000
2013/09/25,0,126000,-375890,-249890
2013/09/26,0,176000,-604000,-428000
2013/09/27,0,149000,-223000,-74000
2013/09/30,0,469000,-55000,414000
2013/10/01,0,130000,-101000,29000
2013/10/02,0,366000,-241000,125000
2013/10/03,0,833000,-238000,595000
2013/10/04,0,777000,-170000,607000
2013/10/07,0,144000,-682000,-538000
2013/10/08,0,595000,-158000,437000
2013/10/09,0,218000,-693000,-475000
2013/10/10,0,0,0,0
2013/10/11,0,149000,-338000,-189000
2013/10/14,0,235000,-273000,-38000
2013/10/15,0,88000,-190000,-102000
2013/10/16,0,201000,-279000,-78000
2013/10/17,0,116000,-286000,-170000
2013/10/18,0,29000,-193000,-164000
2013/10/21,0,400000,-138000,262000
2013/10/22,0,243000,-333000,-90000
2013/10/23,0,8000,-1046000,-1038000
2013/10/24,0,1931000,-97000,1834000
2013/10/25,0,1446000,-1735000,-289000
2013/10/28,0,5940000,-640211,5299789
2013/10/29,0,378000,-5839000,-5461000
2013/10/30,0,24000,-1255000,-1231000
2013/10/31,0,76000,-1007000,-931000
2013/11/01,0,287000,-224000,63000
2013/11/04,0,283000,-96602,186398
2013/11/05,0,111000,-183000,-72000
2013/11/06,0,186000,-105000,81000
2013/11/07,0,15000,-76000,-61000
2013/11/08,0,338000,-49000,289000
2013/11/11,0,792000,-86000,706000
2013/11/12,0,743000,-50000,693000
2013/11/13,0,424000,-119000,305000
2013/11/14,0,353000,-203000,150000
2013/11/15,0,162000,-10000,152000
2013/11/18,0,275000,-137000,138000
2013/11/19,0,278000,-152000,126000
2013/11/20,0,938000,-680000,258000
2013/11/21,0,560000,-182000,378000
2013/11/22,0,101000,-511000,-410000
2013/11/25,0,1197000,-214000,983000
2013/11/26,0,299000,-523000,-224000
2013/11/27,0,21000,-307000,-286000
2013/11/28,0,517000,-148000,369000
2013/11/29,0,448000,-383000,65000
2013/12/02,0,63000,-584000,-521000
2013/12/03,0,25000,-208000,-183000
2013/12/04,0,89000,-337000,-248000
2013/12/05,0,45000,-1083000,-1038000
2013/12/06,0,30000,-133000,-103000
2013/12/09,0,205000,-145000,60000
2013/12/10,0,45000,-535000,-490000
2013/12/11,0,262000,-623000,-361000
2013/12/12,0,39000,-542000,-503000
2013/12/13,0,71000,-184000,-113000
2013/12/16,0,318000,-1557000,-1239000
2013/12/17,0,213000,-659000,-446000
2013/12/18,0,1006000,-1766000,-760000
2013/12/19,0,6966000,-167625,6798375
2013/12/20,0,247000,-4278391,-4031391
2013/12/23,0,2716000,-802028,1913972
2013/12/24,0,89000,-2126272,-2037272
2013/12/25,0,226447,-897000,-670553
2013/12/26,0,452000,-715000,-263000
2013/12/27,0,225000,-811000,-586000
2013/12/30,0,1674000,-1211000,463000
2013/12/31,0,544000,-1864000,-1320000
2014/01/02,0,322000,-1176000,-854000
2014/01/03,0,68000,-243000,-175000
2014/01/06,0,192000,-479000,-287000
2014/01/07,0,506000,-291048,214952
2014/01/08,0,517000,-681000,-164000
2014/01/09,0,205000,-530000,-325000
2014/01/10,0,30000,-215000,-185000
2014/01/13,0,90000,-95000,-5000
2014/01/14,0,70000,-50000,20000
2014/01/15,0,1877179,-1233000,644179
2014/01/16,0,322000,-371000,-49000
2014/01/17,0,149000,-351000,-202000
2014/01/20,0,348000,-775000,-427000
2014/01/21,0,326000,-168000,158000
2014/01/22,0,0,-493000,-493000
2014/01/23,0,20000,-353000,-333000
2014/01/24,0,35000,-918000,-883000
2014/01/27,0,149000,-471000,-322000
2014/02/05,0,259000,-398000,-139000
2014/02/06,0,112000,-698096,-586096
2014/02/07,0,55000,-518000,-463000
2014/02/10,0,0,-55000,-55000
2014/02/11,0,0,-211011,-211011
2014/02/12,0,210000,-54000,156000
2014/02/13,0,243000,-122000,121000
2014/02/14,0,299000,-276000,23000
2014/02/17,0,22000,-200000,-178000
2014/02/18,0,710000,-153000,557000
2014/02/19,0,143000,-545000,-402000
2014/02/20,0,33000,-423000,-390000
2014/02/21,0,1930000,-654000,1276000
2014/02/24,0,428000,-668000,-240000
2014/02/25,0,159802,-417000,-257198
2014/02/26,0,375000,-344000,31000
2014/02/27,0,124000,-480000,-356000
2014/03/03,0,71000,-1013000,-942000
2014/03/04,0,406000,-46000,360000
2014/03/05,0,131000,-260000,-129000
2014/03/06,0,362000,-116000,246000
2014/03/07,0,320000,-1179000,-859000
2014/03/10,0,523000,-172000,351000
2014/03/11,0,26000,-38000,-12000
2014/03/12,0,78000,-64000,14000
2014/03/13,0,316000,-330000,-14000
2014/03/14,0,142000,-303000,-161000
2014/03/17,0,386000,-262000,124000
2014/03/18,0,537000,-130000,407000
2014/03/19,0,82000,-328600,-246600
2014/03/20,0,53000,-616000,-563000
2014/03/21,0,416000,-113000,303000
2014/03/24,0,289000,-77000,212000
2014/03/25,0,12000,-243081,-231081
2014/03/26,0,104000,-228000,-124000
2014/03/27,0,81000,-372000,-291000
2014/03/28,0,106000,-200000,-94000
2014/03/31,0,0,-358000,-358000
2014/04/01,0,189000,-130000,59000
2014/04/02,0,135000,-49000,86000
2014/04/03,0,215000,-34000,181000
2014/04/07,0,581000,-68000,513000
2014/04/08,0,803000,-26000,777000
2014/04/09,0,15000,-66000,-51000
2014/04/10,0,131000,-251000,-120000
2014/04/11,0,204000,-147000,57000
2014/04/14,0,274000,-188000,86000
2014/04/15,0,397000,-138305,258695
2014/04/16,0,166000,-1168662,-1002662
2014/04/17,0,74000,-211000,-137000
2014/04/18,0,0,-151000,-151000
2014/04/21,0,94000,-354000,-260000
2014/04/22,0,50000,-163000,-113000
2014/04/23,0,31000,-760000,-729000
2014/04/24,0,65000,-815000,-750000
2014/04/25,0,682000,-1003000,-321000
2014/04/28,0,454000,-430000,24000
2014/04/29,0,98000,-544000,-446000
2014/04/30,0,19000,-196000,-177000
2014/05/02,0,0,-213000,-213000
2014/05/05,0,112000,-595000,-483000
2014/05/06,0,416000,-585000,-169000
2014/05/07,0,437000,-623000,-186000
2014/05/08,0,448000,-414144,33856
2014/05/09,0,43000,-296000,-253000
2014/05/12,0,251000,-76000,175000
2014/05/13,0,20000,-543703,-523703
2014/05/14,0,195000,-28000,167000
2014/05/15,0,27000,-66000,-39000
2014/05/16,0,25000,-74000,-49000
2014/05/19,0,346000,-20000,326000
2014/05/20,0,192000,-96000,96000
2014/05/21,0,190000,-94000,96000
2014/05/22,0,61000,-195000,-134000
2014/05/23,0,203000,-170000,33000
2014/05/26,0,135000,-154000,-19000
2014/05/27,0,32000,-168000,-136000
2014/05/28,0,887000,-53000,834000
2014/05/29,0,433000,-85165,347835
2014/05/30,0,85000,-630000,-545000
2014/06/03,0,158000,-92000,66000
2014/06/04,0,0,-319000,-319000
2014/06/05,0,27808,-388000,-360192
2014/06/06,0,50000,-25000,25000
2014/06/09,0,4759,0,4759
2014/06/10,0,1000,-262000,-261000
2014/06/11,0,776000,-63000,713000
2014/06/12,0,197000,-68000,129000
2014/06/13,0,45000,-40000,5000
2014/06/16,0,112000,-1504000,-1392000
2014/06/17,0,326000,-65000,261000
2014/06/18,0,344000,-602000,-258000
2014/06/19,0,488000,-194000,294000
2014/06/20,0,371000,-427000,-56000
2014/06/23,0,135000,-113000,22000
2014/06/24,0,36000,-175000,-139000
2014/06/25,0,100000,-10000,90000
2014/06/26,0,133000,-112000,21000
2014/06/27,0,18000,-2000,16000
2014/06/30,0,489000,-548000,-59000
2014/07/01,0,562000,-171000,391000
2014/07/02,0,68000,-587000,-519000
2014/07/03,0,233000,-175000,58000
2014/07/04,0,499000,-126000,373000
2014/07/07,0,37000,-156000,-119000
2014/07/08,0,464000,-288000,176000
2014/07/09,0,627000,-185000,442000
2014/07/10,0,1097000,-261000,836000
2014/07/11,0,593000,-541000,52000
2014/07/14,0,738000,-318000,420000
2014/07/15,0,4756000,-1351000,3405000
2014/07/16,0,1675000,-3506064,-1831064
2014/07/17,0,667000,-821000,-154000
2014/07/18,0,51000,-72000,-21000
2014/07/21,0,117000,-317000,-200000
2014/07/22,0,260000,-405000,-145000
2014/07/23,0,0,0,0
2014/07/24,0,264000,-239000,25000
2014/07/25,0,440000,-384000,56000
2014/07/28,0,25000,-379000,-354000
2014/07/29,0,1249000,-872000,377000
2014/07/30,0,290000,-265000,25000
2014/07/31,0,547000,-352000,195000
2014/08/01,0,121000,-80000,41000
2014/08/04,0,112000,-88000,24000
2014/08/05,0,468000,-2650000,-2182000
2014/08/06,0,32553000,-604000,31949000
2014/08/07,0,32015000,-691000,31324000
2014/08/08,0,32829000,-252000,32577000
2014/08/11,0,33146000,-66000,33080000
2014/08/12,0,4815000,-1550000,3265000
2014/08/13,0,12000,-37556000,-37544000
2014/08/14,0,60000,-33035000,-32975000
2014/08/15,0,16000,-32165000,-32149000
2014/08/18,0,29000,-32125000,-32096000
2014/08/19,0,350000,-164000,186000
2014/08/20,0,1350000,-677000,673000
2014/08/21,0,742000,-17000,725000
2014/08/22,0,2605000,-91000,2514000
2014/08/25,0,458000,-663000,-205000
2014/08/26,0,157000,-1627000,-1470000
2014/08/27,0,362000,-1328000,-966000
2014/08/28,0,835000,-104000,731000
2014/08/29,0,776000,-199000,577000
2014/09/01,0,113000,-506000,-393000
2014/09/02,0,519000,-300000,219000
2014/09/03,0,281000,-1077000,-796000
2014/09/04,0,195000,-184000,11000
2014/09/05,0,809000,0,809000
2014/09/09,0,186000,-984000,-798000
2014/09/10,0,71000,-999000,-928000
2014/09/11,0,313000,-309000,4000
2014/09/12,0,138000,-435000,-297000
2014/09/15,0,75000,-1062000,-987000
2014/09/16,0,169000,-50000,119000
2014/09/17,0,1008000,-402000,606000
2014/09/18,0,399000,-251000,148000
2014/09/19,0,603000,-422000,181000
2014/09/22,0,134000,-524000,-390000
2014/09/23,0,1063000,-70000,993000
2014/09/24,0,597000,-360715,236285
2014/09/25,0,80000,-1141000,-1061000
2014/09/26,0,253000,-635000,-382000
2014/09/29,0,159000,-173861,-14861
2014/09/30,0,91000,-727000,-636000
2014/10/01,0,162000,-124000,38000
2014/10/02,0,587000,-131000,456000
2014/10/03,0,628000,-471000,157000
2014/10/06,0,87000,-301000,-214000
2014/10/07,0,448000,-178000,270000
2014/10/08,0,363000,-717000,-354000
2014/10/09,0,336000,-999000,-663000
2014/10/13,0,244000,-920000,-676000
2014/10/14,0,364000,-517000,-153000
2014/10/15,0,109000,-861000,-752000
2014/10/16,0,164000,-71000,93000
2014/10/17,0,78000,-660000,-582000
2014/10/20,0,158000,-324000,-166000
2014/10/21,0,59000,-304000,-245000
2014/10/22,0,691000,0,691000
2014/10/23,0,435000,-70819,364181
2014/10/24,0,225000,-656000,-431000
2014/10/27,0,217000,-140000,77000
2014/10/28,0,388000,-540000,-152000
2014/10/29,0,97000,-181000,-84000
2014/10/30,0,110000,-34000,76000
2014/10/31,0,51000,-3000,48000
2014/11/03,0,65000,-38000,27000
2014/11/04,0,14000,-4000,10000
2014/11/05,0,130000,-220000,-90000
2014/11/06,0,679000,-182822,496178
2014/11/07,0,143000,-10000,133000
2014/11/10,0,222000,-51000,171000
2014/11/11,0,223000,-140000,83000
2014/11/12,0,381000,-86000,295000
2014/11/13,0,41000,-123000,-82000
2014/11/14,0,20000,-114000,-94000
2014/11/17,0,234000,-131000,103000
2014/11/18,0,418000,-203000,215000
2014/11/19,0,113000,-68000,45000
2014/11/20,0,1572000,-214000,1358000
2014/11/21,0,296000,-362000,-66000
2014/11/24,0,67000,-121000,-54000
2014/11/25,0,16000,-49000,-33000
2014/11/26,0,94000,-20000,74000
2014/11/27,0,61000,-74000,-13000
2014/11/28,0,22000,-89000,-67000
2014/12/01,0,26000,-968000,-942000
2014/12/02,0,150000,-599000,-449000
2014/12/03,0,977000,-13332,963668
2014/12/04,0,70000,-610000,-540000
2014/12/05,0,25000,-96370,-71370
2014/12/08,0,0,-186000,-186000
2014/12/09,0,5000,-250000,-245000
2014/12/10,0,59000,-223000,-164000
2014/12/11,0,105000,-208000,-103000
2014/12/12,0,316000,-91000,225000
2014/12/15,0,134000,-24000,110000
2014/12/16,0,479000,-106000,373000
2014/12/17,0,603000,-120000,483000
2014/12/18,0,18000,-476000,-458000
2014/12/19,0,422000,-97000,325000
2014/12/22,0,153000,-95000,58000
2014/12/23,0,112000,-72000,40000
2014/12/24,0,30000,-60000,-30000
2014/12/25,0,37000,-73000,-36000
2014/12/26,0,165000,0,165000
2014/12/29,0,65000,-81000,-16000
2014/12/30,0,29000,-106000,-77000
2014/12/31,0,77000,-65000,12000
2015/01/01,0,0,0,0
2015/01/02,0,0,0,0
2015/01/05,0,5000,-58000,-53000
2015/01/06,0,0,-130000,-130000
2015/01/07,0,0,-94000,-94000
2015/01/08,0,0,-37000,-37000
2015/01/09,0,255000,-3000,252000
2015/01/12,0,5000,-84000,-79000
2015/01/13,0,1481000,-44000,1437000
2015/01/14,0,100000,-305000,-205000
2015/01/15,0,115000,-55000,60000
2015/01/16,0,6000,-430036,-424036
2015/01/19,0,0,-80000,-80000
2015/01/20,0,274000,-39000,235000
2015/01/21,0,1000,-22021,-21021
2015/01/22,0,925000,-53000,872000
2015/01/23,0,1842000,-72000,1770000
2015/01/26,0,30000,-1158000,-1128000
2015/01/27,0,70000,-13000,57000
2015/01/28,0,126000,-53000,73000
2015/01/29,0,43000,-153000,-110000
2015/01/30,0,145000,-65000,80000
2015/02/02,0,570000,0,570000
2015/02/03,0,96000,0,96000
2015/02/04,0,506000,-12022,493978
2015/02/05,0,77000,-90022,-13022
2015/02/06,0,214000,-50000,164000
2015/02/09,0,100000,-10000,90000
2015/02/10,0,651000,-35000,616000
2015/02/11,0,90000,-124000,-34000
2015/02/12,0,40000,-108000,-68000
2015/02/13,0,43000,-383000,-340000
2015/02/16,0,0,0,0
2015/02/17,0,0,0,0
2015/02/18,0,0,0,0
2015/02/19,0,0,0,0
2015/02/20,0,0,0,0
2015/02/23,0,0,0,0
2015/02/24,0,295000,-609594,-314594
2015/02/25,0,671000,-124000,547000
2015/02/26,0,823000,-513000,310000
2015/02/27,0,0,0,0
2015/03/02,0,269000,-306000,-37000
2015/03/03,0,60000,-8000,52000
2015/03/04,0,93000,-30000,63000
2015/03/05,0,94000,-416992,-322992
2015/03/06,0,92000,-77000,15000
2015/03/09,0,70000,-56761,13239
2015/03/10,0,256000,-700000,-444000
2015/03/11,0,157000,-546000,-389000
2015/03/12,0,40663,-307001,-266338
2015/03/13,0,103000,-174000,-71000
2015/03/16,0,487000,-13000,474000
2015/03/17,0,87000,-60000,27000
2015/03/18,0,438000,-23000,415000
2015/03/19,0,990000,-630000,360000
2015/03/20,0,83000,-46000,37000
2015/03/23,0,124000,-410000,-286000
2015/03/24,0,20000,-61000,-41000
2015/03/25,0,114000,-100022,13978
2015/03/26,0,97000,-121000,-24000
2015/03/27,0,283000,-22000,261000
2015/03/30,0,3239000,-850000,2389000
2015/03/31,0,163000,-2632000,-2469000
2015/04/01,0,68000,-778000,-710000
2015/04/02,0,466000,-184000,282000
2015/04/03,0,0,0,0
2015/04/06,0,0,0,0
2015/04/07,0,403000,-219000,184000
2015/04/08,0,339000,-77000,262000
2015/04/09,0,236000,-859000,-623000
2015/04/10,0,34000,-201000,-167000
2015/04/13,0,179000,-67000,112000
2015/04/14,0,81000,-434000,-353000
2015/04/15,0,235000,-522000,-287000
2015/04/16,0,60000,-1254000,-1194000
2015/04/17,0,72000,-58000,14000
2015/04/20,0,85000,-167000,-82000
2015/04/21,0,47000,-203000,-156000
2015/04/22,0,80000,-75663,4337
2015/04/23,0,8476000,-1116000,7360000
2015/04/24,0,3705000,-4058000,-353000
2015/04/27,0,2234000,-982000,1252000
2015/04/28,0,3362000,-375000,2987000
2015/04/29,0,2996000,-2391000,605000
2015/04/30,0,400000,-2159000,-1759000
2015/05/01,0,0,0,0
2015/05/04,0,2462000,-51000,2411000
2015/05/05,0,624000,-1170000,-546000
2015/05/06,0,94000,-822000,-728000
2015/05/07,0,104000,-1083000,-979000
2015/05/08,0,201000,-437000,-236000
2015/05/11,0,568000,-264000,304000
2015/05/12,0,265000,-267000,-2000
2015/05/13,0,2283000,-238000,2045000
2015/05/14,0,330000,-2113000,-1783000
2015/05/15,0,195000,-923000,-728000
2015/05/18,0,72000,-2408000,-2336000
2015/05/19,0,187000,-169000,18000
2015/05/20,0,725000,-763000,-38000
2015/05/21,0,213480,-1915000,-1701520
2015/05/22,0,61000,-357000,-296000
2015/05/25,0,130000,-378000,-248000
2015/05/26,0,85000,-312201,-227201
2015/05/27,0,40000,-170000,-130000
2015/05/28,0,37000,-29000,8000
2015/05/29,0,39000,-12000,27000
2015/06/01,0,178000,-280000,-102000
2015/06/02,0,0,-293000,-293000
2015/06/03,0,2000,-191000,-189000
2015/06/04,0,93000,-2256000,-2163000
2015/06/05,0,63000,-418000,-355000
2015/06/08,0,43000,-546000,-503000
2015/06/09,0,217000,-183000,34000
2015/06/10,0,1280000,-1154000,126000
2015/06/11,0,673000,-293000,380000
2015/06/12,0,118000,-314000,-196000
2015/06/15,0,28000,-63000,-35000
2015/06/16,0,205000,-193000,12000
2015/06/17,0,507000,-95000,412000
2015/06/18,0,73000,-296000,-223000
2015/06/19,0,0,0,0
2015/06/22,0,1837000,-24000,1813000
2015/06/23,0,474000,-117000,357000
2015/06/24,0,161000,-800000,-639000
2015/06/25,0,185000,-125000,60000
2015/06/26,0,373000,-792000,-419000
2015/06/29,0,335000,-408000,-73000
2015/06/30,0,43000,-177691,-134691
2015/07/01,0,96000,-16000,80000
2015/07/02,0,70000,-5000,65000
2015/07/03,0,98000,-61000,37000
2015/07/06,0,1000,-7000,-6000
2015/07/07,0,612000,-277000,335000
2015/07/08,0,469000,-3044000,-2575000
2015/07/09,0,1172000,-831000,341000
2015/07/10,0,0,0,0
2015/07/13,0,185000,-1117000,-932000
2015/07/14,0,231000,-352000,-121000
2015/07/15,0,384000,-285000,99000
2015/07/16,0,544000,-8000,536000
2015/07/17,0,1036000,0,1036000
2015/07/20,0,395000,-138000,257000
2015/07/21,0,236000,-65000,171000
2015/07/22,0,395000,-555000,-160000
2015/07/23,0,1200000,-130000,1070000
2015/07/24,0,269000,0,269000
2015/07/27,0,671000,-581000,90000
2015/07/28,0,2327000,-764000,1563000
2015/07/29,0,714000,-518000,196000
2015/07/30,0,228000,-1097000,-869000
2015/07/31,0,62000,-2751000,-2689000
2015/08/03,0,94000,-448000,-354000
2015/08/04,0,1785000,-181000,1604000
2015/08/05,0,489000,-67000,422000
2015/08/06,0,435000,-484000,-49000
2015/08/07,0,101000,-1309000,-1208000
2015/08/10,0,161000,-39000,122000
2015/08/11,0,464000,-605000,-141000
2015/08/12,0,1511000,-999000,512000
2015/08/13,0,94000,-1051000,-957000
2015/08/14,0,188000,-184000,4000
2015/08/17,0,199000,-59000,140000
2015/08/18,0,156000,-809000,-653000
2015/08/19,0,477000,-726000,-249000
2015/08/20,0,240000,-485000,-245000
2015/08/21,0,505000,-154000,351000
2015/08/24,0,1420000,-736000,684000
2015/08/25,0,450000,-323000,127000
2015/08/26,0,219000,-446000,-227000
2015/08/27,0,63000,-240451,-177451
2015/08/28,0,53000,-614000,-561000
2015/08/31,0,34000,-987000,-953000
2015/09/01,0,39000,-1098590,-1059590
2015/09/02,0,112000,-246000,-134000
2015/09/03,0,22000,-322000,-300000
2015/09/04,0,161000,-549000,-388000
2015/09/07,0,373000,-21000,352000
2015/09/08,0,0,-95000,-95000
2015/09/09,0,1764000,-51000,1713000
2015/09/10,0,329000,-243000,86000
2015/09/11,0,21000,-43000,-22000
2015/09/14,0,7000,-78000,-71000
2015/09/15,0,155000,-7000,148000
2015/09/16,0,373000,-99000,274000
2015/09/17,0,580000,-213000,367000
2015/09/18,0,22000,-158000,-136000
2015/09/21,0,2000,-404944,-402944
2015/09/22,0,19000,-121000,-102000
2015/09/23,0,96000,-49000,47000
2015/09/24,0,143000,-1000,142000
2015/09/25,0,225000,-120000,105000
2015/09/28,0,0,0,0
2015/09/29,0,0,0,0
2015/09/30,0,393000,-39305,353695
2015/10/01,0,380000,-190000,190000
2015/10/02,0,51000,-62000,-11000
2015/10/05,0,232000,-88000,144000
2015/10/06,0,212000,-39000,173000
2015/10/07,0,28000,-57000,-29000
2015/10/08,0,384000,-336000,48000
2015/10/09,0,0,0,0
2015/10/12,0,993000,-11000,982000
2015/10/13,0,363000,-56000,307000
2015/10/14,0,130000,-131000,-1000
2015/10/15,0,581000,-91000,490000
2015/10/16,0,526000,-236000,290000
2015/10/19,0,880000,-68000,812000
2015/10/20,0,460000,-209000,251000
2015/10/21,0,614000,-675000,-61000
2015/10/22,0,263000,-206000,57000
2015/10/23,0,1613000,-400000,1213000
2015/10/26,0,67000,-313000,-246000
2015/10/27,0,352000,-370000,-18000
2015/10/28,0,223000,-206000,17000
2015/10/29,0,481000,-854000,-373000
2015/10/30,0,272000,-339000,-67000
2015/11/02,0,557000,-205000,352000
2015/11/03,0,528000,-192000,336000
2015/11/04,0,1782000,-263000,1519000
2015/11/05,0,477000,-241000,236000
2015/11/06,0,517000,-275000,242000
2015/11/09,0,282000,-438000,-156000
2015/11/10,0,141000,-79000,62000
2015/11/11,0,472000,-329000,143000
2015/11/12,0,284000,-319000,-35000
2015/11/13,0,1282000,-65000,1217000
2015/11/16,0,464000,-479000,-15000
2015/11/17,0,81000,-72000,9000
2015/11/18,0,987000,-263718,723282
2015/11/19,0,595000,-871000,-276000
2015/11/20,0,47000,-159000,-112000
2015/11/23,0,202000,-1016000,-814000
2015/11/24,0,358000,-57000,301000
2015/11/25,0,354000,-81000,273000
2015/11/26,0,312000,-717000,-405000
2015/11/27,0,150000,-322000,-172000
2015/11/30,0,27000,-303000,-276000
2015/12/01,0,3000,-23000,-20000
2015/12/02,0,378000,-27000,351000
2015/12/03,0,125000,-8000,117000
2015/12/04,0,362000,-38000,324000
2015/12/07,0,99000,-18000,81000
2015/12/08,0,907000,0,907000
2015/12/09,0,386000,-426000,-40000
2015/12/10,0,29000,-79000,-50000
2015/12/11,0,47000,-684000,-637000
2015/12/14,0,198000,-272000,-74000
2015/12/15,0,2000,-2472000,-2470000
2015/12/16,0,2023000,-744000,1279000
2015/12/17,0,1599000,-325000,1274000
2015/12/18,0,642000,-1553000,-911000
2015/12/21,0,1332000,-1286000,46000
2015/12/22,0,2000,-152878,-150878
2015/12/23,0,4000,-371000,-367000
2015/12/24,0,189000,-88000,101000
2015/12/25,0,200000,-103000,97000
2015/12/28,0,80000,-318713,-238713
2015/12/29,0,196000,-153000,43000
2015/12/30,0,78000,-334000,-256000
2015/12/31,0,76000,-361000,-285000
2016/01/01,0,0,0,0
2016/01/04,0,198000,-819000,-621000
2016/01/05,0,268000,-67000,201000
2016/01/06,0,396000,-431000,-35000
2016/01/07,0,1346000,-685075,660925
2016/01/08,0,437000,-60000,377000
2016/01/11,0,1779000,-116000,1663000
2016/01/12,0,1722000,-278000,1444000
2016/01/13,0,656000,-730000,-74000
2016/01/14,0,1103000,-1634000,-531000
2016/01/15,0,660000,-674000,-14000
2016/01/18,0,1124000,-276728,847272
2016/01/19,0,510000,-76000,434000
2016/01/20,0,92000,-714528,-622528
2016/01/21,0,871000,-2759000,-1888000
2016/01/22,0,802000,-551000,251000
2016/01/25,0,560000,-350000,210000
2016/01/26,0,862000,-351000,511000
2016/01/27,0,633000,-419000,214000
2016/01/28,0,1765000,-3296000,-1531000
2016/01/29,0,2730000,-2839000,-109000
2016/02/01,0,975000,-811000,164000
2016/02/02,0,811000,-440000,371000
2016/02/03,0,1362000,-833461,528539
2016/02/04,0,0,0,0
2016/02/05,0,0,0,0
2016/02/08,0,0,0,0
2016/02/09,0,0,0,0
2016/02/10,0,0,0,0
2016/02/11,0,0,0,0
2016/02/12,0,0,0,0
2016/02/15,0,46000,-91000,-45000
2016/02/16,0,1388000,-58000,1330000
2016/02/17,0,722000,-805000,-83000
2016/02/18,0,609000,-685000,-76000
2016/02/19,0,462000,-48000,414000
2016/02/22,0,677000,-488000,189000
2016/02/23,0,0,-361000,-361000
2016/02/24,0,30000,-729000,-699000
2016/02/25,0,5000,-635000,-630000
2016/02/26,0,0,-438000,-438000
2016/02/29,0,0,0,0
2016/03/01,0,50000,-36000,14000
2016/03/02,0,367000,-133000,234000
2016/03/03,0,302000,-1055380,-753380
2016/03/04,0,838000,-481000,357000
2016/03/07,0,456000,-410000,46000
2016/03/08,0,0,-629000,-629000
2016/03/09,0,67000,-254000,-187000
2016/03/10,0,69000,-28000,41000
2016/03/11,0,0,-44080,-44080
2016/03/14,0,2000,-173000,-171000
2016/03/15,0,40000,-308000,-268000
2016/03/16,0,921000,-663000,258000
2016/03/17,0,154000,-40000,114000
2016/03/18,0,0,-429000,-429000
2016/03/21,0,0,-26000,-26000
2016/03/22,0,0,-270000,-270000
2016/03/23,0,0,-82000,-82000
2016/03/24,0,0,0,0
2016/03/25,0,500000,-30000,470000
2016/03/28,0,0,-23000,-23000
2016/03/29,0,79000,-831000,-752000
2016/03/30,0,679000,0,679000
2016/03/31,0,857000,-17542,839458
2016/04/01,0,21000,-158000,-137000
2016/04/04,0,0,0,0
2016/04/05,0,0,0,0
2016/04/06,0,45000,-746000,-701000
2016/04/07,0,59000,-186000,-127000
2016/04/08,0,14000,0,14000
2016/04/11,0,29000,-13000,16000
2016/04/12,0,8000,-56000,-48000
2016/04/13,0,370000,-530000,-160000
2016/04/14,0,742000,-336000,406000
2016/04/15,0,116000,-66000,50000
2016/04/18,0,6000,-308000,-302000
2016/04/19,0,0,-95000,-95000
2016/04/20,0,88000,-890000,-802000
2016/04/21,0,73000,-195000,-122000
2016/04/22,0,71000,-2000,69000
2016/04/25,0,0,-100000,-100000
2016/04/26,0,24000,-150000,-126000
2016/04/27,0,582000,-14000,568000
2016/04/28,0,868000,-754000,114000
2016/04/29,0,347000,-223000,124000
2016/05/02,0,0,0,0
2016/05/03,0,479000,-88000,391000
2016/05/04,0,472000,-85000,387000
2016/05/05,0,875000,-40000,835000
2016/05/06,0,599000,-552000,47000
2016/05/09,0,427000,0,427000
2016/05/10,0,267000,-31000,236000
2016/05/11,0,624000,-52000,572000
2016/05/12,0,189000,-121000,68000
2016/05/13,0,2593000,-51000,2542000
2016/05/16,0,1465000,-10000,1455000
2016/05/17,0,563000,-20000,543000
2016/05/18,0,444000,-22000,422000
2016/05/19,0,1043000,-110000,933000
2016/05/20,0,430000,-160000,270000
2016/05/23,0,1123000,-722000,401000
2016/05/24,0,765000,-448000,317000
2016/05/25,0,178000,-65000,113000
2016/05/26,0,200000,-15000,185000
2016/05/27,0,15000,-47000,-32000
2016/05/30,0,994000,-122000,872000
2016/05/31,0,146000,-198000,-52000
2016/06/01,0,420000,-89000,331000
2016/06/02,0,457000,-631000,-174000
2016/06/03,0,134000,-82000,52000
2016/06/06,0,320000,-351000,-31000
2016/06/07,0,219000,-492000,-273000
2016/06/08,0,20000,-103000,-83000
2016/06/09,0,0,0,0
2016/06/10,0,0,0,0
2016/06/13,0,276000,-326000,-50000
2016/06/14,0,309000,-59000,250000
2016/06/15,0,409000,-102000,307000
2016/06/16,0,459000,-539000,-80000
2016/06/17,0,344000,-359000,-15000
2016/06/20,0,1020000,-331000,689000
2016/06/21,0,404000,-93000,311000
2016/06/22,0,190000,-75000,115000
2016/06/23,0,214000,-224000,-10000
2016/06/24,0,729000,-348000,381000
2016/06/27,0,45000,-2736000,-2691000
2016/06/28,0,90000,-225000,-135000
2016/06/29,0,16000,-207000,-191000
2016/06/30,0,9000,-209831,-200831
2016/07/01,0,1126000,-150000,976000
2016/07/04,0,617000,-200000,417000
2016/07/05,0,634000,-50000,584000
2016/07/06,0,635000,-367000,268000
2016/07/07,0,636000,-31000,605000
2016/07/08,0,0,0,0
2016/07/11,0,737000,-266000,471000
2016/07/12,0,698000,-132000,566000
2016/07/13,0,617000,-310000,307000
2016/07/14,0,812000,-74000,738000
2016/07/15,0,712000,-506000,206000
2016/07/18,0,1195000,-537000,658000
2016/07/19,0,829000,-602000,227000
2016/07/20,0,851000,-636000,215000
2016/07/21,0,961000,-186000,775000
2016/07/22,0,603000,-153000,450000
2016/07/25,0,601000,-493000,108000
2016/07/26,0,624000,-201000,423000
2016/07/27,0,609000,-204000,405000
2016/07/28,0,657000,-422000,235000
2016/07/29,0,798000,-191000,607000
2016/08/01,0,1271000,-155000,1116000
2016/08/02,0,3575000,-153000,3422000
2016/08/03,0,3241000,-730000,2511000
2016/08/04,0,3245000,-452000,2793000
2016/08/05,0,1400000,-391000,1009000
2016/08/08,0,3874000,-221000,3653000
2016/08/09,0,4244000,-134000,4110000
2016/08/10,0,4710000,-351000,4359000
2016/08/11,0,5877000,-750000,5127000
2016/08/12,0,14592000,-420000,14172000
2016/08/15,0,33000,-6780000,-6747000
2016/08/16,0,200000,-2419000,-2219000
2016/08/17,0,258000,-3396000,-3138000
2016/08/18,0,259000,-344000,-85000
2016/08/19,0,271000,-1560000,-1289000
2016/08/22,0,1197000,-2340000,-1143000
2016/08/23,0,862000,-612000,250000
2016/08/24,0,728000,-1702000,-974000
2016/08/25,0,2094000,-649000,1445000
2016/08/26,0,205000,-841000,-636000
2016/08/29,0,432000,-246000,186000
2016/08/30,0,169000,-506000,-337000
2016/08/31,0,44000,-470000,-426000
2016/09/01,0,701000,-407000,294000
2016/09/02,0,353000,-134000,219000
2016/09/05,0,1657000,-121000,1536000
2016/09/06,0,272000,-124000,148000
2016/09/07,0,262000,-72000,190000
2016/09/08,0,3659000,-129000,3530000
2016/09/09,0,350000,-939000,-589000
2016/09/12,0,560000,-154000,406000
2016/09/13,0,483000,-420000,63000
2016/09/14,0,216000,-50000,166000
2016/09/15,0,0,0,0
2016/09/16,0,0,0,0
2016/09/19,0,182000,-115000,67000
2016/09/20,0,1652000,-42000,1610000
2016/09/21,0,406000,-1494000,-1088000
2016/09/22,0,217000,-299000,-82000
2016/09/23,0,469000,-11000,458000
2016/09/26,0,269000,-1988000,-1719000
2016/09/27,0,0,0,0
2016/09/28,0,0,0,0
2016/09/29,0,534000,-165000,369000
2016/09/30,0,38000,-145000,-107000
2016/10/03,0,510000,-69000,441000
2016/10/04,0,782000,-42000,740000
2016/10/05,0,1130000,-256000,874000
2016/10/06,0,552000,-52000,500000
2016/10/07,0,643000,-30000,613000
2016/10/10,0,0,0,0
2016/10/11,0,358000,-256000,102000
2016/10/12,0,259000,-51000,208000
2016/10/13,0,352000,-45000,307000
2016/10/14,0,319000,-110000,209000
2016/10/17,0,108000,-69000,39000
2016/10/18,0,220000,-7000,213000
2016/10/19,0,417000,-699000,-282000
2016/10/20,0,194000,-308000,-114000
2016/10/21,0,1284000,-44000,1240000
2016/10/24,0,57000,0,57000
2016/10/25,0,101000,-1000,100000
2016/10/26,0,398000,0,398000
2016/10/27,0,563000,0,563000
2016/10/28,0,270000,-3000,267000
2016/10/31,0,71000,-150000,-79000
2016/11/01,0,60000,-33000,27000
2016/11/02,0,251000,-209000,42000
2016/11/03,0,954000,-56000,898000
2016/11/04,0,810000,-764000,46000
2016/11/07,0,117000,-25000,92000
2016/11/08,0,563000,-504000,59000
2016/11/09,0,1822000,-1233000,589000
2016/11/10,0,1205000,-260000,945000
2016/11/11,0,1552000,-751000,801000
2016/11/14,0,2364000,-459000,1905000
2016/11/15,0,453000,-872000,-419000
2016/11/16,0,65000,-511000,-446000
2016/11/17,0,700000,-1755000,-1055000
2016/11/18,0,620000,-342000,278000
2016/11/21,0,777000,-646000,131000
2016/11/22,0,725000,-466000,259000
2016/11/23,0,1094000,-577000,517000
2016/11/24,0,1365000,-251000,1114000
2016/11/25,0,451000,-382000,69000
2016/11/28,0,117000,-671498,-554498
2016/11/29,0,83000,-147000,-64000
2016/11/30,0,148000,-78000,70000
2016/12/01,0,51000,-2191000,-2140000
2016/12/02,0,305000,-120000,185000
2016/12/05,0,54000,-115000,-61000
2016/12/06,0,200000,-243000,-43000
2016/12/07,0,339000,-46000,293000
2016/12/08,0,1079000,-61000,1018000
2016/12/09,0,1059000,-202000,857000
2016/12/12,0,1111000,-17000,1094000
2016/12/13,0,1017000,-82000,935000
2016/12/14,0,1043000,-447000,596000
2016/12/15,0,1322000,-150000,1172000
2016/12/16,0,1145000,-176000,969000
2016/12/19,0,2267000,-66000,2201000
2016/12/20,0,2116000,-1000,2115000
2016/12/21,0,2122000,-363000,1759000
2016/12/22,0,2208000,-136000,2072000
2016/12/23,0,2461000,-23000,2438000
2016/12/26,0,109000,-7000,102000
2016/12/27,0,74000,0,74000
2016/12/28,0,211000,-20000,191000
2016/12/29,0,19000,-92000,-73000
2016/12/30,0,48000,-41000,7000
2017/01/02,0,0,0,0
2017/01/03,0,790000,-49000,741000
2017/01/04,0,120000,-137000,-17000
2017/01/05,0,251000,-78000,173000
2017/01/06,0,0,-418000,-418000
2017/01/09,0,10000,-20000,-10000
2017/01/10,0,150000,-206000,-56000
2017/01/11,0,100000,-406000,-306000
2017/01/12,0,380000,-293000,87000
2017/01/13,0,50000,-127000,-77000
2017/01/16,0,300000,-107000,193000
2017/01/17,0,53000,-66892,-13892
2017/01/18,0,36000,-313000,-277000
2017/01/19,0,50000,-298000,-248000
2017/01/20,0,20000,-10000,10000
2017/01/23,0,35000,-1000,34000
2017/01/24,0,65000,-849000,-784000
2017/01/25,0,0,0,0
2017/01/26,0,0,0,0
2017/01/27,0,0,0,0
2017/01/30,0,0,0,0
2017/01/31,0,0,0,0
2017/02/01,0,0,0,0
2017/02/02,0,0,-60000,-60000
2017/02/03,0,0,-123000,-123000
2017/02/06,0,375000,-727000,-352000
2017/02/07,0,171000,-124000,47000
2017/02/08,0,1200000,-193000,1007000
2017/02/09,0,1143000,-195000,948000
2017/02/10,0,101000,-68000,33000
2017/02/13,0,83000,-56000,27000
2017/02/14,0,530000,-87000,443000
2017/02/15,0,230000,-244000,-14000
2017/02/16,0,2715000,-3798000,-1083000
2017/02/17,0,45000,-3245000,-3200000
2017/02/20,0,235000,-349000,-114000
2017/02/21,0,405000,-237000,168000
2017/02/22,0,37000,-2119000,-2082000
2017/02/23,0,100000,-2398000,-2298000
2017/02/24,0,400000,-1000,399000
2017/02/27,0,0,0,0
2017/02/28,0,0,0,0
2017/03/01,0,189000,-220000,-31000
2017/03/02,0,652000,-117000,535000
2017/03/03,0,0,-450000,-450000
2017/03/06,0,0,-19000,-19000
2017/03/07,0,2000,0,2000
2017/03/08,0,1000000,-36000,964000
2017/03/09,0,6000,-6000,0
2017/03/10,0,122000,-126000,-4000
2017/03/13,0,5000,-46000,-41000
2017/03/14,0,324000,-34000,290000
2017/03/15,0,715000,-240000,475000
2017/03/16,0,227000,-619000,-392000
2017/03/17,0,200000,-87000,113000
2017/03/20,0,0,-245000,-245000
2017/03/21,0,174000,-1369000,-1195000
2017/03/22,0,21000,-51000,-30000
2017/03/23,0,0,-60000,-60000
2017/03/24,0,0,-85000,-85000
2017/03/27,0,14000,-33000,-19000
2017/03/28,0,202000,-40000,162000
2017/03/29,0,509000,0,509000
2017/03/30,0,34000,-24000,10000
2017/03/31,0,4000,-1509000,-1505000
2017/04/03,0,0,0,0
2017/04/04,0,0,0,0
2017/04/05,0,19000,-1014000,-995000
2017/04/06,0,35000,-100000,-65000
2017/04/07,0,70000,-48000,22000
2017/04/10,0,0,-87000,-87000
2017/04/11,0,53000,-115000,-62000
2017/04/12,0,54000,-9000,45000
2017/04/13,0,39000,0,39000
2017/04/14,0,166000,-84000,82000
2017/04/17,0,215000,-100000,115000
2017/04/18,0,36000,-22000,14000
2017/04/19,0,182000,-135000,47000
2017/04/20,0,214000,-27000,187000
2017/04/21,0,71000,-50000,21000
2017/04/24,0,18000,-351000,-333000
2017/04/25,0,20000,-6000,14000
2017/04/26,0,76000,-17000,59000
2017/04/27,0,0,0,0
2017/04/28,0,662000,-5064000,-4402000
2017/05/01,0,0,0,0
2017/05/02,0,0,-78000,-78000
2017/05/03,0,0,-4000,-4000
2017/05/04,0,50000,-77000,-27000
2017/05/05,0,0,-132000,-132000
2017/05/08,0,12000,-69000,-57000
2017/05/09,0,60000,-57430,2570
2017/05/10,0,1000,0,1000
2017/05/11,0,0,0,0
2017/05/12,0,0,-17000,-17000
2017/05/15,0,0,-562000,-562000
2017/05/16,0,2000,-204000,-202000
2017/05/17,0,0,-153000,-153000
2017/05/18,0,0,-1000,-1000
2017/05/19,0,0,-237000,-237000
2017/05/22,0,20000,-1000000,-980000
2017/05/23,0,20000,-20000,0
2017/05/24,0,0,-502000,-502000
2017/05/25,0,70000,-4001000,-3931000
2017/05/26,0,25000,-2127000,-2102000
2017/05/29,0,0,0,0
2017/05/30,0,0,0,0
2017/05/31,0,1000,-3673000,-3672000
2017/06/01,0,40000,-71000,-31000
2017/06/02,0,1000,-1000,0
2017/06/05,0,55000,-138000,-83000
2017/06/06,0,0,-96685,-96685
2017/06/07,0,0,-1132000,-1132000
2017/06/08,0,0,-1020000,-1020000
2017/06/09,0,71000,-3467000,-3396000
2017/06/12,0,5000,-2200000,-2195000
2017/06/13,0,55000,-2249000,-2194000
2017/06/14,0,1000,-1556000,-1555000
2017/06/15,0,0,-1604000,-1604000
2017/06/16,0,6000,-1507000,-1501000
2017/06/19,0,110000,-1626000,-1516000
2017/06/20,0,19000,-3006000,-2987000
2017/06/21,0,328000,-1886000,-1558000
2017/06/22,0,10000,-1878000,-1868000
2017/06/23,0,0,-1528000,-1528000
2017/06/26,0,390000,-1275000,-885000
2017/06/27,0,457000,-803000,-346000
2017/06/28,0,318000,-16000,302000
2017/06/29,0,1971000,-1589000,382000
2017/06/30,0,36000,-1776000,-1740000
2017/07/03,0,22000,-2150000,-2128000
2017/07/04,0,20000,-2331000,-2311000
2017/07/05,0,1106000,-580000,526000
2017/07/06,0,20000,-386000,-366000
2017/07/07,0,0,-1804000,-1804000
2017/07/10,0,0,-1502000,-1502000
2017/07/11,0,45000,-1540000,-1495000
2017/07/12,0,92000,-1546000,-1454000
2017/07/13,0,0,-1522000,-1522000
2017/07/14,0,66000,-1542000,-1476000
2017/07/17,0,12000,-93000,-81000
2017/07/18,0,145000,-37000,108000
2017/07/19,0,108000,-434000,-326000
2017/07/20,0,37000,0,37000
2017/07/21,0,99000,-86000,13000
2017/07/24,0,180000,-171000,9000
2017/07/25,0,210000,-28000,182000
2017/07/26,0,0,-485000,-485000
2017/07/27,0,152000,-115000,37000
2017/07/28,0,0,-176000,-176000
2017/07/31,0,30000,0,30000
2017/08/01,0,135000,0,135000
2017/08/02,0,31000,-22000,9000
2017/08/03,0,0,-93000,-93000
2017/08/04,0,134000,-187000,-53000
2017/08/07,0,982000,-43000,939000
2017/08/08,0,1443000,-252000,1191000
2017/08/09,0,5870000,-481000,5389000
2017/08/10,0,137000,-5308000,-5171000
2017/08/11,0,112000,-621000,-509000
2017/08/14,0,91000,-400000,-309000
2017/08/15,0,45000,-75000,-30000
2017/08/16,0,122000,-326000,-204000
2017/08/17,0,74000,-66000,8000
2017/08/18,0,44000,-223000,-179000
