Date,Open,Buy,Sell,Total
2007/01/02,0,776000,0,776000
2007/01/03,0,0,0,0
2007/01/04,0,0,0,0
2007/01/05,0,38000,-138270,-100270
2007/01/08,0,0,0,0
2007/01/09,0,0,0,0
2007/01/10,0,0,-10000,-10000
2007/01/11,0,21000,-50000,-29000
2007/01/12,0,229000,0,229000
2007/01/15,0,0,0,0
2007/01/16,0,1414000,0,1414000
2007/01/17,0,287000,0,287000
2007/01/18,0,0,0,0
2007/01/19,0,0,-581000,-581000
2007/01/22,0,120000,-47000,73000
2007/01/23,0,0,-253000,-253000
2007/01/24,0,36000,-64000,-28000
2007/01/25,0,574000,-1200000,-626000
2007/01/26,0,0,-46000,-46000
2007/01/29,0,0,-8000,-8000
2007/01/30,0,332000,0,332000
2007/01/31,0,250000,0,250000
2007/02/01,0,227000,0,227000
2007/02/02,0,12000,0,12000
2007/02/05,0,150000,0,150000
2007/02/06,0,204000,0,204000
2007/02/07,0,0,0,0
2007/02/08,0,13000,0,13000
2007/02/09,0,376000,0,376000
2007/02/12,0,0,-87000,-87000
2007/02/13,0,0,-177000,-177000
2007/02/14,0,154000,0,154000
2007/02/15,0,0,0,0
2007/02/16,0,0,0,0
2007/02/19,0,0,0,0
2007/02/20,0,0,0,0
2007/02/21,0,0,0,0
2007/02/22,0,0,0,0
2007/02/23,0,0,0,0
2007/02/26,0,2691000,0,2691000
2007/02/27,0,5428000,-177000,5251000
2007/02/28,0,0,0,0
2007/03/01,0,22000,0,22000
2007/03/02,0,0,0,0
2007/03/05,0,50000,-69000,-19000
2007/03/06,0,139000,-1245000,-1106000
2007/03/07,0,0,0,0
2007/03/08,0,0,-487000,-487000
2007/03/09,0,0,0,0
2007/03/12,0,30000,-6000,24000
2007/03/13,0,5000,0,5000
2007/03/14,0,0,0,0
2007/03/15,0,121000,0,121000
2007/03/16,0,0,-86000,-86000
2007/03/19,0,298000,0,298000
2007/03/20,0,0,-12000,-12000
2007/03/21,0,0,-24000,-24000
2007/03/22,0,0,-12000,-12000
2007/03/23,0,80000,-35000,45000
2007/03/26,0,91000,0,91000
2007/03/27,0,69000,0,69000
2007/03/28,0,69000,0,69000
2007/03/29,0,0,-6000,-6000
2007/03/30,0,0,-5000,-5000
2007/04/02,0,0,0,0
2007/04/03,0,0,0,0
2007/04/04,0,3000,0,3000
2007/04/05,0,0,0,0
2007/04/06,0,0,0,0
2007/04/09,0,0,-5000,-5000
2007/04/10,0,0,-10000,-10000
2007/04/11,0,8000,-450000,-442000
2007/04/12,0,0,-136000,-136000
2007/04/13,0,0,-82000,-82000
2007/04/16,0,0,0,0
2007/04/17,0,11000,0,11000
2007/04/18,0,0,0,0
2007/04/19,0,14000,0,14000
2007/04/20,0,0,-924000,-924000
2007/04/23,0,17000,0,17000
2007/04/24,0,58000,0,58000
2007/04/25,0,0,0,0
2007/04/26,0,0,0,0
2007/04/27,0,0,0,0
2007/04/30,0,0,0,0
2007/05/01,0,0,0,0
2007/05/02,0,53000,-100000,-47000
2007/05/03,0,0,-430000,-430000
2007/05/04,0,71000,0,71000
2007/05/07,0,153000,0,153000
2007/05/08,0,0,-266000,-266000
2007/05/09,0,0,-130000,-130000
2007/05/10,0,65000,-38000,27000
2007/05/11,0,1000,0,1000
2007/05/14,0,0,-102000,-102000
2007/05/15,0,110000,-502000,-392000
2007/05/16,0,0,-13000,-13000
2007/05/17,0,0,-11000,-11000
2007/05/18,0,0,0,0
2007/05/21,0,0,0,0
2007/05/22,0,1622000,-150000,1472000
2007/05/23,0,200000,-250000,-50000
2007/05/24,0,0,0,0
2007/05/25,0,17000,0,17000
2007/05/28,0,0,0,0
2007/05/29,0,0,0,0
2007/05/30,0,65000,0,65000
2007/05/31,0,0,0,0
2007/06/01,0,0,0,0
2007/06/04,0,3000,0,3000
2007/06/05,0,0,-168000,-168000
2007/06/06,0,12000,0,12000
2007/06/07,0,0,0,0
2007/06/08,0,0,0,0
2007/06/11,0,0,-333000,-333000
2007/06/12,0,49000,-232000,-183000
2007/06/13,0,0,-100000,-100000
2007/06/14,0,0,-21000,-21000
2007/06/15,0,409000,-67000,342000
2007/06/18,0,0,0,0
2007/06/19,0,0,0,0
2007/06/20,0,0,-2000,-2000
2007/06/21,0,220000,-14000,206000
2007/06/22,0,0,0,0
2007/06/25,0,0,-1325000,-1325000
2007/06/26,0,0,-141000,-141000
2007/06/27,0,0,0,0
2007/06/28,0,80000,0,80000
2007/06/29,0,23000,0,23000
2007/07/02,0,0,0,0
2007/07/03,0,0,0,0
2007/07/04,0,0,-71000,-71000
2007/07/05,0,4511000,-186000,4325000
2007/07/06,0,100000,-48000,52000
2007/07/09,0,19000,-41000,-22000
2007/07/10,0,14000,0,14000
2007/07/11,0,0,0,0
2007/07/12,0,0,-103000,-103000
2007/07/13,0,0,0,0
2007/07/16,0,0,0,0
2007/07/17,0,78000,-37000,41000
2007/07/18,0,36000,0,36000
2007/07/19,0,24000,0,24000
2007/07/20,0,17000,-400000,-383000
2007/07/23,0,0,-9000,-9000
2007/07/24,0,14000,0,14000
2007/07/25,0,0,-5000,-5000
2007/07/26,0,46000,0,46000
2007/07/27,0,6000,-22000,-16000
2007/07/30,0,1000,0,1000
2007/07/31,0,0,-30000,-30000
2007/08/01,0,9000,-231000,-222000
2007/08/02,0,20000,-30000,-10000
2007/08/03,0,0,-11000,-11000
2007/08/06,0,118000,0,118000
2007/08/07,0,14000,0,14000
2007/08/08,0,101000,0,101000
2007/08/09,0,0,0,0
2007/08/10,0,0,-106000,-106000
2007/08/13,0,0,-70000,-70000
2007/08/14,0,10000,0,10000
2007/08/15,0,22000,-43000,-21000
2007/08/16,0,48000,0,48000
2007/08/17,0,55000,-210000,-155000
2007/08/20,0,33000,0,33000
2007/08/21,0,0,0,0
2007/08/22,0,250000,-7000,243000
2007/08/23,0,0,-200000,-200000
2007/08/24,0,0,-18000,-18000
2007/08/27,0,15000,-31000,-16000
2007/08/28,0,160000,-24000,136000
2007/08/29,0,0,-161000,-161000
2007/08/30,0,0,0,0
2007/08/31,0,0,-196000,-196000
2007/09/03,0,90000,-20000,70000
2007/09/04,0,108000,-14000,94000
2007/09/05,0,0,0,0
2007/09/06,0,0,-69000,-69000
2007/09/07,0,3000,-54000,-51000
2007/09/10,0,0,-8000,-8000
2007/09/11,0,24000,0,24000
2007/09/12,0,78000,0,78000
2007/09/13,0,0,0,0
2007/09/14,0,140000,0,140000
2007/09/17,0,0,0,0
2007/09/18,0,0,0,0
2007/09/19,0,12000,0,12000
2007/09/20,0,18000,0,18000
2007/09/21,0,18000,-17000,1000
2007/09/24,0,0,0,0
2007/09/25,0,0,0,0
2007/09/26,0,20000,-201000,-181000
2007/09/27,0,9000,0,9000
2007/09/28,0,0,-33000,-33000
2007/10/01,0,0,-3037000,-3037000
2007/10/02,0,80000,-27000,53000
2007/10/03,0,0,-4000,-4000
2007/10/04,0,0,0,0
2007/10/05,0,0,-5000,-5000
2007/10/08,0,82000,-31000,51000
2007/10/09,0,0,0,0
2007/10/10,0,0,0,0
2007/10/11,0,0,0,0
2007/10/12,0,86000,0,86000
2007/10/15,0,120000,-10000,110000
2007/10/16,0,210000,0,210000
2007/10/17,0,352000,0,352000
2007/10/18,0,0,-2937000,-2937000
2007/10/19,0,0,-82000,-82000
2007/10/22,0,165000,0,165000
2007/10/23,0,10000,-5000,5000
2007/10/24,0,0,-10000,-10000
2007/10/25,0,0,0,0
2007/10/26,0,0,0,0
2007/10/29,0,218000,0,218000
2007/10/30,0,8000,0,8000
2007/10/31,0,395000,0,395000
2007/11/01,0,35000,0,35000
2007/11/02,0,20000,0,20000
2007/11/05,0,8000,-8000,0
2007/11/06,0,1000,-55000,-54000
2007/11/07,0,3000,0,3000
2007/11/08,0,12000,0,12000
2007/11/09,0,13000,0,13000
2007/11/12,0,999000,0,999000
2007/11/13,0,11000,0,11000
2007/11/14,0,0,-110000,-110000
2007/11/15,0,1000,-10000,-9000
2007/11/16,0,0,0,0
2007/11/19,0,0,-429000,-429000
2007/11/20,0,561000,-3000,558000
2007/11/21,0,1000,0,1000
2007/11/22,0,1000,0,1000
2007/11/23,0,2000,0,2000
2007/11/26,0,1000,0,1000
2007/11/27,0,0,0,0
2007/11/28,0,0,0,0
2007/11/29,0,1000,0,1000
2007/11/30,0,15000,-54000,-39000
2007/12/03,0,16000,0,16000
2007/12/04,0,23000,-50000,-27000
2007/12/05,0,65000,-1100000,-1035000
2007/12/06,0,0,-380000,-380000
2007/12/07,0,0,-40000,-40000
2007/12/10,0,0,-415000,-415000
2007/12/11,0,0,-100000,-100000
2007/12/12,0,0,-135000,-135000
2007/12/13,0,881000,0,881000
2007/12/14,0,1433000,0,1433000
2007/12/17,0,2826000,0,2826000
2007/12/18,0,3916000,-99000,3817000
2007/12/19,0,414000,0,414000
2007/12/20,0,0,-77000,-77000
2007/12/21,0,81000,0,81000
2007/12/24,0,405000,-78000,327000
2007/12/25,0,0,-1366000,-1366000
2007/12/26,0,0,-414000,-414000
2007/12/27,0,1000,-2265000,-2264000
2007/12/28,0,0,-1000,-1000
2007/12/31,0,571000,0,571000
2008/01/01,0,0,0,0
2008/01/02,0,0,-5000,-5000
2008/01/03,0,3000,0,3000
2008/01/04,0,0,-1000,-1000
2008/01/07,0,25000,0,25000
2008/01/08,0,241000,0,241000
2008/01/09,0,35000,-18000,17000
2008/01/10,0,59000,0,59000
2008/01/11,0,0,0,0
2008/01/14,0,1000,-298000,-297000
2008/01/15,0,600000,-361000,239000
2008/01/16,0,626000,0,626000
2008/01/17,0,84000,-780000,-696000
2008/01/18,0,233000,-218000,15000
2008/01/21,0,45000,-51000,-6000
2008/01/22,0,0,-213000,-213000
2008/01/23,0,972000,0,972000
2008/01/24,0,8000,-4000,4000
2008/01/25,0,7000,-108000,-101000
2008/01/28,0,0,-121000,-121000
2008/01/29,0,0,-94000,-94000
2008/01/30,0,71000,0,71000
2008/01/31,0,0,-200000,-200000
2008/02/01,0,0,0,0
2008/02/04,0,0,0,0
2008/02/05,0,0,0,0
2008/02/06,0,0,0,0
2008/02/07,0,0,0,0
2008/02/08,0,0,0,0
2008/02/11,0,0,0,0
2008/02/12,0,30000,0,30000
2008/02/13,0,0,-171000,-171000
2008/02/14,0,5000,0,5000
2008/02/15,0,0,-300000,-300000
2008/02/18,0,430000,-217000,213000
2008/02/19,0,875000,-292000,583000
2008/02/20,0,101000,-3000,98000
2008/02/21,0,1000,-31000,-30000
2008/02/22,0,0,-208000,-208000
2008/02/25,0,0,-24000,-24000
2008/02/26,0,8000000,-7000,7993000
2008/02/27,0,4073000,-17000,4056000
2008/02/28,0,0,0,0
2008/02/29,0,3000000,-8000,2992000
2008/03/03,0,1200000,-37000,1163000
2008/03/04,0,2000,-11000,-9000
2008/03/05,0,260000,-52000,208000
2008/03/06,0,5001000,-34000,4967000
2008/03/07,0,7741000,-1000,7740000
2008/03/10,0,56000,-150000,-94000
2008/03/11,0,987000,0,987000
2008/03/12,0,53000,0,53000
2008/03/13,0,47000,-6000,41000
2008/03/14,0,1039000,0,1039000
2008/03/17,0,1734000,0,1734000
2008/03/18,0,1601000,-40000,1561000
2008/03/19,0,1666000,0,1666000
2008/03/20,0,591000,0,591000
2008/03/21,0,6113000,0,6113000
2008/03/24,0,1079000,0,1079000
2008/03/25,0,7704000,-71000,7633000
2008/03/26,0,4236000,0,4236000
2008/03/27,0,244000,-30000,214000
2008/03/28,0,2000,0,2000
2008/03/31,0,365000,-721000,-356000
2008/04/01,0,1000,-137000,-136000
2008/04/02,0,73000,-400000,-327000
2008/04/03,0,1400000,0,1400000
2008/04/04,0,0,0,0
2008/04/07,0,3465000,0,3465000
2008/04/08,0,1901000,0,1901000
2008/04/09,0,127000,0,127000
2008/04/10,0,1626000,0,1626000
2008/04/11,0,7975000,-3000,7972000
2008/04/14,0,250000,-119000,131000
2008/04/15,0,701000,0,701000
2008/04/16,0,2755000,-27000,2728000
2008/04/17,0,666000,-9000,657000
2008/04/18,0,0,-192000,-192000
2008/04/21,0,902000,0,902000
2008/04/22,0,1279000,-39000,1240000
2008/04/23,0,201000,0,201000
2008/04/24,0,3931000,0,3931000
2008/04/25,0,606000,0,606000
2008/04/28,0,5733000,-84000,5649000
2008/04/29,0,2000,0,2000
2008/04/30,0,2682000,0,2682000
2008/05/01,0,0,0,0
2008/05/02,0,248000,0,248000
2008/05/05,0,2367000,-107000,2260000
2008/05/06,0,28000,-931000,-903000
2008/05/07,0,1807000,0,1807000
2008/05/08,0,4517000,-17000,4500000
2008/05/09,0,14000,0,14000
2008/05/12,0,5000,-11000,-6000
2008/05/13,0,33000,-5000,28000
2008/05/14,0,53000,0,53000
2008/05/15,0,36000,0,36000
2008/05/16,0,0,-177000,-177000
2008/05/19,0,0,-258000,-258000
2008/05/20,0,0,-17000,-17000
2008/05/21,0,2880000,-16000,2864000
2008/05/22,0,5000,-2615000,-2610000
2008/05/23,0,2932000,-1000,2931000
2008/05/26,0,28000,0,28000
2008/05/27,0,5365000,-9000,5356000
2008/05/28,0,3000,0,3000
2008/05/29,0,46000,0,46000
2008/05/30,0,1527000,-1200000,327000
2008/06/02,0,1386000,-45000,1341000
2008/06/03,0,529000,0,529000
2008/06/04,0,8000,0,8000
2008/06/05,0,3000,0,3000
2008/06/06,0,163000,-700000,-537000
2008/06/09,0,163000,-816000,-653000
2008/06/10,0,180000,-5231000,-5051000
2008/06/11,0,58000,-3800000,-3742000
2008/06/12,0,40000,0,40000
2008/06/13,0,236000,-3052000,-2816000
2008/06/16,0,0,-259000,-259000
2008/06/17,0,1736000,0,1736000
2008/06/18,0,5370000,0,5370000
2008/06/19,0,0,-358000,-358000
2008/06/20,0,157000,-2000,155000
2008/06/23,0,4022000,0,4022000
2008/06/24,0,156000,0,156000
2008/06/25,0,372000,-14000,358000
2008/06/26,0,1716000,0,1716000
2008/06/27,0,29000,0,29000
2008/06/30,0,128000,-33000,95000
2008/07/01,0,1096000,0,1096000
2008/07/02,0,100000,-8786000,-8686000
2008/07/03,0,43000,-6464000,-6421000
2008/07/04,0,29000,-536000,-507000
2008/07/07,0,50000,0,50000
2008/07/08,0,0,-1694000,-1694000
2008/07/09,0,8000,-1591000,-1583000
2008/07/10,0,0,-184000,-184000
2008/07/11,0,343000,0,343000
2008/07/14,0,3000,0,3000
2008/07/15,0,18000,-1301000,-1283000
2008/07/16,0,49000,-660000,-611000
2008/07/17,0,40000,-2322000,-2282000
2008/07/18,0,0,-15697000,-15697000
2008/07/21,0,678000,-2496000,-1818000
2008/07/22,0,12000,0,12000
2008/07/23,0,530000,-169000,361000
2008/07/24,0,8000,-70000,-62000
2008/07/25,0,0,0,0
2008/07/28,0,0,0,0
2008/07/29,0,10000,-140000,-130000
2008/07/30,0,10000,-109000,-99000
2008/07/31,0,20000,0,20000
2008/08/01,0,28000,0,28000
2008/08/04,0,8000,0,8000
2008/08/05,0,810000,-55000,755000
2008/08/06,0,76000,-1058000,-982000
2008/08/07,0,0,-178000,-178000
2008/08/08,0,79000,0,79000
2008/08/11,0,521000,-1149000,-628000
2008/08/12,0,731000,-427000,304000
2008/08/13,0,25000,-3000,22000
2008/08/14,0,369000,-39000,330000
2008/08/15,0,30000,0,30000
2008/08/18,0,2000,-300000,-298000
2008/08/19,0,0,-482000,-482000
2008/08/20,0,12000,-49000,-37000
2008/08/21,0,103000,-41000,62000
2008/08/22,0,4000,0,4000
2008/08/25,0,4000,-312000,-308000
2008/08/26,0,150000,-9000,141000
2008/08/27,0,0,0,0
2008/08/28,0,0,0,0
2008/08/29,0,16000,-37000,-21000
2008/09/01,0,10000,0,10000
2008/09/02,0,23000,-79000,-56000
2008/09/03,0,115000,-5000,110000
2008/09/04,0,53000,-3000,50000
2008/09/05,0,22000,0,22000
2008/09/08,0,331000,0,331000
2008/09/09,0,496000,-97000,399000
2008/09/10,0,254000,0,254000
2008/09/11,0,0,-400000,-400000
2008/09/12,0,7000,0,7000
2008/09/15,0,0,-34000,-34000
2008/09/16,0,29000,-1627000,-1598000
2008/09/17,0,38000,-1496000,-1458000
2008/09/18,0,17000,-6452000,-6435000
2008/09/19,0,139000,-9670000,-9531000
2008/09/22,0,160000,-3305000,-3145000
2008/09/23,0,0,-6252000,-6252000
2008/09/24,0,62000,-2011000,-1949000
2008/09/25,0,128000,-62000,66000
2008/09/26,0,9000,0,9000
2008/09/29,0,0,0,0
2008/09/30,0,3000,0,3000
2008/10/01,0,423000,-1120000,-697000
2008/10/02,0,5000,-791000,-786000
2008/10/03,0,157000,-758000,-601000
2008/10/06,0,0,-48000,-48000
2008/10/07,0,0,-845000,-845000
2008/10/08,0,0,-926000,-926000
2008/10/09,0,22000,-12000,10000
2008/10/10,0,0,0,0
2008/10/13,0,0,0,0
2008/10/14,0,5000,0,5000
2008/10/15,0,19000,0,19000
2008/10/16,0,48000,0,48000
2008/10/17,0,154000,-130000,24000
2008/10/20,0,0,-62000,-62000
2008/10/21,0,174000,-451000,-277000
2008/10/22,0,0,-420000,-420000
2008/10/23,0,29000,-186000,-157000
2008/10/24,0,43000,-142000,-99000
2008/10/27,0,0,-2547000,-2547000
2008/10/28,0,18000,-147000,-129000
2008/10/29,0,24000,-5109000,-5085000
2008/10/30,0,0,-67000,-67000
2008/10/31,0,28000,-660000,-632000
2008/11/03,0,203000,-46000,157000
2008/11/04,0,72000,-10000,62000
2008/11/05,0,2426000,-25697000,-23271000
2008/11/06,0,10017000,-8000,10009000
2008/11/07,0,302000,0,302000
2008/11/10,0,2962000,0,2962000
2008/11/11,0,9000,-6839000,-6830000
2008/11/12,0,178000,-47000,131000
2008/11/13,0,23000,-40000,-17000
2008/11/14,0,20000,0,20000
2008/11/17,0,8000,0,8000
2008/11/18,0,18000,0,18000
2008/11/19,0,1281000,0,1281000
2008/11/20,0,0,0,0
2008/11/21,0,35000,0,35000
2008/11/24,0,21000,-70000,-49000
2008/11/25,0,136000,-222216,-86216
2008/11/26,0,55000,0,55000
2008/11/27,0,334000,-3191000,-2857000
2008/11/28,0,75000,-1534000,-1459000
2008/12/01,0,6000,-3352784,-3346784
2008/12/02,0,0,0,0
2008/12/03,0,20000,-101000,-81000
2008/12/04,0,25000,-733000,-708000
2008/12/05,0,0,-3000,-3000
2008/12/08,0,38000,0,38000
2008/12/09,0,79000,0,79000
2008/12/10,0,741000,-63000,678000
2008/12/11,0,181000,-235000,-54000
2008/12/12,0,0,-50000,-50000
2008/12/15,0,916000,-4000,912000
2008/12/16,0,50000,-5000,45000
2008/12/17,0,923000,0,923000
2008/12/18,0,15000,-5000,10000
2008/12/19,0,0,-777000,-777000
2008/12/22,0,550000,0,550000
2008/12/23,0,3000,0,3000
2008/12/24,0,228000,-1078000,-850000
2008/12/25,0,9000,0,9000
2008/12/26,0,0,0,0
2008/12/29,0,0,0,0
2008/12/30,0,774000,0,774000
2008/12/31,0,161000,0,161000
2009/01/01,0,0,0,0
2009/01/02,0,0,0,0
2009/01/05,0,0,0,0
2009/01/06,0,71000,-10000,61000
2009/01/07,0,499000,0,499000
2009/01/08,0,0,-1577000,-1577000
2009/01/09,0,12000,-1028000,-1016000
2009/01/12,0,12000,-13000,-1000
2009/01/13,0,259000,0,259000
2009/01/14,0,6000,-25000,-19000
2009/01/15,0,20000,-131000,-111000
2009/01/16,0,22000,0,22000
2009/01/19,0,4000,-2312000,-2308000
2009/01/20,0,0,-3000,-3000
2009/01/21,0,0,-4000,-4000
2009/01/22,0,0,0,0
2009/01/23,0,0,0,0
2009/01/26,0,0,0,0
2009/01/27,0,0,0,0
2009/01/28,0,0,0,0
2009/01/29,0,0,0,0
2009/01/30,0,0,0,0
2009/02/02,0,0,0,0
2009/02/03,0,0,-343000,-343000
2009/02/04,0,0,-17000,-17000
2009/02/05,0,1000,0,1000
2009/02/06,0,9000,-435000,-426000
2009/02/09,0,686000,-25000,661000
2009/02/10,0,9000,0,9000
2009/02/11,0,0,-24000,-24000
2009/02/12,0,0,-66000,-66000
2009/02/13,0,0,-200000,-200000
2009/02/16,0,0,0,0
2009/02/17,0,0,0,0
2009/02/18,0,19000,-31000,-12000
2009/02/19,0,0,0,0
2009/02/20,0,0,0,0
2009/02/23,0,0,-963000,-963000
2009/02/24,0,56000,-900000,-844000
2009/02/25,0,0,0,0
2009/02/26,0,7000,-43000,-36000
2009/02/27,0,4000,-8000,-4000
2009/03/02,0,0,0,0
2009/03/03,0,0,-489000,-489000
2009/03/04,0,0,-331000,-331000
2009/03/05,0,0,0,0
2009/03/06,0,0,-18000,-18000
2009/03/09,0,0,-581000,-581000
2009/03/10,0,126000,-467000,-341000
2009/03/11,0,0,-35000,-35000
2009/03/12,0,2104000,-13000,2091000
2009/03/13,0,0,-52000,-52000
2009/03/16,0,200000,-35000,165000
2009/03/17,0,0,-111000,-111000
2009/03/18,0,0,-108000,-108000
2009/03/19,0,0,0,0
2009/03/20,0,0,-351000,-351000
2009/03/23,0,0,-206000,-206000
2009/03/24,0,600000,-84000,516000
2009/03/25,0,500000,0,500000
2009/03/26,0,0,0,0
2009/03/27,0,1643000,0,1643000
2009/03/30,0,1100000,-16000,1084000
2009/03/31,0,2264000,-29000,2235000
2009/04/01,0,745000,0,745000
2009/04/02,0,3766000,-88000,3678000
2009/04/03,0,9737000,-32000,9705000
2009/04/06,0,6799000,-15000,6784000
2009/04/07,0,2683000,0,2683000
2009/04/08,0,2700000,-1300000,1400000
2009/04/09,0,1455000,-266000,1189000
2009/04/10,0,0,-292000,-292000
2009/04/13,0,2427000,-495000,1932000
2009/04/14,0,200000,-222000,-22000
2009/04/15,0,455000,-83000,372000
2009/04/16,0,2534000,-62000,2472000
2009/04/17,0,2093000,-1751000,342000
2009/04/20,0,1900000,-201000,1699000
2009/04/21,0,2100000,-4521000,-2421000
2009/04/22,0,4292000,0,4292000
2009/04/23,0,0,-15000,-15000
2009/04/24,0,2064000,-1008000,1056000
2009/04/27,0,8000,-3758000,-3750000
2009/04/28,0,110000,-794000,-684000
2009/04/29,0,450000,-800000,-350000
2009/04/30,0,400000,0,400000
2009/05/01,0,0,0,0
2009/05/04,0,1700000,-1209000,491000
2009/05/05,0,11446000,-16000,11430000
2009/05/06,0,4318000,-632000,3686000
2009/05/07,0,1001000,-94000,907000
2009/05/08,0,527000,-2023000,-1496000
2009/05/11,0,2740000,-1212000,1528000
2009/05/12,0,1600000,-22000,1578000
2009/05/13,0,200000,-328000,-128000
2009/05/14,0,0,-2267000,-2267000
2009/05/15,0,65000,0,65000
2009/05/18,0,253000,-3644000,-3391000
2009/05/19,0,1814000,0,1814000
2009/05/20,0,2034000,-294000,1740000
2009/05/21,0,1838000,0,1838000
2009/05/22,0,501000,-1084000,-583000
2009/05/25,0,1373000,-53000,1320000
2009/05/26,0,595000,-941000,-346000
2009/05/27,0,4220000,-2047000,2173000
2009/05/28,0,0,0,0
2009/05/29,0,0,0,0
2009/06/01,0,1091000,-1734000,-643000
2009/06/02,0,596000,-965000,-369000
2009/06/03,0,3235000,-1413000,1822000
2009/06/04,0,245000,-1263000,-1018000
2009/06/05,0,2650000,-1917000,733000
2009/06/08,0,70000,-522000,-452000
2009/06/09,0,111000,-1318000,-1207000
2009/06/10,0,0,-276000,-276000
2009/06/11,0,1156000,-650000,506000
2009/06/12,0,0,-34000,-34000
2009/06/15,0,22000,0,22000
2009/06/16,0,45000,-17000,28000
2009/06/17,0,46000,-46000,0
2009/06/18,0,36000,-1931000,-1895000
2009/06/19,0,617000,0,617000
2009/06/22,0,127000,0,127000
2009/06/23,0,2800000,-678000,2122000
2009/06/24,0,3100000,-47000,3053000
2009/06/25,0,13213000,0,13213000
2009/06/26,0,0,-501000,-501000
2009/06/29,0,4837000,0,4837000
2009/06/30,0,4379000,0,4379000
2009/07/01,0,4800000,-340000,4460000
2009/07/02,0,24000,-1132000,-1108000
2009/07/03,0,2845000,-933000,1912000
2009/07/06,0,0,-1437000,-1437000
2009/07/07,0,13000,0,13000
2009/07/08,0,0,-6017000,-6017000
2009/07/09,0,160000,-107000,53000
2009/07/10,0,0,-17000,-17000
2009/07/13,0,0,-142000,-142000
2009/07/14,0,0,-1290000,-1290000
2009/07/15,0,156000,-25000,131000
2009/07/16,0,2364000,-1436000,928000
2009/07/17,0,1754000,0,1754000
2009/07/20,0,1200000,0,1200000
2009/07/21,0,0,-62000,-62000
2009/07/22,0,220000,-69000,151000
2009/07/23,0,400000,-857000,-457000
2009/07/24,0,16156000,-84000,16072000
2009/07/27,0,9298000,-143000,9155000
2009/07/28,0,1186000,-36000,1150000
2009/07/29,0,500000,-371000,129000
2009/07/30,0,1168000,-3931000,-2763000
2009/07/31,0,524000,-830000,-306000
2009/08/03,0,551000,0,551000
2009/08/04,0,5048000,-36000,5012000
2009/08/05,0,0,-2100000,-2100000
2009/08/06,0,3315000,-2337000,978000
2009/08/07,0,0,0,0
2009/08/10,0,39000,-1338000,-1299000
2009/08/11,0,503000,0,503000
2009/08/12,0,0,-2680000,-2680000
2009/08/13,0,0,-23000,-23000
2009/08/14,0,0,-231000,-231000
2009/08/17,0,0,-1719000,-1719000
2009/08/18,0,16000,-1677000,-1661000
2009/08/19,0,7000,0,7000
2009/08/20,0,20000,-13000,7000
2009/08/21,0,0,-21000,-21000
2009/08/24,0,1879000,0,1879000
2009/08/25,0,264000,-16000,248000
2009/08/26,0,71000,-2500000,-2429000
2009/08/27,0,287000,-33000,254000
2009/08/28,0,250000,0,250000
2009/08/31,0,47000,-1640000,-1593000
2009/09/01,0,1471000,-2155000,-684000
2009/09/02,0,160000,0,160000
2009/09/03,0,143000,-517000,-374000
2009/09/04,0,0,-19000,-19000
2009/09/07,0,2110000,-16000,2094000
2009/09/08,0,0,0,0
2009/09/09,0,179000,-56000,123000
2009/09/10,0,1066000,0,1066000
2009/09/11,0,231000,-700000,-469000
2009/09/14,0,0,-171000,-171000
2009/09/15,0,300000,0,300000
2009/09/16,0,217000,-700000,-483000
2009/09/17,0,2268000,-100000,2168000
2009/09/18,0,4110000,-981000,3129000
2009/09/21,0,2400000,-140000,2260000
2009/09/22,0,6296000,-70000,6226000
2009/09/23,0,3029000,-623000,2406000
2009/09/24,0,0,-660000,-660000
2009/09/25,0,8000,0,8000
2009/09/28,0,77000,0,77000
2009/09/29,0,6120000,-13000,6107000
2009/09/30,0,7252000,-421000,6831000
2009/10/01,0,2761000,-500000,2261000
2009/10/02,0,424000,-138000,286000
2009/10/05,0,2728000,-13000,2715000
2009/10/06,0,3000000,0,3000000
2009/10/07,0,2036000,0,2036000
2009/10/08,0,1232000,-400000,832000
2009/10/09,0,399000,0,399000
2009/10/12,0,0,-2000000,-2000000
2009/10/13,0,25000,-6279000,-6254000
2009/10/14,0,0,-3609000,-3609000
2009/10/15,0,1200000,-1361000,-161000
2009/10/16,0,179000,-1170000,-991000
2009/10/19,0,34000,-1615000,-1581000
2009/10/20,0,15000,0,15000
2009/10/21,0,63000,-2874000,-2811000
2009/10/22,0,0,-1397000,-1397000
2009/10/23,0,0,0,0
2009/10/26,0,50000,-1717000,-1667000
2009/10/27,0,13000,-25000,-12000
2009/10/28,0,0,-1815000,-1815000
2009/10/29,0,8000,-3328000,-3320000
2009/10/30,0,0,-11365000,-11365000
2009/11/02,0,15000,-11283000,-11268000
2009/11/03,0,12000,-8238000,-8226000
2009/11/04,0,0,-5118000,-5118000
2009/11/05,0,1891000,-3059000,-1168000
2009/11/06,0,2860000,-504000,2356000
2009/11/09,0,14000,0,14000
2009/11/10,0,2344000,-113000,2231000
2009/11/11,0,0,-76000,-76000
2009/11/12,0,0,-1423000,-1423000
2009/11/13,0,0,-620000,-620000
2009/11/16,0,267000,-18000,249000
2009/11/17,0,0,-3562000,-3562000
2009/11/18,0,0,-376000,-376000
2009/11/19,0,0,-7307000,-7307000
2009/11/20,0,0,-1623000,-1623000
2009/11/23,0,0,-88000,-88000
2009/11/24,0,0,-12000,-12000
2009/11/25,0,0,0,0
2009/11/26,0,0,-1459000,-1459000
2009/11/27,0,0,-6066000,-6066000
2009/11/30,0,0,-1581000,-1581000
2009/12/01,0,0,-2317000,-2317000
2009/12/02,0,0,-1329000,-1329000
2009/12/03,0,0,-513000,-513000
2009/12/04,0,0,-384000,-384000
2009/12/07,0,0,-500000,-500000
2009/12/08,0,0,-735000,-735000
2009/12/09,0,0,-1396000,-1396000
2009/12/10,0,0,-883000,-883000
2009/12/11,0,1626000,-860000,766000
2009/12/14,0,0,-1685000,-1685000
2009/12/15,0,0,-939000,-939000
2009/12/16,0,0,-6318000,-6318000
2009/12/17,0,0,-3590000,-3590000
2009/12/18,0,0,-271000,-271000
2009/12/21,0,0,-2497000,-2497000
2009/12/22,0,0,-20000,-20000
2009/12/23,0,607000,0,607000
2009/12/24,0,0,-3570000,-3570000
2009/12/25,0,0,-21000,-21000
2009/12/28,0,600000,-1104000,-504000
2009/12/29,0,22000,-104000,-82000
2009/12/30,0,1258000,-140000,1118000
2009/12/31,0,0,-83000,-83000
2010/01/01,0,0,0,0
2010/01/04,0,442000,-2000,440000
2010/01/05,0,1324000,-5000,1319000
2010/01/06,0,0,0,0
2010/01/07,0,30000,-524000,-494000
2010/01/08,0,250000,-123000,127000
2010/01/11,0,1175000,-1861000,-686000
2010/01/12,0,0,-22000,-22000
2010/01/13,0,0,-168000,-168000
2010/01/14,0,0,-14000,-14000
2010/01/15,0,517000,-2320000,-1803000
2010/01/18,0,43000,-1417000,-1374000
2010/01/19,0,0,-3502000,-3502000
2010/01/20,0,0,-17000,-17000
2010/01/21,0,0,-11000,-11000
2010/01/22,0,0,0,0
2010/01/25,0,22000,-1368000,-1346000
2010/01/26,0,0,-6000,-6000
2010/01/27,0,47000,-9332000,-9285000
2010/01/28,0,14000,-3000000,-2986000
2010/01/29,0,17000,-1000,16000
2010/02/01,0,20000,-529000,-509000
2010/02/02,0,0,-262000,-262000
2010/02/03,0,8000,-2000,6000
2010/02/04,0,11000,0,11000
2010/02/05,0,31000,0,31000
2010/02/08,0,176000,-8000,168000
2010/02/09,0,16000,0,16000
2010/02/10,0,0,-185000,-185000
2010/02/11,0,0,0,0
2010/02/12,0,0,0,0
2010/02/15,0,0,0,0
2010/02/16,0,0,0,0
2010/02/17,0,0,0,0
2010/02/18,0,0,0,0
2010/02/19,0,0,0,0
2010/02/22,0,373000,0,373000
2010/02/23,0,43000,-200000,-157000
2010/02/24,0,12000,0,12000
2010/02/25,0,9000,0,9000
2010/02/26,0,606000,-248000,358000
2010/03/01,0,10000,0,10000
2010/03/02,0,0,0,0
2010/03/03,0,900000,0,900000
2010/03/04,0,1529000,-10000,1519000
2010/03/05,0,5000,0,5000
2010/03/08,0,0,0,0
2010/03/09,0,284000,-12000,272000
2010/03/10,0,0,-476000,-476000
2010/03/11,0,2490000,0,2490000
2010/03/12,0,0,-344000,-344000
2010/03/15,0,0,-93000,-93000
2010/03/16,0,0,-13000,-13000
2010/03/17,0,2976000,-437000,2539000
2010/03/18,0,3257000,-16000,3241000
2010/03/19,0,1228000,-13000,1215000
2010/03/22,0,1322000,-9000,1313000
2010/03/23,0,2509000,-9000,2500000
2010/03/24,0,250000,-746000,-496000
2010/03/25,0,0,-9000,-9000
2010/03/26,0,125000,-6000,119000
2010/03/29,0,10000,0,10000
2010/03/30,0,11000,0,11000
2010/03/31,0,0,-1859000,-1859000
2010/04/01,0,486000,-4000,482000
2010/04/02,0,1006000,-20000,986000
2010/04/05,0,0,0,0
2010/04/06,0,0,-6000,-6000
2010/04/07,0,500000,-14000,486000
2010/04/08,0,1095000,-26000,1069000
2010/04/09,0,500000,-69000,431000
2010/04/12,0,848000,-4000,844000
2010/04/13,0,174000,-11000,163000
2010/04/14,0,0,-31000,-31000
2010/04/15,0,561000,-11000,550000
2010/04/16,0,0,-38000,-38000
2010/04/19,0,0,-698012,-698012
2010/04/20,0,5000,-1820000,-1815000
2010/04/21,0,7000,-586000,-579000
2010/04/22,0,0,-855000,-855000
2010/04/23,0,2514000,0,2514000
2010/04/26,0,2543000,0,2543000
2010/04/27,0,7000,-6000,1000
2010/04/28,0,2499000,-5000,2494000
2010/04/29,0,0,-10000,-10000
2010/04/30,0,0,0,0
2010/05/03,0,0,-7000,-7000
2010/05/04,0,0,0,0
2010/05/05,0,0,-25000,-25000
2010/05/06,0,0,-12000,-12000
2010/05/07,0,389000,-1000,388000
2010/05/10,0,12000,-206000,-194000
2010/05/11,0,515000,-228000,287000
2010/05/12,0,1005000,0,1005000
2010/05/13,0,1025000,0,1025000
2010/05/14,0,777000,0,777000
2010/05/17,0,5000,-2000,3000
2010/05/18,0,0,0,0
2010/05/19,0,0,-20000,-20000
2010/05/20,0,12000,-28000,-16000
2010/05/21,0,0,0,0
2010/05/24,0,0,-13000,-13000
2010/05/25,0,5000,0,5000
2010/05/26,0,19000,-351000,-332000
2010/05/27,0,272000,0,272000
2010/05/28,0,2448000,-10000,2438000
2010/05/31,0,0,-6000,-6000
2010/06/01,0,2000,-258000,-256000
2010/06/02,0,0,-1000,-1000
2010/06/03,0,0,-917000,-917000
2010/06/04,0,0,-1214000,-1214000
2010/06/07,0,0,-900000,-900000
2010/06/08,0,63000,-2000,61000
2010/06/09,0,8000,0,8000
2010/06/10,0,14000,-823000,-809000
2010/06/11,0,1233000,0,1233000
2010/06/14,0,6000,0,6000
2010/06/15,0,412000,-892000,-480000
2010/06/16,0,0,0,0
2010/06/17,0,0,-3000,-3000
2010/06/18,0,0,-46000,-46000
2010/06/21,0,0,0,0
2010/06/22,0,0,-670000,-670000
2010/06/23,0,0,-6000,-6000
2010/06/24,0,48000,-259000,-211000
2010/06/25,0,0,-176000,-176000
2010/06/28,0,2407000,0,2407000
2010/06/29,0,14000,-800000,-786000
2010/06/30,0,0,0,0
2010/07/01,0,615000,0,615000
2010/07/02,0,1049000,0,1049000
2010/07/05,0,850000,-1104000,-254000
2010/07/06,0,1324000,-100000,1224000
2010/07/07,0,1500000,0,1500000
2010/07/08,0,200000,0,200000
2010/07/09,0,0,0,0
2010/07/12,0,8000,0,8000
2010/07/13,0,200000,-646000,-446000
2010/07/14,0,13000,-1507000,-1494000
2010/07/15,0,33000,0,33000
2010/07/16,0,906000,-3742000,-2836000
2010/07/19,0,5555000,-1245000,4310000
2010/07/20,0,3845000,0,3845000
2010/07/21,0,7000,-8000,-1000
2010/07/22,0,469000,-600000,-131000
2010/07/23,0,802000,0,802000
2010/07/26,0,0,-156000,-156000
2010/07/27,0,82000,-12000,70000
2010/07/28,0,570000,-43000,527000
2010/07/29,0,644000,0,644000
2010/07/30,0,220000,-91000,129000
2010/08/02,0,241000,-9000,232000
2010/08/03,0,3115000,-8000,3107000
2010/08/04,0,3000,-35000,-32000
2010/08/05,0,405000,-73000,332000
2010/08/06,0,0,-19000,-19000
2010/08/09,0,55000,-3000,52000
2010/08/10,0,598000,0,598000
2010/08/11,0,130000,-35000,95000
2010/08/12,0,37000,-153000,-116000
2010/08/13,0,0,-320000,-320000
2010/08/16,0,300000,-95000,205000
2010/08/17,0,6000,-222000,-216000
2010/08/18,0,7000,-167000,-160000
2010/08/19,0,0,-205000,-205000
2010/08/20,0,0,-3000,-3000
2010/08/23,0,0,0,0
2010/08/24,0,8000,-762000,-754000
2010/08/25,0,52000,-13000,39000
2010/08/26,0,0,-176000,-176000
2010/08/27,0,7000,0,7000
2010/08/30,0,1631000,0,1631000
2010/08/31,0,2976000,0,2976000
2010/09/01,0,3902000,0,3902000
2010/09/02,0,4923000,0,4923000
2010/09/03,0,78000,0,78000
2010/09/06,0,0,0,0
2010/09/07,0,464000,-30000,434000
2010/09/08,0,1500000,-22000,1478000
2010/09/09,0,0,-22000,-22000
2010/09/10,0,16000,0,16000
2010/09/13,0,1200000,-525000,675000
2010/09/14,0,1815000,-7000,1808000
2010/09/15,0,0,-29000,-29000
2010/09/16,0,437000,-328000,109000
2010/09/17,0,0,-326000,-326000
2010/09/20,0,200000,-457000,-257000
2010/09/21,0,0,-1726000,-1726000
2010/09/22,0,0,0,0
2010/09/23,0,0,-24000,-24000
2010/09/24,0,961000,-15000,946000
2010/09/27,0,55000,-14000,41000
2010/09/28,0,130000,0,130000
2010/09/29,0,0,-244000,-244000
2010/09/30,0,0,-633000,-633000
2010/10/01,0,0,0,0
2010/10/04,0,0,-590000,-590000
2010/10/05,0,200000,-100000,100000
2010/10/06,0,700000,-130000,570000
2010/10/07,0,850000,-150000,700000
2010/10/08,0,0,-192000,-192000
2010/10/11,0,0,0,0
2010/10/12,0,0,-10000,-10000
2010/10/13,0,73000,0,73000
2010/10/14,0,31000,-55000,-24000
2010/10/15,0,65000,0,65000
2010/10/18,0,117000,-308000,-191000
2010/10/19,0,162000,-6000,156000
2010/10/20,0,68000,0,68000
2010/10/21,0,0,0,0
2010/10/22,0,0,-2073000,-2073000
2010/10/25,0,0,-5000,-5000
2010/10/26,0,17000,0,17000
2010/10/27,0,32000,0,32000
2010/10/28,0,0,-37000,-37000
2010/10/29,0,25000,-91000,-66000
2010/11/01,0,250000,-36000,214000
2010/11/02,0,708000,-178000,530000
2010/11/03,0,300000,0,300000
2010/11/04,0,0,-300000,-300000
2010/11/05,0,0,-300000,-300000
2010/11/08,0,8000,-996000,-988000
2010/11/09,0,79000,-1069000,-990000
2010/11/10,0,41000,-12000,29000
2010/11/11,0,16000,0,16000
2010/11/12,0,207000,-105000,102000
2010/11/15,0,0,-304000,-304000
2010/11/16,0,5000,-221000,-216000
2010/11/17,0,0,-279000,-279000
2010/11/18,0,0,0,0
2010/11/19,0,0,0,0
2010/11/22,0,0,0,0
2010/11/23,0,0,0,0
2010/11/24,0,0,0,0
2010/11/25,0,0,-49000,-49000
2010/11/26,0,7000,-561000,-554000
2010/11/29,0,0,-2017000,-2017000
2010/11/30,0,0,-281000,-281000
2010/12/01,0,80000,-23000,57000
2010/12/02,0,77000,-29000,48000
2010/12/03,0,0,-19000,-19000
2010/12/06,0,0,-57000,-57000
2010/12/07,0,5000,-33000,-28000
2010/12/08,0,0,-620000,-620000
2010/12/09,0,9000,-277000,-268000
2010/12/10,0,0,-1500000,-1500000
2010/12/13,0,163000,-24000,139000
2010/12/14,0,0,-5157000,-5157000
2010/12/15,0,0,0,0
2010/12/16,0,0,-16000,-16000
2010/12/17,0,2688000,-71000,2617000
2010/12/20,0,0,-20000,-20000
2010/12/21,0,4000,0,4000
2010/12/22,0,539000,0,539000
2010/12/23,0,0,-234000,-234000
2010/12/24,0,0,0,0
2010/12/27,0,200000,-1508000,-1308000
2010/12/28,0,388000,-925000,-537000
2010/12/29,0,69000,0,69000
2010/12/30,0,420000,-96000,324000
2010/12/31,0,273000,-95000,178000
2011/01/03,0,0,0,0
2011/01/04,0,2000,0,2000
2011/01/05,0,0,-354000,-354000
2011/01/06,0,50000,-250000,-200000
2011/01/07,0,0,-350000,-350000
2011/01/10,0,0,-181000,-181000
2011/01/11,0,0,-1100000,-1100000
2011/01/12,0,140000,0,140000
2011/01/13,0,0,-280000,-280000
2011/01/14,0,0,-2010000,-2010000
2011/01/17,0,0,-2420000,-2420000
2011/01/18,0,0,-2569000,-2569000
2011/01/19,0,8000,-2557000,-2549000
2011/01/20,0,1949000,-10000,1939000
2011/01/21,0,2616000,-519000,2097000
2011/01/24,0,1834000,-1154000,680000
2011/01/25,0,1459000,0,1459000
2011/01/26,0,307000,-38000,269000
2011/01/27,0,68000,-4000,64000
2011/01/28,0,40000,-20000,20000
2011/01/31,0,0,0,0
2011/02/01,0,0,0,0
2011/02/02,0,0,0,0
2011/02/03,0,0,0,0
2011/02/04,0,0,0,0
2011/02/07,0,0,0,0
2011/02/08,0,3017000,0,3017000
2011/02/09,0,427000,0,427000
2011/02/10,0,3028000,-9000,3019000
2011/02/11,0,29000,0,29000
2011/02/14,0,992000,-350000,642000
2011/02/15,0,687000,0,687000
2011/02/16,0,659000,-254000,405000
2011/02/17,0,0,-124000,-124000
2011/02/18,0,2546000,0,2546000
2011/02/21,0,340000,-12000,328000
2011/02/22,0,1113000,0,1113000
2011/02/23,0,35000,-3116000,-3081000
2011/02/24,0,11000,-250000,-239000
2011/02/25,0,8000,-51000,-43000
2011/02/28,0,0,0,0
2011/03/01,0,0,-2250000,-2250000
2011/03/02,0,6000,-3000,3000
2011/03/03,0,1845000,0,1845000
2011/03/04,0,0,-6000,-6000
2011/03/07,0,0,0,0
2011/03/08,0,402000,-28000,374000
2011/03/09,0,694000,0,694000
2011/03/10,0,1170000,0,1170000
2011/03/11,0,2720000,0,2720000
2011/03/14,0,1599000,-1192000,407000
2011/03/15,0,8000,-5000000,-4992000
2011/03/16,0,384000,0,384000
2011/03/17,0,135000,0,135000
2011/03/18,0,0,-23000,-23000
2011/03/21,0,0,0,0
2011/03/22,0,397000,0,397000
2011/03/23,0,0,0,0
2011/03/24,0,2515000,0,2515000
2011/03/25,0,900000,0,900000
2011/03/28,0,666000,0,666000
2011/03/29,0,500000,0,500000
2011/03/30,0,1582000,-21000,1561000
2011/03/31,0,200000,-14000,186000
2011/04/01,0,1271000,-103000,1168000
2011/04/04,0,0,0,0
2011/04/05,0,0,0,0
2011/04/06,0,0,-11000,-11000
2011/04/07,0,0,-73000,-73000
2011/04/08,0,245000,0,245000
2011/04/11,0,3000,0,3000
2011/04/12,0,0,-32000,-32000
2011/04/13,0,0,0,0
2011/04/14,0,0,-119000,-119000
2011/04/15,0,250000,0,250000
2011/04/18,0,0,-6000,-6000
2011/04/19,0,293000,-882000,-589000
2011/04/20,0,1270000,0,1270000
2011/04/21,0,4719000,-45000,4674000
2011/04/22,0,1997000,0,1997000
2011/04/25,0,4869000,-9000,4860000
2011/04/26,0,1923000,-13000,1910000
2011/04/27,0,4845000,-9000,4836000
2011/04/28,0,3985000,-285000,3700000
2011/04/29,0,1829000,0,1829000
2011/05/02,0,0,0,0
2011/05/03,0,5060000,-1000,5059000
2011/05/04,0,4068000,0,4068000
2011/05/05,0,1830000,0,1830000
2011/05/06,0,3236000,0,3236000
2011/05/09,0,2193000,-1876000,317000
2011/05/10,0,562000,-300000,262000
2011/05/11,0,420000,-314000,106000
2011/05/12,0,1538000,-6000,1532000
2011/05/13,0,445000,-68000,377000
2011/05/16,0,8000,0,8000
2011/05/17,0,0,-400000,-400000
2011/05/18,0,0,0,0
2011/05/19,0,4577000,-1000,4576000
2011/05/20,0,2180000,-3000,2177000
2011/05/23,0,1179000,-694000,485000
2011/05/24,0,568000,-615000,-47000
2011/05/25,0,280000,0,280000
2011/05/26,0,2469000,0,2469000
2011/05/27,0,1805000,-724000,1081000
2011/05/30,0,2035000,0,2035000
2011/05/31,0,1250000,-2141000,-891000
2011/06/01,0,50000,-973000,-923000
2011/06/02,0,1100000,-494000,606000
2011/06/03,0,500000,-1274000,-774000
2011/06/06,0,0,0,0
2011/06/07,0,500000,0,500000
2011/06/08,0,587000,-603000,-16000
2011/06/09,0,400000,0,400000
2011/06/10,0,795000,-900000,-105000
2011/06/13,0,320000,0,320000
2011/06/14,0,185000,0,185000
2011/06/15,0,491000,-400000,91000
2011/06/16,0,1086000,0,1086000
2011/06/17,0,385000,-806000,-421000
2011/06/20,0,32000,-4797000,-4765000
2011/06/21,0,126000,-230000,-104000
2011/06/22,0,613000,0,613000
2011/06/23,0,1390000,0,1390000
2011/06/24,0,1103000,0,1103000
2011/06/27,0,140000,-4267000,-4127000
2011/06/28,0,1433000,-13000,1420000
2011/06/29,0,429000,0,429000
2011/06/30,0,1392000,-4000,1388000
2011/07/01,0,668000,0,668000
2011/07/04,0,620000,-223000,397000
2011/07/05,0,2030000,-6000,2024000
2011/07/06,0,729000,-118000,611000
2011/07/07,0,240000,0,240000
2011/07/08,0,5131000,-345000,4786000
2011/07/11,0,1664000,0,1664000
2011/07/12,0,608000,0,608000
2011/07/13,0,771000,0,771000
2011/07/14,0,624000,0,624000
2011/07/15,0,1703000,-12000,1691000
2011/07/18,0,2353000,0,2353000
2011/07/19,0,2000000,0,2000000
2011/07/20,0,191000,-1163000,-972000
2011/07/21,0,3029000,-100000,2929000
2011/07/22,0,2103000,-1263000,840000
2011/07/25,0,0,-46000,-46000
2011/07/26,0,1846000,-500000,1346000
2011/07/27,0,3857000,-121000,3736000
2011/07/28,0,1308000,-975000,333000
2011/07/29,0,700000,-450000,250000
2011/08/01,0,3829000,-100000,3729000
2011/08/02,0,1642000,-2220000,-578000
2011/08/03,0,2619000,-96000,2523000
2011/08/04,0,5389000,-172000,5217000
2011/08/05,0,3295000,0,3295000
2011/08/08,0,4784000,-46000,4738000
2011/08/09,0,1571000,-854000,717000
2011/08/10,0,1718000,-24000,1694000
2011/08/11,0,897000,-300000,597000
2011/08/12,0,2438000,-39000,2399000
2011/08/15,0,429000,0,429000
2011/08/16,0,1008000,-25000,983000
2011/08/17,0,1527000,-9000,1518000
2011/08/18,0,2717000,0,2717000
2011/08/19,0,1364000,-193000,1171000
2011/08/22,0,2252000,-190000,2062000
2011/08/23,0,3077000,0,3077000
2011/08/24,0,1835000,0,1835000
2011/08/25,0,80000,0,80000
2011/08/26,0,228000,-2153000,-1925000
2011/08/29,0,1296000,-4241000,-2945000
2011/08/30,0,10000,-2219000,-2209000
2011/08/31,0,515000,-2148000,-1633000
2011/09/01,0,1968000,-8000,1960000
2011/09/02,0,930000,-21000,909000
2011/09/05,0,872000,-161000,711000
2011/09/06,0,0,-4984000,-4984000
2011/09/07,0,82000,-11409000,-11327000
2011/09/08,0,3708000,-2060000,1648000
2011/09/09,0,55000,-85000,-30000
2011/09/12,0,0,0,0
2011/09/13,0,81000,-4662892,-4581892
2011/09/14,0,72000,-3982000,-3910000
2011/09/15,0,404000,-3785400,-3381400
2011/09/16,0,3396000,-2129600,1266400
2011/09/19,0,225000,-532420,-307420
2011/09/20,0,2186000,-1252900,933100
2011/09/21,0,1687,-84340,-82653
2011/09/22,0,2000000,-1990980,9020
2011/09/23,0,17000,-4292420,-4275420
2011/09/26,0,1363000,-5058000,-3695000
2011/09/27,0,1769000,-273000,1496000
2011/09/28,0,912000,-210000,702000
2011/09/29,0,4032000,-1105680,2926320
2011/09/30,0,4395000,-168000,4227000
2011/10/03,0,101000,-852560,-751560
2011/10/04,0,1053000,-3486440,-2433440
2011/10/05,0,68000,-580000,-512000
2011/10/06,0,1643200,-40000,1603200
2011/10/07,0,12496000,0,12496000
2011/10/10,0,0,0,0
2011/10/11,0,9405000,-660000,8745000
2011/10/12,0,5425000,-500000,4925000
2011/10/13,0,414000,0,414000
2011/10/14,0,13000,-1889000,-1876000
2011/10/17,0,3283000,-655319,2627681
2011/10/18,0,263000,-898989,-635989
2011/10/19,0,2163000,-2767000,-604000
2011/10/20,0,2087000,-1803000,284000
2011/10/21,0,1377000,-1507000,-130000
2011/10/24,0,3474000,-302000,3172000
2011/10/25,0,4701000,-57000,4644000
2011/10/26,0,3422000,0,3422000
2011/10/27,0,6275000,0,6275000
2011/10/28,0,9180000,-1000000,8180000
2011/10/31,0,2518000,-1520740,997260
2011/11/01,0,4152000,-17000,4135000
2011/11/02,0,1110000,-2785000,-1675000
2011/11/03,0,8000,-8644000,-8636000
2011/11/04,0,0,-1853000,-1853000
2011/11/07,0,184000,-3232000,-3048000
2011/11/08,0,188000,-1110000,-922000
2011/11/09,0,0,-1755000,-1755000
2011/11/10,0,96000,-10568600,-10472600
2011/11/11,0,0,-2437000,-2437000
2011/11/14,0,1472000,-1162878,309122
2011/11/15,0,320000,-7683940,-7363940
2011/11/16,0,2565000,-10244240,-7679240
2011/11/17,0,68000,-6254840,-6186840
2011/11/18,0,1034000,-8851000,-7817000
2011/11/21,0,354000,-722000,-368000
2011/11/22,0,2779000,-305220,2473780
2011/11/23,0,268000,0,268000
2011/11/24,0,62000,-2169000,-2107000
2011/11/25,0,10325000,-2000000,8325000
2011/11/28,0,621000,-2284000,-1663000
2011/11/29,0,5865000,-252000,5613000
2011/11/30,0,5032000,-6127000,-1095000
2011/12/01,0,8447000,-73000,8374000
2011/12/02,0,3127000,-630960,2496040
2011/12/05,0,2608000,-189000,2419000
2011/12/06,0,380000,-1548000,-1168000
2011/12/07,0,31000,-201120,-170120
2011/12/08,0,178000,0,178000
2011/12/09,0,2155813,-1323000,832813
2011/12/12,0,8355000,0,8355000
2011/12/13,0,1433000,0,1433000
2011/12/14,0,1564000,-2994000,-1430000
2011/12/15,0,0,-898000,-898000
2011/12/16,0,78000,-1127000,-1049000
2011/12/19,0,451000,-6216000,-5765000
2011/12/20,0,16000,-14128180,-14112180
2011/12/21,0,152000,-867000,-715000
2011/12/22,0,1857000,-927000,930000
2011/12/23,0,7898000,-19000,7879000
2011/12/26,0,906000,-160000,746000
2011/12/27,0,833000,-87000,746000
2011/12/28,0,802000,-16000,786000
2011/12/29,0,188000,0,188000
2011/12/30,0,994000,-28000,966000
2012/01/02,0,286000,-1503000,-1217000
2012/01/03,0,250000,-1199000,-949000
2012/01/04,0,0,-250000,-250000
2012/01/05,0,97000,-630681,-533681
2012/01/06,0,0,-1043000,-1043000
2012/01/09,0,0,-2060000,-2060000
2012/01/10,0,5390000,-5576440,-186440
2012/01/11,0,2651000,-2198000,453000
2012/01/12,0,965000,-2324000,-1359000
2012/01/13,0,0,-1826000,-1826000
2012/01/16,0,0,-19311460,-19311460
2012/01/17,0,40000,-11304280,-11264280
2012/01/18,0,0,-12700400,-12700400
2012/01/19,0,0,0,0
2012/01/20,0,0,0,0
2012/01/23,0,0,0,0
2012/01/24,0,0,0,0
2012/01/25,0,0,0,0
2012/01/26,0,0,0,0
2012/01/27,0,0,0,0
2012/01/30,0,1363000,-2251220,-888220
2012/01/31,0,1950000,-5000,1945000
2012/02/01,0,10048000,-128000,9920000
2012/02/02,0,6399000,-911000,5488000
2012/02/03,0,3033000,-28000,3005000
2012/02/06,0,11327000,-84240,11242760
2012/02/07,0,801000,-269800,531200
2012/02/08,0,1137000,-14000,1123000
2012/02/09,0,3153479,-195000,2958479
2012/02/10,0,4261000,-16000,4245000
2012/02/13,0,700000,0,700000
2012/02/14,0,0,-666000,-666000
2012/02/15,0,0,-446000,-446000
2012/02/16,0,2000,-226000,-224000
2012/02/17,0,36000,-2450600,-2414600
2012/02/20,0,100000,-915000,-815000
2012/02/21,0,0,-515000,-515000
2012/02/22,0,300000,-200000,100000
2012/02/23,0,943000,-9347000,-8404000
2012/02/24,0,425000,-2470000,-2045000
2012/02/27,0,0,0,0
2012/02/28,0,0,0,0
2012/02/29,0,2471000,-126000,2345000
2012/03/01,0,760000,-2172000,-1412000
2012/03/02,0,162000,-1391000,-1229000
2012/03/05,0,30000,-8934180,-8904180
2012/03/06,0,0,-17447000,-17447000
2012/03/07,0,0,-3270000,-3270000
2012/03/08,0,50000,-2188844,-2138844
2012/03/09,0,0,-2419000,-2419000
2012/03/12,0,0,-390000,-390000
2012/03/13,0,648000,-76000,572000
2012/03/14,0,3099000,-187000,2912000
2012/03/15,0,0,-281000,-281000
2012/03/16,0,733000,-740000,-7000
2012/03/19,0,0,-56000,-56000
2012/03/20,0,100000,-65000,35000
2012/03/21,0,0,-252000,-252000
2012/03/22,0,0,-298000,-298000
2012/03/23,0,3411000,-299000,3112000
2012/03/26,0,1725000,-439000,1286000
2012/03/27,0,80000,-587000,-507000
2012/03/28,0,30000,0,30000
2012/03/29,0,0,0,0
2012/03/30,0,85000,-664000,-579000
2012/04/02,0,0,-3000,-3000
2012/04/03,0,3260000,0,3260000
2012/04/04,0,0,0,0
2012/04/05,0,513898,-8000,505898
2012/04/06,0,74000,-991000,-917000
2012/04/09,0,900000,-23000,877000
2012/04/10,0,650000,0,650000
2012/04/11,0,754000,0,754000
2012/04/12,0,300000,-502000,-202000
2012/04/13,0,24000,0,24000
2012/04/16,0,0,-3000,-3000
2012/04/17,0,0,0,0
2012/04/18,0,9131000,0,9131000
2012/04/19,0,8348000,0,8348000
2012/04/20,0,6921000,0,6921000
2012/04/23,0,6450000,0,6450000
2012/04/24,0,3379000,0,3379000
2012/04/25,0,1306000,-297000,1009000
2012/04/26,0,3162000,0,3162000
2012/04/27,0,1531000,0,1531000
2012/04/30,0,1528000,0,1528000
2012/05/01,0,0,0,0
2012/05/02,0,395000,-1625000,-1230000
2012/05/03,0,400349,-1000000,-599651
2012/05/04,0,521000,-2360000,-1839000
2012/05/07,0,0,-3148000,-3148000
2012/05/08,0,0,0,0
2012/05/09,0,0,0,0
2012/05/10,0,900000,-350000,550000
2012/05/11,0,1564000,0,1564000
2012/05/14,0,850000,-330000,520000
2012/05/15,0,336000,0,336000
2012/05/16,0,443000,-3834000,-3391000
2012/05/17,0,3167000,-100000,3067000
2012/05/18,0,1494000,0,1494000
2012/05/21,0,416000,-3000000,-2584000
2012/05/22,0,100000,-1480000,-1380000
2012/05/23,0,0,-2026000,-2026000
2012/05/24,0,0,-3548000,-3548000
2012/05/25,0,120000,-482000,-362000
2012/05/28,0,1997000,-3200000,-1203000
2012/05/29,0,609000,-45000,564000
2012/05/30,0,0,-5048,-5048
2012/05/31,0,0,-2088000,-2088000
2012/06/01,0,32000,-727000,-695000
2012/06/04,0,36000,-3554000,-3518000
2012/06/05,0,1908000,-2517000,-609000
2012/06/06,0,107000,-5267000,-5160000
2012/06/07,0,280000,0,280000
2012/06/08,0,253000,-130000,123000
2012/06/11,0,1394000,0,1394000
2012/06/12,0,541000,0,541000
2012/06/13,0,338000,-24000,314000
2012/06/14,0,54000,-1017000,-963000
2012/06/15,0,0,-442000,-442000
2012/06/18,0,135000,-2000,133000
2012/06/19,0,1496000,-208000,1288000
2012/06/20,0,100000,-2071000,-1971000
2012/06/21,0,80000,-7745000,-7665000
2012/06/22,0,0,-2360000,-2360000
2012/06/25,0,0,-68000,-68000
2012/06/26,0,0,-35728,-35728
2012/06/27,0,1115000,-440,1114560
2012/06/28,0,510000,-33000,477000
2012/06/29,0,0,0,0
2012/07/02,0,3720000,-36000,3684000
2012/07/03,0,1682000,0,1682000
2012/07/04,0,850000,-30000,820000
2012/07/05,0,1569000,-96000,1473000
2012/07/06,0,0,-36000,-36000
2012/07/09,0,349000,-300000,49000
2012/07/10,0,903000,0,903000
2012/07/11,0,1325000,-98000,1227000
2012/07/12,0,1335000,0,1335000
2012/07/13,0,400000,0,400000
2012/07/16,0,120000,-3000,117000
2012/07/17,0,3089000,-673000,2416000
2012/07/18,0,300000,0,300000
2012/07/19,0,3000,0,3000
2012/07/20,0,88000,-2055000,-1967000
2012/07/23,0,500000,-1533000,-1033000
2012/07/24,0,1406000,-625000,781000
2012/07/25,0,200000,0,200000
2012/07/26,0,1276000,0,1276000
2012/07/27,0,1342000,0,1342000
2012/07/30,0,2927000,0,2927000
2012/07/31,0,1823000,-2426000,-603000
2012/08/01,0,3328000,-380000,2948000
2012/08/02,0,0,0,0
2012/08/03,0,200000,-20000,180000
2012/08/06,0,15000,-50000,-35000
2012/08/07,0,5000,-1975000,-1970000
2012/08/08,0,10000,-4014000,-4004000
2012/08/09,0,251000,-2507250,-2256250
2012/08/10,0,125000,-1067000,-942000
2012/08/13,0,0,-1601000,-1601000
2012/08/14,0,0,-1693000,-1693000
2012/08/15,0,176000,-7774000,-7598000
2012/08/16,0,0,-4134000,-4134000
2012/08/17,0,163000,-1801275,-1638275
2012/08/20,0,0,-260000,-260000
2012/08/21,0,0,-156000,-156000
2012/08/22,0,307000,-10000,297000
2012/08/23,0,6000,-191000,-185000
2012/08/24,0,0,-935000,-935000
2012/08/27,0,6000,-412000,-406000
2012/08/28,0,2000,-120000,-118000
2012/08/29,0,100000,-251000,-151000
2012/08/30,0,100000,-2956000,-2856000
2012/08/31,0,33000,-984000,-951000
2012/09/03,0,0,-1147000,-1147000
2012/09/04,0,0,-2795000,-2795000
2012/09/05,0,7000,-5212000,-5205000
2012/09/06,0,15000,-860000,-845000
2012/09/07,0,11000,-149185,-138185
2012/09/10,0,370000,-898000,-528000
2012/09/11,0,0,-1162470,-1162470
2012/09/12,0,1649000,-30000,1619000
2012/09/13,0,237000,-50000,187000
2012/09/14,0,858000,0,858000
2012/09/17,0,4505000,0,4505000
2012/09/18,0,483000,-514000,-31000
2012/09/19,0,1626000,-4462820,-2836820
2012/09/20,0,50000,-39000,11000
2012/09/21,0,403000,-395000,8000
2012/09/24,0,6000,-1481000,-1475000
2012/09/25,0,0,-62000,-62000
2012/09/26,0,0,-2227590,-2227590
2012/09/27,0,1170000,-2000,1168000
2012/09/28,0,7000,-190719,-183719
2012/10/01,0,5000,-318000,-313000
2012/10/02,0,1075000,0,1075000
2012/10/03,0,0,-2728000,-2728000
2012/10/04,0,0,-894000,-894000
2012/10/05,0,871974,-512500,359474
2012/10/08,0,0,-1389000,-1389000
2012/10/09,0,0,-1465060,-1465060
2012/10/10,0,0,0,0
2012/10/11,0,0,-1517140,-1517140
2012/10/12,0,0,-103000,-103000
2012/10/15,0,0,-1435000,-1435000
2012/10/16,0,0,0,0
2012/10/17,0,10000,-1649110,-1639110
2012/10/18,0,66000,-515000,-449000
2012/10/19,0,50000,-53215,-3215
2012/10/22,0,0,0,0
2012/10/23,0,30000,-36000,-6000
2012/10/24,0,0,0,0
2012/10/25,0,0,-52000,-52000
2012/10/26,0,0,-822655,-822655
2012/10/29,0,22681,-1165000,-1142319
2012/10/30,0,0,0,0
2012/10/31,0,0,-353000,-353000
2012/11/01,0,0,-301225,-301225
2012/11/02,0,15000,-28000,-13000
2012/11/05,0,162000,-15000,147000
2012/11/06,0,535000,-572000,-37000
2012/11/07,0,0,-360700,-360700
2012/11/08,0,0,-571000,-571000
2012/11/09,0,303000,-1562000,-1259000
2012/11/12,0,6000,-106000,-100000
2012/11/13,0,6000,0,6000
2012/11/14,0,0,-506195,-506195
2012/11/15,0,0,-20000,-20000
2012/11/16,0,206000,-1400000,-1194000
2012/11/19,0,900000,0,900000
2012/11/20,0,1338000,0,1338000
2012/11/21,0,1705000,0,1705000
2012/11/22,0,3126000,-3446000,-320000
2012/11/23,0,920000,0,920000
2012/11/26,0,538000,0,538000
2012/11/27,0,2000000,-32000,1968000
2012/11/28,0,322000,-24000,298000
2012/11/29,0,165000,0,165000
2012/11/30,0,430000,-441000,-11000
2012/12/03,0,200000,-242000,-42000
2012/12/04,0,100000,-6000,94000
2012/12/05,0,0,-635583,-635583
2012/12/06,0,100000,-321000,-221000
2012/12/07,0,200000,-393000,-193000
2012/12/10,0,15000,-953437,-938437
2012/12/11,0,100000,-3434000,-3334000
2012/12/12,0,1732000,-2000,1730000
2012/12/13,0,635000,-562985,72015
2012/12/14,0,432000,-340000,92000
2012/12/17,0,0,-35000,-35000
2012/12/18,0,260000,-42000,218000
2012/12/19,0,225000,-214000,11000
2012/12/20,0,525000,-2815000,-2290000
2012/12/21,0,0,-491400,-491400
2012/12/24,0,0,-869000,-869000
2012/12/25,0,0,0,0
2012/12/26,0,1031000,-400000,631000
2012/12/27,0,323000,-1266000,-943000
2012/12/28,0,2944000,-854000,2090000
2012/12/31,0,0,0,0
2013/01/01,0,0,0,0
2013/01/02,0,0,0,0
2013/01/03,0,1508000,-513000,995000
2013/01/04,0,838000,-1253000,-415000
2013/01/07,0,0,-259000,-259000
2013/01/08,0,0,-8000,-8000
2013/01/09,0,67000,-774960,-707960
2013/01/10,0,2014000,-1737000,277000
2013/01/11,0,1422000,-2233745,-811745
2013/01/14,0,115000,-300000,-185000
2013/01/15,0,1059000,-226000,833000
2013/01/16,0,1019000,-841544,177456
2013/01/17,0,841830,-241000,600830
2013/01/18,0,1495000,-27000,1468000
2013/01/21,0,0,-215000,-215000
2013/01/22,0,220000,-16000,204000
2013/01/23,0,60000,-77000,-17000
2013/01/24,0,5000,-36000,-31000
2013/01/25,0,0,-11000,-11000
2013/01/28,0,968000,0,968000
2013/01/29,0,3000000,-1000,2999000
2013/01/30,0,0,0,0
2013/01/31,0,117000,-13000,104000
2013/02/01,0,878000,0,878000
2013/02/04,0,7187000,-163000,7024000
2013/02/05,0,3166000,-418000,2748000
2013/02/06,0,3989000,-35000,3954000
2013/02/07,0,0,0,0
2013/02/08,0,0,0,0
2013/02/11,0,0,0,0
2013/02/12,0,0,0,0
2013/02/13,0,0,0,0
2013/02/14,0,0,0,0
2013/02/15,0,0,0,0
2013/02/18,0,1310000,-511885,798115
2013/02/19,0,62000,-712000,-650000
2013/02/20,0,1310000,-3000,1307000
2013/02/21,0,0,-596000,-596000
2013/02/22,0,40000,-1641000,-1601000
2013/02/25,0,663000,-993000,-330000
2013/02/26,0,0,-3926000,-3926000
2013/02/27,0,0,-1829250,-1829250
2013/02/28,0,0,0,0
2013/03/01,0,0,-100000,-100000
2013/03/04,0,0,-1171000,-1171000
2013/03/05,0,0,-2900420,-2900420
2013/03/06,0,0,-8000,-8000
2013/03/07,0,0,-2000,-2000
2013/03/08,0,160000,-73000,87000
2013/03/11,0,100000,-142000,-42000
2013/03/12,0,50000,-8000,42000
2013/03/13,0,100000,-922290,-822290
2013/03/14,0,552000,-2087840,-1535840
2013/03/15,0,9788000,-591000,9197000
2013/03/18,0,70000,-872000,-802000
2013/03/19,0,0,-1192890,-1192890
2013/03/20,0,0,-1033030,-1033030
2013/03/21,0,60000,-1831000,-1771000
2013/03/22,0,60000,-15000,45000
2013/03/25,0,600000,-950000,-350000
2013/03/26,0,0,-797500,-797500
2013/03/27,0,0,-410000,-410000
2013/03/28,0,0,-949000,-949000
2013/03/29,0,12000,-650000,-638000
2013/04/01,0,411000,-1812000,-1401000
2013/04/02,0,0,-2651000,-2651000
2013/04/03,0,0,-1504000,-1504000
2013/04/04,0,0,0,0
2013/04/05,0,0,0,0
2013/04/08,0,0,-1079900,-1079900
2013/04/09,0,540000,-2683000,-2143000
2013/04/10,0,0,-250500,-250500
2013/04/11,0,0,-6707350,-6707350
2013/04/12,0,0,-9000,-9000
2013/04/15,0,0,-2328175,-2328175
2013/04/16,0,0,-3564450,-3564450
2013/04/17,0,0,-3256000,-3256000
2013/04/18,0,0,-2772000,-2772000
2013/04/19,0,617949,-3079750,-2461801
2013/04/22,0,100000,-2312898,-2212898
2013/04/23,0,1800000,-1158745,641255
2013/04/24,0,0,-83000,-83000
2013/04/25,0,0,-635000,-635000
2013/04/26,0,0,-645000,-645000
2013/04/29,0,0,-2340000,-2340000
2013/04/30,0,0,-650000,-650000
2013/05/01,0,0,0,0
2013/05/02,0,0,-157000,-157000
2013/05/03,0,0,-549035,-549035
2013/05/06,0,61000,-38000,23000
2013/05/07,0,0,-192694,-192694
2013/05/08,0,0,-466000,-466000
2013/05/09,0,0,-9000,-9000
2013/05/10,0,0,-964000,-964000
2013/05/13,0,0,-373000,-373000
2013/05/14,0,0,-3105000,-3105000
2013/05/15,0,0,-4000,-4000
2013/05/16,0,0,0,0
2013/05/17,0,0,-43000,-43000
2013/05/20,0,0,-15000,-15000
2013/05/21,0,0,-91000,-91000
2013/05/22,0,0,-50000,-50000
2013/05/23,0,0,-1002312,-1002312
2013/05/24,0,0,-32000,-32000
2013/05/27,0,400000,-379000,21000
2013/05/28,0,0,-152000,-152000
2013/05/29,0,0,-135000,-135000
2013/05/30,0,2000,-432000,-430000
2013/05/31,0,770000,-1187000,-417000
2013/06/03,0,0,-754000,-754000
2013/06/04,0,6000,-1180000,-1174000
2013/06/05,0,0,-615750,-615750
2013/06/06,0,0,-309207,-309207
2013/06/07,0,100000,-4415,95585
2013/06/10,0,0,0,0
2013/06/11,0,85000,0,85000
2013/06/12,0,0,0,0
2013/06/13,0,103000,-36000,67000
2013/06/14,0,0,-50000,-50000
2013/06/17,0,20000,0,20000
2013/06/18,0,0,-158000,-158000
2013/06/19,0,200000,-2637562,-2437562
2013/06/20,0,0,-375000,-375000
2013/06/21,0,104000,-9608063,-9504063
2013/06/24,0,0,-454000,-454000
2013/06/25,0,0,-549000,-549000
2013/06/26,0,0,-45000,-45000
2013/06/27,0,3000,0,3000
2013/06/28,0,12000,0,12000
2013/07/01,0,10000,-13000,-3000
2013/07/02,0,0,0,0
2013/07/03,0,0,-1118000,-1118000
2013/07/04,0,1000000,-194000,806000
2013/07/05,0,0,-15000,-15000
2013/07/08,0,0,0,0
2013/07/09,0,980000,0,980000
2013/07/10,0,890000,0,890000
2013/07/11,0,60000,-202,59798
2013/07/12,0,0,-232000,-232000
2013/07/15,0,0,0,0
2013/07/16,0,0,0,0
2013/07/17,0,0,-60000,-60000
2013/07/18,0,746000,-36000,710000
2013/07/19,0,321000,-581145,-260145
2013/07/22,0,674000,-746,673254
2013/07/23,0,3000,0,3000
2013/07/24,0,203000,0,203000
2013/07/25,0,251000,0,251000
2013/07/26,0,0,0,0
2013/07/29,0,0,-547000,-547000
2013/07/30,0,22000,0,22000
2013/07/31,0,1383000,-6000,1377000
2013/08/01,0,20000,0,20000
2013/08/02,0,0,0,0
2013/08/05,0,0,0,0
2013/08/06,0,0,-60000,-60000
2013/08/07,0,0,0,0
2013/08/08,0,0,0,0
2013/08/09,0,0,0,0
2013/08/12,0,9000,0,9000
2013/08/13,0,100000,-1450000,-1350000
2013/08/14,0,67000,-1110000,-1043000
2013/08/15,0,30000,-924150,-894150
2013/08/16,0,23000,-500000,-477000
2013/08/19,0,45000,-900000,-855000
2013/08/20,0,31000,-597750,-566750
2013/08/21,0,0,0,0
2013/08/22,0,15000,-1827000,-1812000
2013/08/23,0,37000,0,37000
2013/08/26,0,73000,0,73000
2013/08/27,0,0,0,0
2013/08/28,0,22000,-200000,-178000
2013/08/29,0,20000,-352000,-332000
2013/08/30,0,15000,-566000,-551000
2013/09/02,0,0,-222000,-222000
2013/09/03,0,2007000,-12088,1994912
2013/09/04,0,135000,0,135000
2013/09/05,0,173000,-340000,-167000
2013/09/06,0,87000,-1861000,-1774000
2013/09/09,0,189000,-5000,184000
2013/09/10,0,148000,-118000,30000
2013/09/11,0,216000,-600000,-384000
2013/09/12,0,22000,0,22000
2013/09/13,0,991000,-207000,784000
2013/09/16,0,1584000,0,1584000
2013/09/17,0,1612000,0,1612000
2013/09/18,0,1102000,-814000,288000
2013/09/19,0,0,0,0
2013/09/20,0,0,0,0
2013/09/23,0,394000,-6000,388000
2013/09/24,0,584000,-382000,202000
2013/09/25,0,3500000,-284000,3216000
2013/09/26,0,4181000,-505000,3676000
2013/09/27,0,2060000,-4000,2056000
2013/09/30,0,478000,-3000,475000
2013/10/01,0,353000,0,353000
2013/10/02,0,1463000,-4000,1459000
2013/10/03,0,2263000,-1400000,863000
2013/10/04,0,4610000,0,4610000
2013/10/07,0,3714000,0,3714000
2013/10/08,0,2193000,0,2193000
2013/10/09,0,1876000,0,1876000
2013/10/10,0,0,0,0
2013/10/11,0,2534000,0,2534000
2013/10/14,0,1019000,0,1019000
2013/10/15,0,697000,0,697000
2013/10/16,0,208000,-132000,76000
2013/10/17,0,2000,-228000,-226000
2013/10/18,0,2290000,-45000,2245000
2013/10/21,0,0,-398000,-398000
2013/10/22,0,0,-262000,-262000
2013/10/23,0,0,-3000,-3000
2013/10/24,0,1000,-282000,-281000
2013/10/25,0,0,-603000,-603000
2013/10/28,0,102000,-1186000,-1084000
2013/10/29,0,489000,-2003000,-1514000
2013/10/30,0,2097000,-26000,2071000
2013/10/31,0,863000,-174000,689000
2013/11/01,0,0,-12000,-12000
2013/11/04,0,0,-49000,-49000
2013/11/05,0,0,0,0
2013/11/06,0,0,-9000,-9000
2013/11/07,0,0,-150000,-150000
2013/11/08,0,0,0,0
2013/11/11,0,195000,-176000,19000
2013/11/12,0,230000,0,230000
2013/11/13,0,0,-2200000,-2200000
2013/11/14,0,0,0,0
2013/11/15,0,0,-124000,-124000
2013/11/18,0,200000,-2290000,-2090000
2013/11/19,0,48000,0,48000
2013/11/20,0,1000000,0,1000000
2013/11/21,0,1032000,0,1032000
2013/11/22,0,129000,0,129000
2013/11/25,0,766779,0,766779
2013/11/26,0,66000,-15000,51000
2013/11/27,0,923000,0,923000
2013/11/28,0,1654000,0,1654000
2013/11/29,0,500000,-4000,496000
2013/12/02,0,0,0,0
2013/12/03,0,2450000,-3000,2447000
2013/12/04,0,0,-137000,-137000
2013/12/05,0,650000,-485534,164466
2013/12/06,0,0,0,0
2013/12/09,0,279000,0,279000
2013/12/10,0,1141000,0,1141000
2013/12/11,0,4783000,0,4783000
2013/12/12,0,1285000,-5000,1280000
2013/12/13,0,1400000,-159000,1241000
2013/12/16,0,2700000,-315000,2385000
2013/12/17,0,6360000,-3323000,3037000
2013/12/18,0,0,-1824000,-1824000
2013/12/19,0,4678000,-413000,4265000
2013/12/20,0,287000,-727155,-440155
2013/12/23,0,0,-173000,-173000
2013/12/24,0,3000000,-204224,2795776
2013/12/25,0,3356000,-131000,3225000
2013/12/26,0,650000,-3000,647000
2013/12/27,0,205000,-119000,86000
2013/12/30,0,1564000,0,1564000
2013/12/31,0,1650000,-15000,1635000
2014/01/02,0,1500000,-167000,1333000
2014/01/03,0,78000,-1430961,-1352961
2014/01/06,0,716000,-219000,497000
2014/01/07,0,0,-460000,-460000
2014/01/08,0,2000,-700000,-698000
2014/01/09,0,463000,-328000,135000
2014/01/10,0,0,-655000,-655000
2014/01/13,0,0,-163000,-163000
2014/01/14,0,7000,-2000,5000
2014/01/15,0,0,-857000,-857000
2014/01/16,0,0,-530000,-530000
2014/01/17,0,75000,-344670,-269670
2014/01/20,0,0,-165000,-165000
2014/01/21,0,55000,-1544000,-1489000
2014/01/22,0,0,-656000,-656000
2014/01/23,0,580000,-26000,554000
2014/01/24,0,300000,-69000,231000
2014/01/27,0,100000,-297000,-197000
2014/02/05,0,56000,-31000,25000
2014/02/06,0,220000,-2771363,-2551363
2014/02/07,0,240000,-438000,-198000
2014/02/10,0,10000,-50000,-40000
2014/02/11,0,100000,-269000,-169000
2014/02/12,0,180000,-3961422,-3781422
2014/02/13,0,0,-475363,-475363
2014/02/14,0,0,-2891000,-2891000
2014/02/17,0,206000,-65000,141000
2014/02/18,0,0,-322000,-322000
2014/02/19,0,504000,-541000,-37000
2014/02/20,0,0,-241023,-241023
2014/02/21,0,0,-1501560,-1501560
2014/02/24,0,400000,-2711707,-2311707
2014/02/25,0,0,-5685000,-5685000
2014/02/26,0,70000,-4491457,-4421457
2014/02/27,0,55000,-1057000,-1002000
2014/03/03,0,0,-1949761,-1949761
2014/03/04,0,0,-903000,-903000
2014/03/05,0,1000,-279000,-278000
2014/03/06,0,0,-192085,-192085
2014/03/07,0,0,-162000,-162000
2014/03/10,0,0,-526000,-526000
2014/03/11,0,0,-422119,-422119
2014/03/12,0,0,-2000,-2000
2014/03/13,0,0,0,0
2014/03/14,0,0,-450000,-450000
2014/03/17,0,0,-342000,-342000
2014/03/18,0,455000,-349000,106000
2014/03/19,0,50000,-192000,-142000
2014/03/20,0,0,-339000,-339000
2014/03/21,0,0,-7441000,-7441000
2014/03/24,0,0,-9725000,-9725000
2014/03/25,0,0,0,0
2014/03/26,0,153000,-160000,-7000
2014/03/27,0,0,-400773,-400773
2014/03/28,0,0,-408415,-408415
2014/03/31,0,0,-2008312,-2008312
2014/04/01,0,250000,-141000,109000
2014/04/02,0,0,-914000,-914000
2014/04/03,0,100000,-291000,-191000
2014/04/07,0,0,-1179000,-1179000
2014/04/08,0,250000,-200000,50000
2014/04/09,0,0,-100000,-100000
2014/04/10,0,20691,-1016726,-996035
2014/04/11,0,150000,0,150000
2014/04/14,0,141000,-44000,97000
2014/04/15,0,0,-87000,-87000
2014/04/16,0,0,-29000,-29000
2014/04/17,0,0,-60000,-60000
2014/04/18,0,0,-27000,-27000
2014/04/21,0,15000,-702000,-687000
2014/04/22,0,0,-1005000,-1005000
2014/04/23,0,0,-711614,-711614
2014/04/24,0,0,-500000,-500000
2014/04/25,0,0,-1650000,-1650000
2014/04/28,0,0,-2030000,-2030000
2014/04/29,0,150000,-2000000,-1850000
2014/04/30,0,164000,-2492592,-2328592
2014/05/02,0,250000,-576000,-326000
2014/05/05,0,150000,-373000,-223000
2014/05/06,0,0,-4738748,-4738748
2014/05/07,0,0,0,0
2014/05/08,0,2536000,0,2536000
2014/05/09,0,0,0,0
2014/05/12,0,0,0,0
2014/05/13,0,0,-153597,-153597
2014/05/14,0,395000,-366000,29000
2014/05/15,0,0,0,0
2014/05/16,0,0,0,0
2014/05/19,0,465000,-7000,458000
2014/05/20,0,100000,0,100000
2014/05/21,0,0,-1000,-1000
2014/05/22,0,0,0,0
2014/05/23,0,2200000,0,2200000
2014/05/26,0,1036000,-3000,1033000
2014/05/27,0,546000,-30000,516000
2014/05/28,0,0,-269102,-269102
2014/05/29,0,82000,-15000,67000
2014/05/30,0,287000,-880000,-593000
2014/06/03,0,110000,-565000,-455000
2014/06/04,0,0,-238000,-238000
2014/06/05,0,12000,-921000,-909000
2014/06/06,0,0,-4000,-4000
2014/06/09,0,0,-356000,-356000
2014/06/10,0,1000000,-31000,969000
2014/06/11,0,0,-45000,-45000
2014/06/12,0,900000,-53000,847000
2014/06/13,0,0,-37000,-37000
2014/06/16,0,0,-49000,-49000
2014/06/17,0,0,0,0
2014/06/18,0,5000,-982000,-977000
2014/06/19,0,0,-1581000,-1581000
2014/06/20,0,8486000,-672000,7814000
2014/06/23,0,0,-825000,-825000
2014/06/24,0,815000,-127000,688000
2014/06/25,0,315000,-1004000,-689000
2014/06/26,0,312000,0,312000
2014/06/27,0,318000,0,318000
2014/06/30,0,318000,-56000,262000
2014/07/01,0,289000,-543000,-254000
2014/07/02,0,302000,-619581,-317581
2014/07/03,0,238000,-883000,-645000
2014/07/04,0,346000,-145000,201000
2014/07/07,0,232000,-149,231851
2014/07/08,0,244000,-951000,-707000
2014/07/09,0,555000,-310000,245000
2014/07/10,0,1741000,-700000,1041000
2014/07/11,0,245000,0,245000
2014/07/14,0,263000,0,263000
2014/07/15,0,3817000,-91000,3726000
2014/07/16,0,1350000,0,1350000
2014/07/17,0,2262000,0,2262000
2014/07/18,0,1823000,-3412000,-1589000
2014/07/21,0,252000,-69,251931
2014/07/22,0,2043000,0,2043000
2014/07/23,0,0,0,0
2014/07/24,0,803000,-800000,3000
2014/07/25,0,4297000,-345000,3952000
2014/07/28,0,768000,-662000,106000
2014/07/29,0,1463000,0,1463000
2014/07/30,0,63000,-5000,58000
2014/07/31,0,99000,-510000,-411000
2014/08/01,0,76000,-800000,-724000
2014/08/04,0,1636000,-2000,1634000
2014/08/05,0,2071000,-200000,1871000
2014/08/06,0,141000,-109000,32000
2014/08/07,0,893000,-60000,833000
2014/08/08,0,195000,0,195000
2014/08/11,0,152000,0,152000
2014/08/12,0,27000,-80000,-53000
2014/08/13,0,27000,0,27000
2014/08/14,0,1349000,-15000,1334000
2014/08/15,0,190000,-378000,-188000
2014/08/18,0,157000,-43000,114000
2014/08/19,0,531000,0,531000
2014/08/20,0,1032000,0,1032000
2014/08/21,0,2543000,0,2543000
2014/08/22,0,3327000,0,3327000
2014/08/25,0,1802000,0,1802000
2014/08/26,0,332000,0,332000
2014/08/27,0,112000,0,112000
2014/08/28,0,231000,-470000,-239000
2014/08/29,0,4000,-544000,-540000
2014/09/01,0,0,0,0
2014/09/02,0,100000,0,100000
2014/09/03,0,51000,0,51000
2014/09/04,0,1039000,0,1039000
2014/09/05,0,102000,0,102000
2014/09/09,0,350000,0,350000
2014/09/10,0,20000,0,20000
2014/09/11,0,87000,0,87000
2014/09/12,0,71000,-1535000,-1464000
2014/09/15,0,8000,0,8000
2014/09/16,0,23000,-500000,-477000
2014/09/17,0,236000,-2000,234000
2014/09/18,0,10000,-806000,-796000
2014/09/19,0,0,-2635000,-2635000
2014/09/22,0,67462,-69000,-1538
2014/09/23,0,40000,0,40000
2014/09/24,0,93000,0,93000
2014/09/25,0,0,0,0
2014/09/26,0,600000,0,600000
2014/09/29,0,0,0,0
2014/09/30,0,1152000,0,1152000
2014/10/01,0,0,0,0
2014/10/02,0,3000,-43000,-40000
2014/10/03,0,200000,-229000,-29000
2014/10/06,0,25000,-4000,21000
2014/10/07,0,7000,-140000,-133000
2014/10/08,0,146000,0,146000
2014/10/09,0,309000,-4000,305000
2014/10/13,0,0,0,0
2014/10/14,0,0,0,0
2014/10/15,0,1013000,0,1013000
2014/10/16,0,457000,-207000,250000
2014/10/17,0,10000,0,10000
2014/10/20,0,20000,0,20000
2014/10/21,0,32000,0,32000
2014/10/22,0,710000,-1130000,-420000
2014/10/23,0,1485000,-157310,1327690
2014/10/24,0,0,0,0
2014/10/27,0,265000,-3000,262000
2014/10/28,0,256000,0,256000
2014/10/29,0,1239000,0,1239000
2014/10/30,0,460000,0,460000
2014/10/31,0,297000,-10000,287000
2014/11/03,0,0,-7000,-7000
2014/11/04,0,0,-1225000,-1225000
2014/11/05,0,153000,-1054000,-901000
2014/11/06,0,0,-399000,-399000
2014/11/07,0,0,-399000,-399000
2014/11/10,0,340000,0,340000
2014/11/11,0,677000,-538000,139000
2014/11/12,0,37000,0,37000
2014/11/13,0,0,-88000,-88000
2014/11/14,0,643000,-1296000,-653000
2014/11/17,0,20000,-790000,-770000
2014/11/18,0,30000,0,30000
2014/11/19,0,0,-350000,-350000
2014/11/20,0,14000,0,14000
2014/11/21,0,10000,-500000,-490000
2014/11/24,0,0,0,0
2014/11/25,0,65000,-56000,9000
2014/11/26,0,118000,-22000,96000
2014/11/27,0,0,-149000,-149000
2014/11/28,0,0,-500000,-500000
2014/12/01,0,0,-104000,-104000
2014/12/02,0,0,-3695000,-3695000
2014/12/03,0,0,-1008000,-1008000
2014/12/04,0,0,-450000,-450000
2014/12/05,0,22000,-908000,-886000
2014/12/08,0,0,-1308000,-1308000
2014/12/09,0,0,-1510000,-1510000
2014/12/10,0,0,-5795000,-5795000
2014/12/11,0,0,-802375,-802375
2014/12/12,0,0,0,0
2014/12/15,0,0,0,0
2014/12/16,0,96000,0,96000
2014/12/17,0,0,-1350000,-1350000
2014/12/18,0,0,0,0
2014/12/19,0,252000,-4397000,-4145000
2014/12/22,0,0,-715000,-715000
2014/12/23,0,0,-214000,-214000
2014/12/24,0,80000,-1200000,-1120000
2014/12/25,0,0,-1000000,-1000000
2014/12/26,0,0,-1217000,-1217000
2014/12/29,0,0,-4047000,-4047000
2014/12/30,0,40000,-1067000,-1027000
2014/12/31,0,52000,-1100000,-1048000
2015/01/01,0,0,0,0
2015/01/02,0,0,0,0
2015/01/05,0,900000,-68419,831581
2015/01/06,0,0,-3000000,-3000000
2015/01/07,0,101000,-1958976,-1857976
2015/01/08,0,0,0,0
2015/01/09,0,0,-795908,-795908
2015/01/12,0,0,-220000,-220000
2015/01/13,0,0,-1045000,-1045000
2015/01/14,0,0,-237000,-237000
2015/01/15,0,0,-418000,-418000
2015/01/16,0,0,0,0
2015/01/19,0,0,-8000,-8000
2015/01/20,0,0,0,0
2015/01/21,0,97000,-240000,-143000
2015/01/22,0,0,-420000,-420000
2015/01/23,0,0,-3314612,-3314612
2015/01/26,0,0,-228000,-228000
2015/01/27,0,0,0,0
2015/01/28,0,0,0,0
2015/01/29,0,200000,-350000,-150000
2015/01/30,0,0,-541000,-541000
2015/02/02,0,200000,0,200000
2015/02/03,0,250000,0,250000
2015/02/04,0,415000,0,415000
2015/02/05,0,0,0,0
2015/02/06,0,340000,-1391000,-1051000
2015/02/09,0,300000,-520000,-220000
2015/02/10,0,886000,-795000,91000
2015/02/11,0,483000,-783000,-300000
2015/02/12,0,243000,-63000,180000
2015/02/13,0,2259000,-23000,2236000
2015/02/16,0,0,0,0
2015/02/17,0,0,0,0
2015/02/18,0,0,0,0
2015/02/19,0,0,0,0
2015/02/20,0,0,0,0
2015/02/23,0,0,0,0
2015/02/24,0,0,0,0
2015/02/25,0,53000,-59000,-6000
2015/02/26,0,0,-91000,-91000
2015/02/27,0,0,0,0
2015/03/02,0,0,-20000,-20000
2015/03/03,0,0,-304000,-304000
2015/03/04,0,0,-141000,-141000
2015/03/05,0,0,-619000,-619000
2015/03/06,0,0,0,0
2015/03/09,0,0,-11000,-11000
2015/03/10,0,83000,-1377000,-1294000
2015/03/11,0,99000,-388000,-289000
2015/03/12,0,256000,-4649,251351
2015/03/13,0,369000,0,369000
2015/03/16,0,0,-7000,-7000
2015/03/17,0,583000,-564000,19000
2015/03/18,0,0,-80000,-80000
2015/03/19,0,58000,-144000,-86000
2015/03/20,0,541000,-265000,276000
2015/03/23,0,0,-13000,-13000
2015/03/24,0,310000,-10000,300000
2015/03/25,0,0,-58000,-58000
2015/03/26,0,0,-190000,-190000
2015/03/27,0,0,-122000,-122000
2015/03/30,0,0,0,0
2015/03/31,0,1767000,0,1767000
2015/04/01,0,293000,0,293000
2015/04/02,0,449000,0,449000
2015/04/03,0,0,0,0
2015/04/06,0,0,0,0
2015/04/07,0,495000,0,495000
2015/04/08,0,77000,0,77000
2015/04/09,0,1440000,0,1440000
2015/04/10,0,1476000,0,1476000
2015/04/13,0,1589000,0,1589000
2015/04/14,0,2500000,-314000,2186000
2015/04/15,0,1753000,-8000,1745000
2015/04/16,0,396000,0,396000
2015/04/17,0,2038000,0,2038000
2015/04/20,0,207000,0,207000
2015/04/21,0,403000,0,403000
2015/04/22,0,420000,0,420000
2015/04/23,0,2811000,0,2811000
2015/04/24,0,486000,-4000,482000
2015/04/27,0,1055000,0,1055000
2015/04/28,0,494000,-64000,430000
2015/04/29,0,421000,-143000,278000
2015/04/30,0,100000,-5000,95000
2015/05/01,0,0,0,0
2015/05/04,0,200000,-5000,195000
2015/05/05,0,435000,-773000,-338000
2015/05/06,0,170000,-554000,-384000
2015/05/07,0,113000,-850000,-737000
2015/05/08,0,60000,-1100000,-1040000
2015/05/11,0,316000,-247000,69000
2015/05/12,0,1930000,-299000,1631000
2015/05/13,0,250000,-273000,-23000
2015/05/14,0,270000,-111000,159000
2015/05/15,0,89000,-1065000,-976000
2015/05/18,0,0,0,0
2015/05/19,0,20000,-390000,-370000
2015/05/20,0,31000,0,31000
2015/05/21,0,140000,-1149000,-1009000
2015/05/22,0,120000,-680000,-560000
2015/05/25,0,140000,-694000,-554000
2015/05/26,0,100000,-201000,-101000
2015/05/27,0,127000,-56000,71000
2015/05/28,0,40000,-4000,36000
2015/05/29,0,220000,-91000,129000
2015/06/01,0,120000,-216000,-96000
2015/06/02,0,100000,-1409335,-1309335
2015/06/03,0,90000,-820000,-730000
2015/06/04,0,1687,-4739000,-4737313
2015/06/05,0,0,-910443,-910443
2015/06/08,0,30000,-729905,-699905
2015/06/09,0,20000,-26000,-6000
2015/06/10,0,80000,-153000,-73000
2015/06/11,0,50000,0,50000
2015/06/12,0,143000,-15000,128000
2015/06/15,0,634000,0,634000
2015/06/16,0,0,-267000,-267000
2015/06/17,0,573000,-2060000,-1487000
2015/06/18,0,182000,-97000,85000
2015/06/19,0,0,0,0
2015/06/22,0,57000,-100000,-43000
2015/06/23,0,245000,-617000,-372000
2015/06/24,0,0,-125000,-125000
2015/06/25,0,20000,-11000,9000
2015/06/26,0,0,-4000,-4000
2015/06/29,0,0,-446000,-446000
2015/06/30,0,0,0,0
2015/07/01,0,610000,-935000,-325000
2015/07/02,0,11000,-100000,-89000
2015/07/03,0,0,-499000,-499000
2015/07/06,0,0,-110000,-110000
2015/07/07,0,30000,-280000,-250000
2015/07/08,0,0,-190000,-190000
2015/07/09,0,35000,-119000,-84000
2015/07/10,0,0,0,0
2015/07/13,0,10000,-66000,-56000
2015/07/14,0,0,0,0
2015/07/15,0,61000,0,61000
2015/07/16,0,1503000,0,1503000
2015/07/17,0,100000,-11000,89000
2015/07/20,0,747000,0,747000
2015/07/21,0,28000,0,28000
2015/07/22,0,90000,0,90000
2015/07/23,0,86000,0,86000
2015/07/24,0,200000,0,200000
2015/07/27,0,598000,0,598000
2015/07/28,0,338000,0,338000
2015/07/29,0,134000,-271000,-137000
2015/07/30,0,67000,0,67000
2015/07/31,0,161000,-80000,81000
2015/08/03,0,237000,0,237000
2015/08/04,0,903000,0,903000
2015/08/05,0,770000,0,770000
2015/08/06,0,191000,-1000000,-809000
2015/08/07,0,407000,-801000,-394000
2015/08/10,0,163000,-10000,153000
2015/08/11,0,103000,-45000,58000
2015/08/12,0,1062000,-2178000,-1116000
2015/08/13,0,27000,-358000,-331000
2015/08/14,0,0,-280000,-280000
2015/08/17,0,9000,-280000,-271000
2015/08/18,0,1000,-194806,-193806
2015/08/19,0,5000,-22591,-17591
2015/08/20,0,5000,0,5000
2015/08/21,0,0,-700000,-700000
2015/08/24,0,0,-883008,-883008
2015/08/25,0,355126,0,355126
2015/08/26,0,218000,-239000,-21000
2015/08/27,0,43000,0,43000
2015/08/28,0,175000,0,175000
2015/08/31,0,566000,-426000,140000
2015/09/01,0,144000,-142000,2000
2015/09/02,0,240000,-917000,-677000
2015/09/03,0,106000,-200000,-94000
2015/09/04,0,248000,-6000,242000
2015/09/07,0,211000,0,211000
2015/09/08,0,39000,0,39000
2015/09/09,0,1043000,0,1043000
2015/09/10,0,679000,0,679000
2015/09/11,0,35000,0,35000
2015/09/14,0,17000,0,17000
2015/09/15,0,18000,0,18000
2015/09/16,0,0,-443000,-443000
2015/09/17,0,0,-525000,-525000
2015/09/18,0,4000,-3580000,-3576000
2015/09/21,0,550000,-2000,548000
2015/09/22,0,239682,-1021017,-781335
2015/09/23,0,0,-72000,-72000
2015/09/24,0,0,0,0
2015/09/25,0,1000,-859000,-858000
2015/09/28,0,0,0,0
2015/09/29,0,0,0,0
2015/09/30,0,0,-190000,-190000
2015/10/01,0,21000,-903000,-882000
2015/10/02,0,414000,-258000,156000
2015/10/05,0,0,0,0
2015/10/06,0,6000,0,6000
2015/10/07,0,57000,0,57000
2015/10/08,0,0,0,0
2015/10/09,0,0,0,0
2015/10/12,0,0,0,0
2015/10/13,0,822000,-90000,732000
2015/10/14,0,0,-20000,-20000
2015/10/15,0,0,0,0
2015/10/16,0,22000,-10000,12000
2015/10/19,0,652000,0,652000
2015/10/20,0,227000,-213150,13850
2015/10/21,0,0,0,0
2015/10/22,0,108000,0,108000
2015/10/23,0,6000,-2307000,-2301000
2015/10/26,0,282000,0,282000
2015/10/27,0,503000,-2355000,-1852000
2015/10/28,0,300000,-354000,-54000
2015/10/29,0,450000,-348000,102000
2015/10/30,0,694000,-427000,267000
2015/11/02,0,0,0,0
2015/11/03,0,39000,-37000,2000
2015/11/04,0,338000,-168000,170000
2015/11/05,0,301000,0,301000
2015/11/06,0,0,-572000,-572000
2015/11/09,0,254000,0,254000
2015/11/10,0,450000,0,450000
2015/11/11,0,270000,-50000,220000
2015/11/12,0,0,0,0
2015/11/13,0,0,0,0
2015/11/16,0,100000,0,100000
2015/11/17,0,250000,-698000,-448000
2015/11/18,0,85000,-443000,-358000
2015/11/19,0,0,-123000,-123000
2015/11/20,0,85000,-115000,-30000
2015/11/23,0,80000,-6000,74000
2015/11/24,0,200000,0,200000
2015/11/25,0,235000,-53000,182000
2015/11/26,0,0,0,0
2015/11/27,0,53000,-388000,-335000
2015/11/30,0,152000,-12000,140000
2015/12/01,0,15000,0,15000
2015/12/02,0,0,-68000,-68000
2015/12/03,0,0,-85000,-85000
2015/12/04,0,0,-335000,-335000
2015/12/07,0,0,-81000,-81000
2015/12/08,0,0,-8000,-8000
2015/12/09,0,200000,-164000,36000
2015/12/10,0,0,-53000,-53000
2015/12/11,0,200000,-290000,-90000
2015/12/14,0,0,-2553727,-2553727
2015/12/15,0,150000,-20000,130000
2015/12/16,0,1169000,-159000,1010000
2015/12/17,0,67000,-70000,-3000
2015/12/18,0,159000,-247000,-88000
2015/12/21,0,29000,-154044,-125044
2015/12/22,0,0,0,0
2015/12/23,0,0,0,0
2015/12/24,0,0,0,0
2015/12/25,0,0,-132000,-132000
2015/12/28,0,37000,0,37000
2015/12/29,0,0,-7000,-7000
2015/12/30,0,0,-10000,-10000
2015/12/31,0,221000,-40000,181000
2016/01/01,0,0,0,0
2016/01/04,0,0,0,0
2016/01/05,0,0,-15000,-15000
2016/01/06,0,0,-15000,-15000
2016/01/07,0,150000,-409000,-259000
2016/01/08,0,0,-120000,-120000
2016/01/11,0,150000,-100000,50000
2016/01/12,0,100000,0,100000
2016/01/13,0,0,-44000,-44000
2016/01/14,0,511000,0,511000
2016/01/15,0,1000,-552000,-551000
2016/01/18,0,0,-5074904,-5074904
2016/01/19,0,1700000,-500000,1200000
2016/01/20,0,0,-285000,-285000
2016/01/21,0,0,-172000,-172000
2016/01/22,0,446000,-2745937,-2299937
2016/01/25,0,444000,-122000,322000
2016/01/26,0,200000,-504000,-304000
2016/01/27,0,0,-361000,-361000
2016/01/28,0,2099000,-246317,1852683
2016/01/29,0,214000,0,214000
2016/02/01,0,313000,-86000,227000
2016/02/02,0,394000,0,394000
2016/02/03,0,0,-71000,-71000
2016/02/04,0,0,0,0
2016/02/05,0,0,0,0
2016/02/08,0,0,0,0
2016/02/09,0,0,0,0
2016/02/10,0,0,0,0
2016/02/11,0,0,0,0
2016/02/12,0,0,0,0
2016/02/15,0,0,-2515,-2515
2016/02/16,0,270000,0,270000
2016/02/17,0,0,-63000,-63000
2016/02/18,0,0,0,0
2016/02/19,0,0,-216875,-216875
2016/02/22,0,0,0,0
2016/02/23,0,0,0,0
2016/02/24,0,0,-29000,-29000
2016/02/25,0,0,0,0
2016/02/26,0,1043000,0,1043000
2016/02/29,0,0,0,0
2016/03/01,0,0,0,0
2016/03/02,0,0,-65501,-65501
2016/03/03,0,0,0,0
2016/03/04,0,2272000,-142000,2130000
2016/03/07,0,3132000,0,3132000
2016/03/08,0,619000,-55000,564000
2016/03/09,0,243000,-248506,-5506
2016/03/10,0,1413000,-300000,1113000
2016/03/11,0,0,-56016,-56016
2016/03/14,0,0,0,0
2016/03/15,0,152000,-530000,-378000
2016/03/16,0,0,-70000,-70000
2016/03/17,0,150000,0,150000
2016/03/18,0,2464000,0,2464000
2016/03/21,0,330000,-30000,300000
2016/03/22,0,0,-269000,-269000
2016/03/23,0,351000,-40000,311000
2016/03/24,0,0,-60000,-60000
2016/03/25,0,282000,0,282000
2016/03/28,0,460000,-15000,445000
2016/03/29,0,2562000,-2000,2560000
2016/03/30,0,301000,-234000,67000
2016/03/31,0,0,-93000,-93000
2016/04/01,0,0,-70000,-70000
2016/04/04,0,0,0,0
2016/04/05,0,0,0,0
2016/04/06,0,0,-88000,-88000
2016/04/07,0,9000,-1460000,-1451000
2016/04/08,0,0,-107000,-107000
2016/04/11,0,196000,-316000,-120000
2016/04/12,0,0,-38000,-38000
2016/04/13,0,0,-119000,-119000
2016/04/14,0,0,-43000,-43000
2016/04/15,0,0,-88000,-88000
2016/04/18,0,0,-81000,-81000
2016/04/19,0,0,0,0
2016/04/20,0,0,-55000,-55000
2016/04/21,0,0,-40000,-40000
2016/04/22,0,0,0,0
2016/04/25,0,0,-4000,-4000
2016/04/26,0,0,-41000,-41000
2016/04/27,0,0,-143000,-143000
2016/04/28,0,0,0,0
2016/04/29,0,0,-21000,-21000
2016/05/02,0,0,0,0
2016/05/03,0,900000,-18000,882000
2016/05/04,0,900000,-11000,889000
2016/05/05,0,3215000,-92000,3123000
2016/05/06,0,818000,-2000,816000
2016/05/09,0,400000,-43000,357000
2016/05/10,0,57791,-1426000,-1368209
2016/05/11,0,0,-4000,-4000
2016/05/12,0,0,-2000,-2000
2016/05/13,0,0,-81000,-81000
2016/05/16,0,0,0,0
2016/05/17,0,0,0,0
2016/05/18,0,0,0,0
2016/05/19,0,0,0,0
2016/05/20,0,1044000,0,1044000
2016/05/23,0,0,0,0
2016/05/24,0,0,-861000,-861000
2016/05/25,0,160000,0,160000
2016/05/26,0,648000,-12000,636000
2016/05/27,0,0,0,0
2016/05/30,0,823000,0,823000
2016/05/31,0,0,-59000,-59000
2016/06/01,0,199000,0,199000
2016/06/02,0,0,0,0
2016/06/03,0,3000,0,3000
2016/06/06,0,0,-636000,-636000
2016/06/07,0,1012000,-294000,718000
2016/06/08,0,0,0,0
2016/06/09,0,0,0,0
2016/06/10,0,0,0,0
2016/06/13,0,0,-1431000,-1431000
2016/06/14,0,0,-895000,-895000
2016/06/15,0,0,-2367000,-2367000
2016/06/16,0,0,-1898000,-1898000
2016/06/17,0,342000,-743000,-401000
2016/06/20,0,83000,-622000,-539000
2016/06/21,0,0,-660000,-660000
2016/06/22,0,0,-542000,-542000
2016/06/23,0,0,-449226,-449226
2016/06/24,0,33000,-1651428,-1618428
2016/06/27,0,29000,-3072000,-3043000
2016/06/28,0,4000,-1430000,-1426000
2016/06/29,0,0,-70000,-70000
2016/06/30,0,1000,-360000,-359000
2016/07/01,0,0,0,0
2016/07/04,0,0,-50000,-50000
2016/07/05,0,0,-91000,-91000
2016/07/06,0,0,-477000,-477000
2016/07/07,0,162000,-50104,111896
2016/07/08,0,0,0,0
2016/07/11,0,114000,-295622,-181622
2016/07/12,0,375000,-603000,-228000
2016/07/13,0,14000,0,14000
2016/07/14,0,0,-107000,-107000
2016/07/15,0,174000,0,174000
2016/07/18,0,0,-298000,-298000
2016/07/19,0,180000,-1490000,-1310000
2016/07/20,0,4395000,-1370000,3025000
2016/07/21,0,5000,-166000,-161000
2016/07/22,0,272000,-127000,145000
2016/07/25,0,476000,-452000,24000
2016/07/26,0,196000,-440000,-244000
2016/07/27,0,1000,-10000,-9000
2016/07/28,0,4000,-200000,-196000
2016/07/29,0,4092,-634897,-630805
2016/08/01,0,0,0,0
2016/08/02,0,0,-11000,-11000
2016/08/03,0,58000,-51000,7000
2016/08/04,0,60000,-6000,54000
2016/08/05,0,1000,-201000,-200000
2016/08/08,0,13000,-43000,-30000
2016/08/09,0,38000,-114000,-76000
2016/08/10,0,42000,0,42000
2016/08/11,0,32000,-165000,-133000
2016/08/12,0,37000,-14000,23000
2016/08/15,0,59000,-295000,-236000
2016/08/16,0,56000,-23000,33000
2016/08/17,0,40000,0,40000
2016/08/18,0,0,-9000,-9000
2016/08/19,0,11000,-315000,-304000
2016/08/22,0,39000,-11456871,-11417871
2016/08/23,0,12000,-3949000,-3937000
2016/08/24,0,0,-1341000,-1341000
2016/08/25,0,81000,-872000,-791000
2016/08/26,0,3000,0,3000
2016/08/29,0,16000,0,16000
2016/08/30,0,97000,0,97000
2016/08/31,0,152000,0,152000
2016/09/01,0,224000,-223000,1000
2016/09/02,0,0,0,0
2016/09/05,0,2849000,-7000,2842000
2016/09/06,0,0,0,0
2016/09/07,0,264000,0,264000
2016/09/08,0,1800000,0,1800000
2016/09/09,0,1685000,-8000,1677000
2016/09/12,0,0,0,0
2016/09/13,0,9000,-48000,-39000
2016/09/14,0,1282000,-1000,1281000
2016/09/15,0,0,0,0
2016/09/16,0,0,0,0
2016/09/19,0,412000,0,412000
2016/09/20,0,0,0,0
2016/09/21,0,0,0,0
2016/09/22,0,423000,-2632000,-2209000
2016/09/23,0,35000,0,35000
2016/09/26,0,65000,0,65000
2016/09/27,0,0,0,0
2016/09/28,0,0,0,0
2016/09/29,0,5600000,-2200000,3400000
2016/09/30,0,5883624,0,5883624
2016/10/03,0,734000,0,734000
2016/10/04,0,30000,-1196000,-1166000
2016/10/05,0,209000,-534000,-325000
2016/10/06,0,2445000,-913979,1531021
2016/10/07,0,5190000,0,5190000
2016/10/10,0,0,0,0
2016/10/11,0,205000,0,205000
2016/10/12,0,260000,-3000,257000
2016/10/13,0,244000,0,244000
2016/10/14,0,200000,0,200000
2016/10/17,0,200000,0,200000
2016/10/18,0,235000,0,235000
2016/10/19,0,299000,0,299000
2016/10/20,0,2000,0,2000
2016/10/21,0,110000,-21000,89000
2016/10/24,0,190000,-2000,188000
2016/10/25,0,200000,-90000,110000
2016/10/26,0,0,0,0
2016/10/27,0,0,0,0
2016/10/28,0,30000,0,30000
2016/10/31,0,0,-12000,-12000
2016/11/01,0,0,-4000,-4000
2016/11/02,0,0,-367,-367
2016/11/03,0,0,-146000,-146000
2016/11/04,0,87000,-34000,53000
2016/11/07,0,3535000,0,3535000
2016/11/08,0,4165000,-8000,4157000
2016/11/09,0,3915000,-76000,3839000
2016/11/10,0,2310000,0,2310000
2016/11/11,0,3446000,0,3446000
2016/11/14,0,2784000,0,2784000
2016/11/15,0,523000,-49000,474000
2016/11/16,0,584000,-10788,573212
2016/11/17,0,125000,0,125000
2016/11/18,0,742000,0,742000
2016/11/21,0,978000,0,978000
2016/11/22,0,592000,-5000,587000
2016/11/23,0,374000,0,374000
2016/11/24,0,0,0,0
2016/11/25,0,870000,0,870000
2016/11/28,0,250000,-100000,150000
2016/11/29,0,520000,-975000,-455000
2016/11/30,0,252000,-251000,1000
2016/12/01,0,57000,-280000,-223000
2016/12/02,0,300000,0,300000
2016/12/05,0,40000,0,40000
2016/12/06,0,959000,-1000000,-41000
2016/12/07,0,386000,-13000,373000
2016/12/08,0,0,-755000,-755000
2016/12/09,0,25000,0,25000
2016/12/12,0,70000,0,70000
2016/12/13,0,267000,-12000,255000
2016/12/14,0,91000,-1324000,-1233000
2016/12/15,0,10000,0,10000
2016/12/16,0,88000,0,88000
2016/12/19,0,30000,0,30000
2016/12/20,0,10000,0,10000
2016/12/21,0,10000,0,10000
2016/12/22,0,0,-6000,-6000
2016/12/23,0,20000,-420000,-400000
2016/12/26,0,0,0,0
2016/12/27,0,0,0,0
2016/12/28,0,0,-45000,-45000
2016/12/29,0,0,0,0
2016/12/30,0,0,0,0
2017/01/02,0,0,0,0
2017/01/03,0,0,0,0
2017/01/04,0,0,-1523000,-1523000
2017/01/05,0,274000,-215000,59000
2017/01/06,0,15000,-131000,-116000
2017/01/09,0,238000,0,238000
2017/01/10,0,241000,0,241000
2017/01/11,0,0,0,0
2017/01/12,0,0,0,0
2017/01/13,0,10000,-7000,3000
2017/01/16,0,378000,-105000,273000
2017/01/17,0,208000,-280000,-72000
2017/01/18,0,237000,-90000,147000
2017/01/19,0,341000,-354000,-13000
2017/01/20,0,586000,-1718000,-1132000
2017/01/23,0,359613,-289000,70613
2017/01/24,0,231000,0,231000
2017/01/25,0,0,0,0
2017/01/26,0,0,0,0
2017/01/27,0,0,0,0
2017/01/30,0,0,0,0
2017/01/31,0,0,0,0
2017/02/01,0,0,0,0
2017/02/02,0,30000,-160000,-130000
2017/02/03,0,119000,-38000,81000
2017/02/06,0,30000,-100000,-70000
2017/02/07,0,0,-285000,-285000
2017/02/08,0,536000,-1017000,-481000
2017/02/09,0,259000,-600000,-341000
2017/02/10,0,1225000,-170000,1055000
2017/02/13,0,0,-50000,-50000
2017/02/14,0,4000,-64000,-60000
2017/02/15,0,118000,-196000,-78000
2017/02/16,0,0,0,0
2017/02/17,0,244000,-21000,223000
2017/02/20,0,0,0,0
2017/02/21,0,0,0,0
2017/02/22,0,303000,-76000,227000
2017/02/23,0,242000,0,242000
2017/02/24,0,1000,0,1000
2017/02/27,0,0,0,0
2017/02/28,0,0,0,0
2017/03/01,0,0,-3000,-3000
2017/03/02,0,1995000,-157000,1838000
2017/03/03,0,416000,-101000,315000
2017/03/06,0,484000,0,484000
2017/03/07,0,935000,0,935000
2017/03/08,0,88000,-841000,-753000
2017/03/09,0,0,-781000,-781000
2017/03/10,0,137000,0,137000
2017/03/13,0,0,-2990000,-2990000
2017/03/14,0,275000,-1005000,-730000
2017/03/15,0,0,0,0
2017/03/16,0,0,-78000,-78000
2017/03/17,0,218000,0,218000
2017/03/20,0,93000,-195000,-102000
2017/03/21,0,0,-13000,-13000
2017/03/22,0,850000,0,850000
2017/03/23,0,260000,0,260000
2017/03/24,0,204000,-517000,-313000
2017/03/27,0,0,-126000,-126000
2017/03/28,0,0,0,0
2017/03/29,0,1499211,-23000,1476211
2017/03/30,0,1079341,0,1079341
2017/03/31,0,41378,-110000,-68622
2017/04/03,0,0,0,0
2017/04/04,0,0,0,0
2017/04/05,0,13791,-72000,-58209
2017/04/06,0,0,0,0
2017/04/07,0,6000,-54000,-48000
2017/04/10,0,5000,0,5000
2017/04/11,0,301000,-222000,79000
2017/04/12,0,0,-115000,-115000
2017/04/13,0,264000,-402000,-138000
2017/04/14,0,0,-3136000,-3136000
2017/04/17,0,0,-155000,-155000
2017/04/18,0,205000,0,205000
2017/04/19,0,253787,-51000,202787
2017/04/20,0,144000,-206000,-62000
2017/04/21,0,450000,0,450000
2017/04/24,0,145000,0,145000
2017/04/25,0,100000,-450,99550
2017/04/26,0,399000,-1000,398000
2017/04/27,0,155000,-761000,-606000
2017/04/28,0,140000,-1772000,-1632000
2017/05/01,0,0,0,0
2017/05/02,0,200000,-2123000,-1923000
2017/05/03,0,0,0,0
2017/05/04,0,63733,-10000,53733
2017/05/05,0,75658,-12000,63658
2017/05/08,0,703000,0,703000
2017/05/09,0,0,0,0
2017/05/10,0,0,0,0
2017/05/11,0,103000,0,103000
2017/05/12,0,120000,-102000,18000
2017/05/15,0,132000,0,132000
2017/05/16,0,0,-406000,-406000
2017/05/17,0,0,0,0
2017/05/18,0,0,-514000,-514000
2017/05/19,0,0,-400000,-400000
2017/05/22,0,0,-4000,-4000
2017/05/23,0,0,0,0
2017/05/24,0,69000,0,69000
2017/05/25,0,0,0,0
2017/05/26,0,0,-2010000,-2010000
2017/05/29,0,0,0,0
2017/05/30,0,0,0,0
2017/05/31,0,79000,-172000,-93000
2017/06/01,0,217000,0,217000
2017/06/02,0,303000,-279000,24000
2017/06/05,0,0,-74000,-74000
2017/06/06,0,0,-102000,-102000
2017/06/07,0,1160000,-261000,899000
2017/06/08,0,205000,-777000,-572000
2017/06/09,0,290000,-2727000,-2437000
2017/06/12,0,84000,-300000,-216000
2017/06/13,0,0,0,0
2017/06/14,0,0,-48000,-48000
2017/06/15,0,0,-831000,-831000
2017/06/16,0,603000,-1879000,-1276000
2017/06/19,0,128000,-136000,-8000
2017/06/20,0,296000,-165445,130555
2017/06/21,0,9000,-50000,-41000
2017/06/22,0,232000,0,232000
2017/06/23,0,0,0,0
2017/06/26,0,0,0,0
2017/06/27,0,470000,-50000,420000
2017/06/28,0,211000,-15327,195673
2017/06/29,0,10000,-110000,-100000
2017/06/30,0,162000,-2000,160000
2017/07/03,0,480000,-1990000,-1510000
2017/07/04,0,285000,-244000,41000
2017/07/05,0,0,0,0
2017/07/06,0,484000,-250000,234000
2017/07/07,0,0,-178000,-178000
2017/07/10,0,390000,-378000,12000
2017/07/11,0,218000,-5000,213000
2017/07/12,0,440000,-15646,424354
2017/07/13,0,242000,-31000,211000
2017/07/14,0,0,-293000,-293000
2017/07/17,0,378,-354000,-353622
2017/07/18,0,406000,-2140000,-1734000
2017/07/19,0,200000,-351000,-151000
2017/07/20,0,9000,-395000,-386000
2017/07/21,0,285000,0,285000
2017/07/24,0,200000,0,200000
2017/07/25,0,84000,0,84000
2017/07/26,0,1000,-20000,-19000
2017/07/27,0,0,-875000,-875000
2017/07/28,0,2000,0,2000
2017/07/31,0,21000,-249000,-228000
2017/08/01,0,12000,-637000,-625000
2017/08/02,0,17000,-1360750,-1343750
2017/08/03,0,21000,-207000,-186000
2017/08/04,0,42000,-277000,-235000
2017/08/07,0,36000,-1346000,-1310000
2017/08/08,0,39000,-1052000,-1013000
2017/08/09,0,69000,-2396000,-2327000
2017/08/10,0,2409000,-500000,1909000
2017/08/11,0,13000,-4953000,-4940000
2017/08/14,0,31000,-112000,-81000
2017/08/15,0,301000,0,301000
2017/08/16,0,1102000,0,1102000
2017/08/17,0,1000,0,1000
2017/08/18,0,0,-200000,-200000
