Date,Open,Buy,Sell,Total
2007/01/02,0,8975000,-6826000,2149000
2007/01/03,0,6947000,-1701000,5246000
2007/01/04,0,4647600,-1474000,3173600
2007/01/05,0,769000,-5492000,-4723000
2007/01/08,0,5610005,-6872535,-1262530
2007/01/09,0,7477000,-2346000,5131000
2007/01/10,0,8839400,-17311000,-8471600
2007/01/11,0,4693000,-7789000,-3096000
2007/01/12,0,4532000,-3655000,877000
2007/01/15,0,6247000,-26514000,-20267000
2007/01/16,0,26259000,-19749000,6510000
2007/01/17,0,22481000,-21537400,943600
2007/01/18,0,8679000,-13823000,-5144000
2007/01/19,0,14366000,-4096000,10270000
2007/01/22,0,9876000,-7900000,1976000
2007/01/23,0,6821800,-3375000,3446800
2007/01/24,0,15413000,-8301000,7112000
2007/01/25,0,2982000,-1914000,1068000
2007/01/26,0,757000,-10814000,-10057000
2007/01/29,0,181000,-11864000,-11683000
2007/01/30,0,2587200,-11940677,-9353477
2007/01/31,0,3251000,-17412000,-14161000
2007/02/01,0,9268000,-4929000,4339000
2007/02/02,0,5800000,-3236000,2564000
2007/02/05,0,11376000,-8076793,3299207
2007/02/06,0,10326000,-5705000,4621000
2007/02/07,0,8853700,-6236000,2617700
2007/02/08,0,9818000,-6816000,3002000
2007/02/09,0,9994000,-2959000,7035000
2007/02/12,0,7404000,-12138000,-4734000
2007/02/13,0,2888000,-8787000,-5899000
2007/02/14,0,9520000,-16266387,-6746387
2007/02/15,0,0,0,0
2007/02/16,0,0,0,0
2007/02/19,0,0,0,0
2007/02/20,0,0,0,0
2007/02/21,0,0,0,0
2007/02/22,0,0,0,0
2007/02/23,0,0,0,0
2007/02/26,0,28970000,-20828980,8141020
2007/02/27,0,22249000,-22770562,-521562
2007/02/28,0,0,0,0
2007/03/01,0,2519000,-23924000,-21405000
2007/03/02,0,3774800,-13043235,-9268435
2007/03/05,0,11773000,-24451000,-12678000
2007/03/06,0,12690000,-21161000,-8471000
2007/03/07,0,9262000,-30917605,-21655605
2007/03/08,0,6849000,-13058000,-6209000
2007/03/09,0,2745000,-9726610,-6981610
2007/03/12,0,1657176,-8364483,-6707307
2007/03/13,0,4736000,-15599000,-10863000
2007/03/14,0,9707000,-16049000,-6342000
2007/03/15,0,4038000,-4583900,-545900
2007/03/16,0,12229000,-3779650,8449350
2007/03/19,0,37193000,-6523000,30670000
2007/03/20,0,8933587,-9500000,-566413
2007/03/21,0,23636000,-7392800,16243200
2007/03/22,0,24740000,-4721000,20019000
2007/03/23,0,14984000,-2492000,12492000
2007/03/26,0,3990000,-3096000,894000
2007/03/27,0,6574000,-2896000,3678000
2007/03/28,0,4550000,-3763000,787000
2007/03/29,0,7052000,-7629000,-577000
2007/03/30,0,6837000,-2293131,4543869
2007/04/02,0,2359000,-1162000,1197000
2007/04/03,0,14748500,-4047000,10701500
2007/04/04,0,20499085,-1725000,18774085
2007/04/05,0,0,0,0
2007/04/06,0,0,0,0
2007/04/09,0,17523000,-3317000,14206000
2007/04/10,0,31623000,-415000,31208000
2007/04/11,0,8806000,-1844000,6962000
2007/04/12,0,35573000,-8011000,27562000
2007/04/13,0,8683000,-8478000,205000
2007/04/16,0,12175000,-5393000,6782000
2007/04/17,0,8741000,-3229729,5511271
2007/04/18,0,5690900,-3707000,1983900
2007/04/19,0,24394000,-33535000,-9141000
2007/04/20,0,22309000,-22785400,-476400
2007/04/23,0,52433000,-20553000,31880000
2007/04/24,0,55037000,-53620000,1417000
2007/04/25,0,2472000,-3098000,-626000
2007/04/26,0,5798000,-4688000,1110000
2007/04/27,0,3601000,-6001000,-2400000
2007/04/30,0,2610000,-7265000,-4655000
2007/05/01,0,0,0,0
2007/05/02,0,6737000,-13783000,-7046000
2007/05/03,0,3512700,-7419000,-3906300
2007/05/04,0,8642000,-9683000,-1041000
2007/05/07,0,8308000,-11213000,-2905000
2007/05/08,0,2738210,-11026000,-8287790
2007/05/09,0,4825000,-10048000,-5223000
2007/05/10,0,8580000,-12094000,-3514000
2007/05/11,0,885000,-6862000,-5977000
2007/05/14,0,4089000,-7977000,-3888000
2007/05/15,0,3885000,-6374000,-2489000
2007/05/16,0,1511358,-11100000,-9588642
2007/05/17,0,6861000,-16266840,-9405840
2007/05/18,0,11916000,-6346000,5570000
2007/05/21,0,7069000,-4100000,2969000
2007/05/22,0,10926000,-5249000,5677000
2007/05/23,0,5382000,-10126000,-4744000
2007/05/24,0,4106000,-6535000,-2429000
2007/05/25,0,3823333,-8638000,-4814667
2007/05/28,0,6492000,-4296000,2196000
2007/05/29,0,4732826,-11071000,-6338174
2007/05/30,0,17914000,-24833000,-6919000
2007/05/31,0,9834000,-19871000,-10037000
2007/06/01,0,15179000,-22348190,-7169190
2007/06/04,0,8497000,-8949966,-452966
2007/06/05,0,12422065,-12345000,77065
2007/06/06,0,5590000,-4409000,1181000
2007/06/07,0,5233000,-11635000,-6402000
2007/06/08,0,5329610,-12708000,-7378390
2007/06/11,0,13729000,-10541000,3188000
2007/06/12,0,12851000,-23948000,-11097000
2007/06/13,0,15558000,-17915000,-2357000
2007/06/14,0,42143000,-12591000,29552000
2007/06/15,0,42079000,-11272000,30807000
2007/06/18,0,0,0,0
2007/06/19,0,0,0,0
2007/06/20,0,36250000,-12873000,23377000
2007/06/21,0,32582000,-8302000,24280000
2007/06/22,0,10540000,-2517000,8023000
2007/06/25,0,10564000,-10139000,425000
2007/06/26,0,6868000,-2561867,4306133
2007/06/27,0,13081000,-8641000,4440000
2007/06/28,0,7937000,-2771000,5166000
2007/06/29,0,9822000,-9245424,576576
2007/07/02,0,7986000,-11988000,-4002000
2007/07/03,0,7102000,-4974000,2128000
2007/07/04,0,11371000,-8179000,3192000
2007/07/05,0,8595000,-5412000,3183000
2007/07/06,0,7491250,-15564250,-8073000
2007/07/09,0,6692000,-4546000,2146000
2007/07/10,0,22194000,-1234000,20960000
2007/07/11,0,8742000,-3018000,5724000
2007/07/12,0,7054000,-3542000,3512000
2007/07/13,0,6691000,-3402000,3289000
2007/07/16,0,1201000,-9813000,-8612000
2007/07/17,0,7527000,-6480000,1047000
2007/07/18,0,6228000,-9798901,-3570901
2007/07/19,0,5124000,-6330000,-1206000
2007/07/20,0,8056000,-4290000,3766000
2007/07/23,0,8228000,-2136000,6092000
2007/07/24,0,13944235,-4605651,9338584
2007/07/25,0,5356000,-5719000,-363000
2007/07/26,0,11220000,-4967000,6253000
2007/07/27,0,27505898,-41495000,-13989102
2007/07/30,0,25056000,-26314000,-1258000
2007/07/31,0,11908000,-14554300,-2646300
2007/08/01,0,17274000,-48751000,-31477000
2007/08/02,0,19736000,-43923159,-24187159
2007/08/03,0,15890000,-62306000,-46416000
2007/08/06,0,14324000,-30577000,-16253000
2007/08/07,0,11227100,-31359000,-20131900
2007/08/08,0,20756300,-20576200,180100
2007/08/09,0,11771000,-11548000,223000
2007/08/10,0,14583000,-27402000,-12819000
2007/08/13,0,7528000,-1127000,6401000
2007/08/14,0,2137000,-6870000,-4733000
2007/08/15,0,9790000,-31143000,-21353000
2007/08/16,0,12562300,-17941447,-5379147
2007/08/17,0,12223000,-12158000,65000
2007/08/20,0,4775000,-15933000,-11158000
2007/08/21,0,8517000,-4069000,4448000
2007/08/22,0,17200000,-17867590,-667590
2007/08/23,0,17758000,-5646000,12112000
2007/08/24,0,6090000,-10128092,-4038092
2007/08/27,0,1812000,-1881000,-69000
2007/08/28,0,6485000,-2672000,3813000
2007/08/29,0,7332000,-7210000,122000
2007/08/30,0,12533000,-13475000,-942000
2007/08/31,0,22846000,-16188000,6658000
2007/09/03,0,1974000,-6810079,-4836079
2007/09/04,0,6868000,-7785000,-917000
2007/09/05,0,8150000,-8635000,-485000
2007/09/06,0,12983000,-16658000,-3675000
2007/09/07,0,7556000,-8371000,-815000
2007/09/10,0,11184000,-7903000,3281000
2007/09/11,0,6813000,-3993000,2820000
2007/09/12,0,5941000,-8308000,-2367000
2007/09/13,0,9812000,-4145900,5666100
2007/09/14,0,12246000,-6447000,5799000
2007/09/17,0,3783703,-6653000,-2869297
2007/09/18,0,0,0,0
2007/09/19,0,23530000,-12117000,11413000
2007/09/20,0,18165000,-17202000,963000
2007/09/21,0,10453000,-26419000,-15966000
2007/09/24,0,0,0,0
2007/09/25,0,0,0,0
2007/09/26,0,21347000,-38898012,-17551012
2007/09/27,0,21560000,-21642000,-82000
2007/09/28,0,13872000,-9726000,4146000
2007/10/01,0,4777000,-4921000,-144000
2007/10/02,0,16890716,-28582100,-11691384
2007/10/03,0,18472000,-5655338,12816662
2007/10/04,0,15724000,-4640998,11083002
2007/10/05,0,4969000,-5188000,-219000
2007/10/08,0,7364000,-7845000,-481000
2007/10/09,0,6035000,-5067829,967171
2007/10/10,0,0,0,0
2007/10/11,0,13116000,-12375000,741000
2007/10/12,0,10873000,-12110000,-1237000
2007/10/15,0,9626000,-4906000,4720000
2007/10/16,0,14872000,-8115000,6757000
2007/10/17,0,10235000,-13870000,-3635000
2007/10/18,0,13735000,-17418288,-3683288
2007/10/19,0,5445000,-2036879,3408121
2007/10/22,0,8366000,-20078000,-11712000
2007/10/23,0,5439000,-3021000,2418000
2007/10/24,0,4376026,-2552000,1824026
2007/10/25,0,9238233,-9521000,-282767
2007/10/26,0,8587429,-4521000,4066429
2007/10/29,0,15067000,-3946000,11121000
2007/10/30,0,9063000,-4685000,4378000
2007/10/31,0,10283000,-10502000,-219000
2007/11/01,0,15619000,-13386000,2233000
2007/11/02,0,9585000,-17705000,-8120000
2007/11/05,0,10945000,-34883746,-23938746
2007/11/06,0,4874000,-12367000,-7493000
2007/11/07,0,4681201,-8692000,-4010799
2007/11/08,0,11019000,-14136000,-3117000
2007/11/09,0,16981000,-17513000,-532000
2007/11/12,0,4868000,-27286926,-22418926
2007/11/13,0,9976000,-27097286,-17121286
2007/11/14,0,6511000,-12901000,-6390000
2007/11/15,0,10771000,-6452000,4319000
2007/11/16,0,9249543,-8892000,357543
2007/11/19,0,12919011,-6858000,6061011
2007/11/20,0,11786000,-11518000,268000
2007/11/21,0,7032000,-15732000,-8700000
2007/11/22,0,7808000,-8755076,-947076
2007/11/23,0,7730000,-4217000,3513000
2007/11/26,0,12802000,-3744700,9057300
2007/11/27,0,7818000,-6644000,1174000
2007/11/28,0,4826000,-5610000,-784000
2007/11/29,0,12023000,-10338024,1684976
2007/11/30,0,18662000,-20255713,-1593713
2007/12/03,0,4110000,-4130000,-20000
2007/12/04,0,8276061,-11768001,-3491940
2007/12/05,0,7993000,-6999000,994000
2007/12/06,0,18020000,-7971000,10049000
2007/12/07,0,17094665,-17532000,-437335
2007/12/10,0,79267000,-76057200,3209800
2007/12/11,0,12525000,-11187000,1338000
2007/12/12,0,16628000,-19919000,-3291000
2007/12/13,0,19087000,-23850000,-4763000
2007/12/14,0,12300000,-16091000,-3791000
2007/12/17,0,15229000,-20270000,-5041000
2007/12/18,0,14449000,-16161987,-1712987
2007/12/19,0,8252000,-14544728,-6292728
2007/12/20,0,12414000,-11493000,921000
2007/12/21,0,15057000,-15413000,-356000
2007/12/24,0,358000,-3327000,-2969000
2007/12/25,0,415000,-242000,173000
2007/12/26,0,2221000,-3944000,-1723000
2007/12/27,0,14617000,-13576000,1041000
2007/12/28,0,10314000,-10428000,-114000
2007/12/31,0,4112000,-5928000,-1816000
2008/01/01,0,0,0,0
2008/01/02,0,2517000,-8850537,-6333537
2008/01/03,0,2240000,-6306000,-4066000
2008/01/04,0,12571000,-6194000,6377000
2008/01/07,0,4955000,-6875000,-1920000
2008/01/08,0,5985000,-5328470,656530
2008/01/09,0,14863000,-14528933,334067
2008/01/10,0,9665892,-15218892,-5553000
2008/01/11,0,11975000,-14270000,-2295000
2008/01/14,0,31810000,-24206833,7603167
2008/01/15,0,33709000,-10855207,22853793
2008/01/16,0,20953000,-12881000,8072000
2008/01/17,0,41687000,-19116216,22570784
2008/01/18,0,19280570,-6799811,12480759
2008/01/21,0,15380000,-8509000,6871000
2008/01/22,0,5543000,-24536000,-18993000
2008/01/23,0,12461000,-11531695,929305
2008/01/24,0,9538000,-3767000,5771000
2008/01/25,0,2599000,-4617244,-2018244
2008/01/28,0,5146000,-6082000,-936000
2008/01/29,0,7092000,-5547995,1544005
2008/01/30,0,18869595,-17652000,1217595
2008/01/31,0,14393000,-10289000,4104000
2008/02/01,0,5337000,-3326720,2010280
2008/02/04,0,0,0,0
2008/02/05,0,0,0,0
2008/02/06,0,0,0,0
2008/02/07,0,0,0,0
2008/02/08,0,0,0,0
2008/02/11,0,0,0,0
2008/02/12,0,15990000,-11052000,4938000
2008/02/13,0,3798000,-7363000,-3565000
2008/02/14,0,19875000,-11217000,8658000
2008/02/15,0,11825003,-5839000,5986003
2008/02/18,0,5755000,-5548000,207000
2008/02/19,0,11819000,-3912000,7907000
2008/02/20,0,4870000,-11402000,-6532000
2008/02/21,0,12835251,-7407811,5427440
2008/02/22,0,4498000,-5127000,-629000
2008/02/25,0,17166000,-10523000,6643000
2008/02/26,0,14038000,-15283000,-1245000
2008/02/27,0,28466000,-14371000,14095000
2008/02/28,0,0,0,0
2008/02/29,0,9462103,-13671913,-4209810
2008/03/03,0,4573000,-11006550,-6433550
2008/03/04,0,14863000,-9971881,4891119
2008/03/05,0,16394000,-7527000,8867000
2008/03/06,0,20444000,-10181000,10263000
2008/03/07,0,9746000,-11689000,-1943000
2008/03/10,0,10549000,-10183000,366000
2008/03/11,0,12058000,-10892000,1166000
2008/03/12,0,11547948,-5329000,6218948
2008/03/13,0,16997502,-12891500,4106002
2008/03/14,0,7630000,-9901000,-2271000
2008/03/17,0,18502000,-21640000,-3138000
2008/03/18,0,10635000,-16561674,-5926674
2008/03/19,0,15329000,-20025000,-4696000
2008/03/20,0,36894811,-25297000,11597811
2008/03/21,0,25283000,-8005219,17277781
2008/03/24,0,32822000,-22210000,10612000
2008/03/25,0,29726000,-25833000,3893000
2008/03/26,0,16388266,-12405000,3983266
2008/03/27,0,8128066,-5801000,2327066
2008/03/28,0,23776066,-25714700,-1938634
2008/03/31,0,17507450,-22146925,-4639475
2008/04/01,0,19447761,-27778000,-8330239
2008/04/02,0,31668000,-14222000,17446000
2008/04/03,0,8002000,-11179020,-3177020
2008/04/04,0,0,0,0
2008/04/07,0,12381000,-30599000,-18218000
2008/04/08,0,61811000,-74779000,-12968000
2008/04/09,0,12050000,-11717000,333000
2008/04/10,0,10747000,-3448000,7299000
2008/04/11,0,20461000,-2411155,18049845
2008/04/14,0,6704000,-3256200,3447800
2008/04/15,0,11607000,-9295000,2312000
2008/04/16,0,24946000,-16352936,8593064
2008/04/17,0,17981000,-6717000,11264000
2008/04/18,0,10595000,-12795000,-2200000
2008/04/21,0,14345000,-3781000,10564000
2008/04/22,0,3259000,-2037000,1222000
2008/04/23,0,5298000,-10682749,-5384749
2008/04/24,0,9885000,-9545000,340000
2008/04/25,0,9625000,-3892282,5732718
2008/04/28,0,13356000,-6270000,7086000
2008/04/29,0,4638000,-23708500,-19070500
2008/04/30,0,8037000,-16909000,-8872000
2008/05/01,0,0,0,0
2008/05/02,0,8231000,-10879000,-2648000
2008/05/05,0,2921000,-9377000,-6456000
2008/05/06,0,7451330,-3167000,4284330
2008/05/07,0,5463500,-3090000,2373500
2008/05/08,0,8329600,-17309530,-8979930
2008/05/09,0,4392000,-10569000,-6177000
2008/05/12,0,6455000,-13530354,-7075354
2008/05/13,0,11556000,-3766000,7790000
2008/05/14,0,5750945,-3479000,2271945
2008/05/15,0,17353000,-11712000,5641000
2008/05/16,0,13206000,-11104000,2102000
2008/05/19,0,13877000,-3662000,10215000
2008/05/20,0,7900000,-14713000,-6813000
2008/05/21,0,5715000,-8068100,-2353100
2008/05/22,0,10027000,-20992808,-10965808
2008/05/23,0,4487000,-4898000,-411000
2008/05/26,0,4966000,-4896000,70000
2008/05/27,0,4104000,-6158000,-2054000
2008/05/28,0,3227000,-7234000,-4007000
2008/05/29,0,8838000,-7540000,1298000
2008/05/30,0,12040100,-18340071,-6299971
2008/06/02,0,4969000,-9481600,-4512600
2008/06/03,0,3358000,-12799746,-9441746
2008/06/04,0,1839830,-3217000,-1377170
2008/06/05,0,7041000,-13171000,-6130000
2008/06/06,0,2053000,-4286000,-2233000
2008/06/09,0,3061000,-5390000,-2329000
2008/06/10,0,4781000,-13999528,-9218528
2008/06/11,0,2095000,-869000,1226000
2008/06/12,0,8841900,-13131000,-4289100
2008/06/13,0,5207000,-7694000,-2487000
2008/06/16,0,6503000,-4149000,2354000
2008/06/17,0,12862000,-9735000,3127000
2008/06/18,0,5043000,-12653000,-7610000
2008/06/19,0,17812000,-19779000,-1967000
2008/06/20,0,13016866,-11474000,1542866
2008/06/23,0,11561000,-13888000,-2327000
2008/06/24,0,9367000,-9591000,-224000
2008/06/25,0,19143000,-7473000,11670000
2008/06/26,0,7474000,-9744000,-2270000
2008/06/27,0,24288000,-22354000,1934000
2008/06/30,0,5599000,-3943000,1656000
2008/07/01,0,17633000,-5870000,11763000
2008/07/02,0,13192000,-24210000,-11018000
2008/07/03,0,17331000,-21616664,-4285664
2008/07/04,0,4611000,-12817000,-8206000
2008/07/07,0,9688000,-12647000,-2959000
2008/07/08,0,18162000,-41423000,-23261000
2008/07/09,0,19558000,-28239000,-8681000
2008/07/10,0,6891500,-17626500,-10735000
2008/07/11,0,6032000,-10891000,-4859000
2008/07/14,0,5311000,-9229000,-3918000
2008/07/15,0,6109000,-15454000,-9345000
2008/07/16,0,5384000,-6663000,-1279000
2008/07/17,0,9360000,-10390000,-1030000
2008/07/18,0,18117000,-25304000,-7187000
2008/07/21,0,13763000,-11976978,1786022
2008/07/22,0,4434000,-4085000,349000
2008/07/23,0,9773000,-7210000,2563000
2008/07/24,0,11685000,-10650000,1035000
2008/07/25,0,2543000,-10111000,-7568000
2008/07/28,0,0,0,0
2008/07/29,0,7136000,-13939000,-6803000
2008/07/30,0,9225000,-11719000,-2494000
2008/07/31,0,6982000,-6836000,146000
2008/08/01,0,10747700,-10019000,728700
2008/08/04,0,5135000,-5136000,-1000
2008/08/05,0,15119000,-22607000,-7488000
2008/08/06,0,11818000,-13584000,-1766000
2008/08/07,0,2686222,-16252000,-13565778
2008/08/08,0,11022000,-14975000,-3953000
2008/08/11,0,1312000,-5043000,-3731000
2008/08/12,0,4280000,-2937000,1343000
2008/08/13,0,11480000,-6688000,4792000
2008/08/14,0,5915669,-5630000,285669
2008/08/15,0,10484000,-11763000,-1279000
2008/08/18,0,16839000,-17402000,-563000
2008/08/19,0,11230000,-6325000,4905000
2008/08/20,0,7669000,-7649500,19500
2008/08/21,0,8594039,-8832000,-237961
2008/08/22,0,5268000,-4755000,513000
2008/08/25,0,7929000,-2604000,5325000
2008/08/26,0,3984000,-2842746,1141254
2008/08/27,0,12415000,-10279000,2136000
2008/08/28,0,13672000,-11309000,2363000
2008/08/29,0,9566712,-5711101,3855611
2008/09/01,0,4749000,-7505000,-2756000
2008/09/02,0,4248000,-5127000,-879000
2008/09/03,0,8362000,-10016000,-1654000
2008/09/04,0,10661402,-22108000,-11446598
2008/09/05,0,9003000,-11626463,-2623463
2008/09/08,0,1125000,-1085000,40000
2008/09/09,0,6136500,-2938000,3198500
2008/09/10,0,6434000,-11411000,-4977000
2008/09/11,0,9888000,-15552562,-5664562
2008/09/12,0,4277000,-3373000,904000
2008/09/15,0,6905903,-8871000,-1965097
2008/09/16,0,17078000,-16444000,634000
2008/09/17,0,24368000,-13579602,10788398
2008/09/18,0,8147000,-772000,7375000
2008/09/19,0,22986000,-29317000,-6331000
2008/09/22,0,13512765,-19791000,-6278235
2008/09/23,0,14209000,-14007000,202000
2008/09/24,0,9405477,-20707934,-11302457
2008/09/25,0,10327000,-21142000,-10815000
2008/09/26,0,10990000,-25666000,-14676000
2008/09/29,0,0,0,0
2008/09/30,0,11700000,-14775000,-3075000
2008/10/01,0,6258000,-11572000,-5314000
2008/10/02,0,21513000,-26607000,-5094000
2008/10/03,0,7117000,-22813000,-15696000
2008/10/06,0,7968000,-24234000,-16266000
2008/10/07,0,12137000,-10930000,1207000
2008/10/08,0,15706000,-23323942,-7617942
2008/10/09,0,26588000,-29169000,-2581000
2008/10/10,0,0,0,0
2008/10/13,0,3750000,-1758000,1992000
2008/10/14,0,16405000,-36891317,-20486317
2008/10/15,0,6146000,-5322000,824000
2008/10/16,0,649000,-615000,34000
2008/10/17,0,11541000,-62166000,-50625000
2008/10/20,0,9223000,-30135300,-20912300
2008/10/21,0,13134000,-36645000,-23511000
2008/10/22,0,17084000,-31598000,-14514000
2008/10/23,0,6776000,-2345000,4431000
2008/10/24,0,11184000,-21956000,-10772000
2008/10/27,0,5799000,-23714000,-17915000
2008/10/28,0,5384000,-62283586,-56899586
2008/10/29,0,9298000,-56450000,-47152000
2008/10/30,0,7046000,-16907000,-9861000
2008/10/31,0,3004000,-18385000,-15381000
2008/11/03,0,10301000,-6986000,3315000
2008/11/04,0,8652000,-12692811,-4040811
2008/11/05,0,9786000,-18134268,-8348268
2008/11/06,0,6474000,-10982000,-4508000
2008/11/07,0,10797000,-19824000,-9027000
2008/11/10,0,7207000,-3395000,3812000
2008/11/11,0,9361000,-8089177,1271823
2008/11/12,0,4604000,-20454000,-15850000
2008/11/13,0,2753000,-10544000,-7791000
2008/11/14,0,2980000,-2492000,488000
2008/11/17,0,4179000,-1260000,2919000
2008/11/18,0,7786000,-5362000,2424000
2008/11/19,0,2872000,-4101000,-1229000
2008/11/20,0,7128000,-5732000,1396000
2008/11/21,0,2957000,-5988000,-3031000
2008/11/24,0,6548000,-5170000,1378000
2008/11/25,0,7622000,-6541649,1080351
2008/11/26,0,6780000,-4615641,2164359
2008/11/27,0,5779000,-1502000,4277000
2008/11/28,0,10502000,-3432000,7070000
2008/12/01,0,12543000,-3653000,8890000
2008/12/02,0,9444000,-15995452,-6551452
2008/12/03,0,2401000,-4999000,-2598000
2008/12/04,0,4110000,-9311000,-5201000
2008/12/05,0,6861000,-5026000,1835000
2008/12/08,0,15430000,-8928000,6502000
2008/12/09,0,13514000,-18441000,-4927000
2008/12/10,0,11263000,-808000,10455000
2008/12/11,0,9482000,-1923000,7559000
2008/12/12,0,8790000,-12304000,-3514000
2008/12/15,0,12557000,-2024000,10533000
2008/12/16,0,5483000,-4026000,1457000
2008/12/17,0,17443000,-3136000,14307000
2008/12/18,0,11476000,-5695000,5781000
2008/12/19,0,7803000,-6827000,976000
2008/12/22,0,3736000,-7325517,-3589517
2008/12/23,0,2293000,-7744000,-5451000
2008/12/24,0,5001000,-7898000,-2897000
2008/12/25,0,349000,-1045000,-696000
2008/12/26,0,1184000,-1360000,-176000
2008/12/29,0,1347000,-2011000,-664000
2008/12/30,0,10277000,-1216000,9061000
2008/12/31,0,2509000,-5332000,-2823000
2009/01/01,0,0,0,0
2009/01/02,0,0,0,0
2009/01/05,0,6068000,-4542000,1526000
2009/01/06,0,5298162,-3754000,1544162
2009/01/07,0,3564489,-2448000,1116489
2009/01/08,0,1311000,-14690000,-13379000
2009/01/09,0,5677000,-6594000,-917000
2009/01/12,0,12679460,-8296000,4383460
2009/01/13,0,8029717,-4783000,3246717
2009/01/14,0,15959500,-21365500,-5406000
2009/01/15,0,4419000,-18781000,-14362000
2009/01/16,0,4124000,-10696000,-6572000
2009/01/19,0,1724000,-3309670,-1585670
2009/01/20,0,9809000,-17107000,-7298000
2009/01/21,0,8331400,-10679622,-2348222
2009/01/22,0,0,0,0
2009/01/23,0,0,0,0
2009/01/26,0,0,0,0
2009/01/27,0,0,0,0
2009/01/28,0,0,0,0
2009/01/29,0,0,0,0
2009/01/30,0,0,0,0
2009/02/02,0,8774624,-6836376,1938248
2009/02/03,0,1225000,-2423890,-1198890
2009/02/04,0,1408000,-4998000,-3590000
2009/02/05,0,4137000,-7095000,-2958000
2009/02/06,0,7436000,-6777000,659000
2009/02/09,0,19270000,-8872000,10398000
2009/02/10,0,9026376,-13669004,-4642628
2009/02/11,0,2660000,-8786000,-6126000
2009/02/12,0,2001000,-16262000,-14261000
2009/02/13,0,5097000,-7795000,-2698000
2009/02/16,0,3647000,-10310000,-6663000
2009/02/17,0,1667000,-14178253,-12511253
2009/02/18,0,11707000,-13850000,-2143000
2009/02/19,0,11980000,-16663000,-4683000
2009/02/20,0,8682256,-15056256,-6374000
2009/02/23,0,12726000,-13818000,-1092000
2009/02/24,0,2162000,-5536720,-3374720
2009/02/25,0,6040000,-5007180,1032820
2009/02/26,0,3601000,-7703600,-4102600
2009/02/27,0,2349000,-5717000,-3368000
2009/03/02,0,508000,-18214674,-17706674
2009/03/03,0,1517000,-3237000,-1720000
2009/03/04,0,4359774,-4259000,100774
2009/03/05,0,3217000,-562000,2655000
2009/03/06,0,6558000,-4353000,2205000
2009/03/09,0,3579000,-5077000,-1498000
2009/03/10,0,9310000,-1542000,7768000
2009/03/11,0,14896747,-5471000,9425747
2009/03/12,0,4837000,-4884000,-47000
2009/03/13,0,14263000,-1718000,12545000
2009/03/16,0,5988100,-1917000,4071100
2009/03/17,0,13984000,-1088000,12896000
2009/03/18,0,11341000,-3407000,7934000
2009/03/19,0,2642000,-12399000,-9757000
2009/03/20,0,3440000,-3485030,-45030
2009/03/23,0,13256000,-1232000,12024000
2009/03/24,0,13450000,-14968000,-1518000
2009/03/25,0,14542000,-12006660,2535340
2009/03/26,0,8546000,-1732000,6814000
2009/03/27,0,2908773,-4356000,-1447227
2009/03/30,0,5783000,-7103000,-1320000
2009/03/31,0,6658000,-5705223,952777
2009/04/01,0,3343000,-6740000,-3397000
2009/04/02,0,16350000,-23901000,-7551000
2009/04/03,0,2727000,-8656000,-5929000
2009/04/06,0,10056000,-2673000,7383000
2009/04/07,0,4510000,-4138000,372000
2009/04/08,0,12750000,-11030000,1720000
2009/04/09,0,14746000,-4372167,10373833
2009/04/10,0,10285000,-667000,9618000
2009/04/13,0,7127000,-3169000,3958000
2009/04/14,0,9366000,-5738000,3628000
2009/04/15,0,6474000,-11743000,-5269000
2009/04/16,0,11225000,-35811000,-24586000
2009/04/17,0,12768850,-26214000,-13445150
2009/04/20,0,12787000,-39691000,-26904000
2009/04/21,0,8292000,-21522000,-13230000
2009/04/22,0,1570000,-20335000,-18765000
2009/04/23,0,5858000,-9865000,-4007000
2009/04/24,0,11116000,-32388000,-21272000
2009/04/27,0,7695464,-14636000,-6940536
2009/04/28,0,9879000,-13618000,-3739000
2009/04/29,0,14404000,-17880800,-3476800
2009/04/30,0,9690000,-4098000,5592000
2009/05/01,0,0,0,0
2009/05/04,0,6194000,-9269000,-3075000
2009/05/05,0,50143194,-44409000,5734194
2009/05/06,0,22823000,-30794000,-7971000
2009/05/07,0,31261500,-32056000,-794500
2009/05/08,0,13692600,-26056000,-12363400
2009/05/11,0,7763000,-27687000,-19924000
2009/05/12,0,8900000,-15709000,-6809000
2009/05/13,0,9315000,-12231000,-2916000
2009/05/14,0,3858500,-14603000,-10744500
2009/05/15,0,6304000,-8127000,-1823000
2009/05/18,0,11395000,-8086000,3309000
2009/05/19,0,13629000,-4274000,9355000
2009/05/20,0,10343000,-3795000,6548000
2009/05/21,0,11111648,-13926000,-2814352
2009/05/22,0,3069000,-15065000,-11996000
2009/05/25,0,2392000,-17034550,-14642550
2009/05/26,0,16309000,-11283000,5026000
2009/05/27,0,21952550,-63719384,-41766834
2009/05/28,0,0,0,0
2009/05/29,0,0,0,0
2009/06/01,0,16252000,-15445773,806227
2009/06/02,0,13711000,-20881712,-7170712
2009/06/03,0,10276000,-14907000,-4631000
2009/06/04,0,4490000,-21064000,-16574000
2009/06/05,0,3828337,-16035000,-12206663
2009/06/08,0,1736000,-23669000,-21933000
2009/06/09,0,7408000,-28367000,-20959000
2009/06/10,0,11012000,-9348876,1663124
2009/06/11,0,10393000,-13890000,-3497000
2009/06/12,0,3205000,-11385000,-8180000
2009/06/15,0,3905000,-5286000,-1381000
2009/06/16,0,5435000,-13861330,-8426330
2009/06/17,0,5703000,-13846000,-8143000
2009/06/18,0,3383000,-8619000,-5236000
2009/06/19,0,11268004,-4635000,6633004
2009/06/22,0,5026000,-4087000,939000
2009/06/23,0,2339400,-10412000,-8072600
2009/06/24,0,11663000,-4723000,6940000
2009/06/25,0,20863000,-3861100,17001900
2009/06/26,0,14479000,-5601000,8878000
2009/06/29,0,11297000,-20684000,-9387000
2009/06/30,0,12113300,-7688848,4424452
2009/07/01,0,31990735,-4731000,27259735
2009/07/02,0,33865000,-10006000,23859000
2009/07/03,0,17103000,-3317281,13785719
2009/07/06,0,7711000,-4548000,3163000
2009/07/07,0,18986000,-11739890,7246110
2009/07/08,0,7077000,-10620000,-3543000
2009/07/09,0,6792000,-11112000,-4320000
2009/07/10,0,5148000,-11053000,-5905000
2009/07/13,0,6634000,-9300000,-2666000
2009/07/14,0,8716000,-7416220,1299780
2009/07/15,0,6755000,-7206000,-451000
2009/07/16,0,4470000,-6264000,-1794000
2009/07/17,0,7423547,-1797130,5626417
2009/07/20,0,11785000,-1673967,10111033
2009/07/21,0,8408000,-11404140,-2996140
2009/07/22,0,5927000,-1470000,4457000
2009/07/23,0,10592857,-1898600,8694257
2009/07/24,0,6658000,-2533700,4124300
2009/07/27,0,4379000,-887933,3491067
2009/07/28,0,6016000,-1795000,4221000
2009/07/29,0,6316569,-9197000,-2880431
2009/07/30,0,5657000,-5024000,633000
2009/07/31,0,4192000,-7634000,-3442000
2009/08/03,0,4990000,-2256000,2734000
2009/08/04,0,12159000,-6276000,5883000
2009/08/05,0,5418000,-7486000,-2068000
2009/08/06,0,5423000,-6102000,-679000
2009/08/07,0,0,0,0
2009/08/10,0,21613000,-7865587,13747413
2009/08/11,0,3367000,-2565000,802000
2009/08/12,0,2110000,-5165000,-3055000
2009/08/13,0,7495000,-3661000,3834000
2009/08/14,0,9556000,-670000,8886000
2009/08/17,0,1060000,-3366000,-2306000
2009/08/18,0,2077000,-4596000,-2519000
2009/08/19,0,7333300,-5513342,1819958
2009/08/20,0,7787000,-5127000,2660000
2009/08/21,0,2313000,-7440920,-5127920
2009/08/24,0,10038000,-3807000,6231000
2009/08/25,0,704000,-8070515,-7366515
2009/08/26,0,1906000,-6922000,-5016000
2009/08/27,0,1676000,-2847000,-1171000
2009/08/28,0,7730000,-3519000,4211000
2009/08/31,0,2552000,-6407524,-3855524
2009/09/01,0,6061000,-421875,5639125
2009/09/02,0,2480000,-4794000,-2314000
2009/09/03,0,4143000,-1860000,2283000
2009/09/04,0,5588000,-2109008,3478992
2009/09/07,0,3268000,-1307000,1961000
2009/09/08,0,12516000,-2968000,9548000
2009/09/09,0,6331000,-1649000,4682000
2009/09/10,0,22193000,-1374670,20818330
2009/09/11,0,6879000,-3537286,3341714
2009/09/14,0,3464000,-6843000,-3379000
2009/09/15,0,7245663,-4853000,2392663
2009/09/16,0,12772000,-3070000,9702000
2009/09/17,0,8978000,-4427280,4550720
2009/09/18,0,7648000,-7213000,435000
2009/09/21,0,774000,-8550000,-7776000
2009/09/22,0,3454000,-3191000,263000
2009/09/23,0,3475000,-4681000,-1206000
2009/09/24,0,5147000,-11242000,-6095000
2009/09/25,0,5256655,-8866230,-3609575
2009/09/28,0,3720000,-3646000,74000
2009/09/29,0,12434877,-10797000,1637877
2009/09/30,0,7770000,-6634000,1136000
2009/10/01,0,10233000,-8485000,1748000
2009/10/02,0,2141946,-10309491,-8167545
2009/10/05,0,5601400,-7356400,-1755000
2009/10/06,0,6870730,-18903000,-12032270
2009/10/07,0,9640000,-3591060,6048940
2009/10/08,0,5294000,-11455000,-6161000
2009/10/09,0,4619000,-9624000,-5005000
2009/10/12,0,4953326,-15189000,-10235674
2009/10/13,0,5720510,-5428070,292440
2009/10/14,0,7757000,-6010000,1747000
2009/10/15,0,12073900,-14219000,-2145100
2009/10/16,0,6739000,-17081000,-10342000
2009/10/19,0,4364000,-3732493,631507
2009/10/20,0,3568072,-3057000,511072
2009/10/21,0,4721000,-9333000,-4612000
2009/10/22,0,1925000,-7733000,-5808000
2009/10/23,0,1299000,-1391000,-92000
2009/10/26,0,6919100,-1663000,5256100
2009/10/27,0,3420000,-5212000,-1792000
2009/10/28,0,252000,-15067436,-14815436
2009/10/29,0,1589000,-12748000,-11159000
2009/10/30,0,7777000,-7525000,252000
2009/11/02,0,2080000,-7223000,-5143000
2009/11/03,0,2654000,-8501000,-5847000
2009/11/04,0,20749100,-1829726,18919374
2009/11/05,0,1640000,-5312000,-3672000
2009/11/06,0,8448000,-3929000,4519000
2009/11/09,0,7372000,-8245000,-873000
2009/11/10,0,7191000,-6708000,483000
2009/11/11,0,8434000,-7855000,579000
2009/11/12,0,5180000,-6200000,-1020000
2009/11/13,0,5409000,-5215871,193129
2009/11/16,0,9597000,-11528000,-1931000
2009/11/17,0,8489000,-6469000,2020000
2009/11/18,0,3702000,-9807000,-6105000
2009/11/19,0,3742000,-8603000,-4861000
2009/11/20,0,3011000,-13517000,-10506000
2009/11/23,0,1832000,-2662000,-830000
2009/11/24,0,4144000,-3422000,722000
2009/11/25,0,9613000,-11636000,-2023000
2009/11/26,0,3208000,-8264000,-5056000
2009/11/27,0,805000,-20069000,-19264000
2009/11/30,0,3877106,-9410166,-5533060
2009/12/01,0,9812000,-4185143,5626857
2009/12/02,0,3549250,-3384000,165250
2009/12/03,0,4992000,-8994257,-4002257
2009/12/04,0,1750550,-17969000,-16218450
2009/12/07,0,3724000,-8726000,-5002000
2009/12/08,0,3478000,-4066447,-588447
2009/12/09,0,1041000,-6540300,-5499300
2009/12/10,0,3457000,-20935930,-17478930
2009/12/11,0,8856000,-8437000,419000
2009/12/14,0,5847000,-8850000,-3003000
2009/12/15,0,5457000,-11817000,-6360000
2009/12/16,0,1844000,-19220000,-17376000
2009/12/17,0,1937450,-3769000,-1831550
2009/12/18,0,3014000,-3779000,-765000
2009/12/21,0,4435000,-3754000,681000
2009/12/22,0,3831000,-250000,3581000
2009/12/23,0,4709000,-80752,4628248
2009/12/24,0,6644000,-693000,5951000
2009/12/25,0,3511000,-5000,3506000
2009/12/28,0,6120000,-4540000,1580000
2009/12/29,0,3565150,-866000,2699150
2009/12/30,0,9896000,-4375000,5521000
2009/12/31,0,8501000,-3951000,4550000
2010/01/01,0,0,0,0
2010/01/04,0,4123000,-1515000,2608000
2010/01/05,0,3864000,-1994000,1870000
2010/01/06,0,5938000,-4879000,1059000
2010/01/07,0,8463000,-3241698,5221302
2010/01/08,0,8459010,-3920000,4539010
2010/01/11,0,2685000,-1860000,825000
2010/01/12,0,3308443,-3829000,-520557
2010/01/13,0,656000,-11958000,-11302000
2010/01/14,0,5949000,-4406720,1542280
2010/01/15,0,4733000,-3141000,1592000
2010/01/18,0,1338000,-3145000,-1807000
2010/01/19,0,4549000,-5993000,-1444000
2010/01/20,0,8243000,-11556000,-3313000
2010/01/21,0,10756000,-2909000,7847000
2010/01/22,0,6907000,-9485000,-2578000
2010/01/25,0,409250,-8582000,-8172750
2010/01/26,0,1308000,-17259100,-15951100
2010/01/27,0,3363000,-3682130,-319130
2010/01/28,0,967288,-6112000,-5144712
2010/01/29,0,12737000,-7632290,5104710
2010/02/01,0,5065000,-5387400,-322400
2010/02/02,0,10856000,-7958350,2897650
2010/02/03,0,8556730,-4136000,4420730
2010/02/04,0,7086000,-9180920,-2094920
2010/02/05,0,9968000,-9687290,280710
2010/02/08,0,4820000,-7246653,-2426653
2010/02/09,0,4389000,-4333740,55260
2010/02/10,0,10459000,-9296000,1163000
2010/02/11,0,0,0,0
2010/02/12,0,0,0,0
2010/02/15,0,0,0,0
2010/02/16,0,0,0,0
2010/02/17,0,0,0,0
2010/02/18,0,0,0,0
2010/02/19,0,0,0,0
2010/02/22,0,9887000,-7145000,2742000
2010/02/23,0,17594000,-3894000,13700000
2010/02/24,0,9137000,-5008730,4128270
2010/02/25,0,16426000,-17734910,-1308910
2010/02/26,0,4933000,-1921061,3011939
2010/03/01,0,8074000,-1235000,6839000
2010/03/02,0,4102000,-1298000,2804000
2010/03/03,0,5105000,-2704000,2401000
2010/03/04,0,2168000,-7134568,-4966568
2010/03/05,0,8379000,-1340000,7039000
2010/03/08,0,8662000,-1255500,7406500
2010/03/09,0,12399940,-1034000,11365940
2010/03/10,0,3594000,-4175265,-581265
2010/03/11,0,2131000,-4782000,-2651000
2010/03/12,0,3394000,-679000,2715000
2010/03/15,0,1482000,-4745000,-3263000
2010/03/16,0,3634002,-4100000,-465998
2010/03/17,0,13127000,-291300,12835700
2010/03/18,0,7990000,-17533000,-9543000
2010/03/19,0,13348000,-20592000,-7244000
2010/03/22,0,3434000,-7061640,-3627640
2010/03/23,0,8702000,-1468000,7234000
2010/03/24,0,6377936,-1744000,4633936
2010/03/25,0,3238000,-7343000,-4105000
2010/03/26,0,6109000,-5793000,316000
2010/03/29,0,9480000,-381000,9099000
2010/03/30,0,10893240,-1450000,9443240
2010/03/31,0,6884923,-2841537,4043386
2010/04/01,0,11109000,-1907680,9201320
2010/04/02,0,3857000,-59000,3798000
2010/04/05,0,0,0,0
2010/04/06,0,8223680,-429000,7794680
2010/04/07,0,11580520,-5706090,5874430
2010/04/08,0,9971000,-6667000,3304000
2010/04/09,0,4731000,-1904160,2826840
2010/04/12,0,8616210,-2438000,6178210
2010/04/13,0,4105000,-4830000,-725000
2010/04/14,0,8207000,-4084290,4122710
2010/04/15,0,3146000,-5664000,-2518000
2010/04/16,0,4078190,-4624000,-545810
2010/04/19,0,11918000,-10550000,1368000
2010/04/20,0,11767000,-5779000,5988000
2010/04/21,0,9129000,-6167000,2962000
2010/04/22,0,7969000,-13556910,-5587910
2010/04/23,0,6342000,-3017000,3325000
2010/04/26,0,12633000,-3445000,9188000
2010/04/27,0,8854000,-7072000,1782000
2010/04/28,0,5335000,-8211110,-2876110
2010/04/29,0,5807000,-6424000,-617000
2010/04/30,0,12676000,-3931000,8745000
2010/05/03,0,607000,-3473050,-2866050
2010/05/04,0,5704000,-5959000,-255000
2010/05/05,0,4083000,-14328870,-10245870
2010/05/06,0,4039000,-11942000,-7903000
2010/05/07,0,3343000,-9084320,-5741320
2010/05/10,0,8528310,-10763060,-2234750
2010/05/11,0,6229000,-11136000,-4907000
2010/05/12,0,943000,-2317000,-1374000
2010/05/13,0,6034000,-255000,5779000
2010/05/14,0,4455000,-280000,4175000
2010/05/17,0,987000,-4057000,-3070000
2010/05/18,0,2382000,-1447000,935000
2010/05/19,0,3817004,-3580000,237004
2010/05/20,0,605000,-5703000,-5098000
2010/05/21,0,1342000,-8851080,-7509080
2010/05/24,0,3787000,-7003000,-3216000
2010/05/25,0,2690000,-5768000,-3078000
2010/05/26,0,4446480,-4107000,339480
2010/05/27,0,1686000,-3984746,-2298746
2010/05/28,0,5812000,-8844000,-3032000
2010/05/31,0,5187000,-1368000,3819000
2010/06/01,0,2102000,-6434000,-4332000
2010/06/02,0,3109000,-4544000,-1435000
2010/06/03,0,4806000,-2371000,2435000
2010/06/04,0,3692000,-2776000,916000
2010/06/07,0,9568354,-6307000,3261354
2010/06/08,0,3646000,-2590000,1056000
2010/06/09,0,6964000,-4928000,2036000
2010/06/10,0,7024000,-1585000,5439000
2010/06/11,0,13046443,-4029000,9017443
2010/06/14,0,6181027,-735000,5446027
2010/06/15,0,10816054,-1344720,9471334
2010/06/16,0,0,0,0
2010/06/17,0,18457934,-8310543,10147391
2010/06/18,0,6940845,-7182000,-241155
2010/06/21,0,18259711,-16403437,1856274
2010/06/22,0,11161942,-7274000,3887942
2010/06/23,0,4305875,-2928339,1377536
2010/06/24,0,13709000,-8460089,5248911
2010/06/25,0,16245626,-11207000,5038626
2010/06/28,0,7857000,-11062287,-3205287
2010/06/29,0,14123000,-6826000,7297000
2010/06/30,0,11878000,-13740000,-1862000
2010/07/01,0,10713000,-14821340,-4108340
2010/07/02,0,14507000,-5626750,8880250
2010/07/05,0,13361000,-4063271,9297729
2010/07/06,0,8384000,-4096923,4287077
2010/07/07,0,4971000,-3907545,1063455
2010/07/08,0,5350000,-697000,4653000
2010/07/09,0,3532220,-1233000,2299220
2010/07/12,0,6088000,-3056016,3031984
2010/07/13,0,3596000,-2784000,812000
2010/07/14,0,12439190,-2159484,10279706
2010/07/15,0,9049000,-10134000,-1085000
2010/07/16,0,7093117,-9467473,-2374356
2010/07/19,0,6010000,-6690000,-680000
2010/07/20,0,7236103,-9182000,-1945897
2010/07/21,0,10208000,-5314000,4894000
2010/07/22,0,3475000,-2804000,671000
2010/07/23,0,11814000,-1394200,10419800
2010/07/26,0,7505330,-1797000,5708330
2010/07/27,0,2820457,-3282000,-461543
2010/07/28,0,6980000,-396000,6584000
2010/07/29,0,9197000,-4588260,4608740
2010/07/30,0,2635539,-3528000,-892461
2010/08/02,0,20379000,-1907000,18472000
2010/08/03,0,18914000,-2086000,16828000
2010/08/04,0,6210000,-2677000,3533000
2010/08/05,0,2964000,-3203000,-239000
2010/08/06,0,7647000,-104000,7543000
2010/08/09,0,6424000,-726000,5698000
2010/08/10,0,24553000,-4791000,19762000
2010/08/11,0,6530000,-1590791,4939209
2010/08/12,0,4081000,-2406000,1675000
2010/08/13,0,5235000,-4335980,899020
2010/08/16,0,755000,-6676000,-5921000
2010/08/17,0,6305000,-1128000,5177000
2010/08/18,0,28594000,-8469000,20125000
2010/08/19,0,15167500,-9194000,5973500
2010/08/20,0,4895000,-3835000,1060000
2010/08/23,0,12736000,-3452000,9284000
2010/08/24,0,18514000,-7086000,11428000
2010/08/25,0,10797000,-15169000,-4372000
2010/08/26,0,6079000,-17692000,-11613000
2010/08/27,0,26108000,-10225000,15883000
2010/08/30,0,15225808,-3575000,11650808
2010/08/31,0,12887000,-11048355,1838645
2010/09/01,0,5320000,-4332000,988000
2010/09/02,0,4450062,-2717000,1733062
2010/09/03,0,7368000,-2633000,4735000
2010/09/06,0,3627000,-3182000,445000
2010/09/07,0,4172042,-1191210,2980832
2010/09/08,0,6924670,-4690000,2234670
2010/09/09,0,4760000,-1462000,3298000
2010/09/10,0,3744130,-2018000,1726130
2010/09/13,0,22637000,-3875000,18762000
2010/09/14,0,15579000,-2993000,12586000
2010/09/15,0,16158443,-3098000,13060443
2010/09/16,0,11980000,-6143000,5837000
2010/09/17,0,6722000,-9287000,-2565000
2010/09/20,0,2874000,-618000,2256000
2010/09/21,0,4841000,-684000,4157000
2010/09/22,0,0,0,0
2010/09/23,0,13861282,-1366120,12495162
2010/09/24,0,10926740,-16362000,-5435260
2010/09/27,0,5872030,-2448000,3424030
2010/09/28,0,4423080,-5314800,-891720
2010/09/29,0,9140000,-6033000,3107000
2010/09/30,0,8749000,-10242000,-1493000
2010/10/01,0,4001000,-1774000,2227000
2010/10/04,0,14624070,-14047000,577070
2010/10/05,0,6531240,-9757600,-3226360
2010/10/06,0,7619080,-2806000,4813080
2010/10/07,0,4722270,-3832000,890270
2010/10/08,0,5570560,-6016000,-445440
2010/10/11,0,4148630,-2975000,1173630
2010/10/12,0,6225440,-6776176,-550736
2010/10/13,0,4017860,-1017000,3000860
2010/10/14,0,9033130,-5833000,3200130
2010/10/15,0,4458300,-5012000,-553700
2010/10/18,0,3375000,-9054000,-5679000
2010/10/19,0,4306000,-10316000,-6010000
2010/10/20,0,2495000,-10137500,-7642500
2010/10/21,0,2744000,-7524000,-4780000
2010/10/22,0,6398000,-10093000,-3695000
2010/10/25,0,7064000,-4090200,2973800
2010/10/26,0,3888367,-536000,3352367
2010/10/27,0,3233760,-3093000,140760
2010/10/28,0,12097136,-9677000,2420136
2010/10/29,0,3764000,-3384000,380000
2010/11/01,0,9745000,-4585000,5160000
2010/11/02,0,3475000,-2690000,785000
2010/11/03,0,8394000,-3019000,5375000
2010/11/04,0,4486000,-234000,4252000
2010/11/05,0,5010000,-456234,4553766
2010/11/08,0,46795000,-1432000,45363000
2010/11/09,0,4811000,-4338000,473000
2010/11/10,0,5017000,-6683840,-1666840
2010/11/11,0,6024000,-5697788,326212
2010/11/12,0,2360000,-9772000,-7412000
2010/11/15,0,1113610,-5745000,-4631390
2010/11/16,0,6391000,-7749280,-1358280
2010/11/17,0,3158000,-13658000,-10500000
2010/11/18,0,2294000,-10982350,-8688350
2010/11/19,0,7798320,-14538000,-6739680
2010/11/22,0,5206900,-4048000,1158900
2010/11/23,0,6600270,-15347000,-8746730
2010/11/24,0,5956000,-9274000,-3318000
2010/11/25,0,19316000,-15296000,4020000
2010/11/26,0,13198000,-7630000,5568000
2010/11/29,0,14429000,-10256549,4172451
2010/11/30,0,8629250,-10091881,-1462631
2010/12/01,0,7531000,-5488000,2043000
2010/12/02,0,13334000,-3761394,9572606
2010/12/03,0,3487700,-8515000,-5027300
2010/12/06,0,4809000,-16046700,-11237700
2010/12/07,0,6666900,-7165000,-498100
2010/12/08,0,8210000,-3509000,4701000
2010/12/09,0,14296000,-4902900,9393100
2010/12/10,0,4698000,-1465000,3233000
2010/12/13,0,2011000,-860000,1151000
2010/12/14,0,4157000,-1419000,2738000
2010/12/15,0,5473400,-11302000,-5828600
2010/12/16,0,4312000,-703000,3609000
2010/12/17,0,5059000,-6550000,-1491000
2010/12/20,0,10165880,-8850000,1315880
2010/12/21,0,11131000,-7483417,3647583
2010/12/22,0,6866000,-3348740,3517260
2010/12/23,0,16904000,-2644000,14260000
2010/12/24,0,11116000,-826000,10290000
2010/12/27,0,8141000,-1305000,6836000
2010/12/28,0,4672000,-1685000,2987000
2010/12/29,0,13441140,-17763000,-4321860
2010/12/30,0,11784000,-19927000,-8143000
2010/12/31,0,7472556,-16101520,-8628964
2011/01/03,0,8899000,-4666400,4232600
2011/01/04,0,15018300,-15237000,-218700
2011/01/05,0,9440000,-11171100,-1731100
2011/01/06,0,3762000,-3852000,-90000
2011/01/07,0,9076000,-4477000,4599000
2011/01/10,0,3346000,-10294000,-6948000
2011/01/11,0,8201000,-9193000,-992000
2011/01/12,0,11206910,-10319000,887910
2011/01/13,0,10994942,-13261000,-2266058
2011/01/14,0,5946000,-7547000,-1601000
2011/01/17,0,6800788,-7817000,-1016212
2011/01/18,0,5807000,-6682500,-875500
2011/01/19,0,9231000,-9909000,-678000
2011/01/20,0,18849000,-17292000,1557000
2011/01/21,0,14428000,-8644000,5784000
2011/01/24,0,7305000,-1311000,5994000
2011/01/25,0,12634000,-947000,11687000
2011/01/26,0,16511000,-1157390,15353610
2011/01/27,0,22667000,-5186950,17480050
2011/01/28,0,7410040,-9746000,-2335960
2011/01/31,0,0,0,0
2011/02/01,0,0,0,0
2011/02/02,0,0,0,0
2011/02/03,0,0,0,0
2011/02/04,0,0,0,0
2011/02/07,0,0,0,0
2011/02/08,0,33341000,-24094300,9246700
2011/02/09,0,16609000,-12272370,4336630
2011/02/10,0,9450000,-22524320,-13074320
2011/02/11,0,18608000,-17154007,1453993
2011/02/14,0,14309000,-17020060,-2711060
2011/02/15,0,12980000,-14428000,-1448000
2011/02/16,0,10548000,-12228000,-1680000
2011/02/17,0,9384320,-10960270,-1575950
2011/02/18,0,18707000,-3624000,15083000
2011/02/21,0,13811000,-6608443,7202557
2011/02/22,0,8269000,-14552695,-6283695
2011/02/23,0,7465977,-5785960,1680017
2011/02/24,0,3170577,-9968000,-6797423
2011/02/25,0,7359000,-13242746,-5883746
2011/02/28,0,0,0,0
2011/03/01,0,2641000,-8317000,-5676000
2011/03/02,0,3768077,-9755500,-5987423
2011/03/03,0,6438000,-10894527,-4456527
2011/03/04,0,6792000,-1534000,5258000
2011/03/07,0,3535000,-467500,3067500
2011/03/08,0,9187000,-3430300,5756700
2011/03/09,0,15267007,-2297283,12969724
2011/03/10,0,32113000,-13332040,18780960
2011/03/11,0,8999000,-8691250,307750
2011/03/14,0,8665000,-8805000,-140000
2011/03/15,0,12807000,-36734290,-23927290
2011/03/16,0,10210000,-5568150,4641850
2011/03/17,0,7898000,-2822850,5075150
2011/03/18,0,8038000,-8369389,-331389
2011/03/21,0,1996000,-7024000,-5028000
2011/03/22,0,6158000,-5922659,235341
2011/03/23,0,7296000,-2533000,4763000
2011/03/24,0,3406000,-1165000,2241000
2011/03/25,0,9430000,-948000,8482000
2011/03/28,0,8343000,-351000,7992000
2011/03/29,0,12439000,-1502038,10936962
2011/03/30,0,12916000,-590032,12325968
2011/03/31,0,13545362,-3910237,9635125
2011/04/01,0,4135477,-1620000,2515477
2011/04/04,0,0,0,0
2011/04/05,0,0,0,0
2011/04/06,0,35495797,-3371000,32124797
2011/04/07,0,7806000,-371701,7434299
2011/04/08,0,9163561,-5859230,3304331
2011/04/11,0,4888769,-350000,4538769
2011/04/12,0,2260140,-5458000,-3197860
2011/04/13,0,7528000,-1804964,5723036
2011/04/14,0,1830000,-3445600,-1615600
2011/04/15,0,3999000,-4371000,-372000
2011/04/18,0,3551000,-593028,2957972
2011/04/19,0,895000,-5445000,-4550000
2011/04/20,0,5158897,-1761505,3397392
2011/04/21,0,24022680,-6865000,17157680
2011/04/22,0,10573000,-2016000,8557000
2011/04/25,0,3891000,-1776000,2115000
2011/04/26,0,5846865,-6129800,-282935
2011/04/27,0,23938000,-3419000,20519000
2011/04/28,0,23079419,-7370000,15709419
2011/04/29,0,10025264,-2403000,7622264
2011/05/02,0,0,0,0
2011/05/03,0,10658000,-2536000,8122000
2011/05/04,0,5916000,-6743795,-827795
2011/05/05,0,8521100,-2659000,5862100
2011/05/06,0,5349479,-15301000,-9951521
2011/05/09,0,14918000,-11820790,3097210
2011/05/10,0,10332000,-11046000,-714000
2011/05/11,0,6087000,-11941870,-5854870
2011/05/12,0,8032500,-7209000,823500
2011/05/13,0,4117000,-7359770,-3242770
2011/05/16,0,5163200,-8647000,-3483800
2011/05/17,0,3928000,-5557000,-1629000
2011/05/18,0,12920000,-9926000,2994000
2011/05/19,0,22910785,-3178000,19732785
2011/05/20,0,9915000,-15880000,-5965000
2011/05/23,0,10506000,-4926000,5580000
2011/05/24,0,7011000,-6141557,869443
2011/05/25,0,18315000,-11225928,7089072
2011/05/26,0,19481000,-15553487,3927513
2011/05/27,0,23947000,-14173000,9774000
2011/05/30,0,26083000,-7265000,18818000
2011/05/31,0,23156086,-28088027,-4931941
2011/06/01,0,14329000,-6086808,8242192
2011/06/02,0,11888000,-4178000,7710000
2011/06/03,0,7257000,-11892283,-4635283
2011/06/06,0,0,0,0
2011/06/07,0,6584000,-7555000,-971000
2011/06/08,0,10291000,-11097685,-806685
2011/06/09,0,13181000,-1737318,11443682
2011/06/10,0,25934901,-15441000,10493901
2011/06/13,0,24124000,-16236290,7887710
2011/06/14,0,12794000,-11463000,1331000
2011/06/15,0,32161000,-20813126,11347874
2011/06/16,0,10217000,-12574000,-2357000
2011/06/17,0,20966256,-10172000,10794256
2011/06/20,0,9514000,-2594936,6919064
2011/06/21,0,20100000,-4865803,15234197
2011/06/22,0,14485000,-7883000,6602000
2011/06/23,0,8592936,-2723910,5869026
2011/06/24,0,7586000,-2272117,5313883
2011/06/27,0,8644000,-9424042,-780042
2011/06/28,0,22537000,-5525358,17011642
2011/06/29,0,17626000,-9693500,7932500
2011/06/30,0,18521000,-8545500,9975500
2011/07/01,0,23184215,-9126000,14058215
2011/07/04,0,9378938,-10421977,-1043039
2011/07/05,0,7057484,-10961443,-3903959
2011/07/06,0,2238824,-7256268,-5017444
2011/07/07,0,10649431,-7534008,3115423
2011/07/08,0,6391982,-10122000,-3730018
2011/07/11,0,2003779,-6262000,-4258221
2011/07/12,0,9327535,-5839200,3488335
2011/07/13,0,12162834,-9362258,2800576
2011/07/14,0,1671855,-5656900,-3985045
2011/07/15,0,9599837,-12941432,-3341595
2011/07/18,0,5793545,-15324888,-9531343
2011/07/19,0,4147000,-13612400,-9465400
2011/07/20,0,4178619,-7097984,-2919365
2011/07/21,0,7400339,-15595000,-8194661
2011/07/22,0,7882055,-2786000,5096055
2011/07/25,0,1379969,-4512000,-3132031
2011/07/26,0,17479985,-7698000,9781985
2011/07/27,0,8313087,-16759000,-8445913
2011/07/28,0,10761720,-15335000,-4573280
2011/07/29,0,7405356,-8652302,-1246946
2011/08/01,0,12873133,-14513000,-1639867
2011/08/02,0,3307890,-8813000,-5505110
2011/08/03,0,2316003,-16056879,-13740876
2011/08/04,0,8991130,-17986000,-8994870
2011/08/05,0,5159639,-30986491,-25826852
2011/08/08,0,4549085,-30736206,-26187121
2011/08/09,0,8234459,-46545387,-38310928
2011/08/10,0,14013000,-35885610,-21872610
2011/08/11,0,9877300,-36639000,-26761700
2011/08/12,0,13467000,-31126155,-17659155
2011/08/15,0,7398959,-10099000,-2700041
2011/08/16,0,7314000,-23841000,-16527000
2011/08/17,0,18151736,-18690000,-538264
2011/08/18,0,6206472,-13618000,-7411528
2011/08/19,0,7592948,-18924000,-11331052
2011/08/22,0,17063600,-14918000,2145600
2011/08/23,0,24288000,-19702277,4585723
2011/08/24,0,24694819,-15079100,9615719
2011/08/25,0,12864712,-7677081,5187631
2011/08/26,0,8884973,-3569000,5315973
2011/08/29,0,11042000,-3460851,7581149
2011/08/30,0,17670045,-18209000,-538955
2011/08/31,0,9727886,-4382000,5345886
2011/09/01,0,21338707,-20374117,964590
2011/09/02,0,2198101,-15283000,-13084899
2011/09/05,0,6491000,-24179000,-17688000
2011/09/06,0,15863360,-15589888,273472
2011/09/07,0,16900285,-15554000,1346285
2011/09/08,0,11192788,-6725000,4467788
2011/09/09,0,6524780,-6129000,395780
2011/09/12,0,0,0,0
2011/09/13,0,11080661,-15096000,-4015339
2011/09/14,0,14559892,-19065379,-4505487
2011/09/15,0,21116000,-19538000,1578000
2011/09/16,0,26492000,-16840380,9651620
2011/09/19,0,3350118,-4227280,-877162
2011/09/20,0,4790554,-9541740,-4751186
2011/09/21,0,11835466,-11993280,-157814
2011/09/22,0,3513515,-14768629,-11255114
2011/09/23,0,12441668,-21525774,-9084106
2011/09/26,0,6024287,-5892700,131587
2011/09/27,0,14096933,-14272000,-175067
2011/09/28,0,27505649,-19769000,7736649
2011/09/29,0,22867750,-5988400,16879350
2011/09/30,0,16359000,-27193640,-10834640
2011/10/03,0,3342876,-15956350,-12613474
2011/10/04,0,8855000,-10325800,-1470800
2011/10/05,0,5741000,-5453500,287500
2011/10/06,0,14002000,-9176300,4825700
2011/10/07,0,7558000,-5437000,2121000
2011/10/10,0,0,0,0
2011/10/11,0,19661000,-27025440,-7364440
2011/10/12,0,5361000,-4290000,1071000
2011/10/13,0,16113094,-12423000,3690094
2011/10/14,0,3057292,-10489940,-7432648
2011/10/17,0,12295740,-22972240,-10676500
2011/10/18,0,2077253,-10830530,-8753277
2011/10/19,0,6547938,-12926980,-6379042
2011/10/20,0,7519655,-8231940,-712285
2011/10/21,0,6965009,-10225060,-3260051
2011/10/24,0,24437795,-25777700,-1339905
2011/10/25,0,14951053,-6739140,8211913
2011/10/26,0,6968020,-10665780,-3697760
2011/10/27,0,6712367,-15540660,-8828293
2011/10/28,0,36124000,-14445000,21679000
2011/10/31,0,12569980,-9124340,3445640
2011/11/01,0,10030000,-7481000,2549000
2011/11/02,0,9948000,-6996200,2951800
2011/11/03,0,10505000,-17707000,-7202000
2011/11/04,0,23638000,-25200320,-1562320
2011/11/07,0,4034000,-10257480,-6223480
2011/11/08,0,7111619,-13921400,-6809781
2011/11/09,0,6588143,-14393760,-7805617
2011/11/10,0,5201143,-29318280,-24117137
2011/11/11,0,2780000,-4321100,-1541100
2011/11/14,0,6265000,-24111316,-17846316
2011/11/15,0,5995000,-10498000,-4503000
2011/11/16,0,3907000,-16955000,-13048000
2011/11/17,0,6764571,-15714506,-8949935
2011/11/18,0,13136000,-20945904,-7809904
2011/11/21,0,11230000,-17040442,-5810442
2011/11/22,0,6953000,-23178910,-16225910
2011/11/23,0,5789000,-11528640,-5739640
2011/11/24,0,11208700,-7121520,4087180
2011/11/25,0,4085200,-16167000,-12081800
2011/11/28,0,8688712,-6203000,2485712
2011/11/29,0,6816000,-7839000,-1023000
2011/11/30,0,14192566,-10360326,3832240
2011/12/01,0,8549000,-4884520,3664480
2011/12/02,0,14315000,-4500160,9814840
2011/12/05,0,22052000,-22125280,-73280
2011/12/06,0,8297000,-6146820,2150180
2011/12/07,0,17701000,-5399220,12301780
2011/12/08,0,9062000,-5630720,3431280
2011/12/09,0,20439256,-12470740,7968516
2011/12/12,0,1393000,-4590593,-3197593
2011/12/13,0,4976000,-7828660,-2852660
2011/12/14,0,2916000,-3665484,-749484
2011/12/15,0,4769001,-12672600,-7903599
2011/12/16,0,4240000,-1483568,2756432
2011/12/19,0,5549797,-7765797,-2216000
2011/12/20,0,10451000,-28336480,-17885480
2011/12/21,0,4342000,-13708896,-9366896
2011/12/22,0,21754000,-13529060,8224940
2011/12/23,0,7425000,-10765660,-3340660
2011/12/26,0,2154000,-1335000,819000
2011/12/27,0,3858000,-2473000,1385000
2011/12/28,0,5530000,-1463000,4067000
2011/12/29,0,4550000,-1279100,3270900
2011/12/30,0,6785869,-1907000,4878869
2012/01/02,0,2133840,-6201000,-4067160
2012/01/03,0,5847140,-1540000,4307140
2012/01/04,0,11365000,-8173780,3191220
2012/01/05,0,2820000,-6487400,-3667400
2012/01/06,0,17593857,-14406920,3186937
2012/01/09,0,11660000,-5254000,6406000
2012/01/10,0,34783000,-13928820,20854180
2012/01/11,0,13734000,-13541860,192140
2012/01/12,0,11978000,-2883940,9094060
2012/01/13,0,10589000,-4308000,6281000
2012/01/16,0,11736000,-21889000,-10153000
2012/01/17,0,6860000,-6947080,-87080
2012/01/18,0,12420556,-28093820,-15673264
2012/01/19,0,0,0,0
2012/01/20,0,0,0,0
2012/01/23,0,0,0,0
2012/01/24,0,0,0,0
2012/01/25,0,0,0,0
2012/01/26,0,0,0,0
2012/01/27,0,0,0,0
2012/01/30,0,29454705,-26254780,3199925
2012/01/31,0,24005984,-35259880,-11253896
2012/02/01,0,23900000,-12842160,11057840
2012/02/02,0,13439000,-2380000,11059000
2012/02/03,0,8082000,-6653000,1429000
2012/02/06,0,11351000,-13406260,-2055260
2012/02/07,0,10417000,-5578060,4838940
2012/02/08,0,23572000,-13970667,9601333
2012/02/09,0,16356000,-8754940,7601060
2012/02/10,0,19127000,-3421000,15706000
2012/02/13,0,8963000,-2055000,6908000
2012/02/14,0,14355188,-7693980,6661208
2012/02/15,0,13388000,-4686000,8702000
2012/02/16,0,6947000,-6440020,506980
2012/02/17,0,15257000,-19783000,-4526000
2012/02/20,0,5502000,-22726000,-17224000
2012/02/21,0,8071120,-9605080,-1533960
2012/02/22,0,20577000,-9974000,10603000
2012/02/23,0,16547000,-10514740,6032260
2012/02/24,0,20168671,-12049760,8118911
2012/02/27,0,0,0,0
2012/02/28,0,0,0,0
2012/02/29,0,43878766,-12356280,31522486
2012/03/01,0,8057009,-6255889,1801120
2012/03/02,0,5966332,-4139080,1827252
2012/03/05,0,9354000,-14423000,-5069000
2012/03/06,0,7546442,-18019000,-10472558
2012/03/07,0,2456000,-8754000,-6298000
2012/03/08,0,10703000,-16118180,-5415180
2012/03/09,0,4178000,-5343000,-1165000
2012/03/12,0,5411000,-3531300,1879700
2012/03/13,0,19139000,-3893620,15245380
2012/03/14,0,15499150,-5663567,9835583
2012/03/15,0,7271000,-7065200,205800
2012/03/16,0,2418000,-6216427,-3798427
2012/03/19,0,4698000,-9501622,-4803622
2012/03/20,0,4781000,-7259820,-2478820
2012/03/21,0,12692256,-10694256,1998000
2012/03/22,0,8965000,-5946440,3018560
2012/03/23,0,12226000,-6188000,6038000
2012/03/26,0,3774428,-22201000,-18426572
2012/03/27,0,5289000,-8498351,-3209351
2012/03/28,0,3539000,-11356159,-7817159
2012/03/29,0,10625000,-10726400,-101400
2012/03/30,0,7537751,-22009060,-14471309
2012/04/02,0,6711000,-5698880,1012120
2012/04/03,0,24823466,-10591840,14231626
2012/04/04,0,0,0,0
2012/04/05,0,7127000,-13601000,-6474000
2012/04/06,0,4972719,-18142940,-13170221
2012/04/09,0,3937000,-8038000,-4101000
2012/04/10,0,14555900,-18438900,-3883000
2012/04/11,0,6277150,-5888420,388730
2012/04/12,0,5972340,-11637140,-5664800
2012/04/13,0,9276131,-9063645,212486
2012/04/16,0,6310000,-6559337,-249337
2012/04/17,0,18834000,-4515000,14319000
2012/04/18,0,15112000,-15551720,-439720
2012/04/19,0,17689337,-8765000,8924337
2012/04/20,0,6913000,-8110759,-1197759
2012/04/23,0,28831490,-6424000,22407490
2012/04/24,0,13718000,-8210220,5507780
2012/04/25,0,15915000,-8808524,7106476
2012/04/26,0,16333000,-4758000,11575000
2012/04/27,0,16477146,-6163000,10314146
2012/04/30,0,22393928,-2597960,19795968
2012/05/01,0,0,0,0
2012/05/02,0,8297000,-6681486,1615514
2012/05/03,0,6996000,-8140000,-1144000
2012/05/04,0,7369472,-11731900,-4362428
2012/05/07,0,13251000,-15442000,-2191000
2012/05/08,0,11972000,-9394960,2577040
2012/05/09,0,4891000,-9899000,-5008000
2012/05/10,0,8517214,-1743444,6773770
2012/05/11,0,4606406,-15477000,-10870594
2012/05/14,0,4267000,-1780000,2487000
2012/05/15,0,7914000,-4591694,3322306
2012/05/16,0,6300571,-9826000,-3525429
2012/05/17,0,10455000,-10280094,174906
2012/05/18,0,8350000,-26509980,-18159980
2012/05/21,0,5490000,-2753000,2737000
2012/05/22,0,2698000,-3678000,-980000
2012/05/23,0,5540571,-6694000,-1153429
2012/05/24,0,6946000,-15778000,-8832000
2012/05/25,0,10493000,-8861340,1631660
2012/05/28,0,5559000,-6067000,-508000
2012/05/29,0,3876000,-4467000,-591000
2012/05/30,0,24549000,-28861949,-4312949
2012/05/31,0,15153915,-20556911,-5402996
2012/06/01,0,4884000,-4075081,808919
2012/06/04,0,8816276,-12099000,-3282724
2012/06/05,0,5461000,-2603000,2858000
2012/06/06,0,11116000,-3695740,7420260
2012/06/07,0,11779887,-3704000,8075887
2012/06/08,0,7038974,-7194000,-155026
2012/06/11,0,11043478,-1732000,9311478
2012/06/12,0,3963000,-3732000,231000
2012/06/13,0,9487318,-5063840,4423478
2012/06/14,0,6084235,-7829323,-1745088
2012/06/15,0,16983000,-24600173,-7617173
2012/06/18,0,9837205,-10515000,-677795
2012/06/19,0,13815375,-12198063,1617312
2012/06/20,0,11766442,-17369000,-5602558
2012/06/21,0,8720126,-8226000,494126
2012/06/22,0,10549098,-11321100,-772002
2012/06/25,0,7982000,-13572320,-5590320
2012/06/26,0,7823000,-5342000,2481000
2012/06/27,0,20332000,-8656200,11675800
2012/06/28,0,7754000,-14170780,-6416780
2012/06/29,0,15964000,-7218000,8746000
2012/07/02,0,16445000,-9018000,7427000
2012/07/03,0,28056571,-8716000,19340571
2012/07/04,0,25408910,-12766000,12642910
2012/07/05,0,15665000,-7076780,8588220
2012/07/06,0,13524000,-7970000,5554000
2012/07/09,0,5640000,-6986000,-1346000
2012/07/10,0,11900276,-12273300,-373024
2012/07/11,0,18453000,-3390000,15063000
2012/07/12,0,20959000,-11825000,9134000
2012/07/13,0,19386620,-11438008,7948612
2012/07/16,0,7816000,-7678700,137300
2012/07/17,0,10219000,-3765100,6453900
2012/07/18,0,15227000,-8605571,6621429
2012/07/19,0,8574000,-4036571,4537429
2012/07/20,0,8466000,-2276283,6189717
2012/07/23,0,8276000,-5929000,2347000
2012/07/24,0,9491000,-9821571,-330571
2012/07/25,0,15995000,-15007821,987179
2012/07/26,0,15810680,-17923433,-2112753
2012/07/27,0,13601000,-7922860,5678140
2012/07/30,0,11502374,-7237000,4265374
2012/07/31,0,30085879,-6849000,23236879
2012/08/01,0,5953000,-6059800,-106800
2012/08/02,0,0,0,0
2012/08/03,0,14488130,-15337571,-849441
2012/08/06,0,15619000,-11326360,4292640
2012/08/07,0,22941488,-17339657,5601831
2012/08/08,0,15175854,-8517360,6658494
2012/08/09,0,31291000,-3901000,27390000
2012/08/10,0,9781000,-4512000,5269000
2012/08/13,0,8092150,-3819000,4273150
2012/08/14,0,8159265,-15320000,-7160735
2012/08/15,0,20258000,-5232000,15026000
2012/08/16,0,16734000,-11215000,5519000
2012/08/17,0,9910000,-9086000,824000
2012/08/20,0,3887000,-2191000,1696000
2012/08/21,0,26098835,-1435369,24663466
2012/08/22,0,8975279,-4721000,4254279
2012/08/23,0,6650264,-3170964,3479300
2012/08/24,0,7366000,-14705785,-7339785
2012/08/27,0,7563000,-10922000,-3359000
2012/08/28,0,10698760,-16865000,-6166240
2012/08/29,0,14808000,-10791000,4017000
2012/08/30,0,7251000,-15745671,-8494671
2012/08/31,0,7447940,-6189620,1258320
2012/09/03,0,1859500,-6204000,-4344500
2012/09/04,0,2818000,-10523909,-7705909
2012/09/05,0,634000,-8243000,-7609000
2012/09/06,0,5312000,-7033314,-1721314
2012/09/07,0,8962178,-8190820,771358
2012/09/10,0,5573805,-5343075,230730
2012/09/11,0,813000,-4279740,-3466740
2012/09/12,0,3239000,-6191095,-2952095
2012/09/13,0,4920000,-3407705,1512295
2012/09/14,0,20974000,-2672840,18301160
2012/09/17,0,10688000,-10812390,-124390
2012/09/18,0,13427000,-18158967,-4731967
2012/09/19,0,17612748,-15460060,2152688
2012/09/20,0,5962848,-16402474,-10439626
2012/09/21,0,8094000,-8862395,-768395
2012/09/24,0,6255302,-5838000,417302
2012/09/25,0,9563000,-5735360,3827640
2012/09/26,0,10904000,-6808097,4095903
2012/09/27,0,14894000,-3646624,11247376
2012/09/28,0,5539505,-11470081,-5930576
2012/10/01,0,2749000,-6776000,-4027000
2012/10/02,0,6171000,-3683465,2487535
2012/10/03,0,3054000,-15556000,-12502000
2012/10/04,0,7993000,-7373152,619848
2012/10/05,0,5681500,-6245750,-564250
2012/10/08,0,8509900,-13231575,-4721675
2012/10/09,0,7110000,-5680588,1429412
2012/10/10,0,0,0,0
2012/10/11,0,2963000,-10393550,-7430550
2012/10/12,0,2832000,-14729345,-11897345
2012/10/15,0,2599000,-6751250,-4152250
2012/10/16,0,1316000,-7848956,-6532956
2012/10/17,0,4220000,-18665373,-14445373
2012/10/18,0,4349000,-7363800,-3014800
2012/10/19,0,8076000,-17601804,-9525804
2012/10/22,0,4135000,-5650655,-1515655
2012/10/23,0,2952189,-4783742,-1831553
2012/10/24,0,5216000,-12545287,-7329287
2012/10/25,0,3449000,-3309000,140000
2012/10/26,0,3667000,-5879140,-2212140
2012/10/29,0,3872300,-3431780,440520
2012/10/30,0,4620000,-5234000,-614000
2012/10/31,0,5936000,-11846903,-5910903
2012/11/01,0,1747000,-7882021,-6135021
2012/11/02,0,4625000,-4529000,96000
2012/11/05,0,2750000,-6556255,-3806255
2012/11/06,0,3136000,-2231010,904990
2012/11/07,0,4727000,-2858615,1868385
2012/11/08,0,5280000,-9445000,-4165000
2012/11/09,0,4513000,-15620000,-11107000
2012/11/12,0,5799000,-5318215,480785
2012/11/13,0,6592000,-9997215,-3405215
2012/11/14,0,2208000,-3316000,-1108000
2012/11/15,0,3196001,-8174000,-4977999
2012/11/16,0,3873000,-3865000,8000
2012/11/19,0,3610000,-3759000,-149000
2012/11/20,0,2750000,-2156000,594000
2012/11/21,0,4134000,-7764120,-3630120
2012/11/22,0,5480000,-1456000,4024000
2012/11/23,0,12831000,-10795000,2036000
2012/11/26,0,11161000,-6670650,4490350
2012/11/27,0,8294000,-3564000,4730000
2012/11/28,0,9668600,-9394869,273731
2012/11/29,0,15081500,-6773851,8307649
2012/11/30,0,18124000,-8055680,10068320
2012/12/03,0,8550000,-2446389,6103611
2012/12/04,0,3663238,-3210000,453238
2012/12/05,0,7774000,-1415773,6358227
2012/12/06,0,10728000,-2455972,8272028
2012/12/07,0,7737000,-1733085,6003915
2012/12/10,0,6431000,-11961000,-5530000
2012/12/11,0,12489654,-18695405,-6205751
2012/12/12,0,17742000,-15757000,1985000
2012/12/13,0,11611372,-10468921,1142451
2012/12/14,0,8026343,-7535263,491080
2012/12/17,0,6099000,-8481121,-2382121
2012/12/18,0,8770000,-2456556,6313444
2012/12/19,0,8282015,-9651075,-1369060
2012/12/20,0,16589000,-16235227,353773
2012/12/21,0,1614000,-5493317,-3879317
2012/12/24,0,1823000,-2164000,-341000
2012/12/25,0,3086000,-475000,2611000
2012/12/26,0,3202000,-2077000,1125000
2012/12/27,0,3500335,-9836190,-6335855
2012/12/28,0,6384000,-3237176,3146824
2012/12/31,0,0,0,0
2013/01/01,0,0,0,0
2013/01/02,0,9131000,-2535000,6596000
2013/01/03,0,11235000,-7084627,4150373
2013/01/04,0,3784000,-5978610,-2194610
2013/01/07,0,3361000,-6463900,-3102900
2013/01/08,0,3947000,-5165445,-1218445
2013/01/09,0,9537000,-11446376,-1909376
2013/01/10,0,27544000,-11305910,16238090
2013/01/11,0,8372000,-7749744,622256
2013/01/14,0,8793000,-4677135,4115865
2013/01/15,0,6696000,-6568000,128000
2013/01/16,0,4004880,-4859565,-854685
2013/01/17,0,5058900,-6464061,-1405161
2013/01/18,0,4069000,-4534000,-465000
2013/01/21,0,1561000,-2597000,-1036000
2013/01/22,0,3451000,-4612083,-1161083
2013/01/23,0,2226000,-1764063,461937
2013/01/24,0,3294000,-12512395,-9218395
2013/01/25,0,3676341,-8043305,-4366964
2013/01/28,0,11419000,-3666000,7753000
2013/01/29,0,5210600,-2154000,3056600
2013/01/30,0,13228120,-1335000,11893120
2013/01/31,0,7973940,-6101827,1872113
2013/02/01,0,5002000,-1849215,3152785
2013/02/04,0,26833000,-6307000,20526000
2013/02/05,0,13634000,-19267030,-5633030
2013/02/06,0,8753957,-4156306,4597651
2013/02/07,0,0,0,0
2013/02/08,0,0,0,0
2013/02/11,0,0,0,0
2013/02/12,0,0,0,0
2013/02/13,0,0,0,0
2013/02/14,0,0,0,0
2013/02/15,0,0,0,0
2013/02/18,0,7503211,-5985000,1518211
2013/02/19,0,4353454,-5515000,-1161546
2013/02/20,0,13295413,-4248997,9046416
2013/02/21,0,5895000,-3577887,2317113
2013/02/22,0,8184000,-19459887,-11275887
2013/02/25,0,4296000,-15667398,-11371398
2013/02/26,0,10807000,-4029136,6777864
2013/02/27,0,19447000,-13150345,6296655
2013/02/28,0,0,0,0
2013/03/01,0,7666000,-3206000,4460000
2013/03/04,0,10707000,-10769000,-62000
2013/03/05,0,17464000,-9105370,8358630
2013/03/06,0,8997775,-2447300,6550475
2013/03/07,0,3088000,-6353309,-3265309
2013/03/08,0,6028000,-4444664,1583336
2013/03/11,0,13858000,-6970550,6887450
2013/03/12,0,10161767,-9986792,174975
2013/03/13,0,11943000,-5194000,6749000
2013/03/14,0,7492000,-6870997,621003
2013/03/15,0,8119623,-10897765,-2778142
2013/03/18,0,504000,-11751500,-11247500
2013/03/19,0,3328000,-6862692,-3534692
2013/03/20,0,6540000,-17978772,-11438772
2013/03/21,0,3022694,-13632145,-10609451
2013/03/22,0,1380000,-11550279,-10170279
2013/03/25,0,10001000,-8799181,1201819
2013/03/26,0,3551000,-3118000,433000
2013/03/27,0,6447000,-1400700,5046300
2013/03/28,0,5467000,-9379964,-3912964
2013/03/29,0,4148000,-4306000,-158000
2013/04/01,0,1641205,-25000,1616205
2013/04/02,0,4830232,-448000,4382232
2013/04/03,0,11127000,-5610376,5516624
2013/04/04,0,0,0,0
2013/04/05,0,0,0,0
2013/04/08,0,15818240,-27192170,-11373930
2013/04/09,0,13827000,-7163589,6663411
2013/04/10,0,8915008,-14207008,-5292000
2013/04/11,0,5617189,-8897069,-3279880
2013/04/12,0,3468000,-3860500,-392500
2013/04/15,0,4118991,-8127300,-4008309
2013/04/16,0,2740725,-14103452,-11362727
2013/04/17,0,8107000,-27737220,-19630220
2013/04/18,0,8269000,-6024000,2245000
2013/04/19,0,8201000,-3748000,4453000
2013/04/22,0,3509000,-4450000,-941000
2013/04/23,0,2990000,-4108505,-1118505
2013/04/24,0,7234000,-12904424,-5670424
2013/04/25,0,7831978,-18494560,-10662582
2013/04/26,0,6978000,-17434589,-10456589
2013/04/29,0,5885000,-23257090,-17372090
2013/04/30,0,10374000,-18402235,-8028235
2013/05/01,0,0,0,0
2013/05/02,0,15999000,-12403379,3595621
2013/05/03,0,11663225,-9934000,1729225
2013/05/06,0,5116000,-8298500,-3182500
2013/05/07,0,4975102,-15346851,-10371749
2013/05/08,0,17776030,-18180246,-404216
2013/05/09,0,8493899,-11962580,-3468681
2013/05/10,0,5020000,-8188000,-3168000
2013/05/13,0,3208000,-6095150,-2887150
2013/05/14,0,4963000,-4441270,521730
2013/05/15,0,8473000,-12579764,-4106764
2013/05/16,0,12940725,-5846000,7094725
2013/05/17,0,3723000,-4253000,-530000
2013/05/20,0,5331000,-7995455,-2664455
2013/05/21,0,1730000,-9939078,-8209078
2013/05/22,0,4043000,-6620407,-2577407
2013/05/23,0,7175000,-15140964,-7965964
2013/05/24,0,2599247,-15459477,-12860230
2013/05/27,0,3304614,-5429446,-2124832
2013/05/28,0,7546000,-5433124,2112876
2013/05/29,0,4032000,-4788083,-756083
2013/05/30,0,4444000,-16249000,-11805000
2013/05/31,0,38719294,-37589989,1129305
2013/06/03,0,3333000,-9040300,-5707300
2013/06/04,0,3673000,-11006125,-7333125
2013/06/05,0,7538893,-17641706,-10102813
2013/06/06,0,3847066,-16995987,-13148921
2013/06/07,0,5204564,-11646000,-6441436
2013/06/10,0,7616300,-7182000,434300
2013/06/11,0,8199356,-14153000,-5953644
2013/06/12,0,0,0,0
2013/06/13,0,1733000,-16845817,-15112817
2013/06/14,0,1987000,-12276247,-10289247
2013/06/17,0,1148000,-5887552,-4739552
2013/06/18,0,8163245,-13223515,-5060270
2013/06/19,0,7295000,-14016243,-6721243
2013/06/20,0,7243000,-11307310,-4064310
2013/06/21,0,22655000,-36199586,-13544586
2013/06/24,0,6015000,-24817925,-18802925
2013/06/25,0,11083000,-19548741,-8465741
2013/06/26,0,12161000,-25744831,-13583831
2013/06/27,0,9679000,-11471000,-1792000
2013/06/28,0,13802000,-11609503,2192497
2013/07/01,0,7421000,-3544847,3876153
2013/07/02,0,4475648,-5848193,-1372545
2013/07/03,0,4790000,-6558000,-1768000
2013/07/04,0,10195113,-2375000,7820113
2013/07/05,0,6362000,-5634000,728000
2013/07/08,0,3693000,-7600000,-3907000
2013/07/09,0,15154000,-4113885,11040115
2013/07/10,0,56562000,-8725400,47836600
2013/07/11,0,40673694,-9641149,31032545
2013/07/12,0,18417000,-4509000,13908000
2013/07/15,0,12897000,-5322565,7574435
2013/07/16,0,15161000,-2838000,12323000
2013/07/17,0,23718000,-8829296,14888704
2013/07/18,0,23246000,-7783890,15462110
2013/07/19,0,15972193,-2976350,12995843
2013/07/22,0,15471479,-2162000,13309479
2013/07/23,0,31829000,-12703218,19125782
2013/07/24,0,20344570,-8416000,11928570
2013/07/25,0,17661000,-12763000,4898000
2013/07/26,0,14208000,-5607000,8601000
2013/07/29,0,8570000,-1664529,6905471
2013/07/30,0,28152000,-2060942,26091058
2013/07/31,0,10503000,-8072000,2431000
2013/08/01,0,12550000,-1692000,10858000
2013/08/02,0,17451123,-3729430,13721693
2013/08/05,0,8392468,-2776000,5616468
2013/08/06,0,8518000,-13957000,-5439000
2013/08/07,0,12881000,-7551739,5329261
2013/08/08,0,8430876,-12116000,-3685124
2013/08/09,0,1853000,-12195059,-10342059
2013/08/12,0,886000,-13737597,-12851597
2013/08/13,0,2948000,-14206200,-11258200
2013/08/14,0,9698361,-16694000,-6995639
2013/08/15,0,7052000,-21797769,-14745769
2013/08/16,0,6712581,-8382794,-1670213
2013/08/19,0,9509000,-8721000,788000
2013/08/20,0,1706171,-6852416,-5146245
2013/08/21,0,0,0,0
2013/08/22,0,24746171,-27858347,-3112176
2013/08/23,0,11749000,-7665000,4084000
2013/08/26,0,7349000,-1913000,5436000
2013/08/27,0,12264000,-7353248,4910752
2013/08/28,0,7134000,-12202390,-5068390
2013/08/29,0,12716936,-11365695,1351241
2013/08/30,0,8299000,-2111131,6187869
2013/09/02,0,6770000,-1329000,5441000
2013/09/03,0,6235000,-3001000,3234000
2013/09/04,0,17871000,-2104000,15767000
2013/09/05,0,23995699,-7793340,16202359
2013/09/06,0,8061000,-5935000,2126000
2013/09/09,0,11409000,-1918000,9491000
2013/09/10,0,35790000,-8581140,27208860
2013/09/11,0,23572200,-7493272,16078928
2013/09/12,0,12892000,-3491263,9400737
2013/09/13,0,9122000,-4140836,4981164
2013/09/16,0,24549000,-4710535,19838465
2013/09/17,0,16496000,-7046562,9449438
2013/09/18,0,15228734,-3322245,11906489
2013/09/19,0,0,0,0
2013/09/20,0,0,0,0
2013/09/23,0,35274414,-4243000,31031414
2013/09/24,0,24351000,-18391672,5959328
2013/09/25,0,21259900,-10449960,10809940
2013/09/26,0,4882500,-5567975,-685475
2013/09/27,0,10161000,-6868518,3292482
2013/09/30,0,11983000,-11895997,87003
2013/10/01,0,7200000,-5042290,2157710
2013/10/02,0,5189286,-13467412,-8278126
2013/10/03,0,18677000,-3945000,14732000
2013/10/04,0,6288000,-1559000,4729000
2013/10/07,0,5477545,-3753000,1724545
2013/10/08,0,8925000,-3794000,5131000
2013/10/09,0,9886000,-7549000,2337000
2013/10/10,0,0,0,0
2013/10/11,0,8377000,-3815000,4562000
2013/10/14,0,6161000,-1138370,5022630
2013/10/15,0,13667000,-4477458,9189542
2013/10/16,0,8250000,-5578000,2672000
2013/10/17,0,4423000,-2964090,1458910
2013/10/18,0,5486210,-699621,4786589
2013/10/21,0,5407000,-9971347,-4564347
2013/10/22,0,8191000,-3806120,4384880
2013/10/23,0,7096000,-2298000,4798000
2013/10/24,0,3103000,-4412415,-1309415
2013/10/25,0,2545872,-4959000,-2413128
2013/10/28,0,4208000,-4823418,-615418
2013/10/29,0,9218000,-12770600,-3552600
2013/10/30,0,4784078,-2510412,2273666
2013/10/31,0,16648000,-5476514,11171486
2013/11/01,0,2772000,-9532034,-6760034
2013/11/04,0,882000,-2852000,-1970000
2013/11/05,0,4353000,-3814053,538947
2013/11/06,0,3751000,-7372909,-3621909
2013/11/07,0,3235000,-5521350,-2286350
2013/11/08,0,1965000,-3337762,-1372762
2013/11/11,0,1924000,-7552973,-5628973
2013/11/12,0,8979000,-3909725,5069275
2013/11/13,0,4362000,-7356000,-2994000
2013/11/14,0,6384000,-5923239,460761
2013/11/15,0,2109000,-4190312,-2081312
2013/11/18,0,4211000,-3746597,464403
2013/11/19,0,4032933,-7648933,-3616000
2013/11/20,0,6838000,-5112365,1725635
2013/11/21,0,2386000,-11724500,-9338500
2013/11/22,0,2294000,-4264628,-1970628
2013/11/25,0,6106790,-4647855,1458935
2013/11/26,0,10917508,-7290916,3626592
2013/11/27,0,2923545,-2883312,40233
2013/11/28,0,5179000,-1649491,3529509
2013/11/29,0,9089000,-2356000,6733000
2013/12/02,0,3691545,-2392000,1299545
2013/12/03,0,3970955,-5022235,-1051280
2013/12/04,0,3988000,-2472700,1515300
2013/12/05,0,7886400,-3670000,4216400
2013/12/06,0,4364000,-8173630,-3809630
2013/12/09,0,10021000,-5309212,4711788
2013/12/10,0,12166000,-2269000,9897000
2013/12/11,0,20109000,-1576000,18533000
2013/12/12,0,8998276,-4234245,4764031
2013/12/13,0,6935000,-3937000,2998000
2013/12/16,0,11725175,-8270068,3455107
2013/12/17,0,9350030,-6636419,2713611
2013/12/18,0,6231000,-7095016,-864016
2013/12/19,0,12409624,-12114000,295624
2013/12/20,0,9616270,-5038862,4577408
2013/12/23,0,5226000,-3626399,1599601
2013/12/24,0,4845000,-2155562,2689438
2013/12/25,0,672000,-290000,382000
2013/12/26,0,2761000,-715000,2046000
2013/12/27,0,8132000,-4692356,3439644
2013/12/30,0,9053700,-1351729,7701971
2013/12/31,0,4288000,-1307000,2981000
2014/01/02,0,5806000,-2280000,3526000
2014/01/03,0,4467300,-6309052,-1841752
2014/01/06,0,2055360,-8459408,-6404048
2014/01/07,0,1854000,-12657654,-10803654
2014/01/08,0,5834000,-4468758,1365242
2014/01/09,0,9070000,-21059951,-11989951
2014/01/10,0,4998000,-7489599,-2491599
2014/01/13,0,11199440,-8422719,2776721
2014/01/14,0,7709000,-8897095,-1188095
2014/01/15,0,13180000,-5997314,7182686
2014/01/16,0,4117138,-2716333,1400805
2014/01/17,0,1876545,-6417000,-4540455
2014/01/20,0,3501000,-4759400,-1258400
2014/01/21,0,3952000,-15150575,-11198575
2014/01/22,0,9185000,-4394515,4790485
2014/01/23,0,10048000,-11803393,-1755393
2014/01/24,0,9985000,-19075137,-9090137
2014/01/27,0,13601000,-34652395,-21051395
2014/02/05,0,20889500,-47315007,-26425507
2014/02/06,0,10441000,-24055935,-13614935
2014/02/07,0,4162000,-8199312,-4037312
2014/02/10,0,2769000,-4932147,-2163147
2014/02/11,0,3076744,-5093231,-2016487
2014/02/12,0,7421000,-13409216,-5988216
2014/02/13,0,8574658,-13457907,-4883249
2014/02/14,0,14501000,-22943925,-8442925
2014/02/17,0,2880000,-7640503,-4760503
2014/02/18,0,16215000,-17162962,-947962
2014/02/19,0,12807000,-20374000,-7567000
2014/02/20,0,12626000,-21860544,-9234544
2014/02/21,0,24608000,-15298628,9309372
2014/02/24,0,8465000,-2730880,5734120
2014/02/25,0,55196662,-34810417,20386245
2014/02/26,0,21522000,-17436520,4085480
2014/02/27,0,13192653,-9813716,3378937
2014/03/03,0,14117000,-18289611,-4172611
2014/03/04,0,1931000,-4480323,-2549323
2014/03/05,0,1722000,-4410469,-2688469
2014/03/06,0,9693309,-10378652,-685343
2014/03/07,0,6823000,-2012000,4811000
2014/03/10,0,4613000,-13008061,-8395061
2014/03/11,0,1073000,-10275536,-9202536
2014/03/12,0,3390000,-18788356,-15398356
2014/03/13,0,5088000,-35597715,-30509715
2014/03/14,0,3773000,-16723875,-12950875
2014/03/17,0,8128000,-15408445,-7280445
2014/03/18,0,6030000,-4917412,1112588
2014/03/19,0,3974000,-10546357,-6572357
2014/03/20,0,5608000,-24717750,-19109750
2014/03/21,0,11852000,-23588519,-11736519
2014/03/24,0,14183000,-7633232,6549768
2014/03/25,0,9644612,-5846332,3798280
2014/03/26,0,10306000,-14542149,-4236149
2014/03/27,0,6414000,-12160080,-5746080
2014/03/28,0,9690000,-1471000,8219000
2014/03/31,0,20420269,-13124698,7295571
2014/04/01,0,5332000,-14184635,-8852635
2014/04/02,0,12753180,-12620000,133180
2014/04/03,0,6519000,-6284072,234928
2014/04/07,0,11437000,-11728687,-291687
2014/04/08,0,5145938,-4068932,1077006
2014/04/09,0,12744000,-5159710,7584290
2014/04/10,0,8084029,-1700000,6384029
2014/04/11,0,4399000,-1703000,2696000
2014/04/14,0,10199000,-6703762,3495238
2014/04/15,0,8873000,-6708434,2164566
2014/04/16,0,14955000,-7895000,7060000
2014/04/17,0,6144000,-2856000,3288000
2014/04/18,0,2705000,-591000,2114000
2014/04/21,0,1507000,-1038000,469000
2014/04/22,0,2439000,-970000,1469000
2014/04/23,0,3351000,-1179000,2172000
2014/04/24,0,7405000,-5609095,1795905
2014/04/25,0,5375000,-2307819,3067181
2014/04/28,0,7761000,-4930000,2831000
2014/04/29,0,4924000,-1336000,3588000
2014/04/30,0,6792000,-7697132,-905132
2014/05/02,0,3784000,-2584000,1200000
2014/05/05,0,1629000,-2141673,-512673
2014/05/06,0,4175000,-1955000,2220000
2014/05/07,0,4316000,-5685580,-1369580
2014/05/08,0,2746000,-5444745,-2698745
2014/05/09,0,3826000,-8146477,-4320477
2014/05/12,0,2280938,-9177000,-6896062
2014/05/13,0,7364363,-5478000,1886363
2014/05/14,0,8298000,-13233379,-4935379
2014/05/15,0,10375000,-5108030,5266970
2014/05/16,0,6499000,-5300942,1198058
2014/05/19,0,6449000,-4416065,2032935
2014/05/20,0,4307000,-9774040,-5467040
2014/05/21,0,6165000,-13953563,-7788563
2014/05/22,0,9183000,-5563174,3619826
2014/05/23,0,12439000,-3264470,9174530
2014/05/26,0,5625000,-1628000,3997000
2014/05/27,0,7029000,-1144000,5885000
2014/05/28,0,21101000,-6740400,14360600
2014/05/29,0,10546000,-5886505,4659495
2014/05/30,0,37930484,-24875800,13054684
2014/06/03,0,18686915,-23462830,-4775915
2014/06/04,0,7922000,-10866000,-2944000
2014/06/05,0,12391309,-7766609,4624700
2014/06/06,0,4939000,-5290000,-351000
2014/06/09,0,4256000,-2223329,2032671
2014/06/10,0,12986016,-2210009,10776007
2014/06/11,0,4270309,-6518765,-2248456
2014/06/12,0,8885509,-3918000,4967509
2014/06/13,0,5285542,-2539426,2746116
2014/06/16,0,13924953,-5056810,8868143
2014/06/17,0,14210000,-11099462,3110538
2014/06/18,0,16417146,-9349000,7068146
2014/06/19,0,9512300,-9637715,-125415
2014/06/20,0,39099278,-51026876,-11927598
2014/06/23,0,3918000,-5429281,-1511281
2014/06/24,0,4887000,-4674965,212035
2014/06/25,0,4891000,-12102140,-7211140
2014/06/26,0,15994253,-3756796,12237457
2014/06/27,0,6290150,-2574000,3716150
2014/06/30,0,17064000,-14947000,2117000
2014/07/01,0,9981000,-8401925,1579075
2014/07/02,0,11757877,-8140520,3617357
2014/07/03,0,3095000,-8375000,-5280000
2014/07/04,0,2970000,-9390000,-6420000
2014/07/07,0,7566187,-6645763,920424
2014/07/08,0,17251000,-1222400,16028600
2014/07/09,0,5738140,-3699801,2038339
2014/07/10,0,18195161,-2962000,15233161
2014/07/11,0,9350000,-8478000,872000
2014/07/14,0,11525000,-10419354,1105646
2014/07/15,0,16162503,-2345000,13817503
2014/07/16,0,25838061,-5908000,19930061
2014/07/17,0,13507568,-4722878,8784690
2014/07/18,0,15543412,-2647000,12896412
2014/07/21,0,4461608,-2714187,1747421
2014/07/22,0,10394000,-2280000,8114000
2014/07/23,0,0,0,0
2014/07/24,0,13203296,-2937880,10265416
2014/07/25,0,12985000,-2480375,10504625
2014/07/28,0,9654384,-2084384,7570000
2014/07/29,0,12492000,-5275423,7216577
2014/07/30,0,8328000,-8049000,279000
2014/07/31,0,14530000,-9378000,5152000
2014/08/01,0,7597000,-4963898,2633102
2014/08/04,0,6690309,-10179000,-3488691
2014/08/05,0,7273000,-24520914,-17247914
2014/08/06,0,10205000,-7386035,2818965
2014/08/07,0,4542854,-4619595,-76741
2014/08/08,0,3611000,-6869768,-3258768
2014/08/11,0,1975000,-3217000,-1242000
2014/08/12,0,3044000,-7734859,-4690859
2014/08/13,0,8323000,-1883000,6440000
2014/08/14,0,4524000,-7814000,-3290000
2014/08/15,0,4118000,-5289000,-1171000
2014/08/18,0,2981000,-5479000,-2498000
2014/08/19,0,8626600,-3784000,4842600
2014/08/20,0,8317639,-7757000,560639
2014/08/21,0,6731000,-2149468,4581532
2014/08/22,0,19513273,-2510000,17003273
2014/08/25,0,5330000,-6452000,-1122000
2014/08/26,0,8720766,-3101000,5619766
2014/08/27,0,21314000,-12583458,8730542
2014/08/28,0,4484000,-5268000,-784000
2014/08/29,0,11551000,-7563000,3988000
2014/09/01,0,6618000,-959000,5659000
2014/09/02,0,3069000,-3397000,-328000
2014/09/03,0,11542416,-3015913,8526503
2014/09/04,0,4447692,-1899000,2548692
2014/09/05,0,5643000,-6566280,-923280
2014/09/09,0,9504591,-5496431,4008160
2014/09/10,0,6218870,-8779000,-2560130
2014/09/11,0,3959000,-3054000,905000
2014/09/12,0,9634600,-3930317,5704283
2014/09/15,0,18174000,-5778000,12396000
2014/09/16,0,5730000,-7227000,-1497000
2014/09/17,0,6270000,-9331414,-3061414
2014/09/18,0,6178318,-2227359,3950959
2014/09/19,0,5096361,-4124929,971432
2014/09/22,0,5310000,-7717000,-2407000
2014/09/23,0,8012000,-5397634,2614366
2014/09/24,0,4344261,-1543000,2801261
2014/09/25,0,6325300,-9332209,-3006909
2014/09/26,0,8517625,-2797674,5719951
2014/09/29,0,12218786,-17920000,-5701214
2014/09/30,0,11232000,-9592100,1639900
2014/10/01,0,6115000,-10495000,-4380000
2014/10/02,0,5438000,-8646000,-3208000
2014/10/03,0,6496938,-2736000,3760938
2014/10/06,0,11996148,-11137941,858207
2014/10/07,0,10601000,-9123546,1477454
2014/10/08,0,14254359,-9490359,4764000
2014/10/09,0,14545000,-4389378,10155622
2014/10/13,0,5471000,-3650000,1821000
2014/10/14,0,8707000,-6187000,2520000
2014/10/15,0,8100000,-12776000,-4676000
2014/10/16,0,11018000,-10515767,502233
2014/10/17,0,7553000,-12034417,-4481417
2014/10/20,0,7313000,-8183513,-870513
2014/10/21,0,5086000,-8016000,-2930000
2014/10/22,0,9637938,-13936955,-4299017
2014/10/23,0,4729938,-9171000,-4441062
2014/10/24,0,3831000,-3739297,91703
2014/10/27,0,8035170,-1454000,6581170
2014/10/28,0,12470000,-4443000,8027000
2014/10/29,0,14610815,-5565000,9045815
2014/10/30,0,8325000,-1042000,7283000
2014/10/31,0,11571092,-3336000,8235092
2014/11/03,0,2959000,-1440000,1519000
2014/11/04,0,9532000,-2197860,7334140
2014/11/05,0,6604000,-3044000,3560000
2014/11/06,0,4396590,-3201594,1194996
2014/11/07,0,4462000,-6206000,-1744000
2014/11/10,0,14009000,-6459100,7549900
2014/11/11,0,4597000,-1748000,2849000
2014/11/12,0,5003000,-5349100,-346100
2014/11/13,0,6597000,-3313000,3284000
2014/11/14,0,6769000,-6416565,352435
2014/11/17,0,4144000,-8159359,-4015359
2014/11/18,0,10129430,-3974000,6155430
2014/11/19,0,13924281,-10259000,3665281
2014/11/20,0,5851000,-11152795,-5301795
2014/11/21,0,3824000,-4876000,-1052000
2014/11/24,0,3246000,-1859190,1386810
2014/11/25,0,7333224,-8636482,-1303258
2014/11/26,0,3622000,-4023000,-401000
2014/11/27,0,3952000,-1286000,2666000
2014/11/28,0,7788000,-4433718,3354282
2014/12/01,0,6162000,-14588104,-8426104
2014/12/02,0,8034000,-23844880,-15810880
2014/12/03,0,12619000,-26780094,-14161094
2014/12/04,0,16175000,-7956075,8218925
2014/12/05,0,4714000,-2172000,2542000
2014/12/08,0,3343000,-7662628,-4319628
2014/12/09,0,13150283,-5699000,7451283
2014/12/10,0,5396763,-14188000,-8791237
2014/12/11,0,3641100,-5672526,-2031426
2014/12/12,0,2922330,-5290000,-2367670
2014/12/15,0,7156000,-8608000,-1452000
2014/12/16,0,6688000,-5390067,1297933
2014/12/17,0,12569000,-16106353,-3537353
2014/12/18,0,8645000,-12040319,-3395319
2014/12/19,0,11610000,-8619391,2990609
2014/12/22,0,2202000,-3542225,-1340225
2014/12/23,0,4894000,-2186053,2707947
2014/12/24,0,3509000,-898000,2611000
2014/12/25,0,1157000,-129000,1028000
2014/12/26,0,2448000,-414000,2034000
2014/12/29,0,8626000,-1749000,6877000
2014/12/30,0,4885000,-1905000,2980000
2014/12/31,0,2213000,-1513000,700000
2015/01/01,0,0,0,0
2015/01/02,0,0,0,0
2015/01/05,0,5193000,-11155000,-5962000
2015/01/06,0,8052093,-14736473,-6684380
2015/01/07,0,4108000,-8137070,-4029070
2015/01/08,0,3821000,-2604023,1216977
2015/01/09,0,5076000,-2625842,2450158
2015/01/12,0,2248000,-3706913,-1458913
2015/01/13,0,8641000,-4398611,4242389
2015/01/14,0,3982000,-6411000,-2429000
2015/01/15,0,6275000,-5411849,863151
2015/01/16,0,2752000,-13460822,-10708822
2015/01/19,0,4357000,-5009000,-652000
2015/01/20,0,5990000,-11838700,-5848700
2015/01/21,0,8608000,-10480231,-1872231
2015/01/22,0,9061406,-5193094,3868312
2015/01/23,0,12677000,-9163262,3513738
2015/01/26,0,4847000,-2627296,2219704
2015/01/27,0,7768000,-3548588,4219412
2015/01/28,0,8729000,-2225000,6504000
2015/01/29,0,7366320,-6668273,698047
2015/01/30,0,15537000,-8894000,6643000
2015/02/02,0,9416600,-3143000,6273600
2015/02/03,0,2804000,-1901753,902247
2015/02/04,0,13601000,-2960055,10640945
2015/02/05,0,24681000,-20912584,3768416
2015/02/06,0,4772000,-9101191,-4329191
2015/02/09,0,2751528,-3049432,-297904
2015/02/10,0,4315000,-5791233,-1476233
2015/02/11,0,6939004,-7337510,-398506
2015/02/12,0,3201000,-4618000,-1417000
2015/02/13,0,15877000,-12063000,3814000
2015/02/16,0,0,0,0
2015/02/17,0,0,0,0
2015/02/18,0,0,0,0
2015/02/19,0,0,0,0
2015/02/20,0,0,0,0
2015/02/23,0,0,0,0
2015/02/24,0,21224000,-16914638,4309362
2015/02/25,0,9248000,-9021030,226970
2015/02/26,0,7725000,-18194149,-10469149
2015/02/27,0,0,0,0
2015/03/02,0,8797000,-21754372,-12957372
2015/03/03,0,10809208,-12488094,-1678886
2015/03/04,0,3953000,-11144960,-7191960
2015/03/05,0,4292000,-8635430,-4343430
2015/03/06,0,8379700,-10975000,-2595300
2015/03/09,0,4346000,-7260000,-2914000
2015/03/10,0,9263961,-11288868,-2024907
2015/03/11,0,15977000,-17702000,-1725000
2015/03/12,0,24700000,-8695000,16005000
2015/03/13,0,13673000,-12006635,1666365
2015/03/16,0,3923000,-3822986,100014
2015/03/17,0,6328000,-2936000,3392000
2015/03/18,0,24454000,-6866118,17587882
2015/03/19,0,7437000,-8923679,-1486679
2015/03/20,0,4970100,-6172000,-1201900
2015/03/23,0,3753000,-5982000,-2229000
2015/03/24,0,7607938,-11311148,-3703210
2015/03/25,0,6696000,-11630462,-4934462
2015/03/26,0,9207000,-14942000,-5735000
2015/03/27,0,9117000,-20387193,-11270193
2015/03/30,0,13530107,-10708148,2821959
2015/03/31,0,20256000,-7013000,13243000
2015/04/01,0,3435000,-6522000,-3087000
2015/04/02,0,12327330,-3081126,9246204
2015/04/03,0,0,0,0
2015/04/06,0,0,0,0
2015/04/07,0,8364000,-2102000,6262000
2015/04/08,0,1592000,-7320940,-5728940
2015/04/09,0,7702000,-5621000,2081000
2015/04/10,0,8307000,-5815000,2492000
2015/04/13,0,8772000,-7307000,1465000
2015/04/14,0,6388000,-7999000,-1611000
2015/04/15,0,16850000,-19230877,-2380877
2015/04/16,0,15609300,-4739000,10870300
2015/04/17,0,9613953,-4706563,4907390
2015/04/20,0,8921026,-5435000,3486026
2015/04/21,0,11972000,-10161322,1810678
2015/04/22,0,12899000,-6034771,6864229
2015/04/23,0,41660000,-10918098,30741902
2015/04/24,0,32665000,-11744206,20920794
2015/04/27,0,34582000,-14540860,20041140
2015/04/28,0,26782000,-6951020,19830980
2015/04/29,0,15355000,-9294000,6061000
2015/04/30,0,23726000,-21600818,2125182
2015/05/01,0,0,0,0
2015/05/04,0,9352000,-12102609,-2750609
2015/05/05,0,16150000,-3549000,12601000
2015/05/06,0,28419298,-3210303,25208995
2015/05/07,0,20709000,-6280000,14429000
2015/05/08,0,9908938,-3410442,6498496
2015/05/11,0,13375000,-6145587,7229413
2015/05/12,0,19521000,-3635228,15885772
2015/05/13,0,17588000,-4536129,13051871
2015/05/14,0,14951450,-13249133,1702317
2015/05/15,0,13615000,-4539300,9075700
2015/05/18,0,16480000,-3612000,12868000
2015/05/19,0,20316488,-8642806,11673682
2015/05/20,0,9452929,-10688000,-1235071
2015/05/21,0,7080303,-12655135,-5574832
2015/05/22,0,6253000,-6126198,126802
2015/05/25,0,3803000,-3978000,-175000
2015/05/26,0,7232000,-2416784,4815216
2015/05/27,0,16408871,-10080986,6327885
2015/05/28,0,19507000,-15595889,3911111
2015/05/29,0,25166160,-23384730,1781430
2015/06/01,0,12323800,-9837723,2486077
2015/06/02,0,15420601,-6321000,9099601
2015/06/03,0,11316000,-11175000,141000
2015/06/04,0,22335000,-17644113,4690887
2015/06/05,0,15572000,-16273900,-701900
2015/06/08,0,17599000,-13381000,4218000
2015/06/09,0,14192400,-14252286,-59886
2015/06/10,0,17230000,-9774208,7455792
2015/06/11,0,13272000,-13472000,-200000
2015/06/12,0,15547500,-8741409,6806091
2015/06/15,0,13467000,-9553000,3914000
2015/06/16,0,29037000,-10443000,18594000
2015/06/17,0,17407000,-15723975,1683025
2015/06/18,0,27292000,-14924745,12367255
2015/06/19,0,0,0,0
2015/06/22,0,19817467,-9004802,10812665
2015/06/23,0,7943000,-8225000,-282000
2015/06/24,0,8968950,-5097141,3871809
2015/06/25,0,18442617,-6151909,12290708
2015/06/26,0,12929000,-5667000,7262000
2015/06/29,0,16198000,-8867804,7330196
2015/06/30,0,22392700,-16613686,5779014
2015/07/01,0,9375000,-7444944,1930056
2015/07/02,0,6141992,-6635546,-493554
2015/07/03,0,6317000,-6201000,116000
2015/07/06,0,2809000,-5695000,-2886000
2015/07/07,0,7589000,-8876354,-1287354
2015/07/08,0,8340000,-17118431,-8778431
2015/07/09,0,14607000,-16578580,-1971580
2015/07/10,0,0,0,0
2015/07/13,0,17147688,-17463838,-316150
2015/07/14,0,16151000,-6994400,9156600
2015/07/15,0,16912000,-13007054,3904946
2015/07/16,0,4786000,-3842544,943456
2015/07/17,0,6057000,-9737726,-3680726
2015/07/20,0,10702470,-5360400,5342070
2015/07/21,0,4847000,-4677000,170000
2015/07/22,0,9318437,-4851066,4467371
2015/07/23,0,7121074,-4052000,3069074
2015/07/24,0,7790330,-4493273,3297057
2015/07/27,0,7967000,-7724527,242473
2015/07/28,0,13875700,-13717763,157937
2015/07/29,0,7105000,-6414393,690607
2015/07/30,0,10679000,-5873178,4805822
2015/07/31,0,21847460,-16819000,5028460
2015/08/03,0,12142184,-8882000,3260184
2015/08/04,0,13954000,-8135343,5818657
2015/08/05,0,18788720,-16297474,2491246
2015/08/06,0,9645000,-7807000,1838000
2015/08/07,0,8183000,-9625564,-1442564
2015/08/10,0,4138000,-12081194,-7943194
2015/08/11,0,8023000,-14845543,-6822543
2015/08/12,0,12341000,-23357552,-11016552
2015/08/13,0,20819000,-21539997,-720997
2015/08/14,0,5951800,-7922000,-1970200
2015/08/17,0,8690812,-9964000,-1273188
2015/08/18,0,12621000,-20212000,-7591000
2015/08/19,0,11026473,-18376000,-7349527
2015/08/20,0,14570000,-21528000,-6958000
2015/08/21,0,11599000,-19853000,-8254000
2015/08/24,0,8665000,-27409591,-18744591
2015/08/25,0,8901921,-18053302,-9151381
2015/08/26,0,16350000,-30856441,-14506441
2015/08/27,0,16212000,-27179000,-10967000
2015/08/28,0,20607000,-16806360,3800640
2015/08/31,0,13438200,-19330000,-5891800
2015/09/01,0,10843602,-13529500,-2685898
2015/09/02,0,17540000,-14027337,3512663
2015/09/03,0,12731000,-9284000,3447000
2015/09/04,0,11075953,-6145352,4930601
2015/09/07,0,7290000,-6144859,1145141
2015/09/08,0,4406000,-8812000,-4406000
2015/09/09,0,18050367,-6182094,11868273
2015/09/10,0,8921002,-4481000,4440002
2015/09/11,0,4746000,-3913000,833000
2015/09/14,0,5266000,-4920773,345227
2015/09/15,0,7113000,-4264039,2848961
2015/09/16,0,6544000,-5720498,823502
2015/09/17,0,14919900,-9442302,5477598
2015/09/18,0,10015672,-8404034,1611638
2015/09/21,0,4710004,-16493364,-11783360
2015/09/22,0,4791000,-4257938,533062
2015/09/23,0,2220000,-14083090,-11863090
2015/09/24,0,2370000,-12010000,-9640000
2015/09/25,0,3443116,-14528105,-11084989
2015/09/28,0,0,0,0
2015/09/29,0,0,0,0
2015/09/30,0,22324000,-38751968,-16427968
2015/10/01,0,8726184,-11796323,-3070139
2015/10/02,0,13535000,-13345945,189055
2015/10/05,0,8692850,-7663536,1029314
2015/10/06,0,13075000,-14153154,-1078154
2015/10/07,0,14622398,-12550561,2071837
2015/10/08,0,7487200,-8721519,-1234319
2015/10/09,0,0,0,0
2015/10/12,0,13921594,-18204527,-4282933
2015/10/13,0,7933628,-16947813,-9014185
2015/10/14,0,3681117,-16188585,-12507468
2015/10/15,0,11686696,-10634891,1051805
2015/10/16,0,11825000,-16290580,-4465580
2015/10/19,0,5137000,-12914984,-7777984
2015/10/20,0,8535000,-15063207,-6528207
2015/10/21,0,6764000,-13458817,-6694817
2015/10/22,0,5714023,-9514642,-3800619
2015/10/23,0,8816000,-7140920,1675080
2015/10/26,0,6351817,-11014265,-4662448
2015/10/27,0,7466000,-12405304,-4939304
2015/10/28,0,5959900,-11899425,-5939525
2015/10/29,0,6986000,-21827401,-14841401
2015/10/30,0,4739000,-28020260,-23281260
2015/11/02,0,7941163,-12047500,-4106337
2015/11/03,0,19889800,-17477198,2412602
2015/11/04,0,21334000,-31981897,-10647897
2015/11/05,0,8736042,-8544768,191274
2015/11/06,0,3680551,-18918000,-15237449
2015/11/09,0,8296163,-8877533,-581370
2015/11/10,0,882000,-18067000,-17185000
2015/11/11,0,2218927,-12025530,-9806603
2015/11/12,0,1799000,-6565000,-4766000
2015/11/13,0,2450232,-17739654,-15289422
2015/11/16,0,5759000,-8901000,-3142000
2015/11/17,0,10422000,-11074995,-652995
2015/11/18,0,6424967,-18270808,-11845841
2015/11/19,0,9101000,-9570645,-469645
2015/11/20,0,5519000,-6280000,-761000
2015/11/23,0,1616031,-5671923,-4055892
2015/11/24,0,3593000,-6306353,-2713353
2015/11/25,0,1699090,-9556361,-7857271
2015/11/26,0,6518000,-4083090,2434910
2015/11/27,0,6477000,-9832659,-3355659
2015/11/30,0,29567457,-39972927,-10405470
2015/12/01,0,11267000,-12462257,-1195257
2015/12/02,0,8082000,-21051736,-12969736
2015/12/03,0,6655000,-11601824,-4946824
2015/12/04,0,9904000,-14224661,-4320661
2015/12/07,0,6489000,-4884766,1604234
2015/12/08,0,8484000,-22786879,-14302879
2015/12/09,0,4151000,-15835000,-11684000
2015/12/10,0,11001204,-15120231,-4119027
2015/12/11,0,6304963,-16961000,-10656037
2015/12/14,0,3974409,-11396558,-7422149
2015/12/15,0,1564894,-12089780,-10524886
2015/12/16,0,5015050,-7094092,-2079042
2015/12/17,0,9358590,-11888938,-2530348
2015/12/18,0,10979133,-12060381,-1081248
2015/12/21,0,6346037,-11476452,-5130415
2015/12/22,0,10124190,-8124057,2000133
2015/12/23,0,8823711,-1619887,7203824
2015/12/24,0,3138593,-1893687,1244906
2015/12/25,0,983000,-170000,813000
2015/12/28,0,8934579,-1894000,7040579
2015/12/29,0,2177436,-3281470,-1104034
2015/12/30,0,1798118,-5836726,-4038608
2015/12/31,0,5189660,-5685842,-496182
2016/01/01,0,0,0,0
2016/01/04,0,7496148,-15420409,-7924261
2016/01/05,0,4903261,-11439793,-6536532
2016/01/06,0,5996787,-14823823,-8827036
2016/01/07,0,9610621,-20422931,-10812310
2016/01/08,0,23513000,-28821287,-5308287
2016/01/11,0,19779982,-25684395,-5904413
2016/01/12,0,10875000,-14451752,-3576752
2016/01/13,0,14130000,-16496499,-2366499
2016/01/14,0,4032250,-12189520,-8157270
2016/01/15,0,5340000,-21673609,-16333609
2016/01/18,0,11169257,-13543177,-2373920
2016/01/19,0,4384000,-6774013,-2390013
2016/01/20,0,8018663,-10339141,-2320478
2016/01/21,0,4564000,-10923275,-6359275
2016/01/22,0,7329000,-8913200,-1584200
2016/01/25,0,7002000,-5608017,1393983
2016/01/26,0,6758718,-11829322,-5070604
2016/01/27,0,4236856,-5677207,-1440351
2016/01/28,0,11449000,-9637168,1811832
2016/01/29,0,24387915,-13964454,10423461
2016/02/01,0,10927717,-7028220,3899497
2016/02/02,0,27045388,-11944483,15100905
2016/02/03,0,9881000,-16537041,-6656041
2016/02/04,0,0,0,0
2016/02/05,0,0,0,0
2016/02/08,0,0,0,0
2016/02/09,0,0,0,0
2016/02/10,0,0,0,0
2016/02/11,0,0,0,0
2016/02/12,0,0,0,0
2016/02/15,0,13673633,-11736701,1936932
2016/02/16,0,18020000,-16081855,1938145
2016/02/17,0,3654946,-14020819,-10365873
2016/02/18,0,13718487,-14560003,-841516
2016/02/19,0,6654946,-11045990,-4391044
2016/02/22,0,15953000,-15524532,428468
2016/02/23,0,10963242,-11137374,-174132
2016/02/24,0,6868000,-6174827,693173
2016/02/25,0,14964658,-9122828,5841830
2016/02/26,0,22497500,-18337500,4160000
2016/02/29,0,0,0,0
2016/03/01,0,18446751,-19423140,-976389
2016/03/02,0,12095219,-12987547,-892328
2016/03/03,0,34563462,-24054572,10508890
2016/03/04,0,26673808,-16858321,9815487
2016/03/07,0,21927867,-6514225,15413642
2016/03/08,0,17455823,-6257000,11198823
2016/03/09,0,7963568,-4404000,3559568
2016/03/10,0,11487000,-4249271,7237729
2016/03/11,0,12368000,-4013461,8354539
2016/03/14,0,10188000,-3807635,6380365
2016/03/15,0,10911000,-7840655,3070345
2016/03/16,0,16621426,-7522311,9099115
2016/03/17,0,18323090,-6669000,11654090
2016/03/18,0,24261612,-14136837,10124775
2016/03/21,0,6020000,-10202000,-4182000
2016/03/22,0,7277236,-8096515,-819279
2016/03/23,0,7384000,-7566000,-182000
2016/03/24,0,7443000,-6062000,1381000
2016/03/25,0,1837000,-1461000,376000
2016/03/28,0,7197292,-1377000,5820292
2016/03/29,0,8693000,-3937100,4755900
2016/03/30,0,12962601,-4087080,8875521
2016/03/31,0,17520000,-20630917,-3110917
2016/04/01,0,7380735,-11290000,-3909265
2016/04/04,0,0,0,0
2016/04/05,0,0,0,0
2016/04/06,0,16900113,-22249823,-5349710
2016/04/07,0,11471344,-14596369,-3125025
2016/04/08,0,9919300,-17112503,-7193203
2016/04/11,0,7161000,-3971130,3189870
2016/04/12,0,7319000,-3937000,3382000
2016/04/13,0,16470000,-6388050,10081950
2016/04/14,0,21774000,-7898664,13875336
2016/04/15,0,20082800,-4051000,16031800
2016/04/18,0,3112000,-2277000,835000
2016/04/19,0,7682000,-6019240,1662760
2016/04/20,0,17016982,-7102121,9914861
2016/04/21,0,10618545,-3648118,6970427
2016/04/22,0,8557544,-1844000,6713544
2016/04/25,0,7262202,-1696560,5565642
2016/04/26,0,10578513,-3484000,7094513
2016/04/27,0,26699000,-4321000,22378000
2016/04/28,0,28165455,-17438200,10727255
2016/04/29,0,16983000,-12571640,4411360
2016/05/02,0,0,0,0
2016/05/03,0,13704000,-10252400,3451600
2016/05/04,0,19161000,-18898081,262919
2016/05/05,0,4059000,-13531000,-9472000
2016/05/06,0,11428088,-15936000,-4507912
2016/05/09,0,5581000,-9290586,-3709586
2016/05/10,0,16426249,-10572000,5854249
2016/05/11,0,16965000,-22038976,-5073976
2016/05/12,0,10479295,-10410558,68737
2016/05/13,0,27980300,-19947838,8032462
2016/05/16,0,7189000,-14494555,-7305555
2016/05/17,0,5562000,-8671773,-3109773
2016/05/18,0,14397281,-12270792,2126489
2016/05/19,0,9321015,-22615932,-13294917
2016/05/20,0,11271258,-9840673,1430585
2016/05/23,0,22123703,-6367896,15755807
2016/05/24,0,9809544,-6792057,3017487
2016/05/25,0,11819544,-6242000,5577544
2016/05/26,0,4915000,-4810000,105000
2016/05/27,0,8310760,-9144000,-833240
2016/05/30,0,10404000,-6980373,3423627
2016/05/31,0,27318226,-26751139,567087
2016/06/01,0,8456402,-3397000,5059402
2016/06/02,0,10565804,-7328400,3237404
2016/06/03,0,8880000,-7978000,902000
2016/06/06,0,7552000,-5588000,1964000
2016/06/07,0,15409000,-3749468,11659532
2016/06/08,0,16803200,-7543000,9260200
2016/06/09,0,0,0,0
2016/06/10,0,0,0,0
2016/06/13,0,6781000,-7356274,-575274
2016/06/14,0,5266000,-6116000,-850000
2016/06/15,0,7543570,-7974529,-430959
2016/06/16,0,3250243,-16780265,-13530022
2016/06/17,0,12053424,-8427200,3626224
2016/06/20,0,5676000,-3490000,2186000
2016/06/21,0,8578669,-4204000,4374669
2016/06/22,0,10086123,-10267718,-181595
2016/06/23,0,8122030,-11063434,-2941404
2016/06/24,0,12791263,-19845988,-7054725
2016/06/27,0,2893000,-5424633,-2531633
2016/06/28,0,11929000,-5127937,6801063
2016/06/29,0,9937900,-5880400,4057500
2016/06/30,0,15751000,-11830769,3920231
2016/07/01,0,11084000,-7982670,3101330
2016/07/04,0,8900000,-9181766,-281766
2016/07/05,0,8607784,-9296000,-688216
2016/07/06,0,13639000,-23746000,-10107000
2016/07/07,0,7043000,-8891810,-1848810
2016/07/08,0,0,0,0
2016/07/11,0,19839701,-18330472,1509229
2016/07/12,0,12650000,-14592801,-1942801
2016/07/13,0,16027000,-6985482,9041518
2016/07/14,0,10770804,-7151363,3619441
2016/07/15,0,23415030,-8802000,14613030
2016/07/18,0,9813150,-10198000,-384850
2016/07/19,0,13514992,-11913900,1601092
2016/07/20,0,11476231,-6830000,4646231
2016/07/21,0,13193823,-2870709,10323114
2016/07/22,0,7477000,-6724000,753000
2016/07/25,0,9612000,-3386000,6226000
2016/07/26,0,6948000,-3506000,3442000
2016/07/27,0,5648000,-8038000,-2390000
2016/07/28,0,10693000,-8751000,1942000
2016/07/29,0,6566000,-10512030,-3946030
2016/08/01,0,10339856,-8860000,1479856
2016/08/02,0,3274155,-13122307,-9848152
2016/08/03,0,8923159,-13045000,-4121841
2016/08/04,0,2836200,-9155388,-6319188
2016/08/05,0,17982463,-4004000,13978463
2016/08/08,0,5807989,-6428910,-620921
2016/08/09,0,10459000,-6739000,3720000
2016/08/10,0,6442866,-10496000,-4053134
2016/08/11,0,16371093,-12199055,4172038
2016/08/12,0,13964000,-17180000,-3216000
2016/08/15,0,16478000,-16050000,428000
2016/08/16,0,10987000,-6439711,4547289
2016/08/17,0,15200400,-9543000,5657400
2016/08/18,0,10630000,-7093895,3536105
2016/08/19,0,12837341,-21240627,-8403286
2016/08/22,0,13074000,-38464251,-25390251
2016/08/23,0,11492453,-23063809,-11571356
2016/08/24,0,2525300,-43163901,-40638601
2016/08/25,0,15656000,-26936682,-11280682
2016/08/26,0,6071255,-5001840,1069415
2016/08/29,0,4819591,-10700800,-5881209
2016/08/30,0,4701505,-11686800,-6985295
2016/08/31,0,9216597,-25626558,-16409961
2016/09/01,0,10649132,-21093495,-10444363
2016/09/02,0,12141420,-18856851,-6715431
2016/09/05,0,10323000,-7111000,3212000
2016/09/06,0,10249535,-6761654,3487881
2016/09/07,0,23447849,-21524849,1923000
2016/09/08,0,21708000,-23252611,-1544611
2016/09/09,0,12869000,-16747338,-3878338
2016/09/12,0,4778000,-16640257,-11862257
2016/09/13,0,18287000,-17098000,1189000
2016/09/14,0,28763925,-34304572,-5540647
2016/09/15,0,0,0,0
2016/09/16,0,0,0,0
2016/09/19,0,17642401,-7500364,10142037
2016/09/20,0,12370019,-9526567,2843452
2016/09/21,0,11495000,-8848041,2646959
2016/09/22,0,7044525,-6726994,317531
2016/09/23,0,17320000,-10439825,6880175
2016/09/26,0,12399000,-13320000,-921000
2016/09/27,0,0,0,0
2016/09/28,0,0,0,0
2016/09/29,0,32032054,-26845135,5186919
2016/09/30,0,5785232,-16513726,-10728494
2016/10/03,0,4334000,-11425000,-7091000
2016/10/04,0,10805474,-18613217,-7807743
2016/10/05,0,12420000,-11350531,1069469
2016/10/06,0,7884425,-11043999,-3159574
2016/10/07,0,5483180,-13189000,-7705820
2016/10/10,0,0,0,0
2016/10/11,0,17134000,-22856289,-5722289
2016/10/12,0,10714094,-10104121,609973
2016/10/13,0,8739000,-16895024,-8156024
2016/10/14,0,5166000,-6107240,-941240
2016/10/17,0,7929000,-13661914,-5732914
2016/10/18,0,7460500,-8127000,-666500
2016/10/19,0,5898250,-5240000,658250
2016/10/20,0,3573107,-3440000,133107
2016/10/21,0,4974000,-5440800,-466800
2016/10/24,0,3831000,-9796789,-5965789
2016/10/25,0,9794163,-11352612,-1558449
2016/10/26,0,3467856,-4685430,-1217574
2016/10/27,0,3259217,-14382939,-11123722
2016/10/28,0,8695000,-14554000,-5859000
2016/10/31,0,10053015,-13584000,-3530985
2016/11/01,0,7566000,-16642002,-9076002
2016/11/02,0,2311050,-6706515,-4395465
2016/11/03,0,22795000,-6383347,16411653
2016/11/04,0,5981000,-6756000,-775000
2016/11/07,0,7105000,-4470257,2634743
2016/11/08,0,22105550,-4410000,17695550
2016/11/09,0,10698027,-16999000,-6300973
2016/11/10,0,20886000,-6248000,14638000
2016/11/11,0,47784000,-35480650,12303350
2016/11/14,0,29244000,-31328800,-2084800
2016/11/15,0,21945000,-17242490,4702510
2016/11/16,0,11445380,-9744623,1700757
2016/11/17,0,4577000,-7336000,-2759000
2016/11/18,0,8071000,-12030046,-3959046
2016/11/21,0,5715000,-4147744,1567256
2016/11/22,0,15235546,-5997546,9238000
2016/11/23,0,8302000,-17096137,-8794137
2016/11/24,0,9835000,-4120000,5715000
2016/11/25,0,4462000,-8182297,-3720297
2016/11/28,0,6393000,-3582799,2810201
2016/11/29,0,8294000,-9717356,-1423356
2016/11/30,0,18171915,-25795950,-7624035
2016/12/01,0,2775050,-5552417,-2777367
2016/12/02,0,3825000,-6253585,-2428585
2016/12/05,0,2907000,-12354041,-9447041
2016/12/06,0,13305000,-7095998,6209002
2016/12/07,0,4189000,-4459179,-270179
2016/12/08,0,14947000,-8041041,6905959
2016/12/09,0,17830904,-4546909,13283995
2016/12/12,0,8230000,-4519000,3711000
2016/12/13,0,6348659,-7790528,-1441869
2016/12/14,0,5155130,-3927554,1227576
2016/12/15,0,5603065,-5286845,316220
2016/12/16,0,20886082,-9881740,11004342
2016/12/19,0,8905208,-7462971,1442237
2016/12/20,0,3969297,-4680000,-710703
2016/12/21,0,5155000,-7052960,-1897960
2016/12/22,0,5383752,-5670000,-286248
2016/12/23,0,4453000,-6782681,-2329681
2016/12/26,0,230000,-790000,-560000
2016/12/27,0,779000,-1595000,-816000
2016/12/28,0,6197000,-8586031,-2389031
2016/12/29,0,7004030,-11820864,-4816834
2016/12/30,0,9227000,-9158847,68153
2017/01/02,0,0,0,0
2017/01/03,0,2432000,-3577000,-1145000
2017/01/04,0,6418000,-3819114,2598886
2017/01/05,0,10376893,-7592102,2784791
2017/01/06,0,4805000,-4314253,490747
2017/01/09,0,1793358,-6725269,-4931911
2017/01/10,0,7794000,-7562268,231732
2017/01/11,0,9909950,-1594000,8315950
2017/01/12,0,9328000,-1567000,7761000
2017/01/13,0,9063458,-1745000,7318458
2017/01/16,0,4320000,-5225000,-905000
2017/01/17,0,7095347,-13196000,-6100653
2017/01/18,0,5346000,-11315606,-5969606
2017/01/19,0,7814108,-12247553,-4433445
2017/01/20,0,6614167,-12148664,-5534497
2017/01/23,0,12086709,-6819228,5267481
2017/01/24,0,7136959,-9054848,-1917889
2017/01/25,0,0,0,0
2017/01/26,0,0,0,0
2017/01/27,0,0,0,0
2017/01/30,0,0,0,0
2017/01/31,0,0,0,0
2017/02/01,0,0,0,0
2017/02/02,0,19322812,-21355814,-2033002
2017/02/03,0,10395557,-12325027,-1929470
2017/02/06,0,6137366,-9415003,-3277637
2017/02/07,0,6831743,-6179135,652608
2017/02/08,0,4705251,-9160649,-4455398
2017/02/09,0,10484339,-17806372,-7322033
2017/02/10,0,18893997,-13749582,5144415
2017/02/13,0,4528100,-3630036,898064
2017/02/14,0,6768800,-6720696,48104
2017/02/15,0,19791000,-6901629,12889371
2017/02/16,0,11414624,-13105000,-1690376
2017/02/17,0,4324000,-12012000,-7688000
2017/02/20,0,7063000,-12189157,-5126157
2017/02/21,0,13543000,-10203000,3340000
2017/02/22,0,11445756,-6392597,5053159
2017/02/23,0,9654000,-5441000,4213000
2017/02/24,0,6892000,-8635659,-1743659
2017/02/27,0,0,0,0
2017/02/28,0,0,0,0
2017/03/01,0,15520750,-15107841,412909
2017/03/02,0,10470402,-12300900,-1830498
2017/03/03,0,9814000,-14643641,-4829641
2017/03/06,0,2348890,-2574800,-225910
2017/03/07,0,4929580,-5716700,-787120
2017/03/08,0,3639000,-9200037,-5561037
2017/03/09,0,2507308,-12770000,-10262692
2017/03/10,0,4525145,-4027631,497514
2017/03/13,0,2623300,-9547979,-6924679
2017/03/14,0,6962466,-8449150,-1486684
2017/03/15,0,4116000,-6528725,-2412725
2017/03/16,0,10042400,-9419747,622653
2017/03/17,0,16145835,-13224706,2921129
2017/03/20,0,7176000,-3709000,3467000
2017/03/21,0,14969347,-8031211,6938136
2017/03/22,0,14246198,-17480949,-3234751
2017/03/23,0,8761000,-8017597,743403
2017/03/24,0,4258320,-4886750,-628430
2017/03/27,0,9120705,-4046200,5074505
2017/03/28,0,13561000,-8935313,4625687
2017/03/29,0,9595512,-4713932,4881580
2017/03/30,0,14326000,-9997644,4328356
2017/03/31,0,17541000,-16237499,1303501
2017/04/03,0,0,0,0
2017/04/04,0,0,0,0
2017/04/05,0,15700375,-23713000,-8012625
2017/04/06,0,4159306,-6186300,-2026994
2017/04/07,0,7127967,-23474139,-16346172
2017/04/10,0,5369000,-2130000,3239000
2017/04/11,0,1939000,-7747200,-5808200
2017/04/12,0,5034158,-11164436,-6130278
2017/04/13,0,3666000,-4674000,-1008000
2017/04/14,0,2499000,-1374000,1125000
2017/04/17,0,1885000,-2554000,-669000
2017/04/18,0,3958000,-7206250,-3248250
2017/04/19,0,6270724,-13488200,-7217476
2017/04/20,0,5483663,-8100000,-2616337
2017/04/21,0,4256266,-4829739,-573473
2017/04/24,0,5830269,-6922310,-1092041
2017/04/25,0,13693896,-1708000,11985896
2017/04/26,0,18775349,-1987704,16787645
2017/04/27,0,6591974,-3623000,2968974
2017/04/28,0,11064469,-8544000,2520469
2017/05/01,0,0,0,0
2017/05/02,0,10941641,-7224741,3716900
2017/05/03,0,3878000,-2984000,894000
2017/05/04,0,8798253,-3604700,5193553
2017/05/05,0,1013700,-882000,131700
2017/05/08,0,5662744,-5524016,138728
2017/05/09,0,2831406,-2625400,206006
2017/05/10,0,4499700,-4110425,389275
2017/05/11,0,7263248,-6649220,614028
2017/05/12,0,4039988,-2864000,1175988
2017/05/15,0,4706655,-2147000,2559655
2017/05/16,0,7866178,-5115489,2750689
2017/05/17,0,4688000,-3812357,875643
2017/05/18,0,4940513,-3170327,1770186
2017/05/19,0,4571065,-2836906,1734159
2017/05/22,0,10826575,-3342276,7484299
2017/05/23,0,5310000,-5336253,-26253
2017/05/24,0,4857631,-2563384,2294247
2017/05/25,0,9293686,-1605042,7688644
2017/05/26,0,0,0,0
2017/05/29,0,0,0,0
2017/05/30,0,0,0,0
2017/05/31,0,28425487,-26316404,2109083
2017/06/01,0,5244958,-3869548,1375410
2017/06/02,0,7685000,-3350336,4334664
2017/06/05,0,6928370,-4168500,2759870
2017/06/06,0,8429584,-4629712,3799872
2017/06/07,0,4812640,-10323000,-5510360
2017/06/08,0,10386000,-4819505,5566495
2017/06/09,0,9276000,-12581580,-3305580
2017/06/12,0,8770468,-6995515,1774953
2017/06/13,0,6095540,-4049300,2046240
2017/06/14,0,3395000,-3960450,-565450
2017/06/15,0,4814000,-3266786,1547214
2017/06/16,0,8999571,-11237946,-2238375
2017/06/19,0,5661100,-4287000,1374100
2017/06/20,0,6077968,-1713652,4364316
2017/06/21,0,8166584,-8179000,-12416
2017/06/22,0,3469586,-2740000,729586
2017/06/23,0,2745000,-10382533,-7637533
2017/06/26,0,14097000,-2224000,11873000
2017/06/27,0,7487319,-1841000,5646319
2017/06/28,0,4179013,-7770035,-3591022
2017/06/29,0,8612599,-412000,8200599
2017/06/30,0,9884227,-10357439,-473212
2017/07/03,0,6981000,-2714167,4266833
2017/07/04,0,3680000,-4872193,-1192193
2017/07/05,0,6453000,-2418000,4035000
2017/07/06,0,4382000,-3306000,1076000
2017/07/07,0,3297310,-4305126,-1007816
2017/07/10,0,3122181,-4515837,-1393656
2017/07/11,0,6683215,-3735871,2947344
2017/07/12,0,6038000,-6901697,-863697
2017/07/13,0,3887179,-4620000,-732821
2017/07/14,0,2890000,-5038000,-2148000
2017/07/17,0,3323000,-10126000,-6803000
2017/07/18,0,1959650,-4925029,-2965379
2017/07/19,0,1544000,-5346793,-3802793
2017/07/20,0,4227753,-2673000,1554753
2017/07/21,0,1821456,-10641664,-8820208
2017/07/24,0,6441754,-3339989,3101765
2017/07/25,0,4358401,-1631100,2727301
2017/07/26,0,2356000,-7070589,-4714589
2017/07/27,0,11229000,-7388000,3841000
2017/07/28,0,5909000,-5929033,-20033
2017/07/31,0,14248000,-14893161,-645161
2017/08/01,0,5712000,-5258700,453300
2017/08/02,0,3192801,-5310119,-2117318
2017/08/03,0,7428326,-7339495,88831
2017/08/04,0,5621930,-4544000,1077930
2017/08/07,0,23273234,-5353951,17919283
2017/08/08,0,14732000,-8633000,6099000
2017/08/09,0,6745150,-27110200,-20365050
2017/08/10,0,15651200,-17618000,-1966800
2017/08/11,0,6171000,-4947500,1223500
2017/08/14,0,4503000,-3948731,554269
2017/08/15,0,4337000,-7343484,-3006484
2017/08/16,0,4645000,-9511000,-4866000
2017/08/17,0,4658000,-4712250,-54250
2017/08/18,0,3522000,-6745000,-3223000
