Date,Open,Buy,Sell,Total
2007/01/02,0,38310000,-3443000,34867000
2007/01/03,0,18137000,-17523137,613863
2007/01/04,0,14480000,-4705820,9774180
2007/01/05,0,1443000,-6396785,-4953785
2007/01/08,0,118000,-2699894,-2581894
2007/01/09,0,543000,-1501000,-958000
2007/01/10,0,5412000,-7339000,-1927000
2007/01/11,0,3548000,-1507000,2041000
2007/01/12,0,3437000,-1427060,2009940
2007/01/15,0,5934000,-2359000,3575000
2007/01/16,0,4756000,-4435000,321000
2007/01/17,0,2516000,-5649000,-3133000
2007/01/18,0,5150000,-9161024,-4011024
2007/01/19,0,6053000,-4122000,1931000
2007/01/22,0,2844000,-20849000,-18005000
2007/01/23,0,4962522,-7002000,-2039478
2007/01/24,0,4522000,-3914000,608000
2007/01/25,0,2279000,-1456000,823000
2007/01/26,0,511000,-1295000,-784000
2007/01/29,0,1262000,-1816000,-554000
2007/01/30,0,2482000,-1087685,1394315
2007/01/31,0,329000,-4032000,-3703000
2007/02/01,0,2127000,-1604000,523000
2007/02/02,0,4813000,-1000,4812000
2007/02/05,0,2814000,-2646918,167082
2007/02/06,0,13799000,-4011000,9788000
2007/02/07,0,20565000,-6689000,13876000
2007/02/08,0,10923000,-4327316,6595684
2007/02/09,0,8638000,-8945000,-307000
2007/02/12,0,4815000,-12104000,-7289000
2007/02/13,0,5508000,-18993972,-13485972
2007/02/14,0,6044000,-10210587,-4166587
2007/02/15,0,0,0,0
2007/02/16,0,0,0,0
2007/02/19,0,0,0,0
2007/02/20,0,0,0,0
2007/02/21,0,0,0,0
2007/02/22,0,0,0,0
2007/02/23,0,0,0,0
2007/02/26,0,7837000,-14121700,-6284700
2007/02/27,0,5346000,-8833562,-3487562
2007/02/28,0,0,0,0
2007/03/01,0,7890000,-28624416,-20734416
2007/03/02,0,1145000,-7506291,-6361291
2007/03/05,0,7949000,-9839000,-1890000
2007/03/06,0,4568000,-5849000,-1281000
2007/03/07,0,10016000,-16117798,-6101798
2007/03/08,0,8610000,-4251681,4358319
2007/03/09,0,1661000,-6486000,-4825000
2007/03/12,0,7053000,-7667000,-614000
2007/03/13,0,5775000,-4761000,1014000
2007/03/14,0,12486000,-12512000,-26000
2007/03/15,0,3210000,-715132,2494868
2007/03/16,0,21016000,-2472000,18544000
2007/03/19,0,11395000,-7536817,3858183
2007/03/20,0,8709000,-2209089,6499911
2007/03/21,0,4561000,-1190000,3371000
2007/03/22,0,18189000,-4524000,13665000
2007/03/23,0,5384000,-2694000,2690000
2007/03/26,0,1718000,-2249000,-531000
2007/03/27,0,5343000,-7113000,-1770000
2007/03/28,0,1617000,-2537000,-920000
2007/03/29,0,5635000,-4579000,1056000
2007/03/30,0,6489000,-796000,5693000
2007/04/02,0,6595000,-6340000,255000
2007/04/03,0,5892000,-1644000,4248000
2007/04/04,0,8894000,-579000,8315000
2007/04/05,0,0,0,0
2007/04/06,0,0,0,0
2007/04/09,0,5508000,-690000,4818000
2007/04/10,0,3316000,-1191000,2125000
2007/04/11,0,3620000,-5045000,-1425000
2007/04/12,0,4546000,-4592000,-46000
2007/04/13,0,681000,-6299000,-5618000
2007/04/16,0,2349000,-3611000,-1262000
2007/04/17,0,7471770,-8237000,-765230
2007/04/18,0,1937000,-2300000,-363000
2007/04/19,0,2377000,-15830000,-13453000
2007/04/20,0,6493000,-8354000,-1861000
2007/04/23,0,7806000,-4410000,3396000
2007/04/24,0,12099000,-6628000,5471000
2007/04/25,0,13484000,-14016000,-532000
2007/04/26,0,6900000,-10821000,-3921000
2007/04/27,0,7344000,-9705000,-2361000
2007/04/30,0,7896000,-11253667,-3357667
2007/05/01,0,0,0,0
2007/05/02,0,7573000,-12464000,-4891000
2007/05/03,0,4843000,-2801000,2042000
2007/05/04,0,7243000,-10594700,-3351700
2007/05/07,0,18083000,-13293437,4789563
2007/05/08,0,8569000,-5962000,2607000
2007/05/09,0,15217000,-15659000,-442000
2007/05/10,0,18043000,-12614046,5428954
2007/05/11,0,12026000,-8635904,3390096
2007/05/14,0,15733000,-14170000,1563000
2007/05/15,0,16883000,-11840000,5043000
2007/05/16,0,18198000,-18510000,-312000
2007/05/17,0,6167000,-3093000,3074000
2007/05/18,0,10307000,-6637000,3670000
2007/05/21,0,15559000,-1345000,14214000
2007/05/22,0,29545000,-25408000,4137000
2007/05/23,0,10505000,-4678000,5827000
2007/05/24,0,2322000,0,2322000
2007/05/25,0,6161000,-3783000,2378000
2007/05/28,0,2591000,-143000,2448000
2007/05/29,0,4291000,-22571,4268429
2007/05/30,0,6604000,-4931000,1673000
2007/05/31,0,8436000,-14025667,-5589667
2007/06/01,0,6311000,-6326000,-15000
2007/06/04,0,5631000,-4300000,1331000
2007/06/05,0,8087000,-6184022,1902978
2007/06/06,0,6650000,-5989000,661000
2007/06/07,0,14399000,-11076000,3323000
2007/06/08,0,7804000,-7676236,127764
2007/06/11,0,1592000,-709000,883000
2007/06/12,0,4895000,-2001000,2894000
2007/06/13,0,7170000,-8413126,-1243126
2007/06/14,0,929000,-2393000,-1464000
2007/06/15,0,10178000,-3199000,6979000
2007/06/18,0,0,0,0
2007/06/19,0,0,0,0
2007/06/20,0,21272000,-3564498,17707502
2007/06/21,0,17955000,-1854000,16101000
2007/06/22,0,2612000,-4803000,-2191000
2007/06/25,0,2698000,-919000,1779000
2007/06/26,0,20279000,-4909000,15370000
2007/06/27,0,7071000,-1573346,5497654
2007/06/28,0,26125000,-2585000,23540000
2007/06/29,0,11103000,-5505666,5597334
2007/07/02,0,5371000,-8483070,-3112070
2007/07/03,0,4672000,-6970000,-2298000
2007/07/04,0,28549000,-15872000,12677000
2007/07/05,0,862300,-14078000,-13215700
2007/07/06,0,11555000,-16808000,-5253000
2007/07/09,0,4379000,-21444000,-17065000
2007/07/10,0,4688000,-8355000,-3667000
2007/07/11,0,5935000,-2739000,3196000
2007/07/12,0,5771000,-9593000,-3822000
2007/07/13,0,6454000,-2858168,3595832
2007/07/16,0,1364000,-11054000,-9690000
2007/07/17,0,2656000,-8183000,-5527000
2007/07/18,0,879000,-4801000,-3922000
2007/07/19,0,2849000,-6806000,-3957000
2007/07/20,0,2649000,-1881000,768000
2007/07/23,0,2734000,-2051000,683000
2007/07/24,0,5029000,-696300,4332700
2007/07/25,0,2780000,-8719000,-5939000
2007/07/26,0,6313000,-1980000,4333000
2007/07/27,0,19738000,-24865000,-5127000
2007/07/30,0,9738000,-11749000,-2011000
2007/07/31,0,9321000,-8934000,387000
2007/08/01,0,21767000,-20492000,1275000
2007/08/02,0,11143000,-3848000,7295000
2007/08/03,0,1496000,-3040000,-1544000
2007/08/06,0,462000,-5111000,-4649000
2007/08/07,0,248000,-4985000,-4737000
2007/08/08,0,3216000,-821000,2395000
2007/08/09,0,1938000,-680000,1258000
2007/08/10,0,2406000,-9697000,-7291000
2007/08/13,0,6406000,-8989000,-2583000
2007/08/14,0,5300000,-9578000,-4278000
2007/08/15,0,5059000,-7671000,-2612000
2007/08/16,0,4201000,-9575862,-5374862
2007/08/17,0,6694000,-15409000,-8715000
2007/08/20,0,4006000,-2418000,1588000
2007/08/21,0,7192000,-4596000,2596000
2007/08/22,0,7607000,-3718993,3888007
2007/08/23,0,6441000,-8124000,-1683000
2007/08/24,0,1096000,-3249000,-2153000
2007/08/27,0,3120000,-5989000,-2869000
2007/08/28,0,2473000,-2438000,35000
2007/08/29,0,4163000,-5627000,-1464000
2007/08/30,0,10368000,-8339000,2029000
2007/08/31,0,15430000,-15386200,43800
2007/09/03,0,444926,-3273000,-2828074
2007/09/04,0,2667000,-2880000,-213000
2007/09/05,0,2302000,-2524000,-222000
2007/09/06,0,5275000,-1214000,4061000
2007/09/07,0,2920000,-920000,2000000
2007/09/10,0,4140000,-8056000,-3916000
2007/09/11,0,600000,-7320000,-6720000
2007/09/12,0,1944000,-6569000,-4625000
2007/09/13,0,1651000,-2475544,-824544
2007/09/14,0,5616000,-3240000,2376000
2007/09/17,0,2306000,-4615291,-2309291
2007/09/18,0,0,0,0
2007/09/19,0,14527000,-21317064,-6790064
2007/09/20,0,11722000,-6571000,5151000
2007/09/21,0,11464000,-13701000,-2237000
2007/09/24,0,0,0,0
2007/09/25,0,0,0,0
2007/09/26,0,4553000,-6370000,-1817000
2007/09/27,0,8196000,-8271001,-75001
2007/09/28,0,4736000,-8430000,-3694000
2007/10/01,0,902000,-2475000,-1573000
2007/10/02,0,6060000,-8958926,-2898926
2007/10/03,0,11943000,-17694206,-5751206
2007/10/04,0,2611000,-6762000,-4151000
2007/10/05,0,1253000,-3215000,-1962000
2007/10/08,0,3596000,-5197000,-1601000
2007/10/09,0,11206000,-13453000,-2247000
2007/10/10,0,0,0,0
2007/10/11,0,14651000,-26620000,-11969000
2007/10/12,0,3162000,-9223000,-6061000
2007/10/15,0,2581000,-4373000,-1792000
2007/10/16,0,4394000,-3850000,544000
2007/10/17,0,2613767,-6300767,-3687000
2007/10/18,0,6624000,-4474600,2149400
2007/10/19,0,466000,-2434000,-1968000
2007/10/22,0,3472000,-12770000,-9298000
2007/10/23,0,2311000,-5410220,-3099220
2007/10/24,0,990000,-4449000,-3459000
2007/10/25,0,3261743,-7020000,-3758257
2007/10/26,0,4835000,-15975000,-11140000
2007/10/29,0,6810000,-7899000,-1089000
2007/10/30,0,1044000,-3490000,-2446000
2007/10/31,0,3723000,-10638000,-6915000
2007/11/01,0,4324000,-9675000,-5351000
2007/11/02,0,2553000,-10462660,-7909660
2007/11/05,0,2748000,-27228000,-24480000
2007/11/06,0,1802000,-16646000,-14844000
2007/11/07,0,2861000,-15677000,-12816000
2007/11/08,0,5211000,-20438000,-15227000
2007/11/09,0,20734000,-28756000,-8022000
2007/11/12,0,6596000,-20834000,-14238000
2007/11/13,0,8154000,-14543000,-6389000
2007/11/14,0,217000,-25123000,-24906000
2007/11/15,0,12086000,-19412880,-7326880
2007/11/16,0,6717000,-12424000,-5707000
2007/11/19,0,12959000,-16488000,-3529000
2007/11/20,0,7593000,-12045000,-4452000
2007/11/21,0,4252000,-17957000,-13705000
2007/11/22,0,8006000,-6795667,1210333
2007/11/23,0,3240000,-4316000,-1076000
2007/11/26,0,6483000,-9886000,-3403000
2007/11/27,0,4491000,-8176000,-3685000
2007/11/28,0,3320000,-8530000,-5210000
2007/11/29,0,13416000,-12976873,439127
2007/11/30,0,21812000,-36088999,-14276999
2007/12/03,0,8516000,-12812000,-4296000
2007/12/04,0,570000,-7978648,-7408648
2007/12/05,0,2790000,-10571000,-7781000
2007/12/06,0,4415000,-3962000,453000
2007/12/07,0,4729465,-8114000,-3384535
2007/12/10,0,5343000,-2793000,2550000
2007/12/11,0,1386000,-1915000,-529000
2007/12/12,0,18122000,-33643800,-15521800
2007/12/13,0,21760000,-15062000,6698000
2007/12/14,0,30688000,-58919000,-28231000
2007/12/17,0,30788000,-34138000,-3350000
2007/12/18,0,38525000,-37563951,961049
2007/12/19,0,17542000,-23834000,-6292000
2007/12/20,0,7862000,-16043000,-8181000
2007/12/21,0,23321000,-16790000,6531000
2007/12/24,0,7178000,-5858000,1320000
2007/12/25,0,926000,-3356000,-2430000
2007/12/26,0,5270000,-8109000,-2839000
2007/12/27,0,13025000,-18584000,-5559000
2007/12/28,0,5582000,-8471000,-2889000
2007/12/31,0,14712000,-1677000,13035000
2008/01/01,0,0,0,0
2008/01/02,0,10497000,-4516000,5981000
2008/01/03,0,9387000,-3671000,5716000
2008/01/04,0,7310000,-2241000,5069000
2008/01/07,0,10543000,-7351000,3192000
2008/01/08,0,7204000,-7870000,-666000
2008/01/09,0,14475000,-5609000,8866000
2008/01/10,0,12757000,-3567000,9190000
2008/01/11,0,8054000,-5461000,2593000
2008/01/14,0,40064000,-34637802,5426198
2008/01/15,0,37073000,-26344579,10728421
2008/01/16,0,35579000,-24115000,11464000
2008/01/17,0,41546000,-61608143,-20062143
2008/01/18,0,22274724,-23639580,-1364856
2008/01/21,0,25867000,-17641767,8225233
2008/01/22,0,16476000,-12709000,3767000
2008/01/23,0,13571000,-7185000,6386000
2008/01/24,0,10138000,-6739000,3399000
2008/01/25,0,10189000,-11674000,-1485000
2008/01/28,0,29172000,-16437000,12735000
2008/01/29,0,4965000,-6025074,-1060074
2008/01/30,0,6202344,-18187000,-11984656
2008/01/31,0,6179000,-6389146,-210146
2008/02/01,0,10458000,-11246000,-788000
2008/02/04,0,0,0,0
2008/02/05,0,0,0,0
2008/02/06,0,0,0,0
2008/02/07,0,0,0,0
2008/02/08,0,0,0,0
2008/02/11,0,0,0,0
2008/02/12,0,6836000,-13432000,-6596000
2008/02/13,0,1659000,-4752144,-3093144
2008/02/14,0,10127000,-9320000,807000
2008/02/15,0,4758000,-2752000,2006000
2008/02/18,0,4354000,-4088000,266000
2008/02/19,0,28578000,-13716219,14861781
2008/02/20,0,13285000,-8229000,5056000
2008/02/21,0,6725000,-5790898,934102
2008/02/22,0,14237000,-6480000,7757000
2008/02/25,0,11994000,-4047000,7947000
2008/02/26,0,18346000,-2850000,15496000
2008/02/27,0,28335000,-10969000,17366000
2008/02/28,0,0,0,0
2008/02/29,0,22136159,-11432000,10704159
2008/03/03,0,21530000,-10541621,10988379
2008/03/04,0,42884000,-41019000,1865000
2008/03/05,0,15441000,-25667000,-10226000
2008/03/06,0,25119000,-25761000,-642000
2008/03/07,0,14312000,-17536200,-3224200
2008/03/10,0,9406000,-12247000,-2841000
2008/03/11,0,4497000,-13848000,-9351000
2008/03/12,0,13518073,-7003000,6515073
2008/03/13,0,12459000,-12831000,-372000
2008/03/14,0,9195000,-9849000,-654000
2008/03/17,0,8355000,-23959946,-15604946
2008/03/18,0,5375000,-10651000,-5276000
2008/03/19,0,6177000,-4414000,1763000
2008/03/20,0,9543000,-15447000,-5904000
2008/03/21,0,18288000,-2746000,15542000
2008/03/24,0,56121000,-21110000,35011000
2008/03/25,0,20870000,-17714000,3156000
2008/03/26,0,43412000,-21271000,22141000
2008/03/27,0,8247925,-16588000,-8340075
2008/03/28,0,7675925,-14146000,-6470075
2008/03/31,0,11928840,-18256661,-6327821
2008/04/01,0,6726606,-24660000,-17933394
2008/04/02,0,9179000,-20471000,-11292000
2008/04/03,0,3532000,-20885000,-17353000
2008/04/04,0,0,0,0
2008/04/07,0,2940000,-6096000,-3156000
2008/04/08,0,8280000,-10831000,-2551000
2008/04/09,0,2903000,-7933000,-5030000
2008/04/10,0,8650000,-5624000,3026000
2008/04/11,0,40314000,-27066973,13247027
2008/04/14,0,2749000,-17106000,-14357000
2008/04/15,0,2960000,-10417000,-7457000
2008/04/16,0,5957000,-7004000,-1047000
2008/04/17,0,11817000,-3818000,7999000
2008/04/18,0,2153000,-1867003,285997
2008/04/21,0,3475300,-483000,2992300
2008/04/22,0,6004000,-1786065,4217935
2008/04/23,0,3766000,-839000,2927000
2008/04/24,0,2540000,-2729000,-189000
2008/04/25,0,1195000,-3508320,-2313320
2008/04/28,0,6981000,-664000,6317000
2008/04/29,0,8931000,-4493000,4438000
2008/04/30,0,2866000,-2794000,72000
2008/05/01,0,0,0,0
2008/05/02,0,8646000,-1630000,7016000
2008/05/05,0,9488480,-8607319,881161
2008/05/06,0,3243000,-2799867,443133
2008/05/07,0,2793000,-5095000,-2302000
2008/05/08,0,2264000,-6023000,-3759000
2008/05/09,0,2655000,-28849000,-26194000
2008/05/12,0,6561000,-13666000,-7105000
2008/05/13,0,5979000,-3517000,2462000
2008/05/14,0,933000,-565000,368000
2008/05/15,0,4150000,-610000,3540000
2008/05/16,0,2965000,-1099000,1866000
2008/05/19,0,6738000,-808000,5930000
2008/05/20,0,2994000,-3765000,-771000
2008/05/21,0,7136000,-6523700,612300
2008/05/22,0,8606000,-14509900,-5903900
2008/05/23,0,3815000,-7293000,-3478000
2008/05/26,0,11406000,-4931000,6475000
2008/05/27,0,633000,-1891000,-1258000
2008/05/28,0,3274000,-8827000,-5553000
2008/05/29,0,6569000,-14502000,-7933000
2008/05/30,0,16478700,-29825753,-13347053
2008/06/02,0,18555000,-4542000,14013000
2008/06/03,0,14302000,-6493000,7809000
2008/06/04,0,4127000,-2929000,1198000
2008/06/05,0,8631000,-7201000,1430000
2008/06/06,0,7770000,-5465000,2305000
2008/06/09,0,3364000,-3653000,-289000
2008/06/10,0,9338000,-7301004,2036996
2008/06/11,0,12970000,-14875000,-1905000
2008/06/12,0,13202000,-7825458,5376542
2008/06/13,0,4665000,-10410000,-5745000
2008/06/16,0,2532000,-3800000,-1268000
2008/06/17,0,8798000,-9379000,-581000
2008/06/18,0,4676000,-6820000,-2144000
2008/06/19,0,0,-23046000,-23046000
2008/06/20,0,7463577,-24599000,-17135423
2008/06/23,0,5204000,-5704000,-500000
2008/06/24,0,1182000,-2124000,-942000
2008/06/25,0,7394000,-1918915,5475085
2008/06/26,0,2101000,-2346000,-245000
2008/06/27,0,15685000,-13209000,2476000
2008/06/30,0,1524000,-1249000,275000
2008/07/01,0,2909000,-1115000,1794000
2008/07/02,0,1228000,-8100000,-6872000
2008/07/03,0,2033000,-13776000,-11743000
2008/07/04,0,46000,-3288001,-3242001
2008/07/07,0,3872000,-2009000,1863000
2008/07/08,0,9640000,-14664000,-5024000
2008/07/09,0,5520300,-6753000,-1232700
2008/07/10,0,4656269,-10090269,-5434000
2008/07/11,0,1730000,-5427000,-3697000
2008/07/14,0,1595000,-5013000,-3418000
2008/07/15,0,8164000,-8569000,-405000
2008/07/16,0,4331000,-3991000,340000
2008/07/17,0,11073000,-11218000,-145000
2008/07/18,0,8983000,-12022000,-3039000
2008/07/21,0,3326000,-8821000,-5495000
2008/07/22,0,1784000,-5659390,-3875390
2008/07/23,0,3754000,-1140000,2614000
2008/07/24,0,2580000,-6261000,-3681000
2008/07/25,0,1867000,-2232000,-365000
2008/07/28,0,0,0,0
2008/07/29,0,376000,-8281000,-7905000
2008/07/30,0,2056000,-3490000,-1434000
2008/07/31,0,4929000,-4811000,118000
2008/08/01,0,4530000,-5170000,-640000
2008/08/04,0,4572000,-3160000,1412000
2008/08/05,0,10845000,-12414000,-1569000
2008/08/06,0,7305000,-6268000,1037000
2008/08/07,0,2700000,-3175000,-475000
2008/08/08,0,4615000,-5877000,-1262000
2008/08/11,0,1533000,-5186000,-3653000
2008/08/12,0,961000,-3061000,-2100000
2008/08/13,0,1529000,-2632000,-1103000
2008/08/14,0,459000,-4231000,-3772000
2008/08/15,0,41000,-6216000,-6175000
2008/08/18,0,1046000,-2308000,-1262000
2008/08/19,0,4879400,-17799000,-12919600
2008/08/20,0,8152000,-45894000,-37742000
2008/08/21,0,5012000,-24767000,-19755000
2008/08/22,0,1571000,-13114000,-11543000
2008/08/25,0,2699000,-4860000,-2161000
2008/08/26,0,464000,-3006969,-2542969
2008/08/27,0,4077000,-10668000,-6591000
2008/08/28,0,6229000,-11202000,-4973000
2008/08/29,0,2426000,-6343754,-3917754
2008/09/01,0,1099000,-8706000,-7607000
2008/09/02,0,1335000,-3369000,-2034000
2008/09/03,0,1298000,-15299000,-14001000
2008/09/04,0,811000,-8478000,-7667000
2008/09/05,0,850000,-5839000,-4989000
2008/09/08,0,760000,-12712000,-11952000
2008/09/09,0,2076000,-2279000,-203000
2008/09/10,0,6518000,-6757000,-239000
2008/09/11,0,1913000,-6459000,-4546000
2008/09/12,0,684000,-4223000,-3539000
2008/09/15,0,222000,-4783000,-4561000
2008/09/16,0,1994000,-12000,1982000
2008/09/17,0,5052000,-1793000,3259000
2008/09/18,0,1852000,-6349000,-4497000
2008/09/19,0,15125000,-9682000,5443000
2008/09/22,0,6138000,-6220000,-82000
2008/09/23,0,8206000,-20954000,-12748000
2008/09/24,0,28849469,-31742469,-2893000
2008/09/25,0,15419000,-32438000,-17019000
2008/09/26,0,18173000,-24783000,-6610000
2008/09/29,0,0,0,0
2008/09/30,0,2670000,-3228000,-558000
2008/10/01,0,7273000,-26932000,-19659000
2008/10/02,0,8180000,-75838713,-67658713
2008/10/03,0,4775000,-9453307,-4678307
2008/10/06,0,4126000,-8569000,-4443000
2008/10/07,0,11320000,-1879000,9441000
2008/10/08,0,2930000,-12192609,-9262609
2008/10/09,0,14303000,-2540000,11763000
2008/10/10,0,0,0,0
2008/10/13,0,1353000,-699000,654000
2008/10/14,0,24914000,-25373000,-459000
2008/10/15,0,2160000,-5488000,-3328000
2008/10/16,0,0,-1119000,-1119000
2008/10/17,0,0,-1388000,-1388000
2008/10/20,0,341000,-1738000,-1397000
2008/10/21,0,3025000,-33708800,-30683800
2008/10/22,0,5460000,-12825100,-7365100
2008/10/23,0,8189000,-15368500,-7179500
2008/10/24,0,1750000,-1405000,345000
2008/10/27,0,4898000,-2874000,2024000
2008/10/28,0,1385000,-7525023,-6140023
2008/10/29,0,1727000,-14743000,-13016000
2008/10/30,0,5753000,-1850000,3903000
2008/10/31,0,656000,-3201000,-2545000
2008/11/03,0,4819000,-7546000,-2727000
2008/11/04,0,2215000,-3968000,-1753000
2008/11/05,0,3271000,-2320000,951000
2008/11/06,0,6796000,-3508000,3288000
2008/11/07,0,8234000,-4607000,3627000
2008/11/10,0,2762000,-1121000,1641000
2008/11/11,0,2502000,-2318309,183691
2008/11/12,0,2503000,-4087184,-1584184
2008/11/13,0,6398000,-5057000,1341000
2008/11/14,0,3402000,-5059000,-1657000
2008/11/17,0,6884000,-10288000,-3404000
2008/11/18,0,10519000,-14314843,-3795843
2008/11/19,0,687000,-62901000,-62214000
2008/11/20,0,8293000,-11762427,-3469427
2008/11/21,0,6718000,-8448000,-1730000
2008/11/24,0,1420000,-2993000,-1573000
2008/11/25,0,14660000,-10053050,4606950
2008/11/26,0,2697000,-1615764,1081236
2008/11/27,0,585000,-8000,577000
2008/11/28,0,10651000,-5277000,5374000
2008/12/01,0,10445000,-3117000,7328000
2008/12/02,0,2966000,-9877000,-6911000
2008/12/03,0,6415000,-3475000,2940000
2008/12/04,0,4452000,-2861000,1591000
2008/12/05,0,2359000,-2160000,199000
2008/12/08,0,11766000,-502000,11264000
2008/12/09,0,13108000,-5918429,7189571
2008/12/10,0,7640000,-2476000,5164000
2008/12/11,0,6984000,-809000,6175000
2008/12/12,0,3941000,-20341000,-16400000
2008/12/15,0,6732000,-2532000,4200000
2008/12/16,0,5704000,-2755000,2949000
2008/12/17,0,9943000,-1600000,8343000
2008/12/18,0,5581000,-1509000,4072000
2008/12/19,0,4992000,-7128000,-2136000
2008/12/22,0,8116000,-8144600,-28600
2008/12/23,0,1054000,-5017607,-3963607
2008/12/24,0,3286000,-3611000,-325000
2008/12/25,0,336000,-1710000,-1374000
2008/12/26,0,1414000,-1847000,-433000
2008/12/29,0,6015000,-805000,5210000
2008/12/30,0,7457000,-697000,6760000
2008/12/31,0,633000,-10074000,-9441000
2009/01/01,0,0,0,0
2009/01/02,0,0,0,0
2009/01/05,0,7773000,-2135000,5638000
2009/01/06,0,4025736,-1158000,2867736
2009/01/07,0,2708211,-1959000,749211
2009/01/08,0,300000,-5866000,-5566000
2009/01/09,0,3407000,-2634000,773000
2009/01/12,0,2042534,-4150000,-2107466
2009/01/13,0,2060873,-2160882,-100009
2009/01/14,0,10300000,-1030000,9270000
2009/01/15,0,5611000,-15163000,-9552000
2009/01/16,0,3446000,-3953000,-507000
2009/01/19,0,3785000,-990020,2794980
2009/01/20,0,6229000,-10245000,-4016000
2009/01/21,0,13008100,-2600000,10408100
2009/01/22,0,0,0,0
2009/01/23,0,0,0,0
2009/01/26,0,0,0,0
2009/01/27,0,0,0,0
2009/01/28,0,0,0,0
2009/01/29,0,0,0,0
2009/01/30,0,0,0,0
2009/02/02,0,7711275,-10813697,-3102422
2009/02/03,0,870000,-850870,19130
2009/02/04,0,5569000,-1553000,4016000
2009/02/05,0,1687000,-2576000,-889000
2009/02/06,0,2136000,-2224000,-88000
2009/02/09,0,173000,-4066000,-3893000
2009/02/10,0,1163000,-2817000,-1654000
2009/02/11,0,2009000,-3703000,-1694000
2009/02/12,0,5128000,-12343000,-7215000
2009/02/13,0,2517000,-5940000,-3423000
2009/02/16,0,0,-6005000,-6005000
2009/02/17,0,712000,-7030149,-6318149
2009/02/18,0,4660000,-4639000,21000
2009/02/19,0,2809000,-8004000,-5195000
2009/02/20,0,667000,-4695000,-4028000
2009/02/23,0,2009000,-4205000,-2196000
2009/02/24,0,1461000,-3385910,-1924910
2009/02/25,0,5635000,-1011150,4623850
2009/02/26,0,4989000,-751450,4237550
2009/02/27,0,2849000,-1643265,1205735
2009/03/02,0,140070,-7168144,-7028074
2009/03/03,0,582000,-2561000,-1979000
2009/03/04,0,4340000,-2566000,1774000
2009/03/05,0,1714000,-2538000,-824000
2009/03/06,0,3831000,-6921000,-3090000
2009/03/09,0,1370000,-2396000,-1026000
2009/03/10,0,2187000,-6370000,-4183000
2009/03/11,0,2649000,-4246061,-1597061
2009/03/12,0,2333000,-14491000,-12158000
2009/03/13,0,7329100,-9976000,-2646900
2009/03/16,0,4189000,-6749000,-2560000
2009/03/17,0,4775000,-6097000,-1322000
2009/03/18,0,8941000,-4206000,4735000
2009/03/19,0,1776000,-3162000,-1386000
2009/03/20,0,4035000,-6497000,-2462000
2009/03/23,0,6654000,-8498313,-1844313
2009/03/24,0,6749000,-7993000,-1244000
2009/03/25,0,8564000,-6025800,2538200
2009/03/26,0,7023000,-4678400,2344600
2009/03/27,0,1657000,-3042000,-1385000
2009/03/30,0,4637000,-5188000,-551000
2009/03/31,0,7080000,-6231599,848401
2009/04/01,0,1346000,-9445000,-8099000
2009/04/02,0,6929000,-4759000,2170000
2009/04/03,0,2419000,-5002000,-2583000
2009/04/06,0,25578000,-7013000,18565000
2009/04/07,0,12520000,-4851000,7669000
2009/04/08,0,5636000,-11252000,-5616000
2009/04/09,0,10245000,-1073000,9172000
2009/04/10,0,3935000,-1710000,2225000
2009/04/13,0,4154000,-985000,3169000
2009/04/14,0,6493000,-4779000,1714000
2009/04/15,0,6548000,-2939000,3609000
2009/04/16,0,7631000,-12091000,-4460000
2009/04/17,0,18403780,-14416000,3987780
2009/04/20,0,5685000,-2228000,3457000
2009/04/21,0,8930000,-10844000,-1914000
2009/04/22,0,1988000,-4308000,-2320000
2009/04/23,0,5397000,-3203000,2194000
2009/04/24,0,7164000,-2766000,4398000
2009/04/27,0,23368401,-2563000,20805401
2009/04/28,0,3894000,-3009000,885000
2009/04/29,0,9041000,-40553091,-31512091
2009/04/30,0,46205000,-6176000,40029000
2009/05/01,0,0,0,0
2009/05/04,0,1401000,-3761000,-2360000
2009/05/05,0,81606000,-3709100,77896900
2009/05/06,0,19146057,-8318001,10828056
2009/05/07,0,14315000,-34680000,-20365000
2009/05/08,0,27739000,-20429694,7309306
2009/05/11,0,26199000,-16412000,9787000
2009/05/12,0,26252000,-5383000,20869000
2009/05/13,0,7828000,-27266000,-19438000
2009/05/14,0,7542000,-27970000,-20428000
2009/05/15,0,28316000,-25412000,2904000
2009/05/18,0,37896000,-7730000,30166000
2009/05/19,0,20245000,-11565000,8680000
2009/05/20,0,109146000,-28361000,80785000
2009/05/21,0,99581000,-30588000,68993000
2009/05/22,0,35867000,-11358000,24509000
2009/05/25,0,13718000,-11512000,2206000
2009/05/26,0,16171000,-5912000,10259000
2009/05/27,0,8556000,-14265835,-5709835
2009/05/28,0,0,0,0
2009/05/29,0,0,0,0
2009/06/01,0,11618000,-9444000,2174000
2009/06/02,0,22938000,-4528000,18410000
2009/06/03,0,13626000,-8753825,4872175
2009/06/04,0,9803000,-8194000,1609000
2009/06/05,0,18914000,-2220775,16693225
2009/06/08,0,21614000,-13635000,7979000
2009/06/09,0,27983000,-22839000,5144000
2009/06/10,0,4412000,-2657432,1754568
2009/06/11,0,14942000,-8170000,6772000
2009/06/12,0,8530000,-4202000,4328000
2009/06/15,0,7992000,-2515000,5477000
2009/06/16,0,8164000,-3699350,4464650
2009/06/17,0,11867000,-7238000,4629000
2009/06/18,0,11168000,-11553000,-385000
2009/06/19,0,27582000,-8992550,18589450
2009/06/22,0,20737000,-8048000,12689000
2009/06/23,0,5567200,-5731000,-163800
2009/06/24,0,23405616,-17582000,5823616
2009/06/25,0,7646000,-9813000,-2167000
2009/06/26,0,9016000,-6618000,2398000
2009/06/29,0,28123000,-6574000,21549000
2009/06/30,0,42076000,-15590508,26485492
2009/07/01,0,8474000,-3110000,5364000
2009/07/02,0,15490000,-3860000,11630000
2009/07/03,0,57768354,-12861000,44907354
2009/07/06,0,11668000,-5160000,6508000
2009/07/07,0,35591000,-2898610,32692390
2009/07/08,0,34922000,-11331484,23590516
2009/07/09,0,7687000,-7748000,-61000
2009/07/10,0,7098000,-1179000,5919000
2009/07/13,0,26485000,-14798000,11687000
2009/07/14,0,14397000,-24138800,-9741800
2009/07/15,0,18835000,-15856000,2979000
2009/07/16,0,25322000,-17837000,7485000
2009/07/17,0,15907000,-24447581,-8540581
2009/07/20,0,18123000,-638978,17484022
2009/07/21,0,16523000,-1688750,14834250
2009/07/22,0,5801000,-2719000,3082000
2009/07/23,0,8829000,-10550580,-1721580
2009/07/24,0,4181000,-17949060,-13768060
2009/07/27,0,8453000,-4621000,3832000
2009/07/28,0,12864000,-1659000,11205000
2009/07/29,0,9877557,-2082000,7795557
2009/07/30,0,14459000,-28341000,-13882000
2009/07/31,0,9679000,-2422000,7257000
2009/08/03,0,12536000,-3739000,8797000
2009/08/04,0,5053000,-8728000,-3675000
2009/08/05,0,4161000,-8586000,-4425000
2009/08/06,0,8933000,-23689000,-14756000
2009/08/07,0,0,0,0
2009/08/10,0,14735768,-5465000,9270768
2009/08/11,0,3971000,-14158000,-10187000
2009/08/12,0,6469000,-10813000,-4344000
2009/08/13,0,5969000,-898000,5071000
2009/08/14,0,21342000,-2130000,19212000
2009/08/17,0,15291000,-3100000,12191000
2009/08/18,0,5732000,-3509000,2223000
2009/08/19,0,10240000,-4623730,5616270
2009/08/20,0,3514000,-8925000,-5411000
2009/08/21,0,3741000,-4051500,-310500
2009/08/24,0,7251000,-741000,6510000
2009/08/25,0,2994000,-1672737,1321263
2009/08/26,0,3401000,-3044000,357000
2009/08/27,0,2664000,-2552000,112000
2009/08/28,0,19412000,-406000,19006000
2009/08/31,0,8049898,-7100192,949706
2009/09/01,0,8708000,-1695535,7012465
2009/09/02,0,1917000,-2129000,-212000
2009/09/03,0,6860000,-5069000,1791000
2009/09/04,0,9285185,-3581000,5704185
2009/09/07,0,9980000,-1957000,8023000
2009/09/08,0,5597000,-368000,5229000
2009/09/09,0,4035000,-5069000,-1034000
2009/09/10,0,28186000,-6921290,21264710
2009/09/11,0,3025000,-2448000,577000
2009/09/14,0,15554000,-1646002,13907998
2009/09/15,0,15661000,-2324000,13337000
2009/09/16,0,40856112,-16375000,24481112
2009/09/17,0,45882000,-6570793,39311207
2009/09/18,0,21690000,-7289000,14401000
2009/09/21,0,17662000,-3328000,14334000
2009/09/22,0,11949000,-6513000,5436000
2009/09/23,0,18866000,-7250000,11616000
2009/09/24,0,10717000,-6991000,3726000
2009/09/25,0,11380000,-2911550,8468450
2009/09/28,0,10699000,-3345000,7354000
2009/09/29,0,39290000,-6855000,32435000
2009/09/30,0,18791000,-2326000,16465000
2009/10/01,0,16875000,-4604000,12271000
2009/10/02,0,4130000,-9289000,-5159000
2009/10/05,0,8485900,-18972900,-10487000
2009/10/06,0,11935000,-4020000,7915000
2009/10/07,0,3108000,-5760910,-2652910
2009/10/08,0,14396000,-4293000,10103000
2009/10/09,0,2594000,-708000,1886000
2009/10/12,0,9522000,-4778000,4744000
2009/10/13,0,16240080,-14532674,1707406
2009/10/14,0,3343000,-6308000,-2965000
2009/10/15,0,25817000,-3478000,22339000
2009/10/16,0,6669000,-2570216,4098784
2009/10/19,0,7708000,-477352,7230648
2009/10/20,0,4548000,-7049000,-2501000
2009/10/21,0,15441000,-10999000,4442000
2009/10/22,0,9978000,-6317000,3661000
2009/10/23,0,12316000,-3091000,9225000
2009/10/26,0,7664000,-2157000,5507000
2009/10/27,0,13008000,-4527000,8481000
2009/10/28,0,10961000,-4998000,5963000
2009/10/29,0,11800000,-16258000,-4458000
2009/10/30,0,3657000,-8480000,-4823000
2009/11/02,0,771000,-5092000,-4321000
2009/11/03,0,1422000,-16966000,-15544000
2009/11/04,0,16876000,-23032616,-6156616
2009/11/05,0,3457000,-10521000,-7064000
2009/11/06,0,11345000,-3214000,8131000
2009/11/09,0,3500000,-16127000,-12627000
2009/11/10,0,3307000,-16022000,-12715000
2009/11/11,0,6439000,-9084000,-2645000
2009/11/12,0,7324000,-16486000,-9162000
2009/11/13,0,6519000,-21315000,-14796000
2009/11/16,0,6319000,-8168000,-1849000
2009/11/17,0,11300000,-30205000,-18905000
2009/11/18,0,9882000,-17844000,-7962000
2009/11/19,0,7673000,-36067780,-28394780
2009/11/20,0,4514000,-13803000,-9289000
2009/11/23,0,3278000,-6440000,-3162000
2009/11/24,0,6748000,-20125000,-13377000
2009/11/25,0,6202000,-12485000,-6283000
2009/11/26,0,2569000,-5693000,-3124000
2009/11/27,0,25733000,-21929000,3804000
2009/11/30,0,2498726,-17520965,-15022239
2009/12/01,0,8813000,-10517000,-1704000
2009/12/02,0,19749000,-5616000,14133000
2009/12/03,0,10720000,-6970603,3749397
2009/12/04,0,7987000,-3334000,4653000
2009/12/07,0,7036000,-2213000,4823000
2009/12/08,0,924000,-2772000,-1848000
2009/12/09,0,477000,-2655580,-2178580
2009/12/10,0,1554000,-15507030,-13953030
2009/12/11,0,7433000,-10461000,-3028000
2009/12/14,0,2366000,-7161000,-4795000
2009/12/15,0,6187000,-3493000,2694000
2009/12/16,0,6389000,-11690205,-5301205
2009/12/17,0,7978900,-9290000,-1311100
2009/12/18,0,764000,-11564000,-10800000
2009/12/21,0,7338000,-2924000,4414000
2009/12/22,0,8651000,-1549000,7102000
2009/12/23,0,4830000,-2348099,2481901
2009/12/24,0,3333000,-140000,3193000
2009/12/25,0,1485000,-392000,1093000
2009/12/28,0,8879000,-2766000,6113000
2009/12/29,0,3897000,-2694000,1203000
2009/12/30,0,4441000,-3269000,1172000
2009/12/31,0,3148000,-2317000,831000
2010/01/01,0,0,0,0
2010/01/04,0,1013000,-1556000,-543000
2010/01/05,0,5953000,-5742000,211000
2010/01/06,0,6472985,-7170000,-697015
2010/01/07,0,14435000,-2631287,11803713
2010/01/08,0,44624200,-35866000,8758200
2010/01/11,0,22529000,-28672000,-6143000
2010/01/12,0,12237209,-14743000,-2505791
2010/01/13,0,15347000,-5320000,10027000
2010/01/14,0,21106000,-21510700,-404700
2010/01/15,0,9444000,-3689000,5755000
2010/01/18,0,27270000,-5419000,21851000
2010/01/19,0,0,0,0
2010/01/20,0,0,0,0
2010/01/21,0,0,0,0
2010/01/22,0,0,0,0
2010/01/25,0,0,0,0
2010/01/26,0,0,0,0
2010/01/27,0,0,0,0
2010/01/28,0,0,0,0
2010/01/29,0,0,0,0
2010/02/01,0,0,0,0
2010/02/02,0,0,0,0
2010/02/03,0,925083,-1547000,-621917
2010/02/04,0,8119631,-12797922,-4678291
2010/02/05,0,1851594,-17701000,-15849406
2010/02/08,0,26543038,-51827374,-25284336
2010/02/09,0,45374350,-34942562,10431788
2010/02/10,0,18980777,-20663000,-1682223
2010/02/11,0,0,0,0
2010/02/12,0,0,0,0
2010/02/15,0,0,0,0
2010/02/16,0,0,0,0
2010/02/17,0,0,0,0
2010/02/18,0,0,0,0
2010/02/19,0,0,0,0
2010/02/22,0,5412863,-21962408,-16549545
2010/02/23,0,5234000,-1586744,3647256
2010/02/24,0,3203000,-3819000,-616000
2010/02/25,0,3325740,-5874884,-2549144
2010/02/26,0,3339000,-12637249,-9298249
2010/03/01,0,17319000,-7621918,9697082
2010/03/02,0,9931395,-4272797,5658598
2010/03/03,0,1686000,-6768754,-5082754
2010/03/04,0,9183186,-2552000,6631186
2010/03/05,0,12546000,-1706000,10840000
2010/03/08,0,4492000,-896000,3596000
2010/03/09,0,5635614,-4477901,1157713
2010/03/10,0,2045370,-7736000,-5690630
2010/03/11,0,2258000,-1561000,697000
2010/03/12,0,3840493,-7238084,-3397591
2010/03/15,0,794136,-12529000,-11734864
2010/03/16,0,955000,-7494000,-6539000
2010/03/17,0,8856000,-90000,8766000
2010/03/18,0,5329000,-4623000,706000
2010/03/19,0,7297000,-799458,6497542
2010/03/22,0,6787000,-2815750,3971250
2010/03/23,0,9877352,-2457351,7420001
2010/03/24,0,2925000,-1720787,1204213
2010/03/25,0,4353009,-7822197,-3469188
2010/03/26,0,4922000,-4029255,892745
2010/03/29,0,3004068,-2973000,31068
2010/03/30,0,3306000,-1581665,1724335
2010/03/31,0,8786000,-2392015,6393985
2010/04/01,0,23327000,-4379226,18947774
2010/04/02,0,12727000,-3212000,9515000
2010/04/05,0,0,0,0
2010/04/06,0,14839000,-4261000,10578000
2010/04/07,0,2503350,-2047000,456350
2010/04/08,0,4323000,-8109000,-3786000
2010/04/09,0,9813000,-8349820,1463180
2010/04/12,0,2853690,-3740000,-886310
2010/04/13,0,4883041,-6229000,-1345959
2010/04/14,0,3214000,-4319125,-1105125
2010/04/15,0,3573000,-19954000,-16381000
2010/04/16,0,30163808,-32141978,-1978170
2010/04/19,0,2300001,-5014533,-2714532
2010/04/20,0,1640320,-5523320,-3883000
2010/04/21,0,2457000,-7561645,-5104645
2010/04/22,0,1120000,-6066030,-4946030
2010/04/23,0,1844000,-9092735,-7248735
2010/04/26,0,6012000,-6652188,-640188
2010/04/27,0,5627619,-8092619,-2465000
2010/04/28,0,685000,-5894750,-5209750
2010/04/29,0,5484000,-10387457,-4903457
2010/04/30,0,9489000,-28054347,-18565347
2010/05/03,0,29911000,-35289000,-5378000
2010/05/04,0,3290000,-8596362,-5306362
2010/05/05,0,17016713,-27290342,-10273629
2010/05/06,0,3856669,-7002000,-3145331
2010/05/07,0,2936873,-8827508,-5890635
2010/05/10,0,2806328,-7905010,-5098682
2010/05/11,0,6531000,-19886000,-13355000
2010/05/12,0,7124749,-9297000,-2172251
2010/05/13,0,24356000,-10549969,13806031
2010/05/14,0,13619000,-23664663,-10045663
2010/05/17,0,3461000,-6531000,-3070000
2010/05/18,0,14907000,-5933083,8973917
2010/05/19,0,4054000,-3034000,1020000
2010/05/20,0,3396000,-11314000,-7918000
2010/05/21,0,4251000,-17224781,-12973781
2010/05/24,0,4902000,-7506000,-2604000
2010/05/25,0,1971000,-13714000,-11743000
2010/05/26,0,8617950,-18881300,-10263350
2010/05/27,0,2007000,-3823925,-1816925
2010/05/28,0,2912000,-3924000,-1012000
2010/05/31,0,3435000,-313000,3122000
2010/06/01,0,6431000,-4422000,2009000
2010/06/02,0,3701000,-2231146,1469854
2010/06/03,0,2186000,-1188209,997791
2010/06/04,0,2865000,-2537000,328000
2010/06/07,0,565000,-5447247,-4882247
2010/06/08,0,1254000,-2580000,-1326000
2010/06/09,0,3591000,-7346893,-3755893
2010/06/10,0,2831000,-881000,1950000
2010/06/11,0,6759592,-3285000,3474592
2010/06/14,0,6904592,-2438000,4466592
2010/06/15,0,3799274,-7045562,-3246288
2010/06/16,0,0,0,0
2010/06/17,0,26024899,-6238446,19786453
2010/06/18,0,10868660,-2894000,7974660
2010/06/21,0,18607065,-10476678,8130387
2010/06/22,0,6174836,-385000,5789836
2010/06/23,0,11524508,-1717509,9806999
2010/06/24,0,9736000,-1151270,8584730
2010/06/25,0,10227955,-2137000,8090955
2010/06/28,0,4289000,-2478615,1810385
2010/06/29,0,4366000,-4524000,-158000
2010/06/30,0,2019000,-3877000,-1858000
2010/07/01,0,690000,-8423320,-7733320
2010/07/02,0,13091000,-23549430,-10458430
2010/07/05,0,21609034,-9108000,12501034
2010/07/06,0,11022000,-4672000,6350000
2010/07/07,0,5614258,-5659000,-44742
2010/07/08,0,7713000,-7693000,20000
2010/07/09,0,6029326,-5564796,464530
2010/07/12,0,13828000,-667418,13160582
2010/07/13,0,22126000,-3515000,18611000
2010/07/14,0,27836500,-1186579,26649921
2010/07/15,0,24238000,-4409400,19828600
2010/07/16,0,8028032,-8274524,-246492
2010/07/19,0,10756000,-1460000,9296000
2010/07/20,0,8342081,-1568000,6774081
2010/07/21,0,9604000,-3044000,6560000
2010/07/22,0,2178000,-6295084,-4117084
2010/07/23,0,18565000,-9389000,9176000
2010/07/26,0,2943010,-8494000,-5550990
2010/07/27,0,1472000,-4144413,-2672413
2010/07/28,0,4125000,-2374000,1751000
2010/07/29,0,3658000,-2756343,901657
2010/07/30,0,982000,-2538000,-1556000
2010/08/02,0,6235000,-1483000,4752000
2010/08/03,0,5788000,-1234000,4554000
2010/08/04,0,1254000,-1692000,-438000
2010/08/05,0,2554000,-2728000,-174000
2010/08/06,0,2790000,-3868292,-1078292
2010/08/09,0,7335000,-3510612,3824388
2010/08/10,0,7613000,-5100661,2512339
2010/08/11,0,4748000,-1455204,3292796
2010/08/12,0,17801099,-13762000,4039099
2010/08/13,0,4989606,-10780022,-5790416
2010/08/16,0,479000,-16806000,-16327000
2010/08/17,0,1329000,-687000,642000
2010/08/18,0,2741000,-4246230,-1505230
2010/08/19,0,3834000,-10267347,-6433347
2010/08/20,0,6154000,-1028000,5126000
2010/08/23,0,3434000,-4744000,-1310000
2010/08/24,0,1705000,-3368920,-1663920
2010/08/25,0,2239000,-7819000,-5580000
2010/08/26,0,2523000,-14067000,-11544000
2010/08/27,0,5359000,-10792151,-5433151
2010/08/30,0,3772632,-12162000,-8389368
2010/08/31,0,18698000,-27962029,-9264029
2010/09/01,0,1733000,-6708000,-4975000
2010/09/02,0,4001376,-8812000,-4810624
2010/09/03,0,2445000,-4683000,-2238000
2010/09/06,0,3984000,-10422797,-6438797
2010/09/07,0,4011977,-1513450,2498527
2010/09/08,0,5051240,-1618666,3432574
2010/09/09,0,4773000,-2257000,2516000
2010/09/10,0,2667550,-2779156,-111606
2010/09/13,0,23587000,-9537944,14049056
2010/09/14,0,13078487,-13971000,-892513
2010/09/15,0,8197659,-10762000,-2564341
2010/09/16,0,3721000,-3133400,587600
2010/09/17,0,8328000,-18967044,-10639044
2010/09/20,0,3243000,-2214000,1029000
2010/09/21,0,9728762,-3624030,6104732
2010/09/22,0,0,0,0
2010/09/23,0,13681812,-2326000,11355812
2010/09/24,0,6140670,-6170000,-29330
2010/09/27,0,3069750,-4570087,-1500337
2010/09/28,0,4197563,-7720520,-3522957
2010/09/29,0,7869000,-3258127,4610873
2010/09/30,0,2593000,-9049520,-6456520
2010/10/01,0,2788630,-3900620,-1111990
2010/10/04,0,4905900,-2577000,2328900
2010/10/05,0,2740230,-7364663,-4624433
2010/10/06,0,5269940,-1541457,3728483
2010/10/07,0,3377140,-14496983,-11119843
2010/10/08,0,2889270,-10249583,-7360313
2010/10/11,0,7497110,-17271048,-9773938
2010/10/12,0,9862680,-5808000,4054680
2010/10/13,0,3025560,-3119000,-93440
2010/10/14,0,6316910,-1145001,5171909
2010/10/15,0,3271390,-4568018,-1296628
2010/10/18,0,2036000,-11037000,-9001000
2010/10/19,0,2360000,-9244141,-6884141
2010/10/20,0,4709000,-11936000,-7227000
2010/10/21,0,1354000,-5357000,-4003000
2010/10/22,0,1853011,-3037000,-1183989
2010/10/25,0,4398000,-1708000,2690000
2010/10/26,0,4582147,-1149000,3433147
2010/10/27,0,5651580,-6166932,-515352
2010/10/28,0,9932912,-13406684,-3473772
2010/10/29,0,2433000,-5270696,-2837696
2010/11/01,0,4523000,-682000,3841000
2010/11/02,0,14283000,-8383330,5899670
2010/11/03,0,12774000,-7603620,5170380
2010/11/04,0,14235000,-10025920,4209080
2010/11/05,0,8404000,-3031615,5372385
2010/11/08,0,5473000,-450000,5023000
2010/11/09,0,2470000,-372000,2098000
2010/11/10,0,3966001,-2950330,1015671
2010/11/11,0,10537164,-3281177,7255987
2010/11/12,0,5877000,-9708000,-3831000
2010/11/15,0,3251049,-7647129,-4396080
2010/11/16,0,5155000,-10845000,-5690000
2010/11/17,0,5551000,-5810000,-259000
2010/11/18,0,386000,-518300,-132300
2010/11/19,0,4281290,-4572911,-291621
2010/11/22,0,1048780,-349200,699580
2010/11/23,0,4209059,-1508000,2701059
2010/11/24,0,7941000,-1794000,6147000
2010/11/25,0,3019000,-1731000,1288000
2010/11/26,0,2102000,-5171000,-3069000
2010/11/29,0,3290000,-5426380,-2136380
2010/11/30,0,6437848,-5189169,1248679
2010/12/01,0,5603000,-2802069,2800931
2010/12/02,0,19518000,-5385440,14132560
2010/12/03,0,2026000,-1348000,678000
2010/12/06,0,8750000,-1572220,7177780
2010/12/07,0,4412610,-1653000,2759610
2010/12/08,0,7457000,-3965419,3491581
2010/12/09,0,24634000,-9188800,15445200
2010/12/10,0,4065606,-3001370,1064236
2010/12/13,0,7112000,-1547667,5564333
2010/12/14,0,896000,-1836717,-940717
2010/12/15,0,3669000,-7887000,-4218000
2010/12/16,0,6057000,-3254000,2803000
2010/12/17,0,10370000,-1629276,8740724
2010/12/20,0,9236500,-2173000,7063500
2010/12/21,0,3771000,-2469101,1301899
2010/12/22,0,4920000,-5000040,-80040
2010/12/23,0,8324000,-1273000,7051000
2010/12/24,0,6192000,-2105000,4087000
2010/12/27,0,5332000,-1003000,4329000
2010/12/28,0,5554000,-2666000,2888000
2010/12/29,0,9906460,-11386864,-1480404
2010/12/30,0,5771000,-7712070,-1941070
2010/12/31,0,11724000,-2224860,9499140
2011/01/03,0,11530000,-2559060,8970940
2011/01/04,0,6662000,-5217000,1445000
2011/01/05,0,10534000,-27877570,-17343570
2011/01/06,0,8020000,-16468000,-8448000
2011/01/07,0,5144000,-8197339,-3053339
2011/01/10,0,4540000,-10869849,-6329849
2011/01/11,0,9555000,-1638000,7917000
2011/01/12,0,8095942,-4929592,3166350
2011/01/13,0,6761709,-7876790,-1115081
2011/01/14,0,9692000,-5973593,3718407
2011/01/17,0,4473813,-2074000,2399813
2011/01/18,0,1533000,-5109830,-3576830
2011/01/19,0,8505000,-382000,8123000
2011/01/20,0,4418000,-5554000,-1136000
2011/01/21,0,3849000,-4181110,-332110
2011/01/24,0,2690000,-755000,1935000
2011/01/25,0,1831000,-285000,1546000
2011/01/26,0,3053000,-9313147,-6260147
2011/01/27,0,2814000,-8793906,-5979906
2011/01/28,0,7016070,-3852100,3163970
2011/01/31,0,0,0,0
2011/02/01,0,0,0,0
2011/02/02,0,0,0,0
2011/02/03,0,0,0,0
2011/02/04,0,0,0,0
2011/02/07,0,0,0,0
2011/02/08,0,6744000,-2875357,3868643
2011/02/09,0,8140000,-7578960,561040
2011/02/10,0,5710000,-19740770,-14030770
2011/02/11,0,12129000,-18001000,-5872000
2011/02/14,0,8660000,-7640417,1019583
2011/02/15,0,2101000,-5306828,-3205828
2011/02/16,0,1001000,-3113161,-2112161
2011/02/17,0,4051000,-5864980,-1813980
2011/02/18,0,11819000,-2411000,9408000
2011/02/21,0,5628000,-8870730,-3242730
2011/02/22,0,4258000,-7425000,-3167000
2011/02/23,0,3987372,-2585610,1401762
2011/02/24,0,3615671,-6724907,-3109236
2011/02/25,0,14157326,-17655958,-3498632
2011/02/28,0,0,0,0
2011/03/01,0,2265000,-715000,1550000
2011/03/02,0,7277754,-4696000,2581754
2011/03/03,0,12283000,-3835000,8448000
2011/03/04,0,11237600,-1390948,9846652
2011/03/07,0,2459000,-6154000,-3695000
2011/03/08,0,6036000,-2306000,3730000
2011/03/09,0,9141000,-4728772,4412228
2011/03/10,0,8547000,-5597830,2949170
2011/03/11,0,9575000,-8270330,1304670
2011/03/14,0,3279000,-12488021,-9209021
2011/03/15,0,4517000,-13290840,-8773840
2011/03/16,0,9307000,-3300710,6006290
2011/03/17,0,7533000,-2054470,5478530
2011/03/18,0,5314000,-9011490,-3697490
2011/03/21,0,3563000,-4806000,-1243000
2011/03/22,0,4933000,-3645140,1287860
2011/03/23,0,3483000,-1577000,1906000
2011/03/24,0,2963000,-1180000,1783000
2011/03/25,0,4085544,-4979300,-893756
2011/03/28,0,3467000,-6237000,-2770000
2011/03/29,0,3443000,-8960682,-5517682
2011/03/30,0,8488000,-2390000,6098000
2011/03/31,0,5202245,-2279258,2922987
2011/04/01,0,3875790,-107000,3768790
2011/04/04,0,0,0,0
2011/04/05,0,0,0,0
2011/04/06,0,16077797,-6606310,9471487
2011/04/07,0,2606923,-815923,1791000
2011/04/08,0,8797819,-3877000,4920819
2011/04/11,0,3894545,-446000,3448545
2011/04/12,0,3506776,-446000,3060776
2011/04/13,0,1722000,-608000,1114000
2011/04/14,0,1958000,-3386000,-1428000
2011/04/15,0,276000,-5722270,-5446270
2011/04/18,0,4875000,-9252885,-4377885
2011/04/19,0,3552000,-12534000,-8982000
2011/04/20,0,5488536,-1839651,3648885
2011/04/21,0,13770853,-891717,12879136
2011/04/22,0,5859000,-1934000,3925000
2011/04/25,0,1261000,-1258000,3000
2011/04/26,0,7703343,-3880000,3823343
2011/04/27,0,17577000,-541000,17036000
2011/04/28,0,8509375,-2440256,6069119
2011/04/29,0,3835940,-752320,3083620
2011/05/02,0,0,0,0
2011/05/03,0,3008000,-985000,2023000
2011/05/04,0,1797000,-1974000,-177000
2011/05/05,0,4805000,-2475000,2330000
2011/05/06,0,4458246,-9621554,-5163308
2011/05/09,0,18183000,-266000,17917000
2011/05/10,0,6625000,-525300,6099700
2011/05/11,0,1777000,-3774000,-1997000
2011/05/12,0,6844000,-1824000,5020000
2011/05/13,0,7397000,-2551900,4845100
2011/05/16,0,5882000,-4423000,1459000
2011/05/17,0,9797100,-5935000,3862100
2011/05/18,0,10282000,-7269000,3013000
2011/05/19,0,13535995,-9353829,4182166
2011/05/20,0,6668900,-9419000,-2750100
2011/05/23,0,6299000,-8156000,-1857000
2011/05/24,0,4581000,-3525451,1055549
2011/05/25,0,8336900,-8530000,-193100
2011/05/26,0,9877000,-5838050,4038950
2011/05/27,0,12216000,-2298000,9918000
2011/05/30,0,1769000,-3484000,-1715000
2011/05/31,0,43516988,-23794900,19722088
2011/06/01,0,9893000,-6702348,3190652
2011/06/02,0,8313000,-527937,7785063
2011/06/03,0,7542000,-93000,7449000
2011/06/06,0,0,0,0
2011/06/07,0,5682000,-1166226,4515774
2011/06/08,0,11156000,-1943000,9213000
2011/06/09,0,8588128,-2102250,6485878
2011/06/10,0,1267000,-1486248,-219248
2011/06/13,0,761000,-3028704,-2267704
2011/06/14,0,3752000,-1124000,2628000
2011/06/15,0,15294000,-8575000,6719000
2011/06/16,0,5272677,-8433245,-3160568
2011/06/17,0,3383620,-3603100,-219480
2011/06/20,0,3757000,-2708221,1048779
2011/06/21,0,3707000,-5735250,-2028250
2011/06/22,0,3221000,-7967830,-4746830
2011/06/23,0,9997006,-5186097,4810909
2011/06/24,0,11872000,-7294193,4577807
2011/06/27,0,7746000,-4053476,3692524
2011/06/28,0,3899000,-4274078,-375078
2011/06/29,0,11733000,-12338000,-605000
2011/06/30,0,7254000,-6137000,1117000
2011/07/01,0,9146483,-10098000,-951517
2011/07/04,0,3644633,-5483390,-1838757
2011/07/05,0,4689152,-7212400,-2523248
2011/07/06,0,7871231,-8939422,-1068191
2011/07/07,0,5159221,-2861265,2297956
2011/07/08,0,7673434,-6556000,1117434
2011/07/11,0,9170719,-12233000,-3062281
2011/07/12,0,11264442,-11935000,-670558
2011/07/13,0,5977034,-2080800,3896234
2011/07/14,0,4306234,-3459000,847234
2011/07/15,0,1625530,-1061932,563598
2011/07/18,0,3647040,-2146809,1500231
2011/07/19,0,4496000,-3894888,601112
2011/07/20,0,7861644,-1739000,6122644
2011/07/21,0,4572020,-4075000,497020
2011/07/22,0,8825815,-975000,7850815
2011/07/25,0,8836454,-1282000,7554454
2011/07/26,0,28486699,-68000,28418699
2011/07/27,0,36916615,-5525000,31391615
2011/07/28,0,17027234,-17307002,-279768
2011/07/29,0,11029229,-16915937,-5886708
2011/08/01,0,6797900,-29860631,-23062731
2011/08/02,0,5484027,-7099900,-1615873
2011/08/03,0,9506042,-2584000,6922042
2011/08/04,0,6522422,-13160800,-6638378
2011/08/05,0,13258646,-74341094,-61082448
2011/08/08,0,16830237,-22937000,-6106763
2011/08/09,0,10451000,-14263135,-3812135
2011/08/10,0,10912008,-25472450,-14560442
2011/08/11,0,20863000,-5313227,15549773
2011/08/12,0,12138852,-10642274,1496578
2011/08/15,0,2709033,-979034,1729999
2011/08/16,0,904000,-9091970,-8187970
2011/08/17,0,7350377,-23733364,-16382987
2011/08/18,0,7732823,-22075000,-14342177
2011/08/19,0,8858597,-2606000,6252597
2011/08/22,0,6409143,-4350000,2059143
2011/08/23,0,8549000,-20378221,-11829221
2011/08/24,0,6467403,-32117060,-25649657
2011/08/25,0,16128750,-14019757,2108993
2011/08/26,0,4102504,-9925640,-5823136
2011/08/29,0,8066000,-5448036,2617964
2011/08/30,0,7297134,-9619620,-2322486
2011/08/31,0,12004363,-2223711,9780652
2011/09/01,0,16475979,-3590436,12885543
2011/09/02,0,5114793,-12607910,-7493117
2011/09/05,0,3752000,-8965330,-5213330
2011/09/06,0,810573,-7027474,-6216901
2011/09/07,0,9165362,-8758906,406456
2011/09/08,0,14311162,-10200500,4110662
2011/09/09,0,10279000,-3796803,6482197
2011/09/12,0,0,0,0
2011/09/13,0,3952853,-9488949,-5536096
2011/09/14,0,6193018,-38352259,-32159241
2011/09/15,0,8952000,-16525052,-7573052
2011/09/16,0,12164000,-2522000,9642000
2011/09/19,0,1065930,-2079480,-1013550
2011/09/20,0,3870419,-15055880,-11185461
2011/09/21,0,10534739,-7580160,2954579
2011/09/22,0,3034604,-8689000,-5654396
2011/09/23,0,2945581,-7684688,-4739107
2011/09/26,0,2446965,-3450000,-1003035
2011/09/27,0,12210516,-8471490,3739026
2011/09/28,0,8185314,-9886000,-1700686
2011/09/29,0,6005009,-1713000,4292009
2011/09/30,0,4624001,-9283913,-4659912
2011/10/03,0,2240747,-6072917,-3832170
2011/10/04,0,6227000,-3716000,2511000
2011/10/05,0,3840000,-3331720,508280
2011/10/06,0,7899000,-1249810,6649190
2011/10/07,0,3345000,-2239500,1105500
2011/10/10,0,0,0,0
2011/10/11,0,12438000,-14937310,-2499310
2011/10/12,0,3833000,-8429161,-4596161
2011/10/13,0,3573038,-1120000,2453038
2011/10/14,0,3065524,-1179000,1886524
2011/10/17,0,6528253,-4257550,2270703
2011/10/18,0,2200040,-2604620,-404580
2011/10/19,0,1583190,-7557926,-5974736
2011/10/20,0,3190375,-7757190,-4566815
2011/10/21,0,4078444,-3868848,209596
2011/10/24,0,13857167,-13416217,440950
2011/10/25,0,15815915,-3380000,12435915
2011/10/26,0,12053000,-1309000,10744000
2011/10/27,0,12045030,-5920000,6125030
2011/10/28,0,9648000,-1291000,8357000
2011/10/31,0,5675680,-3720680,1955000
2011/11/01,0,3832000,-3485000,347000
2011/11/02,0,4509000,-1531100,2977900
2011/11/03,0,5078000,-4816000,262000
2011/11/04,0,14114000,-19248872,-5134872
2011/11/07,0,2971000,-3346528,-375528
2011/11/08,0,8359146,-2202000,6157146
2011/11/09,0,7894000,-5389000,2505000
2011/11/10,0,16733600,-17531000,-797400
2011/11/11,0,7116000,-12172848,-5056848
2011/11/14,0,1967000,-3586290,-1619290
2011/11/15,0,4277000,-2353448,1923552
2011/11/16,0,4893000,-8532382,-3639382
2011/11/17,0,3194000,-7919717,-4725717
2011/11/18,0,2782000,-12308250,-9526250
2011/11/21,0,2896000,-18206910,-15310910
2011/11/22,0,2884000,-8525327,-5641327
2011/11/23,0,5082000,-18765764,-13683764
2011/11/24,0,8225000,-2493000,5732000
2011/11/25,0,1986000,-5758450,-3772450
2011/11/28,0,1734592,-3620000,-1885408
2011/11/29,0,4261000,-2930500,1330500
2011/11/30,0,9667000,-4331193,5335807
2011/12/01,0,9183000,-31415785,-22232785
2011/12/02,0,5277000,-2698167,2578833
2011/12/05,0,5791000,-668000,5123000
2011/12/06,0,4213000,-7290888,-3077888
2011/12/07,0,7934000,-4559558,3374442
2011/12/08,0,5868000,-8275910,-2407910
2011/12/09,0,2917000,-17544000,-14627000
2011/12/12,0,1983000,-8303140,-6320140
2011/12/13,0,2084000,-7757000,-5673000
2011/12/14,0,8140000,-10455000,-2315000
2011/12/15,0,2139000,-12980420,-10841420
2011/12/16,0,6782000,-10516520,-3734520
2011/12/19,0,3456000,-23254000,-19798000
2011/12/20,0,7138000,-20464500,-13326500
2011/12/21,0,611000,-12823805,-12212805
2011/12/22,0,4255000,-2483580,1771420
2011/12/23,0,5058000,-3614000,1444000
2011/12/26,0,928000,-1186000,-258000
2011/12/27,0,3347000,-368393,2978607
2011/12/28,0,2859854,-400854,2459000
2011/12/29,0,3177000,-4178974,-1001974
2011/12/30,0,2789355,-930516,1858839
2012/01/02,0,1117000,-1931000,-814000
2012/01/03,0,3102000,-1921690,1180310
2012/01/04,0,3034000,-2311010,722990
2012/01/05,0,2662000,-2757000,-95000
2012/01/06,0,2935000,-6359000,-3424000
2012/01/09,0,3186000,-10855000,-7669000
2012/01/10,0,9186000,-13312120,-4126120
2012/01/11,0,8367000,-16932000,-8565000
2012/01/12,0,9681000,-7216000,2465000
2012/01/13,0,10641000,-3387799,7253201
2012/01/16,0,1274000,-6638970,-5364970
2012/01/17,0,4223000,-10853000,-6630000
2012/01/18,0,6069113,-5321000,748113
2012/01/19,0,0,0,0
2012/01/20,0,0,0,0
2012/01/23,0,0,0,0
2012/01/24,0,0,0,0
2012/01/25,0,0,0,0
2012/01/26,0,0,0,0
2012/01/27,0,0,0,0
2012/01/30,0,12246232,-13747360,-1501128
2012/01/31,0,12540782,-19762010,-7221228
2012/02/01,0,14582000,-7966000,6616000
2012/02/02,0,15563000,-917000,14646000
2012/02/03,0,11949000,-4531057,7417943
2012/02/06,0,14500588,-15128130,-627542
2012/02/07,0,7336000,-8721880,-1385880
2012/02/08,0,6197000,-10543000,-4346000
2012/02/09,0,3994000,-9757438,-5763438
2012/02/10,0,3506000,-6233000,-2727000
2012/02/13,0,3517000,-7458000,-3941000
2012/02/14,0,4615012,-9343180,-4728168
2012/02/15,0,11534000,-7750000,3784000
2012/02/16,0,4272000,-17112269,-12840269
2012/02/17,0,7789000,-8772000,-983000
2012/02/20,0,981000,-4245000,-3264000
2012/02/21,0,2391132,-6021000,-3629868
2012/02/22,0,11024000,-24015900,-12991900
2012/02/23,0,2129000,-4674000,-2545000
2012/02/24,0,2502800,-6797245,-4294445
2012/02/27,0,0,0,0
2012/02/28,0,0,0,0
2012/02/29,0,14536032,-21421083,-6885051
2012/03/01,0,2439192,-6698000,-4258808
2012/03/02,0,3674742,-390000,3284742
2012/03/05,0,651000,-8578000,-7927000
2012/03/06,0,7631000,-3510950,4120050
2012/03/07,0,4870000,-2850000,2020000
2012/03/08,0,4003000,-8670000,-4667000
2012/03/09,0,7911000,-2564000,5347000
2012/03/12,0,707000,-1613000,-906000
2012/03/13,0,6610000,-2264888,4345112
2012/03/14,0,17187550,-2732103,14455447
2012/03/15,0,6211000,-5176660,1034340
2012/03/16,0,7018000,-3155000,3863000
2012/03/19,0,3105000,-1878640,1226360
2012/03/20,0,1317000,-1130000,187000
2012/03/21,0,1979369,-5266369,-3287000
2012/03/22,0,2629000,-223000,2406000
2012/03/23,0,2557000,-1113456,1443544
2012/03/26,0,3628909,-8003000,-4374091
2012/03/27,0,3758000,-1853446,1904554
2012/03/28,0,541000,-1328751,-787751
2012/03/29,0,3595000,-6410000,-2815000
2012/03/30,0,9059153,-8498718,560435
2012/04/02,0,4051000,-4725000,-674000
2012/04/03,0,4024749,-9205610,-5180861
2012/04/04,0,0,0,0
2012/04/05,0,6035260,-13823530,-7788270
2012/04/06,0,1338040,-8920369,-7582329
2012/04/09,0,1331000,-8410000,-7079000
2012/04/10,0,8172000,-7657000,515000
2012/04/11,0,1622000,-6508618,-4886618
2012/04/12,0,3485000,-4467000,-982000
2012/04/13,0,1503048,-2155739,-652691
2012/04/16,0,875000,-2772000,-1897000
2012/04/17,0,5482000,-12200793,-6718793
2012/04/18,0,1792000,-4118580,-2326580
2012/04/19,0,2930000,-3073000,-143000
2012/04/20,0,2751000,-7460752,-4709752
2012/04/23,0,2689848,-3659000,-969152
2012/04/24,0,1128000,-3484630,-2356630
2012/04/25,0,3502000,-8903200,-5401200
2012/04/26,0,1482000,-8873000,-7391000
2012/04/27,0,3088112,-11322015,-8233903
2012/04/30,0,4964000,-1884397,3079603
2012/05/01,0,0,0,0
2012/05/02,0,4831000,-3264000,1567000
2012/05/03,0,3755000,-917000,2838000
2012/05/04,0,5862000,-5020000,842000
2012/05/07,0,1875000,-10845000,-8970000
2012/05/08,0,1200000,-3048110,-1848110
2012/05/09,0,1991000,-5847240,-3856240
2012/05/10,0,1796972,-3043485,-1246513
2012/05/11,0,1739811,-5444000,-3704189
2012/05/14,0,703000,-4077000,-3374000
2012/05/15,0,6100000,-3560000,2540000
2012/05/16,0,4118818,-11098918,-6980100
2012/05/17,0,8219000,-5796340,2422660
2012/05/18,0,4656000,-7915000,-3259000
2012/05/21,0,3513000,-911000,2602000
2012/05/22,0,2323000,-2964000,-641000
2012/05/23,0,2463818,-3192000,-728182
2012/05/24,0,3422000,-1662000,1760000
2012/05/25,0,3246000,-925047,2320953
2012/05/28,0,5994524,-3953524,2041000
2012/05/29,0,4735000,-966000,3769000
2012/05/30,0,9728000,-9529291,198709
2012/05/31,0,10771746,-15735191,-4963445
2012/06/01,0,3585000,-3702450,-117450
2012/06/04,0,3082251,-3803961,-721710
2012/06/05,0,3895000,-1561273,2333727
2012/06/06,0,3682000,-1789000,1893000
2012/06/07,0,11560384,-1075000,10485384
2012/06/08,0,3065019,-2014000,1051019
2012/06/11,0,6071931,-3405019,2666912
2012/06/12,0,1610000,-3325000,-1715000
2012/06/13,0,3495410,-2947135,548275
2012/06/14,0,3728707,-4523910,-795203
2012/06/15,0,5402385,-4270117,1132268
2012/06/18,0,2372332,-3255406,-883074
2012/06/19,0,1774207,-1758000,16207
2012/06/20,0,4376457,-5481216,-1104759
2012/06/21,0,960667,-5921949,-4961282
2012/06/22,0,712788,-3937848,-3225060
2012/06/25,0,602000,-4777580,-4175580
2012/06/26,0,1055000,-1379960,-324960
2012/06/27,0,4327000,-5336240,-1009240
2012/06/28,0,1500000,-5331990,-3831990
2012/06/29,0,7052007,-2092690,4959317
2012/07/02,0,2356000,-3683000,-1327000
2012/07/03,0,10771818,-530000,10241818
2012/07/04,0,2515806,-13819000,-11303194
2012/07/05,0,137051000,-32149000,104902000
2012/07/06,0,37967000,-82472000,-44505000
2012/07/09,0,4049000,-11834000,-7785000
2012/07/10,0,7939925,-11243000,-3303075
2012/07/11,0,3492000,-10228931,-6736931
2012/07/12,0,11649250,-13998417,-2349167
2012/07/13,0,4432342,-6953969,-2521627
2012/07/16,0,3616000,-1275000,2341000
2012/07/17,0,2597000,-5858000,-3261000
2012/07/18,0,1815000,-5213618,-3398618
2012/07/19,0,3185000,-2781818,403182
2012/07/20,0,3085000,-2218238,866762
2012/07/23,0,912000,-3739000,-2827000
2012/07/24,0,2808000,-1901818,906182
2012/07/25,0,16845000,-5277370,11567630
2012/07/26,0,2107000,-3085925,-978925
2012/07/27,0,7016000,-2199743,4816257
2012/07/30,0,6635946,-6106000,529946
2012/07/31,0,11754885,-2679060,9075825
2012/08/01,0,5515000,-4867000,648000
2012/08/02,0,0,0,0
2012/08/03,0,4861629,-18874818,-14013189
2012/08/06,0,9954006,-9723000,231006
2012/08/07,0,5703000,-11181000,-5478000
2012/08/08,0,13192714,-5759680,7433034
2012/08/09,0,9321000,-3134000,6187000
2012/08/10,0,9194000,-3137000,6057000
2012/08/13,0,5173884,-5546000,-372116
2012/08/14,0,6202863,-3412835,2790028
2012/08/15,0,8309000,-2717000,5592000
2012/08/16,0,4603000,-1834000,2769000
2012/08/17,0,6411000,-14224531,-7813531
2012/08/20,0,2084000,-2251000,-167000
2012/08/21,0,18829500,-4095273,14734227
2012/08/22,0,10816393,-3618000,7198393
2012/08/23,0,8163413,-13134488,-4971075
2012/08/24,0,4619000,-2958000,1661000
2012/08/27,0,6573000,-1983000,4590000
2012/08/28,0,5375904,-2574588,2801316
2012/08/29,0,19666000,-6862717,12803283
2012/08/30,0,16896000,-15157000,1739000
2012/08/31,0,72758304,-57861963,14896341
2012/09/03,0,8391195,-4553727,3837468
2012/09/04,0,3740000,-2140000,1600000
2012/09/05,0,10892000,-6562926,4329074
2012/09/06,0,1198000,-2719507,-1521507
2012/09/07,0,7982000,-3495664,4486336
2012/09/10,0,3952780,-2872090,1080690
2012/09/11,0,4005000,-7600529,-3595529
2012/09/12,0,6803000,-8857237,-2054237
2012/09/13,0,3426000,-4583894,-1157894
2012/09/14,0,17077000,-13472677,3604323
2012/09/17,0,86015000,-19255671,66759329
2012/09/18,0,6931000,-30586363,-23655363
2012/09/19,0,11646000,-15717000,-4071000
2012/09/20,0,12787576,-26143476,-13355900
2012/09/21,0,15188060,-14151039,1037021
2012/09/24,0,7833000,-3711000,4122000
2012/09/25,0,15989000,-9279000,6710000
2012/09/26,0,10100000,-7442698,2657302
2012/09/27,0,7171000,-6085080,1085920
2012/09/28,0,13652159,-8359426,5292733
2012/10/01,0,1402000,-504825,897175
2012/10/02,0,3857000,-12881000,-9024000
2012/10/03,0,1788000,-6123383,-4335383
2012/10/04,0,5239000,-5801178,-562178
2012/10/05,0,2791000,-1322000,1469000
2012/10/08,0,6170215,-540000,5630215
2012/10/09,0,15633000,-15756109,-123109
2012/10/10,0,0,0,0
2012/10/11,0,2821000,-26206767,-23385767
2012/10/12,0,12412409,-5791007,6621402
2012/10/15,0,3650000,-1326920,2323080
2012/10/16,0,13842000,-3722000,10120000
2012/10/17,0,8725000,-5536228,3188772
2012/10/18,0,3856000,-3561758,294242
2012/10/19,0,8923000,-7760911,1162089
2012/10/22,0,4027000,-1990742,2036258
2012/10/23,0,1295400,-2280288,-984888
2012/10/24,0,2917000,-7042605,-4125605
2012/10/25,0,2081000,-6093000,-4012000
2012/10/26,0,3341000,-3991000,-650000
2012/10/29,0,2183600,-2548000,-364400
2012/10/30,0,1991000,-3977000,-1986000
2012/10/31,0,4413000,-4543000,-130000
2012/11/01,0,5264000,-8498000,-3234000
2012/11/02,0,6284553,-2318000,3966553
2012/11/05,0,29988000,-29501000,487000
2012/11/06,0,2644000,-1002387,1641613
2012/11/07,0,5511436,-2883472,2627964
2012/11/08,0,9448000,-6087000,3361000
2012/11/09,0,2629268,-2722878,-93610
2012/11/12,0,2467000,-1784323,682677
2012/11/13,0,2951000,-6825000,-3874000
2012/11/14,0,4607000,-2458000,2149000
2012/11/15,0,2895000,-2926052,-31052
2012/11/16,0,3976000,-2714003,1261997
2012/11/19,0,2985000,-1516000,1469000
2012/11/20,0,1882000,-795000,1087000
2012/11/21,0,2984000,-3525600,-541600
2012/11/22,0,2829000,-6995809,-4166809
2012/11/23,0,15061000,-7982000,7079000
2012/11/26,0,8894000,-5706000,3188000
2012/11/27,0,6687564,-3637358,3050206
2012/11/28,0,6675600,-9357000,-2681400
2012/11/29,0,13137000,-8885725,4251275
2012/11/30,0,22610624,-2995068,19615556
2012/12/03,0,6565000,-2209524,4355476
2012/12/04,0,5284000,-1353000,3931000
2012/12/05,0,6172000,-1357000,4815000
2012/12/06,0,11588000,-642705,10945295
2012/12/07,0,11155000,-243000,10912000
2012/12/10,0,2853000,-665108,2187892
2012/12/11,0,9661650,-546000,9115650
2012/12/12,0,10208760,-2217000,7991760
2012/12/13,0,8049043,-1038000,7011043
2012/12/14,0,16459316,-953000,15506316
2012/12/17,0,16874930,-1372089,15502841
2012/12/18,0,8709000,-13179511,-4470511
2012/12/19,0,11462992,-1727900,9735092
2012/12/20,0,8588000,-3579000,5009000
2012/12/21,0,4921000,-2379815,2541185
2012/12/24,0,1225000,-491000,734000
2012/12/25,0,3664000,-177000,3487000
2012/12/26,0,2491000,-379628,2111372
2012/12/27,0,3463281,-610000,2853281
2012/12/28,0,4083000,-1235447,2847553
2012/12/31,0,0,0,0
2013/01/01,0,0,0,0
2013/01/02,0,4625000,-444000,4181000
2013/01/03,0,7983550,-4181550,3802000
2013/01/04,0,6934000,-3541196,3392804
2013/01/07,0,11363000,-5576974,5786026
2013/01/08,0,4170000,-3492000,678000
2013/01/09,0,4308000,-1148000,3160000
2013/01/10,0,20868000,-4727000,16141000
2013/01/11,0,5405000,-2041618,3363382
2013/01/14,0,4007000,-2827650,1179350
2013/01/15,0,4618000,-10556000,-5938000
2013/01/16,0,3693000,-4386925,-693925
2013/01/17,0,2594100,-1749000,845100
2013/01/18,0,6477000,-2694000,3783000
2013/01/21,0,1862000,-695000,1167000
2013/01/22,0,3900000,-1249843,2650157
2013/01/23,0,4167000,-3091181,1075819
2013/01/24,0,2415000,-4593722,-2178722
2013/01/25,0,7562903,-6561794,1001109
2013/01/28,0,2407000,-10188850,-7781850
2013/01/29,0,4406900,-6983198,-2576298
2013/01/30,0,6264000,-6065900,198100
2013/01/31,0,15779000,-10106388,5672612
2013/02/01,0,6545000,-1244934,5300066
2013/02/04,0,11070000,-1022612,10047388
2013/02/05,0,9428000,-6237284,3190716
2013/02/06,0,1678000,-3918997,-2240997
2013/02/07,0,0,0,0
2013/02/08,0,0,0,0
2013/02/11,0,0,0,0
2013/02/12,0,0,0,0
2013/02/13,0,0,0,0
2013/02/14,0,0,0,0
2013/02/15,0,0,0,0
2013/02/18,0,6340000,-8363695,-2023695
2013/02/19,0,5976000,-3178928,2797072
2013/02/20,0,16351000,-12419864,3931136
2013/02/21,0,9950000,-14945000,-4995000
2013/02/22,0,8563000,-11526982,-2963982
2013/02/25,0,5027534,-11243614,-6216080
2013/02/26,0,5698143,-6920128,-1221985
2013/02/27,0,5800530,-5355303,445227
2013/02/28,0,0,0,0
2013/03/01,0,7949000,-7627224,321776
2013/03/04,0,6746000,-6745000,1000
2013/03/05,0,3396000,-4052000,-656000
2013/03/06,0,3518000,-1811000,1707000
2013/03/07,0,15293000,-2786212,12506788
2013/03/08,0,7354500,-910000,6444500
2013/03/11,0,4757000,-5851422,-1094422
2013/03/12,0,6575000,-2258735,4316265
2013/03/13,0,8453000,-1825000,6628000
2013/03/14,0,1651000,-2753945,-1102945
2013/03/15,0,8374752,-16510000,-8135248
2013/03/18,0,14246000,-4033500,10212500
2013/03/19,0,2417000,-3725000,-1308000
2013/03/20,0,16267000,-8787149,7479851
2013/03/21,0,1873477,-5307000,-3433523
2013/03/22,0,5789806,-3800197,1989609
2013/03/25,0,2754000,-2115000,639000
2013/03/26,0,9132000,-3838000,5294000
2013/03/27,0,7223000,-1872000,5351000
2013/03/28,0,11393000,-3941000,7452000
2013/03/29,0,3656000,-834000,2822000
2013/04/01,0,6613069,-942000,5671069
2013/04/02,0,2800237,-1467267,1332970
2013/04/03,0,4157000,-3586000,571000
2013/04/04,0,0,0,0
2013/04/05,0,0,0,0
2013/04/08,0,20873000,-7978000,12895000
2013/04/09,0,21639000,-5734312,15904688
2013/04/10,0,20122000,-6221000,13901000
2013/04/11,0,13137701,-3141016,9996685
2013/04/12,0,4306000,-1010000,3296000
2013/04/15,0,4019410,-5361611,-1342201
2013/04/16,0,5277662,-3655750,1621912
2013/04/17,0,8232000,-11414236,-3182236
2013/04/18,0,8473000,-5123208,3349792
2013/04/19,0,3856000,-687000,3169000
2013/04/22,0,4847000,-1996000,2851000
2013/04/23,0,5619000,-1517636,4101364
2013/04/24,0,5466000,-3507250,1958750
2013/04/25,0,7904078,-1102551,6801527
2013/04/26,0,5611000,-2954385,2656615
2013/04/29,0,3422000,-1368000,2054000
2013/04/30,0,9289000,-1671802,7617198
2013/05/01,0,0,0,0
2013/05/02,0,10715000,-2770487,7944513
2013/05/03,0,4074000,-663179,3410821
2013/05/06,0,5446000,-4297668,1148332
2013/05/07,0,4981495,-1728886,3252609
2013/05/08,0,11101386,-231453,10869933
2013/05/09,0,12624029,-5746298,6877731
2013/05/10,0,14651000,-456000,14195000
2013/05/13,0,6017000,-3574000,2443000
2013/05/14,0,15559000,-6171000,9388000
2013/05/15,0,5121000,-6966919,-1845919
2013/05/16,0,5069000,-7658000,-2589000
2013/05/17,0,5010464,-1515078,3495386
2013/05/20,0,3404192,-1932716,1471476
2013/05/21,0,3311000,-3384802,-73802
2013/05/22,0,8282000,-10081000,-1799000
2013/05/23,0,4860000,-13194405,-8334405
2013/05/24,0,3742235,-3306518,435717
2013/05/27,0,1951389,-852000,1099389
2013/05/28,0,3949000,-2785000,1164000
2013/05/29,0,4608000,-10423000,-5815000
2013/05/30,0,4567000,-24624024,-20057024
2013/05/31,0,33787600,-42171060,-8383460
2013/06/03,0,6463000,-6836000,-373000
2013/06/04,0,7774000,-8048000,-274000
2013/06/05,0,5047890,-4938796,109094
2013/06/06,0,3414319,-6927924,-3513605
2013/06/07,0,4338000,-7458744,-3120744
2013/06/10,0,3577000,-7208132,-3631132
2013/06/11,0,2505364,-10325287,-7819923
2013/06/12,0,0,0,0
2013/06/13,0,2122000,-10879001,-8757001
2013/06/14,0,2811000,-9181202,-6370202
2013/06/17,0,2004014,-3664000,-1659986
2013/06/18,0,8613438,-7806884,806554
2013/06/19,0,3503942,-8045856,-4541914
2013/06/20,0,5011000,-8960660,-3949660
2013/06/21,0,3516000,-10760823,-7244823
2013/06/24,0,690000,-8411217,-7721217
2013/06/25,0,2114000,-8777035,-6663035
2013/06/26,0,8404000,-11811250,-3407250
2013/06/27,0,6796000,-2927000,3869000
2013/06/28,0,14444200,-6767000,7677200
2013/07/01,0,8206000,-2547000,5659000
2013/07/02,0,3561142,-4100792,-539650
2013/07/03,0,6146000,-7469500,-1323500
2013/07/04,0,1393000,-6208000,-4815000
2013/07/05,0,3917000,-7186000,-3269000
2013/07/08,0,2370000,-8402000,-6032000
2013/07/09,0,3416000,-3094371,321629
2013/07/10,0,3889000,-1364000,2525000
2013/07/11,0,9625426,-3914521,5710905
2013/07/12,0,8175000,-2593000,5582000
2013/07/15,0,6857775,-258000,6599775
2013/07/16,0,5767000,-884000,4883000
2013/07/17,0,12664751,-3372751,9292000
2013/07/18,0,10611000,-741252,9869748
2013/07/19,0,6936841,-2586000,4350841
2013/07/22,0,3417969,-2637000,780969
2013/07/23,0,7853000,-1230000,6623000
2013/07/24,0,2399777,-3919058,-1519281
2013/07/25,0,3546000,-3120000,426000
2013/07/26,0,4506000,-1235000,3271000
2013/07/29,0,4952000,-1727000,3225000
2013/07/30,0,7193000,-1942000,5251000
2013/07/31,0,12327000,-5059699,7267301
2013/08/01,0,5315000,-6586000,-1271000
2013/08/02,0,3271000,-6568000,-3297000
2013/08/05,0,2131742,-15959516,-13827774
2013/08/06,0,8247000,-16306000,-8059000
2013/08/07,0,1043329,-19404000,-18360671
2013/08/08,0,2548000,-20314000,-17766000
2013/08/09,0,2073000,-6483000,-4410000
2013/08/12,0,2849400,-6299208,-3449808
2013/08/13,0,4604000,-10408295,-5804295
2013/08/14,0,1695818,-9821543,-8125725
2013/08/15,0,1028000,-8206135,-7178135
2013/08/16,0,3524000,-5043870,-1519870
2013/08/19,0,1588172,-4482000,-2893828
2013/08/20,0,3667536,-8966000,-5298464
2013/08/21,0,0,0,0
2013/08/22,0,10048438,-12465902,-2417464
2013/08/23,0,3984000,-5934000,-1950000
2013/08/26,0,1067000,-1485033,-418033
2013/08/27,0,1494000,-1710000,-216000
2013/08/28,0,7074000,-3873000,3201000
2013/08/29,0,7099668,-2389000,4710668
2013/08/30,0,8976000,-4408884,4567116
2013/09/02,0,3228000,-1992000,1236000
2013/09/03,0,7752000,-3093745,4658255
2013/09/04,0,5717265,-1120000,4597265
2013/09/05,0,7469534,-898000,6571534
2013/09/06,0,5766000,-2288089,3477911
2013/09/09,0,8070000,-628208,7441792
2013/09/10,0,11063000,-5102603,5960397
2013/09/11,0,16581000,-2167591,14413409
2013/09/12,0,12726000,-2783000,9943000
2013/09/13,0,9282000,-8281435,1000565
2013/09/16,0,7256000,-9277962,-2021962
2013/09/17,0,5638000,-9572400,-3934400
2013/09/18,0,6144640,-16949141,-10804501
2013/09/19,0,0,0,0
2013/09/20,0,0,0,0
2013/09/23,0,17134600,-7207671,9926929
2013/09/24,0,6212000,-11028153,-4816153
2013/09/25,0,11811637,-10779119,1032518
2013/09/26,0,6407000,-4377908,2029092
2013/09/27,0,11867000,-2399836,9467164
2013/09/30,0,19814000,-15463883,4350117
2013/10/01,0,2563000,-1363002,1199998
2013/10/02,0,3947979,-2160751,1787228
2013/10/03,0,17370518,-2518512,14852006
2013/10/04,0,6741100,-1974781,4766319
2013/10/07,0,4947091,-1928623,3018468
2013/10/08,0,7640000,-8046014,-406014
2013/10/09,0,9017000,-4229348,4787652
2013/10/10,0,0,0,0
2013/10/11,0,15227000,-9227000,6000000
2013/10/14,0,4590000,-6029394,-1439394
2013/10/15,0,6043000,-2812245,3230755
2013/10/16,0,2987000,-1126000,1861000
2013/10/17,0,4385000,-4408001,-23001
2013/10/18,0,5863000,-409882,5453118
2013/10/21,0,4075000,-984000,3091000
2013/10/22,0,3973000,-1425763,2547237
2013/10/23,0,3051369,-1079377,1971992
2013/10/24,0,8143000,-2283996,5859004
2013/10/25,0,3008000,-6635537,-3627537
2013/10/28,0,5305000,-189000,5116000
2013/10/29,0,7059419,-1191179,5868240
2013/10/30,0,3651000,-411375,3239625
2013/10/31,0,12353983,-4015967,8338016
2013/11/01,0,3002000,-1484000,1518000
2013/11/04,0,2037000,-7000000,-4963000
2013/11/05,0,2889000,-3661669,-772669
2013/11/06,0,4326400,-11552598,-7226198
2013/11/07,0,8404000,-9587545,-1183545
2013/11/08,0,5897000,-2978008,2918992
2013/11/11,0,7158000,-6256272,901728
2013/11/12,0,3793000,-4580000,-787000
2013/11/13,0,6468404,-4442000,2026404
2013/11/14,0,10070000,-14629165,-4559165
2013/11/15,0,6227000,-2258131,3968869
2013/11/18,0,7454000,-1857000,5597000
2013/11/19,0,13431000,-2547000,10884000
2013/11/20,0,23896000,-7977507,15918493
2013/11/21,0,9005000,-9163000,-158000
2013/11/22,0,6798000,-7923888,-1125888
2013/11/25,0,6111000,-7793096,-1682096
2013/11/26,0,10200361,-8216922,1983439
2013/11/27,0,6437091,-6617942,-180851
2013/11/28,0,5236000,-428000,4808000
2013/11/29,0,4083000,-3444000,639000
2013/12/02,0,3846091,-7593735,-3747644
2013/12/03,0,3493765,-3781004,-287239
2013/12/04,0,3621000,-2616100,1004900
2013/12/05,0,1247000,-2685065,-1438065
2013/12/06,0,4091000,-6106813,-2015813
2013/12/09,0,6238000,-4931335,1306665
2013/12/10,0,2669000,-2011100,657900
2013/12/11,0,7113000,-3473000,3640000
2013/12/12,0,1416038,-5164856,-3748818
2013/12/13,0,3515000,-6016000,-2501000
2013/12/16,0,1177001,-3348884,-2171883
2013/12/17,0,3456000,-7269333,-3813333
2013/12/18,0,4316000,-6719684,-2403684
2013/12/19,0,6724000,-6487000,237000
2013/12/20,0,4168000,-10407150,-6239150
2013/12/23,0,3259000,-4917000,-1658000
2013/12/24,0,1983000,-5569000,-3586000
2013/12/25,0,767177,-266000,501177
2013/12/26,0,1476233,-520000,956233
2013/12/27,0,3684000,-713000,2971000
2013/12/30,0,3568000,-780000,2788000
2013/12/31,0,2633000,-634036,1998964
2014/01/02,0,2730500,-4512318,-1781818
2014/01/03,0,1553000,-4156000,-2603000
2014/01/06,0,1285000,-3346276,-2061276
2014/01/07,0,3312000,-3758000,-446000
2014/01/08,0,4453000,-3007000,1446000
2014/01/09,0,7212000,-2592000,4620000
2014/01/10,0,6743000,-2822517,3920483
2014/01/13,0,2400202,-462455,1937747
2014/01/14,0,1231000,-4250000,-3019000
2014/01/15,0,4191000,-3765985,425015
2014/01/16,0,2587000,-1943683,643317
2014/01/17,0,1740973,-2920808,-1179835
2014/01/20,0,1524000,-871000,653000
2014/01/21,0,732000,-3645666,-2913666
2014/01/22,0,4157000,-4493000,-336000
2014/01/23,0,1749450,-5452000,-3702550
2014/01/24,0,8796950,-7870000,926950
2014/01/27,0,4272000,-18103077,-13831077
2014/02/05,0,11241480,-29237081,-17995601
2014/02/06,0,3600000,-13297519,-9697519
2014/02/07,0,3532000,-6968031,-3436031
2014/02/10,0,935000,-11564368,-10629368
2014/02/11,0,3290515,-5379390,-2088875
2014/02/12,0,4455000,-6599838,-2144838
2014/02/13,0,1277362,-3764342,-2486980
2014/02/14,0,5631000,-1994241,3636759
2014/02/17,0,1440000,-1186000,254000
2014/02/18,0,2236000,-1323224,912776
2014/02/19,0,4351000,-1879000,2472000
2014/02/20,0,4470000,-3629120,840880
2014/02/21,0,6599000,-2985000,3614000
2014/02/24,0,3688000,-5012089,-1324089
2014/02/25,0,3301208,-2714640,586568
2014/02/26,0,6037000,-8283503,-2246503
2014/02/27,0,5050893,-10762234,-5711341
2014/03/03,0,8908000,-18132645,-9224645
2014/03/04,0,3183000,-5184922,-2001922
2014/03/05,0,2267000,-5451135,-3184135
2014/03/06,0,6629190,-3540227,3088963
2014/03/07,0,4273000,-3703000,570000
2014/03/10,0,3683000,-8966530,-5283530
2014/03/11,0,993000,-9003061,-8010061
2014/03/12,0,2762000,-16605455,-13843455
2014/03/13,0,1968000,-12692510,-10724510
2014/03/14,0,2166000,-6679263,-4513263
2014/03/17,0,1219000,-3716600,-2497600
2014/03/18,0,5645000,-6927000,-1282000
2014/03/19,0,3667000,-5688403,-2021403
2014/03/20,0,533000,-9037068,-8504068
2014/03/21,0,6199000,-10907666,-4708666
2014/03/24,0,2988000,-3424995,-436995
2014/03/25,0,1931000,-6953232,-5022232
2014/03/26,0,1743061,-5667337,-3924276
2014/03/27,0,6679000,-7048000,-369000
2014/03/28,0,5073000,-2639253,2433747
2014/03/31,0,5391510,-11337400,-5945890
2014/04/01,0,2855000,-4505590,-1650590
2014/04/02,0,3745000,-11130848,-7385848
2014/04/03,0,4197000,-6237473,-2040473
2014/04/07,0,6050000,-7437163,-1387163
2014/04/08,0,2825262,-302000,2523262
2014/04/09,0,7518472,-8992588,-1474116
2014/04/10,0,6666387,-5591011,1075376
2014/04/11,0,3350420,-2613000,737420
2014/04/14,0,1881000,-1600000,281000
2014/04/15,0,2477000,-9047000,-6570000
2014/04/16,0,3832000,-5345000,-1513000
2014/04/17,0,2598000,-8897000,-6299000
2014/04/18,0,2210000,-977000,1233000
2014/04/21,0,742000,-1299000,-557000
2014/04/22,0,698000,-2406268,-1708268
2014/04/23,0,741401,-3562064,-2820663
2014/04/24,0,2839000,-3662012,-823012
2014/04/25,0,4087747,-4020132,67615
2014/04/28,0,2139000,-4338319,-2199319
2014/04/29,0,1304000,-3410672,-2106672
2014/04/30,0,3942000,-15141078,-11199078
2014/05/02,0,1560000,-2034893,-474893
2014/05/05,0,3946000,-1798282,2147718
2014/05/06,0,2865000,-1092000,1773000
2014/05/07,0,1676000,-8183000,-6507000
2014/05/08,0,6905437,-6008253,897184
2014/05/09,0,3608000,-4511971,-903971
2014/05/12,0,1847262,-1560329,286933
2014/05/13,0,3391000,-3194000,197000
2014/05/14,0,12840000,-10081425,2758575
2014/05/15,0,16703000,-1374000,15329000
2014/05/16,0,7905000,-2082759,5822241
2014/05/19,0,6351053,-1013438,5337615
2014/05/20,0,3196936,-3425188,-228252
2014/05/21,0,6592000,-2601187,3990813
2014/05/22,0,3155000,-1070000,2085000
2014/05/23,0,5787000,-2599893,3187107
2014/05/26,0,1058000,-260000,798000
2014/05/27,0,2845000,-554000,2291000
2014/05/28,0,6988000,-1680295,5307705
2014/05/29,0,8268000,-2532582,5735418
2014/05/30,0,42048196,-28323100,13725096
2014/06/03,0,10257000,-5198433,5058567
2014/06/04,0,2531000,-5674000,-3143000
2014/06/05,0,3584000,-2287850,1296150
2014/06/06,0,1552000,-1021000,531000
2014/06/09,0,1340000,-192000,1148000
2014/06/10,0,7954618,-333000,7621618
2014/06/11,0,10976000,-995000,9981000
2014/06/12,0,7119000,-4639026,2479974
2014/06/13,0,12445400,-3768102,8677298
2014/06/16,0,5560000,-3125885,2434115
2014/06/17,0,10586000,-3801283,6784717
2014/06/18,0,11778114,-4888000,6890114
2014/06/19,0,5623962,-3041760,2582202
2014/06/20,0,8941200,-5398045,3543155
2014/06/23,0,3715000,-5729604,-2014604
2014/06/24,0,2428000,-5513073,-3085073
2014/06/25,0,7489000,-1477375,6011625
2014/06/26,0,3460346,-1236732,2223614
2014/06/27,0,3902792,-5678344,-1775552
2014/06/30,0,3239000,-2757104,481896
2014/07/01,0,4555000,-636717,3918283
2014/07/02,0,6811524,-1741039,5070485
2014/07/03,0,617000,-2171000,-1554000
2014/07/04,0,1108805,-1460000,-351195
2014/07/07,0,4161000,-2201909,1959091
2014/07/08,0,5584000,-4256000,1328000
2014/07/09,0,16175710,-1955800,14219910
2014/07/10,0,7554000,-9331000,-1777000
2014/07/11,0,2409000,-6710764,-4301764
2014/07/14,0,2887000,-2012615,874385
2014/07/15,0,3929886,-4125000,-195114
2014/07/16,0,5541000,-3105000,2436000
2014/07/17,0,5522688,-3940773,1581915
2014/07/18,0,4568775,-578178,3990597
2014/07/21,0,1760000,-2067449,-307449
2014/07/22,0,9938775,-5928500,4010275
2014/07/23,0,0,0,0
2014/07/24,0,5671000,-9602000,-3931000
2014/07/25,0,5635000,-11049464,-5414464
2014/07/28,0,8522058,-2044851,6477207
2014/07/29,0,10541000,-3170000,7371000
2014/07/30,0,10218000,-4874000,5344000
2014/07/31,0,6327000,-10739304,-4412304
2014/08/01,0,1542000,-1094449,447551
2014/08/04,0,8357602,-9243000,-885398
2014/08/05,0,5256000,-11780265,-6524265
2014/08/06,0,7017000,-3397000,3620000
2014/08/07,0,3013068,-4484038,-1470970
2014/08/08,0,4100000,-4838729,-738729
2014/08/11,0,3781000,-2046582,1734418
2014/08/12,0,7636000,-2782621,4853379
2014/08/13,0,5638000,-423000,5215000
2014/08/14,0,2094000,-4348000,-2254000
2014/08/15,0,6209000,-2642621,3566379
2014/08/18,0,2114000,-3903000,-1789000
2014/08/19,0,11179291,-3023000,8156291
2014/08/20,0,8149454,-4185000,3964454
2014/08/21,0,13305000,-15563472,-2258472
2014/08/22,0,16676801,-10463400,6213401
2014/08/25,0,8554000,-13147915,-4593915
2014/08/26,0,10962577,-5030946,5931631
2014/08/27,0,18671116,-3285000,15386116
2014/08/28,0,16707134,-5774000,10933134
2014/08/29,0,24342000,-21652000,2690000
2014/09/01,0,4540000,-4563000,-23000
2014/09/02,0,13479000,-5262000,8217000
2014/09/03,0,21278126,-3536420,17741706
2014/09/04,0,13268884,-6341000,6927884
2014/09/05,0,8419000,-7047390,1371610
2014/09/09,0,11235545,-4886708,6348837
2014/09/10,0,11828346,-9922062,1906284
2014/09/11,0,10384000,-7815178,2568822
2014/09/12,0,15109257,-2157473,12951784
2014/09/15,0,1695345,-7321373,-5626028
2014/09/16,0,6231517,-4767000,1464517
2014/09/17,0,18320000,-11175968,7144032
2014/09/18,0,8218549,-2639211,5579338
2014/09/19,0,9001539,-10015449,-1013910
2014/09/22,0,10010317,-8298000,1712317
2014/09/23,0,6950000,-4517262,2432738
2014/09/24,0,2877721,-1807000,1070721
2014/09/25,0,12179000,-2755910,9423090
2014/09/26,0,2135000,-7661422,-5526422
2014/09/29,0,7691000,-11988090,-4297090
2014/09/30,0,10870600,-16726305,-5855705
2014/10/01,0,6560000,-6845280,-285280
2014/10/02,0,4105000,-9800000,-5695000
2014/10/03,0,4181977,-3328000,853977
2014/10/06,0,680060,-9854938,-9174878
2014/10/07,0,8476000,-9432000,-956000
2014/10/08,0,5994620,-19058265,-13063645
2014/10/09,0,8676091,-7606098,1069993
2014/10/13,0,7274000,-15332682,-8058682
2014/10/14,0,5336000,-10048080,-4712080
2014/10/15,0,7541000,-10468422,-2927422
2014/10/16,0,4648073,-7469352,-2821279
2014/10/17,0,9359000,-12093686,-2734686
2014/10/20,0,5167175,-2300166,2867009
2014/10/21,0,3930000,-4601424,-671424
2014/10/22,0,2941977,-3099000,-157023
2014/10/23,0,307977,-936000,-628023
2014/10/24,0,1351000,-3127632,-1776632
2014/10/27,0,4403000,-1829007,2573993
2014/10/28,0,11179000,-800000,10379000
2014/10/29,0,5799930,-2553866,3246064
2014/10/30,0,5579700,-7776154,-2196454
2014/10/31,0,6240000,-5568000,672000
2014/11/03,0,4221000,-2601095,1619905
2014/11/04,0,6840000,-1925000,4915000
2014/11/05,0,2603000,-3480604,-877604
2014/11/06,0,2339700,-2134000,205700
2014/11/07,0,2636000,-8795243,-6159243
2014/11/10,0,8573000,-7192600,1380400
2014/11/11,0,2803000,-4569465,-1766465
2014/11/12,0,1720000,-12645377,-10925377
2014/11/13,0,4056000,-5977882,-1921882
2014/11/14,0,8449378,-13033971,-4584593
2014/11/17,0,5975000,-6584370,-609370
2014/11/18,0,6067765,-6510206,-442441
2014/11/19,0,16187328,-11189000,4998328
2014/11/20,0,5698000,-5602067,95933
2014/11/21,0,5724000,-5995000,-271000
2014/11/24,0,3880000,-4231861,-351861
2014/11/25,0,5501552,-11015599,-5514047
2014/11/26,0,2572000,-5704831,-3132831
2014/11/27,0,4055000,-3643167,411833
2014/11/28,0,3539376,-3521902,17474
2014/12/01,0,969000,-8235686,-7266686
2014/12/02,0,1114000,-11102150,-9988150
2014/12/03,0,4629000,-2961000,1668000
2014/12/04,0,6795800,-6495651,300149
2014/12/05,0,1113000,-1106218,6782
2014/12/08,0,1042000,-3565065,-2523065
2014/12/09,0,5518773,-18176000,-12657227
2014/12/10,0,5125000,-18430262,-13305262
2014/12/11,0,3078000,-5113160,-2035160
2014/12/12,0,2853765,-13356423,-10502658
2014/12/15,0,837000,-10016415,-9179415
2014/12/16,0,2906489,-15060075,-12153586
2014/12/17,0,7941000,-27059117,-19118117
2014/12/18,0,2564000,-13183744,-10619744
2014/12/19,0,8420024,-4905870,3514154
2014/12/22,0,3369000,-7677154,-4308154
2014/12/23,0,2654000,-3465000,-811000
2014/12/24,0,3945000,-3091000,854000
2014/12/25,0,1753000,-1720000,33000
2014/12/26,0,2147000,-1166000,981000
2014/12/29,0,5487000,-1991000,3496000
2014/12/30,0,2939000,-1833000,1106000
2014/12/31,0,2432000,-1692636,739364
2015/01/01,0,0,0,0
2015/01/02,0,0,0,0
2015/01/05,0,3879000,-9954816,-6075816
2015/01/06,0,2491000,-11754243,-9263243
2015/01/07,0,2565000,-9622667,-7057667
2015/01/08,0,5413000,-8587947,-3174947
2015/01/09,0,4796000,-2939193,1856807
2015/01/12,0,1238000,-6587249,-5349249
2015/01/13,0,6461826,-3530001,2931825
2015/01/14,0,7168000,-13636318,-6468318
2015/01/15,0,2019000,-5775000,-3756000
2015/01/16,0,1264000,-10481123,-9217123
2015/01/19,0,3895000,-4149000,-254000
2015/01/20,0,5008000,-2628135,2379865
2015/01/21,0,4879000,-6360165,-1481165
2015/01/22,0,5898000,-3419211,2478789
2015/01/23,0,8561000,-12610560,-4049560
2015/01/26,0,11757851,-2457113,9300738
2015/01/27,0,6479000,-3608000,2871000
2015/01/28,0,4215000,-2412291,1802709
2015/01/29,0,5337000,-8508291,-3171291
2015/01/30,0,4680000,-8709447,-4029447
2015/02/02,0,6573700,-3820600,2753100
2015/02/03,0,3806000,-3024122,781878
2015/02/04,0,6023003,-4321575,1701428
2015/02/05,0,3246000,-1792740,1453260
2015/02/06,0,2867000,-3944535,-1077535
2015/02/09,0,1797454,-3490432,-1692978
2015/02/10,0,3218000,-5890262,-2672262
2015/02/11,0,4478976,-6326463,-1847487
2015/02/12,0,3458001,-4093099,-635098
2015/02/13,0,12212748,-3087915,9124833
2015/02/16,0,0,0,0
2015/02/17,0,0,0,0
2015/02/18,0,0,0,0
2015/02/19,0,0,0,0
2015/02/20,0,0,0,0
2015/02/23,0,0,0,0
2015/02/24,0,13048400,-17315222,-4266822
2015/02/25,0,4502000,-1168790,3333210
2015/02/26,0,4817000,-5003703,-186703
2015/02/27,0,0,0,0
2015/03/02,0,4185900,-14095169,-9909269
2015/03/03,0,3477095,-5713577,-2236482
2015/03/04,0,1765000,-3023000,-1258000
2015/03/05,0,4059000,-10905000,-6846000
2015/03/06,0,3762000,-5058972,-1296972
2015/03/09,0,9112000,-13341000,-4229000
2015/03/10,0,1275276,-12104865,-10829589
2015/03/11,0,5820000,-11451552,-5631552
2015/03/12,0,6101000,-9608493,-3507493
2015/03/13,0,1701000,-5774862,-4073862
2015/03/16,0,4160100,-4798167,-638067
2015/03/17,0,10583549,-6571799,4011750
2015/03/18,0,22384300,-3213639,19170661
2015/03/19,0,12769900,-1310484,11459416
2015/03/20,0,12995000,-15945851,-2950851
2015/03/23,0,1820600,-2499000,-678400
2015/03/24,0,2423977,-3877000,-1453023
2015/03/25,0,1038000,-5429000,-4391000
2015/03/26,0,7475000,-2434549,5040451
2015/03/27,0,3897000,-7644668,-3747668
2015/03/30,0,8194430,-5181930,3012500
2015/03/31,0,16161000,-5966000,10195000
2015/04/01,0,7297000,-5608000,1689000
2015/04/02,0,7787765,-981000,6806765
2015/04/03,0,0,0,0
2015/04/06,0,0,0,0
2015/04/07,0,6878653,-1545999,5332654
2015/04/08,0,6630400,-4507755,2122645
2015/04/09,0,4001000,-2831000,1170000
2015/04/10,0,6091000,-5443000,648000
2015/04/13,0,2536000,-2012000,524000
2015/04/14,0,2356000,-5250949,-2894949
2015/04/15,0,4523500,-10732000,-6208500
2015/04/16,0,12458000,-2828854,9629146
2015/04/17,0,7950095,-4111073,3839022
2015/04/20,0,6409000,-9360061,-2951061
2015/04/21,0,11785000,-1888000,9897000
2015/04/22,0,8257000,-4788000,3469000
2015/04/23,0,22535000,-10703415,11831585
2015/04/24,0,17296000,-12392608,4903392
2015/04/27,0,13668000,-7598000,6070000
2015/04/28,0,16561000,-6646000,9915000
2015/04/29,0,8210000,-5776000,2434000
2015/04/30,0,10907000,-11126173,-219173
2015/05/01,0,0,0,0
2015/05/04,0,6049000,-2107000,3942000
2015/05/05,0,8743000,-3629000,5114000
2015/05/06,0,5688000,-5230000,458000
2015/05/07,0,4200881,-8957357,-4756476
2015/05/08,0,5727977,-5281674,446303
2015/05/11,0,6242000,-5531189,710811
2015/05/12,0,5453000,-8147142,-2694142
2015/05/13,0,880000,-19814151,-18934151
2015/05/14,0,5023500,-24208226,-19184726
2015/05/15,0,2293000,-13502200,-11209200
2015/05/18,0,3146500,-10523166,-7376666
2015/05/19,0,11109477,-10795000,314477
2015/05/20,0,8662000,-19360790,-10698790
2015/05/21,0,11186000,-23409755,-12223755
2015/05/22,0,7313000,-12527176,-5214176
2015/05/25,0,3669000,-2247000,1422000
2015/05/26,0,7524000,-12553846,-5029846
2015/05/27,0,8462000,-10231783,-1769783
2015/05/28,0,15201000,-11016912,4184088
2015/05/29,0,20797459,-31593412,-10795953
2015/06/01,0,4262300,-9506000,-5243700
2015/06/02,0,4548000,-8774000,-4226000
2015/06/03,0,2838000,-12718157,-9880157
2015/06/04,0,9674000,-37587886,-27913886
2015/06/05,0,4649000,-21442432,-16793432
2015/06/08,0,1678000,-13575052,-11897052
2015/06/09,0,3544000,-21573865,-18029865
2015/06/10,0,4221000,-12196360,-7975360
2015/06/11,0,4786000,-13415270,-8629270
2015/06/12,0,6185710,-8657512,-2471802
2015/06/15,0,3576000,-6936000,-3360000
2015/06/16,0,3542000,-9710000,-6168000
2015/06/17,0,8025000,-18683467,-10658467
2015/06/18,0,5900558,-17135263,-11234705
2015/06/19,0,0,0,0
2015/06/22,0,8035000,-11890540,-3855540
2015/06/23,0,7076000,-5773000,1303000
2015/06/24,0,2961767,-9688725,-6726958
2015/06/25,0,7227860,-12242409,-5014549
2015/06/26,0,7751000,-8411973,-660973
2015/06/29,0,3117000,-8923689,-5806689
2015/06/30,0,9188238,-8681621,506617
2015/07/01,0,3314000,-5732884,-2418884
2015/07/02,0,3446000,-6652000,-3206000
2015/07/03,0,2128000,-7834691,-5706691
2015/07/06,0,1853219,-6306000,-4452781
2015/07/07,0,8100000,-7885476,214524
2015/07/08,0,1866000,-19892297,-18026297
2015/07/09,0,2719000,-12814371,-10095371
2015/07/10,0,0,0,0
2015/07/13,0,5034000,-10029389,-4995389
2015/07/14,0,6577000,-7699000,-1122000
2015/07/15,0,3777000,-6120911,-2343911
2015/07/16,0,3924000,-2286727,1637273
2015/07/17,0,3281000,-7535454,-4254454
2015/07/20,0,1782000,-2751000,-969000
2015/07/21,0,4523000,-6235654,-1712654
2015/07/22,0,4414000,-9254521,-4840521
2015/07/23,0,2738000,-2857000,-119000
2015/07/24,0,1096765,-3489201,-2392436
2015/07/27,0,1566000,-7860000,-6294000
2015/07/28,0,2501666,-15113774,-12612108
2015/07/29,0,2240089,-8868837,-6628748
2015/07/30,0,4111000,-5531485,-1420485
2015/07/31,0,6983788,-11128000,-4144212
2015/08/03,0,3188990,-5482088,-2293098
2015/08/04,0,5199000,-1606761,3592239
2015/08/05,0,8243000,-5743000,2500000
2015/08/06,0,974000,-7149000,-6175000
2015/08/07,0,906010,-5905117,-4999107
2015/08/10,0,3501308,-2673308,828000
2015/08/11,0,7092000,-13986000,-6894000
2015/08/12,0,7473300,-17393259,-9919959
2015/08/13,0,4169000,-11452233,-7283233
2015/08/14,0,2889600,-10336000,-7446400
2015/08/17,0,711100,-6943606,-6232506
2015/08/18,0,5115000,-9120462,-4005462
2015/08/19,0,6417000,-14088008,-7671008
2015/08/20,0,3108000,-10642000,-7534000
2015/08/21,0,8660000,-9243023,-583023
2015/08/24,0,9936000,-12422000,-2486000
2015/08/25,0,16039000,-6980871,9058129
2015/08/26,0,12122000,-9168158,2953842
2015/08/27,0,9717000,-11278000,-1561000
2015/08/28,0,7838000,-5485554,2352446
2015/08/31,0,20125023,-17522013,2603010
2015/09/01,0,12065000,-5451000,6614000
2015/09/02,0,12531000,-5858095,6672905
2015/09/03,0,3579000,-4493000,-914000
2015/09/04,0,2354095,-4439151,-2085056
2015/09/07,0,1642000,-5716561,-4074561
2015/09/08,0,5534000,-5059312,474688
2015/09/09,0,13668889,-4327891,9340998
2015/09/10,0,13536000,-3076000,10460000
2015/09/11,0,1768000,-2152000,-384000
2015/09/14,0,5068000,-5795000,-727000
2015/09/15,0,3796000,-3217182,578818
2015/09/16,0,12535000,-6394134,6140866
2015/09/17,0,13656000,-6128803,7527197
2015/09/18,0,7904930,-7358812,546118
2015/09/21,0,3847000,-11550772,-7703772
2015/09/22,0,4146000,-5125592,-979592
2015/09/23,0,5939000,-16991290,-11052290
2015/09/24,0,4566000,-7623000,-3057000
2015/09/25,0,6064000,-4305100,1758900
2015/09/28,0,0,0,0
2015/09/29,0,0,0,0
2015/09/30,0,13407253,-23037054,-9629801
2015/10/01,0,9966524,-9415000,551524
2015/10/02,0,5101000,-3260000,1841000
2015/10/05,0,2802000,-4906231,-2104231
2015/10/06,0,6769000,-7140797,-371797
2015/10/07,0,8060984,-3596133,4464851
2015/10/08,0,4476000,-7427000,-2951000
2015/10/09,0,0,0,0
2015/10/12,0,7767000,-9725051,-1958051
2015/10/13,0,9281330,-9991514,-710184
2015/10/14,0,2428000,-7444000,-5016000
2015/10/15,0,12704000,-2088388,10615612
2015/10/16,0,6314000,-2994000,3320000
2015/10/19,0,5319000,-2271091,3047909
2015/10/20,0,9282000,-4985725,4296275
2015/10/21,0,5002000,-6444634,-1442634
2015/10/22,0,5116000,-3663000,1453000
2015/10/23,0,8584000,-7647310,936690
2015/10/26,0,9121000,-3622512,5498488
2015/10/27,0,8558000,-8881505,-323505
2015/10/28,0,5119200,-5891004,-771804
2015/10/29,0,4168000,-10666241,-6498241
2015/10/30,0,8318000,-9016000,-698000
2015/11/02,0,4618000,-3560444,1057556
2015/11/03,0,16060000,-4421244,11638756
2015/11/04,0,13502000,-5593400,7908600
2015/11/05,0,5690000,-2020000,3670000
2015/11/06,0,2691000,-12678000,-9987000
2015/11/09,0,2602924,-5362000,-2759076
2015/11/10,0,2574000,-14426000,-11852000
2015/11/11,0,4747699,-16104707,-11357008
2015/11/12,0,3136061,-6936000,-3799939
2015/11/13,0,6493000,-17226289,-10733289
2015/11/16,0,2252000,-10323457,-8071457
2015/11/17,0,4553000,-6833000,-2280000
2015/11/18,0,819000,-16427905,-15608905
2015/11/19,0,5656000,-10069000,-4413000
2015/11/20,0,3222000,-5130971,-1908971
2015/11/23,0,4013000,-9475136,-5462136
2015/11/24,0,5739000,-13747761,-8008761
2015/11/25,0,3354000,-11406000,-8052000
2015/11/26,0,6066000,-3834000,2232000
2015/11/27,0,1173000,-4770000,-3597000
2015/11/30,0,18481000,-40871990,-22390990
2015/12/01,0,11700000,-13321386,-1621386
2015/12/02,0,4495000,-8730000,-4235000
2015/12/03,0,3754000,-10287600,-6533600
2015/12/04,0,3060000,-14524742,-11464742
2015/12/07,0,6124000,-5487741,636259
2015/12/08,0,4909000,-16904309,-11995309
2015/12/09,0,12062000,-12422000,-360000
2015/12/10,0,17399000,-21813127,-4414127
2015/12/11,0,8500982,-22886782,-14385800
2015/12/14,0,3272000,-13522485,-10250485
2015/12/15,0,7390000,-12480122,-5090122
2015/12/16,0,5032000,-6672000,-1640000
2015/12/17,0,4097000,-8376000,-4279000
2015/12/18,0,7096619,-10264620,-3168001
2015/12/21,0,3397000,-5902000,-2505000
2015/12/22,0,1683376,-3491364,-1807988
2015/12/23,0,4374000,-2537903,1836097
2015/12/24,0,5466000,-1061000,4405000
2015/12/25,0,1160000,-908000,252000
2015/12/28,0,3143000,-1822000,1321000
2015/12/29,0,1356000,-2010000,-654000
2015/12/30,0,2828000,-4441644,-1613644
2015/12/31,0,3145313,-1648000,1497313
2016/01/01,0,0,0,0
2016/01/04,0,1950360,-12000000,-10049640
2016/01/05,0,5470241,-11066343,-5596102
2016/01/06,0,7900263,-7700000,200263
2016/01/07,0,5784136,-12937274,-7153138
2016/01/08,0,3457000,-16689722,-13232722
2016/01/11,0,5616000,-33370000,-27754000
2016/01/12,0,4220000,-13339000,-9119000
2016/01/13,0,7635000,-10612077,-2977077
2016/01/14,0,7386765,-9866000,-2479235
2016/01/15,0,7358000,-19189491,-11831491
2016/01/18,0,3949385,-12326000,-8376615
2016/01/19,0,1628000,-9804196,-8176196
2016/01/20,0,3066000,-13890000,-10824000
2016/01/21,0,2753534,-14698000,-11944466
2016/01/22,0,2562000,-8760874,-6198874
2016/01/25,0,5598000,-6619000,-1021000
2016/01/26,0,1787000,-19295000,-17508000
2016/01/27,0,6243000,-12352409,-6109409
2016/01/28,0,6171000,-8971852,-2800852
2016/01/29,0,17079068,-12273826,4805242
2016/02/01,0,5557000,-8649000,-3092000
2016/02/02,0,7381801,-16752621,-9370820
2016/02/03,0,2877000,-13908668,-11031668
2016/02/04,0,0,0,0
2016/02/05,0,0,0,0
2016/02/08,0,0,0,0
2016/02/09,0,0,0,0
2016/02/10,0,0,0,0
2016/02/11,0,0,0,0
2016/02/12,0,0,0,0
2016/02/15,0,8334765,-19377185,-11042420
2016/02/16,0,14255000,-1945045,12309955
2016/02/17,0,4143530,-3776000,367530
2016/02/18,0,7419000,-4138400,3280600
2016/02/19,0,3434000,-12033285,-8599285
2016/02/22,0,3656000,-5523396,-1867396
2016/02/23,0,6234558,-5465875,768683
2016/02/24,0,2968000,-7778811,-4810811
2016/02/25,0,7940590,-4707038,3233552
2016/02/26,0,9467000,-5440049,4026951
2016/02/29,0,0,0,0
2016/03/01,0,4686214,-10889337,-6203123
2016/03/02,0,9453000,-6479127,2973873
2016/03/03,0,9745000,-13619000,-3874000
2016/03/04,0,17839837,-14098000,3741837
2016/03/07,0,11425000,-5017000,6408000
2016/03/08,0,14965000,-9368208,5596792
2016/03/09,0,12224000,-9000263,3223737
2016/03/10,0,7854000,-4134390,3719610
2016/03/11,0,10250000,-9211168,1038832
2016/03/14,0,6326000,-8390005,-2064005
2016/03/15,0,5845000,-4290360,1554640
2016/03/16,0,7552000,-4733000,2819000
2016/03/17,0,13455000,-8593000,4862000
2016/03/18,0,18557797,-11669200,6888597
2016/03/21,0,4045000,-9899000,-5854000
2016/03/22,0,4575018,-8892415,-4317397
2016/03/23,0,4261000,-4980434,-719434
2016/03/24,0,4569000,-4383933,185067
2016/03/25,0,1014000,-1444000,-430000
2016/03/28,0,1762000,-2470000,-708000
2016/03/29,0,3773000,-12291789,-8518789
2016/03/30,0,14900000,-3107000,11793000
2016/03/31,0,16025000,-22718014,-6693014
2016/04/01,0,6322239,-12362710,-6040471
2016/04/04,0,0,0,0
2016/04/05,0,0,0,0
2016/04/06,0,6481309,-18350911,-11869602
2016/04/07,0,7252711,-8383000,-1130289
2016/04/08,0,6953000,-10454000,-3501000
2016/04/11,0,4411000,-10204170,-5793170
2016/04/12,0,6586000,-6250777,335223
2016/04/13,0,15051000,-8970600,6080400
2016/04/14,0,8008000,-5386630,2621370
2016/04/15,0,12157226,-3546000,8611226
2016/04/18,0,5299974,-5507915,-207941
2016/04/19,0,13044000,-8223953,4820047
2016/04/20,0,4090855,-9680000,-5589145
2016/04/21,0,3431000,-4386000,-955000
2016/04/22,0,5537000,-1994000,3543000
2016/04/25,0,7974000,-4290000,3684000
2016/04/26,0,14089135,-7162000,6927135
2016/04/27,0,15841000,-12159047,3681953
2016/04/28,0,10520754,-16459000,-5938246
2016/04/29,0,9106000,-7803000,1303000
2016/05/02,0,0,0,0
2016/05/03,0,3968000,-10915198,-6947198
2016/05/04,0,6307000,-11809287,-5502287
2016/05/05,0,2778158,-11402000,-8623842
2016/05/06,0,7745100,-13490000,-5744900
2016/05/09,0,8214000,-10193200,-1979200
2016/05/10,0,11174000,-6849000,4325000
2016/05/11,0,4986000,-11227000,-6241000
2016/05/12,0,3268554,-6367000,-3098446
2016/05/13,0,3054000,-12740000,-9686000
2016/05/16,0,5308000,-6968000,-1660000
2016/05/17,0,4208000,-6836000,-2628000
2016/05/18,0,6261026,-7593000,-1331974
2016/05/19,0,11343446,-13663000,-2319554
2016/05/20,0,6996764,-6190000,806764
2016/05/23,0,9597755,-7511000,2086755
2016/05/24,0,5229000,-6796000,-1567000
2016/05/25,0,3770000,-2283000,1487000
2016/05/26,0,2468000,-2570000,-102000
2016/05/27,0,7090000,-1487598,5602402
2016/05/30,0,7986000,-2005439,5980561
2016/05/31,0,22315000,-17114390,5200610
2016/06/01,0,10766000,-3677801,7088199
2016/06/02,0,7570000,-3515000,4055000
2016/06/03,0,7005000,-1460000,5545000
2016/06/06,0,6133000,-2075216,4057784
2016/06/07,0,13064000,-6663000,6401000
2016/06/08,0,15517000,-1711000,13806000
2016/06/09,0,0,0,0
2016/06/10,0,0,0,0
2016/06/13,0,5448796,-6383000,-934204
2016/06/14,0,6154000,-1466000,4688000
2016/06/15,0,3603000,-3216422,386578
2016/06/16,0,4004000,-7145000,-3141000
2016/06/17,0,7578000,-2642605,4935395
2016/06/20,0,4653000,-918000,3735000
2016/06/21,0,9903000,-2898430,7004570
2016/06/22,0,12388515,-2059000,10329515
2016/06/23,0,6300004,-6856000,-555996
2016/06/24,0,9645000,-12093212,-2448212
2016/06/27,0,3451000,-6318000,-2867000
2016/06/28,0,1968000,-2136000,-168000
2016/06/29,0,6303300,-1618000,4685300
2016/06/30,0,6495000,-5739589,755411
2016/07/01,0,7909000,-617606,7291394
2016/07/04,0,4546000,-1850009,2695991
2016/07/05,0,4066000,-2545000,1521000
2016/07/06,0,4555341,-8974000,-4418659
2016/07/07,0,3154000,-2739129,414871
2016/07/08,0,0,0,0
2016/07/11,0,21500000,-3352000,18148000
2016/07/12,0,9450000,-4711282,4738718
2016/07/13,0,13747236,-2612000,11135236
2016/07/14,0,6906000,-2932000,3974000
2016/07/15,0,10809010,-4138800,6670210
2016/07/18,0,9428350,-3442000,5986350
2016/07/19,0,11888000,-1671578,10216422
2016/07/20,0,12092715,-3079000,9013715
2016/07/21,0,13150482,-2120707,11029775
2016/07/22,0,5392000,-3876411,1515589
2016/07/25,0,6968000,-2900000,4068000
2016/07/26,0,6282238,-1524000,4758238
2016/07/27,0,3599000,-2249000,1350000
2016/07/28,0,8293000,-5047000,3246000
2016/07/29,0,2892000,-5562000,-2670000
2016/08/01,0,8249272,-2565000,5684272
2016/08/02,0,1470000,-5989699,-4519699
2016/08/03,0,3030000,-3634000,-604000
2016/08/04,0,2188250,-3701499,-1513249
2016/08/05,0,9131000,-2895000,6236000
2016/08/08,0,7304502,-2004000,5300502
2016/08/09,0,7521000,-1628000,5893000
2016/08/10,0,10441107,-1763000,8678107
2016/08/11,0,7318051,-5810519,1507532
2016/08/12,0,12012000,-6755000,5257000
2016/08/15,0,4515000,-2790572,1724428
2016/08/16,0,5542000,-2544000,2998000
2016/08/17,0,7018895,-1811000,5207895
2016/08/18,0,11130000,-1043000,10087000
2016/08/19,0,3537616,-5622000,-2084384
2016/08/22,0,2833000,-7319000,-4486000
2016/08/23,0,8706000,-3459000,5247000
2016/08/24,0,1439000,-4968704,-3529704
2016/08/25,0,4145791,-4680886,-535095
2016/08/26,0,6807020,-2560900,4246120
2016/08/29,0,2856000,-4523000,-1667000
2016/08/30,0,2571546,-2492000,79546
2016/08/31,0,18456427,-18372000,84427
2016/09/01,0,1650000,-24039980,-22389980
2016/09/02,0,5614811,-4570000,1044811
2016/09/05,0,5971000,-2016000,3955000
2016/09/06,0,6390822,-2103000,4287822
2016/09/07,0,6063000,-2631873,3431127
2016/09/08,0,3915000,-2820250,1094750
2016/09/09,0,1102000,-7491630,-6389630
2016/09/12,0,4399759,-10666788,-6267029
2016/09/13,0,5798113,-11422000,-5623887
2016/09/14,0,3112382,-13794828,-10682446
2016/09/15,0,0,0,0
2016/09/16,0,0,0,0
2016/09/19,0,10146380,-4181284,5965096
2016/09/20,0,7324300,-3442912,3881388
2016/09/21,0,3759000,-3946407,-187407
2016/09/22,0,5747730,-4066307,1681423
2016/09/23,0,7790639,-5868495,1922144
2016/09/26,0,747000,-1638065,-891065
2016/09/27,0,0,0,0
2016/09/28,0,0,0,0
2016/09/29,0,16549579,-8609140,7940439
2016/09/30,0,4574180,-11237147,-6662967
2016/10/03,0,611000,-1961000,-1350000
2016/10/04,0,3838846,-3291326,547520
2016/10/05,0,3007064,-3073702,-66638
2016/10/06,0,2801656,-7200000,-4398344
2016/10/07,0,3928384,-4276000,-347616
2016/10/10,0,0,0,0
2016/10/11,0,2987000,-11524877,-8537877
2016/10/12,0,3408470,-3403124,5346
2016/10/13,0,5672500,-14698000,-9025500
2016/10/14,0,950000,-7184631,-6234631
2016/10/17,0,3456000,-6682027,-3226027
2016/10/18,0,7235715,-4247320,2988395
2016/10/19,0,5297689,-801000,4496689
2016/10/20,0,625992,-1129590,-503598
2016/10/21,0,1237000,-1203664,33336
2016/10/24,0,2204144,-3550650,-1346506
2016/10/25,0,2023772,-1627669,396103
2016/10/26,0,2064000,-2903146,-839146
2016/10/27,0,1890430,-5311000,-3420570
2016/10/28,0,4020000,-4770000,-750000
2016/10/31,0,7897451,-5474000,2423451
2016/11/01,0,2738000,-1612000,1126000
2016/11/02,0,2698166,-2806000,-107834
2016/11/03,0,2515000,-3866010,-1351010
2016/11/04,0,2264000,-4242635,-1978635
2016/11/07,0,502000,-2932788,-2430788
2016/11/08,0,1632282,-663000,969282
2016/11/09,0,5703000,-11351000,-5648000
2016/11/10,0,3728000,-2134000,1594000
2016/11/11,0,1687000,-13943669,-12256669
2016/11/14,0,6741000,-12037846,-5296846
2016/11/15,0,10070000,-5817039,4252961
2016/11/16,0,17898000,-20754141,-2856141
2016/11/17,0,4110000,-5110736,-1000736
2016/11/18,0,1250100,-8026000,-6775900
2016/11/21,0,2435000,-4265601,-1830601
2016/11/22,0,6446000,-2567953,3878047
2016/11/23,0,3865757,-2315168,1550589
2016/11/24,0,2618000,-1181010,1436990
2016/11/25,0,1029000,-1097998,-68998
2016/11/28,0,4320000,-2871000,1449000
2016/11/29,0,6174000,-3800676,2373324
2016/11/30,0,14751945,-10720429,4031516
2016/12/01,0,5538565,-2047895,3490670
2016/12/02,0,3890000,-2241922,1648078
2016/12/05,0,1323000,-6900307,-5577307
2016/12/06,0,5159000,-7359860,-2200860
2016/12/07,0,3195639,-1622000,1573639
2016/12/08,0,9374000,-1175000,8199000
2016/12/09,0,8206040,-3151129,5054911
2016/12/12,0,4493000,-1291000,3202000
2016/12/13,0,11141554,-5912861,5228693
2016/12/14,0,4828656,-3430000,1398656
2016/12/15,0,6928000,-7800675,-872675
2016/12/16,0,3279921,-7728600,-4448679
2016/12/19,0,1387828,-2598000,-1210172
2016/12/20,0,923948,-4968640,-4044692
2016/12/21,0,2047000,-6266000,-4219000
2016/12/22,0,1006960,-5972996,-4966036
2016/12/23,0,1153000,-7145545,-5992545
2016/12/26,0,707000,-1538000,-831000
2016/12/27,0,518000,-1604000,-1086000
2016/12/28,0,3999000,-1428387,2570613
2016/12/29,0,3295688,-5222411,-1926723
2016/12/30,0,3611000,-1709137,1901863
2017/01/02,0,0,0,0
2017/01/03,0,3467000,-1269000,2198000
2017/01/04,0,3172106,-4952000,-1779894
2017/01/05,0,5078078,-5138440,-60362
2017/01/06,0,4795000,-3540368,1254632
2017/01/09,0,2838219,-3945156,-1106937
2017/01/10,0,4360642,-8520352,-4159710
2017/01/11,0,8046188,-1462000,6584188
2017/01/12,0,9630000,-4250659,5379341
2017/01/13,0,6045886,-2059044,3986842
2017/01/16,0,1101000,-1490814,-389814
2017/01/17,0,2718040,-4383000,-1664960
2017/01/18,0,6225000,-4852367,1372633
2017/01/19,0,2030000,-6228456,-4198456
2017/01/20,0,3613404,-5538745,-1925341
2017/01/23,0,6344000,-2223092,4120908
2017/01/24,0,2373267,-7413154,-5039887
2017/01/25,0,0,0,0
2017/01/26,0,0,0,0
2017/01/27,0,0,0,0
2017/01/30,0,0,0,0
2017/01/31,0,0,0,0
2017/02/01,0,0,0,0
2017/02/02,0,8285526,-11695618,-3410092
2017/02/03,0,1935795,-9786242,-7850447
2017/02/06,0,3188000,-6105429,-2917429
2017/02/07,0,4592016,-3742530,849486
2017/02/08,0,3424382,-8252523,-4828141
2017/02/09,0,5133842,-2334814,2799028
2017/02/10,0,6935000,-2591716,4343284
2017/02/13,0,3345324,-1363916,1981408
2017/02/14,0,5585000,-3774000,1811000
2017/02/15,0,7989000,-3360267,4628733
2017/02/16,0,6480000,-1877000,4603000
2017/02/17,0,2180000,-4234000,-2054000
2017/02/20,0,2640944,-1372000,1268944
2017/02/21,0,3955000,-3012000,943000
2017/02/22,0,2792000,-5256602,-2464602
2017/02/23,0,2097000,-3314917,-1217917
2017/02/24,0,4637000,-5763000,-1126000
2017/02/27,0,0,0,0
2017/02/28,0,0,0,0
2017/03/01,0,3549375,-19481782,-15932407
2017/03/02,0,7124000,-3668836,3455164
2017/03/03,0,3010000,-10824208,-7814208
2017/03/06,0,3063202,-4000812,-937610
2017/03/07,0,3917790,-6792968,-2875178
2017/03/08,0,3751000,-7299378,-3548378
2017/03/09,0,4893000,-14094275,-9201275
2017/03/10,0,1840671,-9183122,-7342451
2017/03/13,0,4221163,-3899185,321978
2017/03/14,0,5720605,-6934595,-1213990
2017/03/15,0,3869000,-7059385,-3190385
2017/03/16,0,6036000,-5587918,448082
2017/03/17,0,14405000,-6231013,8173987
2017/03/20,0,3401000,-3445562,-44562
2017/03/21,0,8576524,-6816649,1759875
2017/03/22,0,4191000,-3562542,628458
2017/03/23,0,3170028,-5797835,-2627807
2017/03/24,0,4185605,-6983275,-2797670
2017/03/27,0,4337000,-3997251,339749
2017/03/28,0,8188936,-3499051,4689885
2017/03/29,0,4963846,-2711000,2252846
2017/03/30,0,13545000,-5918740,7626260
2017/03/31,0,16342487,-10596074,5746413
2017/04/03,0,0,0,0
2017/04/04,0,0,0,0
2017/04/05,0,14887388,-25165911,-10278523
2017/04/06,0,5288000,-5551000,-263000
2017/04/07,0,3452000,-8124000,-4672000
2017/04/10,0,422000,-1584000,-1162000
2017/04/11,0,1865000,-3233300,-1368300
2017/04/12,0,2806000,-2158526,647474
2017/04/13,0,7187000,-2343000,4844000
2017/04/14,0,7570000,-4406000,3164000
2017/04/17,0,372000,-1962000,-1590000
2017/04/18,0,935197,-2047825,-1112628
2017/04/19,0,1491000,-8168420,-6677420
2017/04/20,0,1777882,-3608000,-1830118
2017/04/21,0,1250000,-2493793,-1243793
2017/04/24,0,1720000,-2222953,-502953
2017/04/25,0,5580001,-3734000,1846001
2017/04/26,0,7144000,-1464376,5679624
2017/04/27,0,2452456,-1281129,1171327
2017/04/28,0,1389000,-6652900,-5263900
2017/05/01,0,0,0,0
2017/05/02,0,8160000,-5227879,2932121
2017/05/03,0,4229000,-655000,3574000
2017/05/04,0,3014000,-936883,2077117
2017/05/05,0,3337310,-864000,2473310
2017/05/08,0,6262753,-2746203,3516550
2017/05/09,0,5722343,-4618260,1104083
2017/05/10,0,5345410,-1364000,3981410
2017/05/11,0,10339204,-1739500,8599704
2017/05/12,0,4197000,-1493000,2704000
2017/05/15,0,10973485,-2622000,8351485
2017/05/16,0,17631000,-5319000,12312000
2017/05/17,0,6046000,-11797159,-5751159
2017/05/18,0,1077210,-14280939,-13203729
2017/05/19,0,3883751,-2629000,1254751
2017/05/22,0,3843925,-3441283,402642
2017/05/23,0,1855100,-2249885,-394785
2017/05/24,0,1328975,-2659000,-1330025
2017/05/25,0,4243000,-2640768,1602232
2017/05/26,0,0,0,0
2017/05/29,0,0,0,0
2017/05/30,0,0,0,0
2017/05/31,0,34164147,-30279808,3884339
2017/06/01,0,1866224,-8040252,-6174028
2017/06/02,0,5617000,-3652578,1964422
2017/06/05,0,3260531,-5293475,-2032944
2017/06/06,0,1716444,-6667000,-4950556
2017/06/07,0,2994000,-4813000,-1819000
2017/06/08,0,2690000,-3231968,-541968
2017/06/09,0,2689000,-7052460,-4363460
2017/06/12,0,4260956,-7275000,-3014044
2017/06/13,0,900000,-2718950,-1818950
2017/06/14,0,4218000,-9519685,-5301685
2017/06/15,0,2361000,-6333362,-3972362
2017/06/16,0,6735622,-6254898,480724
2017/06/19,0,4667330,-4050000,617330
2017/06/20,0,4111234,-1533000,2578234
2017/06/21,0,5813732,-4217734,1595998
2017/06/22,0,5218928,-3693000,1525928
2017/06/23,0,1492072,-1516595,-24523
2017/06/26,0,13387729,-2400500,10987229
2017/06/27,0,4719000,-4653000,66000
2017/06/28,0,10371104,-5525794,4845310
2017/06/29,0,4359000,-2504000,1855000
2017/06/30,0,10489000,-2516000,7973000
2017/07/03,0,4735000,-6370232,-1635232
2017/07/04,0,2730000,-4654716,-1924716
2017/07/05,0,4786000,-2074000,2712000
2017/07/06,0,3817000,-6198000,-2381000
2017/07/07,0,474235,-1743004,-1268769
2017/07/10,0,1608701,-8474874,-6866173
2017/07/11,0,3960226,-3681000,279226
2017/07/12,0,4094000,-6435919,-2341919
2017/07/13,0,4983183,-3207082,1776101
2017/07/14,0,3514000,-3011000,503000
2017/07/17,0,4506000,-3102000,1404000
2017/07/18,0,2102000,-9430062,-7328062
2017/07/19,0,3892000,-7307501,-3415501
2017/07/20,0,2596358,-6138000,-3541642
2017/07/21,0,1967134,-5152591,-3185457
2017/07/24,0,7871867,-4654000,3217867
2017/07/25,0,1829959,-2463441,-633482
2017/07/26,0,1507000,-4503950,-2996950
2017/07/27,0,4727000,-402000,4325000
2017/07/28,0,1367000,-1424665,-57665
2017/07/31,0,4846000,-3728623,1117377
2017/08/01,0,4046000,-2032854,2013146
2017/08/02,0,3652000,-727000,2925000
2017/08/03,0,1594240,-5878612,-4284372
2017/08/04,0,6409000,-711558,5697442
2017/08/07,0,6625841,-5837035,788806
2017/08/08,0,5826662,-1303000,4523662
2017/08/09,0,6764495,-1966327,4798168
2017/08/10,0,3344660,-1804000,1540660
2017/08/11,0,5994000,-7213727,-1219727
2017/08/14,0,4819000,-6943585,-2124585
2017/08/15,0,5350000,-6839000,-1489000
2017/08/16,0,22178000,-7239696,14938304
2017/08/17,0,2517000,-7206000,-4689000
2017/08/18,0,3946657,-4725701,-779044
