Date,Open,Buy,Sell,Total
2007/01/02,0,1000000,-2528000,-1528000
2007/01/03,0,6059000,-547000,5512000
2007/01/04,0,0,0,0
2007/01/05,0,0,-50000,-50000
2007/01/08,0,0,0,0
2007/01/09,0,450000,-1921100,-1471100
2007/01/10,0,0,-74000,-74000
2007/01/11,0,10000,0,10000
2007/01/12,0,42000,-174000,-132000
2007/01/15,0,0,-3650000,-3650000
2007/01/16,0,6000,-4151000,-4145000
2007/01/17,0,4000,-1500000,-1496000
2007/01/18,0,0,-528000,-528000
2007/01/19,0,0,-439000,-439000
2007/01/22,0,676000,-404000,272000
2007/01/23,0,500000,-459000,41000
2007/01/24,0,16000,-150000,-134000
2007/01/25,0,1430000,0,1430000
2007/01/26,0,0,-1000,-1000
2007/01/29,0,0,-2000,-2000
2007/01/30,0,116000,0,116000
2007/01/31,0,200000,0,200000
2007/02/01,0,0,0,0
2007/02/02,0,3000,0,3000
2007/02/05,0,60000,0,60000
2007/02/06,0,316000,0,316000
2007/02/07,0,0,-250000,-250000
2007/02/08,0,6000,0,6000
2007/02/09,0,192000,0,192000
2007/02/12,0,0,0,0
2007/02/13,0,0,-411000,-411000
2007/02/14,0,200000,-580000,-380000
2007/02/15,0,0,0,0
2007/02/16,0,0,0,0
2007/02/19,0,0,0,0
2007/02/20,0,0,0,0
2007/02/21,0,0,0,0
2007/02/22,0,0,0,0
2007/02/23,0,0,0,0
2007/02/26,0,0,-200000,-200000
2007/02/27,0,0,-450000,-450000
2007/02/28,0,0,0,0
2007/03/01,0,13000,0,13000
2007/03/02,0,0,0,0
2007/03/05,0,0,0,0
2007/03/06,0,0,-36000,-36000
2007/03/07,0,600000,-35000,565000
2007/03/08,0,0,-1200000,-1200000
2007/03/09,0,300000,0,300000
2007/03/12,0,0,-1353000,-1353000
2007/03/13,0,714000,-37000,677000
2007/03/14,0,0,-719000,-719000
2007/03/15,0,500000,-630000,-130000
2007/03/16,0,0,0,0
2007/03/19,0,2000,0,2000
2007/03/20,0,0,0,0
2007/03/21,0,0,-500000,-500000
2007/03/22,0,0,-300000,-300000
2007/03/23,0,0,-500000,-500000
2007/03/26,0,1000,-2607000,-2606000
2007/03/27,0,0,-1600000,-1600000
2007/03/28,0,0,-133000,-133000
2007/03/29,0,0,-1595000,-1595000
2007/03/30,0,0,-1930000,-1930000
2007/04/02,0,0,-1215000,-1215000
2007/04/03,0,0,-1660000,-1660000
2007/04/04,0,6000,-1425000,-1419000
2007/04/05,0,0,0,0
2007/04/06,0,0,0,0
2007/04/09,0,0,-1602000,-1602000
2007/04/10,0,0,-304000,-304000
2007/04/11,0,3000,0,3000
2007/04/12,0,0,-170000,-170000
2007/04/13,0,0,-6000,-6000
2007/04/16,0,0,0,0
2007/04/17,0,0,0,0
2007/04/18,0,0,-400000,-400000
2007/04/19,0,5000,0,5000
2007/04/20,0,0,-72000,-72000
2007/04/23,0,8000,0,8000
2007/04/24,0,26000,0,26000
2007/04/25,0,0,0,0
2007/04/26,0,0,0,0
2007/04/27,0,452000,-200000,252000
2007/04/30,0,125000,0,125000
2007/05/01,0,0,0,0
2007/05/02,0,0,0,0
2007/05/03,0,0,0,0
2007/05/04,0,798000,0,798000
2007/05/07,0,0,0,0
2007/05/08,0,0,-701453,-701453
2007/05/09,0,0,0,0
2007/05/10,0,0,-15000,-15000
2007/05/11,0,0,-1000,-1000
2007/05/14,0,0,0,0
2007/05/15,0,38000,-401000,-363000
2007/05/16,0,0,-6000,-6000
2007/05/17,0,0,-5000,-5000
2007/05/18,0,0,0,0
2007/05/21,0,120000,0,120000
2007/05/22,0,159000,0,159000
2007/05/23,0,0,-138000,-138000
2007/05/24,0,0,0,0
2007/05/25,0,2000,0,2000
2007/05/28,0,0,0,0
2007/05/29,0,0,0,0
2007/05/30,0,0,-300000,-300000
2007/05/31,0,0,-110000,-110000
2007/06/01,0,0,0,0
2007/06/04,0,6000,-300000,-294000
2007/06/05,0,0,-100000,-100000
2007/06/06,0,4000,0,4000
2007/06/07,0,0,0,0
2007/06/08,0,0,-600000,-600000
2007/06/11,0,0,0,0
2007/06/12,0,0,0,0
2007/06/13,0,325000,-50000,275000
2007/06/14,0,0,-7000,-7000
2007/06/15,0,19000,-39000,-20000
2007/06/18,0,0,0,0
2007/06/19,0,0,0,0
2007/06/20,0,0,-2000,-2000
2007/06/21,0,252000,0,252000
2007/06/22,0,0,0,0
2007/06/25,0,0,-772000,-772000
2007/06/26,0,0,0,0
2007/06/27,0,0,-50000,-50000
2007/06/28,0,0,0,0
2007/06/29,0,6000,0,6000
2007/07/02,0,0,0,0
2007/07/03,0,0,-10000,-10000
2007/07/04,0,0,0,0
2007/07/05,0,2469000,-423000,2046000
2007/07/06,0,464000,0,464000
2007/07/09,0,0,0,0
2007/07/10,0,1000,0,1000
2007/07/11,0,112000,0,112000
2007/07/12,0,800000,0,800000
2007/07/13,0,113000,0,113000
2007/07/16,0,0,0,0
2007/07/17,0,0,-15000,-15000
2007/07/18,0,15000,0,15000
2007/07/19,0,5000,0,5000
2007/07/20,0,9000,0,9000
2007/07/23,0,0,-700000,-700000
2007/07/24,0,2000,-378000,-376000
2007/07/25,0,2000,0,2000
2007/07/26,0,32000,0,32000
2007/07/27,0,3000,-12000,-9000
2007/07/30,0,152000,0,152000
2007/07/31,0,0,-167000,-167000
2007/08/01,0,3000,-70000,-67000
2007/08/02,0,5000,-15000,-10000
2007/08/03,0,14000,0,14000
2007/08/06,0,26000,-40000,-14000
2007/08/07,0,32000,0,32000
2007/08/08,0,62000,0,62000
2007/08/09,0,6000,0,6000
2007/08/10,0,80000,-309000,-229000
2007/08/13,0,29000,0,29000
2007/08/14,0,0,0,0
2007/08/15,0,3000,-24000,-21000
2007/08/16,0,37000,0,37000
2007/08/17,0,1004000,-114000,890000
2007/08/20,0,0,0,0
2007/08/21,0,10000,0,10000
2007/08/22,0,143000,-503000,-360000
2007/08/23,0,0,0,0
2007/08/24,0,0,-357000,-357000
2007/08/27,0,6000,0,6000
2007/08/28,0,0,0,0
2007/08/29,0,0,-1000,-1000
2007/08/30,0,0,0,0
2007/08/31,0,899000,-22000,877000
2007/09/03,0,116000,0,116000
2007/09/04,0,63000,-7000,56000
2007/09/05,0,0,0,0
2007/09/06,0,0,0,0
2007/09/07,0,1000,-77000,-76000
2007/09/10,0,0,-7000,-7000
2007/09/11,0,17000,0,17000
2007/09/12,0,32000,-11000,21000
2007/09/13,0,0,0,0
2007/09/14,0,90000,0,90000
2007/09/17,0,0,0,0
2007/09/18,0,0,0,0
2007/09/19,0,7000,-173000,-166000
2007/09/20,0,0,0,0
2007/09/21,0,0,0,0
2007/09/24,0,0,0,0
2007/09/25,0,0,0,0
2007/09/26,0,7000,-115000,-108000
2007/09/27,0,4000,-44000,-40000
2007/09/28,0,0,0,0
2007/10/01,0,21000,-2000,19000
2007/10/02,0,50000,-800000,-750000
2007/10/03,0,0,-2000,-2000
2007/10/04,0,0,0,0
2007/10/05,0,0,-2000,-2000
2007/10/08,0,47000,-14000,33000
2007/10/09,0,0,0,0
2007/10/10,0,0,0,0
2007/10/11,0,2788000,0,2788000
2007/10/12,0,0,0,0
2007/10/15,0,6000,-66000,-60000
2007/10/16,0,0,0,0
2007/10/17,0,0,0,0
2007/10/18,0,0,0,0
2007/10/19,0,0,-48000,-48000
2007/10/22,0,1000,0,1000
2007/10/23,0,2000,0,2000
2007/10/24,0,0,0,0
2007/10/25,0,0,0,0
2007/10/26,0,0,0,0
2007/10/29,0,5000,0,5000
2007/10/30,0,3000,-32000,-29000
2007/10/31,0,33000,0,33000
2007/11/01,0,19000,-1000,18000
2007/11/02,0,9000,0,9000
2007/11/05,0,0,0,0
2007/11/06,0,17000,0,17000
2007/11/07,0,1000,0,1000
2007/11/08,0,6000,0,6000
2007/11/09,0,5000,0,5000
2007/11/12,0,1007000,0,1007000
2007/11/13,0,2000,0,2000
2007/11/14,0,2000,0,2000
2007/11/15,0,1000,0,1000
2007/11/16,0,12000,0,12000
2007/11/19,0,0,-160000,-160000
2007/11/20,0,1000,-1000,0
2007/11/21,0,0,-1000000,-1000000
2007/11/22,0,2000,0,2000
2007/11/23,0,3000,0,3000
2007/11/26,0,7000,0,7000
2007/11/27,0,1000,0,1000
2007/11/28,0,0,0,0
2007/11/29,0,1000,0,1000
2007/11/30,0,0,-1392000,-1392000
2007/12/03,0,1000,0,1000
2007/12/04,0,0,0,0
2007/12/05,0,0,0,0
2007/12/06,0,1000,0,1000
2007/12/07,0,0,0,0
2007/12/10,0,0,-224000,-224000
2007/12/11,0,0,-56000,-56000
2007/12/12,0,0,-75000,-75000
2007/12/13,0,0,0,0
2007/12/14,0,59000,0,59000
2007/12/17,0,4000,0,4000
2007/12/18,0,408000,-54000,354000
2007/12/19,0,0,0,0
2007/12/20,0,0,-404000,-404000
2007/12/21,0,1000,0,1000
2007/12/24,0,0,0,0
2007/12/25,0,0,-19000,-19000
2007/12/26,0,0,0,0
2007/12/27,0,0,-108000,-108000
2007/12/28,0,155000,-129000,26000
2007/12/31,0,514000,0,514000
2008/01/01,0,0,0,0
2008/01/02,0,101000,0,101000
2008/01/03,0,0,-1000,-1000
2008/01/04,0,0,-16000,-16000
2008/01/07,0,1000,0,1000
2008/01/08,0,2000,-30000,-28000
2008/01/09,0,0,-15000,-15000
2008/01/10,0,38000,-11000,27000
2008/01/11,0,1000,-22000,-21000
2008/01/14,0,0,0,0
2008/01/15,0,0,-2000,-2000
2008/01/16,0,2822000,-5000,2817000
2008/01/17,0,1355000,0,1355000
2008/01/18,0,268000,-21000,247000
2008/01/21,0,129000,0,129000
2008/01/22,0,75000,0,75000
2008/01/23,0,1000,0,1000
2008/01/24,0,205000,0,205000
2008/01/25,0,2000,0,2000
2008/01/28,0,0,0,0
2008/01/29,0,51000,0,51000
2008/01/30,0,1420000,0,1420000
2008/01/31,0,75000,0,75000
2008/02/01,0,1000,-293000,-292000
2008/02/04,0,0,0,0
2008/02/05,0,0,0,0
2008/02/06,0,0,0,0
2008/02/07,0,0,0,0
2008/02/08,0,0,0,0
2008/02/11,0,0,0,0
2008/02/12,0,0,-1000,-1000
2008/02/13,0,1000,0,1000
2008/02/14,0,325000,0,325000
2008/02/15,0,0,0,0
2008/02/18,0,195000,-800000,-605000
2008/02/19,0,411000,-99000,312000
2008/02/20,0,40000,-1000,39000
2008/02/21,0,3001000,0,3001000
2008/02/22,0,50000,0,50000
2008/02/25,0,50000,0,50000
2008/02/26,0,201000,-70000,131000
2008/02/27,0,1150000,-1000,1149000
2008/02/28,0,0,0,0
2008/02/29,0,251000,-4000,247000
2008/03/03,0,0,0,0
2008/03/04,0,1000,0,1000
2008/03/05,0,1000,-400000,-399000
2008/03/06,0,0,0,0
2008/03/07,0,0,0,0
2008/03/10,0,12000,-1345000,-1333000
2008/03/11,0,203000,0,203000
2008/03/12,0,4000,0,4000
2008/03/13,0,0,-1000,-1000
2008/03/14,0,1000,0,1000
2008/03/17,0,3002000,0,3002000
2008/03/18,0,1000,0,1000
2008/03/19,0,3000,0,3000
2008/03/20,0,1000,0,1000
2008/03/21,0,107000,0,107000
2008/03/24,0,3000,-750000,-747000
2008/03/25,0,1180000,-3001000,-1821000
2008/03/26,0,2000,-3000000,-2998000
2008/03/27,0,2000,-277000,-275000
2008/03/28,0,3000,0,3000
2008/03/31,0,2000,-1000,1000
2008/04/01,0,1000,-15000,-14000
2008/04/02,0,1000,0,1000
2008/04/03,0,1000,0,1000
2008/04/04,0,0,0,0
2008/04/07,0,1000,0,1000
2008/04/08,0,1000,0,1000
2008/04/09,0,1000,0,1000
2008/04/10,0,1000,0,1000
2008/04/11,0,2000000,0,2000000
2008/04/14,0,0,-1000,-1000
2008/04/15,0,1000,0,1000
2008/04/16,0,2584000,-17000,2567000
2008/04/17,0,600000,0,600000
2008/04/18,0,276000,-114000,162000
2008/04/21,0,2000,0,2000
2008/04/22,0,1000,0,1000
2008/04/23,0,2000,0,2000
2008/04/24,0,3000,0,3000
2008/04/25,0,1000,0,1000
2008/04/28,0,17000,-47000,-30000
2008/04/29,0,4963000,0,4963000
2008/04/30,0,3141000,0,3141000
2008/05/01,0,0,0,0
2008/05/02,0,41000,0,41000
2008/05/05,0,17000,0,17000
2008/05/06,0,18000,0,18000
2008/05/07,0,3000,0,3000
2008/05/08,0,5029000,0,5029000
2008/05/09,0,2478000,-600000,1878000
2008/05/12,0,769000,0,769000
2008/05/13,0,21000,-5000,16000
2008/05/14,0,481000,0,481000
2008/05/15,0,33000,0,33000
2008/05/16,0,1000000,0,1000000
2008/05/19,0,5000,-8000,-3000
2008/05/20,0,0,-2000,-2000
2008/05/21,0,448000,0,448000
2008/05/22,0,4000,0,4000
2008/05/23,0,0,-1000,-1000
2008/05/26,0,14000,0,14000
2008/05/27,0,0,-8000,-8000
2008/05/28,0,2000,0,2000
2008/05/29,0,29000,0,29000
2008/05/30,0,3000,-1744000,-1741000
2008/06/02,0,28000,0,28000
2008/06/03,0,1629000,0,1629000
2008/06/04,0,20000,0,20000
2008/06/05,0,8000,0,8000
2008/06/06,0,332000,0,332000
2008/06/09,0,334000,0,334000
2008/06/10,0,338000,0,338000
2008/06/11,0,54000,0,54000
2008/06/12,0,88000,0,88000
2008/06/13,0,47000,0,47000
2008/06/16,0,0,-22000,-22000
2008/06/17,0,67000,0,67000
2008/06/18,0,0,-500000,-500000
2008/06/19,0,1842000,-18000,1824000
2008/06/20,0,91000,-273000,-182000
2008/06/23,0,176000,0,176000
2008/06/24,0,43000,0,43000
2008/06/25,0,84000,-12000,72000
2008/06/26,0,0,0,0
2008/06/27,0,60000,0,60000
2008/06/30,0,65000,-1338000,-1273000
2008/07/01,0,96000,0,96000
2008/07/02,0,1925000,-13000,1912000
2008/07/03,0,88000,0,88000
2008/07/04,0,65000,-276000,-211000
2008/07/07,0,58000,0,58000
2008/07/08,0,0,0,0
2008/07/09,0,4000,-29000,-25000
2008/07/10,0,0,-112000,-112000
2008/07/11,0,38000,0,38000
2008/07/14,0,5000,0,5000
2008/07/15,0,26000,0,26000
2008/07/16,0,81000,0,81000
2008/07/17,0,23000,0,23000
2008/07/18,0,0,-24000,-24000
2008/07/21,0,10000,-2173000,-2163000
2008/07/22,0,7000,0,7000
2008/07/23,0,15000,-79000,-64000
2008/07/24,0,3000,-88000,-85000
2008/07/25,0,0,0,0
2008/07/28,0,0,0,0
2008/07/29,0,25000,-91000,-66000
2008/07/30,0,23000,-26000,-3000
2008/07/31,0,14000,0,14000
2008/08/01,0,26000,-36000,-10000
2008/08/04,0,10000,0,10000
2008/08/05,0,0,0,0
2008/08/06,0,24000,0,24000
2008/08/07,0,0,0,0
2008/08/08,0,54000,0,54000
2008/08/11,0,233000,0,233000
2008/08/12,0,283000,-205000,78000
2008/08/13,0,0,0,0
2008/08/14,0,163000,0,163000
2008/08/15,0,0,0,0
2008/08/18,0,7000,0,7000
2008/08/19,0,0,-257000,-257000
2008/08/20,0,6000,-3084000,-3078000
2008/08/21,0,33000,-26000,7000
2008/08/22,0,11000,0,11000
2008/08/25,0,282000,0,282000
2008/08/26,0,0,-19000,-19000
2008/08/27,0,0,0,0
2008/08/28,0,0,0,0
2008/08/29,0,504000,-19000,485000
2008/09/01,0,8000,0,8000
2008/09/02,0,28000,0,28000
2008/09/03,0,83000,0,83000
2008/09/04,0,85000,0,85000
2008/09/05,0,47000,0,47000
2008/09/08,0,0,0,0
2008/09/09,0,192000,0,192000
2008/09/10,0,56000,0,56000
2008/09/11,0,100000,0,100000
2008/09/12,0,0,0,0
2008/09/15,0,0,-69000,-69000
2008/09/16,0,0,-500000,-500000
2008/09/17,0,0,-380000,-380000
2008/09/18,0,22000,0,22000
2008/09/19,0,15000,0,15000
2008/09/22,0,157000,0,157000
2008/09/23,0,0,-2128000,-2128000
2008/09/24,0,30000,-285000,-255000
2008/09/25,0,81000,-42000,39000
2008/09/26,0,5000,-100000,-95000
2008/09/29,0,0,0,0
2008/09/30,0,3000,-499000,-496000
2008/10/01,0,4000,-2449000,-2445000
2008/10/02,0,0,-7078154,-7078154
2008/10/03,0,75000,-5526000,-5451000
2008/10/06,0,0,-1000000,-1000000
2008/10/07,0,0,-2515000,-2515000
2008/10/08,0,0,-13454000,-13454000
2008/10/09,0,0,-4200000,-4200000
2008/10/10,0,0,0,0
2008/10/13,0,0,-7000,-7000
2008/10/14,0,0,-7093000,-7093000
2008/10/15,0,0,-724000,-724000
2008/10/16,0,300000,-7000,293000
2008/10/17,0,2623000,-4200320,-1577320
2008/10/20,0,10000,-1877135,-1867135
2008/10/21,0,246000,-4108000,-3862000
2008/10/22,0,0,0,0
2008/10/23,0,0,0,0
2008/10/24,0,0,0,0
2008/10/27,0,0,-1025000,-1025000
2008/10/28,0,11000,-4000000,-3989000
2008/10/29,0,0,0,0
2008/10/30,0,0,0,0
2008/10/31,0,0,0,0
2008/11/03,0,0,-431000,-431000
2008/11/04,0,3000,-526,2474
2008/11/05,0,0,0,0
2008/11/06,0,0,0,0
2008/11/07,0,0,0,0
2008/11/10,0,0,0,0
2008/11/11,0,0,0,0
2008/11/12,0,0,-1000,-1000
2008/11/13,0,0,0,0
2008/11/14,0,0,0,0
2008/11/17,0,0,0,0
2008/11/18,0,684000,0,684000
2008/11/19,0,450000,0,450000
2008/11/20,0,0,0,0
2008/11/21,0,0,0,0
2008/11/24,0,0,0,0
2008/11/25,0,63000,0,63000
2008/11/26,0,0,0,0
2008/11/27,0,0,0,0
2008/11/28,0,0,0,0
2008/12/01,0,9708000,0,9708000
2008/12/02,0,9000000,0,9000000
2008/12/03,0,23700000,0,23700000
2008/12/04,0,5292000,0,5292000
2008/12/05,0,0,0,0
2008/12/08,0,248000,0,248000
2008/12/09,0,5230000,-684000,4546000
2008/12/10,0,0,0,0
2008/12/11,0,32000,-16950000,-16918000
2008/12/12,0,0,-13292000,-13292000
2008/12/15,0,0,0,0
2008/12/16,0,0,-3000,-3000
2008/12/17,0,3000,0,3000
2008/12/18,0,186000,0,186000
2008/12/19,0,0,-5000,-5000
2008/12/22,0,0,0,0
2008/12/23,0,0,0,0
2008/12/24,0,0,0,0
2008/12/25,0,0,0,0
2008/12/26,0,0,-19000,-19000
2008/12/29,0,0,-378000,-378000
2008/12/30,0,0,0,0
2008/12/31,0,0,0,0
2009/01/01,0,0,0,0
2009/01/02,0,0,0,0
2009/01/05,0,0,0,0
2009/01/06,0,0,0,0
2009/01/07,0,0,0,0
2009/01/08,0,0,0,0
2009/01/09,0,0,-4000000,-4000000
2009/01/12,0,0,-8300000,-8300000
2009/01/13,0,0,-3000000,-3000000
2009/01/14,0,0,0,0
2009/01/15,0,0,0,0
2009/01/16,0,0,0,0
2009/01/19,0,0,-42000,-42000
2009/01/20,0,0,0,0
2009/01/21,0,0,-112000,-112000
2009/01/22,0,0,0,0
2009/01/23,0,0,0,0
2009/01/26,0,0,0,0
2009/01/27,0,0,0,0
2009/01/28,0,0,0,0
2009/01/29,0,0,0,0
2009/01/30,0,0,0,0
2009/02/02,0,0,0,0
2009/02/03,0,0,0,0
2009/02/04,0,0,0,0
2009/02/05,0,0,0,0
2009/02/06,0,0,0,0
2009/02/09,0,0,-10000,-10000
2009/02/10,0,0,-2708000,-2708000
2009/02/11,0,0,0,0
2009/02/12,0,0,0,0
2009/02/13,0,0,0,0
2009/02/16,0,0,0,0
2009/02/17,0,0,0,0
2009/02/18,0,0,0,0
2009/02/19,0,0,0,0
2009/02/20,0,0,0,0
2009/02/23,0,0,0,0
2009/02/24,0,0,0,0
2009/02/25,0,0,0,0
2009/02/26,0,0,0,0
2009/02/27,0,0,-3000,-3000
2009/03/02,0,0,0,0
2009/03/03,0,0,0,0
2009/03/04,0,0,-3000,-3000
2009/03/05,0,0,0,0
2009/03/06,0,0,0,0
2009/03/09,0,0,-6000,-6000
2009/03/10,0,0,0,0
2009/03/11,0,0,0,0
2009/03/12,0,0,0,0
2009/03/13,0,0,0,0
2009/03/16,0,0,0,0
2009/03/17,0,0,0,0
2009/03/18,0,0,0,0
2009/03/19,0,0,0,0
2009/03/20,0,0,0,0
2009/03/23,0,1000000,0,1000000
2009/03/24,0,2800000,0,2800000
2009/03/25,0,0,0,0
2009/03/26,0,0,0,0
2009/03/27,0,0,0,0
2009/03/30,0,0,0,0
2009/03/31,0,0,0,0
2009/04/01,0,0,0,0
2009/04/02,0,0,-32000,-32000
2009/04/03,0,0,0,0
2009/04/06,0,0,0,0
2009/04/07,0,1000000,0,1000000
2009/04/08,0,0,0,0
2009/04/09,0,0,0,0
2009/04/10,0,630000,0,630000
2009/04/13,0,0,0,0
2009/04/14,0,0,0,0
2009/04/15,0,0,0,0
2009/04/16,0,0,0,0
2009/04/17,0,0,-18000,-18000
2009/04/20,0,9000,0,9000
2009/04/21,0,0,0,0
2009/04/22,0,500000,0,500000
2009/04/23,0,0,0,0
2009/04/24,0,0,0,0
2009/04/27,0,0,0,0
2009/04/28,0,0,0,0
2009/04/29,0,0,-630000,-630000
2009/04/30,0,0,0,0
2009/05/01,0,0,0,0
2009/05/04,0,0,0,0
2009/05/05,0,3000000,0,3000000
2009/05/06,0,2000,0,2000
2009/05/07,0,0,0,0
2009/05/08,0,0,0,0
2009/05/11,0,0,0,0
2009/05/12,0,0,-2000,-2000
2009/05/13,0,0,0,0
2009/05/14,0,0,0,0
2009/05/15,0,10052000,-1500000,8552000
2009/05/18,0,0,0,0
2009/05/19,0,7684000,0,7684000
2009/05/20,0,19667000,0,19667000
2009/05/21,0,9049000,0,9049000
2009/05/22,0,10640000,0,10640000
2009/05/25,0,7110000,0,7110000
2009/05/26,0,527000,0,527000
2009/05/27,0,791000,-819000,-28000
2009/05/28,0,0,0,0
2009/05/29,0,0,0,0
2009/06/01,0,1247000,0,1247000
2009/06/02,0,3333000,0,3333000
2009/06/03,0,438000,0,438000
2009/06/04,0,27000,-325000,-298000
2009/06/05,0,0,0,0
2009/06/08,0,28000,0,28000
2009/06/09,0,35000,-1202000,-1167000
2009/06/10,0,14000,-16000,-2000
2009/06/11,0,24000,0,24000
2009/06/12,0,0,-20000,-20000
2009/06/15,0,265000,-1500000,-1235000
2009/06/16,0,18000,-1510000,-1492000
2009/06/17,0,0,0,0
2009/06/18,0,6281000,-260000,6021000
2009/06/19,0,3691000,0,3691000
2009/06/22,0,2152000,0,2152000
2009/06/23,0,2904000,-15000,2889000
2009/06/24,0,2512000,0,2512000
2009/06/25,0,5192000,0,5192000
2009/06/26,0,455000,-370000,85000
2009/06/29,0,4068000,0,4068000
2009/06/30,0,3092000,0,3092000
2009/07/01,0,180000,-1500000,-1320000
2009/07/02,0,12000,0,12000
2009/07/03,0,9342000,-28000,9314000
2009/07/06,0,208000,-33000,175000
2009/07/07,0,7000,0,7000
2009/07/08,0,0,-5000,-5000
2009/07/09,0,0,0,0
2009/07/10,0,0,-8809000,-8809000
2009/07/13,0,70000,-850000,-780000
2009/07/14,0,0,-1648000,-1648000
2009/07/15,0,6780000,-31000,6749000
2009/07/16,0,0,-99000,-99000
2009/07/17,0,0,-92000,-92000
2009/07/20,0,0,0,0
2009/07/21,0,2000000,-40000,1960000
2009/07/22,0,1700000,-236000,1464000
2009/07/23,0,0,-71000,-71000
2009/07/24,0,0,-1104000,-1104000
2009/07/27,0,0,-14000,-14000
2009/07/28,0,300000,-35000,265000
2009/07/29,0,0,-50000,-50000
2009/07/30,0,0,-1847000,-1847000
2009/07/31,0,0,-1198000,-1198000
2009/08/03,0,0,-4879000,-4879000
2009/08/04,0,0,-23000,-23000
2009/08/05,0,0,-7989000,-7989000
2009/08/06,0,0,-5974000,-5974000
2009/08/07,0,0,0,0
2009/08/10,0,16000,-2186000,-2170000
2009/08/11,0,7000,-3648000,-3641000
2009/08/12,0,0,-4756000,-4756000
2009/08/13,0,0,-3412000,-3412000
2009/08/14,0,0,-269000,-269000
2009/08/17,0,0,-2053000,-2053000
2009/08/18,0,8000,-4040000,-4032000
2009/08/19,0,4000,-120000,-116000
2009/08/20,0,5000,-1014000,-1009000
2009/08/21,0,0,-3812000,-3812000
2009/08/24,0,55000,-2000000,-1945000
2009/08/25,0,0,-2021000,-2021000
2009/08/26,0,2000,-4290000,-4288000
2009/08/27,0,18000,-31000,-13000
2009/08/28,0,24000,0,24000
2009/08/31,0,24000,-814000,-790000
2009/09/01,0,0,0,0
2009/09/02,0,0,0,0
2009/09/03,0,0,-1349000,-1349000
2009/09/04,0,0,-10000,-10000
2009/09/07,0,0,-9000,-9000
2009/09/08,0,0,0,0
2009/09/09,0,274000,-1846000,-1572000
2009/09/10,0,235000,0,235000
2009/09/11,0,0,0,0
2009/09/14,0,0,-91000,-91000
2009/09/15,0,0,-1000000,-1000000
2009/09/16,0,31000,0,31000
2009/09/17,0,200000,0,200000
2009/09/18,0,0,-13000,-13000
2009/09/21,0,0,-4000,-4000
2009/09/22,0,208000,0,208000
2009/09/23,0,18000,-4934000,-4916000
2009/09/24,0,0,0,0
2009/09/25,0,200000,0,200000
2009/09/28,0,12000,0,12000
2009/09/29,0,10000,0,10000
2009/09/30,0,0,-14000,-14000
2009/10/01,0,400000,0,400000
2009/10/02,0,24000,0,24000
2009/10/05,0,0,-6204000,-6204000
2009/10/06,0,0,-485000,-485000
2009/10/07,0,0,0,0
2009/10/08,0,1000,0,1000
2009/10/09,0,580000,0,580000
2009/10/12,0,0,0,0
2009/10/13,0,15000,-3171000,-3156000
2009/10/14,0,100000,-1501000,-1401000
2009/10/15,0,0,-2056000,-2056000
2009/10/16,0,0,-31000,-31000
2009/10/19,0,14000,0,14000
2009/10/20,0,11000,-170000,-159000
2009/10/21,0,32000,-10000,22000
2009/10/22,0,0,0,0
2009/10/23,0,0,-935000,-935000
2009/10/26,0,0,-840000,-840000
2009/10/27,0,7000,-18000,-11000
2009/10/28,0,0,-4000,-4000
2009/10/29,0,4000,-6000,-2000
2009/10/30,0,0,-8000,-8000
2009/11/02,0,8000,-1400000,-1392000
2009/11/03,0,6000,-805000,-799000
2009/11/04,0,7000,0,7000
2009/11/05,0,8000,-750000,-742000
2009/11/06,0,3000,-2000,1000
2009/11/09,0,7000,0,7000
2009/11/10,0,4000,-8000,-4000
2009/11/11,0,0,0,0
2009/11/12,0,0,-3000,-3000
2009/11/13,0,0,-9000,-9000
2009/11/16,0,2000,-10000,-8000
2009/11/17,0,0,-759000,-759000
2009/11/18,0,0,-17000,-17000
2009/11/19,0,0,-2913000,-2913000
2009/11/20,0,181000,-41000,140000
2009/11/23,0,180000,-247000,-67000
2009/11/24,0,108000,-1065000,-957000
2009/11/25,0,0,0,0
2009/11/26,0,0,0,0
2009/11/27,0,0,-3498000,-3498000
2009/11/30,0,0,-3745000,-3745000
2009/12/01,0,108000,0,108000
2009/12/02,0,0,0,0
2009/12/03,0,0,0,0
2009/12/04,0,0,-7000,-7000
2009/12/07,0,0,0,0
2009/12/08,0,0,0,0
2009/12/09,0,150000,-500000,-350000
2009/12/10,0,0,-17000,-17000
2009/12/11,0,6000,-500000,-494000
2009/12/14,0,0,-15000,-15000
2009/12/15,0,0,0,0
2009/12/16,0,0,-16000,-16000
2009/12/17,0,0,0,0
2009/12/18,0,391000,-3000,388000
2009/12/21,0,72000,0,72000
2009/12/22,0,0,-5000,-5000
2009/12/23,0,1775000,0,1775000
2009/12/24,0,722000,0,722000
2009/12/25,0,0,-11000,-11000
2009/12/28,0,2932000,0,2932000
2009/12/29,0,122000,-130000,-8000
2009/12/30,0,58000,0,58000
2009/12/31,0,258000,-1000,257000
2010/01/01,0,0,0,0
2010/01/04,0,14000,-1000,13000
2010/01/05,0,270000,-4000,266000
2010/01/06,0,0,0,0
2010/01/07,0,203000,-6000,197000
2010/01/08,0,0,-17000,-17000
2010/01/11,0,1500000,-199000,1301000
2010/01/12,0,0,-17000,-17000
2010/01/13,0,0,-4000,-4000
2010/01/14,0,0,-9000,-9000
2010/01/15,0,0,-34355,-34355
2010/01/18,0,2700000,-756123,1943877
2010/01/19,0,0,0,0
2010/01/20,0,0,0,0
2010/01/21,0,0,0,0
2010/01/22,0,0,0,0
2010/01/25,0,0,0,0
2010/01/26,0,0,0,0
2010/01/27,0,0,0,0
2010/01/28,0,0,0,0
2010/01/29,0,0,0,0
2010/02/01,0,0,0,0
2010/02/02,0,0,0,0
2010/02/03,0,0,0,0
2010/02/04,0,0,-2313227,-2313227
2010/02/05,0,0,0,0
2010/02/08,0,72000,-3347856,-3275856
2010/02/09,0,0,-3337000,-3337000
2010/02/10,0,0,-702,-702
2010/02/11,0,0,0,0
2010/02/12,0,0,0,0
2010/02/15,0,0,0,0
2010/02/16,0,0,0,0
2010/02/17,0,0,0,0
2010/02/18,0,0,0,0
2010/02/19,0,0,0,0
2010/02/22,0,0,0,0
2010/02/23,0,15000,0,15000
2010/02/24,0,0,0,0
2010/02/25,0,0,0,0
2010/02/26,0,11000,-9000,2000
2010/03/01,0,0,0,0
2010/03/02,0,0,0,0
2010/03/03,0,0,0,0
2010/03/04,0,0,0,0
2010/03/05,0,3000,-4000,-1000
2010/03/08,0,0,0,0
2010/03/09,0,13000,0,13000
2010/03/10,0,690000,0,690000
2010/03/11,0,3000,0,3000
2010/03/12,0,0,0,0
2010/03/15,0,0,-11000,-11000
2010/03/16,0,0,-7000,-7000
2010/03/17,0,39000,0,39000
2010/03/18,0,174000,0,174000
2010/03/19,0,230000,-4000,226000
2010/03/22,0,110000,0,110000
2010/03/23,0,1000,0,1000
2010/03/24,0,0,-2000,-2000
2010/03/25,0,0,0,0
2010/03/26,0,4888000,-3000,4885000
2010/03/29,0,0,-12000,-12000
2010/03/30,0,7000,0,7000
2010/03/31,0,1412000,0,1412000
2010/04/01,0,43000,-3000,40000
2010/04/02,0,4000,-6000,-2000
2010/04/05,0,0,0,0
2010/04/06,0,0,-3000,-3000
2010/04/07,0,156000,-9000,147000
2010/04/08,0,240000,-17000,223000
2010/04/09,0,0,-4000,-4000
2010/04/12,0,92000,-2000,90000
2010/04/13,0,92000,-832000,-740000
2010/04/14,0,331000,0,331000
2010/04/15,0,628000,-7000,621000
2010/04/16,0,183000,-12000,171000
2010/04/19,0,0,-819,-819
2010/04/20,0,333000,-2580000,-2247000
2010/04/21,0,5000,-261,4739
2010/04/22,0,153000,0,153000
2010/04/23,0,120000,0,120000
2010/04/26,0,0,0,0
2010/04/27,0,185000,-3000,182000
2010/04/28,0,94000,-473000,-379000
2010/04/29,0,0,0,0
2010/04/30,0,583000,0,583000
2010/05/03,0,0,-4000,-4000
2010/05/04,0,92000,0,92000
2010/05/05,0,12000,-10000,2000
2010/05/06,0,0,-8000,-8000
2010/05/07,0,67000,-1000,66000
2010/05/10,0,164000,0,164000
2010/05/11,0,10000,0,10000
2010/05/12,0,3000,-5000,-2000
2010/05/13,0,3000,0,3000
2010/05/14,0,1421000,-1589000,-168000
2010/05/17,0,4000,-1006000,-1002000
2010/05/18,0,0,-800000,-800000
2010/05/19,0,0,0,0
2010/05/20,0,6000,0,6000
2010/05/21,0,82000,0,82000
2010/05/24,0,0,-6000,-6000
2010/05/25,0,295000,0,295000
2010/05/26,0,217000,-2130000,-1913000
2010/05/27,0,13000,-1871695,-1858695
2010/05/28,0,0,-4000,-4000
2010/05/31,0,0,-3000,-3000
2010/06/01,0,2000,0,2000
2010/06/02,0,1326000,0,1326000
2010/06/03,0,0,0,0
2010/06/04,0,0,-7000,-7000
2010/06/07,0,0,0,0
2010/06/08,0,7000,-1000,6000
2010/06/09,0,5000,-780000,-775000
2010/06/10,0,9000,-1000,8000
2010/06/11,0,0,0,0
2010/06/14,0,1505000,-8000,1497000
2010/06/15,0,819000,0,819000
2010/06/16,0,0,0,0
2010/06/17,0,624000,0,624000
2010/06/18,0,0,-6000,-6000
2010/06/21,0,258000,0,258000
2010/06/22,0,0,-5000,-5000
2010/06/23,0,0,-4000,-4000
2010/06/24,0,560000,-355000,205000
2010/06/25,0,100000,-130000,-30000
2010/06/28,0,1500000,-26000,1474000
2010/06/29,0,2011000,0,2011000
2010/06/30,0,500000,0,500000
2010/07/01,0,300000,0,300000
2010/07/02,0,5000,0,5000
2010/07/05,0,500000,-3000,497000
2010/07/06,0,507000,0,507000
2010/07/07,0,3117000,0,3117000
2010/07/08,0,353000,0,353000
2010/07/09,0,1280000,0,1280000
2010/07/12,0,406000,0,406000
2010/07/13,0,1422000,-9000,1413000
2010/07/14,0,2245000,0,2245000
2010/07/15,0,42000,0,42000
2010/07/16,0,1388000,-3000,1385000
2010/07/19,0,61000,-612000,-551000
2010/07/20,0,200000,0,200000
2010/07/21,0,306000,-7000,299000
2010/07/22,0,7000,-427000,-420000
2010/07/23,0,27000,0,27000
2010/07/26,0,810000,0,810000
2010/07/27,0,198000,-1700000,-1502000
2010/07/28,0,4000,-141000,-137000
2010/07/29,0,21000,0,21000
2010/07/30,0,397000,-32000,365000
2010/08/02,0,20000,-19000,1000
2010/08/03,0,0,-205000,-205000
2010/08/04,0,1000,-20000,-19000
2010/08/05,0,3000,-21000,-18000
2010/08/06,0,0,-15000,-15000
2010/08/09,0,20000,-2000,18000
2010/08/10,0,8000,-20000,-12000
2010/08/11,0,0,-3000,-3000
2010/08/12,0,6000,-28000,-22000
2010/08/13,0,0,-361000,-361000
2010/08/16,0,0,-295000,-295000
2010/08/17,0,4000,-137000,-133000
2010/08/18,0,0,-605000,-605000
2010/08/19,0,0,-2922000,-2922000
2010/08/20,0,0,-1424000,-1424000
2010/08/23,0,0,0,0
2010/08/24,0,4000,-18000,-14000
2010/08/25,0,28000,-283000,-255000
2010/08/26,0,0,-6000,-6000
2010/08/27,0,998000,0,998000
2010/08/30,0,10000,-340000,-330000
2010/08/31,0,48000,0,48000
2010/09/01,0,51000,0,51000
2010/09/02,0,15000,0,15000
2010/09/03,0,4000,0,4000
2010/09/06,0,0,-942000,-942000
2010/09/07,0,12000,0,12000
2010/09/08,0,0,0,0
2010/09/09,0,0,0,0
2010/09/10,0,0,0,0
2010/09/13,0,0,0,0
2010/09/14,0,408000,-328500,79500
2010/09/15,0,1641000,0,1641000
2010/09/16,0,0,-1046000,-1046000
2010/09/17,0,0,-18032,-18032
2010/09/20,0,0,-102000,-102000
2010/09/21,0,0,-10000,-10000
2010/09/22,0,0,0,0
2010/09/23,0,0,-176000,-176000
2010/09/24,0,0,-677000,-677000
2010/09/27,0,750000,-10000,740000
2010/09/28,0,0,-52000,-52000
2010/09/29,0,0,-538000,-538000
2010/09/30,0,0,-25000,-25000
2010/10/01,0,0,0,0
2010/10/04,0,0,-7000,-7000
2010/10/05,0,302000,-26000,276000
2010/10/06,0,475000,-16000,459000
2010/10/07,0,0,0,0
2010/10/08,0,0,-5000,-5000
2010/10/11,0,0,-5425000,-5425000
2010/10/12,0,0,-173000,-173000
2010/10/13,0,0,-11000,-11000
2010/10/14,0,23000,-19000,4000
2010/10/15,0,0,-20000,-20000
2010/10/18,0,0,-45000,-45000
2010/10/19,0,19000,-71000,-52000
2010/10/20,0,0,0,0
2010/10/21,0,0,0,0
2010/10/22,0,0,0,0
2010/10/25,0,0,0,0
2010/10/26,0,14000,-1212000,-1198000
2010/10/27,0,9000,-1069000,-1060000
2010/10/28,0,0,-1630000,-1630000
2010/10/29,0,0,-1333000,-1333000
2010/11/01,0,553000,0,553000
2010/11/02,0,0,0,0
2010/11/03,0,0,-104000,-104000
2010/11/04,0,0,0,0
2010/11/05,0,0,0,0
2010/11/08,0,0,-346000,-346000
2010/11/09,0,18000,-1265072,-1247072
2010/11/10,0,386000,-263000,123000
2010/11/11,0,11000,0,11000
2010/11/12,0,0,-534000,-534000
2010/11/15,0,0,-2000,-2000
2010/11/16,0,0,-2000,-2000
2010/11/17,0,0,-6000,-6000
2010/11/18,0,0,0,0
2010/11/19,0,0,0,0
2010/11/22,0,0,-18000,-18000
2010/11/23,0,0,-4000,-4000
2010/11/24,0,0,-176000,-176000
2010/11/25,0,30000,0,30000
2010/11/26,0,6000,0,6000
2010/11/29,0,0,0,0
2010/11/30,0,0,-117000,-117000
2010/12/01,0,0,-16000,-16000
2010/12/02,0,0,-21000,-21000
2010/12/03,0,0,-494000,-494000
2010/12/06,0,0,-39000,-39000
2010/12/07,0,7504000,-1000,7503000
2010/12/08,0,9100000,-14000,9086000
2010/12/09,0,7000,-6000,1000
2010/12/10,0,2300000,0,2300000
2010/12/13,0,0,-19000,-19000
2010/12/14,0,100000,0,100000
2010/12/15,0,2031000,0,2031000
2010/12/16,0,3093000,-11000,3082000
2010/12/17,0,7159000,-150000,7009000
2010/12/20,0,11073000,-13000,11060000
2010/12/21,0,2910000,0,2910000
2010/12/22,0,1566000,0,1566000
2010/12/23,0,1400000,-6000,1394000
2010/12/24,0,90000,0,90000
2010/12/27,0,1606000,-7000,1599000
2010/12/28,0,0,-177000,-177000
2010/12/29,0,1963000,-92,1962908
2010/12/30,0,0,0,0
2010/12/31,0,1489000,-7000,1482000
2011/01/03,0,400000,0,400000
2011/01/04,0,5340000,0,5340000
2011/01/05,0,3933000,0,3933000
2011/01/06,0,2705000,0,2705000
2011/01/07,0,0,0,0
2011/01/10,0,0,-12000,-12000
2011/01/11,0,0,-680,-680
2011/01/12,0,0,0,0
2011/01/13,0,0,0,0
2011/01/14,0,1614000,-63000,1551000
2011/01/17,0,200000,0,200000
2011/01/18,0,1939000,0,1939000
2011/01/19,0,1900000,-28000,1872000
2011/01/20,0,0,-8000,-8000
2011/01/21,0,0,-1274000,-1274000
2011/01/24,0,0,-666000,-666000
2011/01/25,0,1005000,0,1005000
2011/01/26,0,1491000,-18000,1473000
2011/01/27,0,6000,-4000,2000
2011/01/28,0,0,-16000,-16000
2011/01/31,0,0,0,0
2011/02/01,0,0,0,0
2011/02/02,0,0,0,0
2011/02/03,0,0,0,0
2011/02/04,0,0,0,0
2011/02/07,0,0,0,0
2011/02/08,0,0,0,0
2011/02/09,0,0,0,0
2011/02/10,0,0,-182000,-182000
2011/02/11,0,24000,0,24000
2011/02/14,0,8000,0,8000
2011/02/15,0,15000,-348000,-333000
2011/02/16,0,11000,0,11000
2011/02/17,0,0,0,0
2011/02/18,0,414000,0,414000
2011/02/21,0,0,-9000,-9000
2011/02/22,0,2335000,0,2335000
2011/02/23,0,0,-685000,-685000
2011/02/24,0,8000,0,8000
2011/02/25,0,5000,-828000,-823000
2011/02/28,0,0,0,0
2011/03/01,0,0,0,0
2011/03/02,0,5000,-1000,4000
2011/03/03,0,3987000,0,3987000
2011/03/04,0,0,0,0
2011/03/07,0,0,0,0
2011/03/08,0,0,0,0
2011/03/09,0,32000,0,32000
2011/03/10,0,0,0,0
2011/03/11,0,32000,0,32000
2011/03/14,0,10000,-414000,-404000
2011/03/15,0,6000,-1120000,-1114000
2011/03/16,0,0,0,0
2011/03/17,0,0,-1160000,-1160000
2011/03/18,0,0,0,0
2011/03/21,0,0,0,0
2011/03/22,0,0,0,0
2011/03/23,0,6434000,0,6434000
2011/03/24,0,4430000,0,4430000
2011/03/25,0,0,0,0
2011/03/28,0,0,0,0
2011/03/29,0,2000000,0,2000000
2011/03/30,0,70000,0,70000
2011/03/31,0,1330000,-21000,1309000
2011/04/01,0,0,-784000,-784000
2011/04/04,0,0,0,0
2011/04/05,0,0,0,0
2011/04/06,0,2000000,-208000,1792000
2011/04/07,0,0,0,0
2011/04/08,0,1000000,0,1000000
2011/04/11,0,2000,-1111000,-1109000
2011/04/12,0,0,-25000,-25000
2011/04/13,0,0,0,0
2011/04/14,0,3000,0,3000
2011/04/15,0,0,-3311000,-3311000
2011/04/18,0,0,-4000,-4000
2011/04/19,0,9000,-2001000,-1992000
2011/04/20,0,0,-2578000,-2578000
2011/04/21,0,746000,-1592000,-846000
2011/04/22,0,0,-700000,-700000
2011/04/25,0,0,-807000,-807000
2011/04/26,0,0,-3347000,-3347000
2011/04/27,0,1022000,-1008000,14000
2011/04/28,0,358000,-1000000,-642000
2011/04/29,0,0,-1454000,-1454000
2011/05/02,0,0,0,0
2011/05/03,0,55000,-4601000,-4546000
2011/05/04,0,55000,-2000000,-1945000
2011/05/05,0,55000,-4807000,-4752000
2011/05/06,0,55000,-300000,-245000
2011/05/09,0,792000,-300000,492000
2011/05/10,0,1700000,-400000,1300000
2011/05/11,0,0,-700000,-700000
2011/05/12,0,1379000,-505000,874000
2011/05/13,0,0,-1106000,-1106000
2011/05/16,0,6000,0,6000
2011/05/17,0,0,0,0
2011/05/18,0,0,0,0
2011/05/19,0,4000,-1000,3000
2011/05/20,0,0,-2469000,-2469000
2011/05/23,0,7000,-2332000,-2325000
2011/05/24,0,0,-807000,-807000
2011/05/25,0,0,-1635000,-1635000
2011/05/26,0,0,-4071000,-4071000
2011/05/27,0,252000,-2019000,-1767000
2011/05/30,0,4000,0,4000
2011/05/31,0,1365000,-2024000,-659000
2011/06/01,0,0,0,0
2011/06/02,0,83000,0,83000
2011/06/03,0,800000,0,800000
2011/06/06,0,0,0,0
2011/06/07,0,80000,-993000,-913000
2011/06/08,0,6000,0,6000
2011/06/09,0,0,0,0
2011/06/10,0,0,0,0
2011/06/13,0,0,0,0
2011/06/14,0,13000,0,13000
2011/06/15,0,0,-4586000,-4586000
2011/06/16,0,0,-3095000,-3095000
2011/06/17,0,28000,-37000,-9000
2011/06/20,0,13000,-5000,8000
2011/06/21,0,17000,0,17000
2011/06/22,0,11000,0,11000
2011/06/23,0,9000,-13000,-4000
2011/06/24,0,209000,0,209000
2011/06/27,0,2000,0,2000
2011/06/28,0,79000,-9000,70000
2011/06/29,0,61000,0,61000
2011/06/30,0,11000,-315000,-304000
2011/07/01,0,2000,0,2000
2011/07/04,0,0,0,0
2011/07/05,0,0,-1386000,-1386000
2011/07/06,0,205000,-902000,-697000
2011/07/07,0,0,0,0
2011/07/08,0,0,-8000,-8000
2011/07/11,0,680000,0,680000
2011/07/12,0,677000,-2283000,-1606000
2011/07/13,0,18000,0,18000
2011/07/14,0,25000,0,25000
2011/07/15,0,20000,0,20000
2011/07/18,0,6000,0,6000
2011/07/19,0,219000,0,219000
2011/07/20,0,142000,0,142000
2011/07/21,0,6000,0,6000
2011/07/22,0,0,-18000,-18000
2011/07/25,0,0,-2047000,-2047000
2011/07/26,0,8000,-1106000,-1098000
2011/07/27,0,0,-2269000,-2269000
2011/07/28,0,0,-3819000,-3819000
2011/07/29,0,0,0,0
2011/08/01,0,27000,-4876515,-4849515
2011/08/02,0,0,-662000,-662000
2011/08/03,0,38000,-1005000,-967000
2011/08/04,0,80000,-635000,-555000
2011/08/05,0,82000,-1770860,-1688860
2011/08/08,0,51000,-5047000,-4996000
2011/08/09,0,63000,-2719000,-2656000
2011/08/10,0,64000,-18000,46000
2011/08/11,0,71000,-1000000,-929000
2011/08/12,0,5000,-26000,-21000
2011/08/15,0,11000,0,11000
2011/08/16,0,0,-1811000,-1811000
2011/08/17,0,0,-592000,-592000
2011/08/18,0,151000,0,151000
2011/08/19,0,9000,-1238000,-1229000
2011/08/22,0,94000,-348650,-254650
2011/08/23,0,12000,0,12000
2011/08/24,0,0,-250000,-250000
2011/08/25,0,0,-1600000,-1600000
2011/08/26,0,72000,-1280,70720
2011/08/29,0,17000,-86800,-69800
2011/08/30,0,0,-123960,-123960
2011/08/31,0,5000,-5000,0
2011/09/01,0,0,-5000,-5000
2011/09/02,0,91000,-14000,77000
2011/09/05,0,0,-350356,-350356
2011/09/06,0,0,-4548570,-4548570
2011/09/07,0,24000,-700000,-676000
2011/09/08,0,0,-4187760,-4187760
2011/09/09,0,35000,-932000,-897000
2011/09/12,0,0,0,0
2011/09/13,0,51000,-1401123,-1350123
2011/09/14,0,18000,-2832000,-2814000
2011/09/15,0,119000,-331568,-212568
2011/09/16,0,33000,0,33000
2011/09/19,0,34000,0,34000
2011/09/20,0,127000,-940,126060
2011/09/21,0,0,-18630,-18630
2011/09/22,0,0,-3416990,-3416990
2011/09/23,0,11000,0,11000
2011/09/26,0,42000,0,42000
2011/09/27,0,15000,0,15000
2011/09/28,0,0,-7000,-7000
2011/09/29,0,44000,0,44000
2011/09/30,0,0,-237000,-237000
2011/10/03,0,0,-90728,-90728
2011/10/04,0,24000,0,24000
2011/10/05,0,43000,0,43000
2011/10/06,0,63000,-2000,61000
2011/10/07,0,6000,0,6000
2011/10/10,0,0,0,0
2011/10/11,0,0,0,0
2011/10/12,0,0,0,0
2011/10/13,0,2000,0,2000
2011/10/14,0,36000,0,36000
2011/10/17,0,0,-6367,-6367
2011/10/18,0,34808,0,34808
2011/10/19,0,0,0,0
2011/10/20,0,0,0,0
2011/10/21,0,0,0,0
2011/10/24,0,14000,-2000,12000
2011/10/25,0,3000,0,3000
2011/10/26,0,4000,0,4000
2011/10/27,0,10000,0,10000
2011/10/28,0,14000,0,14000
2011/10/31,0,2000,-14000,-12000
2011/11/01,0,0,-18000,-18000
2011/11/02,0,20000,0,20000
2011/11/03,0,5000,0,5000
2011/11/04,0,0,-113000,-113000
2011/11/07,0,0,0,0
2011/11/08,0,16000,0,16000
2011/11/09,0,0,0,0
2011/11/10,0,408000,0,408000
2011/11/11,0,0,-4000,-4000
2011/11/14,0,15000,-37811,-22811
2011/11/15,0,0,-3000,-3000
2011/11/16,0,0,0,0
2011/11/17,0,11000,0,11000
2011/11/18,0,9000,0,9000
2011/11/21,0,19000,0,19000
2011/11/22,0,9000,-193000,-184000
2011/11/23,0,32000,-65,31935
2011/11/24,0,22000,-220000,-198000
2011/11/25,0,23000,0,23000
2011/11/28,0,10000,0,10000
2011/11/29,0,10000,0,10000
2011/11/30,0,8000,-25000,-17000
2011/12/01,0,1399000,-113000,1286000
2011/12/02,0,2067000,0,2067000
2011/12/05,0,221000,-11000,210000
2011/12/06,0,130000,0,130000
2011/12/07,0,1256000,0,1256000
2011/12/08,0,708000,0,708000
2011/12/09,0,658759,0,658759
2011/12/12,0,0,0,0
2011/12/13,0,1130000,0,1130000
2011/12/14,0,99000,0,99000
2011/12/15,0,758000,0,758000
2011/12/16,0,205000,-29000,176000
2011/12/19,0,525000,0,525000
2011/12/20,0,12000,0,12000
2011/12/21,0,0,-26000,-26000
2011/12/22,0,14000,0,14000
2011/12/23,0,0,-14000,-14000
2011/12/26,0,0,-294000,-294000
2011/12/27,0,25000,0,25000
2011/12/28,0,0,-12000,-12000
2011/12/29,0,0,0,0
2011/12/30,0,0,-21000,-21000
2012/01/02,0,27000,0,27000
2012/01/03,0,0,-40000,-40000
2012/01/04,0,500000,0,500000
2012/01/05,0,300000,-9043,290957
2012/01/06,0,0,-8000,-8000
2012/01/09,0,0,-3000,-3000
2012/01/10,0,0,-5000,-5000
2012/01/11,0,0,-14000,-14000
2012/01/12,0,0,-48000,-48000
2012/01/13,0,300000,-758620,-458620
2012/01/16,0,0,-12000,-12000
2012/01/17,0,0,0,0
2012/01/18,0,480000,-26000,454000
2012/01/19,0,0,0,0
2012/01/20,0,0,0,0
2012/01/23,0,0,0,0
2012/01/24,0,0,0,0
2012/01/25,0,0,0,0
2012/01/26,0,0,0,0
2012/01/27,0,0,0,0
2012/01/30,0,100000,-39000,61000
2012/01/31,0,7000,-12000,-5000
2012/02/01,0,0,-20000,-20000
2012/02/02,0,308000,-457000,-149000
2012/02/03,0,550000,-521000,29000
2012/02/06,0,135000,-525000,-390000
2012/02/07,0,1000,0,1000
2012/02/08,0,1500000,-12000,1488000
2012/02/09,0,200000,-122599,77401
2012/02/10,0,500000,-16000,484000
2012/02/13,0,500000,-231000,269000
2012/02/14,0,0,-37000,-37000
2012/02/15,0,0,-27000,-27000
2012/02/16,0,2000,-10000,-8000
2012/02/17,0,227000,0,227000
2012/02/20,0,200000,-11000,189000
2012/02/21,0,40000,0,40000
2012/02/22,0,230000,0,230000
2012/02/23,0,100000,-10000,90000
2012/02/24,0,40000,-41000,-1000
2012/02/27,0,0,0,0
2012/02/28,0,0,0,0
2012/02/29,0,800000,-41000,759000
2012/03/01,0,100000,0,100000
2012/03/02,0,0,-19000,-19000
2012/03/05,0,858000,-7000,851000
2012/03/06,0,84000,-3000,81000
2012/03/07,0,0,-1000,-1000
2012/03/08,0,139752,-22000,117752
2012/03/09,0,0,-5000,-5000
2012/03/12,0,200000,-7000,193000
2012/03/13,0,200000,-20000,180000
2012/03/14,0,0,-1093000,-1093000
2012/03/15,0,0,-692000,-692000
2012/03/16,0,0,-77000,-77000
2012/03/19,0,0,-938000,-938000
2012/03/20,0,0,-607000,-607000
2012/03/21,0,0,0,0
2012/03/22,0,0,0,0
2012/03/23,0,0,0,0
2012/03/26,0,0,-624000,-624000
2012/03/27,0,0,0,0
2012/03/28,0,0,0,0
2012/03/29,0,0,0,0
2012/03/30,0,0,-9000,-9000
2012/04/02,0,0,-1000,-1000
2012/04/03,0,0,0,0
2012/04/04,0,0,0,0
2012/04/05,0,3000,-10580,-7580
2012/04/06,0,0,-500000,-500000
2012/04/09,0,0,-13000,-13000
2012/04/10,0,0,0,0
2012/04/11,0,0,0,0
2012/04/12,0,0,-1000,-1000
2012/04/13,0,0,0,0
2012/04/16,0,0,-19000,-19000
2012/04/17,0,0,0,0
2012/04/18,0,0,0,0
2012/04/19,0,0,0,0
2012/04/20,0,0,0,0
2012/04/23,0,3000,0,3000
2012/04/24,0,17000,0,17000
2012/04/25,0,0,0,0
2012/04/26,0,0,0,0
2012/04/27,0,0,0,0
2012/04/30,0,0,0,0
2012/05/01,0,0,0,0
2012/05/02,0,52000,0,52000
2012/05/03,0,0,-38276,-38276
2012/05/04,0,0,-43000,-43000
2012/05/07,0,0,0,0
2012/05/08,0,0,0,0
2012/05/09,0,0,-100000,-100000
2012/05/10,0,0,0,0
2012/05/11,0,0,0,0
2012/05/14,0,0,-1754000,-1754000
2012/05/15,0,38000,-1146000,-1108000
2012/05/16,0,27000,-288000,-261000
2012/05/17,0,0,-2323000,-2323000
2012/05/18,0,0,-143000,-143000
2012/05/21,0,0,-144000,-144000
2012/05/22,0,0,0,0
2012/05/23,0,0,-419000,-419000
2012/05/24,0,0,-930000,-930000
2012/05/25,0,0,-437000,-437000
2012/05/28,0,1000,-327000,-326000
2012/05/29,0,69000,0,69000
2012/05/30,0,0,-7347,-7347
2012/05/31,0,0,-184000,-184000
2012/06/01,0,0,0,0
2012/06/04,0,21000,0,21000
2012/06/05,0,15000,0,15000
2012/06/06,0,0,-13000,-13000
2012/06/07,0,0,0,0
2012/06/08,0,382000,0,382000
2012/06/11,0,138000,0,138000
2012/06/12,0,455000,0,455000
2012/06/13,0,224000,-18000,206000
2012/06/14,0,72000,-18000,54000
2012/06/15,0,2000,0,2000
2012/06/18,0,0,-1000,-1000
2012/06/19,0,0,0,0
2012/06/20,0,0,0,0
2012/06/21,0,71000,0,71000
2012/06/22,0,0,0,0
2012/06/25,0,0,-55000,-55000
2012/06/26,0,0,-26253,-26253
2012/06/27,0,0,0,0
2012/06/28,0,0,-20000,-20000
2012/06/29,0,0,0,0
2012/07/02,0,3000,-12000,-9000
2012/07/03,0,11000,0,11000
2012/07/04,0,0,0,0
2012/07/05,0,0,-5000,-5000
2012/07/06,0,0,-23000,-23000
2012/07/09,0,0,0,0
2012/07/10,0,0,0,0
2012/07/11,0,2000,0,2000
2012/07/12,0,0,0,0
2012/07/13,0,0,0,0
2012/07/16,0,0,0,0
2012/07/17,0,0,-63000,-63000
2012/07/18,0,0,0,0
2012/07/19,0,0,0,0
2012/07/20,0,777000,0,777000
2012/07/23,0,0,0,0
2012/07/24,0,0,-1000,-1000
2012/07/25,0,0,0,0
2012/07/26,0,29000,0,29000
2012/07/27,0,0,0,0
2012/07/30,0,3500000,0,3500000
2012/07/31,0,0,0,0
2012/08/01,0,3003000,-6000,2997000
2012/08/02,0,0,0,0
2012/08/03,0,149000,0,149000
2012/08/06,0,9000,-6000,3000
2012/08/07,0,4000,-528000,-524000
2012/08/08,0,4665000,-115000,4550000
2012/08/09,0,3993000,-87000,3906000
2012/08/10,0,10000,-34000,-24000
2012/08/13,0,0,-35000,-35000
2012/08/14,0,0,-16000,-16000
2012/08/15,0,156000,-26000,130000
2012/08/16,0,2000000,-40000,1960000
2012/08/17,0,42450,-19000,23450
2012/08/20,0,0,-22000,-22000
2012/08/21,0,0,-13000,-13000
2012/08/22,0,0,-14000,-14000
2012/08/23,0,4000,-71000,-67000
2012/08/24,0,0,0,0
2012/08/27,0,3000,-12000,-9000
2012/08/28,0,0,-209000,-209000
2012/08/29,0,0,-255000,-255000
2012/08/30,0,0,-113000,-113000
2012/08/31,0,2561000,-13000,2548000
2012/09/03,0,0,-106816,-106816
2012/09/04,0,0,0,0
2012/09/05,0,6000,-10000,-4000
2012/09/06,0,11000,0,11000
2012/09/07,0,8000,-11000,-3000
2012/09/10,0,0,0,0
2012/09/11,0,0,0,0
2012/09/12,0,13000,0,13000
2012/09/13,0,5000,0,5000
2012/09/14,0,3000,-234000,-231000
2012/09/17,0,5000,0,5000
2012/09/18,0,0,-269654,-269654
2012/09/19,0,0,-42000,-42000
2012/09/20,0,0,0,0
2012/09/21,0,0,-6000,-6000
2012/09/24,0,3000,0,3000
2012/09/25,0,0,0,0
2012/09/26,0,0,-18000,-18000
2012/09/27,0,4000,-3000,1000
2012/09/28,0,16000,-5000,11000
2012/10/01,0,4000,0,4000
2012/10/02,0,0,-2000,-2000
2012/10/03,0,2000000,0,2000000
2012/10/04,0,0,0,0
2012/10/05,0,0,-4000,-4000
2012/10/08,0,0,0,0
2012/10/09,0,0,0,0
2012/10/10,0,0,0,0
2012/10/11,0,0,0,0
2012/10/12,0,1000,-1000,0
2012/10/15,0,0,0,0
2012/10/16,0,0,-3000,-3000
2012/10/17,0,8000,0,8000
2012/10/18,0,0,-54000,-54000
2012/10/19,0,0,0,0
2012/10/22,0,0,0,0
2012/10/23,0,2000,0,2000
2012/10/24,0,0,-3000,-3000
2012/10/25,0,0,-1000,-1000
2012/10/26,0,0,0,0
2012/10/29,0,0,-52837,-52837
2012/10/30,0,0,-275000,-275000
2012/10/31,0,0,-219000,-219000
2012/11/01,0,0,0,0
2012/11/02,0,14000,0,14000
2012/11/05,0,0,-11000,-11000
2012/11/06,0,0,0,0
2012/11/07,0,0,0,0
2012/11/08,0,0,0,0
2012/11/09,0,0,0,0
2012/11/12,0,3000,-165000,-162000
2012/11/13,0,9000,0,9000
2012/11/14,0,0,0,0
2012/11/15,0,0,0,0
2012/11/16,0,0,0,0
2012/11/19,0,0,0,0
2012/11/20,0,0,0,0
2012/11/21,0,0,-2000,-2000
2012/11/22,0,0,-3000,-3000
2012/11/23,0,0,0,0
2012/11/26,0,0,-2000,-2000
2012/11/27,0,0,0,0
2012/11/28,0,258000,-26000,232000
2012/11/29,0,0,-3000,-3000
2012/11/30,0,0,-361000,-361000
2012/12/03,0,0,0,0
2012/12/04,0,0,-15000,-15000
2012/12/05,0,0,-904000,-904000
2012/12/06,0,0,-350000,-350000
2012/12/07,0,0,-127913,-127913
2012/12/10,0,0,-148000,-148000
2012/12/11,0,0,-1120000,-1120000
2012/12/12,0,0,-328000,-328000
2012/12/13,0,0,-21000,-21000
2012/12/14,0,1000,-65000,-64000
2012/12/17,0,0,0,0
2012/12/18,0,0,-34000,-34000
2012/12/19,0,0,0,0
2012/12/20,0,0,-6000,-6000
2012/12/21,0,0,-103000,-103000
2012/12/24,0,0,0,0
2012/12/25,0,0,0,0
2012/12/26,0,0,0,0
2012/12/27,0,479000,-1000,478000
2012/12/28,0,482000,-2000,480000
2012/12/31,0,0,0,0
2013/01/01,0,0,0,0
2013/01/02,0,0,0,0
2013/01/03,0,0,-12000,-12000
2013/01/04,0,0,-30000,-30000
2013/01/07,0,0,-98000,-98000
2013/01/08,0,0,-8000,-8000
2013/01/09,0,0,0,0
2013/01/10,0,0,0,0
2013/01/11,0,0,-14000,-14000
2013/01/14,0,0,0,0
2013/01/15,0,0,-8000,-8000
2013/01/16,0,0,-37000,-37000
2013/01/17,0,19824,-983000,-963176
2013/01/18,0,0,-26000,-26000
2013/01/21,0,0,-49000,-49000
2013/01/22,0,0,-4000,-4000
2013/01/23,0,0,-13000,-13000
2013/01/24,0,10000,-24000,-14000
2013/01/25,0,0,-1315458,-1315458
2013/01/28,0,0,0,0
2013/01/29,0,0,-722000,-722000
2013/01/30,0,0,-1000487,-1000487
2013/01/31,0,10000,-10000,0
2013/02/01,0,0,0,0
2013/02/04,0,0,-140000,-140000
2013/02/05,0,0,-151000,-151000
2013/02/06,0,0,-20000,-20000
2013/02/07,0,0,0,0
2013/02/08,0,0,0,0
2013/02/11,0,0,0,0
2013/02/12,0,0,0,0
2013/02/13,0,0,0,0
2013/02/14,0,0,0,0
2013/02/15,0,0,0,0
2013/02/18,0,0,-97000,-97000
2013/02/19,0,0,-7000,-7000
2013/02/20,0,0,0,0
2013/02/21,0,0,-10000,-10000
2013/02/22,0,0,-14000,-14000
2013/02/25,0,0,0,0
2013/02/26,0,0,-4000,-4000
2013/02/27,0,0,-1442610,-1442610
2013/02/28,0,0,0,0
2013/03/01,0,0,0,0
2013/03/04,0,0,0,0
2013/03/05,0,0,0,0
2013/03/06,0,0,0,0
2013/03/07,0,0,-2000,-2000
2013/03/08,0,0,-20000,-20000
2013/03/11,0,3000,-5000,-2000
2013/03/12,0,0,-6000,-6000
2013/03/13,0,0,-6000,-6000
2013/03/14,0,0,-5000,-5000
2013/03/15,0,1430000,-15000,1415000
2013/03/18,0,0,-15000,-15000
2013/03/19,0,0,0,0
2013/03/20,0,0,-1000,-1000
2013/03/21,0,0,0,0
2013/03/22,0,0,-9000,-9000
2013/03/25,0,0,-1000,-1000
2013/03/26,0,220000,0,220000
2013/03/27,0,220000,-100000,120000
2013/03/28,0,0,-2000,-2000
2013/03/29,0,0,0,0
2013/04/01,0,0,-5000,-5000
2013/04/02,0,0,0,0
2013/04/03,0,145000,0,145000
2013/04/04,0,0,0,0
2013/04/05,0,0,0,0
2013/04/08,0,0,-2000,-2000
2013/04/09,0,0,0,0
2013/04/10,0,152000,0,152000
2013/04/11,0,0,0,0
2013/04/12,0,0,-11000,-11000
2013/04/15,0,0,-37000,-37000
2013/04/16,0,0,0,0
2013/04/17,0,0,-60000,-60000
2013/04/18,0,0,0,0
2013/04/19,0,8780,0,8780
2013/04/22,0,0,-155992,-155992
2013/04/23,0,0,-17000,-17000
2013/04/24,0,63000,-2000,61000
2013/04/25,0,0,-20000,-20000
2013/04/26,0,0,-10000,-10000
2013/04/29,0,0,-5000,-5000
2013/04/30,0,0,-111000,-111000
2013/05/01,0,0,0,0
2013/05/02,0,0,0,0
2013/05/03,0,0,-20000,-20000
2013/05/06,0,0,-14000,-14000
2013/05/07,0,0,0,0
2013/05/08,0,0,0,0
2013/05/09,0,0,-14000,-14000
2013/05/10,0,0,-100000,-100000
2013/05/13,0,0,-43000,-43000
2013/05/14,0,0,-7000,-7000
2013/05/15,0,0,-26000,-26000
2013/05/16,0,0,0,0
2013/05/17,0,0,0,0
2013/05/20,0,0,-8000,-8000
2013/05/21,0,0,-9000,-9000
2013/05/22,0,0,-29000,-29000
2013/05/23,0,0,-4000,-4000
2013/05/24,0,0,-86000,-86000
2013/05/27,0,0,-8000,-8000
2013/05/28,0,570000,0,570000
2013/05/29,0,0,-7000,-7000
2013/05/30,0,170000,0,170000
2013/05/31,0,0,-1200000,-1200000
2013/06/03,0,0,0,0
2013/06/04,0,0,0,0
2013/06/05,0,360000,0,360000
2013/06/06,0,0,-188000,-188000
2013/06/07,0,150000,0,150000
2013/06/10,0,0,0,0
2013/06/11,0,0,-7000,-7000
2013/06/12,0,0,0,0
2013/06/13,0,0,-29000,-29000
2013/06/14,0,0,0,0
2013/06/17,0,0,0,0
2013/06/18,0,0,-5000,-5000
2013/06/19,0,0,-1000,-1000
2013/06/20,0,0,0,0
2013/06/21,0,12000,-5000,7000
2013/06/24,0,4000,-100000,-96000
2013/06/25,0,0,0,0
2013/06/26,0,0,-16000,-16000
2013/06/27,0,2000,0,2000
2013/06/28,0,5000,0,5000
2013/07/01,0,1700000,-9000,1691000
2013/07/02,0,1250000,0,1250000
2013/07/03,0,1000000,-12000,988000
2013/07/04,0,0,-4000,-4000
2013/07/05,0,2004000,-3501000,-1497000
2013/07/08,0,1500000,-2000000,-500000
2013/07/09,0,1180000,0,1180000
2013/07/10,0,1800000,0,1800000
2013/07/11,0,220801,-134909,85892
2013/07/12,0,5000,-156000,-151000
2013/07/15,0,0,0,0
2013/07/16,0,0,0,0
2013/07/17,0,0,0,0
2013/07/18,0,607000,-16000,591000
2013/07/19,0,5000,0,5000
2013/07/22,0,0,0,0
2013/07/23,0,6000,0,6000
2013/07/24,0,5000,0,5000
2013/07/25,0,0,0,0
2013/07/26,0,0,0,0
2013/07/29,0,80000,0,80000
2013/07/30,0,249000,0,249000
2013/07/31,0,0,-10000,-10000
2013/08/01,0,0,0,0
2013/08/02,0,0,0,0
2013/08/05,0,45000,0,45000
2013/08/06,0,0,0,0
2013/08/07,0,0,0,0
2013/08/08,0,0,0,0
2013/08/09,0,0,0,0
2013/08/12,0,3000,0,3000
2013/08/13,0,0,0,0
2013/08/14,0,8000,0,8000
2013/08/15,0,0,-4000,-4000
2013/08/16,0,220000,-10000,210000
2013/08/19,0,11000,0,11000
2013/08/20,0,0,0,0
2013/08/21,0,0,0,0
2013/08/22,0,1091000,0,1091000
2013/08/23,0,2021000,0,2021000
2013/08/26,0,2032000,0,2032000
2013/08/27,0,0,0,0
2013/08/28,0,16000,0,16000
2013/08/29,0,0,0,0
2013/08/30,0,17000,-8000,9000
2013/09/02,0,0,0,0
2013/09/03,0,26846,0,26846
2013/09/04,0,0,0,0
2013/09/05,0,230000,0,230000
2013/09/06,0,811000,0,811000
2013/09/09,0,800000,-3000,797000
2013/09/10,0,0,-54699,-54699
2013/09/11,0,33000,0,33000
2013/09/12,0,47000,0,47000
2013/09/13,0,19000,-11000,8000
2013/09/16,0,5000,0,5000
2013/09/17,0,21475000,0,21475000
2013/09/18,0,31882000,-1199000,30683000
2013/09/19,0,0,0,0
2013/09/20,0,0,0,0
2013/09/23,0,603000,-246597,356403
2013/09/24,0,0,-1489875,-1489875
2013/09/25,0,0,0,0
2013/09/26,0,4000,0,4000
2013/09/27,0,0,0,0
2013/09/30,0,5000,-2000,3000
2013/10/01,0,3000,0,3000
2013/10/02,0,0,-15000,-15000
2013/10/03,0,12000,0,12000
2013/10/04,0,1000,-4000,-3000
2013/10/07,0,5000,-2000,3000
2013/10/08,0,0,0,0
2013/10/09,0,0,0,0
2013/10/10,0,0,0,0
2013/10/11,0,0,0,0
2013/10/14,0,0,0,0
2013/10/15,0,0,0,0
2013/10/16,0,0,-80000,-80000
2013/10/17,0,1000,-2000,-1000
2013/10/18,0,0,-1000,-1000
2013/10/21,0,0,0,0
2013/10/22,0,0,-19000,-19000
2013/10/23,0,0,-2000,-2000
2013/10/24,0,1000,0,1000
2013/10/25,0,0,-2000,-2000
2013/10/28,0,0,-107000,-107000
2013/10/29,0,0,-2000,-2000
2013/10/30,0,0,0,0
2013/10/31,0,0,0,0
2013/11/01,0,0,-13000,-13000
2013/11/04,0,0,0,0
2013/11/05,0,0,0,0
2013/11/06,0,0,-1500000,-1500000
2013/11/07,0,0,-2502000,-2502000
2013/11/08,0,0,-2000000,-2000000
2013/11/11,0,0,0,0
2013/11/12,0,1000,0,1000
2013/11/13,0,0,-1000,-1000
2013/11/14,0,0,0,0
2013/11/15,0,0,0,0
2013/11/18,0,0,0,0
2013/11/19,0,0,0,0
2013/11/20,0,0,0,0
2013/11/21,0,0,-23000,-23000
2013/11/22,0,0,0,0
2013/11/25,0,0,-29612,-29612
2013/11/26,0,0,-13000,-13000
2013/11/27,0,0,0,0
2013/11/28,0,0,-700000,-700000
2013/11/29,0,0,-730000,-730000
2013/12/02,0,0,-2000,-2000
2013/12/03,0,0,-425000,-425000
2013/12/04,0,0,-138000,-138000
2013/12/05,0,0,-2000,-2000
2013/12/06,0,0,0,0
2013/12/09,0,0,0,0
2013/12/10,0,0,0,0
2013/12/11,0,0,0,0
2013/12/12,0,0,-2000,-2000
2013/12/13,0,0,-600000,-600000
2013/12/16,0,0,-500000,-500000
2013/12/17,0,0,-3000,-3000
2013/12/18,0,0,-502000,-502000
2013/12/19,0,0,0,0
2013/12/20,0,65000,0,65000
2013/12/23,0,0,0,0
2013/12/24,0,0,-28000,-28000
2013/12/25,0,0,-23000,-23000
2013/12/26,0,0,-205000,-205000
2013/12/27,0,20000,0,20000
2013/12/30,0,0,-16000,-16000
2013/12/31,0,0,-11000,-11000
2014/01/02,0,0,-629000,-629000
2014/01/03,0,0,-372254,-372254
2014/01/06,0,0,-212241,-212241
2014/01/07,0,0,-5000,-5000
2014/01/08,0,1000,0,1000
2014/01/09,0,0,-2000,-2000
2014/01/10,0,0,-164000,-164000
2014/01/13,0,0,0,0
2014/01/14,0,4000,-1000,3000
2014/01/15,0,0,-546000,-546000
2014/01/16,0,0,-1000,-1000
2014/01/17,0,0,-4000,-4000
2014/01/20,0,0,-702000,-702000
2014/01/21,0,0,-307000,-307000
2014/01/22,0,0,-11000,-11000
2014/01/23,0,0,-2000,-2000
2014/01/24,0,0,-3001000,-3001000
2014/01/27,0,0,-2289282,-2289282
2014/02/05,0,0,-1000,-1000
2014/02/06,0,0,-1076907,-1076907
2014/02/07,0,0,0,0
2014/02/10,0,7000,0,7000
2014/02/11,0,0,-3000,-3000
2014/02/12,0,0,0,0
2014/02/13,0,22000,-5000,17000
2014/02/14,0,525,0,525
2014/02/17,0,0,0,0
2014/02/18,0,124000,0,124000
2014/02/19,0,26000,-69000,-43000
2014/02/20,0,0,-67000,-67000
2014/02/21,0,0,-8000,-8000
2014/02/24,0,0,-2948000,-2948000
2014/02/25,0,0,-4765000,-4765000
2014/02/26,0,0,0,0
2014/02/27,0,0,-2000,-2000
2014/03/03,0,0,-2058361,-2058361
2014/03/04,0,0,0,0
2014/03/05,0,0,-62000,-62000
2014/03/06,0,0,-22000,-22000
2014/03/07,0,0,-4000,-4000
2014/03/10,0,0,-21000,-21000
2014/03/11,0,0,-6000,-6000
2014/03/12,0,0,-3000,-3000
2014/03/13,0,0,0,0
2014/03/14,0,0,-6000,-6000
2014/03/17,0,0,-3000,-3000
2014/03/18,0,0,-23000,-23000
2014/03/19,0,0,-396000,-396000
2014/03/20,0,0,0,0
2014/03/21,0,0,0,0
2014/03/24,0,0,0,0
2014/03/25,0,0,0,0
2014/03/26,0,0,0,0
2014/03/27,0,0,0,0
2014/03/28,0,0,-210000,-210000
2014/03/31,0,0,0,0
2014/04/01,0,0,-132000,-132000
2014/04/02,0,0,-600000,-600000
2014/04/03,0,0,-128000,-128000
2014/04/07,0,0,-20000,-20000
2014/04/08,0,0,-701000,-701000
2014/04/09,0,0,0,0
2014/04/10,0,1693,0,1693
2014/04/11,0,0,0,0
2014/04/14,0,0,0,0
2014/04/15,0,0,0,0
2014/04/16,0,0,-2000,-2000
2014/04/17,0,0,-23000,-23000
2014/04/18,0,0,-2000,-2000
2014/04/21,0,0,-4000,-4000
2014/04/22,0,0,-4000,-4000
2014/04/23,0,0,-15000,-15000
2014/04/24,0,0,0,0
2014/04/25,0,0,0,0
2014/04/28,0,0,0,0
2014/04/29,0,0,-4000,-4000
2014/04/30,0,4000,-2000,2000
2014/05/02,0,0,0,0
2014/05/05,0,0,0,0
2014/05/06,0,0,0,0
2014/05/07,0,0,0,0
2014/05/08,0,0,0,0
2014/05/09,0,0,-3000,-3000
2014/05/12,0,0,0,0
2014/05/13,0,0,-2859,-2859
2014/05/14,0,0,0,0
2014/05/15,0,0,0,0
2014/05/16,0,0,0,0
2014/05/19,0,0,-4000,-4000
2014/05/20,0,0,0,0
2014/05/21,0,0,-1000,-1000
2014/05/22,0,0,0,0
2014/05/23,0,0,0,0
2014/05/26,0,0,-33000,-33000
2014/05/27,0,0,-55000,-55000
2014/05/28,0,0,-2000,-2000
2014/05/29,0,0,-9000,-9000
2014/05/30,0,486000,-2000,484000
2014/06/03,0,0,0,0
2014/06/04,0,0,0,0
2014/06/05,0,0,0,0
2014/06/06,0,0,-2000,-2000
2014/06/09,0,0,0,0
2014/06/10,0,0,-24000,-24000
2014/06/11,0,0,-33000,-33000
2014/06/12,0,0,-31000,-31000
2014/06/13,0,0,-28000,-28000
2014/06/16,0,0,-20000,-20000
2014/06/17,0,0,0,0
2014/06/18,0,3000,0,3000
2014/06/19,0,0,0,0
2014/06/20,0,0,-469000,-469000
2014/06/23,0,0,0,0
2014/06/24,0,0,-69000,-69000
2014/06/25,0,0,-11000,-11000
2014/06/26,0,0,0,0
2014/06/27,0,0,0,0
2014/06/30,0,0,-62000,-62000
2014/07/01,0,0,0,0
2014/07/02,0,2552,0,2552
2014/07/03,0,0,-22000,-22000
2014/07/04,0,0,0,0
2014/07/07,0,0,0,0
2014/07/08,0,0,-8000,-8000
2014/07/09,0,2400000,0,2400000
2014/07/10,0,1350000,0,1350000
2014/07/11,0,1500000,0,1500000
2014/07/14,0,350000,0,350000
2014/07/15,0,500000,-68000,432000
2014/07/16,0,272000,0,272000
2014/07/17,0,51000,0,51000
2014/07/18,0,372000,0,372000
2014/07/21,0,0,0,0
2014/07/22,0,38000,0,38000
2014/07/23,0,0,0,0
2014/07/24,0,37000,0,37000
2014/07/25,0,812000,0,812000
2014/07/28,0,1000000,0,1000000
2014/07/29,0,36000,0,36000
2014/07/30,0,103000,-4000,99000
2014/07/31,0,70000,0,70000
2014/08/01,0,672000,0,672000
2014/08/04,0,0,-701000,-701000
2014/08/05,0,0,0,0
2014/08/06,0,16000,0,16000
2014/08/07,0,77000,0,77000
2014/08/08,0,101000,-633000,-532000
2014/08/11,0,33000,0,33000
2014/08/12,0,25000,0,25000
2014/08/13,0,15000,0,15000
2014/08/14,0,45000,-1523000,-1478000
2014/08/15,0,18000,0,18000
2014/08/18,0,34000,0,34000
2014/08/19,0,16000,0,16000
2014/08/20,0,11000,0,11000
2014/08/21,0,46000,0,46000
2014/08/22,0,0,0,0
2014/08/25,0,0,0,0
2014/08/26,0,3000,0,3000
2014/08/27,0,5000,0,5000
2014/08/28,0,85000,0,85000
2014/08/29,0,0,-847000,-847000
2014/09/01,0,0,0,0
2014/09/02,0,0,0,0
2014/09/03,0,43000,0,43000
2014/09/04,0,756000,0,756000
2014/09/05,0,48000,0,48000
2014/09/09,0,20000,0,20000
2014/09/10,0,0,0,0
2014/09/11,0,70000,0,70000
2014/09/12,0,58000,-103000,-45000
2014/09/15,0,6000,0,6000
2014/09/16,0,19000,0,19000
2014/09/17,0,26000,-2000,24000
2014/09/18,0,0,0,0
2014/09/19,0,0,-29000,-29000
2014/09/22,0,53805,0,53805
2014/09/23,0,8000,0,8000
2014/09/24,0,8000,0,8000
2014/09/25,0,0,0,0
2014/09/26,0,0,0,0
2014/09/29,0,0,0,0
2014/09/30,0,75000,0,75000
2014/10/01,0,0,0,0
2014/10/02,0,4000,0,4000
2014/10/03,0,0,-1480000,-1480000
2014/10/06,0,20000,-1692000,-1672000
2014/10/07,0,5000,-9000,-4000
2014/10/08,0,5000,-610,4390
2014/10/09,0,0,-1569,-1569
2014/10/13,0,0,0,0
2014/10/14,0,0,0,0
2014/10/15,0,13000,0,13000
2014/10/16,0,0,0,0
2014/10/17,0,9000,0,9000
2014/10/20,0,0,0,0
2014/10/21,0,12000,0,12000
2014/10/22,0,0,0,0
2014/10/23,0,18000,0,18000
2014/10/24,0,0,-1000000,-1000000
2014/10/27,0,0,-803000,-803000
2014/10/28,0,0,-600000,-600000
2014/10/29,0,6000,0,6000
2014/10/30,0,380000,-400000,-20000
2014/10/31,0,0,-510000,-510000
2014/11/03,0,0,-5000,-5000
2014/11/04,0,0,-250000,-250000
2014/11/05,0,0,0,0
2014/11/06,0,0,0,0
2014/11/07,0,0,-37000,-37000
2014/11/10,0,0,0,0
2014/11/11,0,62000,0,62000
2014/11/12,0,29000,-102042,-73042
2014/11/13,0,0,-206000,-206000
2014/11/14,0,0,-172408,-172408
2014/11/17,0,0,-71000,-71000
2014/11/18,0,0,0,0
2014/11/19,0,0,-400000,-400000
2014/11/20,0,11000,0,11000
2014/11/21,0,0,0,0
2014/11/24,0,0,0,0
2014/11/25,0,55000,-1000,54000
2014/11/26,0,0,-1000,-1000
2014/11/27,0,0,-4000,-4000
2014/11/28,0,0,0,0
2014/12/01,0,0,0,0
2014/12/02,0,0,0,0
2014/12/03,0,0,-10000,-10000
2014/12/04,0,0,-500000,-500000
2014/12/05,0,0,-22000,-22000
2014/12/08,0,0,-8000,-8000
2014/12/09,0,0,0,0
2014/12/10,0,0,-22000,-22000
2014/12/11,0,3715,0,3715
2014/12/12,0,667000,0,667000
2014/12/15,0,0,0,0
2014/12/16,0,5000,-33000,-28000
2014/12/17,0,0,0,0
2014/12/18,0,0,0,0
2014/12/19,0,205000,0,205000
2014/12/22,0,0,0,0
2014/12/23,0,0,0,0
2014/12/24,0,0,0,0
2014/12/25,0,0,0,0
2014/12/26,0,0,0,0
2014/12/29,0,100000,-14000,86000
2014/12/30,0,80000,-8000,72000
2014/12/31,0,82000,-1000,81000
2015/01/01,0,0,0,0
2015/01/02,0,0,0,0
2015/01/05,0,0,0,0
2015/01/06,0,340000,0,340000
2015/01/07,0,0,-1000,-1000
2015/01/08,0,0,0,0
2015/01/09,0,0,0,0
2015/01/12,0,0,0,0
2015/01/13,0,0,0,0
2015/01/14,0,0,-7000,-7000
2015/01/15,0,0,0,0
2015/01/16,0,0,0,0
2015/01/19,0,296000,-1000,295000
2015/01/20,0,0,0,0
2015/01/21,0,0,0,0
2015/01/22,0,0,-11000,-11000
2015/01/23,0,0,-110000,-110000
2015/01/26,0,518000,0,518000
2015/01/27,0,0,0,0
2015/01/28,0,0,0,0
2015/01/29,0,0,0,0
2015/01/30,0,0,-27000,-27000
2015/02/02,0,293000,0,293000
2015/02/03,0,0,0,0
2015/02/04,0,0,0,0
2015/02/05,0,0,0,0
2015/02/06,0,0,0,0
2015/02/09,0,0,0,0
2015/02/10,0,0,0,0
2015/02/11,0,0,0,0
2015/02/12,0,0,-8000,-8000
2015/02/13,0,0,-17000,-17000
2015/02/16,0,0,0,0
2015/02/17,0,0,0,0
2015/02/18,0,0,0,0
2015/02/19,0,0,0,0
2015/02/20,0,0,0,0
2015/02/23,0,0,0,0
2015/02/24,0,1680000,0,1680000
2015/02/25,0,0,-49000,-49000
2015/02/26,0,0,-32000,-32000
2015/02/27,0,0,0,0
2015/03/02,0,0,0,0
2015/03/03,0,0,-2000,-2000
2015/03/04,0,0,-77000,-77000
2015/03/05,0,0,-8000,-8000
2015/03/06,0,0,0,0
2015/03/09,0,0,-5000,-5000
2015/03/10,0,0,0,0
2015/03/11,0,0,0,0
2015/03/12,0,0,-117,-117
2015/03/13,0,0,0,0
2015/03/16,0,2000,0,2000
2015/03/17,0,0,-4000,-4000
2015/03/18,0,0,0,0
2015/03/19,0,0,-3000,-3000
2015/03/20,0,0,-64000,-64000
2015/03/23,0,0,-2000,-2000
2015/03/24,0,0,-6000,-6000
2015/03/25,0,0,-2000,-2000
2015/03/26,0,0,0,0
2015/03/27,0,0,-97000,-97000
2015/03/30,0,0,0,0
2015/03/31,0,0,0,0
2015/04/01,0,0,0,0
2015/04/02,0,0,0,0
2015/04/03,0,0,0,0
2015/04/06,0,0,0,0
2015/04/07,0,0,0,0
2015/04/08,0,0,0,0
2015/04/09,0,0,0,0
2015/04/10,0,0,0,0
2015/04/13,0,0,0,0
2015/04/14,0,0,-9000,-9000
2015/04/15,0,7000,-1000,6000
2015/04/16,0,0,0,0
2015/04/17,0,0,0,0
2015/04/20,0,0,-7000,-7000
2015/04/21,0,0,0,0
2015/04/22,0,0,-400000,-400000
2015/04/23,0,0,-750000,-750000
2015/04/24,0,0,-4000,-4000
2015/04/27,0,0,0,0
2015/04/28,0,0,0,0
2015/04/29,0,0,-16000,-16000
2015/04/30,0,0,-2000,-2000
2015/05/01,0,0,0,0
2015/05/04,0,0,0,0
2015/05/05,0,0,-5000,-5000
2015/05/06,0,0,0,0
2015/05/07,0,183000,0,183000
2015/05/08,0,0,0,0
2015/05/11,0,2000,0,2000
2015/05/12,0,0,0,0
2015/05/13,0,0,-2000,-2000
2015/05/14,0,4000,0,4000
2015/05/15,0,788000,-7000,781000
2015/05/18,0,0,0,0
2015/05/19,0,250000,0,250000
2015/05/20,0,294000,-83000,211000
2015/05/21,0,0,0,0
2015/05/22,0,0,-80000,-80000
2015/05/25,0,0,0,0
2015/05/26,0,122000,0,122000
2015/05/27,0,122000,0,122000
2015/05/28,0,0,-426000,-426000
2015/05/29,0,0,-9000,-9000
2015/06/01,0,0,0,0
2015/06/02,0,0,0,0
2015/06/03,0,0,-2000,-2000
2015/06/04,0,191337,-300000,-108663
2015/06/05,0,117000,-806000,-689000
2015/06/08,0,0,-800000,-800000
2015/06/09,0,119000,0,119000
2015/06/10,0,168000,-622000,-454000
2015/06/11,0,0,0,0
2015/06/12,0,168000,-12000,156000
2015/06/15,0,0,0,0
2015/06/16,0,0,-2000,-2000
2015/06/17,0,0,0,0
2015/06/18,0,0,-10000,-10000
2015/06/19,0,0,0,0
2015/06/22,0,15000,-32000,-17000
2015/06/23,0,87000,0,87000
2015/06/24,0,88000,-73000,15000
2015/06/25,0,0,-10000,-10000
2015/06/26,0,0,-5000,-5000
2015/06/29,0,0,-2000,-2000
2015/06/30,0,0,0,0
2015/07/01,0,0,0,0
2015/07/02,0,0,0,0
2015/07/03,0,0,-2000,-2000
2015/07/06,0,0,0,0
2015/07/07,0,0,0,0
2015/07/08,0,0,0,0
2015/07/09,0,5000,-23000,-18000
2015/07/10,0,0,0,0
2015/07/13,0,0,-1000,-1000
2015/07/14,0,0,0,0
2015/07/15,0,37000,0,37000
2015/07/16,0,2000,0,2000
2015/07/17,0,163000,0,163000
2015/07/20,0,0,0,0
2015/07/21,0,4000,0,4000
2015/07/22,0,0,0,0
2015/07/23,0,72000,0,72000
2015/07/24,0,159000,0,159000
2015/07/27,0,17000,0,17000
2015/07/28,0,127000,0,127000
2015/07/29,0,56000,0,56000
2015/07/30,0,37000,0,37000
2015/07/31,0,9000,0,9000
2015/08/03,0,194000,0,194000
2015/08/04,0,116000,0,116000
2015/08/05,0,98000,0,98000
2015/08/06,0,124000,0,124000
2015/08/07,0,147000,0,147000
2015/08/10,0,135000,0,135000
2015/08/11,0,10000,-259000,-249000
2015/08/12,0,176000,0,176000
2015/08/13,0,22000,0,22000
2015/08/14,0,0,0,0
2015/08/17,0,6000,0,6000
2015/08/18,0,1000,0,1000
2015/08/19,0,4000,-18000,-14000
2015/08/20,0,4000,0,4000
2015/08/21,0,0,0,0
2015/08/24,0,758000,0,758000
2015/08/25,0,0,-428845,-428845
2015/08/26,0,131000,0,131000
2015/08/27,0,35000,-728000,-693000
2015/08/28,0,2000,-1324000,-1322000
2015/08/31,0,5000,-86000,-81000
2015/09/01,0,93000,-478000,-385000
2015/09/02,0,198000,-370000,-172000
2015/09/03,0,85000,0,85000
2015/09/04,0,3000,-2000,1000
2015/09/07,0,52000,0,52000
2015/09/08,0,31000,0,31000
2015/09/09,0,1000,0,1000
2015/09/10,0,0,0,0
2015/09/11,0,29000,0,29000
2015/09/14,0,13000,0,13000
2015/09/15,0,15000,0,15000
2015/09/16,0,0,0,0
2015/09/17,0,0,0,0
2015/09/18,0,650000,0,650000
2015/09/21,0,19000,-29000,-10000
2015/09/22,0,12832,0,12832
2015/09/23,0,0,0,0
2015/09/24,0,0,0,0
2015/09/25,0,2000,0,2000
2015/09/28,0,0,0,0
2015/09/29,0,0,0,0
2015/09/30,0,0,0,0
2015/10/01,0,17000,-70000,-53000
2015/10/02,0,74000,0,74000
2015/10/05,0,0,0,0
2015/10/06,0,6000,0,6000
2015/10/07,0,10000,0,10000
2015/10/08,0,0,0,0
2015/10/09,0,0,0,0
2015/10/12,0,0,0,0
2015/10/13,0,0,0,0
2015/10/14,0,0,0,0
2015/10/15,0,0,-737000,-737000
2015/10/16,0,18000,0,18000
2015/10/19,0,0,-405000,-405000
2015/10/20,0,0,-1044201,-1044201
2015/10/21,0,0,0,0
2015/10/22,0,0,0,0
2015/10/23,0,0,-128000,-128000
2015/10/26,0,0,0,0
2015/10/27,0,0,0,0
2015/10/28,0,0,0,0
2015/10/29,0,0,-2000,-2000
2015/10/30,0,0,-7000,-7000
2015/11/02,0,0,0,0
2015/11/03,0,17000,-213000,-196000
2015/11/04,0,87000,-3000,84000
2015/11/05,0,1000,0,1000
2015/11/06,0,0,0,0
2015/11/09,0,61000,0,61000
2015/11/10,0,0,0,0
2015/11/11,0,0,0,0
2015/11/12,0,0,0,0
2015/11/13,0,0,0,0
2015/11/16,0,0,0,0
2015/11/17,0,0,-25000,-25000
2015/11/18,0,2000,0,2000
2015/11/19,0,0,-102000,-102000
2015/11/20,0,0,0,0
2015/11/23,0,0,-5000,-5000
2015/11/24,0,0,0,0
2015/11/25,0,0,0,0
2015/11/26,0,0,0,0
2015/11/27,0,0,0,0
2015/11/30,0,2000,-9000,-7000
2015/12/01,0,0,0,0
2015/12/02,0,0,0,0
2015/12/03,0,0,-66000,-66000
2015/12/04,0,0,0,0
2015/12/07,0,0,0,0
2015/12/08,0,0,0,0
2015/12/09,0,0,0,0
2015/12/10,0,0,0,0
2015/12/11,0,0,0,0
2015/12/14,0,0,-6833,-6833
2015/12/15,0,0,0,0
2015/12/16,0,0,-5000,-5000
2015/12/17,0,0,0,0
2015/12/18,0,0,-36000,-36000
2015/12/21,0,0,0,0
2015/12/22,0,0,0,0
2015/12/23,0,0,0,0
2015/12/24,0,0,0,0
2015/12/25,0,0,0,0
2015/12/28,0,127000,0,127000
2015/12/29,0,105000,0,105000
2015/12/30,0,0,0,0
2015/12/31,0,0,0,0
2016/01/01,0,0,0,0
2016/01/04,0,0,0,0
2016/01/05,0,0,-10000,-10000
2016/01/06,0,0,0,0
2016/01/07,0,0,-7000,-7000
2016/01/08,0,0,0,0
2016/01/11,0,0,-350000,-350000
2016/01/12,0,0,-2000,-2000
2016/01/13,0,0,-2000,-2000
2016/01/14,0,0,0,0
2016/01/15,0,2000,-65000,-63000
2016/01/18,0,0,0,0
2016/01/19,0,0,0,0
2016/01/20,0,325000,-66000,259000
2016/01/21,0,0,0,0
2016/01/22,0,0,-254000,-254000
2016/01/25,0,0,-8000,-8000
2016/01/26,0,2000,0,2000
2016/01/27,0,0,-779000,-779000
2016/01/28,0,0,-1090000,-1090000
2016/01/29,0,2000,0,2000
2016/02/01,0,1273000,0,1273000
2016/02/02,0,382000,0,382000
2016/02/03,0,321000,0,321000
2016/02/04,0,0,0,0
2016/02/05,0,0,0,0
2016/02/08,0,0,0,0
2016/02/09,0,0,0,0
2016/02/10,0,0,0,0
2016/02/11,0,0,0,0
2016/02/12,0,0,0,0
2016/02/15,0,1868,0,1868
2016/02/16,0,0,0,0
2016/02/17,0,4000,-1000,3000
2016/02/18,0,0,0,0
2016/02/19,0,197000,0,197000
2016/02/22,0,0,0,0
2016/02/23,0,0,0,0
2016/02/24,0,0,0,0
2016/02/25,0,0,0,0
2016/02/26,0,0,-9000,-9000
2016/02/29,0,0,0,0
2016/03/01,0,64000,0,64000
2016/03/02,0,0,-40102,-40102
2016/03/03,0,579000,0,579000
2016/03/04,0,71000,0,71000
2016/03/07,0,0,0,0
2016/03/08,0,0,-1000,-1000
2016/03/09,0,0,-192000,-192000
2016/03/10,0,0,0,0
2016/03/11,0,0,0,0
2016/03/14,0,0,0,0
2016/03/15,0,0,0,0
2016/03/16,0,0,0,0
2016/03/17,0,0,0,0
2016/03/18,0,75000,0,75000
2016/03/21,0,0,0,0
2016/03/22,0,0,0,0
2016/03/23,0,0,-8000,-8000
2016/03/24,0,0,0,0
2016/03/25,0,0,0,0
2016/03/28,0,1000,0,1000
2016/03/29,0,0,-1000,-1000
2016/03/30,0,0,0,0
2016/03/31,0,0,0,0
2016/04/01,0,124000,0,124000
2016/04/04,0,0,0,0
2016/04/05,0,0,0,0
2016/04/06,0,0,0,0
2016/04/07,0,0,-1000,-1000
2016/04/08,0,0,0,0
2016/04/11,0,0,0,0
2016/04/12,0,2000,0,2000
2016/04/13,0,0,-78000,-78000
2016/04/14,0,0,0,0
2016/04/15,0,0,-54000,-54000
2016/04/18,0,0,0,0
2016/04/19,0,0,0,0
2016/04/20,0,2000,0,2000
2016/04/21,0,0,0,0
2016/04/22,0,0,-358000,-358000
2016/04/25,0,0,-217000,-217000
2016/04/26,0,0,0,0
2016/04/27,0,0,0,0
2016/04/28,0,0,0,0
2016/04/29,0,0,0,0
2016/05/02,0,0,0,0
2016/05/03,0,0,0,0
2016/05/04,0,0,0,0
2016/05/05,0,3000,0,3000
2016/05/06,0,0,0,0
2016/05/09,0,0,0,0
2016/05/10,0,0,-715,-715
2016/05/11,0,0,0,0
2016/05/12,0,0,0,0
2016/05/13,0,1000,0,1000
2016/05/16,0,0,0,0
2016/05/17,0,0,0,0
2016/05/18,0,0,0,0
2016/05/19,0,0,0,0
2016/05/20,0,0,0,0
2016/05/23,0,0,0,0
2016/05/24,0,0,0,0
2016/05/25,0,0,0,0
2016/05/26,0,0,-6000,-6000
2016/05/27,0,0,0,0
2016/05/30,0,0,0,0
2016/05/31,0,0,-44000,-44000
2016/06/01,0,0,0,0
2016/06/02,0,0,0,0
2016/06/03,0,1000,0,1000
2016/06/06,0,0,0,0
2016/06/07,0,0,0,0
2016/06/08,0,0,0,0
2016/06/09,0,0,0,0
2016/06/10,0,0,0,0
2016/06/13,0,0,-71000,-71000
2016/06/14,0,0,0,0
2016/06/15,0,0,0,0
2016/06/16,0,0,-33000,-33000
2016/06/17,0,0,-100000,-100000
2016/06/20,0,0,-17000,-17000
2016/06/21,0,0,0,0
2016/06/22,0,0,0,0
2016/06/23,0,0,0,0
2016/06/24,0,0,-67000,-67000
2016/06/27,0,1000,0,1000
2016/06/28,0,3000,0,3000
2016/06/29,0,0,0,0
2016/06/30,0,1000,0,1000
2016/07/01,0,0,0,0
2016/07/04,0,0,0,0
2016/07/05,0,0,-71000,-71000
2016/07/06,0,0,-75000,-75000
2016/07/07,0,0,0,0
2016/07/08,0,0,0,0
2016/07/11,0,0,0,0
2016/07/12,0,0,0,0
2016/07/13,0,0,0,0
2016/07/14,0,33000,-2000,31000
2016/07/15,0,0,0,0
2016/07/18,0,0,0,0
2016/07/19,0,15000,-3000,12000
2016/07/20,0,74000,-25000,49000
2016/07/21,0,3000,-134000,-131000
2016/07/22,0,123000,-58000,65000
2016/07/25,0,346000,0,346000
2016/07/26,0,115000,0,115000
2016/07/27,0,3000,-7000,-4000
2016/07/28,0,2000,0,2000
2016/07/29,0,2669,-25000,-22331
2016/08/01,0,0,0,0
2016/08/02,0,0,-8000,-8000
2016/08/03,0,25000,-16000,9000
2016/08/04,0,46000,-8000,38000
2016/08/05,0,0,-7000,-7000
2016/08/08,0,2000,-11000,-9000
2016/08/09,0,1000,-1000,0
2016/08/10,0,1000,-23000,-22000
2016/08/11,0,10000,-4000,6000
2016/08/12,0,3000,-10000,-7000
2016/08/15,0,20000,0,20000
2016/08/16,0,0,-17000,-17000
2016/08/17,0,4000,0,4000
2016/08/18,0,0,-6000,-6000
2016/08/19,0,3000,-246000,-243000
2016/08/22,0,0,0,0
2016/08/23,0,0,0,0
2016/08/24,0,0,-14000,-14000
2016/08/25,0,0,0,0
2016/08/26,0,1000,0,1000
2016/08/29,0,0,0,0
2016/08/30,0,62000,0,62000
2016/08/31,0,96000,-2000,94000
2016/09/01,0,188000,0,188000
2016/09/02,0,0,0,0
2016/09/05,0,0,-6000,-6000
2016/09/06,0,0,0,0
2016/09/07,0,19000,0,19000
2016/09/08,0,0,0,0
2016/09/09,0,1000,0,1000
2016/09/12,0,0,0,0
2016/09/13,0,7000,0,7000
2016/09/14,0,119000,0,119000
2016/09/15,0,0,0,0
2016/09/16,0,0,0,0
2016/09/19,0,0,0,0
2016/09/20,0,0,0,0
2016/09/21,0,0,0,0
2016/09/22,0,0,0,0
2016/09/23,0,0,0,0
2016/09/26,0,0,0,0
2016/09/27,0,0,0,0
2016/09/28,0,0,0,0
2016/09/29,0,0,0,0
2016/09/30,0,116473,0,116473
2016/10/03,0,0,0,0
2016/10/04,0,0,0,0
2016/10/05,0,0,0,0
2016/10/06,0,0,0,0
2016/10/07,0,0,0,0
2016/10/10,0,0,0,0
2016/10/11,0,4000,0,4000
2016/10/12,0,0,-2000,-2000
2016/10/13,0,3000,0,3000
2016/10/14,0,0,0,0
2016/10/17,0,0,0,0
2016/10/18,0,0,0,0
2016/10/19,0,0,0,0
2016/10/20,0,44000,0,44000
2016/10/21,0,25000,0,25000
2016/10/24,0,0,0,0
2016/10/25,0,0,0,0
2016/10/26,0,0,0,0
2016/10/27,0,0,0,0
2016/10/28,0,0,0,0
2016/10/31,0,0,0,0
2016/11/01,0,0,-3000,-3000
2016/11/02,0,0,-88275,-88275
2016/11/03,0,0,0,0
2016/11/04,0,0,0,0
2016/11/07,0,0,0,0
2016/11/08,0,0,0,0
2016/11/09,0,0,0,0
2016/11/10,0,0,0,0
2016/11/11,0,0,0,0
2016/11/14,0,0,0,0
2016/11/15,0,0,0,0
2016/11/16,0,0,0,0
2016/11/17,0,0,-97000,-97000
2016/11/18,0,1000,0,1000
2016/11/21,0,0,0,0
2016/11/22,0,0,0,0
2016/11/23,0,0,0,0
2016/11/24,0,0,0,0
2016/11/25,0,0,0,0
2016/11/28,0,0,0,0
2016/11/29,0,1000,-99000,-98000
2016/11/30,0,1000,-1000,0
2016/12/01,0,0,0,0
2016/12/02,0,0,0,0
2016/12/05,0,0,0,0
2016/12/06,0,0,0,0
2016/12/07,0,0,0,0
2016/12/08,0,0,0,0
2016/12/09,0,0,0,0
2016/12/12,0,0,0,0
2016/12/13,0,0,0,0
2016/12/14,0,0,0,0
2016/12/15,0,0,0,0
2016/12/16,0,0,0,0
2016/12/19,0,0,0,0
2016/12/20,0,0,0,0
2016/12/21,0,0,0,0
2016/12/22,0,0,0,0
2016/12/23,0,0,-100000,-100000
2016/12/26,0,0,0,0
2016/12/27,0,0,0,0
2016/12/28,0,0,-303168,-303168
2016/12/29,0,0,0,0
2016/12/30,0,0,-500000,-500000
2017/01/02,0,0,0,0
2017/01/03,0,0,0,0
2017/01/04,0,0,0,0
2017/01/05,0,27000,0,27000
2017/01/06,0,0,-20000,-20000
2017/01/09,0,0,-500000,-500000
2017/01/10,0,0,0,0
2017/01/11,0,0,0,0
2017/01/12,0,0,0,0
2017/01/13,0,0,0,0
2017/01/16,0,0,0,0
2017/01/17,0,0,0,0
2017/01/18,0,0,0,0
2017/01/19,0,1000,0,1000
2017/01/20,0,0,0,0
2017/01/23,0,2189,0,2189
2017/01/24,0,11000,0,11000
2017/01/25,0,0,0,0
2017/01/26,0,0,0,0
2017/01/27,0,0,0,0
2017/01/30,0,0,0,0
2017/01/31,0,0,0,0
2017/02/01,0,0,0,0
2017/02/02,0,0,0,0
2017/02/03,0,83000,0,83000
2017/02/06,0,0,-751273,-751273
2017/02/07,0,0,-238000,-238000
2017/02/08,0,0,0,0
2017/02/09,0,3000,0,3000
2017/02/10,0,0,0,0
2017/02/13,0,0,0,0
2017/02/14,0,4000,0,4000
2017/02/15,0,0,0,0
2017/02/16,0,0,0,0
2017/02/17,0,3000,0,3000
2017/02/20,0,0,0,0
2017/02/21,0,0,0,0
2017/02/22,0,0,0,0
2017/02/23,0,3000,0,3000
2017/02/24,0,2000,0,2000
2017/02/27,0,0,0,0
2017/02/28,0,0,0,0
2017/03/01,0,0,0,0
2017/03/02,0,0,0,0
2017/03/03,0,5000,-17000,-12000
2017/03/06,0,0,0,0
2017/03/07,0,768000,0,768000
2017/03/08,0,58000,0,58000
2017/03/09,0,0,0,0
2017/03/10,0,0,0,0
2017/03/13,0,0,0,0
2017/03/14,0,0,-38000,-38000
2017/03/15,0,0,0,0
2017/03/16,0,89000,0,89000
2017/03/17,0,15000,0,15000
2017/03/20,0,0,-30000,-30000
2017/03/21,0,0,-13000,-13000
2017/03/22,0,0,0,0
2017/03/23,0,0,0,0
2017/03/24,0,3000,0,3000
2017/03/27,0,0,0,0
2017/03/28,0,0,0,0
2017/03/29,0,0,-2000,-2000
2017/03/30,0,0,0,0
2017/03/31,0,0,0,0
2017/04/03,0,0,0,0
2017/04/04,0,0,0,0
2017/04/05,0,0,0,0
2017/04/06,0,0,0,0
2017/04/07,0,5000,0,5000
2017/04/10,0,5000,0,5000
2017/04/11,0,0,-162000,-162000
2017/04/12,0,0,0,0
2017/04/13,0,0,-163000,-163000
2017/04/14,0,0,-124000,-124000
2017/04/17,0,0,0,0
2017/04/18,0,4000,0,4000
2017/04/19,0,0,0,0
2017/04/20,0,3000,0,3000
2017/04/21,0,0,0,0
2017/04/24,0,0,0,0
2017/04/25,0,0,-247,-247
2017/04/26,0,4000,0,4000
2017/04/27,0,4000,-9000,-5000
2017/04/28,0,0,-18000,-18000
2017/05/01,0,0,0,0
2017/05/02,0,0,-191000,-191000
2017/05/03,0,0,0,0
2017/05/04,0,0,0,0
2017/05/05,0,0,0,0
2017/05/08,0,0,0,0
2017/05/09,0,0,0,0
2017/05/10,0,0,-94000,-94000
2017/05/11,0,0,0,0
2017/05/12,0,0,-186000,-186000
2017/05/15,0,376000,-245000,131000
2017/05/16,0,1097000,-95000,1002000
2017/05/17,0,0,0,0
2017/05/18,0,0,-98000,-98000
2017/05/19,0,0,0,0
2017/05/22,0,0,-4000,-4000
2017/05/23,0,0,0,0
2017/05/24,0,0,0,0
2017/05/25,0,0,-8000,-8000
2017/05/26,0,0,-52000,-52000
2017/05/29,0,0,0,0
2017/05/30,0,0,0,0
2017/05/31,0,161000,-90000,71000
2017/06/01,0,0,-147000,-147000
2017/06/02,0,0,-271000,-271000
2017/06/05,0,0,-301000,-301000
2017/06/06,0,0,-386000,-386000
2017/06/07,0,0,-70000,-70000
2017/06/08,0,0,-6000,-6000
2017/06/09,0,0,-14000,-14000
2017/06/12,0,0,0,0
2017/06/13,0,0,0,0
2017/06/14,0,0,-4000,-4000
2017/06/15,0,0,0,0
2017/06/16,0,458000,-89000,369000
2017/06/19,0,13000,-22000,-9000
2017/06/20,0,1000,-27000,-26000
2017/06/21,0,0,0,0
2017/06/22,0,0,-141000,-141000
2017/06/23,0,0,-10000,-10000
2017/06/26,0,0,-14000,-14000
2017/06/27,0,4000,-9000,-5000
2017/06/28,0,0,-200219,-200219
2017/06/29,0,0,-5000,-5000
2017/06/30,0,1000,0,1000
2017/07/03,0,0,-33000,-33000
2017/07/04,0,3000,-9000,-6000
2017/07/05,0,0,0,0
2017/07/06,0,0,0,0
2017/07/07,0,0,0,0
2017/07/10,0,0,-9000,-9000
2017/07/11,0,0,0,0
2017/07/12,0,0,-18000,-18000
2017/07/13,0,1000,-20000,-19000
2017/07/14,0,0,-19000,-19000
2017/07/17,0,446,-4000,-3554
2017/07/18,0,31000,0,31000
2017/07/19,0,0,0,0
2017/07/20,0,7000,0,7000
2017/07/21,0,0,-1000,-1000
2017/07/24,0,0,0,0
2017/07/25,0,4000,0,4000
2017/07/26,0,1000,-17000,-16000
2017/07/27,0,0,0,0
2017/07/28,0,2000,0,2000
2017/07/31,0,17000,0,17000
2017/08/01,0,10000,-17000,-7000
2017/08/02,0,14000,-16000,-2000
2017/08/03,0,18000,0,18000
2017/08/04,0,23000,0,23000
2017/08/07,0,18000,0,18000
2017/08/08,0,31000,-9000,22000
2017/08/09,0,35000,0,35000
2017/08/10,0,19000,0,19000
2017/08/11,0,9000,-5000,4000
2017/08/14,0,22000,-4000,18000
2017/08/15,0,264000,0,264000
2017/08/16,0,813000,0,813000
2017/08/17,0,1000,0,1000
2017/08/18,0,0,0,0
