Date,Open,Buy,Sell,Total
2007/04/23,0,15000,-402000,-387000
2007/04/24,0,499000,-51000,448000
2007/04/25,0,1349000,-238000,1111000
2007/04/26,0,516000,-845000,-329000
2007/04/27,0,0,-118000,-118000
2007/04/30,0,775000,-1705000,-930000
2007/05/01,0,0,0,0
2007/05/02,0,762000,-827000,-65000
2007/05/03,0,25000,-125000,-100000
2007/05/04,0,63000,-100000,-37000
2007/05/07,0,5000,-574000,-569000
2007/05/08,0,420000,-748000,-328000
2007/05/09,0,400000,-39000,361000
2007/05/10,0,0,-1014000,-1014000
2007/05/11,0,0,-170000,-170000
2007/05/14,0,100000,-62000,38000
2007/05/15,0,29000,-78000,-49000
2007/05/16,0,0,-25000,-25000
2007/05/17,0,100000,-479000,-379000
2007/05/18,0,0,-1005000,-1005000
2007/05/21,0,1886000,-1948000,-62000
2007/05/22,0,286000,-239000,47000
2007/05/23,0,1015000,-871000,144000
2007/05/24,0,116000,-142000,-26000
2007/05/25,0,240000,-107000,133000
2007/05/28,0,480000,-1132000,-652000
2007/05/29,0,290000,-797000,-507000
2007/05/30,0,155000,-1205000,-1050000
2007/05/31,0,514000,-62000,452000
2007/06/01,0,124000,-4000,120000
2007/06/04,0,120000,-69000,51000
2007/06/05,0,0,-124000,-124000
2007/06/06,0,100000,-226000,-126000
2007/06/07,0,200000,-92000,108000
2007/06/08,0,229000,-482000,-253000
2007/06/11,0,150000,-64000,86000
2007/06/12,0,65000,-82000,-17000
2007/06/13,0,0,-61000,-61000
2007/06/14,0,555000,-640000,-85000
2007/06/15,0,1505000,-351000,1154000
2007/06/18,0,0,0,0
2007/06/19,0,0,0,0
2007/06/20,0,1667000,-970000,697000
2007/06/21,0,767000,-35000,732000
2007/06/22,0,224000,-6000,218000
2007/06/25,0,779000,-36000,743000
2007/06/26,0,58000,-1004000,-946000
2007/06/27,0,77000,-3000,74000
2007/06/28,0,155000,-1305000,-1150000
2007/06/29,0,173000,-502000,-329000
2007/07/02,0,22000,-164000,-142000
2007/07/03,0,102000,-79000,23000
2007/07/04,0,464000,-479000,-15000
2007/07/05,0,125000,-159000,-34000
2007/07/06,0,336000,-161000,175000
2007/07/09,0,1335000,-259000,1076000
2007/07/10,0,608000,-58000,550000
2007/07/11,0,80000,-285946,-205946
2007/07/12,0,793000,-614946,178054
2007/07/13,0,125000,-34000,91000
2007/07/16,0,508000,-681101,-173101
2007/07/17,0,963000,-290000,673000
2007/07/18,0,459000,-1041000,-582000
2007/07/19,0,412000,-667000,-255000
2007/07/20,0,270000,-319000,-49000
2007/07/23,0,3000,-446000,-443000
2007/07/24,0,150000,-1483000,-1333000
2007/07/25,0,427000,-412000,15000
2007/07/26,0,214000,-540000,-326000
2007/07/27,0,706000,-1232000,-526000
2007/07/30,0,1043000,-392000,651000
2007/07/31,0,410000,-479000,-69000
2007/08/01,0,202000,-477000,-275000
2007/08/02,0,126000,-134000,-8000
2007/08/03,0,368000,-1217000,-849000
2007/08/06,0,245000,-26000,219000
2007/08/07,0,27000,-246000,-219000
2007/08/08,0,37000,-445000,-408000
2007/08/09,0,56000,-418438,-362438
2007/08/10,0,284000,-251000,33000
2007/08/13,0,650000,-161000,489000
2007/08/14,0,772000,-540000,232000
2007/08/15,0,676000,-118000,558000
2007/08/16,0,778000,-1173000,-395000
2007/08/17,0,1758000,-359000,1399000
2007/08/20,0,156000,-290791,-134791
2007/08/21,0,599000,-82000,517000
2007/08/22,0,376000,-418000,-42000
2007/08/23,0,700000,-670000,30000
2007/08/24,0,1000,-469000,-468000
2007/08/27,0,699000,-1409000,-710000
2007/08/28,0,4000,-17000,-13000
2007/08/29,0,166000,-329000,-163000
2007/08/30,0,279000,-107000,172000
2007/08/31,0,746000,-1929000,-1183000
2007/09/03,0,685000,-153000,532000
2007/09/04,0,313000,-43000,270000
2007/09/05,0,137000,-305000,-168000
2007/09/06,0,100000,-232000,-132000
2007/09/07,0,158000,-62000,96000
2007/09/10,0,280000,-67000,213000
2007/09/11,0,154000,-41000,113000
2007/09/12,0,732000,-61000,671000
2007/09/13,0,199000,-353000,-154000
2007/09/14,0,95000,-166000,-71000
2007/09/17,0,149000,-225000,-76000
2007/09/18,0,0,0,0
2007/09/19,0,358000,-685000,-327000
2007/09/20,0,195000,-1216000,-1021000
2007/09/21,0,165000,-407000,-242000
2007/09/24,0,0,0,0
2007/09/25,0,0,0,0
2007/09/26,0,365000,-641000,-276000
2007/09/27,0,630000,-98000,532000
2007/09/28,0,196000,-321000,-125000
2007/10/01,0,88000,-298000,-210000
2007/10/02,0,3345000,-227000,3118000
2007/10/03,0,4109000,-280000,3829000
2007/10/04,0,419000,-661000,-242000
2007/10/05,0,1000,-32000,-31000
2007/10/08,0,30000,-556000,-526000
2007/10/09,0,53000,-1573000,-1520000
2007/10/10,0,0,0,0
2007/10/11,0,17000,-2461000,-2444000
2007/10/12,0,345000,-220000,125000
2007/10/15,0,827000,-813000,14000
2007/10/16,0,791000,-214000,577000
2007/10/17,0,652000,-34000,618000
2007/10/18,0,840000,-1000,839000
2007/10/19,0,480000,-40000,440000
2007/10/22,0,2336000,-596000,1740000
2007/10/23,0,397000,-116000,281000
2007/10/24,0,251000,-37000,214000
2007/10/25,0,361000,-74000,287000
2007/10/26,0,289000,-16000,273000
2007/10/29,0,656000,-202000,454000
2007/10/30,0,553000,-67000,486000
2007/10/31,0,643000,-16000,627000
2007/11/01,0,682000,-356000,326000
2007/11/02,0,601700,-1179000,-577300
2007/11/05,0,1929000,-501000,1428000
2007/11/06,0,1536000,-536000,1000000
2007/11/07,0,1047000,-99000,948000
2007/11/08,0,788000,-86000,702000
2007/11/09,0,607000,-2173000,-1566000
2007/11/12,0,171000,-390000,-219000
2007/11/13,0,649000,-62000,587000
2007/11/14,0,527000,-15000,512000
2007/11/15,0,201000,-10000,191000
2007/11/16,0,76000,-97000,-21000
2007/11/19,0,153000,-120000,33000
2007/11/20,0,605000,-60000,545000
2007/11/21,0,145000,-373000,-228000
2007/11/22,0,220000,-621000,-401000
2007/11/23,0,37000,-241000,-204000
2007/11/26,0,664000,-5000,659000
2007/11/27,0,393000,-247000,146000
2007/11/28,0,197000,-67000,130000
2007/11/29,0,261000,-400000,-139000
2007/11/30,0,635000,-8000,627000
2007/12/03,0,39000,-124000,-85000
2007/12/04,0,1548000,-454000,1094000
2007/12/05,0,622000,-74000,548000
2007/12/06,0,671000,-63000,608000
2007/12/07,0,751000,-200000,551000
2007/12/10,0,31000,0,31000
2007/12/11,0,808000,0,808000
2007/12/12,0,312000,-198000,114000
2007/12/13,0,171000,-418000,-247000
2007/12/14,0,518000,-97000,421000
2007/12/17,0,128000,-2811000,-2683000
2007/12/18,0,546000,-401000,145000
2007/12/19,0,232000,-668000,-436000
2007/12/20,0,573000,-523000,50000
2007/12/21,0,602000,-557000,45000
2007/12/24,0,318000,-166000,152000
2007/12/25,0,242000,-43000,199000
2007/12/26,0,286000,-359000,-73000
2007/12/27,0,1716000,-2583000,-867000
2007/12/28,0,227000,-872000,-645000
2007/12/31,0,1295000,-2000,1293000
2008/01/01,0,0,0,0
2008/01/02,0,81000,-395000,-314000
2008/01/03,0,388000,-53000,335000
2008/01/04,0,579000,-105000,474000
2008/01/07,0,339000,-633000,-294000
2008/01/08,0,281000,-605000,-324000
2008/01/09,0,183000,-544000,-361000
2008/01/10,0,369000,-33000,336000
2008/01/11,0,120000,-234000,-114000
2008/01/14,0,537000,-573000,-36000
2008/01/15,0,4564000,-148000,4416000
2008/01/16,0,4715000,-2577000,2138000
2008/01/17,0,3713000,-2748000,965000
2008/01/18,0,3349000,-807000,2542000
2008/01/21,0,3078000,-821000,2257000
2008/01/22,0,61000,-578000,-517000
2008/01/23,0,302000,-2990000,-2688000
2008/01/24,0,2103000,-3179000,-1076000
2008/01/25,0,342000,-1359000,-1017000
2008/01/28,0,123000,-613000,-490000
2008/01/29,0,376000,-32000,344000
2008/01/30,0,261000,-668000,-407000
2008/01/31,0,789000,-589000,200000
2008/02/01,0,503000,-244000,259000
2008/02/04,0,0,0,0
2008/02/05,0,0,0,0
2008/02/06,0,0,0,0
2008/02/07,0,0,0,0
2008/02/08,0,0,0,0
2008/02/11,0,0,0,0
2008/02/12,0,75000,-866000,-791000
2008/02/13,0,486000,-635000,-149000
2008/02/14,0,813000,-128000,685000
2008/02/15,0,483000,-247000,236000
2008/02/18,0,256000,-324000,-68000
2008/02/19,0,742000,-141000,601000
2008/02/20,0,96000,-1020000,-924000
2008/02/21,0,378000,-78000,300000
2008/02/22,0,679000,-76000,603000
2008/02/25,0,1017000,-80332,936668
2008/02/26,0,508000,-493000,15000
2008/02/27,0,432000,-1579180,-1147180
2008/02/28,0,0,0,0
2008/02/29,0,180000,-2128000,-1948000
2008/03/03,0,309000,-2101886,-1792886
2008/03/04,0,352000,-1370000,-1018000
2008/03/05,0,639000,-708000,-69000
2008/03/06,0,500000,-109123,390877
2008/03/07,0,617000,-469000,148000
2008/03/10,0,649000,-1383738,-734738
2008/03/11,0,1675000,-678000,997000
2008/03/12,0,476000,-136989,339011
2008/03/13,0,357000,-347210,9790
2008/03/14,0,206000,-662037,-456037
2008/03/17,0,1382000,-488000,894000
2008/03/18,0,432000,-343000,89000
2008/03/19,0,180000,-329921,-149921
2008/03/20,0,2008000,-465000,1543000
2008/03/21,0,1602000,-360000,1242000
2008/03/24,0,2466000,-118000,2348000
2008/03/25,0,1247000,-545000,702000
2008/03/26,0,1241000,-1624000,-383000
2008/03/27,0,135000,-481000,-346000
2008/03/28,0,237000,-244000,-7000
2008/03/31,0,363000,-1114648,-751648
2008/04/01,0,318000,-1377000,-1059000
2008/04/02,0,700000,-28000,672000
2008/04/03,0,127000,-303000,-176000
2008/04/04,0,0,0,0
2008/04/07,0,238000,-30000,208000
2008/04/08,0,150000,-232000,-82000
2008/04/09,0,511000,-116178,394822
2008/04/10,0,555000,-198176,356824
2008/04/11,0,2514000,-851000,1663000
2008/04/14,0,789000,-459946,329054
2008/04/15,0,179000,-295000,-116000
2008/04/16,0,4462000,-665000,3797000
2008/04/17,0,1399000,-386000,1013000
2008/04/18,0,473000,-156000,317000
2008/04/21,0,253000,-291000,-38000
2008/04/22,0,94000,-883000,-789000
2008/04/23,0,426000,-29000,397000
2008/04/24,0,379000,-213000,166000
2008/04/25,0,509000,-534000,-25000
2008/04/28,0,116000,-90000,26000
2008/04/29,0,1473000,-1227000,246000
2008/04/30,0,585000,-122000,463000
2008/05/01,0,0,0,0
2008/05/02,0,217000,-536000,-319000
2008/05/05,0,585000,-595000,-10000
2008/05/06,0,273000,-461000,-188000
2008/05/07,0,202000,-725000,-523000
2008/05/08,0,328000,-179000,149000
2008/05/09,0,559000,-1502000,-943000
2008/05/12,0,845000,-277000,568000
2008/05/13,0,506076,-271000,235076
2008/05/14,0,303000,-193000,110000
2008/05/15,0,536000,-53000,483000
2008/05/16,0,413000,-594000,-181000
2008/05/19,0,365000,-284000,81000
2008/05/20,0,597000,-1119000,-522000
2008/05/21,0,3000,-299000,-296000
2008/05/22,0,223000,-311000,-88000
2008/05/23,0,193000,-202000,-9000
2008/05/26,0,453000,-397000,56000
2008/05/27,0,64000,-208000,-144000
2008/05/28,0,158000,-1155000,-997000
2008/05/29,0,310000,-608000,-298000
2008/05/30,0,190000,-530000,-340000
2008/06/02,0,577000,-409000,168000
2008/06/03,0,105000,-842000,-737000
2008/06/04,0,184246,-55000,129246
2008/06/05,0,464000,-114000,350000
2008/06/06,0,321000,-305000,16000
2008/06/09,0,248000,-1035000,-787000
2008/06/10,0,224000,-662000,-438000
2008/06/11,0,171000,-293000,-122000
2008/06/12,0,184000,-469000,-285000
2008/06/13,0,103000,-141000,-38000
2008/06/16,0,78000,-102000,-24000
2008/06/17,0,90000,-45000,45000
2008/06/18,0,183000,-52000,131000
2008/06/19,0,310000,-427000,-117000
2008/06/20,0,682000,-1280000,-598000
2008/06/23,0,209000,-149000,60000
2008/06/24,0,232000,-100000,132000
2008/06/25,0,1055000,-154000,901000
2008/06/26,0,323000,-150000,173000
2008/06/27,0,268000,-510000,-242000
2008/06/30,0,505000,-133000,372000
2008/07/01,0,567000,-42000,525000
2008/07/02,0,599000,-417000,182000
2008/07/03,0,427000,-435000,-8000
2008/07/04,0,228000,-85000,143000
2008/07/07,0,33000,-65000,-32000
2008/07/08,0,438000,-177000,261000
2008/07/09,0,559000,-76000,483000
2008/07/10,0,208000,-144000,64000
2008/07/11,0,347000,-17000,330000
2008/07/14,0,35000,-124000,-89000
2008/07/15,0,496000,-59000,437000
2008/07/16,0,201000,-514000,-313000
2008/07/17,0,160000,-102000,58000
2008/07/18,0,436000,-75000,361000
2008/07/21,0,283000,-317000,-34000
2008/07/22,0,489000,-161000,328000
2008/07/23,0,806000,-3000,803000
2008/07/24,0,462000,-92000,370000
2008/07/25,0,302000,-581000,-279000
2008/07/28,0,0,0,0
2008/07/29,0,582000,-230000,352000
2008/07/30,0,307000,-107000,200000
2008/07/31,0,539000,-131000,408000
2008/08/01,0,331000,-673000,-342000
2008/08/04,0,826000,-61000,765000
2008/08/05,0,410000,-294000,116000
2008/08/06,0,689000,-86000,603000
2008/08/07,0,77000,-687000,-610000
2008/08/08,0,616000,-36000,580000
2008/08/11,0,196000,-287000,-91000
2008/08/12,0,70000,-549000,-479000
2008/08/13,0,199000,-265000,-66000
2008/08/14,0,262000,-97000,165000
2008/08/15,0,120000,-141000,-21000
2008/08/18,0,76000,-73000,3000
2008/08/19,0,71000,-318272,-247272
2008/08/20,0,1405000,-128000,1277000
2008/08/21,0,922000,-459000,463000
2008/08/22,0,643000,-1100000,-457000
2008/08/25,0,279000,-866000,-587000
2008/08/26,0,166000,-252000,-86000
2008/08/27,0,385000,-150000,235000
2008/08/28,0,309000,-111000,198000
2008/08/29,0,432000,-274000,158000
2008/09/01,0,457262,-444000,13262
2008/09/02,0,195000,-24000,171000
2008/09/03,0,526000,-916000,-390000
2008/09/04,0,639000,-416000,223000
2008/09/05,0,358000,-411000,-53000
2008/09/08,0,54000,-14000,40000
2008/09/09,0,658000,-118000,540000
2008/09/10,0,322000,-774080,-452080
2008/09/11,0,652000,-159000,493000
2008/09/12,0,466000,-176000,290000
2008/09/15,0,73000,-437000,-364000
2008/09/16,0,239000,-133000,106000
2008/09/17,0,518000,-330000,188000
2008/09/18,0,337000,-30000,307000
2008/09/19,0,520000,-161000,359000
2008/09/22,0,226000,-189000,37000
2008/09/23,0,430000,-319000,111000
2008/09/24,0,909000,-261000,648000
2008/09/25,0,1633000,-245000,1388000
2008/09/26,0,1121000,-1587000,-466000
2008/09/29,0,0,0,0
2008/09/30,0,0,-120000,-120000
2008/10/01,0,722000,-2692000,-1970000
2008/10/02,0,2770000,-1534000,1236000
2008/10/03,0,2991000,-2141000,850000
2008/10/06,0,580000,-1908627,-1328627
2008/10/07,0,2221000,-1011000,1210000
2008/10/08,0,1853000,-2142000,-289000
2008/10/09,0,1809000,-2036000,-227000
2008/10/10,0,0,0,0
2008/10/13,0,452000,-100000,352000
2008/10/14,0,279000,-50000,229000
2008/10/15,0,109000,-135231,-26231
2008/10/16,0,0,-135000,-135000
2008/10/17,0,55000,-615000,-560000
2008/10/20,0,0,0,0
2008/10/21,0,1154000,-1348000,-194000
2008/10/22,0,485000,-450971,34029
2008/10/23,0,400000,-74484,325516
2008/10/24,0,210000,-60000,150000
2008/10/27,0,613000,-157000,456000
2008/10/28,0,1367000,-287000,1080000
2008/10/29,0,1068000,-542000,526000
2008/10/30,0,1197000,-341000,856000
2008/10/31,0,1452000,-121000,1331000
2008/11/03,0,1768000,-849000,919000
2008/11/04,0,868000,-1523618,-655618
2008/11/05,0,1533000,-1736985,-203985
2008/11/06,0,174000,-2441000,-2267000
2008/11/07,0,2727000,-1829000,898000
2008/11/10,0,733000,-645320,87680
2008/11/11,0,819000,-2014644,-1195644
2008/11/12,0,718000,-751000,-33000
2008/11/13,0,204000,-740588,-536588
2008/11/14,0,894000,-951000,-57000
2008/11/17,0,1054000,-627000,427000
2008/11/18,0,1167000,-926000,241000
2008/11/19,0,1428000,-250000,1178000
2008/11/20,0,2510000,-1482000,1028000
2008/11/21,0,1596000,-947000,649000
2008/11/24,0,660000,-885000,-225000
2008/11/25,0,1134000,-540000,594000
2008/11/26,0,750000,-550000,200000
2008/11/27,0,897000,-6000,891000
2008/11/28,0,4717000,-1870000,2847000
2008/12/01,0,2802000,-1419118,1382882
2008/12/02,0,1906000,-4149000,-2243000
2008/12/03,0,2269000,-1401000,868000
2008/12/04,0,100000,-2454000,-2354000
2008/12/05,0,902000,-2251000,-1349000
2008/12/08,0,1862000,-735000,1127000
2008/12/09,0,3496000,-2754000,742000
2008/12/10,0,2348000,-701440,1646560
2008/12/11,0,2238000,-2698000,-460000
2008/12/12,0,853000,-2089000,-1236000
2008/12/15,0,1045000,-321000,724000
2008/12/16,0,1576000,-427000,1149000
2008/12/17,0,1115000,-947000,168000
2008/12/18,0,620000,-499000,121000
2008/12/19,0,2025000,-1133000,892000
2008/12/22,0,931000,-2244000,-1313000
2008/12/23,0,746000,-2416000,-1670000
2008/12/24,0,2187000,-1463000,724000
2008/12/25,0,208000,-519000,-311000
2008/12/26,0,453000,-205000,248000
2008/12/29,0,306000,-335000,-29000
2008/12/30,0,2387000,-410000,1977000
2008/12/31,0,1418000,-596000,822000
2009/01/01,0,0,0,0
2009/01/02,0,0,0,0
2009/01/05,0,2343000,-1192000,1151000
2009/01/06,0,1003000,-655000,348000
2009/01/07,0,733000,-872000,-139000
2009/01/08,0,68000,-2124000,-2056000
2009/01/09,0,960000,-425000,535000
2009/01/12,0,1145000,-901000,244000
2009/01/13,0,945000,-188000,757000
2009/01/14,0,1191000,-1256810,-65810
2009/01/15,0,510000,-1144000,-634000
2009/01/16,0,711000,-150000,561000
2009/01/19,0,503000,-288394,214606
2009/01/20,0,470000,-764000,-294000
2009/01/21,0,710000,-309000,401000
2009/01/22,0,0,0,0
2009/01/23,0,0,0,0
2009/01/26,0,0,0,0
2009/01/27,0,0,0,0
2009/01/28,0,0,0,0
2009/01/29,0,0,0,0
2009/01/30,0,0,0,0
2009/02/02,0,384000,-228000,156000
2009/02/03,0,119000,-202000,-83000
2009/02/04,0,17000,-408000,-391000
2009/02/05,0,779000,-205000,574000
2009/02/06,0,926000,-555000,371000
2009/02/09,0,157000,-938000,-781000
2009/02/10,0,1374000,0,1374000
2009/02/11,0,378416,-120000,258416
2009/02/12,0,416000,-640000,-224000
2009/02/13,0,1076000,-258000,818000
2009/02/16,0,433000,-235000,198000
2009/02/17,0,518000,-769000,-251000
2009/02/18,0,18000,-507000,-489000
2009/02/19,0,1255000,-965000,290000
2009/02/20,0,280000,-222000,58000
2009/02/23,0,342000,-913000,-571000
2009/02/24,0,693000,-241000,452000
2009/02/25,0,1007000,-814000,193000
2009/02/26,0,495000,-1063000,-568000
2009/02/27,0,628000,-49000,579000
2009/03/02,0,1280000,-1579000,-299000
2009/03/03,0,662000,-985000,-323000
2009/03/04,0,1668000,-572000,1096000
2009/03/05,0,1401000,-469000,932000
2009/03/06,0,782000,-869000,-87000
2009/03/09,0,15000,-216000,-201000
2009/03/10,0,765000,-152000,613000
2009/03/11,0,1428000,-2357000,-929000
2009/03/12,0,2120000,-928000,1192000
2009/03/13,0,1422000,-1075000,347000
2009/03/16,0,109000,-2147000,-2038000
2009/03/17,0,520000,-592000,-72000
2009/03/18,0,1447000,-273000,1174000
2009/03/19,0,3328000,-1198000,2130000
2009/03/20,0,758000,-1241000,-483000
2009/03/23,0,2842000,-1658000,1184000
2009/03/24,0,1550000,-2144000,-594000
2009/03/25,0,759000,-402000,357000
2009/03/26,0,1022000,-857000,165000
2009/03/27,0,1850000,-1223000,627000
2009/03/30,0,1739000,-1811000,-72000
2009/03/31,0,2310000,-218000,2092000
2009/04/01,0,2085000,-1722000,363000
2009/04/02,0,5531000,-3819000,1712000
2009/04/03,0,5384000,-9382000,-3998000
2009/04/06,0,1072000,-4049049,-2977049
2009/04/07,0,907000,-1771000,-864000
2009/04/08,0,4309000,-3059000,1250000
2009/04/09,0,3466000,-903000,2563000
2009/04/10,0,1344000,-3304000,-1960000
2009/04/13,0,5058000,-4148147,909853
2009/04/14,0,746000,-3289000,-2543000
2009/04/15,0,1131000,-2394000,-1263000
2009/04/16,0,1082000,-4387000,-3305000
2009/04/17,0,2230000,-2431520,-201520
2009/04/20,0,2844000,-1476000,1368000
2009/04/21,0,1489000,-925000,564000
2009/04/22,0,333000,-1083365,-750365
2009/04/23,0,584000,-445000,139000
2009/04/24,0,1286000,-1085000,201000
2009/04/27,0,1160000,-1835000,-675000
2009/04/28,0,4276000,-2599000,1677000
2009/04/29,0,2338000,-204000,2134000
2009/04/30,0,1528000,-500000,1028000
2009/05/01,0,0,0,0
2009/05/04,0,500000,0,500000
2009/05/05,0,8592000,-760000,7832000
2009/05/06,0,4381000,-4425000,-44000
2009/05/07,0,1869000,-5812000,-3943000
2009/05/08,0,1356000,-4243000,-2887000
2009/05/11,0,932000,-1881000,-949000
2009/05/12,0,1628000,-1586000,42000
2009/05/13,0,105000,-2241000,-2136000
2009/05/14,0,714000,-980000,-266000
2009/05/15,0,1637000,-959000,678000
2009/05/18,0,5669000,-1635000,4034000
2009/05/19,0,545000,-44416,500584
2009/05/20,0,4735000,-2933000,1802000
2009/05/21,0,2296000,-3027000,-731000
2009/05/22,0,1900000,-3267841,-1367841
2009/05/25,0,1256000,-2047000,-791000
2009/05/26,0,1413000,-2250000,-837000
2009/05/27,0,1835000,-547000,1288000
2009/05/28,0,0,0,0
2009/05/29,0,0,0,0
2009/06/01,0,2263000,-730000,1533000
2009/06/02,0,61000,-1194000,-1133000
2009/06/03,0,2367000,-766914,1600086
2009/06/04,0,1103000,-2171000,-1068000
2009/06/05,0,966000,-1330000,-364000
2009/06/08,0,459000,-1091000,-632000
2009/06/09,0,4254000,-2334000,1920000
2009/06/10,0,1290000,-541122,748878
2009/06/11,0,982000,-1525000,-543000
2009/06/12,0,951000,-1881000,-930000
2009/06/15,0,915000,-1954000,-1039000
2009/06/16,0,622000,-2139673,-1517673
2009/06/17,0,2646000,-921000,1725000
2009/06/18,0,1178000,-871000,307000
2009/06/19,0,2503000,-1379000,1124000
2009/06/22,0,945000,-2016000,-1071000
2009/06/23,0,526000,-806000,-280000
2009/06/24,0,7299000,-984000,6315000
2009/06/25,0,1534641,-2992000,-1457359
2009/06/26,0,726000,-2167000,-1441000
2009/06/29,0,1789000,-1565282,223718
2009/06/30,0,2460000,-1541000,919000
2009/07/01,0,1060000,-401000,659000
2009/07/02,0,1771000,-1194000,577000
2009/07/03,0,3604000,-1730000,1874000
2009/07/06,0,1201000,-2896000,-1695000
2009/07/07,0,2943621,-2726000,217621
2009/07/08,0,1246000,-6099000,-4853000
2009/07/09,0,1273000,-5422000,-4149000
2009/07/10,0,326000,-823000,-497000
2009/07/13,0,129000,-4883000,-4754000
2009/07/14,0,2198000,-733583,1464417
2009/07/15,0,1563000,-1595000,-32000
2009/07/16,0,3545000,-2581000,964000
2009/07/17,0,945000,-1554000,-609000
2009/07/20,0,1257000,-1392000,-135000
2009/07/21,0,2528000,-2105000,423000
2009/07/22,0,1307000,-2291000,-984000
2009/07/23,0,1606910,-2910000,-1303090
2009/07/24,0,1681218,-2225000,-543782
2009/07/27,0,678000,-235000,443000
2009/07/28,0,2362383,-377000,1985383
2009/07/29,0,1378000,-791000,587000
2009/07/30,0,1171000,-2085000,-914000
2009/07/31,0,532000,-606000,-74000
2009/08/03,0,629096,-1400000,-770904
2009/08/04,0,1639000,-3855000,-2216000
2009/08/05,0,2572000,-1840000,732000
2009/08/06,0,1135000,-763000,372000
2009/08/07,0,0,0,0
2009/08/10,0,1396000,-2608000,-1212000
2009/08/11,0,1526000,-3244000,-1718000
2009/08/12,0,859000,-1049000,-190000
2009/08/13,0,4432000,-435000,3997000
2009/08/14,0,2547000,-1111000,1436000
2009/08/17,0,1041000,-3230000,-2189000
2009/08/18,0,1967000,-838000,1129000
2009/08/19,0,1406000,-1587000,-181000
2009/08/20,0,590000,-1354000,-764000
2009/08/21,0,596000,-1868000,-1272000
2009/08/24,0,673000,-1581000,-908000
2009/08/25,0,542000,-1460000,-918000
2009/08/26,0,887000,-521000,366000
2009/08/27,0,324000,-456000,-132000
2009/08/28,0,1084000,-1346341,-262341
2009/08/31,0,30000,-142000,-112000
2009/09/01,0,3403000,-262000,3141000
2009/09/02,0,1766000,-1327000,439000
2009/09/03,0,1684000,-996000,688000
2009/09/04,0,852000,-1630000,-778000
2009/09/07,0,2087000,-930000,1157000
2009/09/08,0,2076000,-1810000,266000
2009/09/09,0,2714000,-815000,1899000
2009/09/10,0,3011000,-4016000,-1005000
2009/09/11,0,1022000,-929000,93000
2009/09/14,0,439000,-2605000,-2166000
2009/09/15,0,561000,-548000,13000
2009/09/16,0,1356000,-1075810,280190
2009/09/17,0,1547000,-1471000,76000
2009/09/18,0,590000,-265000,325000
2009/09/21,0,902000,-705000,197000
2009/09/22,0,1746000,-802000,944000
2009/09/23,0,458000,-2061000,-1603000
2009/09/24,0,514000,-736000,-222000
2009/09/25,0,820000,-233000,587000
2009/09/28,0,495000,-570357,-75357
2009/09/29,0,1436000,-330000,1106000
2009/09/30,0,561000,-298000,263000
2009/10/01,0,1581000,-1312000,269000
2009/10/02,0,1393000,-652000,741000
2009/10/05,0,432000,-1198000,-766000
2009/10/06,0,661000,-1155000,-494000
2009/10/07,0,699000,-1166000,-467000
2009/10/08,0,520000,-649000,-129000
2009/10/09,0,1179000,-226000,953000
2009/10/12,0,530000,-674000,-144000
2009/10/13,0,623000,-392000,231000
2009/10/14,0,1214000,-1039000,175000
2009/10/15,0,2213000,-267000,1946000
2009/10/16,0,430000,-525000,-95000
2009/10/19,0,73000,-937000,-864000
2009/10/20,0,1007000,-757000,250000
2009/10/21,0,313000,-301000,12000
2009/10/22,0,556000,-1001000,-445000
2009/10/23,0,1123000,-863000,260000
2009/10/26,0,836000,-1255000,-419000
2009/10/27,0,591000,-860000,-269000
2009/10/28,0,796000,-943000,-147000
2009/10/29,0,968000,-3049000,-2081000
2009/10/30,0,459000,-486000,-27000
2009/11/02,0,104000,-1284000,-1180000
2009/11/03,0,270000,-1624000,-1354000
2009/11/04,0,1008000,-769000,239000
2009/11/05,0,175000,-435000,-260000
2009/11/06,0,603000,-608000,-5000
2009/11/09,0,2426000,-193000,2233000
2009/11/10,0,271000,-355000,-84000
2009/11/11,0,851000,-447000,404000
2009/11/12,0,547000,-746000,-199000
2009/11/13,0,554000,-1117000,-563000
2009/11/16,0,1122000,-1008000,114000
2009/11/17,0,502000,-1387000,-885000
2009/11/18,0,620000,-485000,135000
2009/11/19,0,805000,-1320000,-515000
2009/11/20,0,948000,-937000,11000
2009/11/23,0,106000,-225000,-119000
2009/11/24,0,472000,-158000,314000
2009/11/25,0,619000,-346000,273000
2009/11/26,0,442000,-618000,-176000
2009/11/27,0,20000,-1749000,-1729000
2009/11/30,0,476000,-305000,171000
2009/12/01,0,1393000,-539000,854000
2009/12/02,0,1168000,-2788000,-1620000
2009/12/03,0,473000,-768000,-295000
2009/12/04,0,302000,-168000,134000
2009/12/07,0,382000,-142000,240000
2009/12/08,0,285000,-281000,4000
2009/12/09,0,57000,-138000,-81000
2009/12/10,0,165000,-1259000,-1094000
2009/12/11,0,105000,-273031,-168031
2009/12/14,0,177000,-286000,-109000
2009/12/15,0,86000,-117000,-31000
2009/12/16,0,160000,-750000,-590000
2009/12/17,0,101000,-171000,-70000
2009/12/18,0,521000,-344000,177000
2009/12/21,0,341000,-381000,-40000
2009/12/22,0,1399000,-495000,904000
2009/12/23,0,526000,-1764000,-1238000
2009/12/24,0,17000,-72000,-55000
2009/12/25,0,1773000,-79000,1694000
2009/12/28,0,1362000,-414000,948000
2009/12/29,0,1161000,-1968000,-807000
2009/12/30,0,25000,-404000,-379000
2009/12/31,0,846000,-54000,792000
2010/01/01,0,0,0,0
2010/01/04,0,168000,-409000,-241000
2010/01/05,0,1219000,-970000,249000
2010/01/06,0,1974000,-269000,1705000
2010/01/07,0,343000,-275093,67907
2010/01/08,0,105000,-80000,25000
2010/01/11,0,3385000,-379000,3006000
2010/01/12,0,242000,-872000,-630000
2010/01/13,0,590000,-1221000,-631000
2010/01/14,0,13000,-111000,-98000
2010/01/15,0,945000,-445000,500000
2010/01/18,0,397000,-4374000,-3977000
2010/01/19,0,0,0,0
2010/01/20,0,0,0,0
2010/01/21,0,0,0,0
2010/01/22,0,0,0,0
2010/01/25,0,0,0,0
2010/01/26,0,0,0,0
2010/01/27,0,0,0,0
2010/01/28,0,0,0,0
2010/01/29,0,0,0,0
2010/02/01,0,0,0,0
2010/02/02,0,0,0,0
2010/02/03,0,1440000,0,1440000
2010/02/04,0,840000,-1385240,-545240
2010/02/05,0,1086000,-530000,556000
2010/02/08,0,1644000,-3378156,-1734156
2010/02/09,0,293000,-994000,-701000
2010/02/10,0,593000,-385022,207978
2010/02/11,0,0,0,0
2010/02/12,0,0,0,0
2010/02/15,0,0,0,0
2010/02/16,0,0,0,0
2010/02/17,0,0,0,0
2010/02/18,0,0,0,0
2010/02/19,0,0,0,0
2010/02/22,0,754000,-158000,596000
2010/02/23,0,180000,-232000,-52000
2010/02/24,0,141000,-68000,73000
2010/02/25,0,316000,-694000,-378000
2010/02/26,0,317000,-118000,199000
2010/03/01,0,398000,-280000,118000
2010/03/02,0,73000,-362000,-289000
2010/03/03,0,370000,-188000,182000
2010/03/04,0,101000,-210000,-109000
2010/03/05,0,630000,-332247,297753
2010/03/08,0,113000,-1613000,-1500000
2010/03/09,0,255000,-10000,245000
2010/03/10,0,341000,-180000,161000
2010/03/11,0,548000,-180000,368000
2010/03/12,0,311000,-201000,110000
2010/03/15,0,977000,-165000,812000
2010/03/16,0,730000,-17000,713000
2010/03/17,0,1911000,-1512000,399000
2010/03/18,0,2276000,-538000,1738000
2010/03/19,0,650000,-1494000,-844000
2010/03/22,0,54000,-390000,-336000
2010/03/23,0,440000,-1323000,-883000
2010/03/24,0,631000,-68000,563000
2010/03/25,0,1065000,-81000,984000
2010/03/26,0,173000,-293000,-120000
2010/03/29,0,605000,-475000,130000
2010/03/30,0,131000,-620000,-489000
2010/03/31,0,766000,-141000,625000
2010/04/01,0,358000,-486000,-128000
2010/04/02,0,613000,-648000,-35000
2010/04/05,0,0,0,0
2010/04/06,0,174000,-404000,-230000
2010/04/07,0,260000,-501000,-241000
2010/04/08,0,552000,-146000,406000
2010/04/09,0,321000,-286000,35000
2010/04/12,0,175000,-160000,15000
2010/04/13,0,710000,-150000,560000
2010/04/14,0,220000,-92000,128000
2010/04/15,0,2288000,-444000,1844000
2010/04/16,0,402000,-354000,48000
2010/04/19,0,2278000,-1544000,734000
2010/04/20,0,661000,-544000,117000
2010/04/21,0,848000,-838000,10000
2010/04/22,0,841000,-211000,630000
2010/04/23,0,234000,-2106000,-1872000
2010/04/26,0,551000,-1555000,-1004000
2010/04/27,0,492000,-56000,436000
2010/04/28,0,1031000,-561655,469345
2010/04/29,0,96000,-300000,-204000
2010/04/30,0,806000,-108000,698000
2010/05/03,0,505000,-123000,382000
2010/05/04,0,331000,-193000,138000
2010/05/05,0,2840000,-264000,2576000
2010/05/06,0,1029000,-1555000,-526000
2010/05/07,0,1978000,-45000,1933000
2010/05/10,0,135000,-1670000,-1535000
2010/05/11,0,1512000,-2733742,-1221742
2010/05/12,0,817000,-805000,12000
2010/05/13,0,3047000,-4146000,-1099000
2010/05/14,0,3067000,-298410,2768590
2010/05/17,0,1612000,-641000,971000
2010/05/18,0,835000,-1621000,-786000
2010/05/19,0,860000,-582000,278000
2010/05/20,0,2668000,-365000,2303000
2010/05/21,0,6388000,-1229000,5159000
2010/05/24,0,176000,-1148849,-972849
2010/05/25,0,3491000,-1760000,1731000
2010/05/26,0,836000,-542000,294000
2010/05/27,0,151000,-2551000,-2400000
2010/05/28,0,163000,-1756000,-1593000
2010/05/31,0,45000,-98000,-53000
2010/06/01,0,588000,-476000,112000
2010/06/02,0,894000,-235000,659000
2010/06/03,0,230000,-1082000,-852000
2010/06/04,0,131000,-63000,68000
2010/06/07,0,1782000,-302000,1480000
2010/06/08,0,353000,-491000,-138000
2010/06/09,0,1561000,-710000,851000
2010/06/10,0,117000,-422000,-305000
2010/06/11,0,881000,-2249000,-1368000
2010/06/14,0,3126000,-2726000,400000
2010/06/15,0,2588000,-13000,2575000
2010/06/16,0,0,0,0
2010/06/17,0,1047000,-1461000,-414000
2010/06/18,0,516000,-833000,-317000
2010/06/21,0,637000,-2018000,-1381000
2010/06/22,0,320000,-277000,43000
2010/06/23,0,151000,-856000,-705000
2010/06/24,0,757000,-627242,129758
2010/06/25,0,2233000,-331000,1902000
2010/06/28,0,3183000,-1180000,2003000
2010/06/29,0,2803000,-880000,1923000
2010/06/30,0,837000,-470000,367000
2010/07/01,0,761000,-589000,172000
2010/07/02,0,3127000,-2369000,758000
2010/07/05,0,3040000,-2421000,619000
2010/07/06,0,1065000,-1013000,52000
2010/07/07,0,1497000,-340000,1157000
2010/07/08,0,980000,-631000,349000
2010/07/09,0,535000,-399000,136000
2010/07/12,0,488000,-1341000,-853000
2010/07/13,0,107000,-453000,-346000
2010/07/14,0,1860000,-2568000,-708000
2010/07/15,0,2796000,-3985000,-1189000
2010/07/16,0,2161000,-3496000,-1335000
2010/07/19,0,717000,-953000,-236000
2010/07/20,0,216000,-364000,-148000
2010/07/21,0,469000,-78000,391000
2010/07/22,0,530000,-143000,387000
2010/07/23,0,939000,-345354,593646
2010/07/26,0,170000,-432000,-262000
2010/07/27,0,765000,-490000,275000
2010/07/28,0,453000,-140000,313000
2010/07/29,0,245000,-421000,-176000
2010/07/30,0,680000,-1568000,-888000
2010/08/02,0,2772000,-2061000,711000
2010/08/03,0,1505000,-2798000,-1293000
2010/08/04,0,657000,-371000,286000
2010/08/05,0,334000,-1548000,-1214000
2010/08/06,0,232000,-242000,-10000
2010/08/09,0,2021000,-456000,1565000
2010/08/10,0,797000,-594000,203000
2010/08/11,0,7842000,-1232000,6610000
2010/08/12,0,507000,-8634000,-8127000
2010/08/13,0,1665000,-441000,1224000
2010/08/16,0,886000,-473000,413000
2010/08/17,0,249000,-449000,-200000
2010/08/18,0,361000,-3296000,-2935000
2010/08/19,0,674000,-955000,-281000
2010/08/20,0,37000,-1787283,-1750283
2010/08/23,0,1571000,-662000,909000
2010/08/24,0,251000,-722000,-471000
2010/08/25,0,843000,-769446,73554
2010/08/26,0,973000,-465000,508000
2010/08/27,0,265000,-346000,-81000
2010/08/30,0,3456000,-951000,2505000
2010/08/31,0,1035000,-426000,609000
2010/09/01,0,1687000,-643028,1043972
2010/09/02,0,374000,-2002000,-1628000
2010/09/03,0,1783000,-275000,1508000
2010/09/06,0,1152000,-833000,319000
2010/09/07,0,584000,-1061000,-477000
2010/09/08,0,1171000,-342000,829000
2010/09/09,0,653000,-2195271,-1542271
2010/09/10,0,862000,-245000,617000
2010/09/13,0,1419000,-3191979,-1772979
2010/09/14,0,1550000,-1039000,511000
2010/09/15,0,1168400,-765000,403400
2010/09/16,0,1470000,-852204,617796
2010/09/17,0,2251000,-1322000,929000
2010/09/20,0,323000,-510370,-187370
2010/09/21,0,581000,-422000,159000
2010/09/22,0,0,0,0
2010/09/23,0,766000,-2454000,-1688000
2010/09/24,0,914000,-200200,713800
2010/09/27,0,578000,-820000,-242000
2010/09/28,0,911000,-596000,315000
2010/09/29,0,696000,-590000,106000
2010/09/30,0,732000,-426000,306000
2010/10/01,0,1052000,-1503000,-451000
2010/10/04,0,873000,-1652000,-779000
2010/10/05,0,1717000,-738000,979000
2010/10/06,0,654000,-1418500,-764500
2010/10/07,0,379000,-182000,197000
2010/10/08,0,1973000,-1006000,967000
2010/10/11,0,2192000,-2486000,-294000
2010/10/12,0,320000,-2175000,-1855000
2010/10/13,0,201000,-390859,-189859
2010/10/14,0,310000,-934400,-624400
2010/10/15,0,342000,-1140000,-798000
2010/10/18,0,1222000,-1536000,-314000
2010/10/19,0,615000,-544000,71000
2010/10/20,0,338000,-166001,171999
2010/10/21,0,908000,-737000,171000
2010/10/22,0,210000,-158000,52000
2010/10/25,0,730000,-480000,250000
2010/10/26,0,99000,-1214000,-1115000
2010/10/27,0,630000,-247000,383000
2010/10/28,0,748350,-602000,146350
2010/10/29,0,366000,-358000,8000
2010/11/01,0,1282070,-1107000,175070
2010/11/02,0,872000,-602000,270000
2010/11/03,0,458000,-898000,-440000
2010/11/04,0,787000,-863000,-76000
2010/11/05,0,593000,-840000,-247000
2010/11/08,0,554000,-665000,-111000
2010/11/09,0,518000,-122000,396000
2010/11/10,0,676000,-883000,-207000
2010/11/11,0,206000,-626000,-420000
2010/11/12,0,795000,-1189000,-394000
2010/11/15,0,515000,-920000,-405000
2010/11/16,0,533000,-218373,314627
2010/11/17,0,250000,-111000,139000
2010/11/18,0,216000,-628000,-412000
2010/11/19,0,30000,-326000,-296000
2010/11/22,0,80000,-75800,4200
2010/11/23,0,208000,-186000,22000
2010/11/24,0,693000,-342000,351000
2010/11/25,0,29000,-40000,-11000
2010/11/26,0,377000,-1122000,-745000
2010/11/29,0,93000,-379000,-286000
2010/11/30,0,442000,-216000,226000
2010/12/01,0,1409000,-1236000,173000
2010/12/02,0,1434000,-1534000,-100000
2010/12/03,0,692000,-212000,480000
2010/12/06,0,855000,-541000,314000
2010/12/07,0,996000,-729000,267000
2010/12/08,0,816000,-751000,65000
2010/12/09,0,1637000,-976000,661000
2010/12/10,0,481000,-449000,32000
2010/12/13,0,544000,-330000,214000
2010/12/14,0,1302000,-337000,965000
2010/12/15,0,1230000,-415000,815000
2010/12/16,0,229000,-287000,-58000
2010/12/17,0,2656000,-925000,1731000
2010/12/20,0,969000,-2570000,-1601000
2010/12/21,0,988000,-1340000,-352000
2010/12/22,0,1216000,-661000,555000
2010/12/23,0,1217000,-328000,889000
2010/12/24,0,229000,-375000,-146000
2010/12/27,0,858000,-1351000,-493000
2010/12/28,0,1283000,-482000,801000
2010/12/29,0,5586000,-989000,4597000
2010/12/30,0,923000,-1748000,-825000
2010/12/31,0,1021000,-3125000,-2104000
2011/01/03,0,1535000,-2591260,-1056260
2011/01/04,0,2871000,-2739000,132000
2011/01/05,0,3903000,-903000,3000000
2011/01/06,0,881000,-1396000,-515000
2011/01/07,0,1182000,-1789000,-607000
2011/01/10,0,1204000,-970000,234000
2011/01/11,0,1783000,-2321000,-538000
2011/01/12,0,1263000,-1275000,-12000
2011/01/13,0,1470000,-1020000,450000
2011/01/14,0,1127000,-1278000,-151000
2011/01/17,0,344000,-678000,-334000
2011/01/18,0,620000,-916000,-296000
2011/01/19,0,208000,-2592400,-2384400
2011/01/20,0,199000,-235000,-36000
2011/01/21,0,1726000,-761000,965000
2011/01/24,0,731000,-1217000,-486000
2011/01/25,0,2146000,-1656000,490000
2011/01/26,0,1314000,-834000,480000
2011/01/27,0,1122000,-1169000,-47000
2011/01/28,0,558000,-594000,-36000
2011/01/31,0,0,0,0
2011/02/01,0,0,0,0
2011/02/02,0,0,0,0
2011/02/03,0,0,0,0
2011/02/04,0,0,0,0
2011/02/07,0,0,0,0
2011/02/08,0,274000,-1183000,-909000
2011/02/09,0,605000,-1300000,-695000
2011/02/10,0,2202000,-1364000,838000
2011/02/11,0,2167000,-1698000,469000
2011/02/14,0,450000,-645000,-195000
2011/02/15,0,1532000,-805000,727000
2011/02/16,0,478000,-655996,-177996
2011/02/17,0,772000,-886000,-114000
2011/02/18,0,1586000,-1415000,171000
2011/02/21,0,1871000,-955000,916000
2011/02/22,0,1767000,-1265000,502000
2011/02/23,0,1436000,-312000,1124000
2011/02/24,0,335000,-220000,115000
2011/02/25,0,1309000,-913000,396000
2011/02/28,0,0,0,0
2011/03/01,0,965000,-137000,828000
2011/03/02,0,771000,-698000,73000
2011/03/03,0,1501000,-1517000,-16000
2011/03/04,0,3660000,-695000,2965000
2011/03/07,0,1295000,-1105000,190000
2011/03/08,0,670000,-2201000,-1531000
2011/03/09,0,881000,-1287000,-406000
2011/03/10,0,1199000,-1287000,-88000
2011/03/11,0,928000,-750000,178000
2011/03/14,0,6074000,-3871000,2203000
2011/03/15,0,2647000,-1695000,952000
2011/03/16,0,1033000,-1526000,-493000
2011/03/17,0,1304000,-2123000,-819000
2011/03/18,0,3499000,-3509000,-10000
2011/03/21,0,1022000,-2322000,-1300000
2011/03/22,0,1471000,-2206000,-735000
2011/03/23,0,558000,-1400000,-842000
2011/03/24,0,295000,-1183000,-888000
2011/03/25,0,932000,-1015000,-83000
2011/03/28,0,291000,-294000,-3000
2011/03/29,0,372000,-130000,242000
2011/03/30,0,1596000,-1207000,389000
2011/03/31,0,69000,-1432000,-1363000
2011/04/01,0,552000,-467000,85000
2011/04/04,0,0,0,0
2011/04/05,0,0,0,0
2011/04/06,0,916000,-1159000,-243000
2011/04/07,0,390000,-542000,-152000
2011/04/08,0,927000,-1015000,-88000
2011/04/11,0,272000,-688206,-416206
2011/04/12,0,888000,-758000,130000
2011/04/13,0,122000,-269000,-147000
2011/04/14,0,178000,-54000,124000
2011/04/15,0,1821000,-692000,1129000
2011/04/18,0,662000,-1158163,-496163
2011/04/19,0,1294000,-1242000,52000
2011/04/20,0,955000,-1176000,-221000
2011/04/21,0,1402000,-2173000,-771000
2011/04/22,0,976000,-525000,451000
2011/04/25,0,1140000,-675000,465000
2011/04/26,0,1479000,-567000,912000
2011/04/27,0,1320000,-1812000,-492000
2011/04/28,0,1365000,-696000,669000
2011/04/29,0,352000,-716000,-364000
2011/05/02,0,0,0,0
2011/05/03,0,647000,-323000,324000
2011/05/04,0,643000,-1710000,-1067000
2011/05/05,0,1199000,-444000,755000
2011/05/06,0,1968000,-71000,1897000
2011/05/09,0,2653000,-2211000,442000
2011/05/10,0,1640000,-3080000,-1440000
2011/05/11,0,1854000,-714034,1139966
2011/05/12,0,1080000,-2186000,-1106000
2011/05/13,0,671000,-681000,-10000
2011/05/16,0,746000,-308000,438000
2011/05/17,0,373000,-1504000,-1131000
2011/05/18,0,477000,-473000,4000
2011/05/19,0,1708000,-1872640,-164640
2011/05/20,0,725000,-1236000,-511000
2011/05/23,0,532000,-1213000,-681000
2011/05/24,0,250000,-353000,-103000
2011/05/25,0,55000,-257000,-202000
2011/05/26,0,306000,-660000,-354000
2011/05/27,0,362000,-907000,-545000
2011/05/30,0,317000,-320000,-3000
2011/05/31,0,802000,-1069000,-267000
2011/06/01,0,483000,-230000,253000
2011/06/02,0,126000,-509000,-383000
2011/06/03,0,364000,-367000,-3000
2011/06/06,0,0,0,0
2011/06/07,0,561000,-144000,417000
2011/06/08,0,289000,-1136000,-847000
2011/06/09,0,2720000,-737000,1983000
2011/06/10,0,737000,-747000,-10000
2011/06/13,0,323000,-1153000,-830000
2011/06/14,0,88000,-275000,-187000
2011/06/15,0,935000,-1137000,-202000
2011/06/16,0,1731000,-678000,1053000
2011/06/17,0,140000,-307000,-167000
2011/06/20,0,219000,-192000,27000
2011/06/21,0,869000,-213000,656000
2011/06/22,0,1225000,-332000,893000
2011/06/23,0,143000,-452000,-309000
2011/06/24,0,1420000,-900000,520000
2011/06/27,0,328000,-1155000,-827000
2011/06/28,0,515000,-146000,369000
2011/06/29,0,543000,-809000,-266000
2011/06/30,0,650000,-665000,-15000
2011/07/01,0,852000,-871000,-19000
2011/07/04,0,183000,-1029000,-846000
2011/07/05,0,312000,-372865,-60865
2011/07/06,0,481000,-8000,473000
2011/07/07,0,139000,-565000,-426000
2011/07/08,0,387000,-352000,35000
2011/07/11,0,1802000,-667000,1135000
2011/07/12,0,506000,-1165000,-659000
2011/07/13,0,97000,-521000,-424000
2011/07/14,0,311000,-87000,224000
2011/07/15,0,676000,-264000,412000
2011/07/18,0,659000,-1277000,-618000
2011/07/19,0,130000,-254000,-124000
2011/07/20,0,1678000,-1844000,-166000
2011/07/21,0,1006000,-274000,732000
2011/07/22,0,3794000,-723000,3071000
2011/07/25,0,6177000,-971000,5206000
2011/07/26,0,10707000,-155000,10552000
2011/07/27,0,19311000,-712000,18599000
2011/07/28,0,10732000,-164000,10568000
2011/07/29,0,601000,-16620000,-16019000
2011/08/01,0,3999000,-852000,3147000
2011/08/02,0,274000,-21178000,-20904000
2011/08/03,0,1925000,-2575000,-650000
2011/08/04,0,2085000,-9429000,-7344000
2011/08/05,0,3309000,-3252000,57000
2011/08/08,0,2443000,-4616000,-2173000
2011/08/09,0,1649000,-1470000,179000
2011/08/10,0,2136000,-1545000,591000
2011/08/11,0,1589000,-3765000,-2176000
2011/08/12,0,633000,-902000,-269000
2011/08/15,0,1249000,-430000,819000
2011/08/16,0,602000,-253000,349000
2011/08/17,0,1230200,-1229000,1200
2011/08/18,0,1264000,-2723000,-1459000
2011/08/19,0,757000,-2712000,-1955000
2011/08/22,0,440000,-1580270,-1140270
2011/08/23,0,496000,-770749,-274749
2011/08/24,0,456000,-3375000,-2919000
2011/08/25,0,588000,-571000,17000
2011/08/26,0,379000,-1583040,-1204040
2011/08/29,0,363000,-117443,245557
2011/08/30,0,790200,-1459260,-669060
2011/08/31,0,944000,-220240,723760
2011/09/01,0,1924000,-542000,1382000
2011/09/02,0,724000,-92000,632000
2011/09/05,0,98000,-2239000,-2141000
2011/09/06,0,334000,-1586000,-1252000
2011/09/07,0,1253000,-135054,1117946
2011/09/08,0,806000,-815000,-9000
2011/09/09,0,421000,-383000,38000
2011/09/12,0,0,0,0
2011/09/13,0,181000,-1359000,-1178000
2011/09/14,0,430000,-832000,-402000
2011/09/15,0,533000,-58000,475000
2011/09/16,0,1626000,-451000,1175000
2011/09/19,0,379000,-492000,-113000
2011/09/20,0,175000,-617000,-442000
2011/09/21,0,604000,-275000,329000
2011/09/22,0,446000,-1097000,-651000
2011/09/23,0,822000,-940000,-118000
2011/09/26,0,870000,-397000,473000
2011/09/27,0,691000,-785000,-94000
2011/09/28,0,403000,-777300,-374300
2011/09/29,0,246000,-666000,-420000
2011/09/30,0,312000,-201000,111000
2011/10/03,0,60000,-600000,-540000
2011/10/04,0,549000,-118000,431000
2011/10/05,0,57000,-71000,-14000
2011/10/06,0,698000,-128218,569782
2011/10/07,0,373000,-241000,132000
2011/10/10,0,0,0,0
2011/10/11,0,2494000,-417000,2077000
2011/10/12,0,264000,-442000,-178000
2011/10/13,0,179000,-95000,84000
2011/10/14,0,50000,-368000,-318000
2011/10/17,0,16000,-43000,-27000
2011/10/18,0,10000,-459164,-449164
2011/10/19,0,507000,-298000,209000
2011/10/20,0,63000,-405000,-342000
2011/10/21,0,466000,-53000,413000
2011/10/24,0,1582000,-187000,1395000
2011/10/25,0,204000,-196000,8000
2011/10/26,0,478000,-70000,408000
2011/10/27,0,989000,-1787000,-798000
2011/10/28,0,1692000,-1303000,389000
2011/10/31,0,173000,-1105260,-932260
2011/11/01,0,654000,-286780,367220
2011/11/02,0,288000,-1599000,-1311000
2011/11/03,0,94000,-515000,-421000
2011/11/04,0,722000,-37000,685000
2011/11/07,0,68000,-151413,-83413
2011/11/08,0,418000,-239000,179000
2011/11/09,0,59000,-310380,-251380
2011/11/10,0,185000,-1306000,-1121000
2011/11/11,0,167000,-203000,-36000
2011/11/14,0,190000,-84000,106000
2011/11/15,0,84000,-160000,-76000
2011/11/16,0,83000,-644000,-561000
2011/11/17,0,311000,-140000,171000
2011/11/18,0,356000,-196000,160000
2011/11/21,0,284000,-285770,-1770
2011/11/22,0,285000,-221000,64000
2011/11/23,0,168000,-367000,-199000
2011/11/24,0,549000,-97000,452000
2011/11/25,0,39000,-265000,-226000
2011/11/28,0,75000,-78304,-3304
2011/11/29,0,72000,-107000,-35000
2011/11/30,0,101000,-351000,-250000
2011/12/01,0,2658000,-157000,2501000
2011/12/02,0,496000,-1906000,-1410000
2011/12/05,0,289000,-655000,-366000
2011/12/06,0,199000,-462000,-263000
2011/12/07,0,189000,-72000,117000
2011/12/08,0,121000,-300000,-179000
2011/12/09,0,351000,-365000,-14000
2011/12/12,0,81000,-31000,50000
2011/12/13,0,131000,-298000,-167000
2011/12/14,0,157000,-96000,61000
2011/12/15,0,5000,-445000,-440000
2011/12/16,0,9000,-145000,-136000
2011/12/19,0,178000,-493000,-315000
2011/12/20,0,451000,-140000,311000
2011/12/21,0,322000,0,322000
2011/12/22,0,628000,-384000,244000
2011/12/23,0,1389000,-746000,643000
2011/12/26,0,113000,-101000,12000
2011/12/27,0,111000,-276000,-165000
2011/12/28,0,134000,-108673,25327
2011/12/29,0,575000,0,575000
2011/12/30,0,42000,0,42000
2012/01/02,0,99000,-558000,-459000
2012/01/03,0,237000,-19000,218000
2012/01/04,0,348000,-126093,221907
2012/01/05,0,15000,-42000,-27000
2012/01/06,0,111000,-293000,-182000
2012/01/09,0,132000,-116000,16000
2012/01/10,0,314000,-32000,282000
2012/01/11,0,200000,-126000,74000
2012/01/12,0,135000,-130000,5000
2012/01/13,0,134000,-143000,-9000
2012/01/16,0,197000,-538000,-341000
2012/01/17,0,1395000,-285000,1110000
2012/01/18,0,304000,-738000,-434000
2012/01/19,0,0,0,0
2012/01/20,0,0,0,0
2012/01/23,0,0,0,0
2012/01/24,0,0,0,0
2012/01/25,0,0,0,0
2012/01/26,0,0,0,0
2012/01/27,0,0,0,0
2012/01/30,0,1190000,-220000,970000
2012/01/31,0,2006000,-1304000,702000
2012/02/01,0,265000,-690000,-425000
2012/02/02,0,522000,-342000,180000
2012/02/03,0,1147000,-469000,678000
2012/02/06,0,897000,-903000,-6000
2012/02/07,0,783000,-651000,132000
2012/02/08,0,820000,-413000,407000
2012/02/09,0,435000,-93000,342000
2012/02/10,0,190000,-528000,-338000
2012/02/13,0,1304000,-1002000,302000
2012/02/14,0,533000,-777000,-244000
2012/02/15,0,374000,-482000,-108000
2012/02/16,0,686000,-235000,451000
2012/02/17,0,520000,-417000,103000
2012/02/20,0,665000,-150000,515000
2012/02/21,0,702000,-457000,245000
2012/02/22,0,1448000,-75000,1373000
2012/02/23,0,772000,-406000,366000
2012/02/24,0,390000,-252000,138000
2012/02/27,0,0,0,0
2012/02/28,0,0,0,0
2012/02/29,0,2685000,-600000,2085000
2012/03/01,0,433000,-609000,-176000
2012/03/02,0,379000,-891000,-512000
2012/03/05,0,1664000,-828000,836000
2012/03/06,0,1137000,-171000,966000
2012/03/07,0,745000,-1474000,-729000
2012/03/08,0,1836000,-1866000,-30000
2012/03/09,0,122000,-2714000,-2592000
2012/03/12,0,196000,-411000,-215000
2012/03/13,0,1310000,-615000,695000
2012/03/14,0,627000,-477000,150000
2012/03/15,0,3120000,-823000,2297000
2012/03/16,0,1482000,-1878000,-396000
2012/03/19,0,1093000,-426000,667000
2012/03/20,0,1235000,-501000,734000
2012/03/21,0,587000,-644000,-57000
2012/03/22,0,1367000,-500000,867000
2012/03/23,0,239000,-689000,-450000
2012/03/26,0,559000,-476250,82750
2012/03/27,0,177000,-136000,41000
2012/03/28,0,148000,-91000,57000
2012/03/29,0,1720000,-870890,849110
2012/03/30,0,664000,-340000,324000
2012/04/02,0,107000,-336000,-229000
2012/04/03,0,1341000,-664000,677000
2012/04/04,0,0,0,0
2012/04/05,0,2690000,-480000,2210000
2012/04/06,0,489000,-631000,-142000
2012/04/09,0,2817000,-368000,2449000
2012/04/10,0,243000,-1846000,-1603000
2012/04/11,0,712000,-132000,580000
2012/04/12,0,1002000,-1418000,-416000
2012/04/13,0,940000,-275000,665000
2012/04/16,0,411000,-631000,-220000
2012/04/17,0,1113000,-363000,750000
2012/04/18,0,118000,-195000,-77000
2012/04/19,0,127000,-338000,-211000
2012/04/20,0,323000,-611000,-288000
2012/04/23,0,351000,-658000,-307000
2012/04/24,0,190000,-671000,-481000
2012/04/25,0,359000,-976000,-617000
2012/04/26,0,1049000,-734000,315000
2012/04/27,0,2167000,-1616520,550480
2012/04/30,0,51000,-1108000,-1057000
2012/05/01,0,0,0,0
2012/05/02,0,966000,-3506000,-2540000
2012/05/03,0,123000,-39000,84000
2012/05/04,0,210000,-925415,-715415
2012/05/07,0,1232000,-973000,259000
2012/05/08,0,216000,-16000,200000
2012/05/09,0,1271000,-1139000,132000
2012/05/10,0,172000,-277000,-105000
2012/05/11,0,1910000,-1322000,588000
2012/05/14,0,265000,-319000,-54000
2012/05/15,0,153000,-43000,110000
2012/05/16,0,710000,-618000,92000
2012/05/17,0,73000,-684000,-611000
2012/05/18,0,454000,-221000,233000
2012/05/21,0,35000,-174000,-139000
2012/05/22,0,457000,-142000,315000
2012/05/23,0,521000,-303000,218000
2012/05/24,0,473000,-1360000,-887000
2012/05/25,0,47000,-181000,-134000
2012/05/28,0,167000,-370000,-203000
2012/05/29,0,132000,-818000,-686000
2012/05/30,0,165000,-231000,-66000
2012/05/31,0,931000,-548000,383000
2012/06/01,0,851000,-648000,203000
2012/06/04,0,1716000,-353000,1363000
2012/06/05,0,160000,-411000,-251000
2012/06/06,0,320000,-255000,65000
2012/06/07,0,287000,-1524000,-1237000
2012/06/08,0,512000,-263873,248127
2012/06/11,0,211000,-185000,26000
2012/06/12,0,296000,-300000,-4000
2012/06/13,0,202000,-361000,-159000
2012/06/14,0,447000,-113000,334000
2012/06/15,0,496000,-20000,476000
2012/06/18,0,301000,-458000,-157000
2012/06/19,0,190000,-323000,-133000
2012/06/20,0,773000,-287000,486000
2012/06/21,0,150000,-347000,-197000
2012/06/22,0,114000,-197000,-83000
2012/06/25,0,368000,-208000,160000
2012/06/26,0,49000,-329000,-280000
2012/06/27,0,109000,-794876,-685876
2012/06/28,0,714000,-24000,690000
2012/06/29,0,118000,-626000,-508000
2012/07/02,0,256000,-730653,-474653
2012/07/03,0,102000,-549000,-447000
2012/07/04,0,420000,-958000,-538000
2012/07/05,0,2806000,-153000,2653000
2012/07/06,0,1313000,-189000,1124000
2012/07/09,0,566000,-111000,455000
2012/07/10,0,359000,-535000,-176000
2012/07/11,0,515000,-313000,202000
2012/07/12,0,202000,-1014000,-812000
2012/07/13,0,214000,-364000,-150000
2012/07/16,0,30000,-401000,-371000
2012/07/17,0,348000,-188000,160000
2012/07/18,0,391000,-29000,362000
2012/07/19,0,508000,-424000,84000
2012/07/20,0,34000,-702000,-668000
2012/07/23,0,538000,-290000,248000
2012/07/24,0,1464000,-9000,1455000
2012/07/25,0,2942000,-831000,2111000
2012/07/26,0,4704000,-327000,4377000
2012/07/27,0,11277000,-867000,10410000
2012/07/30,0,732000,-1906000,-1174000
2012/07/31,0,27422000,-312000,27110000
2012/08/01,0,26492000,-614000,25878000
2012/08/02,0,0,0,0
2012/08/03,0,11005000,-67000,10938000
2012/08/06,0,671000,-33063000,-32392000
2012/08/07,0,429000,-42261000,-41832000
2012/08/08,0,874200,-5867000,-4992800
2012/08/09,0,448000,-3829000,-3381000
2012/08/10,0,290000,-951000,-661000
2012/08/13,0,100000,-322000,-222000
2012/08/14,0,613000,-761000,-148000
2012/08/15,0,259000,-916000,-657000
2012/08/16,0,401000,-713000,-312000
2012/08/17,0,1446000,-356000,1090000
2012/08/20,0,325000,-139000,186000
2012/08/21,0,634000,-1001000,-367000
2012/08/22,0,861000,-282000,579000
2012/08/23,0,1621000,-348000,1273000
2012/08/24,0,504000,-274000,230000
2012/08/27,0,445000,-305089,139911
2012/08/28,0,483000,-590000,-107000
2012/08/29,0,766000,-2184000,-1418000
2012/08/30,0,780000,-1072000,-292000
2012/08/31,0,286000,-2703679,-2417679
2012/09/03,0,286000,-2217563,-1931563
2012/09/04,0,182000,-2083999,-1901999
2012/09/05,0,495000,-1454000,-959000
2012/09/06,0,207000,-153775,53225
2012/09/07,0,113000,-44000,69000
2012/09/10,0,236000,-571000,-335000
2012/09/11,0,220000,-687614,-467614
2012/09/12,0,344000,-309000,35000
2012/09/13,0,274000,-82581,191419
2012/09/14,0,585000,-625820,-40820
2012/09/17,0,1989000,-296000,1693000
2012/09/18,0,309000,-330000,-21000
2012/09/19,0,213000,-712001,-499001
2012/09/20,0,1226000,-551000,675000
2012/09/21,0,898000,-377000,521000
2012/09/24,0,95000,-1045000,-950000
2012/09/25,0,775000,-202000,573000
2012/09/26,0,634000,-337000,297000
2012/09/27,0,735000,-69000,666000
2012/09/28,0,416000,-236200,179800
2012/10/01,0,846000,-54000,792000
2012/10/02,0,1274000,-5000,1269000
2012/10/03,0,1454000,-175550,1278450
2012/10/04,0,178000,-1337000,-1159000
2012/10/05,0,1375000,-294000,1081000
2012/10/08,0,2550000,-553000,1997000
2012/10/09,0,113000,-466000,-353000
2012/10/10,0,0,0,0
2012/10/11,0,3334000,-832000,2502000
2012/10/12,0,1035000,-2996000,-1961000
2012/10/15,0,1288000,-1000000,288000
2012/10/16,0,507000,-917000,-410000
2012/10/17,0,1497000,-1934000,-437000
2012/10/18,0,190000,-2244000,-2054000
2012/10/19,0,704000,-546000,158000
2012/10/22,0,192000,-629000,-437000
2012/10/23,0,270000,-681000,-411000
2012/10/24,0,605000,-278000,327000
2012/10/25,0,485000,-904000,-419000
2012/10/26,0,1424000,-1992000,-568000
2012/10/29,0,594000,-307000,287000
2012/10/30,0,130000,-838000,-708000
2012/10/31,0,46000,-456434,-410434
2012/11/01,0,300000,-427000,-127000
2012/11/02,0,170000,-626000,-456000
2012/11/05,0,737000,-46000,691000
2012/11/06,0,2000,-523755,-521755
2012/11/07,0,875000,-1442000,-567000
2012/11/08,0,1134000,-4034000,-2900000
2012/11/09,0,971000,-37000,934000
2012/11/12,0,303000,-115000,188000
2012/11/13,0,782000,-234000,548000
2012/11/14,0,73000,-62000,11000
2012/11/15,0,338000,-76000,262000
2012/11/16,0,22000,-219354,-197354
2012/11/19,0,99000,-260000,-161000
2012/11/20,0,302000,-6000,296000
2012/11/21,0,479000,-405000,74000
2012/11/22,0,459000,-38000,421000
2012/11/23,0,60000,-1531000,-1471000
2012/11/26,0,631000,-410000,221000
2012/11/27,0,314000,-634000,-320000
2012/11/28,0,431000,-510249,-79249
2012/11/29,0,925000,-542297,382703
2012/11/30,0,339000,-1170000,-831000
2012/12/03,0,541000,-754000,-213000
2012/12/04,0,434000,-155000,279000
2012/12/05,0,2366000,-412197,1953803
2012/12/06,0,1290000,-991000,299000
2012/12/07,0,220000,-470000,-250000
2012/12/10,0,154000,-354000,-200000
2012/12/11,0,1406000,-309000,1097000
2012/12/12,0,523000,-873000,-350000
2012/12/13,0,955000,-282000,673000
2012/12/14,0,109000,-830000,-721000
2012/12/17,0,133000,-763000,-630000
2012/12/18,0,1797000,-357000,1440000
2012/12/19,0,328000,-1153000,-825000
2012/12/20,0,45000,-1185000,-1140000
2012/12/21,0,708000,-1070000,-362000
2012/12/24,0,466000,-129000,337000
2012/12/25,0,155000,-340000,-185000
2012/12/26,0,160000,-198000,-38000
2012/12/27,0,252000,-287000,-35000
2012/12/28,0,386000,-306000,80000
2012/12/31,0,0,0,0
2013/01/01,0,0,0,0
2013/01/02,0,234000,-305610,-71610
2013/01/03,0,73000,-277178,-204178
2013/01/04,0,51000,-182000,-131000
2013/01/07,0,58000,-102000,-44000
2013/01/08,0,61000,-279000,-218000
2013/01/09,0,592000,-256000,336000
2013/01/10,0,1460000,-429000,1031000
2013/01/11,0,379000,-539000,-160000
2013/01/14,0,180000,-464000,-284000
2013/01/15,0,335000,-199764,135236
2013/01/16,0,112000,-504000,-392000
2013/01/17,0,560000,-266000,294000
2013/01/18,0,53000,-1049000,-996000
2013/01/21,0,173000,-103000,70000
2013/01/22,0,44000,-292000,-248000
2013/01/23,0,171000,-21000,150000
2013/01/24,0,275000,-140000,135000
2013/01/25,0,16000,-162000,-146000
2013/01/28,0,237000,-50000,187000
2013/01/29,0,498000,-156000,342000
2013/01/30,0,194000,-297000,-103000
2013/01/31,0,544000,-551000,-7000
2013/02/01,0,356000,-155000,201000
2013/02/04,0,2784000,-350000,2434000
2013/02/05,0,1010000,-183000,827000
2013/02/06,0,692000,-721000,-29000
2013/02/07,0,0,0,0
2013/02/08,0,0,0,0
2013/02/11,0,0,0,0
2013/02/12,0,0,0,0
2013/02/13,0,0,0,0
2013/02/14,0,0,0,0
2013/02/15,0,0,0,0
2013/02/18,0,1364000,-1175000,189000
2013/02/19,0,4155000,-489000,3666000
2013/02/20,0,4685000,-2314000,2371000
2013/02/21,0,2037000,-3267000,-1230000
2013/02/22,0,2069000,-973000,1096000
2013/02/25,0,1122000,-562000,560000
2013/02/26,0,925000,-691000,234000
2013/02/27,0,503000,-158000,345000
2013/02/28,0,0,0,0
2013/03/01,0,183000,-131000,52000
2013/03/04,0,160000,-424000,-264000
2013/03/05,0,1152000,-533000,619000
2013/03/06,0,6886000,-318000,6568000
2013/03/07,0,397000,-862000,-465000
2013/03/08,0,2946000,-2017000,929000
2013/03/11,0,555000,-1478000,-923000
2013/03/12,0,3405000,-333000,3072000
2013/03/13,0,289000,-775000,-486000
2013/03/14,0,676000,-1735000,-1059000
2013/03/15,0,914000,-198000,716000
2013/03/18,0,233000,-2081000,-1848000
2013/03/19,0,134000,-112000,22000
2013/03/20,0,760000,-1093000,-333000
2013/03/21,0,418000,-198000,220000
2013/03/22,0,340000,-99000,241000
2013/03/25,0,470000,-838000,-368000
2013/03/26,0,409000,-419000,-10000
2013/03/27,0,885000,-757000,128000
2013/03/28,0,810000,-563000,247000
2013/03/29,0,363000,-245000,118000
2013/04/01,0,205000,-907000,-702000
2013/04/02,0,370000,-379000,-9000
2013/04/03,0,607000,-1028000,-421000
2013/04/04,0,0,0,0
2013/04/05,0,0,0,0
2013/04/08,0,972000,-160000,812000
2013/04/09,0,63000,-877000,-814000
2013/04/10,0,1818000,-1526000,292000
2013/04/11,0,1351000,-2321000,-970000
2013/04/12,0,281000,-230000,51000
2013/04/15,0,639000,-393000,246000
2013/04/16,0,1005000,-802000,203000
2013/04/17,0,570000,-384000,186000
2013/04/18,0,378000,-431000,-53000
2013/04/19,0,1068933,-855000,213933
2013/04/22,0,52000,-439000,-387000
2013/04/23,0,100000,-431000,-331000
2013/04/24,0,1719000,-916000,803000
2013/04/25,0,433000,-596000,-163000
2013/04/26,0,692000,-1036000,-344000
2013/04/29,0,31000,-419000,-388000
2013/04/30,0,109000,-234000,-125000
2013/05/01,0,0,0,0
2013/05/02,0,249000,-749000,-500000
2013/05/03,0,77000,-407000,-330000
2013/05/06,0,454000,-457000,-3000
2013/05/07,0,194000,-287000,-93000
2013/05/08,0,1469000,-1592000,-123000
2013/05/09,0,861000,-1003000,-142000
2013/05/10,0,619000,-563000,56000
2013/05/13,0,333000,-1563000,-1230000
2013/05/14,0,330000,-728000,-398000
2013/05/15,0,438000,-354000,84000
2013/05/16,0,2721000,-346000,2375000
2013/05/17,0,3134000,-652000,2482000
2013/05/20,0,348000,-1009000,-661000
2013/05/21,0,361000,-1792000,-1431000
2013/05/22,0,711000,-604000,107000
2013/05/23,0,1631000,-1181000,450000
2013/05/24,0,1043000,-3776000,-2733000
2013/05/27,0,4000,-696000,-692000
2013/05/28,0,366000,-190000,176000
2013/05/29,0,403000,-283000,120000
2013/05/30,0,4964000,-1186000,3778000
2013/05/31,0,340000,-1027000,-687000
2013/06/03,0,675000,-735000,-60000
2013/06/04,0,230000,-393000,-163000
2013/06/05,0,1186000,-468000,718000
2013/06/06,0,558000,-456000,102000
2013/06/07,0,476000,-214000,262000
2013/06/10,0,830000,-1694000,-864000
2013/06/11,0,460000,-572000,-112000
2013/06/12,0,0,0,0
2013/06/13,0,180000,-393000,-213000
2013/06/14,0,428000,-1571000,-1143000
2013/06/17,0,263000,-234000,29000
2013/06/18,0,274000,-76000,198000
2013/06/19,0,1294000,-211000,1083000
2013/06/20,0,194000,-255227,-61227
2013/06/21,0,869000,-470000,399000
2013/06/24,0,632000,-367000,265000
2013/06/25,0,1526000,-569000,957000
2013/06/26,0,75000,-2549000,-2474000
2013/06/27,0,129000,-895727,-766727
2013/06/28,0,60000,-1098000,-1038000
2013/07/01,0,546000,-334000,212000
2013/07/02,0,255000,-79000,176000
2013/07/03,0,144000,-304000,-160000
2013/07/04,0,245000,-154000,91000
2013/07/05,0,184000,-181000,3000
2013/07/08,0,161000,-156000,5000
2013/07/09,0,282000,-159000,123000
2013/07/10,0,135000,-272000,-137000
2013/07/11,0,440000,-468000,-28000
2013/07/12,0,202000,-200000,2000
2013/07/15,0,306000,-157000,149000
2013/07/16,0,122000,-148000,-26000
2013/07/17,0,1259000,-91000,1168000
2013/07/18,0,664000,-230000,434000
2013/07/19,0,203000,-221000,-18000
2013/07/22,0,58000,-65000,-7000
2013/07/23,0,645000,-678000,-33000
2013/07/24,0,66000,-285000,-219000
2013/07/25,0,422000,-536000,-114000
2013/07/26,0,604000,-284000,320000
2013/07/29,0,65000,-878000,-813000
2013/07/30,0,571000,-744000,-173000
2013/07/31,0,200000,-90000,110000
2013/08/01,0,17786000,-302000,17484000
2013/08/02,0,15142000,-10000,15132000
2013/08/05,0,3875000,-315000,3560000
2013/08/06,0,12642000,-355000,12287000
2013/08/07,0,18991000,-392000,18599000
2013/08/08,0,56206000,-10000,56196000
2013/08/09,0,13266000,-606493,12659507
2013/08/12,0,284000,-108007000,-107723000
2013/08/13,0,98000,-9826000,-9728000
2013/08/14,0,47000,-10452000,-10405000
2013/08/15,0,200000,-740000,-540000
2013/08/16,0,324000,-523000,-199000
2013/08/19,0,264000,-479000,-215000
2013/08/20,0,265000,-472000,-207000
2013/08/21,0,0,0,0
2013/08/22,0,290000,-1098000,-808000
2013/08/23,0,81000,-373500,-292500
2013/08/26,0,46000,-655000,-609000
2013/08/27,0,64000,-408000,-344000
2013/08/28,0,69000,-317000,-248000
2013/08/29,0,186000,-100000,86000
2013/08/30,0,8000,-556000,-548000
2013/09/02,0,12000,-407000,-395000
2013/09/03,0,23000,-461000,-438000
2013/09/04,0,100000,-316000,-216000
2013/09/05,0,86239,-940000,-853761
2013/09/06,0,10000,-2812936,-2802936
2013/09/09,0,193000,-7205585,-7012585
2013/09/10,0,270000,-2128857,-1858857
2013/09/11,0,424000,-810004,-386004
2013/09/12,0,1371092,-847815,523277
2013/09/13,0,695000,-652000,43000
2013/09/16,0,631000,-2374000,-1743000
2013/09/17,0,178000,-3669000,-3491000
2013/09/18,0,567000,-2312000,-1745000
2013/09/19,0,0,0,0
2013/09/20,0,0,0,0
2013/09/23,0,281000,-1210000,-929000
2013/09/24,0,521000,-636000,-115000
2013/09/25,0,276000,-401360,-125360
2013/09/26,0,935000,-1961000,-1026000
2013/09/27,0,100000,-744638,-644638
2013/09/30,0,324000,-60000,264000
2013/10/01,0,107000,-39788,67212
2013/10/02,0,54000,-205000,-151000
2013/10/03,0,525000,-588000,-63000
2013/10/04,0,1095000,-61000,1034000
2013/10/07,0,1341464,-880000,461464
2013/10/08,0,1741000,-1171000,570000
2013/10/09,0,348000,-1669000,-1321000
2013/10/10,0,0,0,0
2013/10/11,0,838339,-577000,261339
2013/10/14,0,307000,-2323000,-2016000
2013/10/15,0,214000,-640000,-426000
2013/10/16,0,465000,-358000,107000
2013/10/17,0,61000,-1161000,-1100000
2013/10/18,0,531000,-124000,407000
2013/10/21,0,293000,-101000,192000
2013/10/22,0,388000,-183000,205000
2013/10/23,0,82000,-752000,-670000
2013/10/24,0,272000,-324364,-52364
2013/10/25,0,209000,-199000,10000
2013/10/28,0,54000,-263000,-209000
2013/10/29,0,26000,-165000,-139000
2013/10/30,0,31000,-15000,16000
2013/10/31,0,3000,-402000,-399000
2013/11/01,0,6000,-107000,-101000
2013/11/04,0,216000,-247520,-31520
2013/11/05,0,693000,-181000,512000
2013/11/06,0,397000,-207000,190000
2013/11/07,0,857000,-537000,320000
2013/11/08,0,36000,-96000,-60000
2013/11/11,0,341000,-903000,-562000
2013/11/12,0,468000,-267000,201000
2013/11/13,0,121000,-437751,-316751
2013/11/14,0,304000,-393102,-89102
2013/11/15,0,326000,-323000,3000
2013/11/18,0,162000,-123000,39000
2013/11/19,0,427000,-603000,-176000
2013/11/20,0,1237000,-768472,468528
2013/11/21,0,328000,-670000,-342000
2013/11/22,0,375000,-464000,-89000
2013/11/25,0,1321000,-531000,790000
2013/11/26,0,732000,-625000,107000
2013/11/27,0,75000,-178000,-103000
2013/11/28,0,461314,-567000,-105686
2013/11/29,0,299000,-345000,-46000
2013/12/02,0,340000,-311000,29000
2013/12/03,0,87000,-126000,-39000
2013/12/04,0,126000,-69000,57000
2013/12/05,0,455008,-93000,362008
2013/12/06,0,104000,-59000,45000
2013/12/09,0,202000,-259000,-57000
2013/12/10,0,102000,-59000,43000
2013/12/11,0,110000,-263000,-153000
2013/12/12,0,0,-249000,-249000
2013/12/13,0,739000,-93000,646000
2013/12/16,0,230000,-26000,204000
2013/12/17,0,67000,-423000,-356000
2013/12/18,0,36000,-671040,-635040
2013/12/19,0,0,-231000,-231000
2013/12/20,0,489000,-17000,472000
2013/12/23,0,485000,-97000,388000
2013/12/24,0,132000,-120000,12000
2013/12/25,0,71000,-327000,-256000
2013/12/26,0,100000,-165000,-65000
2013/12/27,0,152000,-46545,105455
2013/12/30,0,265000,-147000,118000
2013/12/31,0,99000,-150000,-51000
2014/01/02,0,0,-266000,-266000
2014/01/03,0,184000,-187000,-3000
2014/01/06,0,43000,-158000,-115000
2014/01/07,0,63000,-51000,12000
2014/01/08,0,105000,-9000,96000
2014/01/09,0,0,-302000,-302000
2014/01/10,0,25000,-96000,-71000
2014/01/13,0,101000,-225000,-124000
2014/01/14,0,13000,-36000,-23000
2014/01/15,0,119000,-622000,-503000
2014/01/16,0,548000,-140000,408000
2014/01/17,0,215000,-215000,0
2014/01/20,0,198000,-70000,128000
2014/01/21,0,203000,-93000,110000
2014/01/22,0,0,-300000,-300000
2014/01/23,0,143000,-161000,-18000
2014/01/24,0,191000,-420000,-229000
2014/01/27,0,488000,-276000,212000
2014/02/05,0,3332000,-1049000,2283000
2014/02/06,0,1000000,-171052,828948
2014/02/07,0,258000,-1435000,-1177000
2014/02/10,0,1661774,-37000,1624774
2014/02/11,0,83000,-2038000,-1955000
2014/02/12,0,182000,-491000,-309000
2014/02/13,0,925000,-216000,709000
2014/02/14,0,398000,-982000,-584000
2014/02/17,0,630000,-137000,493000
2014/02/18,0,1021000,-608896,412104
2014/02/19,0,654000,-2111000,-1457000
2014/02/20,0,422000,-180000,242000
2014/02/21,0,226000,-217000,9000
2014/02/24,0,1821000,-90000,1731000
2014/02/25,0,1105000,-246000,859000
2014/02/26,0,1421000,-365000,1056000
2014/02/27,0,2310000,-821000,1489000
2014/03/03,0,2255000,-1036000,1219000
2014/03/04,0,374000,-764000,-390000
2014/03/05,0,1048000,-109000,939000
2014/03/06,0,558000,-99000,459000
2014/03/07,0,369000,-196000,173000
2014/03/10,0,397000,-163000,234000
2014/03/11,0,52000,-6000,46000
2014/03/12,0,960000,-8000,952000
2014/03/13,0,1511000,-442000,1069000
2014/03/14,0,560000,-211000,349000
2014/03/17,0,1087000,-252000,835000
2014/03/18,0,636000,-943000,-307000
2014/03/19,0,315000,-614514,-299514
2014/03/20,0,852000,-812000,40000
2014/03/21,0,859000,-330000,529000
2014/03/24,0,476000,-255000,221000
2014/03/25,0,11000,-95000,-84000
2014/03/26,0,39000,-106000,-67000
2014/03/27,0,287000,-204000,83000
2014/03/28,0,60000,-867000,-807000
2014/03/31,0,726000,-104267,621733
2014/04/01,0,160000,-74000,86000
2014/04/02,0,875000,0,875000
2014/04/03,0,0,-40000,-40000
2014/04/07,0,1000000,0,1000000
2014/04/08,0,536000,-100000,436000
2014/04/09,0,801000,-111000,690000
2014/04/10,0,902000,-283000,619000
2014/04/11,0,0,-974000,-974000
2014/04/14,0,550000,-151000,399000
2014/04/15,0,2967000,-436000,2531000
2014/04/16,0,0,-1561178,-1561178
2014/04/17,0,4961000,-353000,4608000
2014/04/18,0,773155,-56014,717141
2014/04/21,0,450000,-184946,265054
2014/04/22,0,90000,-127000,-37000
2014/04/23,0,530000,-307000,223000
2014/04/24,0,139000,-240000,-101000
2014/04/25,0,533000,-1112000,-579000
2014/04/28,0,547000,-1301000,-754000
2014/04/29,0,77000,-1510000,-1433000
2014/04/30,0,194000,-701000,-507000
2014/05/02,0,31000,-455000,-424000
2014/05/05,0,17000,-878000,-861000
2014/05/06,0,891110,-1165000,-273890
2014/05/07,0,309000,-888000,-579000
2014/05/08,0,94000,-961584,-867584
2014/05/09,0,509000,-781000,-272000
2014/05/12,0,165000,-400000,-235000
2014/05/13,0,47000,-502000,-455000
2014/05/14,0,421000,-20000,401000
2014/05/15,0,222000,-253000,-31000
2014/05/16,0,409000,-406000,3000
2014/05/19,0,82000,-139000,-57000
2014/05/20,0,65000,-100000,-35000
2014/05/21,0,97110,-293995,-196885
2014/05/22,0,150000,-499000,-349000
2014/05/23,0,589000,-169000,420000
2014/05/26,0,88000,-199000,-111000
2014/05/27,0,767000,-250000,517000
2014/05/28,0,673000,-669000,4000
2014/05/29,0,322000,-761000,-439000
2014/05/30,0,388000,-373149,14851
2014/06/03,0,173000,-108319,64681
2014/06/04,0,1000,-71000,-70000
2014/06/05,0,13000,-329000,-316000
2014/06/06,0,60000,-127000,-67000
2014/06/09,0,17000,-57000,-40000
2014/06/10,0,158000,-51000,107000
2014/06/11,0,202000,-98000,104000
2014/06/12,0,78,-254000,-253922
2014/06/13,0,50000,-316000,-266000
2014/06/16,0,540000,-37000,503000
2014/06/17,0,873000,-52000,821000
2014/06/18,0,405000,-692000,-287000
2014/06/19,0,451000,-713,450287
2014/06/20,0,589000,-27000,562000
2014/06/23,0,128000,-101000,27000
2014/06/24,0,0,-43000,-43000
2014/06/25,0,347000,-185000,162000
2014/06/26,0,203000,0,203000
2014/06/27,0,96000,-59000,37000
2014/06/30,0,306000,-118000,188000
2014/07/01,0,401000,0,401000
2014/07/02,0,8130000,-214000,7916000
2014/07/03,0,618000,-144000,474000
2014/07/04,0,1202000,-20000,1182000
2014/07/07,0,173000,-108000,65000
2014/07/08,0,369000,-309288,59712
2014/07/09,0,3287000,-123000,3164000
2014/07/10,0,1111000,-711000,400000
2014/07/11,0,1763000,-302000,1461000
2014/07/14,0,1634000,-1322000,312000
2014/07/15,0,2465000,-1888000,577000
2014/07/16,0,483000,-2011034,-1528034
2014/07/17,0,373000,-162000,211000
2014/07/18,0,267000,-165000,102000
2014/07/21,0,1308000,-466000,842000
2014/07/22,0,510000,-755000,-245000
2014/07/23,0,0,0,0
2014/07/24,0,665000,-59000,606000
2014/07/25,0,984000,-531000,453000
2014/07/28,0,421000,-370000,51000
2014/07/29,0,2463000,-2479000,-16000
2014/07/30,0,553000,-1101000,-548000
2014/07/31,0,1199000,-2464000,-1265000
2014/08/01,0,3681000,-2650000,1031000
2014/08/04,0,221000,-697000,-476000
2014/08/05,0,1473000,-2082000,-609000
2014/08/06,0,795000,-334000,461000
2014/08/07,0,60000,-708000,-648000
2014/08/08,0,5923000,-297000,5626000
2014/08/11,0,26000,-1806000,-1780000
2014/08/12,0,3250000,-1924000,1326000
2014/08/13,0,7502000,-722000,6780000
2014/08/14,0,27976000,-667000,27309000
2014/08/15,0,57433000,-186000,57247000
2014/08/18,0,48787000,-461555,48325445
2014/08/19,0,1629000,-131642000,-130013000
2014/08/20,0,323000,-20445000,-20122000
2014/08/21,0,1971000,-3103000,-1132000
2014/08/22,0,1062000,-3848000,-2786000
2014/08/25,0,2294000,-1147000,1147000
2014/08/26,0,220000,-814000,-594000
2014/08/27,0,347000,-1286000,-939000
2014/08/28,0,478000,-1124000,-646000
2014/08/29,0,893000,-632000,261000
2014/09/01,0,205000,-1004000,-799000
2014/09/02,0,1752000,-3658000,-1906000
2014/09/03,0,472000,-1713000,-1241000
2014/09/04,0,715000,-567000,148000
2014/09/05,0,884368,-4912406,-4028038
2014/09/09,0,487000,-1405690,-918690
2014/09/10,0,977000,-1584000,-607000
2014/09/11,0,255000,-428000,-173000
2014/09/12,0,130000,-798853,-668853
2014/09/15,0,1263000,-246571,1016429
2014/09/16,0,191000,-298820,-107820
2014/09/17,0,751000,-8959218,-8208218
2014/09/18,0,9000,-200643,-191643
2014/09/19,0,136000,-358000,-222000
2014/09/22,0,1907000,-723526,1183474
2014/09/23,0,613000,-234000,379000
2014/09/24,0,1114000,-44000,1070000
2014/09/25,0,1371000,-105000,1266000
2014/09/26,0,2161000,-298422,1862578
2014/09/29,0,454000,-42000,412000
2014/09/30,0,846000,-75000,771000
2014/10/01,0,65000,-207000,-142000
2014/10/02,0,195000,-168246,26754
2014/10/03,0,193000,-250000,-57000
2014/10/06,0,330000,-135582,194418
2014/10/07,0,400000,-292000,108000
2014/10/08,0,84000,-49000,35000
2014/10/09,0,198000,-213000,-15000
2014/10/13,0,51000,-63000,-12000
2014/10/14,0,178000,-550000,-372000
2014/10/15,0,19054,-739000,-719946
2014/10/16,0,579000,-148000,431000
2014/10/17,0,28000,-273000,-245000
2014/10/20,0,62000,-100000,-38000
2014/10/21,0,21000,-300000,-279000
2014/10/22,0,12000,-201000,-189000
2014/10/23,0,80000,-4156,75844
2014/10/24,0,166000,-510415,-344415
2014/10/27,0,413000,-157000,256000
2014/10/28,0,396000,-5000,391000
2014/10/29,0,241000,-67000,174000
2014/10/30,0,136000,-6000,130000
2014/10/31,0,90000,-159000,-69000
2014/11/03,0,40000,-414000,-374000
2014/11/04,0,190000,-10000,180000
2014/11/05,0,288000,-122000,166000
2014/11/06,0,379000,-102069,276931
2014/11/07,0,207000,-7000,200000
2014/11/10,0,375000,-55000,320000
2014/11/11,0,974000,-35000,939000
2014/11/12,0,1220000,-110000,1110000
2014/11/13,0,381396,-133000,248396
2014/11/14,0,3115000,-67000,3048000
2014/11/17,0,1025000,-37000,988000
2014/11/18,0,545000,-8000,537000
2014/11/19,0,144000,-1002000,-858000
2014/11/20,0,1870000,-92000,1778000
2014/11/21,0,148000,-135000,13000
2014/11/24,0,253000,-69000,184000
2014/11/25,0,4000,-101000,-97000
2014/11/26,0,0,-1118000,-1118000
2014/11/27,0,29000,-940000,-911000
2014/11/28,0,20000,0,20000
2014/12/01,0,503000,-577000,-74000
2014/12/02,0,530000,-533000,-3000
2014/12/03,0,244000,-39764,204236
2014/12/04,0,10000,-444091,-434091
2014/12/05,0,400000,-55000,345000
2014/12/08,0,108000,-383000,-275000
2014/12/09,0,2529000,-535000,1994000
2014/12/10,0,1292000,-147000,1145000
2014/12/11,0,1725000,-33000,1692000
2014/12/12,0,630000,-899000,-269000
2014/12/15,0,60000,-22000,38000
2014/12/16,0,588000,-54000,534000
2014/12/17,0,1026000,-9046000,-8020000
2014/12/18,0,769000,-1085000,-316000
2014/12/19,0,634000,-214000,420000
2014/12/22,0,38000,-491000,-453000
2014/12/23,0,70000,-1726000,-1656000
2014/12/24,0,268000,-143000,125000
2014/12/25,0,182000,-230000,-48000
2014/12/26,0,185000,0,185000
2014/12/29,0,380000,-310000,70000
2014/12/30,0,118000,-255000,-137000
2014/12/31,0,647000,-92000,555000
2015/01/01,0,0,0,0
2015/01/02,0,0,0,0
2015/01/05,0,1105000,-46000,1059000
2015/01/06,0,2014000,-90000,1924000
2015/01/07,0,43000,-72000,-29000
2015/01/08,0,249000,-287000,-38000
2015/01/09,0,286000,-246000,40000
2015/01/12,0,330000,-49000,281000
2015/01/13,0,1433000,-301000,1132000
2015/01/14,0,1548000,-784000,764000
2015/01/15,0,630000,-740000,-110000
2015/01/16,0,948000,-327006,620994
2015/01/19,0,101000,-108000,-7000
2015/01/20,0,194000,-969000,-775000
2015/01/21,0,222000,-954000,-732000
2015/01/22,0,360000,-1135000,-775000
2015/01/23,0,1043000,-1819000,-776000
2015/01/26,0,301000,-1452000,-1151000
2015/01/27,0,235000,-657000,-422000
2015/01/28,0,784000,-595000,189000
2015/01/29,0,473000,-249000,224000
2015/01/30,0,487000,-20000,467000
2015/02/02,0,440000,-502000,-62000
2015/02/03,0,340000,-263000,77000
2015/02/04,0,72000,-618005,-546005
2015/02/05,0,170000,-12004,157996
2015/02/06,0,475000,-69000,406000
2015/02/09,0,5000,-364000,-359000
2015/02/10,0,252000,-534000,-282000
2015/02/11,0,51000,-651000,-600000
2015/02/12,0,0,-220000,-220000
2015/02/13,0,78000,-627000,-549000
2015/02/16,0,0,0,0
2015/02/17,0,0,0,0
2015/02/18,0,0,0,0
2015/02/19,0,0,0,0
2015/02/20,0,0,0,0
2015/02/23,0,0,0,0
2015/02/24,0,29000,-867000,-838000
2015/02/25,0,45000,-178003,-133003
2015/02/26,0,85000,0,85000
2015/02/27,0,0,0,0
2015/03/02,0,1051000,-47000,1004000
2015/03/03,0,69000,-13063,55937
2015/03/04,0,152000,-29000,123000
2015/03/05,0,378000,-473003,-95003
2015/03/06,0,115000,-38000,77000
2015/03/09,0,262000,-102049,159951
2015/03/10,0,352000,-268000,84000
2015/03/11,0,37000,-738000,-701000
2015/03/12,0,181000,-360000,-179000
2015/03/13,0,1120000,-150000,970000
2015/03/16,0,229000,-100000,129000
2015/03/17,0,147000,-566003,-419003
2015/03/18,0,198000,-9371000,-9173000
2015/03/19,0,83000,-321000,-238000
2015/03/20,0,772000,-96000,676000
2015/03/23,0,193000,-257000,-64000
2015/03/24,0,500000,-2000,498000
2015/03/25,0,778000,-31000,747000
2015/03/26,0,9000,-508000,-499000
2015/03/27,0,1282000,-13000,1269000
2015/03/30,0,1349000,-1074000,275000
2015/03/31,0,1897000,-1098000,799000
2015/04/01,0,450000,-113000,337000
2015/04/02,0,155000,-158000,-3000
2015/04/03,0,0,0,0
2015/04/06,0,0,0,0
2015/04/07,0,119000,-33000,86000
2015/04/08,0,20000,-581000,-561000
2015/04/09,0,71000,-107000,-36000
2015/04/10,0,515000,-475000,40000
2015/04/13,0,1699000,-235000,1464000
2015/04/14,0,1058000,-458000,600000
2015/04/15,0,258000,-404000,-146000
2015/04/16,0,4000,-285000,-281000
2015/04/17,0,63641,-34000,29641
2015/04/20,0,17000,0,17000
2015/04/21,0,300000,-108000,192000
2015/04/22,0,417000,-79928,337072
2015/04/23,0,9410000,-105000,9305000
2015/04/24,0,2394000,-5336000,-2942000
2015/04/27,0,3240000,-1056000,2184000
2015/04/28,0,1726000,-1707000,19000
2015/04/29,0,936161,-2971000,-2034839
2015/04/30,0,1207000,-1475000,-268000
2015/05/01,0,0,0,0
2015/05/04,0,1451000,-1276000,175000
2015/05/05,0,125000,-606000,-481000
2015/05/06,0,504000,-139000,365000
2015/05/07,0,737000,-325000,412000
2015/05/08,0,446000,-10000,436000
2015/05/11,0,289000,-502000,-213000
2015/05/12,0,137000,-463000,-326000
2015/05/13,0,282000,-267000,15000
2015/05/14,0,333000,-1896000,-1563000
2015/05/15,0,552000,-895000,-343000
2015/05/18,0,2000,-677000,-675000
2015/05/19,0,777000,-61000,716000
2015/05/20,0,728000,-333000,395000
2015/05/21,0,140400,-1212000,-1071600
2015/05/22,0,568000,-302000,266000
2015/05/25,0,44000,-265000,-221000
2015/05/26,0,786000,-201000,585000
2015/05/27,0,183000,-99000,84000
2015/05/28,0,346000,-332000,14000
2015/05/29,0,420000,0,420000
2015/06/01,0,427028,0,427028
2015/06/02,0,182000,-243000,-61000
2015/06/03,0,166000,-447000,-281000
2015/06/04,0,40000,-1913000,-1873000
2015/06/05,0,2583000,-725000,1858000
2015/06/08,0,2005000,-793000,1212000
2015/06/09,0,800000,-69000,731000
2015/06/10,0,369000,-10000,359000
2015/06/11,0,197000,-71000,126000
2015/06/12,0,522000,-119000,403000
2015/06/15,0,267000,-184000,83000
2015/06/16,0,93000,-132000,-39000
2015/06/17,0,1484000,-187000,1297000
2015/06/18,0,404000,-270000,134000
2015/06/19,0,0,0,0
2015/06/22,0,203000,-20000,183000
2015/06/23,0,1467000,-78000,1389000
2015/06/24,0,43000,-433000,-390000
2015/06/25,0,268000,-451000,-183000
2015/06/26,0,0,-124000,-124000
2015/06/29,0,0,-309000,-309000
2015/06/30,0,60000,-25858,34142
2015/07/01,0,80000,-120000,-40000
2015/07/02,0,18000,-249000,-231000
2015/07/03,0,178997,-693000,-514003
2015/07/06,0,328000,-25000,303000
2015/07/07,0,17000,-10000,7000
2015/07/08,0,399000,-859000,-460000
2015/07/09,0,1640000,-728000,912000
2015/07/10,0,0,0,0
2015/07/13,0,32000,-318000,-286000
2015/07/14,0,0,-281000,-281000
2015/07/15,0,652000,-345000,307000
2015/07/16,0,60000,-125000,-65000
2015/07/17,0,36000,-66000,-30000
2015/07/20,0,0,-166000,-166000
2015/07/21,0,972000,-60000,912000
2015/07/22,0,1175000,-107000,1068000
2015/07/23,0,1255000,-84000,1171000
2015/07/24,0,40000,-21000,19000
2015/07/27,0,614000,-727000,-113000
2015/07/28,0,3771000,-150000,3621000
2015/07/29,0,451000,-825000,-374000
2015/07/30,0,203000,-144000,59000
2015/07/31,0,33000,-1028000,-995000
2015/08/03,0,9000,-178000,-169000
2015/08/04,0,1266000,0,1266000
2015/08/05,0,259000,-225000,34000
2015/08/06,0,311000,-770000,-459000
2015/08/07,0,408000,-957000,-549000
2015/08/10,0,31000,-60000,-29000
2015/08/11,0,9000,-454025,-445025
2015/08/12,0,238000,-1209000,-971000
2015/08/13,0,157000,-1102000,-945000
2015/08/14,0,120000,-5000,115000
2015/08/17,0,31000,-210000,-179000
2015/08/18,0,25000,-259000,-234000
2015/08/19,0,484000,-2281000,-1797000
2015/08/20,0,718000,-173000,545000
2015/08/21,0,67000,-177000,-110000
2015/08/24,0,442000,-363000,79000
2015/08/25,0,2000,-169000,-167000
2015/08/26,0,54000,-356000,-302000
2015/08/27,0,25000,-362576,-337576
2015/08/28,0,5000,-434143,-429143
2015/08/31,0,0,-964000,-964000
2015/09/01,0,17000,-1056000,-1039000
2015/09/02,0,207000,-241000,-34000
2015/09/03,0,200000,-209000,-9000
2015/09/04,0,0,-335000,-335000
2015/09/07,0,702000,-16000,686000
2015/09/08,0,407000,-83000,324000
2015/09/09,0,678000,-112000,566000
2015/09/10,0,417000,-135000,282000
2015/09/11,0,42000,-163000,-121000
2015/09/14,0,22000,-55000,-33000
2015/09/15,0,119000,-20000,99000
2015/09/16,0,3000,-5147000,-5144000
2015/09/17,0,425000,-150000,275000
2015/09/18,0,0,-366000,-366000
2015/09/21,0,300000,-356164,-56164
2015/09/22,0,0,-6000,-6000
2015/09/23,0,0,-12000,-12000
2015/09/24,0,7000,-279000,-272000
2015/09/25,0,149000,-33000,116000
2015/09/28,0,0,0,0
2015/09/29,0,0,0,0
2015/09/30,0,640000,-18272,621728
2015/10/01,0,391000,-507000,-116000
2015/10/02,0,66000,-202000,-136000
2015/10/05,0,700000,-154000,546000
2015/10/06,0,899000,-6000,893000
2015/10/07,0,326000,-129000,197000
2015/10/08,0,707000,-223000,484000
2015/10/09,0,0,0,0
2015/10/12,0,10000,-22000,-12000
2015/10/13,0,246000,-9000,237000
2015/10/14,0,373000,-132000,241000
2015/10/15,0,814000,-67000,747000
2015/10/16,0,1017000,-79000,938000
2015/10/19,0,59000,-81000,-22000
2015/10/20,0,237000,-122000,115000
2015/10/21,0,74000,-42000,32000
2015/10/22,0,7000,-500000,-493000
2015/10/23,0,286000,-6000,280000
2015/10/26,0,120000,-600000,-480000
2015/10/27,0,66000,-285000,-219000
2015/10/28,0,52000,-40000,12000
2015/10/29,0,10000,-547140,-537140
2015/10/30,0,166000,-10000,156000
2015/11/02,0,0,-714000,-714000
2015/11/03,0,218000,-461000,-243000
2015/11/04,0,338000,-746531,-408531
2015/11/05,0,495000,-936000,-441000
2015/11/06,0,24000,-767000,-743000
2015/11/09,0,28000,-112000,-84000
2015/11/10,0,3000,-44000,-41000
2015/11/11,0,132000,-151000,-19000
2015/11/12,0,70000,-224000,-154000
2015/11/13,0,44000,-204000,-160000
2015/11/16,0,52000,-59000,-7000
2015/11/17,0,834000,-86000,748000
2015/11/18,0,228000,-487394,-259394
2015/11/19,0,194000,-522000,-328000
2015/11/20,0,0,-104000,-104000
2015/11/23,0,377000,-69000,308000
2015/11/24,0,110000,-100000,10000
2015/11/25,0,102000,-89000,13000
2015/11/26,0,136000,-204000,-68000
2015/11/27,0,0,-106000,-106000
2015/11/30,0,207000,-203000,4000
2015/12/01,0,779000,-100000,679000
2015/12/02,0,468000,-281000,187000
2015/12/03,0,180000,-717000,-537000
2015/12/04,0,327000,-817000,-490000
2015/12/07,0,502000,-1000,501000
2015/12/08,0,0,-491000,-491000
2015/12/09,0,432000,-429000,3000
2015/12/10,0,784000,-456000,328000
2015/12/11,0,985000,-510000,475000
2015/12/14,0,191000,-113000,78000
2015/12/15,0,0,-15000,-15000
2015/12/16,0,56000,-53000,3000
2015/12/17,0,164000,-800000,-636000
2015/12/18,0,0,-4000,-4000
2015/12/21,0,150000,-200000,-50000
2015/12/22,0,119000,0,119000
2015/12/23,0,1268000,-30000,1238000
2015/12/24,0,78000,-677000,-599000
2015/12/25,0,575000,-130000,445000
2015/12/28,0,100000,-633000,-533000
2015/12/29,0,0,-47000,-47000
2015/12/30,0,39000,-162000,-123000
2015/12/31,0,12000,-72000,-60000
2016/01/01,0,0,0,0
2016/01/04,0,0,-174000,-174000
2016/01/05,0,231000,-4181000,-3950000
2016/01/06,0,336000,-264000,72000
2016/01/07,0,609000,-1442000,-833000
2016/01/08,0,1290000,-18000,1272000
2016/01/11,0,704000,-978000,-274000
2016/01/12,0,228000,-121000,107000
2016/01/13,0,189000,-143000,46000
2016/01/14,0,217000,-291000,-74000
2016/01/15,0,44000,-906000,-862000
2016/01/18,0,731000,-477000,254000
2016/01/19,0,366000,0,366000
2016/01/20,0,30000,-418044,-388044
2016/01/21,0,0,-556000,-556000
2016/01/22,0,187000,-224000,-37000
2016/01/25,0,1275000,-100000,1175000
2016/01/26,0,21000,-333000,-312000
2016/01/27,0,3983000,-1233000,2750000
2016/01/28,0,32000,-1152000,-1120000
2016/01/29,0,1827000,-71000,1756000
2016/02/01,0,45000,-973000,-928000
2016/02/02,0,56000,-227000,-171000
2016/02/03,0,65000,-656949,-591949
2016/02/04,0,0,0,0
2016/02/05,0,0,0,0
2016/02/08,0,0,0,0
2016/02/09,0,0,0,0
2016/02/10,0,0,0,0
2016/02/11,0,0,0,0
2016/02/12,0,0,0,0
2016/02/15,0,140000,-208000,-68000
2016/02/16,0,1394000,-31000,1363000
2016/02/17,0,286000,-1349000,-1063000
2016/02/18,0,150000,-97000,53000
2016/02/19,0,447000,-30000,417000
2016/02/22,0,284000,-249000,35000
2016/02/23,0,0,-218000,-218000
2016/02/24,0,25000,-180000,-155000
2016/02/25,0,167000,-138000,29000
2016/02/26,0,0,-400000,-400000
2016/02/29,0,0,0,0
2016/03/01,0,0,-35000,-35000
2016/03/02,0,981000,-135000,846000
2016/03/03,0,779000,-195000,584000
2016/03/04,0,77000,-205000,-128000
2016/03/07,0,990000,-405000,585000
2016/03/08,0,915000,-1011000,-96000
2016/03/09,0,200000,-690000,-490000
2016/03/10,0,33000,-416000,-383000
2016/03/11,0,467000,-97956,369044
2016/03/14,0,109000,-94000,15000
2016/03/15,0,129000,-726000,-597000
2016/03/16,0,489000,-404000,85000
2016/03/17,0,281000,-473000,-192000
2016/03/18,0,0,-116000,-116000
2016/03/21,0,101000,-1000000,-899000
2016/03/22,0,129000,-208000,-79000
2016/03/23,0,0,-433000,-433000
2016/03/24,0,4000,-75000,-71000
2016/03/25,0,4000,-34000,-30000
2016/03/28,0,177000,-51000,126000
2016/03/29,0,60000,-570000,-510000
2016/03/30,0,21000,-207000,-186000
2016/03/31,0,230000,-114503,115497
2016/04/01,0,186000,-77000,109000
2016/04/04,0,0,0,0
2016/04/05,0,0,0,0
2016/04/06,0,177000,-92000,85000
2016/04/07,0,64000,-437000,-373000
2016/04/08,0,0,-57000,-57000
2016/04/11,0,101000,-11000,90000
2016/04/12,0,0,-277000,-277000
2016/04/13,0,104000,-70000,34000
2016/04/14,0,656000,0,656000
2016/04/15,0,268000,-169000,99000
2016/04/18,0,143000,-157000,-14000
2016/04/19,0,195000,-77000,118000
2016/04/20,0,573000,-190000,383000
2016/04/21,0,157000,-107000,50000
2016/04/22,0,469000,-70000,399000
2016/04/25,0,179000,-76000,103000
2016/04/26,0,221000,-70000,151000
2016/04/27,0,3077000,-436000,2641000
2016/04/28,0,516000,-2356000,-1840000
2016/04/29,0,879000,-980000,-101000
2016/05/02,0,0,0,0
2016/05/03,0,147000,-400000,-253000
2016/05/04,0,46000,-623000,-577000
2016/05/05,0,84000,-168000,-84000
2016/05/06,0,118000,-214000,-96000
2016/05/09,0,7000,-60000,-53000
2016/05/10,0,75000,-22000,53000
2016/05/11,0,116000,-56000,60000
2016/05/12,0,57000,-330000,-273000
2016/05/13,0,93000,-444000,-351000
2016/05/16,0,56000,-392000,-336000
2016/05/17,0,29000,-146000,-117000
2016/05/18,0,0,-213000,-213000
2016/05/19,0,16000,-135000,-119000
2016/05/20,0,34000,-51000,-17000
2016/05/23,0,477000,-388000,89000
2016/05/24,0,219000,-40000,179000
2016/05/25,0,158000,-87000,71000
2016/05/26,0,108000,-163000,-55000
2016/05/27,0,10000,-291000,-281000
2016/05/30,0,701000,-117000,584000
2016/05/31,0,110000,-85000,25000
2016/06/01,0,1072000,-15000,1057000
2016/06/02,0,84000,-149000,-65000
2016/06/03,0,29000,-225000,-196000
2016/06/06,0,17000,-59000,-42000
2016/06/07,0,167000,-88000,79000
2016/06/08,0,212000,-428000,-216000
2016/06/09,0,0,0,0
2016/06/10,0,0,0,0
2016/06/13,0,29000,-480000,-451000
2016/06/14,0,158000,-66000,92000
2016/06/15,0,3302000,-50000,3252000
2016/06/16,0,3000000,-838000,2162000
2016/06/17,0,1516000,-42000,1474000
2016/06/20,0,63000,-16000,47000
2016/06/21,0,13989000,0,13989000
2016/06/22,0,13556000,-54000,13502000
2016/06/23,0,7654000,0,7654000
2016/06/24,0,116000,-157000,-41000
2016/06/27,0,108000,-52000,56000
2016/06/28,0,6618000,-167000,6451000
2016/06/29,0,4529000,-82000,4447000
2016/06/30,0,1602000,-199000,1403000
2016/07/01,0,2569000,-68000,2501000
2016/07/04,0,2063000,0,2063000
2016/07/05,0,4026000,0,4026000
2016/07/06,0,12000,-55000,-43000
2016/07/07,0,2205000,-5000,2200000
2016/07/08,0,0,0,0
2016/07/11,0,3391000,-100000,3291000
2016/07/12,0,1845000,-294000,1551000
2016/07/13,0,1687000,-1077000,610000
2016/07/14,0,691000,-111000,580000
2016/07/15,0,412000,-54000,358000
2016/07/18,0,39000,-251000,-212000
2016/07/19,0,62000,-945000,-883000
2016/07/20,0,253000,-525000,-272000
2016/07/21,0,41000,-47000,-6000
2016/07/22,0,153000,-32000,121000
2016/07/25,0,20000,-2000,18000
2016/07/26,0,71000,-58000,13000
2016/07/27,0,29000,-26000,3000
2016/07/28,0,111000,-146000,-35000
2016/07/29,0,691000,-44000,647000
2016/08/01,0,267000,-52000,215000
2016/08/02,0,5000,-22000,-17000
2016/08/03,0,5000,-112000,-107000
2016/08/04,0,121000,-41000,80000
2016/08/05,0,425000,0,425000
2016/08/08,0,589000,-44000,545000
2016/08/09,0,717000,-164000,553000
2016/08/10,0,525000,-105000,420000
2016/08/11,0,27000,-254000,-227000
2016/08/12,0,500000,-700000,-200000
2016/08/15,0,83000,-267000,-184000
2016/08/16,0,5000,-331000,-326000
2016/08/17,0,1181000,-567000,614000
2016/08/18,0,3807000,-534000,3273000
2016/08/19,0,6269000,-261000,6008000
2016/08/22,0,9947000,-97000,9850000
2016/08/23,0,18384000,-178905,18205095
2016/08/24,0,473000,-22445000,-21972000
2016/08/25,0,799000,-7117000,-6318000
2016/08/26,0,26000,-4575000,-4549000
2016/08/29,0,210000,-561000,-351000
2016/08/30,0,277000,-3189000,-2912000
2016/08/31,0,324000,-1299000,-975000
2016/09/01,0,691000,-59000,632000
2016/09/02,0,72000,-492000,-420000
2016/09/05,0,63000,-371000,-308000
2016/09/06,0,40000,-269000,-229000
2016/09/07,0,0,-27000,-27000
2016/09/08,0,0,-25000,-25000
2016/09/09,0,480000,-894000,-414000
2016/09/12,0,219000,-22000,197000
2016/09/13,0,42000,-100000,-58000
2016/09/14,0,519000,-28000,491000
2016/09/15,0,0,0,0
2016/09/16,0,0,0,0
2016/09/19,0,134000,-732362,-598362
2016/09/20,0,119000,-453000,-334000
2016/09/21,0,25000,-915000,-890000
2016/09/22,0,29000,-132496,-103496
2016/09/23,0,90000,-151000,-61000
2016/09/26,0,100000,-12000,88000
2016/09/27,0,0,0,0
2016/09/28,0,0,0,0
2016/09/29,0,135000,-100459,34541
2016/09/30,0,850000,-156000,694000
2016/10/03,0,12000,-694000,-682000
2016/10/04,0,0,-201000,-201000
2016/10/05,0,0,-339000,-339000
2016/10/06,0,200000,-175000,25000
2016/10/07,0,200000,0,200000
2016/10/10,0,0,0,0
2016/10/11,0,1021000,-66000,955000
2016/10/12,0,753000,-2000,751000
2016/10/13,0,807000,-63000,744000
2016/10/14,0,767000,-54000,713000
2016/10/17,0,255000,-81000,174000
2016/10/18,0,0,-27000,-27000
2016/10/19,0,26000,-111000,-85000
2016/10/20,0,200000,-52000,148000
2016/10/21,0,0,-22000,-22000
2016/10/24,0,0,0,0
2016/10/25,0,0,0,0
2016/10/26,0,979000,0,979000
2016/10/27,0,250000,-87000,163000
2016/10/28,0,38000,-167000,-129000
2016/10/31,0,229000,-350000,-121000
2016/11/01,0,3000,0,3000
2016/11/02,0,393000,-153000,240000
2016/11/03,0,397000,-124000,273000
2016/11/04,0,100000,-381000,-281000
2016/11/07,0,62000,-30000,32000
2016/11/08,0,0,-528000,-528000
2016/11/09,0,1162000,-603000,559000
2016/11/10,0,62000,-1248000,-1186000
2016/11/11,0,1002000,-51000,951000
2016/11/14,0,1145000,-641000,504000
2016/11/15,0,367000,-1167000,-800000
2016/11/16,0,14000,-348963,-334963
2016/11/17,0,153000,-337000,-184000
2016/11/18,0,450000,-2212000,-1762000
2016/11/21,0,20000,-730000,-710000
2016/11/22,0,0,-431000,-431000
2016/11/23,0,14000,-2560000,-2546000
2016/11/24,0,318000,-2818000,-2500000
2016/11/25,0,0,-137000,-137000
2016/11/28,0,42000,-623190,-581190
2016/11/29,0,304000,-168000,136000
2016/11/30,0,7000,-82000,-75000
2016/12/01,0,554000,-2203000,-1649000
2016/12/02,0,0,-801000,-801000
2016/12/05,0,353000,-23000,330000
2016/12/06,0,86000,-14000,72000
2016/12/07,0,4000,0,4000
2016/12/08,0,237000,-337000,-100000
2016/12/09,0,92000,-192000,-100000
2016/12/12,0,110000,-41000,69000
2016/12/13,0,0,-196000,-196000
2016/12/14,0,0,0,0
2016/12/15,0,311000,-571000,-260000
2016/12/16,0,303000,-20000,283000
2016/12/19,0,57000,-20000,37000
2016/12/20,0,41000,-956000,-915000
2016/12/21,0,9000,-2440000,-2431000
2016/12/22,0,500000,-2062000,-1562000
2016/12/23,0,207000,-2135000,-1928000
2016/12/26,0,2000,-592000,-590000
2016/12/27,0,1000,0,1000
2016/12/28,0,84000,-2099000,-2015000
2016/12/29,0,228000,-2704000,-2476000
2016/12/30,0,0,-621000,-621000
2017/01/02,0,0,0,0
2017/01/03,0,0,-1000,-1000
2017/01/04,0,5000,-29000,-24000
2017/01/05,0,0,-257000,-257000
2017/01/06,0,9000,-21000,-12000
2017/01/09,0,0,-104000,-104000
2017/01/10,0,0,-2501000,-2501000
2017/01/11,0,0,-1931000,-1931000
2017/01/12,0,0,-902000,-902000
2017/01/13,0,10000,-180000,-170000
2017/01/16,0,0,-111000,-111000
2017/01/17,0,0,-1974000,-1974000
2017/01/18,0,63000,-2389000,-2326000
2017/01/19,0,3000,-162000,-159000
2017/01/20,0,20000,-2107000,-2087000
2017/01/23,0,0,-2000,-2000
2017/01/24,0,13000,0,13000
2017/01/25,0,0,0,0
2017/01/26,0,0,0,0
2017/01/27,0,0,0,0
2017/01/30,0,0,0,0
2017/01/31,0,0,0,0
2017/02/01,0,0,0,0
2017/02/02,0,121000,-51000,70000
2017/02/03,0,93000,-4107000,-4014000
2017/02/06,0,58000,-14000,44000
2017/02/07,0,1309000,-931000,378000
2017/02/08,0,103000,-227000,-124000
2017/02/09,0,0,-1802000,-1802000
2017/02/10,0,385000,-872000,-487000
2017/02/13,0,0,-954000,-954000
2017/02/14,0,0,-107000,-107000
2017/02/15,0,1645000,-261000,1384000
2017/02/16,0,79000,-1310000,-1231000
2017/02/17,0,0,-532000,-532000
2017/02/20,0,1000,-537000,-536000
2017/02/21,0,16000,-402000,-386000
2017/02/22,0,24000,-581000,-557000
2017/02/23,0,23000,-2828915,-2805915
2017/02/24,0,0,-176000,-176000
2017/02/27,0,0,0,0
2017/02/28,0,0,0,0
2017/03/01,0,98000,-46000,52000
2017/03/02,0,34000,-195000,-161000
2017/03/03,0,0,-6000,-6000
2017/03/06,0,100000,-68000,32000
2017/03/07,0,150000,-4000,146000
2017/03/08,0,250000,-8000,242000
2017/03/09,0,23000,-39000,-16000
2017/03/10,0,31000,-155000,-124000
2017/03/13,0,103000,-186000,-83000
2017/03/14,0,211000,-15000,196000
2017/03/15,0,0,-231000,-231000
2017/03/16,0,132000,-545000,-413000
2017/03/17,0,260000,-30000,230000
2017/03/20,0,11000,-1000,10000
2017/03/21,0,38000,-240000,-202000
2017/03/22,0,113000,-26000,87000
2017/03/23,0,0,-32000,-32000
2017/03/24,0,0,0,0
2017/03/27,0,0,-135000,-135000
2017/03/28,0,74000,-18000,56000
2017/03/29,0,536000,-4000,532000
2017/03/30,0,492000,-744000,-252000
2017/03/31,0,0,-386000,-386000
2017/04/03,0,0,0,0
2017/04/04,0,0,0,0
2017/04/05,0,144000,-156000,-12000
2017/04/06,0,164000,-30000,134000
2017/04/07,0,6000,-179000,-173000
2017/04/10,0,0,-99000,-99000
2017/04/11,0,100000,-140000,-40000
2017/04/12,0,0,-28000,-28000
2017/04/13,0,121000,-301000,-180000
2017/04/14,0,57000,-268000,-211000
2017/04/17,0,404000,-60000,344000
2017/04/18,0,0,0,0
2017/04/19,0,61000,-120000,-59000
2017/04/20,0,281000,-124000,157000
2017/04/21,0,12000,0,12000
2017/04/24,0,60000,-283000,-223000
2017/04/25,0,42000,-230000,-188000
2017/04/26,0,2000,-51000,-49000
2017/04/27,0,0,-89000,-89000
2017/04/28,0,0,-29000,-29000
2017/05/01,0,0,0,0
2017/05/02,0,552000,-100000,452000
2017/05/03,0,0,-73000,-73000
2017/05/04,0,0,0,0
2017/05/05,0,499000,-623000,-124000
2017/05/08,0,7000,-1485000,-1478000
2017/05/09,0,79000,-39160,39840
2017/05/10,0,0,-100000,-100000
2017/05/11,0,10000,-57000,-47000
2017/05/12,0,0,0,0
2017/05/15,0,252000,0,252000
2017/05/16,0,100000,-326000,-226000
2017/05/17,0,792000,-329000,463000
2017/05/18,0,0,-367000,-367000
2017/05/19,0,1000,-175000,-174000
2017/05/22,0,60000,-9000,51000
2017/05/23,0,450000,-3000,447000
2017/05/24,0,319000,-2000,317000
2017/05/25,0,32000,-100000,-68000
2017/05/26,0,2397000,-236000,2161000
2017/05/29,0,0,0,0
2017/05/30,0,0,0,0
2017/05/31,0,2221000,-524000,1697000
2017/06/01,0,53000,-312000,-259000
2017/06/02,0,3000,-50000,-47000
2017/06/05,0,720000,-1288000,-568000
2017/06/06,0,269000,-202726,66274
2017/06/07,0,9000,-868000,-859000
2017/06/08,0,0,-131000,-131000
2017/06/09,0,0,-3550252,-3550252
2017/06/12,0,44000,-30000,14000
2017/06/13,0,4000,-147000,-143000
2017/06/14,0,364000,-271000,93000
2017/06/15,0,30000,-29000,1000
2017/06/16,0,100000,-354000,-254000
2017/06/19,0,227336,-14000,213336
2017/06/20,0,89000,-101000,-12000
2017/06/21,0,191000,-266000,-75000
2017/06/22,0,119000,-60000,59000
2017/06/23,0,85000,-307000,-222000
2017/06/26,0,2296000,-214000,2082000
2017/06/27,0,578000,-406000,172000
2017/06/28,0,580000,-1572000,-992000
2017/06/29,0,711000,-318000,393000
2017/06/30,0,231000,-63000,168000
2017/07/03,0,468000,-162158,305842
2017/07/04,0,0,-411000,-411000
2017/07/05,0,33000,0,33000
2017/07/06,0,45000,-108000,-63000
2017/07/07,0,0,-201000,-201000
2017/07/10,0,50000,-190000,-140000
2017/07/11,0,139000,-211000,-72000
2017/07/12,0,0,-182000,-182000
2017/07/13,0,54000,-13000,41000
2017/07/14,0,0,-82000,-82000
2017/07/17,0,17000,-222000,-205000
2017/07/18,0,0,-66000,-66000
2017/07/19,0,536000,0,536000
2017/07/20,0,50000,-145000,-95000
2017/07/21,0,50000,0,50000
2017/07/24,0,2463000,-227000,2236000
2017/07/25,0,251000,-40000,211000
2017/07/26,0,301000,-52000,249000
2017/07/27,0,5000,-2000,3000
2017/07/28,0,45000,-15000,30000
2017/07/31,0,12000,-938,11062
2017/08/01,0,70000,-2000,68000
2017/08/02,0,824000,-88000,736000
2017/08/03,0,4000,-62000,-58000
2017/08/04,0,169000,-263000,-94000
2017/08/07,0,2906000,-231000,2675000
2017/08/08,0,2256000,-3000,2253000
2017/08/09,0,1789000,-5244000,-3455000
2017/08/10,0,1172000,-381000,791000
2017/08/11,0,2153000,-99489,2053511
2017/08/14,0,438000,-233000,205000
2017/08/15,0,7677000,-277590,7399410
2017/08/16,0,50000,-8775000,-8725000
2017/08/17,0,292000,-6239000,-5947000
2017/08/18,0,0,-280000,-280000
