Date,Open,Buy,Sell,Total
2007/04/23,0,6000,-508000,-502000
2007/04/24,0,916000,-168000,748000
2007/04/25,0,149000,-1107000,-958000
2007/04/26,0,18000,-32000,-14000
2007/04/27,0,56000,-1435000,-1379000
2007/04/30,0,19000,-142000,-123000
2007/05/01,0,0,0,0
2007/05/02,0,111000,-563000,-452000
2007/05/03,0,2490000,-757000,1733000
2007/05/04,0,1879000,-2411000,-532000
2007/05/07,0,751000,-471000,280000
2007/05/08,0,500000,-439000,61000
2007/05/09,0,374000,-595000,-221000
2007/05/10,0,586000,-3355000,-2769000
2007/05/11,0,1000,-260000,-259000
2007/05/14,0,304000,-107000,197000
2007/05/15,0,21000,-1006000,-985000
2007/05/16,0,102000,-318000,-216000
2007/05/17,0,8000,-19000,-11000
2007/05/18,0,50000,-64000,-14000
2007/05/21,0,1742000,-20000,1722000
2007/05/22,0,606000,-40000,566000
2007/05/23,0,541000,-677000,-136000
2007/05/24,0,31000,-462000,-431000
2007/05/25,0,101000,-97000,4000
2007/05/28,0,125000,-460000,-335000
2007/05/29,0,201000,-273000,-72000
2007/05/30,0,96000,-555000,-459000
2007/05/31,0,390000,-77000,313000
2007/06/01,0,139000,-80000,59000
2007/06/04,0,158000,-1044000,-886000
2007/06/05,0,509000,-562000,-53000
2007/06/06,0,756000,-179000,577000
2007/06/07,0,203000,-73000,130000
2007/06/08,0,660000,-535000,125000
2007/06/11,0,652000,-126000,526000
2007/06/12,0,314000,-525000,-211000
2007/06/13,0,99000,-128000,-29000
2007/06/14,0,41000,-602000,-561000
2007/06/15,0,149000,-1823000,-1674000
2007/06/18,0,0,0,0
2007/06/19,0,0,0,0
2007/06/20,0,2480000,-1292000,1188000
2007/06/21,0,1293000,-1736000,-443000
2007/06/22,0,305000,-1230000,-925000
2007/06/25,0,910000,-1648000,-738000
2007/06/26,0,360000,-123000,237000
2007/06/27,0,390000,-202355,187645
2007/06/28,0,192000,-300000,-108000
2007/06/29,0,778000,-816000,-38000
2007/07/02,0,523000,-230873,292127
2007/07/03,0,1663000,-1056000,607000
2007/07/04,0,481000,-114000,367000
2007/07/05,0,225000,-1058000,-833000
2007/07/06,0,268000,-354000,-86000
2007/07/09,0,1558000,-556000,1002000
2007/07/10,0,288000,-656000,-368000
2007/07/11,0,114000,-488276,-374276
2007/07/12,0,1081000,-931276,149724
2007/07/13,0,2094000,-218000,1876000
2007/07/16,0,1541000,-150041,1390959
2007/07/17,0,1904000,-730000,1174000
2007/07/18,0,908000,-1189000,-281000
2007/07/19,0,332000,-512000,-180000
2007/07/20,0,1259000,-147000,1112000
2007/07/23,0,1284000,-329499,954501
2007/07/24,0,1037000,-1629000,-592000
2007/07/25,0,128000,-634000,-506000
2007/07/26,0,1772000,-1476000,296000
2007/07/27,0,453000,-5156068,-4703068
2007/07/30,0,585000,-1273000,-688000
2007/07/31,0,682000,-1424068,-742068
2007/08/01,0,163000,-1629000,-1466000
2007/08/02,0,651000,-931000,-280000
2007/08/03,0,1163000,-2111000,-948000
2007/08/06,0,322000,-892000,-570000
2007/08/07,0,79000,-480000,-401000
2007/08/08,0,930000,-390000,540000
2007/08/09,0,519000,-873000,-354000
2007/08/10,0,333000,-493472,-160472
2007/08/13,0,230000,-701000,-471000
2007/08/14,0,1122000,-426000,696000
2007/08/15,0,983000,-1845000,-862000
2007/08/16,0,1588000,-879000,709000
2007/08/17,0,2882000,-725000,2157000
2007/08/20,0,1178000,-339932,838068
2007/08/21,0,2294000,-750000,1544000
2007/08/22,0,1102000,-202000,900000
2007/08/23,0,414000,-532000,-118000
2007/08/24,0,171000,-2847000,-2676000
2007/08/27,0,25000,-611000,-586000
2007/08/28,0,600000,-340000,260000
2007/08/29,0,423000,-360000,63000
2007/08/30,0,144000,-301000,-157000
2007/08/31,0,632000,-319000,313000
2007/09/03,0,160000,-394000,-234000
2007/09/04,0,293000,-135000,158000
2007/09/05,0,229000,-703000,-474000
2007/09/06,0,362000,-49000,313000
2007/09/07,0,367472,-105000,262472
2007/09/10,0,646000,-160000,486000
2007/09/11,0,446000,-819000,-373000
2007/09/12,0,1039000,-106000,933000
2007/09/13,0,229000,-248000,-19000
2007/09/14,0,883000,-338000,545000
2007/09/17,0,503000,-316000,187000
2007/09/18,0,0,0,0
2007/09/19,0,872000,-282694,589306
2007/09/20,0,407000,-769639,-362639
2007/09/21,0,494000,-438631,55369
2007/09/24,0,0,0,0
2007/09/25,0,0,0,0
2007/09/26,0,452000,-100571,351429
2007/09/27,0,337000,-219368,117632
2007/09/28,0,1356000,-498000,858000
2007/10/01,0,1019000,-325000,694000
2007/10/02,0,2417000,-661000,1756000
2007/10/03,0,1339000,-3387000,-2048000
2007/10/04,0,1723000,-628000,1095000
2007/10/05,0,520000,-622000,-102000
2007/10/08,0,2341000,-1999000,342000
2007/10/09,0,1421000,-270548,1150452
2007/10/10,0,0,0,0
2007/10/11,0,1450000,-918000,532000
2007/10/12,0,344000,-1313000,-969000
2007/10/15,0,132000,-570000,-438000
2007/10/16,0,620000,-205000,415000
2007/10/17,0,1059000,-309000,750000
2007/10/18,0,361000,-53000,308000
2007/10/19,0,12000,-97000,-85000
2007/10/22,0,395000,-615000,-220000
2007/10/23,0,465000,-116000,349000
2007/10/24,0,283000,-288000,-5000
2007/10/25,0,896000,-243000,653000
2007/10/26,0,751000,-2116000,-1365000
2007/10/29,0,1439000,-211669,1227331
2007/10/30,0,186000,-454000,-268000
2007/10/31,0,905000,-245000,660000
2007/11/01,0,369000,-485000,-116000
2007/11/02,0,411000,-1059100,-648100
2007/11/05,0,515000,-3266000,-2751000
2007/11/06,0,584000,-550000,34000
2007/11/07,0,929000,-287862,641138
2007/11/08,0,980000,-822000,158000
2007/11/09,0,1147000,-1040000,107000
2007/11/12,0,593000,-156000,437000
2007/11/13,0,311000,-554000,-243000
2007/11/14,0,2005000,-147000,1858000
2007/11/15,0,365000,-649000,-284000
2007/11/16,0,1444000,-541000,903000
2007/11/19,0,1261000,-613000,648000
2007/11/20,0,1051000,-1244000,-193000
2007/11/21,0,426000,-507000,-81000
2007/11/22,0,1032000,-206027,825973
2007/11/23,0,468000,-580000,-112000
2007/11/26,0,895000,-854000,41000
2007/11/27,0,850000,-693000,157000
2007/11/28,0,268000,-172000,96000
2007/11/29,0,1726000,-63144,1662856
2007/11/30,0,160000,-149000,11000
2007/12/03,0,78000,-196000,-118000
2007/12/04,0,164000,-369000,-205000
2007/12/05,0,318000,-113000,205000
2007/12/06,0,840000,-14000,826000
2007/12/07,0,210000,-300000,-90000
2007/12/10,0,80000,-943000,-863000
2007/12/11,0,150000,-714000,-564000
2007/12/12,0,886000,-716000,170000
2007/12/13,0,223000,-241000,-18000
2007/12/14,0,395000,-508000,-113000
2007/12/17,0,458000,-677000,-219000
2007/12/18,0,472000,-656000,-184000
2007/12/19,0,92000,-651316,-559316
2007/12/20,0,45000,-342000,-297000
2007/12/21,0,1603000,-352000,1251000
2007/12/24,0,211000,-271000,-60000
2007/12/25,0,132000,-26000,106000
2007/12/26,0,589000,-154000,435000
2007/12/27,0,685000,-471000,214000
2007/12/28,0,137000,-333000,-196000
2007/12/31,0,109000,-211000,-102000
2008/01/01,0,0,0,0
2008/01/02,0,741000,-13000,728000
2008/01/03,0,127000,-233000,-106000
2008/01/04,0,2351000,-132000,2219000
2008/01/07,0,1003000,-1262000,-259000
2008/01/08,0,297000,-843000,-546000
2008/01/09,0,1166000,-1387000,-221000
2008/01/10,0,141000,-935000,-794000
2008/01/11,0,497000,-876000,-379000
2008/01/14,0,1174000,-2143000,-969000
2008/01/15,0,1036000,-1450000,-414000
2008/01/16,0,9655000,-3162000,6493000
2008/01/17,0,3333000,-6844000,-3511000
2008/01/18,0,3860000,-1474000,2386000
2008/01/21,0,2894000,-842000,2052000
2008/01/22,0,77000,-326000,-249000
2008/01/23,0,1151000,-3569000,-2418000
2008/01/24,0,1548000,-1689000,-141000
2008/01/25,0,189000,-1520000,-1331000
2008/01/28,0,315000,-928000,-613000
2008/01/29,0,278000,-435000,-157000
2008/01/30,0,489000,-362000,127000
2008/01/31,0,446000,-322000,124000
2008/02/01,0,588000,-208000,380000
2008/02/04,0,0,0,0
2008/02/05,0,0,0,0
2008/02/06,0,0,0,0
2008/02/07,0,0,0,0
2008/02/08,0,0,0,0
2008/02/11,0,0,0,0
2008/02/12,0,104000,-1235000,-1131000
2008/02/13,0,473000,-353000,120000
2008/02/14,0,677000,-333000,344000
2008/02/15,0,364000,-120000,244000
2008/02/18,0,124000,-227000,-103000
2008/02/19,0,651000,-54000,597000
2008/02/20,0,81000,-1039000,-958000
2008/02/21,0,357000,-128000,229000
2008/02/22,0,294000,-148000,146000
2008/02/25,0,1451000,-871092,579908
2008/02/26,0,5055000,-1664000,3391000
2008/02/27,0,443000,-1617064,-1174064
2008/02/28,0,0,0,0
2008/02/29,0,93000,-3317000,-3224000
2008/03/03,0,831000,-705694,125306
2008/03/04,0,637000,-738000,-101000
2008/03/05,0,203000,-316000,-113000
2008/03/06,0,859000,-409516,449484
2008/03/07,0,302000,-161000,141000
2008/03/10,0,279000,-619130,-340130
2008/03/11,0,418000,-393000,25000
2008/03/12,0,363000,-101394,261606
2008/03/13,0,219000,-160477,58523
2008/03/14,0,173000,-381077,-208077
2008/03/17,0,743000,-158000,585000
2008/03/18,0,393000,-45000,348000
2008/03/19,0,216000,-18000,198000
2008/03/20,0,4092000,-174000,3918000
2008/03/21,0,3370000,-99000,3271000
2008/03/24,0,6252000,-2190000,4062000
2008/03/25,0,1091000,-1494000,-403000
2008/03/26,0,228000,-3043000,-2815000
2008/03/27,0,103000,-980000,-877000
2008/03/28,0,303000,-344000,-41000
2008/03/31,0,402000,-1545716,-1143716
2008/04/01,0,428000,-1656000,-1228000
2008/04/02,0,580000,-82000,498000
2008/04/03,0,114836,-1108573,-993737
2008/04/04,0,0,0,0
2008/04/07,0,254000,-381000,-127000
2008/04/08,0,457000,-283000,174000
2008/04/09,0,1442000,-1457747,-15747
2008/04/10,0,566000,-196000,370000
2008/04/11,0,6403000,-411000,5992000
2008/04/14,0,5321000,-2318284,3002716
2008/04/15,0,2851000,-1037000,1814000
2008/04/16,0,3336000,-8460000,-5124000
2008/04/17,0,3669000,-1473055,2195945
2008/04/18,0,623000,-943000,-320000
2008/04/21,0,1982000,-2232000,-250000
2008/04/22,0,302000,-1766164,-1464164
2008/04/23,0,1671000,-2489000,-818000
2008/04/24,0,5184000,-1089000,4095000
2008/04/25,0,1110000,-384000,726000
2008/04/28,0,4222000,-503000,3719000
2008/04/29,0,803000,-1321000,-518000
2008/04/30,0,1724000,-1005000,719000
2008/05/01,0,0,0,0
2008/05/02,0,1895000,-897000,998000
2008/05/05,0,1154000,-3740000,-2586000
2008/05/06,0,1338000,-2857000,-1519000
2008/05/07,0,1109000,-422000,687000
2008/05/08,0,699000,-657000,42000
2008/05/09,0,488000,-661000,-173000
2008/05/12,0,1025000,-855000,170000
2008/05/13,0,2088060,-446000,1642060
2008/05/14,0,1926000,-1879000,47000
2008/05/15,0,1055000,-543000,512000
2008/05/16,0,1818000,-597000,1221000
2008/05/19,0,484000,-991000,-507000
2008/05/20,0,1043000,-4729000,-3686000
2008/05/21,0,1041000,-2311644,-1270644
2008/05/22,0,495000,-1212000,-717000
2008/05/23,0,690000,-622000,68000
2008/05/26,0,914000,-2969761,-2055761
2008/05/27,0,400000,-1494000,-1094000
2008/05/28,0,515000,-2939941,-2424941
2008/05/29,0,1089000,-1382000,-293000
2008/05/30,0,1117000,-1796000,-679000
2008/06/02,0,654000,-623000,31000
2008/06/03,0,965000,-964000,1000
2008/06/04,0,512445,-365000,147445
2008/06/05,0,1456000,-587000,869000
2008/06/06,0,1257000,-875000,382000
2008/06/09,0,597000,-782000,-185000
2008/06/10,0,656000,-1395390,-739390
2008/06/11,0,543000,-799000,-256000
2008/06/12,0,588000,-2565000,-1977000
2008/06/13,0,585000,-1479000,-894000
2008/06/16,0,290000,-144000,146000
2008/06/17,0,638000,-399000,239000
2008/06/18,0,432000,-187000,245000
2008/06/19,0,413000,-627000,-214000
2008/06/20,0,500000,-1268000,-768000
2008/06/23,0,683000,-601000,82000
2008/06/24,0,429000,-370000,59000
2008/06/25,0,1368000,-172000,1196000
2008/06/26,0,472000,-681000,-209000
2008/06/27,0,572000,-2209000,-1637000
2008/06/30,0,573000,-1494000,-921000
2008/07/01,0,776000,-572000,204000
2008/07/02,0,1233000,-888000,345000
2008/07/03,0,1640000,-868000,772000
2008/07/04,0,438000,-894000,-456000
2008/07/07,0,804000,-189000,615000
2008/07/08,0,744000,-642000,102000
2008/07/09,0,908000,-1230000,-322000
2008/07/10,0,482000,-453000,29000
2008/07/11,0,434000,-340000,94000
2008/07/14,0,72000,-235000,-163000
2008/07/15,0,131000,-166000,-35000
2008/07/16,0,461000,-2243000,-1782000
2008/07/17,0,124000,-390000,-266000
2008/07/18,0,481000,-554000,-73000
2008/07/21,0,1564000,-227562,1336438
2008/07/22,0,683000,-297000,386000
2008/07/23,0,411000,-1175000,-764000
2008/07/24,0,1253000,-97000,1156000
2008/07/25,0,1139000,-876000,263000
2008/07/28,0,0,0,0
2008/07/29,0,603000,-395166,207834
2008/07/30,0,294000,-642000,-348000
2008/07/31,0,534000,-124002,409998
2008/08/01,0,643000,-1279000,-636000
2008/08/04,0,408000,-48000,360000
2008/08/05,0,384000,-243000,141000
2008/08/06,0,260000,-46000,214000
2008/08/07,0,540000,-113000,427000
2008/08/08,0,1099000,-100000,999000
2008/08/11,0,1752000,-835000,917000
2008/08/12,0,698000,-588000,110000
2008/08/13,0,1074000,-177000,897000
2008/08/14,0,454000,-498000,-44000
2008/08/15,0,268000,-393000,-125000
2008/08/18,0,414000,-367000,47000
2008/08/19,0,175000,-948328,-773328
2008/08/20,0,8266000,-189000,8077000
2008/08/21,0,177000,-349000,-172000
2008/08/22,0,698000,-580000,118000
2008/08/25,0,240000,-1961000,-1721000
2008/08/26,0,293000,-401000,-108000
2008/08/27,0,1019000,-448000,571000
2008/08/28,0,372000,-539852,-167852
2008/08/29,0,942000,-1160000,-218000
2008/09/01,0,1034000,-771000,263000
2008/09/02,0,609109,-600000,9109
2008/09/03,0,792000,-445000,347000
2008/09/04,0,1326000,-798000,528000
2008/09/05,0,681000,-1189000,-508000
2008/09/08,0,0,-105000,-105000
2008/09/09,0,3927000,-1181000,2746000
2008/09/10,0,1328000,-1375092,-47092
2008/09/11,0,486000,-561000,-75000
2008/09/12,0,1401000,-532297,868703
2008/09/15,0,225000,-511362,-286362
2008/09/16,0,286000,-10048,275952
2008/09/17,0,593002,-985000,-391998
2008/09/18,0,212000,-81501,130499
2008/09/19,0,1519000,-1688380,-169380
2008/09/22,0,165000,-1192999,-1027999
2008/09/23,0,353000,-239999,113001
2008/09/24,0,664000,-486500,177500
2008/09/25,0,870000,-604000,266000
2008/09/26,0,459000,-932000,-473000
2008/09/29,0,0,0,0
2008/09/30,0,5000,-328000,-323000
2008/10/01,0,132000,-972000,-840000
2008/10/02,0,313000,-92000,221000
2008/10/03,0,946000,-587000,359000
2008/10/06,0,64000,-572725,-508725
2008/10/07,0,644000,-151449,492551
2008/10/08,0,774000,-532000,242000
2008/10/09,0,1235000,-939000,296000
2008/10/10,0,0,0,0
2008/10/13,0,87000,-29000,58000
2008/10/14,0,55000,-766000,-711000
2008/10/15,0,94000,-1000,93000
2008/10/16,0,0,-367000,-367000
2008/10/17,0,61000,-602149,-541149
2008/10/20,0,72000,-1715,70285
2008/10/21,0,324351,-282000,42351
2008/10/22,0,158000,-910848,-752848
2008/10/23,0,904000,-5317,898683
2008/10/24,0,2000,-11000,-9000
2008/10/27,0,154000,-179067,-25067
2008/10/28,0,144000,-210000,-66000
2008/10/29,0,1547000,0,1547000
2008/10/30,0,249000,-642000,-393000
2008/10/31,0,1642000,-423000,1219000
2008/11/03,0,203000,-421000,-218000
2008/11/04,0,150000,-376140,-226140
2008/11/05,0,317000,-173000,144000
2008/11/06,0,110000,-573000,-463000
2008/11/07,0,438000,-174000,264000
2008/11/10,0,126000,-99000,27000
2008/11/11,0,95000,-316788,-221788
2008/11/12,0,49000,-1021000,-972000
2008/11/13,0,160000,-28105,131895
2008/11/14,0,73000,-13287,59713
2008/11/17,0,84000,-348998,-264998
2008/11/18,0,284000,-253000,31000
2008/11/19,0,142000,-7000,135000
2008/11/20,0,257000,-25000,232000
2008/11/21,0,467000,-970000,-503000
2008/11/24,0,270499,-100000,170499
2008/11/25,0,304000,0,304000
2008/11/26,0,1340000,-31000,1309000
2008/11/27,0,150000,-1186000,-1036000
2008/11/28,0,1211000,0,1211000
2008/12/01,0,1274000,-591,1273409
2008/12/02,0,2000,-2109000,-2107000
2008/12/03,0,289000,-33000,256000
2008/12/04,0,136002,-495000,-358998
2008/12/05,0,74000,-15000,59000
2008/12/08,0,572000,-12832,559168
2008/12/09,0,772000,-66000,706000
2008/12/10,0,1766000,-192190,1573810
2008/12/11,0,99000,-500000,-401000
2008/12/12,0,120000,-1211000,-1091000
2008/12/15,0,678000,-340000,338000
2008/12/16,0,596000,-207000,389000
2008/12/17,0,935000,-370000,565000
2008/12/18,0,89000,-421000,-332000
2008/12/19,0,250000,-356000,-106000
2008/12/22,0,117000,-890000,-773000
2008/12/23,0,188000,-793000,-605000
2008/12/24,0,196000,-440000,-244000
2008/12/25,0,116000,-260000,-144000
2008/12/26,0,68000,-190000,-122000
2008/12/29,0,247000,-11185,235815
2008/12/30,0,443000,-269000,174000
2008/12/31,0,683000,-200841,482159
2009/01/01,0,0,0,0
2009/01/02,0,0,0,0
2009/01/05,0,206000,-45000,161000
2009/01/06,0,174000,-46000,128000
2009/01/07,0,426000,-79000,347000
2009/01/08,0,97000,-470000,-373000
2009/01/09,0,127000,-441000,-314000
2009/01/12,0,316000,-51000,265000
2009/01/13,0,44000,0,44000
2009/01/14,0,596000,-53134,542866
2009/01/15,0,430000,-375000,55000
2009/01/16,0,213000,-211433,1567
2009/01/19,0,71000,-43262,27738
2009/01/20,0,387000,-388,386612
2009/01/21,0,421000,-40000,381000
2009/01/22,0,0,0,0
2009/01/23,0,0,0,0
2009/01/26,0,0,0,0
2009/01/27,0,0,0,0
2009/01/28,0,0,0,0
2009/01/29,0,0,0,0
2009/01/30,0,0,0,0
2009/02/02,0,15000,-58002,-43002
2009/02/03,0,128000,-166000,-38000
2009/02/04,0,119000,-111000,8000
2009/02/05,0,84000,-29000,55000
2009/02/06,0,21000,-46000,-25000
2009/02/09,0,19000,-259000,-240000
2009/02/10,0,53000,-212399,-159399
2009/02/11,0,624000,-163315,460685
2009/02/12,0,35000,-737000,-702000
2009/02/13,0,187000,-116000,71000
2009/02/16,0,0,-64000,-64000
2009/02/17,0,130000,-247000,-117000
2009/02/18,0,80000,-148000,-68000
2009/02/19,0,86000,-149000,-63000
2009/02/20,0,134000,-27000,107000
2009/02/23,0,178000,-77000,101000
2009/02/24,0,217000,-72000,145000
2009/02/25,0,269000,-240000,29000
2009/02/26,0,538000,-32000,506000
2009/02/27,0,1144000,-64000,1080000
2009/03/02,0,458000,-207000,251000
2009/03/03,0,156000,-428000,-272000
2009/03/04,0,487000,-187000,300000
2009/03/05,0,74000,-422000,-348000
2009/03/06,0,82000,-873000,-791000
2009/03/09,0,74000,-136000,-62000
2009/03/10,0,107000,-3000,104000
2009/03/11,0,261000,-274000,-13000
2009/03/12,0,33000,-20000,13000
2009/03/13,0,557000,-3018,553982
2009/03/16,0,15000,-382000,-367000
2009/03/17,0,285000,-675000,-390000
2009/03/18,0,949000,-286000,663000
2009/03/19,0,878000,-161000,717000
2009/03/20,0,419000,-1242000,-823000
2009/03/23,0,1486000,-15000,1471000
2009/03/24,0,151000,-320000,-169000
2009/03/25,0,1683000,-409000,1274000
2009/03/26,0,1185000,-1031000,154000
2009/03/27,0,136000,-1212000,-1076000
2009/03/30,0,283000,-2258000,-1975000
2009/03/31,0,1493000,-194000,1299000
2009/04/01,0,740000,-670000,70000
2009/04/02,0,2816000,-42017,2773983
2009/04/03,0,2396000,-3025000,-629000
2009/04/06,0,271000,-2834000,-2563000
2009/04/07,0,664000,-1039000,-375000
2009/04/08,0,3237000,-1879000,1358000
2009/04/09,0,1746000,-1195000,551000
2009/04/10,0,1177000,-1784000,-607000
2009/04/13,0,1722000,-1195234,526766
2009/04/14,0,358000,-1620521,-1262521
2009/04/15,0,473000,-2079000,-1606000
2009/04/16,0,2686000,-1668000,1018000
2009/04/17,0,436000,-4801012,-4365012
2009/04/20,0,1294000,-410000,884000
2009/04/21,0,1554000,-436000,1118000
2009/04/22,0,120000,-1198000,-1078000
2009/04/23,0,318000,-235000,83000
2009/04/24,0,1995000,-1479000,516000
2009/04/27,0,378000,-2181000,-1803000
2009/04/28,0,854000,-470000,384000
2009/04/29,0,524000,-64000,460000
2009/04/30,0,35000,0,35000
2009/05/01,0,0,0,0
2009/05/04,0,0,0,0
2009/05/05,0,3237000,-411000,2826000
2009/05/06,0,5438000,-1924968,3513032
2009/05/07,0,1219000,-6113000,-4894000
2009/05/08,0,2527000,-148000,2379000
2009/05/11,0,1095000,-1211000,-116000
2009/05/12,0,3299000,-1175000,2124000
2009/05/13,0,878000,-1056000,-178000
2009/05/14,0,185000,-823000,-638000
2009/05/15,0,1046000,-631000,415000
2009/05/18,0,740000,-693000,47000
2009/05/19,0,582000,-807000,-225000
2009/05/20,0,1047000,-5573000,-4526000
2009/05/21,0,216000,-874000,-658000
2009/05/22,0,422000,-285009,136991
2009/05/25,0,489000,-734000,-245000
2009/05/26,0,326000,-237000,89000
2009/05/27,0,1303000,-3237000,-1934000
2009/05/28,0,0,0,0
2009/05/29,0,0,0,0
2009/06/01,0,1797000,-790000,1007000
2009/06/02,0,3077000,-1385684,1691316
2009/06/03,0,1273000,-557000,716000
2009/06/04,0,455000,-2382000,-1927000
2009/06/05,0,508000,-2267000,-1759000
2009/06/08,0,281000,-2057000,-1776000
2009/06/09,0,2298000,-660480,1637520
2009/06/10,0,1726000,-196216,1529784
2009/06/11,0,279000,-1365000,-1086000
2009/06/12,0,159000,-1719000,-1560000
2009/06/15,0,559000,-1314000,-755000
2009/06/16,0,484000,-265000,219000
2009/06/17,0,1451000,-730000,721000
2009/06/18,0,1260000,-1048000,212000
2009/06/19,0,268000,-674000,-406000
2009/06/22,0,822000,-300000,522000
2009/06/23,0,0,-1034000,-1034000
2009/06/24,0,1639000,-466000,1173000
2009/06/25,0,413000,-741000,-328000
2009/06/26,0,910000,-96000,814000
2009/06/29,0,307000,-418000,-111000
2009/06/30,0,461000,-751000,-290000
2009/07/01,0,1790000,-15000,1775000
2009/07/02,0,1138000,-862374,275626
2009/07/03,0,306000,-1039000,-733000
2009/07/06,0,139000,-286000,-147000
2009/07/07,0,3802000,-820000,2982000
2009/07/08,0,19000,-62000,-43000
2009/07/09,0,2321000,0,2321000
2009/07/10,0,2111000,-430000,1681000
2009/07/13,0,91000,-2116000,-2025000
2009/07/14,0,123000,-775616,-652616
2009/07/15,0,1481000,-600000,881000
2009/07/16,0,534000,-591000,-57000
2009/07/17,0,1063000,-778000,285000
2009/07/20,0,2537000,-429000,2108000
2009/07/21,0,1246000,-503000,743000
2009/07/22,0,882000,-1430000,-548000
2009/07/23,0,3454820,-1034000,2420820
2009/07/24,0,3672000,-1008000,2664000
2009/07/27,0,3501000,-621000,2880000
2009/07/28,0,4444875,-2849000,1595875
2009/07/29,0,225000,-786000,-561000
2009/07/30,0,2000,-1265000,-1263000
2009/07/31,0,3308000,-4134000,-826000
2009/08/03,0,6199000,-1498000,4701000
2009/08/04,0,400000,-1571000,-1171000
2009/08/05,0,2922000,-929000,1993000
2009/08/06,0,71000,-2534000,-2463000
2009/08/07,0,0,0,0
2009/08/10,0,750000,-5776000,-5026000
2009/08/11,0,1210000,-781000,429000
2009/08/12,0,1309000,-883000,426000
2009/08/13,0,842000,-12070000,-11228000
2009/08/14,0,80000,-113000,-33000
2009/08/17,0,148000,-327000,-179000
2009/08/18,0,836000,-516000,320000
2009/08/19,0,246000,-2424000,-2178000
2009/08/20,0,83000,-5074000,-4991000
2009/08/21,0,1619000,-124000,1495000
2009/08/24,0,1195000,-2000,1193000
2009/08/25,0,826000,-9000,817000
2009/08/26,0,432000,-51000,381000
2009/08/27,0,234000,-13000,221000
2009/08/28,0,214000,-243993,-29993
2009/08/31,0,0,-101000,-101000
2009/09/01,0,2093000,-134000,1959000
2009/09/02,0,516000,-795000,-279000
2009/09/03,0,124000,-277000,-153000
2009/09/04,0,209000,-250000,-41000
2009/09/07,0,546000,-425000,121000
2009/09/08,0,1020000,-224000,796000
2009/09/09,0,1170000,-628000,542000
2009/09/10,0,2627000,-4295000,-1668000
2009/09/11,0,1152000,-187000,965000
2009/09/14,0,1281000,-1563000,-282000
2009/09/15,0,801000,-132000,669000
2009/09/16,0,212000,-497000,-285000
2009/09/17,0,1157000,-512000,645000
2009/09/18,0,35000,-262224,-227224
2009/09/21,0,1203000,-820000,383000
2009/09/22,0,4847000,-1158000,3689000
2009/09/23,0,1430000,-927150,502850
2009/09/24,0,243000,-565000,-322000
2009/09/25,0,1465000,-316000,1149000
2009/09/28,0,450000,-9253,440747
2009/09/29,0,267000,-2756000,-2489000
2009/09/30,0,12000,-514000,-502000
2009/10/01,0,3461000,-2856000,605000
2009/10/02,0,849000,-1753000,-904000
2009/10/05,0,546000,-2360000,-1814000
2009/10/06,0,362000,-311000,51000
2009/10/07,0,1974000,-300000,1674000
2009/10/08,0,1411000,-821000,590000
2009/10/09,0,3213000,-1785000,1428000
2009/10/12,0,833000,-1245000,-412000
2009/10/13,0,1825000,-776000,1049000
2009/10/14,0,550000,-1328000,-778000
2009/10/15,0,1015000,-881000,134000
2009/10/16,0,862000,-255000,607000
2009/10/19,0,211000,-471000,-260000
2009/10/20,0,231000,-580000,-349000
2009/10/21,0,1440000,-174280,1265720
2009/10/22,0,1439000,-422000,1017000
2009/10/23,0,722000,-59000,663000
2009/10/26,0,503000,-57000,446000
2009/10/27,0,62000,-1063000,-1001000
2009/10/28,0,516000,-832000,-316000
2009/10/29,0,868000,-931000,-63000
2009/10/30,0,1468000,-1621000,-153000
2009/11/02,0,668000,-1548000,-880000
2009/11/03,0,117000,-220000,-103000
2009/11/04,0,515000,-613000,-98000
2009/11/05,0,242000,-234000,8000
2009/11/06,0,240000,-1239000,-999000
2009/11/09,0,911000,-301000,610000
2009/11/10,0,612000,-36000,576000
2009/11/11,0,1460000,-701000,759000
2009/11/12,0,258000,-414000,-156000
2009/11/13,0,180000,-582000,-402000
2009/11/16,0,501000,-691000,-190000
2009/11/17,0,318000,-2130000,-1812000
2009/11/18,0,622000,-686000,-64000
2009/11/19,0,135000,-1075000,-940000
2009/11/20,0,211000,-618000,-407000
2009/11/23,0,41000,-34000,7000
2009/11/24,0,192000,-509000,-317000
2009/11/25,0,1010000,-3000,1007000
2009/11/26,0,512000,-59000,453000
2009/11/27,0,1000,-1783000,-1782000
2009/11/30,0,132000,-215855,-83855
2009/12/01,0,652000,-37000,615000
2009/12/02,0,345000,-41000,304000
2009/12/03,0,177000,-22000,155000
2009/12/04,0,675000,-66000,609000
2009/12/07,0,110000,-34000,76000
2009/12/08,0,843000,-166000,677000
2009/12/09,0,0,-160000,-160000
2009/12/10,0,3213,-952000,-948787
2009/12/11,0,170000,-495996,-325996
2009/12/14,0,76000,-285000,-209000
2009/12/15,0,27000,-850226,-823226
2009/12/16,0,398000,-1385895,-987895
2009/12/17,0,0,-112851,-112851
2009/12/18,0,19000,-577000,-558000
2009/12/21,0,400000,-224000,176000
2009/12/22,0,340000,-291080,48920
2009/12/23,0,302000,-245000,57000
2009/12/24,0,3000,-528000,-525000
2009/12/25,0,1183000,-40000,1143000
2009/12/28,0,710000,-62000,648000
2009/12/29,0,922000,-519545,402455
2009/12/30,0,204000,-341000,-137000
2009/12/31,0,3381000,-459000,2922000
2010/01/01,0,0,0,0
2010/01/04,0,24000,-1384000,-1360000
2010/01/05,0,25000,-1232000,-1207000
2010/01/06,0,5523000,-1160000,4363000
2010/01/07,0,2525000,-1008000,1517000
2010/01/08,0,2175000,-1294000,881000
2010/01/11,0,2747000,-1068000,1679000
2010/01/12,0,588000,-1351000,-763000
2010/01/13,0,1215000,-1554000,-339000
2010/01/14,0,1204000,-1948378,-744378
2010/01/15,0,805000,-1451000,-646000
2010/01/18,0,1231000,-763000,468000
2010/01/19,0,647000,-2348000,-1701000
2010/01/20,0,1340960,-4416348,-3075388
2010/01/21,0,2984000,-1277000,1707000
2010/01/22,0,950000,-1162000,-212000
2010/01/25,0,402000,-2537000,-2135000
2010/01/26,0,622000,-1406000,-784000
2010/01/27,0,366000,-3552000,-3186000
2010/01/28,0,449000,-338000,111000
2010/01/29,0,489000,-390000,99000
2010/02/01,0,583000,-430000,153000
2010/02/02,0,346000,-4428000,-4082000
2010/02/03,0,516000,-57885,458115
2010/02/04,0,96000,-180000,-84000
2010/02/05,0,381000,-471000,-90000
2010/02/08,0,1081000,-64001,1016999
2010/02/09,0,904000,-203000,701000
2010/02/10,0,684000,-853000,-169000
2010/02/11,0,0,0,0
2010/02/12,0,0,0,0
2010/02/15,0,0,0,0
2010/02/16,0,0,0,0
2010/02/17,0,0,0,0
2010/02/18,0,0,0,0
2010/02/19,0,0,0,0
2010/02/22,0,1299000,-615000,684000
2010/02/23,0,823000,-536000,287000
2010/02/24,0,1102000,-361000,741000
2010/02/25,0,207000,-1005000,-798000
2010/02/26,0,614000,-325000,289000
2010/03/01,0,799000,-275000,524000
2010/03/02,0,170000,-183000,-13000
2010/03/03,0,998000,-588000,410000
2010/03/04,0,901000,-868000,33000
2010/03/05,0,666000,-102000,564000
2010/03/08,0,398000,-252000,146000
2010/03/09,0,87000,-111000,-24000
2010/03/10,0,465000,-961000,-496000
2010/03/11,0,357000,-208000,149000
2010/03/12,0,411000,-395000,16000
2010/03/15,0,240000,-1193000,-953000
2010/03/16,0,170000,-456000,-286000
2010/03/17,0,1658000,-178000,1480000
2010/03/18,0,3136000,-1114000,2022000
2010/03/19,0,466000,-494000,-28000
2010/03/22,0,289000,-563000,-274000
2010/03/23,0,1237000,-145000,1092000
2010/03/24,0,1018000,-1176961,-158961
2010/03/25,0,1934000,-424000,1510000
2010/03/26,0,806000,-723000,83000
2010/03/29,0,917000,-302000,615000
2010/03/30,0,369000,-350000,19000
2010/03/31,0,726000,-404000,322000
2010/04/01,0,2573000,-1298000,1275000
2010/04/02,0,522000,-778000,-256000
2010/04/05,0,0,0,0
2010/04/06,0,530000,-268000,262000
2010/04/07,0,321000,-245000,76000
2010/04/08,0,8554000,-673000,7881000
2010/04/09,0,372000,-1301000,-929000
2010/04/12,0,711000,-504000,207000
2010/04/13,0,759000,-5622000,-4863000
2010/04/14,0,319000,-836000,-517000
2010/04/15,0,248000,-271000,-23000
2010/04/16,0,254000,-345000,-91000
2010/04/19,0,1120000,-4993000,-3873000
2010/04/20,0,249000,-1882000,-1633000
2010/04/21,0,509000,-365000,144000
2010/04/22,0,821000,-526000,295000
2010/04/23,0,700000,-1053000,-353000
2010/04/26,0,745000,-972000,-227000
2010/04/27,0,215000,-548000,-333000
2010/04/28,0,883000,-575000,308000
2010/04/29,0,87000,-349000,-262000
2010/04/30,0,470000,-582000,-112000
2010/05/03,0,872000,-532000,340000
2010/05/04,0,169000,-716000,-547000
2010/05/05,0,483000,-1074000,-591000
2010/05/06,0,504000,-1044000,-540000
2010/05/07,0,1137000,-1446000,-309000
2010/05/10,0,177000,-850000,-673000
2010/05/11,0,533000,-2057000,-1524000
2010/05/12,0,323000,-603000,-280000
2010/05/13,0,2100000,-1361154,738846
2010/05/14,0,940000,-441000,499000
2010/05/17,0,71000,-1312000,-1241000
2010/05/18,0,780000,-90000,690000
2010/05/19,0,1034000,-342000,692000
2010/05/20,0,71000,-1366000,-1295000
2010/05/21,0,458000,-1511000,-1053000
2010/05/24,0,325000,-102000,223000
2010/05/25,0,582000,-1279000,-697000
2010/05/26,0,1012000,-95000,917000
2010/05/27,0,549000,-377000,172000
2010/05/28,0,72000,-527000,-455000
2010/05/31,0,299000,-187000,112000
2010/06/01,0,164000,-679000,-515000
2010/06/02,0,294000,-338000,-44000
2010/06/03,0,222000,-240000,-18000
2010/06/04,0,184000,-124000,60000
2010/06/07,0,206000,-655000,-449000
2010/06/08,0,258000,-457000,-199000
2010/06/09,0,38000,-821000,-783000
2010/06/10,0,345000,-68000,277000
2010/06/11,0,1624000,-253000,1371000
2010/06/14,0,937000,-166000,771000
2010/06/15,0,1190000,-251000,939000
2010/06/16,0,0,0,0
2010/06/17,0,1436000,-459000,977000
2010/06/18,0,1594000,-431000,1163000
2010/06/21,0,1947000,-307000,1640000
2010/06/22,0,275000,-80000,195000
2010/06/23,0,462000,-210000,252000
2010/06/24,0,488000,-364000,124000
2010/06/25,0,1542000,-2839000,-1297000
2010/06/28,0,705000,-318000,387000
2010/06/29,0,461000,-855000,-394000
2010/06/30,0,202000,-827000,-625000
2010/07/01,0,807000,-180000,627000
2010/07/02,0,1553000,-606000,947000
2010/07/05,0,1098000,-156000,942000
2010/07/06,0,641000,-761000,-120000
2010/07/07,0,148000,-390000,-242000
2010/07/08,0,567000,-247657,319343
2010/07/09,0,1403000,-490000,913000
2010/07/12,0,800000,-635000,165000
2010/07/13,0,136000,-535000,-399000
2010/07/14,0,456000,-115000,341000
2010/07/15,0,3597000,-501000,3096000
2010/07/16,0,8401000,-3122000,5279000
2010/07/19,0,2053000,-1417000,636000
2010/07/20,0,358000,-1473000,-1115000
2010/07/21,0,408000,-848000,-440000
2010/07/22,0,800000,-525000,275000
2010/07/23,0,151000,-189000,-38000
2010/07/26,0,170000,-204000,-34000
2010/07/27,0,56000,-731000,-675000
2010/07/28,0,233000,-417000,-184000
2010/07/29,0,155000,-69000,86000
2010/07/30,0,380000,-397000,-17000
2010/08/02,0,1943000,-5270000,-3327000
2010/08/03,0,9362000,-886000,8476000
2010/08/04,0,2241000,-1857000,384000
2010/08/05,0,4015000,-2011000,2004000
2010/08/06,0,976000,-290000,686000
2010/08/09,0,1589000,-1446000,143000
2010/08/10,0,1680000,-1320000,360000
2010/08/11,0,281000,-1190000,-909000
2010/08/12,0,230000,-1826000,-1596000
2010/08/13,0,326000,-980000,-654000
2010/08/16,0,230000,-898000,-668000
2010/08/17,0,50000,-87000,-37000
2010/08/18,0,206000,-881000,-675000
2010/08/19,0,20000,-3303000,-3283000
2010/08/20,0,1712000,-2304000,-592000
2010/08/23,0,640000,-331000,309000
2010/08/24,0,291000,-517000,-226000
2010/08/25,0,40000,-3738651,-3698651
2010/08/26,0,10000,-5452000,-5442000
2010/08/27,0,16000,-1271000,-1255000
2010/08/30,0,129000,-303000,-174000
2010/08/31,0,48000,-593000,-545000
2010/09/01,0,2014000,-729203,1284797
2010/09/02,0,24226,-272000,-247774
2010/09/03,0,6000,-190000,-184000
2010/09/06,0,503000,-40000,463000
2010/09/07,0,3000,-120000,-117000
2010/09/08,0,44000,-288000,-244000
2010/09/09,0,108000,-110000,-2000
2010/09/10,0,254000,-84000,170000
2010/09/13,0,579000,-252000,327000
2010/09/14,0,18000,-192000,-174000
2010/09/15,0,2000,-195000,-193000
2010/09/16,0,917000,-21195,895805
2010/09/17,0,193000,-151000,42000
2010/09/20,0,1000,-68000,-67000
2010/09/21,0,64000,-60000,4000
2010/09/22,0,0,0,0
2010/09/23,0,77000,-68000,9000
2010/09/24,0,100000,-55000,45000
2010/09/27,0,0,-1258000,-1258000
2010/09/28,0,65000,-92000,-27000
2010/09/29,0,6000,-45000,-39000
2010/09/30,0,3000,-145000,-142000
2010/10/01,0,154000,-1360000,-1206000
2010/10/04,0,617000,-675000,-58000
2010/10/05,0,1018000,-529000,489000
2010/10/06,0,804000,-50000,754000
2010/10/07,0,305000,-734141,-429141
2010/10/08,0,742000,-1510000,-768000
2010/10/11,0,1081000,-260000,821000
2010/10/12,0,100000,-38000,62000
2010/10/13,0,36000,-48417,-12417
2010/10/14,0,37000,-50000,-13000
2010/10/15,0,161000,-1400000,-1239000
2010/10/18,0,0,-4000,-4000
2010/10/19,0,15000,-195000,-180000
2010/10/20,0,0,-24000,-24000
2010/10/21,0,0,-210000,-210000
2010/10/22,0,0,-98000,-98000
2010/10/25,0,416000,-204000,212000
2010/10/26,0,51000,-20000,31000
2010/10/27,0,28000,0,28000
2010/10/28,0,71000,-87000,-16000
2010/10/29,0,84000,-12000,72000
2010/11/01,0,896000,-20000,876000
2010/11/02,0,252000,-20000,232000
2010/11/03,0,14000,-94000,-80000
2010/11/04,0,29000,0,29000
2010/11/05,0,26000,-35000,-9000
2010/11/08,0,34000,-27000,7000
2010/11/09,0,1516000,-215,1515785
2010/11/10,0,1195000,0,1195000
2010/11/11,0,1979000,0,1979000
2010/11/12,0,3598000,-884000,2714000
2010/11/15,0,1502000,-160000,1342000
2010/11/16,0,399000,-34000,365000
2010/11/17,0,2002000,-150000,1852000
2010/11/18,0,201000,-12000,189000
2010/11/19,0,500000,-100275,399725
2010/11/22,0,0,-12000,-12000
2010/11/23,0,2379000,-2000,2377000
2010/11/24,0,2457000,0,2457000
2010/11/25,0,0,0,0
2010/11/26,0,944000,0,944000
2010/11/29,0,74000,-201000,-127000
2010/11/30,0,2579000,-161000,2418000
2010/12/01,0,504000,-2788000,-2284000
2010/12/02,0,419000,-200000,219000
2010/12/03,0,92000,-1128000,-1036000
2010/12/06,0,33000,-2794000,-2761000
2010/12/07,0,102000,-266394,-164394
2010/12/08,0,0,-205000,-205000
2010/12/09,0,1362000,-926000,436000
2010/12/10,0,1025000,-291000,734000
2010/12/13,0,200000,-200000,0
2010/12/14,0,600000,-432814,167186
2010/12/15,0,0,-553000,-553000
2010/12/16,0,179000,-288000,-109000
2010/12/17,0,1200000,-655000,545000
2010/12/20,0,270000,-65000,205000
2010/12/21,0,79000,-61000,18000
2010/12/22,0,39000,-10000,29000
2010/12/23,0,10000,-304000,-294000
2010/12/24,0,7000,-1123000,-1116000
2010/12/27,0,1691000,-2503000,-812000
2010/12/28,0,300000,-540000,-240000
2010/12/29,0,1224000,-2161521,-937521
2010/12/30,0,695000,-362000,333000
2010/12/31,0,241000,-2252000,-2011000
2011/01/03,0,1380000,-1495000,-115000
2011/01/04,0,1650000,-353000,1297000
2011/01/05,0,814000,-2152000,-1338000
2011/01/06,0,1160000,-591000,569000
2011/01/07,0,2537000,-5886000,-3349000
2011/01/10,0,151000,-1001000,-850000
2011/01/11,0,3720000,-290000,3430000
2011/01/12,0,6726000,-357000,6369000
2011/01/13,0,3940000,-2589000,1351000
2011/01/14,0,830000,-181000,649000
2011/01/17,0,1161000,-1783142,-622142
2011/01/18,0,1469000,-407000,1062000
2011/01/19,0,549000,-1655485,-1106485
2011/01/20,0,142000,-318000,-176000
2011/01/21,0,2576000,-1195000,1381000
2011/01/24,0,1644000,-712000,932000
2011/01/25,0,1641000,-1597000,44000
2011/01/26,0,1339000,-322000,1017000
2011/01/27,0,1861000,-645000,1216000
2011/01/28,0,2119000,-632000,1487000
2011/01/31,0,0,0,0
2011/02/01,0,0,0,0
2011/02/02,0,0,0,0
2011/02/03,0,0,0,0
2011/02/04,0,0,0,0
2011/02/07,0,0,0,0
2011/02/08,0,980000,-381000,599000
2011/02/09,0,1815000,-743000,1072000
2011/02/10,0,3007000,-10277000,-7270000
2011/02/11,0,3708000,-2952000,756000
2011/02/14,0,2586000,-1274000,1312000
2011/02/15,0,1391000,-2022000,-631000
2011/02/16,0,1606000,-1401000,205000
2011/02/17,0,1012000,-1323000,-311000
2011/02/18,0,2318000,-3654000,-1336000
2011/02/21,0,220000,-1421000,-1201000
2011/02/22,0,925000,-1885000,-960000
2011/02/23,0,1502000,-719000,783000
2011/02/24,0,1251000,-303730,947270
2011/02/25,0,2047000,-307000,1740000
2011/02/28,0,0,0,0
2011/03/01,0,1416000,-196000,1220000
2011/03/02,0,2167000,-1168000,999000
2011/03/03,0,1914000,-887000,1027000
2011/03/04,0,1260000,-391000,869000
2011/03/07,0,963000,-1551141,-588141
2011/03/08,0,739000,-490000,249000
2011/03/09,0,1506000,-4012000,-2506000
2011/03/10,0,275000,-978000,-703000
2011/03/11,0,690000,-605000,85000
2011/03/14,0,5497000,-3606000,1891000
2011/03/15,0,3743000,-2827000,916000
2011/03/16,0,1306000,-490000,816000
2011/03/17,0,915000,-530000,385000
2011/03/18,0,642000,-3292000,-2650000
2011/03/21,0,314000,-702000,-388000
2011/03/22,0,882000,-873000,9000
2011/03/23,0,1328000,-249000,1079000
2011/03/24,0,142000,-1263000,-1121000
2011/03/25,0,368000,-405000,-37000
2011/03/28,0,825000,-259000,566000
2011/03/29,0,727000,-213000,514000
2011/03/30,0,754000,-70066,683934
2011/03/31,0,32000,-932000,-900000
2011/04/01,0,315000,-467000,-152000
2011/04/04,0,0,0,0
2011/04/05,0,0,0,0
2011/04/06,0,1457000,-2670000,-1213000
2011/04/07,0,4741000,-1563000,3178000
2011/04/08,0,1239000,-1027000,212000
2011/04/11,0,363000,-386711,-23711
2011/04/12,0,814000,-283000,531000
2011/04/13,0,740000,-394000,346000
2011/04/14,0,634000,-171000,463000
2011/04/15,0,871000,-280000,591000
2011/04/18,0,496000,-724747,-228747
2011/04/19,0,388000,-1454000,-1066000
2011/04/20,0,407000,-1171000,-764000
2011/04/21,0,2464000,-2641000,-177000
2011/04/22,0,469000,-298000,171000
2011/04/25,0,666000,-1882000,-1216000
2011/04/26,0,2511000,-1120000,1391000
2011/04/27,0,588000,-3127000,-2539000
2011/04/28,0,696000,-1047000,-351000
2011/04/29,0,388000,-1799000,-1411000
2011/05/02,0,0,0,0
2011/05/03,0,608000,-35371,572629
2011/05/04,0,1586000,-231000,1355000
2011/05/05,0,2021000,-923000,1098000
2011/05/06,0,2378000,-266000,2112000
2011/05/09,0,1271000,-987000,284000
2011/05/10,0,1523000,-424000,1099000
2011/05/11,0,1631000,-851926,779074
2011/05/12,0,1473000,-357000,1116000
2011/05/13,0,5471000,-532000,4939000
2011/05/16,0,924000,-311000,613000
2011/05/17,0,296000,-600000,-304000
2011/05/18,0,811000,-267000,544000
2011/05/19,0,3445000,-2436712,1008288
2011/05/20,0,5069000,-4779000,290000
2011/05/23,0,1085000,-1375000,-290000
2011/05/24,0,3557000,-4133923,-576923
2011/05/25,0,3698000,-1528000,2170000
2011/05/26,0,1454000,-876000,578000
2011/05/27,0,1047000,-675000,372000
2011/05/30,0,479000,-303000,176000
2011/05/31,0,2944000,-752000,2192000
2011/06/01,0,2042000,-1213000,829000
2011/06/02,0,368000,-598000,-230000
2011/06/03,0,255000,-218000,37000
2011/06/06,0,0,0,0
2011/06/07,0,1822000,-90000,1732000
2011/06/08,0,1630000,-6619000,-4989000
2011/06/09,0,1701000,-2144000,-443000
2011/06/10,0,7058000,-2765000,4293000
2011/06/13,0,1625000,-3788000,-2163000
2011/06/14,0,1452000,-686000,766000
2011/06/15,0,3238000,-555000,2683000
2011/06/16,0,1647000,-726000,921000
2011/06/17,0,770000,-881000,-111000
2011/06/20,0,1770000,-2007000,-237000
2011/06/21,0,1696000,-907000,789000
2011/06/22,0,1554000,-1138000,416000
2011/06/23,0,1562000,-534000,1028000
2011/06/24,0,1292000,-2228000,-936000
2011/06/27,0,725000,-1309000,-584000
2011/06/28,0,254000,-2084000,-1830000
2011/06/29,0,1704000,-3547415,-1843415
2011/06/30,0,1531000,-4227000,-2696000
2011/07/01,0,2384000,-1888000,496000
2011/07/04,0,2108000,-1224000,884000
2011/07/05,0,347000,-1775000,-1428000
2011/07/06,0,706000,-948000,-242000
2011/07/07,0,5879000,-4016000,1863000
2011/07/08,0,2246000,-3516000,-1270000
2011/07/11,0,918000,-1217000,-299000
2011/07/12,0,4047000,-1630000,2417000
2011/07/13,0,2963000,-1216000,1747000
2011/07/14,0,1800000,-1133000,667000
2011/07/15,0,4074000,-887000,3187000
2011/07/18,0,2602000,-1813330,788670
2011/07/19,0,2577000,-3458000,-881000
2011/07/20,0,5693000,-2110000,3583000
2011/07/21,0,2846000,-2716000,130000
2011/07/22,0,3654000,-3349000,305000
2011/07/25,0,1398000,-1606000,-208000
2011/07/26,0,565000,-711000,-146000
2011/07/27,0,2055000,-727888,1327112
2011/07/28,0,739000,-2941000,-2202000
2011/07/29,0,643000,-2834965,-2191965
2011/08/01,0,2168000,-1583000,585000
2011/08/02,0,625000,-1649000,-1024000
2011/08/03,0,2841000,-1764000,1077000
2011/08/04,0,3024000,-3218000,-194000
2011/08/05,0,2914000,-3619000,-705000
2011/08/08,0,3731000,-3002000,729000
2011/08/09,0,2650000,-4537000,-1887000
2011/08/10,0,1470000,-7199000,-5729000
2011/08/11,0,1405000,-911000,494000
2011/08/12,0,350000,-1471000,-1121000
2011/08/15,0,145000,-42000,103000
2011/08/16,0,190000,-64000,126000
2011/08/17,0,191000,-691000,-500000
2011/08/18,0,380000,-1123000,-743000
2011/08/19,0,530000,-2914000,-2384000
2011/08/22,0,1417000,-508008,908992
2011/08/23,0,1376000,-303000,1073000
2011/08/24,0,436000,-860000,-424000
2011/08/25,0,624000,-460000,164000
2011/08/26,0,764000,-173000,591000
2011/08/29,0,352000,-188000,164000
2011/08/30,0,220000,-770769,-550769
2011/08/31,0,224000,-258000,-34000
2011/09/01,0,2477000,-1513000,964000
2011/09/02,0,411000,-464000,-53000
2011/09/05,0,684000,-2695000,-2011000
2011/09/06,0,1466000,-5108000,-3642000
2011/09/07,0,1682000,-324000,1358000
2011/09/08,0,947000,-804000,143000
2011/09/09,0,472000,-671000,-199000
2011/09/12,0,0,0,0
2011/09/13,0,1648000,-1349000,299000
2011/09/14,0,2213000,-924000,1289000
2011/09/15,0,863000,-943000,-80000
2011/09/16,0,1478000,-982000,496000
2011/09/19,0,668000,-747000,-79000
2011/09/20,0,994000,-616000,378000
2011/09/21,0,948000,-284000,664000
2011/09/22,0,694000,-950000,-256000
2011/09/23,0,2326000,-1188000,1138000
2011/09/26,0,1798000,-1693000,105000
2011/09/27,0,514000,-623000,-109000
2011/09/28,0,128000,-581000,-453000
2011/09/29,0,577000,-682000,-105000
2011/09/30,0,44000,-255000,-211000
2011/10/03,0,2892000,-746000,2146000
2011/10/04,0,1520000,-1366000,154000
2011/10/05,0,517000,-33000,484000
2011/10/06,0,903000,-910865,-7865
2011/10/07,0,104000,-1273000,-1169000
2011/10/10,0,0,0,0
2011/10/11,0,532000,-2099000,-1567000
2011/10/12,0,336000,-326000,10000
2011/10/13,0,33000,-569000,-536000
2011/10/14,0,14000,-500000,-486000
2011/10/17,0,91000,-208000,-117000
2011/10/18,0,42000,-454000,-412000
2011/10/19,0,180000,-36000,144000
2011/10/20,0,66000,-181000,-115000
2011/10/21,0,580087,0,580087
2011/10/24,0,824000,-385000,439000
2011/10/25,0,40000,-108000,-68000
2011/10/26,0,768000,-139000,629000
2011/10/27,0,256000,-213000,43000
2011/10/28,0,645000,-456526,188474
2011/10/31,0,401000,-93984,307016
2011/11/01,0,253000,-377000,-124000
2011/11/02,0,372000,-208000,164000
2011/11/03,0,245000,-124000,121000
2011/11/04,0,592000,-110000,482000
2011/11/07,0,53000,-16000,37000
2011/11/08,0,418000,-33000,385000
2011/11/09,0,93000,-134000,-41000
2011/11/10,0,448000,-673000,-225000
2011/11/11,0,139000,-172000,-33000
2011/11/14,0,158000,-24000,134000
2011/11/15,0,29000,-1000,28000
2011/11/16,0,97000,-540000,-443000
2011/11/17,0,283000,-9000,274000
2011/11/18,0,748000,-48000,700000
2011/11/21,0,1052000,-433000,619000
2011/11/22,0,958000,-517305,440695
2011/11/23,0,632000,-441000,191000
2011/11/24,0,575000,-119000,456000
2011/11/25,0,268000,-292000,-24000
2011/11/28,0,283000,-169000,114000
2011/11/29,0,272000,-92000,180000
2011/11/30,0,51000,-514000,-463000
2011/12/01,0,396000,-99248,296752
2011/12/02,0,363000,-82000,281000
2011/12/05,0,177000,-36000,141000
2011/12/06,0,61000,-235000,-174000
2011/12/07,0,83000,-90000,-7000
2011/12/08,0,92000,-381000,-289000
2011/12/09,0,74000,-235000,-161000
2011/12/12,0,37000,-67000,-30000
2011/12/13,0,29000,-338000,-309000
2011/12/14,0,46000,-137000,-91000
2011/12/15,0,103000,-325000,-222000
2011/12/16,0,335000,-169000,166000
2011/12/19,0,431000,-451253,-20253
2011/12/20,0,523000,-16000,507000
2011/12/21,0,333000,-34000,299000
2011/12/22,0,1144000,-495000,649000
2011/12/23,0,2109000,-369000,1740000
2011/12/26,0,244000,-550000,-306000
2011/12/27,0,366000,-1090000,-724000
2011/12/28,0,303000,-292000,11000
2011/12/29,0,460000,-97000,363000
2011/12/30,0,204000,-208217,-4217
2012/01/02,0,125000,-184000,-59000
2012/01/03,0,219000,-119229,99771
2012/01/04,0,285000,-87000,198000
2012/01/05,0,436000,-141000,295000
2012/01/06,0,166000,-620000,-454000
2012/01/09,0,99000,-50000,49000
2012/01/10,0,532000,-45000,487000
2012/01/11,0,140000,-464000,-324000
2012/01/12,0,286000,-79000,207000
2012/01/13,0,482000,-112000,370000
2012/01/16,0,152000,-1057000,-905000
2012/01/17,0,195000,-256000,-61000
2012/01/18,0,425000,-334000,91000
2012/01/19,0,0,0,0
2012/01/20,0,0,0,0
2012/01/23,0,0,0,0
2012/01/24,0,0,0,0
2012/01/25,0,0,0,0
2012/01/26,0,0,0,0
2012/01/27,0,0,0,0
2012/01/30,0,864000,-157000,707000
2012/01/31,0,1633000,-413000,1220000
2012/02/01,0,1813000,-763000,1050000
2012/02/02,0,903000,-1435000,-532000
2012/02/03,0,476000,-1189000,-713000
2012/02/06,0,559000,-1426788,-867788
2012/02/07,0,838000,-1643000,-805000
2012/02/08,0,941000,-482000,459000
2012/02/09,0,577000,-1136000,-559000
2012/02/10,0,3133000,-1395000,1738000
2012/02/13,0,2898000,-567000,2331000
2012/02/14,0,1054000,-2044000,-990000
2012/02/15,0,994000,-2227000,-1233000
2012/02/16,0,1311000,-1254000,57000
2012/02/17,0,976000,-1721000,-745000
2012/02/20,0,711000,-1336000,-625000
2012/02/21,0,1366000,-1331000,35000
2012/02/22,0,1630000,-779000,851000
2012/02/23,0,1233000,-945000,288000
2012/02/24,0,440000,-1137000,-697000
2012/02/27,0,0,0,0
2012/02/28,0,0,0,0
2012/02/29,0,3143046,-741000,2402046
2012/03/01,0,1379000,-596000,783000
2012/03/02,0,2647000,-2031000,616000
2012/03/05,0,562000,-1577000,-1015000
2012/03/06,0,1036000,-1072000,-36000
2012/03/07,0,490000,-2042000,-1552000
2012/03/08,0,1874000,-1685000,189000
2012/03/09,0,733000,-1449000,-716000
2012/03/12,0,303000,-1004843,-701843
2012/03/13,0,4441000,-1734000,2707000
2012/03/14,0,1484000,-2684000,-1200000
2012/03/15,0,519000,-635000,-116000
2012/03/16,0,480000,-2170000,-1690000
2012/03/19,0,702000,-747000,-45000
2012/03/20,0,624000,-748198,-124198
2012/03/21,0,1040000,-724000,316000
2012/03/22,0,1461000,-565000,896000
2012/03/23,0,293000,-477000,-184000
2012/03/26,0,1132000,-1451000,-319000
2012/03/27,0,564000,-631000,-67000
2012/03/28,0,524000,-899000,-375000
2012/03/29,0,2449000,-1446013,1002987
2012/03/30,0,1054000,-293000,761000
2012/04/02,0,478000,-633000,-155000
2012/04/03,0,323000,-1021000,-698000
2012/04/04,0,0,0,0
2012/04/05,0,1103000,-1543000,-440000
2012/04/06,0,346000,-1067000,-721000
2012/04/09,0,894000,-920000,-26000
2012/04/10,0,442000,-181000,261000
2012/04/11,0,272000,-193000,79000
2012/04/12,0,222000,-171000,51000
2012/04/13,0,482000,-139000,343000
2012/04/16,0,185000,-259000,-74000
2012/04/17,0,383000,-520000,-137000
2012/04/18,0,342000,-283000,59000
2012/04/19,0,548000,-95000,453000
2012/04/20,0,686000,-370000,316000
2012/04/23,0,140000,-549000,-409000
2012/04/24,0,186000,-805000,-619000
2012/04/25,0,523000,-173000,350000
2012/04/26,0,51000,-476000,-425000
2012/04/27,0,265000,-1838388,-1573388
2012/04/30,0,502000,-30000,472000
2012/05/01,0,0,0,0
2012/05/02,0,891000,-97000,794000
2012/05/03,0,325000,-491000,-166000
2012/05/04,0,152000,-214000,-62000
2012/05/07,0,515000,-529000,-14000
2012/05/08,0,211000,-6426,204574
2012/05/09,0,397000,-278000,119000
2012/05/10,0,371000,-219000,152000
2012/05/11,0,583000,-895000,-312000
2012/05/14,0,343000,-616000,-273000
2012/05/15,0,257000,-2800000,-2543000
2012/05/16,0,298000,-1444000,-1146000
2012/05/17,0,274000,-251000,23000
2012/05/18,0,2580000,-1127000,1453000
2012/05/21,0,737000,-901000,-164000
2012/05/22,0,560000,-141000,419000
2012/05/23,0,412000,-698000,-286000
2012/05/24,0,816000,-4075000,-3259000
2012/05/25,0,160000,-957000,-797000
2012/05/28,0,395000,-272000,123000
2012/05/29,0,979000,-555000,424000
2012/05/30,0,705000,-622000,83000
2012/05/31,0,319000,-224000,95000
2012/06/01,0,329000,-196000,133000
2012/06/04,0,1462000,-1141000,321000
2012/06/05,0,181000,-935000,-754000
2012/06/06,0,45000,-45000,0
2012/06/07,0,82000,-698000,-616000
2012/06/08,0,716000,-92838,623162
2012/06/11,0,2620000,-937000,1683000
2012/06/12,0,1228000,-794000,434000
2012/06/13,0,371000,-197000,174000
2012/06/14,0,953000,-552000,401000
2012/06/15,0,2941000,-1323000,1618000
2012/06/18,0,662000,-1496000,-834000
2012/06/19,0,372000,-1789000,-1417000
2012/06/20,0,178000,-241000,-63000
2012/06/21,0,149000,-288000,-139000
2012/06/22,0,5514000,-180000,5334000
2012/06/25,0,391000,-467000,-76000
2012/06/26,0,204000,-160000,44000
2012/06/27,0,562000,-923252,-361252
2012/06/28,0,742000,-1114000,-372000
2012/06/29,0,213000,-478000,-265000
2012/07/02,0,1122000,-649000,473000
2012/07/03,0,444000,-407000,37000
2012/07/04,0,867000,-297000,570000
2012/07/05,0,419000,-120000,299000
2012/07/06,0,589000,-167000,422000
2012/07/09,0,246000,-95000,151000
2012/07/10,0,155000,-839000,-684000
2012/07/11,0,1681000,-1905000,-224000
2012/07/12,0,698000,-1216000,-518000
2012/07/13,0,530000,-1004000,-474000
2012/07/16,0,151000,-273000,-122000
2012/07/17,0,414000,-807000,-393000
2012/07/18,0,629000,-141000,488000
2012/07/19,0,485000,-682000,-197000
2012/07/20,0,211000,-285000,-74000
2012/07/23,0,315000,-569000,-254000
2012/07/24,0,836000,-50000,786000
2012/07/25,0,1097000,-396000,701000
2012/07/26,0,340000,-421000,-81000
2012/07/27,0,738000,-1008000,-270000
2012/07/30,0,334000,-913000,-579000
2012/07/31,0,618000,-618000,0
2012/08/01,0,398000,-803000,-405000
2012/08/02,0,0,0,0
2012/08/03,0,668000,-276000,392000
2012/08/06,0,706000,-238000,468000
2012/08/07,0,220000,-212000,8000
2012/08/08,0,600000,-1229000,-629000
2012/08/09,0,752000,-7139000,-6387000
2012/08/10,0,970000,-857000,113000
2012/08/13,0,350000,-271000,79000
2012/08/14,0,2026000,-92000,1934000
2012/08/15,0,1054000,-259000,795000
2012/08/16,0,252000,-233000,19000
2012/08/17,0,675000,-130000,545000
2012/08/20,0,93000,-101000,-8000
2012/08/21,0,568000,-45000,523000
2012/08/22,0,340000,-64000,276000
2012/08/23,0,648000,-69000,579000
2012/08/24,0,2523000,-674000,1849000
2012/08/27,0,246000,-952000,-706000
2012/08/28,0,128000,-1262000,-1134000
2012/08/29,0,138000,-311000,-173000
2012/08/30,0,378000,-1904000,-1526000
2012/08/31,0,206000,-64000,142000
2012/09/03,0,34000,-222000,-188000
2012/09/04,0,58000,-437000,-379000
2012/09/05,0,45000,-414000,-369000
2012/09/06,0,97000,-751000,-654000
2012/09/07,0,450000,-548000,-98000
2012/09/10,0,567000,-433000,134000
2012/09/11,0,313000,-1043000,-730000
2012/09/12,0,3547000,-190000,3357000
2012/09/13,0,908000,-193000,715000
2012/09/14,0,3003000,-2986000,17000
2012/09/17,0,6344000,-1625000,4719000
2012/09/18,0,1574000,-841000,733000
2012/09/19,0,900000,-1346760,-446760
2012/09/20,0,2859000,-1992000,867000
2012/09/21,0,933000,-351000,582000
2012/09/24,0,844000,-1321000,-477000
2012/09/25,0,531000,-2821000,-2290000
2012/09/26,0,746000,-1718000,-972000
2012/09/27,0,272000,-620000,-348000
2012/09/28,0,364000,-963000,-599000
2012/10/01,0,356000,-735000,-379000
2012/10/02,0,253000,-711000,-458000
2012/10/03,0,78000,-48000,30000
2012/10/04,0,598000,-202000,396000
2012/10/05,0,879000,-242000,637000
2012/10/08,0,360000,-1757000,-1397000
2012/10/09,0,377000,-452000,-75000
2012/10/10,0,0,0,0
2012/10/11,0,154000,-2224764,-2070764
2012/10/12,0,120000,-877000,-757000
2012/10/15,0,656000,-1029000,-373000
2012/10/16,0,384000,-359000,25000
2012/10/17,0,554000,-638000,-84000
2012/10/18,0,662000,-132000,530000
2012/10/19,0,263000,-692000,-429000
2012/10/22,0,176000,-603000,-427000
2012/10/23,0,135000,-826000,-691000
2012/10/24,0,67000,-729000,-662000
2012/10/25,0,0,-609000,-609000
2012/10/26,0,923000,-3438000,-2515000
2012/10/29,0,381000,-1840000,-1459000
2012/10/30,0,129000,-872000,-743000
2012/10/31,0,213000,-330000,-117000
2012/11/01,0,194000,-1664000,-1470000
2012/11/02,0,1223030,-727000,496030
2012/11/05,0,289000,-273000,16000
2012/11/06,0,628000,-342000,286000
2012/11/07,0,348000,-552000,-204000
2012/11/08,0,167970,-652000,-484030
2012/11/09,0,575000,-262000,313000
2012/11/12,0,340000,-61000,279000
2012/11/13,0,579000,-197000,382000
2012/11/14,0,167000,-537000,-370000
2012/11/15,0,245000,-231000,14000
2012/11/16,0,201000,-358000,-157000
2012/11/19,0,220000,-20000,200000
2012/11/20,0,10000,-259000,-249000
2012/11/21,0,142000,-309000,-167000
2012/11/22,0,163000,-304000,-141000
2012/11/23,0,381000,-422000,-41000
2012/11/26,0,1304000,-134000,1170000
2012/11/27,0,869000,-414000,455000
2012/11/28,0,370000,-822000,-452000
2012/11/29,0,1155000,-568000,587000
2012/11/30,0,596000,-696000,-100000
2012/12/03,0,1521000,-823000,698000
2012/12/04,0,1713000,-479000,1234000
2012/12/05,0,4266000,-3527000,739000
2012/12/06,0,1129000,-1084000,45000
2012/12/07,0,819000,-758000,61000
2012/12/10,0,852000,-1029000,-177000
2012/12/11,0,1003000,-479000,524000
2012/12/12,0,1523000,-594000,929000
2012/12/13,0,1112000,-802000,310000
2012/12/14,0,828000,-510000,318000
2012/12/17,0,344000,-957000,-613000
2012/12/18,0,314000,-346000,-32000
2012/12/19,0,2312000,-356000,1956000
2012/12/20,0,337000,-1764331,-1427331
2012/12/21,0,143000,-1696000,-1553000
2012/12/24,0,1088000,-354000,734000
2012/12/25,0,963000,-1586000,-623000
2012/12/26,0,431000,-710000,-279000
2012/12/27,0,188000,-505000,-317000
2012/12/28,0,948000,-607000,341000
2012/12/31,0,0,0,0
2013/01/01,0,0,0,0
2013/01/02,0,150000,-623580,-473580
2013/01/03,0,196000,-1136000,-940000
2013/01/04,0,252000,-140000,112000
2013/01/07,0,329000,-180000,149000
2013/01/08,0,190000,-120000,70000
2013/01/09,0,100000,-182000,-82000
2013/01/10,0,924000,-631000,293000
2013/01/11,0,390000,-67000,323000
2013/01/14,0,150000,-694000,-544000
2013/01/15,0,355000,-384000,-29000
2013/01/16,0,66000,-318000,-252000
2013/01/17,0,480000,-1334000,-854000
2013/01/18,0,169000,-670000,-501000
2013/01/21,0,336000,-236000,100000
2013/01/22,0,217000,-492000,-275000
2013/01/23,0,49000,-430000,-381000
2013/01/24,0,108000,-353000,-245000
2013/01/25,0,132000,-267000,-135000
2013/01/28,0,568000,-97000,471000
2013/01/29,0,303000,-223000,80000
2013/01/30,0,1086000,-326000,760000
2013/01/31,0,657000,-429000,228000
2013/02/01,0,482000,-497000,-15000
2013/02/04,0,7048000,-1678000,5370000
2013/02/05,0,817000,-3022000,-2205000
2013/02/06,0,2875000,-2537000,338000
2013/02/07,0,0,0,0
2013/02/08,0,0,0,0
2013/02/11,0,0,0,0
2013/02/12,0,0,0,0
2013/02/13,0,0,0,0
2013/02/14,0,0,0,0
2013/02/15,0,0,0,0
2013/02/18,0,5629000,-1104000,4525000
2013/02/19,0,2644000,-1131000,1513000
2013/02/20,0,9124000,-2794000,6330000
2013/02/21,0,7152000,-2200000,4952000
2013/02/22,0,2169000,-1642000,527000
2013/02/25,0,2484000,-4167000,-1683000
2013/02/26,0,913000,-2955000,-2042000
2013/02/27,0,1282000,-299000,983000
2013/02/28,0,0,0,0
2013/03/01,0,1056000,-1625000,-569000
2013/03/04,0,574000,-3220000,-2646000
2013/03/05,0,1866000,-930000,936000
2013/03/06,0,1923000,-1259000,664000
2013/03/07,0,2283000,-1178000,1105000
2013/03/08,0,13138990,-8717000,4421990
2013/03/11,0,8213000,-7790000,423000
2013/03/12,0,2429000,-12247000,-9818000
2013/03/13,0,6022000,-3323000,2699000
2013/03/14,0,3277000,-2903000,374000
2013/03/15,0,2564000,-3774000,-1210000
2013/03/18,0,2060000,-2087000,-27000
2013/03/19,0,4029000,-2543000,1486000
2013/03/20,0,2430000,-1832000,598000
2013/03/21,0,3480000,-689000,2791000
2013/03/22,0,1086000,-1229000,-143000
2013/03/25,0,1024000,-451000,573000
2013/03/26,0,1508000,-1475000,33000
2013/03/27,0,1548000,-1734000,-186000
2013/03/28,0,323000,-1706000,-1383000
2013/03/29,0,3172000,-516000,2656000
2013/04/01,0,1371000,-1056000,315000
2013/04/02,0,570000,-1544000,-974000
2013/04/03,0,967000,-1058000,-91000
2013/04/04,0,0,0,0
2013/04/05,0,0,0,0
2013/04/08,0,1289000,-3022000,-1733000
2013/04/09,0,735000,-1015000,-280000
2013/04/10,0,2988000,-2311000,677000
2013/04/11,0,3020000,-1019000,2001000
2013/04/12,0,977000,-993000,-16000
2013/04/15,0,1066000,-905000,161000
2013/04/16,0,827000,-1646000,-819000
2013/04/17,0,571000,-530000,41000
2013/04/18,0,839000,-299000,540000
2013/04/19,0,738486,-759000,-20514
2013/04/22,0,2542000,-690000,1852000
2013/04/23,0,520000,-208000,312000
2013/04/24,0,3856000,-454000,3402000
2013/04/25,0,475000,-142000,333000
2013/04/26,0,840000,-982000,-142000
2013/04/29,0,1187000,-184000,1003000
2013/04/30,0,1200000,-301000,899000
2013/05/01,0,0,0,0
2013/05/02,0,10829000,-689000,10140000
2013/05/03,0,2364000,-2345000,19000
2013/05/06,0,1225000,-2338000,-1113000
2013/05/07,0,345000,-262000,83000
2013/05/08,0,2243000,-400000,1843000
2013/05/09,0,3657000,-1050000,2607000
2013/05/10,0,9003000,-1745000,7258000
2013/05/13,0,1284000,-4522000,-3238000
2013/05/14,0,259000,-5806000,-5547000
2013/05/15,0,6434000,-2338000,4096000
2013/05/16,0,3036000,-2849000,187000
2013/05/17,0,2890000,-3905000,-1015000
2013/05/20,0,1572000,-2291000,-719000
2013/05/21,0,1114000,-2158000,-1044000
2013/05/22,0,1226000,-1909000,-683000
2013/05/23,0,989000,-3445000,-2456000
2013/05/24,0,1390000,-987000,403000
2013/05/27,0,1367000,-610000,757000
2013/05/28,0,708000,-1797000,-1089000
2013/05/29,0,2231000,-1981000,250000
2013/05/30,0,1175000,-2332000,-1157000
2013/05/31,0,934000,-1510000,-576000
2013/06/03,0,1137000,-540990,596010
2013/06/04,0,568000,-888000,-320000
2013/06/05,0,1033000,-1149000,-116000
2013/06/06,0,1526000,-2254000,-728000
2013/06/07,0,438000,-1752000,-1314000
2013/06/10,0,1159000,-3410000,-2251000
2013/06/11,0,652000,-1177000,-525000
2013/06/12,0,0,0,0
2013/06/13,0,472000,-1880162,-1408162
2013/06/14,0,849000,-23270000,-22421000
2013/06/17,0,926000,-1287000,-361000
2013/06/18,0,1410000,-1182000,228000
2013/06/19,0,1383000,-618000,765000
2013/06/20,0,1091000,-1034000,57000
2013/06/21,0,2603000,-1359000,1244000
2013/06/24,0,3814000,-1772000,2042000
2013/06/25,0,2688000,-4744000,-2056000
2013/06/26,0,1595000,-2158000,-563000
2013/06/27,0,1890000,-1381341,508659
2013/06/28,0,2241000,-1357000,884000
2013/07/01,0,25000,-700000,-675000
2013/07/02,0,332000,-1242000,-910000
2013/07/03,0,53000,-8305000,-8252000
2013/07/04,0,401000,-934000,-533000
2013/07/05,0,124000,-1944000,-1820000
2013/07/08,0,75000,-1502000,-1427000
2013/07/09,0,289000,-1879000,-1590000
2013/07/10,0,482000,-21777000,-21295000
2013/07/11,0,1089000,-2003000,-914000
2013/07/12,0,2496000,-6019000,-3523000
2013/07/15,0,1431000,-557000,874000
2013/07/16,0,1627000,-1147000,480000
2013/07/17,0,2187000,-556000,1631000
2013/07/18,0,3226000,-6188000,-2962000
2013/07/19,0,287000,-2641000,-2354000
2013/07/22,0,669000,-321000,348000
2013/07/23,0,1596000,-1379000,217000
2013/07/24,0,186000,-824000,-638000
2013/07/25,0,603000,-474000,129000
2013/07/26,0,803000,-104000,699000
2013/07/29,0,359000,-560000,-201000
2013/07/30,0,390000,-10000,380000
2013/07/31,0,490000,-760000,-270000
2013/08/01,0,540000,-987000,-447000
2013/08/02,0,233000,-980000,-747000
2013/08/05,0,55000,-1150000,-1095000
2013/08/06,0,239000,-2204000,-1965000
2013/08/07,0,351000,-2370000,-2019000
2013/08/08,0,1333000,-1136000,197000
2013/08/09,0,589000,-3193000,-2604000
2013/08/12,0,551000,-495000,56000
2013/08/13,0,707000,-846000,-139000
2013/08/14,0,263000,-891000,-628000
2013/08/15,0,341000,-762000,-421000
2013/08/16,0,419000,-913000,-494000
2013/08/19,0,256000,-964000,-708000
2013/08/20,0,270000,-767000,-497000
2013/08/21,0,0,0,0
2013/08/22,0,508000,-956000,-448000
2013/08/23,0,116000,-366000,-250000
2013/08/26,0,381000,-219000,162000
2013/08/27,0,401000,-843000,-442000
2013/08/28,0,308000,-755000,-447000
2013/08/29,0,826000,-457000,369000
2013/08/30,0,433000,-321000,112000
2013/09/02,0,317000,-259000,58000
2013/09/03,0,293000,-349000,-56000
2013/09/04,0,223000,-426000,-203000
2013/09/05,0,359000,-88000,271000
2013/09/06,0,432000,-308000,124000
2013/09/09,0,2498000,-285357,2212643
2013/09/10,0,340000,-3018000,-2678000
2013/09/11,0,97000,-488000,-391000
2013/09/12,0,428000,-398000,30000
2013/09/13,0,14000,-444000,-430000
2013/09/16,0,219000,-809000,-590000
2013/09/17,0,405000,-868000,-463000
2013/09/18,0,620000,-524000,96000
2013/09/19,0,0,0,0
2013/09/20,0,0,0,0
2013/09/23,0,896000,-1913000,-1017000
2013/09/24,0,68000,-558000,-490000
2013/09/25,0,355000,-300000,55000
2013/09/26,0,151000,-599000,-448000
2013/09/27,0,241000,-430000,-189000
2013/09/30,0,153000,-358000,-205000
2013/10/01,0,227000,-255000,-28000
2013/10/02,0,730000,-193000,537000
2013/10/03,0,972000,-452000,520000
2013/10/04,0,383000,-467000,-84000
2013/10/07,0,1274000,-1049760,224240
2013/10/08,0,7202000,-1455000,5747000
2013/10/09,0,3658000,-4721000,-1063000
2013/10/10,0,0,0,0
2013/10/11,0,1084000,-1698332,-614332
2013/10/14,0,1623000,-1796000,-173000
2013/10/15,0,323000,-1217000,-894000
2013/10/16,0,767000,-1604000,-837000
2013/10/17,0,464000,-1939000,-1475000
2013/10/18,0,474000,-929000,-455000
2013/10/21,0,264000,-238000,26000
2013/10/22,0,914000,-59535,854465
2013/10/23,0,1081000,-1210000,-129000
2013/10/24,0,325000,-297000,28000
2013/10/25,0,339000,-1806000,-1467000
2013/10/28,0,594000,-235000,359000
2013/10/29,0,313000,-589000,-276000
2013/10/30,0,990000,-1556000,-566000
2013/10/31,0,197000,-1164000,-967000
2013/11/01,0,200000,-1017000,-817000
2013/11/04,0,264000,-436000,-172000
2013/11/05,0,60000,-889000,-829000
2013/11/06,0,188000,-364000,-176000
2013/11/07,0,30000,-573000,-543000
2013/11/08,0,414000,-523538,-109538
2013/11/11,0,186000,-337000,-151000
2013/11/12,0,678000,-309000,369000
2013/11/13,0,0,-580000,-580000
2013/11/14,0,356000,-148425,207575
2013/11/15,0,537000,-104000,433000
2013/11/18,0,2086000,-232000,1854000
2013/11/19,0,4362000,-240000,4122000
2013/11/20,0,1957000,-314002,1642998
2013/11/21,0,36000,-3330000,-3294000
2013/11/22,0,1834000,-795000,1039000
2013/11/25,0,2460000,-338000,2122000
2013/11/26,0,1378000,-501000,877000
2013/11/27,0,264000,-466000,-202000
2013/11/28,0,618000,-500000,118000
2013/11/29,0,1709000,-28000,1681000
2013/12/02,0,696000,-510000,186000
2013/12/03,0,724000,-806000,-82000
2013/12/04,0,10338000,-1885000,8453000
2013/12/05,0,1437000,-880000,557000
2013/12/06,0,241000,-8412000,-8171000
2013/12/09,0,462000,-1936000,-1474000
2013/12/10,0,269000,-250000,19000
2013/12/11,0,982000,-450000,532000
2013/12/12,0,98000,-1040000,-942000
2013/12/13,0,214000,-174000,40000
2013/12/16,0,413000,-305000,108000
2013/12/17,0,238000,-575000,-337000
2013/12/18,0,214000,-1154000,-940000
2013/12/19,0,223000,-962000,-739000
2013/12/20,0,226000,-372000,-146000
2013/12/23,0,569000,-204000,365000
2013/12/24,0,71000,-393000,-322000
2013/12/25,0,389000,-852000,-463000
2013/12/26,0,442000,-54000,388000
2013/12/27,0,809000,-17000,792000
2013/12/30,0,1989000,-7999000,-6010000
2013/12/31,0,346000,-987000,-641000
2014/01/02,0,1123000,-1434000,-311000
2014/01/03,0,608000,-896000,-288000
2014/01/06,0,476000,-368000,108000
2014/01/07,0,251000,-757000,-506000
2014/01/08,0,147000,-823000,-676000
2014/01/09,0,1842000,-573000,1269000
2014/01/10,0,930000,-633000,297000
2014/01/13,0,292000,-410000,-118000
2014/01/14,0,463000,-1109000,-646000
2014/01/15,0,641000,-777000,-136000
2014/01/16,0,605000,-310000,295000
2014/01/17,0,863000,-231000,632000
2014/01/20,0,4218000,-1271000,2947000
2014/01/21,0,624000,-1183000,-559000
2014/01/22,0,689000,-678000,11000
2014/01/23,0,730000,-1554000,-824000
2014/01/24,0,1327000,-474000,853000
2014/01/27,0,572000,-1342000,-770000
2014/02/05,0,112000,-2386114,-2274114
2014/02/06,0,475000,-531200,-56200
2014/02/07,0,207000,-393000,-186000
2014/02/10,0,734651,-58000,676651
2014/02/11,0,429000,-243000,186000
2014/02/12,0,100000,-1012000,-912000
2014/02/13,0,395000,-1065000,-670000
2014/02/14,0,159000,-632000,-473000
2014/02/17,0,173000,-560000,-387000
2014/02/18,0,393000,-111662,281338
2014/02/19,0,91000,-202000,-111000
2014/02/20,0,455000,-134000,321000
2014/02/21,0,300000,-187000,113000
2014/02/24,0,502000,-470000,32000
2014/02/25,0,259000,-646000,-387000
2014/02/26,0,248000,-75000,173000
2014/02/27,0,215000,-156000,59000
2014/03/03,0,78000,-1657000,-1579000
2014/03/04,0,90000,-717000,-627000
2014/03/05,0,166000,-276000,-110000
2014/03/06,0,461000,-75000,386000
2014/03/07,0,253000,-1168000,-915000
2014/03/10,0,49000,-742000,-693000
2014/03/11,0,569000,-1012000,-443000
2014/03/12,0,655000,-617000,38000
2014/03/13,0,577000,-371000,206000
2014/03/14,0,228000,-233000,-5000
2014/03/17,0,231000,-205000,26000
2014/03/18,0,138000,-60000,78000
2014/03/19,0,67000,-214000,-147000
2014/03/20,0,718000,-339000,379000
2014/03/21,0,183000,-401000,-218000
2014/03/24,0,226000,-507000,-281000
2014/03/25,0,177000,-270000,-93000
2014/03/26,0,169000,-268000,-99000
2014/03/27,0,496000,-391000,105000
2014/03/28,0,100000,-347000,-247000
2014/03/31,0,142000,-604000,-462000
2014/04/01,0,191000,-20565,170435
2014/04/02,0,41000,0,41000
2014/04/03,0,35000,-52000,-17000
2014/04/07,0,114000,-163000,-49000
2014/04/08,0,936000,-101000,835000
2014/04/09,0,102000,-39000,63000
2014/04/10,0,561000,-168000,393000
2014/04/11,0,137000,-415000,-278000
2014/04/14,0,0,-65000,-65000
2014/04/15,0,7000,-181000,-174000
2014/04/16,0,128000,-592000,-464000
2014/04/17,0,24000,-44000,-20000
2014/04/18,0,66000,-21000,45000
2014/04/21,0,262000,-184000,78000
2014/04/22,0,233000,0,233000
2014/04/23,0,0,-282000,-282000
2014/04/24,0,122000,-331000,-209000
2014/04/25,0,295000,-1162000,-867000
2014/04/28,0,321000,-689000,-368000
2014/04/29,0,83000,-24000,59000
2014/04/30,0,519000,-302000,217000
2014/05/02,0,69000,-522000,-453000
2014/05/05,0,94000,-350000,-256000
2014/05/06,0,464000,-7000,457000
2014/05/07,0,50000,-387000,-337000
2014/05/08,0,363000,-181496,181504
2014/05/09,0,88000,-487000,-399000
2014/05/12,0,134000,-200000,-66000
2014/05/13,0,234000,0,234000
2014/05/14,0,358000,-160000,198000
2014/05/15,0,15000,-110000,-95000
2014/05/16,0,45000,0,45000
2014/05/19,0,28000,-30000,-2000
2014/05/20,0,30000,0,30000
2014/05/21,0,166000,-606000,-440000
2014/05/22,0,160000,-57000,103000
2014/05/23,0,253000,-310000,-57000
2014/05/26,0,30000,-810000,-780000
2014/05/27,0,238000,0,238000
2014/05/28,0,1934000,-962000,972000
2014/05/29,0,433,-1077000,-1076567
2014/05/30,0,247000,-627000,-380000
2014/06/03,0,96000,-675000,-579000
2014/06/04,0,138000,-205000,-67000
2014/06/05,0,570000,-6000,564000
2014/06/06,0,652000,-86000,566000
2014/06/09,0,143000,-431000,-288000
2014/06/10,0,699000,-238000,461000
2014/06/11,0,698000,-103104,594896
2014/06/12,0,60000,-299000,-239000
2014/06/13,0,110000,-8000,102000
2014/06/16,0,11000,-136000,-125000
2014/06/17,0,119000,0,119000
2014/06/18,0,1097000,-246000,851000
2014/06/19,0,405000,-110000,295000
2014/06/20,0,522000,-15000,507000
2014/06/23,0,229000,-250000,-21000
2014/06/24,0,32000,-281000,-249000
2014/06/25,0,40000,0,40000
2014/06/26,0,302000,-50000,252000
2014/06/27,0,67000,-128000,-61000
2014/06/30,0,276000,-70000,206000
2014/07/01,0,320000,-80000,240000
2014/07/02,0,199000,-157000,42000
2014/07/03,0,69000,-146000,-77000
2014/07/04,0,280000,-50000,230000
2014/07/07,0,24000,-50000,-26000
2014/07/08,0,1964000,-45000,1919000
2014/07/09,0,943000,-903000,40000
2014/07/10,0,692000,-220000,472000
2014/07/11,0,766000,-478000,288000
2014/07/14,0,1105000,-1287000,-182000
2014/07/15,0,4166000,-2663000,1503000
2014/07/16,0,878000,-2019085,-1141085
2014/07/17,0,8062000,-3060578,5001422
2014/07/18,0,532000,-4500000,-3968000
2014/07/21,0,1200000,-412000,788000
2014/07/22,0,419000,-757000,-338000
2014/07/23,0,0,0,0
2014/07/24,0,595000,-68000,527000
2014/07/25,0,2016000,-2484000,-468000
2014/07/28,0,1139000,-1567926,-428926
2014/07/29,0,2685000,-2774000,-89000
2014/07/30,0,651000,-1257000,-606000
2014/07/31,0,1178000,-1229000,-51000
2014/08/01,0,559000,-1834000,-1275000
2014/08/04,0,219000,-338000,-119000
2014/08/05,0,439000,-2984000,-2545000
2014/08/06,0,310000,-449000,-139000
2014/08/07,0,388000,-209000,179000
2014/08/08,0,651000,-1220000,-569000
2014/08/11,0,238000,-279000,-41000
2014/08/12,0,132000,-507000,-375000
2014/08/13,0,129000,-759000,-630000
2014/08/14,0,177000,-714000,-537000
2014/08/15,0,119000,-407000,-288000
2014/08/18,0,226000,-1103000,-877000
2014/08/19,0,338000,-326000,12000
2014/08/20,0,1648000,-971000,677000
2014/08/21,0,149000,-360000,-211000
2014/08/22,0,966000,-459000,507000
2014/08/25,0,929000,-418000,511000
2014/08/26,0,445000,-674000,-229000
2014/08/27,0,1430000,-219000,1211000
2014/08/28,0,460000,-650000,-190000
2014/08/29,0,459000,-183000,276000
2014/09/01,0,521000,-626000,-105000
2014/09/02,0,1574000,-133000,1441000
2014/09/03,0,674000,-546000,128000
2014/09/04,0,1224000,-535000,689000
2014/09/05,0,2115000,-1515000,600000
2014/09/09,0,204000,-1295000,-1091000
2014/09/10,0,742000,-736000,6000
2014/09/11,0,547000,-416000,131000
2014/09/12,0,110000,-200000,-90000
2014/09/15,0,40000,-1117000,-1077000
2014/09/16,0,213000,-891000,-678000
2014/09/17,0,947000,-1209000,-262000
2014/09/18,0,1461000,-287000,1174000
2014/09/19,0,4461000,0,4461000
2014/09/22,0,7140000,-79000,7061000
2014/09/23,0,15743000,-36419,15706581
2014/09/24,0,536000,-11201000,-10665000
2014/09/25,0,1468746,-6226000,-4757254
2014/09/26,0,1190000,-2724000,-1534000
2014/09/29,0,740000,-1321000,-581000
2014/09/30,0,566000,-2553000,-1987000
2014/10/01,0,170000,-881000,-711000
2014/10/02,0,90000,-668000,-578000
2014/10/03,0,588000,-551746,36254
2014/10/06,0,590000,-560000,30000
2014/10/07,0,119000,-572000,-453000
2014/10/08,0,603000,-327000,276000
2014/10/09,0,116000,-581000,-465000
2014/10/13,0,215000,-630000,-415000
2014/10/14,0,182000,-625000,-443000
2014/10/15,0,193307,-3272000,-3078693
2014/10/16,0,251746,-691000,-439254
2014/10/17,0,98000,-811000,-713000
2014/10/20,0,183000,-568934,-385934
2014/10/21,0,121000,-333048,-212048
2014/10/22,0,179000,-67000,112000
2014/10/23,0,86000,-132486,-46486
2014/10/24,0,84000,-540000,-456000
2014/10/27,0,106000,-134000,-28000
2014/10/28,0,767000,-98000,669000
2014/10/29,0,270000,-187000,83000
2014/10/30,0,728000,-199994,528006
2014/10/31,0,1430000,-484000,946000
2014/11/03,0,666000,-312611,353389
2014/11/04,0,614000,-395000,219000
2014/11/05,0,275000,-1180008,-905008
2014/11/06,0,157000,-1204731,-1047731
2014/11/07,0,383000,-145100,237900
2014/11/10,0,466000,-699000,-233000
2014/11/11,0,158000,-993000,-835000
2014/11/12,0,235000,-562000,-327000
2014/11/13,0,302000,-255000,47000
2014/11/14,0,66000,-651000,-585000
2014/11/17,0,111000,-396048,-285048
2014/11/18,0,190000,-641000,-451000
2014/11/19,0,161000,-1980216,-1819216
2014/11/20,0,1194000,-247000,947000
2014/11/21,0,295000,-44179,250821
2014/11/24,0,127000,-248000,-121000
2014/11/25,0,191000,-94000,97000
2014/11/26,0,491000,-2000,489000
2014/11/27,0,243000,-398000,-155000
2014/11/28,0,566000,-52000,514000
2014/12/01,0,166000,-1505000,-1339000
2014/12/02,0,302000,-1376000,-1074000
2014/12/03,0,227000,-541117,-314117
2014/12/04,0,51000,-135000,-84000
2014/12/05,0,105000,-45066,59934
2014/12/08,0,231000,-169000,62000
2014/12/09,0,47000,-202000,-155000
2014/12/10,0,149000,-314000,-165000
2014/12/11,0,91000,-51000,40000
2014/12/12,0,345000,-186000,159000
2014/12/15,0,122000,-296000,-174000
2014/12/16,0,414000,-198000,216000
2014/12/17,0,540000,-818736,-278736
2014/12/18,0,507000,-346000,161000
2014/12/19,0,161000,-172000,-11000
2014/12/22,0,116000,-86067,29933
2014/12/23,0,318000,-80000,238000
2014/12/24,0,220000,-181000,39000
2014/12/25,0,195000,-155000,40000
2014/12/26,0,306000,-43000,263000
2014/12/29,0,393000,-247000,146000
2014/12/30,0,602000,-144000,458000
2014/12/31,0,187000,-92000,95000
2015/01/01,0,0,0,0
2015/01/02,0,0,0,0
2015/01/05,0,477000,-169000,308000
2015/01/06,0,0,-549000,-549000
2015/01/07,0,111000,-5000,106000
2015/01/08,0,532000,-178000,354000
2015/01/09,0,193000,-319000,-126000
2015/01/12,0,52000,-387000,-335000
2015/01/13,0,419000,-414000,5000
2015/01/14,0,2000,-127000,-125000
2015/01/15,0,496000,-71000,425000
2015/01/16,0,294000,-657025,-363025
2015/01/19,0,70000,-320000,-250000
2015/01/20,0,534000,-353000,181000
2015/01/21,0,229000,-28015,200985
2015/01/22,0,1004000,-591000,413000
2015/01/23,0,512000,-430000,82000
2015/01/26,0,640000,-163000,477000
2015/01/27,0,530000,-107000,423000
2015/01/28,0,423000,-487000,-64000
2015/01/29,0,339000,-237000,102000
2015/01/30,0,388000,-327000,61000
2015/02/02,0,1153000,-484000,669000
2015/02/03,0,442000,-81000,361000
2015/02/04,0,364000,-200016,163984
2015/02/05,0,319000,-100015,218985
2015/02/06,0,678000,-645000,33000
2015/02/09,0,187000,-790000,-603000
2015/02/10,0,430000,-1083000,-653000
2015/02/11,0,386000,-865000,-479000
2015/02/12,0,343000,-531000,-188000
2015/02/13,0,862000,-594000,268000
2015/02/16,0,0,0,0
2015/02/17,0,0,0,0
2015/02/18,0,0,0,0
2015/02/19,0,0,0,0
2015/02/20,0,0,0,0
2015/02/23,0,0,0,0
2015/02/24,0,893000,-927830,-34830
2015/02/25,0,481000,-443000,38000
2015/02/26,0,478000,-14000,464000
2015/02/27,0,0,0,0
2015/03/02,0,728000,-623000,105000
2015/03/03,0,386000,-347646,38354
2015/03/04,0,184000,-397000,-213000
2015/03/05,0,64000,-384000,-320000
2015/03/06,0,284400,-276000,8400
2015/03/09,0,400000,-496278,-96278
2015/03/10,0,838000,-1096514,-258514
2015/03/11,0,1578000,-943000,635000
2015/03/12,0,135000,-200055,-65055
2015/03/13,0,51000,-406000,-355000
2015/03/16,0,214000,-349000,-135000
2015/03/17,0,63000,-260030,-197030
2015/03/18,0,942000,-256000,686000
2015/03/19,0,111000,-3000,108000
2015/03/20,0,172000,-184000,-12000
2015/03/23,0,100000,-45000,55000
2015/03/24,0,6000,-104000,-98000
2015/03/25,0,94000,-279000,-185000
2015/03/26,0,6000,-262000,-256000
2015/03/27,0,139000,-411000,-272000
2015/03/30,0,67000,-27000,40000
2015/03/31,0,10000,-254000,-244000
2015/04/01,0,132000,-129000,3000
2015/04/02,0,366000,-147000,219000
2015/04/03,0,0,0,0
2015/04/06,0,0,0,0
2015/04/07,0,70000,-87000,-17000
2015/04/08,0,202000,-123000,79000
2015/04/09,0,1527000,-114000,1413000
2015/04/10,0,3346000,-397000,2949000
2015/04/13,0,1024000,-1249000,-225000
2015/04/14,0,1567000,-576000,991000
2015/04/15,0,462000,-998000,-536000
2015/04/16,0,399000,-384000,15000
2015/04/17,0,849000,-861000,-12000
2015/04/20,0,256000,-416000,-160000
2015/04/21,0,2351000,-1465000,886000
2015/04/22,0,594000,-131337,462663
2015/04/23,0,16629000,-5003000,11626000
2015/04/24,0,1712000,-10155000,-8443000
2015/04/27,0,1567000,-1760000,-193000
2015/04/28,0,698000,-3540000,-2842000
2015/04/29,0,3366000,-1895000,1471000
2015/04/30,0,1061000,-2030000,-969000
2015/05/01,0,0,0,0
2015/05/04,0,5304000,-2017000,3287000
2015/05/05,0,440000,-4872084,-4432084
2015/05/06,0,760000,-2457000,-1697000
2015/05/07,0,1267000,-1509000,-242000
2015/05/08,0,561000,-2054000,-1493000
2015/05/11,0,985000,-2733000,-1748000
2015/05/12,0,585000,-180000,405000
2015/05/13,0,112000,-1049000,-937000
2015/05/14,0,214000,-1998000,-1784000
2015/05/15,0,702000,-1960000,-1258000
2015/05/18,0,130000,-1945000,-1815000
2015/05/19,0,747000,-1336000,-589000
2015/05/20,0,717000,-452000,265000
2015/05/21,0,295000,-2143000,-1848000
2015/05/22,0,310000,-968000,-658000
2015/05/25,0,241000,-221000,20000
2015/05/26,0,3413000,-732000,2681000
2015/05/27,0,2766000,-5346000,-2580000
2015/05/28,0,1052000,-1702000,-650000
2015/05/29,0,571000,-1326000,-755000
2015/06/01,0,809000,-1974000,-1165000
2015/06/02,0,281000,-643000,-362000
2015/06/03,0,739000,-907000,-168000
2015/06/04,0,257000,-868000,-611000
2015/06/05,0,696000,-591000,105000
2015/06/08,0,423000,-1928000,-1505000
2015/06/09,0,155000,-678000,-523000
2015/06/10,0,126000,-241000,-115000
2015/06/11,0,135000,-257000,-122000
2015/06/12,0,105000,-774000,-669000
2015/06/15,0,869000,-198000,671000
2015/06/16,0,1156000,-488000,668000
2015/06/17,0,2285000,-273000,2012000
2015/06/18,0,1609000,-922000,687000
2015/06/19,0,0,0,0
2015/06/22,0,455000,-898000,-443000
2015/06/23,0,198000,-517000,-319000
2015/06/24,0,736000,-61000,675000
2015/06/25,0,261000,-582000,-321000
2015/06/26,0,568000,-207000,361000
2015/06/29,0,662000,-1099000,-437000
2015/06/30,0,270000,-781297,-511297
2015/07/01,0,173000,0,173000
2015/07/02,0,213000,-264000,-51000
2015/07/03,0,770000,-742000,28000
2015/07/06,0,331000,-138000,193000
2015/07/07,0,201000,-350000,-149000
2015/07/08,0,385000,-647000,-262000
2015/07/09,0,1389000,-510000,879000
2015/07/10,0,0,0,0
2015/07/13,0,1142000,-1749000,-607000
2015/07/14,0,438000,-783000,-345000
2015/07/15,0,949000,-810000,139000
2015/07/16,0,236000,-289000,-53000
2015/07/17,0,236000,-50000,186000
2015/07/20,0,14000,-311000,-297000
2015/07/21,0,380000,-242000,138000
2015/07/22,0,254000,-111000,143000
2015/07/23,0,661000,-42000,619000
2015/07/24,0,1069000,-912000,157000
2015/07/27,0,669000,-1632000,-963000
2015/07/28,0,1625000,-481000,1144000
2015/07/29,0,413000,-158000,255000
2015/07/30,0,286000,-773000,-487000
2015/07/31,0,232000,-1241000,-1009000
2015/08/03,0,152000,-462000,-310000
2015/08/04,0,557000,-78000,479000
2015/08/05,0,744000,-229000,515000
2015/08/06,0,737000,-337000,400000
2015/08/07,0,564000,-279000,285000
2015/08/10,0,324000,-164000,160000
2015/08/11,0,788000,-797000,-9000
2015/08/12,0,314000,-1041000,-727000
2015/08/13,0,112000,-614000,-502000
2015/08/14,0,473000,-350000,123000
2015/08/17,0,3659000,-440716,3218284
2015/08/18,0,296000,-2395956,-2099956
2015/08/19,0,991000,-2520000,-1529000
2015/08/20,0,872000,-483000,389000
2015/08/21,0,1405066,-980000,425066
2015/08/24,0,593000,-1336000,-743000
2015/08/25,0,372000,-651000,-279000
2015/08/26,0,368000,-522000,-154000
2015/08/27,0,249000,-410990,-161990
2015/08/28,0,395000,-108000,287000
2015/08/31,0,386000,-553000,-167000
2015/09/01,0,40000,-999000,-959000
2015/09/02,0,187000,-336000,-149000
2015/09/03,0,86000,-181000,-95000
2015/09/04,0,156000,-147000,9000
2015/09/07,0,102000,-81000,21000
2015/09/08,0,45000,-107000,-62000
2015/09/09,0,892000,-4072000,-3180000
2015/09/10,0,473000,-851000,-378000
2015/09/11,0,564000,-382000,182000
2015/09/14,0,230000,-331000,-101000
2015/09/15,0,399000,-109688,289312
2015/09/16,0,133000,-508000,-375000
2015/09/17,0,1150000,-686083,463917
2015/09/18,0,222000,-349000,-127000
2015/09/21,0,120000,-690175,-570175
2015/09/22,0,137000,-140326,-3326
2015/09/23,0,63000,-400000,-337000
2015/09/24,0,151000,-192000,-41000
2015/09/25,0,352000,-161000,191000
2015/09/28,0,0,0,0
2015/09/29,0,0,0,0
2015/09/30,0,224000,-191139,32861
2015/10/01,0,453000,-253000,200000
2015/10/02,0,131000,-70000,61000
2015/10/05,0,0,-94000,-94000
2015/10/06,0,107275,-80000,27275
2015/10/07,0,96000,-69000,27000
2015/10/08,0,46000,-39000,7000
2015/10/09,0,0,0,0
2015/10/12,0,341000,-85000,256000
2015/10/13,0,347000,-129000,218000
2015/10/14,0,20000,-81554,-61554
2015/10/15,0,287000,-59000,228000
2015/10/16,0,563000,-40000,523000
2015/10/19,0,182000,-390000,-208000
2015/10/20,0,0,-308000,-308000
2015/10/21,0,48000,-58000,-10000
2015/10/22,0,3000,-13000,-10000
2015/10/23,0,662000,-264000,398000
2015/10/26,0,86000,-87000,-1000
2015/10/27,0,12000,-11026,974
2015/10/28,0,0,-24000,-24000
2015/10/29,0,93000,-528734,-435734
2015/10/30,0,164000,0,164000
2015/11/02,0,132000,-62000,70000
2015/11/03,0,1641000,-146000,1495000
2015/11/04,0,950000,-747459,202541
2015/11/05,0,775000,-240000,535000
2015/11/06,0,24000,-487000,-463000
2015/11/09,0,70000,-651000,-581000
2015/11/10,0,250000,-161449,88551
2015/11/11,0,154000,-506000,-352000
2015/11/12,0,287000,-152000,135000
2015/11/13,0,103000,-41000,62000
2015/11/16,0,51000,-97000,-46000
2015/11/17,0,170000,-128000,42000
2015/11/18,0,0,-379634,-379634
2015/11/19,0,6000,-556000,-550000
2015/11/20,0,5000,-50000,-45000
2015/11/23,0,20000,0,20000
2015/11/24,0,91000,-155000,-64000
2015/11/25,0,276000,-166000,110000
2015/11/26,0,254000,-55000,199000
2015/11/27,0,31000,-142000,-111000
2015/11/30,0,52000,-140000,-88000
2015/12/01,0,235000,-7000,228000
2015/12/02,0,521000,-356674,164326
2015/12/03,0,139000,-110000,29000
2015/12/04,0,119000,-81000,38000
2015/12/07,0,535000,-115000,420000
2015/12/08,0,174000,-162000,12000
2015/12/09,0,144000,-217000,-73000
2015/12/10,0,499000,-563000,-64000
2015/12/11,0,65000,-829000,-764000
2015/12/14,0,548000,-529000,19000
2015/12/15,0,598000,-217000,381000
2015/12/16,0,381000,-508000,-127000
2015/12/17,0,867000,-396000,471000
2015/12/18,0,833000,-341000,492000
2015/12/21,0,173000,-216000,-43000
2015/12/22,0,809000,-336000,473000
2015/12/23,0,1357000,-291000,1066000
2015/12/24,0,1333000,-635000,698000
2015/12/25,0,103000,-269000,-166000
2015/12/28,0,352000,-476000,-124000
2015/12/29,0,203000,-150000,53000
2015/12/30,0,366000,-496000,-130000
2015/12/31,0,225000,-227000,-2000
2016/01/01,0,0,0,0
2016/01/04,0,62000,-169000,-107000
2016/01/05,0,97000,-555000,-458000
2016/01/06,0,191000,-422000,-231000
2016/01/07,0,452000,-591000,-139000
2016/01/08,0,837000,-200000,637000
2016/01/11,0,179000,-257000,-78000
2016/01/12,0,639000,-352819,286181
2016/01/13,0,123000,-160000,-37000
2016/01/14,0,10000,-321000,-311000
2016/01/15,0,167000,-512000,-345000
2016/01/18,0,417000,-285000,132000
2016/01/19,0,510000,-13000,497000
2016/01/20,0,192000,-1735506,-1543506
2016/01/21,0,195000,-591000,-396000
2016/01/22,0,76000,-139000,-63000
2016/01/25,0,1114000,-13000,1101000
2016/01/26,0,145000,-652000,-507000
2016/01/27,0,163000,-616000,-453000
2016/01/28,0,260000,-160000,100000
2016/01/29,0,2876000,-112000,2764000
2016/02/01,0,104000,-577000,-473000
2016/02/02,0,415000,-317000,98000
2016/02/03,0,115000,-1580735,-1465735
2016/02/04,0,0,0,0
2016/02/05,0,0,0,0
2016/02/08,0,0,0,0
2016/02/09,0,0,0,0
2016/02/10,0,0,0,0
2016/02/11,0,0,0,0
2016/02/12,0,0,0,0
2016/02/15,0,320000,-362000,-42000
2016/02/16,0,656000,-14000,642000
2016/02/17,0,105000,-748000,-643000
2016/02/18,0,716000,-759079,-43079
2016/02/19,0,70000,-754000,-684000
2016/02/22,0,375000,-229000,146000
2016/02/23,0,0,-646000,-646000
2016/02/24,0,373000,-523000,-150000
2016/02/25,0,140000,-652000,-512000
2016/02/26,0,240000,-135000,105000
2016/02/29,0,0,0,0
2016/03/01,0,444000,-184000,260000
2016/03/02,0,793000,-244000,549000
2016/03/03,0,3944000,-876314,3067686
2016/03/04,0,34000,-2635000,-2601000
2016/03/07,0,914000,-662000,252000
2016/03/08,0,292000,-741000,-449000
2016/03/09,0,174000,-626000,-452000
2016/03/10,0,393000,-268000,125000
2016/03/11,0,243000,-33000,210000
2016/03/14,0,1341000,-139000,1202000
2016/03/15,0,38000,-2051000,-2013000
2016/03/16,0,592000,-684000,-92000
2016/03/17,0,481000,-501000,-20000
2016/03/18,0,369000,-1161000,-792000
2016/03/21,0,667000,-707000,-40000
2016/03/22,0,83000,-208000,-125000
2016/03/23,0,14000,-15000,-1000
2016/03/24,0,183000,-81000,102000
2016/03/25,0,141000,-202000,-61000
2016/03/28,0,252000,-350000,-98000
2016/03/29,0,48000,-950000,-902000
2016/03/30,0,1061000,-85000,976000
2016/03/31,0,507000,-770582,-263582
2016/04/01,0,70000,-315000,-245000
2016/04/04,0,0,0,0
2016/04/05,0,0,0,0
2016/04/06,0,0,-870000,-870000
2016/04/07,0,5000,-282000,-277000
2016/04/08,0,236000,-1025000,-789000
2016/04/11,0,130000,-188000,-58000
2016/04/12,0,567000,-104000,463000
2016/04/13,0,172000,-737000,-565000
2016/04/14,0,531000,-61000,470000
2016/04/15,0,193000,-4000,189000
2016/04/18,0,1808000,-75000,1733000
2016/04/19,0,120000,-1202000,-1082000
2016/04/20,0,483000,-853000,-370000
2016/04/21,0,261000,-840000,-579000
2016/04/22,0,12000,-1131000,-1119000
2016/04/25,0,1215000,-92000,1123000
2016/04/26,0,469000,-705000,-236000
2016/04/27,0,69000,-328000,-259000
2016/04/28,0,50000,-1964000,-1914000
2016/04/29,0,143000,-227000,-84000
2016/05/02,0,0,0,0
2016/05/03,0,816000,-912000,-96000
2016/05/04,0,93000,-933000,-840000
2016/05/05,0,104000,-177000,-73000
2016/05/06,0,254000,-635000,-381000
2016/05/09,0,246000,-220000,26000
2016/05/10,0,706000,-259000,447000
2016/05/11,0,600000,-1580000,-980000
2016/05/12,0,356000,-670000,-314000
2016/05/13,0,129000,-702000,-573000
2016/05/16,0,84000,-377000,-293000
2016/05/17,0,571000,-81000,490000
2016/05/18,0,260000,-534000,-274000
2016/05/19,0,152000,-393000,-241000
2016/05/20,0,158000,-95000,63000
2016/05/23,0,1048000,-32000,1016000
2016/05/24,0,822000,-433000,389000
2016/05/25,0,1271000,-726000,545000
2016/05/26,0,1243000,-559000,684000
2016/05/27,0,694000,-518000,176000
2016/05/30,0,1383000,-647000,736000
2016/05/31,0,1405000,-1515000,-110000
2016/06/01,0,1269000,-1126000,143000
2016/06/02,0,156000,-1122000,-966000
2016/06/03,0,211000,-580000,-369000
2016/06/06,0,0,-665000,-665000
2016/06/07,0,1084000,-270000,814000
2016/06/08,0,111000,-1154000,-1043000
2016/06/09,0,0,0,0
2016/06/10,0,0,0,0
2016/06/13,0,200000,-740000,-540000
2016/06/14,0,259000,0,259000
2016/06/15,0,0,-149000,-149000
2016/06/16,0,68592,-265000,-196408
2016/06/17,0,20000,-223000,-203000
2016/06/20,0,228000,-41000,187000
2016/06/21,0,108000,-167000,-59000
2016/06/22,0,30000,-46000,-16000
2016/06/23,0,25000,-68000,-43000
2016/06/24,0,195000,-227000,-32000
2016/06/27,0,170000,-142000,28000
2016/06/28,0,73000,-43000,30000
2016/06/29,0,420000,-79000,341000
2016/06/30,0,366000,-275000,91000
2016/07/01,0,628000,-156000,472000
2016/07/04,0,128000,-51000,77000
2016/07/05,0,451000,-20000,431000
2016/07/06,0,536000,-524000,12000
2016/07/07,0,152000,-79000,73000
2016/07/08,0,0,0,0
2016/07/11,0,810000,-102000,708000
2016/07/12,0,659000,-45000,614000
2016/07/13,0,214000,-74000,140000
2016/07/14,0,120000,-236000,-116000
2016/07/15,0,352000,-1161000,-809000
2016/07/18,0,125000,-887000,-762000
2016/07/19,0,192000,-807000,-615000
2016/07/20,0,134000,-165000,-31000
2016/07/21,0,377000,-205000,172000
2016/07/22,0,166000,-250000,-84000
2016/07/25,0,1000,-120000,-119000
2016/07/26,0,289000,-114000,175000
2016/07/27,0,266000,-198000,68000
2016/07/28,0,224000,-70000,154000
2016/07/29,0,317000,-553000,-236000
2016/08/01,0,323000,-90000,233000
2016/08/02,0,43000,-110000,-67000
2016/08/03,0,372000,-145000,227000
2016/08/04,0,360000,-429000,-69000
2016/08/05,0,669000,-161000,508000
2016/08/08,0,874000,-48000,826000
2016/08/09,0,127000,-53000,74000
2016/08/10,0,203000,-882000,-679000
2016/08/11,0,294000,-439000,-145000
2016/08/12,0,395000,-961000,-566000
2016/08/15,0,540000,-97000,443000
2016/08/16,0,80000,-120000,-40000
2016/08/17,0,22000,-76000,-54000
2016/08/18,0,498000,-155000,343000
2016/08/19,0,59000,-340000,-281000
2016/08/22,0,50000,-176000,-126000
2016/08/23,0,1167000,-410000,757000
2016/08/24,0,172000,-425000,-253000
2016/08/25,0,671000,-425000,246000
2016/08/26,0,179000,-509000,-330000
2016/08/29,0,3906000,-1776000,2130000
2016/08/30,0,815000,-3648000,-2833000
2016/08/31,0,467000,-1262000,-795000
2016/09/01,0,237000,-493000,-256000
2016/09/02,0,1096000,-723000,373000
2016/09/05,0,256000,-741000,-485000
2016/09/06,0,1817000,-515000,1302000
2016/09/07,0,1327000,-1363000,-36000
2016/09/08,0,1049000,-1290487,-241487
2016/09/09,0,373000,-734000,-361000
2016/09/12,0,438000,-70000,368000
2016/09/13,0,826000,-206000,620000
2016/09/14,0,141000,-551000,-410000
2016/09/15,0,0,0,0
2016/09/16,0,0,0,0
2016/09/19,0,1084000,-383000,701000
2016/09/20,0,678000,-172000,506000
2016/09/21,0,271000,-780000,-509000
2016/09/22,0,174000,-739000,-565000
2016/09/23,0,494000,-433000,61000
2016/09/26,0,2647000,-717000,1930000
2016/09/27,0,0,0,0
2016/09/28,0,0,0,0
2016/09/29,0,497000,-871428,-374428
2016/09/30,0,271000,-885000,-614000
2016/10/03,0,454000,-128000,326000
2016/10/04,0,154000,-491000,-337000
2016/10/05,0,515000,-358000,157000
2016/10/06,0,201000,-302000,-101000
2016/10/07,0,49000,-226000,-177000
2016/10/10,0,0,0,0
2016/10/11,0,640000,-891000,-251000
2016/10/12,0,393000,-381000,12000
2016/10/13,0,483000,-114000,369000
2016/10/14,0,236000,-199000,37000
2016/10/17,0,256000,-217000,39000
2016/10/18,0,351000,-606000,-255000
2016/10/19,0,32000,-552000,-520000
2016/10/20,0,387000,-178000,209000
2016/10/21,0,410000,-394000,16000
2016/10/24,0,164000,-247000,-83000
2016/10/25,0,248000,-374000,-126000
2016/10/26,0,283000,-313000,-30000
2016/10/27,0,1153000,-130000,1023000
2016/10/28,0,251000,-205000,46000
2016/10/31,0,131000,-910000,-779000
2016/11/01,0,243000,-166000,77000
2016/11/02,0,479000,-615000,-136000
2016/11/03,0,339000,-1030000,-691000
2016/11/04,0,447000,-285000,162000
2016/11/07,0,476000,-396000,80000
2016/11/08,0,146000,-979000,-833000
2016/11/09,0,525000,-1135000,-610000
2016/11/10,0,1274000,-185000,1089000
2016/11/11,0,782000,-266000,516000
2016/11/14,0,4027000,-817000,3210000
2016/11/15,0,671000,-1437000,-766000
2016/11/16,0,512000,-956000,-444000
2016/11/17,0,886000,-1096000,-210000
2016/11/18,0,570000,-449000,121000
2016/11/21,0,452000,-1224000,-772000
2016/11/22,0,353000,-384000,-31000
2016/11/23,0,4272000,-746000,3526000
2016/11/24,0,12713000,-4134000,8579000
2016/11/25,0,4185000,-5897000,-1712000
2016/11/28,0,275000,-4434186,-4159186
2016/11/29,0,1680000,-703000,977000
2016/11/30,0,12115000,-2519000,9596000
2016/12/01,0,1621000,-2303000,-682000
2016/12/02,0,494000,-987000,-493000
2016/12/05,0,1727000,-476000,1251000
2016/12/06,0,368000,-732000,-364000
2016/12/07,0,313000,-757000,-444000
2016/12/08,0,2714000,-1315000,1399000
2016/12/09,0,202000,-585000,-383000
2016/12/12,0,4672000,-1915000,2757000
2016/12/13,0,9866000,-4025000,5841000
2016/12/14,0,707000,-8181000,-7474000
2016/12/15,0,979000,-5947000,-4968000
2016/12/16,0,420000,-2924000,-2504000
2016/12/19,0,380000,-934000,-554000
2016/12/20,0,451000,-821000,-370000
2016/12/21,0,606000,-939000,-333000
2016/12/22,0,171000,-1126000,-955000
2016/12/23,0,849000,-250000,599000
2016/12/26,0,315000,-148000,167000
2016/12/27,0,121000,-189000,-68000
2016/12/28,0,739000,-209000,530000
2016/12/29,0,166000,-709000,-543000
2016/12/30,0,528000,-681000,-153000
2017/01/02,0,0,0,0
2017/01/03,0,100000,-142000,-42000
2017/01/04,0,274000,-366000,-92000
2017/01/05,0,362000,-588000,-226000
2017/01/06,0,246000,-537000,-291000
2017/01/09,0,615000,-345000,270000
2017/01/10,0,554000,-499000,55000
2017/01/11,0,4447000,-1996000,2451000
2017/01/12,0,791000,-4402000,-3611000
2017/01/13,0,507000,-1111000,-604000
2017/01/16,0,1024000,-1148000,-124000
2017/01/17,0,895000,-1935000,-1040000
2017/01/18,0,707000,-909000,-202000
2017/01/19,0,485000,-358000,127000
2017/01/20,0,217000,-117000,100000
2017/01/23,0,637000,-263000,374000
2017/01/24,0,509000,-480000,29000
2017/01/25,0,0,0,0
2017/01/26,0,0,0,0
2017/01/27,0,0,0,0
2017/01/30,0,0,0,0
2017/01/31,0,0,0,0
2017/02/01,0,0,0,0
2017/02/02,0,698000,-168000,530000
2017/02/03,0,1736000,-764000,972000
2017/02/06,0,18964000,-1277000,17687000
2017/02/07,0,3188000,-7874000,-4686000
2017/02/08,0,1621000,-1711000,-90000
2017/02/09,0,1944000,-1722000,222000
2017/02/10,0,31709000,-4651000,27058000
2017/02/13,0,4527000,-16450000,-11923000
2017/02/14,0,1841000,-4795000,-2954000
2017/02/15,0,2063000,-945000,1118000
2017/02/16,0,2005000,-2480000,-475000
2017/02/17,0,633000,-1451000,-818000
2017/02/20,0,1093000,-1881000,-788000
2017/02/21,0,1010000,-2826000,-1816000
2017/02/22,0,1681000,-671000,1010000
2017/02/23,0,229000,-2893000,-2664000
2017/02/24,0,1330000,-1255000,75000
2017/02/27,0,0,0,0
2017/02/28,0,0,0,0
2017/03/01,0,790000,-659000,131000
2017/03/02,0,1056000,-890000,166000
2017/03/03,0,594000,-1718000,-1124000
2017/03/06,0,1019000,-529000,490000
2017/03/07,0,1393000,-441000,952000
2017/03/08,0,8673000,-1287000,7386000
2017/03/09,0,6428000,-6707000,-279000
2017/03/10,0,894000,-4730000,-3836000
2017/03/13,0,1540000,-658000,882000
2017/03/14,0,1198000,-2957000,-1759000
2017/03/15,0,438000,-1261000,-823000
2017/03/16,0,4522000,-1540000,2982000
2017/03/17,0,14977000,-3734000,11243000
2017/03/20,0,1886000,-9275000,-7389000
2017/03/21,0,1015000,-4863000,-3848000
2017/03/22,0,14899000,-2388000,12511000
2017/03/23,0,1982000,-14115000,-12133000
2017/03/24,0,471000,-3316000,-2845000
2017/03/27,0,703000,-3006000,-2303000
2017/03/28,0,1641000,-1825000,-184000
2017/03/29,0,3359000,-1302000,2057000
2017/03/30,0,1670000,-2083000,-413000
2017/03/31,0,1041000,-1464000,-423000
2017/04/03,0,0,0,0
2017/04/04,0,0,0,0
2017/04/05,0,930000,-347000,583000
2017/04/06,0,842000,-1721000,-879000
2017/04/07,0,880000,-3971000,-3091000
2017/04/10,0,661000,-1848000,-1187000
2017/04/11,0,512000,-5360000,-4848000
2017/04/12,0,621000,-1365000,-744000
2017/04/13,0,1264000,-1904000,-640000
2017/04/14,0,753000,-5429000,-4676000
2017/04/17,0,308000,-4356000,-4048000
2017/04/18,0,947000,-380000,567000
2017/04/19,0,291000,-1891000,-1600000
2017/04/20,0,465000,-285000,180000
2017/04/21,0,305000,-179000,126000
2017/04/24,0,48000,-398000,-350000
2017/04/25,0,4709000,-261000,4448000
2017/04/26,0,486000,-1478000,-992000
2017/04/27,0,69000,-199000,-130000
2017/04/28,0,21000,-1938000,-1917000
2017/05/01,0,0,0,0
2017/05/02,0,349000,-419000,-70000
2017/05/03,0,697000,-226000,471000
2017/05/04,0,70000,-153000,-83000
2017/05/05,0,19000,-2412000,-2393000
2017/05/08,0,537000,-1459000,-922000
2017/05/09,0,400000,-1047134,-647134
2017/05/10,0,477000,-530000,-53000
2017/05/11,0,107000,-819000,-712000
2017/05/12,0,518000,-538000,-20000
2017/05/15,0,1236000,-284000,952000
2017/05/16,0,263000,-715000,-452000
2017/05/17,0,2896000,-351000,2545000
2017/05/18,0,16000,-2391000,-2375000
2017/05/19,0,178000,-1740000,-1562000
2017/05/22,0,150000,-1172000,-1022000
2017/05/23,0,161000,-1289000,-1128000
2017/05/24,0,321000,-295000,26000
2017/05/25,0,155000,-71000,84000
2017/05/26,0,149000,-134000,15000
2017/05/29,0,0,0,0
2017/05/30,0,0,0,0
2017/05/31,0,26000,-1601000,-1575000
2017/06/01,0,281000,-579000,-298000
2017/06/02,0,190000,-110000,80000
2017/06/05,0,9000,-125000,-116000
2017/06/06,0,108000,-147368,-39368
2017/06/07,0,78000,-1324000,-1246000
2017/06/08,0,215000,-57000,158000
2017/06/09,0,275000,-636000,-361000
2017/06/12,0,2307000,-1035000,1272000
2017/06/13,0,97000,-1479000,-1382000
2017/06/14,0,54000,-1149000,-1095000
2017/06/15,0,326000,-222000,104000
2017/06/16,0,463000,-248000,215000
2017/06/19,0,811000,-574000,237000
2017/06/20,0,385000,-598000,-213000
2017/06/21,0,1145000,-391000,754000
2017/06/22,0,114000,-651000,-537000
2017/06/23,0,85000,-390000,-305000
2017/06/26,0,7764000,-537000,7227000
2017/06/27,0,5092000,-3805000,1287000
2017/06/28,0,619000,-1287000,-668000
2017/06/29,0,4059000,-280000,3779000
2017/06/30,0,109000,-3475000,-3366000
2017/07/03,0,770000,-738000,32000
2017/07/04,0,1876000,-199000,1677000
2017/07/05,0,738000,-1030000,-292000
2017/07/06,0,61000,-897000,-836000
2017/07/07,0,219000,-331000,-112000
2017/07/10,0,315000,-66000,249000
2017/07/11,0,782000,-956000,-174000
2017/07/12,0,1512000,-611000,901000
2017/07/13,0,1043000,-1593000,-550000
2017/07/14,0,1171000,-1558000,-387000
2017/07/17,0,7577000,-1088000,6489000
2017/07/18,0,202000,-3767000,-3565000
2017/07/19,0,583000,-1004000,-421000
2017/07/20,0,1137000,-630000,507000
2017/07/21,0,334000,-2464000,-2130000
2017/07/24,0,2190000,-377000,1813000
2017/07/25,0,333000,-2129000,-1796000
2017/07/26,0,8039000,-563000,7476000
2017/07/27,0,606000,-5097000,-4491000
2017/07/28,0,12000,-3351000,-3339000
2017/07/31,0,172000,-997000,-825000
2017/08/01,0,117000,-140000,-23000
2017/08/02,0,523000,-191000,332000
2017/08/03,0,2000,-649000,-647000
2017/08/04,0,1553000,-224000,1329000
2017/08/07,0,499000,-1187000,-688000
2017/08/08,0,4616000,-2402000,2214000
2017/08/09,0,543000,-3165000,-2622000
2017/08/10,0,329000,-869000,-540000
2017/08/11,0,595000,-1479000,-884000
2017/08/14,0,258000,-599956,-341956
2017/08/15,0,485000,-396000,89000
2017/08/16,0,205000,-1142000,-937000
2017/08/17,0,2764000,-208000,2556000
2017/08/18,0,3712000,-3013000,699000
