Date,Open,Buy,Sell,Total
2007/01/02,0,1143000,-847000,296000
2007/01/03,0,140000,-100195,39805
2007/01/04,0,50000,-1228000,-1178000
2007/01/05,0,0,-700855,-700855
2007/01/08,0,0,-2565000,-2565000
2007/01/09,0,150000,-410000,-260000
2007/01/10,0,202000,-888944,-686944
2007/01/11,0,3000,-200000,-197000
2007/01/12,0,154000,-934000,-780000
2007/01/15,0,0,0,0
2007/01/16,0,10000,-306325,-296325
2007/01/17,0,0,0,0
2007/01/18,0,75000,-879000,-804000
2007/01/19,0,0,-992000,-992000
2007/01/22,0,0,-742754,-742754
2007/01/23,0,0,-2000,-2000
2007/01/24,0,0,0,0
2007/01/25,0,0,-60000,-60000
2007/01/26,0,0,-2000,-2000
2007/01/29,0,0,-820000,-820000
2007/01/30,0,76000,-13000,63000
2007/01/31,0,0,0,0
2007/02/01,0,0,-40000,-40000
2007/02/02,0,211000,-436996,-225996
2007/02/05,0,0,-1115000,-1115000
2007/02/06,0,118000,-2813000,-2695000
2007/02/07,0,0,-900529,-900529
2007/02/08,0,6000,0,6000
2007/02/09,0,508000,-175000,333000
2007/02/12,0,227000,-30000,197000
2007/02/13,0,0,-30000,-30000
2007/02/14,0,101000,-2000,99000
2007/02/15,0,0,0,0
2007/02/16,0,0,0,0
2007/02/19,0,0,0,0
2007/02/20,0,0,0,0
2007/02/21,0,0,0,0
2007/02/22,0,0,0,0
2007/02/23,0,0,0,0
2007/02/26,0,0,-448000,-448000
2007/02/27,0,195000,-350000,-155000
2007/02/28,0,0,0,0
2007/03/01,0,9000,-200000,-191000
2007/03/02,0,0,-950000,-950000
2007/03/05,0,550000,-189000,361000
2007/03/06,0,0,-290000,-290000
2007/03/07,0,85000,-380000,-295000
2007/03/08,0,0,-190000,-190000
2007/03/09,0,215000,-287000,-72000
2007/03/12,0,0,-294000,-294000
2007/03/13,0,658000,-121000,537000
2007/03/14,0,100000,-3007407,-2907407
2007/03/15,0,190000,-299265,-109265
2007/03/16,0,0,-405000,-405000
2007/03/19,0,1000,0,1000
2007/03/20,0,0,-1063000,-1063000
2007/03/21,0,0,-415000,-415000
2007/03/22,0,300000,0,300000
2007/03/23,0,0,-205823,-205823
2007/03/26,0,1000,-396000,-395000
2007/03/27,0,0,-250000,-250000
2007/03/28,0,0,-57000,-57000
2007/03/29,0,0,-601000,-601000
2007/03/30,0,0,-533000,-533000
2007/04/02,0,0,-100000,-100000
2007/04/03,0,0,-945000,-945000
2007/04/04,0,501000,0,501000
2007/04/05,0,0,0,0
2007/04/06,0,0,0,0
2007/04/09,0,60000,-1012000,-952000
2007/04/10,0,0,-4601,-4601
2007/04/11,0,233000,-500457,-267457
2007/04/12,0,110000,0,110000
2007/04/13,0,0,-255000,-255000
2007/04/16,0,0,0,0
2007/04/17,0,9000,0,9000
2007/04/18,0,0,-14000,-14000
2007/04/19,0,5000,0,5000
2007/04/20,0,0,-431650,-431650
2007/04/23,0,6000,0,6000
2007/04/24,0,468000,-576000,-108000
2007/04/25,0,0,-230000,-230000
2007/04/26,0,0,-586000,-586000
2007/04/27,0,82000,0,82000
2007/04/30,0,115000,-120000,-5000
2007/05/01,0,0,0,0
2007/05/02,0,129000,-70000,59000
2007/05/03,0,300000,0,300000
2007/05/04,0,0,0,0
2007/05/07,0,124000,0,124000
2007/05/08,0,0,-309130,-309130
2007/05/09,0,0,-1605000,-1605000
2007/05/10,0,0,-623000,-623000
2007/05/11,0,0,-1000,-1000
2007/05/14,0,1551000,0,1551000
2007/05/15,0,0,-1000,-1000
2007/05/16,0,399000,-5000,394000
2007/05/17,0,227000,-129000,98000
2007/05/18,0,41000,0,41000
2007/05/21,0,140000,-1000000,-860000
2007/05/22,0,108000,0,108000
2007/05/23,0,240000,-516000,-276000
2007/05/24,0,364000,-324000,40000
2007/05/25,0,189000,0,189000
2007/05/28,0,0,-975,-975
2007/05/29,0,340000,0,340000
2007/05/30,0,0,-244000,-244000
2007/05/31,0,0,0,0
2007/06/01,0,287000,-40000,247000
2007/06/04,0,6000,-388000,-382000
2007/06/05,0,0,-528000,-528000
2007/06/06,0,3000,-354000,-351000
2007/06/07,0,0,0,0
2007/06/08,0,0,0,0
2007/06/11,0,0,0,0
2007/06/12,0,0,-395000,-395000
2007/06/13,0,95000,-192000,-97000
2007/06/14,0,0,-6000,-6000
2007/06/15,0,13000,-306000,-293000
2007/06/18,0,0,0,0
2007/06/19,0,0,0,0
2007/06/20,0,400000,-103000,297000
2007/06/21,0,1800000,0,1800000
2007/06/22,0,1220000,0,1220000
2007/06/25,0,600000,-528000,72000
2007/06/26,0,750000,0,750000
2007/06/27,0,0,0,0
2007/06/28,0,0,-370000,-370000
2007/06/29,0,6000,-120000,-114000
2007/07/02,0,0,0,0
2007/07/03,0,0,-3000,-3000
2007/07/04,0,1000,0,1000
2007/07/05,0,1968000,-176000,1792000
2007/07/06,0,529000,-294000,235000
2007/07/09,0,8000,0,8000
2007/07/10,0,241000,-25616,215384
2007/07/11,0,80000,-85000,-5000
2007/07/12,0,400000,-69000,331000
2007/07/13,0,1800000,0,1800000
2007/07/16,0,1334000,0,1334000
2007/07/17,0,200000,-9000,191000
2007/07/18,0,1510000,0,1510000
2007/07/19,0,6000,-25000,-19000
2007/07/20,0,426000,0,426000
2007/07/23,0,332000,-400000,-68000
2007/07/24,0,501000,-400000,101000
2007/07/25,0,103000,-300000,-197000
2007/07/26,0,218000,-1300000,-1082000
2007/07/27,0,3000,-536000,-533000
2007/07/30,0,109000,-530000,-421000
2007/07/31,0,516000,-121000,395000
2007/08/01,0,3000,-310000,-307000
2007/08/02,0,4000,-3332000,-3328000
2007/08/03,0,193000,-637000,-444000
2007/08/06,0,1011000,-390000,621000
2007/08/07,0,10000,-2763852,-2753852
2007/08/08,0,273000,-240000,33000
2007/08/09,0,158000,0,158000
2007/08/10,0,44000,-1521000,-1477000
2007/08/13,0,9000,-98000,-89000
2007/08/14,0,250000,-46000,204000
2007/08/15,0,102000,-12000,90000
2007/08/16,0,827000,-1384000,-557000
2007/08/17,0,21000,-266958,-245958
2007/08/20,0,0,0,0
2007/08/21,0,11000,0,11000
2007/08/22,0,96000,-3000,93000
2007/08/23,0,0,0,0
2007/08/24,0,0,-818000,-818000
2007/08/27,0,6000,0,6000
2007/08/28,0,0,0,0
2007/08/29,0,0,0,0
2007/08/30,0,1500000,0,1500000
2007/08/31,0,1000000,-27000,973000
2007/09/03,0,17000,-568000,-551000
2007/09/04,0,145000,-257000,-112000
2007/09/05,0,0,-1000000,-1000000
2007/09/06,0,0,-80000,-80000
2007/09/07,0,0,-140000,-140000
2007/09/10,0,0,-4000,-4000
2007/09/11,0,815000,-200000,615000
2007/09/12,0,520000,0,520000
2007/09/13,0,0,0,0
2007/09/14,0,56000,-3162,52838
2007/09/17,0,0,-29916,-29916
2007/09/18,0,0,0,0
2007/09/19,0,5000,-5000,0
2007/09/20,0,500000,-17250,482750
2007/09/21,0,0,-300733,-300733
2007/09/24,0,0,0,0
2007/09/25,0,0,0,0
2007/09/26,0,657000,-2472280,-1815280
2007/09/27,0,504000,-15351,488649
2007/09/28,0,300000,0,300000
2007/10/01,0,0,-2000,-2000
2007/10/02,0,2790000,0,2790000
2007/10/03,0,2750000,-2000,2748000
2007/10/04,0,0,0,0
2007/10/05,0,0,-502000,-502000
2007/10/08,0,37000,-214000,-177000
2007/10/09,0,0,0,0
2007/10/10,0,0,0,0
2007/10/11,0,2002000,-684601,1317399
2007/10/12,0,901000,-1000000,-99000
2007/10/15,0,5000,-1006000,-1001000
2007/10/16,0,0,0,0
2007/10/17,0,0,0,0
2007/10/18,0,0,-500000,-500000
2007/10/19,0,840000,-399909,440091
2007/10/22,0,1000,-400000,-399000
2007/10/23,0,2000,-840000,-838000
2007/10/24,0,116000,-2500000,-2384000
2007/10/25,0,0,0,0
2007/10/26,0,90000,-1052014,-962014
2007/10/29,0,81000,0,81000
2007/10/30,0,3000,0,3000
2007/10/31,0,1445000,0,1445000
2007/11/01,0,1093000,-7274,1085726
2007/11/02,0,84000,0,84000
2007/11/05,0,1127000,-250000,877000
2007/11/06,0,81000,-400000,-319000
2007/11/07,0,1000,0,1000
2007/11/08,0,45000,-902909,-857909
2007/11/09,0,6000,-2620000,-2614000
2007/11/12,0,6000,0,6000
2007/11/13,0,6000,-200000,-194000
2007/11/14,0,83000,-1126000,-1043000
2007/11/15,0,87000,-73,86927
2007/11/16,0,118000,0,118000
2007/11/19,0,0,-184000,-184000
2007/11/20,0,1000,-816000,-815000
2007/11/21,0,0,-1100000,-1100000
2007/11/22,0,1000,-601203,-600203
2007/11/23,0,2000,-2900000,-2898000
2007/11/26,0,9000,0,9000
2007/11/27,0,1000,0,1000
2007/11/28,0,0,-880000,-880000
2007/11/29,0,0,0,0
2007/11/30,0,27000,0,27000
2007/12/03,0,1000,0,1000
2007/12/04,0,100000,0,100000
2007/12/05,0,12000,0,12000
2007/12/06,0,0,0,0
2007/12/07,0,43000,-684034,-641034
2007/12/10,0,0,-175000,-175000
2007/12/11,0,0,-44000,-44000
2007/12/12,0,0,-289000,-289000
2007/12/13,0,10000,-3030936,-3020936
2007/12/14,0,58000,0,58000
2007/12/17,0,3000,0,3000
2007/12/18,0,1000,-1728690,-1727690
2007/12/19,0,1000,0,1000
2007/12/20,0,0,0,0
2007/12/21,0,0,0,0
2007/12/24,0,5000,-200174,-195174
2007/12/25,0,0,-300000,-300000
2007/12/26,0,0,-200000,-200000
2007/12/27,0,0,-150000,-150000
2007/12/28,0,0,-604743,-604743
2007/12/31,0,339000,-500000,-161000
2008/01/01,0,0,0,0
2008/01/02,0,0,0,0
2008/01/03,0,1100000,-4000,1096000
2008/01/04,0,0,-1000,-1000
2008/01/07,0,11000,0,11000
2008/01/08,0,1000,-43000,-42000
2008/01/09,0,1000,-1009540,-1008540
2008/01/10,0,23000,0,23000
2008/01/11,0,0,-1000000,-1000000
2008/01/14,0,0,0,0
2008/01/15,0,490000,-18000,472000
2008/01/16,0,14583000,0,14583000
2008/01/17,0,7839000,0,7839000
2008/01/18,0,2586000,-300000,2286000
2008/01/21,0,1717000,0,1717000
2008/01/22,0,0,0,0
2008/01/23,0,192000,-650000,-458000
2008/01/24,0,2308000,-290000,2018000
2008/01/25,0,201000,0,201000
2008/01/28,0,0,-179000,-179000
2008/01/29,0,0,-346000,-346000
2008/01/30,0,646000,-1300000,-654000
2008/01/31,0,0,0,0
2008/02/01,0,601000,0,601000
2008/02/04,0,0,0,0
2008/02/05,0,0,0,0
2008/02/06,0,0,0,0
2008/02/07,0,0,0,0
2008/02/08,0,0,0,0
2008/02/11,0,0,0,0
2008/02/12,0,14000,-701000,-687000
2008/02/13,0,155000,0,155000
2008/02/14,0,0,-3800000,-3800000
2008/02/15,0,0,-300000,-300000
2008/02/18,0,3000,-750000,-747000
2008/02/19,0,790000,-231000,559000
2008/02/20,0,74000,0,74000
2008/02/21,0,200000,-1057877,-857877
2008/02/22,0,0,-4000,-4000
2008/02/25,0,1000,-1000,0
2008/02/26,0,0,-1017000,-1017000
2008/02/27,0,200000,-10000,190000
2008/02/28,0,0,0,0
2008/02/29,0,1000000,-5000,995000
2008/03/03,0,0,-4275602,-4275602
2008/03/04,0,202000,-506000,-304000
2008/03/05,0,0,-66000,-66000
2008/03/06,0,1000,-18000,-17000
2008/03/07,0,0,-191000,-191000
2008/03/10,0,1000,-342000,-341000
2008/03/11,0,2000,0,2000
2008/03/12,0,145000,0,145000
2008/03/13,0,0,0,0
2008/03/14,0,0,0,0
2008/03/17,0,3000,0,3000
2008/03/18,0,5000,-1029740,-1024740
2008/03/19,0,16000,0,16000
2008/03/20,0,0,0,0
2008/03/21,0,828000,-1000000,-172000
2008/03/24,0,201000,0,201000
2008/03/25,0,7000,-29000,-22000
2008/03/26,0,1000,-8641000,-8640000
2008/03/27,0,1000,-610000,-609000
2008/03/28,0,1000,0,1000
2008/03/31,0,67000,0,67000
2008/04/01,0,1000,-15000,-14000
2008/04/02,0,7000,0,7000
2008/04/03,0,0,0,0
2008/04/04,0,0,0,0
2008/04/07,0,75000,-734473,-659473
2008/04/08,0,30000,-415569,-385569
2008/04/09,0,1000,-57058,-56058
2008/04/10,0,1000000,-110821,889179
2008/04/11,0,1300000,-4410,1295590
2008/04/14,0,0,-4000,-4000
2008/04/15,0,6000000,-119000,5881000
2008/04/16,0,2822000,-9618,2812382
2008/04/17,0,856000,0,856000
2008/04/18,0,0,-99707,-99707
2008/04/21,0,2001000,0,2001000
2008/04/22,0,381000,0,381000
2008/04/23,0,5189000,0,5189000
2008/04/24,0,10789000,0,10789000
2008/04/25,0,1424000,0,1424000
2008/04/28,0,6363000,-103000,6260000
2008/04/29,0,3255000,0,3255000
2008/04/30,0,1634000,0,1634000
2008/05/01,0,0,0,0
2008/05/02,0,3182000,0,3182000
2008/05/05,0,31000,-2600000,-2569000
2008/05/06,0,2014000,-5000,2009000
2008/05/07,0,19000,-361082,-342082
2008/05/08,0,1408000,-8000,1400000
2008/05/09,0,5000,0,5000
2008/05/12,0,3000,-355000,-352000
2008/05/13,0,184000,-5000,179000
2008/05/14,0,1305000,0,1305000
2008/05/15,0,245000,0,245000
2008/05/16,0,78000,0,78000
2008/05/19,0,101000,-99000,2000
2008/05/20,0,3110000,-8000,3102000
2008/05/21,0,0,-18000,-18000
2008/05/22,0,1602000,0,1602000
2008/05/23,0,608000,0,608000
2008/05/26,0,1350000,0,1350000
2008/05/27,0,19000,0,19000
2008/05/28,0,855000,0,855000
2008/05/29,0,523000,0,523000
2008/05/30,0,238000,-756000,-518000
2008/06/02,0,642000,-345000,297000
2008/06/03,0,184000,-672000,-488000
2008/06/04,0,253000,-1600000,-1347000
2008/06/05,0,1000,-300000,-299000
2008/06/06,0,2000,-200000,-198000
2008/06/09,0,2000,0,2000
2008/06/10,0,8000,-100000,-92000
2008/06/11,0,27000,0,27000
2008/06/12,0,7000,0,7000
2008/06/13,0,807000,-250000,557000
2008/06/16,0,300000,-16000,284000
2008/06/17,0,414000,0,414000
2008/06/18,0,0,0,0
2008/06/19,0,0,-3000,-3000
2008/06/20,0,76000,-1201000,-1125000
2008/06/23,0,123000,0,123000
2008/06/24,0,15000,0,15000
2008/06/25,0,111000,-2000,109000
2008/06/26,0,0,0,0
2008/06/27,0,2000,-1200000,-1198000
2008/06/30,0,10000,-1000,9000
2008/07/01,0,5000,-5519000,-5514000
2008/07/02,0,300000,-2000,298000
2008/07/03,0,4000,-1250000,-1246000
2008/07/04,0,112000,-1425000,-1313000
2008/07/07,0,24000,-150000,-126000
2008/07/08,0,100000,0,100000
2008/07/09,0,500000,-4000,496000
2008/07/10,0,500000,-118000,382000
2008/07/11,0,2000,-300000,-298000
2008/07/14,0,1000,-618,382
2008/07/15,0,7000,0,7000
2008/07/16,0,13000,-2317000,-2304000
2008/07/17,0,7000,-1000000,-993000
2008/07/18,0,0,-4320000,-4320000
2008/07/21,0,5000,0,5000
2008/07/22,0,1000,-1004000,-1003000
2008/07/23,0,100000,-451000,-351000
2008/07/24,0,3000,-18000,-15000
2008/07/25,0,200000,-31465,168535
2008/07/28,0,0,0,0
2008/07/29,0,4000,-1129249,-1125249
2008/07/30,0,202000,-467810,-265810
2008/07/31,0,8000,0,8000
2008/08/01,0,13000,-6000000,-5987000
2008/08/04,0,1000,-5000,-4000
2008/08/05,0,0,0,0
2008/08/06,0,0,-212000,-212000
2008/08/07,0,0,0,0
2008/08/08,0,138000,-297144,-159144
2008/08/11,0,260000,0,260000
2008/08/12,0,344000,-9000,335000
2008/08/13,0,0,0,0
2008/08/14,0,180000,0,180000
2008/08/15,0,200000,0,200000
2008/08/18,0,201000,-317000,-116000
2008/08/19,0,0,-605000,-605000
2008/08/20,0,5000,-3011000,-3006000
2008/08/21,0,18000,-22000,-4000
2008/08/22,0,2000,0,2000
2008/08/25,0,1000,0,1000
2008/08/26,0,0,-4000,-4000
2008/08/27,0,0,0,0
2008/08/28,0,0,-500000,-500000
2008/08/29,0,415000,0,415000
2008/09/01,0,6000,0,6000
2008/09/02,0,5000,0,5000
2008/09/03,0,43000,-4222000,-4179000
2008/09/04,0,17000,-3382000,-3365000
2008/09/05,0,8000,-1000000,-992000
2008/09/08,0,0,0,0
2008/09/09,0,35000,0,35000
2008/09/10,0,10000,-5000000,-4990000
2008/09/11,0,0,0,0
2008/09/12,0,4000,0,4000
2008/09/15,0,0,0,0
2008/09/16,0,7000,0,7000
2008/09/17,0,0,0,0
2008/09/18,0,6000,0,6000
2008/09/19,0,0,-22598068,-22598068
2008/09/22,0,9000,-81000,-72000
2008/09/23,0,15000,-170994,-155994
2008/09/24,0,30000,-4000,26000
2008/09/25,0,0,-213049,-213049
2008/09/26,0,4000,0,4000
2008/09/29,0,0,0,0
2008/09/30,0,1000,0,1000
2008/10/01,0,3000,-164999,-161999
2008/10/02,0,2000,0,2000
2008/10/03,0,2576000,0,2576000
2008/10/06,0,0,-6000,-6000
2008/10/07,0,0,-19000,-19000
2008/10/08,0,0,0,0
2008/10/09,0,11000,-4000,7000
2008/10/10,0,0,0,0
2008/10/13,0,0,0,0
2008/10/14,0,500000,-32649,467351
2008/10/15,0,7000,0,7000
2008/10/16,0,20000,0,20000
2008/10/17,0,21000,-66097,-45097
2008/10/20,0,0,0,0
2008/10/21,0,19000,0,19000
2008/10/22,0,0,-137000,-137000
2008/10/23,0,15000,-95000,-80000
2008/10/24,0,0,-899,-899
2008/10/27,0,0,-354000,-354000
2008/10/28,0,2009000,-28000,1981000
2008/10/29,0,0,-8000,-8000
2008/10/30,0,1325000,-11000,1314000
2008/10/31,0,5379000,0,5379000
2008/11/03,0,1970000,-129899,1840101
2008/11/04,0,4000,-5000,-1000
2008/11/05,0,6000,-4000,2000
2008/11/06,0,0,-4000,-4000
2008/11/07,0,1000000,-42000,958000
2008/11/10,0,7000,0,7000
2008/11/11,0,126000,-1098,124902
2008/11/12,0,7000,-2000,5000
2008/11/13,0,0,0,0
2008/11/14,0,10000,0,10000
2008/11/17,0,3000,-3000000,-2997000
2008/11/18,0,342000,-600000,-258000
2008/11/19,0,0,0,0
2008/11/20,0,0,0,0
2008/11/21,0,13000,-2000000,-1987000
2008/11/24,0,8000,-2733,5267
2008/11/25,0,66000,0,66000
2008/11/26,0,9000,0,9000
2008/11/27,0,20000,0,20000
2008/11/28,0,0,-18000,-18000
2008/12/01,0,404000,0,404000
2008/12/02,0,0,0,0
2008/12/03,0,12000,-47000,-35000
2008/12/04,0,10000,-749,9251
2008/12/05,0,50000,0,50000
2008/12/08,0,0,-136000,-136000
2008/12/09,0,34000,0,34000
2008/12/10,0,2474000,0,2474000
2008/12/11,0,2069000,-404000,1665000
2008/12/12,0,0,-21000,-21000
2008/12/15,0,1000000,-2000,998000
2008/12/16,0,0,-3000,-3000
2008/12/17,0,7000,0,7000
2008/12/18,0,7000,0,7000
2008/12/19,0,0,-333000,-333000
2008/12/22,0,622000,0,622000
2008/12/23,0,1000,0,1000
2008/12/24,0,0,0,0
2008/12/25,0,5000,0,5000
2008/12/26,0,0,0,0
2008/12/29,0,0,0,0
2008/12/30,0,0,-500000,-500000
2008/12/31,0,2284000,0,2284000
2009/01/01,0,0,0,0
2009/01/02,0,0,0,0
2009/01/05,0,0,0,0
2009/01/06,0,0,-500000,-500000
2009/01/07,0,93000,0,93000
2009/01/08,0,0,-296000,-296000
2009/01/09,0,5000,0,5000
2009/01/12,0,5000,0,5000
2009/01/13,0,183000,-1032000,-849000
2009/01/14,0,0,-14000,-14000
2009/01/15,0,0,0,0
2009/01/16,0,4000,-2076000,-2072000
2009/01/19,0,0,-42000,-42000
2009/01/20,0,0,-1500000,-1500000
2009/01/21,0,0,-1000,-1000
2009/01/22,0,0,0,0
2009/01/23,0,0,0,0
2009/01/26,0,0,0,0
2009/01/27,0,0,0,0
2009/01/28,0,0,0,0
2009/01/29,0,0,0,0
2009/01/30,0,0,0,0
2009/02/02,0,0,0,0
2009/02/03,0,0,-1267000,-1267000
2009/02/04,0,89000,-1000000,-911000
2009/02/05,0,0,-549,-549
2009/02/06,0,0,0,0
2009/02/09,0,228000,0,228000
2009/02/10,0,0,0,0
2009/02/11,0,0,-7937,-7937
2009/02/12,0,0,-33000,-33000
2009/02/13,0,0,-8000,-8000
2009/02/16,0,0,0,0
2009/02/17,0,0,0,0
2009/02/18,0,0,-13000,-13000
2009/02/19,0,0,0,0
2009/02/20,0,0,0,0
2009/02/23,0,0,-161000,-161000
2009/02/24,0,0,0,0
2009/02/25,0,0,0,0
2009/02/26,0,0,-11000,-11000
2009/02/27,0,4000,-1003000,-999000
2009/03/02,0,0,-1000000,-1000000
2009/03/03,0,11000,-80000,-69000
2009/03/04,0,0,-3002000,-3002000
2009/03/05,0,0,-2000000,-2000000
2009/03/06,0,0,-9000,-9000
2009/03/09,0,0,-2022000,-2022000
2009/03/10,0,11000,-4000,7000
2009/03/11,0,0,-13000,-13000
2009/03/12,0,242000,-4000,238000
2009/03/13,0,0,-17000,-17000
2009/03/16,0,22000,-6000,16000
2009/03/17,0,0,-57000,-57000
2009/03/18,0,0,-28000,-28000
2009/03/19,0,0,0,0
2009/03/20,0,0,-6000,-6000
2009/03/23,0,138000,-4000,134000
2009/03/24,0,0,-20000,-20000
2009/03/25,0,22000,0,22000
2009/03/26,0,900000,0,900000
2009/03/27,0,500000,-211000,289000
2009/03/30,0,1122000,0,1122000
2009/03/31,0,67000,-11000,56000
2009/04/01,0,0,0,0
2009/04/02,0,3200000,-51000,3149000
2009/04/03,0,5930000,-8000,5922000
2009/04/06,0,0,-48000,-48000
2009/04/07,0,346000,-420000,-74000
2009/04/08,0,338000,-400000,-62000
2009/04/09,0,0,-1095000,-1095000
2009/04/10,0,0,0,0
2009/04/13,0,2347000,-2158000,189000
2009/04/14,0,0,-11000,-11000
2009/04/15,0,0,-250000,-250000
2009/04/16,0,0,-515000,-515000
2009/04/17,0,0,-9000,-9000
2009/04/20,0,0,-4733000,-4733000
2009/04/21,0,7000,-1400000,-1393000
2009/04/22,0,0,0,0
2009/04/23,0,0,-670159,-670159
2009/04/24,0,0,-2000,-2000
2009/04/27,0,2000,0,2000
2009/04/28,0,3000,-800000,-797000
2009/04/29,0,0,0,0
2009/04/30,0,0,0,0
2009/05/01,0,0,0,0
2009/05/04,0,0,0,0
2009/05/05,0,137000,-12000,125000
2009/05/06,0,293000,-17000,276000
2009/05/07,0,470000,-23000,447000
2009/05/08,0,0,-5000,-5000
2009/05/11,0,340000,0,340000
2009/05/12,0,310000,-84000,226000
2009/05/13,0,0,-29000,-29000
2009/05/14,0,0,0,0
2009/05/15,0,5346000,-1465000,3881000
2009/05/18,0,10204000,0,10204000
2009/05/19,0,0,0,0
2009/05/20,0,9690000,-13000,9677000
2009/05/21,0,5158000,0,5158000
2009/05/22,0,6402000,-7000,6395000
2009/05/25,0,658000,-6000,652000
2009/05/26,0,6298000,0,6298000
2009/05/27,0,176000,-323000,-147000
2009/05/28,0,0,0,0
2009/05/29,0,0,0,0
2009/06/01,0,143000,0,143000
2009/06/02,0,54000,0,54000
2009/06/03,0,0,0,0
2009/06/04,0,32000,-20000,12000
2009/06/05,0,586000,-300000,286000
2009/06/08,0,46000,-300000,-254000
2009/06/09,0,47000,-1000,46000
2009/06/10,0,22000,-5000,17000
2009/06/11,0,35000,0,35000
2009/06/12,0,0,-6000,-6000
2009/06/15,0,14000,0,14000
2009/06/16,0,25000,-3000,22000
2009/06/17,0,26000,-50000,-24000
2009/06/18,0,521000,-511000,10000
2009/06/19,0,58000,0,58000
2009/06/22,0,16000,0,16000
2009/06/23,0,0,-17000,-17000
2009/06/24,0,6000,0,6000
2009/06/25,0,2000,0,2000
2009/06/26,0,0,-81000,-81000
2009/06/29,0,0,0,0
2009/06/30,0,0,0,0
2009/07/01,0,0,0,0
2009/07/02,0,14000,0,14000
2009/07/03,0,0,-8126000,-8126000
2009/07/06,0,130000,-4032000,-3902000
2009/07/07,0,7000,0,7000
2009/07/08,0,0,-10000,-10000
2009/07/09,0,1000000,0,1000000
2009/07/10,0,2000000,-10000,1990000
2009/07/13,0,0,0,0
2009/07/14,0,0,-56000,-56000
2009/07/15,0,0,-8811000,-8811000
2009/07/16,0,350000,-16510000,-16160000
2009/07/17,0,0,-8074000,-8074000
2009/07/20,0,0,-260000,-260000
2009/07/21,0,0,-20000,-20000
2009/07/22,0,2000,-7000,-5000
2009/07/23,0,11407000,-473000,10934000
2009/07/24,0,0,-1918000,-1918000
2009/07/27,0,200000,-3000,197000
2009/07/28,0,0,-2000,-2000
2009/07/29,0,0,-10000,-10000
2009/07/30,0,0,-89000,-89000
2009/07/31,0,1651000,-5000,1646000
2009/08/03,0,369000,0,369000
2009/08/04,0,459000,-21000,438000
2009/08/05,0,0,-184000,-184000
2009/08/06,0,227000,-697000,-470000
2009/08/07,0,0,0,0
2009/08/10,0,7626000,-3000,7623000
2009/08/11,0,6153000,0,6153000
2009/08/12,0,0,0,0
2009/08/13,0,119000,-4000,115000
2009/08/14,0,0,-111000,-111000
2009/08/17,0,0,-105000,-105000
2009/08/18,0,10000,-50000,-40000
2009/08/19,0,4485000,0,4485000
2009/08/20,0,104000,-2000,102000
2009/08/21,0,0,-1237000,-1237000
2009/08/24,0,21000,-1857000,-1836000
2009/08/25,0,0,0,0
2009/08/26,0,4000,0,4000
2009/08/27,0,264000,-12000,252000
2009/08/28,0,0,0,0
2009/08/31,0,76000,0,76000
2009/09/01,0,0,-273000,-273000
2009/09/02,0,0,0,0
2009/09/03,0,0,-9000,-9000
2009/09/04,0,0,-461000,-461000
2009/09/07,0,0,-9000,-9000
2009/09/08,0,288000,0,288000
2009/09/09,0,469000,0,469000
2009/09/10,0,106000,0,106000
2009/09/11,0,500000,0,500000
2009/09/14,0,0,-117000,-117000
2009/09/15,0,0,0,0
2009/09/16,0,40000,0,40000
2009/09/17,0,180000,0,180000
2009/09/18,0,0,-71000,-71000
2009/09/21,0,0,-6000,-6000
2009/09/22,0,1073000,0,1073000
2009/09/23,0,0,-4000,-4000
2009/09/24,0,0,0,0
2009/09/25,0,0,0,0
2009/09/28,0,149000,0,149000
2009/09/29,0,13000,0,13000
2009/09/30,0,0,-207000,-207000
2009/10/01,0,200000,0,200000
2009/10/02,0,1603000,0,1603000
2009/10/05,0,9079000,0,9079000
2009/10/06,0,2188000,0,2188000
2009/10/07,0,4858000,0,4858000
2009/10/08,0,3022000,0,3022000
2009/10/09,0,16328000,0,16328000
2009/10/12,0,18205000,-503000,17702000
2009/10/13,0,189000,0,189000
2009/10/14,0,0,-6000,-6000
2009/10/15,0,2157000,0,2157000
2009/10/16,0,0,0,0
2009/10/19,0,1295000,0,1295000
2009/10/20,0,1727000,-1781000,-54000
2009/10/21,0,354000,-13000,341000
2009/10/22,0,0,0,0
2009/10/23,0,160000,-347000,-187000
2009/10/26,0,600000,0,600000
2009/10/27,0,309000,-4000,305000
2009/10/28,0,25000,-4000,21000
2009/10/29,0,317000,-25000,292000
2009/10/30,0,0,-7666000,-7666000
2009/11/02,0,166000,0,166000
2009/11/03,0,958000,-2000,956000
2009/11/04,0,8000,0,8000
2009/11/05,0,510000,0,510000
2009/11/06,0,404000,-3000,401000
2009/11/09,0,10000,-1948000,-1938000
2009/11/10,0,4000,-5000,-1000
2009/11/11,0,100000,-400000,-300000
2009/11/12,0,103000,-158000,-55000
2009/11/13,0,68000,-2530000,-2462000
2009/11/16,0,168000,-18000,150000
2009/11/17,0,2254000,-501000,1753000
2009/11/18,0,0,-9822000,-9822000
2009/11/19,0,3000000,-5000,2995000
2009/11/20,0,1507000,-1196000,311000
2009/11/23,0,0,-241000,-241000
2009/11/24,0,0,-2000,-2000
2009/11/25,0,0,-2886000,-2886000
2009/11/26,0,0,-8536000,-8536000
2009/11/27,0,0,-5962000,-5962000
2009/11/30,0,187000,-5717000,-5530000
2009/12/01,0,0,0,0
2009/12/02,0,0,-49000,-49000
2009/12/03,0,800000,0,800000
2009/12/04,0,0,-4815000,-4815000
2009/12/07,0,0,-1893000,-1893000
2009/12/08,0,65000,-500000,-435000
2009/12/09,0,0,-3976000,-3976000
2009/12/10,0,0,-24000,-24000
2009/12/11,0,8000,-500000,-492000
2009/12/14,0,0,-21000,-21000
2009/12/15,0,0,-1136000,-1136000
2009/12/16,0,168000,-99672,68328
2009/12/17,0,101000,-85157,15843
2009/12/18,0,0,-966000,-966000
2009/12/21,0,69000,0,69000
2009/12/22,0,0,-83672,-83672
2009/12/23,0,6000,-66449,-60449
2009/12/24,0,0,0,0
2009/12/25,0,0,-5870000,-5870000
2009/12/28,0,0,-197000,-197000
2009/12/29,0,0,-202076,-202076
2009/12/30,0,0,-202000,-202000
2009/12/31,0,0,0,0
2010/01/01,0,0,0,0
2010/01/04,0,127000,-2000,125000
2010/01/05,0,0,-2000,-2000
2010/01/06,0,0,0,0
2010/01/07,0,11483000,-4000,11479000
2010/01/08,0,0,-6000,-6000
2010/01/11,0,5296998,-3973112,1323886
2010/01/12,0,3346000,-7000,3339000
2010/01/13,0,0,-3000,-3000
2010/01/14,0,0,-817665,-817665
2010/01/15,0,0,-142000,-142000
2010/01/18,0,21000,0,21000
2010/01/19,0,1000,0,1000
2010/01/20,0,1764000,-994669,769331
2010/01/21,0,0,-2000,-2000
2010/01/22,0,0,-340892,-340892
2010/01/25,0,0,-119487,-119487
2010/01/26,0,0,-1000,-1000
2010/01/27,0,20000,-1366449,-1346449
2010/01/28,0,6000,0,6000
2010/01/29,0,7000,-1600000,-1593000
2010/02/01,0,8000,-1000,7000
2010/02/02,0,500000,0,500000
2010/02/03,0,173000,-2000,171000
2010/02/04,0,171000,0,171000
2010/02/05,0,4000,-568000,-564000
2010/02/08,0,119000,-1000,118000
2010/02/09,0,7000,-2354000,-2347000
2010/02/10,0,500000,0,500000
2010/02/11,0,0,0,0
2010/02/12,0,0,0,0
2010/02/15,0,0,0,0
2010/02/16,0,0,0,0
2010/02/17,0,0,0,0
2010/02/18,0,0,0,0
2010/02/19,0,0,0,0
2010/02/22,0,6000,0,6000
2010/02/23,0,12000,0,12000
2010/02/24,0,8000,0,8000
2010/02/25,0,5000,0,5000
2010/02/26,0,5000,-9000,-4000
2010/03/01,0,5000,0,5000
2010/03/02,0,570000,-200000,370000
2010/03/03,0,360000,-1000000,-640000
2010/03/04,0,0,-1105000,-1105000
2010/03/05,0,0,-450000,-450000
2010/03/08,0,0,0,0
2010/03/09,0,2000,0,2000
2010/03/10,0,0,-5000,-5000
2010/03/11,0,1000,0,1000
2010/03/12,0,0,-60000,-60000
2010/03/15,0,0,-3000,-3000
2010/03/16,0,0,-3000,-3000
2010/03/17,0,15000,-224000,-209000
2010/03/18,0,502000,-4000,498000
2010/03/19,0,0,-698000,-698000
2010/03/22,0,1450000,-504000,946000
2010/03/23,0,855000,-2681000,-1826000
2010/03/24,0,650000,-3000,647000
2010/03/25,0,0,-5004000,-5004000
2010/03/26,0,0,-5001000,-5001000
2010/03/29,0,5000,0,5000
2010/03/30,0,2000,-520000,-518000
2010/03/31,0,2177000,-676000,1501000
2010/04/01,0,6740000,-613000,6127000
2010/04/02,0,0,-1106000,-1106000
2010/04/05,0,0,0,0
2010/04/06,0,0,-3000,-3000
2010/04/07,0,0,-1083557,-1083557
2010/04/08,0,0,-4000,-4000
2010/04/09,0,0,-552000,-552000
2010/04/12,0,0,-662000,-662000
2010/04/13,0,0,-286226,-286226
2010/04/14,0,7000,0,7000
2010/04/15,0,0,-5000,-5000
2010/04/16,0,0,-5000,-5000
2010/04/19,0,0,-945,-945
2010/04/20,0,2000,-446000,-444000
2010/04/21,0,1000,-209000,-208000
2010/04/22,0,0,-718000,-718000
2010/04/23,0,0,0,0
2010/04/26,0,0,0,0
2010/04/27,0,1000,-2000,-1000
2010/04/28,0,2000,-453000,-451000
2010/04/29,0,0,-300000,-300000
2010/04/30,0,0,0,0
2010/05/03,0,0,-1000,-1000
2010/05/04,0,0,-200000,-200000
2010/05/05,0,0,-17000,-17000
2010/05/06,0,0,-2000,-2000
2010/05/07,0,7000,-145000,-138000
2010/05/10,0,6000,-217469,-211469
2010/05/11,0,6000,0,6000
2010/05/12,0,0,0,0
2010/05/13,0,7032000,0,7032000
2010/05/14,0,1000,-839000,-838000
2010/05/17,0,1000,-1000,0
2010/05/18,0,0,0,0
2010/05/19,0,0,0,0
2010/05/20,0,5000,0,5000
2010/05/21,0,0,0,0
2010/05/24,0,0,-10000,-10000
2010/05/25,0,209000,0,209000
2010/05/26,0,6000,-1264000,-1258000
2010/05/27,0,16000,-1970000,-1954000
2010/05/28,0,0,-8000,-8000
2010/05/31,0,0,-1817000,-1817000
2010/06/01,0,1000,-803,197
2010/06/02,0,0,-788000,-788000
2010/06/03,0,800000,-112000,688000
2010/06/04,0,0,0,0
2010/06/07,0,0,0,0
2010/06/08,0,606000,-2000,604000
2010/06/09,0,2000,-380000,-378000
2010/06/10,0,7000,-508000,-501000
2010/06/11,0,600000,-3001709,-2401709
2010/06/14,0,503000,0,503000
2010/06/15,0,220000,-300000,-80000
2010/06/16,0,0,0,0
2010/06/17,0,750000,-2000,748000
2010/06/18,0,0,-23000,-23000
2010/06/21,0,0,-300000,-300000
2010/06/22,0,0,-7000,-7000
2010/06/23,0,0,-3000,-3000
2010/06/24,0,92000,-6000,86000
2010/06/25,0,443000,-1950000,-1507000
2010/06/28,0,1146000,0,1146000
2010/06/29,0,1574000,0,1574000
2010/06/30,0,0,0,0
2010/07/01,0,0,0,0
2010/07/02,0,2507000,0,2507000
2010/07/05,0,500000,-3000,497000
2010/07/06,0,242000,-2681000,-2439000
2010/07/07,0,375000,0,375000
2010/07/08,0,283000,0,283000
2010/07/09,0,170000,0,170000
2010/07/12,0,167000,0,167000
2010/07/13,0,0,-12000,-12000
2010/07/14,0,7000,0,7000
2010/07/15,0,107000,0,107000
2010/07/16,0,2046000,-1520000,526000
2010/07/19,0,0,-102000,-102000
2010/07/20,0,0,-688000,-688000
2010/07/21,0,0,-5000,-5000
2010/07/22,0,10000,0,10000
2010/07/23,0,2000,-1070,930
2010/07/26,0,0,0,0
2010/07/27,0,54000,-305000,-251000
2010/07/28,0,7000,-2359000,-2352000
2010/07/29,0,183000,-1746606,-1563606
2010/07/30,0,0,-1041000,-1041000
2010/08/02,0,523000,-17000,506000
2010/08/03,0,2359000,-8000,2351000
2010/08/04,0,152000,-15000,137000
2010/08/05,0,4000,-17000,-13000
2010/08/06,0,200000,-2054000,-1854000
2010/08/09,0,37000,-4000,33000
2010/08/10,0,90000,0,90000
2010/08/11,0,82000,-3000,79000
2010/08/12,0,317000,-20000,297000
2010/08/13,0,272000,-3085121,-2813121
2010/08/16,0,0,-6000,-6000
2010/08/17,0,204000,-14000,190000
2010/08/18,0,0,-655000,-655000
2010/08/19,0,799000,-3437000,-2638000
2010/08/20,0,0,-3000,-3000
2010/08/23,0,8296000,-495000,7801000
2010/08/24,0,4371000,-9000,4362000
2010/08/25,0,35000,-410000,-375000
2010/08/26,0,0,-5000,-5000
2010/08/27,0,965000,0,965000
2010/08/30,0,10000,-350964,-340964
2010/08/31,0,122000,-1217000,-1095000
2010/09/01,0,600000,0,600000
2010/09/02,0,17000,0,17000
2010/09/03,0,4000,0,4000
2010/09/06,0,0,0,0
2010/09/07,0,14000,0,14000
2010/09/08,0,3500000,0,3500000
2010/09/09,0,0,0,0
2010/09/10,0,0,0,0
2010/09/13,0,0,0,0
2010/09/14,0,111000,-8000,103000
2010/09/15,0,0,-131000,-131000
2010/09/16,0,0,-19000,-19000
2010/09/17,0,0,-19000,-19000
2010/09/20,0,0,-4000,-4000
2010/09/21,0,0,-9000,-9000
2010/09/22,0,0,0,0
2010/09/23,0,0,-22000,-22000
2010/09/24,0,0,-11000,-11000
2010/09/27,0,0,-11000,-11000
2010/09/28,0,0,0,0
2010/09/29,0,0,-1225000,-1225000
2010/09/30,0,0,-23000,-23000
2010/10/01,0,0,0,0
2010/10/04,0,3325000,-9000,3316000
2010/10/05,0,500000,0,500000
2010/10/06,0,2003000,-19000,1984000
2010/10/07,0,0,0,0
2010/10/08,0,2058000,-6000,2052000
2010/10/11,0,0,0,0
2010/10/12,0,0,-7000,-7000
2010/10/13,0,0,-50000,-50000
2010/10/14,0,855000,-21000,834000
2010/10/15,0,500000,0,500000
2010/10/18,0,0,-257000,-257000
2010/10/19,0,16000,0,16000
2010/10/20,0,0,0,0
2010/10/21,0,700000,-706672,-6672
2010/10/22,0,0,0,0
2010/10/25,0,0,-7141000,-7141000
2010/10/26,0,19000,-3700000,-3681000
2010/10/27,0,8000,-621000,-613000
2010/10/28,0,0,-1000000,-1000000
2010/10/29,0,300000,-1682000,-1382000
2010/11/01,0,0,0,0
2010/11/02,0,28000,0,28000
2010/11/03,0,0,0,0
2010/11/04,0,0,-2416000,-2416000
2010/11/05,0,0,0,0
2010/11/08,0,452000,-1532000,-1080000
2010/11/09,0,390000,-2655000,-2265000
2010/11/10,0,0,-1267000,-1267000
2010/11/11,0,10000,0,10000
2010/11/12,0,0,-4000,-4000
2010/11/15,0,0,-1040000,-1040000
2010/11/16,0,0,-605000,-605000
2010/11/17,0,0,-2014000,-2014000
2010/11/18,0,0,0,0
2010/11/19,0,0,0,0
2010/11/22,0,0,0,0
2010/11/23,0,0,-373000,-373000
2010/11/24,0,0,0,0
2010/11/25,0,60000,-22000,38000
2010/11/26,0,0,0,0
2010/11/29,0,0,0,0
2010/11/30,0,9000,-144000,-135000
2010/12/01,0,0,-1014000,-1014000
2010/12/02,0,723000,-18000,705000
2010/12/03,0,285000,-11000,274000
2010/12/06,0,0,-403582,-403582
2010/12/07,0,15000,-2000,13000
2010/12/08,0,0,-149000,-149000
2010/12/09,0,10000,-5000,5000
2010/12/10,0,0,0,0
2010/12/13,0,0,-23000,-23000
2010/12/14,0,0,-57424,-57424
2010/12/15,0,0,0,0
2010/12/16,0,0,-10000,-10000
2010/12/17,0,1085000,-17000,1068000
2010/12/20,0,0,-10000,-10000
2010/12/21,0,145000,-40000,105000
2010/12/22,0,7000,0,7000
2010/12/23,0,0,-10000,-10000
2010/12/24,0,0,0,0
2010/12/27,0,0,-5000,-5000
2010/12/28,0,0,-11000,-11000
2010/12/29,0,2000000,0,2000000
2010/12/30,0,4307000,0,4307000
2010/12/31,0,1969000,-10000,1959000
2011/01/03,0,742000,-698000,44000
2011/01/04,0,1608000,-4000,1604000
2011/01/05,0,8832000,0,8832000
2011/01/06,0,2816000,-317227,2498773
2011/01/07,0,3197000,-624000,2573000
2011/01/10,0,2519000,-508000,2011000
2011/01/11,0,1257000,0,1257000
2011/01/12,0,1469000,0,1469000
2011/01/13,0,400000,-123000,277000
2011/01/14,0,2200000,-10000,2190000
2011/01/17,0,0,0,0
2011/01/18,0,220000,0,220000
2011/01/19,0,1671000,-222000,1449000
2011/01/20,0,250000,-6000,244000
2011/01/21,0,180000,-133000,47000
2011/01/24,0,5002000,0,5002000
2011/01/25,0,20000,-1000,19000
2011/01/26,0,433000,-26000,407000
2011/01/27,0,325000,-3000,322000
2011/01/28,0,360000,-12000,348000
2011/01/31,0,0,0,0
2011/02/01,0,0,0,0
2011/02/02,0,0,0,0
2011/02/03,0,0,0,0
2011/02/04,0,0,0,0
2011/02/07,0,0,0,0
2011/02/08,0,0,0,0
2011/02/09,0,0,0,0
2011/02/10,0,0,-1692000,-1692000
2011/02/11,0,201000,-11789850,-11588850
2011/02/14,0,591000,-4470000,-3879000
2011/02/15,0,11000,-150000,-139000
2011/02/16,0,16000,0,16000
2011/02/17,0,0,-2615000,-2615000
2011/02/18,0,382000,0,382000
2011/02/21,0,0,-4451000,-4451000
2011/02/22,0,0,-6948000,-6948000
2011/02/23,0,78000,-119000,-41000
2011/02/24,0,7000,0,7000
2011/02/25,0,139000,0,139000
2011/02/28,0,0,0,0
2011/03/01,0,0,0,0
2011/03/02,0,8000,-2410115,-2402115
2011/03/03,0,0,0,0
2011/03/04,0,208000,0,208000
2011/03/07,0,0,0,0
2011/03/08,0,0,0,0
2011/03/09,0,20000,0,20000
2011/03/10,0,0,0,0
2011/03/11,0,45000,0,45000
2011/03/14,0,262000,-1465000,-1203000
2011/03/15,0,5000,0,5000
2011/03/16,0,0,0,0
2011/03/17,0,0,-72000,-72000
2011/03/18,0,0,-378000,-378000
2011/03/21,0,0,-234000,-234000
2011/03/22,0,1800000,0,1800000
2011/03/23,0,0,-207712,-207712
2011/03/24,0,11000,0,11000
2011/03/25,0,0,0,0
2011/03/28,0,0,0,0
2011/03/29,0,0,-183000,-183000
2011/03/30,0,580000,-269000,311000
2011/03/31,0,3365000,-78933,3286067
2011/04/01,0,0,0,0
2011/04/04,0,0,0,0
2011/04/05,0,0,0,0
2011/04/06,0,0,-11000,-11000
2011/04/07,0,0,0,0
2011/04/08,0,0,-720591,-720591
2011/04/11,0,3000,-500000,-497000
2011/04/12,0,0,-27000,-27000
2011/04/13,0,0,0,0
2011/04/14,0,2000,0,2000
2011/04/15,0,0,0,0
2011/04/18,0,0,-6000,-6000
2011/04/19,0,7000,-1117000,-1110000
2011/04/20,0,0,0,0
2011/04/21,0,350000,-30000,320000
2011/04/22,0,0,0,0
2011/04/25,0,0,-4000,-4000
2011/04/26,0,30000,-8000,22000
2011/04/27,0,1018000,-10000,1008000
2011/04/28,0,0,-2216000,-2216000
2011/04/29,0,0,-601000,-601000
2011/05/02,0,0,0,0
2011/05/03,0,72000,-1000,71000
2011/05/04,0,72000,-394,71606
2011/05/05,0,72000,0,72000
2011/05/06,0,76000,0,76000
2011/05/09,0,1000,0,1000
2011/05/10,0,0,0,0
2011/05/11,0,0,0,0
2011/05/12,0,23000,-3000,20000
2011/05/13,0,2000,0,2000
2011/05/16,0,8000,0,8000
2011/05/17,0,50000,0,50000
2011/05/18,0,0,-2380000,-2380000
2011/05/19,0,3000,-1000,2000
2011/05/20,0,4290000,-2000,4288000
2011/05/23,0,10000,-1000,9000
2011/05/24,0,1795000,0,1795000
2011/05/25,0,0,0,0
2011/05/26,0,288000,0,288000
2011/05/27,0,202000,0,202000
2011/05/30,0,1305000,0,1305000
2011/05/31,0,1042000,0,1042000
2011/06/01,0,2365000,0,2365000
2011/06/02,0,0,-1000,-1000
2011/06/03,0,0,-585000,-585000
2011/06/06,0,0,0,0
2011/06/07,0,0,0,0
2011/06/08,0,3000,0,3000
2011/06/09,0,0,0,0
2011/06/10,0,1158000,0,1158000
2011/06/13,0,0,-365000,-365000
2011/06/14,0,112000,0,112000
2011/06/15,0,0,-114000,-114000
2011/06/16,0,0,-80000,-80000
2011/06/17,0,18000,-1575000,-1557000
2011/06/20,0,8000,0,8000
2011/06/21,0,10000,0,10000
2011/06/22,0,146000,0,146000
2011/06/23,0,114000,-12000,102000
2011/06/24,0,6000,-220000,-214000
2011/06/27,0,118000,0,118000
2011/06/28,0,80000,-13000,67000
2011/06/29,0,81000,-705000,-624000
2011/06/30,0,7000,0,7000
2011/07/01,0,301000,0,301000
2011/07/04,0,0,-256000,-256000
2011/07/05,0,0,-3000,-3000
2011/07/06,0,0,-1000,-1000
2011/07/07,0,0,-438000,-438000
2011/07/08,0,5043000,-34000,5009000
2011/07/11,0,5146000,0,5146000
2011/07/12,0,5000,-50000,-45000
2011/07/13,0,511000,0,511000
2011/07/14,0,22000,0,22000
2011/07/15,0,512000,0,512000
2011/07/18,0,2604000,0,2604000
2011/07/19,0,8000,-405000,-397000
2011/07/20,0,9000,0,9000
2011/07/21,0,4000,-3077000,-3073000
2011/07/22,0,0,-833000,-833000
2011/07/25,0,0,-274000,-274000
2011/07/26,0,12000,-213000,-201000
2011/07/27,0,0,-1229000,-1229000
2011/07/28,0,0,-1311000,-1311000
2011/07/29,0,0,-85000,-85000
2011/08/01,0,6000,-254000,-248000
2011/08/02,0,0,-55000,-55000
2011/08/03,0,172000,-265000,-93000
2011/08/04,0,47000,-254000,-207000
2011/08/05,0,59000,0,59000
2011/08/08,0,30000,0,30000
2011/08/09,0,37000,0,37000
2011/08/10,0,443000,-10212000,-9769000
2011/08/11,0,414000,0,414000
2011/08/12,0,6000,-729000,-723000
2011/08/15,0,214000,-1300000,-1086000
2011/08/16,0,533000,-13000,520000
2011/08/17,0,122000,-6000,116000
2011/08/18,0,173000,0,173000
2011/08/19,0,10000,-10000,0
2011/08/22,0,107000,-760000,-653000
2011/08/23,0,13000,0,13000
2011/08/24,0,0,-304,-304
2011/08/25,0,123000,-1209000,-1086000
2011/08/26,0,83000,0,83000
2011/08/29,0,16000,0,16000
2011/08/30,0,84000,0,84000
2011/08/31,0,2000,-9000,-7000
2011/09/01,0,0,-4000,-4000
2011/09/02,0,108000,-14000,94000
2011/09/05,0,0,-9000,-9000
2011/09/06,0,261000,-4600000,-4339000
2011/09/07,0,23000,-4621151,-4598151
2011/09/08,0,0,0,0
2011/09/09,0,40000,0,40000
2011/09/12,0,0,0,0
2011/09/13,0,60000,-10306,49694
2011/09/14,0,20000,-1170000,-1150000
2011/09/15,0,14000,-50000,-36000
2011/09/16,0,58000,-862000,-804000
2011/09/19,0,113000,0,113000
2011/09/20,0,149000,-792000,-643000
2011/09/21,0,0,-255798,-255798
2011/09/22,0,0,-3012000,-3012000
2011/09/23,0,11000,-543000,-532000
2011/09/26,0,38000,-1623000,-1585000
2011/09/27,0,15000,-1093000,-1078000
2011/09/28,0,0,-7000,-7000
2011/09/29,0,48000,0,48000
2011/09/30,0,0,-85000,-85000
2011/10/03,0,0,-3000,-3000
2011/10/04,0,5000,0,5000
2011/10/05,0,50000,0,50000
2011/10/06,0,75000,0,75000
2011/10/07,0,6000,0,6000
2011/10/10,0,0,0,0
2011/10/11,0,0,0,0
2011/10/12,0,0,0,0
2011/10/13,0,13000,0,13000
2011/10/14,0,0,-6000,-6000
2011/10/17,0,0,-9356,-9356
2011/10/18,0,13000,-36429,-23429
2011/10/19,0,0,0,0
2011/10/20,0,0,0,0
2011/10/21,0,0,0,0
2011/10/24,0,13000,-2000,11000
2011/10/25,0,3000,0,3000
2011/10/26,0,4000,-1451000,-1447000
2011/10/27,0,8000,0,8000
2011/10/28,0,7359000,0,7359000
2011/10/31,0,203000,-13000,190000
2011/11/01,0,348000,-11000,337000
2011/11/02,0,323000,0,323000
2011/11/03,0,5000,0,5000
2011/11/04,0,300000,-182000,118000
2011/11/07,0,455000,0,455000
2011/11/08,0,114000,0,114000
2011/11/09,0,0,0,0
2011/11/10,0,4000,0,4000
2011/11/11,0,0,-3000,-3000
2011/11/14,0,316662,0,316662
2011/11/15,0,0,-2000,-2000
2011/11/16,0,200000,0,200000
2011/11/17,0,7000,0,7000
2011/11/18,0,11000,0,11000
2011/11/21,0,17000,0,17000
2011/11/22,0,8000,-210000,-202000
2011/11/23,0,129000,0,129000
2011/11/24,0,20000,-3800000,-3780000
2011/11/25,0,22000,0,22000
2011/11/28,0,8000,-5208000,-5200000
2011/11/29,0,9000,-600000,-591000
2011/11/30,0,9000,-25000,-16000
2011/12/01,0,0,-2000,-2000
2011/12/02,0,0,0,0
2011/12/05,0,12000,-10000,2000
2011/12/06,0,0,0,0
2011/12/07,0,6000,0,6000
2011/12/08,0,10000,0,10000
2011/12/09,0,0,-56672,-56672
2011/12/12,0,0,0,0
2011/12/13,0,0,0,0
2011/12/14,0,210000,0,210000
2011/12/15,0,203000,0,203000
2011/12/16,0,7000,-38000,-31000
2011/12/19,0,14000,0,14000
2011/12/20,0,11000,0,11000
2011/12/21,0,0,0,0
2011/12/22,0,15000,0,15000
2011/12/23,0,0,-14000,-14000
2011/12/26,0,0,0,0
2011/12/27,0,25000,0,25000
2011/12/28,0,0,-12000,-12000
2011/12/29,0,0,0,0
2011/12/30,0,0,-20000,-20000
2012/01/02,0,28000,0,28000
2012/01/03,0,0,-42000,-42000
2012/01/04,0,0,0,0
2012/01/05,0,34682,-7000,27682
2012/01/06,0,0,-8000,-8000
2012/01/09,0,0,0,0
2012/01/10,0,0,-6000,-6000
2012/01/11,0,0,-14000,-14000
2012/01/12,0,0,-52000,-52000
2012/01/13,0,0,-47000,-47000
2012/01/16,0,0,-13000,-13000
2012/01/17,0,0,0,0
2012/01/18,0,0,-13000,-13000
2012/01/19,0,0,0,0
2012/01/20,0,0,0,0
2012/01/23,0,0,0,0
2012/01/24,0,0,0,0
2012/01/25,0,0,0,0
2012/01/26,0,0,0,0
2012/01/27,0,0,0,0
2012/01/30,0,0,-8000,-8000
2012/01/31,0,10000,-4000,6000
2012/02/01,0,0,-21000,-21000
2012/02/02,0,0,-18000,-18000
2012/02/03,0,0,-21000,-21000
2012/02/06,0,0,-38000,-38000
2012/02/07,0,1000,0,1000
2012/02/08,0,0,-10000,-10000
2012/02/09,0,0,-162389,-162389
2012/02/10,0,0,-21000,-21000
2012/02/13,0,0,0,0
2012/02/14,0,0,-41000,-41000
2012/02/15,0,0,-27000,-27000
2012/02/16,0,2000,-15000,-13000
2012/02/17,0,20000,0,20000
2012/02/20,0,0,-11000,-11000
2012/02/21,0,0,0,0
2012/02/22,0,0,0,0
2012/02/23,0,0,-9000,-9000
2012/02/24,0,0,-42000,-42000
2012/02/27,0,0,0,0
2012/02/28,0,0,0,0
2012/02/29,0,0,-50000,-50000
2012/03/01,0,3190000,0,3190000
2012/03/02,0,0,-21000,-21000
2012/03/05,0,1141000,-8000,1133000
2012/03/06,0,0,-4000,-4000
2012/03/07,0,0,-402000,-402000
2012/03/08,0,16144,-25000,-8856
2012/03/09,0,0,-6000,-6000
2012/03/12,0,0,-8000,-8000
2012/03/13,0,0,-27000,-27000
2012/03/14,0,22000,-11500000,-11478000
2012/03/15,0,55000,-11004000,-10949000
2012/03/16,0,1741000,-19838000,-18097000
2012/03/19,0,23000,-399240,-376240
2012/03/20,0,0,-12000,-12000
2012/03/21,0,0,0,0
2012/03/22,0,0,0,0
2012/03/23,0,0,0,0
2012/03/26,0,0,-6000,-6000
2012/03/27,0,0,0,0
2012/03/28,0,0,0,0
2012/03/29,0,0,0,0
2012/03/30,0,0,-13000,-13000
2012/04/02,0,0,-2000,-2000
2012/04/03,0,0,-626000,-626000
2012/04/04,0,0,0,0
2012/04/05,0,5000,-26447,-21447
2012/04/06,0,0,0,0
2012/04/09,0,0,-17000,-17000
2012/04/10,0,0,0,0
2012/04/11,0,0,0,0
2012/04/12,0,0,-1000,-1000
2012/04/13,0,0,0,0
2012/04/16,0,0,-686000,-686000
2012/04/17,0,0,0,0
2012/04/18,0,0,0,0
2012/04/19,0,0,0,0
2012/04/20,0,0,-574000,-574000
2012/04/23,0,5000,0,5000
2012/04/24,0,26000,0,26000
2012/04/25,0,0,0,0
2012/04/26,0,0,0,0
2012/04/27,0,0,0,0
2012/04/30,0,0,0,0
2012/05/01,0,0,0,0
2012/05/02,0,80000,0,80000
2012/05/03,0,8196,0,8196
2012/05/04,0,0,-57000,-57000
2012/05/07,0,0,0,0
2012/05/08,0,0,0,0
2012/05/09,0,0,0,0
2012/05/10,0,0,0,0
2012/05/11,0,0,0,0
2012/05/14,0,0,0,0
2012/05/15,0,60000,0,60000
2012/05/16,0,36000,0,36000
2012/05/17,0,0,0,0
2012/05/18,0,0,0,0
2012/05/21,0,0,0,0
2012/05/22,0,0,0,0
2012/05/23,0,0,-25000,-25000
2012/05/24,0,0,0,0
2012/05/25,0,0,0,0
2012/05/28,0,0,0,0
2012/05/29,0,83000,0,83000
2012/05/30,0,193000,-5058,187942
2012/05/31,0,0,-213000,-213000
2012/06/01,0,0,-1000,-1000
2012/06/04,0,33000,0,33000
2012/06/05,0,24000,0,24000
2012/06/06,0,0,-17000,-17000
2012/06/07,0,0,0,0
2012/06/08,0,177000,0,177000
2012/06/11,0,64000,0,64000
2012/06/12,0,213000,0,213000
2012/06/13,0,103000,-374000,-271000
2012/06/14,0,32000,-376000,-344000
2012/06/15,0,2000,0,2000
2012/06/18,0,0,-2000,-2000
2012/06/19,0,0,0,0
2012/06/20,0,0,0,0
2012/06/21,0,94000,0,94000
2012/06/22,0,0,0,0
2012/06/25,0,0,-63000,-63000
2012/06/26,0,10656,-18000,-7344
2012/06/27,0,0,0,0
2012/06/28,0,0,-20000,-20000
2012/06/29,0,0,0,0
2012/07/02,0,3000,-13000,-10000
2012/07/03,0,1164000,0,1164000
2012/07/04,0,931095,0,931095
2012/07/05,0,0,-6000,-6000
2012/07/06,0,0,-26000,-26000
2012/07/09,0,0,0,0
2012/07/10,0,0,0,0
2012/07/11,0,3000,0,3000
2012/07/12,0,0,0,0
2012/07/13,0,0,0,0
2012/07/16,0,0,0,0
2012/07/17,0,9000,0,9000
2012/07/18,0,0,0,0
2012/07/19,0,0,0,0
2012/07/20,0,0,0,0
2012/07/23,0,0,0,0
2012/07/24,0,0,-1000,-1000
2012/07/25,0,0,0,0
2012/07/26,0,34000,0,34000
2012/07/27,0,206000,0,206000
2012/07/30,0,0,0,0
2012/07/31,0,0,0,0
2012/08/01,0,3000,-8000,-5000
2012/08/02,0,0,0,0
2012/08/03,0,0,0,0
2012/08/06,0,10000,-5000,5000
2012/08/07,0,4000,-231000,-227000
2012/08/08,0,4000,-49580,-45580
2012/08/09,0,116000,-30000,86000
2012/08/10,0,13000,-7000,6000
2012/08/13,0,0,-16000,-16000
2012/08/14,0,0,-7000,-7000
2012/08/15,0,1272175,0,1272175
2012/08/16,0,298000,-25000,273000
2012/08/17,0,182215,-287000,-104785
2012/08/20,0,0,-12000,-12000
2012/08/21,0,0,-7000,-7000
2012/08/22,0,0,-3000,-3000
2012/08/23,0,4000,-71000,-67000
2012/08/24,0,0,0,0
2012/08/27,0,4000,-9000,-5000
2012/08/28,0,120000,-1000,119000
2012/08/29,0,0,-15000,-15000
2012/08/30,0,487000,-1000,486000
2012/08/31,0,24000,-65000,-41000
2012/09/03,0,0,-9000,-9000
2012/09/04,0,0,0,0
2012/09/05,0,6000,-5000,1000
2012/09/06,0,10000,0,10000
2012/09/07,0,322000,-7000,315000
2012/09/10,0,0,0,0
2012/09/11,0,0,0,0
2012/09/12,0,330000,0,330000
2012/09/13,0,202000,0,202000
2012/09/14,0,335000,0,335000
2012/09/17,0,13000,0,13000
2012/09/18,0,0,-149000,-149000
2012/09/19,0,16000,-7000,9000
2012/09/20,0,513000,0,513000
2012/09/21,0,0,-6000,-6000
2012/09/24,0,4000,0,4000
2012/09/25,0,185000,0,185000
2012/09/26,0,0,-9000,-9000
2012/09/27,0,127000,-1000,126000
2012/09/28,0,8000,-6000,2000
2012/10/01,0,3000,0,3000
2012/10/02,0,0,0,0
2012/10/03,0,0,0,0
2012/10/04,0,0,0,0
2012/10/05,0,0,-3000,-3000
2012/10/08,0,155000,0,155000
2012/10/09,0,0,0,0
2012/10/10,0,0,0,0
2012/10/11,0,0,0,0
2012/10/12,0,0,-1000,-1000
2012/10/15,0,0,0,0
2012/10/16,0,0,-3000,-3000
2012/10/17,0,8000,0,8000
2012/10/18,0,0,-23000,-23000
2012/10/19,0,0,0,0
2012/10/22,0,0,0,0
2012/10/23,0,1000,0,1000
2012/10/24,0,0,-2000,-2000
2012/10/25,0,0,-3000,-3000
2012/10/26,0,0,-931000,-931000
2012/10/29,0,7650,-948000,-940350
2012/10/30,0,0,-2000,-2000
2012/10/31,0,0,0,0
2012/11/01,0,0,0,0
2012/11/02,0,7000,0,7000
2012/11/05,0,0,-14000,-14000
2012/11/06,0,0,0,0
2012/11/07,0,0,0,0
2012/11/08,0,0,0,0
2012/11/09,0,0,0,0
2012/11/12,0,4000,0,4000
2012/11/13,0,4000,0,4000
2012/11/14,0,0,0,0
2012/11/15,0,0,-370000,-370000
2012/11/16,0,0,-373000,-373000
2012/11/19,0,0,0,0
2012/11/20,0,0,0,0
2012/11/21,0,0,0,0
2012/11/22,0,0,-6000,-6000
2012/11/23,0,0,-222000,-222000
2012/11/26,0,0,0,0
2012/11/27,0,0,0,0
2012/11/28,0,301000,-14000,287000
2012/11/29,0,0,-4000,-4000
2012/11/30,0,0,-325000,-325000
2012/12/03,0,0,-2000,-2000
2012/12/04,0,0,-6000,-6000
2012/12/05,0,0,-8000,-8000
2012/12/06,0,0,0,0
2012/12/07,0,0,0,0
2012/12/10,0,0,-66000,-66000
2012/12/11,0,0,0,0
2012/12/12,0,0,0,0
2012/12/13,0,0,-4000,-4000
2012/12/14,0,1000,-8000,-7000
2012/12/17,0,0,0,0
2012/12/18,0,0,-40000,-40000
2012/12/19,0,0,0,0
2012/12/20,0,0,-25000,-25000
2012/12/21,0,0,-115000,-115000
2012/12/24,0,0,0,0
2012/12/25,0,0,0,0
2012/12/26,0,0,-1000,-1000
2012/12/27,0,0,-1000,-1000
2012/12/28,0,0,-3000,-3000
2012/12/31,0,0,0,0
2013/01/01,0,0,0,0
2013/01/02,0,0,0,0
2013/01/03,0,0,-15000,-15000
2013/01/04,0,0,-40000,-40000
2013/01/07,0,0,-118000,-118000
2013/01/08,0,0,-13000,-13000
2013/01/09,0,0,0,0
2013/01/10,0,0,0,0
2013/01/11,0,0,-20000,-20000
2013/01/14,0,0,0,0
2013/01/15,0,0,-12000,-12000
2013/01/16,0,0,-38000,-38000
2013/01/17,0,0,-28799,-28799
2013/01/18,0,0,-31000,-31000
2013/01/21,0,0,-64000,-64000
2013/01/22,0,0,-4000,-4000
2013/01/23,0,0,-13000,-13000
2013/01/24,0,6000,-29000,-23000
2013/01/25,0,0,-11000,-11000
2013/01/28,0,0,0,0
2013/01/29,0,0,-1000,-1000
2013/01/30,0,0,0,0
2013/01/31,0,13000,-12000,1000
2013/02/01,0,0,0,0
2013/02/04,0,0,-136000,-136000
2013/02/05,0,0,-151000,-151000
2013/02/06,0,0,-24000,-24000
2013/02/07,0,0,0,0
2013/02/08,0,0,0,0
2013/02/11,0,0,0,0
2013/02/12,0,0,0,0
2013/02/13,0,0,0,0
2013/02/14,0,0,0,0
2013/02/15,0,0,0,0
2013/02/18,0,0,-89000,-89000
2013/02/19,0,58000,-8000,50000
2013/02/20,0,0,0,0
2013/02/21,0,1000000,-12000,988000
2013/02/22,0,0,-18000,-18000
2013/02/25,0,0,0,0
2013/02/26,0,0,-5000,-5000
2013/02/27,0,0,-22000,-22000
2013/02/28,0,0,0,0
2013/03/01,0,0,0,0
2013/03/04,0,0,0,0
2013/03/05,0,0,0,0
2013/03/06,0,0,0,0
2013/03/07,0,1121000,-21000,1100000
2013/03/08,0,0,-9000,-9000
2013/03/11,0,5304000,-6000,5298000
2013/03/12,0,0,0,0
2013/03/13,0,0,-8000,-8000
2013/03/14,0,0,-6000,-6000
2013/03/15,0,139000,-16000,123000
2013/03/18,0,0,-13000,-13000
2013/03/19,0,0,0,0
2013/03/20,0,0,-1000,-1000
2013/03/21,0,0,0,0
2013/03/22,0,0,-11000,-11000
2013/03/25,0,0,0,0
2013/03/26,0,0,0,0
2013/03/27,0,0,-107000,-107000
2013/03/28,0,0,-2000,-2000
2013/03/29,0,0,-513000,-513000
2013/04/01,0,0,-5000,-5000
2013/04/02,0,0,0,0
2013/04/03,0,0,0,0
2013/04/04,0,0,0,0
2013/04/05,0,0,0,0
2013/04/08,0,0,-2000,-2000
2013/04/09,0,0,0,0
2013/04/10,0,0,-1300000,-1300000
2013/04/11,0,0,0,0
2013/04/12,0,0,-5000,-5000
2013/04/15,0,0,-5000,-5000
2013/04/16,0,0,0,0
2013/04/17,0,153000,-809000,-656000
2013/04/18,0,0,0,0
2013/04/19,0,2000,-1517049,-1515049
2013/04/22,0,0,-3231886,-3231886
2013/04/23,0,0,-20000,-20000
2013/04/24,0,0,-4000,-4000
2013/04/25,0,0,-16000,-16000
2013/04/26,0,0,-14000,-14000
2013/04/29,0,0,-89000,-89000
2013/04/30,0,0,-135000,-135000
2013/05/01,0,0,0,0
2013/05/02,0,0,-5000,-5000
2013/05/03,0,0,-34000,-34000
2013/05/06,0,0,-20000,-20000
2013/05/07,0,0,-2000,-2000
2013/05/08,0,0,-3000,-3000
2013/05/09,0,0,-9000,-9000
2013/05/10,0,150000,-129000,21000
2013/05/13,0,0,-21000,-21000
2013/05/14,0,0,-7000,-7000
2013/05/15,0,0,0,0
2013/05/16,0,0,-250000,-250000
2013/05/17,0,0,-1200000,-1200000
2013/05/20,0,0,-13000,-13000
2013/05/21,0,0,-11000,-11000
2013/05/22,0,0,-44000,-44000
2013/05/23,0,0,-5000,-5000
2013/05/24,0,0,-16000,-16000
2013/05/27,0,0,-14000,-14000
2013/05/28,0,100000,-5000,95000
2013/05/29,0,0,0,0
2013/05/30,0,4000,0,4000
2013/05/31,0,2000,-101000,-99000
2013/06/03,0,0,0,0
2013/06/04,0,0,0,0
2013/06/05,0,0,0,0
2013/06/06,0,0,0,0
2013/06/07,0,0,0,0
2013/06/10,0,0,0,0
2013/06/11,0,0,-7000,-7000
2013/06/12,0,0,0,0
2013/06/13,0,536000,-19000,517000
2013/06/14,0,0,0,0
2013/06/17,0,0,0,0
2013/06/18,0,0,-6000,-6000
2013/06/19,0,20000,0,20000
2013/06/20,0,0,0,0
2013/06/21,0,11000,0,11000
2013/06/24,0,1000,-118000,-117000
2013/06/25,0,0,0,0
2013/06/26,0,0,-2000,-2000
2013/06/27,0,0,-3044,-3044
2013/06/28,0,2000,0,2000
2013/07/01,0,0,-9000,-9000
2013/07/02,0,0,0,0
2013/07/03,0,0,-14000,-14000
2013/07/04,0,0,-5000,-5000
2013/07/05,0,40000,0,40000
2013/07/08,0,0,0,0
2013/07/09,0,0,0,0
2013/07/10,0,0,0,0
2013/07/11,0,26249,0,26249
2013/07/12,0,0,-170000,-170000
2013/07/15,0,0,0,0
2013/07/16,0,0,0,0
2013/07/17,0,0,0,0
2013/07/18,0,33000,-17000,16000
2013/07/19,0,6000,0,6000
2013/07/22,0,0,0,0
2013/07/23,0,2000,0,2000
2013/07/24,0,3000,0,3000
2013/07/25,0,0,0,0
2013/07/26,0,0,0,0
2013/07/29,0,0,0,0
2013/07/30,0,67000,0,67000
2013/07/31,0,0,-4000,-4000
2013/08/01,0,0,0,0
2013/08/02,0,0,0,0
2013/08/05,0,0,0,0
2013/08/06,0,0,0,0
2013/08/07,0,0,0,0
2013/08/08,0,0,0,0
2013/08/09,0,0,0,0
2013/08/12,0,3000,0,3000
2013/08/13,0,0,0,0
2013/08/14,0,9000,0,9000
2013/08/15,0,0,-4000,-4000
2013/08/16,0,0,-31000,-31000
2013/08/19,0,11000,0,11000
2013/08/20,0,0,0,0
2013/08/21,0,0,0,0
2013/08/22,0,11000,0,11000
2013/08/23,0,20000,0,20000
2013/08/26,0,31000,0,31000
2013/08/27,0,0,-40000,-40000
2013/08/28,0,16000,-50000,-34000
2013/08/29,0,0,0,0
2013/08/30,0,18000,-68000,-50000
2013/09/02,0,0,0,0
2013/09/03,0,43272,0,43272
2013/09/04,0,0,-100000,-100000
2013/09/05,0,0,-12000,-12000
2013/09/06,0,10000,0,10000
2013/09/09,0,0,-4000,-4000
2013/09/10,0,6000,0,6000
2013/09/11,0,34000,0,34000
2013/09/12,0,76000,0,76000
2013/09/13,0,55000,-13000,42000
2013/09/16,0,5000,0,5000
2013/09/17,0,0,0,0
2013/09/18,0,28000,0,28000
2013/09/19,0,0,0,0
2013/09/20,0,0,0,0
2013/09/23,0,0,0,0
2013/09/24,0,0,0,0
2013/09/25,0,0,0,0
2013/09/26,0,4000,0,4000
2013/09/27,0,7000,0,7000
2013/09/30,0,5000,-3000,2000
2013/10/01,0,2000,0,2000
2013/10/02,0,0,-3000,-3000
2013/10/03,0,11000,0,11000
2013/10/04,0,2000,0,2000
2013/10/07,0,6000,0,6000
2013/10/08,0,0,0,0
2013/10/09,0,4200000,0,4200000
2013/10/10,0,0,0,0
2013/10/11,0,0,0,0
2013/10/14,0,0,0,0
2013/10/15,0,0,0,0
2013/10/16,0,0,0,0
2013/10/17,0,1000,0,1000
2013/10/18,0,0,0,0
2013/10/21,0,0,0,0
2013/10/22,0,0,-40000,-40000
2013/10/23,0,0,0,0
2013/10/24,0,1000,0,1000
2013/10/25,0,0,-2000,-2000
2013/10/28,0,0,-52000,-52000
2013/10/29,0,0,0,0
2013/10/30,0,0,0,0
2013/10/31,0,0,-2000,-2000
2013/11/01,0,0,-8492,-8492
2013/11/04,0,0,0,0
2013/11/05,0,0,0,0
2013/11/06,0,0,0,0
2013/11/07,0,0,-2000,-2000
2013/11/08,0,0,0,0
2013/11/11,0,0,0,0
2013/11/12,0,0,-3000000,-3000000
2013/11/13,0,0,-3000,-3000
2013/11/14,0,0,0,0
2013/11/15,0,0,0,0
2013/11/18,0,0,0,0
2013/11/19,0,99000,0,99000
2013/11/20,0,0,-1200000,-1200000
2013/11/21,0,0,-3000,-3000
2013/11/22,0,114000,-1000,113000
2013/11/25,0,169000,-7062,161938
2013/11/26,0,103000,0,103000
2013/11/27,0,170000,0,170000
2013/11/28,0,170000,0,170000
2013/11/29,0,0,0,0
2013/12/02,0,500000,-2000,498000
2013/12/03,0,0,-2000,-2000
2013/12/04,0,0,-3000,-3000
2013/12/05,0,0,-2000,-2000
2013/12/06,0,0,0,0
2013/12/09,0,160000,0,160000
2013/12/10,0,57000,0,57000
2013/12/11,0,115000,0,115000
2013/12/12,0,500000,-3000,497000
2013/12/13,0,0,0,0
2013/12/16,0,0,0,0
2013/12/17,0,294000,-7000,287000
2013/12/18,0,0,-4000,-4000
2013/12/19,0,117000,0,117000
2013/12/20,0,292000,-40000,252000
2013/12/23,0,518000,0,518000
2013/12/24,0,0,-33000,-33000
2013/12/25,0,178000,-33000,145000
2013/12/26,0,0,0,0
2013/12/27,0,25000,0,25000
2013/12/30,0,189000,-5000,184000
2013/12/31,0,0,-12000,-12000
2014/01/02,0,0,-12000,-12000
2014/01/03,0,0,-4000,-4000
2014/01/06,0,0,-5000,-5000
2014/01/07,0,0,-3000,-3000
2014/01/08,0,600000,0,600000
2014/01/09,0,600000,0,600000
2014/01/10,0,0,0,0
2014/01/13,0,0,0,0
2014/01/14,0,5000,-1000,4000
2014/01/15,0,320000,-10000,310000
2014/01/16,0,318000,0,318000
2014/01/17,0,169000,-5000,164000
2014/01/20,0,0,-2000,-2000
2014/01/21,0,0,-9000,-9000
2014/01/22,0,0,-15000,-15000
2014/01/23,0,0,0,0
2014/01/24,0,0,-1000,-1000
2014/01/27,0,0,-3000,-3000
2014/02/05,0,327000,-2000,325000
2014/02/06,0,0,0,0
2014/02/07,0,0,0,0
2014/02/10,0,10000,0,10000
2014/02/11,0,0,-4000,-4000
2014/02/12,0,222000,0,222000
2014/02/13,0,0,-2955,-2955
2014/02/14,0,0,0,0
2014/02/17,0,0,0,0
2014/02/18,0,0,-7000,-7000
2014/02/19,0,0,-50000,-50000
2014/02/20,0,0,-42000,-42000
2014/02/21,0,0,-14000,-14000
2014/02/24,0,0,-10000,-10000
2014/02/25,0,0,0,0
2014/02/26,0,0,0,0
2014/02/27,0,0,-9000,-9000
2014/03/03,0,0,-5000,-5000
2014/03/04,0,0,0,0
2014/03/05,0,1000,0,1000
2014/03/06,0,0,-36000,-36000
2014/03/07,0,0,-5000,-5000
2014/03/10,0,0,-33000,-33000
2014/03/11,0,0,-8000,-8000
2014/03/12,0,293000,-3000,290000
2014/03/13,0,219000,0,219000
2014/03/14,0,0,-5000,-5000
2014/03/17,0,0,-3000,-3000
2014/03/18,0,0,-1000,-1000
2014/03/19,0,0,0,0
2014/03/20,0,0,0,0
2014/03/21,0,0,-18000,-18000
2014/03/24,0,0,0,0
2014/03/25,0,0,0,0
2014/03/26,0,0,0,0
2014/03/27,0,0,0,0
2014/03/28,0,0,-8000,-8000
2014/03/31,0,0,0,0
2014/04/01,0,0,-91000,-91000
2014/04/02,0,0,0,0
2014/04/03,0,0,-159000,-159000
2014/04/07,0,0,-34000,-34000
2014/04/08,0,0,0,0
2014/04/09,0,0,0,0
2014/04/10,0,22144,0,22144
2014/04/11,0,0,0,0
2014/04/14,0,0,-802000,-802000
2014/04/15,0,0,0,0
2014/04/16,0,0,-2000,-2000
2014/04/17,0,0,-21000,-21000
2014/04/18,0,0,-2000,-2000
2014/04/21,0,33000,-3000,30000
2014/04/22,0,0,-4000,-4000
2014/04/23,0,0,-10000,-10000
2014/04/24,0,0,0,0
2014/04/25,0,0,-298000,-298000
2014/04/28,0,0,0,0
2014/04/29,0,0,0,0
2014/04/30,0,6000,-740000,-734000
2014/05/02,0,0,-364000,-364000
2014/05/05,0,0,0,0
2014/05/06,0,0,0,0
2014/05/07,0,0,0,0
2014/05/08,0,0,0,0
2014/05/09,0,0,-3000,-3000
2014/05/12,0,0,0,0
2014/05/13,0,0,-2000,-2000
2014/05/14,0,0,0,0
2014/05/15,0,0,0,0
2014/05/16,0,0,0,0
2014/05/19,0,0,-5000,-5000
2014/05/20,0,0,0,0
2014/05/21,0,0,-1000,-1000
2014/05/22,0,0,0,0
2014/05/23,0,0,0,0
2014/05/26,0,0,-45000,-45000
2014/05/27,0,0,-48000,-48000
2014/05/28,0,0,-2000,-2000
2014/05/29,0,0,-10000,-10000
2014/05/30,0,679000,-2000,677000
2014/06/03,0,0,0,0
2014/06/04,0,0,0,0
2014/06/05,0,0,0,0
2014/06/06,0,0,-15000,-15000
2014/06/09,0,0,-4000,-4000
2014/06/10,0,0,-18000,-18000
2014/06/11,0,0,-34000,-34000
2014/06/12,0,12000,-25000,-13000
2014/06/13,0,0,-28000,-28000
2014/06/16,0,0,-34000,-34000
2014/06/17,0,0,0,0
2014/06/18,0,3000,0,3000
2014/06/19,0,0,0,0
2014/06/20,0,0,-9000,-9000
2014/06/23,0,0,0,0
2014/06/24,0,0,-107000,-107000
2014/06/25,0,0,-11000,-11000
2014/06/26,0,0,0,0
2014/06/27,0,0,0,0
2014/06/30,0,0,-19000,-19000
2014/07/01,0,0,0,0
2014/07/02,0,1310,0,1310
2014/07/03,0,0,-25000,-25000
2014/07/04,0,0,0,0
2014/07/07,0,0,0,0
2014/07/08,0,637000,0,637000
2014/07/09,0,680000,0,680000
2014/07/10,0,0,0,0
2014/07/11,0,0,0,0
2014/07/14,0,0,0,0
2014/07/15,0,0,-26000,-26000
2014/07/16,0,0,0,0
2014/07/17,0,51000,0,51000
2014/07/18,0,25000,0,25000
2014/07/21,0,0,0,0
2014/07/22,0,39000,0,39000
2014/07/23,0,0,0,0
2014/07/24,0,40000,0,40000
2014/07/25,0,12000,0,12000
2014/07/28,0,0,-680000,-680000
2014/07/29,0,41000,0,41000
2014/07/30,0,29000,-8000,21000
2014/07/31,0,80000,0,80000
2014/08/01,0,57000,0,57000
2014/08/04,0,0,-1000,-1000
2014/08/05,0,0,0,0
2014/08/06,0,16000,0,16000
2014/08/07,0,76000,0,76000
2014/08/08,0,102000,0,102000
2014/08/11,0,34000,0,34000
2014/08/12,0,1000,-632000,-631000
2014/08/13,0,16000,0,16000
2014/08/14,0,46000,0,46000
2014/08/15,0,18000,0,18000
2014/08/18,0,37000,0,37000
2014/08/19,0,14000,0,14000
2014/08/20,0,11000,0,11000
2014/08/21,0,219000,0,219000
2014/08/22,0,0,0,0
2014/08/25,0,0,0,0
2014/08/26,0,3000,0,3000
2014/08/27,0,4000,0,4000
2014/08/28,0,54000,-26000,28000
2014/08/29,0,3000,-3000,0
2014/09/01,0,0,0,0
2014/09/02,0,0,0,0
2014/09/03,0,40000,0,40000
2014/09/04,0,32000,0,32000
2014/09/05,0,47000,0,47000
2014/09/09,0,22000,0,22000
2014/09/10,0,0,0,0
2014/09/11,0,66000,0,66000
2014/09/12,0,54000,0,54000
2014/09/15,0,33000,0,33000
2014/09/16,0,46000,0,46000
2014/09/17,0,25000,-2000,23000
2014/09/18,0,0,0,0
2014/09/19,0,0,0,0
2014/09/22,0,49661,0,49661
2014/09/23,0,38000,0,38000
2014/09/24,0,8000,0,8000
2014/09/25,0,0,0,0
2014/09/26,0,0,0,0
2014/09/29,0,0,0,0
2014/09/30,0,74000,0,74000
2014/10/01,0,0,0,0
2014/10/02,0,5000,0,5000
2014/10/03,0,0,0,0
2014/10/06,0,19000,-3000,16000
2014/10/07,0,6000,0,6000
2014/10/08,0,4000,0,4000
2014/10/09,0,0,-2000,-2000
2014/10/13,0,0,0,0
2014/10/14,0,0,0,0
2014/10/15,0,14000,0,14000
2014/10/16,0,0,0,0
2014/10/17,0,9000,0,9000
2014/10/20,0,0,0,0
2014/10/21,0,337000,0,337000
2014/10/22,0,0,0,0
2014/10/23,0,58000,0,58000
2014/10/24,0,0,0,0
2014/10/27,0,0,0,0
2014/10/28,0,0,0,0
2014/10/29,0,8000,0,8000
2014/10/30,0,0,0,0
2014/10/31,0,0,-10000,-10000
2014/11/03,0,0,-8254,-8254
2014/11/04,0,0,0,0
2014/11/05,0,0,0,0
2014/11/06,0,0,0,0
2014/11/07,0,0,-127000,-127000
2014/11/10,0,0,0,0
2014/11/11,0,61000,0,61000
2014/11/12,0,29000,0,29000
2014/11/13,0,0,0,0
2014/11/14,0,0,0,0
2014/11/17,0,0,0,0
2014/11/18,0,0,0,0
2014/11/19,0,0,0,0
2014/11/20,0,11000,0,11000
2014/11/21,0,0,0,0
2014/11/24,0,0,0,0
2014/11/25,0,51000,-3000,48000
2014/11/26,0,0,-2000,-2000
2014/11/27,0,0,-9000,-9000
2014/11/28,0,0,0,0
2014/12/01,0,0,0,0
2014/12/02,0,0,0,0
2014/12/03,0,0,-72000,-72000
2014/12/04,0,0,0,0
2014/12/05,0,0,-66000,-66000
2014/12/08,0,0,-8000,-8000
2014/12/09,0,0,0,0
2014/12/10,0,0,-23000,-23000
2014/12/11,0,0,-7491,-7491
2014/12/12,0,0,0,0
2014/12/15,0,0,0,0
2014/12/16,0,6000,-47000,-41000
2014/12/17,0,0,0,0
2014/12/18,0,0,0,0
2014/12/19,0,0,-37000,-37000
2014/12/22,0,0,0,0
2014/12/23,0,0,0,0
2014/12/24,0,0,0,0
2014/12/25,0,0,-300000,-300000
2014/12/26,0,0,0,0
2014/12/29,0,0,0,0
2014/12/30,0,0,-8000,-8000
2014/12/31,0,0,0,0
2015/01/01,0,0,0,0
2015/01/02,0,0,0,0
2015/01/05,0,0,0,0
2015/01/06,0,0,0,0
2015/01/07,0,0,-3000,-3000
2015/01/08,0,0,0,0
2015/01/09,0,0,0,0
2015/01/12,0,0,0,0
2015/01/13,0,0,0,0
2015/01/14,0,0,-8000,-8000
2015/01/15,0,0,0,0
2015/01/16,0,0,0,0
2015/01/19,0,0,0,0
2015/01/20,0,0,0,0
2015/01/21,0,0,0,0
2015/01/22,0,0,-553000,-553000
2015/01/23,0,0,-11000,-11000
2015/01/26,0,0,0,0
2015/01/27,0,0,0,0
2015/01/28,0,0,0,0
2015/01/29,0,0,0,0
2015/01/30,0,0,-24000,-24000
2015/02/02,0,0,0,0
2015/02/03,0,0,0,0
2015/02/04,0,0,0,0
2015/02/05,0,0,0,0
2015/02/06,0,0,0,0
2015/02/09,0,0,0,0
2015/02/10,0,0,0,0
2015/02/11,0,0,0,0
2015/02/12,0,0,-8000,-8000
2015/02/13,0,0,-11000,-11000
2015/02/16,0,0,0,0
2015/02/17,0,0,0,0
2015/02/18,0,0,0,0
2015/02/19,0,0,0,0
2015/02/20,0,0,0,0
2015/02/23,0,0,0,0
2015/02/24,0,0,0,0
2015/02/25,0,0,0,0
2015/02/26,0,0,-33000,-33000
2015/02/27,0,0,0,0
2015/03/02,0,0,0,0
2015/03/03,0,0,-2000,-2000
2015/03/04,0,159000,0,159000
2015/03/05,0,0,-8000,-8000
2015/03/06,0,0,0,0
2015/03/09,0,0,-6000,-6000
2015/03/10,0,0,0,0
2015/03/11,0,0,0,0
2015/03/12,0,2984,-2000,984
2015/03/13,0,0,0,0
2015/03/16,0,274000,0,274000
2015/03/17,0,0,-5000,-5000
2015/03/18,0,0,0,0
2015/03/19,0,0,-5000,-5000
2015/03/20,0,0,-6000,-6000
2015/03/23,0,0,-4000,-4000
2015/03/24,0,0,-23000,-23000
2015/03/25,0,0,-3000,-3000
2015/03/26,0,0,0,0
2015/03/27,0,0,0,0
2015/03/30,0,0,0,0
2015/03/31,0,0,0,0
2015/04/01,0,0,0,0
2015/04/02,0,0,0,0
2015/04/03,0,0,0,0
2015/04/06,0,0,0,0
2015/04/07,0,0,0,0
2015/04/08,0,0,0,0
2015/04/09,0,0,0,0
2015/04/10,0,0,0,0
2015/04/13,0,0,0,0
2015/04/14,0,0,-9000,-9000
2015/04/15,0,33000,-323000,-290000
2015/04/16,0,0,0,0
2015/04/17,0,0,0,0
2015/04/20,0,0,-5000,-5000
2015/04/21,0,0,0,0
2015/04/22,0,0,0,0
2015/04/23,0,0,0,0
2015/04/24,0,0,0,0
2015/04/27,0,0,0,0
2015/04/28,0,0,-6000,-6000
2015/04/29,0,0,-7000,-7000
2015/04/30,0,0,-2000,-2000
2015/05/01,0,0,0,0
2015/05/04,0,0,0,0
2015/05/05,0,0,-5000,-5000
2015/05/06,0,0,0,0
2015/05/07,0,0,-1280000,-1280000
2015/05/08,0,0,0,0
2015/05/11,0,2000,-662000,-660000
2015/05/12,0,0,0,0
2015/05/13,0,0,-2000,-2000
2015/05/14,0,4000,0,4000
2015/05/15,0,0,-1387701,-1387701
2015/05/18,0,0,0,0
2015/05/19,0,0,0,0
2015/05/20,0,11000,0,11000
2015/05/21,0,0,0,0
2015/05/22,0,0,0,0
2015/05/25,0,0,0,0
2015/05/26,0,0,0,0
2015/05/27,0,0,-516000,-516000
2015/05/28,0,8000,0,8000
2015/05/29,0,0,-13000,-13000
2015/06/01,0,0,0,0
2015/06/02,0,0,0,0
2015/06/03,0,0,-3000,-3000
2015/06/04,0,30000,-3732,26268
2015/06/05,0,0,-9000,-9000
2015/06/08,0,0,0,0
2015/06/09,0,0,0,0
2015/06/10,0,0,-23000,-23000
2015/06/11,0,0,0,0
2015/06/12,0,0,-12000,-12000
2015/06/15,0,0,0,0
2015/06/16,0,0,-3000,-3000
2015/06/17,0,20000,0,20000
2015/06/18,0,54000,0,54000
2015/06/19,0,0,0,0
2015/06/22,0,0,-61000,-61000
2015/06/23,0,833000,0,833000
2015/06/24,0,0,-5000,-5000
2015/06/25,0,0,0,0
2015/06/26,0,0,-27000,-27000
2015/06/29,0,0,-2000,-2000
2015/06/30,0,865000,0,865000
2015/07/01,0,0,0,0
2015/07/02,0,0,0,0
2015/07/03,0,0,-2000,-2000
2015/07/06,0,0,0,0
2015/07/07,0,0,0,0
2015/07/08,0,0,0,0
2015/07/09,0,5000,-19000,-14000
2015/07/10,0,0,0,0
2015/07/13,0,0,-1000,-1000
2015/07/14,0,0,0,0
2015/07/15,0,48000,0,48000
2015/07/16,0,2000,0,2000
2015/07/17,0,296000,0,296000
2015/07/20,0,0,0,0
2015/07/21,0,4000,0,4000
2015/07/22,0,0,0,0
2015/07/23,0,4000,0,4000
2015/07/24,0,154000,-2000,152000
2015/07/27,0,19000,0,19000
2015/07/28,0,87000,0,87000
2015/07/29,0,16000,0,16000
2015/07/30,0,18000,0,18000
2015/07/31,0,8000,0,8000
2015/08/03,0,29000,0,29000
2015/08/04,0,13000,0,13000
2015/08/05,0,8000,0,8000
2015/08/06,0,45000,0,45000
2015/08/07,0,2000,0,2000
2015/08/10,0,8000,0,8000
2015/08/11,0,10000,0,10000
2015/08/12,0,1000,0,1000
2015/08/13,0,22000,0,22000
2015/08/14,0,0,0,0
2015/08/17,0,6000,0,6000
2015/08/18,0,1000,0,1000
2015/08/19,0,0,-909000,-909000
2015/08/20,0,4000,0,4000
2015/08/21,0,0,0,0
2015/08/24,0,0,-590,-590
2015/08/25,0,494,0,494
2015/08/26,0,0,0,0
2015/08/27,0,36000,0,36000
2015/08/28,0,9000,0,9000
2015/08/31,0,5000,-88000,-83000
2015/09/01,0,97000,-105000,-8000
2015/09/02,0,0,0,0
2015/09/03,0,87000,0,87000
2015/09/04,0,3000,-3000,0
2015/09/07,0,53000,0,53000
2015/09/08,0,33000,0,33000
2015/09/09,0,1000,0,1000
2015/09/10,0,0,0,0
2015/09/11,0,29000,0,29000
2015/09/14,0,14000,0,14000
2015/09/15,0,15000,0,15000
2015/09/16,0,0,0,0
2015/09/17,0,0,0,0
2015/09/18,0,2000,-10000,-8000
2015/09/21,0,20000,-466000,-446000
2015/09/22,0,7190,0,7190
2015/09/23,0,0,-36363,-36363
2015/09/24,0,0,0,0
2015/09/25,0,1000,0,1000
2015/09/28,0,0,0,0
2015/09/29,0,0,0,0
2015/09/30,0,0,0,0
2015/10/01,0,18000,-13000,5000
2015/10/02,0,33000,0,33000
2015/10/05,0,0,0,0
2015/10/06,0,5000,0,5000
2015/10/07,0,9000,0,9000
2015/10/08,0,0,0,0
2015/10/09,0,0,0,0
2015/10/12,0,0,0,0
2015/10/13,0,0,0,0
2015/10/14,0,0,0,0
2015/10/15,0,0,0,0
2015/10/16,0,19000,0,19000
2015/10/19,0,0,0,0
2015/10/20,0,0,0,0
2015/10/21,0,730000,0,730000
2015/10/22,0,0,0,0
2015/10/23,0,0,0,0
2015/10/26,0,0,0,0
2015/10/27,0,0,0,0
2015/10/28,0,0,0,0
2015/10/29,0,0,0,0
2015/10/30,0,0,-6000,-6000
2015/11/02,0,0,0,0
2015/11/03,0,17000,0,17000
2015/11/04,0,38000,0,38000
2015/11/05,0,1000,0,1000
2015/11/06,0,0,0,0
2015/11/09,0,5000,0,5000
2015/11/10,0,0,0,0
2015/11/11,0,0,0,0
2015/11/12,0,0,0,0
2015/11/13,0,0,0,0
2015/11/16,0,0,0,0
2015/11/17,0,0,-26000,-26000
2015/11/18,0,2000,-730000,-728000
2015/11/19,0,0,0,0
2015/11/20,0,0,0,0
2015/11/23,0,0,-4000,-4000
2015/11/24,0,0,0,0
2015/11/25,0,0,0,0
2015/11/26,0,0,0,0
2015/11/27,0,0,0,0
2015/11/30,0,1000,-9000,-8000
2015/12/01,0,0,0,0
2015/12/02,0,0,0,0
2015/12/03,0,0,0,0
2015/12/04,0,0,0,0
2015/12/07,0,0,0,0
2015/12/08,0,0,0,0
2015/12/09,0,1000,0,1000
2015/12/10,0,0,0,0
2015/12/11,0,0,0,0
2015/12/14,0,0,-2854,-2854
2015/12/15,0,0,0,0
2015/12/16,0,0,-6000,-6000
2015/12/17,0,0,0,0
2015/12/18,0,1000,0,1000
2015/12/21,0,0,0,0
2015/12/22,0,0,0,0
2015/12/23,0,0,0,0
2015/12/24,0,0,0,0
2015/12/25,0,0,0,0
2015/12/28,0,0,-134000,-134000
2015/12/29,0,0,-149000,-149000
2015/12/30,0,0,0,0
2015/12/31,0,0,0,0
2016/01/01,0,0,0,0
2016/01/04,0,0,0,0
2016/01/05,0,0,-12000,-12000
2016/01/06,0,1000,0,1000
2016/01/07,0,0,0,0
2016/01/08,0,0,0,0
2016/01/11,0,0,0,0
2016/01/12,0,0,-3000,-3000
2016/01/13,0,0,-4000,-4000
2016/01/14,0,0,0,0
2016/01/15,0,2000,-5000,-3000
2016/01/18,0,0,0,0
2016/01/19,0,0,0,0
2016/01/20,0,0,-5000,-5000
2016/01/21,0,0,0,0
2016/01/22,0,0,0,0
2016/01/25,0,0,0,0
2016/01/26,0,2000,0,2000
2016/01/27,0,0,0,0
2016/01/28,0,0,-4000,-4000
2016/01/29,0,4000,0,4000
2016/02/01,0,0,0,0
2016/02/02,0,0,0,0
2016/02/03,0,0,0,0
2016/02/04,0,0,0,0
2016/02/05,0,0,0,0
2016/02/08,0,0,0,0
2016/02/09,0,0,0,0
2016/02/10,0,0,0,0
2016/02/11,0,0,0,0
2016/02/12,0,0,0,0
2016/02/15,0,0,-4758,-4758
2016/02/16,0,0,0,0
2016/02/17,0,4000,-2000,2000
2016/02/18,0,0,0,0
2016/02/19,0,13000,0,13000
2016/02/22,0,0,0,0
2016/02/23,0,0,0,0
2016/02/24,0,0,0,0
2016/02/25,0,0,0,0
2016/02/26,0,0,-14000,-14000
2016/02/29,0,0,0,0
2016/03/01,0,0,0,0
2016/03/02,0,0,-48815,-48815
2016/03/03,0,0,0,0
2016/03/04,0,0,0,0
2016/03/07,0,0,0,0
2016/03/08,0,0,-7000,-7000
2016/03/09,0,0,-10000,-10000
2016/03/10,0,0,0,0
2016/03/11,0,0,0,0
2016/03/14,0,0,0,0
2016/03/15,0,1000,0,1000
2016/03/16,0,0,-1000,-1000
2016/03/17,0,0,0,0
2016/03/18,0,0,-2000,-2000
2016/03/21,0,0,0,0
2016/03/22,0,0,0,0
2016/03/23,0,0,-9000,-9000
2016/03/24,0,0,0,0
2016/03/25,0,0,0,0
2016/03/28,0,2000,0,2000
2016/03/29,0,1000,0,1000
2016/03/30,0,0,0,0
2016/03/31,0,0,0,0
2016/04/01,0,0,0,0
2016/04/04,0,0,0,0
2016/04/05,0,0,0,0
2016/04/06,0,0,0,0
2016/04/07,0,0,-1000,-1000
2016/04/08,0,0,0,0
2016/04/11,0,0,0,0
2016/04/12,0,2000,0,2000
2016/04/13,0,0,0,0
2016/04/14,0,0,0,0
2016/04/15,0,0,-86770,-86770
2016/04/18,0,0,0,0
2016/04/19,0,0,0,0
2016/04/20,0,2000,-3000,-1000
2016/04/21,0,0,0,0
2016/04/22,0,0,0,0
2016/04/25,0,0,-5000,-5000
2016/04/26,0,0,0,0
2016/04/27,0,0,0,0
2016/04/28,0,0,0,0
2016/04/29,0,0,0,0
2016/05/02,0,0,0,0
2016/05/03,0,0,0,0
2016/05/04,0,0,0,0
2016/05/05,0,3000,0,3000
2016/05/06,0,0,0,0
2016/05/09,0,0,0,0
2016/05/10,0,3355,0,3355
2016/05/11,0,0,0,0
2016/05/12,0,0,0,0
2016/05/13,0,1000,0,1000
2016/05/16,0,0,0,0
2016/05/17,0,0,0,0
2016/05/18,0,0,0,0
2016/05/19,0,0,0,0
2016/05/20,0,0,0,0
2016/05/23,0,0,0,0
2016/05/24,0,0,0,0
2016/05/25,0,0,0,0
2016/05/26,0,0,-21000,-21000
2016/05/27,0,0,0,0
2016/05/30,0,0,0,0
2016/05/31,0,0,-45000,-45000
2016/06/01,0,0,0,0
2016/06/02,0,0,0,0
2016/06/03,0,1000,0,1000
2016/06/06,0,0,0,0
2016/06/07,0,0,0,0
2016/06/08,0,0,0,0
2016/06/09,0,0,0,0
2016/06/10,0,0,0,0
2016/06/13,0,0,0,0
2016/06/14,0,0,0,0
2016/06/15,0,0,0,0
2016/06/16,0,0,0,0
2016/06/17,0,32000,0,32000
2016/06/20,0,0,0,0
2016/06/21,0,0,0,0
2016/06/22,0,0,0,0
2016/06/23,0,0,0,0
2016/06/24,0,0,-41000,-41000
2016/06/27,0,0,0,0
2016/06/28,0,4000,0,4000
2016/06/29,0,0,0,0
2016/06/30,0,2000,0,2000
2016/07/01,0,0,0,0
2016/07/04,0,0,0,0
2016/07/05,0,0,0,0
2016/07/06,0,0,0,0
2016/07/07,0,0,0,0
2016/07/08,0,0,0,0
2016/07/11,0,0,0,0
2016/07/12,0,0,0,0
2016/07/13,0,0,0,0
2016/07/14,0,37000,-7000,30000
2016/07/15,0,0,0,0
2016/07/18,0,0,0,0
2016/07/19,0,0,-4000,-4000
2016/07/20,0,0,0,0
2016/07/21,0,1000,-5000,-4000
2016/07/22,0,0,-27000,-27000
2016/07/25,0,0,0,0
2016/07/26,0,0,0,0
2016/07/27,0,3000,0,3000
2016/07/28,0,3000,0,3000
2016/07/29,0,1578,0,1578
2016/08/01,0,0,0,0
2016/08/02,0,0,-8000,-8000
2016/08/03,0,0,0,0
2016/08/04,0,0,-8000,-8000
2016/08/05,0,0,0,0
2016/08/08,0,2000,-2000,0
2016/08/09,0,0,-1000,-1000
2016/08/10,0,2000,0,2000
2016/08/11,0,9000,-1000,8000
2016/08/12,0,1000,-144000,-143000
2016/08/15,0,21000,0,21000
2016/08/16,0,0,0,0
2016/08/17,0,4000,0,4000
2016/08/18,0,0,0,0
2016/08/19,0,3000,-1000,2000
2016/08/22,0,0,0,0
2016/08/23,0,0,-2000,-2000
2016/08/24,0,0,0,0
2016/08/25,0,0,-3000,-3000
2016/08/26,0,2000,0,2000
2016/08/29,0,0,-2000,-2000
2016/08/30,0,0,-3000,-3000
2016/08/31,0,92000,-2000,90000
2016/09/01,0,0,0,0
2016/09/02,0,0,0,0
2016/09/05,0,0,-5000,-5000
2016/09/06,0,0,0,0
2016/09/07,0,0,0,0
2016/09/08,0,0,-11000,-11000
2016/09/09,0,1000,0,1000
2016/09/12,0,0,0,0
2016/09/13,0,7000,0,7000
2016/09/14,0,0,-5000,-5000
2016/09/15,0,0,0,0
2016/09/16,0,0,0,0
2016/09/19,0,0,0,0
2016/09/20,0,0,0,0
2016/09/21,0,0,0,0
2016/09/22,0,0,0,0
2016/09/23,0,0,0,0
2016/09/26,0,0,0,0
2016/09/27,0,0,0,0
2016/09/28,0,0,0,0
2016/09/29,0,0,0,0
2016/09/30,0,1460,0,1460
2016/10/03,0,0,0,0
2016/10/04,0,0,0,0
2016/10/05,0,0,0,0
2016/10/06,0,0,0,0
2016/10/07,0,0,0,0
2016/10/10,0,0,0,0
2016/10/11,0,2000,0,2000
2016/10/12,0,0,-2000,-2000
2016/10/13,0,3000,0,3000
2016/10/14,0,0,0,0
2016/10/17,0,0,0,0
2016/10/18,0,0,0,0
2016/10/19,0,0,0,0
2016/10/20,0,0,0,0
2016/10/21,0,0,0,0
2016/10/24,0,0,0,0
2016/10/25,0,0,0,0
2016/10/26,0,0,0,0
2016/10/27,0,0,0,0
2016/10/28,0,0,0,0
2016/10/31,0,0,0,0
2016/11/01,0,0,-4000,-4000
2016/11/02,0,3019,0,3019
2016/11/03,0,0,0,0
2016/11/04,0,0,0,0
2016/11/07,0,0,0,0
2016/11/08,0,0,0,0
2016/11/09,0,0,0,0
2016/11/10,0,0,0,0
2016/11/11,0,0,0,0
2016/11/14,0,0,0,0
2016/11/15,0,0,0,0
2016/11/16,0,0,0,0
2016/11/17,0,0,0,0
2016/11/18,0,0,0,0
2016/11/21,0,0,0,0
2016/11/22,0,12000,0,12000
2016/11/23,0,0,0,0
2016/11/24,0,0,0,0
2016/11/25,0,0,0,0
2016/11/28,0,0,0,0
2016/11/29,0,38000,0,38000
2016/11/30,0,1000,-2000,-1000
2016/12/01,0,10000,0,10000
2016/12/02,0,0,0,0
2016/12/05,0,0,0,0
2016/12/06,0,0,0,0
2016/12/07,0,0,0,0
2016/12/08,0,0,0,0
2016/12/09,0,0,0,0
2016/12/12,0,0,0,0
2016/12/13,0,0,0,0
2016/12/14,0,0,0,0
2016/12/15,0,0,0,0
2016/12/16,0,0,-16000,-16000
2016/12/19,0,0,0,0
2016/12/20,0,0,0,0
2016/12/21,0,0,0,0
2016/12/22,0,0,0,0
2016/12/23,0,0,0,0
2016/12/26,0,0,0,0
2016/12/27,0,0,0,0
2016/12/28,0,0,0,0
2016/12/29,0,0,0,0
2016/12/30,0,0,0,0
2017/01/02,0,0,0,0
2017/01/03,0,0,0,0
2017/01/04,0,0,0,0
2017/01/05,0,0,0,0
2017/01/06,0,0,0,0
2017/01/09,0,0,0,0
2017/01/10,0,0,0,0
2017/01/11,0,0,0,0
2017/01/12,0,0,0,0
2017/01/13,0,0,0,0
2017/01/16,0,0,0,0
2017/01/17,0,0,0,0
2017/01/18,0,0,0,0
2017/01/19,0,1000,0,1000
2017/01/20,0,0,0,0
2017/01/23,0,1771,0,1771
2017/01/24,0,12000,0,12000
2017/01/25,0,0,0,0
2017/01/26,0,0,0,0
2017/01/27,0,0,0,0
2017/01/30,0,0,0,0
2017/01/31,0,0,0,0
2017/02/01,0,0,0,0
2017/02/02,0,0,0,0
2017/02/03,0,0,0,0
2017/02/06,0,0,0,0
2017/02/07,0,0,0,0
2017/02/08,0,776000,-1000,775000
2017/02/09,0,3000,0,3000
2017/02/10,0,0,0,0
2017/02/13,0,0,0,0
2017/02/14,0,4000,0,4000
2017/02/15,0,0,0,0
2017/02/16,0,0,0,0
2017/02/17,0,3000,0,3000
2017/02/20,0,0,0,0
2017/02/21,0,0,0,0
2017/02/22,0,0,0,0
2017/02/23,0,3000,0,3000
2017/02/24,0,1000,-1000,0
2017/02/27,0,0,0,0
2017/02/28,0,0,0,0
2017/03/01,0,0,0,0
2017/03/02,0,0,0,0
2017/03/03,0,6000,0,6000
2017/03/06,0,0,0,0
2017/03/07,0,0,0,0
2017/03/08,0,0,0,0
2017/03/09,0,0,0,0
2017/03/10,0,0,0,0
2017/03/13,0,0,0,0
2017/03/14,0,0,0,0
2017/03/15,0,0,0,0
2017/03/16,0,0,0,0
2017/03/17,0,3000,-17000,-14000
2017/03/20,0,0,0,0
2017/03/21,0,0,0,0
2017/03/22,0,0,0,0
2017/03/23,0,0,0,0
2017/03/24,0,3000,0,3000
2017/03/27,0,0,0,0
2017/03/28,0,0,0,0
2017/03/29,0,0,-2000,-2000
2017/03/30,0,0,0,0
2017/03/31,0,0,0,0
2017/04/03,0,0,0,0
2017/04/04,0,0,0,0
2017/04/05,0,0,0,0
2017/04/06,0,0,0,0
2017/04/07,0,6000,0,6000
2017/04/10,0,4000,0,4000
2017/04/11,0,0,0,0
2017/04/12,0,0,0,0
2017/04/13,0,0,-1000,-1000
2017/04/14,0,0,0,0
2017/04/17,0,0,0,0
2017/04/18,0,4000,0,4000
2017/04/19,0,0,0,0
2017/04/20,0,4000,0,4000
2017/04/21,0,0,0,0
2017/04/24,0,0,0,0
2017/04/25,0,0,-541,-541
2017/04/26,0,4000,0,4000
2017/04/27,0,4000,-9000,-5000
2017/04/28,0,0,0,0
2017/05/01,0,0,0,0
2017/05/02,0,0,-1000,-1000
2017/05/03,0,0,0,0
2017/05/04,0,0,0,0
2017/05/05,0,0,-1552000,-1552000
2017/05/08,0,0,0,0
2017/05/09,0,0,0,0
2017/05/10,0,0,0,0
2017/05/11,0,0,0,0
2017/05/12,0,0,0,0
2017/05/15,0,403000,0,403000
2017/05/16,0,1179000,-5000,1174000
2017/05/17,0,0,0,0
2017/05/18,0,0,-10000,-10000
2017/05/19,0,0,0,0
2017/05/22,0,0,-4000,-4000
2017/05/23,0,0,0,0
2017/05/24,0,0,0,0
2017/05/25,0,0,-9000,-9000
2017/05/26,0,0,-56000,-56000
2017/05/29,0,0,0,0
2017/05/30,0,0,0,0
2017/05/31,0,15000,0,15000
2017/06/01,0,0,0,0
2017/06/02,0,0,-39000,-39000
2017/06/05,0,0,-17000,-17000
2017/06/06,0,0,0,0
2017/06/07,0,0,-14000,-14000
2017/06/08,0,0,-6000,-6000
2017/06/09,0,0,-15000,-15000
2017/06/12,0,0,0,0
2017/06/13,0,0,0,0
2017/06/14,0,0,-4000,-4000
2017/06/15,0,0,0,0
2017/06/16,0,0,-18000,-18000
2017/06/19,0,0,-24000,-24000
2017/06/20,0,5000,-29000,-24000
2017/06/21,0,0,0,0
2017/06/22,0,0,0,0
2017/06/23,0,0,-10000,-10000
2017/06/26,0,0,-15000,-15000
2017/06/27,0,0,-42000,-42000
2017/06/28,0,0,0,0
2017/06/29,0,0,-5000,-5000
2017/06/30,0,0,-2000,-2000
2017/07/03,0,0,0,0
2017/07/04,0,3000,-10000,-7000
2017/07/05,0,0,0,0
2017/07/06,0,0,0,0
2017/07/07,0,0,0,0
2017/07/10,0,0,-9000,-9000
2017/07/11,0,0,0,0
2017/07/12,0,0,-20000,-20000
2017/07/13,0,1000,-22000,-21000
2017/07/14,0,0,-20000,-20000
2017/07/17,0,374000,-3119,370881
2017/07/18,0,328000,0,328000
2017/07/19,0,224000,0,224000
2017/07/20,0,225000,0,225000
2017/07/21,0,185000,-1000,184000
2017/07/24,0,112000,0,112000
2017/07/25,0,78000,0,78000
2017/07/26,0,1000,-4000,-3000
2017/07/27,0,0,0,0
2017/07/28,0,114000,0,114000
2017/07/31,0,0,0,0
2017/08/01,0,0,0,0
2017/08/02,0,0,-17000,-17000
2017/08/03,0,2000,0,2000
2017/08/04,0,25000,0,25000
2017/08/07,0,0,0,0
2017/08/08,0,5000,-10000,-5000
2017/08/09,0,0,0,0
2017/08/10,0,15000,0,15000
2017/08/11,0,10000,-4000,6000
2017/08/14,0,23000,-4000,19000
2017/08/15,0,0,-3000,-3000
2017/08/16,0,4000,0,4000
2017/08/17,0,0,0,0
2017/08/18,0,0,0,0
