Date,Open,Buy,Sell,Total
2007/01/02,0,6011000,-8641000,-2630000
2007/01/03,0,5953000,-7038000,-1085000
2007/01/04,0,2426000,-1550360,875640
2007/01/05,0,4581000,-10395947,-5814947
2007/01/08,0,2153000,-6133061,-3980061
2007/01/09,0,1242486,-4738000,-3495514
2007/01/10,0,10155000,-19553959,-9398959
2007/01/11,0,11189000,-10807978,381022
2007/01/12,0,2993000,-1677000,1316000
2007/01/15,0,6068000,-7828000,-1760000
2007/01/16,0,4050000,-6640515,-2590515
2007/01/17,0,6739000,-3410000,3329000
2007/01/18,0,5611000,-4829508,781492
2007/01/19,0,5099000,-2250000,2849000
2007/01/22,0,2774000,-4363966,-1589966
2007/01/23,0,5292000,-1701330,3590670
2007/01/24,0,7977000,-2383395,5593605
2007/01/25,0,2284000,-2040307,243693
2007/01/26,0,2728000,-4229000,-1501000
2007/01/29,0,1611000,-2871810,-1260810
2007/01/30,0,3025226,-5700095,-2674869
2007/01/31,0,1553000,-4134071,-2581071
2007/02/01,0,2205000,-6052000,-3847000
2007/02/02,0,2432000,-8912117,-6480117
2007/02/05,0,2089000,-10626541,-8537541
2007/02/06,0,3706000,-6307246,-2601246
2007/02/07,0,1341000,-762943,578057
2007/02/08,0,3645432,-4780000,-1134568
2007/02/09,0,4182000,-9482990,-5300990
2007/02/12,0,1145000,-1319000,-174000
2007/02/13,0,4467000,-3598000,869000
2007/02/14,0,7307000,-8973281,-1666281
2007/02/15,0,0,0,0
2007/02/16,0,0,0,0
2007/02/19,0,0,0,0
2007/02/20,0,0,0,0
2007/02/21,0,0,0,0
2007/02/22,0,0,0,0
2007/02/23,0,0,0,0
2007/02/26,0,9747000,-17310253,-7563253
2007/02/27,0,3718000,-9197509,-5479509
2007/02/28,0,0,0,0
2007/03/01,0,5369000,-22789000,-17420000
2007/03/02,0,6217000,-14648121,-8431121
2007/03/05,0,8984000,-8624000,360000
2007/03/06,0,10580000,-9960500,619500
2007/03/07,0,2464000,-10945973,-8481973
2007/03/08,0,1539000,-9609344,-8070344
2007/03/09,0,1042000,-2986397,-1944397
2007/03/12,0,5115000,-2249447,2865553
2007/03/13,0,2070000,-6751786,-4681786
2007/03/14,0,9107000,-30715114,-21608114
2007/03/15,0,11493000,-30485581,-18992581
2007/03/16,0,18644000,-17281666,1362334
2007/03/19,0,5934000,-3513000,2421000
2007/03/20,0,5914000,-17558831,-11644831
2007/03/21,0,4176000,-6558701,-2382701
2007/03/22,0,8897000,-21120705,-12223705
2007/03/23,0,14358000,-10416692,3941308
2007/03/26,0,5076000,-12510312,-7434312
2007/03/27,0,9401000,-5314493,4086507
2007/03/28,0,7538000,-13923719,-6385719
2007/03/29,0,7576000,-12209901,-4633901
2007/03/30,0,2589000,-7289993,-4700993
2007/04/02,0,1912089,-2746000,-833911
2007/04/03,0,1633000,-9478363,-7845363
2007/04/04,0,15805000,-12224550,3580450
2007/04/05,0,0,0,0
2007/04/06,0,0,0,0
2007/04/09,0,8457000,-4139000,4318000
2007/04/10,0,11796000,-866000,10930000
2007/04/11,0,13102000,-12225000,877000
2007/04/12,0,12999000,-11173777,1825223
2007/04/13,0,5248000,-822092,4425908
2007/04/16,0,2546000,-644059,1901941
2007/04/17,0,22136000,-6438367,15697633
2007/04/18,0,5193000,-4561026,631974
2007/04/19,0,8624000,-8347839,276161
2007/04/20,0,9286000,-5471540,3814460
2007/04/23,0,1718000,-293000,1425000
2007/04/24,0,5281100,-17544001,-12262901
2007/04/25,0,3247000,-7741000,-4494000
2007/04/26,0,7105000,-3802000,3303000
2007/04/27,0,7442000,-3688000,3754000
2007/04/30,0,6704000,-3885621,2818379
2007/05/01,0,0,0,0
2007/05/02,0,11127000,-5091000,6036000
2007/05/03,0,34039142,-17661563,16377579
2007/05/04,0,54827000,-12560000,42267000
2007/05/07,0,4929109,-1192000,3737109
2007/05/08,0,1280000,-1658000,-378000
2007/05/09,0,12927000,-4082000,8845000
2007/05/10,0,42767000,-11890000,30877000
2007/05/11,0,11580884,-15352126,-3771242
2007/05/14,0,19249000,-4590000,14659000
2007/05/15,0,10564000,-5449000,5115000
2007/05/16,0,11374000,-883902,10490098
2007/05/17,0,21895000,-5578870,16316130
2007/05/18,0,8946000,-1898000,7048000
2007/05/21,0,12592000,-7305403,5286597
2007/05/22,0,18518000,-14968407,3549593
2007/05/23,0,45842000,-13203000,32639000
2007/05/24,0,23163238,-15083238,8080000
2007/05/25,0,8505000,-5178000,3327000
2007/05/28,0,9239000,-4554756,4684244
2007/05/29,0,16633000,-15420839,1212161
2007/05/30,0,21481000,-14140762,7340238
2007/05/31,0,25699000,-20384721,5314279
2007/06/01,0,12298000,-6610000,5688000
2007/06/04,0,9715000,-8214000,1501000
2007/06/05,0,17036000,-18627000,-1591000
2007/06/06,0,9253000,-5003000,4250000
2007/06/07,0,5546000,-5672000,-126000
2007/06/08,0,13252452,-6434000,6818452
2007/06/11,0,23049000,-12301000,10748000
2007/06/12,0,22217000,-6908000,15309000
2007/06/13,0,10485000,-3353000,7132000
2007/06/14,0,11114333,-7526000,3588333
2007/06/15,0,18926667,-17732778,1193889
2007/06/18,0,0,0,0
2007/06/19,0,0,0,0
2007/06/20,0,74208000,-48955000,25253000
2007/06/21,0,49019300,-33730169,15289131
2007/06/22,0,7971000,-8955275,-984275
2007/06/25,0,55711000,-23441718,32269282
2007/06/26,0,22427000,-15010000,7417000
2007/06/27,0,14495000,-9970334,4524666
2007/06/28,0,10375000,-5894000,4481000
2007/06/29,0,11486000,-6866747,4619253
2007/07/02,0,7483600,-5257000,2226600
2007/07/03,0,14330000,-8846000,5484000
2007/07/04,0,4885000,-4214000,671000
2007/07/05,0,9331000,-7480000,1851000
2007/07/06,0,4447000,-5677636,-1230636
2007/07/09,0,6600203,-9821000,-3220797
2007/07/10,0,7248000,-8770000,-1522000
2007/07/11,0,3062000,-10194000,-7132000
2007/07/12,0,20974600,-13381518,7593082
2007/07/13,0,16639000,-20752411,-4113411
2007/07/16,0,3290205,-19826205,-16536000
2007/07/17,0,7126000,-10509000,-3383000
2007/07/18,0,10844501,-21816501,-10972000
2007/07/19,0,9050000,-14179000,-5129000
2007/07/20,0,8650000,-7601000,1049000
2007/07/23,0,7892000,-8240029,-348029
2007/07/24,0,31953000,-17997000,13956000
2007/07/25,0,14486000,-16140000,-1654000
2007/07/26,0,11223342,-15082566,-3859224
2007/07/27,0,18909000,-42808000,-23899000
2007/07/30,0,9601000,-32762000,-23161000
2007/07/31,0,40394000,-15427000,24967000
2007/08/01,0,21832720,-42302514,-20469794
2007/08/02,0,27501000,-59364000,-31863000
2007/08/03,0,15179973,-35964988,-20785015
2007/08/06,0,14465000,-23437022,-8972022
2007/08/07,0,16896000,-11298842,5597158
2007/08/08,0,13611000,-7619000,5992000
2007/08/09,0,26779000,-6739811,20039189
2007/08/10,0,13015000,-21104411,-8089411
2007/08/13,0,18270000,-32790000,-14520000
2007/08/14,0,13964300,-19437000,-5472700
2007/08/15,0,17684000,-39103300,-21419300
2007/08/16,0,14455412,-30026000,-15570588
2007/08/17,0,19265000,-37045963,-17780963
2007/08/20,0,9261000,-7948920,1312080
2007/08/21,0,21994000,-32902497,-10908497
2007/08/22,0,10030581,-24051313,-14020732
2007/08/23,0,32118202,-28860000,3258202
2007/08/24,0,15732000,-24432000,-8700000
2007/08/27,0,3764000,-12631000,-8867000
2007/08/28,0,8981000,-18092000,-9111000
2007/08/29,0,10849254,-34164000,-23314746
2007/08/30,0,5996706,-12830000,-6833294
2007/08/31,0,10750349,-14572000,-3821651
2007/09/03,0,2714000,-9367000,-6653000
2007/09/04,0,28518686,-34323600,-5804914
2007/09/05,0,5596000,-18831000,-13235000
2007/09/06,0,5555000,-29119971,-23564971
2007/09/07,0,4888000,-20278489,-15390489
2007/09/10,0,1916000,-16923000,-15007000
2007/09/11,0,4606000,-25395646,-20789646
2007/09/12,0,2552038,-17386000,-14833962
2007/09/13,0,1441000,-9295000,-7854000
2007/09/14,0,12111000,-9008022,3102978
2007/09/17,0,3229638,-7559347,-4329709
2007/09/18,0,0,0,0
2007/09/19,0,33079000,-33018161,60839
2007/09/20,0,7901000,-24105242,-16204242
2007/09/21,0,18021000,-79814858,-61793858
2007/09/24,0,0,0,0
2007/09/25,0,0,0,0
2007/09/26,0,7008181,-13779445,-6771264
2007/09/27,0,19231000,-31422616,-12191616
2007/09/28,0,19298000,-9686909,9611091
2007/10/01,0,29543000,-24851477,4691523
2007/10/02,0,25775883,-30872546,-5096663
2007/10/03,0,24498452,-17358851,7139601
2007/10/04,0,4985000,-29382810,-24397810
2007/10/05,0,9774000,-30240009,-20466009
2007/10/08,0,21772000,-20928118,843882
2007/10/09,0,10122000,-26535614,-16413614
2007/10/10,0,0,0,0
2007/10/11,0,7424000,-32730408,-25306408
2007/10/12,0,8398000,-27688947,-19290947
2007/10/15,0,2209000,-2856001,-647001
2007/10/16,0,7080000,-37813698,-30733698
2007/10/17,0,4625926,-20952281,-16326355
2007/10/18,0,4650000,-8052724,-3402724
2007/10/19,0,1633000,-673000,960000
2007/10/22,0,7107000,-11026879,-3919879
2007/10/23,0,6569000,-10125275,-3556275
2007/10/24,0,5504999,-20675931,-15170932
2007/10/25,0,30643683,-109702219,-79058536
2007/10/26,0,6705000,-12751276,-6046276
2007/10/29,0,14357000,-38035468,-23678468
2007/10/30,0,8300000,-14705716,-6405716
2007/10/31,0,6770000,-3666872,3103128
2007/11/01,0,9478000,-7410306,2067694
2007/11/02,0,5274000,-11809312,-6535312
2007/11/05,0,1571000,-27126000,-25555000
2007/11/06,0,3198000,-39330591,-36132591
2007/11/07,0,3177000,-36925349,-33748349
2007/11/08,0,14738000,-50967928,-36229928
2007/11/09,0,10771234,-19639623,-8868389
2007/11/12,0,510956,-25698171,-25187215
2007/11/13,0,11427000,-13358000,-1931000
2007/11/14,0,6676000,-12276737,-5600737
2007/11/15,0,14234000,-6118933,8115067
2007/11/16,0,29769000,-14879855,14889145
2007/11/19,0,16705000,-4305745,12399255
2007/11/20,0,4171000,-4439480,-268480
2007/11/21,0,6686000,-9766784,-3080784
2007/11/22,0,3164000,-8747011,-5583011
2007/11/23,0,1749000,-8168000,-6419000
2007/11/26,0,6669000,-19918130,-13249130
2007/11/27,0,8722190,-21501000,-12778810
2007/11/28,0,4129000,-7329408,-3200408
2007/11/29,0,5162721,-11213062,-6050341
2007/11/30,0,20712000,-10329539,10382461
2007/12/03,0,6231000,-849349,5381651
2007/12/04,0,15183665,-2858774,12324891
2007/12/05,0,6067532,-11695688,-5628156
2007/12/06,0,6445284,-9054391,-2609107
2007/12/07,0,6133750,-1665000,4468750
2007/12/10,0,11982000,-4473000,7509000
2007/12/11,0,5417000,-170000,5247000
2007/12/12,0,4588000,-25647819,-21059819
2007/12/13,0,11192000,-13699175,-2507175
2007/12/14,0,2337000,-11577223,-9240223
2007/12/17,0,2126000,-5302892,-3176892
2007/12/18,0,12878000,-4498474,8379526
2007/12/19,0,7617000,-4940000,2677000
2007/12/20,0,5144000,-2552631,2591369
2007/12/21,0,4061902,-12627467,-8565565
2007/12/24,0,1402000,-729000,673000
2007/12/25,0,1999000,-739000,1260000
2007/12/26,0,3318000,-4173000,-855000
2007/12/27,0,7341000,-5186505,2154495
2007/12/28,0,4587000,-8082000,-3495000
2007/12/31,0,946000,-3848000,-2902000
2008/01/01,0,0,0,0
2008/01/02,0,264000,-8869984,-8605984
2008/01/03,0,8151000,-9670077,-1519077
2008/01/04,0,5547000,-16945473,-11398473
2008/01/07,0,6084000,-7630139,-1546139
2008/01/08,0,2782000,-27789000,-25007000
2008/01/09,0,5176000,-17189611,-12013611
2008/01/10,0,2191336,-8606000,-6414664
2008/01/11,0,4183636,-39696000,-35512364
2008/01/14,0,32698163,-32309896,388267
2008/01/15,0,18905000,-18278432,626568
2008/01/16,0,22880000,-44984032,-22104032
2008/01/17,0,31797000,-25012145,6784855
2008/01/18,0,17022235,-12934826,4087409
2008/01/21,0,23770000,-20195174,3574826
2008/01/22,0,1071000,-15976000,-14905000
2008/01/23,0,15375000,-24755000,-9380000
2008/01/24,0,14318000,-25437567,-11119567
2008/01/25,0,7026000,-9183335,-2157335
2008/01/28,0,3384493,-9056000,-5671507
2008/01/29,0,24320000,-8640449,15679551
2008/01/30,0,21319595,-10306495,11013100
2008/01/31,0,13678355,-13407827,270528
2008/02/01,0,12549000,-18974000,-6425000
2008/02/04,0,0,0,0
2008/02/05,0,0,0,0
2008/02/06,0,0,0,0
2008/02/07,0,0,0,0
2008/02/08,0,0,0,0
2008/02/11,0,0,0,0
2008/02/12,0,16291000,-13788140,2502860
2008/02/13,0,22902377,-17078875,5823502
2008/02/14,0,10819706,-11172385,-352679
2008/02/15,0,5678000,-1985000,3693000
2008/02/18,0,2631000,-2317645,313355
2008/02/19,0,5851000,-7332066,-1481066
2008/02/20,0,3365333,-18466965,-15101632
2008/02/21,0,4100000,-20113671,-16013671
2008/02/22,0,2275000,-8790829,-6515829
2008/02/25,0,9971000,-14269000,-4298000
2008/02/26,0,20127000,-6871000,13256000
2008/02/27,0,15369000,-5969000,9400000
2008/02/28,0,0,0,0
2008/02/29,0,11464259,-13597434,-2133175
2008/03/03,0,3688000,-39212000,-35524000
2008/03/04,0,11175000,-14499000,-3324000
2008/03/05,0,3929161,-23796000,-19866839
2008/03/06,0,14987000,-11913000,3074000
2008/03/07,0,3818000,-9857000,-6039000
2008/03/10,0,12346000,-12044819,301181
2008/03/11,0,17675000,-32196800,-14521800
2008/03/12,0,13059000,-12540856,518144
2008/03/13,0,8799000,-14408000,-5609000
2008/03/14,0,17593000,-21166491,-3573491
2008/03/17,0,17606000,-27148000,-9542000
2008/03/18,0,2201000,-12956002,-10755002
2008/03/19,0,3824000,-3029886,794114
2008/03/20,0,14155000,-12176000,1979000
2008/03/21,0,29276000,-4033000,25243000
2008/03/24,0,34498000,-18842000,15656000
2008/03/25,0,12715000,-11515251,1199749
2008/03/26,0,8173000,-10562878,-2389878
2008/03/27,0,2600100,-8602436,-6002336
2008/03/28,0,27593663,-17224033,10369630
2008/03/31,0,5536700,-11200849,-5664149
2008/04/01,0,4951983,-13129000,-8177017
2008/04/02,0,12275000,-13304984,-1029984
2008/04/03,0,4951000,-6790620,-1839620
2008/04/04,0,0,0,0
2008/04/07,0,16698000,-2592000,14106000
2008/04/08,0,4955638,-5250239,-294601
2008/04/09,0,74055362,-15659642,58395720
2008/04/10,0,12226577,-930951,11295626
2008/04/11,0,12437233,-16729163,-4291930
2008/04/14,0,58299100,-34343231,23955869
2008/04/15,0,23967000,-16737000,7230000
2008/04/16,0,40215000,-18881029,21333971
2008/04/17,0,13585000,-8861000,4724000
2008/04/18,0,10030000,-32009546,-21979546
2008/04/21,0,10470000,-20087000,-9617000
2008/04/22,0,3139000,-5549123,-2410123
2008/04/23,0,6682114,-4545229,2136885
2008/04/24,0,9983000,-8835000,1148000
2008/04/25,0,6945000,-7362279,-417279
2008/04/28,0,7048000,-5406141,1641859
2008/04/29,0,10247000,-7489580,2757420
2008/04/30,0,5075000,-15550344,-10475344
2008/05/01,0,0,0,0
2008/05/02,0,18860000,-1673000,17187000
2008/05/05,0,5419000,-22608000,-17189000
2008/05/06,0,2890000,-17115038,-14225038
2008/05/07,0,5889907,-3992500,1897407
2008/05/08,0,1618000,-15723939,-14105939
2008/05/09,0,923000,-5784000,-4861000
2008/05/12,0,1941000,-7330000,-5389000
2008/05/13,0,21755400,-7427400,14328000
2008/05/14,0,7984000,-1764000,6220000
2008/05/15,0,17686000,-1785000,15901000
2008/05/16,0,7579000,-1935000,5644000
2008/05/19,0,7359000,-3526689,3832311
2008/05/20,0,5285000,-13964737,-8679737
2008/05/21,0,12287000,-12019076,267924
2008/05/22,0,11104000,-10409852,694148
2008/05/23,0,6773000,-4005000,2768000
2008/05/26,0,6936000,-14925000,-7989000
2008/05/27,0,2083000,-2682000,-599000
2008/05/28,0,21699000,-12438000,9261000
2008/05/29,0,35826000,-9395511,26430489
2008/05/30,0,10192000,-6823509,3368491
2008/06/02,0,2110000,-1193000,917000
2008/06/03,0,11469000,-8292757,3176243
2008/06/04,0,14365000,-9396000,4969000
2008/06/05,0,6677549,-11675264,-4997715
2008/06/06,0,9852000,-1303000,8549000
2008/06/09,0,3126705,-10729000,-7602295
2008/06/10,0,4420000,-8517563,-4097563
2008/06/11,0,6115600,-5645403,470197
2008/06/12,0,4901000,-10673738,-5772738
2008/06/13,0,14312933,-10213000,4099933
2008/06/16,0,4604090,-2704000,1900090
2008/06/17,0,3704000,-3004611,699389
2008/06/18,0,1581000,-3942000,-2361000
2008/06/19,0,925231,-7886000,-6960769
2008/06/20,0,2059653,-9918026,-7858373
2008/06/23,0,4912378,-9104690,-4192312
2008/06/24,0,7201000,-7463983,-262983
2008/06/25,0,6652000,-8894484,-2242484
2008/06/26,0,7009249,-4207000,2802249
2008/06/27,0,9092000,-14633000,-5541000
2008/06/30,0,11952000,-21372000,-9420000
2008/07/01,0,13067000,-3826475,9240525
2008/07/02,0,2904000,-22687000,-19783000
2008/07/03,0,7649000,-19227865,-11578865
2008/07/04,0,1797000,-6927000,-5130000
2008/07/07,0,5630000,-4198000,1432000
2008/07/08,0,6504050,-24474000,-17969950
2008/07/09,0,7510000,-7358516,151484
2008/07/10,0,9996000,-8400000,1596000
2008/07/11,0,23132000,-26035000,-2903000
2008/07/14,0,12655000,-6760000,5895000
2008/07/15,0,3878000,-7819474,-3941474
2008/07/16,0,20199000,-3778000,16421000
2008/07/17,0,22664499,-13268627,9395872
2008/07/18,0,18232000,-29873000,-11641000
2008/07/21,0,13838000,-5538000,8300000
2008/07/22,0,3337909,-4639000,-1301091
2008/07/23,0,10238000,-4335922,5902078
2008/07/24,0,12450000,-7158000,5292000
2008/07/25,0,2433000,-8211000,-5778000
2008/07/28,0,0,0,0
2008/07/29,0,4488000,-7195000,-2707000
2008/07/30,0,4222000,-6387000,-2165000
2008/07/31,0,3166000,-1688000,1478000
2008/08/01,0,3515000,-2756000,759000
2008/08/04,0,1363000,-5250000,-3887000
2008/08/05,0,5522000,-4626000,896000
2008/08/06,0,15429000,-4227000,11202000
2008/08/07,0,11942000,-2530864,9411136
2008/08/08,0,22147189,-9711189,12436000
2008/08/11,0,3639000,-9682000,-6043000
2008/08/12,0,2311000,-1537142,773858
2008/08/13,0,642000,-2003000,-1361000
2008/08/14,0,1600000,-2407000,-807000
2008/08/15,0,836000,-4174000,-3338000
2008/08/18,0,2643000,-5753145,-3110145
2008/08/19,0,31869924,-28824924,3045000
2008/08/20,0,4165000,-4775000,-610000
2008/08/21,0,2347366,-3899964,-1552598
2008/08/22,0,1356000,-2048000,-692000
2008/08/25,0,3057000,-587000,2470000
2008/08/26,0,173000,-1858000,-1685000
2008/08/27,0,3645000,-6730752,-3085752
2008/08/28,0,5945000,-4952000,993000
2008/08/29,0,4787000,-3394531,1392469
2008/09/01,0,3162000,-3116483,45517
2008/09/02,0,3942463,-7638513,-3696050
2008/09/03,0,4067671,-5984658,-1916987
2008/09/04,0,6165000,-4027456,2137544
2008/09/05,0,3152000,-4959000,-1807000
2008/09/08,0,2994000,-3600680,-606680
2008/09/09,0,10008000,-33952000,-23944000
2008/09/10,0,14366037,-10025999,4340038
2008/09/11,0,3534000,-6223000,-2689000
2008/09/12,0,3601000,-1266000,2335000
2008/09/15,0,291000,-5504000,-5213000
2008/09/16,0,1004000,-300737,703263
2008/09/17,0,17467301,-15347254,2120047
2008/09/18,0,28467354,-25159883,3307471
2008/09/19,0,12167425,-11785876,381549
2008/09/22,0,9544897,-5701261,3843636
2008/09/23,0,9002000,-14060020,-5058020
2008/09/24,0,16210022,-6573022,9637000
2008/09/25,0,17987000,-12986147,5000853
2008/09/26,0,552000,-12770024,-12218024
2008/09/29,0,0,0,0
2008/09/30,0,2346000,-4095747,-1749747
2008/10/01,0,1888423,-5241993,-3353570
2008/10/02,0,4438000,-9349478,-4911478
2008/10/03,0,4707359,-22681356,-17973997
2008/10/06,0,1352999,-13039600,-11686601
2008/10/07,0,7374000,-3954796,3419204
2008/10/08,0,2604500,-11643064,-9038564
2008/10/09,0,7387000,-25258154,-17871154
2008/10/10,0,0,0,0
2008/10/13,0,3403000,-1689000,1714000
2008/10/14,0,15488000,-15979957,-491957
2008/10/15,0,4051000,-11892000,-7841000
2008/10/16,0,3119000,-3705000,-586000
2008/10/17,0,3227000,-13286900,-10059900
2008/10/20,0,321545,-1989350,-1667805
2008/10/21,0,822299,-44016751,-43194452
2008/10/22,0,1580000,-14395156,-12815156
2008/10/23,0,1606361,-1461037,145324
2008/10/24,0,505501,-1910000,-1404499
2008/10/27,0,788000,-4084192,-3296192
2008/10/28,0,2002000,-8162869,-6160869
2008/10/29,0,1567050,-3336289,-1769239
2008/10/30,0,3712000,-2011526,1700474
2008/10/31,0,5191000,-3912050,1278950
2008/11/03,0,12150542,-14122541,-1971999
2008/11/04,0,3213000,-2027088,1185912
2008/11/05,0,4467000,-3342000,1125000
2008/11/06,0,2382000,-3565002,-1183002
2008/11/07,0,6324000,-4793000,1531000
2008/11/10,0,3547000,-5749482,-2202482
2008/11/11,0,4237000,-3733230,503770
2008/11/12,0,2596000,-8476407,-5880407
2008/11/13,0,1233000,-9318205,-8085205
2008/11/14,0,2928961,-2950961,-22000
2008/11/17,0,2071000,-795000,1276000
2008/11/18,0,3295686,-3274686,21000
2008/11/19,0,2268000,-3738078,-1470078
2008/11/20,0,1033200,-2594859,-1561659
2008/11/21,0,1677678,-12972676,-11294998
2008/11/24,0,2086000,-4199350,-2113350
2008/11/25,0,4428000,-1672683,2755317
2008/11/26,0,4537000,-1581172,2955828
2008/11/27,0,5448000,-10606129,-5158129
2008/11/28,0,8552000,-3319267,5232733
2008/12/01,0,9069000,-2002000,7067000
2008/12/02,0,1298000,-6485000,-5187000
2008/12/03,0,4631000,-4506692,124308
2008/12/04,0,660000,-3829000,-3169000
2008/12/05,0,4622000,-1258276,3363724
2008/12/08,0,3473000,-148000,3325000
2008/12/09,0,12888400,-5755000,7133400
2008/12/10,0,7409000,-2640000,4769000
2008/12/11,0,7534000,-1564000,5970000
2008/12/12,0,2561000,-6145284,-3584284
2008/12/15,0,12001000,-880000,11121000
2008/12/16,0,8337000,-21652160,-13315160
2008/12/17,0,7510000,-1494499,6015501
2008/12/18,0,2888000,-1975000,913000
2008/12/19,0,4505000,-3142000,1363000
2008/12/22,0,3859000,-4893250,-1034250
2008/12/23,0,1412625,-5472000,-4059375
2008/12/24,0,2813010,-2404198,408812
2008/12/25,0,233000,-856000,-623000
2008/12/26,0,1314000,-588000,726000
2008/12/29,0,441000,-908000,-467000
2008/12/30,0,5421000,-278000,5143000
2008/12/31,0,590000,-2350000,-1760000
2009/01/01,0,0,0,0
2009/01/02,0,0,0,0
2009/01/05,0,2271000,-2805216,-534216
2009/01/06,0,3903441,-5785000,-1881559
2009/01/07,0,6769326,-5626448,1142878
2009/01/08,0,3169000,-7967346,-4798346
2009/01/09,0,1270000,-2913000,-1643000
2009/01/12,0,7180807,-4184425,2996382
2009/01/13,0,2395317,-2317000,78317
2009/01/14,0,13370693,-13837717,-467024
2009/01/15,0,3019801,-11072000,-8052199
2009/01/16,0,1444000,-4909725,-3465725
2009/01/19,0,74000,-1231426,-1157426
2009/01/20,0,2917000,-9265516,-6348516
2009/01/21,0,6222200,-5150353,1071847
2009/01/22,0,0,0,0
2009/01/23,0,0,0,0
2009/01/26,0,0,0,0
2009/01/27,0,0,0,0
2009/01/28,0,0,0,0
2009/01/29,0,0,0,0
2009/01/30,0,0,0,0
2009/02/02,0,4423000,-9844577,-5421577
2009/02/03,0,1410000,-1671211,-261211
2009/02/04,0,1680000,-7981339,-6301339
2009/02/05,0,3886000,-1280500,2605500
2009/02/06,0,3503000,-1074998,2428002
2009/02/09,0,2835800,-1450898,1384902
2009/02/10,0,3594000,-1542000,2052000
2009/02/11,0,1133000,-3866000,-2733000
2009/02/12,0,4366000,-8471209,-4105209
2009/02/13,0,3724000,-2930000,794000
2009/02/16,0,956125,-4181292,-3225167
2009/02/17,0,5289691,-4194027,1095664
2009/02/18,0,6254000,-3071892,3182108
2009/02/19,0,2951000,-2387000,564000
2009/02/20,0,775543,-4866543,-4091000
2009/02/23,0,2830000,-5624161,-2794161
2009/02/24,0,152000,-9792007,-9640007
2009/02/25,0,2981168,-7843382,-4862214
2009/02/26,0,2197000,-2940610,-743610
2009/02/27,0,7933000,-10217822,-2284822
2009/03/02,0,275000,-6575231,-6300231
2009/03/03,0,3653000,-6275000,-2622000
2009/03/04,0,1364000,-5522000,-4158000
2009/03/05,0,1195000,-5108250,-3913250
2009/03/06,0,4832500,-3746849,1085651
2009/03/09,0,2361000,-6832000,-4471000
2009/03/10,0,2141000,-6290987,-4149987
2009/03/11,0,1473000,-8302885,-6829885
2009/03/12,0,7988000,-3136432,4851568
2009/03/13,0,15853000,-2495340,13357660
2009/03/16,0,7745000,-1802999,5942001
2009/03/17,0,11819000,-3063000,8756000
2009/03/18,0,6809000,-1111315,5697685
2009/03/19,0,1947000,-1947000,0
2009/03/20,0,1626000,-4097652,-2471652
2009/03/23,0,5962000,-4266000,1696000
2009/03/24,0,4034000,-23000,4011000
2009/03/25,0,33057000,-747170,32309830
2009/03/26,0,13958000,-4380000,9578000
2009/03/27,0,5516000,-1695000,3821000
2009/03/30,0,12122000,-12750000,-628000
2009/03/31,0,4683349,-19606709,-14923360
2009/04/01,0,4307000,-4966000,-659000
2009/04/02,0,6965000,-6262000,703000
2009/04/03,0,10052255,-5674001,4378254
2009/04/06,0,24508000,-2691000,21817000
2009/04/07,0,8165000,-3173000,4992000
2009/04/08,0,9668000,-12726400,-3058400
2009/04/09,0,13035000,-1407772,11627228
2009/04/10,0,7790000,-2467000,5323000
2009/04/13,0,2936000,-489000,2447000
2009/04/14,0,7038449,-2265000,4773449
2009/04/15,0,3791000,-9667000,-5876000
2009/04/16,0,6787000,-4306000,2481000
2009/04/17,0,9691643,-7117487,2574156
2009/04/20,0,5080000,-4329913,750087
2009/04/21,0,6675000,-4898193,1776807
2009/04/22,0,833000,-8600000,-7767000
2009/04/23,0,2764000,-2705000,59000
2009/04/24,0,5261000,-3631000,1630000
2009/04/27,0,5634990,-4171000,1463990
2009/04/28,0,5158000,-4218999,939001
2009/04/29,0,6507000,-1943000,4564000
2009/04/30,0,11422000,-790000,10632000
2009/05/01,0,0,0,0
2009/05/04,0,2031000,-6620000,-4589000
2009/05/05,0,26552075,-4470000,22082075
2009/05/06,0,9072000,-14866000,-5794000
2009/05/07,0,13858000,-10415000,3443000
2009/05/08,0,11539922,-2748922,8791000
2009/05/11,0,4887000,-6506000,-1619000
2009/05/12,0,5900069,-2753000,3147069
2009/05/13,0,2596000,-1710000,886000
2009/05/14,0,1113961,-7724350,-6610389
2009/05/15,0,4172000,-8286597,-4114597
2009/05/18,0,5150000,-5602880,-452880
2009/05/19,0,4443000,-3835000,608000
2009/05/20,0,29187000,-18644492,10542508
2009/05/21,0,6173001,-16898000,-10724999
2009/05/22,0,4843000,-6534138,-1691138
2009/05/25,0,9457000,-4282000,5175000
2009/05/26,0,8653174,-12696000,-4042826
2009/05/27,0,11932000,-16231207,-4299207
2009/05/28,0,0,0,0
2009/05/29,0,0,0,0
2009/06/01,0,14465000,-4184650,10280350
2009/06/02,0,4254000,-5936000,-1682000
2009/06/03,0,11047000,-1390000,9657000
2009/06/04,0,5958000,-4295000,1663000
2009/06/05,0,1792966,-1877000,-84034
2009/06/08,0,1983000,-3607000,-1624000
2009/06/09,0,11448000,-4323000,7125000
2009/06/10,0,4850000,-4490339,359661
2009/06/11,0,5111000,-3111000,2000000
2009/06/12,0,2159000,-5811000,-3652000
2009/06/15,0,5179000,-2877402,2301598
2009/06/16,0,1237000,-2936980,-1699980
2009/06/17,0,9874000,-14628249,-4754249
2009/06/18,0,5412000,-12505000,-7093000
2009/06/19,0,312002,-10741547,-10429545
2009/06/22,0,3362000,-2369000,993000
2009/06/23,0,756300,-6625000,-5868700
2009/06/24,0,14868000,-17220000,-2352000
2009/06/25,0,6632000,-6107000,525000
2009/06/26,0,6546000,-4102799,2443201
2009/06/29,0,10370000,-6522000,3848000
2009/06/30,0,2812000,-2542795,269205
2009/07/01,0,3179000,-9159549,-5980549
2009/07/02,0,7031261,-12307000,-5275739
2009/07/03,0,4360000,-3661900,698100
2009/07/06,0,1721000,-5835190,-4114190
2009/07/07,0,3495000,-3614915,-119915
2009/07/08,0,2030000,-10420000,-8390000
2009/07/09,0,12362000,-4883000,7479000
2009/07/10,0,2114000,-14661000,-12547000
2009/07/13,0,2413000,-14446000,-12033000
2009/07/14,0,2778000,-4923170,-2145170
2009/07/15,0,2726000,-6053000,-3327000
2009/07/16,0,2357000,-10783000,-8426000
2009/07/17,0,2151438,-10759950,-8608512
2009/07/20,0,2348000,-20792000,-18444000
2009/07/21,0,3758000,-34058000,-30300000
2009/07/22,0,7129000,-99909899,-92780899
2009/07/23,0,24273000,-42408601,-18135601
2009/07/24,0,6636000,-13658260,-7022260
2009/07/27,0,5211000,-14388625,-9177625
2009/07/28,0,4525000,-22959119,-18434119
2009/07/29,0,4871000,-5417091,-546091
2009/07/30,0,2013000,-5030000,-3017000
2009/07/31,0,21023000,-10057000,10966000
2009/08/03,0,15071000,-125408000,-110337000
2009/08/04,0,66707000,-90251000,-23544000
2009/08/05,0,78274000,-108090000,-29816000
2009/08/06,0,11025000,-47510500,-36485500
2009/08/07,0,0,0,0
2009/08/10,0,17972357,-24193000,-6220643
2009/08/11,0,45722000,-56661000,-10939000
2009/08/12,0,7056000,-30470000,-23414000
2009/08/13,0,8285000,-23627000,-15342000
2009/08/14,0,10659000,-9701000,958000
2009/08/17,0,4869000,-11067856,-6198856
2009/08/18,0,1902000,-13087000,-11185000
2009/08/19,0,3123638,-8938000,-5814362
2009/08/20,0,13322000,-12040000,1282000
2009/08/21,0,9792000,-32902969,-23110969
2009/08/24,0,17122000,-24903075,-7781075
2009/08/25,0,518000,-9860304,-9342304
2009/08/26,0,1001961,-2121000,-1119039
2009/08/27,0,18614000,-22164000,-3550000
2009/08/28,0,6539000,-5155988,1383012
2009/08/31,0,17409000,-22140970,-4731970
2009/09/01,0,8099000,-16171979,-8072979
2009/09/02,0,3389000,-22379475,-18990475
2009/09/03,0,2617000,-14476000,-11859000
2009/09/04,0,8093000,-11761229,-3668229
2009/09/07,0,6485000,-13087000,-6602000
2009/09/08,0,31092000,-15438000,15654000
2009/09/09,0,16791000,-21671250,-4880250
2009/09/10,0,28278000,-8825720,19452280
2009/09/11,0,4937000,-3059000,1878000
2009/09/14,0,1902000,-8380000,-6478000
2009/09/15,0,6460553,-2677000,3783553
2009/09/16,0,5684000,-3171000,2513000
2009/09/17,0,15437000,-10047940,5389060
2009/09/18,0,3226000,-6318000,-3092000
2009/09/21,0,1282000,-1812000,-530000
2009/09/22,0,3473000,-6448500,-2975500
2009/09/23,0,16648000,-9885249,6762751
2009/09/24,0,6451000,-8638000,-2187000
2009/09/25,0,1041000,-15036770,-13995770
2009/09/28,0,1392000,-3781000,-2389000
2009/09/29,0,18150552,-1371000,16779552
2009/09/30,0,3425000,-10410000,-6985000
2009/10/01,0,25525000,-10238000,15287000
2009/10/02,0,24038000,-18109642,5928358
2009/10/05,0,2547270,-3946270,-1399000
2009/10/06,0,9684000,-3670000,6014000
2009/10/07,0,24479000,-11940160,12538840
2009/10/08,0,33236155,-9866000,23370155
2009/10/09,0,20398000,-2158000,18240000
2009/10/12,0,22248000,-9399000,12849000
2009/10/13,0,35613190,-6277483,29335707
2009/10/14,0,15612000,-5352000,10260000
2009/10/15,0,23829000,-3611000,20218000
2009/10/16,0,29823000,-24869000,4954000
2009/10/19,0,6184019,-4592376,1591643
2009/10/20,0,12480400,-9666649,2813751
2009/10/21,0,11174000,-8661249,2512751
2009/10/22,0,10605000,-20020000,-9415000
2009/10/23,0,1114000,-4381000,-3267000
2009/10/26,0,8818000,-710000,8108000
2009/10/27,0,12367000,-5585000,6782000
2009/10/28,0,6379000,-5810000,569000
2009/10/29,0,19302390,-13176000,6126390
2009/10/30,0,11391610,-5977000,5414610
2009/11/02,0,10117000,-17463099,-7346099
2009/11/03,0,641000,-6419000,-5778000
2009/11/04,0,5877000,-1370000,4507000
2009/11/05,0,6638000,-3116000,3522000
2009/11/06,0,14571000,-4716597,9854403
2009/11/09,0,11612098,-2728506,8883592
2009/11/10,0,8493263,-734000,7759263
2009/11/11,0,5075000,-6744004,-1669004
2009/11/12,0,6274000,-349000,5925000
2009/11/13,0,8780000,-2684000,6096000
2009/11/16,0,29986000,-8186500,21799500
2009/11/17,0,61601000,-18316043,43284957
2009/11/18,0,58102000,-13924000,44178000
2009/11/19,0,21830000,-10261000,11569000
2009/11/20,0,17974000,-5027002,12946998
2009/11/23,0,8017000,-1726772,6290228
2009/11/24,0,23876000,-16771000,7105000
2009/11/25,0,17230000,-8856000,8374000
2009/11/26,0,1633000,-413000,1220000
2009/11/27,0,6210000,-23568500,-17358500
2009/11/30,0,12688755,-5221499,7467256
2009/12/01,0,6889000,-4496057,2392943
2009/12/02,0,2752000,-9937098,-7185098
2009/12/03,0,10648645,-1159204,9489441
2009/12/04,0,15655413,-9311000,6344413
2009/12/07,0,14233230,-6461230,7772000
2009/12/08,0,4033000,-2169494,1863506
2009/12/09,0,2450000,-831352,1618648
2009/12/10,0,3142000,-13819469,-10677469
2009/12/11,0,4619000,-1304639,3314361
2009/12/14,0,3057000,-5492000,-2435000
2009/12/15,0,3022440,-26282292,-23259852
2009/12/16,0,1043000,-13424243,-12381243
2009/12/17,0,2286070,-16303214,-14017144
2009/12/18,0,4932000,-11113705,-6181705
2009/12/21,0,3795000,-9723945,-5928945
2009/12/22,0,1846000,-3129491,-1283491
2009/12/23,0,3414000,-1317535,2096465
2009/12/24,0,3900000,-9000,3891000
2009/12/25,0,7243000,-263000,6980000
2009/12/28,0,4988000,-5019000,-31000
2009/12/29,0,3327000,-4087000,-760000
2009/12/30,0,5838000,-4730047,1107953
2009/12/31,0,2848000,-1375000,1473000
2010/01/01,0,0,0,0
2010/01/04,0,5448000,-2428000,3020000
2010/01/05,0,9792194,-4117000,5675194
2010/01/06,0,9585000,-19504778,-9919778
2010/01/07,0,4833000,-4449882,383118
2010/01/08,0,9707320,-1137000,8570320
2010/01/11,0,2907000,-5621114,-2714114
2010/01/12,0,2405000,-4338862,-1933862
2010/01/13,0,4577000,-5736345,-1159345
2010/01/14,0,2370000,-1132338,1237662
2010/01/15,0,825000,-1992000,-1167000
2010/01/18,0,2929000,-27278553,-24349553
2010/01/19,0,1090000,-4703780,-3613780
2010/01/20,0,1113000,-13939000,-12826000
2010/01/21,0,2367000,-2471000,-104000
2010/01/22,0,429000,-10089000,-9660000
2010/01/25,0,269705,-7991883,-7722178
2010/01/26,0,2521000,-13361000,-10840000
2010/01/27,0,2796331,-3628759,-832428
2010/01/28,0,640000,-3948000,-3308000
2010/01/29,0,3215000,-12387050,-9172050
2010/02/01,0,1151000,-21612640,-20461640
2010/02/02,0,2586538,-21974810,-19388272
2010/02/03,0,5790750,-12254935,-6464185
2010/02/04,0,606300,-10013000,-9406700
2010/02/05,0,4987000,-28113467,-23126467
2010/02/08,0,4745000,-10647816,-5902816
2010/02/09,0,3993000,-5935970,-1942970
2010/02/10,0,2909000,-13182000,-10273000
2010/02/11,0,0,0,0
2010/02/12,0,0,0,0
2010/02/15,0,0,0,0
2010/02/16,0,0,0,0
2010/02/17,0,0,0,0
2010/02/18,0,0,0,0
2010/02/19,0,0,0,0
2010/02/22,0,4493000,-8215434,-3722434
2010/02/23,0,5712000,-9752000,-4040000
2010/02/24,0,6058000,-11874000,-5816000
2010/02/25,0,7880659,-15154000,-7273341
2010/02/26,0,3977342,-10525615,-6548273
2010/03/01,0,9061000,-7897778,1163222
2010/03/02,0,3517109,-5447000,-1929891
2010/03/03,0,3609500,-9249442,-5639942
2010/03/04,0,2054000,-3311000,-1257000
2010/03/05,0,6912000,-1881000,5031000
2010/03/08,0,2810000,-237780,2572220
2010/03/09,0,9444603,-3610963,5833640
2010/03/10,0,1806000,-346459,1459541
2010/03/11,0,557000,-3873000,-3316000
2010/03/12,0,2614000,-1332823,1281177
2010/03/15,0,3057000,-5590000,-2533000
2010/03/16,0,515001,-4382000,-3866999
2010/03/17,0,13432747,-3892000,9540747
2010/03/18,0,7133828,-17456000,-10322172
2010/03/19,0,4936755,-12999000,-8062245
2010/03/22,0,611000,-3911520,-3300520
2010/03/23,0,334000,-608000,-274000
2010/03/24,0,1541120,-3709000,-2167880
2010/03/25,0,4424421,-3394000,1030421
2010/03/26,0,7299040,-1883000,5416040
2010/03/29,0,10829033,-408000,10421033
2010/03/30,0,7671800,-9500000,-1828200
2010/03/31,0,26722000,-11309240,15412760
2010/04/01,0,27493000,-2103915,25389085
2010/04/02,0,24839000,-5856000,18983000
2010/04/05,0,0,0,0
2010/04/06,0,26083100,-2417000,23666100
2010/04/07,0,19290320,-1740000,17550320
2010/04/08,0,26118500,-5844172,20274328
2010/04/09,0,3405000,-1375200,2029800
2010/04/12,0,4671140,-8544301,-3873161
2010/04/13,0,8279000,-2481249,5797751
2010/04/14,0,3640000,-751585,2888415
2010/04/15,0,2384000,-1757000,627000
2010/04/16,0,1316970,-1835000,-518030
2010/04/19,0,2142000,-7804000,-5662000
2010/04/20,0,1502000,-4028000,-2526000
2010/04/21,0,2282000,-4633000,-2351000
2010/04/22,0,1218000,-15443088,-14225088
2010/04/23,0,333000,-2150000,-1817000
2010/04/26,0,7262000,-1926511,5335489
2010/04/27,0,3145689,-3157689,-12000
2010/04/28,0,2439000,-16431750,-13992750
2010/04/29,0,1719000,-8456066,-6737066
2010/04/30,0,7423000,-3688616,3734384
2010/05/03,0,2133000,-9568521,-7435521
2010/05/04,0,1189000,-4421000,-3232000
2010/05/05,0,402340,-9615530,-9213190
2010/05/06,0,5958755,-9485000,-3526245
2010/05/07,0,2002964,-15164322,-13161358
2010/05/10,0,1485520,-3263890,-1778370
2010/05/11,0,1306000,-14162000,-12856000
2010/05/12,0,541255,-4721000,-4179745
2010/05/13,0,6136000,-19749000,-13613000
2010/05/14,0,2619000,-2905000,-286000
2010/05/17,0,1216000,-6693000,-5477000
2010/05/18,0,2709000,-11854000,-9145000
2010/05/19,0,1642002,-14934000,-13291998
2010/05/20,0,899000,-17556000,-16657000
2010/05/21,0,2326000,-30771294,-28445294
2010/05/24,0,3699000,-46074242,-42375242
2010/05/25,0,1403000,-34290185,-32887185
2010/05/26,0,11292000,-41871610,-30579610
2010/05/27,0,6487000,-18147512,-11660512
2010/05/28,0,5840000,-10306000,-4466000
2010/05/31,0,15933000,-663000,15270000
2010/06/01,0,10628000,-8766000,1862000
2010/06/02,0,2168000,-15863000,-13695000
2010/06/03,0,16628000,-10999000,5629000
2010/06/04,0,1315000,-1300111,14889
2010/06/07,0,2632000,-31775939,-29143939
2010/06/08,0,1803000,-9220575,-7417575
2010/06/09,0,1475000,-16644672,-15169672
2010/06/10,0,4308000,-11353441,-7045441
2010/06/11,0,10817323,-40516132,-29698809
2010/06/14,0,4851323,-12412274,-7560951
2010/06/15,0,5411646,-2733680,2677966
2010/06/16,0,0,0,0
2010/06/17,0,7803807,-3631782,4172025
2010/06/18,0,4066469,-962000,3104469
2010/06/21,0,15341390,-904366,14437024
2010/06/22,0,2954275,-2645000,309275
2010/06/23,0,1891021,-1191356,699665
2010/06/24,0,1786573,-3689800,-1903227
2010/06/25,0,7795000,-5145204,2649796
2010/06/28,0,3679000,-1969000,1710000
2010/06/29,0,6512000,-5816299,695701
2010/06/30,0,5212000,-13832000,-8620000
2010/07/01,0,1568000,-7223811,-5655811
2010/07/02,0,4906000,-3291528,1614472
2010/07/05,0,7082718,-2664000,4418718
2010/07/06,0,8506000,-2711000,5795000
2010/07/07,0,2127000,-2637515,-510515
2010/07/08,0,7172000,-1103000,6069000
2010/07/09,0,2940484,-1205000,1735484
2010/07/12,0,4547540,-1489472,3058068
2010/07/13,0,3385000,-3863000,-478000
2010/07/14,0,6773110,-8724596,-1951486
2010/07/15,0,4817000,-1227049,3589951
2010/07/16,0,4369564,-6447000,-2077436
2010/07/19,0,3433000,-6005000,-2572000
2010/07/20,0,3741030,-2015174,1725856
2010/07/21,0,5167000,-3749000,1418000
2010/07/22,0,5424706,-2305000,3119706
2010/07/23,0,7451000,-774000,6677000
2010/07/26,0,1885500,-2109111,-223611
2010/07/27,0,296511,-2775000,-2478489
2010/07/28,0,4055000,-2816000,1239000
2010/07/29,0,4323000,-3987485,335515
2010/07/30,0,1530000,-4774668,-3244668
2010/08/02,0,13561000,-2782000,10779000
2010/08/03,0,5270000,-18273000,-13003000
2010/08/04,0,1402000,-3080000,-1678000
2010/08/05,0,4278000,-3592675,685325
2010/08/06,0,4488000,-19844000,-15356000
2010/08/09,0,9990000,-14026682,-4036682
2010/08/10,0,4777000,-3816000,961000
2010/08/11,0,2380000,-825912,1554088
2010/08/12,0,2044000,-10944000,-8900000
2010/08/13,0,3111832,-1240000,1871832
2010/08/16,0,3424000,-4196000,-772000
2010/08/17,0,2034000,-1154000,880000
2010/08/18,0,3126000,-3844000,-718000
2010/08/19,0,4885000,-27569000,-22684000
2010/08/20,0,7984000,-2831358,5152642
2010/08/23,0,4510000,-3578238,931762
2010/08/24,0,1496000,-5680000,-4184000
2010/08/25,0,6118000,-7075000,-957000
2010/08/26,0,3194000,-5036000,-1842000
2010/08/27,0,1537000,-7240214,-5703214
2010/08/30,0,3007111,-2068349,938762
2010/08/31,0,5900000,-1804999,4095001
2010/09/01,0,543000,-6806000,-6263000
2010/09/02,0,7206494,-5826422,1380072
2010/09/03,0,4345000,-2291338,2053662
2010/09/06,0,2367000,-5172719,-2805719
2010/09/07,0,3178445,-2822740,355705
2010/09/08,0,1208710,-3531183,-2322473
2010/09/09,0,1870000,-3139000,-1269000
2010/09/10,0,2873340,-5247430,-2374090
2010/09/13,0,11311000,-834000,10477000
2010/09/14,0,1868000,-184000,1684000
2010/09/15,0,2478808,-478000,2000808
2010/09/16,0,2877000,-530000,2347000
2010/09/17,0,7590000,-39000,7551000
2010/09/20,0,1702000,-517000,1185000
2010/09/21,0,2037000,-125817,1911183
2010/09/22,0,0,0,0
2010/09/23,0,3293441,-511000,2782441
2010/09/24,0,10987310,-1053000,9934310
2010/09/27,0,9472820,-1220000,8252820
2010/09/28,0,8570220,-2583000,5987220
2010/09/29,0,6914000,-3163000,3751000
2010/09/30,0,1966000,-5305000,-3339000
2010/10/01,0,2945800,-2670000,275800
2010/10/04,0,6339030,-5936000,403030
2010/10/05,0,3370300,-5633750,-2263450
2010/10/06,0,4591544,-1493000,3098544
2010/10/07,0,5579500,-8739000,-3159500
2010/10/08,0,3356310,-856979,2499331
2010/10/11,0,1944860,-1110652,834208
2010/10/12,0,5218040,-3873000,1345040
2010/10/13,0,4722710,-5630000,-907290
2010/10/14,0,4285150,-17540400,-13255250
2010/10/15,0,2349160,-9848358,-7499198
2010/10/18,0,1140000,-9483550,-8343550
2010/10/19,0,10231000,-10415078,-184078
2010/10/20,0,2670000,-4692000,-2022000
2010/10/21,0,1060000,-3271000,-2211000
2010/10/22,0,737000,-2027000,-1290000
2010/10/25,0,3501000,-587000,2914000
2010/10/26,0,5370753,-500000,4870753
2010/10/27,0,925280,-515000,410280
2010/10/28,0,6774125,-2164000,4610125
2010/10/29,0,3777000,-683000,3094000
2010/11/01,0,6686000,-569000,6117000
2010/11/02,0,2614000,-13526000,-10912000
2010/11/03,0,7959000,-16648000,-8689000
2010/11/04,0,5165000,-142000,5023000
2010/11/05,0,6372000,-1211244,5160756
2010/11/08,0,5781000,-695000,5086000
2010/11/09,0,2110000,-1358000,752000
2010/11/10,0,3271000,-1923270,1347730
2010/11/11,0,4065000,-1554918,2510082
2010/11/12,0,993000,-12302660,-11309660
2010/11/15,0,1338710,-1720632,-381922
2010/11/16,0,3060000,-4389000,-1329000
2010/11/17,0,3017000,-5888000,-2871000
2010/11/18,0,534000,-663080,-129080
2010/11/19,0,1788060,-2688000,-899940
2010/11/22,0,3026690,-3202000,-175310
2010/11/23,0,2448020,-2895000,-446980
2010/11/24,0,4566000,-1009000,3557000
2010/11/25,0,3767000,-1095000,2672000
2010/11/26,0,4929000,-827587,4101413
2010/11/29,0,6140000,-3518000,2622000
2010/11/30,0,7459181,-6782599,676582
2010/12/01,0,11217000,-4055000,7162000
2010/12/02,0,21032248,-6758000,14274248
2010/12/03,0,3487000,-8101316,-4614316
2010/12/06,0,8436000,-3068000,5368000
2010/12/07,0,2401573,-4127000,-1725427
2010/12/08,0,12829000,-5050000,7779000
2010/12/09,0,7594000,-19763000,-12169000
2010/12/10,0,3389031,-1944721,1444310
2010/12/13,0,1640001,-4512000,-2871999
2010/12/14,0,3438000,-3235000,203000
2010/12/15,0,5997000,-11721668,-5724668
2010/12/16,0,11474454,-1470408,10004046
2010/12/17,0,2955847,-13132197,-10176350
2010/12/20,0,6489570,-16805000,-10315430
2010/12/21,0,8716000,-1074830,7641170
2010/12/22,0,8577920,-3817560,4760360
2010/12/23,0,12963000,-919000,12044000
2010/12/24,0,6544000,-19852796,-13308796
2010/12/27,0,6443000,-6266500,176500
2010/12/28,0,7382000,-3859300,3522700
2010/12/29,0,13185370,-8974000,4211370
2010/12/30,0,7960801,-3452000,4508801
2010/12/31,0,4836000,-4226007,609993
2011/01/03,0,4749252,-4566229,183023
2011/01/04,0,11463212,-4685000,6778212
2011/01/05,0,54556280,-8260110,46296170
2011/01/06,0,5181593,-21599000,-16417407
2011/01/07,0,21190700,-13826554,7364146
2011/01/10,0,4616651,-7483000,-2866349
2011/01/11,0,13219000,-8151650,5067350
2011/01/12,0,19409194,-6048358,13360836
2011/01/13,0,7119763,-7775574,-655811
2011/01/14,0,6652000,-1616000,5036000
2011/01/17,0,1582478,-5894000,-4311522
2011/01/18,0,3763000,-2448000,1315000
2011/01/19,0,8378000,-624000,7754000
2011/01/20,0,5239000,-786000,4453000
2011/01/21,0,34165943,-12977000,21188943
2011/01/24,0,23789900,-7609000,16180900
2011/01/25,0,13487000,-2447465,11039535
2011/01/26,0,1679000,-1358038,320962
2011/01/27,0,9013200,-5481247,3531953
2011/01/28,0,8879642,-3942182,4937460
2011/01/31,0,0,0,0
2011/02/01,0,0,0,0
2011/02/02,0,0,0,0
2011/02/03,0,0,0,0
2011/02/04,0,0,0,0
2011/02/07,0,0,0,0
2011/02/08,0,7513000,-2174978,5338022
2011/02/09,0,5247000,-2080620,3166380
2011/02/10,0,1392000,-18631330,-17239330
2011/02/11,0,7158058,-5282000,1876058
2011/02/14,0,14324000,-13324880,999120
2011/02/15,0,9749000,-11414057,-1665057
2011/02/16,0,1464000,-3744000,-2280000
2011/02/17,0,9213200,-5756830,3456370
2011/02/18,0,8827000,-1928000,6899000
2011/02/21,0,3018000,-5695000,-2677000
2011/02/22,0,1615000,-9386000,-7771000
2011/02/23,0,5946735,-3719530,2227205
2011/02/24,0,10102304,-6193000,3909304
2011/02/25,0,8335000,-12404817,-4069817
2011/02/28,0,0,0,0
2011/03/01,0,2374000,-6489000,-4115000
2011/03/02,0,1876304,-9952000,-8075696
2011/03/03,0,6401000,-4988000,1413000
2011/03/04,0,7010000,-1823000,5187000
2011/03/07,0,315000,-337000,-22000
2011/03/08,0,2459000,-192000,2267000
2011/03/09,0,2244000,-2612212,-368212
2011/03/10,0,1100201,-4031196,-2930995
2011/03/11,0,922000,-3475990,-2553990
2011/03/14,0,2666000,-11310000,-8644000
2011/03/15,0,7729000,-7686660,42340
2011/03/16,0,3143000,-3579570,-436570
2011/03/17,0,5709350,-1338583,4370767
2011/03/18,0,3957000,-5520540,-1563540
2011/03/21,0,2901000,-3902000,-1001000
2011/03/22,0,2310000,-3590000,-1280000
2011/03/23,0,2985000,-2390000,595000
2011/03/24,0,928624,-577000,351624
2011/03/25,0,3363000,-51064,3311936
2011/03/28,0,7552000,-899000,6653000
2011/03/29,0,3997000,-673000,3324000
2011/03/30,0,6749000,-1001000,5748000
2011/03/31,0,5025899,-2795333,2230566
2011/04/01,0,5083011,-1185000,3898011
2011/04/04,0,0,0,0
2011/04/05,0,0,0,0
2011/04/06,0,17208628,-18182541,-973913
2011/04/07,0,5259927,-30575127,-25315200
2011/04/08,0,10419486,-11661000,-1241514
2011/04/11,0,3749157,-6889000,-3139843
2011/04/12,0,2438062,-8280000,-5841938
2011/04/13,0,3404000,-7267000,-3863000
2011/04/14,0,1724829,-3559000,-1834171
2011/04/15,0,675000,-3027000,-2352000
2011/04/18,0,3919985,-6314142,-2394157
2011/04/19,0,723000,-7355000,-6632000
2011/04/20,0,4412480,-2516000,1896480
2011/04/21,0,17077632,-4392000,12685632
2011/04/22,0,6949000,-527000,6422000
2011/04/25,0,1451000,-1062000,389000
2011/04/26,0,2722993,-2646000,76993
2011/04/27,0,5639000,-999000,4640000
2011/04/28,0,4653755,-1174000,3479755
2011/04/29,0,14084731,-4133000,9951731
2011/05/02,0,0,0,0
2011/05/03,0,5266000,-4050000,1216000
2011/05/04,0,2424000,-4693000,-2269000
2011/05/05,0,2591000,-10318000,-7727000
2011/05/06,0,2809318,-11179000,-8369682
2011/05/09,0,7784000,-82000,7702000
2011/05/10,0,2938000,-643000,2295000
2011/05/11,0,2713000,-854000,1859000
2011/05/12,0,2460000,-2316000,144000
2011/05/13,0,1600000,-2482000,-882000
2011/05/16,0,1809000,-4639000,-2830000
2011/05/17,0,3020400,-14231075,-11210675
2011/05/18,0,7119000,-19862000,-12743000
2011/05/19,0,13950707,-14986998,-1036291
2011/05/20,0,5606300,-10936000,-5329700
2011/05/23,0,3957000,-13494000,-9537000
2011/05/24,0,41223000,-9376646,31846354
2011/05/25,0,10797000,-10986000,-189000
2011/05/26,0,5625000,-7827975,-2202975
2011/05/27,0,7277000,-4281555,2995445
2011/05/30,0,4706000,-3055000,1651000
2011/05/31,0,28501434,-11669700,16831734
2011/06/01,0,8761000,-4503906,4257094
2011/06/02,0,6546000,-545000,6001000
2011/06/03,0,5279000,-157641,5121359
2011/06/06,0,0,0,0
2011/06/07,0,1736000,-454863,1281137
2011/06/08,0,1506000,-5448702,-3942702
2011/06/09,0,7122000,-6236499,885501
2011/06/10,0,1898044,-4500000,-2601956
2011/06/13,0,3293000,-6765093,-3472093
2011/06/14,0,2911000,-5171331,-2260331
2011/06/15,0,15031000,-15521000,-490000
2011/06/16,0,11327069,-4733000,6594069
2011/06/17,0,2303150,-1729000,574150
2011/06/20,0,4691000,-6593753,-1902753
2011/06/21,0,5112000,-7714000,-2602000
2011/06/22,0,6498064,-4558000,1940064
2011/06/23,0,3246590,-5432041,-2185451
2011/06/24,0,5069000,-14411234,-9342234
2011/06/27,0,4795000,-8961318,-4166318
2011/06/28,0,1752000,-7353118,-5601118
2011/06/29,0,6463000,-4024840,2438160
2011/06/30,0,17137000,-1462000,15675000
2011/07/01,0,4276894,-5069000,-792106
2011/07/04,0,5450722,-2883689,2567033
2011/07/05,0,7418324,-2355000,5063324
2011/07/06,0,7110784,-1905000,5205784
2011/07/07,0,22044180,-1303000,20741180
2011/07/08,0,11983893,-14456408,-2472515
2011/07/11,0,10762011,-5141985,5620026
2011/07/12,0,4807644,-3254000,1553644
2011/07/13,0,7577257,-12721302,-5144045
2011/07/14,0,747467,-1578000,-830533
2011/07/15,0,3444030,-933000,2511030
2011/07/18,0,2412616,-1752000,660616
2011/07/19,0,2270000,-3027300,-757300
2011/07/20,0,3041172,-844000,2197172
2011/07/21,0,5748815,-94000,5654815
2011/07/22,0,7899339,-181000,7718339
2011/07/25,0,3538964,-429000,3109964
2011/07/26,0,4221742,-1700000,2521742
2011/07/27,0,4869653,-697100,4172553
2011/07/28,0,2611522,-1816001,795521
2011/07/29,0,4879022,-2014336,2864686
2011/08/01,0,6280012,-1465000,4815012
2011/08/02,0,1516971,-1594732,-77761
2011/08/03,0,3333405,-16892000,-13558595
2011/08/04,0,2942980,-2008000,934980
2011/08/05,0,3282294,-6130146,-2847852
2011/08/08,0,1605869,-11762000,-10156131
2011/08/09,0,2382373,-28863333,-26480960
2011/08/10,0,4195001,-22574190,-18379189
2011/08/11,0,6224000,-6222624,1376
2011/08/12,0,1203000,-10264022,-9061022
2011/08/15,0,4658663,-10067000,-5408337
2011/08/16,0,5507000,-11317000,-5810000
2011/08/17,0,6326132,-4670000,1656132
2011/08/18,0,4973322,-12582000,-7608678
2011/08/19,0,5886219,-9233000,-3346781
2011/08/22,0,5987611,-6138000,-150389
2011/08/23,0,3607000,-4048204,-441204
2011/08/24,0,6567942,-6930000,-362058
2011/08/25,0,4535594,-2218350,2317244
2011/08/26,0,7161795,-1809000,5352795
2011/08/29,0,3316000,-2478295,837705
2011/08/30,0,910369,-4619000,-3708631
2011/08/31,0,4294119,-2475000,1819119
2011/09/01,0,16604727,-4222727,12382000
2011/09/02,0,1779809,-12087000,-10307191
2011/09/05,0,3090000,-8318095,-5228095
2011/09/06,0,2308190,-21212241,-18904051
2011/09/07,0,10296117,-12117000,-1820883
2011/09/08,0,7629763,-7810247,-180484
2011/09/09,0,6595000,-14080064,-7485064
2011/09/12,0,0,0,0
2011/09/13,0,2508306,-12416000,-9907694
2011/09/14,0,4185905,-10580053,-6394148
2011/09/15,0,5946000,-10550594,-4604594
2011/09/16,0,19719000,-12163000,7556000
2011/09/19,0,3805599,-12209000,-8403401
2011/09/20,0,4594311,-11981001,-7386690
2011/09/21,0,4289787,-4844000,-554213
2011/09/22,0,1475049,-10211000,-8735951
2011/09/23,0,1942827,-5399000,-3456173
2011/09/26,0,4628001,-1793000,2835001
2011/09/27,0,6212283,-3284000,2928283
2011/09/28,0,5249339,-7964000,-2714661
2011/09/29,0,6031950,-6161484,-129534
2011/09/30,0,4292000,-5946000,-1654000
2011/10/03,0,3790034,-17355811,-13565777
2011/10/04,0,5839000,-2437799,3401201
2011/10/05,0,2176000,-4391000,-2215000
2011/10/06,0,6350000,-1020322,5329678
2011/10/07,0,6165000,-550863,5614137
2011/10/10,0,0,0,0
2011/10/11,0,6669000,-7425000,-756000
2011/10/12,0,3877000,-5720000,-1843000
2011/10/13,0,3807169,-3218000,589169
2011/10/14,0,2237295,-1483000,754295
2011/10/17,0,3618306,-2766000,852306
2011/10/18,0,1511230,-5094000,-3582770
2011/10/19,0,2367274,-2251000,116274
2011/10/20,0,1435076,-5965000,-4529924
2011/10/21,0,2281648,-1619000,662648
2011/10/24,0,9930770,-4779000,5151770
2011/10/25,0,3853929,-1567000,2286929
2011/10/26,0,5728000,-3772000,1956000
2011/10/27,0,12240000,-18638000,-6398000
2011/10/28,0,9602000,-10289000,-687000
2011/10/31,0,4609000,-6820000,-2211000
2011/11/01,0,3852000,-6643000,-2791000
2011/11/02,0,2949000,-4140000,-1191000
2011/11/03,0,5639000,-10720000,-5081000
2011/11/04,0,4308000,-546000,3762000
2011/11/07,0,781000,-889000,-108000
2011/11/08,0,1718982,-1569000,149982
2011/11/09,0,3082000,-1769000,1313000
2011/11/10,0,986000,-12632240,-11646240
2011/11/11,0,1860000,-4919000,-3059000
2011/11/14,0,1344000,-291000,1053000
2011/11/15,0,1633000,-1502000,131000
2011/11/16,0,3225000,-5633000,-2408000
2011/11/17,0,1355000,-4860544,-3505544
2011/11/18,0,3156000,-3348958,-192958
2011/11/21,0,4034000,-4826000,-792000
2011/11/22,0,3036000,-2604064,431936
2011/11/23,0,3308000,-12530000,-9222000
2011/11/24,0,9382000,-7581000,1801000
2011/11/25,0,8009000,-5817000,2192000
2011/11/28,0,10519124,-3550000,6969124
2011/11/29,0,5145000,-3577749,1567251
2011/11/30,0,7104000,-8091000,-987000
2011/12/01,0,14544000,-731259,13812741
2011/12/02,0,9598000,-3835000,5763000
2011/12/05,0,3579000,-2515000,1064000
2011/12/06,0,2476000,-2551000,-75000
2011/12/07,0,11955000,-1261000,10694000
2011/12/08,0,6744000,-2565000,4179000
2011/12/09,0,1599000,-2941000,-1342000
2011/12/12,0,1621000,-255000,1366000
2011/12/13,0,3576000,-1808000,1768000
2011/12/14,0,3753000,-4852970,-1099970
2011/12/15,0,1648000,-9427000,-7779000
2011/12/16,0,2791958,-4322711,-1530753
2011/12/19,0,4338000,-4043000,295000
2011/12/20,0,4983000,-5586600,-603600
2011/12/21,0,1103000,-3498400,-2395400
2011/12/22,0,3455000,-4969000,-1514000
2011/12/23,0,5362000,-1036000,4326000
2011/12/26,0,1761000,-1119000,642000
2011/12/27,0,2864000,-800000,2064000
2011/12/28,0,3299000,-822000,2477000
2011/12/29,0,4537000,-743890,3793110
2011/12/30,0,8019898,-1165000,6854898
2012/01/02,0,730000,-2387000,-1657000
2012/01/03,0,6254000,-1262000,4992000
2012/01/04,0,9801000,-3844000,5957000
2012/01/05,0,5514000,-2185000,3329000
2012/01/06,0,2953000,-7843000,-4890000
2012/01/09,0,4110000,-2050000,2060000
2012/01/10,0,10750000,-2389000,8361000
2012/01/11,0,10717000,-2323000,8394000
2012/01/12,0,5050000,-1715000,3335000
2012/01/13,0,8552000,-1129000,7423000
2012/01/16,0,2080000,-6014000,-3934000
2012/01/17,0,4101000,-423000,3678000
2012/01/18,0,7358000,-3772000,3586000
2012/01/19,0,0,0,0
2012/01/20,0,0,0,0
2012/01/23,0,0,0,0
2012/01/24,0,0,0,0
2012/01/25,0,0,0,0
2012/01/26,0,0,0,0
2012/01/27,0,0,0,0
2012/01/30,0,14261736,-3449000,10812736
2012/01/31,0,11609266,-6097000,5512266
2012/02/01,0,3801000,-7296600,-3495600
2012/02/02,0,5922000,-1657000,4265000
2012/02/03,0,2814000,-946000,1868000
2012/02/06,0,10593000,-2997000,7596000
2012/02/07,0,5707000,-775000,4932000
2012/02/08,0,5313000,-389000,4924000
2012/02/09,0,9383000,-3259423,6123577
2012/02/10,0,3322000,-7260000,-3938000
2012/02/13,0,4568000,-4818000,-250000
2012/02/14,0,6078610,-6211800,-133190
2012/02/15,0,11286000,-1444000,9842000
2012/02/16,0,5511000,-6773000,-1262000
2012/02/17,0,7480000,-2129000,5351000
2012/02/20,0,2505000,-1177000,1328000
2012/02/21,0,4381927,-3389000,992927
2012/02/22,0,8010723,-420000,7590723
2012/02/23,0,1538000,-2898000,-1360000
2012/02/24,0,4196800,-1347000,2849800
2012/02/27,0,0,0,0
2012/02/28,0,0,0,0
2012/02/29,0,15385898,-14349000,1036898
2012/03/01,0,4730473,-1184000,3546473
2012/03/02,0,5872731,-4516000,1356731
2012/03/05,0,2949000,-3083000,-134000
2012/03/06,0,4036000,-2783000,1253000
2012/03/07,0,4241000,-4071000,170000
2012/03/08,0,5893000,-7090000,-1197000
2012/03/09,0,1868000,-2367000,-499000
2012/03/12,0,1615000,-2898000,-1283000
2012/03/13,0,10828000,-10058000,770000
2012/03/14,0,8108000,-3274409,4833591
2012/03/15,0,11077000,-3582000,7495000
2012/03/16,0,18162000,-3308791,14853209
2012/03/19,0,6065000,-2628000,3437000
2012/03/20,0,7249000,-3260000,3989000
2012/03/21,0,8907699,-8862699,45000
2012/03/22,0,7454000,-691000,6763000
2012/03/23,0,4860000,-2475000,2385000
2012/03/26,0,5563000,-8833000,-3270000
2012/03/27,0,4926000,-1692000,3234000
2012/03/28,0,2200000,-917922,1282078
2012/03/29,0,3453000,-5573000,-2120000
2012/03/30,0,7678109,-2939384,4738725
2012/04/02,0,2503000,-1943000,560000
2012/04/03,0,3355248,-887004,2468244
2012/04/04,0,0,0,0
2012/04/05,0,3871000,-2980771,890229
2012/04/06,0,1461000,-6465014,-5004014
2012/04/09,0,2380000,-4163000,-1783000
2012/04/10,0,3226000,-5262000,-2036000
2012/04/11,0,1998000,-4871688,-2873688
2012/04/12,0,3719000,-10073000,-6354000
2012/04/13,0,6800128,-23118874,-16318746
2012/04/16,0,2424000,-1915000,509000
2012/04/17,0,4533000,-8355000,-3822000
2012/04/18,0,3193000,-4811000,-1618000
2012/04/19,0,4534000,-2043000,2491000
2012/04/20,0,4567000,-2969498,1597502
2012/04/23,0,5527000,-3402000,2125000
2012/04/24,0,5138000,-4726000,412000
2012/04/25,0,1531000,-644000,887000
2012/04/26,0,3012000,-2458000,554000
2012/04/27,0,7493810,-4599000,2894810
2012/04/30,0,5552000,-1572063,3979937
2012/05/01,0,0,0,0
2012/05/02,0,10855000,-1624000,9231000
2012/05/03,0,3907000,-2676000,1231000
2012/05/04,0,5963000,-3637000,2326000
2012/05/07,0,1922000,-9510000,-7588000
2012/05/08,0,2068000,-2650300,-582300
2012/05/09,0,1941000,-5931000,-3990000
2012/05/10,0,1924034,-2313733,-389699
2012/05/11,0,2570594,-5132000,-2561406
2012/05/14,0,1196000,-1475000,-279000
2012/05/15,0,5178000,-2769000,2409000
2012/05/16,0,2637000,-8387000,-5750000
2012/05/17,0,4993593,-2828000,2165593
2012/05/18,0,2608000,-13984000,-11376000
2012/05/21,0,1582000,-4452000,-2870000
2012/05/22,0,613000,-2949000,-2336000
2012/05/23,0,1946000,-5607000,-3661000
2012/05/24,0,4010000,-1552000,2458000
2012/05/25,0,2733000,-1107000,1626000
2012/05/28,0,1764006,-1540006,224000
2012/05/29,0,3169000,-1393000,1776000
2012/05/30,0,11683000,-13181212,-1498212
2012/05/31,0,9628802,-11223904,-1595102
2012/06/01,0,1931000,-3105967,-1174967
2012/06/04,0,4638200,-1797787,2840413
2012/06/05,0,4113000,-3523000,590000
2012/06/06,0,1010000,-3363000,-2353000
2012/06/07,0,2877436,-1828000,1049436
2012/06/08,0,1797879,-5464391,-3666512
2012/06/11,0,4184040,-3042000,1142040
2012/06/12,0,1615000,-4222000,-2607000
2012/06/13,0,3755199,-2900675,854524
2012/06/14,0,3597303,-280869,3316434
2012/06/15,0,7496396,-4872235,2624161
2012/06/18,0,4889284,-2375166,2514118
2012/06/19,0,4709248,-1914000,2795248
2012/06/20,0,6006153,-3487000,2519153
2012/06/21,0,1287173,-1250000,37173
2012/06/22,0,3114097,-11285000,-8170903
2012/06/25,0,1203000,-5149029,-3946029
2012/06/26,0,1732000,-2459000,-727000
2012/06/27,0,7382000,-5974000,1408000
2012/06/28,0,3346000,-4134000,-788000
2012/06/29,0,7112010,-1263000,5849010
2012/07/02,0,1743000,-5051000,-3308000
2012/07/03,0,3762000,-837000,2925000
2012/07/04,0,3190155,-1785024,1405131
2012/07/05,0,3590000,-665000,2925000
2012/07/06,0,4203000,-573000,3630000
2012/07/09,0,3740000,-331000,3409000
2012/07/10,0,3100000,-1182464,1917536
2012/07/11,0,3004552,-774000,2230552
2012/07/12,0,5511649,-6027000,-515351
2012/07/13,0,1942641,-647178,1295463
2012/07/16,0,2121000,-993000,1128000
2012/07/17,0,3056000,-840000,2216000
2012/07/18,0,1876000,-4298300,-2422300
2012/07/19,0,4708000,-1090000,3618000
2012/07/20,0,2879000,-777000,2102000
2012/07/23,0,1526000,-4450000,-2924000
2012/07/24,0,2912000,-2719000,193000
2012/07/25,0,700000,-5096000,-4396000
2012/07/26,0,2182000,-2753816,-571816
2012/07/27,0,10052000,-321000,9731000
2012/07/30,0,5139178,-5843000,-703822
2012/07/31,0,10710282,-2670101,8040181
2012/08/01,0,3224000,-2014000,1210000
2012/08/02,0,0,0,0
2012/08/03,0,2564422,-3169000,-604578
2012/08/06,0,6680000,-837000,5843000
2012/08/07,0,5025000,-909000,4116000
2012/08/08,0,5592050,-974580,4617470
2012/08/09,0,11545000,-20437000,-8892000
2012/08/10,0,6385000,-9058000,-2673000
2012/08/13,0,6676000,-7848000,-1172000
2012/08/14,0,8104180,-55109000,-47004820
2012/08/15,0,33721000,-42336000,-8615000
2012/08/16,0,8407000,-15568000,-7161000
2012/08/17,0,4395000,-16779000,-12384000
2012/08/20,0,6628000,-12900000,-6272000
2012/08/21,0,14480980,-16373157,-1892177
2012/08/22,0,15161296,-55595000,-40433704
2012/08/23,0,10648349,-39703000,-29054651
2012/08/24,0,9176000,-44187926,-35011926
2012/08/27,0,10963000,-21054000,-10091000
2012/08/28,0,8273895,-11347000,-3073105
2012/08/29,0,10723000,-15277000,-4554000
2012/08/30,0,13351000,-11792000,1559000
2012/08/31,0,13255141,-11001445,2253696
2012/09/03,0,9878500,-10664000,-785500
2012/09/04,0,8251000,-7016000,1235000
2012/09/05,0,9268000,-9810000,-542000
2012/09/06,0,8977500,-7518000,1459500
2012/09/07,0,12957451,-16554000,-3596549
2012/09/10,0,13005448,-53859000,-40853552
2012/09/11,0,11886000,-38200000,-26314000
2012/09/12,0,9248000,-119148927,-109900927
2012/09/13,0,10114000,-33607000,-23493000
2012/09/14,0,11814000,-26176705,-14362705
2012/09/17,0,19080000,-65857000,-46777000
2012/09/18,0,10390000,-24017000,-13627000
2012/09/19,0,8814000,-2940000,5874000
2012/09/20,0,15962000,-17290047,-1328047
2012/09/21,0,8538000,-5020000,3518000
2012/09/24,0,3470000,-3036000,434000
2012/09/25,0,6456000,-1460146,4995854
2012/09/26,0,2303000,-4093000,-1790000
2012/09/27,0,6471000,-9053578,-2582578
2012/09/28,0,11794000,-10933304,860696
2012/10/01,0,1557000,-2353000,-796000
2012/10/02,0,4798000,-1436000,3362000
2012/10/03,0,1416000,-1776000,-360000
2012/10/04,0,4258000,-5840000,-1582000
2012/10/05,0,2423000,-11510189,-9087189
2012/10/08,0,3520000,-8550000,-5030000
2012/10/09,0,8386000,-6039000,2347000
2012/10/10,0,0,0,0
2012/10/11,0,5535000,-9113000,-3578000
2012/10/12,0,1672000,-3176000,-1504000
2012/10/15,0,51760000,-285397985,-233637985
2012/10/16,0,12766000,-9532000,3234000
2012/10/17,0,15644000,-5975670,9668330
2012/10/18,0,16967000,-20232008,-3265008
2012/10/19,0,66233000,-72708000,-6475000
2012/10/22,0,2646000,-1951957,694043
2012/10/23,0,1229400,-1991466,-762066
2012/10/24,0,684000,-2039462,-1355462
2012/10/25,0,2077000,-4246294,-2169294
2012/10/26,0,11571000,-5499000,6072000
2012/10/29,0,4364800,-2758096,1606704
2012/10/30,0,7500000,-6055000,1445000
2012/10/31,0,3856000,-4455000,-599000
2012/11/01,0,3418000,-7663000,-4245000
2012/11/02,0,6704000,-4986000,1718000
2012/11/05,0,3918000,-6409000,-2491000
2012/11/06,0,9482000,-2201000,7281000
2012/11/07,0,9644000,-5435000,4209000
2012/11/08,0,5994000,-6680000,-686000
2012/11/09,0,5019000,-5358000,-339000
2012/11/12,0,3207000,-3017000,190000
2012/11/13,0,7247000,-12552000,-5305000
2012/11/14,0,1725000,-3563000,-1838000
2012/11/15,0,3707000,-9228000,-5521000
2012/11/16,0,5871000,-7116000,-1245000
2012/11/19,0,2459000,-2210000,249000
2012/11/20,0,1755000,-1099000,656000
2012/11/21,0,2012000,-4652000,-2640000
2012/11/22,0,4697000,-699000,3998000
2012/11/23,0,10956000,-366000,10590000
2012/11/26,0,4222000,-2189000,2033000
2012/11/27,0,8870000,-3634000,5236000
2012/11/28,0,7523200,-7554794,-31594
2012/11/29,0,9903000,-7194888,2708112
2012/11/30,0,16547100,-11273372,5273728
2012/12/03,0,8674000,-7255150,1418850
2012/12/04,0,6643000,-5948000,695000
2012/12/05,0,9703000,-2574637,7128363
2012/12/06,0,8756000,-5926955,2829045
2012/12/07,0,5974000,-5784904,189096
2012/12/10,0,4546000,-753000,3793000
2012/12/11,0,10454793,-2027000,8427793
2012/12/12,0,6563000,-5064600,1498400
2012/12/13,0,5360850,-4405000,955850
2012/12/14,0,5448565,-1999006,3449559
2012/12/17,0,6538000,-3973000,2565000
2012/12/18,0,6035000,-3297263,2737737
2012/12/19,0,5171000,-9105400,-3934400
2012/12/20,0,6766000,-4309400,2456600
2012/12/21,0,7657000,-6071546,1585454
2012/12/24,0,1773000,-3834000,-2061000
2012/12/25,0,3684000,-2715000,969000
2012/12/26,0,2746000,-1269374,1476626
2012/12/27,0,2763667,-1719000,1044667
2012/12/28,0,4184000,-2915000,1269000
2012/12/31,0,0,0,0
2013/01/01,0,0,0,0
2013/01/02,0,8991000,-4641000,4350000
2013/01/03,0,10390000,-2042000,8348000
2013/01/04,0,4527000,-5697000,-1170000
2013/01/07,0,6274000,-2686800,3587200
2013/01/08,0,1187000,-5531000,-4344000
2013/01/09,0,4631000,-1970000,2661000
2013/01/10,0,20268000,-5713000,14555000
2013/01/11,0,4299000,-3942000,357000
2013/01/14,0,1179652,-4305000,-3125348
2013/01/15,0,1620000,-5242000,-3622000
2013/01/16,0,5203000,-3633000,1570000
2013/01/17,0,8241500,-8980000,-738500
2013/01/18,0,1770000,-7889000,-6119000
2013/01/21,0,1715000,-5762000,-4047000
2013/01/22,0,1543000,-1690437,-147437
2013/01/23,0,4451000,-4918767,-467767
2013/01/24,0,3430000,-2215000,1215000
2013/01/25,0,4625000,-8477000,-3852000
2013/01/28,0,8073000,-3901000,4172000
2013/01/29,0,8150600,-4158871,3991729
2013/01/30,0,9273000,-3916829,5356171
2013/01/31,0,24061940,-11780000,12281940
2013/02/01,0,8065833,-4667000,3398833
2013/02/04,0,11297000,-2742000,8555000
2013/02/05,0,9532000,-4376205,5155795
2013/02/06,0,12090000,-7144000,4946000
2013/02/07,0,0,0,0
2013/02/08,0,0,0,0
2013/02/11,0,0,0,0
2013/02/12,0,0,0,0
2013/02/13,0,0,0,0
2013/02/14,0,0,0,0
2013/02/15,0,0,0,0
2013/02/18,0,12185072,-8339000,3846072
2013/02/19,0,7060540,-8841329,-1780789
2013/02/20,0,21618909,-23593000,-1974091
2013/02/21,0,7982000,-12390713,-4408713
2013/02/22,0,7021000,-14116000,-7095000
2013/02/25,0,26270822,-7712505,18558317
2013/02/26,0,3418479,-7211000,-3792521
2013/02/27,0,5905388,-11046207,-5140819
2013/02/28,0,0,0,0
2013/03/01,0,11094000,-5716000,5378000
2013/03/04,0,2951000,-11566000,-8615000
2013/03/05,0,11649000,-5381832,6267168
2013/03/06,0,5448000,-5319000,129000
2013/03/07,0,3121000,-9456286,-6335286
2013/03/08,0,7273300,-26086000,-18812700
2013/03/11,0,14173000,-11836000,2337000
2013/03/12,0,20091000,-12060883,8030117
2013/03/13,0,19020000,-14657000,4363000
2013/03/14,0,6331000,-12086242,-5755242
2013/03/15,0,17094000,-13199000,3895000
2013/03/18,0,9384000,-16142000,-6758000
2013/03/19,0,14386000,-10637059,3748941
2013/03/20,0,13147000,-18805774,-5658774
2013/03/21,0,3277479,-9721000,-6443521
2013/03/22,0,5239000,-4771783,467217
2013/03/25,0,1856000,-1457000,399000
2013/03/26,0,11567000,-5053000,6514000
2013/03/27,0,5022000,-4425000,597000
2013/03/28,0,11188000,-2511000,8677000
2013/03/29,0,4170000,-950000,3220000
2013/04/01,0,2071572,-349000,1722572
2013/04/02,0,8025000,-3874000,4151000
2013/04/03,0,6815000,-2370000,4445000
2013/04/04,0,0,0,0
2013/04/05,0,0,0,0
2013/04/08,0,4958000,-8832891,-3874891
2013/04/09,0,2251000,-5264377,-3013377
2013/04/10,0,5586000,-5544000,42000
2013/04/11,0,4873761,-8252000,-3378239
2013/04/12,0,2386000,-6966000,-4580000
2013/04/15,0,2463728,-8408000,-5944272
2013/04/16,0,4686323,-653600,4032723
2013/04/17,0,6477000,-15994000,-9517000
2013/04/18,0,1823000,-10216000,-8393000
2013/04/19,0,8237000,-2210000,6027000
2013/04/22,0,6190000,-994000,5196000
2013/04/23,0,2110000,-1190149,919851
2013/04/24,0,5100000,-156000,4944000
2013/04/25,0,5250708,-3558000,1692708
2013/04/26,0,8651000,-3633000,5018000
2013/04/29,0,5363000,-8033000,-2670000
2013/04/30,0,11652000,-6148000,5504000
2013/05/01,0,0,0,0
2013/05/02,0,14636000,-7478531,7157469
2013/05/03,0,7646000,-3277000,4369000
2013/05/06,0,7507000,-8470625,-963625
2013/05/07,0,10295000,-1386730,8908270
2013/05/08,0,13348000,-1553413,11794587
2013/05/09,0,9707639,-2891000,6816639
2013/05/10,0,4700000,-12930000,-8230000
2013/05/13,0,9457000,-1729000,7728000
2013/05/14,0,20089000,-2599000,17490000
2013/05/15,0,16273000,-4532000,11741000
2013/05/16,0,6932000,-6933000,-1000
2013/05/17,0,2887000,-7156000,-4269000
2013/05/20,0,6334000,-2917000,3417000
2013/05/21,0,6887000,-3383789,3503211
2013/05/22,0,10978000,-1209000,9769000
2013/05/23,0,18321000,-7787000,10534000
2013/05/24,0,10584008,-3668200,6915808
2013/05/27,0,7164814,-4447000,2717814
2013/05/28,0,8199000,-9786000,-1587000
2013/05/29,0,9577000,-1496000,8081000
2013/05/30,0,8848000,-9605000,-757000
2013/05/31,0,12921000,-7585907,5335093
2013/06/03,0,2175000,-6159000,-3984000
2013/06/04,0,4477000,-19072860,-14595860
2013/06/05,0,5366000,-7832400,-2466400
2013/06/06,0,2009377,-6836600,-4827223
2013/06/07,0,6406000,-4652985,1753015
2013/06/10,0,5347000,-1845000,3502000
2013/06/11,0,2900237,-4586105,-1685868
2013/06/12,0,0,0,0
2013/06/13,0,6753000,-11183571,-4430571
2013/06/14,0,3172000,-9243458,-6071458
2013/06/17,0,4643644,-2582000,2061644
2013/06/18,0,7737000,-7783926,-46926
2013/06/19,0,6279131,-7870001,-1590870
2013/06/20,0,8671000,-6887560,1783440
2013/06/21,0,3459278,-6794880,-3335602
2013/06/24,0,4281458,-11434957,-7153499
2013/06/25,0,2905000,-8418000,-5513000
2013/06/26,0,10467481,-14135091,-3667610
2013/06/27,0,6388519,-6342000,46519
2013/06/28,0,14367000,-13998000,369000
2013/07/01,0,3916000,-3957000,-41000
2013/07/02,0,6217000,-4689836,1527164
2013/07/03,0,34006000,-5044229,28961771
2013/07/04,0,1165000,-2972000,-1807000
2013/07/05,0,9868000,-2012000,7856000
2013/07/08,0,4009000,-4259000,-250000
2013/07/09,0,4063000,-3246000,817000
2013/07/10,0,7087000,-7826000,-739000
2013/07/11,0,31757000,-1254588,30502412
2013/07/12,0,40802000,-3019000,37783000
2013/07/15,0,17631924,-739514,16892410
2013/07/16,0,31416000,-426370,30989630
2013/07/17,0,20697000,-384000,20313000
2013/07/18,0,49365000,-5692000,43673000
2013/07/19,0,21294531,-1715000,19579531
2013/07/22,0,27187358,-2206000,24981358
2013/07/23,0,23299000,-1366000,21933000
2013/07/24,0,16120000,-1737000,14383000
2013/07/25,0,25005000,-2652000,22353000
2013/07/26,0,15140000,-1604000,13536000
2013/07/29,0,6280000,-2595000,3685000
2013/07/30,0,7634000,-6785000,849000
2013/07/31,0,20653000,-11722000,8931000
2013/08/01,0,4122000,-2650000,1472000
2013/08/02,0,9560000,-2098000,7462000
2013/08/05,0,2264300,-972493,1291807
2013/08/06,0,4873000,-6210000,-1337000
2013/08/07,0,13848000,-14347000,-499000
2013/08/08,0,7732000,-14519000,-6787000
2013/08/09,0,11481000,-10481000,1000000
2013/08/12,0,8347411,-4900000,3447411
2013/08/13,0,16048889,-3629006,12419883
2013/08/14,0,12065739,-6850000,5215739
2013/08/15,0,2881000,-6950176,-4069176
2013/08/16,0,3431000,-4597616,-1166616
2013/08/19,0,3405001,-6033000,-2627999
2013/08/20,0,5638210,-4603210,1035000
2013/08/21,0,0,0,0
2013/08/22,0,14738210,-16371000,-1632790
2013/08/23,0,7013971,-4451755,2562216
2013/08/26,0,1698929,-2454000,-755071
2013/08/27,0,5406000,-2561000,2845000
2013/08/28,0,4122000,-4769000,-647000
2013/08/29,0,9964000,-2563000,7401000
2013/08/30,0,18542000,-2675000,15867000
2013/09/02,0,7909000,-1219000,6690000
2013/09/03,0,11860000,-4717198,7142802
2013/09/04,0,14967000,-2108000,12859000
2013/09/05,0,8358338,-1919000,6439338
2013/09/06,0,8215000,-3959000,4256000
2013/09/09,0,10968000,-4875000,6093000
2013/09/10,0,15689000,-16959075,-1270075
2013/09/11,0,18503000,-7377272,11125728
2013/09/12,0,14563000,-5015056,9547944
2013/09/13,0,7848500,-5473000,2375500
2013/09/16,0,12622202,-6024000,6598202
2013/09/17,0,8105000,-2890871,5214129
2013/09/18,0,7340288,-2306000,5034288
2013/09/19,0,0,0,0
2013/09/20,0,0,0,0
2013/09/23,0,16522000,-3632412,12889588
2013/09/24,0,9547000,-8001373,1545627
2013/09/25,0,22677000,-6453853,16223147
2013/09/26,0,11730000,-3940000,7790000
2013/09/27,0,16967000,-2729523,14237477
2013/09/30,0,16464000,-11682049,4781951
2013/10/01,0,4783000,-4470072,312928
2013/10/02,0,7090939,-12006114,-4915175
2013/10/03,0,17488626,-4189000,13299626
2013/10/04,0,7430000,-1435439,5994561
2013/10/07,0,15608691,-5030284,10578407
2013/10/08,0,23189280,-8072670,15116610
2013/10/09,0,18120000,-15411321,2708679
2013/10/10,0,0,0,0
2013/10/11,0,23128303,-7209012,15919291
2013/10/14,0,4332001,-974309,3357692
2013/10/15,0,10009000,-1284034,8724966
2013/10/16,0,10076709,-5445613,4631096
2013/10/17,0,4202000,-3751001,450999
2013/10/18,0,6943000,-1529608,5413392
2013/10/21,0,6577000,-4424000,2153000
2013/10/22,0,7209000,-11412615,-4203615
2013/10/23,0,8781719,-2292628,6489091
2013/10/24,0,7562000,-656000,6906000
2013/10/25,0,4262000,-7606000,-3344000
2013/10/28,0,3878000,-7392000,-3514000
2013/10/29,0,11082000,-12734408,-1652408
2013/10/30,0,6071581,-9568000,-3496419
2013/10/31,0,12896119,-18239762,-5343643
2013/11/01,0,12662000,-8544000,4118000
2013/11/04,0,6179000,-5929464,249536
2013/11/05,0,3665000,-4182716,-517716
2013/11/06,0,13509000,-14330000,-821000
2013/11/07,0,7971000,-14509000,-6538000
2013/11/08,0,10824000,-9358000,1466000
2013/11/11,0,17038275,-17542930,-504655
2013/11/12,0,12242000,-5259833,6982167
2013/11/13,0,3581650,-10144000,-6562350
2013/11/14,0,6065000,-20188444,-14123444
2013/11/15,0,5856000,-2744709,3111291
2013/11/18,0,7562000,-6613859,948141
2013/11/19,0,7037000,-10356079,-3319079
2013/11/20,0,5510000,-6959518,-1449518
2013/11/21,0,4623000,-13675500,-9052500
2013/11/22,0,10546000,-9893283,652717
2013/11/25,0,10491000,-4755231,5735769
2013/11/26,0,16559846,-6748825,9811021
2013/11/27,0,8356073,-2428884,5927189
2013/11/28,0,6908000,-355796,6552204
2013/11/29,0,3847000,-3524657,322343
2013/12/02,0,13238322,-4001833,9236489
2013/12/03,0,3978839,-3059973,918866
2013/12/04,0,9534023,-6549101,2984922
2013/12/05,0,4738532,-9185031,-4446499
2013/12/06,0,2740000,-7021254,-4281254
2013/12/09,0,14129000,-1724570,12404430
2013/12/10,0,2557000,-2070000,487000
2013/12/11,0,5146000,-3445099,1700901
2013/12/12,0,340914,-5613582,-5272668
2013/12/13,0,6396000,-7821000,-1425000
2013/12/16,0,2434268,-13278708,-10844440
2013/12/17,0,5458000,-5232557,225443
2013/12/18,0,12134002,-6899335,5234667
2013/12/19,0,9608000,-4467702,5140298
2013/12/20,0,5266000,-3039268,2226732
2013/12/23,0,8491000,-2638000,5853000
2013/12/24,0,2962000,-1437081,1524919
2013/12/25,0,1832000,-862000,970000
2013/12/26,0,570000,-672000,-102000
2013/12/27,0,4494000,-2239000,2255000
2013/12/30,0,5479514,-1271003,4208511
2013/12/31,0,6283000,-1425000,4858000
2014/01/02,0,3676000,-4287526,-611526
2014/01/03,0,3105000,-3505000,-400000
2014/01/06,0,8252000,-5166621,3085379
2014/01/07,0,11991000,-4079000,7912000
2014/01/08,0,10646250,-5477601,5168649
2014/01/09,0,13459000,-5917131,7541869
2014/01/10,0,17063000,-6585000,10478000
2014/01/13,0,10688431,-783498,9904933
2014/01/14,0,8789000,-2413000,6376000
2014/01/15,0,4341000,-3898000,443000
2014/01/16,0,2811000,-5080938,-2269938
2014/01/17,0,2897682,-6235635,-3337953
2014/01/20,0,8535000,-1659472,6875528
2014/01/21,0,1706000,-4358497,-2652497
2014/01/22,0,4865252,-7259999,-2394747
2014/01/23,0,2040000,-3803396,-1763396
2014/01/24,0,4766000,-7893679,-3127679
2014/01/27,0,17140111,-28919032,-11778921
2014/02/05,0,13002127,-33186383,-20184256
2014/02/06,0,7004000,-19824397,-12820397
2014/02/07,0,7642000,-7347415,294585
2014/02/10,0,1290000,-5154078,-3864078
2014/02/11,0,8210000,-4413327,3796673
2014/02/12,0,3923000,-5039803,-1116803
2014/02/13,0,3617000,-3252565,364435
2014/02/14,0,5934000,-1082875,4851125
2014/02/17,0,2950000,-2022598,927402
2014/02/18,0,6570000,-3547084,3022916
2014/02/19,0,6181000,-4085747,2095253
2014/02/20,0,7328000,-5380098,1947902
2014/02/21,0,4742000,-4570006,171994
2014/02/24,0,8567000,-3264860,5302140
2014/02/25,0,6977591,-9930664,-2953073
2014/02/26,0,7196000,-11430575,-4234575
2014/02/27,0,7744000,-3011539,4732461
2014/03/03,0,7095000,-10904009,-3809009
2014/03/04,0,6949000,-6716381,232619
2014/03/05,0,2715000,-5814000,-3099000
2014/03/06,0,4548513,-8378256,-3829743
2014/03/07,0,6844000,-9560819,-2716819
2014/03/10,0,5634000,-13392000,-7758000
2014/03/11,0,2298000,-29033328,-26735328
2014/03/12,0,11046000,-18203710,-7157710
2014/03/13,0,8555000,-16541849,-7986849
2014/03/14,0,13030000,-18220123,-5190123
2014/03/17,0,2200000,-6309000,-4109000
2014/03/18,0,5985000,-10237810,-4252810
2014/03/19,0,2098000,-7277439,-5179439
2014/03/20,0,11076000,-14286253,-3210253
2014/03/21,0,8983000,-16754592,-7771592
2014/03/24,0,7651000,-6941250,709750
2014/03/25,0,3095000,-11216526,-8121526
2014/03/26,0,12299000,-11683623,615377
2014/03/27,0,9567000,-11623000,-2056000
2014/03/28,0,7109000,-6603113,505887
2014/03/31,0,10567299,-6565634,4001665
2014/04/01,0,5642128,-5132554,509574
2014/04/02,0,2963000,-7228000,-4265000
2014/04/03,0,12913000,-3487979,9425021
2014/04/07,0,11653250,-9453000,2200250
2014/04/08,0,8185000,-9564341,-1379341
2014/04/09,0,4179000,-6301823,-2122823
2014/04/10,0,5185000,-7692787,-2507787
2014/04/11,0,3950000,-4677000,-727000
2014/04/14,0,2234000,-3155000,-921000
2014/04/15,0,7060000,-5772000,1288000
2014/04/16,0,10018000,-9489000,529000
2014/04/17,0,5669000,-4124629,1544371
2014/04/18,0,6242000,-1048000,5194000
2014/04/21,0,3667378,-503000,3164378
2014/04/22,0,10491273,-5024000,5467273
2014/04/23,0,8274834,-3732783,4542051
2014/04/24,0,9012000,-10494059,-1482059
2014/04/25,0,10237860,-7401632,2836228
2014/04/28,0,11646096,-7348490,4297606
2014/04/29,0,6652000,-9456685,-2804685
2014/04/30,0,10299000,-14758076,-4459076
2014/05/02,0,3036337,-2395590,640747
2014/05/05,0,4848747,-3279000,1569747
2014/05/06,0,6069000,-8712440,-2643440
2014/05/07,0,3775000,-8614926,-4839926
2014/05/08,0,5129000,-6771875,-1642875
2014/05/09,0,989000,-8696007,-7707007
2014/05/12,0,3839000,-3942576,-103576
2014/05/13,0,5710000,-4139056,1570944
2014/05/14,0,9613000,-27228043,-17615043
2014/05/15,0,10942000,-8477000,2465000
2014/05/16,0,8187000,-10789513,-2602513
2014/05/19,0,6249126,-3498292,2750834
2014/05/20,0,5314000,-6242046,-928046
2014/05/21,0,3884000,-12859497,-8975497
2014/05/22,0,4775000,-5449000,-674000
2014/05/23,0,5043983,-5273363,-229380
2014/05/26,0,3050000,-296000,2754000
2014/05/27,0,4372000,-392000,3980000
2014/05/28,0,12652020,-15765639,-3113619
2014/05/29,0,7493000,-6877263,615737
2014/05/30,0,49164472,-43979936,5184536
2014/06/03,0,12396505,-13423185,-1026680
2014/06/04,0,3929000,-4308598,-379598
2014/06/05,0,5008035,-18514000,-13505965
2014/06/06,0,2181000,-5179563,-2998563
2014/06/09,0,4304000,-3840179,463821
2014/06/10,0,7973824,-9745000,-1771176
2014/06/11,0,8719500,-23863302,-15143802
2014/06/12,0,6433000,-4845489,1587511
2014/06/13,0,4346000,-2070022,2275978
2014/06/16,0,5204000,-3261821,1942179
2014/06/17,0,4435000,-8506380,-4071380
2014/06/18,0,10489000,-22599150,-12110150
2014/06/19,0,3782901,-8564000,-4781099
2014/06/20,0,8488000,-7972150,515850
2014/06/23,0,3374000,-11247604,-7873604
2014/06/24,0,2431000,-6625209,-4194209
2014/06/25,0,1848000,-1105375,742625
2014/06/26,0,4100781,-3556461,544320
2014/06/27,0,2930000,-15013000,-12083000
2014/06/30,0,5471000,-7705703,-2234703
2014/07/01,0,4734000,-1277000,3457000
2014/07/02,0,4126531,-9204635,-5078104
2014/07/03,0,1096000,-8304543,-7208543
2014/07/04,0,2889825,-3662000,-772175
2014/07/07,0,4085000,-1511000,2574000
2014/07/08,0,12034083,-2087019,9947064
2014/07/09,0,8865000,-1701000,7164000
2014/07/10,0,6863180,-3760000,3103180
2014/07/11,0,5319662,-7385477,-2065815
2014/07/14,0,5861808,-12040398,-6178590
2014/07/15,0,12115643,-11694000,421643
2014/07/16,0,4330000,-8201555,-3871555
2014/07/17,0,24465856,-6215037,18250819
2014/07/18,0,4063000,-1768524,2294476
2014/07/21,0,10533000,-6517000,4016000
2014/07/22,0,15038000,-4287595,10750405
2014/07/23,0,0,0,0
2014/07/24,0,38498000,-39268412,-770412
2014/07/25,0,20431000,-3173272,17257728
2014/07/28,0,24148880,-4561880,19587000
2014/07/29,0,17931000,-10524500,7406500
2014/07/30,0,14529000,-9590049,4938951
2014/07/31,0,21095000,-15464000,5631000
2014/08/01,0,10678000,-1999217,8678783
2014/08/04,0,10199000,-8688000,1511000
2014/08/05,0,21669000,-19037042,2631958
2014/08/06,0,13219000,-8191477,5027523
2014/08/07,0,15041386,-20679490,-5638104
2014/08/08,0,8774000,-6526456,2247544
2014/08/11,0,5158000,-3106000,2052000
2014/08/12,0,5540000,-9109854,-3569854
2014/08/13,0,6161000,-2918011,3242989
2014/08/14,0,4342011,-9812531,-5470520
2014/08/15,0,5526000,-14972000,-9446000
2014/08/18,0,5617000,-21776412,-16159412
2014/08/19,0,3883706,-2954000,929706
2014/08/20,0,7172268,-6915915,256353
2014/08/21,0,2177000,-7147671,-4970671
2014/08/22,0,6803364,-7034872,-231508
2014/08/25,0,1628000,-3008400,-1380400
2014/08/26,0,4372571,-2354600,2017971
2014/08/27,0,7676000,-15774000,-8098000
2014/08/28,0,7102288,-6648000,454288
2014/08/29,0,12947000,-11506000,1441000
2014/09/01,0,15455602,-6853602,8602000
2014/09/02,0,5606000,-5271000,335000
2014/09/03,0,9831292,-5498273,4333019
2014/09/04,0,13651035,-1587721,12063314
2014/09/05,0,11077000,-10785911,291089
2014/09/09,0,17363000,-10563000,6800000
2014/09/10,0,13129609,-8837000,4292609
2014/09/11,0,16084550,-5076000,11008550
2014/09/12,0,8143048,-2005000,6138048
2014/09/15,0,8623000,-8277500,345500
2014/09/16,0,8188935,-10574000,-2385065
2014/09/17,0,18035000,-6643000,11392000
2014/09/18,0,13429096,-3177000,10252096
2014/09/19,0,11251250,-3693000,7558250
2014/09/22,0,9359000,-11485000,-2126000
2014/09/23,0,13006000,-7642757,5363243
2014/09/24,0,6960800,-15530500,-8569700
2014/09/25,0,7612000,-25817954,-18205954
2014/09/26,0,12900119,-10062119,2838000
2014/09/29,0,5852000,-15756000,-9904000
2014/09/30,0,25386000,-30996905,-5610905
2014/10/01,0,2884647,-14242000,-11357353
2014/10/02,0,7948000,-16174000,-8226000
2014/10/03,0,2251000,-6677000,-4426000
2014/10/06,0,1401912,-13694100,-12292188
2014/10/07,0,2982000,-4816196,-1834196
2014/10/08,0,9641006,-12758161,-3117155
2014/10/09,0,16043000,-5560049,10482951
2014/10/13,0,13412000,-13229000,183000
2014/10/14,0,10975000,-9392819,1582181
2014/10/15,0,12138000,-17990000,-5852000
2014/10/16,0,17198000,-23290336,-6092336
2014/10/17,0,12972000,-13428457,-456457
2014/10/20,0,7877387,-5696000,2181387
2014/10/21,0,2894000,-5099467,-2205467
2014/10/22,0,2717000,-5200505,-2483505
2014/10/23,0,2056000,-1059000,997000
2014/10/24,0,4775000,-2655931,2119069
2014/10/27,0,7420000,-607007,6812993
2014/10/28,0,13601000,-8705419,4895581
2014/10/29,0,9139024,-4796999,4342025
2014/10/30,0,7489153,-5760628,1728525
2014/10/31,0,13323000,-8137000,5186000
2014/11/03,0,7878000,-3864200,4013800
2014/11/04,0,6000000,-2107849,3892151
2014/11/05,0,2764046,-3262540,-498494
2014/11/06,0,3610000,-1411051,2198949
2014/11/07,0,3938000,-2909018,1028982
2014/11/10,0,15516000,-2577000,12939000
2014/11/11,0,3928000,-577594,3350406
2014/11/12,0,4042000,-8735641,-4693641
2014/11/13,0,10402000,-7877000,2525000
2014/11/14,0,5648901,-7040881,-1391980
2014/11/17,0,3204000,-6722226,-3518226
2014/11/18,0,8745162,-6357949,2387213
2014/11/19,0,12087000,-11572302,514698
2014/11/20,0,10462000,-2980346,7481654
2014/11/21,0,7422000,-3074607,4347393
2014/11/24,0,6080000,-1208383,4871617
2014/11/25,0,9538665,-7117512,2421153
2014/11/26,0,6864000,-2770812,4093188
2014/11/27,0,6133000,-1774000,4359000
2014/11/28,0,6136000,-3518097,2617903
2014/12/01,0,13141789,-8927000,4214789
2014/12/02,0,7897000,-18838874,-10941874
2014/12/03,0,4659000,-5227616,-568616
2014/12/04,0,3583923,-1677000,1906923
2014/12/05,0,2308000,-2061000,247000
2014/12/08,0,6517000,-3404332,3112668
2014/12/09,0,4904000,-1981571,2922429
2014/12/10,0,4981000,-11201768,-6220768
2014/12/11,0,3036951,-6355235,-3318284
2014/12/12,0,3159162,-7963857,-4804695
2014/12/15,0,4793000,-6091000,-1298000
2014/12/16,0,4818000,-6029000,-1211000
2014/12/17,0,8016000,-14004827,-5988827
2014/12/18,0,5621598,-10998000,-5376402
2014/12/19,0,5378000,-4362473,1015527
2014/12/22,0,1571000,-5044000,-3473000
2014/12/23,0,3108000,-3781000,-673000
2014/12/24,0,3357000,-1260000,2097000
2014/12/25,0,1656000,-181000,1475000
2014/12/26,0,2591000,-1078548,1512452
2014/12/29,0,6437000,-2390000,4047000
2014/12/30,0,3162500,-6259298,-3096798
2014/12/31,0,4289000,-4629881,-340881
2015/01/01,0,0,0,0
2015/01/02,0,0,0,0
2015/01/05,0,6548541,-5590881,957660
2015/01/06,0,3635757,-15458882,-11823125
2015/01/07,0,2470000,-6227000,-3757000
2015/01/08,0,8233702,-7267104,966598
2015/01/09,0,4467500,-2128056,2339444
2015/01/12,0,2726000,-5860262,-3134262
2015/01/13,0,5315000,-4980704,334296
2015/01/14,0,3631000,-8574093,-4943093
2015/01/15,0,1394000,-10917000,-9523000
2015/01/16,0,1582000,-18925061,-17343061
2015/01/19,0,5983000,-3534189,2448811
2015/01/20,0,6307000,-2167167,4139833
2015/01/21,0,5625000,-8785257,-3160257
2015/01/22,0,8536988,-5540000,2996988
2015/01/23,0,8281000,-19855667,-11574667
2015/01/26,0,2859000,-9379612,-6520612
2015/01/27,0,13200000,-17418654,-4218654
2015/01/28,0,4096000,-14156676,-10060676
2015/01/29,0,6450000,-13370618,-6920618
2015/01/30,0,3349000,-12365000,-9016000
2015/02/02,0,6231477,-14790822,-8559345
2015/02/03,0,3166000,-8249700,-5083700
2015/02/04,0,6062240,-10969203,-4906963
2015/02/05,0,3852000,-8758000,-4906000
2015/02/06,0,2998931,-7554000,-4555069
2015/02/09,0,2442000,-3540000,-1098000
2015/02/10,0,4974000,-6751931,-1777931
2015/02/11,0,4540000,-4266346,273654
2015/02/12,0,3875000,-4210619,-335619
2015/02/13,0,8543318,-5158946,3384372
2015/02/16,0,0,0,0
2015/02/17,0,0,0,0
2015/02/18,0,0,0,0
2015/02/19,0,0,0,0
2015/02/20,0,0,0,0
2015/02/23,0,0,0,0
2015/02/24,0,14070000,-3608667,10461333
2015/02/25,0,10377000,-3250889,7126111
2015/02/26,0,9625468,-3496854,6128614
2015/02/27,0,0,0,0
2015/03/02,0,10665000,-9205816,1459184
2015/03/03,0,6854475,-2819671,4034804
2015/03/04,0,8849000,-2298000,6551000
2015/03/05,0,6406000,-6115000,291000
2015/03/06,0,7818000,-3616000,4202000
2015/03/09,0,5065000,-3236000,1829000
2015/03/10,0,9542442,-7220000,2322442
2015/03/11,0,16384909,-16189755,195154
2015/03/12,0,13261000,-19538832,-6277832
2015/03/13,0,10137000,-18406986,-8269986
2015/03/16,0,5711000,-11314924,-5603924
2015/03/17,0,8849000,-8964000,-115000
2015/03/18,0,10041000,-13734133,-3693133
2015/03/19,0,5799000,-6461691,-662691
2015/03/20,0,9152000,-7794000,1358000
2015/03/23,0,3633000,-7212000,-3579000
2015/03/24,0,6004747,-12255820,-6251073
2015/03/25,0,1466000,-10816000,-9350000
2015/03/26,0,7946000,-10148122,-2202122
2015/03/27,0,3577000,-5406619,-1829619
2015/03/30,0,5996942,-4402942,1594000
2015/03/31,0,7838000,-9707000,-1869000
2015/04/01,0,2318000,-4499000,-2181000
2015/04/02,0,6041162,-5135000,906162
2015/04/03,0,0,0,0
2015/04/06,0,0,0,0
2015/04/07,0,2546000,-5277000,-2731000
2015/04/08,0,20228780,-9591000,10637780
2015/04/09,0,10466000,-3735000,6731000
2015/04/10,0,16774000,-10863000,5911000
2015/04/13,0,3371000,-5473586,-2102586
2015/04/14,0,6481000,-10125000,-3644000
2015/04/15,0,6854000,-16202646,-9348646
2015/04/16,0,12822000,-5284000,7538000
2015/04/17,0,24799475,-8648386,16151089
2015/04/20,0,21693562,-8598000,13095562
2015/04/21,0,15568000,-3953000,11615000
2015/04/22,0,11590000,-8396598,3193402
2015/04/23,0,62654000,-34768505,27885495
2015/04/24,0,46305929,-17048000,29257929
2015/04/27,0,29569000,-22537297,7031703
2015/04/28,0,45396000,-11039223,34356777
2015/04/29,0,27199000,-32584000,-5385000
2015/04/30,0,14419000,-19170000,-4751000
2015/05/01,0,0,0,0
2015/05/04,0,28508000,-15143140,13364860
2015/05/05,0,35120000,-3691000,31429000
2015/05/06,0,16311000,-13666911,2644089
2015/05/07,0,6591000,-9611192,-3020192
2015/05/08,0,18199927,-3820163,14379764
2015/05/11,0,14333000,-12606109,1726891
2015/05/12,0,4523000,-6215000,-1692000
2015/05/13,0,3996000,-9710000,-5714000
2015/05/14,0,9016000,-11587439,-2571439
2015/05/15,0,4232000,-4219137,12863
2015/05/18,0,8596000,-4200000,4396000
2015/05/19,0,19382000,-4711000,14671000
2015/05/20,0,12812000,-9989000,2823000
2015/05/21,0,7163000,-11910000,-4747000
2015/05/22,0,2788000,-5510000,-2722000
2015/05/25,0,1793000,-7864000,-6071000
2015/05/26,0,15143000,-8870000,6273000
2015/05/27,0,23607665,-20347050,3260615
2015/05/28,0,13078000,-18939475,-5861475
2015/05/29,0,25851566,-25503012,348554
2015/06/01,0,8473000,-12817000,-4344000
2015/06/02,0,6194000,-14116940,-7922940
2015/06/03,0,5656000,-15439000,-9783000
2015/06/04,0,7200000,-17212990,-10012990
2015/06/05,0,8428000,-9626000,-1198000
2015/06/08,0,8370000,-17788000,-9418000
2015/06/09,0,18868000,-8491097,10376903
2015/06/10,0,8117000,-9515428,-1398428
2015/06/11,0,11463000,-17972000,-6509000
2015/06/12,0,10977000,-10053000,924000
2015/06/15,0,17938868,-15177435,2761433
2015/06/16,0,3816000,-10489000,-6673000
2015/06/17,0,14301000,-15611291,-1310291
2015/06/18,0,25934213,-16817727,9116486
2015/06/19,0,0,0,0
2015/06/22,0,22417257,-7497475,14919782
2015/06/23,0,7770000,-8013000,-243000
2015/06/24,0,3102408,-6637000,-3534592
2015/06/25,0,16219637,-5560000,10659637
2015/06/26,0,9607000,-6364000,3243000
2015/06/29,0,12930067,-6786393,6143674
2015/06/30,0,19691523,-11273255,8418268
2015/07/01,0,4149000,-4618000,-469000
2015/07/02,0,18826000,-17940971,885029
2015/07/03,0,8195000,-13234000,-5039000
2015/07/06,0,10496676,-11785380,-1288704
2015/07/07,0,6946000,-7228281,-282281
2015/07/08,0,27489000,-20153112,7335888
2015/07/09,0,13373000,-12850860,522140
2015/07/10,0,0,0,0
2015/07/13,0,9773569,-13388461,-3614892
2015/07/14,0,7556000,-9658722,-2102722
2015/07/15,0,13216000,-9484796,3731204
2015/07/16,0,5442000,-11591199,-6149199
2015/07/17,0,9206000,-12833919,-3627919
2015/07/20,0,15043000,-17174304,-2131304
2015/07/21,0,10394000,-13729000,-3335000
2015/07/22,0,5285000,-11308032,-6023032
2015/07/23,0,7010116,-6746000,264116
2015/07/24,0,5933162,-9081000,-3147838
2015/07/27,0,7508000,-8659000,-1151000
2015/07/28,0,9532000,-12968400,-3436400
2015/07/29,0,7397000,-11118044,-3721044
2015/07/30,0,13287000,-9856859,3430141
2015/07/31,0,15856600,-13948652,1907948
2015/08/03,0,12382000,-9152652,3229348
2015/08/04,0,8882000,-7617623,1264377
2015/08/05,0,5786000,-5282328,503672
2015/08/06,0,10601000,-5431000,5170000
2015/08/07,0,3271108,-7783000,-4511892
2015/08/10,0,5086227,-4155000,931227
2015/08/11,0,5397000,-17362000,-11965000
2015/08/12,0,23253173,-16464000,6789173
2015/08/13,0,5884000,-11218132,-5334132
2015/08/14,0,7092000,-8059000,-967000
2015/08/17,0,3096162,-11425504,-8329342
2015/08/18,0,6067900,-8656093,-2588193
2015/08/19,0,20104368,-13244947,6859421
2015/08/20,0,4909001,-18505239,-13596238
2015/08/21,0,17294000,-21302976,-4008976
2015/08/24,0,15643000,-18962800,-3319800
2015/08/25,0,19921000,-22346640,-2425640
2015/08/26,0,11145000,-13086702,-1941702
2015/08/27,0,10243000,-10136000,107000
2015/08/28,0,5443743,-9427284,-3983541
2015/08/31,0,15931845,-18165208,-2233363
2015/09/01,0,9498000,-10667000,-1169000
2015/09/02,0,9861000,-8995869,865131
2015/09/03,0,7553000,-5657045,1895955
2015/09/04,0,5460326,-7237876,-1777550
2015/09/07,0,3344000,-3400700,-56700
2015/09/08,0,7725662,-8692558,-966896
2015/09/09,0,20513539,-9618000,10895539
2015/09/10,0,12212598,-6964402,5248196
2015/09/11,0,11664392,-14723014,-3058622
2015/09/14,0,6446000,-7211485,-765485
2015/09/15,0,7962000,-4163230,3798770
2015/09/16,0,9102000,-7189000,1913000
2015/09/17,0,13514800,-8068526,5446274
2015/09/18,0,10844759,-8399941,2444818
2015/09/21,0,9427138,-8569964,857174
2015/09/22,0,8552857,-2395472,6157385
2015/09/23,0,9652000,-13708305,-4056305
2015/09/24,0,7881556,-6419934,1461622
2015/09/25,0,4915384,-11840843,-6925459
2015/09/28,0,0,0,0
2015/09/29,0,0,0,0
2015/09/30,0,16784491,-15694575,1089916
2015/10/01,0,15765000,-20191163,-4426163
2015/10/02,0,6755000,-11317430,-4562430
2015/10/05,0,11538143,-12935547,-1397404
2015/10/06,0,13942000,-8256070,5685930
2015/10/07,0,15713000,-9257226,6455774
2015/10/08,0,4349000,-5139000,-790000
2015/10/09,0,0,0,0
2015/10/12,0,10713768,-8666438,2047330
2015/10/13,0,10577536,-5223000,5354536
2015/10/14,0,6033784,-7700000,-1666216
2015/10/15,0,8569984,-5157483,3412501
2015/10/16,0,8551000,-5116000,3435000
2015/10/19,0,8629000,-2856951,5772049
2015/10/20,0,11622040,-8238000,3384040
2015/10/21,0,9339000,-6237356,3101644
2015/10/22,0,6920364,-7096000,-175636
2015/10/23,0,10724348,-25486781,-14762433
2015/10/26,0,7040000,-15984892,-8944892
2015/10/27,0,7676000,-27599704,-19923704
2015/10/28,0,11485220,-13647070,-2161850
2015/10/29,0,3817468,-17499012,-13681544
2015/10/30,0,10720467,-17748272,-7027805
2015/11/02,0,7760000,-18288167,-10528167
2015/11/03,0,10219674,-14832416,-4612742
2015/11/04,0,11709000,-11981616,-272616
2015/11/05,0,4642000,-8454950,-3812950
2015/11/06,0,5429000,-15036743,-9607743
2015/11/09,0,2036000,-18231442,-16195442
2015/11/10,0,3562000,-13434034,-9872034
2015/11/11,0,10514000,-17144709,-6630709
2015/11/12,0,2926848,-9072441,-6145593
2015/11/13,0,9223003,-15386530,-6163527
2015/11/16,0,5992000,-21405072,-15413072
2015/11/17,0,9277248,-10279137,-1001889
2015/11/18,0,6660000,-20551345,-13891345
2015/11/19,0,10680000,-7134955,3545045
2015/11/20,0,5197000,-17860000,-12663000
2015/11/23,0,7550834,-6559000,991834
2015/11/24,0,6685000,-10644909,-3959909
2015/11/25,0,3108700,-4214055,-1105355
2015/11/26,0,7688000,-4013000,3675000
2015/11/27,0,874000,-3408666,-2534666
2015/11/30,0,31066603,-44187862,-13121259
2015/12/01,0,11319191,-5265464,6053727
2015/12/02,0,6986000,-20672045,-13686045
2015/12/03,0,8098000,-6345962,1752038
2015/12/04,0,4735217,-19256417,-14521200
2015/12/07,0,5758000,-6666205,-908205
2015/12/08,0,6978000,-22579000,-15601000
2015/12/09,0,5854000,-8534322,-2680322
2015/12/10,0,14366000,-22844522,-8478522
2015/12/11,0,11160236,-21987992,-10827756
2015/12/14,0,3022000,-22111934,-19089934
2015/12/15,0,5368000,-13655153,-8287153
2015/12/16,0,3299318,-18034846,-14735528
2015/12/17,0,6932001,-7119656,-187655
2015/12/18,0,6986727,-23360278,-16373551
2015/12/21,0,3483331,-8812000,-5328669
2015/12/22,0,4036996,-9563552,-5526556
2015/12/23,0,8567320,-2786147,5781173
2015/12/24,0,2892000,-4670000,-1778000
2015/12/25,0,2475000,-277000,2198000
2015/12/28,0,3560000,-2162340,1397660
2015/12/29,0,1796253,-4989000,-3192747
2015/12/30,0,2309144,-5207743,-2898599
2015/12/31,0,1613237,-3047486,-1434249
2016/01/01,0,0,0,0
2016/01/04,0,1923120,-17215180,-15292060
2016/01/05,0,5089856,-17386991,-12297135
2016/01/06,0,5636133,-14492000,-8855867
2016/01/07,0,3316200,-29798764,-26482564
2016/01/08,0,3489000,-25564720,-22075720
2016/01/11,0,10775398,-28178795,-17403397
2016/01/12,0,8635104,-18575598,-9940494
2016/01/13,0,14718000,-14027403,690597
2016/01/14,0,15617536,-13445000,2172536
2016/01/15,0,9621000,-21787853,-12166853
2016/01/18,0,18939000,-10169166,8769834
2016/01/19,0,7361000,-13577983,-6216983
2016/01/20,0,6952319,-18854182,-11901863
2016/01/21,0,4922897,-17138000,-12215103
2016/01/22,0,6805000,-12129620,-5324620
2016/01/25,0,7275000,-9119000,-1844000
2016/01/26,0,2988321,-17690415,-14702094
2016/01/27,0,7139339,-11554663,-4415324
2016/01/28,0,11421000,-11059030,361970
2016/01/29,0,20298072,-17889318,2408754
2016/02/01,0,9913659,-13656118,-3742459
2016/02/02,0,17349475,-22388725,-5039250
2016/02/03,0,1297000,-16062908,-14765908
2016/02/04,0,0,0,0
2016/02/05,0,0,0,0
2016/02/08,0,0,0,0
2016/02/09,0,0,0,0
2016/02/10,0,0,0,0
2016/02/11,0,0,0,0
2016/02/12,0,0,0,0
2016/02/15,0,8357287,-11312870,-2955583
2016/02/16,0,13538000,-8316207,5221793
2016/02/17,0,7318072,-9608614,-2290542
2016/02/18,0,16130000,-11109357,5020643
2016/02/19,0,4765000,-4082322,682678
2016/02/22,0,3125000,-7534000,-4409000
2016/02/23,0,3551314,-4751572,-1200258
2016/02/24,0,5892000,-17659024,-11767024
2016/02/25,0,7917319,-4099000,3818319
2016/02/26,0,11249168,-11285411,-36243
2016/02/29,0,0,0,0
2016/03/01,0,10237504,-10415207,-177703
2016/03/02,0,12128000,-6128000,6000000
2016/03/03,0,15347199,-9385834,5961365
2016/03/04,0,11765000,-16192245,-4427245
2016/03/07,0,13746000,-6126000,7620000
2016/03/08,0,7375000,-9619000,-2244000
2016/03/09,0,11848000,-8607849,3240151
2016/03/10,0,13951000,-16496912,-2545912
2016/03/11,0,9872000,-16942000,-7070000
2016/03/14,0,19026000,-13951013,5074987
2016/03/15,0,6999000,-9487000,-2488000
2016/03/16,0,6256000,-17175330,-10919330
2016/03/17,0,15712476,-11304559,4407917
2016/03/18,0,22857000,-12565513,10291487
2016/03/21,0,7537000,-9677000,-2140000
2016/03/22,0,8029754,-7395936,633818
2016/03/23,0,9414338,-9074681,339657
2016/03/24,0,4307000,-15433146,-11126146
2016/03/25,0,1259000,-3932000,-2673000
2016/03/28,0,3830000,-2660834,1169166
2016/03/29,0,3695000,-6289100,-2594100
2016/03/30,0,11536000,-7994922,3541078
2016/03/31,0,10233000,-20528061,-10295061
2016/04/01,0,4763000,-12390534,-7627534
2016/04/04,0,0,0,0
2016/04/05,0,0,0,0
2016/04/06,0,14901272,-19657561,-4756289
2016/04/07,0,8796000,-16250536,-7454536
2016/04/08,0,10730000,-6091000,4639000
2016/04/11,0,225000,-8862000,-8637000
2016/04/12,0,12524037,-8993835,3530202
2016/04/13,0,10973000,-6140000,4833000
2016/04/14,0,6540000,-6459544,80456
2016/04/15,0,6490761,-4007000,2483761
2016/04/18,0,3398000,-9234548,-5836548
2016/04/19,0,1664000,-5013000,-3349000
2016/04/20,0,4104037,-7449000,-3344963
2016/04/21,0,3188000,-4136000,-948000
2016/04/22,0,3160736,-1727000,1433736
2016/04/25,0,7205000,-1114000,6091000
2016/04/26,0,6283303,-15046037,-8762734
2016/04/27,0,6452000,-9223394,-2771394
2016/04/28,0,8690509,-15476000,-6785491
2016/04/29,0,7249000,-12834000,-5585000
2016/05/02,0,0,0,0
2016/05/03,0,3770000,-16405000,-12635000
2016/05/04,0,6229000,-18372000,-12143000
2016/05/05,0,2761000,-12472000,-9711000
2016/05/06,0,1497472,-19162000,-17664528
2016/05/09,0,3218000,-13486000,-10268000
2016/05/10,0,4148736,-10210000,-6061264
2016/05/11,0,2109000,-23472800,-21363800
2016/05/12,0,4426000,-7719463,-3293463
2016/05/13,0,6010000,-19089000,-13079000
2016/05/16,0,4378000,-9301000,-4923000
2016/05/17,0,5233000,-13134628,-7901628
2016/05/18,0,6637451,-10880919,-4243468
2016/05/19,0,5469000,-16721000,-11252000
2016/05/20,0,3008000,-9082053,-6074053
2016/05/23,0,11264208,-9507000,1757208
2016/05/24,0,8413376,-11693207,-3279831
2016/05/25,0,14860736,-9552987,5307749
2016/05/26,0,4839000,-13797000,-8958000
2016/05/27,0,8477000,-5786735,2690265
2016/05/30,0,8581000,-12112000,-3531000
2016/05/31,0,27384257,-24467387,2916870
2016/06/01,0,7511189,-9077000,-1565811
2016/06/02,0,8081384,-13292563,-5211179
2016/06/03,0,14737041,-7360000,7377041
2016/06/06,0,7430041,-9729000,-2298959
2016/06/07,0,10372041,-12401489,-2029448
2016/06/08,0,15755041,-10534000,5221041
2016/06/09,0,0,0,0
2016/06/10,0,0,0,0
2016/06/13,0,5113000,-17559493,-12446493
2016/06/14,0,9068000,-14802899,-5734899
2016/06/15,0,4529000,-7287089,-2758089
2016/06/16,0,3963000,-18162939,-14199939
2016/06/17,0,9288366,-8222539,1065827
2016/06/20,0,5351000,-15198000,-9847000
2016/06/21,0,9080285,-9505204,-424919
2016/06/22,0,5507812,-5931000,-423188
2016/06/23,0,3393694,-4644000,-1250306
2016/06/24,0,3436000,-14948103,-11512103
2016/06/27,0,458000,-13467168,-13009168
2016/06/28,0,2674000,-6713577,-4039577
2016/06/29,0,3242000,-5341800,-2099800
2016/06/30,0,6267000,-6954800,-687800
2016/07/01,0,6749000,-6295065,453935
2016/07/04,0,2500000,-3949000,-1449000
2016/07/05,0,1692000,-4886000,-3194000
2016/07/06,0,398273,-22922000,-22523727
2016/07/07,0,1791000,-11596524,-9805524
2016/07/08,0,0,0,0
2016/07/11,0,12774096,-7422354,5351742
2016/07/12,0,13521000,-8754324,4766676
2016/07/13,0,12752000,-13615000,-863000
2016/07/14,0,10597380,-5652000,4945380
2016/07/15,0,19856700,-8990000,10866700
2016/07/18,0,10968000,-7656986,3311014
2016/07/19,0,15987000,-7681000,8306000
2016/07/20,0,20381000,-7612000,12769000
2016/07/21,0,12284537,-4817847,7466690
2016/07/22,0,7679000,-6970000,709000
2016/07/25,0,7267000,-5218721,2048279
2016/07/26,0,7658000,-9693000,-2035000
2016/07/27,0,5445000,-5259000,186000
2016/07/28,0,8875000,-6672000,2203000
2016/07/29,0,6407000,-8931000,-2524000
2016/08/01,0,11930032,-6062000,5868032
2016/08/02,0,3099499,-7226641,-4127142
2016/08/03,0,5498512,-4540000,958512
2016/08/04,0,4051000,-6257173,-2206173
2016/08/05,0,9689000,-8649000,1040000
2016/08/08,0,6333877,-7947000,-1613123
2016/08/09,0,7573000,-8707816,-1134816
2016/08/10,0,8625488,-4318000,4307488
2016/08/11,0,7961138,-8099000,-137862
2016/08/12,0,9839000,-3005197,6833803
2016/08/15,0,6237000,-3882000,2355000
2016/08/16,0,9640000,-9210823,429177
2016/08/17,0,6299973,-4635303,1664670
2016/08/18,0,4403000,-2112000,2291000
2016/08/19,0,3134694,-9074681,-5939987
2016/08/22,0,2900000,-9758812,-6858812
2016/08/23,0,10437037,-8918037,1519000
2016/08/24,0,1454000,-2106114,-652114
2016/08/25,0,5371000,-3032000,2339000
2016/08/26,0,4126507,-3301000,825507
2016/08/29,0,3643000,-10068312,-6425312
2016/08/30,0,5317449,-17084767,-11767318
2016/08/31,0,9504390,-21503604,-11999214
2016/09/01,0,2505022,-9410800,-6905778
2016/09/02,0,3729796,-5034000,-1304204
2016/09/05,0,2808000,-1727000,1081000
2016/09/06,0,9250143,-1096463,8153680
2016/09/07,0,7525000,-3635881,3889119
2016/09/08,0,9876000,-11367926,-1491926
2016/09/09,0,3869000,-5510335,-1641335
2016/09/12,0,4853000,-12534000,-7681000
2016/09/13,0,6627000,-14277486,-7650486
2016/09/14,0,8472664,-10857481,-2384817
2016/09/15,0,0,0,0
2016/09/16,0,0,0,0
2016/09/19,0,4784120,-4867000,-82880
2016/09/20,0,3947623,-6674000,-2726377
2016/09/21,0,5318000,-4880000,438000
2016/09/22,0,6940245,-3152000,3788245
2016/09/23,0,9418000,-3490000,5928000
2016/09/26,0,4974000,-9219082,-4245082
2016/09/27,0,0,0,0
2016/09/28,0,0,0,0
2016/09/29,0,12521796,-11719966,801830
2016/09/30,0,8284792,-14168243,-5883451
2016/10/03,0,2703000,-4236000,-1533000
2016/10/04,0,3905000,-2880668,1024332
2016/10/05,0,1838000,-3439063,-1601063
2016/10/06,0,3992812,-4163000,-170188
2016/10/07,0,3720041,-3643000,77041
2016/10/10,0,0,0,0
2016/10/11,0,5935145,-8549000,-2613855
2016/10/12,0,5986376,-2563520,3422856
2016/10/13,0,4911000,-7217000,-2306000
2016/10/14,0,2297000,-4363825,-2066825
2016/10/17,0,2714000,-6508870,-3794870
2016/10/18,0,10416100,-4854000,5562100
2016/10/19,0,4363536,-1937000,2426536
2016/10/20,0,3065000,-865920,2199080
2016/10/21,0,3001000,-2076000,925000
2016/10/24,0,4153000,-2583380,1569620
2016/10/25,0,5300903,-2464000,2836903
2016/10/26,0,8762000,-3084000,5678000
2016/10/27,0,2579770,-4373000,-1793230
2016/10/28,0,6551000,-1729000,4822000
2016/10/31,0,7305060,-7581000,-275940
2016/11/01,0,3154000,-1297000,1857000
2016/11/02,0,1394435,-3710000,-2315565
2016/11/03,0,2631000,-2380000,251000
2016/11/04,0,2678000,-4365000,-1687000
2016/11/07,0,4110000,-3627000,483000
2016/11/08,0,5958885,-1213000,4745885
2016/11/09,0,6941000,-8993000,-2052000
2016/11/10,0,7461000,-2966000,4495000
2016/11/11,0,17150000,-13603714,3546286
2016/11/14,0,15211000,-15761977,-550977
2016/11/15,0,9870000,-6961376,2908624
2016/11/16,0,2484000,-4858000,-2374000
2016/11/17,0,2980000,-5544000,-2564000
2016/11/18,0,3776000,-8821000,-5045000
2016/11/21,0,7728000,-2759000,4969000
2016/11/22,0,11190591,-2804653,8385938
2016/11/23,0,11949000,-2404778,9544222
2016/11/24,0,34798000,-4149000,30649000
2016/11/25,0,12721200,-38062500,-25341300
2016/11/28,0,30451365,-14048872,16402493
2016/11/29,0,12948000,-7097000,5851000
2016/11/30,0,30245394,-40151117,-9905723
2016/12/01,0,14861035,-5814959,9046076
2016/12/02,0,12931000,-7770083,5160917
2016/12/05,0,12746000,-14962736,-2216736
2016/12/06,0,21884000,-15291791,6592209
2016/12/07,0,15811000,-15022763,788237
2016/12/08,0,26538000,-21560084,4977916
2016/12/09,0,15371560,-7084976,8286584
2016/12/12,0,7690000,-8911000,-1221000
2016/12/13,0,17002000,-41333827,-24331827
2016/12/14,0,9323000,-19089000,-9766000
2016/12/15,0,18117000,-8943026,9173974
2016/12/16,0,12401356,-13749800,-1348444
2016/12/19,0,4403000,-4804000,-401000
2016/12/20,0,8973473,-21819361,-12845888
2016/12/21,0,5201000,-5439000,-238000
2016/12/22,0,7578000,-13618000,-6040000
2016/12/23,0,2793000,-7545000,-4752000
2016/12/26,0,117000,-3191000,-3074000
2016/12/27,0,293000,-1935000,-1642000
2016/12/28,0,4812000,-3924000,888000
2016/12/29,0,3651921,-5846305,-2194384
2016/12/30,0,5758000,-5284043,473957
2017/01/02,0,0,0,0
2017/01/03,0,1854000,-5032000,-3178000
2017/01/04,0,3384779,-3432000,-47221
2017/01/05,0,12889208,-6049067,6840141
2017/01/06,0,7742000,-2966000,4776000
2017/01/09,0,3435000,-9954000,-6519000
2017/01/10,0,6258000,-7680000,-1422000
2017/01/11,0,21765190,-14795000,6970190
2017/01/12,0,6006427,-12995121,-6988694
2017/01/13,0,10139696,-1451000,8688696
2017/01/16,0,8883000,-3318000,5565000
2017/01/17,0,7683737,-5628000,2055737
2017/01/18,0,3112000,-3760775,-648775
2017/01/19,0,5249000,-3451265,1797735
2017/01/20,0,3622770,-8539462,-4916692
2017/01/23,0,10670000,-2777316,7892684
2017/01/24,0,11040800,-2804000,8236800
2017/01/25,0,0,0,0
2017/01/26,0,0,0,0
2017/01/27,0,0,0,0
2017/01/30,0,0,0,0
2017/01/31,0,0,0,0
2017/02/01,0,0,0,0
2017/02/02,0,17714726,-17759779,-45053
2017/02/03,0,13233000,-7609312,5623688
2017/02/06,0,30246000,-24242852,6003148
2017/02/07,0,10275000,-13044750,-2769750
2017/02/08,0,16452000,-7361271,9090729
2017/02/09,0,11067238,-3367271,7699967
2017/02/10,0,24066000,-16753431,7312569
2017/02/13,0,22793864,-13693723,9100141
2017/02/14,0,20167000,-5526113,14640887
2017/02/15,0,23720000,-5476139,18243861
2017/02/16,0,14705000,-6537000,8168000
2017/02/17,0,11911000,-2343745,9567255
2017/02/20,0,4431000,-5427556,-996556
2017/02/21,0,16165000,-3820188,12344812
2017/02/22,0,10909000,-3576073,7332927
2017/02/23,0,11309000,-2685000,8624000
2017/02/24,0,8702000,-3533000,5169000
2017/02/27,0,0,0,0
2017/02/28,0,0,0,0
2017/03/01,0,6217625,-9361537,-3143912
2017/03/02,0,6466000,-7040592,-574592
2017/03/03,0,11835700,-19078766,-7243066
2017/03/06,0,5558035,-14564207,-9006172
2017/03/07,0,12541000,-14530090,-1989090
2017/03/08,0,21112000,-4744015,16367985
2017/03/09,0,32196000,-12750000,19446000
2017/03/10,0,18334000,-9671731,8662269
2017/03/13,0,8471030,-3449353,5021677
2017/03/14,0,19104595,-5148205,13956390
2017/03/15,0,12338000,-9639015,2698985
2017/03/16,0,29228646,-6703000,22525646
2017/03/17,0,94853915,-23954182,70899733
2017/03/20,0,21289000,-11235000,10054000
2017/03/21,0,47143290,-5082000,42061290
2017/03/22,0,32521571,-6886266,25635305
2017/03/23,0,30165000,-8909105,21255895
2017/03/24,0,21912598,-3658725,18253873
2017/03/27,0,17102000,-4803000,12299000
2017/03/28,0,29126000,-4720770,24405230
2017/03/29,0,22966156,-6699000,16267156
2017/03/30,0,21453000,-16123000,5330000
2017/03/31,0,17592274,-7808000,9784274
2017/04/03,0,0,0,0
2017/04/04,0,0,0,0
2017/04/05,0,24074000,-14499376,9574624
2017/04/06,0,11925000,-7195000,4730000
2017/04/07,0,13506000,-13579000,-73000
2017/04/10,0,12006000,-7197000,4809000
2017/04/11,0,18915000,-6590000,12325000
2017/04/12,0,20003000,-18814805,1188195
2017/04/13,0,10306789,-4964000,5342789
2017/04/14,0,6266000,-17171000,-10905000
2017/04/17,0,10350000,-9735000,615000
2017/04/18,0,10974426,-9624175,1350251
2017/04/19,0,11081243,-10326380,754863
2017/04/20,0,4495506,-7972000,-3476494
2017/04/21,0,6221615,-7184721,-963106
2017/04/24,0,4780000,-2573000,2207000
2017/04/25,0,14232739,-7937016,6295723
2017/04/26,0,9977333,-6967000,3010333
2017/04/27,0,5666000,-4368000,1298000
2017/04/28,0,5565000,-8128000,-2563000
2017/05/01,0,0,0,0
2017/05/02,0,7063000,-8149347,-1086347
2017/05/03,0,6381000,-3490000,2891000
2017/05/04,0,4714000,-3870629,843371
2017/05/05,0,3514090,-7986000,-4471910
2017/05/08,0,5202212,-3994273,1207939
2017/05/09,0,9538100,-7942303,1595797
2017/05/10,0,6711990,-6826000,-114010
2017/05/11,0,5162670,-6231000,-1068330
2017/05/12,0,7947000,-4252000,3695000
2017/05/15,0,6154915,-5476069,678846
2017/05/16,0,11530000,-9949314,1580686
2017/05/17,0,8878000,-5429249,3448751
2017/05/18,0,4904190,-5676866,-772676
2017/05/19,0,2739000,-17484768,-14745768
2017/05/22,0,4676075,-14695621,-10019546
2017/05/23,0,6107900,-18877319,-12769419
2017/05/24,0,5724000,-10978019,-5254019
2017/05/25,0,5875000,-9499645,-3624645
2017/05/26,0,0,0,0
2017/05/29,0,0,0,0
2017/05/30,0,0,0,0
2017/05/31,0,20811000,-31722749,-10911749
2017/06/01,0,6325000,-13141663,-6816663
2017/06/02,0,4021828,-10735006,-6713178
2017/06/05,0,5718000,-8739000,-3021000
2017/06/06,0,4131000,-9413000,-5282000
2017/06/07,0,10462104,-12318488,-1856384
2017/06/08,0,6080000,-9136000,-3056000
2017/06/09,0,13745000,-16731114,-2986114
2017/06/12,0,13616950,-14567000,-950050
2017/06/13,0,6477450,-10144868,-3667418
2017/06/14,0,10388000,-8933757,1454243
2017/06/15,0,11364300,-11366839,-2539
2017/06/16,0,12817000,-20701320,-7884320
2017/06/19,0,8988670,-7516318,1472352
2017/06/20,0,13825600,-9598569,4227031
2017/06/21,0,15942828,-19699000,-3756172
2017/06/22,0,9524800,-6930886,2593914
2017/06/23,0,4601000,-5714302,-1113302
2017/06/26,0,20840000,-5094385,15745615
2017/06/27,0,9659000,-11888000,-2229000
2017/06/28,0,6385000,-6297930,87070
2017/06/29,0,8453000,-4314338,4138662
2017/06/30,0,7219380,-4742830,2476550
2017/07/03,0,5846000,-2792000,3054000
2017/07/04,0,5827000,-8359000,-2532000
2017/07/05,0,6556000,-2297000,4259000
2017/07/06,0,3640775,-3603000,37775
2017/07/07,0,9372260,-4580124,4792136
2017/07/10,0,7783575,-7275618,507957
2017/07/11,0,6755952,-3140454,3615498
2017/07/12,0,6210990,-5264314,946676
2017/07/13,0,14798533,-2832432,11966101
2017/07/14,0,16159000,-4703000,11456000
2017/07/17,0,8475000,-3238000,5237000
2017/07/18,0,3222000,-7618000,-4396000
2017/07/19,0,10447612,-7130000,3317612
2017/07/20,0,5090885,-4045000,1045885
2017/07/21,0,3194225,-2990870,203355
2017/07/24,0,6740000,-4756000,1984000
2017/07/25,0,6459000,-2760143,3698857
2017/07/26,0,3649000,-6985941,-3336941
2017/07/27,0,7203325,-288813,6914512
2017/07/28,0,1530100,-2329935,-799835
2017/07/31,0,7331000,-5564735,1766265
2017/08/01,0,3703000,-6585000,-2882000
2017/08/02,0,2550850,-2250000,300850
2017/08/03,0,5680000,-6424395,-744395
2017/08/04,0,3268000,-3035000,233000
2017/08/07,0,1582477,-3127002,-1544525
2017/08/08,0,12496000,-32441000,-19945000
2017/08/09,0,6073305,-11930000,-5856695
2017/08/10,0,4471879,-9243000,-4771121
2017/08/11,0,25573000,-33160000,-7587000
2017/08/14,0,3169000,-9674904,-6505904
2017/08/15,0,2112000,-6121000,-4009000
2017/08/16,0,4497000,-10545000,-6048000
2017/08/17,0,11281000,-16272000,-4991000
2017/08/18,0,3800000,-13621000,-9821000
