Date,Open,Buy,Sell,Total
2007/01/02,0,4860000,-6073990,-1213990
2007/01/03,0,2383000,-1118000,1265000
2007/01/04,0,1832000,-1232000,600000
2007/01/05,0,4255000,-11473000,-7218000
2007/01/08,0,1708000,-9763150,-8055150
2007/01/09,0,4878000,-4110000,768000
2007/01/10,0,10453000,-10726000,-273000
2007/01/11,0,10846000,-6956000,3890000
2007/01/12,0,7556000,-9786000,-2230000
2007/01/15,0,6921000,-6961400,-40400
2007/01/16,0,6899000,-10293250,-3394250
2007/01/17,0,10343000,-15522073,-5179073
2007/01/18,0,3995000,-8127000,-4132000
2007/01/19,0,7172000,-13276300,-6104300
2007/01/22,0,8628000,-12007206,-3379206
2007/01/23,0,1655000,-2276000,-621000
2007/01/24,0,13406000,-10163000,3243000
2007/01/25,0,9595000,-4339000,5256000
2007/01/26,0,4692000,-2639000,2053000
2007/01/29,0,3193000,-5858000,-2665000
2007/01/30,0,7407000,-8428408,-1021408
2007/01/31,0,4336000,-6668900,-2332900
2007/02/01,0,1990000,-2558000,-568000
2007/02/02,0,6060000,-11328000,-5268000
2007/02/05,0,3762000,-5314000,-1552000
2007/02/06,0,5358001,-4480000,878001
2007/02/07,0,2269000,-3610000,-1341000
2007/02/08,0,4800000,-6785420,-1985420
2007/02/09,0,6508000,-8360000,-1852000
2007/02/12,0,5957000,-5693473,263527
2007/02/13,0,5183000,-5403000,-220000
2007/02/14,0,10036000,-9713424,322576
2007/02/15,0,0,0,0
2007/02/16,0,0,0,0
2007/02/19,0,0,0,0
2007/02/20,0,0,0,0
2007/02/21,0,0,0,0
2007/02/22,0,0,0,0
2007/02/23,0,0,0,0
2007/02/26,0,13177000,-15047591,-1870591
2007/02/27,0,14341000,-18612051,-4271051
2007/02/28,0,0,0,0
2007/03/01,0,11382000,-15265000,-3883000
2007/03/02,0,9785000,-14245000,-4460000
2007/03/05,0,4176000,-9079000,-4903000
2007/03/06,0,13553000,-18392000,-4839000
2007/03/07,0,12436000,-14340672,-1904672
2007/03/08,0,3518000,-3353000,165000
2007/03/09,0,10808000,-13396000,-2588000
2007/03/12,0,1925000,-3614000,-1689000
2007/03/13,0,4765109,-8610659,-3845550
2007/03/14,0,8550000,-19576000,-11026000
2007/03/15,0,6032000,-6907000,-875000
2007/03/16,0,14927000,-13308000,1619000
2007/03/19,0,7627000,-8145000,-518000
2007/03/20,0,8586000,-17052000,-8466000
2007/03/21,0,3958000,-17329000,-13371000
2007/03/22,0,15325000,-37210859,-21885859
2007/03/23,0,19781000,-20569000,-788000
2007/03/26,0,7851000,-13156000,-5305000
2007/03/27,0,7083000,-7954000,-871000
2007/03/28,0,2512000,-7025000,-4513000
2007/03/29,0,7062000,-11658000,-4596000
2007/03/30,0,7109000,-5966000,1143000
2007/04/02,0,2906000,-8732000,-5826000
2007/04/03,0,47636000,-57546116,-9910116
2007/04/04,0,17510000,-16608000,902000
2007/04/05,0,0,0,0
2007/04/06,0,0,0,0
2007/04/09,0,6131000,-8280000,-2149000
2007/04/10,0,6498000,-9616000,-3118000
2007/04/11,0,3478000,-10028500,-6550500
2007/04/12,0,13296000,-21990869,-8694869
2007/04/13,0,24154000,-23562000,592000
2007/04/16,0,7158000,-14042238,-6884238
2007/04/17,0,23742152,-20736651,3005501
2007/04/18,0,19946396,-23846000,-3899604
2007/04/19,0,13884600,-28751000,-14866400
2007/04/20,0,13348000,-10365000,2983000
2007/04/23,0,10052000,-6339000,3713000
2007/04/24,0,3237000,-5837000,-2600000
2007/04/25,0,6100000,-9901000,-3801000
2007/04/26,0,10381000,-22290000,-11909000
2007/04/27,0,602000,-5299000,-4697000
2007/04/30,0,5152000,-8599333,-3447333
2007/05/01,0,0,0,0
2007/05/02,0,5126000,-5545000,-419000
2007/05/03,0,7347000,-2503000,4844000
2007/05/04,0,9597000,-6678000,2919000
2007/05/07,0,4429000,-5107649,-678649
2007/05/08,0,8856000,-5905000,2951000
2007/05/09,0,4945000,-4498000,447000
2007/05/10,0,11463000,-8370000,3093000
2007/05/11,0,6990000,-7789696,-799696
2007/05/14,0,4183000,-3633000,550000
2007/05/15,0,1629000,-7658000,-6029000
2007/05/16,0,2400000,-3468800,-1068800
2007/05/17,0,3964000,-6041000,-2077000
2007/05/18,0,4467000,-5336000,-869000
2007/05/21,0,13706000,-15297000,-1591000
2007/05/22,0,2298000,-4818000,-2520000
2007/05/23,0,5118000,-5943000,-825000
2007/05/24,0,8475200,-15047000,-6571800
2007/05/25,0,7919000,-20273000,-12354000
2007/05/28,0,5777000,-7688000,-1911000
2007/05/29,0,5773000,-5651000,122000
2007/05/30,0,7139000,-13292000,-6153000
2007/05/31,0,11498000,-16291334,-4793334
2007/06/01,0,6466000,-9981000,-3515000
2007/06/04,0,4235000,-8775000,-4540000
2007/06/05,0,6906000,-15402643,-8496643
2007/06/06,0,5830000,-4294000,1536000
2007/06/07,0,4077000,-10978000,-6901000
2007/06/08,0,2958000,-5697000,-2739000
2007/06/11,0,920000,-2699000,-1779000
2007/06/12,0,3669000,-4263000,-594000
2007/06/13,0,27600000,-29206000,-1606000
2007/06/14,0,46486000,-41959000,4527000
2007/06/15,0,72622000,-34125197,38496803
2007/06/18,0,0,0,0
2007/06/19,0,0,0,0
2007/06/20,0,60270000,-13227000,47043000
2007/06/21,0,27255000,-12267229,14987771
2007/06/22,0,6347000,-11664826,-5317826
2007/06/25,0,12760000,-4316000,8444000
2007/06/26,0,8765000,-5606000,3159000
2007/06/27,0,11183000,-6912000,4271000
2007/06/28,0,9751000,-4211000,5540000
2007/06/29,0,7398000,-8165861,-767861
2007/07/02,0,5961000,-2470000,3491000
2007/07/03,0,15341000,-4558361,10782639
2007/07/04,0,4941000,-2893000,2048000
2007/07/05,0,13637000,-8275000,5362000
2007/07/06,0,10565000,-1161000,9404000
2007/07/09,0,14112000,-3009000,11103000
2007/07/10,0,16699000,-8696000,8003000
2007/07/11,0,5711000,-5543000,168000
2007/07/12,0,41114000,-10759000,30355000
2007/07/13,0,31233000,-20449000,10784000
2007/07/16,0,26821000,-23476000,3345000
2007/07/17,0,15449000,-23870740,-8421740
2007/07/18,0,13499000,-12685000,814000
2007/07/19,0,27290000,-19591000,7699000
2007/07/20,0,3750000,-5975000,-2225000
2007/07/23,0,20405000,-15382000,5023000
2007/07/24,0,8253000,-23434000,-15181000
2007/07/25,0,5649000,-12994000,-7345000
2007/07/26,0,28409000,-22235000,6174000
2007/07/27,0,7080000,-43260000,-36180000
2007/07/30,0,15233000,-39315000,-24082000
2007/07/31,0,10671000,-15593000,-4922000
2007/08/01,0,4149000,-31312983,-27163983
2007/08/02,0,11517000,-23938000,-12421000
2007/08/03,0,11848000,-10179348,1668652
2007/08/06,0,1825000,-22512000,-20687000
2007/08/07,0,624000,-9866009,-9242009
2007/08/08,0,8561000,-10417000,-1856000
2007/08/09,0,3925000,-10323000,-6398000
2007/08/10,0,11081000,-17197800,-6116800
2007/08/13,0,5313000,-2016000,3297000
2007/08/14,0,6484000,-9666000,-3182000
2007/08/15,0,5125000,-14193000,-9068000
2007/08/16,0,8362000,-29786900,-21424900
2007/08/17,0,13436000,-22031000,-8595000
2007/08/20,0,7502000,-11685000,-4183000
2007/08/21,0,11423000,-18083000,-6660000
2007/08/22,0,8601100,-10985990,-2384890
2007/08/23,0,10355000,-11367000,-1012000
2007/08/24,0,3047000,-8453500,-5406500
2007/08/27,0,1580000,-5747000,-4167000
2007/08/28,0,7781000,-5234000,2547000
2007/08/29,0,3057000,-3838000,-781000
2007/08/30,0,12040000,-14380000,-2340000
2007/08/31,0,14238000,-12018000,2220000
2007/09/03,0,2413596,-3363000,-949404
2007/09/04,0,3627000,-8344566,-4717566
2007/09/05,0,2052689,-7673689,-5621000
2007/09/06,0,6731000,-15436000,-8705000
2007/09/07,0,1991000,-14070000,-12079000
2007/09/10,0,3921000,-20399500,-16478500
2007/09/11,0,6479000,-14036000,-7557000
2007/09/12,0,4277000,-11760000,-7483000
2007/09/13,0,5082000,-10670000,-5588000
2007/09/14,0,9597000,-15145000,-5548000
2007/09/17,0,1382091,-7678000,-6295909
2007/09/18,0,0,0,0
2007/09/19,0,34023000,-24643000,9380000
2007/09/20,0,15539000,-24850000,-9311000
2007/09/21,0,5238000,-16875000,-11637000
2007/09/24,0,0,0,0
2007/09/25,0,0,0,0
2007/09/26,0,15712000,-44730128,-29018128
2007/09/27,0,25514000,-20454359,5059641
2007/09/28,0,27780000,-18243000,9537000
2007/10/01,0,10187622,-3427000,6760622
2007/10/02,0,38327000,-11260000,27067000
2007/10/03,0,45045900,-22405000,22640900
2007/10/04,0,17299000,-29273930,-11974930
2007/10/05,0,16887000,-20010788,-3123788
2007/10/08,0,22579000,-26899000,-4320000
2007/10/09,0,12542000,-13983000,-1441000
2007/10/10,0,0,0,0
2007/10/11,0,17424000,-13432996,3991004
2007/10/12,0,12886000,-16449135,-3563135
2007/10/15,0,6133000,-14616000,-8483000
2007/10/16,0,8691000,-43124395,-34433395
2007/10/17,0,3804935,-20167769,-16362834
2007/10/18,0,7550000,-16216191,-8666191
2007/10/19,0,2678000,-20860000,-18182000
2007/10/22,0,6337000,-23187000,-16850000
2007/10/23,0,3005000,-8291136,-5286136
2007/10/24,0,2375106,-4974000,-2598894
2007/10/25,0,7054041,-9968500,-2914459
2007/10/26,0,16215663,-309000,15906663
2007/10/29,0,11322000,-2698010,8623990
2007/10/30,0,3294000,-1495000,1799000
2007/10/31,0,11475000,-16807000,-5332000
2007/11/01,0,14268000,-18022000,-3754000
2007/11/02,0,2939930,-41426000,-38486070
2007/11/05,0,7024000,-23635000,-16611000
2007/11/06,0,4102000,-15459000,-11357000
2007/11/07,0,13028339,-11108492,1919847
2007/11/08,0,8607000,-11266935,-2659935
2007/11/09,0,1872000,-4906000,-3034000
2007/11/12,0,1462000,-21268170,-19806170
2007/11/13,0,7943000,-11735679,-3792679
2007/11/14,0,7374524,-5672524,1702000
2007/11/15,0,5998000,-11250796,-5252796
2007/11/16,0,3943516,-11043000,-7099484
2007/11/19,0,12060785,-6786000,5274785
2007/11/20,0,6554000,-22313000,-15759000
2007/11/21,0,3881000,-22121548,-18240548
2007/11/22,0,6619000,-13087351,-6468351
2007/11/23,0,1265000,-3336000,-2071000
2007/11/26,0,19962000,-22127588,-2165588
2007/11/27,0,4693000,-7097000,-2404000
2007/11/28,0,2216000,-8764000,-6548000
2007/11/29,0,6124000,-1456480,4667520
2007/11/30,0,15404119,-11737000,3667119
2007/12/03,0,202000,-9952000,-9750000
2007/12/04,0,3319604,-13702000,-10382396
2007/12/05,0,6362000,-21641832,-15279832
2007/12/06,0,6022000,-7482943,-1460943
2007/12/07,0,7768654,-18636000,-10867346
2007/12/10,0,2045000,-9403700,-7358700
2007/12/11,0,1899000,-11289000,-9390000
2007/12/12,0,4556000,-15958000,-11402000
2007/12/13,0,3537000,-21032000,-17495000
2007/12/14,0,6746000,-10998000,-4252000
2007/12/17,0,1174000,-7846000,-6672000
2007/12/18,0,9776000,-8320547,1455453
2007/12/19,0,9726000,-14059296,-4333296
2007/12/20,0,12862000,-9210000,3652000
2007/12/21,0,8483000,-3220000,5263000
2007/12/24,0,2835000,-2520000,315000
2007/12/25,0,1177000,-597000,580000
2007/12/26,0,1853000,-716000,1137000
2007/12/27,0,12981100,-7982000,4999100
2007/12/28,0,5280000,-5148000,132000
2007/12/31,0,3884000,-3722000,162000
2008/01/01,0,0,0,0
2008/01/02,0,3355000,-10291000,-6936000
2008/01/03,0,7482000,-8197736,-715736
2008/01/04,0,10557000,-7582000,2975000
2008/01/07,0,8044000,-3455000,4589000
2008/01/08,0,4748000,-2400228,2347772
2008/01/09,0,11600000,-15155065,-3555065
2008/01/10,0,6161000,-6803208,-642208
2008/01/11,0,10127000,-4933508,5193492
2008/01/14,0,20862000,-14209459,6652541
2008/01/15,0,35820000,-8254742,27565258
2008/01/16,0,55639600,-38305800,17333800
2008/01/17,0,36687000,-22462148,14224852
2008/01/18,0,14234096,-44242437,-30008341
2008/01/21,0,13973000,-19758000,-5785000
2008/01/22,0,4091000,-19830000,-15739000
2008/01/23,0,11053000,-11605500,-552500
2008/01/24,0,20493000,-10530000,9963000
2008/01/25,0,30829000,-32722000,-1893000
2008/01/28,0,4379000,-8370000,-3991000
2008/01/29,0,6075000,-4831573,1243427
2008/01/30,0,7716015,-10492000,-2775985
2008/01/31,0,13672483,-12491602,1180881
2008/02/01,0,19758000,-19507400,250600
2008/02/04,0,0,0,0
2008/02/05,0,0,0,0
2008/02/06,0,0,0,0
2008/02/07,0,0,0,0
2008/02/08,0,0,0,0
2008/02/11,0,0,0,0
2008/02/12,0,22018000,-37403195,-15385195
2008/02/13,0,5720000,-11922981,-6202981
2008/02/14,0,22351000,-19469000,2882000
2008/02/15,0,10074000,-7210000,2864000
2008/02/18,0,7658000,-7675000,-17000
2008/02/19,0,5991000,-19406000,-13415000
2008/02/20,0,1659000,-7967000,-6308000
2008/02/21,0,4881108,-5114970,-233862
2008/02/22,0,2107000,-2963000,-856000
2008/02/25,0,23411000,-30343000,-6932000
2008/02/26,0,56207000,-32823000,23384000
2008/02/27,0,44537000,-36669000,7868000
2008/02/28,0,0,0,0
2008/02/29,0,54573677,-47539924,7033753
2008/03/03,0,20707000,-17479065,3227935
2008/03/04,0,17112000,-24585000,-7473000
2008/03/05,0,9289000,-15657501,-6368501
2008/03/06,0,15862000,-19072000,-3210000
2008/03/07,0,15194000,-22272000,-7078000
2008/03/10,0,18457000,-19934000,-1477000
2008/03/11,0,9431000,-8463000,968000
2008/03/12,0,20017223,-4923000,15094223
2008/03/13,0,5128000,-9239000,-4111000
2008/03/14,0,885000,-8503000,-7618000
2008/03/17,0,678000,-16338000,-15660000
2008/03/18,0,3668000,-7590000,-3922000
2008/03/19,0,18396000,-4981000,13415000
2008/03/20,0,18233000,-13869000,4364000
2008/03/21,0,28557000,-7392000,21165000
2008/03/24,0,66720000,-10609000,56111000
2008/03/25,0,26759000,-23265000,3494000
2008/03/26,0,20831000,-27832000,-7001000
2008/03/27,0,3998071,-11729000,-7730929
2008/03/28,0,18081071,-16651000,1430071
2008/03/31,0,6384681,-9180479,-2795798
2008/04/01,0,8060285,-15275000,-7214715
2008/04/02,0,25298000,-22843000,2455000
2008/04/03,0,12737000,-11773000,964000
2008/04/04,0,0,0,0
2008/04/07,0,15969000,-17239000,-1270000
2008/04/08,0,8848000,-20612000,-11764000
2008/04/09,0,9687000,-10006000,-319000
2008/04/10,0,11990000,-3750000,8240000
2008/04/11,0,25999000,-10791605,15207395
2008/04/14,0,43839000,-11649000,32190000
2008/04/15,0,29470000,-19723000,9747000
2008/04/16,0,17868000,-16067000,1801000
2008/04/17,0,7211000,-8005000,-794000
2008/04/18,0,3213000,-6491000,-3278000
2008/04/21,0,15045000,-3630000,11415000
2008/04/22,0,8793000,-3023000,5770000
2008/04/23,0,13144000,-6664000,6480000
2008/04/24,0,11411000,-11457000,-46000
2008/04/25,0,11116000,-4506453,6609547
2008/04/28,0,12924000,-4715000,8209000
2008/04/29,0,9229000,-12540000,-3311000
2008/04/30,0,7683000,-10223000,-2540000
2008/05/01,0,0,0,0
2008/05/02,0,11996000,-4696000,7300000
2008/05/05,0,4594000,-8347000,-3753000
2008/05/06,0,5024000,-3992000,1032000
2008/05/07,0,4082000,-3548500,533500
2008/05/08,0,2893000,-10295000,-7402000
2008/05/09,0,2685000,-12277000,-9592000
2008/05/12,0,3148000,-12930393,-9782393
2008/05/13,0,10128000,-5829000,4299000
2008/05/14,0,822000,-2011857,-1189857
2008/05/15,0,9053000,-11872117,-2819117
2008/05/16,0,6198000,-3563000,2635000
2008/05/19,0,4995000,-1370000,3625000
2008/05/20,0,11985000,-25900000,-13915000
2008/05/21,0,4555000,-14823000,-10268000
2008/05/22,0,8879000,-17392806,-8513806
2008/05/23,0,6917000,-12649000,-5732000
2008/05/26,0,11782000,-15187300,-3405300
2008/05/27,0,3521000,-7418000,-3897000
2008/05/28,0,4202000,-9196000,-4994000
2008/05/29,0,4812000,-5162000,-350000
2008/05/30,0,12195000,-8857408,3337592
2008/06/02,0,11672000,-9584000,2088000
2008/06/03,0,11063000,-15166730,-4103730
2008/06/04,0,1858000,-1674000,184000
2008/06/05,0,17929000,-18844300,-915300
2008/06/06,0,1872000,-3369000,-1497000
2008/06/09,0,2984000,-6424000,-3440000
2008/06/10,0,6222000,-18464387,-12242387
2008/06/11,0,2632000,-1918000,714000
2008/06/12,0,15399000,-15548000,-149000
2008/06/13,0,7188000,-9880754,-2692754
2008/06/16,0,3497000,-2606847,890153
2008/06/17,0,6438000,-5997000,441000
2008/06/18,0,10348000,-9037000,1311000
2008/06/19,0,8504000,-20483000,-11979000
2008/06/20,0,9432529,-7530000,1902529
2008/06/23,0,12110000,-8038000,4072000
2008/06/24,0,1766000,-2989000,-1223000
2008/06/25,0,19593000,-9094991,10498009
2008/06/26,0,9774000,-8166057,1607943
2008/06/27,0,10356000,-8657000,1699000
2008/06/30,0,5515000,-7754000,-2239000
2008/07/01,0,6404200,-3098000,3306200
2008/07/02,0,22877000,-23183000,-306000
2008/07/03,0,12633000,-12503000,130000
2008/07/04,0,6369000,-7617000,-1248000
2008/07/07,0,4153000,-2985000,1168000
2008/07/08,0,5841000,-10880000,-5039000
2008/07/09,0,8543000,-6881000,1662000
2008/07/10,0,8009000,-7672400,336600
2008/07/11,0,2349000,-3200000,-851000
2008/07/14,0,7899000,-2191000,5708000
2008/07/15,0,9969000,-6513000,3456000
2008/07/16,0,16967000,-10988369,5978631
2008/07/17,0,10292000,-8513000,1779000
2008/07/18,0,6441000,-11481000,-5040000
2008/07/21,0,11396000,-7350000,4046000
2008/07/22,0,6598000,-3524000,3074000
2008/07/23,0,16571000,-7057000,9514000
2008/07/24,0,6791000,-4722000,2069000
2008/07/25,0,4454000,-6114000,-1660000
2008/07/28,0,0,0,0
2008/07/29,0,3921000,-5584000,-1663000
2008/07/30,0,7100000,-4466000,2634000
2008/07/31,0,5237000,-8833000,-3596000
2008/08/01,0,4764000,-8084000,-3320000
2008/08/04,0,2256000,-1444000,812000
2008/08/05,0,8529000,-12298000,-3769000
2008/08/06,0,12262000,-3816000,8446000
2008/08/07,0,2439080,-4241000,-1801920
2008/08/08,0,6123000,-6619000,-496000
2008/08/11,0,1460000,-4327000,-2867000
2008/08/12,0,3199000,-4595000,-1396000
2008/08/13,0,1859000,-6527003,-4668003
2008/08/14,0,2137000,-8873000,-6736000
2008/08/15,0,4148000,-6926000,-2778000
2008/08/18,0,2713000,-13270000,-10557000
2008/08/19,0,2866000,-3694000,-828000
2008/08/20,0,6991000,-10220000,-3229000
2008/08/21,0,1841000,-5206000,-3365000
2008/08/22,0,3387835,-11850835,-8463000
2008/08/25,0,7331000,-8192000,-861000
2008/08/26,0,7124000,-22744000,-15620000
2008/08/27,0,20774000,-5683000,15091000
2008/08/28,0,13726000,-27738000,-14012000
2008/08/29,0,18696000,-5108000,13588000
2008/09/01,0,4071000,-7839000,-3768000
2008/09/02,0,2367000,-5223000,-2856000
2008/09/03,0,3710000,-6570000,-2860000
2008/09/04,0,1722000,-3996000,-2274000
2008/09/05,0,7398000,-5011000,2387000
2008/09/08,0,2275000,-894000,1381000
2008/09/09,0,2388000,-2599000,-211000
2008/09/10,0,7219000,-7745000,-526000
2008/09/11,0,5234000,-6971000,-1737000
2008/09/12,0,1850000,-1682000,168000
2008/09/15,0,3804000,-9234000,-5430000
2008/09/16,0,16942165,-7240000,9702165
2008/09/17,0,12369000,-3521966,8847034
2008/09/18,0,24792000,-8707000,16085000
2008/09/19,0,13785000,-11027000,2758000
2008/09/22,0,5920000,-1851000,4069000
2008/09/23,0,9192000,-5698000,3494000
2008/09/24,0,7519711,-5357711,2162000
2008/09/25,0,13312000,-10131000,3181000
2008/09/26,0,4788800,-6455000,-1666200
2008/09/29,0,0,0,0
2008/09/30,0,11378000,-6537000,4841000
2008/10/01,0,2643000,-4826000,-2183000
2008/10/02,0,4041000,-5074000,-1033000
2008/10/03,0,8508000,-8055000,453000
2008/10/06,0,3912000,-7275000,-3363000
2008/10/07,0,9975000,-5130000,4845000
2008/10/08,0,2690000,-5597000,-2907000
2008/10/09,0,23342000,-12457000,10885000
2008/10/10,0,0,0,0
2008/10/13,0,14135000,-3286000,10849000
2008/10/14,0,13117000,-21742000,-8625000
2008/10/15,0,18759000,-3089000,15670000
2008/10/16,0,749000,-1772000,-1023000
2008/10/17,0,12856000,-5611000,7245000
2008/10/20,0,11977000,-11008000,969000
2008/10/21,0,12153000,-7063000,5090000
2008/10/22,0,12089000,-12244000,-155000
2008/10/23,0,10693000,-6475000,4218000
2008/10/24,0,12730000,-2574000,10156000
2008/10/27,0,4004000,-2205000,1799000
2008/10/28,0,3972000,-16813033,-12841033
2008/10/29,0,12191000,-7402811,4788189
2008/10/30,0,5040000,-1142000,3898000
2008/10/31,0,6305000,-16111000,-9806000
2008/11/03,0,7369000,-10904000,-3535000
2008/11/04,0,8383000,-1928483,6454517
2008/11/05,0,13890000,-6277000,7613000
2008/11/06,0,4554000,-6713000,-2159000
2008/11/07,0,6130000,-14305000,-8175000
2008/11/10,0,11435000,-5488000,5947000
2008/11/11,0,1868000,-3005592,-1137592
2008/11/12,0,4584000,-12357325,-7773325
2008/11/13,0,5900000,-4740000,1160000
2008/11/14,0,9589000,-5927000,3662000
2008/11/17,0,10292000,-2318000,7974000
2008/11/18,0,11630000,-12733015,-1103015
2008/11/19,0,11043000,-6246000,4797000
2008/11/20,0,7473000,-4980420,2492580
2008/11/21,0,10677000,-23048000,-12371000
2008/11/24,0,7305000,-18521000,-11216000
2008/11/25,0,6605000,-13783282,-7178282
2008/11/26,0,8635000,-2501259,6133741
2008/11/27,0,9439000,-415000,9024000
2008/11/28,0,7959000,-4353000,3606000
2008/12/01,0,12098000,-5856000,6242000
2008/12/02,0,2094000,-5244000,-3150000
2008/12/03,0,6025000,-11099000,-5074000
2008/12/04,0,5056000,-7110000,-2054000
2008/12/05,0,3505000,-3855726,-350726
2008/12/08,0,9114000,-3027200,6086800
2008/12/09,0,15760000,-7554439,8205561
2008/12/10,0,11951000,-6386000,5565000
2008/12/11,0,7942000,-6197000,1745000
2008/12/12,0,2172000,-22100000,-19928000
2008/12/15,0,11772000,-6771000,5001000
2008/12/16,0,5818000,-14777000,-8959000
2008/12/17,0,12840000,-27180716,-14340716
2008/12/18,0,3823000,-264000,3559000
2008/12/19,0,9646000,-17153000,-7507000
2008/12/22,0,11583000,-16421988,-4838988
2008/12/23,0,1925000,-16564000,-14639000
2008/12/24,0,5753000,-7403000,-1650000
2008/12/25,0,310000,-980000,-670000
2008/12/26,0,1240000,-816000,424000
2008/12/29,0,3522000,-1421000,2101000
2008/12/30,0,6110000,-2250000,3860000
2008/12/31,0,6681000,-5067000,1614000
2009/01/01,0,0,0,0
2009/01/02,0,0,0,0
2009/01/05,0,3595000,-6012000,-2417000
2009/01/06,0,4195518,-2945000,1250518
2009/01/07,0,5662557,-4552000,1110557
2009/01/08,0,5985000,-13236000,-7251000
2009/01/09,0,3909000,-8038000,-4129000
2009/01/12,0,4179996,-8194000,-4014004
2009/01/13,0,4193259,-4016000,177259
2009/01/14,0,1084000,-6465000,-5381000
2009/01/15,0,2259000,-16835000,-14576000
2009/01/16,0,2454000,-17344000,-14890000
2009/01/19,0,613000,-14073900,-13460900
2009/01/20,0,2891000,-12638000,-9747000
2009/01/21,0,12758300,-25091000,-12332700
2009/01/22,0,0,0,0
2009/01/23,0,0,0,0
2009/01/26,0,0,0,0
2009/01/27,0,0,0,0
2009/01/28,0,0,0,0
2009/01/29,0,0,0,0
2009/01/30,0,0,0,0
2009/02/02,0,26934392,-41942239,-15007847
2009/02/03,0,4040000,-20559930,-16519930
2009/02/04,0,3061000,-9069000,-6008000
2009/02/05,0,4348000,-15392000,-11044000
2009/02/06,0,2858000,-25407000,-22549000
2009/02/09,0,7453000,-17559000,-10106000
2009/02/10,0,3917000,-17547001,-13630001
2009/02/11,0,3009000,-11699000,-8690000
2009/02/12,0,11433000,-12968000,-1535000
2009/02/13,0,11152000,-7167000,3985000
2009/02/16,0,4507000,-3105000,1402000
2009/02/17,0,5402000,-8543119,-3141119
2009/02/18,0,10433000,-10492000,-59000
2009/02/19,0,13438000,-11353000,2085000
2009/02/20,0,9739000,-21944000,-12205000
2009/02/23,0,6739000,-5395000,1344000
2009/02/24,0,6163000,-5726160,436840
2009/02/25,0,22467000,-7738730,14728270
2009/02/26,0,8491000,-4082270,4408730
2009/02/27,0,9329000,-6593437,2735563
2009/03/02,0,9283000,-15465266,-6182266
2009/03/03,0,2897000,-3459000,-562000
2009/03/04,0,9885000,-7058000,2827000
2009/03/05,0,23236972,-17757000,5479972
2009/03/06,0,7306000,-7103112,202888
2009/03/09,0,9293000,-12989000,-3696000
2009/03/10,0,10644000,-22003000,-11359000
2009/03/11,0,6582148,-16499000,-9916852
2009/03/12,0,7130000,-9935000,-2805000
2009/03/13,0,17041000,-20014000,-2973000
2009/03/16,0,9353000,-5972000,3381000
2009/03/17,0,11046000,-5337000,5709000
2009/03/18,0,7994000,-6799000,1195000
2009/03/19,0,5012000,-10569523,-5557523
2009/03/20,0,2314000,-3810000,-1496000
2009/03/23,0,11854000,-8732000,3122000
2009/03/24,0,9183000,-8691000,492000
2009/03/25,0,12091000,-18781120,-6690120
2009/03/26,0,7496000,-24678000,-17182000
2009/03/27,0,7764000,-7464000,300000
2009/03/30,0,7941000,-7314000,627000
2009/03/31,0,6597000,-11806557,-5209557
2009/04/01,0,3012000,-12024000,-9012000
2009/04/02,0,14454000,-29165000,-14711000
2009/04/03,0,40493000,-15474000,25019000
2009/04/06,0,12965000,-4718000,8247000
2009/04/07,0,31698000,-19771997,11926003
2009/04/08,0,16907000,-13494000,3413000
2009/04/09,0,15861000,-4125271,11735729
2009/04/10,0,6788000,-3390000,3398000
2009/04/13,0,4903000,-2542000,2361000
2009/04/14,0,15290000,-7412000,7878000
2009/04/15,0,10265000,-4043000,6222000
2009/04/16,0,17012000,-29487000,-12475000
2009/04/17,0,35503000,-17435000,18068000
2009/04/20,0,17287000,-12571000,4716000
2009/04/21,0,16662000,-43295559,-26633559
2009/04/22,0,28258000,-53156000,-24898000
2009/04/23,0,6157054,-2722000,3435054
2009/04/24,0,12818000,-4430000,8388000
2009/04/27,0,8157115,-4721164,3435951
2009/04/28,0,8815000,-3870000,4945000
2009/04/29,0,12124000,-10002000,2122000
2009/04/30,0,82066000,-3212000,78854000
2009/05/01,0,0,0,0
2009/05/04,0,20660000,-3699500,16960500
2009/05/05,0,35538000,-3650000,31888000
2009/05/06,0,107002000,-52183000,54819000
2009/05/07,0,15421598,-47225000,-31803402
2009/05/08,0,44465013,-47965013,-3500000
2009/05/11,0,21680000,-28605000,-6925000
2009/05/12,0,20357000,-25342000,-4985000
2009/05/13,0,5915000,-9772000,-3857000
2009/05/14,0,18204988,-34846988,-16642000
2009/05/15,0,14856000,-15938000,-1082000
2009/05/18,0,13190000,-7321000,5869000
2009/05/19,0,19336000,-9033000,10303000
2009/05/20,0,18809000,-4138000,14671000
2009/05/21,0,16106000,-11029000,5077000
2009/05/22,0,15179000,-15996000,-817000
2009/05/25,0,14814000,-11359901,3454099
2009/05/26,0,7370000,-4443000,2927000
2009/05/27,0,22034901,-28823746,-6788845
2009/05/28,0,0,0,0
2009/05/29,0,0,0,0
2009/06/01,0,42747000,-10828000,31919000
2009/06/02,0,74126000,-68034000,6092000
2009/06/03,0,25676000,-12838000,12838000
2009/06/04,0,25658000,-23217000,2441000
2009/06/05,0,16794184,-17996000,-1201816
2009/06/08,0,18596000,-10774000,7822000
2009/06/09,0,10080000,-24984000,-14904000
2009/06/10,0,4646000,-2544007,2101993
2009/06/11,0,10076000,-7405000,2671000
2009/06/12,0,3596000,-5359000,-1763000
2009/06/15,0,5046000,-7406000,-2360000
2009/06/16,0,2443000,-5487230,-3044230
2009/06/17,0,13534000,-8401000,5133000
2009/06/18,0,4095000,-18865000,-14770000
2009/06/19,0,13102001,-4330000,8772001
2009/06/22,0,17970000,-4325000,13645000
2009/06/23,0,8194700,-12615000,-4420300
2009/06/24,0,18736000,-10934700,7801300
2009/06/25,0,47900000,-9689100,38210900
2009/06/26,0,46439970,-7675000,38764970
2009/06/29,0,36265000,-20998000,15267000
2009/06/30,0,22910000,-14834325,8075675
2009/07/01,0,20935000,-12002000,8933000
2009/07/02,0,4142000,-23554000,-19412000
2009/07/03,0,6587706,-5295000,1292706
2009/07/06,0,6974000,-5173000,1801000
2009/07/07,0,11546000,-1227960,10318040
2009/07/08,0,5483000,-13811223,-8328223
2009/07/09,0,5002000,-10977000,-5975000
2009/07/10,0,2667000,-10121000,-7454000
2009/07/13,0,3463000,-8755000,-5292000
2009/07/14,0,3283000,-27682674,-24399674
2009/07/15,0,7269000,-29492000,-22223000
2009/07/16,0,4333000,-7535000,-3202000
2009/07/17,0,10168000,-13245690,-3077690
2009/07/20,0,13651000,-21366000,-7715000
2009/07/21,0,5870000,-2934190,2935810
2009/07/22,0,4919000,-9489000,-4570000
2009/07/23,0,3649000,-2400850,1248150
2009/07/24,0,12301000,-3763990,8537010
2009/07/27,0,5879000,-1492000,4387000
2009/07/28,0,6174000,-6129100,44900
2009/07/29,0,7647445,-14257000,-6609555
2009/07/30,0,3678000,-7313000,-3635000
2009/07/31,0,8337000,-11333000,-2996000
2009/08/03,0,5436000,-2593000,2843000
2009/08/04,0,1498000,-4305000,-2807000
2009/08/05,0,8798000,-4179000,4619000
2009/08/06,0,931000,-1489000,-558000
2009/08/07,0,0,0,0
2009/08/10,0,5821834,-7840000,-2018166
2009/08/11,0,2842000,-8844000,-6002000
2009/08/12,0,10072000,-12478000,-2406000
2009/08/13,0,7602000,-1385388,6216612
2009/08/14,0,2395000,-4006000,-1611000
2009/08/17,0,1752000,-2223000,-471000
2009/08/18,0,2689000,-3008000,-319000
2009/08/19,0,6788000,-11345640,-4557640
2009/08/20,0,6039000,-3971000,2068000
2009/08/21,0,3028000,-8176760,-5148760
2009/08/24,0,16308000,-1210000,15098000
2009/08/25,0,1981505,-5910000,-3928495
2009/08/26,0,917254,-7040000,-6122746
2009/08/27,0,375000,-2256000,-1881000
2009/08/28,0,5433000,-9603000,-4170000
2009/08/31,0,3317000,-4083021,-766021
2009/09/01,0,10416000,-110495,10305505
2009/09/02,0,3762000,-1572000,2190000
2009/09/03,0,11766000,-3321000,8445000
2009/09/04,0,10873000,-3484000,7389000
2009/09/07,0,11160000,-9480000,1680000
2009/09/08,0,11769000,-562000,11207000
2009/09/09,0,16259000,-5079000,11180000
2009/09/10,0,38654000,-5525370,33128630
2009/09/11,0,49863000,-6125000,43738000
2009/09/14,0,13052000,-6582000,6470000
2009/09/15,0,18570015,-9837000,8733015
2009/09/16,0,12874000,-6461300,6412700
2009/09/17,0,16651000,-1743410,14907590
2009/09/18,0,10157000,-2499000,7658000
2009/09/21,0,3759000,-2341000,1418000
2009/09/22,0,16765000,-6057000,10708000
2009/09/23,0,16224000,-5090000,11134000
2009/09/24,0,2962000,-14384000,-11422000
2009/09/25,0,8450000,-10807330,-2357330
2009/09/28,0,18039000,-1340000,16699000
2009/09/29,0,21936440,-2794000,19142440
2009/09/30,0,4612000,-2784000,1828000
2009/10/01,0,7934000,-19851000,-11917000
2009/10/02,0,22794000,-13812118,8981882
2009/10/05,0,2479200,-9537200,-7058000
2009/10/06,0,10219000,-16894000,-6675000
2009/10/07,0,4088000,-927270,3160730
2009/10/08,0,5859000,-3880000,1979000
2009/10/09,0,4827000,-2958000,1869000
2009/10/12,0,4402000,-4219000,183000
2009/10/13,0,5333700,-22321134,-16987434
2009/10/14,0,7030000,-261000,6769000
2009/10/15,0,29498000,-1913000,27585000
2009/10/16,0,17867000,-3406000,14461000
2009/10/19,0,4999000,-2153688,2845312
2009/10/20,0,3307899,-1712000,1595899
2009/10/21,0,10013000,-8268700,1744300
2009/10/22,0,8931000,-16020000,-7089000
2009/10/23,0,4276000,-755000,3521000
2009/10/26,0,13427000,-791000,12636000
2009/10/27,0,3126000,-10377000,-7251000
2009/10/28,0,3429000,-12761000,-9332000
2009/10/29,0,1068000,-13468000,-12400000
2009/10/30,0,5558000,-5940000,-382000
2009/11/02,0,3957000,-15025000,-11068000
2009/11/03,0,269000,-4544000,-4275000
2009/11/04,0,10090000,-1090594,8999406
2009/11/05,0,1702000,-7236000,-5534000
2009/11/06,0,5386000,-7642000,-2256000
2009/11/09,0,4277000,-8979000,-4702000
2009/11/10,0,3780000,0,3780000
2009/11/11,0,4748000,-300000,4448000
2009/11/12,0,5140000,-426000,4714000
2009/11/13,0,4327000,-2037709,2289291
2009/11/16,0,6877000,-1272000,5605000
2009/11/17,0,7435000,-6375000,1060000
2009/11/18,0,2269000,-38408000,-36139000
2009/11/19,0,2288000,-24085430,-21797430
2009/11/20,0,3872000,-22572000,-18700000
2009/11/23,0,1335000,-5086000,-3751000
2009/11/24,0,3824000,-8001000,-4177000
2009/11/25,0,9415000,-950000,8465000
2009/11/26,0,1771000,-1082102,688898
2009/11/27,0,347000,-14683000,-14336000
2009/11/30,0,8699938,-17524989,-8825051
2009/12/01,0,11438000,-3770000,7668000
2009/12/02,0,22636000,-5467000,17169000
2009/12/03,0,16357000,-2841116,13515884
2009/12/04,0,10968000,-662000,10306000
2009/12/07,0,10099000,-2644000,7455000
2009/12/08,0,4479000,-2025000,2454000
2009/12/09,0,704000,-2239000,-1535000
2009/12/10,0,3207000,-7317840,-4110840
2009/12/11,0,7039000,-5364000,1675000
2009/12/14,0,2777000,-3772000,-995000
2009/12/15,0,3176000,-626000,2550000
2009/12/16,0,2667000,-22966000,-20299000
2009/12/17,0,5123980,-43784000,-38660020
2009/12/18,0,1553000,-4392000,-2839000
2009/12/21,0,4865000,-2009000,2856000
2009/12/22,0,4255000,-1133000,3122000
2009/12/23,0,14240000,-8129931,6110069
2009/12/24,0,13099000,-2176000,10923000
2009/12/25,0,7751000,-2418000,5333000
2009/12/28,0,25072000,-2727000,22345000
2009/12/29,0,7769000,-2243000,5526000
2009/12/30,0,5983000,-6643000,-660000
2009/12/31,0,2736000,-663000,2073000
2010/01/01,0,0,0,0
2010/01/04,0,1603000,-2362000,-759000
2010/01/05,0,4065000,-2260000,1805000
2010/01/06,0,3798000,-2608000,1190000
2010/01/07,0,10230000,-13186391,-2956391
2010/01/08,0,3332060,-6439000,-3106940
2010/01/11,0,3743000,-9195000,-5452000
2010/01/12,0,2687000,-12033510,-9346510
2010/01/13,0,543000,-7128000,-6585000
2010/01/14,0,1383000,-6178960,-4795960
2010/01/15,0,1295000,-11683000,-10388000
2010/01/18,0,457000,-9005000,-8548000
2010/01/19,0,475000,-19652890,-19177890
2010/01/20,0,3383000,-25384000,-22001000
2010/01/21,0,6109000,-28534632,-22425632
2010/01/22,0,9748000,-31610000,-21862000
2010/01/25,0,1382840,-38499000,-37116160
2010/01/26,0,3245000,-22295000,-19050000
2010/01/27,0,12211000,-24664250,-12453250
2010/01/28,0,13112000,-34573000,-21461000
2010/01/29,0,5813000,-8154800,-2341800
2010/02/01,0,3491000,-5232543,-1741543
2010/02/02,0,1670000,-4703350,-3033350
2010/02/03,0,2784410,-2257000,527410
2010/02/04,0,2096000,-10173000,-8077000
2010/02/05,0,3507000,-24772790,-21265790
2010/02/08,0,1361530,-16376523,-15014993
2010/02/09,0,9826000,-8682530,1143470
2010/02/10,0,6537000,-11547000,-5010000
2010/02/11,0,0,0,0
2010/02/12,0,0,0,0
2010/02/15,0,0,0,0
2010/02/16,0,0,0,0
2010/02/17,0,0,0,0
2010/02/18,0,0,0,0
2010/02/19,0,0,0,0
2010/02/22,0,6981000,-10344000,-3363000
2010/02/23,0,4962000,-8891000,-3929000
2010/02/24,0,3671000,-4149000,-478000
2010/02/25,0,4859000,-7988000,-3129000
2010/02/26,0,3748956,-1205759,2543197
2010/03/01,0,5977000,-1789000,4188000
2010/03/02,0,1509000,-3423000,-1914000
2010/03/03,0,3540000,-9925000,-6385000
2010/03/04,0,1029000,-8735000,-7706000
2010/03/05,0,8983000,-6651000,2332000
2010/03/08,0,9813000,-10204500,-391500
2010/03/09,0,9949080,-8310000,1639080
2010/03/10,0,3471000,-8642063,-5171063
2010/03/11,0,4177000,-2977000,1200000
2010/03/12,0,3159000,-1475000,1684000
2010/03/15,0,901000,-4180000,-3279000
2010/03/16,0,6132001,-9684000,-3551999
2010/03/17,0,9573000,-10364000,-791000
2010/03/18,0,7289000,-5024000,2265000
2010/03/19,0,11349000,-8954000,2395000
2010/03/22,0,12887000,-7417630,5469370
2010/03/23,0,722000,-843000,-121000
2010/03/24,0,2111200,-6961000,-4849800
2010/03/25,0,6380034,-10777000,-4396966
2010/03/26,0,6289000,-3606000,2683000
2010/03/29,0,12861000,-605000,12256000
2010/03/30,0,33230000,-19180000,14050000
2010/03/31,0,21727000,-2164621,19562379
2010/04/01,0,7928000,-14798080,-6870080
2010/04/02,0,5309000,-5912000,-603000
2010/04/05,0,0,0,0
2010/04/06,0,14158500,-20156002,-5997502
2010/04/07,0,24995580,-19528170,5467410
2010/04/08,0,26991000,-2554000,24437000
2010/04/09,0,11724000,-2166860,9557140
2010/04/12,0,7049560,-3158000,3891560
2010/04/13,0,7375000,-4374000,3001000
2010/04/14,0,6934000,-4689720,2244280
2010/04/15,0,5043000,-4148000,895000
2010/04/16,0,474750,-1449000,-974250
2010/04/19,0,2754001,-10014000,-7259999
2010/04/20,0,734000,-3689000,-2955000
2010/04/21,0,2393000,-2191000,202000
2010/04/22,0,3980000,-6667700,-2687700
2010/04/23,0,3774000,-2298000,1476000
2010/04/26,0,11043000,-5704000,5339000
2010/04/27,0,6894000,-4767000,2127000
2010/04/28,0,1124000,-15923780,-14799780
2010/04/29,0,354000,-3292000,-2938000
2010/04/30,0,8017000,-5342000,2675000
2010/05/03,0,709000,-9127000,-8418000
2010/05/04,0,704000,-5157000,-4453000
2010/05/05,0,1206601,-23594850,-22388249
2010/05/06,0,4063400,-6632000,-2568600
2010/05/07,0,3448259,-12509930,-9061671
2010/05/10,0,1018900,-3603100,-2584200
2010/05/11,0,6195000,-8608000,-2413000
2010/05/12,0,7744258,-6509000,1235258
2010/05/13,0,5035000,-449000,4586000
2010/05/14,0,3391000,-25560000,-22169000
2010/05/17,0,1736000,-3466000,-1730000
2010/05/18,0,2413000,-2508000,-95000
2010/05/19,0,1919003,-5354000,-3434997
2010/05/20,0,663000,-5505000,-4842000
2010/05/21,0,882000,-5824580,-4942580
2010/05/24,0,2181000,-3178000,-997000
2010/05/25,0,1535000,-6969000,-5434000
2010/05/26,0,3935710,-2510000,1425710
2010/05/27,0,1366000,-9460729,-8094729
2010/05/28,0,5148000,-9749000,-4601000
2010/05/31,0,6360000,-1964000,4396000
2010/06/01,0,3821000,-7382000,-3561000
2010/06/02,0,3930000,-7190000,-3260000
2010/06/03,0,14214000,-4956000,9258000
2010/06/04,0,6652000,-5400000,1252000
2010/06/07,0,3012000,-11537000,-8525000
2010/06/08,0,2579000,-3918000,-1339000
2010/06/09,0,4846000,-6662000,-1816000
2010/06/10,0,2753000,-2522000,231000
2010/06/11,0,9946745,-4650000,5296745
2010/06/14,0,3533745,-5263000,-1729255
2010/06/15,0,8251089,-4429528,3821561
2010/06/16,0,0,0,0
2010/06/17,0,10389399,-3453271,6936128
2010/06/18,0,2300620,-914000,1386620
2010/06/21,0,14407530,-7620619,6786911
2010/06/22,0,2786822,-5240000,-2453178
2010/06/23,0,1757543,-3733542,-1975999
2010/06/24,0,716000,-5158640,-4442640
2010/06/25,0,3125376,-8038000,-4912624
2010/06/28,0,22354000,-36717000,-14363000
2010/06/29,0,5312000,-9408000,-4096000
2010/06/30,0,10943000,-5817000,5126000
2010/07/01,0,7901000,-14059360,-6158360
2010/07/02,0,3580000,-3364170,215830
2010/07/05,0,3011000,-2384074,626926
2010/07/06,0,3141000,-3791000,-650000
2010/07/07,0,1678000,-2204685,-526685
2010/07/08,0,3711000,-5302000,-1591000
2010/07/09,0,2206314,-9306000,-7099686
2010/07/12,0,4847000,-732368,4114632
2010/07/13,0,6801000,-1468000,5333000
2010/07/14,0,7349050,-866327,6482723
2010/07/15,0,5769000,-1645117,4123883
2010/07/16,0,5933000,-5493222,439778
2010/07/19,0,5720000,-3355000,2365000
2010/07/20,0,8147398,-1942000,6205398
2010/07/21,0,6814000,-9550000,-2736000
2010/07/22,0,1450000,-4782000,-3332000
2010/07/23,0,6164000,-3255000,2909000
2010/07/26,0,2123020,-5339000,-3215980
2010/07/27,0,758910,-1206000,-447090
2010/07/28,0,4002000,-3306000,696000
2010/07/29,0,3391000,-2171531,1219469
2010/07/30,0,1109267,-3228000,-2118733
2010/08/02,0,9112000,-1113000,7999000
2010/08/03,0,13238000,-1185000,12053000
2010/08/04,0,9786000,-1233000,8553000
2010/08/05,0,19472000,-7335192,12136808
2010/08/06,0,11934000,-5555000,6379000
2010/08/09,0,3437000,-6907000,-3470000
2010/08/10,0,12250000,-4852000,7398000
2010/08/11,0,3016000,-1009321,2006679
2010/08/12,0,2959000,-8949000,-5990000
2010/08/13,0,9821050,-10634000,-812950
2010/08/16,0,3771000,-962000,2809000
2010/08/17,0,4310000,-1082000,3228000
2010/08/18,0,9583000,-4965000,4618000
2010/08/19,0,11500000,-2753000,8747000
2010/08/20,0,4993000,-1627000,3366000
2010/08/23,0,14467000,-1257000,13210000
2010/08/24,0,1928000,-4930000,-3002000
2010/08/25,0,1433000,-10067000,-8634000
2010/08/26,0,1023000,-12590000,-11567000
2010/08/27,0,1704000,-4976000,-3272000
2010/08/30,0,9804841,-1087000,8717841
2010/08/31,0,2469635,-6514349,-4044714
2010/09/01,0,1793000,-6485000,-4692000
2010/09/02,0,1551000,-3428829,-1877829
2010/09/03,0,16773000,-24249000,-7476000
2010/09/06,0,11601000,-6634000,4967000
2010/09/07,0,2836000,-3107380,-271380
2010/09/08,0,4915440,-4109250,806190
2010/09/09,0,1987000,-556000,1431000
2010/09/10,0,7278220,-174000,7104220
2010/09/13,0,10748000,-721000,10027000
2010/09/14,0,3377000,-7039000,-3662000
2010/09/15,0,3184602,-9099104,-5914502
2010/09/16,0,8063000,-379000,7684000
2010/09/17,0,4170000,-2354000,1816000
2010/09/20,0,2733000,-18000,2715000
2010/09/21,0,5344000,-642000,4702000
2010/09/22,0,0,0,0
2010/09/23,0,15400163,-369000,15031163
2010/09/24,0,6273090,-3277000,2996090
2010/09/27,0,4506890,-428000,4078890
2010/09/28,0,2973880,-5306000,-2332120
2010/09/29,0,6284000,-3446000,2838000
2010/09/30,0,2563000,-601000,1962000
2010/10/01,0,2435870,-1800000,635870
2010/10/04,0,12203440,-980000,11223440
2010/10/05,0,8952320,-2967050,5985270
2010/10/06,0,8690967,-5983000,2707967
2010/10/07,0,2816150,-4866000,-2049850
2010/10/08,0,2083270,-829121,1254149
2010/10/11,0,4471220,-1323842,3147378
2010/10/12,0,10694700,-4631000,6063700
2010/10/13,0,10468770,-2446000,8022770
2010/10/14,0,6326640,-6020000,306640
2010/10/15,0,2732260,-64000,2668260
2010/10/18,0,1215000,-4818000,-3603000
2010/10/19,0,3932000,-6962000,-3030000
2010/10/20,0,2589000,-3787000,-1198000
2010/10/21,0,2770000,-3635000,-865000
2010/10/22,0,3812000,-2276000,1536000
2010/10/25,0,3679000,-45000,3634000
2010/10/26,0,3728314,-23000,3705314
2010/10/27,0,7773150,-3697000,4076150
2010/10/28,0,6772403,-2311000,4461403
2010/10/29,0,1331000,-2372000,-1041000
2010/11/01,0,5838000,-1376000,4462000
2010/11/02,0,2479000,-940000,1539000
2010/11/03,0,2700000,-802000,1898000
2010/11/04,0,3991000,-632000,3359000
2010/11/05,0,5554000,-4133640,1420360
2010/11/08,0,3654000,-699000,2955000
2010/11/09,0,1749000,-335000,1414000
2010/11/10,0,3514000,-2009570,1504430
2010/11/11,0,2587000,-3297484,-710484
2010/11/12,0,2459000,-13479000,-11020000
2010/11/15,0,741858,-7823000,-7081142
2010/11/16,0,960000,-7927000,-6967000
2010/11/17,0,2583000,-7799000,-5216000
2010/11/18,0,751000,-2975250,-2224250
2010/11/19,0,1518230,-2789000,-1270770
2010/11/22,0,2076100,-653137,1422963
2010/11/23,0,871570,-2002886,-1131316
2010/11/24,0,2124000,-1424000,700000
2010/11/25,0,1168000,-855000,313000
2010/11/26,0,1606000,-1307000,299000
2010/11/29,0,3352000,-3060270,291730
2010/11/30,0,8077689,-7590325,487364
2010/12/01,0,6185000,-3183000,3002000
2010/12/02,0,13896000,-1698683,12197317
2010/12/03,0,1688000,-3252000,-1564000
2010/12/06,0,1777000,-949000,828000
2010/12/07,0,5918460,-1440000,4478460
2010/12/08,0,5447000,-1066000,4381000
2010/12/09,0,7011000,-439000,6572000
2010/12/10,0,3201000,-1566000,1635000
2010/12/13,0,1035000,-643000,392000
2010/12/14,0,8519000,-2662000,5857000
2010/12/15,0,8601000,-4568000,4033000
2010/12/16,0,12615000,-5977000,6638000
2010/12/17,0,2442000,-4569000,-2127000
2010/12/20,0,7317340,-4575000,2742340
2010/12/21,0,11492000,-394673,11097327
2010/12/22,0,10846000,-3350050,7495950
2010/12/23,0,7243000,-642000,6601000
2010/12/24,0,6985000,-521000,6464000
2010/12/27,0,3717000,-714000,3003000
2010/12/28,0,5983000,-1097000,4886000
2010/12/29,0,15221680,-4708000,10513680
2010/12/30,0,11957000,-15625000,-3668000
2010/12/31,0,6110000,-1739430,4370570
2011/01/03,0,2785000,-11322000,-8537000
2011/01/04,0,6245000,-3707000,2538000
2011/01/05,0,15354000,-15256160,97840
2011/01/06,0,9522000,-2568000,6954000
2011/01/07,0,15561000,-8291000,7270000
2011/01/10,0,3789000,-2032000,1757000
2011/01/11,0,7737000,-2320000,5417000
2011/01/12,0,9037000,-2705000,6332000
2011/01/13,0,6514964,-11976000,-5461036
2011/01/14,0,5867000,-1026000,4841000
2011/01/17,0,17302150,-3063000,14239150
2011/01/18,0,24314000,-2632490,21681510
2011/01/19,0,20702000,-2610000,18092000
2011/01/20,0,8424000,-303000,8121000
2011/01/21,0,6256000,-3566000,2690000
2011/01/24,0,7104000,-3517000,3587000
2011/01/25,0,8811000,-2154281,6656719
2011/01/26,0,22507000,-4755004,17751996
2011/01/27,0,1747000,-1229800,517200
2011/01/28,0,6535590,-9621000,-3085410
2011/01/31,0,0,0,0
2011/02/01,0,0,0,0
2011/02/02,0,0,0,0
2011/02/03,0,0,0,0
2011/02/04,0,0,0,0
2011/02/07,0,0,0,0
2011/02/08,0,2893000,-3232000,-339000
2011/02/09,0,3991000,-2924010,1066990
2011/02/10,0,3900000,-8500790,-4600790
2011/02/11,0,7499000,-24208000,-16709000
2011/02/14,0,6736000,-10194630,-3458630
2011/02/15,0,7657000,-8969928,-1312928
2011/02/16,0,1604000,-5215000,-3611000
2011/02/17,0,1180000,-7567860,-6387860
2011/02/18,0,5232000,-8843000,-3611000
2011/02/21,0,1880000,-4910000,-3030000
2011/02/22,0,686000,-6692000,-6006000
2011/02/23,0,1720894,-2765630,-1044736
2011/02/24,0,1038201,-5350000,-4311799
2011/02/25,0,4099000,-10752509,-6653509
2011/02/28,0,0,0,0
2011/03/01,0,3072000,-3710000,-638000
2011/03/02,0,10774945,-8453000,2321945
2011/03/03,0,9913000,-6764000,3149000
2011/03/04,0,8349000,-2107000,6242000
2011/03/07,0,11959000,-581000,11378000
2011/03/08,0,9967000,-6943000,3024000
2011/03/09,0,17123000,-1425293,15697707
2011/03/10,0,1227000,-3507320,-2280320
2011/03/11,0,1340000,-5864330,-4524330
2011/03/14,0,3747000,-2519000,1228000
2011/03/15,0,4075000,-8031700,-3956700
2011/03/16,0,3255000,-3274040,-19040
2011/03/17,0,3690000,-2648480,1041520
2011/03/18,0,6416000,-6357670,58330
2011/03/21,0,4096000,-6301000,-2205000
2011/03/22,0,8108000,-3892000,4216000
2011/03/23,0,4436000,-1475000,2961000
2011/03/24,0,4348000,-2148000,2200000
2011/03/25,0,5835000,-403000,5432000
2011/03/28,0,3997000,-2304000,1693000
2011/03/29,0,3624000,-3560000,64000
2011/03/30,0,8246000,-4050000,4196000
2011/03/31,0,8546319,-5175038,3371281
2011/04/01,0,5530646,-2950000,2580646
2011/04/04,0,0,0,0
2011/04/05,0,0,0,0
2011/04/06,0,15777086,-1611000,14166086
2011/04/07,0,13094000,-453000,12641000
2011/04/08,0,12753291,-2397000,10356291
2011/04/11,0,7243963,-674000,6569963
2011/04/12,0,3760180,-2010000,1750180
2011/04/13,0,5228000,-343929,4884071
2011/04/14,0,4178000,-3152300,1025700
2011/04/15,0,3678000,-2914000,764000
2011/04/18,0,5539000,-2657444,2881556
2011/04/19,0,2712000,-7693700,-4981700
2011/04/20,0,5382306,-6803000,-1420694
2011/04/21,0,11589318,-2724000,8865318
2011/04/22,0,6382000,-91000,6291000
2011/04/25,0,2968000,-2195000,773000
2011/04/26,0,8431486,-649000,7782486
2011/04/27,0,7397000,-884000,6513000
2011/04/28,0,4593734,-2428000,2165734
2011/04/29,0,8246421,-1711000,6535421
2011/05/02,0,0,0,0
2011/05/03,0,3926000,-2140000,1786000
2011/05/04,0,4847222,-9274000,-4426778
2011/05/05,0,1812000,-1174000,638000
2011/05/06,0,4130364,-7976276,-3845912
2011/05/09,0,5959000,-1226000,4733000
2011/05/10,0,2130000,-947000,1183000
2011/05/11,0,7211000,-2366700,4844300
2011/05/12,0,3582000,-2807000,775000
2011/05/13,0,1381000,-7567510,-6186510
2011/05/16,0,1041000,-2719000,-1678000
2011/05/17,0,4403000,-5517000,-1114000
2011/05/18,0,7453000,-8196000,-743000
2011/05/19,0,10847000,-9178556,1668444
2011/05/20,0,1383000,-4885000,-3502000
2011/05/23,0,797000,-6672000,-5875000
2011/05/24,0,1365000,-5978905,-4613905
2011/05/25,0,678000,-8244000,-7566000
2011/05/26,0,1943000,-6135796,-4192796
2011/05/27,0,859000,-4095000,-3236000
2011/05/30,0,1265000,-3108000,-1843000
2011/05/31,0,7827612,-7185968,641644
2011/06/01,0,5891000,-2181830,3709170
2011/06/02,0,3658000,-643000,3015000
2011/06/03,0,1578000,-2522000,-944000
2011/06/06,0,0,0,0
2011/06/07,0,1410000,-3306000,-1896000
2011/06/08,0,1969000,-9841000,-7872000
2011/06/09,0,2441000,-7408014,-4967014
2011/06/10,0,1917996,-10652522,-8734526
2011/06/13,0,2334000,-14969468,-12635468
2011/06/14,0,3592000,-7129000,-3537000
2011/06/15,0,11444000,-19487316,-8043316
2011/06/16,0,3879000,-10763000,-6884000
2011/06/17,0,2993312,-4795000,-1801688
2011/06/20,0,1925000,-8114102,-6189102
2011/06/21,0,4741000,-6729000,-1988000
2011/06/22,0,3916000,-12123000,-8207000
2011/06/23,0,1556402,-3453729,-1897327
2011/06/24,0,2859000,-8565197,-5706197
2011/06/27,0,1479000,-6199336,-4720336
2011/06/28,0,2572000,-7872631,-5300631
2011/06/29,0,5033000,-3620000,1413000
2011/06/30,0,4063000,-7427700,-3364700
2011/07/01,0,1447875,-4606000,-3158125
2011/07/04,0,690958,-3112616,-2421658
2011/07/05,0,1939196,-5629000,-3689804
2011/07/06,0,3377242,-4484000,-1106758
2011/07/07,0,2901506,-3859000,-957494
2011/07/08,0,2398548,-8604000,-6205452
2011/07/11,0,1363473,-4955000,-3591527
2011/07/12,0,2563255,-8979900,-6416645
2011/07/13,0,4119322,-6682000,-2562678
2011/07/14,0,439099,-4360000,-3920901
2011/07/15,0,1868300,-13246000,-11377700
2011/07/18,0,388291,-4505000,-4116709
2011/07/19,0,4538000,-4907200,-369200
2011/07/20,0,2253264,-5612000,-3358736
2011/07/21,0,2948593,-2488000,460593
2011/07/22,0,2714685,-3478000,-763315
2011/07/25,0,1196507,-3660000,-2463493
2011/07/26,0,5655769,-4654000,1001769
2011/07/27,0,12688350,-9828000,2860350
2011/07/28,0,4158689,-3720002,438687
2011/07/29,0,5194706,-3811000,1383706
2011/08/01,0,5018781,-4064000,954781
2011/08/02,0,1599523,-5489000,-3889477
2011/08/03,0,4773306,-8450000,-3676694
2011/08/04,0,6124025,-17668200,-11544175
2011/08/05,0,7979734,-13974839,-5995105
2011/08/08,0,2084023,-15178000,-13093977
2011/08/09,0,2196105,-11804968,-9608863
2011/08/10,0,1198000,-16761910,-15563910
2011/08/11,0,4948000,-4543000,405000
2011/08/12,0,1565000,-8847667,-7282667
2011/08/15,0,4221286,-1674000,2547286
2011/08/16,0,1474000,-3745187,-2271187
2011/08/17,0,5018298,-3805000,1213298
2011/08/18,0,4020880,-10286000,-6265120
2011/08/19,0,3167054,-6531000,-3363946
2011/08/22,0,3537843,-2238000,1299843
2011/08/23,0,5404000,-3034004,2369996
2011/08/24,0,2666565,-7553000,-4886435
2011/08/25,0,3521623,-4094102,-572479
2011/08/26,0,7513784,-1009000,6504784
2011/08/29,0,3783000,-1150820,2632180
2011/08/30,0,939313,-6604000,-5664687
2011/08/31,0,3138875,-857000,2281875
2011/09/01,0,7998431,-1847693,6150738
2011/09/02,0,4549236,-4265000,284236
2011/09/05,0,2738000,-7507000,-4769000
2011/09/06,0,1481282,-8730877,-7249595
2011/09/07,0,2456290,-2012000,444290
2011/09/08,0,2708645,-10379104,-7670459
2011/09/09,0,3473000,-7759000,-4286000
2011/09/12,0,0,0,0
2011/09/13,0,1345736,-14548000,-13202264
2011/09/14,0,1601752,-8510278,-6908526
2011/09/15,0,4545000,-10074000,-5529000
2011/09/16,0,7791000,-6781000,1010000
2011/09/19,0,484489,-3538000,-3053511
2011/09/20,0,2466069,-8073019,-5606950
2011/09/21,0,5677795,-6966380,-1288585
2011/09/22,0,2021752,-9630277,-7608525
2011/09/23,0,3885119,-11354017,-7468898
2011/09/26,0,1642573,-4884781,-3242208
2011/09/27,0,6026356,-5986000,40356
2011/09/28,0,7141309,-14077058,-6935749
2011/09/29,0,5825371,-10106000,-4280629
2011/09/30,0,4514000,-28275000,-23761000
2011/10/03,0,2384336,-15269556,-12885220
2011/10/04,0,7840000,-13321399,-5481399
2011/10/05,0,3732000,-3025000,707000
2011/10/06,0,19592000,-8293000,11299000
2011/10/07,0,3450000,-8921630,-5471630
2011/10/10,0,0,0,0
2011/10/11,0,7346000,-7072000,274000
2011/10/12,0,3471000,-3276376,194624
2011/10/13,0,2887804,-2353000,534804
2011/10/14,0,1822118,-2591000,-768882
2011/10/17,0,5592937,-3671451,1921486
2011/10/18,0,1489290,-2509282,-1019992
2011/10/19,0,2336990,-2481511,-144521
2011/10/20,0,4057923,-5945688,-1887765
2011/10/21,0,1212323,-5071000,-3858677
2011/10/24,0,10498651,-6321881,4176770
2011/10/25,0,4564013,-7777200,-3213187
2011/10/26,0,4933000,-9291000,-4358000
2011/10/27,0,5713950,-21608977,-15895027
2011/10/28,0,11814000,-11567578,246422
2011/10/31,0,8491000,-10100000,-1609000
2011/11/01,0,6436000,-8509000,-2073000
2011/11/02,0,6449000,-18731172,-12282172
2011/11/03,0,3764000,-9000000,-5236000
2011/11/04,0,5212000,-5117797,94203
2011/11/07,0,1463000,-3310000,-1847000
2011/11/08,0,3200070,-4087000,-886930
2011/11/09,0,4868000,-4011000,857000
2011/11/10,0,1700000,-11208626,-9508626
2011/11/11,0,2405000,-11036096,-8631096
2011/11/14,0,3441000,-2303000,1138000
2011/11/15,0,1157000,-3021000,-1864000
2011/11/16,0,5606000,-5879000,-273000
2011/11/17,0,1269000,-2170999,-901999
2011/11/18,0,2768000,-3450267,-682267
2011/11/21,0,2540000,-3482000,-942000
2011/11/22,0,1483000,-2665513,-1182513
2011/11/23,0,3168000,-6177000,-3009000
2011/11/24,0,5711000,-3072000,2639000
2011/11/25,0,2035000,-5123000,-3088000
2011/11/28,0,2402584,-3646000,-1243416
2011/11/29,0,3677000,-2593336,1083664
2011/11/30,0,6065740,-8082000,-2016260
2011/12/01,0,9168000,-915859,8252141
2011/12/02,0,9402000,-2416164,6985836
2011/12/05,0,1938000,-2451000,-513000
2011/12/06,0,2988400,-2551000,437400
2011/12/07,0,5448000,-2010650,3437350
2011/12/08,0,3049000,-5751426,-2702426
2011/12/09,0,1820000,-6758103,-4938103
2011/12/12,0,2020000,-1488000,532000
2011/12/13,0,1228000,-1331000,-103000
2011/12/14,0,1924000,-591000,1333000
2011/12/15,0,2304000,-4361000,-2057000
2011/12/16,0,4167000,-4839283,-672283
2011/12/19,0,7192000,-5415000,1777000
2011/12/20,0,5605000,-3484700,2120300
2011/12/21,0,598000,-3175300,-2577300
2011/12/22,0,14097000,-8121309,5975691
2011/12/23,0,4573000,-3052000,1521000
2011/12/26,0,951000,-431000,520000
2011/12/27,0,7459000,-686000,6773000
2011/12/28,0,3631564,-1053564,2578000
2011/12/29,0,3983000,-1193436,2789564
2011/12/30,0,3222872,-650000,2572872
2012/01/02,0,1259000,-4351000,-3092000
2012/01/03,0,7368000,-5297000,2071000
2012/01/04,0,4106000,-5780877,-1674877
2012/01/05,0,2249000,-4096905,-1847905
2012/01/06,0,3952000,-4004000,-52000
2012/01/09,0,1880000,-1126000,754000
2012/01/10,0,5239000,-3597396,1641604
2012/01/11,0,3151000,-2133000,1018000
2012/01/12,0,5994000,-5020528,973472
2012/01/13,0,7406000,-1482000,5924000
2012/01/16,0,1368000,-5130000,-3762000
2012/01/17,0,4055000,-6492000,-2437000
2012/01/18,0,7318625,-8827172,-1508547
2012/01/19,0,0,0,0
2012/01/20,0,0,0,0
2012/01/23,0,0,0,0
2012/01/24,0,0,0,0
2012/01/25,0,0,0,0
2012/01/26,0,0,0,0
2012/01/27,0,0,0,0
2012/01/30,0,11464049,-4168319,7295730
2012/01/31,0,8163035,-7529502,633533
2012/02/01,0,2156000,-5807000,-3651000
2012/02/02,0,4210000,-1454096,2755904
2012/02/03,0,3843000,-3252000,591000
2012/02/06,0,12561000,-20584100,-8023100
2012/02/07,0,5529000,-15036863,-9507863
2012/02/08,0,5554000,-6385129,-831129
2012/02/09,0,2842000,-3496266,-654266
2012/02/10,0,2677000,-1759214,917786
2012/02/13,0,4777000,-6575000,-1798000
2012/02/14,0,9396892,-2009500,7387392
2012/02/15,0,7060000,-784000,6276000
2012/02/16,0,7135000,-7220572,-85572
2012/02/17,0,4508000,-1960000,2548000
2012/02/20,0,8777000,-1414000,7363000
2012/02/21,0,3660000,-1080000,2580000
2012/02/22,0,8797000,-987061,7809939
2012/02/23,0,4971000,-7202000,-2231000
2012/02/24,0,4387700,-2272000,2115700
2012/02/27,0,0,0,0
2012/02/28,0,0,0,0
2012/02/29,0,16071274,-6062666,10008608
2012/03/01,0,2225250,-934779,1290471
2012/03/02,0,2740041,-1822000,918041
2012/03/05,0,949000,-1586001,-637001
2012/03/06,0,3027000,-5283000,-2256000
2012/03/07,0,3342000,-5552000,-2210000
2012/03/08,0,14023000,-9157385,4865615
2012/03/09,0,2841000,-7348000,-4507000
2012/03/12,0,1988000,-749000,1239000
2012/03/13,0,9072000,-2188061,6883939
2012/03/14,0,6443750,-1582271,4861479
2012/03/15,0,6335000,-1186000,5149000
2012/03/16,0,1601000,-2216000,-615000
2012/03/19,0,1181000,-1520762,-339762
2012/03/20,0,1944000,-2020000,-76000
2012/03/21,0,5446787,-5831787,-385000
2012/03/22,0,6038000,-944000,5094000
2012/03/23,0,3685000,-2061000,1624000
2012/03/26,0,2318000,-9444000,-7126000
2012/03/27,0,1500000,-1090465,409535
2012/03/28,0,1372000,-4869804,-3497804
2012/03/29,0,3959000,-3070000,889000
2012/03/30,0,8303211,-5620431,2682780
2012/04/02,0,1708000,-2161000,-453000
2012/04/03,0,3405079,-744000,2661079
2012/04/04,0,0,0,0
2012/04/05,0,1995000,-3936442,-1941442
2012/04/06,0,4070300,-5376901,-1306601
2012/04/09,0,1061000,-3469000,-2408000
2012/04/10,0,3437000,-3460000,-23000
2012/04/11,0,2492000,-5070601,-2578601
2012/04/12,0,3600000,-7073000,-3473000
2012/04/13,0,3500186,-3546000,-45814
2012/04/16,0,1328000,-4006000,-2678000
2012/04/17,0,3182000,-4924989,-1742989
2012/04/18,0,2186000,-4179625,-1993625
2012/04/19,0,5140000,-2599000,2541000
2012/04/20,0,3567000,-3335091,231909
2012/04/23,0,987000,-641000,346000
2012/04/24,0,2140000,-1354000,786000
2012/04/25,0,3076000,-1742000,1334000
2012/04/26,0,2953000,-3281343,-328343
2012/04/27,0,5161599,-5734000,-572401
2012/04/30,0,4932000,-4078240,853760
2012/05/01,0,0,0,0
2012/05/02,0,13988000,-7726000,6262000
2012/05/03,0,7457000,-2797000,4660000
2012/05/04,0,7701000,-5406000,2295000
2012/05/07,0,2179000,-11357000,-9178000
2012/05/08,0,703000,-3364225,-2661225
2012/05/09,0,1087000,-5387000,-4300000
2012/05/10,0,2171691,-3105717,-934026
2012/05/11,0,1369158,-10630000,-9260842
2012/05/14,0,1720000,-3834000,-2114000
2012/05/15,0,943000,-6408520,-5465520
2012/05/16,0,2321000,-8443000,-6122000
2012/05/17,0,11314000,-10087000,1227000
2012/05/18,0,11078000,-7508000,3570000
2012/05/21,0,3637416,-2008000,1629416
2012/05/22,0,5325000,-6912001,-1587001
2012/05/23,0,5134000,-5777205,-643205
2012/05/24,0,4638000,-4860000,-222000
2012/05/25,0,5786000,-9106000,-3320000
2012/05/28,0,5708000,-2430000,3278000
2012/05/29,0,7522000,-5408000,2114000
2012/05/30,0,32098000,-15892355,16205645
2012/05/31,0,39062650,-16063064,22999586
2012/06/01,0,19988000,-11749372,8238628
2012/06/04,0,13732734,-3061000,10671734
2012/06/05,0,21971000,-2641000,19330000
2012/06/06,0,17831000,-28333580,-10502580
2012/06/07,0,6838005,-5675000,1163005
2012/06/08,0,6060753,-4498222,1562531
2012/06/11,0,7041434,-679000,6362434
2012/06/12,0,4557000,-3778000,779000
2012/06/13,0,2766232,-2448010,318222
2012/06/14,0,2392486,-1903000,489486
2012/06/15,0,5759000,-1154243,4604757
2012/06/18,0,2900183,-2007000,893183
2012/06/19,0,2058775,-1698000,360775
2012/06/20,0,4599864,-4309000,290864
2012/06/21,0,2771504,-3618787,-847283
2012/06/22,0,2653482,-5269000,-2615518
2012/06/25,0,683000,-4396460,-3713460
2012/06/26,0,1940000,-774000,1166000
2012/06/27,0,5984000,-1748892,4235108
2012/06/28,0,3812000,-3919349,-107349
2012/06/29,0,6372334,-4991000,1381334
2012/07/02,0,2110000,-5105000,-2995000
2012/07/03,0,4404000,-426000,3978000
2012/07/04,0,5130938,-1364000,3766938
2012/07/05,0,1892000,-81000,1811000
2012/07/06,0,6763000,-1700000,5063000
2012/07/09,0,3619000,-4236580,-617580
2012/07/10,0,10434180,-2481000,7953180
2012/07/11,0,13010000,-12793000,217000
2012/07/12,0,14524961,-18305300,-3780339
2012/07/13,0,12882355,-17309092,-4426737
2012/07/16,0,2127000,-2630000,-503000
2012/07/17,0,4728000,-7737000,-3009000
2012/07/18,0,11000000,-5929000,5071000
2012/07/19,0,13130000,-8118000,5012000
2012/07/20,0,6616000,-710000,5906000
2012/07/23,0,6453000,-4172000,2281000
2012/07/24,0,8803000,-4995000,3808000
2012/07/25,0,10879000,-5345000,5534000
2012/07/26,0,14386582,-6640681,7745901
2012/07/27,0,25545000,-2137000,23408000
2012/07/30,0,12614158,-6513000,6101158
2012/07/31,0,21529543,-6071920,15457623
2012/08/01,0,5016000,-12743303,-7727303
2012/08/02,0,0,0,0
2012/08/03,0,6758835,-1220000,5538835
2012/08/06,0,7781000,-922630,6858370
2012/08/07,0,6335000,-1442516,4892484
2012/08/08,0,6409160,-2486598,3922562
2012/08/09,0,9621000,-529000,9092000
2012/08/10,0,7234780,-4089000,3145780
2012/08/13,0,4013000,-1463000,2550000
2012/08/14,0,6473467,-265000,6208467
2012/08/15,0,9757000,-1345000,8412000
2012/08/16,0,3629000,-2435250,1193750
2012/08/17,0,1029000,-1786000,-757000
2012/08/20,0,2137000,-2608000,-471000
2012/08/21,0,6537675,-950268,5587407
2012/08/22,0,1540168,-1437000,103168
2012/08/23,0,7707291,-1047580,6659711
2012/08/24,0,1513000,-590796,922204
2012/08/27,0,1852000,-1182000,670000
2012/08/28,0,3826652,-8848000,-5021348
2012/08/29,0,6853000,-8095403,-1242403
2012/08/30,0,8372000,-7286000,1086000
2012/08/31,0,2321544,-1541258,780286
2012/09/03,0,2783000,-5433000,-2650000
2012/09/04,0,719000,-1912000,-1193000
2012/09/05,0,1894000,-5686000,-3792000
2012/09/06,0,3605000,-4532286,-927286
2012/09/07,0,3961000,-2583758,1377242
2012/09/10,0,5075572,-866000,4209572
2012/09/11,0,2218000,-1541000,677000
2012/09/12,0,5312000,-6424000,-1112000
2012/09/13,0,3620000,-1167000,2453000
2012/09/14,0,6849000,-1201845,5647155
2012/09/17,0,3951000,-2588185,1362815
2012/09/18,0,5422661,-1103000,4319661
2012/09/19,0,7447000,-2590110,4856890
2012/09/20,0,8662000,-3066204,5595796
2012/09/21,0,6901000,-3524738,3376262
2012/09/24,0,3919000,-2254031,1664969
2012/09/25,0,8534000,-1368000,7166000
2012/09/26,0,6474000,-1085000,5389000
2012/09/27,0,5587000,-2818167,2768833
2012/09/28,0,7265000,-2921959,4343041
2012/10/01,0,3194000,-3141433,52567
2012/10/02,0,5020000,-3106297,1913703
2012/10/03,0,3284000,-9364450,-6080450
2012/10/04,0,8280000,-14274597,-5994597
2012/10/05,0,3758000,-3174850,583150
2012/10/08,0,3742600,-1410809,2331791
2012/10/09,0,4659000,-1023814,3635186
2012/10/10,0,0,0,0
2012/10/11,0,2262000,-6181364,-3919364
2012/10/12,0,1586001,-3219000,-1632999
2012/10/15,0,1536000,-764000,772000
2012/10/16,0,5591589,-2015118,3576471
2012/10/17,0,5803000,-9639124,-3836124
2012/10/18,0,5683000,-5509983,173017
2012/10/19,0,4794032,-6715362,-1921330
2012/10/22,0,4133000,-5951625,-1818625
2012/10/23,0,3324300,-2934089,390211
2012/10/24,0,4501000,-3273492,1227508
2012/10/25,0,3038000,-2210000,828000
2012/10/26,0,2216000,-8026000,-5810000
2012/10/29,0,2514600,-2613000,-98400
2012/10/30,0,1568000,-3053000,-1485000
2012/10/31,0,1665000,-4282000,-2617000
2012/11/01,0,1516000,-4525800,-3009800
2012/11/02,0,4369000,-2192959,2176041
2012/11/05,0,3727000,-2513000,1214000
2012/11/06,0,2132000,-1775000,357000
2012/11/07,0,1398000,-2817000,-1419000
2012/11/08,0,3127000,-6737000,-3610000
2012/11/09,0,969000,-4168000,-3199000
2012/11/12,0,828000,-2386000,-1558000
2012/11/13,0,1967000,-5322000,-3355000
2012/11/14,0,937000,-2828001,-1891001
2012/11/15,0,2395000,-6644001,-4249001
2012/11/16,0,1320000,-4464000,-3144000
2012/11/19,0,3797000,-5767200,-1970200
2012/11/20,0,774000,-595865,178135
2012/11/21,0,2015000,-5314300,-3299300
2012/11/22,0,2652738,-2344000,308738
2012/11/23,0,6816000,-719126,6096874
2012/11/26,0,4629000,-1813310,2815690
2012/11/27,0,7249000,-5891158,1357842
2012/11/28,0,5924700,-6585406,-660706
2012/11/29,0,11348000,-5379000,5969000
2012/11/30,0,16538000,-7469411,9068589
2012/12/03,0,6978000,-5238482,1739518
2012/12/04,0,5126585,-4506000,620585
2012/12/05,0,11840000,-7357356,4482644
2012/12/06,0,6471000,-3573124,2897876
2012/12/07,0,8713000,-2802000,5911000
2012/12/10,0,6161000,-6922818,-761818
2012/12/11,0,12267766,-11595200,672566
2012/12/12,0,10167000,-4802001,5364999
2012/12/13,0,7474889,-3383463,4091426
2012/12/14,0,8085316,-1258000,6827316
2012/12/17,0,4193000,-480000,3713000
2012/12/18,0,5914000,-2195216,3718784
2012/12/19,0,6190000,-2318700,3871300
2012/12/20,0,2911000,-4339000,-1428000
2012/12/21,0,3515000,-6063601,-2548601
2012/12/24,0,1441000,-4749000,-3308000
2012/12/25,0,3080000,-275000,2805000
2012/12/26,0,2767000,-1003000,1764000
2012/12/27,0,2239296,-6925000,-4685704
2012/12/28,0,3767000,-6445000,-2678000
2012/12/31,0,0,0,0
2013/01/01,0,0,0,0
2013/01/02,0,4666000,-2258947,2407053
2013/01/03,0,13689000,-1768000,11921000
2013/01/04,0,3045000,-5122817,-2077817
2013/01/07,0,2525000,-3682900,-1157900
2013/01/08,0,2506000,-4425710,-1919710
2013/01/09,0,12285000,-6987396,5297604
2013/01/10,0,10933000,-11394049,-461049
2013/01/11,0,2351000,-4903268,-2552268
2013/01/14,0,3772475,-2484753,1287722
2013/01/15,0,18555000,-6055000,12500000
2013/01/16,0,4681000,-5231048,-550048
2013/01/17,0,5407100,-6594625,-1187525
2013/01/18,0,7259000,-12924000,-5665000
2013/01/21,0,3912000,-5549000,-1637000
2013/01/22,0,6025000,-6461451,-436451
2013/01/23,0,6763000,-20250079,-13487079
2013/01/24,0,18368000,-20325000,-1957000
2013/01/25,0,19003000,-17743434,1259566
2013/01/28,0,8168000,-15616000,-7448000
2013/01/29,0,6861000,-1055000,5806000
2013/01/30,0,7346000,-13533000,-6187000
2013/01/31,0,7302909,-5328039,1974870
2013/02/01,0,4602000,-5550000,-948000
2013/02/04,0,9115000,-21034485,-11919485
2013/02/05,0,7387000,-10395505,-3008505
2013/02/06,0,4110000,-15357003,-11247003
2013/02/07,0,0,0,0
2013/02/08,0,0,0,0
2013/02/11,0,0,0,0
2013/02/12,0,0,0,0
2013/02/13,0,0,0,0
2013/02/14,0,0,0,0
2013/02/15,0,0,0,0
2013/02/18,0,11477236,-9200516,2276720
2013/02/19,0,5985638,-2714000,3271638
2013/02/20,0,10960000,-6882237,4077763
2013/02/21,0,4208000,-4228875,-20875
2013/02/22,0,6544000,-8426130,-1882130
2013/02/25,0,10159000,-9070797,1088203
2013/02/26,0,1800000,-4397521,-2597521
2013/02/27,0,9945570,-4862080,5083490
2013/02/28,0,0,0,0
2013/03/01,0,7660000,-8469000,-809000
2013/03/04,0,6156000,-10829477,-4673477
2013/03/05,0,28800000,-8999000,19801000
2013/03/06,0,23075000,-8068299,15006701
2013/03/07,0,1011000,-7818479,-6807479
2013/03/08,0,6034600,-4913725,1120875
2013/03/11,0,7703000,-5959000,1744000
2013/03/12,0,5205000,-13211742,-8006742
2013/03/13,0,4976000,-4104000,872000
2013/03/14,0,2970000,-5085985,-2115985
2013/03/15,0,6103000,-8424266,-2321266
2013/03/18,0,1373000,-3953600,-2580600
2013/03/19,0,7402000,-5292047,2109953
2013/03/20,0,7660000,-8864545,-1204545
2013/03/21,0,1935342,-5370000,-3434658
2013/03/22,0,2010209,-3372204,-1361995
2013/03/25,0,4529000,-3539000,990000
2013/03/26,0,11900000,-6194287,5705713
2013/03/27,0,10861000,-4863000,5998000
2013/03/28,0,4814000,-5204000,-390000
2013/03/29,0,1965000,-966000,999000
2013/04/01,0,7035671,-1936277,5099394
2013/04/02,0,6607000,-2728000,3879000
2013/04/03,0,14217000,-29094683,-14877683
2013/04/04,0,0,0,0
2013/04/05,0,0,0,0
2013/04/08,0,8678000,-20995000,-12317000
2013/04/09,0,7024000,-7464412,-440412
2013/04/10,0,6499000,-3467000,3032000
2013/04/11,0,5749866,-3538593,2211273
2013/04/12,0,7485000,-2551000,4934000
2013/04/15,0,749265,-1936000,-1186735
2013/04/16,0,5024591,-4748700,275891
2013/04/17,0,10823000,-12911718,-2088718
2013/04/18,0,6279000,-2967000,3312000
2013/04/19,0,10207000,-875000,9332000
2013/04/22,0,8205000,-2546435,5658565
2013/04/23,0,15347000,-1554000,13793000
2013/04/24,0,9897000,-1981513,7915487
2013/04/25,0,8945498,-5667846,3277652
2013/04/26,0,8716000,-5081000,3635000
2013/04/29,0,11625000,-442000,11183000
2013/04/30,0,11606000,-7039868,4566132
2013/05/01,0,0,0,0
2013/05/02,0,12288000,-6109812,6178188
2013/05/03,0,6900000,-2519000,4381000
2013/05/06,0,4818000,-1092479,3725521
2013/05/07,0,6426036,-1799136,4626900
2013/05/08,0,8506821,-2332700,6174121
2013/05/09,0,5346657,-1556882,3789775
2013/05/10,0,2330000,-757000,1573000
2013/05/13,0,3701000,-2288000,1413000
2013/05/14,0,2674000,-4025055,-1351055
2013/05/15,0,5871000,-4610663,1260337
2013/05/16,0,6788000,-5666266,1121734
2013/05/17,0,2238000,-1145000,1093000
2013/05/20,0,2141000,-1052000,1089000
2013/05/21,0,2960000,-1281126,1678874
2013/05/22,0,4203000,-8164000,-3961000
2013/05/23,0,5196000,-9331000,-4135000
2013/05/24,0,2465151,-4720172,-2255021
2013/05/27,0,945331,-947000,-1669
2013/05/28,0,2965558,-1985000,980558
2013/05/29,0,2913000,-4416000,-1503000
2013/05/30,0,2243000,-9151000,-6908000
2013/05/31,0,10603000,-9985320,617680
2013/06/03,0,3797000,-3776000,21000
2013/06/04,0,5909000,-4383000,1526000
2013/06/05,0,2677000,-4049373,-1372373
2013/06/06,0,6835361,-4078604,2756757
2013/06/07,0,6369000,-7641383,-1272383
2013/06/10,0,4973000,-3109792,1863208
2013/06/11,0,6741127,-5786000,955127
2013/06/12,0,0,0,0
2013/06/13,0,3124000,-7993671,-4869671
2013/06/14,0,3565000,-5372749,-1807749
2013/06/17,0,1048000,-1641956,-593956
2013/06/18,0,5341938,-4648272,693666
2013/06/19,0,1888000,-5418611,-3530611
2013/06/20,0,2783000,-8736604,-5953604
2013/06/21,0,8064000,-20565201,-12501201
2013/06/24,0,2335000,-9841032,-7506032
2013/06/25,0,2938000,-8678323,-5740323
2013/06/26,0,7996000,-12562563,-4566563
2013/06/27,0,7148000,-4401000,2747000
2013/06/28,0,17012000,-4901000,12111000
2013/07/01,0,5679000,-3511842,2167158
2013/07/02,0,2645000,-6715313,-4070313
2013/07/03,0,7590000,-6254800,1335200
2013/07/04,0,1957000,-3603909,-1646909
2013/07/05,0,4223000,-3942000,281000
2013/07/08,0,5104000,-27025000,-21921000
2013/07/09,0,5922000,-1407684,4514316
2013/07/10,0,17000000,-1125000,15875000
2013/07/11,0,10169000,-4165983,6003017
2013/07/12,0,6540000,-1439000,5101000
2013/07/15,0,8661686,-599496,8062190
2013/07/16,0,11754000,-2508000,9246000
2013/07/17,0,12531000,-2111000,10420000
2013/07/18,0,9824000,-2665211,7158789
2013/07/19,0,7246659,-5147142,2099517
2013/07/22,0,5050439,-2932000,2118439
2013/07/23,0,14366000,-5959000,8407000
2013/07/24,0,4910272,-3733000,1177272
2013/07/25,0,4511000,-3845000,666000
2013/07/26,0,8470000,-7989000,481000
2013/07/29,0,2852000,-1962000,890000
2013/07/30,0,6466000,-2070000,4396000
2013/07/31,0,4741000,-8493000,-3752000
2013/08/01,0,2476000,-3420000,-944000
2013/08/02,0,6017000,-7078000,-1061000
2013/08/05,0,2363200,-3178871,-815671
2013/08/06,0,4023000,-7867000,-3844000
2013/08/07,0,7913000,-10977334,-3064334
2013/08/08,0,6595356,-6108000,487356
2013/08/09,0,2815000,-5792000,-2977000
2013/08/12,0,4197000,-4581744,-384744
2013/08/13,0,5913000,-8951000,-3038000
2013/08/14,0,4386278,-13270000,-8883722
2013/08/15,0,1737000,-12588370,-10851370
2013/08/16,0,3544829,-19427044,-15882215
2013/08/19,0,1907000,-7834000,-5927000
2013/08/20,0,1168000,-11836000,-10668000
2013/08/21,0,0,0,0
2013/08/22,0,4648584,-18156152,-13507568
2013/08/23,0,5101000,-6177789,-1076789
2013/08/26,0,466000,-793000,-327000
2013/08/27,0,2866000,-2768000,98000
2013/08/28,0,1955000,-1650000,305000
2013/08/29,0,4066000,-6592000,-2526000
2013/08/30,0,5477000,-3831000,1646000
2013/09/02,0,2912000,-1583738,1328262
2013/09/03,0,4148000,-6730686,-2582686
2013/09/04,0,5419000,-10770042,-5351042
2013/09/05,0,8347388,-8099000,248388
2013/09/06,0,4267000,-9114000,-4847000
2013/09/09,0,8694000,-4950000,3744000
2013/09/10,0,6786000,-6204000,582000
2013/09/11,0,13131000,-9727478,3403522
2013/09/12,0,9805000,-19072883,-9267883
2013/09/13,0,5021000,-12471292,-7450292
2013/09/16,0,9785000,-6795000,2990000
2013/09/17,0,9563000,-4892798,4670202
2013/09/18,0,6690891,-5501000,1189891
2013/09/19,0,0,0,0
2013/09/20,0,0,0,0
2013/09/23,0,17345949,-8668990,8676959
2013/09/24,0,7497000,-5485204,2011796
2013/09/25,0,11243351,-6410003,4833348
2013/09/26,0,5970000,-5163977,806023
2013/09/27,0,9444000,-7581040,1862960
2013/09/30,0,10854575,-9792914,1061661
2013/10/01,0,2405000,-3072848,-667848
2013/10/02,0,4683227,-5302034,-618807
2013/10/03,0,17420258,-3632199,13788059
2013/10/04,0,4465000,-2913533,1551467
2013/10/07,0,4083800,-5244757,-1160957
2013/10/08,0,14551000,-4902988,9648012
2013/10/09,0,7202000,-2004000,5198000
2013/10/10,0,0,0,0
2013/10/11,0,6874000,-5238875,1635125
2013/10/14,0,5885000,-5354364,530636
2013/10/15,0,5428000,-5296480,131520
2013/10/16,0,2452661,-7750061,-5297400
2013/10/17,0,5257000,-3391770,1865230
2013/10/18,0,3020000,-4225404,-1205404
2013/10/21,0,5849000,-2118909,3730091
2013/10/22,0,8030000,-2618000,5412000
2013/10/23,0,5802378,-4114556,1687822
2013/10/24,0,3507000,-2662000,845000
2013/10/25,0,3435404,-6689883,-3254479
2013/10/28,0,5621000,-2699459,2921541
2013/10/29,0,4293000,-3710961,582039
2013/10/30,0,3498000,-2370000,1128000
2013/10/31,0,5386000,-9056782,-3670782
2013/11/01,0,3630000,-1606141,2023859
2013/11/04,0,1935000,-5171309,-3236309
2013/11/05,0,10951000,-10294532,656468
2013/11/06,0,5097574,-5424787,-327213
2013/11/07,0,2860000,-4361000,-1501000
2013/11/08,0,2266000,-6250000,-3984000
2013/11/11,0,4531000,-3868000,663000
2013/11/12,0,9483000,-4326000,5157000
2013/11/13,0,4243920,-8906000,-4662080
2013/11/14,0,3584000,-3421451,162549
2013/11/15,0,6026000,-5793245,232755
2013/11/18,0,9579000,-1540830,8038170
2013/11/19,0,4076000,-2328353,1747647
2013/11/20,0,3058200,-6741391,-3683191
2013/11/21,0,1461000,-7604991,-6143991
2013/11/22,0,450000,-2969747,-2519747
2013/11/25,0,4577219,-1341000,3236219
2013/11/26,0,7773000,-7786788,-13788
2013/11/27,0,3833800,-2230595,1603205
2013/11/28,0,2558000,-2683454,-125454
2013/11/29,0,2987000,-2028504,958496
2013/12/02,0,2413800,-1558000,855800
2013/12/03,0,1571194,-2380591,-809397
2013/12/04,0,4009000,-3017106,991894
2013/12/05,0,1624000,-3375167,-1751167
2013/12/06,0,1264000,-2400000,-1136000
2013/12/09,0,4973000,-2207487,2765513
2013/12/10,0,2371000,-2968514,-597514
2013/12/11,0,4427000,-4399921,27079
2013/12/12,0,905560,-4709751,-3804191
2013/12/13,0,3101000,-6344000,-3243000
2013/12/16,0,394001,-4624363,-4230362
2013/12/17,0,1920000,-4501013,-2581013
2013/12/18,0,3738000,-2490291,1247709
2013/12/19,0,4722000,-1337289,3384711
2013/12/20,0,3023000,-3919075,-896075
2013/12/23,0,2248000,-4461184,-2213184
2013/12/24,0,775000,-560000,215000
2013/12/25,0,511000,-227000,284000
2013/12/26,0,110000,-641000,-531000
2013/12/27,0,4124000,-2185000,1939000
2013/12/30,0,4059000,-251015,3807985
2013/12/31,0,3185975,-3067000,118975
2014/01/02,0,825000,-1975000,-1150000
2014/01/03,0,1027000,-3939000,-2912000
2014/01/06,0,1238073,-2654068,-1415995
2014/01/07,0,3331000,-3004300,326700
2014/01/08,0,5225000,-3959729,1265271
2014/01/09,0,2711000,-3698000,-987000
2014/01/10,0,1941000,-10293088,-8352088
2014/01/13,0,2007000,-2811846,-804846
2014/01/14,0,1093000,-3874466,-2781466
2014/01/15,0,1841000,-2472000,-631000
2014/01/16,0,1911000,-1636000,275000
2014/01/17,0,2877487,-1082300,1795187
2014/01/20,0,682000,-4028973,-3346973
2014/01/21,0,1179000,-4881479,-3702479
2014/01/22,0,3893000,-5418830,-1525830
2014/01/23,0,4877382,-7555349,-2677967
2014/01/24,0,3452000,-5215558,-1763558
2014/01/27,0,4267000,-23872282,-19605282
2014/02/05,0,14955000,-22281454,-7326454
2014/02/06,0,4399000,-10938000,-6539000
2014/02/07,0,4895000,-7223194,-2328194
2014/02/10,0,2483000,-2183121,299879
2014/02/11,0,3949956,-7253912,-3303956
2014/02/12,0,5128000,-3617022,1510978
2014/02/13,0,4332683,-1689000,2643683
2014/02/14,0,8182000,-859656,7322344
2014/02/17,0,2322000,-186000,2136000
2014/02/18,0,4094357,-393671,3700686
2014/02/19,0,6478001,-892042,5585959
2014/02/20,0,6653000,-802833,5850167
2014/02/21,0,5960000,-817000,5143000
2014/02/24,0,2901001,-2485016,415985
2014/02/25,0,9088540,-2395181,6693359
2014/02/26,0,9854000,-5223184,4630816
2014/02/27,0,6685000,-3880122,2804878
2014/03/03,0,10146000,-10966935,-820935
2014/03/04,0,8374000,-3990000,4384000
2014/03/05,0,4175000,-1954451,2220549
2014/03/06,0,4445210,-1590074,2855136
2014/03/07,0,5081000,-1828000,3253000
2014/03/10,0,2167000,-5326212,-3159212
2014/03/11,0,3214000,-5173608,-1959608
2014/03/12,0,10656000,-10749000,-93000
2014/03/13,0,8481000,-5219816,3261184
2014/03/14,0,8443000,-5967163,2475837
2014/03/17,0,9765000,-1914291,7850709
2014/03/18,0,5054000,-3894508,1159492
2014/03/19,0,3771000,-1536000,2235000
2014/03/20,0,1607000,-8791900,-7184900
2014/03/21,0,7056000,-8451124,-1395124
2014/03/24,0,4185950,-4668000,-482050
2014/03/25,0,3067000,-6531545,-3464545
2014/03/26,0,5526000,-3201000,2325000
2014/03/27,0,9738000,-4796865,4941135
2014/03/28,0,5229000,-1734369,3494631
2014/03/31,0,5878246,-2176500,3701746
2014/04/01,0,4023000,-2091945,1931055
2014/04/02,0,5502000,-6974308,-1472308
2014/04/03,0,4582000,-7444000,-2862000
2014/04/07,0,7695000,-18270801,-10575801
2014/04/08,0,5455000,-2231000,3224000
2014/04/09,0,5571000,-4162519,1408481
2014/04/10,0,9373000,-5552590,3820410
2014/04/11,0,8577000,-4656738,3920262
2014/04/14,0,10751000,-8132000,2619000
2014/04/15,0,4478579,-4356000,122579
2014/04/16,0,5846000,-3554000,2292000
2014/04/17,0,4526000,-1029000,3497000
2014/04/18,0,2973000,-156000,2817000
2014/04/21,0,1043000,-800000,243000
2014/04/22,0,452000,-295000,157000
2014/04/23,0,3436000,-3066000,370000
2014/04/24,0,3092000,-2716861,375139
2014/04/25,0,5056000,-3259000,1797000
2014/04/28,0,7292000,-2100000,5192000
2014/04/29,0,4074000,-3293284,780716
2014/04/30,0,5455000,-7307238,-1852238
2014/05/02,0,3508000,-3492551,15449
2014/05/05,0,1199000,-21222000,-20023000
2014/05/06,0,6249000,-7299178,-1050178
2014/05/07,0,3987000,-6757407,-2770407
2014/05/08,0,8168000,-3650559,4517441
2014/05/09,0,4945000,-7386154,-2441154
2014/05/12,0,1142000,-2665000,-1523000
2014/05/13,0,2954000,-978000,1976000
2014/05/14,0,6508000,-2923464,3584536
2014/05/15,0,1786000,-3349000,-1563000
2014/05/16,0,3586000,-5736408,-2150408
2014/05/19,0,3193214,-7998561,-4805347
2014/05/20,0,1069000,-2988539,-1919539
2014/05/21,0,2337000,-6288160,-3951160
2014/05/22,0,2406000,-4750266,-2344266
2014/05/23,0,4051000,-4384176,-333176
2014/05/26,0,1769000,-2903620,-1134620
2014/05/27,0,2112000,-1072000,1040000
2014/05/28,0,6091000,-13271948,-7180948
2014/05/29,0,3513000,-7639655,-4126655
2014/05/30,0,9894000,-20263337,-10369337
2014/06/03,0,2677000,-18037227,-15360227
2014/06/04,0,1844000,-15546559,-13702559
2014/06/05,0,2641000,-12710265,-10069265
2014/06/06,0,3550000,-4313000,-763000
2014/06/09,0,3082000,-3128642,-46642
2014/06/10,0,6781316,-8746884,-1965568
2014/06/11,0,2426000,-13193598,-10767598
2014/06/12,0,2431000,-10035000,-7604000
2014/06/13,0,4777000,-2932000,1845000
2014/06/16,0,3911000,-8198883,-4287883
2014/06/17,0,6004000,-5886603,117397
2014/06/18,0,8496000,-6631000,1865000
2014/06/19,0,3000443,-3904148,-903705
2014/06/20,0,7138000,-10431916,-3293916
2014/06/23,0,2477062,-2642374,-165312
2014/06/24,0,2069000,-4066055,-1997055
2014/06/25,0,1709000,-2797399,-1088399
2014/06/26,0,2975888,-4231325,-1255437
2014/06/27,0,2038000,-6942570,-4904570
2014/06/30,0,1860000,-4407451,-2547451
2014/07/01,0,2815000,-7049245,-4234245
2014/07/02,0,12351200,-4806872,7544328
2014/07/03,0,542000,-3955000,-3413000
2014/07/04,0,929755,-3487000,-2557245
2014/07/07,0,2250777,-7046549,-4795772
2014/07/08,0,15855318,-6384009,9471309
2014/07/09,0,7488000,-10982078,-3494078
2014/07/10,0,5670203,-13148181,-7477978
2014/07/11,0,3832877,-13565357,-9732480
2014/07/14,0,7212000,-5719528,1492472
2014/07/15,0,7281933,-6449488,832445
2014/07/16,0,6027000,-11833884,-5806884
2014/07/17,0,6634869,-5559300,1075569
2014/07/18,0,6970000,-5520661,1449339
2014/07/21,0,2146000,-23753754,-21607754
2014/07/22,0,6278000,-3777000,2501000
2014/07/23,0,0,0,0
2014/07/24,0,3369857,-2675345,694512
2014/07/25,0,7970000,-1827203,6142797
2014/07/28,0,3615911,-365911,3250000
2014/07/29,0,6194000,-3453000,2741000
2014/07/30,0,6218000,-5094000,1124000
2014/07/31,0,7795000,-10032000,-2237000
2014/08/01,0,9089413,-10253250,-1163837
2014/08/04,0,1991000,-8577413,-6586413
2014/08/05,0,4073200,-11155317,-7082117
2014/08/06,0,3211000,-1364000,1847000
2014/08/07,0,2023168,-1895843,127325
2014/08/08,0,2221000,-3935032,-1714032
2014/08/11,0,1697000,-1346000,351000
2014/08/12,0,2943000,-4001945,-1058945
2014/08/13,0,3984000,-557000,3427000
2014/08/14,0,1198000,-3479149,-2281149
2014/08/15,0,1691000,-998000,693000
2014/08/18,0,1031000,-2424796,-1393796
2014/08/19,0,7818329,-1370400,6447929
2014/08/20,0,9724311,-1125000,8599311
2014/08/21,0,5969000,-1399000,4570000
2014/08/22,0,7457727,-2170535,5287192
2014/08/25,0,4266000,-1040800,3225200
2014/08/26,0,3922479,-4825000,-902521
2014/08/27,0,14323000,-9581000,4742000
2014/08/28,0,14036502,-13967000,69502
2014/08/29,0,7377261,-12998250,-5620989
2014/09/01,0,2180000,-2893000,-713000
2014/09/02,0,1984000,-6392401,-4408401
2014/09/03,0,7037230,-6054000,983230
2014/09/04,0,5680000,-6045019,-365019
2014/09/05,0,14947444,-13564000,1383444
2014/09/09,0,10724000,-9582000,1142000
2014/09/10,0,3073153,-8436000,-5362847
2014/09/11,0,4730128,-4659000,71128
2014/09/12,0,8766757,-5072911,3693846
2014/09/15,0,5134627,-5896000,-761373
2014/09/16,0,3571290,-8648000,-5076710
2014/09/17,0,6538000,-9058000,-2520000
2014/09/18,0,3439433,-4205500,-766067
2014/09/19,0,2484000,-6156915,-3672915
2014/09/22,0,2699000,-8224371,-5525371
2014/09/23,0,1200000,-7468429,-6268429
2014/09/24,0,3551000,-2751000,800000
2014/09/25,0,1677048,-5026752,-3349704
2014/09/26,0,4521528,-11686000,-7164472
2014/09/29,0,6010000,-13899000,-7889000
2014/09/30,0,8232000,-11968328,-3736328
2014/10/01,0,7036000,-5499000,1537000
2014/10/02,0,6280000,-6799000,-519000
2014/10/03,0,6792000,-5173000,1619000
2014/10/06,0,8670980,-9652846,-981866
2014/10/07,0,9558000,-6428595,3129405
2014/10/08,0,4224092,-4642980,-418888
2014/10/09,0,7941485,-3693000,4248485
2014/10/13,0,9979000,-5954063,4024937
2014/10/14,0,14249207,-4352000,9897207
2014/10/15,0,13789000,-10309080,3479920
2014/10/16,0,6235364,-4279415,1955949
2014/10/17,0,6268000,-11375000,-5107000
2014/10/20,0,4988000,-1746478,3241522
2014/10/21,0,6849000,-7830000,-981000
2014/10/22,0,7432240,-8346501,-914261
2014/10/23,0,4890000,-631395,4258605
2014/10/24,0,7895000,-3234603,4660397
2014/10/27,0,6619000,-1572147,5046853
2014/10/28,0,13667000,-3055026,10611974
2014/10/29,0,14234000,-6190000,8044000
2014/10/30,0,13745908,-550000,13195908
2014/10/31,0,7796000,-3663000,4133000
2014/11/03,0,2932000,-1697000,1235000
2014/11/04,0,7128000,-3711000,3417000
2014/11/05,0,2860000,-3214000,-354000
2014/11/06,0,3675800,-583537,3092263
2014/11/07,0,4678000,-2436000,2242000
2014/11/10,0,8435000,-7542810,892190
2014/11/11,0,6955000,-6291529,663471
2014/11/12,0,10592552,-7725071,2867481
2014/11/13,0,4074000,-2094843,1979157
2014/11/14,0,6672054,-7379778,-707724
2014/11/17,0,615693,-4235835,-3620142
2014/11/18,0,4620304,-5309114,-688810
2014/11/19,0,15012000,-9900000,5112000
2014/11/20,0,9691000,-6265084,3425916
2014/11/21,0,3047900,-4862000,-1814100
2014/11/24,0,3491000,-1464014,2026986
2014/11/25,0,9318572,-7146005,2172567
2014/11/26,0,1271000,-2917544,-1646544
2014/11/27,0,2122000,-2067677,54323
2014/11/28,0,6445836,-3284175,3161661
2014/12/01,0,921602,-9894360,-8972758
2014/12/02,0,2903000,-10460385,-7557385
2014/12/03,0,2174000,-8328729,-6154729
2014/12/04,0,6564488,-5521000,1043488
2014/12/05,0,9373000,-5934371,3438629
2014/12/08,0,4868000,-3038000,1830000
2014/12/09,0,4776100,-7075000,-2298900
2014/12/10,0,1321546,-15331587,-14010041
2014/12/11,0,2495000,-8808359,-6313359
2014/12/12,0,515304,-5410000,-4894696
2014/12/15,0,824000,-9631013,-8807013
2014/12/16,0,2232188,-7446795,-5214607
2014/12/17,0,2231000,-16082016,-13851016
2014/12/18,0,4584000,-7160428,-2576428
2014/12/19,0,10596000,-4557849,6038151
2014/12/22,0,2725000,-3000572,-275572
2014/12/23,0,2352000,-1655043,696957
2014/12/24,0,2729000,-3511000,-782000
2014/12/25,0,1564000,-1525335,38665
2014/12/26,0,2714000,-206000,2508000
2014/12/29,0,6311000,-786000,5525000
2014/12/30,0,3511000,-1581000,1930000
2014/12/31,0,1534000,-1627326,-93326
2015/01/01,0,0,0,0
2015/01/02,0,0,0,0
2015/01/05,0,4651000,-7557766,-2906766
2015/01/06,0,2949000,-14010500,-11061500
2015/01/07,0,3898000,-8623000,-4725000
2015/01/08,0,4572000,-4518026,53974
2015/01/09,0,3367000,-1603601,1763399
2015/01/12,0,4794000,-4208538,585462
2015/01/13,0,10330000,-8196916,2133084
2015/01/14,0,5133000,-12318473,-7185473
2015/01/15,0,3118000,-6347000,-3229000
2015/01/16,0,2163401,-13261916,-11098515
2015/01/19,0,5449100,-3463544,1985556
2015/01/20,0,3691000,-4637616,-946616
2015/01/21,0,6645000,-4679537,1965463
2015/01/22,0,5975000,-1026000,4949000
2015/01/23,0,14476000,-2962777,11513223
2015/01/26,0,1422000,-3734841,-2312841
2015/01/27,0,7257000,-4206453,3050547
2015/01/28,0,4814000,-1355367,3458633
2015/01/29,0,2187000,-11981189,-9794189
2015/01/30,0,4559000,-7615474,-3056474
2015/02/02,0,2480000,-4388000,-1908000
2015/02/03,0,2803000,-2262010,540990
2015/02/04,0,7386575,-5871650,1514925
2015/02/05,0,3210000,-567000,2643000
2015/02/06,0,2321273,-1636000,685273
2015/02/09,0,3663000,-1555889,2107111
2015/02/10,0,2233000,-4124248,-1891248
2015/02/11,0,3243513,-3414000,-170487
2015/02/12,0,2563000,-1802000,761000
2015/02/13,0,3017000,-1663994,1353006
2015/02/16,0,0,0,0
2015/02/17,0,0,0,0
2015/02/18,0,0,0,0
2015/02/19,0,0,0,0
2015/02/20,0,0,0,0
2015/02/23,0,0,0,0
2015/02/24,0,11957000,-7182021,4774979
2015/02/25,0,6038000,-7351123,-1313123
2015/02/26,0,7635000,-9664885,-2029885
2015/02/27,0,0,0,0
2015/03/02,0,4907000,-12251686,-7344686
2015/03/03,0,3891400,-8394144,-4502744
2015/03/04,0,1372000,-8265310,-6893310
2015/03/05,0,1494000,-3953000,-2459000
2015/03/06,0,5616000,-6865489,-1249489
2015/03/09,0,505000,-2866000,-2361000
2015/03/10,0,2379126,-8308473,-5929347
2015/03/11,0,4062000,-8832711,-4770711
2015/03/12,0,7379000,-5213945,2165055
2015/03/13,0,7166000,-4570104,2595896
2015/03/16,0,1036000,-8991759,-7955759
2015/03/17,0,3212000,-2649000,563000
2015/03/18,0,9105113,-2934682,6170431
2015/03/19,0,5495000,-2591662,2903338
2015/03/20,0,4104000,-4137388,-33388
2015/03/23,0,1005000,-5748763,-4743763
2015/03/24,0,5585000,-12027865,-6442865
2015/03/25,0,4678000,-2326513,2351487
2015/03/26,0,7883000,-3541113,4341887
2015/03/27,0,4419000,-7629641,-3210641
2015/03/30,0,7497270,-3739270,3758000
2015/03/31,0,17210000,-5412000,11798000
2015/04/01,0,9619000,-8155346,1463654
2015/04/02,0,6987304,-3923945,3063359
2015/04/03,0,0,0,0
2015/04/06,0,0,0,0
2015/04/07,0,7237000,-3470708,3766292
2015/04/08,0,4088000,-6270000,-2182000
2015/04/09,0,7006000,-5841894,1164106
2015/04/10,0,4759000,-1619000,3140000
2015/04/13,0,1345000,-1564832,-219832
2015/04/14,0,2415000,-4257000,-1842000
2015/04/15,0,3863000,-11685961,-7822961
2015/04/16,0,10908000,-3534000,7374000
2015/04/17,0,9879400,-5659477,4219923
2015/04/20,0,5987420,-2128174,3859246
2015/04/21,0,6762000,-551000,6211000
2015/04/22,0,4617000,-2840000,1777000
2015/04/23,0,17862000,-6329076,11532924
2015/04/24,0,18288000,-2029808,16258192
2015/04/27,0,13356000,-1126245,12229755
2015/04/28,0,9372000,-6006468,3365532
2015/04/29,0,13690000,-4232802,9457198
2015/04/30,0,13099000,-8155000,4944000
2015/05/01,0,0,0,0
2015/05/04,0,8836000,-2175795,6660205
2015/05/05,0,3386000,-3595000,-209000
2015/05/06,0,3650000,-2194000,1456000
2015/05/07,0,5729000,-5243535,485465
2015/05/08,0,6410201,-1274000,5136201
2015/05/11,0,9788000,-1665000,8123000
2015/05/12,0,7734991,-880000,6854991
2015/05/13,0,44055000,-2393000,41662000
2015/05/14,0,13829675,-12737000,1092675
2015/05/15,0,9688636,-8457219,1231417
2015/05/18,0,8752000,-5242000,3510000
2015/05/19,0,11191000,-3860635,7330365
2015/05/20,0,18114908,-10275578,7839330
2015/05/21,0,8172000,-11131000,-2959000
2015/05/22,0,7491000,-3767000,3724000
2015/05/25,0,2897000,-2541000,356000
2015/05/26,0,17735000,-2293000,15442000
2015/05/27,0,16352000,-3380000,12972000
2015/05/28,0,11117000,-10875400,241600
2015/05/29,0,96944796,-81441140,15503656
2015/06/01,0,6259000,-8574766,-2315766
2015/06/02,0,12143000,-10637000,1506000
2015/06/03,0,9518000,-3090000,6428000
2015/06/04,0,9638000,-10817372,-1179372
2015/06/05,0,6846000,-6270000,576000
2015/06/08,0,11109000,-11347000,-238000
2015/06/09,0,12959000,-12261185,697815
2015/06/10,0,5894910,-9544000,-3649090
2015/06/11,0,14120910,-10401000,3719910
2015/06/12,0,3453910,-6354000,-2900090
2015/06/15,0,3701910,-8081000,-4379090
2015/06/16,0,10328910,-6056972,4271938
2015/06/17,0,11594910,-11525189,69721
2015/06/18,0,6919910,-10284337,-3364427
2015/06/19,0,0,0,0
2015/06/22,0,6201636,-3430269,2771367
2015/06/23,0,11279910,-5162000,6117910
2015/06/24,0,4484988,-2617411,1867577
2015/06/25,0,12903241,-6628000,6275241
2015/06/26,0,5724910,-3387000,2337910
2015/06/29,0,2260000,-3241000,-981000
2015/06/30,0,8144000,-6146639,1997361
2015/07/01,0,3589000,-2952333,636667
2015/07/02,0,5829000,-5837000,-8000
2015/07/03,0,5910000,-3735000,2175000
2015/07/06,0,5858000,-3064000,2794000
2015/07/07,0,12857000,-4897400,7959600
2015/07/08,0,10138000,-19142703,-9004703
2015/07/09,0,5830000,-12333657,-6503657
2015/07/10,0,0,0,0
2015/07/13,0,8950000,-7346275,1603725
2015/07/14,0,7593000,-6287000,1306000
2015/07/15,0,6049000,-4888671,1160329
2015/07/16,0,1607000,-2421000,-814000
2015/07/17,0,2752000,-3128800,-376800
2015/07/20,0,2484000,-4001000,-1517000
2015/07/21,0,2852000,-5248000,-2396000
2015/07/22,0,3795801,-3235365,560436
2015/07/23,0,4352722,-3649000,703722
2015/07/24,0,1092304,-2839000,-1746696
2015/07/27,0,2026000,-3294000,-1268000
2015/07/28,0,7566332,-10502304,-2935972
2015/07/29,0,5530000,-6584438,-1054438
2015/07/30,0,7470000,-26391690,-18921690
2015/07/31,0,13222707,-11120000,2102707
2015/08/03,0,7382866,-10756686,-3373820
2015/08/04,0,7302000,-4556175,2745825
2015/08/05,0,3929000,-2135000,1794000
2015/08/06,0,5498000,-8711000,-3213000
2015/08/07,0,5283000,-13569475,-8286475
2015/08/10,0,3314000,-4819656,-1505656
2015/08/11,0,6984241,-16282000,-9297759
2015/08/12,0,7653000,-14984000,-7331000
2015/08/13,0,5205000,-13510458,-8305458
2015/08/14,0,3608000,-5131000,-1523000
2015/08/17,0,4044209,-6522000,-2477791
2015/08/18,0,3485000,-7498311,-4013311
2015/08/19,0,6682952,-4669694,2013258
2015/08/20,0,12000000,-9927000,2073000
2015/08/21,0,10388000,-10304000,84000
2015/08/24,0,13616000,-18736300,-5120300
2015/08/25,0,14586130,-14967022,-380892
2015/08/26,0,9188979,-15924512,-6735533
2015/08/27,0,9151000,-13732000,-4581000
2015/08/28,0,7942000,-5483017,2458983
2015/08/31,0,22568169,-13114000,9454169
2015/09/01,0,7390355,-11348490,-3958135
2015/09/02,0,10323000,-8211680,2111320
2015/09/03,0,5961000,-5010210,950790
2015/09/04,0,4074109,-4844470,-770361
2015/09/07,0,6772000,-3924900,2847100
2015/09/08,0,3754584,-2977000,777584
2015/09/09,0,20155320,-12395523,7759797
2015/09/10,0,9672077,-3131000,6541077
2015/09/11,0,1607230,-2592000,-984770
2015/09/14,0,4847000,-3096000,1751000
2015/09/15,0,3852000,-3792116,59884
2015/09/16,0,12756000,-5735470,7020530
2015/09/17,0,20879700,-6299690,14580010
2015/09/18,0,12433583,-11010279,1423304
2015/09/21,0,12846000,-6996171,5849829
2015/09/22,0,12941000,-10595802,2345198
2015/09/23,0,9786000,-17414555,-7628555
2015/09/24,0,8638204,-9790993,-1152789
2015/09/25,0,9105156,-9204949,-99793
2015/09/28,0,0,0,0
2015/09/29,0,0,0,0
2015/09/30,0,17674480,-25492582,-7818102
2015/10/01,0,16737981,-14790000,1947981
2015/10/02,0,9708000,-7144494,2563506
2015/10/05,0,8529200,-8330534,198666
2015/10/06,0,9981000,-11464750,-1483750
2015/10/07,0,11195000,-8194870,3000130
2015/10/08,0,4165649,-6449000,-2283351
2015/10/09,0,0,0,0
2015/10/12,0,12054084,-9884835,2169249
2015/10/13,0,14611303,-11449252,3162051
2015/10/14,0,4194000,-5341000,-1147000
2015/10/15,0,7255000,-6205995,1049005
2015/10/16,0,11692000,-8929290,2762710
2015/10/19,0,8042100,-5126743,2915357
2015/10/20,0,7964000,-11344333,-3380333
2015/10/21,0,6321000,-4098001,2222999
2015/10/22,0,5972000,-4011000,1961000
2015/10/23,0,13013077,-7312000,5701077
2015/10/26,0,10638688,-4432000,6206688
2015/10/27,0,6237000,-9797611,-3560611
2015/10/28,0,5002000,-7053786,-2051786
2015/10/29,0,4140000,-13035466,-8895466
2015/10/30,0,7539502,-13460999,-5921497
2015/11/02,0,5622000,-4615000,1007000
2015/11/03,0,14960184,-11429769,3530415
2015/11/04,0,23471000,-18089419,5381581
2015/11/05,0,8219000,-7325084,893916
2015/11/06,0,6345990,-18969265,-12623275
2015/11/09,0,2433068,-7718000,-5284932
2015/11/10,0,4878001,-16160672,-11282671
2015/11/11,0,3636005,-14286000,-10649995
2015/11/12,0,2346878,-6812994,-4466116
2015/11/13,0,4343255,-14141000,-9797745
2015/11/16,0,2786000,-12692023,-9906023
2015/11/17,0,2388000,-14459000,-12071000
2015/11/18,0,1166000,-18892192,-17726192
2015/11/19,0,5978000,-16598000,-10620000
2015/11/20,0,1948000,-7595000,-5647000
2015/11/23,0,2188041,-4744934,-2556893
2015/11/24,0,6181000,-7159996,-978996
2015/11/25,0,2146667,-13454318,-11307651
2015/11/26,0,7975000,-7601108,373892
2015/11/27,0,13657000,-11055115,2601885
2015/11/30,0,38559736,-82664520,-44104784
2015/12/01,0,11680000,-17185628,-5505628
2015/12/02,0,7606000,-14502734,-6896734
2015/12/03,0,5569000,-8299089,-2730089
2015/12/04,0,3938624,-15634011,-11695387
2015/12/07,0,7876000,-5968488,1907512
2015/12/08,0,1845000,-25180951,-23335951
2015/12/09,0,4195000,-30996320,-26801320
2015/12/10,0,9443000,-21934174,-12491174
2015/12/11,0,8111482,-17788893,-9677411
2015/12/14,0,3825000,-9502852,-5677852
2015/12/15,0,6269000,-10399889,-4130889
2015/12/16,0,9149944,-11864037,-2714093
2015/12/17,0,5246001,-14985036,-9739035
2015/12/18,0,6944321,-23619354,-16675033
2015/12/21,0,4273564,-8279000,-4005436
2015/12/22,0,3226617,-7105000,-3878383
2015/12/23,0,5350945,-4981199,369746
2015/12/24,0,3911000,-3003000,908000
2015/12/25,0,1246000,-2467000,-1221000
2015/12/28,0,3767022,-2690000,1077022
2015/12/29,0,540000,-2622000,-2082000
2015/12/30,0,1127200,-4895156,-3767956
2015/12/31,0,1784468,-3122000,-1337532
2016/01/01,0,0,0,0
2016/01/04,0,2147348,-13798000,-11650652
2016/01/05,0,2715298,-10632000,-7916702
2016/01/06,0,6619006,-14956689,-8337683
2016/01/07,0,7608634,-21441450,-13832816
2016/01/08,0,9819000,-15016586,-5197586
2016/01/11,0,4093000,-21904522,-17811522
2016/01/12,0,8535000,-17091000,-8556000
2016/01/13,0,13425695,-10269614,3156081
2016/01/14,0,5183209,-7185000,-2001791
2016/01/15,0,5599000,-15632890,-10033890
2016/01/18,0,4432014,-5806442,-1374428
2016/01/19,0,4745000,-4195039,549961
2016/01/20,0,3452944,-11953000,-8500056
2016/01/21,0,6731000,-11918302,-5187302
2016/01/22,0,5822000,-15688195,-9866195
2016/01/25,0,15813000,-7081355,8731645
2016/01/26,0,6900946,-16850277,-9949331
2016/01/27,0,3514000,-8752726,-5238726
2016/01/28,0,10926000,-11063867,-137867
2016/01/29,0,26029418,-15262369,10767049
2016/02/01,0,7184000,-9787006,-2603006
2016/02/02,0,9956000,-9501504,454496
2016/02/03,0,8909000,-9860981,-951981
2016/02/04,0,0,0,0
2016/02/05,0,0,0,0
2016/02/08,0,0,0,0
2016/02/09,0,0,0,0
2016/02/10,0,0,0,0
2016/02/11,0,0,0,0
2016/02/12,0,0,0,0
2016/02/15,0,9730209,-10395522,-665313
2016/02/16,0,14396000,-4137225,10258775
2016/02/17,0,3851418,-8309536,-4458118
2016/02/18,0,9179446,-7633200,1546246
2016/02/19,0,4107000,-7443532,-3336532
2016/02/22,0,3391000,-8978674,-5587674
2016/02/23,0,5120968,-10054674,-4933706
2016/02/24,0,4446000,-9676933,-5230933
2016/02/25,0,6135989,-5945876,190113
2016/02/26,0,7639049,-5193209,2445840
2016/02/29,0,0,0,0
2016/03/01,0,5204038,-7666449,-2462411
2016/03/02,0,5774000,-2281000,3493000
2016/03/03,0,17048416,-8378614,8669802
2016/03/04,0,6987000,-16185000,-9198000
2016/03/07,0,10268000,-2411617,7856383
2016/03/08,0,10538437,-8604965,1933472
2016/03/09,0,8106141,-7920422,185719
2016/03/10,0,8597070,-4605750,3991320
2016/03/11,0,11982000,-3825000,8157000
2016/03/14,0,9327000,-4823296,4503704
2016/03/15,0,5968000,-9040098,-3072098
2016/03/16,0,9894000,-6695016,3198984
2016/03/17,0,13570910,-6088243,7482667
2016/03/18,0,20072502,-12872421,7200081
2016/03/21,0,8515000,-14590427,-6075427
2016/03/22,0,9872022,-11235660,-1363638
2016/03/23,0,7399000,-6890000,509000
2016/03/24,0,15023000,-5786000,9237000
2016/03/25,0,1301000,-2055000,-754000
2016/03/28,0,3135000,-1989000,1146000
2016/03/29,0,3436000,-7850102,-4414102
2016/03/30,0,12021000,-9836000,2185000
2016/03/31,0,13836000,-13362886,473114
2016/04/01,0,4004000,-16126993,-12122993
2016/04/04,0,0,0,0
2016/04/05,0,0,0,0
2016/04/06,0,5879061,-16448788,-10569727
2016/04/07,0,4043055,-12178976,-8135921
2016/04/08,0,10250000,-12997387,-2747387
2016/04/11,0,3348000,-3633060,-285060
2016/04/12,0,1667000,-2987633,-1320633
2016/04/13,0,10189000,-3796000,6393000
2016/04/14,0,12856000,-3293426,9562574
2016/04/15,0,6766984,-2475000,4291984
2016/04/18,0,2335000,-1447086,887914
2016/04/19,0,6843000,-5611643,1231357
2016/04/20,0,6692178,-9998148,-3305970
2016/04/21,0,5134000,-8363000,-3229000
2016/04/22,0,5061454,-4557000,504454
2016/04/25,0,4804000,-3871000,933000
2016/04/26,0,6539726,-10456319,-3916593
2016/04/27,0,16109000,-17916461,-1807461
2016/04/28,0,6555168,-18982000,-12426832
2016/04/29,0,8263000,-12388000,-4125000
2016/05/02,0,0,0,0
2016/05/03,0,5139000,-11413000,-6274000
2016/05/04,0,6908000,-19907683,-12999683
2016/05/05,0,2379000,-11936073,-9557073
2016/05/06,0,7170908,-14023000,-6852092
2016/05/09,0,4661000,-16880000,-12219000
2016/05/10,0,3441453,-9863976,-6422523
2016/05/11,0,6319000,-16866000,-10547000
2016/05/12,0,4024973,-5212123,-1187150
2016/05/13,0,8136000,-15688000,-7552000
2016/05/16,0,3060024,-11061272,-8001248
2016/05/17,0,2748000,-7183621,-4435621
2016/05/18,0,5622173,-8254000,-2631827
2016/05/19,0,5227000,-18102811,-12875811
2016/05/20,0,11234635,-6417156,4817479
2016/05/23,0,10515452,-6073000,4442452
2016/05/24,0,3071453,-4360000,-1288547
2016/05/25,0,4835453,-4851000,-15547
2016/05/26,0,3854000,-1404000,2450000
2016/05/27,0,5908000,-2836000,3072000
2016/05/30,0,4974434,-4010434,964000
2016/05/31,0,22848953,-19454917,3394036
2016/06/01,0,6258966,-6917000,-658034
2016/06/02,0,7954168,-4915000,3039168
2016/06/03,0,6828000,-6937000,-109000
2016/06/06,0,4395000,-3372652,1022348
2016/06/07,0,11521000,-6589540,4931460
2016/06/08,0,14885000,-2644534,12240466
2016/06/09,0,0,0,0
2016/06/10,0,0,0,0
2016/06/13,0,5061000,-7792771,-2731771
2016/06/14,0,4778000,-6678332,-1900332
2016/06/15,0,5185081,-4768000,417081
2016/06/16,0,5521000,-10312398,-4791398
2016/06/17,0,8154000,-5449367,2704633
2016/06/20,0,5579000,-1647854,3931146
2016/06/21,0,6547627,-3292000,3255627
2016/06/22,0,7663696,-5604000,2059696
2016/06/23,0,2252594,-2644000,-391406
2016/06/24,0,6601000,-18264748,-11663748
2016/06/27,0,2726000,-3453000,-727000
2016/06/28,0,3459000,-5048000,-1589000
2016/06/29,0,4319000,-4263000,56000
2016/06/30,0,7246000,-4802075,2443925
2016/07/01,0,12011000,-4610885,7400115
2016/07/04,0,3714000,-1737000,1977000
2016/07/05,0,3956000,-2420000,1536000
2016/07/06,0,2619000,-13734355,-11115355
2016/07/07,0,4266000,-2452037,1813963
2016/07/08,0,0,0,0
2016/07/11,0,11923542,-10527800,1395742
2016/07/12,0,11675000,-2737753,8937247
2016/07/13,0,18443879,-4367000,14076879
2016/07/14,0,8287168,-614000,7673168
2016/07/15,0,17562600,-2668883,14893717
2016/07/18,0,8745100,-4838211,3906889
2016/07/19,0,13073000,-2905957,10167043
2016/07/20,0,13754000,-8765312,4988688
2016/07/21,0,12147035,-3543910,8603125
2016/07/22,0,8928000,-3282821,5645179
2016/07/25,0,7359000,-1357000,6002000
2016/07/26,0,6717000,-1120000,5597000
2016/07/27,0,4344000,-203000,4141000
2016/07/28,0,14576900,-3439000,11137900
2016/07/29,0,4576000,-6455000,-1879000
2016/08/01,0,7863456,-33796000,-25932544
2016/08/02,0,2714413,-686198,2028215
2016/08/03,0,4497421,-1133000,3364421
2016/08/04,0,2765000,-1375266,1389734
2016/08/05,0,9488863,-1026000,8462863
2016/08/08,0,6427057,-2397000,4030057
2016/08/09,0,9259000,-1400000,7859000
2016/08/10,0,11693877,-1309000,10384877
2016/08/11,0,9941300,-15873750,-5932450
2016/08/12,0,7811000,-19816561,-12005561
2016/08/15,0,4318000,-5003000,-685000
2016/08/16,0,7849000,-10811765,-2962765
2016/08/17,0,4990820,-6293000,-1302180
2016/08/18,0,7160500,-5686700,1473800
2016/08/19,0,4215717,-7420000,-3204283
2016/08/22,0,3777000,-5645000,-1868000
2016/08/23,0,5051000,-3091743,1959257
2016/08/24,0,1198000,-5378000,-4180000
2016/08/25,0,3743000,-2093345,1649655
2016/08/26,0,4023361,-1899512,2123849
2016/08/29,0,6302000,-3500000,2802000
2016/08/30,0,3609279,-2913000,696279
2016/08/31,0,12787056,-19347000,-6559944
2016/09/01,0,1358730,-7246583,-5887853
2016/09/02,0,2100766,-3161000,-1060234
2016/09/05,0,4684000,-842000,3842000
2016/09/06,0,10121953,-2034200,8087753
2016/09/07,0,7905000,-6427000,1478000
2016/09/08,0,3650000,-2475000,1175000
2016/09/09,0,1566000,-3605000,-2039000
2016/09/12,0,2807691,-11440006,-8632315
2016/09/13,0,5100000,-12751000,-7651000
2016/09/14,0,6636581,-11311815,-4675234
2016/09/15,0,0,0,0
2016/09/16,0,0,0,0
2016/09/19,0,4070083,-2394064,1676019
2016/09/20,0,1857500,-2271185,-413685
2016/09/21,0,3169450,-5848317,-2678867
2016/09/22,0,4241345,-1970000,2271345
2016/09/23,0,7007200,-2795696,4211504
2016/09/26,0,1874000,-2612000,-738000
2016/09/27,0,0,0,0
2016/09/28,0,0,0,0
2016/09/29,0,12951116,-3358753,9592363
2016/09/30,0,6851162,-9500075,-2648913
2016/10/03,0,934458,-2682000,-1747542
2016/10/04,0,5507768,-1385345,4122423
2016/10/05,0,1780981,-2500255,-719274
2016/10/06,0,2245754,-2371000,-125246
2016/10/07,0,3007511,-1235000,1772511
2016/10/10,0,0,0,0
2016/10/11,0,3441000,-3263710,177290
2016/10/12,0,3508519,-2847057,661462
2016/10/13,0,4226000,-9011000,-4785000
2016/10/14,0,1798000,-3225127,-1427127
2016/10/17,0,1864000,-6644668,-4780668
2016/10/18,0,7347740,-3906373,3441367
2016/10/19,0,5135870,-4007000,1128870
2016/10/20,0,2713000,-2233286,479714
2016/10/21,0,2787000,-1934700,852300
2016/10/24,0,2600000,-2983251,-383251
2016/10/25,0,6648389,-4165274,2483115
2016/10/26,0,2863000,-4048573,-1185573
2016/10/27,0,3169767,-5576000,-2406233
2016/10/28,0,5193000,-4097000,1096000
2016/10/31,0,5507627,-5781000,-273373
2016/11/01,0,3178000,-1901000,1277000
2016/11/02,0,2051284,-2772000,-720716
2016/11/03,0,4791000,-10093000,-5302000
2016/11/04,0,3796000,-10065000,-6269000
2016/11/07,0,1921000,-6176153,-4255153
2016/11/08,0,4206614,-3376550,830064
2016/11/09,0,6345471,-18633000,-12287529
2016/11/10,0,4215000,-9885000,-5670000
2016/11/11,0,3652000,-18803187,-15151187
2016/11/14,0,6319000,-16406991,-10087991
2016/11/15,0,6097000,-9364388,-3267388
2016/11/16,0,3972127,-13406164,-9434037
2016/11/17,0,2505000,-12807000,-10302000
2016/11/18,0,5249000,-17767000,-12518000
2016/11/21,0,3883000,-8127145,-4244145
2016/11/22,0,12098000,-7218706,4879294
2016/11/23,0,8231000,-3923022,4307978
2016/11/24,0,5346000,-2990000,2356000
2016/11/25,0,3223000,-3353000,-130000
2016/11/28,0,9811228,-6095000,3716228
2016/11/29,0,8722000,-11771568,-3049568
2016/11/30,0,18707303,-21767459,-3060156
2016/12/01,0,6094849,-3617054,2477795
2016/12/02,0,8448850,-9270274,-821424
2016/12/05,0,1771000,-7401210,-5630210
2016/12/06,0,5950000,-3173737,2776263
2016/12/07,0,4031000,-3462710,568290
2016/12/08,0,16349000,-7230292,9118708
2016/12/09,0,9766703,-4913140,4853563
2016/12/12,0,4284000,-2862000,1422000
2016/12/13,0,10220422,-5283419,4937003
2016/12/14,0,2363140,-3334880,-971740
2016/12/15,0,9568000,-5733050,3834950
2016/12/16,0,6599386,-7261686,-662300
2016/12/19,0,3933746,-3319000,614746
2016/12/20,0,4394946,-3401000,993946
2016/12/21,0,2312000,-4652000,-2340000
2016/12/22,0,2839100,-6479000,-3639900
2016/12/23,0,1413000,-6262175,-4849175
2016/12/26,0,2297000,-2102000,195000
2016/12/27,0,751000,-2050000,-1299000
2016/12/28,0,1985000,-1795676,189324
2016/12/29,0,4083000,-6502823,-2419823
2016/12/30,0,7745000,-3485820,4259180
2017/01/02,0,0,0,0
2017/01/03,0,1019000,-1052000,-33000
2017/01/04,0,3105000,-4475494,-1370494
2017/01/05,0,7288514,-5451161,1837353
2017/01/06,0,5162000,-4402000,760000
2017/01/09,0,2106744,-5785000,-3678256
2017/01/10,0,1162000,-5116396,-3954396
2017/01/11,0,4542466,-4635000,-92534
2017/01/12,0,8401000,-6199716,2201284
2017/01/13,0,3602127,-5057000,-1454873
2017/01/16,0,1548000,-3487000,-1939000
2017/01/17,0,2126925,-3804000,-1677075
2017/01/18,0,1312000,-5510140,-4198140
2017/01/19,0,2103000,-7467311,-5364311
2017/01/20,0,1168278,-4739048,-3570770
2017/01/23,0,7674000,-4017307,3656693
2017/01/24,0,8293210,-7619521,673689
2017/01/25,0,0,0,0
2017/01/26,0,0,0,0
2017/01/27,0,0,0,0
2017/01/30,0,0,0,0
2017/01/31,0,0,0,0
2017/02/01,0,0,0,0
2017/02/02,0,11084638,-14797794,-3713156
2017/02/03,0,4741000,-15516990,-10775990
2017/02/06,0,8785758,-12422161,-3636403
2017/02/07,0,5943718,-6541213,-597495
2017/02/08,0,4349018,-5959680,-1610662
2017/02/09,0,5655874,-4575550,1080324
2017/02/10,0,9174000,-14791883,-5617883
2017/02/13,0,3900218,-6919601,-3019383
2017/02/14,0,8505000,-6250235,2254765
2017/02/15,0,13061000,-8525489,4535511
2017/02/16,0,5888000,-10700000,-4812000
2017/02/17,0,4018000,-1490244,2527756
2017/02/20,0,1813889,-5239080,-3425191
2017/02/21,0,3384000,-6123986,-2739986
2017/02/22,0,4073000,-10439456,-6366456
2017/02/23,0,2385099,-10295000,-7909901
2017/02/24,0,5966000,-17169858,-11203858
2017/02/27,0,0,0,0
2017/02/28,0,0,0,0
2017/03/01,0,7363075,-18547793,-11184718
2017/03/02,0,2494000,-7839902,-5345902
2017/03/03,0,4665000,-10539035,-5874035
2017/03/06,0,3871903,-6371651,-2499748
2017/03/07,0,1740320,-5115186,-3374866
2017/03/08,0,1921000,-7756329,-5835329
2017/03/09,0,2834000,-17965000,-15131000
2017/03/10,0,5211989,-17603277,-12391288
2017/03/13,0,3227843,-4918621,-1690778
2017/03/14,0,8671233,-14110069,-5438836
2017/03/15,0,3593000,-7008656,-3415656
2017/03/16,0,8279000,-11862430,-3583430
2017/03/17,0,25140382,-30052404,-4912022
2017/03/20,0,8707000,-5535000,3172000
2017/03/21,0,8006712,-9298443,-1291731
2017/03/22,0,6592000,-8748030,-2156030
2017/03/23,0,4128001,-6068978,-1940977
2017/03/24,0,3314642,-4852015,-1537373
2017/03/27,0,7777000,-10103375,-2326375
2017/03/28,0,10526000,-15306013,-4780013
2017/03/29,0,3238530,-16145000,-12906470
2017/03/30,0,5739000,-32961500,-27222500
2017/03/31,0,4894000,-13112000,-8218000
2017/04/03,0,0,0,0
2017/04/04,0,0,0,0
2017/04/05,0,9462967,-20639743,-11176776
2017/04/06,0,4199000,-6583050,-2384050
2017/04/07,0,2443441,-8862000,-6418559
2017/04/10,0,6912000,-2012000,4900000
2017/04/11,0,3177000,-7359000,-4182000
2017/04/12,0,3683000,-4898000,-1215000
2017/04/13,0,2658000,-4534000,-1876000
2017/04/14,0,1358000,-2205176,-847176
2017/04/17,0,1662000,-4616000,-2954000
2017/04/18,0,1187000,-3708045,-2521045
2017/04/19,0,2421000,-12594615,-10173615
2017/04/20,0,3894000,-7482450,-3588450
2017/04/21,0,3596000,-4116650,-520650
2017/04/24,0,5639000,-8155000,-2516000
2017/04/25,0,9705000,-14465351,-4760351
2017/04/26,0,10342000,-6361550,3980450
2017/04/27,0,4151516,-7280688,-3129172
2017/04/28,0,5579680,-8157000,-2577320
2017/05/01,0,0,0,0
2017/05/02,0,13184000,-5474000,7710000
2017/05/03,0,10937000,-3785000,7152000
2017/05/04,0,4986000,-5748000,-762000
2017/05/05,0,3322526,-17457000,-14134474
2017/05/08,0,5274284,-8901654,-3627370
2017/05/09,0,5807527,-8028845,-2221318
2017/05/10,0,10348586,-10692678,-344092
2017/05/11,0,5422327,-2292000,3130327
2017/05/12,0,3986992,-3180000,806992
2017/05/15,0,3919481,-4780000,-860519
2017/05/16,0,7355000,-4036616,3318384
2017/05/17,0,9102000,-10106000,-1004000
2017/05/18,0,2409466,-14866866,-12457400
2017/05/19,0,1110258,-2285000,-1174742
2017/05/22,0,5502089,-4128462,1373627
2017/05/23,0,7278060,-3812649,3465411
2017/05/24,0,6453465,-2809000,3644465
2017/05/25,0,6074000,-3148438,2925562
2017/05/26,0,0,0,0
2017/05/29,0,0,0,0
2017/05/30,0,0,0,0
2017/05/31,0,17159383,-15278179,1881204
2017/06/01,0,2363522,-10830000,-8466478
2017/06/02,0,3280000,-13381161,-10101161
2017/06/05,0,5140420,-4388000,752420
2017/06/06,0,815000,-7955450,-7140450
2017/06/07,0,2876000,-6384000,-3508000
2017/06/08,0,1572000,-9069400,-7497400
2017/06/09,0,3109000,-6884000,-3775000
2017/06/12,0,1305012,-7988000,-6682988
2017/06/13,0,3579000,-2583000,996000
2017/06/14,0,5329000,-6333601,-1004601
2017/06/15,0,3864000,-8414000,-4550000
2017/06/16,0,5928000,-8089660,-2161660
2017/06/19,0,8361218,-5717000,2644218
2017/06/20,0,6826000,-6025000,801000
2017/06/21,0,13458532,-14253750,-795218
2017/06/22,0,11172222,-8668000,2504222
2017/06/23,0,2461000,-9479500,-7018500
2017/06/26,0,12459000,-7388500,5070500
2017/06/27,0,5572300,-15479000,-9906700
2017/06/28,0,9709317,-6663299,3046018
2017/06/29,0,5798000,-9173269,-3375269
2017/06/30,0,15619000,-11898044,3720956
2017/07/03,0,9017000,-12587900,-3570900
2017/07/04,0,8242000,-14489800,-6247800
2017/07/05,0,8419000,-7059198,1359802
2017/07/06,0,4519000,-7022267,-2503267
2017/07/07,0,5734475,-3873124,1861351
2017/07/10,0,3822022,-6328222,-2506200
2017/07/11,0,6083201,-4219719,1863482
2017/07/12,0,4943000,-6587295,-1644295
2017/07/13,0,8078612,-16667188,-8588576
2017/07/14,0,9729000,-17841715,-8112715
2017/07/17,0,6587000,-15272000,-8685000
2017/07/18,0,3838352,-3509061,329291
2017/07/19,0,2737000,-3888610,-1151610
2017/07/20,0,2282639,-3476150,-1193511
2017/07/21,0,1070350,-4848284,-3777934
2017/07/24,0,3748612,-8191696,-4443084
2017/07/25,0,1761000,-8508878,-6747878
2017/07/26,0,1561000,-2673000,-1112000
2017/07/27,0,8571000,-4829000,3742000
2017/07/28,0,3967000,-2513909,1453091
2017/07/31,0,4529000,-7080151,-2551151
2017/08/01,0,1416000,-6872853,-5456853
2017/08/02,0,2027451,-8315000,-6287549
2017/08/03,0,2241000,-6593581,-4352581
2017/08/04,0,1684000,-1474241,209759
2017/08/07,0,2411006,-4185000,-1773994
2017/08/08,0,3277509,-7691240,-4413731
2017/08/09,0,2323827,-8774900,-6451073
2017/08/10,0,1909436,-5885000,-3975564
2017/08/11,0,579000,-8250000,-7671000
2017/08/14,0,745000,-5332000,-4587000
2017/08/15,0,654000,-3060000,-2406000
2017/08/16,0,3715000,-6000000,-2285000
2017/08/17,0,1077000,-2838845,-1761845
2017/08/18,0,686000,-4476300,-3790300
