Date,Open,Buy,Sell,Total
2007/04/23,0,0,-135000,-135000
2007/04/24,0,0,-25000,-25000
2007/04/25,0,0,-161000,-161000
2007/04/26,0,0,-70000,-70000
2007/04/27,0,0,-107000,-107000
2007/04/30,0,0,-31000,-31000
2007/05/01,0,0,0,0
2007/05/02,0,0,-135000,-135000
2007/05/03,0,0,-172000,-172000
2007/05/04,0,583000,0,583000
2007/05/07,0,0,-20000,-20000
2007/05/08,0,0,-114000,-114000
2007/05/09,0,0,-33000,-33000
2007/05/10,0,0,-21000,-21000
2007/05/11,0,3000,-247000,-244000
2007/05/14,0,0,-73000,-73000
2007/05/15,0,42000,-11000,31000
2007/05/16,0,0,-34000,-34000
2007/05/17,0,0,-41000,-41000
2007/05/18,0,0,-55000,-55000
2007/05/21,0,154000,0,154000
2007/05/22,0,11000,-20000,-9000
2007/05/23,0,4000,-61000,-57000
2007/05/24,0,3000,-53000,-50000
2007/05/25,0,28000,-41000,-13000
2007/05/28,0,0,-31000,-31000
2007/05/29,0,130000,-52000,78000
2007/05/30,0,88000,0,88000
2007/05/31,0,503000,-58000,445000
2007/06/01,0,122000,0,122000
2007/06/04,0,0,-101000,-101000
2007/06/05,0,400000,-917000,-517000
2007/06/06,0,0,-238000,-238000
2007/06/07,0,231000,-31000,200000
2007/06/08,0,41000,-213000,-172000
2007/06/11,0,0,-91000,-91000
2007/06/12,0,93000,-117000,-24000
2007/06/13,0,0,-31000,-31000
2007/06/14,0,53000,-1159000,-1106000
2007/06/15,0,8000,-636000,-628000
2007/06/18,0,0,0,0
2007/06/19,0,0,0,0
2007/06/20,0,1246000,-840000,406000
2007/06/21,0,579000,-21000,558000
2007/06/22,0,96000,0,96000
2007/06/25,0,207000,0,207000
2007/06/26,0,18000,-218000,-200000
2007/06/27,0,111000,-183000,-72000
2007/06/28,0,391000,0,391000
2007/06/29,0,156000,-327000,-171000
2007/07/02,0,29000,-260000,-231000
2007/07/03,0,260000,-119000,141000
2007/07/04,0,467000,-80000,387000
2007/07/05,0,95000,-20000,75000
2007/07/06,0,166000,-233000,-67000
2007/07/09,0,598000,-478000,120000
2007/07/10,0,1337000,-3086000,-1749000
2007/07/11,0,197000,-2922628,-2725628
2007/07/12,0,114000,-4076628,-3962628
2007/07/13,0,499000,-2767000,-2268000
2007/07/16,0,379000,-2261587,-1882587
2007/07/17,0,1396000,-374000,1022000
2007/07/18,0,447000,-716000,-269000
2007/07/19,0,337000,-488631,-151631
2007/07/20,0,59000,-613000,-554000
2007/07/23,0,0,-649000,-649000
2007/07/24,0,20000,-476000,-456000
2007/07/25,0,922000,-12000,910000
2007/07/26,0,44000,-815000,-771000
2007/07/27,0,710000,-1669000,-959000
2007/07/30,0,268000,-518000,-250000
2007/07/31,0,5000,-1156000,-1151000
2007/08/01,0,378000,-914000,-536000
2007/08/02,0,764000,-269480,494520
2007/08/03,0,12000,-1007000,-995000
2007/08/06,0,1220000,-36000,1184000
2007/08/07,0,202000,-792000,-590000
2007/08/08,0,0,-703000,-703000
2007/08/09,0,64000,-705542,-641542
2007/08/10,0,491000,-340000,151000
2007/08/13,0,43000,-352000,-309000
2007/08/14,0,10000,-781000,-771000
2007/08/15,0,758000,-61000,697000
2007/08/16,0,895000,-363000,532000
2007/08/17,0,266000,-75000,191000
2007/08/20,0,96000,-29043,66957
2007/08/21,0,55000,-106000,-51000
2007/08/22,0,0,-169000,-169000
2007/08/23,0,145000,-853000,-708000
2007/08/24,0,283000,-340000,-57000
2007/08/27,0,20000,-371000,-351000
2007/08/28,0,0,-50000,-50000
2007/08/29,0,42000,-45000,-3000
2007/08/30,0,20000,-191000,-171000
2007/08/31,0,26000,-277000,-251000
2007/09/03,0,0,-223000,-223000
2007/09/04,0,151000,0,151000
2007/09/05,0,139000,-109000,30000
2007/09/06,0,144000,-42000,102000
2007/09/07,0,342000,-81000,261000
2007/09/10,0,73000,-91000,-18000
2007/09/11,0,37000,-28000,9000
2007/09/12,0,59000,-45000,14000
2007/09/13,0,154000,-51000,103000
2007/09/14,0,126000,-10000,116000
2007/09/17,0,49000,-91000,-42000
2007/09/18,0,0,0,0
2007/09/19,0,336000,-14000,322000
2007/09/20,0,183000,-405000,-222000
2007/09/21,0,183000,-100000,83000
2007/09/24,0,0,0,0
2007/09/25,0,0,0,0
2007/09/26,0,23000,0,23000
2007/09/27,0,108000,-59000,49000
2007/09/28,0,82000,-345000,-263000
2007/10/01,0,63000,-361000,-298000
2007/10/02,0,665000,-133000,532000
2007/10/03,0,315000,-3146000,-2831000
2007/10/04,0,252000,-362000,-110000
2007/10/05,0,11000,-22000,-11000
2007/10/08,0,408000,-1049000,-641000
2007/10/09,0,30000,-1352000,-1322000
2007/10/10,0,0,0,0
2007/10/11,0,169000,-1999000,-1830000
2007/10/12,0,566000,-397000,169000
2007/10/15,0,191000,-14000,177000
2007/10/16,0,690000,-15000,675000
2007/10/17,0,150000,-83000,67000
2007/10/18,0,236000,-17000,219000
2007/10/19,0,177000,-21000,156000
2007/10/22,0,593000,-529000,64000
2007/10/23,0,257000,-160000,97000
2007/10/24,0,367000,-25000,342000
2007/10/25,0,520000,-589000,-69000
2007/10/26,0,1239000,-227000,1012000
2007/10/29,0,1166000,-900000,266000
2007/10/30,0,317000,-1136000,-819000
2007/10/31,0,1356000,-54000,1302000
2007/11/01,0,358000,-189000,169000
2007/11/02,0,1097040,-1072000,25040
2007/11/05,0,387000,-175000,212000
2007/11/06,0,107000,-451000,-344000
2007/11/07,0,1103000,-132000,971000
2007/11/08,0,696000,-1441000,-745000
2007/11/09,0,840000,-100000,740000
2007/11/12,0,928000,-990000,-62000
2007/11/13,0,550000,-465000,85000
2007/11/14,0,226000,-544000,-318000
2007/11/15,0,532000,-6000,526000
2007/11/16,0,234000,-750000,-516000
2007/11/19,0,439000,-995000,-556000
2007/11/20,0,1227000,-233000,994000
2007/11/21,0,8000,-514000,-506000
2007/11/22,0,162000,-38000,124000
2007/11/23,0,435000,-47000,388000
2007/11/26,0,941000,-25000,916000
2007/11/27,0,83000,-1345000,-1262000
2007/11/28,0,33000,-380000,-347000
2007/11/29,0,236000,-97000,139000
2007/11/30,0,812000,-210000,602000
2007/12/03,0,1170000,-201000,969000
2007/12/04,0,498000,0,498000
2007/12/05,0,157000,-1778000,-1621000
2007/12/06,0,111000,-500000,-389000
2007/12/07,0,163000,-50000,113000
2007/12/10,0,40000,-70000,-30000
2007/12/11,0,185000,0,185000
2007/12/12,0,297000,-130000,167000
2007/12/13,0,119000,-61000,58000
2007/12/14,0,618000,-179000,439000
2007/12/17,0,158000,-121000,37000
2007/12/18,0,1559000,-94000,1465000
2007/12/19,0,440000,-189000,251000
2007/12/20,0,458000,-85000,373000
2007/12/21,0,528000,-39000,489000
2007/12/24,0,634000,-987000,-353000
2007/12/25,0,137000,-46000,91000
2007/12/26,0,38000,-60000,-22000
2007/12/27,0,647000,-73000,574000
2007/12/28,0,62000,-290000,-228000
2007/12/31,0,254000,-1000,253000
2008/01/01,0,0,0,0
2008/01/02,0,16000,-27000,-11000
2008/01/03,0,212000,-11000,201000
2008/01/04,0,433000,0,433000
2008/01/07,0,304000,-547000,-243000
2008/01/08,0,108000,-27000,81000
2008/01/09,0,140000,-72000,68000
2008/01/10,0,437000,-48000,389000
2008/01/11,0,176000,-550000,-374000
2008/01/14,0,1600000,-564000,1036000
2008/01/15,0,986000,-4168000,-3182000
2008/01/16,0,2185000,-525000,1660000
2008/01/17,0,2240000,-3255000,-1015000
2008/01/18,0,1754000,-1234000,520000
2008/01/21,0,168000,-907000,-739000
2008/01/22,0,451000,-77000,374000
2008/01/23,0,513000,-399000,114000
2008/01/24,0,718000,-1034000,-316000
2008/01/25,0,94000,-96000,-2000
2008/01/28,0,137000,-245000,-108000
2008/01/29,0,247000,-191000,56000
2008/01/30,0,531000,-366000,165000
2008/01/31,0,423000,-48000,375000
2008/02/01,0,347000,-12000,335000
2008/02/04,0,0,0,0
2008/02/05,0,0,0,0
2008/02/06,0,0,0,0
2008/02/07,0,0,0,0
2008/02/08,0,0,0,0
2008/02/11,0,0,0,0
2008/02/12,0,118000,-353000,-235000
2008/02/13,0,735000,-270000,465000
2008/02/14,0,1559000,-114000,1445000
2008/02/15,0,570000,-147000,423000
2008/02/18,0,131000,-355000,-224000
2008/02/19,0,506000,-157000,349000
2008/02/20,0,74000,-690000,-616000
2008/02/21,0,483000,-109000,374000
2008/02/22,0,339000,-42000,297000
2008/02/25,0,139000,-617079,-478079
2008/02/26,0,62998,-3441000,-3378002
2008/02/27,0,2242000,-3779684,-1537684
2008/02/28,0,0,0,0
2008/02/29,0,1196000,-1371000,-175000
2008/03/03,0,516000,-187058,328942
2008/03/04,0,1698000,-1182010,515990
2008/03/05,0,475000,-1020000,-545000
2008/03/06,0,708000,-28608,679392
2008/03/07,0,626000,-17000,609000
2008/03/10,0,372000,-656613,-284613
2008/03/11,0,601000,-45000,556000
2008/03/12,0,722000,-694914,27086
2008/03/13,0,366000,-105624,260376
2008/03/14,0,341000,-170983,170017
2008/03/17,0,1858000,-90000,1768000
2008/03/18,0,1926000,-177000,1749000
2008/03/19,0,1897000,-1347000,550000
2008/03/20,0,2617000,-1411000,1206000
2008/03/21,0,744000,-79000,665000
2008/03/24,0,1534000,-1400000,134000
2008/03/25,0,1581000,-1012000,569000
2008/03/26,0,1495000,-1489000,6000
2008/03/27,0,1927000,-990000,937000
2008/03/28,0,1346000,-471593,874407
2008/03/31,0,955000,-709607,245393
2008/04/01,0,1134000,-401000,733000
2008/04/02,0,2763000,-1599000,1164000
2008/04/03,0,627000,-215000,412000
2008/04/04,0,0,0,0
2008/04/07,0,419000,-2342000,-1923000
2008/04/08,0,1480000,-1800000,-320000
2008/04/09,0,675000,-970002,-295002
2008/04/10,0,410000,-393431,16569
2008/04/11,0,1694000,-2365000,-671000
2008/04/14,0,476000,-2882628,-2406628
2008/04/15,0,1135000,-324000,811000
2008/04/16,0,1826000,-566000,1260000
2008/04/17,0,175000,-637000,-462000
2008/04/18,0,561000,-24000,537000
2008/04/21,0,278000,-792000,-514000
2008/04/22,0,330000,-1594000,-1264000
2008/04/23,0,575000,-1133000,-558000
2008/04/24,0,1647000,-498000,1149000
2008/04/25,0,1501000,-551000,950000
2008/04/28,0,809000,-185000,624000
2008/04/29,0,290000,-726000,-436000
2008/04/30,0,1440000,-579000,861000
2008/05/01,0,0,0,0
2008/05/02,0,286000,-502000,-216000
2008/05/05,0,1263000,-972000,291000
2008/05/06,0,317000,-522000,-205000
2008/05/07,0,220000,-482000,-262000
2008/05/08,0,637000,-189000,448000
2008/05/09,0,721000,-680000,41000
2008/05/12,0,1038000,-379000,659000
2008/05/13,0,948100,-870000,78100
2008/05/14,0,253000,-133000,120000
2008/05/15,0,387000,-1281000,-894000
2008/05/16,0,82000,-712000,-630000
2008/05/19,0,194000,-165000,29000
2008/05/20,0,296000,-1444000,-1148000
2008/05/21,0,285000,-306000,-21000
2008/05/22,0,381000,-152000,229000
2008/05/23,0,157000,-139000,18000
2008/05/26,0,496000,-187000,309000
2008/05/27,0,262000,-57000,205000
2008/05/28,0,117000,-113000,4000
2008/05/29,0,1164000,-65000,1099000
2008/05/30,0,285000,-780000,-495000
2008/06/02,0,138000,-10000,128000
2008/06/03,0,81000,-431000,-350000
2008/06/04,0,123009,-31000,92009
2008/06/05,0,958000,-21000,937000
2008/06/06,0,37000,-190000,-153000
2008/06/09,0,50000,-334000,-284000
2008/06/10,0,192000,-309000,-117000
2008/06/11,0,296000,-395000,-99000
2008/06/12,0,157000,-545000,-388000
2008/06/13,0,297000,-217000,80000
2008/06/16,0,253000,-262000,-9000
2008/06/17,0,489000,-66000,423000
2008/06/18,0,559000,-84000,475000
2008/06/19,0,567000,-542000,25000
2008/06/20,0,581000,-201000,380000
2008/06/23,0,452000,-121000,331000
2008/06/24,0,413000,-194000,219000
2008/06/25,0,1461000,-293000,1168000
2008/06/26,0,546000,-414000,132000
2008/06/27,0,445000,-625000,-180000
2008/06/30,0,623000,-353000,270000
2008/07/01,0,718000,-181000,537000
2008/07/02,0,1404000,-1073000,331000
2008/07/03,0,827000,-636000,191000
2008/07/04,0,309000,-468000,-159000
2008/07/07,0,215000,-108000,107000
2008/07/08,0,583000,-699000,-116000
2008/07/09,0,918000,-260000,658000
2008/07/10,0,439000,-250000,189000
2008/07/11,0,290000,-149000,141000
2008/07/14,0,292000,-277000,15000
2008/07/15,0,297000,-281000,16000
2008/07/16,0,523000,-468001,54999
2008/07/17,0,234000,-416000,-182000
2008/07/18,0,601000,-216000,385000
2008/07/21,0,658000,-54866,603134
2008/07/22,0,654000,-15000,639000
2008/07/23,0,1246000,-39000,1207000
2008/07/24,0,618000,-70000,548000
2008/07/25,0,777000,-140132,636868
2008/07/28,0,0,0,0
2008/07/29,0,922000,-348000,574000
2008/07/30,0,545000,-137000,408000
2008/07/31,0,975000,-306000,669000
2008/08/01,0,180000,-1063000,-883000
2008/08/04,0,416000,-387000,29000
2008/08/05,0,679000,-1191000,-512000
2008/08/06,0,752000,-7000,745000
2008/08/07,0,153000,-364000,-211000
2008/08/08,0,833000,-268000,565000
2008/08/11,0,78000,-334000,-256000
2008/08/12,0,5000,-611000,-606000
2008/08/13,0,257000,-441000,-184000
2008/08/14,0,692000,-163000,529000
2008/08/15,0,78000,-156000,-78000
2008/08/18,0,139000,-320071,-181071
2008/08/19,0,52000,-53504,-1504
2008/08/20,0,2000,-118000,-116000
2008/08/21,0,77000,-304265,-227265
2008/08/22,0,237000,-234000,3000
2008/08/25,0,12000,-146000,-134000
2008/08/26,0,381000,-126000,255000
2008/08/27,0,108000,-3000,105000
2008/08/28,0,301000,-318000,-17000
2008/08/29,0,628000,-160000,468000
2008/09/01,0,475108,-530000,-54892
2008/09/02,0,274000,-32000,242000
2008/09/03,0,418000,-113000,305000
2008/09/04,0,598000,-123000,475000
2008/09/05,0,384000,-784000,-400000
2008/09/08,0,22000,-6000,16000
2008/09/09,0,807000,-140000,667000
2008/09/10,0,387000,-511112,-124112
2008/09/11,0,450000,-246000,204000
2008/09/12,0,617000,-243000,374000
2008/09/15,0,85000,-529000,-444000
2008/09/16,0,349000,-39000,310000
2008/09/17,0,725000,-252000,473000
2008/09/18,0,905000,-111000,794000
2008/09/19,0,1283000,-596000,687000
2008/09/22,0,777000,-206000,571000
2008/09/23,0,321000,-969000,-648000
2008/09/24,0,638000,-313000,325000
2008/09/25,0,79000,-83000,-4000
2008/09/26,0,367000,-982000,-615000
2008/09/29,0,0,0,0
2008/09/30,0,3000,-27000,-24000
2008/10/01,0,155000,-1947000,-1792000
2008/10/02,0,583000,-91000,492000
2008/10/03,0,1042000,-73000,969000
2008/10/06,0,127000,-692016,-565016
2008/10/07,0,1540000,-286000,1254000
2008/10/08,0,1202000,-666990,535010
2008/10/09,0,920000,-699000,221000
2008/10/10,0,0,0,0
2008/10/13,0,381000,-100000,281000
2008/10/14,0,474000,-178000,296000
2008/10/15,0,432000,-1450000,-1018000
2008/10/16,0,0,-135000,-135000
2008/10/17,0,301000,-435000,-134000
2008/10/20,0,182000,-219124,-37124
2008/10/21,0,454000,-228000,226000
2008/10/22,0,23000,-39000,-16000
2008/10/23,0,20000,-18090,1910
2008/10/24,0,10000,-19558,-9558
2008/10/27,0,71000,-139000,-68000
2008/10/28,0,624000,-66000,558000
2008/10/29,0,488000,-178000,310000
2008/10/30,0,672000,-89000,583000
2008/10/31,0,1241000,-231000,1010000
2008/11/03,0,493000,-448000,45000
2008/11/04,0,407000,-642000,-235000
2008/11/05,0,786000,-365000,421000
2008/11/06,0,207000,-873905,-666905
2008/11/07,0,1255000,-73480,1181520
2008/11/10,0,270000,-352000,-82000
2008/11/11,0,130114,-245000,-114886
2008/11/12,0,413000,-392000,21000
2008/11/13,0,270000,-150933,119067
2008/11/14,0,435000,-133000,302000
2008/11/17,0,272000,-714567,-442567
2008/11/18,0,306000,-379000,-73000
2008/11/19,0,386000,-207000,179000
2008/11/20,0,415000,-136000,279000
2008/11/21,0,969000,-185900,783100
2008/11/24,0,1640000,0,1640000
2008/11/25,0,540000,-2000,538000
2008/11/26,0,114000,-1246000,-1132000
2008/11/27,0,405000,-547000,-142000
2008/11/28,0,869000,-800000,69000
2008/12/01,0,1140000,-18776,1121224
2008/12/02,0,153000,-457000,-304000
2008/12/03,0,1331000,-229000,1102000
2008/12/04,0,165000,-871000,-706000
2008/12/05,0,274000,-43000,231000
2008/12/08,0,1501000,-1619130,-118130
2008/12/09,0,3443000,0,3443000
2008/12/10,0,576000,-265980,310020
2008/12/11,0,334000,-422000,-88000
2008/12/12,0,121000,-1505000,-1384000
2008/12/15,0,904000,-342000,562000
2008/12/16,0,5449000,-266000,5183000
2008/12/17,0,1592000,-607000,985000
2008/12/18,0,107000,-248000,-141000
2008/12/19,0,341000,-463000,-122000
2008/12/22,0,195000,-390000,-195000
2008/12/23,0,1844000,-1237000,607000
2008/12/24,0,847000,-976000,-129000
2008/12/25,0,79000,-139000,-60000
2008/12/26,0,135000,-129000,6000
2008/12/29,0,347000,-7000,340000
2008/12/30,0,384000,-19000,365000
2008/12/31,0,121000,-251000,-130000
2009/01/01,0,0,0,0
2009/01/02,0,0,0,0
2009/01/05,0,402000,-55000,347000
2009/01/06,0,242000,-62000,180000
2009/01/07,0,641000,-196000,445000
2009/01/08,0,294000,-237000,57000
2009/01/09,0,202000,-277000,-75000
2009/01/12,0,194000,0,194000
2009/01/13,0,567000,-526000,41000
2009/01/14,0,167000,-32828,134172
2009/01/15,0,172000,-173000,-1000
2009/01/16,0,1430000,-823000,607000
2009/01/19,0,85041,-83000,2041
2009/01/20,0,2954040,-1076000,1878040
2009/01/21,0,1337000,-519000,818000
2009/01/22,0,0,0,0
2009/01/23,0,0,0,0
2009/01/26,0,0,0,0
2009/01/27,0,0,0,0
2009/01/28,0,0,0,0
2009/01/29,0,0,0,0
2009/01/30,0,0,0,0
2009/02/02,0,1560000,-133198,1426802
2009/02/03,0,253000,-487000,-234000
2009/02/04,0,202000,0,202000
2009/02/05,0,178000,-10000,168000
2009/02/06,0,38000,-133000,-95000
2009/02/09,0,27000,-410000,-383000
2009/02/10,0,94000,-386000,-292000
2009/02/11,0,983000,-329623,653377
2009/02/12,0,54000,-551000,-497000
2009/02/13,0,1012000,-1884000,-872000
2009/02/16,0,315000,-106000,209000
2009/02/17,0,210000,-359000,-149000
2009/02/18,0,123000,-205000,-82000
2009/02/19,0,144000,-269000,-125000
2009/02/20,0,261000,-53000,208000
2009/02/23,0,313000,-152000,161000
2009/02/24,0,363000,-270000,93000
2009/02/25,0,568000,-2102000,-1534000
2009/02/26,0,1084000,-110000,974000
2009/02/27,0,1026000,-41000,985000
2009/03/02,0,786000,-2049000,-1263000
2009/03/03,0,247000,-424000,-177000
2009/03/04,0,341000,-2198000,-1857000
2009/03/05,0,346000,-231000,115000
2009/03/06,0,369000,-230000,139000
2009/03/09,0,160000,-158000,2000
2009/03/10,0,171000,-22000,149000
2009/03/11,0,431000,-461000,-30000
2009/03/12,0,34000,-36000,-2000
2009/03/13,0,929000,-41000,888000
2009/03/16,0,414000,-1059000,-645000
2009/03/17,0,850000,-1116000,-266000
2009/03/18,0,813000,-403000,410000
2009/03/19,0,1026000,-313617,712383
2009/03/20,0,666000,-1078000,-412000
2009/03/23,0,1090000,-9000,1081000
2009/03/24,0,669000,-455000,214000
2009/03/25,0,695000,-325000,370000
2009/03/26,0,330000,-643000,-313000
2009/03/27,0,113000,-1837000,-1724000
2009/03/30,0,396000,-1609000,-1213000
2009/03/31,0,1024000,-74000,950000
2009/04/01,0,562000,-238000,324000
2009/04/02,0,1734000,-38616,1695384
2009/04/03,0,2470000,-2286000,184000
2009/04/06,0,831000,-2497000,-1666000
2009/04/07,0,89000,-1392000,-1303000
2009/04/08,0,1310000,-2168000,-858000
2009/04/09,0,1698000,-1356000,342000
2009/04/10,0,1524000,-2706000,-1182000
2009/04/13,0,712000,-1878000,-1166000
2009/04/14,0,272000,-1347000,-1075000
2009/04/15,0,143000,-1303000,-1160000
2009/04/16,0,1597000,-1725000,-128000
2009/04/17,0,711000,-10413610,-9702610
2009/04/20,0,1910000,-337000,1573000
2009/04/21,0,783000,-2192000,-1409000
2009/04/22,0,496000,-707000,-211000
2009/04/23,0,374000,-803000,-429000
2009/04/24,0,1249000,-1437000,-188000
2009/04/27,0,533000,-1111000,-578000
2009/04/28,0,1164000,-1094000,70000
2009/04/29,0,940000,-178000,762000
2009/04/30,0,75000,-18000,57000
2009/05/01,0,0,0,0
2009/05/04,0,22000,0,22000
2009/05/05,0,0,0,0
2009/05/06,0,2334000,-452095,1881905
2009/05/07,0,1007000,-1722000,-715000
2009/05/08,0,1346000,-602000,744000
2009/05/11,0,172000,-1067000,-895000
2009/05/12,0,504000,-959000,-455000
2009/05/13,0,313000,-1031000,-718000
2009/05/14,0,124000,-969000,-845000
2009/05/15,0,206000,-1025000,-819000
2009/05/18,0,388000,-733000,-345000
2009/05/19,0,1692000,-391000,1301000
2009/05/20,0,737000,-1410000,-673000
2009/05/21,0,83000,-2099000,-2016000
2009/05/22,0,151000,-518605,-367605
2009/05/25,0,147000,-458000,-311000
2009/05/26,0,520000,-564000,-44000
2009/05/27,0,1265000,-512000,753000
2009/05/28,0,0,0,0
2009/05/29,0,0,0,0
2009/06/01,0,1283000,-851448,431552
2009/06/02,0,2566000,-2095000,471000
2009/06/03,0,1472000,-1953000,-481000
2009/06/04,0,634000,-1237000,-603000
2009/06/05,0,917000,-421000,496000
2009/06/08,0,219000,-1084000,-865000
2009/06/09,0,2626000,-437000,2189000
2009/06/10,0,907000,-326344,580656
2009/06/11,0,695000,-1364000,-669000
2009/06/12,0,1013000,-2368000,-1355000
2009/06/15,0,1705000,-451000,1254000
2009/06/16,0,462000,-384303,77697
2009/06/17,0,3381000,-1030000,2351000
2009/06/18,0,476000,-1270000,-794000
2009/06/19,0,476000,-503000,-27000
2009/06/22,0,1217000,-449000,768000
2009/06/23,0,160000,-983000,-823000
2009/06/24,0,2360000,-404000,1956000
2009/06/25,0,6328000,-728000,5600000
2009/06/26,0,926000,-1800000,-874000
2009/06/29,0,511000,-6408000,-5897000
2009/06/30,0,1867000,-2367000,-500000
2009/07/01,0,1731500,-637000,1094500
2009/07/02,0,1924000,-2684000,-760000
2009/07/03,0,3732000,-590000,3142000
2009/07/06,0,301000,-1491000,-1190000
2009/07/07,0,1071000,-354000,717000
2009/07/08,0,1371000,-222000,1149000
2009/07/09,0,2279000,-523000,1756000
2009/07/10,0,266000,-1532000,-1266000
2009/07/13,0,650000,-2400000,-1750000
2009/07/14,0,1081000,-1513000,-432000
2009/07/15,0,1981000,-375000,1606000
2009/07/16,0,702000,-1342000,-640000
2009/07/17,0,1466000,-325000,1141000
2009/07/20,0,2293000,-1556000,737000
2009/07/21,0,1095000,-2501000,-1406000
2009/07/22,0,1470000,-1003000,467000
2009/07/23,0,800701,-921000,-120299
2009/07/24,0,858000,-1106000,-248000
2009/07/27,0,365000,-322000,43000
2009/07/28,0,857251,-595000,262251
2009/07/29,0,2207000,-988000,1219000
2009/07/30,0,530000,-2291000,-1761000
2009/07/31,0,1181000,-339000,842000
2009/08/03,0,569000,-1112000,-543000
2009/08/04,0,1066000,-3478000,-2412000
2009/08/05,0,3313000,-4670000,-1357000
2009/08/06,0,579000,-684000,-105000
2009/08/07,0,0,0,0
2009/08/10,0,1775000,-718000,1057000
2009/08/11,0,2629000,-1245000,1384000
2009/08/12,0,521000,-518000,3000
2009/08/13,0,670000,-3185000,-2515000
2009/08/14,0,673000,-712000,-39000
2009/08/17,0,2773000,-744000,2029000
2009/08/18,0,1796000,-611000,1185000
2009/08/19,0,793000,-876000,-83000
2009/08/20,0,1241000,-2430000,-1189000
2009/08/21,0,1469000,-3287000,-1818000
2009/08/24,0,318000,-3030000,-2712000
2009/08/25,0,447000,-268000,179000
2009/08/26,0,820000,-262000,558000
2009/08/27,0,336000,-180000,156000
2009/08/28,0,1391000,-467000,924000
2009/08/31,0,632000,-251000,381000
2009/09/01,0,1367000,-1265000,102000
2009/09/02,0,2458000,-1399000,1059000
2009/09/03,0,875000,-1044000,-169000
2009/09/04,0,979000,-2063000,-1084000
2009/09/07,0,617000,-726000,-109000
2009/09/08,0,1627000,-2491000,-864000
2009/09/09,0,1135000,-627000,508000
2009/09/10,0,3774000,-2060000,1714000
2009/09/11,0,3462000,-1655000,1807000
2009/09/14,0,670000,-1974000,-1304000
2009/09/15,0,2110000,-405000,1705000
2009/09/16,0,1704000,-1301000,403000
2009/09/17,0,680000,-3805000,-3125000
2009/09/18,0,516000,-844279,-328279
2009/09/21,0,264000,-2060000,-1796000
2009/09/22,0,5760000,-1488000,4272000
2009/09/23,0,55000,-2293193,-2238193
2009/09/24,0,386000,-687000,-301000
2009/09/25,0,779000,-329000,450000
2009/09/28,0,1389000,-847774,541226
2009/09/29,0,1614000,-1916000,-302000
2009/09/30,0,1223000,-926000,297000
2009/10/01,0,1255000,-2198000,-943000
2009/10/02,0,552000,-1079000,-527000
2009/10/05,0,409000,-549000,-140000
2009/10/06,0,2206000,-896000,1310000
2009/10/07,0,100000,-1411000,-1311000
2009/10/08,0,71000,-634000,-563000
2009/10/09,0,3362000,-629000,2733000
2009/10/12,0,974000,-415000,559000
2009/10/13,0,1019021,-380000,639021
2009/10/14,0,1107000,-590000,517000
2009/10/15,0,1248000,-4973000,-3725000
2009/10/16,0,397000,-1007000,-610000
2009/10/19,0,276000,-177000,99000
2009/10/20,0,77000,-543000,-466000
2009/10/21,0,490000,-1482783,-992783
2009/10/22,0,754000,-410000,344000
2009/10/23,0,1100000,-461000,639000
2009/10/26,0,740000,-883000,-143000
2009/10/27,0,1241000,-330000,911000
2009/10/28,0,1242000,-4010000,-2768000
2009/10/29,0,1584000,-1072000,512000
2009/10/30,0,355000,-395000,-40000
2009/11/02,0,625000,-352000,273000
2009/11/03,0,192000,-329000,-137000
2009/11/04,0,943000,-657000,286000
2009/11/05,0,485000,-457000,28000
2009/11/06,0,827000,-476000,351000
2009/11/09,0,801000,-256000,545000
2009/11/10,0,214000,-103000,111000
2009/11/11,0,839000,-123000,716000
2009/11/12,0,497000,-344000,153000
2009/11/13,0,826000,-835000,-9000
2009/11/16,0,634000,-706000,-72000
2009/11/17,0,2891000,-1161000,1730000
2009/11/18,0,580000,-367000,213000
2009/11/19,0,765000,-126500,638500
2009/11/20,0,959000,-1063000,-104000
2009/11/23,0,130000,-73000,57000
2009/11/24,0,303000,-1663000,-1360000
2009/11/25,0,435000,-731000,-296000
2009/11/26,0,1630000,-341000,1289000
2009/11/27,0,1228000,-1437000,-209000
2009/11/30,0,298000,-1657598,-1359598
2009/12/01,0,976000,-892000,84000
2009/12/02,0,1900000,-339000,1561000
2009/12/03,0,572000,-3337000,-2765000
2009/12/04,0,236000,-180000,56000
2009/12/07,0,331000,-485000,-154000
2009/12/08,0,783000,-696000,87000
2009/12/09,0,403000,-223000,180000
2009/12/10,0,559000,-2409000,-1850000
2009/12/11,0,207000,-896503,-689503
2009/12/14,0,187000,-413000,-226000
2009/12/15,0,229000,-322000,-93000
2009/12/16,0,2363000,-1102000,1261000
2009/12/17,0,487000,-673000,-186000
2009/12/18,0,155000,-479000,-324000
2009/12/21,0,932000,-506000,426000
2009/12/22,0,193000,-407977,-214977
2009/12/23,0,170000,-363000,-193000
2009/12/24,0,153000,-459000,-306000
2009/12/25,0,1324000,-2692000,-1368000
2009/12/28,0,2170000,-577000,1593000
2009/12/29,0,683000,-707000,-24000
2009/12/30,0,556000,-402000,154000
2009/12/31,0,3480000,-413000,3067000
2010/01/01,0,0,0,0
2010/01/04,0,1007000,-1271000,-264000
2010/01/05,0,1630000,-2287000,-657000
2010/01/06,0,1693000,-659000,1034000
2010/01/07,0,244000,-3162000,-2918000
2010/01/08,0,1410000,-875000,535000
2010/01/11,0,188000,-752000,-564000
2010/01/12,0,989000,-852000,137000
2010/01/13,0,603000,-195000,408000
2010/01/14,0,1289000,-386374,902626
2010/01/15,0,2066000,-726000,1340000
2010/01/18,0,582000,-611000,-29000
2010/01/19,0,905000,-2186000,-1281000
2010/01/20,0,976960,-3112000,-2135040
2010/01/21,0,242000,-536000,-294000
2010/01/22,0,280000,-1033000,-753000
2010/01/25,0,308000,-583000,-275000
2010/01/26,0,213000,-1514000,-1301000
2010/01/27,0,264000,-198000,66000
2010/01/28,0,940000,-278000,662000
2010/01/29,0,651000,-965000,-314000
2010/02/01,0,923000,-870000,53000
2010/02/02,0,220000,-618000,-398000
2010/02/03,0,591000,-38000,553000
2010/02/04,0,625000,-535000,90000
2010/02/05,0,733000,-1328000,-595000
2010/02/08,0,1330000,-133001,1196999
2010/02/09,0,1532000,-839000,693000
2010/02/10,0,938000,-366000,572000
2010/02/11,0,0,0,0
2010/02/12,0,0,0,0
2010/02/15,0,0,0,0
2010/02/16,0,0,0,0
2010/02/17,0,0,0,0
2010/02/18,0,0,0,0
2010/02/19,0,0,0,0
2010/02/22,0,1381000,-774000,607000
2010/02/23,0,199000,-350000,-151000
2010/02/24,0,518000,-835000,-317000
2010/02/25,0,539000,-936000,-397000
2010/02/26,0,423000,-152000,271000
2010/03/01,0,1022000,-65000,957000
2010/03/02,0,407000,-419000,-12000
2010/03/03,0,847000,-444000,403000
2010/03/04,0,239000,-1097000,-858000
2010/03/05,0,408000,-261000,147000
2010/03/08,0,793000,-319000,474000
2010/03/09,0,100000,-22000,78000
2010/03/10,0,245000,-57000,188000
2010/03/11,0,105000,-243000,-138000
2010/03/12,0,201000,-221000,-20000
2010/03/15,0,71000,-1448000,-1377000
2010/03/16,0,144000,-290000,-146000
2010/03/17,0,1656000,-162000,1494000
2010/03/18,0,1712000,-166000,1546000
2010/03/19,0,2578000,-396000,2182000
2010/03/22,0,664000,-1669000,-1005000
2010/03/23,0,601000,-193000,408000
2010/03/24,0,641000,-847003,-206003
2010/03/25,0,2110000,-881000,1229000
2010/03/26,0,837000,-427000,410000
2010/03/29,0,1279000,-450000,829000
2010/03/30,0,1641000,-695000,946000
2010/03/31,0,186000,-738500,-552500
2010/04/01,0,1447000,-219000,1228000
2010/04/02,0,265000,-419000,-154000
2010/04/05,0,0,0,0
2010/04/06,0,776000,-564000,212000
2010/04/07,0,200000,-270000,-70000
2010/04/08,0,1870000,-699000,1171000
2010/04/09,0,1872000,-619000,1253000
2010/04/12,0,880000,-1914000,-1034000
2010/04/13,0,244000,-846000,-602000
2010/04/14,0,198000,-76000,122000
2010/04/15,0,411000,-197000,214000
2010/04/16,0,32000,-359000,-327000
2010/04/19,0,381000,-3296000,-2915000
2010/04/20,0,255000,-2345000,-2090000
2010/04/21,0,438000,-567000,-129000
2010/04/22,0,387000,-400000,-13000
2010/04/23,0,182000,-864000,-682000
2010/04/26,0,1992000,-726000,1266000
2010/04/27,0,140000,-490000,-350000
2010/04/28,0,369000,-563000,-194000
2010/04/29,0,172000,-434000,-262000
2010/04/30,0,212000,-583000,-371000
2010/05/03,0,143000,-204000,-61000
2010/05/04,0,203000,-599000,-396000
2010/05/05,0,517000,-1153000,-636000
2010/05/06,0,123000,-1121000,-998000
2010/05/07,0,499000,-651000,-152000
2010/05/10,0,568000,-377000,191000
2010/05/11,0,791000,-2171000,-1380000
2010/05/12,0,422000,-382000,40000
2010/05/13,0,1588000,-548000,1040000
2010/05/14,0,1215000,-403000,812000
2010/05/17,0,161000,-1055000,-894000
2010/05/18,0,798000,-156000,642000
2010/05/19,0,1098000,-380000,718000
2010/05/20,0,48000,-578000,-530000
2010/05/21,0,418000,-1327000,-909000
2010/05/24,0,194000,-101274,92726
2010/05/25,0,673000,-889000,-216000
2010/05/26,0,649000,-72000,577000
2010/05/27,0,701000,-91000,610000
2010/05/28,0,217000,-379000,-162000
2010/05/31,0,93000,-40000,53000
2010/06/01,0,342000,-437000,-95000
2010/06/02,0,251000,-365000,-114000
2010/06/03,0,412000,-163000,249000
2010/06/04,0,19000,-56000,-37000
2010/06/07,0,305000,-463000,-158000
2010/06/08,0,549000,-196000,353000
2010/06/09,0,204000,-720000,-516000
2010/06/10,0,200000,-274000,-74000
2010/06/11,0,1021000,-211000,810000
2010/06/14,0,754000,-339000,415000
2010/06/15,0,1496000,-173000,1323000
2010/06/16,0,0,0,0
2010/06/17,0,1752000,-193000,1559000
2010/06/18,0,259000,-515000,-256000
2010/06/21,0,1311000,-482000,829000
2010/06/22,0,408000,-463000,-55000
2010/06/23,0,2441000,-992000,1449000
2010/06/24,0,557000,-1041000,-484000
2010/06/25,0,1133000,-743000,390000
2010/06/28,0,2518000,-452000,2066000
2010/06/29,0,620000,-1938000,-1318000
2010/06/30,0,564000,-897000,-333000
2010/07/01,0,1323000,-305000,1018000
2010/07/02,0,2389000,-1040000,1349000
2010/07/05,0,1773000,-885000,888000
2010/07/06,0,645000,-827000,-182000
2010/07/07,0,1495000,-562000,933000
2010/07/08,0,961000,-635536,325464
2010/07/09,0,2386000,-1016000,1370000
2010/07/12,0,1066000,-1652000,-586000
2010/07/13,0,1245000,-763000,482000
2010/07/14,0,881000,-2380000,-1499000
2010/07/15,0,971000,-255000,716000
2010/07/16,0,4382000,-1015000,3367000
2010/07/19,0,286000,-295000,-9000
2010/07/20,0,215000,-218000,-3000
2010/07/21,0,191000,-361000,-170000
2010/07/22,0,765000,-397000,368000
2010/07/23,0,556000,-352000,204000
2010/07/26,0,672000,-386000,286000
2010/07/27,0,115000,-314000,-199000
2010/07/28,0,998000,-2179000,-1181000
2010/07/29,0,539000,-1339000,-800000
2010/07/30,0,1714000,-630000,1084000
2010/08/02,0,2253000,-1298000,955000
2010/08/03,0,260000,-1782000,-1522000
2010/08/04,0,383000,-356000,27000
2010/08/05,0,3125000,-2079000,1046000
2010/08/06,0,501000,-2639000,-2138000
2010/08/09,0,595000,-1145000,-550000
2010/08/10,0,532000,-1535000,-1003000
2010/08/11,0,346000,-996000,-650000
2010/08/12,0,3000000,-739000,2261000
2010/08/13,0,494000,-1096000,-602000
2010/08/16,0,408000,-4242000,-3834000
2010/08/17,0,655000,-333000,322000
2010/08/18,0,141000,-1315000,-1174000
2010/08/19,0,254000,-615000,-361000
2010/08/20,0,220000,-776000,-556000
2010/08/23,0,1134000,-557000,577000
2010/08/24,0,8428000,-1143000,7285000
2010/08/25,0,1337000,-6073042,-4736042
2010/08/26,0,1401000,-1150000,251000
2010/08/27,0,679000,-1507000,-828000
2010/08/30,0,831000,-1084000,-253000
2010/08/31,0,747000,-1174000,-427000
2010/09/01,0,1057000,-373000,684000
2010/09/02,0,571000,-617000,-46000
2010/09/03,0,1686000,-695000,991000
2010/09/06,0,1369000,-547000,822000
2010/09/07,0,1120000,-614000,506000
2010/09/08,0,531000,-507000,24000
2010/09/09,0,444000,-560000,-116000
2010/09/10,0,460000,-160000,300000
2010/09/13,0,1820000,-621000,1199000
2010/09/14,0,849000,-2414000,-1565000
2010/09/15,0,1527000,-691000,836000
2010/09/16,0,1119000,-1019000,100000
2010/09/17,0,430000,-962000,-532000
2010/09/20,0,227000,-938000,-711000
2010/09/21,0,735000,-364000,371000
2010/09/22,0,0,0,0
2010/09/23,0,809000,-1035000,-226000
2010/09/24,0,604000,-379000,225000
2010/09/27,0,965000,-563000,402000
2010/09/28,0,664000,-424000,240000
2010/09/29,0,740000,-912000,-172000
2010/09/30,0,1156000,-1742000,-586000
2010/10/01,0,615000,-1819000,-1204000
2010/10/04,0,789000,-1896000,-1107000
2010/10/05,0,1070000,-2070000,-1000000
2010/10/06,0,1404000,-394000,1010000
2010/10/07,0,3816000,-562956,3253044
2010/10/08,0,1591000,-915000,676000
2010/10/11,0,452000,-924000,-472000
2010/10/12,0,535299,-961978,-426679
2010/10/13,0,144000,-1437000,-1293000
2010/10/14,0,1229701,-406000,823701
2010/10/15,0,371000,-205000,166000
2010/10/18,0,1093500,-1228000,-134500
2010/10/19,0,223500,-924000,-700500
2010/10/20,0,283000,-830000,-547000
2010/10/21,0,85000,-372000,-287000
2010/10/22,0,209000,-556000,-347000
2010/10/25,0,477000,-846000,-369000
2010/10/26,0,474000,-282000,192000
2010/10/27,0,312000,-33000,279000
2010/10/28,0,290000,-179000,111000
2010/10/29,0,151000,-88000,63000
2010/11/01,0,1520000,-1554946,-34946
2010/11/02,0,998000,-320000,678000
2010/11/03,0,457000,-146000,311000
2010/11/04,0,1346000,-1095000,251000
2010/11/05,0,230000,-1053000,-823000
2010/11/08,0,219000,-1513000,-1294000
2010/11/09,0,457709,-55000,402709
2010/11/10,0,579000,-120000,459000
2010/11/11,0,588000,-45000,543000
2010/11/12,0,650000,-1186000,-536000
2010/11/15,0,545000,-871040,-326040
2010/11/16,0,888000,-169000,719000
2010/11/17,0,223000,-879000,-656000
2010/11/18,0,462000,-85000,377000
2010/11/19,0,178000,-276000,-98000
2010/11/22,0,244481,-72000,172481
2010/11/23,0,420519,-71000,349519
2010/11/24,0,1181000,-585000,596000
2010/11/25,0,175000,-138000,37000
2010/11/26,0,506000,-192000,314000
2010/11/29,0,493000,-613000,-120000
2010/11/30,0,829000,-559000,270000
2010/12/01,0,1832000,-1804000,28000
2010/12/02,0,1065000,-932000,133000
2010/12/03,0,316000,-370000,-54000
2010/12/06,0,1516000,-546000,970000
2010/12/07,0,411160,-598000,-186840
2010/12/08,0,165579,-780000,-614421
2010/12/09,0,1645421,-1045000,600421
2010/12/10,0,505000,-427000,78000
2010/12/13,0,788000,-333000,455000
2010/12/14,0,118000,-1179770,-1061770
2010/12/15,0,1051000,-2304000,-1253000
2010/12/16,0,2300000,-2877000,-577000
2010/12/17,0,1360000,-2632000,-1272000
2010/12/20,0,1503000,-870000,633000
2010/12/21,0,299000,-1888000,-1589000
2010/12/22,0,604000,-316000,288000
2010/12/23,0,543000,-911000,-368000
2010/12/24,0,407000,-759000,-352000
2010/12/27,0,1886000,-952000,934000
2010/12/28,0,969000,-1728000,-759000
2010/12/29,0,2602000,-1805726,796274
2010/12/30,0,963000,-796000,167000
2010/12/31,0,648000,-1249000,-601000
2011/01/03,0,4426000,-1036000,3390000
2011/01/04,0,853000,-846000,7000
2011/01/05,0,1944000,-4026000,-2082000
2011/01/06,0,1325000,-895000,430000
2011/01/07,0,449000,-1238000,-789000
2011/01/10,0,456000,-531000,-75000
2011/01/11,0,724000,-284000,440000
2011/01/12,0,2795000,-791000,2004000
2011/01/13,0,1310000,-2768000,-1458000
2011/01/14,0,126000,-657000,-531000
2011/01/17,0,1105000,-503564,601436
2011/01/18,0,1280000,-1268000,12000
2011/01/19,0,2298000,-1113000,1185000
2011/01/20,0,524000,-285000,239000
2011/01/21,0,375000,-1544000,-1169000
2011/01/24,0,143000,-926000,-783000
2011/01/25,0,695000,-1059000,-364000
2011/01/26,0,2261000,-496000,1765000
2011/01/27,0,514000,-869000,-355000
2011/01/28,0,2819000,-711000,2108000
2011/01/31,0,0,0,0
2011/02/01,0,0,0,0
2011/02/02,0,0,0,0
2011/02/03,0,0,0,0
2011/02/04,0,0,0,0
2011/02/07,0,0,0,0
2011/02/08,0,1202000,-1158000,44000
2011/02/09,0,2003000,-1386000,617000
2011/02/10,0,758000,-4526000,-3768000
2011/02/11,0,2704000,-4672000,-1968000
2011/02/14,0,1028000,-3840000,-2812000
2011/02/15,0,958000,-2147000,-1189000
2011/02/16,0,915000,-1665000,-750000
2011/02/17,0,382000,-1247000,-865000
2011/02/18,0,2075000,-369000,1706000
2011/02/21,0,364000,-686000,-322000
2011/02/22,0,877000,-1753000,-876000
2011/02/23,0,1230000,-1935000,-705000
2011/02/24,0,1057000,-327000,730000
2011/02/25,0,2839000,-287000,2552000
2011/02/28,0,0,0,0
2011/03/01,0,863000,-547000,316000
2011/03/02,0,1138000,-364000,774000
2011/03/03,0,2632000,-115000,2517000
2011/03/04,0,545000,-472000,73000
2011/03/07,0,736000,-233942,502058
2011/03/08,0,771000,-142000,629000
2011/03/09,0,1471000,-695000,776000
2011/03/10,0,609546,-752000,-142454
2011/03/11,0,474000,-1055000,-581000
2011/03/14,0,989000,-2090000,-1101000
2011/03/15,0,2448000,-3024000,-576000
2011/03/16,0,1042000,-120000,922000
2011/03/17,0,1040000,-313000,727000
2011/03/18,0,1706000,-410000,1296000
2011/03/21,0,155000,-439000,-284000
2011/03/22,0,658000,-1269000,-611000
2011/03/23,0,335000,-702000,-367000
2011/03/24,0,135000,-107000,28000
2011/03/25,0,298000,-296000,2000
2011/03/28,0,458000,-321000,137000
2011/03/29,0,271000,-189000,82000
2011/03/30,0,180000,-343000,-163000
2011/03/31,0,236000,-322000,-86000
2011/04/01,0,611000,-243000,368000
2011/04/04,0,0,0,0
2011/04/05,0,0,0,0
2011/04/06,0,1289000,-497000,792000
2011/04/07,0,846000,-460000,386000
2011/04/08,0,756000,-744000,12000
2011/04/11,0,134000,-379000,-245000
2011/04/12,0,1061000,-734000,327000
2011/04/13,0,313000,-401000,-88000
2011/04/14,0,370000,-68000,302000
2011/04/15,0,585000,-746000,-161000
2011/04/18,0,56000,-1415396,-1359396
2011/04/19,0,465000,-722000,-257000
2011/04/20,0,275000,-102000,173000
2011/04/21,0,1443000,-235000,1208000
2011/04/22,0,684000,-279554,404446
2011/04/25,0,554000,-1409000,-855000
2011/04/26,0,1219000,-1059790,159210
2011/04/27,0,965000,-358000,607000
2011/04/28,0,1792000,-703000,1089000
2011/04/29,0,162000,-1615000,-1453000
2011/05/02,0,0,0,0
2011/05/03,0,587000,-148827,438173
2011/05/04,0,477000,-144000,333000
2011/05/05,0,1059000,-328000,731000
2011/05/06,0,860000,-255000,605000
2011/05/09,0,873000,-129000,744000
2011/05/10,0,664000,-276000,388000
2011/05/11,0,317000,-1164086,-847086
2011/05/12,0,497000,-489000,8000
2011/05/13,0,1377000,-538000,839000
2011/05/16,0,333000,-440000,-107000
2011/05/17,0,319000,-313000,6000
2011/05/18,0,811000,-91000,720000
2011/05/19,0,1066000,-649272,416728
2011/05/20,0,427000,-851000,-424000
2011/05/23,0,1650000,-608000,1042000
2011/05/24,0,1416000,-1071000,345000
2011/05/25,0,158000,-433000,-275000
2011/05/26,0,380000,-191000,189000
2011/05/27,0,369000,-616000,-247000
2011/05/30,0,593000,-234000,359000
2011/05/31,0,1080000,-420000,660000
2011/06/01,0,822000,-330000,492000
2011/06/02,0,385000,-317000,68000
2011/06/03,0,482000,-385000,97000
2011/06/06,0,0,0,0
2011/06/07,0,262000,-271000,-9000
2011/06/08,0,245000,-3628000,-3383000
2011/06/09,0,1281000,-321000,960000
2011/06/10,0,534000,-1600000,-1066000
2011/06/13,0,556000,-1163000,-607000
2011/06/14,0,421000,-475000,-54000
2011/06/15,0,499000,-445000,54000
2011/06/16,0,507000,-171000,336000
2011/06/17,0,425000,-10000,415000
2011/06/20,0,589000,-203000,386000
2011/06/21,0,798000,-110000,688000
2011/06/22,0,388000,-116000,272000
2011/06/23,0,730000,-298000,432000
2011/06/24,0,285000,-666000,-381000
2011/06/27,0,529000,-307000,222000
2011/06/28,0,312000,-93000,219000
2011/06/29,0,1539000,-435000,1104000
2011/06/30,0,771000,-214000,557000
2011/07/01,0,692000,-392000,300000
2011/07/04,0,22000,-638000,-616000
2011/07/05,0,168000,-262000,-94000
2011/07/06,0,160000,-83000,77000
2011/07/07,0,472000,-1083000,-611000
2011/07/08,0,291000,-151000,140000
2011/07/11,0,361000,-415000,-54000
2011/07/12,0,614000,-270000,344000
2011/07/13,0,1149000,-53000,1096000
2011/07/14,0,1031000,-130000,901000
2011/07/15,0,994000,-30000,964000
2011/07/18,0,590000,-144175,445825
2011/07/19,0,25000,-420000,-395000
2011/07/20,0,856000,-340000,516000
2011/07/21,0,53000,-50000,3000
2011/07/22,0,198000,-55000,143000
2011/07/25,0,56000,-488000,-432000
2011/07/26,0,248000,-367000,-119000
2011/07/27,0,125000,-246000,-121000
2011/07/28,0,97000,-162000,-65000
2011/07/29,0,142000,-135000,7000
2011/08/01,0,1225000,-66000,1159000
2011/08/02,0,200000,-361000,-161000
2011/08/03,0,1440000,-606000,834000
2011/08/04,0,3189000,-400000,2789000
2011/08/05,0,3722000,-2424000,1298000
2011/08/08,0,2841000,-3212000,-371000
2011/08/09,0,2954000,-559000,2395000
2011/08/10,0,148000,-265000,-117000
2011/08/11,0,528000,-256000,272000
2011/08/12,0,19000,-972000,-953000
2011/08/15,0,259000,-112000,147000
2011/08/16,0,290000,-398898,-108898
2011/08/17,0,183142,-322000,-138858
2011/08/18,0,524536,-105000,419536
2011/08/19,0,735000,-232000,503000
2011/08/22,0,1157000,-81624,1075376
2011/08/23,0,943000,-227000,716000
2011/08/24,0,263000,-181000,82000
2011/08/25,0,435000,-110000,325000
2011/08/26,0,665000,-30000,635000
2011/08/29,0,383000,-10000,373000
2011/08/30,0,45000,-802000,-757000
2011/08/31,0,84000,-204000,-120000
2011/09/01,0,256000,-1104000,-848000
2011/09/02,0,76000,-319000,-243000
2011/09/05,0,52000,-703000,-651000
2011/09/06,0,487000,-206000,281000
2011/09/07,0,1423000,-7000,1416000
2011/09/08,0,153000,-662000,-509000
2011/09/09,0,320000,-274000,46000
2011/09/12,0,0,0,0
2011/09/13,0,182000,-332000,-150000
2011/09/14,0,1305000,-247000,1058000
2011/09/15,0,920000,-11000,909000
2011/09/16,0,733000,-37000,696000
2011/09/19,0,118000,-184000,-66000
2011/09/20,0,468000,-505177,-37177
2011/09/21,0,448000,-91946,356054
2011/09/22,0,302000,-629600,-327600
2011/09/23,0,1513000,-289000,1224000
2011/09/26,0,1785000,-216000,1569000
2011/09/27,0,381216,-9000,372216
2011/09/28,0,238000,-584000,-346000
2011/09/29,0,162000,-493000,-331000
2011/09/30,0,101000,-143638,-42638
2011/10/03,0,191000,-371631,-180631
2011/10/04,0,1056000,-133000,923000
2011/10/05,0,414000,-69000,345000
2011/10/06,0,986000,-46316,939684
2011/10/07,0,156000,-37000,119000
2011/10/10,0,0,0,0
2011/10/11,0,416000,-504000,-88000
2011/10/12,0,275000,-126333,148667
2011/10/13,0,173000,-105000,68000
2011/10/14,0,0,-370000,-370000
2011/10/17,0,32000,-38000,-6000
2011/10/18,0,99000,-343257,-244257
2011/10/19,0,238000,-78000,160000
2011/10/20,0,109000,-167000,-58000
2011/10/21,0,722000,-22000,700000
2011/10/24,0,839375,-79000,760375
2011/10/25,0,70000,-23000,47000
2011/10/26,0,881000,-97000,784000
2011/10/27,0,441000,-45000,396000
2011/10/28,0,359000,-229000,130000
2011/10/31,0,28000,-97854,-69854
2011/11/01,0,237000,-81000,156000
2011/11/02,0,1072000,-107000,965000
2011/11/03,0,309000,-216000,93000
2011/11/04,0,470000,-33000,437000
2011/11/07,0,32000,-16000,16000
2011/11/08,0,332000,-56000,276000
2011/11/09,0,35000,-237000,-202000
2011/11/10,0,559000,-969000,-410000
2011/11/11,0,128000,-184000,-56000
2011/11/14,0,156000,-18000,138000
2011/11/15,0,20000,-28000,-8000
2011/11/16,0,5000,-666000,-661000
2011/11/17,0,285000,-8000,277000
2011/11/18,0,850000,-73000,777000
2011/11/21,0,1121000,-80000,1041000
2011/11/22,0,1063000,-125000,938000
2011/11/23,0,680000,-177000,503000
2011/11/24,0,755000,-109000,646000
2011/11/25,0,320000,-334000,-14000
2011/11/28,0,276000,-93000,183000
2011/11/29,0,397000,-91000,306000
2011/11/30,0,118000,-630000,-512000
2011/12/01,0,699000,-36000,663000
2011/12/02,0,360000,-51000,309000
2011/12/05,0,507000,-116000,391000
2011/12/06,0,5000,-510000,-505000
2011/12/07,0,115000,-20000,95000
2011/12/08,0,58000,-341000,-283000
2011/12/09,0,65000,-365000,-300000
2011/12/12,0,92000,-16000,76000
2011/12/13,0,49000,-121000,-72000
2011/12/14,0,65000,0,65000
2011/12/15,0,121000,-548000,-427000
2011/12/16,0,371000,-121000,250000
2011/12/19,0,444000,-212198,231802
2011/12/20,0,558000,-48235,509765
2011/12/21,0,0,-27000,-27000
2011/12/22,0,1185000,-660452,524548
2011/12/23,0,913000,-156000,757000
2011/12/26,0,223000,-263341,-40341
2011/12/27,0,616000,-89000,527000
2011/12/28,0,428000,-101000,327000
2011/12/29,0,397000,-152624,244376
2011/12/30,0,425000,-174000,251000
2012/01/02,0,402000,-673000,-271000
2012/01/03,0,474000,-134000,340000
2012/01/04,0,245000,-154000,91000
2012/01/05,0,374000,-58000,316000
2012/01/06,0,70000,-206395,-136395
2012/01/09,0,112000,-290714,-178714
2012/01/10,0,224000,-62000,162000
2012/01/11,0,75000,-181000,-106000
2012/01/12,0,217000,-112000,105000
2012/01/13,0,422000,-111000,311000
2012/01/16,0,189000,-1029000,-840000
2012/01/17,0,404000,-375000,29000
2012/01/18,0,157000,-401000,-244000
2012/01/19,0,0,0,0
2012/01/20,0,0,0,0
2012/01/23,0,0,0,0
2012/01/24,0,0,0,0
2012/01/25,0,0,0,0
2012/01/26,0,0,0,0
2012/01/27,0,0,0,0
2012/01/30,0,365000,-149000,216000
2012/01/31,0,1223000,-557000,666000
2012/02/01,0,525000,-699000,-174000
2012/02/02,0,781000,-786000,-5000
2012/02/03,0,1108000,-1035000,73000
2012/02/06,0,3198000,-1427000,1771000
2012/02/07,0,1572000,-845000,727000
2012/02/08,0,1578978,-725000,853978
2012/02/09,0,1453000,-1099000,354000
2012/02/10,0,1256000,-1852000,-596000
2012/02/13,0,2056000,-982000,1074000
2012/02/14,0,574000,-4640000,-4066000
2012/02/15,0,837000,-760000,77000
2012/02/16,0,578000,-1526000,-948000
2012/02/17,0,834000,-1035000,-201000
2012/02/20,0,1773000,-1115000,658000
2012/02/21,0,33000,-1079000,-1046000
2012/02/22,0,983000,-1028000,-45000
2012/02/23,0,212000,-1970000,-1758000
2012/02/24,0,159000,-1107000,-948000
2012/02/27,0,0,0,0
2012/02/28,0,0,0,0
2012/02/29,0,896058,-72000,824058
2012/03/01,0,928000,-55000,873000
2012/03/02,0,750000,-460000,290000
2012/03/05,0,228000,-1514000,-1286000
2012/03/06,0,625000,-409000,216000
2012/03/07,0,329000,-746000,-417000
2012/03/08,0,1098000,-1378000,-280000
2012/03/09,0,828000,-1500000,-672000
2012/03/12,0,139000,-857991,-718991
2012/03/13,0,1748000,-1242000,506000
2012/03/14,0,671000,-1105000,-434000
2012/03/15,0,576000,-957000,-381000
2012/03/16,0,258000,-1095000,-837000
2012/03/19,0,422000,-1419000,-997000
2012/03/20,0,185000,-750000,-565000
2012/03/21,0,546000,-485000,61000
2012/03/22,0,1837000,-152000,1685000
2012/03/23,0,182000,-1342000,-1160000
2012/03/26,0,594000,-1357000,-763000
2012/03/27,0,755000,-422000,333000
2012/03/28,0,557000,-426000,131000
2012/03/29,0,505000,-955749,-450749
2012/03/30,0,384000,-65000,319000
2012/04/02,0,72000,-347000,-275000
2012/04/03,0,206000,-659000,-453000
2012/04/04,0,0,0,0
2012/04/05,0,1195000,-344000,851000
2012/04/06,0,155000,-231000,-76000
2012/04/09,0,642000,-322000,320000
2012/04/10,0,242000,-605000,-363000
2012/04/11,0,359000,-40000,319000
2012/04/12,0,552000,-334000,218000
2012/04/13,0,286000,-443000,-157000
2012/04/16,0,166000,-405000,-239000
2012/04/17,0,323000,-248000,75000
2012/04/18,0,337000,-131000,206000
2012/04/19,0,555000,-162000,393000
2012/04/20,0,176000,-233000,-57000
2012/04/23,0,544000,-126000,418000
2012/04/24,0,627000,-194000,433000
2012/04/25,0,690000,-297000,393000
2012/04/26,0,303000,-769000,-466000
2012/04/27,0,132000,-727301,-595301
2012/04/30,0,388000,-1012000,-624000
2012/05/01,0,0,0,0
2012/05/02,0,432000,-484000,-52000
2012/05/03,0,205000,-127000,78000
2012/05/04,0,1101000,-322000,779000
2012/05/07,0,105000,-977000,-872000
2012/05/08,0,5000,-91775,-86775
2012/05/09,0,340000,-59000,281000
2012/05/10,0,561000,-131000,430000
2012/05/11,0,614000,-307000,307000
2012/05/14,0,473000,-52000,421000
2012/05/15,0,1026000,-725000,301000
2012/05/16,0,930000,-393000,537000
2012/05/17,0,179000,-276000,-97000
2012/05/18,0,742000,-66000,676000
2012/05/21,0,563000,-243000,320000
2012/05/22,0,21000,-93000,-72000
2012/05/23,0,475000,-84000,391000
2012/05/24,0,928000,-121000,807000
2012/05/25,0,189000,-72000,117000
2012/05/28,0,281000,-1640000,-1359000
2012/05/29,0,362000,-580000,-218000
2012/05/30,0,662000,-748000,-86000
2012/05/31,0,1012000,-778000,234000
2012/06/01,0,1103000,-2258000,-1155000
2012/06/04,0,1174000,-492000,682000
2012/06/05,0,1053000,-169000,884000
2012/06/06,0,1658000,-530000,1128000
2012/06/07,0,542000,-817000,-275000
2012/06/08,0,475000,-378000,97000
2012/06/11,0,533000,-224000,309000
2012/06/12,0,226000,-493000,-267000
2012/06/13,0,430000,-324000,106000
2012/06/14,0,630000,-340000,290000
2012/06/15,0,932000,-289000,643000
2012/06/18,0,589000,-599000,-10000
2012/06/19,0,651000,-651000,0
2012/06/20,0,332000,-315000,17000
2012/06/21,0,544000,-670000,-126000
2012/06/22,0,1304000,-360000,944000
2012/06/25,0,452000,-484000,-32000
2012/06/26,0,335000,-226000,109000
2012/06/27,0,773000,-1160788,-387788
2012/06/28,0,707000,-399000,308000
2012/06/29,0,1661000,-143000,1518000
2012/07/02,0,2324000,-1692000,632000
2012/07/03,0,825000,-839000,-14000
2012/07/04,0,1322000,-1556000,-234000
2012/07/05,0,150000,-1377000,-1227000
2012/07/06,0,501000,-707000,-206000
2012/07/09,0,2823000,-98000,2725000
2012/07/10,0,942000,-2495000,-1553000
2012/07/11,0,1700000,-847000,853000
2012/07/12,0,965000,-1292000,-327000
2012/07/13,0,1202252,-1174665,27587
2012/07/16,0,509000,-958682,-449682
2012/07/17,0,535000,-258000,277000
2012/07/18,0,469000,-877000,-408000
2012/07/19,0,1799000,-606000,1193000
2012/07/20,0,346000,-712000,-366000
2012/07/23,0,618000,-915000,-297000
2012/07/24,0,1595000,-137000,1458000
2012/07/25,0,1102000,-712000,390000
2012/07/26,0,3716000,-895000,2821000
2012/07/27,0,796000,-1967000,-1171000
2012/07/30,0,4458000,-3013000,1445000
2012/07/31,0,2446000,-3689000,-1243000
2012/08/01,0,2503000,-1386000,1117000
2012/08/02,0,0,0,0
2012/08/03,0,2701000,-1369000,1332000
2012/08/06,0,3494969,-2508000,986969
2012/08/07,0,1062000,-2744000,-1682000
2012/08/08,0,1053000,-3739000,-2686000
2012/08/09,0,975000,-3100000,-2125000
2012/08/10,0,1783000,-1260000,523000
2012/08/13,0,1049000,-547000,502000
2012/08/14,0,1391000,-2017000,-626000
2012/08/15,0,2534000,-806000,1728000
2012/08/16,0,2046000,-2068000,-22000
2012/08/17,0,630000,-483000,147000
2012/08/20,0,350000,-1079000,-729000
2012/08/21,0,821000,-627000,194000
2012/08/22,0,417000,-366000,51000
2012/08/23,0,1082000,-376000,706000
2012/08/24,0,661000,-388000,273000
2012/08/27,0,268000,-1057000,-789000
2012/08/28,0,1150000,-836000,314000
2012/08/29,0,505000,-543000,-38000
2012/08/30,0,719000,-1531000,-812000
2012/08/31,0,522000,-503000,19000
2012/09/03,0,487000,-386000,101000
2012/09/04,0,818000,-988000,-170000
2012/09/05,0,1889000,-789000,1100000
2012/09/06,0,661000,-2711000,-2050000
2012/09/07,0,260000,-723000,-463000
2012/09/10,0,442000,-1668000,-1226000
2012/09/11,0,280000,-1012000,-732000
2012/09/12,0,845000,-226000,619000
2012/09/13,0,153000,-468000,-315000
2012/09/14,0,2699000,-622528,2076472
2012/09/17,0,1707000,-1555200,151800
2012/09/18,0,651000,-552627,98373
2012/09/19,0,531000,-182919,348081
2012/09/20,0,570000,-824000,-254000
2012/09/21,0,565000,-381000,184000
2012/09/24,0,205000,-2619000,-2414000
2012/09/25,0,17000,-645000,-628000
2012/09/26,0,535000,-646000,-111000
2012/09/27,0,576000,-198000,378000
2012/09/28,0,347000,-98000,249000
2012/10/01,0,205000,-510000,-305000
2012/10/02,0,155000,-27000,128000
2012/10/03,0,846000,-677000,169000
2012/10/04,0,1037000,-584000,453000
2012/10/05,0,1411000,-572000,839000
2012/10/08,0,271000,-1139199,-868199
2012/10/09,0,211000,-800000,-589000
2012/10/10,0,0,0,0
2012/10/11,0,757000,-1583000,-826000
2012/10/12,0,315000,-910000,-595000
2012/10/15,0,652000,-698404,-46404
2012/10/16,0,193000,-465000,-272000
2012/10/17,0,275000,-527000,-252000
2012/10/18,0,318000,-80000,238000
2012/10/19,0,316000,-384000,-68000
2012/10/22,0,262000,-846000,-584000
2012/10/23,0,94000,-560000,-466000
2012/10/24,0,2491000,-700000,1791000
2012/10/25,0,338000,-910446,-572446
2012/10/26,0,849000,-1858000,-1009000
2012/10/29,0,1032000,-450000,582000
2012/10/30,0,1698000,-628000,1070000
2012/10/31,0,209000,-943000,-734000
2012/11/01,0,281000,-643154,-362154
2012/11/02,0,342000,-579000,-237000
2012/11/05,0,197000,-104000,93000
2012/11/06,0,207000,-103500,103500
2012/11/07,0,1466000,-869000,597000
2012/11/08,0,347000,-1662000,-1315000
2012/11/09,0,518000,-301000,217000
2012/11/12,0,664000,-113000,551000
2012/11/13,0,90000,-602000,-512000
2012/11/14,0,361000,-247000,114000
2012/11/15,0,301000,-199000,102000
2012/11/16,0,327000,-232000,95000
2012/11/19,0,528000,-232000,296000
2012/11/20,0,492000,-110000,382000
2012/11/21,0,518000,-164000,354000
2012/11/22,0,722000,-277000,445000
2012/11/23,0,1747000,-301000,1446000
2012/11/26,0,805000,-75000,730000
2012/11/27,0,295000,-255000,40000
2012/11/28,0,183000,-286000,-103000
2012/11/29,0,545000,-125000,420000
2012/11/30,0,400000,-2382000,-1982000
2012/12/03,0,1202000,-75000,1127000
2012/12/04,0,467000,-456474,10526
2012/12/05,0,1624000,-121869,1502131
2012/12/06,0,763000,-708000,55000
2012/12/07,0,430000,-662000,-232000
2012/12/10,0,407000,-518000,-111000
2012/12/11,0,983000,-406139,576861
2012/12/12,0,2930000,-124000,2806000
2012/12/13,0,1209000,-1270000,-61000
2012/12/14,0,1093000,-724000,369000
2012/12/17,0,493000,-2456000,-1963000
2012/12/18,0,362000,-244000,118000
2012/12/19,0,1835000,-360000,1475000
2012/12/20,0,648000,-1651000,-1003000
2012/12/21,0,371000,-1473000,-1102000
2012/12/24,0,712000,-228000,484000
2012/12/25,0,920000,-701000,219000
2012/12/26,0,661000,-507000,154000
2012/12/27,0,673004,-874000,-200996
2012/12/28,0,537000,-368000,169000
2012/12/31,0,0,0,0
2013/01/01,0,0,0,0
2013/01/02,0,347000,-361000,-14000
2013/01/03,0,1890000,-753000,1137000
2013/01/04,0,861000,-438000,423000
2013/01/07,0,1258000,-76000,1182000
2013/01/08,0,62000,-1959000,-1897000
2013/01/09,0,325000,-1597000,-1272000
2013/01/10,0,1900000,-506000,1394000
2013/01/11,0,989000,-1017000,-28000
2013/01/14,0,820000,-778000,42000
2013/01/15,0,1004000,-2596000,-1592000
2013/01/16,0,450000,-839000,-389000
2013/01/17,0,659000,-2270000,-1611000
2013/01/18,0,957000,-748000,209000
2013/01/21,0,369000,-575000,-206000
2013/01/22,0,1748000,-1005000,743000
2013/01/23,0,406000,-435000,-29000
2013/01/24,0,422000,-1890000,-1468000
2013/01/25,0,314000,-259000,55000
2013/01/28,0,1576000,-609000,967000
2013/01/29,0,647000,-756000,-109000
2013/01/30,0,1886000,-574000,1312000
2013/01/31,0,228000,-1621000,-1393000
2013/02/01,0,841000,-327000,514000
2013/02/04,0,5869000,-1222000,4647000
2013/02/05,0,4136000,-3427000,709000
2013/02/06,0,1933000,-5102000,-3169000
2013/02/07,0,0,0,0
2013/02/08,0,0,0,0
2013/02/11,0,0,0,0
2013/02/12,0,0,0,0
2013/02/13,0,0,0,0
2013/02/14,0,0,0,0
2013/02/15,0,0,0,0
2013/02/18,0,4255000,-3073000,1182000
2013/02/19,0,1882000,-1516000,366000
2013/02/20,0,1983000,-3195000,-1212000
2013/02/21,0,486000,-1675000,-1189000
2013/02/22,0,1504000,-2035000,-531000
2013/02/25,0,609000,-991000,-382000
2013/02/26,0,688000,-1342000,-654000
2013/02/27,0,497000,-2639000,-2142000
2013/02/28,0,0,0,0
2013/03/01,0,1150000,-2024000,-874000
2013/03/04,0,895000,-1104000,-209000
2013/03/05,0,6377000,-2315000,4062000
2013/03/06,0,1538000,-5072000,-3534000
2013/03/07,0,2652000,-1634000,1018000
2013/03/08,0,2473000,-2416000,57000
2013/03/11,0,1713000,-1842000,-129000
2013/03/12,0,2032000,-1883000,149000
2013/03/13,0,1764000,-1609000,155000
2013/03/14,0,1160000,-1607000,-447000
2013/03/15,0,1139000,-819457,319543
2013/03/18,0,760000,-4166000,-3406000
2013/03/19,0,1545000,-753000,792000
2013/03/20,0,1916000,-773000,1143000
2013/03/21,0,1360000,-1118000,242000
2013/03/22,0,855000,-646000,209000
2013/03/25,0,912000,-2621673,-1709673
2013/03/26,0,547000,-1161000,-614000
2013/03/27,0,295000,-2778000,-2483000
2013/03/28,0,308000,-535000,-227000
2013/03/29,0,1038000,-750000,288000
2013/04/01,0,594000,-1119000,-525000
2013/04/02,0,1572000,-4251000,-2679000
2013/04/03,0,3697000,-4174000,-477000
2013/04/04,0,0,0,0
2013/04/05,0,0,0,0
2013/04/08,0,1243000,-2273000,-1030000
2013/04/09,0,337000,-595000,-258000
2013/04/10,0,389000,-216000,173000
2013/04/11,0,374000,-382000,-8000
2013/04/12,0,600000,-239000,361000
2013/04/15,0,244000,-305000,-61000
2013/04/16,0,506000,-598000,-92000
2013/04/17,0,253000,-546000,-293000
2013/04/18,0,111000,-531000,-420000
2013/04/19,0,565000,-335000,230000
2013/04/22,0,279000,-460000,-181000
2013/04/23,0,397000,-549000,-152000
2013/04/24,0,1607000,-506000,1101000
2013/04/25,0,901000,-435000,466000
2013/04/26,0,729000,-607000,122000
2013/04/29,0,826000,-1496000,-670000
2013/04/30,0,569000,-409000,160000
2013/05/01,0,0,0,0
2013/05/02,0,2712000,-385000,2327000
2013/05/03,0,220000,-1739000,-1519000
2013/05/06,0,114000,-650000,-536000
2013/05/07,0,3000,-70000,-67000
2013/05/08,0,1196000,-95000,1101000
2013/05/09,0,482000,-425000,57000
2013/05/10,0,298000,-746000,-448000
2013/05/13,0,279000,-266000,13000
2013/05/14,0,390000,-619000,-229000
2013/05/15,0,796000,-739000,57000
2013/05/16,0,2251000,-478000,1773000
2013/05/17,0,853000,-1384000,-531000
2013/05/20,0,319000,-1033000,-714000
2013/05/21,0,131000,-782000,-651000
2013/05/22,0,536000,-892000,-356000
2013/05/23,0,358000,-1780000,-1422000
2013/05/24,0,295000,-773000,-478000
2013/05/27,0,381000,-41000,340000
2013/05/28,0,51000,-376000,-325000
2013/05/29,0,986000,-536000,450000
2013/05/30,0,193000,-1048182,-855182
2013/05/31,0,365000,-749000,-384000
2013/06/03,0,379000,-502000,-123000
2013/06/04,0,247000,-302000,-55000
2013/06/05,0,522000,-858000,-336000
2013/06/06,0,698000,-669000,29000
2013/06/07,0,379000,-474000,-95000
2013/06/10,0,601000,-556000,45000
2013/06/11,0,507000,-508000,-1000
2013/06/12,0,0,0,0
2013/06/13,0,448000,-456000,-8000
2013/06/14,0,644000,-1758000,-1114000
2013/06/17,0,514000,-284000,230000
2013/06/18,0,324000,-95000,229000
2013/06/19,0,375000,-186000,189000
2013/06/20,0,549000,-535000,14000
2013/06/21,0,1867000,-625000,1242000
2013/06/24,0,292000,-561000,-269000
2013/06/25,0,1301000,-1921000,-620000
2013/06/26,0,270000,-3549000,-3279000
2013/06/27,0,662000,-320451,341549
2013/06/28,0,580000,-796000,-216000
2013/07/01,0,242000,-879000,-637000
2013/07/02,0,270000,-374000,-104000
2013/07/03,0,322000,-1062000,-740000
2013/07/04,0,184000,-397000,-213000
2013/07/05,0,1456000,-190000,1266000
2013/07/08,0,104000,-566000,-462000
2013/07/09,0,442000,-253000,189000
2013/07/10,0,1288000,-1685000,-397000
2013/07/11,0,571000,-930000,-359000
2013/07/12,0,974000,-330000,644000
2013/07/15,0,587000,-401000,186000
2013/07/16,0,242000,-289000,-47000
2013/07/17,0,834000,-492000,342000
2013/07/18,0,599000,-524000,75000
2013/07/19,0,464000,-732000,-268000
2013/07/22,0,564000,-1519000,-955000
2013/07/23,0,1242000,-123000,1119000
2013/07/24,0,251000,-512000,-261000
2013/07/25,0,845000,-419000,426000
2013/07/26,0,1244000,-414000,830000
2013/07/29,0,210000,-323000,-113000
2013/07/30,0,460000,-163000,297000
2013/07/31,0,235000,-795000,-560000
2013/08/01,0,265000,-71000,194000
2013/08/02,0,695000,-421000,274000
2013/08/05,0,922000,-380000,542000
2013/08/06,0,150000,-821000,-671000
2013/08/07,0,261000,-524000,-263000
2013/08/08,0,413000,-321000,92000
2013/08/09,0,1252000,-1175000,77000
2013/08/12,0,2879000,-378000,2501000
2013/08/13,0,9387000,-486361,8900639
2013/08/14,0,149000,-7503000,-7354000
2013/08/15,0,625000,-5869000,-5244000
2013/08/16,0,823000,-1086000,-263000
2013/08/19,0,93000,-409000,-316000
2013/08/20,0,515000,-482000,33000
2013/08/21,0,0,0,0
2013/08/22,0,243000,-176000,67000
2013/08/23,0,493000,-244370,248630
2013/08/26,0,160000,-264000,-104000
2013/08/27,0,50000,-537000,-487000
2013/08/28,0,85000,-246000,-161000
2013/08/29,0,301000,-203000,98000
2013/08/30,0,2158000,-234000,1924000
2013/09/02,0,188000,-455000,-267000
2013/09/03,0,390000,-798971,-408971
2013/09/04,0,200000,-1112000,-912000
2013/09/05,0,196000,-198000,-2000
2013/09/06,0,300000,-255000,45000
2013/09/09,0,170000,-1834000,-1664000
2013/09/10,0,150000,-58000,92000
2013/09/11,0,350000,-140000,210000
2013/09/12,0,399000,-335000,64000
2013/09/13,0,136000,-304000,-168000
2013/09/16,0,43000,-696000,-653000
2013/09/17,0,228000,-149000,79000
2013/09/18,0,671000,-424000,247000
2013/09/19,0,0,0,0
2013/09/20,0,0,0,0
2013/09/23,0,765000,-155000,610000
2013/09/24,0,91000,-382000,-291000
2013/09/25,0,70000,-214038,-144038
2013/09/26,0,54036,-441253,-387217
2013/09/27,0,150000,-976428,-826428
2013/09/30,0,118000,-595000,-477000
2013/10/01,0,124000,-195000,-71000
2013/10/02,0,65000,-409000,-344000
2013/10/03,0,5426000,-273000,5153000
2013/10/04,0,2868000,-1640953,1227047
2013/10/07,0,386000,-1132000,-746000
2013/10/08,0,1506000,-3442000,-1936000
2013/10/09,0,440066,-1321000,-880934
2013/10/10,0,0,0,0
2013/10/11,0,314000,-2230000,-1916000
2013/10/14,0,115000,-831000,-716000
2013/10/15,0,266000,-598767,-332767
2013/10/16,0,371000,-612448,-241448
2013/10/17,0,100000,-685000,-585000
2013/10/18,0,198000,-565000,-367000
2013/10/21,0,20000,-111000,-91000
2013/10/22,0,548000,-413000,135000
2013/10/23,0,1005000,-805000,200000
2013/10/24,0,162000,-700072,-538072
2013/10/25,0,230000,-872000,-642000
2013/10/28,0,125000,-133000,-8000
2013/10/29,0,264000,-345000,-81000
2013/10/30,0,40000,-93000,-53000
2013/10/31,0,158000,-234000,-76000
2013/11/01,0,216000,-280000,-64000
2013/11/04,0,30000,-236138,-206138
2013/11/05,0,80000,-378238,-298238
2013/11/06,0,90000,-70000,20000
2013/11/07,0,131000,-94000,37000
2013/11/08,0,128000,-44000,84000
2013/11/11,0,205000,-177000,28000
2013/11/12,0,505000,-192000,313000
2013/11/13,0,205000,-249902,-44902
2013/11/14,0,146000,-225000,-79000
2013/11/15,0,243000,-149000,94000
2013/11/18,0,237000,-87000,150000
2013/11/19,0,470000,-482000,-12000
2013/11/20,0,711000,-480000,231000
2013/11/21,0,315000,-330000,-15000
2013/11/22,0,92000,-421000,-329000
2013/11/25,0,477000,-204000,273000
2013/11/26,0,192000,-185000,7000
2013/11/27,0,255000,-125000,130000
2013/11/28,0,688000,-55000,633000
2013/11/29,0,265000,0,265000
2013/12/02,0,10000,-573000,-563000
2013/12/03,0,30000,-193000,-163000
2013/12/04,0,21000,-10000,11000
2013/12/05,0,161000,-5000,156000
2013/12/06,0,100000,-20000,80000
2013/12/09,0,154000,-350000,-196000
2013/12/10,0,270000,-17068,252932
2013/12/11,0,187000,-30000,157000
2013/12/12,0,50000,-98000,-48000
2013/12/13,0,30000,-70000,-40000
2013/12/16,0,30000,-12000,18000
2013/12/17,0,60000,-2000,58000
2013/12/18,0,50000,-112000,-62000
2013/12/19,0,201000,-566000,-365000
2013/12/20,0,230000,-12000,218000
2013/12/23,0,402000,0,402000
2013/12/24,0,13000,-52000,-39000
2013/12/25,0,50000,-188000,-138000
2013/12/26,0,299000,-135000,164000
2013/12/27,0,627000,-162000,465000
2013/12/30,0,1086000,-352000,734000
2013/12/31,0,1199000,-422000,777000
2014/01/02,0,866000,-242000,624000
2014/01/03,0,482000,-460000,22000
2014/01/06,0,153000,-30000,123000
2014/01/07,0,143000,-10000,133000
2014/01/08,0,110000,-63000,47000
2014/01/09,0,5000,-52000,-47000
2014/01/10,0,90000,-149000,-59000
2014/01/13,0,51000,-549000,-498000
2014/01/14,0,0,-249000,-249000
2014/01/15,0,0,-568000,-568000
2014/01/16,0,82000,-132000,-50000
2014/01/17,0,189000,-127000,62000
2014/01/20,0,359000,0,359000
2014/01/21,0,60000,-4000,56000
2014/01/22,0,50000,-201000,-151000
2014/01/23,0,90000,-420000,-330000
2014/01/24,0,132000,-88000,44000
2014/01/27,0,76000,-369000,-293000
2014/02/05,0,67000,-363000,-296000
2014/02/06,0,110000,-202308,-92308
2014/02/07,0,38000,-529000,-491000
2014/02/10,0,20000,-109000,-89000
2014/02/11,0,330000,-39000,291000
2014/02/12,0,473000,-178000,295000
2014/02/13,0,242000,-517215,-275215
2014/02/14,0,171000,-418000,-247000
2014/02/17,0,357000,-50000,307000
2014/02/18,0,59000,-66000,-7000
2014/02/19,0,120000,-108000,12000
2014/02/20,0,118000,-594000,-476000
2014/02/21,0,59000,-29000,30000
2014/02/24,0,652000,-8000,644000
2014/02/25,0,39000,-237000,-198000
2014/02/26,0,72000,0,72000
2014/02/27,0,62000,-25000,37000
2014/03/03,0,0,-725000,-725000
2014/03/04,0,60000,-390000,-330000
2014/03/05,0,69000,-44000,25000
2014/03/06,0,404000,-19000,385000
2014/03/07,0,128000,-399000,-271000
2014/03/10,0,22000,-102000,-80000
2014/03/11,0,22000,-80000,-58000
2014/03/12,0,87000,-5000,82000
2014/03/13,0,294000,-280000,14000
2014/03/14,0,84000,-443000,-359000
2014/03/17,0,65000,-315000,-250000
2014/03/18,0,264000,-3000,261000
2014/03/19,0,10000,-267302,-257302
2014/03/20,0,20000,-144000,-124000
2014/03/21,0,44000,-71000,-27000
2014/03/24,0,88000,-4000,84000
2014/03/25,0,15000,-214000,-199000
2014/03/26,0,39000,-259000,-220000
2014/03/27,0,350000,-22000,328000
2014/03/28,0,85000,-320000,-235000
2014/03/31,0,3000,-166000,-163000
2014/04/01,0,137000,-60000,77000
2014/04/02,0,88000,0,88000
2014/04/03,0,428000,-32000,396000
2014/04/07,0,603000,-1109000,-506000
2014/04/08,0,1593000,-753000,840000
2014/04/09,0,29000,-32000,-3000
2014/04/10,0,692000,-125000,567000
2014/04/11,0,41000,-27000,14000
2014/04/14,0,7000,0,7000
2014/04/15,0,10000,-132000,-122000
2014/04/16,0,118000,-1389000,-1271000
2014/04/17,0,0,-383000,-383000
2014/04/18,0,200000,-393000,-193000
2014/04/21,0,192000,-17000,175000
2014/04/22,0,0,-526000,-526000
2014/04/23,0,35000,-301000,-266000
2014/04/24,0,66000,-1200000,-1134000
2014/04/25,0,126000,-821000,-695000
2014/04/28,0,498000,-1000,497000
2014/04/29,0,24000,-236000,-212000
2014/04/30,0,25000,-890000,-865000
2014/05/02,0,18000,-31000,-13000
2014/05/05,0,245000,-120000,125000
2014/05/06,0,480000,-402000,78000
2014/05/07,0,0,-485000,-485000
2014/05/08,0,30000,-123000,-93000
2014/05/09,0,105000,-221000,-116000
2014/05/12,0,102000,0,102000
2014/05/13,0,12000,0,12000
2014/05/14,0,79000,-7000,72000
2014/05/15,0,183000,-145000,38000
2014/05/16,0,75000,-42000,33000
2014/05/19,0,134000,-8000,126000
2014/05/20,0,20000,-104000,-84000
2014/05/21,0,6000,-121000,-115000
2014/05/22,0,310000,-61000,249000
2014/05/23,0,128000,-3000,125000
2014/05/26,0,294000,-74000,220000
2014/05/27,0,204000,0,204000
2014/05/28,0,616000,-40000,576000
2014/05/29,0,120000,-50559,69441
2014/05/30,0,62000,-224000,-162000
2014/06/03,0,32000,-151259,-119259
2014/06/04,0,0,-144000,-144000
2014/06/05,0,33000,-215000,-182000
2014/06/06,0,60000,-184000,-124000
2014/06/09,0,248000,-59000,189000
2014/06/10,0,213000,-94000,119000
2014/06/11,0,0,-287000,-287000
2014/06/12,0,210000,-109000,101000
2014/06/13,0,26000,-95000,-69000
2014/06/16,0,60000,-23000,37000
2014/06/17,0,192000,-617,191383
2014/06/18,0,289000,-279000,10000
2014/06/19,0,179000,-173000,6000
2014/06/20,0,151000,-96000,55000
2014/06/23,0,262000,-9000,253000
2014/06/24,0,2000,-137000,-135000
2014/06/25,0,0,0,0
2014/06/26,0,184000,0,184000
2014/06/27,0,0,0,0
2014/06/30,0,144000,-38000,106000
2014/07/01,0,273000,0,273000
2014/07/02,0,341000,-240000,101000
2014/07/03,0,123000,-125000,-2000
2014/07/04,0,235000,0,235000
2014/07/07,0,304000,-268000,36000
2014/07/08,0,1598000,-207000,1391000
2014/07/09,0,1338000,-225000,1113000
2014/07/10,0,1231000,-113000,1118000
2014/07/11,0,1140000,-161000,979000
2014/07/14,0,1519000,-518000,1001000
2014/07/15,0,1205000,-1140000,65000
2014/07/16,0,282994,-1706000,-1423006
2014/07/17,0,819000,-1036000,-217000
2014/07/18,0,558000,-49000,509000
2014/07/21,0,650000,-450000,200000
2014/07/22,0,193000,-100000,93000
2014/07/23,0,0,0,0
2014/07/24,0,641000,-100000,541000
2014/07/25,0,1094000,-1062000,32000
2014/07/28,0,6000,-1016000,-1010000
2014/07/29,0,392000,-1255000,-863000
2014/07/30,0,307000,-123000,184000
2014/07/31,0,641000,-403000,238000
2014/08/01,0,40000,-1867000,-1827000
2014/08/04,0,251000,-134000,117000
2014/08/05,0,398000,-2526000,-2128000
2014/08/06,0,258000,-208000,50000
2014/08/07,0,65000,-111000,-46000
2014/08/08,0,20000,-258000,-238000
2014/08/11,0,0,-409000,-409000
2014/08/12,0,0,-472000,-472000
2014/08/13,0,205000,-62000,143000
2014/08/14,0,0,-851000,-851000
2014/08/15,0,96000,-112000,-16000
2014/08/18,0,46000,-70000,-24000
2014/08/19,0,255000,-188000,67000
2014/08/20,0,460000,-980000,-520000
2014/08/21,0,1278000,-59000,1219000
2014/08/22,0,1512000,-159000,1353000
2014/08/25,0,3165000,0,3165000
2014/08/26,0,3545000,-180000,3365000
2014/08/27,0,9328000,-515000,8813000
2014/08/28,0,22503000,-291888,22211112
2014/08/29,0,204000,-24213000,-24009000
2014/09/01,0,0,-5378000,-5378000
2014/09/02,0,297000,-6348000,-6051000
2014/09/03,0,241000,-633000,-392000
2014/09/04,0,126000,-436000,-310000
2014/09/05,0,1365200,-3293000,-1927800
2014/09/09,0,218000,-2164000,-1946000
2014/09/10,0,630000,-812000,-182000
2014/09/11,0,96000,-335000,-239000
2014/09/12,0,0,-637000,-637000
2014/09/15,0,160000,-108000,52000
2014/09/16,0,46000,-50000,-4000
2014/09/17,0,1962000,-100000,1862000
2014/09/18,0,754000,-60000,694000
2014/09/19,0,847000,0,847000
2014/09/22,0,65000,-175000,-110000
2014/09/23,0,464000,-839000,-375000
2014/09/24,0,277000,-129000,148000
2014/09/25,0,20000,-95000,-75000
2014/09/26,0,296000,-698000,-402000
2014/09/29,0,200000,-160000,40000
2014/09/30,0,731000,-1266000,-535000
2014/10/01,0,329000,-512000,-183000
2014/10/02,0,58000,-44000,14000
2014/10/03,0,297000,-90000,207000
2014/10/06,0,109000,-793970,-684970
2014/10/07,0,29000,-278000,-249000
2014/10/08,0,40000,-321961,-281961
2014/10/09,0,96000,-239320,-143320
2014/10/13,0,63000,-614640,-551640
2014/10/14,0,0,-780000,-780000
2014/10/15,0,4000,-1095000,-1091000
2014/10/16,0,14000,-57686,-43686
2014/10/17,0,42000,-475000,-433000
2014/10/20,0,170000,0,170000
2014/10/21,0,45000,-322000,-277000
2014/10/22,0,178000,-5000,173000
2014/10/23,0,110000,-56831,53169
2014/10/24,0,78000,-151654,-73654
2014/10/27,0,67000,-141000,-74000
2014/10/28,0,227000,-4000,223000
2014/10/29,0,162000,-150000,12000
2014/10/30,0,45000,-191000,-146000
2014/10/31,0,204000,-71000,133000
2014/11/03,0,0,-66000,-66000
2014/11/04,0,0,-38000,-38000
2014/11/05,0,105000,-90000,15000
2014/11/06,0,560000,-226615,333385
2014/11/07,0,245000,-476000,-231000
2014/11/10,0,123622,-208000,-84378
2014/11/11,0,1301000,-2255000,-954000
2014/11/12,0,785000,-1104013,-319013
2014/11/13,0,579245,-1338436,-759191
2014/11/14,0,76000,-874000,-798000
2014/11/17,0,1650000,-368014,1281986
2014/11/18,0,1836000,-260000,1576000
2014/11/19,0,713000,-965358,-252358
2014/11/20,0,732000,-640843,91157
2014/11/21,0,127000,-531902,-404902
2014/11/24,0,2003000,-744000,1259000
2014/11/25,0,979000,-451000,528000
2014/11/26,0,1188000,-1300000,-112000
2014/11/27,0,85000,-210000,-125000
2014/11/28,0,50000,-11000,39000
2014/12/01,0,48000,-532000,-484000
2014/12/02,0,20000,-432000,-412000
2014/12/03,0,315000,-42705,272295
2014/12/04,0,0,-317224,-317224
2014/12/05,0,420000,-252980,167020
2014/12/08,0,0,-156000,-156000
2014/12/09,0,717000,-521000,196000
2014/12/10,0,120000,-132000,-12000
2014/12/11,0,1748000,-368,1747632
2014/12/12,0,83000,-100000,-17000
2014/12/15,0,45000,-129000,-84000
2014/12/16,0,355000,-22000,333000
2014/12/17,0,334000,-606000,-272000
2014/12/18,0,0,-302000,-302000
2014/12/19,0,174000,-643000,-469000
2014/12/22,0,17000,-135725,-118725
2014/12/23,0,37000,-270000,-233000
2014/12/24,0,0,-120000,-120000
2014/12/25,0,27000,-461000,-434000
2014/12/26,0,87000,-180000,-93000
2014/12/29,0,0,-40000,-40000
2014/12/30,0,21000,-5000,16000
2014/12/31,0,0,-19000,-19000
2015/01/01,0,0,0,0
2015/01/02,0,0,0,0
2015/01/05,0,10000,-101000,-91000
2015/01/06,0,0,-153000,-153000
2015/01/07,0,0,-64000,-64000
2015/01/08,0,0,-11000,-11000
2015/01/09,0,191000,0,191000
2015/01/12,0,3000,-109000,-106000
2015/01/13,0,178000,-45000,133000
2015/01/14,0,35000,-289000,-254000
2015/01/15,0,20000,-15000,5000
2015/01/16,0,0,-283000,-283000
2015/01/19,0,70000,-18000,52000
2015/01/20,0,192000,-18000,174000
2015/01/21,0,242000,-6000,236000
2015/01/22,0,323000,-235000,88000
2015/01/23,0,843000,0,843000
2015/01/26,0,1000,0,1000
2015/01/27,0,5000,0,5000
2015/01/28,0,252000,-7000,245000
2015/01/29,0,169000,-131000,38000
2015/01/30,0,134000,-35000,99000
2015/02/02,0,398000,-3000,395000
2015/02/03,0,12000,-78000,-66000
2015/02/04,0,86000,0,86000
2015/02/05,0,0,0,0
2015/02/06,0,12000,0,12000
2015/02/09,0,0,-15000,-15000
2015/02/10,0,150000,0,150000
2015/02/11,0,33000,-55000,-22000
2015/02/12,0,50000,-97000,-47000
2015/02/13,0,64000,-267000,-203000
2015/02/16,0,0,0,0
2015/02/17,0,0,0,0
2015/02/18,0,0,0,0
2015/02/19,0,0,0,0
2015/02/20,0,0,0,0
2015/02/23,0,0,0,0
2015/02/24,0,1060000,-488000,572000
2015/02/25,0,104000,-22000,82000
2015/02/26,0,554000,-40517,513483
2015/02/27,0,0,0,0
2015/03/02,0,197000,-113000,84000
2015/03/03,0,44000,-3,43997
2015/03/04,0,6000,-2000,4000
2015/03/05,0,45000,-331000,-286000
2015/03/06,0,114000,-7000,107000
2015/03/09,0,0,-54000,-54000
2015/03/10,0,109000,-56733,52267
2015/03/11,0,30000,-300000,-270000
2015/03/12,0,94000,-146000,-52000
2015/03/13,0,14000,-159000,-145000
2015/03/16,0,190000,0,190000
2015/03/17,0,0,-39000,-39000
2015/03/18,0,251000,-1012000,-761000
2015/03/19,0,145000,-23000,122000
2015/03/20,0,23000,0,23000
2015/03/23,0,952000,-273741,678259
2015/03/24,0,0,-64000,-64000
2015/03/25,0,65000,-350000,-285000
2015/03/26,0,6000,-327000,-321000
2015/03/27,0,6000,-226000,-220000
2015/03/30,0,9000,0,9000
2015/03/31,0,0,-330000,-330000
2015/04/01,0,0,-102000,-102000
2015/04/02,0,0,-33000,-33000
2015/04/03,0,0,0,0
2015/04/06,0,0,0,0
2015/04/07,0,2000,-67000,-65000
2015/04/08,0,0,-56000,-56000
2015/04/09,0,4000,-241000,-237000
2015/04/10,0,0,-44000,-44000
2015/04/13,0,0,-47000,-47000
2015/04/14,0,0,-290000,-290000
2015/04/15,0,98000,-533000,-435000
2015/04/16,0,125000,-319000,-194000
2015/04/17,0,0,-52000,-52000
2015/04/20,0,61000,0,61000
2015/04/21,0,0,0,0
2015/04/22,0,187000,-3957,183043
2015/04/23,0,10393000,0,10393000
2015/04/24,0,428000,-2135000,-1707000
2015/04/27,0,8549000,-901000,7648000
2015/04/28,0,767000,-906000,-139000
2015/04/29,0,815000,-161000,654000
2015/04/30,0,800000,-235000,565000
2015/05/01,0,0,0,0
2015/05/04,0,1218000,-905000,313000
2015/05/05,0,656000,-1536000,-880000
2015/05/06,0,0,-2080000,-2080000
2015/05/07,0,132000,-1449000,-1317000
2015/05/08,0,5000,-9000,-4000
2015/05/11,0,204000,-543000,-339000
2015/05/12,0,150000,-289000,-139000
2015/05/13,0,3165000,-9000,3156000
2015/05/14,0,0,-2768000,-2768000
2015/05/15,0,0,-1061000,-1061000
2015/05/18,0,28000,-1525000,-1497000
2015/05/19,0,50000,-391000,-341000
2015/05/20,0,812000,-1184000,-372000
2015/05/21,0,286400,-1078000,-791600
2015/05/22,0,0,-782000,-782000
2015/05/25,0,0,-267000,-267000
2015/05/26,0,252000,-293,251707
2015/05/27,0,525000,-108000,417000
2015/05/28,0,280000,-111000,169000
2015/05/29,0,271000,-54000,217000
2015/06/01,0,350000,-717000,-367000
2015/06/02,0,0,-310000,-310000
2015/06/03,0,0,-235000,-235000
2015/06/04,0,1000,-1346000,-1345000
2015/06/05,0,43000,-960000,-917000
2015/06/08,0,70000,-170000,-100000
2015/06/09,0,0,-188000,-188000
2015/06/10,0,5000,-12000,-7000
2015/06/11,0,235000,-279000,-44000
2015/06/12,0,1000,-45000,-44000
2015/06/15,0,0,0,0
2015/06/16,0,0,0,0
2015/06/17,0,823000,-1579000,-756000
2015/06/18,0,20000,-222000,-202000
2015/06/19,0,0,0,0
2015/06/22,0,219000,0,219000
2015/06/23,0,0,-16000,-16000
2015/06/24,0,0,0,0
2015/06/25,0,176000,0,176000
2015/06/26,0,803000,-880000,-77000
2015/06/29,0,0,-322000,-322000
2015/06/30,0,0,-143001,-143001
2015/07/01,0,218000,-572000,-354000
2015/07/02,0,0,-17000,-17000
2015/07/03,0,16000,-484000,-468000
2015/07/06,0,0,-9000,-9000
2015/07/07,0,136000,0,136000
2015/07/08,0,116000,-128000,-12000
2015/07/09,0,315000,-117000,198000
2015/07/10,0,0,0,0
2015/07/13,0,0,-525000,-525000
2015/07/14,0,97000,-647000,-550000
2015/07/15,0,84000,-195000,-111000
2015/07/16,0,30000,-178000,-148000
2015/07/17,0,66000,-130000,-64000
2015/07/20,0,200000,-238000,-38000
2015/07/21,0,60000,0,60000
2015/07/22,0,63000,-350000,-287000
2015/07/23,0,571000,-4000,567000
2015/07/24,0,4000,-66000,-62000
2015/07/27,0,93000,-13000,80000
2015/07/28,0,1451000,-265000,1186000
2015/07/29,0,203000,-571000,-368000
2015/07/30,0,144000,-268000,-124000
2015/07/31,0,22000,-1300000,-1278000
2015/08/03,0,63000,-148000,-85000
2015/08/04,0,1346000,0,1346000
2015/08/05,0,1083000,0,1083000
2015/08/06,0,4089000,-303000,3786000
2015/08/07,0,3148000,-213000,2935000
2015/08/10,0,4633000,-113478,4519522
2015/08/11,0,222000,-9093000,-8871000
2015/08/12,0,372000,-4461000,-4089000
2015/08/13,0,12000,-738000,-726000
2015/08/14,0,100000,0,100000
2015/08/17,0,1000,-95000,-94000
2015/08/18,0,0,-59000,-59000
2015/08/19,0,481000,-1456000,-975000
2015/08/20,0,242000,-212000,30000
2015/08/21,0,148000,-185000,-37000
2015/08/24,0,398000,-933000,-535000
2015/08/25,0,21000,-170000,-149000
2015/08/26,0,87000,-834000,-747000
2015/08/27,0,0,-152440,-152440
2015/08/28,0,10000,-639357,-629357
2015/08/31,0,68000,-976000,-908000
2015/09/01,0,40000,-1197000,-1157000
2015/09/02,0,527000,-361000,166000
2015/09/03,0,52000,-332000,-280000
2015/09/04,0,296000,-485000,-189000
2015/09/07,0,0,-270000,-270000
2015/09/08,0,284000,-133000,151000
2015/09/09,0,929000,-159000,770000
2015/09/10,0,228000,-494000,-266000
2015/09/11,0,0,-12000,-12000
2015/09/14,0,55000,-58000,-3000
2015/09/15,0,102000,-36512,65488
2015/09/16,0,26000,-6522000,-6496000
2015/09/17,0,373000,-555480,-182480
2015/09/18,0,82000,-487000,-405000
2015/09/21,0,0,-1416888,-1416888
2015/09/22,0,10000,-183979,-173979
2015/09/23,0,111000,-192000,-81000
2015/09/24,0,220000,-193000,27000
2015/09/25,0,173000,-153000,20000
2015/09/28,0,0,0,0
2015/09/29,0,0,0,0
2015/09/30,0,502000,-6733,495267
2015/10/01,0,1103000,-82000,1021000
2015/10/02,0,68000,-577000,-509000
2015/10/05,0,140000,-101000,39000
2015/10/06,0,234000,0,234000
2015/10/07,0,33000,-21000,12000
2015/10/08,0,13000,-79000,-66000
2015/10/09,0,0,0,0
2015/10/12,0,101000,-243000,-142000
2015/10/13,0,263000,-164000,99000
2015/10/14,0,52000,-70000,-18000
2015/10/15,0,52000,0,52000
2015/10/16,0,262000,-4000,258000
2015/10/19,0,291000,-30000,261000
2015/10/20,0,174000,-5000,169000
2015/10/21,0,85000,-59000,26000
2015/10/22,0,3000,-10000,-7000
2015/10/23,0,36000,-110000,-74000
2015/10/26,0,14000,0,14000
2015/10/27,0,300000,-343102,-43102
2015/10/28,0,0,-155000,-155000
2015/10/29,0,0,-397840,-397840
2015/10/30,0,853000,-9000,844000
2015/11/02,0,166000,-758000,-592000
2015/11/03,0,434000,-46000,388000
2015/11/04,0,462000,-14000,448000
2015/11/05,0,209000,-89000,120000
2015/11/06,0,10000,-252000,-242000
2015/11/09,0,18000,-139000,-121000
2015/11/10,0,3000,-11000,-8000
2015/11/11,0,106000,-229000,-123000
2015/11/12,0,118000,-561000,-443000
2015/11/13,0,551000,-42000,509000
2015/11/16,0,90000,-69000,21000
2015/11/17,0,55000,-106000,-51000
2015/11/18,0,0,-178281,-178281
2015/11/19,0,0,-842761,-842761
2015/11/20,0,0,-99278,-99278
2015/11/23,0,0,0,0
2015/11/24,0,0,0,0
2015/11/25,0,80000,-100000,-20000
2015/11/26,0,242000,0,242000
2015/11/27,0,131000,-582000,-451000
2015/11/30,0,50000,-64000,-14000
2015/12/01,0,210000,-17000,193000
2015/12/02,0,89000,-228944,-139944
2015/12/03,0,163000,-21000,142000
2015/12/04,0,102000,-20000,82000
2015/12/07,0,264000,-7000,257000
2015/12/08,0,0,-150000,-150000
2015/12/09,0,240000,-608000,-368000
2015/12/10,0,27000,-153000,-126000
2015/12/11,0,0,-172000,-172000
2015/12/14,0,319000,-683000,-364000
2015/12/15,0,211000,-10000,201000
2015/12/16,0,327000,-56000,271000
2015/12/17,0,614000,-45000,569000
2015/12/18,0,2000,-34000,-32000
2015/12/21,0,125000,-89000,36000
2015/12/22,0,0,-150000,-150000
2015/12/23,0,214000,-65000,149000
2015/12/24,0,0,-82000,-82000
2015/12/25,0,0,0,0
2015/12/28,0,0,-206726,-206726
2015/12/29,0,2000,0,2000
2015/12/30,0,136000,-178541,-42541
2015/12/31,0,674000,-70000,604000
2016/01/01,0,0,0,0
2016/01/04,0,0,-228000,-228000
2016/01/05,0,26000,-170000,-144000
2016/01/06,0,40000,-314000,-274000
2016/01/07,0,351000,-150000,201000
2016/01/08,0,50000,-111000,-61000
2016/01/11,0,26000,-98000,-72000
2016/01/12,0,530000,-552000,-22000
2016/01/13,0,87000,-305000,-218000
2016/01/14,0,170000,-175000,-5000
2016/01/15,0,152000,-1506000,-1354000
2016/01/18,0,597000,-543000,54000
2016/01/19,0,168000,-104000,64000
2016/01/20,0,77000,-641000,-564000
2016/01/21,0,289000,-397000,-108000
2016/01/22,0,1337000,-120000,1217000
2016/01/25,0,829000,-115000,714000
2016/01/26,0,146000,-230000,-84000
2016/01/27,0,0,-235000,-235000
2016/01/28,0,388000,0,388000
2016/01/29,0,701000,-1376000,-675000
2016/02/01,0,75000,-327000,-252000
2016/02/02,0,55000,-37000,18000
2016/02/03,0,525000,-2139000,-1614000
2016/02/04,0,0,0,0
2016/02/05,0,0,0,0
2016/02/08,0,0,0,0
2016/02/09,0,0,0,0
2016/02/10,0,0,0,0
2016/02/11,0,0,0,0
2016/02/12,0,0,0,0
2016/02/15,0,176000,-669000,-493000
2016/02/16,0,178000,-133000,45000
2016/02/17,0,309000,-552000,-243000
2016/02/18,0,344000,-59000,285000
2016/02/19,0,59000,0,59000
2016/02/22,0,280000,-154000,126000
2016/02/23,0,1000000,-108000,892000
2016/02/24,0,0,-104000,-104000
2016/02/25,0,230000,-75000,155000
2016/02/26,0,140000,-209000,-69000
2016/02/29,0,0,0,0
2016/03/01,0,6000,-53000,-47000
2016/03/02,0,0,-72000,-72000
2016/03/03,0,977072,-6000,971072
2016/03/04,0,42000,-1120000,-1078000
2016/03/07,0,95000,-582000,-487000
2016/03/08,0,0,-100000,-100000
2016/03/09,0,28000,-66000,-38000
2016/03/10,0,85000,-215000,-130000
2016/03/11,0,155000,-176649,-21649
2016/03/14,0,215000,-176000,39000
2016/03/15,0,84000,-448000,-364000
2016/03/16,0,160000,-76000,84000
2016/03/17,0,50000,-349000,-299000
2016/03/18,0,121000,-64000,57000
2016/03/21,0,384000,-200000,184000
2016/03/22,0,4000,-359000,-355000
2016/03/23,0,173000,-491000,-318000
2016/03/24,0,129000,-38000,91000
2016/03/25,0,125000,-20000,105000
2016/03/28,0,35000,-86000,-51000
2016/03/29,0,135000,-200000,-65000
2016/03/30,0,282000,-114000,168000
2016/03/31,0,1522000,-517175,1004825
2016/04/01,0,0,-81000,-81000
2016/04/04,0,0,0,0
2016/04/05,0,0,0,0
2016/04/06,0,165000,-257000,-92000
2016/04/07,0,7000,-258000,-251000
2016/04/08,0,0,-96000,-96000
2016/04/11,0,0,-9000,-9000
2016/04/12,0,0,-22000,-22000
2016/04/13,0,0,0,0
2016/04/14,0,586000,-1000,585000
2016/04/15,0,212000,0,212000
2016/04/18,0,18000,0,18000
2016/04/19,0,146000,-26000,120000
2016/04/20,0,1000,-194000,-193000
2016/04/21,0,0,-62000,-62000
2016/04/22,0,20000,-515000,-495000
2016/04/25,0,26000,-491000,-465000
2016/04/26,0,148000,-2000,146000
2016/04/27,0,340000,-20000,320000
2016/04/28,0,527000,-391000,136000
2016/04/29,0,0,-135000,-135000
2016/05/02,0,0,0,0
2016/05/03,0,13000,0,13000
2016/05/04,0,1000000,-267000,733000
2016/05/05,0,21000,-4000,17000
2016/05/06,0,81000,-202000,-121000
2016/05/09,0,0,-1000,-1000
2016/05/10,0,57000,-5000,52000
2016/05/11,0,0,-154000,-154000
2016/05/12,0,0,-6000,-6000
2016/05/13,0,500000,-13000,487000
2016/05/16,0,563000,0,563000
2016/05/17,0,400000,-21000,379000
2016/05/18,0,217000,-19000,198000
2016/05/19,0,300000,-349000,-49000
2016/05/20,0,60000,-107000,-47000
2016/05/23,0,619000,-108000,511000
2016/05/24,0,85000,-10000,75000
2016/05/25,0,293000,-157000,136000
2016/05/26,0,0,-80000,-80000
2016/05/27,0,0,0,0
2016/05/30,0,115000,-63000,52000
2016/05/31,0,172000,-10000,162000
2016/06/01,0,32000,0,32000
2016/06/02,0,512000,-162000,350000
2016/06/03,0,86000,-317000,-231000
2016/06/06,0,0,-21000,-21000
2016/06/07,0,0,0,0
2016/06/08,0,0,-1000,-1000
2016/06/09,0,0,0,0
2016/06/10,0,0,0,0
2016/06/13,0,5000,-5000,0
2016/06/14,0,21000,0,21000
2016/06/15,0,0,0,0
2016/06/16,0,6000,0,6000
2016/06/17,0,0,-105000,-105000
2016/06/20,0,21000,-31000,-10000
2016/06/21,0,0,0,0
2016/06/22,0,32000,0,32000
2016/06/23,0,0,-67000,-67000
2016/06/24,0,2000,-266000,-264000
2016/06/27,0,0,-76000,-76000
2016/06/28,0,0,-12000,-12000
2016/06/29,0,0,-191000,-191000
2016/06/30,0,46000,0,46000
2016/07/01,0,4000,-149000,-145000
2016/07/04,0,1582000,-4000,1578000
2016/07/05,0,3539000,0,3539000
2016/07/06,0,1404000,-50000,1354000
2016/07/07,0,0,0,0
2016/07/08,0,0,0,0
2016/07/11,0,199000,0,199000
2016/07/12,0,86000,-73000,13000
2016/07/13,0,329000,-138425,190575
2016/07/14,0,100000,-146000,-46000
2016/07/15,0,648000,-153000,495000
2016/07/18,0,0,-52000,-52000
2016/07/19,0,615000,0,615000
2016/07/20,0,169000,-250000,-81000
2016/07/21,0,45000,-31000,14000
2016/07/22,0,5000,-26000,-21000
2016/07/25,0,0,-118000,-118000
2016/07/26,0,0,-27000,-27000
2016/07/27,0,13000,-95000,-82000
2016/07/28,0,315000,-262000,53000
2016/07/29,0,584000,-874000,-290000
2016/08/01,0,433000,-527000,-94000
2016/08/02,0,400000,-226000,174000
2016/08/03,0,824000,-893000,-69000
2016/08/04,0,600000,-456000,144000
2016/08/05,0,900000,-852000,48000
2016/08/08,0,1030000,-511000,519000
2016/08/09,0,2818000,0,2818000
2016/08/10,0,23171000,-1293,23169707
2016/08/11,0,28000,-20669000,-20641000
2016/08/12,0,42000,-2687000,-2645000
2016/08/15,0,18000,-113000,-95000
2016/08/16,0,18000,-302000,-284000
2016/08/17,0,239000,-823000,-584000
2016/08/18,0,0,-259000,-259000
2016/08/19,0,0,-30000,-30000
2016/08/22,0,0,-100000,-100000
2016/08/23,0,0,-28000,-28000
2016/08/24,0,0,0,0
2016/08/25,0,0,-278000,-278000
2016/08/26,0,78000,-29000,49000
2016/08/29,0,23000,-97000,-74000
2016/08/30,0,44000,-89000,-45000
2016/08/31,0,7000,-121000,-114000
2016/09/01,0,6000,-3000,3000
2016/09/02,0,4000,-3000,1000
2016/09/05,0,23000,-80000,-57000
2016/09/06,0,7000,-181000,-174000
2016/09/07,0,47000,-57000,-10000
2016/09/08,0,10000,-41000,-31000
2016/09/09,0,6000,-20000,-14000
2016/09/12,0,0,-19000,-19000
2016/09/13,0,102000,-6000,96000
2016/09/14,0,0,-1200,-1200
2016/09/15,0,0,0,0
2016/09/16,0,0,0,0
2016/09/19,0,58000,-848450,-790450
2016/09/20,0,80000,-724550,-644550
2016/09/21,0,0,-780000,-780000
2016/09/22,0,22000,-139801,-117801
2016/09/23,0,61000,0,61000
2016/09/26,0,0,-50000,-50000
2016/09/27,0,0,0,0
2016/09/28,0,0,0,0
2016/09/29,0,0,-52544,-52544
2016/09/30,0,0,-51000,-51000
2016/10/03,0,4000,-4000,0
2016/10/04,0,0,-1000,-1000
2016/10/05,0,0,-13000,-13000
2016/10/06,0,0,-40000,-40000
2016/10/07,0,55000,-20000,35000
2016/10/10,0,0,0,0
2016/10/11,0,51000,-502000,-451000
2016/10/12,0,88000,0,88000
2016/10/13,0,12000,-70000,-58000
2016/10/14,0,10000,-100000,-90000
2016/10/17,0,5000,-56000,-51000
2016/10/18,0,0,-3000,-3000
2016/10/19,0,56000,-60000,-4000
2016/10/20,0,0,-76000,-76000
2016/10/21,0,0,-22000,-22000
2016/10/24,0,0,0,0
2016/10/25,0,0,0,0
2016/10/26,0,0,-55000,-55000
2016/10/27,0,119000,-30000,89000
2016/10/28,0,6000,0,6000
2016/10/31,0,1000,-150000,-149000
2016/11/01,0,1000,-20000,-19000
2016/11/02,0,40000,-72000,-32000
2016/11/03,0,31000,-1113000,-1082000
2016/11/04,0,0,0,0
2016/11/07,0,66000,0,66000
2016/11/08,0,0,-55000,-55000
2016/11/09,0,18000,-251000,-233000
2016/11/10,0,24000,-1000,23000
2016/11/11,0,11000,-1922000,-1911000
2016/11/14,0,213000,-200000,13000
2016/11/15,0,204000,-429000,-225000
2016/11/16,0,3000,-31350,-28350
2016/11/17,0,0,-511000,-511000
2016/11/18,0,0,-1000,-1000
2016/11/21,0,271000,-242000,29000
2016/11/22,0,27000,-13000,14000
2016/11/23,0,45000,-105000,-60000
2016/11/24,0,776000,-71000,705000
2016/11/25,0,126000,-26000,100000
2016/11/28,0,27000,-344500,-317500
2016/11/29,0,50000,0,50000
2016/11/30,0,199000,0,199000
2016/12/01,0,0,-553000,-553000
2016/12/02,0,0,-166000,-166000
2016/12/05,0,1000,-5000,-4000
2016/12/06,0,67000,-200000,-133000
2016/12/07,0,0,0,0
2016/12/08,0,414000,-56000,358000
2016/12/09,0,200000,-38000,162000
2016/12/12,0,10000,-725000,-715000
2016/12/13,0,0,-235000,-235000
2016/12/14,0,0,-200000,-200000
2016/12/15,0,140000,0,140000
2016/12/16,0,4000,-10000,-6000
2016/12/19,0,102000,0,102000
2016/12/20,0,3000,0,3000
2016/12/21,0,4000,0,4000
2016/12/22,0,0,0,0
2016/12/23,0,40000,0,40000
2016/12/26,0,30000,-7000,23000
2016/12/27,0,10000,0,10000
2016/12/28,0,0,0,0
2016/12/29,0,0,0,0
2016/12/30,0,0,-20000,-20000
2017/01/02,0,0,0,0
2017/01/03,0,0,0,0
2017/01/04,0,0,-53000,-53000
2017/01/05,0,0,0,0
2017/01/06,0,0,-1467000,-1467000
2017/01/09,0,0,0,0
2017/01/10,0,0,0,0
2017/01/11,0,0,-554000,-554000
2017/01/12,0,0,0,0
2017/01/13,0,0,0,0
2017/01/16,0,0,0,0
2017/01/17,0,0,-7000,-7000
2017/01/18,0,17000,-192000,-175000
2017/01/19,0,0,-602000,-602000
2017/01/20,0,180000,-200000,-20000
2017/01/23,0,0,0,0
2017/01/24,0,6000,0,6000
2017/01/25,0,0,0,0
2017/01/26,0,0,0,0
2017/01/27,0,0,0,0
2017/01/30,0,0,0,0
2017/01/31,0,0,0,0
2017/02/01,0,0,0,0
2017/02/02,0,195000,-24000,171000
2017/02/03,0,0,-80000,-80000
2017/02/06,0,201000,-4000,197000
2017/02/07,0,80000,-28000,52000
2017/02/08,0,732000,-260000,472000
2017/02/09,0,309000,-451000,-142000
2017/02/10,0,290000,-59000,231000
2017/02/13,0,6000,0,6000
2017/02/14,0,0,0,0
2017/02/15,0,1000,-2000,-1000
2017/02/16,0,1141000,-168000,973000
2017/02/17,0,0,-471000,-471000
2017/02/20,0,23000,-100000,-77000
2017/02/21,0,54000,-67000,-13000
2017/02/22,0,8000,-119000,-111000
2017/02/23,0,0,-163000,-163000
2017/02/24,0,112000,-550000,-438000
2017/02/27,0,0,0,0
2017/02/28,0,0,0,0
2017/03/01,0,76000,-73000,3000
2017/03/02,0,80000,0,80000
2017/03/03,0,0,-4000,-4000
2017/03/06,0,0,0,0
2017/03/07,0,1000,0,1000
2017/03/08,0,0,-101000,-101000
2017/03/09,0,0,-269000,-269000
2017/03/10,0,2000,-64000,-62000
2017/03/13,0,0,-29000,-29000
2017/03/14,0,721000,0,721000
2017/03/15,0,441000,-552000,-111000
2017/03/16,0,212000,-304000,-92000
2017/03/17,0,289000,-106000,183000
2017/03/20,0,0,0,0
2017/03/21,0,52000,-28000,24000
2017/03/22,0,17000,-54000,-37000
2017/03/23,0,10000,-28000,-18000
2017/03/24,0,0,-100000,-100000
2017/03/27,0,101000,-42000,59000
2017/03/28,0,132000,-30000,102000
2017/03/29,0,335000,-2000,333000
2017/03/30,0,192000,-112000,80000
2017/03/31,0,8000,-178000,-170000
2017/04/03,0,0,0,0
2017/04/04,0,0,0,0
2017/04/05,0,301000,0,301000
2017/04/06,0,0,-68000,-68000
2017/04/07,0,0,-65000,-65000
2017/04/10,0,0,-1000,-1000
2017/04/11,0,26000,-48000,-22000
2017/04/12,0,0,-236000,-236000
2017/04/13,0,0,0,0
2017/04/14,0,0,-29000,-29000
2017/04/17,0,3000,0,3000
2017/04/18,0,0,-15000,-15000
2017/04/19,0,0,-514000,-514000
2017/04/20,0,0,0,0
2017/04/21,0,0,-2000,-2000
2017/04/24,0,123000,0,123000
2017/04/25,0,385000,-108000,277000
2017/04/26,0,5000,-256000,-251000
2017/04/27,0,15000,-4000,11000
2017/04/28,0,0,-19000,-19000
2017/05/01,0,0,0,0
2017/05/02,0,0,-229000,-229000
2017/05/03,0,0,0,0
2017/05/04,0,100000,-148000,-48000
2017/05/05,0,0,-78000,-78000
2017/05/08,0,1000,-26000,-25000
2017/05/09,0,0,-278436,-278436
2017/05/10,0,1000,-5000,-4000
2017/05/11,0,0,0,0
2017/05/12,0,0,0,0
2017/05/15,0,250000,-82000,168000
2017/05/16,0,6000,-169000,-163000
2017/05/17,0,0,-77000,-77000
2017/05/18,0,0,-98000,-98000
2017/05/19,0,88000,0,88000
2017/05/22,0,0,0,0
2017/05/23,0,0,0,0
2017/05/24,0,0,0,0
2017/05/25,0,19000,0,19000
2017/05/26,0,302000,0,302000
2017/05/29,0,0,0,0
2017/05/30,0,0,0,0
2017/05/31,0,1000,-193000,-192000
2017/06/01,0,100000,-35000,65000
2017/06/02,0,0,-1000,-1000
2017/06/05,0,0,-103000,-103000
2017/06/06,0,30000,-339,29661
2017/06/07,0,3000,0,3000
2017/06/08,0,0,-3000,-3000
2017/06/09,0,0,-39000,-39000
2017/06/12,0,5000,-38000,-33000
2017/06/13,0,0,-10000,-10000
2017/06/14,0,0,-228000,-228000
2017/06/15,0,72000,-16000,56000
2017/06/16,0,211000,0,211000
2017/06/19,0,879000,-79000,800000
2017/06/20,0,108000,-351000,-243000
2017/06/21,0,501000,-132000,369000
2017/06/22,0,742000,-76000,666000
2017/06/23,0,0,-410000,-410000
2017/06/26,0,426000,-70000,356000
2017/06/27,0,315000,-214000,101000
2017/06/28,0,247000,-68000,179000
2017/06/29,0,127000,-79000,48000
2017/06/30,0,67000,-175000,-108000
2017/07/03,0,444000,-373000,71000
2017/07/04,0,605000,-240000,365000
2017/07/05,0,789000,-18000,771000
2017/07/06,0,30000,-226000,-196000
2017/07/07,0,27000,0,27000
2017/07/10,0,47000,0,47000
2017/07/11,0,1316000,-68000,1248000
2017/07/12,0,723000,-24000,699000
2017/07/13,0,294000,-6000,288000
2017/07/14,0,619000,-402000,217000
2017/07/17,0,499000,-522000,-23000
2017/07/18,0,0,-876000,-876000
2017/07/19,0,242000,-31000,211000
2017/07/20,0,27000,-194000,-167000
2017/07/21,0,56000,-234000,-178000
2017/07/24,0,140000,-100000,40000
2017/07/25,0,280000,0,280000
2017/07/26,0,0,-476000,-476000
2017/07/27,0,7000,-116000,-109000
2017/07/28,0,0,-187000,-187000
2017/07/31,0,38000,-80600,-42600
2017/08/01,0,247000,-218000,29000
2017/08/02,0,0,-76000,-76000
2017/08/03,0,1137000,-38000,1099000
2017/08/04,0,0,-19000,-19000
2017/08/07,0,0,0,0
2017/08/08,0,0,-43000,-43000
2017/08/09,0,0,-422000,-422000
2017/08/10,0,14000,-3000,11000
2017/08/11,0,29000,0,29000
2017/08/14,0,0,-46000,-46000
2017/08/15,0,0,-105000,-105000
2017/08/16,0,2130000,-725000,1405000
2017/08/17,0,100000,-360000,-260000
2017/08/18,0,96000,-215000,-119000
