Date,Open,Buy,Sell,Total
2007/01/02,0,0,-27000,-27000
2007/01/03,0,2655000,-706000,1949000
2007/01/04,0,0,-71000,-71000
2007/01/05,0,2000000,-6926,1993074
2007/01/08,0,3000000,0,3000000
2007/01/09,0,2000000,0,2000000
2007/01/10,0,1585000,-46000,1539000
2007/01/11,0,14000,0,14000
2007/01/12,0,7000,-661000,-654000
2007/01/15,0,0,0,0
2007/01/16,0,8000,0,8000
2007/01/17,0,40000,0,40000
2007/01/18,0,0,0,0
2007/01/19,0,0,-498000,-498000
2007/01/22,0,104000,-48000,56000
2007/01/23,0,0,-160000,-160000
2007/01/24,0,46000,0,46000
2007/01/25,0,46000,-5000,41000
2007/01/26,0,0,-1000,-1000
2007/01/29,0,0,-3000,-3000
2007/01/30,0,156000,0,156000
2007/01/31,0,1190000,0,1190000
2007/02/01,0,0,0,0
2007/02/02,0,1205000,0,1205000
2007/02/05,0,982000,0,982000
2007/02/06,0,126000,0,126000
2007/02/07,0,0,0,0
2007/02/08,0,8000,0,8000
2007/02/09,0,240000,-9000,231000
2007/02/12,0,0,-521000,-521000
2007/02/13,0,1502000,0,1502000
2007/02/14,0,44000,-3000,41000
2007/02/15,0,0,0,0
2007/02/16,0,0,0,0
2007/02/19,0,0,0,0
2007/02/20,0,0,0,0
2007/02/21,0,0,0,0
2007/02/22,0,0,0,0
2007/02/23,0,0,0,0
2007/02/26,0,0,0,0
2007/02/27,0,0,0,0
2007/02/28,0,0,0,0
2007/03/01,0,19000,-197000,-178000
2007/03/02,0,0,-462000,-462000
2007/03/05,0,0,0,0
2007/03/06,0,118000,-2633000,-2515000
2007/03/07,0,0,0,0
2007/03/08,0,0,-655000,-655000
2007/03/09,0,0,-1000000,-1000000
2007/03/12,0,26000,-4000,22000
2007/03/13,0,13000,0,13000
2007/03/14,0,0,-1500000,-1500000
2007/03/15,0,0,0,0
2007/03/16,0,0,-442000,-442000
2007/03/19,0,2000,-193,1807
2007/03/20,0,0,-10000,-10000
2007/03/21,0,0,-21000,-21000
2007/03/22,0,0,-10000,-10000
2007/03/23,0,0,-30000,-30000
2007/03/26,0,0,-1000000,-1000000
2007/03/27,0,0,-200000,-200000
2007/03/28,0,0,0,0
2007/03/29,0,0,-9000,-9000
2007/03/30,0,0,-4000,-4000
2007/04/02,0,0,0,0
2007/04/03,0,0,0,0
2007/04/04,0,1000,0,1000
2007/04/05,0,0,0,0
2007/04/06,0,0,0,0
2007/04/09,0,0,-3000,-3000
2007/04/10,0,0,-353000,-353000
2007/04/11,0,5000,-916000,-911000
2007/04/12,0,0,-36000,-36000
2007/04/13,0,0,-2000,-2000
2007/04/16,0,0,0,0
2007/04/17,0,0,-11000,-11000
2007/04/18,0,0,-200000,-200000
2007/04/19,0,15000,-1360000,-1345000
2007/04/20,0,0,-305000,-305000
2007/04/23,0,12000,-850000,-838000
2007/04/24,0,36000,-135000,-99000
2007/04/25,0,0,-1850000,-1850000
2007/04/26,0,0,-200000,-200000
2007/04/27,0,0,-305000,-305000
2007/04/30,0,0,-140000,-140000
2007/05/01,0,0,0,0
2007/05/02,0,45000,0,45000
2007/05/03,0,0,0,0
2007/05/04,0,0,0,0
2007/05/07,0,0,-45000,-45000
2007/05/08,0,0,-13000,-13000
2007/05/09,0,0,0,0
2007/05/10,0,0,-21000,-21000
2007/05/11,0,0,-2000,-2000
2007/05/14,0,1000,0,1000
2007/05/15,0,54000,-2000,52000
2007/05/16,0,0,-8000,-8000
2007/05/17,0,0,-8000,-8000
2007/05/18,0,0,0,0
2007/05/21,0,0,0,0
2007/05/22,0,3079000,0,3079000
2007/05/23,0,0,-407000,-407000
2007/05/24,0,0,0,0
2007/05/25,0,3000,0,3000
2007/05/28,0,0,0,0
2007/05/29,0,0,0,0
2007/05/30,0,0,0,0
2007/05/31,0,0,-100000,-100000
2007/06/01,0,0,0,0
2007/06/04,0,8000,0,8000
2007/06/05,0,0,-160000,-160000
2007/06/06,0,13000,-3185000,-3172000
2007/06/07,0,0,0,0
2007/06/08,0,0,0,0
2007/06/11,0,0,0,0
2007/06/12,0,73000,0,73000
2007/06/13,0,0,-50000,-50000
2007/06/14,0,0,-17000,-17000
2007/06/15,0,27000,-57000,-30000
2007/06/18,0,0,0,0
2007/06/19,0,0,0,0
2007/06/20,0,3000,0,3000
2007/06/21,0,0,-14000,-14000
2007/06/22,0,400000,0,400000
2007/06/25,0,0,-1123000,-1123000
2007/06/26,0,0,0,0
2007/06/27,0,112000,0,112000
2007/06/28,0,0,0,0
2007/06/29,0,9000,0,9000
2007/07/02,0,0,0,0
2007/07/03,0,0,0,0
2007/07/04,0,400000,-5000,395000
2007/07/05,0,3264000,-114000,3150000
2007/07/06,0,0,-35000,-35000
2007/07/09,0,0,-1000,-1000
2007/07/10,0,2000,0,2000
2007/07/11,0,1000000,0,1000000
2007/07/12,0,0,-106000,-106000
2007/07/13,0,0,-800000,-800000
2007/07/16,0,1000000,0,1000000
2007/07/17,0,0,-16000,-16000
2007/07/18,0,2976000,0,2976000
2007/07/19,0,408000,0,408000
2007/07/20,0,14000,0,14000
2007/07/23,0,0,0,0
2007/07/24,0,2000,0,2000
2007/07/25,0,4000,0,4000
2007/07/26,0,44000,0,44000
2007/07/27,0,0,-18000,-18000
2007/07/30,0,736000,0,736000
2007/07/31,0,2103000,-28000,2075000
2007/08/01,0,11000,-168000,-157000
2007/08/02,0,0,-21000,-21000
2007/08/03,0,9000,0,9000
2007/08/06,0,5000,0,5000
2007/08/07,0,2000,0,2000
2007/08/08,0,194000,0,194000
2007/08/09,0,4000,0,4000
2007/08/10,0,14000,-39000,-25000
2007/08/13,0,0,0,0
2007/08/14,0,0,0,0
2007/08/15,0,23000,-28000,-5000
2007/08/16,0,30000,-1750000,-1720000
2007/08/17,0,1106000,-153000,953000
2007/08/20,0,35000,0,35000
2007/08/21,0,0,0,0
2007/08/22,0,199000,0,199000
2007/08/23,0,1000,-200000,-199000
2007/08/24,0,0,-11000,-11000
2007/08/27,0,10000,-25000,-15000
2007/08/28,0,0,-1000,-1000
2007/08/29,0,0,-7000,-7000
2007/08/30,0,0,0,0
2007/08/31,0,0,-129000,-129000
2007/09/03,0,39000,-20000,19000
2007/09/04,0,94000,-816000,-722000
2007/09/05,0,0,0,0
2007/09/06,0,0,0,0
2007/09/07,0,1000,-49000,-48000
2007/09/10,0,0,-5000,-5000
2007/09/11,0,17000,0,17000
2007/09/12,0,34000,0,34000
2007/09/13,0,0,0,0
2007/09/14,0,98000,0,98000
2007/09/17,0,0,0,0
2007/09/18,0,0,0,0
2007/09/19,0,10000,-673000,-663000
2007/09/20,0,15000,0,15000
2007/09/21,0,16000,-1068000,-1052000
2007/09/24,0,0,0,0
2007/09/25,0,0,0,0
2007/09/26,0,10000,-18000,-8000
2007/09/27,0,6000,0,6000
2007/09/28,0,0,-16000,-16000
2007/10/01,0,0,-4026000,-4026000
2007/10/02,0,380000,-23000,357000
2007/10/03,0,160000,-3000,157000
2007/10/04,0,0,0,0
2007/10/05,0,1120000,-2003000,-883000
2007/10/08,0,291000,-35000,256000
2007/10/09,0,176000,0,176000
2007/10/10,0,0,0,0
2007/10/11,0,72000,-40000,32000
2007/10/12,0,1000,-100000,-99000
2007/10/15,0,9000,-40000,-31000
2007/10/16,0,0,0,0
2007/10/17,0,0,0,0
2007/10/18,0,240000,-2914000,-2674000
2007/10/19,0,0,-69000,-69000
2007/10/22,0,1000,0,1000
2007/10/23,0,3000,0,3000
2007/10/24,0,0,-251000,-251000
2007/10/25,0,0,0,0
2007/10/26,0,0,0,0
2007/10/29,0,1000,0,1000
2007/10/30,0,174000,0,174000
2007/10/31,0,50000,-662000,-612000
2007/11/01,0,31000,-279000,-248000
2007/11/02,0,8000,-342000,-334000
2007/11/05,0,2000,0,2000
2007/11/06,0,4000,0,4000
2007/11/07,0,2000,0,2000
2007/11/08,0,8000,0,8000
2007/11/09,0,8000,0,8000
2007/11/12,0,9000,0,9000
2007/11/13,0,7000,0,7000
2007/11/14,0,273000,-101000,172000
2007/11/15,0,1000,0,1000
2007/11/16,0,0,0,0
2007/11/19,0,0,-254000,-254000
2007/11/20,0,1000,-151000,-150000
2007/11/21,0,95000,-10000,85000
2007/11/22,0,2000,0,2000
2007/11/23,0,4000,0,4000
2007/11/26,0,401000,0,401000
2007/11/27,0,0,0,0
2007/11/28,0,1000,0,1000
2007/11/29,0,1000,0,1000
2007/11/30,0,41000,-70000,-29000
2007/12/03,0,14000,0,14000
2007/12/04,0,19000,0,19000
2007/12/05,0,36000,0,36000
2007/12/06,0,0,0,0
2007/12/07,0,0,0,0
2007/12/10,0,0,-295000,-295000
2007/12/11,0,0,-72000,-72000
2007/12/12,0,0,-370000,-370000
2007/12/13,0,25000,0,25000
2007/12/14,0,74000,0,74000
2007/12/17,0,4000,0,4000
2007/12/18,0,4000,-72000,-68000
2007/12/19,0,0,0,0
2007/12/20,0,1000,-400000,-399000
2007/12/21,0,0,0,0
2007/12/24,0,2000,0,2000
2007/12/25,0,730000,0,730000
2007/12/26,0,0,0,0
2007/12/27,0,115000,0,115000
2007/12/28,0,0,-1000,-1000
2007/12/31,0,550000,0,550000
2008/01/01,0,0,0,0
2008/01/02,0,112000,0,112000
2008/01/03,0,0,-5000,-5000
2008/01/04,0,0,-2000,-2000
2008/01/07,0,19000,0,19000
2008/01/08,0,2000,-660000,-658000
2008/01/09,0,0,-1000,-1000
2008/01/10,0,41000,-16000,25000
2008/01/11,0,0,0,0
2008/01/14,0,1525000,0,1525000
2008/01/15,0,0,-1000,-1000
2008/01/16,0,49000,0,49000
2008/01/17,0,932000,0,932000
2008/01/18,0,2662000,-176000,2486000
2008/01/21,0,40000,0,40000
2008/01/22,0,0,0,0
2008/01/23,0,26000,0,26000
2008/01/24,0,2139000,0,2139000
2008/01/25,0,2000,0,2000
2008/01/28,0,503000,0,503000
2008/01/29,0,1000,-82000,-81000
2008/01/30,0,68000,0,68000
2008/01/31,0,0,0,0
2008/02/01,0,2000,-545000,-543000
2008/02/04,0,0,0,0
2008/02/05,0,0,0,0
2008/02/06,0,0,0,0
2008/02/07,0,0,0,0
2008/02/08,0,0,0,0
2008/02/11,0,0,0,0
2008/02/12,0,28000,-2000,26000
2008/02/13,0,8000,-95000,-87000
2008/02/14,0,0,0,0
2008/02/15,0,0,0,0
2008/02/18,0,279000,0,279000
2008/02/19,0,581000,-168000,413000
2008/02/20,0,59000,-5000,54000
2008/02/21,0,1000,-26000,-25000
2008/02/22,0,0,-7000,-7000
2008/02/25,0,1201000,-2000,1199000
2008/02/26,0,1000000,-1455000,-455000
2008/02/27,0,1440000,-15000,1425000
2008/02/28,0,0,0,0
2008/02/29,0,7510000,-6000,7504000
2008/03/03,0,0,-37000,-37000
2008/03/04,0,3000,-4000,-1000
2008/03/05,0,1001000,-45000,956000
2008/03/06,0,1000,-1530000,-1529000
2008/03/07,0,0,-1000,-1000
2008/03/10,0,3000,-6265000,-6262000
2008/03/11,0,2000,0,2000
2008/03/12,0,46000,0,46000
2008/03/13,0,0,-8000,-8000
2008/03/14,0,19000,0,19000
2008/03/17,0,6000,0,6000
2008/03/18,0,8000,0,8000
2008/03/19,0,2389000,0,2389000
2008/03/20,0,3333000,0,3333000
2008/03/21,0,3934000,-1500000,2434000
2008/03/24,0,3000,0,3000
2008/03/25,0,1811000,-52000,1759000
2008/03/26,0,1402000,0,1402000
2008/03/27,0,702000,-21000,681000
2008/03/28,0,3000,0,3000
2008/03/31,0,2000,0,2000
2008/04/01,0,1000,-131000,-130000
2008/04/02,0,1000,0,1000
2008/04/03,0,1000,0,1000
2008/04/04,0,0,0,0
2008/04/07,0,1000,0,1000
2008/04/08,0,1000,0,1000
2008/04/09,0,1000,0,1000
2008/04/10,0,1000,0,1000
2008/04/11,0,0,-4000,-4000
2008/04/14,0,0,-7000,-7000
2008/04/15,0,6201000,0,6201000
2008/04/16,0,9520000,-17000,9503000
2008/04/17,0,301000,-6000,295000
2008/04/18,0,0,-156000,-156000
2008/04/21,0,2000,0,2000
2008/04/22,0,2000,0,2000
2008/04/23,0,1000,0,1000
2008/04/24,0,3000,0,3000
2008/04/25,0,1000,0,1000
2008/04/28,0,50000,-60000,-10000
2008/04/29,0,2000,0,2000
2008/04/30,0,916000,0,916000
2008/05/01,0,0,0,0
2008/05/02,0,42000,0,42000
2008/05/05,0,2185000,0,2185000
2008/05/06,0,492000,-7000,485000
2008/05/07,0,1585000,0,1585000
2008/05/08,0,16000,-15000,1000
2008/05/09,0,11000,0,11000
2008/05/12,0,4000,-9000,-5000
2008/05/13,0,42000,-1927000,-1885000
2008/05/14,0,78000,0,78000
2008/05/15,0,56000,0,56000
2008/05/16,0,0,0,0
2008/05/19,0,93000,-135000,-42000
2008/05/20,0,0,-1843000,-1843000
2008/05/21,0,1000000,-15000,985000
2008/05/22,0,4000,0,4000
2008/05/23,0,14000,-1000,13000
2008/05/26,0,264000,0,264000
2008/05/27,0,29000,-8000,21000
2008/05/28,0,1273000,0,1273000
2008/05/29,0,309000,0,309000
2008/05/30,0,282000,-865000,-583000
2008/06/02,0,249000,0,249000
2008/06/03,0,594000,0,594000
2008/06/04,0,206000,0,206000
2008/06/05,0,203000,0,203000
2008/06/06,0,474000,0,474000
2008/06/09,0,476000,0,476000
2008/06/10,0,897000,0,897000
2008/06/11,0,376000,0,376000
2008/06/12,0,52000,0,52000
2008/06/13,0,426000,0,426000
2008/06/16,0,310000,-23000,287000
2008/06/17,0,2114000,0,2114000
2008/06/18,0,275000,0,275000
2008/06/19,0,0,-6000,-6000
2008/06/20,0,132000,-2000,130000
2008/06/23,0,136000,0,136000
2008/06/24,0,5000,0,5000
2008/06/25,0,480000,-4000,476000
2008/06/26,0,0,-6000000,-6000000
2008/06/27,0,46000,0,46000
2008/06/30,0,521000,-223000,298000
2008/07/01,0,65000,0,65000
2008/07/02,0,1925000,-4000,1921000
2008/07/03,0,62000,-4000000,-3938000
2008/07/04,0,33000,-1753000,-1720000
2008/07/07,0,35000,0,35000
2008/07/08,0,0,0,0
2008/07/09,0,0,-9000,-9000
2008/07/10,0,0,-160000,-160000
2008/07/11,0,28000,-275000,-247000
2008/07/14,0,2000,-2000000,-1998000
2008/07/15,0,12000,-1000,11000
2008/07/16,0,42000,0,42000
2008/07/17,0,19000,0,19000
2008/07/18,0,0,-24000,-24000
2008/07/21,0,3000,0,3000
2008/07/22,0,10000,0,10000
2008/07/23,0,0,-176000,-176000
2008/07/24,0,228000,-77000,151000
2008/07/25,0,188000,-70000,118000
2008/07/28,0,0,0,0
2008/07/29,0,422000,-74000,348000
2008/07/30,0,7000,-182000,-175000
2008/07/31,0,324000,-921000,-597000
2008/08/01,0,18000,0,18000
2008/08/04,0,10000,0,10000
2008/08/05,0,0,0,0
2008/08/06,0,0,-2079000,-2079000
2008/08/07,0,410000,0,410000
2008/08/08,0,59000,0,59000
2008/08/11,0,335000,0,335000
2008/08/12,0,453000,-18000,435000
2008/08/13,0,0,0,0
2008/08/14,0,0,-299000,-299000
2008/08/15,0,135000,0,135000
2008/08/18,0,2000,-32000,-30000
2008/08/19,0,0,-103000,-103000
2008/08/20,0,9000,-30000,-21000
2008/08/21,0,11000,-26000,-15000
2008/08/22,0,4000,0,4000
2008/08/25,0,2000,-169000,-167000
2008/08/26,0,24000,-1519000,-1495000
2008/08/27,0,160000,-270000,-110000
2008/08/28,0,0,0,0
2008/08/29,0,14000,-25000,-11000
2008/09/01,0,7000,0,7000
2008/09/02,0,19000,0,19000
2008/09/03,0,74000,-122000,-48000
2008/09/04,0,28000,0,28000
2008/09/05,0,15000,-1000000,-985000
2008/09/08,0,9000,0,9000
2008/09/09,0,63000,0,63000
2008/09/10,0,18000,0,18000
2008/09/11,0,0,0,0
2008/09/12,0,10000,-3000,7000
2008/09/15,0,0,-56000,-56000
2008/09/16,0,0,-8000,-8000
2008/09/17,0,32000,-231000,-199000
2008/09/18,0,12000,0,12000
2008/09/19,0,15000,0,15000
2008/09/22,0,6000,-127000,-121000
2008/09/23,0,0,-28000,-28000
2008/09/24,0,46000,-49000,-3000
2008/09/25,0,82000,-317000,-235000
2008/09/26,0,6000,0,6000
2008/09/29,0,0,0,0
2008/09/30,0,2000,0,2000
2008/10/01,0,64000,-13000,51000
2008/10/02,0,4000,0,4000
2008/10/03,0,116000,-12000,104000
2008/10/06,0,0,-2565000,-2565000
2008/10/07,0,0,-33000,-33000
2008/10/08,0,0,-88000,-88000
2008/10/09,0,20000,-7216000,-7196000
2008/10/10,0,0,0,0
2008/10/13,0,0,0,0
2008/10/14,0,0,-100000,-100000
2008/10/15,0,20000,0,20000
2008/10/16,0,30000,0,30000
2008/10/17,0,9000,-97000,-88000
2008/10/20,0,0,0,0
2008/10/21,0,21000,-750000,-729000
2008/10/22,0,0,-230000,-230000
2008/10/23,0,25000,-2131000,-2106000
2008/10/24,0,200000,-5888000,-5688000
2008/10/27,0,637000,-5604000,-4967000
2008/10/28,0,850000,-107000,743000
2008/10/29,0,0,-301000,-301000
2008/10/30,0,2100000,-4000,2096000
2008/10/31,0,23000,0,23000
2008/11/03,0,0,0,0
2008/11/04,0,5000,-9000,-4000
2008/11/05,0,10000,-5000,5000
2008/11/06,0,0,-13000,-13000
2008/11/07,0,0,-72000,-72000
2008/11/10,0,23000,0,23000
2008/11/11,0,132000,0,132000
2008/11/12,0,2000,-2000,0
2008/11/13,0,8000,0,8000
2008/11/14,0,12000,-13000,-1000
2008/11/17,0,7000,0,7000
2008/11/18,0,0,0,0
2008/11/19,0,0,-992000,-992000
2008/11/20,0,19000,-1000000,-981000
2008/11/21,0,25000,-1000000,-975000
2008/11/24,0,15000,-1000,14000
2008/11/25,0,982000,0,982000
2008/11/26,0,19000,0,19000
2008/11/27,0,0,0,0
2008/11/28,0,1300000,-30000,1270000
2008/12/01,0,1389000,0,1389000
2008/12/02,0,0,0,0
2008/12/03,0,427000,-59000,368000
2008/12/04,0,15000,0,15000
2008/12/05,0,489000,0,489000
2008/12/08,0,127000,-226000,-99000
2008/12/09,0,185000,0,185000
2008/12/10,0,269000,0,269000
2008/12/11,0,115000,-15000,100000
2008/12/12,0,0,-39000,-39000
2008/12/15,0,0,-304000,-304000
2008/12/16,0,13300000,-480000,12820000
2008/12/17,0,3708000,0,3708000
2008/12/18,0,12000,0,12000
2008/12/19,0,0,-809000,-809000
2008/12/22,0,1204000,0,1204000
2008/12/23,0,2000,-1000000,-998000
2008/12/24,0,503000,0,503000
2008/12/25,0,7000,0,7000
2008/12/26,0,0,0,0
2008/12/29,0,0,0,0
2008/12/30,0,0,0,0
2008/12/31,0,122000,0,122000
2009/01/01,0,0,0,0
2009/01/02,0,0,0,0
2009/01/05,0,0,0,0
2009/01/06,0,105000,-1234000,-1129000
2009/01/07,0,99000,-4703000,-4604000
2009/01/08,0,0,-1751000,-1751000
2009/01/09,0,10000,0,10000
2009/01/12,0,9000,0,9000
2009/01/13,0,219000,-3000000,-2781000
2009/01/14,0,0,-22000,-22000
2009/01/15,0,12000,0,12000
2009/01/16,0,7000,-59000,-52000
2009/01/19,0,0,-2069000,-2069000
2009/01/20,0,0,0,0
2009/01/21,0,0,-4003000,-4003000
2009/01/22,0,0,0,0
2009/01/23,0,0,0,0
2009/01/26,0,0,0,0
2009/01/27,0,0,0,0
2009/01/28,0,0,0,0
2009/01/29,0,0,0,0
2009/01/30,0,0,0,0
2009/02/02,0,0,0,0
2009/02/03,0,95000,-2512000,-2417000
2009/02/04,0,149000,-9000,140000
2009/02/05,0,0,-1000,-1000
2009/02/06,0,0,0,0
2009/02/09,0,61000,-6000,55000
2009/02/10,0,0,0,0
2009/02/11,0,0,-18000,-18000
2009/02/12,0,0,-56000,-56000
2009/02/13,0,291000,-12000,279000
2009/02/16,0,0,0,0
2009/02/17,0,0,0,0
2009/02/18,0,0,-18000,-18000
2009/02/19,0,0,0,0
2009/02/20,0,0,0,0
2009/02/23,0,0,-73000,-73000
2009/02/24,0,0,0,0
2009/02/25,0,0,0,0
2009/02/26,0,0,-15000,-15000
2009/02/27,0,6000,-1000,5000
2009/03/02,0,0,0,0
2009/03/03,0,0,-531000,-531000
2009/03/04,0,0,-976000,-976000
2009/03/05,0,300000,0,300000
2009/03/06,0,300000,-15000,285000
2009/03/09,0,300000,-32000,268000
2009/03/10,0,300000,-878000,-578000
2009/03/11,0,0,-21000,-21000
2009/03/12,0,0,-1102606,-1102606
2009/03/13,0,150000,-7000,143000
2009/03/16,0,0,-11000,-11000
2009/03/17,0,0,0,0
2009/03/18,0,1000000,-16000,984000
2009/03/19,0,0,0,0
2009/03/20,0,0,0,0
2009/03/23,0,578000,-150000,428000
2009/03/24,0,0,0,0
2009/03/25,0,0,-600000,-600000
2009/03/26,0,800000,0,800000
2009/03/27,0,2000,0,2000
2009/03/30,0,1000000,0,1000000
2009/03/31,0,0,-100000,-100000
2009/04/01,0,1000000,0,1000000
2009/04/02,0,15380000,-845000,14535000
2009/04/03,0,2500000,0,2500000
2009/04/06,0,850000,0,850000
2009/04/07,0,0,-320000,-320000
2009/04/08,0,4468000,-300000,4168000
2009/04/09,0,0,-118000,-118000
2009/04/10,0,1650000,-50000,1600000
2009/04/13,0,7342000,0,7342000
2009/04/14,0,5486000,-500000,4986000
2009/04/15,0,0,-249000,-249000
2009/04/16,0,944000,-1953000,-1009000
2009/04/17,0,2804000,-165000,2639000
2009/04/20,0,3544000,-1188000,2356000
2009/04/21,0,1080000,-3223000,-2143000
2009/04/22,0,1277000,-10218000,-8941000
2009/04/23,0,0,-3008000,-3008000
2009/04/24,0,742000,0,742000
2009/04/27,0,0,-1308000,-1308000
2009/04/28,0,0,0,0
2009/04/29,0,0,0,0
2009/04/30,0,1894000,0,1894000
2009/05/01,0,0,0,0
2009/05/04,0,4202000,0,4202000
2009/05/05,0,5300000,-9811000,-4511000
2009/05/06,0,5753000,-12869000,-7116000
2009/05/07,0,1050000,0,1050000
2009/05/08,0,8154000,0,8154000
2009/05/11,0,2120000,-3010000,-890000
2009/05/12,0,4094000,-86000,4008000
2009/05/13,0,0,-533000,-533000
2009/05/14,0,3672000,-90000,3582000
2009/05/15,0,7023000,-1200000,5823000
2009/05/18,0,8194000,0,8194000
2009/05/19,0,500000,-1400000,-900000
2009/05/20,0,1000000,-525000,475000
2009/05/21,0,2806000,0,2806000
2009/05/22,0,1650000,0,1650000
2009/05/25,0,233000,-15000,218000
2009/05/26,0,1674000,0,1674000
2009/05/27,0,1601000,-2346000,-745000
2009/05/28,0,0,0,0
2009/05/29,0,0,0,0
2009/06/01,0,727000,-2000,725000
2009/06/02,0,2054000,-7000,2047000
2009/06/03,0,7695000,-2000000,5695000
2009/06/04,0,5446000,-448000,4998000
2009/06/05,0,3398000,-1902000,1496000
2009/06/08,0,282000,-500000,-218000
2009/06/09,0,229000,-5724000,-5495000
2009/06/10,0,4000,-6000,-2000
2009/06/11,0,22000,-839000,-817000
2009/06/12,0,80000,-508000,-428000
2009/06/15,0,14000,-1024000,-1010000
2009/06/16,0,268000,-14000,254000
2009/06/17,0,3142000,-154000,2988000
2009/06/18,0,1522000,0,1522000
2009/06/19,0,2000,-910000,-908000
2009/06/22,0,1617000,0,1617000
2009/06/23,0,5150000,-18000,5132000
2009/06/24,0,3050000,0,3050000
2009/06/25,0,8225000,0,8225000
2009/06/26,0,2022000,-1303000,719000
2009/06/29,0,2262000,0,2262000
2009/06/30,0,500000,-1726000,-1226000
2009/07/01,0,5422000,0,5422000
2009/07/02,0,2045000,-600000,1445000
2009/07/03,0,1716000,-34000,1682000
2009/07/06,0,64000,-35000,29000
2009/07/07,0,1871000,0,1871000
2009/07/08,0,8120000,-372000,7748000
2009/07/09,0,0,-185000,-185000
2009/07/10,0,322000,-610000,-288000
2009/07/13,0,0,-966000,-966000
2009/07/14,0,600000,-1755000,-1155000
2009/07/15,0,812000,0,812000
2009/07/16,0,3869000,-1209000,2660000
2009/07/17,0,0,-38000,-38000
2009/07/20,0,3037000,0,3037000
2009/07/21,0,0,-46000,-46000
2009/07/22,0,0,-48000,-48000
2009/07/23,0,0,-84000,-84000
2009/07/24,0,0,-113000,-113000
2009/07/27,0,0,-96000,-96000
2009/07/28,0,0,-38000,-38000
2009/07/29,0,0,-932000,-932000
2009/07/30,0,0,-2458000,-2458000
2009/07/31,0,0,-7442000,-7442000
2009/08/03,0,0,-63000,-63000
2009/08/04,0,0,-30000,-30000
2009/08/05,0,0,-4759000,-4759000
2009/08/06,0,0,-4184000,-4184000
2009/08/07,0,0,0,0
2009/08/10,0,20000,-183000,-163000
2009/08/11,0,9000,-5200000,-5191000
2009/08/12,0,0,-322000,-322000
2009/08/13,0,0,-19000,-19000
2009/08/14,0,472000,-1676000,-1204000
2009/08/17,0,1206000,-9690000,-8484000
2009/08/18,0,10000,-56000,-46000
2009/08/19,0,5000,0,5000
2009/08/20,0,6000,-11000,-5000
2009/08/21,0,548000,-5091000,-4543000
2009/08/24,0,1489000,0,1489000
2009/08/25,0,0,-21000,-21000
2009/08/26,0,3000,0,3000
2009/08/27,0,305000,-35000,270000
2009/08/28,0,1820000,-1950000,-130000
2009/08/31,0,34000,-2871000,-2837000
2009/09/01,0,0,0,0
2009/09/02,0,0,0,0
2009/09/03,0,0,-8041000,-8041000
2009/09/04,0,0,-12000,-12000
2009/09/07,0,1970000,-11000,1959000
2009/09/08,0,110000,0,110000
2009/09/09,0,540000,-357000,183000
2009/09/10,0,2142000,-971000,1171000
2009/09/11,0,0,0,0
2009/09/14,0,0,-110000,-110000
2009/09/15,0,0,0,0
2009/09/16,0,322000,0,322000
2009/09/17,0,1211000,0,1211000
2009/09/18,0,0,-6000,-6000
2009/09/21,0,279000,-94000,185000
2009/09/22,0,0,0,0
2009/09/23,0,31000,-1056000,-1025000
2009/09/24,0,732000,0,732000
2009/09/25,0,1200000,0,1200000
2009/09/28,0,16000,0,16000
2009/09/29,0,212000,0,212000
2009/09/30,0,0,-18000,-18000
2009/10/01,0,1600000,-260000,1340000
2009/10/02,0,1023000,0,1023000
2009/10/05,0,1859000,-986000,873000
2009/10/06,0,500000,0,500000
2009/10/07,0,0,0,0
2009/10/08,0,2000,-298000,-296000
2009/10/09,0,1055000,-10012000,-8957000
2009/10/12,0,0,-10935000,-10935000
2009/10/13,0,18000,0,18000
2009/10/14,0,0,-5976000,-5976000
2009/10/15,0,304000,-1204000,-900000
2009/10/16,0,0,0,0
2009/10/19,0,615000,0,615000
2009/10/20,0,12000,-1708000,-1696000
2009/10/21,0,855000,-12000,843000
2009/10/22,0,0,0,0
2009/10/23,0,1000000,-210000,790000
2009/10/26,0,1081000,0,1081000
2009/10/27,0,128000,-21000,107000
2009/10/28,0,0,-4000,-4000
2009/10/29,0,4000,-1037000,-1033000
2009/10/30,0,386000,-7086000,-6700000
2009/11/02,0,10000,-156000,-146000
2009/11/03,0,158000,-5000,153000
2009/11/04,0,8000,-500000,-492000
2009/11/05,0,9000,-142000,-133000
2009/11/06,0,4000,-209000,-205000
2009/11/09,0,9000,-1797000,-1788000
2009/11/10,0,4000,-1718000,-1714000
2009/11/11,0,0,0,0
2009/11/12,0,0,-1313000,-1313000
2009/11/13,0,0,-3510000,-3510000
2009/11/16,0,230000,-12000,218000
2009/11/17,0,1700000,-8452000,-6752000
2009/11/18,0,1265000,-2068000,-803000
2009/11/19,0,570000,-108000,462000
2009/11/20,0,574000,-2130000,-1556000
2009/11/23,0,489000,-6000,483000
2009/11/24,0,112000,-205000,-93000
2009/11/25,0,200000,0,200000
2009/11/26,0,0,-751000,-751000
2009/11/27,0,386000,-5321000,-4935000
2009/11/30,0,190000,-24000,166000
2009/12/01,0,0,-2753000,-2753000
2009/12/02,0,0,0,0
2009/12/03,0,0,-9000,-9000
2009/12/04,0,0,-9000,-9000
2009/12/07,0,0,-109000,-109000
2009/12/08,0,0,-1531000,-1531000
2009/12/09,0,0,-2310000,-2310000
2009/12/10,0,0,-461000,-461000
2009/12/11,0,7000,0,7000
2009/12/14,0,0,-18000,-18000
2009/12/15,0,0,0,0
2009/12/16,0,0,-19000,-19000
2009/12/17,0,72000,0,72000
2009/12/18,0,0,-16000,-16000
2009/12/21,0,73000,0,73000
2009/12/22,0,0,-1307000,-1307000
2009/12/23,0,4000,0,4000
2009/12/24,0,0,0,0
2009/12/25,0,2000000,-14000,1986000
2009/12/28,0,0,-23000,-23000
2009/12/29,0,3000000,-17000,2983000
2009/12/30,0,0,-28000,-28000
2009/12/31,0,258000,-2000,256000
2010/01/01,0,0,0,0
2010/01/04,0,110000,-201000,-91000
2010/01/05,0,667000,-704000,-37000
2010/01/06,0,0,0,0
2010/01/07,0,0,-6000,-6000
2010/01/08,0,0,-235000,-235000
2010/01/11,0,0,-7000,-7000
2010/01/12,0,0,-17000,-17000
2010/01/13,0,0,-4000,-4000
2010/01/14,0,0,-11000,-11000
2010/01/15,0,0,-190000,-190000
2010/01/18,0,28000,-522000,-494000
2010/01/19,0,32000,-500000,-468000
2010/01/20,0,107000,-14000,93000
2010/01/21,0,0,-509000,-509000
2010/01/22,0,0,-528000,-528000
2010/01/25,0,181000,-14000,167000
2010/01/26,0,0,-5000,-5000
2010/01/27,0,36000,-1062000,-1026000
2010/01/28,0,196000,0,196000
2010/01/29,0,124000,-1159000,-1035000
2010/02/01,0,392000,-4000,388000
2010/02/02,0,188000,0,188000
2010/02/03,0,6000,-2000,4000
2010/02/04,0,9000,0,9000
2010/02/05,0,391000,0,391000
2010/02/08,0,30000,-6000,24000
2010/02/09,0,13000,0,13000
2010/02/10,0,0,0,0
2010/02/11,0,0,0,0
2010/02/12,0,0,0,0
2010/02/15,0,0,0,0
2010/02/16,0,0,0,0
2010/02/17,0,0,0,0
2010/02/18,0,0,0,0
2010/02/19,0,0,0,0
2010/02/22,0,37000,0,37000
2010/02/23,0,33000,0,33000
2010/02/24,0,3000,0,3000
2010/02/25,0,2000,0,2000
2010/02/26,0,10000,-8000,2000
2010/03/01,0,2008000,0,2008000
2010/03/02,0,0,0,0
2010/03/03,0,0,0,0
2010/03/04,0,80000,-8000,72000
2010/03/05,0,5000,0,5000
2010/03/08,0,0,0,0
2010/03/09,0,7000,0,7000
2010/03/10,0,0,-302000,-302000
2010/03/11,0,4000,0,4000
2010/03/12,0,0,-190000,-190000
2010/03/15,0,0,-14000,-14000
2010/03/16,0,0,-10000,-10000
2010/03/17,0,10000,-298000,-288000
2010/03/18,0,3454000,-7000,3447000
2010/03/19,0,0,-7000,-7000
2010/03/22,0,0,-7000,-7000
2010/03/23,0,1969000,-179000,1790000
2010/03/24,0,0,-3000,-3000
2010/03/25,0,0,-8000,-8000
2010/03/26,0,0,-2005000,-2005000
2010/03/29,0,9000,0,9000
2010/03/30,0,9000,-1029000,-1020000
2010/03/31,0,0,-37000,-37000
2010/04/01,0,3260000,-178000,3082000
2010/04/02,0,4000,-17000,-13000
2010/04/05,0,0,0,0
2010/04/06,0,0,-5000,-5000
2010/04/07,0,0,-411000,-411000
2010/04/08,0,2071000,-21000,2050000
2010/04/09,0,0,-4000,-4000
2010/04/12,0,0,-170000,-170000
2010/04/13,0,0,-93000,-93000
2010/04/14,0,0,-615000,-615000
2010/04/15,0,0,-397000,-397000
2010/04/16,0,0,-278000,-278000
2010/04/19,0,0,-233,-233
2010/04/20,0,3000,-878000,-875000
2010/04/21,0,6000,0,6000
2010/04/22,0,0,-1601000,-1601000
2010/04/23,0,0,0,0
2010/04/26,0,0,0,0
2010/04/27,0,6000,-4000,2000
2010/04/28,0,6000,-3000,3000
2010/04/29,0,0,0,0
2010/04/30,0,0,0,0
2010/05/03,0,0,-13000,-13000
2010/05/04,0,0,0,0
2010/05/05,0,2000,-15000,-13000
2010/05/06,0,0,-10000,-10000
2010/05/07,0,9000,-1000,8000
2010/05/10,0,118000,-109000,9000
2010/05/11,0,121000,-109000,12000
2010/05/12,0,4000,0,4000
2010/05/13,0,3000,0,3000
2010/05/14,0,2000,-1014000,-1012000
2010/05/17,0,5000,-1690000,-1685000
2010/05/18,0,0,0,0
2010/05/19,0,0,0,0
2010/05/20,0,8000,-25000,-17000
2010/05/21,0,0,0,0
2010/05/24,0,0,-7000,-7000
2010/05/25,0,3000,-999000,-996000
2010/05/26,0,167000,-254000,-87000
2010/05/27,0,15000,0,15000
2010/05/28,0,0,-6000,-6000
2010/05/31,0,0,-15000,-15000
2010/06/01,0,113000,0,113000
2010/06/02,0,0,-1000,-1000
2010/06/03,0,0,-14000,-14000
2010/06/04,0,0,0,0
2010/06/07,0,2079000,0,2079000
2010/06/08,0,77000,-1000,76000
2010/06/09,0,7000,0,7000
2010/06/10,0,9000,-2000,7000
2010/06/11,0,0,0,0
2010/06/14,0,4000,0,4000
2010/06/15,0,526000,-270000,256000
2010/06/16,0,0,0,0
2010/06/17,0,0,-1041000,-1041000
2010/06/18,0,0,-31000,-31000
2010/06/21,0,0,-2458000,-2458000
2010/06/22,0,0,-908000,-908000
2010/06/23,0,0,-984000,-984000
2010/06/24,0,0,-13000,-13000
2010/06/25,0,600000,-1155000,-555000
2010/06/28,0,454000,0,454000
2010/06/29,0,260000,0,260000
2010/06/30,0,250000,0,250000
2010/07/01,0,500000,0,500000
2010/07/02,0,307000,0,307000
2010/07/05,0,368000,-3000,365000
2010/07/06,0,133000,0,133000
2010/07/07,0,250000,0,250000
2010/07/08,0,164000,0,164000
2010/07/09,0,0,0,0
2010/07/12,0,7000,0,7000
2010/07/13,0,0,-11000,-11000
2010/07/14,0,1857000,0,1857000
2010/07/15,0,1111000,-5000,1106000
2010/07/16,0,704000,-2016000,-1312000
2010/07/19,0,142000,-96000,46000
2010/07/20,0,750000,0,750000
2010/07/21,0,300000,-7000,293000
2010/07/22,0,11000,0,11000
2010/07/23,0,987000,0,987000
2010/07/26,0,0,0,0
2010/07/27,0,59000,-10000,49000
2010/07/28,0,805000,0,805000
2010/07/29,0,897000,0,897000
2010/07/30,0,100000,-4284000,-4184000
2010/08/02,0,30000,-4000,26000
2010/08/03,0,216000,-7000,209000
2010/08/04,0,2000,-19000,-17000
2010/08/05,0,4101000,-21000,4080000
2010/08/06,0,977000,-15000,962000
2010/08/09,0,361000,-3000,358000
2010/08/10,0,114000,0,114000
2010/08/11,0,239000,-2319000,-2080000
2010/08/12,0,0,-24000,-24000
2010/08/13,0,0,-632000,-632000
2010/08/16,0,0,-605000,-605000
2010/08/17,0,4000,-1707000,-1703000
2010/08/18,0,0,-14000,-14000
2010/08/19,0,0,-854000,-854000
2010/08/20,0,0,-2000,-2000
2010/08/23,0,0,0,0
2010/08/24,0,951000,-9000,942000
2010/08/25,0,38000,-9000,29000
2010/08/26,0,98000,-6000,92000
2010/08/27,0,5000,-680000,-675000
2010/08/30,0,10000,-26000,-16000
2010/08/31,0,29000,0,29000
2010/09/01,0,128000,-4942000,-4814000
2010/09/02,0,16000,0,16000
2010/09/03,0,3000,-1000000,-997000
2010/09/06,0,0,0,0
2010/09/07,0,15000,0,15000
2010/09/08,0,0,-639000,-639000
2010/09/09,0,0,-638000,-638000
2010/09/10,0,2480000,0,2480000
2010/09/13,0,0,0,0
2010/09/14,0,10000,-7000,3000
2010/09/15,0,62000,0,62000
2010/09/16,0,0,-21000,-21000
2010/09/17,0,0,-18000,-18000
2010/09/20,0,0,-6000,-6000
2010/09/21,0,0,-10000,-10000
2010/09/22,0,0,0,0
2010/09/23,0,900000,-21000,879000
2010/09/24,0,0,-11000,-11000
2010/09/27,0,0,-13000,-13000
2010/09/28,0,0,0,0
2010/09/29,0,0,0,0
2010/09/30,0,0,-25000,-25000
2010/10/01,0,0,0,0
2010/10/04,0,0,-807000,-807000
2010/10/05,0,0,0,0
2010/10/06,0,0,-21000,-21000
2010/10/07,0,552000,0,552000
2010/10/08,0,0,-166000,-166000
2010/10/11,0,0,0,0
2010/10/12,0,0,-8000,-8000
2010/10/13,0,21000,-496000,-475000
2010/10/14,0,25000,-41000,-16000
2010/10/15,0,0,0,0
2010/10/18,0,0,-5000,-5000
2010/10/19,0,20000,0,20000
2010/10/20,0,0,0,0
2010/10/21,0,0,-163000,-163000
2010/10/22,0,0,-425000,-425000
2010/10/25,0,0,-500000,-500000
2010/10/26,0,16000,0,16000
2010/10/27,0,25000,-2100000,-2075000
2010/10/28,0,0,-318000,-318000
2010/10/29,0,0,0,0
2010/11/01,0,0,0,0
2010/11/02,0,0,0,0
2010/11/03,0,0,0,0
2010/11/04,0,0,0,0
2010/11/05,0,857000,0,857000
2010/11/08,0,500000,0,500000
2010/11/09,0,123000,0,123000
2010/11/10,0,45000,-9000,36000
2010/11/11,0,12000,0,12000
2010/11/12,0,0,-4000,-4000
2010/11/15,0,0,-1501000,-1501000
2010/11/16,0,228000,0,228000
2010/11/17,0,0,-618000,-618000
2010/11/18,0,0,0,0
2010/11/19,0,0,-100000,-100000
2010/11/22,0,0,-20000,-20000
2010/11/23,0,146000,-520000,-374000
2010/11/24,0,0,0,0
2010/11/25,0,40000,-2300000,-2260000
2010/11/26,0,7000,0,7000
2010/11/29,0,0,0,0
2010/11/30,0,0,-153000,-153000
2010/12/01,0,0,-17000,-17000
2010/12/02,0,1000,-21000,-20000
2010/12/03,0,23000,-15000,8000
2010/12/06,0,0,-692000,-692000
2010/12/07,0,19000,-1000,18000
2010/12/08,0,21000,-15000,6000
2010/12/09,0,9000,-6000,3000
2010/12/10,0,0,0,0
2010/12/13,0,0,-21000,-21000
2010/12/14,0,0,0,0
2010/12/15,0,0,0,0
2010/12/16,0,0,-291000,-291000
2010/12/17,0,29000,-8000,21000
2010/12/20,0,0,-13000,-13000
2010/12/21,0,4000,0,4000
2010/12/22,0,10000,-507000,-497000
2010/12/23,0,0,-8000,-8000
2010/12/24,0,0,0,0
2010/12/27,0,0,-7000,-7000
2010/12/28,0,0,-312000,-312000
2010/12/29,0,0,0,0
2010/12/30,0,0,-179000,-179000
2010/12/31,0,2000,-8000,-6000
2011/01/03,0,0,0,0
2011/01/04,0,1000,0,1000
2011/01/05,0,0,0,0
2011/01/06,0,0,0,0
2011/01/07,0,0,0,0
2011/01/10,0,0,-11000,-11000
2011/01/11,0,0,-788000,-788000
2011/01/12,0,0,0,0
2011/01/13,0,0,0,0
2011/01/14,0,0,-18000,-18000
2011/01/17,0,0,0,0
2011/01/18,0,521000,0,521000
2011/01/19,0,8000,-212000,-204000
2011/01/20,0,0,-8000,-8000
2011/01/21,0,0,-8000,-8000
2011/01/24,0,0,0,0
2011/01/25,0,1812000,0,1812000
2011/01/26,0,500000,-139000,361000
2011/01/27,0,6000,-4000,2000
2011/01/28,0,7500000,-198000,7302000
2011/01/31,0,0,0,0
2011/02/01,0,0,0,0
2011/02/02,0,0,0,0
2011/02/03,0,0,0,0
2011/02/04,0,0,0,0
2011/02/07,0,0,0,0
2011/02/08,0,0,0,0
2011/02/09,0,0,0,0
2011/02/10,0,0,-7000,-7000
2011/02/11,0,2283000,0,2283000
2011/02/14,0,1077000,-730000,347000
2011/02/15,0,532000,0,532000
2011/02/16,0,5972000,0,5972000
2011/02/17,0,350000,0,350000
2011/02/18,0,13500000,0,13500000
2011/02/21,0,0,-9000,-9000
2011/02/22,0,0,0,0
2011/02/23,0,0,-11000,-11000
2011/02/24,0,9000,0,9000
2011/02/25,0,11000,-27000,-16000
2011/02/28,0,0,0,0
2011/03/01,0,1788000,0,1788000
2011/03/02,0,1306000,-1000,1305000
2011/03/03,0,2288000,0,2288000
2011/03/04,0,0,0,0
2011/03/07,0,0,-882000,-882000
2011/03/08,0,0,0,0
2011/03/09,0,30000,0,30000
2011/03/10,0,123000,0,123000
2011/03/11,0,37000,0,37000
2011/03/14,0,10000,0,10000
2011/03/15,0,6000,0,6000
2011/03/16,0,0,-349000,-349000
2011/03/17,0,0,-160000,-160000
2011/03/18,0,1180000,-12000,1168000
2011/03/21,0,0,0,0
2011/03/22,0,0,0,0
2011/03/23,0,0,0,0
2011/03/24,0,11000,0,11000
2011/03/25,0,0,0,0
2011/03/28,0,0,0,0
2011/03/29,0,0,-758000,-758000
2011/03/30,0,0,0,0
2011/03/31,0,0,-23000,-23000
2011/04/01,0,1365000,-1000000,365000
2011/04/04,0,0,0,0
2011/04/05,0,0,0,0
2011/04/06,0,0,-10000,-10000
2011/04/07,0,0,0,0
2011/04/08,0,0,-164000,-164000
2011/04/11,0,3000,0,3000
2011/04/12,0,0,-26000,-26000
2011/04/13,0,0,0,0
2011/04/14,0,0,-105000,-105000
2011/04/15,0,0,0,0
2011/04/18,0,0,-5000,-5000
2011/04/19,0,9000,-1000,8000
2011/04/20,0,0,0,0
2011/04/21,0,0,-33000,-33000
2011/04/22,0,0,-124000,-124000
2011/04/25,0,0,-7000,-7000
2011/04/26,0,0,-9000,-9000
2011/04/27,0,787000,-1836000,-1049000
2011/04/28,0,0,-2909000,-2909000
2011/04/29,0,639000,0,639000
2011/05/02,0,0,0,0
2011/05/03,0,77000,-1000,76000
2011/05/04,0,77000,-1100000,-1023000
2011/05/05,0,77000,0,77000
2011/05/06,0,1683000,0,1683000
2011/05/09,0,2387000,0,2387000
2011/05/10,0,270000,0,270000
2011/05/11,0,650000,0,650000
2011/05/12,0,69000,-1505000,-1436000
2011/05/13,0,50000,0,50000
2011/05/16,0,317000,-1500000,-1183000
2011/05/17,0,400000,0,400000
2011/05/18,0,200000,0,200000
2011/05/19,0,3000,-1000,2000
2011/05/20,0,0,-721000,-721000
2011/05/23,0,8000,-58000,-50000
2011/05/24,0,320000,-925000,-605000
2011/05/25,0,96000,0,96000
2011/05/26,0,201000,0,201000
2011/05/27,0,0,0,0
2011/05/30,0,4000,0,4000
2011/05/31,0,198000,-232000,-34000
2011/06/01,0,0,0,0
2011/06/02,0,130000,0,130000
2011/06/03,0,0,-1580000,-1580000
2011/06/06,0,0,0,0
2011/06/07,0,0,0,0
2011/06/08,0,102000,0,102000
2011/06/09,0,0,0,0
2011/06/10,0,66000,0,66000
2011/06/13,0,99000,0,99000
2011/06/14,0,346000,0,346000
2011/06/15,0,118000,-363000,-245000
2011/06/16,0,0,0,0
2011/06/17,0,134000,-672000,-538000
2011/06/20,0,13000,0,13000
2011/06/21,0,18000,-1000,17000
2011/06/22,0,312000,0,312000
2011/06/23,0,9000,-15000,-6000
2011/06/24,0,10000,0,10000
2011/06/27,0,111000,0,111000
2011/06/28,0,89000,-10000,79000
2011/06/29,0,73000,0,73000
2011/06/30,0,11000,0,11000
2011/07/01,0,2000,0,2000
2011/07/04,0,0,0,0
2011/07/05,0,300000,-5000,295000
2011/07/06,0,0,-2000,-2000
2011/07/07,0,0,0,0
2011/07/08,0,2600000,-8000,2592000
2011/07/11,0,0,0,0
2011/07/12,0,309000,0,309000
2011/07/13,0,318000,0,318000
2011/07/14,0,233000,0,233000
2011/07/15,0,20000,-7000,13000
2011/07/18,0,319000,0,319000
2011/07/19,0,113000,0,113000
2011/07/20,0,534000,-271000,263000
2011/07/21,0,7000,0,7000
2011/07/22,0,0,-19000,-19000
2011/07/25,0,0,-36000,-36000
2011/07/26,0,10000,0,10000
2011/07/27,0,0,-17000,-17000
2011/07/28,0,0,-19000,-19000
2011/07/29,0,0,-1300000,-1300000
2011/08/01,0,1700000,0,1700000
2011/08/02,0,0,-382000,-382000
2011/08/03,0,38000,-9000,29000
2011/08/04,0,1577000,0,1577000
2011/08/05,0,1085000,0,1085000
2011/08/08,0,53000,0,53000
2011/08/09,0,898000,0,898000
2011/08/10,0,66000,-19000,47000
2011/08/11,0,85000,0,85000
2011/08/12,0,5000,-30000,-25000
2011/08/15,0,13000,-2800000,-2787000
2011/08/16,0,0,-2698000,-2698000
2011/08/17,0,0,-1458000,-1458000
2011/08/18,0,173000,0,173000
2011/08/19,0,11000,-9000,2000
2011/08/22,0,107000,-2000,105000
2011/08/23,0,13000,0,13000
2011/08/24,0,1200000,0,1200000
2011/08/25,0,0,-330000,-330000
2011/08/26,0,83000,-471000,-388000
2011/08/29,0,18000,0,18000
2011/08/30,0,0,0,0
2011/08/31,0,2000,-10000,-8000
2011/09/01,0,0,-3994000,-3994000
2011/09/02,0,106000,-5078000,-4972000
2011/09/05,0,0,-378000,-378000
2011/09/06,0,0,-9265000,-9265000
2011/09/07,0,26000,-695000,-669000
2011/09/08,0,124000,-909000,-785000
2011/09/09,0,40000,0,40000
2011/09/12,0,0,0,0
2011/09/13,0,355000,-8235,346765
2011/09/14,0,390000,-1154000,-764000
2011/09/15,0,43000,-62000,-19000
2011/09/16,0,55000,-1104000,-1049000
2011/09/19,0,103000,0,103000
2011/09/20,0,146000,-507059,-361059
2011/09/21,0,0,-67047,-67047
2011/09/22,0,0,-13900,-13900
2011/09/23,0,12000,-479193,-467193
2011/09/26,0,42000,-439000,-397000
2011/09/27,0,16000,0,16000
2011/09/28,0,0,-8000,-8000
2011/09/29,0,50100,0,50100
2011/09/30,0,282000,-1152000,-870000
2011/10/03,0,256000,-1294061,-1038061
2011/10/04,0,29000,-2952240,-2923240
2011/10/05,0,461000,-9090500,-8629500
2011/10/06,0,72000,-2442000,-2370000
2011/10/07,0,143000,0,143000
2011/10/10,0,0,0,0
2011/10/11,0,1501000,0,1501000
2011/10/12,0,1200000,-150900,1049100
2011/10/13,0,17000,0,17000
2011/10/14,0,0,-4000,-4000
2011/10/17,0,186000,-7975,178025
2011/10/18,0,21149,0,21149
2011/10/19,0,0,0,0
2011/10/20,0,200000,0,200000
2011/10/21,0,0,0,0
2011/10/24,0,13000,-3000,10000
2011/10/25,0,826000,0,826000
2011/10/26,0,1365000,-162000,1203000
2011/10/27,0,2901000,0,2901000
2011/10/28,0,2114000,0,2114000
2011/10/31,0,802000,-14000,788000
2011/11/01,0,200000,-17000,183000
2011/11/02,0,224000,0,224000
2011/11/03,0,5000,0,5000
2011/11/04,0,300000,-204000,96000
2011/11/07,0,200000,0,200000
2011/11/08,0,216000,0,216000
2011/11/09,0,0,0,0
2011/11/10,0,610000,0,610000
2011/11/11,0,0,-4000,-4000
2011/11/14,0,184000,-17622,166378
2011/11/15,0,0,-2000,-2000
2011/11/16,0,0,0,0
2011/11/17,0,10000,0,10000
2011/11/18,0,9000,0,9000
2011/11/21,0,19000,0,19000
2011/11/22,0,9000,-224000,-215000
2011/11/23,0,31000,0,31000
2011/11/24,0,22000,0,22000
2011/11/25,0,23000,0,23000
2011/11/28,0,119000,0,119000
2011/11/29,0,10000,0,10000
2011/11/30,0,9000,-26000,-17000
2011/12/01,0,0,-50000,-50000
2011/12/02,0,0,0,0
2011/12/05,0,12000,-293000,-281000
2011/12/06,0,0,-449000,-449000
2011/12/07,0,7000,-1378000,-1371000
2011/12/08,0,9000,0,9000
2011/12/09,0,0,-17060,-17060
2011/12/12,0,0,0,0
2011/12/13,0,0,0,0
2011/12/14,0,52000,0,52000
2011/12/15,0,352000,0,352000
2011/12/16,0,5000,-42000,-37000
2011/12/19,0,316000,0,316000
2011/12/20,0,11000,0,11000
2011/12/21,0,0,-30000,-30000
2011/12/22,0,14000,-3754000,-3740000
2011/12/23,0,0,-2857000,-2857000
2011/12/26,0,0,-1177000,-1177000
2011/12/27,0,24000,-564000,-540000
2011/12/28,0,0,-179000,-179000
2011/12/29,0,0,-300000,-300000
2011/12/30,0,0,-501000,-501000
2012/01/02,0,26000,0,26000
2012/01/03,0,0,-691000,-691000
2012/01/04,0,0,-830000,-830000
2012/01/05,0,0,-627742,-627742
2012/01/06,0,0,-308000,-308000
2012/01/09,0,0,-2004429,-2004429
2012/01/10,0,0,-405000,-405000
2012/01/11,0,0,-13000,-13000
2012/01/12,0,0,-49000,-49000
2012/01/13,0,0,-83000,-83000
2012/01/16,0,0,-12000,-12000
2012/01/17,0,0,-300000,-300000
2012/01/18,0,0,-26000,-26000
2012/01/19,0,0,0,0
2012/01/20,0,0,0,0
2012/01/23,0,0,0,0
2012/01/24,0,0,0,0
2012/01/25,0,0,0,0
2012/01/26,0,0,0,0
2012/01/27,0,0,0,0
2012/01/30,0,0,-563000,-563000
2012/01/31,0,258000,-572000,-314000
2012/02/01,0,100000,-19000,81000
2012/02/02,0,0,-16000,-16000
2012/02/03,0,0,-19000,-19000
2012/02/06,0,6308000,-35000,6273000
2012/02/07,0,1649000,0,1649000
2012/02/08,0,2433000,-16000,2417000
2012/02/09,0,507000,-174808,332192
2012/02/10,0,0,-17000,-17000
2012/02/13,0,500000,0,500000
2012/02/14,0,0,-37000,-37000
2012/02/15,0,0,-25000,-25000
2012/02/16,0,1910000,-8000,1902000
2012/02/17,0,881000,0,881000
2012/02/20,0,0,-10000,-10000
2012/02/21,0,602000,0,602000
2012/02/22,0,40000,0,40000
2012/02/23,0,0,-9000,-9000
2012/02/24,0,0,-39000,-39000
2012/02/27,0,0,0,0
2012/02/28,0,0,0,0
2012/02/29,0,0,-46000,-46000
2012/03/01,0,501000,-63000,438000
2012/03/02,0,0,-18000,-18000
2012/03/05,0,1311000,-9000,1302000
2012/03/06,0,0,-3000,-3000
2012/03/07,0,0,-3000,-3000
2012/03/08,0,0,-22560,-22560
2012/03/09,0,0,-6000,-6000
2012/03/12,0,0,-7000,-7000
2012/03/13,0,120000,-23000,97000
2012/03/14,0,22000,-150000,-128000
2012/03/15,0,506000,-164000,342000
2012/03/16,0,0,-291000,-291000
2012/03/19,0,0,-102000,-102000
2012/03/20,0,4000,-11000,-7000
2012/03/21,0,0,0,0
2012/03/22,0,0,0,0
2012/03/23,0,0,-412000,-412000
2012/03/26,0,455000,-5000,450000
2012/03/27,0,0,0,0
2012/03/28,0,0,-698000,-698000
2012/03/29,0,495000,0,495000
2012/03/30,0,80000,-12000,68000
2012/04/02,0,0,-1139000,-1139000
2012/04/03,0,0,0,0
2012/04/04,0,0,0,0
2012/04/05,0,5000,-8774,-3774
2012/04/06,0,22000,-217000,-195000
2012/04/09,0,0,-2982000,-2982000
2012/04/10,0,0,0,0
2012/04/11,0,0,0,0
2012/04/12,0,1725000,-1000,1724000
2012/04/13,0,22000,0,22000
2012/04/16,0,8000,0,8000
2012/04/17,0,0,-560000,-560000
2012/04/18,0,0,0,0
2012/04/19,0,891000,0,891000
2012/04/20,0,1018000,0,1018000
2012/04/23,0,5000,0,5000
2012/04/24,0,24000,0,24000
2012/04/25,0,0,0,0
2012/04/26,0,0,0,0
2012/04/27,0,0,0,0
2012/04/30,0,0,0,0
2012/05/01,0,0,0,0
2012/05/02,0,76000,0,76000
2012/05/03,0,1522350,0,1522350
2012/05/04,0,619000,-51000,568000
2012/05/07,0,470000,-1567000,-1097000
2012/05/08,0,0,0,0
2012/05/09,0,0,-2743000,-2743000
2012/05/10,0,800000,0,800000
2012/05/11,0,25000,-490000,-465000
2012/05/14,0,0,0,0
2012/05/15,0,57000,-276000,-219000
2012/05/16,0,34000,-445000,-411000
2012/05/17,0,0,0,0
2012/05/18,0,27000,0,27000
2012/05/21,0,0,-277000,-277000
2012/05/22,0,0,-110000,-110000
2012/05/23,0,0,-21000,-21000
2012/05/24,0,0,0,0
2012/05/25,0,0,-810000,-810000
2012/05/28,0,0,-1091000,-1091000
2012/05/29,0,82000,0,82000
2012/05/30,0,3344,-548000,-544656
2012/05/31,0,0,-1028000,-1028000
2012/06/01,0,0,-645000,-645000
2012/06/04,0,31000,-373000,-342000
2012/06/05,0,1000,0,1000
2012/06/06,0,7916000,-186000,7730000
2012/06/07,0,3779000,0,3779000
2012/06/08,0,126000,0,126000
2012/06/11,0,1100000,0,1100000
2012/06/12,0,0,0,0
2012/06/13,0,41000,0,41000
2012/06/14,0,1830000,-7000,1823000
2012/06/15,0,1112000,-373000,739000
2012/06/18,0,0,-1000,-1000
2012/06/19,0,494000,-600000,-106000
2012/06/20,0,0,0,0
2012/06/21,0,2652000,0,2652000
2012/06/22,0,0,0,0
2012/06/25,0,0,-57000,-57000
2012/06/26,0,0,-334300,-334300
2012/06/27,0,0,0,0
2012/06/28,0,0,-30000,-30000
2012/06/29,0,0,0,0
2012/07/02,0,2896000,-18000,2878000
2012/07/03,0,727000,0,727000
2012/07/04,0,1500000,0,1500000
2012/07/05,0,830000,-6000,824000
2012/07/06,0,0,-26000,-26000
2012/07/09,0,0,0,0
2012/07/10,0,2000,0,2000
2012/07/11,0,789000,-70000,719000
2012/07/12,0,4554000,0,4554000
2012/07/13,0,1717000,0,1717000
2012/07/16,0,500000,-2000,498000
2012/07/17,0,1718000,0,1718000
2012/07/18,0,0,0,0
2012/07/19,0,3000,0,3000
2012/07/20,0,290000,0,290000
2012/07/23,0,739000,-44000,695000
2012/07/24,0,555000,-1000,554000
2012/07/25,0,0,0,0
2012/07/26,0,38000,0,38000
2012/07/27,0,450237,0,450237
2012/07/30,0,600000,-1863000,-1263000
2012/07/31,0,0,0,0
2012/08/01,0,3890000,-7000,3883000
2012/08/02,0,0,0,0
2012/08/03,0,0,0,0
2012/08/06,0,11000,-12000,-1000
2012/08/07,0,16000,0,16000
2012/08/08,0,0,-200000,-200000
2012/08/09,0,186000,0,186000
2012/08/10,0,12000,-3609000,-3597000
2012/08/13,0,402000,0,402000
2012/08/14,0,0,0,0
2012/08/15,0,19000,-113000,-94000
2012/08/16,0,0,0,0
2012/08/17,0,301467,0,301467
2012/08/20,0,0,-32000,-32000
2012/08/21,0,0,0,0
2012/08/22,0,600000,0,600000
2012/08/23,0,506000,-133000,373000
2012/08/24,0,300000,0,300000
2012/08/27,0,3000,0,3000
2012/08/28,0,1000,0,1000
2012/08/29,0,0,-2190000,-2190000
2012/08/30,0,0,-150000,-150000
2012/08/31,0,24000,-93000,-69000
2012/09/03,0,0,-527000,-527000
2012/09/04,0,0,-1600000,-1600000
2012/09/05,0,6000,-3948000,-3942000
2012/09/06,0,12000,-450000,-438000
2012/09/07,0,10000,-548000,-538000
2012/09/10,0,0,0,0
2012/09/11,0,0,-200000,-200000
2012/09/12,0,64000,0,64000
2012/09/13,0,5000,0,5000
2012/09/14,0,3000,-1017000,-1014000
2012/09/17,0,3005000,0,3005000
2012/09/18,0,0,-7679240,-7679240
2012/09/19,0,0,-209000,-209000
2012/09/20,0,80000,-2673000,-2593000
2012/09/21,0,48504,-64608,-16104
2012/09/24,0,3000,-29320,-26320
2012/09/25,0,0,0,0
2012/09/26,0,0,-31000,-31000
2012/09/27,0,3000,0,3000
2012/09/28,0,125000,-5000,120000
2012/10/01,0,4000,0,4000
2012/10/02,0,0,0,0
2012/10/03,0,0,0,0
2012/10/04,0,0,0,0
2012/10/05,0,0,-4000,-4000
2012/10/08,0,0,-85636,-85636
2012/10/09,0,176000,0,176000
2012/10/10,0,0,0,0
2012/10/11,0,0,-295000,-295000
2012/10/12,0,0,-1000,-1000
2012/10/15,0,0,-906000,-906000
2012/10/16,0,0,-2000,-2000
2012/10/17,0,8000,-300000,-292000
2012/10/18,0,0,-28000,-28000
2012/10/19,0,0,0,0
2012/10/22,0,0,-300000,-300000
2012/10/23,0,33000,0,33000
2012/10/24,0,450000,-615000,-165000
2012/10/25,0,1540000,-2000,1538000
2012/10/26,0,210000,0,210000
2012/10/29,0,0,-1919,-1919
2012/10/30,0,0,-2000,-2000
2012/10/31,0,0,-12000,-12000
2012/11/01,0,0,-170000,-170000
2012/11/02,0,45000,-21000,24000
2012/11/05,0,181724,-3342960,-3161236
2012/11/06,0,0,-1620000,-1620000
2012/11/07,0,0,0,0
2012/11/08,0,0,-58000,-58000
2012/11/09,0,974000,0,974000
2012/11/12,0,584000,0,584000
2012/11/13,0,17000,0,17000
2012/11/14,0,0,0,0
2012/11/15,0,0,-28000,-28000
2012/11/16,0,285000,0,285000
2012/11/19,0,0,0,0
2012/11/20,0,0,0,0
2012/11/21,0,300000,-2000,298000
2012/11/22,0,0,-9226738,-9226738
2012/11/23,0,650000,0,650000
2012/11/26,0,675000,-2000,673000
2012/11/27,0,0,-26000,-26000
2012/11/28,0,322000,-6000,316000
2012/11/29,0,0,-2000,-2000
2012/11/30,0,78000,-325000,-247000
2012/12/03,0,0,-2000,-2000
2012/12/04,0,100000,-5000,95000
2012/12/05,0,0,-5000,-5000
2012/12/06,0,100000,0,100000
2012/12/07,0,200000,-2000,198000
2012/12/10,0,1805000,-86000,1719000
2012/12/11,0,100000,0,100000
2012/12/12,0,2593000,-175000,2418000
2012/12/13,0,1482000,-86000,1396000
2012/12/14,0,615000,-214000,401000
2012/12/17,0,0,-28000,-28000
2012/12/18,0,987000,-36000,951000
2012/12/19,0,587000,0,587000
2012/12/20,0,499000,-1404000,-905000
2012/12/21,0,0,-457000,-457000
2012/12/24,0,0,-600000,-600000
2012/12/25,0,0,0,0
2012/12/26,0,251000,-301000,-50000
2012/12/27,0,2929000,-1000,2928000
2012/12/28,0,1343000,-3000,1340000
2012/12/31,0,0,0,0
2013/01/01,0,0,0,0
2013/01/02,0,0,-1001510,-1001510
2013/01/03,0,1700000,-15000,1685000
2013/01/04,0,900000,-529000,371000
2013/01/07,0,0,-81000,-81000
2013/01/08,0,1656000,-2000,1654000
2013/01/09,0,2336000,-145448,2190552
2013/01/10,0,7668000,-672000,6996000
2013/01/11,0,1527000,-39000,1488000
2013/01/14,0,935000,0,935000
2013/01/15,0,0,-203000,-203000
2013/01/16,0,2654000,-21000,2633000
2013/01/17,0,984000,-1586062,-602062
2013/01/18,0,0,-345000,-345000
2013/01/21,0,0,-37000,-37000
2013/01/22,0,192000,-9000,183000
2013/01/23,0,1000000,-319000,681000
2013/01/24,0,11000,-526000,-515000
2013/01/25,0,0,-8000,-8000
2013/01/28,0,1170000,0,1170000
2013/01/29,0,750000,0,750000
2013/01/30,0,5492000,0,5492000
2013/01/31,0,20000,-8000,12000
2013/02/01,0,140000,0,140000
2013/02/04,0,6065000,-125000,5940000
2013/02/05,0,1978000,-231000,1747000
2013/02/06,0,3964000,-28000,3936000
2013/02/07,0,0,0,0
2013/02/08,0,0,0,0
2013/02/11,0,0,0,0
2013/02/12,0,0,0,0
2013/02/13,0,0,0,0
2013/02/14,0,0,0,0
2013/02/15,0,0,0,0
2013/02/18,0,157000,-170000,-13000
2013/02/19,0,950000,-510000,440000
2013/02/20,0,4350000,-500724,3849276
2013/02/21,0,3000000,-1160000,1840000
2013/02/22,0,3451000,-536000,2915000
2013/02/25,0,2700000,0,2700000
2013/02/26,0,0,-835000,-835000
2013/02/27,0,250000,-23000,227000
2013/02/28,0,0,0,0
2013/03/01,0,847000,-508000,339000
2013/03/04,0,100000,-433000,-333000
2013/03/05,0,650000,-271000,379000
2013/03/06,0,3200000,0,3200000
2013/03/07,0,100000,0,100000
2013/03/08,0,1792000,-446000,1346000
2013/03/11,0,1641000,-148350,1492650
2013/03/12,0,1533000,-534000,999000
2013/03/13,0,341000,-1926000,-1585000
2013/03/14,0,600000,-622000,-22000
2013/03/15,0,2003000,-191000,1812000
2013/03/18,0,58000,-1555000,-1497000
2013/03/19,0,300000,-200000,100000
2013/03/20,0,722000,0,722000
2013/03/21,0,200000,-2560000,-2360000
2013/03/22,0,0,-561000,-561000
2013/03/25,0,0,-1000,-1000
2013/03/26,0,0,0,0
2013/03/27,0,0,-101000,-101000
2013/03/28,0,0,-682000,-682000
2013/03/29,0,0,0,0
2013/04/01,0,0,-297000,-297000
2013/04/02,0,1130000,-313000,817000
2013/04/03,0,4513000,-16684000,-12171000
2013/04/04,0,0,0,0
2013/04/05,0,0,0,0
2013/04/08,0,1731000,-10781038,-9050038
2013/04/09,0,0,-5909000,-5909000
2013/04/10,0,100000,0,100000
2013/04/11,0,0,-550000,-550000
2013/04/12,0,1200000,-775000,425000
2013/04/15,0,400000,-6000,394000
2013/04/16,0,500000,0,500000
2013/04/17,0,0,-66000,-66000
2013/04/18,0,0,-1000,-1000
2013/04/19,0,510736,0,510736
2013/04/22,0,0,-1080000,-1080000
2013/04/23,0,0,-1226000,-1226000
2013/04/24,0,0,-208000,-208000
2013/04/25,0,200000,-1291000,-1091000
2013/04/26,0,0,-14000,-14000
2013/04/29,0,0,-17000,-17000
2013/04/30,0,0,0,0
2013/05/01,0,0,0,0
2013/05/02,0,0,-1005000,-1005000
2013/05/03,0,85000,-32000,53000
2013/05/06,0,85000,-20000,65000
2013/05/07,0,0,-1002000,-1002000
2013/05/08,0,250000,-3000,247000
2013/05/09,0,145000,-1779000,-1634000
2013/05/10,0,0,-126000,-126000
2013/05/13,0,0,-471000,-471000
2013/05/14,0,0,-2000,-2000
2013/05/15,0,0,-2000,-2000
2013/05/16,0,0,-2640497,-2640497
2013/05/17,0,0,-3000,-3000
2013/05/20,0,0,-1011000,-1011000
2013/05/21,0,0,-10000,-10000
2013/05/22,0,0,-793000,-793000
2013/05/23,0,0,-4000,-4000
2013/05/24,0,0,-19000,-19000
2013/05/27,0,0,-31500,-31500
2013/05/28,0,17000,-361000,-344000
2013/05/29,0,200000,-230000,-30000
2013/05/30,0,0,-4000,-4000
2013/05/31,0,2000,-352000,-350000
2013/06/03,0,0,-50000,-50000
2013/06/04,0,0,0,0
2013/06/05,0,0,-661000,-661000
2013/06/06,0,0,-200000,-200000
2013/06/07,0,0,-100000,-100000
2013/06/10,0,0,0,0
2013/06/11,0,0,-231000,-231000
2013/06/12,0,0,0,0
2013/06/13,0,0,-135000,-135000
2013/06/14,0,14502,-150000,-135498
2013/06/17,0,0,-3000,-3000
2013/06/18,0,0,-6000,-6000
2013/06/19,0,0,-4000,-4000
2013/06/20,0,0,-200000,-200000
2013/06/21,0,47274,-403000,-355726
2013/06/24,0,35000,-101000,-66000
2013/06/25,0,0,-2427000,-2427000
2013/06/26,0,250000,-2103000,-1853000
2013/06/27,0,185665,-1000,184665
2013/06/28,0,140000,0,140000
2013/07/01,0,330000,-1009000,-679000
2013/07/02,0,400000,-1734000,-1334000
2013/07/03,0,0,-3234000,-3234000
2013/07/04,0,1235059,-122000,1113059
2013/07/05,0,1337000,-11000,1326000
2013/07/08,0,0,-200,-200
2013/07/09,0,250000,-300000,-50000
2013/07/10,0,1345750,-220000,1125750
2013/07/11,0,103992,-20504,83488
2013/07/12,0,70000,-158000,-88000
2013/07/15,0,0,0,0
2013/07/16,0,0,0,0
2013/07/17,0,0,-200000,-200000
2013/07/18,0,4000,-394000,-390000
2013/07/19,0,809000,0,809000
2013/07/22,0,0,0,0
2013/07/23,0,4000,0,4000
2013/07/24,0,3000,0,3000
2013/07/25,0,1000,0,1000
2013/07/26,0,672000,0,672000
2013/07/29,0,210000,0,210000
2013/07/30,0,423000,-2000,421000
2013/07/31,0,3050000,-7000,3043000
2013/08/01,0,2341000,-856000,1485000
2013/08/02,0,830000,0,830000
2013/08/05,0,300000,-2000,298000
2013/08/06,0,30000,0,30000
2013/08/07,0,0,-1000,-1000
2013/08/08,0,0,-73360,-73360
2013/08/09,0,0,0,0
2013/08/12,0,3000,0,3000
2013/08/13,0,0,0,0
2013/08/14,0,39000,0,39000
2013/08/15,0,203719,-4000,199719
2013/08/16,0,88000,-1223000,-1135000
2013/08/19,0,11000,-820000,-809000
2013/08/20,0,51000,-500000,-449000
2013/08/21,0,0,0,0
2013/08/22,0,11000,-500000,-489000
2013/08/23,0,21000,-200000,-179000
2013/08/26,0,32000,0,32000
2013/08/27,0,0,0,0
2013/08/28,0,17000,0,17000
2013/08/29,0,0,0,0
2013/08/30,0,91000,0,91000
2013/09/02,0,0,-1669000,-1669000
2013/09/03,0,3528896,0,3528896
2013/09/04,0,580000,-220000,360000
2013/09/05,0,6000,-200000,-194000
2013/09/06,0,12000,-750000,-738000
2013/09/09,0,0,-906000,-906000
2013/09/10,0,230000,-633000,-403000
2013/09/11,0,985000,0,985000
2013/09/12,0,36000,-4000,32000
2013/09/13,0,40000,-278868,-238868
2013/09/16,0,6000,-1512000,-1506000
2013/09/17,0,124616,-1236000,-1111384
2013/09/18,0,11000,-1473880,-1462880
2013/09/19,0,0,0,0
2013/09/20,0,0,0,0
2013/09/23,0,0,0,0
2013/09/24,0,0,-995,-995
2013/09/25,0,0,-142329,-142329
2013/09/26,0,0,-247746,-247746
2013/09/27,0,0,0,0
2013/09/30,0,6000,-3000,3000
2013/10/01,0,2000,-185176,-183176
2013/10/02,0,166000,-523318,-357318
2013/10/03,0,364000,-991326,-627326
2013/10/04,0,802000,-2000,800000
2013/10/07,0,5000,-402375,-397375
2013/10/08,0,550000,-150000,400000
2013/10/09,0,0,0,0
2013/10/10,0,0,0,0
2013/10/11,0,0,0,0
2013/10/14,0,0,0,0
2013/10/15,0,0,-2000,-2000
2013/10/16,0,0,-100000,-100000
2013/10/17,0,2000,0,2000
2013/10/18,0,0,-202000,-202000
2013/10/21,0,0,-132922,-132922
2013/10/22,0,0,-1125642,-1125642
2013/10/23,0,0,-2000,-2000
2013/10/24,0,0,-200000,-200000
2013/10/25,0,0,-3000,-3000
2013/10/28,0,0,-108000,-108000
2013/10/29,0,0,-3000,-3000
2013/10/30,0,0,0,0
2013/10/31,0,0,-44060,-44060
2013/11/01,0,0,-132000,-132000
2013/11/04,0,0,-100000,-100000
2013/11/05,0,1568000,0,1568000
2013/11/06,0,0,-1000,-1000
2013/11/07,0,0,-139821,-139821
2013/11/08,0,330000,0,330000
2013/11/11,0,118000,0,118000
2013/11/12,0,436000,-22000,414000
2013/11/13,0,0,-2202000,-2202000
2013/11/14,0,0,0,0
2013/11/15,0,129000,0,129000
2013/11/18,0,0,0,0
2013/11/19,0,0,0,0
2013/11/20,0,0,0,0
2013/11/21,0,0,-4000,-4000
2013/11/22,0,0,0,0
2013/11/25,0,1864739,0,1864739
2013/11/26,0,250000,-21000,229000
2013/11/27,0,195000,0,195000
2013/11/28,0,74000,0,74000
2013/11/29,0,290000,-2135000,-1845000
2013/12/02,0,0,-2000,-2000
2013/12/03,0,0,-2465383,-2465383
2013/12/04,0,0,-2503819,-2503819
2013/12/05,0,0,-2000,-2000
2013/12/06,0,0,0,0
2013/12/09,0,0,-266000,-266000
2013/12/10,0,0,0,0
2013/12/11,0,0,-400000,-400000
2013/12/12,0,0,-503000,-503000
2013/12/13,0,0,0,0
2013/12/16,0,0,0,0
2013/12/17,0,0,-4000,-4000
2013/12/18,0,0,-4000,-4000
2013/12/19,0,0,-372000,-372000
2013/12/20,0,69000,-706996,-637996
2013/12/23,0,0,0,0
2013/12/24,0,0,-30000,-30000
2013/12/25,0,0,-27000,-27000
2013/12/26,0,0,0,0
2013/12/27,0,22000,0,22000
2013/12/30,0,0,-8000,-8000
2013/12/31,0,0,-49000,-49000
2014/01/02,0,0,-28000,-28000
2014/01/03,0,0,-3037,-3037
2014/01/06,0,0,-2106000,-2106000
2014/01/07,0,0,-788000,-788000
2014/01/08,0,2000,0,2000
2014/01/09,0,0,-3000,-3000
2014/01/10,0,0,-704000,-704000
2014/01/13,0,0,-341000,-341000
2014/01/14,0,5000,-1000,4000
2014/01/15,0,0,-260000,-260000
2014/01/16,0,0,0,0
2014/01/17,0,0,-4000,-4000
2014/01/20,0,0,-2831000,-2831000
2014/01/21,0,0,-1294000,-1294000
2014/01/22,0,0,-3144729,-3144729
2014/01/23,0,0,-2000,-2000
2014/01/24,0,0,-1081109,-1081109
2014/01/27,0,0,-2000,-2000
2014/02/05,0,52395,0,52395
2014/02/06,0,0,0,0
2014/02/07,0,0,-894000,-894000
2014/02/10,0,8000,0,8000
2014/02/11,0,0,-1265464,-1265464
2014/02/12,0,0,-500897,-500897
2014/02/13,0,0,-4093,-4093
2014/02/14,0,0,0,0
2014/02/17,0,0,0,0
2014/02/18,0,0,-4006000,-4006000
2014/02/19,0,0,-3054674,-3054674
2014/02/20,0,0,-418874,-418874
2014/02/21,0,0,-142643,-142643
2014/02/24,0,0,-248907,-248907
2014/02/25,0,0,0,0
2014/02/26,0,0,-494000,-494000
2014/02/27,0,0,-450041,-450041
2014/03/03,0,0,-5000,-5000
2014/03/04,0,0,0,0
2014/03/05,0,1000,-17251,-16251
2014/03/06,0,0,-17000,-17000
2014/03/07,0,0,-22387,-22387
2014/03/10,0,0,-35000,-35000
2014/03/11,0,0,-7000,-7000
2014/03/12,0,0,-1000,-1000
2014/03/13,0,0,0,0
2014/03/14,0,0,-1000,-1000
2014/03/17,0,0,-3000,-3000
2014/03/18,0,0,-1000,-1000
2014/03/19,0,1608000,-17077,1590923
2014/03/20,0,0,0,0
2014/03/21,0,0,0,0
2014/03/24,0,0,0,0
2014/03/25,0,0,-99551,-99551
2014/03/26,0,492000,0,492000
2014/03/27,0,0,0,0
2014/03/28,0,0,-8000,-8000
2014/03/31,0,0,-17161,-17161
2014/04/01,0,0,-429892,-429892
2014/04/02,0,0,0,0
2014/04/03,0,0,-125000,-125000
2014/04/07,0,0,-30000,-30000
2014/04/08,0,0,0,0
2014/04/09,0,0,0,0
2014/04/10,0,815832,0,815832
2014/04/11,0,0,0,0
2014/04/14,0,0,0,0
2014/04/15,0,0,0,0
2014/04/16,0,0,0,0
2014/04/17,0,0,-38422,-38422
2014/04/18,0,175000,-2000,173000
2014/04/21,0,3000,-271910,-268910
2014/04/22,0,0,-2000,-2000
2014/04/23,0,0,-26509,-26509
2014/04/24,0,0,0,0
2014/04/25,0,0,0,0
2014/04/28,0,0,0,0
2014/04/29,0,0,0,0
2014/04/30,0,17766,-7000,10766
2014/05/02,0,0,0,0
2014/05/05,0,116000,-240000,-124000
2014/05/06,0,912000,-7200228,-6288228
2014/05/07,0,796000,0,796000
2014/05/08,0,456000,0,456000
2014/05/09,0,0,0,0
2014/05/12,0,172000,0,172000
2014/05/13,0,0,0,0
2014/05/14,0,0,0,0
2014/05/15,0,0,0,0
2014/05/16,0,16784,0,16784
2014/05/19,0,526000,-274000,252000
2014/05/20,0,0,0,0
2014/05/21,0,0,-1000,-1000
2014/05/22,0,286000,0,286000
2014/05/23,0,0,0,0
2014/05/26,0,224000,-32000,192000
2014/05/27,0,0,-67000,-67000
2014/05/28,0,552024,-2000,550024
2014/05/29,0,815000,-4000,811000
2014/05/30,0,825000,-216000,609000
2014/06/03,0,477000,0,477000
2014/06/04,0,166000,0,166000
2014/06/05,0,448000,0,448000
2014/06/06,0,0,-3000,-3000
2014/06/09,0,0,-2000,-2000
2014/06/10,0,0,-17000,-17000
2014/06/11,0,0,-30000,-30000
2014/06/12,0,0,-324000,-324000
2014/06/13,0,0,-25000,-25000
2014/06/16,0,0,-30000,-30000
2014/06/17,0,0,-964120,-964120
2014/06/18,0,3000,0,3000
2014/06/19,0,0,0,0
2014/06/20,0,0,-473000,-473000
2014/06/23,0,0,0,0
2014/06/24,0,0,-92000,-92000
2014/06/25,0,0,-9000,-9000
2014/06/26,0,0,0,0
2014/06/27,0,0,-17042,-17042
2014/06/30,0,17042,-45747,-28705
2014/07/01,0,0,-17132,-17132
2014/07/02,0,150000,-20570,129430
2014/07/03,0,0,-52114,-52114
2014/07/04,0,0,0,0
2014/07/07,0,0,-15189,-15189
2014/07/08,0,170000,-8000,162000
2014/07/09,0,150000,-14792,135208
2014/07/10,0,255000,0,255000
2014/07/11,0,58000,0,58000
2014/07/14,0,286000,0,286000
2014/07/15,0,0,-65000,-65000
2014/07/16,0,0,0,0
2014/07/17,0,45000,0,45000
2014/07/18,0,22000,0,22000
2014/07/21,0,0,0,0
2014/07/22,0,154000,0,154000
2014/07/23,0,0,0,0
2014/07/24,0,35000,0,35000
2014/07/25,0,11000,0,11000
2014/07/28,0,0,-316000,-316000
2014/07/29,0,35000,-486000,-451000
2014/07/30,0,41000,-1183000,-1142000
2014/07/31,0,68000,0,68000
2014/08/01,0,49000,0,49000
2014/08/04,0,0,-1000,-1000
2014/08/05,0,0,0,0
2014/08/06,0,15000,0,15000
2014/08/07,0,67000,0,67000
2014/08/08,0,90000,0,90000
2014/08/11,0,30000,0,30000
2014/08/12,0,15000,0,15000
2014/08/13,0,14000,0,14000
2014/08/14,0,39000,0,39000
2014/08/15,0,16000,0,16000
2014/08/18,0,33000,0,33000
2014/08/19,0,12000,0,12000
2014/08/20,0,8000,0,8000
2014/08/21,0,119000,0,119000
2014/08/22,0,0,0,0
2014/08/25,0,0,0,0
2014/08/26,0,2000,0,2000
2014/08/27,0,4000,0,4000
2014/08/28,0,69000,0,69000
2014/08/29,0,3000,-878000,-875000
2014/09/01,0,375000,-400000,-25000
2014/09/02,0,0,-399000,-399000
2014/09/03,0,38000,0,38000
2014/09/04,0,747000,0,747000
2014/09/05,0,44000,-329000,-285000
2014/09/09,0,21000,-469000,-448000
2014/09/10,0,0,0,0
2014/09/11,0,62000,0,62000
2014/09/12,0,51000,-486000,-435000
2014/09/15,0,6000,0,6000
2014/09/16,0,19000,0,19000
2014/09/17,0,24000,-2000,22000
2014/09/18,0,0,0,0
2014/09/19,0,738000,-29000,709000
2014/09/22,0,60143,0,60143
2014/09/23,0,17000,-392000,-375000
2014/09/24,0,7000,0,7000
2014/09/25,0,845000,-238000,607000
2014/09/26,0,0,0,0
2014/09/29,0,0,0,0
2014/09/30,0,65000,0,65000
2014/10/01,0,0,0,0
2014/10/02,0,2000,0,2000
2014/10/03,0,0,0,0
2014/10/06,0,360000,0,360000
2014/10/07,0,0,-42000,-42000
2014/10/08,0,5000,-798000,-793000
2014/10/09,0,0,-398201,-398201
2014/10/13,0,0,0,0
2014/10/14,0,0,-840000,-840000
2014/10/15,0,28000,0,28000
2014/10/16,0,0,0,0
2014/10/17,0,8000,0,8000
2014/10/20,0,0,0,0
2014/10/21,0,24000,0,24000
2014/10/22,0,0,0,0
2014/10/23,0,36000,-208,35792
2014/10/24,0,0,-7000,-7000
2014/10/27,0,0,-107000,-107000
2014/10/28,0,0,-198000,-198000
2014/10/29,0,381000,-18631,362369
2014/10/30,0,571000,-1000,570000
2014/10/31,0,13000,-24000,-11000
2014/11/03,0,47000,-7000,40000
2014/11/04,0,51000,0,51000
2014/11/05,0,109000,0,109000
2014/11/06,0,1097000,0,1097000
2014/11/07,0,479000,-39000,440000
2014/11/10,0,0,0,0
2014/11/11,0,58000,0,58000
2014/11/12,0,134000,0,134000
2014/11/13,0,266000,0,266000
2014/11/14,0,1112000,0,1112000
2014/11/17,0,0,-75000,-75000
2014/11/18,0,266000,0,266000
2014/11/19,0,166000,0,166000
2014/11/20,0,296000,-405000,-109000
2014/11/21,0,166000,0,166000
2014/11/24,0,0,0,0
2014/11/25,0,1256000,-3000,1253000
2014/11/26,0,0,-104145,-104145
2014/11/27,0,1264000,-207000,1057000
2014/11/28,0,166000,0,166000
2014/12/01,0,0,0,0
2014/12/02,0,0,-100000,-100000
2014/12/03,0,13000,0,13000
2014/12/04,0,449000,0,449000
2014/12/05,0,0,-123000,-123000
2014/12/08,0,0,-7000,-7000
2014/12/09,0,0,0,0
2014/12/10,0,0,-43000,-43000
2014/12/11,0,2029,-1000,1029
2014/12/12,0,0,0,0
2014/12/15,0,0,0,0
2014/12/16,0,9000,-22000,-13000
2014/12/17,0,0,0,0
2014/12/18,0,0,0,0
2014/12/19,0,218000,0,218000
2014/12/22,0,0,0,0
2014/12/23,0,0,-1000,-1000
2014/12/24,0,120000,0,120000
2014/12/25,0,0,0,0
2014/12/26,0,0,-600473,-600473
2014/12/29,0,0,-15000,-15000
2014/12/30,0,60000,-7000,53000
2014/12/31,0,65000,-18000,47000
2015/01/01,0,0,0,0
2015/01/02,0,0,0,0
2015/01/05,0,0,0,0
2015/01/06,0,0,-201000,-201000
2015/01/07,0,0,-147000,-147000
2015/01/08,0,0,-106000,-106000
2015/01/09,0,0,-513000,-513000
2015/01/12,0,0,0,0
2015/01/13,0,0,0,0
2015/01/14,0,0,-7000,-7000
2015/01/15,0,0,0,0
2015/01/16,0,0,0,0
2015/01/19,0,0,-18000,-18000
2015/01/20,0,0,0,0
2015/01/21,0,725000,0,725000
2015/01/22,0,0,-163000,-163000
2015/01/23,0,0,-104000,-104000
2015/01/26,0,0,0,0
2015/01/27,0,279000,-679000,-400000
2015/01/28,0,0,0,0
2015/01/29,0,214000,-643000,-429000
2015/01/30,0,0,-401000,-401000
2015/02/02,0,0,-523000,-523000
2015/02/03,0,0,-285000,-285000
2015/02/04,0,0,-266000,-266000
2015/02/05,0,150000,0,150000
2015/02/06,0,58000,0,58000
2015/02/09,0,50000,-282000,-232000
2015/02/10,0,0,-269000,-269000
2015/02/11,0,0,-48000,-48000
2015/02/12,0,0,-7000,-7000
2015/02/13,0,2032000,-893000,1139000
2015/02/16,0,0,0,0
2015/02/17,0,0,0,0
2015/02/18,0,0,0,0
2015/02/19,0,0,0,0
2015/02/20,0,0,0,0
2015/02/23,0,0,0,0
2015/02/24,0,0,-1784000,-1784000
2015/02/25,0,0,-51000,-51000
2015/02/26,0,34000,-544989,-510989
2015/02/27,0,0,0,0
2015/03/02,0,0,0,0
2015/03/03,0,0,-253000,-253000
2015/03/04,0,300000,-46000,254000
2015/03/05,0,0,-16000,-16000
2015/03/06,0,0,0,0
2015/03/09,0,0,-11000,-11000
2015/03/10,0,0,0,0
2015/03/11,0,0,0,0
2015/03/12,0,0,-154107,-154107
2015/03/13,0,0,-250000,-250000
2015/03/16,0,8000,0,8000
2015/03/17,0,0,-5000,-5000
2015/03/18,0,0,-376968,-376968
2015/03/19,0,0,-6000,-6000
2015/03/20,0,1000,-70000,-69000
2015/03/23,0,0,-5000,-5000
2015/03/24,0,0,-13000,-13000
2015/03/25,0,0,-4000,-4000
2015/03/26,0,0,0,0
2015/03/27,0,0,-111000,-111000
2015/03/30,0,0,0,0
2015/03/31,0,0,-41000,-41000
2015/04/01,0,0,0,0
2015/04/02,0,0,0,0
2015/04/03,0,0,0,0
2015/04/06,0,0,0,0
2015/04/07,0,0,0,0
2015/04/08,0,0,0,0
2015/04/09,0,0,0,0
2015/04/10,0,0,0,0
2015/04/13,0,0,0,0
2015/04/14,0,0,-8000,-8000
2015/04/15,0,0,-115000,-115000
2015/04/16,0,0,0,0
2015/04/17,0,0,0,0
2015/04/20,0,0,-6000,-6000
2015/04/21,0,0,0,0
2015/04/22,0,0,0,0
2015/04/23,0,264000,0,264000
2015/04/24,0,0,-855101,-855101
2015/04/27,0,261000,0,261000
2015/04/28,0,0,-3000,-3000
2015/04/29,0,0,-13000,-13000
2015/04/30,0,0,-4000,-4000
2015/05/01,0,0,0,0
2015/05/04,0,0,0,0
2015/05/05,0,0,-4000,-4000
2015/05/06,0,0,0,0
2015/05/07,0,0,0,0
2015/05/08,0,0,0,0
2015/05/11,0,4000,0,4000
2015/05/12,0,0,0,0
2015/05/13,0,0,-2000,-2000
2015/05/14,0,7000,0,7000
2015/05/15,0,0,-6000,-6000
2015/05/18,0,0,-669000,-669000
2015/05/19,0,0,-71000,-71000
2015/05/20,0,261000,0,261000
2015/05/21,0,0,0,0
2015/05/22,0,0,-80000,-80000
2015/05/25,0,0,0,0
2015/05/26,0,0,-100000,-100000
2015/05/27,0,2000,0,2000
2015/05/28,0,0,-9000,-9000
2015/05/29,0,926000,0,926000
2015/06/01,0,0,0,0
2015/06/02,0,0,0,0
2015/06/03,0,0,-3000,-3000
2015/06/04,0,1932,-9000,-7068
2015/06/05,0,0,-1023000,-1023000
2015/06/08,0,0,0,0
2015/06/09,0,0,0,0
2015/06/10,0,0,-21000,-21000
2015/06/11,0,0,0,0
2015/06/12,0,0,-14000,-14000
2015/06/15,0,0,0,0
2015/06/16,0,0,-3000,-3000
2015/06/17,0,0,-100000,-100000
2015/06/18,0,1030000,0,1030000
2015/06/19,0,0,0,0
2015/06/22,0,16000,-36000,-20000
2015/06/23,0,191000,0,191000
2015/06/24,0,0,-78000,-78000
2015/06/25,0,0,-11000,-11000
2015/06/26,0,0,-200000,-200000
2015/06/29,0,0,-2000,-2000
2015/06/30,0,36000,0,36000
2015/07/01,0,0,0,0
2015/07/02,0,0,0,0
2015/07/03,0,0,-1000,-1000
2015/07/06,0,0,0,0
2015/07/07,0,0,0,0
2015/07/08,0,0,0,0
2015/07/09,0,5000,-22000,-17000
2015/07/10,0,0,0,0
2015/07/13,0,0,-1000,-1000
2015/07/14,0,0,0,0
2015/07/15,0,43000,0,43000
2015/07/16,0,1000,0,1000
2015/07/17,0,0,-91000,-91000
2015/07/20,0,0,0,0
2015/07/21,0,4000,0,4000
2015/07/22,0,0,0,0
2015/07/23,0,76000,0,76000
2015/07/24,0,184000,0,184000
2015/07/27,0,19000,0,19000
2015/07/28,0,141000,0,141000
2015/07/29,0,61000,0,61000
2015/07/30,0,40000,0,40000
2015/07/31,0,10000,0,10000
2015/08/03,0,211000,0,211000
2015/08/04,0,125000,0,125000
2015/08/05,0,104000,0,104000
2015/08/06,0,135000,0,135000
2015/08/07,0,158000,0,158000
2015/08/10,0,144000,0,144000
2015/08/11,0,12000,-406000,-394000
2015/08/12,0,1399000,0,1399000
2015/08/13,0,355000,0,355000
2015/08/14,0,0,0,0
2015/08/17,0,8000,0,8000
2015/08/18,0,1000,0,1000
2015/08/19,0,520000,-21000,499000
2015/08/20,0,5000,0,5000
2015/08/21,0,341000,0,341000
2015/08/24,0,0,0,0
2015/08/25,0,3973,0,3973
2015/08/26,0,151000,0,151000
2015/08/27,0,42000,0,42000
2015/08/28,0,8000,0,8000
2015/08/31,0,5000,-88000,-83000
2015/09/01,0,113000,-2396000,-2283000
2015/09/02,0,228000,0,228000
2015/09/03,0,103000,0,103000
2015/09/04,0,4000,-3000,1000
2015/09/07,0,62000,0,62000
2015/09/08,0,37000,0,37000
2015/09/09,0,2000,0,2000
2015/09/10,0,0,0,0
2015/09/11,0,34000,0,34000
2015/09/14,0,17000,0,17000
2015/09/15,0,18000,0,18000
2015/09/16,0,0,0,0
2015/09/17,0,0,0,0
2015/09/18,0,3000,-686000,-683000
2015/09/21,0,23000,-14000,9000
2015/09/22,0,0,-486194,-486194
2015/09/23,0,0,0,0
2015/09/24,0,0,0,0
2015/09/25,0,2000,-1176000,-1174000
2015/09/28,0,0,0,0
2015/09/29,0,0,0,0
2015/09/30,0,0,-504,-504
2015/10/01,0,364000,-80000,284000
2015/10/02,0,74000,0,74000
2015/10/05,0,410000,0,410000
2015/10/06,0,209000,0,209000
2015/10/07,0,352000,0,352000
2015/10/08,0,0,0,0
2015/10/09,0,0,0,0
2015/10/12,0,0,0,0
2015/10/13,0,683000,0,683000
2015/10/14,0,0,0,0
2015/10/15,0,0,0,0
2015/10/16,0,22000,0,22000
2015/10/19,0,200000,0,200000
2015/10/20,0,1243000,0,1243000
2015/10/21,0,807000,0,807000
2015/10/22,0,0,0,0
2015/10/23,0,0,-143000,-143000
2015/10/26,0,0,0,0
2015/10/27,0,0,0,0
2015/10/28,0,0,0,0
2015/10/29,0,0,-2000,-2000
2015/10/30,0,0,-8000,-8000
2015/11/02,0,0,0,0
2015/11/03,0,20000,0,20000
2015/11/04,0,86000,-48,85952
2015/11/05,0,2000,0,2000
2015/11/06,0,0,0,0
2015/11/09,0,69000,0,69000
2015/11/10,0,0,0,0
2015/11/11,0,210000,0,210000
2015/11/12,0,0,0,0
2015/11/13,0,0,0,0
2015/11/16,0,353000,0,353000
2015/11/17,0,0,-30000,-30000
2015/11/18,0,649000,-900000,-251000
2015/11/19,0,0,-575948,-575948
2015/11/20,0,0,0,0
2015/11/23,0,0,-5000,-5000
2015/11/24,0,0,0,0
2015/11/25,0,0,0,0
2015/11/26,0,0,0,0
2015/11/27,0,0,0,0
2015/11/30,0,1000,-12000,-11000
2015/12/01,0,0,0,0
2015/12/02,0,0,0,0
2015/12/03,0,0,-74000,-74000
2015/12/04,0,0,0,0
2015/12/07,0,0,0,0
2015/12/08,0,0,0,0
2015/12/09,0,667000,0,667000
2015/12/10,0,0,0,0
2015/12/11,0,0,0,0
2015/12/14,0,166000,-2335,163665
2015/12/15,0,166000,0,166000
2015/12/16,0,0,-6000,-6000
2015/12/17,0,166000,0,166000
2015/12/18,0,166000,-42000,124000
2015/12/21,0,0,0,0
2015/12/22,0,96000,0,96000
2015/12/23,0,0,0,0
2015/12/24,0,0,0,0
2015/12/25,0,0,0,0
2015/12/28,0,184000,0,184000
2015/12/29,0,158000,0,158000
2015/12/30,0,0,0,0
2015/12/31,0,0,0,0
2016/01/01,0,0,0,0
2016/01/04,0,166000,-833113,-667113
2016/01/05,0,0,-12000,-12000
2016/01/06,0,1000,0,1000
2016/01/07,0,0,-8000,-8000
2016/01/08,0,50000,0,50000
2016/01/11,0,0,0,0
2016/01/12,0,0,-4000,-4000
2016/01/13,0,0,-3000,-3000
2016/01/14,0,0,0,0
2016/01/15,0,2000,-71000,-69000
2016/01/18,0,0,0,0
2016/01/19,0,0,0,0
2016/01/20,0,0,-71000,-71000
2016/01/21,0,0,0,0
2016/01/22,0,0,0,0
2016/01/25,0,0,-9000,-9000
2016/01/26,0,0,-49000,-49000
2016/01/27,0,0,0,0
2016/01/28,0,752000,-3000,749000
2016/01/29,0,455000,0,455000
2016/02/01,0,0,0,0
2016/02/02,0,0,0,0
2016/02/03,0,0,-896000,-896000
2016/02/04,0,0,0,0
2016/02/05,0,0,0,0
2016/02/08,0,0,0,0
2016/02/09,0,0,0,0
2016/02/10,0,0,0,0
2016/02/11,0,0,0,0
2016/02/12,0,0,0,0
2016/02/15,0,0,-4436,-4436
2016/02/16,0,0,0,0
2016/02/17,0,4000,-2000,2000
2016/02/18,0,0,0,0
2016/02/19,0,10000,0,10000
2016/02/22,0,0,0,0
2016/02/23,0,0,0,0
2016/02/24,0,0,0,0
2016/02/25,0,0,0,0
2016/02/26,0,0,-172382,-172382
2016/02/29,0,0,0,0
2016/03/01,0,0,0,0
2016/03/02,0,0,-47203,-47203
2016/03/03,0,0,0,0
2016/03/04,0,300000,0,300000
2016/03/07,0,0,0,0
2016/03/08,0,0,-4000,-4000
2016/03/09,0,0,-62000,-62000
2016/03/10,0,1000,0,1000
2016/03/11,0,0,0,0
2016/03/14,0,0,0,0
2016/03/15,0,0,-2000,-2000
2016/03/16,0,1000,0,1000
2016/03/17,0,0,0,0
2016/03/18,0,84000,0,84000
2016/03/21,0,0,0,0
2016/03/22,0,0,0,0
2016/03/23,0,0,-9000,-9000
2016/03/24,0,0,0,0
2016/03/25,0,0,0,0
2016/03/28,0,2000,0,2000
2016/03/29,0,0,-3000,-3000
2016/03/30,0,0,-1767000,-1767000
2016/03/31,0,0,-438000,-438000
2016/04/01,0,0,0,0
2016/04/04,0,0,0,0
2016/04/05,0,0,0,0
2016/04/06,0,0,0,0
2016/04/07,0,0,-1000,-1000
2016/04/08,0,0,0,0
2016/04/11,0,0,0,0
2016/04/12,0,0,-482000,-482000
2016/04/13,0,0,-708000,-708000
2016/04/14,0,0,0,0
2016/04/15,0,70000,0,70000
2016/04/18,0,0,0,0
2016/04/19,0,0,0,0
2016/04/20,0,1000,0,1000
2016/04/21,0,0,0,0
2016/04/22,0,0,0,0
2016/04/25,0,0,-2000,-2000
2016/04/26,0,553000,0,553000
2016/04/27,0,0,0,0
2016/04/28,0,0,0,0
2016/04/29,0,0,0,0
2016/05/02,0,0,0,0
2016/05/03,0,0,0,0
2016/05/04,0,0,0,0
2016/05/05,0,3000,0,3000
2016/05/06,0,219000,0,219000
2016/05/09,0,0,0,0
2016/05/10,0,143294,0,143294
2016/05/11,0,0,0,0
2016/05/12,0,0,0,0
2016/05/13,0,2000,0,2000
2016/05/16,0,0,0,0
2016/05/17,0,0,0,0
2016/05/18,0,0,0,0
2016/05/19,0,0,-1036000,-1036000
2016/05/20,0,0,0,0
2016/05/23,0,0,0,0
2016/05/24,0,0,-863174,-863174
2016/05/25,0,0,0,0
2016/05/26,0,0,-4000,-4000
2016/05/27,0,421000,0,421000
2016/05/30,0,0,0,0
2016/05/31,0,0,-415000,-415000
2016/06/01,0,0,0,0
2016/06/02,0,0,-1250000,-1250000
2016/06/03,0,1000,-1000,0
2016/06/06,0,217000,0,217000
2016/06/07,0,0,0,0
2016/06/08,0,0,0,0
2016/06/09,0,0,0,0
2016/06/10,0,0,0,0
2016/06/13,0,0,0,0
2016/06/14,0,0,0,0
2016/06/15,0,0,0,0
2016/06/16,0,0,-37000,-37000
2016/06/17,0,0,-110000,-110000
2016/06/20,0,0,-20000,-20000
2016/06/21,0,0,0,0
2016/06/22,0,0,0,0
2016/06/23,0,0,0,0
2016/06/24,0,237000,-46000,191000
2016/06/27,0,222000,0,222000
2016/06/28,0,4000,0,4000
2016/06/29,0,0,0,0
2016/06/30,0,1000,0,1000
2016/07/01,0,0,0,0
2016/07/04,0,0,0,0
2016/07/05,0,0,-80000,-80000
2016/07/06,0,0,-84000,-84000
2016/07/07,0,0,0,0
2016/07/08,0,0,0,0
2016/07/11,0,0,0,0
2016/07/12,0,0,0,0
2016/07/13,0,0,0,0
2016/07/14,0,37000,-7000,30000
2016/07/15,0,0,0,0
2016/07/18,0,0,0,0
2016/07/19,0,17000,-5000,12000
2016/07/20,0,83000,-42000,41000
2016/07/21,0,4000,-50000,-46000
2016/07/22,0,138000,-83000,55000
2016/07/25,0,390000,0,390000
2016/07/26,0,129000,0,129000
2016/07/27,0,3000,-12000,-9000
2016/07/28,0,3000,0,3000
2016/07/29,0,0,-42612,-42612
2016/08/01,0,0,0,0
2016/08/02,0,0,-10000,-10000
2016/08/03,0,28000,-26000,2000
2016/08/04,0,52000,-9000,43000
2016/08/05,0,1000,-38000,-37000
2016/08/08,0,2000,-16000,-14000
2016/08/09,0,1000,0,1000
2016/08/10,0,1000,0,1000
2016/08/11,0,12000,-7000,5000
2016/08/12,0,4000,-18000,-14000
2016/08/15,0,26000,0,26000
2016/08/16,0,0,-29000,-29000
2016/08/17,0,8000,0,8000
2016/08/18,0,0,-11000,-11000
2016/08/19,0,6000,-384000,-378000
2016/08/22,0,0,0,0
2016/08/23,0,0,0,0
2016/08/24,0,0,-23000,-23000
2016/08/25,0,0,0,0
2016/08/26,0,3000,0,3000
2016/08/29,0,0,0,0
2016/08/30,0,68000,0,68000
2016/08/31,0,113000,-9000,104000
2016/09/01,0,207000,0,207000
2016/09/02,0,0,0,0
2016/09/05,0,0,-7000,-7000
2016/09/06,0,0,0,0
2016/09/07,0,21000,0,21000
2016/09/08,0,0,0,0
2016/09/09,0,2000,0,2000
2016/09/12,0,0,0,0
2016/09/13,0,7000,0,7000
2016/09/14,0,131000,0,131000
2016/09/15,0,0,0,0
2016/09/16,0,0,0,0
2016/09/19,0,0,0,0
2016/09/20,0,0,0,0
2016/09/21,0,0,0,0
2016/09/22,0,0,0,0
2016/09/23,0,0,0,0
2016/09/26,0,0,0,0
2016/09/27,0,0,0,0
2016/09/28,0,0,0,0
2016/09/29,0,0,0,0
2016/09/30,0,126753,0,126753
2016/10/03,0,0,0,0
2016/10/04,0,0,0,0
2016/10/05,0,0,0,0
2016/10/06,0,0,0,0
2016/10/07,0,0,0,0
2016/10/10,0,0,0,0
2016/10/11,0,3000,0,3000
2016/10/12,0,0,-3000,-3000
2016/10/13,0,4000,0,4000
2016/10/14,0,0,0,0
2016/10/17,0,0,0,0
2016/10/18,0,0,0,0
2016/10/19,0,0,0,0
2016/10/20,0,49000,0,49000
2016/10/21,0,29000,0,29000
2016/10/24,0,0,0,0
2016/10/25,0,0,-1426000,-1426000
2016/10/26,0,0,0,0
2016/10/27,0,0,0,0
2016/10/28,0,0,0,0
2016/10/31,0,0,0,0
2016/11/01,0,0,-3000,-3000
2016/11/02,0,150,0,150
2016/11/03,0,2000,0,2000
2016/11/04,0,0,0,0
2016/11/07,0,0,0,0
2016/11/08,0,0,0,0
2016/11/09,0,0,0,0
2016/11/10,0,0,-619000,-619000
2016/11/11,0,0,-1006000,-1006000
2016/11/14,0,0,-420000,-420000
2016/11/15,0,200000,0,200000
2016/11/16,0,0,-14416,-14416
2016/11/17,0,0,-684520,-684520
2016/11/18,0,400000,0,400000
2016/11/21,0,0,0,0
2016/11/22,0,280000,0,280000
2016/11/23,0,0,0,0
2016/11/24,0,0,0,0
2016/11/25,0,0,0,0
2016/11/28,0,0,0,0
2016/11/29,0,1000,-108000,-107000
2016/11/30,0,1000,0,1000
2016/12/01,0,78000,0,78000
2016/12/02,0,0,0,0
2016/12/05,0,0,0,0
2016/12/06,0,0,0,0
2016/12/07,0,0,0,0
2016/12/08,0,0,0,0
2016/12/09,0,0,0,0
2016/12/12,0,0,0,0
2016/12/13,0,0,0,0
2016/12/14,0,0,0,0
2016/12/15,0,0,0,0
2016/12/16,0,0,0,0
2016/12/19,0,0,0,0
2016/12/20,0,0,0,0
2016/12/21,0,0,0,0
2016/12/22,0,0,0,0
2016/12/23,0,0,0,0
2016/12/26,0,0,0,0
2016/12/27,0,0,0,0
2016/12/28,0,0,0,0
2016/12/29,0,0,0,0
2016/12/30,0,0,0,0
2017/01/02,0,0,0,0
2017/01/03,0,0,0,0
2017/01/04,0,0,0,0
2017/01/05,0,36000,0,36000
2017/01/06,0,19000,0,19000
2017/01/09,0,0,0,0
2017/01/10,0,0,0,0
2017/01/11,0,0,0,0
2017/01/12,0,0,0,0
2017/01/13,0,0,0,0
2017/01/16,0,0,0,0
2017/01/17,0,0,0,0
2017/01/18,0,0,0,0
2017/01/19,0,0,0,0
2017/01/20,0,0,0,0
2017/01/23,0,1681,0,1681
2017/01/24,0,12000,0,12000
2017/01/25,0,0,0,0
2017/01/26,0,0,0,0
2017/01/27,0,0,0,0
2017/01/30,0,0,0,0
2017/01/31,0,0,0,0
2017/02/01,0,0,0,0
2017/02/02,0,0,0,0
2017/02/03,0,137000,0,137000
2017/02/06,0,0,0,0
2017/02/07,0,0,-263000,-263000
2017/02/08,0,0,0,0
2017/02/09,0,3000,0,3000
2017/02/10,0,0,0,0
2017/02/13,0,0,0,0
2017/02/14,0,4000,0,4000
2017/02/15,0,0,-228000,-228000
2017/02/16,0,0,0,0
2017/02/17,0,4000,0,4000
2017/02/20,0,0,0,0
2017/02/21,0,0,0,0
2017/02/22,0,0,0,0
2017/02/23,0,3000,0,3000
2017/02/24,0,0,0,0
2017/02/27,0,0,0,0
2017/02/28,0,0,0,0
2017/03/01,0,0,0,0
2017/03/02,0,0,0,0
2017/03/03,0,6000,-19000,-13000
2017/03/06,0,0,0,0
2017/03/07,0,590000,0,590000
2017/03/08,0,0,0,0
2017/03/09,0,0,0,0
2017/03/10,0,0,0,0
2017/03/13,0,0,0,0
2017/03/14,0,0,-42000,-42000
2017/03/15,0,0,0,0
2017/03/16,0,235000,0,235000
2017/03/17,0,18000,0,18000
2017/03/20,0,0,-7000,-7000
2017/03/21,0,8000,0,8000
2017/03/22,0,0,0,0
2017/03/23,0,0,0,0
2017/03/24,0,3000,0,3000
2017/03/27,0,0,0,0
2017/03/28,0,0,0,0
2017/03/29,0,0,-371000,-371000
2017/03/30,0,0,0,0
2017/03/31,0,0,0,0
2017/04/03,0,0,0,0
2017/04/04,0,0,0,0
2017/04/05,0,0,0,0
2017/04/06,0,0,0,0
2017/04/07,0,6000,0,6000
2017/04/10,0,5000,0,5000
2017/04/11,0,0,0,0
2017/04/12,0,0,0,0
2017/04/13,0,0,-132000,-132000
2017/04/14,0,0,-50000,-50000
2017/04/17,0,0,0,0
2017/04/18,0,4000,0,4000
2017/04/19,0,0,0,0
2017/04/20,0,4000,0,4000
2017/04/21,0,0,0,0
2017/04/24,0,0,0,0
2017/04/25,0,546,0,546
2017/04/26,0,4000,0,4000
2017/04/27,0,5000,-10000,-5000
2017/04/28,0,0,-20000,-20000
2017/05/01,0,0,0,0
2017/05/02,0,0,-1000,-1000
2017/05/03,0,0,0,0
2017/05/04,0,0,0,0
2017/05/05,0,0,0,0
2017/05/08,0,0,0,0
2017/05/09,0,0,0,0
2017/05/10,0,0,0,0
2017/05/11,0,0,0,0
2017/05/12,0,0,0,0
2017/05/15,0,421000,0,421000
2017/05/16,0,1231000,-5000,1226000
2017/05/17,0,0,0,0
2017/05/18,0,0,-159000,-159000
2017/05/19,0,0,0,0
2017/05/22,0,0,-5000,-5000
2017/05/23,0,0,0,0
2017/05/24,0,0,0,0
2017/05/25,0,0,-10000,-10000
2017/05/26,0,0,-58000,-58000
2017/05/29,0,0,0,0
2017/05/30,0,0,0,0
2017/05/31,0,18000,-2000,16000
2017/06/01,0,0,0,0
2017/06/02,0,0,-42000,-42000
2017/06/05,0,0,-197000,-197000
2017/06/06,0,0,-269000,-269000
2017/06/07,0,0,-15000,-15000
2017/06/08,0,0,-7000,-7000
2017/06/09,0,0,-15000,-15000
2017/06/12,0,0,0,0
2017/06/13,0,0,0,0
2017/06/14,0,0,-4000,-4000
2017/06/15,0,0,0,0
2017/06/16,0,250000,0,250000
2017/06/19,0,14000,-1629000,-1615000
2017/06/20,0,1000,-31000,-30000
2017/06/21,0,0,-856000,-856000
2017/06/22,0,0,-649000,-649000
2017/06/23,0,0,-219195,-219195
2017/06/26,0,0,-15000,-15000
2017/06/27,0,0,-11000,-11000
2017/06/28,0,0,0,0
2017/06/29,0,0,-5000,-5000
2017/06/30,0,0,-2000,-2000
2017/07/03,0,0,-37000,-37000
2017/07/04,0,3000,-10000,-7000
2017/07/05,0,0,0,0
2017/07/06,0,0,0,0
2017/07/07,0,0,0,0
2017/07/10,0,0,-10000,-10000
2017/07/11,0,0,0,0
2017/07/12,0,0,-21000,-21000
2017/07/13,0,1000,-23000,-22000
2017/07/14,0,0,-21000,-21000
2017/07/17,0,293,0,293
2017/07/18,0,0,-1296000,-1296000
2017/07/19,0,0,0,0
2017/07/20,0,8000,0,8000
2017/07/21,0,0,0,0
2017/07/24,0,0,0,0
2017/07/25,0,0,0,0
2017/07/26,0,1000,-19000,-18000
2017/07/27,0,0,0,0
2017/07/28,0,2000,0,2000
2017/07/31,0,19000,0,19000
2017/08/01,0,11000,-44000,-33000
2017/08/02,0,15000,0,15000
2017/08/03,0,20000,0,20000
2017/08/04,0,0,0,0
2017/08/07,0,20000,0,20000
2017/08/08,0,35000,0,35000
2017/08/09,0,37000,0,37000
2017/08/10,0,20000,0,20000
2017/08/11,0,0,-52000,-52000
2017/08/14,0,25000,-5000,20000
2017/08/15,0,240000,0,240000
2017/08/16,0,851000,0,851000
2017/08/17,0,1000,0,1000
2017/08/18,0,0,0,0
