Date,Open,Buy,Sell,Total
2007/04/23,0,9000,-439000,-430000
2007/04/24,0,63000,-466000,-403000
2007/04/25,0,21000,-991000,-970000
2007/04/26,0,96000,-282000,-186000
2007/04/27,0,7000,-182000,-175000
2007/04/30,0,2000,-74000,-72000
2007/05/01,0,0,0,0
2007/05/02,0,18000,-878000,-860000
2007/05/03,0,33000,-199000,-166000
2007/05/04,0,136000,-207000,-71000
2007/05/07,0,28000,-30000,-2000
2007/05/08,0,27000,-140000,-113000
2007/05/09,0,28000,-41000,-13000
2007/05/10,0,7000,-48000,-41000
2007/05/11,0,9000,-422000,-413000
2007/05/14,0,0,-164000,-164000
2007/05/15,0,49000,-73000,-24000
2007/05/16,0,0,-55000,-55000
2007/05/17,0,40000,-66000,-26000
2007/05/18,0,0,-219000,-219000
2007/05/21,0,180000,-54000,126000
2007/05/22,0,517000,-134000,383000
2007/05/23,0,93000,-126000,-33000
2007/05/24,0,24000,-79000,-55000
2007/05/25,0,13000,-153000,-140000
2007/05/28,0,43000,-92000,-49000
2007/05/29,0,553000,-154000,399000
2007/05/30,0,73000,-67000,6000
2007/05/31,0,565000,-5000,560000
2007/06/01,0,183000,-5000,178000
2007/06/04,0,25000,-53000,-28000
2007/06/05,0,17000,-279000,-262000
2007/06/06,0,24000,-305000,-281000
2007/06/07,0,113000,-41000,72000
2007/06/08,0,100000,-254000,-154000
2007/06/11,0,36000,-415000,-379000
2007/06/12,0,152000,-180000,-28000
2007/06/13,0,0,-105000,-105000
2007/06/14,0,60000,-774000,-714000
2007/06/15,0,347000,-33000,314000
2007/06/18,0,0,0,0
2007/06/19,0,0,0,0
2007/06/20,0,1422000,-522000,900000
2007/06/21,0,852000,-79000,773000
2007/06/22,0,982000,-7000,975000
2007/06/25,0,270000,-11000,259000
2007/06/26,0,3000,-363000,-360000
2007/06/27,0,163000,-53000,110000
2007/06/28,0,267000,0,267000
2007/06/29,0,536000,-671000,-135000
2007/07/02,0,17000,-536000,-519000
2007/07/03,0,247000,-207000,40000
2007/07/04,0,514000,-122000,392000
2007/07/05,0,222000,-22000,200000
2007/07/06,0,76000,-282000,-206000
2007/07/09,0,615000,-440000,175000
2007/07/10,0,296000,-95000,201000
2007/07/11,0,195000,-138280,56720
2007/07/12,0,2296000,-852280,1443720
2007/07/13,0,253000,-447000,-194000
2007/07/16,0,292040,-664559,-372519
2007/07/17,0,1253000,-131000,1122000
2007/07/18,0,555000,-2032000,-1477000
2007/07/19,0,564000,-1066283,-502283
2007/07/20,0,197000,-356000,-159000
2007/07/23,0,45000,-734000,-689000
2007/07/24,0,178000,-631000,-453000
2007/07/25,0,413000,-12000,401000
2007/07/26,0,156000,-885000,-729000
2007/07/27,0,1072000,-2544000,-1472000
2007/07/30,0,363000,-604000,-241000
2007/07/31,0,305000,-787000,-482000
2007/08/01,0,382000,-1842000,-1460000
2007/08/02,0,463000,-270860,192140
2007/08/03,0,40000,-723000,-683000
2007/08/06,0,17000,-103000,-86000
2007/08/07,0,1000,-1079000,-1078000
2007/08/08,0,1036000,-606000,430000
2007/08/09,0,120000,-663094,-543094
2007/08/10,0,216000,-647000,-431000
2007/08/13,0,53000,-1335000,-1282000
2007/08/14,0,35000,-884000,-849000
2007/08/15,0,835000,-196000,639000
2007/08/16,0,672000,-461000,211000
2007/08/17,0,479000,-128000,351000
2007/08/20,0,200000,-123169,76831
2007/08/21,0,199000,-126000,73000
2007/08/22,0,171001,-298000,-126999
2007/08/23,0,136000,-1077000,-941000
2007/08/24,0,40000,-385000,-345000
2007/08/27,0,40000,-568000,-528000
2007/08/28,0,0,-64000,-64000
2007/08/29,0,47000,-320000,-273000
2007/08/30,0,118000,-249000,-131000
2007/08/31,0,758000,-43000,715000
2007/09/03,0,0,-533000,-533000
2007/09/04,0,172000,-204000,-32000
2007/09/05,0,159000,-448000,-289000
2007/09/06,0,136000,-46000,90000
2007/09/07,0,338000,-93000,245000
2007/09/10,0,135000,-149000,-14000
2007/09/11,0,56000,-52000,4000
2007/09/12,0,114000,-50000,64000
2007/09/13,0,170000,-58000,112000
2007/09/14,0,402000,-12000,390000
2007/09/17,0,148000,-382000,-234000
2007/09/18,0,0,0,0
2007/09/19,0,444000,-140000,304000
2007/09/20,0,159000,-713000,-554000
2007/09/21,0,223000,-75000,148000
2007/09/24,0,0,0,0
2007/09/25,0,0,0,0
2007/09/26,0,226000,-60000,166000
2007/09/27,0,1523000,-65000,1458000
2007/09/28,0,2044000,-503000,1541000
2007/10/01,0,78000,-420000,-342000
2007/10/02,0,2014000,-336000,1678000
2007/10/03,0,1536000,-546000,990000
2007/10/04,0,498000,-1233000,-735000
2007/10/05,0,820000,-276000,544000
2007/10/08,0,551000,-426000,125000
2007/10/09,0,0,-572000,-572000
2007/10/10,0,0,0,0
2007/10/11,0,612000,-13000,599000
2007/10/12,0,678000,-515000,163000
2007/10/15,0,53000,-505000,-452000
2007/10/16,0,1904000,-218000,1686000
2007/10/17,0,1216000,-217000,999000
2007/10/18,0,2141000,-4000,2137000
2007/10/19,0,13000,-26000,-13000
2007/10/22,0,852000,-2956000,-2104000
2007/10/23,0,301000,-1112000,-811000
2007/10/24,0,315000,-36000,279000
2007/10/25,0,518000,-118000,400000
2007/10/26,0,666000,0,666000
2007/10/29,0,41000,-75000,-34000
2007/10/30,0,325000,-55000,270000
2007/10/31,0,1576000,-60000,1516000
2007/11/01,0,390000,-798000,-408000
2007/11/02,0,1044016,-348000,696016
2007/11/05,0,321000,-1235000,-914000
2007/11/06,0,40000,-1048000,-1008000
2007/11/07,0,348000,-635000,-287000
2007/11/08,0,483000,-248000,235000
2007/11/09,0,740000,-465000,275000
2007/11/12,0,345000,-283000,62000
2007/11/13,0,709000,-639000,70000
2007/11/14,0,65000,-125000,-60000
2007/11/15,0,185000,-7000,178000
2007/11/16,0,425000,-29000,396000
2007/11/19,0,178000,0,178000
2007/11/20,0,742000,-31000,711000
2007/11/21,0,86000,-407000,-321000
2007/11/22,0,533000,-29000,504000
2007/11/23,0,366000,-73000,293000
2007/11/26,0,175000,-324000,-149000
2007/11/27,0,365000,-330000,35000
2007/11/28,0,55000,-262000,-207000
2007/11/29,0,312000,-196000,116000
2007/11/30,0,23000,-422000,-399000
2007/12/03,0,25000,-309000,-284000
2007/12/04,0,104000,-56000,48000
2007/12/05,0,400000,-159000,241000
2007/12/06,0,269000,-5000,264000
2007/12/07,0,8000,-53000,-45000
2007/12/10,0,35000,-186000,-151000
2007/12/11,0,121000,-3000,118000
2007/12/12,0,284000,-53000,231000
2007/12/13,0,108000,-15000,93000
2007/12/14,0,374000,-15000,359000
2007/12/17,0,176000,-358000,-182000
2007/12/18,0,661000,-177000,484000
2007/12/19,0,288000,-257000,31000
2007/12/20,0,49000,-146000,-97000
2007/12/21,0,268000,-93000,175000
2007/12/24,0,338000,-2000,336000
2007/12/25,0,287000,-57000,230000
2007/12/26,0,18000,-107000,-89000
2007/12/27,0,866000,-630000,236000
2007/12/28,0,129000,-450000,-321000
2007/12/31,0,133000,-113000,20000
2008/01/01,0,0,0,0
2008/01/02,0,75000,-28000,47000
2008/01/03,0,249000,-8000,241000
2008/01/04,0,345000,-358000,-13000
2008/01/07,0,326000,-850000,-524000
2008/01/08,0,130000,-520000,-390000
2008/01/09,0,115000,-60000,55000
2008/01/10,0,253000,-88000,165000
2008/01/11,0,595000,-716000,-121000
2008/01/14,0,1186000,-113000,1073000
2008/01/15,0,331000,-385000,-54000
2008/01/16,0,4708000,-3660000,1048000
2008/01/17,0,4395000,-2910000,1485000
2008/01/18,0,4098000,-2442000,1656000
2008/01/21,0,906000,-1702000,-796000
2008/01/22,0,205000,-2274000,-2069000
2008/01/23,0,405000,-1893000,-1488000
2008/01/24,0,2056000,-838000,1218000
2008/01/25,0,931000,-590000,341000
2008/01/28,0,196000,-246000,-50000
2008/01/29,0,2454000,-1373000,1081000
2008/01/30,0,359000,-648000,-289000
2008/01/31,0,397000,-22000,375000
2008/02/01,0,1646000,-8000,1638000
2008/02/04,0,0,0,0
2008/02/05,0,0,0,0
2008/02/06,0,0,0,0
2008/02/07,0,0,0,0
2008/02/08,0,0,0,0
2008/02/11,0,0,0,0
2008/02/12,0,332000,-878000,-546000
2008/02/13,0,564000,-535000,29000
2008/02/14,0,1944000,-142000,1802000
2008/02/15,0,926000,-506000,420000
2008/02/18,0,427000,-483000,-56000
2008/02/19,0,1523000,-563000,960000
2008/02/20,0,1600000,-857000,743000
2008/02/21,0,951000,-1619000,-668000
2008/02/22,0,881000,-1956000,-1075000
2008/02/25,0,474000,-181508,292492
2008/02/26,0,1571000,-1098000,473000
2008/02/27,0,138000,-1389420,-1251420
2008/02/28,0,0,0,0
2008/02/29,0,1492000,-661000,831000
2008/03/03,0,797000,-923785,-126785
2008/03/04,0,461000,-619000,-158000
2008/03/05,0,964000,-57000,907000
2008/03/06,0,1445000,-112524,1332476
2008/03/07,0,771000,-240000,531000
2008/03/10,0,1492000,-924534,567466
2008/03/11,0,914000,-327000,587000
2008/03/12,0,861000,-111493,749507
2008/03/13,0,438000,-485374,-47374
2008/03/14,0,522000,-327841,194159
2008/03/17,0,1649000,-135000,1514000
2008/03/18,0,756000,-38000,718000
2008/03/19,0,1571000,-418000,1153000
2008/03/20,0,3627000,-1354000,2273000
2008/03/21,0,3323000,-185000,3138000
2008/03/24,0,3437000,-5643000,-2206000
2008/03/25,0,2469000,-1536000,933000
2008/03/26,0,2081000,-5143000,-3062000
2008/03/27,0,1457000,-944000,513000
2008/03/28,0,2534000,-1434000,1100000
2008/03/31,0,737000,-1016447,-279447
2008/04/01,0,1164000,-2322000,-1158000
2008/04/02,0,1941000,-1222000,719000
2008/04/03,0,2521000,-1426000,1095000
2008/04/04,0,0,0,0
2008/04/07,0,300000,-664000,-364000
2008/04/08,0,313000,-1041000,-728000
2008/04/09,0,2967000,-197678,2769322
2008/04/10,0,1093000,-886016,206984
2008/04/11,0,2416000,-2673000,-257000
2008/04/14,0,952000,-1683280,-731280
2008/04/15,0,244000,-637000,-393000
2008/04/16,0,617000,-971000,-354000
2008/04/17,0,242000,-1354000,-1112000
2008/04/18,0,963000,-640000,323000
2008/04/21,0,278000,-106000,172000
2008/04/22,0,422000,-993000,-571000
2008/04/23,0,914000,-90000,824000
2008/04/24,0,542000,-1478000,-936000
2008/04/25,0,582000,-260000,322000
2008/04/28,0,1120000,-173000,947000
2008/04/29,0,1462000,-2164000,-702000
2008/04/30,0,2333000,-777000,1556000
2008/05/01,0,0,0,0
2008/05/02,0,2538000,-402000,2136000
2008/05/05,0,1693000,-836000,857000
2008/05/06,0,1956000,-572000,1384000
2008/05/07,0,3937000,-45000,3892000
2008/05/08,0,1343000,-404000,939000
2008/05/09,0,1761000,-223000,1538000
2008/05/12,0,2391000,-86000,2305000
2008/05/13,0,920116,-571000,349116
2008/05/14,0,313000,-1019000,-706000
2008/05/15,0,742000,-1520000,-778000
2008/05/16,0,16000,-1760000,-1744000
2008/05/19,0,499000,-2077000,-1578000
2008/05/20,0,908000,-1675000,-767000
2008/05/21,0,36000,-188000,-152000
2008/05/22,0,1074000,-118000,956000
2008/05/23,0,343000,-1036000,-693000
2008/05/26,0,686000,-576000,110000
2008/05/27,0,139000,-985000,-846000
2008/05/28,0,542000,-1173000,-631000
2008/05/29,0,506000,-583000,-77000
2008/05/30,0,298000,-1163000,-865000
2008/06/02,0,354000,-204000,150000
2008/06/03,0,174000,-1330000,-1156000
2008/06/04,0,135446,-1422000,-1286554
2008/06/05,0,983000,-81000,902000
2008/06/06,0,153000,-307000,-154000
2008/06/09,0,234000,-1231000,-997000
2008/06/10,0,478000,-1724000,-1246000
2008/06/11,0,229000,-128000,101000
2008/06/12,0,267000,-397000,-130000
2008/06/13,0,176000,-396000,-220000
2008/06/16,0,378000,-211000,167000
2008/06/17,0,289000,-1543000,-1254000
2008/06/18,0,530000,-43000,487000
2008/06/19,0,538000,-26000,512000
2008/06/20,0,571000,-1010000,-439000
2008/06/23,0,553000,-411000,142000
2008/06/24,0,404000,-5836000,-5432000
2008/06/25,0,1302000,-1811000,-509000
2008/06/26,0,699000,-269000,430000
2008/06/27,0,673000,-749000,-76000
2008/06/30,0,857000,-1495000,-638000
2008/07/01,0,992000,-108000,884000
2008/07/02,0,2787000,-887000,1900000
2008/07/03,0,2036000,-2194000,-158000
2008/07/04,0,366000,-181000,185000
2008/07/07,0,143000,-847000,-704000
2008/07/08,0,1164000,-182000,982000
2008/07/09,0,1250000,-491000,759000
2008/07/10,0,367000,-452000,-85000
2008/07/11,0,444000,-131000,313000
2008/07/14,0,1361000,-620000,741000
2008/07/15,0,348000,-116000,232000
2008/07/16,0,1470000,-1265000,205000
2008/07/17,0,478000,-568000,-90000
2008/07/18,0,926000,-1017000,-91000
2008/07/21,0,293000,-1520000,-1227000
2008/07/22,0,992000,-2000,990000
2008/07/23,0,2564000,-21000,2543000
2008/07/24,0,739000,-610000,129000
2008/07/25,0,459000,-494000,-35000
2008/07/28,0,0,0,0
2008/07/29,0,623000,-95000,528000
2008/07/30,0,559000,-415000,144000
2008/07/31,0,867000,-202000,665000
2008/08/01,0,178000,-1519000,-1341000
2008/08/04,0,536000,-33000,503000
2008/08/05,0,949000,-297000,652000
2008/08/06,0,2221000,-5000,2216000
2008/08/07,0,213000,-1514000,-1301000
2008/08/08,0,1163000,-23000,1140000
2008/08/11,0,192000,-625000,-433000
2008/08/12,0,26000,-911000,-885000
2008/08/13,0,360000,-784000,-424000
2008/08/14,0,708000,-179000,529000
2008/08/15,0,157000,-218000,-61000
2008/08/18,0,183000,-307466,-124466
2008/08/19,0,576024,-115000,461024
2008/08/20,0,101000,-163000,-62000
2008/08/21,0,403000,-616785,-213785
2008/08/22,0,55000,-1352000,-1297000
2008/08/25,0,257000,-193000,64000
2008/08/26,0,53000,-116000,-63000
2008/08/27,0,157000,-37000,120000
2008/08/28,0,353000,-121000,232000
2008/08/29,0,1123000,-383000,740000
2008/09/01,0,585000,-1026000,-441000
2008/09/02,0,357000,-70331,286669
2008/09/03,0,671000,-111000,560000
2008/09/04,0,957000,-328000,629000
2008/09/05,0,390760,-921000,-530240
2008/09/08,0,59000,-9000,50000
2008/09/09,0,1321000,-133000,1188000
2008/09/10,0,517000,-573000,-56000
2008/09/11,0,959000,-355000,604000
2008/09/12,0,912000,-305000,607000
2008/09/15,0,1198000,-776000,422000
2008/09/16,0,4912000,-44000,4868000
2008/09/17,0,3391000,-238000,3153000
2008/09/18,0,4167000,-151000,4016000
2008/09/19,0,54000,-478000,-424000
2008/09/22,0,469000,-203000,266000
2008/09/23,0,984000,-250000,734000
2008/09/24,0,921000,-755000,166000
2008/09/25,0,263000,-303000,-40000
2008/09/26,0,886000,-1251000,-365000
2008/09/29,0,0,0,0
2008/09/30,0,142000,-489000,-347000
2008/10/01,0,350000,-1806000,-1456000
2008/10/02,0,622000,-119000,503000
2008/10/03,0,1544000,-394000,1150000
2008/10/06,0,256000,-1094000,-838000
2008/10/07,0,3841000,-593664,3247336
2008/10/08,0,5027000,-326000,4701000
2008/10/09,0,3196000,-1272000,1924000
2008/10/10,0,0,0,0
2008/10/13,0,183000,-55000,128000
2008/10/14,0,37000,-106000,-69000
2008/10/15,0,223000,-903000,-680000
2008/10/16,0,500000,-1461000,-961000
2008/10/17,0,200000,-72644,127356
2008/10/20,0,155000,-1925,153075
2008/10/21,0,752000,-283000,469000
2008/10/22,0,247000,-203000,44000
2008/10/23,0,0,0,0
2008/10/24,0,0,-17074,-17074
2008/10/27,0,24000,-10146,13854
2008/10/28,0,478000,-2250,475750
2008/10/29,0,1212000,-778000,434000
2008/10/30,0,1873000,-342563,1530437
2008/10/31,0,1782000,-543348,1238652
2008/11/03,0,631000,-481389,149611
2008/11/04,0,342000,-2484903,-2142903
2008/11/05,0,734000,-391000,343000
2008/11/06,0,217000,-739010,-522010
2008/11/07,0,1710000,-97000,1613000
2008/11/10,0,1154000,-675000,479000
2008/11/11,0,474743,-542000,-67257
2008/11/12,0,632000,-1385223,-753223
2008/11/13,0,443000,-423000,20000
2008/11/14,0,265000,-227462,37538
2008/11/17,0,204000,-727873,-523873
2008/11/18,0,692000,-599000,93000
2008/11/19,0,598000,-209000,389000
2008/11/20,0,524000,-152000,372000
2008/11/21,0,1260000,-217000,1043000
2008/11/24,0,1072000,-250161,821839
2008/11/25,0,443000,-227804,215196
2008/11/26,0,891000,-135000,756000
2008/11/27,0,1648000,-668000,980000
2008/11/28,0,2361000,-132000,2229000
2008/12/01,0,2535000,-783289,1751711
2008/12/02,0,500000,-2956000,-2456000
2008/12/03,0,1690000,-297000,1393000
2008/12/04,0,317000,-1224392,-907392
2008/12/05,0,271000,-557882,-286882
2008/12/08,0,562000,-26651,535349
2008/12/09,0,6007000,-455000,5552000
2008/12/10,0,1103000,-397682,705318
2008/12/11,0,4849000,-719000,4130000
2008/12/12,0,1831000,-2672000,-841000
2008/12/15,0,2098000,-611000,1487000
2008/12/16,0,5976000,-1603000,4373000
2008/12/17,0,118000,-6132000,-6014000
2008/12/18,0,306000,-532000,-226000
2008/12/19,0,947000,-910000,37000
2008/12/22,0,1553000,-1220000,333000
2008/12/23,0,1266000,-4326000,-3060000
2008/12/24,0,1163000,-784000,379000
2008/12/25,0,162000,-1639000,-1477000
2008/12/26,0,175000,-303000,-128000
2008/12/29,0,452000,-69000,383000
2008/12/30,0,3969000,-244000,3725000
2008/12/31,0,154000,-1497570,-1343570
2009/01/01,0,0,0,0
2009/01/02,0,0,0,0
2009/01/05,0,1656000,-997000,659000
2009/01/06,0,292000,-1109000,-817000
2009/01/07,0,621000,-172000,449000
2009/01/08,0,237000,-516000,-279000
2009/01/09,0,419000,-3551000,-3132000
2009/01/12,0,1387000,-15000,1372000
2009/01/13,0,2356000,-483000,1873000
2009/01/14,0,1812000,-2776339,-964339
2009/01/15,0,144000,-1869000,-1725000
2009/01/16,0,482000,-55216,426784
2009/01/19,0,131101,-363000,-231899
2009/01/20,0,994000,-71366,922634
2009/01/21,0,1250000,-50000,1200000
2009/01/22,0,0,0,0
2009/01/23,0,0,0,0
2009/01/26,0,0,0,0
2009/01/27,0,0,0,0
2009/01/28,0,0,0,0
2009/01/29,0,0,0,0
2009/01/30,0,0,0,0
2009/02/02,0,247000,-347513,-100513
2009/02/03,0,797000,-387000,410000
2009/02/04,0,1820000,-348000,1472000
2009/02/05,0,1000000,-370000,630000
2009/02/06,0,1492000,-914000,578000
2009/02/09,0,223000,-1901000,-1678000
2009/02/10,0,2317000,-1235000,1082000
2009/02/11,0,2151224,-842796,1308428
2009/02/12,0,740000,-1057000,-317000
2009/02/13,0,1972000,-50000,1922000
2009/02/16,0,726000,-868000,-142000
2009/02/17,0,285000,-1501000,-1216000
2009/02/18,0,1166000,-1026000,140000
2009/02/19,0,1284000,-4253000,-2969000
2009/02/20,0,850000,-6663000,-5813000
2009/02/23,0,361000,-779000,-418000
2009/02/24,0,1750000,-1114000,636000
2009/02/25,0,3426000,-2162000,1264000
2009/02/26,0,3976000,-1024000,2952000
2009/02/27,0,1625000,-248000,1377000
2009/03/02,0,1740000,-2633000,-893000
2009/03/03,0,772000,-4727000,-3955000
2009/03/04,0,2414000,-678000,1736000
2009/03/05,0,1265000,-1097000,168000
2009/03/06,0,909000,-483000,426000
2009/03/09,0,431000,-650000,-219000
2009/03/10,0,631000,-1798000,-1167000
2009/03/11,0,4565000,-1827000,2738000
2009/03/12,0,1146000,-663000,483000
2009/03/13,0,1994000,-986730,1007270
2009/03/16,0,4677000,-1178000,3499000
2009/03/17,0,3719000,-3642000,77000
2009/03/18,0,4237000,-1531000,2706000
2009/03/19,0,3695000,-1661000,2034000
2009/03/20,0,3561000,-2087000,1474000
2009/03/23,0,2890000,-2262000,628000
2009/03/24,0,3005000,-1237000,1768000
2009/03/25,0,2104000,-1197000,907000
2009/03/26,0,2477000,-1599000,878000
2009/03/27,0,4677000,-4690000,-13000
2009/03/30,0,3381000,-2468000,913000
2009/03/31,0,1201000,-6050000,-4849000
2009/04/01,0,1545000,-1493000,52000
2009/04/02,0,4355000,-1761000,2594000
2009/04/03,0,2929000,-8233000,-5304000
2009/04/06,0,1764000,-5969728,-4205728
2009/04/07,0,1800000,-932000,868000
2009/04/08,0,2000000,-2635252,-635252
2009/04/09,0,5285000,-1570000,3715000
2009/04/10,0,3417000,-8062000,-4645000
2009/04/13,0,1374000,-4039324,-2665324
2009/04/14,0,1921000,-2826746,-905746
2009/04/15,0,1122000,-4866000,-3744000
2009/04/16,0,1032000,-2288000,-1256000
2009/04/17,0,4848000,-8064720,-3216720
2009/04/20,0,3508000,-2310000,1198000
2009/04/21,0,2095000,-5859000,-3764000
2009/04/22,0,909000,-1586000,-677000
2009/04/23,0,2052000,-1615000,437000
2009/04/24,0,1418000,-2315000,-897000
2009/04/27,0,2900000,-4880000,-1980000
2009/04/28,0,2632000,-2433000,199000
2009/04/29,0,1165000,-945400,219600
2009/04/30,0,0,-402000,-402000
2009/05/01,0,0,0,0
2009/05/04,0,0,-782000,-782000
2009/05/05,0,60000,0,60000
2009/05/06,0,2816000,-6481416,-3665416
2009/05/07,0,2969000,-6508000,-3539000
2009/05/08,0,3761000,-1265000,2496000
2009/05/11,0,2816000,-4211000,-1395000
2009/05/12,0,3302000,-2519000,783000
2009/05/13,0,162000,-6166000,-6004000
2009/05/14,0,4201000,-1544000,2657000
2009/05/15,0,4085000,-1424000,2661000
2009/05/18,0,871000,-2722000,-1851000
2009/05/19,0,1841000,-3919838,-2078838
2009/05/20,0,482000,-4682000,-4200000
2009/05/21,0,632000,-1664000,-1032000
2009/05/22,0,4638000,-1176715,3461285
2009/05/25,0,2338000,-1964000,374000
2009/05/26,0,1562000,-2908000,-1346000
2009/05/27,0,2260000,-811000,1449000
2009/05/28,0,0,0,0
2009/05/29,0,0,0,0
2009/06/01,0,5083000,-1891000,3192000
2009/06/02,0,1241000,-11496000,-10255000
2009/06/03,0,2197000,-1338450,858550
2009/06/04,0,573000,-2124000,-1551000
2009/06/05,0,980000,-1072000,-92000
2009/06/08,0,354000,-3733000,-3379000
2009/06/09,0,4514000,-3978000,536000
2009/06/10,0,4202000,-1613622,2588378
2009/06/11,0,4600000,-2127000,2473000
2009/06/12,0,1699000,-4584121,-2885121
2009/06/15,0,1482000,-2534000,-1052000
2009/06/16,0,1758812,-2723000,-964188
2009/06/17,0,2596000,-2320000,276000
2009/06/18,0,1005000,-1494000,-489000
2009/06/19,0,1141000,-675000,466000
2009/06/22,0,602000,-400000,202000
2009/06/23,0,325000,-1188000,-863000
2009/06/24,0,3572000,-759000,2813000
2009/06/25,0,4249000,-1610000,2639000
2009/06/26,0,1919000,-925000,994000
2009/06/29,0,2531000,-831000,1700000
2009/06/30,0,2637000,-1671000,966000
2009/07/01,0,4132000,-482000,3650000
2009/07/02,0,1388000,-1486000,-98000
2009/07/03,0,4110000,-983000,3127000
2009/07/06,0,693000,-691000,2000
2009/07/07,0,933000,-401000,532000
2009/07/08,0,1244000,-1907000,-663000
2009/07/09,0,3028000,-3810000,-782000
2009/07/10,0,1371000,-806000,565000
2009/07/13,0,2924000,-3197000,-273000
2009/07/14,0,3529000,-1438000,2091000
2009/07/15,0,8307000,-1943000,6364000
2009/07/16,0,1257000,-11106000,-9849000
2009/07/17,0,2197000,-947000,1250000
2009/07/20,0,3158000,-2352000,806000
2009/07/21,0,536000,-2211000,-1675000
2009/07/22,0,2696000,-4869000,-2173000
2009/07/23,0,1964436,-1049000,915436
2009/07/24,0,382000,-1103000,-721000
2009/07/27,0,570000,-1389000,-819000
2009/07/28,0,1506098,-2842000,-1335902
2009/07/29,0,1353000,-6735000,-5382000
2009/07/30,0,725000,-936000,-211000
2009/07/31,0,2924000,-434000,2490000
2009/08/03,0,2385000,-1633000,752000
2009/08/04,0,968000,-3580519,-2612519
2009/08/05,0,8320000,-1505000,6815000
2009/08/06,0,1515000,-687000,828000
2009/08/07,0,0,0,0
2009/08/10,0,317000,-799000,-482000
2009/08/11,0,830000,-3562000,-2732000
2009/08/12,0,332000,-512000,-180000
2009/08/13,0,2136000,-272000,1864000
2009/08/14,0,748000,-1143000,-395000
2009/08/17,0,1546000,-1231000,315000
2009/08/18,0,2752000,-687000,2065000
2009/08/19,0,994000,-796000,198000
2009/08/20,0,1087000,-4000000,-2913000
2009/08/21,0,174000,-789000,-615000
2009/08/24,0,38000,-17000,21000
2009/08/25,0,0,-18000,-18000
2009/08/26,0,427000,-286000,141000
2009/08/27,0,550000,-518000,32000
2009/08/28,0,512000,-1121074,-609074
2009/08/31,0,433000,-320000,113000
2009/09/01,0,1493000,-353000,1140000
2009/09/02,0,456000,-1522000,-1066000
2009/09/03,0,2650000,-918923,1731077
2009/09/04,0,762000,-3122000,-2360000
2009/09/07,0,1818000,-2209000,-391000
2009/09/08,0,1997000,-4585000,-2588000
2009/09/09,0,1052000,-1679000,-627000
2009/09/10,0,3938000,-7294000,-3356000
2009/09/11,0,155000,-770000,-615000
2009/09/14,0,1456000,-1640000,-184000
2009/09/15,0,1077000,-638000,439000
2009/09/16,0,1346000,-1703000,-357000
2009/09/17,0,342000,-1999000,-1657000
2009/09/18,0,296000,-954000,-658000
2009/09/21,0,200000,-1543000,-1343000
2009/09/22,0,1816000,-669000,1147000
2009/09/23,0,59000,-2545471,-2486471
2009/09/24,0,168000,-155000,13000
2009/09/25,0,620000,-19000,601000
2009/09/28,0,1758000,-119821,1638179
2009/09/29,0,984000,-518000,466000
2009/09/30,0,339000,-678000,-339000
2009/10/01,0,799000,-2193000,-1394000
2009/10/02,0,590000,-765000,-175000
2009/10/05,0,728000,-2065000,-1337000
2009/10/06,0,1878000,-1342000,536000
2009/10/07,0,2260000,-673000,1587000
2009/10/08,0,907000,-393000,514000
2009/10/09,0,861000,-2557000,-1696000
2009/10/12,0,672000,-556000,116000
2009/10/13,0,1641000,-2190000,-549000
2009/10/14,0,917000,-72483,844517
2009/10/15,0,361000,-717000,-356000
2009/10/16,0,1318000,-408177,909823
2009/10/19,0,1179000,-322135,856865
2009/10/20,0,716000,-1530333,-814333
2009/10/21,0,224000,-445599,-221599
2009/10/22,0,1198000,-115000,1083000
2009/10/23,0,511056,-81000,430056
2009/10/26,0,473000,-465000,8000
2009/10/27,0,206000,-777000,-571000
2009/10/28,0,1011000,-193000,818000
2009/10/29,0,3109000,-1221000,1888000
2009/10/30,0,290000,-1864000,-1574000
2009/11/02,0,390000,-501000,-111000
2009/11/03,0,30000,-1212000,-1182000
2009/11/04,0,665000,-1050000,-385000
2009/11/05,0,326000,-46774,279226
2009/11/06,0,604000,-250079,353921
2009/11/09,0,347000,-533000,-186000
2009/11/10,0,301000,-76000,225000
2009/11/11,0,1166000,0,1166000
2009/11/12,0,316000,-118000,198000
2009/11/13,0,599000,-401000,198000
2009/11/16,0,1237000,-837418,399582
2009/11/17,0,459000,-3584000,-3125000
2009/11/18,0,3034000,-1535000,1499000
2009/11/19,0,244000,-255000,-11000
2009/11/20,0,427000,-707000,-280000
2009/11/23,0,115000,-34000,81000
2009/11/24,0,375000,-1116000,-741000
2009/11/25,0,630000,0,630000
2009/11/26,0,1198000,-642000,556000
2009/11/27,0,149000,-4524000,-4375000
2009/11/30,0,176000,-24433,151567
2009/12/01,0,628000,-55000,573000
2009/12/02,0,42000,-108000,-66000
2009/12/03,0,177000,-34000,143000
2009/12/04,0,184000,-88000,96000
2009/12/07,0,170000,-22000,148000
2009/12/08,0,42000,-210000,-168000
2009/12/09,0,0,-361000,-361000
2009/12/10,0,5000,-1404000,-1399000
2009/12/11,0,113000,-154297,-41297
2009/12/14,0,187000,-444000,-257000
2009/12/15,0,35000,-487052,-452052
2009/12/16,0,601000,-1119000,-518000
2009/12/17,0,338000,-164000,174000
2009/12/18,0,130000,-305000,-175000
2009/12/21,0,46000,-201000,-155000
2009/12/22,0,60000,-233024,-173024
2009/12/23,0,5000,-317000,-312000
2009/12/24,0,266000,-954000,-688000
2009/12/25,0,1720000,0,1720000
2009/12/28,0,255000,-163000,92000
2009/12/29,0,447000,-535000,-88000
2009/12/30,0,2000,-476000,-474000
2009/12/31,0,529000,-110549,418451
2010/01/01,0,0,0,0
2010/01/04,0,7000,-1293000,-1286000
2010/01/05,0,990000,-1041000,-51000
2010/01/06,0,1578000,-770000,808000
2010/01/07,0,1168000,0,1168000
2010/01/08,0,890000,-731000,159000
2010/01/11,0,245000,-515000,-270000
2010/01/12,0,235000,-315000,-80000
2010/01/13,0,515000,-20000,495000
2010/01/14,0,298000,-254192,43808
2010/01/15,0,350000,-519000,-169000
2010/01/18,0,139000,-598000,-459000
2010/01/19,0,152000,-659000,-507000
2010/01/20,0,258859,-1527419,-1268560
2010/01/21,0,48000,-86000,-38000
2010/01/22,0,342000,-585000,-243000
2010/01/25,0,303000,-611000,-308000
2010/01/26,0,817000,-991000,-174000
2010/01/27,0,191000,-1994000,-1803000
2010/01/28,0,319000,-171000,148000
2010/01/29,0,609000,-474000,135000
2010/02/01,0,744000,-313000,431000
2010/02/02,0,706000,-185000,521000
2010/02/03,0,477000,-40000,437000
2010/02/04,0,147000,-57000,90000
2010/02/05,0,1489000,-17000,1472000
2010/02/08,0,881000,-145000,736000
2010/02/09,0,1152000,0,1152000
2010/02/10,0,266000,-305000,-39000
2010/02/11,0,0,0,0
2010/02/12,0,0,0,0
2010/02/15,0,0,0,0
2010/02/16,0,0,0,0
2010/02/17,0,0,0,0
2010/02/18,0,0,0,0
2010/02/19,0,0,0,0
2010/02/22,0,1126000,-243000,883000
2010/02/23,0,1914000,-163000,1751000
2010/02/24,0,1399000,-654000,745000
2010/02/25,0,630000,-2462000,-1832000
2010/02/26,0,427000,-270000,157000
2010/03/01,0,1653000,-524000,1129000
2010/03/02,0,1177000,-400000,777000
2010/03/03,0,1633000,-137000,1496000
2010/03/04,0,481000,-2790000,-2309000
2010/03/05,0,2506000,-976000,1530000
2010/03/08,0,891000,-536000,355000
2010/03/09,0,191000,-612000,-421000
2010/03/10,0,168000,-114000,54000
2010/03/11,0,177000,-186000,-9000
2010/03/12,0,1039000,-27000,1012000
2010/03/15,0,329000,-1413000,-1084000
2010/03/16,0,214000,-386000,-172000
2010/03/17,0,1674000,-241000,1433000
2010/03/18,0,642000,-524775,117225
2010/03/19,0,865000,-68000,797000
2010/03/22,0,225000,-538000,-313000
2010/03/23,0,662000,-194000,468000
2010/03/24,0,950000,-605112,344888
2010/03/25,0,2152000,-881000,1271000
2010/03/26,0,602000,-570000,32000
2010/03/29,0,818000,-452000,366000
2010/03/30,0,713000,-84000,629000
2010/03/31,0,247000,-220000,27000
2010/04/01,0,750000,-358000,392000
2010/04/02,0,608000,-129000,479000
2010/04/05,0,0,0,0
2010/04/06,0,574000,-132000,442000
2010/04/07,0,69000,-1347045,-1278045
2010/04/08,0,3377000,-2183000,1194000
2010/04/09,0,477000,-291000,186000
2010/04/12,0,833000,-212000,621000
2010/04/13,0,157000,-383000,-226000
2010/04/14,0,188000,-718000,-530000
2010/04/15,0,270000,-2296000,-2026000
2010/04/16,0,162000,-212000,-50000
2010/04/19,0,490000,-1826000,-1336000
2010/04/20,0,216000,-1273000,-1057000
2010/04/21,0,111000,-382000,-271000
2010/04/22,0,406000,-444000,-38000
2010/04/23,0,194000,-228000,-34000
2010/04/26,0,686000,-458000,228000
2010/04/27,0,491000,-342000,149000
2010/04/28,0,82000,-406000,-324000
2010/04/29,0,348000,-120000,228000
2010/04/30,0,169000,-307000,-138000
2010/05/03,0,383000,-269000,114000
2010/05/04,0,546000,-385000,161000
2010/05/05,0,447000,-438000,9000
2010/05/06,0,566000,-758000,-192000
2010/05/07,0,930000,-631000,299000
2010/05/10,0,641400,-169000,472400
2010/05/11,0,559000,-1720000,-1161000
2010/05/12,0,393000,-313000,80000
2010/05/13,0,4216000,-434000,3782000
2010/05/14,0,706000,-274000,432000
2010/05/17,0,616000,-890000,-274000
2010/05/18,0,1032000,-107000,925000
2010/05/19,0,1594000,-293000,1301000
2010/05/20,0,257000,-727000,-470000
2010/05/21,0,706000,-2100000,-1394000
2010/05/24,0,110000,-98000,12000
2010/05/25,0,2163000,-1330000,833000
2010/05/26,0,775000,-310000,465000
2010/05/27,0,444000,-917000,-473000
2010/05/28,0,270000,-1194000,-924000
2010/05/31,0,222000,0,222000
2010/06/01,0,689000,-3470000,-2781000
2010/06/02,0,321000,-258000,63000
2010/06/03,0,493000,-369000,124000
2010/06/04,0,79000,-95000,-16000
2010/06/07,0,341000,-534000,-193000
2010/06/08,0,304000,-362000,-58000
2010/06/09,0,113000,-500000,-387000
2010/06/10,0,562000,-444000,118000
2010/06/11,0,1063000,-396000,667000
2010/06/14,0,747000,-113000,634000
2010/06/15,0,1166000,-560000,606000
2010/06/16,0,0,0,0
2010/06/17,0,2038000,-421000,1617000
2010/06/18,0,38000,-374000,-336000
2010/06/21,0,2597000,-1888000,709000
2010/06/22,0,489000,-173000,316000
2010/06/23,0,267000,-513000,-246000
2010/06/24,0,1147000,-212000,935000
2010/06/25,0,3847000,-616000,3231000
2010/06/28,0,3931000,-815000,3116000
2010/06/29,0,436000,-1418000,-982000
2010/06/30,0,390000,-467000,-77000
2010/07/01,0,1487000,-1102000,385000
2010/07/02,0,5017000,-1081000,3936000
2010/07/05,0,1723000,-910000,813000
2010/07/06,0,2395000,-2073000,322000
2010/07/07,0,1058000,-809000,249000
2010/07/08,0,3036000,-994419,2041581
2010/07/09,0,308000,-897000,-589000
2010/07/12,0,1782000,-2842000,-1060000
2010/07/13,0,725000,-1580000,-855000
2010/07/14,0,312000,-810000,-498000
2010/07/15,0,985000,-1705000,-720000
2010/07/16,0,6350000,-4369000,1981000
2010/07/19,0,1564000,-939000,625000
2010/07/20,0,1209000,-804000,405000
2010/07/21,0,1682000,-1854100,-172100
2010/07/22,0,1640000,-932000,708000
2010/07/23,0,989000,-1429000,-440000
2010/07/26,0,3417000,-980000,2437000
2010/07/27,0,3953000,-909000,3044000
2010/07/28,0,6477000,-552000,5925000
2010/07/29,0,124000,-2323000,-2199000
2010/07/30,0,2416000,-1006000,1410000
2010/08/02,0,2709000,-6665000,-3956000
2010/08/03,0,517000,-4137000,-3620000
2010/08/04,0,321000,-1073000,-752000
2010/08/05,0,1936000,-705000,1231000
2010/08/06,0,290000,-131000,159000
2010/08/09,0,1869000,-5096000,-3227000
2010/08/10,0,1058000,-1619000,-561000
2010/08/11,0,1434000,-1210000,224000
2010/08/12,0,486000,-4044000,-3558000
2010/08/13,0,824000,-5470000,-4646000
2010/08/16,0,70000,-333000,-263000
2010/08/17,0,694000,-66000,628000
2010/08/18,0,205000,-2918000,-2713000
2010/08/19,0,1444000,-3750000,-2306000
2010/08/20,0,311000,-1115000,-804000
2010/08/23,0,1221000,-432000,789000
2010/08/24,0,509000,-1171000,-662000
2010/08/25,0,2679000,-2363656,315344
2010/08/26,0,1530000,-383000,1147000
2010/08/27,0,6545000,-450000,6095000
2010/08/30,0,4356047,-132000,4224047
2010/08/31,0,297000,-3401000,-3104000
2010/09/01,0,1334000,-1252000,82000
2010/09/02,0,590664,-3356000,-2765336
2010/09/03,0,715000,-1005000,-290000
2010/09/06,0,1976152,-129000,1847152
2010/09/07,0,899000,-781000,118000
2010/09/08,0,3998000,-410000,3588000
2010/09/09,0,771000,-897000,-126000
2010/09/10,0,954000,-680000,274000
2010/09/13,0,4490000,-458000,4032000
2010/09/14,0,774000,-1216000,-442000
2010/09/15,0,1345000,-6087000,-4742000
2010/09/16,0,1720000,-2993000,-1273000
2010/09/17,0,1277000,-810000,467000
2010/09/20,0,191000,-1408000,-1217000
2010/09/21,0,168000,-919000,-751000
2010/09/22,0,0,0,0
2010/09/23,0,1722000,-2169000,-447000
2010/09/24,0,3716000,-1078000,2638000
2010/09/27,0,629000,-1867000,-1238000
2010/09/28,0,336000,-1833000,-1497000
2010/09/29,0,281000,-122000,159000
2010/09/30,0,129000,-407000,-278000
2010/10/01,0,810000,-672000,138000
2010/10/04,0,583000,-997000,-414000
2010/10/05,0,2240000,-615000,1625000
2010/10/06,0,287000,-300000,-13000
2010/10/07,0,1878000,-461118,1416882
2010/10/08,0,1627000,-867000,760000
2010/10/11,0,1023000,-758000,265000
2010/10/12,0,664000,-655800,8200
2010/10/13,0,297240,-540400,-243160
2010/10/14,0,1401000,-1896600,-495600
2010/10/15,0,2770000,-1644800,1125200
2010/10/18,0,1426000,-2943000,-1517000
2010/10/19,0,1706000,-562896,1143104
2010/10/20,0,811000,-325200,485800
2010/10/21,0,130440,-93000,37440
2010/10/22,0,105600,-417000,-311400
2010/10/25,0,1650000,-879000,771000
2010/10/26,0,635000,-670400,-35400
2010/10/27,0,1035000,-533000,502000
2010/10/28,0,1168000,-468496,699504
2010/10/29,0,1109000,-1606000,-497000
2010/11/01,0,2465000,-1136000,1329000
2010/11/02,0,767000,-219000,548000
2010/11/03,0,1123000,-385000,738000
2010/11/04,0,581000,-1115000,-534000
2010/11/05,0,622000,-315000,307000
2010/11/08,0,387000,-145000,242000
2010/11/09,0,4147012,-1197000,2950012
2010/11/10,0,1641000,-153002,1487998
2010/11/11,0,652000,-308000,344000
2010/11/12,0,2112000,-1511000,601000
2010/11/15,0,4291000,-371000,3920000
2010/11/16,0,2883000,-71000,2812000
2010/11/17,0,2295000,-544000,1751000
2010/11/18,0,337000,-316328,20672
2010/11/19,0,452000,-655000,-203000
2010/11/22,0,509000,-227000,282000
2010/11/23,0,1031000,-117000,914000
2010/11/24,0,1638000,-163938,1474062
2010/11/25,0,505000,-650000,-145000
2010/11/26,0,1207000,-143000,1064000
2010/11/29,0,2647000,-1105000,1542000
2010/11/30,0,513000,-242000,271000
2010/12/01,0,2354000,-3201000,-847000
2010/12/02,0,1301000,-3911000,-2610000
2010/12/03,0,1441000,-743000,698000
2010/12/06,0,1441000,-929000,512000
2010/12/07,0,782000,-600000,182000
2010/12/08,0,1088000,-1066000,22000
2010/12/09,0,627000,-785000,-158000
2010/12/10,0,255000,-159000,96000
2010/12/13,0,290000,-234000,56000
2010/12/14,0,509000,-515733,-6733
2010/12/15,0,747000,-1302000,-555000
2010/12/16,0,582000,-2051000,-1469000
2010/12/17,0,7238000,-1902000,5336000
2010/12/20,0,1835000,-4132000,-2297000
2010/12/21,0,535000,-1717000,-1182000
2010/12/22,0,112000,-889000,-777000
2010/12/23,0,3844000,-946000,2898000
2010/12/24,0,1584000,-1504280,79720
2010/12/27,0,1496000,-804000,692000
2010/12/28,0,713000,-2945000,-2232000
2010/12/29,0,1865000,-2533316,-668316
2010/12/30,0,1041000,-595000,446000
2010/12/31,0,2000000,-1317000,683000
2011/01/03,0,1458000,-2582000,-1124000
2011/01/04,0,797000,-3093000,-2296000
2011/01/05,0,3892000,-2116000,1776000
2011/01/06,0,2303000,-782000,1521000
2011/01/07,0,1488000,-2371000,-883000
2011/01/10,0,721000,-390000,331000
2011/01/11,0,1487000,-239000,1248000
2011/01/12,0,2908000,-3911000,-1003000
2011/01/13,0,3327000,-5004000,-1677000
2011/01/14,0,3428000,-1946000,1482000
2011/01/17,0,828000,-1044390,-216390
2011/01/18,0,870000,-1744000,-874000
2011/01/19,0,766000,-2204000,-1438000
2011/01/20,0,1879000,-1195000,684000
2011/01/21,0,867000,-1324000,-457000
2011/01/24,0,659000,-1827000,-1168000
2011/01/25,0,3430000,-829000,2601000
2011/01/26,0,707000,-550000,157000
2011/01/27,0,441000,-1670000,-1229000
2011/01/28,0,934000,-894000,40000
2011/01/31,0,0,0,0
2011/02/01,0,0,0,0
2011/02/02,0,0,0,0
2011/02/03,0,0,0,0
2011/02/04,0,0,0,0
2011/02/07,0,0,0,0
2011/02/08,0,1355000,-1831000,-476000
2011/02/09,0,764000,-1104000,-340000
2011/02/10,0,1128000,-5540000,-4412000
2011/02/11,0,2101000,-8346704,-6245704
2011/02/14,0,1664000,-1734000,-70000
2011/02/15,0,1206000,-1139000,67000
2011/02/16,0,655000,-283000,372000
2011/02/17,0,302000,-2146000,-1844000
2011/02/18,0,2891000,-2650544,240456
2011/02/21,0,1866000,-1772000,94000
2011/02/22,0,4194000,-1699000,2495000
2011/02/23,0,3190000,-2055000,1135000
2011/02/24,0,2297000,-1654000,643000
2011/02/25,0,3830000,-1776000,2054000
2011/02/28,0,0,0,0
2011/03/01,0,1074000,-1922000,-848000
2011/03/02,0,1311000,-505000,806000
2011/03/03,0,3121000,-1177000,1944000
2011/03/04,0,918000,-10336384,-9418384
2011/03/07,0,723000,-2127000,-1404000
2011/03/08,0,646000,-741000,-95000
2011/03/09,0,479000,-1145916,-666916
2011/03/10,0,1208000,-1756000,-548000
2011/03/11,0,1074000,-2572000,-1498000
2011/03/14,0,1765000,-1409000,356000
2011/03/15,0,4277000,-1730000,2547000
2011/03/16,0,2913000,-1428000,1485000
2011/03/17,0,2541000,-259064,2281936
2011/03/18,0,1031000,-789000,242000
2011/03/21,0,422000,-670000,-248000
2011/03/22,0,1853000,-1086000,767000
2011/03/23,0,382000,-911992,-529992
2011/03/24,0,432000,-348000,84000
2011/03/25,0,1382000,-1587000,-205000
2011/03/28,0,824000,-1321000,-497000
2011/03/29,0,371000,-78000,293000
2011/03/30,0,854000,-302000,552000
2011/03/31,0,361000,-220000,141000
2011/04/01,0,584000,-123000,461000
2011/04/04,0,0,0,0
2011/04/05,0,0,0,0
2011/04/06,0,923000,-320000,603000
2011/04/07,0,271000,-958000,-687000
2011/04/08,0,848000,-350000,498000
2011/04/11,0,230000,-293862,-63862
2011/04/12,0,877000,-705000,172000
2011/04/13,0,665000,-693000,-28000
2011/04/14,0,220000,-364000,-144000
2011/04/15,0,330000,-303000,27000
2011/04/18,0,253000,-588888,-335888
2011/04/19,0,267000,-1554000,-1287000
2011/04/20,0,1037000,-348000,689000
2011/04/21,0,3067000,-563000,2504000
2011/04/22,0,875000,-308000,567000
2011/04/25,0,1854000,-398000,1456000
2011/04/26,0,1139000,-765000,374000
2011/04/27,0,6804000,-6751000,53000
2011/04/28,0,3722000,-2188000,1534000
2011/04/29,0,1092000,-1888000,-796000
2011/05/02,0,0,0,0
2011/05/03,0,4714000,-2418648,2295352
2011/05/04,0,2073000,-193000,1880000
2011/05/05,0,2010000,-1107000,903000
2011/05/06,0,933000,-723000,210000
2011/05/09,0,1304000,-3840000,-2536000
2011/05/10,0,400000,-333000,67000
2011/05/11,0,105000,-1398599,-1293599
2011/05/12,0,4557000,-990000,3567000
2011/05/13,0,3828000,-1238000,2590000
2011/05/16,0,3046000,-585000,2461000
2011/05/17,0,1530000,-1152000,378000
2011/05/18,0,1608000,-304000,1304000
2011/05/19,0,1939000,-1239476,699524
2011/05/20,0,805000,-1014000,-209000
2011/05/23,0,1571000,-419000,1152000
2011/05/24,0,3459000,-523000,2936000
2011/05/25,0,720000,-431000,289000
2011/05/26,0,796000,-123000,673000
2011/05/27,0,1105000,-344000,761000
2011/05/30,0,493000,-621000,-128000
2011/05/31,0,1505000,-2166000,-661000
2011/06/01,0,475000,-3359000,-2884000
2011/06/02,0,607000,-627000,-20000
2011/06/03,0,218000,-1206000,-988000
2011/06/06,0,0,0,0
2011/06/07,0,1304000,-1835000,-531000
2011/06/08,0,813000,-167000,646000
2011/06/09,0,1039000,-81000,958000
2011/06/10,0,1483000,-1786000,-303000
2011/06/13,0,1044000,-843000,201000
2011/06/14,0,620000,-812000,-192000
2011/06/15,0,793000,-2281000,-1488000
2011/06/16,0,863000,-712000,151000
2011/06/17,0,766000,-905000,-139000
2011/06/20,0,1616000,-1298000,318000
2011/06/21,0,1677000,-139000,1538000
2011/06/22,0,740000,-348000,392000
2011/06/23,0,1497000,-1727000,-230000
2011/06/24,0,2101000,-1234000,867000
2011/06/27,0,1428000,-638000,790000
2011/06/28,0,924000,-1136000,-212000
2011/06/29,0,2042000,-2037000,5000
2011/06/30,0,742000,-1353000,-611000
2011/07/01,0,999000,-9241000,-8242000
2011/07/04,0,893000,-1648000,-755000
2011/07/05,0,499000,-4110000,-3611000
2011/07/06,0,428000,-4408000,-3980000
2011/07/07,0,1107000,-1108000,-1000
2011/07/08,0,334000,-1205000,-871000
2011/07/11,0,623000,-2067000,-1444000
2011/07/12,0,753000,-387000,366000
2011/07/13,0,1555000,-202000,1353000
2011/07/14,0,1308000,-577000,731000
2011/07/15,0,1983000,-90000,1893000
2011/07/18,0,5534000,-1325825,4208175
2011/07/19,0,227000,-3787000,-3560000
2011/07/20,0,868000,-582000,286000
2011/07/21,0,169000,-4496000,-4327000
2011/07/22,0,1172000,-229000,943000
2011/07/25,0,439000,-1009000,-570000
2011/07/26,0,854000,-1298965,-444965
2011/07/27,0,1293000,-392000,901000
2011/07/28,0,530000,-776000,-246000
2011/07/29,0,576000,-937000,-361000
2011/08/01,0,1704000,-347000,1357000
2011/08/02,0,752000,-1087000,-335000
2011/08/03,0,5144000,-1007000,4137000
2011/08/04,0,3841000,-972000,2869000
2011/08/05,0,6480000,-2534000,3946000
2011/08/08,0,3602000,-4171000,-569000
2011/08/09,0,4747000,-601000,4146000
2011/08/10,0,3169000,-276000,2893000
2011/08/11,0,1728000,-1961000,-233000
2011/08/12,0,1117000,-1447000,-330000
2011/08/15,0,964000,-109000,855000
2011/08/16,0,260000,-215000,45000
2011/08/17,0,1159000,-465000,694000
2011/08/18,0,700000,-301000,399000
2011/08/19,0,1093000,-1388000,-295000
2011/08/22,0,1696000,-786848,909152
2011/08/23,0,1220000,-344000,876000
2011/08/24,0,455000,-424000,31000
2011/08/25,0,709000,-849000,-140000
2011/08/26,0,826000,-1214000,-388000
2011/08/29,0,538000,-77000,461000
2011/08/30,0,2236000,-2015000,221000
2011/08/31,0,353000,-262000,91000
2011/09/01,0,1530000,-2803000,-1273000
2011/09/02,0,631000,-460000,171000
2011/09/05,0,280000,-1364000,-1084000
2011/09/06,0,1373000,-4512000,-3139000
2011/09/07,0,2746000,-2015000,731000
2011/09/08,0,1733000,-1485000,248000
2011/09/09,0,861000,-757000,104000
2011/09/12,0,0,0,0
2011/09/13,0,1282000,-1255000,27000
2011/09/14,0,2885000,-8248000,-5363000
2011/09/15,0,1865000,-637000,1228000
2011/09/16,0,1856000,-683000,1173000
2011/09/19,0,151000,-944000,-793000
2011/09/20,0,642000,-1628000,-986000
2011/09/21,0,1733000,-213000,1520000
2011/09/22,0,443000,-2276000,-1833000
2011/09/23,0,2522000,-849000,1673000
2011/09/26,0,2776000,-317000,2459000
2011/09/27,0,529128,-531000,-1872
2011/09/28,0,230000,-1175000,-945000
2011/09/29,0,664000,-1265000,-601000
2011/09/30,0,1107000,-575000,532000
2011/10/03,0,544001,-1705000,-1160999
2011/10/04,0,2135000,-514000,1621000
2011/10/05,0,685000,-130000,555000
2011/10/06,0,1813000,-124075,1688925
2011/10/07,0,1948000,-837000,1111000
2011/10/10,0,0,0,0
2011/10/11,0,647000,-2025000,-1378000
2011/10/12,0,87000,-775000,-688000
2011/10/13,0,103691,-131000,-27309
2011/10/14,0,223000,-1135000,-912000
2011/10/17,0,356000,-77000,279000
2011/10/18,0,454000,-831000,-377000
2011/10/19,0,813000,-88000,725000
2011/10/20,0,216000,-260000,-44000
2011/10/21,0,1129066,-138023,991043
2011/10/24,0,2228000,-144000,2084000
2011/10/25,0,533000,-476000,57000
2011/10/26,0,1493000,-477000,1016000
2011/10/27,0,1082000,-641000,441000
2011/10/28,0,1234575,-1025863,208712
2011/10/31,0,355000,-654872,-299872
2011/11/01,0,650000,-360799,289201
2011/11/02,0,1044000,-310158,733842
2011/11/03,0,858000,-1215000,-357000
2011/11/04,0,1309000,-499000,810000
2011/11/07,0,376000,-192000,184000
2011/11/08,0,1722000,-76000,1646000
2011/11/09,0,863000,-283000,580000
2011/11/10,0,1031000,-2237000,-1206000
2011/11/11,0,682000,-284503,397497
2011/11/14,0,823000,-470000,353000
2011/11/15,0,664000,-655000,9000
2011/11/16,0,1404000,-1222256,181744
2011/11/17,0,1296000,-616060,679940
2011/11/18,0,2199000,-257000,1942000
2011/11/21,0,2114000,-489000,1625000
2011/11/22,0,1920000,-280000,1640000
2011/11/23,0,1251000,-1990000,-739000
2011/11/24,0,1192000,-746000,446000
2011/11/25,0,583474,-915000,-331526
2011/11/28,0,494000,-191000,303000
2011/11/29,0,714000,-482000,232000
2011/11/30,0,284000,-813930,-529930
2011/12/01,0,385000,-420016,-35016
2011/12/02,0,2032000,-373000,1659000
2011/12/05,0,2266000,-368000,1898000
2011/12/06,0,99000,-578000,-479000
2011/12/07,0,268000,-268000,0
2011/12/08,0,451000,-726000,-275000
2011/12/09,0,488000,-746000,-258000
2011/12/12,0,405000,-774000,-369000
2011/12/13,0,746000,-913136,-167136
2011/12/14,0,583000,-872000,-289000
2011/12/15,0,429000,-1213000,-784000
2011/12/16,0,969000,-737000,232000
2011/12/19,0,929000,-1169359,-240359
2011/12/20,0,1414000,-710000,704000
2011/12/21,0,50000,-50000,0
2011/12/22,0,2648008,-1985000,663008
2011/12/23,0,1740000,-1239000,501000
2011/12/26,0,331000,-754000,-423000
2011/12/27,0,1006000,-555000,451000
2011/12/28,0,638000,-652000,-14000
2011/12/29,0,984000,-272000,712000
2011/12/30,0,1143000,-777000,366000
2012/01/02,0,312000,-565000,-253000
2012/01/03,0,2224000,-1454000,770000
2012/01/04,0,506000,-1352000,-846000
2012/01/05,0,777000,-1153000,-376000
2012/01/06,0,791000,-632000,159000
2012/01/09,0,739000,-726505,12495
2012/01/10,0,505000,-1093000,-588000
2012/01/11,0,446000,-277287,168713
2012/01/12,0,226000,-542000,-316000
2012/01/13,0,661000,-494000,167000
2012/01/16,0,791000,-2365192,-1574192
2012/01/17,0,1354000,-1058000,296000
2012/01/18,0,1173000,-2308000,-1135000
2012/01/19,0,0,0,0
2012/01/20,0,0,0,0
2012/01/23,0,0,0,0
2012/01/24,0,0,0,0
2012/01/25,0,0,0,0
2012/01/26,0,0,0,0
2012/01/27,0,0,0,0
2012/01/30,0,2221000,-1020635,1200365
2012/01/31,0,3574000,-1495000,2079000
2012/02/01,0,705000,-2384000,-1679000
2012/02/02,0,473000,-3534943,-3061943
2012/02/03,0,2388000,-1043000,1345000
2012/02/06,0,1856000,-1509000,347000
2012/02/07,0,1872000,-651000,1221000
2012/02/08,0,3165000,-1975000,1190000
2012/02/09,0,1904000,-1777000,127000
2012/02/10,0,2220000,-3951000,-1731000
2012/02/13,0,2539000,-596000,1943000
2012/02/14,0,972000,-2261000,-1289000
2012/02/15,0,1272000,-1429000,-157000
2012/02/16,0,500000,-2483000,-1983000
2012/02/17,0,637000,-1712000,-1075000
2012/02/20,0,585000,-1779000,-1194000
2012/02/21,0,877000,-1888000,-1011000
2012/02/22,0,1789000,-225000,1564000
2012/02/23,0,502000,-749000,-247000
2012/02/24,0,677000,-1118000,-441000
2012/02/27,0,0,0,0
2012/02/28,0,0,0,0
2012/02/29,0,1488000,-1743000,-255000
2012/03/01,0,388000,-1000000,-612000
2012/03/02,0,1779000,-1016000,763000
2012/03/05,0,1248000,-1967000,-719000
2012/03/06,0,1319000,-524000,795000
2012/03/07,0,1295000,-993000,302000
2012/03/08,0,3511000,-871000,2640000
2012/03/09,0,358000,-1769000,-1411000
2012/03/12,0,628000,-550787,77213
2012/03/13,0,1194000,-533000,661000
2012/03/14,0,930000,-1405000,-475000
2012/03/15,0,603000,-642000,-39000
2012/03/16,0,996000,-961000,35000
2012/03/19,0,188000,-2031000,-1843000
2012/03/20,0,417000,-855000,-438000
2012/03/21,0,170000,-1064000,-894000
2012/03/22,0,1210000,-1270000,-60000
2012/03/23,0,252000,-170000,82000
2012/03/26,0,138000,-1504000,-1366000
2012/03/27,0,245000,-474000,-229000
2012/03/28,0,118000,-1278000,-1160000
2012/03/29,0,4700000,-980853,3719147
2012/03/30,0,529000,-331000,198000
2012/04/02,0,133000,-589000,-456000
2012/04/03,0,495000,-1220000,-725000
2012/04/04,0,0,0,0
2012/04/05,0,421000,-386000,35000
2012/04/06,0,244020,-297000,-52980
2012/04/09,0,2829000,-596000,2233000
2012/04/10,0,878000,-389000,489000
2012/04/11,0,1027000,-140000,887000
2012/04/12,0,2690000,-906909,1783091
2012/04/13,0,1291000,-180492,1110508
2012/04/16,0,1547009,-233000,1314009
2012/04/17,0,2677000,-586000,2091000
2012/04/18,0,575000,-533396,41604
2012/04/19,0,882000,-358983,523017
2012/04/20,0,343000,-246000,97000
2012/04/23,0,939000,-599951,339049
2012/04/24,0,215000,-2733000,-2518000
2012/04/25,0,910000,-410542,499458
2012/04/26,0,429000,-1169000,-740000
2012/04/27,0,149000,-3619346,-3470346
2012/04/30,0,830000,-1001454,-171454
2012/05/01,0,0,0,0
2012/05/02,0,956000,-460223,495777
2012/05/03,0,190000,-338000,-148000
2012/05/04,0,180040,-558000,-377960
2012/05/07,0,441000,-359000,82000
2012/05/08,0,126000,-383000,-257000
2012/05/09,0,547000,-343000,204000
2012/05/10,0,513000,-947785,-434785
2012/05/11,0,870000,-217000,653000
2012/05/14,0,479000,-50000,429000
2012/05/15,0,1415000,-790000,625000
2012/05/16,0,1560000,-782980,777020
2012/05/17,0,337000,-1004000,-667000
2012/05/18,0,915000,-691000,224000
2012/05/21,0,917000,-23000,894000
2012/05/22,0,87000,-43000,44000
2012/05/23,0,794708,-170000,624708
2012/05/24,0,1502000,-228000,1274000
2012/05/25,0,304000,-864000,-560000
2012/05/28,0,406000,-35000,371000
2012/05/29,0,1081000,-493940,587060
2012/05/30,0,286000,-395000,-109000
2012/05/31,0,356000,-259000,97000
2012/06/01,0,326000,-240000,86000
2012/06/04,0,1828000,-377000,1451000
2012/06/05,0,282000,-723000,-441000
2012/06/06,0,123000,-213000,-90000
2012/06/07,0,451000,-321000,130000
2012/06/08,0,156000,-622000,-466000
2012/06/11,0,437000,-98000,339000
2012/06/12,0,84000,-360000,-276000
2012/06/13,0,412000,-125000,287000
2012/06/14,0,487000,-150000,337000
2012/06/15,0,360000,-401000,-41000
2012/06/18,0,584000,-637000,-53000
2012/06/19,0,72000,-328000,-256000
2012/06/20,0,286000,-379000,-93000
2012/06/21,0,234000,-894000,-660000
2012/06/22,0,414000,-220000,194000
2012/06/25,0,491000,-473000,18000
2012/06/26,0,248000,-179628,68372
2012/06/27,0,493000,-420000,73000
2012/06/28,0,669000,-182000,487000
2012/06/29,0,1712000,-764698,947302
2012/07/02,0,1402000,-1210000,192000
2012/07/03,0,2399000,-418000,1981000
2012/07/04,0,379000,-392966,-13966
2012/07/05,0,1231000,-460000,771000
2012/07/06,0,269000,-210000,59000
2012/07/09,0,365000,-274000,91000
2012/07/10,0,717000,-259000,458000
2012/07/11,0,1033000,-445000,588000
2012/07/12,0,22762000,-347000,22415000
2012/07/13,0,20849000,-278666,20570334
2012/07/16,0,17049000,-2206186,14842814
2012/07/17,0,970000,-1575000,-605000
2012/07/18,0,434000,-1595000,-1161000
2012/07/19,0,1202000,-1112000,90000
2012/07/20,0,738000,-299000,439000
2012/07/23,0,244000,-563000,-319000
2012/07/24,0,1897000,-63000,1834000
2012/07/25,0,605000,-433000,172000
2012/07/26,0,631000,-1107000,-476000
2012/07/27,0,121000,-544000,-423000
2012/07/30,0,858000,-1175000,-317000
2012/07/31,0,416000,-495000,-79000
2012/08/01,0,340000,-497000,-157000
2012/08/02,0,0,0,0
2012/08/03,0,133000,-290000,-157000
2012/08/06,0,1295000,-445000,850000
2012/08/07,0,266000,-1520000,-1254000
2012/08/08,0,311000,-1189996,-878996
2012/08/09,0,821000,-1250000,-429000
2012/08/10,0,728000,-1406000,-678000
2012/08/13,0,379000,-279000,100000
2012/08/14,0,410000,-265000,145000
2012/08/15,0,712000,-206000,506000
2012/08/16,0,640000,-306000,334000
2012/08/17,0,583000,-346000,237000
2012/08/20,0,40000,-248000,-208000
2012/08/21,0,1284000,-503000,781000
2012/08/22,0,159000,-1030000,-871000
2012/08/23,0,157000,-94000,63000
2012/08/24,0,108000,-407000,-299000
2012/08/27,0,46000,-716000,-670000
2012/08/28,0,185000,-725000,-540000
2012/08/29,0,289000,-30000,259000
2012/08/30,0,241000,-2228000,-1987000
2012/08/31,0,135000,-168000,-33000
2012/09/03,0,370000,-470000,-100000
2012/09/04,0,43000,-827000,-784000
2012/09/05,0,191000,-408000,-217000
2012/09/06,0,417000,-373000,44000
2012/09/07,0,417000,-375000,42000
2012/09/10,0,271000,-1426000,-1155000
2012/09/11,0,314000,-1021000,-707000
2012/09/12,0,454000,-337000,117000
2012/09/13,0,814000,-81000,733000
2012/09/14,0,11296000,-523000,10773000
2012/09/17,0,10766000,-5735000,5031000
2012/09/18,0,1738000,-42686000,-40948000
2012/09/19,0,264000,-26183006,-25919006
2012/09/20,0,1680000,-9440000,-7760000
2012/09/21,0,1217040,-967000,250040
2012/09/24,0,305000,-770000,-465000
2012/09/25,0,345000,-116000,229000
2012/09/26,0,235000,-1935000,-1700000
2012/09/27,0,231000,-1407000,-1176000
2012/09/28,0,10000,-669000,-659000
2012/10/01,0,158000,-2794000,-2636000
2012/10/02,0,372000,-183000,189000
2012/10/03,0,92000,-330000,-238000
2012/10/04,0,82000,-337000,-255000
2012/10/05,0,207000,-280000,-73000
2012/10/08,0,100000,-1034000,-934000
2012/10/09,0,510000,-1308000,-798000
2012/10/10,0,0,0,0
2012/10/11,0,886000,-1069000,-183000
2012/10/12,0,231000,-433000,-202000
2012/10/15,0,557000,-1117000,-560000
2012/10/16,0,124000,-417000,-293000
2012/10/17,0,915000,-686000,229000
2012/10/18,0,222000,-228000,-6000
2012/10/19,0,125000,-286000,-161000
2012/10/22,0,50000,-351000,-301000
2012/10/23,0,46000,-1021528,-975528
2012/10/24,0,924000,-1985400,-1061400
2012/10/25,0,244000,-320592,-76592
2012/10/26,0,421000,-2261648,-1840648
2012/10/29,0,520000,-146712,373288
2012/10/30,0,496000,-160120,335880
2012/10/31,0,13000,-228000,-215000
2012/11/01,0,253000,-167256,85744
2012/11/02,0,843000,-40000,803000
2012/11/05,0,233000,-216000,17000
2012/11/06,0,307000,-13344,293656
2012/11/07,0,686000,-156000,530000
2012/11/08,0,149000,-163000,-14000
2012/11/09,0,1063000,-179192,883808
2012/11/12,0,222000,-208000,14000
2012/11/13,0,611000,-600000,11000
2012/11/14,0,180000,-404000,-224000
2012/11/15,0,453000,-111000,342000
2012/11/16,0,71000,-584000,-513000
2012/11/19,0,602000,-50400,551600
2012/11/20,0,430000,-71000,359000
2012/11/21,0,647000,-306000,341000
2012/11/22,0,810000,-265000,545000
2012/11/23,0,784000,-219000,565000
2012/11/26,0,464000,-229000,235000
2012/11/27,0,359000,-987000,-628000
2012/11/28,0,177000,-455248,-278248
2012/11/29,0,957000,-125000,832000
2012/11/30,0,331000,-405480,-74480
2012/12/03,0,1150000,-253000,897000
2012/12/04,0,155000,-695432,-540432
2012/12/05,0,855000,-772000,83000
2012/12/06,0,583000,-993489,-410489
2012/12/07,0,326000,-499000,-173000
2012/12/10,0,132000,-986000,-854000
2012/12/11,0,684000,-504656,179344
2012/12/12,0,996000,-359000,637000
2012/12/13,0,322000,-1502000,-1180000
2012/12/14,0,248000,-651000,-403000
2012/12/17,0,316000,-321000,-5000
2012/12/18,0,240000,-154000,86000
2012/12/19,0,693000,-481000,212000
2012/12/20,0,51000,-1181000,-1130000
2012/12/21,0,116000,-1249000,-1133000
2012/12/24,0,55000,-157000,-102000
2012/12/25,0,466000,-230000,236000
2012/12/26,0,186000,-298000,-112000
2012/12/27,0,898004,-1105000,-206996
2012/12/28,0,789000,-694000,95000
2012/12/31,0,0,0,0
2013/01/01,0,0,0,0
2013/01/02,0,904000,-318000,586000
2013/01/03,0,1069000,-723216,345784
2013/01/04,0,717000,-542000,175000
2013/01/07,0,479000,-367000,112000
2013/01/08,0,249000,-120000,129000
2013/01/09,0,2280000,-697000,1583000
2013/01/10,0,1486000,-410000,1076000
2013/01/11,0,3628000,-210000,3418000
2013/01/14,0,487000,-1240000,-753000
2013/01/15,0,2638000,-751000,1887000
2013/01/16,0,2257000,-595000,1662000
2013/01/17,0,1102000,-674000,428000
2013/01/18,0,655000,-241000,414000
2013/01/21,0,1036000,-597000,439000
2013/01/22,0,922000,-200000,722000
2013/01/23,0,135000,-525000,-390000
2013/01/24,0,787000,-971000,-184000
2013/01/25,0,1262000,-1086000,176000
2013/01/28,0,2261000,-663000,1598000
2013/01/29,0,824000,-739000,85000
2013/01/30,0,1493000,-1677000,-184000
2013/01/31,0,489000,-1694000,-1205000
2013/02/01,0,3808000,-2116000,1692000
2013/02/04,0,3562000,-1955000,1607000
2013/02/05,0,5036000,-3477000,1559000
2013/02/06,0,4689000,-3286000,1403000
2013/02/07,0,0,0,0
2013/02/08,0,0,0,0
2013/02/11,0,0,0,0
2013/02/12,0,0,0,0
2013/02/13,0,0,0,0
2013/02/14,0,0,0,0
2013/02/15,0,0,0,0
2013/02/18,0,2589000,-3953000,-1364000
2013/02/19,0,1385000,-1903316,-518316
2013/02/20,0,914000,-1954000,-1040000
2013/02/21,0,545000,-2453000,-1908000
2013/02/22,0,1376000,-987000,389000
2013/02/25,0,2069000,-1663000,406000
2013/02/26,0,2002000,-3803000,-1801000
2013/02/27,0,778000,-1372000,-594000
2013/02/28,0,0,0,0
2013/03/01,0,1028000,-497000,531000
2013/03/04,0,818000,-607000,211000
2013/03/05,0,677000,-3588000,-2911000
2013/03/06,0,622000,-2598000,-1976000
2013/03/07,0,6953000,-2170000,4783000
2013/03/08,0,3030000,-5802000,-2772000
2013/03/11,0,395000,-5946000,-5551000
2013/03/12,0,4192000,-1111000,3081000
2013/03/13,0,926000,-1721001,-795001
2013/03/14,0,421000,-1285000,-864000
2013/03/15,0,825000,-1130000,-305000
2013/03/18,0,400000,-3160000,-2760000
2013/03/19,0,763000,-531000,232000
2013/03/20,0,1693000,-2467000,-774000
2013/03/21,0,614000,-535000,79000
2013/03/22,0,991000,-452000,539000
2013/03/25,0,768000,-715000,53000
2013/03/26,0,277000,-347000,-70000
2013/03/27,0,422000,-2256000,-1834000
2013/03/28,0,371000,-1649000,-1278000
2013/03/29,0,628000,-401000,227000
2013/04/01,0,392000,-509000,-117000
2013/04/02,0,544000,-1538000,-994000
2013/04/03,0,1812000,-2554000,-742000
2013/04/04,0,0,0,0
2013/04/05,0,0,0,0
2013/04/08,0,2641000,-1380000,1261000
2013/04/09,0,905000,-2766000,-1861000
2013/04/10,0,77000,-1513000,-1436000
2013/04/11,0,389000,-3477000,-3088000
2013/04/12,0,640000,-6035000,-5395000
2013/04/15,0,142000,-3757000,-3615000
2013/04/16,0,269000,-4336000,-4067000
2013/04/17,0,22509000,-2222592,20286408
2013/04/18,0,826000,-2346953,-1520953
2013/04/19,0,2174000,-802000,1372000
2013/04/22,0,3668000,-1156000,2512000
2013/04/23,0,2847000,-866000,1981000
2013/04/24,0,1132000,-959000,173000
2013/04/25,0,3334000,-1138811,2195189
2013/04/26,0,842000,-2223000,-1381000
2013/04/29,0,2492000,-1764000,728000
2013/04/30,0,1250000,-2259680,-1009680
2013/05/01,0,0,0,0
2013/05/02,0,2663000,-711000,1952000
2013/05/03,0,819000,-524000,295000
2013/05/06,0,1087000,-1990000,-903000
2013/05/07,0,873000,-1275000,-402000
2013/05/08,0,1885000,-388000,1497000
2013/05/09,0,1439000,-101000,1338000
2013/05/10,0,138000,-805000,-667000
2013/05/13,0,926000,-695000,231000
2013/05/14,0,394000,-2652000,-2258000
2013/05/15,0,894000,-2654679,-1760679
2013/05/16,0,3057000,-4676000,-1619000
2013/05/17,0,3142000,-1694000,1448000
2013/05/20,0,1105000,-297000,808000
2013/05/21,0,2624000,-2478000,146000
2013/05/22,0,1239000,-911000,328000
2013/05/23,0,1878000,-4191000,-2313000
2013/05/24,0,193000,-1614000,-1421000
2013/05/27,0,640000,-351000,289000
2013/05/28,0,766000,-4072000,-3306000
2013/05/29,0,1544000,-1581000,-37000
2013/05/30,0,109000,-1784000,-1675000
2013/05/31,0,262000,-2089375,-1827375
2013/06/03,0,564047,-4919000,-4354953
2013/06/04,0,294000,-993000,-699000
2013/06/05,0,190000,-1348000,-1158000
2013/06/06,0,146000,-1807000,-1661000
2013/06/07,0,108000,-635000,-527000
2013/06/10,0,221000,-773000,-552000
2013/06/11,0,101000,-1028000,-927000
2013/06/12,0,0,0,0
2013/06/13,0,347000,-311000,36000
2013/06/14,0,520000,-576000,-56000
2013/06/17,0,605000,-645000,-40000
2013/06/18,0,80000,-152000,-72000
2013/06/19,0,90000,-511729,-421729
2013/06/20,0,1506051,-256000,1250051
2013/06/21,0,3804000,-586000,3218000
2013/06/24,0,1004000,-793000,211000
2013/06/25,0,2333000,-735000,1598000
2013/06/26,0,963000,-3295000,-2332000
2013/06/27,0,402000,-781751,-379751
2013/06/28,0,1639000,-833000,806000
2013/07/01,0,161000,-1194000,-1033000
2013/07/02,0,133000,-501000,-368000
2013/07/03,0,681000,-1557000,-876000
2013/07/04,0,1486000,-364000,1122000
2013/07/05,0,20637000,-2568000,18069000
2013/07/08,0,20116000,-406000,19710000
2013/07/09,0,1566000,-434000,1132000
2013/07/10,0,12873000,-1650000,11223000
2013/07/11,0,7006000,-1178000,5828000
2013/07/12,0,8049000,-1172000,6877000
2013/07/15,0,53634000,-368000,53266000
2013/07/16,0,56671000,-8971000,47700000
2013/07/17,0,1872000,-28406000,-26534000
2013/07/18,0,1354000,-2706000,-1352000
2013/07/19,0,625000,-963000,-338000
2013/07/22,0,1223000,-248000,975000
2013/07/23,0,4125000,-1304000,2821000
2013/07/24,0,1612000,-3243000,-1631000
2013/07/25,0,1890000,-774000,1116000
2013/07/26,0,1158000,-944000,214000
2013/07/29,0,389000,-365000,24000
2013/07/30,0,1420000,-539000,881000
2013/07/31,0,549000,-925000,-376000
2013/08/01,0,823000,-322000,501000
2013/08/02,0,1322000,-1270000,52000
2013/08/05,0,1009000,-442000,567000
2013/08/06,0,426000,-2629000,-2203000
2013/08/07,0,734000,-1413000,-679000
2013/08/08,0,1236000,-925000,311000
2013/08/09,0,491000,-2109000,-1618000
2013/08/12,0,1215000,-894000,321000
2013/08/13,0,247000,-1562000,-1315000
2013/08/14,0,2931000,-1970000,961000
2013/08/15,0,25189000,-1165000,24024000
2013/08/16,0,5594000,-6093620,-499620
2013/08/19,0,388000,-77434000,-77046000
2013/08/20,0,1647000,-27422000,-25775000
2013/08/21,0,0,0,0
2013/08/22,0,2302000,-35350000,-33048000
2013/08/23,0,489000,-3582000,-3093000
2013/08/26,0,312000,-86000,226000
2013/08/27,0,975000,-2762000,-1787000
2013/08/28,0,70000,-293000,-223000
2013/08/29,0,105000,-221000,-116000
2013/08/30,0,484000,-260000,224000
2013/09/02,0,198000,-3765000,-3567000
2013/09/03,0,3085000,-9258000,-6173000
2013/09/04,0,3055000,-2709000,346000
2013/09/05,0,697000,-8380288,-7683288
2013/09/06,0,360000,-5685000,-5325000
2013/09/09,0,272000,-1054000,-782000
2013/09/10,0,274000,-2024000,-1750000
2013/09/11,0,305000,-5062000,-4757000
2013/09/12,0,2244000,-262000,1982000
2013/09/13,0,90000,-301000,-211000
2013/09/16,0,461000,-884000,-423000
2013/09/17,0,90000,-376000,-286000
2013/09/18,0,1295000,-310000,985000
2013/09/19,0,0,0,0
2013/09/20,0,0,0,0
2013/09/23,0,1130000,-98000,1032000
2013/09/24,0,91000,-491000,-400000
2013/09/25,0,489000,-680000,-191000
2013/09/26,0,471000,-894000,-423000
2013/09/27,0,113000,-790000,-677000
2013/09/30,0,1299000,-574790,724210
2013/10/01,0,308360,-4570427,-4262067
2013/10/02,0,105000,-810000,-705000
2013/10/03,0,1395000,-730201,664799
2013/10/04,0,5211000,-340932,4870068
2013/10/07,0,265000,-472840,-207840
2013/10/08,0,1535000,-2362230,-827230
2013/10/09,0,543000,-2049000,-1506000
2013/10/10,0,0,0,0
2013/10/11,0,2299000,-3232500,-933500
2013/10/14,0,262000,-1468000,-1206000
2013/10/15,0,314000,-4036743,-3722743
2013/10/16,0,1259000,-2688104,-1429104
2013/10/17,0,3291000,-5387000,-2096000
2013/10/18,0,1862000,-749000,1113000
2013/10/21,0,2316000,-1028030,1287970
2013/10/22,0,1840000,-287000,1553000
2013/10/23,0,1440000,-4317108,-2877108
2013/10/24,0,541000,-209000,332000
2013/10/25,0,710000,-4650000,-3940000
2013/10/28,0,423000,-60000,363000
2013/10/29,0,397000,-161000,236000
2013/10/30,0,202000,-181000,21000
2013/10/31,0,164000,-480000,-316000
2013/11/01,0,1241000,-1040000,201000
2013/11/04,0,812000,-899158,-87158
2013/11/05,0,2379000,-666000,1713000
2013/11/06,0,634000,-474000,160000
2013/11/07,0,68000,-431000,-363000
2013/11/08,0,210000,-389000,-179000
2013/11/11,0,678000,-1199680,-521680
2013/11/12,0,1104000,-571000,533000
2013/11/13,0,90000,-640283,-550283
2013/11/14,0,376000,-909780,-533780
2013/11/15,0,257000,-362000,-105000
2013/11/18,0,614000,-886000,-272000
2013/11/19,0,1243000,-345000,898000
2013/11/20,0,622000,-134000,488000
2013/11/21,0,840000,-1388000,-548000
2013/11/22,0,308000,-814000,-506000
2013/11/25,0,1137000,-2702240,-1565240
2013/11/26,0,638000,-5713000,-5075000
2013/11/27,0,674000,-269000,405000
2013/11/28,0,2696000,-1082000,1614000
2013/11/29,0,1252000,-836000,416000
2013/12/02,0,1925000,-649000,1276000
2013/12/03,0,1579000,-493000,1086000
2013/12/04,0,539000,-314000,225000
2013/12/05,0,853000,-382000,471000
2013/12/06,0,624000,-279000,345000
2013/12/09,0,366000,-220000,146000
2013/12/10,0,106000,-201000,-95000
2013/12/11,0,1270000,-2372000,-1102000
2013/12/12,0,1286000,-996000,290000
2013/12/13,0,1568000,-1465000,103000
2013/12/16,0,512000,-1486000,-974000
2013/12/17,0,32000,-838000,-806000
2013/12/18,0,744000,-1774000,-1030000
2013/12/19,0,441000,-2566000,-2125000
2013/12/20,0,1442000,-3040000,-1598000
2013/12/23,0,2710000,-2304000,406000
2013/12/24,0,1147000,-2004000,-857000
2013/12/25,0,2686000,-1851000,835000
2013/12/26,0,197000,-900000,-703000
2013/12/27,0,1128000,-3537000,-2409000
2013/12/30,0,517000,-215000,302000
2013/12/31,0,167000,-815000,-648000
2014/01/02,0,557000,-1294840,-737840
2014/01/03,0,460000,-570000,-110000
2014/01/06,0,185000,-575000,-390000
2014/01/07,0,967000,-530000,437000
2014/01/08,0,570000,-181000,389000
2014/01/09,0,250000,-192000,58000
2014/01/10,0,63000,-830000,-767000
2014/01/13,0,468000,-1297000,-829000
2014/01/14,0,190000,-124000,66000
2014/01/15,0,1616000,-863000,753000
2014/01/16,0,497000,-493000,4000
2014/01/17,0,731000,-452000,279000
2014/01/20,0,613000,-804000,-191000
2014/01/21,0,2695000,-560000,2135000
2014/01/22,0,282000,-1387000,-1105000
2014/01/23,0,150000,-1326000,-1176000
2014/01/24,0,723000,-142000,581000
2014/01/27,0,76000,-2641000,-2565000
2014/02/05,0,1173000,-3328000,-2155000
2014/02/06,0,113000,-716000,-603000
2014/02/07,0,464000,-579000,-115000
2014/02/10,0,183374,-404000,-220626
2014/02/11,0,50000,-113000,-63000
2014/02/12,0,544000,-770000,-226000
2014/02/13,0,2274000,-297000,1977000
2014/02/14,0,1685000,-1439000,246000
2014/02/17,0,1671000,-718000,953000
2014/02/18,0,855000,-372000,483000
2014/02/19,0,1149000,-729000,420000
2014/02/20,0,1004000,-368000,636000
2014/02/21,0,499000,-1600000,-1101000
2014/02/24,0,1932000,-1151000,781000
2014/02/25,0,327000,-1024000,-697000
2014/02/26,0,173000,-757000,-584000
2014/02/27,0,224000,-539000,-315000
2014/03/03,0,1420000,-1537000,-117000
2014/03/04,0,1123000,-848000,275000
2014/03/05,0,678000,-468000,210000
2014/03/06,0,1107000,-1544000,-437000
2014/03/07,0,608000,-3848000,-3240000
2014/03/10,0,269000,-40000,229000
2014/03/11,0,1382000,-1129000,253000
2014/03/12,0,909000,-1228000,-319000
2014/03/13,0,694000,-2112000,-1418000
2014/03/14,0,581000,-539000,42000
2014/03/17,0,58000,-602000,-544000
2014/03/18,0,1210000,-898000,312000
2014/03/19,0,535000,-680678,-145678
2014/03/20,0,1322000,-525000,797000
2014/03/21,0,576000,-538000,38000
2014/03/24,0,450000,-340000,110000
2014/03/25,0,421000,-263095,157905
2014/03/26,0,553000,-151000,402000
2014/03/27,0,5000,-334000,-329000
2014/03/28,0,51000,-1904000,-1853000
2014/03/31,0,440000,-363000,77000
2014/04/01,0,540000,-1437000,-897000
2014/04/02,0,17000,-1577000,-1560000
2014/04/03,0,1351000,-431000,920000
2014/04/07,0,855000,-811000,44000
2014/04/08,0,1110000,-441000,669000
2014/04/09,0,423000,-219000,204000
2014/04/10,0,283000,-1629000,-1346000
2014/04/11,0,321000,-725000,-404000
2014/04/14,0,379000,-428000,-49000
2014/04/15,0,323000,-1091951,-768951
2014/04/16,0,125000,-1833000,-1708000
2014/04/17,0,1399000,-187000,1212000
2014/04/18,0,642000,-103000,539000
2014/04/21,0,166000,-493000,-327000
2014/04/22,0,806000,-104000,702000
2014/04/23,0,818000,-505000,313000
2014/04/24,0,667000,-134000,533000
2014/04/25,0,1063000,-1333000,-270000
2014/04/28,0,1702000,-528000,1174000
2014/04/29,0,664000,-639000,25000
2014/04/30,0,766000,-851000,-85000
2014/05/02,0,866000,-87000,779000
2014/05/05,0,8000,-820000,-812000
2014/05/06,0,2320000,-1057000,1263000
2014/05/07,0,2208000,-789000,1419000
2014/05/08,0,1762000,-1090103,671897
2014/05/09,0,536000,-536000,0
2014/05/12,0,704000,-29000,675000
2014/05/13,0,538000,-595000,-57000
2014/05/14,0,431000,-1188000,-757000
2014/05/15,0,474000,-655000,-181000
2014/05/16,0,72000,-532000,-460000
2014/05/19,0,1491000,-1433000,58000
2014/05/20,0,1555000,-278000,1277000
2014/05/21,0,2074000,-429000,1645000
2014/05/22,0,1994000,-660000,1334000
2014/05/23,0,3079000,-273000,2806000
2014/05/26,0,221000,-116000,105000
2014/05/27,0,105000,-500000,-395000
2014/05/28,0,1204000,-661000,543000
2014/05/29,0,235000,-826607,-591607
2014/05/30,0,376000,-339000,37000
2014/06/03,0,228000,-1233000,-1005000
2014/06/04,0,329000,-337000,-8000
2014/06/05,0,104433,-425000,-320567
2014/06/06,0,1012000,-86000,926000
2014/06/09,0,307000,-250000,57000
2014/06/10,0,755000,-1229000,-474000
2014/06/11,0,477000,-1064000,-587000
2014/06/12,0,283059,0,283059
2014/06/13,0,471000,-100000,371000
2014/06/16,0,320000,-896000,-576000
2014/06/17,0,617000,-636000,-19000
2014/06/18,0,1698000,-819000,879000
2014/06/19,0,1453000,-104000,1349000
2014/06/20,0,1401000,-399000,1002000
2014/06/23,0,251000,-531000,-280000
2014/06/24,0,233000,-270000,-37000
2014/06/25,0,25000,-153000,-128000
2014/06/26,0,301000,-128000,173000
2014/06/27,0,339000,-94713,244287
2014/06/30,0,440000,-114000,326000
2014/07/01,0,12064000,-40000,12024000
2014/07/02,0,3487000,-411000,3076000
2014/07/03,0,2653000,-485000,2168000
2014/07/04,0,36117000,-43000,36074000
2014/07/07,0,41656000,-193000,41463000
2014/07/08,0,20495000,-4111000,16384000
2014/07/09,0,2185000,-4720000,-2535000
2014/07/10,0,1858000,-4311000,-2453000
2014/07/11,0,1199000,-1392000,-193000
2014/07/14,0,4282000,-3132000,1150000
2014/07/15,0,2660000,-6331000,-3671000
2014/07/16,0,4038000,-1073000,2965000
2014/07/17,0,835000,-1194000,-359000
2014/07/18,0,879000,-1133000,-254000
2014/07/21,0,731000,-893000,-162000
2014/07/22,0,3412000,-935000,2477000
2014/07/23,0,0,0,0
2014/07/24,0,2364000,-611000,1753000
2014/07/25,0,2076000,-4078000,-2002000
2014/07/28,0,1677000,-1145000,532000
2014/07/29,0,1345000,-2585000,-1240000
2014/07/30,0,426000,-552000,-126000
2014/07/31,0,1031000,-708000,323000
2014/08/01,0,575000,-998000,-423000
2014/08/04,0,423000,-218000,205000
2014/08/05,0,933000,-4141000,-3208000
2014/08/06,0,989000,-736000,253000
2014/08/07,0,398000,-465000,-67000
2014/08/08,0,711000,-879000,-168000
2014/08/11,0,537000,-397000,140000
2014/08/12,0,56000,-796000,-740000
2014/08/13,0,1000000,-902000,98000
2014/08/14,0,114000,-1444000,-1330000
2014/08/15,0,153000,-268000,-115000
2014/08/18,0,95000,-169000,-74000
2014/08/19,0,95000,-224000,-129000
2014/08/20,0,5391000,-2356000,3035000
2014/08/21,0,354000,-4422000,-4068000
2014/08/22,0,2986000,-2281000,705000
2014/08/25,0,841000,-417000,424000
2014/08/26,0,304000,-1003000,-699000
2014/08/27,0,1871000,-1378000,493000
2014/08/28,0,616000,-729000,-113000
2014/08/29,0,1063000,-372000,691000
2014/09/01,0,889000,-2277000,-1388000
2014/09/02,0,1049000,-602000,447000
2014/09/03,0,722000,-950000,-228000
2014/09/04,0,252000,-245000,7000
2014/09/05,0,1427000,-213000,1214000
2014/09/09,0,1580000,-982000,598000
2014/09/10,0,618000,-1891000,-1273000
2014/09/11,0,209000,-797000,-588000
2014/09/12,0,444000,-624000,-180000
2014/09/15,0,1741000,-446000,1295000
2014/09/16,0,2621000,-740000,1881000
2014/09/17,0,10519000,-228454,10290546
2014/09/18,0,735000,-25118000,-24383000
2014/09/19,0,490000,-38945000,-38455000
2014/09/22,0,396000,-32478000,-32082000
2014/09/23,0,660000,-5940000,-5280000
2014/09/24,0,988000,-3152369,-2164369
2014/09/25,0,394000,-4440000,-4046000
2014/09/26,0,359000,-1246000,-887000
2014/09/29,0,351000,-485000,-134000
2014/09/30,0,37000,-10842000,-10805000
2014/10/01,0,40000,-218000,-178000
2014/10/02,0,212000,-154000,58000
2014/10/03,0,719000,-363000,356000
2014/10/06,0,693000,-544000,149000
2014/10/07,0,653000,-338000,315000
2014/10/08,0,1403000,-278000,1125000
2014/10/09,0,545000,-153000,392000
2014/10/13,0,253658,-832000,-578342
2014/10/14,0,68000,-838000,-770000
2014/10/15,0,466000,-922000,-456000
2014/10/16,0,763000,-1203000,-440000
2014/10/17,0,33000,-1391000,-1358000
2014/10/20,0,1581000,-2285000,-704000
2014/10/21,0,106000,-1281000,-1175000
2014/10/22,0,383000,-1407000,-1024000
2014/10/23,0,135000,-330387,-195387
2014/10/24,0,139000,-1364000,-1225000
2014/10/27,0,363000,-245000,118000
2014/10/28,0,1629000,-1812000,-183000
2014/10/29,0,4530000,-2821000,1709000
2014/10/30,0,690000,-894000,-204000
2014/10/31,0,762000,-237000,525000
2014/11/03,0,807000,-2369000,-1562000
2014/11/04,0,431000,-737000,-306000
2014/11/05,0,373000,-575000,-202000
2014/11/06,0,812000,-1249987,-437987
2014/11/07,0,698000,-1761000,-1063000
2014/11/10,0,1176000,-651000,525000
2014/11/11,0,442000,-691000,-249000
2014/11/12,0,125000,-1186064,-1061064
2014/11/13,0,85280,-620494,-535214
2014/11/14,0,223000,-1166601,-943601
2014/11/17,0,367000,-387079,-20079
2014/11/18,0,387000,-674000,-287000
2014/11/19,0,1484000,-286126,1197874
2014/11/20,0,1972000,-521000,1451000
2014/11/21,0,219000,-295059,-76059
2014/11/24,0,266000,-389498,-123498
2014/11/25,0,804000,-154000,650000
2014/11/26,0,291000,-164000,127000
2014/11/27,0,365000,-114000,251000
2014/11/28,0,497000,-393000,104000
2014/12/01,0,370000,-1386000,-1016000
2014/12/02,0,285000,-3448000,-3163000
2014/12/03,0,2030000,-101526,1928474
2014/12/04,0,405000,-216053,188947
2014/12/05,0,262000,-677000,-415000
2014/12/08,0,248000,-256000,-8000
2014/12/09,0,352000,-620000,-268000
2014/12/10,0,318000,-703000,-385000
2014/12/11,0,939000,-286152,652848
2014/12/12,0,293000,-39000,254000
2014/12/15,0,30000,-104000,-74000
2014/12/16,0,1016000,-212000,804000
2014/12/17,0,1065080,-538000,527080
2014/12/18,0,96000,-707000,-611000
2014/12/19,0,511000,-343000,168000
2014/12/22,0,785000,-133000,652000
2014/12/23,0,230000,-98000,132000
2014/12/24,0,245000,-242000,3000
2014/12/25,0,76000,-268000,-192000
2014/12/26,0,262000,-15000,247000
2014/12/29,0,140000,-327000,-187000
2014/12/30,0,128000,-230000,-102000
2014/12/31,0,98000,-127000,-29000
2015/01/01,0,0,0,0
2015/01/02,0,0,0,0
2015/01/05,0,125000,-657000,-532000
2015/01/06,0,250000,-2876000,-2626000
2015/01/07,0,101000,-622000,-521000
2015/01/08,0,1229114,-84000,1145114
2015/01/09,0,1410000,-304000,1106000
2015/01/12,0,652000,-213000,439000
2015/01/13,0,484000,-69000,415000
2015/01/14,0,14000,-549000,-535000
2015/01/15,0,391000,-171000,220000
2015/01/16,0,489000,-1139015,-650015
2015/01/19,0,23000,-2782000,-2759000
2015/01/20,0,509000,-95000,414000
2015/01/21,0,357000,-1014000,-657000
2015/01/22,0,1404000,-65000,1339000
2015/01/23,0,5800000,-381000,5419000
2015/01/26,0,1213000,-4116000,-2903000
2015/01/27,0,2119000,-163000,1956000
2015/01/28,0,1468000,-182000,1286000
2015/01/29,0,719000,-499000,220000
2015/01/30,0,334000,-446000,-112000
2015/02/02,0,917000,-143000,774000
2015/02/03,0,335000,-312000,23000
2015/02/04,0,1250000,-251012,998988
2015/02/05,0,2015000,-1077011,937989
2015/02/06,0,472000,-1206000,-734000
2015/02/09,0,744000,-553000,191000
2015/02/10,0,1309000,-419000,890000
2015/02/11,0,530000,-343000,187000
2015/02/12,0,777000,-686000,91000
2015/02/13,0,139000,-507000,-368000
2015/02/16,0,0,0,0
2015/02/17,0,0,0,0
2015/02/18,0,0,0,0
2015/02/19,0,0,0,0
2015/02/20,0,0,0,0
2015/02/23,0,0,0,0
2015/02/24,0,1299000,-3186000,-1887000
2015/02/25,0,1141000,-810007,330993
2015/02/26,0,2194000,-382739,1811261
2015/02/27,0,0,0,0
2015/03/02,0,1424000,-163000,1261000
2015/03/03,0,473000,-166337,306663
2015/03/04,0,560000,-576000,-16000
2015/03/05,0,161000,-1334007,-1173007
2015/03/06,0,311000,-2468000,-2157000
2015/03/09,0,385000,-296000,89000
2015/03/10,0,680000,-273931,406069
2015/03/11,0,486000,-724000,-238000
2015/03/12,0,1069000,-3201331,-2132331
2015/03/13,0,1343000,-1010000,333000
2015/03/16,0,1078000,-15000,1063000
2015/03/17,0,137000,-937008,-800008
2015/03/18,0,168000,-1191000,-1023000
2015/03/19,0,109000,-207000,-98000
2015/03/20,0,522000,-39000,483000
2015/03/23,0,124000,-277400,-153400
2015/03/24,0,734000,-158000,576000
2015/03/25,0,197000,-37000,160000
2015/03/26,0,363000,-575000,-212000
2015/03/27,0,417000,-116000,301000
2015/03/30,0,404000,-641000,-237000
2015/03/31,0,484000,-711000,-227000
2015/04/01,0,104000,-293000,-189000
2015/04/02,0,242000,-610000,-368000
2015/04/03,0,0,0,0
2015/04/06,0,0,0,0
2015/04/07,0,767000,-337000,430000
2015/04/08,0,900000,-216000,684000
2015/04/09,0,1283000,-508000,775000
2015/04/10,0,80000,-1160000,-1080000
2015/04/13,0,2721000,-1148000,1573000
2015/04/14,0,10795640,-5098000,5697640
2015/04/15,0,1444000,-11022000,-9578000
2015/04/16,0,4654000,-2933000,1721000
2015/04/17,0,242000,-2529000,-2287000
2015/04/20,0,112000,-2278000,-2166000
2015/04/21,0,1132000,-1801000,-669000
2015/04/22,0,1994000,-2651814,-657814
2015/04/23,0,18774000,-3998000,14776000
2015/04/24,0,5313000,-17108000,-11795000
2015/04/27,0,4894000,-4738000,156000
2015/04/28,0,4437000,-1665000,2772000
2015/04/29,0,2394000,-6243000,-3849000
2015/04/30,0,1014000,-1934000,-920000
2015/05/01,0,0,0,0
2015/05/04,0,4138000,-1115000,3023000
2015/05/05,0,1147000,-3198000,-2051000
2015/05/06,0,1151000,-2268000,-1117000
2015/05/07,0,935000,-4622000,-3687000
2015/05/08,0,2113000,-1684000,429000
2015/05/11,0,1333000,-1345000,-12000
2015/05/12,0,3135000,-1510000,1625000
2015/05/13,0,965000,-2336000,-1371000
2015/05/14,0,1678000,-4442000,-2764000
2015/05/15,0,1990000,-2248000,-258000
2015/05/18,0,537000,-1334000,-797000
2015/05/19,0,2457000,-181000,2276000
2015/05/20,0,1879000,-1774000,105000
2015/05/21,0,1096000,-2688000,-1592000
2015/05/22,0,150000,-3004000,-2854000
2015/05/25,0,281000,-1556000,-1275000
2015/05/26,0,1046000,-181710,864290
2015/05/27,0,7560000,-1428000,6132000
2015/05/28,0,733000,-1597000,-864000
2015/05/29,0,1614000,-905000,709000
2015/06/01,0,946000,-297000,649000
2015/06/02,0,236000,-2177000,-1941000
2015/06/03,0,202000,-1794000,-1592000
2015/06/04,0,317000,-3267000,-2950000
2015/06/05,0,217000,-526000,-309000
2015/06/08,0,427000,-458951,-31951
2015/06/09,0,146000,-471000,-325000
2015/06/10,0,5125000,-1028000,4097000
2015/06/11,0,850000,-4049000,-3199000
2015/06/12,0,4573000,-560000,4013000
2015/06/15,0,1048000,-2739000,-1691000
2015/06/16,0,724000,-533000,191000
2015/06/17,0,1158000,-755000,403000
2015/06/18,0,1113000,-837000,276000
2015/06/19,0,0,0,0
2015/06/22,0,1584000,-709000,875000
2015/06/23,0,1136000,-494000,642000
2015/06/24,0,369000,-567000,-198000
2015/06/25,0,398000,-538000,-140000
2015/06/26,0,65000,-225000,-160000
2015/06/29,0,425000,-1228000,-803000
2015/06/30,0,256000,-754476,-498476
2015/07/01,0,442000,-127000,315000
2015/07/02,0,623000,-301000,322000
2015/07/03,0,840000,-1177000,-337000
2015/07/06,0,256000,-465000,-209000
2015/07/07,0,282000,-1744000,-1462000
2015/07/08,0,516000,-2138000,-1622000
2015/07/09,0,1628000,-1276000,352000
2015/07/10,0,0,0,0
2015/07/13,0,314000,-1062000,-748000
2015/07/14,0,223000,-1158000,-935000
2015/07/15,0,265000,-199000,66000
2015/07/16,0,278000,-290000,-12000
2015/07/17,0,339000,-237000,102000
2015/07/20,0,312000,-288000,24000
2015/07/21,0,161000,-209000,-48000
2015/07/22,0,309000,-428000,-119000
2015/07/23,0,1933000,-3132000,-1199000
2015/07/24,0,1853000,-1520000,333000
2015/07/27,0,815000,-1727000,-912000
2015/07/28,0,2862000,-807000,2055000
2015/07/29,0,1845000,-403000,1442000
2015/07/30,0,2510000,-912000,1598000
2015/07/31,0,279000,-1984000,-1705000
2015/08/03,0,1874000,-490000,1384000
2015/08/04,0,9649000,-910000,8739000
2015/08/05,0,13035000,-2665568,10369432
2015/08/06,0,619000,-16174000,-15555000
2015/08/07,0,1247000,-1226000,21000
2015/08/10,0,906000,-452000,454000
2015/08/11,0,901000,-1453000,-552000
2015/08/12,0,4349000,-7967000,-3618000
2015/08/13,0,3397000,-1857000,1540000
2015/08/14,0,827000,-608000,219000
2015/08/17,0,648000,-708000,-60000
2015/08/18,0,291000,-3682000,-3391000
2015/08/19,0,1646000,-952000,694000
2015/08/20,0,1801000,-606000,1195000
2015/08/21,0,352404,-1518000,-1165596
2015/08/24,0,1423000,-2299000,-876000
2015/08/25,0,1558000,-725000,833000
2015/08/26,0,3646000,-1583000,2063000
2015/08/27,0,239000,-4259256,-4020256
2015/08/28,0,279000,-1797918,-1518918
2015/08/31,0,931000,-1687000,-756000
2015/09/01,0,249000,-1142000,-893000
2015/09/02,0,2425000,-1897000,528000
2015/09/03,0,126000,-1123000,-997000
2015/09/04,0,670000,-921000,-251000
2015/09/07,0,222000,-169000,53000
2015/09/08,0,217000,-312000,-95000
2015/09/09,0,3591000,-1026000,2565000
2015/09/10,0,564000,-588000,-24000
2015/09/11,0,184000,-280000,-96000
2015/09/14,0,74000,-711000,-637000
2015/09/15,0,197000,-371820,-174820
2015/09/16,0,1174000,-487000,687000
2015/09/17,0,3601000,-830000,2771000
2015/09/18,0,237000,-1166793,-929793
2015/09/21,0,34000,-1490402,-1456402
2015/09/22,0,142000,-836162,-694162
2015/09/23,0,54000,-2328692,-2274692
2015/09/24,0,686000,-1318000,-632000
2015/09/25,0,1420000,-1408000,12000
2015/09/28,0,0,0,0
2015/09/29,0,0,0,0
2015/09/30,0,3949000,-883137,3065863
2015/10/01,0,5930000,-1384480,4545520
2015/10/02,0,2320000,-1381000,939000
2015/10/05,0,2310000,-446000,1864000
2015/10/06,0,1216000,-1478000,-262000
2015/10/07,0,2284000,-385000,1899000
2015/10/08,0,327000,-1660000,-1333000
2015/10/09,0,0,0,0
2015/10/12,0,2787000,-488000,2299000
2015/10/13,0,2314000,-2844718,-530718
2015/10/14,0,493000,-2316621,-1823621
2015/10/15,0,1064000,-484515,579485
2015/10/16,0,1691000,-2449000,-758000
2015/10/19,0,1923000,-1746000,177000
2015/10/20,0,1228000,-1706000,-478000
2015/10/21,0,3388000,-3985000,-597000
2015/10/22,0,2345000,-311000,2034000
2015/10/23,0,1535000,-220000,1315000
2015/10/26,0,1669000,-677000,992000
2015/10/27,0,870000,-1298065,-428065
2015/10/28,0,899000,-375000,524000
2015/10/29,0,1070000,-1379427,-309427
2015/10/30,0,1799000,-519000,1280000
2015/11/02,0,349000,-658313,-309313
2015/11/03,0,1574000,-774000,800000
2015/11/04,0,2358000,-535000,1823000
2015/11/05,0,3600000,-338000,3262000
2015/11/06,0,912000,-1278000,-366000
2015/11/09,0,716000,-1004000,-288000
2015/11/10,0,966000,-221000,745000
2015/11/11,0,561000,-635000,-74000
2015/11/12,0,772000,-1848000,-1076000
2015/11/13,0,895000,-1581000,-686000
2015/11/16,0,1442000,-2691000,-1249000
2015/11/17,0,632000,-740530,-108530
2015/11/18,0,200000,-1393396,-1193396
2015/11/19,0,510000,-911000,-401000
2015/11/20,0,83000,-555121,-472121
2015/11/23,0,719000,-70000,649000
2015/11/24,0,242000,-380000,-138000
2015/11/25,0,524000,-1048000,-524000
2015/11/26,0,773000,-516340,256660
2015/11/27,0,73000,-722452,-649452
2015/11/30,0,326000,-1417000,-1091000
2015/12/01,0,1016000,-361000,655000
2015/12/02,0,1052000,-652891,399109
2015/12/03,0,750000,-290000,460000
2015/12/04,0,265000,-701000,-436000
2015/12/07,0,761000,-181000,580000
2015/12/08,0,183000,-1789000,-1606000
2015/12/09,0,3302000,-1735000,1567000
2015/12/10,0,290000,-1270000,-980000
2015/12/11,0,1351000,-2454640,-1103640
2015/12/14,0,1169000,-368000,801000
2015/12/15,0,140000,-1325000,-1185000
2015/12/16,0,676000,-804000,-128000
2015/12/17,0,719000,-650000,69000
2015/12/18,0,267000,-738000,-471000
2015/12/21,0,344000,-1509000,-1165000
2015/12/22,0,81000,-260000,-179000
2015/12/23,0,695000,-58212,636788
2015/12/24,0,83000,-509000,-426000
2015/12/25,0,384000,-421000,-37000
2015/12/28,0,490000,-269000,221000
2015/12/29,0,65000,-71000,-6000
2015/12/30,0,40000,-892000,-852000
2015/12/31,0,6000,-155000,-149000
2016/01/01,0,0,0,0
2016/01/04,0,295000,-2418000,-2123000
2016/01/05,0,373000,-231000,142000
2016/01/06,0,1004000,-132000,872000
2016/01/07,0,878000,-2090000,-1212000
2016/01/08,0,1269000,-101000,1168000
2016/01/11,0,59000,-1028000,-969000
2016/01/12,0,685000,-736000,-51000
2016/01/13,0,96000,-1172000,-1076000
2016/01/14,0,1172000,-227480,944520
2016/01/15,0,758000,-4760000,-4002000
2016/01/18,0,1332000,-157000,1175000
2016/01/19,0,647000,-422000,225000
2016/01/20,0,381000,-1095425,-714425
2016/01/21,0,218000,-1528000,-1310000
2016/01/22,0,2170000,-462000,1708000
2016/01/25,0,1583000,-1144000,439000
2016/01/26,0,131000,-864000,-733000
2016/01/27,0,150000,-410000,-260000
2016/01/28,0,334000,-650000,-316000
2016/01/29,0,9634000,-1407000,8227000
2016/02/01,0,343000,-2876000,-2533000
2016/02/02,0,728000,-1364482,-636482
2016/02/03,0,585000,-2862369,-2277369
2016/02/04,0,0,0,0
2016/02/05,0,0,0,0
2016/02/08,0,0,0,0
2016/02/09,0,0,0,0
2016/02/10,0,0,0,0
2016/02/11,0,0,0,0
2016/02/12,0,0,0,0
2016/02/15,0,1144000,-370000,774000
2016/02/16,0,6314000,-738000,5576000
2016/02/17,0,761000,-2643000,-1882000
2016/02/18,0,836000,-759000,77000
2016/02/19,0,120000,-881000,-761000
2016/02/22,0,1489000,-805000,684000
2016/02/23,0,822000,-1412000,-590000
2016/02/24,0,33000,-1459000,-1426000
2016/02/25,0,627000,-967000,-340000
2016/02/26,0,1383000,-990000,393000
2016/02/29,0,0,0,0
2016/03/01,0,365000,-751000,-386000
2016/03/02,0,958000,-796000,162000
2016/03/03,0,1582000,-1048000,534000
2016/03/04,0,814000,-2463000,-1649000
2016/03/07,0,164000,-398000,-234000
2016/03/08,0,41000,-1644000,-1603000
2016/03/09,0,71000,-313000,-242000
2016/03/10,0,185000,-439000,-254000
2016/03/11,0,251000,-244500,6500
2016/03/14,0,278000,-239000,39000
2016/03/15,0,123000,-493000,-370000
2016/03/16,0,2900000,-398000,2502000
2016/03/17,0,645000,-1098000,-453000
2016/03/18,0,753000,-1826000,-1073000
2016/03/21,0,38000,-667000,-629000
2016/03/22,0,77000,-565000,-488000
2016/03/23,0,262000,-753000,-491000
2016/03/24,0,486000,-464000,22000
2016/03/25,0,788000,-100000,688000
2016/03/28,0,464000,-39000,425000
2016/03/29,0,311000,-1217000,-906000
2016/03/30,0,1835000,-850000,985000
2016/03/31,0,2418000,-1007215,1410785
2016/04/01,0,599000,-830000,-231000
2016/04/04,0,0,0,0
2016/04/05,0,0,0,0
2016/04/06,0,511000,-2393000,-1882000
2016/04/07,0,367000,-1500000,-1133000
2016/04/08,0,404000,-870125,-466125
2016/04/11,0,242000,-375652,-133652
2016/04/12,0,162000,-366000,-204000
2016/04/13,0,1897000,-287000,1610000
2016/04/14,0,911000,-753000,158000
2016/04/15,0,805000,-634000,171000
2016/04/18,0,125000,-301000,-176000
2016/04/19,0,51000,-445000,-394000
2016/04/20,0,122000,-1900000,-1778000
2016/04/21,0,144000,-98000,46000
2016/04/22,0,246000,-758000,-512000
2016/04/25,0,867000,-195000,672000
2016/04/26,0,463000,-608000,-145000
2016/04/27,0,31000,-355000,-324000
2016/04/28,0,120000,-234000,-114000
2016/04/29,0,584000,-110000,474000
2016/05/02,0,0,0,0
2016/05/03,0,820000,-258000,562000
2016/05/04,0,407000,-1071000,-664000
2016/05/05,0,683000,-219000,464000
2016/05/06,0,122000,-674000,-552000
2016/05/09,0,46000,-181000,-135000
2016/05/10,0,173000,-60000,113000
2016/05/11,0,934000,-702000,232000
2016/05/12,0,342000,-350000,-8000
2016/05/13,0,348000,-464000,-116000
2016/05/16,0,287000,-578000,-291000
2016/05/17,0,620000,-189000,431000
2016/05/18,0,485000,-586000,-101000
2016/05/19,0,789000,-552000,237000
2016/05/20,0,1756000,-392000,1364000
2016/05/23,0,1337000,-62000,1275000
2016/05/24,0,266000,-687000,-421000
2016/05/25,0,1290000,-427000,863000
2016/05/26,0,176000,-413000,-237000
2016/05/27,0,908000,-254000,654000
2016/05/30,0,689000,-583000,106000
2016/05/31,0,242000,-372000,-130000
2016/06/01,0,1444000,-307000,1137000
2016/06/02,0,2014000,-340000,1674000
2016/06/03,0,3706000,-163000,3543000
2016/06/06,0,2705000,-260000,2445000
2016/06/07,0,410000,-1424000,-1014000
2016/06/08,0,2487000,-1325000,1162000
2016/06/09,0,0,0,0
2016/06/10,0,0,0,0
2016/06/13,0,4491000,-377000,4114000
2016/06/14,0,1301000,-161000,1140000
2016/06/15,0,3818000,-283000,3535000
2016/06/16,0,47000,-680000,-633000
2016/06/17,0,4000,-335000,-331000
2016/06/20,0,2617000,-84000,2533000
2016/06/21,0,847000,-51000,796000
2016/06/22,0,1688000,-60000,1628000
2016/06/23,0,1643000,-7000,1636000
2016/06/24,0,2497000,-2519000,-22000
2016/06/27,0,2547000,-311000,2236000
2016/06/28,0,1121000,-86000,1035000
2016/06/29,0,1952000,-332000,1620000
2016/06/30,0,329000,-623000,-294000
2016/07/01,0,3423000,-336000,3087000
2016/07/04,0,408000,-444000,-36000
2016/07/05,0,1441000,-486000,955000
2016/07/06,0,956000,-891000,65000
2016/07/07,0,12000,-90000,-78000
2016/07/08,0,0,0,0
2016/07/11,0,1316000,-51000,1265000
2016/07/12,0,465000,-1571000,-1106000
2016/07/13,0,49000,-998000,-949000
2016/07/14,0,262000,-309000,-47000
2016/07/15,0,1015000,-436000,579000
2016/07/18,0,1115000,-159000,956000
2016/07/19,0,771000,-2065000,-1294000
2016/07/20,0,1030000,-2852000,-1822000
2016/07/21,0,1383000,-377000,1006000
2016/07/22,0,137000,-498000,-361000
2016/07/25,0,231000,-185000,46000
2016/07/26,0,462000,-72000,390000
2016/07/27,0,8449000,-469000,7980000
2016/07/28,0,21589000,-620000,20969000
2016/07/29,0,66000,-25696000,-25630000
2016/08/01,0,76000,-1549000,-1473000
2016/08/02,0,115000,-2070000,-1955000
2016/08/03,0,25000,-809000,-784000
2016/08/04,0,83000,-1817000,-1734000
2016/08/05,0,29000,-2152000,-2123000
2016/08/08,0,40000,-692000,-652000
2016/08/09,0,10000,-712000,-702000
2016/08/10,0,2519000,-886000,1633000
2016/08/11,0,261000,-2392000,-2131000
2016/08/12,0,94000,-446000,-352000
2016/08/15,0,471000,-895000,-424000
2016/08/16,0,72000,-585000,-513000
2016/08/17,0,308000,-605000,-297000
2016/08/18,0,12286000,-617000,11669000
2016/08/19,0,1721000,-6750000,-5029000
2016/08/22,0,5699000,-683000,5016000
2016/08/23,0,3214000,-164000,3050000
2016/08/24,0,3872000,-1504000,2368000
2016/08/25,0,5104000,-819000,4285000
2016/08/26,0,477000,-1546000,-1069000
2016/08/29,0,1338000,-1498000,-160000
2016/08/30,0,1583000,-563000,1020000
2016/08/31,0,2332000,-2321000,11000
2016/09/01,0,3017000,-222000,2795000
2016/09/02,0,2420000,-963000,1457000
2016/09/05,0,174000,-1152000,-978000
2016/09/06,0,455000,-558000,-103000
2016/09/07,0,699000,-130000,569000
2016/09/08,0,429000,-681898,-252898
2016/09/09,0,686000,-909000,-223000
2016/09/12,0,23000,-222000,-199000
2016/09/13,0,48000,-144000,-96000
2016/09/14,0,1716000,-311000,1405000
2016/09/15,0,0,0,0
2016/09/16,0,0,0,0
2016/09/19,0,454000,-145000,309000
2016/09/20,0,458000,-310000,148000
2016/09/21,0,149000,-1094000,-945000
2016/09/22,0,29000,-503000,-474000
2016/09/23,0,27000,-690000,-663000
2016/09/26,0,106000,-706000,-600000
2016/09/27,0,0,0,0
2016/09/28,0,0,0,0
2016/09/29,0,273000,-169641,103359
2016/09/30,0,138000,-437000,-299000
2016/10/03,0,178000,-573000,-395000
2016/10/04,0,162000,-139000,23000
2016/10/05,0,254000,-1163000,-909000
2016/10/06,0,450000,-136000,314000
2016/10/07,0,1323000,-1000,1322000
2016/10/10,0,0,0,0
2016/10/11,0,8472000,-111980,8360020
2016/10/12,0,677000,-8623000,-7946000
2016/10/13,0,327000,-2327000,-2000000
2016/10/14,0,199000,-245000,-46000
2016/10/17,0,110000,-1582000,-1472000
2016/10/18,0,5000,-2045000,-2040000
2016/10/19,0,162000,-461000,-299000
2016/10/20,0,386000,-168000,218000
2016/10/21,0,1616000,-2638000,-1022000
2016/10/24,0,60000,-236000,-176000
2016/10/25,0,3167000,-97000,3070000
2016/10/26,0,284000,-1882000,-1598000
2016/10/27,0,158000,-2075000,-1917000
2016/10/28,0,55000,-420000,-365000
2016/10/31,0,267000,-407000,-140000
2016/11/01,0,2000,-55000,-53000
2016/11/02,0,51000,-350000,-299000
2016/11/03,0,184000,-504000,-320000
2016/11/04,0,330040,-1159000,-828960
2016/11/07,0,152000,-755000,-603000
2016/11/08,0,240000,-293000,-53000
2016/11/09,0,85000,-947000,-862000
2016/11/10,0,609000,-331000,278000
2016/11/11,0,153000,-288000,-135000
2016/11/14,0,1535000,-638000,897000
2016/11/15,0,4337000,-3090000,1247000
2016/11/16,0,1456000,-1821000,-365000
2016/11/17,0,435160,-1024000,-588840
2016/11/18,0,460000,-236560,223440
2016/11/21,0,132000,-570000,-438000
2016/11/22,0,2143000,-475000,1668000
2016/11/23,0,129000,-981000,-852000
2016/11/24,0,562000,-338320,223680
2016/11/25,0,25000,-252000,-227000
2016/11/28,0,3011000,-792582,2218418
2016/11/29,0,462000,-1538000,-1076000
2016/11/30,0,433000,-336000,97000
2016/12/01,0,755000,-81000,674000
2016/12/02,0,260000,-1186000,-926000
2016/12/05,0,346000,-553000,-207000
2016/12/06,0,1352000,-685000,667000
2016/12/07,0,506000,-34000,472000
2016/12/08,0,1140000,-591000,549000
2016/12/09,0,831000,-534000,297000
2016/12/12,0,2576000,-442000,2134000
2016/12/13,0,161000,-1338160,-1177160
2016/12/14,0,789000,-4167000,-3378000
2016/12/15,0,2284000,-165000,2119000
2016/12/16,0,217000,-1153000,-936000
2016/12/19,0,21000,-907000,-886000
2016/12/20,0,87000,-2339440,-2252440
2016/12/21,0,213000,-2915000,-2702000
2016/12/22,0,108000,-921000,-813000
2016/12/23,0,126000,-1417080,-1291080
2016/12/26,0,242000,-270000,-28000
2016/12/27,0,92000,-2220000,-2128000
2016/12/28,0,437000,-65000,372000
2016/12/29,0,282000,-416000,-134000
2016/12/30,0,172000,-168000,4000
2017/01/02,0,0,0,0
2017/01/03,0,0,-1863000,-1863000
2017/01/04,0,95000,-1980000,-1885000
2017/01/05,0,199000,-426000,-227000
2017/01/06,0,0,-389000,-389000
2017/01/09,0,10000,-1510000,-1500000
2017/01/10,0,60000,-277000,-217000
2017/01/11,0,3000,-2007000,-2004000
2017/01/12,0,335000,-146000,189000
2017/01/13,0,161000,-527000,-366000
2017/01/16,0,137000,-1332000,-1195000
2017/01/17,0,1439000,-188000,1251000
2017/01/18,0,86000,-1395000,-1309000
2017/01/19,0,322000,-2163000,-1841000
2017/01/20,0,13000,-103000,-90000
2017/01/23,0,64000,-301000,-237000
2017/01/24,0,49000,-328000,-279000
2017/01/25,0,0,0,0
2017/01/26,0,0,0,0
2017/01/27,0,0,0,0
2017/01/30,0,0,0,0
2017/01/31,0,0,0,0
2017/02/01,0,0,0,0
2017/02/02,0,379000,-374000,5000
2017/02/03,0,23000,-680000,-657000
2017/02/06,0,6368000,-21000,6347000
2017/02/07,0,1317000,-2639000,-1322000
2017/02/08,0,2365000,-1050000,1315000
2017/02/09,0,2585000,-319000,2266000
2017/02/10,0,9496000,-1196000,8300000
2017/02/13,0,864000,-2665256,-1801256
2017/02/14,0,3958000,-2484000,1474000
2017/02/15,0,2451000,-686000,1765000
2017/02/16,0,907000,-1907000,-1000000
2017/02/17,0,144000,-593000,-449000
2017/02/20,0,2050000,-474000,1576000
2017/02/21,0,2933000,-277000,2656000
2017/02/22,0,732000,-299000,433000
2017/02/23,0,4257000,-302000,3955000
2017/02/24,0,4073000,-239000,3834000
2017/02/27,0,0,0,0
2017/02/28,0,0,0,0
2017/03/01,0,3725000,-1318000,2407000
2017/03/02,0,1231000,-482000,749000
2017/03/03,0,109000,-216000,-107000
2017/03/06,0,212000,-77000,135000
2017/03/07,0,1470000,-147000,1323000
2017/03/08,0,859000,-632000,227000
2017/03/09,0,182000,-344000,-162000
2017/03/10,0,1092000,-365000,727000
2017/03/13,0,3167000,-740000,2427000
2017/03/14,0,2468000,-3404000,-936000
2017/03/15,0,2464000,-2481000,-17000
2017/03/16,0,333000,-2771000,-2438000
2017/03/17,0,1372000,-898000,474000
2017/03/20,0,362000,-1566000,-1204000
2017/03/21,0,230000,-694000,-464000
2017/03/22,0,186000,-814000,-628000
2017/03/23,0,377000,-1086000,-709000
2017/03/24,0,2000,-940000,-938000
2017/03/27,0,203000,-285000,-82000
2017/03/28,0,733000,-83080,649920
2017/03/29,0,1072000,-9000,1063000
2017/03/30,0,50000,-560000,-510000
2017/03/31,0,25000,-558000,-533000
2017/04/03,0,0,0,0
2017/04/04,0,0,0,0
2017/04/05,0,215000,-273000,-58000
2017/04/06,0,139000,-945000,-806000
2017/04/07,0,197000,-108000,89000
2017/04/10,0,285000,-21000,264000
2017/04/11,0,348000,-279000,69000
2017/04/12,0,55000,-489000,-434000
2017/04/13,0,180000,-70000,110000
2017/04/14,0,303000,-781000,-478000
2017/04/17,0,59000,-77000,-18000
2017/04/18,0,148000,-867000,-719000
2017/04/19,0,1534000,-769000,765000
2017/04/20,0,5305000,-982000,4323000
2017/04/21,0,57000,-1414000,-1357000
2017/04/24,0,416000,-830000,-414000
2017/04/25,0,536000,-3447874,-2911874
2017/04/26,0,1008000,-4830000,-3822000
2017/04/27,0,60000,-3113000,-3053000
2017/04/28,0,2234000,-3660000,-1426000
2017/05/01,0,0,0,0
2017/05/02,0,1020000,-1637000,-617000
2017/05/03,0,379000,-2890000,-2511000
2017/05/04,0,393000,-2092000,-1699000
2017/05/05,0,350000,-1297000,-947000
2017/05/08,0,483000,-3375000,-2892000
2017/05/09,0,1722000,-1039466,682534
2017/05/10,0,317000,-1678000,-1361000
2017/05/11,0,98000,-142000,-44000
2017/05/12,0,2691000,-640000,2051000
2017/05/15,0,621000,-823000,-202000
2017/05/16,0,2963000,-644000,2319000
2017/05/17,0,546000,-1983000,-1437000
2017/05/18,0,3105000,-654000,2451000
2017/05/19,0,4554000,-628000,3926000
2017/05/22,0,449000,-563000,-114000
2017/05/23,0,1411000,-676000,735000
2017/05/24,0,197000,-188000,9000
2017/05/25,0,1456000,-447000,1009000
2017/05/26,0,119000,-1181000,-1062000
2017/05/29,0,0,0,0
2017/05/30,0,0,0,0
2017/05/31,0,493000,-551000,-58000
2017/06/01,0,74000,-147000,-73000
2017/06/02,0,56000,-106000,-50000
2017/06/05,0,61000,-242000,-181000
2017/06/06,0,448000,-23498,424502
2017/06/07,0,597000,-801001,-204001
2017/06/08,0,443000,-116000,327000
2017/06/09,0,1753000,-450000,1303000
2017/06/12,0,3728000,-956000,2772000
2017/06/13,0,441000,-622000,-181000
2017/06/14,0,229000,-978000,-749000
2017/06/15,0,39000,-45000,-6000
2017/06/16,0,107000,-43000,64000
2017/06/19,0,1528000,-137000,1391000
2017/06/20,0,1584000,-793000,791000
2017/06/21,0,2298000,-292000,2006000
2017/06/22,0,307000,-44160,262840
2017/06/23,0,248000,-330000,-82000
2017/06/26,0,4562000,-1221000,3341000
2017/06/27,0,2139000,-2005000,134000
2017/06/28,0,1005000,-687000,318000
2017/06/29,0,2091000,-1261000,830000
2017/06/30,0,1129000,-920000,209000
2017/07/03,0,2134000,-730000,1404000
2017/07/04,0,6559000,-603000,5956000
2017/07/05,0,4438000,-2090000,2348000
2017/07/06,0,6515000,-4189000,2326000
2017/07/07,0,4130000,-22572000,-18442000
2017/07/10,0,3482000,-6400000,-2918000
2017/07/11,0,5186000,-1503000,3683000
2017/07/12,0,4243000,-655000,3588000
2017/07/13,0,8918000,-1003000,7915000
2017/07/14,0,18812000,-1218000,17594000
2017/07/17,0,774000,-13830000,-13056000
2017/07/18,0,1448000,-2050000,-602000
2017/07/19,0,1309000,-2197000,-888000
2017/07/20,0,287000,-600000,-313000
2017/07/21,0,307000,-893800,-586800
2017/07/24,0,610000,-6555000,-5945000
2017/07/25,0,162000,-51000,111000
2017/07/26,0,186000,-754000,-568000
2017/07/27,0,606000,-113000,493000
2017/07/28,0,28000,-1601000,-1573000
2017/07/31,0,343000,-225000,118000
2017/08/01,0,184000,-134000,50000
2017/08/02,0,78000,-2060000,-1982000
2017/08/03,0,178000,-140000,38000
2017/08/04,0,309000,-288000,21000
2017/08/07,0,948000,-576000,372000
2017/08/08,0,432000,-557000,-125000
2017/08/09,0,151000,-745000,-594000
2017/08/10,0,1312000,-303000,1009000
2017/08/11,0,212000,-650509,-438509
2017/08/14,0,58000,-556000,-498000
2017/08/15,0,126000,-374000,-248000
2017/08/16,0,24000,-1093000,-1069000
2017/08/17,0,775000,-95000,680000
2017/08/18,0,1000,-535000,-534000
