Date,Open,Buy,Sell,Total
2007/01/02,0,1243000,-658000,585000
2007/01/03,0,69000,-960,68040
2007/01/04,0,575000,0,575000
2007/01/05,0,90000,0,90000
2007/01/08,0,43000,-100000,-57000
2007/01/09,0,27000,0,27000
2007/01/10,0,2000,-120,1880
2007/01/11,0,14000,0,14000
2007/01/12,0,808000,0,808000
2007/01/15,0,400000,0,400000
2007/01/16,0,505000,-100000,405000
2007/01/17,0,343000,0,343000
2007/01/18,0,0,0,0
2007/01/19,0,0,-550000,-550000
2007/01/22,0,87000,-46000,41000
2007/01/23,0,0,-99000,-99000
2007/01/24,0,797000,0,797000
2007/01/25,0,52000,-1000,51000
2007/01/26,0,0,-702000,-702000
2007/01/29,0,0,-4000,-4000
2007/01/30,0,383000,-200000,183000
2007/01/31,0,400000,0,400000
2007/02/01,0,0,0,0
2007/02/02,0,157000,-245000,-88000
2007/02/05,0,952000,0,952000
2007/02/06,0,2056000,-16000,2040000
2007/02/07,0,0,-1000000,-1000000
2007/02/08,0,9000,-373000,-364000
2007/02/09,0,272000,-520000,-248000
2007/02/12,0,0,0,0
2007/02/13,0,26000,0,26000
2007/02/14,0,100000,0,100000
2007/02/15,0,0,0,0
2007/02/16,0,0,0,0
2007/02/19,0,0,0,0
2007/02/20,0,0,0,0
2007/02/21,0,0,0,0
2007/02/22,0,0,0,0
2007/02/23,0,0,0,0
2007/02/26,0,0,0,0
2007/02/27,0,100000,-1384000,-1284000
2007/02/28,0,0,0,0
2007/03/01,0,121000,0,121000
2007/03/02,0,244000,-1247000,-1003000
2007/03/05,0,200000,-198000,2000
2007/03/06,0,131000,0,131000
2007/03/07,0,0,-100000,-100000
2007/03/08,0,0,-250000,-250000
2007/03/09,0,1616000,-434000,1182000
2007/03/12,0,27000,-505000,-478000
2007/03/13,0,53000,-300000,-247000
2007/03/14,0,0,-4534000,-4534000
2007/03/15,0,157000,-5894000,-5737000
2007/03/16,0,0,-93000,-93000
2007/03/19,0,10000,0,10000
2007/03/20,0,0,-11000,-11000
2007/03/21,0,0,-843000,-843000
2007/03/22,0,0,-967000,-967000
2007/03/23,0,0,-1195000,-1195000
2007/03/26,0,0,-481000,-481000
2007/03/27,0,42000,0,42000
2007/03/28,0,0,0,0
2007/03/29,0,0,-34000,-34000
2007/03/30,0,0,-396000,-396000
2007/04/02,0,0,0,0
2007/04/03,0,0,-568000,-568000
2007/04/04,0,9000,0,9000
2007/04/05,0,0,0,0
2007/04/06,0,0,0,0
2007/04/09,0,0,-3000,-3000
2007/04/10,0,0,-8246,-8246
2007/04/11,0,6000,-21000,-15000
2007/04/12,0,0,0,0
2007/04/13,0,0,-48000,-48000
2007/04/16,0,0,-46000,-46000
2007/04/17,0,0,-1246000,-1246000
2007/04/18,0,0,-35000,-35000
2007/04/19,0,16000,0,16000
2007/04/20,0,112000,-217000,-105000
2007/04/23,0,7000,0,7000
2007/04/24,0,48000,0,48000
2007/04/25,0,0,-1500000,-1500000
2007/04/26,0,0,0,0
2007/04/27,0,0,-1150000,-1150000
2007/04/30,0,0,0,0
2007/05/01,0,0,0,0
2007/05/02,0,50000,0,50000
2007/05/03,0,0,0,0
2007/05/04,0,0,0,0
2007/05/07,0,0,-400,-400
2007/05/08,0,0,-66000,-66000
2007/05/09,0,0,0,0
2007/05/10,0,0,-480000,-480000
2007/05/11,0,19000,-1000,18000
2007/05/14,0,0,0,0
2007/05/15,0,60000,-3000,57000
2007/05/16,0,0,-9000,-9000
2007/05/17,0,0,-9976,-9976
2007/05/18,0,17000,0,17000
2007/05/21,0,150000,-152000,-2000
2007/05/22,0,17000,-294000,-277000
2007/05/23,0,0,-191000,-191000
2007/05/24,0,0,-202000,-202000
2007/05/25,0,4000,0,4000
2007/05/28,0,0,0,0
2007/05/29,0,0,-2000,-2000
2007/05/30,0,0,0,0
2007/05/31,0,0,-100000,-100000
2007/06/01,0,0,0,0
2007/06/04,0,9000,0,9000
2007/06/05,0,0,-325000,-325000
2007/06/06,0,210000,-122480,87520
2007/06/07,0,100000,0,100000
2007/06/08,0,0,0,0
2007/06/11,0,0,0,0
2007/06/12,0,48000,-100000,-52000
2007/06/13,0,0,0,0
2007/06/14,0,0,-15000,-15000
2007/06/15,0,506000,0,506000
2007/06/18,0,0,0,0
2007/06/19,0,0,0,0
2007/06/20,0,0,-2000,-2000
2007/06/21,0,0,-6000,-6000
2007/06/22,0,0,0,0
2007/06/25,0,410000,-1274000,-864000
2007/06/26,0,1040000,-50000,990000
2007/06/27,0,100000,-50000,50000
2007/06/28,0,0,0,0
2007/06/29,0,4000,0,4000
2007/07/02,0,0,0,0
2007/07/03,0,190000,0,190000
2007/07/04,0,5000,0,5000
2007/07/05,0,3648000,-156000,3492000
2007/07/06,0,0,-39000,-39000
2007/07/09,0,14000,0,14000
2007/07/10,0,3000,0,3000
2007/07/11,0,0,0,0
2007/07/12,0,128000,0,128000
2007/07/13,0,0,-100000,-100000
2007/07/16,0,250000,-62,249938
2007/07/17,0,400000,-17000,383000
2007/07/18,0,25000,0,25000
2007/07/19,0,9000,0,9000
2007/07/20,0,16000,0,16000
2007/07/23,0,1000,0,1000
2007/07/24,0,2000,0,2000
2007/07/25,0,4000,0,4000
2007/07/26,0,32000,0,32000
2007/07/27,0,36000,-18000,18000
2007/07/30,0,501000,0,501000
2007/07/31,0,0,-25000,-25000
2007/08/01,0,6000,-362000,-356000
2007/08/02,0,27000,-24000,3000
2007/08/03,0,5000,-406000,-401000
2007/08/06,0,5000,-80000,-75000
2007/08/07,0,3000,0,3000
2007/08/08,0,103000,0,103000
2007/08/09,0,202000,0,202000
2007/08/10,0,6000,-81000,-75000
2007/08/13,0,0,0,0
2007/08/14,0,5000,0,5000
2007/08/15,0,26000,-32000,-6000
2007/08/16,0,47000,-1200000,-1153000
2007/08/17,0,1400000,-171000,1229000
2007/08/20,0,26000,0,26000
2007/08/21,0,16000,0,16000
2007/08/22,0,220000,-5000,215000
2007/08/23,0,0,0,0
2007/08/24,0,0,-13000,-13000
2007/08/27,0,11000,-32000,-21000
2007/08/28,0,0,-1000,-1000
2007/08/29,0,0,-1000,-1000
2007/08/30,0,0,0,0
2007/08/31,0,0,-84000,-84000
2007/09/03,0,47000,-34000,13000
2007/09/04,0,104000,-10000,94000
2007/09/05,0,0,0,0
2007/09/06,0,1354000,0,1354000
2007/09/07,0,12000,-53000,-41000
2007/09/10,0,0,-5000,-5000
2007/09/11,0,22000,0,22000
2007/09/12,0,40000,-117000,-77000
2007/09/13,0,0,0,0
2007/09/14,0,112000,0,112000
2007/09/17,0,0,0,0
2007/09/18,0,0,0,0
2007/09/19,0,12000,0,12000
2007/09/20,0,17000,0,17000
2007/09/21,0,19000,0,19000
2007/09/24,0,0,0,0
2007/09/25,0,0,0,0
2007/09/26,0,618000,-18000,600000
2007/09/27,0,7000,0,7000
2007/09/28,0,0,-19000,-19000
2007/10/01,0,615000,-32000,583000
2007/10/02,0,560000,-77000,483000
2007/10/03,0,147000,-3000,144000
2007/10/04,0,290000,0,290000
2007/10/05,0,94000,-29000,65000
2007/10/08,0,226000,-23000,203000
2007/10/09,0,47000,0,47000
2007/10/10,0,0,0,0
2007/10/11,0,0,-20000,-20000
2007/10/12,0,0,0,0
2007/10/15,0,10000,-41000,-31000
2007/10/16,0,0,0,0
2007/10/17,0,0,0,0
2007/10/18,0,0,0,0
2007/10/19,0,0,-83000,-83000
2007/10/22,0,2000,0,2000
2007/10/23,0,3000,0,3000
2007/10/24,0,0,-15000,-15000
2007/10/25,0,0,0,0
2007/10/26,0,0,0,0
2007/10/29,0,2000,0,2000
2007/10/30,0,7000,0,7000
2007/10/31,0,59000,-126000,-67000
2007/11/01,0,592000,-193000,399000
2007/11/02,0,14000,-234000,-220000
2007/11/05,0,2000,0,2000
2007/11/06,0,5000,0,5000
2007/11/07,0,281000,0,281000
2007/11/08,0,9000,0,9000
2007/11/09,0,7000,0,7000
2007/11/12,0,14000,-108000,-94000
2007/11/13,0,8000,0,8000
2007/11/14,0,0,-1000,-1000
2007/11/15,0,1052000,0,1052000
2007/11/16,0,4000,0,4000
2007/11/19,0,0,-336000,-336000
2007/11/20,0,1000,-2000,-1000
2007/11/21,0,0,-10000,-10000
2007/11/22,0,1000,0,1000
2007/11/23,0,3000,0,3000
2007/11/26,0,2000,0,2000
2007/11/27,0,0,0,0
2007/11/28,0,1000,0,1000
2007/11/29,0,80000,0,80000
2007/11/30,0,488000,-50000,438000
2007/12/03,0,1000,0,1000
2007/12/04,0,0,0,0
2007/12/05,0,0,-392000,-392000
2007/12/06,0,0,-100000,-100000
2007/12/07,0,14000,0,14000
2007/12/10,0,0,-350000,-350000
2007/12/11,0,54000,-84000,-30000
2007/12/12,0,86000,-114000,-28000
2007/12/13,0,22000,0,22000
2007/12/14,0,86000,-40000,46000
2007/12/17,0,1003000,0,1003000
2007/12/18,0,734000,-87000,647000
2007/12/19,0,0,0,0
2007/12/20,0,1000,0,1000
2007/12/21,0,0,0,0
2007/12/24,0,1000,-53000,-52000
2007/12/25,0,0,-5000,-5000
2007/12/26,0,0,0,0
2007/12/27,0,0,-65000,-65000
2007/12/28,0,309000,-35000,274000
2007/12/31,0,0,0,0
2008/01/01,0,0,0,0
2008/01/02,0,0,0,0
2008/01/03,0,2302000,0,2302000
2008/01/04,0,2320000,-5000,2315000
2008/01/07,0,937000,0,937000
2008/01/08,0,3051000,-12000,3039000
2008/01/09,0,442000,-23000,419000
2008/01/10,0,56000,0,56000
2008/01/11,0,7179000,-5000,7174000
2008/01/14,0,19784000,0,19784000
2008/01/15,0,2870000,-1462000,1408000
2008/01/16,0,8928000,-1705000,7223000
2008/01/17,0,3527000,0,3527000
2008/01/18,0,4037000,-4000,4033000
2008/01/21,0,918000,0,918000
2008/01/22,0,973000,-200000,773000
2008/01/23,0,39000,-120000,-81000
2008/01/24,0,2594000,-8000,2586000
2008/01/25,0,7960000,0,7960000
2008/01/28,0,682000,-950000,-268000
2008/01/29,0,1305000,-80000,1225000
2008/01/30,0,700000,0,700000
2008/01/31,0,167000,0,167000
2008/02/01,0,1268000,0,1268000
2008/02/04,0,0,0,0
2008/02/05,0,0,0,0
2008/02/06,0,0,0,0
2008/02/07,0,0,0,0
2008/02/08,0,0,0,0
2008/02/11,0,0,0,0
2008/02/12,0,231000,-371000,-140000
2008/02/13,0,4458000,0,4458000
2008/02/14,0,0,0,0
2008/02/15,0,0,-1000000,-1000000
2008/02/18,0,543000,-500000,43000
2008/02/19,0,686000,-34000,652000
2008/02/20,0,3371000,-200000,3171000
2008/02/21,0,106000,-289000,-183000
2008/02/22,0,3080000,-859000,2221000
2008/02/25,0,1666000,-41000,1625000
2008/02/26,0,300000,-1908000,-1608000
2008/02/27,0,3873000,-18000,3855000
2008/02/28,0,0,0,0
2008/02/29,0,0,-2068000,-2068000
2008/03/03,0,370000,-257000,113000
2008/03/04,0,2000,-62000,-60000
2008/03/05,0,1321000,-207000,1114000
2008/03/06,0,350000,-335000,15000
2008/03/07,0,124000,0,124000
2008/03/10,0,1796000,-645000,1151000
2008/03/11,0,2000,-800000,-798000
2008/03/12,0,52000,0,52000
2008/03/13,0,0,-5000,-5000
2008/03/14,0,916000,0,916000
2008/03/17,0,504000,0,504000
2008/03/18,0,7630000,0,7630000
2008/03/19,0,212000,0,212000
2008/03/20,0,16981000,-103000,16878000
2008/03/21,0,13051000,-25000,13026000
2008/03/24,0,13620000,-2100000,11520000
2008/03/25,0,1620000,-110000,1510000
2008/03/26,0,640000,-862000,-222000
2008/03/27,0,610000,-30000,580000
2008/03/28,0,2897000,0,2897000
2008/03/31,0,2877000,-151000,2726000
2008/04/01,0,80000,-20000,60000
2008/04/02,0,1153000,0,1153000
2008/04/03,0,0,-288000,-288000
2008/04/04,0,0,0,0
2008/04/07,0,801000,-2077000,-1276000
2008/04/08,0,946000,-4500000,-3554000
2008/04/09,0,1000,-2298000,-2297000
2008/04/10,0,2326000,0,2326000
2008/04/11,0,1585000,-1252000,333000
2008/04/14,0,2500000,-115000,2385000
2008/04/15,0,1401000,-293000,1108000
2008/04/16,0,1130000,-231000,899000
2008/04/17,0,1300000,-2847000,-1547000
2008/04/18,0,3015000,-790000,2225000
2008/04/21,0,2000,0,2000
2008/04/22,0,1077000,-3126000,-2049000
2008/04/23,0,1000,0,1000
2008/04/24,0,1000,-1800000,-1799000
2008/04/25,0,2135000,0,2135000
2008/04/28,0,1368000,-185000,1183000
2008/04/29,0,11731000,-475000,11256000
2008/04/30,0,1461000,-400000,1061000
2008/05/01,0,0,0,0
2008/05/02,0,7232000,0,7232000
2008/05/05,0,3633000,-17000,3616000
2008/05/06,0,221000,-208000,13000
2008/05/07,0,55000,-2995000,-2940000
2008/05/08,0,13000,-4917000,-4904000
2008/05/09,0,1313000,-2243000,-930000
2008/05/12,0,661000,-511000,150000
2008/05/13,0,103000,-5605000,-5502000
2008/05/14,0,2311000,-1025000,1286000
2008/05/15,0,459000,-300000,159000
2008/05/16,0,871000,-285000,586000
2008/05/19,0,401000,-174000,227000
2008/05/20,0,50000,-264000,-214000
2008/05/21,0,50000,-1264000,-1214000
2008/05/22,0,121000,-1604000,-1483000
2008/05/23,0,16000,0,16000
2008/05/26,0,325000,-298000,27000
2008/05/27,0,265000,-177000,88000
2008/05/28,0,2000,-1500000,-1498000
2008/05/29,0,261000,0,261000
2008/05/30,0,414000,-248000,166000
2008/06/02,0,932000,-68000,864000
2008/06/03,0,258000,-847000,-589000
2008/06/04,0,2000,-499000,-497000
2008/06/05,0,141000,-1697000,-1556000
2008/06/06,0,1000,-1578000,-1577000
2008/06/09,0,1000,0,1000
2008/06/10,0,50000,0,50000
2008/06/11,0,177000,0,177000
2008/06/12,0,204000,0,204000
2008/06/13,0,2243000,-52000,2191000
2008/06/16,0,144000,-1300000,-1156000
2008/06/17,0,1414000,-50000,1364000
2008/06/18,0,2645000,0,2645000
2008/06/19,0,0,-2000,-2000
2008/06/20,0,157000,-800000,-643000
2008/06/23,0,2359000,0,2359000
2008/06/24,0,402000,-770000,-368000
2008/06/25,0,306000,-1000,305000
2008/06/26,0,0,0,0
2008/06/27,0,1000,0,1000
2008/06/30,0,105000,-99000,6000
2008/07/01,0,1487000,-1349000,138000
2008/07/02,0,200000,-1606000,-1406000
2008/07/03,0,3032000,-2241000,791000
2008/07/04,0,4110000,-3830000,280000
2008/07/07,0,403000,-500000,-97000
2008/07/08,0,1000000,-190000,810000
2008/07/09,0,1003000,-4705000,-3702000
2008/07/10,0,30000,-1483000,-1453000
2008/07/11,0,2027000,-5665000,-3638000
2008/07/14,0,0,-7655000,-7655000
2008/07/15,0,57000,-7803353,-7746353
2008/07/16,0,401000,-4173000,-3772000
2008/07/17,0,10000,-1496000,-1486000
2008/07/18,0,1248000,-847000,401000
2008/07/21,0,451000,-769000,-318000
2008/07/22,0,2000,-363000,-361000
2008/07/23,0,639000,-128000,511000
2008/07/24,0,85000,-1193000,-1108000
2008/07/25,0,71000,-900000,-829000
2008/07/28,0,0,0,0
2008/07/29,0,2000,-3531000,-3529000
2008/07/30,0,2000,-789490,-787490
2008/07/31,0,515000,0,515000
2008/08/01,0,226000,0,226000
2008/08/04,0,1000,-8000,-7000
2008/08/05,0,3211000,-1501000,1710000
2008/08/06,0,2000,-1609000,-1607000
2008/08/07,0,146000,-4183000,-4037000
2008/08/08,0,311000,-1487000,-1176000
2008/08/11,0,522000,0,522000
2008/08/12,0,536000,-1329000,-793000
2008/08/13,0,0,0,0
2008/08/14,0,1014000,-32000,982000
2008/08/15,0,2000000,-7020000,-5020000
2008/08/18,0,328000,-15960000,-15632000
2008/08/19,0,0,-4938000,-4938000
2008/08/20,0,11000,-6623000,-6612000
2008/08/21,0,3000,-3864000,-3861000
2008/08/22,0,1000,0,1000
2008/08/25,0,1000,-2189000,-2188000
2008/08/26,0,0,-1632000,-1632000
2008/08/27,0,2045000,-206000,1839000
2008/08/28,0,0,-590000,-590000
2008/08/29,0,451000,-3033000,-2582000
2008/09/01,0,2010000,-1384000,626000
2008/09/02,0,12000,0,12000
2008/09/03,0,92000,-59000,33000
2008/09/04,0,10000,-6000,4000
2008/09/05,0,2004000,-514000,1490000
2008/09/08,0,374000,-342000,32000
2008/09/09,0,1114000,0,1114000
2008/09/10,0,714000,-40000,674000
2008/09/11,0,2500000,0,2500000
2008/09/12,0,1126000,0,1126000
2008/09/15,0,0,0,0
2008/09/16,0,33000,-1474000,-1441000
2008/09/17,0,433000,-215000,218000
2008/09/18,0,8000,-492000,-484000
2008/09/19,0,0,-7127000,-7127000
2008/09/22,0,19000,-11335000,-11316000
2008/09/23,0,1934000,-7370000,-5436000
2008/09/24,0,62000,-6680000,-6618000
2008/09/25,0,114000,-1174000,-1060000
2008/09/26,0,7000,0,7000
2008/09/29,0,0,0,0
2008/09/30,0,4000,-4500000,-4496000
2008/10/01,0,8000,-7833000,-7825000
2008/10/02,0,7000,-1676000,-1669000
2008/10/03,0,156000,-647000,-491000
2008/10/06,0,0,-553000,-553000
2008/10/07,0,0,-48000,-48000
2008/10/08,0,0,-620000,-620000
2008/10/09,0,204000,-3045000,-2841000
2008/10/10,0,0,0,0
2008/10/13,0,0,-450000,-450000
2008/10/14,0,33000,-3500000,-3467000
2008/10/15,0,26000,-2500000,-2474000
2008/10/16,0,48000,-876665,-828665
2008/10/17,0,2000,-980962,-978962
2008/10/20,0,0,-66000,-66000
2008/10/21,0,1150000,-2032962,-882962
2008/10/22,0,0,-1941455,-1941455
2008/10/23,0,33000,-347173,-314173
2008/10/24,0,0,-11000,-11000
2008/10/27,0,0,-294000,-294000
2008/10/28,0,16000,-31000,-15000
2008/10/29,0,996000,-7064990,-6068990
2008/10/30,0,25580000,-1717178,23862822
2008/10/31,0,11826000,-604,11825396
2008/11/03,0,3680000,-129288,3550712
2008/11/04,0,1044000,-10000,1034000
2008/11/05,0,2740000,-5926606,-3186606
2008/11/06,0,11420000,-8000,11412000
2008/11/07,0,2080000,-4000,2076000
2008/11/10,0,530000,-139738,390262
2008/11/11,0,1584000,-1855,1582145
2008/11/12,0,3000,-2393725,-2390725
2008/11/13,0,18000,0,18000
2008/11/14,0,1306000,-2654000,-1348000
2008/11/17,0,241000,-1690000,-1449000
2008/11/18,0,1422000,0,1422000
2008/11/19,0,4820000,0,4820000
2008/11/20,0,116000,0,116000
2008/11/21,0,68000,-1600000,-1532000
2008/11/24,0,0,-1500000,-1500000
2008/11/25,0,4304000,-2300,4301700
2008/11/26,0,10370000,0,10370000
2008/11/27,0,6631000,0,6631000
2008/11/28,0,6557000,-40000,6517000
2008/12/01,0,2828000,-38700,2789300
2008/12/02,0,11423000,-29000,11394000
2008/12/03,0,6035000,-55000,5980000
2008/12/04,0,5969000,-1600000,4369000
2008/12/05,0,794000,-2000,792000
2008/12/08,0,300000,-263000,37000
2008/12/09,0,11281000,-211000,11070000
2008/12/10,0,3698000,-418000,3280000
2008/12/11,0,2925000,-3790000,-865000
2008/12/12,0,9511000,-5068000,4443000
2008/12/15,0,13722000,-1207000,12515000
2008/12/16,0,1295000,-259000,1036000
2008/12/17,0,1443000,-329000,1114000
2008/12/18,0,71000,-5931000,-5860000
2008/12/19,0,456000,-7964000,-7508000
2008/12/22,0,12667000,-10300000,2367000
2008/12/23,0,1524000,-3350000,-1826000
2008/12/24,0,6290000,-890000,5400000
2008/12/25,0,12000,-1500000,-1488000
2008/12/26,0,2000000,0,2000000
2008/12/29,0,1952000,0,1952000
2008/12/30,0,3099000,0,3099000
2008/12/31,0,6006000,-210000,5796000
2009/01/01,0,0,0,0
2009/01/02,0,0,0,0
2009/01/05,0,5465000,-53000,5412000
2009/01/06,0,743000,-12775000,-12032000
2009/01/07,0,600000,-3500000,-2900000
2009/01/08,0,0,-3899000,-3899000
2009/01/09,0,17000,-4912000,-4895000
2009/01/12,0,1990000,-15826298,-13836298
2009/01/13,0,1378000,-6307000,-4929000
2009/01/14,0,2356000,-2492000,-136000
2009/01/15,0,15000,-743000,-728000
2009/01/16,0,3063000,-14971000,-11908000
2009/01/19,0,2384000,-2089000,295000
2009/01/20,0,1200000,-3169000,-1969000
2009/01/21,0,0,-4000,-4000
2009/01/22,0,0,0,0
2009/01/23,0,0,0,0
2009/01/26,0,0,0,0
2009/01/27,0,0,0,0
2009/01/28,0,0,0,0
2009/01/29,0,0,0,0
2009/01/30,0,0,0,0
2009/02/02,0,104000,-1930000,-1826000
2009/02/03,0,1500000,-5115000,-3615000
2009/02/04,0,2540000,-27,2539973
2009/02/05,0,0,0,0
2009/02/06,0,23000,0,23000
2009/02/09,0,0,-45000,-45000
2009/02/10,0,313000,-3400000,-3087000
2009/02/11,0,500000,-22000,478000
2009/02/12,0,822000,-91000,731000
2009/02/13,0,0,-16000,-16000
2009/02/16,0,0,-4950000,-4950000
2009/02/17,0,0,-110000,-110000
2009/02/18,0,34000,-978000,-944000
2009/02/19,0,0,-10800000,-10800000
2009/02/20,0,0,-7665000,-7665000
2009/02/23,0,0,-3940303,-3940303
2009/02/24,0,545000,-793000,-248000
2009/02/25,0,2223000,0,2223000
2009/02/26,0,5106000,-22000,5084000
2009/02/27,0,2341000,-2000,2339000
2009/03/02,0,15990000,-2451000,13539000
2009/03/03,0,30000,-60000,-30000
2009/03/04,0,0,-1098761,-1098761
2009/03/05,0,1282000,0,1282000
2009/03/06,0,21000,-3919000,-3898000
2009/03/09,0,35000,-1387000,-1352000
2009/03/10,0,46000,-13000,33000
2009/03/11,0,20084000,-35000,20049000
2009/03/12,0,1309000,-11000,1298000
2009/03/13,0,50000,-2583000,-2533000
2009/03/16,0,8165000,-14000,8151000
2009/03/17,0,10054000,-74064,9979936
2009/03/18,0,4550000,-70000,4480000
2009/03/19,0,9980000,-5000,9975000
2009/03/20,0,6876000,-3957000,2919000
2009/03/23,0,2630000,-12032000,-9402000
2009/03/24,0,11196000,-49000,11147000
2009/03/25,0,5346000,-214000,5132000
2009/03/26,0,2220000,-1500000,720000
2009/03/27,0,20144000,0,20144000
2009/03/30,0,4746000,-800000,3946000
2009/03/31,0,6676000,-2133000,4543000
2009/04/01,0,5000000,0,5000000
2009/04/02,0,20243000,-65000,20178000
2009/04/03,0,7031000,-18000,7013000
2009/04/06,0,2366000,-507000,1859000
2009/04/07,0,818000,-5678000,-4860000
2009/04/08,0,0,-6009000,-6009000
2009/04/09,0,3000000,-7139000,-4139000
2009/04/10,0,100000,-18923290,-18823290
2009/04/13,0,1744000,-276000,1468000
2009/04/14,0,7528000,-186000,7342000
2009/04/15,0,3983000,-120000,3863000
2009/04/16,0,350000,-43000,307000
2009/04/17,0,850000,-22000,828000
2009/04/20,0,2980000,-1817000,1163000
2009/04/21,0,17000,-7037000,-7020000
2009/04/22,0,28000,-10390000,-10362000
2009/04/23,0,327000,-8187000,-7860000
2009/04/24,0,207000,-4431000,-4224000
2009/04/27,0,5000,-9521000,-9516000
2009/04/28,0,1239000,-11552000,-10313000
2009/04/29,0,982000,-800000,182000
2009/04/30,0,0,0,0
2009/05/01,0,0,0,0
2009/05/04,0,1736000,0,1736000
2009/05/05,0,231000,0,231000
2009/05/06,0,1305000,-8000,1297000
2009/05/07,0,19740000,-2933000,16807000
2009/05/08,0,11420000,-13000,11407000
2009/05/11,0,4922000,-810000,4112000
2009/05/12,0,700000,-28000,672000
2009/05/13,0,300000,-72000,228000
2009/05/14,0,1390000,-3217000,-1827000
2009/05/15,0,2539000,-45000,2494000
2009/05/18,0,1200000,-2540000,-1340000
2009/05/19,0,1519000,-338000,1181000
2009/05/20,0,1253000,-1321000,-68000
2009/05/21,0,0,-93607,-93607
2009/05/22,0,1407000,-225000,1182000
2009/05/25,0,356000,-587000,-231000
2009/05/26,0,711000,-1236000,-525000
2009/05/27,0,1277000,-796000,481000
2009/05/28,0,0,0,0
2009/05/29,0,0,0,0
2009/06/01,0,7268000,-282000,6986000
2009/06/02,0,14040000,-90000,13950000
2009/06/03,0,1488000,-70000,1418000
2009/06/04,0,1338000,-3095000,-1757000
2009/06/05,0,0,-1205000,-1205000
2009/06/08,0,160000,-1630000,-1470000
2009/06/09,0,10000,-22540000,-22530000
2009/06/10,0,106000,-17030000,-16924000
2009/06/11,0,88000,-1758000,-1670000
2009/06/12,0,3076000,-2295000,781000
2009/06/15,0,19000,-4164000,-4145000
2009/06/16,0,45000,-780000,-735000
2009/06/17,0,3038000,-2321000,717000
2009/06/18,0,551000,-500000,51000
2009/06/19,0,100000,-201644,-101644
2009/06/22,0,22000,-600000,-578000
2009/06/23,0,0,-3574000,-3574000
2009/06/24,0,150000,-1000000,-850000
2009/06/25,0,7677000,0,7677000
2009/06/26,0,51000,-717000,-666000
2009/06/29,0,519000,-650000,-131000
2009/06/30,0,3922000,0,3922000
2009/07/01,0,600000,-150000,450000
2009/07/02,0,2393000,0,2393000
2009/07/03,0,3854000,-43000,3811000
2009/07/06,0,291000,-1298000,-1007000
2009/07/07,0,2815000,0,2815000
2009/07/08,0,920000,-516000,404000
2009/07/09,0,300000,-700000,-400000
2009/07/10,0,0,-313000,-313000
2009/07/13,0,100000,-2514000,-2414000
2009/07/14,0,400000,-4611000,-4211000
2009/07/15,0,0,-2574000,-2574000
2009/07/16,0,1989000,-246000,1743000
2009/07/17,0,1800000,-68000,1732000
2009/07/20,0,5468000,0,5468000
2009/07/21,0,6273000,-196000,6077000
2009/07/22,0,503000,-53000,450000
2009/07/23,0,0,-76000,-76000
2009/07/24,0,0,-351000,-351000
2009/07/27,0,0,-3014000,-3014000
2009/07/28,0,470000,-285000,185000
2009/07/29,0,264000,-6494000,-6230000
2009/07/30,0,0,-7443000,-7443000
2009/07/31,0,0,-3810000,-3810000
2009/08/03,0,400000,-3846000,-3446000
2009/08/04,0,0,-3830000,-3830000
2009/08/05,0,1691000,-13767000,-12076000
2009/08/06,0,950000,-10539000,-9589000
2009/08/07,0,0,0,0
2009/08/10,0,26000,-3936000,-3910000
2009/08/11,0,12000,-4150000,-4138000
2009/08/12,0,0,-1430404,-1430404
2009/08/13,0,2100000,-17000,2083000
2009/08/14,0,660000,-192000,468000
2009/08/17,0,0,-602000,-602000
2009/08/18,0,13000,-5632000,-5619000
2009/08/19,0,83000,-8012000,-7929000
2009/08/20,0,8000,-5758790,-5750790
2009/08/21,0,0,-1699000,-1699000
2009/08/24,0,205000,-1270000,-1065000
2009/08/25,0,0,-1711000,-1711000
2009/08/26,0,3000,0,3000
2009/08/27,0,50000,-1555662,-1505662
2009/08/28,0,21000,0,21000
2009/08/31,0,46000,-80000,-34000
2009/09/01,0,0,-1000000,-1000000
2009/09/02,0,2215000,-875000,1340000
2009/09/03,0,0,-89000,-89000
2009/09/04,0,156000,-17000,139000
2009/09/07,0,1766000,-3178000,-1412000
2009/09/08,0,0,-9901000,-9901000
2009/09/09,0,93000,-189000,-96000
2009/09/10,0,3104000,0,3104000
2009/09/11,0,0,0,0
2009/09/14,0,700000,-146000,554000
2009/09/15,0,224000,0,224000
2009/09/16,0,879000,0,879000
2009/09/17,0,2790000,0,2790000
2009/09/18,0,0,-1589000,-1589000
2009/09/21,0,170000,-6000,164000
2009/09/22,0,1534000,0,1534000
2009/09/23,0,279000,-6000,273000
2009/09/24,0,9000,-2252000,-2243000
2009/09/25,0,0,-3160000,-3160000
2009/09/28,0,199000,0,199000
2009/09/29,0,16000,-6360000,-6344000
2009/09/30,0,0,-14000,-14000
2009/10/01,0,706000,0,706000
2009/10/02,0,1526000,-467000,1059000
2009/10/05,0,0,0,0
2009/10/06,0,0,0,0
2009/10/07,0,2565000,-2500000,65000
2009/10/08,0,881000,0,881000
2009/10/09,0,1446000,0,1446000
2009/10/12,0,475000,0,475000
2009/10/13,0,244000,-4401000,-4157000
2009/10/14,0,700000,-1258000,-558000
2009/10/15,0,500000,-250000,250000
2009/10/16,0,100000,-2255332,-2155332
2009/10/19,0,43000,-513005,-470005
2009/10/20,0,1251000,-83915,1167085
2009/10/21,0,269000,-16000,253000
2009/10/22,0,205000,-1627000,-1422000
2009/10/23,0,0,-7000,-7000
2009/10/26,0,50000,-333000,-283000
2009/10/27,0,231000,-18000,213000
2009/10/28,0,131000,-7000,124000
2009/10/29,0,6000,-737579,-731579
2009/10/30,0,0,-12000,-12000
2009/11/02,0,3403000,0,3403000
2009/11/03,0,11000,-887924,-876924
2009/11/04,0,11000,0,11000
2009/11/05,0,2524000,0,2524000
2009/11/06,0,815000,-813000,2000
2009/11/09,0,252000,-646000,-394000
2009/11/10,0,5000,-120993,-115993
2009/11/11,0,0,0,0
2009/11/12,0,1781000,-4000,1777000
2009/11/13,0,400000,-1074000,-674000
2009/11/16,0,1114000,-151000,963000
2009/11/17,0,0,-2965588,-2965588
2009/11/18,0,3780000,-1366997,2413003
2009/11/19,0,0,-3793000,-3793000
2009/11/20,0,0,-4792700,-4792700
2009/11/23,0,0,-155000,-155000
2009/11/24,0,0,-4414872,-4414872
2009/11/25,0,0,-579000,-579000
2009/11/26,0,0,-5677435,-5677435
2009/11/27,0,0,-7442511,-7442511
2009/11/30,0,0,-2330120,-2330120
2009/12/01,0,0,-307000,-307000
2009/12/02,0,0,-2067034,-2067034
2009/12/03,0,0,-16000,-16000
2009/12/04,0,0,-312309,-312309
2009/12/07,0,0,-1392895,-1392895
2009/12/08,0,0,-1038000,-1038000
2009/12/09,0,0,0,0
2009/12/10,0,0,-149073,-149073
2009/12/11,0,10000,0,10000
2009/12/14,0,657000,-212000,445000
2009/12/15,0,0,-935000,-935000
2009/12/16,0,0,-24784,-24784
2009/12/17,0,0,0,0
2009/12/18,0,1409000,-500892,908108
2009/12/21,0,0,0,0
2009/12/22,0,0,-16000,-16000
2009/12/23,0,3000,0,3000
2009/12/24,0,400000,0,400000
2009/12/25,0,1200000,-18000,1182000
2009/12/28,0,0,-94000,-94000
2009/12/29,0,1575000,-3377479,-1802479
2009/12/30,0,0,-3669679,-3669679
2009/12/31,0,2702000,-2000,2700000
2010/01/01,0,0,0,0
2010/01/04,0,15000,-2000,13000
2010/01/05,0,370000,-5000,365000
2010/01/06,0,4425000,-28000,4397000
2010/01/07,0,5135000,-6000,5129000
2010/01/08,0,300000,-18000,282000
2010/01/11,0,549000,-6000,543000
2010/01/12,0,200000,-17000,183000
2010/01/13,0,0,-4000,-4000
2010/01/14,0,151000,-10000,141000
2010/01/15,0,0,-1173107,-1173107
2010/01/18,0,37000,-625000,-588000
2010/01/19,0,13000,0,13000
2010/01/20,0,0,-932544,-932544
2010/01/21,0,0,-717000,-717000
2010/01/22,0,0,-1931000,-1931000
2010/01/25,0,62000,-15000,47000
2010/01/26,0,0,-5000,-5000
2010/01/27,0,40000,-5692000,-5652000
2010/01/28,0,12000,0,12000
2010/01/29,0,15000,0,15000
2010/02/01,0,62000,-3000,59000
2010/02/02,0,386000,-3772000,-3386000
2010/02/03,0,53000,-428000,-375000
2010/02/04,0,245000,-28000,217000
2010/02/05,0,382000,-247408,134592
2010/02/08,0,37000,-6000,31000
2010/02/09,0,14000,-1577000,-1563000
2010/02/10,0,250000,-442000,-192000
2010/02/11,0,0,0,0
2010/02/12,0,0,0,0
2010/02/15,0,0,0,0
2010/02/16,0,0,0,0
2010/02/17,0,0,0,0
2010/02/18,0,0,0,0
2010/02/19,0,0,0,0
2010/02/22,0,0,0,0
2010/02/23,0,1434000,0,1434000
2010/02/24,0,642000,0,642000
2010/02/25,0,2095000,-207000,1888000
2010/02/26,0,819000,-23000,796000
2010/03/01,0,3337000,0,3337000
2010/03/02,0,600000,0,600000
2010/03/03,0,3704000,0,3704000
2010/03/04,0,927000,-8000,919000
2010/03/05,0,6933000,0,6933000
2010/03/08,0,1158000,0,1158000
2010/03/09,0,6000,-392000,-386000
2010/03/10,0,1005000,-512000,493000
2010/03/11,0,114000,0,114000
2010/03/12,0,1000,-70000,-69000
2010/03/15,0,0,-11000,-11000
2010/03/16,0,325000,-9000,316000
2010/03/17,0,315000,-399000,-84000
2010/03/18,0,7000,-9000,-2000
2010/03/19,0,0,-10000,-10000
2010/03/22,0,70000,-10000,60000
2010/03/23,0,6000,-11877,-5877
2010/03/24,0,222000,-810140,-588140
2010/03/25,0,0,-9018,-9018
2010/03/26,0,0,-1004000,-1004000
2010/03/29,0,11000,-192000,-181000
2010/03/30,0,437000,0,437000
2010/03/31,0,0,-650000,-650000
2010/04/01,0,0,-3000,-3000
2010/04/02,0,4000,-26000,-22000
2010/04/05,0,0,0,0
2010/04/06,0,0,-7000,-7000
2010/04/07,0,0,-2465000,-2465000
2010/04/08,0,3292000,-18000,3274000
2010/04/09,0,673000,-5000,668000
2010/04/12,0,1740000,-2004000,-264000
2010/04/13,0,60000,-11000,49000
2010/04/14,0,431000,0,431000
2010/04/15,0,2075000,-12000,2063000
2010/04/16,0,100000,-14000,86000
2010/04/19,0,0,-922,-922
2010/04/20,0,206000,-3365000,-3159000
2010/04/21,0,5000,-184528,-179528
2010/04/22,0,0,-250000,-250000
2010/04/23,0,64000,-412354,-348354
2010/04/26,0,200000,0,200000
2010/04/27,0,497000,-7000,490000
2010/04/28,0,5000,-1683000,-1678000
2010/04/29,0,0,-918000,-918000
2010/04/30,0,902000,-100000,802000
2010/05/03,0,0,-13000,-13000
2010/05/04,0,325000,-1000,324000
2010/05/05,0,0,-22000,-22000
2010/05/06,0,1565000,-8000,1557000
2010/05/07,0,20000,-2000,18000
2010/05/10,0,16000,0,16000
2010/05/11,0,7195000,0,7195000
2010/05/12,0,602000,-3000,599000
2010/05/13,0,3234000,-618000,2616000
2010/05/14,0,502000,-3000,499000
2010/05/17,0,4000,-2000,2000
2010/05/18,0,0,0,0
2010/05/19,0,0,-18000,-18000
2010/05/20,0,12000,-24000,-12000
2010/05/21,0,344000,0,344000
2010/05/24,0,707000,-811000,-104000
2010/05/25,0,6000,-800000,-794000
2010/05/26,0,17000,-2184000,-2167000
2010/05/27,0,1070000,-550000,520000
2010/05/28,0,4926000,-658000,4268000
2010/05/31,0,1268000,-5000,1263000
2010/06/01,0,423000,-5977000,-5554000
2010/06/02,0,100000,-805000,-705000
2010/06/03,0,200000,-20000,180000
2010/06/04,0,0,-11000,-11000
2010/06/07,0,100000,0,100000
2010/06/08,0,16000,-2000,14000
2010/06/09,0,56000,0,56000
2010/06/10,0,69000,-2581,66419
2010/06/11,0,2465000,0,2465000
2010/06/14,0,10000,0,10000
2010/06/15,0,93000,0,93000
2010/06/16,0,0,0,0
2010/06/17,0,0,-2000,-2000
2010/06/18,0,1500000,-42000,1458000
2010/06/21,0,2917000,0,2917000
2010/06/22,0,340000,-1236000,-896000
2010/06/23,0,0,-204000,-204000
2010/06/24,0,2884000,-9000,2875000
2010/06/25,0,7062000,-35000,7027000
2010/06/28,0,6720000,-171,6719829
2010/06/29,0,1181000,0,1181000
2010/06/30,0,1500000,-172000,1328000
2010/07/01,0,0,0,0
2010/07/02,0,13242000,0,13242000
2010/07/05,0,4339000,-4000,4335000
2010/07/06,0,8351000,0,8351000
2010/07/07,0,80000,0,80000
2010/07/08,0,740000,-500000,240000
2010/07/09,0,0,-540000,-540000
2010/07/12,0,3154000,-760000,2394000
2010/07/13,0,1944000,-15000,1929000
2010/07/14,0,4485000,-957000,3528000
2010/07/15,0,4915000,0,4915000
2010/07/16,0,3566000,-2708000,858000
2010/07/19,0,3490000,-591000,2899000
2010/07/20,0,1300000,-920000,380000
2010/07/21,0,3366000,-929000,2437000
2010/07/22,0,3115000,-350000,2765000
2010/07/23,0,5034000,0,5034000
2010/07/26,0,1424000,0,1424000
2010/07/27,0,1392000,-1464000,-72000
2010/07/28,0,557000,-671000,-114000
2010/07/29,0,47000,0,47000
2010/07/30,0,4733000,0,4733000
2010/08/02,0,5251000,-11000,5240000
2010/08/03,0,824000,-11000,813000
2010/08/04,0,222000,-185000,37000
2010/08/05,0,1067000,-130000,937000
2010/08/06,0,2201000,-777000,1424000
2010/08/09,0,1121000,-3000,1118000
2010/08/10,0,192000,0,192000
2010/08/11,0,196000,-4374000,-4178000
2010/08/12,0,20000,-1804000,-1784000
2010/08/13,0,22000,-1234000,-1212000
2010/08/16,0,1120000,-4800000,-3680000
2010/08/17,0,5000,-2951906,-2946906
2010/08/18,0,630000,-1808000,-1178000
2010/08/19,0,20000,-8750414,-8730414
2010/08/20,0,0,-1928000,-1928000
2010/08/23,0,234000,-708000,-474000
2010/08/24,0,467000,-13000,454000
2010/08/25,0,57000,-3778000,-3721000
2010/08/26,0,395000,-8000,387000
2010/08/27,0,1079000,-120000,959000
2010/08/30,0,832000,-1697000,-865000
2010/08/31,0,1395000,-819000,576000
2010/09/01,0,300000,-175000,125000
2010/09/02,0,623000,0,623000
2010/09/03,0,3385000,-175000,3210000
2010/09/06,0,668000,0,668000
2010/09/07,0,24000,0,24000
2010/09/08,0,3675000,0,3675000
2010/09/09,0,0,0,0
2010/09/10,0,969000,0,969000
2010/09/13,0,0,0,0
2010/09/14,0,1083000,-10000,1073000
2010/09/15,0,4047000,-713000,3334000
2010/09/16,0,0,-477000,-477000
2010/09/17,0,153000,-24000,129000
2010/09/20,0,50000,-57000,-7000
2010/09/21,0,0,-68000,-68000
2010/09/22,0,0,0,0
2010/09/23,0,1130000,-28000,1102000
2010/09/24,0,0,-599000,-599000
2010/09/27,0,0,-17000,-17000
2010/09/28,0,178000,0,178000
2010/09/29,0,0,0,0
2010/09/30,0,0,-31000,-31000
2010/10/01,0,300000,0,300000
2010/10/04,0,200000,-380000,-180000
2010/10/05,0,600000,0,600000
2010/10/06,0,0,-1382000,-1382000
2010/10/07,0,733000,0,733000
2010/10/08,0,0,-9000,-9000
2010/10/11,0,45000,-56320,-11320
2010/10/12,0,0,-9000,-9000
2010/10/13,0,0,-154800,-154800
2010/10/14,0,33000,-435000,-402000
2010/10/15,0,1125000,0,1125000
2010/10/18,0,1500000,-1162816,337184
2010/10/19,0,23000,-633080,-610080
2010/10/20,0,60000,-765000,-705000
2010/10/21,0,0,-5863754,-5863754
2010/10/22,0,0,-3401400,-3401400
2010/10/25,0,0,-1065000,-1065000
2010/10/26,0,23000,-1434000,-1411000
2010/10/27,0,33000,-2889000,-2856000
2010/10/28,0,0,-678000,-678000
2010/10/29,0,0,-6654200,-6654200
2010/11/01,0,0,-2700000,-2700000
2010/11/02,0,300000,-2007000,-1707000
2010/11/03,0,688000,0,688000
2010/11/04,0,1350000,-248976,1101024
2010/11/05,0,325000,-532000,-207000
2010/11/08,0,0,-563000,-563000
2010/11/09,0,21000,-1200000,-1179000
2010/11/10,0,0,-1403800,-1403800
2010/11/11,0,13000,0,13000
2010/11/12,0,122000,-6004000,-5882000
2010/11/15,0,0,-229000,-229000
2010/11/16,0,3000,-808000,-805000
2010/11/17,0,0,-1768600,-1768600
2010/11/18,0,0,-1418552,-1418552
2010/11/19,0,0,-1773000,-1773000
2010/11/22,0,585000,-1288000,-703000
2010/11/23,0,1786000,-3350864,-1564864
2010/11/24,0,400000,-882000,-482000
2010/11/25,0,1000000,-4047000,-3047000
2010/11/26,0,10000,-191000,-181000
2010/11/29,0,500000,-2812440,-2312440
2010/11/30,0,178000,-3761640,-3583640
2010/12/01,0,0,-1593040,-1593040
2010/12/02,0,255000,-473000,-218000
2010/12/03,0,260000,-1578000,-1318000
2010/12/06,0,539000,-46000,493000
2010/12/07,0,7000,-3002000,-2995000
2010/12/08,0,0,-1250000,-1250000
2010/12/09,0,1690000,-1168000,522000
2010/12/10,0,225000,-1356000,-1131000
2010/12/13,0,0,-3160000,-3160000
2010/12/14,0,0,-2650180,-2650180
2010/12/15,0,105000,-1899000,-1794000
2010/12/16,0,0,-4006600,-4006600
2010/12/17,0,2161000,-746000,1415000
2010/12/20,0,1721000,-1224000,497000
2010/12/21,0,891000,-942000,-51000
2010/12/22,0,192000,-250472,-58472
2010/12/23,0,20000,-291000,-271000
2010/12/24,0,0,0,0
2010/12/27,0,0,-347000,-347000
2010/12/28,0,1500000,-17000,1483000
2010/12/29,0,893000,-228000,665000
2010/12/30,0,500000,0,500000
2010/12/31,0,1171000,-115000,1056000
2011/01/03,0,2922000,-2060000,862000
2011/01/04,0,4809000,0,4809000
2011/01/05,0,1450000,-3615000,-2165000
2011/01/06,0,636000,0,636000
2011/01/07,0,390000,-1809528,-1419528
2011/01/10,0,0,-10000,-10000
2011/01/11,0,0,-3864000,-3864000
2011/01/12,0,2563000,0,2563000
2011/01/13,0,2495000,0,2495000
2011/01/14,0,2012000,-47000,1965000
2011/01/17,0,0,-1200000,-1200000
2011/01/18,0,1598000,-405000,1193000
2011/01/19,0,108000,-970000,-862000
2011/01/20,0,0,-115000,-115000
2011/01/21,0,0,-358000,-358000
2011/01/24,0,0,-216000,-216000
2011/01/25,0,3543000,-108000,3435000
2011/01/26,0,2500000,-149000,2351000
2011/01/27,0,2110000,-7000,2103000
2011/01/28,0,1825000,-938000,887000
2011/01/31,0,0,0,0
2011/02/01,0,0,0,0
2011/02/02,0,0,0,0
2011/02/03,0,0,0,0
2011/02/04,0,0,0,0
2011/02/07,0,0,0,0
2011/02/08,0,3250000,-1312000,1938000
2011/02/09,0,523000,-1502000,-979000
2011/02/10,0,0,-1329000,-1329000
2011/02/11,0,333000,-1505000,-1172000
2011/02/14,0,268000,-481000,-213000
2011/02/15,0,214000,-2009944,-1795944
2011/02/16,0,19000,-175000,-156000
2011/02/17,0,0,-100000,-100000
2011/02/18,0,155000,-78000,77000
2011/02/21,0,763000,-320000,443000
2011/02/22,0,2107000,0,2107000
2011/02/23,0,2419000,-200000,2219000
2011/02/24,0,908000,-1263000,-355000
2011/02/25,0,6000,-69000,-63000
2011/02/28,0,0,0,0
2011/03/01,0,0,0,0
2011/03/02,0,3395000,-2000,3393000
2011/03/03,0,1606000,0,1606000
2011/03/04,0,0,-499000,-499000
2011/03/07,0,33000,0,33000
2011/03/08,0,0,-579000,-579000
2011/03/09,0,126000,0,126000
2011/03/10,0,387000,0,387000
2011/03/11,0,129000,-1000000,-871000
2011/03/14,0,10000,-2193824,-2183824
2011/03/15,0,6000,-2630000,-2624000
2011/03/16,0,2900000,-300400,2599600
2011/03/17,0,120000,0,120000
2011/03/18,0,1130000,-17000,1113000
2011/03/21,0,520000,0,520000
2011/03/22,0,330000,0,330000
2011/03/23,0,1170000,0,1170000
2011/03/24,0,4646000,0,4646000
2011/03/25,0,15000,-1422000,-1407000
2011/03/28,0,0,0,0
2011/03/29,0,1732000,0,1732000
2011/03/30,0,150000,-74000,76000
2011/03/31,0,0,-31000,-31000
2011/04/01,0,0,-700000,-700000
2011/04/04,0,0,0,0
2011/04/05,0,0,0,0
2011/04/06,0,0,-794000,-794000
2011/04/07,0,0,-150000,-150000
2011/04/08,0,0,-250000,-250000
2011/04/11,0,82000,0,82000
2011/04/12,0,220000,-324000,-104000
2011/04/13,0,0,-2000000,-2000000
2011/04/14,0,0,-57000,-57000
2011/04/15,0,0,-3102000,-3102000
2011/04/18,0,3117000,-248000,2869000
2011/04/19,0,11000,-994000,-983000
2011/04/20,0,445000,-3036000,-2591000
2011/04/21,0,722000,-51000,671000
2011/04/22,0,539000,0,539000
2011/04/25,0,80000,-7000,73000
2011/04/26,0,700000,-120000,580000
2011/04/27,0,4933000,-1380459,3552541
2011/04/28,0,315000,-9000,306000
2011/04/29,0,3320000,0,3320000
2011/05/02,0,0,0,0
2011/05/03,0,1480000,-1000,1479000
2011/05/04,0,1574000,0,1574000
2011/05/05,0,2332000,-190000,2142000
2011/05/06,0,1227000,0,1227000
2011/05/09,0,3559000,-128000,3431000
2011/05/10,0,1182000,0,1182000
2011/05/11,0,0,0,0
2011/05/12,0,113000,-13551000,-13438000
2011/05/13,0,0,-475000,-475000
2011/05/16,0,5000,-1090000,-1085000
2011/05/17,0,1798000,0,1798000
2011/05/18,0,526000,0,526000
2011/05/19,0,535000,0,535000
2011/05/20,0,0,-2000,-2000
2011/05/23,0,12000,-1933000,-1921000
2011/05/24,0,0,-100000,-100000
2011/05/25,0,0,0,0
2011/05/26,0,607000,-2000000,-1393000
2011/05/27,0,893000,-3103000,-2210000
2011/05/30,0,1123000,-80000,1043000
2011/05/31,0,20000,-1963000,-1943000
2011/06/01,0,2600000,-449000,2151000
2011/06/02,0,1600000,-898000,702000
2011/06/03,0,100000,-20000,80000
2011/06/06,0,0,0,0
2011/06/07,0,100000,-1093000,-993000
2011/06/08,0,105000,-110000,-5000
2011/06/09,0,100000,-1862000,-1762000
2011/06/10,0,200000,-600000,-400000
2011/06/13,0,100000,0,100000
2011/06/14,0,12000,-100000,-88000
2011/06/15,0,308000,0,308000
2011/06/16,0,150000,0,150000
2011/06/17,0,31000,-959000,-928000
2011/06/20,0,114000,0,114000
2011/06/21,0,119000,-3000,116000
2011/06/22,0,13000,0,13000
2011/06/23,0,296000,-23000,273000
2011/06/24,0,34000,0,34000
2011/06/27,0,290000,-24000,266000
2011/06/28,0,128000,-15000,113000
2011/06/29,0,574000,-3296000,-2722000
2011/06/30,0,1360000,-3000,1357000
2011/07/01,0,1528000,-200000,1328000
2011/07/04,0,50000,-176000,-126000
2011/07/05,0,50000,-506184,-456184
2011/07/06,0,80000,-2000,78000
2011/07/07,0,500000,0,500000
2011/07/08,0,1200000,-508000,692000
2011/07/11,0,280000,-108000,172000
2011/07/12,0,3949000,0,3949000
2011/07/13,0,445000,0,445000
2011/07/14,0,331000,0,331000
2011/07/15,0,1821000,-11000,1810000
2011/07/18,0,1851000,-244800,1606200
2011/07/19,0,369000,-200000,169000
2011/07/20,0,650000,-433000,217000
2011/07/21,0,8000,0,8000
2011/07/22,0,100000,-421000,-321000
2011/07/25,0,80000,-43000,37000
2011/07/26,0,14000,-190000,-176000
2011/07/27,0,684000,-118000,566000
2011/07/28,0,720000,-171000,549000
2011/07/29,0,0,-850000,-850000
2011/08/01,0,11000,-100000,-89000
2011/08/02,0,800000,-165000,635000
2011/08/03,0,81000,-3286000,-3205000
2011/08/04,0,269000,-11620168,-11351168
2011/08/05,0,103000,-630000,-527000
2011/08/08,0,1544000,-1161000,383000
2011/08/09,0,1154000,-150000,1004000
2011/08/10,0,2762000,-1721800,1040200
2011/08/11,0,1787000,-450000,1337000
2011/08/12,0,392000,-3547000,-3155000
2011/08/15,0,17000,0,17000
2011/08/16,0,1033000,-16000,1017000
2011/08/17,0,495000,-8000,487000
2011/08/18,0,264000,-135282,128718
2011/08/19,0,13000,-539000,-526000
2011/08/22,0,160000,-1195000,-1035000
2011/08/23,0,16000,0,16000
2011/08/24,0,0,0,0
2011/08/25,0,556000,-127000,429000
2011/08/26,0,1125000,-530000,595000
2011/08/29,0,845000,0,845000
2011/08/30,0,0,-680000,-680000
2011/08/31,0,3000,-12000,-9000
2011/09/01,0,0,-706000,-706000
2011/09/02,0,160000,-515000,-355000
2011/09/05,0,409000,-1190000,-781000
2011/09/06,0,915000,-2956000,-2041000
2011/09/07,0,31000,-5296072,-5265072
2011/09/08,0,500000,0,500000
2011/09/09,0,62000,-2955600,-2893600
2011/09/12,0,0,0,0
2011/09/13,0,2564000,-2374324,189676
2011/09/14,0,27000,-2195000,-2168000
2011/09/15,0,604000,-1931000,-1327000
2011/09/16,0,95000,-2468000,-2373000
2011/09/19,0,327000,-1012000,-685000
2011/09/20,0,240000,-743942,-503942
2011/09/21,0,210000,-1287600,-1077600
2011/09/22,0,0,-187124,-187124
2011/09/23,0,665000,-2080032,-1415032
2011/09/26,0,292000,-1599000,-1307000
2011/09/27,0,878000,-1070000,-192000
2011/09/28,0,1688000,-2199699,-511699
2011/09/29,0,2707000,-1078000,1629000
2011/09/30,0,1866000,-160000,1706000
2011/10/03,0,0,-2371000,-2371000
2011/10/04,0,47000,-1573136,-1526136
2011/10/05,0,1406000,0,1406000
2011/10/06,0,1940000,-2500000,-560000
2011/10/07,0,3855000,-3200000,655000
2011/10/10,0,0,0,0
2011/10/11,0,5070000,-1647000,3423000
2011/10/12,0,1816000,-638000,1178000
2011/10/13,0,4484000,0,4484000
2011/10/14,0,1053000,0,1053000
2011/10/17,0,0,-10246,-10246
2011/10/18,0,17000,-1494852,-1477852
2011/10/19,0,0,0,0
2011/10/20,0,0,-2700000,-2700000
2011/10/21,0,0,0,0
2011/10/24,0,4833000,-3000,4830000
2011/10/25,0,1015000,0,1015000
2011/10/26,0,6000,-579000,-573000
2011/10/27,0,973000,0,973000
2011/10/28,0,3847000,0,3847000
2011/10/31,0,3254000,-1368572,1885428
2011/11/01,0,1298000,-174982,1123018
2011/11/02,0,38000,-6286280,-6248280
2011/11/03,0,8000,-8075408,-8067408
2011/11/04,0,65000,-2341000,-2276000
2011/11/07,0,0,-2348031,-2348031
2011/11/08,0,260000,-190341,69659
2011/11/09,0,750000,0,750000
2011/11/10,0,469000,-4231555,-3762555
2011/11/11,0,884000,-5537,878463
2011/11/14,0,2002000,-795512,1206488
2011/11/15,0,308000,-5997189,-5689189
2011/11/16,0,475000,-5267000,-4792000
2011/11/17,0,214000,-891202,-677202
2011/11/18,0,85000,-1957323,-1872323
2011/11/21,0,25000,0,25000
2011/11/22,0,823000,-366965,456035
2011/11/23,0,43000,-626141,-583141
2011/11/24,0,379000,0,379000
2011/11/25,0,542000,-2821000,-2279000
2011/11/28,0,861000,-263000,598000
2011/11/29,0,114000,-1780320,-1666320
2011/11/30,0,14000,-483000,-469000
2011/12/01,0,0,-3232751,-3232751
2011/12/02,0,1437000,-5892716,-4455716
2011/12/05,0,592000,-75000,517000
2011/12/06,0,645000,-1120000,-475000
2011/12/07,0,9000,-712000,-703000
2011/12/08,0,416000,0,416000
2011/12/09,0,1842846,-512000,1330846
2011/12/12,0,350000,-200000,150000
2011/12/13,0,0,-200000,-200000
2011/12/14,0,700000,-3214332,-2514332
2011/12/15,0,0,-1096227,-1096227
2011/12/16,0,6000,-93000,-87000
2011/12/19,0,76000,-30000,46000
2011/12/20,0,512000,-133000,379000
2011/12/21,0,1000000,-44000,956000
2011/12/22,0,16295000,0,16295000
2011/12/23,0,6989000,-14000,6975000
2011/12/26,0,1229000,0,1229000
2011/12/27,0,1389000,-111000,1278000
2011/12/28,0,1169000,-13056,1155944
2011/12/29,0,65000,0,65000
2011/12/30,0,642000,-22000,620000
2012/01/02,0,83000,-798000,-715000
2012/01/03,0,1486000,-367000,1119000
2012/01/04,0,270000,0,270000
2012/01/05,0,922000,-366412,555588
2012/01/06,0,0,-4291358,-4291358
2012/01/09,0,0,-2595358,-2595358
2012/01/10,0,543000,-2481000,-1938000
2012/01/11,0,207000,-822434,-615434
2012/01/12,0,0,-166000,-166000
2012/01/13,0,32000,-1555000,-1523000
2012/01/16,0,0,-2869000,-2869000
2012/01/17,0,0,-2224433,-2224433
2012/01/18,0,0,-3480000,-3480000
2012/01/19,0,0,0,0
2012/01/20,0,0,0,0
2012/01/23,0,0,0,0
2012/01/24,0,0,0,0
2012/01/25,0,0,0,0
2012/01/26,0,0,0,0
2012/01/27,0,0,0,0
2012/01/30,0,0,-859000,-859000
2012/01/31,0,1876000,-3523000,-1647000
2012/02/01,0,1927000,-158000,1769000
2012/02/02,0,6996000,-18000,6978000
2012/02/03,0,5000000,-3191000,1809000
2012/02/06,0,3730000,-39000,3691000
2012/02/07,0,3100000,-285000,2815000
2012/02/08,0,1000000,-2552673,-1552673
2012/02/09,0,511810,-15000,496810
2012/02/10,0,302000,-31000,271000
2012/02/13,0,0,0,0
2012/02/14,0,300000,-2553000,-2253000
2012/02/15,0,0,-2379000,-2379000
2012/02/16,0,4000,-4261000,-4257000
2012/02/17,0,32000,-2611000,-2579000
2012/02/20,0,0,-751571,-751571
2012/02/21,0,0,-87000,-87000
2012/02/22,0,0,-5000,-5000
2012/02/23,0,350000,-210000,140000
2012/02/24,0,1170000,-42000,1128000
2012/02/27,0,0,0,0
2012/02/28,0,0,0,0
2012/02/29,0,517000,-1164000,-647000
2012/03/01,0,0,-301000,-301000
2012/03/02,0,0,-20000,-20000
2012/03/05,0,1668000,-4000,1664000
2012/03/06,0,0,-5000,-5000
2012/03/07,0,0,0,0
2012/03/08,0,2242404,-21000,2221404
2012/03/09,0,0,-1314000,-1314000
2012/03/12,0,0,-1387000,-1387000
2012/03/13,0,356000,-1642000,-1286000
2012/03/14,0,3000,-1000000,-997000
2012/03/15,0,88000,-134000,-46000
2012/03/16,0,20000,-1469000,-1449000
2012/03/19,0,0,-340540,-340540
2012/03/20,0,0,-69000,-69000
2012/03/21,0,20000,0,20000
2012/03/22,0,347000,0,347000
2012/03/23,0,370000,-235000,135000
2012/03/26,0,2716000,-6000,2710000
2012/03/27,0,2220000,0,2220000
2012/03/28,0,30000,0,30000
2012/03/29,0,0,-769986,-769986
2012/03/30,0,136000,-2105794,-1969794
2012/04/02,0,0,-3000,-3000
2012/04/03,0,0,-1850000,-1850000
2012/04/04,0,0,0,0
2012/04/05,0,16000,-1234580,-1218580
2012/04/06,0,33000,-1550000,-1517000
2012/04/09,0,700000,-23000,677000
2012/04/10,0,500000,0,500000
2012/04/11,0,0,0,0
2012/04/12,0,770000,-2000,768000
2012/04/13,0,32000,-191120,-159120
2012/04/16,0,0,-3000,-3000
2012/04/17,0,0,0,0
2012/04/18,0,3068000,-503983,2564017
2012/04/19,0,350000,-13490,336510
2012/04/20,0,3347000,0,3347000
2012/04/23,0,5000,0,5000
2012/04/24,0,26000,0,26000
2012/04/25,0,0,0,0
2012/04/26,0,0,0,0
2012/04/27,0,0,0,0
2012/04/30,0,1530000,0,1530000
2012/05/01,0,0,0,0
2012/05/02,0,736000,0,736000
2012/05/03,0,1004537,0,1004537
2012/05/04,0,428000,-134990,293010
2012/05/07,0,300000,0,300000
2012/05/08,0,1000000,-1526000,-526000
2012/05/09,0,1000000,0,1000000
2012/05/10,0,0,0,0
2012/05/11,0,32000,-49316,-17316
2012/05/14,0,1274000,0,1274000
2012/05/15,0,1060000,0,1060000
2012/05/16,0,44000,0,44000
2012/05/17,0,2000000,-836593,1163407
2012/05/18,0,132000,-104000,28000
2012/05/21,0,0,0,0
2012/05/22,0,0,0,0
2012/05/23,0,0,-823000,-823000
2012/05/24,0,0,-1731761,-1731761
2012/05/25,0,338000,-100000,238000
2012/05/28,0,728000,-2389000,-1661000
2012/05/29,0,290000,-1101972,-811972
2012/05/30,0,1584000,-835588,748412
2012/05/31,0,970000,-56000,914000
2012/06/01,0,307000,-138000,169000
2012/06/04,0,393000,-3432891,-3039891
2012/06/05,0,293000,0,293000
2012/06/06,0,628000,-288000,340000
2012/06/07,0,100000,0,100000
2012/06/08,0,974000,-340000,634000
2012/06/11,0,179000,0,179000
2012/06/12,0,958000,0,958000
2012/06/13,0,461000,-25000,436000
2012/06/14,0,1432000,-429000,1003000
2012/06/15,0,1228000,0,1228000
2012/06/18,0,0,-2000,-2000
2012/06/19,0,2800000,-41000,2759000
2012/06/20,0,13580000,0,13580000
2012/06/21,0,238000,-991131,-753131
2012/06/22,0,0,-63000,-63000
2012/06/25,0,750000,-86000,664000
2012/06/26,0,22033,-29000,-6967
2012/06/27,0,0,0,0
2012/06/28,0,0,-31000,-31000
2012/06/29,0,0,0,0
2012/07/02,0,19222000,-107209,19114791
2012/07/03,0,1668000,-80000,1588000
2012/07/04,0,2746000,-220000,2526000
2012/07/05,0,2144000,-9000,2135000
2012/07/06,0,248000,-46000,202000
2012/07/09,0,2209000,-750000,1459000
2012/07/10,0,1386000,0,1386000
2012/07/11,0,2085000,-174000,1911000
2012/07/12,0,7500000,-63000,7437000
2012/07/13,0,700000,-95000,605000
2012/07/16,0,1676000,-4000,1672000
2012/07/17,0,2041000,-123000,1918000
2012/07/18,0,3425000,-509000,2916000
2012/07/19,0,5736000,-97000,5639000
2012/07/20,0,1412000,0,1412000
2012/07/23,0,0,-128000,-128000
2012/07/24,0,1000,-668000,-667000
2012/07/25,0,126000,-120000,6000
2012/07/26,0,65000,-65000,0
2012/07/27,0,35000,-592000,-557000
2012/07/30,0,2689000,-323000,2366000
2012/07/31,0,500000,-171000,329000
2012/08/01,0,2249000,-1042000,1207000
2012/08/02,0,0,0,0
2012/08/03,0,0,-517000,-517000
2012/08/06,0,1998000,0,1998000
2012/08/07,0,2859000,-383000,2476000
2012/08/08,0,6000,-688000,-682000
2012/08/09,0,2181000,-44000,2137000
2012/08/10,0,2082000,-6159000,-4077000
2012/08/13,0,0,-160000,-160000
2012/08/14,0,0,-391000,-391000
2012/08/15,0,294000,-912000,-618000
2012/08/16,0,0,-2005000,-2005000
2012/08/17,0,6000,-242389,-236389
2012/08/20,0,0,-4206000,-4206000
2012/08/21,0,0,-181053,-181053
2012/08/22,0,3000000,-8000,2992000
2012/08/23,0,3008000,-356000,2652000
2012/08/24,0,0,-980000,-980000
2012/08/27,0,7000,-9000,-2000
2012/08/28,0,2000,-1114000,-1112000
2012/08/29,0,0,-413000,-413000
2012/08/30,0,0,-3000,-3000
2012/08/31,0,42000,-168000,-126000
2012/09/03,0,0,-12000,-12000
2012/09/04,0,0,-1590000,-1590000
2012/09/05,0,10000,-2985029,-2975029
2012/09/06,0,19000,0,19000
2012/09/07,0,3514000,-9000,3505000
2012/09/10,0,0,-1875000,-1875000
2012/09/11,0,0,-69952,-69952
2012/09/12,0,9000,-1000,8000
2012/09/13,0,9000,0,9000
2012/09/14,0,1632000,0,1632000
2012/09/17,0,3828000,0,3828000
2012/09/18,0,4509000,-658292,3850708
2012/09/19,0,0,-2872000,-2872000
2012/09/20,0,0,-1388000,-1388000
2012/09/21,0,118000,-1698000,-1580000
2012/09/24,0,6000,-1403000,-1397000
2012/09/25,0,0,-1000000,-1000000
2012/09/26,0,0,-416689,-416689
2012/09/27,0,1081000,-1231000,-150000
2012/09/28,0,807000,-1090000,-283000
2012/10/01,0,6000,-72000,-66000
2012/10/02,0,0,-1000000,-1000000
2012/10/03,0,0,-1000000,-1000000
2012/10/04,0,1271000,-3302000,-2031000
2012/10/05,0,1339000,-1319000,20000
2012/10/08,0,0,-1000000,-1000000
2012/10/09,0,0,-2000000,-2000000
2012/10/10,0,0,0,0
2012/10/11,0,0,0,0
2012/10/12,0,2000,-1000,1000
2012/10/15,0,673000,0,673000
2012/10/16,0,307000,0,307000
2012/10/17,0,14000,0,14000
2012/10/18,0,135000,-304000,-169000
2012/10/19,0,0,-1878000,-1878000
2012/10/22,0,0,-824000,-824000
2012/10/23,0,21000,-844000,-823000
2012/10/24,0,0,-2282000,-2282000
2012/10/25,0,2836000,-1557808,1278192
2012/10/26,0,0,-3929600,-3929600
2012/10/29,0,13836,-100000,-86164
2012/10/30,0,0,0,0
2012/10/31,0,0,-120000,-120000
2012/11/01,0,0,-910200,-910200
2012/11/02,0,373000,-108656,264344
2012/11/05,0,0,-379560,-379560
2012/11/06,0,120000,-426848,-306848
2012/11/07,0,252000,-838000,-586000
2012/11/08,0,214000,-529000,-315000
2012/11/09,0,454000,-1310200,-856200
2012/11/12,0,9000,0,9000
2012/11/13,0,0,-202536,-202536
2012/11/14,0,0,-3428536,-3428536
2012/11/15,0,224000,-114000,110000
2012/11/16,0,63000,-3805489,-3742489
2012/11/19,0,224000,-1360000,-1136000
2012/11/20,0,0,-224,-224
2012/11/21,0,80000,0,80000
2012/11/22,0,280000,0,280000
2012/11/23,0,219000,0,219000
2012/11/26,0,0,0,0
2012/11/27,0,628000,-30000,598000
2012/11/28,0,216000,-7000,209000
2012/11/29,0,0,0,0
2012/11/30,0,786000,-607000,179000
2012/12/03,0,0,0,0
2012/12/04,0,0,-3000,-3000
2012/12/05,0,0,-2000,-2000
2012/12/06,0,0,-719000,-719000
2012/12/07,0,1342000,-2663000,-1321000
2012/12/10,0,39000,-2172000,-2133000
2012/12/11,0,0,-2200926,-2200926
2012/12/12,0,1500000,0,1500000
2012/12/13,0,750000,-2000,748000
2012/12/14,0,3000,-2000,1000
2012/12/17,0,90000,-1212000,-1122000
2012/12/18,0,0,-359000,-359000
2012/12/19,0,0,-9275000,-9275000
2012/12/20,0,0,-209000,-209000
2012/12/21,0,0,-877000,-877000
2012/12/24,0,0,-5500000,-5500000
2012/12/25,0,0,0,0
2012/12/26,0,0,-19472,-19472
2012/12/27,0,0,-6280000,-6280000
2012/12/28,0,80000,-13237165,-13157165
2012/12/31,0,0,0,0
2013/01/01,0,0,0,0
2013/01/02,0,0,-1993080,-1993080
2013/01/03,0,60000,-306934,-246934
2013/01/04,0,62000,-7565544,-7503544
2013/01/07,0,144000,-197000,-53000
2013/01/08,0,144000,-2166000,-2022000
2013/01/09,0,730000,-216320,513680
2013/01/10,0,1508000,-317000,1191000
2013/01/11,0,291000,-148976,142024
2013/01/14,0,196000,0,196000
2013/01/15,0,100000,-14000,86000
2013/01/16,0,100000,-62000,38000
2013/01/17,0,81766,-519000,-437234
2013/01/18,0,200000,-46000,154000
2013/01/21,0,31000,-80000,-49000
2013/01/22,0,0,-23000,-23000
2013/01/23,0,0,-13000,-13000
2013/01/24,0,0,-39000,-39000
2013/01/25,0,0,-13000,-13000
2013/01/28,0,0,0,0
2013/01/29,0,854000,-2000,852000
2013/01/30,0,1905000,-508264,1396736
2013/01/31,0,240000,-15000,225000
2013/02/01,0,992000,-134000,858000
2013/02/04,0,2174800,-170000,2004800
2013/02/05,0,499000,-338000,161000
2013/02/06,0,5907000,-35000,5872000
2013/02/07,0,0,0,0
2013/02/08,0,0,0,0
2013/02/11,0,0,0,0
2013/02/12,0,0,0,0
2013/02/13,0,0,0,0
2013/02/14,0,0,0,0
2013/02/15,0,0,0,0
2013/02/18,0,3433000,-306000,3127000
2013/02/19,0,1440000,-14807000,-13367000
2013/02/20,0,900000,0,900000
2013/02/21,0,211000,-17000,194000
2013/02/22,0,985000,-525000,460000
2013/02/25,0,3600000,0,3600000
2013/02/26,0,0,-4000,-4000
2013/02/27,0,0,-34000,-34000
2013/02/28,0,0,0,0
2013/03/01,0,3000000,-2756592,243408
2013/03/04,0,0,0,0
2013/03/05,0,50000,0,50000
2013/03/06,0,0,-200000,-200000
2013/03/07,0,6309000,0,6309000
2013/03/08,0,4259000,0,4259000
2013/03/11,0,2753000,-9000,2744000
2013/03/12,0,3320000,-12000,3308000
2013/03/13,0,1000000,-11000,989000
2013/03/14,0,1880000,-79000,1801000
2013/03/15,0,150000,-628000,-478000
2013/03/18,0,110000,-301907,-191907
2013/03/19,0,0,-50000,-50000
2013/03/20,0,1539000,0,1539000
2013/03/21,0,266000,0,266000
2013/03/22,0,0,-18000,-18000
2013/03/25,0,177000,0,177000
2013/03/26,0,0,0,0
2013/03/27,0,2155000,-313000,1842000
2013/03/28,0,1865000,-1080000,785000
2013/03/29,0,1143000,0,1143000
2013/04/01,0,626000,-368700,257300
2013/04/02,0,4335000,-1321171,3013829
2013/04/03,0,7421000,0,7421000
2013/04/04,0,0,0,0
2013/04/05,0,0,0,0
2013/04/08,0,880000,-1477000,-597000
2013/04/09,0,2343000,-1350000,993000
2013/04/10,0,100000,-1001000,-901000
2013/04/11,0,90000,-650000,-560000
2013/04/12,0,1618000,-900000,718000
2013/04/15,0,478000,-3573000,-3095000
2013/04/16,0,3613000,-1010000,2603000
2013/04/17,0,4412000,-69000,4343000
2013/04/18,0,1076000,-192000,884000
2013/04/19,0,4599502,-2001000,2598502
2013/04/22,0,440000,-517335,-77335
2013/04/23,0,230000,-53000,177000
2013/04/24,0,0,-1189963,-1189963
2013/04/25,0,575000,-12000,563000
2013/04/26,0,59000,-722000,-663000
2013/04/29,0,3000,-919000,-916000
2013/04/30,0,0,-851000,-851000
2013/05/01,0,0,0,0
2013/05/02,0,0,-209000,-209000
2013/05/03,0,500000,-1937883,-1437883
2013/05/06,0,0,-357000,-357000
2013/05/07,0,0,-2555000,-2555000
2013/05/08,0,0,-6617363,-6617363
2013/05/09,0,1340000,-5684224,-4344224
2013/05/10,0,300000,-1906000,-1606000
2013/05/13,0,2103000,-716000,1387000
2013/05/14,0,114000,-637000,-523000
2013/05/15,0,0,-1429000,-1429000
2013/05/16,0,402000,-429000,-27000
2013/05/17,0,1030000,-72000,958000
2013/05/20,0,8087000,-14000,8073000
2013/05/21,0,2953000,-18000,2935000
2013/05/22,0,630000,-508000,122000
2013/05/23,0,505000,-633000,-128000
2013/05/24,0,11450000,-187000,11263000
2013/05/27,0,505000,-168000,337000
2013/05/28,0,1426000,-214000,1212000
2013/05/29,0,0,-307000,-307000
2013/05/30,0,3802000,-129296,3672704
2013/05/31,0,744000,0,744000
2013/06/03,0,0,0,0
2013/06/04,0,1000,0,1000
2013/06/05,0,0,-1912000,-1912000
2013/06/06,0,0,-168000,-168000
2013/06/07,0,0,-137000,-137000
2013/06/10,0,506000,-680000,-174000
2013/06/11,0,501000,-702545,-201545
2013/06/12,0,0,0,0
2013/06/13,0,78000,-186000,-108000
2013/06/14,0,0,0,0
2013/06/17,0,975000,-2000,973000
2013/06/18,0,0,-529000,-529000
2013/06/19,0,216000,-9000,207000
2013/06/20,0,234000,-151000,83000
2013/06/21,0,0,-387000,-387000
2013/06/24,0,1057000,-174000,883000
2013/06/25,0,1140000,-300000,840000
2013/06/26,0,0,-1436000,-1436000
2013/06/27,0,15000,0,15000
2013/06/28,0,1000,0,1000
2013/07/01,0,0,-19000,-19000
2013/07/02,0,0,-288000,-288000
2013/07/03,0,0,-649000,-649000
2013/07/04,0,12000,-2222000,-2210000
2013/07/05,0,75000,-1267,73733
2013/07/08,0,0,-460000,-460000
2013/07/09,0,390000,-150000,240000
2013/07/10,0,2100000,-180000,1920000
2013/07/11,0,2957000,-20524,2936476
2013/07/12,0,2585000,-329000,2256000
2013/07/15,0,0,-640000,-640000
2013/07/16,0,1900000,-1470650,429350
2013/07/17,0,1200000,0,1200000
2013/07/18,0,6989000,-48000,6941000
2013/07/19,0,272000,0,272000
2013/07/22,0,536000,-309000,227000
2013/07/23,0,3906000,-668000,3238000
2013/07/24,0,1818000,-1709566,108434
2013/07/25,0,2000,-1670865,-1668865
2013/07/26,0,0,0,0
2013/07/29,0,0,-1091431,-1091431
2013/07/30,0,1599000,-3680000,-2081000
2013/07/31,0,2960000,-5000,2955000
2013/08/01,0,1842000,0,1842000
2013/08/02,0,2590000,0,2590000
2013/08/05,0,1500000,-2000,1498000
2013/08/06,0,2500000,-1505000,995000
2013/08/07,0,468000,-1000,467000
2013/08/08,0,1500000,0,1500000
2013/08/09,0,1343000,0,1343000
2013/08/12,0,398000,-289000,109000
2013/08/13,0,1000000,0,1000000
2013/08/14,0,603000,0,603000
2013/08/15,0,0,-7000,-7000
2013/08/16,0,284000,0,284000
2013/08/19,0,57000,0,57000
2013/08/20,0,1307000,0,1307000
2013/08/21,0,0,0,0
2013/08/22,0,169000,-90000,79000
2013/08/23,0,980000,-1700000,-720000
2013/08/26,0,1111000,-150000,961000
2013/08/27,0,10000,0,10000
2013/08/28,0,34000,0,34000
2013/08/29,0,40000,0,40000
2013/08/30,0,31000,-11000,20000
2013/09/02,0,2079000,0,2079000
2013/09/03,0,1838154,-530000,1308154
2013/09/04,0,0,0,0
2013/09/05,0,0,-12000,-12000
2013/09/06,0,24000,-200000,-176000
2013/09/09,0,30000,-606000,-576000
2013/09/10,0,466000,0,466000
2013/09/11,0,89000,0,89000
2013/09/12,0,28000,0,28000
2013/09/13,0,0,-277000,-277000
2013/09/16,0,10000,0,10000
2013/09/17,0,0,0,0
2013/09/18,0,62000,-2526000,-2464000
2013/09/19,0,0,0,0
2013/09/20,0,0,0,0
2013/09/23,0,0,-1051000,-1051000
2013/09/24,0,0,-1771,-1771
2013/09/25,0,1000000,-6947000,-5947000
2013/09/26,0,172000,-1370000,-1198000
2013/09/27,0,0,-254000,-254000
2013/09/30,0,0,-2055000,-2055000
2013/10/01,0,150000,-819564,-669564
2013/10/02,0,512000,0,512000
2013/10/03,0,353000,-3099,349901
2013/10/04,0,619000,-35929,583071
2013/10/07,0,242000,-798220,-556220
2013/10/08,0,175000,-382710,-207710
2013/10/09,0,0,0,0
2013/10/10,0,0,0,0
2013/10/11,0,437000,-2473000,-2036000
2013/10/14,0,0,-214000,-214000
2013/10/15,0,528000,-470610,57390
2013/10/16,0,0,-1633000,-1633000
2013/10/17,0,3000,-1870288,-1867288
2013/10/18,0,0,-11375000,-11375000
2013/10/21,0,0,-6990537,-6990537
2013/10/22,0,0,-1572000,-1572000
2013/10/23,0,0,-151119,-151119
2013/10/24,0,1000,-5955000,-5954000
2013/10/25,0,0,-3007500,-3007500
2013/10/28,0,0,-300000,-300000
2013/10/29,0,150000,-4000,146000
2013/10/30,0,260000,-2028000,-1768000
2013/10/31,0,192000,-895000,-703000
2013/11/01,0,1000000,-4726650,-3726650
2013/11/04,0,0,-6437000,-6437000
2013/11/05,0,0,-4405226,-4405226
2013/11/06,0,0,-1190000,-1190000
2013/11/07,0,0,-1630,-1630
2013/11/08,0,0,0,0
2013/11/11,0,0,0,0
2013/11/12,0,194000,-888000,-694000
2013/11/13,0,0,0,0
2013/11/14,0,0,0,0
2013/11/15,0,2000000,-55000,1945000
2013/11/18,0,550000,-274345,275655
2013/11/19,0,1550000,-467000,1083000
2013/11/20,0,0,-473000,-473000
2013/11/21,0,0,-1272500,-1272500
2013/11/22,0,0,-421079,-421079
2013/11/25,0,193000,-1124,191876
2013/11/26,0,100000,-827000,-727000
2013/11/27,0,0,-700000,-700000
2013/11/28,0,400000,-780000,-380000
2013/11/29,0,198000,-901000,-703000
2013/12/02,0,250000,-602000,-352000
2013/12/03,0,0,-2240000,-2240000
2013/12/04,0,0,-505000,-505000
2013/12/05,0,0,-3000,-3000
2013/12/06,0,0,-500000,-500000
2013/12/09,0,0,-111000,-111000
2013/12/10,0,4800000,0,4800000
2013/12/11,0,3000000,0,3000000
2013/12/12,0,2750000,-1005000,1745000
2013/12/13,0,2992000,0,2992000
2013/12/16,0,3100000,-8000,3092000
2013/12/17,0,540000,-13000,527000
2013/12/18,0,0,0,0
2013/12/19,0,0,-323000,-323000
2013/12/20,0,119000,-214000,-95000
2013/12/23,0,750000,-214000,536000
2013/12/24,0,2534000,-55000,2479000
2013/12/25,0,115000,-43000,72000
2013/12/26,0,0,-2000,-2000
2013/12/27,0,532000,0,532000
2013/12/30,0,600000,-15000,585000
2013/12/31,0,300000,-18000,282000
2014/01/02,0,390000,-59000,331000
2014/01/03,0,1200000,-214000,986000
2014/01/06,0,0,-980000,-980000
2014/01/07,0,0,-10000,-10000
2014/01/08,0,2000,-736000,-734000
2014/01/09,0,0,-2717070,-2717070
2014/01/10,0,102000,-504000,-402000
2014/01/13,0,300000,0,300000
2014/01/14,0,10000,-755250,-745250
2014/01/15,0,1800000,-649000,1151000
2014/01/16,0,5500000,-202000,5298000
2014/01/17,0,0,-8000,-8000
2014/01/20,0,815000,-4000,811000
2014/01/21,0,600000,-14000,586000
2014/01/22,0,1600000,-22000,1578000
2014/01/23,0,860000,-112000,748000
2014/01/24,0,341000,-332000,9000
2014/01/27,0,300000,-201000,99000
2014/02/05,0,350000,-2000,348000
2014/02/06,0,0,0,0
2014/02/07,0,615000,-800000,-185000
2014/02/10,0,316000,-755799,-439799
2014/02/11,0,0,-6000,-6000
2014/02/12,0,160000,0,160000
2014/02/13,0,85000,-173026,-88026
2014/02/14,0,100000,-215000,-115000
2014/02/17,0,292000,-339000,-47000
2014/02/18,0,0,-213000,-213000
2014/02/19,0,0,-198000,-198000
2014/02/20,0,0,-69000,-69000
2014/02/21,0,0,-217000,-217000
2014/02/24,0,0,-814950,-814950
2014/02/25,0,0,-3420000,-3420000
2014/02/26,0,0,-5000,-5000
2014/02/27,0,0,-665308,-665308
2014/03/03,0,380000,-1456520,-1076520
2014/03/04,0,1363000,-302000,1061000
2014/03/05,0,2000,-225000,-223000
2014/03/06,0,0,-240000,-240000
2014/03/07,0,0,-9000,-9000
2014/03/10,0,100000,-429000,-329000
2014/03/11,0,0,-13000,-13000
2014/03/12,0,0,-199000,-199000
2014/03/13,0,0,-18000,-18000
2014/03/14,0,0,-878080,-878080
2014/03/17,0,0,-428250,-428250
2014/03/18,0,0,-1956292,-1956292
2014/03/19,0,0,-233000,-233000
2014/03/20,0,0,-193000,-193000
2014/03/21,0,0,-600000,-600000
2014/03/24,0,0,-14168000,-14168000
2014/03/25,0,0,-1360000,-1360000
2014/03/26,0,0,0,0
2014/03/27,0,0,-650000,-650000
2014/03/28,0,0,-220000,-220000
2014/03/31,0,0,0,0
2014/04/01,0,150000,-23000,127000
2014/04/02,0,0,0,0
2014/04/03,0,100000,-1747000,-1647000
2014/04/07,0,0,-422000,-422000
2014/04/08,0,0,-528000,-528000
2014/04/09,0,0,-564700,-564700
2014/04/10,0,29340,-1044000,-1014660
2014/04/11,0,0,-139000,-139000
2014/04/14,0,200000,-283000,-83000
2014/04/15,0,68000,-3000,65000
2014/04/16,0,300000,-10000,290000
2014/04/17,0,0,-249000,-249000
2014/04/18,0,0,-435000,-435000
2014/04/21,0,4000,-707000,-703000
2014/04/22,0,0,-911000,-911000
2014/04/23,0,0,-659000,-659000
2014/04/24,0,0,-4550000,-4550000
2014/04/25,0,0,-1500000,-1500000
2014/04/28,0,0,0,0
2014/04/29,0,0,-240000,-240000
2014/04/30,0,0,-90000,-90000
2014/05/02,0,0,-494000,-494000
2014/05/05,0,256000,-1675000,-1419000
2014/05/06,0,0,0,0
2014/05/07,0,11000,-2245000,-2234000
2014/05/08,0,0,0,0
2014/05/09,0,0,-42000,-42000
2014/05/12,0,0,0,0
2014/05/13,0,1149000,-4000,1145000
2014/05/14,0,0,0,0
2014/05/15,0,0,-60000,-60000
2014/05/16,0,0,0,0
2014/05/19,0,0,-8000,-8000
2014/05/20,0,0,0,0
2014/05/21,0,0,-270000,-270000
2014/05/22,0,0,-90000,-90000
2014/05/23,0,0,-10000,-10000
2014/05/26,0,742000,-3000,739000
2014/05/27,0,21000,-45000,-24000
2014/05/28,0,0,-14000,-14000
2014/05/29,0,0,-10000,-10000
2014/05/30,0,0,-452000,-452000
2014/06/03,0,0,0,0
2014/06/04,0,0,-390000,-390000
2014/06/05,0,66000,0,66000
2014/06/06,0,0,-5000,-5000
2014/06/09,0,0,-168000,-168000
2014/06/10,0,11000,-39000,-28000
2014/06/11,0,0,-59000,-59000
2014/06/12,0,0,-60000,-60000
2014/06/13,0,0,-50000,-50000
2014/06/16,0,0,-54000,-54000
2014/06/17,0,0,0,0
2014/06/18,0,4000,-99000,-95000
2014/06/19,0,0,0,0
2014/06/20,0,6339000,0,6339000
2014/06/23,0,0,-10000,-10000
2014/06/24,0,0,-229000,-229000
2014/06/25,0,0,-29000,-29000
2014/06/26,0,0,0,0
2014/06/27,0,0,-20000,-20000
2014/06/30,0,0,-74000,-74000
2014/07/01,0,94000,-20000,74000
2014/07/02,0,502740,-460000,42740
2014/07/03,0,0,-40000,-40000
2014/07/04,0,190000,-10000,180000
2014/07/07,0,0,0,0
2014/07/08,0,0,-56000,-56000
2014/07/09,0,0,-10000,-10000
2014/07/10,0,3815000,0,3815000
2014/07/11,0,1985000,-1410000,575000
2014/07/14,0,2308000,0,2308000
2014/07/15,0,3737000,-136000,3601000
2014/07/16,0,2266000,0,2266000
2014/07/17,0,1974000,0,1974000
2014/07/18,0,1111000,0,1111000
2014/07/21,0,0,0,0
2014/07/22,0,675000,-296920,378080
2014/07/23,0,0,0,0
2014/07/24,0,297000,-1115000,-818000
2014/07/25,0,7125000,-460000,6665000
2014/07/28,0,964000,-470000,494000
2014/07/29,0,147000,-4970000,-4823000
2014/07/30,0,459000,-3559000,-3100000
2014/07/31,0,122000,-436,121564
2014/08/01,0,645000,-357,644643
2014/08/04,0,0,-2000,-2000
2014/08/05,0,3000000,-100000,2900000
2014/08/06,0,3028000,0,3028000
2014/08/07,0,173000,-418000,-245000
2014/08/08,0,180000,0,180000
2014/08/11,0,1570000,0,1570000
2014/08/12,0,303000,0,303000
2014/08/13,0,28000,0,28000
2014/08/14,0,327000,0,327000
2014/08/15,0,33000,0,33000
2014/08/18,0,59000,0,59000
2014/08/19,0,40000,0,40000
2014/08/20,0,186000,0,186000
2014/08/21,0,3585000,-27000,3558000
2014/08/22,0,870000,-129000,741000
2014/08/25,0,545000,0,545000
2014/08/26,0,40000,0,40000
2014/08/27,0,47000,0,47000
2014/08/28,0,2618000,-120000,2498000
2014/08/29,0,4000,-5000,-1000
2014/09/01,0,0,0,0
2014/09/02,0,0,0,0
2014/09/03,0,119000,0,119000
2014/09/04,0,1309000,0,1309000
2014/09/05,0,80000,0,80000
2014/09/09,0,34000,-203000,-169000
2014/09/10,0,40000,0,40000
2014/09/11,0,114000,0,114000
2014/09/12,0,477000,0,477000
2014/09/15,0,571000,-2000,569000
2014/09/16,0,279000,-1000,278000
2014/09/17,0,891000,-502000,389000
2014/09/18,0,127000,-2260000,-2133000
2014/09/19,0,268000,-51000,217000
2014/09/22,0,400349,0,400349
2014/09/23,0,10000,-1000,9000
2014/09/24,0,63998,0,63998
2014/09/25,0,997000,0,997000
2014/09/26,0,85000,0,85000
2014/09/29,0,0,0,0
2014/09/30,0,126000,-615000,-489000
2014/10/01,0,375000,0,375000
2014/10/02,0,20000,-928000,-908000
2014/10/03,0,1781000,-24000,1757000
2014/10/06,0,69000,-18000,51000
2014/10/07,0,22000,0,22000
2014/10/08,0,1169000,-158000,1011000
2014/10/09,0,1960000,-83000,1877000
2014/10/13,0,0,-250000,-250000
2014/10/14,0,888000,-130000,758000
2014/10/15,0,18000,-130000,-112000
2014/10/16,0,0,-2500000,-2500000
2014/10/17,0,12000,0,12000
2014/10/20,0,0,0,0
2014/10/21,0,34000,0,34000
2014/10/22,0,0,-948000,-948000
2014/10/23,0,553000,0,553000
2014/10/24,0,0,0,0
2014/10/27,0,0,-5000,-5000
2014/10/28,0,1000000,0,1000000
2014/10/29,0,3310000,0,3310000
2014/10/30,0,863000,0,863000
2014/10/31,0,801000,-13000,788000
2014/11/03,0,0,-10000,-10000
2014/11/04,0,253000,0,253000
2014/11/05,0,266000,0,266000
2014/11/06,0,0,0,0
2014/11/07,0,0,-105000,-105000
2014/11/10,0,0,-40000,-40000
2014/11/11,0,107000,0,107000
2014/11/12,0,50000,-127000,-77000
2014/11/13,0,0,0,0
2014/11/14,0,425000,-78000,347000
2014/11/17,0,0,-131000,-131000
2014/11/18,0,0,0,0
2014/11/19,0,782000,-133611,648389
2014/11/20,0,3940000,-128000,3812000
2014/11/21,0,0,0,0
2014/11/24,0,0,0,0
2014/11/25,0,655000,-2070316,-1415316
2014/11/26,0,0,-2774,-2774
2014/11/27,0,0,-317000,-317000
2014/11/28,0,0,-329479,-329479
2014/12/01,0,0,-9680361,-9680361
2014/12/02,0,1315000,-13378537,-12063537
2014/12/03,0,2000,-12369395,-12367395
2014/12/04,0,0,-9586070,-9586070
2014/12/05,0,118000,-236000,-118000
2014/12/08,0,0,-11000,-11000
2014/12/09,0,0,-365000,-365000
2014/12/10,0,0,-1103119,-1103119
2014/12/11,0,6000,-2272506,-2266506
2014/12/12,0,0,-2738000,-2738000
2014/12/15,0,0,-947000,-947000
2014/12/16,0,111000,-3150000,-3039000
2014/12/17,0,56000,-377000,-321000
2014/12/18,0,0,-4335000,-4335000
2014/12/19,0,436000,-3710000,-3274000
2014/12/22,0,70000,0,70000
2014/12/23,0,0,-4008000,-4008000
2014/12/24,0,0,-4662000,-4662000
2014/12/25,0,0,-5917388,-5917388
2014/12/26,0,0,-2508635,-2508635
2014/12/29,0,0,-141000,-141000
2014/12/30,0,0,-452000,-452000
2014/12/31,0,0,-610000,-610000
2015/01/01,0,0,0,0
2015/01/02,0,0,0,0
2015/01/05,0,0,-171000,-171000
2015/01/06,0,0,-1250778,-1250778
2015/01/07,0,0,-281000,-281000
2015/01/08,0,0,-55000,-55000
2015/01/09,0,94000,-2903589,-2809589
2015/01/12,0,0,0,0
2015/01/13,0,0,-150000,-150000
2015/01/14,0,0,-126316,-126316
2015/01/15,0,0,-304000,-304000
2015/01/16,0,0,-243000,-243000
2015/01/19,0,0,-81000,-81000
2015/01/20,0,0,0,0
2015/01/21,0,1000000,-268000,732000
2015/01/22,0,500000,-40000,460000
2015/01/23,0,0,-14000,-14000
2015/01/26,0,0,-194000,-194000
2015/01/27,0,0,0,0
2015/01/28,0,0,0,0
2015/01/29,0,0,-283054,-283054
2015/01/30,0,0,-415000,-415000
2015/02/02,0,0,-215000,-215000
2015/02/03,0,49000,0,49000
2015/02/04,0,2148000,0,2148000
2015/02/05,0,2744000,-91000,2653000
2015/02/06,0,1000000,-50000,950000
2015/02/09,0,1000000,-20000,980000
2015/02/10,0,271000,-400000,-129000
2015/02/11,0,583000,0,583000
2015/02/12,0,2751000,-11000,2740000
2015/02/13,0,1046000,-2417000,-1371000
2015/02/16,0,0,0,0
2015/02/17,0,0,0,0
2015/02/18,0,0,0,0
2015/02/19,0,0,0,0
2015/02/20,0,0,0,0
2015/02/23,0,0,0,0
2015/02/24,0,68000,0,68000
2015/02/25,0,34000,-214000,-180000
2015/02/26,0,0,-189000,-189000
2015/02/27,0,0,0,0
2015/03/02,0,0,-20000,-20000
2015/03/03,0,0,-2668000,-2668000
2015/03/04,0,0,-256000,-256000
2015/03/05,0,0,-491647,-491647
2015/03/06,0,0,-59499,-59499
2015/03/09,0,0,-14000,-14000
2015/03/10,0,0,-4536479,-4536479
2015/03/11,0,0,0,0
2015/03/12,0,210000,-83093,126907
2015/03/13,0,0,-50000,-50000
2015/03/16,0,370990,0,370990
2015/03/17,0,140000,-59000,81000
2015/03/18,0,88000,-70000,18000
2015/03/19,0,0,-147000,-147000
2015/03/20,0,3000,-119000,-116000
2015/03/23,0,0,-160000,-160000
2015/03/24,0,0,-4585000,-4585000
2015/03/25,0,0,-399000,-399000
2015/03/26,0,0,-130000,-130000
2015/03/27,0,0,-209000,-209000
2015/03/30,0,0,0,0
2015/03/31,0,4000000,-1410000,2590000
2015/04/01,0,2000000,-140000,1860000
2015/04/02,0,3000000,-58000,2942000
2015/04/03,0,0,0,0
2015/04/06,0,0,0,0
2015/04/07,0,0,-52000,-52000
2015/04/08,0,0,-72000,-72000
2015/04/09,0,179000,-59000,120000
2015/04/10,0,3150000,-52000,3098000
2015/04/13,0,2248000,0,2248000
2015/04/14,0,2598000,-67000,2531000
2015/04/15,0,1997000,-67000,1930000
2015/04/16,0,1853000,-97000,1756000
2015/04/17,0,844000,-84000,760000
2015/04/20,0,256000,0,256000
2015/04/21,0,79000,-112000,-33000
2015/04/22,0,404000,0,404000
2015/04/23,0,3560000,0,3560000
2015/04/24,0,1310000,0,1310000
2015/04/27,0,2900000,0,2900000
2015/04/28,0,240000,-1000,239000
2015/04/29,0,0,-25000,-25000
2015/04/30,0,504000,-6000,498000
2015/05/01,0,0,0,0
2015/05/04,0,500000,-62000,438000
2015/05/05,0,0,-270000,-270000
2015/05/06,0,2272000,0,2272000
2015/05/07,0,0,-1634000,-1634000
2015/05/08,0,0,-162000,-162000
2015/05/11,0,7000,-984000,-977000
2015/05/12,0,96000,0,96000
2015/05/13,0,636000,-363000,273000
2015/05/14,0,275000,-137000,138000
2015/05/15,0,740000,-3181000,-2441000
2015/05/18,0,81000,-6605000,-6524000
2015/05/19,0,37000,-785000,-748000
2015/05/20,0,15000,0,15000
2015/05/21,0,60000,-5000,55000
2015/05/22,0,96000,-4000,92000
2015/05/25,0,70000,0,70000
2015/05/26,0,0,0,0
2015/05/27,0,3890000,-44000,3846000
2015/05/28,0,30000,-32000,-2000
2015/05/29,0,566000,-218000,348000
2015/06/01,0,50000,-263000,-213000
2015/06/02,0,50000,-698000,-648000
2015/06/03,0,30000,-1205000,-1175000
2015/06/04,0,240000,-150385,89615
2015/06/05,0,0,-12000,-12000
2015/06/08,0,0,0,0
2015/06/09,0,1242000,-27000,1215000
2015/06/10,0,1429000,-190000,1239000
2015/06/11,0,1309000,0,1309000
2015/06/12,0,117000,-649000,-532000
2015/06/15,0,96000,0,96000
2015/06/16,0,0,-73000,-73000
2015/06/17,0,0,-880000,-880000
2015/06/18,0,30000,-18000,12000
2015/06/19,0,0,0,0
2015/06/22,0,28000,-56000,-28000
2015/06/23,0,780000,0,780000
2015/06/24,0,978000,-132000,846000
2015/06/25,0,164000,-17000,147000
2015/06/26,0,201000,0,201000
2015/06/29,0,0,-3000,-3000
2015/06/30,0,969000,0,969000
2015/07/01,0,10000,-26000,-16000
2015/07/02,0,0,0,0
2015/07/03,0,0,-165000,-165000
2015/07/06,0,0,-90000,-90000
2015/07/07,0,0,0,0
2015/07/08,0,10000,0,10000
2015/07/09,0,17000,-472000,-455000
2015/07/10,0,0,0,0
2015/07/13,0,127000,-2000,125000
2015/07/14,0,0,0,0
2015/07/15,0,71000,-295000,-224000
2015/07/16,0,2003000,0,2003000
2015/07/17,0,3331000,-129000,3202000
2015/07/20,0,5799000,-763751,5035249
2015/07/21,0,6000,0,6000
2015/07/22,0,440000,0,440000
2015/07/23,0,127000,0,127000
2015/07/24,0,560000,0,560000
2015/07/27,0,40000,-1007000,-967000
2015/07/28,0,233000,-100000,133000
2015/07/29,0,130000,0,130000
2015/07/30,0,65000,-110000,-45000
2015/07/31,0,86000,-110000,-24000
2015/08/03,0,354000,0,354000
2015/08/04,0,585000,0,585000
2015/08/05,0,2193000,0,2193000
2015/08/06,0,4208000,0,4208000
2015/08/07,0,287000,-86000,201000
2015/08/10,0,534107,-7430,526677
2015/08/11,0,172000,-77000,95000
2015/08/12,0,302000,-3543539,-3241539
2015/08/13,0,40000,0,40000
2015/08/14,0,0,0,0
2015/08/17,0,13000,0,13000
2015/08/18,0,1000,-714000,-713000
2015/08/19,0,8000,-2438155,-2430155
2015/08/20,0,8000,-170000,-162000
2015/08/21,0,0,-861000,-861000
2015/08/24,0,1740000,-377000,1363000
2015/08/25,0,3968,0,3968
2015/08/26,0,2351000,0,2351000
2015/08/27,0,64000,-23000,41000
2015/08/28,0,1366000,-667000,699000
2015/08/31,0,10000,-156000,-146000
2015/09/01,0,174000,-171000,3000
2015/09/02,0,589000,-1371066,-782066
2015/09/03,0,158000,-180000,-22000
2015/09/04,0,6000,-500000,-494000
2015/09/07,0,96000,-5676000,-5580000
2015/09/08,0,143000,-3210000,-3067000
2015/09/09,0,910000,-468000,442000
2015/09/10,0,0,0,0
2015/09/11,0,53000,0,53000
2015/09/14,0,25000,0,25000
2015/09/15,0,27000,0,27000
2015/09/16,0,2000,-149000,-147000
2015/09/17,0,2644000,0,2644000
2015/09/18,0,5000,-2023000,-2018000
2015/09/21,0,36000,-3674057,-3638057
2015/09/22,0,5370,-1739910,-1734540
2015/09/23,0,0,0,0
2015/09/24,0,0,-560000,-560000
2015/09/25,0,1000,-2484500,-2483500
2015/09/28,0,0,0,0
2015/09/29,0,0,0,0
2015/09/30,0,0,-1618347,-1618347
2015/10/01,0,5096000,-1895571,3200429
2015/10/02,0,355000,-310750,44250
2015/10/05,0,3160000,-581097,2578903
2015/10/06,0,8000,-1940745,-1932745
2015/10/07,0,18000,-241355,-223355
2015/10/08,0,0,-1000000,-1000000
2015/10/09,0,0,0,0
2015/10/12,0,815000,0,815000
2015/10/13,0,0,-7000,-7000
2015/10/14,0,0,0,0
2015/10/15,0,0,0,0
2015/10/16,0,35000,0,35000
2015/10/19,0,672000,0,672000
2015/10/20,0,310000,-984000,-674000
2015/10/21,0,0,-2000000,-2000000
2015/10/22,0,0,-600000,-600000
2015/10/23,0,0,-1294000,-1294000
2015/10/26,0,0,0,0
2015/10/27,0,0,-600000,-600000
2015/10/28,0,0,0,0
2015/10/29,0,0,-5000,-5000
2015/10/30,0,27000,-6000,21000
2015/11/02,0,0,0,0
2015/11/03,0,32000,-161000,-129000
2015/11/04,0,158000,0,158000
2015/11/05,0,2652000,0,2652000
2015/11/06,0,0,-328000,-328000
2015/11/09,0,120000,-1000000,-880000
2015/11/10,0,1000000,0,1000000
2015/11/11,0,220000,-360000,-140000
2015/11/12,0,0,0,0
2015/11/13,0,101000,-1000,100000
2015/11/16,0,0,0,0
2015/11/17,0,0,-47000,-47000
2015/11/18,0,4000,-850000,-846000
2015/11/19,0,0,-505132,-505132
2015/11/20,0,0,0,0
2015/11/23,0,0,-8000,-8000
2015/11/24,0,0,-440000,-440000
2015/11/25,0,0,-50262,-50262
2015/11/26,0,0,-100000,-100000
2015/11/27,0,0,0,0
2015/11/30,0,4000,-218000,-214000
2015/12/01,0,0,-1000,-1000
2015/12/02,0,98000,-686000,-588000
2015/12/03,0,0,-131000,-131000
2015/12/04,0,0,0,0
2015/12/07,0,0,0,0
2015/12/08,0,0,-171000,-171000
2015/12/09,0,1000,-5367000,-5366000
2015/12/10,0,0,-4342211,-4342211
2015/12/11,0,0,-2271135,-2271135
2015/12/14,0,8160,-3525045,-3516885
2015/12/15,0,0,-397000,-397000
2015/12/16,0,0,-8000,-8000
2015/12/17,0,0,-80000,-80000
2015/12/18,0,0,-3467000,-3467000
2015/12/21,0,0,-2666191,-2666191
2015/12/22,0,0,-2562000,-2562000
2015/12/23,0,0,-501768,-501768
2015/12/24,0,0,-1518016,-1518016
2015/12/25,0,0,-300000,-300000
2015/12/28,0,69000,-482000,-413000
2015/12/29,0,15000,0,15000
2015/12/30,0,0,-1279538,-1279538
2015/12/31,0,0,-60000,-60000
2016/01/01,0,0,0,0
2016/01/04,0,0,-154000,-154000
2016/01/05,0,0,-5288878,-5288878
2016/01/06,0,1000,-6066778,-6065778
2016/01/07,0,0,-2771399,-2771399
2016/01/08,0,0,-820000,-820000
2016/01/11,0,0,-50000,-50000
2016/01/12,0,0,-5000,-5000
2016/01/13,0,0,-305000,-305000
2016/01/14,0,0,-2138970,-2138970
2016/01/15,0,0,-3840338,-3840338
2016/01/18,0,0,-4437000,-4437000
2016/01/19,0,0,-6132000,-6132000
2016/01/20,0,0,-635000,-635000
2016/01/21,0,0,-150000,-150000
2016/01/22,0,0,-5198540,-5198540
2016/01/25,0,0,-277983,-277983
2016/01/26,0,10000,-133000,-123000
2016/01/27,0,0,0,0
2016/01/28,0,5000,-200000,-195000
2016/01/29,0,1030000,-308000,722000
2016/02/01,0,0,0,0
2016/02/02,0,0,0,0
2016/02/03,0,0,0,0
2016/02/04,0,0,0,0
2016/02/05,0,0,0,0
2016/02/08,0,0,0,0
2016/02/09,0,0,0,0
2016/02/10,0,0,0,0
2016/02/11,0,0,0,0
2016/02/12,0,0,0,0
2016/02/15,0,418,-4836279,-4835861
2016/02/16,0,0,-2449333,-2449333
2016/02/17,0,6000,0,6000
2016/02/18,0,0,-250000,-250000
2016/02/19,0,18000,-250000,-232000
2016/02/22,0,0,0,0
2016/02/23,0,0,0,0
2016/02/24,0,0,-952843,-952843
2016/02/25,0,0,0,0
2016/02/26,0,0,-20000,-20000
2016/02/29,0,0,0,0
2016/03/01,0,0,0,0
2016/03/02,0,0,-85163,-85163
2016/03/03,0,0,0,0
2016/03/04,0,0,0,0
2016/03/07,0,0,0,0
2016/03/08,0,0,-17000,-17000
2016/03/09,0,0,-111000,-111000
2016/03/10,0,0,-33279,-33279
2016/03/11,0,0,-44000,-44000
2016/03/14,0,0,0,0
2016/03/15,0,0,-2000,-2000
2016/03/16,0,0,0,0
2016/03/17,0,0,0,0
2016/03/18,0,150000,0,150000
2016/03/21,0,0,0,0
2016/03/22,0,0,0,0
2016/03/23,0,0,-13000,-13000
2016/03/24,0,0,0,0
2016/03/25,0,0,0,0
2016/03/28,0,4000,0,4000
2016/03/29,0,0,-1000,-1000
2016/03/30,0,0,-274000,-274000
2016/03/31,0,0,0,0
2016/04/01,0,0,0,0
2016/04/04,0,0,0,0
2016/04/05,0,0,0,0
2016/04/06,0,0,0,0
2016/04/07,0,0,-2000,-2000
2016/04/08,0,0,0,0
2016/04/11,0,0,-248000,-248000
2016/04/12,0,0,0,0
2016/04/13,0,45000,-108000,-63000
2016/04/14,0,0,0,0
2016/04/15,0,115000,-99000,16000
2016/04/18,0,0,0,0
2016/04/19,0,0,-96314,-96314
2016/04/20,0,3000,0,3000
2016/04/21,0,0,0,0
2016/04/22,0,0,0,0
2016/04/25,0,0,-2000,-2000
2016/04/26,0,0,-59000,-59000
2016/04/27,0,0,0,0
2016/04/28,0,0,0,0
2016/04/29,0,0,0,0
2016/05/02,0,0,0,0
2016/05/03,0,0,0,0
2016/05/04,0,0,0,0
2016/05/05,0,0,-10000,-10000
2016/05/06,0,0,0,0
2016/05/09,0,0,0,0
2016/05/10,0,0,-4101,-4101
2016/05/11,0,0,0,0
2016/05/12,0,0,0,0
2016/05/13,0,0,-13000,-13000
2016/05/16,0,0,0,0
2016/05/17,0,0,0,0
2016/05/18,0,0,0,0
2016/05/19,0,0,0,0
2016/05/20,0,0,0,0
2016/05/23,0,0,0,0
2016/05/24,0,0,0,0
2016/05/25,0,0,0,0
2016/05/26,0,0,-16000,-16000
2016/05/27,0,0,0,0
2016/05/30,0,0,0,0
2016/05/31,0,362000,0,362000
2016/06/01,0,983000,0,983000
2016/06/02,0,654000,-44000,610000
2016/06/03,0,6000,-278597,-272597
2016/06/06,0,0,-200000,-200000
2016/06/07,0,0,0,0
2016/06/08,0,0,0,0
2016/06/09,0,0,0,0
2016/06/10,0,0,0,0
2016/06/13,0,0,0,0
2016/06/14,0,0,0,0
2016/06/15,0,0,0,0
2016/06/16,0,0,-105000,-105000
2016/06/17,0,0,-583000,-583000
2016/06/20,0,0,-910000,-910000
2016/06/21,0,0,-443000,-443000
2016/06/22,0,0,0,0
2016/06/23,0,0,0,0
2016/06/24,0,70000,0,70000
2016/06/27,0,66000,-303000,-237000
2016/06/28,0,0,-56000,-56000
2016/06/29,0,0,0,0
2016/06/30,0,0,-11000,-11000
2016/07/01,0,0,0,0
2016/07/04,0,0,0,0
2016/07/05,0,0,-142000,-142000
2016/07/06,0,0,-150000,-150000
2016/07/07,0,0,0,0
2016/07/08,0,0,0,0
2016/07/11,0,0,0,0
2016/07/12,0,0,0,0
2016/07/13,0,0,0,0
2016/07/14,0,0,-180000,-180000
2016/07/15,0,0,-73000,-73000
2016/07/18,0,0,0,0
2016/07/19,0,31000,0,31000
2016/07/20,0,148000,-39000,109000
2016/07/21,0,6000,-42000,-36000
2016/07/22,0,417000,-53000,364000
2016/07/25,0,692000,0,692000
2016/07/26,0,229000,0,229000
2016/07/27,0,0,-31000,-31000
2016/07/28,0,91000,0,91000
2016/07/29,0,6662,-39000,-32338
2016/08/01,0,1000,0,1000
2016/08/02,0,0,-16000,-16000
2016/08/03,0,80000,-24000,56000
2016/08/04,0,138000,0,138000
2016/08/05,0,2000,-10000,-8000
2016/08/08,0,3000,-15000,-12000
2016/08/09,0,19000,0,19000
2016/08/10,0,7000,0,7000
2016/08/11,0,19000,-7000,12000
2016/08/12,0,200000,-21000,179000
2016/08/15,0,441000,-114000,327000
2016/08/16,0,1800000,-26000,1774000
2016/08/17,0,9000,-34000,-25000
2016/08/18,0,3814000,-10000,3804000
2016/08/19,0,4896000,-605000,4291000
2016/08/22,0,1951000,0,1951000
2016/08/23,0,325000,-56000,269000
2016/08/24,0,0,-21000,-21000
2016/08/25,0,0,0,0
2016/08/26,0,316000,0,316000
2016/08/29,0,0,-23000,-23000
2016/08/30,0,115000,0,115000
2016/08/31,0,378000,-310000,68000
2016/09/01,0,379000,0,379000
2016/09/02,0,0,-1100000,-1100000
2016/09/05,0,772000,-85000,687000
2016/09/06,0,0,-1000000,-1000000
2016/09/07,0,36000,0,36000
2016/09/08,0,0,0,0
2016/09/09,0,3000,-550000,-547000
2016/09/12,0,0,-418000,-418000
2016/09/13,0,17000,-31000,-14000
2016/09/14,0,221000,0,221000
2016/09/15,0,0,0,0
2016/09/16,0,0,0,0
2016/09/19,0,0,0,0
2016/09/20,0,0,0,0
2016/09/21,0,0,0,0
2016/09/22,0,0,-19000,-19000
2016/09/23,0,0,0,0
2016/09/26,0,0,-835000,-835000
2016/09/27,0,0,0,0
2016/09/28,0,0,0,0
2016/09/29,0,0,-825000,-825000
2016/09/30,0,219041,-660000,-440959
2016/10/03,0,0,-709000,-709000
2016/10/04,0,0,0,0
2016/10/05,0,0,-250000,-250000
2016/10/06,0,0,0,0
2016/10/07,0,0,0,0
2016/10/10,0,0,0,0
2016/10/11,0,6000,-441000,-435000
2016/10/12,0,18000,0,18000
2016/10/13,0,0,-36000,-36000
2016/10/14,0,0,-47000,-47000
2016/10/17,0,0,0,0
2016/10/18,0,66000,-70000,-4000
2016/10/19,0,194000,0,194000
2016/10/20,0,187000,-26000,161000
2016/10/21,0,0,-47000,-47000
2016/10/24,0,0,0,0
2016/10/25,0,0,0,0
2016/10/26,0,0,0,0
2016/10/27,0,0,0,0
2016/10/28,0,0,0,0
2016/10/31,0,0,-18000,-18000
2016/11/01,0,0,-7000,-7000
2016/11/02,0,0,-420,-420
2016/11/03,0,0,-2000,-2000
2016/11/04,0,0,-1000,-1000
2016/11/07,0,0,-23000,-23000
2016/11/08,0,1000,0,1000
2016/11/09,0,0,-674000,-674000
2016/11/10,0,0,-129000,-129000
2016/11/11,0,0,-163000,-163000
2016/11/14,0,0,-162000,-162000
2016/11/15,0,0,-105000,-105000
2016/11/16,0,200000,-274,199726
2016/11/17,0,0,-130000,-130000
2016/11/18,0,25000,-79000,-54000
2016/11/21,0,0,-53920,-53920
2016/11/22,0,0,0,0
2016/11/23,0,0,0,0
2016/11/24,0,0,-50000,-50000
2016/11/25,0,0,0,0
2016/11/28,0,200000,0,200000
2016/11/29,0,51000,-199000,-148000
2016/11/30,0,82000,-1000,81000
2016/12/01,0,0,0,0
2016/12/02,0,0,0,0
2016/12/05,0,0,0,0
2016/12/06,0,897000,0,897000
2016/12/07,0,127000,0,127000
2016/12/08,0,895000,0,895000
2016/12/09,0,0,0,0
2016/12/12,0,30000,0,30000
2016/12/13,0,0,0,0
2016/12/14,0,364000,-1073000,-709000
2016/12/15,0,0,-1029000,-1029000
2016/12/16,0,40000,0,40000
2016/12/19,0,0,0,0
2016/12/20,0,0,0,0
2016/12/21,0,0,0,0
2016/12/22,0,0,0,0
2016/12/23,0,211000,0,211000
2016/12/26,0,0,-5600,-5600
2016/12/27,0,70000,0,70000
2016/12/28,0,0,0,0
2016/12/29,0,0,0,0
2016/12/30,0,0,0,0
2017/01/02,0,0,0,0
2017/01/03,0,0,0,0
2017/01/04,0,0,0,0
2017/01/05,0,143000,0,143000
2017/01/06,0,22000,0,22000
2017/01/09,0,0,0,0
2017/01/10,0,770000,0,770000
2017/01/11,0,0,0,0
2017/01/12,0,0,0,0
2017/01/13,0,0,0,0
2017/01/16,0,0,0,0
2017/01/17,0,0,0,0
2017/01/18,0,157000,0,157000
2017/01/19,0,1000,-163000,-162000
2017/01/20,0,0,0,0
2017/01/23,0,4025,0,4025
2017/01/24,0,24000,0,24000
2017/01/25,0,0,0,0
2017/01/26,0,0,0,0
2017/01/27,0,0,0,0
2017/01/30,0,0,0,0
2017/01/31,0,0,0,0
2017/02/01,0,0,0,0
2017/02/02,0,0,0,0
2017/02/03,0,119000,0,119000
2017/02/06,0,0,0,0
2017/02/07,0,0,-479000,-479000
2017/02/08,0,0,-1000,-1000
2017/02/09,0,1388000,-675000,713000
2017/02/10,0,10000000,-162000,9838000
2017/02/13,0,2027000,0,2027000
2017/02/14,0,3819000,-20000,3799000
2017/02/15,0,1162000,0,1162000
2017/02/16,0,638000,0,638000
2017/02/17,0,133000,0,133000
2017/02/20,0,798000,0,798000
2017/02/21,0,356000,0,356000
2017/02/22,0,4645000,-754000,3891000
2017/02/23,0,6000,-115000,-109000
2017/02/24,0,238000,0,238000
2017/02/27,0,0,0,0
2017/02/28,0,0,0,0
2017/03/01,0,0,-25000,-25000
2017/03/02,0,922000,0,922000
2017/03/03,0,272000,-35000,237000
2017/03/06,0,100000,0,100000
2017/03/07,0,1278000,-760,1277240
2017/03/08,0,0,0,0
2017/03/09,0,120000,0,120000
2017/03/10,0,0,-18000,-18000
2017/03/13,0,120000,0,120000
2017/03/14,0,1086000,-76000,1010000
2017/03/15,0,0,0,0
2017/03/16,0,0,0,0
2017/03/17,0,32000,-164000,-132000
2017/03/20,0,0,-16000,-16000
2017/03/21,0,11000,0,11000
2017/03/22,0,0,0,0
2017/03/23,0,0,0,0
2017/03/24,0,6000,0,6000
2017/03/27,0,471000,-159000,312000
2017/03/28,0,470000,-410000,60000
2017/03/29,0,247000,0,247000
2017/03/30,0,436000,0,436000
2017/03/31,0,391000,0,391000
2017/04/03,0,0,0,0
2017/04/04,0,0,0,0
2017/04/05,0,0,-41000,-41000
2017/04/06,0,974000,0,974000
2017/04/07,0,11000,-360000,-349000
2017/04/10,0,9000,0,9000
2017/04/11,0,0,0,0
2017/04/12,0,21000,-129000,-108000
2017/04/13,0,91000,-8000,83000
2017/04/14,0,300000,-43000,257000
2017/04/17,0,450000,0,450000
2017/04/18,0,258000,0,258000
2017/04/19,0,236000,0,236000
2017/04/20,0,185000,0,185000
2017/04/21,0,0,0,0
2017/04/24,0,0,0,0
2017/04/25,0,100000,-492,99508
2017/04/26,0,251000,-279000,-28000
2017/04/27,0,205000,-21000,184000
2017/04/28,0,180000,-575000,-395000
2017/05/01,0,0,0,0
2017/05/02,0,293000,-4000,289000
2017/05/03,0,0,0,0
2017/05/04,0,179000,-195000,-16000
2017/05/05,0,90000,-21000,69000
2017/05/08,0,166000,0,166000
2017/05/09,0,0,-79000,-79000
2017/05/10,0,312000,0,312000
2017/05/11,0,102000,0,102000
2017/05/12,0,175000,-47000,128000
2017/05/15,0,940000,-44000,896000
2017/05/16,0,2954000,-10000,2944000
2017/05/17,0,520000,-54000,466000
2017/05/18,0,0,-70000,-70000
2017/05/19,0,0,0,0
2017/05/22,0,0,-8000,-8000
2017/05/23,0,100000,-52000,48000
2017/05/24,0,0,0,0
2017/05/25,0,0,-17000,-17000
2017/05/26,0,0,-507000,-507000
2017/05/29,0,0,0,0
2017/05/30,0,0,0,0
2017/05/31,0,31000,-253000,-222000
2017/06/01,0,370000,0,370000
2017/06/02,0,0,-75000,-75000
2017/06/05,0,0,-308000,-308000
2017/06/06,0,0,-100000,-100000
2017/06/07,0,0,-28000,-28000
2017/06/08,0,0,-13000,-13000
2017/06/09,0,289000,-27000,262000
2017/06/12,0,0,-73000,-73000
2017/06/13,0,0,0,0
2017/06/14,0,0,-8000,-8000
2017/06/15,0,18000,0,18000
2017/06/16,0,675000,-74000,601000
2017/06/19,0,1730000,-46000,1684000
2017/06/20,0,463000,-456000,7000
2017/06/21,0,0,-150000,-150000
2017/06/22,0,0,-131000,-131000
2017/06/23,0,343000,-270000,73000
2017/06/26,0,0,-27000,-27000
2017/06/27,0,744000,-223000,521000
2017/06/28,0,0,-97000,-97000
2017/06/29,0,0,-10000,-10000
2017/06/30,0,525000,-15000,510000
2017/07/03,0,50000,-67000,-17000
2017/07/04,0,449000,-317000,132000
2017/07/05,0,30000,-19000,11000
2017/07/06,0,1053000,-42000,1011000
2017/07/07,0,286000,-46000,240000
2017/07/10,0,0,-238000,-238000
2017/07/11,0,0,-14000,-14000
2017/07/12,0,0,-137000,-137000
2017/07/13,0,2000,-304000,-302000
2017/07/14,0,0,-38000,-38000
2017/07/17,0,1021,-171000,-169979
2017/07/18,0,0,-3088000,-3088000
2017/07/19,0,0,-33000,-33000
2017/07/20,0,14000,-111000,-97000
2017/07/21,0,0,-902000,-902000
2017/07/24,0,0,-300000,-300000
2017/07/25,0,0,-146000,-146000
2017/07/26,0,2000,-1071709,-1069709
2017/07/27,0,0,0,0
2017/07/28,0,4000,-300000,-296000
2017/07/31,0,217000,-471000,-254000
2017/08/01,0,81000,-194000,-113000
2017/08/02,0,87000,-500000,-413000
2017/08/03,0,126000,-200000,-74000
2017/08/04,0,0,-224000,-224000
2017/08/07,0,1537000,0,1537000
2017/08/08,0,56000,-300000,-244000
2017/08/09,0,68000,-215000,-147000
2017/08/10,0,36000,0,36000
2017/08/11,0,17000,-29000,-12000
2017/08/14,0,0,-24000,-24000
2017/08/15,0,433000,-28000,405000
2017/08/16,0,1800000,0,1800000
2017/08/17,0,2000,0,2000
2017/08/18,0,125000,-200000,-75000
