Date,Open,Buy,Sell,Total
2007/01/02,0,7940321,-15261000,-7320679
2007/01/03,0,24397000,-14265000,10132000
2007/01/04,0,43076000,-27283000,15793000
2007/01/05,0,19274000,-15075002,4198998
2007/01/08,0,5104005,-10506009,-5402004
2007/01/09,0,14685000,-9759840,4925160
2007/01/10,0,30112000,-35665000,-5553000
2007/01/11,0,3209500,-6590000,-3380500
2007/01/12,0,4847000,-4727658,119342
2007/01/15,0,12295000,-16459360,-4164360
2007/01/16,0,13620000,-13366000,254000
2007/01/17,0,15461000,-12940218,2520782
2007/01/18,0,23554000,-12447000,11107000
2007/01/19,0,6304110,-10911219,-4607109
2007/01/22,0,11409000,-5446000,5963000
2007/01/23,0,7809869,-4022000,3787869
2007/01/24,0,15222000,-19276526,-4054526
2007/01/25,0,25948000,-6392000,19556000
2007/01/26,0,20184000,-16472000,3712000
2007/01/29,0,2844000,-5392160,-2548160
2007/01/30,0,17836165,-9108000,8728165
2007/01/31,0,21244452,-17797000,3447452
2007/02/01,0,16486000,-18401280,-1915280
2007/02/02,0,38507700,-18890731,19616969
2007/02/05,0,16147000,-13447916,2699084
2007/02/06,0,11402006,-14209927,-2807921
2007/02/07,0,12701000,-17616783,-4915783
2007/02/08,0,21458000,-20704299,753701
2007/02/09,0,23188000,-26019000,-2831000
2007/02/12,0,16722000,-17689777,-967777
2007/02/13,0,23529000,-26927293,-3398293
2007/02/14,0,17110108,-27911680,-10801572
2007/02/15,0,0,0,0
2007/02/16,0,0,0,0
2007/02/19,0,0,0,0
2007/02/20,0,0,0,0
2007/02/21,0,0,0,0
2007/02/22,0,0,0,0
2007/02/23,0,0,0,0
2007/02/26,0,59529000,-73701360,-14172360
2007/02/27,0,35370043,-40765836,-5395793
2007/02/28,0,0,0,0
2007/03/01,0,24325000,-28289000,-3964000
2007/03/02,0,15668000,-22333800,-6665800
2007/03/05,0,33457000,-46099452,-12642452
2007/03/06,0,25948000,-30087235,-4139235
2007/03/07,0,20400000,-20544414,-144414
2007/03/08,0,14451000,-20654901,-6203901
2007/03/09,0,21919000,-17871000,4048000
2007/03/12,0,7412576,-6133000,1279576
2007/03/13,0,17505000,-18619920,-1114920
2007/03/14,0,14033000,-15622191,-1589191
2007/03/15,0,11245000,-4181000,7064000
2007/03/16,0,32981000,-27896012,5084988
2007/03/19,0,10966000,-8608087,2357913
2007/03/20,0,20555000,-20245217,309783
2007/03/21,0,9134000,-8748169,385831
2007/03/22,0,42281511,-39242000,3039511
2007/03/23,0,21367000,-23823200,-2456200
2007/03/26,0,6960000,-5263000,1697000
2007/03/27,0,15748000,-14958720,789280
2007/03/28,0,20883720,-23576435,-2692715
2007/03/29,0,35598000,-26150000,9448000
2007/03/30,0,26391000,-26097000,294000
2007/04/02,0,24344000,-20608800,3735200
2007/04/03,0,30161000,-24018336,6142664
2007/04/04,0,28435000,-14507000,13928000
2007/04/05,0,0,0,0
2007/04/06,0,0,0,0
2007/04/09,0,14085000,-10959671,3125329
2007/04/10,0,14614000,-13820000,794000
2007/04/11,0,13814000,-11624781,2189219
2007/04/12,0,24802000,-31419854,-6617854
2007/04/13,0,42258000,-32518763,9739237
2007/04/16,0,29813000,-18410237,11402763
2007/04/17,0,33526237,-23172000,10354237
2007/04/18,0,11208000,-6965461,4242539
2007/04/19,0,38648826,-37855963,792863
2007/04/20,0,19394000,-16728546,2665454
2007/04/23,0,31055000,-18559000,12496000
2007/04/24,0,17806000,-8058000,9748000
2007/04/25,0,26343676,-16378000,9965676
2007/04/26,0,24730000,-12792000,11938000
2007/04/27,0,17658850,-18058000,-399150
2007/04/30,0,17857000,-16362107,1494893
2007/05/01,0,0,0,0
2007/05/02,0,18854000,-12985000,5869000
2007/05/03,0,28171000,-25855467,2315533
2007/05/04,0,27358000,-23089790,4268210
2007/05/07,0,15140000,-10765363,4374637
2007/05/08,0,5022000,-4068940,953060
2007/05/09,0,11873000,-9115000,2758000
2007/05/10,0,13705000,-10753731,2951269
2007/05/11,0,6741000,-6624594,116406
2007/05/14,0,16489000,-13530000,2959000
2007/05/15,0,15762000,-15325759,436241
2007/05/16,0,10756000,-9064120,1691880
2007/05/17,0,17672000,-16966001,705999
2007/05/18,0,16031000,-15532080,498920
2007/05/21,0,7710000,-7263000,447000
2007/05/22,0,10401000,-14685610,-4284610
2007/05/23,0,17920415,-14653783,3266632
2007/05/24,0,5166000,-4418996,747004
2007/05/25,0,14479000,-19566856,-5087856
2007/05/28,0,14412000,-16666004,-2254004
2007/05/29,0,32637000,-33218205,-581205
2007/05/30,0,33726000,-38890800,-5164800
2007/05/31,0,40738500,-38979107,1759393
2007/06/01,0,60043140,-69392062,-9348922
2007/06/04,0,22528000,-31250080,-8722080
2007/06/05,0,27545000,-28193000,-648000
2007/06/06,0,24072800,-19610000,4462800
2007/06/07,0,37016000,-40522202,-3506202
2007/06/08,0,25160000,-37635464,-12475464
2007/06/11,0,28354760,-48213388,-19858628
2007/06/12,0,37882000,-47790206,-9908206
2007/06/13,0,27438000,-16664000,10774000
2007/06/14,0,76695000,-55839363,20855637
2007/06/15,0,73223107,-58533200,14689907
2007/06/18,0,0,0,0
2007/06/19,0,0,0,0
2007/06/20,0,120578693,-102044438,18534255
2007/06/21,0,70244000,-49995038,20248962
2007/06/22,0,30143000,-38537000,-8394000
2007/06/25,0,37710000,-51380600,-13670600
2007/06/26,0,40420000,-44927184,-4507184
2007/06/27,0,13282000,-13916200,-634200
2007/06/28,0,10181000,-12523879,-2342879
2007/06/29,0,21703000,-26215744,-4512744
2007/07/02,0,29824000,-24483172,5340828
2007/07/03,0,41634000,-25609499,16024501
2007/07/04,0,17850000,-8527200,9322800
2007/07/05,0,16467000,-34618341,-18151341
2007/07/06,0,4381000,-9990000,-5609000
2007/07/09,0,35126000,-25219858,9906142
2007/07/10,0,47439000,-50053000,-2614000
2007/07/11,0,48512100,-43156429,5355671
2007/07/12,0,74281529,-50756766,23524763
2007/07/13,0,31050000,-18875139,12174861
2007/07/16,0,25976000,-31425863,-5449863
2007/07/17,0,25876600,-32605690,-6729090
2007/07/18,0,46153000,-43364079,2788921
2007/07/19,0,40146000,-24463509,15682491
2007/07/20,0,15713300,-25137764,-9424464
2007/07/23,0,18270000,-8459000,9811000
2007/07/24,0,14513000,-10356000,4157000
2007/07/25,0,14025000,-16072600,-2047600
2007/07/26,0,10736000,-16890000,-6154000
2007/07/27,0,37601000,-51971580,-14370580
2007/07/30,0,24762000,-33359000,-8597000
2007/07/31,0,9614485,-20998851,-11384366
2007/08/01,0,30894000,-53878040,-22984040
2007/08/02,0,27240000,-31682500,-4442500
2007/08/03,0,18678800,-22783080,-4104280
2007/08/06,0,5701700,-29383183,-23681483
2007/08/07,0,12793000,-17904000,-5111000
2007/08/08,0,12845802,-12387000,458802
2007/08/09,0,10957000,-5439787,5517213
2007/08/10,0,15571000,-76808600,-61237600
2007/08/13,0,12636560,-27897672,-15261112
2007/08/14,0,8750000,-17600690,-8850690
2007/08/15,0,3935000,-41205000,-37270000
2007/08/16,0,7527000,-56092000,-48565000
2007/08/17,0,20953000,-46999000,-26046000
2007/08/20,0,18558000,-10555000,8003000
2007/08/21,0,20399000,-15039000,5360000
2007/08/22,0,10281000,-11251291,-970291
2007/08/23,0,22805000,-28093472,-5288472
2007/08/24,0,9493000,-15920000,-6427000
2007/08/27,0,4769000,-5788521,-1019521
2007/08/28,0,4675000,-4001000,674000
2007/08/29,0,17555324,-25381000,-7825676
2007/08/30,0,26122000,-18155000,7967000
2007/08/31,0,32065000,-8230396,23834604
2007/09/03,0,9169000,-10276720,-1107720
2007/09/04,0,3145000,-8073000,-4928000
2007/09/05,0,3903200,-7032200,-3129000
2007/09/06,0,15119000,-14067832,1051168
2007/09/07,0,16494000,-16312000,182000
2007/09/10,0,19433000,-21239000,-1806000
2007/09/11,0,6899000,-11286000,-4387000
2007/09/12,0,7215000,-8960852,-1745852
2007/09/13,0,9808000,-9712000,96000
2007/09/14,0,19515000,-11360000,8155000
2007/09/17,0,20357000,-26166000,-5809000
2007/09/18,0,0,0,0
2007/09/19,0,51516000,-58333644,-6817644
2007/09/20,0,31056000,-47168061,-16112061
2007/09/21,0,9106000,-45667000,-36561000
2007/09/24,0,0,0,0
2007/09/25,0,0,0,0
2007/09/26,0,16604188,-48909567,-32305379
2007/09/27,0,25715000,-22327450,3387550
2007/09/28,0,22268000,-14322000,7946000
2007/10/01,0,2918000,-13162605,-10244605
2007/10/02,0,27289000,-12222650,15066350
2007/10/03,0,21842537,-21593522,249015
2007/10/04,0,10453013,-18854025,-8401012
2007/10/05,0,49412000,-17062300,32349700
2007/10/08,0,12747000,-12513000,234000
2007/10/09,0,30894000,-22866119,8027881
2007/10/10,0,0,0,0
2007/10/11,0,23389000,-25800943,-2411943
2007/10/12,0,10418000,-19732000,-9314000
2007/10/15,0,13395144,-10689500,2705644
2007/10/16,0,15342000,-13169000,2173000
2007/10/17,0,29518968,-39340632,-9821664
2007/10/18,0,7759000,-17966000,-10207000
2007/10/19,0,7909000,-5115000,2794000
2007/10/22,0,6055576,-26508000,-20452424
2007/10/23,0,4182000,-9860692,-5678692
2007/10/24,0,9679000,-12245731,-2566731
2007/10/25,0,6726604,-12534751,-5808147
2007/10/26,0,9158122,-17494000,-8335878
2007/10/29,0,23828860,-18558840,5270020
2007/10/30,0,5271000,-17577035,-12306035
2007/10/31,0,6822000,-26446711,-19624711
2007/11/01,0,14660000,-24063000,-9403000
2007/11/02,0,3052000,-21720000,-18668000
2007/11/05,0,6087000,-18489000,-12402000
2007/11/06,0,8179000,-13736000,-5557000
2007/11/07,0,23969000,-26190852,-2221852
2007/11/08,0,14260000,-43615996,-29355996
2007/11/09,0,21212000,-22822011,-1610011
2007/11/12,0,28869000,-21285413,7583587
2007/11/13,0,14183000,-15874293,-1691293
2007/11/14,0,8128000,-9842549,-1714549
2007/11/15,0,4509000,-7229400,-2720400
2007/11/16,0,2228000,-12147491,-9919491
2007/11/19,0,3720000,-3526000,194000
2007/11/20,0,14354000,-22903000,-8549000
2007/11/21,0,9129000,-17666360,-8537360
2007/11/22,0,10986000,-14706820,-3720820
2007/11/23,0,1077000,-6057000,-4980000
2007/11/26,0,24331000,-17303934,7027066
2007/11/27,0,18260000,-17159398,1100602
2007/11/28,0,25187136,-19324000,5863136
2007/11/29,0,21790413,-12512000,9278413
2007/11/30,0,19825000,-12350000,7475000
2007/12/03,0,3323184,-2510000,813184
2007/12/04,0,5976000,-8946000,-2970000
2007/12/05,0,9788000,-10784000,-996000
2007/12/06,0,18052000,-21351361,-3299361
2007/12/07,0,10358771,-9951738,407033
2007/12/10,0,15478000,-15223581,254419
2007/12/11,0,11977000,-7005000,4972000
2007/12/12,0,14382000,-10319000,4063000
2007/12/13,0,23121000,-19445000,3676000
2007/12/14,0,17270000,-10677949,6592051
2007/12/17,0,16116000,-13366520,2749480
2007/12/18,0,19964000,-18954941,1009059
2007/12/19,0,11174000,-11329821,-155821
2007/12/20,0,7555000,-8831000,-1276000
2007/12/21,0,10834000,-5633000,5201000
2007/12/24,0,1329000,-1928488,-599488
2007/12/25,0,585000,-202000,383000
2007/12/26,0,2419476,-1290000,1129476
2007/12/27,0,17997000,-8950000,9047000
2007/12/28,0,9293246,-4255839,5037407
2007/12/31,0,3394000,-1244920,2149080
2008/01/01,0,0,0,0
2008/01/02,0,2355000,-7001968,-4646968
2008/01/03,0,10924000,-14352000,-3428000
2008/01/04,0,15250000,-7307929,7942071
2008/01/07,0,15859000,-11814628,4044372
2008/01/08,0,19710281,-18775311,934970
2008/01/09,0,22772000,-17310140,5461860
2008/01/10,0,26353000,-20046577,6306423
2008/01/11,0,24762790,-30483558,-5720768
2008/01/14,0,113011000,-103903467,9107533
2008/01/15,0,84665000,-9419246,75245754
2008/01/16,0,205685707,-126528000,79157707
2008/01/17,0,93694000,-75198800,18495200
2008/01/18,0,102505993,-145718848,-43212855
2008/01/21,0,76976053,-76031618,944435
2008/01/22,0,51460000,-38399000,13061000
2008/01/23,0,45364000,-35387387,9976613
2008/01/24,0,33324016,-34722858,-1398842
2008/01/25,0,61542000,-59826118,1715882
2008/01/28,0,34684000,-46797000,-12113000
2008/01/29,0,29959087,-48314264,-18355177
2008/01/30,0,28215553,-35639000,-7423447
2008/01/31,0,34106000,-26028585,8077415
2008/02/01,0,56981996,-49872375,7109621
2008/02/04,0,0,0,0
2008/02/05,0,0,0,0
2008/02/06,0,0,0,0
2008/02/07,0,0,0,0
2008/02/08,0,0,0,0
2008/02/11,0,0,0,0
2008/02/12,0,100227000,-89137679,11089321
2008/02/13,0,29686000,-19985004,9700996
2008/02/14,0,58297000,-43911735,14385265
2008/02/15,0,68082371,-32423842,35658529
2008/02/18,0,32711000,-30968995,1742005
2008/02/19,0,30222000,-17218000,13004000
2008/02/20,0,15661000,-25476000,-9815000
2008/02/21,0,12568000,-5633301,6934699
2008/02/22,0,35275000,-22596452,12678548
2008/02/25,0,44917000,-42128274,2788726
2008/02/26,0,50406000,-27719000,22687000
2008/02/27,0,34698000,-19502000,15196000
2008/02/28,0,0,0,0
2008/02/29,0,40660787,-36876935,3783852
2008/03/03,0,34082000,-28974000,5108000
2008/03/04,0,28004549,-43991400,-15986851
2008/03/05,0,25015604,-28685183,-3669579
2008/03/06,0,32956000,-35421000,-2465000
2008/03/07,0,20225000,-38560500,-18335500
2008/03/10,0,89288000,-118345000,-29057000
2008/03/11,0,63611000,-80700560,-17089560
2008/03/12,0,50111000,-57869000,-7758000
2008/03/13,0,23127000,-26974000,-3847000
2008/03/14,0,31093000,-42487000,-11394000
2008/03/17,0,73304000,-94741389,-21437389
2008/03/18,0,21580000,-37322421,-15742421
2008/03/19,0,41074000,-38942043,2131957
2008/03/20,0,69953000,-54847519,15105481
2008/03/21,0,51642000,-25624785,26017215
2008/03/24,0,82168000,-68389000,13779000
2008/03/25,0,44429000,-42684703,1744297
2008/03/26,0,67996000,-47065114,20930886
2008/03/27,0,26699038,-53504003,-26804965
2008/03/28,0,37401386,-76694956,-39293570
2008/03/31,0,47641152,-50366893,-2725741
2008/04/01,0,23535191,-32052000,-8516809
2008/04/02,0,43511000,-28948000,14563000
2008/04/03,0,46380000,-59023000,-12643000
2008/04/04,0,0,0,0
2008/04/07,0,41872000,-50507760,-8635760
2008/04/08,0,28659000,-30858000,-2199000
2008/04/09,0,29903500,-47528181,-17624681
2008/04/10,0,21357000,-33469512,-12112512
2008/04/11,0,58569000,-47901804,10667196
2008/04/14,0,33594338,-21218000,12376338
2008/04/15,0,45195000,-26350274,18844726
2008/04/16,0,15421500,-9995000,5426500
2008/04/17,0,34207000,-9977220,24229780
2008/04/18,0,40008000,-15365804,24642196
2008/04/21,0,32585879,-21195642,11390237
2008/04/22,0,19760000,-24291031,-4531031
2008/04/23,0,15075000,-12444558,2630442
2008/04/24,0,12078000,-8030000,4048000
2008/04/25,0,16199000,-7910538,8288462
2008/04/28,0,18043959,-5498197,12545762
2008/04/29,0,27931196,-18142000,9789196
2008/04/30,0,24716752,-11296815,13419937
2008/05/01,0,0,0,0
2008/05/02,0,19310018,-9672000,9638018
2008/05/05,0,9126000,-16699729,-7573729
2008/05/06,0,25579000,-19458896,6120104
2008/05/07,0,21388000,-45463000,-24075000
2008/05/08,0,13655000,-16939575,-3284575
2008/05/09,0,19540000,-26003188,-6463188
2008/05/12,0,42524000,-54133000,-11609000
2008/05/13,0,29637000,-23832715,5804285
2008/05/14,0,21195000,-14129030,7065970
2008/05/15,0,15027044,-13591299,1435745
2008/05/16,0,7843000,-4646000,3197000
2008/05/19,0,14918000,-9042000,5876000
2008/05/20,0,25867000,-17191200,8675800
2008/05/21,0,12710858,-14043240,-1332382
2008/05/22,0,18022000,-22925186,-4903186
2008/05/23,0,11559000,-7888000,3671000
2008/05/26,0,19703000,-14220000,5483000
2008/05/27,0,15849000,-4490423,11358577
2008/05/28,0,15220000,-23482669,-8262669
2008/05/29,0,18056000,-14030000,4026000
2008/05/30,0,25999818,-12177779,13822039
2008/06/02,0,12838476,-10547400,2291076
2008/06/03,0,11332507,-15399000,-4066493
2008/06/04,0,11761000,-7035000,4726000
2008/06/05,0,15634000,-12547000,3087000
2008/06/06,0,13393000,-8894000,4499000
2008/06/09,0,12456000,-16951000,-4495000
2008/06/10,0,11977320,-23176028,-11198708
2008/06/11,0,4569000,-1448000,3121000
2008/06/12,0,14219000,-12754000,1465000
2008/06/13,0,15888000,-16644700,-756700
2008/06/16,0,24772000,-15449000,9323000
2008/06/17,0,12075000,-7860000,4215000
2008/06/18,0,7512000,-11353000,-3841000
2008/06/19,0,15339000,-18252000,-2913000
2008/06/20,0,17143166,-19917000,-2773834
2008/06/23,0,17538000,-20758760,-3220760
2008/06/24,0,13812000,-11267000,2545000
2008/06/25,0,25583000,-18799650,6783350
2008/06/26,0,7196000,-8849059,-1653059
2008/06/27,0,39844000,-46973000,-7129000
2008/06/30,0,25227000,-29067000,-3840000
2008/07/01,0,10750000,-19799850,-9049850
2008/07/02,0,45032000,-65350961,-20318961
2008/07/03,0,31479000,-101754855,-70275855
2008/07/04,0,24011900,-48805000,-24793100
2008/07/07,0,56709000,-32851000,23858000
2008/07/08,0,33063000,-44962000,-11899000
2008/07/09,0,35857398,-23769129,12088269
2008/07/10,0,11316000,-12670000,-1354000
2008/07/11,0,17115122,-38323000,-21207878
2008/07/14,0,17641000,-48623000,-30982000
2008/07/15,0,28185000,-27523000,662000
2008/07/16,0,26278000,-15833000,10445000
2008/07/17,0,37283000,-34412725,2870275
2008/07/18,0,18618000,-19478000,-860000
2008/07/21,0,19899000,-23062000,-3163000
2008/07/22,0,29539000,-19353528,10185472
2008/07/23,0,20685000,-21674600,-989600
2008/07/24,0,27202000,-39865000,-12663000
2008/07/25,0,6932000,-20249274,-13317274
2008/07/28,0,0,0,0
2008/07/29,0,7419000,-31794000,-24375000
2008/07/30,0,14787000,-20829000,-6042000
2008/07/31,0,12762000,-23026000,-10264000
2008/08/01,0,10458000,-15948080,-5490080
2008/08/04,0,8654000,-14744000,-6090000
2008/08/05,0,20611000,-67014000,-46403000
2008/08/06,0,19292000,-35044000,-15752000
2008/08/07,0,9720662,-37555851,-27835189
2008/08/08,0,36864297,-55952000,-19087703
2008/08/11,0,11899000,-25889000,-13990000
2008/08/12,0,19298000,-17774000,1524000
2008/08/13,0,13191000,-19768000,-6577000
2008/08/14,0,18066000,-17770000,296000
2008/08/15,0,26046000,-20743000,5303000
2008/08/18,0,15746621,-20990000,-5243379
2008/08/19,0,14854000,-15306000,-452000
2008/08/20,0,12273320,-8885000,3388320
2008/08/21,0,6870000,-14007000,-7137000
2008/08/22,0,8012000,-9060000,-1048000
2008/08/25,0,7568000,-2327886,5240114
2008/08/26,0,4303000,-10492000,-6189000
2008/08/27,0,8484000,-10366000,-1882000
2008/08/28,0,13881000,-14600001,-719001
2008/08/29,0,12872000,-6778212,6093788
2008/09/01,0,13828000,-18313000,-4485000
2008/09/02,0,15133405,-20341067,-5207662
2008/09/03,0,12333000,-16807791,-4474791
2008/09/04,0,4930000,-24684013,-19754013
2008/09/05,0,12615505,-34266000,-21650495
2008/09/08,0,23884000,-32523000,-8639000
2008/09/09,0,63164000,-55474000,7690000
2008/09/10,0,12312519,-28099000,-15786481
2008/09/11,0,19070000,-23493819,-4423819
2008/09/12,0,16782000,-13571000,3211000
2008/09/15,0,4153000,-19798000,-15645000
2008/09/16,0,46820594,-28668003,18152591
2008/09/17,0,21788000,-18976700,2811300
2008/09/18,0,11302293,-10466000,836293
2008/09/19,0,38629000,-21516219,17112781
2008/09/22,0,38063000,-22507302,15555698
2008/09/23,0,22631000,-15969147,6661853
2008/09/24,0,6662602,-10048451,-3385849
2008/09/25,0,30501000,-16981817,13519183
2008/09/26,0,22156000,-23850245,-1694245
2008/09/29,0,0,0,0
2008/09/30,0,30777000,-20659600,10117400
2008/10/01,0,26804000,-19483146,7320854
2008/10/02,0,30158000,-42112000,-11954000
2008/10/03,0,20141000,-17776768,2364232
2008/10/06,0,17578000,-23161000,-5583000
2008/10/07,0,8463000,-26521960,-18058960
2008/10/08,0,22686000,-30878394,-8192394
2008/10/09,0,37598000,-50915000,-13317000
2008/10/10,0,0,0,0
2008/10/13,0,5448000,-714408,4733592
2008/10/14,0,30719000,-29590843,1128157
2008/10/15,0,32770837,-30805365,1965472
2008/10/16,0,64107884,-62298339,1809545
2008/10/17,0,7986000,-13529284,-5543284
2008/10/20,0,15111869,-11922088,3189781
2008/10/21,0,11479907,-38083741,-26603834
2008/10/22,0,12285000,-27297947,-15012947
2008/10/23,0,4826000,-2940386,1885614
2008/10/24,0,6957000,-6361000,596000
2008/10/27,0,8612000,-11747919,-3135919
2008/10/28,0,14764000,-26636217,-11872217
2008/10/29,0,42179438,-119915306,-77735868
2008/10/30,0,34793000,-143355300,-108562300
2008/10/31,0,26159000,-73561090,-47402090
2008/11/03,0,44912000,-84947277,-40035277
2008/11/04,0,50855000,-53467880,-2612880
2008/11/05,0,21402000,-26284657,-4882657
2008/11/06,0,24263000,-32800899,-8537899
2008/11/07,0,19889952,-43734172,-23844220
2008/11/10,0,19175000,-16717691,2457309
2008/11/11,0,12412000,-16746114,-4334114
2008/11/12,0,25028000,-27399814,-2371814
2008/11/13,0,7202172,-16158468,-8956296
2008/11/14,0,12935000,-25128852,-12193852
2008/11/17,0,23385000,-1246965,22138035
2008/11/18,0,36657000,-27034748,9622252
2008/11/19,0,26535318,-36056807,-9521489
2008/11/20,0,12189000,-10276562,1912438
2008/11/21,0,18968000,-40908767,-21940767
2008/11/24,0,14578000,-24863000,-10285000
2008/11/25,0,12862000,-12764247,97753
2008/11/26,0,24166875,-31460379,-7293504
2008/11/27,0,32184000,-24600223,7583777
2008/11/28,0,12752000,-7429486,5322514
2008/12/01,0,24841521,-29209747,-4368226
2008/12/02,0,18105000,-15400000,2705000
2008/12/03,0,11690000,-25230939,-13540939
2008/12/04,0,8374000,-9321568,-947568
2008/12/05,0,12554000,-3608379,8945621
2008/12/08,0,10523000,-16647189,-6124189
2008/12/09,0,53338000,-24163055,29174945
2008/12/10,0,23537000,-16040954,7496046
2008/12/11,0,31695275,-45431929,-13736654
2008/12/12,0,7015000,-21093028,-14078028
2008/12/15,0,21171000,-14178602,6992398
2008/12/16,0,27052000,-17076078,9975922
2008/12/17,0,35825000,-19165000,16660000
2008/12/18,0,28504000,-38404502,-9900502
2008/12/19,0,27975461,-47142607,-19167146
2008/12/22,0,24077000,-14705044,9371956
2008/12/23,0,5730000,-23100000,-17370000
2008/12/24,0,9358159,-6175000,3183159
2008/12/25,0,1397000,-2397000,-1000000
2008/12/26,0,411000,-1491000,-1080000
2008/12/29,0,4434000,-2376000,2058000
2008/12/30,0,9899000,-3367327,6531673
2008/12/31,0,3606000,-7153000,-3547000
2009/01/01,0,0,0,0
2009/01/02,0,0,0,0
2009/01/05,0,11300000,-6391124,4908876
2009/01/06,0,14301031,-9413648,4887383
2009/01/07,0,16109096,-12233821,3875275
2009/01/08,0,1896000,-30222000,-28326000
2009/01/09,0,6538000,-31298732,-24760732
2009/01/12,0,9829917,-89126109,-79296192
2009/01/13,0,32012173,-52323613,-20311440
2009/01/14,0,36970668,-42490821,-5520153
2009/01/15,0,13403000,-30899122,-17496122
2009/01/16,0,4440000,-31553969,-27113969
2009/01/19,0,12488000,-13661616,-1173616
2009/01/20,0,20993000,-37563232,-16570232
2009/01/21,0,16662000,-19633000,-2971000
2009/01/22,0,0,0,0
2009/01/23,0,0,0,0
2009/01/26,0,0,0,0
2009/01/27,0,0,0,0
2009/01/28,0,0,0,0
2009/01/29,0,0,0,0
2009/01/30,0,0,0,0
2009/02/02,0,10620000,-27207800,-16587800
2009/02/03,0,10393000,-11126062,-733062
2009/02/04,0,4850000,-12684389,-7834389
2009/02/05,0,5240000,-21660000,-16420000
2009/02/06,0,14590000,-18518206,-3928206
2009/02/09,0,5144000,-40087225,-34943225
2009/02/10,0,9316000,-36421269,-27105269
2009/02/11,0,8336000,-25771616,-17435616
2009/02/12,0,12593000,-59711520,-47118520
2009/02/13,0,36616000,-56358395,-19742395
2009/02/16,0,11982000,-24226991,-12244991
2009/02/17,0,21035000,-34209418,-13174418
2009/02/18,0,12899000,-26817861,-13918861
2009/02/19,0,13701000,-25157536,-11456536
2009/02/20,0,9219100,-13106940,-3887840
2009/02/23,0,14709000,-8594000,6115000
2009/02/24,0,1800000,-25654630,-23854630
2009/02/25,0,23687000,-9615210,14071790
2009/02/26,0,16735000,-10408029,6326971
2009/02/27,0,3212378,-10693000,-7480622
2009/03/02,0,15308000,-32512935,-17204935
2009/03/03,0,7210000,-12563325,-5353325
2009/03/04,0,12337353,-40805404,-28468051
2009/03/05,0,16597000,-39746561,-23149561
2009/03/06,0,9249000,-32506284,-23257284
2009/03/09,0,5078000,-5391522,-313522
2009/03/10,0,18813000,-4267172,14545828
2009/03/11,0,27657000,-58624923,-30967923
2009/03/12,0,20926000,-25727983,-4801983
2009/03/13,0,21323000,-26454694,-5131694
2009/03/16,0,14898000,-7931000,6967000
2009/03/17,0,49110000,-21085646,28024354
2009/03/18,0,58203000,-21353005,36849995
2009/03/19,0,19318000,-11698589,7619411
2009/03/20,0,8622379,-46262152,-37639773
2009/03/23,0,15695400,-58850000,-43154600
2009/03/24,0,24367981,-15440000,8927981
2009/03/25,0,12646000,-9892747,2753253
2009/03/26,0,18117000,-15050235,3066765
2009/03/27,0,32240000,-18725019,13514981
2009/03/30,0,6342000,-10841000,-4499000
2009/03/31,0,7690000,-21586837,-13896837
2009/04/01,0,16726000,-8509000,8217000
2009/04/02,0,35109000,-15973000,19136000
2009/04/03,0,123896670,-10772670,113124000
2009/04/06,0,95773796,-20355000,75418796
2009/04/07,0,30180000,-22024335,8155665
2009/04/08,0,30581000,-67756000,-37175000
2009/04/09,0,21652000,-24149484,-2497484
2009/04/10,0,35241000,-8220000,27021000
2009/04/13,0,13280000,-3382000,9898000
2009/04/14,0,21756000,-4548000,17208000
2009/04/15,0,26767000,-11677810,15089190
2009/04/16,0,22676000,-6668406,16007594
2009/04/17,0,67625022,-40871197,26753825
2009/04/20,0,32662000,-24041000,8621000
2009/04/21,0,19275000,-38841821,-19566821
2009/04/22,0,23219000,-8028000,15191000
2009/04/23,0,5443000,-16859733,-11416733
2009/04/24,0,8722000,-11371966,-2649966
2009/04/27,0,24711773,-19926809,4784964
2009/04/28,0,20839000,-8849322,11989678
2009/04/29,0,18383000,-3593000,14790000
2009/04/30,0,28830000,-6622000,22208000
2009/05/01,0,0,0,0
2009/05/04,0,664000,-3260000,-2596000
2009/05/05,0,11351000,-391000,10960000
2009/05/06,0,164036000,-42291673,121744327
2009/05/07,0,201220519,-41924000,159296519
2009/05/08,0,38284000,-38977000,-693000
2009/05/11,0,25954140,-35873000,-9918860
2009/05/12,0,35563120,-17590000,17973120
2009/05/13,0,26084888,-61696368,-35611480
2009/05/14,0,25786000,-28451183,-2665183
2009/05/15,0,31324000,-32683649,-1359649
2009/05/18,0,25896092,-17009000,8887092
2009/05/19,0,22732000,-5733000,16999000
2009/05/20,0,10250000,-6788000,3462000
2009/05/21,0,42734000,-23223000,19511000
2009/05/22,0,12108000,-23918000,-11810000
2009/05/25,0,9819000,-12415059,-2596059
2009/05/26,0,22468000,-9008000,13460000
2009/05/27,0,23119000,-22787826,331174
2009/05/28,0,0,0,0
2009/05/29,0,0,0,0
2009/06/01,0,54138303,-34301975,19836328
2009/06/02,0,18979000,-6422000,12557000
2009/06/03,0,29033000,-16539093,12493907
2009/06/04,0,11601000,-6926000,4675000
2009/06/05,0,5694003,-7892047,-2198044
2009/06/08,0,5304000,-24286000,-18982000
2009/06/09,0,27235000,-37492925,-10257925
2009/06/10,0,12969850,-23836783,-10866933
2009/06/11,0,14242000,-10498312,3743688
2009/06/12,0,33859000,-11628880,22230120
2009/06/15,0,16699000,-17285888,-586888
2009/06/16,0,10751000,-34645510,-23894510
2009/06/17,0,15230000,-19607000,-4377000
2009/06/18,0,29920000,-12281000,17639000
2009/06/19,0,14980337,-34136002,-19155665
2009/06/22,0,12929000,-23255000,-10326000
2009/06/23,0,15859223,-20953000,-5093777
2009/06/24,0,29629000,-37239863,-7610863
2009/06/25,0,39090800,-45028900,-5938100
2009/06/26,0,22812000,-7152253,15659747
2009/06/29,0,23035000,-16499000,6536000
2009/06/30,0,10432000,-8602149,1829851
2009/07/01,0,11786000,-3958000,7828000
2009/07/02,0,14084000,-10714446,3369554
2009/07/03,0,7348000,-15945459,-8597459
2009/07/06,0,6062000,-7941000,-1879000
2009/07/07,0,8234843,-3807560,4427283
2009/07/08,0,9873000,-16948803,-7075803
2009/07/09,0,38003000,-9316000,28687000
2009/07/10,0,25109000,-2776000,22333000
2009/07/13,0,19315000,-13900000,5415000
2009/07/14,0,14430000,-22752406,-8322406
2009/07/15,0,8140000,-47809000,-39669000
2009/07/16,0,32610000,-4693000,27917000
2009/07/17,0,16430000,-4192105,12237895
2009/07/20,0,14979000,-3224953,11754047
2009/07/21,0,47234000,-7312640,39921360
2009/07/22,0,17693000,-31621000,-13928000
2009/07/23,0,10116000,-16468190,-6352190
2009/07/24,0,4551500,-15477531,-10926031
2009/07/27,0,5321000,-24657032,-19336032
2009/07/28,0,9010000,-8796000,214000
2009/07/29,0,9838358,-10199406,-361048
2009/07/30,0,13170000,-29311219,-16141219
2009/07/31,0,14578000,-52928000,-38350000
2009/08/03,0,9917000,-19995678,-10078678
2009/08/04,0,49346000,-8572000,40774000
2009/08/05,0,19132000,-59263373,-40131373
2009/08/06,0,8550000,-13231637,-4681637
2009/08/07,0,0,0,0
2009/08/10,0,8816000,-11088266,-2272266
2009/08/11,0,15574000,-24017945,-8443945
2009/08/12,0,9743000,-16347384,-6604384
2009/08/13,0,10938703,-11729000,-790297
2009/08/14,0,4910000,-4085000,825000
2009/08/17,0,7558000,-10443422,-2885422
2009/08/18,0,13070000,-12240000,830000
2009/08/19,0,4695000,-15769532,-11074532
2009/08/20,0,29853000,-34489000,-4636000
2009/08/21,0,10096000,-11606370,-1510370
2009/08/24,0,13326000,-9831000,3495000
2009/08/25,0,5863000,-8859120,-2996120
2009/08/26,0,16802000,-12239244,4562756
2009/08/27,0,10712000,-19030000,-8318000
2009/08/28,0,17822000,-13797258,4024742
2009/08/31,0,9384000,-19235159,-9851159
2009/09/01,0,18876276,-14445605,4430671
2009/09/02,0,12870000,-24219823,-11349823
2009/09/03,0,15819000,-11638000,4181000
2009/09/04,0,8685000,-16487611,-7802611
2009/09/07,0,10866000,-34208000,-23342000
2009/09/08,0,22040000,-32234000,-10194000
2009/09/09,0,24206308,-58621644,-34415336
2009/09/10,0,59012339,-93229785,-34217446
2009/09/11,0,50317000,-7997000,42320000
2009/09/14,0,30073000,-21490002,8582998
2009/09/15,0,23329986,-29524165,-6194179
2009/09/16,0,16696570,-7401617,9294953
2009/09/17,0,71541019,-11167730,60373289
2009/09/18,0,31077000,-15357000,15720000
2009/09/21,0,13762000,-8235000,5527000
2009/09/22,0,12502000,-17830000,-5328000
2009/09/23,0,32855000,-10164027,22690973
2009/09/24,0,15661692,-10599000,5062692
2009/09/25,0,36455877,-34472460,1983417
2009/09/28,0,12336000,-28791000,-16455000
2009/09/29,0,20125642,-2503000,17622642
2009/09/30,0,15624000,-13299860,2324140
2009/10/01,0,46060000,-18538000,27522000
2009/10/02,0,27930000,-11121425,16808575
2009/10/05,0,15636056,-10905725,4730331
2009/10/06,0,28151000,-9857800,18293200
2009/10/07,0,47902617,-14561000,33341617
2009/10/08,0,21196911,-7280241,13916670
2009/10/09,0,11233000,-10236000,997000
2009/10/12,0,16544000,-7499000,9045000
2009/10/13,0,16115278,-19394025,-3278747
2009/10/14,0,8019000,-7534000,485000
2009/10/15,0,22470000,-3159000,19311000
2009/10/16,0,60041000,-15297217,44743783
2009/10/19,0,8838082,-4899583,3938499
2009/10/20,0,19470624,-11150446,8320178
2009/10/21,0,21983000,-16618623,5364377
2009/10/22,0,13726240,-26541703,-12815463
2009/10/23,0,17034000,-13171010,3862990
2009/10/26,0,8974000,-1324000,7650000
2009/10/27,0,15017000,-18122033,-3105033
2009/10/28,0,5884000,-10090024,-4206024
2009/10/29,0,7413000,-22167720,-14754720
2009/10/30,0,11104365,-7794359,3310006
2009/11/02,0,7585036,-20468490,-12883454
2009/11/03,0,7709000,-8640001,-931001
2009/11/04,0,7902855,-2725025,5177830
2009/11/05,0,4532000,-8310420,-3778420
2009/11/06,0,6531000,-8455000,-1924000
2009/11/09,0,13787000,-15114366,-1327366
2009/11/10,0,17076000,-7555001,9520999
2009/11/11,0,12323000,-8381000,3942000
2009/11/12,0,12330000,-10573908,1756092
2009/11/13,0,8059000,-24926378,-16867378
2009/11/16,0,17006000,-9029000,7977000
2009/11/17,0,23950000,-28034301,-4084301
2009/11/18,0,15620500,-46905735,-31285235
2009/11/19,0,8672000,-36461055,-27789055
2009/11/20,0,6458000,-20689577,-14231577
2009/11/23,0,7860000,-13397603,-5537603
2009/11/24,0,11649000,-7073047,4575953
2009/11/25,0,15123000,-12546858,2576142
2009/11/26,0,4397000,-15608199,-11211199
2009/11/27,0,7996000,-67653531,-59657531
2009/11/30,0,14054122,-30334960,-16280838
2009/12/01,0,16386000,-20462837,-4076837
2009/12/02,0,26497000,-15130918,11366082
2009/12/03,0,56499000,-25409518,31089482
2009/12/04,0,5648000,-6497988,-849988
2009/12/07,0,4166000,-4189000,-23000
2009/12/08,0,4651000,-2471001,2179999
2009/12/09,0,5355001,-18671891,-13316890
2009/12/10,0,14416507,-16680354,-2263847
2009/12/11,0,18019000,-16476000,1543000
2009/12/14,0,4006031,-7390672,-3384641
2009/12/15,0,6596000,-14767662,-8171662
2009/12/16,0,3001000,-30125979,-27124979
2009/12/17,0,6804810,-20869779,-14064969
2009/12/18,0,4827000,-17184183,-12357183
2009/12/21,0,2698000,-13245310,-10547310
2009/12/22,0,4398000,-2491000,1907000
2009/12/23,0,17714000,-2322709,15391291
2009/12/24,0,9409000,-10330300,-921300
2009/12/25,0,3233000,-1388287,1844713
2009/12/28,0,9797000,-5807581,3989419
2009/12/29,0,4624000,-920360,3703640
2009/12/30,0,19698000,-5210104,14487896
2009/12/31,0,4474000,-968059,3505941
2010/01/01,0,0,0,0
2010/01/04,0,3726000,-1851550,1874450
2010/01/05,0,5209000,-3194491,2014509
2010/01/06,0,9301905,-4419240,4882665
2010/01/07,0,21825000,-3746803,18078197
2010/01/08,0,6963580,-2162615,4800965
2010/01/11,0,2914000,-5792000,-2878000
2010/01/12,0,12619000,-7404859,5214141
2010/01/13,0,3250000,-6919336,-3669336
2010/01/14,0,3108000,-18149673,-15041673
2010/01/15,0,1210000,-18276063,-17066063
2010/01/18,0,8642805,-9740430,-1097625
2010/01/19,0,2985000,-12023257,-9038257
2010/01/20,0,10784000,-33263941,-22479941
2010/01/21,0,10270000,-15446146,-5176146
2010/01/22,0,7545000,-23977146,-16432146
2010/01/25,0,3753300,-19353000,-15599700
2010/01/26,0,4373000,-18810000,-14437000
2010/01/27,0,7602112,-16387630,-8785518
2010/01/28,0,5793174,-6233000,-439826
2010/01/29,0,18364000,-34325481,-15961481
2010/02/01,0,7602844,-16278910,-8676066
2010/02/02,0,15038000,-31855410,-16817410
2010/02/03,0,7186100,-19700978,-12514878
2010/02/04,0,10013000,-17158441,-7145441
2010/02/05,0,18630000,-26412801,-7782801
2010/02/08,0,14670000,-15141979,-471979
2010/02/09,0,34720400,-61654144,-26933744
2010/02/10,0,15218000,-16481193,-1263193
2010/02/11,0,0,0,0
2010/02/12,0,0,0,0
2010/02/15,0,0,0,0
2010/02/16,0,0,0,0
2010/02/17,0,0,0,0
2010/02/18,0,0,0,0
2010/02/19,0,0,0,0
2010/02/22,0,15012000,-10839694,4172306
2010/02/23,0,13935542,-18739500,-4803958
2010/02/24,0,22029000,-11025500,11003500
2010/02/25,0,21988510,-32665478,-10676968
2010/02/26,0,12058000,-18712786,-6654786
2010/03/01,0,31132000,-44530936,-13398936
2010/03/02,0,20138317,-7921528,12216789
2010/03/03,0,13438000,-7110033,6327967
2010/03/04,0,21405000,-26173000,-4768000
2010/03/05,0,21733000,-7805000,13928000
2010/03/08,0,22053000,-9963870,12089130
2010/03/09,0,9988480,-6169717,3818763
2010/03/10,0,11923000,-1681434,10241566
2010/03/11,0,11762000,-20912771,-9150771
2010/03/12,0,5714000,-13169000,-7455000
2010/03/15,0,2302000,-15413000,-13111000
2010/03/16,0,1867001,-17886000,-16018999
2010/03/17,0,19350000,-25794340,-6444340
2010/03/18,0,9632000,-19418843,-9786843
2010/03/19,0,11333000,-24611298,-13278298
2010/03/22,0,10522000,-16912365,-6390365
2010/03/23,0,11414721,-30709300,-19294579
2010/03/24,0,23704324,-50843294,-27138970
2010/03/25,0,12408156,-31461159,-19053003
2010/03/26,0,22206445,-16103000,6103445
2010/03/29,0,10962886,-15662000,-4699114
2010/03/30,0,10622660,-11555000,-932340
2010/03/31,0,10276000,-8074861,2201139
2010/04/01,0,18713000,-24129263,-5416263
2010/04/02,0,12188000,-10827000,1361000
2010/04/05,0,0,0,0
2010/04/06,0,11048495,-10390913,657582
2010/04/07,0,12947230,-14841552,-1894322
2010/04/08,0,10120000,-24189095,-14069095
2010/04/09,0,18074000,-16774567,1299433
2010/04/12,0,14932690,-14622000,310690
2010/04/13,0,12044000,-20230452,-8186452
2010/04/14,0,8100000,-25960664,-17860664
2010/04/15,0,11611000,-14081069,-2470069
2010/04/16,0,2959930,-10660445,-7700515
2010/04/19,0,5820001,-29278828,-23458827
2010/04/20,0,7256715,-9835449,-2578734
2010/04/21,0,3560755,-13490053,-9929298
2010/04/22,0,663000,-18139696,-17476696
2010/04/23,0,4104000,-10552000,-6448000
2010/04/26,0,15713000,-10564000,5149000
2010/04/27,0,9233309,-13047548,-3814239
2010/04/28,0,1665000,-20124780,-18459780
2010/04/29,0,2165000,-8913000,-6748000
2010/04/30,0,18267000,-8130317,10136683
2010/05/03,0,6968000,-14334000,-7366000
2010/05/04,0,6208000,-6137002,70998
2010/05/05,0,9727890,-25219770,-15491880
2010/05/06,0,3582492,-18684000,-15101508
2010/05/07,0,13824000,-32504220,-18680220
2010/05/10,0,12248710,-37997420,-25748710
2010/05/11,0,4828000,-42618442,-37790442
2010/05/12,0,2496006,-12347000,-9850994
2010/05/13,0,17521000,-27384579,-9863579
2010/05/14,0,6363000,-6715000,-352000
2010/05/17,0,3697000,-18486169,-14789169
2010/05/18,0,7273000,-5574661,1698339
2010/05/19,0,8757005,-18761000,-10003995
2010/05/20,0,4607000,-7002000,-2395000
2010/05/21,0,7284000,-16896827,-9612827
2010/05/24,0,2706000,-10715000,-8009000
2010/05/25,0,3310000,-27691031,-24381031
2010/05/26,0,8748460,-9640000,-891540
2010/05/27,0,3290000,-8047996,-4757996
2010/05/28,0,17465000,-15884000,1581000
2010/05/31,0,11211000,-16252598,-5041598
2010/06/01,0,15412000,-21768999,-6356999
2010/06/02,0,6942147,-10714147,-3772000
2010/06/03,0,10266000,-4309000,5957000
2010/06/04,0,6137000,-7626945,-1489945
2010/06/07,0,10579692,-16297548,-5717856
2010/06/08,0,2925704,-5817000,-2891296
2010/06/09,0,12337000,-9485000,2852000
2010/06/10,0,17996000,-6296000,11700000
2010/06/11,0,20102808,-18606000,1496808
2010/06/14,0,7338164,-3303000,4035164
2010/06/15,0,14504328,-11076150,3428178
2010/06/16,0,0,0,0
2010/06/17,0,35472016,-17098856,18373160
2010/06/18,0,7747075,-1227000,6520075
2010/06/21,0,29178987,-4857573,24321414
2010/06/22,0,5606156,-9535000,-3928844
2010/06/23,0,4247413,-9119990,-4872577
2010/06/24,0,13445000,-13499725,-54725
2010/06/25,0,52907753,-18070188,34837565
2010/06/28,0,21770000,-47966361,-26196361
2010/06/29,0,44753000,-19415000,25338000
2010/06/30,0,23334000,-21862147,1471853
2010/07/01,0,2261000,-19989470,-17728470
2010/07/02,0,16475000,-36898820,-20423820
2010/07/05,0,13922000,-29392443,-15470443
2010/07/06,0,15233000,-21988436,-6755436
2010/07/07,0,8016100,-14596000,-6579900
2010/07/08,0,5658000,-32560974,-26902974
2010/07/09,0,23187579,-9603964,13583615
2010/07/12,0,24880318,-7692320,17187998
2010/07/13,0,24126000,-10927000,13199000
2010/07/14,0,22848390,-5775530,17072860
2010/07/15,0,21000000,-1922000,19078000
2010/07/16,0,28674000,-7537932,21136068
2010/07/19,0,28320000,-6104000,22216000
2010/07/20,0,15542280,-2186000,13356280
2010/07/21,0,19605000,-9948430,9656570
2010/07/22,0,13205599,-14699000,-1493401
2010/07/23,0,17911000,-12641000,5270000
2010/07/26,0,10708090,-10231000,477090
2010/07/27,0,2390887,-6248000,-3857113
2010/07/28,0,13487000,-17488000,-4001000
2010/07/29,0,13820000,-2547289,11272711
2010/07/30,0,3620000,-6229252,-2609252
2010/08/02,0,23754000,-4214635,19539365
2010/08/03,0,5655000,-1839000,3816000
2010/08/04,0,5493000,-2768070,2724930
2010/08/05,0,4204000,-7185106,-2981106
2010/08/06,0,6593000,-1345000,5248000
2010/08/09,0,30409000,-1419000,28990000
2010/08/10,0,11164000,-7318074,3845926
2010/08/11,0,5226000,-3247142,1978858
2010/08/12,0,11619000,-10186000,1433000
2010/08/13,0,28428339,-10865945,17562394
2010/08/16,0,11733000,-5449000,6284000
2010/08/17,0,12817000,-3201000,9616000
2010/08/18,0,12444000,-37292000,-24848000
2010/08/19,0,18535500,-27662719,-9127219
2010/08/20,0,5893000,-5346000,547000
2010/08/23,0,10723000,-1543000,9180000
2010/08/24,0,17517000,-14666001,2850999
2010/08/25,0,7516000,-17657000,-10141000
2010/08/26,0,1498000,-13688000,-12190000
2010/08/27,0,6932000,-21497000,-14565000
2010/08/30,0,3908186,-16311000,-12402814
2010/08/31,0,24896853,-22416778,2480075
2010/09/01,0,14530000,-19131836,-4601836
2010/09/02,0,29818000,-3879617,25938383
2010/09/03,0,26821000,-6894000,19927000
2010/09/06,0,11314000,-5354000,5960000
2010/09/07,0,3919650,-2742850,1176800
2010/09/08,0,3481550,-2935496,546054
2010/09/09,0,6061424,-3487123,2574301
2010/09/10,0,4833410,-1151000,3682410
2010/09/13,0,25846000,-3418000,22428000
2010/09/14,0,6591000,-4437000,2154000
2010/09/15,0,8279464,-5918398,2361066
2010/09/16,0,14303000,-6959000,7344000
2010/09/17,0,10970000,-13259633,-2289633
2010/09/20,0,4873000,-4891000,-18000
2010/09/21,0,14225000,-9795000,4430000
2010/09/22,0,0,0,0
2010/09/23,0,12181032,-8233268,3947764
2010/09/24,0,11429210,-15991000,-4561790
2010/09/27,0,6847340,-9387000,-2539660
2010/09/28,0,6681290,-2701400,3979890
2010/09/29,0,12935360,-11367332,1568028
2010/09/30,0,9757000,-9483000,274000
2010/10/01,0,3053310,-8195000,-5141690
2010/10/04,0,11398755,-4239000,7159755
2010/10/05,0,8895420,-7379187,1516233
2010/10/06,0,8185996,-9171000,-985004
2010/10/07,0,5176640,-7465339,-2288699
2010/10/08,0,13724620,-4083122,9641498
2010/10/11,0,25384680,-8726989,16657691
2010/10/12,0,24733583,-7128761,17604822
2010/10/13,0,20784140,-5125060,15659080
2010/10/14,0,24563300,-3067000,21496300
2010/10/15,0,17014130,-2394727,14619403
2010/10/18,0,45382000,-14724377,30657623
2010/10/19,0,26203000,-16909004,9293996
2010/10/20,0,23154000,-14700104,8453896
2010/10/21,0,25328000,-19382354,5945646
2010/10/22,0,20592892,-10457699,10135193
2010/10/25,0,11750200,-13930575,-2180375
2010/10/26,0,20551559,-27720813,-7169254
2010/10/27,0,4999360,-18555837,-13556477
2010/10/28,0,21547368,-40646903,-19099535
2010/10/29,0,11545000,-26646841,-15101841
2010/11/01,0,14821000,-26812703,-11991703
2010/11/02,0,6392000,-10896791,-4504791
2010/11/03,0,7808000,-2636000,5172000
2010/11/04,0,11740000,-2968184,8771816
2010/11/05,0,10760764,-11806901,-1046137
2010/11/08,0,4341000,-2976567,1364433
2010/11/09,0,5904000,-12705261,-6801261
2010/11/10,0,7992000,-18412303,-10420303
2010/11/11,0,7723000,-6104256,1618744
2010/11/12,0,22073000,-15199812,6873188
2010/11/15,0,3784134,-6199736,-2415602
2010/11/16,0,10462816,-15541856,-5079040
2010/11/17,0,2851000,-12495000,-9644000
2010/11/18,0,2826304,-7215970,-4389666
2010/11/19,0,7446924,-14477825,-7030901
2010/11/22,0,4657790,-10202120,-5544330
2010/11/23,0,1581740,-39030490,-37448750
2010/11/24,0,5715000,-13050745,-7335745
2010/11/25,0,9484000,-6584000,2900000
2010/11/26,0,20145000,-43531956,-23386956
2010/11/29,0,7890000,-34929830,-27039830
2010/11/30,0,19542166,-48187255,-28645089
2010/12/01,0,30817000,-30663376,153624
2010/12/02,0,29628000,-13094005,16533995
2010/12/03,0,30433900,-3490336,26943564
2010/12/06,0,12089200,-14501276,-2412076
2010/12/07,0,8919110,-24166700,-15247590
2010/12/08,0,16627912,-14936122,1691790
2010/12/09,0,20366000,-4748000,15618000
2010/12/10,0,19582275,-2472106,17110169
2010/12/13,0,2055000,-1819000,236000
2010/12/14,0,10117000,-4925000,5192000
2010/12/15,0,7404100,-14289997,-6885897
2010/12/16,0,23286000,-15270000,8016000
2010/12/17,0,43677000,-9707647,33969353
2010/12/20,0,42639840,-6319000,36320840
2010/12/21,0,27765000,-10777906,16987094
2010/12/22,0,10199000,-3104650,7094350
2010/12/23,0,4623019,-4306178,316841
2010/12/24,0,4714000,-7174357,-2460357
2010/12/27,0,7399000,-419000,6980000
2010/12/28,0,7772000,-1369000,6403000
2010/12/29,0,14221070,-5456640,8764430
2010/12/30,0,15412000,-9932000,5480000
2010/12/31,0,6175000,-2294870,3880130
2011/01/03,0,6682000,-3897969,2784031
2011/01/04,0,9842000,-8694276,1147724
2011/01/05,0,16551000,-11576684,4974316
2011/01/06,0,18804000,-12613664,6190336
2011/01/07,0,37101514,-8118267,28983247
2011/01/10,0,14209000,-12284218,1924782
2011/01/11,0,14256000,-12857842,1398158
2011/01/12,0,33687616,-9596304,24091312
2011/01/13,0,140715817,-8285033,132430784
2011/01/14,0,59262000,-8998800,50263200
2011/01/17,0,21687826,-3037000,18650826
2011/01/18,0,39816000,-9120180,30695820
2011/01/19,0,23672000,-3550502,20121498
2011/01/20,0,54567322,-13485768,41081554
2011/01/21,0,44905000,-28027048,16877952
2011/01/24,0,42260000,-10878000,31382000
2011/01/25,0,44693000,-13180768,31512232
2011/01/26,0,35940000,-33476737,2463263
2011/01/27,0,40662000,-22410599,18251401
2011/01/28,0,39095280,-20115000,18980280
2011/01/31,0,0,0,0
2011/02/01,0,0,0,0
2011/02/02,0,0,0,0
2011/02/03,0,0,0,0
2011/02/04,0,0,0,0
2011/02/07,0,0,0,0
2011/02/08,0,32117000,-39871000,-7754000
2011/02/09,0,31932000,-35712296,-3780296
2011/02/10,0,35487000,-31378695,4108305
2011/02/11,0,62566000,-43787323,18778677
2011/02/14,0,40686000,-33791760,6894240
2011/02/15,0,34426000,-16347124,18078876
2011/02/16,0,27934077,-11082000,16852077
2011/02/17,0,13809000,-18929960,-5120960
2011/02/18,0,31699000,-11772419,19926581
2011/02/21,0,15133735,-10563093,4570642
2011/02/22,0,18715999,-17250000,1465999
2011/02/23,0,23492893,-20088215,3404678
2011/02/24,0,34062100,-14376280,19685820
2011/02/25,0,22691000,-25580008,-2889008
2011/02/28,0,0,0,0
2011/03/01,0,15445416,-7319000,8126416
2011/03/02,0,17156706,-14171000,2985706
2011/03/03,0,22753000,-28222000,-5469000
2011/03/04,0,28105680,-10081581,18024099
2011/03/07,0,15045000,-6437691,8607309
2011/03/08,0,28093000,-20376400,7716600
2011/03/09,0,34394323,-5338134,29056189
2011/03/10,0,36818000,-21970160,14847840
2011/03/11,0,40762000,-21188803,19573197
2011/03/14,0,32694900,-16861000,15833900
2011/03/15,0,11089832,-22152540,-11062708
2011/03/16,0,33578000,-22759626,10818374
2011/03/17,0,33795000,-15221190,18573810
2011/03/18,0,25458000,-23371462,2086538
2011/03/21,0,6002000,-12357904,-6355904
2011/03/22,0,3605000,-7323864,-3718864
2011/03/23,0,13063000,-5736000,7327000
2011/03/24,0,26096000,-15813793,10282207
2011/03/25,0,28124845,-6715000,21409845
2011/03/28,0,25953000,-15340000,10613000
2011/03/29,0,12842000,-9065605,3776395
2011/03/30,0,22774200,-8664796,14109404
2011/03/31,0,17005568,-15772328,1233240
2011/04/01,0,15916845,-19752907,-3836062
2011/04/04,0,0,0,0
2011/04/05,0,0,0,0
2011/04/06,0,56229867,-54138655,2091212
2011/04/07,0,30468299,-21133286,9335013
2011/04/08,0,18147288,-9265000,8882288
2011/04/11,0,40494731,-30219253,10275478
2011/04/12,0,7281254,-9697435,-2416181
2011/04/13,0,14116000,-17342828,-3226828
2011/04/14,0,33253747,-37389364,-4135617
2011/04/15,0,9669000,-9275904,393096
2011/04/18,0,29538000,-32437409,-2899409
2011/04/19,0,2262000,-12445000,-10183000
2011/04/20,0,10576029,-15998000,-5421971
2011/04/21,0,29598407,-26205635,3392772
2011/04/22,0,7045000,-14953000,-7908000
2011/04/25,0,18174000,-21382000,-3208000
2011/04/26,0,13437395,-9790400,3646995
2011/04/27,0,26254200,-9319500,16934700
2011/04/28,0,18147937,-8908600,9239337
2011/04/29,0,13469163,-6576900,6892263
2011/05/02,0,0,0,0
2011/05/03,0,14300135,-6991200,7308935
2011/05/04,0,6638000,-19060000,-12422000
2011/05/05,0,5266000,-3532472,1733528
2011/05/06,0,9965392,-10662977,-697585
2011/05/09,0,16292000,-14781157,1510843
2011/05/10,0,10026000,-8947794,1078206
2011/05/11,0,9920000,-7671000,2249000
2011/05/12,0,20921000,-56563344,-35642344
2011/05/13,0,8183000,-53823272,-45640272
2011/05/16,0,6575000,-14564200,-7989200
2011/05/17,0,5478000,-15785000,-10307000
2011/05/18,0,8954000,-18813000,-9859000
2011/05/19,0,20268000,-27545913,-7277913
2011/05/20,0,8946000,-11933000,-2987000
2011/05/23,0,10233000,-10498306,-265306
2011/05/24,0,6496000,-18277713,-11781713
2011/05/25,0,14623000,-30762750,-16139750
2011/05/26,0,1878256,-17589269,-15711013
2011/05/27,0,18812000,-13461556,5350444
2011/05/30,0,8167000,-7899000,268000
2011/05/31,0,32267000,-10828442,21438558
2011/06/01,0,13562600,-5015439,8547161
2011/06/02,0,10583000,-3088710,7494290
2011/06/03,0,8745000,-1696607,7048393
2011/06/06,0,0,0,0
2011/06/07,0,11791215,-8153848,3637367
2011/06/08,0,9207000,-12136576,-2929576
2011/06/09,0,10456635,-5505336,4951299
2011/06/10,0,8371409,-17095345,-8723936
2011/06/13,0,2395000,-8844228,-6449228
2011/06/14,0,14125000,-9615535,4509465
2011/06/15,0,19790000,-16212468,3577532
2011/06/16,0,10913672,-5197900,5715772
2011/06/17,0,3952702,-8447600,-4494898
2011/06/20,0,6115000,-8264814,-2149814
2011/06/21,0,11506026,-11654653,-148627
2011/06/22,0,10818000,-20070000,-9252000
2011/06/23,0,10647600,-20500581,-9852981
2011/06/24,0,6282000,-7545565,-1263565
2011/06/27,0,16909000,-18440798,-1531798
2011/06/28,0,18568165,-26870923,-8302758
2011/06/29,0,8885000,-5200000,3685000
2011/06/30,0,16687000,-9109000,7578000
2011/07/01,0,17178631,-4117000,13061631
2011/07/04,0,5604211,-3728862,1875349
2011/07/05,0,12728356,-3660000,9068356
2011/07/06,0,9949489,-6613000,3336489
2011/07/07,0,7212576,-3760000,3452576
2011/07/08,0,9704030,-3977914,5726116
2011/07/11,0,21673496,-4081000,17592496
2011/07/12,0,23156801,-10884000,12272801
2011/07/13,0,3935358,-4087000,-151642
2011/07/14,0,10821117,-7278052,3543065
2011/07/15,0,12492294,-13339000,-846706
2011/07/18,0,21308364,-10241277,11067087
2011/07/19,0,17880000,-17841228,38772
2011/07/20,0,5666850,-7489590,-1822740
2011/07/21,0,8723368,-3222664,5500704
2011/07/22,0,9666955,-4111000,5555955
2011/07/25,0,4502037,-4760000,-257963
2011/07/26,0,14399920,-6792000,7607920
2011/07/27,0,12281418,-10191962,2089456
2011/07/28,0,5211780,-15434010,-10222230
2011/07/29,0,8532739,-11402944,-2870205
2011/08/01,0,13243759,-11431000,1812759
2011/08/02,0,11496637,-7790900,3705737
2011/08/03,0,7271424,-15618300,-8346876
2011/08/04,0,7473127,-17177804,-9704677
2011/08/05,0,13907033,-25855302,-11948269
2011/08/08,0,5683134,-41062862,-35379728
2011/08/09,0,8669336,-52364077,-43694741
2011/08/10,0,14558500,-36653182,-22094682
2011/08/11,0,8094000,-25529794,-17435794
2011/08/12,0,3623000,-28085876,-24462876
2011/08/15,0,6234055,-9428000,-3193945
2011/08/16,0,4982000,-9518899,-4536899
2011/08/17,0,8307147,-23505600,-15198453
2011/08/18,0,6368680,-14951752,-8583072
2011/08/19,0,6214469,-12194000,-5979531
2011/08/22,0,9651387,-5402823,4248564
2011/08/23,0,7867000,-7346589,520411
2011/08/24,0,9911482,-13415000,-3503518
2011/08/25,0,8557367,-10311540,-1754173
2011/08/26,0,9869167,-4657000,5212167
2011/08/29,0,9711000,-4677400,5033600
2011/08/30,0,4900029,-9788000,-4887971
2011/08/31,0,6870775,-10798000,-3927225
2011/09/01,0,22112415,-18122568,3989847
2011/09/02,0,8325762,-10766000,-2440238
2011/09/05,0,9877000,-13624272,-3747272
2011/09/06,0,11317394,-20898757,-9581363
2011/09/07,0,21356734,-11480000,9876734
2011/09/08,0,13244994,-12464026,780968
2011/09/09,0,9709000,-5671961,4037039
2011/09/12,0,0,0,0
2011/09/13,0,8813603,-52131768,-43318165
2011/09/14,0,34155537,-42197877,-8042340
2011/09/15,0,25898000,-54294037,-28396037
2011/09/16,0,21440000,-37696704,-16256704
2011/09/19,0,11936167,-16599000,-4662833
2011/09/20,0,9875117,-24763000,-14887883
2011/09/21,0,18357018,-41922000,-23564982
2011/09/22,0,5961618,-34860743,-28899125
2011/09/23,0,12840054,-24575367,-11735313
2011/09/26,0,5132686,-8547000,-3414314
2011/09/27,0,14466889,-16801763,-2334874
2011/09/28,0,17042121,-22310259,-5268138
2011/09/29,0,11800360,-6107800,5692560
2011/09/30,0,23223000,-15257939,7965061
2011/10/03,0,5275353,-24690069,-19414716
2011/10/04,0,17779000,-9428000,8351000
2011/10/05,0,13711813,-8780041,4931772
2011/10/06,0,20433000,-16768070,3664930
2011/10/07,0,27841000,-16885000,10956000
2011/10/10,0,0,0,0
2011/10/11,0,26119000,-19582154,6536846
2011/10/12,0,5518000,-7950000,-2432000
2011/10/13,0,7999207,-8534000,-534793
2011/10/14,0,7409014,-13794353,-6385339
2011/10/17,0,9583222,-14959578,-5376356
2011/10/18,0,6332362,-15096142,-8763780
2011/10/19,0,6657111,-8644695,-1987584
2011/10/20,0,9684719,-15396896,-5712177
2011/10/21,0,10568253,-21038010,-10469757
2011/10/24,0,22655533,-10340726,12314807
2011/10/25,0,14173665,-11462000,2711665
2011/10/26,0,10919000,-29740000,-18821000
2011/10/27,0,11812075,-28321792,-16509717
2011/10/28,0,27328086,-24312885,3015201
2011/10/31,0,16570000,-14896036,1673964
2011/11/01,0,10919000,-5767283,5151717
2011/11/02,0,12802000,-25394859,-12592859
2011/11/03,0,8595000,-25443006,-16848006
2011/11/04,0,17352000,-13573811,3778189
2011/11/07,0,2327000,-4733000,-2406000
2011/11/08,0,6243627,-7940410,-1696783
2011/11/09,0,4872812,-14463786,-9590974
2011/11/10,0,6964805,-26302000,-19337195
2011/11/11,0,8602000,-20836096,-12234096
2011/11/14,0,5950000,-19586437,-13636437
2011/11/15,0,14840000,-28167584,-13327584
2011/11/16,0,10892000,-54384203,-43492203
2011/11/17,0,13696906,-23690165,-9993259
2011/11/18,0,7570000,-11040010,-3470010
2011/11/21,0,6435604,-25136522,-18700918
2011/11/22,0,7413000,-13156006,-5743006
2011/11/23,0,3696526,-10433614,-6737088
2011/11/24,0,6567000,-7409701,-842701
2011/11/25,0,27950000,-13513770,14436230
2011/11/28,0,8838862,-13116936,-4278074
2011/11/29,0,24359509,-13411456,10948053
2011/11/30,0,26937278,-22638778,4298500
2011/12/01,0,13137000,-4284759,8852241
2011/12/02,0,35532000,-4783000,30749000
2011/12/05,0,32178000,-47407890,-15229890
2011/12/06,0,16479000,-15802596,676404
2011/12/07,0,18291000,-12909438,5381562
2011/12/08,0,37584000,-22158419,15425581
2011/12/09,0,44993952,-9561927,35432025
2011/12/12,0,51502000,-19378079,32123921
2011/12/13,0,37772000,-50193275,-12421275
2011/12/14,0,26199000,-26851280,-652280
2011/12/15,0,14742001,-21664905,-6922904
2011/12/16,0,25985000,-20916261,5068739
2011/12/19,0,12837090,-20516377,-7679287
2011/12/20,0,9834000,-25350659,-15516659
2011/12/21,0,3512000,-8180284,-4668284
2011/12/22,0,32766000,-25166297,7599703
2011/12/23,0,22952000,-12698071,10253929
2011/12/26,0,1135000,-1625000,-490000
2011/12/27,0,13228000,-3458127,9769873
2011/12/28,0,14128662,-7072662,7056000
2011/12/29,0,16375000,-29185055,-12810055
2011/12/30,0,12895170,-6007000,6888170
2012/01/02,0,10861000,-3045000,7816000
2012/01/03,0,14813041,-1758168,13054873
2012/01/04,0,28337000,-15096748,13240252
2012/01/05,0,16573000,-15478974,1094026
2012/01/06,0,18382359,-27767828,-9385469
2012/01/09,0,11590000,-14136709,-2546709
2012/01/10,0,20442000,-14484111,5957889
2012/01/11,0,6047000,-15590000,-9543000
2012/01/12,0,15943000,-4756768,11186232
2012/01/13,0,21580000,-7456000,14124000
2012/01/16,0,11509000,-29555837,-18046837
2012/01/17,0,12080000,-33338940,-21258940
2012/01/18,0,20086114,-52738404,-32652290
2012/01/19,0,0,0,0
2012/01/20,0,0,0,0
2012/01/23,0,0,0,0
2012/01/24,0,0,0,0
2012/01/25,0,0,0,0
2012/01/26,0,0,0,0
2012/01/27,0,0,0,0
2012/01/30,0,48788181,-33309658,15478523
2012/01/31,0,30261986,-26107062,4154924
2012/02/01,0,10053000,-5698553,4354447
2012/02/02,0,31639000,-9766319,21872681
2012/02/03,0,5821000,-21319605,-15498605
2012/02/06,0,18278000,-11048641,7229359
2012/02/07,0,8759000,-21247727,-12488727
2012/02/08,0,16667000,-6635653,10031347
2012/02/09,0,7618000,-9776655,-2158655
2012/02/10,0,9257817,-7139821,2117996
2012/02/13,0,7416000,-9527599,-2111599
2012/02/14,0,10155678,-28271100,-18115422
2012/02/15,0,28322359,-28836888,-514529
2012/02/16,0,11247000,-11989254,-742254
2012/02/17,0,13059000,-14106487,-1047487
2012/02/20,0,2722000,-12870419,-10148419
2012/02/21,0,6481899,-17184514,-10702615
2012/02/22,0,18728000,-47143303,-28415303
2012/02/23,0,3810000,-6944310,-3134310
2012/02/24,0,21649648,-11259000,10390648
2012/02/27,0,0,0,0
2012/02/28,0,0,0,0
2012/02/29,0,24225684,-15522160,8703524
2012/03/01,0,5761949,-8241758,-2479809
2012/03/02,0,5992965,-7647253,-1654288
2012/03/05,0,2537000,-10884847,-8347847
2012/03/06,0,15829000,-17578671,-1749671
2012/03/07,0,6616000,-5466000,1150000
2012/03/08,0,10452246,-8908982,1543264
2012/03/09,0,6799000,-6153000,646000
2012/03/12,0,2741000,-5415096,-2674096
2012/03/13,0,18176000,-25619569,-7443569
2012/03/14,0,14286825,-13912689,374136
2012/03/15,0,10555000,-8632015,1922985
2012/03/16,0,11404000,-29952090,-18548090
2012/03/19,0,13062000,-9283000,3779000
2012/03/20,0,4565000,-9178956,-4613956
2012/03/21,0,14821420,-9749815,5071605
2012/03/22,0,14789044,-3847306,10941738
2012/03/23,0,11987000,-1712714,10274286
2012/03/26,0,12336653,-18214854,-5878201
2012/03/27,0,7903000,-5785335,2117665
2012/03/28,0,5328000,-3796234,1531766
2012/03/29,0,8637000,-17825142,-9188142
2012/03/30,0,12588530,-17267147,-4678617
2012/04/02,0,9132000,-7148469,1983531
2012/04/03,0,17397267,-8222543,9174724
2012/04/04,0,0,0,0
2012/04/05,0,6897000,-12250207,-5353207
2012/04/06,0,2596705,-10456798,-7860093
2012/04/09,0,1308000,-17236135,-15928135
2012/04/10,0,14629038,-9853133,4775905
2012/04/11,0,7946000,-12051186,-4105186
2012/04/12,0,9907697,-8916936,990761
2012/04/13,0,10559716,-10280108,279608
2012/04/16,0,1835000,-4651016,-2816016
2012/04/17,0,13550000,-15348597,-1798597
2012/04/18,0,9012236,-10903244,-1891008
2012/04/19,0,20794599,-11823454,8971145
2012/04/20,0,11962000,-13623395,-1661395
2012/04/23,0,14708089,-14650005,58084
2012/04/24,0,10548000,-11872956,-1324956
2012/04/25,0,5295000,-18242056,-12947056
2012/04/26,0,7568000,-6515000,1053000
2012/04/27,0,14897309,-7200347,7696962
2012/04/30,0,16776000,-6849194,9926806
2012/05/01,0,0,0,0
2012/05/02,0,15626000,-7611326,8014674
2012/05/03,0,5779000,-1587647,4191353
2012/05/04,0,10830000,-4991570,5838430
2012/05/07,0,6830000,-17693138,-10863138
2012/05/08,0,7203000,-5281073,1921927
2012/05/09,0,11722000,-13610162,-1888162
2012/05/10,0,17176821,-7209955,9966866
2012/05/11,0,8103439,-11658039,-3554600
2012/05/14,0,3715000,-4284371,-569371
2012/05/15,0,8793000,-12653806,-3860806
2012/05/16,0,9765713,-31408385,-21642672
2012/05/17,0,14446000,-49933904,-35487904
2012/05/18,0,6006386,-21351497,-15345111
2012/05/21,0,2291000,-5467013,-3176013
2012/05/22,0,4438000,-15307634,-10869634
2012/05/23,0,6617945,-23431926,-16813981
2012/05/24,0,6212000,-42890000,-36678000
2012/05/25,0,4815000,-24591161,-19776161
2012/05/28,0,8661000,-19322919,-10661919
2012/05/29,0,16419000,-6328324,10090676
2012/05/30,0,17456000,-38895763,-21439763
2012/05/31,0,15110736,-38587906,-23477170
2012/06/01,0,5737000,-9444560,-3707560
2012/06/04,0,7671624,-12893442,-5221818
2012/06/05,0,8319000,-7817311,501689
2012/06/06,0,7570000,-6186000,1384000
2012/06/07,0,13965143,-7711582,6253561
2012/06/08,0,10343939,-9819081,524858
2012/06/11,0,7554831,-4596000,2958831
2012/06/12,0,4228000,-8257000,-4029000
2012/06/13,0,6240058,-20408997,-14168939
2012/06/14,0,7581620,-29317119,-21735499
2012/06/15,0,19345827,-19905883,-560056
2012/06/18,0,12583588,-9850733,2732855
2012/06/19,0,12548280,-11538108,1010172
2012/06/20,0,12339930,-14355152,-2015222
2012/06/21,0,5218427,-7756851,-2538424
2012/06/22,0,9762593,-20504538,-10741945
2012/06/25,0,5656000,-17225940,-11569940
2012/06/26,0,7436000,-12187016,-4751016
2012/06/27,0,6241000,-13643653,-7402653
2012/06/28,0,6984237,-19597997,-12613760
2012/06/29,0,13641097,-12985350,655747
2012/07/02,0,6083000,-27579000,-21496000
2012/07/03,0,27263713,-33039989,-5776276
2012/07/04,0,11475597,-18567000,-7091403
2012/07/05,0,24162000,-19071905,5090095
2012/07/06,0,7941000,-14131861,-6190861
2012/07/09,0,5376000,-6242610,-866610
2012/07/10,0,5833965,-11202367,-5368402
2012/07/11,0,19289000,-12405768,6883232
2012/07/12,0,13742209,-16716000,-2973791
2012/07/13,0,8776666,-4285516,4491150
2012/07/16,0,11453000,-10538721,914279
2012/07/17,0,18637000,-8998247,9638753
2012/07/18,0,16945000,-15068713,1876287
2012/07/19,0,15452000,-3679821,11772179
2012/07/20,0,8414000,-9280151,-866151
2012/07/23,0,4323000,-9639291,-5316291
2012/07/24,0,4214000,-4164461,49539
2012/07/25,0,1782000,-22618948,-20836948
2012/07/26,0,7537000,-15169572,-7632572
2012/07/27,0,11506000,-6699392,4806608
2012/07/30,0,20696306,-12706887,7989419
2012/07/31,0,22241767,-18102741,4139026
2012/08/01,0,19669000,-26616638,-6947638
2012/08/02,0,0,0,0
2012/08/03,0,11098832,-17126369,-6027537
2012/08/06,0,21972000,-11726396,10245604
2012/08/07,0,15045222,-10087850,4957372
2012/08/08,0,11203783,-8123010,3080773
2012/08/09,0,16573000,-6411020,10161980
2012/08/10,0,8560000,-13275032,-4715032
2012/08/13,0,8846000,-11172546,-2326546
2012/08/14,0,8992000,-26894329,-17902329
2012/08/15,0,7005548,-23691314,-16685766
2012/08/16,0,11605000,-22222000,-10617000
2012/08/17,0,2171000,-18186310,-16015310
2012/08/20,0,1096000,-977000,119000
2012/08/21,0,11758632,-8169087,3589545
2012/08/22,0,6945897,-1858000,5087897
2012/08/23,0,4230405,-5571000,-1340595
2012/08/24,0,1628000,-6065525,-4437525
2012/08/27,0,15690449,-15767675,-77226
2012/08/28,0,7362993,-6485058,877935
2012/08/29,0,2876000,-2300556,575444
2012/08/30,0,20498000,-13581655,6916345
2012/08/31,0,11832684,-12598322,-765638
2012/09/03,0,7975000,-9629000,-1654000
2012/09/04,0,10292000,-9475859,816141
2012/09/05,0,4873000,-15750000,-10877000
2012/09/06,0,3840000,-9756822,-5916822
2012/09/07,0,6827000,-12660453,-5833453
2012/09/10,0,4855000,-18355101,-13500101
2012/09/11,0,2522000,-2383118,138882
2012/09/12,0,8938000,-14069451,-5131451
2012/09/13,0,12234000,-21138577,-8904577
2012/09/14,0,25406000,-18105721,7300279
2012/09/17,0,19908000,-14178299,5729701
2012/09/18,0,13053000,-6924525,6128475
2012/09/19,0,21267000,-18126634,3140366
2012/09/20,0,4982000,-9154888,-4172888
2012/09/21,0,19339078,-11928527,7410551
2012/09/24,0,4103662,-5783886,-1680224
2012/09/25,0,9341000,-6137000,3204000
2012/09/26,0,9530000,-8965959,564041
2012/09/27,0,12366000,-6389969,5976031
2012/09/28,0,13913404,-6915663,6997741
2012/10/01,0,6559000,-5818649,740351
2012/10/02,0,6675000,-7865672,-1190672
2012/10/03,0,4374000,-1914657,2459343
2012/10/04,0,10135000,-2116000,8019000
2012/10/05,0,6730000,-8737216,-2007216
2012/10/08,0,5318800,-12768642,-7449842
2012/10/09,0,10854000,-17840736,-6986736
2012/10/10,0,0,0,0
2012/10/11,0,11273000,-29963502,-18690502
2012/10/12,0,11394000,-16604000,-5210000
2012/10/15,0,8671000,-5798000,2873000
2012/10/16,0,10320000,-10302000,18000
2012/10/17,0,7799000,-18077543,-10278543
2012/10/18,0,5481000,-5314000,167000
2012/10/19,0,7656216,-11169849,-3513633
2012/10/22,0,3605000,-5885584,-2280584
2012/10/23,0,2438300,-7645340,-5207040
2012/10/24,0,3419000,-9268287,-5849287
2012/10/25,0,4163832,-18092686,-13928854
2012/10/26,0,3995000,-15054360,-11059360
2012/10/29,0,5499500,-6824016,-1324516
2012/10/30,0,9470000,-10307279,-837279
2012/10/31,0,13062000,-10430194,2631806
2012/11/01,0,8391000,-17127508,-8736508
2012/11/02,0,8390000,-9177025,-787025
2012/11/05,0,3816000,-18965842,-15149842
2012/11/06,0,5449000,-19365000,-13916000
2012/11/07,0,11551000,-30133695,-18582695
2012/11/08,0,8525000,-22454900,-13929900
2012/11/09,0,8355000,-30613373,-22258373
2012/11/12,0,4447000,-11077530,-6630530
2012/11/13,0,1659000,-10002000,-8343000
2012/11/14,0,3876000,-12177514,-8301514
2012/11/15,0,9870000,-20361216,-10491216
2012/11/16,0,10232000,-19872414,-9640414
2012/11/19,0,9256056,-25447445,-16191389
2012/11/20,0,1453000,-9056477,-7603477
2012/11/21,0,9149000,-12125000,-2976000
2012/11/22,0,12639000,-2575000,10064000
2012/11/23,0,20677000,-16906300,3770700
2012/11/26,0,14713000,-13156287,1556713
2012/11/27,0,26023000,-5868893,20154107
2012/11/28,0,21823200,-5803788,16019412
2012/11/29,0,21493000,-17477800,4015200
2012/11/30,0,30037416,-12839223,17198193
2012/12/03,0,10083608,-14749291,-4665683
2012/12/04,0,8734994,-10653000,-1918006
2012/12/05,0,15162000,-10052788,5109212
2012/12/06,0,9605000,-8435007,1169993
2012/12/07,0,9678000,-8282590,1395410
2012/12/10,0,12738000,-7836000,4902000
2012/12/11,0,17424862,-21422001,-3997139
2012/12/12,0,17576000,-15979962,1596038
2012/12/13,0,16255598,-13080000,3175598
2012/12/14,0,10643459,-7140000,3503459
2012/12/17,0,7924000,-11539449,-3615449
2012/12/18,0,13543000,-12932919,610081
2012/12/19,0,30035000,-7356296,22678704
2012/12/20,0,22689140,-25788506,-3099366
2012/12/21,0,3088000,-9650492,-6562492
2012/12/24,0,2758000,-2062417,695583
2012/12/25,0,5781000,-150000,5631000
2012/12/26,0,3565000,-1504000,2061000
2012/12/27,0,6234591,-10330576,-4095985
2012/12/28,0,11176000,-20607576,-9431576
2012/12/31,0,0,0,0
2013/01/01,0,0,0,0
2013/01/02,0,15960774,-9296493,6664281
2013/01/03,0,10617500,-73211419,-62593919
2013/01/04,0,11631000,-50530452,-38899452
2013/01/07,0,6021000,-29277248,-23256248
2013/01/08,0,4477000,-26906000,-22429000
2013/01/09,0,7278325,-109768396,-102490071
2013/01/10,0,22389000,-84575752,-62186752
2013/01/11,0,4940000,-78325394,-73385394
2013/01/14,0,7849204,-22833807,-14984603
2013/01/15,0,8668008,-8788961,-120953
2013/01/16,0,6381256,-22115638,-15734382
2013/01/17,0,3972000,-46086413,-42114413
2013/01/18,0,8808000,-11769111,-2961111
2013/01/21,0,2475000,-9893000,-7418000
2013/01/22,0,7655000,-16594591,-8939591
2013/01/23,0,7277000,-15167789,-7890789
2013/01/24,0,8487013,-18603746,-10116733
2013/01/25,0,6820765,-20481994,-13661229
2013/01/28,0,8247000,-26735908,-18488908
2013/01/29,0,12730800,-23417949,-10687149
2013/01/30,0,15429594,-24532540,-9102946
2013/01/31,0,15571009,-26071705,-10500696
2013/02/01,0,20168543,-14209783,5958760
2013/02/04,0,25267601,-4652526,20615075
2013/02/05,0,21153000,-7872598,13280402
2013/02/06,0,8879000,-7183128,1695872
2013/02/07,0,0,0,0
2013/02/08,0,0,0,0
2013/02/11,0,0,0,0
2013/02/12,0,0,0,0
2013/02/13,0,0,0,0
2013/02/14,0,0,0,0
2013/02/15,0,0,0,0
2013/02/18,0,12920000,-14491509,-1571509
2013/02/19,0,9581000,-9788324,-207324
2013/02/20,0,11396149,-7745444,3650705
2013/02/21,0,11828000,-15344995,-3516995
2013/02/22,0,9240000,-7718819,1521181
2013/02/25,0,8511000,-9250609,-739609
2013/02/26,0,5167000,-9100680,-3933680
2013/02/27,0,9547240,-5788523,3758717
2013/02/28,0,0,0,0
2013/03/01,0,4860000,-6156195,-1296195
2013/03/04,0,2969000,-14302000,-11333000
2013/03/05,0,6937000,-9848000,-2911000
2013/03/06,0,9635000,-1801143,7833857
2013/03/07,0,24470000,-17080187,7389813
2013/03/08,0,23193200,-15849271,7343929
2013/03/11,0,20700000,-8482868,12217132
2013/03/12,0,14747000,-19121904,-4374904
2013/03/13,0,15311000,-5533400,9777600
2013/03/14,0,4798000,-14234069,-9436069
2013/03/15,0,17417350,-20823322,-3405972
2013/03/18,0,19752000,-8944031,10807969
2013/03/19,0,13153000,-14225004,-1072004
2013/03/20,0,16310000,-21530457,-5220457
2013/03/21,0,7291356,-8766000,-1474644
2013/03/22,0,11730163,-9898348,1831815
2013/03/25,0,6979000,-4659762,2319238
2013/03/26,0,3898000,-6431584,-2533584
2013/03/27,0,7211000,-1723276,5487724
2013/03/28,0,15121000,-13746204,1374796
2013/03/29,0,4270000,-8202000,-3932000
2013/04/01,0,4480395,-329088,4151307
2013/04/02,0,11130836,-5113619,6017217
2013/04/03,0,47645000,-3632451,44012549
2013/04/04,0,0,0,0
2013/04/05,0,0,0,0
2013/04/08,0,44254568,-12402920,31851648
2013/04/09,0,8066000,-9160860,-1094860
2013/04/10,0,17783788,-10911071,6872717
2013/04/11,0,24232154,-5291768,18940386
2013/04/12,0,18147000,-19596389,-1449389
2013/04/15,0,10231341,-13536000,-3304659
2013/04/16,0,34610667,-31651082,2959585
2013/04/17,0,35579000,-36303027,-724027
2013/04/18,0,30622000,-26068427,4553573
2013/04/19,0,17932000,-12098060,5833940
2013/04/22,0,10657931,-17086689,-6428758
2013/04/23,0,10602000,-5982952,4619048
2013/04/24,0,18692271,-13423389,5268882
2013/04/25,0,14668569,-22259550,-7590981
2013/04/26,0,22892000,-22791649,100351
2013/04/29,0,9195428,-2535000,6660428
2013/04/30,0,26032073,-17728877,8303196
2013/05/01,0,0,0,0
2013/05/02,0,16120775,-3827322,12293453
2013/05/03,0,17081000,-8825606,8255394
2013/05/06,0,11229000,-1380309,9848691
2013/05/07,0,14906000,-4029595,10876405
2013/05/08,0,14477101,-1455115,13021986
2013/05/09,0,11891269,-15271916,-3380647
2013/05/10,0,15228000,-11558294,3669706
2013/05/13,0,8036000,-9715940,-1679940
2013/05/14,0,17398000,-19215542,-1817542
2013/05/15,0,22516000,-13016336,9499664
2013/05/16,0,26558360,-9304045,17254315
2013/05/17,0,11124994,-1764625,9360369
2013/05/20,0,6967152,-4518401,2448751
2013/05/21,0,8564000,-7385965,1178035
2013/05/22,0,9625000,-6707000,2918000
2013/05/23,0,39794000,-20017789,19776211
2013/05/24,0,10446384,-16368159,-5921775
2013/05/27,0,2827518,-3821061,-993543
2013/05/28,0,9640000,-7421318,2218682
2013/05/29,0,25366000,-4788827,20577173
2013/05/30,0,21603000,-20826142,776858
2013/05/31,0,36989380,-21544200,15445180
2013/06/03,0,20072000,-13710000,6362000
2013/06/04,0,15516000,-14295000,1221000
2013/06/05,0,12384065,-18565552,-6181487
2013/06/06,0,4529510,-16744004,-12214494
2013/06/07,0,4551000,-6739082,-2188082
2013/06/10,0,10176400,-3851000,6325400
2013/06/11,0,24463049,-13450581,11012468
2013/06/12,0,0,0,0
2013/06/13,0,33581000,-38592610,-5011610
2013/06/14,0,25234743,-9737008,15497735
2013/06/17,0,13223000,-11252516,1970484
2013/06/18,0,19279879,-12569620,6710259
2013/06/19,0,18606000,-16481774,2124226
2013/06/20,0,37269000,-20681340,16587660
2013/06/21,0,25177000,-23755560,1421440
2013/06/24,0,3357000,-16558336,-13201336
2013/06/25,0,11213830,-20143956,-8930126
2013/06/26,0,23357000,-29174871,-5817871
2013/06/27,0,14734640,-11254920,3479720
2013/06/28,0,38130450,-20991116,17139334
2013/07/01,0,15922000,-10928000,4994000
2013/07/02,0,10078467,-13749527,-3671060
2013/07/03,0,18591000,-28913200,-10322200
2013/07/04,0,9282366,-21260620,-11978254
2013/07/05,0,22486000,-17934746,4551254
2013/07/08,0,24132000,-23647550,484450
2013/07/09,0,53294000,-15124358,38169642
2013/07/10,0,55047000,-25154584,29892416
2013/07/11,0,71307002,-31147588,40159414
2013/07/12,0,20478000,-7456000,13022000
2013/07/15,0,30911093,-2108908,28802185
2013/07/16,0,18192000,-12274090,5917910
2013/07/17,0,35101501,-21520596,13580905
2013/07/18,0,38466980,-22132784,16334196
2013/07/19,0,35103425,-11255450,23847975
2013/07/22,0,18927712,-3283363,15644349
2013/07/23,0,36309000,-5047389,31261611
2013/07/24,0,28651682,-12345186,16306496
2013/07/25,0,20571000,-12761407,7809593
2013/07/26,0,28400000,-3521524,24878476
2013/07/29,0,10265000,-6651976,3613024
2013/07/30,0,20203000,-3667000,16536000
2013/07/31,0,20802000,-8087361,12714639
2013/08/01,0,7098000,-5693000,1405000
2013/08/02,0,11155200,-11441430,-286230
2013/08/05,0,9249484,-9728031,-478547
2013/08/06,0,5938000,-11867000,-5929000
2013/08/07,0,25441000,-18618769,6822231
2013/08/08,0,10796267,-15368324,-4572057
2013/08/09,0,5795500,-16669000,-10873500
2013/08/12,0,1690000,-5001833,-3311833
2013/08/13,0,6914000,-1805952,5108048
2013/08/14,0,14495630,-9308128,5187502
2013/08/15,0,8137000,-11756169,-3619169
2013/08/16,0,20462938,-9635694,10827244
2013/08/19,0,5629876,-11600000,-5970124
2013/08/20,0,40397000,-21246194,19150806
2013/08/21,0,0,0,0
2013/08/22,0,13671540,-27011767,-13340227
2013/08/23,0,10237000,-10027632,209368
2013/08/26,0,4466000,-9909060,-5443060
2013/08/27,0,9092300,-6307000,2785300
2013/08/28,0,8811500,-11306726,-2495226
2013/08/29,0,12642863,-9467210,3175653
2013/08/30,0,17663300,-15361621,2301679
2013/09/02,0,6639000,-5382000,1257000
2013/09/03,0,23392500,-3568000,19824500
2013/09/04,0,17841260,-5809000,12032260
2013/09/05,0,20890830,-8415000,12475830
2013/09/06,0,17330000,-8290000,9040000
2013/09/09,0,19877000,-5247000,14630000
2013/09/10,0,24012000,-8488000,15524000
2013/09/11,0,22299000,-8645315,13653685
2013/09/12,0,26098000,-16436320,9661680
2013/09/13,0,11374630,-5084605,6290025
2013/09/16,0,19814700,-11875324,7939376
2013/09/17,0,11949000,-6863927,5085073
2013/09/18,0,17602691,-8407145,9195546
2013/09/19,0,0,0,0
2013/09/20,0,0,0,0
2013/09/23,0,22783750,-7082476,15701274
2013/09/24,0,33548000,-13676217,19871783
2013/09/25,0,33153496,-22801496,10352000
2013/09/26,0,7219000,-9145000,-1926000
2013/09/27,0,33063000,-10702062,22360938
2013/09/30,0,11714000,-20574717,-8860717
2013/10/01,0,4867000,-4298564,568436
2013/10/02,0,12560802,-6860241,5700561
2013/10/03,0,19662816,-9506739,10156077
2013/10/04,0,9691000,-6694841,2996159
2013/10/07,0,10447564,-4928546,5519018
2013/10/08,0,9535000,-9976853,-441853
2013/10/09,0,11442000,-3484700,7957300
2013/10/10,0,0,0,0
2013/10/11,0,15494000,-5149233,10344767
2013/10/14,0,7476000,-2202858,5273142
2013/10/15,0,9949000,-2754184,7194816
2013/10/16,0,12327794,-8870594,3457200
2013/10/17,0,9057000,-13726483,-4669483
2013/10/18,0,14840000,-10619074,4220926
2013/10/21,0,9650000,-11814065,-2164065
2013/10/22,0,8267000,-2001460,6265540
2013/10/23,0,8337164,-8768838,-431674
2013/10/24,0,24334307,-16955603,7378704
2013/10/25,0,10217148,-10348040,-130892
2013/10/28,0,6356000,-3191460,3164540
2013/10/29,0,11858500,-4730424,7128076
2013/10/30,0,8689000,-651000,8038000
2013/10/31,0,12542700,-9282736,3259964
2013/11/01,0,9392500,-48907586,-39515086
2013/11/04,0,16418450,-17442810,-1024360
2013/11/05,0,12170000,-24128533,-11958533
2013/11/06,0,7120000,-8638076,-1518076
2013/11/07,0,1532000,-8190640,-6658640
2013/11/08,0,1838001,-4410000,-2571999
2013/11/11,0,10976000,-9415000,1561000
2013/11/12,0,6674271,-9977784,-3303513
2013/11/13,0,6855409,-15804300,-8948891
2013/11/14,0,5126150,-22475558,-17349408
2013/11/15,0,6479000,-9297970,-2818970
2013/11/18,0,5779000,-9832827,-4053827
2013/11/19,0,8425104,-12528294,-4103190
2013/11/20,0,6710000,-9468065,-2758065
2013/11/21,0,3645500,-34534511,-30889011
2013/11/22,0,2536000,-3825000,-1289000
2013/11/25,0,8546000,-18503610,-9957610
2013/11/26,0,14292726,-15235885,-943159
2013/11/27,0,5803564,-10056179,-4252615
2013/11/28,0,6398000,-2249833,4148167
2013/11/29,0,16355048,-22343620,-5988572
2013/12/02,0,7173564,-6812786,360778
2013/12/03,0,9668691,-4667467,5001224
2013/12/04,0,10356000,-5356631,4999369
2013/12/05,0,7567100,-5708214,1858886
2013/12/06,0,8372000,-16661562,-8289562
2013/12/09,0,12506000,-8104280,4401720
2013/12/10,0,8630000,-19199880,-10569880
2013/12/11,0,11749000,-5755210,5993790
2013/12/12,0,4985000,-8948629,-3963629
2013/12/13,0,10742000,-13851548,-3109548
2013/12/16,0,15414000,-11738234,3675766
2013/12/17,0,5306109,-6327961,-1021852
2013/12/18,0,5675900,-6781527,-1105627
2013/12/19,0,7555000,-6602653,952347
2013/12/20,0,9223000,-7594417,1628583
2013/12/23,0,6549000,-5092830,1456170
2013/12/24,0,4662000,-2373160,2288840
2013/12/25,0,1515000,-516000,999000
2013/12/26,0,53000,-511595,-458595
2013/12/27,0,8146000,-4950000,3196000
2013/12/30,0,14702000,-3164370,11537630
2013/12/31,0,9331000,-2913345,6417655
2014/01/02,0,4427000,-3605000,822000
2014/01/03,0,5456000,-14276415,-8820415
2014/01/06,0,6293521,-11239322,-4945801
2014/01/07,0,14612000,-5688000,8924000
2014/01/08,0,9660000,-7309000,2351000
2014/01/09,0,14324610,-11021549,3303061
2014/01/10,0,11078000,-10777892,300108
2014/01/13,0,11539000,-2684186,8854814
2014/01/14,0,6787000,-6876000,-89000
2014/01/15,0,24216000,-12605366,11610634
2014/01/16,0,7028000,-6405955,622045
2014/01/17,0,10785656,-5443149,5342507
2014/01/20,0,11108000,-4994993,6113007
2014/01/21,0,15423000,-14042895,1380105
2014/01/22,0,11738000,-7595000,4143000
2014/01/23,0,6307030,-8056066,-1749036
2014/01/24,0,19519000,-11155603,8363397
2014/01/27,0,43352000,-50734625,-7382625
2014/02/05,0,36893870,-100565823,-63671953
2014/02/06,0,23714466,-27784749,-4070283
2014/02/07,0,14362637,-17316863,-2954226
2014/02/10,0,13324000,-20290938,-6966938
2014/02/11,0,12082234,-10806738,1275496
2014/02/12,0,13213000,-16786027,-3573027
2014/02/13,0,10835065,-21304868,-10469803
2014/02/14,0,10723000,-9365020,1357980
2014/02/17,0,4774000,-5428470,-654470
2014/02/18,0,8881000,-2054216,6826784
2014/02/19,0,18643000,-2087622,16555378
2014/02/20,0,9914000,-12628914,-2714914
2014/02/21,0,21464000,-15498000,5966000
2014/02/24,0,8175000,-24682525,-16507525
2014/02/25,0,13869929,-12575371,1294558
2014/02/26,0,19252000,-9339160,9912840
2014/02/27,0,10442680,-14266901,-3824221
2014/03/03,0,21771000,-34326690,-12555690
2014/03/04,0,17003000,-15649284,1353716
2014/03/05,0,10971000,-10376112,594888
2014/03/06,0,20242000,-13765205,6476795
2014/03/07,0,13102000,-5937000,7165000
2014/03/10,0,3895000,-9314336,-5419336
2014/03/11,0,12721000,-21471917,-8750917
2014/03/12,0,6021000,-11895841,-5874841
2014/03/13,0,9155000,-23320850,-14165850
2014/03/14,0,10097427,-24235247,-14137820
2014/03/17,0,3394000,-8001403,-4607403
2014/03/18,0,8735000,-10478958,-1743958
2014/03/19,0,7596000,-11249314,-3653314
2014/03/20,0,2246001,-28621051,-26375050
2014/03/21,0,7930000,-17492490,-9562490
2014/03/24,0,10567000,-8102665,2464335
2014/03/25,0,7407000,-12499050,-5092050
2014/03/26,0,6138000,-15058468,-8920468
2014/03/27,0,8992000,-13576980,-4584980
2014/03/28,0,12307000,-10063000,2244000
2014/03/31,0,8575909,-12462490,-3886581
2014/04/01,0,7107000,-8076021,-969021
2014/04/02,0,18170000,-10112590,8057410
2014/04/03,0,7568000,-23069169,-15501169
2014/04/07,0,15594520,-17544891,-1950371
2014/04/08,0,4936836,-7132000,-2195164
2014/04/09,0,7168000,-11172778,-4004778
2014/04/10,0,11555860,-8708562,2847298
2014/04/11,0,5658000,-4185112,1472888
2014/04/14,0,8812001,-4103000,4709001
2014/04/15,0,6052000,-3397643,2654357
2014/04/16,0,6255000,-9429000,-3174000
2014/04/17,0,11776001,-5404000,6372001
2014/04/18,0,4450000,-1591000,2859000
2014/04/21,0,2004000,-5836000,-3832000
2014/04/22,0,3610000,-6563730,-2953730
2014/04/23,0,6408000,-19286375,-12878375
2014/04/24,0,5331000,-17478745,-12147745
2014/04/25,0,5674000,-12928700,-7254700
2014/04/28,0,11025000,-26786462,-15761462
2014/04/29,0,8207000,-21912745,-13705745
2014/04/30,0,19716000,-37857330,-18141330
2014/05/02,0,25275000,-31920459,-6645459
2014/05/05,0,7481000,-4104760,3376240
2014/05/06,0,6369000,-5191407,1177593
2014/05/07,0,5180000,-13083230,-7903230
2014/05/08,0,17038118,-17673477,-635359
2014/05/09,0,7259000,-14985582,-7726582
2014/05/12,0,2910836,-9546000,-6635164
2014/05/13,0,8014500,-7253000,761500
2014/05/14,0,18255000,-18017437,237563
2014/05/15,0,8351000,-6139950,2211050
2014/05/16,0,8233000,-4602186,3630814
2014/05/19,0,15311000,-9223881,6087119
2014/05/20,0,5138663,-4571423,567240
2014/05/21,0,10383000,-10047340,335660
2014/05/22,0,12109000,-8924000,3185000
2014/05/23,0,14961000,-8588979,6372021
2014/05/26,0,5680000,-6238470,-558470
2014/05/27,0,6713000,-1793000,4920000
2014/05/28,0,15822000,-4689398,11132602
2014/05/29,0,17237000,-10211117,7025883
2014/05/30,0,20408000,-16999345,3408655
2014/06/03,0,17786000,-11002637,6783363
2014/06/04,0,6849000,-9594421,-2745421
2014/06/05,0,13954000,-10063000,3891000
2014/06/06,0,3867000,-6817220,-2950220
2014/06/09,0,4997000,-4556000,441000
2014/06/10,0,16343746,-3209078,13134668
2014/06/11,0,7508000,-6288115,1219885
2014/06/12,0,8838000,-5146999,3691001
2014/06/13,0,7843000,-4916890,2926110
2014/06/16,0,9888000,-5305784,4582216
2014/06/17,0,17266000,-4369130,12896870
2014/06/18,0,25948000,-6369103,19578897
2014/06/19,0,26451654,-5172851,21278803
2014/06/20,0,47660103,-42496061,5164042
2014/06/23,0,10729000,-9294510,1434490
2014/06/24,0,6599000,-2639582,3959418
2014/06/25,0,13914000,-10599016,3314984
2014/06/26,0,15910691,-4360930,11549761
2014/06/27,0,9023048,-4223000,4800048
2014/06/30,0,9713000,-5878718,3834282
2014/07/01,0,11111580,-5277170,5834410
2014/07/02,0,17561673,-7486369,10075304
2014/07/03,0,13354451,-6098000,7256451
2014/07/04,0,4322870,-5306000,-983130
2014/07/07,0,6669033,-10045034,-3376001
2014/07/08,0,14977000,-14168926,808074
2014/07/09,0,12798790,-805186,11993604
2014/07/10,0,26372127,-5406500,20965627
2014/07/11,0,15409300,-4471000,10938300
2014/07/14,0,23957000,-9097540,14859460
2014/07/15,0,54224801,-14947443,39277358
2014/07/16,0,38330000,-32398392,5931608
2014/07/17,0,30146270,-15818960,14327310
2014/07/18,0,19578000,-4086000,15492000
2014/07/21,0,7251000,-6822251,428749
2014/07/22,0,13549000,-5648850,7900150
2014/07/23,0,0,0,0
2014/07/24,0,15861313,-2712306,13149007
2014/07/25,0,15059000,-3535000,11524000
2014/07/28,0,12255070,-2833070,9422000
2014/07/29,0,22009000,-12898000,9111000
2014/07/30,0,19867000,-8834000,11033000
2014/07/31,0,18258000,-10507000,7751000
2014/08/01,0,19355662,-8391000,10964662
2014/08/04,0,22449409,-14469000,7980409
2014/08/05,0,14778000,-33451528,-18673528
2014/08/06,0,14070000,-3546000,10524000
2014/08/07,0,16498373,-10895155,5603218
2014/08/08,0,14953500,-10669696,4283804
2014/08/11,0,5454000,-5752000,-298000
2014/08/12,0,11949000,-9000661,2948339
2014/08/13,0,16111000,-3293000,12818000
2014/08/14,0,7705000,-8875000,-1170000
2014/08/15,0,9403000,-10208910,-805910
2014/08/18,0,2948000,-6892000,-3944000
2014/08/19,0,12304180,-6702993,5601187
2014/08/20,0,37931448,-11218000,26713448
2014/08/21,0,17376000,-4114000,13262000
2014/08/22,0,18613065,-5851270,12761795
2014/08/25,0,7087000,-3500390,3586610
2014/08/26,0,7209992,-4329800,2880192
2014/08/27,0,24140000,-4264000,19876000
2014/08/28,0,25604000,-4731570,20872430
2014/08/29,0,15491500,-9234000,6257500
2014/09/01,0,13745000,-11730000,2015000
2014/09/02,0,11986000,-19745340,-7759340
2014/09/03,0,12516882,-6101590,6415292
2014/09/04,0,7032182,-8442000,-1409818
2014/09/05,0,8255500,-5860471,2395029
2014/09/09,0,15817735,-9868549,5949186
2014/09/10,0,6710261,-16215000,-9504739
2014/09/11,0,7437000,-6434998,1002002
2014/09/12,0,4500347,-3512281,988066
2014/09/15,0,4703000,-7794142,-3091142
2014/09/16,0,8526000,-7054210,1471790
2014/09/17,0,7892000,-11595000,-3703000
2014/09/18,0,9430126,-3619625,5810501
2014/09/19,0,6655000,-10827357,-4172357
2014/09/22,0,3317000,-13545340,-10228340
2014/09/23,0,3449000,-10569000,-7120000
2014/09/24,0,9114283,-5920000,3194283
2014/09/25,0,12285001,-14609381,-2324380
2014/09/26,0,21555526,-19689575,1865951
2014/09/29,0,23189775,-26011397,-2821622
2014/09/30,0,21219795,-21891600,-671805
2014/10/01,0,7656910,-17812719,-10155809
2014/10/02,0,18161074,-16295429,1865645
2014/10/03,0,11893940,-7341000,4552940
2014/10/06,0,21489759,-17726960,3762799
2014/10/07,0,11372000,-14644032,-3272032
2014/10/08,0,12085000,-8853455,3231545
2014/10/09,0,20220204,-19644994,575210
2014/10/13,0,15483000,-18125975,-2642975
2014/10/14,0,12007000,-10352739,1654261
2014/10/15,0,26199000,-28796683,-2597683
2014/10/16,0,14726900,-16016586,-1289686
2014/10/17,0,22524427,-24687072,-2162645
2014/10/20,0,29243922,-15472507,13771415
2014/10/21,0,14298000,-13545000,753000
2014/10/22,0,18113136,-12938291,5174845
2014/10/23,0,2996937,-3326410,-329473
2014/10/24,0,4794000,-6746945,-1952945
2014/10/27,0,20257000,-3318000,16939000
2014/10/28,0,33020548,-3867000,29153548
2014/10/29,0,36687811,-16196000,20491811
2014/10/30,0,18448510,-3901000,14547510
2014/10/31,0,18609873,-18998473,-388600
2014/11/03,0,15675000,-4043710,11631290
2014/11/04,0,18799129,-6610630,12188499
2014/11/05,0,11300150,-6031178,5268972
2014/11/06,0,10896420,-9629504,1266916
2014/11/07,0,2266000,-5091000,-2825000
2014/11/10,0,18547685,-5487684,13060001
2014/11/11,0,8266000,-4673000,3593000
2014/11/12,0,4295013,-18199374,-13904361
2014/11/13,0,10932319,-10855321,76998
2014/11/14,0,9686566,-17639364,-7952798
2014/11/17,0,6805000,-26772458,-19967458
2014/11/18,0,15145902,-9402027,5743875
2014/11/19,0,22820837,-12129180,10691657
2014/11/20,0,11787467,-9179186,2608281
2014/11/21,0,13948000,-10724617,3223383
2014/11/24,0,8136000,-5222946,2913054
2014/11/25,0,10978422,-15442427,-4464005
2014/11/26,0,6318154,-17790033,-11471879
2014/11/27,0,4796000,-5274857,-478857
2014/11/28,0,7412000,-8232088,-820088
2014/12/01,0,17246551,-27979634,-10733083
2014/12/02,0,7313000,-23829981,-16516981
2014/12/03,0,5974625,-19126665,-13152040
2014/12/04,0,23853694,-12829384,11024310
2014/12/05,0,7244000,-4310175,2933825
2014/12/08,0,3054000,-7869818,-4815818
2014/12/09,0,3955000,-6483295,-2528295
2014/12/10,0,6004000,-23269600,-17265600
2014/12/11,0,5264903,-20597500,-15332597
2014/12/12,0,11162287,-7688577,3473710
2014/12/15,0,8989000,-9828615,-839615
2014/12/16,0,3788151,-15424001,-11635850
2014/12/17,0,3574000,-17979612,-14405612
2014/12/18,0,7100000,-11910000,-4810000
2014/12/19,0,11632000,-6257500,5374500
2014/12/22,0,4964839,-5451316,-486477
2014/12/23,0,4799000,-2600900,2198100
2014/12/24,0,5140000,-1087000,4053000
2014/12/25,0,1419000,-1875000,-456000
2014/12/26,0,3646000,-1451000,2195000
2014/12/29,0,9865000,-1645000,8220000
2014/12/30,0,4883077,-1770131,3112946
2014/12/31,0,2635000,-1311215,1323785
2015/01/01,0,0,0,0
2015/01/02,0,0,0,0
2015/01/05,0,6713000,-10134712,-3421712
2015/01/06,0,14230000,-30854773,-16624773
2015/01/07,0,9615000,-13805461,-4190461
2015/01/08,0,15280000,-5704177,9575823
2015/01/09,0,7142000,-6514275,627725
2015/01/12,0,2036000,-3729000,-1693000
2015/01/13,0,14256406,-17367550,-3111144
2015/01/14,0,3346000,-14993221,-11647221
2015/01/15,0,5711000,-5247384,463616
2015/01/16,0,11784769,-26385384,-14600615
2015/01/19,0,22595000,-8736175,13858825
2015/01/20,0,18062769,-14261365,3801404
2015/01/21,0,23698000,-5894555,17803445
2015/01/22,0,12306000,-7814928,4491072
2015/01/23,0,12964000,-3379589,9584411
2015/01/26,0,8302000,-9422865,-1120865
2015/01/27,0,12052000,-5890469,6161531
2015/01/28,0,10089274,-6048739,4040535
2015/01/29,0,9748000,-14719221,-4971221
2015/01/30,0,5715000,-11967695,-6252695
2015/02/02,0,15631534,-11009384,4622150
2015/02/03,0,7565000,-5224503,2340497
2015/02/04,0,18633914,-4260359,14373555
2015/02/05,0,26173000,-2434805,23738195
2015/02/06,0,21901036,-5894850,16006186
2015/02/09,0,12890762,-6904699,5986063
2015/02/10,0,13573000,-7156894,6416106
2015/02/11,0,9704441,-14115681,-4411240
2015/02/12,0,6621001,-15436076,-8815075
2015/02/13,0,10961000,-13500000,-2539000
2015/02/16,0,0,0,0
2015/02/17,0,0,0,0
2015/02/18,0,0,0,0
2015/02/19,0,0,0,0
2015/02/20,0,0,0,0
2015/02/23,0,0,0,0
2015/02/24,0,60414900,-38440100,21974800
2015/02/25,0,33039000,-14091933,18947067
2015/02/26,0,20448000,-18099322,2348678
2015/02/27,0,0,0,0
2015/03/02,0,17871000,-23138914,-5267914
2015/03/03,0,11773194,-11662989,110205
2015/03/04,0,12313000,-9212128,3100872
2015/03/05,0,10411000,-16166538,-5755538
2015/03/06,0,14694176,-10757938,3936238
2015/03/09,0,6682000,-6003538,678462
2015/03/10,0,10023126,-12753184,-2730058
2015/03/11,0,12016000,-15881355,-3865355
2015/03/12,0,47108000,-9050574,38057426
2015/03/13,0,14022000,-10039876,3982124
2015/03/16,0,5830000,-16871045,-11041045
2015/03/17,0,15623775,-10493775,5130000
2015/03/18,0,24243000,-9496748,14746252
2015/03/19,0,25019000,-6301976,18717024
2015/03/20,0,12623000,-9440000,3183000
2015/03/23,0,6429000,-2877452,3551548
2015/03/24,0,6028989,-8408899,-2379910
2015/03/25,0,5695000,-4488332,1206668
2015/03/26,0,15475324,-15323713,151611
2015/03/27,0,4945000,-15823312,-10878312
2015/03/30,0,16476533,-11727485,4749048
2015/03/31,0,15720000,-9582503,6137497
2015/04/01,0,7438000,-7688000,-250000
2015/04/02,0,20458287,-5717803,14740484
2015/04/03,0,0,0,0
2015/04/06,0,0,0,0
2015/04/07,0,10359000,-3328758,7030242
2015/04/08,0,3654000,-10039445,-6385445
2015/04/09,0,13240000,-4923414,8316586
2015/04/10,0,12821000,-4258987,8562013
2015/04/13,0,21572000,-4640054,16931946
2015/04/14,0,42046000,-6971171,35074829
2015/04/15,0,65579097,-25652879,39926218
2015/04/16,0,56652600,-10353500,46299100
2015/04/17,0,33639194,-16351389,17287805
2015/04/20,0,33664000,-11387839,22276161
2015/04/21,0,27738000,-11055063,16682937
2015/04/22,0,26248690,-12184690,14064000
2015/04/23,0,83945000,-18240173,65704827
2015/04/24,0,84397000,-15742783,68654217
2015/04/27,0,35235373,-11258077,23977296
2015/04/28,0,25069000,-9232159,15836841
2015/04/29,0,19634000,-13104602,6529398
2015/04/30,0,28503500,-23212835,5290665
2015/05/01,0,0,0,0
2015/05/04,0,25208300,-9860472,15347828
2015/05/05,0,20128000,-8741000,11387000
2015/05/06,0,24454000,-11580395,12873605
2015/05/07,0,17377512,-17301701,75811
2015/05/08,0,13143989,-5253068,7890921
2015/05/11,0,11703345,-8718745,2984600
2015/05/12,0,15848000,-4616092,11231908
2015/05/13,0,28878000,-39739273,-10861273
2015/05/14,0,12868000,-18648000,-5780000
2015/05/15,0,18106000,-14119925,3986075
2015/05/18,0,20116000,-11053862,9062138
2015/05/19,0,16535989,-17531083,-995094
2015/05/20,0,25476781,-19470878,6005903
2015/05/21,0,11430379,-25227481,-13797102
2015/05/22,0,26166600,-11531194,14635406
2015/05/25,0,16648000,-19218000,-2570000
2015/05/26,0,21864000,-24488000,-2624000
2015/05/27,0,30404000,-35525282,-5121282
2015/05/28,0,23800981,-40555459,-16754478
2015/05/29,0,39840120,-42370513,-2530393
2015/06/01,0,10219000,-16368263,-6149263
2015/06/02,0,12094845,-15849854,-3755009
2015/06/03,0,27720349,-15191077,12529272
2015/06/04,0,49295373,-31327141,17968232
2015/06/05,0,15444080,-14062242,1381838
2015/06/08,0,15219010,-16641336,-1422326
2015/06/09,0,22382000,-15100675,7281325
2015/06/10,0,42978440,-22872025,20106415
2015/06/11,0,30001948,-26409000,3592948
2015/06/12,0,25636137,-23034000,2602137
2015/06/15,0,26411134,-16585401,9825733
2015/06/16,0,32546066,-26024657,6521409
2015/06/17,0,37197990,-26881872,10316118
2015/06/18,0,35255969,-20705147,14550822
2015/06/19,0,0,0,0
2015/06/22,0,23256235,-12665629,10590606
2015/06/23,0,12175673,-12296000,-120327
2015/06/24,0,5234746,-6718113,-1483367
2015/06/25,0,20193200,-7644004,12549196
2015/06/26,0,17245000,-8525362,8719638
2015/06/29,0,11438077,-7570664,3867413
2015/06/30,0,26907514,-19531577,7375937
2015/07/01,0,11441000,-9095465,2345535
2015/07/02,0,16496116,-11437404,5058712
2015/07/03,0,9539000,-9501000,38000
2015/07/06,0,10508000,-12925434,-2417434
2015/07/07,0,26274000,-10370135,15903865
2015/07/08,0,30673407,-24686643,5986764
2015/07/09,0,22972959,-25498229,-2525270
2015/07/10,0,0,0,0
2015/07/13,0,23730071,-27032876,-3302805
2015/07/14,0,19917000,-22492000,-2575000
2015/07/15,0,21944000,-18857486,3086514
2015/07/16,0,7726000,-8154882,-428882
2015/07/17,0,4418006,-7328943,-2910937
2015/07/20,0,6513138,-8256634,-1743496
2015/07/21,0,9438768,-4752531,4686237
2015/07/22,0,10332000,-9878220,453780
2015/07/23,0,10756975,-16838147,-6081172
2015/07/24,0,9029287,-11811000,-2781713
2015/07/27,0,8428000,-21249000,-12821000
2015/07/28,0,16888666,-19870553,-2981887
2015/07/29,0,11895401,-15210212,-3314811
2015/07/30,0,17919000,-18047563,-128563
2015/07/31,0,13326777,-21188000,-7861223
2015/08/03,0,17677948,-12552545,5125403
2015/08/04,0,20071108,-11692012,8379096
2015/08/05,0,13343213,-19197181,-5853968
2015/08/06,0,13636000,-22895457,-9259457
2015/08/07,0,12661172,-15671881,-3010709
2015/08/10,0,15327000,-12652888,2674112
2015/08/11,0,22523000,-27944000,-5421000
2015/08/12,0,17850000,-60835845,-42985845
2015/08/13,0,21638000,-33123066,-11485066
2015/08/14,0,15353200,-16124474,-771274
2015/08/17,0,12145675,-20807449,-8661774
2015/08/18,0,8089000,-28003669,-19914669
2015/08/19,0,17212393,-27662000,-10449607
2015/08/20,0,10812000,-38691000,-27879000
2015/08/21,0,21489000,-33338000,-11849000
2015/08/24,0,18466000,-39218226,-20752226
2015/08/25,0,32151203,-41959087,-9807884
2015/08/26,0,34295733,-29069137,5226596
2015/08/27,0,52161000,-50692718,1468282
2015/08/28,0,47320000,-44118321,3201679
2015/08/31,0,35668700,-56788068,-21119368
2015/09/01,0,16464690,-30235407,-13770717
2015/09/02,0,16555000,-26374882,-9819882
2015/09/03,0,12538000,-15461000,-2923000
2015/09/04,0,4748244,-16063448,-11315204
2015/09/07,0,7867000,-18463200,-10596200
2015/09/08,0,4257000,-8838145,-4581145
2015/09/09,0,21300145,-17327669,3972476
2015/09/10,0,9547086,-14201974,-4654888
2015/09/11,0,1323000,-7023666,-5700666
2015/09/14,0,5498265,-12358497,-6860232
2015/09/15,0,5000000,-17850860,-12850860
2015/09/16,0,11845000,-30388494,-18543494
2015/09/17,0,23988000,-23501170,486830
2015/09/18,0,10238991,-15445735,-5206744
2015/09/21,0,5814000,-26679143,-20865143
2015/09/22,0,10498000,-21427923,-10929923
2015/09/23,0,10328090,-39412817,-29084727
2015/09/24,0,12841550,-37601726,-24760176
2015/09/25,0,23206072,-87095510,-63889438
2015/09/28,0,0,0,0
2015/09/29,0,0,0,0
2015/09/30,0,46873000,-106014738,-59141738
2015/10/01,0,65073632,-163405097,-98331465
2015/10/02,0,15731000,-36384853,-20653853
2015/10/05,0,20187422,-43454222,-23266800
2015/10/06,0,27284320,-45982469,-18698149
2015/10/07,0,20875600,-47315259,-26439659
2015/10/08,0,11710767,-28300805,-16590038
2015/10/09,0,0,0,0
2015/10/12,0,45182497,-59770698,-14588201
2015/10/13,0,19735224,-27732460,-7997236
2015/10/14,0,10956994,-15321321,-4364327
2015/10/15,0,14378571,-19144563,-4765992
2015/10/16,0,27508875,-12332292,15176583
2015/10/19,0,26512479,-16721144,9791335
2015/10/20,0,22402984,-29168650,-6765666
2015/10/21,0,11278308,-39101120,-27822812
2015/10/22,0,20872000,-20689816,182184
2015/10/23,0,19624009,-13486693,6137316
2015/10/26,0,17254000,-22326755,-5072755
2015/10/27,0,17835692,-31711919,-13876227
2015/10/28,0,14259000,-26586569,-12327569
2015/10/29,0,8232000,-18662215,-10430215
2015/10/30,0,13516000,-22860455,-9344455
2015/11/02,0,9359742,-11100000,-1740258
2015/11/03,0,12991000,-17755840,-4764840
2015/11/04,0,32825002,-60926822,-28101820
2015/11/05,0,10345000,-42811750,-32466750
2015/11/06,0,8778388,-41595183,-32816795
2015/11/09,0,7155659,-14570985,-7415326
2015/11/10,0,5591663,-23641166,-18049503
2015/11/11,0,3980286,-22184459,-18204173
2015/11/12,0,3280131,-17180061,-13899930
2015/11/13,0,11280000,-24300166,-13020166
2015/11/16,0,24387000,-19196373,5190627
2015/11/17,0,16968600,-9314111,7654489
2015/11/18,0,17488628,-18118652,-630024
2015/11/19,0,17672000,-11416000,6256000
2015/11/20,0,12821000,-5489368,7331632
2015/11/23,0,5745020,-9483300,-3738280
2015/11/24,0,9280096,-7920164,1359932
2015/11/25,0,4220068,-10580473,-6360405
2015/11/26,0,10713000,-4294418,6418582
2015/11/27,0,967000,-7725429,-6758429
2015/11/30,0,33787166,-63332699,-29545533
2015/12/01,0,27661094,-12728773,14932321
2015/12/02,0,25050000,-9859786,15190214
2015/12/03,0,13243000,-10186277,3056723
2015/12/04,0,9931474,-19179351,-9247877
2015/12/07,0,9959749,-33317625,-23357876
2015/12/08,0,11394000,-54646578,-43252578
2015/12/09,0,8755000,-49582971,-40827971
2015/12/10,0,12835000,-42610975,-29775975
2015/12/11,0,14164824,-77153797,-62988973
2015/12/14,0,17174010,-23654254,-6480244
2015/12/15,0,8872010,-19608418,-10736408
2015/12/16,0,15291024,-16849838,-1558814
2015/12/17,0,17377005,-18334000,-956995
2015/12/18,0,17014792,-22812770,-5797978
2015/12/21,0,8310032,-10187311,-1877279
2015/12/22,0,11779672,-11590869,188803
2015/12/23,0,11852025,-4178927,7673098
2015/12/24,0,4407000,-3456000,951000
2015/12/25,0,2031000,-2284000,-253000
2015/12/28,0,5105000,-6804953,-1699953
2015/12/29,0,6630000,-3821028,2808972
2015/12/30,0,3744000,-7186855,-3442855
2015/12/31,0,4415090,-3285000,1130090
2016/01/01,0,0,0,0
2016/01/04,0,5931880,-25287485,-19355605
2016/01/05,0,10843910,-10609736,234174
2016/01/06,0,11992133,-15229142,-3237009
2016/01/07,0,12632773,-26716904,-14084131
2016/01/08,0,6281000,-20670688,-14389688
2016/01/11,0,6604507,-26258207,-19653700
2016/01/12,0,6175000,-47921715,-41746715
2016/01/13,0,14998000,-15831743,-833743
2016/01/14,0,16928931,-23566180,-6637249
2016/01/15,0,4846000,-33758048,-28912048
2016/01/18,0,9099009,-31818349,-22719340
2016/01/19,0,3355000,-12798720,-9443720
2016/01/20,0,3685804,-28077000,-24391196
2016/01/21,0,11754216,-45947181,-34192965
2016/01/22,0,8881000,-33804160,-24923160
2016/01/25,0,12809000,-41842169,-29033169
2016/01/26,0,7525025,-33046602,-25521577
2016/01/27,0,8941000,-26144707,-17203707
2016/01/28,0,18948000,-28411612,-9463612
2016/01/29,0,35546862,-23281906,12264956
2016/02/01,0,13386024,-25108397,-11722373
2016/02/02,0,28104104,-53953160,-25849056
2016/02/03,0,9356000,-31638815,-22282815
2016/02/04,0,0,0,0
2016/02/05,0,0,0,0
2016/02/08,0,0,0,0
2016/02/09,0,0,0,0
2016/02/10,0,0,0,0
2016/02/11,0,0,0,0
2016/02/12,0,0,0,0
2016/02/15,0,13983931,-58616273,-44632342
2016/02/16,0,31176000,-33120122,-1944122
2016/02/17,0,17217862,-24518426,-7300564
2016/02/18,0,29492000,-44557390,-15065390
2016/02/19,0,20548780,-25688490,-5139710
2016/02/22,0,11748000,-8988810,2759190
2016/02/23,0,10943170,-9973073,970097
2016/02/24,0,28123000,-32279654,-4156654
2016/02/25,0,30763610,-8335701,22427909
2016/02/26,0,21004333,-9413001,11591332
2016/02/29,0,0,0,0
2016/03/01,0,12783111,-19012701,-6229590
2016/03/02,0,20137233,-16006620,4130613
2016/03/03,0,27582481,-8943659,18638822
2016/03/04,0,16419413,-7630620,8788793
2016/03/07,0,12591438,-6668153,5923285
2016/03/08,0,10546646,-8783021,1763625
2016/03/09,0,23012954,-5784592,17228362
2016/03/10,0,8254000,-7665521,588479
2016/03/11,0,24698424,-4162000,20536424
2016/03/14,0,9854000,-7443742,2410258
2016/03/15,0,8600000,-14011927,-5411927
2016/03/16,0,12482000,-7674009,4807991
2016/03/17,0,24098766,-6836693,17262073
2016/03/18,0,31907116,-27841000,4066116
2016/03/21,0,16193000,-11016000,5177000
2016/03/22,0,11615953,-14133956,-2518003
2016/03/23,0,9964000,-8400113,1563887
2016/03/24,0,18796000,-10167800,8628200
2016/03/25,0,2462000,-861000,1601000
2016/03/28,0,5887252,-606994,5280258
2016/03/29,0,11977252,-10208428,1768824
2016/03/30,0,41176913,-11149579,30027334
2016/03/31,0,30004000,-29139498,864502
2016/04/01,0,11022741,-26636802,-15614061
2016/04/04,0,0,0,0
2016/04/05,0,0,0,0
2016/04/06,0,15308494,-38259475,-22950981
2016/04/07,0,10558214,-36733452,-26175238
2016/04/08,0,24322000,-20809877,3512123
2016/04/11,0,4412000,-18942660,-14530660
2016/04/12,0,13732000,-4369000,9363000
2016/04/13,0,18311000,-29442834,-11131834
2016/04/14,0,21247000,-30100838,-8853838
2016/04/15,0,18452695,-24802000,-6349305
2016/04/18,0,20559000,-19171913,1387087
2016/04/19,0,16631000,-13335956,3295044
2016/04/20,0,24593910,-16589953,8003957
2016/04/21,0,12550713,-7494243,5056470
2016/04/22,0,12571382,-7964014,4607368
2016/04/25,0,10649124,-8203710,2445414
2016/04/26,0,17974702,-11449740,6524962
2016/04/27,0,14896337,-11686000,3210337
2016/04/28,0,19899287,-20901280,-1001993
2016/04/29,0,27402000,-18516885,8885115
2016/05/02,0,0,0,0
2016/05/03,0,7038000,-46013311,-38975311
2016/05/04,0,14351000,-29578290,-15227290
2016/05/05,0,2521636,-21352796,-18831160
2016/05/06,0,5373764,-27810069,-22436305
2016/05/09,0,3366680,-22616197,-19249517
2016/05/10,0,10965382,-11122000,-156618
2016/05/11,0,3093000,-30561313,-27468313
2016/05/12,0,5716000,-13501275,-7785275
2016/05/13,0,20926700,-25111203,-4184503
2016/05/16,0,13344000,-11799678,1544322
2016/05/17,0,11577986,-12099260,-521274
2016/05/18,0,15125602,-15894922,-769320
2016/05/19,0,11198878,-22926279,-11727401
2016/05/20,0,12056391,-11026544,1029847
2016/05/23,0,17620636,-20644766,-3024130
2016/05/24,0,19021382,-18463000,558382
2016/05/25,0,16968382,-17616000,-647618
2016/05/26,0,9644000,-8965000,679000
2016/05/27,0,27620000,-14616041,13003959
2016/05/30,0,14089936,-14222826,-132890
2016/05/31,0,50685754,-55338909,-4653155
2016/06/01,0,25394797,-14018747,11376050
2016/06/02,0,22201035,-15969500,6231535
2016/06/03,0,23794000,-7467000,16327000
2016/06/06,0,18223000,-12664083,5558917
2016/06/07,0,28242000,-20543419,7698581
2016/06/08,0,29501730,-8319561,21182169
2016/06/09,0,0,0,0
2016/06/10,0,0,0,0
2016/06/13,0,36700399,-73030503,-36330104
2016/06/14,0,12894000,-20472362,-7578362
2016/06/15,0,16264608,-8450301,7814307
2016/06/16,0,10520000,-18556845,-8036845
2016/06/17,0,14773109,-11525150,3247959
2016/06/20,0,18150000,-7423290,10726710
2016/06/21,0,18809711,-8204031,10605680
2016/06/22,0,14824768,-22083630,-7258862
2016/06/23,0,7374538,-10148000,-2773462
2016/06/24,0,12251858,-30099843,-17847985
2016/06/27,0,10629000,-6078656,4550344
2016/06/28,0,34365000,-20248405,14116595
2016/06/29,0,20199000,-9929500,10269500
2016/06/30,0,23663754,-24658433,-994679
2016/07/01,0,13713024,-7919414,5793610
2016/07/04,0,9004000,-10006655,-1002655
2016/07/05,0,17896000,-14993932,2902068
2016/07/06,0,17114000,-22634136,-5520136
2016/07/07,0,15423000,-19476336,-4053336
2016/07/08,0,0,0,0
2016/07/11,0,29095547,-18746000,10349547
2016/07/12,0,39789000,-10831664,28957336
2016/07/13,0,40112697,-22821034,17291663
2016/07/14,0,18504272,-41203121,-22698849
2016/07/15,0,39027550,-21022324,18005226
2016/07/18,0,16751100,-9785471,6965629
2016/07/19,0,28849000,-3754000,25095000
2016/07/20,0,18918000,-7085764,11832236
2016/07/21,0,23806842,-22339663,1467179
2016/07/22,0,16012000,-20696140,-4684140
2016/07/25,0,26081054,-13709190,12371864
2016/07/26,0,18957000,-8505000,10452000
2016/07/27,0,20122000,-19289762,832238
2016/07/28,0,23859500,-33084000,-9224500
2016/07/29,0,11351542,-22002749,-10651207
2016/08/01,0,24587984,-17407000,7180984
2016/08/02,0,6901875,-10451902,-3550027
2016/08/03,0,7830383,-7167000,663383
2016/08/04,0,5889000,-25038459,-19149459
2016/08/05,0,16755774,-22604000,-5848226
2016/08/08,0,7049415,-25759553,-18710138
2016/08/09,0,18315000,-26649009,-8334009
2016/08/10,0,17669000,-23301934,-5632934
2016/08/11,0,19585000,-34057350,-14472350
2016/08/12,0,27106000,-28995000,-1889000
2016/08/15,0,12522000,-2811644,9710356
2016/08/16,0,23009000,-11697827,11311173
2016/08/17,0,16873529,-7055647,9817882
2016/08/18,0,51154604,-19006884,32147720
2016/08/19,0,19300555,-48400077,-29099522
2016/08/22,0,13607000,-19808300,-6201300
2016/08/23,0,21433000,-15510700,5922300
2016/08/24,0,13764155,-14193417,-429262
2016/08/25,0,37240000,-11424085,25815915
2016/08/26,0,5768820,-11565305,-5796485
2016/08/29,0,15182000,-6225700,8956300
2016/08/30,0,7526423,-8748700,-1222277
2016/08/31,0,27351920,-38792209,-11440289
2016/09/01,0,13354500,-16513363,-3158863
2016/09/02,0,12918694,-5349702,7568992
2016/09/05,0,9075500,-1759000,7316500
2016/09/06,0,15235961,-7910000,7325961
2016/09/07,0,27433000,-8757000,18676000
2016/09/08,0,5414000,-6992000,-1578000
2016/09/09,0,7293000,-12940139,-5647139
2016/09/12,0,2152991,-17853916,-15700925
2016/09/13,0,8060000,-20127000,-12067000
2016/09/14,0,19791273,-42434360,-22643087
2016/09/15,0,0,0,0
2016/09/16,0,0,0,0
2016/09/19,0,16881526,-13129625,3751901
2016/09/20,0,5196676,-8578192,-3381516
2016/09/21,0,18075000,-16402424,1672576
2016/09/22,0,6460115,-4428000,2032115
2016/09/23,0,10592483,-6351160,4241323
2016/09/26,0,4540000,-4698000,-158000
2016/09/27,0,0,0,0
2016/09/28,0,0,0,0
2016/09/29,0,35746694,-23083202,12663492
2016/09/30,0,8930684,-20906340,-11975656
2016/10/03,0,8111000,-8091000,20000
2016/10/04,0,12089040,-5872857,6216183
2016/10/05,0,11605000,-6398954,5206046
2016/10/06,0,18282833,-14219035,4063798
2016/10/07,0,9240661,-18412000,-9171339
2016/10/10,0,0,0,0
2016/10/11,0,11538700,-15843311,-4304611
2016/10/12,0,11052552,-6081454,4971098
2016/10/13,0,18353500,-28938232,-10584732
2016/10/14,0,3184000,-8711310,-5527310
2016/10/17,0,18437000,-23763716,-5326716
2016/10/18,0,18598870,-10163720,8435150
2016/10/19,0,15147685,-5607299,9540386
2016/10/20,0,5953000,-3012249,2940751
2016/10/21,0,16672000,-18333000,-1661000
2016/10/24,0,5557000,-6671025,-1114025
2016/10/25,0,5413642,-5923030,-509388
2016/10/26,0,14494760,-12395225,2099535
2016/10/27,0,11641815,-13127567,-1485752
2016/10/28,0,15233000,-7139960,8093040
2016/10/31,0,13316761,-12775000,541761
2016/11/01,0,19673000,-10835057,8837943
2016/11/02,0,20215618,-6519675,13695943
2016/11/03,0,12221792,-8678749,3543043
2016/11/04,0,9597000,-6925554,2671446
2016/11/07,0,5536000,-6054397,-518397
2016/11/08,0,12267485,-4484050,7783435
2016/11/09,0,9904666,-25298594,-15393928
2016/11/10,0,16375000,-7392000,8983000
2016/11/11,0,14419000,-31275062,-16856062
2016/11/14,0,15370000,-25381678,-10011678
2016/11/15,0,54418000,-21811274,32606726
2016/11/16,0,15543120,-13045147,2497973
2016/11/17,0,30157063,-7673447,22483616
2016/11/18,0,13212920,-20998533,-7785613
2016/11/21,0,5831680,-5416369,415311
2016/11/22,0,13560000,-3246528,10313472
2016/11/23,0,11701636,-6308409,5393227
2016/11/24,0,7710080,-4562363,3147717
2016/11/25,0,5207570,-2291313,2916257
2016/11/28,0,15037000,-6767482,8269518
2016/11/29,0,9083000,-15318224,-6235224
2016/11/30,0,32920462,-19064075,13856387
2016/12/01,0,13865858,-7363566,6502292
2016/12/02,0,22154000,-7983867,14170133
2016/12/05,0,16684410,-7147673,9536737
2016/12/06,0,15924000,-11897224,4026776
2016/12/07,0,12191841,-3238258,8953583
2016/12/08,0,38495920,-9533000,28962920
2016/12/09,0,41499876,-6097326,35402550
2016/12/12,0,14595000,-9064000,5531000
2016/12/13,0,26968605,-17557746,9410859
2016/12/14,0,16087480,-10582961,5504519
2016/12/15,0,26633000,-12975371,13657629
2016/12/16,0,34800320,-17957180,16843140
2016/12/19,0,23549502,-4269922,19279580
2016/12/20,0,13671859,-7646214,6025645
2016/12/21,0,6492055,-9850860,-3358805
2016/12/22,0,12031696,-10496000,1535696
2016/12/23,0,11939000,-8930966,3008034
2016/12/26,0,12549000,-1530000,11019000
2016/12/27,0,23607000,-2567455,21039545
2016/12/28,0,27047270,-3510934,23536336
2016/12/29,0,29523908,-10547000,18976908
2016/12/30,0,14569000,-7071832,7497168
2017/01/02,0,0,0,0
2017/01/03,0,3158000,-5715000,-2557000
2017/01/04,0,5913814,-4403007,1510807
2017/01/05,0,19336628,-8191000,11145628
2017/01/06,0,9291000,-4953767,4337233
2017/01/09,0,3231318,-4249000,-1017682
2017/01/10,0,15246000,-6270073,8975927
2017/01/11,0,11965510,-8425090,3540420
2017/01/12,0,14551126,-10741120,3810006
2017/01/13,0,10512345,-8604360,1907985
2017/01/16,0,4329500,-5343520,-1014020
2017/01/17,0,6564302,-10370244,-3805942
2017/01/18,0,5832000,-10826755,-4994755
2017/01/19,0,15060000,-30348686,-15288686
2017/01/20,0,6381330,-13178189,-6796859
2017/01/23,0,21211100,-14151730,7059370
2017/01/24,0,30238914,-13179528,17059386
2017/01/25,0,0,0,0
2017/01/26,0,0,0,0
2017/01/27,0,0,0,0
2017/01/30,0,0,0,0
2017/01/31,0,0,0,0
2017/02/01,0,0,0,0
2017/02/02,0,77630740,-56358903,21271837
2017/02/03,0,24881000,-35576591,-10695591
2017/02/06,0,18892334,-28255079,-9362745
2017/02/07,0,25268362,-9589867,15678495
2017/02/08,0,9504228,-28986567,-19482339
2017/02/09,0,30723956,-23713933,7010023
2017/02/10,0,34488100,-25129768,9358332
2017/02/13,0,46627572,-13220986,33406586
2017/02/14,0,60317000,-20802636,39514364
2017/02/15,0,26880676,-21591245,5289431
2017/02/16,0,19235000,-20466428,-1231428
2017/02/17,0,25636584,-12324880,13311704
2017/02/20,0,7411430,-6004082,1407348
2017/02/21,0,14049000,-17173000,-3124000
2017/02/22,0,12747252,-13965920,-1218668
2017/02/23,0,34798000,-25200000,9598000
2017/02/24,0,14756000,-20326041,-5570041
2017/02/27,0,0,0,0
2017/02/28,0,0,0,0
2017/03/01,0,14991191,-14045890,945301
2017/03/02,0,26395040,-13846970,12548070
2017/03/03,0,15628000,-8830954,6797046
2017/03/06,0,10442292,-3545210,6897082
2017/03/07,0,8526975,-3666260,4860715
2017/03/08,0,14132885,-6447142,7685743
2017/03/09,0,26718000,-13089228,13628772
2017/03/10,0,16251579,-4613560,11638019
2017/03/13,0,9471885,-2906266,6565619
2017/03/14,0,22020267,-4680974,17339293
2017/03/15,0,24154000,-5499602,18654398
2017/03/16,0,17232300,-3482000,13750300
2017/03/17,0,34204446,-12691627,21512819
2017/03/20,0,5558000,-6296414,-738414
2017/03/21,0,25514177,-19273808,6240369
2017/03/22,0,17170000,-19600316,-2430316
2017/03/23,0,17960001,-2935312,15024689
2017/03/24,0,17548921,-5310530,12238391
2017/03/27,0,13798260,-8707401,5090859
2017/03/28,0,17549191,-13301068,4248123
2017/03/29,0,22083637,-18607542,3476095
2017/03/30,0,21809000,-22913650,-1104650
2017/03/31,0,30709657,-18161680,12547977
2017/04/03,0,0,0,0
2017/04/04,0,0,0,0
2017/04/05,0,29948628,-31100539,-1151911
2017/04/06,0,11451200,-22398000,-10946800
2017/04/07,0,7592094,-17178000,-9585906
2017/04/10,0,2820000,-12746000,-9926000
2017/04/11,0,7224106,-8959417,-1735311
2017/04/12,0,10933967,-11935179,-1001212
2017/04/13,0,3018912,-6731000,-3712088
2017/04/14,0,1330000,-7219000,-5889000
2017/04/17,0,1863050,-4646000,-2782950
2017/04/18,0,15991000,-5709130,10281870
2017/04/19,0,31472078,-35322662,-3850584
2017/04/20,0,63988879,-71318433,-7329554
2017/04/21,0,14553238,-9202019,5351219
2017/04/24,0,9812837,-3451000,6361837
2017/04/25,0,32040844,-10767140,21273704
2017/04/26,0,32645000,-10682135,21962865
2017/04/27,0,11355828,-7012702,4343126
2017/04/28,0,30961954,-13047000,17914954
2017/05/01,0,0,0,0
2017/05/02,0,26206000,-9224039,16981961
2017/05/03,0,15889344,-3896880,11992464
2017/05/04,0,15756876,-5408334,10348542
2017/05/05,0,15245652,-4902000,10343652
2017/05/08,0,13755682,-7433194,6322488
2017/05/09,0,31390926,-6000960,25389966
2017/05/10,0,25875772,-11846674,14029098
2017/05/11,0,14443161,-4614000,9829161
2017/05/12,0,18101299,-2036240,16065059
2017/05/15,0,30573562,-3602000,26971562
2017/05/16,0,39010097,-15479930,23530167
2017/05/17,0,21201996,-8111692,13090304
2017/05/18,0,11987400,-26076000,-14088600
2017/05/19,0,11728434,-13538479,-1810045
2017/05/22,0,26286462,-10551893,15734569
2017/05/23,0,22085120,-22873529,-788409
2017/05/24,0,21557118,-11246013,10311105
2017/05/25,0,27386000,-5415688,21970312
2017/05/26,0,0,0,0
2017/05/29,0,0,0,0
2017/05/30,0,0,0,0
2017/05/31,0,26340108,-26748130,-408022
2017/06/01,0,14202283,-7259280,6943003
2017/06/02,0,8378964,-7052866,1326098
2017/06/05,0,19618706,-19842061,-223355
2017/06/06,0,8524064,-9543480,-1019416
2017/06/07,0,17511000,-21079883,-3568883
2017/06/08,0,23319853,-14617876,8701977
2017/06/09,0,8867000,-11890126,-3023126
2017/06/12,0,9249356,-14113000,-4863644
2017/06/13,0,6782001,-5382744,1399257
2017/06/14,0,10324000,-9182102,1141898
2017/06/15,0,11003882,-9174393,1829489
2017/06/16,0,12826251,-13037332,-211081
2017/06/19,0,11735236,-3022407,8712829
2017/06/20,0,9692815,-2830000,6862815
2017/06/21,0,13799001,-13281537,517464
2017/06/22,0,11104435,-3797000,7307435
2017/06/23,0,9277000,-5321927,3955073
2017/06/26,0,27787775,-3240272,24547503
2017/06/27,0,15904696,-7204719,8699977
2017/06/28,0,9518251,-8848100,670151
2017/06/29,0,16192726,-839000,15353726
2017/06/30,0,17632000,-7502479,10129521
2017/07/03,0,12895880,-9889704,3006176
2017/07/04,0,20392640,-9903784,10488856
2017/07/05,0,10903000,-11911438,-1008438
2017/07/06,0,12426000,-12079532,346468
2017/07/07,0,9338855,-11995814,-2656959
2017/07/10,0,6987639,-9864199,-2876560
2017/07/11,0,18823601,-6794695,12028906
2017/07/12,0,18387938,-11890905,6497033
2017/07/13,0,36427899,-8220460,28207439
2017/07/14,0,29193000,-15677226,13515774
2017/07/17,0,8781000,-7377064,1403936
2017/07/18,0,5679638,-14473160,-8793522
2017/07/19,0,16917000,-9339935,7577065
2017/07/20,0,6367478,-6516786,-149308
2017/07/21,0,7885931,-12440225,-4554294
2017/07/24,0,13545858,-8049997,5495861
2017/07/25,0,9374000,-13915516,-4541516
2017/07/26,0,8677000,-5223590,3453410
2017/07/27,0,19935000,-4471509,15463491
2017/07/28,0,7991000,-6308218,1682782
2017/07/31,0,13810820,-17838423,-4027603
2017/08/01,0,12105000,-32876080,-20771080
2017/08/02,0,13183764,-10969240,2214524
2017/08/03,0,7868000,-19666385,-11798385
2017/08/04,0,14771183,-4347849,10423334
2017/08/07,0,7037026,-4539458,2497568
2017/08/08,0,7498000,-5961000,1537000
2017/08/09,0,3850854,-11959448,-8108594
2017/08/10,0,7514472,-11890638,-4376166
2017/08/11,0,24483103,-18822000,5661103
2017/08/14,0,7834731,-4272239,3562492
2017/08/15,0,6470000,-5595016,874984
2017/08/16,0,14433426,-11049000,3384426
2017/08/17,0,8760000,-7962000,798000
2017/08/18,0,5887000,-7059000,-1172000
