Date,Open,Buy,Sell,Total
2007/01/02,0,0,-9000,-9000
2007/01/03,0,2915000,-520726,2394274
2007/01/04,0,512000,0,512000
2007/01/05,0,1000000,0,1000000
2007/01/08,0,250000,0,250000
2007/01/09,0,250000,-14000,236000
2007/01/10,0,863000,-21000,842000
2007/01/11,0,17000,0,17000
2007/01/12,0,0,-15000,-15000
2007/01/15,0,0,0,0
2007/01/16,0,8000,-300000,-292000
2007/01/17,0,25000,-187000,-162000
2007/01/18,0,0,-400000,-400000
2007/01/19,0,0,-311000,-311000
2007/01/22,0,60000,-28000,32000
2007/01/23,0,0,-36000,-36000
2007/01/24,0,39000,0,39000
2007/01/25,0,40000,-30000,10000
2007/01/26,0,0,-70000,-70000
2007/01/29,0,0,-3000,-3000
2007/01/30,0,40000,0,40000
2007/01/31,0,0,-812,-812
2007/02/01,0,0,-101000,-101000
2007/02/02,0,10000,0,10000
2007/02/05,0,80000,-196125,-116125
2007/02/06,0,0,-1200000,-1200000
2007/02/07,0,0,0,0
2007/02/08,0,1000,0,1000
2007/02/09,0,0,-2000,-2000
2007/02/12,0,0,0,0
2007/02/13,0,0,0,0
2007/02/14,0,45000,-29000,16000
2007/02/15,0,0,0,0
2007/02/16,0,0,0,0
2007/02/19,0,0,0,0
2007/02/20,0,0,0,0
2007/02/21,0,0,0,0
2007/02/22,0,0,0,0
2007/02/23,0,0,0,0
2007/02/26,0,0,0,0
2007/02/27,0,0,0,0
2007/02/28,0,0,0,0
2007/03/01,0,12000,0,12000
2007/03/02,0,0,-1363000,-1363000
2007/03/05,0,0,0,0
2007/03/06,0,74000,-12000,62000
2007/03/07,0,50000,-12000,38000
2007/03/08,0,0,0,0
2007/03/09,0,50000,0,50000
2007/03/12,0,118000,0,118000
2007/03/13,0,1000,0,1000
2007/03/14,0,0,-35000,-35000
2007/03/15,0,0,0,0
2007/03/16,0,0,0,0
2007/03/19,0,102000,0,102000
2007/03/20,0,2238000,-6000,2232000
2007/03/21,0,900000,-28000,872000
2007/03/22,0,0,-14000,-14000
2007/03/23,0,2000000,-42000,1958000
2007/03/26,0,0,0,0
2007/03/27,0,0,0,0
2007/03/28,0,50000,0,50000
2007/03/29,0,0,-2000,-2000
2007/03/30,0,0,-13000,-13000
2007/04/02,0,0,-19000,-19000
2007/04/03,0,0,0,0
2007/04/04,0,1000,0,1000
2007/04/05,0,0,0,0
2007/04/06,0,0,0,0
2007/04/09,0,0,-2000,-2000
2007/04/10,0,0,-5000,-5000
2007/04/11,0,3000,0,3000
2007/04/12,0,0,0,0
2007/04/13,0,0,-7000,-7000
2007/04/16,0,0,-14000,-14000
2007/04/17,0,9000,0,9000
2007/04/18,0,0,0,0
2007/04/19,0,7000,0,7000
2007/04/20,0,0,-466000,-466000
2007/04/23,0,9000,0,9000
2007/04/24,0,37000,-16000,21000
2007/04/25,0,0,0,0
2007/04/26,0,0,0,0
2007/04/27,0,0,0,0
2007/04/30,0,0,0,0
2007/05/01,0,0,0,0
2007/05/02,0,28000,0,28000
2007/05/03,0,0,0,0
2007/05/04,0,200000,0,200000
2007/05/07,0,0,-28000,-28000
2007/05/08,0,0,-13000,-13000
2007/05/09,0,0,0,0
2007/05/10,0,200000,-1018000,-818000
2007/05/11,0,100000,-1001000,-901000
2007/05/14,0,0,-655000,-655000
2007/05/15,0,45000,-94000,-49000
2007/05/16,0,0,-114000,-114000
2007/05/17,0,0,-7000,-7000
2007/05/18,0,0,0,0
2007/05/21,0,0,0,0
2007/05/22,0,13000,-330000,-317000
2007/05/23,0,0,-5000,-5000
2007/05/24,0,0,0,0
2007/05/25,0,3000,0,3000
2007/05/28,0,0,0,0
2007/05/29,0,0,-100000,-100000
2007/05/30,0,0,0,0
2007/05/31,0,300000,-390000,-90000
2007/06/01,0,0,0,0
2007/06/04,0,7000,0,7000
2007/06/05,0,0,-13000,-13000
2007/06/06,0,10000,0,10000
2007/06/07,0,0,0,0
2007/06/08,0,0,0,0
2007/06/11,0,0,-8000,-8000
2007/06/12,0,0,0,0
2007/06/13,0,0,-61000,-61000
2007/06/14,0,0,-15000,-15000
2007/06/15,0,1817000,-36000,1781000
2007/06/18,0,0,0,0
2007/06/19,0,0,0,0
2007/06/20,0,0,-1000,-1000
2007/06/21,0,0,0,0
2007/06/22,0,0,0,0
2007/06/25,0,366000,-709000,-343000
2007/06/26,0,0,0,0
2007/06/27,0,90000,0,90000
2007/06/28,0,0,0,0
2007/06/29,0,3000,0,3000
2007/07/02,0,0,0,0
2007/07/03,0,4000000,0,4000000
2007/07/04,0,3000,0,3000
2007/07/05,0,2256000,0,2256000
2007/07/06,0,104000,-24000,80000
2007/07/09,0,2000,0,2000
2007/07/10,0,2000,0,2000
2007/07/11,0,0,0,0
2007/07/12,0,30000,0,30000
2007/07/13,0,0,0,0
2007/07/16,0,1656000,0,1656000
2007/07/17,0,0,-13000,-13000
2007/07/18,0,189000,0,189000
2007/07/19,0,7000,0,7000
2007/07/20,0,259000,0,259000
2007/07/23,0,2620000,0,2620000
2007/07/24,0,2002000,0,2002000
2007/07/25,0,2153000,0,2153000
2007/07/26,0,2000,0,2000
2007/07/27,0,26000,-11000,15000
2007/07/30,0,1000,0,1000
2007/07/31,0,0,-16000,-16000
2007/08/01,0,4000,-2076000,-2072000
2007/08/02,0,5000,-15000,-10000
2007/08/03,0,8000,0,8000
2007/08/06,0,1783000,0,1783000
2007/08/07,0,227000,-3000,224000
2007/08/08,0,59000,0,59000
2007/08/09,0,3003000,0,3003000
2007/08/10,0,10000,0,10000
2007/08/13,0,0,-87000,-87000
2007/08/14,0,89000,0,89000
2007/08/15,0,22000,-20000,2000
2007/08/16,0,1025000,0,1025000
2007/08/17,0,18000,-474000,-456000
2007/08/20,0,33000,0,33000
2007/08/21,0,0,0,0
2007/08/22,0,133000,-3000,130000
2007/08/23,0,0,0,0
2007/08/24,0,0,-10000,-10000
2007/08/27,0,8000,-18000,-10000
2007/08/28,0,0,0,0
2007/08/29,0,0,-1000,-1000
2007/08/30,0,0,-1200000,-1200000
2007/08/31,0,0,-97000,-97000
2007/09/03,0,27000,-22000,5000
2007/09/04,0,59000,-8000,51000
2007/09/05,0,0,0,0
2007/09/06,0,0,0,0
2007/09/07,0,1000,-30000,-29000
2007/09/10,0,0,-4000,-4000
2007/09/11,0,12000,0,12000
2007/09/12,0,26000,-45000,-19000
2007/09/13,0,0,0,0
2007/09/14,0,72000,0,72000
2007/09/17,0,1000000,0,1000000
2007/09/18,0,0,0,0
2007/09/19,0,1007000,0,1007000
2007/09/20,0,1010000,0,1010000
2007/09/21,0,8000,-359000,-351000
2007/09/24,0,0,0,0
2007/09/25,0,0,0,0
2007/09/26,0,394000,-10000,384000
2007/09/27,0,414000,0,414000
2007/09/28,0,0,-11000,-11000
2007/10/01,0,1000000,-18000,982000
2007/10/02,0,55000,-15000,40000
2007/10/03,0,0,-2000,-2000
2007/10/04,0,162000,-50000,112000
2007/10/05,0,939000,-4000,935000
2007/10/08,0,45000,-16000,29000
2007/10/09,0,1603000,-320,1602680
2007/10/10,0,0,0,0
2007/10/11,0,0,0,0
2007/10/12,0,111000,0,111000
2007/10/15,0,7000,-5000,2000
2007/10/16,0,0,0,0
2007/10/17,0,0,0,0
2007/10/18,0,0,0,0
2007/10/19,0,0,-45000,-45000
2007/10/22,0,1003000,0,1003000
2007/10/23,0,165000,-103000,62000
2007/10/24,0,0,0,0
2007/10/25,0,0,-50000,-50000
2007/10/26,0,0,0,0
2007/10/29,0,1000,0,1000
2007/10/30,0,1012000,0,1012000
2007/10/31,0,12373000,0,12373000
2007/11/01,0,8796000,0,8796000
2007/11/02,0,6173000,0,6173000
2007/11/05,0,2658000,0,2658000
2007/11/06,0,2772000,-6000,2766000
2007/11/07,0,170000,0,170000
2007/11/08,0,179000,0,179000
2007/11/09,0,2257000,-5000,2252000
2007/11/12,0,2188000,-100000,2088000
2007/11/13,0,1306000,-13000000,-11694000
2007/11/14,0,1724000,-14000,1710000
2007/11/15,0,1000,0,1000
2007/11/16,0,24000,0,24000
2007/11/19,0,3000,-31000,-28000
2007/11/20,0,6000,-170000,-164000
2007/11/21,0,53000,0,53000
2007/11/22,0,6000,0,6000
2007/11/23,0,185000,-110000,75000
2007/11/26,0,16000,-8557000,-8541000
2007/11/27,0,3000,-160,2840
2007/11/28,0,1000,0,1000
2007/11/29,0,4000,-1000000,-996000
2007/11/30,0,31000,0,31000
2007/12/03,0,9000,0,9000
2007/12/04,0,8000,-855000,-847000
2007/12/05,0,34000,0,34000
2007/12/06,0,0,0,0
2007/12/07,0,600000,0,600000
2007/12/10,0,0,-213000,-213000
2007/12/11,0,1000,-55000,-54000
2007/12/12,0,0,-2070000,-2070000
2007/12/13,0,54000,-388000,-334000
2007/12/14,0,1109000,0,1109000
2007/12/17,0,99000,0,99000
2007/12/18,0,228000,-56000,172000
2007/12/19,0,2000,0,2000
2007/12/20,0,251000,0,251000
2007/12/21,0,3000,-2000000,-1997000
2007/12/24,0,643000,-1815000,-1172000
2007/12/25,0,0,-1193000,-1193000
2007/12/26,0,280000,-1000000,-720000
2007/12/27,0,213000,-1470000,-1257000
2007/12/28,0,31000,-2232000,-2201000
2007/12/31,0,0,-1200000,-1200000
2008/01/01,0,0,0,0
2008/01/02,0,0,-2100000,-2100000
2008/01/03,0,3000,-2180000,-2177000
2008/01/04,0,0,-6000,-6000
2008/01/07,0,516000,0,516000
2008/01/08,0,1647000,-61000,1586000
2008/01/09,0,500000,-2000,498000
2008/01/10,0,38000,-10000,28000
2008/01/11,0,402000,0,402000
2008/01/14,0,360000,-30000,330000
2008/01/15,0,2876000,-2000,2874000
2008/01/16,0,9855000,0,9855000
2008/01/17,0,2254000,-52000,2202000
2008/01/18,0,1420000,0,1420000
2008/01/21,0,1093000,0,1093000
2008/01/22,0,742000,0,742000
2008/01/23,0,2490000,-400000,2090000
2008/01/24,0,2293000,0,2293000
2008/01/25,0,11990000,-40000,11950000
2008/01/28,0,4067000,-566000,3501000
2008/01/29,0,7064000,-2078000,4986000
2008/01/30,0,1470000,0,1470000
2008/01/31,0,1423000,0,1423000
2008/02/01,0,620000,-2500000,-1880000
2008/02/04,0,0,0,0
2008/02/05,0,0,0,0
2008/02/06,0,0,0,0
2008/02/07,0,0,0,0
2008/02/08,0,0,0,0
2008/02/11,0,0,0,0
2008/02/12,0,1167000,-405000,762000
2008/02/13,0,7907000,-50000,7857000
2008/02/14,0,1045000,0,1045000
2008/02/15,0,11775000,-198000,11577000
2008/02/18,0,1189000,-406000,783000
2008/02/19,0,865000,-230000,635000
2008/02/20,0,350000,-6216893,-5866893
2008/02/21,0,161000,-167000,-6000
2008/02/22,0,50000,-56000,-6000
2008/02/25,0,2313000,-135000,2178000
2008/02/26,0,4082000,-127000,3955000
2008/02/27,0,1440000,-11000,1429000
2008/02/28,0,0,0,0
2008/02/29,0,1911000,-2606000,-695000
2008/03/03,0,1965000,-20000,1945000
2008/03/04,0,2659000,-5000,2654000
2008/03/05,0,13656000,-45000,13611000
2008/03/06,0,4187000,-19000,4168000
2008/03/07,0,1100000,-1000,1099000
2008/03/10,0,3881000,-330000,3551000
2008/03/11,0,301000,0,301000
2008/03/12,0,2761000,0,2761000
2008/03/13,0,126000,-39000,87000
2008/03/14,0,316000,0,316000
2008/03/17,0,2059000,-1500000,559000
2008/03/18,0,570000,-35000,535000
2008/03/19,0,2941000,-15000,2926000
2008/03/20,0,6985000,-2045000,4940000
2008/03/21,0,21886000,-187000,21699000
2008/03/24,0,9079000,-100000,8979000
2008/03/25,0,1348000,-1287000,61000
2008/03/26,0,2018000,-340000,1678000
2008/03/27,0,379000,-1200000,-821000
2008/03/28,0,1472000,-300000,1172000
2008/03/31,0,1008000,-4182000,-3174000
2008/04/01,0,321000,-1830000,-1509000
2008/04/02,0,5000,0,5000
2008/04/03,0,3000,-187000,-184000
2008/04/04,0,0,0,0
2008/04/07,0,702000,-150000,552000
2008/04/08,0,848000,-548000,300000
2008/04/09,0,1131000,-3530000,-2399000
2008/04/10,0,336000,-190000,146000
2008/04/11,0,2935000,-185000,2750000
2008/04/14,0,2165000,-357000,1808000
2008/04/15,0,2104000,0,2104000
2008/04/16,0,1396000,-3000,1393000
2008/04/17,0,102000,-890000,-788000
2008/04/18,0,1000000,-1827000,-827000
2008/04/21,0,512000,-800000,-288000
2008/04/22,0,207000,-7414000,-7207000
2008/04/23,0,8000,-4730000,-4722000
2008/04/24,0,1964000,-1155000,809000
2008/04/25,0,204000,-300000,-96000
2008/04/28,0,3052000,-100000,2952000
2008/04/29,0,5066000,-400000,4666000
2008/04/30,0,3055000,-164000,2891000
2008/05/01,0,0,0,0
2008/05/02,0,2493000,-50000,2443000
2008/05/05,0,889000,0,889000
2008/05/06,0,1054000,-2945000,-1891000
2008/05/07,0,5406000,-1775000,3631000
2008/05/08,0,1567000,-269000,1298000
2008/05/09,0,19000,-4864000,-4845000
2008/05/12,0,18000,-3103000,-3085000
2008/05/13,0,465000,-4000000,-3535000
2008/05/14,0,5967000,-430000,5537000
2008/05/15,0,513000,-1100000,-587000
2008/05/16,0,900000,-364000,536000
2008/05/19,0,1617000,-254000,1363000
2008/05/20,0,0,-517000,-517000
2008/05/21,0,150000,-3119000,-2969000
2008/05/22,0,3960000,-2450000,1510000
2008/05/23,0,100000,-2560000,-2460000
2008/05/26,0,567000,-1250000,-683000
2008/05/27,0,18000,-164000,-146000
2008/05/28,0,1511000,-760000,751000
2008/05/29,0,3899000,0,3899000
2008/05/30,0,1732000,-895000,837000
2008/06/02,0,4252000,-1017000,3235000
2008/06/03,0,1895000,-650000,1245000
2008/06/04,0,308000,-2812000,-2504000
2008/06/05,0,121000,-945000,-824000
2008/06/06,0,5000,0,5000
2008/06/09,0,5000,0,5000
2008/06/10,0,44000,0,44000
2008/06/11,0,35000,-750000,-715000
2008/06/12,0,136000,0,136000
2008/06/13,0,761000,-1100000,-339000
2008/06/16,0,535000,-100000,435000
2008/06/17,0,198000,-55000,143000
2008/06/18,0,70000,0,70000
2008/06/19,0,0,-29000,-29000
2008/06/20,0,736000,-453000,283000
2008/06/23,0,242000,-450000,-208000
2008/06/24,0,2342000,-200000,2142000
2008/06/25,0,4738000,-5000,4733000
2008/06/26,0,280000,-833000,-553000
2008/06/27,0,2734000,-951000,1783000
2008/06/30,0,1114000,-1000,1113000
2008/07/01,0,3704000,0,3704000
2008/07/02,0,540000,-1323000,-783000
2008/07/03,0,1355000,-9209000,-7854000
2008/07/04,0,1237000,-645000,592000
2008/07/07,0,355000,-37000,318000
2008/07/08,0,3700000,-5329000,-1629000
2008/07/09,0,3578000,-5608000,-2030000
2008/07/10,0,0,-8720000,-8720000
2008/07/11,0,27000,-3480000,-3453000
2008/07/14,0,2000,-1332000,-1330000
2008/07/15,0,9000,-9315000,-9306000
2008/07/16,0,644000,-2509000,-1865000
2008/07/17,0,144000,-6255000,-6111000
2008/07/18,0,1814000,-1182000,632000
2008/07/21,0,0,-411000,-411000
2008/07/22,0,2333000,-10000,2323000
2008/07/23,0,5353000,-149000,5204000
2008/07/24,0,877000,-3491000,-2614000
2008/07/25,0,1900000,-491000,1409000
2008/07/28,0,0,0,0
2008/07/29,0,811000,-5761000,-4950000
2008/07/30,0,1810000,-1452000,358000
2008/07/31,0,414000,-365000,49000
2008/08/01,0,224000,-565000,-341000
2008/08/04,0,4554000,-8000,4546000
2008/08/05,0,0,-1236420,-1236420
2008/08/06,0,1010000,-1784000,-774000
2008/08/07,0,1935000,-951000,984000
2008/08/08,0,293000,-900000,-607000
2008/08/11,0,1085000,-500000,585000
2008/08/12,0,737000,-608000,129000
2008/08/13,0,1993000,-817000,1176000
2008/08/14,0,3321000,-20000,3301000
2008/08/15,0,2067000,-450000,1617000
2008/08/18,0,3000,-12006000,-12003000
2008/08/19,0,0,-5283000,-5283000
2008/08/20,0,1006000,-1809000,-803000
2008/08/21,0,5635000,-383000,5252000
2008/08/22,0,6000,-1188000,-1182000
2008/08/25,0,3000,-336000,-333000
2008/08/26,0,0,-29000,-29000
2008/08/27,0,0,0,0
2008/08/28,0,500000,-2241000,-1741000
2008/08/29,0,953000,-2080000,-1127000
2008/09/01,0,2307000,-339000,1968000
2008/09/02,0,514000,-1212000,-698000
2008/09/03,0,1101000,-9811000,-8710000
2008/09/04,0,539000,-3465000,-2926000
2008/09/05,0,23000,-1993313,-1970313
2008/09/08,0,0,-9000,-9000
2008/09/09,0,2191000,0,2191000
2008/09/10,0,11632000,-2299000,9333000
2008/09/11,0,5665000,-253000,5412000
2008/09/12,0,1720000,0,1720000
2008/09/15,0,797000,-1300000,-503000
2008/09/16,0,28000,-2716000,-2688000
2008/09/17,0,894000,-1230000,-336000
2008/09/18,0,313000,-4301000,-3988000
2008/09/19,0,1313000,-4902000,-3589000
2008/09/22,0,45000,-1015424,-970424
2008/09/23,0,1417000,-8450560,-7033560
2008/09/24,0,67000,-58376,8624
2008/09/25,0,115000,-2024528,-1909528
2008/09/26,0,79000,-2921003,-2842003
2008/09/29,0,0,0,0
2008/09/30,0,68000,-5742380,-5674380
2008/10/01,0,1520000,-2199000,-679000
2008/10/02,0,20000,-16000,4000
2008/10/03,0,251000,-4395920,-4144920
2008/10/06,0,0,-4815000,-4815000
2008/10/07,0,0,-2485692,-2485692
2008/10/08,0,0,-1423000,-1423000
2008/10/09,0,21000,-10416004,-10395004
2008/10/10,0,0,0,0
2008/10/13,0,168000,-3156000,-2988000
2008/10/14,0,204000,-653162,-449162
2008/10/15,0,22000,-305760,-283760
2008/10/16,0,34000,0,34000
2008/10/17,0,11000,-1256200,-1245200
2008/10/20,0,0,-989000,-989000
2008/10/21,0,131000,-324476,-193476
2008/10/22,0,0,-3917720,-3917720
2008/10/23,0,16000,0,16000
2008/10/24,0,0,-1497000,-1497000
2008/10/27,0,0,-14000,-14000
2008/10/28,0,5198000,-1583000,3615000
2008/10/29,0,9021000,-10911000,-1890000
2008/10/30,0,200000,-5000,195000
2008/10/31,0,504000,0,504000
2008/11/03,0,695000,-420732,274268
2008/11/04,0,3202000,-6000,3196000
2008/11/05,0,3050000,-15486000,-12436000
2008/11/06,0,3260000,-769000,2491000
2008/11/07,0,4084000,-6116,4077884
2008/11/10,0,7115000,0,7115000
2008/11/11,0,4567000,-1630600,2936400
2008/11/12,0,959000,-1464620,-505620
2008/11/13,0,10000,-929000,-919000
2008/11/14,0,78000,-7254000,-7176000
2008/11/17,0,1712000,-2712904,-1000904
2008/11/18,0,5422000,0,5422000
2008/11/19,0,5604000,-325000,5279000
2008/11/20,0,1112000,-2403400,-1291400
2008/11/21,0,19000,-4046000,-4027000
2008/11/24,0,563000,-128,562872
2008/11/25,0,473000,-1601244,-1128244
2008/11/26,0,886000,-22264,863736
2008/11/27,0,1083000,0,1083000
2008/11/28,0,1333000,-19000,1314000
2008/12/01,0,4294000,-549756,3744244
2008/12/02,0,7319000,0,7319000
2008/12/03,0,295000,-155000,140000
2008/12/04,0,1438000,-80,1437920
2008/12/05,0,2529000,-241000,2288000
2008/12/08,0,836000,0,836000
2008/12/09,0,7036000,-900000,6136000
2008/12/10,0,5920000,-37000,5883000
2008/12/11,0,4655000,-9009000,-4354000
2008/12/12,0,10600000,-1695000,8905000
2008/12/15,0,6748000,-5345464,1402536
2008/12/16,0,2660000,-653000,2007000
2008/12/17,0,2069000,0,2069000
2008/12/18,0,1480000,-3005000,-1525000
2008/12/19,0,941000,-364000,577000
2008/12/22,0,646000,0,646000
2008/12/23,0,2000,-450000,-448000
2008/12/24,0,1413000,-215000,1198000
2008/12/25,0,3512000,0,3512000
2008/12/26,0,666000,-259000,407000
2008/12/29,0,312000,0,312000
2008/12/30,0,7482000,-1055000,6427000
2008/12/31,0,2387000,-573000,1814000
2009/01/01,0,0,0,0
2009/01/02,0,0,0,0
2009/01/05,0,3088000,-10000,3078000
2009/01/06,0,2007000,0,2007000
2009/01/07,0,839000,-5925080,-5086080
2009/01/08,0,0,-1319000,-1319000
2009/01/09,0,12000,-1000000,-988000
2009/01/12,0,81000,-4015000,-3934000
2009/01/13,0,504000,-9324000,-8820000
2009/01/14,0,2728000,-3406884,-678884
2009/01/15,0,84000,-711000,-627000
2009/01/16,0,2516000,-661000,1855000
2009/01/19,0,2000,-1845000,-1843000
2009/01/20,0,0,-12440000,-12440000
2009/01/21,0,0,-5792560,-5792560
2009/01/22,0,0,0,0
2009/01/23,0,0,0,0
2009/01/26,0,0,0,0
2009/01/27,0,0,0,0
2009/01/28,0,0,0,0
2009/01/29,0,0,0,0
2009/01/30,0,0,0,0
2009/02/02,0,0,0,0
2009/02/03,0,900000,-1477000,-577000
2009/02/04,0,205000,-7222124,-7017124
2009/02/05,0,0,-598000,-598000
2009/02/06,0,8000,-2494000,-2486000
2009/02/09,0,450000,-10023000,-9573000
2009/02/10,0,74000,-2816000,-2742000
2009/02/11,0,83000,-14000,69000
2009/02/12,0,0,-2342520,-2342520
2009/02/13,0,119000,-8000,111000
2009/02/16,0,0,0,0
2009/02/17,0,800000,-395000,405000
2009/02/18,0,22000,-2095128,-2073128
2009/02/19,0,600000,-597392,2608
2009/02/20,0,0,-550000,-550000
2009/02/23,0,84000,-5771000,-5687000
2009/02/24,0,208000,-2602000,-2394000
2009/02/25,0,1100000,-443000,657000
2009/02/26,0,8045000,-300000,7745000
2009/02/27,0,831000,-1504000,-673000
2009/03/02,0,11970000,-105000,11865000
2009/03/03,0,0,-739000,-739000
2009/03/04,0,150000,-1662680,-1512680
2009/03/05,0,5265000,-600000,4665000
2009/03/06,0,832000,-1198710,-366710
2009/03/09,0,5000,-162000,-157000
2009/03/10,0,879000,-5000,874000
2009/03/11,0,6980000,-14000,6966000
2009/03/12,0,8095000,-417000,7678000
2009/03/13,0,2838000,-21000,2817000
2009/03/16,0,13365000,-1320000,12045000
2009/03/17,0,13924000,-1504664,12419336
2009/03/18,0,5510000,-36000,5474000
2009/03/19,0,1700000,-300000,1400000
2009/03/20,0,2826000,-2544000,282000
2009/03/23,0,767000,-6593000,-5826000
2009/03/24,0,7703000,-32000,7671000
2009/03/25,0,450000,-500000,-50000
2009/03/26,0,0,-1000000,-1000000
2009/03/27,0,4356000,-800000,3556000
2009/03/30,0,2000000,-1056000,944000
2009/03/31,0,1212000,-222000,990000
2009/04/01,0,6212000,0,6212000
2009/04/02,0,12499000,-47000,12452000
2009/04/03,0,7541000,-412000,7129000
2009/04/06,0,4113000,-4000,4109000
2009/04/07,0,2262000,0,2262000
2009/04/08,0,3135000,-1456000,1679000
2009/04/09,0,0,-1004000,-1004000
2009/04/10,0,1441000,-10076000,-8635000
2009/04/13,0,3900000,-3319000,581000
2009/04/14,0,4350000,-116000,4234000
2009/04/15,0,0,-1011000,-1011000
2009/04/16,0,377000,-3332311,-2955311
2009/04/17,0,280000,-95000,185000
2009/04/20,0,285000,-937000,-652000
2009/04/21,0,11000,-409000,-398000
2009/04/22,0,9000,-5106000,-5097000
2009/04/23,0,0,-5242000,-5242000
2009/04/24,0,1216000,-5666000,-4450000
2009/04/27,0,3000,-10640000,-10637000
2009/04/28,0,4000,-16554688,-16550688
2009/04/29,0,1824000,-804,1823196
2009/04/30,0,0,-10578000,-10578000
2009/05/01,0,0,0,0
2009/05/04,0,0,0,0
2009/05/05,0,1759000,-8000,1751000
2009/05/06,0,1704000,-1428000,276000
2009/05/07,0,600000,-3695000,-3095000
2009/05/08,0,0,-3938000,-3938000
2009/05/11,0,4000,-1280000,-1276000
2009/05/12,0,0,-3923000,-3923000
2009/05/13,0,1543000,-2421000,-878000
2009/05/14,0,0,-2573064,-2573064
2009/05/15,0,25000,-2540000,-2515000
2009/05/18,0,2520000,-10700000,-8180000
2009/05/19,0,10942000,0,10942000
2009/05/20,0,3584000,-503000,3081000
2009/05/21,0,4206000,-700000,3506000
2009/05/22,0,0,-10000,-10000
2009/05/25,0,525000,-20000,505000
2009/05/26,0,67000,-65000,2000
2009/05/27,0,1065000,-99000,966000
2009/05/28,0,0,0,0
2009/05/29,0,0,0,0
2009/06/01,0,530000,-2059000,-1529000
2009/06/02,0,2028000,-4327000,-2299000
2009/06/03,0,100000,-5663000,-5563000
2009/06/04,0,26000,-10000,16000
2009/06/05,0,0,-3000,-3000
2009/06/08,0,41000,-884116,-843116
2009/06/09,0,6000,-2835000,-2829000
2009/06/10,0,39000,-3774000,-3735000
2009/06/11,0,79000,-5284000,-5205000
2009/06/12,0,0,-3615000,-3615000
2009/06/15,0,12000,-660000,-648000
2009/06/16,0,24000,-2202000,-2178000
2009/06/17,0,60000,0,60000
2009/06/18,0,20000,-13139000,-13119000
2009/06/19,0,264000,-1197000,-933000
2009/06/22,0,15000,-592,14408
2009/06/23,0,2800000,-316000,2484000
2009/06/24,0,2585000,-350000,2235000
2009/06/25,0,4092000,0,4092000
2009/06/26,0,418000,-2000000,-1582000
2009/06/29,0,50000,0,50000
2009/06/30,0,0,0,0
2009/07/01,0,0,0,0
2009/07/02,0,14000,0,14000
2009/07/03,0,0,-2559000,-2559000
2009/07/06,0,0,-99000,-99000
2009/07/07,0,7000,-700000,-693000
2009/07/08,0,0,-43000,-43000
2009/07/09,0,0,-2364000,-2364000
2009/07/10,0,0,-4899000,-4899000
2009/07/13,0,0,-1738000,-1738000
2009/07/14,0,0,-4684000,-4684000
2009/07/15,0,0,-4130000,-4130000
2009/07/16,0,0,-8000,-8000
2009/07/17,0,0,0,0
2009/07/20,0,0,-2200200,-2200200
2009/07/21,0,0,-543000,-543000
2009/07/22,0,0,-241000,-241000
2009/07/23,0,0,-48000,-48000
2009/07/24,0,850000,-109000,741000
2009/07/27,0,0,-258000,-258000
2009/07/28,0,0,-3704000,-3704000
2009/07/29,0,0,-30000,-30000
2009/07/30,0,0,-2635000,-2635000
2009/07/31,0,200000,-75000,125000
2009/08/03,0,0,0,0
2009/08/04,0,4500000,-20000,4480000
2009/08/05,0,2500000,-2000816,499184
2009/08/06,0,2000000,-9000,1991000
2009/08/07,0,0,0,0
2009/08/10,0,2017000,-48000,1969000
2009/08/11,0,1959000,0,1959000
2009/08/12,0,1200000,-2083000,-883000
2009/08/13,0,0,-2037221,-2037221
2009/08/14,0,0,-3535000,-3535000
2009/08/17,0,0,-65000,-65000
2009/08/18,0,9000,-47000,-38000
2009/08/19,0,4000,0,4000
2009/08/20,0,1206000,-506000,700000
2009/08/21,0,0,-890470,-890470
2009/08/24,0,19000,-266900,-247900
2009/08/25,0,0,-220621,-220621
2009/08/26,0,2000,0,2000
2009/08/27,0,21000,-10042,10958
2009/08/28,0,0,-213320,-213320
2009/08/31,0,29000,-580000,-551000
2009/09/01,0,0,-308255,-308255
2009/09/02,0,0,-412375,-412375
2009/09/03,0,1000000,-259000,741000
2009/09/04,0,1050000,-12000,1038000
2009/09/07,0,0,-9000,-9000
2009/09/08,0,0,-1800,-1800
2009/09/09,0,62000,0,62000
2009/09/10,0,2472000,0,2472000
2009/09/11,0,300000,0,300000
2009/09/14,0,0,-1085500,-1085500
2009/09/15,0,0,-680000,-680000
2009/09/16,0,38000,0,38000
2009/09/17,0,250000,-297000,-47000
2009/09/18,0,0,-206000,-206000
2009/09/21,0,0,-66000,-66000
2009/09/22,0,0,0,0
2009/09/23,0,19000,-733900,-714900
2009/09/24,0,11000,0,11000
2009/09/25,0,900000,0,900000
2009/09/28,0,12000,0,12000
2009/09/29,0,251000,0,251000
2009/09/30,0,0,-8000,-8000
2009/10/01,0,0,-252000,-252000
2009/10/02,0,507000,-854085,-347085
2009/10/05,0,0,-44,-44
2009/10/06,0,0,-440000,-440000
2009/10/07,0,0,0,0
2009/10/08,0,1000,0,1000
2009/10/09,0,4000,0,4000
2009/10/12,0,0,0,0
2009/10/13,0,13000,-50000,-37000
2009/10/14,0,0,-5000,-5000
2009/10/15,0,0,-674375,-674375
2009/10/16,0,0,0,0
2009/10/19,0,16000,-123000,-107000
2009/10/20,0,6000,-500,5500
2009/10/21,0,38000,-11000,27000
2009/10/22,0,0,0,0
2009/10/23,0,0,0,0
2009/10/26,0,0,-2612850,-2612850
2009/10/27,0,7000,-11014,-4014
2009/10/28,0,0,-129000,-129000
2009/10/29,0,4000,-1107000,-1103000
2009/10/30,0,1581000,-58000,1523000
2009/11/02,0,349000,0,349000
2009/11/03,0,7000,-3000,4000
2009/11/04,0,387000,-256000,131000
2009/11/05,0,8000,0,8000
2009/11/06,0,424000,-2000,422000
2009/11/09,0,3718000,0,3718000
2009/11/10,0,1064000,-7000,1057000
2009/11/11,0,623000,0,623000
2009/11/12,0,0,-1000,-1000
2009/11/13,0,500000,-10000,490000
2009/11/16,0,157000,-11000,146000
2009/11/17,0,0,-2000,-2000
2009/11/18,0,0,-284500,-284500
2009/11/19,0,0,-293000,-293000
2009/11/20,0,0,-7000,-7000
2009/11/23,0,0,-3000,-3000
2009/11/24,0,0,-1592000,-1592000
2009/11/25,0,0,0,0
2009/11/26,0,0,-512500,-512500
2009/11/27,0,0,-4264875,-4264875
2009/11/30,0,0,-4851375,-4851375
2009/12/01,0,0,-650,-650
2009/12/02,0,0,0,0
2009/12/03,0,0,-2130390,-2130390
2009/12/04,0,0,-623000,-623000
2009/12/07,0,0,0,0
2009/12/08,0,0,0,0
2009/12/09,0,0,-50000,-50000
2009/12/10,0,0,-98000,-98000
2009/12/11,0,6000,0,6000
2009/12/14,0,0,-115000,-115000
2009/12/15,0,0,-350000,-350000
2009/12/16,0,0,-17000,-17000
2009/12/17,0,0,-11000,-11000
2009/12/18,0,0,-12000,-12000
2009/12/21,0,0,-145250,-145250
2009/12/22,0,0,-322000,-322000
2009/12/23,0,1000,-200,800
2009/12/24,0,75000,0,75000
2009/12/25,0,0,-12000,-12000
2009/12/28,0,0,-116300,-116300
2009/12/29,0,0,-114000,-114000
2009/12/30,0,0,-1034000,-1034000
2009/12/31,0,150000,-72000,78000
2010/01/01,0,0,0,0
2010/01/04,0,134000,-283000,-149000
2010/01/05,0,126000,-3000,123000
2010/01/06,0,0,-281000,-281000
2010/01/07,0,0,-3000,-3000
2010/01/08,0,0,-10000,-10000
2010/01/11,0,0,-3000,-3000
2010/01/12,0,0,-10000,-10000
2010/01/13,0,0,-3000,-3000
2010/01/14,0,0,-6000,-6000
2010/01/15,0,0,-1490650,-1490650
2010/01/18,0,18000,-20000,-2000
2010/01/19,0,21000,0,21000
2010/01/20,0,0,-8000,-8000
2010/01/21,0,0,-4000,-4000
2010/01/22,0,0,-32000,-32000
2010/01/25,0,0,-9000,-9000
2010/01/26,0,0,-3000,-3000
2010/01/27,0,41000,0,41000
2010/01/28,0,78000,-699,77301
2010/01/29,0,8000,0,8000
2010/02/01,0,9000,-95000,-86000
2010/02/02,0,0,-517000,-517000
2010/02/03,0,4000,-32000,-28000
2010/02/04,0,5000,0,5000
2010/02/05,0,4000,-6400479,-6396479
2010/02/08,0,20000,-3000,17000
2010/02/09,0,23000,0,23000
2010/02/10,0,848000,0,848000
2010/02/11,0,0,0,0
2010/02/12,0,0,0,0
2010/02/15,0,0,0,0
2010/02/16,0,0,0,0
2010/02/17,0,0,0,0
2010/02/18,0,0,0,0
2010/02/19,0,0,0,0
2010/02/22,0,327000,0,327000
2010/02/23,0,19000,0,19000
2010/02/24,0,275000,0,275000
2010/02/25,0,8000,0,8000
2010/02/26,0,3329000,-10000,3319000
2010/03/01,0,5000,0,5000
2010/03/02,0,3695000,0,3695000
2010/03/03,0,4238000,0,4238000
2010/03/04,0,2755000,-5000,2750000
2010/03/05,0,54000,0,54000
2010/03/08,0,299000,0,299000
2010/03/09,0,947000,0,947000
2010/03/10,0,0,-118000,-118000
2010/03/11,0,2000,0,2000
2010/03/12,0,119000,-168000,-49000
2010/03/15,0,0,-7000,-7000
2010/03/16,0,0,-6000,-6000
2010/03/17,0,728000,-202000,526000
2010/03/18,0,140000,-4000,136000
2010/03/19,0,0,-189000,-189000
2010/03/22,0,0,-4000,-4000
2010/03/23,0,171000,-46000,125000
2010/03/24,0,0,-3000,-3000
2010/03/25,0,0,-4000,-4000
2010/03/26,0,0,-2000,-2000
2010/03/29,0,53000,0,53000
2010/03/30,0,352000,0,352000
2010/03/31,0,47000,-281000,-234000
2010/04/01,0,71000,-1301000,-1230000
2010/04/02,0,2000,-234000,-232000
2010/04/05,0,0,0,0
2010/04/06,0,0,-303625,-303625
2010/04/07,0,0,-15000,-15000
2010/04/08,0,0,-711000,-711000
2010/04/09,0,0,-2000,-2000
2010/04/12,0,185000,-2000,183000
2010/04/13,0,92000,-5000,87000
2010/04/14,0,585000,-528000,57000
2010/04/15,0,0,-6000,-6000
2010/04/16,0,0,-505000,-505000
2010/04/19,0,0,-6451129,-6451129
2010/04/20,0,2000,-11000,-9000
2010/04/21,0,3000,0,3000
2010/04/22,0,0,-3116000,-3116000
2010/04/23,0,0,0,0
2010/04/26,0,0,0,0
2010/04/27,0,3000,-2000,1000
2010/04/28,0,3000,-3000,0
2010/04/29,0,0,0,0
2010/04/30,0,0,0,0
2010/05/03,0,0,-2000,-2000
2010/05/04,0,0,0,0
2010/05/05,0,100000,-16000,84000
2010/05/06,0,200000,-5000,195000
2010/05/07,0,7000,-2000,5000
2010/05/10,0,6000,-139000,-133000
2010/05/11,0,6000,-138000,-132000
2010/05/12,0,2000,0,2000
2010/05/13,0,302000,0,302000
2010/05/14,0,4000,-618000,-614000
2010/05/17,0,3000,-1000,2000
2010/05/18,0,0,0,0
2010/05/19,0,0,-19000,-19000
2010/05/20,0,6000,-17000,-11000
2010/05/21,0,0,0,0
2010/05/24,0,209000,-116657,92343
2010/05/25,0,3000,0,3000
2010/05/26,0,5000,-215000,-210000
2010/05/27,0,9000,0,9000
2010/05/28,0,0,-7000,-7000
2010/05/31,0,0,-3000,-3000
2010/06/01,0,1000,-250,750
2010/06/02,0,0,-921000,-921000
2010/06/03,0,0,-611000,-611000
2010/06/04,0,0,0,0
2010/06/07,0,0,-424000,-424000
2010/06/08,0,6000,-425000,-419000
2010/06/09,0,4000,0,4000
2010/06/10,0,7000,-2000,5000
2010/06/11,0,0,-312,-312
2010/06/14,0,2000,0,2000
2010/06/15,0,284000,0,284000
2010/06/16,0,0,0,0
2010/06/17,0,0,-2000,-2000
2010/06/18,0,0,-21000,-21000
2010/06/21,0,1251000,-8000,1243000
2010/06/22,0,0,-6000,-6000
2010/06/23,0,0,-64500,-64500
2010/06/24,0,29000,-4000,25000
2010/06/25,0,788000,-29000,759000
2010/06/28,0,132000,0,132000
2010/06/29,0,7000,0,7000
2010/06/30,0,200000,0,200000
2010/07/01,0,350000,0,350000
2010/07/02,0,1760000,0,1760000
2010/07/05,0,1200000,-1000,1199000
2010/07/06,0,2263000,0,2263000
2010/07/07,0,1822000,0,1822000
2010/07/08,0,1649000,0,1649000
2010/07/09,0,283000,0,283000
2010/07/12,0,3188000,0,3188000
2010/07/13,0,0,-6000,-6000
2010/07/14,0,142000,-100000,42000
2010/07/15,0,1175000,-607000,568000
2010/07/16,0,3134000,-1368000,1766000
2010/07/19,0,4622000,-65000,4557000
2010/07/20,0,5500000,0,5500000
2010/07/21,0,2306000,-4000,2302000
2010/07/22,0,9000,0,9000
2010/07/23,0,1000,0,1000
2010/07/26,0,0,-413050,-413050
2010/07/27,0,50000,0,50000
2010/07/28,0,568000,-585000,-17000
2010/07/29,0,27000,0,27000
2010/07/30,0,806000,-20000,786000
2010/08/02,0,2898000,-10000,2888000
2010/08/03,0,3509000,-14000,3495000
2010/08/04,0,2000,-277000,-275000
2010/08/05,0,469000,-236325,232675
2010/08/06,0,0,-988000,-988000
2010/08/09,0,1263000,-2000,1261000
2010/08/10,0,80000,0,80000
2010/08/11,0,75000,-1735000,-1660000
2010/08/12,0,2000,0,2000
2010/08/13,0,0,-20000,-20000
2010/08/16,0,1253000,-4000,1249000
2010/08/17,0,3000,-13790,-10790
2010/08/18,0,1200000,-10000,1190000
2010/08/19,0,0,-3000,-3000
2010/08/20,0,0,-1000,-1000
2010/08/23,0,0,0,0
2010/08/24,0,2005000,-9000,1996000
2010/08/25,0,1454000,-6000,1448000
2010/08/26,0,610000,-4000,606000
2010/08/27,0,1003000,0,1003000
2010/08/30,0,77000,0,77000
2010/08/31,0,878000,0,878000
2010/09/01,0,0,0,0
2010/09/02,0,13000,0,13000
2010/09/03,0,603000,0,603000
2010/09/06,0,958000,0,958000
2010/09/07,0,13000,0,13000
2010/09/08,0,493000,0,493000
2010/09/09,0,0,0,0
2010/09/10,0,0,0,0
2010/09/13,0,394000,-1000000,-606000
2010/09/14,0,1709000,-4000,1705000
2010/09/15,0,593000,0,593000
2010/09/16,0,1410000,-15000,1395000
2010/09/17,0,2836000,-12000,2824000
2010/09/20,0,40000,-4000,36000
2010/09/21,0,0,-864925,-864925
2010/09/22,0,0,0,0
2010/09/23,0,15997000,-762000,15235000
2010/09/24,0,2180000,-8000,2172000
2010/09/27,0,1262000,-27850,1234150
2010/09/28,0,974000,-300000,674000
2010/09/29,0,0,0,0
2010/09/30,0,0,-542475,-542475
2010/10/01,0,1722000,-900000,822000
2010/10/04,0,3488000,-430000,3058000
2010/10/05,0,663000,0,663000
2010/10/06,0,0,-432000,-432000
2010/10/07,0,708000,0,708000
2010/10/08,0,0,-4000,-4000
2010/10/11,0,0,0,0
2010/10/12,0,0,-5000,-5000
2010/10/13,0,278000,-1455500,-1177500
2010/10/14,0,17000,-41000,-24000
2010/10/15,0,0,-71000,-71000
2010/10/18,0,0,-44000,-44000
2010/10/19,0,1015000,-80000,935000
2010/10/20,0,500000,-3655150,-3155150
2010/10/21,0,235000,-606150,-371150
2010/10/22,0,0,-890000,-890000
2010/10/25,0,26000,-6000,20000
2010/10/26,0,750000,-1548000,-798000
2010/10/27,0,519000,0,519000
2010/10/28,0,0,-93000,-93000
2010/10/29,0,50000,-1878000,-1828000
2010/11/01,0,50000,0,50000
2010/11/02,0,0,-186000,-186000
2010/11/03,0,50000,0,50000
2010/11/04,0,300000,0,300000
2010/11/05,0,0,0,0
2010/11/08,0,38000,-5000,33000
2010/11/09,0,282000,-1607000,-1325000
2010/11/10,0,0,-6000,-6000
2010/11/11,0,9000,-424000,-415000
2010/11/12,0,0,-3000,-3000
2010/11/15,0,0,-9000000,-9000000
2010/11/16,0,105000,-103000,2000
2010/11/17,0,1000000,-3407000,-2407000
2010/11/18,0,0,-2092000,-2092000
2010/11/19,0,0,-1085000,-1085000
2010/11/22,0,558000,-272000,286000
2010/11/23,0,3407000,-393000,3014000
2010/11/24,0,1975000,-331000,1644000
2010/11/25,0,0,-302000,-302000
2010/11/26,0,4000,-4000,0
2010/11/29,0,0,-3147000,-3147000
2010/11/30,0,0,-1404000,-1404000
2010/12/01,0,2375000,-702000,1673000
2010/12/02,0,4264000,-16000,4248000
2010/12/03,0,653000,-317000,336000
2010/12/06,0,2409000,-498000,1911000
2010/12/07,0,1562000,-42000,1520000
2010/12/08,0,1686000,-11000,1675000
2010/12/09,0,3584000,-1105000,2479000
2010/12/10,0,0,0,0
2010/12/13,0,1100000,-13000,1087000
2010/12/14,0,2243000,-1000000,1243000
2010/12/15,0,1189000,0,1189000
2010/12/16,0,1176000,-8000,1168000
2010/12/17,0,3515000,-17000,3498000
2010/12/20,0,3519000,-9000,3510000
2010/12/21,0,3000,0,3000
2010/12/22,0,708000,-150000,558000
2010/12/23,0,0,-1555000,-1555000
2010/12/24,0,1280000,0,1280000
2010/12/27,0,4339000,-5000,4334000
2010/12/28,0,9246000,-1047000,8199000
2010/12/29,0,2683000,-800000,1883000
2010/12/30,0,1600000,-109000,1491000
2010/12/31,0,1142000,-638000,504000
2011/01/03,0,5144000,0,5144000
2011/01/04,0,1193000,-1327000,-134000
2011/01/05,0,0,0,0
2011/01/06,0,300000,-11630000,-11330000
2011/01/07,0,1765000,-4631000,-2866000
2011/01/10,0,9497000,-658000,8839000
2011/01/11,0,2422000,-680625,1741375
2011/01/12,0,1153000,-68000,1085000
2011/01/13,0,533000,-1291000,-758000
2011/01/14,0,0,-107000,-107000
2011/01/17,0,0,0,0
2011/01/18,0,2833000,0,2833000
2011/01/19,0,2405000,-290000,2115000
2011/01/20,0,0,-98000,-98000
2011/01/21,0,0,-869000,-869000
2011/01/24,0,0,0,0
2011/01/25,0,17000,0,17000
2011/01/26,0,375000,-1272000,-897000
2011/01/27,0,379000,-5000,374000
2011/01/28,0,3299000,-12000,3287000
2011/01/31,0,0,0,0
2011/02/01,0,0,0,0
2011/02/02,0,0,0,0
2011/02/03,0,0,0,0
2011/02/04,0,0,0,0
2011/02/07,0,0,0,0
2011/02/08,0,1000000,-2519000,-1519000
2011/02/09,0,958000,0,958000
2011/02/10,0,0,-2235000,-2235000
2011/02/11,0,307000,-1923000,-1616000
2011/02/14,0,6000,-300000,-294000
2011/02/15,0,161000,-1524000,-1363000
2011/02/16,0,8000,-1533000,-1525000
2011/02/17,0,624000,-2617148,-1993148
2011/02/18,0,1213000,-584000,629000
2011/02/21,0,0,-346000,-346000
2011/02/22,0,0,-1942000,-1942000
2011/02/23,0,226000,-1000000,-774000
2011/02/24,0,376000,-608000,-232000
2011/02/25,0,5000,-1031000,-1026000
2011/02/28,0,0,0,0
2011/03/01,0,200000,0,200000
2011/03/02,0,4000,-522650,-518650
2011/03/03,0,1002000,-700000,302000
2011/03/04,0,600000,-269125,330875
2011/03/07,0,0,0,0
2011/03/08,0,150000,-1450000,-1300000
2011/03/09,0,9000,-4629000,-4620000
2011/03/10,0,1220000,-2272000,-1052000
2011/03/11,0,299000,-262969,36031
2011/03/14,0,8000,-1433000,-1425000
2011/03/15,0,4000,-1966000,-1962000
2011/03/16,0,364000,0,364000
2011/03/17,0,220000,-539000,-319000
2011/03/18,0,0,-1709000,-1709000
2011/03/21,0,20000,0,20000
2011/03/22,0,445000,-200000,245000
2011/03/23,0,60000,0,60000
2011/03/24,0,10000,0,10000
2011/03/25,0,0,0,0
2011/03/28,0,49000,0,49000
2011/03/29,0,46000,0,46000
2011/03/30,0,4000,-591000,-587000
2011/03/31,0,35000,0,35000
2011/04/01,0,10000,-891000,-881000
2011/04/04,0,0,0,0
2011/04/05,0,0,0,0
2011/04/06,0,160000,-7000,153000
2011/04/07,0,0,0,0
2011/04/08,0,0,-1277000,-1277000
2011/04/11,0,2000,0,2000
2011/04/12,0,0,-17000,-17000
2011/04/13,0,0,-2501000,-2501000
2011/04/14,0,0,-144000,-144000
2011/04/15,0,0,-238000,-238000
2011/04/18,0,336000,-4000,332000
2011/04/19,0,7000,-101000,-94000
2011/04/20,0,526000,-700000,-174000
2011/04/21,0,1744000,-30000,1714000
2011/04/22,0,3042000,0,3042000
2011/04/25,0,2666000,-4000,2662000
2011/04/26,0,848000,-226000,622000
2011/04/27,0,2735000,-5184,2729816
2011/04/28,0,3389000,-1000,3388000
2011/04/29,0,100000,0,100000
2011/05/02,0,0,0,0
2011/05/03,0,645000,0,645000
2011/05/04,0,2065000,0,2065000
2011/05/05,0,65000,-628000,-563000
2011/05/06,0,689000,0,689000
2011/05/09,0,1301000,0,1301000
2011/05/10,0,0,0,0
2011/05/11,0,0,0,0
2011/05/12,0,215000,-3000,212000
2011/05/13,0,306000,-3413000,-3107000
2011/05/16,0,151000,0,151000
2011/05/17,0,0,0,0
2011/05/18,0,0,0,0
2011/05/19,0,2000,0,2000
2011/05/20,0,736000,-1000,735000
2011/05/23,0,5000,-70000,-65000
2011/05/24,0,100000,-2714000,-2614000
2011/05/25,0,0,0,0
2011/05/26,0,5000,-5679000,-5674000
2011/05/27,0,1000000,-3282700,-2282700
2011/05/30,0,2000,-790000,-788000
2011/05/31,0,280000,-4065000,-3785000
2011/06/01,0,0,-2879000,-2879000
2011/06/02,0,5200000,-3715000,1485000
2011/06/03,0,2500000,-200000,2300000
2011/06/06,0,0,0,0
2011/06/07,0,1519000,-360000,1159000
2011/06/08,0,1129000,-2392000,-1263000
2011/06/09,0,0,-1361000,-1361000
2011/06/10,0,0,0,0
2011/06/13,0,100000,0,100000
2011/06/14,0,2184000,-2879000,-695000
2011/06/15,0,100000,-6808000,-6708000
2011/06/16,0,0,-395000,-395000
2011/06/17,0,63000,-468000,-405000
2011/06/20,0,106000,-1650000,-1544000
2011/06/21,0,468000,-2003000,-1535000
2011/06/22,0,2667000,0,2667000
2011/06/23,0,324000,-45000,279000
2011/06/24,0,119000,0,119000
2011/06/27,0,242000,0,242000
2011/06/28,0,866000,-6000,860000
2011/06/29,0,776000,-10000,766000
2011/06/30,0,6000,0,6000
2011/07/01,0,1000,0,1000
2011/07/04,0,80000,0,80000
2011/07/05,0,175000,-3000,172000
2011/07/06,0,50000,-141000,-91000
2011/07/07,0,538000,0,538000
2011/07/08,0,110000,-2633000,-2523000
2011/07/11,0,550000,-1500000,-950000
2011/07/12,0,3104000,-1000000,2104000
2011/07/13,0,601000,0,601000
2011/07/14,0,300000,-309625,-9625
2011/07/15,0,1239000,-5000,1234000
2011/07/18,0,1367000,-1742000,-375000
2011/07/19,0,8229000,0,8229000
2011/07/20,0,2117000,-1096000,1021000
2011/07/21,0,2065000,0,2065000
2011/07/22,0,4629000,-8000,4621000
2011/07/25,0,300000,-1519000,-1219000
2011/07/26,0,690000,-3500000,-2810000
2011/07/27,0,844000,-7000,837000
2011/07/28,0,4516000,-9000,4507000
2011/07/29,0,3325000,0,3325000
2011/08/01,0,4064000,0,4064000
2011/08/02,0,7170000,-2000,7168000
2011/08/03,0,3065000,-24000,3041000
2011/08/04,0,12760000,0,12760000
2011/08/05,0,1661000,0,1661000
2011/08/08,0,4684000,-260000,4424000
2011/08/09,0,2460000,0,2460000
2011/08/10,0,10122000,-1000,10121000
2011/08/11,0,3426000,0,3426000
2011/08/12,0,3905000,-27000,3878000
2011/08/15,0,1292000,0,1292000
2011/08/16,0,1461000,-11000,1450000
2011/08/17,0,1140000,-5000,1135000
2011/08/18,0,205000,-40000,165000
2011/08/19,0,295000,-4000,291000
2011/08/22,0,958000,0,958000
2011/08/23,0,311000,0,311000
2011/08/24,0,1383000,-4243000,-2860000
2011/08/25,0,980000,-11651000,-10671000
2011/08/26,0,964000,-3648000,-2684000
2011/08/29,0,82000,-4474000,-4392000
2011/08/30,0,187000,-5241000,-5054000
2011/08/31,0,2000,-3369000,-3367000
2011/09/01,0,1750000,-2203000,-453000
2011/09/02,0,216000,-91000,125000
2011/09/05,0,995000,-1280000,-285000
2011/09/06,0,450000,-3384984,-2934984
2011/09/07,0,878000,-12629000,-11751000
2011/09/08,0,340000,-6180000,-5840000
2011/09/09,0,68000,-4867000,-4799000
2011/09/12,0,0,0,0
2011/09/13,0,57000,-5905798,-5848798
2011/09/14,0,16000,-2981000,-2965000
2011/09/15,0,2993000,-3405000,-412000
2011/09/16,0,372000,-2060600,-1688600
2011/09/19,0,8000,-72000,-64000
2011/09/20,0,391000,-3000000,-2609000
2011/09/21,0,77000,-5072235,-4995235
2011/09/22,0,450000,-373100,76900
2011/09/23,0,301000,-2547000,-2246000
2011/09/26,0,1376000,-1762000,-386000
2011/09/27,0,223000,-1070560,-847560
2011/09/28,0,951000,-391000,560000
2011/09/29,0,4268105,0,4268105
2011/09/30,0,2255000,-85000,2170000
2011/10/03,0,100000,-3000,97000
2011/10/04,0,1329369,-445479,883890
2011/10/05,0,48000,-3365634,-3317634
2011/10/06,0,402000,-5576832,-5174832
2011/10/07,0,6735000,-266047,6468953
2011/10/10,0,0,0,0
2011/10/11,0,2722000,-2566000,156000
2011/10/12,0,490000,-500000,-10000
2011/10/13,0,214000,-877280,-663280
2011/10/14,0,107000,-3432000,-3325000
2011/10/17,0,2000000,-7796,1992204
2011/10/18,0,31000,-568691,-537691
2011/10/19,0,900000,-2409000,-1509000
2011/10/20,0,0,-500000,-500000
2011/10/21,0,486000,-8741000,-8255000
2011/10/24,0,1508000,-2000,1506000
2011/10/25,0,887000,-12000,875000
2011/10/26,0,64000,-129000,-65000
2011/10/27,0,207000,-1012379,-805379
2011/10/28,0,5125000,0,5125000
2011/10/31,0,103000,-745000,-642000
2011/11/01,0,618000,-357371,260629
2011/11/02,0,732000,-6246753,-5514753
2011/11/03,0,5000,-6578000,-6573000
2011/11/04,0,30000,-415000,-385000
2011/11/07,0,380000,-698000,-318000
2011/11/08,0,13000,-239000,-226000
2011/11/09,0,120000,-1763000,-1643000
2011/11/10,0,3000,-3539160,-3536160
2011/11/11,0,0,-5264994,-5264994
2011/11/14,0,12295,-3733731,-3721436
2011/11/15,0,0,-3261450,-3261450
2011/11/16,0,0,-6895311,-6895311
2011/11/17,0,1659000,-3731887,-2072887
2011/11/18,0,10000,-1988000,-1978000
2011/11/21,0,834000,-421160,412840
2011/11/22,0,40000,-936000,-896000
2011/11/23,0,26000,-3614912,-3588912
2011/11/24,0,18000,-350000,-332000
2011/11/25,0,120000,-600000,-480000
2011/11/28,0,7000,-1250000,-1243000
2011/11/29,0,204000,-335000,-131000
2011/11/30,0,349000,-988423,-639423
2011/12/01,0,702000,-252000,450000
2011/12/02,0,0,-320000,-320000
2011/12/05,0,22000,-9000,13000
2011/12/06,0,1600000,-310800,1289200
2011/12/07,0,2635000,-750000,1885000
2011/12/08,0,110000,0,110000
2011/12/09,0,14509,0,14509
2011/12/12,0,398000,-50000,348000
2011/12/13,0,0,-980791,-980791
2011/12/14,0,65000,-158000,-93000
2011/12/15,0,59000,-2003639,-1944639
2011/12/16,0,55000,-37000,18000
2011/12/19,0,40000,-1044904,-1004904
2011/12/20,0,389000,-2235000,-1846000
2011/12/21,0,700000,-346000,354000
2011/12/22,0,1936000,-140000,1796000
2011/12/23,0,1000000,-41000,959000
2011/12/26,0,1015000,-2896000,-1881000
2011/12/27,0,21000,-92000,-71000
2011/12/28,0,1660000,-10000,1650000
2011/12/29,0,389000,-699082,-310082
2011/12/30,0,0,-16000,-16000
2012/01/02,0,22000,-1100000,-1078000
2012/01/03,0,0,-158000,-158000
2012/01/04,0,0,-60000,-60000
2012/01/05,0,0,-30160,-30160
2012/01/06,0,0,-657000,-657000
2012/01/09,0,0,-1120211,-1120211
2012/01/10,0,2345000,-1074000,1271000
2012/01/11,0,0,-661000,-661000
2012/01/12,0,0,-446000,-446000
2012/01/13,0,80000,-897969,-817969
2012/01/16,0,0,-3398498,-3398498
2012/01/17,0,0,-150000,-150000
2012/01/18,0,0,-1423000,-1423000
2012/01/19,0,0,0,0
2012/01/20,0,0,0,0
2012/01/23,0,0,0,0
2012/01/24,0,0,0,0
2012/01/25,0,0,0,0
2012/01/26,0,0,0,0
2012/01/27,0,0,0,0
2012/01/30,0,0,-507478,-507478
2012/01/31,0,5000,-205000,-200000
2012/02/01,0,5424000,-17000,5407000
2012/02/02,0,0,-540000,-540000
2012/02/03,0,0,-296000,-296000
2012/02/06,0,3841000,-30000,3811000
2012/02/07,0,70000,0,70000
2012/02/08,0,770000,-15000,755000
2012/02/09,0,1100000,-158909,941091
2012/02/10,0,712000,-391000,321000
2012/02/13,0,50000,-222000,-172000
2012/02/14,0,200000,-1531000,-1331000
2012/02/15,0,0,-1279650,-1279650
2012/02/16,0,2000,-604000,-602000
2012/02/17,0,20000,0,20000
2012/02/20,0,0,-7000,-7000
2012/02/21,0,0,-314216,-314216
2012/02/22,0,0,-377000,-377000
2012/02/23,0,0,-407000,-407000
2012/02/24,0,155000,-477000,-322000
2012/02/27,0,0,0,0
2012/02/28,0,0,0,0
2012/02/29,0,0,-46000,-46000
2012/03/01,0,0,-12000,-12000
2012/03/02,0,292000,-6630000,-6338000
2012/03/05,0,0,-288000,-288000
2012/03/06,0,0,-3000,-3000
2012/03/07,0,0,-703000,-703000
2012/03/08,0,0,-171399,-171399
2012/03/09,0,0,-425000,-425000
2012/03/12,0,2100000,-5000,2095000
2012/03/13,0,368000,-24000,344000
2012/03/14,0,719000,-375000,344000
2012/03/15,0,50000,-135000,-85000
2012/03/16,0,0,-226000,-226000
2012/03/19,0,676000,-1000,675000
2012/03/20,0,0,-56000,-56000
2012/03/21,0,317000,-707000,-390000
2012/03/22,0,0,-836000,-836000
2012/03/23,0,100000,-953000,-853000
2012/03/26,0,0,-360000,-360000
2012/03/27,0,1800000,-7000,1793000
2012/03/28,0,1290000,0,1290000
2012/03/29,0,0,0,0
2012/03/30,0,156000,-1497000,-1341000
2012/04/02,0,0,-1694000,-1694000
2012/04/03,0,0,-1000000,-1000000
2012/04/04,0,0,0,0
2012/04/05,0,20963,-89000,-68037
2012/04/06,0,17000,0,17000
2012/04/09,0,0,-1738000,-1738000
2012/04/10,0,100000,-1040000,-940000
2012/04/11,0,0,-94000,-94000
2012/04/12,0,0,-1001000,-1001000
2012/04/13,0,17000,0,17000
2012/04/16,0,8000,-735000,-727000
2012/04/17,0,0,-400000,-400000
2012/04/18,0,1550000,-386000,1164000
2012/04/19,0,290000,-2002447,-1712447
2012/04/20,0,16000,0,16000
2012/04/23,0,3000,-50000,-47000
2012/04/24,0,15000,-120000,-105000
2012/04/25,0,1200000,-30000,1170000
2012/04/26,0,0,0,0
2012/04/27,0,1196000,0,1196000
2012/04/30,0,610000,0,610000
2012/05/01,0,0,0,0
2012/05/02,0,46000,0,46000
2012/05/03,0,309,0,309
2012/05/04,0,16000,-50000,-34000
2012/05/07,0,0,0,0
2012/05/08,0,0,0,0
2012/05/09,0,0,-120000,-120000
2012/05/10,0,0,-60000,-60000
2012/05/11,0,67000,0,67000
2012/05/14,0,0,0,0
2012/05/15,0,34000,-104000,-70000
2012/05/16,0,25000,-1696000,-1671000
2012/05/17,0,0,-170000,-170000
2012/05/18,0,20000,-100000,-80000
2012/05/21,0,0,-75000,-75000
2012/05/22,0,0,-107000,-107000
2012/05/23,0,0,-211903,-211903
2012/05/24,0,0,0,0
2012/05/25,0,0,0,0
2012/05/28,0,1600000,0,1600000
2012/05/29,0,127000,-1000000,-873000
2012/05/30,0,1256,-561000,-559744
2012/05/31,0,751000,-23000,728000
2012/06/01,0,15000,0,15000
2012/06/04,0,18000,-2380000,-2362000
2012/06/05,0,15000,0,15000
2012/06/06,0,0,-150000,-150000
2012/06/07,0,0,0,0
2012/06/08,0,196000,0,196000
2012/06/11,0,66000,0,66000
2012/06/12,0,210000,-1595000,-1385000
2012/06/13,0,105000,-1000,104000
2012/06/14,0,67000,-6000,61000
2012/06/15,0,0,-295000,-295000
2012/06/18,0,0,-1000,-1000
2012/06/19,0,0,-105000,-105000
2012/06/20,0,14000,-150000,-136000
2012/06/21,0,138000,-100000,38000
2012/06/22,0,0,-120000,-120000
2012/06/25,0,0,-133000,-133000
2012/06/26,0,0,-33516,-33516
2012/06/27,0,0,0,0
2012/06/28,0,0,-18000,-18000
2012/06/29,0,0,0,0
2012/07/02,0,1192000,-13000,1179000
2012/07/03,0,126000,-200000,-74000
2012/07/04,0,870000,0,870000
2012/07/05,0,837000,-330000,507000
2012/07/06,0,0,-28000,-28000
2012/07/09,0,600000,0,600000
2012/07/10,0,1062000,0,1062000
2012/07/11,0,88000,-55000,33000
2012/07/12,0,1380000,0,1380000
2012/07/13,0,0,0,0
2012/07/16,0,700000,-2000,698000
2012/07/17,0,886000,0,886000
2012/07/18,0,3410000,-14000,3396000
2012/07/19,0,2000,0,2000
2012/07/20,0,100000,0,100000
2012/07/23,0,0,-31000,-31000
2012/07/24,0,1000,-1000,0
2012/07/25,0,0,-304000,-304000
2012/07/26,0,37000,0,37000
2012/07/27,0,129000,0,129000
2012/07/30,0,0,0,0
2012/07/31,0,0,0,0
2012/08/01,0,5000,-7000,-2000
2012/08/02,0,0,0,0
2012/08/03,0,0,-200000,-200000
2012/08/06,0,11000,-5000,6000
2012/08/07,0,2184000,-250000,1934000
2012/08/08,0,504000,-151000,353000
2012/08/09,0,2405000,-30000,2375000
2012/08/10,0,11000,-22000,-11000
2012/08/13,0,0,-1170000,-1170000
2012/08/14,0,6000,-12000,-6000
2012/08/15,0,321000,-496000,-175000
2012/08/16,0,0,-16000,-16000
2012/08/17,0,4000,-589431,-585431
2012/08/20,0,0,-69000,-69000
2012/08/21,0,0,-5000,-5000
2012/08/22,0,0,-5000,-5000
2012/08/23,0,5000,-132000,-127000
2012/08/24,0,0,-38000,-38000
2012/08/27,0,4000,-9000,-5000
2012/08/28,0,1000,-304000,-303000
2012/08/29,0,0,-2472000,-2472000
2012/08/30,0,1550000,-2000,1548000
2012/08/31,0,27000,-3033000,-3006000
2012/09/03,0,0,-6000,-6000
2012/09/04,0,0,0,0
2012/09/05,0,7000,-8000,-1000
2012/09/06,0,12000,-1100000,-1088000
2012/09/07,0,8000,-5000,3000
2012/09/10,0,600000,-638000,-38000
2012/09/11,0,450000,0,450000
2012/09/12,0,1420000,0,1420000
2012/09/13,0,2205000,0,2205000
2012/09/14,0,1402000,0,1402000
2012/09/17,0,336000,-120000,216000
2012/09/18,0,0,-83000,-83000
2012/09/19,0,84000,-24000,60000
2012/09/20,0,0,-34000,-34000
2012/09/21,0,0,-53000,-53000
2012/09/24,0,3000,-31000,-28000
2012/09/25,0,1000000,-15840,984160
2012/09/26,0,0,-32400,-32400
2012/09/27,0,4000,-5445800,-5441800
2012/09/28,0,6000,-160800,-154800
2012/10/01,0,4000,-197140,-193140
2012/10/02,0,0,0,0
2012/10/03,0,0,-810000,-810000
2012/10/04,0,0,-2000000,-2000000
2012/10/05,0,0,-73000,-73000
2012/10/08,0,0,0,0
2012/10/09,0,0,-1600000,-1600000
2012/10/10,0,0,0,0
2012/10/11,0,12000,-900000,-888000
2012/10/12,0,0,-4000,-4000
2012/10/15,0,0,-73777,-73777
2012/10/16,0,0,0,0
2012/10/17,0,8000,0,8000
2012/10/18,0,0,-12000,-12000
2012/10/19,0,0,-1500000,-1500000
2012/10/22,0,0,0,0
2012/10/23,0,24000,0,24000
2012/10/24,0,0,0,0
2012/10/25,0,0,-3000,-3000
2012/10/26,0,0,0,0
2012/10/29,0,275000,-81,274919
2012/10/30,0,60000,-2000,58000
2012/10/31,0,0,-9000,-9000
2012/11/01,0,0,0,0
2012/11/02,0,0,-56000,-56000
2012/11/05,0,0,-10000,-10000
2012/11/06,0,0,-111300,-111300
2012/11/07,0,0,0,0
2012/11/08,0,0,0,0
2012/11/09,0,0,0,0
2012/11/12,0,5000,-250000,-245000
2012/11/13,0,0,-1057800,-1057800
2012/11/14,0,0,0,0
2012/11/15,0,0,-14000,-14000
2012/11/16,0,0,-1912000,-1912000
2012/11/19,0,0,-1212000,-1212000
2012/11/20,0,0,-550000,-550000
2012/11/21,0,0,-3000,-3000
2012/11/22,0,0,-151132,-151132
2012/11/23,0,50000,0,50000
2012/11/26,0,0,-2000,-2000
2012/11/27,0,0,-19000,-19000
2012/11/28,0,35000,-3000,32000
2012/11/29,0,0,-230000,-230000
2012/11/30,0,0,-359000,-359000
2012/12/03,0,0,-3000,-3000
2012/12/04,0,0,-1000,-1000
2012/12/05,0,0,-6000,-6000
2012/12/06,0,0,0,0
2012/12/07,0,200000,0,200000
2012/12/10,0,100000,-71000,29000
2012/12/11,0,0,0,0
2012/12/12,0,200000,0,200000
2012/12/13,0,0,-805284,-805284
2012/12/14,0,1000,-2620300,-2619300
2012/12/17,0,0,-23000,-23000
2012/12/18,0,0,-29000,-29000
2012/12/19,0,0,0,0
2012/12/20,0,0,-8000,-8000
2012/12/21,0,0,-151883,-151883
2012/12/24,0,50000,0,50000
2012/12/25,0,0,-302000,-302000
2012/12/26,0,0,-300000,-300000
2012/12/27,0,0,-1201000,-1201000
2012/12/28,0,0,-558679,-558679
2012/12/31,0,0,0,0
2013/01/01,0,0,0,0
2013/01/02,0,0,-285,-285
2013/01/03,0,0,-1313000,-1313000
2013/01/04,0,0,-60000,-60000
2013/01/07,0,0,-134000,-134000
2013/01/08,0,0,-1005000,-1005000
2013/01/09,0,0,-1010000,-1010000
2013/01/10,0,0,-1650000,-1650000
2013/01/11,0,1000,-19000,-18000
2013/01/14,0,0,-300000,-300000
2013/01/15,0,0,-12000,-12000
2013/01/16,0,0,-222199,-222199
2013/01/17,0,0,-163269,-163269
2013/01/18,0,0,-23000,-23000
2013/01/21,0,0,-59000,-59000
2013/01/22,0,0,-13000,-13000
2013/01/23,0,0,-266000,-266000
2013/01/24,0,0,-28000,-28000
2013/01/25,0,0,-610000,-610000
2013/01/28,0,360000,-600000,-240000
2013/01/29,0,0,-1000,-1000
2013/01/30,0,0,0,0
2013/01/31,0,9000,-774000,-765000
2013/02/01,0,0,0,0
2013/02/04,0,0,-251000,-251000
2013/02/05,0,0,-233000,-233000
2013/02/06,0,0,-20000,-20000
2013/02/07,0,0,0,0
2013/02/08,0,0,0,0
2013/02/11,0,0,0,0
2013/02/12,0,0,0,0
2013/02/13,0,0,0,0
2013/02/14,0,0,0,0
2013/02/15,0,0,0,0
2013/02/18,0,0,-161000,-161000
2013/02/19,0,0,-7097,-7097
2013/02/20,0,0,0,0
2013/02/21,0,0,-10000,-10000
2013/02/22,0,0,-30000,-30000
2013/02/25,0,0,-200000,-200000
2013/02/26,0,0,-5000,-5000
2013/02/27,0,0,-524000,-524000
2013/02/28,0,0,0,0
2013/03/01,0,0,-1522645,-1522645
2013/03/04,0,0,-1100000,-1100000
2013/03/05,0,0,-113960,-113960
2013/03/06,0,0,-3600000,-3600000
2013/03/07,0,5000,-1000000,-995000
2013/03/08,0,13000,-14000,-1000
2013/03/11,0,556000,-1473000,-917000
2013/03/12,0,0,-1505000,-1505000
2013/03/13,0,0,-107000,-107000
2013/03/14,0,0,-1011000,-1011000
2013/03/15,0,6879000,-1023000,5856000
2013/03/18,0,36000,-400000,-364000
2013/03/19,0,0,0,0
2013/03/20,0,0,0,0
2013/03/21,0,0,0,0
2013/03/22,0,0,-647000,-647000
2013/03/25,0,0,-1000,-1000
2013/03/26,0,0,0,0
2013/03/27,0,0,-1747000,-1747000
2013/03/28,0,0,-4000,-4000
2013/03/29,0,0,0,0
2013/04/01,0,0,-4000,-4000
2013/04/02,0,0,-111000,-111000
2013/04/03,0,0,-300000,-300000
2013/04/04,0,0,0,0
2013/04/05,0,0,0,0
2013/04/08,0,0,-5000,-5000
2013/04/09,0,0,-507000,-507000
2013/04/10,0,0,-870000,-870000
2013/04/11,0,0,-1013000,-1013000
2013/04/12,0,0,-700000,-700000
2013/04/15,0,0,-754000,-754000
2013/04/16,0,0,0,0
2013/04/17,0,0,-56000,-56000
2013/04/18,0,0,0,0
2013/04/19,0,26333,0,26333
2013/04/22,0,0,-572738,-572738
2013/04/23,0,0,-13000,-13000
2013/04/24,0,0,-3000,-3000
2013/04/25,0,0,-6000,-6000
2013/04/26,0,0,-10000,-10000
2013/04/29,0,0,-134000,-134000
2013/04/30,0,0,-725000,-725000
2013/05/01,0,0,0,0
2013/05/02,0,0,0,0
2013/05/03,0,0,-83000,-83000
2013/05/06,0,0,-2431600,-2431600
2013/05/07,0,0,-945000,-945000
2013/05/08,0,0,-1390000,-1390000
2013/05/09,0,0,-3000,-3000
2013/05/10,0,0,-125000,-125000
2013/05/13,0,0,-13000,-13000
2013/05/14,0,0,-9000,-9000
2013/05/15,0,0,0,0
2013/05/16,0,0,0,0
2013/05/17,0,0,0,0
2013/05/20,0,0,-208000,-208000
2013/05/21,0,0,-8000,-8000
2013/05/22,0,0,-30000,-30000
2013/05/23,0,0,-205000,-205000
2013/05/24,0,0,-751000,-751000
2013/05/27,0,0,-10000,-10000
2013/05/28,0,0,-103000,-103000
2013/05/29,0,0,-130000,-130000
2013/05/30,0,9000,0,9000
2013/05/31,0,2000,-974000,-972000
2013/06/03,0,0,-574000,-574000
2013/06/04,0,0,-579000,-579000
2013/06/05,0,0,0,0
2013/06/06,0,0,-138000,-138000
2013/06/07,0,0,-575000,-575000
2013/06/10,0,0,-108000,-108000
2013/06/11,0,59000,0,59000
2013/06/12,0,0,0,0
2013/06/13,0,48000,-25000,23000
2013/06/14,0,0,0,0
2013/06/17,0,0,0,0
2013/06/18,0,0,-6000,-6000
2013/06/19,0,0,-3000,-3000
2013/06/20,0,0,0,0
2013/06/21,0,3000,-96000,-93000
2013/06/24,0,30000,-84000,-54000
2013/06/25,0,0,0,0
2013/06/26,0,0,-17000,-17000
2013/06/27,0,0,0,0
2013/06/28,0,0,0,0
2013/07/01,0,0,-10000,-10000
2013/07/02,0,0,0,0
2013/07/03,0,0,-69000,-69000
2013/07/04,0,0,-71000,-71000
2013/07/05,0,10000,0,10000
2013/07/08,0,0,0,0
2013/07/09,0,0,-1422689,-1422689
2013/07/10,0,0,-159000,-159000
2013/07/11,0,0,-163888,-163888
2013/07/12,0,0,-174000,-174000
2013/07/15,0,0,0,0
2013/07/16,0,0,-59000,-59000
2013/07/17,0,0,0,0
2013/07/18,0,0,-24000,-24000
2013/07/19,0,0,0,0
2013/07/22,0,0,0,0
2013/07/23,0,600000,0,600000
2013/07/24,0,330000,-854000,-524000
2013/07/25,0,1000,-1102000,-1101000
2013/07/26,0,400000,0,400000
2013/07/29,0,0,0,0
2013/07/30,0,89000,0,89000
2013/07/31,0,0,0,0
2013/08/01,0,100000,0,100000
2013/08/02,0,0,0,0
2013/08/05,0,27000,0,27000
2013/08/06,0,0,-556000,-556000
2013/08/07,0,0,0,0
2013/08/08,0,0,0,0
2013/08/09,0,1598000,0,1598000
2013/08/12,0,814000,0,814000
2013/08/13,0,275000,0,275000
2013/08/14,0,139000,0,139000
2013/08/15,0,0,-4000,-4000
2013/08/16,0,46000,0,46000
2013/08/19,0,12000,0,12000
2013/08/20,0,1000,0,1000
2013/08/21,0,0,0,0
2013/08/22,0,112000,0,112000
2013/08/23,0,82000,0,82000
2013/08/26,0,34000,0,34000
2013/08/27,0,0,0,0
2013/08/28,0,18000,0,18000
2013/08/29,0,0,0,0
2013/08/30,0,191000,-49000,142000
2013/09/02,0,0,0,0
2013/09/03,0,16619,0,16619
2013/09/04,0,0,0,0
2013/09/05,0,4000,0,4000
2013/09/06,0,12000,0,12000
2013/09/09,0,0,-3000,-3000
2013/09/10,0,10000,0,10000
2013/09/11,0,37000,0,37000
2013/09/12,0,36000,0,36000
2013/09/13,0,28000,-5585,22415
2013/09/16,0,6000,0,6000
2013/09/17,0,0,0,0
2013/09/18,0,11000,-519000,-508000
2013/09/19,0,0,0,0
2013/09/20,0,0,0,0
2013/09/23,0,0,0,0
2013/09/24,0,0,0,0
2013/09/25,0,0,0,0
2013/09/26,0,4000,0,4000
2013/09/27,0,0,0,0
2013/09/30,0,6000,-2000,4000
2013/10/01,0,2000,0,2000
2013/10/02,0,131000,-1000000,-869000
2013/10/03,0,151000,0,151000
2013/10/04,0,2000,0,2000
2013/10/07,0,6000,0,6000
2013/10/08,0,0,0,0
2013/10/09,0,0,0,0
2013/10/10,0,0,0,0
2013/10/11,0,0,0,0
2013/10/14,0,0,0,0
2013/10/15,0,0,0,0
2013/10/16,0,0,0,0
2013/10/17,0,1000,0,1000
2013/10/18,0,0,0,0
2013/10/21,0,0,0,0
2013/10/22,0,0,-11000,-11000
2013/10/23,0,0,0,0
2013/10/24,0,1000,0,1000
2013/10/25,0,0,0,0
2013/10/28,0,0,-103000,-103000
2013/10/29,0,300000,-2000,298000
2013/10/30,0,0,0,0
2013/10/31,0,0,-4000,-4000
2013/11/01,0,200000,-1000,199000
2013/11/04,0,0,0,0
2013/11/05,0,0,0,0
2013/11/06,0,0,0,0
2013/11/07,0,0,0,0
2013/11/08,0,0,0,0
2013/11/11,0,0,-329345,-329345
2013/11/12,0,0,0,0
2013/11/13,0,0,0,0
2013/11/14,0,100000,0,100000
2013/11/15,0,0,0,0
2013/11/18,0,0,0,0
2013/11/19,0,0,0,0
2013/11/20,0,0,0,0
2013/11/21,0,1000,0,1000
2013/11/22,0,0,0,0
2013/11/25,0,0,-21132,-21132
2013/11/26,0,0,-14000,-14000
2013/11/27,0,0,0,0
2013/11/28,0,500000,0,500000
2013/11/29,0,0,0,0
2013/12/02,0,200000,0,200000
2013/12/03,0,0,0,0
2013/12/04,0,0,-243000,-243000
2013/12/05,0,0,-240000,-240000
2013/12/06,0,0,-241000,-241000
2013/12/09,0,0,-240000,-240000
2013/12/10,0,0,0,0
2013/12/11,0,0,0,0
2013/12/12,0,0,-3000,-3000
2013/12/13,0,0,0,0
2013/12/16,0,0,0,0
2013/12/17,0,0,-8000,-8000
2013/12/18,0,0,-4000,-4000
2013/12/19,0,0,0,0
2013/12/20,0,63000,0,63000
2013/12/23,0,0,-235000,-235000
2013/12/24,0,0,-33000,-33000
2013/12/25,0,0,-262000,-262000
2013/12/26,0,0,0,0
2013/12/27,0,9000,0,9000
2013/12/30,0,0,-6000,-6000
2013/12/31,0,0,-13000,-13000
2014/01/02,0,0,-28000,-28000
2014/01/03,0,0,0,0
2014/01/06,0,0,-12000,-12000
2014/01/07,0,0,-7000,-7000
2014/01/08,0,1000,0,1000
2014/01/09,0,0,-224000,-224000
2014/01/10,0,0,0,0
2014/01/13,0,0,0,0
2014/01/14,0,5000,0,5000
2014/01/15,0,0,-236000,-236000
2014/01/16,0,0,0,0
2014/01/17,0,0,-4000,-4000
2014/01/20,0,0,-2000,-2000
2014/01/21,0,0,-228000,-228000
2014/01/22,0,0,-235000,-235000
2014/01/23,0,300000,0,300000
2014/01/24,0,0,-102000,-102000
2014/01/27,0,0,-4000,-4000
2014/02/05,0,0,-218000,-218000
2014/02/06,0,0,0,0
2014/02/07,0,200000,0,200000
2014/02/10,0,7000,-719000,-712000
2014/02/11,0,0,-3000,-3000
2014/02/12,0,0,0,0
2014/02/13,0,4819,-20000,-15181
2014/02/14,0,0,0,0
2014/02/17,0,0,0,0
2014/02/18,0,0,-4000,-4000
2014/02/19,0,0,-58000,-58000
2014/02/20,0,0,-66000,-66000
2014/02/21,0,150000,-7000,143000
2014/02/24,0,7300000,-25000,7275000
2014/02/25,0,0,0,0
2014/02/26,0,0,0,0
2014/02/27,0,500000,-7000,493000
2014/03/03,0,0,-2000,-2000
2014/03/04,0,0,0,0
2014/03/05,0,0,-1000,-1000
2014/03/06,0,130000,-8000,122000
2014/03/07,0,139000,-5000,134000
2014/03/10,0,0,-19000,-19000
2014/03/11,0,0,-7000,-7000
2014/03/12,0,0,-3000,-3000
2014/03/13,0,0,0,0
2014/03/14,0,0,-6000,-6000
2014/03/17,0,0,-3000,-3000
2014/03/18,0,0,-1000,-1000
2014/03/19,0,0,-192,-192
2014/03/20,0,0,0,0
2014/03/21,0,0,0,0
2014/03/24,0,0,0,0
2014/03/25,0,0,0,0
2014/03/26,0,0,0,0
2014/03/27,0,0,0,0
2014/03/28,0,0,-5000,-5000
2014/03/31,0,0,0,0
2014/04/01,0,0,-74000,-74000
2014/04/02,0,0,0,0
2014/04/03,0,0,-129000,-129000
2014/04/07,0,0,-24000,-24000
2014/04/08,0,0,0,0
2014/04/09,0,0,0,0
2014/04/10,0,20240,0,20240
2014/04/11,0,0,0,0
2014/04/14,0,0,0,0
2014/04/15,0,0,0,0
2014/04/16,0,0,-12000,-12000
2014/04/17,0,0,-25000,-25000
2014/04/18,0,0,-2000,-2000
2014/04/21,0,9000,-2000,7000
2014/04/22,0,0,-4000,-4000
2014/04/23,0,0,-7000,-7000
2014/04/24,0,0,0,0
2014/04/25,0,0,0,0
2014/04/28,0,0,0,0
2014/04/29,0,0,0,0
2014/04/30,0,6000,0,6000
2014/05/02,0,0,-4800000,-4800000
2014/05/05,0,0,-2500000,-2500000
2014/05/06,0,0,-604000,-604000
2014/05/07,0,0,-694000,-694000
2014/05/08,0,0,-112000,-112000
2014/05/09,0,0,-3000,-3000
2014/05/12,0,0,-188000,-188000
2014/05/13,0,0,-128000,-128000
2014/05/14,0,1830000,0,1830000
2014/05/15,0,0,0,0
2014/05/16,0,1552000,-1381000,171000
2014/05/19,0,0,-4000,-4000
2014/05/20,0,0,-150250,-150250
2014/05/21,0,0,-346000,-346000
2014/05/22,0,0,-238000,-238000
2014/05/23,0,1486000,-192000,1294000
2014/05/26,0,0,-212000,-212000
2014/05/27,0,0,-58000,-58000
2014/05/28,0,1280000,-314000,966000
2014/05/29,0,0,-322000,-322000
2014/05/30,0,810000,-554950,255050
2014/06/03,0,0,0,0
2014/06/04,0,0,0,0
2014/06/05,0,7000,0,7000
2014/06/06,0,0,-3000,-3000
2014/06/09,0,0,-1000,-1000
2014/06/10,0,0,-761000,-761000
2014/06/11,0,0,-31000,-31000
2014/06/12,0,0,-24000,-24000
2014/06/13,0,0,-97000,-97000
2014/06/16,0,0,-285000,-285000
2014/06/17,0,0,0,0
2014/06/18,0,3000,0,3000
2014/06/19,0,0,0,0
2014/06/20,0,0,-430000,-430000
2014/06/23,0,18354,0,18354
2014/06/24,0,1331000,-85000,1246000
2014/06/25,0,0,-10000,-10000
2014/06/26,0,0,0,0
2014/06/27,0,0,-453000,-453000
2014/06/30,0,0,-196000,-196000
2014/07/01,0,0,-330000,-330000
2014/07/02,0,0,-575,-575
2014/07/03,0,0,-405000,-405000
2014/07/04,0,0,0,0
2014/07/07,0,0,-200000,-200000
2014/07/08,0,0,-8000,-8000
2014/07/09,0,0,0,0
2014/07/10,0,0,-150000,-150000
2014/07/11,0,0,0,0
2014/07/14,0,300000,0,300000
2014/07/15,0,0,-61000,-61000
2014/07/16,0,100000,0,100000
2014/07/17,0,47000,0,47000
2014/07/18,0,24000,0,24000
2014/07/21,0,100000,0,100000
2014/07/22,0,36000,0,36000
2014/07/23,0,0,0,0
2014/07/24,0,838000,0,838000
2014/07/25,0,11000,0,11000
2014/07/28,0,3550000,0,3550000
2014/07/29,0,37000,0,37000
2014/07/30,0,111000,-3000,108000
2014/07/31,0,64000,0,64000
2014/08/01,0,2056000,-150750,1905250
2014/08/04,0,0,-1000,-1000
2014/08/05,0,0,0,0
2014/08/06,0,16000,0,16000
2014/08/07,0,76000,0,76000
2014/08/08,0,101000,0,101000
2014/08/11,0,34000,0,34000
2014/08/12,0,24000,0,24000
2014/08/13,0,356000,0,356000
2014/08/14,0,1797000,0,1797000
2014/08/15,0,18000,0,18000
2014/08/18,0,36000,0,36000
2014/08/19,0,13000,0,13000
2014/08/20,0,8000,0,8000
2014/08/21,0,82000,0,82000
2014/08/22,0,246000,0,246000
2014/08/25,0,0,0,0
2014/08/26,0,3000,0,3000
2014/08/27,0,3000,0,3000
2014/08/28,0,82000,0,82000
2014/08/29,0,2000,-3000,-1000
2014/09/01,0,378000,0,378000
2014/09/02,0,170000,0,170000
2014/09/03,0,2486000,0,2486000
2014/09/04,0,674000,0,674000
2014/09/05,0,1045000,0,1045000
2014/09/09,0,3897000,0,3897000
2014/09/10,0,0,0,0
2014/09/11,0,213000,0,213000
2014/09/12,0,469000,0,469000
2014/09/15,0,11000,0,11000
2014/09/16,0,21000,0,21000
2014/09/17,0,1248000,-2000,1246000
2014/09/18,0,0,0,0
2014/09/19,0,1000,-1735000,-1734000
2014/09/22,0,44364,0,44364
2014/09/23,0,1591000,0,1591000
2014/09/24,0,6000,0,6000
2014/09/25,0,0,0,0
2014/09/26,0,0,0,0
2014/09/29,0,0,0,0
2014/09/30,0,68000,0,68000
2014/10/01,0,0,0,0
2014/10/02,0,4000,0,4000
2014/10/03,0,0,0,0
2014/10/06,0,18000,-3000,15000
2014/10/07,0,5000,0,5000
2014/10/08,0,5000,0,5000
2014/10/09,0,0,-3430,-3430
2014/10/13,0,0,0,0
2014/10/14,0,0,-473000,-473000
2014/10/15,0,9000,-388000,-379000
2014/10/16,0,0,0,0
2014/10/17,0,7000,0,7000
2014/10/20,0,0,-369500,-369500
2014/10/21,0,20000,0,20000
2014/10/22,0,0,0,0
2014/10/23,0,31000,0,31000
2014/10/24,0,0,0,0
2014/10/27,0,0,-3000,-3000
2014/10/28,0,0,0,0
2014/10/29,0,7000,0,7000
2014/10/30,0,337000,0,337000
2014/10/31,0,0,-7000,-7000
2014/11/03,0,0,-6000,-6000
2014/11/04,0,0,0,0
2014/11/05,0,0,0,0
2014/11/06,0,0,0,0
2014/11/07,0,0,-33000,-33000
2014/11/10,0,0,0,0
2014/11/11,0,57000,0,57000
2014/11/12,0,28000,0,28000
2014/11/13,0,0,0,0
2014/11/14,0,0,0,0
2014/11/17,0,0,-63000,-63000
2014/11/18,0,0,0,0
2014/11/19,0,0,0,0
2014/11/20,0,10000,0,10000
2014/11/21,0,0,0,0
2014/11/24,0,0,0,0
2014/11/25,0,48000,-3000,45000
2014/11/26,0,0,-2000,-2000
2014/11/27,0,0,-7000,-7000
2014/11/28,0,0,0,0
2014/12/01,0,0,0,0
2014/12/02,0,0,-1500000,-1500000
2014/12/03,0,0,-759440,-759440
2014/12/04,0,0,-1316000,-1316000
2014/12/05,0,0,-43000,-43000
2014/12/08,0,0,-446000,-446000
2014/12/09,0,0,0,0
2014/12/10,0,0,-16000,-16000
2014/12/11,0,0,-2828,-2828
2014/12/12,0,0,0,0
2014/12/15,0,0,0,0
2014/12/16,0,6000,-46000,-40000
2014/12/17,0,0,-617000,-617000
2014/12/18,0,0,0,0
2014/12/19,0,184000,0,184000
2014/12/22,0,0,0,0
2014/12/23,0,0,0,0
2014/12/24,0,0,-3000000,-3000000
2014/12/25,0,0,-3900000,-3900000
2014/12/26,0,0,0,0
2014/12/29,0,60000,-1513000,-1453000
2014/12/30,0,69000,-1005000,-936000
2014/12/31,0,0,-1000,-1000
2015/01/01,0,0,0,0
2015/01/02,0,0,0,0
2015/01/05,0,0,-200000,-200000
2015/01/06,0,0,0,0
2015/01/07,0,0,-918000,-918000
2015/01/08,0,0,0,0
2015/01/09,0,0,0,0
2015/01/12,0,0,0,0
2015/01/13,0,0,0,0
2015/01/14,0,0,-6000,-6000
2015/01/15,0,0,0,0
2015/01/16,0,0,0,0
2015/01/19,0,0,-1000,-1000
2015/01/20,0,0,0,0
2015/01/21,0,0,0,0
2015/01/22,0,0,-315000,-315000
2015/01/23,0,0,-91000,-91000
2015/01/26,0,0,0,0
2015/01/27,0,0,0,0
2015/01/28,0,0,0,0
2015/01/29,0,0,0,0
2015/01/30,0,0,-35000,-35000
2015/02/02,0,0,0,0
2015/02/03,0,0,0,0
2015/02/04,0,0,0,0
2015/02/05,0,0,0,0
2015/02/06,0,0,0,0
2015/02/09,0,0,0,0
2015/02/10,0,0,0,0
2015/02/11,0,0,0,0
2015/02/12,0,0,-6000,-6000
2015/02/13,0,1751000,-17000,1734000
2015/02/16,0,0,0,0
2015/02/17,0,0,0,0
2015/02/18,0,0,0,0
2015/02/19,0,0,0,0
2015/02/20,0,0,0,0
2015/02/23,0,0,0,0
2015/02/24,0,564000,0,564000
2015/02/25,0,0,-43000,-43000
2015/02/26,0,235000,-35000,200000
2015/02/27,0,0,0,0
2015/03/02,0,0,0,0
2015/03/03,0,0,-3000,-3000
2015/03/04,0,0,-83000,-83000
2015/03/05,0,180000,-15000,165000
2015/03/06,0,0,0,0
2015/03/09,0,0,-7000,-7000
2015/03/10,0,0,0,0
2015/03/11,0,0,0,0
2015/03/12,0,1751,-2000,-249
2015/03/13,0,0,0,0
2015/03/16,0,4000,0,4000
2015/03/17,0,0,-1287000,-1287000
2015/03/18,0,0,0,0
2015/03/19,0,0,-4000,-4000
2015/03/20,0,0,-990000,-990000
2015/03/23,0,0,-3000,-3000
2015/03/24,0,0,-8820,-8820
2015/03/25,0,0,-3000,-3000
2015/03/26,0,0,0,0
2015/03/27,0,0,-233000,-233000
2015/03/30,0,0,0,0
2015/03/31,0,0,-749000,-749000
2015/04/01,0,0,0,0
2015/04/02,0,0,0,0
2015/04/03,0,0,0,0
2015/04/06,0,0,0,0
2015/04/07,0,0,0,0
2015/04/08,0,0,0,0
2015/04/09,0,0,0,0
2015/04/10,0,0,0,0
2015/04/13,0,0,0,0
2015/04/14,0,0,-6000,-6000
2015/04/15,0,3000,-23000,-20000
2015/04/16,0,0,0,0
2015/04/17,0,0,0,0
2015/04/20,0,0,-8000,-8000
2015/04/21,0,0,-160000,-160000
2015/04/22,0,0,-68000,-68000
2015/04/23,0,0,0,0
2015/04/24,0,0,-3000,-3000
2015/04/27,0,50000,0,50000
2015/04/28,0,316000,-6000,310000
2015/04/29,0,0,-13000,-13000
2015/04/30,0,0,-110000,-110000
2015/05/01,0,0,0,0
2015/05/04,0,24000,0,24000
2015/05/05,0,1692000,-3000,1689000
2015/05/06,0,1176000,0,1176000
2015/05/07,0,0,0,0
2015/05/08,0,36000,0,36000
2015/05/11,0,3000,0,3000
2015/05/12,0,0,0,0
2015/05/13,0,0,-2000,-2000
2015/05/14,0,5000,-75000,-70000
2015/05/15,0,0,-5000,-5000
2015/05/18,0,0,0,0
2015/05/19,0,0,-80000,-80000
2015/05/20,0,7000,0,7000
2015/05/21,0,0,-3000,-3000
2015/05/22,0,0,0,0
2015/05/25,0,0,0,0
2015/05/26,0,0,0,0
2015/05/27,0,0,0,0
2015/05/28,0,0,-1000,-1000
2015/05/29,0,0,-14000,-14000
2015/06/01,0,0,0,0
2015/06/02,0,0,-1800000,-1800000
2015/06/03,0,0,-563300,-563300
2015/06/04,0,43,-2000,-1957
2015/06/05,0,0,-5000,-5000
2015/06/08,0,0,0,0
2015/06/09,0,0,0,0
2015/06/10,0,0,-15000,-15000
2015/06/11,0,0,0,0
2015/06/12,0,0,-11000,-11000
2015/06/15,0,0,-577000,-577000
2015/06/16,0,0,-3000,-3000
2015/06/17,0,0,0,0
2015/06/18,0,0,-92000,-92000
2015/06/19,0,0,0,0
2015/06/22,0,15000,-29000,-14000
2015/06/23,0,77000,0,77000
2015/06/24,0,40000,-64000,-24000
2015/06/25,0,0,-9000,-9000
2015/06/26,0,0,-3000,-3000
2015/06/29,0,0,-2000,-2000
2015/06/30,0,0,0,0
2015/07/01,0,0,0,0
2015/07/02,0,0,0,0
2015/07/03,0,0,-1000,-1000
2015/07/06,0,0,0,0
2015/07/07,0,0,0,0
2015/07/08,0,0,0,0
2015/07/09,0,4000,-21000,-17000
2015/07/10,0,0,0,0
2015/07/13,0,0,0,0
2015/07/14,0,0,0,0
2015/07/15,0,44000,0,44000
2015/07/16,0,1000,0,1000
2015/07/17,0,82000,0,82000
2015/07/20,0,0,0,0
2015/07/21,0,4000,0,4000
2015/07/22,0,0,0,0
2015/07/23,0,63000,0,63000
2015/07/24,0,159000,0,159000
2015/07/27,0,18000,0,18000
2015/07/28,0,130000,0,130000
2015/07/29,0,51000,0,51000
2015/07/30,0,2381000,0,2381000
2015/07/31,0,103000,-130000,-27000
2015/08/03,0,209000,0,209000
2015/08/04,0,123000,0,123000
2015/08/05,0,105000,-5000,100000
2015/08/06,0,168000,0,168000
2015/08/07,0,157000,0,157000
2015/08/10,0,138000,0,138000
2015/08/11,0,11000,0,11000
2015/08/12,0,187000,0,187000
2015/08/13,0,24000,0,24000
2015/08/14,0,0,0,0
2015/08/17,0,8000,0,8000
2015/08/18,0,1000,0,1000
2015/08/19,0,0,-2466000,-2466000
2015/08/20,0,7000,0,7000
2015/08/21,0,86000,0,86000
2015/08/24,0,0,0,0
2015/08/25,0,16823,0,16823
2015/08/26,0,240000,0,240000
2015/08/27,0,38000,0,38000
2015/08/28,0,4000,0,4000
2015/08/31,0,6000,-447000,-441000
2015/09/01,0,104000,-480000,-376000
2015/09/02,0,210000,0,210000
2015/09/03,0,318000,0,318000
2015/09/04,0,4000,-2000,2000
2015/09/07,0,58000,0,58000
2015/09/08,0,35000,0,35000
2015/09/09,0,2029000,-89000,1940000
2015/09/10,0,229000,0,229000
2015/09/11,0,259000,0,259000
2015/09/14,0,473000,0,473000
2015/09/15,0,283000,0,283000
2015/09/16,0,637000,0,637000
2015/09/17,0,424000,0,424000
2015/09/18,0,1374000,0,1374000
2015/09/21,0,21000,-47000,-26000
2015/09/22,0,625000,-26593,598407
2015/09/23,0,0,-46995,-46995
2015/09/24,0,0,0,0
2015/09/25,0,1000,-91000,-90000
2015/09/28,0,0,0,0
2015/09/29,0,0,0,0
2015/09/30,0,0,0,0
2015/10/01,0,19000,-75000,-56000
2015/10/02,0,76000,0,76000
2015/10/05,0,380000,-54000,326000
2015/10/06,0,4000,-2035000,-2031000
2015/10/07,0,10000,0,10000
2015/10/08,0,0,0,0
2015/10/09,0,0,0,0
2015/10/12,0,0,0,0
2015/10/13,0,0,0,0
2015/10/14,0,652000,-92050,559950
2015/10/15,0,436000,0,436000
2015/10/16,0,256000,0,256000
2015/10/19,0,0,0,0
2015/10/20,0,0,-1600000,-1600000
2015/10/21,0,0,0,0
2015/10/22,0,66000,0,66000
2015/10/23,0,66000,-137000,-71000
2015/10/26,0,542000,0,542000
2015/10/27,0,0,0,0
2015/10/28,0,200000,-1410000,-1210000
2015/10/29,0,0,-2000,-2000
2015/10/30,0,0,-7825,-7825
2015/11/02,0,0,0,0
2015/11/03,0,19000,0,19000
2015/11/04,0,89000,-5730,83270
2015/11/05,0,1000,0,1000
2015/11/06,0,0,0,0
2015/11/09,0,64000,0,64000
2015/11/10,0,0,0,0
2015/11/11,0,0,0,0
2015/11/12,0,0,0,0
2015/11/13,0,0,-1000,-1000
2015/11/16,0,0,0,0
2015/11/17,0,0,-28000,-28000
2015/11/18,0,2000,0,2000
2015/11/19,0,0,-103000,-103000
2015/11/20,0,0,0,0
2015/11/23,0,0,-564000,-564000
2015/11/24,0,0,-246140,-246140
2015/11/25,0,0,0,0
2015/11/26,0,0,0,0
2015/11/27,0,0,0,0
2015/11/30,0,150000,0,150000
2015/12/01,0,0,-1000,-1000
2015/12/02,0,0,0,0
2015/12/03,0,0,-71000,-71000
2015/12/04,0,0,-316000,-316000
2015/12/07,0,0,0,0
2015/12/08,0,0,0,0
2015/12/09,0,1000,-732000,-731000
2015/12/10,0,0,0,0
2015/12/11,0,0,0,0
2015/12/14,0,0,-472864,-472864
2015/12/15,0,0,-366000,-366000
2015/12/16,0,0,-7000,-7000
2015/12/17,0,0,-126000,-126000
2015/12/18,0,0,-39000,-39000
2015/12/21,0,0,0,0
2015/12/22,0,0,-166000,-166000
2015/12/23,0,0,0,0
2015/12/24,0,0,-12604,-12604
2015/12/25,0,0,0,0
2015/12/28,0,101000,-82000,19000
2015/12/29,0,72000,-86000,-14000
2015/12/30,0,0,0,0
2015/12/31,0,0,0,0
2016/01/01,0,0,0,0
2016/01/04,0,0,-908000,-908000
2016/01/05,0,0,-13000,-13000
2016/01/06,0,1000,0,1000
2016/01/07,0,0,-8000,-8000
2016/01/08,0,0,0,0
2016/01/11,0,0,0,0
2016/01/12,0,0,-3000,-3000
2016/01/13,0,0,-4000,-4000
2016/01/14,0,0,0,0
2016/01/15,0,2000,-63000,-61000
2016/01/18,0,0,0,0
2016/01/19,0,0,0,0
2016/01/20,0,971000,-63000,908000
2016/01/21,0,0,0,0
2016/01/22,0,0,-150000,-150000
2016/01/25,0,0,-8000,-8000
2016/01/26,0,470000,0,470000
2016/01/27,0,0,0,0
2016/01/28,0,661000,-4000,657000
2016/01/29,0,4000,0,4000
2016/02/01,0,0,0,0
2016/02/02,0,0,0,0
2016/02/03,0,0,0,0
2016/02/04,0,0,0,0
2016/02/05,0,0,0,0
2016/02/08,0,0,0,0
2016/02/09,0,0,0,0
2016/02/10,0,0,0,0
2016/02/11,0,0,0,0
2016/02/12,0,0,0,0
2016/02/15,0,0,-668712,-668712
2016/02/16,0,0,0,0
2016/02/17,0,4000,-2000,2000
2016/02/18,0,0,0,0
2016/02/19,0,0,-230000,-230000
2016/02/22,0,0,0,0
2016/02/23,0,0,0,0
2016/02/24,0,0,0,0
2016/02/25,0,0,0,0
2016/02/26,0,0,-11000,-11000
2016/02/29,0,0,0,0
2016/03/01,0,0,0,0
2016/03/02,0,140000,-51219,88781
2016/03/03,0,0,-277000,-277000
2016/03/04,0,0,-166000,-166000
2016/03/07,0,0,-383000,-383000
2016/03/08,0,0,-5000,-5000
2016/03/09,0,0,-60000,-60000
2016/03/10,0,0,0,0
2016/03/11,0,0,0,0
2016/03/14,0,0,0,0
2016/03/15,0,0,0,0
2016/03/16,0,0,-1000,-1000
2016/03/17,0,0,0,0
2016/03/18,0,81000,-453000,-372000
2016/03/21,0,0,-601,-601
2016/03/22,0,0,0,0
2016/03/23,0,0,-10000,-10000
2016/03/24,0,0,-162000,-162000
2016/03/25,0,0,0,0
2016/03/28,0,2000,0,2000
2016/03/29,0,0,-1000,-1000
2016/03/30,0,0,-18000,-18000
2016/03/31,0,0,0,0
2016/04/01,0,0,0,0
2016/04/04,0,0,0,0
2016/04/05,0,0,0,0
2016/04/06,0,0,-515000,-515000
2016/04/07,0,0,-111000,-111000
2016/04/08,0,0,-18000,-18000
2016/04/11,0,0,0,0
2016/04/12,0,1000,0,1000
2016/04/13,0,0,-88000,-88000
2016/04/14,0,0,0,0
2016/04/15,0,0,-61000,-61000
2016/04/18,0,0,0,0
2016/04/19,0,0,0,0
2016/04/20,0,2000,0,2000
2016/04/21,0,0,0,0
2016/04/22,0,0,0,0
2016/04/25,0,0,-2000,-2000
2016/04/26,0,0,0,0
2016/04/27,0,0,0,0
2016/04/28,0,0,0,0
2016/04/29,0,0,0,0
2016/05/02,0,0,0,0
2016/05/03,0,0,0,0
2016/05/04,0,49000,-256000,-207000
2016/05/05,0,3000,0,3000
2016/05/06,0,0,0,0
2016/05/09,0,0,0,0
2016/05/10,0,428,0,428
2016/05/11,0,0,0,0
2016/05/12,0,0,0,0
2016/05/13,0,2000,0,2000
2016/05/16,0,0,0,0
2016/05/17,0,0,0,0
2016/05/18,0,0,0,0
2016/05/19,0,0,-446000,-446000
2016/05/20,0,0,0,0
2016/05/23,0,0,0,0
2016/05/24,0,0,0,0
2016/05/25,0,0,0,0
2016/05/26,0,0,-5000,-5000
2016/05/27,0,0,0,0
2016/05/30,0,0,0,0
2016/05/31,0,0,-51000,-51000
2016/06/01,0,0,0,0
2016/06/02,0,0,0,0
2016/06/03,0,1000,0,1000
2016/06/06,0,0,0,0
2016/06/07,0,0,0,0
2016/06/08,0,0,-503000,-503000
2016/06/09,0,0,0,0
2016/06/10,0,0,0,0
2016/06/13,0,0,-49000,-49000
2016/06/14,0,500000,0,500000
2016/06/15,0,632000,0,632000
2016/06/16,0,0,-286000,-286000
2016/06/17,0,189000,-105000,84000
2016/06/20,0,0,-18000,-18000
2016/06/21,0,0,-207000,-207000
2016/06/22,0,0,0,0
2016/06/23,0,0,0,0
2016/06/24,0,0,-115000,-115000
2016/06/27,0,0,-4000,-4000
2016/06/28,0,3000,-249000,-246000
2016/06/29,0,633000,0,633000
2016/06/30,0,2000,0,2000
2016/07/01,0,0,0,0
2016/07/04,0,0,0,0
2016/07/05,0,0,-76000,-76000
2016/07/06,0,0,-81000,-81000
2016/07/07,0,0,0,0
2016/07/08,0,0,0,0
2016/07/11,0,0,0,0
2016/07/12,0,0,0,0
2016/07/13,0,643000,0,643000
2016/07/14,0,41000,-2000,39000
2016/07/15,0,0,0,0
2016/07/18,0,0,0,0
2016/07/19,0,16000,-3000,13000
2016/07/20,0,80000,-24000,56000
2016/07/21,0,4000,-31000,-27000
2016/07/22,0,132000,-159000,-27000
2016/07/25,0,373000,0,373000
2016/07/26,0,124000,-1507000,-1383000
2016/07/27,0,3000,-7000,-4000
2016/07/28,0,116000,0,116000
2016/07/29,0,6058,-24000,-17942
2016/08/01,0,0,0,0
2016/08/02,0,0,-10000,-10000
2016/08/03,0,174000,-15000,159000
2016/08/04,0,51000,-34000,17000
2016/08/05,0,0,-13000,-13000
2016/08/08,0,2000,-9000,-7000
2016/08/09,0,1000,-6000,-5000
2016/08/10,0,23000,-4000,19000
2016/08/11,0,54000,-4000,50000
2016/08/12,0,1000,-12000,-11000
2016/08/15,0,24000,0,24000
2016/08/16,0,0,-17000,-17000
2016/08/17,0,5000,-2000,3000
2016/08/18,0,0,-6000,-6000
2016/08/19,0,1000,-265000,-264000
2016/08/22,0,0,0,0
2016/08/23,0,0,0,0
2016/08/24,0,0,-13000,-13000
2016/08/25,0,0,0,0
2016/08/26,0,3000,0,3000
2016/08/29,0,0,0,0
2016/08/30,0,64000,0,64000
2016/08/31,0,482000,-692000,-210000
2016/09/01,0,197000,0,197000
2016/09/02,0,0,0,0
2016/09/05,0,0,-6000,-6000
2016/09/06,0,0,0,0
2016/09/07,0,20000,0,20000
2016/09/08,0,0,0,0
2016/09/09,0,277000,0,277000
2016/09/12,0,0,0,0
2016/09/13,0,8000,0,8000
2016/09/14,0,125000,-31140,93860
2016/09/15,0,0,0,0
2016/09/16,0,0,0,0
2016/09/19,0,0,0,0
2016/09/20,0,0,0,0
2016/09/21,0,0,0,0
2016/09/22,0,0,0,0
2016/09/23,0,0,0,0
2016/09/26,0,0,0,0
2016/09/27,0,0,0,0
2016/09/28,0,0,0,0
2016/09/29,0,0,0,0
2016/09/30,0,121713,-107000,14713
2016/10/03,0,186000,0,186000
2016/10/04,0,0,-526000,-526000
2016/10/05,0,0,0,0
2016/10/06,0,0,0,0
2016/10/07,0,0,-518000,-518000
2016/10/10,0,0,0,0
2016/10/11,0,3000,0,3000
2016/10/12,0,0,-3000,-3000
2016/10/13,0,4000,0,4000
2016/10/14,0,124000,0,124000
2016/10/17,0,0,0,0
2016/10/18,0,0,0,0
2016/10/19,0,0,0,0
2016/10/20,0,18000,0,18000
2016/10/21,0,7000,0,7000
2016/10/24,0,5000,0,5000
2016/10/25,0,0,-67000,-67000
2016/10/26,0,0,0,0
2016/10/27,0,0,-60000,-60000
2016/10/28,0,0,0,0
2016/10/31,0,0,0,0
2016/11/01,0,0,-3000,-3000
2016/11/02,0,0,-876,-876
2016/11/03,0,0,-1000,-1000
2016/11/04,0,0,0,0
2016/11/07,0,0,0,0
2016/11/08,0,0,0,0
2016/11/09,0,0,0,0
2016/11/10,0,0,0,0
2016/11/11,0,0,0,0
2016/11/14,0,0,0,0
2016/11/15,0,380000,0,380000
2016/11/16,0,0,-12315,-12315
2016/11/17,0,0,0,0
2016/11/18,0,1000,0,1000
2016/11/21,0,0,0,0
2016/11/22,0,0,0,0
2016/11/23,0,0,0,0
2016/11/24,0,0,0,0
2016/11/25,0,0,0,0
2016/11/28,0,0,0,0
2016/11/29,0,1000,-103000,-102000
2016/11/30,0,1000,-1000,0
2016/12/01,0,20000,0,20000
2016/12/02,0,0,0,0
2016/12/05,0,0,0,0
2016/12/06,0,0,0,0
2016/12/07,0,0,0,0
2016/12/08,0,0,0,0
2016/12/09,0,0,0,0
2016/12/12,0,0,0,0
2016/12/13,0,5000,0,5000
2016/12/14,0,324000,0,324000
2016/12/15,0,0,0,0
2016/12/16,0,0,0,0
2016/12/19,0,0,0,0
2016/12/20,0,0,0,0
2016/12/21,0,0,0,0
2016/12/22,0,4000,0,4000
2016/12/23,0,0,0,0
2016/12/26,0,0,0,0
2016/12/27,0,0,0,0
2016/12/28,0,1156000,0,1156000
2016/12/29,0,1144000,0,1144000
2016/12/30,0,0,0,0
2017/01/02,0,0,0,0
2017/01/03,0,0,0,0
2017/01/04,0,0,0,0
2017/01/05,0,22000,0,22000
2017/01/06,0,0,-8000,-8000
2017/01/09,0,0,0,0
2017/01/10,0,0,0,0
2017/01/11,0,0,-183000,-183000
2017/01/12,0,0,-57000,-57000
2017/01/13,0,0,0,0
2017/01/16,0,0,0,0
2017/01/17,0,0,0,0
2017/01/18,0,0,-188000,-188000
2017/01/19,0,0,-51000,-51000
2017/01/20,0,0,0,0
2017/01/23,0,2201,0,2201
2017/01/24,0,11000,0,11000
2017/01/25,0,0,0,0
2017/01/26,0,0,0,0
2017/01/27,0,0,0,0
2017/01/30,0,0,0,0
2017/01/31,0,0,0,0
2017/02/01,0,0,0,0
2017/02/02,0,0,0,0
2017/02/03,0,74000,0,74000
2017/02/06,0,0,-29000,-29000
2017/02/07,0,0,-250000,-250000
2017/02/08,0,0,0,0
2017/02/09,0,3000,0,3000
2017/02/10,0,0,0,0
2017/02/13,0,0,0,0
2017/02/14,0,4000,-27000,-23000
2017/02/15,0,0,-45000,-45000
2017/02/16,0,0,0,0
2017/02/17,0,4000,0,4000
2017/02/20,0,0,0,0
2017/02/21,0,0,0,0
2017/02/22,0,0,-40000,-40000
2017/02/23,0,2000,0,2000
2017/02/24,0,1000,-776695,-775695
2017/02/27,0,0,0,0
2017/02/28,0,0,0,0
2017/03/01,0,0,-2000,-2000
2017/03/02,0,0,0,0
2017/03/03,0,6000,-18000,-12000
2017/03/06,0,0,0,0
2017/03/07,0,562000,0,562000
2017/03/08,0,0,0,0
2017/03/09,0,0,-28920,-28920
2017/03/10,0,0,0,0
2017/03/13,0,0,0,0
2017/03/14,0,0,-40000,-40000
2017/03/15,0,0,0,0
2017/03/16,0,0,0,0
2017/03/17,0,16000,0,16000
2017/03/20,0,0,-13000,-13000
2017/03/21,0,0,-1000,-1000
2017/03/22,0,0,0,0
2017/03/23,0,0,0,0
2017/03/24,0,4000,-94000,-90000
2017/03/27,0,0,0,0
2017/03/28,0,0,0,0
2017/03/29,0,0,-3000,-3000
2017/03/30,0,0,0,0
2017/03/31,0,0,0,0
2017/04/03,0,0,0,0
2017/04/04,0,0,0,0
2017/04/05,0,33000,0,33000
2017/04/06,0,0,0,0
2017/04/07,0,77000,0,77000
2017/04/10,0,5000,0,5000
2017/04/11,0,0,0,0
2017/04/12,0,35000,0,35000
2017/04/13,0,0,-2000,-2000
2017/04/14,0,0,-27000,-27000
2017/04/17,0,0,0,0
2017/04/18,0,3000,0,3000
2017/04/19,0,0,0,0
2017/04/20,0,4000,0,4000
2017/04/21,0,0,0,0
2017/04/24,0,0,0,0
2017/04/25,0,0,-605,-605
2017/04/26,0,1476000,0,1476000
2017/04/27,0,4000,-11000,-7000
2017/04/28,0,0,-19000,-19000
2017/05/01,0,0,0,0
2017/05/02,0,0,-1000,-1000
2017/05/03,0,0,0,0
2017/05/04,0,0,0,0
2017/05/05,0,0,0,0
2017/05/08,0,0,0,0
2017/05/09,0,0,0,0
2017/05/10,0,0,0,0
2017/05/11,0,0,0,0
2017/05/12,0,0,-28000,-28000
2017/05/15,0,472000,0,472000
2017/05/16,0,1381000,-5000,1376000
2017/05/17,0,0,0,0
2017/05/18,0,0,-38000,-38000
2017/05/19,0,0,0,0
2017/05/22,0,0,-4000,-4000
2017/05/23,0,0,0,0
2017/05/24,0,0,0,0
2017/05/25,0,0,-10000,-10000
2017/05/26,0,0,-66000,-66000
2017/05/29,0,0,0,0
2017/05/30,0,0,0,0
2017/05/31,0,0,-166000,-166000
2017/06/01,0,0,-135000,-135000
2017/06/02,0,0,-46000,-46000
2017/06/05,0,0,-39000,-39000
2017/06/06,0,0,-27000,-27000
2017/06/07,0,0,-16000,-16000
2017/06/08,0,0,-6000,-6000
2017/06/09,0,0,-51000,-51000
2017/06/12,0,0,-65000,-65000
2017/06/13,0,0,0,0
2017/06/14,0,0,-4000,-4000
2017/06/15,0,0,0,0
2017/06/16,0,126000,0,126000
2017/06/19,0,14000,-29000,-15000
2017/06/20,0,1000,-33000,-32000
2017/06/21,0,0,0,0
2017/06/22,0,0,0,0
2017/06/23,0,150000,-13000,137000
2017/06/26,0,0,-17000,-17000
2017/06/27,0,11000,-11000,0
2017/06/28,0,0,0,0
2017/06/29,0,50000,-6000,44000
2017/06/30,0,0,-2000,-2000
2017/07/03,0,30000,-35000,-5000
2017/07/04,0,3000,-11000,-8000
2017/07/05,0,0,0,0
2017/07/06,0,0,0,0
2017/07/07,0,30000,0,30000
2017/07/10,0,0,-12000,-12000
2017/07/11,0,0,-118000,-118000
2017/07/12,0,0,-23000,-23000
2017/07/13,0,1000,-26000,-25000
2017/07/14,0,0,-23000,-23000
2017/07/17,0,44,-3000,-2956
2017/07/18,0,39000,0,39000
2017/07/19,0,0,-67000,-67000
2017/07/20,0,8000,-75000,-67000
2017/07/21,0,0,-721000,-721000
2017/07/24,0,0,0,0
2017/07/25,0,5000,0,5000
2017/07/26,0,1000,-371000,-370000
2017/07/27,0,0,0,0
2017/07/28,0,2000,0,2000
2017/07/31,0,18000,0,18000
2017/08/01,0,10000,-31000,-21000
2017/08/02,0,14000,-26000,-12000
2017/08/03,0,17000,-125000,-108000
2017/08/04,0,59000,0,59000
2017/08/07,0,20000,0,20000
2017/08/08,0,33000,-41000,-8000
2017/08/09,0,36000,0,36000
2017/08/10,0,17000,0,17000
2017/08/11,0,12000,-5000,7000
2017/08/14,0,27000,-5000,22000
2017/08/15,0,272000,-436000,-164000
2017/08/16,0,963000,-493000,470000
2017/08/17,0,1000,0,1000
2017/08/18,0,0,0,0
