Date,Open,Buy,Sell,Total
2007/01/02,0,3574000,-203000,3371000
2007/01/03,0,2616000,-3379675,-763675
2007/01/04,0,1996900,-124000,1872900
2007/01/05,0,416000,-7749000,-7333000
2007/01/08,0,3472000,-10090771,-6618771
2007/01/09,0,593000,-2671000,-2078000
2007/01/10,0,1101000,-7002700,-5901700
2007/01/11,0,998000,-3074420,-2076420
2007/01/12,0,1125000,-634000,491000
2007/01/15,0,3336000,-5530421,-2194421
2007/01/16,0,974000,-3881000,-2907000
2007/01/17,0,7776000,-3165500,4610500
2007/01/18,0,6302000,-11893275,-5591275
2007/01/19,0,2756000,-2074239,681761
2007/01/22,0,4634000,-4536000,98000
2007/01/23,0,432000,-702000,-270000
2007/01/24,0,4329000,-2740892,1588108
2007/01/25,0,1143000,-1887000,-744000
2007/01/26,0,446000,-3116000,-2670000
2007/01/29,0,731000,-3054075,-2323075
2007/01/30,0,1750000,-2088639,-338639
2007/01/31,0,1021000,-8318375,-7297375
2007/02/01,0,1664000,-821000,843000
2007/02/02,0,2958000,0,2958000
2007/02/05,0,1090000,-886000,204000
2007/02/06,0,4269000,-2027000,2242000
2007/02/07,0,1232500,-648925,583575
2007/02/08,0,3654000,-1515323,2138677
2007/02/09,0,3265000,-831000,2434000
2007/02/12,0,5425000,-1578000,3847000
2007/02/13,0,2239000,-3947000,-1708000
2007/02/14,0,5441000,-10829232,-5388232
2007/02/15,0,0,0,0
2007/02/16,0,0,0,0
2007/02/19,0,0,0,0
2007/02/20,0,0,0,0
2007/02/21,0,0,0,0
2007/02/22,0,0,0,0
2007/02/23,0,0,0,0
2007/02/26,0,13219400,-14590565,-1371165
2007/02/27,0,8964000,-8075008,888992
2007/02/28,0,0,0,0
2007/03/01,0,3353000,-9496950,-6143950
2007/03/02,0,3410000,-5362000,-1952000
2007/03/05,0,3566000,-6988000,-3422000
2007/03/06,0,919000,-6963000,-6044000
2007/03/07,0,2871400,-9105815,-6234415
2007/03/08,0,1167000,-1640778,-473778
2007/03/09,0,623000,-6075000,-5452000
2007/03/12,0,1906000,-2642000,-736000
2007/03/13,0,1275000,-3401000,-2126000
2007/03/14,0,3120000,-12539247,-9419247
2007/03/15,0,3621000,-2222000,1399000
2007/03/16,0,3550000,-5138300,-1588300
2007/03/19,0,133000,-1179851,-1046851
2007/03/20,0,1024000,-4231795,-3207795
2007/03/21,0,1115000,-1581000,-466000
2007/03/22,0,8976000,-6973000,2003000
2007/03/23,0,5384000,-3762000,1622000
2007/03/26,0,3900000,-1055000,2845000
2007/03/27,0,2739000,-1088000,1651000
2007/03/28,0,857000,-1620144,-763144
2007/03/29,0,4077000,-1703960,2373040
2007/03/30,0,2619000,-421000,2198000
2007/04/02,0,1427000,-438300,988700
2007/04/03,0,6993100,-3798360,3194740
2007/04/04,0,4899000,-4057700,841300
2007/04/05,0,0,0,0
2007/04/06,0,0,0,0
2007/04/09,0,4422000,-6013000,-1591000
2007/04/10,0,1656000,-4428000,-2772000
2007/04/11,0,2220000,-56000,2164000
2007/04/12,0,5185000,-9779575,-4594575
2007/04/13,0,283000,-2420980,-2137980
2007/04/16,0,2377000,-840078,1536922
2007/04/17,0,1668000,-2646492,-978492
2007/04/18,0,3671000,-2907000,764000
2007/04/19,0,3316200,-5835000,-2518800
2007/04/20,0,1526000,-1058000,468000
2007/04/23,0,3381000,-320000,3061000
2007/04/24,0,2505000,-1790000,715000
2007/04/25,0,1128000,-654000,474000
2007/04/26,0,1494000,-695000,799000
2007/04/27,0,2201000,-1510000,691000
2007/04/30,0,1540000,-5091792,-3551792
2007/05/01,0,0,0,0
2007/05/02,0,301000,-1045000,-744000
2007/05/03,0,1170000,-6910150,-5740150
2007/05/04,0,2575000,-5261837,-2686837
2007/05/07,0,459000,-2282417,-1823417
2007/05/08,0,1520000,-6826000,-5306000
2007/05/09,0,761000,-4882000,-4121000
2007/05/10,0,3072000,-7402575,-4330575
2007/05/11,0,373000,-7066050,-6693050
2007/05/14,0,1521000,-389000,1132000
2007/05/15,0,3966000,-1609000,2357000
2007/05/16,0,683000,-1112000,-429000
2007/05/17,0,2046000,-3365000,-1319000
2007/05/18,0,233000,-8675340,-8442340
2007/05/21,0,3063000,-273000,2790000
2007/05/22,0,212000,-3697000,-3485000
2007/05/23,0,4778000,-12818225,-8040225
2007/05/24,0,2257000,-3408500,-1151500
2007/05/25,0,1221000,-3138000,-1917000
2007/05/28,0,580000,-133000,447000
2007/05/29,0,1982000,-1236000,746000
2007/05/30,0,4869000,-11648575,-6779575
2007/05/31,0,4003000,-8436792,-4433792
2007/06/01,0,3480000,-4539783,-1059783
2007/06/04,0,1166000,-3727000,-2561000
2007/06/05,0,540000,-4008000,-3468000
2007/06/06,0,1823000,-5026454,-3203454
2007/06/07,0,2867000,-955000,1912000
2007/06/08,0,492000,-805440,-313440
2007/06/11,0,338000,-13098325,-12760325
2007/06/12,0,1901000,-3403800,-1502800
2007/06/13,0,1511000,-3477772,-1966772
2007/06/14,0,4082780,-8000,4074780
2007/06/15,0,16505000,-1935987,14569013
2007/06/18,0,0,0,0
2007/06/19,0,0,0,0
2007/06/20,0,18498000,-5918750,12579250
2007/06/21,0,17960000,-612527,17347473
2007/06/22,0,11525000,-9441000,2084000
2007/06/25,0,1706000,-6019000,-4313000
2007/06/26,0,7829000,-5934000,1895000
2007/06/27,0,3005000,-4244000,-1239000
2007/06/28,0,5069000,-4252150,816850
2007/06/29,0,14320000,-13372182,947818
2007/07/02,0,13451000,-8168120,5282880
2007/07/03,0,4187000,-5632821,-1445821
2007/07/04,0,3756000,-295000,3461000
2007/07/05,0,6628000,-440000,6188000
2007/07/06,0,7582000,-6962000,620000
2007/07/09,0,1939000,-1002850,936150
2007/07/10,0,1569000,-1557429,11571
2007/07/11,0,2336000,-911076,1424924
2007/07/12,0,7789000,-923000,6866000
2007/07/13,0,3950000,-3190000,760000
2007/07/16,0,3546000,-7184220,-3638220
2007/07/17,0,2616000,-1553000,1063000
2007/07/18,0,6125000,-14145000,-8020000
2007/07/19,0,2095000,-3550000,-1455000
2007/07/20,0,16914000,-126000,16788000
2007/07/23,0,7724000,-1168000,6556000
2007/07/24,0,6978000,-2125000,4853000
2007/07/25,0,47624000,-50043000,-2419000
2007/07/26,0,4250000,-3164000,1086000
2007/07/27,0,8431000,-14708000,-6277000
2007/07/30,0,8522000,-12256000,-3734000
2007/07/31,0,1389000,-6584000,-5195000
2007/08/01,0,528000,-18168000,-17640000
2007/08/02,0,1571000,-2845000,-1274000
2007/08/03,0,1494000,-6137000,-4643000
2007/08/06,0,6418000,-6834000,-416000
2007/08/07,0,2016000,-1280000,736000
2007/08/08,0,3610000,-993762,2616238
2007/08/09,0,7042000,-2704000,4338000
2007/08/10,0,790000,-11119914,-10329914
2007/08/13,0,1772000,-4035000,-2263000
2007/08/14,0,2472000,-3269000,-797000
2007/08/15,0,2806000,-7030000,-4224000
2007/08/16,0,4450000,-17745022,-13295022
2007/08/17,0,918000,-10164000,-9246000
2007/08/20,0,5848000,-9255150,-3407150
2007/08/21,0,2975000,-1819000,1156000
2007/08/22,0,6741564,-6459280,282284
2007/08/23,0,6892000,-3589000,3303000
2007/08/24,0,3122000,-4070000,-948000
2007/08/27,0,8563000,-3753000,4810000
2007/08/28,0,10806000,-6866400,3939600
2007/08/29,0,220040,-5449000,-5228960
2007/08/30,0,1667000,-2128000,-461000
2007/08/31,0,9996000,-443000,9553000
2007/09/03,0,552000,-2414000,-1862000
2007/09/04,0,1916000,-933000,983000
2007/09/05,0,1267000,-2630000,-1363000
2007/09/06,0,4798000,-5389000,-591000
2007/09/07,0,947000,-2032450,-1085450
2007/09/10,0,819000,-3370000,-2551000
2007/09/11,0,1452000,-615000,837000
2007/09/12,0,488000,-4926000,-4438000
2007/09/13,0,327000,-748000,-421000
2007/09/14,0,7438000,-1203000,6235000
2007/09/17,0,3346725,-4424550,-1077825
2007/09/18,0,0,0,0
2007/09/19,0,12486000,-2371000,10115000
2007/09/20,0,7443000,-1047000,6396000
2007/09/21,0,4739000,-2516695,2222305
2007/09/24,0,0,0,0
2007/09/25,0,0,0,0
2007/09/26,0,4596480,-999929,3596551
2007/09/27,0,16317000,-11207540,5109460
2007/09/28,0,5252000,-6570185,-1318185
2007/10/01,0,3896000,-8743066,-4847066
2007/10/02,0,14415000,-2389280,12025720
2007/10/03,0,7252761,-4783574,2469187
2007/10/04,0,2046000,-3252600,-1206600
2007/10/05,0,1954000,-5253670,-3299670
2007/10/08,0,4146000,-1965000,2181000
2007/10/09,0,3707000,-1318000,2389000
2007/10/10,0,0,0,0
2007/10/11,0,5972000,-3738500,2233500
2007/10/12,0,8860000,-6231000,2629000
2007/10/15,0,4386000,-1820000,2566000
2007/10/16,0,2831000,-4251000,-1420000
2007/10/17,0,1671000,-2476000,-805000
2007/10/18,0,1648000,-5595789,-3947789
2007/10/19,0,361900,-2302800,-1940900
2007/10/22,0,1244000,-18530000,-17286000
2007/10/23,0,6956000,-662558,6293442
2007/10/24,0,20568775,-2309000,18259775
2007/10/25,0,17288438,-1305000,15983438
2007/10/26,0,9208443,-3770000,5438443
2007/10/29,0,25850000,-9590433,16259567
2007/10/30,0,13625000,-4601800,9023200
2007/10/31,0,32398000,-4688500,27709500
2007/11/01,0,18700000,-4352733,14347267
2007/11/02,0,1883000,-4716000,-2833000
2007/11/05,0,1291000,-6197000,-4906000
2007/11/06,0,695000,-10584000,-9889000
2007/11/07,0,4508403,-13698000,-9189597
2007/11/08,0,3106000,-13987700,-10881700
2007/11/09,0,4055000,-3626000,429000
2007/11/12,0,16198000,-17664876,-1466876
2007/11/13,0,37392000,-16768802,20623198
2007/11/14,0,2181000,-10607520,-8426520
2007/11/15,0,1875000,-6697000,-4822000
2007/11/16,0,944346,-4585000,-3640654
2007/11/19,0,535133,-3079150,-2544017
2007/11/20,0,2611000,-3289850,-678850
2007/11/21,0,584000,-11983407,-11399407
2007/11/22,0,4170000,-2636109,1533891
2007/11/23,0,6482000,-7266000,-784000
2007/11/26,0,6367000,-1783120,4583880
2007/11/27,0,6266000,-3236000,3030000
2007/11/28,0,1071000,-2515000,-1444000
2007/11/29,0,7260000,-938210,6321790
2007/11/30,0,8279000,-5889000,2390000
2007/12/03,0,7209000,-7468080,-259080
2007/12/04,0,2318414,-9457850,-7139436
2007/12/05,0,2838000,-3927000,-1089000
2007/12/06,0,6061000,-4185539,1875461
2007/12/07,0,6625155,-5766000,859155
2007/12/10,0,961000,-1921600,-960600
2007/12/11,0,8932000,-4845000,4087000
2007/12/12,0,6738000,-5795080,942920
2007/12/13,0,7464000,-4207340,3256660
2007/12/14,0,9711000,-4120180,5590820
2007/12/17,0,11076000,-2312000,8764000
2007/12/18,0,7026000,-2004603,5021397
2007/12/19,0,18029000,-6814964,11214036
2007/12/20,0,14343000,-3202600,11140400
2007/12/21,0,4787000,-1417000,3370000
2007/12/24,0,1035000,-1179000,-144000
2007/12/25,0,449000,-341000,108000
2007/12/26,0,852000,-317000,535000
2007/12/27,0,4470000,-296000,4174000
2007/12/28,0,4030000,-2038000,1992000
2007/12/31,0,2409000,-1858000,551000
2008/01/01,0,0,0,0
2008/01/02,0,1295000,-5351000,-4056000
2008/01/03,0,2394130,-2760000,-365870
2008/01/04,0,4420000,-5542173,-1122173
2008/01/07,0,934000,-3047000,-2113000
2008/01/08,0,13054000,-1907805,11146195
2008/01/09,0,17036000,-3173212,13862788
2008/01/10,0,4937101,-3659451,1277650
2008/01/11,0,24221000,-2994453,21226547
2008/01/14,0,79549000,-13476731,66072269
2008/01/15,0,36540000,-10288394,26251606
2008/01/16,0,72567895,-37286708,35281187
2008/01/17,0,30748000,-20146541,10601459
2008/01/18,0,37510810,-13651427,23859383
2008/01/21,0,20165000,-6182550,13982450
2008/01/22,0,9309000,-10667365,-1358365
2008/01/23,0,16916000,-18192420,-1276420
2008/01/24,0,31525000,-3253000,28272000
2008/01/25,0,34746900,-12746000,22000900
2008/01/28,0,11588000,-4685000,6903000
2008/01/29,0,10748000,-1427366,9320634
2008/01/30,0,9256655,-7628000,1628655
2008/01/31,0,32513000,-14159380,18353620
2008/02/01,0,8402000,-5131000,3271000
2008/02/04,0,0,0,0
2008/02/05,0,0,0,0
2008/02/06,0,0,0,0
2008/02/07,0,0,0,0
2008/02/08,0,0,0,0
2008/02/11,0,0,0,0
2008/02/12,0,11473000,-4851000,6622000
2008/02/13,0,8725000,-10302000,-1577000
2008/02/14,0,39208000,-5541000,33667000
2008/02/15,0,5771000,-11966748,-6195748
2008/02/18,0,9356000,-10642000,-1286000
2008/02/19,0,6187000,-8599000,-2412000
2008/02/20,0,6188900,-8798000,-2609100
2008/02/21,0,21433968,-4440375,16993593
2008/02/22,0,5096000,-4897000,199000
2008/02/25,0,14954000,-8330000,6624000
2008/02/26,0,17707000,-3319000,14388000
2008/02/27,0,20949000,-9454000,11495000
2008/02/28,0,0,0,0
2008/02/29,0,33866276,-10796965,23069311
2008/03/03,0,5464160,-8119160,-2655000
2008/03/04,0,15675000,-7033000,8642000
2008/03/05,0,25603000,-10206000,15397000
2008/03/06,0,19592000,-12280000,7312000
2008/03/07,0,23018000,-15742813,7275187
2008/03/10,0,21301000,-32294000,-10993000
2008/03/11,0,12182000,-5015696,7166304
2008/03/12,0,32698215,-4429000,28269215
2008/03/13,0,18287000,-5245173,13041827
2008/03/14,0,15368000,-12121539,3246461
2008/03/17,0,26733000,-21417000,5316000
2008/03/18,0,17536000,-5096000,12440000
2008/03/19,0,31815000,-13376900,18438100
2008/03/20,0,22147000,-6978100,15168900
2008/03/21,0,52610534,-13487500,39123034
2008/03/24,0,85227000,-13444500,71782500
2008/03/25,0,17138000,-24829300,-7691300
2008/03/26,0,36922000,-25789000,11133000
2008/03/27,0,33653852,-23275200,10378652
2008/03/28,0,18876102,-14329800,4546302
2008/03/31,0,24749610,-12952000,11797610
2008/04/01,0,26203298,-9908254,16295044
2008/04/02,0,22224000,-18557390,3666610
2008/04/03,0,18192000,-10807674,7384326
2008/04/04,0,0,0,0
2008/04/07,0,33335000,-30375000,2960000
2008/04/08,0,20446000,-13205000,7241000
2008/04/09,0,29011000,-15401000,13610000
2008/04/10,0,24270000,-9505000,14765000
2008/04/11,0,72689000,-23946842,48742158
2008/04/14,0,24430000,-14456900,9973100
2008/04/15,0,21375000,-14383892,6991108
2008/04/16,0,9511000,-16241000,-6730000
2008/04/17,0,18462000,-15621210,2840790
2008/04/18,0,22334000,-27249000,-4915000
2008/04/21,0,15804000,-19034000,-3230000
2008/04/22,0,15845000,-15515460,329540
2008/04/23,0,19087525,-1295000,17792525
2008/04/24,0,12142000,-4693500,7448500
2008/04/25,0,24556391,-3087000,21469391
2008/04/28,0,27629000,-1249000,26380000
2008/04/29,0,7672000,-12448475,-4776475
2008/04/30,0,13159000,-5321101,7837899
2008/05/01,0,0,0,0
2008/05/02,0,21605000,-7959763,13645237
2008/05/05,0,10774000,-14492000,-3718000
2008/05/06,0,11476000,-12011000,-535000
2008/05/07,0,13386000,-18037000,-4651000
2008/05/08,0,16807000,-6713000,10094000
2008/05/09,0,9877000,-10039000,-162000
2008/05/12,0,11674000,-29669000,-17995000
2008/05/13,0,15451000,-6494000,8957000
2008/05/14,0,17903644,-5254239,12649405
2008/05/15,0,10841000,-763255,10077745
2008/05/16,0,31207000,-9106813,22100187
2008/05/19,0,7798000,-3578000,4220000
2008/05/20,0,21734000,-7921000,13813000
2008/05/21,0,11165000,-12995148,-1830148
2008/05/22,0,4173000,-20540000,-16367000
2008/05/23,0,3659000,-2738000,921000
2008/05/26,0,5586000,-3591000,1995000
2008/05/27,0,7714000,-2386000,5328000
2008/05/28,0,13591000,-5756000,7835000
2008/05/29,0,21609000,-5600000,16009000
2008/05/30,0,26826000,-8021838,18804162
2008/06/02,0,17957000,-3377910,14579090
2008/06/03,0,28241000,-10486000,17755000
2008/06/04,0,13943000,-7948843,5994157
2008/06/05,0,6473000,-8943000,-2470000
2008/06/06,0,10492000,-4786000,5706000
2008/06/09,0,7342000,-13895175,-6553175
2008/06/10,0,2932000,-10103731,-7171731
2008/06/11,0,8939000,-4355000,4584000
2008/06/12,0,3972000,-14351000,-10379000
2008/06/13,0,16990000,-12818000,4172000
2008/06/16,0,10126000,-3686000,6440000
2008/06/17,0,14237000,-16605580,-2368580
2008/06/18,0,4929000,-12166000,-7237000
2008/06/19,0,10668000,-18464000,-7796000
2008/06/20,0,13630053,-10988560,2641493
2008/06/23,0,11518000,-6543949,4974051
2008/06/24,0,12414000,-11153000,1261000
2008/06/25,0,15384000,-16760647,-1376647
2008/06/26,0,6536000,-7321705,-785705
2008/06/27,0,15534000,-27811000,-12277000
2008/06/30,0,8248000,-10308000,-2060000
2008/07/01,0,11945000,-14370000,-2425000
2008/07/02,0,9602000,-37628000,-28026000
2008/07/03,0,19825788,-57054740,-37228952
2008/07/04,0,25607000,-31248000,-5641000
2008/07/07,0,3810000,-8545000,-4735000
2008/07/08,0,4686000,-31087000,-26401000
2008/07/09,0,6350000,-32445000,-26095000
2008/07/10,0,11218000,-12731900,-1513900
2008/07/11,0,6764000,-46309000,-39545000
2008/07/14,0,10844200,-11464000,-619800
2008/07/15,0,26186000,-13608200,12577800
2008/07/16,0,9035280,-10823280,-1788000
2008/07/17,0,14590000,-13753964,836036
2008/07/18,0,47342000,-20611637,26730363
2008/07/21,0,3459000,-8894145,-5435145
2008/07/22,0,35480000,-15815400,19664600
2008/07/23,0,45066480,-30357351,14709129
2008/07/24,0,33022000,-37506900,-4484900
2008/07/25,0,2642000,-17284000,-14642000
2008/07/28,0,0,0,0
2008/07/29,0,7369000,-37334000,-29965000
2008/07/30,0,10608520,-39835000,-29226480
2008/07/31,0,17482000,-46530100,-29048100
2008/08/01,0,9690000,-26308612,-16618612
2008/08/04,0,6755000,-12687000,-5932000
2008/08/05,0,19083000,-25984000,-6901000
2008/08/06,0,28912900,-25675640,3237260
2008/08/07,0,10805000,-17502000,-6697000
2008/08/08,0,10190000,-20191000,-10001000
2008/08/11,0,8441000,-20608000,-12167000
2008/08/12,0,5486000,-46841000,-41355000
2008/08/13,0,8078000,-36397255,-28319255
2008/08/14,0,4945000,-11976300,-7031300
2008/08/15,0,15438000,-5895000,9543000
2008/08/18,0,15787000,-11127546,4659454
2008/08/19,0,9631000,-8166000,1465000
2008/08/20,0,13576850,-6807521,6769329
2008/08/21,0,3623000,-9336500,-5713500
2008/08/22,0,2318000,-4583400,-2265400
2008/08/25,0,8941000,-1820000,7121000
2008/08/26,0,3697000,-5461000,-1764000
2008/08/27,0,5158000,-8178700,-3020700
2008/08/28,0,5968000,-22857985,-16889985
2008/08/29,0,11755000,-7493408,4261592
2008/09/01,0,2659120,-10350120,-7691000
2008/09/02,0,1760000,-3004000,-1244000
2008/09/03,0,8752000,-29321000,-20569000
2008/09/04,0,5521000,-23658150,-18137150
2008/09/05,0,27608000,-32170000,-4562000
2008/09/08,0,11170000,-8387500,2782500
2008/09/09,0,43613000,-22988400,20624600
2008/09/10,0,23889999,-24132000,-242001
2008/09/11,0,29361000,-22831729,6529271
2008/09/12,0,5139000,-14623900,-9484900
2008/09/15,0,703000,-3546496,-2843496
2008/09/16,0,16384000,-28314102,-11930102
2008/09/17,0,13807000,-40059538,-26252538
2008/09/18,0,6713680,-17723180,-11009500
2008/09/19,0,24192000,-15608572,8583428
2008/09/22,0,12551696,-5180474,7371222
2008/09/23,0,10108256,-18464074,-8355818
2008/09/24,0,8379372,-18996429,-10617057
2008/09/25,0,13276976,-5126968,8150008
2008/09/26,0,21151000,-10438396,10712604
2008/09/29,0,0,0,0
2008/09/30,0,15866734,-18311402,-2444668
2008/10/01,0,5824000,-8953900,-3129900
2008/10/02,0,7783346,-18205000,-10421654
2008/10/03,0,3733040,-7277776,-3544736
2008/10/06,0,23515268,-25005524,-1490256
2008/10/07,0,16424500,-5541909,10882591
2008/10/08,0,17148000,-13867246,3280754
2008/10/09,0,25219000,-9079555,16139445
2008/10/10,0,0,0,0
2008/10/13,0,5272000,-5746058,-474058
2008/10/14,0,8221000,-11083298,-2862298
2008/10/15,0,5278000,-5578200,-300200
2008/10/16,0,1334000,-427221,906779
2008/10/17,0,5222000,-7177643,-1955643
2008/10/20,0,9107000,-13118856,-4011856
2008/10/21,0,8818000,-11073488,-2255488
2008/10/22,0,2865000,-10918373,-8053373
2008/10/23,0,1046068,-824068,222000
2008/10/24,0,979000,-1979000,-1000000
2008/10/27,0,170000,-7926000,-7756000
2008/10/28,0,4001000,-29791133,-25790133
2008/10/29,0,11334000,-12657221,-1323221
2008/10/30,0,4284000,-6231400,-1947400
2008/10/31,0,7984000,-9653435,-1669435
2008/11/03,0,2477000,-4650368,-2173368
2008/11/04,0,10311000,-10707980,-396980
2008/11/05,0,44093000,-13598372,30494628
2008/11/06,0,5717000,-7599160,-1882160
2008/11/07,0,7875000,-8302923,-427923
2008/11/10,0,5898000,-3199000,2699000
2008/11/11,0,6631000,-5360000,1271000
2008/11/12,0,6380000,-4199191,2180809
2008/11/13,0,7045054,-8676120,-1631066
2008/11/14,0,7808000,-10339455,-2531455
2008/11/17,0,9458000,-1220360,8237640
2008/11/18,0,6396000,-13713923,-7317923
2008/11/19,0,1864000,-12063107,-10199107
2008/11/20,0,2829000,-3239006,-410006
2008/11/21,0,3821000,-13540520,-9719520
2008/11/24,0,4123000,-9960100,-5837100
2008/11/25,0,6976000,-17619345,-10643345
2008/11/26,0,9352000,-10122833,-770833
2008/11/27,0,5131000,-22274126,-17143126
2008/11/28,0,6169000,-2288837,3880163
2008/12/01,0,13187928,-18190956,-5003028
2008/12/02,0,3724000,-6308000,-2584000
2008/12/03,0,1599000,-5254500,-3655500
2008/12/04,0,1028000,-6452018,-5424018
2008/12/05,0,4102289,-4900158,-797869
2008/12/08,0,6843000,-9603824,-2760824
2008/12/09,0,30940000,-5833042,25106958
2008/12/10,0,10751000,-5789334,4961666
2008/12/11,0,15223060,-9285716,5937344
2008/12/12,0,5689000,-13735188,-8046188
2008/12/15,0,9055000,-7335245,1719755
2008/12/16,0,16324000,-6835000,9489000
2008/12/17,0,11922000,-5667000,6255000
2008/12/18,0,3605000,-1474000,2131000
2008/12/19,0,16970000,-11859392,5110608
2008/12/22,0,3645000,-9480556,-5835556
2008/12/23,0,5835000,-5495000,340000
2008/12/24,0,3320164,-3058000,262164
2008/12/25,0,612000,-1841000,-1229000
2008/12/26,0,1605000,-889000,716000
2008/12/29,0,304000,-3440231,-3136231
2008/12/30,0,6733000,-2531408,4201592
2008/12/31,0,2318000,-2738800,-420800
2009/01/01,0,0,0,0
2009/01/02,0,0,0,0
2009/01/05,0,12093000,-6114644,5978356
2009/01/06,0,6365761,-6199284,166477
2009/01/07,0,4905286,-4153504,751782
2009/01/08,0,742000,-8530604,-7788604
2009/01/09,0,2812000,-3504864,-692864
2009/01/12,0,2524009,-9028872,-6504863
2009/01/13,0,2628074,-2913000,-284926
2009/01/14,0,15508579,-25058779,-9550200
2009/01/15,0,854000,-16667000,-15813000
2009/01/16,0,1411000,-21901356,-20490356
2009/01/19,0,341000,-6017769,-5676769
2009/01/20,0,2462000,-14960000,-12498000
2009/01/21,0,3069200,-15872473,-12803273
2009/01/22,0,0,0,0
2009/01/23,0,0,0,0
2009/01/26,0,0,0,0
2009/01/27,0,0,0,0
2009/01/28,0,0,0,0
2009/01/29,0,0,0,0
2009/01/30,0,0,0,0
2009/02/02,0,11011000,-15068691,-4057691
2009/02/03,0,1966000,-3330690,-1364690
2009/02/04,0,1392000,-13751348,-12359348
2009/02/05,0,2005000,-4488168,-2483168
2009/02/06,0,6840000,-20625688,-13785688
2009/02/09,0,2889000,-32968664,-30079664
2009/02/10,0,1890000,-28116264,-26226264
2009/02/11,0,1456160,-20222732,-18766572
2009/02/12,0,2063980,-23597888,-21533908
2009/02/13,0,3244000,-18595560,-15351560
2009/02/16,0,146000,-16639852,-16493852
2009/02/17,0,2157000,-21938724,-19781724
2009/02/18,0,7358000,-53497907,-46139907
2009/02/19,0,4390000,-24163244,-19773244
2009/02/20,0,2293000,-15718388,-13425388
2009/02/23,0,2981000,-35959198,-32978198
2009/02/24,0,8210000,-20668902,-12458902
2009/02/25,0,22912000,-13336644,9575356
2009/02/26,0,27495500,-8670588,18824912
2009/02/27,0,24507000,-10788000,13719000
2009/03/02,0,1747020,-25773501,-24026481
2009/03/03,0,9821000,-13632047,-3811047
2009/03/04,0,1860000,-8288466,-6428466
2009/03/05,0,4124000,-18588632,-14464632
2009/03/06,0,3874000,-6057172,-2183172
2009/03/09,0,2557000,-13218000,-10661000
2009/03/10,0,4149000,-8762000,-4613000
2009/03/11,0,11325797,-6896857,4428940
2009/03/12,0,7338000,-16869963,-9531963
2009/03/13,0,16168000,-25846945,-9678945
2009/03/16,0,13073000,-21316108,-8243108
2009/03/17,0,9189000,-4332300,4856700
2009/03/18,0,5972000,-15698125,-9726125
2009/03/19,0,12402000,-28647720,-16245720
2009/03/20,0,2574000,-6814306,-4240306
2009/03/23,0,5782000,-1784000,3998000
2009/03/24,0,8335000,-7174180,1160820
2009/03/25,0,9765000,-8158230,1606770
2009/03/26,0,18135720,-5179720,12956000
2009/03/27,0,10555000,-16750408,-6195408
2009/03/30,0,5908000,-12838112,-6930112
2009/03/31,0,12612500,-3995440,8617060
2009/04/01,0,4663000,-10493800,-5830800
2009/04/02,0,14947000,-3150000,11797000
2009/04/03,0,92723000,-3280000,89443000
2009/04/06,0,14832000,-14454000,378000
2009/04/07,0,7949000,-14850000,-6901000
2009/04/08,0,13063000,-13295000,-232000
2009/04/09,0,23390000,-2952496,20437504
2009/04/10,0,6110000,-6067000,43000
2009/04/13,0,10300000,-10784000,-484000
2009/04/14,0,9864000,-10961000,-1097000
2009/04/15,0,38880000,-7418000,31462000
2009/04/16,0,22009500,-11917500,10092000
2009/04/17,0,63153000,-6358943,56794057
2009/04/20,0,18701000,-5359000,13342000
2009/04/21,0,7665000,-10656024,-2991024
2009/04/22,0,19608000,-4965000,14643000
2009/04/23,0,3154000,-7460516,-4306516
2009/04/24,0,25788000,-10818372,14969628
2009/04/27,0,6503118,-7841000,-1337882
2009/04/28,0,10962000,-23639943,-12677943
2009/04/29,0,15691000,-3547000,12144000
2009/04/30,0,22410000,-6437000,15973000
2009/05/01,0,0,0,0
2009/05/04,0,19223647,-5336647,13887000
2009/05/05,0,62567241,-22273058,40294183
2009/05/06,0,18507000,-28428000,-9921000
2009/05/07,0,19751000,-40701000,-20950000
2009/05/08,0,28833000,-46082265,-17249265
2009/05/11,0,5434000,-40671000,-35237000
2009/05/12,0,5821000,-13847000,-8026000
2009/05/13,0,17194000,-28306748,-11112748
2009/05/14,0,8924000,-16516532,-7592532
2009/05/15,0,3714000,-31512603,-27798603
2009/05/18,0,8331000,-23639178,-15308178
2009/05/19,0,7396000,-2164300,5231700
2009/05/20,0,12215000,-4753000,7462000
2009/05/21,0,8379000,-8607000,-228000
2009/05/22,0,10529000,-4805000,5724000
2009/05/25,0,2692000,-8314888,-5622888
2009/05/26,0,6445000,-11501000,-5056000
2009/05/27,0,16524000,-4504218,12019782
2009/05/28,0,0,0,0
2009/05/29,0,0,0,0
2009/06/01,0,11043400,-8515000,2528400
2009/06/02,0,5154000,-2852000,2302000
2009/06/03,0,7468016,-3160971,4307045
2009/06/04,0,6103000,-9292000,-3189000
2009/06/05,0,1654838,-5024356,-3369518
2009/06/08,0,2898000,-5777000,-2879000
2009/06/09,0,9881000,-7572456,2308544
2009/06/10,0,6227000,-7627877,-1400877
2009/06/11,0,9899000,-5112000,4787000
2009/06/12,0,3323000,-7423000,-4100000
2009/06/15,0,13365019,-2462000,10903019
2009/06/16,0,8727000,-7023200,1703800
2009/06/17,0,12425000,-11911761,513239
2009/06/18,0,14289000,-13095000,1194000
2009/06/19,0,22376002,-4882776,17493226
2009/06/22,0,6136000,-7494000,-1358000
2009/06/23,0,9903655,-7895000,2008655
2009/06/24,0,17402000,-9255390,8146610
2009/06/25,0,6434000,-19646000,-13212000
2009/06/26,0,7480000,-2909000,4571000
2009/06/29,0,5509000,-7694000,-2185000
2009/06/30,0,11187000,-2463267,8723733
2009/07/01,0,5995000,-4913884,1081116
2009/07/02,0,7741000,-2570000,5171000
2009/07/03,0,4462000,-4266618,195382
2009/07/06,0,5990000,-6699184,-709184
2009/07/07,0,3672000,-17771494,-14099494
2009/07/08,0,3318138,-5391440,-2073302
2009/07/09,0,16099000,-23776855,-7677855
2009/07/10,0,5254000,-3857525,1396475
2009/07/13,0,9874000,-13144000,-3270000
2009/07/14,0,2108000,-4447850,-2339850
2009/07/15,0,4133000,-3525525,607475
2009/07/16,0,12150817,-2287000,9863817
2009/07/17,0,4465050,-1859750,2605300
2009/07/20,0,1995000,-84000,1911000
2009/07/21,0,2853000,-5056880,-2203880
2009/07/22,0,4711000,-12005000,-7294000
2009/07/23,0,3161000,-3414720,-253720
2009/07/24,0,3634000,-1526000,2108000
2009/07/27,0,12214000,-3052000,9162000
2009/07/28,0,18267000,-2996000,15271000
2009/07/29,0,28024000,-2990082,25033918
2009/07/30,0,4857000,-4703000,154000
2009/07/31,0,15605000,-3065000,12540000
2009/08/03,0,4469000,-15218000,-10749000
2009/08/04,0,4729000,-21287000,-16558000
2009/08/05,0,9527000,-18424000,-8897000
2009/08/06,0,2573000,-19613000,-17040000
2009/08/07,0,0,0,0
2009/08/10,0,31133489,-31319112,-185623
2009/08/11,0,24075000,-15773000,8302000
2009/08/12,0,6910000,-4900061,2009939
2009/08/13,0,11418000,-3529979,7888021
2009/08/14,0,10407000,-1769040,8637960
2009/08/17,0,955000,-2001000,-1046000
2009/08/18,0,7310000,-3405000,3905000
2009/08/19,0,2540000,-6047904,-3507904
2009/08/20,0,8035000,-3264340,4770660
2009/08/21,0,9833000,-33781116,-23948116
2009/08/24,0,12365125,-16181019,-3815894
2009/08/25,0,2403000,-10741127,-8338127
2009/08/26,0,26511000,-20404694,6106306
2009/08/27,0,6533600,-7629559,-1095959
2009/08/28,0,14321000,-7290134,7030866
2009/08/31,0,6637000,-5741822,895178
2009/09/01,0,12755000,-2676035,10078965
2009/09/02,0,2595660,-2926722,-331062
2009/09/03,0,9094000,-2479219,6614781
2009/09/04,0,8948100,-1894560,7053540
2009/09/07,0,7625100,-1052721,6572379
2009/09/08,0,14792000,-2071500,12720500
2009/09/09,0,14116800,-901800,13215000
2009/09/10,0,14573000,-6890485,7682515
2009/09/11,0,5369000,-4344154,1024846
2009/09/14,0,7147100,-2945275,4201825
2009/09/15,0,4692100,-828000,3864100
2009/09/16,0,10759813,-3277000,7482813
2009/09/17,0,9064000,-4393867,4670133
2009/09/18,0,7551000,-1753575,5797425
2009/09/21,0,8273000,-2333000,5940000
2009/09/22,0,9428200,-1378200,8050000
2009/09/23,0,5405000,-3898250,1506750
2009/09/24,0,7488000,-4962925,2525075
2009/09/25,0,3954214,-5512840,-1558626
2009/09/28,0,8880000,-2573275,6306725
2009/09/29,0,12850857,-10545325,2305532
2009/09/30,0,7801000,-8402297,-601297
2009/10/01,0,15713000,-5334504,10378496
2009/10/02,0,5615000,-13306101,-7691101
2009/10/05,0,3454357,-14228483,-10774126
2009/10/06,0,20610000,-33194493,-12584493
2009/10/07,0,18675000,-9475577,9199423
2009/10/08,0,5962000,-5686000,276000
2009/10/09,0,3093000,-2624000,469000
2009/10/12,0,1831000,-3280268,-1449268
2009/10/13,0,7172860,-5305898,1866962
2009/10/14,0,4425000,-6600050,-2175050
2009/10/15,0,13147000,-8540000,4607000
2009/10/16,0,25824000,-6063000,19761000
2009/10/19,0,6715000,-2351371,4363629
2009/10/20,0,11671600,-3767641,7903959
2009/10/21,0,11542000,-8019000,3523000
2009/10/22,0,4865000,-15804175,-10939175
2009/10/23,0,1945000,-4918000,-2973000
2009/10/26,0,3355000,-4393350,-1038350
2009/10/27,0,1698300,-5224000,-3525700
2009/10/28,0,1331000,-5255000,-3924000
2009/10/29,0,2266000,-12988927,-10722927
2009/10/30,0,4865000,-13595325,-8730325
2009/11/02,0,1371000,-4229000,-2858000
2009/11/03,0,1606000,-6876275,-5270275
2009/11/04,0,7280000,-2403944,4876056
2009/11/05,0,2672000,-1941000,731000
2009/11/06,0,5302000,-2125001,3176999
2009/11/09,0,4424000,-3324800,1099200
2009/11/10,0,5260000,-415000,4845000
2009/11/11,0,4479000,-3931474,547526
2009/11/12,0,3872000,-38000,3834000
2009/11/13,0,11765000,-2709120,9055880
2009/11/16,0,13874000,-964500,12909500
2009/11/17,0,7467000,-2047000,5420000
2009/11/18,0,4478250,-11130234,-6651984
2009/11/19,0,1761000,-6304000,-4543000
2009/11/20,0,7649000,-18470538,-10821538
2009/11/23,0,1370000,-5171000,-3801000
2009/11/24,0,4883000,-9342000,-4459000
2009/11/25,0,11964000,-8572000,3392000
2009/11/26,0,4641000,-6595650,-1954650
2009/11/27,0,3099000,-16716000,-13617000
2009/11/30,0,1943871,-4527366,-2583495
2009/12/01,0,5328000,-1606333,3721667
2009/12/02,0,1925000,-3448500,-1523500
2009/12/03,0,2528550,-1289390,1239160
2009/12/04,0,2396000,-10179013,-7783013
2009/12/07,0,2476000,-10488525,-8012525
2009/12/08,0,1741000,-11168000,-9427000
2009/12/09,0,7494000,-24762210,-17268210
2009/12/10,0,16399650,-19262419,-2862769
2009/12/11,0,12259800,-12213351,46449
2009/12/14,0,5687000,-6431750,-744750
2009/12/15,0,6148000,-2218246,3929754
2009/12/16,0,3133000,-8060250,-4927250
2009/12/17,0,3531720,-1904000,1627720
2009/12/18,0,4475000,-8250145,-3775145
2009/12/21,0,2724000,-3900376,-1176376
2009/12/22,0,4022000,-3651000,371000
2009/12/23,0,3310000,-243418,3066582
2009/12/24,0,3851000,-537000,3314000
2009/12/25,0,1916000,-309000,1607000
2009/12/28,0,4325000,-85178,4239822
2009/12/29,0,2549000,-203000,2346000
2009/12/30,0,8980000,-3108000,5872000
2009/12/31,0,2576000,-306000,2270000
2010/01/01,0,0,0,0
2010/01/04,0,2243000,-2166000,77000
2010/01/05,0,2223000,-1091475,1131525
2010/01/06,0,4678000,-1117492,3560508
2010/01/07,0,9174000,-4653143,4520857
2010/01/08,0,3459350,-6406000,-2946650
2010/01/11,0,4966000,-6319150,-1353150
2010/01/12,0,2531000,-7044471,-4513471
2010/01/13,0,931000,-2142975,-1211975
2010/01/14,0,3401000,-11011680,-7610680
2010/01/15,0,3581000,-3451000,130000
2010/01/18,0,1937000,-1418000,519000
2010/01/19,0,780000,-4076450,-3296450
2010/01/20,0,2969000,-6435000,-3466000
2010/01/21,0,3923000,-6213265,-2290265
2010/01/22,0,3821000,-27125300,-23304300
2010/01/25,0,4286550,-9794000,-5507450
2010/01/26,0,5027000,-12452000,-7425000
2010/01/27,0,2210000,-2420397,-210397
2010/01/28,0,594000,-3181000,-2587000
2010/01/29,0,5015000,-9547410,-4532410
2010/02/01,0,1121000,-7392770,-6271770
2010/02/02,0,1088000,-8134360,-7046360
2010/02/03,0,4843960,-7954000,-3110040
2010/02/04,0,3653000,-18532935,-14879935
2010/02/05,0,6089000,-18369550,-12280550
2010/02/08,0,3591000,-11379216,-7788216
2010/02/09,0,3517000,-10915941,-7398941
2010/02/10,0,2924000,-8776000,-5852000
2010/02/11,0,0,0,0
2010/02/12,0,0,0,0
2010/02/15,0,0,0,0
2010/02/16,0,0,0,0
2010/02/17,0,0,0,0
2010/02/18,0,0,0,0
2010/02/19,0,0,0,0
2010/02/22,0,6484000,-11047642,-4563642
2010/02/23,0,3427000,-6651850,-3224850
2010/02/24,0,6248730,-11786190,-5537460
2010/02/25,0,7373525,-11969000,-4595475
2010/02/26,0,7731000,-7890746,-159746
2010/03/01,0,9385000,-2362000,7023000
2010/03/02,0,2471000,-1868000,603000
2010/03/03,0,5851000,-3157000,2694000
2010/03/04,0,1353000,-4461000,-3108000
2010/03/05,0,5129000,-877000,4252000
2010/03/08,0,2612000,-263455,2348545
2010/03/09,0,5831570,-3818000,2013570
2010/03/10,0,4536000,-8321227,-3785227
2010/03/11,0,3589000,-12534000,-8945000
2010/03/12,0,3847000,-5082000,-1235000
2010/03/15,0,1010000,-5696000,-4686000
2010/03/16,0,2620001,-2853000,-232999
2010/03/17,0,9406000,-6458000,2948000
2010/03/18,0,8940000,-3073000,5867000
2010/03/19,0,5911000,-7631950,-1720950
2010/03/22,0,1720000,-4630105,-2910105
2010/03/23,0,1127000,-9066499,-7939499
2010/03/24,0,2676000,-4870000,-2194000
2010/03/25,0,1939000,-10314275,-8375275
2010/03/26,0,4266000,-6565560,-2299560
2010/03/29,0,4941000,-3979000,962000
2010/03/30,0,4296000,-4017000,279000
2010/03/31,0,4257000,-10797831,-6540831
2010/04/01,0,18754000,-10315480,8438520
2010/04/02,0,3908000,-975575,2932425
2010/04/05,0,0,0,0
2010/04/06,0,8097800,-923422,7174378
2010/04/07,0,3423340,-196000,3227340
2010/04/08,0,3659000,-1446000,2213000
2010/04/09,0,6936000,-3170080,3765920
2010/04/12,0,2229930,-4498700,-2268770
2010/04/13,0,6609000,-5514000,1095000
2010/04/14,0,4035000,-6857721,-2822721
2010/04/15,0,2982000,-18410775,-15428775
2010/04/16,0,3793210,-12722000,-8928790
2010/04/19,0,13412001,-19172000,-5759999
2010/04/20,0,3639000,-11071291,-7432291
2010/04/21,0,2304000,-2176000,128000
2010/04/22,0,4841000,-5756730,-915730
2010/04/23,0,376000,-2102250,-1726250
2010/04/26,0,7585000,-1971001,5613999
2010/04/27,0,4558382,-4365316,193066
2010/04/28,0,3345000,-7651560,-4306560
2010/04/29,0,1285000,-3946000,-2661000
2010/04/30,0,7540000,-3969675,3570325
2010/05/03,0,1473000,-3654000,-2181000
2010/05/04,0,4243000,-4995000,-752000
2010/05/05,0,4668766,-11617366,-6948600
2010/05/06,0,3467916,-8012000,-4544084
2010/05/07,0,3074000,-8200160,-5126160
2010/05/10,0,2746830,-2314270,432560
2010/05/11,0,2051000,-8752000,-6701000
2010/05/12,0,1820000,-3709000,-1889000
2010/05/13,0,5827000,-2618000,3209000
2010/05/14,0,2595000,-1594000,1001000
2010/05/17,0,976000,-3042000,-2066000
2010/05/18,0,2964975,-3809000,-844025
2010/05/19,0,887003,-2857000,-1969997
2010/05/20,0,1412000,-5053000,-3641000
2010/05/21,0,2358000,-6989880,-4631880
2010/05/24,0,2368000,-2803000,-435000
2010/05/25,0,6307000,-6214000,93000
2010/05/26,0,3210640,-2506000,704640
2010/05/27,0,5355000,-2289873,3065127
2010/05/28,0,8444000,-7163000,1281000
2010/05/31,0,5147000,-1362224,3784776
2010/06/01,0,4497000,-8172000,-3675000
2010/06/02,0,3893000,-3510000,383000
2010/06/03,0,10331000,-959000,9372000
2010/06/04,0,2533000,-2220000,313000
2010/06/07,0,9922000,-6503182,3418818
2010/06/08,0,6535000,-1904000,4631000
2010/06/09,0,3965000,-7020575,-3055575
2010/06/10,0,2135000,-2204000,-69000
2010/06/11,0,3894591,-2042000,1852591
2010/06/14,0,4770791,-53000,4717791
2010/06/15,0,4898231,-515820,4382411
2010/06/16,0,0,0,0
2010/06/17,0,6652155,-1856115,4796040
2010/06/18,0,2340846,-1976675,364171
2010/06/21,0,12281765,-6853685,5428080
2010/06/22,0,3292822,-444000,2848822
2010/06/23,0,1728862,-556752,1172110
2010/06/24,0,588000,-1521390,-933390
2010/06/25,0,14112807,-5953000,8159807
2010/06/28,0,6896000,-5809000,1087000
2010/06/29,0,5083000,-8631000,-3548000
2010/06/30,0,3602000,-7243000,-3641000
2010/07/01,0,4280000,-7480660,-3200660
2010/07/02,0,7357000,-8089590,-732590
2010/07/05,0,9707408,-3179800,6527608
2010/07/06,0,12531000,-6237000,6294000
2010/07/07,0,3676813,-2230000,1446813
2010/07/08,0,2254000,-2301000,-47000
2010/07/09,0,2538697,-5043000,-2504303
2010/07/12,0,3208000,-1187568,2020432
2010/07/13,0,2073000,-652000,1421000
2010/07/14,0,5988480,-1944431,4044049
2010/07/15,0,4613000,-2278000,2335000
2010/07/16,0,7581184,-7511735,69449
2010/07/19,0,5550000,-1305000,4245000
2010/07/20,0,4297222,-1764000,2533222
2010/07/21,0,4888000,-5053000,-165000
2010/07/22,0,2935696,-4749000,-1813304
2010/07/23,0,5925000,-10944000,-5019000
2010/07/26,0,3326100,-1312000,2014100
2010/07/27,0,423108,-2399000,-1975892
2010/07/28,0,3496000,-945000,2551000
2010/07/29,0,2783000,-1824870,958130
2010/07/30,0,2795715,-5301834,-2506119
2010/08/02,0,8269000,-5678024,2590976
2010/08/03,0,1237100,-770100,467000
2010/08/04,0,910000,-5187000,-4277000
2010/08/05,0,3966000,-9035871,-5069871
2010/08/06,0,4059000,-14278000,-10219000
2010/08/09,0,5825000,-16546575,-10721575
2010/08/10,0,6996000,-16952062,-9956062
2010/08/11,0,6109000,-16598567,-10489567
2010/08/12,0,5529000,-1339000,4190000
2010/08/13,0,3599826,-10689000,-7089174
2010/08/16,0,587000,-1954000,-1367000
2010/08/17,0,4162400,-3273000,889400
2010/08/18,0,12308000,-12868000,-560000
2010/08/19,0,4876000,-14543863,-9667863
2010/08/20,0,2569000,-3418000,-849000
2010/08/23,0,11123000,-3437060,7685940
2010/08/24,0,5886000,-4729300,1156700
2010/08/25,0,2358000,-8322000,-5964000
2010/08/26,0,1246000,-19295000,-18049000
2010/08/27,0,2717000,-8332310,-5615310
2010/08/30,0,1767867,-1474000,293867
2010/08/31,0,7464000,-2265695,5198305
2010/09/01,0,2396000,-1328000,1068000
2010/09/02,0,4012000,-2546988,1465012
2010/09/03,0,9247000,-3904000,5343000
2010/09/06,0,10723000,-3804000,6919000
2010/09/07,0,5912333,-412400,5499933
2010/09/08,0,3457330,-6395348,-2938018
2010/09/09,0,8191000,-6371000,1820000
2010/09/10,0,7701870,-2329000,5372870
2010/09/13,0,12377000,-3721000,8656000
2010/09/14,0,11729000,-9679000,2050000
2010/09/15,0,3893555,-25253492,-21359937
2010/09/16,0,6114000,-1215925,4898075
2010/09/17,0,12867000,-9632000,3235000
2010/09/20,0,6717000,-1027000,5690000
2010/09/21,0,7790000,-950000,6840000
2010/09/22,0,0,0,0
2010/09/23,0,6758331,-5698000,1060331
2010/09/24,0,5915680,-3915825,1999855
2010/09/27,0,8315720,-1587525,6728195
2010/09/28,0,2928640,-3566152,-637512
2010/09/29,0,8339000,-2200800,6138200
2010/09/30,0,2825000,-4102859,-1277859
2010/10/01,0,11872710,-10764856,1107854
2010/10/04,0,3062140,-5358001,-2295861
2010/10/05,0,2544230,-2448054,96176
2010/10/06,0,5676370,-1697358,3979012
2010/10/07,0,2320560,-3046000,-725440
2010/10/08,0,2391530,-9661850,-7270320
2010/10/11,0,2201285,-4711000,-2509715
2010/10/12,0,3630396,-8152125,-4521729
2010/10/13,0,5055451,-2853000,2202451
2010/10/14,0,7705760,-1092000,6613760
2010/10/15,0,1547770,-419357,1128413
2010/10/18,0,3680000,-5961925,-2281925
2010/10/19,0,2842000,-5034260,-2192260
2010/10/20,0,1241000,-3097323,-1856323
2010/10/21,0,1289000,-3214000,-1925000
2010/10/22,0,4063246,-1729054,2334192
2010/10/25,0,3887000,-763175,3123825
2010/10/26,0,7496000,-5828167,1667833
2010/10/27,0,1273810,-12981223,-11707413
2010/10/28,0,6923958,-3761371,3162587
2010/10/29,0,2048000,-738000,1310000
2010/11/01,0,6640000,-427000,6213000
2010/11/02,0,3251000,-294278,2956722
2010/11/03,0,7530000,-724000,6806000
2010/11/04,0,2373000,-432000,1941000
2010/11/05,0,2019000,-2105925,-86925
2010/11/08,0,1562000,-1689000,-127000
2010/11/09,0,3184000,-1760000,1424000
2010/11/10,0,4097000,-2772104,1324896
2010/11/11,0,2243000,-3093299,-850299
2010/11/12,0,3154000,-5908000,-2754000
2010/11/15,0,4000283,-2686402,1313881
2010/11/16,0,5597000,-6124000,-527000
2010/11/17,0,2227000,-6786000,-4559000
2010/11/18,0,9829000,-1532710,8296290
2010/11/19,0,11544690,-4087700,7456990
2010/11/22,0,2115810,-1565000,550810
2010/11/23,0,2583410,-3933793,-1350383
2010/11/24,0,2829000,-1530000,1299000
2010/11/25,0,4149000,-745000,3404000
2010/11/26,0,6585374,-1824627,4760747
2010/11/29,0,8476000,-4555511,3920489
2010/11/30,0,9600739,-6938993,2661746
2010/12/01,0,12696000,-4788350,7907650
2010/12/02,0,9767000,-17136658,-7369658
2010/12/03,0,2706100,-4590568,-1884468
2010/12/06,0,12917000,-15912105,-2995105
2010/12/07,0,2735150,-12026600,-9291450
2010/12/08,0,2836000,-2800591,35409
2010/12/09,0,11277000,-13285000,-2008000
2010/12/10,0,7353000,-5591959,1761041
2010/12/13,0,1922500,-2784200,-861700
2010/12/14,0,1553000,-4145000,-2592000
2010/12/15,0,6447300,-9566600,-3119300
2010/12/16,0,8190605,-15276000,-7085395
2010/12/17,0,7235000,-14640000,-7405000
2010/12/20,0,11467380,-7881000,3586380
2010/12/21,0,11196000,-7267800,3928200
2010/12/22,0,2823000,-9256780,-6433780
2010/12/23,0,12879000,-9626000,3253000
2010/12/24,0,3652000,-1564000,2088000
2010/12/27,0,4724000,-1324000,3400000
2010/12/28,0,7643000,-3182265,4460735
2010/12/29,0,11044000,-14368000,-3324000
2010/12/30,0,6120000,-4120000,2000000
2010/12/31,0,3551000,-2766030,784970
2011/01/03,0,6203001,-1514000,4689001
2011/01/04,0,5181340,-3444040,1737300
2011/01/05,0,8318000,-9683525,-1365525
2011/01/06,0,15922000,-12418000,3504000
2011/01/07,0,18318002,-7353000,10965002
2011/01/10,0,9945000,-9063500,881500
2011/01/11,0,16311000,-5759995,10551005
2011/01/12,0,19860000,-4066825,15793175
2011/01/13,0,10323528,-11357000,-1033472
2011/01/14,0,17079000,-12359000,4720000
2011/01/17,0,15833209,-8394000,7439209
2011/01/18,0,24516000,-9228760,15287240
2011/01/19,0,33583000,-6995500,26587500
2011/01/20,0,3789680,-5819051,-2029371
2011/01/21,0,10224075,-5571075,4653000
2011/01/24,0,9268000,-5657000,3611000
2011/01/25,0,11587700,-4524700,7063000
2011/01/26,0,7503000,-648000,6855000
2011/01/27,0,2457000,-3266580,-809580
2011/01/28,0,15856260,-10928000,4928260
2011/01/31,0,0,0,0
2011/02/01,0,0,0,0
2011/02/02,0,0,0,0
2011/02/03,0,0,0,0
2011/02/04,0,0,0,0
2011/02/07,0,0,0,0
2011/02/08,0,31681000,-15942783,15738217
2011/02/09,0,11388000,-16570840,-5182840
2011/02/10,0,8142400,-13417932,-5275532
2011/02/11,0,12993000,-18532000,-5539000
2011/02/14,0,16656000,-10495469,6160531
2011/02/15,0,2644000,-7981142,-5337142
2011/02/16,0,2225000,-7867480,-5642480
2011/02/17,0,11442000,-12431819,-989819
2011/02/18,0,15385000,-17730299,-2345299
2011/02/21,0,15795000,-9301000,6494000
2011/02/22,0,21161000,-11557000,9604000
2011/02/23,0,34731828,-13906380,20825448
2011/02/24,0,3387907,-8040000,-4652093
2011/02/25,0,6687875,-15410309,-8722434
2011/02/28,0,0,0,0
2011/03/01,0,11287080,-10200000,1087080
2011/03/02,0,3787407,-8260848,-4473441
2011/03/03,0,8182000,-15925900,-7743900
2011/03/04,0,16897700,-2900912,13996788
2011/03/07,0,4597000,-2266500,2330500
2011/03/08,0,9956000,-7725000,2231000
2011/03/09,0,3716000,-5329562,-1613562
2011/03/10,0,3446000,-2264670,1181330
2011/03/11,0,4429000,-4901710,-472710
2011/03/14,0,7235000,-5613000,1622000
2011/03/15,0,10289000,-22210730,-11921730
2011/03/16,0,21741000,-4924000,16817000
2011/03/17,0,2194000,-2600940,-406940
2011/03/18,0,15452000,-13942769,1509231
2011/03/21,0,4042000,-7767000,-3725000
2011/03/22,0,5923000,-14960000,-9037000
2011/03/23,0,5757000,-3147000,2610000
2011/03/24,0,2606000,-2539002,66998
2011/03/25,0,10309000,-330000,9979000
2011/03/28,0,9138000,-546000,8592000
2011/03/29,0,10199000,-604786,9594214
2011/03/30,0,9858000,-1349535,8508465
2011/03/31,0,10725060,-5068756,5656304
2011/04/01,0,6746642,-5566000,1180642
2011/04/04,0,0,0,0
2011/04/05,0,0,0,0
2011/04/06,0,12337017,-271578,12065439
2011/04/07,0,6116424,-527860,5588564
2011/04/08,0,6017272,-7186422,-1169150
2011/04/11,0,10109945,-10089100,20845
2011/04/12,0,1908250,-1440000,468250
2011/04/13,0,1512000,-610829,901171
2011/04/14,0,1460400,-2315000,-854600
2011/04/15,0,794000,-4482000,-3688000
2011/04/18,0,1832000,-6022237,-4190237
2011/04/19,0,1879000,-4786000,-2907000
2011/04/20,0,4598846,-1737100,2861746
2011/04/21,0,14502482,-6270227,8232255
2011/04/22,0,4439000,-934000,3505000
2011/04/25,0,3666000,-2684000,982000
2011/04/26,0,4789800,-8799400,-4009600
2011/04/27,0,7209920,-2586000,4623920
2011/04/28,0,4177146,-4945000,-767854
2011/04/29,0,1975988,-3280424,-1304436
2011/05/02,0,0,0,0
2011/05/03,0,12773000,-9260776,3512224
2011/05/04,0,8181160,-6347000,1834160
2011/05/05,0,7161000,-16734000,-9573000
2011/05/06,0,464226,-4910000,-4445774
2011/05/09,0,11138000,-12583014,-1445014
2011/05/10,0,2022000,-163000,1859000
2011/05/11,0,7044000,-4027000,3017000
2011/05/12,0,10436000,-6117000,4319000
2011/05/13,0,13032000,-10789940,2242060
2011/05/16,0,2568000,-2300000,268000
2011/05/17,0,2987000,-3679104,-692104
2011/05/18,0,4987000,-6933000,-1946000
2011/05/19,0,12692000,-10111092,2580908
2011/05/20,0,2034000,-2321000,-287000
2011/05/23,0,2036000,-13554000,-11518000
2011/05/24,0,4447000,-22708292,-18261292
2011/05/25,0,3447000,-32691000,-29244000
2011/05/26,0,6051832,-19365016,-13313184
2011/05/27,0,5986000,-21109000,-15123000
2011/05/30,0,2483000,-20655000,-18172000
2011/05/31,0,7349000,-11196119,-3847119
2011/06/01,0,11396200,-1572897,9823303
2011/06/02,0,6300000,-13628000,-7328000
2011/06/03,0,3990660,-13380645,-9389985
2011/06/06,0,0,0,0
2011/06/07,0,3802000,-2490850,1311150
2011/06/08,0,2471000,-3249919,-778919
2011/06/09,0,2505000,-7247486,-4742486
2011/06/10,0,1884341,-5970000,-4085659
2011/06/13,0,191000,-14285850,-14094850
2011/06/14,0,2385000,-13550375,-11165375
2011/06/15,0,9457520,-17456850,-7999330
2011/06/16,0,3426888,-17647000,-14220112
2011/06/17,0,2763317,-15063000,-12299683
2011/06/20,0,2827000,-5350941,-2523941
2011/06/21,0,5337000,-20330000,-14993000
2011/06/22,0,2698000,-11157000,-8459000
2011/06/23,0,1516789,-8440066,-6923277
2011/06/24,0,3004000,-3157418,-153418
2011/06/27,0,3580000,-2358341,1221659
2011/06/28,0,974000,-4035525,-3061525
2011/06/29,0,4805000,-12519000,-7714000
2011/06/30,0,7477000,-11755000,-4278000
2011/07/01,0,3172522,-6599000,-3426478
2011/07/04,0,2356817,-4160432,-1803615
2011/07/05,0,3109700,-10187000,-7077300
2011/07/06,0,2582749,-4271300,-1688551
2011/07/07,0,5330578,-7650811,-2320233
2011/07/08,0,10652495,-8797920,1854575
2011/07/11,0,2311173,-3197000,-885827
2011/07/12,0,8736248,-11621743,-2885495
2011/07/13,0,3529680,-5036000,-1506320
2011/07/14,0,2627774,-5805743,-3177969
2011/07/15,0,6421727,-9255000,-2833273
2011/07/18,0,5880977,-3135394,2745583
2011/07/19,0,4372001,-3287300,1084701
2011/07/20,0,16116531,-4279000,11837531
2011/07/21,0,12931418,-2483000,10448418
2011/07/22,0,23539556,-12702000,10837556
2011/07/25,0,23033709,-2740000,20293709
2011/07/26,0,10413265,-16768000,-6354735
2011/07/27,0,5087098,-644635,4442463
2011/07/28,0,21080179,-5374820,15705359
2011/07/29,0,6920096,-4444817,2475279
2011/08/01,0,22358479,-7594020,14764459
2011/08/02,0,2965475,-6170000,-3204525
2011/08/03,0,5615728,-4396000,1219728
2011/08/04,0,9207647,-8149021,1058626
2011/08/05,0,10426759,-14402436,-3975677
2011/08/08,0,12990428,-17345940,-4355512
2011/08/09,0,6691088,-17634084,-10942996
2011/08/10,0,12673000,-25879390,-13206390
2011/08/11,0,11771000,-15276000,-3505000
2011/08/12,0,8138000,-9046990,-908990
2011/08/15,0,13388918,-3513520,9875398
2011/08/16,0,2102000,-3813420,-1711420
2011/08/17,0,8124051,-10842000,-2717949
2011/08/18,0,4669064,-10807520,-6138456
2011/08/19,0,5731755,-3979000,1752755
2011/08/22,0,5401515,-4974000,427515
2011/08/23,0,13248000,-2911417,10336583
2011/08/24,0,7919974,-9108000,-1188026
2011/08/25,0,5230247,-3507608,1722639
2011/08/26,0,10163196,-4482000,5681196
2011/08/29,0,7870000,-4878759,2991241
2011/08/30,0,3846728,-6153000,-2306272
2011/08/31,0,5632791,-9598000,-3965209
2011/09/01,0,23090368,-3801217,19289151
2011/09/02,0,4513121,-7146000,-2632879
2011/09/05,0,1809000,-15120434,-13311434
2011/09/06,0,3554172,-10102064,-6547892
2011/09/07,0,8212154,-9644510,-1432356
2011/09/08,0,10250797,-3717170,6533627
2011/09/09,0,4598929,-4682500,-83571
2011/09/12,0,0,0,0
2011/09/13,0,9625673,-11860000,-2234327
2011/09/14,0,11770710,-18858276,-7087566
2011/09/15,0,5519000,-7232672,-1713672
2011/09/16,0,10769000,-8865260,1903740
2011/09/19,0,9341897,-3087223,6254674
2011/09/20,0,2699632,-17201600,-14501968
2011/09/21,0,8363796,-25319167,-16955371
2011/09/22,0,2297531,-19290913,-16993382
2011/09/23,0,11125732,-9572101,1553631
2011/09/26,0,4712747,-6455586,-1742839
2011/09/27,0,7173642,-5339211,1834431
2011/09/28,0,9071707,-11211164,-2139457
2011/09/29,0,11737356,-5309320,6428036
2011/09/30,0,6408000,-7620410,-1212410
2011/10/03,0,5324070,-23035173,-17711103
2011/10/04,0,4652000,-18252302,-13600302
2011/10/05,0,3880000,-3278263,601737
2011/10/06,0,7262000,-1864715,5397285
2011/10/07,0,10764000,-2973915,7790085
2011/10/10,0,0,0,0
2011/10/11,0,4839000,-22587836,-17748836
2011/10/12,0,1628000,-6594318,-4966318
2011/10/13,0,3455466,-2526450,929016
2011/10/14,0,1318128,-1579000,-260872
2011/10/17,0,7208192,-8269015,-1060823
2011/10/18,0,3549291,-5329971,-1780680
2011/10/19,0,6382736,-9439957,-3057221
2011/10/20,0,1359421,-7542746,-6183325
2011/10/21,0,2518968,-9357000,-6838032
2011/10/24,0,12601802,-993963,11607839
2011/10/25,0,3546659,-3605469,-58810
2011/10/26,0,6676000,-2703000,3973000
2011/10/27,0,4070285,-19067938,-14997653
2011/10/28,0,25221000,-12816357,12404643
2011/10/31,0,6974000,-10758146,-3784146
2011/11/01,0,9078000,-9773000,-695000
2011/11/02,0,8503000,-10644671,-2141671
2011/11/03,0,6692000,-12046000,-5354000
2011/11/04,0,4377000,-11346555,-6969555
2011/11/07,0,863000,-2210000,-1347000
2011/11/08,0,2185211,-13971437,-11786226
2011/11/09,0,2903857,-12599126,-9695269
2011/11/10,0,4414857,-18955000,-14540143
2011/11/11,0,462000,-7375000,-6913000
2011/11/14,0,5883000,-3622000,2261000
2011/11/15,0,6190000,-4830453,1359547
2011/11/16,0,5845000,-14890060,-9045060
2011/11/17,0,1292429,-21408906,-20116477
2011/11/18,0,4688000,-25348587,-20660587
2011/11/21,0,4491000,-13531105,-9040105
2011/11/22,0,1873000,-5273000,-3400000
2011/11/23,0,2165000,-11762353,-9597353
2011/11/24,0,4771000,-5067028,-296028
2011/11/25,0,1428000,-9574298,-8146298
2011/11/28,0,3116756,-4120000,-1003244
2011/11/29,0,5213000,-1943915,3269085
2011/11/30,0,8768706,-6472856,2295850
2011/12/01,0,21426000,-5032419,16393581
2011/12/02,0,13970000,-1417269,12552731
2011/12/05,0,4774000,-2996000,1778000
2011/12/06,0,6599000,-2225000,4374000
2011/12/07,0,5464000,-950000,4514000
2011/12/08,0,6048000,-3396112,2651888
2011/12/09,0,2093454,-4827512,-2734058
2011/12/12,0,1905000,-2718474,-813474
2011/12/13,0,4101588,-7954588,-3853000
2011/12/14,0,1499000,-3870776,-2371776
2011/12/15,0,1262000,-6705269,-5443269
2011/12/16,0,4551000,-5252492,-701492
2011/12/19,0,3938000,-3713000,225000
2011/12/20,0,5303000,-6058000,-755000
2011/12/21,0,3895000,-1727326,2167674
2011/12/22,0,3712000,-6665730,-2953730
2011/12/23,0,4328000,-1543365,2784635
2011/12/26,0,3669000,-3464000,205000
2011/12/27,0,4717000,-1452000,3265000
2011/12/28,0,4986452,-1473452,3513000
2011/12/29,0,4075000,-6154543,-2079543
2011/12/30,0,4306989,-2367000,1939989
2012/01/02,0,1813000,-3440120,-1627120
2012/01/03,0,10992533,-1138000,9854533
2012/01/04,0,3236000,-5903821,-2667821
2012/01/05,0,7090160,-4841160,2249000
2012/01/06,0,4524143,-5994000,-1469857
2012/01/09,0,3053000,-1970000,1083000
2012/01/10,0,7936000,-2634000,5302000
2012/01/11,0,9794000,-2488000,7306000
2012/01/12,0,7414000,-7347000,67000
2012/01/13,0,14266000,-6231000,8035000
2012/01/16,0,2795000,-13757600,-10962600
2012/01/17,0,4566000,-2062000,2504000
2012/01/18,0,5518786,-10070000,-4551214
2012/01/19,0,0,0,0
2012/01/20,0,0,0,0
2012/01/23,0,0,0,0
2012/01/24,0,0,0,0
2012/01/25,0,0,0,0
2012/01/26,0,0,0,0
2012/01/27,0,0,0,0
2012/01/30,0,13109450,-9516023,3593427
2012/01/31,0,12348446,-8591601,3756845
2012/02/01,0,4120000,-6596588,-2476588
2012/02/02,0,7342000,-1370000,5972000
2012/02/03,0,4957000,-1644000,3313000
2012/02/06,0,8009000,-4257000,3752000
2012/02/07,0,5750000,-4947000,803000
2012/02/08,0,9202300,-531000,8671300
2012/02/09,0,2968000,-1501093,1466907
2012/02/10,0,4261000,-1641000,2620000
2012/02/13,0,3757000,-287500,3469500
2012/02/14,0,5175025,-2171600,3003425
2012/02/15,0,7999000,-1714415,6284585
2012/02/16,0,3907000,-3577265,329735
2012/02/17,0,7266000,-7042000,224000
2012/02/20,0,3534000,-2886000,648000
2012/02/21,0,3229000,-3703216,-474216
2012/02/22,0,8540000,-2113000,6427000
2012/02/23,0,7664000,-8631719,-967719
2012/02/24,0,5181800,-12410725,-7228925
2012/02/27,0,0,0,0
2012/02/28,0,0,0,0
2012/02/29,0,12390286,-13864000,-1473714
2012/03/01,0,3602317,-3844693,-242376
2012/03/02,0,5120974,-10822791,-5701817
2012/03/05,0,3558118,-9704000,-6145882
2012/03/06,0,2838000,-3513000,-675000
2012/03/07,0,1107000,-2401517,-1294517
2012/03/08,0,12321000,-4879117,7441883
2012/03/09,0,4715000,-3256000,1459000
2012/03/12,0,2253000,-3753856,-1500856
2012/03/13,0,9597000,-2226980,7370020
2012/03/14,0,6886725,-1949027,4937698
2012/03/15,0,5951000,-3117052,2833948
2012/03/16,0,2630000,-5725000,-3095000
2012/03/19,0,2148000,-1461000,687000
2012/03/20,0,842000,-1955000,-1113000
2012/03/21,0,7371400,-7467520,-96120
2012/03/22,0,4811000,-1126000,3685000
2012/03/23,0,1558000,-603000,955000
2012/03/26,0,841572,-8086000,-7244428
2012/03/27,0,3934000,-1599028,2334972
2012/03/28,0,2245000,-2653016,-408016
2012/03/29,0,2546000,-7309000,-4763000
2012/03/30,0,4496757,-4421000,75757
2012/04/02,0,1643000,-4918477,-3275477
2012/04/03,0,5940011,-4366129,1573882
2012/04/04,0,0,0,0
2012/04/05,0,1233000,-6390191,-5157191
2012/04/06,0,76000,-6181000,-6105000
2012/04/09,0,1595000,-3680000,-2085000
2012/04/10,0,3792000,-3500000,292000
2012/04/11,0,4468000,-4864755,-396755
2012/04/12,0,6138235,-9891235,-3753000
2012/04/13,0,5104909,-9117142,-4012233
2012/04/16,0,2566000,-2375749,190251
2012/04/17,0,5622000,-4076316,1545684
2012/04/18,0,7386000,-3983786,3402214
2012/04/19,0,13042000,-698000,12344000
2012/04/20,0,6590000,-1862544,4727456
2012/04/23,0,7439749,-1770000,5669749
2012/04/24,0,5354000,-1181000,4173000
2012/04/25,0,7767000,-2636540,5130460
2012/04/26,0,3295000,-3098000,197000
2012/04/27,0,5298575,-4378000,920575
2012/04/30,0,11021000,-8058350,2962650
2012/05/01,0,0,0,0
2012/05/02,0,4283000,-4103712,179288
2012/05/03,0,1084000,-888000,196000
2012/05/04,0,5792000,-2600000,3192000
2012/05/07,0,2073000,-8871000,-6798000
2012/05/08,0,1450000,-2738520,-1288520
2012/05/09,0,2026000,-4902000,-2876000
2012/05/10,0,2006115,-1649213,356902
2012/05/11,0,1621733,-12574024,-10952291
2012/05/14,0,574000,-3632000,-3058000
2012/05/15,0,4456000,-9208776,-4752776
2012/05/16,0,7289429,-9274200,-1984771
2012/05/17,0,6076000,-4775000,1301000
2012/05/18,0,3694000,-6405000,-2711000
2012/05/21,0,1186744,-1004000,182744
2012/05/22,0,1438000,-5029436,-3591436
2012/05/23,0,2225429,-5954000,-3728571
2012/05/24,0,3037000,-2502631,534369
2012/05/25,0,3594731,-793000,2801731
2012/05/28,0,2352442,-1119442,1233000
2012/05/29,0,3987000,-1529000,2458000
2012/05/30,0,9405000,-10713354,-1308354
2012/05/31,0,24712107,-19273730,5438377
2012/06/01,0,3160000,-4264990,-1104990
2012/06/04,0,3983522,-2161000,1822522
2012/06/05,0,2385000,-1748000,637000
2012/06/06,0,3696000,-2030000,1666000
2012/06/07,0,3053212,-2128000,925212
2012/06/08,0,3039072,-2236000,803072
2012/06/11,0,5025151,-1829000,3196151
2012/06/12,0,1895000,-3076000,-1181000
2012/06/13,0,3006428,-2433765,572663
2012/06/14,0,2184898,-1402438,782460
2012/06/15,0,5757106,-1818876,3938230
2012/06/18,0,2728943,-1407136,1321807
2012/06/19,0,2048111,-1489000,559111
2012/06/20,0,6013463,-3674000,2339463
2012/06/21,0,1442732,-6470003,-5027271
2012/06/22,0,1327613,-6538000,-5210387
2012/06/25,0,1922000,-4830797,-2908797
2012/06/26,0,3138000,-614000,2524000
2012/06/27,0,4193000,-2380800,1812200
2012/06/28,0,8452000,-3943200,4508800
2012/06/29,0,8000250,-1119778,6880472
2012/07/02,0,2344000,-2998000,-654000
2012/07/03,0,4656429,-871000,3785429
2012/07/04,0,3489796,-854000,2635796
2012/07/05,0,2303000,-318000,1985000
2012/07/06,0,5859000,-780000,5079000
2012/07/09,0,3361000,-532000,2829000
2012/07/10,0,2785514,-1099600,1685914
2012/07/11,0,3372000,-714000,2658000
2012/07/12,0,825000,-3703000,-2878000
2012/07/13,0,2433071,-330452,2102619
2012/07/16,0,1378000,-658000,720000
2012/07/17,0,2960000,-2363800,596200
2012/07/18,0,2194000,-6220429,-4026429
2012/07/19,0,6085000,-2564429,3520571
2012/07/20,0,3809000,-2175138,1633862
2012/07/23,0,3282000,-4172000,-890000
2012/07/24,0,2921000,-3574429,-653429
2012/07/25,0,2939000,-7357237,-4418237
2012/07/26,0,3498000,-2878115,619885
2012/07/27,0,8296000,-1216000,7080000
2012/07/30,0,4505291,-4558000,-52709
2012/07/31,0,18033313,-2304935,15728378
2012/08/01,0,4648000,-1400000,3248000
2012/08/02,0,0,0,0
2012/08/03,0,3414782,-2065429,1349353
2012/08/06,0,7529000,-1682000,5847000
2012/08/07,0,6812000,-1208000,5604000
2012/08/08,0,7565244,-1807000,5758244
2012/08/09,0,14612760,-2130000,12482760
2012/08/10,0,6791000,-3678000,3113000
2012/08/13,0,4957000,-2392000,2565000
2012/08/14,0,6106000,-3070000,3036000
2012/08/15,0,3735000,-1661000,2074000
2012/08/16,0,3057000,-2197000,860000
2012/08/17,0,1933000,-1974000,-41000
2012/08/20,0,1814000,-2441014,-627014
2012/08/21,0,7304835,-1076294,6228541
2012/08/22,0,1418621,-469000,949621
2012/08/23,0,2740348,-700000,2040348
2012/08/24,0,9751000,-1219000,8532000
2012/08/27,0,5007000,-1180000,3827000
2012/08/28,0,2945828,-684000,2261828
2012/08/29,0,5796000,-710000,5086000
2012/08/30,0,9125000,-6514000,2611000
2012/08/31,0,4729110,-1134544,3594566
2012/09/03,0,1327000,-1464000,-137000
2012/09/04,0,1794000,-1935207,-141207
2012/09/05,0,4751001,-4665000,86001
2012/09/06,0,5337180,-2027860,3309320
2012/09/07,0,4675000,-1454920,3220080
2012/09/10,0,2570000,-651000,1919000
2012/09/11,0,2808000,-1741000,1067000
2012/09/12,0,3705000,-145000,3560000
2012/09/13,0,3069700,-248000,2821700
2012/09/14,0,8180000,-9939016,-1759016
2012/09/17,0,6599000,-8410000,-1811000
2012/09/18,0,4332000,-4268000,64000
2012/09/19,0,10845170,-6286000,4559170
2012/09/20,0,8657437,-4190000,4467437
2012/09/21,0,9524526,-4485000,5039526
2012/09/24,0,4600149,-735060,3865089
2012/09/25,0,10329000,-5849091,4479909
2012/09/26,0,6887000,-4733585,2153415
2012/09/27,0,11725000,-3742151,7982849
2012/09/28,0,5700720,-1510717,4190003
2012/10/01,0,2322000,-2329384,-7384
2012/10/02,0,4560000,-1863444,2696556
2012/10/03,0,3098000,-431000,2667000
2012/10/04,0,8571000,-2099200,6471800
2012/10/05,0,2886000,-485854,2400146
2012/10/08,0,3560700,-982000,2578700
2012/10/09,0,6989000,-957360,6031640
2012/10/10,0,0,0,0
2012/10/11,0,2290000,-1275000,1015000
2012/10/12,0,2799000,-4238000,-1439000
2012/10/15,0,1954001,-6115000,-4160999
2012/10/16,0,7094090,-1624000,5470090
2012/10/17,0,4498000,-6625000,-2127000
2012/10/18,0,4736000,-2535143,2200857
2012/10/19,0,3268000,-8866885,-5598885
2012/10/22,0,1424000,-1283855,140145
2012/10/23,0,1137700,-1457441,-319741
2012/10/24,0,1487000,-2816939,-1329939
2012/10/25,0,274500,-1855000,-1580500
2012/10/26,0,2371000,-5611000,-3240000
2012/10/29,0,3881500,-3172000,709500
2012/10/30,0,3466000,-4530000,-1064000
2012/10/31,0,2501000,-6451738,-3950738
2012/11/01,0,4250000,-5287000,-1037000
2012/11/02,0,4801000,-2356000,2445000
2012/11/05,0,1536000,-2174000,-638000
2012/11/06,0,3290000,-926000,2364000
2012/11/07,0,4321000,-2071000,2250000
2012/11/08,0,3599000,-5798000,-2199000
2012/11/09,0,3092000,-3750520,-658520
2012/11/12,0,1510000,-1536000,-26000
2012/11/13,0,1441000,-7251000,-5810000
2012/11/14,0,621000,-2309000,-1688000
2012/11/15,0,2355001,-4644000,-2288999
2012/11/16,0,1811000,-5472000,-3661000
2012/11/19,0,2796000,-1316000,1480000
2012/11/20,0,3527000,-929000,2598000
2012/11/21,0,2954000,-4508000,-1554000
2012/11/22,0,4704132,-1073000,3631132
2012/11/23,0,8301000,-453132,7847868
2012/11/26,0,4325000,-2082000,2243000
2012/11/27,0,6549000,-755000,5794000
2012/11/28,0,10243400,-2776087,7467313
2012/11/29,0,8336000,-3940000,4396000
2012/11/30,0,14283000,-9157019,5125981
2012/12/03,0,5656000,-5698269,-42269
2012/12/04,0,3751444,-3342000,409444
2012/12/05,0,7280520,-3346000,3934520
2012/12/06,0,5127000,-2664296,2462704
2012/12/07,0,7401000,-1341000,6060000
2012/12/10,0,3983000,-4290600,-307600
2012/12/11,0,8889570,-2150000,6739570
2012/12/12,0,9348000,-8661200,686800
2012/12/13,0,6898456,-1500000,5398456
2012/12/14,0,8840680,-1913240,6927440
2012/12/17,0,5261220,-2380000,2881220
2012/12/18,0,4338000,-2064371,2273629
2012/12/19,0,5404000,-9471200,-4067200
2012/12/20,0,3404000,-3189000,215000
2012/12/21,0,3411000,-9033188,-5622188
2012/12/24,0,1673000,-511840,1161160
2012/12/25,0,2679000,-167000,2512000
2012/12/26,0,3694000,-378900,3315100
2012/12/27,0,3576095,-1561000,2015095
2012/12/28,0,4175000,-1729180,2445820
2012/12/31,0,0,0,0
2013/01/01,0,0,0,0
2013/01/02,0,7015900,-1006000,6009900
2013/01/03,0,4007000,-3779480,227520
2013/01/04,0,1805000,-3718780,-1913780
2013/01/07,0,1663000,-2953200,-1290200
2013/01/08,0,1402000,-3162000,-1760000
2013/01/09,0,2031300,-2604560,-573260
2013/01/10,0,10552700,-8535600,2017100
2013/01/11,0,2000000,-3813946,-1813946
2013/01/14,0,1565000,-4015540,-2450540
2013/01/15,0,1678000,-2733000,-1055000
2013/01/16,0,2602000,-5195000,-2593000
2013/01/17,0,2438300,-6524000,-4085700
2013/01/18,0,7775000,-10492671,-2717671
2013/01/21,0,2089000,-2269000,-180000
2013/01/22,0,6413000,-4428833,1984167
2013/01/23,0,4941000,-4778411,162589
2013/01/24,0,6886000,-3741000,3145000
2013/01/25,0,7639273,-10018177,-2378904
2013/01/28,0,4076200,-2807000,1269200
2013/01/29,0,10204100,-3373000,6831100
2013/01/30,0,6515000,-3288000,3227000
2013/01/31,0,10918214,-7212756,3705458
2013/02/01,0,7892000,-4882000,3010000
2013/02/04,0,21550000,-4544000,17006000
2013/02/05,0,12736000,-2371970,10364030
2013/02/06,0,15902000,-5573040,10328960
2013/02/07,0,0,0,0
2013/02/08,0,0,0,0
2013/02/11,0,0,0,0
2013/02/12,0,0,0,0
2013/02/13,0,0,0,0
2013/02/14,0,0,0,0
2013/02/15,0,0,0,0
2013/02/18,0,10537648,-4127825,6409823
2013/02/19,0,4566897,-5230000,-663103
2013/02/20,0,6026486,-7668140,-1641654
2013/02/21,0,3447000,-2743400,703600
2013/02/22,0,5505000,-2925000,2580000
2013/02/25,0,3476000,-6233328,-2757328
2013/02/26,0,4584000,-3045064,1538936
2013/02/27,0,8259000,-5822611,2436389
2013/02/28,0,0,0,0
2013/03/01,0,6434000,-3826520,2607480
2013/03/04,0,5004000,-14134840,-9130840
2013/03/05,0,6169000,-4672769,1496231
2013/03/06,0,3165000,-2703360,461640
2013/03/07,0,1270000,-3500231,-2230231
2013/03/08,0,4032900,-3964000,68900
2013/03/11,0,1781000,-5893000,-4112000
2013/03/12,0,2000000,-5778927,-3778927
2013/03/13,0,2554000,-7574000,-5020000
2013/03/14,0,1674000,-7287107,-5613107
2013/03/15,0,3553301,-12272000,-8718699
2013/03/18,0,854000,-7307300,-6453300
2013/03/19,0,3623000,-5589614,-1966614
2013/03/20,0,1346000,-10121695,-8775695
2013/03/21,0,689097,-3818000,-3128903
2013/03/22,0,1041000,-4192338,-3151338
2013/03/25,0,1788000,-4460000,-2672000
2013/03/26,0,1504000,-4508000,-3004000
2013/03/27,0,2551000,-2478000,73000
2013/03/28,0,2815000,-5152000,-2337000
2013/03/29,0,1797000,-2359000,-562000
2013/04/01,0,2401033,-2540000,-138967
2013/04/02,0,2377539,-2808000,-430461
2013/04/03,0,2107700,-3174263,-1066563
2013/04/04,0,0,0,0
2013/04/05,0,0,0,0
2013/04/08,0,3016719,-8114180,-5097461
2013/04/09,0,1329000,-3507574,-2178574
2013/04/10,0,2461000,-5140000,-2679000
2013/04/11,0,2122424,-1734900,387524
2013/04/12,0,2376300,-1287280,1089020
2013/04/15,0,5546852,-760000,4786852
2013/04/16,0,8321565,-10415596,-2094031
2013/04/17,0,3124000,-9773000,-6649000
2013/04/18,0,1050000,-3503000,-2453000
2013/04/19,0,2846000,-787000,2059000
2013/04/22,0,3260000,-1516000,1744000
2013/04/23,0,2780000,-1353380,1426620
2013/04/24,0,2953000,-994000,1959000
2013/04/25,0,4769035,-2551880,2217155
2013/04/26,0,4672000,-2068029,2603971
2013/04/29,0,4681000,-365000,4316000
2013/04/30,0,7471000,-2781000,4690000
2013/05/01,0,0,0,0
2013/05/02,0,9739920,-1404958,8334962
2013/05/03,0,2635000,-1217000,1418000
2013/05/06,0,2788200,-2728750,59450
2013/05/07,0,6419000,-2369442,4049558
2013/05/08,0,8814874,-579000,8235874
2013/05/09,0,4992723,-2322540,2670183
2013/05/10,0,3066000,-1319000,1747000
2013/05/13,0,2212000,-1962770,249230
2013/05/14,0,2759000,-1662000,1097000
2013/05/15,0,5582000,-6273170,-691170
2013/05/16,0,4912000,-678000,4234000
2013/05/17,0,3452096,-1283000,2169096
2013/05/20,0,2440886,-2913000,-472114
2013/05/21,0,2183000,-1255321,927679
2013/05/22,0,3419000,-1309980,2109020
2013/05/23,0,3038000,-5633020,-2595020
2013/05/24,0,1457066,-2231000,-773934
2013/05/27,0,771113,-520000,251113
2013/05/28,0,1215000,-1653000,-438000
2013/05/29,0,1950410,-1878000,72410
2013/05/30,0,1659000,-7378000,-5719000
2013/05/31,0,5941000,-9384955,-3443955
2013/06/03,0,1545000,-4823000,-3278000
2013/06/04,0,1196000,-4555000,-3359000
2013/06/05,0,3513000,-6214077,-2701077
2013/06/06,0,2997630,-8015205,-5017575
2013/06/07,0,1918000,-4057744,-2139744
2013/06/10,0,1107000,-1221000,-114000
2013/06/11,0,2064380,-5305527,-3241147
2013/06/12,0,0,0,0
2013/06/13,0,800000,-9023549,-8223549
2013/06/14,0,1289460,-4604960,-3315500
2013/06/17,0,1021000,-3348467,-2327467
2013/06/18,0,1807000,-5789000,-3982000
2013/06/19,0,977000,-7972376,-6995376
2013/06/20,0,1084000,-10226136,-9142136
2013/06/21,0,1573000,-8922271,-7349271
2013/06/24,0,519000,-7605000,-7086000
2013/06/25,0,1175000,-6314990,-5139990
2013/06/26,0,7718123,-11638030,-3919907
2013/06/27,0,6463677,-5701000,762677
2013/06/28,0,14493800,-8702220,5791580
2013/07/01,0,5714420,-5462469,251951
2013/07/02,0,5192725,-3765340,1427385
2013/07/03,0,3821000,-5239200,-1418200
2013/07/04,0,1339000,-3396000,-2057000
2013/07/05,0,3468000,-2308000,1160000
2013/07/08,0,2232000,-5445000,-3213000
2013/07/09,0,7528000,-2002860,5525140
2013/07/10,0,4804000,-3628000,1176000
2013/07/11,0,9813174,-1886000,7927174
2013/07/12,0,6313000,-1648000,4665000
2013/07/15,0,6307440,-1333000,4974440
2013/07/16,0,8938000,-1196000,7742000
2013/07/17,0,11734000,-3103000,8631000
2013/07/18,0,9713000,-2621000,7092000
2013/07/19,0,7579035,-3550000,4029035
2013/07/22,0,7960501,-2826000,5134501
2013/07/23,0,10960000,-3211582,7748418
2013/07/24,0,4836100,-1616000,3220100
2013/07/25,0,4186000,-2654000,1532000
2013/07/26,0,3545761,-1511000,2034761
2013/07/29,0,2207000,-2658000,-451000
2013/07/30,0,4667000,-2291057,2375943
2013/07/31,0,7496713,-4031000,3465713
2013/08/01,0,8382000,-6797695,1584305
2013/08/02,0,2138900,-3082000,-943100
2013/08/05,0,3662800,-2583000,1079800
2013/08/06,0,1836000,-9626000,-7790000
2013/08/07,0,469000,-8033000,-7564000
2013/08/08,0,710198,-12949920,-12239722
2013/08/09,0,823000,-8047960,-7224960
2013/08/12,0,2677000,-1772985,904015
2013/08/13,0,2536000,-1598000,938000
2013/08/14,0,467317,-4701000,-4233683
2013/08/15,0,1028000,-5331586,-4303586
2013/08/16,0,2680618,-2896955,-216337
2013/08/19,0,4992971,-3439000,1553971
2013/08/20,0,3174198,-3626315,-452117
2013/08/21,0,0,0,0
2013/08/22,0,6308660,-10981762,-4673102
2013/08/23,0,1961500,-2764000,-802500
2013/08/26,0,1550000,-1376000,174000
2013/08/27,0,4332000,-3366000,966000
2013/08/28,0,3782000,-2350000,1432000
2013/08/29,0,5331796,-4743000,588796
2013/08/30,0,7128488,-1692574,5435914
2013/09/02,0,5957417,-982000,4975417
2013/09/03,0,8332000,-1349000,6983000
2013/09/04,0,5065000,-1859140,3205860
2013/09/05,0,5875043,-4074453,1800590
2013/09/06,0,4831000,-1726385,3104615
2013/09/09,0,6738000,-283964,6454036
2013/09/10,0,18485711,-1501058,16984653
2013/09/11,0,10848289,-2364832,8483457
2013/09/12,0,7031000,-4241958,2789042
2013/09/13,0,5829000,-1601551,4227449
2013/09/16,0,8718000,-1566488,7151512
2013/09/17,0,6532000,-4563954,1968046
2013/09/18,0,5594615,-4033692,1560923
2013/09/19,0,0,0,0
2013/09/20,0,0,0,0
2013/09/23,0,9356000,-2485729,6870271
2013/09/24,0,7723000,-3437450,4285550
2013/09/25,0,9994864,-3834864,6160000
2013/09/26,0,3909000,-1953542,1955458
2013/09/27,0,7614000,-2630998,4983002
2013/09/30,0,3819000,-8158041,-4339041
2013/10/01,0,2770000,-1811800,958200
2013/10/02,0,1698173,-1217024,481149
2013/10/03,0,13264616,-1034870,12229746
2013/10/04,0,4099700,-834000,3265700
2013/10/07,0,3198873,-1567160,1631713
2013/10/08,0,3227000,-3139813,87187
2013/10/09,0,4358000,-1947036,2410964
2013/10/10,0,0,0,0
2013/10/11,0,4548538,-2811998,1736540
2013/10/14,0,2627000,-505031,2121969
2013/10/15,0,4726000,-5384651,-658651
2013/10/16,0,3480000,-2448000,1032000
2013/10/17,0,3470000,-2483000,987000
2013/10/18,0,2441000,-1695403,745597
2013/10/21,0,2315000,-2392667,-77667
2013/10/22,0,2473000,-3258000,-785000
2013/10/23,0,4226090,-2934575,1291515
2013/10/24,0,1637000,-1708000,-71000
2013/10/25,0,2609606,-2973000,-363394
2013/10/28,0,4575000,-233000,4342000
2013/10/29,0,4396000,-1925149,2470851
2013/10/30,0,3330000,-794000,2536000
2013/10/31,0,6397000,-3119660,3277340
2013/11/01,0,914000,-1804810,-890810
2013/11/04,0,762000,-1198555,-436555
2013/11/05,0,291000,-3085145,-2794145
2013/11/06,0,1404100,-2406000,-1001900
2013/11/07,0,1905000,-5082820,-3177820
2013/11/08,0,2755642,-3275000,-519358
2013/11/11,0,1780000,-2219000,-439000
2013/11/12,0,2594000,-1391095,1202905
2013/11/13,0,1746466,-6219000,-4472534
2013/11/14,0,1949000,-3037000,-1088000
2013/11/15,0,1592000,-1427958,164042
2013/11/18,0,1343000,-1009746,333254
2013/11/19,0,2182529,-835609,1346920
2013/11/20,0,2728000,-2614860,113140
2013/11/21,0,2928476,-6652000,-3723524
2013/11/22,0,1592000,-2663000,-1071000
2013/11/25,0,3879000,-3792000,87000
2013/11/26,0,8788664,-9362753,-574089
2013/11/27,0,3084873,-3618000,-533127
2013/11/28,0,3839000,-1861060,1977940
2013/11/29,0,2521000,-2817000,-296000
2013/12/02,0,2300873,-1712900,587973
2013/12/03,0,4326033,-1766527,2559506
2013/12/04,0,3576000,-1953902,1622098
2013/12/05,0,4749000,-4040000,709000
2013/12/06,0,2540000,-4300000,-1760000
2013/12/09,0,5263000,-1721313,3541687
2013/12/10,0,2655000,-1095000,1560000
2013/12/11,0,4548000,-2758212,1789788
2013/12/12,0,1768675,-2141956,-373281
2013/12/13,0,1950000,-2674000,-724000
2013/12/16,0,245000,-2637271,-2392271
2013/12/17,0,1086000,-1662184,-576184
2013/12/18,0,3140427,-3820000,-679573
2013/12/19,0,2697000,-648504,2048496
2013/12/20,0,2703000,-3319293,-616293
2013/12/23,0,1474000,-1553000,-79000
2013/12/24,0,1007000,-691000,316000
2013/12/25,0,537000,-83383,453617
2013/12/26,0,389000,-132000,257000
2013/12/27,0,3437000,-509000,2928000
2013/12/30,0,5278328,-231030,5047298
2013/12/31,0,2004004,-408000,1596004
2014/01/02,0,1749000,-1449000,300000
2014/01/03,0,554000,-3028000,-2474000
2014/01/06,0,2324000,-1491184,832816
2014/01/07,0,2095000,-2658000,-563000
2014/01/08,0,2370000,-1882000,488000
2014/01/09,0,1705000,-1831000,-126000
2014/01/10,0,2732000,-5070214,-2338214
2014/01/13,0,1462000,-792140,669860
2014/01/14,0,1130000,-2134730,-1004730
2014/01/15,0,2019000,-2885189,-866189
2014/01/16,0,812000,-721262,90738
2014/01/17,0,1675814,-1353746,322068
2014/01/20,0,1029000,-213000,816000
2014/01/21,0,1133000,-747947,385053
2014/01/22,0,2444000,-1179000,1265000
2014/01/23,0,1381310,-2524000,-1142690
2014/01/24,0,5578360,-1646465,3931895
2014/01/27,0,3959640,-13574394,-9614754
2014/02/05,0,7976000,-23850827,-15874827
2014/02/06,0,2566000,-12254795,-9688795
2014/02/07,0,2550000,-5333000,-2783000
2014/02/10,0,828000,-2978000,-2150000
2014/02/11,0,1999000,-2651074,-652074
2014/02/12,0,2936885,-1276429,1660456
2014/02/13,0,1056852,-3099837,-2042985
2014/02/14,0,5754000,-1057819,4696181
2014/02/17,0,1359000,-435000,924000
2014/02/18,0,2934000,-879331,2054669
2014/02/19,0,4316000,-999722,3316278
2014/02/20,0,1061000,-3548110,-2487110
2014/02/21,0,5725000,-1943000,3782000
2014/02/24,0,3283000,-5181915,-1898915
2014/02/25,0,2976311,-3847293,-870982
2014/02/26,0,4729000,-11360315,-6631315
2014/02/27,0,4527000,-6532758,-2005758
2014/03/03,0,3647000,-6481000,-2834000
2014/03/04,0,2475000,-3317325,-842325
2014/03/05,0,329000,-992291,-663291
2014/03/06,0,2901000,-2009432,891568
2014/03/07,0,3216000,-1607000,1609000
2014/03/10,0,3866000,-4069031,-203031
2014/03/11,0,2361000,-1859000,502000
2014/03/12,0,2253000,-1060155,1192845
2014/03/13,0,3122000,-4182383,-1060383
2014/03/14,0,1539000,-5232654,-3693654
2014/03/17,0,865000,-4652000,-3787000
2014/03/18,0,2108000,-3055614,-947614
2014/03/19,0,436000,-1848000,-1412000
2014/03/20,0,1236000,-6808653,-5572653
2014/03/21,0,3390000,-7019000,-3629000
2014/03/24,0,2178000,-2124085,53915
2014/03/25,0,1067000,-2867610,-1800610
2014/03/26,0,2152000,-4735000,-2583000
2014/03/27,0,3254000,-7339000,-4085000
2014/03/28,0,5538000,-938000,4600000
2014/03/31,0,3720276,-1489500,2230776
2014/04/01,0,4007000,-1144564,2862436
2014/04/02,0,3155000,-355000,2800000
2014/04/03,0,5765000,-728835,5036165
2014/04/07,0,5519000,-3621581,1897419
2014/04/08,0,1681031,-919000,762031
2014/04/09,0,6297405,-2995499,3301906
2014/04/10,0,2567000,-129080,2437920
2014/04/11,0,4312000,-382000,3930000
2014/04/14,0,3689000,-888000,2801000
2014/04/15,0,1773000,-2194000,-421000
2014/04/16,0,4276000,-3513000,763000
2014/04/17,0,3303125,-918000,2385125
2014/04/18,0,1129000,-261000,868000
2014/04/21,0,411000,-609000,-198000
2014/04/22,0,830000,-1793083,-963083
2014/04/23,0,1745000,-603000,1142000
2014/04/24,0,2377000,-782584,1594416
2014/04/25,0,2514000,-3131049,-617049
2014/04/28,0,3960000,-2274000,1686000
2014/04/29,0,2173000,-1212000,961000
2014/04/30,0,3647000,-8069000,-4422000
2014/05/02,0,2271000,-128000,2143000
2014/05/05,0,1422000,-480000,942000
2014/05/06,0,1859000,-892000,967000
2014/05/07,0,1729000,-2469000,-740000
2014/05/08,0,2718000,-848000,1870000
2014/05/09,0,1713000,-2209627,-496627
2014/05/12,0,1136531,-3098000,-1961469
2014/05/13,0,6336033,-534000,5802033
2014/05/14,0,5018000,-3739000,1279000
2014/05/15,0,1548000,-3547000,-1999000
2014/05/16,0,4433706,-2390000,2043706
2014/05/19,0,2815000,-3230036,-415036
2014/05/20,0,1372000,-1972408,-600408
2014/05/21,0,1694000,-6616085,-4922085
2014/05/22,0,3772000,-3173000,599000
2014/05/23,0,6200000,-1667370,4532630
2014/05/26,0,5234000,-1072000,4162000
2014/05/27,0,2843000,-524000,2319000
2014/05/28,0,5935000,-1483000,4452000
2014/05/29,0,3891000,-2099023,1791977
2014/05/30,0,12802000,-10210241,2591759
2014/06/03,0,8495000,-1366000,7129000
2014/06/04,0,2861000,-2744000,117000
2014/06/05,0,2788000,-1719000,1069000
2014/06/06,0,3347000,-709000,2638000
2014/06/09,0,3484000,-2276000,1208000
2014/06/10,0,7007859,-1608000,5399859
2014/06/11,0,1938000,-2478000,-540000
2014/06/12,0,2709000,-155000,2554000
2014/06/13,0,3010000,-1627065,1382935
2014/06/16,0,2597000,-4102454,-1505454
2014/06/17,0,4678000,-6972000,-2294000
2014/06/18,0,7859000,-5004000,2855000
2014/06/19,0,2732693,-352940,2379753
2014/06/20,0,6605000,-3477986,3127014
2014/06/23,0,6733000,-1088988,5644012
2014/06/24,0,5192000,-1567022,3624978
2014/06/25,0,5193000,-3874720,1318280
2014/06/26,0,9033794,-5565350,3468444
2014/06/27,0,9692000,-2532000,7160000
2014/06/30,0,5322000,-3809000,1513000
2014/07/01,0,7966000,-2100000,5866000
2014/07/02,0,14177062,-3939421,10237641
2014/07/03,0,1551000,-1817000,-266000
2014/07/04,0,1573022,-2351000,-777978
2014/07/07,0,2019000,-3040257,-1021257
2014/07/08,0,4044000,-600313,3443687
2014/07/09,0,4015820,-1288317,2727503
2014/07/10,0,8920000,-2536000,6384000
2014/07/11,0,4944000,-936000,4008000
2014/07/14,0,6062000,-873000,5189000
2014/07/15,0,7269727,-1629000,5640727
2014/07/16,0,5054000,-4502150,551850
2014/07/17,0,12391042,-1596000,10795042
2014/07/18,0,4770000,-441000,4329000
2014/07/21,0,5258000,-3340454,1917546
2014/07/22,0,5857000,-723000,5134000
2014/07/23,0,0,0,0
2014/07/24,0,8877000,-857222,8019778
2014/07/25,0,6625000,-3055121,3569879
2014/07/28,0,9436520,-2578520,6858000
2014/07/29,0,7768000,-5080000,2688000
2014/07/30,0,9013000,-6519000,2494000
2014/07/31,0,8843470,-6812227,2031243
2014/08/01,0,8078000,-1182000,6896000
2014/08/04,0,2738000,-8474000,-5736000
2014/08/05,0,2482000,-10593981,-8111981
2014/08/06,0,8046090,-2516910,5529180
2014/08/07,0,3317603,-2922155,395448
2014/08/08,0,4957000,-2601496,2355504
2014/08/11,0,8120000,-1506000,6614000
2014/08/12,0,3476000,-3345273,130727
2014/08/13,0,9239000,-561000,8678000
2014/08/14,0,4375950,-3491000,884950
2014/08/15,0,3312000,-3717000,-405000
2014/08/18,0,973000,-3090000,-2117000
2014/08/19,0,3507930,-1477931,2029999
2014/08/20,0,5782916,-1319880,4463036
2014/08/21,0,5566000,-1174000,4392000
2014/08/22,0,13104504,-1873910,11230594
2014/08/25,0,4849000,-4698000,151000
2014/08/26,0,2224000,-2795629,-571629
2014/08/27,0,7198000,-1947000,5251000
2014/08/28,0,8320039,-2828039,5492000
2014/08/29,0,6424000,-8434000,-2010000
2014/09/01,0,10997000,-150000,10847000
2014/09/02,0,11560930,-1683000,9877930
2014/09/03,0,18542283,-955000,17587283
2014/09/04,0,16647466,-712000,15935466
2014/09/05,0,4721000,-799000,3922000
2014/09/09,0,9370080,-720930,8649150
2014/09/10,0,6065020,-7779520,-1714500
2014/09/11,0,8646000,-2725330,5920670
2014/09/12,0,3326672,-1917000,1409672
2014/09/15,0,8104000,-3171750,4932250
2014/09/16,0,2501000,-4784000,-2283000
2014/09/17,0,9358000,-4873000,4485000
2014/09/18,0,3300000,-1249000,2051000
2014/09/19,0,9883598,-6226400,3657198
2014/09/22,0,4763001,-8151000,-3387999
2014/09/23,0,2693000,-3247000,-554000
2014/09/24,0,2199598,-1074110,1125488
2014/09/25,0,1884000,-2356404,-472404
2014/09/26,0,1781000,-1469000,312000
2014/09/29,0,8653000,-11031000,-2378000
2014/09/30,0,4603000,-5820800,-1217800
2014/10/01,0,3188000,-6234000,-3046000
2014/10/02,0,5450880,-6552928,-1102048
2014/10/03,0,5339383,-2492000,2847383
2014/10/06,0,5241000,-6182000,-941000
2014/10/07,0,7966000,-3344000,4622000
2014/10/08,0,7278089,-3482069,3796020
2014/10/09,0,3836000,-2555509,1280491
2014/10/13,0,3982000,-3438000,544000
2014/10/14,0,5835220,-3483160,2352060
2014/10/15,0,10288000,-12482000,-2194000
2014/10/16,0,10347000,-8985512,1361488
2014/10/17,0,5348000,-14067152,-8719152
2014/10/20,0,3879000,-4411343,-532343
2014/10/21,0,2920000,-2101610,818390
2014/10/22,0,3676383,-2817003,859380
2014/10/23,0,3625383,-1995000,1630383
2014/10/24,0,4816000,-5877496,-1061496
2014/10/27,0,5850735,-2655895,3194840
2014/10/28,0,9757980,-2832140,6925840
2014/10/29,0,5263149,-6684000,-1420851
2014/10/30,0,6245000,-6263000,-18000
2014/10/31,0,6865000,-8313100,-1448100
2014/11/03,0,6067466,-6078000,-10534
2014/11/04,0,5485000,-3761000,1724000
2014/11/05,0,5186000,-8559200,-3373200
2014/11/06,0,2968400,-5039395,-2070995
2014/11/07,0,3466000,-1815000,1651000
2014/11/10,0,10125000,-1694460,8430540
2014/11/11,0,3661000,-1118000,2543000
2014/11/12,0,1875500,-7574579,-5699079
2014/11/13,0,2778000,-1770200,1007800
2014/11/14,0,7317000,-5882454,1434546
2014/11/17,0,890000,-5263100,-4373100
2014/11/18,0,2983494,-1495270,1488224
2014/11/19,0,10285932,-6853000,3432932
2014/11/20,0,3251000,-1838840,1412160
2014/11/21,0,2357000,-3556000,-1199000
2014/11/24,0,3678000,-1167099,2510901
2014/11/25,0,7504000,-10008394,-2504394
2014/11/26,0,1572000,-1938532,-366532
2014/11/27,0,1813000,-1158741,654259
2014/11/28,0,2817000,-3629192,-812192
2014/12/01,0,2414000,-8737338,-6323338
2014/12/02,0,1848000,-7611000,-5763000
2014/12/03,0,3336000,-1429000,1907000
2014/12/04,0,7689000,-2248000,5441000
2014/12/05,0,1433000,-3789000,-2356000
2014/12/08,0,2341000,-828000,1513000
2014/12/09,0,2049000,-1182000,867000
2014/12/10,0,5062000,-7601230,-2539230
2014/12/11,0,3470000,-4443681,-973681
2014/12/12,0,2995494,-5160000,-2164506
2014/12/15,0,2223000,-5032620,-2809620
2014/12/16,0,2329678,-7796000,-5466322
2014/12/17,0,2664000,-12533780,-9869780
2014/12/18,0,4463000,-5641000,-1178000
2014/12/19,0,6873000,-2862059,4010941
2014/12/22,0,1881000,-1111000,770000
2014/12/23,0,3517000,-2852000,665000
2014/12/24,0,4261002,-672000,3589002
2014/12/25,0,1363000,-192000,1171000
2014/12/26,0,2272000,-158000,2114000
2014/12/29,0,6728000,-1035000,5693000
2014/12/30,0,3332000,-823000,2509000
2014/12/31,0,2323000,-1063928,1259072
2015/01/01,0,0,0,0
2015/01/02,0,0,0,0
2015/01/05,0,2642314,-3842000,-1199686
2015/01/06,0,3481000,-9261230,-5780230
2015/01/07,0,1872686,-6093000,-4220314
2015/01/08,0,9350006,-2619541,6730465
2015/01/09,0,4321000,-1216289,3104711
2015/01/12,0,1301501,-1394000,-92499
2015/01/13,0,4342000,-2677000,1665000
2015/01/14,0,3015000,-5477240,-2462240
2015/01/15,0,2090000,-2577000,-487000
2015/01/16,0,1167000,-7665275,-6498275
2015/01/19,0,1916000,-2461000,-545000
2015/01/20,0,2443000,-1368646,1074354
2015/01/21,0,3593000,-480690,3112310
2015/01/22,0,5669000,-3257120,2411880
2015/01/23,0,9831000,-3472279,6358721
2015/01/26,0,2121000,-1726500,394500
2015/01/27,0,4294000,-1285292,3008708
2015/01/28,0,3234000,-1109000,2125000
2015/01/29,0,2856000,-4506000,-1650000
2015/01/30,0,6488000,-4689890,1798110
2015/02/02,0,3890626,-2962326,928300
2015/02/03,0,3444662,-3690000,-245338
2015/02/04,0,11294000,-3225281,8068719
2015/02/05,0,5194000,-1526000,3668000
2015/02/06,0,3380000,-1247414,2132586
2015/02/09,0,3326000,-1629263,1696737
2015/02/10,0,2545000,-2101000,444000
2015/02/11,0,3431293,-2631000,800293
2015/02/12,0,2285581,-1949000,336581
2015/02/13,0,2188000,-3427095,-1239095
2015/02/16,0,0,0,0
2015/02/17,0,0,0,0
2015/02/18,0,0,0,0
2015/02/19,0,0,0,0
2015/02/20,0,0,0,0
2015/02/23,0,0,0,0
2015/02/24,0,9089560,-3858687,5230873
2015/02/25,0,5225000,-3927000,1298000
2015/02/26,0,4041000,-4940594,-899594
2015/02/27,0,0,0,0
2015/03/02,0,3360000,-3041149,318851
2015/03/03,0,2663179,-2828000,-164821
2015/03/04,0,1492000,-1044910,447090
2015/03/05,0,1653000,-5375260,-3722260
2015/03/06,0,3734700,-5365600,-1630900
2015/03/09,0,1108000,-6354000,-5246000
2015/03/10,0,1702446,-5074277,-3371831
2015/03/11,0,4110000,-12017660,-7907660
2015/03/12,0,5477000,-6628155,-1151155
2015/03/13,0,4816000,-4986000,-170000
2015/03/16,0,778000,-3530486,-2752486
2015/03/17,0,4266000,-4968000,-702000
2015/03/18,0,9721000,-7508939,2212061
2015/03/19,0,7078000,-5193690,1884310
2015/03/20,0,4420000,-3687881,732119
2015/03/23,0,2898000,-2686000,212000
2015/03/24,0,4483383,-3167000,1316383
2015/03/25,0,1865000,-3345000,-1480000
2015/03/26,0,4332000,-6826568,-2494568
2015/03/27,0,2695000,-6062208,-3367208
2015/03/30,0,5182120,-4686120,496000
2015/03/31,0,8392000,-6220000,2172000
2015/04/01,0,5843480,-4760100,1083380
2015/04/02,0,8159034,-5462254,2696780
2015/04/03,0,0,0,0
2015/04/06,0,0,0,0
2015/04/07,0,3264000,-1630000,1634000
2015/04/08,0,1801400,-6653126,-4851726
2015/04/09,0,6568000,-3959737,2608263
2015/04/10,0,6262000,-6149054,112946
2015/04/13,0,2708000,-1718000,990000
2015/04/14,0,5523000,-4120418,1402582
2015/04/15,0,2425540,-12967449,-10541909
2015/04/16,0,3728700,-4445000,-716300
2015/04/17,0,1602479,-6480000,-4877521
2015/04/20,0,1808950,-8701182,-6892232
2015/04/21,0,1079000,-3825824,-2746824
2015/04/22,0,4970260,-8922000,-3951740
2015/04/23,0,19685000,-11118155,8566845
2015/04/24,0,10508000,-3843000,6665000
2015/04/27,0,9971343,-1279381,8691962
2015/04/28,0,10361000,-2509000,7852000
2015/04/29,0,5690000,-5197000,493000
2015/04/30,0,7866000,-7066000,800000
2015/05/01,0,0,0,0
2015/05/04,0,6207000,-3001990,3205010
2015/05/05,0,2742000,-4270000,-1528000
2015/05/06,0,4011000,-3714256,296744
2015/05/07,0,2435000,-8834280,-6399280
2015/05/08,0,3619383,-1712000,1907383
2015/05/11,0,3581000,-2991000,590000
2015/05/12,0,3005000,-2215240,789760
2015/05/13,0,1224000,-2625000,-1401000
2015/05/14,0,1849000,-8919000,-7070000
2015/05/15,0,876000,-3665857,-2789857
2015/05/18,0,2116580,-2811000,-694420
2015/05/19,0,2546383,-3746175,-1199792
2015/05/20,0,5894000,-5576000,318000
2015/05/21,0,1405000,-11993215,-10588215
2015/05/22,0,2023000,-1960772,62228
2015/05/25,0,1487000,-2144000,-657000
2015/05/26,0,4057000,-1876000,2181000
2015/05/27,0,6118000,-4865610,1252390
2015/05/28,0,8086000,-16752179,-8666179
2015/05/29,0,18280461,-24340500,-6060039
2015/06/01,0,7156000,-4187560,2968440
2015/06/02,0,5365454,-6418000,-1052546
2015/06/03,0,5973927,-7586000,-1612073
2015/06/04,0,5551219,-11182390,-5631171
2015/06/05,0,6483000,-6071665,411335
2015/06/08,0,5060840,-6476553,-1415713
2015/06/09,0,6278000,-3046601,3231399
2015/06/10,0,3337000,-5021179,-1684179
2015/06/11,0,4534000,-7334000,-2800000
2015/06/12,0,1803100,-3453000,-1649900
2015/06/15,0,1324580,-4069000,-2744420
2015/06/16,0,1762000,-7169970,-5407970
2015/06/17,0,8332000,-9964212,-1632212
2015/06/18,0,6639000,-7965048,-1326048
2015/06/19,0,0,0,0
2015/06/22,0,8755278,-3329283,5425995
2015/06/23,0,4104000,-3956000,148000
2015/06/24,0,3375814,-2507383,868431
2015/06/25,0,7758640,-4517838,3240802
2015/06/26,0,6438407,-1168420,5269987
2015/06/29,0,2317000,-4644374,-2327374
2015/06/30,0,9481742,-13427248,-3945506
2015/07/01,0,2692000,-6933916,-4241916
2015/07/02,0,4953460,-4590320,363140
2015/07/03,0,4986000,-4908000,78000
2015/07/06,0,1839000,-5816000,-3977000
2015/07/07,0,12885000,-3593126,9291874
2015/07/08,0,4793000,-9818662,-5025662
2015/07/09,0,3783000,-9470000,-5687000
2015/07/10,0,0,0,0
2015/07/13,0,3373686,-6765184,-3391498
2015/07/14,0,1456000,-5198000,-3742000
2015/07/15,0,5964000,-5709451,254549
2015/07/16,0,3311000,-1607000,1704000
2015/07/17,0,8878000,-3334000,5544000
2015/07/20,0,5607224,-5437900,169324
2015/07/21,0,5510000,-2250000,3260000
2015/07/22,0,5380000,-2219550,3160450
2015/07/23,0,6093645,-2466000,3627645
2015/07/24,0,2329494,-2707000,-377506
2015/07/27,0,3954480,-2326000,1628480
2015/07/28,0,6163166,-9816000,-3652834
2015/07/29,0,6208000,-6687333,-479333
2015/07/30,0,6479000,-10598515,-4119515
2015/07/31,0,13390825,-15130593,-1739768
2015/08/03,0,4852212,-13866000,-9013788
2015/08/04,0,8353000,-6160000,2193000
2015/08/05,0,5711243,-7888000,-2176757
2015/08/06,0,3830000,-6941000,-3111000
2015/08/07,0,6044000,-7186000,-1142000
2015/08/10,0,3101495,-3247000,-145505
2015/08/11,0,6281000,-9456883,-3175883
2015/08/12,0,6472000,-5945000,527000
2015/08/13,0,6035930,-6889763,-853833
2015/08/14,0,2295000,-3957000,-1662000
2015/08/17,0,949643,-6038000,-5088357
2015/08/18,0,6169000,-8437070,-2268070
2015/08/19,0,8327426,-7393000,934426
2015/08/20,0,14605000,-12349000,2256000
2015/08/21,0,8103000,-11008355,-2905355
2015/08/24,0,7147000,-12664000,-5517000
2015/08/25,0,9584000,-12140209,-2556209
2015/08/26,0,6712000,-9887214,-3175214
2015/08/27,0,9989000,-17442100,-7453100
2015/08/28,0,17274000,-20429759,-3155759
2015/08/31,0,18157850,-13512096,4645754
2015/09/01,0,9944000,-8013151,1930849
2015/09/02,0,13154000,-8082347,5071653
2015/09/03,0,8933000,-10041096,-1108096
2015/09/04,0,4047320,-6168299,-2120979
2015/09/07,0,3869696,-7095000,-3225304
2015/09/08,0,1444000,-5655000,-4211000
2015/09/09,0,17600162,-15562046,2038116
2015/09/10,0,11243296,-6906163,4337133
2015/09/11,0,7094000,-8257869,-1163869
2015/09/14,0,4356000,-8541397,-4185397
2015/09/15,0,4584000,-4649388,-65388
2015/09/16,0,3401000,-8449184,-5048184
2015/09/17,0,12730300,-8183000,4547300
2015/09/18,0,10142990,-11000032,-857042
2015/09/21,0,5647000,-12284283,-6637283
2015/09/22,0,7649322,-8270700,-621378
2015/09/23,0,2411200,-15685371,-13274171
2015/09/24,0,3600303,-6472066,-2871763
2015/09/25,0,3057071,-10336943,-7279872
2015/09/28,0,0,0,0
2015/09/29,0,0,0,0
2015/09/30,0,13069839,-21593304,-8523465
2015/10/01,0,9320135,-10579990,-1259855
2015/10/02,0,4678000,-3385570,1292430
2015/10/05,0,3115030,-10281245,-7166215
2015/10/06,0,10155000,-11600079,-1445079
2015/10/07,0,9837560,-7645685,2191875
2015/10/08,0,6946740,-3885250,3061490
2015/10/09,0,0,0,0
2015/10/12,0,12932948,-16093400,-3160452
2015/10/13,0,10165309,-13928447,-3763138
2015/10/14,0,6706005,-4755367,1950638
2015/10/15,0,8095000,-3593316,4501684
2015/10/16,0,8729602,-3120000,5609602
2015/10/19,0,5333398,-3940329,1393069
2015/10/20,0,6953000,-2911956,4041044
2015/10/21,0,5414000,-2421000,2993000
2015/10/22,0,6937607,-1316766,5620841
2015/10/23,0,7120000,-3015102,4104898
2015/10/26,0,7239155,-2304291,4934864
2015/10/27,0,6566000,-1709393,4856607
2015/10/28,0,4911240,-3329828,1581412
2015/10/29,0,2772000,-6846910,-4074910
2015/10/30,0,7829597,-7459000,370597
2015/11/02,0,6490215,-1789705,4700510
2015/11/03,0,8761000,-5797066,2963934
2015/11/04,0,13235000,-3412866,9822134
2015/11/05,0,4463000,-1145948,3317052
2015/11/06,0,6034479,-12958193,-6923714
2015/11/09,0,530229,-7114036,-6583807
2015/11/10,0,473001,-11583518,-11110517
2015/11/11,0,1369000,-13959543,-12590543
2015/11/12,0,1886027,-4590580,-2704553
2015/11/13,0,3355450,-13725000,-10369550
2015/11/16,0,979000,-8313000,-7334000
2015/11/17,0,1787000,-4139342,-2352342
2015/11/18,0,1626481,-9446000,-7819519
2015/11/19,0,4097000,-8098458,-4001458
2015/11/20,0,3400000,-5644595,-2244595
2015/11/23,0,2948930,-3263461,-314531
2015/11/24,0,3728000,-6295758,-2567758
2015/11/25,0,2939024,-3421861,-482837
2015/11/26,0,5939000,-4362856,1576144
2015/11/27,0,1521594,-4557308,-3035714
2015/11/30,0,19009934,-35884730,-16874796
2015/12/01,0,10827000,-8736210,2090790
2015/12/02,0,4980000,-8727713,-3747713
2015/12/03,0,1842000,-8235293,-6393293
2015/12/04,0,2819001,-14485852,-11666851
2015/12/07,0,3950000,-4995891,-1045891
2015/12/08,0,1665000,-16798614,-15133614
2015/12/09,0,1960000,-14335000,-12375000
2015/12/10,0,1414000,-21073962,-19659962
2015/12/11,0,6306924,-10052558,-3745634
2015/12/14,0,948000,-8394042,-7446042
2015/12/15,0,1513734,-4414147,-2900413
2015/12/16,0,3631749,-5198996,-1567247
2015/12/17,0,7366884,-4300617,3066267
2015/12/18,0,8232979,-9994186,-1761207
2015/12/21,0,2551754,-7945000,-5393246
2015/12/22,0,4130590,-4217600,-87010
2015/12/23,0,2709438,-2528000,181438
2015/12/24,0,2563000,-1394202,1168798
2015/12/25,0,1496000,-641000,855000
2015/12/28,0,3382000,-2827000,555000
2015/12/29,0,2748000,-1016000,1732000
2015/12/30,0,865950,-4145186,-3279236
2015/12/31,0,2579000,-1875248,703752
2016/01/01,0,0,0,0
2016/01/04,0,2548040,-12513000,-9964960
2016/01/05,0,4457167,-4477000,-19833
2016/01/06,0,3586048,-9417091,-5831043
2016/01/07,0,6445582,-11333704,-4888122
2016/01/08,0,2803000,-11194952,-8391952
2016/01/11,0,3487484,-12675569,-9188085
2016/01/12,0,3448000,-8037000,-4589000
2016/01/13,0,3311328,-8284780,-4973452
2016/01/14,0,5964384,-6098000,-133616
2016/01/15,0,3146000,-15068942,-11922942
2016/01/18,0,2390118,-9577000,-7186882
2016/01/19,0,1062000,-8120613,-7058613
2016/01/20,0,5330201,-11210000,-5879799
2016/01/21,0,1943135,-11015000,-9071865
2016/01/22,0,4385834,-11465000,-7079166
2016/01/25,0,4914000,-7909478,-2995478
2016/01/26,0,3273750,-4501422,-1227672
2016/01/27,0,5216350,-5849074,-632724
2016/01/28,0,9002000,-4617022,4384978
2016/01/29,0,21551036,-9887325,11663711
2016/02/01,0,9450769,-5731075,3719694
2016/02/02,0,7623521,-5948197,1675324
2016/02/03,0,7201000,-13125704,-5924704
2016/02/04,0,0,0,0
2016/02/05,0,0,0,0
2016/02/08,0,0,0,0
2016/02/09,0,0,0,0
2016/02/10,0,0,0,0
2016/02/11,0,0,0,0
2016/02/12,0,0,0,0
2016/02/15,0,9148309,-6787725,2360584
2016/02/16,0,10206500,-2567000,7639500
2016/02/17,0,4323618,-5247529,-923911
2016/02/18,0,8746000,-6058189,2687811
2016/02/19,0,9073452,-1183523,7889929
2016/02/22,0,3014000,-3390000,-376000
2016/02/23,0,4497628,-3707600,790028
2016/02/24,0,3986000,-2222887,1763113
2016/02/25,0,6788623,-4269898,2518725
2016/02/26,0,10268977,-5758241,4510736
2016/02/29,0,0,0,0
2016/03/01,0,9657854,-6079813,3578041
2016/03/02,0,7675677,-2349000,5326677
2016/03/03,0,13931811,-7018000,6913811
2016/03/04,0,9277209,-3851786,5425423
2016/03/07,0,10384223,-3091243,7292980
2016/03/08,0,9579000,-6622000,2957000
2016/03/09,0,12342565,-3340757,9001808
2016/03/10,0,14008000,-1369786,12638214
2016/03/11,0,8597000,-767000,7830000
2016/03/14,0,10942022,-725000,10217022
2016/03/15,0,18847000,-2761000,16086000
2016/03/16,0,8406000,-1520148,6885852
2016/03/17,0,23014454,-2514415,20500039
2016/03/18,0,20710305,-8999937,11710368
2016/03/21,0,7164000,-6040000,1124000
2016/03/22,0,13246974,-4742974,8504000
2016/03/23,0,6502000,-2960000,3542000
2016/03/24,0,9364000,-2377000,6987000
2016/03/25,0,759000,-910000,-151000
2016/03/28,0,3186000,-1249000,1937000
2016/03/29,0,8522000,-3786300,4735700
2016/03/30,0,11373000,-1339000,10034000
2016/03/31,0,12832000,-10875173,1956827
2016/04/01,0,4446097,-7697077,-3250980
2016/04/04,0,0,0,0
2016/04/05,0,0,0,0
2016/04/06,0,7219434,-16618732,-9399298
2016/04/07,0,3560000,-9541526,-5981526
2016/04/08,0,6471000,-10475000,-4004000
2016/04/11,0,7808000,-2756150,5051850
2016/04/12,0,3711000,-2380000,1331000
2016/04/13,0,10160517,-3437000,6723517
2016/04/14,0,7055000,-16932711,-9877711
2016/04/15,0,10545755,-9585326,960429
2016/04/18,0,2525000,-5670000,-3145000
2016/04/19,0,1776000,-10625000,-8849000
2016/04/20,0,7536009,-7598833,-62824
2016/04/21,0,7534000,-3065000,4469000
2016/04/22,0,4622726,-3794000,828726
2016/04/25,0,4017000,-1273000,2744000
2016/04/26,0,3346662,-3053525,293137
2016/04/27,0,11323505,-8818908,2504597
2016/04/28,0,4407137,-12518385,-8111248
2016/04/29,0,7744000,-8681000,-937000
2016/05/02,0,0,0,0
2016/05/03,0,30032000,-12552997,17479003
2016/05/04,0,13465000,-14962665,-1497665
2016/05/05,0,3927000,-11702027,-7775027
2016/05/06,0,1592452,-12360000,-10767548
2016/05/09,0,1642000,-8370000,-6728000
2016/05/10,0,2384726,-7462000,-5077274
2016/05/11,0,2497000,-11363000,-8866000
2016/05/12,0,6108760,-5065600,1043160
2016/05/13,0,8209000,-16648000,-8439000
2016/05/16,0,6960000,-7826000,-866000
2016/05/17,0,7727000,-6735853,991147
2016/05/18,0,12544320,-6839000,5705320
2016/05/19,0,5981548,-12555000,-6573452
2016/05/20,0,5934241,-5234869,699372
2016/05/23,0,8955903,-3822000,5133903
2016/05/24,0,5658726,-2605891,3052835
2016/05/25,0,7497726,-2847000,4650726
2016/05/26,0,11423000,-3998737,7424263
2016/05/27,0,14509000,-2088000,12421000
2016/05/30,0,14607000,-1420973,13186027
2016/05/31,0,30378847,-17134338,13244509
2016/06/01,0,20967327,-3914747,17052580
2016/06/02,0,23064850,-3488000,19576850
2016/06/03,0,15068108,-1491000,13577108
2016/06/06,0,5947108,-1871747,4075361
2016/06/07,0,22821108,-2452000,20369108
2016/06/08,0,24701108,-1122000,23579108
2016/06/09,0,0,0,0
2016/06/10,0,0,0,0
2016/06/13,0,8230000,-6853711,1376289
2016/06/14,0,8049000,-3611000,4438000
2016/06/15,0,8111000,-4026072,4084928
2016/06/16,0,6358000,-9526846,-3168846
2016/06/17,0,13687846,-6558369,7129477
2016/06/20,0,5979000,-5042000,937000
2016/06/21,0,25284591,-5829000,19455591
2016/06/22,0,8315146,-5223180,3091966
2016/06/23,0,5259064,-8235000,-2975936
2016/06/24,0,6154750,-17599259,-11444509
2016/06/27,0,3864000,-3032000,832000
2016/06/28,0,11109000,-10459000,650000
2016/06/29,0,6633000,-2588000,4045000
2016/06/30,0,13973000,-8250606,5722394
2016/07/01,0,8988000,-2616097,6371903
2016/07/04,0,4290000,-5822000,-1532000
2016/07/05,0,3780000,-7306816,-3526816
2016/07/06,0,4049000,-10985000,-6936000
2016/07/07,0,6203000,-9036602,-2833602
2016/07/08,0,0,0,0
2016/07/11,0,27180726,-11445367,15735359
2016/07/12,0,13106000,-8306955,4799045
2016/07/13,0,21558000,-4811448,16746552
2016/07/14,0,20901904,-3791000,17110904
2016/07/15,0,22931070,-3027000,19904070
2016/07/18,0,10851050,-1684000,9167050
2016/07/19,0,29079003,-1951000,27128003
2016/07/20,0,19326000,-1589000,17737000
2016/07/21,0,14531907,-3899680,10632227
2016/07/22,0,9173000,-3029460,6143540
2016/07/25,0,11694000,-3814000,7880000
2016/07/26,0,8110000,-2480000,5630000
2016/07/27,0,9650000,-1148000,8502000
2016/07/28,0,11054000,-3361000,7693000
2016/07/29,0,11042000,-9200000,1842000
2016/08/01,0,7630656,-7688000,-57344
2016/08/02,0,3969308,-9805961,-5836653
2016/08/03,0,2802313,-12763400,-9961087
2016/08/04,0,3338000,-13072794,-9734794
2016/08/05,0,26736610,-7597268,19139342
2016/08/08,0,4259568,-7691250,-3431682
2016/08/09,0,13361000,-11245380,2115620
2016/08/10,0,13031000,-6240808,6790192
2016/08/11,0,8310500,-6264758,2045742
2016/08/12,0,11107196,-10001196,1106000
2016/08/15,0,5144000,-13397550,-8253550
2016/08/16,0,10667000,-9048000,1619000
2016/08/17,0,10113486,-4418000,5695486
2016/08/18,0,5564000,-1696699,3867301
2016/08/19,0,2740834,-6610000,-3869166
2016/08/22,0,4870000,-7479000,-2609000
2016/08/23,0,5747000,-1243000,4504000
2016/08/24,0,1216000,-1399289,-183289
2016/08/25,0,6508025,-2314781,4193244
2016/08/26,0,4297752,-3106005,1191747
2016/08/29,0,3548000,-5015000,-1467000
2016/08/30,0,4352900,-3445000,907900
2016/08/31,0,15771223,-16569000,-797777
2016/09/01,0,8535074,-8975794,-440720
2016/09/02,0,12509600,-2975355,9534245
2016/09/05,0,7518209,-795000,6723209
2016/09/06,0,14656300,-632000,14024300
2016/09/07,0,10598000,-1378948,9219052
2016/09/08,0,15233868,-2109000,13124868
2016/09/09,0,8157507,-4695000,3462507
2016/09/12,0,10441125,-11982901,-1541776
2016/09/13,0,12078016,-11654710,423306
2016/09/14,0,13984555,-13336114,648441
2016/09/15,0,0,0,0
2016/09/16,0,0,0,0
2016/09/19,0,34163000,-4091978,30071022
2016/09/20,0,9894675,-2599000,7295675
2016/09/21,0,9897280,-3062815,6834465
2016/09/22,0,6461500,-1387865,5073635
2016/09/23,0,11237095,-3777639,7459456
2016/09/26,0,1335000,-1660568,-325568
2016/09/27,0,0,0,0
2016/09/28,0,0,0,0
2016/09/29,0,19812901,-4723278,15089623
2016/09/30,0,7770730,-11125946,-3355216
2016/10/03,0,2426931,-3129320,-702389
2016/10/04,0,8333268,-3830957,4502311
2016/10/05,0,3238000,-2169358,1068642
2016/10/06,0,8209742,-3326000,4883742
2016/10/07,0,3872290,-5626000,-1753710
2016/10/10,0,0,0,0
2016/10/11,0,10093000,-5456790,4636210
2016/10/12,0,2263834,-3159266,-895432
2016/10/13,0,6244000,-8830000,-2586000
2016/10/14,0,1202000,-4647062,-3445062
2016/10/17,0,4365000,-5636185,-1271185
2016/10/18,0,7482636,-2344681,5137955
2016/10/19,0,4945962,-3125000,1820962
2016/10/20,0,2757949,-1311000,1446949
2016/10/21,0,9090000,-10323152,-1233152
2016/10/24,0,2278000,-2657763,-379763
2016/10/25,0,11937994,-6370000,5567994
2016/10/26,0,2340000,-5922850,-3582850
2016/10/27,0,3530513,-6469760,-2939247
2016/10/28,0,6142000,-4131384,2010616
2016/10/31,0,6555640,-6460000,95640
2016/11/01,0,3205000,-7340000,-4135000
2016/11/02,0,2057870,-2560762,-502892
2016/11/03,0,3231000,-5042621,-1811621
2016/11/04,0,5215000,-3390000,1825000
2016/11/07,0,2495000,-3865607,-1370607
2016/11/08,0,7849770,-1130939,6718831
2016/11/09,0,8325000,-10811871,-2486871
2016/11/10,0,4535000,-3677000,858000
2016/11/11,0,5236000,-16639378,-11403378
2016/11/14,0,4855000,-12305602,-7450602
2016/11/15,0,4497000,-10874003,-6377003
2016/11/16,0,10401000,-8682296,1718704
2016/11/17,0,9075466,-6590000,2485466
2016/11/18,0,7394000,-10432601,-3038601
2016/11/21,0,9786000,-9189575,596425
2016/11/22,0,13122564,-5232140,7890424
2016/11/23,0,9585000,-1424194,8160806
2016/11/24,0,5389000,-1983004,3405996
2016/11/25,0,2089000,-1144139,944861
2016/11/28,0,2813000,-5781627,-2968627
2016/11/29,0,11109110,-6296996,4812114
2016/11/30,0,23656476,-22614452,1042024
2016/12/01,0,9282111,-5492528,3789583
2016/12/02,0,9533000,-2675009,6857991
2016/12/05,0,7761000,-5630467,2130533
2016/12/06,0,12524085,-3857746,8666339
2016/12/07,0,8566860,-2826172,5740688
2016/12/08,0,18035000,-1454720,16580280
2016/12/09,0,8103649,-7053570,1050079
2016/12/12,0,6969657,-2319000,4650657
2016/12/13,0,13795139,-1435002,12360137
2016/12/14,0,2183830,-3600000,-1416170
2016/12/15,0,8817181,-13572625,-4755444
2016/12/16,0,7495513,-7372588,122925
2016/12/19,0,2144008,-4134124,-1990116
2016/12/20,0,3032140,-3744503,-712363
2016/12/21,0,5557000,-8459545,-2902545
2016/12/22,0,1306560,-6354000,-5047440
2016/12/23,0,3706000,-5789000,-2083000
2016/12/26,0,2553000,-623000,1930000
2016/12/27,0,683000,-1406225,-723225
2016/12/28,0,4718000,-2146394,2571606
2016/12/29,0,5427250,-6544983,-1117733
2016/12/30,0,7105000,-2632440,4472560
2017/01/02,0,0,0,0
2017/01/03,0,868000,-2185000,-1317000
2017/01/04,0,3764000,-2545394,1218606
2017/01/05,0,9867234,-3440516,6426718
2017/01/06,0,5334000,-6860301,-1526301
2017/01/09,0,1513212,-3006880,-1493668
2017/01/10,0,7395750,-5234442,2161308
2017/01/11,0,6869871,-5360472,1509399
2017/01/12,0,7992000,-3424136,4567864
2017/01/13,0,6581767,-5566322,1015445
2017/01/16,0,1559000,-2817965,-1258965
2017/01/17,0,3374845,-1966747,1408098
2017/01/18,0,4754589,-5396924,-642335
2017/01/19,0,2679000,-8320013,-5641013
2017/01/20,0,16397266,-15437056,960210
2017/01/23,0,10618222,-2659143,7959079
2017/01/24,0,8360706,-4133525,4227181
2017/01/25,0,0,0,0
2017/01/26,0,0,0,0
2017/01/27,0,0,0,0
2017/01/30,0,0,0,0
2017/01/31,0,0,0,0
2017/02/01,0,0,0,0
2017/02/02,0,19445573,-16387070,3058503
2017/02/03,0,4119000,-9921286,-5802286
2017/02/06,0,10578222,-3693212,6885010
2017/02/07,0,6379942,-2094632,4285310
2017/02/08,0,3347348,-8696713,-5349365
2017/02/09,0,6458176,-6346781,111395
2017/02/10,0,10175249,-9541617,633632
2017/02/13,0,5479978,-5408078,71900
2017/02/14,0,9803000,-6143787,3659213
2017/02/15,0,13174000,-3190591,9983409
2017/02/16,0,9579000,-2591602,6987398
2017/02/17,0,4080000,-3613871,466129
2017/02/20,0,984000,-1191755,-207755
2017/02/21,0,4287000,-2295000,1992000
2017/02/22,0,2916000,-3140455,-224455
2017/02/23,0,2693000,-8414320,-5721320
2017/02/24,0,11770517,-5083118,6687399
2017/02/27,0,0,0,0
2017/02/28,0,0,0,0
2017/03/01,0,7422075,-7980989,-558914
2017/03/02,0,4480644,-3963208,517436
2017/03/03,0,6187102,-3643998,2543104
2017/03/06,0,3082780,-3818660,-735880
2017/03/07,0,3569315,-1905738,1663577
2017/03/08,0,7040000,-2883141,4156859
2017/03/09,0,13902000,-10743000,3159000
2017/03/10,0,3173986,-3455000,-281014
2017/03/13,0,4178282,-648194,3530088
2017/03/14,0,10726793,-4035727,6691066
2017/03/15,0,3670285,-3838141,-167856
2017/03/16,0,7242000,-1205000,6037000
2017/03/17,0,13413341,-23290284,-9876943
2017/03/20,0,3238349,-2047208,1191141
2017/03/21,0,8579204,-3912564,4666640
2017/03/22,0,5740953,-5275851,465102
2017/03/23,0,7110176,-2105433,5004743
2017/03/24,0,2501104,-7192815,-4691711
2017/03/27,0,6630557,-3935406,2695151
2017/03/28,0,10709604,-6107503,4602101
2017/03/29,0,6555580,-4807395,1748185
2017/03/30,0,6547604,-6170877,376727
2017/03/31,0,5684877,-5855039,-170162
2017/04/03,0,0,0,0
2017/04/04,0,0,0,0
2017/04/05,0,14065954,-2488916,11577038
2017/04/06,0,4072604,-3751179,321425
2017/04/07,0,7594464,-5797000,1797464
2017/04/10,0,2454604,-1563000,891604
2017/04/11,0,10756725,-1768295,8988430
2017/04/12,0,5169564,-2290052,2879512
2017/04/13,0,7773604,-1844000,5929604
2017/04/14,0,1260604,-2412000,-1151396
2017/04/17,0,1239604,-595000,644604
2017/04/18,0,3741604,-1822445,1919159
2017/04/19,0,3931216,-11093645,-7162429
2017/04/20,0,5373000,-5157329,215671
2017/04/21,0,5010000,-1758555,3251445
2017/04/24,0,8980959,-1332608,7648351
2017/04/25,0,13566395,-5209905,8356490
2017/04/26,0,16234000,-3140728,13093272
2017/04/27,0,2253478,-13161877,-10908399
2017/04/28,0,3884110,-6887000,-3002890
2017/05/01,0,0,0,0
2017/05/02,0,16682871,-9945521,6737350
2017/05/03,0,3909000,-4284130,-375130
2017/05/04,0,7440621,-3750700,3689921
2017/05/05,0,1884846,-3807000,-1922154
2017/05/08,0,2934226,-3850996,-916770
2017/05/09,0,1657807,-7326716,-5668909
2017/05/10,0,5834106,-5372797,461309
2017/05/11,0,10961487,-2093955,8867532
2017/05/12,0,1763794,-3183268,-1419474
2017/05/15,0,5944401,-1050438,4893963
2017/05/16,0,5869758,-20682265,-14812507
2017/05/17,0,5587881,-4385884,1201997
2017/05/18,0,2639586,-3321131,-681545
2017/05/19,0,1793233,-5366121,-3572888
2017/05/22,0,2788325,-7108154,-4319829
2017/05/23,0,2375058,-6260696,-3885638
2017/05/24,0,2229680,-6027328,-3797648
2017/05/25,0,4456998,-4380000,76998
2017/05/26,0,0,0,0
2017/05/29,0,0,0,0
2017/05/30,0,0,0,0
2017/05/31,0,52337312,-53853358,-1516046
2017/06/01,0,4720000,-5724846,-1004846
2017/06/02,0,6551000,-9742149,-3191149
2017/06/05,0,3301595,-6942302,-3640707
2017/06/06,0,3243000,-8093500,-4850500
2017/06/07,0,8543898,-11273288,-2729390
2017/06/08,0,11987262,-4794531,7192731
2017/06/09,0,5195683,-9553749,-4358066
2017/06/12,0,3845248,-7942230,-4096982
2017/06/13,0,5306040,-4448679,857361
2017/06/14,0,3248000,-9516472,-6268472
2017/06/15,0,8088000,-12775786,-4687786
2017/06/16,0,11847842,-10354101,1493741
2017/06/19,0,6202978,-2658118,3544860
2017/06/20,0,7072216,-3249289,3822927
2017/06/21,0,7087810,-8186745,-1098935
2017/06/22,0,6238606,-3408879,2829727
2017/06/23,0,8671000,-3666313,5004687
2017/06/26,0,11152000,-2558172,8593828
2017/06/27,0,6343000,-1879000,4464000
2017/06/28,0,5470384,-4370948,1099436
2017/06/29,0,7631000,-1746184,5884816
2017/06/30,0,7338280,-5429040,1909240
2017/07/03,0,3887000,-1966543,1920457
2017/07/04,0,2260000,-4766261,-2506261
2017/07/05,0,5767530,-916000,4851530
2017/07/06,0,5308485,-1196000,4112485
2017/07/07,0,3846165,-2119269,1726896
2017/07/10,0,4797063,-5859600,-1062537
2017/07/11,0,4690888,-5327000,-636112
2017/07/12,0,6039000,-6990398,-951398
2017/07/13,0,9799064,-8000385,1798679
2017/07/14,0,7508359,-2671035,4837324
2017/07/17,0,6927000,-8870582,-1943582
2017/07/18,0,1949692,-5776135,-3826443
2017/07/19,0,2716000,-11150281,-8434281
2017/07/20,0,2124963,-6486000,-4361037
2017/07/21,0,4908407,-5973918,-1065511
2017/07/24,0,4318550,-666897,3651653
2017/07/25,0,2420041,-11915238,-9495197
2017/07/26,0,3778000,-7561326,-3783326
2017/07/27,0,9863000,-3570129,6292871
2017/07/28,0,3265566,-7950119,-4684553
2017/07/31,0,9898978,-6223455,3675523
2017/08/01,0,18614000,-16437259,2176741
2017/08/02,0,19557637,-7764155,11793482
2017/08/03,0,13404000,-15358741,-1954741
2017/08/04,0,27224207,-4921585,22302622
2017/08/07,0,3452720,-13023294,-9570574
2017/08/08,0,7263499,-11987492,-4723993
2017/08/09,0,1879674,-9768595,-7888921
2017/08/10,0,12022232,-11904000,118232
2017/08/11,0,5838000,-7728999,-1890999
2017/08/14,0,4115708,-4892952,-777244
2017/08/15,0,5455200,-3339000,2116200
2017/08/16,0,4350000,-6826000,-2476000
2017/08/17,0,13020238,-1118000,11902238
2017/08/18,0,1915000,-3615000,-1700000
