Date,Open,Buy,Sell,Total
2007/04/23,0,0,-86000,-86000
2007/04/24,0,0,-19000,-19000
2007/04/25,0,0,-100000,-100000
2007/04/26,0,0,-51000,-51000
2007/04/27,0,0,-66000,-66000
2007/04/30,0,0,-20000,-20000
2007/05/01,0,0,0,0
2007/05/02,0,3000,-85000,-82000
2007/05/03,0,0,-121000,-121000
2007/05/04,0,71000,0,71000
2007/05/07,0,0,-13000,-13000
2007/05/08,0,0,-72000,-72000
2007/05/09,0,0,-31000,-31000
2007/05/10,0,0,-13000,-13000
2007/05/11,0,10000,-155000,-145000
2007/05/14,0,0,-47000,-47000
2007/05/15,0,27000,-9000,18000
2007/05/16,0,0,-21000,-21000
2007/05/17,0,0,-26000,-26000
2007/05/18,0,0,-37000,-37000
2007/05/21,0,596000,0,596000
2007/05/22,0,6000,-12000,-6000
2007/05/23,0,2000,-38000,-36000
2007/05/24,0,4000,-33000,-29000
2007/05/25,0,16000,-26000,-10000
2007/05/28,0,0,-20000,-20000
2007/05/29,0,410000,-32000,378000
2007/05/30,0,47000,-800000,-753000
2007/05/31,0,493000,0,493000
2007/06/01,0,84000,0,84000
2007/06/04,0,0,-51000,-51000
2007/06/05,0,0,-104000,-104000
2007/06/06,0,0,-151000,-151000
2007/06/07,0,50000,-19000,31000
2007/06/08,0,27000,-154000,-127000
2007/06/11,0,60000,-60000,0
2007/06/12,0,167000,-72000,95000
2007/06/13,0,135000,-20000,115000
2007/06/14,0,40000,-524000,-484000
2007/06/15,0,7000,-35000,-28000
2007/06/18,0,0,0,0
2007/06/19,0,0,0,0
2007/06/20,0,1034000,-351000,683000
2007/06/21,0,585000,-13000,572000
2007/06/22,0,1623375,-15000,1608375
2007/06/25,0,386000,-2000,384000
2007/06/26,0,368000,-248000,120000
2007/06/27,0,713000,-121000,592000
2007/06/28,0,179000,0,179000
2007/06/29,0,132000,-1095000,-963000
2007/07/02,0,10000,-235000,-225000
2007/07/03,0,228000,-984000,-756000
2007/07/04,0,499000,-334000,165000
2007/07/05,0,362000,-18000,344000
2007/07/06,0,447000,-169000,278000
2007/07/09,0,638000,-307000,331000
2007/07/10,0,551000,-57000,494000
2007/07/11,0,255000,-77044,177956
2007/07/12,0,180000,-299044,-119044
2007/07/13,0,164000,-128000,36000
2007/07/16,0,1855000,-152370,1702630
2007/07/17,0,1240000,-249000,991000
2007/07/18,0,5169000,-3526000,1643000
2007/07/19,0,739000,-377047,361953
2007/07/20,0,194000,-838721,-644721
2007/07/23,0,70000,-712000,-642000
2007/07/24,0,984000,-343000,641000
2007/07/25,0,459000,-158000,301000
2007/07/26,0,693000,-2534000,-1841000
2007/07/27,0,1907000,-1966000,-59000
2007/07/30,0,243000,-855000,-612000
2007/07/31,0,270000,-2456000,-2186000
2007/08/01,0,86000,-1467000,-1381000
2007/08/02,0,369000,-1701156,-1332156
2007/08/03,0,143000,-416000,-273000
2007/08/06,0,309000,-23000,286000
2007/08/07,0,70000,-520000,-450000
2007/08/08,0,2076000,-341000,1735000
2007/08/09,0,13000,-1173150,-1160150
2007/08/10,0,37000,-267000,-230000
2007/08/13,0,228000,-150000,78000
2007/08/14,0,212000,-501000,-289000
2007/08/15,0,668000,-963000,-295000
2007/08/16,0,551000,-708000,-157000
2007/08/17,0,271000,-343000,-72000
2007/08/20,0,718000,-13000,705000
2007/08/21,0,17000,-476000,-459000
2007/08/22,0,2456000,-140000,2316000
2007/08/23,0,120000,-547000,-427000
2007/08/24,0,604000,-419000,185000
2007/08/27,0,0,-238000,-238000
2007/08/28,0,450000,-13000,437000
2007/08/29,0,27000,-12000,15000
2007/08/30,0,12000,-280000,-268000
2007/08/31,0,1472000,-426000,1046000
2007/09/03,0,0,-1128000,-1128000
2007/09/04,0,105000,-130000,-25000
2007/09/05,0,334000,-906000,-572000
2007/09/06,0,93000,-25000,68000
2007/09/07,0,119000,-85000,34000
2007/09/10,0,509000,-25000,484000
2007/09/11,0,25000,-343000,-318000
2007/09/12,0,31000,-149000,-118000
2007/09/13,0,107000,-209000,-102000
2007/09/14,0,74000,-8000,66000
2007/09/17,0,33000,-97000,-64000
2007/09/18,0,0,0,0
2007/09/19,0,429000,-500000,-71000
2007/09/20,0,109000,-619000,-510000
2007/09/21,0,226000,-158000,68000
2007/09/24,0,0,0,0
2007/09/25,0,0,0,0
2007/09/26,0,48000,-4000,44000
2007/09/27,0,1302000,-32403,1269597
2007/09/28,0,77000,-217000,-140000
2007/10/01,0,238000,-286000,-48000
2007/10/02,0,5200000,-183000,5017000
2007/10/03,0,2778000,-52000,2726000
2007/10/04,0,553000,-2139000,-1586000
2007/10/05,0,21000,-933034,-912034
2007/10/08,0,238000,-1026000,-788000
2007/10/09,0,328000,-492000,-164000
2007/10/10,0,0,0,0
2007/10/11,0,2274000,-501000,1773000
2007/10/12,0,3218000,-887000,2331000
2007/10/15,0,228000,-452000,-224000
2007/10/16,0,713000,-384000,329000
2007/10/17,0,214000,-282000,-68000
2007/10/18,0,539000,-1184000,-645000
2007/10/19,0,258000,-148000,110000
2007/10/22,0,527000,-698001,-171001
2007/10/23,0,182000,-503000,-321000
2007/10/24,0,163000,-281000,-118000
2007/10/25,0,1253000,-1072000,181000
2007/10/26,0,1899000,-50000,1849000
2007/10/29,0,1995000,-85000,1910000
2007/10/30,0,768000,-641000,127000
2007/10/31,0,2960000,-366000,2594000
2007/11/01,0,1740000,-1792000,-52000
2007/11/02,0,2054000,-1068000,986000
2007/11/05,0,914000,-1183000,-269000
2007/11/06,0,2067000,-616000,1451000
2007/11/07,0,1050000,-623000,427000
2007/11/08,0,1159000,-2404000,-1245000
2007/11/09,0,165000,-1066000,-901000
2007/11/12,0,670000,-262000,408000
2007/11/13,0,4222000,-20000,4202000
2007/11/14,0,1650000,-950000,700000
2007/11/15,0,1532000,-33000,1499000
2007/11/16,0,470000,-1431000,-961000
2007/11/19,0,163000,-1834000,-1671000
2007/11/20,0,1561000,-4051000,-2490000
2007/11/21,0,209000,-190000,19000
2007/11/22,0,217000,-215000,2000
2007/11/23,0,39000,-129000,-90000
2007/11/26,0,282000,-62000,220000
2007/11/27,0,107000,-162000,-55000
2007/11/28,0,96000,-3000,93000
2007/11/29,0,152000,-825000,-673000
2007/11/30,0,679000,-850000,-171000
2007/12/03,0,34000,-97000,-63000
2007/12/04,0,988000,-61000,927000
2007/12/05,0,168000,-32000,136000
2007/12/06,0,126000,-75000,51000
2007/12/07,0,313000,-80000,233000
2007/12/10,0,150000,0,150000
2007/12/11,0,186000,-301000,-115000
2007/12/12,0,96000,-14000,82000
2007/12/13,0,261000,-18000,243000
2007/12/14,0,230000,-13000,217000
2007/12/17,0,99000,-120000,-21000
2007/12/18,0,362000,-272000,90000
2007/12/19,0,254000,-351000,-97000
2007/12/20,0,111000,-354000,-243000
2007/12/21,0,406000,-4000,402000
2007/12/24,0,296000,-3000,293000
2007/12/25,0,110000,-32000,78000
2007/12/26,0,61000,-26000,35000
2007/12/27,0,504000,-65000,439000
2007/12/28,0,71000,-791000,-720000
2007/12/31,0,125000,-1000,124000
2008/01/01,0,0,0,0
2008/01/02,0,1019000,-66000,953000
2008/01/03,0,648000,-12000,636000
2008/01/04,0,1290000,-298000,992000
2008/01/07,0,1010000,-353000,657000
2008/01/08,0,744000,-2188000,-1444000
2008/01/09,0,291000,-4957000,-4666000
2008/01/10,0,723000,-1858000,-1135000
2008/01/11,0,1373000,-1537000,-164000
2008/01/14,0,2654000,-1129000,1525000
2008/01/15,0,4586000,-1224000,3362000
2008/01/16,0,4660000,-1328000,3332000
2008/01/17,0,5767000,-2743000,3024000
2008/01/18,0,3986000,-1784000,2202000
2008/01/21,0,1847000,-2152000,-305000
2008/01/22,0,1947000,-1690000,257000
2008/01/23,0,2060000,-1915000,145000
2008/01/24,0,2645000,-2688000,-43000
2008/01/25,0,1007000,-952000,55000
2008/01/28,0,768000,-1352000,-584000
2008/01/29,0,949000,-660000,289000
2008/01/30,0,969000,-1064000,-95000
2008/01/31,0,789000,-1343000,-554000
2008/02/01,0,649000,-2312470,-1663470
2008/02/04,0,0,0,0
2008/02/05,0,0,0,0
2008/02/06,0,0,0,0
2008/02/07,0,0,0,0
2008/02/08,0,0,0,0
2008/02/11,0,0,0,0
2008/02/12,0,875000,-261000,614000
2008/02/13,0,1180000,-389000,791000
2008/02/14,0,3046000,-363000,2683000
2008/02/15,0,2711000,-291000,2420000
2008/02/18,0,2499000,-391000,2108000
2008/02/19,0,1848000,-964000,884000
2008/02/20,0,1424000,-1442000,-18000
2008/02/21,0,2102000,-2600000,-498000
2008/02/22,0,2191000,-1377000,814000
2008/02/25,0,4110000,-796097,3313903
2008/02/26,0,1400000,-2814000,-1414000
2008/02/27,0,2451000,-1706016,744984
2008/02/28,0,0,0,0
2008/02/29,0,2861000,-2699000,162000
2008/03/03,0,2152000,-1820749,331251
2008/03/04,0,2512000,-942000,1570000
2008/03/05,0,3070000,-2732000,338000
2008/03/06,0,5666000,-1511032,4154968
2008/03/07,0,461000,-1935000,-1474000
2008/03/10,0,731000,-3321531,-2590531
2008/03/11,0,2030000,-805000,1225000
2008/03/12,0,2755000,-2072929,682071
2008/03/13,0,1162000,-1302418,-140418
2008/03/14,0,1375000,-1578072,-203072
2008/03/17,0,1993000,-722000,1271000
2008/03/18,0,1201000,-2219000,-1018000
2008/03/19,0,1120000,-686000,434000
2008/03/20,0,6765000,-1243000,5522000
2008/03/21,0,7272000,-5953000,1319000
2008/03/24,0,3257000,-12237000,-8980000
2008/03/25,0,5055000,-2108000,2947000
2008/03/26,0,4314000,-5837000,-1523000
2008/03/27,0,1234000,-5157000,-3923000
2008/03/28,0,2338000,-789570,1548430
2008/03/31,0,1624000,-2074667,-450667
2008/04/01,0,769000,-2387000,-1618000
2008/04/02,0,2032000,-470000,1562000
2008/04/03,0,496000,-309000,187000
2008/04/04,0,0,0,0
2008/04/07,0,2915000,-1436000,1479000
2008/04/08,0,1144000,-635000,509000
2008/04/09,0,2600000,-1264635,1335365
2008/04/10,0,298000,-1055000,-757000
2008/04/11,0,3090000,-7234000,-4144000
2008/04/14,0,3220000,-4402504,-1182504
2008/04/15,0,140000,-1841000,-1701000
2008/04/16,0,1396000,-1951000,-555000
2008/04/17,0,371000,-4024000,-3653000
2008/04/18,0,1492000,-2449000,-957000
2008/04/21,0,1638000,-925000,713000
2008/04/22,0,1267000,-463000,804000
2008/04/23,0,587000,-473000,114000
2008/04/24,0,2116000,-825000,1291000
2008/04/25,0,2047000,-1456000,591000
2008/04/28,0,3595000,-1644000,1951000
2008/04/29,0,1617000,-1760000,-143000
2008/04/30,0,2562000,-2485000,77000
2008/05/01,0,0,0,0
2008/05/02,0,828000,-535000,293000
2008/05/05,0,991000,-1567000,-576000
2008/05/06,0,2171000,-1155000,1016000
2008/05/07,0,1900000,-483000,1417000
2008/05/08,0,474000,-127000,347000
2008/05/09,0,1014000,-544000,470000
2008/05/12,0,2363000,-1004000,1359000
2008/05/13,0,2351072,-1536000,815072
2008/05/14,0,562000,-3484000,-2922000
2008/05/15,0,944000,-1511000,-567000
2008/05/16,0,1328000,-2037000,-709000
2008/05/19,0,674000,-1327000,-653000
2008/05/20,0,1248000,-2170000,-922000
2008/05/21,0,1023000,-905000,118000
2008/05/22,0,1534000,-877000,657000
2008/05/23,0,441000,-1556000,-1115000
2008/05/26,0,484000,-703000,-219000
2008/05/27,0,173000,-243000,-70000
2008/05/28,0,631000,-2519000,-1888000
2008/05/29,0,1650000,-3597000,-1947000
2008/05/30,0,464000,-3418000,-2954000
2008/06/02,0,635000,-1651000,-1016000
2008/06/03,0,442000,-1481500,-1039500
2008/06/04,0,255000,-928382,-673382
2008/06/05,0,1993000,-841000,1152000
2008/06/06,0,1896000,-2037000,-141000
2008/06/09,0,916000,-1387000,-471000
2008/06/10,0,502000,-373000,129000
2008/06/11,0,300000,-972000,-672000
2008/06/12,0,1675000,-1322000,353000
2008/06/13,0,642000,-1083000,-441000
2008/06/16,0,627000,-992000,-365000
2008/06/17,0,743000,-383000,360000
2008/06/18,0,788000,-821000,-33000
2008/06/19,0,2398000,-135000,2263000
2008/06/20,0,356000,-1236000,-880000
2008/06/23,0,702000,-2533000,-1831000
2008/06/24,0,1579000,-2753000,-1174000
2008/06/25,0,1522000,-2236000,-714000
2008/06/26,0,521000,-389000,132000
2008/06/27,0,631000,-2531000,-1900000
2008/06/30,0,1275000,-291000,984000
2008/07/01,0,2010000,-556000,1454000
2008/07/02,0,1217000,-1709000,-492000
2008/07/03,0,2521000,-2648000,-127000
2008/07/04,0,539000,-1678000,-1139000
2008/07/07,0,1025000,-417000,608000
2008/07/08,0,1275000,-2250000,-975000
2008/07/09,0,2359000,-1215000,1144000
2008/07/10,0,657000,-1699000,-1042000
2008/07/11,0,3624000,-422000,3202000
2008/07/14,0,754000,-1204000,-450000
2008/07/15,0,291000,-3066000,-2775000
2008/07/16,0,1710000,-800000,910000
2008/07/17,0,274000,-2372000,-2098000
2008/07/18,0,1743000,-1610000,133000
2008/07/21,0,99000,-54000,45000
2008/07/22,0,2376000,-391000,1985000
2008/07/23,0,2806000,-1317500,1488500
2008/07/24,0,947000,-1564000,-617000
2008/07/25,0,1929000,-659000,1270000
2008/07/28,0,0,0,0
2008/07/29,0,1220000,-1237000,-17000
2008/07/30,0,1536000,-460000,1076000
2008/07/31,0,4658000,-565000,4093000
2008/08/01,0,2290000,-931000,1359000
2008/08/04,0,1757000,-649000,1108000
2008/08/05,0,978000,-4145000,-3167000
2008/08/06,0,2754000,-1016000,1738000
2008/08/07,0,805000,-2384000,-1579000
2008/08/08,0,8401000,-679000,7722000
2008/08/11,0,3956000,-1912000,2044000
2008/08/12,0,2370000,-4804000,-2434000
2008/08/13,0,1173000,-4670000,-3497000
2008/08/14,0,942000,-633000,309000
2008/08/15,0,492000,-2567000,-2075000
2008/08/18,0,562000,-1628000,-1066000
2008/08/19,0,223000,-540224,-317224
2008/08/20,0,355000,-949000,-594000
2008/08/21,0,380000,-126159,253841
2008/08/22,0,495000,-341163,153837
2008/08/25,0,317000,-1303000,-986000
2008/08/26,0,451000,-112000,339000
2008/08/27,0,1730000,-1142000,588000
2008/08/28,0,558000,-485000,73000
2008/08/29,0,1402000,-561000,841000
2008/09/01,0,299184,-1650500,-1351316
2008/09/02,0,483000,-814000,-331000
2008/09/03,0,1152000,-2482503,-1330503
2008/09/04,0,737000,-1999400,-1262400
2008/09/05,0,1237000,-1471000,-234000
2008/09/08,0,5000,-59000,-54000
2008/09/09,0,1066000,-598200,467800
2008/09/10,0,988000,-1183096,-195096
2008/09/11,0,667000,-1065000,-398000
2008/09/12,0,493000,-431952,61048
2008/09/15,0,505000,-692000,-187000
2008/09/16,0,1445000,-655200,789800
2008/09/17,0,1266000,-584648,681352
2008/09/18,0,1566000,-215000,1351000
2008/09/19,0,1230000,-366000,864000
2008/09/22,0,1854000,-227204,1626796
2008/09/23,0,1005000,-2208452,-1203452
2008/09/24,0,1079000,-1260000,-181000
2008/09/25,0,487400,-785000,-297600
2008/09/26,0,955000,-2032000,-1077000
2008/09/29,0,0,0,0
2008/09/30,0,1617000,-1962200,-345200
2008/10/01,0,605554,-1515367,-909813
2008/10/02,0,681000,-799400,-118400
2008/10/03,0,1076000,-491600,584400
2008/10/06,0,1072000,-1546155,-474155
2008/10/07,0,2609200,-2319000,290200
2008/10/08,0,1974000,-2156000,-182000
2008/10/09,0,1217000,-1125000,92000
2008/10/10,0,0,0,0
2008/10/13,0,402000,-59400,342600
2008/10/14,0,266000,-309000,-43000
2008/10/15,0,212000,-1429000,-1217000
2008/10/16,0,20000,-47400,-27400
2008/10/17,0,345000,-417108,-72108
2008/10/20,0,579000,-1453021,-874021
2008/10/21,0,292000,-303000,-11000
2008/10/22,0,252000,-325420,-73420
2008/10/23,0,154000,-8400,145600
2008/10/24,0,252000,-16000,236000
2008/10/27,0,212000,-208800,3200
2008/10/28,0,1256000,-1820563,-564563
2008/10/29,0,508000,-1085240,-577240
2008/10/30,0,390000,-84000,306000
2008/10/31,0,968000,-221000,747000
2008/11/03,0,550000,-382000,168000
2008/11/04,0,810000,-628130,181870
2008/11/05,0,1161000,-1212000,-51000
2008/11/06,0,573000,-736800,-163800
2008/11/07,0,636200,-883000,-246800
2008/11/10,0,526000,-125400,400600
2008/11/11,0,729047,-682000,47047
2008/11/12,0,659000,-71931,587069
2008/11/13,0,243000,-69092,173908
2008/11/14,0,530000,-1213945,-683945
2008/11/17,0,744532,-653031,91501
2008/11/18,0,505000,-926400,-421400
2008/11/19,0,338000,-270000,68000
2008/11/20,0,377000,-97000,280000
2008/11/21,0,751000,-67000,684000
2008/11/24,0,388000,-137000,251000
2008/11/25,0,1040000,-266000,774000
2008/11/26,0,1857000,-209000,1648000
2008/11/27,0,851000,-993000,-142000
2008/11/28,0,654000,-689000,-35000
2008/12/01,0,4598000,-273589,4324411
2008/12/02,0,248000,-2889000,-2641000
2008/12/03,0,414000,-407000,7000
2008/12/04,0,303000,-678000,-375000
2008/12/05,0,185000,-353000,-168000
2008/12/08,0,727000,-365142,361858
2008/12/09,0,1074000,-1226000,-152000
2008/12/10,0,3410000,-832862,2577138
2008/12/11,0,662000,-2973000,-2311000
2008/12/12,0,782000,-1969000,-1187000
2008/12/15,0,2202000,-392000,1810000
2008/12/16,0,2483500,-317000,2166500
2008/12/17,0,549000,-3259000,-2710000
2008/12/18,0,676000,-513000,163000
2008/12/19,0,1650000,-1007000,643000
2008/12/22,0,285000,-3063000,-2778000
2008/12/23,0,1565000,-1504000,61000
2008/12/24,0,456000,-414000,42000
2008/12/25,0,1206000,-225000,981000
2008/12/26,0,243000,-290000,-47000
2008/12/29,0,327000,-151500,175500
2008/12/30,0,1424000,-2261800,-837800
2008/12/31,0,2600000,-388671,2211329
2009/01/01,0,0,0,0
2009/01/02,0,0,0,0
2009/01/05,0,3631000,-1117000,2514000
2009/01/06,0,614000,-3005000,-2391000
2009/01/07,0,887000,-1271000,-384000
2009/01/08,0,813000,-1761000,-948000
2009/01/09,0,1537000,-390000,1147000
2009/01/12,0,1034000,-203000,831000
2009/01/13,0,940000,-84000,856000
2009/01/14,0,1933000,-535224,1397776
2009/01/15,0,531000,-1803000,-1272000
2009/01/16,0,639000,-1738000,-1099000
2009/01/19,0,96097,-1120000,-1023903
2009/01/20,0,731000,-782372,-51372
2009/01/21,0,553000,-209000,344000
2009/01/22,0,0,0,0
2009/01/23,0,0,0,0
2009/01/26,0,0,0,0
2009/01/27,0,0,0,0
2009/01/28,0,0,0,0
2009/01/29,0,0,0,0
2009/01/30,0,0,0,0
2009/02/02,0,19000,-133713,-114713
2009/02/03,0,1426000,-519000,907000
2009/02/04,0,465000,-2070000,-1605000
2009/02/05,0,379000,-1484000,-1105000
2009/02/06,0,158000,-465000,-307000
2009/02/09,0,159000,-408000,-249000
2009/02/10,0,174000,-560000,-386000
2009/02/11,0,287000,-328405,-41405
2009/02/12,0,235000,-502000,-267000
2009/02/13,0,1293000,-82000,1211000
2009/02/16,0,325000,-173000,152000
2009/02/17,0,596000,-798000,-202000
2009/02/18,0,898000,-334000,564000
2009/02/19,0,479000,-286000,193000
2009/02/20,0,1924000,-452000,1472000
2009/02/23,0,2098000,-341000,1757000
2009/02/24,0,1317000,-1286000,31000
2009/02/25,0,1376000,-1407000,-31000
2009/02/26,0,2322000,-3218000,-896000
2009/02/27,0,1509998,-365000,1144998
2009/03/02,0,1358000,-2112000,-754000
2009/03/03,0,1318000,-1633000,-315000
2009/03/04,0,1667000,-880000,787000
2009/03/05,0,2228000,-1503000,725000
2009/03/06,0,744000,-837000,-93000
2009/03/09,0,655000,-743000,-88000
2009/03/10,0,741000,-79000,662000
2009/03/11,0,4832000,-1570000,3262000
2009/03/12,0,1203000,-162000,1041000
2009/03/13,0,7072000,-2366012,4705988
2009/03/16,0,1942000,-2351000,-409000
2009/03/17,0,1076000,-5399000,-4323000
2009/03/18,0,1140000,-474000,666000
2009/03/19,0,2717000,-1621000,1096000
2009/03/20,0,755000,-3235000,-2480000
2009/03/23,0,1679000,-129000,1550000
2009/03/24,0,4531000,-1461000,3070000
2009/03/25,0,1806000,-2208000,-402000
2009/03/26,0,2279000,-6082000,-3803000
2009/03/27,0,3061000,-2417000,644000
2009/03/30,0,1506000,-1556000,-50000
2009/03/31,0,1600000,-3440000,-1840000
2009/04/01,0,2933000,-1541000,1392000
2009/04/02,0,4703000,-2073011,2629989
2009/04/03,0,3760000,-6773000,-3013000
2009/04/06,0,1362000,-2584000,-1222000
2009/04/07,0,1458000,-1222000,236000
2009/04/08,0,684000,-3219000,-2535000
2009/04/09,0,1828000,-1055000,773000
2009/04/10,0,3161000,-1571000,1590000
2009/04/13,0,803000,-1712157,-909157
2009/04/14,0,1045000,-1181000,-136000
2009/04/15,0,1329000,-3181000,-1852000
2009/04/16,0,2229000,-1334000,895000
2009/04/17,0,3349000,-3671006,-322006
2009/04/20,0,4051000,-1038000,3013000
2009/04/21,0,2507000,-1280000,1227000
2009/04/22,0,1064000,-3217000,-2153000
2009/04/23,0,832000,-1068000,-236000
2009/04/24,0,1880000,-2016000,-136000
2009/04/27,0,828000,-4295000,-3467000
2009/04/28,0,1751000,-2564000,-813000
2009/04/29,0,1839000,-878000,961000
2009/04/30,0,168000,-444000,-276000
2009/05/01,0,0,0,0
2009/05/04,0,643000,-155000,488000
2009/05/05,0,6337000,-2595000,3742000
2009/05/06,0,5415000,-1177024,4237976
2009/05/07,0,4758000,-4980000,-222000
2009/05/08,0,2917000,-1140000,1777000
2009/05/11,0,1014000,-1511000,-497000
2009/05/12,0,1501000,-1856000,-355000
2009/05/13,0,1676000,-3858000,-2182000
2009/05/14,0,441000,-3215000,-2774000
2009/05/15,0,1210000,-720000,490000
2009/05/18,0,1557000,-2941000,-1384000
2009/05/19,0,2050000,-3216000,-1166000
2009/05/20,0,2785000,-5112000,-2327000
2009/05/21,0,635000,-3833000,-3198000
2009/05/22,0,948000,-857002,90998
2009/05/25,0,2389000,-2392000,-3000
2009/05/26,0,854000,-2543000,-1689000
2009/05/27,0,2095000,-979000,1116000
2009/05/28,0,0,0,0
2009/05/29,0,0,0,0
2009/06/01,0,1920000,-921034,998966
2009/06/02,0,1186000,-3184000,-1998000
2009/06/03,0,1794000,-1006000,788000
2009/06/04,0,909000,-1353000,-444000
2009/06/05,0,2076000,-1553000,523000
2009/06/08,0,1077000,-1937000,-860000
2009/06/09,0,2746000,-1326000,1420000
2009/06/10,0,1625000,-275944,1349056
2009/06/11,0,731000,-1567000,-836000
2009/06/12,0,3158000,-1842652,1315348
2009/06/15,0,1465000,-1174000,291000
2009/06/16,0,516000,-1436841,-920841
2009/06/17,0,2635000,-1633000,1002000
2009/06/18,0,1670000,-1063000,607000
2009/06/19,0,865000,-1611000,-746000
2009/06/22,0,509000,-1023000,-514000
2009/06/23,0,116000,-301000,-185000
2009/06/24,0,3545000,-1448000,2097000
2009/06/25,0,1977000,-2421000,-444000
2009/06/26,0,798000,-808000,-10000
2009/06/29,0,1011000,-1165000,-154000
2009/06/30,0,1349000,-1587000,-238000
2009/07/01,0,1464000,-758000,706000
2009/07/02,0,2015000,-726000,1289000
2009/07/03,0,3312000,-3259000,53000
2009/07/06,0,5321000,-759000,4562000
2009/07/07,0,523000,-2219000,-1696000
2009/07/08,0,559000,-404000,155000
2009/07/09,0,3188000,-793000,2395000
2009/07/10,0,710000,-340000,370000
2009/07/13,0,1581000,-1326000,255000
2009/07/14,0,433000,-1620000,-1187000
2009/07/15,0,1262400,-351000,911400
2009/07/16,0,456000,-4747000,-4291000
2009/07/17,0,505000,-1492000,-987000
2009/07/20,0,362000,-690000,-328000
2009/07/21,0,1171000,-1869000,-698000
2009/07/22,0,1646000,-1376000,270000
2009/07/23,0,1121273,-819000,302273
2009/07/24,0,471000,-1640000,-1169000
2009/07/27,0,567000,-1746000,-1179000
2009/07/28,0,986568,-560000,426568
2009/07/29,0,1556000,-1316000,240000
2009/07/30,0,938000,-899000,39000
2009/07/31,0,221000,-809000,-588000
2009/08/03,0,1827000,-834000,993000
2009/08/04,0,1028000,-948000,80000
2009/08/05,0,1387000,-1167000,220000
2009/08/06,0,973000,-505000,468000
2009/08/07,0,0,0,0
2009/08/10,0,353000,-442000,-89000
2009/08/11,0,470000,-1098000,-628000
2009/08/12,0,973000,-688000,285000
2009/08/13,0,1589000,-221000,1368000
2009/08/14,0,441000,-293000,148000
2009/08/17,0,252000,-906000,-654000
2009/08/18,0,1168000,-638000,530000
2009/08/19,0,652000,-240000,412000
2009/08/20,0,697000,-1791000,-1094000
2009/08/21,0,1019000,-495775,523225
2009/08/24,0,367000,-759500,-392500
2009/08/25,0,762000,-1066250,-304250
2009/08/26,0,1178000,-185000,993000
2009/08/27,0,248000,-552000,-304000
2009/08/28,0,427000,-2874036,-2447036
2009/08/31,0,10000,-236000,-226000
2009/09/01,0,526000,-817000,-291000
2009/09/02,0,958000,-770325,187675
2009/09/03,0,183000,-872000,-689000
2009/09/04,0,754000,-585000,169000
2009/09/07,0,932000,-599000,333000
2009/09/08,0,1359000,-300000,1059000
2009/09/09,0,797000,-1192000,-395000
2009/09/10,0,2068000,-4184460,-2116460
2009/09/11,0,214000,-518550,-304550
2009/09/14,0,481000,-630000,-149000
2009/09/15,0,473000,-388000,85000
2009/09/16,0,376000,-1133425,-757425
2009/09/17,0,548000,-456000,92000
2009/09/18,0,554000,-439483,114517
2009/09/21,0,765000,-980325,-215325
2009/09/22,0,437000,-627000,-190000
2009/09/23,0,1467000,-1127478,339522
2009/09/24,0,590000,-237000,353000
2009/09/25,0,514000,-294000,220000
2009/09/28,0,511000,-189692,321308
2009/09/29,0,433000,-425000,8000
2009/09/30,0,186000,-194550,-8550
2009/10/01,0,650000,-1707000,-1057000
2009/10/02,0,422000,-381000,41000
2009/10/05,0,418000,-508000,-90000
2009/10/06,0,527000,-736000,-209000
2009/10/07,0,1021000,-1241000,-220000
2009/10/08,0,1588000,-641000,947000
2009/10/09,0,478000,-706750,-228750
2009/10/12,0,820000,-424000,396000
2009/10/13,0,1017000,-503000,514000
2009/10/14,0,306000,-422000,-116000
2009/10/15,0,384000,-499000,-115000
2009/10/16,0,2244000,-1068000,1176000
2009/10/19,0,695000,-381000,314000
2009/10/20,0,263000,-1187000,-924000
2009/10/21,0,262000,-593069,-331069
2009/10/22,0,753000,-1291000,-538000
2009/10/23,0,327000,-243000,84000
2009/10/26,0,551000,-152000,399000
2009/10/27,0,474000,-369000,105000
2009/10/28,0,725000,-640000,85000
2009/10/29,0,2043000,-1177000,866000
2009/10/30,0,251000,-795000,-544000
2009/11/02,0,578000,-518500,59500
2009/11/03,0,149000,-942025,-793025
2009/11/04,0,539000,-786150,-247150
2009/11/05,0,344000,-620000,-276000
2009/11/06,0,619000,-404000,215000
2009/11/09,0,684000,-594000,90000
2009/11/10,0,267000,-232000,35000
2009/11/11,0,902000,-222900,679100
2009/11/12,0,345000,-247000,98000
2009/11/13,0,477000,-769000,-292000
2009/11/16,0,684000,-1121000,-437000
2009/11/17,0,449000,-1695000,-1246000
2009/11/18,0,319000,-1229000,-910000
2009/11/19,0,339000,-174000,165000
2009/11/20,0,456000,-1111000,-655000
2009/11/23,0,268000,-153000,115000
2009/11/24,0,255000,-169000,86000
2009/11/25,0,875000,-437000,438000
2009/11/26,0,979000,-599000,380000
2009/11/27,0,638000,-2139000,-1501000
2009/11/30,0,389000,-260888,128112
2009/12/01,0,586000,-278000,308000
2009/12/02,0,172000,-96000,76000
2009/12/03,0,248000,-165000,83000
2009/12/04,0,322000,-217000,105000
2009/12/07,0,444000,-82000,362000
2009/12/08,0,109000,-197000,-88000
2009/12/09,0,245000,-287100,-42100
2009/12/10,0,10000,-1027000,-1017000
2009/12/11,0,250000,-112480,137520
2009/12/14,0,170000,-386000,-216000
2009/12/15,0,337000,-414000,-77000
2009/12/16,0,32000,-898000,-866000
2009/12/17,0,93000,-772000,-679000
2009/12/18,0,37000,-284000,-247000
2009/12/21,0,33000,-191000,-158000
2009/12/22,0,87000,-150456,-63456
2009/12/23,0,55000,-188000,-133000
2009/12/24,0,172000,-239000,-67000
2009/12/25,0,1269000,-230000,1039000
2009/12/28,0,117000,-383000,-266000
2009/12/29,0,350000,-474000,-124000
2009/12/30,0,87000,-485000,-398000
2009/12/31,0,569000,-179000,390000
2010/01/01,0,0,0,0
2010/01/04,0,207000,-810000,-603000
2010/01/05,0,344000,-958000,-614000
2010/01/06,0,327000,-326000,1000
2010/01/07,0,344000,-341000,3000
2010/01/08,0,928000,-100500,827500
2010/01/11,0,182000,-267000,-85000
2010/01/12,0,642000,-164000,478000
2010/01/13,0,338000,-598000,-260000
2010/01/14,0,360000,-50358,309642
2010/01/15,0,128000,-404000,-276000
2010/01/18,0,156000,-197000,-41000
2010/01/19,0,39000,-205000,-166000
2010/01/20,0,83760,-951000,-867240
2010/01/21,0,118000,-284000,-166000
2010/01/22,0,311000,-1453000,-1142000
2010/01/25,0,352000,-527000,-175000
2010/01/26,0,507000,-1119000,-612000
2010/01/27,0,117000,-399000,-282000
2010/01/28,0,272000,-316000,-44000
2010/01/29,0,312000,-366000,-54000
2010/02/01,0,699000,-336000,363000
2010/02/02,0,223000,-461000,-238000
2010/02/03,0,353000,-37000,316000
2010/02/04,0,67000,-166000,-99000
2010/02/05,0,462000,-291000,171000
2010/02/08,0,469000,-387002,81998
2010/02/09,0,811000,-94000,717000
2010/02/10,0,119000,-216000,-97000
2010/02/11,0,0,0,0
2010/02/12,0,0,0,0
2010/02/15,0,0,0,0
2010/02/16,0,0,0,0
2010/02/17,0,0,0,0
2010/02/18,0,0,0,0
2010/02/19,0,0,0,0
2010/02/22,0,696000,-100000,596000
2010/02/23,0,67000,-129000,-62000
2010/02/24,0,219000,-245000,-26000
2010/02/25,0,182000,-445000,-263000
2010/02/26,0,823000,-76000,747000
2010/03/01,0,769000,-642000,127000
2010/03/02,0,112000,-108000,4000
2010/03/03,0,572000,-33000,539000
2010/03/04,0,103000,-668000,-565000
2010/03/05,0,375000,-131000,244000
2010/03/08,0,178000,-137000,41000
2010/03/09,0,54000,-38000,16000
2010/03/10,0,129000,-83000,46000
2010/03/11,0,92000,-198000,-106000
2010/03/12,0,109000,-33000,76000
2010/03/15,0,31000,-978000,-947000
2010/03/16,0,77000,-243000,-166000
2010/03/17,0,881000,-126924,754076
2010/03/18,0,566000,-22000,544000
2010/03/19,0,113000,-7000,106000
2010/03/22,0,49000,-328000,-279000
2010/03/23,0,92000,-8000,84000
2010/03/24,0,305000,-192907,112093
2010/03/25,0,1299000,-267000,1032000
2010/03/26,0,633000,-405000,228000
2010/03/29,0,625000,-20000,605000
2010/03/30,0,85000,-109000,-24000
2010/03/31,0,134000,-46000,88000
2010/04/01,0,685000,-162000,523000
2010/04/02,0,299000,-53000,246000
2010/04/05,0,0,0,0
2010/04/06,0,864000,-270000,594000
2010/04/07,0,35000,-723000,-688000
2010/04/08,0,1357000,-29000,1328000
2010/04/09,0,1795000,-15208,1779792
2010/04/12,0,172000,-20000,152000
2010/04/13,0,119000,-1117000,-998000
2010/04/14,0,115000,-20000,95000
2010/04/15,0,778000,-561000,217000
2010/04/16,0,963000,-288000,675000
2010/04/19,0,229000,-1805000,-1576000
2010/04/20,0,252000,-1766000,-1514000
2010/04/21,0,321000,-148000,173000
2010/04/22,0,257000,-118000,139000
2010/04/23,0,162000,-597000,-435000
2010/04/26,0,498000,-214000,284000
2010/04/27,0,133000,-62000,71000
2010/04/28,0,183000,-374000,-191000
2010/04/29,0,43421,-113000,-69579
2010/04/30,0,1860000,-129000,1731000
2010/05/03,0,185000,-1637000,-1452000
2010/05/04,0,70000,-93000,-23000
2010/05/05,0,227000,-371000,-144000
2010/05/06,0,148000,-572000,-424000
2010/05/07,0,397000,-147000,250000
2010/05/10,0,201000,-327000,-126000
2010/05/11,0,567000,-1411000,-844000
2010/05/12,0,358000,-151000,207000
2010/05/13,0,562000,-387000,175000
2010/05/14,0,609000,-416000,193000
2010/05/17,0,222000,-563000,-341000
2010/05/18,0,971000,-178000,793000
2010/05/19,0,971000,-173000,798000
2010/05/20,0,106000,-1261470,-1155470
2010/05/21,0,738000,-1399000,-661000
2010/05/24,0,201000,-342274,-141274
2010/05/25,0,886000,-756000,130000
2010/05/26,0,436000,-114500,321500
2010/05/27,0,169000,-92000,77000
2010/05/28,0,51000,-361000,-310000
2010/05/31,0,210000,-14000,196000
2010/06/01,0,437000,-409000,28000
2010/06/02,0,263000,-111000,152000
2010/06/03,0,265000,-87000,178000
2010/06/04,0,65000,-24000,41000
2010/06/07,0,184000,-172000,12000
2010/06/08,0,285000,-311000,-26000
2010/06/09,0,287000,-479000,-192000
2010/06/10,0,271000,-181000,90000
2010/06/11,0,447000,-223000,224000
2010/06/14,0,269000,-195000,74000
2010/06/15,0,781000,-250000,531000
2010/06/16,0,0,0,0
2010/06/17,0,1126000,-265000,861000
2010/06/18,0,435000,-521000,-86000
2010/06/21,0,1086000,-113000,973000
2010/06/22,0,87000,-10000,77000
2010/06/23,0,48000,-1424000,-1376000
2010/06/24,0,242000,-44000,198000
2010/06/25,0,2624000,-326000,2298000
2010/06/28,0,3481000,-1056000,2425000
2010/06/29,0,812000,-1729000,-917000
2010/06/30,0,577000,-424000,153000
2010/07/01,0,2946000,-591000,2355000
2010/07/02,0,4069000,-1023000,3046000
2010/07/05,0,1345000,-646000,699000
2010/07/06,0,1949000,-856000,1093000
2010/07/07,0,284000,-1233000,-949000
2010/07/08,0,395000,-421531,-26531
2010/07/09,0,314000,-507000,-193000
2010/07/12,0,298000,-457000,-159000
2010/07/13,0,189000,-460000,-271000
2010/07/14,0,767000,-1100000,-333000
2010/07/15,0,1508000,-2233000,-725000
2010/07/16,0,2017000,-3536000,-1519000
2010/07/19,0,547000,-675000,-128000
2010/07/20,0,1089000,-1262000,-173000
2010/07/21,0,421000,-1847000,-1426000
2010/07/22,0,339000,-522000,-183000
2010/07/23,0,334000,-322000,12000
2010/07/26,0,698000,-162000,536000
2010/07/27,0,628000,-700000,-72000
2010/07/28,0,828000,-461000,367000
2010/07/29,0,670000,-400000,270000
2010/07/30,0,748000,-527000,221000
2010/08/02,0,2479000,-1351000,1128000
2010/08/03,0,160000,-791000,-631000
2010/08/04,0,504000,-135000,369000
2010/08/05,0,1972000,-1458000,514000
2010/08/06,0,2028000,-469000,1559000
2010/08/09,0,3889000,-980000,2909000
2010/08/10,0,6720000,-1338000,5382000
2010/08/11,0,780000,-6641000,-5861000
2010/08/12,0,627000,-1433000,-806000
2010/08/13,0,409000,-2383000,-1974000
2010/08/16,0,657000,-593000,64000
2010/08/17,0,160000,-402000,-242000
2010/08/18,0,654000,-1456000,-802000
2010/08/19,0,760000,-1028000,-268000
2010/08/20,0,46000,-757000,-711000
2010/08/23,0,1580000,-1080000,500000
2010/08/24,0,762000,-863000,-101000
2010/08/25,0,1622000,-1950294,-328294
2010/08/26,0,687000,-963000,-276000
2010/08/27,0,641000,-613000,28000
2010/08/30,0,562000,-555000,7000
2010/08/31,0,442000,-950000,-508000
2010/09/01,0,135000,-262203,-127203
2010/09/02,0,292000,-1024000,-732000
2010/09/03,0,460000,-480000,-20000
2010/09/06,0,1859000,-396000,1463000
2010/09/07,0,342000,-792876,-450876
2010/09/08,0,1156000,-758000,398000
2010/09/09,0,512000,-1734000,-1222000
2010/09/10,0,478000,-528000,-50000
2010/09/13,0,1321000,-560000,761000
2010/09/14,0,305000,-2738000,-2433000
2010/09/15,0,2004000,-1168000,836000
2010/09/16,0,1809000,-727000,1082000
2010/09/17,0,2628000,-1179000,1449000
2010/09/20,0,1214000,-432000,782000
2010/09/21,0,783000,-857000,-74000
2010/09/22,0,0,0,0
2010/09/23,0,1123000,-929000,194000
2010/09/24,0,1252750,-495800,756950
2010/09/27,0,1993000,-1474200,518800
2010/09/28,0,1090000,-223000,867000
2010/09/29,0,992000,-1163021,-171021
2010/09/30,0,881000,-481000,400000
2010/10/01,0,460000,-486000,-26000
2010/10/04,0,2610000,-1042000,1568000
2010/10/05,0,1142000,-660000,482000
2010/10/06,0,1132000,-2072000,-940000
2010/10/07,0,806000,-519098,286902
2010/10/08,0,1292000,-635000,657000
2010/10/11,0,448000,-281000,167000
2010/10/12,0,658000,-2106925,-1448925
2010/10/13,0,542000,-635918,-93918
2010/10/14,0,1212000,-443000,769000
2010/10/15,0,1202000,-311000,891000
2010/10/18,0,711000,-1459000,-748000
2010/10/19,0,291000,-971000,-680000
2010/10/20,0,1128000,-131000,997000
2010/10/21,0,1139000,-936000,203000
2010/10/22,0,253000,-472000,-219000
2010/10/25,0,1083000,-1475000,-392000
2010/10/26,0,547000,-715000,-168000
2010/10/27,0,960000,-362000,598000
2010/10/28,0,866000,-1819400,-953400
2010/10/29,0,581000,-891000,-310000
2010/11/01,0,1796050,-1147000,649050
2010/11/02,0,851000,-163000,688000
2010/11/03,0,423000,-1050000,-627000
2010/11/04,0,1129000,-814000,315000
2010/11/05,0,1620000,-925075,694925
2010/11/08,0,725000,-314000,411000
2010/11/09,0,725492,-318000,407492
2010/11/10,0,2159000,-393000,1766000
2010/11/11,0,459000,-1702000,-1243000
2010/11/12,0,239000,-2664000,-2425000
2010/11/15,0,1501000,-447000,1054000
2010/11/16,0,897000,-844000,53000
2010/11/17,0,718000,-114000,604000
2010/11/18,0,798000,-2050000,-1252000
2010/11/19,0,248000,-929000,-681000
2010/11/22,0,404000,-475000,-71000
2010/11/23,0,470000,-967000,-497000
2010/11/24,0,1031000,-400000,631000
2010/11/25,0,1048000,-936000,112000
2010/11/26,0,589000,-451000,138000
2010/11/29,0,1275000,-761156,513844
2010/11/30,0,370000,-2041000,-1671000
2010/12/01,0,2090000,-2256000,-166000
2010/12/02,0,7304000,-2270000,5034000
2010/12/03,0,1569000,-1280000,289000
2010/12/06,0,1816000,-2460000,-644000
2010/12/07,0,1374000,-1124000,250000
2010/12/08,0,1576000,-836000,740000
2010/12/09,0,2838000,-1365000,1473000
2010/12/10,0,614000,-1510000,-896000
2010/12/13,0,943000,-1171000,-228000
2010/12/14,0,930000,-367846,562154
2010/12/15,0,2406000,-1599000,807000
2010/12/16,0,1215000,-750000,465000
2010/12/17,0,5054000,-2031000,3023000
2010/12/20,0,1947000,-2254000,-307000
2010/12/21,0,1772000,-1122000,650000
2010/12/22,0,2232000,-895000,1337000
2010/12/23,0,1288000,-1719000,-431000
2010/12/24,0,480000,-2331000,-1851000
2010/12/27,0,946000,-1710000,-764000
2010/12/28,0,2132000,-1652000,480000
2010/12/29,0,4719000,-3605989,1113011
2010/12/30,0,2079000,-2742391,-663391
2010/12/31,0,2010000,-4031000,-2021000
2011/01/03,0,1750000,-1997000,-247000
2011/01/04,0,1552000,-1943000,-391000
2011/01/05,0,5835000,-2209000,3626000
2011/01/06,0,2756000,-1374000,1382000
2011/01/07,0,3203000,-3097000,106000
2011/01/10,0,1277000,-2048000,-771000
2011/01/11,0,3121000,-4557000,-1436000
2011/01/12,0,1187000,-3478000,-2291000
2011/01/13,0,1061000,-2164000,-1103000
2011/01/14,0,810000,-1243000,-433000
2011/01/17,0,437000,-2833038,-2396038
2011/01/18,0,2119000,-1553000,566000
2011/01/19,0,1382000,-2125000,-743000
2011/01/20,0,1217000,-1131000,86000
2011/01/21,0,1317000,-1564000,-247000
2011/01/24,0,705000,-1178000,-473000
2011/01/25,0,1438000,-954000,484000
2011/01/26,0,261000,-920000,-659000
2011/01/27,0,494000,-683000,-189000
2011/01/28,0,1807000,-1225000,582000
2011/01/31,0,0,0,0
2011/02/01,0,0,0,0
2011/02/02,0,0,0,0
2011/02/03,0,0,0,0
2011/02/04,0,0,0,0
2011/02/07,0,0,0,0
2011/02/08,0,1491000,-1011000,480000
2011/02/09,0,835000,-2027000,-1192000
2011/02/10,0,2052000,-3139000,-1087000
2011/02/11,0,2021000,-3040000,-1019000
2011/02/14,0,962000,-2308000,-1346000
2011/02/15,0,2627000,-1819000,808000
2011/02/16,0,1008000,-1066000,-58000
2011/02/17,0,1276000,-2750000,-1474000
2011/02/18,0,2691000,-1193300,1497700
2011/02/21,0,4561000,-1626000,2935000
2011/02/22,0,4587000,-2111000,2476000
2011/02/23,0,2687000,-1861000,826000
2011/02/24,0,1857000,-1372000,485000
2011/02/25,0,2817000,-1262000,1555000
2011/02/28,0,0,0,0
2011/03/01,0,1144000,-2905000,-1761000
2011/03/02,0,695000,-781251,-86251
2011/03/03,0,3031000,-1095000,1936000
2011/03/04,0,393000,-1741000,-1348000
2011/03/07,0,1288000,-566958,721042
2011/03/08,0,1372000,-1943000,-571000
2011/03/09,0,1562000,-1370000,192000
2011/03/10,0,531000,-2297000,-1766000
2011/03/11,0,1412000,-1107000,305000
2011/03/14,0,4630000,-2632000,1998000
2011/03/15,0,5475000,-5139000,336000
2011/03/16,0,2254000,-3605000,-1351000
2011/03/17,0,2630000,-553000,2077000
2011/03/18,0,1688000,-1362000,326000
2011/03/21,0,2319000,-1173000,1146000
2011/03/22,0,5119000,-1905000,3214000
2011/03/23,0,851000,-2113900,-1262900
2011/03/24,0,226000,-1171000,-945000
2011/03/25,0,678000,-2204000,-1526000
2011/03/28,0,523000,-934000,-411000
2011/03/29,0,2613000,-1406000,1207000
2011/03/30,0,527000,-3980000,-3453000
2011/03/31,0,295000,-2605000,-2310000
2011/04/01,0,409000,-471000,-62000
2011/04/04,0,0,0,0
2011/04/05,0,0,0,0
2011/04/06,0,1214000,-392000,822000
2011/04/07,0,675000,-362851,312149
2011/04/08,0,1234000,-1299000,-65000
2011/04/11,0,478000,-759629,-281629
2011/04/12,0,1946000,-1468000,478000
2011/04/13,0,861000,-358000,503000
2011/04/14,0,929000,-219000,710000
2011/04/15,0,1221000,-716000,505000
2011/04/18,0,673000,-497292,175708
2011/04/19,0,715000,-1832000,-1117000
2011/04/20,0,919000,-923468,-4468
2011/04/21,0,9015000,-579000,8436000
2011/04/22,0,1991000,-1631000,360000
2011/04/25,0,1507000,-2344000,-837000
2011/04/26,0,1355000,-2250000,-895000
2011/04/27,0,5081000,-2655000,2426000
2011/04/28,0,1529000,-1433000,96000
2011/04/29,0,956000,-3018000,-2062000
2011/05/02,0,0,0,0
2011/05/03,0,957000,-1350028,-393028
2011/05/04,0,969000,-836000,133000
2011/05/05,0,6832000,-570000,6262000
2011/05/06,0,1791000,-315000,1476000
2011/05/09,0,3295000,-3212000,83000
2011/05/10,0,217000,-886000,-669000
2011/05/11,0,445000,-1203156,-758156
2011/05/12,0,981000,-1539000,-558000
2011/05/13,0,5463000,-2681000,2782000
2011/05/16,0,828000,-2324000,-1496000
2011/05/17,0,950000,-1388000,-438000
2011/05/18,0,1567000,-1138000,429000
2011/05/19,0,3381000,-1745892,1635108
2011/05/20,0,446000,-2219000,-1773000
2011/05/23,0,1539000,-4547000,-3008000
2011/05/24,0,1627000,-1042000,585000
2011/05/25,0,3532000,-3154000,378000
2011/05/26,0,1485630,-1490000,-4370
2011/05/27,0,1669000,-2269000,-600000
2011/05/30,0,840000,-630000,210000
2011/05/31,0,4975000,-1183774,3791226
2011/06/01,0,1740000,-1313000,427000
2011/06/02,0,798000,-896000,-98000
2011/06/03,0,906000,-559000,347000
2011/06/06,0,0,0,0
2011/06/07,0,689000,-587000,102000
2011/06/08,0,346000,-749000,-403000
2011/06/09,0,1144000,-327000,817000
2011/06/10,0,2227000,-1883000,344000
2011/06/13,0,1496000,-1957000,-461000
2011/06/14,0,1234000,-734000,500000
2011/06/15,0,4423000,-2599000,1824000
2011/06/16,0,2498000,-2383000,115000
2011/06/17,0,865000,-1670000,-805000
2011/06/20,0,1463000,-824500,638500
2011/06/21,0,1102000,-248000,854000
2011/06/22,0,2981000,-1621000,1360000
2011/06/23,0,809000,-958000,-149000
2011/06/24,0,605000,-1544000,-939000
2011/06/27,0,154000,-1452000,-1298000
2011/06/28,0,131000,-954000,-823000
2011/06/29,0,1316000,-1443000,-127000
2011/06/30,0,1320000,-2227000,-907000
2011/07/01,0,2265000,-1822000,443000
2011/07/04,0,650000,-1376000,-726000
2011/07/05,0,399000,-2737000,-2338000
2011/07/06,0,355000,-488000,-133000
2011/07/07,0,1204000,-1147000,57000
2011/07/08,0,407000,-1750000,-1343000
2011/07/11,0,573000,-4560000,-3987000
2011/07/12,0,424000,-3475000,-3051000
2011/07/13,0,1014000,-2630000,-1616000
2011/07/14,0,1083000,-329000,754000
2011/07/15,0,1916000,-2048000,-132000
2011/07/18,0,795000,-415425,379575
2011/07/19,0,420000,-716000,-296000
2011/07/20,0,4864000,-1037000,3827000
2011/07/21,0,2954000,-1520000,1434000
2011/07/22,0,3610000,-1243000,2367000
2011/07/25,0,1524000,-5289000,-3765000
2011/07/26,0,6602000,-993000,5609000
2011/07/27,0,2331000,-803000,1528000
2011/07/28,0,13465000,-2834000,10631000
2011/07/29,0,3341000,-14899351,-11558351
2011/08/01,0,4601000,-3941000,660000
2011/08/02,0,1682000,-3665000,-1983000
2011/08/03,0,2926000,-1502525,1423475
2011/08/04,0,6682000,-6456000,226000
2011/08/05,0,4855200,-4237000,618200
2011/08/08,0,6356000,-5470000,886000
2011/08/09,0,6932000,-5318000,1614000
2011/08/10,0,2325000,-3341249,-1016249
2011/08/11,0,2386000,-1730512,655488
2011/08/12,0,1616000,-2259000,-643000
2011/08/15,0,1143000,-1047000,96000
2011/08/16,0,638000,-1302948,-664948
2011/08/17,0,829000,-481000,348000
2011/08/18,0,1725000,-1632000,93000
2011/08/19,0,1860000,-3929000,-2069000
2011/08/22,0,2911000,-984932,1926068
2011/08/23,0,3336000,-1933518,1402482
2011/08/24,0,730000,-935786,-205786
2011/08/25,0,2140000,-3122000,-982000
2011/08/26,0,1541000,-2023000,-482000
2011/08/29,0,1397000,-479000,918000
2011/08/30,0,3270000,-1554000,1716000
2011/08/31,0,1087000,-739000,348000
2011/09/01,0,3867000,-2933000,934000
2011/09/02,0,1375000,-1920962,-545962
2011/09/05,0,1011000,-3294000,-2283000
2011/09/06,0,1705000,-3818830,-2113830
2011/09/07,0,4102000,-458000,3644000
2011/09/08,0,2105000,-1994400,110600
2011/09/09,0,1205000,-610000,595000
2011/09/12,0,0,0,0
2011/09/13,0,950000,-3705000,-2755000
2011/09/14,0,2408000,-4685233,-2277233
2011/09/15,0,1559000,-3339270,-1780270
2011/09/16,0,3548576,-362956,3185620
2011/09/19,0,306000,-1330581,-1024581
2011/09/20,0,954000,-2779000,-1825000
2011/09/21,0,3252000,-484000,2768000
2011/09/22,0,658000,-2706000,-2048000
2011/09/23,0,1516000,-3305140,-1789140
2011/09/26,0,2122000,-804000,1318000
2011/09/27,0,2608467,-748000,1860467
2011/09/28,0,1159000,-681105,477895
2011/09/29,0,1512000,-862667,649333
2011/09/30,0,2111000,-1413878,697122
2011/10/03,0,823000,-4875477,-4052477
2011/10/04,0,1795000,-1829061,-34061
2011/10/05,0,631000,-4463929,-3832929
2011/10/06,0,1626000,-780872,845128
2011/10/07,0,2520000,-658000,1862000
2011/10/10,0,0,0,0
2011/10/11,0,3760000,-2088000,1672000
2011/10/12,0,543000,-1351220,-808220
2011/10/13,0,359000,-346000,13000
2011/10/14,0,225000,-1128292,-903292
2011/10/17,0,275000,-317000,-42000
2011/10/18,0,141000,-1650128,-1509128
2011/10/19,0,514000,-308000,206000
2011/10/20,0,668000,-1144000,-476000
2011/10/21,0,979000,-303000,676000
2011/10/24,0,2668000,-385000,2283000
2011/10/25,0,1124000,-613000,511000
2011/10/26,0,1285000,-861000,424000
2011/10/27,0,5409000,-370000,5039000
2011/10/28,0,2672000,-2103000,569000
2011/10/31,0,201000,-1929280,-1728280
2011/11/01,0,419000,-1671000,-1252000
2011/11/02,0,963000,-3822000,-2859000
2011/11/03,0,1416000,-2405894,-989894
2011/11/04,0,1615000,-487000,1128000
2011/11/07,0,200000,-64000,136000
2011/11/08,0,799000,-202000,597000
2011/11/09,0,307000,-134000,173000
2011/11/10,0,1533000,-3207000,-1674000
2011/11/11,0,500000,-225000,275000
2011/11/14,0,460000,-365000,95000
2011/11/15,0,231000,-248656,-17656
2011/11/16,0,693000,-1317000,-624000
2011/11/17,0,1072000,-536000,536000
2011/11/18,0,1717000,-1160000,557000
2011/11/21,0,1734000,-395000,1339000
2011/11/22,0,1309000,-402000,907000
2011/11/23,0,987000,-1976000,-989000
2011/11/24,0,2514000,-1825000,689000
2011/11/25,0,566000,-1134000,-568000
2011/11/28,0,547000,-1153000,-606000
2011/11/29,0,731000,-301000,430000
2011/11/30,0,327000,-877000,-550000
2011/12/01,0,2254500,-498488,1756012
2011/12/02,0,764000,-457000,307000
2011/12/05,0,492000,-367000,125000
2011/12/06,0,136000,-982000,-846000
2011/12/07,0,267000,-189000,78000
2011/12/08,0,184000,-623055,-439055
2011/12/09,0,386000,-555000,-169000
2011/12/12,0,160000,-359000,-199000
2011/12/13,0,182000,-1187000,-1005000
2011/12/14,0,232000,-566000,-334000
2011/12/15,0,306000,-905000,-599000
2011/12/16,0,377000,-155000,222000
2011/12/19,0,559184,-1566000,-1006816
2011/12/20,0,660000,-2112106,-1452106
2011/12/21,0,615000,-291000,324000
2011/12/22,0,1773000,-1090560,682440
2011/12/23,0,1622000,-449000,1173000
2011/12/26,0,224000,-556000,-332000
2011/12/27,0,490000,-469000,21000
2011/12/28,0,290000,-294000,-4000
2011/12/29,0,474000,-359000,115000
2011/12/30,0,195000,-490000,-295000
2012/01/02,0,249000,-2297000,-2048000
2012/01/03,0,404000,-1505000,-1101000
2012/01/04,0,298000,-216000,82000
2012/01/05,0,346000,-238000,108000
2012/01/06,0,524000,-309000,215000
2012/01/09,0,212000,-334000,-122000
2012/01/10,0,445000,-676582,-231582
2012/01/11,0,269000,-358000,-89000
2012/01/12,0,168000,-445000,-277000
2012/01/13,0,377000,-370000,7000
2012/01/16,0,399000,-1557000,-1158000
2012/01/17,0,215000,-589000,-374000
2012/01/18,0,59000,-655762,-596762
2012/01/19,0,0,0,0
2012/01/20,0,0,0,0
2012/01/23,0,0,0,0
2012/01/24,0,0,0,0
2012/01/25,0,0,0,0
2012/01/26,0,0,0,0
2012/01/27,0,0,0,0
2012/01/30,0,303000,-113000,190000
2012/01/31,0,2816000,-882000,1934000
2012/02/01,0,1660000,-1206000,454000
2012/02/02,0,636000,-1656000,-1020000
2012/02/03,0,1126000,-1042000,84000
2012/02/06,0,830804,-1665000,-834196
2012/02/07,0,1973000,-927000,1046000
2012/02/08,0,1404000,-1039000,365000
2012/02/09,0,1087000,-1362000,-275000
2012/02/10,0,894000,-1659000,-765000
2012/02/13,0,1273000,-471000,802000
2012/02/14,0,841000,-2006000,-1165000
2012/02/15,0,634000,-760000,-126000
2012/02/16,0,913000,-1645000,-732000
2012/02/17,0,960000,-719000,241000
2012/02/20,0,558000,-1057400,-499400
2012/02/21,0,619000,-1371000,-752000
2012/02/22,0,989000,-589000,400000
2012/02/23,0,418000,-1314000,-896000
2012/02/24,0,1150000,-901000,249000
2012/02/27,0,0,0,0
2012/02/28,0,0,0,0
2012/02/29,0,1700046,-499000,1201046
2012/03/01,0,665000,-1037000,-372000
2012/03/02,0,1529196,-1015000,514196
2012/03/05,0,618000,-2030000,-1412000
2012/03/06,0,764000,-878000,-114000
2012/03/07,0,993000,-612000,381000
2012/03/08,0,589000,-479000,110000
2012/03/09,0,388000,-1025000,-637000
2012/03/12,0,333000,-739676,-406676
2012/03/13,0,706000,-532000,174000
2012/03/14,0,547000,-563000,-16000
2012/03/15,0,343000,-329000,14000
2012/03/16,0,245000,-832000,-587000
2012/03/19,0,692000,-1164000,-472000
2012/03/20,0,293000,-735000,-442000
2012/03/21,0,209000,-390000,-181000
2012/03/22,0,480000,-284000,196000
2012/03/23,0,192000,-241000,-49000
2012/03/26,0,294000,-907000,-613000
2012/03/27,0,127000,-286000,-159000
2012/03/28,0,91000,-658000,-567000
2012/03/29,0,1317000,-1299154,17846
2012/03/30,0,455600,-278000,177600
2012/04/02,0,470000,-1075000,-605000
2012/04/03,0,365000,-637000,-272000
2012/04/04,0,0,0,0
2012/04/05,0,551000,-285000,266000
2012/04/06,0,182000,-380000,-198000
2012/04/09,0,319000,-667000,-348000
2012/04/10,0,160000,-598000,-438000
2012/04/11,0,187000,-77000,110000
2012/04/12,0,133000,-55000,78000
2012/04/13,0,162000,-89000,73000
2012/04/16,0,152000,-242000,-90000
2012/04/17,0,208000,-148000,60000
2012/04/18,0,115000,-165000,-50000
2012/04/19,0,227000,-143000,84000
2012/04/20,0,89000,-211000,-122000
2012/04/23,0,425000,-262000,163000
2012/04/24,0,106000,-266000,-160000
2012/04/25,0,524000,-309000,215000
2012/04/26,0,127000,-510000,-383000
2012/04/27,0,228000,-138163,89837
2012/04/30,0,556000,-369000,187000
2012/05/01,0,0,0,0
2012/05/02,0,4195000,-162000,4033000
2012/05/03,0,170000,-401000,-231000
2012/05/04,0,148000,-295000,-147000
2012/05/07,0,83000,-253000,-170000
2012/05/08,0,189000,-3667000,-3478000
2012/05/09,0,410000,-79744,330256
2012/05/10,0,189000,-199000,-10000
2012/05/11,0,377000,-272000,105000
2012/05/14,0,202000,-106000,96000
2012/05/15,0,781000,-109000,672000
2012/05/16,0,813000,-183000,630000
2012/05/17,0,82000,-245000,-163000
2012/05/18,0,539000,-247000,292000
2012/05/21,0,427000,-4000,423000
2012/05/22,0,94000,-39000,55000
2012/05/23,0,452000,-325000,127000
2012/05/24,0,709000,-129600,579400
2012/05/25,0,118000,-634000,-516000
2012/05/28,0,343000,-369000,-26000
2012/05/29,0,209000,-210000,-1000
2012/05/30,0,34000,-232000,-198000
2012/05/31,0,214000,-296000,-82000
2012/06/01,0,211000,-195000,16000
2012/06/04,0,837000,-299000,538000
2012/06/05,0,127000,-733000,-606000
2012/06/06,0,76000,-49000,27000
2012/06/07,0,536000,-256000,280000
2012/06/08,0,134000,-366000,-232000
2012/06/11,0,192000,-175000,17000
2012/06/12,0,148000,-165000,-17000
2012/06/13,0,33000,-166000,-133000
2012/06/14,0,181000,-67000,114000
2012/06/15,0,130000,-9000,121000
2012/06/18,0,199000,-69000,130000
2012/06/19,0,40000,-96000,-56000
2012/06/20,0,479000,-104000,375000
2012/06/21,0,89000,-300000,-211000
2012/06/22,0,161000,-117000,44000
2012/06/25,0,117000,-235000,-118000
2012/06/26,0,63000,-44000,19000
2012/06/27,0,183000,-115162,67838
2012/06/28,0,252000,-165000,87000
2012/06/29,0,620000,-108000,512000
2012/07/02,0,1482000,-468000,1014000
2012/07/03,0,399000,-74000,325000
2012/07/04,0,336000,-171000,165000
2012/07/05,0,141000,-49000,92000
2012/07/06,0,163000,-433000,-270000
2012/07/09,0,82000,-1045000,-963000
2012/07/10,0,215000,-273000,-58000
2012/07/11,0,456000,-167000,289000
2012/07/12,0,120000,-555000,-435000
2012/07/13,0,404000,-124752,279248
2012/07/16,0,27000,-183974,-156974
2012/07/17,0,707000,-180800,526200
2012/07/18,0,264000,-849000,-585000
2012/07/19,0,487000,-161000,326000
2012/07/20,0,94000,-110000,-16000
2012/07/23,0,103000,-426000,-323000
2012/07/24,0,1076000,-169000,907000
2012/07/25,0,586000,-298000,288000
2012/07/26,0,154000,-106000,48000
2012/07/27,0,182000,-68000,114000
2012/07/30,0,390000,-820000,-430000
2012/07/31,0,180000,-293000,-113000
2012/08/01,0,155000,-291000,-136000
2012/08/02,0,0,0,0
2012/08/03,0,1487000,-175000,1312000
2012/08/06,0,1095000,-196000,899000
2012/08/07,0,761000,-889000,-128000
2012/08/08,0,9980000,-229000,9751000
2012/08/09,0,11084000,-1125123,9958877
2012/08/10,0,684000,-21945000,-21261000
2012/08/13,0,129000,-1649000,-1520000
2012/08/14,0,371000,-769000,-398000
2012/08/15,0,595000,-371000,224000
2012/08/16,0,80000,-264000,-184000
2012/08/17,0,572000,-214000,358000
2012/08/20,0,85000,-107616,-22616
2012/08/21,0,477000,-693000,-216000
2012/08/22,0,89000,-134000,-45000
2012/08/23,0,414000,-176000,238000
2012/08/24,0,202000,-567000,-365000
2012/08/27,0,1000,-623000,-622000
2012/08/28,0,82000,-339000,-257000
2012/08/29,0,88000,-28000,60000
2012/08/30,0,170000,-1089000,-919000
2012/08/31,0,250000,-196000,54000
2012/09/03,0,40000,-433000,-393000
2012/09/04,0,78000,-450000,-372000
2012/09/05,0,203000,-295000,-92000
2012/09/06,0,21000,-522000,-501000
2012/09/07,0,8000,-174000,-166000
2012/09/10,0,360000,-464000,-104000
2012/09/11,0,20000,-472000,-452000
2012/09/12,0,1176000,-351000,825000
2012/09/13,0,136000,-1027000,-891000
2012/09/14,0,2590000,-42000,2548000
2012/09/17,0,1334000,-1614000,-280000
2012/09/18,0,2034000,-641000,1393000
2012/09/19,0,399000,-729670,-330670
2012/09/20,0,505000,-972000,-467000
2012/09/21,0,836000,-264540,571460
2012/09/24,0,569000,-1093837,-524837
2012/09/25,0,227000,-383000,-156000
2012/09/26,0,692000,-235540,456460
2012/09/27,0,496000,-860000,-364000
2012/09/28,0,295000,-540000,-245000
2012/10/01,0,504000,-198400,305600
2012/10/02,0,352000,-318000,34000
2012/10/03,0,46000,-373000,-327000
2012/10/04,0,912000,-139000,773000
2012/10/05,0,348000,-1547000,-1199000
2012/10/08,0,554000,-1210859,-656859
2012/10/09,0,517000,-683000,-166000
2012/10/10,0,0,0,0
2012/10/11,0,643000,-702184,-59184
2012/10/12,0,393000,-2708000,-2315000
2012/10/15,0,709000,-292000,417000
2012/10/16,0,44000,-582000,-538000
2012/10/17,0,168000,-399000,-231000
2012/10/18,0,200000,-122000,78000
2012/10/19,0,97000,-255000,-158000
2012/10/22,0,116000,-129000,-13000
2012/10/23,0,94000,-211000,-117000
2012/10/24,0,618000,-220000,398000
2012/10/25,0,353000,-142340,210660
2012/10/26,0,786000,-231000,555000
2012/10/29,0,256000,-44000,212000
2012/10/30,0,192000,-609000,-417000
2012/10/31,0,107000,-40000,67000
2012/11/01,0,558000,-150000,408000
2012/11/02,0,156000,-88000,68000
2012/11/05,0,270000,-313000,-43000
2012/11/06,0,132000,-35000,97000
2012/11/07,0,68000,-106000,-38000
2012/11/08,0,253000,-140000,113000
2012/11/09,0,186000,-610000,-424000
2012/11/12,0,40000,-88000,-48000
2012/11/13,0,65000,-352000,-287000
2012/11/14,0,42000,-73000,-31000
2012/11/15,0,305000,-194000,111000
2012/11/16,0,337000,-201660,135340
2012/11/19,0,218000,-280000,-62000
2012/11/20,0,28000,-407000,-379000
2012/11/21,0,588000,-202420,385580
2012/11/22,0,303000,-78000,225000
2012/11/23,0,914000,-433000,481000
2012/11/26,0,487000,-321000,166000
2012/11/27,0,525000,-334000,191000
2012/11/28,0,427000,-647360,-220360
2012/11/29,0,641000,-141000,500000
2012/11/30,0,914000,-114000,800000
2012/12/03,0,995000,-872000,123000
2012/12/04,0,363000,-601000,-238000
2012/12/05,0,1144000,-536200,607800
2012/12/06,0,839000,-793000,46000
2012/12/07,0,479000,-606000,-127000
2012/12/10,0,688000,-439000,249000
2012/12/11,0,666000,-431000,235000
2012/12/12,0,1109000,-63000,1046000
2012/12/13,0,977000,-188000,789000
2012/12/14,0,139000,-171000,-32000
2012/12/17,0,50000,-886000,-836000
2012/12/18,0,516000,-171000,345000
2012/12/19,0,632000,-2812000,-2180000
2012/12/20,0,50000,-927000,-877000
2012/12/21,0,426000,-962000,-536000
2012/12/24,0,147000,-95000,52000
2012/12/25,0,254000,-229000,25000
2012/12/26,0,201000,-276000,-75000
2012/12/27,0,276002,-411000,-134998
2012/12/28,0,178000,-389000,-211000
2012/12/31,0,0,0,0
2013/01/01,0,0,0,0
2013/01/02,0,298000,-297000,1000
2013/01/03,0,401000,-398000,3000
2013/01/04,0,810000,-327000,483000
2013/01/07,0,246000,-195000,51000
2013/01/08,0,157000,-323000,-166000
2013/01/09,0,230000,-332000,-102000
2013/01/10,0,135000,-80000,55000
2013/01/11,0,1226000,-51000,1175000
2013/01/14,0,276000,-339000,-63000
2013/01/15,0,86000,-1259000,-1173000
2013/01/16,0,361760,-239000,122760
2013/01/17,0,362000,-568000,-206000
2013/01/18,0,53000,-545000,-492000
2013/01/21,0,60000,-145000,-85000
2013/01/22,0,110000,-943000,-833000
2013/01/23,0,198000,-424000,-226000
2013/01/24,0,233000,-784000,-551000
2013/01/25,0,50000,-260000,-210000
2013/01/28,0,166000,-262000,-96000
2013/01/29,0,642000,-454000,188000
2013/01/30,0,292000,-749000,-457000
2013/01/31,0,116000,-801000,-685000
2013/02/01,0,183000,-450000,-267000
2013/02/04,0,2350000,-717000,1633000
2013/02/05,0,410000,-953000,-543000
2013/02/06,0,673000,-1811000,-1138000
2013/02/07,0,0,0,0
2013/02/08,0,0,0,0
2013/02/11,0,0,0,0
2013/02/12,0,0,0,0
2013/02/13,0,0,0,0
2013/02/14,0,0,0,0
2013/02/15,0,0,0,0
2013/02/18,0,498000,-843000,-345000
2013/02/19,0,274000,-1044000,-770000
2013/02/20,0,2647000,-900000,1747000
2013/02/21,0,36000,-702000,-666000
2013/02/22,0,174000,-569000,-395000
2013/02/25,0,101000,-795000,-694000
2013/02/26,0,60000,-709000,-649000
2013/02/27,0,291000,-183000,108000
2013/02/28,0,0,0,0
2013/03/01,0,780000,-546000,234000
2013/03/04,0,709000,-357000,352000
2013/03/05,0,808000,-723000,85000
2013/03/06,0,770000,-393000,377000
2013/03/07,0,189000,-307000,-118000
2013/03/08,0,731000,-1204000,-473000
2013/03/11,0,458000,-1061000,-603000
2013/03/12,0,239070,-1270000,-1030930
2013/03/13,0,710000,-502045,207955
2013/03/14,0,773000,-556000,217000
2013/03/15,0,287787,-465000,-177213
2013/03/18,0,183000,-417000,-234000
2013/03/19,0,274000,-372000,-98000
2013/03/20,0,506000,-547000,-41000
2013/03/21,0,135000,-131000,4000
2013/03/22,0,91000,-595000,-504000
2013/03/25,0,370000,-325000,45000
2013/03/26,0,196000,-386000,-190000
2013/03/27,0,96000,-296000,-200000
2013/03/28,0,64000,-174000,-110000
2013/03/29,0,224000,-44000,180000
2013/04/01,0,165000,-72000,93000
2013/04/02,0,228000,-274000,-46000
2013/04/03,0,90000,-135000,-45000
2013/04/04,0,0,0,0
2013/04/05,0,0,0,0
2013/04/08,0,191000,-277000,-86000
2013/04/09,0,232000,-141000,91000
2013/04/10,0,254000,-117000,137000
2013/04/11,0,588000,-225000,363000
2013/04/12,0,643000,-293000,350000
2013/04/15,0,200000,-294000,-94000
2013/04/16,0,498999,-518000,-19001
2013/04/17,0,311000,-355000,-44000
2013/04/18,0,51000,-313000,-262000
2013/04/19,0,344000,-160000,184000
2013/04/22,0,61000,-376000,-315000
2013/04/23,0,40000,-109000,-69000
2013/04/24,0,80000,-46000,34000
2013/04/25,0,0,-58000,-58000
2013/04/26,0,117000,-95000,22000
2013/04/29,0,10000,-49000,-39000
2013/04/30,0,146000,-141000,5000
2013/05/01,0,0,0,0
2013/05/02,0,22000,-291000,-269000
2013/05/03,0,260000,-205000,55000
2013/05/06,0,320000,-436000,-116000
2013/05/07,0,3000,-559000,-556000
2013/05/08,0,76000,-28000,48000
2013/05/09,0,343000,-213000,130000
2013/05/10,0,148000,-141000,7000
2013/05/13,0,2000,-464000,-462000
2013/05/14,0,125000,-90000,35000
2013/05/15,0,65000,-108000,-43000
2013/05/16,0,599000,-193000,406000
2013/05/17,0,825000,-224000,601000
2013/05/20,0,105000,-237000,-132000
2013/05/21,0,94000,-394000,-300000
2013/05/22,0,91000,-184000,-93000
2013/05/23,0,171000,-854000,-683000
2013/05/24,0,145000,-476000,-331000
2013/05/27,0,48000,-101000,-53000
2013/05/28,0,15000,-319000,-304000
2013/05/29,0,30000,-247000,-217000
2013/05/30,0,32000,-687000,-655000
2013/05/31,0,90000,-384000,-294000
2013/06/03,0,37000,-177347,-140347
2013/06/04,0,0,-169000,-169000
2013/06/05,0,24000,-58000,-34000
2013/06/06,0,22000,-214000,-192000
2013/06/07,0,90000,-147000,-57000
2013/06/10,0,81000,-291000,-210000
2013/06/11,0,914000,-82000,832000
2013/06/12,0,0,0,0
2013/06/13,0,74000,-67000,7000
2013/06/14,0,89000,-268000,-179000
2013/06/17,0,24000,-293000,-269000
2013/06/18,0,6000,-264000,-258000
2013/06/19,0,380000,-86000,294000
2013/06/20,0,100000,-547000,-447000
2013/06/21,0,684000,-696000,-12000
2013/06/24,0,207000,-283002,-76002
2013/06/25,0,1052000,-350000,702000
2013/06/26,0,93000,-1374000,-1281000
2013/06/27,0,85000,-151148,-66148
2013/06/28,0,35000,-594000,-559000
2013/07/01,0,315000,-644000,-329000
2013/07/02,0,20000,-240000,-220000
2013/07/03,0,0,-218000,-218000
2013/07/04,0,93000,-61000,32000
2013/07/05,0,80000,-41000,39000
2013/07/08,0,0,-40000,-40000
2013/07/09,0,41000,-114000,-73000
2013/07/10,0,94000,-102000,-8000
2013/07/11,0,187000,-119000,68000
2013/07/12,0,48000,-346000,-298000
2013/07/15,0,56000,-97000,-41000
2013/07/16,0,41000,-120000,-79000
2013/07/17,0,768000,-93000,675000
2013/07/18,0,589000,-54000,535000
2013/07/19,0,191000,-159000,32000
2013/07/22,0,90000,-26000,64000
2013/07/23,0,494000,-175000,319000
2013/07/24,0,48000,-229000,-181000
2013/07/25,0,1782000,-8000,1774000
2013/07/26,0,4104000,-50000,4054000
2013/07/29,0,14051000,-109000,13942000
2013/07/30,0,4007000,-36000,3971000
2013/07/31,0,15487000,-30000,15457000
2013/08/01,0,14462000,-153141,14308859
2013/08/02,0,320000,-48693000,-48373000
2013/08/05,0,78000,-1109000,-1031000
2013/08/06,0,73000,-2341000,-2268000
2013/08/07,0,32000,-151000,-119000
2013/08/08,0,53000,-87000,-34000
2013/08/09,0,172000,-710000,-538000
2013/08/12,0,307000,-566000,-259000
2013/08/13,0,0,-544000,-544000
2013/08/14,0,23000,-452000,-429000
2013/08/15,0,259000,-326000,-67000
2013/08/16,0,190000,-328000,-138000
2013/08/19,0,8000,-22000,-14000
2013/08/20,0,48000,-195000,-147000
2013/08/21,0,0,0,0
2013/08/22,0,90000,-174620,-84620
2013/08/23,0,30000,-6000,24000
2013/08/26,0,91000,-42000,49000
2013/08/27,0,5000,-270000,-265000
2013/08/28,0,27000,-12000,15000
2013/08/29,0,84000,0,84000
2013/08/30,0,90000,-49000,41000
2013/09/02,0,13000,-83000,-70000
2013/09/03,0,30000,-58011,-28011
2013/09/04,0,31000,-68937,-37937
2013/09/05,0,90000,-1489610,-1399610
2013/09/06,0,10000,-1039100,-1029100
2013/09/09,0,190000,-119000,71000
2013/09/10,0,45000,-36000,9000
2013/09/11,0,20220,-83000,-62780
2013/09/12,0,425000,-174676,250324
2013/09/13,0,0,-71000,-71000
2013/09/16,0,86000,-138000,-52000
2013/09/17,0,279000,-190000,89000
2013/09/18,0,339000,-78000,261000
2013/09/19,0,0,0,0
2013/09/20,0,0,0,0
2013/09/23,0,300000,-235000,65000
2013/09/24,0,0,-219000,-219000
2013/09/25,0,39150,-87655,-48505
2013/09/26,0,0,-378000,-378000
2013/09/27,0,0,-65000,-65000
2013/09/30,0,56000,-127000,-71000
2013/10/01,0,47000,-51350,-4350
2013/10/02,0,7000,-352000,-345000
2013/10/03,0,248000,-56000,192000
2013/10/04,0,303000,-6000,297000
2013/10/07,0,33000,-186000,-153000
2013/10/08,0,312000,-21000,291000
2013/10/09,0,18000,-675000,-657000
2013/10/10,0,0,0,0
2013/10/11,0,41000,-66000,-25000
2013/10/14,0,33000,-40000,-7000
2013/10/15,0,43000,-9000,34000
2013/10/16,0,103000,-161890,-58890
2013/10/17,0,57000,-295000,-238000
2013/10/18,0,10000,-62000,-52000
2013/10/21,0,75000,-139000,-64000
2013/10/22,0,25000,-32000,-7000
2013/10/23,0,25000,-577500,-552500
2013/10/24,0,413000,-7000,406000
2013/10/25,0,86000,-286000,-200000
2013/10/28,0,43000,-29000,14000
2013/10/29,0,52000,-30962,21038
2013/10/30,0,163000,-5000,158000
2013/10/31,0,70000,-122000,-52000
2013/11/01,0,100000,-15800,84200
2013/11/04,0,105000,-130000,-25000
2013/11/05,0,30000,-87000,-57000
2013/11/06,0,10000,0,10000
2013/11/07,0,35000,-54000,-19000
2013/11/08,0,0,-38000,-38000
2013/11/11,0,25000,-28000,-3000
2013/11/12,0,460000,-34000,426000
2013/11/13,0,64000,-60680,3320
2013/11/14,0,12000,-89000,-77000
2013/11/15,0,88000,-72000,16000
2013/11/18,0,142000,-64000,78000
2013/11/19,0,213000,-10000,203000
2013/11/20,0,236000,-110830,125170
2013/11/21,0,112000,-105000,7000
2013/11/22,0,0,-356000,-356000
2013/11/25,0,383000,-90000,293000
2013/11/26,0,200000,-22000,178000
2013/11/27,0,0,-33000,-33000
2013/11/28,0,460000,-90000,370000
2013/11/29,0,36000,-30000,6000
2013/12/02,0,80000,-285000,-205000
2013/12/03,0,61000,-107000,-46000
2013/12/04,0,71000,-150000,-79000
2013/12/05,0,90000,-10000,80000
2013/12/06,0,0,-131000,-131000
2013/12/09,0,141000,-40000,101000
2013/12/10,0,184000,-1000,183000
2013/12/11,0,149000,-50000,99000
2013/12/12,0,0,-108000,-108000
2013/12/13,0,11000,-6000,5000
2013/12/16,0,0,-26564,-26564
2013/12/17,0,37000,-25000,12000
2013/12/18,0,227000,-1322000,-1095000
2013/12/19,0,64000,-20000,44000
2013/12/20,0,0,-181000,-181000
2013/12/23,0,115000,-27000,88000
2013/12/24,0,13000,-10000,3000
2013/12/25,0,50000,-20000,30000
2013/12/26,0,150000,-46,149954
2013/12/27,0,53000,-259000,-206000
2013/12/30,0,323000,-257000,66000
2013/12/31,0,162000,-216000,-54000
2014/01/02,0,214000,-122000,92000
2014/01/03,0,224000,-234000,-10000
2014/01/06,0,34000,-117000,-83000
2014/01/07,0,38000,-98086,-60086
2014/01/08,0,23000,-130000,-107000
2014/01/09,0,31000,-96000,-65000
2014/01/10,0,0,-73000,-73000
2014/01/13,0,130000,-114000,16000
2014/01/14,0,35000,-137000,-102000
2014/01/15,0,46000,-294000,-248000
2014/01/16,0,91000,-103000,-12000
2014/01/17,0,26000,-153000,-127000
2014/01/20,0,57000,0,57000
2014/01/21,0,22000,-2000,20000
2014/01/22,0,32000,-197000,-165000
2014/01/23,0,0,-103000,-103000
2014/01/24,0,13000,-152421,-139421
2014/01/27,0,114000,-166000,-52000
2014/02/05,0,664000,-884000,-220000
2014/02/06,0,50000,-420597,-370597
2014/02/07,0,80000,-285000,-205000
2014/02/10,0,100000,-317000,-217000
2014/02/11,0,4000,-202000,-198000
2014/02/12,0,0,-176000,-176000
2014/02/13,0,100000,-116000,-16000
2014/02/14,0,64000,-76000,-12000
2014/02/17,0,2000,-88000,-86000
2014/02/18,0,1432000,-126000,1306000
2014/02/19,0,1590000,-78000,1512000
2014/02/20,0,1672000,-64000,1608000
2014/02/21,0,1408000,-24000,1384000
2014/02/24,0,249000,-147000,102000
2014/02/25,0,111000,-31000,80000
2014/02/26,0,88000,0,88000
2014/02/27,0,121000,-674000,-553000
2014/03/03,0,159000,-860370,-701370
2014/03/04,0,60000,-4000,56000
2014/03/05,0,10000,-10000,0
2014/03/06,0,141000,-76000,65000
2014/03/07,0,122000,-365000,-243000
2014/03/10,0,10000,0,10000
2014/03/11,0,100000,-10000,90000
2014/03/12,0,61000,-5000,56000
2014/03/13,0,113000,-316000,-203000
2014/03/14,0,170000,-193000,-23000
2014/03/17,0,38000,-164000,-126000
2014/03/18,0,10000,-95000,-85000
2014/03/19,0,12000,-24352,-12352
2014/03/20,0,30000,-156000,-126000
2014/03/21,0,81000,-45000,36000
2014/03/24,0,89000,-32000,57000
2014/03/25,0,0,-129071,-129071
2014/03/26,0,112000,-133000,-21000
2014/03/27,0,55000,-5000,50000
2014/03/28,0,5000,-1407000,-1402000
2014/03/31,0,30000,-200000,-170000
2014/04/01,0,8000,-94475,-86475
2014/04/02,0,11000,-15000,-4000
2014/04/03,0,34000,-13000,21000
2014/04/07,0,3000,-9000,-6000
2014/04/08,0,676000,0,676000
2014/04/09,0,171000,-41000,130000
2014/04/10,0,110000,0,110000
2014/04/11,0,56000,-288000,-232000
2014/04/14,0,10000,-50000,-40000
2014/04/15,0,4000,-22000,-18000
2014/04/16,0,54000,-610520,-556520
2014/04/17,0,38000,-82140,-44140
2014/04/18,0,0,-57000,-57000
2014/04/21,0,162000,-77000,85000
2014/04/22,0,0,-1000,-1000
2014/04/23,0,7000,-76000,-69000
2014/04/24,0,16000,-33000,-17000
2014/04/25,0,98000,-370000,-272000
2014/04/28,0,261000,-6000,255000
2014/04/29,0,96000,-222000,-126000
2014/04/30,0,28000,-160000,-132000
2014/05/02,0,133000,-39000,94000
2014/05/05,0,12000,-169000,-157000
2014/05/06,0,134000,-456000,-322000
2014/05/07,0,0,-530000,-530000
2014/05/08,0,26000,-120789,-94789
2014/05/09,0,12000,-202000,-190000
2014/05/12,0,146000,-47000,99000
2014/05/13,0,63000,0,63000
2014/05/14,0,121000,-27000,94000
2014/05/15,0,78000,0,78000
2014/05/16,0,1000,-59000,-58000
2014/05/19,0,90000,-7000,83000
2014/05/20,0,2000,-44000,-42000
2014/05/21,0,3027,-176000,-172973
2014/05/22,0,0,-109000,-109000
2014/05/23,0,30000,-8000,22000
2014/05/26,0,46000,-70000,-24000
2014/05/27,0,0,-3000,-3000
2014/05/28,0,106000,-34000,72000
2014/05/29,0,1000,-3000,-2000
2014/05/30,0,13000,-166000,-153000
2014/06/03,0,0,-52000,-52000
2014/06/04,0,0,-78000,-78000
2014/06/05,0,0,-123000,-123000
2014/06/06,0,50000,-6000,44000
2014/06/09,0,0,-2000,-2000
2014/06/10,0,30000,0,30000
2014/06/11,0,0,-61000,-61000
2014/06/12,0,25000,0,25000
2014/06/13,0,22000,0,22000
2014/06/16,0,10000,0,10000
2014/06/17,0,95000,-124000,-29000
2014/06/18,0,335000,-44000,291000
2014/06/19,0,145000,0,145000
2014/06/20,0,130000,-1000,129000
2014/06/23,0,88000,-3000,85000
2014/06/24,0,0,-40000,-40000
2014/06/25,0,30000,0,30000
2014/06/26,0,98000,0,98000
2014/06/27,0,295000,0,295000
2014/06/30,0,246000,-16000,230000
2014/07/01,0,280000,-324000,-44000
2014/07/02,0,54000,-198000,-144000
2014/07/03,0,90000,-4235000,-4145000
2014/07/04,0,271000,-10000,261000
2014/07/07,0,26000,-141000,-115000
2014/07/08,0,185000,-101000,84000
2014/07/09,0,61000,-20000,41000
2014/07/10,0,379000,-68000,311000
2014/07/11,0,305000,-2000,303000
2014/07/14,0,214000,-42000,172000
2014/07/15,0,570000,-659625,-89625
2014/07/16,0,297000,-361999,-64999
2014/07/17,0,106000,-7000,99000
2014/07/18,0,0,-9000,-9000
2014/07/21,0,63000,-180000,-117000
2014/07/22,0,104000,-100000,4000
2014/07/23,0,0,0,0
2014/07/24,0,1821000,0,1821000
2014/07/25,0,3310000,-316000,2994000
2014/07/28,0,20151000,-105000,20046000
2014/07/29,0,3486000,-870000,2616000
2014/07/30,0,22284000,-592000,21692000
2014/07/31,0,5623000,-772177,4850823
2014/08/01,0,59000,-44251000,-44192000
2014/08/04,0,324000,-2280000,-1956000
2014/08/05,0,96000,-7674000,-7578000
2014/08/06,0,278000,-810000,-532000
2014/08/07,0,60000,-293000,-233000
2014/08/08,0,50000,-309000,-259000
2014/08/11,0,60000,-9000,51000
2014/08/12,0,5000,-947000,-942000
2014/08/13,0,497000,-79000,418000
2014/08/14,0,424000,-1200000,-776000
2014/08/15,0,288000,-129000,159000
2014/08/18,0,447000,-521000,-74000
2014/08/19,0,60000,-715000,-655000
2014/08/20,0,350000,-2469000,-2119000
2014/08/21,0,408000,-160000,248000
2014/08/22,0,777000,-30000,747000
2014/08/25,0,501000,-352000,149000
2014/08/26,0,333000,-552000,-219000
2014/08/27,0,722000,-581000,141000
2014/08/28,0,996000,-80000,916000
2014/08/29,0,582000,-533000,49000
2014/09/01,0,46000,-579000,-533000
2014/09/02,0,310000,-315000,-5000
2014/09/03,0,1782000,-625000,1157000
2014/09/04,0,467000,-977000,-510000
2014/09/05,0,283000,-1070740,-787740
2014/09/09,0,645000,-810640,-165640
2014/09/10,0,248000,-642180,-394180
2014/09/11,0,37000,-693000,-656000
2014/09/12,0,40000,-182630,-142630
2014/09/15,0,0,-448000,-448000
2014/09/16,0,54000,-212000,-158000
2014/09/17,0,483000,-650260,-167260
2014/09/18,0,215000,-105010,109990
2014/09/19,0,226000,0,226000
2014/09/22,0,56000,-54000,2000
2014/09/23,0,305000,-387000,-82000
2014/09/24,0,284000,-20553,263447
2014/09/25,0,160000,-40000,120000
2014/09/26,0,178000,-32000,146000
2014/09/29,0,0,-271000,-271000
2014/09/30,0,0,-73000,-73000
2014/10/01,0,0,-42000,-42000
2014/10/02,0,29040,-68580,-39540
2014/10/03,0,33000,-75000,-42000
2014/10/06,0,20000,-150000,-130000
2014/10/07,0,16000,-105000,-89000
2014/10/08,0,0,-20000,-20000
2014/10/09,0,86000,-70000,16000
2014/10/13,0,57000,-27000,30000
2014/10/14,0,15000,-389000,-374000
2014/10/15,0,24000,-313226,-289226
2014/10/16,0,19000,-13000,6000
2014/10/17,0,9000,-232000,-223000
2014/10/20,0,5000,-98000,-93000
2014/10/21,0,20000,-230000,-210000
2014/10/22,0,164422,-20000,144422
2014/10/23,0,10000,-182850,-172850
2014/10/24,0,75000,-96700,-21700
2014/10/27,0,181000,-47000,134000
2014/10/28,0,321000,-41000,280000
2014/10/29,0,69000,-60000,9000
2014/10/30,0,102000,0,102000
2014/10/31,0,28000,-62000,-34000
2014/11/03,0,73000,-28000,45000
2014/11/04,0,59000,0,59000
2014/11/05,0,86000,-1000,85000
2014/11/06,0,371000,-11407,359593
2014/11/07,0,130000,0,130000
2014/11/10,0,110000,-3000,107000
2014/11/11,0,74000,-15000,59000
2014/11/12,0,46000,-40000,6000
2014/11/13,0,0,-14000,-14000
2014/11/14,0,18000,-14000,4000
2014/11/17,0,83000,-11000,72000
2014/11/18,0,160000,-65000,95000
2014/11/19,0,82000,-121000,-39000
2014/11/20,0,775000,-26000,749000
2014/11/21,0,159000,-259000,-100000
2014/11/24,0,48000,-53000,-5000
2014/11/25,0,187000,-32000,155000
2014/11/26,0,33000,-158000,-125000
2014/11/27,0,52000,-20000,32000
2014/11/28,0,86000,-21000,65000
2014/12/01,0,239000,-691000,-452000
2014/12/02,0,0,-540000,-540000
2014/12/03,0,31000,-23069,7931
2014/12/04,0,109000,-41000,68000
2014/12/05,0,121000,-111503,9497
2014/12/08,0,10000,-258000,-248000
2014/12/09,0,0,-189000,-189000
2014/12/10,0,0,-349000,-349000
2014/12/11,0,8000,-104000,-96000
2014/12/12,0,3000,-16000,-13000
2014/12/15,0,16000,-23000,-7000
2014/12/16,0,357000,-84000,273000
2014/12/17,0,374000,-399000,-25000
2014/12/18,0,0,-422000,-422000
2014/12/19,0,269000,-86000,183000
2014/12/22,0,97000,0,97000
2014/12/23,0,39000,0,39000
2014/12/24,0,20000,0,20000
2014/12/25,0,24000,0,24000
2014/12/26,0,81000,-1000,80000
2014/12/29,0,103390,0,103390
2014/12/30,0,26000,-4000,22000
2014/12/31,0,0,-18000,-18000
2015/01/01,0,0,0,0
2015/01/02,0,0,0,0
2015/01/05,0,0,-49000,-49000
2015/01/06,0,0,-249000,-249000
2015/01/07,0,0,-54000,-54000
2015/01/08,0,84000,-11000,73000
2015/01/09,0,207000,-70000,137000
2015/01/12,0,5000,-91000,-86000
2015/01/13,0,172000,-2000,170000
2015/01/14,0,0,-244000,-244000
2015/01/15,0,0,-37000,-37000
2015/01/16,0,0,-375143,-375143
2015/01/19,0,43000,-31000,12000
2015/01/20,0,204000,0,204000
2015/01/21,0,0,-39000,-39000
2015/01/22,0,431000,0,431000
2015/01/23,0,155000,0,155000
2015/01/26,0,0,-88000,-88000
2015/01/27,0,23000,-12000,11000
2015/01/28,0,106000,-4000,102000
2015/01/29,0,48000,-121000,-73000
2015/01/30,0,181000,-50000,131000
2015/02/02,0,420000,0,420000
2015/02/03,0,12000,0,12000
2015/02/04,0,83000,-70108,12892
2015/02/05,0,22000,-108,21892
2015/02/06,0,28000,0,28000
2015/02/09,0,20000,-8000,12000
2015/02/10,0,49000,-38000,11000
2015/02/11,0,55000,-55000,0
2015/02/12,0,2000,-100000,-98000
2015/02/13,0,66000,-124000,-58000
2015/02/16,0,0,0,0
2015/02/17,0,0,0,0
2015/02/18,0,0,0,0
2015/02/19,0,0,0,0
2015/02/20,0,0,0,0
2015/02/23,0,0,0,0
2015/02/24,0,412000,-315000,97000
2015/02/25,0,58000,-2072,55928
2015/02/26,0,172000,-852,171148
2015/02/27,0,0,0,0
2015/03/02,0,74000,0,74000
2015/03/03,0,533000,0,533000
2015/03/04,0,6000,-519853,-513853
2015/03/05,0,0,-292072,-292072
2015/03/06,0,3000,-7000,-4000
2015/03/09,0,0,-64000,-64000
2015/03/10,0,0,-62815,-62815
2015/03/11,0,0,-306000,-306000
2015/03/12,0,7000,-153277,-146277
2015/03/13,0,0,-129000,-129000
2015/03/16,0,169000,0,169000
2015/03/17,0,0,-42072,-42072
2015/03/18,0,1000,-29000,-28000
2015/03/19,0,196000,-73000,123000
2015/03/20,0,4000,0,4000
2015/03/23,0,56000,-128000,-72000
2015/03/24,0,30000,-47000,-17000
2015/03/25,0,63000,0,63000
2015/03/26,0,73000,-63000,10000
2015/03/27,0,18000,-66000,-48000
2015/03/30,0,92000,-5000,87000
2015/03/31,0,1000,-124000,-123000
2015/04/01,0,0,-66000,-66000
2015/04/02,0,146000,-20000,126000
2015/04/03,0,0,0,0
2015/04/06,0,0,0,0
2015/04/07,0,85000,-54000,31000
2015/04/08,0,40000,-73000,-33000
2015/04/09,0,80000,-31000,49000
2015/04/10,0,0,-70000,-70000
2015/04/13,0,0,-59000,-59000
2015/04/14,0,460000,-273000,187000
2015/04/15,0,192000,-366000,-174000
2015/04/16,0,136000,-222000,-86000
2015/04/17,0,0,-130000,-130000
2015/04/20,0,32000,-102000,-70000
2015/04/21,0,0,-85000,-85000
2015/04/22,0,29000,-20505,8495
2015/04/23,0,4462000,-9000,4453000
2015/04/24,0,1128000,-1510000,-382000
2015/04/27,0,3179000,-278000,2901000
2015/04/28,0,1999000,-1246000,753000
2015/04/29,0,653000,-378000,275000
2015/04/30,0,277000,-474000,-197000
2015/05/01,0,0,0,0
2015/05/04,0,1032000,-50000,982000
2015/05/05,0,0,-982000,-982000
2015/05/06,0,80000,-113000,-33000
2015/05/07,0,29000,-243000,-214000
2015/05/08,0,34000,-10000,24000
2015/05/11,0,210000,-254000,-44000
2015/05/12,0,145000,-107000,38000
2015/05/13,0,110000,-171000,-61000
2015/05/14,0,0,-1485000,-1485000
2015/05/15,0,0,-1053000,-1053000
2015/05/18,0,40000,-620000,-580000
2015/05/19,0,0,-60000,-60000
2015/05/20,0,65000,-673000,-608000
2015/05/21,0,360,-1257000,-1256640
2015/05/22,0,35000,-111000,-76000
2015/05/25,0,0,-307000,-307000
2015/05/26,0,39000,-878,38122
2015/05/27,0,0,-64000,-64000
2015/05/28,0,1000,-26000,-25000
2015/05/29,0,293000,-46000,247000
2015/06/01,0,157000,-87000,70000
2015/06/02,0,100000,-192000,-92000
2015/06/03,0,80000,-200000,-120000
2015/06/04,0,100000,-1091000,-991000
2015/06/05,0,71000,-87000,-16000
2015/06/08,0,0,-360000,-360000
2015/06/09,0,33000,-132000,-99000
2015/06/10,0,72000,-51000,21000
2015/06/11,0,181000,-468000,-287000
2015/06/12,0,10000,0,10000
2015/06/15,0,15000,-55000,-40000
2015/06/16,0,14000,-36000,-22000
2015/06/17,0,121000,-504000,-383000
2015/06/18,0,10000,0,10000
2015/06/19,0,0,0,0
2015/06/22,0,207000,-15000,192000
2015/06/23,0,60000,-130000,-70000
2015/06/24,0,94000,-15000,79000
2015/06/25,0,157000,0,157000
2015/06/26,0,69000,-84000,-15000
2015/06/29,0,411000,-315000,96000
2015/06/30,0,1116000,-116784,999216
2015/07/01,0,2419000,0,2419000
2015/07/02,0,1299000,-34000,1265000
2015/07/03,0,2092000,-250000,1842000
2015/07/06,0,400000,-106000,294000
2015/07/07,0,1480000,-881000,599000
2015/07/08,0,313000,-278000,35000
2015/07/09,0,228000,-16000,212000
2015/07/10,0,0,0,0
2015/07/13,0,100000,-527000,-427000
2015/07/14,0,394000,-310000,84000
2015/07/15,0,180000,-1000,179000
2015/07/16,0,73000,-10000,63000
2015/07/17,0,617000,-65000,552000
2015/07/20,0,1269000,-100000,1169000
2015/07/21,0,576000,0,576000
2015/07/22,0,2015000,-15000,2000000
2015/07/23,0,1185000,-71000,1114000
2015/07/24,0,1791000,-2131000,-340000
2015/07/27,0,1487000,-823000,664000
2015/07/28,0,1899000,-217256,1681744
2015/07/29,0,329000,-53000,276000
2015/07/30,0,13560036,-26085,13533951
2015/07/31,0,335000,-14915000,-14580000
2015/08/03,0,37000,-1203000,-1166000
2015/08/04,0,1479000,-169495,1309505
2015/08/05,0,325000,-1159505,-834505
2015/08/06,0,110000,-1197000,-1087000
2015/08/07,0,89000,-1049000,-960000
2015/08/10,0,38000,-1005000,-967000
2015/08/11,0,0,-1915000,-1915000
2015/08/12,0,162000,-2252000,-2090000
2015/08/13,0,28000,-1266000,-1238000
2015/08/14,0,68000,-660982,-592982
2015/08/17,0,0,-382000,-382000
2015/08/18,0,0,-832000,-832000
2015/08/19,0,153000,-841000,-688000
2015/08/20,0,163000,-1264000,-1101000
2015/08/21,0,28000,-532000,-504000
2015/08/24,0,799000,-285000,514000
2015/08/25,0,323000,-130000,193000
2015/08/26,0,131000,-294000,-163000
2015/08/27,0,347000,-94204,252796
2015/08/28,0,28000,-662392,-634392
2015/08/31,0,139000,-665000,-526000
2015/09/01,0,0,-716000,-716000
2015/09/02,0,332000,-739000,-407000
2015/09/03,0,18000,-929000,-911000
2015/09/04,0,0,-308000,-308000
2015/09/07,0,8000,0,8000
2015/09/08,0,0,0,0
2015/09/09,0,158000,-285000,-127000
2015/09/10,0,43000,-206000,-163000
2015/09/11,0,30000,-218000,-188000
2015/09/14,0,40000,-210000,-170000
2015/09/15,0,13000,-52236,-39236
2015/09/16,0,313000,-141000,172000
2015/09/17,0,553000,-69000,484000
2015/09/18,0,24000,-523000,-499000
2015/09/21,0,11000,-120000,-109000
2015/09/22,0,3360000,-2032388,1327612
2015/09/23,0,2183000,-1410000,773000
2015/09/24,0,501000,-252000,249000
2015/09/25,0,752000,-3179495,-2427495
2015/09/28,0,0,0,0
2015/09/29,0,0,0,0
2015/09/30,0,912000,-1492757,-580757
2015/10/01,0,919000,-2934190,-2015190
2015/10/02,0,148000,-2693205,-2545205
2015/10/05,0,270000,-3032000,-2762000
2015/10/06,0,59000,-5314000,-5255000
2015/10/07,0,0,-2258000,-2258000
2015/10/08,0,14000,-683000,-669000
2015/10/09,0,0,0,0
2015/10/12,0,65000,-1850000,-1785000
2015/10/13,0,182000,-1565313,-1383313
2015/10/14,0,0,-63000,-63000
2015/10/15,0,1231000,-160000,1071000
2015/10/16,0,1542000,-205000,1337000
2015/10/19,0,376000,-217000,159000
2015/10/20,0,55000,-216000,-161000
2015/10/21,0,2377000,-1489000,888000
2015/10/22,0,88000,-108000,-20000
2015/10/23,0,144000,-260000,-116000
2015/10/26,0,50000,-480000,-430000
2015/10/27,0,0,-268195,-268195
2015/10/28,0,129000,-97000,32000
2015/10/29,0,102000,-1090155,-988155
2015/10/30,0,217000,-230000,-13000
2015/11/02,0,100000,-63000,37000
2015/11/03,0,410000,-367000,43000
2015/11/04,0,577000,-241000,336000
2015/11/05,0,212000,-25000,187000
2015/11/06,0,105000,-1471000,-1366000
2015/11/09,0,134000,-214000,-80000
2015/11/10,0,138000,-488000,-350000
2015/11/11,0,248000,-374000,-126000
2015/11/12,0,0,-210000,-210000
2015/11/13,0,3000,-90000,-87000
2015/11/16,0,50000,-6000,44000
2015/11/17,0,94000,-188000,-94000
2015/11/18,0,79000,-430392,-351392
2015/11/19,0,50000,-458107,-408107
2015/11/20,0,0,-195544,-195544
2015/11/23,0,0,-185000,-185000
2015/11/24,0,116000,-3000,113000
2015/11/25,0,35000,0,35000
2015/11/26,0,33000,-176000,-143000
2015/11/27,0,41000,-5000,36000
2015/11/30,0,5000,-46000,-41000
2015/12/01,0,70000,-24000,46000
2015/12/02,0,95000,-1585,93415
2015/12/03,0,20000,0,20000
2015/12/04,0,21000,-8000,13000
2015/12/07,0,83000,0,83000
2015/12/08,0,51000,-415000,-364000
2015/12/09,0,0,-168000,-168000
2015/12/10,0,93000,-31000,62000
2015/12/11,0,0,-72000,-72000
2015/12/14,0,94000,-110000,-16000
2015/12/15,0,20000,0,20000
2015/12/16,0,1000,-191000,-190000
2015/12/17,0,120000,-51000,69000
2015/12/18,0,31000,-105000,-74000
2015/12/21,0,0,0,0
2015/12/22,0,205000,-202000,3000
2015/12/23,0,50000,-184000,-134000
2015/12/24,0,50000,-106000,-56000
2015/12/25,0,0,-5000,-5000
2015/12/28,0,50000,0,50000
2015/12/29,0,0,0,0
2015/12/30,0,0,-153000,-153000
2015/12/31,0,27000,-186000,-159000
2016/01/01,0,0,0,0
2016/01/04,0,50000,-108000,-58000
2016/01/05,0,62000,0,62000
2016/01/06,0,67000,-93000,-26000
2016/01/07,0,390000,-20000,370000
2016/01/08,0,100000,-61000,39000
2016/01/11,0,120000,-100000,20000
2016/01/12,0,0,-100000,-100000
2016/01/13,0,37000,0,37000
2016/01/14,0,10000,-29000,-19000
2016/01/15,0,50000,-221000,-171000
2016/01/18,0,324000,0,324000
2016/01/19,0,201000,-270000,-69000
2016/01/20,0,32000,-139139,-107139
2016/01/21,0,528000,-272518,255482
2016/01/22,0,43000,-4000,39000
2016/01/25,0,135000,-1000,134000
2016/01/26,0,25000,-115000,-90000
2016/01/27,0,0,-37000,-37000
2016/01/28,0,71000,-29000,42000
2016/01/29,0,702000,-274000,428000
2016/02/01,0,183000,-21000,162000
2016/02/02,0,150000,-127000,23000
2016/02/03,0,23000,-739852,-716852
2016/02/04,0,0,0,0
2016/02/05,0,0,0,0
2016/02/08,0,0,0,0
2016/02/09,0,0,0,0
2016/02/10,0,0,0,0
2016/02/11,0,0,0,0
2016/02/12,0,0,0,0
2016/02/15,0,120000,-8000,112000
2016/02/16,0,218000,-63000,155000
2016/02/17,0,199000,-402000,-203000
2016/02/18,0,240000,-45000,195000
2016/02/19,0,1133,-150000,-148867
2016/02/22,0,218000,-208000,10000
2016/02/23,0,50000,-143000,-93000
2016/02/24,0,50000,-212380,-162380
2016/02/25,0,215000,-94000,121000
2016/02/26,0,0,-316000,-316000
2016/02/29,0,0,0,0
2016/03/01,0,384000,-20000,364000
2016/03/02,0,111000,-160000,-49000
2016/03/03,0,10000,-95000,-85000
2016/03/04,0,0,-4000,-4000
2016/03/07,0,100000,-157570,-57570
2016/03/08,0,0,-72000,-72000
2016/03/09,0,0,-112000,-112000
2016/03/10,0,5000,0,5000
2016/03/11,0,0,-83000,-83000
2016/03/14,0,10000,0,10000
2016/03/15,0,0,0,0
2016/03/16,0,40000,-69000,-29000
2016/03/17,0,150000,-30000,120000
2016/03/18,0,0,-102000,-102000
2016/03/21,0,0,0,0
2016/03/22,0,0,-185000,-185000
2016/03/23,0,0,-20000,-20000
2016/03/24,0,0,-40000,-40000
2016/03/25,0,0,0,0
2016/03/28,0,12000,0,12000
2016/03/29,0,0,-20000,-20000
2016/03/30,0,0,0,0
2016/03/31,0,41000,-467,40533
2016/04/01,0,0,-106000,-106000
2016/04/04,0,0,0,0
2016/04/05,0,0,0,0
2016/04/06,0,166000,-40000,126000
2016/04/07,0,125000,-154000,-29000
2016/04/08,0,50000,0,50000
2016/04/11,0,0,0,0
2016/04/12,0,50000,-10000,40000
2016/04/13,0,650000,0,650000
2016/04/14,0,81000,-626000,-545000
2016/04/15,0,16000,-271000,-255000
2016/04/18,0,0,-37000,-37000
2016/04/19,0,13000,-10000,3000
2016/04/20,0,0,-85000,-85000
2016/04/21,0,52000,-58000,-6000
2016/04/22,0,200000,-77000,123000
2016/04/25,0,50000,-99000,-49000
2016/04/26,0,5000,-19000,-14000
2016/04/27,0,150000,-7000,143000
2016/04/28,0,5000,-183000,-178000
2016/04/29,0,75000,-126000,-51000
2016/05/02,0,0,0,0
2016/05/03,0,597000,-6000,591000
2016/05/04,0,51000,-425000,-374000
2016/05/05,0,0,-62000,-62000
2016/05/06,0,0,-26000,-26000
2016/05/09,0,0,-92640,-92640
2016/05/10,0,25000,-7000,18000
2016/05/11,0,0,-14000,-14000
2016/05/12,0,0,-100000,-100000
2016/05/13,0,0,-37000,-37000
2016/05/16,0,3000,0,3000
2016/05/17,0,30000,-45000,-15000
2016/05/18,0,6000,-99000,-93000
2016/05/19,0,0,-156000,-156000
2016/05/20,0,0,0,0
2016/05/23,0,341000,0,341000
2016/05/24,0,100000,-295000,-195000
2016/05/25,0,100000,-2000,98000
2016/05/26,0,30000,-70000,-40000
2016/05/27,0,7000,0,7000
2016/05/30,0,609000,-87000,522000
2016/05/31,0,100000,-100000,0
2016/06/01,0,360000,-5000,355000
2016/06/02,0,20000,-268000,-248000
2016/06/03,0,130000,-48000,82000
2016/06/06,0,0,-5000,-5000
2016/06/07,0,2627000,-300000,2327000
2016/06/08,0,3000000,-8000,2992000
2016/06/09,0,0,0,0
2016/06/10,0,0,0,0
2016/06/13,0,9000,-15000,-6000
2016/06/14,0,2769000,0,2769000
2016/06/15,0,3009000,0,3009000
2016/06/16,0,2200000,-30000,2170000
2016/06/17,0,0,0,0
2016/06/20,0,56000,-21000,35000
2016/06/21,0,99000,-61000,38000
2016/06/22,0,200000,0,200000
2016/06/23,0,3549000,0,3549000
2016/06/24,0,1000000,-258000,742000
2016/06/27,0,45000,-560000,-515000
2016/06/28,0,1295000,0,1295000
2016/06/29,0,2500000,-60000,2440000
2016/06/30,0,2003000,-18000,1985000
2016/07/01,0,2622000,-2000,2620000
2016/07/04,0,5071000,0,5071000
2016/07/05,0,3441000,-1000,3440000
2016/07/06,0,1170000,-45000,1125000
2016/07/07,0,1000,0,1000
2016/07/08,0,0,0,0
2016/07/11,0,45000,-12000,33000
2016/07/12,0,120000,-30000,90000
2016/07/13,0,153000,-32000,121000
2016/07/14,0,60000,-5000,55000
2016/07/15,0,122000,-60000,62000
2016/07/18,0,34759,-25000,9759
2016/07/19,0,46000,-99000,-53000
2016/07/20,0,1284000,0,1284000
2016/07/21,0,168000,-37000,131000
2016/07/22,0,12000,-125000,-113000
2016/07/25,0,2502000,-2000,2500000
2016/07/26,0,3700000,-25000,3675000
2016/07/27,0,5219000,-93000,5126000
2016/07/28,0,7754000,-246000,7508000
2016/07/29,0,9144000,-252000,8892000
2016/08/01,0,7516000,-75000,7441000
2016/08/02,0,6188000,-79000,6109000
2016/08/03,0,13107000,-81000,13026000
2016/08/04,0,13808000,-82921,13725079
2016/08/05,0,0,-18979000,-18979000
2016/08/08,0,68000,-3891000,-3823000
2016/08/09,0,13000,-3000000,-2987000
2016/08/10,0,356000,-1144000,-788000
2016/08/11,0,300000,-1627000,-1327000
2016/08/12,0,65000,-4199000,-4134000
2016/08/15,0,0,-3306000,-3306000
2016/08/16,0,13000,-4815000,-4802000
2016/08/17,0,0,-408000,-408000
2016/08/18,0,17000,-484000,-467000
2016/08/19,0,1000,-97000,-96000
2016/08/22,0,0,-87000,-87000
2016/08/23,0,24000,-126000,-102000
2016/08/24,0,0,-24000,-24000
2016/08/25,0,77000,-29000,48000
2016/08/26,0,41000,-76000,-35000
2016/08/29,0,4000,-34000,-30000
2016/08/30,0,37000,-182000,-145000
2016/08/31,0,0,-131000,-131000
2016/09/01,0,0,-90000,-90000
2016/09/02,0,23000,-230000,-207000
2016/09/05,0,6000,-245000,-239000
2016/09/06,0,2000,-35000,-33000
2016/09/07,0,13000,-3074000,-3061000
2016/09/08,0,219000,-36000,183000
2016/09/09,0,0,-759000,-759000
2016/09/12,0,78000,-1502000,-1424000
2016/09/13,0,63000,-792822,-729822
2016/09/14,0,50000,-1572000,-1522000
2016/09/15,0,0,0,0
2016/09/16,0,0,0,0
2016/09/19,0,98000,-204500,-106500
2016/09/20,0,185000,-5000,180000
2016/09/21,0,4000,-247110,-243110
2016/09/22,0,2000,-116000,-114000
2016/09/23,0,15000,-1540000,-1525000
2016/09/26,0,0,-543000,-543000
2016/09/27,0,0,0,0
2016/09/28,0,0,0,0
2016/09/29,0,0,-30737,-30737
2016/09/30,0,121000,-667000,-546000
2016/10/03,0,69000,-26000,43000
2016/10/04,0,58000,-6000,52000
2016/10/05,0,157000,-550165,-393165
2016/10/06,0,0,-44000,-44000
2016/10/07,0,0,-1340000,-1340000
2016/10/10,0,0,0,0
2016/10/11,0,91000,-794000,-703000
2016/10/12,0,130000,-2700,127300
2016/10/13,0,2000,-1874000,-1872000
2016/10/14,0,34000,-74000,-40000
2016/10/17,0,0,-181000,-181000
2016/10/18,0,0,-8000,-8000
2016/10/19,0,7000,-69000,-62000
2016/10/20,0,0,-360000,-360000
2016/10/21,0,177000,-2072000,-1895000
2016/10/24,0,0,0,0
2016/10/25,0,11000,-6000,5000
2016/10/26,0,0,-169000,-169000
2016/10/27,0,0,-86000,-86000
2016/10/28,0,0,-193000,-193000
2016/10/31,0,80000,-13000,67000
2016/11/01,0,58000,0,58000
2016/11/02,0,109000,-13000,96000
2016/11/03,0,37000,-167000,-130000
2016/11/04,0,0,-5000,-5000
2016/11/07,0,108000,0,108000
2016/11/08,0,0,-957000,-957000
2016/11/09,0,4000,-1012000,-1008000
2016/11/10,0,101000,-2171000,-2070000
2016/11/11,0,0,-2698000,-2698000
2016/11/14,0,96000,-472000,-376000
2016/11/15,0,0,-1142000,-1142000
2016/11/16,0,71000,-2126630,-2055630
2016/11/17,0,0,-519079,-519079
2016/11/18,0,197000,-1000,196000
2016/11/21,0,115000,-552000,-437000
2016/11/22,0,87000,-3160633,-3073633
2016/11/23,0,28000,-1012000,-984000
2016/11/24,0,63000,-1128000,-1065000
2016/11/25,0,51000,-1237000,-1186000
2016/11/28,0,232000,-1325978,-1093978
2016/11/29,0,1000,-1464000,-1463000
2016/11/30,0,0,-5000,-5000
2016/12/01,0,21000,0,21000
2016/12/02,0,5000,-45000,-40000
2016/12/05,0,30000,-28000,2000
2016/12/06,0,187000,0,187000
2016/12/07,0,81000,-672000,-591000
2016/12/08,0,261000,-49000,212000
2016/12/09,0,1000,-143000,-142000
2016/12/12,0,65000,-139000,-74000
2016/12/13,0,0,-66000,-66000
2016/12/14,0,0,-96000,-96000
2016/12/15,0,2000,-71000,-69000
2016/12/16,0,45000,-47000,-2000
2016/12/19,0,7000,-30000,-23000
2016/12/20,0,25000,-31000,-6000
2016/12/21,0,73000,-10000,63000
2016/12/22,0,4000,-52000,-48000
2016/12/23,0,30000,-81630,-51630
2016/12/26,0,1000,-25000,-24000
2016/12/27,0,0,-30000,-30000
2016/12/28,0,1000,0,1000
2016/12/29,0,0,0,0
2016/12/30,0,1000,-2000,-1000
2017/01/02,0,0,0,0
2017/01/03,0,0,0,0
2017/01/04,0,0,-47000,-47000
2017/01/05,0,175000,0,175000
2017/01/06,0,0,-25000,-25000
2017/01/09,0,0,-1000,-1000
2017/01/10,0,0,-150000,-150000
2017/01/11,0,20000,0,20000
2017/01/12,0,0,-4000,-4000
2017/01/13,0,1000,-47000,-46000
2017/01/16,0,0,-8000,-8000
2017/01/17,0,10000,0,10000
2017/01/18,0,3000,-55000,-52000
2017/01/19,0,4000,-4744000,-4740000
2017/01/20,0,0,-4599000,-4599000
2017/01/23,0,50000,-2700000,-2650000
2017/01/24,0,0,-2267135,-2267135
2017/01/25,0,0,0,0
2017/01/26,0,0,0,0
2017/01/27,0,0,0,0
2017/01/30,0,0,0,0
2017/01/31,0,0,0,0
2017/02/01,0,0,0,0
2017/02/02,0,8000,-32000,-24000
2017/02/03,0,2000,-68000,-66000
2017/02/06,0,1000,-8000,-7000
2017/02/07,0,2000,-29000,-27000
2017/02/08,0,0,-114000,-114000
2017/02/09,0,0,-86000,-86000
2017/02/10,0,590000,0,590000
2017/02/13,0,420000,-88000,332000
2017/02/14,0,0,-8000,-8000
2017/02/15,0,192000,0,192000
2017/02/16,0,960000,-1265000,-305000
2017/02/17,0,348000,-1200000,-852000
2017/02/20,0,672000,0,672000
2017/02/21,0,2000,-21000,-19000
2017/02/22,0,349000,-598000,-249000
2017/02/23,0,2013000,-583000,1430000
2017/02/24,0,0,-31000,-31000
2017/02/27,0,0,0,0
2017/02/28,0,0,0,0
2017/03/01,0,22000,-15000,7000
2017/03/02,0,0,-6000,-6000
2017/03/03,0,0,-7000,-7000
2017/03/06,0,0,0,0
2017/03/07,0,0,0,0
2017/03/08,0,9000,0,9000
2017/03/09,0,21000,-138000,-117000
2017/03/10,0,3000,0,3000
2017/03/13,0,0,-27000,-27000
2017/03/14,0,50000,-25000,25000
2017/03/15,0,169000,-10000,159000
2017/03/16,0,190000,0,190000
2017/03/17,0,0,-27000,-27000
2017/03/20,0,3000,0,3000
2017/03/21,0,53000,-40000,13000
2017/03/22,0,17000,-37000,-20000
2017/03/23,0,1000,-70000,-69000
2017/03/24,0,0,0,0
2017/03/27,0,1000,-27000,-26000
2017/03/28,0,152000,0,152000
2017/03/29,0,353000,-2001000,-1648000
2017/03/30,0,16000,-32000,-16000
2017/03/31,0,0,-2014000,-2014000
2017/04/03,0,0,0,0
2017/04/04,0,0,0,0
2017/04/05,0,31000,-178000,-147000
2017/04/06,0,273000,-10000,263000
2017/04/07,0,0,-35000,-35000
2017/04/10,0,0,0,0
2017/04/11,0,0,-54000,-54000
2017/04/12,0,0,-50000,-50000
2017/04/13,0,1000,0,1000
2017/04/14,0,0,-251000,-251000
2017/04/17,0,3000,0,3000
2017/04/18,0,0,-1000,-1000
2017/04/19,0,0,-173000,-173000
2017/04/20,0,0,0,0
2017/04/21,0,0,-500000,-500000
2017/04/24,0,0,-500000,-500000
2017/04/25,0,2000,0,2000
2017/04/26,0,3000,-500000,-497000
2017/04/27,0,157000,-500000,-343000
2017/04/28,0,0,-3005000,-3005000
2017/05/01,0,0,0,0
2017/05/02,0,92000,0,92000
2017/05/03,0,0,-15000,-15000
2017/05/04,0,1000,0,1000
2017/05/05,0,0,-27000,-27000
2017/05/08,0,2000,0,2000
2017/05/09,0,52000,-26918,25082
2017/05/10,0,0,0,0
2017/05/11,0,0,0,0
2017/05/12,0,0,0,0
2017/05/15,0,682000,0,682000
2017/05/16,0,5000,-5000,0
2017/05/17,0,0,-234000,-234000
2017/05/18,0,1000,-2000,-1000
2017/05/19,0,1000000,0,1000000
2017/05/22,0,1600000,0,1600000
2017/05/23,0,0,-3000,-3000
2017/05/24,0,200000,0,200000
2017/05/25,0,603000,-12000,591000
2017/05/26,0,302000,0,302000
2017/05/29,0,0,0,0
2017/05/30,0,0,0,0
2017/05/31,0,752000,0,752000
2017/06/01,0,1450000,-46000,1404000
2017/06/02,0,1182000,0,1182000
2017/06/05,0,300000,0,300000
2017/06/06,0,300000,-936,299064
2017/06/07,0,1300000,-32000,1268000
2017/06/08,0,122000,0,122000
2017/06/09,0,100000,-25000,75000
2017/06/12,0,300000,-30000,270000
2017/06/13,0,1704000,-23000,1681000
2017/06/14,0,1201000,-101000,1100000
2017/06/15,0,2830000,-4000,2826000
2017/06/16,0,298000,-34000,264000
2017/06/19,0,4245000,-9000,4236000
2017/06/20,0,3347000,0,3347000
2017/06/21,0,3603000,0,3603000
2017/06/22,0,768000,0,768000
2017/06/23,0,100000,0,100000
2017/06/26,0,573000,0,573000
2017/06/27,0,1058000,0,1058000
2017/06/28,0,1625000,-605000,1020000
2017/06/29,0,1046000,0,1046000
2017/06/30,0,585000,-67000,518000
2017/07/03,0,361000,-91000,270000
2017/07/04,0,593000,-85000,508000
2017/07/05,0,1160000,-120000,1040000
2017/07/06,0,415000,0,415000
2017/07/07,0,411000,0,411000
2017/07/10,0,572000,-3000,569000
2017/07/11,0,694000,-190000,504000
2017/07/12,0,1292000,-14000,1278000
2017/07/13,0,1518000,-5000,1513000
2017/07/14,0,453000,-7000,446000
2017/07/17,0,537000,-89000,448000
2017/07/18,0,2845000,-189000,2656000
2017/07/19,0,1951000,-1000,1950000
2017/07/20,0,3411000,-699000,2712000
2017/07/21,0,2363000,0,2363000
2017/07/24,0,2867000,-1087000,1780000
2017/07/25,0,1730000,-66000,1664000
2017/07/26,0,1188000,-425000,763000
2017/07/27,0,582000,0,582000
2017/07/28,0,844000,-1081000,-237000
2017/07/31,0,2493000,-1000,2492000
2017/08/01,0,2369000,-271000,2098000
2017/08/02,0,4295000,-100000,4195000
2017/08/03,0,9068000,-310618,8757382
2017/08/04,0,3000,-10042000,-10039000
2017/08/07,0,94000,-2642000,-2548000
2017/08/08,0,35000,-551000,-516000
2017/08/09,0,50000,-765000,-715000
2017/08/10,0,35000,-688000,-653000
2017/08/11,0,114000,-80445,33555
2017/08/14,0,15000,-59000,-44000
2017/08/15,0,80000,-71000,9000
2017/08/16,0,196000,-1129000,-933000
2017/08/17,0,110000,-696000,-586000
2017/08/18,0,93000,-146000,-53000
