Date,Open,Buy,Sell,Total
2007/01/02,0,1400000,-129000,1271000
2007/01/03,0,100000,-400000,-300000
2007/01/04,0,0,-3600000,-3600000
2007/01/05,0,300000,-3424000,-3124000
2007/01/08,0,0,-1425000,-1425000
2007/01/09,0,0,-197000,-197000
2007/01/10,0,50000,-200000,-150000
2007/01/11,0,1000,-1050000,-1049000
2007/01/12,0,2000,-600000,-598000
2007/01/15,0,0,0,0
2007/01/16,0,1000,-400000,-399000
2007/01/17,0,151000,0,151000
2007/01/18,0,410000,-1200000,-790000
2007/01/19,0,1090000,-6000,1084000
2007/01/22,0,0,-2038000,-2038000
2007/01/23,0,0,0,0
2007/01/24,0,20000,0,20000
2007/01/25,0,0,-500000,-500000
2007/01/26,0,0,0,0
2007/01/29,0,0,0,0
2007/01/30,0,165000,-182000,-17000
2007/01/31,0,0,0,0
2007/02/01,0,3050000,0,3050000
2007/02/02,0,0,0,0
2007/02/05,0,1310000,0,1310000
2007/02/06,0,18000,0,18000
2007/02/07,0,0,0,0
2007/02/08,0,1000,0,1000
2007/02/09,0,203000,0,203000
2007/02/12,0,830000,0,830000
2007/02/13,0,0,0,0
2007/02/14,0,0,0,0
2007/02/15,0,0,0,0
2007/02/16,0,0,0,0
2007/02/19,0,0,0,0
2007/02/20,0,0,0,0
2007/02/21,0,0,0,0
2007/02/22,0,0,0,0
2007/02/23,0,0,0,0
2007/02/26,0,36000,-30000,6000
2007/02/27,0,1290000,0,1290000
2007/02/28,0,0,0,0
2007/03/01,0,0,0,0
2007/03/02,0,150000,-203000,-53000
2007/03/05,0,0,-4000,-4000
2007/03/06,0,0,0,0
2007/03/07,0,0,0,0
2007/03/08,0,850000,-851000,-1000
2007/03/09,0,50000,0,50000
2007/03/12,0,0,0,0
2007/03/13,0,400000,0,400000
2007/03/14,0,0,-100000,-100000
2007/03/15,0,0,-600840,-600840
2007/03/16,0,800000,-205000,595000
2007/03/19,0,730000,0,730000
2007/03/20,0,500000,-9000,491000
2007/03/21,0,0,-101000,-101000
2007/03/22,0,0,-1369000,-1369000
2007/03/23,0,0,-870000,-870000
2007/03/26,0,1000,-730000,-729000
2007/03/27,0,0,-840000,-840000
2007/03/28,0,50000,-2900000,-2850000
2007/03/29,0,0,-1130000,-1130000
2007/03/30,0,0,0,0
2007/04/02,0,0,-200000,-200000
2007/04/03,0,0,0,0
2007/04/04,0,0,-1000,-1000
2007/04/05,0,0,0,0
2007/04/06,0,0,0,0
2007/04/09,0,120000,0,120000
2007/04/10,0,0,0,0
2007/04/11,0,0,-640000,-640000
2007/04/12,0,780000,-5000,775000
2007/04/13,0,0,-2000,-2000
2007/04/16,0,0,0,0
2007/04/17,0,100000,0,100000
2007/04/18,0,0,0,0
2007/04/19,0,0,-300000,-300000
2007/04/20,0,7000,-950000,-943000
2007/04/23,0,1000,-500000,-499000
2007/04/24,0,6000,-700000,-694000
2007/04/25,0,0,-1245000,-1245000
2007/04/26,0,130000,-200000,-70000
2007/04/27,0,0,-700000,-700000
2007/04/30,0,120000,-2100000,-1980000
2007/05/01,0,0,0,0
2007/05/02,0,0,-300000,-300000
2007/05/03,0,0,0,0
2007/05/04,0,0,-236000,-236000
2007/05/07,0,0,0,0
2007/05/08,0,0,-341000,-341000
2007/05/09,0,0,-500000,-500000
2007/05/10,0,0,-4000,-4000
2007/05/11,0,0,0,0
2007/05/14,0,0,0,0
2007/05/15,0,8000,-620000,-612000
2007/05/16,0,0,-660000,-660000
2007/05/17,0,0,-2000,-2000
2007/05/18,0,0,-193000,-193000
2007/05/21,0,0,-200000,-200000
2007/05/22,0,2000,-500000,-498000
2007/05/23,0,0,-500000,-500000
2007/05/24,0,0,-800000,-800000
2007/05/25,0,0,-550000,-550000
2007/05/28,0,0,-419000,-419000
2007/05/29,0,2000,0,2000
2007/05/30,0,0,0,0
2007/05/31,0,30000,0,30000
2007/06/01,0,0,0,0
2007/06/04,0,1000,-579000,-578000
2007/06/05,0,0,-380000,-380000
2007/06/06,0,2000,-1601000,-1599000
2007/06/07,0,0,-500000,-500000
2007/06/08,0,0,-500000,-500000
2007/06/11,0,0,-160000,-160000
2007/06/12,0,0,-1400000,-1400000
2007/06/13,0,300000,-430000,-130000
2007/06/14,0,0,-1000,-1000
2007/06/15,0,0,-883000,-883000
2007/06/18,0,0,0,0
2007/06/19,0,0,0,0
2007/06/20,0,0,-1000,-1000
2007/06/21,0,0,0,0
2007/06/22,0,0,0,0
2007/06/25,0,8000,0,8000
2007/06/26,0,0,0,0
2007/06/27,0,0,0,0
2007/06/28,0,0,0,0
2007/06/29,0,1040000,0,1040000
2007/07/02,0,751000,0,751000
2007/07/03,0,100000,0,100000
2007/07/04,0,261000,0,261000
2007/07/05,0,249000,-412000,-163000
2007/07/06,0,453000,0,453000
2007/07/09,0,315000,-833000,-518000
2007/07/10,0,2000,0,2000
2007/07/11,0,0,0,0
2007/07/12,0,0,0,0
2007/07/13,0,0,0,0
2007/07/16,0,0,0,0
2007/07/17,0,0,-2000,-2000
2007/07/18,0,3784000,0,3784000
2007/07/19,0,546000,0,546000
2007/07/20,0,1000,-700000,-699000
2007/07/23,0,0,0,0
2007/07/24,0,0,-105000,-105000
2007/07/25,0,2000,0,2000
2007/07/26,0,1000,0,1000
2007/07/27,0,1000,0,1000
2007/07/30,0,500000,0,500000
2007/07/31,0,2292000,0,2292000
2007/08/01,0,481000,0,481000
2007/08/02,0,1000,0,1000
2007/08/03,0,65000,0,65000
2007/08/06,0,200000,0,200000
2007/08/07,0,302000,0,302000
2007/08/08,0,800000,0,800000
2007/08/09,0,2000,0,2000
2007/08/10,0,508000,-21000,487000
2007/08/13,0,500000,0,500000
2007/08/14,0,0,0,0
2007/08/15,0,1000,0,1000
2007/08/16,0,895000,-369000,526000
2007/08/17,0,362000,-1000,361000
2007/08/20,0,3000,0,3000
2007/08/21,0,990000,0,990000
2007/08/22,0,6000,0,6000
2007/08/23,0,175000,0,175000
2007/08/24,0,26000,-1000,25000
2007/08/27,0,4000,0,4000
2007/08/28,0,0,-601000,-601000
2007/08/29,0,0,0,0
2007/08/30,0,0,-40000,-40000
2007/08/31,0,1399000,-4000,1395000
2007/09/03,0,0,-460000,-460000
2007/09/04,0,59000,-302000,-243000
2007/09/05,0,0,0,0
2007/09/06,0,6000,0,6000
2007/09/07,0,0,0,0
2007/09/10,0,4000,0,4000
2007/09/11,0,4000,-200000,-196000
2007/09/12,0,0,-371000,-371000
2007/09/13,0,0,0,0
2007/09/14,0,600000,0,600000
2007/09/17,0,107000,0,107000
2007/09/18,0,0,0,0
2007/09/19,0,0,0,0
2007/09/20,0,0,-340000,-340000
2007/09/21,0,0,-56000,-56000
2007/09/24,0,0,0,0
2007/09/25,0,0,0,0
2007/09/26,0,0,-1000,-1000
2007/09/27,0,1000,-1000000,-999000
2007/09/28,0,0,-60000,-60000
2007/10/01,0,0,0,0
2007/10/02,0,10000,-518400,-508400
2007/10/03,0,0,-1008000,-1008000
2007/10/04,0,0,-200000,-200000
2007/10/05,0,0,-244800,-244800
2007/10/08,0,65000,-428000,-363000
2007/10/09,0,0,-930000,-930000
2007/10/10,0,0,0,0
2007/10/11,0,0,-630000,-630000
2007/10/12,0,400000,0,400000
2007/10/15,0,1000,-155000,-154000
2007/10/16,0,0,-229000,-229000
2007/10/17,0,0,-1501000,-1501000
2007/10/18,0,0,0,0
2007/10/19,0,135000,-33000,102000
2007/10/22,0,250000,-2179000,-1929000
2007/10/23,0,1000,-650000,-649000
2007/10/24,0,0,-16000,-16000
2007/10/25,0,0,-1000,-1000
2007/10/26,0,22000,0,22000
2007/10/29,0,1000,-317000,-316000
2007/10/30,0,0,0,0
2007/10/31,0,0,0,0
2007/11/01,0,140000,-407000,-267000
2007/11/02,0,6000,0,6000
2007/11/05,0,15000,-200,14800
2007/11/06,0,0,0,0
2007/11/07,0,200000,-1400,198600
2007/11/08,0,137000,0,137000
2007/11/09,0,22000,0,22000
2007/11/12,0,101000,0,101000
2007/11/13,0,1000,-160400,-159400
2007/11/14,0,265000,0,265000
2007/11/15,0,0,0,0
2007/11/16,0,15000,-1269000,-1254000
2007/11/19,0,0,-21000,-21000
2007/11/20,0,1000,0,1000
2007/11/21,0,0,0,0
2007/11/22,0,0,-3000,-3000
2007/11/23,0,2000,0,2000
2007/11/26,0,5000,0,5000
2007/11/27,0,0,-264000,-264000
2007/11/28,0,1000,-400000,-399000
2007/11/29,0,100000,0,100000
2007/11/30,0,670000,0,670000
2007/12/03,0,186000,0,186000
2007/12/04,0,150000,0,150000
2007/12/05,0,250000,0,250000
2007/12/06,0,250000,0,250000
2007/12/07,0,0,0,0
2007/12/10,0,0,-50000,-50000
2007/12/11,0,1000,-214080,-213080
2007/12/12,0,200000,0,200000
2007/12/13,0,0,-1000,-1000
2007/12/14,0,0,-772000,-772000
2007/12/17,0,2000,0,2000
2007/12/18,0,137000,0,137000
2007/12/19,0,1000,-60000,-59000
2007/12/20,0,0,-90000,-90000
2007/12/21,0,0,-56000,-56000
2007/12/24,0,0,-31000,-31000
2007/12/25,0,650000,0,650000
2007/12/26,0,20000,0,20000
2007/12/27,0,100000,0,100000
2007/12/28,0,0,-100000,-100000
2007/12/31,0,345000,0,345000
2008/01/01,0,0,0,0
2008/01/02,0,34000,0,34000
2008/01/03,0,0,0,0
2008/01/04,0,175000,-1000,174000
2008/01/07,0,5167000,0,5167000
2008/01/08,0,214000,-16000,198000
2008/01/09,0,0,0,0
2008/01/10,0,684000,0,684000
2008/01/11,0,0,0,0
2008/01/14,0,600000,0,600000
2008/01/15,0,436000,-160000,276000
2008/01/16,0,442000,-110000,332000
2008/01/17,0,9000,-440000,-431000
2008/01/18,0,2090000,-530000,1560000
2008/01/21,0,1077000,-200000,877000
2008/01/22,0,0,0,0
2008/01/23,0,1000,-200000,-199000
2008/01/24,0,875000,-301000,574000
2008/01/25,0,1720000,0,1720000
2008/01/28,0,679000,-511000,168000
2008/01/29,0,0,-314000,-314000
2008/01/30,0,0,-100000,-100000
2008/01/31,0,463000,0,463000
2008/02/01,0,270000,0,270000
2008/02/04,0,0,0,0
2008/02/05,0,0,0,0
2008/02/06,0,0,0,0
2008/02/07,0,0,0,0
2008/02/08,0,0,0,0
2008/02/11,0,0,0,0
2008/02/12,0,644000,-300000,344000
2008/02/13,0,0,0,0
2008/02/14,0,250000,0,250000
2008/02/15,0,100000,-195000,-95000
2008/02/18,0,32000,-244000,-212000
2008/02/19,0,472000,-104000,368000
2008/02/20,0,200000,-505000,-305000
2008/02/21,0,760000,0,760000
2008/02/22,0,129000,-50000,79000
2008/02/25,0,701000,-88000,613000
2008/02/26,0,11000,-801000,-790000
2008/02/27,0,100000,0,100000
2008/02/28,0,0,0,0
2008/02/29,0,2800000,-1000,2799000
2008/03/03,0,356000,0,356000
2008/03/04,0,2668000,0,2668000
2008/03/05,0,1900000,-200000,1700000
2008/03/06,0,50000,-380000,-330000
2008/03/07,0,0,-489000,-489000
2008/03/10,0,0,-2581000,-2581000
2008/03/11,0,1000,-59000,-58000
2008/03/12,0,2000,-200000,-198000
2008/03/13,0,0,0,0
2008/03/14,0,695000,-400000,295000
2008/03/17,0,1151000,-128000,1023000
2008/03/18,0,1152000,-1600000,-448000
2008/03/19,0,2993000,-200000,2793000
2008/03/20,0,414000,-2470000,-2056000
2008/03/21,0,4244000,0,4244000
2008/03/24,0,3755000,-49000,3706000
2008/03/25,0,697000,-344000,353000
2008/03/26,0,208000,-100000,108000
2008/03/27,0,1000,-186000,-185000
2008/03/28,0,101000,-515800,-414800
2008/03/31,0,117000,-1370000,-1253000
2008/04/01,0,1000,-300000,-299000
2008/04/02,0,150000,-229000,-79000
2008/04/03,0,51000,0,51000
2008/04/04,0,0,0,0
2008/04/07,0,40000,-246000,-206000
2008/04/08,0,446000,-1900000,-1454000
2008/04/09,0,1786000,0,1786000
2008/04/10,0,2874000,0,2874000
2008/04/11,0,960000,0,960000
2008/04/14,0,1465000,-231000,1234000
2008/04/15,0,658000,0,658000
2008/04/16,0,171000,-53000,118000
2008/04/17,0,0,-600000,-600000
2008/04/18,0,0,-1126000,-1126000
2008/04/21,0,101000,-120000,-19000
2008/04/22,0,1000,-1200000,-1199000
2008/04/23,0,34000,-1770000,-1736000
2008/04/24,0,20000,-2638000,-2618000
2008/04/25,0,342000,-500000,-158000
2008/04/28,0,105000,-706000,-601000
2008/04/29,0,150000,-107000,43000
2008/04/30,0,4000,-2117000,-2113000
2008/05/01,0,0,0,0
2008/05/02,0,7000,-579000,-572000
2008/05/05,0,60000,-1374000,-1314000
2008/05/06,0,2000,-1331000,-1329000
2008/05/07,0,9000,-2000,7000
2008/05/08,0,403000,-189000,214000
2008/05/09,0,1000,-70000,-69000
2008/05/12,0,301000,-261200,39800
2008/05/13,0,1370000,-889000,481000
2008/05/14,0,906000,-905000,1000
2008/05/15,0,1472000,-470000,1002000
2008/05/16,0,0,-123000,-123000
2008/05/19,0,545000,-150000,395000
2008/05/20,0,1000,-1000,0
2008/05/21,0,76000,-100000,-24000
2008/05/22,0,2000,-250000,-248000
2008/05/23,0,0,-149000,-149000
2008/05/26,0,3000,-124000,-121000
2008/05/27,0,200000,-1000,199000
2008/05/28,0,131000,0,131000
2008/05/29,0,1000,0,1000
2008/05/30,0,0,-1000,-1000
2008/06/02,0,2000,-66000,-64000
2008/06/03,0,0,0,0
2008/06/04,0,942000,0,942000
2008/06/05,0,0,-500000,-500000
2008/06/06,0,850000,0,850000
2008/06/09,0,460000,0,460000
2008/06/10,0,111000,-100000,11000
2008/06/11,0,1000,0,1000
2008/06/12,0,2000,-70000,-68000
2008/06/13,0,23000,0,23000
2008/06/16,0,147000,-156000,-9000
2008/06/17,0,352000,0,352000
2008/06/18,0,125000,0,125000
2008/06/19,0,0,-2000,-2000
2008/06/20,0,0,-7000,-7000
2008/06/23,0,486000,-50000,436000
2008/06/24,0,98000,-397000,-299000
2008/06/25,0,1195000,-8158000,-6963000
2008/06/26,0,0,-590000,-590000
2008/06/27,0,300000,-2107000,-1807000
2008/06/30,0,1123000,-824000,299000
2008/07/01,0,1000,-1910000,-1909000
2008/07/02,0,775000,-241000,534000
2008/07/03,0,515000,-2654000,-2139000
2008/07/04,0,303000,-457240,-154240
2008/07/07,0,105000,0,105000
2008/07/08,0,0,0,0
2008/07/09,0,510000,-1000,509000
2008/07/10,0,240000,0,240000
2008/07/11,0,705000,-7000,698000
2008/07/14,0,480000,0,480000
2008/07/15,0,2000,0,2000
2008/07/16,0,665000,-1711000,-1046000
2008/07/17,0,776000,-5847000,-5071000
2008/07/18,0,150000,-4220,145780
2008/07/21,0,1198000,-543860,654140
2008/07/22,0,300000,-288000,12000
2008/07/23,0,2980000,-307000,2673000
2008/07/24,0,1995000,-604000,1391000
2008/07/25,0,60000,0,60000
2008/07/28,0,0,0,0
2008/07/29,0,186000,0,186000
2008/07/30,0,103000,0,103000
2008/07/31,0,651000,0,651000
2008/08/01,0,32000,-17360,14640
2008/08/04,0,516000,-105000,411000
2008/08/05,0,150000,-90000,60000
2008/08/06,0,691000,-1317000,-626000
2008/08/07,0,324000,-3497000,-3173000
2008/08/08,0,9000,0,9000
2008/08/11,0,306000,0,306000
2008/08/12,0,75000,-3000,72000
2008/08/13,0,100000,0,100000
2008/08/14,0,2976000,0,2976000
2008/08/15,0,1338000,-1000,1337000
2008/08/18,0,0,-1100000,-1100000
2008/08/19,0,0,-1523000,-1523000
2008/08/20,0,229000,-4000,225000
2008/08/21,0,702000,-1282000,-580000
2008/08/22,0,500000,-258000,242000
2008/08/25,0,427000,0,427000
2008/08/26,0,1000,-1000,0
2008/08/27,0,0,-354000,-354000
2008/08/28,0,910000,-2680000,-1770000
2008/08/29,0,16000,-20000,-4000
2008/09/01,0,663000,0,663000
2008/09/02,0,121000,0,121000
2008/09/03,0,816000,0,816000
2008/09/04,0,1603000,0,1603000
2008/09/05,0,502000,-202000,300000
2008/09/08,0,0,0,0
2008/09/09,0,509000,0,509000
2008/09/10,0,147000,-22000,125000
2008/09/11,0,950000,-5000,945000
2008/09/12,0,0,-187000,-187000
2008/09/15,0,0,0,0
2008/09/16,0,2000,-30000,-28000
2008/09/17,0,200000,-1000,199000
2008/09/18,0,102000,-6000,96000
2008/09/19,0,100000,-6000,94000
2008/09/22,0,406000,-329000,77000
2008/09/23,0,23000,0,23000
2008/09/24,0,500000,-2200,497800
2008/09/25,0,0,-5000,-5000
2008/09/26,0,1151000,-75250,1075750
2008/09/29,0,0,0,0
2008/09/30,0,0,0,0
2008/10/01,0,701000,-2000,699000
2008/10/02,0,601000,0,601000
2008/10/03,0,500000,-1868,498132
2008/10/06,0,605000,-207000,398000
2008/10/07,0,300000,-4000,296000
2008/10/08,0,200000,-1000,199000
2008/10/09,0,1047000,-72000,975000
2008/10/10,0,0,0,0
2008/10/13,0,0,-25000,-25000
2008/10/14,0,300000,-336,299664
2008/10/15,0,2000,0,2000
2008/10/16,0,3000,-169000,-166000
2008/10/17,0,0,-6000,-6000
2008/10/20,0,300000,-925000,-625000
2008/10/21,0,0,-1270000,-1270000
2008/10/22,0,0,0,0
2008/10/23,0,0,0,0
2008/10/24,0,0,-50000,-50000
2008/10/27,0,0,0,0
2008/10/28,0,0,-448000,-448000
2008/10/29,0,0,-1118000,-1118000
2008/10/30,0,4000,-950232,-946232
2008/10/31,0,0,-1000000,-1000000
2008/11/03,0,1000000,-2105095,-1105095
2008/11/04,0,5000,-1601000,-1596000
2008/11/05,0,401000,-3600000,-3199000
2008/11/06,0,2000,0,2000
2008/11/07,0,0,-540000,-540000
2008/11/10,0,700000,-4052900,-3352900
2008/11/11,0,2201000,0,2201000
2008/11/12,0,601000,0,601000
2008/11/13,0,0,0,0
2008/11/14,0,200000,0,200000
2008/11/17,0,566000,-583000,-17000
2008/11/18,0,602000,-125855,476145
2008/11/19,0,3371000,-20000,3351000
2008/11/20,0,1270000,0,1270000
2008/11/21,0,454000,-28000,426000
2008/11/24,0,753000,0,753000
2008/11/25,0,1017000,-1300000,-283000
2008/11/26,0,84000,0,84000
2008/11/27,0,430000,-1150000,-720000
2008/11/28,0,1600000,0,1600000
2008/12/01,0,1705000,0,1705000
2008/12/02,0,1050000,-400000,650000
2008/12/03,0,1500000,-32000,1468000
2008/12/04,0,898000,-250000,648000
2008/12/05,0,100000,0,100000
2008/12/08,0,969000,0,969000
2008/12/09,0,478000,-450000,28000
2008/12/10,0,6000,0,6000
2008/12/11,0,48000,-300000,-252000
2008/12/12,0,0,-1084000,-1084000
2008/12/15,0,0,0,0
2008/12/16,0,1460000,-398000,1062000
2008/12/17,0,0,-1202000,-1202000
2008/12/18,0,590000,-4000,586000
2008/12/19,0,210000,-19000,191000
2008/12/22,0,0,-165000,-165000
2008/12/23,0,0,-210000,-210000
2008/12/24,0,308000,0,308000
2008/12/25,0,540000,0,540000
2008/12/26,0,1300000,-5000,1295000
2008/12/29,0,0,0,0
2008/12/30,0,1320000,0,1320000
2008/12/31,0,757000,0,757000
2009/01/01,0,0,0,0
2009/01/02,0,0,0,0
2009/01/05,0,100000,-700000,-600000
2009/01/06,0,2290000,0,2290000
2009/01/07,0,2200000,-1550000,650000
2009/01/08,0,0,-550000,-550000
2009/01/09,0,1000,0,1000
2009/01/12,0,1000,-405000,-404000
2009/01/13,0,0,-535000,-535000
2009/01/14,0,505000,-450000,55000
2009/01/15,0,0,-644000,-644000
2009/01/16,0,1000,-250000,-249000
2009/01/19,0,1134000,-3516000,-2382000
2009/01/20,0,0,-2200000,-2200000
2009/01/21,0,50000,-494000,-444000
2009/01/22,0,0,0,0
2009/01/23,0,0,0,0
2009/01/26,0,0,0,0
2009/01/27,0,0,0,0
2009/01/28,0,0,0,0
2009/01/29,0,0,0,0
2009/01/30,0,0,0,0
2009/02/02,0,0,-145000,-145000
2009/02/03,0,16000,-1255000,-1239000
2009/02/04,0,0,-400000,-400000
2009/02/05,0,0,-531000,-531000
2009/02/06,0,3000,-582000,-579000
2009/02/09,0,0,-1825000,-1825000
2009/02/10,0,3000,-226000,-223000
2009/02/11,0,0,-1000,-1000
2009/02/12,0,0,-1000000,-1000000
2009/02/13,0,530000,-2134000,-1604000
2009/02/16,0,249000,-1000000,-751000
2009/02/17,0,340000,0,340000
2009/02/18,0,196000,-500000,-304000
2009/02/19,0,0,0,0
2009/02/20,0,7000,-437000,-430000
2009/02/23,0,1113000,-485000,628000
2009/02/24,0,0,-400000,-400000
2009/02/25,0,1034000,0,1034000
2009/02/26,0,0,-1000000,-1000000
2009/02/27,0,0,0,0
2009/03/02,0,534000,-683000,-149000
2009/03/03,0,0,-850000,-850000
2009/03/04,0,200000,0,200000
2009/03/05,0,0,0,0
2009/03/06,0,0,-1002000,-1002000
2009/03/09,0,0,-1000,-1000
2009/03/10,0,678000,0,678000
2009/03/11,0,4581000,0,4581000
2009/03/12,0,2443000,0,2443000
2009/03/13,0,5220000,-2000,5218000
2009/03/16,0,6014000,-2801000,3213000
2009/03/17,0,6544000,-452000,6092000
2009/03/18,0,1400000,-1305000,95000
2009/03/19,0,1600000,-201000,1399000
2009/03/20,0,2520000,-1098000,1422000
2009/03/23,0,500000,-503000,-3000
2009/03/24,0,1000000,-5000,995000
2009/03/25,0,968000,0,968000
2009/03/26,0,0,-1020750,-1020750
2009/03/27,0,37000,-1900000,-1863000
2009/03/30,0,0,-444000,-444000
2009/03/31,0,1800000,-2000,1798000
2009/04/01,0,799000,0,799000
2009/04/02,0,960000,-282000,678000
2009/04/03,0,0,-1000,-1000
2009/04/06,0,0,-1000,-1000
2009/04/07,0,270000,-220000,50000
2009/04/08,0,178000,-175000,3000
2009/04/09,0,179000,0,179000
2009/04/10,0,1300000,0,1300000
2009/04/13,0,1283000,-13000,1270000
2009/04/14,0,1170000,-44000,1126000
2009/04/15,0,0,-300000,-300000
2009/04/16,0,100000,-324000,-224000
2009/04/17,0,1050000,-444000,606000
2009/04/20,0,400000,-1206000,-806000
2009/04/21,0,300000,0,300000
2009/04/22,0,200000,-16000,184000
2009/04/23,0,50000,-1000,49000
2009/04/24,0,200000,-3413000,-3213000
2009/04/27,0,0,0,0
2009/04/28,0,1000,0,1000
2009/04/29,0,100000,-2874000,-2774000
2009/04/30,0,0,0,0
2009/05/01,0,0,0,0
2009/05/04,0,0,0,0
2009/05/05,0,0,0,0
2009/05/06,0,599000,0,599000
2009/05/07,0,1824000,0,1824000
2009/05/08,0,19000,0,19000
2009/05/11,0,1000,-700000,-699000
2009/05/12,0,0,-3000,-3000
2009/05/13,0,0,-1607000,-1607000
2009/05/14,0,0,-50000,-50000
2009/05/15,0,404000,-50000,354000
2009/05/18,0,200000,-1050,198950
2009/05/19,0,0,0,0
2009/05/20,0,0,-1000,-1000
2009/05/21,0,0,0,0
2009/05/22,0,0,-1000,-1000
2009/05/25,0,0,-2000,-2000
2009/05/26,0,13000,-350000,-337000
2009/05/27,0,5000,-301000,-296000
2009/05/28,0,0,0,0
2009/05/29,0,0,0,0
2009/06/01,0,5000,-600000,-595000
2009/06/02,0,95000,-600000,-505000
2009/06/03,0,72000,-1900000,-1828000
2009/06/04,0,59000,-970000,-911000
2009/06/05,0,700000,-2200000,-1500000
2009/06/08,0,1509000,0,1509000
2009/06/09,0,22000,-700000,-678000
2009/06/10,0,8000,-95000,-87000
2009/06/11,0,9000,0,9000
2009/06/12,0,0,0,0
2009/06/15,0,1000,0,1000
2009/06/16,0,4000,0,4000
2009/06/17,0,3000,0,3000
2009/06/18,0,3000,0,3000
2009/06/19,0,451000,0,451000
2009/06/22,0,503000,0,503000
2009/06/23,0,0,-3000,-3000
2009/06/24,0,662000,0,662000
2009/06/25,0,1562000,0,1562000
2009/06/26,0,550000,-150000,400000
2009/06/29,0,43000,0,43000
2009/06/30,0,0,0,0
2009/07/01,0,0,0,0
2009/07/02,0,3000,0,3000
2009/07/03,0,555000,-147000,408000
2009/07/06,0,700000,-6000,694000
2009/07/07,0,2941000,0,2941000
2009/07/08,0,550000,-3651000,-3101000
2009/07/09,0,300000,0,300000
2009/07/10,0,140000,-347000,-207000
2009/07/13,0,0,-3000,-3000
2009/07/14,0,110000,-146000,-36000
2009/07/15,0,100000,-90000,10000
2009/07/16,0,350000,-153000,197000
2009/07/17,0,0,-566000,-566000
2009/07/20,0,0,-450000,-450000
2009/07/21,0,0,-102000,-102000
2009/07/22,0,67000,-71000,-4000
2009/07/23,0,30000,-102000,-72000
2009/07/24,0,80000,-1000,79000
2009/07/27,0,80000,0,80000
2009/07/28,0,380000,-326000,54000
2009/07/29,0,0,-615000,-615000
2009/07/30,0,0,-2000,-2000
2009/07/31,0,1000,-323000,-322000
2009/08/03,0,250000,0,250000
2009/08/04,0,0,-979000,-979000
2009/08/05,0,0,-520000,-520000
2009/08/06,0,0,-470000,-470000
2009/08/07,0,0,0,0
2009/08/10,0,3000,-1302000,-1299000
2009/08/11,0,802000,-760000,42000
2009/08/12,0,879000,-402000,477000
2009/08/13,0,135000,-650000,-515000
2009/08/14,0,100000,-5000,95000
2009/08/17,0,0,-1047000,-1047000
2009/08/18,0,2000,-140000,-138000
2009/08/19,0,1000,-303000,-302000
2009/08/20,0,1000,-379000,-378000
2009/08/21,0,334000,-199000,135000
2009/08/24,0,901000,0,901000
2009/08/25,0,900000,-603000,297000
2009/08/26,0,401000,0,401000
2009/08/27,0,3000,-109000,-106000
2009/08/28,0,0,0,0
2009/08/31,0,5000,-485000,-480000
2009/09/01,0,300000,0,300000
2009/09/02,0,400000,-610000,-210000
2009/09/03,0,631000,-2000,629000
2009/09/04,0,300000,-2000,298000
2009/09/07,0,0,-2000,-2000
2009/09/08,0,0,0,0
2009/09/09,0,304000,-57000,247000
2009/09/10,0,1057000,0,1057000
2009/09/11,0,450000,0,450000
2009/09/14,0,0,-20000,-20000
2009/09/15,0,100000,0,100000
2009/09/16,0,7000,0,7000
2009/09/17,0,461000,0,461000
2009/09/18,0,241000,-3000,238000
2009/09/21,0,150000,-1000,149000
2009/09/22,0,162000,0,162000
2009/09/23,0,0,0,0
2009/09/24,0,0,-34527,-34527
2009/09/25,0,250000,-19650,230350
2009/09/28,0,480000,-51740,428260
2009/09/29,0,2000,-21180,-19180
2009/09/30,0,0,0,0
2009/10/01,0,900000,0,900000
2009/10/02,0,680000,-3150,676850
2009/10/05,0,1157000,-4000,1153000
2009/10/06,0,340000,0,340000
2009/10/07,0,130000,-13500,116500
2009/10/08,0,60000,0,60000
2009/10/09,0,1000,0,1000
2009/10/12,0,108000,0,108000
2009/10/13,0,65000,-500000,-435000
2009/10/14,0,250000,-574000,-324000
2009/10/15,0,0,0,0
2009/10/16,0,30000,-215000,-185000
2009/10/19,0,303000,-10500,292500
2009/10/20,0,629000,-23000,606000
2009/10/21,0,7000,-73730,-66730
2009/10/22,0,350000,0,350000
2009/10/23,0,318000,0,318000
2009/10/26,0,1546000,0,1546000
2009/10/27,0,531000,-350000,181000
2009/10/28,0,400000,-708640,-308640
2009/10/29,0,1000,0,1000
2009/10/30,0,0,0,0
2009/11/02,0,1000,-445000,-444000
2009/11/03,0,2000,-300000,-298000
2009/11/04,0,1000,0,1000
2009/11/05,0,2000,0,2000
2009/11/06,0,1646000,-250000,1396000
2009/11/09,0,410000,0,410000
2009/11/10,0,101000,-8000,93000
2009/11/11,0,0,0,0
2009/11/12,0,900000,-7000,893000
2009/11/13,0,0,-302000,-302000
2009/11/16,0,604000,-2000,602000
2009/11/17,0,0,-468370,-468370
2009/11/18,0,0,-373000,-373000
2009/11/19,0,0,-1080000,-1080000
2009/11/20,0,2000,-3125000,-3123000
2009/11/23,0,250000,-1490000,-1240000
2009/11/24,0,0,-1943640,-1943640
2009/11/25,0,0,-1500000,-1500000
2009/11/26,0,0,-100000,-100000
2009/11/27,0,0,-200000,-200000
2009/11/30,0,2000,-555000,-553000
2009/12/01,0,300000,-1555000,-1255000
2009/12/02,0,30000,-1000000,-970000
2009/12/03,0,278000,-600000,-322000
2009/12/04,0,770000,-623000,147000
2009/12/07,0,222000,-1029500,-807500
2009/12/08,0,0,-160000,-160000
2009/12/09,0,0,0,0
2009/12/10,0,0,-4000,-4000
2009/12/11,0,2000,-38000,-36000
2009/12/14,0,734000,-3000,731000
2009/12/15,0,808000,-190000,618000
2009/12/16,0,300000,-4000,296000
2009/12/17,0,0,0,0
2009/12/18,0,0,-2000,-2000
2009/12/21,0,20000,-500000,-480000
2009/12/22,0,0,-716000,-716000
2009/12/23,0,0,-500000,-500000
2009/12/24,0,0,-1091000,-1091000
2009/12/25,0,0,-3000,-3000
2009/12/28,0,0,-106000,-106000
2009/12/29,0,0,-758000,-758000
2009/12/30,0,0,-161000,-161000
2009/12/31,0,1060000,-357000,703000
2010/01/01,0,0,0,0
2010/01/04,0,483000,0,483000
2010/01/05,0,0,-1000,-1000
2010/01/06,0,1200000,0,1200000
2010/01/07,0,807000,0,807000
2010/01/08,0,75000,-50000,25000
2010/01/11,0,0,0,0
2010/01/12,0,0,-58000,-58000
2010/01/13,0,0,-350000,-350000
2010/01/14,0,0,-55000,-55000
2010/01/15,0,673000,-4000,669000
2010/01/18,0,0,-2090000,-2090000
2010/01/19,0,0,0,0
2010/01/20,0,425000,-2620,422380
2010/01/21,0,0,-2617200,-2617200
2010/01/22,0,0,-2147995,-2147995
2010/01/25,0,750000,-3434000,-2684000
2010/01/26,0,0,-350000,-350000
2010/01/27,0,2000,-2672000,-2670000
2010/01/28,0,0,-12620,-12620
2010/01/29,0,1000,0,1000
2010/02/01,0,0,0,0
2010/02/02,0,0,-26000,-26000
2010/02/03,0,2000,-1210000,-1208000
2010/02/04,0,0,-6614000,-6614000
2010/02/05,0,0,0,0
2010/02/08,0,1000,-239665,-238665
2010/02/09,0,0,-30000,-30000
2010/02/10,0,0,-343000,-343000
2010/02/11,0,0,0,0
2010/02/12,0,0,0,0
2010/02/15,0,0,0,0
2010/02/16,0,0,0,0
2010/02/17,0,0,0,0
2010/02/18,0,0,0,0
2010/02/19,0,0,0,0
2010/02/22,0,9000,0,9000
2010/02/23,0,1000,-50000,-49000
2010/02/24,0,0,-3540,-3540
2010/02/25,0,0,-4450,-4450
2010/02/26,0,0,-1000,-1000
2010/03/01,0,0,-57000,-57000
2010/03/02,0,0,0,0
2010/03/03,0,0,0,0
2010/03/04,0,0,0,0
2010/03/05,0,0,-1000,-1000
2010/03/08,0,0,0,0
2010/03/09,0,300000,0,300000
2010/03/10,0,1000000,-1000,999000
2010/03/11,0,800000,0,800000
2010/03/12,0,811000,0,811000
2010/03/15,0,1288000,0,1288000
2010/03/16,0,0,0,0
2010/03/17,0,811000,0,811000
2010/03/18,0,900000,-1000,899000
2010/03/19,0,400000,-1000,399000
2010/03/22,0,600000,-1000,599000
2010/03/23,0,1000000,0,1000000
2010/03/24,0,600000,-2000,598000
2010/03/25,0,0,-1000,-1000
2010/03/26,0,0,0,0
2010/03/29,0,1000,0,1000
2010/03/30,0,0,-164000,-164000
2010/03/31,0,0,0,0
2010/04/01,0,0,0,0
2010/04/02,0,0,-1000,-1000
2010/04/05,0,0,0,0
2010/04/06,0,0,0,0
2010/04/07,0,0,-688000,-688000
2010/04/08,0,150000,0,150000
2010/04/09,0,0,0,0
2010/04/12,0,0,-1000,-1000
2010/04/13,0,0,-1000000,-1000000
2010/04/14,0,0,-1000,-1000
2010/04/15,0,0,0,0
2010/04/16,0,0,-50000,-50000
2010/04/19,0,0,-1358097,-1358097
2010/04/20,0,0,-1400000,-1400000
2010/04/21,0,0,-1763000,-1763000
2010/04/22,0,0,-500000,-500000
2010/04/23,0,0,0,0
2010/04/26,0,0,0,0
2010/04/27,0,0,-1000,-1000
2010/04/28,0,0,0,0
2010/04/29,0,0,0,0
2010/04/30,0,0,-1004000,-1004000
2010/05/03,0,0,0,0
2010/05/04,0,0,0,0
2010/05/05,0,0,-1000,-1000
2010/05/06,0,0,0,0
2010/05/07,0,1000,0,1000
2010/05/10,0,17000,0,17000
2010/05/11,0,0,0,0
2010/05/12,0,0,0,0
2010/05/13,0,0,-800000,-800000
2010/05/14,0,1000,-1000000,-999000
2010/05/17,0,0,0,0
2010/05/18,0,0,0,0
2010/05/19,0,0,-700000,-700000
2010/05/20,0,1000,0,1000
2010/05/21,0,0,-28000,-28000
2010/05/24,0,0,0,0
2010/05/25,0,0,0,0
2010/05/26,0,1000,-2000,-1000
2010/05/27,0,0,0,0
2010/05/28,0,0,0,0
2010/05/31,0,0,0,0
2010/06/01,0,0,-1000000,-1000000
2010/06/02,0,0,0,0
2010/06/03,0,0,0,0
2010/06/04,0,300000,0,300000
2010/06/07,0,0,0,0
2010/06/08,0,871000,0,871000
2010/06/09,0,0,0,0
2010/06/10,0,221000,0,221000
2010/06/11,0,0,0,0
2010/06/14,0,0,-2000,-2000
2010/06/15,0,130000,-3000,127000
2010/06/16,0,0,0,0
2010/06/17,0,0,0,0
2010/06/18,0,0,-2000,-2000
2010/06/21,0,200000,0,200000
2010/06/22,0,0,0,0
2010/06/23,0,0,-13000,-13000
2010/06/24,0,19000,0,19000
2010/06/25,0,15000,0,15000
2010/06/28,0,0,-7000,-7000
2010/06/29,0,1000,0,1000
2010/06/30,0,0,0,0
2010/07/01,0,0,0,0
2010/07/02,0,0,0,0
2010/07/05,0,0,0,0
2010/07/06,0,0,0,0
2010/07/07,0,180000,0,180000
2010/07/08,0,1588000,0,1588000
2010/07/09,0,1432000,0,1432000
2010/07/12,0,906000,0,906000
2010/07/13,0,0,0,0
2010/07/14,0,557000,0,557000
2010/07/15,0,0,-6000,-6000
2010/07/16,0,0,-3000,-3000
2010/07/19,0,51000,-12000,39000
2010/07/20,0,1247000,0,1247000
2010/07/21,0,4827000,0,4827000
2010/07/22,0,1501000,0,1501000
2010/07/23,0,2091000,-186000,1905000
2010/07/26,0,0,-87000,-87000
2010/07/27,0,9000,-150000,-141000
2010/07/28,0,0,-130000,-130000
2010/07/29,0,99000,0,99000
2010/07/30,0,618000,-12000,606000
2010/08/02,0,1736000,-12000,1724000
2010/08/03,0,1233000,0,1233000
2010/08/04,0,3496000,-1000,3495000
2010/08/05,0,2853000,-1000,2852000
2010/08/06,0,540000,-1000,539000
2010/08/09,0,1104000,0,1104000
2010/08/10,0,0,0,0
2010/08/11,0,3000,0,3000
2010/08/12,0,2000,-400000,-398000
2010/08/13,0,1121000,0,1121000
2010/08/16,0,656000,0,656000
2010/08/17,0,0,0,0
2010/08/18,0,0,0,0
2010/08/19,0,160000,-33000,127000
2010/08/20,0,0,-30000,-30000
2010/08/23,0,0,-2679000,-2679000
2010/08/24,0,100000,-3286000,-3186000
2010/08/25,0,106000,-1759000,-1653000
2010/08/26,0,0,-525000,-525000
2010/08/27,0,133000,-1220000,-1087000
2010/08/30,0,265000,-972000,-707000
2010/08/31,0,18000,-842000,-824000
2010/09/01,0,133000,-955000,-822000
2010/09/02,0,1000,0,1000
2010/09/03,0,0,0,0
2010/09/06,0,0,0,0
2010/09/07,0,143000,0,143000
2010/09/08,0,36000,-588000,-552000
2010/09/09,0,0,-286000,-286000
2010/09/10,0,0,-350000,-350000
2010/09/13,0,0,0,0
2010/09/14,0,360000,0,360000
2010/09/15,0,215000,-170000,45000
2010/09/16,0,80000,-740000,-660000
2010/09/17,0,510000,-727000,-217000
2010/09/20,0,545000,-1000,544000
2010/09/21,0,655000,0,655000
2010/09/22,0,0,0,0
2010/09/23,0,0,-1000,-1000
2010/09/24,0,500000,-74250,425750
2010/09/27,0,1414000,-266666,1147334
2010/09/28,0,82000,0,82000
2010/09/29,0,0,-65000,-65000
2010/09/30,0,100000,-142000,-42000
2010/10/01,0,0,-28250,-28250
2010/10/04,0,1197000,-230000,967000
2010/10/05,0,80000,0,80000
2010/10/06,0,529000,0,529000
2010/10/07,0,370000,0,370000
2010/10/08,0,0,0,0
2010/10/11,0,90000,0,90000
2010/10/12,0,0,-1100,-1100
2010/10/13,0,2000,0,2000
2010/10/14,0,101000,0,101000
2010/10/15,0,100000,-5000,95000
2010/10/18,0,250000,-1000,249000
2010/10/19,0,202000,-3387550,-3185550
2010/10/20,0,0,-1320000,-1320000
2010/10/21,0,380000,-1385050,-1005050
2010/10/22,0,250000,0,250000
2010/10/25,0,0,0,0
2010/10/26,0,70000,-85000,-15000
2010/10/27,0,70000,-916000,-846000
2010/10/28,0,0,-422000,-422000
2010/10/29,0,0,-1346000,-1346000
2010/11/01,0,70000,0,70000
2010/11/02,0,173000,0,173000
2010/11/03,0,720000,-3000,717000
2010/11/04,0,200000,0,200000
2010/11/05,0,300000,0,300000
2010/11/08,0,0,0,0
2010/11/09,0,502000,-191450,310550
2010/11/10,0,1115000,-124000,991000
2010/11/11,0,1000,-130000,-129000
2010/11/12,0,0,-4000,-4000
2010/11/15,0,157000,-1000,156000
2010/11/16,0,245000,0,245000
2010/11/17,0,150000,-1000000,-850000
2010/11/18,0,0,-88000,-88000
2010/11/19,0,0,-100000,-100000
2010/11/22,0,0,-5000,-5000
2010/11/23,0,0,-6000,-6000
2010/11/24,0,0,-665000,-665000
2010/11/25,0,5000,-400000,-395000
2010/11/26,0,0,-262000,-262000
2010/11/29,0,0,-50000,-50000
2010/11/30,0,150000,-1000,149000
2010/12/01,0,0,-2000,-2000
2010/12/02,0,3000,-3000,0
2010/12/03,0,3584000,-1000,3583000
2010/12/06,0,682000,-5000,677000
2010/12/07,0,1206000,0,1206000
2010/12/08,0,6000,-285000,-279000
2010/12/09,0,901000,-1000,900000
2010/12/10,0,8000,-122000,-114000
2010/12/13,0,39000,0,39000
2010/12/14,0,230000,-258000,-28000
2010/12/15,0,1082000,0,1082000
2010/12/16,0,260000,-1000,259000
2010/12/17,0,839000,-3000,836000
2010/12/20,0,0,-3000,-3000
2010/12/21,0,350000,-310000,40000
2010/12/22,0,2000,0,2000
2010/12/23,0,0,-253000,-253000
2010/12/24,0,632000,-95000,537000
2010/12/27,0,0,-1000,-1000
2010/12/28,0,108000,0,108000
2010/12/29,0,918000,-100000,818000
2010/12/30,0,150000,0,150000
2010/12/31,0,0,0,0
2011/01/03,0,0,-100000,-100000
2011/01/04,0,0,0,0
2011/01/05,0,0,-135000,-135000
2011/01/06,0,200000,0,200000
2011/01/07,0,0,-186000,-186000
2011/01/10,0,160000,-232000,-72000
2011/01/11,0,0,-361000,-361000
2011/01/12,0,0,0,0
2011/01/13,0,20000,-1118000,-1098000
2011/01/14,0,0,-185000,-185000
2011/01/17,0,0,-715000,-715000
2011/01/18,0,0,-190000,-190000
2011/01/19,0,0,-3000,-3000
2011/01/20,0,0,-151000,-151000
2011/01/21,0,0,-2231000,-2231000
2011/01/24,0,0,-440675,-440675
2011/01/25,0,0,-145000,-145000
2011/01/26,0,0,-30000,-30000
2011/01/27,0,0,-240250,-240250
2011/01/28,0,0,-97000,-97000
2011/01/31,0,0,0,0
2011/02/01,0,0,0,0
2011/02/02,0,0,0,0
2011/02/03,0,0,0,0
2011/02/04,0,0,0,0
2011/02/07,0,0,0,0
2011/02/08,0,0,-470000,-470000
2011/02/09,0,0,-499000,-499000
2011/02/10,0,0,-2137500,-2137500
2011/02/11,0,2000,-576500,-574500
2011/02/14,0,51000,-448000,-397000
2011/02/15,0,2000,-850000,-848000
2011/02/16,0,0,0,0
2011/02/17,0,0,0,0
2011/02/18,0,0,-92000,-92000
2011/02/21,0,0,-1000,-1000
2011/02/22,0,0,0,0
2011/02/23,0,13000,-500000,-487000
2011/02/24,0,1000,-450000,-449000
2011/02/25,0,1000,-202000,-201000
2011/02/28,0,0,0,0
2011/03/01,0,48000,-50000,-2000
2011/03/02,0,0,0,0
2011/03/03,0,0,-983000,-983000
2011/03/04,0,0,-123500,-123500
2011/03/07,0,200000,-200000,0
2011/03/08,0,100000,-80000,20000
2011/03/09,0,153000,0,153000
2011/03/10,0,210000,-187000,23000
2011/03/11,0,264000,0,264000
2011/03/14,0,1000,0,1000
2011/03/15,0,1000,-1562000,-1561000
2011/03/16,0,550000,-924000,-374000
2011/03/17,0,469000,-450000,19000
2011/03/18,0,1562000,0,1562000
2011/03/21,0,1078000,0,1078000
2011/03/22,0,62000,0,62000
2011/03/23,0,240000,0,240000
2011/03/24,0,2000,0,2000
2011/03/25,0,100000,0,100000
2011/03/28,0,45000,0,45000
2011/03/29,0,605000,0,605000
2011/03/30,0,691000,-12000,679000
2011/03/31,0,1000000,-248000,752000
2011/04/01,0,1440000,0,1440000
2011/04/04,0,0,0,0
2011/04/05,0,0,0,0
2011/04/06,0,214000,0,214000
2011/04/07,0,330000,-500000,-170000
2011/04/08,0,86000,0,86000
2011/04/11,0,0,-100450,-100450
2011/04/12,0,340000,-1000,339000
2011/04/13,0,120000,0,120000
2011/04/14,0,39000,-18000,21000
2011/04/15,0,24000,0,24000
2011/04/18,0,35000,0,35000
2011/04/19,0,270000,-200000,70000
2011/04/20,0,0,0,0
2011/04/21,0,110000,0,110000
2011/04/22,0,1079000,0,1079000
2011/04/25,0,0,-214000,-214000
2011/04/26,0,0,-39000,-39000
2011/04/27,0,251000,-242000,9000
2011/04/28,0,0,-37000,-37000
2011/04/29,0,130000,-380000,-250000
2011/05/02,0,0,0,0
2011/05/03,0,12000,0,12000
2011/05/04,0,201000,0,201000
2011/05/05,0,27000,0,27000
2011/05/06,0,10000,-410000,-400000
2011/05/09,0,0,0,0
2011/05/10,0,0,0,0
2011/05/11,0,692000,0,692000
2011/05/12,0,0,-179000,-179000
2011/05/13,0,10000,-173000,-163000
2011/05/16,0,0,-100000,-100000
2011/05/17,0,40000,-100000,-60000
2011/05/18,0,0,0,0
2011/05/19,0,75000,0,75000
2011/05/20,0,133000,-1000,132000
2011/05/23,0,0,-400000,-400000
2011/05/24,0,0,-141000,-141000
2011/05/25,0,0,0,0
2011/05/26,0,401000,0,401000
2011/05/27,0,53000,-2000,51000
2011/05/30,0,200000,0,200000
2011/05/31,0,0,0,0
2011/06/01,0,200000,0,200000
2011/06/02,0,50000,0,50000
2011/06/03,0,18000,0,18000
2011/06/06,0,0,0,0
2011/06/07,0,20000,0,20000
2011/06/08,0,10000,0,10000
2011/06/09,0,292000,-90000,202000
2011/06/10,0,0,-80000,-80000
2011/06/13,0,200000,0,200000
2011/06/14,0,1000,0,1000
2011/06/15,0,0,-73000,-73000
2011/06/16,0,0,0,0
2011/06/17,0,1000,-8000,-7000
2011/06/20,0,250000,-1000,249000
2011/06/21,0,1477000,0,1477000
2011/06/22,0,271000,0,271000
2011/06/23,0,1783000,0,1783000
2011/06/24,0,0,-150000,-150000
2011/06/27,0,422000,0,422000
2011/06/28,0,1009000,0,1009000
2011/06/29,0,333000,0,333000
2011/06/30,0,1822000,0,1822000
2011/07/01,0,235000,0,235000
2011/07/04,0,100000,0,100000
2011/07/05,0,250000,-54000,196000
2011/07/06,0,420000,0,420000
2011/07/07,0,550000,-20000,530000
2011/07/08,0,590000,-70000,520000
2011/07/11,0,300000,-26000,274000
2011/07/12,0,200000,0,200000
2011/07/13,0,766000,0,766000
2011/07/14,0,80000,0,80000
2011/07/15,0,5000,0,5000
2011/07/18,0,390000,-30000,360000
2011/07/19,0,63000,0,63000
2011/07/20,0,39000,0,39000
2011/07/21,0,0,-253000,-253000
2011/07/22,0,19000,-1000,18000
2011/07/25,0,0,-1000,-1000
2011/07/26,0,0,-1205000,-1205000
2011/07/27,0,0,-744000,-744000
2011/07/28,0,0,-1000,-1000
2011/07/29,0,0,-51000,-51000
2011/08/01,0,0,-100000,-100000
2011/08/02,0,100000,-56000,44000
2011/08/03,0,234000,-240000,-6000
2011/08/04,0,223000,-2166000,-1943000
2011/08/05,0,177000,-333000,-156000
2011/08/08,0,346000,-10000,336000
2011/08/09,0,754000,0,754000
2011/08/10,0,938000,0,938000
2011/08/11,0,1735140,0,1735140
2011/08/12,0,594000,-5000,589000
2011/08/15,0,301000,0,301000
2011/08/16,0,134000,-80000,54000
2011/08/17,0,495000,-571000,-76000
2011/08/18,0,447000,-130000,317000
2011/08/19,0,832000,-17000,815000
2011/08/22,0,2265000,-50000,2215000
2011/08/23,0,1501000,0,1501000
2011/08/24,0,704000,-107000,597000
2011/08/25,0,761000,0,761000
2011/08/26,0,709000,-346000,363000
2011/08/29,0,1086000,0,1086000
2011/08/30,0,558000,-3000,555000
2011/08/31,0,581000,-3000,578000
2011/09/01,0,0,-744000,-744000
2011/09/02,0,984000,-2000,982000
2011/09/05,0,625000,-353000,272000
2011/09/06,0,352000,-288000,64000
2011/09/07,0,53000,-2102000,-2049000
2011/09/08,0,20000,0,20000
2011/09/09,0,129000,0,129000
2011/09/12,0,0,0,0
2011/09/13,0,10000,-479475,-469475
2011/09/14,0,418000,-1976000,-1558000
2011/09/15,0,62000,-148000,-86000
2011/09/16,0,10000,0,10000
2011/09/19,0,1000,-330000,-329000
2011/09/20,0,0,-3714000,-3714000
2011/09/21,0,390000,-1325377,-935377
2011/09/22,0,406000,-2086000,-1680000
2011/09/23,0,201000,-3686230,-3485230
2011/09/26,0,773000,-3369820,-2596820
2011/09/27,0,367000,-658800,-291800
2011/09/28,0,210000,-119000,91000
2011/09/29,0,1081000,-116015,964985
2011/09/30,0,86500,-151000,-64500
2011/10/03,0,100000,-2085000,-1985000
2011/10/04,0,151000,-777320,-626320
2011/10/05,0,127000,0,127000
2011/10/06,0,10000,0,10000
2011/10/07,0,2891000,0,2891000
2011/10/10,0,0,0,0
2011/10/11,0,2896000,0,2896000
2011/10/12,0,834000,-350000,484000
2011/10/13,0,1594000,-196000,1398000
2011/10/14,0,142000,-456000,-314000
2011/10/17,0,0,-1329,-1329
2011/10/18,0,228000,-6596,221404
2011/10/19,0,50000,-17140,32860
2011/10/20,0,0,-3900000,-3900000
2011/10/21,0,0,-76440,-76440
2011/10/24,0,1289000,-19000,1270000
2011/10/25,0,336000,-770000,-434000
2011/10/26,0,1051000,-363000,688000
2011/10/27,0,564000,-526000,38000
2011/10/28,0,352000,-406000,-54000
2011/10/31,0,625000,-2582680,-1957680
2011/11/01,0,0,-2145300,-2145300
2011/11/02,0,4000,-861000,-857000
2011/11/03,0,100000,0,100000
2011/11/04,0,160000,-2000,158000
2011/11/07,0,0,0,0
2011/11/08,0,62000,0,62000
2011/11/09,0,294000,-143000,151000
2011/11/10,0,240000,-500000,-260000
2011/11/11,0,650000,-1000,649000
2011/11/14,0,1353447,-227000,1126447
2011/11/15,0,0,-420000,-420000
2011/11/16,0,30000,-5121900,-5091900
2011/11/17,0,62000,-928200,-866200
2011/11/18,0,10000,-209000,-199000
2011/11/21,0,3000,0,3000
2011/11/22,0,1000,-1080090,-1079090
2011/11/23,0,5000,0,5000
2011/11/24,0,418000,-463000,-45000
2011/11/25,0,4000,-77000,-73000
2011/11/28,0,1000,0,1000
2011/11/29,0,381000,0,381000
2011/11/30,0,301000,0,301000
2011/12/01,0,237000,-8000,229000
2011/12/02,0,100000,0,100000
2011/12/05,0,103000,-23000,80000
2011/12/06,0,0,-519000,-519000
2011/12/07,0,1000,-405000,-404000
2011/12/08,0,41000,-630600,-589600
2011/12/09,0,0,-147,-147
2011/12/12,0,0,-600000,-600000
2011/12/13,0,0,-3830100,-3830100
2011/12/14,0,0,-1982800,-1982800
2011/12/15,0,0,-1178000,-1178000
2011/12/16,0,0,-446000,-446000
2011/12/19,0,1000,-539000,-538000
2011/12/20,0,261000,-971120,-710120
2011/12/21,0,0,0,0
2011/12/22,0,1000,-665000,-664000
2011/12/23,0,100000,-301000,-201000
2011/12/26,0,300000,-133892,166108
2011/12/27,0,2000,-432745,-430745
2011/12/28,0,420000,-1799,418201
2011/12/29,0,0,0,0
2011/12/30,0,0,-247000,-247000
2012/01/02,0,2000,-512000,-510000
2012/01/03,0,0,-63000,-63000
2012/01/04,0,0,0,0
2012/01/05,0,23000,-3481,19519
2012/01/06,0,0,-1000,-1000
2012/01/09,0,0,0,0
2012/01/10,0,0,0,0
2012/01/11,0,0,-637000,-637000
2012/01/12,0,0,-57000,-57000
2012/01/13,0,0,-3000,-3000
2012/01/16,0,0,-1000,-1000
2012/01/17,0,0,-5000,-5000
2012/01/18,0,0,-4000,-4000
2012/01/19,0,0,0,0
2012/01/20,0,0,0,0
2012/01/23,0,0,0,0
2012/01/24,0,0,0,0
2012/01/25,0,0,0,0
2012/01/26,0,0,0,0
2012/01/27,0,0,0,0
2012/01/30,0,0,-7000,-7000
2012/01/31,0,0,0,0
2012/02/01,0,0,-1000,-1000
2012/02/02,0,0,-2000,-2000
2012/02/03,0,0,-3000,-3000
2012/02/06,0,80000,-2000,78000
2012/02/07,0,80000,0,80000
2012/02/08,0,0,-1000,-1000
2012/02/09,0,0,-3060,-3060
2012/02/10,0,0,-1000,-1000
2012/02/13,0,0,0,0
2012/02/14,0,0,-29000,-29000
2012/02/15,0,0,-1000,-1000
2012/02/16,0,61000,0,61000
2012/02/17,0,98000,-3607900,-3509900
2012/02/20,0,377000,-1000,376000
2012/02/21,0,497000,-801000,-304000
2012/02/22,0,0,0,0
2012/02/23,0,60000,-2000,58000
2012/02/24,0,0,-477000,-477000
2012/02/27,0,0,0,0
2012/02/28,0,0,0,0
2012/02/29,0,270000,-627000,-357000
2012/03/01,0,0,0,0
2012/03/02,0,0,-586880,-586880
2012/03/05,0,178000,-1000,177000
2012/03/06,0,0,-491000,-491000
2012/03/07,0,0,-480000,-480000
2012/03/08,0,10243,-957000,-946757
2012/03/09,0,0,-152186,-152186
2012/03/12,0,0,-1000,-1000
2012/03/13,0,19000,0,19000
2012/03/14,0,172000,-12000,160000
2012/03/15,0,70000,-15000,55000
2012/03/16,0,71000,-17000,54000
2012/03/19,0,200000,-2000,198000
2012/03/20,0,1148000,-1000,1147000
2012/03/21,0,0,0,0
2012/03/22,0,341000,-180000,161000
2012/03/23,0,200000,0,200000
2012/03/26,0,0,-1000,-1000
2012/03/27,0,0,0,0
2012/03/28,0,866000,0,866000
2012/03/29,0,280000,-131000,149000
2012/03/30,0,98000,-2000,96000
2012/04/02,0,196000,0,196000
2012/04/03,0,185000,0,185000
2012/04/04,0,0,0,0
2012/04/05,0,1000,-4080,-3080
2012/04/06,0,0,0,0
2012/04/09,0,63000,-3000,60000
2012/04/10,0,0,0,0
2012/04/11,0,0,-526000,-526000
2012/04/12,0,0,-133000,-133000
2012/04/13,0,0,-200000,-200000
2012/04/16,0,29000,-26000,3000
2012/04/17,0,400000,0,400000
2012/04/18,0,500000,-584000,-84000
2012/04/19,0,225000,0,225000
2012/04/20,0,0,0,0
2012/04/23,0,1000,0,1000
2012/04/24,0,4000,0,4000
2012/04/25,0,0,0,0
2012/04/26,0,15000,0,15000
2012/04/27,0,0,0,0
2012/04/30,0,70000,0,70000
2012/05/01,0,0,0,0
2012/05/02,0,517000,0,517000
2012/05/03,0,10096,0,10096
2012/05/04,0,55000,-4000,51000
2012/05/07,0,100000,-1411000,-1311000
2012/05/08,0,0,0,0
2012/05/09,0,1850000,-3028107,-1178107
2012/05/10,0,0,-246000,-246000
2012/05/11,0,0,-160000,-160000
2012/05/14,0,0,-2005000,-2005000
2012/05/15,0,9000,0,9000
2012/05/16,0,0,-153000,-153000
2012/05/17,0,0,-106000,-106000
2012/05/18,0,0,-50000,-50000
2012/05/21,0,0,0,0
2012/05/22,0,0,0,0
2012/05/23,0,0,-15000,-15000
2012/05/24,0,0,-300000,-300000
2012/05/25,0,0,0,0
2012/05/28,0,0,0,0
2012/05/29,0,5000,0,5000
2012/05/30,0,200000,-15877,184123
2012/05/31,0,0,0,0
2012/06/01,0,0,-1000,-1000
2012/06/04,0,2000,0,2000
2012/06/05,0,311000,0,311000
2012/06/06,0,0,0,0
2012/06/07,0,0,0,0
2012/06/08,0,17000,0,17000
2012/06/11,0,7000,0,7000
2012/06/12,0,21000,0,21000
2012/06/13,0,115000,0,115000
2012/06/14,0,106000,0,106000
2012/06/15,0,0,0,0
2012/06/18,0,0,-1000,-1000
2012/06/19,0,0,0,0
2012/06/20,0,0,0,0
2012/06/21,0,0,0,0
2012/06/22,0,0,0,0
2012/06/25,0,0,-18000,-18000
2012/06/26,0,12401,-5000,7401
2012/06/27,0,0,0,0
2012/06/28,0,0,-5000,-5000
2012/06/29,0,0,0,0
2012/07/02,0,0,-4000,-4000
2012/07/03,0,3000,0,3000
2012/07/04,0,0,0,0
2012/07/05,0,617000,-1000,616000
2012/07/06,0,388000,-4000,384000
2012/07/09,0,0,0,0
2012/07/10,0,55000,0,55000
2012/07/11,0,92000,0,92000
2012/07/12,0,91000,0,91000
2012/07/13,0,0,0,0
2012/07/16,0,56000,0,56000
2012/07/17,0,0,-128000,-128000
2012/07/18,0,393000,0,393000
2012/07/19,0,35000,0,35000
2012/07/20,0,50000,0,50000
2012/07/23,0,165000,0,165000
2012/07/24,0,30000,0,30000
2012/07/25,0,0,0,0
2012/07/26,0,6000,0,6000
2012/07/27,0,0,0,0
2012/07/30,0,200000,0,200000
2012/07/31,0,0,0,0
2012/08/01,0,168000,0,168000
2012/08/02,0,0,0,0
2012/08/03,0,117000,0,117000
2012/08/06,0,38000,-1000,37000
2012/08/07,0,280000,-23000,257000
2012/08/08,0,461000,-5000,456000
2012/08/09,0,74000,-100000,-26000
2012/08/10,0,31000,-102000,-71000
2012/08/13,0,500000,-1000,499000
2012/08/14,0,460000,0,460000
2012/08/15,0,23000,-1000,22000
2012/08/16,0,70000,-126000,-56000
2012/08/17,0,2500,-111990,-109490
2012/08/20,0,0,-2000,-2000
2012/08/21,0,0,-98000,-98000
2012/08/22,0,50000,-267000,-217000
2012/08/23,0,1000,-441000,-440000
2012/08/24,0,0,-190000,-190000
2012/08/27,0,0,0,0
2012/08/28,0,0,0,0
2012/08/29,0,0,-2000,-2000
2012/08/30,0,0,-400000,-400000
2012/08/31,0,4000,-1371000,-1367000
2012/09/03,0,0,0,0
2012/09/04,0,0,0,0
2012/09/05,0,21000,-1000,20000
2012/09/06,0,1000,0,1000
2012/09/07,0,51500,0,51500
2012/09/10,0,398000,0,398000
2012/09/11,0,0,0,0
2012/09/12,0,51000,-159000,-108000
2012/09/13,0,130000,-213000,-83000
2012/09/14,0,709000,0,709000
2012/09/17,0,2162000,0,2162000
2012/09/18,0,1126000,-26000,1100000
2012/09/19,0,0,-4000,-4000
2012/09/20,0,108000,0,108000
2012/09/21,0,380000,-13840,366160
2012/09/24,0,1108000,-28000,1080000
2012/09/25,0,70000,0,70000
2012/09/26,0,67000,-1400,65600
2012/09/27,0,5000,0,5000
2012/09/28,0,31000,-40000,-9000
2012/10/01,0,111000,0,111000
2012/10/02,0,0,-29680,-29680
2012/10/03,0,100000,0,100000
2012/10/04,0,50000,0,50000
2012/10/05,0,0,-103000,-103000
2012/10/08,0,0,0,0
2012/10/09,0,0,0,0
2012/10/10,0,0,0,0
2012/10/11,0,0,-50000,-50000
2012/10/12,0,0,-155000,-155000
2012/10/15,0,0,0,0
2012/10/16,0,0,0,0
2012/10/17,0,1000,0,1000
2012/10/18,0,91000,0,91000
2012/10/19,0,0,0,0
2012/10/22,0,0,0,0
2012/10/23,0,0,0,0
2012/10/24,0,0,0,0
2012/10/25,0,0,-155000,-155000
2012/10/26,0,0,-660000,-660000
2012/10/29,0,0,-3914,-3914
2012/10/30,0,0,0,0
2012/10/31,0,0,0,0
2012/11/01,0,30000,-152000,-122000
2012/11/02,0,1000,-140000,-139000
2012/11/05,0,0,-276000,-276000
2012/11/06,0,0,-264000,-264000
2012/11/07,0,0,-51000,-51000
2012/11/08,0,0,0,0
2012/11/09,0,0,0,0
2012/11/12,0,50000,-1502000,-1452000
2012/11/13,0,0,0,0
2012/11/14,0,0,-1329000,-1329000
2012/11/15,0,0,0,0
2012/11/16,0,3000,0,3000
2012/11/19,0,0,0,0
2012/11/20,0,0,0,0
2012/11/21,0,0,0,0
2012/11/22,0,0,0,0
2012/11/23,0,0,-30000,-30000
2012/11/26,0,0,0,0
2012/11/27,0,0,-132000,-132000
2012/11/28,0,0,-133000,-133000
2012/11/29,0,0,0,0
2012/11/30,0,0,0,0
2012/12/03,0,0,0,0
2012/12/04,0,0,-126000,-126000
2012/12/05,0,0,-1000,-1000
2012/12/06,0,0,0,0
2012/12/07,0,0,-210000,-210000
2012/12/10,0,0,-118000,-118000
2012/12/11,0,0,-110000,-110000
2012/12/12,0,0,-280000,-280000
2012/12/13,0,0,-40000,-40000
2012/12/14,0,0,-1000,-1000
2012/12/17,0,0,0,0
2012/12/18,0,0,0,0
2012/12/19,0,0,0,0
2012/12/20,0,2000,0,2000
2012/12/21,0,0,-20000,-20000
2012/12/24,0,0,0,0
2012/12/25,0,0,0,0
2012/12/26,0,0,-147000,-147000
2012/12/27,0,0,0,0
2012/12/28,0,0,0,0
2012/12/31,0,0,0,0
2013/01/01,0,0,0,0
2013/01/02,0,0,-140976,-140976
2013/01/03,0,0,-1011000,-1011000
2013/01/04,0,0,-6000,-6000
2013/01/07,0,0,-451000,-451000
2013/01/08,0,0,-3000,-3000
2013/01/09,0,0,0,0
2013/01/10,0,0,-500000,-500000
2013/01/11,0,0,-6000,-6000
2013/01/14,0,0,0,0
2013/01/15,0,0,-3000,-3000
2013/01/16,0,0,-9000,-9000
2013/01/17,0,3720,-132000,-128280
2013/01/18,0,0,0,0
2013/01/21,0,0,-13000,-13000
2013/01/22,0,0,-81000,-81000
2013/01/23,0,0,-3000,-3000
2013/01/24,0,0,-5000,-5000
2013/01/25,0,0,-3000,-3000
2013/01/28,0,0,0,0
2013/01/29,0,0,0,0
2013/01/30,0,0,0,0
2013/01/31,0,0,-2000,-2000
2013/02/01,0,0,-351000,-351000
2013/02/04,0,3000,0,3000
2013/02/05,0,3000,-70000,-67000
2013/02/06,0,0,-5000,-5000
2013/02/07,0,0,0,0
2013/02/08,0,0,0,0
2013/02/11,0,0,0,0
2013/02/12,0,0,0,0
2013/02/13,0,0,0,0
2013/02/14,0,0,0,0
2013/02/15,0,0,0,0
2013/02/18,0,0,-200,-200
2013/02/19,0,0,-1000,-1000
2013/02/20,0,0,-100200,-100200
2013/02/21,0,0,-2000,-2000
2013/02/22,0,0,-6000,-6000
2013/02/25,0,0,0,0
2013/02/26,0,0,-1000,-1000
2013/02/27,0,0,-1143038,-1143038
2013/02/28,0,0,0,0
2013/03/01,0,0,-326275,-326275
2013/03/04,0,0,0,0
2013/03/05,0,0,0,0
2013/03/06,0,0,0,0
2013/03/07,0,0,-2000,-2000
2013/03/08,0,0,0,0
2013/03/11,0,0,-2000,-2000
2013/03/12,0,0,0,0
2013/03/13,0,0,-1000,-1000
2013/03/14,0,0,-23000,-23000
2013/03/15,0,0,-57000,-57000
2013/03/18,0,0,-5000,-5000
2013/03/19,0,0,0,0
2013/03/20,0,0,0,0
2013/03/21,0,0,0,0
2013/03/22,0,0,-2000,-2000
2013/03/25,0,0,0,0
2013/03/26,0,0,0,0
2013/03/27,0,0,-17000,-17000
2013/03/28,0,0,0,0
2013/03/29,0,0,0,0
2013/04/01,0,0,-1000,-1000
2013/04/02,0,0,0,0
2013/04/03,0,0,0,0
2013/04/04,0,0,0,0
2013/04/05,0,0,0,0
2013/04/08,0,0,-23000,-23000
2013/04/09,0,0,-83200,-83200
2013/04/10,0,0,0,0
2013/04/11,0,0,0,0
2013/04/12,0,0,-1000,-1000
2013/04/15,0,0,-1000,-1000
2013/04/16,0,0,0,0
2013/04/17,0,73000,-6000,67000
2013/04/18,0,0,0,0
2013/04/19,0,1611,0,1611
2013/04/22,0,0,-1000,-1000
2013/04/23,0,0,-3000,-3000
2013/04/24,0,0,-1000,-1000
2013/04/25,0,0,-11000,-11000
2013/04/26,0,0,-3000,-3000
2013/04/29,0,0,-2000,-2000
2013/04/30,0,0,0,0
2013/05/01,0,0,0,0
2013/05/02,0,0,0,0
2013/05/03,0,0,-6000,-6000
2013/05/06,0,0,-3000,-3000
2013/05/07,0,0,0,0
2013/05/08,0,0,0,0
2013/05/09,0,8000,0,8000
2013/05/10,0,0,-55000,-55000
2013/05/13,0,0,-5000,-5000
2013/05/14,0,522000,0,522000
2013/05/15,0,0,0,0
2013/05/16,0,357000,-20000,337000
2013/05/17,0,0,-116000,-116000
2013/05/20,0,0,-32303,-32303
2013/05/21,0,0,0,0
2013/05/22,0,128000,-9000,119000
2013/05/23,0,968000,-1000,967000
2013/05/24,0,306000,-2000,304000
2013/05/27,0,34000,-1000,33000
2013/05/28,0,72000,0,72000
2013/05/29,0,74000,0,74000
2013/05/30,0,0,0,0
2013/05/31,0,42000,0,42000
2013/06/03,0,0,0,0
2013/06/04,0,22000,0,22000
2013/06/05,0,200000,0,200000
2013/06/06,0,200000,0,200000
2013/06/07,0,0,0,0
2013/06/10,0,100000,-3000,97000
2013/06/11,0,3000,-522000,-519000
2013/06/12,0,0,0,0
2013/06/13,0,2000,0,2000
2013/06/14,0,0,0,0
2013/06/17,0,0,0,0
2013/06/18,0,0,-201000,-201000
2013/06/19,0,0,0,0
2013/06/20,0,0,0,0
2013/06/21,0,2000,0,2000
2013/06/24,0,0,-1000,-1000
2013/06/25,0,0,0,0
2013/06/26,0,0,-2000,-2000
2013/06/27,0,0,0,0
2013/06/28,0,0,0,0
2013/07/01,0,0,-2000,-2000
2013/07/02,0,0,-300000,-300000
2013/07/03,0,0,-250000,-250000
2013/07/04,0,5000,-150000,-145000
2013/07/05,0,0,-167000,-167000
2013/07/08,0,0,0,0
2013/07/09,0,0,0,0
2013/07/10,0,0,0,0
2013/07/11,0,241,0,241
2013/07/12,0,0,-3000,-3000
2013/07/15,0,0,0,0
2013/07/16,0,500000,0,500000
2013/07/17,0,1050000,0,1050000
2013/07/18,0,750000,0,750000
2013/07/19,0,1000,0,1000
2013/07/22,0,0,0,0
2013/07/23,0,0,0,0
2013/07/24,0,0,0,0
2013/07/25,0,0,0,0
2013/07/26,0,0,0,0
2013/07/29,0,0,0,0
2013/07/30,0,33000,0,33000
2013/07/31,0,0,0,0
2013/08/01,0,0,0,0
2013/08/02,0,0,0,0
2013/08/05,0,500000,0,500000
2013/08/06,0,850000,0,850000
2013/08/07,0,350000,0,350000
2013/08/08,0,100000,0,100000
2013/08/09,0,1600000,0,1600000
2013/08/12,0,272000,0,272000
2013/08/13,0,1432000,0,1432000
2013/08/14,0,1584000,0,1584000
2013/08/15,0,2430000,-1000,2429000
2013/08/16,0,956000,0,956000
2013/08/19,0,502000,0,502000
2013/08/20,0,800000,0,800000
2013/08/21,0,0,0,0
2013/08/22,0,442000,-700000,-258000
2013/08/23,0,803000,-800000,3000
2013/08/26,0,555000,0,555000
2013/08/27,0,10000,0,10000
2013/08/28,0,2000,-196000,-194000
2013/08/29,0,0,0,0
2013/08/30,0,63000,-71000,-8000
2013/09/02,0,314000,0,314000
2013/09/03,0,8031,0,8031
2013/09/04,0,0,0,0
2013/09/05,0,380000,-1000,379000
2013/09/06,0,97000,-46000,51000
2013/09/09,0,253000,-67000,186000
2013/09/10,0,936700,0,936700
2013/09/11,0,25000,0,25000
2013/09/12,0,305400,-56000,249400
2013/09/13,0,16000,-1000,15000
2013/09/16,0,351000,-67000,284000
2013/09/17,0,563000,0,563000
2013/09/18,0,85000,-100000,-15000
2013/09/19,0,0,0,0
2013/09/20,0,0,0,0
2013/09/23,0,60000,0,60000
2013/09/24,0,0,0,0
2013/09/25,0,880000,0,880000
2013/09/26,0,0,0,0
2013/09/27,0,650000,0,650000
2013/09/30,0,821000,-501000,320000
2013/10/01,0,540000,0,540000
2013/10/02,0,503000,0,503000
2013/10/03,0,1231000,0,1231000
2013/10/04,0,1101000,-1000,1100000
2013/10/07,0,2050000,-1000,2049000
2013/10/08,0,0,0,0
2013/10/09,0,50000,0,50000
2013/10/10,0,0,0,0
2013/10/11,0,200000,0,200000
2013/10/14,0,133000,-59000,74000
2013/10/15,0,0,-8640,-8640
2013/10/16,0,150000,-50000,100000
2013/10/17,0,0,0,0
2013/10/18,0,1170000,0,1170000
2013/10/21,0,222000,0,222000
2013/10/22,0,0,-451000,-451000
2013/10/23,0,0,-450000,-450000
2013/10/24,0,0,0,0
2013/10/25,0,0,-179000,-179000
2013/10/28,0,0,-59000,-59000
2013/10/29,0,0,0,0
2013/10/30,0,0,-29000,-29000
2013/10/31,0,0,-1000,-1000
2013/11/01,0,0,-1200240,-1200240
2013/11/04,0,0,-760900,-760900
2013/11/05,0,0,-50950,-50950
2013/11/06,0,0,-835350,-835350
2013/11/07,0,0,-1210000,-1210000
2013/11/08,0,0,-20000,-20000
2013/11/11,0,0,-685140,-685140
2013/11/12,0,0,-595000,-595000
2013/11/13,0,0,-978800,-978800
2013/11/14,0,0,0,0
2013/11/15,0,0,-380000,-380000
2013/11/18,0,20000,0,20000
2013/11/19,0,0,0,0
2013/11/20,0,0,0,0
2013/11/21,0,1000,0,1000
2013/11/22,0,0,-206000,-206000
2013/11/25,0,1595,0,1595
2013/11/26,0,0,-1650,-1650
2013/11/27,0,0,0,0
2013/11/28,0,0,0,0
2013/11/29,0,0,0,0
2013/12/02,0,0,0,0
2013/12/03,0,0,-830000,-830000
2013/12/04,0,0,-870000,-870000
2013/12/05,0,0,-165000,-165000
2013/12/06,0,0,-120000,-120000
2013/12/09,0,0,-600000,-600000
2013/12/10,0,0,0,0
2013/12/11,0,0,0,0
2013/12/12,0,0,-1000,-1000
2013/12/13,0,0,0,0
2013/12/16,0,0,0,0
2013/12/17,0,0,-362000,-362000
2013/12/18,0,0,-1331400,-1331400
2013/12/19,0,0,-408000,-408000
2013/12/20,0,0,-507100,-507100
2013/12/23,0,0,-1038000,-1038000
2013/12/24,0,0,-865000,-865000
2013/12/25,0,0,-238000,-238000
2013/12/26,0,0,-964000,-964000
2013/12/27,0,2000,-850000,-848000
2013/12/30,0,19000,-800000,-781000
2013/12/31,0,0,-858000,-858000
2014/01/02,0,15000,-924000,-909000
2014/01/03,0,0,-1038000,-1038000
2014/01/06,0,0,-1088000,-1088000
2014/01/07,0,0,0,0
2014/01/08,0,1000,0,1000
2014/01/09,0,0,-450000,-450000
2014/01/10,0,0,-50000,-50000
2014/01/13,0,0,0,0
2014/01/14,0,1000,-450000,-449000
2014/01/15,0,2000,-370000,-368000
2014/01/16,0,0,-1178000,-1178000
2014/01/17,0,1600000,-428000,1172000
2014/01/20,0,0,0,0
2014/01/21,0,0,-200000,-200000
2014/01/22,0,0,-2000,-2000
2014/01/23,0,0,0,0
2014/01/24,0,0,-2000,-2000
2014/01/27,0,0,-1000,-1000
2014/02/05,0,0,0,0
2014/02/06,0,0,0,0
2014/02/07,0,0,0,0
2014/02/10,0,0,0,0
2014/02/11,0,0,0,0
2014/02/12,0,0,0,0
2014/02/13,0,0,-9135,-9135
2014/02/14,0,0,0,0
2014/02/17,0,0,0,0
2014/02/18,0,0,0,0
2014/02/19,0,44000,0,44000
2014/02/20,0,38000,0,38000
2014/02/21,0,0,0,0
2014/02/24,0,1000,0,1000
2014/02/25,0,0,0,0
2014/02/26,0,0,0,0
2014/02/27,0,0,0,0
2014/03/03,0,0,0,0
2014/03/04,0,0,0,0
2014/03/05,0,0,0,0
2014/03/06,0,0,-1000,-1000
2014/03/07,0,0,-1000,-1000
2014/03/10,0,0,-5000,-5000
2014/03/11,0,0,-197453,-197453
2014/03/12,0,0,-1000,-1000
2014/03/13,0,0,-15000,-15000
2014/03/14,0,0,-1000,-1000
2014/03/17,0,0,-1000,-1000
2014/03/18,0,0,0,0
2014/03/19,0,0,0,0
2014/03/20,0,0,0,0
2014/03/21,0,0,-3000,-3000
2014/03/24,0,0,0,0
2014/03/25,0,0,0,0
2014/03/26,0,0,0,0
2014/03/27,0,0,0,0
2014/03/28,0,0,-1000,-1000
2014/03/31,0,0,-700000,-700000
2014/04/01,0,0,-13000,-13000
2014/04/02,0,0,0,0
2014/04/03,0,0,-28000,-28000
2014/04/07,0,0,-8000,-8000
2014/04/08,0,0,0,0
2014/04/09,0,0,0,0
2014/04/10,0,276,0,276
2014/04/11,0,0,0,0
2014/04/14,0,0,0,0
2014/04/15,0,0,0,0
2014/04/16,0,0,0,0
2014/04/17,0,0,0,0
2014/04/18,0,0,0,0
2014/04/21,0,4000,0,4000
2014/04/22,0,0,-1000,-1000
2014/04/23,0,0,0,0
2014/04/24,0,0,0,0
2014/04/25,0,0,0,0
2014/04/28,0,0,0,0
2014/04/29,0,0,0,0
2014/04/30,0,2000,-2000,0
2014/05/02,0,0,0,0
2014/05/05,0,0,0,0
2014/05/06,0,0,0,0
2014/05/07,0,0,-500000,-500000
2014/05/08,0,0,0,0
2014/05/09,0,0,0,0
2014/05/12,0,0,-500000,-500000
2014/05/13,0,0,0,0
2014/05/14,0,0,0,0
2014/05/15,0,0,0,0
2014/05/16,0,0,0,0
2014/05/19,0,0,-1000,-1000
2014/05/20,0,0,0,0
2014/05/21,0,0,0,0
2014/05/22,0,0,0,0
2014/05/23,0,0,-127605,-127605
2014/05/26,0,0,-80000,-80000
2014/05/27,0,0,-93000,-93000
2014/05/28,0,0,0,0
2014/05/29,0,0,-1000,-1000
2014/05/30,0,0,0,0
2014/06/03,0,0,0,0
2014/06/04,0,0,0,0
2014/06/05,0,0,-1000,-1000
2014/06/06,0,85000,0,85000
2014/06/09,0,0,0,0
2014/06/10,0,0,-3000,-3000
2014/06/11,0,0,-4000,-4000
2014/06/12,0,0,-5000,-5000
2014/06/13,0,0,-89000,-89000
2014/06/16,0,0,0,0
2014/06/17,0,0,0,0
2014/06/18,0,0,0,0
2014/06/19,0,0,0,0
2014/06/20,0,0,-1000,-1000
2014/06/23,0,0,0,0
2014/06/24,0,0,-2000,-2000
2014/06/25,0,0,-1000,-1000
2014/06/26,0,0,0,0
2014/06/27,0,0,0,0
2014/06/30,0,6000,-1000,5000
2014/07/01,0,0,0,0
2014/07/02,0,11518,0,11518
2014/07/03,0,70000,0,70000
2014/07/04,0,0,0,0
2014/07/07,0,0,0,0
2014/07/08,0,0,-1000,-1000
2014/07/09,0,0,0,0
2014/07/10,0,0,0,0
2014/07/11,0,0,-70000,-70000
2014/07/14,0,0,0,0
2014/07/15,0,0,-3000,-3000
2014/07/16,0,0,0,0
2014/07/17,0,7000,0,7000
2014/07/18,0,78000,0,78000
2014/07/21,0,0,0,0
2014/07/22,0,5000,0,5000
2014/07/23,0,0,0,0
2014/07/24,0,2000,0,2000
2014/07/25,0,2000,0,2000
2014/07/28,0,0,0,0
2014/07/29,0,1000,0,1000
2014/07/30,0,40000,0,40000
2014/07/31,0,9000,0,9000
2014/08/01,0,9000,0,9000
2014/08/04,0,0,0,0
2014/08/05,0,0,0,0
2014/08/06,0,2000,0,2000
2014/08/07,0,10000,-500000,-490000
2014/08/08,0,13000,-500000,-487000
2014/08/11,0,4000,-500000,-496000
2014/08/12,0,4000,-650000,-646000
2014/08/13,0,2000,-572200,-570200
2014/08/14,0,4000,0,4000
2014/08/15,0,2000,0,2000
2014/08/18,0,0,0,0
2014/08/19,0,2000,0,2000
2014/08/20,0,0,0,0
2014/08/21,0,123000,0,123000
2014/08/22,0,0,0,0
2014/08/25,0,0,0,0
2014/08/26,0,0,0,0
2014/08/27,0,1000,0,1000
2014/08/28,0,7000,-17000,-10000
2014/08/29,0,0,0,0
2014/09/01,0,0,0,0
2014/09/02,0,0,0,0
2014/09/03,0,5000,0,5000
2014/09/04,0,1559000,0,1559000
2014/09/05,0,1636000,0,1636000
2014/09/09,0,900000,0,900000
2014/09/10,0,30000,0,30000
2014/09/11,0,78000,0,78000
2014/09/12,0,6000,0,6000
2014/09/15,0,1000,0,1000
2014/09/16,0,0,0,0
2014/09/17,0,4000,0,4000
2014/09/18,0,0,0,0
2014/09/19,0,0,0,0
2014/09/22,0,7000,-3948,3052
2014/09/23,0,0,-5000,-5000
2014/09/24,0,0,0,0
2014/09/25,0,0,0,0
2014/09/26,0,0,0,0
2014/09/29,0,0,0,0
2014/09/30,0,8000,0,8000
2014/10/01,0,0,0,0
2014/10/02,0,1000,0,1000
2014/10/03,0,0,0,0
2014/10/06,0,2000,0,2000
2014/10/07,0,1000,0,1000
2014/10/08,0,0,0,0
2014/10/09,0,0,-1220,-1220
2014/10/13,0,0,0,0
2014/10/14,0,500,0,500
2014/10/15,0,0,0,0
2014/10/16,0,0,0,0
2014/10/17,0,0,0,0
2014/10/20,0,0,0,0
2014/10/21,0,3000,0,3000
2014/10/22,0,0,0,0
2014/10/23,0,4000,0,4000
2014/10/24,0,0,0,0
2014/10/27,0,0,0,0
2014/10/28,0,0,-652000,-652000
2014/10/29,0,3000,-759000,-756000
2014/10/30,0,0,0,0
2014/10/31,0,166000,-400000,-234000
2014/11/03,0,296000,-2000,294000
2014/11/04,0,0,0,0
2014/11/05,0,40000,-250000,-210000
2014/11/06,0,136000,0,136000
2014/11/07,0,0,0,0
2014/11/10,0,66000,0,66000
2014/11/11,0,8000,0,8000
2014/11/12,0,4000,0,4000
2014/11/13,0,0,0,0
2014/11/14,0,0,0,0
2014/11/17,0,0,-400000,-400000
2014/11/18,0,0,-694000,-694000
2014/11/19,0,0,0,0
2014/11/20,0,1000,0,1000
2014/11/21,0,86000,0,86000
2014/11/24,0,0,0,0
2014/11/25,0,1000,0,1000
2014/11/26,0,0,0,0
2014/11/27,0,0,-510000,-510000
2014/11/28,0,0,-520000,-520000
2014/12/01,0,0,0,0
2014/12/02,0,0,0,0
2014/12/03,0,0,0,0
2014/12/04,0,0,0,0
2014/12/05,0,0,-133000,-133000
2014/12/08,0,0,0,0
2014/12/09,0,0,0,0
2014/12/10,0,0,0,0
2014/12/11,0,4765,0,4765
2014/12/12,0,0,0,0
2014/12/15,0,0,0,0
2014/12/16,0,1000,-2000,-1000
2014/12/17,0,0,0,0
2014/12/18,0,0,0,0
2014/12/19,0,0,-6000,-6000
2014/12/22,0,0,0,0
2014/12/23,0,0,0,0
2014/12/24,0,0,0,0
2014/12/25,0,0,0,0
2014/12/26,0,0,0,0
2014/12/29,0,0,0,0
2014/12/30,0,0,0,0
2014/12/31,0,0,-1000,-1000
2015/01/01,0,0,0,0
2015/01/02,0,0,0,0
2015/01/05,0,0,0,0
2015/01/06,0,0,0,0
2015/01/07,0,0,-1000,-1000
2015/01/08,0,0,0,0
2015/01/09,0,0,0,0
2015/01/12,0,0,0,0
2015/01/13,0,0,0,0
2015/01/14,0,0,0,0
2015/01/15,0,0,0,0
2015/01/16,0,0,-186000,-186000
2015/01/19,0,0,0,0
2015/01/20,0,0,0,0
2015/01/21,0,0,0,0
2015/01/22,0,0,-27236,-27236
2015/01/23,0,0,0,0
2015/01/26,0,0,0,0
2015/01/27,0,0,0,0
2015/01/28,0,0,0,0
2015/01/29,0,0,0,0
2015/01/30,0,0,-1000,-1000
2015/02/02,0,0,0,0
2015/02/03,0,0,0,0
2015/02/04,0,0,0,0
2015/02/05,0,0,0,0
2015/02/06,0,0,0,0
2015/02/09,0,0,0,0
2015/02/10,0,0,0,0
2015/02/11,0,0,0,0
2015/02/12,0,0,0,0
2015/02/13,0,0,0,0
2015/02/16,0,0,0,0
2015/02/17,0,0,0,0
2015/02/18,0,0,0,0
2015/02/19,0,0,0,0
2015/02/20,0,0,0,0
2015/02/23,0,0,0,0
2015/02/24,0,0,0,0
2015/02/25,0,0,0,0
2015/02/26,0,0,-79560,-79560
2015/02/27,0,0,0,0
2015/03/02,0,0,-536000,-536000
2015/03/03,0,0,-68000,-68000
2015/03/04,0,12000,0,12000
2015/03/05,0,0,0,0
2015/03/06,0,0,0,0
2015/03/09,0,0,0,0
2015/03/10,0,0,0,0
2015/03/11,0,0,0,0
2015/03/12,0,0,-2223,-2223
2015/03/13,0,0,0,0
2015/03/16,0,0,0,0
2015/03/17,0,0,0,0
2015/03/18,0,0,0,0
2015/03/19,0,0,0,0
2015/03/20,0,0,-1000,-1000
2015/03/23,0,0,0,0
2015/03/24,0,0,-1000,-1000
2015/03/25,0,0,0,0
2015/03/26,0,0,0,0
2015/03/27,0,0,0,0
2015/03/30,0,0,0,0
2015/03/31,0,0,0,0
2015/04/01,0,0,0,0
2015/04/02,0,0,0,0
2015/04/03,0,0,0,0
2015/04/06,0,0,0,0
2015/04/07,0,0,0,0
2015/04/08,0,0,0,0
2015/04/09,0,0,0,0
2015/04/10,0,0,0,0
2015/04/13,0,0,0,0
2015/04/14,0,0,0,0
2015/04/15,0,127000,0,127000
2015/04/16,0,0,0,0
2015/04/17,0,0,0,0
2015/04/20,0,0,-2000,-2000
2015/04/21,0,0,0,0
2015/04/22,0,0,0,0
2015/04/23,0,0,0,0
2015/04/24,0,0,-1000,-1000
2015/04/27,0,0,0,0
2015/04/28,0,0,-2000,-2000
2015/04/29,0,0,-1000,-1000
2015/04/30,0,0,-1000,-1000
2015/05/01,0,0,0,0
2015/05/04,0,0,0,0
2015/05/05,0,0,0,0
2015/05/06,0,0,0,0
2015/05/07,0,0,0,0
2015/05/08,0,0,0,0
2015/05/11,0,1000,0,1000
2015/05/12,0,0,0,0
2015/05/13,0,0,0,0
2015/05/14,0,1000,0,1000
2015/05/15,0,0,0,0
2015/05/18,0,0,0,0
2015/05/19,0,0,0,0
2015/05/20,0,0,0,0
2015/05/21,0,0,0,0
2015/05/22,0,0,0,0
2015/05/25,0,0,0,0
2015/05/26,0,0,0,0
2015/05/27,0,0,0,0
2015/05/28,0,0,-93000,-93000
2015/05/29,0,0,-45823,-45823
2015/06/01,0,0,0,0
2015/06/02,0,0,0,0
2015/06/03,0,0,0,0
2015/06/04,0,764,-12000,-11236
2015/06/05,0,0,-1000,-1000
2015/06/08,0,0,0,0
2015/06/09,0,0,0,0
2015/06/10,0,0,0,0
2015/06/11,0,116000,0,116000
2015/06/12,0,122000,0,122000
2015/06/15,0,203000,0,203000
2015/06/16,0,0,-40924,-40924
2015/06/17,0,0,0,0
2015/06/18,0,0,-1000,-1000
2015/06/19,0,0,0,0
2015/06/22,0,0,-4000,-4000
2015/06/23,0,0,0,0
2015/06/24,0,0,0,0
2015/06/25,0,0,0,0
2015/06/26,0,0,0,0
2015/06/29,0,0,0,0
2015/06/30,0,0,0,0
2015/07/01,0,0,0,0
2015/07/02,0,0,0,0
2015/07/03,0,0,0,0
2015/07/06,0,0,0,0
2015/07/07,0,0,0,0
2015/07/08,0,119000,0,119000
2015/07/09,0,0,0,0
2015/07/10,0,0,0,0
2015/07/13,0,0,0,0
2015/07/14,0,121000,0,121000
2015/07/15,0,7000,0,7000
2015/07/16,0,122000,0,122000
2015/07/17,0,146000,0,146000
2015/07/20,0,0,0,0
2015/07/21,0,1000,0,1000
2015/07/22,0,0,0,0
2015/07/23,0,0,0,0
2015/07/24,0,2000,0,2000
2015/07/27,0,244000,0,244000
2015/07/28,0,12000,0,12000
2015/07/29,0,0,0,0
2015/07/30,0,0,0,0
2015/07/31,0,0,0,0
2015/08/03,0,125000,0,125000
2015/08/04,0,0,0,0
2015/08/05,0,127000,0,127000
2015/08/06,0,0,0,0
2015/08/07,0,0,0,0
2015/08/10,0,0,0,0
2015/08/11,0,0,0,0
2015/08/12,0,0,0,0
2015/08/13,0,0,0,0
2015/08/14,0,0,0,0
2015/08/17,0,0,0,0
2015/08/18,0,0,0,0
2015/08/19,0,0,-264000,-264000
2015/08/20,0,0,0,0
2015/08/21,0,1000,-388000,-387000
2015/08/24,0,0,0,0
2015/08/25,0,2470,0,2470
2015/08/26,0,0,0,0
2015/08/27,0,0,0,0
2015/08/28,0,1000,0,1000
2015/08/31,0,0,-5000,-5000
2015/09/01,0,0,-9000,-9000
2015/09/02,0,0,0,0
2015/09/03,0,0,0,0
2015/09/04,0,0,0,0
2015/09/07,0,0,0,0
2015/09/08,0,0,0,0
2015/09/09,0,0,0,0
2015/09/10,0,0,-256000,-256000
2015/09/11,0,0,0,0
2015/09/14,0,0,0,0
2015/09/15,0,0,0,0
2015/09/16,0,0,0,0
2015/09/17,0,0,0,0
2015/09/18,0,1931000,-3000,1928000
2015/09/21,0,1197000,0,1197000
2015/09/22,0,689000,-2035,686965
2015/09/23,0,0,0,0
2015/09/24,0,0,0,0
2015/09/25,0,0,0,0
2015/09/28,0,0,0,0
2015/09/29,0,0,0,0
2015/09/30,0,0,0,0
2015/10/01,0,438000,0,438000
2015/10/02,0,7000,0,7000
2015/10/05,0,0,0,0
2015/10/06,0,0,0,0
2015/10/07,0,0,0,0
2015/10/08,0,0,0,0
2015/10/09,0,0,0,0
2015/10/12,0,0,0,0
2015/10/13,0,0,-1092000,-1092000
2015/10/14,0,0,0,0
2015/10/15,0,0,0,0
2015/10/16,0,0,0,0
2015/10/19,0,399000,0,399000
2015/10/20,0,695000,0,695000
2015/10/21,0,790000,0,790000
2015/10/22,0,488000,0,488000
2015/10/23,0,1291000,-142000,1149000
2015/10/26,0,470000,0,470000
2015/10/27,0,0,0,0
2015/10/28,0,0,0,0
2015/10/29,0,0,0,0
2015/10/30,0,0,-193000,-193000
2015/11/02,0,800000,0,800000
2015/11/03,0,0,0,0
2015/11/04,0,9000,-2000,7000
2015/11/05,0,150000,0,150000
2015/11/06,0,0,0,0
2015/11/09,0,0,-184000,-184000
2015/11/10,0,0,0,0
2015/11/11,0,0,-12000,-12000
2015/11/12,0,0,0,0
2015/11/13,0,0,0,0
2015/11/16,0,0,0,0
2015/11/17,0,0,0,0
2015/11/18,0,0,0,0
2015/11/19,0,0,-461000,-461000
2015/11/20,0,0,-480000,-480000
2015/11/23,0,0,-998000,-998000
2015/11/24,0,0,-334000,-334000
2015/11/25,0,0,-245000,-245000
2015/11/26,0,0,0,0
2015/11/27,0,0,0,0
2015/11/30,0,0,0,0
2015/12/01,0,0,0,0
2015/12/02,0,0,0,0
2015/12/03,0,0,0,0
2015/12/04,0,0,0,0
2015/12/07,0,0,0,0
2015/12/08,0,0,0,0
2015/12/09,0,0,0,0
2015/12/10,0,0,0,0
2015/12/11,0,0,0,0
2015/12/14,0,0,-65,-65
2015/12/15,0,0,0,0
2015/12/16,0,0,0,0
2015/12/17,0,0,0,0
2015/12/18,0,0,0,0
2015/12/21,0,0,0,0
2015/12/22,0,0,0,0
2015/12/23,0,0,0,0
2015/12/24,0,0,0,0
2015/12/25,0,0,0,0
2015/12/28,0,95000,0,95000
2015/12/29,0,93000,0,93000
2015/12/30,0,0,0,0
2015/12/31,0,0,0,0
2016/01/01,0,0,0,0
2016/01/04,0,0,0,0
2016/01/05,0,0,-1422000,-1422000
2016/01/06,0,0,-2142000,-2142000
2016/01/07,0,0,-255000,-255000
2016/01/08,0,0,0,0
2016/01/11,0,0,0,0
2016/01/12,0,0,-726000,-726000
2016/01/13,0,0,0,0
2016/01/14,0,0,-81000,-81000
2016/01/15,0,0,-16000,-16000
2016/01/18,0,0,0,0
2016/01/19,0,0,0,0
2016/01/20,0,0,-17000,-17000
2016/01/21,0,0,0,0
2016/01/22,0,0,0,0
2016/01/25,0,0,-562000,-562000
2016/01/26,0,0,-334000,-334000
2016/01/27,0,0,0,0
2016/01/28,0,0,0,0
2016/01/29,0,0,0,0
2016/02/01,0,0,0,0
2016/02/02,0,0,0,0
2016/02/03,0,0,0,0
2016/02/04,0,0,0,0
2016/02/05,0,0,0,0
2016/02/08,0,0,0,0
2016/02/09,0,0,0,0
2016/02/10,0,0,0,0
2016/02/11,0,0,0,0
2016/02/12,0,0,0,0
2016/02/15,0,103,0,103
2016/02/16,0,0,0,0
2016/02/17,0,0,0,0
2016/02/18,0,0,0,0
2016/02/19,0,1000,0,1000
2016/02/22,0,0,0,0
2016/02/23,0,0,0,0
2016/02/24,0,0,0,0
2016/02/25,0,0,0,0
2016/02/26,0,0,0,0
2016/02/29,0,0,0,0
2016/03/01,0,0,0,0
2016/03/02,0,0,-2000,-2000
2016/03/03,0,0,0,0
2016/03/04,0,0,0,0
2016/03/07,0,0,0,0
2016/03/08,0,2000,0,2000
2016/03/09,0,0,0,0
2016/03/10,0,0,0,0
2016/03/11,0,82000,0,82000
2016/03/14,0,0,0,0
2016/03/15,0,0,0,0
2016/03/16,0,0,0,0
2016/03/17,0,0,0,0
2016/03/18,0,0,-3000,-3000
2016/03/21,0,0,0,0
2016/03/22,0,0,0,0
2016/03/23,0,0,0,0
2016/03/24,0,0,0,0
2016/03/25,0,0,0,0
2016/03/28,0,0,0,0
2016/03/29,0,0,0,0
2016/03/30,0,0,0,0
2016/03/31,0,0,0,0
2016/04/01,0,0,0,0
2016/04/04,0,0,0,0
2016/04/05,0,0,0,0
2016/04/06,0,0,0,0
2016/04/07,0,0,0,0
2016/04/08,0,0,0,0
2016/04/11,0,0,0,0
2016/04/12,0,0,-1000,-1000
2016/04/13,0,0,0,0
2016/04/14,0,0,0,0
2016/04/15,0,0,-233000,-233000
2016/04/18,0,0,0,0
2016/04/19,0,0,0,0
2016/04/20,0,0,-1000,-1000
2016/04/21,0,0,0,0
2016/04/22,0,0,0,0
2016/04/25,0,0,0,0
2016/04/26,0,0,0,0
2016/04/27,0,0,0,0
2016/04/28,0,0,0,0
2016/04/29,0,0,0,0
2016/05/02,0,0,0,0
2016/05/03,0,0,0,0
2016/05/04,0,0,0,0
2016/05/05,0,0,0,0
2016/05/06,0,0,0,0
2016/05/09,0,0,0,0
2016/05/10,0,0,-1038,-1038
2016/05/11,0,0,0,0
2016/05/12,0,0,0,0
2016/05/13,0,0,0,0
2016/05/16,0,0,0,0
2016/05/17,0,0,0,0
2016/05/18,0,0,0,0
2016/05/19,0,0,0,0
2016/05/20,0,122000,0,122000
2016/05/23,0,87000,0,87000
2016/05/24,0,87000,0,87000
2016/05/25,0,0,0,0
2016/05/26,0,123000,-1000,122000
2016/05/27,0,123000,0,123000
2016/05/30,0,0,0,0
2016/05/31,0,0,0,0
2016/06/01,0,0,0,0
2016/06/02,0,0,0,0
2016/06/03,0,0,0,0
2016/06/06,0,84000,0,84000
2016/06/07,0,82000,0,82000
2016/06/08,0,0,0,0
2016/06/09,0,0,0,0
2016/06/10,0,0,0,0
2016/06/13,0,0,0,0
2016/06/14,0,0,0,0
2016/06/15,0,0,0,0
2016/06/16,0,0,0,0
2016/06/17,0,6000,0,6000
2016/06/20,0,0,0,0
2016/06/21,0,0,0,0
2016/06/22,0,0,0,0
2016/06/23,0,0,0,0
2016/06/24,0,2000,0,2000
2016/06/27,0,1000,0,1000
2016/06/28,0,1000,0,1000
2016/06/29,0,0,0,0
2016/06/30,0,0,0,0
2016/07/01,0,0,0,0
2016/07/04,0,0,0,0
2016/07/05,0,0,0,0
2016/07/06,0,0,0,0
2016/07/07,0,0,0,0
2016/07/08,0,0,0,0
2016/07/11,0,0,0,0
2016/07/12,0,0,0,0
2016/07/13,0,122000,0,122000
2016/07/14,0,565000,-1000,564000
2016/07/15,0,157000,0,157000
2016/07/18,0,0,0,0
2016/07/19,0,100000,-1000,99000
2016/07/20,0,0,-1000,-1000
2016/07/21,0,120000,-3000,117000
2016/07/22,0,0,-1000,-1000
2016/07/25,0,0,0,0
2016/07/26,0,0,0,0
2016/07/27,0,0,0,0
2016/07/28,0,0,0,0
2016/07/29,0,1539,-1000,539
2016/08/01,0,0,0,0
2016/08/02,0,0,0,0
2016/08/03,0,0,-1000,-1000
2016/08/04,0,0,-1000,-1000
2016/08/05,0,0,-1000,-1000
2016/08/08,0,0,-1000,-1000
2016/08/09,0,0,-2000,-2000
2016/08/10,0,0,0,0
2016/08/11,0,0,0,0
2016/08/12,0,0,0,0
2016/08/15,0,0,0,0
2016/08/16,0,0,-1000,-1000
2016/08/17,0,0,0,0
2016/08/18,0,0,0,0
2016/08/19,0,0,0,0
2016/08/22,0,0,0,0
2016/08/23,0,0,0,0
2016/08/24,0,0,-1000,-1000
2016/08/25,0,0,0,0
2016/08/26,0,0,0,0
2016/08/29,0,0,0,0
2016/08/30,0,0,-360000,-360000
2016/08/31,0,0,-440000,-440000
2016/09/01,0,0,0,0
2016/09/02,0,0,0,0
2016/09/05,0,0,0,0
2016/09/06,0,0,0,0
2016/09/07,0,0,0,0
2016/09/08,0,0,-2000,-2000
2016/09/09,0,0,0,0
2016/09/12,0,0,0,0
2016/09/13,0,0,0,0
2016/09/14,0,0,-1000,-1000
2016/09/15,0,0,0,0
2016/09/16,0,0,0,0
2016/09/19,0,0,0,0
2016/09/20,0,0,0,0
2016/09/21,0,0,0,0
2016/09/22,0,0,0,0
2016/09/23,0,0,0,0
2016/09/26,0,0,0,0
2016/09/27,0,0,0,0
2016/09/28,0,0,0,0
2016/09/29,0,0,0,0
2016/09/30,0,3589,0,3589
2016/10/03,0,0,0,0
2016/10/04,0,0,0,0
2016/10/05,0,0,-251000,-251000
2016/10/06,0,0,0,0
2016/10/07,0,1000,0,1000
2016/10/10,0,0,0,0
2016/10/11,0,0,0,0
2016/10/12,0,0,0,0
2016/10/13,0,0,0,0
2016/10/14,0,0,0,0
2016/10/17,0,0,0,0
2016/10/18,0,0,0,0
2016/10/19,0,0,0,0
2016/10/20,0,3000,0,3000
2016/10/21,0,3000,0,3000
2016/10/24,0,0,0,0
2016/10/25,0,0,0,0
2016/10/26,0,0,0,0
2016/10/27,0,0,0,0
2016/10/28,0,0,-114000,-114000
2016/10/31,0,0,-114000,-114000
2016/11/01,0,0,-177000,-177000
2016/11/02,0,0,-840,-840
2016/11/03,0,0,-1000,-1000
2016/11/04,0,0,0,0
2016/11/07,0,0,0,0
2016/11/08,0,0,0,0
2016/11/09,0,0,0,0
2016/11/10,0,0,0,0
2016/11/11,0,0,0,0
2016/11/14,0,0,0,0
2016/11/15,0,0,0,0
2016/11/16,0,0,-216000,-216000
2016/11/17,0,0,-190000,-190000
2016/11/18,0,0,-170000,-170000
2016/11/21,0,0,0,0
2016/11/22,0,2000,0,2000
2016/11/23,0,0,0,0
2016/11/24,0,0,0,0
2016/11/25,0,0,0,0
2016/11/28,0,0,0,0
2016/11/29,0,5000,0,5000
2016/11/30,0,0,0,0
2016/12/01,0,0,0,0
2016/12/02,0,0,0,0
2016/12/05,0,0,0,0
2016/12/06,0,0,0,0
2016/12/07,0,0,0,0
2016/12/08,0,0,0,0
2016/12/09,0,0,0,0
2016/12/12,0,0,0,0
2016/12/13,0,0,0,0
2016/12/14,0,0,0,0
2016/12/15,0,0,0,0
2016/12/16,0,0,-1000,-1000
2016/12/19,0,0,0,0
2016/12/20,0,0,0,0
2016/12/21,0,0,0,0
2016/12/22,0,0,0,0
2016/12/23,0,0,0,0
2016/12/26,0,0,0,0
2016/12/27,0,0,0,0
2016/12/28,0,0,0,0
2016/12/29,0,0,0,0
2016/12/30,0,0,0,0
2017/01/02,0,0,0,0
2017/01/03,0,0,0,0
2017/01/04,0,0,0,0
2017/01/05,0,1000,0,1000
2017/01/06,0,0,-6000,-6000
2017/01/09,0,0,0,0
2017/01/10,0,0,0,0
2017/01/11,0,0,0,0
2017/01/12,0,0,0,0
2017/01/13,0,0,0,0
2017/01/16,0,0,0,0
2017/01/17,0,0,0,0
2017/01/18,0,0,0,0
2017/01/19,0,0,0,0
2017/01/20,0,0,0,0
2017/01/23,0,462,0,462
2017/01/24,0,0,0,0
2017/01/25,0,0,0,0
2017/01/26,0,0,0,0
2017/01/27,0,0,0,0
2017/01/30,0,0,0,0
2017/01/31,0,0,0,0
2017/02/01,0,0,0,0
2017/02/02,0,0,0,0
2017/02/03,0,3000,0,3000
2017/02/06,0,0,0,0
2017/02/07,0,0,0,0
2017/02/08,0,0,0,0
2017/02/09,0,0,0,0
2017/02/10,0,0,0,0
2017/02/13,0,0,0,0
2017/02/14,0,0,0,0
2017/02/15,0,0,0,0
2017/02/16,0,0,0,0
2017/02/17,0,0,0,0
2017/02/20,0,0,0,0
2017/02/21,0,0,0,0
2017/02/22,0,0,0,0
2017/02/23,0,0,0,0
2017/02/24,0,0,0,0
2017/02/27,0,0,0,0
2017/02/28,0,0,0,0
2017/03/01,0,0,0,0
2017/03/02,0,0,0,0
2017/03/03,0,0,0,0
2017/03/06,0,0,0,0
2017/03/07,0,0,0,0
2017/03/08,0,0,0,0
2017/03/09,0,0,0,0
2017/03/10,0,0,0,0
2017/03/13,0,0,0,0
2017/03/14,0,0,0,0
2017/03/15,0,0,0,0
2017/03/16,0,0,0,0
2017/03/17,0,0,-4000,-4000
2017/03/20,0,0,-4000,-4000
2017/03/21,0,0,-4000,-4000
2017/03/22,0,0,0,0
2017/03/23,0,0,0,0
2017/03/24,0,0,0,0
2017/03/27,0,0,0,0
2017/03/28,0,0,0,0
2017/03/29,0,0,0,0
2017/03/30,0,0,0,0
2017/03/31,0,0,0,0
2017/04/03,0,0,0,0
2017/04/04,0,0,0,0
2017/04/05,0,0,0,0
2017/04/06,0,0,0,0
2017/04/07,0,0,0,0
2017/04/10,0,0,0,0
2017/04/11,0,0,0,0
2017/04/12,0,0,0,0
2017/04/13,0,0,0,0
2017/04/14,0,0,-1000,-1000
2017/04/17,0,0,0,0
2017/04/18,0,0,0,0
2017/04/19,0,0,0,0
