Date,Open,Buy,Sell,Total
2007/04/23,0,5000,0,5000
2007/04/24,0,0,-961,-961
2007/04/25,0,0,-1000,-1000
2007/04/26,0,0,-2000,-2000
2007/04/27,0,0,-3000,-3000
2007/04/30,0,0,0,0
2007/05/01,0,0,0,0
2007/05/02,0,0,-8000,-8000
2007/05/03,0,21000,0,21000
2007/05/04,0,22000,0,22000
2007/05/07,0,6000,0,6000
2007/05/08,0,6000,-2000,4000
2007/05/09,0,0,-1000,-1000
2007/05/10,0,0,0,0
2007/05/11,0,0,-28000,-28000
2007/05/14,0,0,0,0
2007/05/15,0,0,-11000,-11000
2007/05/16,0,0,0,0
2007/05/17,0,0,-1000,-1000
2007/05/18,0,2000,-1000,1000
2007/05/21,0,0,0,0
2007/05/22,0,0,-1000,-1000
2007/05/23,0,26000,0,26000
2007/05/24,0,6000,-3000,3000
2007/05/25,0,0,-23000,-23000
2007/05/28,0,32000,0,32000
2007/05/29,0,3000,0,3000
2007/05/30,0,8000,-43000,-35000
2007/05/31,0,0,0,0
2007/06/01,0,0,0,0
2007/06/04,0,1000,0,1000
2007/06/05,0,0,0,0
2007/06/06,0,0,0,0
2007/06/07,0,2000,0,2000
2007/06/08,0,4000,-5000,-1000
2007/06/11,0,3000,0,3000
2007/06/12,0,6000,-5000,1000
2007/06/13,0,1000,-7000,-6000
2007/06/14,0,0,-2000,-2000
2007/06/15,0,0,-5000,-5000
2007/06/18,0,0,0,0
2007/06/19,0,0,0,0
2007/06/20,0,16000,-24000,-8000
2007/06/21,0,35000,-14000,21000
2007/06/22,0,22000,-6000,16000
2007/06/25,0,18000,0,18000
2007/06/26,0,8000,0,8000
2007/06/27,0,8000,-3000,5000
2007/06/28,0,2000,-1000,1000
2007/06/29,0,2000,-2000,0
2007/07/02,0,23000,-48000,-25000
2007/07/03,0,8000,-1000,7000
2007/07/04,0,4000,0,4000
2007/07/05,0,1000,0,1000
2007/07/06,0,13000,-12000,1000
2007/07/09,0,27000,-2000,25000
2007/07/10,0,0,-3000,-3000
2007/07/11,0,0,-20000,-20000
2007/07/12,0,0,-26000,-26000
2007/07/13,0,35000,-26000,9000
2007/07/16,0,0,-34000,-34000
2007/07/17,0,10000,-24000,-14000
2007/07/18,0,0,-18000,-18000
2007/07/19,0,0,-7000,-7000
2007/07/20,0,10000,-10000,0
2007/07/23,0,4000,-33000,-29000
2007/07/24,0,0,-29000,-29000
2007/07/25,0,2000,-1000,1000
2007/07/26,0,24000,-13000,11000
2007/07/27,0,0,-33000,-33000
2007/07/30,0,8000,-76000,-68000
2007/07/31,0,147000,-43000,104000
2007/08/01,0,305000,-59000,246000
2007/08/02,0,18000,-68000,-50000
2007/08/03,0,78000,-106000,-28000
2007/08/06,0,76000,-266000,-190000
2007/08/07,0,2000,-67000,-65000
2007/08/08,0,0,-47000,-47000
2007/08/09,0,0,-25000,-25000
2007/08/10,0,0,-111000,-111000
2007/08/13,0,31000,-29000,2000
2007/08/14,0,40000,-48000,-8000
2007/08/15,0,36000,-45000,-9000
2007/08/16,0,66000,-17000,49000
2007/08/17,0,26000,-31000,-5000
2007/08/20,0,32000,-36000,-4000
2007/08/21,0,2000,-12000,-10000
2007/08/22,0,0,-10000,-10000
2007/08/23,0,0,-63000,-63000
2007/08/24,0,0,-25000,-25000
2007/08/27,0,41000,-18000,23000
2007/08/28,0,0,-1000,-1000
2007/08/29,0,2000,0,2000
2007/08/30,0,12000,-10000,2000
2007/08/31,0,5000,-1000,4000
2007/09/03,0,0,-33000,-33000
2007/09/04,0,5000,0,5000
2007/09/05,0,0,-56000,-56000
2007/09/06,0,6000,-7000,-1000
2007/09/07,0,0,-4000,-4000
2007/09/10,0,32000,-10000,22000
2007/09/11,0,6000,-2000,4000
2007/09/12,0,9000,-20000,-11000
2007/09/13,0,6000,-2000,4000
2007/09/14,0,7000,-1000,6000
2007/09/17,0,1000,-3000,-2000
2007/09/18,0,0,0,0
2007/09/19,0,61000,-1000,60000
2007/09/20,0,33000,-7000,26000
2007/09/21,0,32000,-17000,15000
2007/09/24,0,0,0,0
2007/09/25,0,0,0,0
2007/09/26,0,3000,0,3000
2007/09/27,0,21000,-16000,5000
2007/09/28,0,1000,-35000,-34000
2007/10/01,0,0,-68000,-68000
2007/10/02,0,5000,-17000,-12000
2007/10/03,0,7000,-3000,4000
2007/10/04,0,14000,-12000,2000
2007/10/05,0,2000,-1000,1000
2007/10/08,0,1000,-17000,-16000
2007/10/09,0,0,-14000,-14000
2007/10/10,0,0,0,0
2007/10/11,0,11000,0,11000
2007/10/12,0,3000,-25000,-22000
2007/10/15,0,3000,-11000,-8000
2007/10/16,0,3000,-11000,-8000
2007/10/17,0,1000,-6000,-5000
2007/10/18,0,4000,-2000,2000
2007/10/19,0,0,-8000,-8000
2007/10/22,0,11000,-32000,-21000
2007/10/23,0,6000,-9000,-3000
2007/10/24,0,20000,-6000,14000
2007/10/25,0,13000,-3000,10000
2007/10/26,0,19000,-1000,18000
2007/10/29,0,12000,-2000,10000
2007/10/30,0,14000,-5000,9000
2007/10/31,0,27000,-3000,24000
2007/11/01,0,5000,-8000,-3000
2007/11/02,0,12000,-14000,-2000
2007/11/05,0,8000,-19000,-11000
2007/11/06,0,6000,-15000,-9000
2007/11/07,0,0,-11000,-11000
2007/11/08,0,9000,-28000,-19000
2007/11/09,0,18000,0,18000
2007/11/12,0,22000,0,22000
2007/11/13,0,24000,0,24000
2007/11/14,0,1000,-5000,-4000
2007/11/15,0,3000,-14000,-11000
2007/11/16,0,3000,-10000,-7000
2007/11/19,0,8000,0,8000
2007/11/20,0,24000,0,24000
2007/11/21,0,1000,-8000,-7000
2007/11/22,0,3000,-7000,-4000
2007/11/23,0,5000,-23000,-18000
2007/11/26,0,8000,0,8000
2007/11/27,0,33000,-7000,26000
2007/11/28,0,10000,-20000,-10000
2007/11/29,0,36000,0,36000
2007/11/30,0,10000,-12000,-2000
2007/12/03,0,3000,-10000,-7000
2007/12/04,0,9000,-1000,8000
2007/12/05,0,1000,-5000,-4000
2007/12/06,0,19000,-6000,13000
2007/12/07,0,11000,0,11000
2007/12/10,0,16000,-3000,13000
2007/12/11,0,15000,-7000,8000
2007/12/12,0,10000,-5000,5000
2007/12/13,0,4000,-2000,2000
2007/12/14,0,17000,-12000,5000
2007/12/17,0,9000,-4000,5000
2007/12/18,0,31000,-11000,20000
2007/12/19,0,5000,-12000,-7000
2007/12/20,0,1000,-23000,-22000
2007/12/21,0,9000,-2000,7000
2007/12/24,0,2000,-6000,-4000
2007/12/25,0,0,-15000,-15000
2007/12/26,0,16000,-9000,7000
2007/12/27,0,18000,0,18000
2007/12/28,0,4000,-23000,-19000
2007/12/31,0,10000,0,10000
2008/01/01,0,0,0,0
2008/01/02,0,0,-6000,-6000
2008/01/03,0,39000,-1000,38000
2008/01/04,0,17000,-3000,14000
2008/01/07,0,56000,-39000,17000
2008/01/08,0,37000,0,37000
2008/01/09,0,36000,-48000,-12000
2008/01/10,0,19000,-3000,16000
2008/01/11,0,9000,-1000,8000
2008/01/14,0,36000,-1000,35000
2008/01/15,0,11000,-5000,6000
2008/01/16,0,35000,-2000,33000
2008/01/17,0,9000,-6000,3000
2008/01/18,0,49000,-21000,28000
2008/01/21,0,30000,-4000,26000
2008/01/22,0,1000,-30000,-29000
2008/01/23,0,26000,-36000,-10000
2008/01/24,0,41000,-28000,13000
2008/01/25,0,64000,-94000,-30000
2008/01/28,0,35000,-6000,29000
2008/01/29,0,18000,0,18000
2008/01/30,0,51000,-8000,43000
2008/01/31,0,13000,-5000,8000
2008/02/01,0,20000,-5000,15000
2008/02/04,0,0,0,0
2008/02/05,0,0,0,0
2008/02/06,0,0,0,0
2008/02/07,0,0,0,0
2008/02/08,0,0,0,0
2008/02/11,0,0,0,0
2008/02/12,0,10000,-41000,-31000
2008/02/13,0,1000,-9000,-8000
2008/02/14,0,21000,-5000,16000
2008/02/15,0,26000,-9000,17000
2008/02/18,0,34000,-12000,22000
2008/02/19,0,2000,-18000,-16000
2008/02/20,0,1000,-4000,-3000
2008/02/21,0,28000,-14000,14000
2008/02/22,0,180000,-15000,165000
2008/02/25,0,7000,-104476,-97476
2008/02/26,0,24000,-240250,-216250
2008/02/27,0,10000,-86678,-76678
2008/02/28,0,0,0,0
2008/02/29,0,2000,-25000,-23000
2008/03/03,0,24000,-9125,14875
2008/03/04,0,39000,-20000,19000
2008/03/05,0,44000,-3000,41000
2008/03/06,0,5000,-20250,-15250
2008/03/07,0,23000,-18000,5000
2008/03/10,0,45000,-8000,37000
2008/03/11,0,47000,0,47000
2008/03/12,0,33000,-7105,25895
2008/03/13,0,21000,0,21000
2008/03/14,0,25000,-45000,-20000
2008/03/17,0,48000,-15000,33000
2008/03/18,0,32000,-11000,21000
2008/03/19,0,15000,-50000,-35000
2008/03/20,0,59000,-49000,10000
2008/03/21,0,5000,-24000,-19000
2008/03/24,0,56000,-13000,43000
2008/03/25,0,58000,-38000,20000
2008/03/26,0,14000,-23000,-9000
2008/03/27,0,37000,-58000,-21000
2008/03/28,0,67000,-13441,53559
2008/03/31,0,18000,-65000,-47000
2008/04/01,0,6000,-13000,-7000
2008/04/02,0,24000,-5000,19000
2008/04/03,0,8000,-1000,7000
2008/04/04,0,0,0,0
2008/04/07,0,31000,-32000,-1000
2008/04/08,0,39000,-26000,13000
2008/04/09,0,23000,-18831,4169
2008/04/10,0,82028,-43000,39028
2008/04/11,0,108000,-31000,77000
2008/04/14,0,1000,-4162,-3162
2008/04/15,0,0,-12000,-12000
2008/04/16,0,28,-47000,-46972
2008/04/17,0,20000,-165000,-145000
2008/04/18,0,21000,-19000,2000
2008/04/21,0,148000,-1000,147000
2008/04/22,0,80000,-17000,63000
2008/04/23,0,34000,0,34000
2008/04/24,0,39000,-39000,0
2008/04/25,0,11000,-74000,-63000
2008/04/28,0,43000,-47000,-4000
2008/04/29,0,25000,-2000,23000
2008/04/30,0,26000,0,26000
2008/05/01,0,0,0,0
2008/05/02,0,37000,-2000,35000
2008/05/05,0,40000,-22000,18000
2008/05/06,0,27000,0,27000
2008/05/07,0,5000,-2000,3000
2008/05/08,0,27000,-11000,16000
2008/05/09,0,0,-16000,-16000
2008/05/12,0,58000,-1000,57000
2008/05/13,0,25000,-82000,-57000
2008/05/14,0,1000,-30000,-29000
2008/05/15,0,6000,-4000,2000
2008/05/16,0,4000,-20000,-16000
2008/05/19,0,19000,-4000,15000
2008/05/20,0,18000,-54000,-36000
2008/05/21,0,101000,0,101000
2008/05/22,0,7000,-104000,-97000
2008/05/23,0,30000,-1000,29000
2008/05/26,0,19000,-10000,9000
2008/05/27,0,136000,-68000,68000
2008/05/28,0,32000,-7000,25000
2008/05/29,0,0,-64000,-64000
2008/05/30,0,200000,0,200000
2008/06/02,0,59000,-3000,56000
2008/06/03,0,24000,0,24000
2008/06/04,0,17000,-2000,15000
2008/06/05,0,52000,-68000,-16000
2008/06/06,0,40000,-244000,-204000
2008/06/09,0,12000,-123000,-111000
2008/06/10,0,5000,-12000,-7000
2008/06/11,0,68000,-2000,66000
2008/06/12,0,17000,-66000,-49000
2008/06/13,0,2000,-30000,-28000
2008/06/16,0,6000,-7000,-1000
2008/06/17,0,6000,-7000,-1000
2008/06/18,0,14000,0,14000
2008/06/19,0,8000,-18000,-10000
2008/06/20,0,20000,-38000,-18000
2008/06/23,0,62000,0,62000
2008/06/24,0,16000,-1000,15000
2008/06/25,0,64000,0,64000
2008/06/26,0,39000,-3000,36000
2008/06/27,0,30000,-1000,29000
2008/06/30,0,42000,-6000,36000
2008/07/01,0,78000,0,78000
2008/07/02,0,53000,-1000,52000
2008/07/03,0,16000,-20000,-4000
2008/07/04,0,13000,-48000,-35000
2008/07/07,0,2000,-5000,-3000
2008/07/08,0,28000,-76000,-48000
2008/07/09,0,76000,-38000,38000
2008/07/10,0,20000,0,20000
2008/07/11,0,13000,-37000,-24000
2008/07/14,0,5000,-8000,-3000
2008/07/15,0,9000,-7000,2000
2008/07/16,0,11000,-14000,-3000
2008/07/17,0,7000,-13000,-6000
2008/07/18,0,10000,-20028,-10028
2008/07/21,0,93000,0,93000
2008/07/22,0,63000,-50000,13000
2008/07/23,0,239000,-4000,235000
2008/07/24,0,15000,-27000,-12000
2008/07/25,0,43000,-52000,-9000
2008/07/28,0,0,0,0
2008/07/29,0,41000,-12000,29000
2008/07/30,0,85000,-12944,72056
2008/07/31,0,33000,-27000,6000
2008/08/01,0,25000,-9000,16000
2008/08/04,0,26000,-3000,23000
2008/08/05,0,57000,-72000,-15000
2008/08/06,0,66000,-20000,46000
2008/08/07,0,18000,-39000,-21000
2008/08/08,0,39000,-80000,-41000
2008/08/11,0,1000,-21000,-20000
2008/08/12,0,1000,-39000,-38000
2008/08/13,0,26000,-12000,14000
2008/08/14,0,72000,-15000,57000
2008/08/15,0,17000,-10000,7000
2008/08/18,0,0,-37485,-37485
2008/08/19,0,360,-17000,-16640
2008/08/20,0,0,-14000,-14000
2008/08/21,0,6000,-84955,-78955
2008/08/22,0,4000,-35000,-31000
2008/08/25,0,3000,-9000,-6000
2008/08/26,0,56000,-6000,50000
2008/08/27,0,109000,0,109000
2008/08/28,0,17000,-9000,8000
2008/08/29,0,106000,-8000,98000
2008/09/01,0,23000,-806,22194
2008/09/02,0,13000,-10000,3000
2008/09/03,0,22000,-2000,20000
2008/09/04,0,31000,-12000,19000
2008/09/05,0,19000,-2000,17000
2008/09/08,0,1000,-9000,-8000
2008/09/09,0,33000,-8000,25000
2008/09/10,0,33000,-73016,-40016
2008/09/11,0,21000,-209000,-188000
2008/09/12,0,29000,0,29000
2008/09/15,0,4000,-35000,-31000
2008/09/16,0,16000,0,16000
2008/09/17,0,18000,-81898,-63898
2008/09/18,0,24000,-11000,13000
2008/09/19,0,7000,-30000,-23000
2008/09/22,0,0,-33000,-33000
2008/09/23,0,14000,-12000,2000
2008/09/24,0,33000,-5000,28000
2008/09/25,0,32000,-22000,10000
2008/09/26,0,2000,-75000,-73000
2008/09/29,0,0,0,0
2008/09/30,0,18000,-3000,15000
2008/10/01,0,39000,-31000,8000
2008/10/02,0,23000,-16000,7000
2008/10/03,0,24000,-20000,4000
2008/10/06,0,13000,-14202,-1202
2008/10/07,0,30000,-3877,26123
2008/10/08,0,28000,0,28000
2008/10/09,0,17000,-2000,15000
2008/10/10,0,0,0,0
2008/10/13,0,10000,-25000,-15000
2008/10/14,0,0,-836,-836
2008/10/15,0,11000,-51677,-40677
2008/10/16,0,0,-8918,-8918
2008/10/17,0,12000,-3000,9000
2008/10/20,0,29000,-25364,3636
2008/10/21,0,21000,-3000,18000
2008/10/22,0,3000,-1832,1168
2008/10/23,0,1000,-3145,-2145
2008/10/24,0,0,0,0
2008/10/27,0,1000,-8602,-7602
2008/10/28,0,18000,-2000,16000
2008/10/29,0,23000,0,23000
2008/10/30,0,13000,-2000,11000
2008/10/31,0,19000,-23000,-4000
2008/11/03,0,21000,-4999,16001
2008/11/04,0,24000,-5800,18200
2008/11/05,0,36000,-9000,27000
2008/11/06,0,10000,-23169,-13169
2008/11/07,0,20228,-39000,-18772
2008/11/10,0,32000,-2000,30000
2008/11/11,0,37000,-10000,27000
2008/11/12,0,14000,-24000,-10000
2008/11/13,0,13000,-4795,8205
2008/11/14,0,5000,-8000,-3000
2008/11/17,0,26000,-3105,22895
2008/11/18,0,194000,-10000,184000
2008/11/19,0,43000,-33000,10000
2008/11/20,0,41000,-64000,-23000
2008/11/21,0,56000,-1000,55000
2008/11/24,0,21000,0,21000
2008/11/25,0,26000,-1000,25000
2008/11/26,0,14000,0,14000
2008/11/27,0,21000,-22000,-1000
2008/11/28,0,49000,0,49000
2008/12/01,0,2000,0,2000
2008/12/02,0,29000,-5000,24000
2008/12/03,0,41000,-21000,20000
2008/12/04,0,13000,-172000,-159000
2008/12/05,0,33000,-6000,27000
2008/12/08,0,56000,-1041,54959
2008/12/09,0,35000,-16000,19000
2008/12/10,0,10000,-7000,3000
2008/12/11,0,12000,-10000,2000
2008/12/12,0,3000,-39000,-36000
2008/12/15,0,28000,-13000,15000
2008/12/16,0,40000,-20000,20000
2008/12/17,0,27000,-31000,-4000
2008/12/18,0,125000,-22000,103000
2008/12/19,0,3000,-104000,-101000
2008/12/22,0,69000,-56000,13000
2008/12/23,0,40000,-15000,25000
2008/12/24,0,5000,-4000,1000
2008/12/25,0,1000,-3000,-2000
2008/12/26,0,5000,-2000,3000
2008/12/29,0,15000,0,15000
2008/12/30,0,43000,-6314,36686
2008/12/31,0,14000,-14271,-271
2009/01/01,0,0,0,0
2009/01/02,0,0,0,0
2009/01/05,0,105000,-68000,37000
2009/01/06,0,9000,-2000,7000
2009/01/07,0,13000,-129000,-116000
2009/01/08,0,9000,-147000,-138000
2009/01/09,0,10000,-9000,1000
2009/01/12,0,30000,0,30000
2009/01/13,0,2000,-6000,-4000
2009/01/14,0,68000,-2000,66000
2009/01/15,0,6000,-3000,3000
2009/01/16,0,11000,0,11000
2009/01/19,0,2000,-67174,-65174
2009/01/20,0,29000,-9000,20000
2009/01/21,0,29000,-2380,26620
2009/01/22,0,0,0,0
2009/01/23,0,0,0,0
2009/01/26,0,0,0,0
2009/01/27,0,0,0,0
2009/01/28,0,0,0,0
2009/01/29,0,0,0,0
2009/01/30,0,0,0,0
2009/02/02,0,4000,-5626,-1626
2009/02/03,0,2000,-20000,-18000
2009/02/04,0,15000,0,15000
2009/02/05,0,12000,0,12000
2009/02/06,0,20000,-18000,2000
2009/02/09,0,0,-46000,-46000
2009/02/10,0,12000,-28000,-16000
2009/02/11,0,7000,-24093,-17093
2009/02/12,0,0,-44000,-44000
2009/02/13,0,85000,0,85000
2009/02/16,0,0,-22000,-22000
2009/02/17,0,3000,-31000,-28000
2009/02/18,0,16000,-27000,-11000
2009/02/19,0,8000,-19000,-11000
2009/02/20,0,12000,-84068,-72068
2009/02/23,0,14000,-13000,1000
2009/02/24,0,13000,-14000,-1000
2009/02/25,0,15000,-2000,13000
2009/02/26,0,43000,-3000,40000
2009/02/27,0,79000,-8000,71000
2009/03/02,0,21000,-39000,-18000
2009/03/03,0,13000,-10000,3000
2009/03/04,0,16000,-17000,-1000
2009/03/05,0,19000,-13000,6000
2009/03/06,0,6000,-68000,-62000
2009/03/09,0,18000,-3000,15000
2009/03/10,0,11000,-19000,-8000
2009/03/11,0,18000,-38000,-20000
2009/03/12,0,20000,-3000,17000
2009/03/13,0,62000,0,62000
2009/03/16,0,12000,-17000,-5000
2009/03/17,0,93000,-28000,65000
2009/03/18,0,30000,-57000,-27000
2009/03/19,0,18000,-61560,-43560
2009/03/20,0,24000,-33000,-9000
2009/03/23,0,43000,0,43000
2009/03/24,0,36000,-4223,31777
2009/03/25,0,16000,0,16000
2009/03/26,0,7000,-4000,3000
2009/03/27,0,26000,-108000,-82000
2009/03/30,0,10000,-67000,-57000
2009/03/31,0,10000,-4000,6000
2009/04/01,0,28000,-5000,23000
2009/04/02,0,82000,-2783,79217
2009/04/03,0,15000,-42000,-27000
2009/04/06,0,3000,-4000,-1000
2009/04/07,0,124000,-9000,115000
2009/04/08,0,1000,-84000,-83000
2009/04/09,0,31000,-1000,30000
2009/04/10,0,124000,-57000,67000
2009/04/13,0,36000,-61000,-25000
2009/04/14,0,12000,-46000,-34000
2009/04/15,0,29000,-102000,-73000
2009/04/16,0,76000,-130000,-54000
2009/04/17,0,56000,-45782,10218
2009/04/20,0,60000,-36000,24000
2009/04/21,0,169000,-112000,57000
2009/04/22,0,68000,-67000,1000
2009/04/23,0,4000,-57000,-53000
2009/04/24,0,26000,-232000,-206000
2009/04/27,0,59000,-1000,58000
2009/04/28,0,30000,-31000,-1000
2009/04/29,0,47000,-24000,23000
2009/04/30,0,135000,-50000,85000
2009/05/01,0,0,0,0
2009/05/04,0,44000,-45000,-1000
2009/05/05,0,49000,-23000,26000
2009/05/06,0,214000,-120608,93392
2009/05/07,0,79000,-105000,-26000
2009/05/08,0,147000,0,147000
2009/05/11,0,16000,-125000,-109000
2009/05/12,0,83000,-61000,22000
2009/05/13,0,138000,-49000,89000
2009/05/14,0,15000,-44000,-29000
2009/05/15,0,136000,-160000,-24000
2009/05/18,0,40000,-130000,-90000
2009/05/19,0,230000,-113000,117000
2009/05/20,0,17000,-37000,-20000
2009/05/21,0,101000,-88000,13000
2009/05/22,0,18000,-86781,-68781
2009/05/25,0,309000,-22000,287000
2009/05/26,0,54000,-19000,35000
2009/05/27,0,434000,-17000,417000
2009/05/28,0,0,0,0
2009/05/29,0,0,0,0
2009/06/01,0,26000,-42749,-16749
2009/06/02,0,46000,-101000,-55000
2009/06/03,0,17000,-23000,-6000
2009/06/04,0,29000,-37000,-8000
2009/06/05,0,19000,-26000,-7000
2009/06/08,0,30000,-24000,6000
2009/06/09,0,135000,-3000,132000
2009/06/10,0,18000,-15000,3000
2009/06/11,0,27000,-41000,-14000
2009/06/12,0,17000,-142000,-125000
2009/06/15,0,50000,-175000,-125000
2009/06/16,0,5000,-8000,-3000
2009/06/17,0,51000,-2236,48764
2009/06/18,0,18000,-45000,-27000
2009/06/19,0,17000,-6000,11000
2009/06/22,0,22000,-34000,-12000
2009/06/23,0,0,-6000,-6000
2009/06/24,0,62000,-18000,44000
2009/06/25,0,18000,-14000,4000
2009/06/26,0,0,-62000,-62000
2009/06/29,0,53000,-18000,35000
2009/06/30,0,43000,-14000,29000
2009/07/01,0,82000,-24000,58000
2009/07/02,0,5000,-31000,-26000
2009/07/03,0,45000,-6000,39000
2009/07/06,0,13000,-28000,-15000
2009/07/07,0,253000,0,253000
2009/07/08,0,42000,-4000,38000
2009/07/09,0,67000,0,67000
2009/07/10,0,2000,-4000,-2000
2009/07/13,0,14000,-38000,-24000
2009/07/14,0,128000,-11000,117000
2009/07/15,0,77000,-8000,69000
2009/07/16,0,62769,-61000,1769
2009/07/17,0,27000,-38000,-11000
2009/07/20,0,12000,-7000,5000
2009/07/21,0,17176,-13000,4176
2009/07/22,0,33000,-1000,32000
2009/07/23,0,9000,-135000,-126000
2009/07/24,0,17000,-77000,-60000
2009/07/27,0,38000,-16000,22000
2009/07/28,0,320200,-79000,241200
2009/07/29,0,303000,-428000,-125000
2009/07/30,0,6000,-46000,-40000
2009/07/31,0,219000,-116000,103000
2009/08/03,0,127476,-87000,40476
2009/08/04,0,45000,-124000,-79000
2009/08/05,0,11000,-40000,-29000
2009/08/06,0,5000,-64000,-59000
2009/08/07,0,0,0,0
2009/08/10,0,27000,-28000,-1000
2009/08/11,0,161000,-12000,149000
2009/08/12,0,76000,-98000,-22000
2009/08/13,0,119000,-53000,66000
2009/08/14,0,139000,-62000,77000
2009/08/17,0,32000,-24000,8000
2009/08/18,0,58000,-159000,-101000
2009/08/19,0,44000,-106000,-62000
2009/08/20,0,14000,-55000,-41000
2009/08/21,0,1000,-277000,-276000
2009/08/24,0,4000,-36526,-32526
2009/08/25,0,0,-663000,-663000
2009/08/26,0,6000,-57000,-51000
2009/08/27,0,0,0,0
2009/08/28,0,8000,-400000,-392000
2009/08/31,0,30000,-7000,23000
2009/09/01,0,5000,-15000,-10000
2009/09/02,0,1000,-9000,-8000
2009/09/03,0,12000,-18000,-6000
2009/09/04,0,7000,-38000,-31000
2009/09/07,0,55000,-28000,27000
2009/09/08,0,77000,-9000,68000
2009/09/09,0,17000,-15000,2000
2009/09/10,0,83000,-24000,59000
2009/09/11,0,6000,-22000,-16000
2009/09/14,0,1000,-70000,-69000
2009/09/15,0,16000,0,16000
2009/09/16,0,14000,-11000,3000
2009/09/17,0,5000,-20000,-15000
2009/09/18,0,30000,-40000,-10000
2009/09/21,0,11000,-114000,-103000
2009/09/22,0,13000,-12000,1000
2009/09/23,0,2000,-92545,-90545
2009/09/24,0,58000,-10000,48000
2009/09/25,0,30000,-26000,4000
2009/09/28,0,6000,-11730,-5730
2009/09/29,0,8000,-3000,5000
2009/09/30,0,5000,-5000,0
2009/10/01,0,3000,-25000,-22000
2009/10/02,0,10000,-175600,-165600
2009/10/05,0,5000,-48352,-43352
2009/10/06,0,4000,-37000,-33000
2009/10/07,0,112000,-22016,89984
2009/10/08,0,4000,-14936,-10936
2009/10/09,0,1000,-27000,-26000
2009/10/12,0,7000,-12000,-5000
2009/10/13,0,15000,-14000,1000
2009/10/14,0,1000,-2000,-1000
2009/10/15,0,8000,-25071,-17071
2009/10/16,0,10000,0,10000
2009/10/19,0,4000,-11000,-7000
2009/10/20,0,1000,-31040,-30040
2009/10/21,0,24000,-7099,16901
2009/10/22,0,2000,0,2000
2009/10/23,0,15000,-1000,14000
2009/10/26,0,65000,0,65000
2009/10/27,0,1000,-1000,0
2009/10/28,0,0,-141320,-141320
2009/10/29,0,45000,-2000,43000
2009/10/30,0,20000,-17000,3000
2009/11/02,0,12000,-312000,-300000
2009/11/03,0,89000,-49000,40000
2009/11/04,0,21000,-82000,-61000
2009/11/05,0,9000,-4000,5000
2009/11/06,0,20000,0,20000
2009/11/09,0,53000,-1000,52000
2009/11/10,0,8000,0,8000
2009/11/11,0,58000,-7000,51000
2009/11/12,0,4000,-15000,-11000
2009/11/13,0,57000,-10000,47000
2009/11/16,0,2000,0,2000
2009/11/17,0,4000,-1000,3000
2009/11/18,0,0,-13800,-13800
2009/11/19,0,2000,-1000,1000
2009/11/20,0,3000,-10000,-7000
2009/11/23,0,4000,-2000,2000
2009/11/24,0,0,-4000,-4000
2009/11/25,0,11000,0,11000
2009/11/26,0,5000,-6000,-1000
2009/11/27,0,0,-39000,-39000
2009/11/30,0,0,-5041,-5041
2009/12/01,0,35000,-3000,32000
2009/12/02,0,18000,-2000,16000
2009/12/03,0,9000,0,9000
2009/12/04,0,2000,-6000,-4000
2009/12/07,0,2000,0,2000
2009/12/08,0,2000,-17000,-15000
2009/12/09,0,0,-12000,-12000
2009/12/10,0,1000,-66000,-65000
2009/12/11,0,38000,-9685,28315
2009/12/14,0,16000,-35000,-19000
2009/12/15,0,5000,-31000,-26000
2009/12/16,0,3000,-78000,-75000
2009/12/17,0,2000,-14000,-12000
2009/12/18,0,0,-20000,-20000
2009/12/21,0,2000,-9000,-7000
2009/12/22,0,17000,-14248,2752
2009/12/23,0,0,-29000,-29000
2009/12/24,0,0,-16000,-16000
2009/12/25,0,2000,-1000,1000
2009/12/28,0,46000,-7000,39000
2009/12/29,0,12000,-4000,8000
2009/12/30,0,1000,-20000,-19000
2009/12/31,0,20000,-4000,16000
2010/01/01,0,0,0,0
2010/01/04,0,0,-72000,-72000
2010/01/05,0,2000,-70000,-68000
2010/01/06,0,35000,-16000,19000
2010/01/07,0,50000,-4000,46000
2010/01/08,0,59000,-6120,52880
2010/01/11,0,2000,-10680,-8680
2010/01/12,0,1000,-49000,-48000
2010/01/13,0,38000,-4000,34000
2010/01/14,0,13000,-224,12776
2010/01/15,0,0,-12800,-12800
2010/01/18,0,14000,-8544,5456
2010/01/19,0,9000,0,9000
2010/01/20,0,1568,-37000,-35432
2010/01/21,0,0,-7000,-7000
2010/01/22,0,4000,-45000,-41000
2010/01/25,0,0,-60000,-60000
2010/01/26,0,6000,-127000,-121000
2010/01/27,0,18000,-8000,10000
2010/01/28,0,19000,-17000,2000
2010/01/29,0,16000,-28000,-12000
2010/02/01,0,32000,-62000,-30000
2010/02/02,0,0,-24000,-24000
2010/02/03,0,24000,-2000,22000
2010/02/04,0,0,-17000,-17000
2010/02/05,0,12000,0,12000
2010/02/08,0,24000,-13000,11000
2010/02/09,0,187000,-21000,166000
2010/02/10,0,15000,-508000,-493000
2010/02/11,0,0,0,0
2010/02/12,0,0,0,0
2010/02/15,0,0,0,0
2010/02/16,0,0,0,0
2010/02/17,0,0,0,0
2010/02/18,0,0,0,0
2010/02/19,0,0,0,0
2010/02/22,0,101000,-132000,-31000
2010/02/23,0,1000,-14000,-13000
2010/02/24,0,5000,-23000,-18000
2010/02/25,0,5000,-26000,-21000
2010/02/26,0,7000,0,7000
2010/03/01,0,50000,-16000,34000
2010/03/02,0,5000,-8000,-3000
2010/03/03,0,16000,0,16000
2010/03/04,0,0,-79000,-79000
2010/03/05,0,32000,-10000,22000
2010/03/08,0,35000,-13000,22000
2010/03/09,0,0,-17000,-17000
2010/03/10,0,45000,-17000,28000
2010/03/11,0,0,-14000,-14000
2010/03/12,0,23000,0,23000
2010/03/15,0,0,-119000,-119000
2010/03/16,0,10000,-13000,-3000
2010/03/17,0,143000,0,143000
2010/03/18,0,116000,0,116000
2010/03/19,0,12000,0,12000
2010/03/22,0,6000,-54000,-48000
2010/03/23,0,14000,-2000,12000
2010/03/24,0,36000,-18469,17531
2010/03/25,0,116000,-10000,106000
2010/03/26,0,65000,-13000,52000
2010/03/29,0,28000,0,28000
2010/03/30,0,2000,0,2000
2010/03/31,0,0,-14000,-14000
2010/04/01,0,279000,-9000,270000
2010/04/02,0,0,-24000,-24000
2010/04/05,0,0,0,0
2010/04/06,0,23000,-200000,-177000
2010/04/07,0,9000,0,9000
2010/04/08,0,20000,-4000,16000
2010/04/09,0,5000,0,5000
2010/04/12,0,0,-2000,-2000
2010/04/13,0,3000,-16000,-13000
2010/04/14,0,21000,-3000,18000
2010/04/15,0,31000,-1000,30000
2010/04/16,0,220000,-4000,216000
2010/04/19,0,23000,-1000,22000
2010/04/20,0,24184,-140000,-115816
2010/04/21,0,15000,-2000,13000
2010/04/22,0,15000,-36000,-21000
2010/04/23,0,1000,-12000,-11000
2010/04/26,0,29000,0,29000
2010/04/27,0,20000,-2000,18000
2010/04/28,0,505000,-26000,479000
2010/04/29,0,1000,-15000,-14000
2010/04/30,0,9000,-44000,-35000
2010/05/03,0,43000,-5000,38000
2010/05/04,0,120000,-3000,117000
2010/05/05,0,0,-128000,-128000
2010/05/06,0,1000,-742000,-741000
2010/05/07,0,587000,-72081,514919
2010/05/10,0,281000,-59000,222000
2010/05/11,0,1000,-131000,-130000
2010/05/12,0,4000,-21000,-17000
2010/05/13,0,40000,0,40000
2010/05/14,0,67000,0,67000
2010/05/17,0,2000,-77000,-75000
2010/05/18,0,60000,-220000,-160000
2010/05/19,0,154000,-692000,-538000
2010/05/20,0,100000,-46000,54000
2010/05/21,0,179000,-77000,102000
2010/05/24,0,83000,-1000,82000
2010/05/25,0,83000,-28000,55000
2010/05/26,0,136000,0,136000
2010/05/27,0,62000,-8000,54000
2010/05/28,0,0,-26000,-26000
2010/05/31,0,50000,0,50000
2010/06/01,0,20000,-48000,-28000
2010/06/02,0,135000,0,135000
2010/06/03,0,419000,0,419000
2010/06/04,0,11000,0,11000
2010/06/07,0,65000,-7000,58000
2010/06/08,0,22000,-32000,-10000
2010/06/09,0,9000,-574000,-565000
2010/06/10,0,0,-5000,-5000
2010/06/11,0,16000,-23000,-7000
2010/06/14,0,17000,-2000,15000
2010/06/15,0,124000,-4000,120000
2010/06/16,0,0,0,0
2010/06/17,0,198000,-2000,196000
2010/06/18,0,30000,-9000,21000
2010/06/21,0,162000,-16000,146000
2010/06/22,0,21000,-50000,-29000
2010/06/23,0,2000,0,2000
2010/06/24,0,0,-20000,-20000
2010/06/25,0,53000,-3000,50000
2010/06/28,0,15000,0,15000
2010/06/29,0,29000,-37000,-8000
2010/06/30,0,45000,-11000,34000
2010/07/01,0,27000,-26000,1000
2010/07/02,0,6000,-10000,-4000
2010/07/05,0,13000,-8000,5000
2010/07/06,0,19000,0,19000
2010/07/07,0,28000,-123000,-95000
2010/07/08,0,4000,-757,3243
2010/07/09,0,0,-1000,-1000
2010/07/12,0,2000,-5000,-3000
2010/07/13,0,0,-1000,-1000
2010/07/14,0,0,-20000,-20000
2010/07/15,0,0,0,0
2010/07/16,0,0,-60000,-60000
2010/07/19,0,3000,-38000,-35000
2010/07/20,0,13000,0,13000
2010/07/21,0,14000,0,14000
2010/07/22,0,2000,-2000,0
2010/07/23,0,19000,-4000,15000
2010/07/26,0,0,-17000,-17000
2010/07/27,0,1000,-5000,-4000
2010/07/28,0,136000,-4000,132000
2010/07/29,0,97000,-15000,82000
2010/07/30,0,120000,-21000,99000
2010/08/02,0,176000,0,176000
2010/08/03,0,258000,-16000,242000
2010/08/04,0,7000,-57000,-50000
2010/08/05,0,80000,-23000,57000
2010/08/06,0,2000,-6000,-4000
2010/08/09,0,4000,-133000,-129000
2010/08/10,0,8000,-254000,-246000
2010/08/11,0,0,-113000,-113000
2010/08/12,0,0,-112000,-112000
2010/08/13,0,0,-60000,-60000
2010/08/16,0,1000,-62000,-61000
2010/08/17,0,34000,-312000,-278000
2010/08/18,0,8000,-89000,-81000
2010/08/19,0,13000,-125000,-112000
2010/08/20,0,0,-13000,-13000
2010/08/23,0,22000,-100000,-78000
2010/08/24,0,1000,-139000,-138000
2010/08/25,0,0,-52000,-52000
2010/08/26,0,5000,-8000,-3000
2010/08/27,0,6000,-23000,-17000
2010/08/30,0,2000,-11000,-9000
2010/08/31,0,0,-14000,-14000
2010/09/01,0,16184,-19000,-2816
2010/09/02,0,111000,-32000,79000
2010/09/03,0,10000,-35000,-25000
2010/09/06,0,59000,0,59000
2010/09/07,0,29000,-27000,2000
2010/09/08,0,24000,-3000,21000
2010/09/09,0,27000,-8000,19000
2010/09/10,0,25000,-11000,14000
2010/09/13,0,182000,-1000,181000
2010/09/14,0,80000,-9000,71000
2010/09/15,0,64000,-126000,-62000
2010/09/16,0,39000,-56000,-17000
2010/09/17,0,83000,-123000,-40000
2010/09/20,0,89000,-7000,82000
2010/09/21,0,0,-66000,-66000
2010/09/22,0,0,0,0
2010/09/23,0,76000,-58000,18000
2010/09/24,0,20000,-2000,18000
2010/09/27,0,6000,-5000,1000
2010/09/28,0,25000,-9000,16000
2010/09/29,0,90000,-16000,74000
2010/09/30,0,16000,-24000,-8000
2010/10/01,0,11000,-1000,10000
2010/10/04,0,13000,-3000,10000
2010/10/05,0,24000,-5000,19000
2010/10/06,0,96000,-65000,31000
2010/10/07,0,0,-49991,-49991
2010/10/08,0,30000,-34000,-4000
2010/10/11,0,39000,-130000,-91000
2010/10/12,0,53000,-26000,27000
2010/10/13,0,60000,-71000,-11000
2010/10/14,0,93000,-37000,56000
2010/10/15,0,46000,-35000,11000
2010/10/18,0,36000,-252000,-216000
2010/10/19,0,300000,-19000,281000
2010/10/20,0,210000,-16000,194000
2010/10/21,0,141000,-22000,119000
2010/10/22,0,39000,-20000,19000
2010/10/25,0,159000,-402000,-243000
2010/10/26,0,164000,-33000,131000
2010/10/27,0,17000,-10000,7000
2010/10/28,0,142000,-89000,53000
2010/10/29,0,13000,-472000,-459000
2010/11/01,0,98000,-6000,92000
2010/11/02,0,12000,-9000,3000
2010/11/03,0,58000,-48000,10000
2010/11/04,0,51000,-2000,49000
2010/11/05,0,31000,-18000,13000
2010/11/08,0,9000,-38000,-29000
2010/11/09,0,12079,-1000,11079
2010/11/10,0,19000,0,19000
2010/11/11,0,19000,0,19000
2010/11/12,0,0,-51000,-51000
2010/11/15,0,18000,-169000,-151000
2010/11/16,0,91000,-4000,87000
2010/11/17,0,23000,-26000,-3000
2010/11/18,0,13000,-2000,11000
2010/11/19,0,5000,-23000,-18000
2010/11/22,0,40000,-5000,35000
2010/11/23,0,18000,-154000,-136000
2010/11/24,0,68000,-24000,44000
2010/11/25,0,36000,-1000,35000
2010/11/26,0,23000,-22000,1000
2010/11/29,0,18000,-16000,2000
2010/11/30,0,8000,-90000,-82000
2010/12/01,0,37000,0,37000
2010/12/02,0,124000,0,124000
2010/12/03,0,1000,-23000,-22000
2010/12/06,0,16000,-124000,-108000
2010/12/07,0,0,-28000,-28000
2010/12/08,0,43000,-64000,-21000
2010/12/09,0,30000,-19000,11000
2010/12/10,0,14000,-4000,10000
2010/12/13,0,0,-18000,-18000
2010/12/14,0,0,-36978,-36978
2010/12/15,0,28000,-71000,-43000
2010/12/16,0,22000,-40000,-18000
2010/12/17,0,10000,-80000,-70000
2010/12/20,0,18000,-14000,4000
2010/12/21,0,5000,-6000,-1000
2010/12/22,0,2000,-5000,-3000
2010/12/23,0,6000,-22000,-16000
2010/12/24,0,6000,-25000,-19000
2010/12/27,0,16000,-78000,-62000
2010/12/28,0,5000,-39000,-34000
2010/12/29,0,8000,-9076,-1076
2010/12/30,0,7000,-23000,-16000
2010/12/31,0,2000,-10000,-8000
2011/01/03,0,18000,-8000,10000
2011/01/04,0,58000,-57000,1000
2011/01/05,0,17000,-11000,6000
2011/01/06,0,50000,-6000,44000
2011/01/07,0,27000,-61000,-34000
2011/01/10,0,23000,-41000,-18000
2011/01/11,0,54000,-80000,-26000
2011/01/12,0,42000,-6000,36000
2011/01/13,0,22000,-63000,-41000
2011/01/14,0,42000,-5000,37000
2011/01/17,0,9000,-38856,-29856
2011/01/18,0,35000,-14000,21000
2011/01/19,0,5000,-68000,-63000
2011/01/20,0,0,-44000,-44000
2011/01/21,0,2000,-21000,-19000
2011/01/24,0,38000,-26000,12000
2011/01/25,0,22000,-7000,15000
2011/01/26,0,20000,-16000,4000
2011/01/27,0,10000,-40000,-30000
2011/01/28,0,15000,-141000,-126000
2011/01/31,0,0,0,0
2011/02/01,0,0,0,0
2011/02/02,0,0,0,0
2011/02/03,0,0,0,0
2011/02/04,0,0,0,0
2011/02/07,0,0,0,0
2011/02/08,0,14000,-34000,-20000
2011/02/09,0,5000,-25000,-20000
2011/02/10,0,46000,-18000,28000
2011/02/11,0,27000,-17000,10000
2011/02/14,0,0,-31000,-31000
2011/02/15,0,0,-82000,-82000
2011/02/16,0,0,-34000,-34000
2011/02/17,0,0,-33000,-33000
2011/02/18,0,0,0,0
2011/02/21,0,10000,-24000,-14000
2011/02/22,0,51000,-10000,41000
2011/02/23,0,89000,-10000,79000
2011/02/24,0,110000,0,110000
2011/02/25,0,140000,0,140000
2011/02/28,0,0,0,0
2011/03/01,0,29000,0,29000
2011/03/02,0,16000,-22000,-6000
2011/03/03,0,96000,0,96000
2011/03/04,0,100000,-7000,93000
2011/03/07,0,18000,-2993,15007
2011/03/08,0,40000,-10000,30000
2011/03/09,0,8000,-100000,-92000
2011/03/10,0,5000,-1000,4000
2011/03/11,0,74000,-35000,39000
2011/03/14,0,79000,-42000,37000
2011/03/15,0,184000,-72000,112000
2011/03/16,0,110000,-1000,109000
2011/03/17,0,36000,-13000,23000
2011/03/18,0,0,-54000,-54000
2011/03/21,0,12000,-56000,-44000
2011/03/22,0,0,-35000,-35000
2011/03/23,0,20000,-14000,6000
2011/03/24,0,50000,0,50000
2011/03/25,0,77000,-13000,64000
2011/03/28,0,42000,0,42000
2011/03/29,0,102000,-1000,101000
2011/03/30,0,2000,0,2000
2011/03/31,0,35000,-133000,-98000
2011/04/01,0,24000,-3000,21000
2011/04/04,0,0,0,0
2011/04/05,0,0,0,0
2011/04/06,0,33000,0,33000
2011/04/07,0,44000,-5000,39000
2011/04/08,0,54000,-49000,5000
2011/04/11,0,72000,-22000,50000
2011/04/12,0,132000,-45000,87000
2011/04/13,0,56000,-9000,47000
2011/04/14,0,19000,-6000,13000
2011/04/15,0,5000,-9000,-4000
2011/04/18,0,24000,-25999,-1999
2011/04/19,0,4000,-28000,-24000
2011/04/20,0,1000,-11000,-10000
2011/04/21,0,28000,-46000,-18000
2011/04/22,0,3000,-65000,-62000
2011/04/25,0,20000,-35000,-15000
2011/04/26,0,21000,-16000,5000
2011/04/27,0,51000,-42000,9000
2011/04/28,0,94000,-83000,11000
2011/04/29,0,133000,-72000,61000
2011/05/02,0,0,0,0
2011/05/03,0,42000,-25482,16518
2011/05/04,0,71000,-10000,61000
2011/05/05,0,192000,0,192000
2011/05/06,0,35000,0,35000
2011/05/09,0,43000,0,43000
2011/05/10,0,42000,-4000,38000
2011/05/11,0,28000,-4490,23510
2011/05/12,0,4000,-35000,-31000
2011/05/13,0,270000,-3000,267000
2011/05/16,0,29000,-13000,16000
2011/05/17,0,50000,-47000,3000
2011/05/18,0,42000,-32000,10000
2011/05/19,0,106000,-340,105660
2011/05/20,0,123000,-33000,90000
2011/05/23,0,56000,-13000,43000
2011/05/24,0,112000,-92000,20000
2011/05/25,0,37000,-50000,-13000
2011/05/26,0,105000,-13000,92000
2011/05/27,0,81000,-45000,36000
2011/05/30,0,156000,-9000,147000
2011/05/31,0,210000,0,210000
2011/06/01,0,31000,-2000,29000
2011/06/02,0,109000,-60000,49000
2011/06/03,0,23000,-55000,-32000
2011/06/06,0,0,0,0
2011/06/07,0,145000,-84000,61000
2011/06/08,0,53000,-22000,31000
2011/06/09,0,97000,0,97000
2011/06/10,0,30000,-104000,-74000
2011/06/13,0,54000,-109000,-55000
2011/06/14,0,27000,0,27000
2011/06/15,0,36000,-33000,3000
2011/06/16,0,94000,-35000,59000
2011/06/17,0,43000,-27000,16000
2011/06/20,0,60000,0,60000
2011/06/21,0,130000,0,130000
2011/06/22,0,125000,-37000,88000
2011/06/23,0,133000,-132000,1000
2011/06/24,0,57000,-106000,-49000
2011/06/27,0,45000,-32000,13000
2011/06/28,0,21000,-33000,-12000
2011/06/29,0,113000,-1000,112000
2011/06/30,0,55000,-53000,2000
2011/07/01,0,125000,-95000,30000
2011/07/04,0,40000,-53000,-13000
2011/07/05,0,49000,-515360,-466360
2011/07/06,0,18000,-26000,-8000
2011/07/07,0,69000,-3000,66000
2011/07/08,0,8000,-306000,-298000
2011/07/11,0,53000,-23000,30000
2011/07/12,0,52000,-29000,23000
2011/07/13,0,107000,-10000,97000
2011/07/14,0,108000,-155000,-47000
2011/07/15,0,123000,-60000,63000
2011/07/18,0,67000,-68910,-1910
2011/07/19,0,15000,-13000,2000
2011/07/20,0,47000,-5000,42000
2011/07/21,0,62000,-3000,59000
2011/07/22,0,2000,-1000,1000
2011/07/25,0,216000,-63000,153000
2011/07/26,0,7000,-86810,-79810
2011/07/27,0,90000,-27000,63000
2011/07/28,0,20000,-57000,-37000
2011/07/29,0,166000,-35000,131000
2011/08/01,0,102000,-71000,31000
2011/08/02,0,81000,-2000,79000
2011/08/03,0,341000,-24000,317000
2011/08/04,0,128000,-164536,-36536
2011/08/05,0,223000,-176000,47000
2011/08/08,0,166000,-94000,72000
2011/08/09,0,304000,-168000,136000
2011/08/10,0,11000,-116000,-105000
2011/08/11,0,67000,0,67000
2011/08/12,0,0,-81000,-81000
2011/08/15,0,50000,-24000,26000
2011/08/16,0,0,-24000,-24000
2011/08/17,0,133000,-12000,121000
2011/08/18,0,58000,-19000,39000
2011/08/19,0,70000,-39000,31000
2011/08/22,0,116000,-92000,24000
2011/08/23,0,71000,-30000,41000
2011/08/24,0,105000,-10000,95000
2011/08/25,0,88000,-40000,48000
2011/08/26,0,44000,-57000,-13000
2011/08/29,0,30000,-110000,-80000
2011/08/30,0,0,-20000,-20000
2011/08/31,0,0,-18000,-18000
2011/09/01,0,110000,-117000,-7000
2011/09/02,0,10000,-39000,-29000
2011/09/05,0,20000,-25000,-5000
2011/09/06,0,108000,-63000,45000
2011/09/07,0,30000,-117000,-87000
2011/09/08,0,34000,-33000,1000
2011/09/09,0,27000,-58000,-31000
2011/09/12,0,0,0,0
2011/09/13,0,51000,-4000,47000
2011/09/14,0,148000,-47000,101000
2011/09/15,0,82000,-40000,42000
2011/09/16,0,122000,-127000,-5000
2011/09/19,0,57000,-91000,-34000
2011/09/20,0,51000,-44000,7000
2011/09/21,0,248000,-7000,241000
2011/09/22,0,93000,0,93000
2011/09/23,0,189000,-82000,107000
2011/09/26,0,196000,-175000,21000
2011/09/27,0,31000,-60000,-29000
2011/09/28,0,10000,-79000,-69000
2011/09/29,0,18000,-30000,-12000
2011/09/30,0,2000,-191000,-189000
2011/10/03,0,112000,-4000,108000
2011/10/04,0,97000,0,97000
2011/10/05,0,62000,-40000,22000
2011/10/06,0,99000,-55912,43088
2011/10/07,0,5000,-24000,-19000
2011/10/10,0,0,0,0
2011/10/11,0,0,-234000,-234000
2011/10/12,0,5000,-17000,-12000
2011/10/13,0,21000,-26051,-5051
2011/10/14,0,16000,-8000,8000
2011/10/17,0,39000,-4000,35000
2011/10/18,0,42000,-6000,36000
2011/10/19,0,78000,-1000,77000
2011/10/20,0,11000,-22000,-11000
2011/10/21,0,60063,-1000,59063
2011/10/24,0,225000,-26000,199000
2011/10/25,0,118000,-40000,78000
2011/10/26,0,133000,0,133000
2011/10/27,0,52000,-19000,33000
2011/10/28,0,32000,-164000,-132000
2011/10/31,0,4000,-56834,-52834
2011/11/01,0,31000,-8000,23000
2011/11/02,0,25000,-13000,12000
2011/11/03,0,27000,-7000,20000
2011/11/04,0,73000,0,73000
2011/11/07,0,30000,-2000,28000
2011/11/08,0,35000,-10000,25000
2011/11/09,0,141000,-3000,138000
2011/11/10,0,110000,-160000,-50000
2011/11/11,0,26029,-64000,-37971
2011/11/14,0,21000,-13000,8000
2011/11/15,0,34000,-11000,23000
2011/11/16,0,2000,-27000,-25000
2011/11/17,0,66000,-22000,44000
2011/11/18,0,192000,-43000,149000
2011/11/21,0,127000,-36085,90915
2011/11/22,0,148000,-18000,130000
2011/11/23,0,82000,-115000,-33000
2011/11/24,0,138000,-22000,116000
2011/11/25,0,109000,-54000,55000
2011/11/28,0,95000,-32000,63000
2011/11/29,0,47000,-12000,35000
2011/11/30,0,124000,-130000,-6000
2011/12/01,0,87000,-55000,32000
2011/12/02,0,20000,-84000,-64000
2011/12/05,0,12000,-3000,9000
2011/12/06,0,15000,-14000,1000
2011/12/07,0,21000,-30000,-9000
2011/12/08,0,5000,-42000,-37000
2011/12/09,0,19000,-33000,-14000
2011/12/12,0,7000,-63000,-56000
2011/12/13,0,3000,-64000,-61000
2011/12/14,0,2000,-22000,-20000
2011/12/15,0,49000,-68000,-19000
2011/12/16,0,60000,-29000,31000
2011/12/19,0,82000,-115000,-33000
2011/12/20,0,50000,-67000,-17000
2011/12/21,0,134000,-33000,101000
2011/12/22,0,31000,-3000,28000
2011/12/23,0,33000,-25000,8000
2011/12/26,0,10000,-2000,8000
2011/12/27,0,63000,-53000,10000
2011/12/28,0,43000,-46000,-3000
2011/12/29,0,63000,-39000,24000
2011/12/30,0,16000,-26000,-10000
2012/01/02,0,15000,-1000,14000
2012/01/03,0,33000,0,33000
2012/01/04,0,12000,-7000,5000
2012/01/05,0,44000,-96,43904
2012/01/06,0,15000,-4000,11000
2012/01/09,0,38000,-13000,25000
2012/01/10,0,51000,-7000,44000
2012/01/11,0,38000,-6000,32000
2012/01/12,0,46000,-49658,-3658
2012/01/13,0,153000,-44000,109000
2012/01/16,0,38000,-106000,-68000
2012/01/17,0,70000,-9000,61000
2012/01/18,0,210000,-62000,148000
2012/01/19,0,0,0,0
2012/01/20,0,0,0,0
2012/01/23,0,0,0,0
2012/01/24,0,0,0,0
2012/01/25,0,0,0,0
2012/01/26,0,0,0,0
2012/01/27,0,0,0,0
2012/01/30,0,326000,-56000,270000
2012/01/31,0,111000,-42000,69000
2012/02/01,0,262000,-58000,204000
2012/02/02,0,217000,-50000,167000
2012/02/03,0,134000,-123000,11000
2012/02/06,0,155000,-60000,95000
2012/02/07,0,38000,-33000,5000
2012/02/08,0,54000,-15000,39000
2012/02/09,0,178000,-213000,-35000
2012/02/10,0,288000,-246000,42000
2012/02/13,0,107000,-110000,-3000
2012/02/14,0,91000,-122000,-31000
2012/02/15,0,109000,-329000,-220000
2012/02/16,0,34000,-178000,-144000
2012/02/17,0,149000,-33000,116000
2012/02/20,0,144000,-115000,29000
2012/02/21,0,123000,-90000,33000
2012/02/22,0,45000,-15000,30000
2012/02/23,0,118000,-231000,-113000
2012/02/24,0,19000,-242000,-223000
2012/02/27,0,0,0,0
2012/02/28,0,0,0,0
2012/02/29,0,178006,-67000,111006
2012/03/01,0,220000,-35000,185000
2012/03/02,0,125000,-59000,66000
2012/03/05,0,20000,-300000,-280000
2012/03/06,0,43000,-62000,-19000
2012/03/07,0,23000,-201000,-178000
2012/03/08,0,19000,-132000,-113000
2012/03/09,0,106000,-18000,88000
2012/03/12,0,18000,-117958,-99958
2012/03/13,0,60000,-144000,-84000
2012/03/14,0,212000,-268000,-56000
2012/03/15,0,47000,-78000,-31000
2012/03/16,0,0,-121000,-121000
2012/03/19,0,21000,-166000,-145000
2012/03/20,0,63000,-207000,-144000
2012/03/21,0,7000,-33000,-26000
2012/03/22,0,68000,-9000,59000
2012/03/23,0,48000,-14000,34000
2012/03/26,0,21000,-58000,-37000
2012/03/27,0,51000,-21000,30000
2012/03/28,0,62000,-71000,-9000
2012/03/29,0,5000,-77439,-72439
2012/03/30,0,21000,-2000,19000
2012/04/02,0,117000,-157000,-40000
2012/04/03,0,40000,-36000,4000
2012/04/04,0,0,0,0
2012/04/05,0,56000,-49000,7000
2012/04/06,0,7000,-31000,-24000
2012/04/09,0,21000,-11000,10000
2012/04/10,0,8000,-19000,-11000
2012/04/11,0,13000,-2000,11000
2012/04/12,0,1000,-42000,-41000
2012/04/13,0,0,-42000,-42000
2012/04/16,0,0,-11000,-11000
2012/04/17,0,7000,-18000,-11000
2012/04/18,0,12000,-23000,-11000
2012/04/19,0,40000,-2000,38000
2012/04/20,0,5000,-12000,-7000
2012/04/23,0,47000,-3000,44000
2012/04/24,0,15000,-3000,12000
2012/04/25,0,13000,0,13000
2012/04/26,0,19002,-14000,5002
2012/04/27,0,14000,-24964,-10964
2012/04/30,0,18000,-10000,8000
2012/05/01,0,0,0,0
2012/05/02,0,39000,-13000,26000
2012/05/03,0,69000,-4000,65000
2012/05/04,0,46168,-35000,11168
2012/05/07,0,31000,-21000,10000
2012/05/08,0,0,-33000,-33000
2012/05/09,0,23000,-7628,15372
2012/05/10,0,18000,-2000,16000
2012/05/11,0,59000,-9999,49001
2012/05/14,0,30000,-1000,29000
2012/05/15,0,81000,0,81000
2012/05/16,0,143000,-18000,125000
2012/05/17,0,5000,-10000,-5000
2012/05/18,0,47000,-48000,-1000
2012/05/21,0,59000,-5000,54000
2012/05/22,0,0,-26000,-26000
2012/05/23,0,57000,-8000,49000
2012/05/24,0,87000,-22000,65000
2012/05/25,0,41000,-38000,3000
2012/05/28,0,6000,-8000,-2000
2012/05/29,0,9000,0,9000
2012/05/30,0,3000,-12000,-9000
2012/05/31,0,4000,-18000,-14000
2012/06/01,0,18000,-15000,3000
2012/06/04,0,107000,-5000,102000
2012/06/05,0,11000,-1000,10000
2012/06/06,0,0,-2000,-2000
2012/06/07,0,1000,-1000,0
2012/06/08,0,0,-1000,-1000
2012/06/11,0,9000,-1000,8000
2012/06/12,0,1000,-20000,-19000
2012/06/13,0,1000,-6000,-5000
2012/06/14,0,7000,-6000,1000
2012/06/15,0,4000,-2000,2000
2012/06/18,0,10000,-1000,9000
2012/06/19,0,12000,0,12000
2012/06/20,0,126000,-8000,118000
2012/06/21,0,27000,-16000,11000
2012/06/22,0,34000,-7000,27000
2012/06/25,0,48000,-22000,26000
2012/06/26,0,0,-183000,-183000
2012/06/27,0,20000,-6000,14000
2012/06/28,0,33000,0,33000
2012/06/29,0,65000,-8000,57000
2012/07/02,0,0,-50000,-50000
2012/07/03,0,70000,-10000,60000
2012/07/04,0,1000,0,1000
2012/07/05,0,14000,0,14000
2012/07/06,0,22000,-6000,16000
2012/07/09,0,19000,-7000,12000
2012/07/10,0,32000,-5000,27000
2012/07/11,0,95000,0,95000
2012/07/12,0,11000,-76000,-65000
2012/07/13,0,39000,-2000,37000
2012/07/16,0,0,-3826,-3826
2012/07/17,0,32000,0,32000
2012/07/18,0,0,-66000,-66000
2012/07/19,0,26000,-6000,20000
2012/07/20,0,6000,-1000,5000
2012/07/23,0,11000,-36000,-25000
2012/07/24,0,63000,0,63000
2012/07/25,0,76000,-3000,73000
2012/07/26,0,62000,0,62000
2012/07/27,0,1000,0,1000
2012/07/30,0,1000,-5000,-4000
2012/07/31,0,16000,-14000,2000
2012/08/01,0,360998,0,360998
2012/08/02,0,0,0,0
2012/08/03,0,90000,-127000,-37000
2012/08/06,0,436000,-204000,232000
2012/08/07,0,7000,-198000,-191000
2012/08/08,0,6000,-231000,-225000
2012/08/09,0,33000,-16000,17000
2012/08/10,0,43000,-160000,-117000
2012/08/13,0,14000,-241000,-227000
2012/08/14,0,46000,-62000,-16000
2012/08/15,0,1000,-44000,-43000
2012/08/16,0,2000,0,2000
2012/08/17,0,12000,-298799,-286799
2012/08/20,0,1000,-190000,-189000
2012/08/21,0,21000,-1000,20000
2012/08/22,0,15000,-4000,11000
2012/08/23,0,1000,0,1000
2012/08/24,0,10000,-25000,-15000
2012/08/27,0,0,-38000,-38000
2012/08/28,0,1000,-40000,-39000
2012/08/29,0,10000,-3000,7000
2012/08/30,0,15000,-38000,-23000
2012/08/31,0,14000,-10000,4000
2012/09/03,0,150000,-16000,134000
2012/09/04,0,107000,-38000,69000
2012/09/05,0,18000,-22000,-4000
2012/09/06,0,155000,-13000,142000
2012/09/07,0,5000,-14000,-9000
2012/09/10,0,21000,-28000,-7000
2012/09/11,0,7000,-27000,-20000
2012/09/12,0,21000,0,21000
2012/09/13,0,22000,-94000,-72000
2012/09/14,0,12000,-19000,-7000
2012/09/17,0,0,-67000,-67000
2012/09/18,0,35000,-1000,34000
2012/09/19,0,54000,-1000,53000
2012/09/20,0,4000,-8000,-4000
2012/09/21,0,6000,-41000,-35000
2012/09/24,0,16000,-39000,-23000
2012/09/25,0,7000,-15000,-8000
2012/09/26,0,11000,-2000,9000
2012/09/27,0,0,-12000,-12000
2012/09/28,0,0,0,0
2012/10/01,0,8000,-15000,-7000
2012/10/02,0,11000,-4000,7000
2012/10/03,0,3000,-13000,-10000
2012/10/04,0,71000,-17000,54000
2012/10/05,0,7000,-23000,-16000
2012/10/08,0,0,-66200,-66200
2012/10/09,0,22000,-11000,11000
2012/10/10,0,0,0,0
2012/10/11,0,49000,-9000,40000
2012/10/12,0,0,-10000,-10000
2012/10/15,0,36000,-20000,16000
2012/10/16,0,8000,-34000,-26000
2012/10/17,0,100000,-55000,45000
2012/10/18,0,49000,0,49000
2012/10/19,0,7000,-10000,-3000
2012/10/22,0,13000,-78000,-65000
2012/10/23,0,0,-61000,-61000
2012/10/24,0,104000,-208000,-104000
2012/10/25,0,16000,-14000,2000
2012/10/26,0,8000,-20000,-12000
2012/10/29,0,139000,0,139000
2012/10/30,0,35000,-246000,-211000
2012/10/31,0,7000,0,7000
2012/11/01,0,36000,-113000,-77000
2012/11/02,0,0,-19000,-19000
2012/11/05,0,20000,-2000,18000
2012/11/06,0,15000,-5000,10000
2012/11/07,0,8000,-12000,-4000
2012/11/08,0,2000,-19000,-17000
2012/11/09,0,7000,-7000,0
2012/11/12,0,0,-2000,-2000
2012/11/13,0,0,-8000,-8000
2012/11/14,0,9000,0,9000
2012/11/15,0,20000,-5000,15000
2012/11/16,0,0,-3000,-3000
2012/11/19,0,7000,-1362,5638
2012/11/20,0,1000,0,1000
2012/11/21,0,8000,-3000,5000
2012/11/22,0,21000,-15000,6000
2012/11/23,0,15000,0,15000
2012/11/26,0,3000,-2000,1000
2012/11/27,0,0,-1000,-1000
2012/11/28,0,6000,0,6000
2012/11/29,0,17000,-13000,4000
2012/11/30,0,21000,0,21000
2012/12/03,0,17000,0,17000
2012/12/04,0,2000,-14000,-12000
2012/12/05,0,18000,-31000,-13000
2012/12/06,0,1000,-19000,-18000
2012/12/07,0,6000,0,6000
2012/12/10,0,1000,-33000,-32000
2012/12/11,0,6000,-2000,4000
2012/12/12,0,17000,-10000,7000
2012/12/13,0,2000,-31000,-29000
2012/12/14,0,3000,0,3000
2012/12/17,0,0,-1000,-1000
2012/12/18,0,0,0,0
2012/12/19,0,0,-24526,-24526
2012/12/20,0,0,-45000,-45000
2012/12/21,0,0,-17000,-17000
2012/12/24,0,0,-5000,-5000
2012/12/25,0,33000,-1000,32000
2012/12/26,0,0,0,0
2012/12/27,0,0,-28000,-28000
2012/12/28,0,3000,0,3000
2012/12/31,0,0,0,0
2013/01/01,0,0,0,0
2013/01/02,0,1000,-1000,0
2013/01/03,0,0,-24000,-24000
2013/01/04,0,20000,-21000,-1000
2013/01/07,0,0,-16000,-16000
2013/01/08,0,2000,-34000,-32000
2013/01/09,0,2000,-6000,-4000
2013/01/10,0,174000,-2000,172000
2013/01/11,0,0,0,0
2013/01/14,0,0,-37000,-37000
2013/01/15,0,0,-64000,-64000
2013/01/16,0,0,-18000,-18000
2013/01/17,0,1000,-32000,-31000
2013/01/18,0,4000,0,4000
2013/01/21,0,0,-60000,-60000
2013/01/22,0,2000,-7000,-5000
2013/01/23,0,0,-4000,-4000
2013/01/24,0,0,-22000,-22000
2013/01/25,0,3000,-3000,0
2013/01/28,0,0,-1000,-1000
2013/01/29,0,2000,-9000,-7000
2013/01/30,0,7000,-23000,-16000
2013/01/31,0,3000,-19000,-16000
2013/02/01,0,1000,-9000,-8000
2013/02/04,0,56000,-12000,44000
2013/02/05,0,5000,-25000,-20000
2013/02/06,0,0,-72999,-72999
2013/02/07,0,0,0,0
2013/02/08,0,0,0,0
2013/02/11,0,0,0,0
2013/02/12,0,0,0,0
2013/02/13,0,0,0,0
2013/02/14,0,0,0,0
2013/02/15,0,0,0,0
2013/02/18,0,0,-69000,-69000
2013/02/19,0,0,-33000,-33000
2013/02/20,0,0,-52000,-52000
2013/02/21,0,1000,-134772,-133772
2013/02/22,0,0,-17000,-17000
2013/02/25,0,30000,-31000,-1000
2013/02/26,0,0,-15000,-15000
2013/02/27,0,0,-32000,-32000
2013/02/28,0,0,0,0
2013/03/01,0,0,-11001,-11001
2013/03/04,0,0,-6000,-6000
2013/03/05,0,0,-43000,-43000
2013/03/06,0,0,0,0
2013/03/07,0,6000,-5000,1000
2013/03/08,0,0,0,0
2013/03/11,0,0,-26000,-26000
2013/03/12,0,0,-4000,-4000
2013/03/13,0,1000,-47000,-46000
2013/03/14,0,3000,-36000,-33000
2013/03/15,0,0,-36000,-36000
2013/03/18,0,1000,-11000,-10000
2013/03/19,0,0,-3000,-3000
2013/03/20,0,0,-4000,-4000
2013/03/21,0,6000,0,6000
2013/03/22,0,0,-2000,-2000
2013/03/25,0,0,-5000,-5000
2013/03/26,0,12000,-2000,10000
2013/03/27,0,0,-3000,-3000
2013/03/28,0,0,-6000,-6000
2013/03/29,0,1000,0,1000
2013/04/01,0,3000,-1000,2000
2013/04/02,0,0,0,0
2013/04/03,0,0,0,0
2013/04/04,0,0,0,0
2013/04/05,0,0,0,0
2013/04/08,0,0,-1000,-1000
2013/04/09,0,3000,0,3000
2013/04/10,0,0,-2000,-2000
2013/04/11,0,63000,-10000,53000
2013/04/12,0,70000,-191000,-121000
2013/04/15,0,40000,-212000,-172000
2013/04/16,0,60000,-388000,-328000
2013/04/17,0,23000,-134000,-111000
2013/04/18,0,20000,-22000,-2000
2013/04/19,0,3000,-3000,0
2013/04/22,0,20000,-5000,15000
2013/04/23,0,73000,-2000,71000
2013/04/24,0,102000,-2000,100000
2013/04/25,0,147000,-8000,139000
2013/04/26,0,10000,-10000,0
2013/04/29,0,21000,-3000,18000
2013/04/30,0,69000,-15000,54000
2013/05/01,0,0,0,0
2013/05/02,0,17000,-10000,7000
2013/05/03,0,138000,-10000,128000
2013/05/06,0,54000,0,54000
2013/05/07,0,3000,-3000,0
2013/05/08,0,108000,-10000,98000
2013/05/09,0,29000,-5000,24000
2013/05/10,0,24000,-3000,21000
2013/05/13,0,14000,-4000,10000
2013/05/14,0,69000,-43000,26000
2013/05/15,0,7000,-54000,-47000
2013/05/16,0,96000,-13000,83000
2013/05/17,0,11000,-2000,9000
2013/05/20,0,3000,-4000,-1000
2013/05/21,0,42000,-39000,3000
2013/05/22,0,28000,-3000,25000
2013/05/23,0,56000,-126000,-70000
2013/05/24,0,10000,-94000,-84000
2013/05/27,0,14000,0,14000
2013/05/28,0,2000,-6000,-4000
2013/05/29,0,0,-6000,-6000
2013/05/30,0,6000,-23817,-17817
2013/05/31,0,0,-16000,-16000
2013/06/03,0,0,-109000,-109000
2013/06/04,0,0,-83000,-83000
2013/06/05,0,0,-2000,-2000
2013/06/06,0,2000,-372000,-370000
2013/06/07,0,0,-18000,-18000
2013/06/10,0,53000,-18000,35000
2013/06/11,0,10000,-20000,-10000
2013/06/12,0,0,0,0
2013/06/13,0,3000,-4000,-1000
2013/06/14,0,8000,-82000,-74000
2013/06/17,0,125000,-4000,121000
2013/06/18,0,31000,0,31000
2013/06/19,0,0,0,0
2013/06/20,0,7000,-137000,-130000
2013/06/21,0,5000,-19000,-14000
2013/06/24,0,11000,-48000,-37000
2013/06/25,0,49000,-37000,12000
2013/06/26,0,0,-4000,-4000
2013/06/27,0,14000,-2000,12000
2013/06/28,0,5000,-9000,-4000
2013/07/01,0,15000,-33000,-18000
2013/07/02,0,38000,-11000,27000
2013/07/03,0,4000,-4000,0
2013/07/04,0,12000,0,12000
2013/07/05,0,40000,-12000,28000
2013/07/08,0,20000,-49000,-29000
2013/07/09,0,41000,0,41000
2013/07/10,0,8000,-2000,6000
2013/07/11,0,81000,-48000,33000
2013/07/12,0,5000,-21000,-16000
2013/07/15,0,20000,-16000,4000
2013/07/16,0,34000,-3000,31000
2013/07/17,0,49000,-17000,32000
2013/07/18,0,9000,-13000,-4000
2013/07/19,0,21000,-3000,18000
2013/07/22,0,5000,-6000,-1000
2013/07/23,0,11000,-17000,-6000
2013/07/24,0,2000,-1000,1000
2013/07/25,0,5000,-3000,2000
2013/07/26,0,3000,-2000,1000
2013/07/29,0,15000,-6000,9000
2013/07/30,0,60000,-11000,49000
2013/07/31,0,17000,-36000,-19000
2013/08/01,0,13000,-12000,1000
2013/08/02,0,53000,-3000,50000
2013/08/05,0,9000,-11000,-2000
2013/08/06,0,47000,-21000,26000
2013/08/07,0,1000,-153000,-152000
2013/08/08,0,7000,-9000,-2000
2013/08/09,0,13000,-56000,-43000
2013/08/12,0,62000,-9000,53000
2013/08/13,0,43000,-2000,41000
2013/08/14,0,126000,-22000,104000
2013/08/15,0,86000,-12000,74000
2013/08/16,0,61000,-1000,60000
2013/08/19,0,17000,-98000,-81000
2013/08/20,0,4000,-27000,-23000
2013/08/21,0,0,0,0
2013/08/22,0,40000,-39000,1000
2013/08/23,0,29000,-8000,21000
2013/08/26,0,11000,-3000,8000
2013/08/27,0,4000,-1000,3000
2013/08/28,0,5000,-30000,-25000
2013/08/29,0,12000,-2000,10000
2013/08/30,0,1000,-6000,-5000
2013/09/02,0,0,-2000,-2000
2013/09/03,0,0,-17000,-17000
2013/09/04,0,10000,-32000,-22000
2013/09/05,0,7000,-2000,5000
2013/09/06,0,5000,-14000,-9000
2013/09/09,0,12000,-13000,-1000
2013/09/10,0,0,-20000,-20000
2013/09/11,0,1000,-15000,-14000
2013/09/12,0,10000,0,10000
2013/09/13,0,0,-1000,-1000
2013/09/16,0,1000,-17000,-16000
2013/09/17,0,15000,-5000,10000
2013/09/18,0,15000,-6000,9000
2013/09/19,0,0,0,0
2013/09/20,0,0,0,0
2013/09/23,0,35000,-4000,31000
2013/09/24,0,70000,-20000,50000
2013/09/25,0,4000,-5000,-1000
2013/09/26,0,30000,-51000,-21000
2013/09/27,0,26000,-2000,24000
2013/09/30,0,3000,-5000,-2000
2013/10/01,0,11000,-130000,-119000
2013/10/02,0,0,-20000,-20000
2013/10/03,0,7000,-50000,-43000
2013/10/04,0,107000,0,107000
2013/10/07,0,0,-21000,-21000
2013/10/08,0,11000,-78000,-67000
2013/10/09,0,10000,-4000,6000
2013/10/10,0,0,0,0
2013/10/11,0,0,0,0
2013/10/14,0,2000,0,2000
2013/10/15,0,35000,-1000,34000
2013/10/16,0,30000,-47000,-17000
2013/10/17,0,0,-80000,-80000
2013/10/18,0,0,-50000,-50000
2013/10/21,0,20000,0,20000
2013/10/22,0,10000,0,10000
2013/10/23,0,0,-21000,-21000
2013/10/24,0,0,-11000,-11000
2013/10/25,0,0,-17000,-17000
2013/10/28,0,1000,-30000,-29000
2013/10/29,0,1000,0,1000
2013/10/30,0,4000,-1000,3000
2013/10/31,0,25000,0,25000
2013/11/01,0,0,0,0
2013/11/04,0,4000,-28656,-24656
2013/11/05,0,0,-21000,-21000
2013/11/06,0,0,-117000,-117000
2013/11/07,0,3000,0,3000
2013/11/08,0,0,0,0
2013/11/11,0,10000,-1000,9000
2013/11/12,0,11000,0,11000
2013/11/13,0,3000,0,3000
2013/11/14,0,0,0,0
2013/11/15,0,11000,-1000,10000
2013/11/18,0,14000,-2000,12000
2013/11/19,0,19000,-5000,14000
2013/11/20,0,17000,-1000,16000
2013/11/21,0,0,-5000,-5000
2013/11/22,0,0,-10000,-10000
2013/11/25,0,20000,0,20000
2013/11/26,0,179000,0,179000
2013/11/27,0,5000,0,5000
2013/11/28,0,47000,-7000,40000
2013/11/29,0,18000,-10000,8000
2013/12/02,0,0,-16172,-16172
2013/12/03,0,0,-38000,-38000
2013/12/04,0,46000,0,46000
2013/12/05,0,0,-2000,-2000
2013/12/06,0,6000,-33000,-27000
2013/12/09,0,0,0,0
2013/12/10,0,0,-50000,-50000
2013/12/11,0,0,-5000,-5000
2013/12/12,0,8000,-31000,-23000
2013/12/13,0,0,-25000,-25000
2013/12/16,0,0,0,0
2013/12/17,0,0,0,0
2013/12/18,0,0,0,0
2013/12/19,0,0,-36000,-36000
2013/12/20,0,0,0,0
2013/12/23,0,0,0,0
2013/12/24,0,1000,0,1000
2013/12/25,0,1000,0,1000
2013/12/26,0,0,0,0
2013/12/27,0,1000,0,1000
2013/12/30,0,39000,0,39000
2013/12/31,0,0,0,0
2014/01/02,0,0,0,0
2014/01/03,0,0,-9000,-9000
2014/01/06,0,1000,0,1000
2014/01/07,0,3000,-10000,-7000
2014/01/08,0,1000,-8000,-7000
2014/01/09,0,0,-1000,-1000
2014/01/10,0,0,0,0
2014/01/13,0,0,-1000,-1000
2014/01/14,0,0,-2000,-2000
2014/01/15,0,0,-7000,-7000
2014/01/16,0,0,-9000,-9000
2014/01/17,0,1000,-14000,-13000
2014/01/20,0,0,-394,-394
2014/01/21,0,0,0,0
2014/01/22,0,0,-5000,-5000
2014/01/23,0,0,-11000,-11000
2014/01/24,0,0,0,0
2014/01/27,0,0,-7000,-7000
2014/02/05,0,77000,-5000,72000
2014/02/06,0,0,-6000,-6000
2014/02/07,0,0,-7000,-7000
2014/02/10,0,0,0,0
2014/02/11,0,0,-2000,-2000
2014/02/12,0,0,-6000,-6000
2014/02/13,0,5000,-11000,-6000
2014/02/14,0,21000,-1000,20000
2014/02/17,0,27000,-30000,-3000
2014/02/18,0,20000,-19000,1000
2014/02/19,0,71000,0,71000
2014/02/20,0,80000,-9000,71000
2014/02/21,0,1000,0,1000
2014/02/24,0,0,-42000,-42000
2014/02/25,0,0,-205,-205
2014/02/26,0,15000,0,15000
2014/02/27,0,35000,0,35000
2014/03/03,0,0,-27000,-27000
2014/03/04,0,15000,0,15000
2014/03/05,0,15000,0,15000
2014/03/06,0,60000,-12000,48000
2014/03/07,0,11000,-38000,-27000
2014/03/10,0,39000,0,39000
2014/03/11,0,17000,-14000,3000
2014/03/12,0,0,-202000,-202000
2014/03/13,0,6000,-26000,-20000
2014/03/14,0,32000,-10000,22000
2014/03/17,0,1000,-10000,-9000
2014/03/18,0,9000,0,9000
2014/03/19,0,2000,-2386,-386
2014/03/20,0,3000,-25000,-22000
2014/03/21,0,86000,-3000,83000
2014/03/24,0,91000,0,91000
2014/03/25,0,75000,-88000,-13000
2014/03/26,0,137534,-19000,118534
2014/03/27,0,40000,-28000,12000
2014/03/28,0,29000,-119000,-90000
2014/03/31,0,8000,-6000,2000
2014/04/01,0,34000,-6000,28000
2014/04/02,0,9000,-1000,8000
2014/04/03,0,0,-26000,-26000
2014/04/07,0,0,-1000,-1000
2014/04/08,0,3000,-54000,-51000
2014/04/09,0,6000,-7000,-1000
2014/04/10,0,51000,-4000,47000
2014/04/11,0,22000,-4000,18000
2014/04/14,0,0,-18000,-18000
2014/04/15,0,40000,-4000,36000
2014/04/16,0,15000,-41000,-26000
2014/04/17,0,1000,-68000,-67000
2014/04/18,0,15000,-2000,13000
2014/04/21,0,1000,-1000,0
2014/04/22,0,19000,0,19000
2014/04/23,0,5000,-26000,-21000
2014/04/24,0,0,-54000,-54000
2014/04/25,0,0,-25000,-25000
2014/04/28,0,7000,-2000,5000
2014/04/29,0,1000,-28000,-27000
2014/04/30,0,2000,-33000,-31000
2014/05/02,0,21000,-9000,12000
2014/05/05,0,12000,-6000,6000
2014/05/06,0,10000,-25000,-15000
2014/05/07,0,0,-32000,-32000
2014/05/08,0,2000,-31415,-29415
2014/05/09,0,33000,-13000,20000
2014/05/12,0,0,-11000,-11000
2014/05/13,0,20000,-153000,-133000
2014/05/14,0,27000,-189000,-162000
2014/05/15,0,2000,-24000,-22000
2014/05/16,0,0,-9000,-9000
2014/05/19,0,0,-6000,-6000
2014/05/20,0,0,-5000,-5000
2014/05/21,0,0,-46000,-46000
2014/05/22,0,0,-15000,-15000
2014/05/23,0,2000,-12000,-10000
2014/05/26,0,0,-18000,-18000
2014/05/27,0,0,-6000,-6000
2014/05/28,0,0,-5000,-5000
2014/05/29,0,0,0,0
2014/05/30,0,15000,-26000,-11000
2014/06/03,0,0,-4804,-4804
2014/06/04,0,0,-2000,-2000
2014/06/05,0,4000,-12000,-8000
2014/06/06,0,5000,0,5000
2014/06/09,0,0,-1000,-1000
2014/06/10,0,0,0,0
2014/06/11,0,0,-3000,-3000
2014/06/12,0,30000,0,30000
2014/06/13,0,20000,0,20000
2014/06/16,0,0,0,0
2014/06/17,0,18000,0,18000
2014/06/18,0,10000,-2000,8000
2014/06/19,0,25000,0,25000
2014/06/20,0,0,-1000,-1000
2014/06/23,0,7000,-4000,3000
2014/06/24,0,12000,-60000,-48000
2014/06/25,0,0,0,0
2014/06/26,0,10000,0,10000
2014/06/27,0,1000,-1000,0
2014/06/30,0,17000,-1000,16000
2014/07/01,0,30000,0,30000
2014/07/02,0,7000,-1000,6000
2014/07/03,0,6000,-7000,-1000
2014/07/04,0,0,0,0
2014/07/07,0,3000,-8000,-5000
2014/07/08,0,2000,-3000,-1000
2014/07/09,0,4000,0,4000
2014/07/10,0,11000,0,11000
2014/07/11,0,14000,-41000,-27000
2014/07/14,0,0,0,0
2014/07/15,0,7000,-5000,2000
2014/07/16,0,6000,-8000,-2000
2014/07/17,0,0,0,0
2014/07/18,0,1000,-4000,-3000
2014/07/21,0,6000,-20000,-14000
2014/07/22,0,8000,-3000,5000
2014/07/23,0,0,0,0
2014/07/24,0,0,-7000,-7000
2014/07/25,0,6000,-2000,4000
2014/07/28,0,81000,-2000,79000
2014/07/29,0,51000,-2000,49000
2014/07/30,0,49000,-1000,48000
2014/07/31,0,24000,-3000,21000
2014/08/01,0,9000,-50000,-41000
2014/08/04,0,0,-6000,-6000
2014/08/05,0,6000,-15000,-9000
2014/08/06,0,0,-6000,-6000
2014/08/07,0,0,-17000,-17000
2014/08/08,0,5000,0,5000
2014/08/11,0,0,0,0
2014/08/12,0,0,-42000,-42000
2014/08/13,0,0,0,0
2014/08/14,0,0,-53000,-53000
2014/08/15,0,1000,-87000,-86000
2014/08/18,0,25000,-6000,19000
2014/08/19,0,9000,0,9000
2014/08/20,0,26000,0,26000
2014/08/21,0,3000,0,3000
2014/08/22,0,8000,0,8000
2014/08/25,0,0,0,0
2014/08/26,0,0,-20000,-20000
2014/08/27,0,2000,-44000,-42000
2014/08/28,0,0,0,0
2014/08/29,0,0,-5000,-5000
2014/09/01,0,0,0,0
2014/09/02,0,0,-12000,-12000
2014/09/03,0,0,-8000,-8000
2014/09/04,0,0,-27000,-27000
2014/09/05,0,0,0,0
2014/09/09,0,30000,0,30000
2014/09/10,0,0,-30000,-30000
2014/09/11,0,0,-2000,-2000
2014/09/12,0,0,-3000,-3000
2014/09/15,0,0,0,0
2014/09/16,0,2000,0,2000
2014/09/17,0,23000,0,23000
2014/09/18,0,0,0,0
2014/09/19,0,2000,-828,1172
2014/09/22,0,0,-4000,-4000
2014/09/23,0,21000,0,21000
2014/09/24,0,7000,0,7000
2014/09/25,0,8000,-7000,1000
2014/09/26,0,0,-21000,-21000
2014/09/29,0,0,-27000,-27000
2014/09/30,0,10000,0,10000
2014/10/01,0,0,-8000,-8000
2014/10/02,0,4000,-3000,1000
2014/10/03,0,0,-16000,-16000
2014/10/06,0,0,-3000,-3000
2014/10/07,0,5000,-2000,3000
2014/10/08,0,3000,0,3000
2014/10/09,0,2000,-2000,0
2014/10/13,0,14000,0,14000
2014/10/14,0,0,0,0
2014/10/15,0,0,-7000,-7000
2014/10/16,0,0,-3000,-3000
2014/10/17,0,0,-5000,-5000
2014/10/20,0,0,0,0
2014/10/21,0,0,0,0
2014/10/22,0,0,0,0
2014/10/23,0,0,0,0
2014/10/24,0,0,0,0
2014/10/27,0,8000,-8000,0
2014/10/28,0,13000,0,13000
2014/10/29,0,2000,0,2000
2014/10/30,0,5000,-2000,3000
2014/10/31,0,1000,-3000,-2000
2014/11/03,0,5000,0,5000
2014/11/04,0,0,0,0
2014/11/05,0,7000,-4000,3000
2014/11/06,0,24000,-678,23322
2014/11/07,0,8000,0,8000
2014/11/10,0,9000,0,9000
2014/11/11,0,10000,0,10000
2014/11/12,0,0,-1000,-1000
2014/11/13,0,5000,-1000,4000
2014/11/14,0,0,-8000,-8000
2014/11/17,0,4000,-6000,-2000
2014/11/18,0,29000,-1000,28000
2014/11/19,0,11000,0,11000
2014/11/20,0,2000,-17000,-15000
2014/11/21,0,4000,-3000,1000
2014/11/24,0,21000,-15000,6000
2014/11/25,0,36000,-27000,9000
2014/11/26,0,19000,-1000,18000
2014/11/27,0,1000,-35000,-34000
2014/11/28,0,0,-18000,-18000
2014/12/01,0,5000,0,5000
2014/12/02,0,0,0,0
2014/12/03,0,0,0,0
2014/12/04,0,0,-2213,-2213
2014/12/05,0,0,-2000,-2000
2014/12/08,0,0,-2000,-2000
2014/12/09,0,2000,0,2000
2014/12/10,0,0,0,0
2014/12/11,0,0,0,0
2014/12/12,0,0,-1000,-1000
2014/12/15,0,6000,0,6000
2014/12/16,0,18000,-4000,14000
2014/12/17,0,6000,0,6000
2014/12/18,0,0,-3000,-3000
2014/12/19,0,138000,-28000,110000
2014/12/22,0,24000,-33000,-9000
2014/12/23,0,1000,-28000,-27000
2014/12/24,0,0,-13000,-13000
2014/12/25,0,1000,0,1000
2014/12/26,0,0,0,0
2014/12/29,0,0,0,0
2014/12/30,0,8000,-6000,2000
2014/12/31,0,0,-8000,-8000
2015/01/01,0,0,0,0
2015/01/02,0,0,0,0
2015/01/05,0,0,-3000,-3000
2015/01/06,0,0,-1000,-1000
2015/01/07,0,0,-54000,-54000
2015/01/08,0,0,-1000,-1000
2015/01/09,0,18000,0,18000
2015/01/12,0,10000,-10000,0
2015/01/13,0,18000,0,18000
2015/01/14,0,0,-32000,-32000
2015/01/15,0,0,-5000,-5000
2015/01/16,0,1000,-27231,-26231
2015/01/19,0,0,-1000,-1000
2015/01/20,0,1000,-9000,-8000
2015/01/21,0,0,-3000,-3000
2015/01/22,0,0,0,0
2015/01/23,0,0,0,0
2015/01/26,0,0,0,0
2015/01/27,0,0,0,0
2015/01/28,0,10000,0,10000
2015/01/29,0,4000,-5000,-1000
2015/01/30,0,12000,-1000,11000
2015/02/02,0,6000,0,6000
2015/02/03,0,0,-9000,-9000
2015/02/04,0,1000,-174,826
2015/02/05,0,10000,-173,9827
2015/02/06,0,10000,-2000,8000
2015/02/09,0,6000,-1000,5000
2015/02/10,0,30000,0,30000
2015/02/11,0,2000,0,2000
2015/02/12,0,0,0,0
2015/02/13,0,4000,-12000,-8000
2015/02/16,0,0,0,0
2015/02/17,0,0,0,0
2015/02/18,0,0,0,0
2015/02/19,0,0,0,0
2015/02/20,0,0,0,0
2015/02/23,0,0,0,0
2015/02/24,0,3000,-20000,-17000
2015/02/25,0,145000,-17116,127884
2015/02/26,0,24000,-79000,-55000
2015/02/27,0,0,0,0
2015/03/02,0,12000,-17000,-5000
2015/03/03,0,40000,0,40000
2015/03/04,0,0,-588,-588
2015/03/05,0,5000,-25115,-20115
2015/03/06,0,0,-92000,-92000
2015/03/09,0,45000,0,45000
2015/03/10,0,20000,-8343,11657
2015/03/11,0,0,-83000,-83000
2015/03/12,0,3000,0,3000
2015/03/13,0,2000,0,2000
2015/03/16,0,33000,0,33000
2015/03/17,0,2000,0,2000
2015/03/18,0,2000,-41000,-39000
2015/03/19,0,7000,0,7000
2015/03/20,0,0,0,0
2015/03/23,0,3000,-12000,-9000
2015/03/24,0,0,-1000,-1000
2015/03/25,0,7000,-1116,5884
2015/03/26,0,9000,-1000,8000
2015/03/27,0,7000,-5000,2000
2015/03/30,0,23000,0,23000
2015/03/31,0,20000,-9000,11000
2015/04/01,0,3000,-12000,-9000
2015/04/02,0,0,-1000,-1000
2015/04/03,0,0,0,0
2015/04/06,0,0,0,0
2015/04/07,0,4000,-9000,-5000
2015/04/08,0,0,-49000,-49000
2015/04/09,0,2000,0,2000
2015/04/10,0,1000,0,1000
2015/04/13,0,0,0,0
2015/04/14,0,0,0,0
2015/04/15,0,0,-12000,-12000
2015/04/16,0,0,-28000,-28000
2015/04/17,0,1000,-3000,-2000
2015/04/20,0,3000,-5000,-2000
2015/04/21,0,1000,0,1000
2015/04/22,0,6000,0,6000
2015/04/23,0,10000,-3000,7000
2015/04/24,0,21000,0,21000
2015/04/27,0,22000,0,22000
2015/04/28,0,10000,0,10000
2015/04/29,0,56000,0,56000
2015/04/30,0,6000,0,6000
2015/05/01,0,0,0,0
2015/05/04,0,0,0,0
2015/05/05,0,0,-1000,-1000
2015/05/06,0,2000,0,2000
2015/05/07,0,1000,-3000,-2000
2015/05/08,0,1000,0,1000
2015/05/11,0,14000,0,14000
2015/05/12,0,16000,0,16000
2015/05/13,0,1000,0,1000
2015/05/14,0,0,-32000,-32000
2015/05/15,0,0,-20000,-20000
2015/05/18,0,0,-3000,-3000
2015/05/19,0,0,-5000,-5000
2015/05/20,0,7000,-42000,-35000
2015/05/21,0,0,-43000,-43000
2015/05/22,0,0,-4000,-4000
2015/05/25,0,3000,-6000,-3000
2015/05/26,0,1000,0,1000
2015/05/27,0,0,0,0
2015/05/28,0,0,0,0
2015/05/29,0,0,0,0
2015/06/01,0,1000,0,1000
2015/06/02,0,0,-2000,-2000
2015/06/03,0,0,-4000,-4000
2015/06/04,0,0,0,0
2015/06/05,0,0,0,0
2015/06/08,0,0,0,0
2015/06/09,0,0,0,0
2015/06/10,0,6000,-4000,2000
2015/06/11,0,0,0,0
2015/06/12,0,35000,0,35000
2015/06/15,0,0,0,0
2015/06/16,0,11000,0,11000
2015/06/17,0,15000,-1000,14000
2015/06/18,0,0,0,0
2015/06/19,0,0,0,0
2015/06/22,0,14000,0,14000
2015/06/23,0,0,0,0
2015/06/24,0,7000,0,7000
2015/06/25,0,42000,0,42000
2015/06/26,0,20000,-20000,0
2015/06/29,0,0,-13000,-13000
2015/06/30,0,0,-4000,-4000
2015/07/01,0,0,-39000,-39000
2015/07/02,0,0,0,0
2015/07/03,0,0,0,0
2015/07/06,0,0,-3000,-3000
2015/07/07,0,0,0,0
2015/07/08,0,10000,0,10000
2015/07/09,0,8000,0,8000
2015/07/10,0,0,0,0
2015/07/13,0,0,-7000,-7000
2015/07/14,0,0,-11000,-11000
2015/07/15,0,11000,0,11000
2015/07/16,0,0,0,0
2015/07/17,0,0,0,0
2015/07/20,0,0,0,0
2015/07/21,0,0,0,0
2015/07/22,0,12000,-40000,-28000
2015/07/23,0,20000,0,20000
2015/07/24,0,0,-5000,-5000
2015/07/27,0,39000,0,39000
2015/07/28,0,52000,-1163,50837
2015/07/29,0,0,0,0
2015/07/30,0,0,-1000,-1000
2015/07/31,0,30000,-26000,4000
2015/08/03,0,42000,-12000,30000
2015/08/04,0,120000,-82000,38000
2015/08/05,0,38000,0,38000
2015/08/06,0,17000,-2000,15000
2015/08/07,0,17000,-5000,12000
2015/08/10,0,48000,-4000,44000
2015/08/11,0,19000,-60000,-41000
2015/08/12,0,74000,-6000,68000
2015/08/13,0,0,-37000,-37000
2015/08/14,0,11000,-6000,5000
2015/08/17,0,1000,-6000,-5000
2015/08/18,0,0,-37000,-37000
2015/08/19,0,5000,-40000,-35000
2015/08/20,0,11000,-17000,-6000
2015/08/21,0,0,-7000,-7000
2015/08/24,0,25000,-69000,-44000
2015/08/25,0,7000,-13000,-6000
2015/08/26,0,8000,-12000,-4000
2015/08/27,0,3000,-23000,-20000
2015/08/28,0,0,-26000,-26000
2015/08/31,0,0,-40000,-40000
2015/09/01,0,0,-35190,-35190
2015/09/02,0,0,-5000,-5000
2015/09/03,0,0,-5000,-5000
2015/09/04,0,2000,-18000,-16000
2015/09/07,0,0,-3000,-3000
2015/09/08,0,0,0,0
2015/09/09,0,13000,0,13000
2015/09/10,0,1000,0,1000
2015/09/11,0,0,0,0
2015/09/14,0,0,-11000,-11000
2015/09/15,0,1000,0,1000
2015/09/16,0,0,0,0
2015/09/17,0,9000,0,9000
2015/09/18,0,5000,0,5000
2015/09/21,0,0,-24000,-24000
2015/09/22,0,0,-4000,-4000
2015/09/23,0,0,0,0
2015/09/24,0,0,0,0
2015/09/25,0,14000,-2000,12000
2015/09/28,0,0,0,0
2015/09/29,0,0,0,0
2015/09/30,0,12000,0,12000
2015/10/01,0,7000,-8000,-1000
2015/10/02,0,0,0,0
2015/10/05,0,3000,-5000,-2000
2015/10/06,0,0,0,0
2015/10/07,0,0,0,0
2015/10/08,0,0,0,0
2015/10/09,0,0,0,0
2015/10/12,0,0,0,0
2015/10/13,0,0,0,0
2015/10/14,0,3000,-2000,1000
2015/10/15,0,0,0,0
2015/10/16,0,0,0,0
2015/10/19,0,1000,-3000,-2000
2015/10/20,0,2000,0,2000
2015/10/21,0,0,-1000,-1000
2015/10/22,0,0,0,0
2015/10/23,0,0,0,0
2015/10/26,0,5000,0,5000
2015/10/27,0,0,-2000,-2000
2015/10/28,0,0,0,0
2015/10/29,0,0,0,0
2015/10/30,0,2000,0,2000
2015/11/02,0,0,-15000,-15000
2015/11/03,0,0,-3000,-3000
2015/11/04,0,4000,0,4000
2015/11/05,0,1000,0,1000
2015/11/06,0,0,-11000,-11000
2015/11/09,0,0,0,0
2015/11/10,0,0,0,0
2015/11/11,0,0,-10000,-10000
2015/11/12,0,0,-1000,-1000
2015/11/13,0,2000,-5000,-3000
2015/11/16,0,8000,-9000,-1000
2015/11/17,0,11000,0,11000
2015/11/18,0,0,-1000,-1000
2015/11/19,0,0,-1000,-1000
2015/11/20,0,0,0,0
2015/11/23,0,0,0,0
2015/11/24,0,0,0,0
2015/11/25,0,0,0,0
2015/11/26,0,1000,0,1000
2015/11/27,0,0,0,0
2015/11/30,0,10000,-1000,9000
2015/12/01,0,0,0,0
2015/12/02,0,0,0,0
2015/12/03,0,9000,0,9000
2015/12/04,0,0,-1000,-1000
2015/12/07,0,2000,0,2000
2015/12/08,0,0,0,0
2015/12/09,0,0,0,0
2015/12/10,0,0,0,0
2015/12/11,0,0,-8000,-8000
2015/12/14,0,0,-20000,-20000
2015/12/15,0,0,0,0
2015/12/16,0,21000,0,21000
2015/12/17,0,1000,0,1000
2015/12/18,0,0,0,0
2015/12/21,0,0,0,0
2015/12/22,0,0,0,0
2015/12/23,0,0,0,0
2015/12/24,0,0,0,0
2015/12/25,0,0,0,0
2015/12/28,0,0,0,0
2015/12/29,0,13000,0,13000
2015/12/30,0,12000,-14000,-2000
2015/12/31,0,4000,0,4000
2016/01/01,0,0,0,0
2016/01/04,0,0,-5000,-5000
2016/01/05,0,2000,0,2000
2016/01/06,0,1000,-2000,-1000
2016/01/07,0,19000,0,19000
2016/01/08,0,0,0,0
2016/01/11,0,3000,-8000,-5000
2016/01/12,0,16000,0,16000
2016/01/13,0,0,0,0
2016/01/14,0,55000,-2000,53000
2016/01/15,0,0,-13000,-13000
2016/01/18,0,3000,-4000,-1000
2016/01/19,0,16000,0,16000
2016/01/20,0,23000,-31000,-8000
2016/01/21,0,21000,0,21000
2016/01/22,0,14000,0,14000
2016/01/25,0,4000,0,4000
2016/01/26,0,12000,0,12000
2016/01/27,0,2000,-8000,-6000
2016/01/28,0,0,0,0
2016/01/29,0,2000,0,2000
2016/02/01,0,3000,-5000,-2000
2016/02/02,0,2000,0,2000
2016/02/03,0,0,0,0
2016/02/04,0,0,0,0
2016/02/05,0,0,0,0
2016/02/08,0,0,0,0
2016/02/09,0,0,0,0
2016/02/10,0,0,0,0
2016/02/11,0,0,0,0
2016/02/12,0,0,0,0
2016/02/15,0,15000,-38000,-23000
2016/02/16,0,19000,0,19000
2016/02/17,0,15000,0,15000
2016/02/18,0,0,-2000,-2000
2016/02/19,0,0,0,0
2016/02/22,0,0,-9000,-9000
2016/02/23,0,0,-15000,-15000
2016/02/24,0,0,0,0
2016/02/25,0,0,-10000,-10000
2016/02/26,0,5000,0,5000
2016/02/29,0,0,0,0
2016/03/01,0,9000,-2000,7000
2016/03/02,0,0,0,0
2016/03/03,0,0,0,0
2016/03/04,0,1000,0,1000
2016/03/07,0,10000,0,10000
2016/03/08,0,0,-5000,-5000
2016/03/09,0,0,-1000,-1000
2016/03/10,0,0,0,0
2016/03/11,0,1000,-44000,-43000
2016/03/14,0,4000,0,4000
2016/03/15,0,0,-23000,-23000
2016/03/16,0,5000,0,5000
2016/03/17,0,11000,-10000,1000
2016/03/18,0,0,0,0
2016/03/21,0,5000,-1000,4000
2016/03/22,0,0,-69000,-69000
2016/03/23,0,5000,-1000,4000
2016/03/24,0,0,0,0
2016/03/25,0,1000,0,1000
2016/03/28,0,5000,0,5000
2016/03/29,0,0,0,0
2016/03/30,0,1000,-7000,-6000
2016/03/31,0,1000,-603,397
2016/04/01,0,7000,-7000,0
2016/04/04,0,0,0,0
2016/04/05,0,0,0,0
2016/04/06,0,10000,-6000,4000
2016/04/07,0,0,-15000,-15000
2016/04/08,0,0,0,0
2016/04/11,0,2000,0,2000
2016/04/12,0,0,-1000,-1000
2016/04/13,0,0,0,0
2016/04/14,0,0,-1000,-1000
2016/04/15,0,1000,0,1000
2016/04/18,0,0,-1000,-1000
2016/04/19,0,1000,-2000,-1000
2016/04/20,0,2000,-1000,1000
2016/04/21,0,1000,0,1000
2016/04/22,0,1000,-1000,0
2016/04/25,0,1000,-1000,0
2016/04/26,0,9000,-5000,4000
2016/04/27,0,1000,0,1000
2016/04/28,0,0,-8000,-8000
2016/04/29,0,0,-6000,-6000
2016/05/02,0,0,0,0
2016/05/03,0,4000,-5000,-1000
2016/05/04,0,0,-3000,-3000
2016/05/05,0,0,0,0
2016/05/06,0,4000,0,4000
2016/05/09,0,0,0,0
2016/05/10,0,10000,0,10000
2016/05/11,0,0,0,0
2016/05/12,0,0,-8000,-8000
2016/05/13,0,0,0,0
2016/05/16,0,2000,0,2000
2016/05/17,0,2000,0,2000
2016/05/18,0,1000,0,1000
2016/05/19,0,1000,-1000,0
2016/05/20,0,0,0,0
2016/05/23,0,3000,0,3000
2016/05/24,0,4000,0,4000
2016/05/25,0,1000,0,1000
2016/05/26,0,2000,-3000,-1000
2016/05/27,0,0,0,0
2016/05/30,0,14000,-9000,5000
2016/05/31,0,16000,-3000,13000
2016/06/01,0,66000,0,66000
2016/06/02,0,26000,-1000,25000
2016/06/03,0,0,0,0
2016/06/06,0,19000,-19000,0
2016/06/07,0,16000,0,16000
2016/06/08,0,0,-48000,-48000
2016/06/09,0,0,0,0
2016/06/10,0,0,0,0
2016/06/13,0,3000,-1000,2000
2016/06/14,0,0,-76000,-76000
2016/06/15,0,0,-1000,-1000
2016/06/16,0,0,0,0
2016/06/17,0,8000,-12000,-4000
2016/06/20,0,16000,-8000,8000
2016/06/21,0,13000,-13000,0
2016/06/22,0,10000,0,10000
2016/06/23,0,2000,-4000,-2000
2016/06/24,0,2000,-13000,-11000
2016/06/27,0,10000,-7000,3000
2016/06/28,0,15000,0,15000
2016/06/29,0,10000,0,10000
2016/06/30,0,25000,-31000,-6000
2016/07/01,0,13000,-12000,1000
2016/07/04,0,1000,-13000,-12000
2016/07/05,0,15000,-2000,13000
2016/07/06,0,9000,-1000,8000
2016/07/07,0,0,0,0
2016/07/08,0,0,0,0
2016/07/11,0,3000,-1000,2000
2016/07/12,0,0,-3000,-3000
2016/07/13,0,0,0,0
2016/07/14,0,0,0,0
2016/07/15,0,10000,0,10000
2016/07/18,0,35000,0,35000
2016/07/19,0,16000,0,16000
2016/07/20,0,24000,-43000,-19000
2016/07/21,0,30000,0,30000
2016/07/22,0,0,0,0
2016/07/25,0,7000,-1000,6000
2016/07/26,0,8000,-22000,-14000
2016/07/27,0,15000,-21000,-6000
2016/07/28,0,16000,0,16000
2016/07/29,0,9000,0,9000
2016/08/01,0,12000,-10000,2000
2016/08/02,0,128000,0,128000
2016/08/03,0,0,-107000,-107000
2016/08/04,0,1000,-54000,-53000
2016/08/05,0,50000,-36000,14000
2016/08/08,0,43000,-70000,-27000
2016/08/09,0,1000,-38000,-37000
2016/08/10,0,0,-1000,-1000
2016/08/11,0,0,-22000,-22000
2016/08/12,0,1000,0,1000
2016/08/15,0,0,0,0
2016/08/16,0,4000,-7000,-3000
2016/08/17,0,0,-3000,-3000
2016/08/18,0,0,0,0
2016/08/19,0,4000,-34000,-30000
2016/08/22,0,0,-3000,-3000
2016/08/23,0,0,-62000,-62000
2016/08/24,0,0,0,0
2016/08/25,0,0,-1000,-1000
2016/08/26,0,0,0,0
2016/08/29,0,0,-2000,-2000
2016/08/30,0,0,0,0
2016/08/31,0,0,-10000,-10000
2016/09/01,0,0,-5000,-5000
2016/09/02,0,1000,-9000,-8000
2016/09/05,0,5000,0,5000
2016/09/06,0,2000,0,2000
2016/09/07,0,0,0,0
2016/09/08,0,3000,0,3000
2016/09/09,0,3000,-10000,-7000
2016/09/12,0,8000,-5000,3000
2016/09/13,0,4000,-2000,2000
2016/09/14,0,0,-6000,-6000
2016/09/15,0,0,0,0
2016/09/16,0,0,0,0
2016/09/19,0,2000,-11000,-9000
2016/09/20,0,0,0,0
2016/09/21,0,0,-1000,-1000
2016/09/22,0,2000,0,2000
2016/09/23,0,16000,0,16000
2016/09/26,0,0,0,0
2016/09/27,0,0,0,0
2016/09/28,0,0,0,0
2016/09/29,0,0,-1000,-1000
2016/09/30,0,2000,-1000,1000
2016/10/03,0,1000,0,1000
2016/10/04,0,0,0,0
2016/10/05,0,0,0,0
2016/10/06,0,0,0,0
2016/10/07,0,0,0,0
2016/10/10,0,0,0,0
2016/10/11,0,2000,0,2000
2016/10/12,0,5000,0,5000
2016/10/13,0,0,0,0
2016/10/14,0,4000,0,4000
2016/10/17,0,0,-1000,-1000
2016/10/18,0,0,-1000,-1000
2016/10/19,0,0,-2000,-2000
2016/10/20,0,0,-5000,-5000
2016/10/21,0,0,-3000,-3000
2016/10/24,0,0,0,0
2016/10/25,0,1000,0,1000
2016/10/26,0,0,0,0
2016/10/27,0,0,0,0
2016/10/28,0,0,0,0
2016/10/31,0,2000,0,2000
2016/11/01,0,2000,0,2000
2016/11/02,0,16000,0,16000
2016/11/03,0,6000,0,6000
2016/11/04,0,0,0,0
2016/11/07,0,7000,0,7000
2016/11/08,0,0,0,0
2016/11/09,0,6000,-26000,-20000
2016/11/10,0,13000,0,13000
2016/11/11,0,3000,-1000,2000
2016/11/14,0,0,-8000,-8000
2016/11/15,0,1000,-1000,0
2016/11/16,0,1000,-8000,-7000
2016/11/17,0,1000,-1000,0
2016/11/18,0,0,0,0
2016/11/21,0,1000,0,1000
2016/11/22,0,5000,0,5000
2016/11/23,0,3000,-28000,-25000
2016/11/24,0,0,0,0
2016/11/25,0,0,0,0
2016/11/28,0,3000,-4550,-1550
2016/11/29,0,0,-1000,-1000
2016/11/30,0,0,0,0
2016/12/01,0,1000,-2000,-1000
2016/12/02,0,0,-6000,-6000
2016/12/05,0,0,-2000,-2000
2016/12/06,0,7000,-1000,6000
2016/12/07,0,2000,0,2000
2016/12/08,0,0,0,0
2016/12/09,0,2000,0,2000
2016/12/12,0,8000,0,8000
2016/12/13,0,0,0,0
2016/12/14,0,0,0,0
2016/12/15,0,1000,0,1000
2016/12/16,0,5000,-2000,3000
2016/12/19,0,0,0,0
2016/12/20,0,6000,-3000,3000
2016/12/21,0,6000,0,6000
2016/12/22,0,0,-3000,-3000
2016/12/23,0,0,-2000,-2000
2016/12/26,0,0,-5000,-5000
2016/12/27,0,0,0,0
2016/12/28,0,8000,0,8000
2016/12/29,0,0,0,0
2016/12/30,0,16000,0,16000
2017/01/02,0,0,0,0
2017/01/03,0,0,0,0
2017/01/04,0,1000,-1000,0
2017/01/05,0,1000,-2000,-1000
2017/01/06,0,1000,-2000,-1000
2017/01/09,0,0,-1000,-1000
2017/01/10,0,0,0,0
2017/01/11,0,0,0,0
2017/01/12,0,10000,0,10000
2017/01/13,0,0,0,0
2017/01/16,0,0,0,0
2017/01/17,0,0,-3149,-3149
2017/01/18,0,1000,-5000,-4000
2017/01/19,0,0,-4000,-4000
2017/01/20,0,1000,0,1000
2017/01/23,0,10000,0,10000
2017/01/24,0,0,0,0
2017/01/25,0,0,0,0
2017/01/26,0,0,0,0
2017/01/27,0,0,0,0
2017/01/30,0,0,0,0
2017/01/31,0,0,0,0
2017/02/01,0,0,0,0
2017/02/02,0,0,-3000,-3000
2017/02/03,0,0,-1000,-1000
2017/02/06,0,0,0,0
2017/02/07,0,0,0,0
2017/02/08,0,0,-6000,-6000
2017/02/09,0,0,-6000,-6000
2017/02/10,0,1000,0,1000
2017/02/13,0,0,0,0
2017/02/14,0,2000,0,2000
2017/02/15,0,0,-6000,-6000
2017/02/16,0,0,0,0
2017/02/17,0,0,0,0
2017/02/20,0,0,0,0
2017/02/21,0,0,0,0
2017/02/22,0,2000,0,2000
2017/02/23,0,0,0,0
2017/02/24,0,3000,0,3000
2017/02/27,0,0,0,0
2017/02/28,0,0,0,0
2017/03/01,0,0,0,0
2017/03/02,0,0,0,0
2017/03/03,0,30000,0,30000
2017/03/06,0,0,0,0
2017/03/07,0,0,0,0
2017/03/08,0,0,-9000,-9000
2017/03/09,0,0,0,0
2017/03/10,0,50000,0,50000
2017/03/13,0,0,-1000,-1000
2017/03/14,0,127000,-16000,111000
2017/03/15,0,12000,0,12000
2017/03/16,0,34000,0,34000
2017/03/17,0,0,0,0
2017/03/20,0,0,-9000,-9000
2017/03/21,0,4000,0,4000
2017/03/22,0,2000,-20000,-18000
2017/03/23,0,0,0,0
2017/03/24,0,0,0,0
2017/03/27,0,0,0,0
2017/03/28,0,11000,0,11000
2017/03/29,0,27000,0,27000
2017/03/30,0,0,-2000,-2000
2017/03/31,0,0,-1000,-1000
2017/04/03,0,0,0,0
2017/04/04,0,0,0,0
2017/04/05,0,2000,-1000,1000
2017/04/06,0,0,0,0
2017/04/07,0,0,-2000,-2000
2017/04/10,0,0,0,0
2017/04/11,0,0,0,0
2017/04/12,0,0,0,0
2017/04/13,0,0,0,0
2017/04/14,0,0,0,0
2017/04/17,0,0,0,0
2017/04/18,0,0,0,0
2017/04/19,0,0,-14000,-14000
2017/04/20,0,0,0,0
2017/04/21,0,0,0,0
2017/04/24,0,0,0,0
2017/04/25,0,0,0,0
2017/04/26,0,21000,0,21000
2017/04/27,0,5000,0,5000
2017/04/28,0,0,-12000,-12000
2017/05/01,0,0,0,0
2017/05/02,0,0,0,0
2017/05/03,0,0,0,0
2017/05/04,0,0,0,0
2017/05/05,0,0,-4000,-4000
2017/05/08,0,0,0,0
2017/05/09,0,0,-1546,-1546
2017/05/10,0,15000,0,15000
2017/05/11,0,10000,0,10000
2017/05/12,0,10000,-15000,-5000
2017/05/15,0,0,0,0
2017/05/16,0,0,-25000,-25000
2017/05/17,0,0,0,0
2017/05/18,0,0,0,0
2017/05/19,0,2000,0,2000
2017/05/22,0,0,0,0
2017/05/23,0,39000,-90000,-51000
2017/05/24,0,16000,-78000,-62000
2017/05/25,0,15000,-50000,-35000
2017/05/26,0,3000,-5000,-2000
2017/05/29,0,0,0,0
2017/05/30,0,0,0,0
2017/05/31,0,5000,-3000,2000
2017/06/01,0,0,-12000,-12000
2017/06/02,0,0,-2000,-2000
2017/06/05,0,0,-17000,-17000
2017/06/06,0,0,-3591,-3591
2017/06/07,0,1000,0,1000
2017/06/08,0,0,-2000,-2000
2017/06/09,0,0,0,0
2017/06/12,0,2000,0,2000
2017/06/13,0,2000,-2000,0
2017/06/14,0,0,0,0
2017/06/15,0,0,0,0
2017/06/16,0,0,0,0
2017/06/19,0,1000,0,1000
2017/06/20,0,9000,0,9000
2017/06/21,0,39000,0,39000
2017/06/22,0,0,0,0
2017/06/23,0,0,0,0
2017/06/26,0,56000,-9000,47000
2017/06/27,0,24000,-2000,22000
2017/06/28,0,27000,0,27000
2017/06/29,0,0,0,0
2017/06/30,0,0,0,0
2017/07/03,0,0,0,0
2017/07/04,0,1000,0,1000
2017/07/05,0,73000,-1000,72000
2017/07/06,0,0,-5000,-5000
2017/07/07,0,0,0,0
2017/07/10,0,2000,-2000,0
2017/07/11,0,31000,0,31000
2017/07/12,0,1000,-33000,-32000
2017/07/13,0,0,-7000,-7000
2017/07/14,0,0,-3000,-3000
2017/07/17,0,20000,-14000,6000
2017/07/18,0,0,-5000,-5000
2017/07/19,0,0,0,0
2017/07/20,0,3000,0,3000
2017/07/21,0,0,0,0
2017/07/24,0,20000,-3000,17000
2017/07/25,0,5000,-40000,-35000
2017/07/26,0,20000,-67000,-47000
2017/07/27,0,0,0,0
2017/07/28,0,53000,-32000,21000
2017/07/31,0,19000,0,19000
2017/08/01,0,41000,0,41000
2017/08/02,0,0,-24000,-24000
2017/08/03,0,0,-5000,-5000
2017/08/04,0,0,-13000,-13000
2017/08/07,0,0,0,0
2017/08/08,0,0,-5000,-5000
2017/08/09,0,10000,-44000,-34000
2017/08/10,0,10000,0,10000
2017/08/11,0,0,0,0
2017/08/14,0,0,0,0
2017/08/15,0,0,-1000,-1000
2017/08/16,0,0,-2000,-2000
2017/08/17,0,0,-30000,-30000
2017/08/18,0,0,-2000,-2000
