Date,Open,Buy,Sell,Total
2007/01/02,0,273000,-245946,27054
2007/01/03,0,341000,-1881573,-1540573
2007/01/04,0,121000,-1501000,-1380000
2007/01/05,0,1062000,-1870000,-808000
2007/01/08,0,293000,-1009993,-716993
2007/01/09,0,662000,-904285,-242285
2007/01/10,0,255000,-715000,-460000
2007/01/11,0,169000,-899000,-730000
2007/01/12,0,155000,-131000,24000
2007/01/15,0,263000,-227000,36000
2007/01/16,0,544000,-149000,395000
2007/01/17,0,515000,-242000,273000
2007/01/18,0,363000,-226000,137000
2007/01/19,0,155000,-77000,78000
2007/01/22,0,1412000,-432000,980000
2007/01/23,0,889000,-785000,104000
2007/01/24,0,622000,-450000,172000
2007/01/25,0,308000,-203000,105000
2007/01/26,0,385000,-443425,-58425
2007/01/29,0,732000,-439000,293000
2007/01/30,0,626147,-417000,209147
2007/01/31,0,877000,-652200,224800
2007/02/01,0,480000,-276000,204000
2007/02/02,0,495000,-48000,447000
2007/02/05,0,253000,-62000,191000
2007/02/06,0,1520000,-1242000,278000
2007/02/07,0,138000,-89000,49000
2007/02/08,0,7554000,-6711000,843000
2007/02/09,0,1128000,-464000,664000
2007/02/12,0,562000,-117000,445000
2007/02/13,0,1160000,-114000,1046000
2007/02/14,0,491000,-324681,166319
2007/02/15,0,0,0,0
2007/02/16,0,0,0,0
2007/02/19,0,0,0,0
2007/02/20,0,0,0,0
2007/02/21,0,0,0,0
2007/02/22,0,0,0,0
2007/02/23,0,0,0,0
2007/02/26,0,827000,-616000,211000
2007/02/27,0,1545000,-366000,1179000
2007/02/28,0,0,0,0
2007/03/01,0,478000,-1261000,-783000
2007/03/02,0,967000,-1043000,-76000
2007/03/05,0,868000,-938000,-70000
2007/03/06,0,1239000,-1084700,154300
2007/03/07,0,477000,-1054585,-577585
2007/03/08,0,504000,-518700,-14700
2007/03/09,0,361000,-405000,-44000
2007/03/12,0,263000,-83000,180000
2007/03/13,0,78000,-291000,-213000
2007/03/14,0,563000,-873000,-310000
2007/03/15,0,46000,-93000,-47000
2007/03/16,0,215000,-136000,79000
2007/03/19,0,455000,-680543,-225543
2007/03/20,0,893000,-814000,79000
2007/03/21,0,1379000,-549000,830000
2007/03/22,0,2410000,-343000,2067000
2007/03/23,0,1209000,-6000,1203000
2007/03/26,0,3261000,-2850000,411000
2007/03/27,0,958000,-144000,814000
2007/03/28,0,582000,-302000,280000
2007/03/29,0,556000,-479000,77000
2007/03/30,0,6716000,-8449000,-1733000
2007/04/02,0,341000,-64000,277000
2007/04/03,0,705000,-414000,291000
2007/04/04,0,148000,-1000,147000
2007/04/05,0,0,0,0
2007/04/06,0,0,0,0
2007/04/09,0,458000,-230000,228000
2007/04/10,0,408000,-153000,255000
2007/04/11,0,1084000,-74000,1010000
2007/04/12,0,765000,-569494,195506
2007/04/13,0,415000,-329000,86000
2007/04/16,0,575000,-93000,482000
2007/04/17,0,616611,-274000,342611
2007/04/18,0,282000,-569600,-287600
2007/04/19,0,337000,-649000,-312000
2007/04/20,0,212000,-10000,202000
2007/04/23,0,555000,-91000,464000
2007/04/24,0,608000,-96000,512000
2007/04/25,0,305000,-311000,-6000
2007/04/26,0,159000,-44000,115000
2007/04/27,0,352000,-224000,128000
2007/04/30,0,400000,-272667,127333
2007/05/01,0,0,0,0
2007/05/02,0,545000,-478000,67000
2007/05/03,0,439000,-178000,261000
2007/05/04,0,1785000,-1257000,528000
2007/05/07,0,381000,-148000,233000
2007/05/08,0,522000,-375000,147000
2007/05/09,0,493000,-362600,130400
2007/05/10,0,462000,-1000,461000
2007/05/11,0,628000,-741240,-113240
2007/05/14,0,1310000,-1243000,67000
2007/05/15,0,153000,-145000,8000
2007/05/16,0,1159000,-1265000,-106000
2007/05/17,0,1358000,-1353000,5000
2007/05/18,0,322000,-347000,-25000
2007/05/21,0,608000,-614000,-6000
2007/05/22,0,848000,-770000,78000
2007/05/23,0,1404000,-1413000,-9000
2007/05/24,0,1130000,-1297000,-167000
2007/05/25,0,632000,-684000,-52000
2007/05/28,0,305000,-371000,-66000
2007/05/29,0,1387000,-1001000,386000
2007/05/30,0,3479000,-2506000,973000
2007/05/31,0,882000,-1297667,-415667
2007/06/01,0,988000,-1052000,-64000
2007/06/04,0,1145000,-1251000,-106000
2007/06/05,0,1066000,-1069000,-3000
2007/06/06,0,726000,-801000,-75000
2007/06/07,0,625000,-625000,0
2007/06/08,0,781000,-749000,32000
2007/06/11,0,744000,-368404,375596
2007/06/12,0,947000,-817010,129990
2007/06/13,0,305000,-257000,48000
2007/06/14,0,319000,-207000,112000
2007/06/15,0,169000,-91000,78000
2007/06/18,0,0,0,0
2007/06/19,0,0,0,0
2007/06/20,0,1380000,-1127000,253000
2007/06/21,0,1109000,-496000,613000
2007/06/22,0,368000,-329000,39000
2007/06/25,0,277000,-1357000,-1080000
2007/06/26,0,336000,-1036457,-700457
2007/06/27,0,534000,-292000,242000
2007/06/28,0,1322000,-1278000,44000
2007/06/29,0,1653000,-2105336,-452336
2007/07/02,0,752000,-900000,-148000
2007/07/03,0,1196000,-1583000,-387000
2007/07/04,0,593000,-769877,-176877
2007/07/05,0,736000,-803000,-67000
2007/07/06,0,87000,-213000,-126000
2007/07/09,0,484000,-242000,242000
2007/07/10,0,307000,-186000,121000
2007/07/11,0,225000,-326000,-101000
2007/07/12,0,822000,-699000,123000
2007/07/13,0,340000,-805000,-465000
2007/07/16,0,168000,-377000,-209000
2007/07/17,0,411000,-451000,-40000
2007/07/18,0,724000,-1101642,-377642
2007/07/19,0,857113,-897000,-39887
2007/07/20,0,471000,-1816000,-1345000
2007/07/23,0,343000,-269000,74000
2007/07/24,0,825000,-763000,62000
2007/07/25,0,481000,-505000,-24000
2007/07/26,0,302000,-390556,-88556
2007/07/27,0,1616000,-2116000,-500000
2007/07/30,0,448000,-1937000,-1489000
2007/07/31,0,988000,-2193000,-1205000
2007/08/01,0,1071000,-3229000,-2158000
2007/08/02,0,1559000,-1494800,64200
2007/08/03,0,616000,-3062351,-2446351
2007/08/06,0,523000,-762762,-239762
2007/08/07,0,669000,-298000,371000
2007/08/08,0,735000,-114000,621000
2007/08/09,0,998000,-1142000,-144000
2007/08/10,0,1645000,-1404000,241000
2007/08/13,0,1308000,-125000,1183000
2007/08/14,0,732000,-372000,360000
2007/08/15,0,601000,-798000,-197000
2007/08/16,0,1503000,-1848000,-345000
2007/08/17,0,2108000,-2615000,-507000
2007/08/20,0,920000,-660000,260000
2007/08/21,0,386000,-363000,23000
2007/08/22,0,294000,-228464,65536
2007/08/23,0,646000,-862200,-216200
2007/08/24,0,143000,-413002,-270002
2007/08/27,0,55000,-282000,-227000
2007/08/28,0,107000,-163000,-56000
2007/08/29,0,305000,-371000,-66000
2007/08/30,0,206000,-251000,-45000
2007/08/31,0,718000,-732000,-14000
2007/09/03,0,448000,-686400,-238400
2007/09/04,0,140014,-355000,-214986
2007/09/05,0,681000,-410000,271000
2007/09/06,0,723000,-590000,133000
2007/09/07,0,340000,-209000,131000
2007/09/10,0,458000,-738000,-280000
2007/09/11,0,141000,-112000,29000
2007/09/12,0,323000,-247000,76000
2007/09/13,0,137000,-146000,-9000
2007/09/14,0,832000,-163000,669000
2007/09/17,0,439000,-378000,61000
2007/09/18,0,0,0,0
2007/09/19,0,1726000,-706000,1020000
2007/09/20,0,1181000,-542000,639000
2007/09/21,0,477000,-555600,-78600
2007/09/24,0,0,0,0
2007/09/25,0,0,0,0
2007/09/26,0,865000,-809000,56000
2007/09/27,0,1841000,-1063000,778000
2007/09/28,0,328000,-255000,73000
2007/10/01,0,841000,-556000,285000
2007/10/02,0,1153000,-838000,315000
2007/10/03,0,1166102,-1220820,-54718
2007/10/04,0,891000,-1210000,-319000
2007/10/05,0,682000,-543000,139000
2007/10/08,0,563000,-704000,-141000
2007/10/09,0,475000,-626000,-151000
2007/10/10,0,0,0,0
2007/10/11,0,539000,-1401583,-862583
2007/10/12,0,274000,-1906000,-1632000
2007/10/15,0,1060000,-423000,637000
2007/10/16,0,612000,-493000,119000
2007/10/17,0,364000,-341000,23000
2007/10/18,0,1599000,-1300000,299000
2007/10/19,0,660000,-198000,462000
2007/10/22,0,1150000,-1069000,81000
2007/10/23,0,1998000,-875000,1123000
2007/10/24,0,1697000,-1495000,202000
2007/10/25,0,1327320,-655000,672320
2007/10/26,0,968000,-789000,179000
2007/10/29,0,1749000,-858000,891000
2007/10/30,0,617000,-359000,258000
2007/10/31,0,679000,-137605,541395
2007/11/01,0,650000,-419000,231000
2007/11/02,0,375000,-549000,-174000
2007/11/05,0,333000,-433000,-100000
2007/11/06,0,372000,-267000,105000
2007/11/07,0,501000,-805000,-304000
2007/11/08,0,492000,-1197000,-705000
2007/11/09,0,551000,-565000,-14000
2007/11/12,0,834000,-1600000,-766000
2007/11/13,0,651000,-1164000,-513000
2007/11/14,0,740000,-802000,-62000
2007/11/15,0,92000,-662000,-570000
2007/11/16,0,446000,-846000,-400000
2007/11/19,0,603000,-626600,-23600
2007/11/20,0,1022000,-918000,104000
2007/11/21,0,693000,-1332000,-639000
2007/11/22,0,450000,-542000,-92000
2007/11/23,0,411000,-330000,81000
2007/11/26,0,686000,-393000,293000
2007/11/27,0,1673000,-1511000,162000
2007/11/28,0,1200000,-1673000,-473000
2007/11/29,0,1003000,-615684,387316
2007/11/30,0,836000,-462000,374000
2007/12/03,0,253000,-61000,192000
2007/12/04,0,109000,-97000,12000
2007/12/05,0,1153000,-967000,186000
2007/12/06,0,611000,-245000,366000
2007/12/07,0,413000,-661000,-248000
2007/12/10,0,168000,-126000,42000
2007/12/11,0,163000,-144000,19000
2007/12/12,0,132000,-198000,-66000
2007/12/13,0,1344000,-1777000,-433000
2007/12/14,0,484000,-291000,193000
2007/12/17,0,254000,-176000,78000
2007/12/18,0,433000,-318000,115000
2007/12/19,0,1532000,-2227000,-695000
2007/12/20,0,377000,-702986,-325986
2007/12/21,0,518000,-525000,-7000
2007/12/24,0,28000,-82000,-54000
2007/12/25,0,23000,-9000,14000
2007/12/26,0,70000,-67000,3000
2007/12/27,0,222000,-395000,-173000
2007/12/28,0,378000,-432000,-54000
2007/12/31,0,56000,-73000,-17000
2008/01/01,0,0,0,0
2008/01/02,0,652000,-984000,-332000
2008/01/03,0,516000,-524000,-8000
2008/01/04,0,464000,-674000,-210000
2008/01/07,0,623000,-770000,-147000
2008/01/08,0,300000,-621000,-321000
2008/01/09,0,381000,-426000,-45000
2008/01/10,0,1185000,-1201000,-16000
2008/01/11,0,1586000,-1784000,-198000
2008/01/14,0,4674000,-3070397,1603603
2008/01/15,0,3431000,-753705,2677295
2008/01/16,0,1100000,-534000,566000
2008/01/17,0,1485000,-1042000,443000
2008/01/18,0,1562374,-1096273,466101
2008/01/21,0,294000,-602000,-308000
2008/01/22,0,1205000,-1935000,-730000
2008/01/23,0,1104000,-179000,925000
2008/01/24,0,650000,-658000,-8000
2008/01/25,0,1430000,-1966000,-536000
2008/01/28,0,809000,-962000,-153000
2008/01/29,0,1061266,-1018255,43011
2008/01/30,0,1057104,-1242000,-184896
2008/01/31,0,1895000,-2387000,-492000
2008/02/01,0,1741000,-1919000,-178000
2008/02/04,0,0,0,0
2008/02/05,0,0,0,0
2008/02/06,0,0,0,0
2008/02/07,0,0,0,0
2008/02/08,0,0,0,0
2008/02/11,0,0,0,0
2008/02/12,0,1344000,-1065000,279000
2008/02/13,0,835000,-777000,58000
2008/02/14,0,1974000,-1541000,433000
2008/02/15,0,552000,-390000,162000
2008/02/18,0,956734,-1159000,-202266
2008/02/19,0,881000,-960000,-79000
2008/02/20,0,1011000,-1318000,-307000
2008/02/21,0,759000,-348796,410204
2008/02/22,0,2232000,-258000,1974000
2008/02/25,0,1473000,-588037,884963
2008/02/26,0,5099000,-2764000,2335000
2008/02/27,0,4798200,-2976000,1822200
2008/02/28,0,0,0,0
2008/02/29,0,4365304,-5316069,-950765
2008/03/03,0,1372000,-1973000,-601000
2008/03/04,0,1205000,-1711000,-506000
2008/03/05,0,1473000,-1680000,-207000
2008/03/06,0,1678000,-1616000,62000
2008/03/07,0,1600000,-2039000,-439000
2008/03/10,0,1436000,-1400000,36000
2008/03/11,0,2169000,-2436000,-267000
2008/03/12,0,2943000,-2867904,75096
2008/03/13,0,2464000,-2996000,-532000
2008/03/14,0,1072000,-1101000,-29000
2008/03/17,0,829000,-1123000,-294000
2008/03/18,0,2131000,-1753560,377440
2008/03/19,0,2636000,-2025000,611000
2008/03/20,0,2582000,-1757000,825000
2008/03/21,0,3257000,-381000,2876000
2008/03/24,0,2230109,-828000,1402109
2008/03/25,0,2676000,-2688000,-12000
2008/03/26,0,1534000,-2284000,-750000
2008/03/27,0,1475416,-3005000,-1529584
2008/03/28,0,4683416,-5105000,-421584
2008/03/31,0,2683513,-2874000,-190487
2008/04/01,0,1426319,-1950000,-523681
2008/04/02,0,1336000,-1382553,-46553
2008/04/03,0,1401000,-1686000,-285000
2008/04/04,0,0,0,0
2008/04/07,0,1661000,-1906000,-245000
2008/04/08,0,1321000,-1526000,-205000
2008/04/09,0,110000,-728000,-618000
2008/04/10,0,3017000,-2293000,724000
2008/04/11,0,5816000,-6996198,-1180198
2008/04/14,0,1974000,-2745000,-771000
2008/04/15,0,2366000,-3005000,-639000
2008/04/16,0,2334000,-2850000,-516000
2008/04/17,0,2079000,-562000,1517000
2008/04/18,0,1686000,-439000,1247000
2008/04/21,0,1563000,-524000,1039000
2008/04/22,0,231000,-407000,-176000
2008/04/23,0,1218000,-1056000,162000
2008/04/24,0,731000,-744000,-13000
2008/04/25,0,448000,-122000,326000
2008/04/28,0,859000,-304000,555000
2008/04/29,0,904000,-644000,260000
2008/04/30,0,1114000,-748000,366000
2008/05/01,0,0,0,0
2008/05/02,0,487000,-347000,140000
2008/05/05,0,750000,-1015000,-265000
2008/05/06,0,283000,-509000,-226000
2008/05/07,0,807000,-566000,241000
2008/05/08,0,754000,-1199000,-445000
2008/05/09,0,337000,-573000,-236000
2008/05/12,0,469000,-385000,84000
2008/05/13,0,690000,-434000,256000
2008/05/14,0,352000,-673000,-321000
2008/05/15,0,629000,-355179,273821
2008/05/16,0,1066000,-907000,159000
2008/05/19,0,1040000,-767000,273000
2008/05/20,0,578000,-767000,-189000
2008/05/21,0,1069000,-1857000,-788000
2008/05/22,0,779000,-743000,36000
2008/05/23,0,840000,-1595000,-755000
2008/05/26,0,505000,-1524000,-1019000
2008/05/27,0,559000,-2416000,-1857000
2008/05/28,0,1248000,-2687000,-1439000
2008/05/29,0,1257000,-885000,372000
2008/05/30,0,4776747,-3804000,972747
2008/06/02,0,1566000,-914000,652000
2008/06/03,0,716000,-419000,297000
2008/06/04,0,705000,-424000,281000
2008/06/05,0,972000,-695000,277000
2008/06/06,0,2823000,-1641329,1181671
2008/06/09,0,113000,-807000,-694000
2008/06/10,0,522000,-1163209,-641209
2008/06/11,0,763000,-1429000,-666000
2008/06/12,0,1174000,-2207030,-1033030
2008/06/13,0,1818000,-2147970,-329970
2008/06/16,0,1988000,-2452000,-464000
2008/06/17,0,1712000,-1581000,131000
2008/06/18,0,234000,-1004000,-770000
2008/06/19,0,771000,-1286000,-515000
2008/06/20,0,868898,-1020022,-151124
2008/06/23,0,520000,-516014,3986
2008/06/24,0,372000,-641000,-269000
2008/06/25,0,1698800,-1667000,31800
2008/06/26,0,1060000,-1818000,-758000
2008/06/27,0,2648000,-2829000,-181000
2008/06/30,0,1612000,-1117000,495000
2008/07/01,0,912000,-641677,270323
2008/07/02,0,870000,-811000,59000
2008/07/03,0,1172000,-1140000,32000
2008/07/04,0,1697000,-1962000,-265000
2008/07/07,0,696000,-1190000,-494000
2008/07/08,0,1810000,-2764000,-954000
2008/07/09,0,4704000,-4445000,259000
2008/07/10,0,1429000,-1452000,-23000
2008/07/11,0,1652000,-3571000,-1919000
2008/07/14,0,2600000,-2948000,-348000
2008/07/15,0,981000,-1176000,-195000
2008/07/16,0,1153000,-1603253,-450253
2008/07/17,0,1789000,-2256000,-467000
2008/07/18,0,1180000,-1647000,-467000
2008/07/21,0,2103000,-677000,1426000
2008/07/22,0,504000,-216000,288000
2008/07/23,0,999000,-707000,292000
2008/07/24,0,407000,-516000,-109000
2008/07/25,0,413000,-546000,-133000
2008/07/28,0,0,0,0
2008/07/29,0,1664000,-1739000,-75000
2008/07/30,0,514000,-846000,-332000
2008/07/31,0,1205000,-1559000,-354000
2008/08/01,0,617000,-583000,34000
2008/08/04,0,322000,-395000,-73000
2008/08/05,0,1171000,-1054000,117000
2008/08/06,0,913000,-919000,-6000
2008/08/07,0,671000,-420000,251000
2008/08/08,0,1724000,-1597000,127000
2008/08/11,0,450000,-416000,34000
2008/08/12,0,550000,-359000,191000
2008/08/13,0,617000,-731000,-114000
2008/08/14,0,1028000,-1709000,-681000
2008/08/15,0,736000,-1074000,-338000
2008/08/18,0,676000,-657000,19000
2008/08/19,0,861000,-988000,-127000
2008/08/20,0,801000,-327000,474000
2008/08/21,0,789000,-452000,337000
2008/08/22,0,997000,-239000,758000
2008/08/25,0,1490000,-143000,1347000
2008/08/26,0,454000,-219000,235000
2008/08/27,0,1060000,-62000,998000
2008/08/28,0,2168000,-1042000,1126000
2008/08/29,0,1016000,-997000,19000
2008/09/01,0,1103000,-615000,488000
2008/09/02,0,845000,-667000,178000
2008/09/03,0,1027000,-222000,805000
2008/09/04,0,914000,-731100,182900
2008/09/05,0,282000,-311000,-29000
2008/09/08,0,730000,-657000,73000
2008/09/09,0,430000,-444000,-14000
2008/09/10,0,1861000,-3407000,-1546000
2008/09/11,0,1730000,-1079000,651000
2008/09/12,0,1398000,-1187000,211000
2008/09/15,0,807000,-411000,396000
2008/09/16,0,665000,-323000,342000
2008/09/17,0,865000,-353000,512000
2008/09/18,0,727000,-1183000,-456000
2008/09/19,0,1493000,-568000,925000
2008/09/22,0,1647000,-475000,1172000
2008/09/23,0,963000,-905000,58000
2008/09/24,0,282988,-869611,-586623
2008/09/25,0,1208000,-901000,307000
2008/09/26,0,892000,-669000,223000
2008/09/29,0,0,0,0
2008/09/30,0,2557000,-1370000,1187000
2008/10/01,0,1231000,-840000,391000
2008/10/02,0,838000,-1075000,-237000
2008/10/03,0,1405000,-1378500,26500
2008/10/06,0,1204000,-1906000,-702000
2008/10/07,0,1119000,-2117300,-998300
2008/10/08,0,368000,-1501000,-1133000
2008/10/09,0,1909000,-1738000,171000
2008/10/10,0,0,0,0
2008/10/13,0,2251000,-2055000,196000
2008/10/14,0,442000,-157000,285000
2008/10/15,0,1293000,-662000,631000
2008/10/16,0,1448600,-916000,532600
2008/10/17,0,203000,-452000,-249000
2008/10/20,0,620000,-303000,317000
2008/10/21,0,2678000,-3050000,-372000
2008/10/22,0,861000,-1202000,-341000
2008/10/23,0,1404000,-1522000,-118000
2008/10/24,0,2939000,-3312447,-373447
2008/10/27,0,5135000,-5512000,-377000
2008/10/28,0,2064000,-3003713,-939713
2008/10/29,0,1886000,-2071000,-185000
2008/10/30,0,2250000,-2066000,184000
2008/10/31,0,1355000,-872000,483000
2008/11/03,0,1752000,-452000,1300000
2008/11/04,0,2034000,-1423001,610999
2008/11/05,0,1427000,-714100,712900
2008/11/06,0,463000,-832000,-369000
2008/11/07,0,557000,-945000,-388000
2008/11/10,0,1034000,-351000,683000
2008/11/11,0,1410000,-1626538,-216538
2008/11/12,0,808000,-1496655,-688655
2008/11/13,0,262000,-664000,-402000
2008/11/14,0,112000,-832000,-720000
2008/11/17,0,1008000,-1338000,-330000
2008/11/18,0,2057000,-2887000,-830000
2008/11/19,0,364243,-1075000,-710757
2008/11/20,0,479000,-2400000,-1921000
2008/11/21,0,1647000,-1694000,-47000
2008/11/24,0,1555000,-1946000,-391000
2008/11/25,0,777000,-626441,150559
2008/11/26,0,481000,-1051712,-570712
2008/11/27,0,1626000,-2898000,-1272000
2008/11/28,0,595000,-917000,-322000
2008/12/01,0,654000,-420000,234000
2008/12/02,0,1022000,-1720000,-698000
2008/12/03,0,2259000,-1091000,1168000
2008/12/04,0,2672000,-1513000,1159000
2008/12/05,0,313000,-422000,-109000
2008/12/08,0,1289000,-1426600,-137600
2008/12/09,0,713000,-457000,256000
2008/12/10,0,913000,-1725000,-812000
2008/12/11,0,1331000,-2012000,-681000
2008/12/12,0,1401000,-1675200,-274200
2008/12/15,0,1689000,-1000000,689000
2008/12/16,0,1198000,-1014000,184000
2008/12/17,0,1403000,-1302000,101000
2008/12/18,0,1297000,-883000,414000
2008/12/19,0,1448000,-2092000,-644000
2008/12/22,0,461000,-876000,-415000
2008/12/23,0,378000,-1136000,-758000
2008/12/24,0,206000,-716000,-510000
2008/12/25,0,51000,-121000,-70000
2008/12/26,0,59000,-72000,-13000
2008/12/29,0,491000,-153000,338000
2008/12/30,0,720000,-20000,700000
2008/12/31,0,270000,-438000,-168000
2009/01/01,0,0,0,0
2009/01/02,0,0,0,0
2009/01/05,0,951000,-595007,355993
2009/01/06,0,932266,-1034000,-101734
2009/01/07,0,1141798,-2506000,-1364202
2009/01/08,0,88000,-2005000,-1917000
2009/01/09,0,325000,-660000,-335000
2009/01/12,0,1077334,-845000,232334
2009/01/13,0,1195264,-1148000,47264
2009/01/14,0,2505000,-615000,1890000
2009/01/15,0,1396000,-2282000,-886000
2009/01/16,0,988000,-1260000,-272000
2009/01/19,0,976000,-1211410,-235410
2009/01/20,0,1341000,-842000,499000
2009/01/21,0,1608000,-518000,1090000
2009/01/22,0,0,0,0
2009/01/23,0,0,0,0
2009/01/26,0,0,0,0
2009/01/27,0,0,0,0
2009/01/28,0,0,0,0
2009/01/29,0,0,0,0
2009/01/30,0,0,0,0
2009/02/02,0,2542000,-2931572,-389572
2009/02/03,0,570000,-399420,170580
2009/02/04,0,1063000,-354000,709000
2009/02/05,0,831000,-429000,402000
2009/02/06,0,1504000,-794000,710000
2009/02/09,0,114000,-551000,-437000
2009/02/10,0,657662,-751000,-93338
2009/02/11,0,480000,-392925,87075
2009/02/12,0,866000,-1428000,-562000
2009/02/13,0,372000,-1141000,-769000
2009/02/16,0,96000,-1308000,-1212000
2009/02/17,0,248000,-1591526,-1343526
2009/02/18,0,1000000,-1312000,-312000
2009/02/19,0,961000,-1334700,-373700
2009/02/20,0,262709,-574709,-312000
2009/02/23,0,927000,-1225000,-298000
2009/02/24,0,209000,-1777360,-1568360
2009/02/25,0,1289000,-2193990,-904990
2009/02/26,0,1847500,-2795190,-947690
2009/02/27,0,1093000,-2321611,-1228611
2009/03/02,0,1612000,-2486648,-874648
2009/03/03,0,1398000,-4210000,-2812000
2009/03/04,0,770000,-1825000,-1055000
2009/03/05,0,1055000,-1855000,-800000
2009/03/06,0,441500,-1057000,-615500
2009/03/09,0,439000,-2561000,-2122000
2009/03/10,0,453000,-1741444,-1288444
2009/03/11,0,1584599,-713000,871599
2009/03/12,0,3076000,-331000,2745000
2009/03/13,0,2368000,-236000,2132000
2009/03/16,0,582000,-558000,24000
2009/03/17,0,368000,-365000,3000
2009/03/18,0,683000,-976453,-293453
2009/03/19,0,460000,-874000,-414000
2009/03/20,0,942000,-249000,693000
2009/03/23,0,773000,-691000,82000
2009/03/24,0,1489510,-4240000,-2750490
2009/03/25,0,1105000,-903170,201830
2009/03/26,0,974000,-2395000,-1421000
2009/03/27,0,353000,-954000,-601000
2009/03/30,0,773000,-1193000,-420000
2009/03/31,0,1118000,-767749,350251
2009/04/01,0,1438000,-444000,994000
2009/04/02,0,3965000,-1397000,2568000
2009/04/03,0,718000,-1739000,-1021000
2009/04/06,0,1205000,-2398000,-1193000
2009/04/07,0,198000,-2266000,-2068000
2009/04/08,0,1567000,-4163662,-2596662
2009/04/09,0,1885000,-781000,1104000
2009/04/10,0,1995000,-1459000,536000
2009/04/13,0,3853000,-2432000,1421000
2009/04/14,0,562817,-421000,141817
2009/04/15,0,849000,-401000,448000
2009/04/16,0,1493000,-2620000,-1127000
2009/04/17,0,1447452,-2524000,-1076548
2009/04/20,0,862000,-2396000,-1534000
2009/04/21,0,1634000,-421000,1213000
2009/04/22,0,1071000,-1394000,-323000
2009/04/23,0,427000,-843631,-416631
2009/04/24,0,519000,-1968000,-1449000
2009/04/27,0,345354,-1020963,-675609
2009/04/28,0,750000,-1196000,-446000
2009/04/29,0,1028000,-1673732,-645732
2009/04/30,0,3630133,-347000,3283133
2009/05/01,0,0,0,0
2009/05/04,0,7812666,-2050666,5762000
2009/05/05,0,2870000,-2412000,458000
2009/05/06,0,3302000,-3377000,-75000
2009/05/07,0,1553000,-1038000,515000
2009/05/08,0,2779000,-921000,1858000
2009/05/11,0,3827000,-752029,3074971
2009/05/12,0,1437671,-686000,751671
2009/05/13,0,1019000,-908000,111000
2009/05/14,0,922000,-867000,55000
2009/05/15,0,1431000,-661993,769007
2009/05/18,0,1467000,-1154289,312711
2009/05/19,0,2897000,-462000,2435000
2009/05/20,0,992000,-1074000,-82000
2009/05/21,0,1127000,-683000,444000
2009/05/22,0,427000,-1276000,-849000
2009/05/25,0,112000,-822857,-710857
2009/05/26,0,1040000,-872000,168000
2009/05/27,0,1574857,-2652088,-1077231
2009/05/28,0,0,0,0
2009/05/29,0,0,0,0
2009/06/01,0,2881000,-3897839,-1016839
2009/06/02,0,433000,-858000,-425000
2009/06/03,0,812322,-842000,-29678
2009/06/04,0,778000,-2119000,-1341000
2009/06/05,0,944459,-1475000,-530541
2009/06/08,0,403000,-1762000,-1359000
2009/06/09,0,1125000,-2984000,-1859000
2009/06/10,0,1691866,-1267000,424866
2009/06/11,0,987000,-595243,391757
2009/06/12,0,2513000,-507680,2005320
2009/06/15,0,1990000,-558000,1432000
2009/06/16,0,2367000,-1326115,1040885
2009/06/17,0,2244000,-356000,1888000
2009/06/18,0,894000,-602000,292000
2009/06/19,0,162000,-734000,-572000
2009/06/22,0,1096000,-259000,837000
2009/06/23,0,185812,-1072000,-886188
2009/06/24,0,2015000,-531000,1484000
2009/06/25,0,363000,-255000,108000
2009/06/26,0,80000,-161000,-81000
2009/06/29,0,861000,-925000,-64000
2009/06/30,0,737000,-650627,86373
2009/07/01,0,273000,-361000,-88000
2009/07/02,0,525000,-473000,52000
2009/07/03,0,331507,-397000,-65493
2009/07/06,0,28000,-565000,-537000
2009/07/07,0,373000,-696850,-323850
2009/07/08,0,152000,-1345122,-1193122
2009/07/09,0,320358,-1397000,-1076642
2009/07/10,0,395000,-901000,-506000
2009/07/13,0,964000,-2089000,-1125000
2009/07/14,0,675000,-1040500,-365500
2009/07/15,0,614000,-394000,220000
2009/07/16,0,554000,-377000,177000
2009/07/17,0,581000,-62506,518494
2009/07/20,0,620000,-214000,406000
2009/07/21,0,344000,-277507,66493
2009/07/22,0,513000,-85882,427118
2009/07/23,0,433000,-1423860,-990860
2009/07/24,0,1021600,-844020,177580
2009/07/27,0,215000,-319000,-104000
2009/07/28,0,1199000,-1710165,-511165
2009/07/29,0,978705,-84000,894705
2009/07/30,0,964000,-385000,579000
2009/07/31,0,706000,-757000,-51000
2009/08/03,0,136000,-241000,-105000
2009/08/04,0,2129000,-1049000,1080000
2009/08/05,0,740000,-946000,-206000
2009/08/06,0,745000,-554000,191000
2009/08/07,0,0,0,0
2009/08/10,0,1152403,-562000,590403
2009/08/11,0,1484300,-1018000,466300
2009/08/12,0,2847000,-4580600,-1733600
2009/08/13,0,1839000,-3041000,-1202000
2009/08/14,0,978000,-501000,477000
2009/08/17,0,1344000,-546601,797399
2009/08/18,0,840000,-371565,468435
2009/08/19,0,1044701,-704000,340701
2009/08/20,0,768627,-1059005,-290378
2009/08/21,0,2240000,-909540,1330460
2009/08/24,0,554000,-247000,307000
2009/08/25,0,709000,-255000,454000
2009/08/26,0,590015,-1216000,-625985
2009/08/27,0,700000,-1379000,-679000
2009/08/28,0,816000,-229000,587000
2009/08/31,0,574000,-800834,-226834
2009/09/01,0,1351000,-846881,504119
2009/09/02,0,1015000,-902000,113000
2009/09/03,0,760000,-525000,235000
2009/09/04,0,896000,-1149000,-253000
2009/09/07,0,919000,-1328824,-409824
2009/09/08,0,1047000,-149000,898000
2009/09/09,0,897000,-290000,607000
2009/09/10,0,1914000,-311980,1602020
2009/09/11,0,591000,-162000,429000
2009/09/14,0,78000,-165000,-87000
2009/09/15,0,513000,-599000,-86000
2009/09/16,0,700000,-1580000,-880000
2009/09/17,0,681518,-191550,489968
2009/09/18,0,477000,-224000,253000
2009/09/21,0,5000,-177000,-172000
2009/09/22,0,244000,-259000,-15000
2009/09/23,0,416000,-227000,189000
2009/09/24,0,140000,-787000,-647000
2009/09/25,0,782180,-254840,527340
2009/09/28,0,1101000,-265000,836000
2009/09/29,0,1608470,-1653000,-44530
2009/09/30,0,1960000,-1634000,326000
2009/10/01,0,1698000,-4727684,-3029684
2009/10/02,0,3969000,-7376157,-3407157
2009/10/05,0,1017000,-3993651,-2976651
2009/10/06,0,2433000,-2142207,290793
2009/10/07,0,2499000,-3802150,-1303150
2009/10/08,0,845300,-124752,720548
2009/10/09,0,318000,-1559299,-1241299
2009/10/12,0,1046000,-883312,162688
2009/10/13,0,997370,-407074,590296
2009/10/14,0,967752,-215240,752512
2009/10/15,0,1283000,-217452,1065548
2009/10/16,0,235000,-84000,151000
2009/10/19,0,174000,-52452,121548
2009/10/20,0,132077,-302000,-169923
2009/10/21,0,238000,-772120,-534120
2009/10/22,0,109000,-2116224,-2007224
2009/10/23,0,473000,-998000,-525000
2009/10/26,0,686000,-2827600,-2141600
2009/10/27,0,1428000,-3447080,-2019080
2009/10/28,0,325000,-3226008,-2901008
2009/10/29,0,1362000,-2590614,-1228614
2009/10/30,0,345000,-1816000,-1471000
2009/11/02,0,959000,-1902344,-943344
2009/11/03,0,1126000,-842000,284000
2009/11/04,0,1320000,-947913,372087
2009/11/05,0,1871000,-1600000,271000
2009/11/06,0,1333000,-937024,395976
2009/11/09,0,1170000,-88848,1081152
2009/11/10,0,930000,-476000,454000
2009/11/11,0,1428000,-744000,684000
2009/11/12,0,620000,-344000,276000
2009/11/13,0,388000,-324789,63211
2009/11/16,0,584000,-62104,521896
2009/11/17,0,1770000,-956560,813440
2009/11/18,0,1500000,-1817000,-317000
2009/11/19,0,1278000,-1562756,-284756
2009/11/20,0,1143000,-1306000,-163000
2009/11/23,0,3261000,-3684072,-423072
2009/11/24,0,741000,-815000,-74000
2009/11/25,0,574000,-867000,-293000
2009/11/26,0,243000,-1192000,-949000
2009/11/27,0,266000,-1105000,-839000
2009/11/30,0,169748,-1092392,-922644
2009/12/01,0,407000,-366000,41000
2009/12/02,0,578000,-99000,479000
2009/12/03,0,199000,-616911,-417911
2009/12/04,0,118000,-788176,-670176
2009/12/07,0,227000,-805816,-578816
2009/12/08,0,176000,-867205,-691205
2009/12/09,0,145000,-2781304,-2636304
2009/12/10,0,1135000,-5230684,-4095684
2009/12/11,0,289000,-2232000,-1943000
2009/12/14,0,302000,-1650000,-1348000
2009/12/15,0,432000,-2504000,-2072000
2009/12/16,0,555000,-5079304,-4524304
2009/12/17,0,739880,-2961008,-2221128
2009/12/18,0,423000,-3029215,-2606215
2009/12/21,0,210000,-594120,-384120
2009/12/22,0,235000,-1383848,-1148848
2009/12/23,0,165000,-1018924,-853924
2009/12/24,0,552000,-1607216,-1055216
2009/12/25,0,147000,-14000,133000
2009/12/28,0,473000,-756000,-283000
2009/12/29,0,78000,-1386888,-1308888
2009/12/30,0,1212000,-1333056,-121056
2009/12/31,0,812000,-383000,429000
2010/01/01,0,0,0,0
2010/01/04,0,1073000,-1261000,-188000
2010/01/05,0,261000,-387000,-126000
2010/01/06,0,253000,-151363,101637
2010/01/07,0,695000,-191604,503396
2010/01/08,0,550100,-70000,480100
2010/01/11,0,176000,-358000,-182000
2010/01/12,0,1604000,-2590400,-986400
2010/01/13,0,35000,-356486,-321486
2010/01/14,0,219000,-544102,-325102
2010/01/15,0,156000,-2139000,-1983000
2010/01/18,0,103000,-311000,-208000
2010/01/19,0,56000,-581270,-525270
2010/01/20,0,205000,-538000,-333000
2010/01/21,0,1053000,-1504000,-451000
2010/01/22,0,717000,-1062000,-345000
2010/01/25,0,60450,-819000,-758550
2010/01/26,0,18000,-3281048,-3263048
2010/01/27,0,210000,-624628,-414628
2010/01/28,0,62381,-1708000,-1645619
2010/01/29,0,293000,-1083230,-790230
2010/02/01,0,1021000,-935880,85120
2010/02/02,0,3460000,-1916260,1543740
2010/02/03,0,362940,-684344,-321404
2010/02/04,0,1077000,-498000,579000
2010/02/05,0,425000,-1775100,-1350100
2010/02/08,0,17000,-1696487,-1679487
2010/02/09,0,1550000,-3171680,-1621680
2010/02/10,0,658000,-3915720,-3257720
2010/02/11,0,0,0,0
2010/02/12,0,0,0,0
2010/02/15,0,0,0,0
2010/02/16,0,0,0,0
2010/02/17,0,0,0,0
2010/02/18,0,0,0,0
2010/02/19,0,0,0,0
2010/02/22,0,3303000,-1329408,1973592
2010/02/23,0,702000,-620000,82000
2010/02/24,0,2221000,-802000,1419000
2010/02/25,0,1680104,-671000,1009104
2010/02/26,0,885000,-956822,-71822
2010/03/01,0,1294832,-1738000,-443168
2010/03/02,0,1264000,-1066000,198000
2010/03/03,0,722000,-329000,393000
2010/03/04,0,506000,-393992,112008
2010/03/05,0,900000,-197568,702432
2010/03/08,0,262050,-2000,260050
2010/03/09,0,780350,-284000,496350
2010/03/10,0,501000,-1868192,-1367192
2010/03/11,0,133000,-197000,-64000
2010/03/12,0,740000,-133000,607000
2010/03/15,0,92000,-294000,-202000
2010/03/16,0,509000,-240000,269000
2010/03/17,0,1556000,-1530960,25040
2010/03/18,0,911000,-1483496,-572496
2010/03/19,0,184000,-10000,174000
2010/03/22,0,106000,-445416,-339416
2010/03/23,0,228000,-217000,11000
2010/03/24,0,952088,-80000,872088
2010/03/25,0,1491000,-1202000,289000
2010/03/26,0,540000,-475000,65000
2010/03/29,0,523000,-34000,489000
2010/03/30,0,1953920,-380000,1573920
2010/03/31,0,1361000,-156142,1204858
2010/04/01,0,1440000,-74690,1365310
2010/04/02,0,1087000,-736000,351000
2010/04/05,0,0,0,0
2010/04/06,0,808000,-26000,782000
2010/04/07,0,1241320,-382000,859320
2010/04/08,0,884000,-944816,-60816
2010/04/09,0,1007000,-432570,574430
2010/04/12,0,643300,-90712,552588
2010/04/13,0,1203000,-230050,972950
2010/04/14,0,2024000,-180040,1843960
2010/04/15,0,757000,-1111120,-354120
2010/04/16,0,1855770,-329000,1526770
2010/04/19,0,850000,-513000,337000
2010/04/20,0,1914000,-625000,1289000
2010/04/21,0,336000,-381520,-45520
2010/04/22,0,365000,-544600,-179600
2010/04/23,0,1096000,-348000,748000
2010/04/26,0,1023000,-82000,941000
2010/04/27,0,2939216,-509032,2430184
2010/04/28,0,4572000,-719140,3852860
2010/04/29,0,3532000,-719000,2813000
2010/04/30,0,2998000,-416768,2581232
2010/05/03,0,214000,-1099000,-885000
2010/05/04,0,919000,-1037000,-118000
2010/05/05,0,2133768,-1385528,748240
2010/05/06,0,4231688,-3210726,1020962
2010/05/07,0,3129000,-5280308,-2151308
2010/05/10,0,2308240,-2167406,140834
2010/05/11,0,3701000,-2649000,1052000
2010/05/12,0,4092000,-4094791,-2791
2010/05/13,0,854000,-108000,746000
2010/05/14,0,837000,-97000,740000
2010/05/17,0,2862000,-431000,2431000
2010/05/18,0,2828000,-238000,2590000
2010/05/19,0,2702000,-463000,2239000
2010/05/20,0,2488000,-492000,1996000
2010/05/21,0,1561000,-508440,1052560
2010/05/24,0,2946100,-1063840,1882260
2010/05/25,0,3052000,-881168,2170832
2010/05/26,0,1002600,-696840,305760
2010/05/27,0,1510070,-683250,826820
2010/05/28,0,1472000,-922000,550000
2010/05/31,0,1328000,-254000,1074000
2010/06/01,0,1411000,-1517000,-106000
2010/06/02,0,1555930,-1607000,-51070
2010/06/03,0,1820000,-981000,839000
2010/06/04,0,1206000,-288000,918000
2010/06/07,0,1911000,-1083944,827056
2010/06/08,0,2005000,-1062305,942695
2010/06/09,0,4301000,-1548072,2752928
2010/06/10,0,1412000,-188000,1224000
2010/06/11,0,2890888,-18000,2872888
2010/06/14,0,1633888,-1038176,595712
2010/06/15,0,1527776,-1097270,430506
2010/06/16,0,0,0,0
2010/06/17,0,1923528,-336564,1586964
2010/06/18,0,482711,-143000,339711
2010/06/21,0,1909704,-666015,1243689
2010/06/22,0,1600611,-94000,1506611
2010/06/23,0,669696,-208410,461286
2010/06/24,0,376028,-260160,115868
2010/06/25,0,377000,-324935,52065
2010/06/28,0,431000,-581000,-150000
2010/06/29,0,531000,-861592,-330592
2010/06/30,0,1826000,-1071984,754016
2010/07/01,0,203000,-866000,-663000
2010/07/02,0,730000,-564220,165780
2010/07/05,0,520511,-998000,-477489
2010/07/06,0,704000,-2332720,-1628720
2010/07/07,0,865006,-2053000,-1187994
2010/07/08,0,1904000,-276832,1627168
2010/07/09,0,787000,-105864,681136
2010/07/12,0,1033000,-201960,831040
2010/07/13,0,724000,-718100,5900
2010/07/14,0,1948408,-186000,1762408
2010/07/15,0,2817000,-1454000,1363000
2010/07/16,0,3019366,-2630940,388426
2010/07/19,0,763000,-1034000,-271000
2010/07/20,0,2098281,-1544000,554281
2010/07/21,0,1533160,-2440168,-907008
2010/07/22,0,925049,-985000,-59951
2010/07/23,0,1222000,-2050000,-828000
2010/07/26,0,320560,-914984,-594424
2010/07/27,0,608423,-549000,59423
2010/07/28,0,803000,-595000,208000
2010/07/29,0,1075000,-608838,466162
2010/07/30,0,574402,-776000,-201598
2010/08/02,0,1121000,-1516000,-395000
2010/08/03,0,898000,-28000,870000
2010/08/04,0,1418000,-423000,995000
2010/08/05,0,978000,-849000,129000
2010/08/06,0,1093000,-714000,379000
2010/08/09,0,1966000,-408000,1558000
2010/08/10,0,1238000,-732136,505864
2010/08/11,0,1308000,-910744,397256
2010/08/12,0,1472000,-653000,819000
2010/08/13,0,731610,-776000,-44390
2010/08/16,0,1199000,-235404,963596
2010/08/17,0,1921000,-325000,1596000
2010/08/18,0,2430000,-794000,1636000
2010/08/19,0,809000,-1228320,-419320
2010/08/20,0,378000,-346000,32000
2010/08/23,0,1069000,-953000,116000
2010/08/24,0,1737136,-630000,1107136
2010/08/25,0,1766000,-1546000,220000
2010/08/26,0,1367000,-2994000,-1627000
2010/08/27,0,1135000,-1377416,-242416
2010/08/30,0,1152845,-601000,551845
2010/08/31,0,2484000,-815643,1668357
2010/09/01,0,3320000,-4582000,-1262000
2010/09/02,0,593000,-1772478,-1179478
2010/09/03,0,1502000,-695000,807000
2010/09/06,0,1181000,-246000,935000
2010/09/07,0,528557,-193938,334619
2010/09/08,0,354780,-561784,-207004
2010/09/09,0,1162000,-697000,465000
2010/09/10,0,368950,-357208,11742
2010/09/13,0,1981000,-190000,1791000
2010/09/14,0,211000,-1111000,-900000
2010/09/15,0,562688,-805000,-242312
2010/09/16,0,373000,-977399,-604399
2010/09/17,0,2002700,-953000,1049700
2010/09/20,0,725000,-1371000,-646000
2010/09/21,0,1294000,-485000,809000
2010/09/22,0,0,0,0
2010/09/23,0,2854874,-1257512,1597362
2010/09/24,0,2612380,-3369992,-757612
2010/09/27,0,1125220,-1328000,-202780
2010/09/28,0,915270,-801000,114270
2010/09/29,0,814000,-2061193,-1247193
2010/09/30,0,835000,-370000,465000
2010/10/01,0,173220,-306000,-132780
2010/10/04,0,679120,-118000,561120
2010/10/05,0,575160,-346495,228665
2010/10/06,0,951483,-39000,912483
2010/10/07,0,669910,-829000,-159090
2010/10/08,0,705730,-1189000,-483270
2010/10/11,0,937530,-1192000,-254470
2010/10/12,0,2586850,-2300560,286290
2010/10/13,0,1661210,-914000,747210
2010/10/14,0,1229120,-1494000,-264880
2010/10/15,0,448440,-2444000,-1995560
2010/10/18,0,714000,-1607000,-893000
2010/10/19,0,541760,-3845888,-3304128
2010/10/20,0,1312000,-1784000,-472000
2010/10/21,0,547000,-904124,-357124
2010/10/22,0,127000,-560001,-433001
2010/10/25,0,590000,-659000,-69000
2010/10/26,0,230729,-2041000,-1810271
2010/10/27,0,356330,-1250641,-894311
2010/10/28,0,1680917,-2350000,-669083
2010/10/29,0,1719000,-1798000,-79000
2010/11/01,0,745000,-975000,-230000
2010/11/02,0,939000,-842000,97000
2010/11/03,0,1043000,-479000,564000
2010/11/04,0,487000,-954000,-467000
2010/11/05,0,492000,-1097889,-605889
2010/11/08,0,745000,-141248,603752
2010/11/09,0,1181000,-303000,878000
2010/11/10,0,340000,-345790,-5790
2010/11/11,0,428000,-480530,-52530
2010/11/12,0,88000,-215000,-127000
2010/11/15,0,565978,-1201000,-635022
2010/11/16,0,341000,-1463000,-1122000
2010/11/17,0,692000,-2392000,-1700000
2010/11/18,0,475000,-1370180,-895180
2010/11/19,0,1974180,-419000,1555180
2010/11/22,0,447500,-72000,375500
2010/11/23,0,1523310,-789983,733327
2010/11/24,0,1068000,-1693400,-625400
2010/11/25,0,826000,-1159000,-333000
2010/11/26,0,678000,-2378850,-1700850
2010/11/29,0,245000,-441688,-196688
2010/11/30,0,805363,-655637,149726
2010/12/01,0,1448000,-754000,694000
2010/12/02,0,3837000,-43982,3793018
2010/12/03,0,3424000,-720000,2704000
2010/12/06,0,2284000,-261000,2023000
2010/12/07,0,2053850,-283000,1770850
2010/12/08,0,2681000,-2213888,467112
2010/12/09,0,1657000,-634000,1023000
2010/12/10,0,1367800,-383000,984800
2010/12/13,0,941000,-68000,873000
2010/12/14,0,372000,-515000,-143000
2010/12/15,0,1146000,-765000,381000
2010/12/16,0,735000,-1834000,-1099000
2010/12/17,0,961000,-309000,652000
2010/12/20,0,658070,-215584,442486
2010/12/21,0,530659,-377000,153659
2010/12/22,0,165000,-238070,-73070
2010/12/23,0,357000,-106000,251000
2010/12/24,0,524000,-28000,496000
2010/12/27,0,429000,-3000,426000
2010/12/28,0,339000,-155000,184000
2010/12/29,0,293500,-114000,179500
2010/12/30,0,717000,-299000,418000
2010/12/31,0,406000,-86900,319100
2011/01/03,0,625000,-218000,407000
2011/01/04,0,494000,-1373000,-879000
2011/01/05,0,876000,-970690,-94690
2011/01/06,0,335000,-1308000,-973000
2011/01/07,0,368000,-917000,-549000
2011/01/10,0,556000,-671000,-115000
2011/01/11,0,399000,-459480,-60480
2011/01/12,0,229000,-342000,-113000
2011/01/13,0,963715,-811000,152715
2011/01/14,0,259000,-1190000,-931000
2011/01/17,0,156542,-306000,-149458
2011/01/18,0,258000,-400120,-142120
2011/01/19,0,642000,-186000,456000
2011/01/20,0,283000,-566000,-283000
2011/01/21,0,178000,-1133745,-955745
2011/01/24,0,258000,-2046000,-1788000
2011/01/25,0,416000,-2295000,-1879000
2011/01/26,0,184000,-1199012,-1015012
2011/01/27,0,178000,-690787,-512787
2011/01/28,0,1106020,-2530000,-1423980
2011/01/31,0,0,0,0
2011/02/01,0,0,0,0
2011/02/02,0,0,0,0
2011/02/03,0,0,0,0
2011/02/04,0,0,0,0
2011/02/07,0,0,0,0
2011/02/08,0,395000,-1503000,-1108000
2011/02/09,0,464000,-305400,158600
2011/02/10,0,1034000,-1147640,-113640
2011/02/11,0,1379000,-1512000,-133000
2011/02/14,0,364000,-1361571,-997571
2011/02/15,0,160000,-663856,-503856
2011/02/16,0,485000,-1332000,-847000
2011/02/17,0,435200,-1437770,-1002570
2011/02/18,0,371000,-571000,-200000
2011/02/21,0,393000,-494000,-101000
2011/02/22,0,1594000,-2069000,-475000
2011/02/23,0,583121,-489010,94111
2011/02/24,0,733000,-604000,129000
2011/02/25,0,496000,-747326,-251326
2011/02/28,0,0,0,0
2011/03/01,0,918000,-310000,608000
2011/03/02,0,514000,-844008,-330008
2011/03/03,0,605000,-193620,411380
2011/03/04,0,1154000,-111000,1043000
2011/03/07,0,451000,-114000,337000
2011/03/08,0,2453000,-343032,2109968
2011/03/09,0,1504000,-220004,1283996
2011/03/10,0,1550000,-291300,1258700
2011/03/11,0,1250000,-403900,846100
2011/03/14,0,1555000,-201000,1354000
2011/03/15,0,4680000,-2021360,2658640
2011/03/16,0,4074000,-1881720,2192280
2011/03/17,0,1195000,-1440060,-245060
2011/03/18,0,1149000,-625588,523412
2011/03/21,0,492000,-458000,34000
2011/03/22,0,825299,-658760,166539
2011/03/23,0,528000,-349000,179000
2011/03/24,0,599000,-755000,-156000
2011/03/25,0,1048000,-403000,645000
2011/03/28,0,501000,-407000,94000
2011/03/29,0,697200,-346000,351200
2011/03/30,0,908000,-85984,822016
2011/03/31,0,1114246,-257975,856271
2011/04/01,0,865196,-556000,309196
2011/04/04,0,0,0,0
2011/04/05,0,0,0,0
2011/04/06,0,1561593,-218352,1343241
2011/04/07,0,686496,-708341,-21845
2011/04/08,0,1462102,-277411,1184691
2011/04/11,0,1665000,-330000,1335000
2011/04/12,0,738426,-1407000,-668574
2011/04/13,0,769000,-726000,43000
2011/04/14,0,1124000,-1326000,-202000
2011/04/15,0,882000,-538000,344000
2011/04/18,0,871000,-644876,226124
2011/04/19,0,2084000,-1271000,813000
2011/04/20,0,1225835,-833951,391884
2011/04/21,0,1560192,-740000,820192
2011/04/22,0,1350000,-232000,1118000
2011/04/25,0,936000,-48000,888000
2011/04/26,0,985077,-466000,519077
2011/04/27,0,761000,-645811,115189
2011/04/28,0,582941,-1369768,-786827
2011/04/29,0,1123564,-1547096,-423532
2011/05/02,0,0,0,0
2011/05/03,0,402000,-488000,-86000
2011/05/04,0,743000,-2269000,-1526000
2011/05/05,0,591000,-1720000,-1129000
2011/05/06,0,206027,-1818141,-1612114
2011/05/09,0,752000,-787365,-35365
2011/05/10,0,763000,-794000,-31000
2011/05/11,0,646000,-899000,-253000
2011/05/12,0,935000,-780900,154100
2011/05/13,0,251000,-1269000,-1018000
2011/05/16,0,970000,-1369300,-399300
2011/05/17,0,479500,-1817000,-1337500
2011/05/18,0,2129000,-1122000,1007000
2011/05/19,0,2968000,-3150016,-182016
2011/05/20,0,1243800,-691000,552800
2011/05/23,0,1553100,-931168,621932
2011/05/24,0,3876000,-685275,3190725
2011/05/25,0,2342100,-509000,1833100
2011/05/26,0,2325000,-902476,1422524
2011/05/27,0,2188000,-871000,1317000
2011/05/30,0,1578197,-2361000,-782803
2011/05/31,0,3068859,-4305000,-1236141
2011/06/01,0,1240660,-2344828,-1104168
2011/06/02,0,2192000,-2032000,160000
2011/06/03,0,674000,-900541,-226541
2011/06/06,0,0,0,0
2011/06/07,0,544000,-925400,-381400
2011/06/08,0,864000,-682050,181950
2011/06/09,0,2035000,-2195884,-160884
2011/06/10,0,1238135,-2206000,-967865
2011/06/13,0,2167000,-2294476,-127476
2011/06/14,0,1362100,-1424000,-61900
2011/06/15,0,1730000,-2417000,-687000
2011/06/16,0,1725096,-1795000,-69904
2011/06/17,0,1462847,-1473000,-10153
2011/06/20,0,398000,-1114171,-716171
2011/06/21,0,768000,-912000,-144000
2011/06/22,0,967000,-1151000,-184000
2011/06/23,0,3623045,-1977521,1645524
2011/06/24,0,1263030,-2015991,-752961
2011/06/27,0,1748100,-1342007,406093
2011/06/28,0,1893000,-1623305,269695
2011/06/29,0,1643000,-1175500,467500
2011/06/30,0,2022000,-1139500,882500
2011/07/01,0,1791659,-767300,1024359
2011/07/04,0,1204119,-982000,222119
2011/07/05,0,1843620,-1330000,513620
2011/07/06,0,1165019,-1340000,-174981
2011/07/07,0,941248,-958000,-16752
2011/07/08,0,1666541,-1331000,335541
2011/07/11,0,728972,-390000,338972
2011/07/12,0,729069,-524130,204939
2011/07/13,0,1003003,-714000,289003
2011/07/14,0,1789952,-2043000,-253048
2011/07/15,0,623690,-486000,137690
2011/07/18,0,1256203,-305000,951203
2011/07/19,0,802000,-780100,21900
2011/07/20,0,1688055,-1188000,500055
2011/07/21,0,782115,-1577000,-794885
2011/07/22,0,1801881,-2174000,-372119
2011/07/25,0,2427326,-3698700,-1271374
2011/07/26,0,3569612,-3403000,166612
2011/07/27,0,2257760,-1912570,345190
2011/07/28,0,2980722,-1917000,1063722
2011/07/29,0,740847,-1380027,-639180
2011/08/01,0,1095010,-875030,219980
2011/08/02,0,1480720,-997000,483720
2011/08/03,0,455002,-1792000,-1336998
2011/08/04,0,839041,-914000,-74959
2011/08/05,0,970470,-1158000,-187530
2011/08/08,0,1602460,-2196000,-593540
2011/08/09,0,1977197,-2490321,-513124
2011/08/10,0,3068000,-4702660,-1634660
2011/08/11,0,2154000,-2688439,-534439
2011/08/12,0,746000,-2595465,-1849465
2011/08/15,0,1923313,-1996000,-72687
2011/08/16,0,596000,-846300,-250300
2011/08/17,0,3025874,-3328800,-302926
2011/08/18,0,722097,-1569000,-846903
2011/08/19,0,1383642,-1070000,313642
2011/08/22,0,988413,-1137000,-148587
2011/08/23,0,2918000,-1681060,1236940
2011/08/24,0,1745331,-1521000,224331
2011/08/25,0,2608757,-1319496,1289261
2011/08/26,0,1402626,-778000,624626
2011/08/29,0,1582000,-186276,1395724
2011/08/30,0,1421806,-451000,970806
2011/08/31,0,1703346,-790100,913246
2011/09/01,0,3250100,-949112,2300988
2011/09/02,0,896372,-839000,57372
2011/09/05,0,243000,-934425,-691425
2011/09/06,0,621875,-2080930,-1459055
2011/09/07,0,1139519,-2143000,-1003481
2011/09/08,0,794687,-1737319,-942632
2011/09/09,0,629000,-1237000,-608000
2011/09/12,0,0,0,0
2011/09/13,0,543995,-1074000,-530005
2011/09/14,0,1153552,-1581083,-427531
2011/09/15,0,867000,-1196103,-329103
2011/09/16,0,1367310,-3275672,-1908362
2011/09/19,0,449105,-1144000,-694895
2011/09/20,0,949891,-2768070,-1818179
2011/09/21,0,1535483,-3507822,-1972339
2011/09/22,0,840006,-952471,-112465
2011/09/23,0,2908007,-5090000,-2181993
2011/09/26,0,3427752,-4532680,-1104928
2011/09/27,0,1979000,-1277644,701356
2011/09/28,0,3922579,-946000,2976579
2011/09/29,0,1314953,-1443800,-128847
2011/09/30,0,2307000,-1090000,1217000
2011/10/03,0,1002022,-2701928,-1699906
2011/10/04,0,1650000,-3246000,-1596000
2011/10/05,0,814000,-505000,309000
2011/10/06,0,1531000,-1096000,435000
2011/10/07,0,1863000,-247000,1616000
2011/10/10,0,0,0,0
2011/10/11,0,1743400,-1696200,47200
2011/10/12,0,1397000,-1134000,263000
2011/10/13,0,1008984,-1561600,-552616
2011/10/14,0,785721,-572116,213605
2011/10/17,0,1235564,-891000,344564
2011/10/18,0,553162,-443000,110162
2011/10/19,0,1113783,-490000,623783
2011/10/20,0,1245421,-705000,540421
2011/10/21,0,544807,-461200,83607
2011/10/24,0,1783688,-96000,1687688
2011/10/25,0,1027571,-775000,252571
2011/10/26,0,599000,-2032000,-1433000
2011/10/27,0,536000,-2239000,-1703000
2011/10/28,0,1200000,-1629000,-429000
2011/10/31,0,1324000,-3373000,-2049000
2011/11/01,0,690000,-1585700,-895700
2011/11/02,0,791000,-1769000,-978000
2011/11/03,0,3393000,-4307400,-914400
2011/11/04,0,1315000,-3180000,-1865000
2011/11/07,0,960100,-2101500,-1141400
2011/11/08,0,380400,-997512,-617112
2011/11/09,0,1743428,-1993000,-249572
2011/11/10,0,1514428,-2770272,-1255844
2011/11/11,0,2437000,-1944000,493000
2011/11/14,0,1798000,-1066100,731900
2011/11/15,0,1220000,-1375648,-155648
2011/11/16,0,1429000,-1500000,-71000
2011/11/17,0,224714,-1473973,-1249259
2011/11/18,0,290000,-2468768,-2178768
2011/11/21,0,288000,-1979593,-1691593
2011/11/22,0,309536,-941000,-631464
2011/11/23,0,1354662,-2255000,-900338
2011/11/24,0,1685132,-2964000,-1278868
2011/11/25,0,747405,-1705928,-958523
2011/11/28,0,898304,-316000,582304
2011/11/29,0,1157233,-931500,225733
2011/11/30,0,2045000,-3753594,-1708594
2011/12/01,0,2752364,-713102,2039262
2011/12/02,0,1565000,-496000,1069000
2011/12/05,0,2583000,-920000,1663000
2011/12/06,0,1595091,-1878900,-283809
2011/12/07,0,3755090,-1450000,2305090
2011/12/08,0,1226000,-666000,560000
2011/12/09,0,1346000,-511000,835000
2011/12/12,0,822000,-309500,512500
2011/12/13,0,1017000,-508000,509000
2011/12/14,0,733364,-288350,445014
2011/12/15,0,536091,-1599800,-1063709
2011/12/16,0,427000,-149100,277900
2011/12/19,0,1164000,-3273709,-2109709
2011/12/20,0,734000,-562300,171700
2011/12/21,0,939000,-727300,211700
2011/12/22,0,442000,-201000,241000
2011/12/23,0,683000,-308000,375000
2011/12/26,0,86000,-144000,-58000
2011/12/27,0,785000,-147000,638000
2011/12/28,0,600000,-283000,317000
2011/12/29,0,761000,-200000,561000
2011/12/30,0,329660,-92000,237660
2012/01/02,0,458000,-159000,299000
2012/01/03,0,798000,-92900,705100
2012/01/04,0,712000,-305000,407000
2012/01/05,0,737182,-825000,-87818
2012/01/06,0,1271571,-1029000,242571
2012/01/09,0,1400000,-1497000,-97000
2012/01/10,0,933000,-1243131,-310131
2012/01/11,0,1029840,-906400,123440
2012/01/12,0,736000,-6682000,-5946000
2012/01/13,0,983000,-3050544,-2067544
2012/01/16,0,1293000,-1901000,-608000
2012/01/17,0,769000,-2179936,-1410936
2012/01/18,0,664000,-1936500,-1272500
2012/01/19,0,0,0,0
2012/01/20,0,0,0,0
2012/01/23,0,0,0,0
2012/01/24,0,0,0,0
2012/01/25,0,0,0,0
2012/01/26,0,0,0,0
2012/01/27,0,0,0,0
2012/01/30,0,3256719,-6250492,-2993773
2012/01/31,0,4131684,-6945267,-2813583
2012/02/01,0,1798000,-5302000,-3504000
2012/02/02,0,1490374,-2785902,-1295528
2012/02/03,0,291000,-4025000,-3734000
2012/02/06,0,929000,-2174360,-1245360
2012/02/07,0,820000,-1017000,-197000
2012/02/08,0,572000,-1435552,-863552
2012/02/09,0,227595,-6110617,-5883022
2012/02/10,0,373000,-7596000,-7223000
2012/02/13,0,583760,-3531000,-2947240
2012/02/14,0,1502286,-2518600,-1016314
2012/02/15,0,776000,-2497000,-1721000
2012/02/16,0,1522020,-4070719,-2548699
2012/02/17,0,1624000,-497445,1126555
2012/02/20,0,936000,-812000,124000
2012/02/21,0,184000,-326000,-142000
2012/02/22,0,500000,-1341693,-841693
2012/02/23,0,482000,-3295000,-2813000
2012/02/24,0,2044900,-2213819,-168919
2012/02/27,0,0,0,0
2012/02/28,0,0,0,0
2012/02/29,0,3809198,-2367325,1441873
2012/03/01,0,3370511,-5035803,-1665292
2012/03/02,0,625116,-409640,215476
2012/03/05,0,986000,-803000,183000
2012/03/06,0,1735170,-1896136,-160966
2012/03/07,0,1157000,-1889844,-732844
2012/03/08,0,3729000,-718136,3010864
2012/03/09,0,1189000,-803000,386000
2012/03/12,0,889000,-538000,351000
2012/03/13,0,1089170,-629000,460170
2012/03/14,0,2695170,-1121395,1573775
2012/03/15,0,354000,-796000,-442000
2012/03/16,0,850050,-2636000,-1785950
2012/03/19,0,176000,-1022000,-846000
2012/03/20,0,2586000,-964000,1622000
2012/03/21,0,715000,-654000,61000
2012/03/22,0,1954000,-454000,1500000
2012/03/23,0,1298340,-1406457,-108117
2012/03/26,0,1150285,-1207000,-56715
2012/03/27,0,2463000,-1224900,1238100
2012/03/28,0,1587000,-266683,1320317
2012/03/29,0,2174000,-1217000,957000
2012/03/30,0,1695564,-385000,1310564
2012/04/02,0,2549000,-509000,2040000
2012/04/03,0,3378837,-615662,2763175
2012/04/04,0,0,0,0
2012/04/05,0,2370000,-1536000,834000
2012/04/06,0,493000,-913000,-420000
2012/04/09,0,694000,-693000,1000
2012/04/10,0,796680,-718050,78630
2012/04/11,0,1738000,-1157952,580048
2012/04/12,0,1599000,-1238768,360232
2012/04/13,0,755380,-512000,243380
2012/04/16,0,543000,-586000,-43000
2012/04/17,0,1552000,-746000,806000
2012/04/18,0,688000,-628000,60000
2012/04/19,0,514000,-182000,332000
2012/04/20,0,582000,-431617,150383
2012/04/23,0,637000,-440000,197000
2012/04/24,0,446000,-390000,56000
2012/04/25,0,801000,-414000,387000
2012/04/26,0,402000,-424768,-22768
2012/04/27,0,200446,-401000,-200554
2012/04/30,0,311000,-360288,-49288
2012/05/01,0,0,0,0
2012/05/02,0,961000,-1140000,-179000
2012/05/03,0,1578000,-275000,1303000
2012/05/04,0,2095000,-640000,1455000
2012/05/07,0,711000,-983710,-272710
2012/05/08,0,49000,-388000,-339000
2012/05/09,0,864000,-893000,-29000
2012/05/10,0,319909,-273440,46469
2012/05/11,0,333182,-761000,-427818
2012/05/14,0,670000,-463544,206456
2012/05/15,0,145844,-519000,-373156
2012/05/16,0,303714,-834000,-530286
2012/05/17,0,322000,-715000,-393000
2012/05/18,0,1584872,-1331000,253872
2012/05/21,0,345000,-511705,-166705
2012/05/22,0,269000,-451825,-182825
2012/05/23,0,98714,-288000,-189286
2012/05/24,0,317000,-606000,-289000
2012/05/25,0,138000,-1152000,-1014000
2012/05/28,0,150000,-26000,124000
2012/05/29,0,437000,-454372,-17372
2012/05/30,0,1208301,-1567117,-358816
2012/05/31,0,2102405,-1653067,449338
2012/06/01,0,457500,-429919,27581
2012/06/04,0,241558,-130000,111558
2012/06/05,0,301696,-657593,-355897
2012/06/06,0,126000,-658000,-532000
2012/06/07,0,551699,-644000,-92301
2012/06/08,0,1667463,-1114137,553326
2012/06/11,0,629750,-708000,-78250
2012/06/12,0,274000,-942000,-668000
2012/06/13,0,450868,-918000,-467132
2012/06/14,0,178819,-506399,-327580
2012/06/15,0,965000,-686640,278360
2012/06/18,0,1111567,-222000,889567
2012/06/19,0,2076420,-645000,1431420
2012/06/20,0,658360,-580000,78360
2012/06/21,0,156721,-263000,-106279
2012/06/22,0,448467,-477000,-28533
2012/06/25,0,346000,-622000,-276000
2012/06/26,0,940000,-191000,749000
2012/06/27,0,943150,-886000,57150
2012/06/28,0,662000,-676000,-14000
2012/06/29,0,1634000,-1118000,516000
2012/07/02,0,657000,-681000,-24000
2012/07/03,0,1855714,-1615000,240714
2012/07/04,0,1759175,-1373138,386037
2012/07/05,0,290000,-471776,-181776
2012/07/06,0,472000,-982000,-510000
2012/07/09,0,445000,-767000,-322000
2012/07/10,0,513000,-233000,280000
2012/07/11,0,499000,-371000,128000
2012/07/12,0,557000,-1359030,-802030
2012/07/13,0,150747,-303856,-153109
2012/07/16,0,318000,-462000,-144000
2012/07/17,0,1149000,-1226000,-77000
2012/07/18,0,510800,-611714,-100914
2012/07/19,0,265000,-801714,-536714
2012/07/20,0,349000,-449281,-100281
2012/07/23,0,379000,-1429000,-1050000
2012/07/24,0,288000,-820714,-532714
2012/07/25,0,505000,-1170000,-665000
2012/07/26,0,481000,-673964,-192964
2012/07/27,0,848000,-588000,260000
2012/07/30,0,628447,-738000,-109553
2012/07/31,0,988000,-923907,64093
2012/08/01,0,2110000,-280000,1830000
2012/08/02,0,0,0,0
2012/08/03,0,1669947,-423026,1246921
2012/08/06,0,1085980,-332000,753980
2012/08/07,0,1747980,-366000,1381980
2012/08/08,0,2723489,-1183000,1540489
2012/08/09,0,2601000,-904000,1697000
2012/08/10,0,3164000,-690000,2474000
2012/08/13,0,1711000,-499000,1212000
2012/08/14,0,1931000,-699559,1231441
2012/08/15,0,1300980,-307000,993980
2012/08/16,0,1227000,-616000,611000
2012/08/17,0,1259000,-1104000,155000
2012/08/20,0,1043000,-921488,121512
2012/08/21,0,1201530,-613000,588530
2012/08/22,0,453287,-316000,137287
2012/08/23,0,520651,-382092,138559
2012/08/24,0,271000,-730000,-459000
2012/08/27,0,277000,-188000,89000
2012/08/28,0,144668,-468000,-323332
2012/08/29,0,432000,-228000,204000
2012/08/30,0,680000,-994000,-314000
2012/08/31,0,221158,-685917,-464759
2012/09/03,0,197000,-1265000,-1068000
2012/09/04,0,78000,-594000,-516000
2012/09/05,0,55448,-703549,-648101
2012/09/06,0,38000,-905000,-867000
2012/09/07,0,60000,-403356,-343356
2012/09/10,0,142000,-765000,-623000
2012/09/11,0,345000,-1134000,-789000
2012/09/12,0,323000,-847354,-524354
2012/09/13,0,702000,-653000,49000
2012/09/14,0,2144000,-1625840,518160
2012/09/17,0,768000,-622106,145894
2012/09/18,0,350000,-538000,-188000
2012/09/19,0,753000,-544000,209000
2012/09/20,0,473000,-743000,-270000
2012/09/21,0,685000,-1249000,-564000
2012/09/24,0,535000,-740000,-205000
2012/09/25,0,649000,-749000,-100000
2012/09/26,0,412000,-375925,36075
2012/09/27,0,1107000,-1044945,62055
2012/09/28,0,762000,-552254,209746
2012/10/01,0,144000,-356000,-212000
2012/10/02,0,664000,-611000,53000
2012/10/03,0,206000,-616000,-410000
2012/10/04,0,298000,-1683000,-1385000
2012/10/05,0,247000,-1205000,-958000
2012/10/08,0,315600,-765000,-449400
2012/10/09,0,713000,-722000,-9000
2012/10/10,0,0,0,0
2012/10/11,0,299950,-1533000,-1233050
2012/10/12,0,345320,-800000,-454680
2012/10/15,0,197750,-396000,-198250
2012/10/16,0,513000,-1310000,-797000
2012/10/17,0,1277000,-1137000,140000
2012/10/18,0,564000,-1999000,-1435000
2012/10/19,0,592000,-2352000,-1760000
2012/10/22,0,457000,-1937047,-1480047
2012/10/23,0,343700,-1289224,-945524
2012/10/24,0,953000,-2566094,-1613094
2012/10/25,0,589000,-2302000,-1713000
2012/10/26,0,446000,-1352000,-906000
2012/10/29,0,953100,-1020000,-66900
2012/10/30,0,882248,-2545512,-1663264
2012/10/31,0,427000,-728500,-301500
2012/11/01,0,1021000,-3766000,-2745000
2012/11/02,0,1285000,-1011506,273494
2012/11/05,0,823000,-315000,508000
2012/11/06,0,1098000,-326000,772000
2012/11/07,0,625000,-521000,104000
2012/11/08,0,627000,-660000,-33000
2012/11/09,0,369000,-469000,-100000
2012/11/12,0,597280,-489000,108280
2012/11/13,0,677000,-1469000,-792000
2012/11/14,0,735220,-796000,-60780
2012/11/15,0,345490,-726000,-380510
2012/11/16,0,865440,-711000,154440
2012/11/19,0,519000,-529000,-10000
2012/11/20,0,753000,-202000,551000
2012/11/21,0,282000,-716000,-434000
2012/11/22,0,1071050,-1524000,-452950
2012/11/23,0,1063000,-1120000,-57000
2012/11/26,0,513000,-689210,-176210
2012/11/27,0,882000,-459000,423000
2012/11/28,0,628200,-430048,198152
2012/11/29,0,1774000,-781000,993000
2012/11/30,0,1398050,-2719077,-1321027
2012/12/03,0,693000,-337768,355232
2012/12/04,0,1144967,-221000,923967
2012/12/05,0,762000,-111000,651000
2012/12/06,0,808000,-188476,619524
2012/12/07,0,877500,-319000,558500
2012/12/10,0,1725000,-534650,1190350
2012/12/11,0,2538245,-295000,2243245
2012/12/12,0,2035000,-417000,1618000
2012/12/13,0,2018087,-560832,1457255
2012/12/14,0,1300801,-130000,1170801
2012/12/17,0,1207000,-534550,672450
2012/12/18,0,767000,-280000,487000
2012/12/19,0,1183000,-161900,1021100
2012/12/20,0,555000,-818050,-263050
2012/12/21,0,685000,-526154,158846
2012/12/24,0,431000,-264000,167000
2012/12/25,0,535000,-34000,501000
2012/12/26,0,378000,-159000,219000
2012/12/27,0,206118,-185000,21118
2012/12/28,0,368000,-549000,-181000
2012/12/31,0,0,0,0
2013/01/01,0,0,0,0
2013/01/02,0,737000,-1067210,-330210
2013/01/03,0,415000,-378000,37000
2013/01/04,0,471000,-445000,26000
2013/01/07,0,266000,-457550,-191550
2013/01/08,0,414200,-505242,-91042
2013/01/09,0,1175000,-205000,970000
2013/01/10,0,2109000,-201000,1908000
2013/01/11,0,448000,-288000,160000
2013/01/14,0,450000,-406000,44000
2013/01/15,0,1228367,-542000,686367
2013/01/16,0,940000,-378438,561562
2013/01/17,0,1299300,-479506,819794
2013/01/18,0,457000,-195000,262000
2013/01/21,0,350000,-74000,276000
2013/01/22,0,837000,-153337,683663
2013/01/23,0,1673000,-262756,1410244
2013/01/24,0,1224000,-260211,963789
2013/01/25,0,658281,-981000,-322719
2013/01/28,0,950000,-764883,185117
2013/01/29,0,401000,-404000,-3000
2013/01/30,0,737000,-574104,162896
2013/01/31,0,733000,-1314464,-581464
2013/02/01,0,2029416,-1039416,990000
2013/02/04,0,970000,-336553,633447
2013/02/05,0,1023000,-442000,581000
2013/02/06,0,801710,-263000,538710
2013/02/07,0,0,0,0
2013/02/08,0,0,0,0
2013/02/11,0,0,0,0
2013/02/12,0,0,0,0
2013/02/13,0,0,0,0
2013/02/14,0,0,0,0
2013/02/15,0,0,0,0
2013/02/18,0,1888116,-396000,1492116
2013/02/19,0,1970801,-1538137,432664
2013/02/20,0,1152513,-791000,361513
2013/02/21,0,2046908,-452613,1594295
2013/02/22,0,492000,-233000,259000
2013/02/25,0,906000,-431878,474122
2013/02/26,0,849000,-431163,417837
2013/02/27,0,2050000,-874306,1175694
2013/02/28,0,0,0,0
2013/03/01,0,2126000,-837760,1288240
2013/03/04,0,2259000,-1055000,1204000
2013/03/05,0,1078000,-499000,579000
2013/03/06,0,399615,-297600,102015
2013/03/07,0,437681,-327793,109888
2013/03/08,0,1042400,-346000,696400
2013/03/11,0,622000,-704960,-82960
2013/03/12,0,431000,-187505,243495
2013/03/13,0,577000,-297200,279800
2013/03/14,0,399000,-469940,-70940
2013/03/15,0,1076393,-981191,95202
2013/03/18,0,427000,-648800,-221800
2013/03/19,0,437000,-662725,-225725
2013/03/20,0,708000,-1146251,-438251
2013/03/21,0,550000,-527000,23000
2013/03/22,0,461323,-373670,87653
2013/03/25,0,825000,-228000,597000
2013/03/26,0,1219000,-512000,707000
2013/03/27,0,917000,-481000,436000
2013/03/28,0,631000,-818000,-187000
2013/03/29,0,1172000,-308000,864000
2013/04/01,0,479443,-2000,477443
2013/04/02,0,977253,-299000,678253
2013/04/03,0,844000,-77000,767000
2013/04/04,0,0,0,0
2013/04/05,0,0,0,0
2013/04/08,0,1081000,-975032,105968
2013/04/09,0,646000,-422338,223662
2013/04/10,0,873000,-607000,266000
2013/04/11,0,1233210,-210000,1023210
2013/04/12,0,2438000,-226000,2212000
2013/04/15,0,1709848,-196730,1513118
2013/04/16,0,2716193,-1316578,1399615
2013/04/17,0,1505000,-866676,638324
2013/04/18,0,714000,-598097,115903
2013/04/19,0,845000,-279900,565100
2013/04/22,0,609000,-276200,332800
2013/04/23,0,605000,-458000,147000
2013/04/24,0,695000,-193000,502000
2013/04/25,0,782576,-473900,308676
2013/04/26,0,1077000,-785900,291100
2013/04/29,0,634000,-425488,208512
2013/04/30,0,945000,-893900,51100
2013/05/01,0,0,0,0
2013/05/02,0,915000,-371396,543604
2013/05/03,0,735000,-145000,590000
2013/05/06,0,707000,-377875,329125
2013/05/07,0,450117,-179800,270317
2013/05/08,0,980714,-171123,809591
2013/05/09,0,443956,-259300,184656
2013/05/10,0,614000,-86000,528000
2013/05/13,0,300000,-322900,-22900
2013/05/14,0,778000,-295000,483000
2013/05/15,0,977000,-442138,534862
2013/05/16,0,1433000,-191000,1242000
2013/05/17,0,371000,-19000,352000
2013/05/20,0,436000,-289000,147000
2013/05/21,0,648000,-187091,460909
2013/05/22,0,436000,-265000,171000
2013/05/23,0,459000,-871000,-412000
2013/05/24,0,644180,-743000,-98820
2013/05/27,0,559668,-283000,276668
2013/05/28,0,551000,-548000,3000
2013/05/29,0,572000,-317000,255000
2013/05/30,0,792660,-862000,-69340
2013/05/31,0,732000,-600163,131837
2013/06/03,0,478000,-433000,45000
2013/06/04,0,500000,-393210,106790
2013/06/05,0,504000,-239363,264637
2013/06/06,0,524688,-511716,12972
2013/06/07,0,599000,-349903,249097
2013/06/10,0,294000,-313000,-19000
2013/06/11,0,701899,-492000,209899
2013/06/12,0,0,0,0
2013/06/13,0,1232000,-1096000,136000
2013/06/14,0,1034000,-505000,529000
2013/06/17,0,1130000,-680381,449619
2013/06/18,0,644000,-614000,30000
2013/06/19,0,445000,-480259,-35259
2013/06/20,0,497000,-467087,29913
2013/06/21,0,2133000,-1594401,538599
2013/06/24,0,2099000,-1534000,565000
2013/06/25,0,1293000,-1069680,223320
2013/06/26,0,2487000,-1874125,612875
2013/06/27,0,1806000,-1526000,280000
2013/06/28,0,2692591,-1629000,1063591
2013/07/01,0,1840000,-1597000,243000
2013/07/02,0,814028,-1196704,-382676
2013/07/03,0,1332399,-857300,475099
2013/07/04,0,520464,-470000,50464
2013/07/05,0,834000,-789000,45000
2013/07/08,0,1598000,-1290000,308000
2013/07/09,0,500000,-778914,-278914
2013/07/10,0,656000,-633000,23000
2013/07/11,0,1052768,-889000,163768
2013/07/12,0,623000,-623000,0
2013/07/15,0,1365328,-968000,397328
2013/07/16,0,1129000,-1180867,-51867
2013/07/17,0,846000,-1258000,-412000
2013/07/18,0,1193000,-757401,435599
2013/07/19,0,1154718,-452739,701979
2013/07/22,0,834364,-503000,331364
2013/07/23,0,1237000,-1324000,-87000
2013/07/24,0,711000,-414000,297000
2013/07/25,0,387000,-893664,-506664
2013/07/26,0,1100000,-972000,128000
2013/07/29,0,663000,-504000,159000
2013/07/30,0,1186000,-1141681,44319
2013/07/31,0,1371020,-563000,808020
2013/08/01,0,1611000,-1818790,-207790
2013/08/02,0,465293,-681000,-215707
2013/08/05,0,343028,-836000,-492972
2013/08/06,0,479000,-773000,-294000
2013/08/07,0,1276000,-863000,413000
2013/08/08,0,1027091,-915790,111301
2013/08/09,0,820000,-876000,-56000
2013/08/12,0,817000,-404000,413000
2013/08/13,0,1846000,-1684000,162000
2013/08/14,0,633946,-1293000,-659054
2013/08/15,0,1130000,-1694948,-564948
2013/08/16,0,1143892,-1184945,-41053
2013/08/19,0,665000,-960000,-295000
2013/08/20,0,1290286,-1281286,9000
2013/08/21,0,0,0,0
2013/08/22,0,2166286,-1780848,385438
2013/08/23,0,1509000,-1088000,421000
2013/08/26,0,660000,-809000,-149000
2013/08/27,0,447000,-526000,-79000
2013/08/28,0,478000,-437000,41000
2013/08/29,0,1307057,-1429300,-122243
2013/08/30,0,1315040,-1653000,-337960
2013/09/02,0,1152000,-1253000,-101000
2013/09/03,0,741500,-901161,-159661
2013/09/04,0,1403000,-1830000,-427000
2013/09/05,0,1416272,-1254000,162272
2013/09/06,0,1048000,-1577000,-529000
2013/09/09,0,1372326,-1371000,1326
2013/09/10,0,1219000,-1366748,-147748
2013/09/11,0,1342000,-1394030,-52030
2013/09/12,0,1323000,-1533469,-210469
2013/09/13,0,683000,-861000,-178000
2013/09/16,0,1145000,-1233000,-88000
2013/09/17,0,1363000,-1540866,-177866
2013/09/18,0,1031352,-1050000,-18648
2013/09/19,0,0,0,0
2013/09/20,0,0,0,0
2013/09/23,0,2798000,-2187000,611000
2013/09/24,0,1851000,-1990296,-139296
2013/09/25,0,1561000,-1711082,-150082
2013/09/26,0,1141000,-1013000,128000
2013/09/27,0,1180000,-1196138,-16138
2013/09/30,0,1972000,-1901386,70614
2013/10/01,0,453000,-754211,-301211
2013/10/02,0,1484680,-1760506,-275826
2013/10/03,0,2056735,-1838000,218735
2013/10/04,0,1163000,-614000,549000
2013/10/07,0,979982,-1389000,-409018
2013/10/08,0,1147000,-773250,373750
2013/10/09,0,912020,-626000,286020
2013/10/10,0,0,0,0
2013/10/11,0,1075923,-1142417,-66494
2013/10/14,0,486000,-488731,-2731
2013/10/15,0,1136000,-1062000,74000
2013/10/16,0,578000,-983000,-405000
2013/10/17,0,810125,-457000,353125
2013/10/18,0,863500,-938000,-74500
2013/10/21,0,668020,-751000,-82980
2013/10/22,0,746000,-590283,155717
2013/10/23,0,1046600,-937000,109600
2013/10/24,0,899875,-572572,327303
2013/10/25,0,471000,-807000,-336000
2013/10/28,0,411000,-524000,-113000
2013/10/29,0,532875,-1022000,-489125
2013/10/30,0,623000,-579893,43107
2013/10/31,0,1360000,-1227658,132342
2013/11/01,0,520000,-500273,19727
2013/11/04,0,263000,-486000,-223000
2013/11/05,0,198250,-447277,-249027
2013/11/06,0,971838,-895636,76202
2013/11/07,0,584000,-575000,9000
2013/11/08,0,792674,-1240000,-447326
2013/11/11,0,471892,-1082000,-610108
2013/11/12,0,705000,-1184000,-479000
2013/11/13,0,611749,-1340000,-728251
2013/11/14,0,1633250,-3151000,-1517750
2013/11/15,0,1191000,-1714898,-523898
2013/11/18,0,1030000,-1072000,-42000
2013/11/19,0,1414000,-1494000,-80000
2013/11/20,0,1057417,-899328,158089
2013/11/21,0,1173000,-1318000,-145000
2013/11/22,0,1246719,-1658035,-411316
2013/11/25,0,1061611,-1687000,-625389
2013/11/26,0,1004000,-1355280,-351280
2013/11/27,0,601002,-563269,37733
2013/11/28,0,675020,-242710,432310
2013/11/29,0,634000,-781000,-147000
2013/12/02,0,613327,-940000,-326673
2013/12/03,0,578075,-881734,-303659
2013/12/04,0,2632000,-2809200,-177200
2013/12/05,0,2574024,-3030786,-456762
2013/12/06,0,2399119,-4456473,-2057354
2013/12/09,0,826865,-565948,260917
2013/12/10,0,491000,-484900,6100
2013/12/11,0,695050,-441262,253788
2013/12/12,0,734410,-515132,219278
2013/12/13,0,401000,-306132,94868
2013/12/16,0,277000,-825233,-548233
2013/12/17,0,1629000,-2190084,-561084
2013/12/18,0,1454000,-2530000,-1076000
2013/12/19,0,702832,-1610982,-908150
2013/12/20,0,546786,-819028,-272242
2013/12/23,0,418170,-408678,9492
2013/12/24,0,358000,-335000,23000
2013/12/25,0,46000,-26000,20000
2013/12/26,0,27000,-60100,-33100
2013/12/27,0,505000,-626000,-121000
2013/12/30,0,456001,-840000,-383999
2013/12/31,0,551000,-615737,-64737
2014/01/02,0,231000,-308000,-77000
2014/01/03,0,141865,-967000,-825135
2014/01/06,0,1433000,-1627287,-194287
2014/01/07,0,1252000,-1855678,-603678
2014/01/08,0,745000,-1076000,-331000
2014/01/09,0,921000,-1418002,-497002
2014/01/10,0,1187000,-1378642,-191642
2014/01/13,0,659000,-1194683,-535683
2014/01/14,0,356238,-836700,-480462
2014/01/15,0,722000,-1516049,-794049
2014/01/16,0,705000,-1719057,-1014057
2014/01/17,0,1061982,-1508000,-446018
2014/01/20,0,473450,-589000,-115550
2014/01/21,0,1044460,-1095766,-51306
2014/01/22,0,2441000,-2228000,213000
2014/01/23,0,1441238,-1686000,-244762
2014/01/24,0,2160000,-1335306,824694
2014/01/27,0,2270000,-1613035,656965
2014/02/05,0,3939470,-5606699,-1667229
2014/02/06,0,2540000,-3568347,-1028347
2014/02/07,0,1436000,-1441304,-5304
2014/02/10,0,1304000,-1910000,-606000
2014/02/11,0,561175,-1455644,-894469
2014/02/12,0,617400,-1730903,-1113503
2014/02/13,0,690045,-2070157,-1380112
2014/02/14,0,1200000,-1890541,-690541
2014/02/17,0,496000,-1362000,-866000
2014/02/18,0,894000,-2480488,-1586488
2014/02/19,0,1024000,-2223192,-1199192
2014/02/20,0,1149000,-2325158,-1176158
2014/02/21,0,1505000,-1959000,-454000
2014/02/24,0,444000,-1806000,-1362000
2014/02/25,0,1139193,-2050500,-911307
2014/02/26,0,2381000,-3335035,-954035
2014/02/27,0,2032000,-3368654,-1336654
2014/03/03,0,1575000,-2443807,-868807
2014/03/04,0,650252,-648000,2252
2014/03/05,0,1204000,-2360000,-1156000
2014/03/06,0,4474965,-2165130,2309835
2014/03/07,0,1024000,-1129000,-105000
2014/03/10,0,829000,-1238028,-409028
2014/03/11,0,902720,-982000,-79280
2014/03/12,0,1069860,-989991,79869
2014/03/13,0,1511000,-1135248,375752
2014/03/14,0,2168000,-1381000,787000
2014/03/17,0,515000,-530000,-15000
2014/03/18,0,1434000,-1279786,154214
2014/03/19,0,2090000,-793296,1296704
2014/03/20,0,2091000,-1049000,1042000
2014/03/21,0,1976000,-1094900,881100
2014/03/24,0,1115000,-358275,756725
2014/03/25,0,3125000,-979000,2146000
2014/03/26,0,1154000,-721100,432900
2014/03/27,0,1289000,-517000,772000
2014/03/28,0,893000,-84000,809000
2014/03/31,0,1273982,-575000,698982
2014/04/01,0,928000,-701763,226237
2014/04/02,0,785000,-683000,102000
2014/04/03,0,2144400,-216000,1928400
2014/04/07,0,958000,-410000,548000
2014/04/08,0,4660029,-3547000,1113029
2014/04/09,0,1125000,-524000,601000
2014/04/10,0,1922550,-1034221,888329
2014/04/11,0,922000,-1023000,-101000
2014/04/14,0,713000,-66000,647000
2014/04/15,0,1321000,-321000,1000000
2014/04/16,0,1126000,-294000,832000
2014/04/17,0,722200,-213000,509200
2014/04/18,0,261000,-243000,18000
2014/04/21,0,206000,-102000,104000
2014/04/22,0,476000,-244000,232000
2014/04/23,0,346000,-296000,50000
2014/04/24,0,373000,-116000,257000
2014/04/25,0,996000,-354500,641500
2014/04/28,0,963000,-771110,191890
2014/04/29,0,3115500,-2849000,266500
2014/04/30,0,3473000,-2840000,633000
2014/05/02,0,2579000,-2376300,202700
2014/05/05,0,206000,-313500,-107500
2014/05/06,0,240000,-297000,-57000
2014/05/07,0,617800,-615000,2800
2014/05/08,0,1182000,-864454,317546
2014/05/09,0,548000,-555440,-7440
2014/05/12,0,1233029,-1231000,2029
2014/05/13,0,1203000,-1056000,147000
2014/05/14,0,1483000,-1258000,225000
2014/05/15,0,303000,-240000,63000
2014/05/16,0,986000,-789000,197000
2014/05/19,0,1349000,-771968,577032
2014/05/20,0,1164000,-983531,180469
2014/05/21,0,2763000,-2119000,644000
2014/05/22,0,819000,-484700,334300
2014/05/23,0,550000,-425300,124700
2014/05/26,0,783350,-239000,544350
2014/05/27,0,263000,-168000,95000
2014/05/28,0,1046000,-1072500,-26500
2014/05/29,0,687000,-420316,266684
2014/05/30,0,2231600,-1033864,1197736
2014/06/03,0,910500,-1898000,-987500
2014/06/04,0,623000,-574000,49000
2014/06/05,0,825200,-1161000,-335800
2014/06/06,0,791600,-540000,251600
2014/06/09,0,277400,-206000,71400
2014/06/10,0,431709,-570000,-138291
2014/06/11,0,1048700,-1406000,-357300
2014/06/12,0,805000,-1486000,-681000
2014/06/13,0,1102400,-1118506,-16106
2014/06/16,0,757000,-641000,116000
2014/06/17,0,807000,-870000,-63000
2014/06/18,0,1323000,-1191000,132000
2014/06/19,0,918391,-934000,-15609
2014/06/20,0,652600,-280055,372545
2014/06/23,0,1323800,-1486154,-162354
2014/06/24,0,1278400,-692288,586112
2014/06/25,0,421000,-367570,53430
2014/06/26,0,726650,-798000,-71350
2014/06/27,0,454900,-187000,267900
2014/06/30,0,410000,-388000,22000
2014/07/01,0,564900,-337000,227900
2014/07/02,0,440057,-355167,84890
2014/07/03,0,683000,-495000,188000
2014/07/04,0,234000,-230000,4000
2014/07/07,0,237012,-153000,84012
2014/07/08,0,292300,-84000,208300
2014/07/09,0,152900,-113744,39156
2014/07/10,0,413045,-310000,103045
2014/07/11,0,688284,-801000,-112716
2014/07/14,0,298000,-175825,122175
2014/07/15,0,493242,-443000,50242
2014/07/16,0,484000,-401000,83000
2014/07/17,0,596572,-385000,211572
2014/07/18,0,404500,-252000,152500
2014/07/21,0,304000,-145000,159000
2014/07/22,0,478000,-252840,225160
2014/07/23,0,0,0,0
2014/07/24,0,646999,-412000,234999
2014/07/25,0,964700,-635544,329156
2014/07/28,0,1017000,-659192,357808
2014/07/29,0,1579400,-931330,648070
2014/07/30,0,1634000,-1673000,-39000
2014/07/31,0,1046900,-1404870,-357970
2014/08/01,0,304000,-467000,-163000
2014/08/04,0,375000,-716400,-341400
2014/08/05,0,395000,-1060904,-665904
2014/08/06,0,1287600,-1294000,-6400
2014/08/07,0,459369,-477095,-17726
2014/08/08,0,497000,-549004,-52004
2014/08/11,0,981300,-1234176,-252876
2014/08/12,0,1693000,-1784540,-91540
2014/08/13,0,798000,-1012600,-214600
2014/08/14,0,358570,-943000,-584430
2014/08/15,0,1540000,-1374000,166000
2014/08/18,0,590700,-835000,-244300
2014/08/19,0,718476,-804562,-86086
2014/08/20,0,553314,-712000,-158686
2014/08/21,0,587000,-588000,-1000
2014/08/22,0,848842,-918000,-69158
2014/08/25,0,225000,-273000,-48000
2014/08/26,0,460361,-600479,-140118
2014/08/27,0,1281000,-860000,421000
2014/08/28,0,310984,-329000,-18016
2014/08/29,0,788800,-657473,131327
2014/09/01,0,591000,-409000,182000
2014/09/02,0,172000,-449609,-277609
2014/09/03,0,666100,-451707,214393
2014/09/04,0,434143,-342000,92143
2014/09/05,0,380000,-279000,101000
2014/09/09,0,339600,-82689,256911
2014/09/10,0,178288,-482000,-303712
2014/09/11,0,398800,-475000,-76200
2014/09/12,0,501570,-321360,180210
2014/09/15,0,563000,-317118,245882
2014/09/16,0,405627,-260000,145627
2014/09/17,0,702000,-720000,-18000
2014/09/18,0,428316,-244000,184316
2014/09/19,0,659000,-873300,-214300
2014/09/22,0,1109000,-1142000,-33000
2014/09/23,0,687000,-527000,160000
2014/09/24,0,1577142,-1298000,279142
2014/09/25,0,567000,-1528523,-961523
2014/09/26,0,555558,-357426,198132
2014/09/29,0,851100,-1058000,-206900
2014/09/30,0,973000,-1120200,-147200
2014/10/01,0,435800,-714073,-278273
2014/10/02,0,1313000,-616000,697000
2014/10/03,0,1259929,-603000,656929
2014/10/06,0,648365,-714000,-65635
2014/10/07,0,1276300,-636440,639860
2014/10/08,0,1273250,-1303000,-29750
2014/10/09,0,602000,-449000,153000
2014/10/13,0,1774000,-1213000,561000
2014/10/14,0,1124000,-490000,634000
2014/10/15,0,1521550,-1376000,145550
2014/10/16,0,1315000,-1450010,-135010
2014/10/17,0,1296000,-876500,419500
2014/10/20,0,905000,-437780,467220
2014/10/21,0,948000,-340000,608000
2014/10/22,0,891229,-548000,343229
2014/10/23,0,190029,-293000,-102971
2014/10/24,0,421000,-307768,113232
2014/10/27,0,742000,-356000,386000
2014/10/28,0,1060000,-357000,703000
2014/10/29,0,780286,-868000,-87714
2014/10/30,0,724903,-746000,-21097
2014/10/31,0,899500,-686000,213500
2014/11/03,0,585000,-371000,214000
2014/11/04,0,1047200,-920718,126482
2014/11/05,0,1083000,-953900,129100
2014/11/06,0,3340300,-2949000,391300
2014/11/07,0,192000,-880000,-688000
2014/11/10,0,659000,-678200,-19200
2014/11/11,0,496400,-1011000,-514600
2014/11/12,0,764300,-911200,-146900
2014/11/13,0,199000,-516500,-317500
2014/11/14,0,463000,-624000,-161000
2014/11/17,0,400000,-486251,-86251
2014/11/18,0,516982,-360063,156919
2014/11/19,0,1129033,-904064,224969
2014/11/20,0,831300,-357000,474300
2014/11/21,0,564000,-257000,307000
2014/11/24,0,944000,-343000,601000
2014/11/25,0,1414994,-883961,531033
2014/11/26,0,512900,-348000,164900
2014/11/27,0,345000,-80000,265000
2014/11/28,0,442000,-359000,83000
2014/12/01,0,530000,-793092,-263092
2014/12/02,0,528000,-1026000,-498000
2014/12/03,0,624868,-247000,377868
2014/12/04,0,541000,-702300,-161300
2014/12/05,0,222104,-199100,23004
2014/12/08,0,561000,-742000,-181000
2014/12/09,0,289959,-474000,-184041
2014/12/10,0,371065,-784000,-412935
2014/12/11,0,720930,-748020,-27090
2014/12/12,0,727820,-799561,-71741
2014/12/15,0,474000,-539000,-65000
2014/12/16,0,306000,-475638,-169638
2014/12/17,0,1356200,-1349151,7049
2014/12/18,0,1275000,-641682,633318
2014/12/19,0,2324800,-1399760,925040
2014/12/22,0,334000,-395000,-61000
2014/12/23,0,394000,-239000,155000
2014/12/24,0,303000,-268000,35000
2014/12/25,0,72000,-80000,-8000
2014/12/26,0,140000,-69000,71000
2014/12/29,0,601300,-357000,244300
2014/12/30,0,334300,-211000,123300
2014/12/31,0,311000,-466000,-155000
2015/01/01,0,0,0,0
2015/01/02,0,0,0,0
2015/01/05,0,599000,-588000,11000
2015/01/06,0,605000,-1376000,-771000
2015/01/07,0,749000,-1088000,-339000
2015/01/08,0,764000,-358600,405400
2015/01/09,0,540000,-564510,-24510
2015/01/12,0,432300,-531000,-98700
2015/01/13,0,1396000,-1422218,-26218
2015/01/14,0,313000,-621000,-308000
2015/01/15,0,326000,-563000,-237000
2015/01/16,0,1127000,-2331862,-1204862
2015/01/19,0,1175000,-882000,293000
2015/01/20,0,752378,-562000,190378
2015/01/21,0,659000,-336690,322310
2015/01/22,0,869000,-893884,-24884
2015/01/23,0,1588000,-1345114,242886
2015/01/26,0,637867,-392691,245176
2015/01/27,0,782000,-721218,60782
2015/01/28,0,659000,-712000,-53000
2015/01/29,0,645000,-691000,-46000
2015/01/30,0,834000,-824000,10000
2015/02/02,0,321121,-355421,-34300
2015/02/03,0,859000,-359828,499172
2015/02/04,0,1122988,-984662,138326
2015/02/05,0,914000,-849020,64980
2015/02/06,0,1095000,-941000,154000
2015/02/09,0,306500,-395000,-88500
2015/02/10,0,664859,-874859,-210000
2015/02/11,0,1319400,-998318,321082
2015/02/12,0,739000,-685000,54000
2015/02/13,0,735000,-687000,48000
2015/02/16,0,0,0,0
2015/02/17,0,0,0,0
2015/02/18,0,0,0,0
2015/02/19,0,0,0,0
2015/02/20,0,0,0,0
2015/02/23,0,0,0,0
2015/02/24,0,1275000,-1206153,68847
2015/02/25,0,1116000,-448000,668000
2015/02/26,0,1856408,-1687414,168994
2015/02/27,0,0,0,0
2015/03/02,0,1157500,-718286,439214
2015/03/03,0,772663,-708000,64663
2015/03/04,0,935000,-447000,488000
2015/03/05,0,693000,-670000,23000
2015/03/06,0,939000,-597500,341500
2015/03/09,0,657769,-1049769,-392000
2015/03/10,0,1060199,-729400,330799
2015/03/11,0,857000,-1004000,-147000
2015/03/12,0,374000,-726000,-352000
2015/03/13,0,397900,-687000,-289100
2015/03/16,0,621000,-1249003,-628003
2015/03/17,0,536000,-230905,305095
2015/03/18,0,1288000,-852333,435667
2015/03/19,0,462000,-568840,-106840
2015/03/20,0,699000,-1051221,-352221
2015/03/23,0,662000,-581000,81000
2015/03/24,0,404029,-479345,-75316
2015/03/25,0,448000,-591000,-143000
2015/03/26,0,1157000,-1789200,-632200
2015/03/27,0,575000,-2694585,-2119585
2015/03/30,0,529000,-1158500,-629500
2015/03/31,0,770000,-1280891,-510891
2015/04/01,0,414000,-1350000,-936000
2015/04/02,0,474816,-1389200,-914384
2015/04/03,0,0,0,0
2015/04/06,0,0,0,0
2015/04/07,0,399000,-1620865,-1221865
2015/04/08,0,1220000,-2643986,-1423986
2015/04/09,0,1486966,-2261200,-774234
2015/04/10,0,1567000,-2377563,-810563
2015/04/13,0,1400000,-1619382,-219382
2015/04/14,0,1495200,-2519788,-1024588
2015/04/15,0,736000,-1859500,-1123500
2015/04/16,0,622000,-971800,-349800
2015/04/17,0,259663,-922000,-662337
2015/04/20,0,2151692,-2837308,-685616
2015/04/21,0,430000,-729000,-299000
2015/04/22,0,1201000,-1421800,-220800
2015/04/23,0,1270000,-1313881,-43881
2015/04/24,0,2018000,-1213000,805000
2015/04/27,0,999000,-1112400,-113400
2015/04/28,0,469000,-557000,-88000
2015/04/29,0,509000,-701000,-192000
2015/04/30,0,936000,-1239500,-303500
2015/05/01,0,0,0,0
2015/05/04,0,518000,-565000,-47000
2015/05/05,0,391000,-566000,-175000
2015/05/06,0,498000,-869000,-371000
2015/05/07,0,219000,-492300,-273300
2015/05/08,0,233029,-519000,-285971
2015/05/11,0,437000,-735000,-298000
2015/05/12,0,999000,-1170665,-171665
2015/05/13,0,718000,-1808000,-1090000
2015/05/14,0,730950,-1341000,-610050
2015/05/15,0,501000,-747000,-246000
2015/05/18,0,673000,-703915,-30915
2015/05/19,0,638029,-978000,-339971
2015/05/20,0,267000,-1620000,-1353000
2015/05/21,0,313000,-1982911,-1669911
2015/05/22,0,1347000,-896000,451000
2015/05/25,0,120000,-752200,-632200
2015/05/26,0,433000,-937000,-504000
2015/05/27,0,390000,-738029,-348029
2015/05/28,0,217000,-1468663,-1251663
2015/05/29,0,1236739,-1664094,-427355
2015/06/01,0,444000,-764000,-320000
2015/06/02,0,326070,-898000,-571930
2015/06/03,0,433000,-1450000,-1017000
2015/06/04,0,539000,-1396000,-857000
2015/06/05,0,740000,-1104000,-364000
2015/06/08,0,917000,-1029114,-112114
2015/06/09,0,247400,-1085573,-838173
2015/06/10,0,322000,-410000,-88000
2015/06/11,0,1012000,-774997,237003
2015/06/12,0,219700,-807000,-587300
2015/06/15,0,110225,-530000,-419775
2015/06/16,0,738000,-1094602,-356602
2015/06/17,0,883000,-1282662,-399662
2015/06/18,0,1015127,-1474141,-459014
2015/06/19,0,0,0,0
2015/06/22,0,1041745,-842251,199494
2015/06/23,0,787000,-962640,-175640
2015/06/24,0,619180,-919529,-300349
2015/06/25,0,880366,-1380500,-500134
2015/06/26,0,744000,-561000,183000
2015/06/29,0,589000,-760120,-171120
2015/06/30,0,860000,-758037,101963
2015/07/01,0,359000,-301143,57857
2015/07/02,0,296072,-432000,-135928
2015/07/03,0,264000,-476000,-212000
2015/07/06,0,458000,-315000,143000
2015/07/07,0,442000,-223000,219000
2015/07/08,0,539000,-981000,-442000
2015/07/09,0,412000,-1287984,-875984
2015/07/10,0,0,0,0
2015/07/13,0,968000,-577896,390104
2015/07/14,0,491000,-593000,-102000
2015/07/15,0,356000,-961089,-605089
2015/07/16,0,321000,-146000,175000
2015/07/17,0,329000,-319000,10000
2015/07/20,0,235785,-569000,-333215
2015/07/21,0,479000,-679000,-200000
2015/07/22,0,366770,-468795,-102025
2015/07/23,0,673147,-479000,194147
2015/07/24,0,253703,-282905,-29202
2015/07/27,0,612000,-661000,-49000
2015/07/28,0,904334,-929000,-24666
2015/07/29,0,1603000,-1676648,-73648
2015/07/30,0,2415000,-761000,1654000
2015/07/31,0,2223188,-1021000,1202188
2015/08/03,0,1428100,-1085000,343100
2015/08/04,0,1270000,-414478,855522
2015/08/05,0,1313150,-464000,849150
2015/08/06,0,1207000,-1148322,58678
2015/08/07,0,574000,-594000,-20000
2015/08/10,0,484000,-280500,203500
2015/08/11,0,839000,-967000,-128000
2015/08/12,0,410000,-526100,-116100
2015/08/13,0,647000,-779189,-132189
2015/08/14,0,385000,-544200,-159200
2015/08/17,0,447703,-418817,28886
2015/08/18,0,234000,-486000,-252000
2015/08/19,0,296105,-777000,-480895
2015/08/20,0,1182000,-1569000,-387000
2015/08/21,0,697000,-1473400,-776400
2015/08/24,0,1539000,-1717000,-178000
2015/08/25,0,1585100,-1926241,-341141
2015/08/26,0,1010000,-1913618,-903618
2015/08/27,0,1015000,-2718000,-1703000
2015/08/28,0,1019000,-2260462,-1241462
2015/08/31,0,1718495,-1501000,217495
2015/09/01,0,722963,-1329270,-606307
2015/09/02,0,768000,-970773,-202773
2015/09/03,0,440000,-704000,-264000
2015/09/04,0,540663,-1458110,-917447
2015/09/07,0,764000,-1365800,-601800
2015/09/08,0,237000,-471000,-234000
2015/09/09,0,814423,-1067000,-252577
2015/09/10,0,431999,-690000,-258001
2015/09/11,0,361000,-574900,-213900
2015/09/14,0,365000,-716000,-351000
2015/09/15,0,275000,-604000,-329000
2015/09/16,0,771000,-1366474,-595474
2015/09/17,0,590000,-858206,-268206
2015/09/18,0,1015029,-1329013,-313984
2015/09/21,0,774000,-1236320,-462320
2015/09/22,0,878000,-775610,102390
2015/09/23,0,789000,-777104,11896
2015/09/24,0,353000,-597200,-244200
2015/09/25,0,623600,-473800,149800
2015/09/28,0,0,0,0
2015/09/29,0,0,0,0
2015/09/30,0,2190129,-2340000,-149871
2015/10/01,0,976498,-484000,492498
2015/10/02,0,1297143,-463000,834143
2015/10/05,0,996580,-1047725,-51145
2015/10/06,0,653000,-384000,269000
2015/10/07,0,686347,-664000,22347
2015/10/08,0,792000,-794313,-2313
2015/10/09,0,0,0,0
2015/10/12,0,1102000,-895200,206800
2015/10/13,0,805703,-704532,101171
2015/10/14,0,726000,-991000,-265000
2015/10/15,0,876000,-420545,455455
2015/10/16,0,403112,-392600,10512
2015/10/19,0,774888,-448310,326578
2015/10/20,0,503000,-443100,59900
2015/10/21,0,1013000,-451000,562000
2015/10/22,0,677000,-762248,-85248
2015/10/23,0,941000,-545000,396000
2015/10/26,0,648000,-574700,73300
2015/10/27,0,512000,-398760,113240
2015/10/28,0,454000,-478699,-24699
2015/10/29,0,282400,-627464,-345064
2015/10/30,0,703000,-768195,-65195
2015/11/02,0,677453,-884000,-206547
2015/11/03,0,548000,-793419,-245419
2015/11/04,0,1036600,-521731,514869
2015/11/05,0,381700,-221475,160225
2015/11/06,0,333000,-1093000,-760000
2015/11/09,0,185143,-399900,-214757
2015/11/10,0,78000,-1163000,-1085000
2015/11/11,0,228046,-696500,-468454
2015/11/12,0,425000,-1382951,-957951
2015/11/13,0,243000,-1979125,-1736125
2015/11/16,0,116000,-1663515,-1547515
2015/11/17,0,167000,-1663000,-1496000
2015/11/18,0,311486,-1093000,-781514
2015/11/19,0,470000,-840698,-370698
2015/11/20,0,623000,-620000,3000
2015/11/23,0,429969,-512947,-82978
2015/11/24,0,196000,-840487,-644487
2015/11/25,0,317176,-536176,-219000
2015/11/26,0,408000,-376176,31824
2015/11/27,0,96000,-315000,-219000
2015/11/30,0,1557539,-2365961,-808422
2015/12/01,0,767000,-645067,121933
2015/12/02,0,317000,-560945,-243945
2015/12/03,0,308000,-521046,-213046
2015/12/04,0,222000,-752280,-530280
2015/12/07,0,438000,-399222,38778
2015/12/08,0,166000,-997056,-831056
2015/12/09,0,138000,-508000,-370000
2015/12/10,0,381000,-1614000,-1233000
2015/12/11,0,879228,-1170685,-291457
2015/12/14,0,257000,-395150,-138150
2015/12/15,0,173327,-390210,-216883
2015/12/16,0,443503,-518088,-74585
2015/12/17,0,746000,-1012195,-266195
2015/12/18,0,595526,-606517,-10991
2015/12/21,0,288504,-493000,-204496
2015/12/22,0,442196,-467000,-24804
2015/12/23,0,286503,-290000,-3497
2015/12/24,0,276000,-162000,114000
2015/12/25,0,123000,-37000,86000
2015/12/28,0,396000,-99000,297000
2015/12/29,0,247000,-159000,88000
2015/12/30,0,166000,-256928,-90928
2015/12/31,0,247000,-117000,130000
2016/01/01,0,0,0,0
2016/01/04,0,332200,-980000,-647800
2016/01/05,0,793614,-923200,-129586
2016/01/06,0,823962,-543000,280962
2016/01/07,0,674761,-1249544,-574783
2016/01/08,0,996000,-1254521,-258521
2016/01/11,0,902070,-1830000,-927930
2016/01/12,0,536000,-706000,-170000
2016/01/13,0,641375,-446008,195367
2016/01/14,0,412703,-652000,-239297
2016/01/15,0,1119000,-818911,300089
2016/01/18,0,1192029,-582000,610029
2016/01/19,0,936000,-256411,679589
2016/01/20,0,1507863,-395000,1112863
2016/01/21,0,1281000,-1386000,-105000
2016/01/22,0,822000,-559000,263000
2016/01/25,0,700000,-664000,36000
2016/01/26,0,1166503,-1221000,-54497
2016/01/27,0,2302000,-370351,1931649
2016/01/28,0,2742450,-618851,2123599
2016/01/29,0,1478767,-1062000,416767
2016/02/01,0,1440503,-773000,667503
2016/02/02,0,2618131,-907456,1710675
2016/02/03,0,1014000,-531574,482426
2016/02/04,0,0,0,0
2016/02/05,0,0,0,0
2016/02/08,0,0,0,0
2016/02/09,0,0,0,0
2016/02/10,0,0,0,0
2016/02/11,0,0,0,0
2016/02/12,0,0,0,0
2016/02/15,0,1868703,-1744513,124190
2016/02/16,0,1263000,-602000,661000
2016/02/17,0,633406,-665000,-31594
2016/02/18,0,1973048,-930880,1042168
2016/02/19,0,831210,-518688,312522
2016/02/22,0,840000,-819000,21000
2016/02/23,0,854216,-530800,323416
2016/02/24,0,537518,-290544,246974
2016/02/25,0,907994,-384000,523994
2016/02/26,0,1214391,-1119157,95234
2016/02/29,0,0,0,0
2016/03/01,0,1072040,-1157724,-85684
2016/03/02,0,1930378,-1202000,728378
2016/03/03,0,1137433,-443000,694433
2016/03/04,0,1326023,-221000,1105023
2016/03/07,0,480824,-545000,-64176
2016/03/08,0,2025000,-2085058,-60058
2016/03/09,0,1869943,-2060000,-190057
2016/03/10,0,833000,-783793,49207
2016/03/11,0,1479000,-1003250,475750
2016/03/14,0,445000,-405000,40000
2016/03/15,0,1177000,-1167200,9800
2016/03/16,0,993000,-520000,473000
2016/03/17,0,1822708,-1157000,665708
2016/03/18,0,1771853,-1889593,-117740
2016/03/21,0,788000,-706625,81375
2016/03/22,0,819000,-1007000,-188000
2016/03/23,0,953000,-742500,210500
2016/03/24,0,1563000,-904452,658548
2016/03/25,0,450000,-311000,139000
2016/03/28,0,608000,-628000,-20000
2016/03/29,0,1156000,-854740,301260
2016/03/30,0,4038600,-2022739,2015861
2016/03/31,0,2620000,-1858700,761300
2016/04/01,0,2836000,-2537056,298944
2016/04/04,0,0,0,0
2016/04/05,0,0,0,0
2016/04/06,0,2479061,-2589000,-109939
2016/04/07,0,1189000,-1519300,-330300
2016/04/08,0,989000,-1008900,-19900
2016/04/11,0,1034000,-1365996,-331996
2016/04/12,0,533000,-575000,-42000
2016/04/13,0,634000,-397000,237000
2016/04/14,0,801000,-706158,94842
2016/04/15,0,688824,-240000,448824
2016/04/18,0,578000,-492000,86000
2016/04/19,0,1660000,-673000,987000
2016/04/20,0,1052971,-998255,54716
2016/04/21,0,846000,-713398,132602
2016/04/22,0,366369,-758843,-392474
2016/04/25,0,298000,-349520,-51520
2016/04/26,0,623959,-680800,-56841
2016/04/27,0,491000,-380800,110200
2016/04/28,0,305000,-1000300,-695300
2016/04/29,0,1210000,-1017513,192487
2016/05/02,0,0,0,0
2016/05/03,0,534900,-918000,-383100
2016/05/04,0,778820,-787012,-8192
2016/05/05,0,465000,-600000,-135000
2016/05/06,0,347056,-735000,-387944
2016/05/09,0,244000,-516000,-272000
2016/05/10,0,254028,-412000,-157972
2016/05/11,0,588600,-691000,-102400
2016/05/12,0,1168000,-738200,429800
2016/05/13,0,1267850,-1317800,-49950
2016/05/16,0,1218642,-1104125,114517
2016/05/17,0,475000,-903317,-428317
2016/05/18,0,724125,-872750,-148625
2016/05/19,0,1289000,-1017002,271998
2016/05/20,0,576000,-744113,-168113
2016/05/23,0,918232,-641000,277232
2016/05/24,0,588528,-614028,-25500
2016/05/25,0,564528,-347000,217528
2016/05/26,0,365000,-434600,-69600
2016/05/27,0,1311000,-967284,343716
2016/05/30,0,793091,-430374,362717
2016/05/31,0,2071066,-1271083,799983
2016/06/01,0,733614,-272000,461614
2016/06/02,0,450828,-628000,-177172
2016/06/03,0,598000,-347700,250300
2016/06/06,0,398200,-258000,140200
2016/06/07,0,1013000,-835829,177171
2016/06/08,0,1388000,-814000,574000
2016/06/09,0,0,0,0
2016/06/10,0,0,0,0
2016/06/13,0,1533000,-2163200,-630200
2016/06/14,0,1183952,-565000,618952
2016/06/15,0,802000,-657419,144581
2016/06/16,0,1278450,-872000,406450
2016/06/17,0,1335000,-859673,475327
2016/06/20,0,472000,-745000,-273000
2016/06/21,0,1100671,-816384,284287
2016/06/22,0,2476436,-752000,1724436
2016/06/23,0,867002,-562000,305002
2016/06/24,0,608025,-1337277,-729252
2016/06/27,0,175000,-219000,-44000
2016/06/28,0,742000,-285223,456777
2016/06/29,0,666600,-563100,103500
2016/06/30,0,826000,-206000,620000
2016/07/01,0,980400,-478500,501900
2016/07/04,0,612000,-502000,110000
2016/07/05,0,334000,-781400,-447400
2016/07/06,0,908000,-1035000,-127000
2016/07/07,0,283000,-264726,18274
2016/07/08,0,0,0,0
2016/07/11,0,1165557,-739000,426557
2016/07/12,0,1106354,-741695,364659
2016/07/13,0,769841,-493800,276041
2016/07/14,0,659228,-403000,256228
2016/07/15,0,762002,-246763,515239
2016/07/18,0,1107000,-273000,834000
2016/07/19,0,1839000,-1168450,670550
2016/07/20,0,990415,-2916808,-1926393
2016/07/21,0,1406902,-1594592,-187690
2016/07/22,0,853000,-719103,133897
2016/07/25,0,417000,-308000,109000
2016/07/26,0,2159000,-482192,1676808
2016/07/27,0,495000,-452000,43000
2016/07/28,0,793000,-504000,289000
2016/07/29,0,920000,-865100,54900
2016/08/01,0,944200,-633000,311200
2016/08/02,0,930308,-1577200,-646892
2016/08/03,0,1101709,-1184200,-82491
2016/08/04,0,750000,-351000,399000
2016/08/05,0,1335522,-369300,966222
2016/08/08,0,689128,-628000,61128
2016/08/09,0,1140015,-312000,828015
2016/08/10,0,1542856,-394000,1148856
2016/08/11,0,1411000,-455000,956000
2016/08/12,0,717000,-378000,339000
2016/08/15,0,713000,-702142,10858
2016/08/16,0,848000,-673000,175000
2016/08/17,0,1112789,-708000,404789
2016/08/18,0,1251000,-949296,301704
2016/08/19,0,915935,-776000,139935
2016/08/22,0,583000,-591240,-8240
2016/08/23,0,1227000,-2253900,-1026900
2016/08/24,0,732557,-303000,429557
2016/08/25,0,429200,-383000,46200
2016/08/26,0,306041,-122655,183386
2016/08/29,0,472000,-861000,-389000
2016/08/30,0,413114,-249000,164114
2016/08/31,0,966188,-758546,207642
2016/09/01,0,408623,-1329168,-920545
2016/09/02,0,1475668,-741000,734668
2016/09/05,0,466000,-412000,54000
2016/09/06,0,913669,-261000,652669
2016/09/07,0,817900,-556000,261900
2016/09/08,0,676000,-222000,454000
2016/09/09,0,811000,-815000,-4000
2016/09/12,0,685333,-1723029,-1037696
2016/09/13,0,816000,-1080000,-264000
2016/09/14,0,818904,-1386431,-567527
2016/09/15,0,0,0,0
2016/09/16,0,0,0,0
2016/09/19,0,813690,-582000,231690
2016/09/20,0,321518,-404800,-83282
2016/09/21,0,637000,-482425,154575
2016/09/22,0,769335,-913000,-143665
2016/09/23,0,787000,-707342,79658
2016/09/26,0,681000,-744000,-63000
2016/09/27,0,0,0,0
2016/09/28,0,0,0,0
2016/09/29,0,1581113,-1456461,124652
2016/09/30,0,1095168,-1321062,-225894
2016/10/03,0,359096,-364000,-4904
2016/10/04,0,628454,-1001442,-372988
2016/10/05,0,606000,-684000,-78000
2016/10/06,0,869432,-1638000,-768568
2016/10/07,0,492362,-381000,111362
2016/10/10,0,0,0,0
2016/10/11,0,1077000,-1318530,-241530
2016/10/12,0,334000,-335358,-1358
2016/10/13,0,971330,-1049000,-77670
2016/10/14,0,476000,-335305,140695
2016/10/17,0,364000,-605402,-241402
2016/10/18,0,806406,-677700,128706
2016/10/19,0,691703,-361000,330703
2016/10/20,0,306740,-273072,33668
2016/10/21,0,400000,-497000,-97000
2016/10/24,0,327000,-787000,-460000
2016/10/25,0,266097,-239000,27097
2016/10/26,0,98389,-501944,-403555
2016/10/27,0,164796,-894000,-729204
2016/10/28,0,436000,-644500,-208500
2016/10/31,0,515141,-1304000,-788859
2016/11/01,0,614260,-803000,-188740
2016/11/02,0,779201,-774156,5045
2016/11/03,0,459000,-395000,64000
2016/11/04,0,415000,-456134,-41134
2016/11/07,0,318000,-332029,-14029
2016/11/08,0,362871,-333500,29371
2016/11/09,0,1635584,-983000,652584
2016/11/10,0,738000,-543034,194966
2016/11/11,0,639000,-1402533,-763533
2016/11/14,0,330266,-1132000,-801734
2016/11/15,0,869297,-766000,103297
2016/11/16,0,1178190,-1422829,-244639
2016/11/17,0,964000,-1071457,-107457
2016/11/18,0,1050000,-1734175,-684175
2016/11/21,0,555000,-1145683,-590683
2016/11/22,0,922000,-690196,231804
2016/11/23,0,985000,-736859,248141
2016/11/24,0,294000,-457000,-163000
2016/11/25,0,713000,-723316,-10316
2016/11/28,0,388000,-569000,-181000
2016/11/29,0,204000,-439316,-235316
2016/11/30,0,1159153,-1346543,-187390
2016/12/01,0,740561,-698402,42159
2016/12/02,0,426000,-947800,-521800
2016/12/05,0,448000,-1024701,-576701
2016/12/06,0,702000,-934240,-232240
2016/12/07,0,777000,-722744,54256
2016/12/08,0,788335,-1023000,-234665
2016/12/09,0,418252,-1599173,-1180921
2016/12/12,0,527400,-1422000,-894600
2016/12/13,0,777703,-1752640,-974937
2016/12/14,0,637610,-810400,-172790
2016/12/15,0,437076,-1243000,-805924
2016/12/16,0,444146,-1352970,-908824
2016/12/19,0,124352,-798000,-673648
2016/12/20,0,171288,-694000,-522712
2016/12/21,0,132704,-407015,-274311
2016/12/22,0,542668,-1204000,-661332
2016/12/23,0,81000,-783459,-702459
2016/12/26,0,35000,-132000,-97000
2016/12/27,0,200000,-283000,-83000
2016/12/28,0,219343,-310000,-90657
2016/12/29,0,447177,-763217,-316040
2016/12/30,0,589000,-352000,237000
2017/01/02,0,0,0,0
2017/01/03,0,311000,-214000,97000
2017/01/04,0,286313,-695000,-408687
2017/01/05,0,1080019,-1108096,-28077
2017/01/06,0,383000,-1636624,-1253624
2017/01/09,0,365402,-801000,-435598
2017/01/10,0,443000,-947000,-504000
2017/01/11,0,612780,-755000,-142220
2017/01/12,0,715000,-185055,529945
2017/01/13,0,681303,-947000,-265697
2017/01/16,0,443000,-764000,-321000
2017/01/17,0,1056717,-600769,455948
2017/01/18,0,528000,-799113,-271113
2017/01/19,0,403000,-922162,-519162
2017/01/20,0,572742,-1618663,-1045921
2017/01/23,0,879616,-1055905,-176289
2017/01/24,0,2543049,-2191832,351217
2017/01/25,0,0,0,0
2017/01/26,0,0,0,0
2017/01/27,0,0,0,0
2017/01/30,0,0,0,0
2017/01/31,0,0,0,0
2017/02/01,0,0,0,0
2017/02/02,0,2669359,-3231829,-562470
2017/02/03,0,945556,-1227615,-282059
2017/02/06,0,320404,-1342141,-1021737
2017/02/07,0,529336,-680946,-151610
2017/02/08,0,439644,-616634,-176990
2017/02/09,0,295712,-628809,-333097
2017/02/10,0,978500,-2063665,-1085165
2017/02/13,0,310402,-918412,-608010
2017/02/14,0,1310000,-2183763,-873763
2017/02/15,0,4592000,-4578768,13232
2017/02/16,0,1462000,-1288600,173400
2017/02/17,0,737000,-1068588,-331588
2017/02/20,0,2617373,-2668000,-50627
2017/02/21,0,588000,-816520,-228520
2017/02/22,0,884000,-1333835,-449835
2017/02/23,0,2342000,-3096500,-754500
2017/02/24,0,999000,-1825228,-826228
2017/02/27,0,0,0,0
2017/02/28,0,0,0,0
2017/03/01,0,838887,-1615156,-776269
2017/03/02,0,2097000,-2188278,-91278
2017/03/03,0,912000,-1834016,-922016
2017/03/06,0,955516,-2204137,-1248621
2017/03/07,0,1029170,-1727003,-697833
2017/03/08,0,1211000,-1516469,-305469
2017/03/09,0,1813000,-3156000,-1343000
2017/03/10,0,1767102,-2074000,-306898
2017/03/13,0,3148938,-1736000,1412938
2017/03/14,0,3160737,-1868873,1291864
2017/03/15,0,1127000,-1443677,-316677
2017/03/16,0,1879929,-783636,1096293
2017/03/17,0,976315,-861878,114437
2017/03/20,0,1265000,-424224,840776
2017/03/21,0,2418134,-836000,1582134
2017/03/22,0,631000,-906796,-275796
2017/03/23,0,727000,-388342,338658
2017/03/24,0,798055,-299279,498776
2017/03/27,0,598000,-261000,337000
2017/03/28,0,1176000,-620000,556000
2017/03/29,0,515702,-591000,-75298
2017/03/30,0,1041500,-844000,197500
2017/03/31,0,2321000,-1785466,535534
2017/04/03,0,0,0,0
2017/04/04,0,0,0,0
2017/04/05,0,2448703,-1017926,1430777
2017/04/06,0,1143365,-1295782,-152417
2017/04/07,0,738663,-652000,86663
2017/04/10,0,449000,-358542,90458
2017/04/11,0,1080000,-510336,569664
2017/04/12,0,1347701,-1037651,310050
2017/04/13,0,412000,-277000,135000
2017/04/14,0,407000,-193244,213756
2017/04/17,0,292000,-151000,141000
2017/04/18,0,668700,-246005,422695
2017/04/19,0,1106000,-661770,444230
2017/04/20,0,1285948,-533000,752948
2017/04/21,0,1170000,-540606,629394
2017/04/24,0,873060,-327195,545865
2017/04/25,0,1476487,-179000,1297487
2017/04/26,0,1760000,-729903,1030097
2017/04/27,0,1309552,-1260439,49113
2017/04/28,0,1080250,-772047,308203
2017/05/01,0,0,0,0
2017/05/02,0,1498000,-1055000,443000
2017/05/03,0,542000,-321038,220962
2017/05/04,0,1181000,-1105156,75844
2017/05/05,0,731814,-590000,141814
2017/05/08,0,1379224,-974175,405049
2017/05/09,0,1268929,-842523,426406
2017/05/10,0,1393154,-374000,1019154
2017/05/11,0,2547184,-773924,1773260
2017/05/12,0,855132,-462739,392393
2017/05/15,0,422809,-371068,51741
2017/05/16,0,1401000,-1019197,381803
2017/05/17,0,544000,-664367,-120367
2017/05/18,0,984474,-867000,117474
2017/05/19,0,952066,-831064,121002
2017/05/22,0,570530,-191885,378645
2017/05/23,0,1522340,-596675,925665
2017/05/24,0,2363479,-1386000,977479
2017/05/25,0,1441825,-1374779,67046
2017/05/26,0,0,0,0
2017/05/29,0,0,0,0
2017/05/30,0,0,0,0
2017/05/31,0,1770219,-1422560,347659
2017/06/01,0,1615676,-339695,1275981
2017/06/02,0,430555,-307105,123450
2017/06/05,0,860896,-628532,232364
2017/06/06,0,586555,-694000,-107445
2017/06/07,0,1263000,-596707,666293
2017/06/08,0,667000,-506000,161000
2017/06/09,0,617000,-608858,8142
2017/06/12,0,755228,-929804,-174576
2017/06/13,0,412000,-272654,139346
2017/06/14,0,742000,-433489,308511
2017/06/15,0,687000,-315000,372000
2017/06/16,0,899664,-908667,-9003
2017/06/19,0,160402,-235000,-74598
2017/06/20,0,332016,-106000,226016
2017/06/21,0,712852,-931805,-218953
2017/06/22,0,581870,-598656,-16786
2017/06/23,0,450000,-446058,3942
2017/06/26,0,1644000,-405000,1239000
2017/06/27,0,1293225,-1372000,-78775
2017/06/28,0,753399,-727000,26399
2017/06/29,0,972000,-707728,264272
2017/06/30,0,581000,-559000,22000
2017/07/03,0,1023029,-985012,38017
2017/07/04,0,724000,-765060,-41060
2017/07/05,0,1598096,-1422000,176096
2017/07/06,0,1092064,-1097000,-4936
2017/07/07,0,830645,-520271,310374
2017/07/10,0,630105,-740958,-110853
2017/07/11,0,1118112,-767117,350995
2017/07/12,0,727000,-859581,-132581
2017/07/13,0,750295,-662491,87804
2017/07/14,0,450325,-441311,9014
2017/07/17,0,323000,-213000,110000
2017/07/18,0,915886,-650000,265886
2017/07/19,0,489000,-359000,130000
2017/07/20,0,153063,-195000,-41937
2017/07/21,0,518070,-351000,167070
2017/07/24,0,1868252,-711000,1157252
2017/07/25,0,1848072,-686742,1161330
2017/07/26,0,2059711,-1174598,885113
2017/07/27,0,0,0,0
2017/07/28,0,3601147,-6406826,-2805679
2017/07/31,0,1888000,-3229117,-1341117
2017/08/01,0,2766000,-4889000,-2123000
2017/08/02,0,1635807,-1944000,-308193
2017/08/03,0,2168000,-3053608,-885608
2017/08/04,0,1947000,-3345191,-1398191
2017/08/07,0,1683952,-1873974,-190022
2017/08/08,0,2109291,-2146000,-36709
2017/08/09,0,1245376,-1558712,-313336
2017/08/10,0,994804,-1119000,-124196
2017/08/11,0,606000,-749000,-143000
2017/08/14,0,813000,-697005,115995
2017/08/15,0,1016000,-876000,140000
2017/08/16,0,1127000,-1272000,-145000
2017/08/17,0,1077000,-1260515,-183515
2017/08/18,0,1397000,-1988000,-591000
