Date,Open,Buy,Sell,Total
2007/01/02,0,0,-5000,-5000
2007/01/03,0,0,-9000,-9000
2007/01/04,0,0,-280000,-280000
2007/01/05,0,0,-50000,-50000
2007/01/08,0,0,-50000,-50000
2007/01/09,0,0,-60000,-60000
2007/01/10,0,1000,-6000,-5000
2007/01/11,0,2000,0,2000
2007/01/12,0,0,-6000,-6000
2007/01/15,0,0,0,0
2007/01/16,0,2000,-77000,-75000
2007/01/17,0,1000,0,1000
2007/01/18,0,0,0,0
2007/01/19,0,0,-2000,-2000
2007/01/22,0,9000,0,9000
2007/01/23,0,0,0,0
2007/01/24,0,6000,0,6000
2007/01/25,0,6000,0,6000
2007/01/26,0,0,0,0
2007/01/29,0,0,-1000,-1000
2007/01/30,0,21000,0,21000
2007/01/31,0,0,0,0
2007/02/01,0,0,0,0
2007/02/02,0,1000,0,1000
2007/02/05,0,12000,0,12000
2007/02/06,0,18000,0,18000
2007/02/07,0,0,0,0
2007/02/08,0,1000,0,1000
2007/02/09,0,0,0,0
2007/02/12,0,0,0,0
2007/02/13,0,0,0,0
2007/02/14,0,0,-10000,-10000
2007/02/15,0,0,0,0
2007/02/16,0,0,0,0
2007/02/19,0,0,0,0
2007/02/20,0,0,0,0
2007/02/21,0,0,0,0
2007/02/22,0,0,0,0
2007/02/23,0,0,0,0
2007/02/26,0,0,0,0
2007/02/27,0,75000,0,75000
2007/02/28,0,0,0,0
2007/03/01,0,0,0,0
2007/03/02,0,185000,0,185000
2007/03/05,0,0,-1000,-1000
2007/03/06,0,0,-4000,-4000
2007/03/07,0,0,-4000,-4000
2007/03/08,0,0,0,0
2007/03/09,0,0,0,0
2007/03/12,0,0,0,0
2007/03/13,0,60000,0,60000
2007/03/14,0,0,-5000,-5000
2007/03/15,0,0,0,0
2007/03/16,0,0,0,0
2007/03/19,0,0,-742,-742
2007/03/20,0,0,-3000,-3000
2007/03/21,0,70000,-1000,69000
2007/03/22,0,90000,0,90000
2007/03/23,0,180000,0,180000
2007/03/26,0,1000,0,1000
2007/03/27,0,0,0,0
2007/03/28,0,0,0,0
2007/03/29,0,0,0,0
2007/03/30,0,0,-4000,-4000
2007/04/02,0,0,-7000,-7000
2007/04/03,0,73000,0,73000
2007/04/04,0,0,0,0
2007/04/05,0,0,0,0
2007/04/06,0,0,0,0
2007/04/09,0,0,-1000,-1000
2007/04/10,0,0,0,0
2007/04/11,0,87000,0,87000
2007/04/12,0,26000,-2000,24000
2007/04/13,0,30000,-1000,29000
2007/04/16,0,0,-5000,-5000
2007/04/17,0,30000,0,30000
2007/04/18,0,20000,0,20000
2007/04/19,0,100000,0,100000
2007/04/20,0,20000,0,20000
2007/04/23,0,1000,0,1000
2007/04/24,0,5000,-6000,-1000
2007/04/25,0,55000,0,55000
2007/04/26,0,13000,0,13000
2007/04/27,0,13000,0,13000
2007/04/30,0,15000,0,15000
2007/05/01,0,0,0,0
2007/05/02,0,25000,0,25000
2007/05/03,0,15000,0,15000
2007/05/04,0,0,-18000,-18000
2007/05/07,0,0,0,0
2007/05/08,0,0,0,0
2007/05/09,0,10000,0,10000
2007/05/10,0,0,-3000,-3000
2007/05/11,0,50000,0,50000
2007/05/14,0,15000,0,15000
2007/05/15,0,17000,0,17000
2007/05/16,0,10000,-4000,6000
2007/05/17,0,0,-1000,-1000
2007/05/18,0,23000,0,23000
2007/05/21,0,0,0,0
2007/05/22,0,1000,0,1000
2007/05/23,0,5000,0,5000
2007/05/24,0,10000,0,10000
2007/05/25,0,33000,0,33000
2007/05/28,0,0,0,0
2007/05/29,0,0,0,0
2007/05/30,0,0,-130000,-130000
2007/05/31,0,50000,0,50000
2007/06/01,0,10000,0,10000
2007/06/04,0,0,0,0
2007/06/05,0,35000,-5000,30000
2007/06/06,0,1000,0,1000
2007/06/07,0,0,0,0
2007/06/08,0,0,0,0
2007/06/11,0,0,-203000,-203000
2007/06/12,0,0,-157000,-157000
2007/06/13,0,0,-2000,-2000
2007/06/14,0,0,0,0
2007/06/15,0,0,0,0
2007/06/18,0,0,0,0
2007/06/19,0,0,0,0
2007/06/20,0,0,-1000,-1000
2007/06/21,0,0,0,0
2007/06/22,0,0,-20000,-20000
2007/06/25,0,0,0,0
2007/06/26,0,12000,-4000,8000
2007/06/27,0,0,-76000,-76000
2007/06/28,0,20000,0,20000
2007/06/29,0,0,0,0
2007/07/02,0,0,0,0
2007/07/03,0,0,-1000,-1000
2007/07/04,0,0,0,0
2007/07/05,0,0,-13000,-13000
2007/07/06,0,8000,0,8000
2007/07/09,0,0,-1000,-1000
2007/07/10,0,0,0,0
2007/07/11,0,0,0,0
2007/07/12,0,0,-183000,-183000
2007/07/13,0,0,-50000,-50000
2007/07/16,0,0,-55000,-55000
2007/07/17,0,0,-1000,-1000
2007/07/18,0,2000,-98000,-96000
2007/07/19,0,136000,-50000,86000
2007/07/20,0,1316000,-210000,1106000
2007/07/23,0,0,-75993,-75993
2007/07/24,0,1000,-63000,-62000
2007/07/25,0,0,0,0
2007/07/26,0,3000,0,3000
2007/07/27,0,1000,0,1000
2007/07/30,0,0,0,0
2007/07/31,0,0,0,0
2007/08/01,0,0,-4000,-4000
2007/08/02,0,1000,0,1000
2007/08/03,0,2000,0,2000
2007/08/06,0,3000,0,3000
2007/08/07,0,2000,0,2000
2007/08/08,0,5000,0,5000
2007/08/09,0,1000,0,1000
2007/08/10,0,9000,-41000,-32000
2007/08/13,0,2000,0,2000
2007/08/14,0,0,0,0
2007/08/15,0,1000,0,1000
2007/08/16,0,6000,0,6000
2007/08/17,0,3000,0,3000
2007/08/20,0,3000,0,3000
2007/08/21,0,0,0,0
2007/08/22,0,37000,0,37000
2007/08/23,0,0,0,0
2007/08/24,0,0,-53000,-53000
2007/08/27,0,0,-2000,-2000
2007/08/28,0,0,0,0
2007/08/29,0,0,0,0
2007/08/30,0,0,0,0
2007/08/31,0,0,-5000,-5000
2007/09/03,0,33000,0,33000
2007/09/04,0,5000,-1000,4000
2007/09/05,0,0,0,0
2007/09/06,0,0,0,0
2007/09/07,0,0,-6000,-6000
2007/09/10,0,0,0,0
2007/09/11,0,0,0,0
2007/09/12,0,0,0,0
2007/09/13,0,0,0,0
2007/09/14,0,0,0,0
2007/09/17,0,0,0,0
2007/09/18,0,0,0,0
2007/09/19,0,101000,-47000,54000
2007/09/20,0,0,0,0
2007/09/21,0,1000,-9000,-8000
2007/09/24,0,0,0,0
2007/09/25,0,0,0,0
2007/09/26,0,0,-1000,-1000
2007/09/27,0,1000,-21000,-20000
2007/09/28,0,0,-53000,-53000
2007/10/01,0,0,-27000,-27000
2007/10/02,0,10000,-1000,9000
2007/10/03,0,0,0,0
2007/10/04,0,0,0,0
2007/10/05,0,0,-134000,-134000
2007/10/08,0,3000,-2000,1000
2007/10/09,0,0,-34000,-34000
2007/10/10,0,0,0,0
2007/10/11,0,0,0,0
2007/10/12,0,0,0,0
2007/10/15,0,0,-2000,-2000
2007/10/16,0,0,0,0
2007/10/17,0,0,0,0
2007/10/18,0,0,0,0
2007/10/19,0,0,-36000,-36000
2007/10/22,0,0,0,0
2007/10/23,0,1000,0,1000
2007/10/24,0,0,0,0
2007/10/25,0,0,0,0
2007/10/26,0,0,-5000,-5000
2007/10/29,0,0,0,0
2007/10/30,0,0,-27000,-27000
2007/10/31,0,3000,0,3000
2007/11/01,0,2000,0,2000
2007/11/02,0,1000,0,1000
2007/11/05,0,0,0,0
2007/11/06,0,0,-35000,-35000
2007/11/07,0,1000,0,1000
2007/11/08,0,1000,0,1000
2007/11/09,0,1000,0,1000
2007/11/12,0,101000,0,101000
2007/11/13,0,11000,0,11000
2007/11/14,0,0,0,0
2007/11/15,0,0,0,0
2007/11/16,0,12000,0,12000
2007/11/19,0,0,-2000,-2000
2007/11/20,0,1000,-1000,0
2007/11/21,0,0,0,0
2007/11/22,0,1000,0,1000
2007/11/23,0,3000,0,3000
2007/11/26,0,1000,0,1000
2007/11/27,0,1000,0,1000
2007/11/28,0,0,0,0
2007/11/29,0,0,0,0
2007/11/30,0,1000,0,1000
2007/12/03,0,1000,0,1000
2007/12/04,0,1000,0,1000
2007/12/05,0,0,-10000,-10000
2007/12/06,0,0,0,0
2007/12/07,0,0,0,0
2007/12/10,0,0,0,0
2007/12/11,0,0,0,0
2007/12/12,0,0,0,0
2007/12/13,0,3000,0,3000
2007/12/14,0,0,-10000,-10000
2007/12/17,0,3000,0,3000
2007/12/18,0,62000,0,62000
2007/12/19,0,0,0,0
2007/12/20,0,0,0,0
2007/12/21,0,0,0,0
2007/12/24,0,1000,-34000,-33000
2007/12/25,0,0,-13000,-13000
2007/12/26,0,0,0,0
2007/12/27,0,1000,-8000,-7000
2007/12/28,0,0,-37000,-37000
2007/12/31,0,0,0,0
2008/01/01,0,0,0,0
2008/01/02,0,0,0,0
2008/01/03,0,0,0,0
2008/01/04,0,0,-2000,-2000
2008/01/07,0,32000,0,32000
2008/01/08,0,67000,-3000,64000
2008/01/09,0,0,0,0
2008/01/10,0,23000,0,23000
2008/01/11,0,0,-2000,-2000
2008/01/14,0,0,0,0
2008/01/15,0,24000,-2000,22000
2008/01/16,0,80000,-20000,60000
2008/01/17,0,360000,0,360000
2008/01/18,0,51000,-1000,50000
2008/01/21,0,74000,0,74000
2008/01/22,0,50000,0,50000
2008/01/23,0,264000,0,264000
2008/01/24,0,383000,0,383000
2008/01/25,0,286000,0,286000
2008/01/28,0,79000,0,79000
2008/01/29,0,95000,0,95000
2008/01/30,0,1000,-25000,-24000
2008/01/31,0,421000,0,421000
2008/02/01,0,25000,-34000,-9000
2008/02/04,0,0,0,0
2008/02/05,0,0,0,0
2008/02/06,0,0,0,0
2008/02/07,0,0,0,0
2008/02/08,0,0,0,0
2008/02/11,0,0,0,0
2008/02/12,0,103000,0,103000
2008/02/13,0,0,0,0
2008/02/14,0,0,0,0
2008/02/15,0,0,0,0
2008/02/18,0,14000,-23000,-9000
2008/02/19,0,95000,0,95000
2008/02/20,0,2000,-1000,1000
2008/02/21,0,1000,0,1000
2008/02/22,0,365000,-110000,255000
2008/02/25,0,405000,-1000,404000
2008/02/26,0,100000,-67000,33000
2008/02/27,0,20000,-417000,-397000
2008/02/28,0,0,0,0
2008/02/29,0,30000,0,30000
2008/03/03,0,184000,-251000,-67000
2008/03/04,0,0,-1000,-1000
2008/03/05,0,31000,-1000,30000
2008/03/06,0,0,-3000,-3000
2008/03/07,0,0,-35000,-35000
2008/03/10,0,72000,0,72000
2008/03/11,0,2000,0,2000
2008/03/12,0,8000,0,8000
2008/03/13,0,0,-200000,-200000
2008/03/14,0,1000,-242000,-241000
2008/03/17,0,4000,-50000,-46000
2008/03/18,0,61000,-141000,-80000
2008/03/19,0,3000,0,3000
2008/03/20,0,11000,-50000,-39000
2008/03/21,0,13000,-152000,-139000
2008/03/24,0,112000,-100000,12000
2008/03/25,0,85000,-112000,-27000
2008/03/26,0,480000,-66000,414000
2008/03/27,0,357000,-1000,356000
2008/03/28,0,46000,0,46000
2008/03/31,0,3000,-80000,-77000
2008/04/01,0,0,0,0
2008/04/02,0,0,-177925,-177925
2008/04/03,0,0,0,0
2008/04/04,0,0,0,0
2008/04/07,0,430000,-14000,416000
2008/04/08,0,150000,0,150000
2008/04/09,0,50000,0,50000
2008/04/10,0,0,0,0
2008/04/11,0,130000,0,130000
2008/04/14,0,193000,-107000,86000
2008/04/15,0,227000,-55000,172000
2008/04/16,0,496000,-378000,118000
2008/04/17,0,0,-43000,-43000
2008/04/18,0,35000,-41000,-6000
2008/04/21,0,0,-170000,-170000
2008/04/22,0,80000,0,80000
2008/04/23,0,0,-100000,-100000
2008/04/24,0,0,0,0
2008/04/25,0,0,0,0
2008/04/28,0,1000,0,1000
2008/04/29,0,0,0,0
2008/04/30,0,2000,-35000,-33000
2008/05/01,0,0,0,0
2008/05/02,0,5000,-100000,-95000
2008/05/05,0,18000,0,18000
2008/05/06,0,2000,0,2000
2008/05/07,0,3000,-20000,-17000
2008/05/08,0,5000,-1000,4000
2008/05/09,0,0,-499000,-499000
2008/05/12,0,0,-1000,-1000
2008/05/13,0,452000,-7000,445000
2008/05/14,0,9000,0,9000
2008/05/15,0,4000,0,4000
2008/05/16,0,0,-81000,-81000
2008/05/19,0,1000,-163000,-162000
2008/05/20,0,0,-31000,-31000
2008/05/21,0,0,-194000,-194000
2008/05/22,0,0,-86000,-86000
2008/05/23,0,276000,0,276000
2008/05/26,0,315000,0,315000
2008/05/27,0,686000,-51000,635000
2008/05/28,0,0,0,0
2008/05/29,0,420000,0,420000
2008/05/30,0,154000,-55000,99000
2008/06/02,0,160000,-72000,88000
2008/06/03,0,0,0,0
2008/06/04,0,50000,0,50000
2008/06/05,0,0,0,0
2008/06/06,0,0,-51000,-51000
2008/06/09,0,0,-50000,-50000
2008/06/10,0,144000,-100000,44000
2008/06/11,0,505000,-150000,355000
2008/06/12,0,150000,0,150000
2008/06/13,0,25000,0,25000
2008/06/16,0,365000,-1000,364000
2008/06/17,0,52000,0,52000
2008/06/18,0,213000,0,213000
2008/06/19,0,29000,0,29000
2008/06/20,0,57000,-1000,56000
2008/06/23,0,297000,0,297000
2008/06/24,0,20000,0,20000
2008/06/25,0,42000,0,42000
2008/06/26,0,10000,0,10000
2008/06/27,0,10000,-530000,-520000
2008/06/30,0,248000,0,248000
2008/07/01,0,0,-61000,-61000
2008/07/02,0,72000,-23000,49000
2008/07/03,0,6000,-57000,-51000
2008/07/04,0,42000,0,42000
2008/07/07,0,23000,0,23000
2008/07/08,0,186000,0,186000
2008/07/09,0,75000,-170000,-95000
2008/07/10,0,531000,-8000,523000
2008/07/11,0,159000,-15000,144000
2008/07/14,0,231000,0,231000
2008/07/15,0,4000,0,4000
2008/07/16,0,123000,0,123000
2008/07/17,0,0,-110000,-110000
2008/07/18,0,410000,-3000,407000
2008/07/21,0,834000,0,834000
2008/07/22,0,104000,0,104000
2008/07/23,0,0,-33000,-33000
2008/07/24,0,37000,-23000,14000
2008/07/25,0,40000,0,40000
2008/07/28,0,0,0,0
2008/07/29,0,19000,0,19000
2008/07/30,0,0,-39000,-39000
2008/07/31,0,348000,0,348000
2008/08/01,0,1000,0,1000
2008/08/04,0,107000,0,107000
2008/08/05,0,33000,-18000,15000
2008/08/06,0,100000,0,100000
2008/08/07,0,0,0,0
2008/08/08,0,365000,-49000,316000
2008/08/11,0,43000,-40000,3000
2008/08/12,0,58000,-135000,-77000
2008/08/13,0,50000,-45000,5000
2008/08/14,0,262000,-314000,-52000
2008/08/15,0,0,0,0
2008/08/18,0,0,-2000,-2000
2008/08/19,0,0,-4000,-4000
2008/08/20,0,1000,-3000,-2000
2008/08/21,0,0,-213000,-213000
2008/08/22,0,0,-161000,-161000
2008/08/25,0,0,-54000,-54000
2008/08/26,0,0,-4000,-4000
2008/08/27,0,118000,0,118000
2008/08/28,0,93000,0,93000
2008/08/29,0,75000,-8000,67000
2008/09/01,0,28000,-100000,-72000
2008/09/02,0,5000,0,5000
2008/09/03,0,3000,0,3000
2008/09/04,0,0,0,0
2008/09/05,0,50000,0,50000
2008/09/08,0,0,-100000,-100000
2008/09/09,0,0,-186000,-186000
2008/09/10,0,75000,-220000,-145000
2008/09/11,0,0,-117000,-117000
2008/09/12,0,1000,0,1000
2008/09/15,0,0,-115000,-115000
2008/09/16,0,1000,-67000,-66000
2008/09/17,0,171000,0,171000
2008/09/18,0,95000,-121000,-26000
2008/09/19,0,50000,-5000,45000
2008/09/22,0,38000,0,38000
2008/09/23,0,250000,-57000,193000
2008/09/24,0,0,0,0
2008/09/25,0,11000,-4000,7000
2008/09/26,0,0,0,0
2008/09/29,0,0,0,0
2008/09/30,0,463000,-486000,-23000
2008/10/01,0,496000,-1000,495000
2008/10/02,0,60000,-5000,55000
2008/10/03,0,371000,-102000,269000
2008/10/06,0,252000,-4000,248000
2008/10/07,0,110000,-3000,107000
2008/10/08,0,100000,-61000,39000
2008/10/09,0,201000,-170000,31000
2008/10/10,0,0,0,0
2008/10/13,0,0,-50000,-50000
2008/10/14,0,100000,0,100000
2008/10/15,0,31000,-377000,-346000
2008/10/16,0,28000,-70000,-42000
2008/10/17,0,120000,-7000,113000
2008/10/20,0,0,0,0
2008/10/21,0,372000,-1000,371000
2008/10/22,0,30000,-12000,18000
2008/10/23,0,36000,-147000,-111000
2008/10/24,0,105000,-7000,98000
2008/10/27,0,48000,-67000,-19000
2008/10/28,0,168000,-101000,67000
2008/10/29,0,100000,-26000,74000
2008/10/30,0,195000,0,195000
2008/10/31,0,217000,0,217000
2008/11/03,0,1000,-13000,-12000
2008/11/04,0,314000,0,314000
2008/11/05,0,0,-102000,-102000
2008/11/06,0,351000,-282000,69000
2008/11/07,0,416000,-4000,412000
2008/11/10,0,0,0,0
2008/11/11,0,128000,-30000,98000
2008/11/12,0,20000,0,20000
2008/11/13,0,117000,-22000,95000
2008/11/14,0,182000,-58000,124000
2008/11/17,0,881000,0,881000
2008/11/18,0,426000,-37000,389000
2008/11/19,0,110000,0,110000
2008/11/20,0,265000,0,265000
2008/11/21,0,180000,-30000,150000
2008/11/24,0,210000,0,210000
2008/11/25,0,59000,-30000,29000
2008/11/26,0,417000,0,417000
2008/11/27,0,324000,-275000,49000
2008/11/28,0,683000,-2000,681000
2008/12/01,0,61000,-40000,21000
2008/12/02,0,106000,0,106000
2008/12/03,0,40000,-121000,-81000
2008/12/04,0,346000,-130000,216000
2008/12/05,0,35000,-125000,-90000
2008/12/08,0,319000,-12000,307000
2008/12/09,0,192000,-398000,-206000
2008/12/10,0,240000,-250000,-10000
2008/12/11,0,266000,-506000,-240000
2008/12/12,0,100000,-515000,-415000
2008/12/15,0,0,0,0
2008/12/16,0,70000,-413000,-343000
2008/12/17,0,152000,-100000,52000
2008/12/18,0,200000,-234000,-34000
2008/12/19,0,60000,-35000,25000
2008/12/22,0,0,-69000,-69000
2008/12/23,0,780000,0,780000
2008/12/24,0,198000,0,198000
2008/12/25,0,0,-90000,-90000
2008/12/26,0,86000,0,86000
2008/12/29,0,0,0,0
2008/12/30,0,69000,0,69000
2008/12/31,0,0,-127000,-127000
2009/01/01,0,0,0,0
2009/01/02,0,0,0,0
2009/01/05,0,0,-255000,-255000
2009/01/06,0,0,-325000,-325000
2009/01/07,0,235000,-640000,-405000
2009/01/08,0,7000,-360000,-353000
2009/01/09,0,120000,0,120000
2009/01/12,0,315000,-6000,309000
2009/01/13,0,63000,-7000,56000
2009/01/14,0,202000,-1000,201000
2009/01/15,0,15000,-67000,-52000
2009/01/16,0,235000,-8000,227000
2009/01/19,0,0,-3000,-3000
2009/01/20,0,80000,0,80000
2009/01/21,0,355000,-25000,330000
2009/01/22,0,0,0,0
2009/01/23,0,0,0,0
2009/01/26,0,0,0,0
2009/01/27,0,0,0,0
2009/01/28,0,0,0,0
2009/01/29,0,0,0,0
2009/01/30,0,0,0,0
2009/02/02,0,147000,-100000,47000
2009/02/03,0,96000,-147000,-51000
2009/02/04,0,25000,-151000,-126000
2009/02/05,0,255000,-20000,235000
2009/02/06,0,3000,-601000,-598000
2009/02/09,0,8000,-86000,-78000
2009/02/10,0,8000,-189000,-181000
2009/02/11,0,0,-210000,-210000
2009/02/12,0,30000,-3000,27000
2009/02/13,0,18000,-251000,-233000
2009/02/16,0,0,-50000,-50000
2009/02/17,0,45000,-150000,-105000
2009/02/18,0,19000,-81000,-62000
2009/02/19,0,0,0,0
2009/02/20,0,0,-425000,-425000
2009/02/23,0,200000,-215000,-15000
2009/02/24,0,0,-295000,-295000
2009/02/25,0,0,-839985,-839985
2009/02/26,0,0,-102000,-102000
2009/02/27,0,0,-160000,-160000
2009/03/02,0,0,-50000,-50000
2009/03/03,0,0,0,0
2009/03/04,0,11000,0,11000
2009/03/05,0,0,-400000,-400000
2009/03/06,0,0,-557000,-557000
2009/03/09,0,0,-102000,-102000
2009/03/10,0,0,-244000,-244000
2009/03/11,0,0,-64000,-64000
2009/03/12,0,97000,-1000,96000
2009/03/13,0,0,-1000,-1000
2009/03/16,0,0,-651000,-651000
2009/03/17,0,0,0,0
2009/03/18,0,0,-327000,-327000
2009/03/19,0,0,-178000,-178000
2009/03/20,0,0,-46000,-46000
2009/03/23,0,273000,-32000,241000
2009/03/24,0,340000,-201000,139000
2009/03/25,0,205000,-106000,99000
2009/03/26,0,0,0,0
2009/03/27,0,0,-44000,-44000
2009/03/30,0,0,0,0
2009/03/31,0,437000,-95000,342000
2009/04/01,0,0,-171000,-171000
2009/04/02,0,0,-1000,-1000
2009/04/03,0,0,0,0
2009/04/06,0,0,0,0
2009/04/07,0,0,0,0
2009/04/08,0,0,-57000,-57000
2009/04/09,0,661000,-14000,647000
2009/04/10,0,0,-85000,-85000
2009/04/13,0,4000,-93000,-89000
2009/04/14,0,15000,-51000,-36000
2009/04/15,0,0,-160000,-160000
2009/04/16,0,0,-402000,-402000
2009/04/17,0,0,-1000,-1000
2009/04/20,0,129000,0,129000
2009/04/21,0,207000,-100000,107000
2009/04/22,0,230000,0,230000
2009/04/23,0,0,-478000,-478000
2009/04/24,0,0,-115000,-115000
2009/04/27,0,0,0,0
2009/04/28,0,67000,0,67000
2009/04/29,0,3000,0,3000
2009/04/30,0,769000,0,769000
2009/05/01,0,0,0,0
2009/05/04,0,138000,0,138000
2009/05/05,0,5000,-14000,-9000
2009/05/06,0,92000,-6000,86000
2009/05/07,0,0,-11000,-11000
2009/05/08,0,85000,-59000,26000
2009/05/11,0,60000,-71000,-11000
2009/05/12,0,40000,-1000,39000
2009/05/13,0,62000,-681000,-619000
2009/05/14,0,0,0,0
2009/05/15,0,1000,-50000,-49000
2009/05/18,0,0,-132000,-132000
2009/05/19,0,0,0,0
2009/05/20,0,21000,0,21000
2009/05/21,0,128000,0,128000
2009/05/22,0,0,-37000,-37000
2009/05/25,0,0,-57000,-57000
2009/05/26,0,47000,-484000,-437000
2009/05/27,0,68000,-1023000,-955000
2009/05/28,0,0,0,0
2009/05/29,0,0,0,0
2009/06/01,0,73000,-1054000,-981000
2009/06/02,0,0,-207000,-207000
2009/06/03,0,96000,-396000,-300000
2009/06/04,0,0,-53000,-53000
2009/06/05,0,0,-6000,-6000
2009/06/08,0,2000,-40000,-38000
2009/06/09,0,0,-5000,-5000
2009/06/10,0,519000,-2000,517000
2009/06/11,0,3000,0,3000
2009/06/12,0,0,0,0
2009/06/15,0,82000,-80000,2000
2009/06/16,0,43000,-500000,-457000
2009/06/17,0,4000,-35000,-31000
2009/06/18,0,202000,-632000,-430000
2009/06/19,0,491000,-190000,301000
2009/06/22,0,3000,0,3000
2009/06/23,0,0,-3000,-3000
2009/06/24,0,109000,0,109000
2009/06/25,0,0,0,0
2009/06/26,0,0,-17000,-17000
2009/06/29,0,59000,0,59000
2009/06/30,0,0,0,0
2009/07/01,0,0,0,0
2009/07/02,0,2000,-75000,-73000
2009/07/03,0,0,-278000,-278000
2009/07/06,0,0,-282000,-282000
2009/07/07,0,1000,-422000,-421000
2009/07/08,0,0,-320000,-320000
2009/07/09,0,0,-40000,-40000
2009/07/10,0,0,-1000,-1000
2009/07/13,0,0,-2000,-2000
2009/07/14,0,0,-299000,-299000
2009/07/15,0,0,-1177000,-1177000
2009/07/16,0,0,-1000,-1000
2009/07/17,0,0,-1000,-1000
2009/07/20,0,0,-200000,-200000
2009/07/21,0,0,-487000,-487000
2009/07/22,0,0,-82000,-82000
2009/07/23,0,0,-1000,-1000
2009/07/24,0,0,-12000,-12000
2009/07/27,0,7000,-38000,-31000
2009/07/28,0,0,-100000,-100000
2009/07/29,0,7000,0,7000
2009/07/30,0,0,-129000,-129000
2009/07/31,0,0,-16000,-16000
2009/08/03,0,0,0,0
2009/08/04,0,0,-1264000,-1264000
2009/08/05,0,0,0,0
2009/08/06,0,0,-21000,-21000
2009/08/07,0,0,0,0
2009/08/10,0,2000,-5000,-3000
2009/08/11,0,2000,-245000,-243000
2009/08/12,0,0,-87000,-87000
2009/08/13,0,5000,-27000,-22000
2009/08/14,0,0,0,0
2009/08/17,0,0,-6000,-6000
2009/08/18,0,162000,0,162000
2009/08/19,0,1000,0,1000
2009/08/20,0,1000,0,1000
2009/08/21,0,0,0,0
2009/08/24,0,2000,0,2000
2009/08/25,0,0,-35000,-35000
2009/08/26,0,1000,0,1000
2009/08/27,0,2000,0,2000
2009/08/28,0,0,0,0
2009/08/31,0,3000,0,3000
2009/09/01,0,0,0,0
2009/09/02,0,0,0,0
2009/09/03,0,90000,-2000,88000
2009/09/04,0,0,-2000,-2000
2009/09/07,0,0,-1000,-1000
2009/09/08,0,0,-282000,-282000
2009/09/09,0,20000,-160000,-140000
2009/09/10,0,4000,-29000,-25000
2009/09/11,0,0,0,0
2009/09/14,0,0,-17000,-17000
2009/09/15,0,0,0,0
2009/09/16,0,6000,0,6000
2009/09/17,0,0,0,0
2009/09/18,0,0,-1000,-1000
2009/09/21,0,0,-6000,-6000
2009/09/22,0,0,0,0
2009/09/23,0,3000,-1000,2000
2009/09/24,0,0,0,0
2009/09/25,0,0,0,0
2009/09/28,0,1000,0,1000
2009/09/29,0,2000,-36000,-34000
2009/09/30,0,0,0,0
2009/10/01,0,0,0,0
2009/10/02,0,3000,-3672,-672
2009/10/05,0,0,0,0
2009/10/06,0,0,0,0
2009/10/07,0,0,0,0
2009/10/08,0,0,0,0
2009/10/09,0,81000,0,81000
2009/10/12,0,0,0,0
2009/10/13,0,22000,0,22000
2009/10/14,0,0,-1000,-1000
2009/10/15,0,0,-66112,-66112
2009/10/16,0,0,0,0
2009/10/19,0,3000,0,3000
2009/10/20,0,0,0,0
2009/10/21,0,5000,-2000,3000
2009/10/22,0,0,0,0
2009/10/23,0,0,0,0
2009/10/26,0,0,0,0
2009/10/27,0,1000,0,1000
2009/10/28,0,0,-1000,-1000
2009/10/29,0,1000,0,1000
2009/10/30,0,62000,0,62000
2009/11/02,0,2000,0,2000
2009/11/03,0,1000,0,1000
2009/11/04,0,202000,-100000,102000
2009/11/05,0,2000,-240000,-238000
2009/11/06,0,0,0,0
2009/11/09,0,2000,0,2000
2009/11/10,0,5000,-38000,-33000
2009/11/11,0,0,0,0
2009/11/12,0,5000,-238424,-233424
2009/11/13,0,0,-1000,-1000
2009/11/16,0,12000,-2400,9600
2009/11/17,0,0,0,0
2009/11/18,0,0,-2568,-2568
2009/11/19,0,0,-1000,-1000
2009/11/20,0,0,-1000,-1000
2009/11/23,0,0,0,0
2009/11/24,0,0,0,0
2009/11/25,0,0,0,0
2009/11/26,0,0,0,0
2009/11/27,0,0,0,0
2009/11/30,0,0,-1000,-1000
2009/12/01,0,0,0,0
2009/12/02,0,0,-136320,-136320
2009/12/03,0,0,0,0
2009/12/04,0,0,-1000,-1000
2009/12/07,0,0,0,0
2009/12/08,0,0,0,0
2009/12/09,0,0,0,0
2009/12/10,0,0,-6000,-6000
2009/12/11,0,1000,0,1000
2009/12/14,0,0,-4000,-4000
2009/12/15,0,0,-27000,-27000
2009/12/16,0,0,-3000,-3000
2009/12/17,0,0,0,0
2009/12/18,0,5000,-1000,4000
2009/12/21,0,5000,-286000,-281000
2009/12/22,0,5000,-1000,4000
2009/12/23,0,0,0,0
2009/12/24,0,0,0,0
2009/12/25,0,0,-33392,-33392
2009/12/28,0,0,-96760,-96760
2009/12/29,0,0,-44000,-44000
2009/12/30,0,0,-44000,-44000
2009/12/31,0,0,0,0
2010/01/01,0,0,0,0
2010/01/04,0,0,-15000,-15000
2010/01/05,0,0,0,0
2010/01/06,0,0,0,0
2010/01/07,0,0,0,0
2010/01/08,0,0,-1000,-1000
2010/01/11,0,0,0,0
2010/01/12,0,0,0,0
2010/01/13,0,0,0,0
2010/01/14,0,0,0,0
2010/01/15,0,0,-71000,-71000
2010/01/18,0,0,-181880,-181880
2010/01/19,0,0,0,0
2010/01/20,0,0,0,0
2010/01/21,0,0,0,0
2010/01/22,0,40000,0,40000
2010/01/25,0,0,-1000,-1000
2010/01/26,0,330000,0,330000
2010/01/27,0,2000,0,2000
2010/01/28,0,20000,0,20000
2010/01/29,0,1000,-60000,-59000
2010/02/01,0,0,0,0
2010/02/02,0,75000,0,75000
2010/02/03,0,1000,-4760,-3760
2010/02/04,0,66000,0,66000
2010/02/05,0,100000,0,100000
2010/02/08,0,1000,0,1000
2010/02/09,0,1000,0,1000
2010/02/10,0,64000,0,64000
2010/02/11,0,0,0,0
2010/02/12,0,0,0,0
2010/02/15,0,0,0,0
2010/02/16,0,0,0,0
2010/02/17,0,0,0,0
2010/02/18,0,0,0,0
2010/02/19,0,0,0,0
2010/02/22,0,486000,0,486000
2010/02/23,0,32000,0,32000
2010/02/24,0,21000,0,21000
2010/02/25,0,151000,0,151000
2010/02/26,0,50000,-1000,49000
2010/03/01,0,20000,0,20000
2010/03/02,0,0,0,0
2010/03/03,0,0,0,0
2010/03/04,0,15000,0,15000
2010/03/05,0,0,-160000,-160000
2010/03/08,0,0,0,0
2010/03/09,0,0,-80000,-80000
2010/03/10,0,0,-80000,-80000
2010/03/11,0,400000,-55000,345000
2010/03/12,0,120000,0,120000
2010/03/15,0,0,0,0
2010/03/16,0,0,0,0
2010/03/17,0,73000,-62304,10696
2010/03/18,0,0,0,0
2010/03/19,0,0,-20000,-20000
2010/03/22,0,0,-1000,-1000
2010/03/23,0,61000,0,61000
2010/03/24,0,0,0,0
2010/03/25,0,0,0,0
2010/03/26,0,553000,0,553000
2010/03/29,0,15000,0,15000
2010/03/30,0,0,-54000,-54000
2010/03/31,0,0,0,0
2010/04/01,0,50000,-212000,-162000
2010/04/02,0,0,0,0
2010/04/05,0,0,0,0
2010/04/06,0,0,-97000,-97000
2010/04/07,0,0,-28000,-28000
2010/04/08,0,0,0,0
2010/04/09,0,0,0,0
2010/04/12,0,200000,0,200000
2010/04/13,0,216000,-12000,204000
2010/04/14,0,487000,-212000,275000
2010/04/15,0,139000,-100000,39000
2010/04/16,0,100000,-1000,99000
2010/04/19,0,114000,-672,113328
2010/04/20,0,20000,-2000,18000
2010/04/21,0,0,0,0
2010/04/22,0,0,0,0
2010/04/23,0,0,0,0
2010/04/26,0,0,0,0
2010/04/27,0,0,-10000,-10000
2010/04/28,0,137000,-8000,129000
2010/04/29,0,0,0,0
2010/04/30,0,0,-1000,-1000
2010/05/03,0,60000,0,60000
2010/05/04,0,0,-50000,-50000
2010/05/05,0,255000,-2000,253000
2010/05/06,0,494000,0,494000
2010/05/07,0,166000,0,166000
2010/05/10,0,267000,0,267000
2010/05/11,0,110000,-1000,109000
2010/05/12,0,0,0,0
2010/05/13,0,0,0,0
2010/05/14,0,1000,-24000,-23000
2010/05/17,0,0,0,0
2010/05/18,0,0,0,0
2010/05/19,0,0,-3000,-3000
2010/05/20,0,1000,-4000,-3000
2010/05/21,0,266000,0,266000
2010/05/24,0,371000,-127000,244000
2010/05/25,0,0,-15000,-15000
2010/05/26,0,35000,-1000,34000
2010/05/27,0,167000,-624,166376
2010/05/28,0,105000,-2000,103000
2010/05/31,0,230000,0,230000
2010/06/01,0,78000,0,78000
2010/06/02,0,314000,0,314000
2010/06/03,0,158000,0,158000
2010/06/04,0,0,0,0
2010/06/07,0,43000,-50000,-7000
2010/06/08,0,500000,0,500000
2010/06/09,0,762000,0,762000
2010/06/10,0,237000,-816,236184
2010/06/11,0,0,0,0
2010/06/14,0,312000,0,312000
2010/06/15,0,191000,-3000,188000
2010/06/16,0,0,0,0
2010/06/17,0,0,-140000,-140000
2010/06/18,0,0,-105000,-105000
2010/06/21,0,51000,0,51000
2010/06/22,0,31000,-1000,30000
2010/06/23,0,0,0,0
2010/06/24,0,18000,-1000,17000
2010/06/25,0,13000,-20000,-7000
2010/06/28,0,12000,-56000,-44000
2010/06/29,0,1000,0,1000
2010/06/30,0,0,0,0
2010/07/01,0,309000,0,309000
2010/07/02,0,2000,0,2000
2010/07/05,0,0,0,0
2010/07/06,0,101000,0,101000
2010/07/07,0,0,-20000,-20000
2010/07/08,0,12000,0,12000
2010/07/09,0,316000,0,316000
2010/07/12,0,58000,0,58000
2010/07/13,0,5000,0,5000
2010/07/14,0,0,-277000,-277000
2010/07/15,0,10000,-119000,-109000
2010/07/16,0,1586000,0,1586000
2010/07/19,0,84000,-209000,-125000
2010/07/20,0,0,0,0
2010/07/21,0,37000,0,37000
2010/07/22,0,0,0,0
2010/07/23,0,0,0,0
2010/07/26,0,56000,0,56000
2010/07/27,0,6000,0,6000
2010/07/28,0,0,0,0
2010/07/29,0,0,-319000,-319000
2010/07/30,0,75000,-235000,-160000
2010/08/02,0,3000,-289000,-286000
2010/08/03,0,1000,-89000,-88000
2010/08/04,0,0,-3000,-3000
2010/08/05,0,364000,0,364000
2010/08/06,0,0,0,0
2010/08/09,0,34000,-49000,-15000
2010/08/10,0,12000,0,12000
2010/08/11,0,17000,-38000,-21000
2010/08/12,0,67000,-36000,31000
2010/08/13,0,326000,-1000,325000
2010/08/16,0,3000,-30000,-27000
2010/08/17,0,2000,-32000,-30000
2010/08/18,0,0,0,0
2010/08/19,0,0,-19000,-19000
2010/08/20,0,35000,0,35000
2010/08/23,0,31000,0,31000
2010/08/24,0,10000,-13000,-3000
2010/08/25,0,4000,0,4000
2010/08/26,0,102000,-1000,101000
2010/08/27,0,1000,-40000,-39000
2010/08/30,0,171000,-37952,133048
2010/08/31,0,178000,0,178000
2010/09/01,0,328000,0,328000
2010/09/02,0,0,0,0
2010/09/03,0,0,0,0
2010/09/06,0,0,0,0
2010/09/07,0,5000,0,5000
2010/09/08,0,3000,0,3000
2010/09/09,0,0,-306000,-306000
2010/09/10,0,0,0,0
2010/09/13,0,0,0,0
2010/09/14,0,0,0,0
2010/09/15,0,11000,0,11000
2010/09/16,0,0,-1000,-1000
2010/09/17,0,0,-12000,-12000
2010/09/20,0,0,-5000,-5000
2010/09/21,0,0,0,0
2010/09/22,0,0,0,0
2010/09/23,0,95000,-1000,94000
2010/09/24,0,0,0,0
2010/09/27,0,0,0,0
2010/09/28,0,0,-35000,-35000
2010/09/29,0,74000,0,74000
2010/09/30,0,52000,-67000,-15000
2010/10/01,0,0,0,0
2010/10/04,0,0,-95000,-95000
2010/10/05,0,5000,-325000,-320000
2010/10/06,0,109000,-16000,93000
2010/10/07,0,58000,0,58000
2010/10/08,0,57000,0,57000
2010/10/11,0,0,-530000,-530000
2010/10/12,0,188000,-1004000,-816000
2010/10/13,0,42000,0,42000
2010/10/14,0,52000,-43000,9000
2010/10/15,0,0,-72000,-72000
2010/10/18,0,62000,-28000,34000
2010/10/19,0,52000,-669000,-617000
2010/10/20,0,10000,-12000,-2000
2010/10/21,0,5000,-100000,-95000
2010/10/22,0,115000,-39000,76000
2010/10/25,0,27000,-531000,-504000
2010/10/26,0,0,-451000,-451000
2010/10/27,0,46000,-52000,-6000
2010/10/28,0,0,-254000,-254000
2010/10/29,0,160000,-80000,80000
2010/11/01,0,35000,-195000,-160000
2010/11/02,0,0,0,0
2010/11/03,0,135000,-31000,104000
2010/11/04,0,101000,0,101000
2010/11/05,0,132000,0,132000
2010/11/08,0,110000,0,110000
2010/11/09,0,2000,0,2000
2010/11/10,0,0,-1000,-1000
2010/11/11,0,1000,0,1000
2010/11/12,0,0,0,0
2010/11/15,0,0,0,0
2010/11/16,0,0,0,0
2010/11/17,0,0,0,0
2010/11/18,0,77000,0,77000
2010/11/19,0,0,0,0
2010/11/22,0,0,0,0
2010/11/23,0,0,-30000,-30000
2010/11/24,0,0,-30000,-30000
2010/11/25,0,47000,-203000,-156000
2010/11/26,0,0,-226000,-226000
2010/11/29,0,0,-80000,-80000
2010/11/30,0,1000,-1000,0
2010/12/01,0,0,-1000,-1000
2010/12/02,0,0,-2000,-2000
2010/12/03,0,5000,-1000,4000
2010/12/06,0,0,-3000,-3000
2010/12/07,0,5000,0,5000
2010/12/08,0,0,-22000,-22000
2010/12/09,0,0,0,0
2010/12/10,0,0,-50000,-50000
2010/12/13,0,0,-1000,-1000
2010/12/14,0,0,0,0
2010/12/15,0,0,0,0
2010/12/16,0,50000,0,50000
2010/12/17,0,0,-11000,-11000
2010/12/20,0,0,-235000,-235000
2010/12/21,0,0,0,0
2010/12/22,0,1000,0,1000
2010/12/23,0,159000,0,159000
2010/12/24,0,58000,0,58000
2010/12/27,0,0,-61000,-61000
2010/12/28,0,0,0,0
2010/12/29,0,0,-26000,-26000
2010/12/30,0,51000,0,51000
2010/12/31,0,0,0,0
2011/01/03,0,0,0,0
2011/01/04,0,0,0,0
2011/01/05,0,0,0,0
2011/01/06,0,44000,0,44000
2011/01/07,0,0,-45000,-45000
2011/01/10,0,0,-10000,-10000
2011/01/11,0,0,0,0
2011/01/12,0,0,0,0
2011/01/13,0,0,-144000,-144000
2011/01/14,0,0,-53000,-53000
2011/01/17,0,0,0,0
2011/01/18,0,0,-79000,-79000
2011/01/19,0,0,-498000,-498000
2011/01/20,0,0,-1000,-1000
2011/01/21,0,0,-1000,-1000
2011/01/24,0,0,0,0
2011/01/25,0,2000,0,2000
2011/01/26,0,0,0,0
2011/01/27,0,0,-99000,-99000
2011/01/28,0,0,-154000,-154000
2011/01/31,0,0,0,0
2011/02/01,0,0,0,0
2011/02/02,0,0,0,0
2011/02/03,0,0,0,0
2011/02/04,0,0,0,0
2011/02/07,0,0,0,0
2011/02/08,0,0,0,0
2011/02/09,0,0,0,0
2011/02/10,0,0,0,0
2011/02/11,0,1000,0,1000
2011/02/14,0,118000,-56000,62000
2011/02/15,0,1000,-35000,-34000
2011/02/16,0,60000,-158000,-98000
2011/02/17,0,0,-58000,-58000
2011/02/18,0,0,0,0
2011/02/21,0,0,-50000,-50000
2011/02/22,0,0,0,0
2011/02/23,0,14000,0,14000
2011/02/24,0,1000,0,1000
2011/02/25,0,0,-3000,-3000
2011/02/28,0,0,0,0
2011/03/01,0,0,0,0
2011/03/02,0,34000,0,34000
2011/03/03,0,85000,0,85000
2011/03/04,0,17000,-97000,-80000
2011/03/07,0,0,0,0
2011/03/08,0,12000,0,12000
2011/03/09,0,10000,0,10000
2011/03/10,0,0,0,0
2011/03/11,0,0,0,0
2011/03/14,0,0,0,0
2011/03/15,0,351000,0,351000
2011/03/16,0,149000,0,149000
2011/03/17,0,30000,-4000,26000
2011/03/18,0,54000,-1000,53000
2011/03/21,0,1000,0,1000
2011/03/22,0,0,0,0
2011/03/23,0,60000,0,60000
2011/03/24,0,20000,0,20000
2011/03/25,0,60000,0,60000
2011/03/28,0,0,0,0
2011/03/29,0,0,-20000,-20000
2011/03/30,0,160000,-14000,146000
2011/03/31,0,290000,-8000,282000
2011/04/01,0,0,0,0
2011/04/04,0,0,0,0
2011/04/05,0,0,0,0
2011/04/06,0,71000,0,71000
2011/04/07,0,200000,0,200000
2011/04/08,0,35000,0,35000
2011/04/11,0,186000,0,186000
2011/04/12,0,0,-1000,-1000
2011/04/13,0,169000,0,169000
2011/04/14,0,2000,0,2000
2011/04/15,0,0,0,0
2011/04/18,0,0,0,0
2011/04/19,0,0,0,0
2011/04/20,0,311000,-45000,266000
2011/04/21,0,1000,0,1000
2011/04/22,0,0,-24000,-24000
2011/04/25,0,25000,-47720,-22720
2011/04/26,0,0,-1000,-1000
2011/04/27,0,590000,-448,589552
2011/04/28,0,300000,-45000,255000
2011/04/29,0,140000,-49000,91000
2011/05/02,0,0,0,0
2011/05/03,0,6000,0,6000
2011/05/04,0,29000,-10000,19000
2011/05/05,0,21000,0,21000
2011/05/06,0,650000,-71000,579000
2011/05/09,0,1000,-100000,-99000
2011/05/10,0,105000,0,105000
2011/05/11,0,120000,0,120000
2011/05/12,0,55000,-1000,54000
2011/05/13,0,15000,0,15000
2011/05/16,0,0,0,0
2011/05/17,0,23000,0,23000
2011/05/18,0,50000,0,50000
2011/05/19,0,156000,0,156000
2011/05/20,0,0,0,0
2011/05/23,0,0,-1000,-1000
2011/05/24,0,53000,-311000,-258000
2011/05/25,0,197000,-132000,65000
2011/05/26,0,0,-8000,-8000
2011/05/27,0,32000,-71000,-39000
2011/05/30,0,71000,-165000,-94000
2011/05/31,0,73000,0,73000
2011/06/01,0,130000,-17000,113000
2011/06/02,0,405000,0,405000
2011/06/03,0,76000,0,76000
2011/06/06,0,0,0,0
2011/06/07,0,62000,-25000,37000
2011/06/08,0,50000,0,50000
2011/06/09,0,115000,-30000,85000
2011/06/10,0,0,0,0
2011/06/13,0,50000,-82000,-32000
2011/06/14,0,166000,-23000,143000
2011/06/15,0,19000,-280000,-261000
2011/06/16,0,0,-55000,-55000
2011/06/17,0,67000,-76000,-9000
2011/06/20,0,169000,0,169000
2011/06/21,0,153000,0,153000
2011/06/22,0,58000,0,58000
2011/06/23,0,106000,0,106000
2011/06/24,0,176000,0,176000
2011/06/27,0,56000,0,56000
2011/06/28,0,212000,0,212000
2011/06/29,0,68000,0,68000
2011/06/30,0,420000,0,420000
2011/07/01,0,307000,0,307000
2011/07/04,0,41000,0,41000
2011/07/05,0,395000,-1000,394000
2011/07/06,0,223000,0,223000
2011/07/07,0,0,-52000,-52000
2011/07/08,0,50000,-49000,1000
2011/07/11,0,150000,0,150000
2011/07/12,0,40000,-51000,-11000
2011/07/13,0,42000,0,42000
2011/07/14,0,156000,-20000,136000
2011/07/15,0,52000,-1000,51000
2011/07/18,0,41000,-68000,-27000
2011/07/19,0,17000,0,17000
2011/07/20,0,52000,-155000,-103000
2011/07/21,0,0,-19000,-19000
2011/07/22,0,7000,-22000,-15000
2011/07/25,0,0,-278000,-278000
2011/07/26,0,296000,-195000,101000
2011/07/27,0,144000,-244000,-100000
2011/07/28,0,193000,-2000,191000
2011/07/29,0,31000,-89000,-58000
2011/08/01,0,1000,-25000,-24000
2011/08/02,0,180000,-9000,171000
2011/08/03,0,162000,-62000,100000
2011/08/04,0,151000,-229000,-78000
2011/08/05,0,195000,-20000,175000
2011/08/08,0,45000,0,45000
2011/08/09,0,429000,0,429000
2011/08/10,0,138000,-20000,118000
2011/08/11,0,394000,0,394000
2011/08/12,0,301000,-90000,211000
2011/08/15,0,34000,-67000,-33000
2011/08/16,0,241000,-29000,212000
2011/08/17,0,76000,-30000,46000
2011/08/18,0,144000,-135000,9000
2011/08/19,0,3000,-16000,-13000
2011/08/22,0,135000,-87000,48000
2011/08/23,0,361000,0,361000
2011/08/24,0,108000,0,108000
2011/08/25,0,75000,-30000,45000
2011/08/26,0,9000,-137000,-128000
2011/08/29,0,115000,0,115000
2011/08/30,0,0,-15000,-15000
2011/08/31,0,0,-349000,-349000
2011/09/01,0,0,-288000,-288000
2011/09/02,0,165000,-30000,135000
2011/09/05,0,232000,-3000,229000
2011/09/06,0,0,0,0
2011/09/07,0,265000,0,265000
2011/09/08,0,84000,0,84000
2011/09/09,0,189000,0,189000
2011/09/12,0,0,0,0
2011/09/13,0,157000,-1044,155956
2011/09/14,0,159000,0,159000
2011/09/15,0,173000,0,173000
2011/09/16,0,6000,-118000,-112000
2011/09/19,0,82000,-645000,-563000
2011/09/20,0,560000,-236000,324000
2011/09/21,0,114275,-371000,-256725
2011/09/22,0,0,-224000,-224000
2011/09/23,0,41000,-219000,-178000
2011/09/26,0,431000,-247000,184000
2011/09/27,0,379000,0,379000
2011/09/28,0,96000,-1000,95000
2011/09/29,0,7000,0,7000
2011/09/30,0,133000,-11000,122000
2011/10/03,0,32000,-69000,-37000
2011/10/04,0,162000,-56000,106000
2011/10/05,0,54000,-178000,-124000
2011/10/06,0,233000,0,233000
2011/10/07,0,47000,0,47000
2011/10/10,0,0,0,0
2011/10/11,0,0,-175000,-175000
2011/10/12,0,0,-215000,-215000
2011/10/13,0,24000,-50000,-26000
2011/10/14,0,3000,0,3000
2011/10/17,0,0,-1065,-1065
2011/10/18,0,0,-2040,-2040
2011/10/19,0,0,-24000,-24000
2011/10/20,0,0,0,0
2011/10/21,0,0,0,0
2011/10/24,0,37500,-57000,-19500
2011/10/25,0,32000,-50000,-18000
2011/10/26,0,1000,-287000,-286000
2011/10/27,0,133000,0,133000
2011/10/28,0,2000,-180000,-178000
2011/10/31,0,0,-276000,-276000
2011/11/01,0,0,-26000,-26000
2011/11/02,0,2000,0,2000
2011/11/03,0,85000,-392000,-307000
2011/11/04,0,30000,-8000,22000
2011/11/07,0,44000,-86000,-42000
2011/11/08,0,2000,-365000,-363000
2011/11/09,0,61000,-435000,-374000
2011/11/10,0,1000,-30000,-29000
2011/11/11,0,590000,0,590000
2011/11/14,0,1051004,0,1051004
2011/11/15,0,200396,-1000,199396
2011/11/16,0,0,0,0
2011/11/17,0,20000,-150000,-130000
2011/11/18,0,58000,0,58000
2011/11/21,0,3000,0,3000
2011/11/22,0,61000,0,61000
2011/11/23,0,29000,-86000,-57000
2011/11/24,0,382000,-110000,272000
2011/11/25,0,138000,0,138000
2011/11/28,0,80000,0,80000
2011/11/29,0,1000,0,1000
2011/11/30,0,16000,-357000,-341000
2011/12/01,0,88000,-15000,73000
2011/12/02,0,0,-13000,-13000
2011/12/05,0,17000,-15000,2000
2011/12/06,0,0,-30000,-30000
2011/12/07,0,150000,-50000,100000
2011/12/08,0,208000,0,208000
2011/12/09,0,253000,-2330,250670
2011/12/12,0,35000,-116000,-81000
2011/12/13,0,34000,0,34000
2011/12/14,0,7000,-197000,-190000
2011/12/15,0,124000,-148000,-24000
2011/12/16,0,1000,-165000,-164000
2011/12/19,0,26000,0,26000
2011/12/20,0,107000,-54000,53000
2011/12/21,0,7000,0,7000
2011/12/22,0,1000,0,1000
2011/12/23,0,6000,-16000,-10000
2011/12/26,0,0,-215000,-215000
2011/12/27,0,6000,-235000,-229000
2011/12/28,0,4000,-1000,3000
2011/12/29,0,164000,0,164000
2011/12/30,0,10000,-8000,2000
2012/01/02,0,52000,0,52000
2012/01/03,0,0,-84000,-84000
2012/01/04,0,180000,0,180000
2012/01/05,0,1291,-133000,-131709
2012/01/06,0,0,-321000,-321000
2012/01/09,0,119000,-20,118980
2012/01/10,0,44000,-70000,-26000
2012/01/11,0,134000,-1000,133000
2012/01/12,0,36000,-560000,-524000
2012/01/13,0,0,-742000,-742000
2012/01/16,0,0,-103000,-103000
2012/01/17,0,0,-93000,-93000
2012/01/18,0,0,-585000,-585000
2012/01/19,0,0,0,0
2012/01/20,0,0,0,0
2012/01/23,0,0,0,0
2012/01/24,0,0,0,0
2012/01/25,0,0,0,0
2012/01/26,0,0,0,0
2012/01/27,0,0,0,0
2012/01/30,0,0,-836000,-836000
2012/01/31,0,15000,-537000,-522000
2012/02/01,0,0,-422000,-422000
2012/02/02,0,0,-151000,-151000
2012/02/03,0,0,-1107000,-1107000
2012/02/06,0,70000,-3000,67000
2012/02/07,0,0,-70000,-70000
2012/02/08,0,0,-97000,-97000
2012/02/09,0,0,-83523,-83523
2012/02/10,0,30000,-400000,-370000
2012/02/13,0,73000,0,73000
2012/02/14,0,0,-267000,-267000
2012/02/15,0,0,-1197000,-1197000
2012/02/16,0,14000,-131000,-117000
2012/02/17,0,26000,-120000,-94000
2012/02/20,0,105000,-2000,103000
2012/02/21,0,0,0,0
2012/02/22,0,0,0,0
2012/02/23,0,0,-53000,-53000
2012/02/24,0,0,-142000,-142000
2012/02/27,0,0,0,0
2012/02/28,0,0,0,0
2012/02/29,0,0,-32000,-32000
2012/03/01,0,0,-1020,-1020
2012/03/02,0,23000,-3000,20000
2012/03/05,0,0,-156000,-156000
2012/03/06,0,0,0,0
2012/03/07,0,2000,0,2000
2012/03/08,0,378000,-65225,312775
2012/03/09,0,3000,-55000,-52000
2012/03/12,0,3000,-1000,2000
2012/03/13,0,2000,0,2000
2012/03/14,0,50000,-220000,-170000
2012/03/15,0,0,-58000,-58000
2012/03/16,0,2000,-32000,-30000
2012/03/19,0,21000,0,21000
2012/03/20,0,4000,-14000,-10000
2012/03/21,0,80000,0,80000
2012/03/22,0,25000,0,25000
2012/03/23,0,80000,-82000,-2000
2012/03/26,0,0,-30000,-30000
2012/03/27,0,228000,-2000,226000
2012/03/28,0,0,0,0
2012/03/29,0,90000,0,90000
2012/03/30,0,116000,-1000,115000
2012/04/02,0,57000,0,57000
2012/04/03,0,145000,0,145000
2012/04/04,0,0,0,0
2012/04/05,0,4032,0,4032
2012/04/06,0,24000,0,24000
2012/04/09,0,77000,-266000,-189000
2012/04/10,0,0,0,0
2012/04/11,0,38000,0,38000
2012/04/12,0,0,-143000,-143000
2012/04/13,0,15000,-80000,-65000
2012/04/16,0,2000,-64000,-62000
2012/04/17,0,0,-57000,-57000
2012/04/18,0,0,-3000,-3000
2012/04/19,0,0,-167000,-167000
2012/04/20,0,152000,0,152000
2012/04/23,0,0,0,0
2012/04/24,0,102000,-13000,89000
2012/04/25,0,0,0,0
2012/04/26,0,197000,0,197000
2012/04/27,0,43000,0,43000
2012/04/30,0,6000,0,6000
2012/05/01,0,0,0,0
2012/05/02,0,6000,-23000,-17000
2012/05/03,0,1293,0,1293
2012/05/04,0,2000,-2000,0
2012/05/07,0,180000,-120,179880
2012/05/08,0,0,0,0
2012/05/09,0,38000,0,38000
2012/05/10,0,0,-10000,-10000
2012/05/11,0,29000,0,29000
2012/05/14,0,0,0,0
2012/05/15,0,4000,0,4000
2012/05/16,0,3000,0,3000
2012/05/17,0,0,0,0
2012/05/18,0,3000,0,3000
2012/05/21,0,11000,0,11000
2012/05/22,0,0,0,0
2012/05/23,0,0,-9000,-9000
2012/05/24,0,0,0,0
2012/05/25,0,0,0,0
2012/05/28,0,0,0,0
2012/05/29,0,1000,0,1000
2012/05/30,0,0,-81589,-81589
2012/05/31,0,0,-3000,-3000
2012/06/01,0,2000,0,2000
2012/06/04,0,2000,0,2000
2012/06/05,0,15000,0,15000
2012/06/06,0,0,-148000,-148000
2012/06/07,0,0,-200000,-200000
2012/06/08,0,18000,0,18000
2012/06/11,0,5000,-33000,-28000
2012/06/12,0,83000,-228000,-145000
2012/06/13,0,38000,-32000,6000
2012/06/14,0,39000,-30000,9000
2012/06/15,0,0,-251000,-251000
2012/06/18,0,0,-23220,-23220
2012/06/19,0,1000,-8000,-7000
2012/06/20,0,2000,-25000,-23000
2012/06/21,0,0,-27000,-27000
2012/06/22,0,0,-66000,-66000
2012/06/25,0,0,-120000,-120000
2012/06/26,0,0,-15611,-15611
2012/06/27,0,0,0,0
2012/06/28,0,12000,-3000,9000
2012/06/29,0,0,0,0
2012/07/02,0,40000,-3000,37000
2012/07/03,0,43000,0,43000
2012/07/04,0,0,-32000,-32000
2012/07/05,0,1000,-1000,0
2012/07/06,0,0,-2000,-2000
2012/07/09,0,0,0,0
2012/07/10,0,96000,0,96000
2012/07/11,0,266000,-7000,259000
2012/07/12,0,188000,0,188000
2012/07/13,0,61000,0,61000
2012/07/16,0,30000,0,30000
2012/07/17,0,115000,-1000,114000
2012/07/18,0,64000,-2000,62000
2012/07/19,0,0,0,0
2012/07/20,0,0,0,0
2012/07/23,0,66000,-3000,63000
2012/07/24,0,0,-36000,-36000
2012/07/25,0,0,0,0
2012/07/26,0,3000,0,3000
2012/07/27,0,0,-7000,-7000
2012/07/30,0,0,-45000,-45000
2012/07/31,0,0,0,0
2012/08/01,0,42000,-30000,12000
2012/08/02,0,0,0,0
2012/08/03,0,89000,0,89000
2012/08/06,0,1000,-1000,0
2012/08/07,0,0,-22000,-22000
2012/08/08,0,0,-110000,-110000
2012/08/09,0,23000,-4000,19000
2012/08/10,0,2000,-26000,-24000
2012/08/13,0,231000,0,231000
2012/08/14,0,0,-1000,-1000
2012/08/15,0,7000,-3000,4000
2012/08/16,0,0,-62000,-62000
2012/08/17,0,120,-127000,-126880
2012/08/20,0,0,-15000,-15000
2012/08/21,0,120000,-1000,119000
2012/08/22,0,0,0,0
2012/08/23,0,0,-8000,-8000
2012/08/24,0,0,0,0
2012/08/27,0,18000,-130000,-112000
2012/08/28,0,0,0,0
2012/08/29,0,20000,-22000,-2000
2012/08/30,0,30000,-9000,21000
2012/08/31,0,3500,-3000,500
2012/09/03,0,0,-442000,-442000
2012/09/04,0,0,-60000,-60000
2012/09/05,0,0,0,0
2012/09/06,0,1000,0,1000
2012/09/07,0,0,-1000,-1000
2012/09/10,0,0,-60000,-60000
2012/09/11,0,0,-60000,-60000
2012/09/12,0,1000,-243000,-242000
2012/09/13,0,0,-20000,-20000
2012/09/14,0,0,-20000,-20000
2012/09/17,0,0,-214000,-214000
2012/09/18,0,1000,-284000,-283000
2012/09/19,0,19000,-222000,-203000
2012/09/20,0,0,-218000,-218000
2012/09/21,0,0,-270000,-270000
2012/09/24,0,1000,-125000,-124000
2012/09/25,0,0,0,0
2012/09/26,0,0,-342000,-342000
2012/09/27,0,1000,0,1000
2012/09/28,0,0,0,0
2012/10/01,0,0,0,0
2012/10/02,0,0,-100000,-100000
2012/10/03,0,0,0,0
2012/10/04,0,0,0,0
2012/10/05,0,0,-140000,-140000
2012/10/08,0,0,0,0
2012/10/09,0,0,0,0
2012/10/10,0,0,0,0
2012/10/11,0,0,0,0
2012/10/12,0,0,-15000,-15000
2012/10/15,0,0,0,0
2012/10/16,0,0,0,0
2012/10/17,0,1000,0,1000
2012/10/18,0,2000,0,2000
2012/10/19,0,0,-20000,-20000
2012/10/22,0,0,0,0
2012/10/23,0,53000,-60000,-7000
2012/10/24,0,0,0,0
2012/10/25,0,8000,-43000,-35000
2012/10/26,0,52000,-321000,-269000
2012/10/29,0,84323,0,84323
2012/10/30,0,0,0,0
2012/10/31,0,50000,-1000,49000
2012/11/01,0,87000,-225000,-138000
2012/11/02,0,20000,-3000,17000
2012/11/05,0,0,0,0
2012/11/06,0,110000,0,110000
2012/11/07,0,70000,-36000,34000
2012/11/08,0,52000,0,52000
2012/11/09,0,167000,0,167000
2012/11/12,0,70000,0,70000
2012/11/13,0,213000,-30000,183000
2012/11/14,0,50000,0,50000
2012/11/15,0,105000,-3000,102000
2012/11/16,0,17000,0,17000
2012/11/19,0,50000,0,50000
2012/11/20,0,0,0,0
2012/11/21,0,70000,0,70000
2012/11/22,0,0,0,0
2012/11/23,0,10000,0,10000
2012/11/26,0,0,-40000,-40000
2012/11/27,0,0,-21000,-21000
2012/11/28,0,10000,-71000,-61000
2012/11/29,0,0,-30000,-30000
2012/11/30,0,0,0,0
2012/12/03,0,45000,-15000,30000
2012/12/04,0,0,-1000,-1000
2012/12/05,0,0,0,0
2012/12/06,0,0,-50000,-50000
2012/12/07,0,0,-34000,-34000
2012/12/10,0,0,-8000,-8000
2012/12/11,0,0,-20000,-20000
2012/12/12,0,0,-20000,-20000
2012/12/13,0,0,-30000,-30000
2012/12/14,0,0,-21000,-21000
2012/12/17,0,0,-52000,-52000
2012/12/18,0,0,-1000,-1000
2012/12/19,0,0,-20000,-20000
2012/12/20,0,0,-31432,-31432
2012/12/21,0,0,-16000,-16000
2012/12/24,0,0,0,0
2012/12/25,0,70000,-20000,50000
2012/12/26,0,200000,0,200000
2012/12/27,0,162000,-136000,26000
2012/12/28,0,20000,-50000,-30000
2012/12/31,0,0,0,0
2013/01/01,0,0,0,0
2013/01/02,0,10000,0,10000
2013/01/03,0,35000,-1000,34000
2013/01/04,0,0,-26000,-26000
2013/01/07,0,0,-19000,-19000
2013/01/08,0,0,-1000,-1000
2013/01/09,0,106000,-128000,-22000
2013/01/10,0,0,0,0
2013/01/11,0,0,-3000,-3000
2013/01/14,0,0,0,0
2013/01/15,0,0,-2000,-2000
2013/01/16,0,0,-3000,-3000
2013/01/17,0,2069,-13000,-10931
2013/01/18,0,0,0,0
2013/01/21,0,0,-8000,-8000
2013/01/22,0,0,-1000,-1000
2013/01/23,0,0,-1000,-1000
2013/01/24,0,0,-3000,-3000
2013/01/25,0,0,-32000,-32000
2013/01/28,0,0,0,0
2013/01/29,0,0,-30000,-30000
2013/01/30,0,0,0,0
2013/01/31,0,0,-1000,-1000
2013/02/01,0,0,-60000,-60000
2013/02/04,0,19000,-12000,7000
2013/02/05,0,0,-19000,-19000
2013/02/06,0,0,-3000,-3000
2013/02/07,0,0,0,0
2013/02/08,0,0,0,0
2013/02/11,0,0,0,0
2013/02/12,0,0,0,0
2013/02/13,0,0,0,0
2013/02/14,0,0,0,0
2013/02/15,0,0,0,0
2013/02/18,0,0,-9000,-9000
2013/02/19,0,0,0,0
2013/02/20,0,6000,-503000,-497000
2013/02/21,0,0,-318000,-318000
2013/02/22,0,0,-3000,-3000
2013/02/25,0,0,0,0
2013/02/26,0,0,-1000,-1000
2013/02/27,0,47000,0,47000
2013/02/28,0,0,0,0
2013/03/01,0,124000,0,124000
2013/03/04,0,0,0,0
2013/03/05,0,76000,0,76000
2013/03/06,0,0,0,0
2013/03/07,0,0,0,0
2013/03/08,0,0,-3000,-3000
2013/03/11,0,0,-5000,-5000
2013/03/12,0,25000,0,25000
2013/03/13,0,0,-1000,-1000
2013/03/14,0,0,-119000,-119000
2013/03/15,0,49000,-994000,-945000
2013/03/18,0,111000,-36000,75000
2013/03/19,0,56000,0,56000
2013/03/20,0,500,0,500
2013/03/21,0,53000,-62000,-9000
2013/03/22,0,0,-1000,-1000
2013/03/25,0,0,0,0
2013/03/26,0,0,0,0
2013/03/27,0,4000,-12000,-8000
2013/03/28,0,60000,0,60000
2013/03/29,0,55000,0,55000
2013/04/01,0,250000,-1000,249000
2013/04/02,0,0,-1000,-1000
2013/04/03,0,0,0,0
2013/04/04,0,0,0,0
2013/04/05,0,0,0,0
2013/04/08,0,0,-1000,-1000
2013/04/09,0,0,-1000,-1000
2013/04/10,0,0,0,0
2013/04/11,0,30000,0,30000
2013/04/12,0,58000,0,58000
2013/04/15,0,0,0,0
2013/04/16,0,0,0,0
2013/04/17,0,304000,-6000,298000
2013/04/18,0,17000,0,17000
2013/04/19,0,1107,0,1107
2013/04/22,0,0,-82000,-82000
2013/04/23,0,65000,-2000,63000
2013/04/24,0,0,-1000,-1000
2013/04/25,0,0,-11000,-11000
2013/04/26,0,0,-1000,-1000
2013/04/29,0,0,-3000,-3000
2013/04/30,0,0,0,0
2013/05/01,0,0,0,0
2013/05/02,0,0,-61000,-61000
2013/05/03,0,0,-2000,-2000
2013/05/06,0,0,-1000,-1000
2013/05/07,0,0,-1000,-1000
2013/05/08,0,0,-115000,-115000
2013/05/09,0,0,-18000,-18000
2013/05/10,0,0,-22000,-22000
2013/05/13,0,0,-21000,-21000
2013/05/14,0,0,-106000,-106000
2013/05/15,0,356000,-74000,282000
2013/05/16,0,0,-18000,-18000
2013/05/17,0,0,-5000,-5000
2013/05/20,0,0,0,0
2013/05/21,0,0,-27000,-27000
2013/05/22,0,0,-4000,-4000
2013/05/23,0,0,-81000,-81000
2013/05/24,0,0,-56000,-56000
2013/05/27,0,50000,-20000,30000
2013/05/28,0,0,-3000,-3000
2013/05/29,0,0,0,0
2013/05/30,0,150000,0,150000
2013/05/31,0,0,0,0
2013/06/03,0,15000,-392,14608
2013/06/04,0,18000,0,18000
2013/06/05,0,18000,0,18000
2013/06/06,0,35000,0,35000
2013/06/07,0,15000,-1000,14000
2013/06/10,0,20000,0,20000
2013/06/11,0,120000,0,120000
2013/06/12,0,0,0,0
2013/06/13,0,31000,-1000,30000
2013/06/14,0,0,-3000,-3000
2013/06/17,0,0,0,0
2013/06/18,0,0,-1000,-1000
2013/06/19,0,0,0,0
2013/06/20,0,0,0,0
2013/06/21,0,0,-9000,-9000
2013/06/24,0,422000,-18000,404000
2013/06/25,0,100000,-6000,94000
2013/06/26,0,3000,-2000,1000
2013/06/27,0,3000,0,3000
2013/06/28,0,0,0,0
2013/07/01,0,250000,-1000,249000
2013/07/02,0,556000,0,556000
2013/07/03,0,55000,0,55000
2013/07/04,0,246000,0,246000
2013/07/05,0,111000,-7000,104000
2013/07/08,0,270000,0,270000
2013/07/09,0,260000,-29000,231000
2013/07/10,0,6000,0,6000
2013/07/11,0,54301,-6000,48301
2013/07/12,0,8000,-1000,7000
2013/07/15,0,251000,0,251000
2013/07/16,0,145000,0,145000
2013/07/17,0,0,0,0
2013/07/18,0,68000,-41000,27000
2013/07/19,0,130000,0,130000
2013/07/22,0,100000,-22000,78000
2013/07/23,0,113000,0,113000
2013/07/24,0,0,-60000,-60000
2013/07/25,0,6500,-16000,-9500
2013/07/26,0,8000,-52000,-44000
2013/07/29,0,0,0,0
2013/07/30,0,4000,0,4000
2013/07/31,0,8000,0,8000
2013/08/01,0,0,-18000,-18000
2013/08/02,0,0,0,0
2013/08/05,0,0,-99000,-99000
2013/08/06,0,0,0,0
2013/08/07,0,0,-41000,-41000
2013/08/08,0,155000,0,155000
2013/08/09,0,10000,0,10000
2013/08/12,0,5000,0,5000
2013/08/13,0,442000,0,442000
2013/08/14,0,0,-12000,-12000
2013/08/15,0,0,-11000,-11000
2013/08/16,0,2000,0,2000
2013/08/19,0,7000,0,7000
2013/08/20,0,0,0,0
2013/08/21,0,0,0,0
2013/08/22,0,7000,0,7000
2013/08/23,0,12000,0,12000
2013/08/26,0,3000,0,3000
2013/08/27,0,40000,0,40000
2013/08/28,0,42000,0,42000
2013/08/29,0,45000,0,45000
2013/08/30,0,101000,-1000,100000
2013/09/02,0,40000,0,40000
2013/09/03,0,42287,0,42287
2013/09/04,0,40000,-345000,-305000
2013/09/05,0,69000,-168000,-99000
2013/09/06,0,18000,-100000,-82000
2013/09/09,0,23000,-2000,21000
2013/09/10,0,40000,0,40000
2013/09/11,0,4000,0,4000
2013/09/12,0,39000,0,39000
2013/09/13,0,29000,-60000,-31000
2013/09/16,0,70000,-1000,69000
2013/09/17,0,30000,0,30000
2013/09/18,0,1000,-73000,-72000
2013/09/19,0,0,0,0
2013/09/20,0,0,0,0
2013/09/23,0,40000,0,40000
2013/09/24,0,117500,0,117500
2013/09/25,0,0,0,0
2013/09/26,0,0,0,0
2013/09/27,0,0,-4000,-4000
2013/09/30,0,1000,0,1000
2013/10/01,0,0,-50000,-50000
2013/10/02,0,0,-208000,-208000
2013/10/03,0,1000,-188000,-187000
2013/10/04,0,0,-100000,-100000
2013/10/07,0,22000,0,22000
2013/10/08,0,65000,0,65000
2013/10/09,0,60000,0,60000
2013/10/10,0,0,0,0
2013/10/11,0,0,0,0
2013/10/14,0,0,-45000,-45000
2013/10/15,0,0,-44000,-44000
2013/10/16,0,0,0,0
2013/10/17,0,0,0,0
2013/10/18,0,165000,0,165000
2013/10/21,0,0,0,0
2013/10/22,0,0,-4000,-4000
2013/10/23,0,0,0,0
2013/10/24,0,10000,-20000,-10000
2013/10/25,0,0,0,0
2013/10/28,0,50000,-54000,-4000
2013/10/29,0,66000,0,66000
2013/10/30,0,35000,-150000,-115000
2013/10/31,0,99000,0,99000
2013/11/01,0,0,-3000,-3000
2013/11/04,0,0,-12000,-12000
2013/11/05,0,0,0,0
2013/11/06,0,0,-1000,-1000
2013/11/07,0,0,0,0
2013/11/08,0,0,0,0
2013/11/11,0,0,-50000,-50000
2013/11/12,0,27000,-235000,-208000
2013/11/13,0,70000,-413000,-343000
2013/11/14,0,104000,-187000,-83000
2013/11/15,0,74000,0,74000
2013/11/18,0,45000,-13000,32000
2013/11/19,0,79000,0,79000
2013/11/20,0,50000,0,50000
2013/11/21,0,40000,0,40000
2013/11/22,0,30000,0,30000
2013/11/25,0,40000,-1181,38819
2013/11/26,0,0,0,0
2013/11/27,0,57000,0,57000
2013/11/28,0,0,0,0
2013/11/29,0,20000,0,20000
2013/12/02,0,0,-79000,-79000
2013/12/03,0,0,0,0
2013/12/04,0,0,0,0
2013/12/05,0,0,-169000,-169000
2013/12/06,0,0,0,0
2013/12/09,0,0,-357000,-357000
2013/12/10,0,0,0,0
2013/12/11,0,0,0,0
2013/12/12,0,9000,0,9000
2013/12/13,0,9000,0,9000
2013/12/16,0,348000,0,348000
2013/12/17,0,9000,-47000,-38000
2013/12/18,0,38000,-84000,-46000
2013/12/19,0,30000,0,30000
2013/12/20,0,55000,-53000,2000
2013/12/23,0,30000,0,30000
2013/12/24,0,0,-28000,-28000
2013/12/25,0,30000,-4000,26000
2013/12/26,0,0,0,0
2013/12/27,0,33000,0,33000
2013/12/30,0,287000,-1000,286000
2013/12/31,0,38000,-1000,37000
2014/01/02,0,0,-52000,-52000
2014/01/03,0,61000,-118000,-57000
2014/01/06,0,43000,-1000,42000
2014/01/07,0,28000,0,28000
2014/01/08,0,136000,-45000,91000
2014/01/09,0,84000,0,84000
2014/01/10,0,0,-18000,-18000
2014/01/13,0,14000,0,14000
2014/01/14,0,28000,-78000,-50000
2014/01/15,0,13000,-111000,-98000
2014/01/16,0,43000,-34000,9000
2014/01/17,0,65000,-33000,32000
2014/01/20,0,25000,0,25000
2014/01/21,0,79000,-1000,78000
2014/01/22,0,175000,0,175000
2014/01/23,0,129000,-1000,128000
2014/01/24,0,25000,0,25000
2014/01/27,0,47000,0,47000
2014/02/05,0,159000,0,159000
2014/02/06,0,101000,0,101000
2014/02/07,0,22000,0,22000
2014/02/10,0,85000,0,85000
2014/02/11,0,5000,0,5000
2014/02/12,0,37000,0,37000
2014/02/13,0,9000,-1989,7011
2014/02/14,0,44000,-192000,-148000
2014/02/17,0,0,-40000,-40000
2014/02/18,0,126000,-501000,-375000
2014/02/19,0,27000,-1000,26000
2014/02/20,0,36000,0,36000
2014/02/21,0,84000,0,84000
2014/02/24,0,70000,-1000,69000
2014/02/25,0,50000,0,50000
2014/02/26,0,75000,0,75000
2014/02/27,0,93000,0,93000
2014/03/03,0,60000,0,60000
2014/03/04,0,75000,0,75000
2014/03/05,0,77000,0,77000
2014/03/06,0,108000,0,108000
2014/03/07,0,0,-1000,-1000
2014/03/10,0,78000,-8000,70000
2014/03/11,0,44000,-1000,43000
2014/03/12,0,20000,-59000,-39000
2014/03/13,0,0,-221000,-221000
2014/03/14,0,40000,-53000,-13000
2014/03/17,0,351000,0,351000
2014/03/18,0,38000,0,38000
2014/03/19,0,286000,-50000,236000
2014/03/20,0,56000,0,56000
2014/03/21,0,89000,0,89000
2014/03/24,0,62000,-85000,-23000
2014/03/25,0,54000,-15000,39000
2014/03/26,0,192000,-77000,115000
2014/03/27,0,7000,-43000,-36000
2014/03/28,0,12000,-11000,1000
2014/03/31,0,5000,0,5000
2014/04/01,0,30000,0,30000
2014/04/02,0,22000,0,22000
2014/04/03,0,3000,-65000,-62000
2014/04/07,0,8000,-68000,-60000
2014/04/08,0,0,-110000,-110000
2014/04/09,0,0,-10000,-10000
2014/04/10,0,2838,-77000,-74162
2014/04/11,0,0,0,0
2014/04/14,0,0,0,0
2014/04/15,0,60000,-82000,-22000
2014/04/16,0,18000,-18000,0
2014/04/17,0,8000,0,8000
2014/04/18,0,57000,-10000,47000
2014/04/21,0,20000,-108000,-88000
2014/04/22,0,0,-212000,-212000
2014/04/23,0,0,-79000,-79000
2014/04/24,0,0,-109000,-109000
2014/04/25,0,0,-39000,-39000
2014/04/28,0,0,0,0
2014/04/29,0,0,-20000,-20000
2014/04/30,0,32000,-6000,26000
2014/05/02,0,0,0,0
2014/05/05,0,3000,-10000,-7000
2014/05/06,0,0,0,0
2014/05/07,0,0,-4000,-4000
2014/05/08,0,30000,-19000,11000
2014/05/09,0,131000,0,131000
2014/05/12,0,0,0,0
2014/05/13,0,0,-53000,-53000
2014/05/14,0,0,-16000,-16000
2014/05/15,0,0,-30000,-30000
2014/05/16,0,0,-71000,-71000
2014/05/19,0,0,-1000,-1000
2014/05/20,0,0,0,0
2014/05/21,0,0,0,0
2014/05/22,0,13000,0,13000
2014/05/23,0,0,-16000,-16000
2014/05/26,0,0,-55000,-55000
2014/05/27,0,0,-10000,-10000
2014/05/28,0,0,-6000,-6000
2014/05/29,0,0,-6000,-6000
2014/05/30,0,0,-186000,-186000
2014/06/03,0,0,-64000,-64000
2014/06/04,0,0,-116000,-116000
2014/06/05,0,5000,0,5000
2014/06/06,0,0,-71000,-71000
2014/06/09,0,0,-10000,-10000
2014/06/10,0,0,-51000,-51000
2014/06/11,0,0,-3000,-3000
2014/06/12,0,0,-105000,-105000
2014/06/13,0,0,-360000,-360000
2014/06/16,0,0,-98000,-98000
2014/06/17,0,0,-79000,-79000
2014/06/18,0,0,-61000,-61000
2014/06/19,0,1000,-161000,-160000
2014/06/20,0,60000,-71384,-11384
2014/06/23,0,0,0,0
2014/06/24,0,1000,-103000,-102000
2014/06/25,0,0,-11000,-11000
2014/06/26,0,0,-105000,-105000
2014/06/27,0,0,-25000,-25000
2014/06/30,0,0,-4000,-4000
2014/07/01,0,0,-209000,-209000
2014/07/02,0,94,-30000,-29906
2014/07/03,0,0,-89000,-89000
2014/07/04,0,0,-60000,-60000
2014/07/07,0,0,-40000,-40000
2014/07/08,0,0,-53000,-53000
2014/07/09,0,0,0,0
2014/07/10,0,0,-8000,-8000
2014/07/11,0,0,0,0
2014/07/14,0,0,-1000,-1000
2014/07/15,0,0,-28000,-28000
2014/07/16,0,0,-6000,-6000
2014/07/17,0,4000,0,4000
2014/07/18,0,0,-50000,-50000
2014/07/21,0,0,0,0
2014/07/22,0,18000,-39000,-21000
2014/07/23,0,0,0,0
2014/07/24,0,1000,0,1000
2014/07/25,0,1000,0,1000
2014/07/28,0,0,0,0
2014/07/29,0,1000,-10000,-9000
2014/07/30,0,0,-4000,-4000
2014/07/31,0,9000,0,9000
2014/08/01,0,4000,-90000,-86000
2014/08/04,0,0,-1000,-1000
2014/08/05,0,0,0,0
2014/08/06,0,1000,0,1000
2014/08/07,0,6000,0,6000
2014/08/08,0,8000,0,8000
2014/08/11,0,2000,0,2000
2014/08/12,0,2000,-164000,-162000
2014/08/13,0,20000,-59000,-39000
2014/08/14,0,3000,0,3000
2014/08/15,0,2000,0,2000
2014/08/18,0,0,0,0
2014/08/19,0,1000,0,1000
2014/08/20,0,0,0,0
2014/08/21,0,15000,0,15000
2014/08/22,0,20000,0,20000
2014/08/25,0,0,-4000,-4000
2014/08/26,0,0,0,0
2014/08/27,0,3000,-37000,-34000
2014/08/28,0,7000,0,7000
2014/08/29,0,0,0,0
2014/09/01,0,12000,-24000,-12000
2014/09/02,0,12000,-3000,9000
2014/09/03,0,2000,0,2000
2014/09/04,0,50000,0,50000
2014/09/05,0,2000,0,2000
2014/09/09,0,0,0,0
2014/09/10,0,0,0,0
2014/09/11,0,4000,-43000,-39000
2014/09/12,0,4000,-12000,-8000
2014/09/15,0,8000,-3000,5000
2014/09/16,0,0,0,0
2014/09/17,0,2000,-19000,-17000
2014/09/18,0,6000,0,6000
2014/09/19,0,17000,-24000,-7000
2014/09/22,0,14676,0,14676
2014/09/23,0,1000,0,1000
2014/09/24,0,0,0,0
2014/09/25,0,44000,0,44000
2014/09/26,0,0,0,0
2014/09/29,0,9000,-2000,7000
2014/09/30,0,4000,0,4000
2014/10/01,0,0,0,0
2014/10/02,0,0,0,0
2014/10/03,0,0,-4000,-4000
2014/10/06,0,5000,0,5000
2014/10/07,0,1000,0,1000
2014/10/08,0,0,0,0
2014/10/09,0,0,0,0
2014/10/13,0,0,-32000,-32000
2014/10/14,0,500,-2000,-1500
2014/10/15,0,0,-21000,-21000
2014/10/16,0,0,-6000,-6000
2014/10/17,0,0,0,0
2014/10/20,0,0,0,0
2014/10/21,0,3000,0,3000
2014/10/22,0,0,0,0
2014/10/23,0,6000,0,6000
2014/10/24,0,0,0,0
2014/10/27,0,2000,0,2000
2014/10/28,0,0,-1000,-1000
2014/10/29,0,100000,0,100000
2014/10/30,0,26000,0,26000
2014/10/31,0,0,0,0
2014/11/03,0,0,-2000,-2000
2014/11/04,0,0,0,0
2014/11/05,0,0,0,0
2014/11/06,0,35000,0,35000
2014/11/07,0,0,-3000,-3000
2014/11/10,0,10000,0,10000
2014/11/11,0,5000,0,5000
2014/11/12,0,2000,0,2000
2014/11/13,0,2000,0,2000
2014/11/14,0,0,0,0
2014/11/17,0,0,-5000,-5000
2014/11/18,0,0,0,0
2014/11/19,0,0,0,0
2014/11/20,0,0,0,0
2014/11/21,0,0,0,0
2014/11/24,0,13000,0,13000
2014/11/25,0,10000,-17000,-7000
2014/11/26,0,0,-31000,-31000
2014/11/27,0,0,-18000,-18000
2014/11/28,0,0,-1000,-1000
2014/12/01,0,69000,0,69000
2014/12/02,0,0,0,0
2014/12/03,0,119000,-13000,106000
2014/12/04,0,58000,0,58000
2014/12/05,0,16000,-17000,-1000
2014/12/08,0,0,0,0
2014/12/09,0,0,-17000,-17000
2014/12/10,0,0,-2000,-2000
2014/12/11,0,0,-237,-237
2014/12/12,0,0,0,0
2014/12/15,0,0,0,0
2014/12/16,0,0,0,0
2014/12/17,0,0,0,0
2014/12/18,0,17000,0,17000
2014/12/19,0,15000,0,15000
2014/12/22,0,129000,0,129000
2014/12/23,0,1000,-72000,-71000
2014/12/24,0,0,0,0
2014/12/25,0,0,0,0
2014/12/26,0,0,0,0
2014/12/29,0,33000,0,33000
2014/12/30,0,0,0,0
2014/12/31,0,0,-51000,-51000
2015/01/01,0,0,0,0
2015/01/02,0,0,0,0
2015/01/05,0,0,-42000,-42000
2015/01/06,0,13000,-35000,-22000
2015/01/07,0,0,0,0
2015/01/08,0,0,-25000,-25000
2015/01/09,0,0,0,0
2015/01/12,0,0,0,0
2015/01/13,0,87000,-7000,80000
2015/01/14,0,0,-44000,-44000
2015/01/15,0,0,0,0
2015/01/16,0,0,0,0
2015/01/19,0,6000,-2000,4000
2015/01/20,0,0,0,0
2015/01/21,0,0,-11000,-11000
2015/01/22,0,19000,-40000,-21000
2015/01/23,0,0,0,0
2015/01/26,0,208000,0,208000
2015/01/27,0,9000,0,9000
2015/01/28,0,0,0,0
2015/01/29,0,0,-27000,-27000
2015/01/30,0,0,-25000,-25000
2015/02/02,0,156000,0,156000
2015/02/03,0,2000,0,2000
2015/02/04,0,19000,0,19000
2015/02/05,0,0,0,0
2015/02/06,0,0,0,0
2015/02/09,0,116000,0,116000
2015/02/10,0,4000,0,4000
2015/02/11,0,0,0,0
2015/02/12,0,0,0,0
2015/02/13,0,11000,-64000,-53000
2015/02/16,0,0,0,0
2015/02/17,0,0,0,0
2015/02/18,0,0,0,0
2015/02/19,0,0,0,0
2015/02/20,0,0,0,0
2015/02/23,0,0,0,0
2015/02/24,0,175000,0,175000
2015/02/25,0,0,-3000,-3000
2015/02/26,0,0,-151000,-151000
2015/02/27,0,0,0,0
2015/03/02,0,14000,-4000,10000
2015/03/03,0,12000,-16000,-4000
2015/03/04,0,52000,-4000,48000
2015/03/05,0,15000,-101000,-86000
2015/03/06,0,3000,-7000,-4000
2015/03/09,0,0,-4000,-4000
2015/03/10,0,0,-19000,-19000
2015/03/11,0,7000,-102000,-95000
2015/03/12,0,1,-15000,-14999
2015/03/13,0,11000,-14000,-3000
2015/03/16,0,25000,-17000,8000
2015/03/17,0,0,-10000,-10000
2015/03/18,0,18000,-9000,9000
2015/03/19,0,0,-3000,-3000
2015/03/20,0,1000,-74000,-73000
2015/03/23,0,0,-1000,-1000
2015/03/24,0,10000,-134000,-124000
2015/03/25,0,0,-21000,-21000
2015/03/26,0,9000,-260000,-251000
2015/03/27,0,156000,-236000,-80000
2015/03/30,0,0,-30000,-30000
2015/03/31,0,35000,-1000,34000
2015/04/01,0,130000,-100000,30000
2015/04/02,0,171000,-26000,145000
2015/04/03,0,0,0,0
2015/04/06,0,0,0,0
2015/04/07,0,11000,-56000,-45000
2015/04/08,0,11000,-4000,7000
2015/04/09,0,65000,0,65000
2015/04/10,0,33000,-10000,23000
2015/04/13,0,0,-13000,-13000
2015/04/14,0,0,-54000,-54000
2015/04/15,0,0,-46000,-46000
2015/04/16,0,0,-33000,-33000
2015/04/17,0,0,-11000,-11000
2015/04/20,0,10000,-11000,-1000
2015/04/21,0,0,0,0
2015/04/22,0,0,-49000,-49000
2015/04/23,0,0,-15000,-15000
2015/04/24,0,15000,-3000,12000
2015/04/27,0,0,-11000,-11000
2015/04/28,0,5000,0,5000
2015/04/29,0,0,-2000,-2000
2015/04/30,0,5000,-9000,-4000
2015/05/01,0,0,0,0
2015/05/04,0,344000,0,344000
2015/05/05,0,13000,0,13000
2015/05/06,0,0,-3000,-3000
2015/05/07,0,11000,0,11000
2015/05/08,0,0,0,0
2015/05/11,0,0,-19000,-19000
2015/05/12,0,0,-12000,-12000
2015/05/13,0,0,0,0
2015/05/14,0,11000,0,11000
2015/05/15,0,0,-425000,-425000
2015/05/18,0,0,-31000,-31000
2015/05/19,0,0,0,0
2015/05/20,0,7000,0,7000
2015/05/21,0,5000,-1000,4000
2015/05/22,0,33000,-29000,4000
2015/05/25,0,38000,0,38000
2015/05/26,0,0,-58000,-58000
2015/05/27,0,7000,0,7000
2015/05/28,0,2000,-2000,0
2015/05/29,0,7000,0,7000
2015/06/01,0,0,-10000,-10000
2015/06/02,0,10000,0,10000
2015/06/03,0,5000,0,5000
2015/06/04,0,25247,0,25247
2015/06/05,0,37000,-1000,36000
2015/06/08,0,30000,-15000,15000
2015/06/09,0,52000,0,52000
2015/06/10,0,42000,0,42000
2015/06/11,0,180000,0,180000
2015/06/12,0,29000,-2000,27000
2015/06/15,0,21000,0,21000
2015/06/16,0,17000,0,17000
2015/06/17,0,25000,0,25000
2015/06/18,0,55000,-1000,54000
2015/06/19,0,0,0,0
2015/06/22,0,20000,-4000,16000
2015/06/23,0,26000,-21000,5000
2015/06/24,0,0,-6000,-6000
2015/06/25,0,0,-1000,-1000
2015/06/26,0,0,-13000,-13000
2015/06/29,0,30000,-5000,25000
2015/06/30,0,41000,0,41000
2015/07/01,0,0,-32000,-32000
2015/07/02,0,7000,-8000,-1000
2015/07/03,0,0,0,0
2015/07/06,0,0,-2000,-2000
2015/07/07,0,20000,0,20000
2015/07/08,0,40000,0,40000
2015/07/09,0,62000,-1000,61000
2015/07/10,0,0,0,0
2015/07/13,0,11000,-5000,6000
2015/07/14,0,25000,0,25000
2015/07/15,0,45000,0,45000
2015/07/16,0,41000,0,41000
2015/07/17,0,48000,0,48000
2015/07/20,0,200000,-258000,-58000
2015/07/21,0,1000,0,1000
2015/07/22,0,10000,-126000,-116000
2015/07/23,0,5000,0,5000
2015/07/24,0,13000,0,13000
2015/07/27,0,77000,-25000,52000
2015/07/28,0,42000,-13000,29000
2015/07/29,0,4000,-21000,-17000
2015/07/30,0,22000,-26000,-4000
2015/07/31,0,143000,-25000,118000
2015/08/03,0,26000,-80000,-54000
2015/08/04,0,40000,0,40000
2015/08/05,0,329000,0,329000
2015/08/06,0,27000,-14000,13000
2015/08/07,0,46000,0,46000
2015/08/10,0,7000,-11000,-4000
2015/08/11,0,47000,-33000,14000
2015/08/12,0,45000,-22000,23000
2015/08/13,0,4000,-62000,-58000
2015/08/14,0,17000,-16000,1000
2015/08/17,0,29000,-9000,20000
2015/08/18,0,63000,0,63000
2015/08/19,0,0,-16000,-16000
2015/08/20,0,15000,0,15000
2015/08/21,0,131000,0,131000
2015/08/24,0,100000,-21000,79000
2015/08/25,0,113,-36000,-35887
2015/08/26,0,80000,-55000,25000
2015/08/27,0,81000,-12000,69000
2015/08/28,0,41000,-1000,40000
2015/08/31,0,13000,-23000,-10000
2015/09/01,0,6000,-12000,-6000
2015/09/02,0,13000,-24000,-11000
2015/09/03,0,99000,-238000,-139000
2015/09/04,0,10000,-250000,-240000
2015/09/07,0,32000,0,32000
2015/09/08,0,2000,0,2000
2015/09/09,0,56000,0,56000
2015/09/10,0,17000,-12000,5000
2015/09/11,0,20000,0,20000
2015/09/14,0,38000,0,38000
2015/09/15,0,1000,-125000,-124000
2015/09/16,0,18000,-50000,-32000
2015/09/17,0,14000,-34000,-20000
2015/09/18,0,0,-72000,-72000
2015/09/21,0,1000,-24000,-23000
2015/09/22,0,309,0,309
2015/09/23,0,0,0,0
2015/09/24,0,0,-45000,-45000
2015/09/25,0,0,0,0
2015/09/28,0,0,0,0
2015/09/29,0,0,0,0
2015/09/30,0,12000,0,12000
2015/10/01,0,45000,-24000,21000
2015/10/02,0,9000,0,9000
2015/10/05,0,0,0,0
2015/10/06,0,0,0,0
2015/10/07,0,0,0,0
2015/10/08,0,27000,-30000,-3000
2015/10/09,0,0,0,0
2015/10/12,0,0,-8000,-8000
2015/10/13,0,0,-96000,-96000
2015/10/14,0,0,-18000,-18000
2015/10/15,0,2000,-19000,-17000
2015/10/16,0,2000,-7000,-5000
2015/10/19,0,0,-8000,-8000
2015/10/20,0,0,0,0
2015/10/21,0,0,-136000,-136000
2015/10/22,0,0,-14000,-14000
2015/10/23,0,3000,-40000,-37000
2015/10/26,0,0,0,0
2015/10/27,0,0,-27000,-27000
2015/10/28,0,0,0,0
2015/10/29,0,0,0,0
2015/10/30,0,0,0,0
2015/11/02,0,0,-7000,-7000
2015/11/03,0,12000,0,12000
2015/11/04,0,10000,-16000,-6000
2015/11/05,0,0,-30000,-30000
2015/11/06,0,0,0,0
2015/11/09,0,4000,0,4000
2015/11/10,0,21000,0,21000
2015/11/11,0,0,0,0
2015/11/12,0,0,0,0
2015/11/13,0,0,0,0
2015/11/16,0,0,-7000,-7000
2015/11/17,0,0,0,0
2015/11/18,0,0,0,0
2015/11/19,0,0,0,0
2015/11/20,0,0,-18000,-18000
2015/11/23,0,1000,0,1000
2015/11/24,0,20000,-10000,10000
2015/11/25,0,0,0,0
2015/11/26,0,0,-17000,-17000
2015/11/27,0,0,0,0
2015/11/30,0,0,0,0
2015/12/01,0,0,-100000,-100000
2015/12/02,0,0,0,0
2015/12/03,0,11000,-222000,-211000
2015/12/04,0,0,0,0
2015/12/07,0,13000,-50000,-37000
2015/12/08,0,0,0,0
2015/12/09,0,0,0,0
2015/12/10,0,6000,-12000,-6000
2015/12/11,0,0,-384000,-384000
2015/12/14,0,0,-8469,-8469
2015/12/15,0,0,0,0
2015/12/16,0,0,-1000,-1000
2015/12/17,0,0,0,0
2015/12/18,0,0,-3000,-3000
2015/12/21,0,0,-100000,-100000
2015/12/22,0,0,-99000,-99000
2015/12/23,0,0,-112000,-112000
2015/12/24,0,0,-100000,-100000
2015/12/25,0,0,0,0
2015/12/28,0,10000,-105000,-95000
2015/12/29,0,0,-4000,-4000
2015/12/30,0,0,0,0
2015/12/31,0,0,0,0
2016/01/01,0,0,0,0
2016/01/04,0,15000,-2000,13000
2016/01/05,0,9000,-253000,-244000
2016/01/06,0,0,-250000,-250000
2016/01/07,0,0,-10000,-10000
2016/01/08,0,3000,0,3000
2016/01/11,0,52000,-20000,32000
2016/01/12,0,29000,-19000,10000
2016/01/13,0,0,0,0
2016/01/14,0,0,-6000,-6000
2016/01/15,0,0,-6000,-6000
2016/01/18,0,26000,0,26000
2016/01/19,0,10000,-53000,-43000
2016/01/20,0,43000,-71000,-28000
2016/01/21,0,0,-6000,-6000
2016/01/22,0,0,0,0
2016/01/25,0,0,-1000,-1000
2016/01/26,0,36000,0,36000
2016/01/27,0,124000,-11000,113000
2016/01/28,0,144000,-34000,110000
2016/01/29,0,0,-15000,-15000
2016/02/01,0,85000,0,85000
2016/02/02,0,3000,0,3000
2016/02/03,0,0,-5000,-5000
2016/02/04,0,0,0,0
2016/02/05,0,0,0,0
2016/02/08,0,0,0,0
2016/02/09,0,0,0,0
2016/02/10,0,0,0,0
2016/02/11,0,0,0,0
2016/02/12,0,0,0,0
2016/02/15,0,29000,-10048,18952
2016/02/16,0,0,-31000,-31000
2016/02/17,0,0,-20000,-20000
2016/02/18,0,0,-26000,-26000
2016/02/19,0,15000,0,15000
2016/02/22,0,2000,-149000,-147000
2016/02/23,0,0,0,0
2016/02/24,0,0,0,0
2016/02/25,0,0,0,0
2016/02/26,0,3000,0,3000
2016/02/29,0,0,0,0
2016/03/01,0,10000,-95000,-85000
2016/03/02,0,0,-94969,-94969
2016/03/03,0,0,-6000,-6000
2016/03/04,0,0,0,0
2016/03/07,0,0,-37000,-37000
2016/03/08,0,0,-1000,-1000
2016/03/09,0,0,-13000,-13000
2016/03/10,0,0,-10000,-10000
2016/03/11,0,0,-176000,-176000
2016/03/14,0,0,-115000,-115000
2016/03/15,0,0,-3000,-3000
2016/03/16,0,0,-57000,-57000
2016/03/17,0,0,-4000,-4000
2016/03/18,0,5000,-30000,-25000
2016/03/21,0,9000,-35000,-26000
2016/03/22,0,0,-5000,-5000
2016/03/23,0,0,-28000,-28000
2016/03/24,0,0,-5000,-5000
2016/03/25,0,20000,0,20000
2016/03/28,0,5000,0,5000
2016/03/29,0,41000,0,41000
2016/03/30,0,0,-129000,-129000
2016/03/31,0,53000,0,53000
2016/04/01,0,0,0,0
2016/04/04,0,0,0,0
2016/04/05,0,0,0,0
2016/04/06,0,0,0,0
2016/04/07,0,69000,-8000,61000
2016/04/08,0,16000,-5000,11000
2016/04/11,0,0,0,0
2016/04/12,0,0,0,0
2016/04/13,0,1000,-6000,-5000
2016/04/14,0,0,-4000,-4000
2016/04/15,0,25000,-8000,17000
2016/04/18,0,0,0,0
2016/04/19,0,0,-18000,-18000
2016/04/20,0,0,0,0
2016/04/21,0,12000,-11000,1000
2016/04/22,0,0,0,0
2016/04/25,0,11000,0,11000
2016/04/26,0,0,0,0
2016/04/27,0,0,0,0
2016/04/28,0,0,-4000,-4000
2016/04/29,0,0,0,0
2016/05/02,0,0,0,0
2016/05/03,0,0,-5000,-5000
2016/05/04,0,6000,-5000,1000
2016/05/05,0,40000,0,40000
2016/05/06,0,53000,0,53000
2016/05/09,0,105000,0,105000
2016/05/10,0,176,0,176
2016/05/11,0,0,0,0
2016/05/12,0,68000,0,68000
2016/05/13,0,38000,0,38000
2016/05/16,0,4000,0,4000
2016/05/17,0,0,-50000,-50000
2016/05/18,0,0,0,0
2016/05/19,0,0,-83000,-83000
2016/05/20,0,246000,-44000,202000
2016/05/23,0,58000,-10000,48000
2016/05/24,0,146000,-58000,88000
2016/05/25,0,0,-1000,-1000
2016/05/26,0,4000,0,4000
2016/05/27,0,29000,0,29000
2016/05/30,0,50000,0,50000
2016/05/31,0,0,0,0
2016/06/01,0,73000,0,73000
2016/06/02,0,147000,-46000,101000
2016/06/03,0,0,-70000,-70000
2016/06/06,0,2000,-35000,-33000
2016/06/07,0,14000,-42000,-28000
2016/06/08,0,18000,-15000,3000
2016/06/09,0,0,0,0
2016/06/10,0,0,0,0
2016/06/13,0,66000,-12000,54000
2016/06/14,0,15000,-18000,-3000
2016/06/15,0,8000,-13000,-5000
2016/06/16,0,0,-31000,-31000
2016/06/17,0,300000,-8000,292000
2016/06/20,0,38000,-1000,37000
2016/06/21,0,0,0,0
2016/06/22,0,0,-30000,-30000
2016/06/23,0,10000,-14000,-4000
2016/06/24,0,18000,-5000,13000
2016/06/27,0,12000,-1000,11000
2016/06/28,0,1000,0,1000
2016/06/29,0,0,0,0
2016/06/30,0,12000,0,12000
2016/07/01,0,0,-10000,-10000
2016/07/04,0,3000,0,3000
2016/07/05,0,0,-18000,-18000
2016/07/06,0,0,-5000,-5000
2016/07/07,0,0,-5000,-5000
2016/07/08,0,0,0,0
2016/07/11,0,18000,0,18000
2016/07/12,0,0,0,0
2016/07/13,0,0,0,0
2016/07/14,0,0,-11000,-11000
2016/07/15,0,0,-5000,-5000
2016/07/18,0,1000,-47000,-46000
2016/07/19,0,1000,-55000,-54000
2016/07/20,0,5000,-34000,-29000
2016/07/21,0,30000,-54000,-24000
2016/07/22,0,8000,-14000,-6000
2016/07/25,0,57000,0,57000
2016/07/26,0,8000,0,8000
2016/07/27,0,0,-1000,-1000
2016/07/28,0,0,0,0
2016/07/29,0,197,-3000,-2803
2016/08/01,0,0,-30000,-30000
2016/08/02,0,0,0,0
2016/08/03,0,1000,-16000,-15000
2016/08/04,0,3000,-22000,-19000
2016/08/05,0,0,-6000,-6000
2016/08/08,0,0,-1000,-1000
2016/08/09,0,0,0,0
2016/08/10,0,0,0,0
2016/08/11,0,0,0,0
2016/08/12,0,0,-1000,-1000
2016/08/15,0,0,-2000,-2000
2016/08/16,0,0,-2000,-2000
2016/08/17,0,0,-17000,-17000
2016/08/18,0,0,-6000,-6000
2016/08/19,0,17000,-16000,1000
2016/08/22,0,11000,0,11000
2016/08/23,0,0,-77000,-77000
2016/08/24,0,0,-17000,-17000
2016/08/25,0,0,-23000,-23000
2016/08/26,0,1000,0,1000
2016/08/29,0,0,-79000,-79000
2016/08/30,0,4000,-18000,-14000
2016/08/31,0,0,-130000,-130000
2016/09/01,0,12000,-86000,-74000
2016/09/02,0,0,0,0
2016/09/05,0,0,-17000,-17000
2016/09/06,0,0,0,0
2016/09/07,0,1000,0,1000
2016/09/08,0,5000,-11000,-6000
2016/09/09,0,0,-31000,-31000
2016/09/12,0,0,-16000,-16000
2016/09/13,0,0,0,0
2016/09/14,0,7000,0,7000
2016/09/15,0,0,0,0
2016/09/16,0,0,0,0
2016/09/19,0,0,0,0
2016/09/20,0,0,-38000,-38000
2016/09/21,0,0,-36000,-36000
2016/09/22,0,35000,-14000,21000
2016/09/23,0,5000,-117000,-112000
2016/09/26,0,0,-16000,-16000
2016/09/27,0,0,0,0
2016/09/28,0,0,0,0
2016/09/29,0,0,0,0
2016/09/30,0,8410,0,8410
2016/10/03,0,0,-3000,-3000
2016/10/04,0,9000,-109000,-100000
2016/10/05,0,42000,-10000,32000
2016/10/06,0,18000,-57000,-39000
2016/10/07,0,40000,-15000,25000
2016/10/10,0,0,0,0
2016/10/11,0,0,-30000,-30000
2016/10/12,0,35000,-6000,29000
2016/10/13,0,15000,0,15000
2016/10/14,0,0,0,0
2016/10/17,0,0,0,0
2016/10/18,0,27000,0,27000
2016/10/19,0,0,0,0
2016/10/20,0,0,-1000,-1000
2016/10/21,0,6000,-191000,-185000
2016/10/24,0,0,-1000,-1000
2016/10/25,0,14000,0,14000
2016/10/26,0,3000,-23000,-20000
2016/10/27,0,9000,-50000,-41000
2016/10/28,0,0,-79000,-79000
2016/10/31,0,21000,0,21000
2016/11/01,0,0,-20000,-20000
2016/11/02,0,0,-1084,-1084
2016/11/03,0,30000,-33000,-3000
2016/11/04,0,0,-8000,-8000
2016/11/07,0,0,-82000,-82000
2016/11/08,0,0,0,0
2016/11/09,0,13000,0,13000
2016/11/10,0,6000,0,6000
2016/11/11,0,32000,0,32000
2016/11/14,0,115000,-72000,43000
2016/11/15,0,35000,-4000,31000
2016/11/16,0,5000,-18000,-13000
2016/11/17,0,5000,-9000,-4000
2016/11/18,0,5000,0,5000
2016/11/21,0,27000,-22000,5000
2016/11/22,0,25000,-36000,-11000
2016/11/23,0,2000,0,2000
2016/11/24,0,5000,0,5000
2016/11/25,0,0,0,0
2016/11/28,0,15000,-160000,-145000
2016/11/29,0,7000,-39000,-32000
2016/11/30,0,19000,-33000,-14000
2016/12/01,0,0,-8000,-8000
2016/12/02,0,4000,0,4000
2016/12/05,0,1000,-33000,-32000
2016/12/06,0,25000,-32000,-7000
2016/12/07,0,23000,0,23000
2016/12/08,0,31000,-140000,-109000
2016/12/09,0,28000,-34000,-6000
2016/12/12,0,26000,-122000,-96000
2016/12/13,0,28000,0,28000
2016/12/14,0,135000,0,135000
2016/12/15,0,0,-23000,-23000
2016/12/16,0,0,0,0
2016/12/19,0,65000,-28000,37000
2016/12/20,0,40000,0,40000
2016/12/21,0,25000,0,25000
2016/12/22,0,0,-28000,-28000
2016/12/23,0,30000,-6000,24000
2016/12/26,0,20000,0,20000
2016/12/27,0,43000,0,43000
2016/12/28,0,20000,0,20000
2016/12/29,0,10000,0,10000
2016/12/30,0,46000,0,46000
2017/01/02,0,0,0,0
2017/01/03,0,0,0,0
2017/01/04,0,0,-1000,-1000
2017/01/05,0,36000,0,36000
2017/01/06,0,34000,-25000,9000
2017/01/09,0,39000,0,39000
2017/01/10,0,40000,-10000,30000
2017/01/11,0,12000,-14000,-2000
2017/01/12,0,37000,0,37000
2017/01/13,0,0,0,0
2017/01/16,0,21000,-15000,6000
2017/01/17,0,0,0,0
2017/01/18,0,15000,0,15000
2017/01/19,0,0,-12000,-12000
2017/01/20,0,0,-16000,-16000
2017/01/23,0,186,-8000,-7814
2017/01/24,0,0,-1000,-1000
2017/01/25,0,0,0,0
2017/01/26,0,0,0,0
2017/01/27,0,0,0,0
2017/01/30,0,0,0,0
2017/01/31,0,0,0,0
2017/02/01,0,0,0,0
2017/02/02,0,0,-5000,-5000
2017/02/03,0,69000,0,69000
2017/02/06,0,0,0,0
2017/02/07,0,0,-29000,-29000
2017/02/08,0,0,-1000,-1000
2017/02/09,0,0,-34000,-34000
2017/02/10,0,0,-20240,-20240
2017/02/13,0,0,0,0
2017/02/14,0,0,0,0
2017/02/15,0,0,0,0
2017/02/16,0,0,-12000,-12000
2017/02/17,0,0,0,0
2017/02/20,0,0,-2000,-2000
2017/02/21,0,0,0,0
2017/02/22,0,11000,-2000,9000
2017/02/23,0,8000,0,8000
2017/02/24,0,0,0,0
2017/02/27,0,0,0,0
2017/02/28,0,0,0,0
2017/03/01,0,0,0,0
2017/03/02,0,0,-4000,-4000
2017/03/03,0,0,-3000,-3000
2017/03/06,0,23000,-50000,-27000
2017/03/07,0,91000,-6000,85000
2017/03/08,0,20000,0,20000
2017/03/09,0,14000,-50000,-36000
2017/03/10,0,0,0,0
2017/03/13,0,3000,0,3000
2017/03/14,0,522000,-2000,520000
2017/03/15,0,110000,-14000,96000
2017/03/16,0,71000,0,71000
2017/03/17,0,2000,-4000,-2000
2017/03/20,0,0,-13000,-13000
2017/03/21,0,2000,-13000,-11000
2017/03/22,0,1000,-5000,-4000
2017/03/23,0,0,-102000,-102000
2017/03/24,0,0,0,0
2017/03/27,0,0,-87000,-87000
2017/03/28,0,20000,-100000,-80000
2017/03/29,0,177000,-64000,113000
2017/03/30,0,0,-78000,-78000
2017/03/31,0,0,-78000,-78000
2017/04/03,0,0,0,0
2017/04/04,0,0,0,0
2017/04/05,0,172000,-111000,61000
2017/04/06,0,53000,-9000,44000
2017/04/07,0,0,-25000,-25000
2017/04/10,0,21000,0,21000
2017/04/11,0,3000,-51000,-48000
2017/04/12,0,10000,-30000,-20000
2017/04/13,0,11000,-5000,6000
2017/04/14,0,0,-3000,-3000
2017/04/17,0,14000,0,14000
2017/04/18,0,0,0,0
2017/04/19,0,0,0,0
2017/04/20,0,4000,-8000,-4000
2017/04/21,0,7000,0,7000
2017/04/24,0,8000,0,8000
2017/04/25,0,3000,-50021,-47021
2017/04/26,0,0,-77000,-77000
2017/04/27,0,30000,-59000,-29000
2017/04/28,0,0,-74000,-74000
2017/05/01,0,0,0,0
2017/05/02,0,0,-52000,-52000
2017/05/03,0,0,-47000,-47000
2017/05/04,0,0,-13000,-13000
2017/05/05,0,20000,0,20000
2017/05/08,0,0,0,0
2017/05/09,0,0,0,0
2017/05/10,0,0,-11000,-11000
2017/05/11,0,0,-106000,-106000
2017/05/12,0,0,-71000,-71000
2017/05/15,0,41000,-32000,9000
2017/05/16,0,120000,-5000,115000
2017/05/17,0,0,-15000,-15000
2017/05/18,0,0,-9000,-9000
2017/05/19,0,0,-12000,-12000
2017/05/22,0,14000,-1000,13000
2017/05/23,0,0,-59000,-59000
2017/05/24,0,2000,-14000,-12000
2017/05/25,0,0,-1000,-1000
2017/05/26,0,0,-16000,-16000
2017/05/29,0,0,0,0
2017/05/30,0,0,0,0
2017/05/31,0,0,-14000,-14000
2017/06/01,0,0,-12000,-12000
2017/06/02,0,0,-5000,-5000
2017/06/05,0,27000,-6000,21000
2017/06/06,0,1000,-2000,-1000
2017/06/07,0,0,-319000,-319000
2017/06/08,0,4000,-45000,-41000
2017/06/09,0,0,-8000,-8000
2017/06/12,0,0,-11760,-11760
2017/06/13,0,0,-76000,-76000
2017/06/14,0,0,-3000,-3000
2017/06/15,0,0,-96000,-96000
2017/06/16,0,13000,0,13000
2017/06/19,0,0,-53000,-53000
2017/06/20,0,0,-63000,-63000
2017/06/21,0,3000,-11000,-8000
2017/06/22,0,7000,-33000,-26000
2017/06/23,0,0,-69000,-69000
2017/06/26,0,0,-55000,-55000
2017/06/27,0,0,-14000,-14000
2017/06/28,0,0,-6000,-6000
2017/06/29,0,0,-77000,-77000
2017/06/30,0,0,-62000,-62000
2017/07/03,0,0,-24000,-24000
2017/07/04,0,0,-85000,-85000
2017/07/05,0,0,-109000,-109000
2017/07/06,0,94000,-106000,-12000
2017/07/07,0,0,-80000,-80000
2017/07/10,0,0,-34000,-34000
2017/07/11,0,0,-1000,-1000
2017/07/12,0,0,-3000,-3000
2017/07/13,0,0,-31000,-31000
2017/07/14,0,0,-2000,-2000
2017/07/17,0,29,-2000,-1971
2017/07/18,0,4000,-42000,-38000
2017/07/19,0,0,-1000,-1000
2017/07/20,0,1000,-141000,-140000
2017/07/21,0,0,0,0
2017/07/24,0,11000,0,11000
2017/07/25,0,0,0,0
2017/07/26,0,5000,-2000,3000
2017/07/27,0,0,0,0
2017/07/28,0,0,-137000,-137000
2017/07/31,0,37000,-83000,-46000
2017/08/01,0,26000,-6000,20000
2017/08/02,0,21000,-7000,14000
2017/08/03,0,1000,-119000,-118000
2017/08/04,0,3000,-9000,-6000
2017/08/07,0,1000,-100000,-99000
2017/08/08,0,1000,-1000,0
2017/08/09,0,2000,0,2000
2017/08/10,0,1000,0,1000
2017/08/11,0,1000,0,1000
2017/08/14,0,0,-6000,-6000
2017/08/15,0,1000,-101000,-100000
2017/08/16,0,1000,-5000,-4000
2017/08/17,0,0,-336000,-336000
2017/08/18,0,0,0,0
