Date,Open,Buy,Sell,Total
2007/04/23,0,90000,0,90000
2007/04/24,0,304000,-20000,284000
2007/04/25,0,1379000,-32000,1347000
2007/04/26,0,0,-211000,-211000
2007/04/27,0,751000,0,751000
2007/04/30,0,255000,-1193000,-938000
2007/05/01,0,0,0,0
2007/05/02,0,0,-17000,-17000
2007/05/03,0,250000,-726000,-476000
2007/05/04,0,191000,0,191000
2007/05/07,0,293000,-150000,143000
2007/05/08,0,102000,-57000,45000
2007/05/09,0,0,-277000,-277000
2007/05/10,0,58000,0,58000
2007/05/11,0,0,0,0
2007/05/14,0,8000,-595000,-587000
2007/05/15,0,460000,-534000,-74000
2007/05/16,0,265000,-370000,-105000
2007/05/17,0,375000,-471000,-96000
2007/05/18,0,0,-255000,-255000
2007/05/21,0,0,-130000,-130000
2007/05/22,0,0,-80000,-80000
2007/05/23,0,47000,0,47000
2007/05/24,0,259000,0,259000
2007/05/25,0,0,0,0
2007/05/28,0,100000,-60000,40000
2007/05/29,0,0,-237000,-237000
2007/05/30,0,733000,-888000,-155000
2007/05/31,0,255000,-550000,-295000
2007/06/01,0,430000,-258000,172000
2007/06/04,0,1054000,-285000,769000
2007/06/05,0,10000,-736000,-726000
2007/06/06,0,155000,-610000,-455000
2007/06/07,0,366000,-40000,326000
2007/06/08,0,91000,-222000,-131000
2007/06/11,0,536000,-137000,399000
2007/06/12,0,176000,-27000,149000
2007/06/13,0,74000,-375000,-301000
2007/06/14,0,0,-13000,-13000
2007/06/15,0,86000,-2000,84000
2007/06/18,0,0,0,0
2007/06/19,0,0,0,0
2007/06/20,0,181000,-218000,-37000
2007/06/21,0,20000,-6000,14000
2007/06/22,0,40000,-57000,-17000
2007/06/25,0,635000,-75000,560000
2007/06/26,0,479000,-12000,467000
2007/06/27,0,389000,-44000,345000
2007/06/28,0,1072000,-254000,818000
2007/06/29,0,111000,-2151000,-2040000
2007/07/02,0,97000,-385000,-288000
2007/07/03,0,224000,-12000,212000
2007/07/04,0,155000,-523000,-368000
2007/07/05,0,20000,-341000,-321000
2007/07/06,0,145000,0,145000
2007/07/09,0,108000,0,108000
2007/07/10,0,63000,0,63000
2007/07/11,0,350000,-109576,240424
2007/07/12,0,428000,-352000,76000
2007/07/13,0,139000,-23576,115424
2007/07/16,0,30000,-325000,-295000
2007/07/17,0,52000,-138000,-86000
2007/07/18,0,575000,-502000,73000
2007/07/19,0,945000,-138554,806446
2007/07/20,0,25000,-117000,-92000
2007/07/23,0,321000,-79000,242000
2007/07/24,0,100000,-50000,50000
2007/07/25,0,233000,-5000,228000
2007/07/26,0,571000,-216000,355000
2007/07/27,0,680000,-263000,417000
2007/07/30,0,457000,-1515000,-1058000
2007/07/31,0,3033000,-539000,2494000
2007/08/01,0,1778000,-2351000,-573000
2007/08/02,0,390000,-1522167,-1132167
2007/08/03,0,75000,-18000,57000
2007/08/06,0,563000,-537000,26000
2007/08/07,0,1111000,-153000,958000
2007/08/08,0,2155000,-32000,2123000
2007/08/09,0,1795000,-343152,1451848
2007/08/10,0,20000,-917000,-897000
2007/08/13,0,231000,-700000,-469000
2007/08/14,0,135000,-341000,-206000
2007/08/15,0,109000,-776000,-667000
2007/08/16,0,321000,-949000,-628000
2007/08/17,0,156000,-942000,-786000
2007/08/20,0,525000,-429000,96000
2007/08/21,0,265000,-518000,-253000
2007/08/22,0,331000,-323000,8000
2007/08/23,0,139000,-624000,-485000
2007/08/24,0,231000,-101000,130000
2007/08/27,0,167000,-620000,-453000
2007/08/28,0,86000,-52000,34000
2007/08/29,0,80000,-109000,-29000
2007/08/30,0,286000,0,286000
2007/08/31,0,268000,-25000,243000
2007/09/03,0,177000,-212000,-35000
2007/09/04,0,109000,-154000,-45000
2007/09/05,0,125000,-96000,29000
2007/09/06,0,86000,-46000,40000
2007/09/07,0,105000,-108000,-3000
2007/09/10,0,290000,-175000,115000
2007/09/11,0,205000,-59000,146000
2007/09/12,0,42000,-4000,38000
2007/09/13,0,0,-143000,-143000
2007/09/14,0,139000,-30000,109000
2007/09/17,0,117000,-706000,-589000
2007/09/18,0,0,0,0
2007/09/19,0,180000,-400000,-220000
2007/09/20,0,137000,-305000,-168000
2007/09/21,0,1097000,-608000,489000
2007/09/24,0,0,0,0
2007/09/25,0,0,0,0
2007/09/26,0,604000,-490000,114000
2007/09/27,0,374000,-84000,290000
2007/09/28,0,1321000,-99000,1222000
2007/10/01,0,575000,-294000,281000
2007/10/02,0,430000,-553000,-123000
2007/10/03,0,1059000,-404000,655000
2007/10/04,0,445000,-993000,-548000
2007/10/05,0,175000,-169000,6000
2007/10/08,0,275000,-52000,223000
2007/10/09,0,85000,-140000,-55000
2007/10/10,0,0,0,0
2007/10/11,0,300000,-65148,234852
2007/10/12,0,283000,-65000,218000
2007/10/15,0,295000,-881000,-586000
2007/10/16,0,285000,-63000,222000
2007/10/17,0,324000,-9000,315000
2007/10/18,0,128000,-129000,-1000
2007/10/19,0,290000,-25000,265000
2007/10/22,0,315000,-782000,-467000
2007/10/23,0,689000,-252000,437000
2007/10/24,0,235000,-137000,98000
2007/10/25,0,39000,-60000,-21000
2007/10/26,0,421000,-1255000,-834000
2007/10/29,0,335000,-2390000,-2055000
2007/10/30,0,474000,-16000,458000
2007/10/31,0,264000,-68000,196000
2007/11/01,0,268000,-385000,-117000
2007/11/02,0,0,-112000,-112000
2007/11/05,0,242000,-775000,-533000
2007/11/06,0,247000,-236000,11000
2007/11/07,0,250000,-46000,204000
2007/11/08,0,55000,-422000,-367000
2007/11/09,0,137000,-403000,-266000
2007/11/12,0,24000,-191000,-167000
2007/11/13,0,15000,-212000,-197000
2007/11/14,0,26000,-309000,-283000
2007/11/15,0,20000,-143000,-123000
2007/11/16,0,20000,-86000,-66000
2007/11/19,0,85000,0,85000
2007/11/20,0,157000,-478000,-321000
2007/11/21,0,2000,-62000,-60000
2007/11/22,0,36000,-344000,-308000
2007/11/23,0,82000,-620000,-538000
2007/11/26,0,6000,-144000,-138000
2007/11/27,0,153000,-335000,-182000
2007/11/28,0,18000,-337000,-319000
2007/11/29,0,18000,-125000,-107000
2007/11/30,0,6000,-939000,-933000
2007/12/03,0,2000,-45000,-43000
2007/12/04,0,50000,-50000,0
2007/12/05,0,61000,-6000,55000
2007/12/06,0,32000,-40000,-8000
2007/12/07,0,50000,-20000,30000
2007/12/10,0,3000,-44000,-41000
2007/12/11,0,25000,-20000,5000
2007/12/12,0,5000,-18000,-13000
2007/12/13,0,25000,-434000,-409000
2007/12/14,0,8000,-167000,-159000
2007/12/17,0,61000,-418000,-357000
2007/12/18,0,118000,-391000,-273000
2007/12/19,0,12000,-125000,-113000
2007/12/20,0,12000,-106000,-94000
2007/12/21,0,56000,-243000,-187000
2007/12/24,0,272000,-315000,-43000
2007/12/25,0,25000,-80000,-55000
2007/12/26,0,140000,-4000,136000
2007/12/27,0,129000,-20000,109000
2007/12/28,0,106000,-13000,93000
2007/12/31,0,261000,-74000,187000
2008/01/01,0,0,0,0
2008/01/02,0,339000,-202000,137000
2008/01/03,0,473000,-81000,392000
2008/01/04,0,724000,-62000,662000
2008/01/07,0,441000,-273000,168000
2008/01/08,0,457000,-77000,380000
2008/01/09,0,147000,-30000,117000
2008/01/10,0,124000,-265000,-141000
2008/01/11,0,528000,-266000,262000
2008/01/14,0,721000,-353000,368000
2008/01/15,0,1109000,-499000,610000
2008/01/16,0,614000,-790000,-176000
2008/01/17,0,25000,-627000,-602000
2008/01/18,0,263000,-143000,120000
2008/01/21,0,195000,-153000,42000
2008/01/22,0,130000,-178000,-48000
2008/01/23,0,65000,-1417000,-1352000
2008/01/24,0,90000,-190000,-100000
2008/01/25,0,16000,-15000,1000
2008/01/28,0,104000,-220000,-116000
2008/01/29,0,6000,-595000,-589000
2008/01/30,0,22000,-29000,-7000
2008/01/31,0,228000,-419000,-191000
2008/02/01,0,26000,-77000,-51000
2008/02/04,0,0,0,0
2008/02/05,0,0,0,0
2008/02/06,0,0,0,0
2008/02/07,0,0,0,0
2008/02/08,0,0,0,0
2008/02/11,0,0,0,0
2008/02/12,0,20000,-44000,-24000
2008/02/13,0,17000,-19000,-2000
2008/02/14,0,29000,-2000,27000
2008/02/15,0,28000,-1000,27000
2008/02/18,0,151000,-70000,81000
2008/02/19,0,181000,-127000,54000
2008/02/20,0,46000,-180000,-134000
2008/02/21,0,288000,-55000,233000
2008/02/22,0,180000,-44000,136000
2008/02/25,0,264000,-194000,70000
2008/02/26,0,106000,-106000,0
2008/02/27,0,289000,-21000,268000
2008/02/28,0,0,0,0
2008/02/29,0,81000,-159000,-78000
2008/03/03,0,165000,-22000,143000
2008/03/04,0,328000,-57000,271000
2008/03/05,0,310000,-136000,174000
2008/03/06,0,249000,-356000,-107000
2008/03/07,0,142000,-357000,-215000
2008/03/10,0,169000,-354000,-185000
2008/03/11,0,128000,-89000,39000
2008/03/12,0,195000,-342000,-147000
2008/03/13,0,408000,-70000,338000
2008/03/14,0,78000,-77000,1000
2008/03/17,0,62000,-43000,19000
2008/03/18,0,163000,-23000,140000
2008/03/19,0,203000,-260000,-57000
2008/03/20,0,208000,-68000,140000
2008/03/21,0,215000,-47000,168000
2008/03/24,0,201000,-631000,-430000
2008/03/25,0,58000,-74000,-16000
2008/03/26,0,87000,-268000,-181000
2008/03/27,0,705000,-141000,564000
2008/03/28,0,303000,-22000,281000
2008/03/31,0,275000,-67000,208000
2008/04/01,0,335000,-51000,284000
2008/04/02,0,166000,-110000,56000
2008/04/03,0,278000,-93000,185000
2008/04/04,0,0,0,0
2008/04/07,0,440000,-58000,382000
2008/04/08,0,115000,-62000,53000
2008/04/09,0,638000,-330000,308000
2008/04/10,0,163000,-549000,-386000
2008/04/11,0,359000,-351000,8000
2008/04/14,0,472000,-250576,221424
2008/04/15,0,354000,-155000,199000
2008/04/16,0,1104000,-118000,986000
2008/04/17,0,1021000,-415000,606000
2008/04/18,0,45000,-132000,-87000
2008/04/21,0,432000,-185000,247000
2008/04/22,0,479000,-751000,-272000
2008/04/23,0,634000,-71000,563000
2008/04/24,0,1386000,-203000,1183000
2008/04/25,0,641000,-553000,88000
2008/04/28,0,230000,-429000,-199000
2008/04/29,0,272000,-511000,-239000
2008/04/30,0,178000,-878000,-700000
2008/05/01,0,0,0,0
2008/05/02,0,136000,-118000,18000
2008/05/05,0,70000,-80000,-10000
2008/05/06,0,55000,-90000,-35000
2008/05/07,0,584000,-168000,416000
2008/05/08,0,45000,-59000,-14000
2008/05/09,0,144000,-224000,-80000
2008/05/12,0,189000,-257000,-68000
2008/05/13,0,22000,-164000,-142000
2008/05/14,0,42000,-124000,-82000
2008/05/15,0,229000,-433000,-204000
2008/05/16,0,152000,-82000,70000
2008/05/19,0,201000,-2000,199000
2008/05/20,0,43000,-96000,-53000
2008/05/21,0,101000,-49000,52000
2008/05/22,0,2000,-68000,-66000
2008/05/23,0,150000,-155000,-5000
2008/05/26,0,97000,-407000,-310000
2008/05/27,0,1000,-51000,-50000
2008/05/28,0,52000,-12000,40000
2008/05/29,0,27000,-320000,-293000
2008/05/30,0,67000,-215000,-148000
2008/06/02,0,241000,-139000,102000
2008/06/03,0,38000,-265000,-227000
2008/06/04,0,0,-235000,-235000
2008/06/05,0,22000,-21000,1000
2008/06/06,0,678000,-710000,-32000
2008/06/09,0,47000,-385000,-338000
2008/06/10,0,58000,-517000,-459000
2008/06/11,0,461000,-2069000,-1608000
2008/06/12,0,49000,-747000,-698000
2008/06/13,0,43000,-229000,-186000
2008/06/16,0,15000,-40000,-25000
2008/06/17,0,38000,-547000,-509000
2008/06/18,0,103000,-4000,99000
2008/06/19,0,49000,-162000,-113000
2008/06/20,0,49000,-333000,-284000
2008/06/23,0,1032000,-301000,731000
2008/06/24,0,480000,-510000,-30000
2008/06/25,0,281000,-48000,233000
2008/06/26,0,36000,-325000,-289000
2008/06/27,0,343000,-247000,96000
2008/06/30,0,193000,-898000,-705000
2008/07/01,0,124000,-456000,-332000
2008/07/02,0,212000,-579000,-367000
2008/07/03,0,1314000,-986000,328000
2008/07/04,0,36000,-88000,-52000
2008/07/07,0,74000,-31000,43000
2008/07/08,0,376000,-114000,262000
2008/07/09,0,106000,-667000,-561000
2008/07/10,0,152000,-281000,-129000
2008/07/11,0,55000,-174400,-119400
2008/07/14,0,3000,-35000,-32000
2008/07/15,0,174000,-82000,92000
2008/07/16,0,32000,-75000,-43000
2008/07/17,0,61000,-196000,-135000
2008/07/18,0,115000,-180000,-65000
2008/07/21,0,125000,-100000,25000
2008/07/22,0,78000,-20000,58000
2008/07/23,0,190000,-252000,-62000
2008/07/24,0,163000,-289000,-126000
2008/07/25,0,71000,-85000,-14000
2008/07/28,0,0,0,0
2008/07/29,0,337000,-365000,-28000
2008/07/30,0,39000,-214000,-175000
2008/07/31,0,30000,-245000,-215000
2008/08/01,0,80000,-89000,-9000
2008/08/04,0,55000,-10000,45000
2008/08/05,0,99000,-145000,-46000
2008/08/06,0,332000,-226000,106000
2008/08/07,0,420000,-306000,114000
2008/08/08,0,151000,-421000,-270000
2008/08/11,0,147000,-13000,134000
2008/08/12,0,103000,-14000,89000
2008/08/13,0,7000,-5000,2000
2008/08/14,0,122000,-67000,55000
2008/08/15,0,47000,-20000,27000
2008/08/18,0,40000,-36000,4000
2008/08/19,0,15000,-61000,-46000
2008/08/20,0,16000,-101000,-85000
2008/08/21,0,0,-47000,-47000
2008/08/22,0,53000,-60000,-7000
2008/08/25,0,8000,-67000,-59000
2008/08/26,0,7000,-14000,-7000
2008/08/27,0,67000,0,67000
2008/08/28,0,5000,-7000,-2000
2008/08/29,0,16000,0,16000
2008/09/01,0,19000,-149000,-130000
2008/09/02,0,10000,-93000,-83000
2008/09/03,0,142000,-434000,-292000
2008/09/04,0,297000,-146000,151000
2008/09/05,0,48000,-984000,-936000
2008/09/08,0,73000,-185000,-112000
2008/09/09,0,154000,-76000,78000
2008/09/10,0,59000,-28000,31000
2008/09/11,0,30000,-16000,14000
2008/09/12,0,6000,-6000,0
2008/09/15,0,62000,-20000,42000
2008/09/16,0,143000,-608000,-465000
2008/09/17,0,497000,-514000,-17000
2008/09/18,0,0,-500,-500
2008/09/19,0,307000,-153000,154000
2008/09/22,0,370000,-531000,-161000
2008/09/23,0,19000,-41000,-22000
2008/09/24,0,14000,0,14000
2008/09/25,0,50000,-43000,7000
2008/09/26,0,0,-39000,-39000
2008/09/29,0,0,0,0
2008/09/30,0,3000,-3000,0
2008/10/01,0,17000,-399000,-382000
2008/10/02,0,6000,-201000,-195000
2008/10/03,0,2000,-13000,-11000
2008/10/06,0,14000,-488421,-474421
2008/10/07,0,10000,-195000,-185000
2008/10/08,0,0,-14000,-14000
2008/10/09,0,18000,-7000,11000
2008/10/10,0,0,0,0
2008/10/13,0,0,0,0
2008/10/14,0,150000,-72000,78000
2008/10/15,0,69000,-18000,51000
2008/10/16,0,0,0,0
2008/10/17,0,100000,-22000,78000
2008/10/20,0,68000,-5479,62521
2008/10/21,0,22000,-2000,20000
2008/10/22,0,0,-808,-808
2008/10/23,0,0,0,0
2008/10/24,0,150000,-7000,143000
2008/10/27,0,100000,-18000,82000
2008/10/28,0,0,-4000,-4000
2008/10/29,0,35000,0,35000
2008/10/30,0,109000,0,109000
2008/10/31,0,118000,-18000,100000
2008/11/03,0,25000,-227000,-202000
2008/11/04,0,11000,-128806,-117806
2008/11/05,0,94000,-90000,4000
2008/11/06,0,150000,-75000,75000
2008/11/07,0,207000,-249000,-42000
2008/11/10,0,39000,-257000,-218000
2008/11/11,0,90000,-343000,-253000
2008/11/12,0,3000,-53000,-50000
2008/11/13,0,0,-43000,-43000
2008/11/14,0,1000,-3000,-2000
2008/11/17,0,18000,0,18000
2008/11/18,0,14000,-18000,-4000
2008/11/19,0,10000,-18000,-8000
2008/11/20,0,22000,-21000,1000
2008/11/21,0,568000,-13000,555000
2008/11/24,0,192000,-44000,148000
2008/11/25,0,139000,-37000,102000
2008/11/26,0,148000,-2000,146000
2008/11/27,0,497000,-75000,422000
2008/11/28,0,34000,-84000,-50000
2008/12/01,0,29000,-37000,-8000
2008/12/02,0,85000,-46000,39000
2008/12/03,0,124000,-34000,90000
2008/12/04,0,40000,-165000,-125000
2008/12/05,0,118000,-63000,55000
2008/12/08,0,220000,-108000,112000
2008/12/09,0,115000,-93000,22000
2008/12/10,0,175000,-2000,173000
2008/12/11,0,8000,-48000,-40000
2008/12/12,0,21000,-281000,-260000
2008/12/15,0,80000,-19000,61000
2008/12/16,0,97000,-164000,-67000
2008/12/17,0,62000,-44000,18000
2008/12/18,0,285000,-182000,103000
2008/12/19,0,239000,-407000,-168000
2008/12/22,0,18000,-312000,-294000
2008/12/23,0,168000,-101000,67000
2008/12/24,0,53000,-111000,-58000
2008/12/25,0,23000,-82000,-59000
2008/12/26,0,50000,-2000,48000
2008/12/29,0,50000,0,50000
2008/12/30,0,180000,-11000,169000
2008/12/31,0,59000,-263000,-204000
2009/01/01,0,0,0,0
2009/01/02,0,0,0,0
2009/01/05,0,214000,-151000,63000
2009/01/06,0,15000,-43000,-28000
2009/01/07,0,0,-1000,-1000
2009/01/08,0,40000,-19000,21000
2009/01/09,0,366000,-330000,36000
2009/01/12,0,28000,-100000,-72000
2009/01/13,0,149000,-227000,-78000
2009/01/14,0,90000,-148000,-58000
2009/01/15,0,61000,-92000,-31000
2009/01/16,0,50000,-61000,-11000
2009/01/19,0,13000,-52000,-39000
2009/01/20,0,38000,-2000,36000
2009/01/21,0,35000,-21000,14000
2009/01/22,0,0,0,0
2009/01/23,0,0,0,0
2009/01/26,0,0,0,0
2009/01/27,0,0,0,0
2009/01/28,0,0,0,0
2009/01/29,0,0,0,0
2009/01/30,0,0,0,0
2009/02/02,0,655000,-45000,610000
2009/02/03,0,69000,-16000,53000
2009/02/04,0,80000,0,80000
2009/02/05,0,175000,-54000,121000
2009/02/06,0,140000,-295000,-155000
2009/02/09,0,353000,-62000,291000
2009/02/10,0,111000,-129000,-18000
2009/02/11,0,177000,-169000,8000
2009/02/12,0,73000,-218000,-145000
2009/02/13,0,150000,-63000,87000
2009/02/16,0,1754000,-260000,1494000
2009/02/17,0,215000,-39000,176000
2009/02/18,0,240000,-680000,-440000
2009/02/19,0,955000,-726000,229000
2009/02/20,0,362000,-187000,175000
2009/02/23,0,275000,-43000,232000
2009/02/24,0,894000,-662557,231443
2009/02/25,0,379000,-667000,-288000
2009/02/26,0,232000,-1260000,-1028000
2009/02/27,0,262000,-1312000,-1050000
2009/03/02,0,148000,-100000,48000
2009/03/03,0,184000,-74000,110000
2009/03/04,0,155000,-193000,-38000
2009/03/05,0,591000,-228000,363000
2009/03/06,0,8000,-30000,-22000
2009/03/09,0,95000,-331000,-236000
2009/03/10,0,121000,-183000,-62000
2009/03/11,0,103000,-593000,-490000
2009/03/12,0,90000,-97000,-7000
2009/03/13,0,283000,-106000,177000
2009/03/16,0,275000,-133000,142000
2009/03/17,0,119000,-13000,106000
2009/03/18,0,58000,-292000,-234000
2009/03/19,0,1048000,-157000,891000
2009/03/20,0,331000,-139000,192000
2009/03/23,0,425000,-268000,157000
2009/03/24,0,1040000,-786432,253568
2009/03/25,0,149000,-381000,-232000
2009/03/26,0,201000,-245000,-44000
2009/03/27,0,148000,-364000,-216000
2009/03/30,0,366000,-270000,96000
2009/03/31,0,358000,-321000,37000
2009/04/01,0,697000,-217000,480000
2009/04/02,0,351000,-409000,-58000
2009/04/03,0,184000,-441000,-257000
2009/04/06,0,232000,-150582,81418
2009/04/07,0,163000,-361000,-198000
2009/04/08,0,145000,-532000,-387000
2009/04/09,0,308000,-213000,95000
2009/04/10,0,176000,-146716,29284
2009/04/13,0,287000,-574000,-287000
2009/04/14,0,164000,-125000,39000
2009/04/15,0,79000,-144000,-65000
2009/04/16,0,109000,-172000,-63000
2009/04/17,0,409000,-212000,197000
2009/04/20,0,290000,-278000,12000
2009/04/21,0,16000,-311000,-295000
2009/04/22,0,378000,-342000,36000
2009/04/23,0,44000,-289000,-245000
2009/04/24,0,939000,-354000,585000
2009/04/27,0,81000,-284000,-203000
2009/04/28,0,166000,-338529,-172529
2009/04/29,0,173000,-30000,143000
2009/04/30,0,129000,-30000,99000
2009/05/01,0,0,0,0
2009/05/04,0,0,-154000,-154000
2009/05/05,0,299000,-50000,249000
2009/05/06,0,476000,-257000,219000
2009/05/07,0,448000,-473000,-25000
2009/05/08,0,117000,-95000,22000
2009/05/11,0,219000,-242532,-23532
2009/05/12,0,277000,-227000,50000
2009/05/13,0,340000,-414000,-74000
2009/05/14,0,775000,-283000,492000
2009/05/15,0,40000,-81000,-41000
2009/05/18,0,52000,-615000,-563000
2009/05/19,0,171000,-213000,-42000
2009/05/20,0,61000,-141000,-80000
2009/05/21,0,756000,-141000,615000
2009/05/22,0,316000,-76000,240000
2009/05/25,0,903000,-101000,802000
2009/05/26,0,528000,-577000,-49000
2009/05/27,0,179000,-1131000,-952000
2009/05/28,0,0,0,0
2009/05/29,0,0,0,0
2009/06/01,0,57000,-200000,-143000
2009/06/02,0,680000,-319171,360829
2009/06/03,0,347000,-32000,315000
2009/06/04,0,298000,-234000,64000
2009/06/05,0,113000,-115000,-2000
2009/06/08,0,387000,-213000,174000
2009/06/09,0,689000,-89000,600000
2009/06/10,0,277000,-75800,201200
2009/06/11,0,357000,-273000,84000
2009/06/12,0,313000,-444000,-131000
2009/06/15,0,269000,-238000,31000
2009/06/16,0,141000,-78490,62510
2009/06/17,0,185585,-2320000,-2134415
2009/06/18,0,585000,-129000,456000
2009/06/19,0,105000,-64000,41000
2009/06/22,0,322000,-523000,-201000
2009/06/23,0,619000,-10000,609000
2009/06/24,0,277000,-899902,-622902
2009/06/25,0,368000,-207000,161000
2009/06/26,0,573000,-702000,-129000
2009/06/29,0,311000,-341000,-30000
2009/06/30,0,61000,-509000,-448000
2009/07/01,0,85000,-183000,-98000
2009/07/02,0,435000,-262000,173000
2009/07/03,0,352000,-401000,-49000
2009/07/06,0,125000,-252000,-127000
2009/07/07,0,148900,-103000,45900
2009/07/08,0,229000,-85000,144000
2009/07/09,0,181000,-49000,132000
2009/07/10,0,110000,-52000,58000
2009/07/13,0,20000,-380000,-360000
2009/07/14,0,379000,-23000,356000
2009/07/15,0,137566,-51000,86566
2009/07/16,0,25000,-5000,20000
2009/07/17,0,189000,-1000,188000
2009/07/20,0,1086000,-50000,1036000
2009/07/21,0,675000,-510000,165000
2009/07/22,0,215000,-856000,-641000
2009/07/23,0,220000,-210000,10000
2009/07/24,0,1222965,-268000,954965
2009/07/27,0,197000,-45000,152000
2009/07/28,0,225000,-227000,-2000
2009/07/29,0,306000,-2000,304000
2009/07/30,0,50000,-99000,-49000
2009/07/31,0,161000,-239000,-78000
2009/08/03,0,198421,-130000,68421
2009/08/04,0,220000,-592000,-372000
2009/08/05,0,143000,-327126,-184126
2009/08/06,0,108000,-58000,50000
2009/08/07,0,0,0,0
2009/08/10,0,328000,-8000,320000
2009/08/11,0,143000,-1194000,-1051000
2009/08/12,0,56000,-5000,51000
2009/08/13,0,247000,-11000,236000
2009/08/14,0,111000,-376000,-265000
2009/08/17,0,113000,-203000,-90000
2009/08/18,0,366000,-325000,41000
2009/08/19,0,22000,-349000,-327000
2009/08/20,0,206000,-98000,108000
2009/08/21,0,668000,-678000,-10000
2009/08/24,0,150000,-29000,121000
2009/08/25,0,67000,-74000,-7000
2009/08/26,0,139000,-114000,25000
2009/08/27,0,10000,-294000,-284000
2009/08/28,0,38000,-103000,-65000
2009/08/31,0,104000,-122000,-18000
2009/09/01,0,1087000,-9000,1078000
2009/09/02,0,736000,-1343000,-607000
2009/09/03,0,558000,-330000,228000
2009/09/04,0,159000,-164000,-5000
2009/09/07,0,317000,-256000,61000
2009/09/08,0,223000,-287000,-64000
2009/09/09,0,207000,-349000,-142000
2009/09/10,0,202000,-394000,-192000
2009/09/11,0,167000,-19000,148000
2009/09/14,0,76000,-49000,27000
2009/09/15,0,173000,-127000,46000
2009/09/16,0,308000,-113000,195000
2009/09/17,0,177000,-72000,105000
2009/09/18,0,541000,-282000,259000
2009/09/21,0,169000,-688000,-519000
2009/09/22,0,42000,-150000,-108000
2009/09/23,0,199000,-127000,72000
2009/09/24,0,0,-50000,-50000
2009/09/25,0,147000,-121000,26000
2009/09/28,0,19000,-135098,-116098
2009/09/29,0,107000,-216000,-109000
2009/09/30,0,231000,-89000,142000
2009/10/01,0,618000,-227000,391000
2009/10/02,0,656000,-419000,237000
2009/10/05,0,149000,-214000,-65000
2009/10/06,0,302000,-179000,123000
2009/10/07,0,43000,-450000,-407000
2009/10/08,0,292000,-1281000,-989000
2009/10/09,0,210000,-195000,15000
2009/10/12,0,323000,-92000,231000
2009/10/13,0,191000,-99000,92000
2009/10/14,0,140000,-64000,76000
2009/10/15,0,152000,-72000,80000
2009/10/16,0,129000,-111000,18000
2009/10/19,0,207000,-594000,-387000
2009/10/20,0,184000,-220000,-36000
2009/10/21,0,828000,-139000,689000
2009/10/22,0,436000,-365000,71000
2009/10/23,0,410000,-128000,282000
2009/10/26,0,56000,-568000,-512000
2009/10/27,0,53000,-94000,-41000
2009/10/28,0,150000,-274000,-124000
2009/10/29,0,196000,-438000,-242000
2009/10/30,0,160000,-114000,46000
2009/11/02,0,87000,-88000,-1000
2009/11/03,0,151000,-138000,13000
2009/11/04,0,155000,-52000,103000
2009/11/05,0,92000,-176000,-84000
2009/11/06,0,454000,-501000,-47000
2009/11/09,0,77000,-244000,-167000
2009/11/10,0,93000,-84000,9000
2009/11/11,0,29000,-49000,-20000
2009/11/12,0,61000,-189000,-128000
2009/11/13,0,393000,-11000,382000
2009/11/16,0,146000,-71000,75000
2009/11/17,0,143000,-355000,-212000
2009/11/18,0,45000,-255000,-210000
2009/11/19,0,35000,-97000,-62000
2009/11/20,0,225000,-84000,141000
2009/11/23,0,180000,-352000,-172000
2009/11/24,0,292000,-337000,-45000
2009/11/25,0,208000,-157000,51000
2009/11/26,0,132000,-37000,95000
2009/11/27,0,137000,-209000,-72000
2009/11/30,0,300000,-117000,183000
2009/12/01,0,69000,-40000,29000
2009/12/02,0,808000,-145000,663000
2009/12/03,0,113000,-80000,33000
2009/12/04,0,207000,-370000,-163000
2009/12/07,0,76000,-404000,-328000
2009/12/08,0,119000,-199000,-80000
2009/12/09,0,235000,-91000,144000
2009/12/10,0,435000,-273000,162000
2009/12/11,0,120000,-44206,75794
2009/12/14,0,291000,-217000,74000
2009/12/15,0,747000,-285000,462000
2009/12/16,0,359000,-190000,169000
2009/12/17,0,250000,-86000,164000
2009/12/18,0,340000,-73000,267000
2009/12/21,0,129000,-6000,123000
2009/12/22,0,152000,-48000,104000
2009/12/23,0,187000,-74000,113000
2009/12/24,0,161000,-126000,35000
2009/12/25,0,58000,-604000,-546000
2009/12/28,0,78000,-85000,-7000
2009/12/29,0,167000,-36000,131000
2009/12/30,0,89000,-101000,-12000
2009/12/31,0,391000,-527000,-136000
2010/01/01,0,0,0,0
2010/01/04,0,162000,-103000,59000
2010/01/05,0,306000,-169000,137000
2010/01/06,0,497000,-511000,-14000
2010/01/07,0,63000,-491000,-428000
2010/01/08,0,234000,-336000,-102000
2010/01/11,0,269000,-233000,36000
2010/01/12,0,73000,-156000,-83000
2010/01/13,0,995000,-680000,315000
2010/01/14,0,793000,-485000,308000
2010/01/15,0,997000,-1015000,-18000
2010/01/18,0,350000,-1013000,-663000
2010/01/19,0,308000,-633000,-325000
2010/01/20,0,338221,-304000,34221
2010/01/21,0,691000,-101000,590000
2010/01/22,0,478000,-122000,356000
2010/01/25,0,442000,-726000,-284000
2010/01/26,0,472000,-672000,-200000
2010/01/27,0,272000,-276000,-4000
2010/01/28,0,352000,-64000,288000
2010/01/29,0,336000,-462000,-126000
2010/02/01,0,140000,-178000,-38000
2010/02/02,0,230000,-357000,-127000
2010/02/03,0,187000,-94000,93000
2010/02/04,0,187000,-101000,86000
2010/02/05,0,286000,-363000,-77000
2010/02/08,0,451000,-351000,100000
2010/02/09,0,572000,-260000,312000
2010/02/10,0,258000,-278000,-20000
2010/02/11,0,0,0,0
2010/02/12,0,0,0,0
2010/02/15,0,0,0,0
2010/02/16,0,0,0,0
2010/02/17,0,0,0,0
2010/02/18,0,0,0,0
2010/02/19,0,0,0,0
2010/02/22,0,657000,-180000,477000
2010/02/23,0,346000,-346000,0
2010/02/24,0,158000,-226000,-68000
2010/02/25,0,191000,-856000,-665000
2010/02/26,0,46000,-213000,-167000
2010/03/01,0,532000,-32000,500000
2010/03/02,0,521000,-411000,110000
2010/03/03,0,291000,-99000,192000
2010/03/04,0,440000,-251000,189000
2010/03/05,0,465000,-355000,110000
2010/03/08,0,138000,-154000,-16000
2010/03/09,0,194000,-384000,-190000
2010/03/10,0,90000,-68000,22000
2010/03/11,0,260000,-256000,4000
2010/03/12,0,495000,-177000,318000
2010/03/15,0,49000,-271000,-222000
2010/03/16,0,259000,-143000,116000
2010/03/17,0,659000,-109000,550000
2010/03/18,0,454000,-675000,-221000
2010/03/19,0,230000,-184000,46000
2010/03/22,0,1278000,-315000,963000
2010/03/23,0,637000,-582000,55000
2010/03/24,0,58000,-406000,-348000
2010/03/25,0,294000,-348000,-54000
2010/03/26,0,172000,-281000,-109000
2010/03/29,0,527000,-29000,498000
2010/03/30,0,443000,-1757000,-1314000
2010/03/31,0,437000,-418000,19000
2010/04/01,0,533000,-653000,-120000
2010/04/02,0,166000,-412000,-246000
2010/04/05,0,0,0,0
2010/04/06,0,284000,-98000,186000
2010/04/07,0,226000,-274000,-48000
2010/04/08,0,283000,-601000,-318000
2010/04/09,0,140000,-696000,-556000
2010/04/12,0,349000,-97000,252000
2010/04/13,0,298000,-368000,-70000
2010/04/14,0,297000,-380000,-83000
2010/04/15,0,241000,-224000,17000
2010/04/16,0,109000,-160000,-51000
2010/04/19,0,39000,-590000,-551000
2010/04/20,0,101000,-376000,-275000
2010/04/21,0,115000,-98000,17000
2010/04/22,0,78000,-150000,-72000
2010/04/23,0,521000,-154000,367000
2010/04/26,0,273000,-338000,-65000
2010/04/27,0,87000,-185000,-98000
2010/04/28,0,47000,-89000,-42000
2010/04/29,0,49000,-117000,-68000
2010/04/30,0,309000,-267000,42000
2010/05/03,0,195000,-414000,-219000
2010/05/04,0,474000,-131000,343000
2010/05/05,0,319000,-171000,148000
2010/05/06,0,653000,-324000,329000
2010/05/07,0,473000,-203000,270000
2010/05/10,0,352000,-216000,136000
2010/05/11,0,705000,-397782,307218
2010/05/12,0,297000,-418000,-121000
2010/05/13,0,170000,-287000,-117000
2010/05/14,0,345000,-236000,109000
2010/05/17,0,150000,-759000,-609000
2010/05/18,0,78000,-475000,-397000
2010/05/19,0,150000,-455000,-305000
2010/05/20,0,56000,-245000,-189000
2010/05/21,0,141000,-305000,-164000
2010/05/24,0,148000,-223000,-75000
2010/05/25,0,107000,-107000,0
2010/05/26,0,412000,-346000,66000
2010/05/27,0,54000,-330000,-276000
2010/05/28,0,72000,-297000,-225000
2010/05/31,0,61000,-35000,26000
2010/06/01,0,59000,-122000,-63000
2010/06/02,0,217000,-98000,119000
2010/06/03,0,70000,-37000,33000
2010/06/04,0,13000,-29000,-16000
2010/06/07,0,101000,-282000,-181000
2010/06/08,0,311000,-117000,194000
2010/06/09,0,251000,-179000,72000
2010/06/10,0,188000,-160000,28000
2010/06/11,0,95000,-200000,-105000
2010/06/14,0,99000,-14000,85000
2010/06/15,0,141000,-375000,-234000
2010/06/16,0,0,0,0
2010/06/17,0,224000,-33000,191000
2010/06/18,0,16000,-60000,-44000
2010/06/21,0,176000,-33000,143000
2010/06/22,0,151000,-37000,114000
2010/06/23,0,417000,-169000,248000
2010/06/24,0,166000,-171216,-5216
2010/06/25,0,271000,-233000,38000
2010/06/28,0,48000,-59000,-11000
2010/06/29,0,139000,-178000,-39000
2010/06/30,0,290000,-183000,107000
2010/07/01,0,161000,-249000,-88000
2010/07/02,0,52000,-35000,17000
2010/07/05,0,78000,-49000,29000
2010/07/06,0,415000,-161000,254000
2010/07/07,0,278000,-176000,102000
2010/07/08,0,161000,-170000,-9000
2010/07/09,0,238000,-154000,84000
2010/07/12,0,51000,-310000,-259000
2010/07/13,0,80000,-240000,-160000
2010/07/14,0,143000,-55000,88000
2010/07/15,0,163000,-108000,55000
2010/07/16,0,81000,-224000,-143000
2010/07/19,0,98000,-177000,-79000
2010/07/20,0,189000,-138000,51000
2010/07/21,0,549000,-159540,389460
2010/07/22,0,61000,-270000,-209000
2010/07/23,0,38000,-90737,-52737
2010/07/26,0,44000,-143000,-99000
2010/07/27,0,6000,-36000,-30000
2010/07/28,0,127000,-94000,33000
2010/07/29,0,100000,-130000,-30000
2010/07/30,0,83000,-264000,-181000
2010/08/02,0,397000,-280000,117000
2010/08/03,0,49000,-170000,-121000
2010/08/04,0,133000,-163650,-30650
2010/08/05,0,51000,-71000,-20000
2010/08/06,0,35000,-14000,21000
2010/08/09,0,550000,-21000,529000
2010/08/10,0,115000,-497000,-382000
2010/08/11,0,44000,-128800,-84800
2010/08/12,0,50000,-82000,-32000
2010/08/13,0,60000,-79000,-19000
2010/08/16,0,120000,-107000,13000
2010/08/17,0,76000,-28000,48000
2010/08/18,0,76000,-81000,-5000
2010/08/19,0,31000,-82000,-51000
2010/08/20,0,48000,-90775,-42775
2010/08/23,0,96000,-21000,75000
2010/08/24,0,21000,-41000,-20000
2010/08/25,0,53000,-196000,-143000
2010/08/26,0,234000,-132000,102000
2010/08/27,0,80000,-113000,-33000
2010/08/30,0,72000,-74000,-2000
2010/08/31,0,39000,-166000,-127000
2010/09/01,0,56000,-52000,4000
2010/09/02,0,31000,-58000,-27000
2010/09/03,0,115000,-100000,15000
2010/09/06,0,502000,-77000,425000
2010/09/07,0,214000,-146000,68000
2010/09/08,0,160000,-85000,75000
2010/09/09,0,66000,-84000,-18000
2010/09/10,0,159000,-94000,65000
2010/09/13,0,71000,-73000,-2000
2010/09/14,0,39000,-103000,-64000
2010/09/15,0,58000,-28000,30000
2010/09/16,0,234000,-98000,136000
2010/09/17,0,225000,-129000,96000
2010/09/20,0,56000,-151000,-95000
2010/09/21,0,110000,-283000,-173000
2010/09/22,0,0,0,0
2010/09/23,0,104000,-97000,7000
2010/09/24,0,28000,-67000,-39000
2010/09/27,0,4000,-66000,-62000
2010/09/28,0,75000,-43000,32000
2010/09/29,0,100000,-22000,78000
2010/09/30,0,121000,-295000,-174000
2010/10/01,0,444000,-267500,176500
2010/10/04,0,48000,-356500,-308500
2010/10/05,0,52000,-44000,8000
2010/10/06,0,17000,-40000,-23000
2010/10/07,0,42000,-121769,-79769
2010/10/08,0,62000,-124000,-62000
2010/10/11,0,12000,-70000,-58000
2010/10/12,0,46000,-107000,-61000
2010/10/13,0,144000,-57000,87000
2010/10/14,0,160000,-31000,129000
2010/10/15,0,183000,-317000,-134000
2010/10/18,0,85000,-61000,24000
2010/10/19,0,100000,-75000,25000
2010/10/20,0,254000,-16000,238000
2010/10/21,0,228000,-114000,114000
2010/10/22,0,359000,-91000,268000
2010/10/25,0,205000,-41000,164000
2010/10/26,0,168000,-112000,56000
2010/10/27,0,21000,-38000,-17000
2010/10/28,0,26000,-129000,-103000
2010/10/29,0,29000,-42000,-13000
2010/11/01,0,108000,-15000,93000
2010/11/02,0,78000,-68000,10000
2010/11/03,0,75000,-363000,-288000
2010/11/04,0,113000,-60000,53000
2010/11/05,0,288000,-91000,197000
2010/11/08,0,419000,-201000,218000
2010/11/09,0,78000,-167000,-89000
2010/11/10,0,164000,-83000,81000
2010/11/11,0,236000,-40000,196000
2010/11/12,0,80000,-184000,-104000
2010/11/15,0,80000,-55000,25000
2010/11/16,0,82000,-96000,-14000
2010/11/17,0,244000,-119000,125000
2010/11/18,0,114000,-21000,93000
2010/11/19,0,153000,-113000,40000
2010/11/22,0,19000,-118000,-99000
2010/11/23,0,85000,-94000,-9000
2010/11/24,0,310000,-32000,278000
2010/11/25,0,104000,-166000,-62000
2010/11/26,0,26000,-207000,-181000
2010/11/29,0,121000,-68000,53000
2010/11/30,0,197000,-167000,30000
2010/12/01,0,58000,-157000,-99000
2010/12/02,0,33000,-81000,-48000
2010/12/03,0,44000,-68000,-24000
2010/12/06,0,31000,-44000,-13000
2010/12/07,0,88000,-455000,-367000
2010/12/08,0,66000,-161000,-95000
2010/12/09,0,58000,-13000,45000
2010/12/10,0,67000,-189000,-122000
2010/12/13,0,215000,-71000,144000
2010/12/14,0,60000,-168000,-108000
2010/12/15,0,103000,-81000,22000
2010/12/16,0,141000,-102000,39000
2010/12/17,0,99000,-41000,58000
2010/12/20,0,76000,-152000,-76000
2010/12/21,0,61000,-91000,-30000
2010/12/22,0,53000,-23000,30000
2010/12/23,0,28000,-25000,3000
2010/12/24,0,187000,-541000,-354000
2010/12/27,0,102000,-6000,96000
2010/12/28,0,139000,-22000,117000
2010/12/29,0,34000,-106000,-72000
2010/12/30,0,62000,-141000,-79000
2010/12/31,0,132000,-7000,125000
2011/01/03,0,72000,-71000,1000
2011/01/04,0,49000,-83000,-34000
2011/01/05,0,51000,-180000,-129000
2011/01/06,0,188000,-242000,-54000
2011/01/07,0,122000,-210000,-88000
2011/01/10,0,92000,-30000,62000
2011/01/11,0,156000,-28000,128000
2011/01/12,0,365000,-75000,290000
2011/01/13,0,122000,-309000,-187000
2011/01/14,0,97000,-350000,-253000
2011/01/17,0,488000,-122000,366000
2011/01/18,0,780000,-39000,741000
2011/01/19,0,193000,-517000,-324000
2011/01/20,0,539000,-168000,371000
2011/01/21,0,137000,-61000,76000
2011/01/24,0,327000,-48000,279000
2011/01/25,0,185000,-47000,138000
2011/01/26,0,173000,-17000,156000
2011/01/27,0,221000,-371000,-150000
2011/01/28,0,619000,-63000,556000
2011/01/31,0,0,0,0
2011/02/01,0,0,0,0
2011/02/02,0,0,0,0
2011/02/03,0,0,0,0
2011/02/04,0,0,0,0
2011/02/07,0,0,0,0
2011/02/08,0,355000,-77000,278000
2011/02/09,0,32000,-181000,-149000
2011/02/10,0,251000,-154000,97000
2011/02/11,0,254000,-590000,-336000
2011/02/14,0,647000,-1632000,-985000
2011/02/15,0,585000,-172000,413000
2011/02/16,0,654000,-273000,381000
2011/02/17,0,1043000,-468000,575000
2011/02/18,0,509000,-515000,-6000
2011/02/21,0,129000,-421000,-292000
2011/02/22,0,392000,-210000,182000
2011/02/23,0,282000,-199000,83000
2011/02/24,0,328000,-149000,179000
2011/02/25,0,685000,-275000,410000
2011/02/28,0,0,0,0
2011/03/01,0,299000,-284000,15000
2011/03/02,0,398000,-272000,126000
2011/03/03,0,241000,-943000,-702000
2011/03/04,0,145000,-185000,-40000
2011/03/07,0,94000,-120000,-26000
2011/03/08,0,408000,-22000,386000
2011/03/09,0,486000,-216000,270000
2011/03/10,0,320000,-309000,11000
2011/03/11,0,374000,-504000,-130000
2011/03/14,0,90000,-343000,-253000
2011/03/15,0,226000,-714000,-488000
2011/03/16,0,868000,-177000,691000
2011/03/17,0,686000,-306000,380000
2011/03/18,0,667000,-593000,74000
2011/03/21,0,262000,-341000,-79000
2011/03/22,0,330000,-393000,-63000
2011/03/23,0,149000,-164000,-15000
2011/03/24,0,147000,-323000,-176000
2011/03/25,0,231000,-359000,-128000
2011/03/28,0,180000,-227000,-47000
2011/03/29,0,187000,-112000,75000
2011/03/30,0,98000,-207000,-109000
2011/03/31,0,247000,-180000,67000
2011/04/01,0,776000,-78000,698000
2011/04/04,0,0,0,0
2011/04/05,0,0,0,0
2011/04/06,0,86000,-379000,-293000
2011/04/07,0,634000,-294000,340000
2011/04/08,0,642000,-616000,26000
2011/04/11,0,276000,-201000,75000
2011/04/12,0,334000,-291000,43000
2011/04/13,0,310000,-325000,-15000
2011/04/14,0,273000,-175000,98000
2011/04/15,0,59000,-477000,-418000
2011/04/18,0,332000,-335000,-3000
2011/04/19,0,117000,-243000,-126000
2011/04/20,0,280000,-117000,163000
2011/04/21,0,1134000,-479000,655000
2011/04/22,0,38000,-328000,-290000
2011/04/25,0,146000,-194000,-48000
2011/04/26,0,72000,-177451,-105451
2011/04/27,0,171000,-211000,-40000
2011/04/28,0,290000,-242000,48000
2011/04/29,0,242000,-840000,-598000
2011/05/02,0,0,0,0
2011/05/03,0,106000,-353000,-247000
2011/05/04,0,168000,-299000,-131000
2011/05/05,0,84000,-236000,-152000
2011/05/06,0,115000,-259000,-144000
2011/05/09,0,443000,-79000,364000
2011/05/10,0,99000,-107000,-8000
2011/05/11,0,106000,-246114,-140114
2011/05/12,0,85000,-137000,-52000
2011/05/13,0,165000,-354000,-189000
2011/05/16,0,36000,-118000,-82000
2011/05/17,0,55000,-84000,-29000
2011/05/18,0,265000,-99000,166000
2011/05/19,0,158000,-577920,-419920
2011/05/20,0,182000,-542000,-360000
2011/05/23,0,457000,-1231000,-774000
2011/05/24,0,373000,-193000,180000
2011/05/25,0,13000,-255000,-242000
2011/05/26,0,291000,-199000,92000
2011/05/27,0,156000,-144000,12000
2011/05/30,0,92000,-60000,32000
2011/05/31,0,908000,-107000,801000
2011/06/01,0,171000,-335000,-164000
2011/06/02,0,97000,-316000,-219000
2011/06/03,0,69000,-46000,23000
2011/06/06,0,0,0,0
2011/06/07,0,108000,-126000,-18000
2011/06/08,0,362000,-138000,224000
2011/06/09,0,60000,-110000,-50000
2011/06/10,0,311000,-276000,35000
2011/06/13,0,76000,-384000,-308000
2011/06/14,0,91000,-35000,56000
2011/06/15,0,90000,-191000,-101000
2011/06/16,0,23000,-96000,-73000
2011/06/17,0,526000,-192000,334000
2011/06/20,0,24000,-255000,-231000
2011/06/21,0,264000,-163000,101000
2011/06/22,0,185000,-94000,91000
2011/06/23,0,27000,-113000,-86000
2011/06/24,0,143000,-120000,23000
2011/06/27,0,388000,-127000,261000
2011/06/28,0,38000,-169000,-131000
2011/06/29,0,128000,-402000,-274000
2011/06/30,0,958000,-139000,819000
2011/07/01,0,83000,-568000,-485000
2011/07/04,0,162000,-301000,-139000
2011/07/05,0,1391000,-109587,1281413
2011/07/06,0,270000,-67000,203000
2011/07/07,0,84000,-98000,-14000
2011/07/08,0,58000,-365000,-307000
2011/07/11,0,261000,-44000,217000
2011/07/12,0,40000,-213000,-173000
2011/07/13,0,114000,-80000,34000
2011/07/14,0,323000,-70000,253000
2011/07/15,0,147000,-474000,-327000
2011/07/18,0,1877000,-224000,1653000
2011/07/19,0,453000,-132000,321000
2011/07/20,0,453000,-202000,251000
2011/07/21,0,1038000,-208000,830000
2011/07/22,0,281000,-1490000,-1209000
2011/07/25,0,140000,-699000,-559000
2011/07/26,0,318000,-272000,46000
2011/07/27,0,1148000,-505000,643000
2011/07/28,0,71000,-375000,-304000
2011/07/29,0,237000,-437000,-200000
2011/08/01,0,183000,-77000,106000
2011/08/02,0,154000,-132000,22000
2011/08/03,0,140000,-729000,-589000
2011/08/04,0,155000,-806000,-651000
2011/08/05,0,40000,-3000,37000
2011/08/08,0,97000,-1665000,-1568000
2011/08/09,0,2094000,-209000,1885000
2011/08/10,0,156000,-114000,42000
2011/08/11,0,363000,-110000,253000
2011/08/12,0,189000,-72000,117000
2011/08/15,0,350000,-61000,289000
2011/08/16,0,88000,-147000,-59000
2011/08/17,0,104000,-125000,-21000
2011/08/18,0,60000,-86000,-26000
2011/08/19,0,114000,-233000,-119000
2011/08/22,0,121000,-77000,44000
2011/08/23,0,148000,-91000,57000
2011/08/24,0,111000,-120000,-9000
2011/08/25,0,117000,-396000,-279000
2011/08/26,0,107000,-61000,46000
2011/08/29,0,57000,-47000,10000
2011/08/30,0,321000,-81000,240000
2011/08/31,0,393000,-132000,261000
2011/09/01,0,206061,-289000,-82939
2011/09/02,0,104000,-158000,-54000
2011/09/05,0,325000,-261000,64000
2011/09/06,0,97000,-316000,-219000
2011/09/07,0,312000,-119000,193000
2011/09/08,0,344000,-184000,160000
2011/09/09,0,468000,-272000,196000
2011/09/12,0,0,0,0
2011/09/13,0,107000,-112000,-5000
2011/09/14,0,60000,-373000,-313000
2011/09/15,0,53000,-310000,-257000
2011/09/16,0,281000,-19000,262000
2011/09/19,0,476000,-433000,43000
2011/09/20,0,116000,-48000,68000
2011/09/21,0,117000,-92000,25000
2011/09/22,0,41000,-159000,-118000
2011/09/23,0,66000,-169000,-103000
2011/09/26,0,51000,-343000,-292000
2011/09/27,0,31000,-80000,-49000
2011/09/28,0,11000,-112000,-101000
2011/09/29,0,604000,-45000,559000
2011/09/30,0,250000,-85000,165000
2011/10/03,0,95000,-179000,-84000
2011/10/04,0,178000,-393000,-215000
2011/10/05,0,93000,-127000,-34000
2011/10/06,0,267000,-178011,88989
2011/10/07,0,175000,-169000,6000
2011/10/10,0,0,0,0
2011/10/11,0,86000,-170000,-84000
2011/10/12,0,68000,-71000,-3000
2011/10/13,0,177000,-86000,91000
2011/10/14,0,141000,-116000,25000
2011/10/17,0,390000,-131000,259000
2011/10/18,0,50000,-156000,-106000
2011/10/19,0,189000,-322000,-133000
2011/10/20,0,94000,-358000,-264000
2011/10/21,0,15087,-224000,-208913
2011/10/24,0,427000,-158000,269000
2011/10/25,0,239000,-376000,-137000
2011/10/26,0,425000,-225000,200000
2011/10/27,0,751764,-390000,361764
2011/10/28,0,189000,-645000,-456000
2011/10/31,0,125000,-308000,-183000
2011/11/01,0,491000,-172000,319000
2011/11/02,0,365123,-233000,132123
2011/11/03,0,139000,-251000,-112000
2011/11/04,0,897000,-1368000,-471000
2011/11/07,0,57000,-461000,-404000
2011/11/08,0,339000,-1216000,-877000
2011/11/09,0,65000,-145000,-80000
2011/11/10,0,107000,-414000,-307000
2011/11/11,0,133000,-97000,36000
2011/11/14,0,313000,-206000,107000
2011/11/15,0,115000,-289000,-174000
2011/11/16,0,197000,-76000,121000
2011/11/17,0,150000,-264000,-114000
2011/11/18,0,91000,-276690,-185690
2011/11/21,0,94145,-315000,-220855
2011/11/22,0,61000,-205000,-144000
2011/11/23,0,215000,-348000,-133000
2011/11/24,0,138000,-76000,62000
2011/11/25,0,166000,-227000,-61000
2011/11/28,0,84000,-66000,18000
2011/11/29,0,85000,-59220,25780
2011/11/30,0,91000,-162000,-71000
2011/12/01,0,16000,0,16000
2011/12/02,0,443000,-223000,220000
2011/12/05,0,106353,-57000,49353
2011/12/06,0,373000,-294000,79000
2011/12/07,0,238000,-78000,160000
2011/12/08,0,17000,-51000,-34000
2011/12/09,0,14000,-80000,-66000
2011/12/12,0,12000,-294000,-282000
2011/12/13,0,115000,-470000,-355000
2011/12/14,0,288000,-54000,234000
2011/12/15,0,122000,-62000,60000
2011/12/16,0,131000,-97000,34000
2011/12/19,0,60000,-101000,-41000
2011/12/20,0,218000,-39310,178690
2011/12/21,0,283000,-37000,246000
2011/12/22,0,107000,-169000,-62000
2011/12/23,0,116000,-35000,81000
2011/12/26,0,204000,-33000,171000
2011/12/27,0,59000,-62000,-3000
2011/12/28,0,29000,-22000,7000
2011/12/29,0,103000,-236000,-133000
2011/12/30,0,134000,-38000,96000
2012/01/02,0,18000,-49000,-31000
2012/01/03,0,269000,-110000,159000
2012/01/04,0,374000,-133000,241000
2012/01/05,0,23000,-153000,-130000
2012/01/06,0,104000,-90000,14000
2012/01/09,0,387000,-20000,367000
2012/01/10,0,269000,-602000,-333000
2012/01/11,0,124000,-260000,-136000
2012/01/12,0,121000,-47000,74000
2012/01/13,0,406000,-161000,245000
2012/01/16,0,76000,-250070,-174070
2012/01/17,0,77000,-47000,30000
2012/01/18,0,402000,-313000,89000
2012/01/19,0,0,0,0
2012/01/20,0,0,0,0
2012/01/23,0,0,0,0
2012/01/24,0,0,0,0
2012/01/25,0,0,0,0
2012/01/26,0,0,0,0
2012/01/27,0,0,0,0
2012/01/30,0,820000,-80000,740000
2012/01/31,0,392000,-108000,284000
2012/02/01,0,280000,-662000,-382000
2012/02/02,0,91000,-211000,-120000
2012/02/03,0,106000,-71000,35000
2012/02/06,0,146000,-192000,-46000
2012/02/07,0,76000,-967000,-891000
2012/02/08,0,109000,-109000,0
2012/02/09,0,663000,-146000,517000
2012/02/10,0,108000,-376000,-268000
2012/02/13,0,69000,-254000,-185000
2012/02/14,0,38000,-171000,-133000
2012/02/15,0,144000,-109000,35000
2012/02/16,0,731000,-159000,572000
2012/02/17,0,81000,-505691,-424691
2012/02/20,0,103000,-74000,29000
2012/02/21,0,77000,-152000,-75000
2012/02/22,0,157000,-130000,27000
2012/02/23,0,436000,-88000,348000
2012/02/24,0,23000,-203000,-180000
2012/02/27,0,0,0,0
2012/02/28,0,0,0,0
2012/02/29,0,202000,-36000,166000
2012/03/01,0,83000,-176000,-93000
2012/03/02,0,204000,-121000,83000
2012/03/05,0,100000,-342000,-242000
2012/03/06,0,160000,-313000,-153000
2012/03/07,0,98000,-76000,22000
2012/03/08,0,90000,-137000,-47000
2012/03/09,0,119000,-53000,66000
2012/03/12,0,33000,-123000,-90000
2012/03/13,0,381000,-77000,304000
2012/03/14,0,92000,-93000,-1000
2012/03/15,0,43000,-219000,-176000
2012/03/16,0,291000,-79000,212000
2012/03/19,0,100000,-58000,42000
2012/03/20,0,24000,-102000,-78000
2012/03/21,0,62000,-85000,-23000
2012/03/22,0,224000,-27000,197000
2012/03/23,0,613000,-351000,262000
2012/03/26,0,255000,-344000,-89000
2012/03/27,0,92000,-213000,-121000
2012/03/28,0,69000,-77000,-8000
2012/03/29,0,144000,-167297,-23297
2012/03/30,0,157000,-196000,-39000
2012/04/02,0,367000,-208000,159000
2012/04/03,0,234000,-148000,86000
2012/04/04,0,0,0,0
2012/04/05,0,208000,-201118,6882
2012/04/06,0,106000,-174000,-68000
2012/04/09,0,165000,-142000,23000
2012/04/10,0,80000,-200000,-120000
2012/04/11,0,88000,-43000,45000
2012/04/12,0,76000,-160000,-84000
2012/04/13,0,157000,-77000,80000
2012/04/16,0,51000,-94000,-43000
2012/04/17,0,52000,-83000,-31000
2012/04/18,0,62000,-87000,-25000
2012/04/19,0,47000,-162000,-115000
2012/04/20,0,58000,-109000,-51000
2012/04/23,0,24000,-62000,-38000
2012/04/24,0,55000,-73000,-18000
2012/04/25,0,63000,-39000,24000
2012/04/26,0,84000,-79000,5000
2012/04/27,0,96000,-177526,-81526
2012/04/30,0,71000,-41000,30000
2012/05/01,0,0,0,0
2012/05/02,0,188000,-50017,137983
2012/05/03,0,43000,-281000,-238000
2012/05/04,0,38000,-80000,-42000
2012/05/07,0,69000,-42000,27000
2012/05/08,0,8000,-108000,-100000
2012/05/09,0,40000,-31000,9000
2012/05/10,0,9000,-50000,-41000
2012/05/11,0,23000,-129000,-106000
2012/05/14,0,17000,-24000,-7000
2012/05/15,0,64000,-27000,37000
2012/05/16,0,30000,-187000,-157000
2012/05/17,0,31000,-135000,-104000
2012/05/18,0,44000,-67000,-23000
2012/05/21,0,52000,-13000,39000
2012/05/22,0,102000,-38000,64000
2012/05/23,0,1000,-27000,-26000
2012/05/24,0,29000,-80000,-51000
2012/05/25,0,59000,-85000,-26000
2012/05/28,0,42000,-4000,38000
2012/05/29,0,33000,-49000,-16000
2012/05/30,0,90000,-36556,53444
2012/05/31,0,39000,-29000,10000
2012/06/01,0,16000,-27000,-11000
2012/06/04,0,24000,-90000,-66000
2012/06/05,0,15000,-11000,4000
2012/06/06,0,18000,-8000,10000
2012/06/07,0,2000,-10000,-8000
2012/06/08,0,68000,-61272,6728
2012/06/11,0,18000,-1000,17000
2012/06/12,0,181000,-40000,141000
2012/06/13,0,127000,-71000,56000
2012/06/14,0,227000,-129000,98000
2012/06/15,0,123000,-107000,16000
2012/06/18,0,121000,-212000,-91000
2012/06/19,0,73000,-88000,-15000
2012/06/20,0,149000,-125000,24000
2012/06/21,0,33000,-44000,-11000
2012/06/22,0,2000,-101000,-99000
2012/06/25,0,14000,-29000,-15000
2012/06/26,0,41000,-40000,1000
2012/06/27,0,35000,-12000,23000
2012/06/28,0,66000,-13000,53000
2012/06/29,0,96000,-24000,72000
2012/07/02,0,127000,-20000,107000
2012/07/03,0,70000,-29000,41000
2012/07/04,0,142000,-120000,22000
2012/07/05,0,107000,-101000,6000
2012/07/06,0,113000,-21000,92000
2012/07/09,0,49000,-52000,-3000
2012/07/10,0,187000,-174000,13000
2012/07/11,0,217000,-12000,205000
2012/07/12,0,69000,-174000,-105000
2012/07/13,0,7000,-110000,-103000
2012/07/16,0,18000,-87000,-69000
2012/07/17,0,61000,-115000,-54000
2012/07/18,0,76000,-88000,-12000
2012/07/19,0,83000,-21000,62000
2012/07/20,0,87000,-74000,13000
2012/07/23,0,14000,-46000,-32000
2012/07/24,0,47000,-46000,1000
2012/07/25,0,245000,-118000,127000
2012/07/26,0,172000,-248000,-76000
2012/07/27,0,95000,-200000,-105000
2012/07/30,0,88000,-35000,53000
2012/07/31,0,196000,-28000,168000
2012/08/01,0,159000,-198000,-39000
2012/08/02,0,0,0,0
2012/08/03,0,51000,-133000,-82000
2012/08/06,0,830000,-187000,643000
2012/08/07,0,472000,-155000,317000
2012/08/08,0,243000,-360000,-117000
2012/08/09,0,1567000,-157000,1410000
2012/08/10,0,275000,-1325000,-1050000
2012/08/13,0,211000,-540000,-329000
2012/08/14,0,86000,-273000,-187000
2012/08/15,0,33000,-134000,-101000
2012/08/16,0,443000,-214000,229000
2012/08/17,0,238000,-202000,36000
2012/08/20,0,64000,-164000,-100000
2012/08/21,0,326000,-73000,253000
2012/08/22,0,784000,-207000,577000
2012/08/23,0,210000,-131000,79000
2012/08/24,0,133000,-151000,-18000
2012/08/27,0,198000,-426000,-228000
2012/08/28,0,232000,-453000,-221000
2012/08/29,0,121000,-268000,-147000
2012/08/30,0,65000,-223000,-158000
2012/08/31,0,40000,-76000,-36000
2012/09/03,0,806000,-108000,698000
2012/09/04,0,370000,-141000,229000
2012/09/05,0,212000,-260000,-48000
2012/09/06,0,75000,-208000,-133000
2012/09/07,0,126000,-62000,64000
2012/09/10,0,423000,-218000,205000
2012/09/11,0,534000,-279000,255000
2012/09/12,0,262000,-437000,-175000
2012/09/13,0,395000,-740000,-345000
2012/09/14,0,371000,-229000,142000
2012/09/17,0,256000,-151000,105000
2012/09/18,0,263000,-58000,205000
2012/09/19,0,795000,-357000,438000
2012/09/20,0,486000,-313000,173000
2012/09/21,0,173000,-194000,-21000
2012/09/24,0,59000,-128000,-69000
2012/09/25,0,150000,-243000,-93000
2012/09/26,0,265000,-508000,-243000
2012/09/27,0,100000,-54000,46000
2012/09/28,0,115000,-83000,32000
2012/10/01,0,95000,-225000,-130000
2012/10/02,0,59000,-80000,-21000
2012/10/03,0,57000,-82000,-25000
2012/10/04,0,117000,-125000,-8000
2012/10/05,0,107000,-335000,-228000
2012/10/08,0,74000,-542000,-468000
2012/10/09,0,116000,-501465,-385465
2012/10/10,0,0,0,0
2012/10/11,0,151000,-443000,-292000
2012/10/12,0,179000,-430000,-251000
2012/10/15,0,98000,-154000,-56000
2012/10/16,0,110000,-195000,-85000
2012/10/17,0,238000,-235000,3000
2012/10/18,0,209000,-135000,74000
2012/10/19,0,62000,-114000,-52000
2012/10/22,0,204000,-146000,58000
2012/10/23,0,195000,-257000,-62000
2012/10/24,0,169000,-62000,107000
2012/10/25,0,413000,-382000,31000
2012/10/26,0,453000,-557000,-104000
2012/10/29,0,267000,-311000,-44000
2012/10/30,0,128000,-85000,43000
2012/10/31,0,131000,-272000,-141000
2012/11/01,0,439000,-330000,109000
2012/11/02,0,247000,-373000,-126000
2012/11/05,0,116000,-82000,34000
2012/11/06,0,88000,-60000,28000
2012/11/07,0,302000,-419000,-117000
2012/11/08,0,237000,-215000,22000
2012/11/09,0,104000,-164000,-60000
2012/11/12,0,208000,-100000,108000
2012/11/13,0,158000,-157000,1000
2012/11/14,0,291000,-149583,141417
2012/11/15,0,291000,-210000,81000
2012/11/16,0,358000,-144000,214000
2012/11/19,0,137000,-219000,-82000
2012/11/20,0,142000,-219000,-77000
2012/11/21,0,250000,-235000,15000
2012/11/22,0,223000,-67000,156000
2012/11/23,0,333000,-295000,38000
2012/11/26,0,238000,-60000,178000
2012/11/27,0,166000,-41000,125000
2012/11/28,0,250264,-228000,22264
2012/11/29,0,313000,-229000,84000
2012/11/30,0,336000,-318000,18000
2012/12/03,0,246000,-400000,-154000
2012/12/04,0,257000,-39000,218000
2012/12/05,0,1529000,-265000,1264000
2012/12/06,0,718000,-1160000,-442000
2012/12/07,0,592000,-747000,-155000
2012/12/10,0,526000,-144000,382000
2012/12/11,0,481000,-263000,218000
2012/12/12,0,297000,-407000,-110000
2012/12/13,0,329000,-293000,36000
2012/12/14,0,236000,-407000,-171000
2012/12/17,0,496000,-668000,-172000
2012/12/18,0,129000,-450000,-321000
2012/12/19,0,148000,-277000,-129000
2012/12/20,0,305000,-838000,-533000
2012/12/21,0,205000,-155000,50000
2012/12/24,0,76000,-99000,-23000
2012/12/25,0,166000,-41000,125000
2012/12/26,0,57000,-100000,-43000
2012/12/27,0,91000,-107000,-16000
2012/12/28,0,269000,-63000,206000
2012/12/31,0,0,0,0
2013/01/01,0,0,0,0
2013/01/02,0,716000,-150000,566000
2013/01/03,0,767000,-446000,321000
2013/01/04,0,355000,-295000,60000
2013/01/07,0,141000,-78000,63000
2013/01/08,0,55000,-354000,-299000
2013/01/09,0,202000,-211000,-9000
2013/01/10,0,431000,-350000,81000
2013/01/11,0,95000,-231000,-136000
2013/01/14,0,51000,-164000,-113000
2013/01/15,0,64000,-157000,-93000
2013/01/16,0,207000,-288000,-81000
2013/01/17,0,222000,-341000,-119000
2013/01/18,0,136000,-202000,-66000
2013/01/21,0,110000,-47000,63000
2013/01/22,0,120000,-58000,62000
2013/01/23,0,43000,-109000,-66000
2013/01/24,0,311000,-84000,227000
2013/01/25,0,232000,-78000,154000
2013/01/28,0,78000,-37000,41000
2013/01/29,0,227000,-26000,201000
2013/01/30,0,478000,-61000,417000
2013/01/31,0,80000,-178000,-98000
2013/02/01,0,203000,-165000,38000
2013/02/04,0,400000,-127000,273000
2013/02/05,0,121000,-158000,-37000
2013/02/06,0,722000,-138000,584000
2013/02/07,0,0,0,0
2013/02/08,0,0,0,0
2013/02/11,0,0,0,0
2013/02/12,0,0,0,0
2013/02/13,0,0,0,0
2013/02/14,0,0,0,0
2013/02/15,0,0,0,0
2013/02/18,0,33000,-132000,-99000
2013/02/19,0,96000,-333000,-237000
2013/02/20,0,135000,-123000,12000
2013/02/21,0,42000,-79000,-37000
2013/02/22,0,171000,-94000,77000
2013/02/25,0,63000,-136000,-73000
2013/02/26,0,207000,-290999,-83999
2013/02/27,0,358000,-581000,-223000
2013/02/28,0,0,0,0
2013/03/01,0,105000,-133000,-28000
2013/03/04,0,152000,-214001,-62001
2013/03/05,0,107000,-90000,17000
2013/03/06,0,418000,-219000,199000
2013/03/07,0,144000,-83000,61000
2013/03/08,0,53000,-268000,-215000
2013/03/11,0,35000,-51000,-16000
2013/03/12,0,41000,-630000,-589000
2013/03/13,0,159000,-312000,-153000
2013/03/14,0,17000,-161000,-144000
2013/03/15,0,47000,-214000,-167000
2013/03/18,0,47000,-204000,-157000
2013/03/19,0,188000,-433000,-245000
2013/03/20,0,156000,-222000,-66000
2013/03/21,0,208000,-42000,166000
2013/03/22,0,81000,-685000,-604000
2013/03/25,0,258000,-142000,116000
2013/03/26,0,9000,-140000,-131000
2013/03/27,0,241000,-42000,199000
2013/03/28,0,32000,-139000,-107000
2013/03/29,0,42000,-30000,12000
2013/04/01,0,27000,-13000,14000
2013/04/02,0,111000,-2000,109000
2013/04/03,0,50000,-67000,-17000
2013/04/04,0,0,0,0
2013/04/05,0,0,0,0
2013/04/08,0,80000,-227000,-147000
2013/04/09,0,61000,-142000,-81000
2013/04/10,0,26000,-82000,-56000
2013/04/11,0,122000,-135000,-13000
2013/04/12,0,47000,-76000,-29000
2013/04/15,0,45000,-144000,-99000
2013/04/16,0,39000,-68000,-29000
2013/04/17,0,61000,-23000,38000
2013/04/18,0,159000,-25000,134000
2013/04/19,0,54000,-6000,48000
2013/04/22,0,376000,-106000,270000
2013/04/23,0,238000,-89000,149000
2013/04/24,0,16000,-4000,12000
2013/04/25,0,51000,-177000,-126000
2013/04/26,0,144000,-45000,99000
2013/04/29,0,12000,-209000,-197000
2013/04/30,0,54000,-43000,11000
2013/05/01,0,0,0,0
2013/05/02,0,27000,-30000,-3000
2013/05/03,0,76000,-8000,68000
2013/05/06,0,5000,-10000,-5000
2013/05/07,0,0,-23000,-23000
2013/05/08,0,5000,-26000,-21000
2013/05/09,0,6000,-92000,-86000
2013/05/10,0,11000,-36000,-25000
2013/05/13,0,1000,-17000,-16000
2013/05/14,0,31000,-47000,-16000
2013/05/15,0,21000,-227000,-206000
2013/05/16,0,237000,-129000,108000
2013/05/17,0,151000,-45000,106000
2013/05/20,0,187000,-61000,126000
2013/05/21,0,405000,-81000,324000
2013/05/22,0,198000,-297000,-99000
2013/05/23,0,75000,-253000,-178000
2013/05/24,0,125000,-310000,-185000
2013/05/27,0,45000,-67000,-22000
2013/05/28,0,55000,-40000,15000
2013/05/29,0,175000,-44000,131000
2013/05/30,0,3000,-69758,-66758
2013/05/31,0,9000,-6000,3000
2013/06/03,0,57000,-51000,6000
2013/06/04,0,10000,-96000,-86000
2013/06/05,0,80000,-127011,-47011
2013/06/06,0,79000,-102000,-23000
2013/06/07,0,12000,-30000,-18000
2013/06/10,0,164000,-3000,161000
2013/06/11,0,21000,-17000,4000
2013/06/12,0,0,0,0
2013/06/13,0,26000,-179000,-153000
2013/06/14,0,62000,-47000,15000
2013/06/17,0,14000,-24000,-10000
2013/06/18,0,93000,-38000,55000
2013/06/19,0,198000,-129000,69000
2013/06/20,0,48000,-52000,-4000
2013/06/21,0,36000,-160000,-124000
2013/06/24,0,78000,-8000,70000
2013/06/25,0,32000,-197000,-165000
2013/06/26,0,129000,-140000,-11000
2013/06/27,0,123000,-81000,42000
2013/06/28,0,25000,-31000,-6000
2013/07/01,0,80000,-2000,78000
2013/07/02,0,55000,-41000,14000
2013/07/03,0,25000,-43000,-18000
2013/07/04,0,86000,-9000,77000
2013/07/05,0,29000,-8000,21000
2013/07/08,0,23000,-26000,-3000
2013/07/09,0,14000,-30000,-16000
2013/07/10,0,1613282,-24000,1589282
2013/07/11,0,2480000,-121000,2359000
2013/07/12,0,157000,-3054000,-2897000
2013/07/15,0,135000,-154000,-19000
2013/07/16,0,114000,-234000,-120000
2013/07/17,0,43000,-89000,-46000
2013/07/18,0,50000,-377000,-327000
2013/07/19,0,56000,-161000,-105000
2013/07/22,0,22000,-65000,-43000
2013/07/23,0,26000,-142000,-116000
2013/07/24,0,17000,-82000,-65000
2013/07/25,0,51000,-11000,40000
2013/07/26,0,22000,-52000,-30000
2013/07/29,0,3000,-9000,-6000
2013/07/30,0,31000,-162000,-131000
2013/07/31,0,45000,-22000,23000
2013/08/01,0,46000,-54000,-8000
2013/08/02,0,279000,-82000,197000
2013/08/05,0,705000,-443000,262000
2013/08/06,0,175000,-1365000,-1190000
2013/08/07,0,104000,-194000,-90000
2013/08/08,0,444000,-88000,356000
2013/08/09,0,267000,-196000,71000
2013/08/12,0,278998,-111000,167998
2013/08/13,0,138000,-166000,-28000
2013/08/14,0,36000,-81000,-45000
2013/08/15,0,304000,-139000,165000
2013/08/16,0,130000,-145000,-15000
2013/08/19,0,77000,-170000,-93000
2013/08/20,0,61000,-203000,-142000
2013/08/21,0,0,0,0
2013/08/22,0,24000,-135000,-111000
2013/08/23,0,326000,-54000,272000
2013/08/26,0,205000,-107000,98000
2013/08/27,0,94000,-168000,-74000
2013/08/28,0,72000,-107000,-35000
2013/08/29,0,50000,-124000,-74000
2013/08/30,0,447000,-52000,395000
2013/09/02,0,738000,-342000,396000
2013/09/03,0,657000,-363000,294000
2013/09/04,0,1418000,-206000,1212000
2013/09/05,0,540000,-815000,-275000
2013/09/06,0,670000,-467000,203000
2013/09/09,0,319000,-511000,-192000
2013/09/10,0,522000,-268000,254000
2013/09/11,0,495000,-331000,164000
2013/09/12,0,273000,-271000,2000
2013/09/13,0,299000,-121000,178000
2013/09/16,0,276000,-302000,-26000
2013/09/17,0,94000,-160000,-66000
2013/09/18,0,95000,-137000,-42000
2013/09/19,0,0,0,0
2013/09/20,0,0,0,0
2013/09/23,0,335000,-110000,225000
2013/09/24,0,201000,-45000,156000
2013/09/25,0,873000,-1199000,-326000
2013/09/26,0,502000,-836000,-334000
2013/09/27,0,158000,-633000,-475000
2013/09/30,0,264000,-90000,174000
2013/10/01,0,211000,-167000,44000
2013/10/02,0,271000,-388000,-117000
2013/10/03,0,459000,-670000,-211000
2013/10/04,0,227000,-95000,132000
2013/10/07,0,334000,-133000,201000
2013/10/08,0,30000,-86000,-56000
2013/10/09,0,178000,-144000,34000
2013/10/10,0,0,0,0
2013/10/11,0,446000,-166000,280000
2013/10/14,0,116000,-297000,-181000
2013/10/15,0,475000,-162000,313000
2013/10/16,0,88000,-547000,-459000
2013/10/17,0,129000,-103000,26000
2013/10/18,0,403000,-186000,217000
2013/10/21,0,416000,-118000,298000
2013/10/22,0,539000,-313000,226000
2013/10/23,0,81000,-429000,-348000
2013/10/24,0,184000,-328000,-144000
2013/10/25,0,36000,-168000,-132000
2013/10/28,0,39000,-43000,-4000
2013/10/29,0,22000,-31000,-9000
2013/10/30,0,103000,-5000,98000
2013/10/31,0,315000,-18000,297000
2013/11/01,0,435000,-38000,397000
2013/11/04,0,322000,-149000,173000
2013/11/05,0,239000,-16000,223000
2013/11/06,0,104000,-217000,-113000
2013/11/07,0,113000,-39000,74000
2013/11/08,0,57000,-528000,-471000
2013/11/11,0,69000,-218000,-149000
2013/11/12,0,254000,-9000,245000
2013/11/13,0,127000,-271000,-144000
2013/11/14,0,1499000,-192000,1307000
2013/11/15,0,133000,-300000,-167000
2013/11/18,0,593000,-1071000,-478000
2013/11/19,0,231000,-357000,-126000
2013/11/20,0,706000,-165000,541000
2013/11/21,0,62000,-472000,-410000
2013/11/22,0,136000,-311000,-175000
2013/11/25,0,305000,-35000,270000
2013/11/26,0,127000,-66000,61000
2013/11/27,0,1379689,-163921,1215768
2013/11/28,0,200000,-632000,-432000
2013/11/29,0,125000,-419000,-294000
2013/12/02,0,26000,-217000,-191000
2013/12/03,0,126000,-264000,-138000
2013/12/04,0,41000,-147000,-106000
2013/12/05,0,15000,-78000,-63000
2013/12/06,0,58000,-105000,-47000
2013/12/09,0,250000,-714000,-464000
2013/12/10,0,59000,-169000,-110000
2013/12/11,0,71000,-177000,-106000
2013/12/12,0,36000,-535000,-499000
2013/12/13,0,12000,-189000,-177000
2013/12/16,0,65000,-237000,-172000
2013/12/17,0,505000,-212000,293000
2013/12/18,0,42000,-95000,-53000
2013/12/19,0,50000,-98000,-48000
2013/12/20,0,16000,-13000,3000
2013/12/23,0,381000,-1000,380000
2013/12/24,0,240000,-18181,221819
2013/12/25,0,69000,-122000,-53000
2013/12/26,0,0,-60000,-60000
2013/12/27,0,160000,-701000,-541000
2013/12/30,0,132000,-76000,56000
2013/12/31,0,86000,-88000,-2000
2014/01/02,0,135000,-139537,-4537
2014/01/03,0,128000,-214114,-86114
2014/01/06,0,176000,-268795,-92795
2014/01/07,0,106000,-143000,-37000
2014/01/08,0,115000,-397000,-282000
2014/01/09,0,3000,-91000,-88000
2014/01/10,0,69000,-42000,27000
2014/01/13,0,3000,-519000,-516000
2014/01/14,0,55000,-282000,-227000
2014/01/15,0,86388,-61000,25388
2014/01/16,0,15000,-53000,-38000
2014/01/17,0,99000,-255000,-156000
2014/01/20,0,151000,-332000,-181000
2014/01/21,0,240000,-85000,155000
2014/01/22,0,205000,-159000,46000
2014/01/23,0,132000,-21000,111000
2014/01/24,0,90000,-311000,-221000
2014/01/27,0,57000,-177000,-120000
2014/02/05,0,118000,-139000,-21000
2014/02/06,0,91000,-158000,-67000
2014/02/07,0,53000,-171000,-118000
2014/02/10,0,138000,-68000,70000
2014/02/11,0,33000,-38000,-5000
2014/02/12,0,62000,-25000,37000
2014/02/13,0,48000,-59000,-11000
2014/02/14,0,144000,-51000,93000
2014/02/17,0,78000,-169000,-91000
2014/02/18,0,131000,-15000,116000
2014/02/19,0,152000,-30000,122000
2014/02/20,0,150000,-143000,7000
2014/02/21,0,131000,-22000,109000
2014/02/24,0,45000,-42000,3000
2014/02/25,0,96000,-172000,-76000
2014/02/26,0,11000,-204000,-193000
2014/02/27,0,120000,-91500,28500
2014/03/03,0,19000,-34000,-15000
2014/03/04,0,235000,-163000,72000
2014/03/05,0,149000,-60820,88180
2014/03/06,0,146000,-73000,73000
2014/03/07,0,517000,-57000,460000
2014/03/10,0,138000,-241000,-103000
2014/03/11,0,39000,-117000,-78000
2014/03/12,0,66000,-518000,-452000
2014/03/13,0,48000,-49000,-1000
2014/03/14,0,9000,-29000,-20000
2014/03/17,0,2000,-43000,-41000
2014/03/18,0,21000,-28000,-7000
2014/03/19,0,550365,-213000,337365
2014/03/20,0,122000,-119000,3000
2014/03/21,0,73000,-46000,27000
2014/03/24,0,160000,-62000,98000
2014/03/25,0,103000,-152000,-49000
2014/03/26,0,35080,-337000,-301920
2014/03/27,0,44000,-285000,-241000
2014/03/28,0,157000,-222000,-65000
2014/03/31,0,505000,-254000,251000
2014/04/01,0,66000,-365000,-299000
2014/04/02,0,29000,-250000,-221000
2014/04/03,0,56000,-136000,-80000
2014/04/07,0,1059000,-198078,860922
2014/04/08,0,92000,-524564,-432564
2014/04/09,0,59000,-119000,-60000
2014/04/10,0,186000,-408000,-222000
2014/04/11,0,64000,-154000,-90000
2014/04/14,0,11000,-89000,-78000
2014/04/15,0,8000,-69000,-61000
2014/04/16,0,187000,-153000,34000
2014/04/17,0,115000,-188000,-73000
2014/04/18,0,72000,-58000,14000
2014/04/21,0,90000,-128000,-38000
2014/04/22,0,19000,-90000,-71000
2014/04/23,0,34000,-56000,-22000
2014/04/24,0,3000,-59000,-56000
2014/04/25,0,56000,-184000,-128000
2014/04/28,0,82000,-23000,59000
2014/04/29,0,21000,-61000,-40000
2014/04/30,0,1000,-140000,-139000
2014/05/02,0,14000,-6000,8000
2014/05/05,0,7000,-11000,-4000
2014/05/06,0,35000,-73000,-38000
2014/05/07,0,54000,-72000,-18000
2014/05/08,0,37000,-11245,25755
2014/05/09,0,41000,-24000,17000
2014/05/12,0,70000,-7000,63000
2014/05/13,0,76000,-28000,48000
2014/05/14,0,69000,-47322,21678
2014/05/15,0,23000,0,23000
2014/05/16,0,54000,-18000,36000
2014/05/19,0,58000,-10136,47864
2014/05/20,0,48000,-14000,34000
2014/05/21,0,33000,-44000,-11000
2014/05/22,0,164000,-5000,159000
2014/05/23,0,232000,-18000,214000
2014/05/26,0,63000,-16000,47000
2014/05/27,0,205000,0,205000
2014/05/28,0,55000,-10000,45000
2014/05/29,0,167000,-7000,160000
2014/05/30,0,182000,-83000,99000
2014/06/03,0,99000,-416000,-317000
2014/06/04,0,56000,-86000,-30000
2014/06/05,0,21000,-36000,-15000
2014/06/06,0,15000,-14000,1000
2014/06/09,0,212000,-50000,162000
2014/06/10,0,7000,-109000,-102000
2014/06/11,0,332000,-108000,224000
2014/06/12,0,1689000,-526000,1163000
2014/06/13,0,191000,-1336000,-1145000
2014/06/16,0,790000,-402000,388000
2014/06/17,0,29000,-411000,-382000
2014/06/18,0,417000,-717720,-300720
2014/06/19,0,97000,-43000,54000
2014/06/20,0,393000,-304000,89000
2014/06/23,0,34000,-605000,-571000
2014/06/24,0,56000,-204307,-148307
2014/06/25,0,100000,-135000,-35000
2014/06/26,0,140000,-75000,65000
2014/06/27,0,14000,-70000,-56000
2014/06/30,0,160000,-98000,62000
2014/07/01,0,84000,-232000,-148000
2014/07/02,0,232000,-188000,44000
2014/07/03,0,184000,-60000,124000
2014/07/04,0,172000,-80000,92000
2014/07/07,0,37000,-140000,-103000
2014/07/08,0,53000,-225000,-172000
2014/07/09,0,1305000,-522768,782232
2014/07/10,0,208000,-981000,-773000
2014/07/11,0,427000,-588000,-161000
2014/07/14,0,141000,-278000,-137000
2014/07/15,0,0,-817000,-817000
2014/07/16,0,411000,-144000,267000
2014/07/17,0,1300000,-612000,688000
2014/07/18,0,125000,-576000,-451000
2014/07/21,0,474000,-161366,312634
2014/07/22,0,2292000,-175000,2117000
2014/07/23,0,0,0,0
2014/07/24,0,2236995,-178000,2058995
2014/07/25,0,782000,-3467000,-2685000
2014/07/28,0,261000,-577000,-316000
2014/07/29,0,369000,-388000,-19000
2014/07/30,0,1008000,-1409000,-401000
2014/07/31,0,750000,-970000,-220000
2014/08/01,0,517000,-180000,337000
2014/08/04,0,162000,-355000,-193000
2014/08/05,0,348000,-242000,106000
2014/08/06,0,118000,-344000,-226000
2014/08/07,0,106000,-245000,-139000
2014/08/08,0,33000,-322000,-289000
2014/08/11,0,116000,-222000,-106000
2014/08/12,0,7000,-156000,-149000
2014/08/13,0,136000,-235000,-99000
2014/08/14,0,33000,-200868,-167868
2014/08/15,0,1086000,-528000,558000
2014/08/18,0,20000,-242000,-222000
2014/08/19,0,288000,-301000,-13000
2014/08/20,0,80000,-358000,-278000
2014/08/21,0,60000,-291000,-231000
2014/08/22,0,113000,-144000,-31000
2014/08/25,0,31000,-38000,-7000
2014/08/26,0,3000,-130000,-127000
2014/08/27,0,41000,-39000,2000
2014/08/28,0,111000,-31000,80000
2014/08/29,0,1000,-15000,-14000
2014/09/01,0,0,-25000,-25000
2014/09/02,0,32000,-50000,-18000
2014/09/03,0,54000,-109000,-55000
2014/09/04,0,0,-59728,-59728
2014/09/05,0,27000,-24000,3000
2014/09/09,0,11000,-47000,-36000
2014/09/10,0,121000,-11000,110000
2014/09/11,0,106000,-46140,59860
2014/09/12,0,80000,-120000,-40000
2014/09/15,0,21000,-63000,-42000
2014/09/16,0,73000,-57000,16000
2014/09/17,0,89000,-75000,14000
2014/09/18,0,87000,-79000,8000
2014/09/19,0,27000,-152000,-125000
2014/09/22,0,204000,-30000,174000
2014/09/23,0,152000,-55274,96726
2014/09/24,0,72000,-24000,48000
2014/09/25,0,166000,-281000,-115000
2014/09/26,0,59000,-46000,13000
2014/09/29,0,41000,-114000,-73000
2014/09/30,0,60000,-177000,-117000
2014/10/01,0,19000,-22000,-3000
2014/10/02,0,56000,-110000,-54000
2014/10/03,0,44000,-103000,-59000
2014/10/06,0,47000,-9000,38000
2014/10/07,0,22000,-34000,-12000
2014/10/08,0,38000,-77000,-39000
2014/10/09,0,43000,-92000,-49000
2014/10/13,0,112000,-173877,-61877
2014/10/14,0,722000,-873000,-151000
2014/10/15,0,233000,-199000,34000
2014/10/16,0,334000,-28000,306000
2014/10/17,0,188000,-60000,128000
2014/10/20,0,83000,-66000,17000
2014/10/21,0,85000,-124000,-39000
2014/10/22,0,18000,-73000,-55000
2014/10/23,0,31000,-20000,11000
2014/10/24,0,75000,-59000,16000
2014/10/27,0,35000,-93000,-58000
2014/10/28,0,16000,-85000,-69000
2014/10/29,0,32000,-343000,-311000
2014/10/30,0,17000,-215000,-198000
2014/10/31,0,21000,-62000,-41000
2014/11/03,0,10000,-6000,4000
2014/11/04,0,13000,-5000,8000
2014/11/05,0,188000,-119326,68674
2014/11/06,0,35000,-434000,-399000
2014/11/07,0,14000,-163000,-149000
2014/11/10,0,10000,-375000,-365000
2014/11/11,0,27000,-163000,-136000
2014/11/12,0,244000,-35000,209000
2014/11/13,0,66000,-2000,64000
2014/11/14,0,45000,-4000,41000
2014/11/17,0,45000,-100000,-55000
2014/11/18,0,39000,-25000,14000
2014/11/19,0,9000,-13000,-4000
2014/11/20,0,36000,-11000,25000
2014/11/21,0,106000,-5000,101000
2014/11/24,0,236000,-60000,176000
2014/11/25,0,70000,-22000,48000
2014/11/26,0,25000,-37000,-12000
2014/11/27,0,49000,-5000,44000
2014/11/28,0,3000,-5000,-2000
2014/12/01,0,30000,-38000,-8000
2014/12/02,0,76000,-41363,34637
2014/12/03,0,94000,-49000,45000
2014/12/04,0,17000,-39000,-22000
2014/12/05,0,98000,-91000,7000
2014/12/08,0,90000,-248000,-158000
2014/12/09,0,120000,-3000,117000
2014/12/10,0,70000,-48000,22000
2014/12/11,0,40000,-27000,13000
2014/12/12,0,18000,-9000,9000
2014/12/15,0,53000,-19448,33552
2014/12/16,0,100000,-380000,-280000
2014/12/17,0,88000,-15134,72866
2014/12/18,0,48000,-22000,26000
2014/12/19,0,34000,-45000,-11000
2014/12/22,0,84000,-25000,59000
2014/12/23,0,96000,-13000,83000
2014/12/24,0,79000,-1982,77018
2014/12/25,0,50000,-36000,14000
2014/12/26,0,123000,-2000,121000
2014/12/29,0,85000,-72000,13000
2014/12/30,0,39000,-97000,-58000
2014/12/31,0,31000,-12000,19000
2015/01/01,0,0,0,0
2015/01/02,0,0,0,0
2015/01/05,0,138000,-10000,128000
2015/01/06,0,19000,-31000,-12000
2015/01/07,0,17000,-137000,-120000
2015/01/08,0,10000,-17000,-7000
2015/01/09,0,2000,-21000,-19000
2015/01/12,0,8000,-11000,-3000
2015/01/13,0,74000,-9000,65000
2015/01/14,0,18000,-14000,4000
2015/01/15,0,32000,-12000,20000
2015/01/16,0,26000,-50007,-24007
2015/01/19,0,2000,-5000,-3000
2015/01/20,0,6000,-49000,-43000
2015/01/21,0,0,-70000,-70000
2015/01/22,0,53000,-33000,20000
2015/01/23,0,2000,-52000,-50000
2015/01/26,0,12000,-56000,-44000
2015/01/27,0,6000,-11000,-5000
2015/01/28,0,4000,-42000,-38000
2015/01/29,0,11000,-200000,-189000
2015/01/30,0,40000,-51000,-11000
2015/02/02,0,4000,-65000,-61000
2015/02/03,0,10000,-25000,-15000
2015/02/04,0,10000,-75000,-65000
2015/02/05,0,44000,-25000,19000
2015/02/06,0,2000,-8000,-6000
2015/02/09,0,4000,0,4000
2015/02/10,0,95000,0,95000
2015/02/11,0,0,-20000,-20000
2015/02/12,0,42000,0,42000
2015/02/13,0,4000,-79000,-75000
2015/02/16,0,0,0,0
2015/02/17,0,0,0,0
2015/02/18,0,0,0,0
2015/02/19,0,0,0,0
2015/02/20,0,0,0,0
2015/02/23,0,0,0,0
2015/02/24,0,0,-13000,-13000
2015/02/25,0,5000,-36284,-31284
2015/02/26,0,101000,-6023,94977
2015/02/27,0,0,0,0
2015/03/02,0,25000,0,25000
2015/03/03,0,108000,-40000,68000
2015/03/04,0,107000,-13000,94000
2015/03/05,0,30000,-6226,23774
2015/03/06,0,32000,-1000,31000
2015/03/09,0,35000,-6000,29000
2015/03/10,0,70000,-9000,61000
2015/03/11,0,24000,-55000,-31000
2015/03/12,0,15000,-3000,12000
2015/03/13,0,0,-79000,-79000
2015/03/16,0,58000,-27000,31000
2015/03/17,0,31000,-39000,-8000
2015/03/18,0,52000,-79546,-27546
2015/03/19,0,255000,-101000,154000
2015/03/20,0,178000,-10000,168000
2015/03/23,0,2000,-30000,-28000
2015/03/24,0,24000,-84000,-60000
2015/03/25,0,183000,-10000,173000
2015/03/26,0,119000,-37000,82000
2015/03/27,0,470000,-487000,-17000
2015/03/30,0,61000,-14000,47000
2015/03/31,0,23000,-17000,6000
2015/04/01,0,45000,-7000,38000
2015/04/02,0,14000,-36000,-22000
2015/04/03,0,0,0,0
2015/04/06,0,0,0,0
2015/04/07,0,50000,-22000,28000
2015/04/08,0,30000,-20000,10000
2015/04/09,0,573000,-106000,467000
2015/04/10,0,325000,-599000,-274000
2015/04/13,0,128000,-199000,-71000
2015/04/14,0,211000,-245008,-34008
2015/04/15,0,127000,-107000,20000
2015/04/16,0,34000,-100000,-66000
2015/04/17,0,71000,-18000,53000
2015/04/20,0,162000,-104000,58000
2015/04/21,0,105000,-2000,103000
2015/04/22,0,70000,-220000,-150000
2015/04/23,0,371000,-69000,302000
2015/04/24,0,138000,-148000,-10000
2015/04/27,0,113000,-338000,-225000
2015/04/28,0,42000,-5000,37000
2015/04/29,0,60000,-25000,35000
2015/04/30,0,131000,-5000,126000
2015/05/01,0,0,0,0
2015/05/04,0,83000,-54000,29000
2015/05/05,0,53000,-48000,5000
2015/05/06,0,78000,-73000,5000
2015/05/07,0,39000,-1000,38000
2015/05/08,0,20000,-10000,10000
2015/05/11,0,81000,-8000,73000
2015/05/12,0,104000,-15000,89000
2015/05/13,0,455000,-3000,452000
2015/05/14,0,84000,-201000,-117000
2015/05/15,0,158000,-192000,-34000
2015/05/18,0,122000,-33000,89000
2015/05/19,0,49000,-11000,38000
2015/05/20,0,14000,-45000,-31000
2015/05/21,0,133000,-107000,26000
2015/05/22,0,14000,-81000,-67000
2015/05/25,0,87000,-69000,18000
2015/05/26,0,36000,-3000,33000
2015/05/27,0,44000,-86000,-42000
2015/05/28,0,179000,-78000,101000
2015/05/29,0,178000,-109000,69000
2015/06/01,0,254000,0,254000
2015/06/02,0,31000,-42000,-11000
2015/06/03,0,30000,-2000,28000
2015/06/04,0,253000,-103000,150000
2015/06/05,0,124000,-86000,38000
2015/06/08,0,63000,-207000,-144000
2015/06/09,0,95000,0,95000
2015/06/10,0,66000,-8000,58000
2015/06/11,0,46000,-25000,21000
2015/06/12,0,47000,-14000,33000
2015/06/15,0,20000,0,20000
2015/06/16,0,41000,-2000,39000
2015/06/17,0,42000,-4000,38000
2015/06/18,0,26000,-19000,7000
2015/06/19,0,0,0,0
2015/06/22,0,37000,-251000,-214000
2015/06/23,0,201000,-79000,122000
2015/06/24,0,17000,-6000,11000
2015/06/25,0,111000,-32000,79000
2015/06/26,0,58000,-1000,57000
2015/06/29,0,76000,0,76000
2015/06/30,0,169000,-51000,118000
2015/07/01,0,38000,-2000,36000
2015/07/02,0,403000,-2000,401000
2015/07/03,0,94000,-141000,-47000
2015/07/06,0,59000,0,59000
2015/07/07,0,49000,-8000,41000
2015/07/08,0,195000,-10000,185000
2015/07/09,0,211000,-120000,91000
2015/07/10,0,0,0,0
2015/07/13,0,61000,-33000,28000
2015/07/14,0,42000,-15000,27000
2015/07/15,0,72000,-123000,-51000
2015/07/16,0,38000,-77000,-39000
2015/07/17,0,47000,-51000,-4000
2015/07/20,0,77000,-100000,-23000
2015/07/21,0,63000,-1000,62000
2015/07/22,0,138000,0,138000
2015/07/23,0,157000,-2000,155000
2015/07/24,0,121000,0,121000
2015/07/27,0,248000,-100000,148000
2015/07/28,0,184000,-36000,148000
2015/07/29,0,53000,0,53000
2015/07/30,0,90000,-105000,-15000
2015/07/31,0,59000,-40000,19000
2015/08/03,0,77000,-13000,64000
2015/08/04,0,145000,-6000,139000
2015/08/05,0,75000,-6000,69000
2015/08/06,0,157000,-3000,154000
2015/08/07,0,74000,-32000,42000
2015/08/10,0,59000,-6000,53000
2015/08/11,0,136000,-46000,90000
2015/08/12,0,161000,-6000,155000
2015/08/13,0,39000,-24000,15000
2015/08/14,0,38000,-5000,33000
2015/08/17,0,111000,-63000,48000
2015/08/18,0,76000,-207000,-131000
2015/08/19,0,256000,-8000,248000
2015/08/20,0,81000,-77000,4000
2015/08/21,0,159000,-97000,62000
2015/08/24,0,406000,-363000,43000
2015/08/25,0,219000,-375000,-156000
2015/08/26,0,43000,-5000,38000
2015/08/27,0,173000,-88000,85000
2015/08/28,0,71000,-59000,12000
2015/08/31,0,16000,-77000,-61000
2015/09/01,0,13000,-32000,-19000
2015/09/02,0,5000,-80000,-75000
2015/09/03,0,0,-10000,-10000
2015/09/04,0,0,-33000,-33000
2015/09/07,0,1000,0,1000
2015/09/08,0,0,-6000,-6000
2015/09/09,0,59000,-73000,-14000
2015/09/10,0,103000,-118000,-15000
2015/09/11,0,20000,-16000,4000
2015/09/14,0,15000,-20000,-5000
2015/09/15,0,44000,-11000,33000
2015/09/16,0,1000,-25000,-24000
2015/09/17,0,8000,-55000,-47000
2015/09/18,0,70000,-73000,-3000
2015/09/21,0,47000,-13000,34000
2015/09/22,0,0,-42000,-42000
2015/09/23,0,79000,-8000,71000
2015/09/24,0,88000,-36000,52000
2015/09/25,0,58000,-75000,-17000
2015/09/28,0,0,0,0
2015/09/29,0,0,0,0
2015/09/30,0,63000,-4000,59000
2015/10/01,0,56000,-8000,48000
2015/10/02,0,9000,-2000,7000
2015/10/05,0,0,-1000,-1000
2015/10/06,0,15000,-20000,-5000
2015/10/07,0,10000,-10000,0
2015/10/08,0,119000,-30000,89000
2015/10/09,0,0,0,0
2015/10/12,0,95000,-2000,93000
2015/10/13,0,10000,-113000,-103000
2015/10/14,0,40000,-21000,19000
2015/10/15,0,0,-94000,-94000
2015/10/16,0,12000,-86000,-74000
2015/10/19,0,28000,-19000,9000
2015/10/20,0,10000,-47000,-37000
2015/10/21,0,58000,-4000,54000
2015/10/22,0,0,-44000,-44000
2015/10/23,0,1000,-39000,-38000
2015/10/26,0,51000,0,51000
2015/10/27,0,12000,-5000,7000
2015/10/28,0,79000,-73000,6000
2015/10/29,0,127000,-3000,124000
2015/10/30,0,32000,-40000,-8000
2015/11/02,0,65000,0,65000
2015/11/03,0,0,0,0
2015/11/04,0,70000,-181000,-111000
2015/11/05,0,54000,-78000,-24000
2015/11/06,0,65000,-66000,-1000
2015/11/09,0,9000,-71000,-62000
2015/11/10,0,32000,-33000,-1000
2015/11/11,0,83000,-9000,74000
2015/11/12,0,83000,-1000,82000
2015/11/13,0,94000,-20000,74000
2015/11/16,0,47000,-50000,-3000
2015/11/17,0,20000,-97000,-77000
2015/11/18,0,52000,-46000,6000
2015/11/19,0,18000,-1000,17000
2015/11/20,0,20000,-132000,-112000
2015/11/23,0,52000,-10000,42000
2015/11/24,0,39000,-10000,29000
2015/11/25,0,2000,-140000,-138000
2015/11/26,0,103000,-184000,-81000
2015/11/27,0,308000,-135000,173000
2015/11/30,0,149000,-76000,73000
2015/12/01,0,90000,-139000,-49000
2015/12/02,0,102000,-334000,-232000
2015/12/03,0,94000,-125000,-31000
2015/12/04,0,91000,-26000,65000
2015/12/07,0,187000,-11000,176000
2015/12/08,0,118000,0,118000
2015/12/09,0,67000,-123000,-56000
2015/12/10,0,369000,-67000,302000
2015/12/11,0,55000,-111000,-56000
2015/12/14,0,57000,-41000,16000
2015/12/15,0,51000,-66000,-15000
2015/12/16,0,20000,-23000,-3000
2015/12/17,0,4000,-88000,-84000
2015/12/18,0,44000,-52000,-8000
2015/12/21,0,39000,-77000,-38000
2015/12/22,0,2000,0,2000
2015/12/23,0,20000,-13000,7000
2015/12/24,0,8000,-5000,3000
2015/12/25,0,2000,-23000,-21000
2015/12/28,0,105000,0,105000
2015/12/29,0,11000,-63000,-52000
2015/12/30,0,11000,-13000,-2000
2015/12/31,0,168000,-73000,95000
2016/01/01,0,0,0,0
2016/01/04,0,68000,-37000,31000
2016/01/05,0,38000,-6000,32000
2016/01/06,0,110000,-1000,109000
2016/01/07,0,169000,-132000,37000
2016/01/08,0,140000,0,140000
2016/01/11,0,118000,0,118000
2016/01/12,0,24000,-40000,-16000
2016/01/13,0,49000,-22000,27000
2016/01/14,0,123000,-26000,97000
2016/01/15,0,135000,-14000,121000
2016/01/18,0,57000,-3000,54000
2016/01/19,0,24000,0,24000
2016/01/20,0,80000,-44000,36000
2016/01/21,0,63000,-14000,49000
2016/01/22,0,62000,-114000,-52000
2016/01/25,0,9000,-19000,-10000
2016/01/26,0,0,0,0
2016/01/27,0,0,0,0
2016/01/28,0,0,-10000,-10000
2016/01/29,0,30000,-93000,-63000
2016/02/01,0,0,-21000,-21000
2016/02/02,0,0,-96000,-96000
2016/02/03,0,0,-62000,-62000
2016/02/04,0,0,0,0
2016/02/05,0,0,0,0
2016/02/08,0,0,0,0
2016/02/09,0,0,0,0
2016/02/10,0,0,0,0
2016/02/11,0,0,0,0
2016/02/12,0,0,0,0
2016/02/15,0,5000,0,5000
2016/02/16,0,25000,-25000,0
2016/02/17,0,26000,-101000,-75000
2016/02/18,0,9000,-121000,-112000
2016/02/19,0,24000,-29000,-5000
2016/02/22,0,66000,-55000,11000
2016/02/23,0,0,-33000,-33000
2016/02/24,0,0,-18000,-18000
2016/02/25,0,0,-44000,-44000
2016/02/26,0,0,-92000,-92000
2016/02/29,0,0,0,0
2016/03/01,0,0,-19000,-19000
2016/03/02,0,0,-51000,-51000
2016/03/03,0,0,-23000,-23000
2016/03/04,0,0,-14000,-14000
2016/03/07,0,0,-68000,-68000
2016/03/08,0,4000,-29000,-25000
2016/03/09,0,0,-20000,-20000
2016/03/10,0,61000,-9000,52000
2016/03/11,0,0,-45000,-45000
2016/03/14,0,0,0,0
2016/03/15,0,4000,-9000,-5000
2016/03/16,0,18000,-30000,-12000
2016/03/17,0,0,-33000,-33000
2016/03/18,0,30000,-10000,20000
2016/03/21,0,0,-35000,-35000
2016/03/22,0,9000,-6000,3000
2016/03/23,0,44000,0,44000
2016/03/24,0,15000,0,15000
2016/03/25,0,30000,0,30000
2016/03/28,0,170000,0,170000
2016/03/29,0,39000,-210000,-171000
2016/03/30,0,118000,-2000,116000
2016/03/31,0,11000,-32961,-21961
2016/04/01,0,12000,-34000,-22000
2016/04/04,0,0,0,0
2016/04/05,0,0,0,0
2016/04/06,0,44000,-9000,35000
2016/04/07,0,41000,-18000,23000
2016/04/08,0,54000,-2000,52000
2016/04/11,0,19000,-38000,-19000
2016/04/12,0,104000,-5000,99000
2016/04/13,0,5000,-1000,4000
2016/04/14,0,11000,-16000,-5000
2016/04/15,0,9000,-4000,5000
2016/04/18,0,7000,0,7000
2016/04/19,0,4000,-1000,3000
2016/04/20,0,60000,-13000,47000
2016/04/21,0,89000,-2000,87000
2016/04/22,0,41000,0,41000
2016/04/25,0,0,0,0
2016/04/26,0,45000,-1000,44000
2016/04/27,0,10000,0,10000
2016/04/28,0,31000,-9000,22000
2016/04/29,0,97000,-22000,75000
2016/05/02,0,0,0,0
2016/05/03,0,100000,0,100000
2016/05/04,0,255000,-7000,248000
2016/05/05,0,198000,0,198000
2016/05/06,0,175000,0,175000
2016/05/09,0,77000,0,77000
2016/05/10,0,118000,0,118000
2016/05/11,0,79000,-4000,75000
2016/05/12,0,59000,-10000,49000
2016/05/13,0,294000,-107000,187000
2016/05/16,0,65000,-10000,55000
2016/05/17,0,30000,-57000,-27000
2016/05/18,0,66000,-2000,64000
2016/05/19,0,145000,-1000,144000
2016/05/20,0,22000,0,22000
2016/05/23,0,147000,-10000,137000
2016/05/24,0,0,-10000,-10000
2016/05/25,0,24000,-9000,15000
2016/05/26,0,35000,-2000,33000
2016/05/27,0,20000,-22000,-2000
2016/05/30,0,26000,-32000,-6000
2016/05/31,0,14000,-23000,-9000
2016/06/01,0,20000,-59000,-39000
2016/06/02,0,18000,-105000,-87000
2016/06/03,0,22000,-41000,-19000
2016/06/06,0,2000,-69000,-67000
2016/06/07,0,16000,-98000,-82000
2016/06/08,0,2000,-33000,-31000
2016/06/09,0,0,0,0
2016/06/10,0,0,0,0
2016/06/13,0,2000,-96000,-94000
2016/06/14,0,6000,-10000,-4000
2016/06/15,0,20000,-45000,-25000
2016/06/16,0,1000,-50000,-49000
2016/06/17,0,35000,-23000,12000
2016/06/20,0,45000,-64000,-19000
2016/06/21,0,65000,-43000,22000
2016/06/22,0,20000,-21000,-1000
2016/06/23,0,5000,-44000,-39000
2016/06/24,0,4000,-53000,-49000
2016/06/27,0,0,-2000,-2000
2016/06/28,0,40000,-25000,15000
2016/06/29,0,4000,-35000,-31000
2016/06/30,0,1000,-54000,-53000
2016/07/01,0,70000,-83000,-13000
2016/07/04,0,55000,-129000,-74000
2016/07/05,0,61000,-46000,15000
2016/07/06,0,34000,-54000,-20000
2016/07/07,0,42000,-24000,18000
2016/07/08,0,0,0,0
2016/07/11,0,42000,-170000,-128000
2016/07/12,0,39000,-156000,-117000
2016/07/13,0,365000,-171000,194000
2016/07/14,0,40000,-322000,-282000
2016/07/15,0,239000,-174000,65000
2016/07/18,0,44000,-551000,-507000
2016/07/19,0,108000,-140000,-32000
2016/07/20,0,147000,-217000,-70000
2016/07/21,0,38000,-132000,-94000
2016/07/22,0,105000,-107000,-2000
2016/07/25,0,108000,-129000,-21000
2016/07/26,0,3000,-118000,-115000
2016/07/27,0,496000,-90000,406000
2016/07/28,0,11000,-382000,-371000
2016/07/29,0,10000,-35000,-25000
2016/08/01,0,20000,-99000,-79000
2016/08/02,0,921000,-105000,816000
2016/08/03,0,173000,-548000,-375000
2016/08/04,0,66000,-177000,-111000
2016/08/05,0,189000,-183000,6000
2016/08/08,0,172000,-191000,-19000
2016/08/09,0,383000,-197000,186000
2016/08/10,0,454000,-727000,-273000
2016/08/11,0,8000,-550000,-542000
2016/08/12,0,84000,-45000,39000
2016/08/15,0,73000,-301000,-228000
2016/08/16,0,306000,-119000,187000
2016/08/17,0,26000,-496000,-470000
2016/08/18,0,94000,-123000,-29000
2016/08/19,0,61000,-63000,-2000
2016/08/22,0,49000,-154000,-105000
2016/08/23,0,187000,-48000,139000
2016/08/24,0,33000,-197000,-164000
2016/08/25,0,7000,-51000,-44000
2016/08/26,0,11000,-13000,-2000
2016/08/29,0,20000,-60000,-40000
2016/08/30,0,24000,-60000,-36000
2016/08/31,0,49000,-109000,-60000
2016/09/01,0,57000,-27000,30000
2016/09/02,0,85000,-64000,21000
2016/09/05,0,27000,-73000,-46000
2016/09/06,0,58000,-32000,26000
2016/09/07,0,21000,-75000,-54000
2016/09/08,0,10000,-113000,-103000
2016/09/09,0,0,-39000,-39000
2016/09/12,0,5000,-13000,-8000
2016/09/13,0,138000,-36000,102000
2016/09/14,0,13000,-23000,-10000
2016/09/15,0,0,0,0
2016/09/16,0,0,0,0
2016/09/19,0,40000,-9000,31000
2016/09/20,0,0,-14000,-14000
2016/09/21,0,9000,-88000,-79000
2016/09/22,0,60000,-42000,18000
2016/09/23,0,183000,-3000,180000
2016/09/26,0,96000,-24000,72000
2016/09/27,0,0,0,0
2016/09/28,0,0,0,0
2016/09/29,0,100000,-77000,23000
2016/09/30,0,132000,-51000,81000
2016/10/03,0,725000,-73000,652000
2016/10/04,0,364000,-371000,-7000
2016/10/05,0,208000,-186000,22000
2016/10/06,0,170000,-147000,23000
2016/10/07,0,89000,-40000,49000
2016/10/10,0,0,0,0
2016/10/11,0,139000,-101000,38000
2016/10/12,0,91000,-156000,-65000
2016/10/13,0,219000,-26000,193000
2016/10/14,0,404000,-96000,308000
2016/10/17,0,691000,-54000,637000
2016/10/18,0,305000,-52000,253000
2016/10/19,0,744005,-163000,581005
2016/10/20,0,485000,-284000,201000
2016/10/21,0,200000,-130000,70000
2016/10/24,0,101000,-98000,3000
2016/10/25,0,661000,-159000,502000
2016/10/26,0,250000,-380000,-130000
2016/10/27,0,50000,-70000,-20000
2016/10/28,0,66000,-92000,-26000
2016/10/31,0,493000,-116000,377000
2016/11/01,0,118000,-218000,-100000
2016/11/02,0,99000,-314000,-215000
2016/11/03,0,56000,-88000,-32000
2016/11/04,0,84000,-6000,78000
2016/11/07,0,42000,-21000,21000
2016/11/08,0,408000,-4000,404000
2016/11/09,0,751000,-182000,569000
2016/11/10,0,1453994,-3000,1450994
2016/11/11,0,3481000,-871000,2610000
2016/11/14,0,1220000,-226000,994000
2016/11/15,0,717000,-1238000,-521000
2016/11/16,0,780000,-468000,312000
2016/11/17,0,626000,-636000,-10000
2016/11/18,0,1237000,-891000,346000
2016/11/21,0,718000,-1417000,-699000
2016/11/22,0,1763000,-636000,1127000
2016/11/23,0,392909,-1013000,-620091
2016/11/24,0,1880000,-644000,1236000
2016/11/25,0,781000,-1588000,-807000
2016/11/28,0,678000,-1793532,-1115532
2016/11/29,0,188000,-1158000,-970000
2016/11/30,0,898000,-495000,403000
2016/12/01,0,520000,-756000,-236000
2016/12/02,0,482000,-598000,-116000
2016/12/05,0,290000,-215000,75000
2016/12/06,0,1136357,-153000,983357
2016/12/07,0,487000,-1090000,-603000
2016/12/08,0,334000,-298000,36000
2016/12/09,0,262000,-359000,-97000
2016/12/12,0,469000,-532000,-63000
2016/12/13,0,94000,-149000,-55000
2016/12/14,0,240000,-535000,-295000
2016/12/15,0,355000,-291000,64000
2016/12/16,0,305000,-186000,119000
2016/12/19,0,238000,-407000,-169000
2016/12/20,0,210000,-225000,-15000
2016/12/21,0,170000,-582000,-412000
2016/12/22,0,277000,-89000,188000
2016/12/23,0,316000,-281000,35000
2016/12/26,0,94000,-240000,-146000
2016/12/27,0,78000,-125000,-47000
2016/12/28,0,151000,-43000,108000
2016/12/29,0,91000,-95000,-4000
2016/12/30,0,67000,-225000,-158000
2017/01/02,0,0,0,0
2017/01/03,0,70000,-158000,-88000
2017/01/04,0,110000,-249000,-139000
2017/01/05,0,109000,-156000,-47000
2017/01/06,0,63000,-196000,-133000
2017/01/09,0,3019000,-440000,2579000
2017/01/10,0,1710735,-1231000,479735
2017/01/11,0,299000,-2677000,-2378000
2017/01/12,0,250000,-294000,-44000
2017/01/13,0,267000,-223000,44000
2017/01/16,0,107000,-469000,-362000
2017/01/17,0,285000,-111000,174000
2017/01/18,0,116000,-451000,-335000
2017/01/19,0,787000,-359000,428000
2017/01/20,0,500000,-833000,-333000
2017/01/23,0,404000,-207000,197000
2017/01/24,0,466000,-818000,-352000
2017/01/25,0,0,0,0
2017/01/26,0,0,0,0
2017/01/27,0,0,0,0
2017/01/30,0,0,0,0
2017/01/31,0,0,0,0
2017/02/01,0,0,0,0
2017/02/02,0,380000,-131000,249000
2017/02/03,0,680000,-205000,475000
2017/02/06,0,1910000,-353000,1557000
2017/02/07,0,803000,-922000,-119000
2017/02/08,0,178000,-483000,-305000
2017/02/09,0,217000,-580000,-363000
2017/02/10,0,400000,-304000,96000
2017/02/13,0,562000,-804000,-242000
2017/02/14,0,432000,-100000,332000
2017/02/15,0,2950000,-324000,2626000
2017/02/16,0,3056000,-2523000,533000
2017/02/17,0,1106950,-2096000,-989050
2017/02/20,0,545000,-955000,-410000
2017/02/21,0,776000,-397000,379000
2017/02/22,0,265000,-284000,-19000
2017/02/23,0,468000,-441000,27000
2017/02/24,0,140000,-214000,-74000
2017/02/27,0,0,0,0
2017/02/28,0,0,0,0
2017/03/01,0,1367000,-102000,1265000
2017/03/02,0,389000,-1200000,-811000
2017/03/03,0,157000,-114000,43000
2017/03/06,0,402000,-139000,263000
2017/03/07,0,142000,-283000,-141000
2017/03/08,0,39000,-338000,-299000
2017/03/09,0,229000,-67000,162000
2017/03/10,0,313000,-50000,263000
2017/03/13,0,451000,-198000,253000
2017/03/14,0,269000,-249000,20000
2017/03/15,0,576000,-516000,60000
2017/03/16,0,187000,-826000,-639000
2017/03/17,0,200000,-150000,50000
2017/03/20,0,186000,-346000,-160000
2017/03/21,0,442000,-941000,-499000
2017/03/22,0,421000,-863000,-442000
2017/03/23,0,504000,-74000,430000
2017/03/24,0,1263000,-490000,773000
2017/03/27,0,23000,-595975,-572975
2017/03/28,0,474000,-2241000,-1767000
2017/03/29,0,122000,-393000,-271000
2017/03/30,0,75000,-66000,9000
2017/03/31,0,36000,-158000,-122000
2017/04/03,0,0,0,0
2017/04/04,0,0,0,0
2017/04/05,0,6000,-184000,-178000
2017/04/06,0,66000,-33000,33000
2017/04/07,0,322000,-70000,252000
2017/04/10,0,32000,-143000,-111000
2017/04/11,0,45000,-99000,-54000
2017/04/12,0,76000,-44000,32000
2017/04/13,0,42000,-20000,22000
2017/04/14,0,107000,-484000,-377000
2017/04/17,0,167000,-183000,-16000
2017/04/18,0,89000,-64000,25000
2017/04/19,0,72000,-1104000,-1032000
2017/04/20,0,136000,-494000,-358000
2017/04/21,0,104000,-411000,-307000
2017/04/24,0,560000,-366000,194000
2017/04/25,0,598025,-107000,491025
2017/04/26,0,315000,-624000,-309000
2017/04/27,0,23000,-429000,-406000
2017/04/28,0,57000,-69000,-12000
2017/05/01,0,0,0,0
2017/05/02,0,10000,-67000,-57000
2017/05/03,0,30000,-36000,-6000
2017/05/04,0,30000,-50000,-20000
2017/05/05,0,67000,-288000,-221000
2017/05/08,0,23000,-72000,-49000
2017/05/09,0,16000,-108528,-92528
2017/05/10,0,118000,-24000,94000
2017/05/11,0,103000,-84000,19000
2017/05/12,0,23000,-117000,-94000
2017/05/15,0,28000,-139000,-111000
2017/05/16,0,8000,-91000,-83000
2017/05/17,0,283000,-119017,163983
2017/05/18,0,106000,-149000,-43000
2017/05/19,0,7000,-150000,-143000
2017/05/22,0,13000,-7000,6000
2017/05/23,0,31000,-12000,19000
2017/05/24,0,20000,-77000,-57000
2017/05/25,0,59000,-3000,56000
2017/05/26,0,40000,-43000,-3000
2017/05/29,0,0,0,0
2017/05/30,0,0,0,0
2017/05/31,0,8000,-195000,-187000
2017/06/01,0,46000,-152000,-106000
2017/06/02,0,32000,-251000,-219000
2017/06/05,0,161000,-69000,92000
2017/06/06,0,25000,-180196,-155196
2017/06/07,0,23000,-70000,-47000
2017/06/08,0,4000,-123000,-119000
2017/06/09,0,25000,-62000,-37000
2017/06/12,0,42000,-121000,-79000
2017/06/13,0,14000,-43000,-29000
2017/06/14,0,18000,-167000,-149000
2017/06/15,0,50000,-75000,-25000
2017/06/16,0,79000,-20200,58800
2017/06/19,0,515000,-59000,456000
2017/06/20,0,168000,-161000,7000
2017/06/21,0,97000,-90000,7000
2017/06/22,0,34000,-72000,-38000
2017/06/23,0,15000,-36504,-21504
2017/06/26,0,133000,-80000,53000
2017/06/27,0,69000,-75000,-6000
2017/06/28,0,65000,-31000,34000
2017/06/29,0,86000,-21000,65000
2017/06/30,0,731000,-82000,649000
2017/07/03,0,129000,-318000,-189000
2017/07/04,0,96000,-409000,-313000
2017/07/05,0,201000,-282000,-81000
2017/07/06,0,43000,-341000,-298000
2017/07/07,0,29000,-499000,-470000
2017/07/10,0,21000,-310000,-289000
2017/07/11,0,110000,-277000,-167000
2017/07/12,0,23000,-108000,-85000
2017/07/13,0,78000,-37000,41000
2017/07/14,0,19000,-84000,-65000
2017/07/17,0,275000,-25000,250000
2017/07/18,0,50000,-112000,-62000
2017/07/19,0,97000,-192000,-95000
2017/07/20,0,612000,-137000,475000
2017/07/21,0,707000,-318000,389000
2017/07/24,0,107000,-294000,-187000
2017/07/25,0,139000,-75000,64000
2017/07/26,0,486000,-250000,236000
2017/07/27,0,866000,-296000,570000
2017/07/28,0,303000,-982000,-679000
2017/07/31,0,7000,-358000,-351000
2017/08/01,0,627000,-189000,438000
2017/08/02,0,410000,-350000,60000
2017/08/03,0,111000,-616000,-505000
2017/08/04,0,151000,-152000,-1000
2017/08/07,0,61000,-190000,-129000
2017/08/08,0,85000,-114000,-29000
2017/08/09,0,431000,-144000,287000
2017/08/10,0,189000,-478000,-289000
2017/08/11,0,132000,-169000,-37000
2017/08/14,0,136000,-523983,-387983
2017/08/15,0,289000,-156000,133000
2017/08/16,0,36000,-194000,-158000
2017/08/17,0,36000,-60000,-24000
2017/08/18,0,109000,-129000,-20000
