Date,Open,Buy,Sell,Total
2007/01/02,0,103000,0,103000
2007/01/03,0,114000,-106000,8000
2007/01/04,0,117000,-17000,100000
2007/01/05,0,575000,-2000,573000
2007/01/08,0,120000,-596000,-476000
2007/01/09,0,5000,-22000,-17000
2007/01/10,0,5000,-643000,-638000
2007/01/11,0,0,-209000,-209000
2007/01/12,0,64000,-477000,-413000
2007/01/15,0,0,-6000,-6000
2007/01/16,0,50000,-194000,-144000
2007/01/17,0,0,-97000,-97000
2007/01/18,0,42000,-71000,-29000
2007/01/19,0,43000,-36000,7000
2007/01/22,0,50000,-27000,23000
2007/01/23,0,6000,-47000,-41000
2007/01/24,0,79000,-20000,59000
2007/01/25,0,88000,0,88000
2007/01/26,0,95000,-30000,65000
2007/01/29,0,8000,-132000,-124000
2007/01/30,0,41000,-11000,30000
2007/01/31,0,218000,-24000,194000
2007/02/01,0,15000,-14000,1000
2007/02/02,0,50000,0,50000
2007/02/05,0,724000,-19000,705000
2007/02/06,0,0,-22000,-22000
2007/02/07,0,3000,-80000,-77000
2007/02/08,0,16000,-805000,-789000
2007/02/09,0,18000,0,18000
2007/02/12,0,0,0,0
2007/02/13,0,90000,0,90000
2007/02/14,0,13000,-1000,12000
2007/02/15,0,0,0,0
2007/02/16,0,0,0,0
2007/02/19,0,0,0,0
2007/02/20,0,0,0,0
2007/02/21,0,0,0,0
2007/02/22,0,0,0,0
2007/02/23,0,0,0,0
2007/02/26,0,1377000,-165000,1212000
2007/02/27,0,442000,0,442000
2007/02/28,0,0,0,0
2007/03/01,0,13000,-913000,-900000
2007/03/02,0,8000,-26000,-18000
2007/03/05,0,87000,-39000,48000
2007/03/06,0,139000,-51000,88000
2007/03/07,0,137000,-106000,31000
2007/03/08,0,45000,-67000,-22000
2007/03/09,0,1000,-77000,-76000
2007/03/12,0,0,-13000,-13000
2007/03/13,0,0,-27000,-27000
2007/03/14,0,16000,-47000,-31000
2007/03/15,0,1348000,-93000,1255000
2007/03/16,0,200000,-1401000,-1201000
2007/03/19,0,0,-208000,-208000
2007/03/20,0,0,0,0
2007/03/21,0,24000,-2000,22000
2007/03/22,0,572000,-2000,570000
2007/03/23,0,22000,-45000,-23000
2007/03/26,0,741000,0,741000
2007/03/27,0,104000,-86000,18000
2007/03/28,0,304000,-132000,172000
2007/03/29,0,494000,-14000,480000
2007/03/30,0,207000,-13000,194000
2007/04/02,0,90000,-571000,-481000
2007/04/03,0,200000,-18000,182000
2007/04/04,0,0,-73000,-73000
2007/04/05,0,0,0,0
2007/04/06,0,0,0,0
2007/04/09,0,569000,0,569000
2007/04/10,0,310000,-22000,288000
2007/04/11,0,94000,-182000,-88000
2007/04/12,0,64000,-17000,47000
2007/04/13,0,2000,-1055000,-1053000
2007/04/16,0,95000,-528000,-433000
2007/04/17,0,426000,-49000,377000
2007/04/18,0,0,-5000,-5000
2007/04/19,0,10000,-347000,-337000
2007/04/20,0,0,-203000,-203000
2007/04/23,0,42000,-37000,5000
2007/04/24,0,1199000,-27000,1172000
2007/04/25,0,17000,-113000,-96000
2007/04/26,0,1000,-17000,-16000
2007/04/27,0,152000,-369000,-217000
2007/04/30,0,120000,-650000,-530000
2007/05/01,0,0,0,0
2007/05/02,0,0,-59000,-59000
2007/05/03,0,63000,-56000,7000
2007/05/04,0,158000,0,158000
2007/05/07,0,34000,-85000,-51000
2007/05/08,0,13000,-23000,-10000
2007/05/09,0,121000,-183000,-62000
2007/05/10,0,50000,-98000,-48000
2007/05/11,0,12000,-37000,-25000
2007/05/14,0,376000,0,376000
2007/05/15,0,37000,-91000,-54000
2007/05/16,0,25000,-27000,-2000
2007/05/17,0,111000,-299000,-188000
2007/05/18,0,0,-231000,-231000
2007/05/21,0,29000,-9000,20000
2007/05/22,0,250000,-103000,147000
2007/05/23,0,0,-22000,-22000
2007/05/24,0,27000,-27000,0
2007/05/25,0,0,-19000,-19000
2007/05/28,0,24000,-3000,21000
2007/05/29,0,50000,-25000,25000
2007/05/30,0,108000,-37000,71000
2007/05/31,0,175000,0,175000
2007/06/01,0,25000,-1000,24000
2007/06/04,0,71000,-418000,-347000
2007/06/05,0,0,-68000,-68000
2007/06/06,0,80000,-377000,-297000
2007/06/07,0,0,-194000,-194000
2007/06/08,0,6000,-71000,-65000
2007/06/11,0,3000,0,3000
2007/06/12,0,82000,-10000,72000
2007/06/13,0,5000,-10000,-5000
2007/06/14,0,633000,-222000,411000
2007/06/15,0,52000,-100000,-48000
2007/06/18,0,0,0,0
2007/06/19,0,0,0,0
2007/06/20,0,238000,-3000,235000
2007/06/21,0,501000,-21000,480000
2007/06/22,0,647000,0,647000
2007/06/25,0,236000,-16000,220000
2007/06/26,0,396000,-36000,360000
2007/06/27,0,0,0,0
2007/06/28,0,10000,0,10000
2007/06/29,0,69000,0,69000
2007/07/02,0,288000,-270000,18000
2007/07/03,0,73000,0,73000
2007/07/04,0,3205000,-10000,3195000
2007/07/05,0,2038000,-46000,1992000
2007/07/06,0,481000,0,481000
2007/07/09,0,476000,-7000,469000
2007/07/10,0,1503000,-9000,1494000
2007/07/11,0,1303000,-300000,1003000
2007/07/12,0,1000000,-118000,882000
2007/07/13,0,175000,0,175000
2007/07/16,0,1006000,-2000,1004000
2007/07/17,0,1031000,-6000,1025000
2007/07/18,0,1078000,-16000,1062000
2007/07/19,0,1066000,-251000,815000
2007/07/20,0,2281000,-50000,2231000
2007/07/23,0,111000,-93000,18000
2007/07/24,0,1077000,-434000,643000
2007/07/25,0,359000,-38000,321000
2007/07/26,0,1905000,-535000,1370000
2007/07/27,0,3400000,-125000,3275000
2007/07/30,0,9588000,-554000,9034000
2007/07/31,0,1805000,-3549000,-1744000
2007/08/01,0,142000,-4515000,-4373000
2007/08/02,0,2489000,-4491000,-2002000
2007/08/03,0,1510000,-1429000,81000
2007/08/06,0,220000,-28000,192000
2007/08/07,0,2288000,-2099000,189000
2007/08/08,0,721000,-6262000,-5541000
2007/08/09,0,462000,-3186000,-2724000
2007/08/10,0,79000,-228000,-149000
2007/08/13,0,289000,-164000,125000
2007/08/14,0,30000,-189000,-159000
2007/08/15,0,694000,-1834000,-1140000
2007/08/16,0,33000,-850000,-817000
2007/08/17,0,5000,-106000,-101000
2007/08/20,0,511000,0,511000
2007/08/21,0,164000,-336000,-172000
2007/08/22,0,31000,-1168000,-1137000
2007/08/23,0,266000,-27000,239000
2007/08/24,0,0,-2000,-2000
2007/08/27,0,0,-1000000,-1000000
2007/08/28,0,6000,-990000,-984000
2007/08/29,0,179000,-1239000,-1060000
2007/08/30,0,2405000,-163000,2242000
2007/08/31,0,1430000,-2034000,-604000
2007/09/03,0,1004000,-86000,918000
2007/09/04,0,26000,-2000,24000
2007/09/05,0,619000,-25000,594000
2007/09/06,0,2835000,0,2835000
2007/09/07,0,1159000,-116000,1043000
2007/09/10,0,65000,-155000,-90000
2007/09/11,0,1420000,-85000,1335000
2007/09/12,0,52000,-530000,-478000
2007/09/13,0,135000,-33000,102000
2007/09/14,0,145000,0,145000
2007/09/17,0,370000,-80000,290000
2007/09/18,0,0,0,0
2007/09/19,0,107000,-211000,-104000
2007/09/20,0,52000,-132000,-80000
2007/09/21,0,718000,-983000,-265000
2007/09/24,0,0,0,0
2007/09/25,0,0,0,0
2007/09/26,0,52000,-1033000,-981000
2007/09/27,0,1259000,-1120000,139000
2007/09/28,0,718000,-181000,537000
2007/10/01,0,22000,-240000,-218000
2007/10/02,0,419000,-1780000,-1361000
2007/10/03,0,111000,0,111000
2007/10/04,0,1594000,-1716000,-122000
2007/10/05,0,762000,-767000,-5000
2007/10/08,0,606000,-574000,32000
2007/10/09,0,11000,-1029000,-1018000
2007/10/10,0,0,0,0
2007/10/11,0,71000,-503000,-432000
2007/10/12,0,1203000,-36000,1167000
2007/10/15,0,5845000,-697000,5148000
2007/10/16,0,4609000,-1312000,3297000
2007/10/17,0,6887000,-1494000,5393000
2007/10/18,0,8407000,-442000,7965000
2007/10/19,0,4430000,-1433000,2997000
2007/10/22,0,5179000,-243000,4936000
2007/10/23,0,3545000,-141000,3404000
2007/10/24,0,3014000,-1233000,1781000
2007/10/25,0,1990000,0,1990000
2007/10/26,0,6137000,0,6137000
2007/10/29,0,8862000,-1105000,7757000
2007/10/30,0,230000,-67000,163000
2007/10/31,0,4699000,0,4699000
2007/11/01,0,2230000,-21000,2209000
2007/11/02,0,225000,-112000,113000
2007/11/05,0,122000,-83000,39000
2007/11/06,0,76000,-4058000,-3982000
2007/11/07,0,2243000,-767000,1476000
2007/11/08,0,2269000,-225000,2044000
2007/11/09,0,696000,-36000,660000
2007/11/12,0,8000,-511000,-503000
2007/11/13,0,38000,-566000,-528000
2007/11/14,0,1928000,-16000,1912000
2007/11/15,0,531000,-10000,521000
2007/11/16,0,3000,-2744000,-2741000
2007/11/19,0,48000,-244000,-196000
2007/11/20,0,1352000,-75000,1277000
2007/11/21,0,16000,-750000,-734000
2007/11/22,0,1522000,-30000,1492000
2007/11/23,0,2076000,-97000,1979000
2007/11/26,0,1003000,-20000,983000
2007/11/27,0,104000,-1179000,-1075000
2007/11/28,0,28000,-234000,-206000
2007/11/29,0,5000,-80000,-75000
2007/11/30,0,125000,-71000,54000
2007/12/03,0,38000,-19000,19000
2007/12/04,0,60000,-550000,-490000
2007/12/05,0,44000,-98000,-54000
2007/12/06,0,51000,-35000,16000
2007/12/07,0,1251000,-59836,1191164
2007/12/10,0,99000,-62000,37000
2007/12/11,0,21000,-57000,-36000
2007/12/12,0,1179000,-9000,1170000
2007/12/13,0,1317000,-118000,1199000
2007/12/14,0,1977000,-112000,1865000
2007/12/17,0,1325000,-135000,1190000
2007/12/18,0,1296000,-55000,1241000
2007/12/19,0,931000,-39000,892000
2007/12/20,0,1779000,-113000,1666000
2007/12/21,0,312000,-53000,259000
2007/12/24,0,564000,-19000,545000
2007/12/25,0,17000,-71000,-54000
2007/12/26,0,126000,0,126000
2007/12/27,0,1400000,-83000,1317000
2007/12/28,0,3479000,-72000,3407000
2007/12/31,0,1189000,-11000,1178000
2008/01/01,0,0,0,0
2008/01/02,0,64000,-140000,-76000
2008/01/03,0,196000,0,196000
2008/01/04,0,390000,-65000,325000
2008/01/07,0,3151000,-133000,3018000
2008/01/08,0,712000,-152000,560000
2008/01/09,0,88000,-251000,-163000
2008/01/10,0,325000,-103000,222000
2008/01/11,0,26000,-1919000,-1893000
2008/01/14,0,1293000,-709000,584000
2008/01/15,0,17511000,-578000,16933000
2008/01/16,0,329000,-115000,214000
2008/01/17,0,1471000,-162000,1309000
2008/01/18,0,718000,-288000,430000
2008/01/21,0,41000,-59000,-18000
2008/01/22,0,56000,-89000,-33000
2008/01/23,0,3109000,-200000,2909000
2008/01/24,0,1526000,-76000,1450000
2008/01/25,0,14000,-109000,-95000
2008/01/28,0,1340000,-1608000,-268000
2008/01/29,0,1438000,-1094000,344000
2008/01/30,0,666000,-1377000,-711000
2008/01/31,0,901000,-174000,727000
2008/02/01,0,1423000,-104000,1319000
2008/02/04,0,0,0,0
2008/02/05,0,0,0,0
2008/02/06,0,0,0,0
2008/02/07,0,0,0,0
2008/02/08,0,0,0,0
2008/02/11,0,0,0,0
2008/02/12,0,203000,-44000,159000
2008/02/13,0,157000,-88000,69000
2008/02/14,0,125000,-5000,120000
2008/02/15,0,126000,-19000,107000
2008/02/18,0,190000,-65000,125000
2008/02/19,0,1225000,-141000,1084000
2008/02/20,0,1397000,-93000,1304000
2008/02/21,0,822000,-39000,783000
2008/02/22,0,84000,-2492000,-2408000
2008/02/25,0,1356000,-36000,1320000
2008/02/26,0,1868000,-2289000,-421000
2008/02/27,0,294000,-97000,197000
2008/02/28,0,0,0,0
2008/02/29,0,1543000,-98000,1445000
2008/03/03,0,157000,-127000,30000
2008/03/04,0,1992000,-98000,1894000
2008/03/05,0,885000,-1287000,-402000
2008/03/06,0,345000,-5000,340000
2008/03/07,0,238000,-1000,237000
2008/03/10,0,100000,-21000,79000
2008/03/11,0,213000,-326000,-113000
2008/03/12,0,281000,-112000,169000
2008/03/13,0,6000,-26000,-20000
2008/03/14,0,17000,-174000,-157000
2008/03/17,0,78000,-156000,-78000
2008/03/18,0,11000,-100000,-89000
2008/03/19,0,647000,-592000,55000
2008/03/20,0,282000,-815000,-533000
2008/03/21,0,363000,-45000,318000
2008/03/24,0,2183000,-194000,1989000
2008/03/25,0,2149000,-21000,2128000
2008/03/26,0,5578000,-121000,5457000
2008/03/27,0,292000,-490000,-198000
2008/03/28,0,217000,-854000,-637000
2008/03/31,0,2169000,-340000,1829000
2008/04/01,0,2142000,-271000,1871000
2008/04/02,0,2404000,-5044000,-2640000
2008/04/03,0,1244000,-520000,724000
2008/04/04,0,0,0,0
2008/04/07,0,169000,-3234000,-3065000
2008/04/08,0,219000,-1469000,-1250000
2008/04/09,0,2603000,-215000,2388000
2008/04/10,0,325000,-600000,-275000
2008/04/11,0,2218000,-61000,2157000
2008/04/14,0,626000,-189000,437000
2008/04/15,0,112000,-471000,-359000
2008/04/16,0,97000,-1256000,-1159000
2008/04/17,0,4015000,-200000,3815000
2008/04/18,0,1080000,-12000,1068000
2008/04/21,0,507000,-541000,-34000
2008/04/22,0,6088000,-154,6087846
2008/04/23,0,476000,-664000,-188000
2008/04/24,0,1609000,-562000,1047000
2008/04/25,0,109000,-150000,-41000
2008/04/28,0,1967000,-224000,1743000
2008/04/29,0,1006000,-589000,417000
2008/04/30,0,172000,-417000,-245000
2008/05/01,0,0,0,0
2008/05/02,0,104000,-70000,34000
2008/05/05,0,79000,-30000,49000
2008/05/06,0,176000,-110000,66000
2008/05/07,0,21000,-25000,-4000
2008/05/08,0,7000,-166000,-159000
2008/05/09,0,62000,-65000,-3000
2008/05/12,0,36000,-4000,32000
2008/05/13,0,71000,-63000,8000
2008/05/14,0,33000,-41000,-8000
2008/05/15,0,1269000,0,1269000
2008/05/16,0,58000,-2609000,-2551000
2008/05/19,0,97000,-25000,72000
2008/05/20,0,653000,-96000,557000
2008/05/21,0,34000,-91000,-57000
2008/05/22,0,336000,-270000,66000
2008/05/23,0,115000,-128000,-13000
2008/05/26,0,38000,-75000,-37000
2008/05/27,0,59000,-60000,-1000
2008/05/28,0,50000,-349000,-299000
2008/05/29,0,2000,-92000,-90000
2008/05/30,0,74000,-18000,56000
2008/06/02,0,466000,-47000,419000
2008/06/03,0,0,-22000,-22000
2008/06/04,0,91000,-27000,64000
2008/06/05,0,97000,-149000,-52000
2008/06/06,0,54000,-458000,-404000
2008/06/09,0,54000,-405000,-351000
2008/06/10,0,48000,-491000,-443000
2008/06/11,0,1344000,-414000,930000
2008/06/12,0,109000,-30000,79000
2008/06/13,0,23000,-160000,-137000
2008/06/16,0,4000,-156000,-152000
2008/06/17,0,70000,-47000,23000
2008/06/18,0,96000,-383000,-287000
2008/06/19,0,106000,-227000,-121000
2008/06/20,0,72000,-576000,-504000
2008/06/23,0,169000,-28000,141000
2008/06/24,0,179000,-78000,101000
2008/06/25,0,300000,-341000,-41000
2008/06/26,0,172000,-152000,20000
2008/06/27,0,141000,-89000,52000
2008/06/30,0,410000,-20000,390000
2008/07/01,0,205000,-33000,172000
2008/07/02,0,143000,-83000,60000
2008/07/03,0,695000,-3091000,-2396000
2008/07/04,0,21000,-166000,-145000
2008/07/07,0,68000,-81000,-13000
2008/07/08,0,49000,-431000,-382000
2008/07/09,0,262000,-408000,-146000
2008/07/10,0,267000,-389000,-122000
2008/07/11,0,99000,-196000,-97000
2008/07/14,0,162000,-506000,-344000
2008/07/15,0,140000,-94000,46000
2008/07/16,0,16000,-77000,-61000
2008/07/17,0,572000,-400000,172000
2008/07/18,0,506000,-365000,141000
2008/07/21,0,648000,-41000,607000
2008/07/22,0,321000,-11000,310000
2008/07/23,0,1119000,-212000,907000
2008/07/24,0,1328000,-132000,1196000
2008/07/25,0,446000,-12000,434000
2008/07/28,0,0,0,0
2008/07/29,0,239000,-428000,-189000
2008/07/30,0,343000,-37000,306000
2008/07/31,0,830000,-323000,507000
2008/08/01,0,258000,-89000,169000
2008/08/04,0,804000,-244000,560000
2008/08/05,0,251000,-432000,-181000
2008/08/06,0,454000,-1340000,-886000
2008/08/07,0,782000,-91000,691000
2008/08/08,0,369000,-1384000,-1015000
2008/08/11,0,326000,-23000,303000
2008/08/12,0,625000,-433000,192000
2008/08/13,0,139000,-35000,104000
2008/08/14,0,181000,-10000,171000
2008/08/15,0,180000,-74000,106000
2008/08/18,0,273000,-79000,194000
2008/08/19,0,334000,-336164,-2164
2008/08/20,0,131000,-220000,-89000
2008/08/21,0,109000,-487000,-378000
2008/08/22,0,108000,-143000,-35000
2008/08/25,0,350000,-13000,337000
2008/08/26,0,163000,-102000,61000
2008/08/27,0,211000,-122000,89000
2008/08/28,0,326000,-104000,222000
2008/08/29,0,157000,-13000,144000
2008/09/01,0,100000,-40000,60000
2008/09/02,0,135000,-160000,-25000
2008/09/03,0,57000,-140000,-83000
2008/09/04,0,45000,-371000,-326000
2008/09/05,0,171000,-1131000,-960000
2008/09/08,0,228000,-2765000,-2537000
2008/09/09,0,5000,-228000,-223000
2008/09/10,0,76000,-962000,-886000
2008/09/11,0,13000,-450000,-437000
2008/09/12,0,155000,-241000,-86000
2008/09/15,0,85000,-170000,-85000
2008/09/16,0,242959,0,242959
2008/09/17,0,126000,-123000,3000
2008/09/18,0,0,-12000,-12000
2008/09/19,0,1519000,-943000,576000
2008/09/22,0,143000,-372000,-229000
2008/09/23,0,844000,-3024000,-2180000
2008/09/24,0,36000,-1262000,-1226000
2008/09/25,0,63000,-984000,-921000
2008/09/26,0,6000,-955000,-949000
2008/09/29,0,0,0,0
2008/09/30,0,0,-15000,-15000
2008/10/01,0,201000,-123000,78000
2008/10/02,0,471000,-228000,243000
2008/10/03,0,701000,-855000,-154000
2008/10/06,0,594000,-191000,403000
2008/10/07,0,183000,-29000,154000
2008/10/08,0,4000,-221000,-217000
2008/10/09,0,9960000,-9951000,9000
2008/10/10,0,0,0,0
2008/10/13,0,0,0,0
2008/10/14,0,64000,-1564000,-1500000
2008/10/15,0,103000,-500000,-397000
2008/10/16,0,0,-29000,-29000
2008/10/17,0,1000,-364000,-363000
2008/10/20,0,0,-332000,-332000
2008/10/21,0,505000,-1014000,-509000
2008/10/22,0,115000,-410000,-295000
2008/10/23,0,0,0,0
2008/10/24,0,61000,-30000,31000
2008/10/27,0,0,-2199000,-2199000
2008/10/28,0,381299,-1464000,-1082701
2008/10/29,0,2128742,-1932000,196742
2008/10/30,0,83000,-1585000,-1502000
2008/10/31,0,26000,-727000,-701000
2008/11/03,0,4979000,-4979000,0
2008/11/04,0,19000,-13000,6000
2008/11/05,0,87000,-1000,86000
2008/11/06,0,117000,-186000,-69000
2008/11/07,0,473000,-40000,433000
2008/11/10,0,293000,-79000,214000
2008/11/11,0,191000,-170000,21000
2008/11/12,0,30000,-1260000,-1230000
2008/11/13,0,237000,-120000,117000
2008/11/14,0,35000,-1058000,-1023000
2008/11/17,0,141000,-1079000,-938000
2008/11/18,0,156000,-3151000,-2995000
2008/11/19,0,39000,-206000,-167000
2008/11/20,0,17000,-115000,-98000
2008/11/21,0,54000,-65000,-11000
2008/11/24,0,17000,-3040000,-3023000
2008/11/25,0,57000,-1124000,-1067000
2008/11/26,0,51000,-989000,-938000
2008/11/27,0,115000,-3068000,-2953000
2008/11/28,0,242000,-627000,-385000
2008/12/01,0,191000,-1129000,-938000
2008/12/02,0,34000,-1370000,-1336000
2008/12/03,0,196000,-1869000,-1673000
2008/12/04,0,119000,-75000,44000
2008/12/05,0,62000,-65000,-3000
2008/12/08,0,383000,-302000,81000
2008/12/09,0,102000,-644000,-542000
2008/12/10,0,20000,-142000,-122000
2008/12/11,0,451000,-30000,421000
2008/12/12,0,113000,-132000,-19000
2008/12/15,0,66000,-106000,-40000
2008/12/16,0,150000,-1871000,-1721000
2008/12/17,0,150000,-1397000,-1247000
2008/12/18,0,534000,-36000,498000
2008/12/19,0,68000,-337000,-269000
2008/12/22,0,56000,-151000,-95000
2008/12/23,0,151000,-1651000,-1500000
2008/12/24,0,305000,-2479000,-2174000
2008/12/25,0,63000,-77000,-14000
2008/12/26,0,46000,-52000,-6000
2008/12/29,0,1000,-15000,-14000
2008/12/30,0,93000,-246000,-153000
2008/12/31,0,77000,-57000,20000
2009/01/01,0,0,0,0
2009/01/02,0,0,0,0
2009/01/05,0,45000,-195000,-150000
2009/01/06,0,23000,-50000,-27000
2009/01/07,0,0,-23000,-23000
2009/01/08,0,44000,-563000,-519000
2009/01/09,0,1080000,-50000,1030000
2009/01/12,0,8000,-621000,-613000
2009/01/13,0,39000,-908000,-869000
2009/01/14,0,128000,-27000,101000
2009/01/15,0,53000,-54000,-1000
2009/01/16,0,106000,-33000,73000
2009/01/19,0,105000,-780000,-675000
2009/01/20,0,4000,-203000,-199000
2009/01/21,0,107000,-1041000,-934000
2009/01/22,0,0,0,0
2009/01/23,0,0,0,0
2009/01/26,0,0,0,0
2009/01/27,0,0,0,0
2009/01/28,0,0,0,0
2009/01/29,0,0,0,0
2009/01/30,0,0,0,0
2009/02/02,0,75000,-78000,-3000
2009/02/03,0,155000,-72000,83000
2009/02/04,0,15000,-819000,-804000
2009/02/05,0,15000,-567000,-552000
2009/02/06,0,0,-542000,-542000
2009/02/09,0,0,0,0
2009/02/10,0,38000,0,38000
2009/02/11,0,0,-64000,-64000
2009/02/12,0,0,0,0
2009/02/13,0,115000,0,115000
2009/02/16,0,127000,0,127000
2009/02/17,0,0,-2412000,-2412000
2009/02/18,0,600000,0,600000
2009/02/19,0,221000,-87000,134000
2009/02/20,0,0,-1576000,-1576000
2009/02/23,0,0,-1427000,-1427000
2009/02/24,0,0,-1500000,-1500000
2009/02/25,0,4000,-642000,-638000
2009/02/26,0,146500,-18000,128500
2009/02/27,0,40000,-4000,36000
2009/03/02,0,16000,-40000,-24000
2009/03/03,0,28000,-79000,-51000
2009/03/04,0,273000,-27000,246000
2009/03/05,0,2000000,-7000,1993000
2009/03/06,0,1837000,0,1837000
2009/03/09,0,0,-300000,-300000
2009/03/10,0,0,-557000,-557000
2009/03/11,0,5000,-160000,-155000
2009/03/12,0,78000,-590000,-512000
2009/03/13,0,3000,-1000000,-997000
2009/03/16,0,205000,-507000,-302000
2009/03/17,0,10000,-43000,-33000
2009/03/18,0,148000,0,148000
2009/03/19,0,148000,-500000,-352000
2009/03/20,0,124000,-518000,-394000
2009/03/23,0,12000,-28000,-16000
2009/03/24,0,175000,-522000,-347000
2009/03/25,0,32000,-430000,-398000
2009/03/26,0,51000,-66000,-15000
2009/03/27,0,119000,-25000,94000
2009/03/30,0,81000,-23000,58000
2009/03/31,0,241000,-15000,226000
2009/04/01,0,145000,-76000,69000
2009/04/02,0,691000,-328000,363000
2009/04/03,0,1527500,-193000,1334500
2009/04/06,0,210000,-535000,-325000
2009/04/07,0,4000,-72000,-68000
2009/04/08,0,1000,-84000,-83000
2009/04/09,0,32000,-123000,-91000
2009/04/10,0,211000,-6000,205000
2009/04/13,0,203000,-65000,138000
2009/04/14,0,111000,-343000,-232000
2009/04/15,0,182000,-108000,74000
2009/04/16,0,215000,-550000,-335000
2009/04/17,0,308000,-996000,-688000
2009/04/20,0,1138000,-286000,852000
2009/04/21,0,578000,-179000,399000
2009/04/22,0,4933000,-5132000,-199000
2009/04/23,0,507000,-503000,4000
2009/04/24,0,96000,-578000,-482000
2009/04/27,0,140000,-383000,-243000
2009/04/28,0,77000,-732000,-655000
2009/04/29,0,111000,-60000,51000
2009/04/30,0,417000,0,417000
2009/05/01,0,0,0,0
2009/05/04,0,260000,-63000,197000
2009/05/05,0,373000,-395000,-22000
2009/05/06,0,873000,-388000,485000
2009/05/07,0,104000,-1134000,-1030000
2009/05/08,0,257000,-88000,169000
2009/05/11,0,84000,-152000,-68000
2009/05/12,0,188000,-186000,2000
2009/05/13,0,50000,-91000,-41000
2009/05/14,0,6312000,-3059000,3253000
2009/05/15,0,171000,-54000,117000
2009/05/18,0,829000,-369000,460000
2009/05/19,0,449000,-105000,344000
2009/05/20,0,761000,-310000,451000
2009/05/21,0,1101000,-313000,788000
2009/05/22,0,5287000,-376000,4911000
2009/05/25,0,1479725,-284000,1195725
2009/05/26,0,1293000,-272000,1021000
2009/05/27,0,13682059,-8807725,4874334
2009/05/28,0,0,0,0
2009/05/29,0,0,0,0
2009/06/01,0,2178000,-726000,1452000
2009/06/02,0,503000,-938000,-435000
2009/06/03,0,2625000,-862000,1763000
2009/06/04,0,2694000,-249000,2445000
2009/06/05,0,660000,-374000,286000
2009/06/08,0,4418000,-771000,3647000
2009/06/09,0,1080000,-426000,654000
2009/06/10,0,172000,-1554968,-1382968
2009/06/11,0,410000,-1013000,-603000
2009/06/12,0,991000,-542000,449000
2009/06/15,0,703000,-254000,449000
2009/06/16,0,473000,-419990,53010
2009/06/17,0,716000,-488000,228000
2009/06/18,0,890000,-581000,309000
2009/06/19,0,152000,-568000,-416000
2009/06/22,0,614000,-246000,368000
2009/06/23,0,66100,-724000,-657900
2009/06/24,0,1089000,-285000,804000
2009/06/25,0,377000,-346000,31000
2009/06/26,0,371000,-1933000,-1562000
2009/06/29,0,1426000,-1416000,10000
2009/06/30,0,302000,-1005148,-703148
2009/07/01,0,461000,-79000,382000
2009/07/02,0,507000,-626000,-119000
2009/07/03,0,1519000,-9617552,-8098552
2009/07/06,0,2813000,-1155150,1657850
2009/07/07,0,673000,-3689330,-3016330
2009/07/08,0,106000,-373000,-267000
2009/07/09,0,361000,-81000,280000
2009/07/10,0,313000,-86000,227000
2009/07/13,0,375000,-465000,-90000
2009/07/14,0,116000,-724330,-608330
2009/07/15,0,419000,-421000,-2000
2009/07/16,0,466618,-218000,248618
2009/07/17,0,158316,-8040,150276
2009/07/20,0,600000,-27000,573000
2009/07/21,0,667000,-448670,218330
2009/07/22,0,252000,-187000,65000
2009/07/23,0,166000,-239060,-73060
2009/07/24,0,500000,-90480,409520
2009/07/27,0,229000,-14000,215000
2009/07/28,0,315000,-627000,-312000
2009/07/29,0,163000,-1220643,-1057643
2009/07/30,0,293000,-293000,0
2009/07/31,0,206000,-427000,-221000
2009/08/03,0,672000,-151000,521000
2009/08/04,0,2410000,-374000,2036000
2009/08/05,0,226000,-2175000,-1949000
2009/08/06,0,669000,-845000,-176000
2009/08/07,0,0,0,0
2009/08/10,0,659953,-2001000,-1341047
2009/08/11,0,227000,-115000,112000
2009/08/12,0,247000,-232000,15000
2009/08/13,0,948000,-147000,801000
2009/08/14,0,44000,-320000,-276000
2009/08/17,0,58000,-739000,-681000
2009/08/18,0,206000,-757000,-551000
2009/08/19,0,3000,-269000,-266000
2009/08/20,0,116000,-1973095,-1857095
2009/08/21,0,1337000,-2360070,-1023070
2009/08/24,0,934000,-147000,787000
2009/08/25,0,604000,-259000,345000
2009/08/26,0,1479000,-1167000,312000
2009/08/27,0,2931000,-1625000,1306000
2009/08/28,0,1074000,-47000,1027000
2009/08/31,0,606000,-790950,-184950
2009/09/01,0,253000,-96008,156992
2009/09/02,0,803000,-228000,575000
2009/09/03,0,102000,-843000,-741000
2009/09/04,0,93000,-420000,-327000
2009/09/07,0,1222000,-65000,1157000
2009/09/08,0,614000,-51000,563000
2009/09/09,0,1344000,-421000,923000
2009/09/10,0,1037000,-453230,583770
2009/09/11,0,340000,-674000,-334000
2009/09/14,0,52000,-162000,-110000
2009/09/15,0,1830000,-34000,1796000
2009/09/16,0,843000,-196000,647000
2009/09/17,0,269000,-582510,-313510
2009/09/18,0,201000,-149000,52000
2009/09/21,0,32000,-203000,-171000
2009/09/22,0,786000,-35000,751000
2009/09/23,0,528000,-1344000,-816000
2009/09/24,0,396000,-1176000,-780000
2009/09/25,0,366000,-108160,257840
2009/09/28,0,46635000,-46625000,10000
2009/09/29,0,917000,-129000,788000
2009/09/30,0,311000,-321085,-10085
2009/10/01,0,446000,-146000,300000
2009/10/02,0,592000,-1610000,-1018000
2009/10/05,0,29000,-309000,-280000
2009/10/06,0,830000,-235532,594468
2009/10/07,0,370000,-17100,352900
2009/10/08,0,1253000,-115000,1138000
2009/10/09,0,701000,-427000,274000
2009/10/12,0,440000,-90000,350000
2009/10/13,0,675510,-268663,406847
2009/10/14,0,454000,-523000,-69000
2009/10/15,0,534000,-63000,471000
2009/10/16,0,864000,-102000,762000
2009/10/19,0,2794000,-2544808,249192
2009/10/20,0,547226,-780000,-232774
2009/10/21,0,160000,-950000,-790000
2009/10/22,0,1155000,-838000,317000
2009/10/23,0,560000,-981000,-421000
2009/10/26,0,878000,-1750000,-872000
2009/10/27,0,2552000,-1267000,1285000
2009/10/28,0,7000,-3825000,-3818000
2009/10/29,0,1003000,-653000,350000
2009/10/30,0,70000,-2439000,-2369000
2009/11/02,0,906000,-953000,-47000
2009/11/03,0,105000,-960000,-855000
2009/11/04,0,4000,-408000,-404000
2009/11/05,0,45000,-598000,-553000
2009/11/06,0,605000,-87000,518000
2009/11/09,0,307000,-76000,231000
2009/11/10,0,574000,-370867,203133
2009/11/11,0,314000,-113000,201000
2009/11/12,0,3269000,-325000,2944000
2009/11/13,0,2353000,-424000,1929000
2009/11/16,0,481000,-4787000,-4306000
2009/11/17,0,606000,0,606000
2009/11/18,0,1329000,-370000,959000
2009/11/19,0,586000,-265000,321000
2009/11/20,0,560000,-354000,206000
2009/11/23,0,121000,-26000,95000
2009/11/24,0,262000,-873000,-611000
2009/11/25,0,493000,-37000,456000
2009/11/26,0,283000,-60000,223000
2009/11/27,0,315000,-862000,-547000
2009/11/30,0,1693606,-1014599,679007
2009/12/01,0,284000,-269006,14994
2009/12/02,0,267000,-180000,87000
2009/12/03,0,134000,-286769,-152769
2009/12/04,0,208000,-177000,31000
2009/12/07,0,277000,-86000,191000
2009/12/08,0,371000,-164000,207000
2009/12/09,0,18000,-64450,-46450
2009/12/10,0,110000,-764220,-654220
2009/12/11,0,407000,-136000,271000
2009/12/14,0,130000,-193000,-63000
2009/12/15,0,164000,-2622000,-2458000
2009/12/16,0,369000,-292000,77000
2009/12/17,0,104650,-220000,-115350
2009/12/18,0,108000,-317000,-209000
2009/12/21,0,737000,-330000,407000
2009/12/22,0,287000,-1055000,-768000
2009/12/23,0,133000,-54758,78242
2009/12/24,0,409000,-145105,263895
2009/12/25,0,115000,-52000,63000
2009/12/28,0,781000,-87000,694000
2009/12/29,0,82000,-36000,46000
2009/12/30,0,462000,-327000,135000
2009/12/31,0,253000,-3034000,-2781000
2010/01/01,0,0,0,0
2010/01/04,0,84000,-363000,-279000
2010/01/05,0,433000,-2037000,-1604000
2010/01/06,0,381000,-1405000,-1024000
2010/01/07,0,373000,-304251,68749
2010/01/08,0,251360,-250000,1360
2010/01/11,0,70000,-1459000,-1389000
2010/01/12,0,199670,-1493000,-1293330
2010/01/13,0,896000,-1111000,-215000
2010/01/14,0,282000,-414140,-132140
2010/01/15,0,509000,-208000,301000
2010/01/18,0,238000,-302000,-64000
2010/01/19,0,222000,-333220,-111220
2010/01/20,0,160000,-361000,-201000
2010/01/21,0,1434000,-326000,1108000
2010/01/22,0,349000,-847000,-498000
2010/01/25,0,382650,-800000,-417350
2010/01/26,0,561000,-1154000,-593000
2010/01/27,0,717000,-783130,-66130
2010/01/28,0,128000,-687000,-559000
2010/01/29,0,381000,-1240220,-859220
2010/02/01,0,7000,-435120,-428120
2010/02/02,0,80000,-531710,-451710
2010/02/03,0,81240,-123000,-41760
2010/02/04,0,63000,-560000,-497000
2010/02/05,0,69000,-987000,-918000
2010/02/08,0,485000,-452806,32194
2010/02/09,0,269000,-460000,-191000
2010/02/10,0,30000,-1117000,-1087000
2010/02/11,0,0,0,0
2010/02/12,0,0,0,0
2010/02/15,0,0,0,0
2010/02/16,0,0,0,0
2010/02/17,0,0,0,0
2010/02/18,0,0,0,0
2010/02/19,0,0,0,0
2010/02/22,0,2019000,-1188000,831000
2010/02/23,0,360000,-1121000,-761000
2010/02/24,0,337000,-1005000,-668000
2010/02/25,0,432000,-575000,-143000
2010/02/26,0,377000,-305317,71683
2010/03/01,0,378000,-153000,225000
2010/03/02,0,250000,-3521000,-3271000
2010/03/03,0,214000,-146000,68000
2010/03/04,0,1152000,-747000,405000
2010/03/05,0,1092000,-320000,772000
2010/03/08,0,1336000,-241000,1095000
2010/03/09,0,1391750,-433000,958750
2010/03/10,0,1484000,-158377,1325623
2010/03/11,0,944000,-518000,426000
2010/03/12,0,1203000,-511000,692000
2010/03/15,0,1104000,-363000,741000
2010/03/16,0,619000,-213000,406000
2010/03/17,0,3904000,-444000,3460000
2010/03/18,0,763000,-481000,282000
2010/03/19,0,369000,-174000,195000
2010/03/22,0,463000,-1357200,-894200
2010/03/23,0,1049000,-496000,553000
2010/03/24,0,1254000,-239000,1015000
2010/03/25,0,1006000,-1083000,-77000
2010/03/26,0,337000,-595000,-258000
2010/03/29,0,43000,-37000,6000
2010/03/30,0,852000,-1016000,-164000
2010/03/31,0,2187000,-1792956,394044
2010/04/01,0,1723000,-950000,773000
2010/04/02,0,1727000,-631000,1096000
2010/04/05,0,0,0,0
2010/04/06,0,2046000,-33000,2013000
2010/04/07,0,1619120,-670000,949120
2010/04/08,0,1588000,-384300,1203700
2010/04/09,0,468000,-190540,277460
2010/04/12,0,1319710,-264000,1055710
2010/04/13,0,474000,-248000,226000
2010/04/14,0,130000,-112500,17500
2010/04/15,0,338000,-465000,-127000
2010/04/16,0,690280,-953000,-262720
2010/04/19,0,1489000,-779000,710000
2010/04/20,0,1287000,-1535000,-248000
2010/04/21,0,668000,-849000,-181000
2010/04/22,0,496000,-805480,-309480
2010/04/23,0,989000,-511000,478000
2010/04/26,0,993000,-587000,406000
2010/04/27,0,857000,-64000,793000
2010/04/28,0,479000,-281110,197890
2010/04/29,0,431000,-863000,-432000
2010/04/30,0,3328000,-2673000,655000
2010/05/03,0,1497000,-1088000,409000
2010/05/04,0,2430000,-2393000,37000
2010/05/05,0,1147000,-1527120,-380120
2010/05/06,0,1085000,-751000,334000
2010/05/07,0,1597000,-2952140,-1355140
2010/05/10,0,517660,-1544920,-1027260
2010/05/11,0,499000,-734000,-235000
2010/05/12,0,50000,-626000,-576000
2010/05/13,0,1609000,-489000,1120000
2010/05/14,0,753000,-231000,522000
2010/05/17,0,696000,-505000,191000
2010/05/18,0,1499000,-524000,975000
2010/05/19,0,585000,-657000,-72000
2010/05/20,0,1805000,-286000,1519000
2010/05/21,0,1275000,-439470,835530
2010/05/24,0,1120000,-349000,771000
2010/05/25,0,1002000,-656000,346000
2010/05/26,0,848000,-501000,347000
2010/05/27,0,289096,-363670,-74574
2010/05/28,0,2131000,-450000,1681000
2010/05/31,0,297000,-74000,223000
2010/06/01,0,130000,-634000,-504000
2010/06/02,0,1286000,-366000,920000
2010/06/03,0,387000,-156000,231000
2010/06/04,0,868000,-391000,477000
2010/06/07,0,252000,-684000,-432000
2010/06/08,0,1097000,-190000,907000
2010/06/09,0,782000,-601000,181000
2010/06/10,0,473000,-82000,391000
2010/06/11,0,609000,-100000,509000
2010/06/14,0,1229000,-59000,1170000
2010/06/15,0,1031000,-135690,895310
2010/06/16,0,0,0,0
2010/06/17,0,1138660,-270000,868660
2010/06/18,0,1165000,-79000,1086000
2010/06/21,0,2586000,-40417,2545583
2010/06/22,0,2468670,-140000,2328670
2010/06/23,0,2813000,-320701,2492299
2010/06/24,0,1102000,-422620,679380
2010/06/25,0,1244000,-365886,878114
2010/06/28,0,341000,-90000,251000
2010/06/29,0,848000,-326000,522000
2010/06/30,0,3242000,-1149000,2093000
2010/07/01,0,1184000,-2340350,-1156350
2010/07/02,0,243000,-346290,-103290
2010/07/05,0,543000,-199000,344000
2010/07/06,0,830000,-505000,325000
2010/07/07,0,802861,-380000,422861
2010/07/08,0,738000,-329000,409000
2010/07/09,0,501711,-705000,-203289
2010/07/12,0,504000,-112400,391600
2010/07/13,0,650000,-129000,521000
2010/07/14,0,627190,-206244,420946
2010/07/15,0,291000,-530000,-239000
2010/07/16,0,783550,-116000,667550
2010/07/19,0,227000,-41000,186000
2010/07/20,0,874000,-156000,718000
2010/07/21,0,1391000,-164000,1227000
2010/07/22,0,535000,-212000,323000
2010/07/23,0,1639000,-99000,1540000
2010/07/26,0,1161460,-71000,1090460
2010/07/27,0,754813,-186000,568813
2010/07/28,0,393000,-82000,311000
2010/07/29,0,282000,-172330,109670
2010/07/30,0,182583,-306000,-123417
2010/08/02,0,3672000,-64000,3608000
2010/08/03,0,54000,-393000,-339000
2010/08/04,0,1504000,-245000,1259000
2010/08/05,0,740000,-108000,632000
2010/08/06,0,910000,-346000,564000
2010/08/09,0,1158000,-243000,915000
2010/08/10,0,1821000,-3136000,-1315000
2010/08/11,0,681000,-374577,306423
2010/08/12,0,39000,-620000,-581000
2010/08/13,0,194184,-506000,-311816
2010/08/16,0,1513000,-1307000,206000
2010/08/17,0,200000,-1666000,-1466000
2010/08/18,0,883000,-783000,100000
2010/08/19,0,415000,-228000,187000
2010/08/20,0,130000,-346000,-216000
2010/08/23,0,448000,-135000,313000
2010/08/24,0,284000,-585000,-301000
2010/08/25,0,776000,-1025000,-249000
2010/08/26,0,1266000,-939000,327000
2010/08/27,0,1206000,-343000,863000
2010/08/30,0,530045,-357000,173045
2010/08/31,0,1097000,-594170,502830
2010/09/01,0,767000,-122000,645000
2010/09/02,0,231000,-58339,172661
2010/09/03,0,751000,-363000,388000
2010/09/06,0,1579000,-510000,1069000
2010/09/07,0,201366,-20560,180806
2010/09/08,0,191640,-139000,52640
2010/09/09,0,373000,-95000,278000
2010/09/10,0,167780,-34000,133780
2010/09/13,0,753000,-1386355,-633355
2010/09/14,0,264137,-251000,13137
2010/09/15,0,479274,-75000,404274
2010/09/16,0,578000,-66000,512000
2010/09/17,0,471000,-786000,-315000
2010/09/20,0,498000,-118000,380000
2010/09/21,0,1393000,-86000,1307000
2010/09/22,0,0,0,0
2010/09/23,0,1066000,-59623,1006377
2010/09/24,0,1221710,-139000,1082710
2010/09/27,0,174820,-476000,-301180
2010/09/28,0,134610,-39000,95610
2010/09/29,0,437000,-237000,200000
2010/09/30,0,305000,-380000,-75000
2010/10/01,0,2418820,-417000,2001820
2010/10/04,0,1946450,-154000,1792450
2010/10/05,0,1812780,-221900,1590880
2010/10/06,0,921440,-398000,523440
2010/10/07,0,841210,-497000,344210
2010/10/08,0,568630,-67000,501630
2010/10/11,0,1195070,-80000,1115070
2010/10/12,0,162340,-467000,-304660
2010/10/13,0,226810,-250000,-23190
2010/10/14,0,361630,-233000,128630
2010/10/15,0,2102000,-1234000,868000
2010/10/18,0,474000,-327000,147000
2010/10/19,0,781340,-453000,328340
2010/10/20,0,188000,-285000,-97000
2010/10/21,0,795000,-975000,-180000
2010/10/22,0,538000,-547000,-9000
2010/10/25,0,335000,-465000,-130000
2010/10/26,0,160045,-408000,-247955
2010/10/27,0,397920,-115000,282920
2010/10/28,0,1023852,-160000,863852
2010/10/29,0,409000,-27000,382000
2010/11/01,0,628000,-169000,459000
2010/11/02,0,312000,-549000,-237000
2010/11/03,0,1384000,-117000,1267000
2010/11/04,0,1185000,-123000,1062000
2010/11/05,0,2251000,-432730,1818270
2010/11/08,0,1669000,-350000,1319000
2010/11/09,0,797000,-416000,381000
2010/11/10,0,278000,-191650,86350
2010/11/11,0,1157330,-230857,926473
2010/11/12,0,914000,-605000,309000
2010/11/15,0,584530,-124000,460530
2010/11/16,0,394000,-200000,194000
2010/11/17,0,1067000,-616000,451000
2010/11/18,0,139000,-145610,-6610
2010/11/19,0,145610,-227000,-81390
2010/11/22,0,716340,-15000,701340
2010/11/23,0,949110,-230000,719110
2010/11/24,0,135000,-139000,-4000
2010/11/25,0,10000,-230000,-220000
2010/11/26,0,176000,-107000,69000
2010/11/29,0,1323000,-195998,1127002
2010/11/30,0,1549119,-477442,1071677
2010/12/01,0,1263000,-172000,1091000
2010/12/02,0,266000,-416817,-150817
2010/12/03,0,96000,-36000,60000
2010/12/06,0,206000,-145000,61000
2010/12/07,0,628160,-41000,587160
2010/12/08,0,670000,-845000,-175000
2010/12/09,0,379000,-384000,-5000
2010/12/10,0,112000,-927000,-815000
2010/12/13,0,255000,-1601000,-1346000
2010/12/14,0,111600,-866000,-754400
2010/12/15,0,352000,-924000,-572000
2010/12/16,0,1459000,-1880000,-421000
2010/12/17,0,248000,-696000,-448000
2010/12/20,0,229700,-517000,-287300
2010/12/21,0,213000,-1372980,-1159980
2010/12/22,0,683000,-538423,144577
2010/12/23,0,588000,-646000,-58000
2010/12/24,0,163000,-1200000,-1037000
2010/12/27,0,303000,-759000,-456000
2010/12/28,0,696000,-673000,23000
2010/12/29,0,1046260,-673000,373260
2010/12/30,0,855000,-1206000,-351000
2010/12/31,0,260000,-1736300,-1476300
2011/01/03,0,356000,-2357000,-2001000
2011/01/04,0,273000,-73000,200000
2011/01/05,0,1063000,-1052380,10620
2011/01/06,0,553000,-3496000,-2943000
2011/01/07,0,328000,-427000,-99000
2011/01/10,0,141000,-352000,-211000
2011/01/11,0,435000,-791000,-356000
2011/01/12,0,186000,-3302000,-3116000
2011/01/13,0,146137,-1979000,-1832863
2011/01/14,0,1181000,-1779000,-598000
2011/01/17,0,1002301,-5968000,-4965699
2011/01/18,0,796000,-7428740,-6632740
2011/01/19,0,290000,-6182000,-5892000
2011/01/20,0,247000,-5469000,-5222000
2011/01/21,0,155000,-4696000,-4541000
2011/01/24,0,123000,-2209000,-2086000
2011/01/25,0,81000,-2188000,-2107000
2011/01/26,0,243000,-2221350,-1978350
2011/01/27,0,294000,-4075420,-3781420
2011/01/28,0,519480,-247000,272480
2011/01/31,0,0,0,0
2011/02/01,0,0,0,0
2011/02/02,0,0,0,0
2011/02/03,0,0,0,0
2011/02/04,0,0,0,0
2011/02/07,0,0,0,0
2011/02/08,0,251000,-3344000,-3093000
2011/02/09,0,283000,-1283260,-1000260
2011/02/10,0,305000,-2767020,-2462020
2011/02/11,0,338000,-3336000,-2998000
2011/02/14,0,753000,-3253070,-2500070
2011/02/15,0,4434000,-7368000,-2934000
2011/02/16,0,4210000,-2366000,1844000
2011/02/17,0,6894600,-1991280,4903320
2011/02/18,0,674000,-1730000,-1056000
2011/02/21,0,89000,-476000,-387000
2011/02/22,0,350000,-806000,-456000
2011/02/23,0,225000,-745040,-520040
2011/02/24,0,607000,-839000,-232000
2011/02/25,0,783000,-1293823,-510823
2011/02/28,0,0,0,0
2011/03/01,0,166000,-855000,-689000
2011/03/02,0,123913,-730000,-606087
2011/03/03,0,456300,-400000,56300
2011/03/04,0,122500,-122000,500
2011/03/07,0,124000,-279000,-155000
2011/03/08,0,236000,-342000,-106000
2011/03/09,0,2986000,-434594,2551406
2011/03/10,0,2307000,-316750,1990250
2011/03/11,0,230000,-356990,-126990
2011/03/14,0,775000,-353000,422000
2011/03/15,0,1033000,-1050120,-17120
2011/03/16,0,875000,-359020,515980
2011/03/17,0,417000,-752870,-335870
2011/03/18,0,317000,-807680,-490680
2011/03/21,0,200000,-230000,-30000
2011/03/22,0,219000,-349000,-130000
2011/03/23,0,195000,-163000,32000
2011/03/24,0,433000,-242000,191000
2011/03/25,0,747000,-25000,722000
2011/03/28,0,972000,-872000,100000
2011/03/29,0,627650,-861000,-233350
2011/03/30,0,517000,-900891,-383891
2011/03/31,0,267000,-901444,-634444
2011/04/01,0,833000,-2001000,-1168000
2011/04/04,0,0,0,0
2011/04/05,0,0,0,0
2011/04/06,0,859308,-1130000,-270692
2011/04/07,0,332000,-379647,-47647
2011/04/08,0,806014,-573371,232643
2011/04/11,0,3677000,-397000,3280000
2011/04/12,0,330599,-506000,-175401
2011/04/13,0,314000,-142000,172000
2011/04/14,0,283000,-147000,136000
2011/04/15,0,534000,-417000,117000
2011/04/18,0,508000,-54723,453277
2011/04/19,0,486000,-214000,272000
2011/04/20,0,949000,-170000,779000
2011/04/21,0,844000,-647000,197000
2011/04/22,0,278000,-230000,48000
2011/04/25,0,241000,-58000,183000
2011/04/26,0,145000,-276000,-131000
2011/04/27,0,123000,-33000,90000
2011/04/28,0,125446,-164000,-38554
2011/04/29,0,371000,-362000,9000
2011/05/02,0,0,0,0
2011/05/03,0,1660000,-440000,1220000
2011/05/04,0,747000,-353004,393996
2011/05/05,0,1935000,-361000,1574000
2011/05/06,0,1527000,-392000,1135000
2011/05/09,0,789000,-977237,-188237
2011/05/10,0,1329000,-826000,503000
2011/05/11,0,3073000,-1329000,1744000
2011/05/12,0,420600,-230000,190600
2011/05/13,0,209000,-114000,95000
2011/05/16,0,549000,-224000,325000
2011/05/17,0,83300,-473000,-389700
2011/05/18,0,995000,-121000,874000
2011/05/19,0,239000,-520000,-281000
2011/05/20,0,495000,-32000,463000
2011/05/23,0,2439000,-1277000,1162000
2011/05/24,0,1641000,-131332,1509668
2011/05/25,0,89200,-649600,-560400
2011/05/26,0,524778,-243098,281680
2011/05/27,0,484000,-894000,-410000
2011/05/30,0,291000,-678000,-387000
2011/05/31,0,913987,-1476347,-562360
2011/06/01,0,420300,-697042,-276742
2011/06/02,0,637000,-149000,488000
2011/06/03,0,177000,-48198,128802
2011/06/06,0,0,0,0
2011/06/07,0,1569000,-226000,1343000
2011/06/08,0,1476000,-165207,1310793
2011/06/09,0,184000,-357821,-173821
2011/06/10,0,840780,-782000,58780
2011/06/13,0,68000,-503452,-435452
2011/06/14,0,344000,-228000,116000
2011/06/15,0,1510000,-843000,667000
2011/06/16,0,276000,-275000,1000
2011/06/17,0,827000,-1232000,-405000
2011/06/20,0,200000,-363170,-163170
2011/06/21,0,427000,-579000,-152000
2011/06/22,0,41687,-1487687,-1446000
2011/06/23,0,126402,-804725,-678323
2011/06/24,0,664000,-133678,530322
2011/06/27,0,1549000,-497605,1051395
2011/06/28,0,139000,-219314,-80314
2011/06/29,0,1869000,-3844000,-1975000
2011/06/30,0,1050000,-3442000,-2392000
2011/07/01,0,440166,-1806000,-1365834
2011/07/04,0,559353,-3461288,-2901935
2011/07/05,0,337688,-1093000,-755312
2011/07/06,0,352000,-336000,16000
2011/07/07,0,647000,-301000,346000
2011/07/08,0,1608000,-3577000,-1969000
2011/07/11,0,1338000,-557000,781000
2011/07/12,0,247682,-2026000,-1778318
2011/07/13,0,468000,-781000,-313000
2011/07/14,0,4193000,-3412000,781000
2011/07/15,0,593790,-4999000,-4405210
2011/07/18,0,3869000,-1519475,2349525
2011/07/19,0,1091000,-1145300,-54300
2011/07/20,0,388030,-1690000,-1301970
2011/07/21,0,4084528,-4364000,-279472
2011/07/22,0,1242000,-771000,471000
2011/07/25,0,1015804,-846000,169804
2011/07/26,0,956116,-1720000,-763884
2011/07/27,0,3705000,-3659000,46000
2011/07/28,0,443000,-1450000,-1007000
2011/07/29,0,716822,-1181958,-465136
2011/08/01,0,1097800,-146000,951800
2011/08/02,0,107000,-1548000,-1441000
2011/08/03,0,574000,-544996,29004
2011/08/04,0,936000,-615000,321000
2011/08/05,0,264000,-1000,263000
2011/08/08,0,314000,-1739000,-1425000
2011/08/09,0,514000,-4276672,-3762672
2011/08/10,0,434000,-1353000,-919000
2011/08/11,0,792000,-343000,449000
2011/08/12,0,391000,-853164,-462164
2011/08/15,0,788324,-187000,601324
2011/08/16,0,160000,-488000,-328000
2011/08/17,0,419000,-291000,128000
2011/08/18,0,581270,-722000,-140730
2011/08/19,0,511000,-646000,-135000
2011/08/22,0,1070000,-584000,486000
2011/08/23,0,1149000,-3425388,-2276388
2011/08/24,0,1275000,-4513000,-3238000
2011/08/25,0,1471000,-2927138,-1456138
2011/08/26,0,1525000,-301000,1224000
2011/08/29,0,1712000,-113000,1599000
2011/08/30,0,2721000,-944000,1777000
2011/08/31,0,3408190,-1806000,1602190
2011/09/01,0,3249000,-1592059,1656941
2011/09/02,0,2284000,-1188000,1096000
2011/09/05,0,2932000,-1511000,1421000
2011/09/06,0,2066000,-1597058,468942
2011/09/07,0,1963000,-626000,1337000
2011/09/08,0,1172000,-528000,644000
2011/09/09,0,643000,-866927,-223927
2011/09/12,0,0,0,0
2011/09/13,0,137000,-854000,-717000
2011/09/14,0,621000,-432329,188671
2011/09/15,0,820000,-118000,702000
2011/09/16,0,1281000,-168000,1113000
2011/09/19,0,408000,-354000,54000
2011/09/20,0,461769,-430000,31769
2011/09/21,0,189000,-1147000,-958000
2011/09/22,0,318057,-1057000,-738943
2011/09/23,0,416000,-250000,166000
2011/09/26,0,634000,-437000,197000
2011/09/27,0,329000,-1847000,-1518000
2011/09/28,0,893317,-939000,-45683
2011/09/29,0,1498000,-512000,986000
2011/09/30,0,448000,-670000,-222000
2011/10/03,0,215000,-752000,-537000
2011/10/04,0,464000,-171000,293000
2011/10/05,0,266000,-321000,-55000
2011/10/06,0,417000,-200000,217000
2011/10/07,0,1069000,-369000,700000
2011/10/10,0,0,0,0
2011/10/11,0,1999000,-312000,1687000
2011/10/12,0,620000,-128000,492000
2011/10/13,0,694000,-278000,416000
2011/10/14,0,510000,-186000,324000
2011/10/17,0,1059000,-87000,972000
2011/10/18,0,564000,-244000,320000
2011/10/19,0,517150,-233000,284150
2011/10/20,0,888100,-307828,580272
2011/10/21,0,260000,-40000,220000
2011/10/24,0,1448000,-343651,1104349
2011/10/25,0,494820,-252250,242570
2011/10/26,0,1354000,-240000,1114000
2011/10/27,0,1058000,-499000,559000
2011/10/28,0,1570000,-1500000,70000
2011/10/31,0,632000,-730000,-98000
2011/11/01,0,812000,-154100,657900
2011/11/02,0,2757100,-1711000,1046100
2011/11/03,0,3231000,-547000,2684000
2011/11/04,0,3422000,-245000,3177000
2011/11/07,0,2074000,-186607,1887393
2011/11/08,0,1143149,-143404,999745
2011/11/09,0,358000,-63000,295000
2011/11/10,0,308193,-424000,-115807
2011/11/11,0,255000,-224000,31000
2011/11/14,0,70724,-50000,20724
2011/11/15,0,127000,-145000,-18000
2011/11/16,0,889000,-567000,322000
2011/11/17,0,230000,-676268,-446268
2011/11/18,0,137000,-824608,-687608
2011/11/21,0,120000,-462053,-342053
2011/11/22,0,290000,-500000,-210000
2011/11/23,0,432000,-834000,-402000
2011/11/24,0,1149017,-470000,679017
2011/11/25,0,1096000,-609000,487000
2011/11/28,0,675654,-622000,53654
2011/11/29,0,409000,-734477,-325477
2011/11/30,0,504000,-963469,-459469
2011/12/01,0,199000,-39455,159545
2011/12/02,0,1002494,-992321,10173
2011/12/05,0,124600,-1076000,-951400
2011/12/06,0,284000,-408000,-124000
2011/12/07,0,787000,-347000,440000
2011/12/08,0,395000,-712000,-317000
2011/12/09,0,345000,-490000,-145000
2011/12/12,0,242000,-220000,22000
2011/12/13,0,672000,-496957,175043
2011/12/14,0,1190000,-636841,553159
2011/12/15,0,523000,-602000,-79000
2011/12/16,0,201000,-265000,-64000
2011/12/19,0,262082,-399000,-136918
2011/12/20,0,493000,-234000,259000
2011/12/21,0,975000,-754000,221000
2011/12/22,0,158828,-522000,-363172
2011/12/23,0,278000,-73000,205000
2011/12/26,0,145000,-164000,-19000
2011/12/27,0,149000,-172000,-23000
2011/12/28,0,525000,-33000,492000
2011/12/29,0,885000,-71000,814000
2011/12/30,0,377000,-144000,233000
2012/01/02,0,126000,-128000,-2000
2012/01/03,0,360993,-78000,282993
2012/01/04,0,510000,-525608,-15608
2012/01/05,0,508197,-333000,175197
2012/01/06,0,513000,-377000,136000
2012/01/09,0,290000,-425000,-135000
2012/01/10,0,1030000,-231000,799000
2012/01/11,0,1246200,-778716,467484
2012/01/12,0,828000,-279000,549000
2012/01/13,0,1955000,-237000,1718000
2012/01/16,0,331000,-1139000,-808000
2012/01/17,0,944000,-22000,922000
2012/01/18,0,1075000,-198249,876751
2012/01/19,0,0,0,0
2012/01/20,0,0,0,0
2012/01/23,0,0,0,0
2012/01/24,0,0,0,0
2012/01/25,0,0,0,0
2012/01/26,0,0,0,0
2012/01/27,0,0,0,0
2012/01/30,0,1181040,-1032000,149040
2012/01/31,0,583000,-342000,241000
2012/02/01,0,332000,-534000,-202000
2012/02/02,0,900000,-389000,511000
2012/02/03,0,201000,-230000,-29000
2012/02/06,0,253000,-607000,-354000
2012/02/07,0,1231000,-134000,1097000
2012/02/08,0,802000,-411000,391000
2012/02/09,0,691000,-190247,500753
2012/02/10,0,134000,-341000,-207000
2012/02/13,0,290000,-236000,54000
2012/02/14,0,745000,-185000,560000
2012/02/15,0,604000,-468000,136000
2012/02/16,0,727000,-176000,551000
2012/02/17,0,416000,-1015000,-599000
2012/02/20,0,73000,-536000,-463000
2012/02/21,0,119000,-143000,-24000
2012/02/22,0,665000,-205000,460000
2012/02/23,0,576000,-704000,-128000
2012/02/24,0,226000,-862000,-636000
2012/02/27,0,0,0,0
2012/02/28,0,0,0,0
2012/02/29,0,1729000,-381631,1347369
2012/03/01,0,365349,-447000,-81651
2012/03/02,0,229138,-90561,138577
2012/03/05,0,469000,-388000,81000
2012/03/06,0,1479000,-355000,1124000
2012/03/07,0,508000,-397703,110297
2012/03/08,0,266000,-562000,-296000
2012/03/09,0,268000,-233000,35000
2012/03/12,0,1269000,-237000,1032000
2012/03/13,0,2352000,-454000,1898000
2012/03/14,0,1201000,-853129,347871
2012/03/15,0,1013000,-470000,543000
2012/03/16,0,152000,-483000,-331000
2012/03/19,0,173000,-410000,-237000
2012/03/20,0,650000,-588000,62000
2012/03/21,0,929115,-482000,447115
2012/03/22,0,534000,-297000,237000
2012/03/23,0,1497000,-238000,1259000
2012/03/26,0,2304000,-1852000,452000
2012/03/27,0,239000,-412000,-173000
2012/03/28,0,508000,-189000,319000
2012/03/29,0,1337000,-293001,1043999
2012/03/30,0,2581000,-755046,1825954
2012/04/02,0,1102000,-564970,537030
2012/04/03,0,1270580,-1201000,69580
2012/04/04,0,0,0,0
2012/04/05,0,361000,-750000,-389000
2012/04/06,0,209000,-1279000,-1070000
2012/04/09,0,529000,-491000,38000
2012/04/10,0,567000,-198000,369000
2012/04/11,0,816000,-525000,291000
2012/04/12,0,234000,-618000,-384000
2012/04/13,0,771867,-585000,186867
2012/04/16,0,713000,-600870,112130
2012/04/17,0,2019000,-544000,1475000
2012/04/18,0,340000,-358000,-18000
2012/04/19,0,287000,-143000,144000
2012/04/20,0,555000,-313681,241319
2012/04/23,0,736000,-208347,527653
2012/04/24,0,887000,-343000,544000
2012/04/25,0,404000,-334000,70000
2012/04/26,0,403000,-237000,166000
2012/04/27,0,1150000,-275000,875000
2012/04/30,0,716000,-1307485,-591485
2012/05/01,0,0,0,0
2012/05/02,0,1191000,-545000,646000
2012/05/03,0,465000,-306000,159000
2012/05/04,0,893529,-379000,514529
2012/05/07,0,559000,-1182000,-623000
2012/05/08,0,511000,-495000,16000
2012/05/09,0,158000,-530000,-372000
2012/05/10,0,286000,-409136,-123136
2012/05/11,0,486000,-723230,-237230
2012/05/14,0,881000,-139000,742000
2012/05/15,0,321000,-552000,-231000
2012/05/16,0,480000,-868000,-388000
2012/05/17,0,717000,-469557,247443
2012/05/18,0,516000,-763000,-247000
2012/05/21,0,352000,-298000,54000
2012/05/22,0,552000,-274000,278000
2012/05/23,0,336000,-370000,-34000
2012/05/24,0,423000,-413000,10000
2012/05/25,0,220000,-242000,-22000
2012/05/28,0,75000,-513000,-438000
2012/05/29,0,400000,-432000,-32000
2012/05/30,0,585000,-1103447,-518447
2012/05/31,0,707602,-2409176,-1701574
2012/06/01,0,248000,-428428,-180428
2012/06/04,0,270479,-441139,-170660
2012/06/05,0,420246,-609000,-188754
2012/06/06,0,458000,-170000,288000
2012/06/07,0,487841,-61000,426841
2012/06/08,0,1208050,-308000,900050
2012/06/11,0,832000,-308000,524000
2012/06/12,0,1223000,-946000,277000
2012/06/13,0,927000,-672362,254638
2012/06/14,0,304000,-1335578,-1031578
2012/06/15,0,586000,-862306,-276306
2012/06/18,0,727000,-167000,560000
2012/06/19,0,252000,-509000,-257000
2012/06/20,0,880000,-749000,131000
2012/06/21,0,274304,-921000,-646696
2012/06/22,0,526555,-585000,-58445
2012/06/25,0,167000,-527000,-360000
2012/06/26,0,177000,-299000,-122000
2012/06/27,0,179000,-110731,68269
2012/06/28,0,292000,-1089000,-797000
2012/06/29,0,645000,-34000,611000
2012/07/02,0,140000,-764000,-624000
2012/07/03,0,268000,-115000,153000
2012/07/04,0,199000,-88000,111000
2012/07/05,0,179000,-94000,85000
2012/07/06,0,333000,-186000,147000
2012/07/09,0,265000,-573500,-308500
2012/07/10,0,789000,-319000,470000
2012/07/11,0,1135000,-285000,850000
2012/07/12,0,163000,-1149885,-986885
2012/07/13,0,202000,-535616,-333616
2012/07/16,0,224000,-331000,-107000
2012/07/17,0,413000,-223000,190000
2012/07/18,0,64000,-1084500,-1020500
2012/07/19,0,610000,-625000,-15000
2012/07/20,0,765000,-152000,613000
2012/07/23,0,683000,-412000,271000
2012/07/24,0,708000,-239000,469000
2012/07/25,0,3098548,-609000,2489548
2012/07/26,0,2261000,-934993,1326007
2012/07/27,0,1419000,-505000,914000
2012/07/30,0,750549,-234000,516549
2012/07/31,0,2050000,-55383,1994617
2012/08/01,0,339170,-42000,297170
2012/08/02,0,0,0,0
2012/08/03,0,1736813,-213000,1523813
2012/08/06,0,1691000,-267000,1424000
2012/08/07,0,833000,-504000,329000
2012/08/08,0,1004396,-105061,899335
2012/08/09,0,1410000,-463000,947000
2012/08/10,0,827000,-523000,304000
2012/08/13,0,1124000,-703000,421000
2012/08/14,0,835000,-253000,582000
2012/08/15,0,421000,-60000,361000
2012/08/16,0,1494000,-338000,1156000
2012/08/17,0,371000,-267000,104000
2012/08/20,0,469000,-104000,365000
2012/08/21,0,725111,-505000,220111
2012/08/22,0,974042,-258000,716042
2012/08/23,0,739002,-276000,463002
2012/08/24,0,525000,-217302,307698
2012/08/27,0,538000,-548000,-10000
2012/08/28,0,477540,-67000,410540
2012/08/29,0,152000,-385000,-233000
2012/08/30,0,803000,-613000,190000
2012/08/31,0,292269,-329948,-37679
2012/09/03,0,974000,-445000,529000
2012/09/04,0,84000,-918000,-834000
2012/09/05,0,348000,-859000,-511000
2012/09/06,0,208000,-308030,-100030
2012/09/07,0,126696,-381000,-254304
2012/09/10,0,316000,-242000,74000
2012/09/11,0,282000,-594000,-312000
2012/09/12,0,2470000,-292300,2177700
2012/09/13,0,3281546,-579000,2702546
2012/09/14,0,927000,-259000,668000
2012/09/17,0,1987000,-475000,1512000
2012/09/18,0,1926000,-1454606,471394
2012/09/19,0,2779000,-789000,1990000
2012/09/20,0,1128000,-595000,533000
2012/09/21,0,1441000,-279000,1162000
2012/09/24,0,1590808,-116000,1474808
2012/09/25,0,1282000,-566000,716000
2012/09/26,0,3087000,-2559000,528000
2012/09/27,0,1006000,-781202,224798
2012/09/28,0,1543000,-621200,921800
2012/10/01,0,1454000,-156000,1298000
2012/10/02,0,314000,-193000,121000
2012/10/03,0,214000,-508000,-294000
2012/10/04,0,1710000,-286000,1424000
2012/10/05,0,1663000,-803000,860000
2012/10/08,0,1058100,-692000,366100
2012/10/09,0,2034000,-318000,1716000
2012/10/10,0,0,0,0
2012/10/11,0,651000,-78583,572417
2012/10/12,0,612000,-494000,118000
2012/10/15,0,510000,-107000,403000
2012/10/16,0,1605000,-706000,899000
2012/10/17,0,686000,-194000,492000
2012/10/18,0,512000,-695000,-183000
2012/10/19,0,176000,-681000,-505000
2012/10/22,0,36000,-480000,-444000
2012/10/23,0,93700,-207000,-113300
2012/10/24,0,215000,-179534,35466
2012/10/25,0,571000,-694000,-123000
2012/10/26,0,1242000,-570000,672000
2012/10/29,0,1167400,-212000,955400
2012/10/30,0,121000,-857000,-736000
2012/10/31,0,147000,-753000,-606000
2012/11/01,0,499000,-649000,-150000
2012/11/02,0,36000,-772000,-736000
2012/11/05,0,124000,-548000,-424000
2012/11/06,0,102000,-326000,-224000
2012/11/07,0,574000,-753000,-179000
2012/11/08,0,185000,-1180000,-995000
2012/11/09,0,173000,-998000,-825000
2012/11/12,0,722000,-2064000,-1342000
2012/11/13,0,468000,-1127000,-659000
2012/11/14,0,386000,-833000,-447000
2012/11/15,0,324000,-421000,-97000
2012/11/16,0,101000,-1395000,-1294000
2012/11/19,0,144000,-1377000,-1233000
2012/11/20,0,290000,-1601000,-1311000
2012/11/21,0,728000,-1649000,-921000
2012/11/22,0,712270,-321000,391270
2012/11/23,0,1494000,-532000,962000
2012/11/26,0,484000,-1043000,-559000
2012/11/27,0,546000,-761000,-215000
2012/11/28,0,886273,-1657473,-771200
2012/11/29,0,1237000,-1481000,-244000
2012/11/30,0,1965000,-5740596,-3775596
2012/12/03,0,1601000,-1148000,453000
2012/12/04,0,576000,-589000,-13000
2012/12/05,0,550000,-2590724,-2040724
2012/12/06,0,471000,-1182000,-711000
2012/12/07,0,529000,-842554,-313554
2012/12/10,0,244000,-1735525,-1491525
2012/12/11,0,602720,-805405,-202685
2012/12/12,0,595000,-953000,-358000
2012/12/13,0,362355,-1082622,-720267
2012/12/14,0,387314,-1441648,-1054334
2012/12/17,0,1742000,-1629000,113000
2012/12/18,0,470000,-823000,-353000
2012/12/19,0,905000,-204000,701000
2012/12/20,0,1267000,-1361000,-94000
2012/12/21,0,950007,-1635409,-685402
2012/12/24,0,991000,-134000,857000
2012/12/25,0,594000,-125000,469000
2012/12/26,0,846000,-274000,572000
2012/12/27,0,301000,-648000,-347000
2012/12/28,0,174000,-1760000,-1586000
2012/12/31,0,0,0,0
2013/01/01,0,0,0,0
2013/01/02,0,1224000,-269000,955000
2013/01/03,0,702000,-2130146,-1428146
2013/01/04,0,1248000,-1245000,3000
2013/01/07,0,775000,-1140700,-365700
2013/01/08,0,1336000,-1035000,301000
2013/01/09,0,196000,-1205000,-1009000
2013/01/10,0,1732036,-1974000,-241964
2013/01/11,0,437000,-616000,-179000
2013/01/14,0,561000,-608000,-47000
2013/01/15,0,1280000,-778000,502000
2013/01/16,0,735000,-1471000,-736000
2013/01/17,0,696600,-2251000,-1554400
2013/01/18,0,1683000,-977000,706000
2013/01/21,0,354000,-246000,108000
2013/01/22,0,464000,-339273,124727
2013/01/23,0,553000,-394603,158397
2013/01/24,0,187000,-522000,-335000
2013/01/25,0,213000,-897000,-684000
2013/01/28,0,563000,-407000,156000
2013/01/29,0,381900,-228000,153900
2013/01/30,0,1023000,-1374000,-351000
2013/01/31,0,552000,-981000,-429000
2013/02/01,0,560000,-499546,60454
2013/02/04,0,531000,-760000,-229000
2013/02/05,0,280438,-698000,-417562
2013/02/06,0,813000,-906000,-93000
2013/02/07,0,0,0,0
2013/02/08,0,0,0,0
2013/02/11,0,0,0,0
2013/02/12,0,0,0,0
2013/02/13,0,0,0,0
2013/02/14,0,0,0,0
2013/02/15,0,0,0,0
2013/02/18,0,1004060,-303000,701060
2013/02/19,0,243170,-903000,-659830
2013/02/20,0,666318,-724000,-57682
2013/02/21,0,675000,-665039,9961
2013/02/22,0,544000,-870000,-326000
2013/02/25,0,645000,-717722,-72722
2013/02/26,0,575000,-1049735,-474735
2013/02/27,0,368000,-1210541,-842541
2013/02/28,0,0,0,0
2013/03/01,0,923000,-605000,318000
2013/03/04,0,227000,-674000,-447000
2013/03/05,0,608000,-668000,-60000
2013/03/06,0,583000,-380000,203000
2013/03/07,0,35000,-349215,-314215
2013/03/08,0,991600,-659000,332600
2013/03/11,0,604000,-653000,-49000
2013/03/12,0,134000,-1361489,-1227489
2013/03/13,0,196000,-284000,-88000
2013/03/14,0,48000,-310103,-262103
2013/03/15,0,128000,-676993,-548993
2013/03/18,0,12000,-1131000,-1119000
2013/03/19,0,281000,-3379000,-3098000
2013/03/20,0,1411000,-1512059,-101059
2013/03/21,0,286000,-861000,-575000
2013/03/22,0,211902,-2804583,-2592681
2013/03/25,0,518000,-480000,38000
2013/03/26,0,282000,-502000,-220000
2013/03/27,0,218608,-226000,-7392
2013/03/28,0,2079000,-1484000,595000
2013/03/29,0,344000,-802000,-458000
2013/04/01,0,183358,-332000,-148642
2013/04/02,0,136000,-1410000,-1274000
2013/04/03,0,113162,-761000,-647838
2013/04/04,0,0,0,0
2013/04/05,0,0,0,0
2013/04/08,0,434000,-1010000,-576000
2013/04/09,0,736000,-1214270,-478270
2013/04/10,0,233000,-1384000,-1151000
2013/04/11,0,118501,-966000,-847499
2013/04/12,0,196000,-833000,-637000
2013/04/15,0,85543,-715000,-629457
2013/04/16,0,239966,-232400,7566
2013/04/17,0,67000,-719000,-652000
2013/04/18,0,273000,-373000,-100000
2013/04/19,0,194000,-1633000,-1439000
2013/04/22,0,700000,-535715,164285
2013/04/23,0,342000,-234000,108000
2013/04/24,0,1288000,-198000,1090000
2013/04/25,0,1411000,-191338,1219662
2013/04/26,0,1446000,-305000,1141000
2013/04/29,0,757000,-81000,676000
2013/04/30,0,581000,-110000,471000
2013/05/01,0,0,0,0
2013/05/02,0,393000,-416133,-23133
2013/05/03,0,666000,0,666000
2013/05/06,0,241000,-43000,198000
2013/05/07,0,272000,-40430,231570
2013/05/08,0,588000,-320152,267848
2013/05/09,0,547346,-101000,446346
2013/05/10,0,411000,-68000,343000
2013/05/13,0,21000,-195430,-174430
2013/05/14,0,457000,-281000,176000
2013/05/15,0,528000,-585570,-57570
2013/05/16,0,690000,-1056000,-366000
2013/05/17,0,117000,-159000,-42000
2013/05/20,0,370000,-56000,314000
2013/05/21,0,352000,-47026,304974
2013/05/22,0,294000,-150080,143920
2013/05/23,0,354000,-476920,-122920
2013/05/24,0,307092,-243000,64092
2013/05/27,0,211681,-59000,152681
2013/05/28,0,67000,-171000,-104000
2013/05/29,0,731000,-545000,186000
2013/05/30,0,68000,-901000,-833000
2013/05/31,0,613000,-579143,33857
2013/06/03,0,418000,-350000,68000
2013/06/04,0,992000,-321000,671000
2013/06/05,0,363000,-192912,170088
2013/06/06,0,117754,-604300,-486546
2013/06/07,0,116000,-341067,-225067
2013/06/10,0,22000,-148000,-126000
2013/06/11,0,602000,-388000,214000
2013/06/12,0,0,0,0
2013/06/13,0,170000,-776000,-606000
2013/06/14,0,702000,-473000,229000
2013/06/17,0,114000,-228025,-114025
2013/06/18,0,317000,-645000,-328000
2013/06/19,0,715000,-596046,118954
2013/06/20,0,280000,-326438,-46438
2013/06/21,0,465000,-620823,-155823
2013/06/24,0,79000,-999000,-920000
2013/06/25,0,689000,-233000,456000
2013/06/26,0,1415050,-384000,1031050
2013/06/27,0,1083000,-501000,582000
2013/06/28,0,825000,-685000,140000
2013/07/01,0,288000,-349000,-61000
2013/07/02,0,176000,-330970,-154970
2013/07/03,0,808000,-693300,114700
2013/07/04,0,86000,-39000,47000
2013/07/05,0,530000,-749000,-219000
2013/07/08,0,205000,-955000,-750000
2013/07/09,0,816000,-346000,470000
2013/07/10,0,2119000,-2494000,-375000
2013/07/11,0,938000,-1956000,-1018000
2013/07/12,0,550000,-1084000,-534000
2013/07/15,0,702000,-292000,410000
2013/07/16,0,616000,-365050,250950
2013/07/17,0,621000,-426000,195000
2013/07/18,0,593000,-209000,384000
2013/07/19,0,758321,-311000,447321
2013/07/22,0,476104,-189000,287104
2013/07/23,0,670000,-91000,579000
2013/07/24,0,486831,-108000,378831
2013/07/25,0,230000,-53000,177000
2013/07/26,0,127000,-730000,-603000
2013/07/29,0,218000,-317000,-99000
2013/07/30,0,522000,-1219000,-697000
2013/07/31,0,202000,-833697,-631697
2013/08/01,0,300000,-1518000,-1218000
2013/08/02,0,438000,-757000,-319000
2013/08/05,0,2929000,-240000,2689000
2013/08/06,0,4615000,-1219000,3396000
2013/08/07,0,4409000,-1856000,2553000
2013/08/08,0,3697000,-1004000,2693000
2013/08/09,0,3046000,-730000,2316000
2013/08/12,0,1674000,-1043000,631000
2013/08/13,0,2306000,-639000,1667000
2013/08/14,0,2606241,-560000,2046241
2013/08/15,0,1993000,-578239,1414761
2013/08/16,0,935662,-536000,399662
2013/08/19,0,3867000,-333000,3534000
2013/08/20,0,620000,-506000,114000
2013/08/21,0,0,0,0
2013/08/22,0,611000,-599096,11904
2013/08/23,0,373000,-224000,149000
2013/08/26,0,114000,-262000,-148000
2013/08/27,0,571000,-148000,423000
2013/08/28,0,896000,-463000,433000
2013/08/29,0,328000,-240000,88000
2013/08/30,0,922000,-236000,686000
2013/09/02,0,593000,-789000,-196000
2013/09/03,0,1000000,-571000,429000
2013/09/04,0,1440000,-381000,1059000
2013/09/05,0,1251548,-276000,975548
2013/09/06,0,2962000,-349000,2613000
2013/09/09,0,2027000,-330000,1697000
2013/09/10,0,3099000,-1056000,2043000
2013/09/11,0,1176000,-773236,402764
2013/09/12,0,1144000,-86000,1058000
2013/09/13,0,946000,-195000,751000
2013/09/16,0,1623000,-89000,1534000
2013/09/17,0,1632000,-327000,1305000
2013/09/18,0,769565,-74000,695565
2013/09/19,0,0,0,0
2013/09/20,0,0,0,0
2013/09/23,0,711000,-246000,465000
2013/09/24,0,337000,-468601,-131601
2013/09/25,0,679000,-1803000,-1124000
2013/09/26,0,2189000,-397292,1791708
2013/09/27,0,763000,-323423,439577
2013/09/30,0,1169000,-513591,655409
2013/10/01,0,486000,-251825,234175
2013/10/02,0,597000,-1059323,-462323
2013/10/03,0,1044545,-416730,627815
2013/10/04,0,519000,-321000,198000
2013/10/07,0,869000,-227000,642000
2013/10/08,0,414000,-301000,113000
2013/10/09,0,611000,-115000,496000
2013/10/10,0,0,0,0
2013/10/11,0,236500,-135000,101500
2013/10/14,0,107100,-240332,-133232
2013/10/15,0,365400,-309000,56400
2013/10/16,0,125000,-188400,-63400
2013/10/17,0,155000,-369000,-214000
2013/10/18,0,357000,-334000,23000
2013/10/21,0,193000,-215000,-22000
2013/10/22,0,460000,-1176000,-716000
2013/10/23,0,470245,-634000,-163755
2013/10/24,0,324000,-308731,15269
2013/10/25,0,387000,-387600,-600
2013/10/28,0,221000,-162000,59000
2013/10/29,0,363000,-363000,0
2013/10/30,0,352000,-632000,-280000
2013/10/31,0,871000,-815461,55539
2013/11/01,0,129000,-545000,-416000
2013/11/04,0,214000,-311000,-97000
2013/11/05,0,776000,-621643,154357
2013/11/06,0,218000,-336000,-118000
2013/11/07,0,96000,-331000,-235000
2013/11/08,0,310000,-261000,49000
2013/11/11,0,236000,-269000,-33000
2013/11/12,0,127000,-344000,-217000
2013/11/13,0,263128,-744000,-480872
2013/11/14,0,266000,-495000,-229000
2013/11/15,0,0,-390000,-390000
2013/11/18,0,795000,-1111000,-316000
2013/11/19,0,534000,-59000,475000
2013/11/20,0,519000,-975169,-456169
2013/11/21,0,316000,-813000,-497000
2013/11/22,0,634000,-333000,301000
2013/11/25,0,140000,-533000,-393000
2013/11/26,0,1063285,-1730503,-667218
2013/11/27,0,772000,-918774,-146774
2013/11/28,0,363000,-247000,116000
2013/11/29,0,402000,-592000,-190000
2013/12/02,0,539000,-157000,382000
2013/12/03,0,366681,-442326,-75645
2013/12/04,0,719000,-202400,516600
2013/12/05,0,604000,-514000,90000
2013/12/06,0,285000,-344000,-59000
2013/12/09,0,592000,-320192,271808
2013/12/10,0,409000,-88200,320800
2013/12/11,0,781311,-682000,99311
2013/12/12,0,869000,-366229,502771
2013/12/13,0,693000,-76000,617000
2013/12/16,0,516001,-1385000,-868999
2013/12/17,0,920000,-263000,657000
2013/12/18,0,430001,-218000,212001
2013/12/19,0,794500,-470000,324500
2013/12/20,0,102000,-331268,-229268
2013/12/23,0,180000,-556000,-376000
2013/12/24,0,177000,-392452,-215452
2013/12/25,0,201000,-942000,-741000
2013/12/26,0,188000,-302000,-114000
2013/12/27,0,746000,-48000,698000
2013/12/30,0,932000,-39001,892999
2013/12/31,0,202000,-118001,83999
2014/01/02,0,210000,-77000,133000
2014/01/03,0,348000,-198000,150000
2014/01/06,0,228000,-264402,-36402
2014/01/07,0,432000,-263000,169000
2014/01/08,0,428000,-238000,190000
2014/01/09,0,160000,-240000,-80000
2014/01/10,0,105000,-270000,-165000
2014/01/13,0,1040430,-265000,775430
2014/01/14,0,982000,-336570,645430
2014/01/15,0,553000,-959102,-406102
2014/01/16,0,845289,-363000,482289
2014/01/17,0,237000,-963095,-726095
2014/01/20,0,248000,-486000,-238000
2014/01/21,0,223000,-713108,-490108
2014/01/22,0,1375000,-1381000,-6000
2014/01/23,0,318000,-863000,-545000
2014/01/24,0,365000,-998376,-633376
2014/01/27,0,308000,-1441217,-1133217
2014/02/05,0,1062000,-4385902,-3323902
2014/02/06,0,1167430,-938000,229430
2014/02/07,0,781032,-703441,77591
2014/02/10,0,386000,-326000,60000
2014/02/11,0,588504,-410000,178504
2014/02/12,0,500117,-1582000,-1081883
2014/02/13,0,267743,-641417,-373674
2014/02/14,0,586000,-1208671,-622671
2014/02/17,0,401000,-1409000,-1008000
2014/02/18,0,239000,-670287,-431287
2014/02/19,0,260000,-296166,-36166
2014/02/20,0,426000,-489190,-63190
2014/02/21,0,378300,-98606,279694
2014/02/24,0,239000,-384042,-145042
2014/02/25,0,387288,-588150,-200862
2014/02/26,0,543000,-605141,-62141
2014/02/27,0,845144,-391000,454144
2014/03/03,0,382000,-423000,-41000
2014/03/04,0,275000,-3489000,-3214000
2014/03/05,0,735000,-7296000,-6561000
2014/03/06,0,694620,-4016848,-3322228
2014/03/07,0,553000,-2203000,-1650000
2014/03/10,0,517000,-2070356,-1553356
2014/03/11,0,947000,-1162266,-215266
2014/03/12,0,584000,-2085000,-1501000
2014/03/13,0,317000,-594245,-277245
2014/03/14,0,350000,-759000,-409000
2014/03/17,0,182000,-950000,-768000
2014/03/18,0,446000,-759570,-313570
2014/03/19,0,787000,-463000,324000
2014/03/20,0,320000,-2354530,-2034530
2014/03/21,0,968000,-1690000,-722000
2014/03/24,0,485339,-1422000,-936661
2014/03/25,0,627000,-1565316,-938316
2014/03/26,0,1273000,-2283000,-1010000
2014/03/27,0,1022000,-2307625,-1285625
2014/03/28,0,2630000,-682685,1947315
2014/03/31,0,1588391,-511820,1076571
2014/04/01,0,762000,-409497,352503
2014/04/02,0,1023000,-366000,657000
2014/04/03,0,1129000,-96000,1033000
2014/04/07,0,2030000,-614000,1416000
2014/04/08,0,827000,-897040,-70040
2014/04/09,0,322510,-170000,152510
2014/04/10,0,2334307,-283371,2050936
2014/04/11,0,1187000,-408000,779000
2014/04/14,0,614000,-215000,399000
2014/04/15,0,562000,-148000,414000
2014/04/16,0,796000,-615000,181000
2014/04/17,0,433000,-307000,126000
2014/04/18,0,775000,-68000,707000
2014/04/21,0,179000,-58000,121000
2014/04/22,0,203000,-12000,191000
2014/04/23,0,561000,-39000,522000
2014/04/24,0,797000,-51000,746000
2014/04/25,0,613548,-204000,409548
2014/04/28,0,318000,-120000,198000
2014/04/29,0,208274,-257079,-48805
2014/04/30,0,208000,-215000,-7000
2014/05/02,0,195000,-407000,-212000
2014/05/05,0,102000,-64000,38000
2014/05/06,0,752000,-136000,616000
2014/05/07,0,644274,-700740,-56466
2014/05/08,0,711000,-1127000,-416000
2014/05/09,0,376000,-515000,-139000
2014/05/12,0,220000,-377930,-157930
2014/05/13,0,565822,-381000,184822
2014/05/14,0,581000,-527000,54000
2014/05/15,0,413000,-96504,316496
2014/05/16,0,578000,-192000,386000
2014/05/19,0,405809,-107593,298216
2014/05/20,0,260200,-291606,-31406
2014/05/21,0,305000,-360672,-55672
2014/05/22,0,317000,-437000,-120000
2014/05/23,0,548000,-470988,77012
2014/05/26,0,538000,-368000,170000
2014/05/27,0,164000,-724176,-560176
2014/05/28,0,525000,-813000,-288000
2014/05/29,0,367096,-485000,-117904
2014/05/30,0,3460275,-2003201,1457074
2014/06/03,0,1321000,-966840,354160
2014/06/04,0,482000,-66000,416000
2014/06/05,0,545600,-1672000,-1126400
2014/06/06,0,297000,-52000,245000
2014/06/09,0,628000,-44000,584000
2014/06/10,0,673396,-95000,578396
2014/06/11,0,584600,-97000,487600
2014/06/12,0,1521722,-288000,1233722
2014/06/13,0,828601,-320000,508601
2014/06/16,0,584000,-115601,468399
2014/06/17,0,803000,-216000,587000
2014/06/18,0,923000,-150000,773000
2014/06/19,0,305647,-301000,4647
2014/06/20,0,718000,-571261,146739
2014/06/23,0,531000,-98466,432534
2014/06/24,0,369000,-179288,189712
2014/06/25,0,492000,-195211,296789
2014/06/26,0,573000,-30000,543000
2014/06/27,0,242000,-193362,48638
2014/06/30,0,503000,-248500,254500
2014/07/01,0,512000,-216000,296000
2014/07/02,0,798150,-233651,564499
2014/07/03,0,357000,-134000,223000
2014/07/04,0,37000,-239000,-202000
2014/07/07,0,200000,-179000,21000
2014/07/08,0,538018,-114327,423691
2014/07/09,0,648000,-32000,616000
2014/07/10,0,512000,-100000,412000
2014/07/11,0,697000,-198317,498683
2014/07/14,0,875000,-128000,747000
2014/07/15,0,1338000,-63000,1275000
2014/07/16,0,1223000,-166210,1056790
2014/07/17,0,2032000,-230000,1802000
2014/07/18,0,1886000,-673000,1213000
2014/07/21,0,925000,-614000,311000
2014/07/22,0,940000,-274000,666000
2014/07/23,0,0,0,0
2014/07/24,0,1802000,-559000,1243000
2014/07/25,0,848910,-427000,421910
2014/07/28,0,803000,-1509000,-706000
2014/07/29,0,1197000,-733000,464000
2014/07/30,0,3972000,-1175000,2797000
2014/07/31,0,1725000,-1610000,115000
2014/08/01,0,490000,-754000,-264000
2014/08/04,0,1056842,-1218000,-161158
2014/08/05,0,871000,-2132776,-1261776
2014/08/06,0,1053000,-261760,791240
2014/08/07,0,1020000,-417370,602630
2014/08/08,0,1719000,-689543,1029457
2014/08/11,0,557000,-132681,424319
2014/08/12,0,930000,-359291,570709
2014/08/13,0,1443000,-137000,1306000
2014/08/14,0,888000,-334000,554000
2014/08/15,0,412516,-1303000,-890484
2014/08/18,0,1089000,-311000,778000
2014/08/19,0,1096210,-707000,389210
2014/08/20,0,1235210,-139000,1096210
2014/08/21,0,1222345,-757516,464829
2014/08/22,0,1844238,-759000,1085238
2014/08/25,0,708200,-237000,471200
2014/08/26,0,803183,-250000,553183
2014/08/27,0,1057000,-223000,834000
2014/08/28,0,397000,-675476,-278476
2014/08/29,0,753400,-359000,394400
2014/09/01,0,749000,-165000,584000
2014/09/02,0,690000,-591686,98314
2014/09/03,0,945097,-168390,776707
2014/09/04,0,455100,-104655,350445
2014/09/05,0,227100,-101000,126100
2014/09/09,0,634247,-83247,551000
2014/09/10,0,141000,-737740,-596740
2014/09/11,0,179000,-195905,-16905
2014/09/12,0,48000,-464947,-416947
2014/09/15,0,244000,-294000,-50000
2014/09/16,0,405623,-398000,7623
2014/09/17,0,415000,-429000,-14000
2014/09/18,0,218000,-937754,-719754
2014/09/19,0,219000,-749224,-530224
2014/09/22,0,159000,-1665417,-1506417
2014/09/23,0,353000,-583000,-230000
2014/09/24,0,618000,-458000,160000
2014/09/25,0,341484,-300000,41484
2014/09/26,0,249000,-245000,4000
2014/09/29,0,819000,-1245792,-426792
2014/09/30,0,607000,-1035000,-428000
2014/10/01,0,555830,-888864,-333034
2014/10/02,0,420000,-1030202,-610202
2014/10/03,0,696000,-391000,305000
2014/10/06,0,934095,-826095,108000
2014/10/07,0,900000,-734431,165569
2014/10/08,0,1079000,-647247,431753
2014/10/09,0,565385,-800165,-234780
2014/10/13,0,655000,-556000,99000
2014/10/14,0,1198000,-1367910,-169910
2014/10/15,0,1294300,-1443127,-148827
2014/10/16,0,729800,-1248045,-518245
2014/10/17,0,1659828,-2250000,-590172
2014/10/20,0,1624974,-1371869,253105
2014/10/21,0,2407000,-1402576,1004424
2014/10/22,0,914866,-756000,158866
2014/10/23,0,673000,-342000,331000
2014/10/24,0,783000,-772267,10733
2014/10/27,0,468000,-385000,83000
2014/10/28,0,1354000,-1689624,-335624
2014/10/29,0,1192000,-769864,422136
2014/10/30,0,1098468,-811000,287468
2014/10/31,0,838399,-1225697,-387298
2014/11/03,0,686920,-916000,-229080
2014/11/04,0,718022,-667000,51022
2014/11/05,0,525128,-1331000,-805872
2014/11/06,0,804000,-1465000,-661000
2014/11/07,0,657000,-781000,-124000
2014/11/10,0,1536038,-861000,675038
2014/11/11,0,1313000,-1560000,-247000
2014/11/12,0,314000,-2487000,-2173000
2014/11/13,0,438000,-1980000,-1542000
2014/11/14,0,298009,-756380,-458371
2014/11/17,0,467000,-1839000,-1372000
2014/11/18,0,400000,-1734937,-1334937
2014/11/19,0,1440000,-2555000,-1115000
2014/11/20,0,990000,-1246897,-256897
2014/11/21,0,310436,-1126662,-816226
2014/11/24,0,203000,-1184518,-981518
2014/11/25,0,439000,-1942000,-1503000
2014/11/26,0,119000,-911000,-792000
2014/11/27,0,739000,-528910,210090
2014/11/28,0,372000,-537782,-165782
2014/12/01,0,94000,-663147,-569147
2014/12/02,0,164000,-664036,-500036
2014/12/03,0,841000,-926000,-85000
2014/12/04,0,900000,-151380,748620
2014/12/05,0,1236000,-651000,585000
2014/12/08,0,1126000,-1183000,-57000
2014/12/09,0,1037000,-1249552,-212552
2014/12/10,0,772000,-752600,19400
2014/12/11,0,200000,-605000,-405000
2014/12/12,0,663000,-1271554,-608554
2014/12/15,0,311000,-571000,-260000
2014/12/16,0,1149000,-710000,439000
2014/12/17,0,640000,-1409000,-769000
2014/12/18,0,381780,-566997,-185217
2014/12/19,0,1318000,-179633,1138367
2014/12/22,0,577000,-526225,50775
2014/12/23,0,132000,-342000,-210000
2014/12/24,0,436628,-183000,253628
2014/12/25,0,106000,-10000,96000
2014/12/26,0,148000,-214000,-66000
2014/12/29,0,382000,-131519,250481
2014/12/30,0,1447000,-220000,1227000
2014/12/31,0,425000,-186000,239000
2015/01/01,0,0,0,0
2015/01/02,0,0,0,0
2015/01/05,0,509000,-545000,-36000
2015/01/06,0,765000,-750000,15000
2015/01/07,0,328000,-592000,-264000
2015/01/08,0,832744,-345000,487744
2015/01/09,0,516000,-235000,281000
2015/01/12,0,675001,-447000,228001
2015/01/13,0,856000,-565000,291000
2015/01/14,0,1139000,-1235000,-96000
2015/01/15,0,750000,-460000,290000
2015/01/16,0,666000,-431145,234855
2015/01/19,0,159000,-130000,29000
2015/01/20,0,842000,-97872,744128
2015/01/21,0,936000,-130946,805054
2015/01/22,0,521000,-295000,226000
2015/01/23,0,900000,-224433,675567
2015/01/26,0,614000,-480000,134000
2015/01/27,0,894000,-444000,450000
2015/01/28,0,760522,-516000,244522
2015/01/29,0,1212000,-720000,492000
2015/01/30,0,975000,-473420,501580
2015/02/02,0,525000,-196000,329000
2015/02/03,0,534000,-529000,5000
2015/02/04,0,1353741,-294299,1059442
2015/02/05,0,1128147,-730000,398147
2015/02/06,0,644698,-575000,69698
2015/02/09,0,1140741,-687000,453741
2015/02/10,0,1022741,-1749000,-726259
2015/02/11,0,556742,-1269000,-712258
2015/02/12,0,989000,-1221866,-232866
2015/02/13,0,2126741,-1188000,938741
2015/02/16,0,0,0,0
2015/02/17,0,0,0,0
2015/02/18,0,0,0,0
2015/02/19,0,0,0,0
2015/02/20,0,0,0,0
2015/02/23,0,0,0,0
2015/02/24,0,1973281,-1528040,445241
2015/02/25,0,1042741,-813000,229741
2015/02/26,0,1062741,-1255717,-192976
2015/02/27,0,0,0,0
2015/03/02,0,852741,-1169000,-316259
2015/03/03,0,623537,-1010900,-387363
2015/03/04,0,757741,-794457,-36716
2015/03/05,0,837113,-875000,-37887
2015/03/06,0,551900,-884000,-332100
2015/03/09,0,494741,-1165700,-670959
2015/03/10,0,789641,-1716000,-926359
2015/03/11,0,1030741,-1359261,-328520
2015/03/12,0,1039741,-1066319,-26578
2015/03/13,0,926373,-523000,403373
2015/03/16,0,911000,-776053,134947
2015/03/17,0,910000,-684000,226000
2015/03/18,0,1266700,-1444000,-177300
2015/03/19,0,1477000,-1649000,-172000
2015/03/20,0,1331000,-1773000,-442000
2015/03/23,0,605000,-227000,378000
2015/03/24,0,710000,-695000,15000
2015/03/25,0,716000,-254922,461078
2015/03/26,0,893000,-406524,486476
2015/03/27,0,553000,-505000,48000
2015/03/30,0,712140,-794140,-82000
2015/03/31,0,360000,-383000,-23000
2015/04/01,0,475000,-614000,-139000
2015/04/02,0,553000,-310000,243000
2015/04/03,0,0,0,0
2015/04/06,0,0,0,0
2015/04/07,0,622000,-53760,568240
2015/04/08,0,501705,-665689,-163984
2015/04/09,0,2080000,-446000,1634000
2015/04/10,0,1157000,-1310000,-153000
2015/04/13,0,591000,-1404223,-813223
2015/04/14,0,266000,-1095000,-829000
2015/04/15,0,235000,-1442000,-1207000
2015/04/16,0,1851000,-539757,1311243
2015/04/17,0,475696,-426000,49696
2015/04/20,0,1192640,-241000,951640
2015/04/21,0,1039000,-554000,485000
2015/04/22,0,2348000,-1275780,1072220
2015/04/23,0,2748000,-873500,1874500
2015/04/24,0,2711000,-606000,2105000
2015/04/27,0,1295000,-571000,724000
2015/04/28,0,1447000,-812019,634981
2015/04/29,0,1092000,-684000,408000
2015/04/30,0,1596000,-1279534,316466
2015/05/01,0,0,0,0
2015/05/04,0,1442000,-56000,1386000
2015/05/05,0,1881950,-948000,933950
2015/05/06,0,3143000,-831000,2312000
2015/05/07,0,1048000,-1320000,-272000
2015/05/08,0,1574596,-701000,873596
2015/05/11,0,376000,-247000,129000
2015/05/12,0,1824000,-384709,1439291
2015/05/13,0,651000,-1069000,-418000
2015/05/14,0,2117338,-874000,1243338
2015/05/15,0,676792,-566000,110792
2015/05/18,0,739000,-704741,34259
2015/05/19,0,2059000,-1884000,175000
2015/05/20,0,891194,-819000,72194
2015/05/21,0,1537000,-1630000,-93000
2015/05/22,0,697000,-537000,160000
2015/05/25,0,232000,-777271,-545271
2015/05/26,0,269000,-589247,-320247
2015/05/27,0,735000,-818000,-83000
2015/05/28,0,580000,-1160696,-580696
2015/05/29,0,6760400,-7673206,-912806
2015/06/01,0,643000,-2694000,-2051000
2015/06/02,0,1423000,-1393616,29384
2015/06/03,0,559000,-787000,-228000
2015/06/04,0,1183000,-1784609,-601609
2015/06/05,0,523000,-2048000,-1525000
2015/06/08,0,906000,-2668000,-1762000
2015/06/09,0,1552700,-1732291,-179591
2015/06/10,0,1267000,-1260000,7000
2015/06/11,0,1090000,-1730259,-640259
2015/06/12,0,266000,-705643,-439643
2015/06/15,0,651000,-524000,127000
2015/06/16,0,1107000,-1128259,-21259
2015/06/17,0,1065000,-1561718,-496718
2015/06/18,0,664000,-805970,-141970
2015/06/19,0,0,0,0
2015/06/22,0,1451648,-778985,672663
2015/06/23,0,1185949,-1001000,184949
2015/06/24,0,1303671,-767000,536671
2015/06/25,0,757291,-1176768,-419477
2015/06/26,0,497000,-946259,-449259
2015/06/29,0,658000,-555810,102190
2015/06/30,0,2591000,-2515245,75755
2015/07/01,0,998000,-1425000,-427000
2015/07/02,0,827000,-2751660,-1924660
2015/07/03,0,802000,-1639000,-837000
2015/07/06,0,852000,-1122260,-270260
2015/07/07,0,1311000,-1384867,-73867
2015/07/08,0,790000,-2813400,-2023400
2015/07/09,0,1129000,-1751580,-622580
2015/07/10,0,0,0,0
2015/07/13,0,1385000,-1386563,-1563
2015/07/14,0,1080000,-1640363,-560363
2015/07/15,0,1259000,-938873,320127
2015/07/16,0,1071000,-719000,352000
2015/07/17,0,1236348,-1068000,168348
2015/07/20,0,1582000,-2004254,-422254
2015/07/21,0,848110,-847000,1110
2015/07/22,0,1092000,-1496502,-404502
2015/07/23,0,574441,-412000,162441
2015/07/24,0,367000,-603000,-236000
2015/07/27,0,895000,-1232000,-337000
2015/07/28,0,985334,-906000,79334
2015/07/29,0,328000,-1000309,-672309
2015/07/30,0,787115,-477088,310027
2015/07/31,0,1257551,-1648000,-390449
2015/08/03,0,356000,-516000,-160000
2015/08/04,0,365000,-792000,-427000
2015/08/05,0,339000,-863000,-524000
2015/08/06,0,150000,-842000,-692000
2015/08/07,0,554000,-1299128,-745128
2015/08/10,0,525000,-1028000,-503000
2015/08/11,0,911014,-1713000,-801986
2015/08/12,0,650000,-1833760,-1183760
2015/08/13,0,567000,-618909,-51909
2015/08/14,0,388000,-845000,-457000
2015/08/17,0,237000,-698971,-461971
2015/08/18,0,1064000,-840000,224000
2015/08/19,0,980000,-1112727,-132727
2015/08/20,0,637000,-1365000,-728000
2015/08/21,0,1162000,-971000,191000
2015/08/24,0,980000,-1954000,-974000
2015/08/25,0,877000,-1591847,-714847
2015/08/26,0,1060000,-1286000,-226000
2015/08/27,0,1233000,-1302000,-69000
2015/08/28,0,845000,-1506306,-661306
2015/08/31,0,2412000,-1860813,551187
2015/09/01,0,599000,-1211000,-612000
2015/09/02,0,418000,-876291,-458291
2015/09/03,0,723000,-1034000,-311000
2015/09/04,0,460291,-919295,-459004
2015/09/07,0,352000,-619000,-267000
2015/09/08,0,339000,-372000,-33000
2015/09/09,0,1435745,-757949,677796
2015/09/10,0,2475000,-1911950,563050
2015/09/11,0,401000,-849900,-448900
2015/09/14,0,615000,-479000,136000
2015/09/15,0,481000,-519000,-38000
2015/09/16,0,1198000,-498000,700000
2015/09/17,0,1588000,-1113161,474839
2015/09/18,0,934000,-1348942,-414942
2015/09/21,0,247000,-944638,-697638
2015/09/22,0,2060000,-1084574,975426
2015/09/23,0,499000,-1760810,-1261810
2015/09/24,0,1275000,-728000,547000
2015/09/25,0,1136000,-685102,450898
2015/09/28,0,0,0,0
2015/09/29,0,0,0,0
2015/09/30,0,1453112,-901000,552112
2015/10/01,0,800764,-775000,25764
2015/10/02,0,667000,-342000,325000
2015/10/05,0,706777,-664377,42400
2015/10/06,0,1070000,-154000,916000
2015/10/07,0,826000,-930115,-104115
2015/10/08,0,855000,-273000,582000
2015/10/09,0,0,0,0
2015/10/12,0,775000,-604000,171000
2015/10/13,0,1310000,-363098,946902
2015/10/14,0,820000,-406000,414000
2015/10/15,0,844000,-510105,333895
2015/10/16,0,1291000,-855828,435172
2015/10/19,0,771000,-339011,431989
2015/10/20,0,893220,-763827,129393
2015/10/21,0,591326,-434000,157326
2015/10/22,0,463000,-219000,244000
2015/10/23,0,793000,-238000,555000
2015/10/26,0,784000,-375000,409000
2015/10/27,0,343000,-209806,133194
2015/10/28,0,934000,-381891,552109
2015/10/29,0,141000,-712563,-571563
2015/10/30,0,436000,-616000,-180000
2015/11/02,0,369900,-336000,33900
2015/11/03,0,657000,-242680,414320
2015/11/04,0,1119000,-904950,214050
2015/11/05,0,452000,-500000,-48000
2015/11/06,0,149000,-1174000,-1025000
2015/11/09,0,621000,-750000,-129000
2015/11/10,0,533000,-1388000,-855000
2015/11/11,0,302000,-732774,-430774
2015/11/12,0,66000,-767000,-701000
2015/11/13,0,315000,-631737,-316737
2015/11/16,0,460000,-874764,-414764
2015/11/17,0,950000,-1022104,-72104
2015/11/18,0,620000,-1837000,-1217000
2015/11/19,0,855000,-1268097,-413097
2015/11/20,0,953000,-615000,338000
2015/11/23,0,609000,-840413,-231413
2015/11/24,0,405000,-532000,-127000
2015/11/25,0,365000,-617650,-252650
2015/11/26,0,1168000,-429000,739000
2015/11/27,0,224000,-1467000,-1243000
2015/11/30,0,1957274,-2531596,-574322
2015/12/01,0,1356000,-823711,532289
2015/12/02,0,702000,-1167000,-465000
2015/12/03,0,615140,-1247901,-632761
2015/12/04,0,894000,-648000,246000
2015/12/07,0,759000,-1356000,-597000
2015/12/08,0,1116000,-1789000,-673000
2015/12/09,0,775000,-719840,55160
2015/12/10,0,1116000,-2666705,-1550705
2015/12/11,0,2858040,-1641721,1216319
2015/12/14,0,1486000,-726135,759865
2015/12/15,0,1119000,-1921612,-802612
2015/12/16,0,1451000,-1047399,403601
2015/12/17,0,1338000,-827000,511000
2015/12/18,0,1067000,-1702000,-635000
2015/12/21,0,1020000,-868000,152000
2015/12/22,0,1291024,-926000,365024
2015/12/23,0,2604000,-1222000,1382000
2015/12/24,0,316000,-693000,-377000
2015/12/25,0,222000,-63000,159000
2015/12/28,0,661000,-345000,316000
2015/12/29,0,486000,-355000,131000
2015/12/30,0,563000,-599042,-36042
2015/12/31,0,465000,-765000,-300000
2016/01/01,0,0,0,0
2016/01/04,0,1024760,-980000,44760
2016/01/05,0,670785,-497000,173785
2016/01/06,0,632745,-749000,-116255
2016/01/07,0,727825,-997718,-269893
2016/01/08,0,633000,-2207098,-1574098
2016/01/11,0,868000,-1892000,-1024000
2016/01/12,0,1380000,-1154000,226000
2016/01/13,0,1301000,-751477,549523
2016/01/14,0,1187086,-1050000,137086
2016/01/15,0,347000,-1524971,-1177971
2016/01/18,0,390535,-623000,-232465
2016/01/19,0,498000,-858438,-360438
2016/01/20,0,638000,-2359000,-1721000
2016/01/21,0,994000,-1216400,-222400
2016/01/22,0,1093000,-594903,498097
2016/01/25,0,812000,-839000,-27000
2016/01/26,0,297000,-860000,-563000
2016/01/27,0,714000,-1032998,-318998
2016/01/28,0,1374000,-1128805,245195
2016/01/29,0,1544000,-1507000,37000
2016/02/01,0,461124,-1743000,-1281876
2016/02/02,0,1138000,-1089332,48668
2016/02/03,0,403000,-1069188,-666188
2016/02/04,0,0,0,0
2016/02/05,0,0,0,0
2016/02/08,0,0,0,0
2016/02/09,0,0,0,0
2016/02/10,0,0,0,0
2016/02/11,0,0,0,0
2016/02/12,0,0,0,0
2016/02/15,0,946000,-2858000,-1912000
2016/02/16,0,1107000,-961015,145985
2016/02/17,0,202000,-548000,-346000
2016/02/18,0,583000,-1450648,-867648
2016/02/19,0,504000,-731000,-227000
2016/02/22,0,990000,-650000,340000
2016/02/23,0,1018214,-1350000,-331786
2016/02/24,0,1088000,-1005219,82781
2016/02/25,0,809035,-889000,-79965
2016/02/26,0,1931000,-1368281,562719
2016/02/29,0,0,0,0
2016/03/01,0,818469,-1259000,-440531
2016/03/02,0,567000,-880000,-313000
2016/03/03,0,1509843,-831000,678843
2016/03/04,0,420094,-993126,-573032
2016/03/07,0,690000,-597000,93000
2016/03/08,0,544000,-1555807,-1011807
2016/03/09,0,1477000,-1188000,289000
2016/03/10,0,1323000,-684226,638774
2016/03/11,0,1318000,-1766000,-448000
2016/03/14,0,1010000,-1391000,-381000
2016/03/15,0,900000,-1904736,-1004736
2016/03/16,0,1352000,-936000,416000
2016/03/17,0,1566000,-995000,571000
2016/03/18,0,2011000,-2055000,-44000
2016/03/21,0,1034000,-992000,42000
2016/03/22,0,909181,-1770181,-861000
2016/03/23,0,1127000,-1234495,-107495
2016/03/24,0,554000,-477000,77000
2016/03/25,0,198000,-520000,-322000
2016/03/28,0,181000,-549000,-368000
2016/03/29,0,546000,-1231000,-685000
2016/03/30,0,1039000,-2055164,-1016164
2016/03/31,0,1809000,-2475000,-666000
2016/04/01,0,254000,-1378000,-1124000
2016/04/04,0,0,0,0
2016/04/05,0,0,0,0
2016/04/06,0,836043,-4464639,-3628596
2016/04/07,0,920381,-2142470,-1222089
2016/04/08,0,1670000,-2572000,-902000
2016/04/11,0,710000,-1519070,-809070
2016/04/12,0,321345,-2606000,-2284655
2016/04/13,0,1368000,-2087000,-719000
2016/04/14,0,668000,-1544606,-876606
2016/04/15,0,771601,-1633000,-861399
2016/04/18,0,612000,-982000,-370000
2016/04/19,0,645323,-2666000,-2020677
2016/04/20,0,471000,-1724000,-1253000
2016/04/21,0,641000,-899000,-258000
2016/04/22,0,846000,-898094,-52094
2016/04/25,0,356764,-892870,-536106
2016/04/26,0,1177882,-1794000,-616118
2016/04/27,0,589000,-1318000,-729000
2016/04/28,0,328000,-1153000,-825000
2016/04/29,0,515000,-1194880,-679880
2016/05/02,0,0,0,0
2016/05/03,0,817000,-1636050,-819050
2016/05/04,0,920000,-2020077,-1100077
2016/05/05,0,728000,-1245000,-517000
2016/05/06,0,906000,-1554000,-648000
2016/05/09,0,657000,-940084,-283084
2016/05/10,0,807000,-805000,2000
2016/05/11,0,787000,-1250000,-463000
2016/05/12,0,893000,-1063000,-170000
2016/05/13,0,1691441,-2395967,-704526
2016/05/16,0,808000,-3059000,-2251000
2016/05/17,0,953882,-2022000,-1068118
2016/05/18,0,1276013,-1607400,-331387
2016/05/19,0,841000,-2939000,-2098000
2016/05/20,0,1434661,-1430000,4661
2016/05/23,0,1702546,-1868000,-165454
2016/05/24,0,862000,-1226000,-364000
2016/05/25,0,1405000,-2317000,-912000
2016/05/26,0,497000,-1104000,-607000
2016/05/27,0,1147000,-1346896,-199896
2016/05/30,0,1226000,-1473000,-247000
2016/05/31,0,3030339,-4313909,-1283570
2016/06/01,0,628000,-932000,-304000
2016/06/02,0,987000,-1139000,-152000
2016/06/03,0,758000,-1523000,-765000
2016/06/06,0,790900,-1244950,-454050
2016/06/07,0,1522000,-1144000,378000
2016/06/08,0,926000,-1328000,-402000
2016/06/09,0,0,0,0
2016/06/10,0,0,0,0
2016/06/13,0,1480000,-2895603,-1415603
2016/06/14,0,1773545,-1859000,-85455
2016/06/15,0,719368,-792000,-72632
2016/06/16,0,1112000,-628000,484000
2016/06/17,0,2920000,-4145000,-1225000
2016/06/20,0,2961000,-1618000,1343000
2016/06/21,0,2526000,-1458000,1068000
2016/06/22,0,572202,-795000,-222798
2016/06/23,0,554002,-855000,-300998
2016/06/24,0,890000,-1069000,-179000
2016/06/27,0,788000,-460000,328000
2016/06/28,0,1523000,-1000000,523000
2016/06/29,0,1081000,-1012000,69000
2016/06/30,0,1670000,-1054900,615100
2016/07/01,0,4289807,-1318000,2971807
2016/07/04,0,2100000,-1304000,796000
2016/07/05,0,438000,-1069000,-631000
2016/07/06,0,1510000,-1424000,86000
2016/07/07,0,998000,-916000,82000
2016/07/08,0,0,0,0
2016/07/11,0,1986893,-699000,1287893
2016/07/12,0,1094000,-1016319,77681
2016/07/13,0,3713774,-1109000,2604774
2016/07/14,0,811000,-1108000,-297000
2016/07/15,0,4671546,-3478000,1193546
2016/07/18,0,1041000,-1553000,-512000
2016/07/19,0,1414000,-1819000,-405000
2016/07/20,0,1022554,-604099,418455
2016/07/21,0,3448858,-2932000,516858
2016/07/22,0,852000,-392000,460000
2016/07/25,0,741000,-980000,-239000
2016/07/26,0,741000,-725000,16000
2016/07/27,0,2170926,-1199006,971920
2016/07/28,0,615463,-785000,-169537
2016/07/29,0,835000,-1432338,-597338
2016/08/01,0,713461,-583026,130435
2016/08/02,0,1134000,-2064645,-930645
2016/08/03,0,381000,-1063000,-682000
2016/08/04,0,272000,-772000,-500000
2016/08/05,0,732000,-1078000,-346000
2016/08/08,0,437001,-1045000,-607999
2016/08/09,0,573000,-587896,-14896
2016/08/10,0,788000,-510348,277652
2016/08/11,0,817000,-513000,304000
2016/08/12,0,704000,-304000,400000
2016/08/15,0,688303,-511000,177303
2016/08/16,0,598000,-469000,129000
2016/08/17,0,902587,-639000,263587
2016/08/18,0,1687000,-747000,940000
2016/08/19,0,403641,-1175000,-771359
2016/08/22,0,265000,-814000,-549000
2016/08/23,0,830926,-432000,398926
2016/08/24,0,166463,-224000,-57537
2016/08/25,0,285000,-416000,-131000
2016/08/26,0,288060,-307000,-18940
2016/08/29,0,327000,-785000,-458000
2016/08/30,0,390667,-531000,-140333
2016/08/31,0,2284065,-3105000,-820935
2016/09/01,0,245000,-631922,-386922
2016/09/02,0,307668,-1053000,-745332
2016/09/05,0,917000,-66000,851000
2016/09/06,0,975669,-134000,841669
2016/09/07,0,805964,-218000,587964
2016/09/08,0,876446,-1136000,-259554
2016/09/09,0,180000,-359000,-179000
2016/09/12,0,441000,-1228000,-787000
2016/09/13,0,1350000,-959000,391000
2016/09/14,0,395000,-1361000,-966000
2016/09/15,0,0,0,0
2016/09/16,0,0,0,0
2016/09/19,0,607008,-242000,365008
2016/09/20,0,419000,-395791,23209
2016/09/21,0,1127000,-359000,768000
2016/09/22,0,341335,-337000,4335
2016/09/23,0,395000,-459708,-64708
2016/09/26,0,172458,-458000,-285542
2016/09/27,0,0,0,0
2016/09/28,0,0,0,0
2016/09/29,0,978668,-550720,427948
2016/09/30,0,449668,-1165073,-715405
2016/10/03,0,341479,-903000,-561521
2016/10/04,0,547000,-1509697,-962697
2016/10/05,0,583000,-556000,27000
2016/10/06,0,399668,-902000,-502332
2016/10/07,0,624003,-704000,-79997
2016/10/10,0,0,0,0
2016/10/11,0,317000,-1102000,-785000
2016/10/12,0,800573,-789722,10851
2016/10/13,0,336000,-1413000,-1077000
2016/10/14,0,283000,-1413000,-1130000
2016/10/17,0,216000,-928402,-712402
2016/10/18,0,1042000,-619000,423000
2016/10/19,0,363942,-1066000,-702058
2016/10/20,0,1205317,-2412000,-1206683
2016/10/21,0,3868500,-5921000,-2052500
2016/10/24,0,1510000,-707000,803000
2016/10/25,0,836279,-614000,222279
2016/10/26,0,730000,-812000,-82000
2016/10/27,0,492742,-575000,-82258
2016/10/28,0,1116000,-347000,769000
2016/10/31,0,2028876,-689000,1339876
2016/11/01,0,453000,-1354000,-901000
2016/11/02,0,1072201,-993000,79201
2016/11/03,0,632000,-370000,262000
2016/11/04,0,732000,-796000,-64000
2016/11/07,0,327000,-564000,-237000
2016/11/08,0,849871,-502000,347871
2016/11/09,0,604000,-1348000,-744000
2016/11/10,0,842000,-1189000,-347000
2016/11/11,0,4505000,-2455212,2049788
2016/11/14,0,1055000,-4870178,-3815178
2016/11/15,0,986000,-4237000,-3251000
2016/11/16,0,1803300,-4293000,-2489700
2016/11/17,0,1957000,-2759942,-802942
2016/11/18,0,3831000,-2280000,1551000
2016/11/21,0,1579000,-1324000,255000
2016/11/22,0,2277000,-3580701,-1303701
2016/11/23,0,1364000,-513813,850187
2016/11/24,0,2065000,-1226000,839000
2016/11/25,0,1200000,-1559000,-359000
2016/11/28,0,1647000,-1895254,-248254
2016/11/29,0,1164000,-1857010,-693010
2016/11/30,0,3980000,-2475995,1504005
2016/12/01,0,570561,-1085000,-514439
2016/12/02,0,831000,-1386000,-555000
2016/12/05,0,1231000,-811133,419867
2016/12/06,0,1997000,-604000,1393000
2016/12/07,0,825000,-1125000,-300000
2016/12/08,0,582000,-457000,125000
2016/12/09,0,955576,-564439,391137
2016/12/12,0,2091000,-2891000,-800000
2016/12/13,0,1671000,-743915,927085
2016/12/14,0,821000,-573000,248000
2016/12/15,0,1699000,-1899000,-200000
2016/12/16,0,1001000,-1434500,-433500
2016/12/19,0,377000,-1000000,-623000
2016/12/20,0,686000,-546818,139182
2016/12/21,0,695000,-703000,-8000
2016/12/22,0,715000,-1455000,-740000
2016/12/23,0,465000,-911000,-446000
2016/12/26,0,196000,-522000,-326000
2016/12/27,0,261000,-941000,-680000
2016/12/28,0,398000,-256000,142000
2016/12/29,0,394000,-625644,-231644
2016/12/30,0,483000,-442000,41000
2017/01/02,0,0,0,0
2017/01/03,0,322000,-408000,-86000
2017/01/04,0,1173000,-457000,716000
2017/01/05,0,976819,-1587000,-610181
2017/01/06,0,737000,-1083000,-346000
2017/01/09,0,681000,-1081000,-400000
2017/01/10,0,546000,-1823000,-1277000
2017/01/11,0,697474,-1514000,-816526
2017/01/12,0,752000,-489000,263000
2017/01/13,0,797303,-1003000,-205697
2017/01/16,0,817000,-565000,252000
2017/01/17,0,1065000,-171000,894000
2017/01/18,0,741000,-679161,61839
2017/01/19,0,1154967,-1018952,136015
2017/01/20,0,568742,-1388000,-819258
2017/01/23,0,713000,-576069,136931
2017/01/24,0,713882,-1192485,-478603
2017/01/25,0,0,0,0
2017/01/26,0,0,0,0
2017/01/27,0,0,0,0
2017/01/30,0,0,0,0
2017/01/31,0,0,0,0
2017/02/01,0,0,0,0
2017/02/02,0,1209000,-1884825,-675825
2017/02/03,0,461000,-1557190,-1096190
2017/02/06,0,903000,-1621662,-718662
2017/02/07,0,130000,-1975088,-1845088
2017/02/08,0,460514,-2538939,-2078425
2017/02/09,0,559351,-1548613,-989262
2017/02/10,0,2100882,-2043007,57875
2017/02/13,0,1055402,-796407,258995
2017/02/14,0,539882,-458315,81567
2017/02/15,0,682000,-985971,-303971
2017/02/16,0,1362882,-1625131,-262249
2017/02/17,0,1008000,-1312631,-304631
2017/02/20,0,738000,-1641210,-903210
2017/02/21,0,921000,-1238386,-317386
2017/02/22,0,320823,-1345178,-1024355
2017/02/23,0,732000,-970839,-238839
2017/02/24,0,1346326,-733654,612672
2017/02/27,0,0,0,0
2017/02/28,0,0,0,0
2017/03/01,0,1775675,-2943901,-1168226
2017/03/02,0,350000,-2057278,-1707278
2017/03/03,0,1618000,-889292,728708
2017/03/06,0,1598184,-1671917,-73733
2017/03/07,0,1243000,-917924,325076
2017/03/08,0,109000,-628666,-519666
2017/03/09,0,283814,-1929961,-1646147
2017/03/10,0,286000,-1162132,-876132
2017/03/13,0,656938,-422333,234605
2017/03/14,0,566737,-1228196,-661459
2017/03/15,0,311000,-342155,-31155
2017/03/16,0,541000,-1395008,-854008
2017/03/17,0,1415000,-1440954,-25954
2017/03/20,0,589000,-444372,144628
2017/03/21,0,1648948,-2073323,-424375
2017/03/22,0,1425612,-655128,770484
2017/03/23,0,1966000,-680445,1285555
2017/03/24,0,2427260,-500335,1926925
2017/03/27,0,2231500,0,2231500
2017/03/28,0,2670000,-1357000,1313000
2017/03/29,0,1328536,-1794182,-465646
2017/03/30,0,1179000,-2008000,-829000
2017/03/31,0,742000,-1389000,-647000
2017/04/03,0,0,0,0
2017/04/04,0,0,0,0
2017/04/05,0,1022628,-1021000,1628
2017/04/06,0,1327000,-402000,925000
2017/04/07,0,912000,-811000,101000
2017/04/10,0,153000,-573000,-420000
2017/04/11,0,873380,-386000,487380
2017/04/12,0,309595,-521562,-211967
2017/04/13,0,131000,-283000,-152000
2017/04/14,0,572000,-168000,404000
2017/04/17,0,728000,-571000,157000
2017/04/18,0,1764000,-288005,1475995
2017/04/19,0,1210000,-886948,323052
2017/04/20,0,710000,-736000,-26000
2017/04/21,0,794815,-87865,706950
2017/04/24,0,341000,-689000,-348000
2017/04/25,0,947000,-1150000,-203000
2017/04/26,0,990000,-3005000,-2015000
2017/04/27,0,647000,-1255000,-608000
2017/04/28,0,558000,-1068000,-510000
2017/05/01,0,0,0,0
2017/05/02,0,1029000,-414765,614235
2017/05/03,0,335000,-409000,-74000
2017/05/04,0,385000,-77000,308000
2017/05/05,0,315814,-458000,-142186
2017/05/08,0,379509,-466439,-86930
2017/05/09,0,1041046,-430000,611046
2017/05/10,0,665550,-388000,277550
2017/05/11,0,493082,-608831,-115749
2017/05/12,0,236000,-583000,-347000
2017/05/15,0,404809,-682000,-277191
2017/05/16,0,719000,-977000,-258000
2017/05/17,0,597000,-1275000,-678000
2017/05/18,0,865474,-322000,543474
2017/05/19,0,644000,-578000,66000
2017/05/22,0,253345,-621000,-367655
2017/05/23,0,362140,-515000,-152860
2017/05/24,0,164000,-745162,-581162
2017/05/25,0,531000,-938866,-407866
2017/05/26,0,0,0,0
2017/05/29,0,0,0,0
2017/05/30,0,0,0,0
2017/05/31,0,1094662,-2208846,-1114184
2017/06/01,0,296000,-1868601,-1572601
2017/06/02,0,594719,-544000,50719
2017/06/05,0,592000,-558498,33502
2017/06/06,0,1043000,-1908000,-865000
2017/06/07,0,231292,-975000,-743708
2017/06/08,0,414000,-1157000,-743000
2017/06/09,0,207000,-1361000,-1154000
2017/06/12,0,329000,-672000,-343000
2017/06/13,0,215000,-352000,-137000
2017/06/14,0,695000,-1806489,-1111489
2017/06/15,0,1108000,-1502000,-394000
2017/06/16,0,2906000,-1031000,1875000
2017/06/19,0,1521402,-498000,1023402
2017/06/20,0,491000,-1550000,-1059000
2017/06/21,0,692000,-1189000,-497000
2017/06/22,0,1047000,-1352000,-305000
2017/06/23,0,376000,-807000,-431000
2017/06/26,0,1510000,-335000,1175000
2017/06/27,0,1229000,-1763000,-534000
2017/06/28,0,836000,-950000,-114000
2017/06/29,0,363000,-855000,-492000
2017/06/30,0,826000,-1405000,-579000
2017/07/03,0,412000,-559000,-147000
2017/07/04,0,528000,-642000,-114000
2017/07/05,0,252000,-491000,-239000
2017/07/06,0,596000,-973000,-377000
2017/07/07,0,392640,-734478,-341838
2017/07/10,0,105000,-769994,-664994
2017/07/11,0,882759,-1298000,-415241
2017/07/12,0,526200,-1589548,-1063348
2017/07/13,0,1299465,-1259146,40319
2017/07/14,0,226000,-296000,-70000
2017/07/17,0,445000,-258000,187000
2017/07/18,0,727000,-1428000,-701000
2017/07/19,0,889380,-833000,56380
2017/07/20,0,822871,-445000,377871
2017/07/21,0,282000,-636998,-354998
2017/07/24,0,762200,-764000,-1800
2017/07/25,0,1229144,-268742,960402
2017/07/26,0,1263000,-316000,947000
2017/07/27,0,353000,-674000,-321000
2017/07/28,0,687000,-423901,263099
2017/07/31,0,423000,-1350000,-927000
2017/08/01,0,1450056,-815000,635056
2017/08/02,0,994000,-412000,582000
2017/08/03,0,576000,-610689,-34689
2017/08/04,0,494000,-173000,321000
2017/08/07,0,653000,-198000,455000
2017/08/08,0,620000,-554000,66000
2017/08/09,0,762603,-411000,351603
2017/08/10,0,1169479,-822000,347479
2017/08/11,0,146000,-789000,-643000
2017/08/14,0,810000,-393000,417000
2017/08/15,0,2008000,-741000,1267000
2017/08/16,0,710000,-514394,195606
2017/08/17,0,309000,-239000,70000
2017/08/18,0,661000,-850000,-189000
