Date,Open,Buy,Sell,Total
2007/01/02,0,0,0,0
2007/01/03,0,500000,-100000,400000
2007/01/04,0,150000,0,150000
2007/01/05,0,0,0,0
2007/01/08,0,0,-190000,-190000
2007/01/09,0,100000,0,100000
2007/01/10,0,127000,0,127000
2007/01/11,0,0,-300000,-300000
2007/01/12,0,0,-206000,-206000
2007/01/15,0,0,-450000,-450000
2007/01/16,0,580000,-60000,520000
2007/01/17,0,650000,0,650000
2007/01/18,0,1060000,0,1060000
2007/01/19,0,250000,-35000,215000
2007/01/22,0,188000,0,188000
2007/01/23,0,772000,-100000,672000
2007/01/24,0,400000,0,400000
2007/01/25,0,0,-871000,-871000
2007/01/26,0,13000,0,13000
2007/01/29,0,0,0,0
2007/01/30,0,0,-150000,-150000
2007/01/31,0,0,0,0
2007/02/01,0,0,-37000,-37000
2007/02/02,0,1000,0,1000
2007/02/05,0,0,-38000,-38000
2007/02/06,0,0,-36000,-36000
2007/02/07,0,0,0,0
2007/02/08,0,1000,0,1000
2007/02/09,0,0,-121000,-121000
2007/02/12,0,0,-601000,-601000
2007/02/13,0,0,0,0
2007/02/14,0,0,-150000,-150000
2007/02/15,0,0,0,0
2007/02/16,0,0,0,0
2007/02/19,0,0,0,0
2007/02/20,0,0,0,0
2007/02/21,0,0,0,0
2007/02/22,0,0,0,0
2007/02/23,0,0,0,0
2007/02/26,0,200000,0,200000
2007/02/27,0,550000,0,550000
2007/02/28,0,0,0,0
2007/03/01,0,0,-454000,-454000
2007/03/02,0,0,-96000,-96000
2007/03/05,0,0,0,0
2007/03/06,0,0,0,0
2007/03/07,0,0,-450000,-450000
2007/03/08,0,0,0,0
2007/03/09,0,0,0,0
2007/03/12,0,0,0,0
2007/03/13,0,0,-850000,-850000
2007/03/14,0,0,-840000,-840000
2007/03/15,0,0,-300000,-300000
2007/03/16,0,206000,0,206000
2007/03/19,0,0,0,0
2007/03/20,0,100000,0,100000
2007/03/21,0,0,0,0
2007/03/22,0,0,0,0
2007/03/23,0,0,0,0
2007/03/26,0,0,0,0
2007/03/27,0,0,-220000,-220000
2007/03/28,0,0,0,0
2007/03/29,0,483000,-50000,433000
2007/03/30,0,600000,-1000,599000
2007/04/02,0,960000,0,960000
2007/04/03,0,0,0,0
2007/04/04,0,0,0,0
2007/04/05,0,0,0,0
2007/04/06,0,0,0,0
2007/04/09,0,0,0,0
2007/04/10,0,0,0,0
2007/04/11,0,0,0,0
2007/04/12,0,0,0,0
2007/04/13,0,300000,-175000,125000
2007/04/16,0,509000,0,509000
2007/04/17,0,0,0,0
2007/04/18,0,30000,0,30000
2007/04/19,0,0,0,0
2007/04/20,0,60000,0,60000
2007/04/23,0,101000,0,101000
2007/04/24,0,4000,0,4000
2007/04/25,0,0,0,0
2007/04/26,0,0,0,0
2007/04/27,0,0,-525000,-525000
2007/04/30,0,0,-100000,-100000
2007/05/01,0,0,0,0
2007/05/02,0,0,0,0
2007/05/03,0,0,-908000,-908000
2007/05/04,0,0,0,0
2007/05/07,0,0,-350000,-350000
2007/05/08,0,0,-317000,-317000
2007/05/09,0,0,-425000,-425000
2007/05/10,0,0,-2000,-2000
2007/05/11,0,0,-1000,-1000
2007/05/14,0,0,-240000,-240000
2007/05/15,0,6000,0,6000
2007/05/16,0,0,-41000,-41000
2007/05/17,0,0,-401000,-401000
2007/05/18,0,0,-50000,-50000
2007/05/21,0,0,0,0
2007/05/22,0,1000,0,1000
2007/05/23,0,0,0,0
2007/05/24,0,0,-300000,-300000
2007/05/25,0,1000,0,1000
2007/05/28,0,0,-105000,-105000
2007/05/29,0,1000,-350000,-349000
2007/05/30,0,0,0,0
2007/05/31,0,0,-795000,-795000
2007/06/01,0,0,-60000,-60000
2007/06/04,0,0,-1603000,-1603000
2007/06/05,0,0,0,0
2007/06/06,0,30000,0,30000
2007/06/07,0,0,0,0
2007/06/08,0,0,-180000,-180000
2007/06/11,0,0,-597000,-597000
2007/06/12,0,0,0,0
2007/06/13,0,0,0,0
2007/06/14,0,481000,-1000,480000
2007/06/15,0,200000,-55000,145000
2007/06/18,0,0,0,0
2007/06/19,0,0,0,0
2007/06/20,0,0,0,0
2007/06/21,0,0,0,0
2007/06/22,0,0,-33000,-33000
2007/06/25,0,1225000,0,1225000
2007/06/26,0,3000,0,3000
2007/06/27,0,0,0,0
2007/06/28,0,1400000,0,1400000
2007/06/29,0,0,0,0
2007/07/02,0,0,0,0
2007/07/03,0,1400000,0,1400000
2007/07/04,0,101000,0,101000
2007/07/05,0,1571000,0,1571000
2007/07/06,0,172000,0,172000
2007/07/09,0,162000,-300000,-138000
2007/07/10,0,0,0,0
2007/07/11,0,0,0,0
2007/07/12,0,0,0,0
2007/07/13,0,3500000,0,3500000
2007/07/16,0,2515000,0,2515000
2007/07/17,0,633000,0,633000
2007/07/18,0,1772000,0,1772000
2007/07/19,0,301000,0,301000
2007/07/20,0,0,0,0
2007/07/23,0,0,0,0
2007/07/24,0,400000,0,400000
2007/07/25,0,803000,0,803000
2007/07/26,0,1100000,0,1100000
2007/07/27,0,1000000,-10000,990000
2007/07/30,0,0,0,0
2007/07/31,0,200000,-355000,-155000
2007/08/01,0,1320000,0,1320000
2007/08/02,0,101000,0,101000
2007/08/03,0,0,0,0
2007/08/06,0,401000,0,401000
2007/08/07,0,1479000,0,1479000
2007/08/08,0,1088000,-10000,1078000
2007/08/09,0,8668000,-493000,8175000
2007/08/10,0,5030000,-500000,4530000
2007/08/13,0,8812000,-1646000,7166000
2007/08/14,0,101000,-250000,-149000
2007/08/15,0,100000,-2637000,-2537000
2007/08/16,0,702000,0,702000
2007/08/17,0,1751000,-501000,1250000
2007/08/20,0,210000,-1815000,-1605000
2007/08/21,0,3722000,-2500000,1222000
2007/08/22,0,5000,-200000,-195000
2007/08/23,0,150000,-150000,0
2007/08/24,0,150000,-1000,149000
2007/08/27,0,150000,0,150000
2007/08/28,0,150000,-1164000,-1014000
2007/08/29,0,250000,-3480000,-3230000
2007/08/30,0,400000,-2355000,-1955000
2007/08/31,0,550000,0,550000
2007/09/03,0,0,0,0
2007/09/04,0,0,-1201000,-1201000
2007/09/05,0,150000,-706000,-556000
2007/09/06,0,3000,0,3000
2007/09/07,0,100000,-314000,-214000
2007/09/10,0,0,-1000,-1000
2007/09/11,0,3000,0,3000
2007/09/12,0,0,-509000,-509000
2007/09/13,0,0,0,0
2007/09/14,0,0,-660000,-660000
2007/09/17,0,0,-1541000,-1541000
2007/09/18,0,0,0,0
2007/09/19,0,0,0,0
2007/09/20,0,0,0,0
2007/09/21,0,300000,0,300000
2007/09/24,0,0,0,0
2007/09/25,0,0,0,0
2007/09/26,0,100000,0,100000
2007/09/27,0,1000,-300000,-299000
2007/09/28,0,150000,-1140000,-990000
2007/10/01,0,1772000,-500000,1272000
2007/10/02,0,0,-150000,-150000
2007/10/03,0,60000,-57000,3000
2007/10/04,0,719000,0,719000
2007/10/05,0,560000,0,560000
2007/10/08,0,222000,-952000,-730000
2007/10/09,0,0,-300000,-300000
2007/10/10,0,0,0,0
2007/10/11,0,0,-830000,-830000
2007/10/12,0,205000,-1645000,-1440000
2007/10/15,0,0,-3865000,-3865000
2007/10/16,0,0,-5838000,-5838000
2007/10/17,0,0,-7390000,-7390000
2007/10/18,0,0,-6750000,-6750000
2007/10/19,0,0,-3380000,-3380000
2007/10/22,0,171000,0,171000
2007/10/23,0,0,-122000,-122000
2007/10/24,0,228000,-400000,-172000
2007/10/25,0,0,-1000,-1000
2007/10/26,0,5012000,-590000,4422000
2007/10/29,0,4641000,-110000,4531000
2007/10/30,0,101000,0,101000
2007/10/31,0,100000,0,100000
2007/11/01,0,500000,0,500000
2007/11/02,0,1000,0,1000
2007/11/05,0,300000,0,300000
2007/11/06,0,0,0,0
2007/11/07,0,300000,-1490000,-1190000
2007/11/08,0,1015000,0,1015000
2007/11/09,0,857000,0,857000
2007/11/12,0,1000,-228000,-227000
2007/11/13,0,101000,0,101000
2007/11/14,0,445000,0,445000
2007/11/15,0,0,0,0
2007/11/16,0,85000,-100000,-15000
2007/11/19,0,0,-27000,-27000
2007/11/20,0,0,0,0
2007/11/21,0,0,-96000,-96000
2007/11/22,0,0,-2000,-2000
2007/11/23,0,0,-600000,-600000
2007/11/26,0,118000,0,118000
2007/11/27,0,0,-345000,-345000
2007/11/28,0,90000,-50000,40000
2007/11/29,0,300000,0,300000
2007/11/30,0,600000,0,600000
2007/12/03,0,500000,0,500000
2007/12/04,0,250000,0,250000
2007/12/05,0,0,0,0
2007/12/06,0,0,0,0
2007/12/07,0,0,-300000,-300000
2007/12/10,0,0,0,0
2007/12/11,0,0,-500000,-500000
2007/12/12,0,0,0,0
2007/12/13,0,0,0,0
2007/12/14,0,0,0,0
2007/12/17,0,0,0,0
2007/12/18,0,250000,-200000,50000
2007/12/19,0,250000,0,250000
2007/12/20,0,0,-600000,-600000
2007/12/21,0,500000,0,500000
2007/12/24,0,46000,0,46000
2007/12/25,0,0,0,0
2007/12/26,0,0,0,0
2007/12/27,0,0,0,0
2007/12/28,0,0,0,0
2007/12/31,0,100000,0,100000
2008/01/01,0,0,0,0
2008/01/02,0,100000,-750000,-650000
2008/01/03,0,680000,0,680000
2008/01/04,0,700000,-300000,400000
2008/01/07,0,1385000,-500000,885000
2008/01/08,0,486000,0,486000
2008/01/09,0,500000,0,500000
2008/01/10,0,2910000,0,2910000
2008/01/11,0,112000,0,112000
2008/01/14,0,100000,-300000,-200000
2008/01/15,0,269000,0,269000
2008/01/16,0,110000,0,110000
2008/01/17,0,500000,0,500000
2008/01/18,0,0,0,0
2008/01/21,0,500000,-360000,140000
2008/01/22,0,0,0,0
2008/01/23,0,95000,-100000,-5000
2008/01/24,0,20000,0,20000
2008/01/25,0,0,-90000,-90000
2008/01/28,0,1100000,-239000,861000
2008/01/29,0,0,0,0
2008/01/30,0,0,-500000,-500000
2008/01/31,0,350000,0,350000
2008/02/01,0,0,0,0
2008/02/04,0,0,0,0
2008/02/05,0,0,0,0
2008/02/06,0,0,0,0
2008/02/07,0,0,0,0
2008/02/08,0,0,0,0
2008/02/11,0,0,0,0
2008/02/12,0,39000,0,39000
2008/02/13,0,250000,0,250000
2008/02/14,0,0,-265000,-265000
2008/02/15,0,0,-345000,-345000
2008/02/18,0,640000,-39000,601000
2008/02/19,0,185000,0,185000
2008/02/20,0,275000,0,275000
2008/02/21,0,0,0,0
2008/02/22,0,0,0,0
2008/02/25,0,0,0,0
2008/02/26,0,0,-150000,-150000
2008/02/27,0,0,0,0
2008/02/28,0,0,0,0
2008/02/29,0,0,-100000,-100000
2008/03/03,0,0,0,0
2008/03/04,0,0,0,0
2008/03/05,0,0,0,0
2008/03/06,0,0,-400000,-400000
2008/03/07,0,0,-219000,-219000
2008/03/10,0,0,-495000,-495000
2008/03/11,0,0,-1018000,-1018000
2008/03/12,0,0,-1000000,-1000000
2008/03/13,0,209000,-600000,-391000
2008/03/14,0,0,0,0
2008/03/17,0,0,0,0
2008/03/18,0,0,-507000,-507000
2008/03/19,0,988000,-700000,288000
2008/03/20,0,0,-1995000,-1995000
2008/03/21,0,0,0,0
2008/03/24,0,60000,0,60000
2008/03/25,0,0,0,0
2008/03/26,0,241000,-209000,32000
2008/03/27,0,2660000,0,2660000
2008/03/28,0,0,-200000,-200000
2008/03/31,0,0,0,0
2008/04/01,0,0,0,0
2008/04/02,0,0,-500000,-500000
2008/04/03,0,0,-110000,-110000
2008/04/04,0,0,0,0
2008/04/07,0,800000,0,800000
2008/04/08,0,0,0,0
2008/04/09,0,2837000,0,2837000
2008/04/10,0,1390000,0,1390000
2008/04/11,0,0,0,0
2008/04/14,0,0,0,0
2008/04/15,0,0,0,0
2008/04/16,0,0,0,0
2008/04/17,0,360000,0,360000
2008/04/18,0,550000,0,550000
2008/04/21,0,150000,0,150000
2008/04/22,0,0,-150000,-150000
2008/04/23,0,0,0,0
2008/04/24,0,900000,0,900000
2008/04/25,0,510000,0,510000
2008/04/28,0,2000,0,2000
2008/04/29,0,100000,-60000,40000
2008/04/30,0,600000,0,600000
2008/05/01,0,0,0,0
2008/05/02,0,100000,-2865000,-2765000
2008/05/05,0,0,0,0
2008/05/06,0,1239000,-100000,1139000
2008/05/07,0,109000,0,109000
2008/05/08,0,5000,0,5000
2008/05/09,0,0,0,0
2008/05/12,0,0,0,0
2008/05/13,0,0,-277000,-277000
2008/05/14,0,50000,-122000,-72000
2008/05/15,0,23000,0,23000
2008/05/16,0,75000,-82000,-7000
2008/05/19,0,0,0,0
2008/05/20,0,1000,-200000,-199000
2008/05/21,0,0,-274000,-274000
2008/05/22,0,618000,-100000,518000
2008/05/23,0,610000,0,610000
2008/05/26,0,503000,0,503000
2008/05/27,0,1083000,0,1083000
2008/05/28,0,1284000,0,1284000
2008/05/29,0,500000,0,500000
2008/05/30,0,797000,-887000,-90000
2008/06/02,0,115000,-200000,-85000
2008/06/03,0,500000,0,500000
2008/06/04,0,0,0,0
2008/06/05,0,0,0,0
2008/06/06,0,136000,-100000,36000
2008/06/09,0,450000,-100000,350000
2008/06/10,0,0,0,0
2008/06/11,0,1296000,-488000,808000
2008/06/12,0,400000,0,400000
2008/06/13,0,107000,0,107000
2008/06/16,0,5000,0,5000
2008/06/17,0,0,-449000,-449000
2008/06/18,0,0,0,0
2008/06/19,0,1003000,0,1003000
2008/06/20,0,1127000,0,1127000
2008/06/23,0,302000,0,302000
2008/06/24,0,350000,-490000,-140000
2008/06/25,0,497000,-330000,167000
2008/06/26,0,423000,0,423000
2008/06/27,0,120000,-500000,-380000
2008/06/30,0,407000,0,407000
2008/07/01,0,0,0,0
2008/07/02,0,0,0,0
2008/07/03,0,500000,-1442000,-942000
2008/07/04,0,200000,-200000,0
2008/07/07,0,150000,0,150000
2008/07/08,0,40000,0,40000
2008/07/09,0,841000,0,841000
2008/07/10,0,284000,0,284000
2008/07/11,0,1331000,-75000,1256000
2008/07/14,0,250000,-118000,132000
2008/07/15,0,150000,0,150000
2008/07/16,0,120000,0,120000
2008/07/17,0,266000,0,266000
2008/07/18,0,200000,0,200000
2008/07/21,0,356000,0,356000
2008/07/22,0,33000,-200000,-167000
2008/07/23,0,1912000,-519000,1393000
2008/07/24,0,412000,-896000,-484000
2008/07/25,0,0,-215000,-215000
2008/07/28,0,0,0,0
2008/07/29,0,150000,-400000,-250000
2008/07/30,0,350000,0,350000
2008/07/31,0,300000,-55000,245000
2008/08/01,0,75000,0,75000
2008/08/04,0,220000,-1353000,-1133000
2008/08/05,0,150000,-438000,-288000
2008/08/06,0,80000,-77000,3000
2008/08/07,0,100000,-310000,-210000
2008/08/08,0,5000,-1158000,-1153000
2008/08/11,0,0,0,0
2008/08/12,0,0,-620000,-620000
2008/08/13,0,0,0,0
2008/08/14,0,0,0,0
2008/08/15,0,0,-8000,-8000
2008/08/18,0,0,0,0
2008/08/19,0,327000,0,327000
2008/08/20,0,181000,-2000,179000
2008/08/21,0,816000,-350000,466000
2008/08/22,0,450000,-350000,100000
2008/08/25,0,400000,0,400000
2008/08/26,0,960000,0,960000
2008/08/27,0,129000,0,129000
2008/08/28,0,149000,-445000,-296000
2008/08/29,0,546000,0,546000
2008/09/01,0,474000,0,474000
2008/09/02,0,0,0,0
2008/09/03,0,300000,0,300000
2008/09/04,0,220000,-320000,-100000
2008/09/05,0,1750000,-647000,1103000
2008/09/08,0,900000,-1000000,-100000
2008/09/09,0,1000000,0,1000000
2008/09/10,0,200000,0,200000
2008/09/11,0,300000,-641000,-341000
2008/09/12,0,650000,-110000,540000
2008/09/15,0,1100000,-304000,796000
2008/09/16,0,700000,0,700000
2008/09/17,0,800000,-1039000,-239000
2008/09/18,0,75000,-2421000,-2346000
2008/09/19,0,0,-3494000,-3494000
2008/09/22,0,366000,-474000,-108000
2008/09/23,0,2807000,-490000,2317000
2008/09/24,0,70000,-2000,68000
2008/09/25,0,250000,-3000,247000
2008/09/26,0,1000,0,1000
2008/09/29,0,0,0,0
2008/09/30,0,214000,0,214000
2008/10/01,0,177000,0,177000
2008/10/02,0,101000,0,101000
2008/10/03,0,150000,0,150000
2008/10/06,0,463000,-4000,459000
2008/10/07,0,37000,-3000,34000
2008/10/08,0,600000,-335000,265000
2008/10/09,0,252000,-366000,-114000
2008/10/10,0,0,0,0
2008/10/13,0,0,0,0
2008/10/14,0,0,-500000,-500000
2008/10/15,0,2000,-500000,-498000
2008/10/16,0,4000,0,4000
2008/10/17,0,200000,-204000,-4000
2008/10/20,0,0,0,0
2008/10/21,0,400000,-500000,-100000
2008/10/22,0,0,-400000,-400000
2008/10/23,0,0,0,0
2008/10/24,0,0,-1000,-1000
2008/10/27,0,0,-18000,-18000
2008/10/28,0,0,-1587000,-1587000
2008/10/29,0,0,-2000,-2000
2008/10/30,0,300000,-1000,299000
2008/10/31,0,461000,0,461000
2008/11/03,0,260000,-400000,-140000
2008/11/04,0,3000,0,3000
2008/11/05,0,2000,-1534000,-1532000
2008/11/06,0,0,-317000,-317000
2008/11/07,0,0,-1000000,-1000000
2008/11/10,0,2007000,-1650000,357000
2008/11/11,0,1777000,-1800000,-23000
2008/11/12,0,2396000,0,2396000
2008/11/13,0,49000,-450000,-401000
2008/11/14,0,209000,-800000,-591000
2008/11/17,0,228000,-600000,-372000
2008/11/18,0,3080000,0,3080000
2008/11/19,0,2147000,-40000,2107000
2008/11/20,0,337000,-800000,-463000
2008/11/21,0,1790000,-620000,1170000
2008/11/24,0,1789000,0,1789000
2008/11/25,0,786000,-583000,203000
2008/11/26,0,1272000,-535000,737000
2008/11/27,0,3524000,-417000,3107000
2008/11/28,0,800000,-200000,600000
2008/12/01,0,507000,-319000,188000
2008/12/02,0,900000,-240000,660000
2008/12/03,0,1300000,-231000,1069000
2008/12/04,0,1320000,0,1320000
2008/12/05,0,120000,-287000,-167000
2008/12/08,0,1607000,0,1607000
2008/12/09,0,1760000,0,1760000
2008/12/10,0,406000,-150000,256000
2008/12/11,0,541000,-930000,-389000
2008/12/12,0,500000,-305000,195000
2008/12/15,0,713000,-800000,-87000
2008/12/16,0,1956000,-135000,1821000
2008/12/17,0,611000,0,611000
2008/12/18,0,361000,-501000,-140000
2008/12/19,0,800000,-2171000,-1371000
2008/12/22,0,0,-772000,-772000
2008/12/23,0,860000,-178000,682000
2008/12/24,0,684000,0,684000
2008/12/25,0,333000,0,333000
2008/12/26,0,20000,0,20000
2008/12/29,0,0,0,0
2008/12/30,0,0,-441000,-441000
2008/12/31,0,1178000,0,1178000
2009/01/01,0,0,0,0
2009/01/02,0,0,0,0
2009/01/05,0,80000,-2067000,-1987000
2009/01/06,0,0,-330000,-330000
2009/01/07,0,0,-1254000,-1254000
2009/01/08,0,0,-1664000,-1664000
2009/01/09,0,1302000,-751000,551000
2009/01/12,0,302000,-63000,239000
2009/01/13,0,700000,-695000,5000
2009/01/14,0,1005000,-380000,625000
2009/01/15,0,0,-723000,-723000
2009/01/16,0,1000,-144000,-143000
2009/01/19,0,631000,-1903000,-1272000
2009/01/20,0,358000,0,358000
2009/01/21,0,90000,-60000,30000
2009/01/22,0,0,0,0
2009/01/23,0,0,0,0
2009/01/26,0,0,0,0
2009/01/27,0,0,0,0
2009/01/28,0,0,0,0
2009/01/29,0,0,0,0
2009/01/30,0,0,0,0
2009/02/02,0,972000,0,972000
2009/02/03,0,955000,0,955000
2009/02/04,0,610000,-674000,-64000
2009/02/05,0,50000,0,50000
2009/02/06,0,80000,0,80000
2009/02/09,0,0,0,0
2009/02/10,0,234000,0,234000
2009/02/11,0,265000,-2000,263000
2009/02/12,0,1100000,0,1100000
2009/02/13,0,180000,0,180000
2009/02/16,0,1445000,-2615000,-1170000
2009/02/17,0,600000,-1057000,-457000
2009/02/18,0,1557000,-280000,1277000
2009/02/19,0,1344000,-50000,1294000
2009/02/20,0,4000,-1523000,-1519000
2009/02/23,0,400000,-1397000,-997000
2009/02/24,0,373000,-535000,-162000
2009/02/25,0,600000,-400000,200000
2009/02/26,0,0,0,0
2009/02/27,0,1000,0,1000
2009/03/02,0,420000,-1108000,-688000
2009/03/03,0,174000,0,174000
2009/03/04,0,337000,-1200000,-863000
2009/03/05,0,1600000,-136000,1464000
2009/03/06,0,800000,-430000,370000
2009/03/09,0,1988000,-1000,1987000
2009/03/10,0,1300000,-100000,1200000
2009/03/11,0,745000,0,745000
2009/03/12,0,200000,-2351000,-2151000
2009/03/13,0,496000,-2304000,-1808000
2009/03/16,0,0,-1300000,-1300000
2009/03/17,0,0,-1000000,-1000000
2009/03/18,0,0,-50000,-50000
2009/03/19,0,1041000,-3213000,-2172000
2009/03/20,0,1446000,-3408000,-1962000
2009/03/23,0,800000,0,800000
2009/03/24,0,86000,0,86000
2009/03/25,0,200000,-537000,-337000
2009/03/26,0,0,-390000,-390000
2009/03/27,0,0,-911000,-911000
2009/03/30,0,153000,-840000,-687000
2009/03/31,0,800000,-470000,330000
2009/04/01,0,130000,0,130000
2009/04/02,0,200000,0,200000
2009/04/03,0,0,-341000,-341000
2009/04/06,0,200000,0,200000
2009/04/07,0,0,0,0
2009/04/08,0,142000,0,142000
2009/04/09,0,0,-955000,-955000
2009/04/10,0,0,0,0
2009/04/13,0,251000,0,251000
2009/04/14,0,0,0,0
2009/04/15,0,0,-94000,-94000
2009/04/16,0,100000,-526000,-426000
2009/04/17,0,0,-879000,-879000
2009/04/20,0,0,-1950000,-1950000
2009/04/21,0,615000,0,615000
2009/04/22,0,309000,-50000,259000
2009/04/23,0,3016000,0,3016000
2009/04/24,0,0,-450000,-450000
2009/04/27,0,1069000,-60000,1009000
2009/04/28,0,180000,0,180000
2009/04/29,0,540000,-250000,290000
2009/04/30,0,0,0,0
2009/05/01,0,0,0,0
2009/05/04,0,390000,0,390000
2009/05/05,0,0,-200000,-200000
2009/05/06,0,0,-400000,-400000
2009/05/07,0,69000,-100000,-31000
2009/05/08,0,0,-106000,-106000
2009/05/11,0,0,-895000,-895000
2009/05/12,0,2350000,-533000,1817000
2009/05/13,0,15000,-561000,-546000
2009/05/14,0,117000,-505000,-388000
2009/05/15,0,563000,-830000,-267000
2009/05/18,0,800000,-433000,367000
2009/05/19,0,700000,-636000,64000
2009/05/20,0,0,-349000,-349000
2009/05/21,0,2226000,-62000,2164000
2009/05/22,0,626000,-280000,346000
2009/05/25,0,50000,0,50000
2009/05/26,0,1028000,0,1028000
2009/05/27,0,610000,-500000,110000
2009/05/28,0,0,0,0
2009/05/29,0,0,0,0
2009/06/01,0,35000,0,35000
2009/06/02,0,0,-208000,-208000
2009/06/03,0,0,-3966000,-3966000
2009/06/04,0,0,-1200000,-1200000
2009/06/05,0,1371000,-690000,681000
2009/06/08,0,0,0,0
2009/06/09,0,0,-478000,-478000
2009/06/10,0,0,0,0
2009/06/11,0,2000,0,2000
2009/06/12,0,0,0,0
2009/06/15,0,100000,0,100000
2009/06/16,0,319000,0,319000
2009/06/17,0,1231000,0,1231000
2009/06/18,0,178000,-1187000,-1009000
2009/06/19,0,306000,-200000,106000
2009/06/22,0,632000,0,632000
2009/06/23,0,0,-2000,-2000
2009/06/24,0,154000,-1000,153000
2009/06/25,0,1684000,0,1684000
2009/06/26,0,1849000,0,1849000
2009/06/29,0,2040000,-563000,1477000
2009/06/30,0,1000000,0,1000000
2009/07/01,0,1006000,0,1006000
2009/07/02,0,480000,-450000,30000
2009/07/03,0,1550000,-579000,971000
2009/07/06,0,1956000,0,1956000
2009/07/07,0,1783000,-120000,1663000
2009/07/08,0,128000,-3325000,-3197000
2009/07/09,0,0,-773000,-773000
2009/07/10,0,0,-1031000,-1031000
2009/07/13,0,0,-1170000,-1170000
2009/07/14,0,1487000,-1584000,-97000
2009/07/15,0,400000,-11000,389000
2009/07/16,0,150000,-31000,119000
2009/07/17,0,1662000,-515000,1147000
2009/07/20,0,502000,0,502000
2009/07/21,0,2106000,-2000,2104000
2009/07/22,0,416000,-1033000,-617000
2009/07/23,0,0,-1002000,-1002000
2009/07/24,0,0,-1237000,-1237000
2009/07/27,0,0,-529000,-529000
2009/07/28,0,141000,-190000,-49000
2009/07/29,0,0,-40000,-40000
2009/07/30,0,0,-925000,-925000
2009/07/31,0,0,-770000,-770000
2009/08/03,0,200000,-546000,-346000
2009/08/04,0,308000,0,308000
2009/08/05,0,459000,-80000,379000
2009/08/06,0,0,-451000,-451000
2009/08/07,0,0,0,0
2009/08/10,0,2000,-447000,-445000
2009/08/11,0,1000,-885000,-884000
2009/08/12,0,333000,-117000,216000
2009/08/13,0,0,0,0
2009/08/14,0,1140000,-29000,1111000
2009/08/17,0,0,-293000,-293000
2009/08/18,0,501000,-330000,171000
2009/08/19,0,1000,0,1000
2009/08/20,0,351000,0,351000
2009/08/21,0,1238000,-712000,526000
2009/08/24,0,411000,0,411000
2009/08/25,0,872000,0,872000
2009/08/26,0,300000,0,300000
2009/08/27,0,652000,0,652000
2009/08/28,0,1021000,0,1021000
2009/08/31,0,103000,0,103000
2009/09/01,0,60000,0,60000
2009/09/02,0,80000,-700000,-620000
2009/09/03,0,328000,-91000,237000
2009/09/04,0,0,-157000,-157000
2009/09/07,0,200000,-1000,199000
2009/09/08,0,930000,0,930000
2009/09/09,0,6000,0,6000
2009/09/10,0,103000,-44000,59000
2009/09/11,0,100000,0,100000
2009/09/14,0,100000,-91000,9000
2009/09/15,0,48000,0,48000
2009/09/16,0,145000,0,145000
2009/09/17,0,119000,-200000,-81000
2009/09/18,0,784000,-2000,782000
2009/09/21,0,200000,-274000,-74000
2009/09/22,0,0,0,0
2009/09/23,0,0,0,0
2009/09/24,0,0,0,0
2009/09/25,0,0,0,0
2009/09/28,0,0,0,0
2009/09/29,0,1000,-211000,-210000
2009/09/30,0,0,0,0
2009/10/01,0,400000,-643000,-243000
2009/10/02,0,2217000,-549000,1668000
2009/10/05,0,169000,-15000,154000
2009/10/06,0,0,-26000,-26000
2009/10/07,0,281000,0,281000
2009/10/08,0,789000,0,789000
2009/10/09,0,1326000,-3784000,-2458000
2009/10/12,0,200000,-2036000,-1836000
2009/10/13,0,429000,-30000,399000
2009/10/14,0,0,0,0
2009/10/15,0,0,-497000,-497000
2009/10/16,0,0,-403000,-403000
2009/10/19,0,91000,-220000,-129000
2009/10/20,0,100000,-665000,-565000
2009/10/21,0,424000,-127000,297000
2009/10/22,0,947000,0,947000
2009/10/23,0,270000,-11000,259000
2009/10/26,0,99000,-655000,-556000
2009/10/27,0,200000,-360000,-160000
2009/10/28,0,0,-804000,-804000
2009/10/29,0,190000,-567000,-377000
2009/10/30,0,350000,-909000,-559000
2009/11/02,0,56000,-822000,-766000
2009/11/03,0,251000,-719000,-468000
2009/11/04,0,1000,-78000,-77000
2009/11/05,0,646000,-56000,590000
2009/11/06,0,65000,0,65000
2009/11/09,0,103000,0,103000
2009/11/10,0,1000,-1000000,-999000
2009/11/11,0,0,0,0
2009/11/12,0,0,-745000,-745000
2009/11/13,0,0,-701000,-701000
2009/11/16,0,2000,-1000,1000
2009/11/17,0,30000,-814000,-784000
2009/11/18,0,0,-1052000,-1052000
2009/11/19,0,0,-1217000,-1217000
2009/11/20,0,2000,-1899000,-1897000
2009/11/23,0,250000,-1021000,-771000
2009/11/24,0,0,-160000,-160000
2009/11/25,0,0,-400000,-400000
2009/11/26,0,299000,0,299000
2009/11/27,0,0,-1828000,-1828000
2009/11/30,0,0,-422000,-422000
2009/12/01,0,0,-1243000,-1243000
2009/12/02,0,0,-100000,-100000
2009/12/03,0,0,0,0
2009/12/04,0,0,-200000,-200000
2009/12/07,0,274000,0,274000
2009/12/08,0,74000,0,74000
2009/12/09,0,0,0,0
2009/12/10,0,158000,-1000,157000
2009/12/11,0,16000,0,16000
2009/12/14,0,97000,0,97000
2009/12/15,0,297000,-100000,197000
2009/12/16,0,180000,0,180000
2009/12/17,0,0,0,0
2009/12/18,0,0,0,0
2009/12/21,0,497000,-250000,247000
2009/12/22,0,0,-101000,-101000
2009/12/23,0,0,-1282000,-1282000
2009/12/24,0,0,-250000,-250000
2009/12/25,0,0,-2000,-2000
2009/12/28,0,0,0,0
2009/12/29,0,4000,-501000,-497000
2009/12/30,0,1000,-897000,-896000
2009/12/31,0,180000,0,180000
2010/01/01,0,0,0,0
2010/01/04,0,203000,-25000,178000
2010/01/05,0,0,-244000,-244000
2010/01/06,0,140000,-644000,-504000
2010/01/07,0,0,-1000,-1000
2010/01/08,0,0,-261000,-261000
2010/01/11,0,0,0,0
2010/01/12,0,0,-1000,-1000
2010/01/13,0,682000,-391000,291000
2010/01/14,0,2122000,0,2122000
2010/01/15,0,1776000,-3000,1773000
2010/01/18,0,1588000,0,1588000
2010/01/19,0,115000,-586000,-471000
2010/01/20,0,0,-1000,-1000
2010/01/21,0,0,-1100000,-1100000
2010/01/22,0,0,0,0
2010/01/25,0,80000,-100000,-20000
2010/01/26,0,0,-794000,-794000
2010/01/27,0,110000,-180000,-70000
2010/01/28,0,160000,0,160000
2010/01/29,0,83000,-190000,-107000
2010/02/01,0,1000,-129000,-128000
2010/02/02,0,135000,-14000,121000
2010/02/03,0,190000,-71000,119000
2010/02/04,0,753000,-6000,747000
2010/02/05,0,185000,-90000,95000
2010/02/08,0,70000,-200000,-130000
2010/02/09,0,1020000,-109000,911000
2010/02/10,0,1853000,0,1853000
2010/02/11,0,0,0,0
2010/02/12,0,0,0,0
2010/02/15,0,0,0,0
2010/02/16,0,0,0,0
2010/02/17,0,0,0,0
2010/02/18,0,0,0,0
2010/02/19,0,0,0,0
2010/02/22,0,672000,0,672000
2010/02/23,0,229000,0,229000
2010/02/24,0,262000,0,262000
2010/02/25,0,573000,-113000,460000
2010/02/26,0,387000,-200000,187000
2010/03/01,0,1718000,0,1718000
2010/03/02,0,675000,0,675000
2010/03/03,0,729000,0,729000
2010/03/04,0,695000,0,695000
2010/03/05,0,233000,-51000,182000
2010/03/08,0,100000,-790000,-690000
2010/03/09,0,0,-846000,-846000
2010/03/10,0,0,-1075000,-1075000
2010/03/11,0,0,-1818000,-1818000
2010/03/12,0,0,-2187000,-2187000
2010/03/15,0,0,-1068000,-1068000
2010/03/16,0,282000,0,282000
2010/03/17,0,78000,0,78000
2010/03/18,0,0,0,0
2010/03/19,0,765000,-2000,763000
2010/03/22,0,0,0,0
2010/03/23,0,301000,-1000,300000
2010/03/24,0,250000,-2000,248000
2010/03/25,0,0,-330000,-330000
2010/03/26,0,315000,0,315000
2010/03/29,0,50000,0,50000
2010/03/30,0,482000,-560000,-78000
2010/03/31,0,0,-730000,-730000
2010/04/01,0,0,-1084000,-1084000
2010/04/02,0,80000,-464000,-384000
2010/04/05,0,0,0,0
2010/04/06,0,0,-878000,-878000
2010/04/07,0,100000,-175000,-75000
2010/04/08,0,0,-642000,-642000
2010/04/09,0,0,-55000,-55000
2010/04/12,0,0,-1437000,-1437000
2010/04/13,0,694000,-399000,295000
2010/04/14,0,695000,-180000,515000
2010/04/15,0,1656000,-1000,1655000
2010/04/16,0,668000,-272000,396000
2010/04/19,0,0,-853552,-853552
2010/04/20,0,0,-1354000,-1354000
2010/04/21,0,0,0,0
2010/04/22,0,0,0,0
2010/04/23,0,0,-270000,-270000
2010/04/26,0,0,-10000,-10000
2010/04/27,0,0,-1648000,-1648000
2010/04/28,0,27000,-462000,-435000
2010/04/29,0,29000,0,29000
2010/04/30,0,0,-637000,-637000
2010/05/03,0,0,-1383000,-1383000
2010/05/04,0,0,-1342000,-1342000
2010/05/05,0,0,-539000,-539000
2010/05/06,0,0,-280000,-280000
2010/05/07,0,144000,-70000,74000
2010/05/10,0,410000,-178000,232000
2010/05/11,0,831000,0,831000
2010/05/12,0,850000,-106000,744000
2010/05/13,0,1332000,-482000,850000
2010/05/14,0,1457000,-1000,1456000
2010/05/17,0,150000,-130000,20000
2010/05/18,0,300000,-800000,-500000
2010/05/19,0,535000,0,535000
2010/05/20,0,1000,-638000,-637000
2010/05/21,0,682000,-605000,77000
2010/05/24,0,837000,-1000,836000
2010/05/25,0,209000,-52000,157000
2010/05/26,0,603000,-32000,571000
2010/05/27,0,102000,0,102000
2010/05/28,0,1208000,-1000,1207000
2010/05/31,0,560000,0,560000
2010/06/01,0,500000,0,500000
2010/06/02,0,874000,-54000,820000
2010/06/03,0,766000,-180000,586000
2010/06/04,0,284000,-74000,210000
2010/06/07,0,587000,-385000,202000
2010/06/08,0,952000,-91000,861000
2010/06/09,0,415000,-225000,190000
2010/06/10,0,144000,0,144000
2010/06/11,0,0,0,0
2010/06/14,0,0,-148000,-148000
2010/06/15,0,209000,-300000,-91000
2010/06/16,0,0,0,0
2010/06/17,0,0,-198000,-198000
2010/06/18,0,0,-152000,-152000
2010/06/21,0,0,0,0
2010/06/22,0,40000,-88000,-48000
2010/06/23,0,0,-213000,-213000
2010/06/24,0,23000,-373000,-350000
2010/06/25,0,149000,-774000,-625000
2010/06/28,0,0,-425000,-425000
2010/06/29,0,173000,-1132000,-959000
2010/06/30,0,0,-140000,-140000
2010/07/01,0,165000,-670000,-505000
2010/07/02,0,129000,-175000,-46000
2010/07/05,0,50000,-185000,-135000
2010/07/06,0,18000,-70000,-52000
2010/07/07,0,222000,-1017000,-795000
2010/07/08,0,10000,0,10000
2010/07/09,0,795000,-303000,492000
2010/07/12,0,359000,-1364000,-1005000
2010/07/13,0,70000,-1437000,-1367000
2010/07/14,0,229000,-1273000,-1044000
2010/07/15,0,0,-547000,-547000
2010/07/16,0,300000,-873000,-573000
2010/07/19,0,150000,-8000,142000
2010/07/20,0,252000,0,252000
2010/07/21,0,30000,-151000,-121000
2010/07/22,0,108000,-300000,-192000
2010/07/23,0,330000,-1449000,-1119000
2010/07/26,0,63000,-688000,-625000
2010/07/27,0,589000,-561000,28000
2010/07/28,0,648000,0,648000
2010/07/29,0,30000,-370000,-340000
2010/07/30,0,184000,-186000,-2000
2010/08/02,0,626000,-7000,619000
2010/08/03,0,0,-18000,-18000
2010/08/04,0,130000,-116000,14000
2010/08/05,0,179000,-238000,-59000
2010/08/06,0,0,-1000,-1000
2010/08/09,0,3000,-30000,-27000
2010/08/10,0,58000,-161000,-103000
2010/08/11,0,103000,-398000,-295000
2010/08/12,0,1000,-87000,-86000
2010/08/13,0,0,-164000,-164000
2010/08/16,0,0,-447000,-447000
2010/08/17,0,1000,-120000,-119000
2010/08/18,0,0,-555000,-555000
2010/08/19,0,0,-47000,-47000
2010/08/20,0,376000,-35000,341000
2010/08/23,0,0,-43000,-43000
2010/08/24,0,0,-116000,-116000
2010/08/25,0,15000,-31000,-16000
2010/08/26,0,0,-494000,-494000
2010/08/27,0,204000,0,204000
2010/08/30,0,134000,-104000,30000
2010/08/31,0,46000,-300000,-254000
2010/09/01,0,4000,-44000,-40000
2010/09/02,0,1000,-20000,-19000
2010/09/03,0,0,-91000,-91000
2010/09/06,0,215000,-837000,-622000
2010/09/07,0,2000,0,2000
2010/09/08,0,10000,-78000,-68000
2010/09/09,0,12000,0,12000
2010/09/10,0,0,-50000,-50000
2010/09/13,0,100000,-40000,60000
2010/09/14,0,0,-15000,-15000
2010/09/15,0,5000,-555000,-550000
2010/09/16,0,0,-215000,-215000
2010/09/17,0,306000,-141000,165000
2010/09/20,0,0,-435000,-435000
2010/09/21,0,5000,-1054000,-1049000
2010/09/22,0,0,0,0
2010/09/23,0,0,-464000,-464000
2010/09/24,0,0,-400000,-400000
2010/09/27,0,0,-200000,-200000
2010/09/28,0,0,0,0
2010/09/29,0,0,-56000,-56000
2010/09/30,0,0,-1434000,-1434000
2010/10/01,0,5000,-3507000,-3502000
2010/10/04,0,0,-340000,-340000
2010/10/05,0,125000,0,125000
2010/10/06,0,0,-66000,-66000
2010/10/07,0,0,-225000,-225000
2010/10/08,0,0,-100000,-100000
2010/10/11,0,0,-337000,-337000
2010/10/12,0,90000,-31000,59000
2010/10/13,0,185000,-170000,15000
2010/10/14,0,1000,-946000,-945000
2010/10/15,0,0,-1127000,-1127000
2010/10/18,0,0,-343000,-343000
2010/10/19,0,1000,-390000,-389000
2010/10/20,0,0,-186000,-186000
2010/10/21,0,0,-558000,-558000
2010/10/22,0,0,-82000,-82000
2010/10/25,0,0,0,0
2010/10/26,0,0,-938000,-938000
2010/10/27,0,1000,-643000,-642000
2010/10/28,0,0,-559000,-559000
2010/10/29,0,0,-270000,-270000
2010/11/01,0,0,-378000,-378000
2010/11/02,0,0,-142000,-142000
2010/11/03,0,0,-77000,-77000
2010/11/04,0,0,-796000,-796000
2010/11/05,0,61000,0,61000
2010/11/08,0,1080000,0,1080000
2010/11/09,0,100000,0,100000
2010/11/10,0,350000,0,350000
2010/11/11,0,0,0,0
2010/11/12,0,155000,-2000,153000
2010/11/15,0,200000,-53000,147000
2010/11/16,0,0,-38000,-38000
2010/11/17,0,0,0,0
2010/11/18,0,0,0,0
2010/11/19,0,0,0,0
2010/11/22,0,0,-234000,-234000
2010/11/23,0,0,-150000,-150000
2010/11/24,0,0,-75000,-75000
2010/11/25,0,0,0,0
2010/11/26,0,0,-300000,-300000
2010/11/29,0,0,-72000,-72000
2010/11/30,0,1000,0,1000
2010/12/01,0,0,-33000,-33000
2010/12/02,0,27000,0,27000
2010/12/03,0,0,-301000,-301000
2010/12/06,0,0,-81000,-81000
2010/12/07,0,0,-370000,-370000
2010/12/08,0,0,-1000,-1000
2010/12/09,0,0,-400000,-400000
2010/12/10,0,0,-321000,-321000
2010/12/13,0,186000,-611000,-425000
2010/12/14,0,46000,-150000,-104000
2010/12/15,0,53000,0,53000
2010/12/16,0,0,-6000,-6000
2010/12/17,0,2000,-112000,-110000
2010/12/20,0,0,-1000,-1000
2010/12/21,0,0,-500000,-500000
2010/12/22,0,1000,-532000,-531000
2010/12/23,0,0,-628000,-628000
2010/12/24,0,0,-993000,-993000
2010/12/27,0,0,-541000,-541000
2010/12/28,0,0,-300000,-300000
2010/12/29,0,0,-190000,-190000
2010/12/30,0,0,-150000,-150000
2010/12/31,0,800000,-190000,610000
2011/01/03,0,600000,-30000,570000
2011/01/04,0,0,0,0
2011/01/05,0,75000,0,75000
2011/01/06,0,0,-1837000,-1837000
2011/01/07,0,0,-2200000,-2200000
2011/01/10,0,0,-50000,-50000
2011/01/11,0,0,-117000,-117000
2011/01/12,0,310000,-150000,160000
2011/01/13,0,20000,-288000,-268000
2011/01/14,0,0,-1901000,-1901000
2011/01/17,0,0,-1750000,-1750000
2011/01/18,0,61000,-251000,-190000
2011/01/19,0,0,-151000,-151000
2011/01/20,0,0,0,0
2011/01/21,0,0,-4000,-4000
2011/01/24,0,125000,0,125000
2011/01/25,0,0,0,0
2011/01/26,0,0,-1000,-1000
2011/01/27,0,0,-1125000,-1125000
2011/01/28,0,0,-339000,-339000
2011/01/31,0,0,0,0
2011/02/01,0,0,0,0
2011/02/02,0,0,0,0
2011/02/03,0,0,0,0
2011/02/04,0,0,0,0
2011/02/07,0,0,0,0
2011/02/08,0,0,0,0
2011/02/09,0,0,0,0
2011/02/10,0,0,-71000,-71000
2011/02/11,0,46000,-90000,-44000
2011/02/14,0,20000,-75000,-55000
2011/02/15,0,0,-496000,-496000
2011/02/16,0,100000,-225000,-125000
2011/02/17,0,552000,0,552000
2011/02/18,0,387000,-65000,322000
2011/02/21,0,215000,-268000,-53000
2011/02/22,0,50000,0,50000
2011/02/23,0,55000,0,55000
2011/02/24,0,578000,0,578000
2011/02/25,0,3052000,-2000,3050000
2011/02/28,0,0,0,0
2011/03/01,0,1570000,0,1570000
2011/03/02,0,1240000,-40000,1200000
2011/03/03,0,980000,-40000,940000
2011/03/04,0,292000,0,292000
2011/03/07,0,100000,0,100000
2011/03/08,0,315000,0,315000
2011/03/09,0,2531000,0,2531000
2011/03/10,0,1380000,0,1380000
2011/03/11,0,2112000,0,2112000
2011/03/14,0,330000,0,330000
2011/03/15,0,414000,0,414000
2011/03/16,0,910000,0,910000
2011/03/17,0,2654000,0,2654000
2011/03/18,0,605000,-310000,295000
2011/03/21,0,605000,0,605000
2011/03/22,0,1118000,0,1118000
2011/03/23,0,325000,0,325000
2011/03/24,0,200000,0,200000
2011/03/25,0,250000,-677000,-427000
2011/03/28,0,645000,0,645000
2011/03/29,0,10000,0,10000
2011/03/30,0,415000,-80000,335000
2011/03/31,0,340000,-17000,323000
2011/04/01,0,455000,-82000,373000
2011/04/04,0,0,0,0
2011/04/05,0,0,0,0
2011/04/06,0,280000,0,280000
2011/04/07,0,560000,0,560000
2011/04/08,0,1019000,0,1019000
2011/04/11,0,492000,0,492000
2011/04/12,0,533000,-224000,309000
2011/04/13,0,691000,0,691000
2011/04/14,0,70000,0,70000
2011/04/15,0,0,-217000,-217000
2011/04/18,0,705000,0,705000
2011/04/19,0,207000,-222000,-15000
2011/04/20,0,567000,-20000,547000
2011/04/21,0,1459000,0,1459000
2011/04/22,0,484000,-12000,472000
2011/04/25,0,988000,0,988000
2011/04/26,0,160000,-1000,159000
2011/04/27,0,572000,0,572000
2011/04/28,0,680000,-143000,537000
2011/04/29,0,180000,-702000,-522000
2011/05/02,0,0,0,0
2011/05/03,0,531000,-621000,-90000
2011/05/04,0,155000,-88000,67000
2011/05/05,0,106000,-231000,-125000
2011/05/06,0,163000,-593000,-430000
2011/05/09,0,513000,-7000,506000
2011/05/10,0,0,-200000,-200000
2011/05/11,0,67000,-867000,-800000
2011/05/12,0,250000,-404000,-154000
2011/05/13,0,9000,-850000,-841000
2011/05/16,0,25000,-804000,-779000
2011/05/17,0,40000,-960000,-920000
2011/05/18,0,25000,-620000,-595000
2011/05/19,0,19000,-1363000,-1344000
2011/05/20,0,33000,-2430000,-2397000
2011/05/23,0,0,-3371000,-3371000
2011/05/24,0,0,-1150000,-1150000
2011/05/25,0,0,-502000,-502000
2011/05/26,0,0,0,0
2011/05/27,0,400000,-321000,79000
2011/05/30,0,470000,-836000,-366000
2011/05/31,0,651000,-8000,643000
2011/06/01,0,38000,-100000,-62000
2011/06/02,0,70000,-1334000,-1264000
2011/06/03,0,0,-1255000,-1255000
2011/06/06,0,0,0,0
2011/06/07,0,0,-1345000,-1345000
2011/06/08,0,196000,-270000,-74000
2011/06/09,0,15000,-147000,-132000
2011/06/10,0,150000,-330000,-180000
2011/06/13,0,308000,0,308000
2011/06/14,0,50000,-15000,35000
2011/06/15,0,0,-142000,-142000
2011/06/16,0,0,-655000,-655000
2011/06/17,0,0,-4000,-4000
2011/06/20,0,0,-1000,-1000
2011/06/21,0,66000,-42000,24000
2011/06/22,0,0,0,0
2011/06/23,0,140000,0,140000
2011/06/24,0,200000,0,200000
2011/06/27,0,30000,0,30000
2011/06/28,0,5000,-25000,-20000
2011/06/29,0,43000,-45000,-2000
2011/06/30,0,21000,-87000,-66000
2011/07/01,0,0,-1607000,-1607000
2011/07/04,0,90000,-567000,-477000
2011/07/05,0,0,-1692000,-1692000
2011/07/06,0,12000,-717000,-705000
2011/07/07,0,0,-980000,-980000
2011/07/08,0,0,-475000,-475000
2011/07/11,0,0,-190000,-190000
2011/07/12,0,310000,0,310000
2011/07/13,0,0,-200000,-200000
2011/07/14,0,330000,-113000,217000
2011/07/15,0,60000,0,60000
2011/07/18,0,740000,0,740000
2011/07/19,0,923000,0,923000
2011/07/20,0,612000,0,612000
2011/07/21,0,591000,0,591000
2011/07/22,0,449000,-260000,189000
2011/07/25,0,0,-1000,-1000
2011/07/26,0,963000,-411000,552000
2011/07/27,0,27000,-15000,12000
2011/07/28,0,0,-462000,-462000
2011/07/29,0,0,-195000,-195000
2011/08/01,0,0,-197000,-197000
2011/08/02,0,272000,0,272000
2011/08/03,0,130000,-1223000,-1093000
2011/08/04,0,26000,-586000,-560000
2011/08/05,0,4000,-25000,-21000
2011/08/08,0,104000,-920000,-816000
2011/08/09,0,1000,-235000,-234000
2011/08/10,0,0,-850000,-850000
2011/08/11,0,109000,-378000,-269000
2011/08/12,0,16000,-1191000,-1175000
2011/08/15,0,534000,-595000,-61000
2011/08/16,0,547000,-240000,307000
2011/08/17,0,100000,-210000,-110000
2011/08/18,0,258000,-98000,160000
2011/08/19,0,0,-339000,-339000
2011/08/22,0,7000,0,7000
2011/08/23,0,1000,-120000,-119000
2011/08/24,0,20000,-120000,-100000
2011/08/25,0,20000,-226000,-206000
2011/08/26,0,6000,-990000,-984000
2011/08/29,0,0,-280000,-280000
2011/08/30,0,46000,-440000,-394000
2011/08/31,0,220500,-161000,59500
2011/09/01,0,0,-300000,-300000
2011/09/02,0,572000,-30000,542000
2011/09/05,0,60000,-181000,-121000
2011/09/06,0,208000,-50000,158000
2011/09/07,0,1666000,-140000,1526000
2011/09/08,0,180000,-95000,85000
2011/09/09,0,3357000,-30000,3327000
2011/09/12,0,0,0,0
2011/09/13,0,831000,-791,830209
2011/09/14,0,186000,-1000,185000
2011/09/15,0,703000,-4000,699000
2011/09/16,0,1404000,0,1404000
2011/09/19,0,27000,0,27000
2011/09/20,0,121000,0,121000
2011/09/21,0,1879,0,1879
2011/09/22,0,177000,0,177000
2011/09/23,0,80000,0,80000
2011/09/26,0,320000,-205000,115000
2011/09/27,0,1480000,-450000,1030000
2011/09/28,0,190000,0,190000
2011/09/29,0,228000,0,228000
2011/09/30,0,15500,-448000,-432500
2011/10/03,0,135000,0,135000
2011/10/04,0,141000,-1254000,-1113000
2011/10/05,0,1228000,-380000,848000
2011/10/06,0,1795000,0,1795000
2011/10/07,0,4066000,-300000,3766000
2011/10/10,0,0,0,0
2011/10/11,0,1613000,0,1613000
2011/10/12,0,873000,0,873000
2011/10/13,0,471000,-45000,426000
2011/10/14,0,5000,-210000,-205000
2011/10/17,0,1420000,-932,1419068
2011/10/18,0,250000,-153283,96717
2011/10/19,0,1325000,-16000,1309000
2011/10/20,0,332000,0,332000
2011/10/21,0,110000,0,110000
2011/10/24,0,811000,-61000,750000
2011/10/25,0,1327000,-63000,1264000
2011/10/26,0,1278000,-641202,636798
2011/10/27,0,3899000,-310000,3589000
2011/10/28,0,6328000,-340000,5988000
2011/10/31,0,480000,-128000,352000
2011/11/01,0,160000,-536000,-376000
2011/11/02,0,20000,-481000,-461000
2011/11/03,0,35000,0,35000
2011/11/04,0,0,-937000,-937000
2011/11/07,0,25000,-2307745,-2282745
2011/11/08,0,21000,-789445,-768445
2011/11/09,0,72000,-1013039,-941039
2011/11/10,0,79000,-779000,-700000
2011/11/11,0,318000,-309000,9000
2011/11/14,0,121000,-1029,119971
2011/11/15,0,0,-378000,-378000
2011/11/16,0,398000,-560000,-162000
2011/11/17,0,400000,-183000,217000
2011/11/18,0,171000,-169000,2000
2011/11/21,0,291000,-242000,49000
2011/11/22,0,271000,-790000,-519000
2011/11/23,0,2000,-316000,-314000
2011/11/24,0,226000,-347000,-121000
2011/11/25,0,222000,-1413000,-1191000
2011/11/28,0,166000,-483000,-317000
2011/11/29,0,649000,0,649000
2011/11/30,0,483000,-1000,482000
2011/12/01,0,249000,-1000,248000
2011/12/02,0,1275000,-164000,1111000
2011/12/05,0,1000,0,1000
2011/12/06,0,388000,-434000,-46000
2011/12/07,0,788000,-84000,704000
2011/12/08,0,171000,-68000,103000
2011/12/09,0,0,-613,-613
2011/12/12,0,0,0,0
2011/12/13,0,100000,-2743500,-2643500
2011/12/14,0,1000,-5169330,-5168330
2011/12/15,0,1000000,-1573032,-573032
2011/12/16,0,5500,-242000,-236500
2011/12/19,0,351000,0,351000
2011/12/20,0,416000,-23000,393000
2011/12/21,0,558000,0,558000
2011/12/22,0,585000,-70000,515000
2011/12/23,0,173000,-170771,2229
2011/12/26,0,92000,-41000,51000
2011/12/27,0,151000,0,151000
2011/12/28,0,0,-1000,-1000
2011/12/29,0,34000,0,34000
2011/12/30,0,100000,-1000,99000
2012/01/02,0,2000,0,2000
2012/01/03,0,77000,-3000,74000
2012/01/04,0,0,0,0
2012/01/05,0,540979,-20000,520979
2012/01/06,0,249000,0,249000
2012/01/09,0,0,-601000,-601000
2012/01/10,0,3069836,-301000,2768836
2012/01/11,0,697000,-31000,666000
2012/01/12,0,16000,-1000,15000
2012/01/13,0,14000,-1063000,-1049000
2012/01/16,0,400000,-1000,399000
2012/01/17,0,281000,0,281000
2012/01/18,0,1439000,-209,1438791
2012/01/19,0,0,0,0
2012/01/20,0,0,0,0
2012/01/23,0,0,0,0
2012/01/24,0,0,0,0
2012/01/25,0,0,0,0
2012/01/26,0,0,0,0
2012/01/27,0,0,0,0
2012/01/30,0,798000,-5000,793000
2012/01/31,0,1180000,-170000,1010000
2012/02/01,0,1812000,-53000,1759000
2012/02/02,0,500000,-1000,499000
2012/02/03,0,0,-204000,-204000
2012/02/06,0,0,-853000,-853000
2012/02/07,0,0,-2011000,-2011000
2012/02/08,0,200000,-11000,189000
2012/02/09,0,4851,-302000,-297149
2012/02/10,0,128000,-30000,98000
2012/02/13,0,0,0,0
2012/02/14,0,0,-849855,-849855
2012/02/15,0,0,-840000,-840000
2012/02/16,0,0,-100000,-100000
2012/02/17,0,37000,-20000,17000
2012/02/20,0,250000,0,250000
2012/02/21,0,0,0,0
2012/02/22,0,0,0,0
2012/02/23,0,849000,-1000,848000
2012/02/24,0,479000,-1000,478000
2012/02/27,0,0,0,0
2012/02/28,0,0,0,0
2012/02/29,0,81000,-1000,80000
2012/03/01,0,150000,-1000,149000
2012/03/02,0,0,-1000,-1000
2012/03/05,0,0,-2156000,-2156000
2012/03/06,0,0,-4621236,-4621236
2012/03/07,0,0,-300000,-300000
2012/03/08,0,187000,-3317572,-3130572
2012/03/09,0,0,-405000,-405000
2012/03/12,0,235000,-1639000,-1404000
2012/03/13,0,30000,-3000,27000
2012/03/14,0,0,-20000,-20000
2012/03/15,0,100000,-20000,80000
2012/03/16,0,116000,-1006000,-890000
2012/03/19,0,20000,-82250,-62250
2012/03/20,0,116000,-655000,-539000
2012/03/21,0,10000,-1016000,-1006000
2012/03/22,0,0,-722000,-722000
2012/03/23,0,1313000,-219000,1094000
2012/03/26,0,195000,0,195000
2012/03/27,0,35000,-159469,-124469
2012/03/28,0,0,-600000,-600000
2012/03/29,0,0,-631000,-631000
2012/03/30,0,0,-1000,-1000
2012/04/02,0,120000,0,120000
2012/04/03,0,0,-800000,-800000
2012/04/04,0,0,0,0
2012/04/05,0,0,-1671210,-1671210
2012/04/06,0,10000,0,10000
2012/04/09,0,0,-440000,-440000
2012/04/10,0,0,-387000,-387000
2012/04/11,0,0,-260000,-260000
2012/04/12,0,0,-30000,-30000
2012/04/13,0,0,0,0
2012/04/16,0,20000,0,20000
2012/04/17,0,0,0,0
2012/04/18,0,150000,0,150000
2012/04/19,0,0,0,0
2012/04/20,0,0,0,0
2012/04/23,0,0,0,0
2012/04/24,0,1000,0,1000
2012/04/25,0,100000,-67000,33000
2012/04/26,0,0,-296000,-296000
2012/04/27,0,0,-1554000,-1554000
2012/04/30,0,50000,-748000,-698000
2012/05/01,0,0,0,0
2012/05/02,0,2000,-1751000,-1749000
2012/05/03,0,5953,-677000,-671047
2012/05/04,0,0,-181927,-181927
2012/05/07,0,0,-237360,-237360
2012/05/08,0,0,-130000,-130000
2012/05/09,0,0,-190000,-190000
2012/05/10,0,0,0,0
2012/05/11,0,0,-529637,-529637
2012/05/14,0,0,-90000,-90000
2012/05/15,0,2000,0,2000
2012/05/16,0,0,-266000,-266000
2012/05/17,0,125000,0,125000
2012/05/18,0,0,-32000,-32000
2012/05/21,0,0,-268000,-268000
2012/05/22,0,0,-438000,-438000
2012/05/23,0,0,-214000,-214000
2012/05/24,0,835000,-75000,760000
2012/05/25,0,325000,-612000,-287000
2012/05/28,0,0,-425000,-425000
2012/05/29,0,0,0,0
2012/05/30,0,120000,-135832,-15832
2012/05/31,0,0,-427641,-427641
2012/06/01,0,0,0,0
2012/06/04,0,1000,-813000,-812000
2012/06/05,0,1000,-396000,-395000
2012/06/06,0,0,0,0
2012/06/07,0,0,-133000,-133000
2012/06/08,0,133000,-200000,-67000
2012/06/11,0,0,-200000,-200000
2012/06/12,0,4000,0,4000
2012/06/13,0,62000,-4000,58000
2012/06/14,0,150000,-680000,-530000
2012/06/15,0,120000,0,120000
2012/06/18,0,5000,-200,4800
2012/06/19,0,0,0,0
2012/06/20,0,442000,0,442000
2012/06/21,0,0,-300981,-300981
2012/06/22,0,0,-791000,-791000
2012/06/25,0,0,-190000,-190000
2012/06/26,0,2021,0,2021
2012/06/27,0,0,0,0
2012/06/28,0,0,-1000,-1000
2012/06/29,0,300000,0,300000
2012/07/02,0,0,0,0
2012/07/03,0,0,0,0
2012/07/04,0,0,0,0
2012/07/05,0,462000,-1000,461000
2012/07/06,0,575000,-2000,573000
2012/07/09,0,380000,0,380000
2012/07/10,0,498000,0,498000
2012/07/11,0,680000,0,680000
2012/07/12,0,1031000,0,1031000
2012/07/13,0,975000,0,975000
2012/07/16,0,450000,0,450000
2012/07/17,0,13000,0,13000
2012/07/18,0,0,0,0
2012/07/19,0,555000,0,555000
2012/07/20,0,306000,0,306000
2012/07/23,0,264000,0,264000
2012/07/24,0,668000,-312000,356000
2012/07/25,0,804000,0,804000
2012/07/26,0,2460000,0,2460000
2012/07/27,0,2040000,0,2040000
2012/07/30,0,140000,0,140000
2012/07/31,0,342000,0,342000
2012/08/01,0,816000,-25000,791000
2012/08/02,0,0,0,0
2012/08/03,0,151000,0,151000
2012/08/06,0,1084000,0,1084000
2012/08/07,0,1654000,0,1654000
2012/08/08,0,267000,-27000,240000
2012/08/09,0,583000,-440000,143000
2012/08/10,0,0,-413000,-413000
2012/08/13,0,692000,-610000,82000
2012/08/14,0,200000,-342000,-142000
2012/08/15,0,550000,-1000,549000
2012/08/16,0,0,0,0
2012/08/17,0,30000,-3074,26926
2012/08/20,0,0,-568000,-568000
2012/08/21,0,351000,0,351000
2012/08/22,0,228000,-280000,-52000
2012/08/23,0,213000,-1000,212000
2012/08/24,0,21000,0,21000
2012/08/27,0,602000,-538000,64000
2012/08/28,0,886000,-1522000,-636000
2012/08/29,0,360000,0,360000
2012/08/30,0,418000,0,418000
2012/08/31,0,482000,-1000,481000
2012/09/03,0,1039000,0,1039000
2012/09/04,0,313000,-763000,-450000
2012/09/05,0,30000,-200000,-170000
2012/09/06,0,1000,0,1000
2012/09/07,0,60500,-99858,-39358
2012/09/10,0,1164000,0,1164000
2012/09/11,0,816000,0,816000
2012/09/12,0,1216000,0,1216000
2012/09/13,0,669000,0,669000
2012/09/14,0,583000,-388000,195000
2012/09/17,0,54000,0,54000
2012/09/18,0,93000,0,93000
2012/09/19,0,547000,-201000,346000
2012/09/20,0,346000,-146000,200000
2012/09/21,0,160000,-211000,-51000
2012/09/24,0,61000,-192000,-131000
2012/09/25,0,218000,0,218000
2012/09/26,0,60000,-1047000,-987000
2012/09/27,0,162000,-64000,98000
2012/09/28,0,146000,-80000,66000
2012/10/01,0,857000,-200000,657000
2012/10/02,0,865000,0,865000
2012/10/03,0,100000,0,100000
2012/10/04,0,749000,-30000,719000
2012/10/05,0,2262000,-350000,1912000
2012/10/08,0,540000,0,540000
2012/10/09,0,915000,-330000,585000
2012/10/10,0,0,0,0
2012/10/11,0,326000,-29000,297000
2012/10/12,0,409000,-186000,223000
2012/10/15,0,255000,0,255000
2012/10/16,0,1100000,-15000,1085000
2012/10/17,0,1335000,-15000,1320000
2012/10/18,0,1066000,-310551,755449
2012/10/19,0,100000,-100000,0
2012/10/22,0,359000,-74000,285000
2012/10/23,0,163000,-208000,-45000
2012/10/24,0,146000,-218000,-72000
2012/10/25,0,50000,-258000,-208000
2012/10/26,0,0,-429000,-429000
2012/10/29,0,253710,-200000,53710
2012/10/30,0,594000,0,594000
2012/10/31,0,299000,-84000,215000
2012/11/01,0,100000,-211000,-111000
2012/11/02,0,432000,0,432000
2012/11/05,0,636000,-183000,453000
2012/11/06,0,225000,-145000,80000
2012/11/07,0,1197000,0,1197000
2012/11/08,0,602000,0,602000
2012/11/09,0,125000,0,125000
2012/11/12,0,350000,-20000,330000
2012/11/13,0,107000,-2000,105000
2012/11/14,0,0,0,0
2012/11/15,0,395000,0,395000
2012/11/16,0,302000,-75000,227000
2012/11/19,0,78000,-506000,-428000
2012/11/20,0,40000,-281000,-241000
2012/11/21,0,167000,-625000,-458000
2012/11/22,0,44000,-501000,-457000
2012/11/23,0,272000,-1348387,-1076387
2012/11/26,0,271000,0,271000
2012/11/27,0,260000,-517000,-257000
2012/11/28,0,38000,-1019000,-981000
2012/11/29,0,0,-561000,-561000
2012/11/30,0,200000,-57400,142600
2012/12/03,0,76000,-937000,-861000
2012/12/04,0,0,-170000,-170000
2012/12/05,0,602000,-501000,101000
2012/12/06,0,461000,0,461000
2012/12/07,0,142000,0,142000
2012/12/10,0,34000,-4000,30000
2012/12/11,0,0,0,0
2012/12/12,0,115000,-15000,100000
2012/12/13,0,194000,0,194000
2012/12/14,0,26000,0,26000
2012/12/17,0,753000,-215000,538000
2012/12/18,0,696000,0,696000
2012/12/19,0,40000,-125000,-85000
2012/12/20,0,1000,-330000,-329000
2012/12/21,0,82000,-1458000,-1376000
2012/12/24,0,0,-201000,-201000
2012/12/25,0,0,-158000,-158000
2012/12/26,0,567000,0,567000
2012/12/27,0,781000,-25000,756000
2012/12/28,0,236000,0,236000
2012/12/31,0,0,0,0
2013/01/01,0,0,0,0
2013/01/02,0,664000,0,664000
2013/01/03,0,344000,-1000,343000
2013/01/04,0,0,-344000,-344000
2013/01/07,0,0,-18000,-18000
2013/01/08,0,35000,-3000,32000
2013/01/09,0,148000,-137000,11000
2013/01/10,0,150000,0,150000
2013/01/11,0,69000,-73000,-4000
2013/01/14,0,0,-20000,-20000
2013/01/15,0,152000,-361000,-209000
2013/01/16,0,0,-188000,-188000
2013/01/17,0,376,-498000,-497624
2013/01/18,0,122000,-476675,-354675
2013/01/21,0,190000,-8000,182000
2013/01/22,0,30000,0,30000
2013/01/23,0,0,-81000,-81000
2013/01/24,0,19000,-251000,-232000
2013/01/25,0,0,-357000,-357000
2013/01/28,0,0,-125000,-125000
2013/01/29,0,157000,-951000,-794000
2013/01/30,0,151000,-15000,136000
2013/01/31,0,96000,-912000,-816000
2013/02/01,0,73000,-820000,-747000
2013/02/04,0,239000,-41000,198000
2013/02/05,0,115000,-24000,91000
2013/02/06,0,330000,-90000,240000
2013/02/07,0,0,0,0
2013/02/08,0,0,0,0
2013/02/11,0,0,0,0
2013/02/12,0,0,0,0
2013/02/13,0,0,0,0
2013/02/14,0,0,0,0
2013/02/15,0,0,0,0
2013/02/18,0,0,-6000,-6000
2013/02/19,0,0,-413000,-413000
2013/02/20,0,0,-170000,-170000
2013/02/21,0,0,-182000,-182000
2013/02/22,0,236000,-33000,203000
2013/02/25,0,708000,-110000,598000
2013/02/26,0,450000,-140000,310000
2013/02/27,0,200000,-1625000,-1425000
2013/02/28,0,0,0,0
2013/03/01,0,400000,-466000,-66000
2013/03/04,0,0,-244000,-244000
2013/03/05,0,0,-85827,-85827
2013/03/06,0,375000,0,375000
2013/03/07,0,21000,0,21000
2013/03/08,0,185000,0,185000
2013/03/11,0,37000,-101677,-64677
2013/03/12,0,0,-368000,-368000
2013/03/13,0,5000,-1008000,-1003000
2013/03/14,0,15000,-5000,10000
2013/03/15,0,16000,-14000,2000
2013/03/18,0,0,-853000,-853000
2013/03/19,0,0,-2441000,-2441000
2013/03/20,0,108000,-1199000,-1091000
2013/03/21,0,57000,-406000,-349000
2013/03/22,0,0,-444000,-444000
2013/03/25,0,0,-890000,-890000
2013/03/26,0,70000,-176000,-106000
2013/03/27,0,140000,-74000,66000
2013/03/28,0,0,-57000,-57000
2013/03/29,0,0,-225000,-225000
2013/04/01,0,0,0,0
2013/04/02,0,29000,-125000,-96000
2013/04/03,0,0,-1282000,-1282000
2013/04/04,0,0,0,0
2013/04/05,0,0,0,0
2013/04/08,0,0,-1625582,-1625582
2013/04/09,0,0,-457000,-457000
2013/04/10,0,304000,0,304000
2013/04/11,0,108000,-162000,-54000
2013/04/12,0,117000,-60000,57000
2013/04/15,0,1520000,-130000,1390000
2013/04/16,0,125000,-43000,82000
2013/04/17,0,491000,-87000,404000
2013/04/18,0,15000,0,15000
2013/04/19,0,382585,0,382585
2013/04/22,0,217000,0,217000
2013/04/23,0,0,-2000,-2000
2013/04/24,0,16000,0,16000
2013/04/25,0,0,-18000,-18000
2013/04/26,0,0,-1000,-1000
2013/04/29,0,1000,0,1000
2013/04/30,0,0,-125000,-125000
2013/05/01,0,0,0,0
2013/05/02,0,0,-26000,-26000
2013/05/03,0,177000,-952000,-775000
2013/05/06,0,0,-101000,-101000
2013/05/07,0,0,-380000,-380000
2013/05/08,0,0,-692000,-692000
2013/05/09,0,2000,-648000,-646000
2013/05/10,0,0,-221000,-221000
2013/05/13,0,0,-298000,-298000
2013/05/14,0,29000,0,29000
2013/05/15,0,0,-202000,-202000
2013/05/16,0,283000,-753000,-470000
2013/05/17,0,370000,-1001000,-631000
2013/05/20,0,0,-864291,-864291
2013/05/21,0,245000,0,245000
2013/05/22,0,376000,-4000,372000
2013/05/23,0,0,-220000,-220000
2013/05/24,0,0,-815000,-815000
2013/05/27,0,38000,-1000,37000
2013/05/28,0,0,0,0
2013/05/29,0,0,0,0
2013/05/30,0,6000,-246000,-240000
2013/05/31,0,0,0,0
2013/06/03,0,0,-563000,-563000
2013/06/04,0,0,-761000,-761000
2013/06/05,0,30000,-664000,-634000
2013/06/06,0,0,-159000,-159000
2013/06/07,0,411000,0,411000
2013/06/10,0,20000,0,20000
2013/06/11,0,19000,-196000,-177000
2013/06/12,0,0,0,0
2013/06/13,0,36000,0,36000
2013/06/14,0,0,0,0
2013/06/17,0,41000,-100000,-59000
2013/06/18,0,270000,-11000,259000
2013/06/19,0,10000,-469000,-459000
2013/06/20,0,54000,-350000,-296000
2013/06/21,0,55000,-982000,-927000
2013/06/24,0,30000,-482000,-452000
2013/06/25,0,0,-455000,-455000
2013/06/26,0,95000,-301000,-206000
2013/06/27,0,16000,0,16000
2013/06/28,0,0,-362000,-362000
2013/07/01,0,0,-121000,-121000
2013/07/02,0,0,-902000,-902000
2013/07/03,0,0,-814000,-814000
2013/07/04,0,1000,0,1000
2013/07/05,0,200000,-16000,184000
2013/07/08,0,30000,-90000,-60000
2013/07/09,0,22000,-430000,-408000
2013/07/10,0,0,0,0
2013/07/11,0,605000,-404247,200753
2013/07/12,0,282000,-1000,281000
2013/07/15,0,226000,-10000,216000
2013/07/16,0,72000,0,72000
2013/07/17,0,49000,0,49000
2013/07/18,0,816000,0,816000
2013/07/19,0,730000,0,730000
2013/07/22,0,702000,-62859,639141
2013/07/23,0,151000,-300000,-149000
2013/07/24,0,0,-646000,-646000
2013/07/25,0,191000,-745000,-554000
2013/07/26,0,0,-459000,-459000
2013/07/29,0,0,0,0
2013/07/30,0,10000,0,10000
2013/07/31,0,346000,0,346000
2013/08/01,0,137000,0,137000
2013/08/02,0,900000,-46000,854000
2013/08/05,0,550000,0,550000
2013/08/06,0,2040000,0,2040000
2013/08/07,0,1500000,0,1500000
2013/08/08,0,763000,-178000,585000
2013/08/09,0,499000,-384000,115000
2013/08/12,0,500000,-33000,467000
2013/08/13,0,287000,-1648000,-1361000
2013/08/14,0,1000,-80000,-79000
2013/08/15,0,693000,-227000,466000
2013/08/16,0,689000,-14000,675000
2013/08/19,0,101000,-100000,1000
2013/08/20,0,458000,-83000,375000
2013/08/21,0,0,0,0
2013/08/22,0,330000,0,330000
2013/08/23,0,685000,-80000,605000
2013/08/26,0,136000,-118000,18000
2013/08/27,0,100000,-100000,0
2013/08/28,0,196000,-100000,96000
2013/08/29,0,200000,-100000,100000
2013/08/30,0,219000,-1000,218000
2013/09/02,0,1051000,-600000,451000
2013/09/03,0,189794,-76000,113794
2013/09/04,0,1355000,0,1355000
2013/09/05,0,1020000,-1000,1019000
2013/09/06,0,795000,0,795000
2013/09/09,0,447000,-1000,446000
2013/09/10,0,1605000,-240000,1365000
2013/09/11,0,207000,0,207000
2013/09/12,0,340000,0,340000
2013/09/13,0,95000,-299000,-204000
2013/09/16,0,260000,0,260000
2013/09/17,0,130000,-950000,-820000
2013/09/18,0,71000,-15000,56000
2013/09/19,0,0,0,0
2013/09/20,0,0,0,0
2013/09/23,0,0,0,0
2013/09/24,0,130000,-270000,-140000
2013/09/25,0,265000,-965000,-700000
2013/09/26,0,130000,-1934000,-1804000
2013/09/27,0,150000,-1294000,-1144000
2013/09/30,0,70000,-2232000,-2162000
2013/10/01,0,100000,-624000,-524000
2013/10/02,0,10000,-589000,-579000
2013/10/03,0,11000,-925000,-914000
2013/10/04,0,0,-1883000,-1883000
2013/10/07,0,40000,-789000,-749000
2013/10/08,0,0,-672000,-672000
2013/10/09,0,140000,-666000,-526000
2013/10/10,0,0,0,0
2013/10/11,0,220000,-250000,-30000
2013/10/14,0,154000,-554000,-400000
2013/10/15,0,75000,-307000,-232000
2013/10/16,0,0,-250000,-250000
2013/10/17,0,1000,-30000,-29000
2013/10/18,0,0,-14500,-14500
2013/10/21,0,0,-18000,-18000
2013/10/22,0,66000,-6000,60000
2013/10/23,0,40000,-200000,-160000
2013/10/24,0,0,-159000,-159000
2013/10/25,0,0,-190000,-190000
2013/10/28,0,0,0,0
2013/10/29,0,43000,-165000,-122000
2013/10/30,0,72000,-14000,58000
2013/10/31,0,0,-1000,-1000
2013/11/01,0,0,-150000,-150000
2013/11/04,0,68000,-16000,52000
2013/11/05,0,59000,0,59000
2013/11/06,0,0,-10000,-10000
2013/11/07,0,30000,0,30000
2013/11/08,0,0,0,0
2013/11/11,0,0,0,0
2013/11/12,0,0,0,0
2013/11/13,0,0,-1000,-1000
2013/11/14,0,47000,0,47000
2013/11/15,0,10000,-1000,9000
2013/11/18,0,0,-414542,-414542
2013/11/19,0,0,-216000,-216000
2013/11/20,0,368000,-25000,343000
2013/11/21,0,0,-39000,-39000
2013/11/22,0,139000,-77000,62000
2013/11/25,0,10000,-205444,-195444
2013/11/26,0,20000,-185000,-165000
2013/11/27,0,142000,0,142000
2013/11/28,0,170000,-30000,140000
2013/11/29,0,0,-454000,-454000
2013/12/02,0,0,-665000,-665000
2013/12/03,0,0,-150000,-150000
2013/12/04,0,0,-140000,-140000
2013/12/05,0,0,-292000,-292000
2013/12/06,0,0,-275000,-275000
2013/12/09,0,0,-130000,-130000
2013/12/10,0,0,0,0
2013/12/11,0,0,-25000,-25000
2013/12/12,0,0,-163000,-163000
2013/12/13,0,0,0,0
2013/12/16,0,29000,-105000,-76000
2013/12/17,0,2000,-501000,-499000
2013/12/18,0,0,-11000,-11000
2013/12/19,0,0,-471000,-471000
2013/12/20,0,0,-15000,-15000
2013/12/23,0,0,-346000,-346000
2013/12/24,0,0,-871000,-871000
2013/12/25,0,0,-449000,-449000
2013/12/26,0,0,-17000,-17000
2013/12/27,0,2000,-17000,-15000
2013/12/30,0,9000,-195000,-186000
2013/12/31,0,0,-607000,-607000
2014/01/02,0,9000,-313000,-304000
2014/01/03,0,0,-479036,-479036
2014/01/06,0,0,-477774,-477774
2014/01/07,0,0,-662944,-662944
2014/01/08,0,0,-402550,-402550
2014/01/09,0,0,-265628,-265628
2014/01/10,0,2000,-171743,-169743
2014/01/13,0,0,-542000,-542000
2014/01/14,0,0,-461260,-461260
2014/01/15,0,2000,-319000,-317000
2014/01/16,0,0,-615000,-615000
2014/01/17,0,0,-316178,-316178
2014/01/20,0,0,-452067,-452067
2014/01/21,0,44000,-150359,-106359
2014/01/22,0,30000,-240000,-210000
2014/01/23,0,0,-81507,-81507
2014/01/24,0,0,-40310,-40310
2014/01/27,0,0,-134000,-134000
2014/02/05,0,0,-200000,-200000
2014/02/06,0,0,0,0
2014/02/07,0,0,-411583,-411583
2014/02/10,0,0,-109690,-109690
2014/02/11,0,100000,-892000,-792000
2014/02/12,0,100000,0,100000
2014/02/13,0,7859,-174000,-166141
2014/02/14,0,0,0,0
2014/02/17,0,100000,-244176,-144176
2014/02/18,0,0,-197716,-197716
2014/02/19,0,43000,-75000,-32000
2014/02/20,0,40000,-112000,-72000
2014/02/21,0,4000,-129448,-125448
2014/02/24,0,0,-121015,-121015
2014/02/25,0,0,0,0
2014/02/26,0,0,-839771,-839771
2014/02/27,0,0,-687824,-687824
2014/03/03,0,0,-81000,-81000
2014/03/04,0,0,-147218,-147218
2014/03/05,0,0,-1684643,-1684643
2014/03/06,0,15000,-1000,14000
2014/03/07,0,49000,-1000,48000
2014/03/10,0,0,-20426,-20426
2014/03/11,0,0,-351564,-351564
2014/03/12,0,0,-598000,-598000
2014/03/13,0,124000,-100000,24000
2014/03/14,0,42000,-88000,-46000
2014/03/17,0,0,0,0
2014/03/18,0,0,-502075,-502075
2014/03/19,0,0,-31000,-31000
2014/03/20,0,0,0,0
2014/03/21,0,0,-37000,-37000
2014/03/24,0,0,0,0
2014/03/25,0,0,0,0
2014/03/26,0,0,-38000,-38000
2014/03/27,0,0,0,0
2014/03/28,0,150000,-1941,148059
2014/03/31,0,150000,0,150000
2014/04/01,0,0,-6000,-6000
2014/04/02,0,0,-200000,-200000
2014/04/03,0,2000,0,2000
2014/04/07,0,0,-8000,-8000
2014/04/08,0,0,0,0
2014/04/09,0,0,0,0
2014/04/10,0,1735,0,1735
2014/04/11,0,0,0,0
2014/04/14,0,0,0,0
2014/04/15,0,50000,0,50000
2014/04/16,0,0,0,0
2014/04/17,0,0,0,0
2014/04/18,0,0,0,0
2014/04/21,0,0,-13000,-13000
2014/04/22,0,0,0,0
2014/04/23,0,0,0,0
2014/04/24,0,0,0,0
2014/04/25,0,60000,0,60000
2014/04/28,0,0,0,0
2014/04/29,0,0,0,0
2014/04/30,0,3000,-56071,-53071
2014/05/02,0,0,0,0
2014/05/05,0,0,0,0
2014/05/06,0,0,0,0
2014/05/07,0,0,0,0
2014/05/08,0,0,-52359,-52359
2014/05/09,0,0,0,0
2014/05/12,0,0,0,0
2014/05/13,0,0,0,0
2014/05/14,0,0,0,0
2014/05/15,0,0,-12000,-12000
2014/05/16,0,0,-87417,-87417
2014/05/19,0,0,-19668,-19668
2014/05/20,0,0,0,0
2014/05/21,0,0,0,0
2014/05/22,0,0,0,0
2014/05/23,0,0,0,0
2014/05/26,0,0,-60000,-60000
2014/05/27,0,0,-69000,-69000
2014/05/28,0,0,-49507,-49507
2014/05/29,0,0,-52000,-52000
2014/05/30,0,5000,-130000,-125000
2014/06/03,0,0,-38000,-38000
2014/06/04,0,0,0,0
2014/06/05,0,81000,0,81000
2014/06/06,0,0,-2000,-2000
2014/06/09,0,0,0,0
2014/06/10,0,0,-1000,-1000
2014/06/11,0,830000,-3000,827000
2014/06/12,0,603000,-2000,601000
2014/06/13,0,520000,-3000,517000
2014/06/16,0,180000,-2000,178000
2014/06/17,0,0,0,0
2014/06/18,0,720000,0,720000
2014/06/19,0,211000,0,211000
2014/06/20,0,521000,0,521000
2014/06/23,0,215000,0,215000
2014/06/24,0,0,-30000,-30000
2014/06/25,0,210000,-1000,209000
2014/06/26,0,0,0,0
2014/06/27,0,0,0,0
2014/06/30,0,3000,0,3000
2014/07/01,0,0,0,0
2014/07/02,0,0,-3829,-3829
2014/07/03,0,0,-240000,-240000
2014/07/04,0,430000,0,430000
2014/07/07,0,75000,0,75000
2014/07/08,0,0,-1000,-1000
2014/07/09,0,150000,0,150000
2014/07/10,0,310000,0,310000
2014/07/11,0,0,0,0
2014/07/14,0,0,0,0
2014/07/15,0,0,-1000,-1000
2014/07/16,0,0,-75000,-75000
2014/07/17,0,4000,-135000,-131000
2014/07/18,0,86000,0,86000
2014/07/21,0,114000,0,114000
2014/07/22,0,143000,0,143000
2014/07/23,0,0,0,0
2014/07/24,0,91000,0,91000
2014/07/25,0,54000,-62000,-8000
2014/07/28,0,50000,-600000,-550000
2014/07/29,0,6000,-934000,-928000
2014/07/30,0,1148000,0,1148000
2014/07/31,0,480000,-43150,436850
2014/08/01,0,254000,0,254000
2014/08/04,0,0,0,0
2014/08/05,0,381000,0,381000
2014/08/06,0,41000,0,41000
2014/08/07,0,376000,-378000,-2000
2014/08/08,0,49000,0,49000
2014/08/11,0,234000,0,234000
2014/08/12,0,60000,0,60000
2014/08/13,0,11000,0,11000
2014/08/14,0,13000,0,13000
2014/08/15,0,294000,-380000,-86000
2014/08/18,0,192000,-366000,-174000
2014/08/19,0,1000,0,1000
2014/08/20,0,12000,0,12000
2014/08/21,0,0,-50000,-50000
2014/08/22,0,0,-210000,-210000
2014/08/25,0,0,0,0
2014/08/26,0,2000,0,2000
2014/08/27,0,0,0,0
2014/08/28,0,4000,-64000,-60000
2014/08/29,0,0,-161409,-161409
2014/09/01,0,0,0,0
2014/09/02,0,0,0,0
2014/09/03,0,2000,-30000,-28000
2014/09/04,0,3000,-32000,-29000
2014/09/05,0,2000,0,2000
2014/09/09,0,53000,0,53000
2014/09/10,0,0,0,0
2014/09/11,0,334000,-415000,-81000
2014/09/12,0,313000,-150000,163000
2014/09/15,0,19000,-7000,12000
2014/09/16,0,0,-1000,-1000
2014/09/17,0,148000,0,148000
2014/09/18,0,97000,0,97000
2014/09/19,0,1445000,-210000,1235000
2014/09/22,0,64128,-131000,-66872
2014/09/23,0,1000,-180000,-179000
2014/09/24,0,20000,-150000,-130000
2014/09/25,0,0,-150000,-150000
2014/09/26,0,0,-111000,-111000
2014/09/29,0,0,0,0
2014/09/30,0,4000,-520,3480
2014/10/01,0,220000,0,220000
2014/10/02,0,280000,0,280000
2014/10/03,0,200000,0,200000
2014/10/06,0,2000,-257000,-255000
2014/10/07,0,0,0,0
2014/10/08,0,0,0,0
2014/10/09,0,0,0,0
2014/10/13,0,67000,0,67000
2014/10/14,0,0,-690000,-690000
2014/10/15,0,50000,-651000,-601000
2014/10/16,0,0,-101000,-101000
2014/10/17,0,0,0,0
2014/10/20,0,0,0,0
2014/10/21,0,0,-2000,-2000
2014/10/22,0,0,0,0
2014/10/23,0,0,-2000,-2000
2014/10/24,0,0,0,0
2014/10/27,0,33000,-35000,-2000
2014/10/28,0,0,0,0
2014/10/29,0,1000,-420000,-419000
2014/10/30,0,0,0,0
2014/10/31,0,0,0,0
2014/11/03,0,0,0,0
2014/11/04,0,0,-97000,-97000
2014/11/05,0,0,-83000,-83000
2014/11/06,0,0,-119000,-119000
2014/11/07,0,0,0,0
2014/11/10,0,0,-39000,-39000
2014/11/11,0,404000,-36000,368000
2014/11/12,0,2000,0,2000
2014/11/13,0,0,-10000,-10000
2014/11/14,0,400000,0,400000
2014/11/17,0,16000,0,16000
2014/11/18,0,400000,0,400000
2014/11/19,0,0,0,0
2014/11/20,0,1000,-67000,-66000
2014/11/21,0,0,0,0
2014/11/24,0,260000,0,260000
2014/11/25,0,1000,0,1000
2014/11/26,0,0,0,0
2014/11/27,0,0,0,0
2014/11/28,0,0,-27000,-27000
2014/12/01,0,0,-56546,-56546
2014/12/02,0,0,-25000,-25000
2014/12/03,0,177000,-150000,27000
2014/12/04,0,200000,-150000,50000
2014/12/05,0,86000,0,86000
2014/12/08,0,0,0,0
2014/12/09,0,0,0,0
2014/12/10,0,0,0,0
2014/12/11,0,0,-1185,-1185
2014/12/12,0,0,0,0
2014/12/15,0,0,-30000,-30000
2014/12/16,0,15000,0,15000
2014/12/17,0,0,-53000,-53000
2014/12/18,0,0,0,0
2014/12/19,0,0,-4000,-4000
2014/12/22,0,185000,0,185000
2014/12/23,0,0,0,0
2014/12/24,0,0,-10000,-10000
2014/12/25,0,0,-20000,-20000
2014/12/26,0,0,-103000,-103000
2014/12/29,0,0,0,0
2014/12/30,0,45000,0,45000
2014/12/31,0,0,-3000,-3000
2015/01/01,0,0,0,0
2015/01/02,0,0,0,0
2015/01/05,0,0,-16000,-16000
2015/01/06,0,0,0,0
2015/01/07,0,0,-1000,-1000
2015/01/08,0,0,0,0
2015/01/09,0,0,0,0
2015/01/12,0,0,0,0
2015/01/13,0,0,0,0
2015/01/14,0,0,0,0
2015/01/15,0,0,0,0
2015/01/16,0,0,0,0
2015/01/19,0,0,-4000,-4000
2015/01/20,0,0,0,0
2015/01/21,0,0,0,0
2015/01/22,0,0,-1000,-1000
2015/01/23,0,0,0,0
2015/01/26,0,96000,0,96000
2015/01/27,0,70000,-30000,40000
2015/01/28,0,0,0,0
2015/01/29,0,0,0,0
2015/01/30,0,0,-4000,-4000
2015/02/02,0,0,0,0
2015/02/03,0,0,-185000,-185000
2015/02/04,0,0,0,0
2015/02/05,0,0,0,0
2015/02/06,0,0,0,0
2015/02/09,0,0,-22000,-22000
2015/02/10,0,0,0,0
2015/02/11,0,0,0,0
2015/02/12,0,0,0,0
2015/02/13,0,0,-2000,-2000
2015/02/16,0,0,0,0
2015/02/17,0,0,0,0
2015/02/18,0,0,0,0
2015/02/19,0,0,0,0
2015/02/20,0,0,0,0
2015/02/23,0,0,0,0
2015/02/24,0,0,0,0
2015/02/25,0,0,-8000,-8000
2015/02/26,0,0,-2000,-2000
2015/02/27,0,0,0,0
2015/03/02,0,0,0,0
2015/03/03,0,0,0,0
2015/03/04,0,12000,-137000,-125000
2015/03/05,0,0,-75000,-75000
2015/03/06,0,0,0,0
2015/03/09,0,0,-1000,-1000
2015/03/10,0,0,0,0
2015/03/11,0,0,0,0
2015/03/12,0,1004,0,1004
2015/03/13,0,0,0,0
2015/03/16,0,1000,0,1000
2015/03/17,0,0,0,0
2015/03/18,0,0,-186000,-186000
2015/03/19,0,0,-1000,-1000
2015/03/20,0,270000,-471000,-201000
2015/03/23,0,0,-6000,-6000
2015/03/24,0,0,-207415,-207415
2015/03/25,0,0,0,0
2015/03/26,0,0,0,0
2015/03/27,0,0,-45000,-45000
2015/03/30,0,0,0,0
2015/03/31,0,0,0,0
2015/04/01,0,0,0,0
2015/04/02,0,0,0,0
2015/04/03,0,0,0,0
2015/04/06,0,0,0,0
2015/04/07,0,10000,0,10000
2015/04/08,0,0,0,0
2015/04/09,0,0,0,0
2015/04/10,0,3243000,0,3243000
2015/04/13,0,940000,0,940000
2015/04/14,0,0,0,0
2015/04/15,0,0,-9000,-9000
2015/04/16,0,0,0,0
2015/04/17,0,0,0,0
2015/04/20,0,0,-936000,-936000
2015/04/21,0,0,-588000,-588000
2015/04/22,0,566000,0,566000
2015/04/23,0,1087000,0,1087000
2015/04/24,0,995000,0,995000
2015/04/27,0,251000,-47000,204000
2015/04/28,0,0,-1000,-1000
2015/04/29,0,118000,-1000,117000
2015/04/30,0,60000,-1000,59000
2015/05/01,0,0,0,0
2015/05/04,0,0,0,0
2015/05/05,0,50000,-310000,-260000
2015/05/06,0,0,-343000,-343000
2015/05/07,0,60000,-460000,-400000
2015/05/08,0,0,-400000,-400000
2015/05/11,0,1000,0,1000
2015/05/12,0,50000,0,50000
2015/05/13,0,50000,0,50000
2015/05/14,0,1000,-470000,-469000
2015/05/15,0,0,0,0
2015/05/18,0,0,-10000,-10000
2015/05/19,0,0,0,0
2015/05/20,0,0,0,0
2015/05/21,0,0,0,0
2015/05/22,0,0,-15000,-15000
2015/05/25,0,0,-94000,-94000
2015/05/26,0,0,0,0
2015/05/27,0,0,-13000,-13000
2015/05/28,0,0,-641000,-641000
2015/05/29,0,0,-566000,-566000
2015/06/01,0,0,-250000,-250000
2015/06/02,0,0,-829000,-829000
2015/06/03,0,0,-530000,-530000
2015/06/04,0,4004,0,4004
2015/06/05,0,0,-1000,-1000
2015/06/08,0,0,0,0
2015/06/09,0,0,-177000,-177000
2015/06/10,0,0,0,0
2015/06/11,0,0,0,0
2015/06/12,0,0,-144000,-144000
2015/06/15,0,0,0,0
2015/06/16,0,0,0,0
2015/06/17,0,0,0,0
2015/06/18,0,61000,-76000,-15000
2015/06/19,0,0,0,0
2015/06/22,0,1000,-2000,-1000
2015/06/23,0,0,0,0
2015/06/24,0,0,0,0
2015/06/25,0,0,0,0
2015/06/26,0,0,0,0
2015/06/29,0,0,0,0
2015/06/30,0,0,0,0
2015/07/01,0,0,0,0
2015/07/02,0,5000,0,5000
2015/07/03,0,0,0,0
2015/07/06,0,0,0,0
2015/07/07,0,0,-68000,-68000
2015/07/08,0,0,0,0
2015/07/09,0,0,-135000,-135000
2015/07/10,0,0,0,0
2015/07/13,0,0,-105000,-105000
2015/07/14,0,0,0,0
2015/07/15,0,5000,0,5000
2015/07/16,0,0,0,0
2015/07/17,0,0,-38000,-38000
2015/07/20,0,0,0,0
2015/07/21,0,1000,0,1000
2015/07/22,0,0,0,0
2015/07/23,0,0,0,0
2015/07/24,0,12000,0,12000
2015/07/27,0,0,-45052,-45052
2015/07/28,0,8000,0,8000
2015/07/29,0,2000,0,2000
2015/07/30,0,0,0,0
2015/07/31,0,1000,0,1000
2015/08/03,0,2000,0,2000
2015/08/04,0,1000,0,1000
2015/08/05,0,0,0,0
2015/08/06,0,2000,0,2000
2015/08/07,0,18000,0,18000
2015/08/10,0,1000,-63000,-62000
2015/08/11,0,0,-55000,-55000
2015/08/12,0,0,0,0
2015/08/13,0,2000,0,2000
2015/08/14,0,0,0,0
2015/08/17,0,0,0,0
2015/08/18,0,0,0,0
2015/08/19,0,0,0,0
2015/08/20,0,1000,-182000,-181000
2015/08/21,0,0,0,0
2015/08/24,0,0,-14000,-14000
2015/08/25,0,0,-40181,-40181
2015/08/26,0,29000,-1082497,-1053497
2015/08/27,0,0,0,0
2015/08/28,0,2000,0,2000
2015/08/31,0,11000,-8000,3000
2015/09/01,0,19000,-10000,9000
2015/09/02,0,0,0,0
2015/09/03,0,5000,-238000,-233000
2015/09/04,0,0,-401000,-401000
2015/09/07,0,3000,-200000,-197000
2015/09/08,0,2000,0,2000
2015/09/09,0,0,0,0
2015/09/10,0,0,0,0
2015/09/11,0,2000,0,2000
2015/09/14,0,1000,0,1000
2015/09/15,0,1000,0,1000
2015/09/16,0,0,0,0
2015/09/17,0,0,0,0
2015/09/18,0,1222000,-1000,1221000
2015/09/21,0,14000,-1000,13000
2015/09/22,0,156,0,156
2015/09/23,0,0,0,0
2015/09/24,0,0,0,0
2015/09/25,0,0,0,0
2015/09/28,0,0,0,0
2015/09/29,0,0,0,0
2015/09/30,0,0,0,0
2015/10/01,0,1000,0,1000
2015/10/02,0,8000,0,8000
2015/10/05,0,0,0,0
2015/10/06,0,0,0,0
2015/10/07,0,1000,0,1000
2015/10/08,0,0,0,0
2015/10/09,0,0,0,0
2015/10/12,0,0,0,0
2015/10/13,0,0,0,0
2015/10/14,0,0,0,0
2015/10/15,0,0,0,0
2015/10/16,0,1000,0,1000
2015/10/19,0,0,0,0
2015/10/20,0,0,0,0
2015/10/21,0,0,0,0
2015/10/22,0,0,0,0
2015/10/23,0,0,-79000,-79000
2015/10/26,0,0,0,0
2015/10/27,0,0,0,0
2015/10/28,0,0,0,0
2015/10/29,0,0,0,0
2015/10/30,0,0,0,0
2015/11/02,0,0,0,0
2015/11/03,0,1000,0,1000
2015/11/04,0,10000,-1000,9000
2015/11/05,0,0,0,0
2015/11/06,0,0,0,0
2015/11/09,0,37000,0,37000
2015/11/10,0,0,0,0
2015/11/11,0,0,0,0
2015/11/12,0,0,0,0
2015/11/13,0,0,0,0
2015/11/16,0,0,0,0
2015/11/17,0,0,0,0
2015/11/18,0,0,0,0
2015/11/19,0,0,0,0
2015/11/20,0,0,0,0
2015/11/23,0,0,0,0
2015/11/24,0,0,0,0
2015/11/25,0,0,0,0
2015/11/26,0,50000,0,50000
2015/11/27,0,0,0,0
2015/11/30,0,0,0,0
2015/12/01,0,0,0,0
2015/12/02,0,690000,0,690000
2015/12/03,0,0,0,0
2015/12/04,0,0,0,0
2015/12/07,0,120000,0,120000
2015/12/08,0,0,0,0
2015/12/09,0,0,0,0
2015/12/10,0,0,0,0
2015/12/11,0,0,-500000,-500000
2015/12/14,0,0,-231,-231
2015/12/15,0,0,0,0
2015/12/16,0,62000,0,62000
2015/12/17,0,60000,0,60000
2015/12/18,0,143000,0,143000
2015/12/21,0,27000,-420000,-393000
2015/12/22,0,0,-250000,-250000
2015/12/23,0,0,0,0
2015/12/24,0,0,0,0
2015/12/25,0,0,0,0
2015/12/28,0,51000,0,51000
2015/12/29,0,48000,0,48000
2015/12/30,0,0,0,0
2015/12/31,0,0,-2000000,-2000000
2016/01/01,0,0,0,0
2016/01/04,0,0,0,0
2016/01/05,0,0,-38000,-38000
2016/01/06,0,0,-300000,-300000
2016/01/07,0,0,0,0
2016/01/08,0,0,0,0
2016/01/11,0,0,0,0
2016/01/12,0,137000,0,137000
2016/01/13,0,0,0,0
2016/01/14,0,0,0,0
2016/01/15,0,0,-12000,-12000
2016/01/18,0,0,0,0
2016/01/19,0,242000,-320000,-78000
2016/01/20,0,0,-312000,-312000
2016/01/21,0,0,-50000,-50000
2016/01/22,0,0,-300000,-300000
2016/01/25,0,0,-500000,-500000
2016/01/26,0,0,-290000,-290000
2016/01/27,0,0,0,0
2016/01/28,0,127000,0,127000
2016/01/29,0,0,0,0
2016/02/01,0,0,-468000,-468000
2016/02/02,0,0,0,0
2016/02/03,0,0,0,0
2016/02/04,0,0,0,0
2016/02/05,0,0,0,0
2016/02/08,0,0,0,0
2016/02/09,0,0,0,0
2016/02/10,0,0,0,0
2016/02/11,0,0,0,0
2016/02/12,0,0,0,0
2016/02/15,0,0,-199,-199
2016/02/16,0,248000,0,248000
2016/02/17,0,0,0,0
2016/02/18,0,0,0,0
2016/02/19,0,0,0,0
2016/02/22,0,0,0,0
2016/02/23,0,0,0,0
2016/02/24,0,0,0,0
2016/02/25,0,0,0,0
2016/02/26,0,0,0,0
2016/02/29,0,0,0,0
2016/03/01,0,0,0,0
2016/03/02,0,0,-5514,-5514
2016/03/03,0,247000,0,247000
2016/03/04,0,0,0,0
2016/03/07,0,0,0,0
2016/03/08,0,0,0,0
2016/03/09,0,0,0,0
2016/03/10,0,0,0,0
2016/03/11,0,0,0,0
2016/03/14,0,0,0,0
2016/03/15,0,0,0,0
2016/03/16,0,0,0,0
2016/03/17,0,0,0,0
2016/03/18,0,0,-182000,-182000
2016/03/21,0,222000,0,222000
2016/03/22,0,0,0,0
2016/03/23,0,0,-390000,-390000
2016/03/24,0,0,0,0
2016/03/25,0,0,0,0
2016/03/28,0,0,0,0
2016/03/29,0,113000,0,113000
2016/03/30,0,0,-127000,-127000
2016/03/31,0,0,-219965,-219965
2016/04/01,0,0,0,0
2016/04/04,0,0,0,0
2016/04/05,0,0,0,0
2016/04/06,0,0,-96000,-96000
2016/04/07,0,0,-102000,-102000
2016/04/08,0,27000,-495000,-468000
2016/04/11,0,0,-150000,-150000
2016/04/12,0,1000,-366000,-365000
2016/04/13,0,0,0,0
2016/04/14,0,0,0,0
2016/04/15,0,0,-28000,-28000
2016/04/18,0,0,-521000,-521000
2016/04/19,0,0,0,0
2016/04/20,0,0,-1000,-1000
2016/04/21,0,0,-100818,-100818
2016/04/22,0,0,0,0
2016/04/25,0,0,0,0
2016/04/26,0,0,0,0
2016/04/27,0,0,0,0
2016/04/28,0,0,0,0
2016/04/29,0,0,0,0
2016/05/02,0,0,0,0
2016/05/03,0,0,0,0
2016/05/04,0,0,0,0
2016/05/05,0,0,0,0
2016/05/06,0,0,0,0
2016/05/09,0,0,0,0
2016/05/10,0,639,0,639
2016/05/11,0,0,0,0
2016/05/12,0,0,0,0
2016/05/13,0,0,0,0
2016/05/16,0,0,0,0
2016/05/17,0,0,0,0
2016/05/18,0,0,0,0
2016/05/19,0,0,0,0
2016/05/20,0,0,0,0
2016/05/23,0,0,0,0
2016/05/24,0,0,0,0
2016/05/25,0,0,0,0
2016/05/26,0,44000,-1000,43000
2016/05/27,0,0,0,0
2016/05/30,0,0,0,0
2016/05/31,0,2000,0,2000
2016/06/01,0,0,0,0
2016/06/02,0,0,0,0
2016/06/03,0,0,0,0
2016/06/06,0,0,0,0
2016/06/07,0,0,0,0
2016/06/08,0,0,0,0
2016/06/09,0,0,0,0
2016/06/10,0,0,0,0
2016/06/13,0,0,0,0
2016/06/14,0,0,0,0
2016/06/15,0,0,0,0
2016/06/16,0,0,0,0
2016/06/17,0,102000,0,102000
2016/06/20,0,0,0,0
2016/06/21,0,0,0,0
2016/06/22,0,0,0,0
2016/06/23,0,0,0,0
2016/06/24,0,3000,0,3000
2016/06/27,0,67000,0,67000
2016/06/28,0,0,-1000,-1000
2016/06/29,0,31000,0,31000
2016/06/30,0,0,0,0
2016/07/01,0,88000,0,88000
2016/07/04,0,0,0,0
2016/07/05,0,0,0,0
2016/07/06,0,0,0,0
2016/07/07,0,0,0,0
2016/07/08,0,0,0,0
2016/07/11,0,0,0,0
2016/07/12,0,0,0,0
2016/07/13,0,0,0,0
2016/07/14,0,0,-1000,-1000
2016/07/15,0,0,0,0
2016/07/18,0,0,0,0
2016/07/19,0,20000,-1000,19000
2016/07/20,0,50000,-4000,46000
2016/07/21,0,0,-5000,-5000
2016/07/22,0,143000,-6000,137000
2016/07/25,0,21000,0,21000
2016/07/26,0,57000,0,57000
2016/07/27,0,0,-1000,-1000
2016/07/28,0,0,0,0
2016/07/29,0,0,-4362,-4362
2016/08/01,0,0,0,0
2016/08/02,0,0,0,0
2016/08/03,0,0,-3000,-3000
2016/08/04,0,0,-1000,-1000
2016/08/05,0,0,-1000,-1000
2016/08/08,0,7000,-4000,3000
2016/08/09,0,13000,0,13000
2016/08/10,0,0,0,0
2016/08/11,0,0,-1000,-1000
2016/08/12,0,23000,-2000,21000
2016/08/15,0,21000,0,21000
2016/08/16,0,0,-3000,-3000
2016/08/17,0,7000,0,7000
2016/08/18,0,0,-1000,-1000
2016/08/19,0,0,0,0
2016/08/22,0,0,0,0
2016/08/23,0,9000,0,9000
2016/08/24,0,0,-2000,-2000
2016/08/25,0,0,0,0
2016/08/26,0,0,0,0
2016/08/29,0,10000,0,10000
2016/08/30,0,16000,0,16000
2016/08/31,0,0,0,0
2016/09/01,0,0,0,0
2016/09/02,0,0,0,0
2016/09/05,0,0,-266000,-266000
2016/09/06,0,0,-101000,-101000
2016/09/07,0,26000,0,26000
2016/09/08,0,39000,0,39000
2016/09/09,0,35000,0,35000
2016/09/12,0,0,0,0
2016/09/13,0,0,0,0
2016/09/14,0,433000,0,433000
2016/09/15,0,0,0,0
2016/09/16,0,0,0,0
2016/09/19,0,0,0,0
2016/09/20,0,0,0,0
2016/09/21,0,0,0,0
2016/09/22,0,0,0,0
2016/09/23,0,0,0,0
2016/09/26,0,0,0,0
2016/09/27,0,0,0,0
2016/09/28,0,0,0,0
2016/09/29,0,0,0,0
2016/09/30,0,408,0,408
2016/10/03,0,612000,0,612000
2016/10/04,0,275000,0,275000
2016/10/05,0,0,-48000,-48000
2016/10/06,0,0,-78000,-78000
2016/10/07,0,264000,0,264000
2016/10/10,0,0,0,0
2016/10/11,0,0,-95000,-95000
2016/10/12,0,0,0,0
2016/10/13,0,0,0,0
2016/10/14,0,0,0,0
2016/10/17,0,0,0,0
2016/10/18,0,0,0,0
2016/10/19,0,976000,0,976000
2016/10/20,0,488000,-63000,425000
2016/10/21,0,282000,-63000,219000
2016/10/24,0,40000,0,40000
2016/10/25,0,338000,-63000,275000
2016/10/26,0,381000,0,381000
2016/10/27,0,9000,0,9000
2016/10/28,0,6000,0,6000
2016/10/31,0,27000,0,27000
2016/11/01,0,0,0,0
2016/11/02,0,18196,0,18196
2016/11/03,0,0,-124000,-124000
2016/11/04,0,0,-58000,-58000
2016/11/07,0,0,0,0
2016/11/08,0,397000,0,397000
2016/11/09,0,0,0,0
2016/11/10,0,0,0,0
2016/11/11,0,399000,0,399000
2016/11/14,0,400000,-139000,261000
2016/11/15,0,260000,0,260000
2016/11/16,0,80000,0,80000
2016/11/17,0,70000,0,70000
2016/11/18,0,61000,0,61000
2016/11/21,0,165000,0,165000
2016/11/22,0,650000,0,650000
2016/11/23,0,440000,0,440000
2016/11/24,0,403000,-300000,103000
2016/11/25,0,1303000,0,1303000
2016/11/28,0,1155000,0,1155000
2016/11/29,0,23000,-77000,-54000
2016/11/30,0,300000,0,300000
2016/12/01,0,399000,0,399000
2016/12/02,0,182000,0,182000
2016/12/05,0,0,-164000,-164000
2016/12/06,0,7000,0,7000
2016/12/07,0,40000,0,40000
2016/12/08,0,0,0,0
2016/12/09,0,15000,0,15000
2016/12/12,0,0,-50000,-50000
2016/12/13,0,0,0,0
2016/12/14,0,0,0,0
2016/12/15,0,0,-545000,-545000
2016/12/16,0,0,-504000,-504000
2016/12/19,0,0,-83000,-83000
2016/12/20,0,0,-526000,-526000
2016/12/21,0,0,-743000,-743000
2016/12/22,0,0,-270000,-270000
2016/12/23,0,0,0,0
2016/12/26,0,0,0,0
2016/12/27,0,0,-87000,-87000
2016/12/28,0,0,0,0
2016/12/29,0,0,-58000,-58000
2016/12/30,0,440000,-5000,435000
2017/01/02,0,0,0,0
2017/01/03,0,0,0,0
2017/01/04,0,208000,-100000,108000
2017/01/05,0,66000,-66000,0
2017/01/06,0,149000,-138000,11000
2017/01/09,0,0,0,0
2017/01/10,0,115000,-76000,39000
2017/01/11,0,281000,0,281000
2017/01/12,0,0,-150000,-150000
2017/01/13,0,0,-140000,-140000
2017/01/16,0,0,-535000,-535000
2017/01/17,0,74000,-178000,-104000
2017/01/18,0,0,0,0
2017/01/19,0,398000,0,398000
2017/01/20,0,1578000,-125000,1453000
2017/01/23,0,684000,-9,683991
2017/01/24,0,482000,0,482000
2017/01/25,0,0,0,0
2017/01/26,0,0,0,0
2017/01/27,0,0,0,0
2017/01/30,0,0,0,0
2017/01/31,0,0,0,0
2017/02/01,0,0,0,0
2017/02/02,0,157000,0,157000
2017/02/03,0,373000,0,373000
2017/02/06,0,386000,0,386000
2017/02/07,0,1562000,0,1562000
2017/02/08,0,951000,0,951000
2017/02/09,0,498000,0,498000
2017/02/10,0,681000,0,681000
2017/02/13,0,239000,-31000,208000
2017/02/14,0,0,0,0
2017/02/15,0,1054000,0,1054000
2017/02/16,0,740000,0,740000
2017/02/17,0,561000,-200000,361000
2017/02/20,0,0,-182000,-182000
2017/02/21,0,58000,-575000,-517000
2017/02/22,0,0,0,0
2017/02/23,0,0,0,0
2017/02/24,0,0,0,0
2017/02/27,0,0,0,0
2017/02/28,0,0,0,0
2017/03/01,0,0,0,0
2017/03/02,0,0,0,0
2017/03/03,0,0,-188000,-188000
2017/03/06,0,290000,0,290000
2017/03/07,0,30000,0,30000
2017/03/08,0,0,-64000,-64000
2017/03/09,0,0,0,0
2017/03/10,0,0,0,0
2017/03/13,0,0,0,0
2017/03/14,0,0,0,0
2017/03/15,0,0,0,0
2017/03/16,0,0,0,0
2017/03/17,0,90000,-328000,-238000
2017/03/20,0,65000,-681000,-616000
2017/03/21,0,9000,-710000,-701000
2017/03/22,0,0,-311000,-311000
2017/03/23,0,0,-728000,-728000
2017/03/24,0,0,0,0
2017/03/27,0,0,-175000,-175000
2017/03/28,0,0,-2583000,-2583000
2017/03/29,0,0,-922000,-922000
2017/03/30,0,0,-691000,-691000
2017/03/31,0,0,-123000,-123000
2017/04/03,0,0,0,0
2017/04/04,0,0,0,0
2017/04/05,0,0,-401000,-401000
2017/04/06,0,0,-260000,-260000
2017/04/07,0,0,0,0
2017/04/10,0,0,0,0
2017/04/11,0,0,-46000,-46000
2017/04/12,0,0,0,0
2017/04/13,0,0,-178000,-178000
2017/04/14,0,0,-237000,-237000
2017/04/17,0,0,-230000,-230000
2017/04/18,0,0,0,0
2017/04/19,0,0,0,0
2017/04/20,0,0,-20000,-20000
2017/04/21,0,0,0,0
2017/04/24,0,0,0,0
2017/04/25,0,310,0,310
2017/04/26,0,0,0,0
2017/04/27,0,0,-146000,-146000
2017/04/28,0,0,-300000,-300000
2017/05/01,0,0,0,0
2017/05/02,0,0,0,0
2017/05/03,0,0,0,0
2017/05/04,0,0,0,0
2017/05/05,0,0,-308000,-308000
2017/05/08,0,0,-150000,-150000
2017/05/09,0,0,-95000,-95000
2017/05/10,0,0,-982000,-982000
2017/05/11,0,0,0,0
2017/05/12,0,0,-279000,-279000
2017/05/15,0,0,-150000,-150000
2017/05/16,0,0,-100000,-100000
2017/05/17,0,0,0,0
2017/05/18,0,6000,-535000,-529000
2017/05/19,0,31000,-450000,-419000
2017/05/22,0,21000,-17000,4000
2017/05/23,0,0,-220000,-220000
2017/05/24,0,0,-271000,-271000
2017/05/25,0,0,-25000,-25000
2017/05/26,0,0,-270000,-270000
2017/05/29,0,0,0,0
2017/05/30,0,0,0,0
2017/05/31,0,0,-205000,-205000
2017/06/01,0,0,-786000,-786000
2017/06/02,0,0,-233000,-233000
2017/06/05,0,10000,0,10000
2017/06/06,0,15000,0,15000
2017/06/07,0,0,0,0
2017/06/08,0,0,-89000,-89000
2017/06/09,0,0,-543000,-543000
2017/06/12,0,0,0,0
2017/06/13,0,0,-356000,-356000
2017/06/14,0,0,-1000000,-1000000
2017/06/15,0,0,-1921000,-1921000
2017/06/16,0,0,-4773917,-4773917
2017/06/19,0,0,-130000,-130000
2017/06/20,0,0,0,0
2017/06/21,0,0,0,0
2017/06/22,0,0,0,0
2017/06/23,0,0,0,0
2017/06/26,0,0,0,0
2017/06/27,0,0,-90000,-90000
2017/06/28,0,0,0,0
2017/06/29,0,0,0,0
2017/06/30,0,0,0,0
2017/07/03,0,0,0,0
2017/07/04,0,0,0,0
2017/07/05,0,0,0,0
2017/07/06,0,0,0,0
2017/07/07,0,0,0,0
2017/07/10,0,0,0,0
2017/07/11,0,0,0,0
2017/07/12,0,0,0,0
2017/07/13,0,0,0,0
2017/07/14,0,0,0,0
2017/07/17,0,32,0,32
2017/07/18,0,0,0,0
2017/07/19,0,0,0,0
2017/07/20,0,0,0,0
2017/07/21,0,123000,-96000,27000
2017/07/24,0,0,0,0
2017/07/25,0,0,0,0
2017/07/26,0,0,0,0
2017/07/27,0,0,0,0
2017/07/28,0,0,-123000,-123000
2017/07/31,0,0,0,0
2017/08/01,0,0,-2000,-2000
2017/08/02,0,0,0,0
2017/08/03,0,0,0,0
2017/08/04,0,0,0,0
2017/08/07,0,0,0,0
2017/08/08,0,0,0,0
2017/08/09,0,0,0,0
2017/08/10,0,0,0,0
2017/08/11,0,1000,0,1000
2017/08/14,0,0,0,0
2017/08/15,0,0,0,0
2017/08/16,0,0,0,0
2017/08/17,0,0,0,0
2017/08/18,0,0,0,0
