Date,Open,Buy,Sell,Total
2007/01/02,0,149000,-1350,147650
2007/01/03,0,0,-104000,-104000
2007/01/04,0,20000,-100000,-80000
2007/01/05,0,124000,-219000,-95000
2007/01/08,0,0,-290000,-290000
2007/01/09,0,158000,-1023475,-865475
2007/01/10,0,11000,-66175,-55175
2007/01/11,0,5000,-105000,-100000
2007/01/12,0,18000,-40997,-22997
2007/01/15,0,61000,-253000,-192000
2007/01/16,0,1000,-210000,-209000
2007/01/17,0,15000,-66050,-51050
2007/01/18,0,17000,-295700,-278700
2007/01/19,0,0,-136892,-136892
2007/01/22,0,2000,-38000,-36000
2007/01/23,0,6000,-122750,-116750
2007/01/24,0,21000,-213700,-192700
2007/01/25,0,156000,-92850,63150
2007/01/26,0,48000,-11000,37000
2007/01/29,0,0,0,0
2007/01/30,0,117000,-2000,115000
2007/01/31,0,10000,-50,9950
2007/02/01,0,264000,-61000,203000
2007/02/02,0,244000,0,244000
2007/02/05,0,2000,-33000,-31000
2007/02/06,0,12000,-136600,-124600
2007/02/07,0,2000,-46127,-44127
2007/02/08,0,0,-103000,-103000
2007/02/09,0,8000,-167000,-159000
2007/02/12,0,2000,-20850,-18850
2007/02/13,0,30000,-7250,22750
2007/02/14,0,0,-5000,-5000
2007/02/15,0,0,0,0
2007/02/16,0,0,0,0
2007/02/19,0,0,0,0
2007/02/20,0,0,0,0
2007/02/21,0,0,0,0
2007/02/22,0,0,0,0
2007/02/23,0,0,0,0
2007/02/26,0,0,-50000,-50000
2007/02/27,0,24000,-1050,22950
2007/02/28,0,0,0,0
2007/03/01,0,3000,-138500,-135500
2007/03/02,0,10000,-8000,2000
2007/03/05,0,0,-7000,-7000
2007/03/06,0,2000,0,2000
2007/03/07,0,15000,-520000,-505000
2007/03/08,0,0,0,0
2007/03/09,0,141000,-12000,129000
2007/03/12,0,1000,0,1000
2007/03/13,0,25000,0,25000
2007/03/14,0,0,-550,-550
2007/03/15,0,42000,-13000,29000
2007/03/16,0,254000,0,254000
2007/03/19,0,16000,-1000,15000
2007/03/20,0,0,0,0
2007/03/21,0,0,-2000,-2000
2007/03/22,0,45000,0,45000
2007/03/23,0,15000,-18000,-3000
2007/03/26,0,31000,-43000,-12000
2007/03/27,0,159000,-90000,69000
2007/03/28,0,50000,0,50000
2007/03/29,0,190000,0,190000
2007/03/30,0,74000,0,74000
2007/04/02,0,26000,-16000,10000
2007/04/03,0,0,-278000,-278000
2007/04/04,0,0,-48000,-48000
2007/04/05,0,0,0,0
2007/04/06,0,0,0,0
2007/04/09,0,0,0,0
2007/04/10,0,0,-14000,-14000
2007/04/11,0,85000,-130000,-45000
2007/04/12,0,0,-72950,-72950
2007/04/13,0,0,-1000,-1000
2007/04/16,0,0,-42000,-42000
2007/04/17,0,15000,-50000,-35000
2007/04/18,0,0,-20000,-20000
2007/04/19,0,0,0,0
2007/04/20,0,10000,-1000,9000
2007/04/23,0,0,0,0
2007/04/24,0,0,-8000,-8000
2007/04/25,0,0,0,0
2007/04/26,0,0,-50000,-50000
2007/04/27,0,75000,-182000,-107000
2007/04/30,0,10000,-94750,-84750
2007/05/01,0,0,0,0
2007/05/02,0,101000,-60000,41000
2007/05/03,0,56000,-20000,36000
2007/05/04,0,0,0,0
2007/05/07,0,170000,-30000,140000
2007/05/08,0,80000,-50000,30000
2007/05/09,0,0,-119000,-119000
2007/05/10,0,0,-16000,-16000
2007/05/11,0,0,-1000,-1000
2007/05/14,0,20000,-30000,-10000
2007/05/15,0,21000,-31300,-10300
2007/05/16,0,0,-17000,-17000
2007/05/17,0,7000,0,7000
2007/05/18,0,0,0,0
2007/05/21,0,24000,0,24000
2007/05/22,0,2000,-50000,-48000
2007/05/23,0,10000,-5000,5000
2007/05/24,0,1000,-70000,-69000
2007/05/25,0,0,-70000,-70000
2007/05/28,0,0,-115825,-115825
2007/05/29,0,20000,-76000,-56000
2007/05/30,0,0,0,0
2007/05/31,0,0,-51900,-51900
2007/06/01,0,0,-10000,-10000
2007/06/04,0,0,0,0
2007/06/05,0,0,-30000,-30000
2007/06/06,0,0,-42000,-42000
2007/06/07,0,0,0,0
2007/06/08,0,10000,0,10000
2007/06/11,0,50000,-9000,41000
2007/06/12,0,0,0,0
2007/06/13,0,0,0,0
2007/06/14,0,0,0,0
2007/06/15,0,138000,-1200,136800
2007/06/18,0,0,0,0
2007/06/19,0,0,0,0
2007/06/20,0,53000,0,53000
2007/06/21,0,80000,-85000,-5000
2007/06/22,0,702000,-280000,422000
2007/06/25,0,100000,-14000,86000
2007/06/26,0,0,-344000,-344000
2007/06/27,0,0,-105000,-105000
2007/06/28,0,115000,-9000,106000
2007/06/29,0,12000,-33000,-21000
2007/07/02,0,0,-125000,-125000
2007/07/03,0,0,-523100,-523100
2007/07/04,0,0,-110000,-110000
2007/07/05,0,0,-19000,-19000
2007/07/06,0,13000,-341250,-328250
2007/07/09,0,13000,0,13000
2007/07/10,0,0,-16000,-16000
2007/07/11,0,2000,0,2000
2007/07/12,0,0,-56500,-56500
2007/07/13,0,10000,0,10000
2007/07/16,0,5000,0,5000
2007/07/17,0,0,0,0
2007/07/18,0,0,-316000,-316000
2007/07/19,0,0,0,0
2007/07/20,0,47000,-258000,-211000
2007/07/23,0,18000,-152875,-134875
2007/07/24,0,0,-49000,-49000
2007/07/25,0,0,0,0
2007/07/26,0,0,-107000,-107000
2007/07/27,0,0,0,0
2007/07/30,0,0,0,0
2007/07/31,0,0,0,0
2007/08/01,0,1000,0,1000
2007/08/02,0,15000,0,15000
2007/08/03,0,0,-80000,-80000
2007/08/06,0,0,0,0
2007/08/07,0,23000,-412000,-389000
2007/08/08,0,0,-105000,-105000
2007/08/09,0,0,0,0
2007/08/10,0,0,-4000,-4000
2007/08/13,0,0,-5000,-5000
2007/08/14,0,3000,-19000,-16000
2007/08/15,0,0,0,0
2007/08/16,0,0,-53050,-53050
2007/08/17,0,1000,-1000,0
2007/08/20,0,0,-150000,-150000
2007/08/21,0,0,0,0
2007/08/22,0,2000,0,2000
2007/08/23,0,1000,-2000,-1000
2007/08/24,0,0,-47000,-47000
2007/08/27,0,1000,0,1000
2007/08/28,0,10000,0,10000
2007/08/29,0,0,-2000,-2000
2007/08/30,0,11000,0,11000
2007/08/31,0,0,-612,-612
2007/09/03,0,0,0,0
2007/09/04,0,15000,-22000,-7000
2007/09/05,0,0,0,0
2007/09/06,0,0,0,0
2007/09/07,0,0,-10000,-10000
2007/09/10,0,0,-5000,-5000
2007/09/11,0,100000,0,100000
2007/09/12,0,0,0,0
2007/09/13,0,150000,0,150000
2007/09/14,0,151000,0,151000
2007/09/17,0,151000,-111000,40000
2007/09/18,0,0,0,0
2007/09/19,0,55000,0,55000
2007/09/20,0,200000,0,200000
2007/09/21,0,387000,-12,386988
2007/09/24,0,0,0,0
2007/09/25,0,0,0,0
2007/09/26,0,225000,-820,224180
2007/09/27,0,356000,0,356000
2007/09/28,0,246000,0,246000
2007/10/01,0,145000,-32947,112053
2007/10/02,0,218000,-909,217091
2007/10/03,0,263000,0,263000
2007/10/04,0,295000,-3000,292000
2007/10/05,0,183000,-41000,142000
2007/10/08,0,64000,0,64000
2007/10/09,0,175000,-84000,91000
2007/10/10,0,0,0,0
2007/10/11,0,20000,-3000,17000
2007/10/12,0,0,-50000,-50000
2007/10/15,0,0,-267100,-267100
2007/10/16,0,21000,-1000,20000
2007/10/17,0,10000,-2000,8000
2007/10/18,0,0,0,0
2007/10/19,0,0,-2000,-2000
2007/10/22,0,200000,-100000,100000
2007/10/23,0,437000,0,437000
2007/10/24,0,625000,-449000,176000
2007/10/25,0,340000,-126000,214000
2007/10/26,0,40000,-51000,-11000
2007/10/29,0,173000,0,173000
2007/10/30,0,41000,-2120,38880
2007/10/31,0,0,-130000,-130000
2007/11/01,0,84000,0,84000
2007/11/02,0,150000,0,150000
2007/11/05,0,1000,-50000,-49000
2007/11/06,0,38000,0,38000
2007/11/07,0,1668000,-25000,1643000
2007/11/08,0,110000,0,110000
2007/11/09,0,266000,0,266000
2007/11/12,0,522000,0,522000
2007/11/13,0,623000,0,623000
2007/11/14,0,504000,0,504000
2007/11/15,0,448000,-30000,418000
2007/11/16,0,59000,0,59000
2007/11/19,0,394400,-10000,384400
2007/11/20,0,473000,0,473000
2007/11/21,0,117000,-7000,110000
2007/11/22,0,122000,-135000,-13000
2007/11/23,0,2000,-425000,-423000
2007/11/26,0,0,0,0
2007/11/27,0,134000,-132000,2000
2007/11/28,0,324000,-10000,314000
2007/11/29,0,30000,-40000,-10000
2007/11/30,0,106000,0,106000
2007/12/03,0,62000,0,62000
2007/12/04,0,78000,-13000,65000
2007/12/05,0,267000,-73000,194000
2007/12/06,0,162000,-101000,61000
2007/12/07,0,50000,-60000,-10000
2007/12/10,0,40000,-140000,-100000
2007/12/11,0,35000,-27000,8000
2007/12/12,0,60000,0,60000
2007/12/13,0,0,-1000,-1000
2007/12/14,0,160000,-91000,69000
2007/12/17,0,77000,0,77000
2007/12/18,0,76000,-7000,69000
2007/12/19,0,90000,0,90000
2007/12/20,0,107000,-10000,97000
2007/12/21,0,4000,0,4000
2007/12/24,0,0,-8000,-8000
2007/12/25,0,261000,0,261000
2007/12/26,0,103000,-66000,37000
2007/12/27,0,92000,-100000,-8000
2007/12/28,0,10000,-30000,-20000
2007/12/31,0,11000,-67000,-56000
2008/01/01,0,0,0,0
2008/01/02,0,63000,-10000,53000
2008/01/03,0,10000,-225000,-215000
2008/01/04,0,10000,-78000,-68000
2008/01/07,0,0,-53000,-53000
2008/01/08,0,1000,-670000,-669000
2008/01/09,0,35000,-354000,-319000
2008/01/10,0,18000,-530400,-512400
2008/01/11,0,104000,-474001,-370001
2008/01/14,0,2000,-643000,-641000
2008/01/15,0,20000,-772000,-752000
2008/01/16,0,10000,-340000,-330000
2008/01/17,0,7000,-127000,-120000
2008/01/18,0,41000,0,41000
2008/01/21,0,11000,-90000,-79000
2008/01/22,0,15000,-20000,-5000
2008/01/23,0,547000,-30000,517000
2008/01/24,0,69000,-111000,-42000
2008/01/25,0,108000,0,108000
2008/01/28,0,885000,-144000,741000
2008/01/29,0,235000,0,235000
2008/01/30,0,170000,0,170000
2008/01/31,0,42000,-10000,32000
2008/02/01,0,2000,-105000,-103000
2008/02/04,0,0,0,0
2008/02/05,0,0,0,0
2008/02/06,0,0,0,0
2008/02/07,0,0,0,0
2008/02/08,0,0,0,0
2008/02/11,0,0,0,0
2008/02/12,0,5000,-359000,-354000
2008/02/13,0,11000,0,11000
2008/02/14,0,60000,0,60000
2008/02/15,0,179000,0,179000
2008/02/18,0,20000,-20000,0
2008/02/19,0,109000,0,109000
2008/02/20,0,3000,0,3000
2008/02/21,0,92000,-60000,32000
2008/02/22,0,0,-51000,-51000
2008/02/25,0,11000,0,11000
2008/02/26,0,0,-68000,-68000
2008/02/27,0,300000,-1000,299000
2008/02/28,0,0,0,0
2008/02/29,0,39000,-10000,29000
2008/03/03,0,6000,-183000,-177000
2008/03/04,0,10000,-195000,-185000
2008/03/05,0,50000,-55000,-5000
2008/03/06,0,78000,0,78000
2008/03/07,0,327000,0,327000
2008/03/10,0,52000,0,52000
2008/03/11,0,1000,0,1000
2008/03/12,0,2000,-190000,-188000
2008/03/13,0,0,0,0
2008/03/14,0,10000,-163000,-153000
2008/03/17,0,1000,0,1000
2008/03/18,0,0,-59000,-59000
2008/03/19,0,1000,-14000,-13000
2008/03/20,0,96000,-744000,-648000
2008/03/21,0,0,-90000,-90000
2008/03/24,0,2000,-156000,-154000
2008/03/25,0,10000,-71000,-61000
2008/03/26,0,26000,0,26000
2008/03/27,0,11000,-291000,-280000
2008/03/28,0,91000,-220000,-129000
2008/03/31,0,1000,-26000,-25000
2008/04/01,0,0,-4000,-4000
2008/04/02,0,271000,-45000,226000
2008/04/03,0,163000,0,163000
2008/04/04,0,0,0,0
2008/04/07,0,209000,-20000,189000
2008/04/08,0,80000,-50000,30000
2008/04/09,0,68000,0,68000
2008/04/10,0,0,0,0
2008/04/11,0,316000,-30000,286000
2008/04/14,0,143000,0,143000
2008/04/15,0,170000,-70000,100000
2008/04/16,0,240000,-20000,220000
2008/04/17,0,60000,-116000,-56000
2008/04/18,0,316000,-117000,199000
2008/04/21,0,227000,-221000,6000
2008/04/22,0,239000,-4000,235000
2008/04/23,0,1150000,-462000,688000
2008/04/24,0,160000,-35000,125000
2008/04/25,0,15000,-50000,-35000
2008/04/28,0,52000,-66000,-14000
2008/04/29,0,40000,-23000,17000
2008/04/30,0,100000,-1000,99000
2008/05/01,0,0,0,0
2008/05/02,0,20000,-2000,18000
2008/05/05,0,58000,-5000,53000
2008/05/06,0,200000,-20000,180000
2008/05/07,0,5000,-40000,-35000
2008/05/08,0,2000,-25000,-23000
2008/05/09,0,46000,-58000,-12000
2008/05/12,0,88000,-4000,84000
2008/05/13,0,34000,-2000,32000
2008/05/14,0,294000,-26000,268000
2008/05/15,0,246000,0,246000
2008/05/16,0,194000,0,194000
2008/05/19,0,387000,0,387000
2008/05/20,0,240000,-13000,227000
2008/05/21,0,33000,-107000,-74000
2008/05/22,0,107000,-169280,-62280
2008/05/23,0,109000,-50000,59000
2008/05/26,0,249000,-155000,94000
2008/05/27,0,313000,-12000,301000
2008/05/28,0,410000,0,410000
2008/05/29,0,264000,-121000,143000
2008/05/30,0,553000,-250000,303000
2008/06/02,0,270000,0,270000
2008/06/03,0,615000,-6000,609000
2008/06/04,0,26000,-9000,17000
2008/06/05,0,144000,0,144000
2008/06/06,0,1973000,-20000,1953000
2008/06/09,0,252000,0,252000
2008/06/10,0,313000,-15000,298000
2008/06/11,0,369000,-5000,364000
2008/06/12,0,548000,-51000,497000
2008/06/13,0,611000,0,611000
2008/06/16,0,552000,0,552000
2008/06/17,0,645000,-86000,559000
2008/06/18,0,722000,-23000,699000
2008/06/19,0,76000,0,76000
2008/06/20,0,575000,0,575000
2008/06/23,0,876000,0,876000
2008/06/24,0,583000,-10000,573000
2008/06/25,0,189000,-8000,181000
2008/06/26,0,213000,-30000,183000
2008/06/27,0,80000,-210000,-130000
2008/06/30,0,303000,-34000,269000
2008/07/01,0,96000,-3000,93000
2008/07/02,0,80000,-72000,8000
2008/07/03,0,462000,-86000,376000
2008/07/04,0,152000,-188000,-36000
2008/07/07,0,217000,-370000,-153000
2008/07/08,0,87000,-12000,75000
2008/07/09,0,381000,-11000,370000
2008/07/10,0,116000,0,116000
2008/07/11,0,187000,-54000,133000
2008/07/14,0,65000,-170000,-105000
2008/07/15,0,116000,-105000,11000
2008/07/16,0,463000,-452000,11000
2008/07/17,0,544000,-677000,-133000
2008/07/18,0,853000,-4000,849000
2008/07/21,0,302000,0,302000
2008/07/22,0,118000,-45000,73000
2008/07/23,0,55000,-1428,53572
2008/07/24,0,128000,-6000,122000
2008/07/25,0,0,-125000,-125000
2008/07/28,0,0,0,0
2008/07/29,0,0,-20000,-20000
2008/07/30,0,73000,-1000,72000
2008/07/31,0,210000,-4000,206000
2008/08/01,0,0,0,0
2008/08/04,0,0,0,0
2008/08/05,0,143000,-28000,115000
2008/08/06,0,422000,0,422000
2008/08/07,0,220000,0,220000
2008/08/08,0,104000,-62000,42000
2008/08/11,0,165000,0,165000
2008/08/12,0,0,-327000,-327000
2008/08/13,0,202000,-506000,-304000
2008/08/14,0,70000,-529000,-459000
2008/08/15,0,23000,-92000,-69000
2008/08/18,0,115000,-63000,52000
2008/08/19,0,106000,-51000,55000
2008/08/20,0,568000,-15000,553000
2008/08/21,0,275000,-11000,264000
2008/08/22,0,25000,-455000,-430000
2008/08/25,0,120000,-30000,90000
2008/08/26,0,99000,0,99000
2008/08/27,0,240000,-66000,174000
2008/08/28,0,54000,-17000,37000
2008/08/29,0,16000,0,16000
2008/09/01,0,3000,0,3000
2008/09/02,0,157000,-52000,105000
2008/09/03,0,29000,-205000,-176000
2008/09/04,0,62000,-20000,42000
2008/09/05,0,504000,-120000,384000
2008/09/08,0,181000,-1000000,-819000
2008/09/09,0,191000,-871000,-680000
2008/09/10,0,91000,-197000,-106000
2008/09/11,0,20000,-105000,-85000
2008/09/12,0,227000,-243000,-16000
2008/09/15,0,0,-130000,-130000
2008/09/16,0,50000,-40000,10000
2008/09/17,0,371000,-156000,215000
2008/09/18,0,82000,-51000,31000
2008/09/19,0,353000,-64000,289000
2008/09/22,0,113000,-36960,76040
2008/09/23,0,337000,-460,336540
2008/09/24,0,20000,-261540,-241540
2008/09/25,0,83000,-172400,-89400
2008/09/26,0,150000,-151520,-1520
2008/09/29,0,0,0,0
2008/09/30,0,170000,-48320,121680
2008/10/01,0,273000,-40080,232920
2008/10/02,0,156000,-296520,-140520
2008/10/03,0,178000,-236020,-58020
2008/10/06,0,180000,-127400,52600
2008/10/07,0,122000,-362120,-240120
2008/10/08,0,134000,-231100,-97100
2008/10/09,0,323000,0,323000
2008/10/10,0,0,0,0
2008/10/13,0,45000,-188400,-143400
2008/10/14,0,424000,-12500,411500
2008/10/15,0,132000,-115060,16940
2008/10/16,0,1000,-159160,-158160
2008/10/17,0,235000,-126660,108340
2008/10/20,0,1000,0,1000
2008/10/21,0,202000,-46000,156000
2008/10/22,0,251000,-240600,10400
2008/10/23,0,233000,-108140,124860
2008/10/24,0,204000,-1000,203000
2008/10/27,0,613000,-401219,211781
2008/10/28,0,489000,-233401,255599
2008/10/29,0,679000,-204780,474220
2008/10/30,0,200000,-90121,109879
2008/10/31,0,191000,-156700,34300
2008/11/03,0,20000,-395400,-375400
2008/11/04,0,12000,-72000,-60000
2008/11/05,0,0,-302100,-302100
2008/11/06,0,9000,-275000,-266000
2008/11/07,0,28000,-515240,-487240
2008/11/10,0,38000,-73000,-35000
2008/11/11,0,60000,-223000,-163000
2008/11/12,0,15000,-379000,-364000
2008/11/13,0,36000,-519000,-483000
2008/11/14,0,259000,-462960,-203960
2008/11/17,0,2000,-802700,-800700
2008/11/18,0,0,-526040,-526040
2008/11/19,0,402000,-1686160,-1284160
2008/11/20,0,797000,-1050900,-253900
2008/11/21,0,634000,-1353900,-719900
2008/11/24,0,53000,-508360,-455360
2008/11/25,0,506000,-731900,-225900
2008/11/26,0,384000,-8000,376000
2008/11/27,0,446000,-2248560,-1802560
2008/11/28,0,98000,-308260,-210260
2008/12/01,0,66000,-1096800,-1030800
2008/12/02,0,49000,-804080,-755080
2008/12/03,0,134000,-794600,-660600
2008/12/04,0,488000,-543440,-55440
2008/12/05,0,9000,-113000,-104000
2008/12/08,0,469000,-460000,9000
2008/12/09,0,348000,-135000,213000
2008/12/10,0,249000,-70140,178860
2008/12/11,0,584000,-215000,369000
2008/12/12,0,2462000,0,2462000
2008/12/15,0,764000,-151800,612200
2008/12/16,0,60000,-21000,39000
2008/12/17,0,537000,-190000,347000
2008/12/18,0,250000,-229000,21000
2008/12/19,0,250000,-920000,-670000
2008/12/22,0,188000,-272000,-84000
2008/12/23,0,0,-475000,-475000
2008/12/24,0,130000,-312480,-182480
2008/12/25,0,0,-1294000,-1294000
2008/12/26,0,2000,-1438000,-1436000
2008/12/29,0,45000,-311000,-266000
2008/12/30,0,132000,-273640,-141640
2008/12/31,0,50000,-433000,-383000
2009/01/01,0,0,0,0
2009/01/02,0,0,0,0
2009/01/05,0,153000,-20000,133000
2009/01/06,0,225000,-382000,-157000
2009/01/07,0,1175000,-148000,1027000
2009/01/08,0,121000,-175300,-54300
2009/01/09,0,50000,-515200,-465200
2009/01/12,0,0,-3200,-3200
2009/01/13,0,1000,-12000,-11000
2009/01/14,0,106000,0,106000
2009/01/15,0,5000,-277282,-272282
2009/01/16,0,90000,-424840,-334840
2009/01/19,0,15000,-104000,-89000
2009/01/20,0,0,-549000,-549000
2009/01/21,0,0,-242309,-242309
2009/01/22,0,0,0,0
2009/01/23,0,0,0,0
2009/01/26,0,0,0,0
2009/01/27,0,0,0,0
2009/01/28,0,0,0,0
2009/01/29,0,0,0,0
2009/01/30,0,0,0,0
2009/02/02,0,100000,-70000,30000
2009/02/03,0,69000,-306840,-237840
2009/02/04,0,60000,-10000,50000
2009/02/05,0,160000,-120380,39620
2009/02/06,0,88000,-163000,-75000
2009/02/09,0,1122000,-152000,970000
2009/02/10,0,701000,-50260,650740
2009/02/11,0,545000,-349000,196000
2009/02/12,0,742000,-115000,627000
2009/02/13,0,205000,-300000,-95000
2009/02/16,0,527000,0,527000
2009/02/17,0,243000,-43000,200000
2009/02/18,0,142000,-120000,22000
2009/02/19,0,149000,-60000,89000
2009/02/20,0,250000,-84000,166000
2009/02/23,0,34000,-525000,-491000
2009/02/24,0,220000,0,220000
2009/02/25,0,0,-400,-400
2009/02/26,0,0,-15000,-15000
2009/02/27,0,0,0,0
2009/03/02,0,57000,-40000,17000
2009/03/03,0,32000,-392000,-360000
2009/03/04,0,215000,0,215000
2009/03/05,0,140000,0,140000
2009/03/06,0,100000,-11000,89000
2009/03/09,0,62000,-113400,-51400
2009/03/10,0,143000,-150000,-7000
2009/03/11,0,223000,0,223000
2009/03/12,0,526000,0,526000
2009/03/13,0,268000,0,268000
2009/03/16,0,11000,-269000,-258000
2009/03/17,0,7000,-35120,-28120
2009/03/18,0,0,-249000,-249000
2009/03/19,0,0,-538000,-538000
2009/03/20,0,0,-106500,-106500
2009/03/23,0,56000,-42000,14000
2009/03/24,0,0,-254000,-254000
2009/03/25,0,52200,-24400,27800
2009/03/26,0,300000,-182000,118000
2009/03/27,0,45000,-546000,-501000
2009/03/30,0,0,-595000,-595000
2009/03/31,0,162000,-26000,136000
2009/04/01,0,0,-326000,-326000
2009/04/02,0,0,-888000,-888000
2009/04/03,0,20000,-1415000,-1395000
2009/04/06,0,40000,-2127000,-2087000
2009/04/07,0,120000,-1656760,-1536760
2009/04/08,0,0,-152640,-152640
2009/04/09,0,49000,-89000,-40000
2009/04/10,0,0,-424900,-424900
2009/04/13,0,8000,-283400,-275400
2009/04/14,0,30000,-311000,-281000
2009/04/15,0,25000,-160980,-135980
2009/04/16,0,0,0,0
2009/04/17,0,715000,-122000,593000
2009/04/20,0,28000,0,28000
2009/04/21,0,230000,-103000,127000
2009/04/22,0,0,-153700,-153700
2009/04/23,0,0,-147000,-147000
2009/04/24,0,159000,-942000,-783000
2009/04/27,0,50000,-35000,15000
2009/04/28,0,222000,-13000,209000
2009/04/29,0,0,-83000,-83000
2009/04/30,0,62000,-2000,60000
2009/05/01,0,0,0,0
2009/05/04,0,30000,-90600,-60600
2009/05/05,0,109000,-314000,-205000
2009/05/06,0,350000,0,350000
2009/05/07,0,282000,-1000,281000
2009/05/08,0,1784000,0,1784000
2009/05/11,0,481000,0,481000
2009/05/12,0,890000,-263000,627000
2009/05/13,0,1049000,-1000,1048000
2009/05/14,0,0,-220000,-220000
2009/05/15,0,86000,0,86000
2009/05/18,0,101000,-90040,10960
2009/05/19,0,66000,0,66000
2009/05/20,0,75000,-18000,57000
2009/05/21,0,223000,0,223000
2009/05/22,0,477000,0,477000
2009/05/25,0,330000,-42000,288000
2009/05/26,0,2000,-364000,-362000
2009/05/27,0,251000,-7000,244000
2009/05/28,0,0,0,0
2009/05/29,0,0,0,0
2009/06/01,0,12000,0,12000
2009/06/02,0,95000,-47000,48000
2009/06/03,0,144000,-40000,104000
2009/06/04,0,596000,-28000,568000
2009/06/05,0,250000,-144000,106000
2009/06/08,0,1258000,-119000,1139000
2009/06/09,0,1019000,-85000,934000
2009/06/10,0,374000,-41000,333000
2009/06/11,0,382000,-692000,-310000
2009/06/12,0,140000,-210000,-70000
2009/06/15,0,171000,-481000,-310000
2009/06/16,0,139000,-1067000,-928000
2009/06/17,0,191000,-244000,-53000
2009/06/18,0,415000,-140000,275000
2009/06/19,0,97000,-20000,77000
2009/06/22,0,30000,-5000,25000
2009/06/23,0,55000,-310000,-255000
2009/06/24,0,45000,0,45000
2009/06/25,0,10000,-10000,0
2009/06/26,0,0,0,0
2009/06/29,0,276000,-200000,76000
2009/06/30,0,75000,-48000,27000
2009/07/01,0,62000,-30000,32000
2009/07/02,0,82000,-127000,-45000
2009/07/03,0,40000,-35000,5000
2009/07/06,0,136000,-5000,131000
2009/07/07,0,119000,-15000,104000
2009/07/08,0,32000,-104000,-72000
2009/07/09,0,35000,-17000,18000
2009/07/10,0,265000,-10000,255000
2009/07/13,0,80000,-12000,68000
2009/07/14,0,393000,-10000,383000
2009/07/15,0,73000,-10000,63000
2009/07/16,0,30000,-51000,-21000
2009/07/17,0,86000,-127000,-41000
2009/07/20,0,0,0,0
2009/07/21,0,33000,-32000,1000
2009/07/22,0,11000,-100000,-89000
2009/07/23,0,53000,-290000,-237000
2009/07/24,0,10000,-30000,-20000
2009/07/27,0,31000,-6000,25000
2009/07/28,0,700000,-255000,445000
2009/07/29,0,210000,-121000,89000
2009/07/30,0,34000,-242000,-208000
2009/07/31,0,48000,-263000,-215000
2009/08/03,0,10000,-418000,-408000
2009/08/04,0,67000,-71000,-4000
2009/08/05,0,79000,-475000,-396000
2009/08/06,0,166000,-348000,-182000
2009/08/07,0,0,0,0
2009/08/10,0,67000,-201000,-134000
2009/08/11,0,784000,-20000,764000
2009/08/12,0,190000,-2000,188000
2009/08/13,0,87000,0,87000
2009/08/14,0,0,-1000,-1000
2009/08/17,0,0,-181000,-181000
2009/08/18,0,89000,-402000,-313000
2009/08/19,0,163000,-287000,-124000
2009/08/20,0,0,-87000,-87000
2009/08/21,0,60000,-36000,24000
2009/08/24,0,93000,-29000,64000
2009/08/25,0,37000,-60000,-23000
2009/08/26,0,40000,-369000,-329000
2009/08/27,0,29000,0,29000
2009/08/28,0,57000,-73000,-16000
2009/08/31,0,49000,-10000,39000
2009/09/01,0,0,-64000,-64000
2009/09/02,0,445000,-68000,377000
2009/09/03,0,60000,0,60000
2009/09/04,0,0,-19000,-19000
2009/09/07,0,71000,-7000,64000
2009/09/08,0,0,-40000,-40000
2009/09/09,0,2000,-35000,-33000
2009/09/10,0,0,-297000,-297000
2009/09/11,0,11000,-627000,-616000
2009/09/14,0,0,-162000,-162000
2009/09/15,0,0,-211000,-211000
2009/09/16,0,111000,-403000,-292000
2009/09/17,0,11000,-231000,-220000
2009/09/18,0,11000,-33000,-22000
2009/09/21,0,0,-210780,-210780
2009/09/22,0,10000,-284220,-274220
2009/09/23,0,474000,-500840,-26840
2009/09/24,0,369000,-31420,337580
2009/09/25,0,143000,0,143000
2009/09/28,0,103000,-37000,66000
2009/09/29,0,174000,-300,173700
2009/09/30,0,35000,-221020,-186020
2009/10/01,0,52000,-10700,41300
2009/10/02,0,0,-120,-120
2009/10/05,0,30000,-28900,1100
2009/10/06,0,25000,-322160,-297160
2009/10/07,0,0,-1682615,-1682615
2009/10/08,0,0,-1146200,-1146200
2009/10/09,0,0,-135000,-135000
2009/10/12,0,0,-462840,-462840
2009/10/13,0,0,0,0
2009/10/14,0,77000,-20000,57000
2009/10/15,0,33000,-62280,-29280
2009/10/16,0,0,-15000,-15000
2009/10/19,0,56000,-102200,-46200
2009/10/20,0,0,-178000,-178000
2009/10/21,0,1000,-70900,-69900
2009/10/22,0,98000,-692306,-594306
2009/10/23,0,251000,-380200,-129200
2009/10/26,0,350000,-197862,152138
2009/10/27,0,0,-161000,-161000
2009/10/28,0,300000,-61000,239000
2009/10/29,0,1000,-108420,-107420
2009/10/30,0,300000,0,300000
2009/11/02,0,0,-62000,-62000
2009/11/03,0,265000,-14760,250240
2009/11/04,0,50000,-6000,44000
2009/11/05,0,0,-11000,-11000
2009/11/06,0,16000,0,16000
2009/11/09,0,7000,-68000,-61000
2009/11/10,0,106000,-21560,84440
2009/11/11,0,16000,0,16000
2009/11/12,0,0,0,0
2009/11/13,0,21000,-31000,-10000
2009/11/16,0,0,-316900,-316900
2009/11/17,0,0,-156200,-156200
2009/11/18,0,0,-184280,-184280
2009/11/19,0,0,-16540,-16540
2009/11/20,0,0,-156000,-156000
2009/11/23,0,0,-76000,-76000
2009/11/24,0,0,-30000,-30000
2009/11/25,0,0,0,0
2009/11/26,0,131000,0,131000
2009/11/27,0,0,0,0
2009/11/30,0,0,-55000,-55000
2009/12/01,0,0,-223000,-223000
2009/12/02,0,0,-56560,-56560
2009/12/03,0,402000,-8000,394000
2009/12/04,0,818000,-1000,817000
2009/12/07,0,111000,-1000,110000
2009/12/08,0,198000,0,198000
2009/12/09,0,0,0,0
2009/12/10,0,0,-50000,-50000
2009/12/11,0,0,-40000,-40000
2009/12/14,0,0,-1000,-1000
2009/12/15,0,25000,-10960,14040
2009/12/16,0,26000,0,26000
2009/12/17,0,57000,0,57000
2009/12/18,0,0,-134600,-134600
2009/12/21,0,56000,0,56000
2009/12/22,0,0,-5000,-5000
2009/12/23,0,0,-760,-760
2009/12/24,0,0,-10000,-10000
2009/12/25,0,0,-35000,-35000
2009/12/28,0,0,-34000,-34000
2009/12/29,0,30000,-26000,4000
2009/12/30,0,0,-6000,-6000
2009/12/31,0,0,0,0
2010/01/01,0,0,0,0
2010/01/04,0,0,-28000,-28000
2010/01/05,0,0,-70000,-70000
2010/01/06,0,30000,-68600,-38600
2010/01/07,0,63000,-60000,3000
2010/01/08,0,15000,-158000,-143000
2010/01/11,0,20000,-204532,-184532
2010/01/12,0,0,-18000,-18000
2010/01/13,0,0,-10000,-10000
2010/01/14,0,0,0,0
2010/01/15,0,336000,0,336000
2010/01/18,0,8000,0,8000
2010/01/19,0,0,-55000,-55000
2010/01/20,0,0,-91000,-91000
2010/01/21,0,0,0,0
2010/01/22,0,50000,0,50000
2010/01/25,0,0,0,0
2010/01/26,0,0,-185200,-185200
2010/01/27,0,0,-20000,-20000
2010/01/28,0,100000,0,100000
2010/01/29,0,137000,0,137000
2010/02/01,0,33000,-12400,20600
2010/02/02,0,0,0,0
2010/02/03,0,295000,-50000,245000
2010/02/04,0,186000,-52000,134000
2010/02/05,0,42000,0,42000
2010/02/08,0,70000,-50000,20000
2010/02/09,0,59000,-40000,19000
2010/02/10,0,50000,-50000,0
2010/02/11,0,0,0,0
2010/02/12,0,0,0,0
2010/02/15,0,0,0,0
2010/02/16,0,0,0,0
2010/02/17,0,0,0,0
2010/02/18,0,0,0,0
2010/02/19,0,0,0,0
2010/02/22,0,0,-50000,-50000
2010/02/23,0,10000,-12000,-2000
2010/02/24,0,0,-50000,-50000
2010/02/25,0,46000,-2000,44000
2010/02/26,0,60000,-22000,38000
2010/03/01,0,16000,-10000,6000
2010/03/02,0,234000,0,234000
2010/03/03,0,0,-8000,-8000
2010/03/04,0,85000,0,85000
2010/03/05,0,84000,0,84000
2010/03/08,0,40000,-124000,-84000
2010/03/09,0,69000,-9000,60000
2010/03/10,0,70000,0,70000
2010/03/11,0,270000,-8000,262000
2010/03/12,0,43000,-25000,18000
2010/03/15,0,55000,0,55000
2010/03/16,0,159000,0,159000
2010/03/17,0,73000,-70000,3000
2010/03/18,0,114000,-12000,102000
2010/03/19,0,30000,0,30000
2010/03/22,0,0,-16000,-16000
2010/03/23,0,144000,0,144000
2010/03/24,0,15000,-15000,0
2010/03/25,0,10000,-169000,-159000
2010/03/26,0,10000,-154000,-144000
2010/03/29,0,10000,0,10000
2010/03/30,0,427000,-27000,400000
2010/03/31,0,402000,-25000,377000
2010/04/01,0,156000,-87000,69000
2010/04/02,0,68000,-85000,-17000
2010/04/05,0,0,0,0
2010/04/06,0,14000,-18000,-4000
2010/04/07,0,0,-20000,-20000
2010/04/08,0,175000,-60000,115000
2010/04/09,0,0,-16000,-16000
2010/04/12,0,201000,0,201000
2010/04/13,0,136000,-60000,76000
2010/04/14,0,0,0,0
2010/04/15,0,11000,-12000,-1000
2010/04/16,0,0,0,0
2010/04/19,0,0,-81730,-81730
2010/04/20,0,3000,-24000,-21000
2010/04/21,0,25000,0,25000
2010/04/22,0,4000,-10200,-6200
2010/04/23,0,184000,-242600,-58600
2010/04/26,0,0,-393000,-393000
2010/04/27,0,0,-46000,-46000
2010/04/28,0,5000,-160000,-155000
2010/04/29,0,83000,-174000,-91000
2010/04/30,0,0,-1000,-1000
2010/05/03,0,0,-4000,-4000
2010/05/04,0,53000,-206000,-153000
2010/05/05,0,0,-195000,-195000
2010/05/06,0,23000,-171000,-148000
2010/05/07,0,39000,-10000,29000
2010/05/10,0,105000,-30000,75000
2010/05/11,0,88000,-69000,19000
2010/05/12,0,46000,-110000,-64000
2010/05/13,0,0,-250000,-250000
2010/05/14,0,52000,0,52000
2010/05/17,0,0,0,0
2010/05/18,0,170000,0,170000
2010/05/19,0,14000,-50000,-36000
2010/05/20,0,12000,-181840,-169840
2010/05/21,0,0,-94000,-94000
2010/05/24,0,84000,0,84000
2010/05/25,0,140000,0,140000
2010/05/26,0,264000,-14000,250000
2010/05/27,0,79000,0,79000
2010/05/28,0,94000,-1000,93000
2010/05/31,0,154000,0,154000
2010/06/01,0,0,-13000,-13000
2010/06/02,0,17000,-11000,6000
2010/06/03,0,68000,-29000,39000
2010/06/04,0,0,0,0
2010/06/07,0,48000,-13000,35000
2010/06/08,0,0,-20,-20
2010/06/09,0,13000,-15000,-2000
2010/06/10,0,61000,0,61000
2010/06/11,0,0,0,0
2010/06/14,0,17000,-14000,3000
2010/06/15,0,0,-1000,-1000
2010/06/16,0,0,0,0
2010/06/17,0,0,-71000,-71000
2010/06/18,0,80000,-59000,21000
2010/06/21,0,0,-100000,-100000
2010/06/22,0,85000,-113000,-28000
2010/06/23,0,15000,-940,14060
2010/06/24,0,121000,-96000,25000
2010/06/25,0,2000,0,2000
2010/06/28,0,0,0,0
2010/06/29,0,0,-57000,-57000
2010/06/30,0,13000,-27000,-14000
2010/07/01,0,43000,0,43000
2010/07/02,0,0,0,0
2010/07/05,0,61000,-18000,43000
2010/07/06,0,139000,0,139000
2010/07/07,0,47000,-10000,37000
2010/07/08,0,48000,-10000,38000
2010/07/09,0,0,-10000,-10000
2010/07/12,0,0,0,0
2010/07/13,0,0,-44000,-44000
2010/07/14,0,0,-19000,-19000
2010/07/15,0,0,-41000,-41000
2010/07/16,0,0,-9000,-9000
2010/07/19,0,0,-38000,-38000
2010/07/20,0,61000,-60000,1000
2010/07/21,0,20000,0,20000
2010/07/22,0,15000,-29000,-14000
2010/07/23,0,63000,-9920,53080
2010/07/26,0,6000,-25000,-19000
2010/07/27,0,43000,-89000,-46000
2010/07/28,0,38000,0,38000
2010/07/29,0,55000,0,55000
2010/07/30,0,17000,-1000,16000
2010/08/02,0,23000,0,23000
2010/08/03,0,22000,-64000,-42000
2010/08/04,0,67000,-137852,-70852
2010/08/05,0,0,-210000,-210000
2010/08/06,0,40000,-25000,15000
2010/08/09,0,1000,-60000,-59000
2010/08/10,0,0,-7000,-7000
2010/08/11,0,11000,-115000,-104000
2010/08/12,0,121000,-6000,115000
2010/08/13,0,29000,-178000,-149000
2010/08/16,0,142000,-23000,119000
2010/08/17,0,0,-94000,-94000
2010/08/18,0,0,-13000,-13000
2010/08/19,0,34000,-68000,-34000
2010/08/20,0,0,0,0
2010/08/23,0,12000,-87000,-75000
2010/08/24,0,0,-235000,-235000
2010/08/25,0,1000,-56000,-55000
2010/08/26,0,5000,0,5000
2010/08/27,0,5000,-54320,-49320
2010/08/30,0,11000,0,11000
2010/08/31,0,4000,0,4000
2010/09/01,0,68000,-168000,-100000
2010/09/02,0,8000,0,8000
2010/09/03,0,20000,-8000,12000
2010/09/06,0,28000,-10000,18000
2010/09/07,0,51000,-56000,-5000
2010/09/08,0,1000,0,1000
2010/09/09,0,17000,-15000,2000
2010/09/10,0,20000,-10000,10000
2010/09/13,0,8000,0,8000
2010/09/14,0,32000,-60000,-28000
2010/09/15,0,2000,-16000,-14000
2010/09/16,0,0,-136000,-136000
2010/09/17,0,0,-7000,-7000
2010/09/20,0,0,-125000,-125000
2010/09/21,0,0,-47200,-47200
2010/09/22,0,0,0,0
2010/09/23,0,0,0,0
2010/09/24,0,1000,-96000,-95000
2010/09/27,0,19000,-118000,-99000
2010/09/28,0,14000,-325000,-311000
2010/09/29,0,6000,-21000,-15000
2010/09/30,0,5000,-31000,-26000
2010/10/01,0,27000,-46000,-19000
2010/10/04,0,3000,-57200,-54200
2010/10/05,0,0,-156000,-156000
2010/10/06,0,0,-59000,-59000
2010/10/07,0,0,-102000,-102000
2010/10/08,0,0,-144176,-144176
2010/10/11,0,2000,-10000,-8000
2010/10/12,0,0,-21000,-21000
2010/10/13,0,5000,-398800,-393800
2010/10/14,0,0,-214000,-214000
2010/10/15,0,0,-62300,-62300
2010/10/18,0,0,-171000,-171000
2010/10/19,0,49000,-12880,36120
2010/10/20,0,31000,-110000,-79000
2010/10/21,0,0,-31000,-31000
2010/10/22,0,257169,0,257169
2010/10/25,0,60000,0,60000
2010/10/26,0,72000,0,72000
2010/10/27,0,98000,0,98000
2010/10/28,0,31000,-12000,19000
2010/10/29,0,17000,-7000,10000
2010/11/01,0,107000,0,107000
2010/11/02,0,30000,0,30000
2010/11/03,0,28000,-37000,-9000
2010/11/04,0,0,-100000,-100000
2010/11/05,0,91000,-25000,66000
2010/11/08,0,0,-69000,-69000
2010/11/09,0,0,-100000,-100000
2010/11/10,0,17000,-120000,-103000
2010/11/11,0,0,-32000,-32000
2010/11/12,0,0,0,0
2010/11/15,0,34000,0,34000
2010/11/16,0,13000,-1000,12000
2010/11/17,0,0,0,0
2010/11/18,0,17000,-13000,4000
2010/11/19,0,25000,0,25000
2010/11/22,0,31000,-65000,-34000
2010/11/23,0,0,0,0
2010/11/24,0,22000,-24000,-2000
2010/11/25,0,80000,-20000,60000
2010/11/26,0,103000,-19000,84000
2010/11/29,0,109000,-3000,106000
2010/11/30,0,171000,-1000,170000
2010/12/01,0,8000,-1000,7000
2010/12/02,0,171000,0,171000
2010/12/03,0,160000,-10000,150000
2010/12/06,0,20000,-34000,-14000
2010/12/07,0,230000,-106000,124000
2010/12/08,0,183000,-108000,75000
2010/12/09,0,20000,-139000,-119000
2010/12/10,0,0,-144000,-144000
2010/12/13,0,0,-70000,-70000
2010/12/14,0,87000,-46000,41000
2010/12/15,0,39000,-136000,-97000
2010/12/16,0,38000,0,38000
2010/12/17,0,0,0,0
2010/12/20,0,0,0,0
2010/12/21,0,119000,-27000,92000
2010/12/22,0,110000,-26000,84000
2010/12/23,0,40000,0,40000
2010/12/24,0,46000,-14000,32000
2010/12/27,0,0,-37000,-37000
2010/12/28,0,59000,-42000,17000
2010/12/29,0,50000,-6000,44000
2010/12/30,0,23000,-80000,-57000
2010/12/31,0,47000,0,47000
2011/01/03,0,26000,0,26000
2011/01/04,0,52000,0,52000
2011/01/05,0,0,0,0
2011/01/06,0,13000,-8000,5000
2011/01/07,0,73000,0,73000
2011/01/10,0,89000,-2000,87000
2011/01/11,0,129000,-19000,110000
2011/01/12,0,179000,-103000,76000
2011/01/13,0,37000,-13000,24000
2011/01/14,0,55000,0,55000
2011/01/17,0,43000,-126000,-83000
2011/01/18,0,274000,-333000,-59000
2011/01/19,0,191000,-118000,73000
2011/01/20,0,102000,-450220,-348220
2011/01/21,0,153000,-276000,-123000
2011/01/24,0,17000,0,17000
2011/01/25,0,25000,0,25000
2011/01/26,0,130000,-60000,70000
2011/01/27,0,182000,-23000,159000
2011/01/28,0,157000,-61000,96000
2011/01/31,0,0,0,0
2011/02/01,0,0,0,0
2011/02/02,0,0,0,0
2011/02/03,0,0,0,0
2011/02/04,0,0,0,0
2011/02/07,0,0,0,0
2011/02/08,0,79000,-3000,76000
2011/02/09,0,46000,-22000,24000
2011/02/10,0,75000,-100000,-25000
2011/02/11,0,33000,-12000,21000
2011/02/14,0,103000,0,103000
2011/02/15,0,23000,-9000,14000
2011/02/16,0,83000,0,83000
2011/02/17,0,61000,-2000,59000
2011/02/18,0,71000,0,71000
2011/02/21,0,49000,0,49000
2011/02/22,0,72000,-10000,62000
2011/02/23,0,36000,-50000,-14000
2011/02/24,0,62000,0,62000
2011/02/25,0,219000,-9000,210000
2011/02/28,0,0,0,0
2011/03/01,0,52000,-25000,27000
2011/03/02,0,18000,0,18000
2011/03/03,0,5000,-10000,-5000
2011/03/04,0,37000,-55000,-18000
2011/03/07,0,138000,-71000,67000
2011/03/08,0,10000,-21000,-11000
2011/03/09,0,68000,-93000,-25000
2011/03/10,0,59000,-202000,-143000
2011/03/11,0,179000,-10000,169000
2011/03/14,0,72000,-20000,52000
2011/03/15,0,5000,-53000,-48000
2011/03/16,0,101000,-21000,80000
2011/03/17,0,44000,-13000,31000
2011/03/18,0,195000,-4000,191000
2011/03/21,0,99000,-4000,95000
2011/03/22,0,297000,0,297000
2011/03/23,0,12000,0,12000
2011/03/24,0,30000,-35000,-5000
2011/03/25,0,82000,-55000,27000
2011/03/28,0,1000,0,1000
2011/03/29,0,5000,-183000,-178000
2011/03/30,0,14000,-112000,-98000
2011/03/31,0,34000,0,34000
2011/04/01,0,288000,-105000,183000
2011/04/04,0,0,0,0
2011/04/05,0,0,0,0
2011/04/06,0,127000,-6000,121000
2011/04/07,0,70000,0,70000
2011/04/08,0,36000,-28000,8000
2011/04/11,0,74000,0,74000
2011/04/12,0,15000,-4000,11000
2011/04/13,0,80000,-286000,-206000
2011/04/14,0,23000,-101000,-78000
2011/04/15,0,160000,0,160000
2011/04/18,0,0,-37000,-37000
2011/04/19,0,69000,0,69000
2011/04/20,0,202000,0,202000
2011/04/21,0,71000,0,71000
2011/04/22,0,0,-46000,-46000
2011/04/25,0,2000,-11000,-9000
2011/04/26,0,33000,-45000,-12000
2011/04/27,0,15000,-21000,-6000
2011/04/28,0,43000,0,43000
2011/04/29,0,0,0,0
2011/05/02,0,0,0,0
2011/05/03,0,20000,-7000,13000
2011/05/04,0,3000,-5000,-2000
2011/05/05,0,48000,0,48000
2011/05/06,0,14000,-16000,-2000
2011/05/09,0,0,-31000,-31000
2011/05/10,0,9000,-37000,-28000
2011/05/11,0,10000,-94000,-84000
2011/05/12,0,6000,-114000,-108000
2011/05/13,0,5000,-121000,-116000
2011/05/16,0,20000,-71000,-51000
2011/05/17,0,21000,-76000,-55000
2011/05/18,0,32000,-21000,11000
2011/05/19,0,166000,0,166000
2011/05/20,0,36000,-300,35700
2011/05/23,0,12000,0,12000
2011/05/24,0,47000,0,47000
2011/05/25,0,97000,-13000,84000
2011/05/26,0,16000,-9000,7000
2011/05/27,0,46000,-1000,45000
2011/05/30,0,43000,-18000,25000
2011/05/31,0,97000,0,97000
2011/06/01,0,182000,-44000,138000
2011/06/02,0,104000,-45000,59000
2011/06/03,0,74000,-68500,5500
2011/06/06,0,0,0,0
2011/06/07,0,3000,-33500,-30500
2011/06/08,0,2000,-50000,-48000
2011/06/09,0,8000,-21000,-13000
2011/06/10,0,20000,0,20000
2011/06/13,0,11000,-2000,9000
2011/06/14,0,20000,-16000,4000
2011/06/15,0,37000,-144000,-107000
2011/06/16,0,65000,-39000,26000
2011/06/17,0,469000,-53000,416000
2011/06/20,0,138000,-29910,108090
2011/06/21,0,130000,-31000,99000
2011/06/22,0,68000,-9000,59000
2011/06/23,0,53000,-16000,37000
2011/06/24,0,11000,-19000,-8000
2011/06/27,0,32000,-35000,-3000
2011/06/28,0,93000,-9000,84000
2011/06/29,0,204000,0,204000
2011/06/30,0,125000,0,125000
2011/07/01,0,123000,-3000,120000
2011/07/04,0,116000,-7000,109000
2011/07/05,0,3000,-1000,2000
2011/07/06,0,392000,-3000,389000
2011/07/07,0,22000,-11000,11000
2011/07/08,0,60000,-4000,56000
2011/07/11,0,19000,-5000,14000
2011/07/12,0,64000,-14000,50000
2011/07/13,0,91000,-2000,89000
2011/07/14,0,336000,-82000,254000
2011/07/15,0,34000,-6000,28000
2011/07/18,0,12000,-103000,-91000
2011/07/19,0,106000,-97000,9000
2011/07/20,0,201000,-13000,188000
2011/07/21,0,9000,0,9000
2011/07/22,0,37000,-70000,-33000
2011/07/25,0,3000,0,3000
2011/07/26,0,76000,0,76000
2011/07/27,0,159000,-1000,158000
2011/07/28,0,2000,-46000,-44000
2011/07/29,0,73000,-40000,33000
2011/08/01,0,72000,-14000,58000
2011/08/02,0,14000,-116000,-102000
2011/08/03,0,20000,-5000,15000
2011/08/04,0,24000,-50000,-26000
2011/08/05,0,68000,-122000,-54000
2011/08/08,0,146000,-19000,127000
2011/08/09,0,66000,0,66000
2011/08/10,0,71000,-9000,62000
2011/08/11,0,13000,-5000,8000
2011/08/12,0,43000,-19000,24000
2011/08/15,0,124000,-131000,-7000
2011/08/16,0,20000,-77000,-57000
2011/08/17,0,207000,-392000,-185000
2011/08/18,0,319000,-137000,182000
2011/08/19,0,60000,-293000,-233000
2011/08/22,0,41000,-158000,-117000
2011/08/23,0,183000,-71000,112000
2011/08/24,0,298000,-15000,283000
2011/08/25,0,60000,-115000,-55000
2011/08/26,0,68000,-128000,-60000
2011/08/29,0,52000,-64000,-12000
2011/08/30,0,215000,-24000,191000
2011/08/31,0,24000,-15000,9000
2011/09/01,0,11000,-13000,-2000
2011/09/02,0,10000,0,10000
2011/09/05,0,26000,0,26000
2011/09/06,0,9000,-206000,-197000
2011/09/07,0,10000,-44000,-34000
2011/09/08,0,4000,-85000,-81000
2011/09/09,0,70000,-44000,26000
2011/09/12,0,0,0,0
2011/09/13,0,5000,-7128,-2128
2011/09/14,0,65000,-81000,-16000
2011/09/15,0,2000,-49000,-47000
2011/09/16,0,105000,-168000,-63000
2011/09/19,0,1000,-5000,-4000
2011/09/20,0,2000,-19000,-17000
2011/09/21,0,4151,-1000,3151
2011/09/22,0,0,-50000,-50000
2011/09/23,0,20000,-47000,-27000
2011/09/26,0,92000,-65000,27000
2011/09/27,0,81000,-296000,-215000
2011/09/28,0,205000,-70000,135000
2011/09/29,0,222000,-146340,75660
2011/09/30,0,59000,-18000,41000
2011/10/03,0,100000,-26000,74000
2011/10/04,0,73000,-47000,26000
2011/10/05,0,255000,-10000,245000
2011/10/06,0,301000,-1182300,-881300
2011/10/07,0,21000,-556000,-535000
2011/10/10,0,0,0,0
2011/10/11,0,61000,-216000,-155000
2011/10/12,0,19000,-135000,-116000
2011/10/13,0,57000,-2000,55000
2011/10/14,0,10000,-14000,-4000
2011/10/17,0,26000,-101147,-75147
2011/10/18,0,17000,-130066,-113066
2011/10/19,0,20000,-482000,-462000
2011/10/20,0,7000,-407000,-400000
2011/10/21,0,3000,-629000,-626000
2011/10/24,0,87000,-282000,-195000
2011/10/25,0,53000,-80000,-27000
2011/10/26,0,1000,-92000,-91000
2011/10/27,0,0,-25000,-25000
2011/10/28,0,71000,-27000,44000
2011/10/31,0,13000,-6000,7000
2011/11/01,0,23000,-149000,-126000
2011/11/02,0,37000,-130000,-93000
2011/11/03,0,35000,-89000,-54000
2011/11/04,0,7000,-93000,-86000
2011/11/07,0,0,-312000,-312000
2011/11/08,0,0,-64000,-64000
2011/11/09,0,100000,-73400,26600
2011/11/10,0,0,-222000,-222000
2011/11/11,0,20000,-467000,-447000
2011/11/14,0,55000,-6015,48985
2011/11/15,0,68000,-2000,66000
2011/11/16,0,37000,-30000,7000
2011/11/17,0,49000,-18000,31000
2011/11/18,0,61000,-20000,41000
2011/11/21,0,33000,-114000,-81000
2011/11/22,0,53000,-468720,-415720
2011/11/23,0,70000,-257000,-187000
2011/11/24,0,208000,-408000,-200000
2011/11/25,0,153000,-272000,-119000
2011/11/28,0,76000,-210000,-134000
2011/11/29,0,66000,-39000,27000
2011/11/30,0,86000,-106000,-20000
2011/12/01,0,85000,-223000,-138000
2011/12/02,0,23000,-1000,22000
2011/12/05,0,15000,-76000,-61000
2011/12/06,0,92000,-87000,5000
2011/12/07,0,0,-222000,-222000
2011/12/08,0,27000,-44000,-17000
2011/12/09,0,32348,-64000,-31652
2011/12/12,0,98000,-20000,78000
2011/12/13,0,33000,-39000,-6000
2011/12/14,0,15000,-2000,13000
2011/12/15,0,47000,-2000,45000
2011/12/16,0,85000,-9000,76000
2011/12/19,0,13000,-30000,-17000
2011/12/20,0,103000,0,103000
2011/12/21,0,187000,0,187000
2011/12/22,0,494000,-45000,449000
2011/12/23,0,130000,-219000,-89000
2011/12/26,0,135000,-7000,128000
2011/12/27,0,2000,-47000,-45000
2011/12/28,0,6000,-96000,-90000
2011/12/29,0,88000,-20000,68000
2011/12/30,0,35000,-7000,28000
2012/01/02,0,26000,-30000,-4000
2012/01/03,0,69000,-161000,-92000
2012/01/04,0,96000,-4000,92000
2012/01/05,0,123232,-150000,-26768
2012/01/06,0,188000,-117000,71000
2012/01/09,0,101000,-315000,-214000
2012/01/10,0,40000,-40000,0
2012/01/11,0,41000,-4000,37000
2012/01/12,0,52000,-7000,45000
2012/01/13,0,6000,-315000,-309000
2012/01/16,0,15000,-266000,-251000
2012/01/17,0,11000,-115000,-104000
2012/01/18,0,45000,-99580,-54580
2012/01/19,0,0,0,0
2012/01/20,0,0,0,0
2012/01/23,0,0,0,0
2012/01/24,0,0,0,0
2012/01/25,0,0,0,0
2012/01/26,0,0,0,0
2012/01/27,0,0,0,0
2012/01/30,0,111000,-57000,54000
2012/01/31,0,151000,-15000,136000
2012/02/01,0,81000,-62000,19000
2012/02/02,0,114000,-60000,54000
2012/02/03,0,86000,-1000,85000
2012/02/06,0,46000,-75000,-29000
2012/02/07,0,29000,-294000,-265000
2012/02/08,0,3000,-505000,-502000
2012/02/09,0,0,-56656,-56656
2012/02/10,0,72000,-503000,-431000
2012/02/13,0,84000,-411000,-327000
2012/02/14,0,237000,-379000,-142000
2012/02/15,0,361000,-147000,214000
2012/02/16,0,66000,-78000,-12000
2012/02/17,0,13000,-5000,8000
2012/02/20,0,4000,-28000,-24000
2012/02/21,0,5000,-34000,-29000
2012/02/22,0,40000,0,40000
2012/02/23,0,9000,-18000,-9000
2012/02/24,0,9000,-10000,-1000
2012/02/27,0,0,0,0
2012/02/28,0,0,0,0
2012/02/29,0,100000,-4000,96000
2012/03/01,0,74000,-5000,69000
2012/03/02,0,7000,-53000,-46000
2012/03/05,0,0,-73000,-73000
2012/03/06,0,0,-92000,-92000
2012/03/07,0,0,-170000,-170000
2012/03/08,0,527,-96000,-95473
2012/03/09,0,0,-53000,-53000
2012/03/12,0,0,-123000,-123000
2012/03/13,0,0,-256000,-256000
2012/03/14,0,0,-82000,-82000
2012/03/15,0,0,-197846,-197846
2012/03/16,0,0,-350000,-350000
2012/03/19,0,0,-16000,-16000
2012/03/20,0,0,-62000,-62000
2012/03/21,0,0,-210000,-210000
2012/03/22,0,0,-165400,-165400
2012/03/23,0,0,-128000,-128000
2012/03/26,0,0,-65000,-65000
2012/03/27,0,0,0,0
2012/03/28,0,0,-3000,-3000
2012/03/29,0,0,-205000,-205000
2012/03/30,0,1000,-111000,-110000
2012/04/02,0,0,-148000,-148000
2012/04/03,0,0,-71000,-71000
2012/04/04,0,0,0,0
2012/04/05,0,0,-171252,-171252
2012/04/06,0,117000,0,117000
2012/04/09,0,52000,0,52000
2012/04/10,0,0,-22000,-22000
2012/04/11,0,4000,-56000,-52000
2012/04/12,0,20000,-4000,16000
2012/04/13,0,85000,0,85000
2012/04/16,0,35000,0,35000
2012/04/17,0,8000,-50000,-42000
2012/04/18,0,0,-25000,-25000
2012/04/19,0,11000,0,11000
2012/04/20,0,5000,0,5000
2012/04/23,0,0,-230300,-230300
2012/04/24,0,0,-47000,-47000
2012/04/25,0,10000,-29000,-19000
2012/04/26,0,0,-144000,-144000
2012/04/27,0,0,-164960,-164960
2012/04/30,0,0,-92000,-92000
2012/05/01,0,0,0,0
2012/05/02,0,82000,-414000,-332000
2012/05/03,0,28499,-452000,-423501
2012/05/04,0,31000,-369000,-338000
2012/05/07,0,60000,-57160,2840
2012/05/08,0,0,0,0
2012/05/09,0,31000,-13000,18000
2012/05/10,0,10000,-2000,8000
2012/05/11,0,109000,-274000,-165000
2012/05/14,0,36000,0,36000
2012/05/15,0,326000,0,326000
2012/05/16,0,707000,-9000,698000
2012/05/17,0,269000,0,269000
2012/05/18,0,820000,0,820000
2012/05/21,0,114000,0,114000
2012/05/22,0,65000,-8000,57000
2012/05/23,0,42000,-9000,33000
2012/05/24,0,228000,-3000,225000
2012/05/25,0,114000,-40000,74000
2012/05/28,0,54000,-33000,21000
2012/05/29,0,122000,-121487,513
2012/05/30,0,48000,-48401,-401
2012/05/31,0,69000,-1000,68000
2012/06/01,0,156000,-2000,154000
2012/06/04,0,384000,-85000,299000
2012/06/05,0,182000,-32000,150000
2012/06/06,0,441000,-2000,439000
2012/06/07,0,534000,0,534000
2012/06/08,0,61000,0,61000
2012/06/11,0,224000,0,224000
2012/06/12,0,8000,0,8000
2012/06/13,0,15000,-2000,13000
2012/06/14,0,8000,-2000,6000
2012/06/15,0,111000,-6000,105000
2012/06/18,0,266000,-30,265970
2012/06/19,0,147000,-3000,144000
2012/06/20,0,240000,-148000,92000
2012/06/21,0,43000,-17000,26000
2012/06/22,0,62000,-14000,48000
2012/06/25,0,12000,-40000,-28000
2012/06/26,0,28000,-67671,-39671
2012/06/27,0,192000,0,192000
2012/06/28,0,101000,-1000,100000
2012/06/29,0,66000,-5000,61000
2012/07/02,0,65000,0,65000
2012/07/03,0,20000,0,20000
2012/07/04,0,0,-76000,-76000
2012/07/05,0,13000,-17000,-4000
2012/07/06,0,63000,-155000,-92000
2012/07/09,0,65000,-15000,50000
2012/07/10,0,43000,-60000,-17000
2012/07/11,0,236000,-2000,234000
2012/07/12,0,212000,0,212000
2012/07/13,0,388000,0,388000
2012/07/16,0,421000,-11000,410000
2012/07/17,0,183000,-73000,110000
2012/07/18,0,143000,-120000,23000
2012/07/19,0,91400,0,91400
2012/07/20,0,149000,-40000,109000
2012/07/23,0,148000,-38000,110000
2012/07/24,0,65000,0,65000
2012/07/25,0,125000,-24000,101000
2012/07/26,0,131000,0,131000
2012/07/27,0,188000,-8000,180000
2012/07/30,0,234000,-3000,231000
2012/07/31,0,120000,-57000,63000
2012/08/01,0,42000,-46000,-4000
2012/08/02,0,0,0,0
2012/08/03,0,144000,-71000,73000
2012/08/06,0,288000,-89000,199000
2012/08/07,0,135000,-80000,55000
2012/08/08,0,65000,-86000,-21000
2012/08/09,0,81000,-28000,53000
2012/08/10,0,362000,-16000,346000
2012/08/13,0,30000,-46000,-16000
2012/08/14,0,167000,0,167000
2012/08/15,0,28000,-8000,20000
2012/08/16,0,105000,-95000,10000
2012/08/17,0,110015,-13000,97015
2012/08/20,0,10000,-8000,2000
2012/08/21,0,0,-6000,-6000
2012/08/22,0,10000,-100000,-90000
2012/08/23,0,31000,0,31000
2012/08/24,0,3000,-4000,-1000
2012/08/27,0,119000,-1000,118000
2012/08/28,0,8000,-6000,2000
2012/08/29,0,5000,-3000,2000
2012/08/30,0,10000,-16000,-6000
2012/08/31,0,199000,-117000,82000
2012/09/03,0,99000,0,99000
2012/09/04,0,158000,-111000,47000
2012/09/05,0,17000,-28000,-11000
2012/09/06,0,85000,-5000,80000
2012/09/07,0,31000,-3000,28000
2012/09/10,0,3000,0,3000
2012/09/11,0,16000,-24000,-8000
2012/09/12,0,69000,-111000,-42000
2012/09/13,0,29000,-71000,-42000
2012/09/14,0,42000,-21000,21000
2012/09/17,0,17000,-70000,-53000
2012/09/18,0,0,-9000,-9000
2012/09/19,0,1000,-88000,-87000
2012/09/20,0,32000,-15000,17000
2012/09/21,0,0,-16000,-16000
2012/09/24,0,0,-10000,-10000
2012/09/25,0,68000,-53000,15000
2012/09/26,0,46000,-568000,-522000
2012/09/27,0,322000,-136000,186000
2012/09/28,0,25000,-6000,19000
2012/10/01,0,48000,-213000,-165000
2012/10/02,0,45000,-41000,4000
2012/10/03,0,52000,-20000,32000
2012/10/04,0,9000,-79000,-70000
2012/10/05,0,40000,-5000,35000
2012/10/08,0,25000,-118000,-93000
2012/10/09,0,121000,-257000,-136000
2012/10/10,0,0,0,0
2012/10/11,0,42000,0,42000
2012/10/12,0,26000,0,26000
2012/10/15,0,76000,0,76000
2012/10/16,0,36000,0,36000
2012/10/17,0,41000,-42000,-1000
2012/10/18,0,158000,-125450,32550
2012/10/19,0,44000,-105000,-61000
2012/10/22,0,7000,-68000,-61000
2012/10/23,0,3000,-112000,-109000
2012/10/24,0,10000,-12000,-2000
2012/10/25,0,22000,-165000,-143000
2012/10/26,0,825000,-18000,807000
2012/10/29,0,199417,0,199417
2012/10/30,0,20000,-8000,12000
2012/10/31,0,145000,0,145000
2012/11/01,0,91000,-55000,36000
2012/11/02,0,67000,-6000,61000
2012/11/05,0,23000,-15000,8000
2012/11/06,0,743000,-10000,733000
2012/11/07,0,262000,-10000,252000
2012/11/08,0,102000,-6000,96000
2012/11/09,0,350000,-203000,147000
2012/11/12,0,37000,0,37000
2012/11/13,0,157000,0,157000
2012/11/14,0,107000,-54000,53000
2012/11/15,0,40000,-7000,33000
2012/11/16,0,27000,-9000,18000
2012/11/19,0,28000,-20000,8000
2012/11/20,0,232000,0,232000
2012/11/21,0,51000,0,51000
2012/11/22,0,174000,-270000,-96000
2012/11/23,0,80000,-20000,60000
2012/11/26,0,67000,-109000,-42000
2012/11/27,0,0,-125000,-125000
2012/11/28,0,14000,-35000,-21000
2012/11/29,0,19000,-111000,-92000
2012/11/30,0,94000,-86100,7900
2012/12/03,0,29000,-127000,-98000
2012/12/04,0,80000,-145000,-65000
2012/12/05,0,33000,-95000,-62000
2012/12/06,0,41000,-20000,21000
2012/12/07,0,88000,-86000,2000
2012/12/10,0,107000,-167000,-60000
2012/12/11,0,29000,-126000,-97000
2012/12/12,0,43000,-102000,-59000
2012/12/13,0,0,-120000,-120000
2012/12/14,0,88000,-309000,-221000
2012/12/17,0,167000,-314000,-147000
2012/12/18,0,449000,-53000,396000
2012/12/19,0,189000,-217000,-28000
2012/12/20,0,39000,-92000,-53000
2012/12/21,0,36000,-133000,-97000
2012/12/24,0,2000,-134000,-132000
2012/12/25,0,21000,-118000,-97000
2012/12/26,0,10000,-10000,0
2012/12/27,0,96000,-68000,28000
2012/12/28,0,25000,-6000,19000
2012/12/31,0,0,0,0
2013/01/01,0,0,0,0
2013/01/02,0,19000,-16000,3000
2013/01/03,0,63000,-87000,-24000
2013/01/04,0,1000,-215000,-214000
2013/01/07,0,1000,-642000,-641000
2013/01/08,0,7000,-486000,-479000
2013/01/09,0,18000,-5000,13000
2013/01/10,0,9000,-58000,-49000
2013/01/11,0,86000,-107000,-21000
2013/01/14,0,24000,-283000,-259000
2013/01/15,0,0,-184000,-184000
2013/01/16,0,4000,-76000,-72000
2013/01/17,0,216000,-7126,208874
2013/01/18,0,45000,-4000,41000
2013/01/21,0,58000,-15000,43000
2013/01/22,0,34000,-15000,19000
2013/01/23,0,298000,-145000,153000
2013/01/24,0,207000,-149000,58000
2013/01/25,0,47000,-30000,17000
2013/01/28,0,52000,-5000,47000
2013/01/29,0,192000,-8000,184000
2013/01/30,0,109000,-60000,49000
2013/01/31,0,62000,-42000,20000
2013/02/01,0,187000,-89781,97219
2013/02/04,0,13000,-82000,-69000
2013/02/05,0,10000,-1000,9000
2013/02/06,0,24000,-118000,-94000
2013/02/07,0,0,0,0
2013/02/08,0,0,0,0
2013/02/11,0,0,0,0
2013/02/12,0,0,0,0
2013/02/13,0,0,0,0
2013/02/14,0,0,0,0
2013/02/15,0,0,0,0
2013/02/18,0,11000,-27000,-16000
2013/02/19,0,11000,-11000,0
2013/02/20,0,102000,-37000,65000
2013/02/21,0,2000,-38000,-36000
2013/02/22,0,0,-45000,-45000
2013/02/25,0,0,-74000,-74000
2013/02/26,0,2000,-38000,-36000
2013/02/27,0,1000,-30000,-29000
2013/02/28,0,0,0,0
2013/03/01,0,22000,-23000,-1000
2013/03/04,0,0,-20000,-20000
2013/03/05,0,8000,-115000,-107000
2013/03/06,0,0,-662000,-662000
2013/03/07,0,14000,-206000,-192000
2013/03/08,0,57000,-56000,1000
2013/03/11,0,0,-235000,-235000
2013/03/12,0,0,-157000,-157000
2013/03/13,0,0,-101000,-101000
2013/03/14,0,20000,0,20000
2013/03/15,0,105000,-1000,104000
2013/03/18,0,8300,-7000,1300
2013/03/19,0,27000,-14000,13000
2013/03/20,0,3000,-65000,-62000
2013/03/21,0,0,-3000,-3000
2013/03/22,0,0,-20000,-20000
2013/03/25,0,23000,-36000,-13000
2013/03/26,0,10000,0,10000
2013/03/27,0,108000,-2000,106000
2013/03/28,0,16000,0,16000
2013/03/29,0,5000,-18000,-13000
2013/04/01,0,28000,-2000,26000
2013/04/02,0,16000,-8000,8000
2013/04/03,0,35000,-73000,-38000
2013/04/04,0,0,0,0
2013/04/05,0,0,0,0
2013/04/08,0,0,-36000,-36000
2013/04/09,0,45000,-11000,34000
2013/04/10,0,112000,0,112000
2013/04/11,0,57000,-7000,50000
2013/04/12,0,15000,-36000,-21000
2013/04/15,0,17000,-203000,-186000
2013/04/16,0,5000,-210000,-205000
2013/04/17,0,35000,-23000,12000
2013/04/18,0,10000,-309000,-299000
2013/04/19,0,18637,-171000,-152363
2013/04/22,0,53000,-574000,-521000
2013/04/23,0,2000,-365000,-363000
2013/04/24,0,39000,-131620,-92620
2013/04/25,0,5000,-152000,-147000
2013/04/26,0,187000,0,187000
2013/04/29,0,785000,0,785000
2013/04/30,0,388000,-3000,385000
2013/05/01,0,0,0,0
2013/05/02,0,138000,-6000,132000
2013/05/03,0,169000,-1000,168000
2013/05/06,0,396000,-5000,391000
2013/05/07,0,16000,-4000,12000
2013/05/08,0,19000,-13000,6000
2013/05/09,0,94000,-6000,88000
2013/05/10,0,63000,0,63000
2013/05/13,0,5000,0,5000
2013/05/14,0,96000,-4000,92000
2013/05/15,0,176000,-53000,123000
2013/05/16,0,365000,-2000,363000
2013/05/17,0,122000,-16000,106000
2013/05/20,0,21000,-15000,6000
2013/05/21,0,139000,-49000,90000
2013/05/22,0,7000,-12000,-5000
2013/05/23,0,38000,-97000,-59000
2013/05/24,0,47000,-54000,-7000
2013/05/27,0,10000,-7000,3000
2013/05/28,0,242000,-16000,226000
2013/05/29,0,107000,-46000,61000
2013/05/30,0,1000,-7000,-6000
2013/05/31,0,39000,-15000,24000
2013/06/03,0,11000,-2000,9000
2013/06/04,0,86000,-9000,77000
2013/06/05,0,29000,-9000,20000
2013/06/06,0,124000,-15000,109000
2013/06/07,0,80000,-12000,68000
2013/06/10,0,74000,-5000,69000
2013/06/11,0,56000,0,56000
2013/06/12,0,0,0,0
2013/06/13,0,75000,-21000,54000
2013/06/14,0,81000,0,81000
2013/06/17,0,104000,0,104000
2013/06/18,0,68000,-9000,59000
2013/06/19,0,13000,0,13000
2013/06/20,0,113000,0,113000
2013/06/21,0,60000,-2000,58000
2013/06/24,0,82000,-5000,77000
2013/06/25,0,97000,-74000,23000
2013/06/26,0,21000,-44000,-23000
2013/06/27,0,103000,0,103000
2013/06/28,0,43000,-2000,41000
2013/07/01,0,127000,-2000,125000
2013/07/02,0,18000,0,18000
2013/07/03,0,10000,0,10000
2013/07/04,0,65000,-59000,6000
2013/07/05,0,48000,-52000,-4000
2013/07/08,0,81000,-15000,66000
2013/07/09,0,115000,-31000,84000
2013/07/10,0,253000,-17000,236000
2013/07/11,0,39000,-2588,36412
2013/07/12,0,16000,-2000,14000
2013/07/15,0,35000,-2000,33000
2013/07/16,0,0,-35000,-35000
2013/07/17,0,0,-34000,-34000
2013/07/18,0,30000,-29000,1000
2013/07/19,0,21000,-278000,-257000
2013/07/22,0,48000,-328000,-280000
2013/07/23,0,62000,-107000,-45000
2013/07/24,0,105000,-50000,55000
2013/07/25,0,19000,-2000,17000
2013/07/26,0,189000,-3000,186000
2013/07/29,0,270000,-90000,180000
2013/07/30,0,16000,-9000,7000
2013/07/31,0,56000,-24000,32000
2013/08/01,0,3000,0,3000
2013/08/02,0,13000,0,13000
2013/08/05,0,0,-1000,-1000
2013/08/06,0,34000,-50000,-16000
2013/08/07,0,20000,0,20000
2013/08/08,0,10000,0,10000
2013/08/09,0,6000,-9000,-3000
2013/08/12,0,42000,-32000,10000
2013/08/13,0,20000,-6000,14000
2013/08/14,0,9000,-27000,-18000
2013/08/15,0,11000,-174000,-163000
2013/08/16,0,2000,-17000,-15000
2013/08/19,0,0,-135000,-135000
2013/08/20,0,18000,-26000,-8000
2013/08/21,0,0,0,0
2013/08/22,0,31000,-66000,-35000
2013/08/23,0,87000,-8000,79000
2013/08/26,0,3000,-1000,2000
2013/08/27,0,12000,-1000,11000
2013/08/28,0,48000,-30000,18000
2013/08/29,0,0,-16000,-16000
2013/08/30,0,18000,-9000,9000
2013/09/02,0,0,-25000,-25000
2013/09/03,0,10000,-51172,-41172
2013/09/04,0,0,-28000,-28000
2013/09/05,0,1000,-19000,-18000
2013/09/06,0,35000,-81000,-46000
2013/09/09,0,0,-26000,-26000
2013/09/10,0,8000,0,8000
2013/09/11,0,2000,-220000,-218000
2013/09/12,0,174000,-7000,167000
2013/09/13,0,0,-21000,-21000
2013/09/16,0,73000,-2000,71000
2013/09/17,0,0,-24000,-24000
2013/09/18,0,3000,-16000,-13000
2013/09/19,0,0,0,0
2013/09/20,0,0,0,0
2013/09/23,0,20000,-14000,6000
2013/09/24,0,51000,-6000,45000
2013/09/25,0,20000,-2000,18000
2013/09/26,0,10000,-74000,-64000
2013/09/27,0,0,-19000,-19000
2013/09/30,0,0,0,0
2013/10/01,0,12000,-19000,-7000
2013/10/02,0,6000,-23000,-17000
2013/10/03,0,3000,-4000,-1000
2013/10/04,0,9000,-20000,-11000
2013/10/07,0,3000,-114000,-111000
2013/10/08,0,11000,-71000,-60000
2013/10/09,0,2000,-146000,-144000
2013/10/10,0,0,0,0
2013/10/11,0,0,-42000,-42000
2013/10/14,0,0,-88000,-88000
2013/10/15,0,20000,-48000,-28000
2013/10/16,0,0,-231000,-231000
2013/10/17,0,0,-111000,-111000
2013/10/18,0,10000,-22000,-12000
2013/10/21,0,13000,-3000,10000
2013/10/22,0,11000,-1000,10000
2013/10/23,0,20000,-28000,-8000
2013/10/24,0,68000,-4000,64000
2013/10/25,0,21000,-2000,19000
2013/10/28,0,0,-37000,-37000
2013/10/29,0,38000,-22000,16000
2013/10/30,0,25000,-1000,24000
2013/10/31,0,104000,-103000,1000
2013/11/01,0,51000,-31000,20000
2013/11/04,0,15000,-66000,-51000
2013/11/05,0,14000,0,14000
2013/11/06,0,0,-34000,-34000
2013/11/07,0,22000,0,22000
2013/11/08,0,0,-66000,-66000
2013/11/11,0,0,0,0
2013/11/12,0,70000,-7000,63000
2013/11/13,0,20000,0,20000
2013/11/14,0,0,0,0
2013/11/15,0,0,0,0
2013/11/18,0,0,-4000,-4000
2013/11/19,0,25000,-1000,24000
2013/11/20,0,20000,-2000,18000
2013/11/21,0,0,-7000,-7000
2013/11/22,0,0,0,0
2013/11/25,0,143,-9000,-8857
2013/11/26,0,5000,-9000,-4000
2013/11/27,0,3000,-4000,-1000
2013/11/28,0,1000,-9000,-8000
2013/11/29,0,3000,-20000,-17000
2013/12/02,0,0,-1000,-1000
2013/12/03,0,55000,-19000,36000
2013/12/04,0,35000,-24000,11000
2013/12/05,0,10000,-8000,2000
2013/12/06,0,24000,-104000,-80000
2013/12/09,0,6000,-42000,-36000
2013/12/10,0,58000,-20000,38000
2013/12/11,0,40000,-29000,11000
2013/12/12,0,0,-36000,-36000
2013/12/13,0,0,-171000,-171000
2013/12/16,0,0,-124000,-124000
2013/12/17,0,100000,-78000,22000
2013/12/18,0,2000,-24000,-22000
2013/12/19,0,31000,-93000,-62000
2013/12/20,0,17000,-118000,-101000
2013/12/23,0,16000,-56000,-40000
2013/12/24,0,7000,-285000,-278000
2013/12/25,0,5000,-97000,-92000
2013/12/26,0,0,-111000,-111000
2013/12/27,0,4000,-9000,-5000
2013/12/30,0,33000,-1000,32000
2013/12/31,0,12000,0,12000
2014/01/02,0,8000,-98000,-90000
2014/01/03,0,2000,-164000,-162000
2014/01/06,0,0,-396000,-396000
2014/01/07,0,0,-129000,-129000
2014/01/08,0,0,-96000,-96000
2014/01/09,0,0,-113000,-113000
2014/01/10,0,0,-11000,-11000
2014/01/13,0,0,-7000,-7000
2014/01/14,0,2000,-15000,-13000
2014/01/15,0,14000,-64000,-50000
2014/01/16,0,50000,-54000,-4000
2014/01/17,0,37000,-6000,31000
2014/01/20,0,0,-9000,-9000
2014/01/21,0,1000,-105000,-104000
2014/01/22,0,3000,-75000,-72000
2014/01/23,0,0,-151000,-151000
2014/01/24,0,6000,-39000,-33000
2014/01/27,0,4000,-26000,-22000
2014/02/05,0,0,-28000,-28000
2014/02/06,0,0,-90000,-90000
2014/02/07,0,0,-4000,-4000
2014/02/10,0,1000,-3000,-2000
2014/02/11,0,79000,-2000,77000
2014/02/12,0,15000,0,15000
2014/02/13,0,24211,-1000,23211
2014/02/14,0,10000,-37000,-27000
2014/02/17,0,0,-2000,-2000
2014/02/18,0,7000,-63000,-56000
2014/02/19,0,15000,-142000,-127000
2014/02/20,0,5000,-10000,-5000
2014/02/21,0,90000,-26000,64000
2014/02/24,0,18000,-13000,5000
2014/02/25,0,47000,-2000,45000
2014/02/26,0,33000,-20000,13000
2014/02/27,0,52000,-47000,5000
2014/03/03,0,3000,-53000,-50000
2014/03/04,0,0,-19000,-19000
2014/03/05,0,15000,-37000,-22000
2014/03/06,0,0,-12000,-12000
2014/03/07,0,15000,-11000,4000
2014/03/10,0,0,-63000,-63000
2014/03/11,0,0,-42000,-42000
2014/03/12,0,0,-20000,-20000
2014/03/13,0,0,-91000,-91000
2014/03/14,0,3000,-10000,-7000
2014/03/17,0,55000,-28000,27000
2014/03/18,0,0,-2000,-2000
2014/03/19,0,17000,-26000,-9000
2014/03/20,0,25000,-13000,12000
2014/03/21,0,9000,-64000,-55000
2014/03/24,0,0,-33000,-33000
2014/03/25,0,0,-49000,-49000
2014/03/26,0,0,0,0
2014/03/27,0,82000,-1000,81000
2014/03/28,0,81000,-42000,39000
2014/03/31,0,4000,-2000,2000
2014/04/01,0,33000,-2000,31000
2014/04/02,0,21000,-3000,18000
2014/04/03,0,3000,-10000,-7000
2014/04/07,0,0,-16000,-16000
2014/04/08,0,56000,-52000,4000
2014/04/09,0,11000,-53000,-42000
2014/04/10,0,1000,-123081,-122081
2014/04/11,0,0,-99000,-99000
2014/04/14,0,32000,-194000,-162000
2014/04/15,0,13000,-62000,-49000
2014/04/16,0,0,-20000,-20000
2014/04/17,0,18000,-6000,12000
2014/04/18,0,0,-10000,-10000
2014/04/21,0,7000,-1000,6000
2014/04/22,0,21000,-51000,-30000
2014/04/23,0,0,-106000,-106000
2014/04/24,0,23000,-53000,-30000
2014/04/25,0,133000,-23000,110000
2014/04/28,0,29000,-137000,-108000
2014/04/29,0,13333,-87000,-73667
2014/04/30,0,1000,-55000,-54000
2014/05/02,0,0,-7000,-7000
2014/05/05,0,2000,-11000,-9000
2014/05/06,0,24000,-61000,-37000
2014/05/07,0,18000,-2000,16000
2014/05/08,0,1000,-25000,-24000
2014/05/09,0,0,-23000,-23000
2014/05/12,0,53000,0,53000
2014/05/13,0,16000,0,16000
2014/05/14,0,2000,-23000,-21000
2014/05/15,0,4000,-25000,-21000
2014/05/16,0,12000,-28000,-16000
2014/05/19,0,1000,0,1000
2014/05/20,0,1000,-6000,-5000
2014/05/21,0,5000,0,5000
2014/05/22,0,0,-22000,-22000
2014/05/23,0,5000,-36000,-31000
2014/05/26,0,0,-17000,-17000
2014/05/27,0,0,-31000,-31000
2014/05/28,0,0,-16000,-16000
2014/05/29,0,1000,-1000,0
2014/05/30,0,1000,-14000,-13000
2014/06/03,0,1000,-28000,-27000
2014/06/04,0,5000,-25000,-20000
2014/06/05,0,6000,-9000,-3000
2014/06/06,0,28000,-4000,24000
2014/06/09,0,2000,-9000,-7000
2014/06/10,0,0,-39000,-39000
2014/06/11,0,9000,-29000,-20000
2014/06/12,0,3000,-49000,-46000
2014/06/13,0,0,-69000,-69000
2014/06/16,0,5000,-26000,-21000
2014/06/17,0,10000,-5000,5000
2014/06/18,0,1000,-28000,-27000
2014/06/19,0,8000,-2000,6000
2014/06/20,0,7130,-111000,-103870
2014/06/23,0,0,-78000,-78000
2014/06/24,0,4000,-105000,-101000
2014/06/25,0,3000,-10000,-7000
2014/06/26,0,2000,-39000,-37000
2014/06/27,0,8000,-9000,-1000
2014/06/30,0,1000,-10000,-9000
2014/07/01,0,2000,-47000,-45000
2014/07/02,0,5000,-46003,-41003
2014/07/03,0,1000,-32000,-31000
2014/07/04,0,0,-24000,-24000
2014/07/07,0,0,-11000,-11000
2014/07/08,0,0,-51000,-51000
2014/07/09,0,3000,-18000,-15000
2014/07/10,0,16000,-22000,-6000
2014/07/11,0,0,-56000,-56000
2014/07/14,0,1000,-61000,-60000
2014/07/15,0,0,-49000,-49000
2014/07/16,0,1000,-18000,-17000
2014/07/17,0,2000,-110000,-108000
2014/07/18,0,9000,-19000,-10000
2014/07/21,0,0,-27000,-27000
2014/07/22,0,0,0,0
2014/07/23,0,0,0,0
2014/07/24,0,0,-94000,-94000
2014/07/25,0,6000,-97000,-91000
2014/07/28,0,11000,-47000,-36000
2014/07/29,0,69000,-12000,57000
2014/07/30,0,1000,-84000,-83000
2014/07/31,0,10000,0,10000
2014/08/01,0,0,-4000,-4000
2014/08/04,0,1000,-4000,-3000
2014/08/05,0,2000,-8000,-6000
2014/08/06,0,2000,-35000,-33000
2014/08/07,0,3000,-12000,-9000
2014/08/08,0,3000,-16000,-13000
2014/08/11,0,1000,-34000,-33000
2014/08/12,0,0,0,0
2014/08/13,0,2000,0,2000
2014/08/14,0,5000,-4000,1000
2014/08/15,0,0,-2000,-2000
2014/08/18,0,0,0,0
2014/08/19,0,0,-4000,-4000
2014/08/20,0,8000,0,8000
2014/08/21,0,16000,0,16000
2014/08/22,0,5000,0,5000
2014/08/25,0,0,0,0
2014/08/26,0,21000,0,21000
2014/08/27,0,11000,0,11000
2014/08/28,0,1000,0,1000
2014/08/29,0,0,-8000,-8000
2014/09/01,0,11000,0,11000
2014/09/02,0,7000,-5000,2000
2014/09/03,0,0,-63000,-63000
2014/09/04,0,8000,-47000,-39000
2014/09/05,0,1000,-3000,-2000
2014/09/09,0,10000,-2000,8000
2014/09/10,0,0,-8000,-8000
2014/09/11,0,1000,0,1000
2014/09/12,0,18000,-70000,-52000
2014/09/15,0,2000,-11000,-9000
2014/09/16,0,1000,0,1000
2014/09/17,0,21000,0,21000
2014/09/18,0,4000,0,4000
2014/09/19,0,16000,-6000,10000
2014/09/22,0,2228,-1000,1228
2014/09/23,0,4000,-9000,-5000
2014/09/24,0,16000,-2000,14000
2014/09/25,0,6000,-2000,4000
2014/09/26,0,1000,-37000,-36000
2014/09/29,0,18000,0,18000
2014/09/30,0,0,0,0
2014/10/01,0,26000,0,26000
2014/10/02,0,4000,0,4000
2014/10/03,0,10000,-1000,9000
2014/10/06,0,0,-1000,-1000
2014/10/07,0,12000,-2000,10000
2014/10/08,0,21000,-2000,19000
2014/10/09,0,14000,-1000,13000
2014/10/13,0,10000,-2000,8000
2014/10/14,0,1050,0,1050
2014/10/15,0,0,0,0
2014/10/16,0,34000,-2000,32000
2014/10/17,0,0,-107000,-107000
2014/10/20,0,7000,-26000,-19000
2014/10/21,0,9000,-13000,-4000
2014/10/22,0,0,-29000,-29000
2014/10/23,0,1000,-21000,-20000
2014/10/24,0,6000,-10000,-4000
2014/10/27,0,5000,-60000,-55000
2014/10/28,0,13000,-16000,-3000
2014/10/29,0,45000,0,45000
2014/10/30,0,21000,0,21000
2014/10/31,0,19000,0,19000
2014/11/03,0,3000,0,3000
2014/11/04,0,1000,0,1000
2014/11/05,0,2000,-4000,-2000
2014/11/06,0,23000,-34000,-11000
2014/11/07,0,55000,-17000,38000
2014/11/10,0,25000,0,25000
2014/11/11,0,13000,0,13000
2014/11/12,0,12000,-47000,-35000
2014/11/13,0,19000,-23000,-4000
2014/11/14,0,0,-10000,-10000
2014/11/17,0,1000,0,1000
2014/11/18,0,0,-6000,-6000
2014/11/19,0,31000,0,31000
2014/11/20,0,81000,0,81000
2014/11/21,0,3000,-17000,-14000
2014/11/24,0,0,-18000,-18000
2014/11/25,0,0,-1000,-1000
2014/11/26,0,16000,-1000,15000
2014/11/27,0,0,-36000,-36000
2014/11/28,0,37000,-19000,18000
2014/12/01,0,27000,-2000,25000
2014/12/02,0,0,-33000,-33000
2014/12/03,0,0,-51000,-51000
2014/12/04,0,1000,-2000,-1000
2014/12/05,0,0,-7000,-7000
2014/12/08,0,0,-66000,-66000
2014/12/09,0,0,-123000,-123000
2014/12/10,0,2000,-18000,-16000
2014/12/11,0,0,-2026,-2026
2014/12/12,0,16000,-7000,9000
2014/12/15,0,2000,-51000,-49000
2014/12/16,0,1000,-16000,-15000
2014/12/17,0,0,-15000,-15000
2014/12/18,0,5000,-10000,-5000
2014/12/19,0,23000,-2000,21000
2014/12/22,0,0,0,0
2014/12/23,0,0,-45000,-45000
2014/12/24,0,5000,-99000,-94000
2014/12/25,0,0,-55000,-55000
2014/12/26,0,0,-10000,-10000
2014/12/29,0,2000,-5000,-3000
2014/12/30,0,15000,-3000,12000
2014/12/31,0,0,-7000,-7000
2015/01/01,0,0,0,0
2015/01/02,0,0,0,0
2015/01/05,0,0,-15000,-15000
2015/01/06,0,0,-91000,-91000
2015/01/07,0,4000,-25000,-21000
2015/01/08,0,8000,-18000,-10000
2015/01/09,0,10000,-3000,7000
2015/01/12,0,3000,-11000,-8000
2015/01/13,0,0,-1000,-1000
2015/01/14,0,0,-3000,-3000
2015/01/15,0,0,-33000,-33000
2015/01/16,0,33000,-23000,10000
2015/01/19,0,6000,-24000,-18000
2015/01/20,0,31000,-23000,8000
2015/01/21,0,14000,-32000,-18000
2015/01/22,0,20000,-4000,16000
2015/01/23,0,32000,-28000,4000
2015/01/26,0,0,-24000,-24000
2015/01/27,0,19000,-16000,3000
2015/01/28,0,1000,-2000,-1000
2015/01/29,0,6000,-55000,-49000
2015/01/30,0,10000,-22000,-12000
2015/02/02,0,7000,-3000,4000
2015/02/03,0,81000,-11000,70000
2015/02/04,0,1000,-9000,-8000
2015/02/05,0,0,-3000,-3000
2015/02/06,0,1000,-43000,-42000
2015/02/09,0,0,-19000,-19000
2015/02/10,0,3000,-17000,-14000
2015/02/11,0,3000,-4000,-1000
2015/02/12,0,0,0,0
2015/02/13,0,8000,-3000,5000
2015/02/16,0,0,0,0
2015/02/17,0,0,0,0
2015/02/18,0,0,0,0
2015/02/19,0,0,0,0
2015/02/20,0,0,0,0
2015/02/23,0,0,0,0
2015/02/24,0,12000,0,12000
2015/02/25,0,0,-12000,-12000
2015/02/26,0,0,-23000,-23000
2015/02/27,0,0,0,0
2015/03/02,0,3000,-5000,-2000
2015/03/03,0,0,-13000,-13000
2015/03/04,0,3000,-5000,-2000
2015/03/05,0,0,-2000,-2000
2015/03/06,0,0,-21000,-21000
2015/03/09,0,0,-6000,-6000
2015/03/10,0,0,-3000,-3000
2015/03/11,0,0,-45000,-45000
2015/03/12,0,1000,-1029,-29
2015/03/13,0,3000,0,3000
2015/03/16,0,1000,-1000,0
2015/03/17,0,0,-2000,-2000
2015/03/18,0,0,-1000,-1000
2015/03/19,0,2000,-5000,-3000
2015/03/20,0,0,-1000,-1000
2015/03/23,0,0,-3000,-3000
2015/03/24,0,0,-1000,-1000
2015/03/25,0,18000,-18000,0
2015/03/26,0,0,-1000,-1000
2015/03/27,0,0,-7000,-7000
2015/03/30,0,0,-147000,-147000
2015/03/31,0,0,-37000,-37000
2015/04/01,0,0,-26000,-26000
2015/04/02,0,0,-5000,-5000
2015/04/03,0,0,0,0
2015/04/06,0,0,0,0
2015/04/07,0,0,-36000,-36000
2015/04/08,0,0,-21000,-21000
2015/04/09,0,0,-22000,-22000
2015/04/10,0,0,-9000,-9000
2015/04/13,0,0,-10000,-10000
2015/04/14,0,0,-116800,-116800
2015/04/15,0,0,-102000,-102000
2015/04/16,0,15000,-2000,13000
2015/04/17,0,33000,-7000,26000
2015/04/20,0,33000,-24000,9000
2015/04/21,0,15000,-19000,-4000
2015/04/22,0,16000,-23000,-7000
2015/04/23,0,5000,-6000,-1000
2015/04/24,0,3000,-65000,-62000
2015/04/27,0,10000,-18000,-8000
2015/04/28,0,2000,-19000,-17000
2015/04/29,0,4000,-18000,-14000
2015/04/30,0,8000,-34000,-26000
2015/05/01,0,0,0,0
2015/05/04,0,0,-11000,-11000
2015/05/05,0,11000,-27000,-16000
2015/05/06,0,7000,-32000,-25000
2015/05/07,0,9000,-18000,-9000
2015/05/08,0,14000,-1000,13000
2015/05/11,0,7000,-7000,0
2015/05/12,0,7000,-13000,-6000
2015/05/13,0,3000,-7000,-4000
2015/05/14,0,3000,-2000,1000
2015/05/15,0,3000,0,3000
2015/05/18,0,4000,-10000,-6000
2015/05/19,0,9000,0,9000
2015/05/20,0,6000,-23000,-17000
2015/05/21,0,11000,-2000,9000
2015/05/22,0,5000,-11000,-6000
2015/05/25,0,2000,-41000,-39000
2015/05/26,0,1000,-16000,-15000
2015/05/27,0,12000,-10000,2000
2015/05/28,0,1000,-9000,-8000
2015/05/29,0,6000,-11000,-5000
2015/06/01,0,2000,-1000,1000
2015/06/02,0,7000,0,7000
2015/06/03,0,4000,-8000,-4000
2015/06/04,0,6000,-10012,-4012
2015/06/05,0,6000,-9000,-3000
2015/06/08,0,1000,-16000,-15000
2015/06/09,0,5000,-9000,-4000
2015/06/10,0,7000,-4000,3000
2015/06/11,0,5000,0,5000
2015/06/12,0,0,-1000,-1000
2015/06/15,0,0,-5000,-5000
2015/06/16,0,2000,-10000,-8000
2015/06/17,0,0,-1000,-1000
2015/06/18,0,5000,-2000,3000
2015/06/19,0,0,0,0
2015/06/22,0,5000,-1000,4000
2015/06/23,0,8000,-6000,2000
2015/06/24,0,10000,-21000,-11000
2015/06/25,0,1000,-5000,-4000
2015/06/26,0,4000,-18000,-14000
2015/06/29,0,21000,-11000,10000
2015/06/30,0,0,-7000,-7000
2015/07/01,0,12000,-8000,4000
2015/07/02,0,8000,-27000,-19000
2015/07/03,0,5000,-5000,0
2015/07/06,0,0,-10000,-10000
2015/07/07,0,3000,-20000,-17000
2015/07/08,0,4000,-12000,-8000
2015/07/09,0,0,-3000,-3000
2015/07/10,0,0,0,0
2015/07/13,0,8000,-8000,0
2015/07/14,0,3000,-2000,1000
2015/07/15,0,1000,-3000,-2000
2015/07/16,0,34000,-2000,32000
2015/07/17,0,3000,-4000,-1000
2015/07/20,0,11000,0,11000
2015/07/21,0,3000,-11000,-8000
2015/07/22,0,30000,-4000,26000
2015/07/23,0,3000,-14000,-11000
2015/07/24,0,6000,-4000,2000
2015/07/27,0,5000,-16000,-11000
2015/07/28,0,10000,-5000,5000
2015/07/29,0,16000,-8000,8000
2015/07/30,0,47000,0,47000
2015/07/31,0,19000,-7000,12000
2015/08/03,0,5000,-34000,-29000
2015/08/04,0,29000,-8000,21000
2015/08/05,0,12000,-19000,-7000
2015/08/06,0,10000,-49000,-39000
2015/08/07,0,3000,-30000,-27000
2015/08/10,0,49000,-11000,38000
2015/08/11,0,12000,0,12000
2015/08/12,0,4000,-36000,-32000
2015/08/13,0,1000,0,1000
2015/08/14,0,3000,-4000,-1000
2015/08/17,0,0,0,0
2015/08/18,0,5000,-6000,-1000
2015/08/19,0,6000,-8000,-2000
2015/08/20,0,9000,-5000,4000
2015/08/21,0,5000,-5000,0
2015/08/24,0,15000,-24000,-9000
2015/08/25,0,29040,0,29040
2015/08/26,0,74000,-12000,62000
2015/08/27,0,25000,0,25000
2015/08/28,0,0,-9000,-9000
2015/08/31,0,5000,-2000,3000
2015/09/01,0,2000,-4000,-2000
2015/09/02,0,7000,-8000,-1000
2015/09/03,0,8000,-42000,-34000
2015/09/04,0,0,-29000,-29000
2015/09/07,0,1000,-74000,-73000
2015/09/08,0,0,-89000,-89000
2015/09/09,0,0,0,0
2015/09/10,0,0,-12000,-12000
2015/09/11,0,3000,-2000,1000
2015/09/14,0,75,-21000,-20925
2015/09/15,0,5000,-5000,0
2015/09/16,0,0,-33000,-33000
2015/09/17,0,132,-10000,-9868
2015/09/18,0,0,-39000,-39000
2015/09/21,0,4000,-25000,-21000
2015/09/22,0,1027,-7000,-5973
2015/09/23,0,13000,-4000,9000
2015/09/24,0,0,-2000,-2000
2015/09/25,0,6000,-34000,-28000
2015/09/28,0,0,0,0
2015/09/29,0,0,0,0
2015/09/30,0,1000,-67000,-66000
2015/10/01,0,6000,-91000,-85000
2015/10/02,0,13000,-28000,-15000
2015/10/05,0,9000,-31000,-22000
2015/10/06,0,2000,-18000,-16000
2015/10/07,0,1000,-2000,-1000
2015/10/08,0,0,-33000,-33000
2015/10/09,0,0,0,0
2015/10/12,0,20000,-19000,1000
2015/10/13,0,2000,-2000,0
2015/10/14,0,29000,-16000,13000
2015/10/15,0,1000,-10000,-9000
2015/10/16,0,17000,-21000,-4000
2015/10/19,0,3000,-43000,-40000
2015/10/20,0,0,-89000,-89000
2015/10/21,0,8000,-4000,4000
2015/10/22,0,4000,0,4000
2015/10/23,0,1000,-2000,-1000
2015/10/26,0,31000,-9000,22000
2015/10/27,0,9000,-18000,-9000
2015/10/28,0,11000,-2000,9000
2015/10/29,0,10000,0,10000
2015/10/30,0,3000,-4000,-1000
2015/11/02,0,5000,-2000,3000
2015/11/03,0,18000,0,18000
2015/11/04,0,5000,0,5000
2015/11/05,0,6000,-2000,4000
2015/11/06,0,0,-211000,-211000
2015/11/09,0,1000,-25800,-24800
2015/11/10,0,0,0,0
2015/11/11,0,3000,-15000,-12000
2015/11/12,0,0,-7000,-7000
2015/11/13,0,1000,-15000,-14000
2015/11/16,0,6000,-3000,3000
2015/11/17,0,10000,-32000,-22000
2015/11/18,0,15000,-6000,9000
2015/11/19,0,25000,-9000,16000
2015/11/20,0,4000,-10000,-6000
2015/11/23,0,7000,-21000,-14000
2015/11/24,0,0,-99000,-99000
2015/11/25,0,0,-15000,-15000
2015/11/26,0,0,-39000,-39000
2015/11/27,0,1000,-3000,-2000
2015/11/30,0,0,-2450,-2450
2015/12/01,0,0,-4000,-4000
2015/12/02,0,1000,-15000,-14000
2015/12/03,0,1000,-40000,-39000
2015/12/04,0,0,-16000,-16000
2015/12/07,0,0,-132000,-132000
2015/12/08,0,10000,-13000,-3000
2015/12/09,0,5000,-1000,4000
2015/12/10,0,0,-10000,-10000
2015/12/11,0,0,-27000,-27000
2015/12/14,0,10000,-62686,-52686
2015/12/15,0,0,-78000,-78000
2015/12/16,0,6000,-66000,-60000
2015/12/17,0,152,-3000,-2848
2015/12/18,0,265,-50000,-49735
2015/12/21,0,2000,-9000,-7000
2015/12/22,0,1000,-5000,-4000
2015/12/23,0,1000,-1000,0
2015/12/24,0,4000,-11000,-7000
2015/12/25,0,0,0,0
2015/12/28,0,1000,-1000,0
2015/12/29,0,2000,-13000,-11000
2015/12/30,0,0,-22624,-22624
2015/12/31,0,20000,-5000,15000
2016/01/01,0,0,0,0
2016/01/04,0,20000,-38000,-18000
2016/01/05,0,5000,-26000,-21000
2016/01/06,0,41000,-76000,-35000
2016/01/07,0,0,-30000,-30000
2016/01/08,0,2000,-1000,1000
2016/01/11,0,7000,-2000,5000
2016/01/12,0,0,-30000,-30000
2016/01/13,0,11000,-1000,10000
2016/01/14,0,8000,-42000,-34000
2016/01/15,0,74000,-7000,67000
2016/01/18,0,17000,-20000,-3000
2016/01/19,0,26000,-1000,25000
2016/01/20,0,5000,-5000,0
2016/01/21,0,4000,-1000,3000
2016/01/22,0,6000,0,6000
2016/01/25,0,58000,0,58000
2016/01/26,0,37000,0,37000
2016/01/27,0,25000,0,25000
2016/01/28,0,50000,0,50000
2016/01/29,0,56000,0,56000
2016/02/01,0,30000,-18000,12000
2016/02/02,0,11000,-14000,-3000
2016/02/03,0,9000,-4000,5000
2016/02/04,0,0,0,0
2016/02/05,0,0,0,0
2016/02/08,0,0,0,0
2016/02/09,0,0,0,0
2016/02/10,0,0,0,0
2016/02/11,0,0,0,0
2016/02/12,0,0,0,0
2016/02/15,0,5000,-36012,-31012
2016/02/16,0,51000,-10000,41000
2016/02/17,0,21000,-25000,-4000
2016/02/18,0,27000,-43000,-16000
2016/02/19,0,7000,0,7000
2016/02/22,0,3000,-11000,-8000
2016/02/23,0,12000,-16000,-4000
2016/02/24,0,7000,-13000,-6000
2016/02/25,0,8000,-5000,3000
2016/02/26,0,0,0,0
2016/02/29,0,0,0,0
2016/03/01,0,15000,-17000,-2000
2016/03/02,0,2000,-19000,-17000
2016/03/03,0,1000,-10000,-9000
2016/03/04,0,32000,-6000,26000
2016/03/07,0,11000,-44000,-33000
2016/03/08,0,10000,-73000,-63000
2016/03/09,0,0,-8000,-8000
2016/03/10,0,0,-6000,-6000
2016/03/11,0,0,-1000,-1000
2016/03/14,0,40000,-2000,38000
2016/03/15,0,1000,-10000,-9000
2016/03/16,0,0,-12000,-12000
2016/03/17,0,6000,0,6000
2016/03/18,0,1000,-2000,-1000
2016/03/21,0,17000,-1000,16000
2016/03/22,0,0,-19000,-19000
2016/03/23,0,0,0,0
2016/03/24,0,0,-7000,-7000
2016/03/25,0,1000,-20000,-19000
2016/03/28,0,0,-91000,-91000
2016/03/29,0,0,-18000,-18000
2016/03/30,0,0,-7000,-7000
2016/03/31,0,0,-21000,-21000
2016/04/01,0,0,-12000,-12000
2016/04/04,0,0,0,0
2016/04/05,0,0,0,0
2016/04/06,0,5000,-24000,-19000
2016/04/07,0,0,-8000,-8000
2016/04/08,0,0,-25000,-25000
2016/04/11,0,4000,-3000,1000
2016/04/12,0,0,-49000,-49000
2016/04/13,0,0,-31000,-31000
2016/04/14,0,3000,-34000,-31000
2016/04/15,0,0,-53000,-53000
2016/04/18,0,2000,-29000,-27000
2016/04/19,0,13000,-7000,6000
2016/04/20,0,3000,-4000,-1000
2016/04/21,0,0,0,0
2016/04/22,0,0,-19000,-19000
2016/04/25,0,3900,-35000,-31100
2016/04/26,0,0,-11000,-11000
2016/04/27,0,8000,-10000,-2000
2016/04/28,0,0,0,0
2016/04/29,0,1000,-1000,0
2016/05/02,0,0,0,0
2016/05/03,0,3750,-7000,-3250
2016/05/04,0,0,-7000,-7000
2016/05/05,0,10000,-18000,-8000
2016/05/06,0,90000,0,90000
2016/05/09,0,58000,0,58000
2016/05/10,0,35000,-6000,29000
2016/05/11,0,107000,0,107000
2016/05/12,0,25000,0,25000
2016/05/13,0,18000,0,18000
2016/05/16,0,10000,0,10000
2016/05/17,0,19000,-1000,18000
2016/05/18,0,7000,0,7000
2016/05/19,0,3000,-10000,-7000
2016/05/20,0,0,0,0
2016/05/23,0,40000,-5000,35000
2016/05/24,0,0,-2000,-2000
2016/05/25,0,62000,-2000,60000
2016/05/26,0,0,0,0
2016/05/27,0,0,-7000,-7000
2016/05/30,0,0,-2000,-2000
2016/05/31,0,34000,-8000,26000
2016/06/01,0,11000,0,11000
2016/06/02,0,18000,0,18000
2016/06/03,0,9000,-1000,8000
2016/06/06,0,8000,-1000,7000
2016/06/07,0,23000,0,23000
2016/06/08,0,0,-10000,-10000
2016/06/09,0,0,0,0
2016/06/10,0,0,0,0
2016/06/13,0,13000,-12000,1000
2016/06/14,0,8000,-8200,-200
2016/06/15,0,0,-1000,-1000
2016/06/16,0,1000,-13000,-12000
2016/06/17,0,8000,-4000,4000
2016/06/20,0,7000,-2000,5000
2016/06/21,0,15000,0,15000
2016/06/22,0,1000,0,1000
2016/06/23,0,0,-1000,-1000
2016/06/24,0,0,-4000,-4000
2016/06/27,0,14000,-3000,11000
2016/06/28,0,8000,-7000,1000
2016/06/29,0,4000,-1000,3000
2016/06/30,0,2000,-6000,-4000
2016/07/01,0,0,-15000,-15000
2016/07/04,0,0,-2000,-2000
2016/07/05,0,0,-4000,-4000
2016/07/06,0,0,-10000,-10000
2016/07/07,0,4000,-6000,-2000
2016/07/08,0,0,0,0
2016/07/11,0,8000,-1000,7000
2016/07/12,0,17000,-2000,15000
2016/07/13,0,0,-4000,-4000
2016/07/14,0,1000,-8000,-7000
2016/07/15,0,39000,-15000,24000
2016/07/18,0,0,-31000,-31000
2016/07/19,0,2000,-15000,-13000
2016/07/20,0,2000,-29000,-27000
2016/07/21,0,2000,-7000,-5000
2016/07/22,0,21000,-1000,20000
2016/07/25,0,4000,-5000,-1000
2016/07/26,0,2000,-7000,-5000
2016/07/27,0,2000,-9000,-7000
2016/07/28,0,0,-28000,-28000
2016/07/29,0,15,-2000,-1985
2016/08/01,0,20000,-2000,18000
2016/08/02,0,1000,-30000,-29000
2016/08/03,0,0,0,0
2016/08/04,0,1000,-19000,-18000
2016/08/05,0,4000,-2000,2000
2016/08/08,0,5000,-8000,-3000
2016/08/09,0,2000,-15000,-13000
2016/08/10,0,5000,-8000,-3000
2016/08/11,0,0,-5000,-5000
2016/08/12,0,1000,-10600,-9600
2016/08/15,0,2000,-5000,-3000
2016/08/16,0,0,-12000,-12000
2016/08/17,0,0,-9000,-9000
2016/08/18,0,2000,-17000,-15000
2016/08/19,0,0,-20000,-20000
2016/08/22,0,6000,-5000,1000
2016/08/23,0,0,-12000,-12000
2016/08/24,0,0,-1000,-1000
2016/08/25,0,2000,-2000,0
2016/08/26,0,1000,-14000,-13000
2016/08/29,0,0,-4000,-4000
2016/08/30,0,4000,-17000,-13000
2016/08/31,0,2000,-38000,-36000
2016/09/01,0,34000,-4000,30000
2016/09/02,0,7000,-3200,3800
2016/09/05,0,3000,-3000,0
2016/09/06,0,7000,-2000,5000
2016/09/07,0,2000,-1000,1000
2016/09/08,0,13000,0,13000
2016/09/09,0,4000,-8000,-4000
2016/09/12,0,6000,-22000,-16000
2016/09/13,0,11000,-2000,9000
2016/09/14,0,32000,0,32000
2016/09/15,0,0,0,0
2016/09/16,0,0,0,0
2016/09/19,0,7000,-3260,3740
2016/09/20,0,1000,-12500,-11500
2016/09/21,0,0,-3000,-3000
2016/09/22,0,0,-14000,-14000
2016/09/23,0,0,-1000,-1000
2016/09/26,0,0,-3000,-3000
2016/09/27,0,0,0,0
2016/09/28,0,0,0,0
2016/09/29,0,11000,-9000,2000
2016/09/30,0,30054,-1000,29054
2016/10/03,0,0,-14000,-14000
2016/10/04,0,0,-1000,-1000
2016/10/05,0,75000,-3000,72000
2016/10/06,0,0,-15000,-15000
2016/10/07,0,8000,0,8000
2016/10/10,0,0,0,0
2016/10/11,0,0,0,0
2016/10/12,0,11000,0,11000
2016/10/13,0,32000,-4000,28000
2016/10/14,0,4000,-1000,3000
2016/10/17,0,6000,0,6000
2016/10/18,0,0,-4000,-4000
2016/10/19,0,0,-2000,-2000
2016/10/20,0,2000,-8000,-6000
2016/10/21,0,3000,-2000,1000
2016/10/24,0,0,-1500,-1500
2016/10/25,0,37000,0,37000
2016/10/26,0,1000,0,1000
2016/10/27,0,3000,-2000,1000
2016/10/28,0,9000,0,9000
2016/10/31,0,5000,-250,4750
2016/11/01,0,1000,-535,465
2016/11/02,0,2000,-5007,-3007
2016/11/03,0,1000,-5000,-4000
2016/11/04,0,0,-4000,-4000
2016/11/07,0,3000,-9000,-6000
2016/11/08,0,1000,-1000,0
2016/11/09,0,0,-1000,-1000
2016/11/10,0,58000,-2000,56000
2016/11/11,0,7500,-7000,500
2016/11/14,0,30000,-4000,26000
2016/11/15,0,10000,0,10000
2016/11/16,0,30000,-1000,29000
2016/11/17,0,8000,-9000,-1000
2016/11/18,0,25000,0,25000
2016/11/21,0,16000,-4200,11800
2016/11/22,0,10000,-4000,6000
2016/11/23,0,1000,0,1000
2016/11/24,0,1000,-1000,0
2016/11/25,0,0,0,0
2016/11/28,0,31000,-200,30800
2016/11/29,0,1000,-1000,0
2016/11/30,0,2000,0,2000
2016/12/01,0,2000,0,2000
2016/12/02,0,1000,0,1000
2016/12/05,0,2000,-1000,1000
2016/12/06,0,32000,0,32000
2016/12/07,0,17100,-500,16600
2016/12/08,0,11000,0,11000
2016/12/09,0,1000,0,1000
2016/12/12,0,0,0,0
2016/12/13,0,2000,-2000,0
2016/12/14,0,2000,-1000,1000
2016/12/15,0,1000,0,1000
2016/12/16,0,0,-2884,-2884
2016/12/19,0,1000,0,1000
2016/12/20,0,1000,-1000,0
2016/12/21,0,3500,0,3500
2016/12/22,0,1000,0,1000
2016/12/23,0,2500,-1200,1300
2016/12/26,0,0,-2000,-2000
2016/12/27,0,5000,-4200,800
2016/12/28,0,12000,0,12000
2016/12/29,0,3000,0,3000
2016/12/30,0,5000,-1000,4000
2017/01/02,0,0,0,0
2017/01/03,0,3000,-500,2500
2017/01/04,0,10000,0,10000
2017/01/05,0,26000,-1000,25000
2017/01/06,0,4000,-8500,-4500
2017/01/09,0,4000,-4500,-500
2017/01/10,0,8000,-1000,7000
2017/01/11,0,7000,-16000,-9000
2017/01/12,0,0,-9000,-9000
2017/01/13,0,11000,-5500,5500
2017/01/16,0,3000,-4000,-1000
2017/01/17,0,1000,-16000,-15000
2017/01/18,0,0,-11500,-11500
2017/01/19,0,11000,-10000,1000
2017/01/20,0,7000,-11000,-4000
2017/01/23,0,4000,-1220,2780
2017/01/24,0,1000,-5000,-4000
2017/01/25,0,0,0,0
2017/01/26,0,0,0,0
2017/01/27,0,0,0,0
2017/01/30,0,0,0,0
2017/01/31,0,0,0,0
2017/02/01,0,0,0,0
2017/02/02,0,4000,-22000,-18000
2017/02/03,0,4000,-13000,-9000
2017/02/06,0,1000,-7500,-6500
2017/02/07,0,19000,-3000,16000
2017/02/08,0,3000,-1000,2000
2017/02/09,0,10000,-1200,8800
2017/02/10,0,2000,-12200,-10200
2017/02/13,0,0,-13200,-13200
2017/02/14,0,2000,-23100,-21100
2017/02/15,0,22000,-8000,14000
2017/02/16,0,0,-12200,-12200
2017/02/17,0,0,-57000,-57000
2017/02/20,0,0,-41000,-41000
2017/02/21,0,1000,-8000,-7000
2017/02/22,0,5000,-2000,3000
2017/02/23,0,2000,0,2000
2017/02/24,0,7000,-1000,6000
2017/02/27,0,0,0,0
2017/02/28,0,0,0,0
2017/03/01,0,0,0,0
2017/03/02,0,1000,-2000,-1000
2017/03/03,0,0,-6000,-6000
2017/03/06,0,0,-1000,-1000
2017/03/07,0,11031,0,11031
2017/03/08,0,0,0,0
2017/03/09,0,2000,-3000,-1000
2017/03/10,0,2000,-6000,-4000
2017/03/13,0,14000,0,14000
2017/03/14,0,0,-5425,-5425
2017/03/15,0,0,-21000,-21000
2017/03/16,0,4000,-2000,2000
2017/03/17,0,1000,0,1000
2017/03/20,0,1000,-1500,-500
2017/03/21,0,0,-2000,-2000
2017/03/22,0,1000,-13400,-12400
2017/03/23,0,0,-6000,-6000
2017/03/24,0,2000,-5000,-3000
2017/03/27,0,0,-24000,-24000
2017/03/28,0,2000,-3000,-1000
2017/03/29,0,6309,-1000,5309
2017/03/30,0,1191,-7000,-5809
2017/03/31,0,408,-1000,-592
2017/04/03,0,0,0,0
2017/04/04,0,0,0,0
2017/04/05,0,136,-8000,-7864
2017/04/06,0,1000,-42500,-41500
2017/04/07,0,3000,-19000,-16000
2017/04/10,0,0,-13100,-13100
2017/04/11,0,0,-1000,-1000
2017/04/12,0,0,-2000,-2000
2017/04/13,0,0,-13000,-13000
2017/04/14,0,18000,-30000,-12000
2017/04/17,0,3000,-16000,-13000
2017/04/18,0,3000,-7000,-4000
2017/04/19,0,136,-1100,-964
2017/04/20,0,12000,0,12000
2017/04/21,0,1000,-2000,-1000
2017/04/24,0,2000,-1000,1000
2017/04/25,0,4000,-3303,697
2017/04/26,0,0,-20000,-20000
2017/04/27,0,0,-4000,-4000
2017/04/28,0,1000,-2300,-1300
2017/05/01,0,0,0,0
2017/05/02,0,3000,-1000,2000
2017/05/03,0,0,0,0
2017/05/04,0,0,-7180,-7180
2017/05/05,0,0,0,0
2017/05/08,0,0,-1000,-1000
2017/05/09,0,4000,-3000,1000
2017/05/10,0,0,0,0
2017/05/11,0,0,-1000,-1000
2017/05/12,0,0,0,0
2017/05/15,0,0,-1150,-1150
2017/05/16,0,0,-2000,-2000
2017/05/17,0,2000,-2000,0
2017/05/18,0,0,-1000,-1000
2017/05/19,0,0,-2300,-2300
2017/05/22,0,0,0,0
2017/05/23,0,0,-8100,-8100
2017/05/24,0,5000,-2000,3000
2017/05/25,0,0,-20000,-20000
2017/05/26,0,0,-34400,-34400
2017/05/29,0,0,0,0
2017/05/30,0,0,0,0
2017/05/31,0,1000,-1000,0
2017/06/01,0,1000,-11000,-10000
2017/06/02,0,0,-2000,-2000
2017/06/05,0,0,-15200,-15200
2017/06/06,0,0,-20000,-20000
2017/06/07,0,1000,-1000,0
2017/06/08,0,2000,0,2000
2017/06/09,0,0,0,0
2017/06/12,0,2000,-1000,1000
2017/06/13,0,1000,-1000,0
2017/06/14,0,0,0,0
2017/06/15,0,0,-1000,-1000
2017/06/16,0,10000,-8000,2000
2017/06/19,0,1000,-3550,-2550
2017/06/20,0,27000,-5000,22000
2017/06/21,0,1000,-2000,-1000
2017/06/22,0,8000,-2000,6000
2017/06/23,0,5000,-1000,4000
2017/06/26,0,0,-1000,-1000
2017/06/27,0,0,-1000,-1000
2017/06/28,0,1000,-12000,-11000
2017/06/29,0,10000,-1300,8700
2017/06/30,0,0,-1000,-1000
2017/07/03,0,0,-17000,-17000
2017/07/04,0,0,-4000,-4000
2017/07/05,0,0,-13300,-13300
2017/07/06,0,10000,-1000,9000
2017/07/07,0,1000,-1000,0
2017/07/10,0,3000,-2000,1000
2017/07/11,0,2000,-29400,-27400
2017/07/12,0,2000,-4800,-2800
2017/07/13,0,1000,-8200,-7200
2017/07/14,0,16000,-15000,1000
2017/07/17,0,1005,-3000,-1995
2017/07/18,0,1000,-3000,-2000
2017/07/19,0,3000,-5000,-2000
2017/07/20,0,0,-5300,-5300
2017/07/21,0,5000,-9000,-4000
2017/07/24,0,1000,-10000,-9000
2017/07/25,0,0,-1300,-1300
2017/07/26,0,0,-11000,-11000
2017/07/27,0,0,-25000,-25000
2017/07/28,0,0,-7400,-7400
2017/07/31,0,0,-3000,-3000
2017/08/01,0,5000,-13000,-8000
2017/08/02,0,9000,-6200,2800
2017/08/03,0,1000,-3300,-2300
2017/08/04,0,3000,-5000,-2000
2017/08/07,0,1000,-9000,-8000
2017/08/08,0,0,-1650,-1650
2017/08/09,0,3000,-1000,2000
2017/08/10,0,0,0,0
2017/08/11,0,0,-4000,-4000
2017/08/14,0,3000,-6200,-3200
2017/08/15,0,10000,-18200,-8200
2017/08/16,0,1000,-1000,0
2017/08/17,0,0,-4000,-4000
2017/08/18,0,2000,0,2000
