Date,Open,Buy,Sell,Total
2007/04/23,0,2000,-1000,1000
2007/04/24,0,31000,-3000,28000
2007/04/25,0,9000,-5000,4000
2007/04/26,0,0,0,0
2007/04/27,0,14000,-157000,-143000
2007/04/30,0,10000,-36000,-26000
2007/05/01,0,0,0,0
2007/05/02,0,4000,-2522,1478
2007/05/03,0,64000,-1000,63000
2007/05/04,0,7000,-15000,-8000
2007/05/07,0,4000,-14000,-10000
2007/05/08,0,10000,-53000,-43000
2007/05/09,0,12000,-4000,8000
2007/05/10,0,2000,-21000,-19000
2007/05/11,0,0,-3000,-3000
2007/05/14,0,0,0,0
2007/05/15,0,4000,-1000,3000
2007/05/16,0,1000,-7000,-6000
2007/05/17,0,3000,-1000,2000
2007/05/18,0,0,0,0
2007/05/21,0,11000,-9000,2000
2007/05/22,0,52000,-3000,49000
2007/05/23,0,53000,-14000,39000
2007/05/24,0,80000,-59000,21000
2007/05/25,0,62000,-18000,44000
2007/05/28,0,55000,-8000,47000
2007/05/29,0,4000,-8000,-4000
2007/05/30,0,65000,-57000,8000
2007/05/31,0,5000,-35000,-30000
2007/06/01,0,10000,-104000,-94000
2007/06/04,0,55000,-7000,48000
2007/06/05,0,9000,-53000,-44000
2007/06/06,0,15000,-8000,7000
2007/06/07,0,55000,-15000,40000
2007/06/08,0,24000,-5000,19000
2007/06/11,0,10000,-1000,9000
2007/06/12,0,2000,-4000,-2000
2007/06/13,0,10000,0,10000
2007/06/14,0,8000,-3000,5000
2007/06/15,0,66000,-48000,18000
2007/06/18,0,0,0,0
2007/06/19,0,0,0,0
2007/06/20,0,47000,-34000,13000
2007/06/21,0,57000,-69000,-12000
2007/06/22,0,66000,-53000,13000
2007/06/25,0,15000,-17000,-2000
2007/06/26,0,94000,-22000,72000
2007/06/27,0,22000,-15000,7000
2007/06/28,0,57000,-11000,46000
2007/06/29,0,37000,-15000,22000
2007/07/02,0,24000,-43000,-19000
2007/07/03,0,37000,-2000,35000
2007/07/04,0,7000,-5000,2000
2007/07/05,0,6000,-120000,-114000
2007/07/06,0,53000,-82000,-29000
2007/07/09,0,24000,-20000,4000
2007/07/10,0,46000,-1000,45000
2007/07/11,0,85000,-13756,71244
2007/07/12,0,17000,-5000,12000
2007/07/13,0,33000,-2756,30244
2007/07/16,0,4000,-106876,-102876
2007/07/17,0,26000,-23000,3000
2007/07/18,0,10000,-107000,-97000
2007/07/19,0,7000,-19772,-12772
2007/07/20,0,12000,-8000,4000
2007/07/23,0,1000,-2426,-1426
2007/07/24,0,5000,-11000,-6000
2007/07/25,0,5000,0,5000
2007/07/26,0,0,-9000,-9000
2007/07/27,0,1000,-26000,-25000
2007/07/30,0,0,-4000,-4000
2007/07/31,0,23000,-23000,0
2007/08/01,0,1000,-13000,-12000
2007/08/02,0,1000,-5344,-4344
2007/08/03,0,1000,-9000,-8000
2007/08/06,0,4000,-2000,2000
2007/08/07,0,11000,0,11000
2007/08/08,0,8000,-4000,4000
2007/08/09,0,84000,-15000,69000
2007/08/10,0,1000,-43000,-42000
2007/08/13,0,1000,-32000,-31000
2007/08/14,0,0,-5000,-5000
2007/08/15,0,5000,-39000,-34000
2007/08/16,0,2000,-42000,-40000
2007/08/17,0,13000,-30000,-17000
2007/08/20,0,4000,-7000,-3000
2007/08/21,0,1000,-6000,-5000
2007/08/22,0,1000,-6000,-5000
2007/08/23,0,1000,-11000,-10000
2007/08/24,0,0,0,0
2007/08/27,0,0,-4000,-4000
2007/08/28,0,0,-14000,-14000
2007/08/29,0,76000,-1000,75000
2007/08/30,0,15000,0,15000
2007/08/31,0,10000,-14000,-4000
2007/09/03,0,64000,-20000,44000
2007/09/04,0,0,-71000,-71000
2007/09/05,0,20000,-4000,16000
2007/09/06,0,73000,-60000,13000
2007/09/07,0,174000,-80000,94000
2007/09/10,0,99000,-15000,84000
2007/09/11,0,68000,-30000,38000
2007/09/12,0,86000,-75000,11000
2007/09/13,0,12000,-47000,-35000
2007/09/14,0,0,-53000,-53000
2007/09/17,0,6000,-6000,0
2007/09/18,0,0,0,0
2007/09/19,0,11000,-126000,-115000
2007/09/20,0,25000,-88000,-63000
2007/09/21,0,57000,-22000,35000
2007/09/24,0,0,0,0
2007/09/25,0,0,0,0
2007/09/26,0,74000,-2360,71640
2007/09/27,0,98000,-23000,75000
2007/09/28,0,60000,-37000,23000
2007/10/01,0,37000,-5000,32000
2007/10/02,0,89000,-19000,70000
2007/10/03,0,98000,-40300,57700
2007/10/04,0,42000,-10400,31600
2007/10/05,0,15000,-16000,-1000
2007/10/08,0,7000,-41000,-34000
2007/10/09,0,10000,-6000,4000
2007/10/10,0,0,0,0
2007/10/11,0,32000,-1000,31000
2007/10/12,0,29000,-34000,-5000
2007/10/15,0,3000,-24000,-21000
2007/10/16,0,24000,-50000,-26000
2007/10/17,0,58000,-16059,41941
2007/10/18,0,71000,-45000,26000
2007/10/19,0,73000,-14000,59000
2007/10/22,0,35000,-7000,28000
2007/10/23,0,145000,-10000,135000
2007/10/24,0,227000,-46000,181000
2007/10/25,0,29000,-95000,-66000
2007/10/26,0,7000,-95000,-88000
2007/10/29,0,16000,-59000,-43000
2007/10/30,0,26000,-4000,22000
2007/10/31,0,4000,-126000,-122000
2007/11/01,0,15000,-12000,3000
2007/11/02,0,9000,-70000,-61000
2007/11/05,0,52000,-54000,-2000
2007/11/06,0,46000,-38000,8000
2007/11/07,0,162000,-47000,115000
2007/11/08,0,7000,-35000,-28000
2007/11/09,0,69000,-19000,50000
2007/11/12,0,59000,-14000,45000
2007/11/13,0,30000,-61000,-31000
2007/11/14,0,161000,-127000,34000
2007/11/15,0,0,-6000,-6000
2007/11/16,0,36000,-6340,29660
2007/11/19,0,30000,-48000,-18000
2007/11/20,0,114000,-109000,5000
2007/11/21,0,130000,-15000,115000
2007/11/22,0,93000,-178000,-85000
2007/11/23,0,102000,-259000,-157000
2007/11/26,0,33000,-59000,-26000
2007/11/27,0,71000,-133440,-62440
2007/11/28,0,173000,-97000,76000
2007/11/29,0,55000,-86000,-31000
2007/11/30,0,49000,-9000,40000
2007/12/03,0,5000,-47000,-42000
2007/12/04,0,10000,-57000,-47000
2007/12/05,0,77000,-89000,-12000
2007/12/06,0,58000,-54000,4000
2007/12/07,0,23000,-91000,-68000
2007/12/10,0,3000,-69000,-66000
2007/12/11,0,76000,-25000,51000
2007/12/12,0,20000,-20000,0
2007/12/13,0,76000,-66000,10000
2007/12/14,0,33000,-84000,-51000
2007/12/17,0,17000,-34000,-17000
2007/12/18,0,80000,-67000,13000
2007/12/19,0,24000,-81720,-57720
2007/12/20,0,66000,-46000,20000
2007/12/21,0,21000,-10000,11000
2007/12/24,0,67000,-23000,44000
2007/12/25,0,31000,-43000,-12000
2007/12/26,0,12000,-3000,9000
2007/12/27,0,31400,-62000,-30600
2007/12/28,0,20000,-5000,15000
2007/12/31,0,23000,-5000,18000
2008/01/01,0,0,0,0
2008/01/02,0,158000,-41000,117000
2008/01/03,0,31000,-48000,-17000
2008/01/04,0,18000,-95000,-77000
2008/01/07,0,0,-4000,-4000
2008/01/08,0,71000,-115000,-44000
2008/01/09,0,205000,-173000,32000
2008/01/10,0,31000,-106000,-75000
2008/01/11,0,18000,-144000,-126000
2008/01/14,0,36000,-54000,-18000
2008/01/15,0,52000,-137000,-85000
2008/01/16,0,7000,-99000,-92000
2008/01/17,0,31000,-13000,18000
2008/01/18,0,29000,-5000,24000
2008/01/21,0,31000,-13000,18000
2008/01/22,0,3000,-50000,-47000
2008/01/23,0,196000,-19380,176620
2008/01/24,0,168000,-113000,55000
2008/01/25,0,32000,-35000,-3000
2008/01/28,0,77000,-38000,39000
2008/01/29,0,72000,-115000,-43000
2008/01/30,0,27000,-1000,26000
2008/01/31,0,34000,-16000,18000
2008/02/01,0,16000,-84000,-68000
2008/02/04,0,0,0,0
2008/02/05,0,0,0,0
2008/02/06,0,0,0,0
2008/02/07,0,0,0,0
2008/02/08,0,0,0,0
2008/02/11,0,0,0,0
2008/02/12,0,27000,-57000,-30000
2008/02/13,0,4000,-13000,-9000
2008/02/14,0,22000,-72000,-50000
2008/02/15,0,19000,-10000,9000
2008/02/18,0,18000,-5100,12900
2008/02/19,0,32000,-50000,-18000
2008/02/20,0,53000,-12000,41000
2008/02/21,0,23000,-3000,20000
2008/02/22,0,28000,0,28000
2008/02/25,0,90000,-7322,82678
2008/02/26,0,228000,-13190,214810
2008/02/27,0,197000,-36476,160524
2008/02/28,0,0,0,0
2008/02/29,0,47000,-88000,-41000
2008/03/03,0,38000,-44595,-6595
2008/03/04,0,90000,-54000,36000
2008/03/05,0,11000,-30000,-19000
2008/03/06,0,27000,-24190,2810
2008/03/07,0,19000,-67000,-48000
2008/03/10,0,21000,-11000,10000
2008/03/11,0,25000,-18000,7000
2008/03/12,0,2000,-33176,-31176
2008/03/13,0,24000,-21000,3000
2008/03/14,0,2000,-45000,-43000
2008/03/17,0,1000,-93000,-92000
2008/03/18,0,159000,-39000,120000
2008/03/19,0,43000,-18000,25000
2008/03/20,0,3000,-62000,-59000
2008/03/21,0,8000,-70000,-62000
2008/03/24,0,3000,-118000,-115000
2008/03/25,0,2000,-6000,-4000
2008/03/26,0,0,-6000,-6000
2008/03/27,0,2000,0,2000
2008/03/28,0,1000,-9410,-8410
2008/03/31,0,2000,-2007,-7
2008/04/01,0,29000,-1000,28000
2008/04/02,0,160000,-7000,153000
2008/04/03,0,150000,-3000,147000
2008/04/04,0,0,0,0
2008/04/07,0,12000,-5000,7000
2008/04/08,0,11000,-214000,-203000
2008/04/09,0,101000,-6000,95000
2008/04/10,0,132000,-9000,123000
2008/04/11,0,162000,-23000,139000
2008/04/14,0,56000,-76427,-20427
2008/04/15,0,61000,-133000,-72000
2008/04/16,0,13000,-25000,-12000
2008/04/17,0,70000,-96000,-26000
2008/04/18,0,131000,-26000,105000
2008/04/21,0,90000,-5000,85000
2008/04/22,0,8000,-27000,-19000
2008/04/23,0,83000,-42000,41000
2008/04/24,0,68000,-6000,62000
2008/04/25,0,18000,-15000,3000
2008/04/28,0,21000,-8000,13000
2008/04/29,0,57000,-8000,49000
2008/04/30,0,135000,-1000,134000
2008/05/01,0,0,0,0
2008/05/02,0,183000,-35000,148000
2008/05/05,0,40000,-19000,21000
2008/05/06,0,48000,-78000,-30000
2008/05/07,0,7000,-21000,-14000
2008/05/08,0,15000,-20000,-5000
2008/05/09,0,17000,-28000,-11000
2008/05/12,0,22000,-27000,-5000
2008/05/13,0,8000,-31000,-23000
2008/05/14,0,81000,-69000,12000
2008/05/15,0,93000,-18748,74252
2008/05/16,0,35000,-16000,19000
2008/05/19,0,31000,-56585,-25585
2008/05/20,0,8000,-23000,-15000
2008/05/21,0,33000,-9000,24000
2008/05/22,0,25000,-50000,-25000
2008/05/23,0,25000,-264385,-239385
2008/05/26,0,19000,-136000,-117000
2008/05/27,0,21000,-137000,-116000
2008/05/28,0,33000,-24000,9000
2008/05/29,0,69000,-112000,-43000
2008/05/30,0,6000,-184000,-178000
2008/06/02,0,4000,-308,3692
2008/06/03,0,27000,-59000,-32000
2008/06/04,0,3000,-28000,-25000
2008/06/05,0,66000,-4000,62000
2008/06/06,0,47000,-180000,-133000
2008/06/09,0,66000,-157000,-91000
2008/06/10,0,57000,-210000,-153000
2008/06/11,0,98000,-13000,85000
2008/06/12,0,9000,-108000,-99000
2008/06/13,0,111000,-54000,57000
2008/06/16,0,22000,-47000,-25000
2008/06/17,0,168000,-121000,47000
2008/06/18,0,152000,-73000,79000
2008/06/19,0,29000,-24000,5000
2008/06/20,0,101000,-54000,47000
2008/06/23,0,84000,-56000,28000
2008/06/24,0,61000,-60000,1000
2008/06/25,0,91000,-142000,-51000
2008/06/26,0,76000,-89000,-13000
2008/06/27,0,70000,-143000,-73000
2008/06/30,0,29000,-54000,-25000
2008/07/01,0,21000,-7000,14000
2008/07/02,0,64000,-45000,19000
2008/07/03,0,71000,-47000,24000
2008/07/04,0,29000,-84000,-55000
2008/07/07,0,18000,-40000,-22000
2008/07/08,0,7000,-24000,-17000
2008/07/09,0,11000,-4000,7000
2008/07/10,0,28000,-9000,19000
2008/07/11,0,31000,-38000,-7000
2008/07/14,0,34000,-5000,29000
2008/07/15,0,13000,-33000,-20000
2008/07/16,0,15000,-99000,-84000
2008/07/17,0,145000,-54000,91000
2008/07/18,0,341000,-33000,308000
2008/07/21,0,47000,-30000,17000
2008/07/22,0,39000,-6000,33000
2008/07/23,0,56000,-11000,45000
2008/07/24,0,77000,-53000,24000
2008/07/25,0,21000,-32000,-11000
2008/07/28,0,0,0,0
2008/07/29,0,3000,-92000,-89000
2008/07/30,0,29000,-61000,-32000
2008/07/31,0,12000,-69000,-57000
2008/08/01,0,5000,-24000,-19000
2008/08/04,0,6000,-3000,3000
2008/08/05,0,4720,-8000,-3280
2008/08/06,0,77000,-232000,-155000
2008/08/07,0,153000,-111000,42000
2008/08/08,0,154000,-20000,134000
2008/08/11,0,198000,-62000,136000
2008/08/12,0,35000,-253000,-218000
2008/08/13,0,102000,-98000,4000
2008/08/14,0,102000,-5000,97000
2008/08/15,0,64000,-23000,41000
2008/08/18,0,15000,-85000,-70000
2008/08/19,0,121000,-37000,84000
2008/08/20,0,92000,-111000,-19000
2008/08/21,0,20000,-147000,-127000
2008/08/22,0,43000,-189000,-146000
2008/08/25,0,57000,-26880,30120
2008/08/26,0,85000,-29000,56000
2008/08/27,0,41000,-20000,21000
2008/08/28,0,237000,-21000,216000
2008/08/29,0,71000,-15000,56000
2008/09/01,0,11000,-20000,-9000
2008/09/02,0,39000,-50000,-11000
2008/09/03,0,125000,-57000,68000
2008/09/04,0,31000,-53000,-22000
2008/09/05,0,20000,-42000,-22000
2008/09/08,0,98000,-63000,35000
2008/09/09,0,11000,-26000,-15000
2008/09/10,0,9000,-57000,-48000
2008/09/11,0,17000,-50000,-33000
2008/09/12,0,17000,-19000,-2000
2008/09/15,0,1000,-19000,-18000
2008/09/16,0,14000,-69000,-55000
2008/09/17,0,16000,-19000,-3000
2008/09/18,0,18200,-15380,2820
2008/09/19,0,35000,-10753,24247
2008/09/22,0,141000,-19000,122000
2008/09/23,0,75000,-18240,56760
2008/09/24,0,32800,-40994,-8194
2008/09/25,0,15000,-12200,2800
2008/09/26,0,39000,-53000,-14000
2008/09/29,0,0,0,0
2008/09/30,0,6000,-60000,-54000
2008/10/01,0,25000,-124800,-99800
2008/10/02,0,27000,-85000,-58000
2008/10/03,0,31000,-10000,21000
2008/10/06,0,8000,-42493,-34493
2008/10/07,0,31000,-121000,-90000
2008/10/08,0,7000,-41000,-34000
2008/10/09,0,8000,-8400,-400
2008/10/10,0,0,0,0
2008/10/13,0,0,-8020,-8020
2008/10/14,0,13000,-403000,-390000
2008/10/15,0,71000,-4038,66962
2008/10/16,0,11000,-10000,1000
2008/10/17,0,8000,-59000,-51000
2008/10/20,0,14000,-18455,-4455
2008/10/21,0,37000,-4000,33000
2008/10/22,0,101000,-17000,84000
2008/10/23,0,67000,-48000,19000
2008/10/24,0,23000,-13000,10000
2008/10/27,0,26000,-130000,-104000
2008/10/28,0,96000,-39000,57000
2008/10/29,0,82000,-63000,19000
2008/10/30,0,11000,-27000,-16000
2008/10/31,0,107000,-108219,-1219
2008/11/03,0,115000,-29000,86000
2008/11/04,0,47000,-9000,38000
2008/11/05,0,37000,-127693,-90693
2008/11/06,0,38000,-42120,-4120
2008/11/07,0,84000,-42000,42000
2008/11/10,0,17000,-17000,0
2008/11/11,0,16000,-24000,-8000
2008/11/12,0,31000,-35000,-4000
2008/11/13,0,1000,-32000,-31000
2008/11/14,0,11000,-9000,2000
2008/11/17,0,8000,-6000,2000
2008/11/18,0,41000,0,41000
2008/11/19,0,71000,-15000,56000
2008/11/20,0,171000,-1000,170000
2008/11/21,0,122000,-13300,108700
2008/11/24,0,9000,-30000,-21000
2008/11/25,0,37000,-116000,-79000
2008/11/26,0,46000,-72000,-26000
2008/11/27,0,367000,-132000,235000
2008/11/28,0,28000,-5000,23000
2008/12/01,0,36000,-75000,-39000
2008/12/02,0,17000,-53000,-36000
2008/12/03,0,22000,-348000,-326000
2008/12/04,0,29000,-22320,6680
2008/12/05,0,87000,-1000,86000
2008/12/08,0,65000,-50315,14685
2008/12/09,0,88000,-52000,36000
2008/12/10,0,45000,-32000,13000
2008/12/11,0,55000,-7000,48000
2008/12/12,0,121000,-125400,-4400
2008/12/15,0,17000,-25000,-8000
2008/12/16,0,35000,-52000,-17000
2008/12/17,0,14000,-130000,-116000
2008/12/18,0,63000,-33000,30000
2008/12/19,0,9000,-55000,-46000
2008/12/22,0,2000,-16000,-14000
2008/12/23,0,18000,-40000,-22000
2008/12/24,0,7000,-9000,-2000
2008/12/25,0,8000,-62040,-54040
2008/12/26,0,15000,-11000,4000
2008/12/29,0,3000,-5000,-2000
2008/12/30,0,11000,-16350,-5350
2008/12/31,0,159000,-4000,155000
2009/01/01,0,0,0,0
2009/01/02,0,0,0,0
2009/01/05,0,121000,-7881,113119
2009/01/06,0,169000,-33000,136000
2009/01/07,0,97000,-82000,15000
2009/01/08,0,69000,-11060,57940
2009/01/09,0,4000,-41000,-37000
2009/01/12,0,2000,-11000,-9000
2009/01/13,0,67000,-5000,62000
2009/01/14,0,117000,-46000,71000
2009/01/15,0,6000,-75000,-69000
2009/01/16,0,5000,-4000,1000
2009/01/19,0,4000,-16000,-12000
2009/01/20,0,9000,-23000,-14000
2009/01/21,0,3000,-80000,-77000
2009/01/22,0,0,0,0
2009/01/23,0,0,0,0
2009/01/26,0,0,0,0
2009/01/27,0,0,0,0
2009/01/28,0,0,0,0
2009/01/29,0,0,0,0
2009/01/30,0,0,0,0
2009/02/02,0,6000,-10000,-4000
2009/02/03,0,65000,-5000,60000
2009/02/04,0,20000,-49000,-29000
2009/02/05,0,2000,-11000,-9000
2009/02/06,0,148000,-6000,142000
2009/02/09,0,376000,-5000,371000
2009/02/10,0,120000,-148000,-28000
2009/02/11,0,119000,-190020,-71020
2009/02/12,0,67000,-141000,-74000
2009/02/13,0,239000,-17000,222000
2009/02/16,0,79000,-180000,-101000
2009/02/17,0,28000,-112000,-84000
2009/02/18,0,13000,-30000,-17000
2009/02/19,0,149000,-127000,22000
2009/02/20,0,54000,-68285,-14285
2009/02/23,0,21000,-77000,-56000
2009/02/24,0,14000,-19000,-5000
2009/02/25,0,18000,-106000,-88000
2009/02/26,0,25200,-27000,-1800
2009/02/27,0,94000,-53200,40800
2009/03/02,0,13000,-116000,-103000
2009/03/03,0,20000,-20000,0
2009/03/04,0,18190,-69000,-50810
2009/03/05,0,34000,-7000,27000
2009/03/06,0,99000,-21190,77810
2009/03/09,0,6220,-11000,-4780
2009/03/10,0,10000,-2000,8000
2009/03/11,0,16000,-49000,-33000
2009/03/12,0,162000,-44000,118000
2009/03/13,0,235000,-52220,182780
2009/03/16,0,27000,-8000,19000
2009/03/17,0,30000,-18000,12000
2009/03/18,0,30000,-93000,-63000
2009/03/19,0,206000,-74000,132000
2009/03/20,0,18000,-145000,-127000
2009/03/23,0,30000,-4000,26000
2009/03/24,0,180000,-28000,152000
2009/03/25,0,81000,-7000,74000
2009/03/26,0,88000,-40000,48000
2009/03/27,0,63000,-58000,5000
2009/03/30,0,32000,-194000,-162000
2009/03/31,0,17000,-44000,-27000
2009/04/01,0,100000,-87000,13000
2009/04/02,0,45000,-134000,-89000
2009/04/03,0,37000,-120000,-83000
2009/04/06,0,27000,-117000,-90000
2009/04/07,0,62000,-121000,-59000
2009/04/08,0,8000,-36000,-28000
2009/04/09,0,148000,-26000,122000
2009/04/10,0,27000,-131000,-104000
2009/04/13,0,32000,-15000,17000
2009/04/14,0,104000,-18000,86000
2009/04/15,0,31000,-15000,16000
2009/04/16,0,139000,-31000,108000
2009/04/17,0,367000,-416000,-49000
2009/04/20,0,93000,-39000,54000
2009/04/21,0,15000,-45000,-30000
2009/04/22,0,15000,-23566,-8566
2009/04/23,0,34000,-47000,-13000
2009/04/24,0,253000,-51000,202000
2009/04/27,0,139000,-98000,41000
2009/04/28,0,62000,-189000,-127000
2009/04/29,0,20000,-494000,-474000
2009/04/30,0,379000,-27000,352000
2009/05/01,0,0,0,0
2009/05/04,0,160000,-20000,140000
2009/05/05,0,44000,-225000,-181000
2009/05/06,0,0,-16000,-16000
2009/05/07,0,2000,-25000,-23000
2009/05/08,0,85000,-159168,-74168
2009/05/11,0,12000,-194567,-182567
2009/05/12,0,65000,-232000,-167000
2009/05/13,0,25000,-17000,8000
2009/05/14,0,15000,-15000,0
2009/05/15,0,2000,-15000,-13000
2009/05/18,0,15000,-38000,-23000
2009/05/19,0,90000,-30000,60000
2009/05/20,0,10000,-28000,-18000
2009/05/21,0,28000,-33000,-5000
2009/05/22,0,38000,-28000,10000
2009/05/25,0,15000,-37566,-22566
2009/05/26,0,35000,-74000,-39000
2009/05/27,0,115000,-14000,101000
2009/05/28,0,0,0,0
2009/05/29,0,0,0,0
2009/06/01,0,13000,-54406,-41406
2009/06/02,0,20000,-54566,-34566
2009/06/03,0,90000,-11000,79000
2009/06/04,0,73000,-56000,17000
2009/06/05,0,40000,-45000,-5000
2009/06/08,0,48000,-53000,-5000
2009/06/09,0,39000,-277000,-238000
2009/06/10,0,70000,-72000,-2000
2009/06/11,0,79000,-113000,-34000
2009/06/12,0,6000,-66000,-60000
2009/06/15,0,11000,-52000,-41000
2009/06/16,0,81000,-148434,-67434
2009/06/17,0,30000,-56000,-26000
2009/06/18,0,46000,-16000,30000
2009/06/19,0,214000,-45000,169000
2009/06/22,0,48000,-35000,13000
2009/06/23,0,11000,-42000,-31000
2009/06/24,0,66000,-86434,-20434
2009/06/25,0,16000,-66000,-50000
2009/06/26,0,42000,-15000,27000
2009/06/29,0,29000,-7000,22000
2009/06/30,0,61000,-16000,45000
2009/07/01,0,88000,-35000,53000
2009/07/02,0,210000,-51000,159000
2009/07/03,0,61000,-53000,8000
2009/07/06,0,122000,-100000,22000
2009/07/07,0,175433,-47000,128433
2009/07/08,0,56000,-114000,-58000
2009/07/09,0,167000,-80000,87000
2009/07/10,0,28000,-83000,-55000
2009/07/13,0,31000,-121000,-90000
2009/07/14,0,97000,-32433,64567
2009/07/15,0,140719,-94000,46719
2009/07/16,0,24000,-132000,-108000
2009/07/17,0,98000,-49000,49000
2009/07/20,0,60000,-27000,33000
2009/07/21,0,9000,-31000,-22000
2009/07/22,0,55000,-16000,39000
2009/07/23,0,148000,-106000,42000
2009/07/24,0,1445,-181000,-179555
2009/07/27,0,243000,-46000,197000
2009/07/28,0,101000,-191000,-90000
2009/07/29,0,181000,-37000,144000
2009/07/30,0,61000,-166000,-105000
2009/07/31,0,42000,-114000,-72000
2009/08/03,0,211000,-215000,-4000
2009/08/04,0,33000,-38000,-5000
2009/08/05,0,121163,-11000,110163
2009/08/06,0,364000,-55000,309000
2009/08/07,0,0,0,0
2009/08/10,0,10000,-180000,-170000
2009/08/11,0,48000,-73000,-25000
2009/08/12,0,12000,-49000,-37000
2009/08/13,0,87000,-62000,25000
2009/08/14,0,61000,-9000,52000
2009/08/17,0,23000,-19000,4000
2009/08/18,0,114000,-31990,82010
2009/08/19,0,4000,-72000,-68000
2009/08/20,0,25000,-15000,10000
2009/08/21,0,37000,-57000,-20000
2009/08/24,0,18000,-21541,-3541
2009/08/25,0,9000,-12000,-3000
2009/08/26,0,48000,-2000,46000
2009/08/27,0,11000,-35000,-24000
2009/08/28,0,47000,-47000,0
2009/08/31,0,10000,-39000,-29000
2009/09/01,0,109000,-15000,94000
2009/09/02,0,61000,-60000,1000
2009/09/03,0,94000,-83000,11000
2009/09/04,0,73000,-71000,2000
2009/09/07,0,140000,-112000,28000
2009/09/08,0,93000,-99000,-6000
2009/09/09,0,24000,-40000,-16000
2009/09/10,0,19000,-52000,-33000
2009/09/11,0,37000,-30000,7000
2009/09/14,0,24000,-44000,-20000
2009/09/15,0,66000,-56000,10000
2009/09/16,0,96000,-76000,20000
2009/09/17,0,39000,-75000,-36000
2009/09/18,0,20000,-43940,-23940
2009/09/21,0,76000,-34781,41219
2009/09/22,0,8000,-42000,-34000
2009/09/23,0,31000,-64020,-33020
2009/09/24,0,35000,-188000,-153000
2009/09/25,0,39000,-92000,-53000
2009/09/28,0,10000,-106977,-96977
2009/09/29,0,19000,-80000,-61000
2009/09/30,0,20000,-27000,-7000
2009/10/01,0,19000,-19000,0
2009/10/02,0,3000,-7000,-4000
2009/10/05,0,3000,-8000,-5000
2009/10/06,0,61000,-68000,-7000
2009/10/07,0,114000,-84000,30000
2009/10/08,0,21000,-170160,-149160
2009/10/09,0,7000,-35000,-28000
2009/10/12,0,5000,-30000,-25000
2009/10/13,0,14000,-6000,8000
2009/10/14,0,14000,-2000,12000
2009/10/15,0,34000,-18000,16000
2009/10/16,0,7000,-30000,-23000
2009/10/19,0,23000,-7000,16000
2009/10/20,0,32000,-33000,-1000
2009/10/21,0,13000,-41600,-28600
2009/10/22,0,32000,-235000,-203000
2009/10/23,0,19000,-39180,-20180
2009/10/26,0,3000,-35000,-32000
2009/10/27,0,28900,-38000,-9100
2009/10/28,0,11000,-49750,-38750
2009/10/29,0,25000,-2000,23000
2009/10/30,0,9000,-31100,-22100
2009/11/02,0,7000,-11000,-4000
2009/11/03,0,27250,-3000,24250
2009/11/04,0,12000,-9000,3000
2009/11/05,0,51000,-22000,29000
2009/11/06,0,46000,-14530,31470
2009/11/09,0,6000,-5000,1000
2009/11/10,0,33000,-30000,3000
2009/11/11,0,18000,0,18000
2009/11/12,0,6000,-27000,-21000
2009/11/13,0,2000,-8000,-6000
2009/11/16,0,13000,-15040,-2040
2009/11/17,0,5000,-6000,-1000
2009/11/18,0,1000,-7000,-6000
2009/11/19,0,15070,-7469,7601
2009/11/20,0,5000,-9000,-4000
2009/11/23,0,10000,-9000,1000
2009/11/24,0,1000,-4000,-3000
2009/11/25,0,4000,-4000,0
2009/11/26,0,72000,-24000,48000
2009/11/27,0,6000,-18100,-12100
2009/11/30,0,1000,-42000,-41000
2009/12/01,0,13000,-15020,-2020
2009/12/02,0,8000,-6000,2000
2009/12/03,0,126130,-21000,105130
2009/12/04,0,168000,-37000,131000
2009/12/07,0,37000,-94000,-57000
2009/12/08,0,36000,-37000,-1000
2009/12/09,0,14000,-28020,-14020
2009/12/10,0,19000,-42200,-23200
2009/12/11,0,25000,-7000,18000
2009/12/14,0,21000,-35220,-14220
2009/12/15,0,17120,-8000,9120
2009/12/16,0,151000,-49000,102000
2009/12/17,0,5000,-56000,-51000
2009/12/18,0,0,-31000,-31000
2009/12/21,0,3000,-17000,-14000
2009/12/22,0,40000,-35000,5000
2009/12/23,0,13000,-22210,-9210
2009/12/24,0,14300,-19000,-4700
2009/12/25,0,28200,-33000,-4800
2009/12/28,0,1000,-24000,-23000
2009/12/29,0,6000,-8000,-2000
2009/12/30,0,39000,0,39000
2009/12/31,0,42500,-88000,-45500
2010/01/01,0,0,0,0
2010/01/04,0,75000,-17000,58000
2010/01/05,0,22000,-72000,-50000
2010/01/06,0,18000,-31000,-13000
2010/01/07,0,11000,-65000,-54000
2010/01/08,0,36000,-13000,23000
2010/01/11,0,126000,-65120,60880
2010/01/12,0,7000,-7000,0
2010/01/13,0,18000,-6000,12000
2010/01/14,0,98000,-60000,38000
2010/01/15,0,182000,-68000,114000
2010/01/18,0,75000,-13000,62000
2010/01/19,0,4000,-235000,-231000
2010/01/20,0,1476,-21000,-19524
2010/01/21,0,9000,-22000,-13000
2010/01/22,0,26000,-41000,-15000
2010/01/25,0,3000,-9000,-6000
2010/01/26,0,18000,-37000,-19000
2010/01/27,0,20000,-43000,-23000
2010/01/28,0,39000,-50000,-11000
2010/01/29,0,104000,-9000,95000
2010/02/01,0,9000,-59000,-50000
2010/02/02,0,11000,-10000,1000
2010/02/03,0,107000,-43160,63840
2010/02/04,0,92000,-79000,13000
2010/02/05,0,136000,-84000,52000
2010/02/08,0,26000,-178000,-152000
2010/02/09,0,18000,-58617,-40617
2010/02/10,0,22000,-23318,-1318
2010/02/11,0,0,0,0
2010/02/12,0,0,0,0
2010/02/15,0,0,0,0
2010/02/16,0,0,0,0
2010/02/17,0,0,0,0
2010/02/18,0,0,0,0
2010/02/19,0,0,0,0
2010/02/22,0,46000,-8000,38000
2010/02/23,0,16000,-24000,-8000
2010/02/24,0,9000,-6000,3000
2010/02/25,0,22000,-32000,-10000
2010/02/26,0,13000,-26000,-13000
2010/03/01,0,16000,-11000,5000
2010/03/02,0,20000,-16000,4000
2010/03/03,0,29000,-7000,22000
2010/03/04,0,14000,-10000,4000
2010/03/05,0,7000,-5000,2000
2010/03/08,0,7000,-13000,-6000
2010/03/09,0,26000,-7000,19000
2010/03/10,0,93000,-24000,69000
2010/03/11,0,8000,-61000,-53000
2010/03/12,0,0,-28000,-28000
2010/03/15,0,18000,-12000,6000
2010/03/16,0,21000,-17000,4000
2010/03/17,0,33000,-6000,27000
2010/03/18,0,100000,-8000,92000
2010/03/19,0,12000,-15000,-3000
2010/03/22,0,45000,-5000,40000
2010/03/23,0,10000,-111000,-101000
2010/03/24,0,3000,-3000,0
2010/03/25,0,32000,-10000,22000
2010/03/26,0,90000,-5000,85000
2010/03/29,0,61000,-1000,60000
2010/03/30,0,134000,-69000,65000
2010/03/31,0,87000,-38000,49000
2010/04/01,0,34000,-211000,-177000
2010/04/02,0,70000,-59100,10900
2010/04/05,0,0,0,0
2010/04/06,0,65000,-68000,-3000
2010/04/07,0,77000,-4000,73000
2010/04/08,0,142000,-77000,65000
2010/04/09,0,41000,-41000,0
2010/04/12,0,118000,-34000,84000
2010/04/13,0,27000,-21000,6000
2010/04/14,0,146000,-114000,32000
2010/04/15,0,79000,-95000,-16000
2010/04/16,0,10000,-44000,-34000
2010/04/19,0,70000,-102000,-32000
2010/04/20,0,76000,-140040,-64040
2010/04/21,0,87000,-165000,-78000
2010/04/22,0,79000,-29000,50000
2010/04/23,0,144000,-118000,26000
2010/04/26,0,30000,-43000,-13000
2010/04/27,0,22000,-19000,3000
2010/04/28,0,60000,0,60000
2010/04/29,0,31000,-35000,-4000
2010/04/30,0,17000,-93000,-76000
2010/05/03,0,24000,-34000,-10000
2010/05/04,0,63000,-24000,39000
2010/05/05,0,113000,-55000,58000
2010/05/06,0,47000,-51000,-4000
2010/05/07,0,88000,-239000,-151000
2010/05/10,0,98000,-83000,15000
2010/05/11,0,3000,-45524,-42524
2010/05/12,0,8000,-38000,-30000
2010/05/13,0,70000,-4000,66000
2010/05/14,0,16000,-49000,-33000
2010/05/17,0,52000,-42000,10000
2010/05/18,0,18000,-11000,7000
2010/05/19,0,59000,-89000,-30000
2010/05/20,0,104000,-89000,15000
2010/05/21,0,44000,-28000,16000
2010/05/24,0,45000,-33000,12000
2010/05/25,0,41000,-110000,-69000
2010/05/26,0,50000,-56000,-6000
2010/05/27,0,36000,-14000,22000
2010/05/28,0,65000,-100000,-35000
2010/05/31,0,36000,-34000,2000
2010/06/01,0,19000,-37000,-18000
2010/06/02,0,24000,-38000,-14000
2010/06/03,0,8000,-18000,-10000
2010/06/04,0,12000,-18000,-6000
2010/06/07,0,51000,-17000,34000
2010/06/08,0,8000,-38000,-30000
2010/06/09,0,56000,-36000,20000
2010/06/10,0,11000,-4000,7000
2010/06/11,0,8000,-25000,-17000
2010/06/14,0,1000,-10000,-9000
2010/06/15,0,8000,-16000,-8000
2010/06/16,0,0,0,0
2010/06/17,0,38000,-9000,29000
2010/06/18,0,36000,-6000,30000
2010/06/21,0,64000,-69000,-5000
2010/06/22,0,14000,-4000,10000
2010/06/23,0,11000,-14000,-3000
2010/06/24,0,26000,-62475,-36475
2010/06/25,0,76000,-14000,62000
2010/06/28,0,26000,-2000,24000
2010/06/29,0,1000,-38000,-37000
2010/06/30,0,81000,-15000,66000
2010/07/01,0,2000,-51000,-49000
2010/07/02,0,36150,-2000,34150
2010/07/05,0,35000,-101000,-66000
2010/07/06,0,27120,-119000,-91880
2010/07/07,0,14100,-34000,-19900
2010/07/08,0,50000,-57000,-7000
2010/07/09,0,10000,-9170,830
2010/07/12,0,20000,-24000,-4000
2010/07/13,0,24100,-33000,-8900
2010/07/14,0,14000,-35000,-21000
2010/07/15,0,6000,-6000,0
2010/07/16,0,22000,-34000,-12000
2010/07/19,0,12000,-21000,-9000
2010/07/20,0,18000,-49000,-31000
2010/07/21,0,25000,-20000,5000
2010/07/22,0,18100,-9000,9100
2010/07/23,0,71000,-19766,51234
2010/07/26,0,45000,-21000,24000
2010/07/27,0,9000,-8000,1000
2010/07/28,0,21000,-4000,17000
2010/07/29,0,57350,-31000,26350
2010/07/30,0,27000,-18500,8500
2010/08/02,0,114000,-53000,61000
2010/08/03,0,187000,-11000,176000
2010/08/04,0,201400,-15000,186400
2010/08/05,0,414350,-62000,352350
2010/08/06,0,134000,-368400,-234400
2010/08/09,0,14000,-78000,-64000
2010/08/10,0,62000,-106000,-44000
2010/08/11,0,52000,-95250,-43250
2010/08/12,0,64000,-40000,24000
2010/08/13,0,66000,-11000,55000
2010/08/16,0,198100,-106000,92100
2010/08/17,0,102000,-52000,50000
2010/08/18,0,31000,-134000,-103000
2010/08/19,0,6000,-71000,-65000
2010/08/20,0,16000,-66523,-50523
2010/08/23,0,22000,-47186,-25186
2010/08/24,0,7000,-38014,-31014
2010/08/25,0,8000,-65000,-57000
2010/08/26,0,16000,-63000,-47000
2010/08/27,0,11000,-22000,-11000
2010/08/30,0,27000,-35000,-8000
2010/08/31,0,36000,-81000,-45000
2010/09/01,0,25000,-24000,1000
2010/09/02,0,20000,-43000,-23000
2010/09/03,0,10000,-24000,-14000
2010/09/06,0,14000,-13000,1000
2010/09/07,0,3000,-12000,-9000
2010/09/08,0,8000,-59000,-51000
2010/09/09,0,63000,-38000,25000
2010/09/10,0,18000,-71000,-53000
2010/09/13,0,81000,-20000,61000
2010/09/14,0,79000,-29000,50000
2010/09/15,0,29000,-28000,1000
2010/09/16,0,32000,-50400,-18400
2010/09/17,0,15000,-35000,-20000
2010/09/20,0,12000,-6000,6000
2010/09/21,0,13000,-8000,5000
2010/09/22,0,0,0,0
2010/09/23,0,15000,-1000,14000
2010/09/24,0,18000,-8000,10000
2010/09/27,0,38000,-19000,19000
2010/09/28,0,81000,-36000,45000
2010/09/29,0,15000,-44000,-29000
2010/09/30,0,14000,-33000,-19000
2010/10/01,0,30000,-2021,27979
2010/10/04,0,19000,-22000,-3000
2010/10/05,0,27000,-23000,4000
2010/10/06,0,22000,-27000,-5000
2010/10/07,0,10000,-11522,-1522
2010/10/08,0,4000,-6000,-2000
2010/10/11,0,3000,-2000,1000
2010/10/12,0,14000,-31000,-17000
2010/10/13,0,269000,-71000,198000
2010/10/14,0,34000,-118000,-84000
2010/10/15,0,33000,-30000,3000
2010/10/18,0,11000,-35000,-24000
2010/10/19,0,53000,-41000,12000
2010/10/20,0,70000,-105000,-35000
2010/10/21,0,28000,-136182,-108182
2010/10/22,0,24000,-75000,-51000
2010/10/25,0,10000,-3000,7000
2010/10/26,0,35000,-7000,28000
2010/10/27,0,82000,-27000,55000
2010/10/28,0,51000,-30000,21000
2010/10/29,0,3000,-49000,-46000
2010/11/01,0,77000,-29000,48000
2010/11/02,0,3000,-20000,-17000
2010/11/03,0,4000,-22000,-18000
2010/11/04,0,20000,-13000,7000
2010/11/05,0,40000,-21000,19000
2010/11/08,0,13510,-25000,-11490
2010/11/09,0,9000,-7000,2000
2010/11/10,0,14000,-5000,9000
2010/11/11,0,15000,-10000,5000
2010/11/12,0,11000,-11000,0
2010/11/15,0,11000,-4000,7000
2010/11/16,0,16000,-11000,5000
2010/11/17,0,16000,-2000,14000
2010/11/18,0,12000,-8000,4000
2010/11/19,0,45000,-26000,19000
2010/11/22,0,25000,-23510,1490
2010/11/23,0,13000,-16000,-3000
2010/11/24,0,13000,-3000,10000
2010/11/25,0,30000,-15000,15000
2010/11/26,0,76000,-16000,60000
2010/11/29,0,196000,-55000,141000
2010/11/30,0,66000,-170000,-104000
2010/12/01,0,54000,-36000,18000
2010/12/02,0,50000,-169000,-119000
2010/12/03,0,61000,-120000,-59000
2010/12/06,0,62000,-46000,16000
2010/12/07,0,80000,-39000,41000
2010/12/08,0,59000,-19000,40000
2010/12/09,0,16000,-22000,-6000
2010/12/10,0,43000,-19000,24000
2010/12/13,0,26000,-22000,4000
2010/12/14,0,17000,-49000,-32000
2010/12/15,0,26000,-51000,-25000
2010/12/16,0,40000,-7000,33000
2010/12/17,0,9000,-24000,-15000
2010/12/20,0,13000,-9000,4000
2010/12/21,0,154000,-5000,149000
2010/12/22,0,187000,-121000,66000
2010/12/23,0,27000,-58000,-31000
2010/12/24,0,9000,-54000,-45000
2010/12/27,0,8200,-78000,-69800
2010/12/28,0,4000,-31000,-27000
2010/12/29,0,12000,-112200,-100200
2010/12/30,0,84000,-32000,52000
2010/12/31,0,43000,-24000,19000
2011/01/03,0,19000,-75000,-56000
2011/01/04,0,49000,-29000,20000
2011/01/05,0,6000,-47000,-41000
2011/01/06,0,32000,-25000,7000
2011/01/07,0,21000,-45000,-24000
2011/01/10,0,73000,-30000,43000
2011/01/11,0,37000,-52000,-15000
2011/01/12,0,31000,-54000,-23000
2011/01/13,0,30000,-25000,5000
2011/01/14,0,23000,-19000,4000
2011/01/17,0,18000,-21000,-3000
2011/01/18,0,68000,-8000,60000
2011/01/19,0,48000,-26000,22000
2011/01/20,0,174000,-53000,121000
2011/01/21,0,141000,-48000,93000
2011/01/24,0,39000,-54000,-15000
2011/01/25,0,139000,-84000,55000
2011/01/26,0,102000,-29000,73000
2011/01/27,0,67000,-74000,-7000
2011/01/28,0,35000,-25000,10000
2011/01/31,0,0,0,0
2011/02/01,0,0,0,0
2011/02/02,0,0,0,0
2011/02/03,0,0,0,0
2011/02/04,0,0,0,0
2011/02/07,0,0,0,0
2011/02/08,0,59000,-21000,38000
2011/02/09,0,29000,-59000,-30000
2011/02/10,0,39000,-12000,27000
2011/02/11,0,52000,-82000,-30000
2011/02/14,0,123000,-24000,99000
2011/02/15,0,80000,-44000,36000
2011/02/16,0,49000,-44000,5000
2011/02/17,0,28000,-17000,11000
2011/02/18,0,56000,-114000,-58000
2011/02/21,0,79000,-14000,65000
2011/02/22,0,172000,-56000,116000
2011/02/23,0,105000,-70000,35000
2011/02/24,0,86000,-47000,39000
2011/02/25,0,215000,-266000,-51000
2011/02/28,0,0,0,0
2011/03/01,0,92000,-138000,-46000
2011/03/02,0,50000,-36000,14000
2011/03/03,0,108000,-163000,-55000
2011/03/04,0,180000,-78000,102000
2011/03/07,0,76000,-36000,40000
2011/03/08,0,48000,-79000,-31000
2011/03/09,0,200000,-86000,114000
2011/03/10,0,81000,-86000,-5000
2011/03/11,0,107000,-30000,77000
2011/03/14,0,158000,-92000,66000
2011/03/15,0,157000,-225000,-68000
2011/03/16,0,176000,-86000,90000
2011/03/17,0,64000,-165000,-101000
2011/03/18,0,84000,-96000,-12000
2011/03/21,0,7000,-24000,-17000
2011/03/22,0,45000,-66000,-21000
2011/03/23,0,10000,-14000,-4000
2011/03/24,0,18000,-21000,-3000
2011/03/25,0,34000,-27000,7000
2011/03/28,0,36000,-29000,7000
2011/03/29,0,84000,-19000,65000
2011/03/30,0,35000,-41000,-6000
2011/03/31,0,21000,-67000,-46000
2011/04/01,0,124000,-109000,15000
2011/04/04,0,0,0,0
2011/04/05,0,0,0,0
2011/04/06,0,56000,-80000,-24000
2011/04/07,0,168000,-91000,77000
2011/04/08,0,75000,-140000,-65000
2011/04/11,0,72000,-72000,0
2011/04/12,0,43000,-67000,-24000
2011/04/13,0,28000,-21000,7000
2011/04/14,0,57000,-31648,25352
2011/04/15,0,69000,-105000,-36000
2011/04/18,0,5000,-39000,-34000
2011/04/19,0,78000,-73000,5000
2011/04/20,0,133000,-108000,25000
2011/04/21,0,98000,-147000,-49000
2011/04/22,0,5000,-75000,-70000
2011/04/25,0,17000,-20000,-3000
2011/04/26,0,31000,-20000,11000
2011/04/27,0,19000,-46000,-27000
2011/04/28,0,24000,-25000,-1000
2011/04/29,0,47000,-23000,24000
2011/05/02,0,0,0,0
2011/05/03,0,48000,-75000,-27000
2011/05/04,0,93000,-122000,-29000
2011/05/05,0,113000,-192000,-79000
2011/05/06,0,74000,-53000,21000
2011/05/09,0,13000,-48000,-35000
2011/05/10,0,32000,-33000,-1000
2011/05/11,0,5000,-21370,-16370
2011/05/12,0,71000,-40000,31000
2011/05/13,0,166000,-33000,133000
2011/05/16,0,38000,-39000,-1000
2011/05/17,0,50000,-22000,28000
2011/05/18,0,56000,-9000,47000
2011/05/19,0,87000,-72420,14580
2011/05/20,0,46000,-107000,-61000
2011/05/23,0,14000,-24000,-10000
2011/05/24,0,20000,-16000,4000
2011/05/25,0,51000,-34000,17000
2011/05/26,0,22000,-17000,5000
2011/05/27,0,35000,-9000,26000
2011/05/30,0,19000,-12000,7000
2011/05/31,0,139000,-129000,10000
2011/06/01,0,61000,-169000,-108000
2011/06/02,0,54000,-107000,-53000
2011/06/03,0,9000,-89000,-80000
2011/06/06,0,0,0,0
2011/06/07,0,51000,-42000,9000
2011/06/08,0,8000,-39000,-31000
2011/06/09,0,30000,-28000,2000
2011/06/10,0,86000,-55000,31000
2011/06/13,0,113000,-61000,52000
2011/06/14,0,56000,-40000,16000
2011/06/15,0,161000,-63000,98000
2011/06/16,0,60000,-55000,5000
2011/06/17,0,49000,-72000,-23000
2011/06/20,0,16000,-107000,-91000
2011/06/21,0,133000,-74000,59000
2011/06/22,0,65000,-69000,-4000
2011/06/23,0,27000,-32000,-5000
2011/06/24,0,47000,-17000,30000
2011/06/27,0,37000,-30000,7000
2011/06/28,0,256000,-72879,183121
2011/06/29,0,98000,-49000,49000
2011/06/30,0,14000,-34000,-20000
2011/07/01,0,91000,-52000,39000
2011/07/04,0,24000,-96000,-72000
2011/07/05,0,79000,-20000,59000
2011/07/06,0,155000,-297000,-142000
2011/07/07,0,79000,-78000,1000
2011/07/08,0,86000,-72000,14000
2011/07/11,0,45000,-27000,18000
2011/07/12,0,59000,-78000,-19000
2011/07/13,0,71000,-25000,46000
2011/07/14,0,242000,-178000,64000
2011/07/15,0,100000,-118000,-18000
2011/07/18,0,42000,-61990,-19990
2011/07/19,0,156000,-82000,74000
2011/07/20,0,146000,-131000,15000
2011/07/21,0,18000,-73000,-55000
2011/07/22,0,10000,-66000,-56000
2011/07/25,0,5000,-87000,-82000
2011/07/26,0,129000,-38493,90507
2011/07/27,0,28000,-42000,-14000
2011/07/28,0,18000,-45000,-27000
2011/07/29,0,41000,-100405,-59405
2011/08/01,0,53000,-24000,29000
2011/08/02,0,130000,-45000,85000
2011/08/03,0,291000,-27000,264000
2011/08/04,0,80000,-288000,-208000
2011/08/05,0,196000,-239000,-43000
2011/08/08,0,80000,-84000,-4000
2011/08/09,0,408000,-124000,284000
2011/08/10,0,51000,-180300,-129300
2011/08/11,0,84000,-174000,-90000
2011/08/12,0,25000,-149000,-124000
2011/08/15,0,83000,-18000,65000
2011/08/16,0,103000,-175000,-72000
2011/08/17,0,97000,-324000,-227000
2011/08/18,0,241000,-107000,134000
2011/08/19,0,77000,-206400,-129400
2011/08/22,0,155000,-148000,7000
2011/08/23,0,207000,-86000,121000
2011/08/24,0,139000,-63000,76000
2011/08/25,0,114000,-162000,-48000
2011/08/26,0,125000,-42000,83000
2011/08/29,0,66000,-44000,22000
2011/08/30,0,181000,-73000,108000
2011/08/31,0,26000,-78000,-52000
2011/09/01,0,68000,-105000,-37000
2011/09/02,0,31000,-28000,3000
2011/09/05,0,36000,-164400,-128400
2011/09/06,0,63000,-247000,-184000
2011/09/07,0,116000,-11000,105000
2011/09/08,0,27000,-50000,-23000
2011/09/09,0,151200,-74000,77200
2011/09/12,0,0,0,0
2011/09/13,0,31000,-117000,-86000
2011/09/14,0,60000,-75000,-15000
2011/09/15,0,55000,-13000,42000
2011/09/16,0,51000,-54000,-3000
2011/09/19,0,19000,-34000,-15000
2011/09/20,0,13000,-45000,-32000
2011/09/21,0,152000,-9000,143000
2011/09/22,0,34000,-143000,-109000
2011/09/23,0,42000,-150000,-108000
2011/09/26,0,63000,-79000,-16000
2011/09/27,0,41000,-42000,-1000
2011/09/28,0,94000,-37000,57000
2011/09/29,0,97000,-16000,81000
2011/09/30,0,58000,-29000,29000
2011/10/03,0,48000,-84000,-36000
2011/10/04,0,98000,-42000,56000
2011/10/05,0,40000,-77000,-37000
2011/10/06,0,141000,-117705,23295
2011/10/07,0,60000,-38000,22000
2011/10/10,0,0,0,0
2011/10/11,0,65000,-33000,32000
2011/10/12,0,101000,-94000,7000
2011/10/13,0,131000,-83000,48000
2011/10/14,0,1000,-40000,-39000
2011/10/17,0,122000,-117000,5000
2011/10/18,0,19000,-47000,-28000
2011/10/19,0,47000,-81000,-34000
2011/10/20,0,66000,-121753,-55753
2011/10/21,0,43000,-9000,34000
2011/10/24,0,68000,-57000,11000
2011/10/25,0,32005,-11000,21005
2011/10/26,0,124000,-76000,48000
2011/10/27,0,55000,-10000,45000
2011/10/28,0,43000,-104000,-61000
2011/10/31,0,53000,-17494,35506
2011/11/01,0,131000,-26000,105000
2011/11/02,0,33000,-3000,30000
2011/11/03,0,87000,-82000,5000
2011/11/04,0,9000,-227000,-218000
2011/11/07,0,42000,-32000,10000
2011/11/08,0,16000,-31000,-15000
2011/11/09,0,20000,-68400,-48400
2011/11/10,0,68000,-80000,-12000
2011/11/11,0,117000,-66000,51000
2011/11/14,0,54000,-22000,32000
2011/11/15,0,12000,-33000,-21000
2011/11/16,0,19000,-41000,-22000
2011/11/17,0,26000,-25000,1000
2011/11/18,0,82000,-23000,59000
2011/11/21,0,88000,-33000,55000
2011/11/22,0,119000,-105000,14000
2011/11/23,0,97000,-57000,40000
2011/11/24,0,91000,-46000,45000
2011/11/25,0,66000,-36000,30000
2011/11/28,0,50000,-55000,-5000
2011/11/29,0,43000,-72000,-29000
2011/11/30,0,10000,-32000,-22000
2011/12/01,0,30000,-27000,3000
2011/12/02,0,6000,-15000,-9000
2011/12/05,0,24000,-25000,-1000
2011/12/06,0,14000,-31418,-17418
2011/12/07,0,35000,-70000,-35000
2011/12/08,0,30000,-15000,15000
2011/12/09,0,27000,-38000,-11000
2011/12/12,0,51000,-53000,-2000
2011/12/13,0,23000,-25000,-2000
2011/12/14,0,30000,-14000,16000
2011/12/15,0,8000,-39000,-31000
2011/12/16,0,12000,-28000,-16000
2011/12/19,0,11000,-62000,-51000
2011/12/20,0,70000,-27000,43000
2011/12/21,0,7000,-42000,-35000
2011/12/22,0,33000,-26000,7000
2011/12/23,0,10000,-34000,-24000
2011/12/26,0,6000,-16000,-10000
2011/12/27,0,33000,-11000,22000
2011/12/28,0,15000,-4000,11000
2011/12/29,0,43000,-27000,16000
2011/12/30,0,19000,-50000,-31000
2012/01/02,0,4000,-22000,-18000
2012/01/03,0,63000,-23000,40000
2012/01/04,0,58000,-30000,28000
2012/01/05,0,10000,-15133,-5133
2012/01/06,0,65000,-53000,12000
2012/01/09,0,24000,-52000,-28000
2012/01/10,0,21000,-27000,-6000
2012/01/11,0,17000,-13000,4000
2012/01/12,0,8000,-3000,5000
2012/01/13,0,1000,-49000,-48000
2012/01/16,0,61000,-83000,-22000
2012/01/17,0,138000,-16000,122000
2012/01/18,0,9000,-90000,-81000
2012/01/19,0,0,0,0
2012/01/20,0,0,0,0
2012/01/23,0,0,0,0
2012/01/24,0,0,0,0
2012/01/25,0,0,0,0
2012/01/26,0,0,0,0
2012/01/27,0,0,0,0
2012/01/30,0,79000,-28000,51000
2012/01/31,0,83000,-63000,20000
2012/02/01,0,30000,-72000,-42000
2012/02/02,0,63000,-80000,-17000
2012/02/03,0,58000,-37000,21000
2012/02/06,0,56000,-61000,-5000
2012/02/07,0,89000,-84000,5000
2012/02/08,0,71000,-28000,43000
2012/02/09,0,12000,-38000,-26000
2012/02/10,0,73000,-42000,31000
2012/02/13,0,460000,-44000,416000
2012/02/14,0,244000,-104000,140000
2012/02/15,0,76000,-284000,-208000
2012/02/16,0,31000,-170000,-139000
2012/02/17,0,33000,-88000,-55000
2012/02/20,0,51000,-30000,21000
2012/02/21,0,13000,-57000,-44000
2012/02/22,0,109000,-66000,43000
2012/02/23,0,5000,-97000,-92000
2012/02/24,0,20000,-38000,-18000
2012/02/27,0,0,0,0
2012/02/28,0,0,0,0
2012/02/29,0,68002,-40000,28002
2012/03/01,0,41000,-25000,16000
2012/03/02,0,7000,-47000,-40000
2012/03/05,0,52000,-79000,-27000
2012/03/06,0,20000,-64000,-44000
2012/03/07,0,48000,-36000,12000
2012/03/08,0,9000,-51000,-42000
2012/03/09,0,13000,-35000,-22000
2012/03/12,0,15000,-54081,-39081
2012/03/13,0,38000,-76000,-38000
2012/03/14,0,130000,-12000,118000
2012/03/15,0,20000,-32000,-12000
2012/03/16,0,11000,-7000,4000
2012/03/19,0,18000,-21000,-3000
2012/03/20,0,7000,-138000,-131000
2012/03/21,0,21000,-27000,-6000
2012/03/22,0,30000,-24000,6000
2012/03/23,0,12000,-9000,3000
2012/03/26,0,11000,-18000,-7000
2012/03/27,0,9000,-5000,4000
2012/03/28,0,0,-41000,-41000
2012/03/29,0,76000,-93817,-17817
2012/03/30,0,65000,-12000,53000
2012/04/02,0,14000,-24000,-10000
2012/04/03,0,31000,-89000,-58000
2012/04/04,0,0,0,0
2012/04/05,0,129000,-23000,106000
2012/04/06,0,59000,-110000,-51000
2012/04/09,0,10000,-54000,-44000
2012/04/10,0,24000,-70000,-46000
2012/04/11,0,48000,-33000,15000
2012/04/12,0,76000,-55000,21000
2012/04/13,0,20000,-100000,-80000
2012/04/16,0,2000,-28000,-26000
2012/04/17,0,85000,-53000,32000
2012/04/18,0,24000,-14000,10000
2012/04/19,0,32000,-32000,0
2012/04/20,0,3000,-54000,-51000
2012/04/23,0,91000,-75000,16000
2012/04/24,0,47000,-62000,-15000
2012/04/25,0,15000,-43000,-28000
2012/04/26,0,32000,-21000,11000
2012/04/27,0,2000,-1848,152
2012/04/30,0,7000,-3000,4000
2012/05/01,0,0,0,0
2012/05/02,0,77000,-44000,33000
2012/05/03,0,16000,-41000,-25000
2012/05/04,0,42000,-16000,26000
2012/05/07,0,25000,-27000,-2000
2012/05/08,0,22408,-18236,4172
2012/05/09,0,27000,-8691,18309
2012/05/10,0,78000,-24000,54000
2012/05/11,0,100000,-13000,87000
2012/05/14,0,17000,-26000,-9000
2012/05/15,0,67000,-131000,-64000
2012/05/16,0,64000,-146000,-82000
2012/05/17,0,34000,-25000,9000
2012/05/18,0,95000,-100000,-5000
2012/05/21,0,45000,-44000,1000
2012/05/22,0,42000,-73000,-31000
2012/05/23,0,39000,-26000,13000
2012/05/24,0,56000,-37000,19000
2012/05/25,0,59000,-57000,2000
2012/05/28,0,19000,-43000,-24000
2012/05/29,0,149000,-29000,120000
2012/05/30,0,64000,-54000,10000
2012/05/31,0,47000,-45000,2000
2012/06/01,0,53000,-64000,-11000
2012/06/04,0,59000,-27000,32000
2012/06/05,0,163000,-154000,9000
2012/06/06,0,145000,-110000,35000
2012/06/07,0,34000,-83000,-49000
2012/06/08,0,23000,-9000,14000
2012/06/11,0,27000,-25000,2000
2012/06/12,0,11000,-14000,-3000
2012/06/13,0,30000,-30000,0
2012/06/14,0,23000,-5000,18000
2012/06/15,0,90000,-29000,61000
2012/06/18,0,139000,-47000,92000
2012/06/19,0,42000,-61000,-19000
2012/06/20,0,94000,-47000,47000
2012/06/21,0,43000,-50000,-7000
2012/06/22,0,80000,-53000,27000
2012/06/25,0,34000,-39000,-5000
2012/06/26,0,33000,-31000,2000
2012/06/27,0,74000,-37000,37000
2012/06/28,0,28000,-45000,-17000
2012/06/29,0,56000,-25000,31000
2012/07/02,0,21000,-10000,11000
2012/07/03,0,56000,-25000,31000
2012/07/04,0,32000,-70000,-38000
2012/07/05,0,28000,-6000,22000
2012/07/06,0,58000,-57000,1000
2012/07/09,0,41000,-32000,9000
2012/07/10,0,49000,-41000,8000
2012/07/11,0,37000,-22000,15000
2012/07/12,0,30000,-41000,-11000
2012/07/13,0,45000,-24000,21000
2012/07/16,0,16000,-38720,-22720
2012/07/17,0,25000,-63000,-38000
2012/07/18,0,90000,-70711,19289
2012/07/19,0,48000,-37000,11000
2012/07/20,0,9000,-34000,-25000
2012/07/23,0,20000,-57000,-37000
2012/07/24,0,34000,-23000,11000
2012/07/25,0,23000,-55000,-32000
2012/07/26,0,64000,-41000,23000
2012/07/27,0,160000,-32000,128000
2012/07/30,0,31000,-30000,1000
2012/07/31,0,40000,-49000,-9000
2012/08/01,0,127000,-62000,65000
2012/08/02,0,0,0,0
2012/08/03,0,20000,-164746,-144746
2012/08/06,0,93000,-54000,39000
2012/08/07,0,59000,-27000,32000
2012/08/08,0,236000,-16000,220000
2012/08/09,0,152000,-225000,-73000
2012/08/10,0,17000,-85000,-68000
2012/08/13,0,37000,-7000,30000
2012/08/14,0,124000,-13000,111000
2012/08/15,0,20000,-57000,-37000
2012/08/16,0,59000,-25000,34000
2012/08/17,0,36000,-42000,-6000
2012/08/20,0,41000,-31000,10000
2012/08/21,0,31000,-14000,17000
2012/08/22,0,14000,-35000,-21000
2012/08/23,0,21000,-21000,0
2012/08/24,0,39000,-48000,-9000
2012/08/27,0,168000,-96000,72000
2012/08/28,0,73000,-111000,-38000
2012/08/29,0,15000,-10000,5000
2012/08/30,0,5000,-54000,-49000
2012/08/31,0,11000,-9000,2000
2012/09/03,0,199000,-24000,175000
2012/09/04,0,90000,-67000,23000
2012/09/05,0,169000,-69000,100000
2012/09/06,0,25000,-95000,-70000
2012/09/07,0,136000,-17000,119000
2012/09/10,0,75000,-32000,43000
2012/09/11,0,86000,-30000,56000
2012/09/12,0,115000,-27000,88000
2012/09/13,0,38000,-64000,-26000
2012/09/14,0,91000,-109000,-18000
2012/09/17,0,46000,-78000,-32000
2012/09/18,0,28000,-33000,-5000
2012/09/19,0,76000,-66000,10000
2012/09/20,0,31000,-19000,12000
2012/09/21,0,43000,-29000,14000
2012/09/24,0,12000,-7000,5000
2012/09/25,0,33000,-81000,-48000
2012/09/26,0,65000,-134000,-69000
2012/09/27,0,56000,-87000,-31000
2012/09/28,0,23000,-86000,-63000
2012/10/01,0,59000,-98000,-39000
2012/10/02,0,23000,-76000,-53000
2012/10/03,0,1000,-11000,-10000
2012/10/04,0,28000,-12000,16000
2012/10/05,0,34000,-59000,-25000
2012/10/08,0,34000,-26000,8000
2012/10/09,0,38000,-68000,-30000
2012/10/10,0,0,0,0
2012/10/11,0,33000,-50000,-17000
2012/10/12,0,16000,-33000,-17000
2012/10/15,0,26000,-13000,13000
2012/10/16,0,6000,-24000,-18000
2012/10/17,0,43000,-59000,-16000
2012/10/18,0,5000,-26000,-21000
2012/10/19,0,10000,-26000,-16000
2012/10/22,0,4000,-45000,-41000
2012/10/23,0,15000,-98000,-83000
2012/10/24,0,41000,-5000,36000
2012/10/25,0,28000,-36000,-8000
2012/10/26,0,49000,-100000,-51000
2012/10/29,0,16000,-59000,-43000
2012/10/30,0,12000,-24000,-12000
2012/10/31,0,19000,-17000,2000
2012/11/01,0,48000,-37000,11000
2012/11/02,0,6000,-19000,-13000
2012/11/05,0,41000,-28000,13000
2012/11/06,0,83000,-39000,44000
2012/11/07,0,68000,-109929,-41929
2012/11/08,0,68000,-60000,8000
2012/11/09,0,56000,-34000,22000
2012/11/12,0,42000,-36000,6000
2012/11/13,0,25000,-34000,-9000
2012/11/14,0,73000,-22000,51000
2012/11/15,0,61000,-18000,43000
2012/11/16,0,26000,-61000,-35000
2012/11/19,0,18000,-39000,-21000
2012/11/20,0,17101,-19000,-1899
2012/11/21,0,34000,-16000,18000
2012/11/22,0,13000,-7000,6000
2012/11/23,0,75000,-8000,67000
2012/11/26,0,66000,-66000,0
2012/11/27,0,20000,-40000,-20000
2012/11/28,0,13000,-22000,-9000
2012/11/29,0,25000,-26000,-1000
2012/11/30,0,25000,-23000,2000
2012/12/03,0,35000,-33000,2000
2012/12/04,0,59000,-37000,22000
2012/12/05,0,50000,-23000,27000
2012/12/06,0,41000,-27000,14000
2012/12/07,0,67000,-125000,-58000
2012/12/10,0,29000,-34000,-5000
2012/12/11,0,71000,-48000,23000
2012/12/12,0,55000,-47000,8000
2012/12/13,0,170000,-66000,104000
2012/12/14,0,198000,-74000,124000
2012/12/17,0,257000,-39000,218000
2012/12/18,0,61000,-110000,-49000
2012/12/19,0,63000,-132000,-69000
2012/12/20,0,13000,-152000,-139000
2012/12/21,0,22000,-75000,-53000
2012/12/24,0,53000,-33000,20000
2012/12/25,0,79000,-35000,44000
2012/12/26,0,35000,-40000,-5000
2012/12/27,0,59000,-41000,18000
2012/12/28,0,47000,-18000,29000
2012/12/31,0,0,0,0
2013/01/01,0,0,0,0
2013/01/02,0,172000,-94000,78000
2013/01/03,0,151000,-96000,55000
2013/01/04,0,68000,-115000,-47000
2013/01/07,0,63000,-160998,-97998
2013/01/08,0,197000,-56000,141000
2013/01/09,0,29000,-79000,-50000
2013/01/10,0,47000,-61000,-14000
2013/01/11,0,59000,-47000,12000
2013/01/14,0,127000,-60000,67000
2013/01/15,0,160000,-63000,97000
2013/01/16,0,95000,-90000,5000
2013/01/17,0,99000,-199000,-100000
2013/01/18,0,108000,-58000,50000
2013/01/21,0,83000,-36000,47000
2013/01/22,0,88999,-26000,62999
2013/01/23,0,64000,-69000,-5000
2013/01/24,0,182000,-203000,-21000
2013/01/25,0,32000,-132000,-100000
2013/01/28,0,42000,-45000,-3000
2013/01/29,0,119000,-92000,27000
2013/01/30,0,63000,-94000,-31000
2013/01/31,0,66000,-79000,-13000
2013/02/01,0,121000,-129000,-8000
2013/02/04,0,9000,-113000,-104000
2013/02/05,0,55000,-48000,7000
2013/02/06,0,15000,-99000,-84000
2013/02/07,0,0,0,0
2013/02/08,0,0,0,0
2013/02/11,0,0,0,0
2013/02/12,0,0,0,0
2013/02/13,0,0,0,0
2013/02/14,0,0,0,0
2013/02/15,0,0,0,0
2013/02/18,0,26000,-73000,-47000
2013/02/19,0,89000,-36099,52901
2013/02/20,0,46000,-85000,-39000
2013/02/21,0,59000,-62000,-3000
2013/02/22,0,31000,-70000,-39000
2013/02/25,0,4000,-26000,-22000
2013/02/26,0,23000,-13000,10000
2013/02/27,0,52000,-12000,40000
2013/02/28,0,0,0,0
2013/03/01,0,71000,-33000,38000
2013/03/04,0,25000,-34000,-9000
2013/03/05,0,97000,-51000,46000
2013/03/06,0,103000,-119000,-16000
2013/03/07,0,187000,-25000,162000
2013/03/08,0,76000,-53000,23000
2013/03/11,0,35000,-12000,23000
2013/03/12,0,44000,-56000,-12000
2013/03/13,0,67000,-40000,27000
2013/03/14,0,36000,-28000,8000
2013/03/15,0,147000,-51000,96000
2013/03/18,0,33000,-117000,-84000
2013/03/19,0,35000,-58000,-23000
2013/03/20,0,59000,-20000,39000
2013/03/21,0,28000,-41000,-13000
2013/03/22,0,19000,-17000,2000
2013/03/25,0,3000,-48000,-45000
2013/03/26,0,212000,-20000,192000
2013/03/27,0,141000,-142000,-1000
2013/03/28,0,85000,-164000,-79000
2013/03/29,0,37000,-60000,-23000
2013/04/01,0,13000,-43000,-30000
2013/04/02,0,9000,-51000,-42000
2013/04/03,0,57000,-17000,40000
2013/04/04,0,0,0,0
2013/04/05,0,0,0,0
2013/04/08,0,104000,-61000,43000
2013/04/09,0,132000,-15000,117000
2013/04/10,0,48000,-16000,32000
2013/04/11,0,171000,-41000,130000
2013/04/12,0,28000,-331000,-303000
2013/04/15,0,16000,-131000,-115000
2013/04/16,0,72000,-26000,46000
2013/04/17,0,145000,-39000,106000
2013/04/18,0,137000,-64000,73000
2013/04/19,0,292000,-156000,136000
2013/04/22,0,54000,-90000,-36000
2013/04/23,0,70000,-87000,-17000
2013/04/24,0,93000,-31000,62000
2013/04/25,0,40000,-135000,-95000
2013/04/26,0,40000,0,40000
2013/04/29,0,254000,-163000,91000
2013/04/30,0,90000,-227000,-137000
2013/05/01,0,0,0,0
2013/05/02,0,41000,-68000,-27000
2013/05/03,0,13000,-149000,-136000
2013/05/06,0,109000,-36000,73000
2013/05/07,0,13000,-89000,-76000
2013/05/08,0,20000,-50000,-30000
2013/05/09,0,66000,-90000,-24000
2013/05/10,0,25000,-21000,4000
2013/05/13,0,20000,-79000,-59000
2013/05/14,0,74000,-41000,33000
2013/05/15,0,312000,-88000,224000
2013/05/16,0,58000,-290000,-232000
2013/05/17,0,73000,-169000,-96000
2013/05/20,0,19000,-36000,-17000
2013/05/21,0,117000,-65000,52000
2013/05/22,0,32000,-50000,-18000
2013/05/23,0,43000,-94000,-51000
2013/05/24,0,47000,-214000,-167000
2013/05/27,0,34000,-17000,17000
2013/05/28,0,189000,-47000,142000
2013/05/29,0,41000,-68000,-27000
2013/05/30,0,33000,-63146,-30146
2013/05/31,0,90000,-48000,42000
2013/06/03,0,72000,-22000,50000
2013/06/04,0,59000,-53000,6000
2013/06/05,0,11000,-39000,-28000
2013/06/06,0,58000,-71000,-13000
2013/06/07,0,51000,-113000,-62000
2013/06/10,0,210000,-170000,40000
2013/06/11,0,133000,-108000,25000
2013/06/12,0,0,0,0
2013/06/13,0,162000,-111000,51000
2013/06/14,0,86000,-183000,-97000
2013/06/17,0,18000,-70000,-52000
2013/06/18,0,47000,-20000,27000
2013/06/19,0,127000,-36000,91000
2013/06/20,0,57000,-112000,-55000
2013/06/21,0,152000,-167000,-15000
2013/06/24,0,33000,-77000,-44000
2013/06/25,0,97000,-141000,-44000
2013/06/26,0,74000,-142000,-68000
2013/06/27,0,35000,-98000,-63000
2013/06/28,0,75000,-65000,10000
2013/07/01,0,222000,-78000,144000
2013/07/02,0,21000,-60000,-39000
2013/07/03,0,42000,-144000,-102000
2013/07/04,0,76000,-50000,26000
2013/07/05,0,159000,-45000,114000
2013/07/08,0,67000,-191000,-124000
2013/07/09,0,139000,-37000,102000
2013/07/10,0,36000,-157000,-121000
2013/07/11,0,230000,-69000,161000
2013/07/12,0,89000,-59000,30000
2013/07/15,0,120000,-12000,108000
2013/07/16,0,68000,-38000,30000
2013/07/17,0,98000,-69000,29000
2013/07/18,0,96000,-117000,-21000
2013/07/19,0,146000,-355000,-209000
2013/07/22,0,137000,-35000,102000
2013/07/23,0,176000,-128000,48000
2013/07/24,0,135000,-100000,35000
2013/07/25,0,255000,-146000,109000
2013/07/26,0,47000,0,47000
2013/07/29,0,430000,-259000,171000
2013/07/30,0,89000,-192000,-103000
2013/07/31,0,87000,-58000,29000
2013/08/01,0,11000,-41000,-30000
2013/08/02,0,46000,-50000,-4000
2013/08/05,0,43000,-9000,34000
2013/08/06,0,41000,-59000,-18000
2013/08/07,0,20000,-89000,-69000
2013/08/08,0,53000,-63000,-10000
2013/08/09,0,8000,-43000,-35000
2013/08/12,0,165000,-96000,69000
2013/08/13,0,108000,-131000,-23000
2013/08/14,0,47000,-75000,-28000
2013/08/15,0,86000,-110000,-24000
2013/08/16,0,72000,-30000,42000
2013/08/19,0,44000,-117000,-73000
2013/08/20,0,41000,-53000,-12000
2013/08/21,0,0,0,0
2013/08/22,0,223000,-58000,165000
2013/08/23,0,46000,-145000,-99000
2013/08/26,0,30000,-31000,-1000
2013/08/27,0,83000,-109000,-26000
2013/08/28,0,53000,-134000,-81000
2013/08/29,0,28000,-1000,27000
2013/08/30,0,194000,-95000,99000
2013/09/02,0,38000,-22000,16000
2013/09/03,0,66000,-45000,21000
2013/09/04,0,42000,-26000,16000
2013/09/05,0,137000,-32000,105000
2013/09/06,0,102000,-329000,-227000
2013/09/09,0,41000,-12000,29000
2013/09/10,0,16000,-51000,-35000
2013/09/11,0,236000,-228000,8000
2013/09/12,0,283000,-29000,254000
2013/09/13,0,44000,-108000,-64000
2013/09/16,0,211000,-81000,130000
2013/09/17,0,36000,-143000,-107000
2013/09/18,0,19000,-49000,-30000
2013/09/19,0,0,0,0
2013/09/20,0,0,0,0
2013/09/23,0,10000,-137000,-127000
2013/09/24,0,233000,-53000,180000
2013/09/25,0,18000,-64000,-46000
2013/09/26,0,29000,-95000,-66000
2013/09/27,0,7000,-17000,-10000
2013/09/30,0,24000,-19000,5000
2013/10/01,0,34000,-69000,-35000
2013/10/02,0,21000,-35000,-14000
2013/10/03,0,109000,-16000,93000
2013/10/04,0,78000,-54000,24000
2013/10/07,0,50000,-54000,-4000
2013/10/08,0,18000,-31000,-13000
2013/10/09,0,18000,-74000,-56000
2013/10/10,0,0,0,0
2013/10/11,0,51000,-109000,-58000
2013/10/14,0,27000,-108000,-81000
2013/10/15,0,33000,-35000,-2000
2013/10/16,0,58000,-111000,-53000
2013/10/17,0,42000,-50000,-8000
2013/10/18,0,29000,-15000,14000
2013/10/21,0,55000,-10000,45000
2013/10/22,0,25000,-44000,-19000
2013/10/23,0,8000,-112148,-104148
2013/10/24,0,55000,-20000,35000
2013/10/25,0,19000,-48000,-29000
2013/10/28,0,46000,-9000,37000
2013/10/29,0,52000,-28000,24000
2013/10/30,0,50000,-14000,36000
2013/10/31,0,176000,-66000,110000
2013/11/01,0,38000,-259000,-221000
2013/11/04,0,17000,-32000,-15000
2013/11/05,0,133000,-73000,60000
2013/11/06,0,29000,-72000,-43000
2013/11/07,0,11000,-77000,-66000
2013/11/08,0,8000,-88000,-80000
2013/11/11,0,12000,-31000,-19000
2013/11/12,0,45000,-53000,-8000
2013/11/13,0,15000,-48000,-33000
2013/11/14,0,14000,-25000,-11000
2013/11/15,0,38000,-8000,30000
2013/11/18,0,35000,-9000,26000
2013/11/19,0,196000,-71000,125000
2013/11/20,0,122000,-116000,6000
2013/11/21,0,123000,-126000,-3000
2013/11/22,0,46000,-70000,-24000
2013/11/25,0,50000,-21000,29000
2013/11/26,0,32000,-40000,-8000
2013/11/27,0,5000,-32000,-27000
2013/11/28,0,42000,-15000,27000
2013/11/29,0,73000,-26000,47000
2013/12/02,0,51000,-74000,-23000
2013/12/03,0,38000,-24000,14000
2013/12/04,0,28000,-28000,0
2013/12/05,0,142000,-68000,74000
2013/12/06,0,47000,-136114,-89114
2013/12/09,0,17000,-97000,-80000
2013/12/10,0,73000,-34000,39000
2013/12/11,0,42000,-74364,-32364
2013/12/12,0,16000,-14000,2000
2013/12/13,0,34000,-19000,15000
2013/12/16,0,28000,-14000,14000
2013/12/17,0,17000,-16000,1000
2013/12/18,0,33000,-37000,-4000
2013/12/19,0,16000,-48000,-32000
2013/12/20,0,40000,-56000,-16000
2013/12/23,0,23000,-38000,-15000
2013/12/24,0,30000,-40000,-10000
2013/12/25,0,76000,-14000,62000
2013/12/26,0,22000,-1000,21000
2013/12/27,0,18000,-12000,6000
2013/12/30,0,34000,-11000,23000
2013/12/31,0,15000,-25000,-10000
2014/01/02,0,26000,-10000,16000
2014/01/03,0,31000,-59000,-28000
2014/01/06,0,18000,-75000,-57000
2014/01/07,0,18000,-18000,0
2014/01/08,0,51000,-167000,-116000
2014/01/09,0,48000,-25000,23000
2014/01/10,0,15000,-16000,-1000
2014/01/13,0,29000,-17000,12000
2014/01/14,0,53000,-35000,18000
2014/01/15,0,65000,-84000,-19000
2014/01/16,0,10000,-32000,-22000
2014/01/17,0,73000,-55000,18000
2014/01/20,0,20000,-52000,-32000
2014/01/21,0,29000,-65000,-36000
2014/01/22,0,41000,-19000,22000
2014/01/23,0,235000,-45000,190000
2014/01/24,0,39188,-121000,-81812
2014/01/27,0,61000,-66000,-5000
2014/02/05,0,20000,-25000,-5000
2014/02/06,0,34000,-110000,-76000
2014/02/07,0,16000,-47000,-31000
2014/02/10,0,75000,-26000,49000
2014/02/11,0,63000,-36000,27000
2014/02/12,0,17000,-58000,-41000
2014/02/13,0,9000,-19000,-10000
2014/02/14,0,8000,-21000,-13000
2014/02/17,0,12000,-9000,3000
2014/02/18,0,16000,-19000,-3000
2014/02/19,0,71000,-45000,26000
2014/02/20,0,31000,-31000,0
2014/02/21,0,112000,-60674,51326
2014/02/24,0,34000,-101000,-67000
2014/02/25,0,15000,-29892,-14892
2014/02/26,0,108000,-38000,70000
2014/02/27,0,74000,-166000,-92000
2014/03/03,0,35000,-122000,-87000
2014/03/04,0,25000,-48000,-23000
2014/03/05,0,59000,-89000,-30000
2014/03/06,0,29000,-24000,5000
2014/03/07,0,36000,-53000,-17000
2014/03/10,0,26000,-16000,10000
2014/03/11,0,19000,-10000,9000
2014/03/12,0,35000,-48000,-13000
2014/03/13,0,32000,-25000,7000
2014/03/14,0,43000,-65000,-22000
2014/03/17,0,27000,-33000,-6000
2014/03/18,0,110000,-14000,96000
2014/03/19,0,393000,-83000,310000
2014/03/20,0,55000,-74710,-19710
2014/03/21,0,152000,-273000,-121000
2014/03/24,0,135000,-37000,98000
2014/03/25,0,42000,-46000,-4000
2014/03/26,0,122000,-74000,48000
2014/03/27,0,25000,-108000,-83000
2014/03/28,0,48000,-53000,-5000
2014/03/31,0,16000,-51000,-35000
2014/04/01,0,121000,-39000,82000
2014/04/02,0,49000,-139000,-90000
2014/04/03,0,66000,-191000,-125000
2014/04/07,0,36000,-6000,30000
2014/04/08,0,65000,-85380,-20380
2014/04/09,0,71000,-43000,28000
2014/04/10,0,99000,-109000,-10000
2014/04/11,0,43000,-56000,-13000
2014/04/14,0,142000,-28000,114000
2014/04/15,0,33000,-85590,-52590
2014/04/16,0,88000,-81000,7000
2014/04/17,0,30000,-129000,-99000
2014/04/18,0,6000,-62000,-56000
2014/04/21,0,17000,-7000,10000
2014/04/22,0,137000,-47000,90000
2014/04/23,0,148000,-57000,91000
2014/04/24,0,90000,-85000,5000
2014/04/25,0,354000,-65000,289000
2014/04/28,0,102000,-99000,3000
2014/04/29,0,187000,-39000,148000
2014/04/30,0,108000,-31000,77000
2014/05/02,0,29000,-66000,-37000
2014/05/05,0,13000,-32000,-19000
2014/05/06,0,66000,-68000,-2000
2014/05/07,0,107000,-31000,76000
2014/05/08,0,56437,-18841,37596
2014/05/09,0,57000,-23000,34000
2014/05/12,0,29000,-27000,2000
2014/05/13,0,104999,-70000,34999
2014/05/14,0,74000,-28000,46000
2014/05/15,0,53000,-41000,12000
2014/05/16,0,135000,-65000,70000
2014/05/19,0,90000,-117135,-27135
2014/05/20,0,180000,-188000,-8000
2014/05/21,0,36000,-69000,-33000
2014/05/22,0,22000,-26000,-4000
2014/05/23,0,82000,-75409,6591
2014/05/26,0,106000,-20000,86000
2014/05/27,0,100000,-13000,87000
2014/05/28,0,16000,-39000,-23000
2014/05/29,0,62000,-15144,46856
2014/05/30,0,77000,-30000,47000
2014/06/03,0,68000,-18000,50000
2014/06/04,0,68000,-61000,7000
2014/06/05,0,77000,-31000,46000
2014/06/06,0,40000,-95000,-55000
2014/06/09,0,14000,-28000,-14000
2014/06/10,0,52000,-55000,-3000
2014/06/11,0,4000,-46693,-42693
2014/06/12,0,22000,-26000,-4000
2014/06/13,0,32000,-27000,5000
2014/06/16,0,33617,-5000,28617
2014/06/17,0,52000,-23000,29000
2014/06/18,0,127000,-301999,-174999
2014/06/19,0,47000,-128000,-81000
2014/06/20,0,29000,-51060,-22060
2014/06/23,0,45000,-117000,-72000
2014/06/24,0,74000,-42000,32000
2014/06/25,0,51000,-43000,8000
2014/06/26,0,29000,-32000,-3000
2014/06/27,0,27189,-14000,13189
2014/06/30,0,53000,-63000,-10000
2014/07/01,0,106000,-18000,88000
2014/07/02,0,76000,-103000,-27000
2014/07/03,0,58000,-39000,19000
2014/07/04,0,92000,-31000,61000
2014/07/07,0,44000,-56000,-12000
2014/07/08,0,29000,-27000,2000
2014/07/09,0,60000,-49000,11000
2014/07/10,0,77000,-125000,-48000
2014/07/11,0,48000,-140000,-92000
2014/07/14,0,32000,-83000,-51000
2014/07/15,0,56000,-43000,13000
2014/07/16,0,125000,-42000,83000
2014/07/17,0,156000,-77000,79000
2014/07/18,0,323000,-45000,278000
2014/07/21,0,57000,-130000,-73000
2014/07/22,0,32000,-43000,-11000
2014/07/23,0,0,0,0
2014/07/24,0,57000,-62000,-5000
2014/07/25,0,143000,-76000,67000
2014/07/28,0,126000,-74000,52000
2014/07/29,0,66000,-104000,-38000
2014/07/30,0,38000,-100000,-62000
2014/07/31,0,26000,-105000,-79000
2014/08/01,0,55000,-17000,38000
2014/08/04,0,31000,-41000,-10000
2014/08/05,0,80000,-97000,-17000
2014/08/06,0,129000,-150000,-21000
2014/08/07,0,86000,-98000,-12000
2014/08/08,0,161000,-174000,-13000
2014/08/11,0,73000,-231000,-158000
2014/08/12,0,27000,-146000,-119000
2014/08/13,0,33000,-41000,-8000
2014/08/14,0,30000,-57000,-27000
2014/08/15,0,21000,-49000,-28000
2014/08/18,0,57000,-19000,38000
2014/08/19,0,229000,-30506,198494
2014/08/20,0,139000,-74000,65000
2014/08/21,0,24000,-130000,-106000
2014/08/22,0,128000,-59000,69000
2014/08/25,0,32000,-66000,-34000
2014/08/26,0,194000,-46000,148000
2014/08/27,0,74000,-137000,-63000
2014/08/28,0,91000,-33000,58000
2014/08/29,0,121000,-20000,101000
2014/09/01,0,59000,-70000,-11000
2014/09/02,0,82000,-100000,-18000
2014/09/03,0,107000,-80000,27000
2014/09/04,0,81000,-84000,-3000
2014/09/05,0,75000,-57000,18000
2014/09/09,0,13000,-139000,-126000
2014/09/10,0,29000,-94000,-65000
2014/09/11,0,34000,-64000,-30000
2014/09/12,0,241000,-172000,69000
2014/09/15,0,56000,-95000,-39000
2014/09/16,0,39000,-73000,-34000
2014/09/17,0,129000,-111000,18000
2014/09/18,0,19000,-128000,-109000
2014/09/19,0,75000,-131000,-56000
2014/09/22,0,87000,-148000,-61000
2014/09/23,0,125000,-73698,51302
2014/09/24,0,65000,-105000,-40000
2014/09/25,0,60000,-233000,-173000
2014/09/26,0,316000,-83000,233000
2014/09/29,0,205000,-228000,-23000
2014/09/30,0,262000,-259000,3000
2014/10/01,0,118000,-212000,-94000
2014/10/02,0,103000,-147000,-44000
2014/10/03,0,141000,-130000,11000
2014/10/06,0,74000,-209000,-135000
2014/10/07,0,150000,-161000,-11000
2014/10/08,0,108000,-149000,-41000
2014/10/09,0,76000,-111000,-35000
2014/10/13,0,67000,-102000,-35000
2014/10/14,0,98000,-60000,38000
2014/10/15,0,200000,-260000,-60000
2014/10/16,0,178000,-98000,80000
2014/10/17,0,93000,-207000,-114000
2014/10/20,0,336000,-239000,97000
2014/10/21,0,111000,-158000,-47000
2014/10/22,0,173000,-277000,-104000
2014/10/23,0,195000,-173000,22000
2014/10/24,0,242000,-142000,100000
2014/10/27,0,138000,-222000,-84000
2014/10/28,0,453000,-183510,269490
2014/10/29,0,196000,-178000,18000
2014/10/30,0,47000,-136000,-89000
2014/10/31,0,74000,-68000,6000
2014/11/03,0,151000,-130000,21000
2014/11/04,0,133000,-160000,-27000
2014/11/05,0,116000,-206000,-90000
2014/11/06,0,142000,-251000,-109000
2014/11/07,0,226000,-88000,138000
2014/11/10,0,130000,-260000,-130000
2014/11/11,0,174000,-132000,42000
2014/11/12,0,173000,-132000,41000
2014/11/13,0,143000,-97000,46000
2014/11/14,0,35088,-32000,3088
2014/11/17,0,47000,-49000,-2000
2014/11/18,0,27000,-25000,2000
2014/11/19,0,186000,-123000,63000
2014/11/20,0,120000,-276000,-156000
2014/11/21,0,122000,-183000,-61000
2014/11/24,0,114000,-74000,40000
2014/11/25,0,136000,-61000,75000
2014/11/26,0,100000,-168000,-68000
2014/11/27,0,164000,-275252,-111252
2014/11/28,0,21000,-45000,-24000
2014/12/01,0,224000,-87000,137000
2014/12/02,0,139000,-211000,-72000
2014/12/03,0,126000,-113000,13000
2014/12/04,0,89000,-30000,59000
2014/12/05,0,102000,-100000,2000
2014/12/08,0,111000,-156000,-45000
2014/12/09,0,171000,-123000,48000
2014/12/10,0,93000,-76000,17000
2014/12/11,0,201000,-112000,89000
2014/12/12,0,71000,-171000,-100000
2014/12/15,0,93000,-73000,20000
2014/12/16,0,96000,-104000,-8000
2014/12/17,0,274000,-85000,189000
2014/12/18,0,105000,-198000,-93000
2014/12/19,0,197000,-152000,45000
2014/12/22,0,84000,-46000,38000
2014/12/23,0,124000,-67000,57000
2014/12/24,0,63000,-43000,20000
2014/12/25,0,24000,-10000,14000
2014/12/26,0,41000,-20000,21000
2014/12/29,0,93000,-81000,12000
2014/12/30,0,39000,-206000,-167000
2014/12/31,0,30000,-50000,-20000
2015/01/01,0,0,0,0
2015/01/02,0,0,0,0
2015/01/05,0,90000,-43000,47000
2015/01/06,0,123000,-137000,-14000
2015/01/07,0,151000,-74000,77000
2015/01/08,0,134000,-52000,82000
2015/01/09,0,48000,-151000,-103000
2015/01/12,0,15000,-28000,-13000
2015/01/13,0,61000,-37000,24000
2015/01/14,0,89000,-45000,44000
2015/01/15,0,105000,-29000,76000
2015/01/16,0,63000,-195069,-132069
2015/01/19,0,17000,-56000,-39000
2015/01/20,0,318000,-99000,219000
2015/01/21,0,55000,-236000,-181000
2015/01/22,0,30000,-112000,-82000
2015/01/23,0,104000,-171000,-67000
2015/01/26,0,39000,-107000,-68000
2015/01/27,0,33000,-35000,-2000
2015/01/28,0,56000,-8000,48000
2015/01/29,0,108000,-96000,12000
2015/01/30,0,45000,-35000,10000
2015/02/02,0,44000,-32000,12000
2015/02/03,0,98000,-92000,6000
2015/02/04,0,23000,-123052,-100052
2015/02/05,0,32000,-22052,9948
2015/02/06,0,180000,-97000,83000
2015/02/09,0,53000,-74000,-21000
2015/02/10,0,72000,-91000,-19000
2015/02/11,0,53000,-64000,-11000
2015/02/12,0,5000,-41000,-36000
2015/02/13,0,48000,-28000,20000
2015/02/16,0,0,0,0
2015/02/17,0,0,0,0
2015/02/18,0,0,0,0
2015/02/19,0,0,0,0
2015/02/20,0,0,0,0
2015/02/23,0,0,0,0
2015/02/24,0,140000,-38000,102000
2015/02/25,0,40000,-68035,-28035
2015/02/26,0,46000,-34000,12000
2015/02/27,0,0,0,0
2015/03/02,0,10000,-26000,-16000
2015/03/03,0,22000,-19747,2253
2015/03/04,0,11000,-5000,6000
2015/03/05,0,54000,-21034,32966
2015/03/06,0,80000,-55000,25000
2015/03/09,0,23000,-82000,-59000
2015/03/10,0,18000,-53312,-35312
2015/03/11,0,114000,-16000,98000
2015/03/12,0,23000,-72000,-49000
2015/03/13,0,12000,-33000,-21000
2015/03/16,0,23000,-14000,9000
2015/03/17,0,38000,-15017,22983
2015/03/18,0,65000,-47000,18000
2015/03/19,0,77000,-39000,38000
2015/03/20,0,63000,-17000,46000
2015/03/23,0,35000,-23000,12000
2015/03/24,0,20000,-37000,-17000
2015/03/25,0,29000,-14018,14982
2015/03/26,0,39000,-36000,3000
2015/03/27,0,15000,-48000,-33000
2015/03/30,0,50000,-52000,-2000
2015/03/31,0,21000,-17000,4000
2015/04/01,0,40000,-55000,-15000
2015/04/02,0,14318,-74000,-59682
2015/04/03,0,0,0,0
2015/04/06,0,0,0,0
2015/04/07,0,31000,-68000,-37000
2015/04/08,0,17000,-20000,-3000
2015/04/09,0,43000,-11000,32000
2015/04/10,0,19000,-8000,11000
2015/04/13,0,37000,-19000,18000
2015/04/14,0,77000,-5000,72000
2015/04/15,0,98000,-38744,59256
2015/04/16,0,32600,-78000,-45400
2015/04/17,0,40000,-123000,-83000
2015/04/20,0,280000,-73000,207000
2015/04/21,0,31000,-204000,-173000
2015/04/22,0,94000,-104000,-10000
2015/04/23,0,53600,-146000,-92400
2015/04/24,0,32000,-82000,-50000
2015/04/27,0,61000,-36000,25000
2015/04/28,0,33000,-35000,-2000
2015/04/29,0,24000,-33000,-9000
2015/04/30,0,64000,-35000,29000
2015/05/01,0,0,0,0
2015/05/04,0,44000,-31000,13000
2015/05/05,0,31000,-30000,1000
2015/05/06,0,41000,-31000,10000
2015/05/07,0,27000,-29000,-2000
2015/05/08,0,31000,-34000,-3000
2015/05/11,0,53000,-46000,7000
2015/05/12,0,59000,-15000,44000
2015/05/13,0,18000,-27000,-9000
2015/05/14,0,18000,-5000,13000
2015/05/15,0,132000,-41000,91000
2015/05/18,0,65000,-41000,24000
2015/05/19,0,305000,-76000,229000
2015/05/20,0,119000,-121000,-2000
2015/05/21,0,36000,-154000,-118000
2015/05/22,0,80000,-75000,5000
2015/05/25,0,25000,-30000,-5000
2015/05/26,0,29000,-34000,-5000
2015/05/27,0,128000,-53000,75000
2015/05/28,0,54000,-37000,17000
2015/05/29,0,41000,-53000,-12000
2015/06/01,0,16000,-25000,-9000
2015/06/02,0,10000,-28000,-18000
2015/06/03,0,27000,-25000,2000
2015/06/04,0,119000,-163000,-44000
2015/06/05,0,47000,-93000,-46000
2015/06/08,0,89000,-68000,21000
2015/06/09,0,42000,-78000,-36000
2015/06/10,0,75000,-105000,-30000
2015/06/11,0,70000,-46000,24000
2015/06/12,0,7000,-61000,-54000
2015/06/15,0,26000,-51000,-25000
2015/06/16,0,35000,-35000,0
2015/06/17,0,131000,-39000,92000
2015/06/18,0,25000,-74000,-49000
2015/06/19,0,0,0,0
2015/06/22,0,78000,-27000,51000
2015/06/23,0,64000,-72000,-8000
2015/06/24,0,46000,-69000,-23000
2015/06/25,0,21000,-81000,-60000
2015/06/26,0,23000,-47000,-24000
2015/06/29,0,47000,-46000,1000
2015/06/30,0,36000,-41000,-5000
2015/07/01,0,130000,-45000,85000
2015/07/02,0,29000,-87000,-58000
2015/07/03,0,25000,-22000,3000
2015/07/06,0,32000,-44000,-12000
2015/07/07,0,174000,-100000,74000
2015/07/08,0,229000,-48000,181000
2015/07/09,0,123000,-61000,62000
2015/07/10,0,0,0,0
2015/07/13,0,55000,-134000,-79000
2015/07/14,0,59000,-127000,-68000
2015/07/15,0,95000,-137000,-42000
2015/07/16,0,31609,-88000,-56391
2015/07/17,0,18000,-123000,-105000
2015/07/20,0,62000,-89000,-27000
2015/07/21,0,44000,-62000,-18000
2015/07/22,0,48000,-111000,-63000
2015/07/23,0,135000,-73000,62000
2015/07/24,0,90000,-75000,15000
2015/07/27,0,138000,-121000,17000
2015/07/28,0,202000,-71000,131000
2015/07/29,0,89000,-166000,-77000
2015/07/30,0,91492,-110000,-18508
2015/07/31,0,10000,-69000,-59000
2015/08/03,0,74000,-125000,-51000
2015/08/04,0,81000,-139000,-58000
2015/08/05,0,98000,-36000,62000
2015/08/06,0,176000,-184000,-8000
2015/08/07,0,163000,-204000,-41000
2015/08/10,0,50000,-77000,-27000
2015/08/11,0,23000,-177000,-154000
2015/08/12,0,54000,-114000,-60000
2015/08/13,0,68000,-87000,-19000
2015/08/14,0,158000,-91000,67000
2015/08/17,0,49330,-90000,-40670
2015/08/18,0,48000,-98000,-50000
2015/08/19,0,248000,-126000,122000
2015/08/20,0,94000,-160000,-66000
2015/08/21,0,83000,-76000,7000
2015/08/24,0,243000,-169160,73840
2015/08/25,0,78000,-118000,-40000
2015/08/26,0,58000,-122000,-64000
2015/08/27,0,53000,-102000,-49000
2015/08/28,0,59000,-64000,-5000
2015/08/31,0,40000,-23000,17000
2015/09/01,0,31000,-58000,-27000
2015/09/02,0,36000,-36582,-582
2015/09/03,0,60000,-107000,-47000
2015/09/04,0,154000,-75363,78637
2015/09/07,0,212000,-72000,140000
2015/09/08,0,130000,-50307,79693
2015/09/09,0,121000,-84000,37000
2015/09/10,0,26000,-94000,-68000
2015/09/11,0,59000,-51603,7397
2015/09/14,0,43000,-39000,4000
2015/09/15,0,71000,-67000,4000
2015/09/16,0,187000,-53000,134000
2015/09/17,0,21000,-57000,-36000
2015/09/18,0,21000,-35000,-14000
2015/09/21,0,32000,-83000,-51000
2015/09/22,0,34000,-26000,8000
2015/09/23,0,37000,-38000,-1000
2015/09/24,0,51000,-28000,23000
2015/09/25,0,163000,-84000,79000
2015/09/28,0,0,0,0
2015/09/29,0,0,0,0
2015/09/30,0,213000,-58000,155000
2015/10/01,0,108000,-105000,3000
2015/10/02,0,138000,-71000,67000
2015/10/05,0,88000,-79000,9000
2015/10/06,0,110000,-93000,17000
2015/10/07,0,56000,-150000,-94000
2015/10/08,0,65000,-37000,28000
2015/10/09,0,0,0,0
2015/10/12,0,83000,-56000,27000
2015/10/13,0,98000,-39000,59000
2015/10/14,0,61000,-34000,27000
2015/10/15,0,79215,-35000,44215
2015/10/16,0,55000,-126000,-71000
2015/10/19,0,90000,-93000,-3000
2015/10/20,0,210000,-63000,147000
2015/10/21,0,84000,-96215,-12215
2015/10/22,0,38000,-15000,23000
2015/10/23,0,44000,-60000,-16000
2015/10/26,0,102000,-37000,65000
2015/10/27,0,25000,-54000,-29000
2015/10/28,0,18000,-35000,-17000
2015/10/29,0,31000,-38000,-7000
2015/10/30,0,11000,-28000,-17000
2015/11/02,0,119000,-54000,65000
2015/11/03,0,43000,-158000,-115000
2015/11/04,0,86000,-123000,-37000
2015/11/05,0,82000,-106000,-24000
2015/11/06,0,117000,-126000,-9000
2015/11/09,0,124000,-60000,64000
2015/11/10,0,95000,-36000,59000
2015/11/11,0,77000,-79000,-2000
2015/11/12,0,95000,-66000,29000
2015/11/13,0,52000,-56170,-4170
2015/11/16,0,57000,-40000,17000
2015/11/17,0,119000,-43000,76000
2015/11/18,0,86000,-61000,25000
2015/11/19,0,40000,-75000,-35000
2015/11/20,0,58000,-110000,-52000
2015/11/23,0,10000,-55000,-45000
2015/11/24,0,111000,-172000,-61000
2015/11/25,0,104000,-30000,74000
2015/11/26,0,22000,-74000,-52000
2015/11/27,0,15000,-28000,-13000
2015/11/30,0,31000,-29000,2000
2015/12/01,0,87000,-23000,64000
2015/12/02,0,17000,-82000,-65000
2015/12/03,0,91000,-9000,82000
2015/12/04,0,60000,-93000,-33000
2015/12/07,0,154000,-144000,10000
2015/12/08,0,38000,-45000,-7000
2015/12/09,0,12000,-17000,-5000
2015/12/10,0,71000,-33000,38000
2015/12/11,0,8000,-38000,-30000
2015/12/14,0,66000,-74000,-8000
2015/12/15,0,81000,-59000,22000
2015/12/16,0,117000,-118000,-1000
2015/12/17,0,74000,-27000,47000
2015/12/18,0,11000,-76000,-65000
2015/12/21,0,15000,-13000,2000
2015/12/22,0,19000,-39000,-20000
2015/12/23,0,18000,-73000,-55000
2015/12/24,0,18000,-59000,-41000
2015/12/25,0,22000,-13000,9000
2015/12/28,0,23000,-4000,19000
2015/12/29,0,3000,-31000,-28000
2015/12/30,0,11000,-19000,-8000
2015/12/31,0,7000,-14000,-7000
2016/01/01,0,0,0,0
2016/01/04,0,21000,-44000,-23000
2016/01/05,0,115000,-80000,35000
2016/01/06,0,126000,-72000,54000
2016/01/07,0,143000,-72000,71000
2016/01/08,0,93000,-90000,3000
2016/01/11,0,35000,-95000,-60000
2016/01/12,0,87000,-75000,12000
2016/01/13,0,31000,-94000,-63000
2016/01/14,0,78000,-79000,-1000
2016/01/15,0,87000,-158000,-71000
2016/01/18,0,133000,-104000,29000
2016/01/19,0,40000,-12000,28000
2016/01/20,0,59000,-134000,-75000
2016/01/21,0,50000,-107000,-57000
2016/01/22,0,55000,-29000,26000
2016/01/25,0,84000,-44000,40000
2016/01/26,0,59000,-63000,-4000
2016/01/27,0,160000,-56000,104000
2016/01/28,0,151000,-123000,28000
2016/01/29,0,113000,-228000,-115000
2016/02/01,0,175000,-86000,89000
2016/02/02,0,103000,-25000,78000
2016/02/03,0,29000,-77000,-48000
2016/02/04,0,0,0,0
2016/02/05,0,0,0,0
2016/02/08,0,0,0,0
2016/02/09,0,0,0,0
2016/02/10,0,0,0,0
2016/02/11,0,0,0,0
2016/02/12,0,0,0,0
2016/02/15,0,137000,-35000,102000
2016/02/16,0,115000,-113000,2000
2016/02/17,0,136000,-77000,59000
2016/02/18,0,73000,-53000,20000
2016/02/19,0,35000,-48000,-13000
2016/02/22,0,31000,-71000,-40000
2016/02/23,0,30000,-70000,-40000
2016/02/24,0,13000,-41000,-28000
2016/02/25,0,8000,-36000,-28000
2016/02/26,0,44000,-17000,27000
2016/02/29,0,0,0,0
2016/03/01,0,136000,-81000,55000
2016/03/02,0,51000,-92000,-41000
2016/03/03,0,46000,-52000,-6000
2016/03/04,0,48000,-40000,8000
2016/03/07,0,62000,-48000,14000
2016/03/08,0,96000,-79000,17000
2016/03/09,0,90000,-43000,47000
2016/03/10,0,77000,-37000,40000
2016/03/11,0,76000,-34000,42000
2016/03/14,0,30000,-54000,-24000
2016/03/15,0,77000,-104000,-27000
2016/03/16,0,119000,-96000,23000
2016/03/17,0,54000,-106000,-52000
2016/03/18,0,94000,-28000,66000
2016/03/21,0,70000,-37000,33000
2016/03/22,0,22000,-71000,-49000
2016/03/23,0,17000,-78000,-61000
2016/03/24,0,27000,-84000,-57000
2016/03/25,0,45000,-65000,-20000
2016/03/28,0,39000,-58000,-19000
2016/03/29,0,30000,-29000,1000
2016/03/30,0,108000,-79000,29000
2016/03/31,0,73000,-119000,-46000
2016/04/01,0,9008,-76000,-66992
2016/04/04,0,0,0,0
2016/04/05,0,0,0,0
2016/04/06,0,49000,-107000,-58000
2016/04/07,0,50000,-54000,-4000
2016/04/08,0,55000,-48000,7000
2016/04/11,0,62000,-17000,45000
2016/04/12,0,49000,-142000,-93000
2016/04/13,0,86000,-52000,34000
2016/04/14,0,75000,-94000,-19000
2016/04/15,0,173000,-95000,78000
2016/04/18,0,32000,-63000,-31000
2016/04/19,0,18000,-82000,-64000
2016/04/20,0,100000,-42000,58000
2016/04/21,0,77000,-12000,65000
2016/04/22,0,81000,-82000,-1000
2016/04/25,0,132000,-75000,57000
2016/04/26,0,40000,-81000,-41000
2016/04/27,0,85000,-38000,47000
2016/04/28,0,3000,-102000,-99000
2016/04/29,0,20000,-23000,-3000
2016/05/02,0,0,0,0
2016/05/03,0,53000,-34000,19000
2016/05/04,0,29000,-84000,-55000
2016/05/05,0,84000,-38000,46000
2016/05/06,0,20000,-54000,-34000
2016/05/09,0,27000,-65000,-38000
2016/05/10,0,21000,-66000,-45000
2016/05/11,0,53000,-99000,-46000
2016/05/12,0,11000,-54000,-43000
2016/05/13,0,21000,-24000,-3000
2016/05/16,0,38000,-11000,27000
2016/05/17,0,45000,-51000,-6000
2016/05/18,0,105000,-24000,81000
2016/05/19,0,7000,-20000,-13000
2016/05/20,0,83000,-52000,31000
2016/05/23,0,129000,-50000,79000
2016/05/24,0,57000,-33000,24000
2016/05/25,0,59000,-151000,-92000
2016/05/26,0,47000,-44000,3000
2016/05/27,0,28000,-28000,0
2016/05/30,0,64000,-42000,22000
2016/05/31,0,53000,-90000,-37000
2016/06/01,0,91000,-60000,31000
2016/06/02,0,72000,-62000,10000
2016/06/03,0,17000,-40000,-23000
2016/06/06,0,23000,-44000,-21000
2016/06/07,0,87000,-41000,46000
2016/06/08,0,50000,-37000,13000
2016/06/09,0,0,0,0
2016/06/10,0,0,0,0
2016/06/13,0,55000,-37000,18000
2016/06/14,0,24000,-47000,-23000
2016/06/15,0,117000,-49000,68000
2016/06/16,0,47000,-57000,-10000
2016/06/17,0,21000,-48000,-27000
2016/06/20,0,14000,-22000,-8000
2016/06/21,0,12000,-27000,-15000
2016/06/22,0,18000,-9000,9000
2016/06/23,0,6000,-25000,-19000
2016/06/24,0,86000,-75000,11000
2016/06/27,0,91000,-36000,55000
2016/06/28,0,49000,-26000,23000
2016/06/29,0,11000,-53000,-42000
2016/06/30,0,8000,-44000,-36000
2016/07/01,0,21000,-17000,4000
2016/07/04,0,20000,-8000,12000
2016/07/05,0,10000,-4000,6000
2016/07/06,0,20000,-48000,-28000
2016/07/07,0,12000,-19000,-7000
2016/07/08,0,0,0,0
2016/07/11,0,17000,-23000,-6000
2016/07/12,0,113000,-39000,74000
2016/07/13,0,20000,-27000,-7000
2016/07/14,0,26000,-50000,-24000
2016/07/15,0,105000,-43000,62000
2016/07/18,0,57000,-64000,-7000
2016/07/19,0,40000,-9000,31000
2016/07/20,0,90000,-18000,72000
2016/07/21,0,28000,-41000,-13000
2016/07/22,0,18000,-41000,-23000
2016/07/25,0,22000,-36000,-14000
2016/07/26,0,16000,-20000,-4000
2016/07/27,0,33000,-27000,6000
2016/07/28,0,38000,-49000,-11000
2016/07/29,0,25000,-33000,-8000
2016/08/01,0,14000,-47000,-33000
2016/08/02,0,17000,-34000,-17000
2016/08/03,0,28000,-5000,23000
2016/08/04,0,35000,-20000,15000
2016/08/05,0,19000,-3000,16000
2016/08/08,0,65000,-34000,31000
2016/08/09,0,23000,-9000,14000
2016/08/10,0,32000,-13000,19000
2016/08/11,0,31000,-17000,14000
2016/08/12,0,48000,-21000,27000
2016/08/15,0,50000,-20000,30000
2016/08/16,0,22000,-24000,-2000
2016/08/17,0,110000,-47000,63000
2016/08/18,0,30000,-46000,-16000
2016/08/19,0,28000,-29000,-1000
2016/08/22,0,41000,-24000,17000
2016/08/23,0,20000,-16000,4000
2016/08/24,0,4000,-21000,-17000
2016/08/25,0,51000,-20000,31000
2016/08/26,0,26000,-8000,18000
2016/08/29,0,24000,-16000,8000
2016/08/30,0,85000,-65000,20000
2016/08/31,0,50000,-24000,26000
2016/09/01,0,43000,-79000,-36000
2016/09/02,0,19000,-30000,-11000
2016/09/05,0,26000,-3000,23000
2016/09/06,0,30000,-42000,-12000
2016/09/07,0,43000,-6000,37000
2016/09/08,0,21000,-18000,3000
2016/09/09,0,17000,-86000,-69000
2016/09/12,0,103000,-51000,52000
2016/09/13,0,50000,-81000,-31000
2016/09/14,0,20000,-83000,-63000
2016/09/15,0,0,0,0
2016/09/16,0,0,0,0
2016/09/19,0,43000,-44000,-1000
2016/09/20,0,7000,-68000,-61000
2016/09/21,0,79000,-30000,49000
2016/09/22,0,13000,-22000,-9000
2016/09/23,0,11000,-22000,-11000
2016/09/26,0,3000,-25000,-22000
2016/09/27,0,0,0,0
2016/09/28,0,0,0,0
2016/09/29,0,9000,-25000,-16000
2016/09/30,0,8000,-16000,-8000
2016/10/03,0,9000,-19000,-10000
2016/10/04,0,22000,-19000,3000
2016/10/05,0,34000,-25000,9000
2016/10/06,0,12000,-68000,-56000
2016/10/07,0,52000,-9000,43000
2016/10/10,0,0,0,0
2016/10/11,0,70000,-34000,36000
2016/10/12,0,18000,-28000,-10000
2016/10/13,0,42000,-80000,-38000
2016/10/14,0,52000,-50000,2000
2016/10/17,0,13000,-22000,-9000
2016/10/18,0,12000,-2000,10000
2016/10/19,0,92000,-12000,80000
2016/10/20,0,12000,-20000,-8000
2016/10/21,0,29000,-37000,-8000
2016/10/24,0,10000,-12000,-2000
2016/10/25,0,25000,-18000,7000
2016/10/26,0,22000,-32000,-10000
2016/10/27,0,17000,-16000,1000
2016/10/28,0,3000,-6000,-3000
2016/10/31,0,1000,-6000,-5000
2016/11/01,0,13000,-10000,3000
2016/11/02,0,8000,-20000,-12000
2016/11/03,0,12000,-21000,-9000
2016/11/04,0,45000,-5000,40000
2016/11/07,0,71000,-9000,62000
2016/11/08,0,14000,-46000,-32000
2016/11/09,0,55000,-106000,-51000
2016/11/10,0,47000,-44000,3000
2016/11/11,0,31000,-36000,-5000
2016/11/14,0,85000,-79000,6000
2016/11/15,0,32000,-48000,-16000
2016/11/16,0,50000,-57000,-7000
2016/11/17,0,14000,-10000,4000
2016/11/18,0,31000,-26000,5000
2016/11/21,0,10000,-24000,-14000
2016/11/22,0,14000,-12000,2000
2016/11/23,0,9000,-21000,-12000
2016/11/24,0,5000,-13000,-8000
2016/11/25,0,16000,-29000,-13000
2016/11/28,0,8000,-15272,-7272
2016/11/29,0,18000,-6000,12000
2016/11/30,0,42000,-27000,15000
2016/12/01,0,14000,-53000,-39000
2016/12/02,0,16000,-45000,-29000
2016/12/05,0,20000,-5000,15000
2016/12/06,0,79000,-14000,65000
2016/12/07,0,41000,-31000,10000
2016/12/08,0,28000,-5000,23000
2016/12/09,0,9000,-3000,6000
2016/12/12,0,2000,-24000,-22000
2016/12/13,0,25000,-10000,15000
2016/12/14,0,8000,-6000,2000
2016/12/15,0,39000,-8000,31000
2016/12/16,0,38000,-10000,28000
2016/12/19,0,19000,-39000,-20000
2016/12/20,0,63000,-22000,41000
2016/12/21,0,10000,-23000,-13000
2016/12/22,0,8000,-35000,-27000
2016/12/23,0,25000,-10000,15000
2016/12/26,0,17000,-6000,11000
2016/12/27,0,1000,-8000,-7000
2016/12/28,0,29000,-57000,-28000
2016/12/29,0,21000,-40000,-19000
2016/12/30,0,41000,-46000,-5000
2017/01/02,0,0,0,0
2017/01/03,0,36000,-13000,23000
2017/01/04,0,13000,-10000,3000
2017/01/05,0,109000,-43000,66000
2017/01/06,0,21000,-79000,-58000
2017/01/09,0,89000,-29000,60000
2017/01/10,0,12000,-28000,-16000
2017/01/11,0,4000,-29000,-25000
2017/01/12,0,10000,-25000,-15000
2017/01/13,0,19000,-43000,-24000
2017/01/16,0,7000,-39000,-32000
2017/01/17,0,21000,-42000,-21000
2017/01/18,0,44000,-9000,35000
2017/01/19,0,71000,-20000,51000
2017/01/20,0,29000,-36000,-7000
2017/01/23,0,16000,-19000,-3000
2017/01/24,0,5000,-40000,-35000
2017/01/25,0,0,0,0
2017/01/26,0,0,0,0
2017/01/27,0,0,0,0
2017/01/30,0,0,0,0
2017/01/31,0,0,0,0
2017/02/01,0,0,0,0
2017/02/02,0,11000,-32000,-21000
2017/02/03,0,6000,-19000,-13000
2017/02/06,0,4000,-10000,-6000
2017/02/07,0,8000,-2000,6000
2017/02/08,0,15000,-11000,4000
2017/02/09,0,15000,-18000,-3000
2017/02/10,0,14000,-24000,-10000
2017/02/13,0,50000,-13000,37000
2017/02/14,0,36000,-32000,4000
2017/02/15,0,78000,-8000,70000
2017/02/16,0,73000,-40000,33000
2017/02/17,0,54000,-29000,25000
2017/02/20,0,66000,-31000,35000
2017/02/21,0,35000,-17000,18000
2017/02/22,0,65000,-56000,9000
2017/02/23,0,16000,-62000,-46000
2017/02/24,0,71000,-37000,34000
2017/02/27,0,0,0,0
2017/02/28,0,0,0,0
2017/03/01,0,119000,-61000,58000
2017/03/02,0,36000,-49000,-13000
2017/03/03,0,54000,-26000,28000
2017/03/06,0,38000,-26000,12000
2017/03/07,0,22000,-29000,-7000
2017/03/08,0,22000,-15000,7000
2017/03/09,0,30000,-8000,22000
2017/03/10,0,41000,-51000,-10000
2017/03/13,0,34000,-41000,-7000
2017/03/14,0,13000,-48000,-35000
2017/03/15,0,56000,-25000,31000
2017/03/16,0,7000,-28000,-21000
2017/03/17,0,12000,-9000,3000
2017/03/20,0,21000,-14000,7000
2017/03/21,0,75000,-31000,44000
2017/03/22,0,30000,-28000,2000
2017/03/23,0,15000,-28000,-13000
2017/03/24,0,4000,-77000,-73000
2017/03/27,0,2000,-41000,-39000
2017/03/28,0,12000,-62000,-50000
2017/03/29,0,23000,-64000,-41000
2017/03/30,0,7000,-16000,-9000
2017/03/31,0,23000,-18000,5000
2017/04/03,0,0,0,0
2017/04/04,0,0,0,0
2017/04/05,0,52000,-17000,35000
2017/04/06,0,79000,-37000,42000
2017/04/07,0,33000,-84000,-51000
2017/04/10,0,27000,-15000,12000
2017/04/11,0,47000,-16000,31000
2017/04/12,0,54000,-22000,32000
2017/04/13,0,71000,-54000,17000
2017/04/14,0,155000,-110000,45000
2017/04/17,0,26000,-60000,-34000
2017/04/18,0,38000,-23000,15000
2017/04/19,0,21000,-21000,0
2017/04/20,0,24000,-34000,-10000
2017/04/21,0,48000,-44000,4000
2017/04/24,0,36000,-63000,-27000
2017/04/25,0,36000,-11000,25000
2017/04/26,0,54000,-50000,4000
2017/04/27,0,8000,-14000,-6000
2017/04/28,0,9000,-21000,-12000
2017/05/01,0,0,0,0
2017/05/02,0,17000,-24000,-7000
2017/05/03,0,4000,-9000,-5000
2017/05/04,0,9000,-5000,4000
2017/05/05,0,26000,-15000,11000
2017/05/08,0,10000,-44000,-34000
2017/05/09,0,23000,-45272,-22272
2017/05/10,0,20000,-7000,13000
2017/05/11,0,17000,-17000,0
2017/05/12,0,45000,-8000,37000
2017/05/15,0,25000,-15000,10000
2017/05/16,0,18000,-9000,9000
2017/05/17,0,36000,-30000,6000
2017/05/18,0,97000,-33000,64000
2017/05/19,0,9000,-22000,-13000
2017/05/22,0,8000,-10000,-2000
2017/05/23,0,6000,-61000,-55000
2017/05/24,0,13000,-14000,-1000
2017/05/25,0,29000,-20000,9000
2017/05/26,0,18000,-8000,10000
2017/05/29,0,0,0,0
2017/05/30,0,0,0,0
2017/05/31,0,21000,-12000,9000
2017/06/01,0,30000,-20000,10000
2017/06/02,0,27000,-25000,2000
2017/06/05,0,34000,-14000,20000
2017/06/06,0,15000,-11687,3313
2017/06/07,0,40000,-21000,19000
2017/06/08,0,25000,-11000,14000
2017/06/09,0,41000,-12000,29000
2017/06/12,0,7000,-14000,-7000
2017/06/13,0,16000,-36000,-20000
2017/06/14,0,21000,-70000,-49000
2017/06/15,0,12000,-18000,-6000
2017/06/16,0,28000,-37000,-9000
2017/06/19,0,28000,-20000,8000
2017/06/20,0,40000,-22000,18000
2017/06/21,0,55000,-136000,-81000
2017/06/22,0,8000,-25000,-17000
2017/06/23,0,54000,-29000,25000
2017/06/26,0,35000,-19000,16000
2017/06/27,0,22000,-21000,1000
2017/06/28,0,38000,-33000,5000
2017/06/29,0,20000,-18000,2000
2017/06/30,0,29000,-15000,14000
2017/07/03,0,20000,-8000,12000
2017/07/04,0,20000,-19000,1000
2017/07/05,0,41000,-25000,16000
2017/07/06,0,37000,-26000,11000
2017/07/07,0,11000,-37000,-26000
2017/07/10,0,49000,-33000,16000
2017/07/11,0,31000,-43000,-12000
2017/07/12,0,9000,-42000,-33000
2017/07/13,0,40499,-32000,8499
2017/07/14,0,58000,-31000,27000
2017/07/17,0,31000,-21000,10000
2017/07/18,0,21000,-56000,-35000
2017/07/19,0,7000,-109000,-102000
2017/07/20,0,9000,-87000,-78000
2017/07/21,0,78000,-11000,67000
2017/07/24,0,27000,-7000,20000
2017/07/25,0,9000,-20000,-11000
2017/07/26,0,21000,-25000,-4000
2017/07/27,0,28000,-11000,17000
2017/07/28,0,14000,-32000,-18000
2017/07/31,0,1000,-12000,-11000
2017/08/01,0,10000,-35000,-25000
2017/08/02,0,87000,-19000,68000
2017/08/03,0,10000,-25000,-15000
2017/08/04,0,22000,-7000,15000
2017/08/07,0,7000,-13000,-6000
2017/08/08,0,5000,-12000,-7000
2017/08/09,0,21000,-33000,-12000
2017/08/10,0,36000,-44000,-8000
2017/08/11,0,14000,-59000,-45000
2017/08/14,0,5000,-37000,-32000
2017/08/15,0,16000,-10000,6000
2017/08/16,0,54000,-4000,50000
2017/08/17,0,14000,-45000,-31000
2017/08/18,0,4000,-18000,-14000
