Date,Open,Buy,Sell,Total
2007/01/02,0,122000,-58000,64000
2007/01/03,0,400000,-52000,348000
2007/01/04,0,307000,-179000,128000
2007/01/05,0,344000,-162050,181950
2007/01/08,0,0,-37000,-37000
2007/01/09,0,617000,-1917944,-1300944
2007/01/10,0,1260000,-1179000,81000
2007/01/11,0,3324200,-1509950,1814250
2007/01/12,0,594000,-157000,437000
2007/01/15,0,2705000,-2801250,-96250
2007/01/16,0,1090750,-1573700,-482950
2007/01/17,0,140000,-401600,-261600
2007/01/18,0,552000,-108840,443160
2007/01/19,0,243000,-613350,-370350
2007/01/22,0,166000,-147350,18650
2007/01/23,0,230606,-494900,-264294
2007/01/24,0,324000,-410650,-86650
2007/01/25,0,1225000,-1620000,-395000
2007/01/26,0,704000,-1156721,-452721
2007/01/29,0,223000,-140000,83000
2007/01/30,0,79000,-59747,19253
2007/01/31,0,315000,-125000,190000
2007/02/01,0,536000,-183800,352200
2007/02/02,0,500010,-198010,302000
2007/02/05,0,195000,-493164,-298164
2007/02/06,0,814297,-1547922,-733625
2007/02/07,0,197000,-1532613,-1335613
2007/02/08,0,263000,-1246439,-983439
2007/02/09,0,472000,-1015000,-543000
2007/02/12,0,620068,-303000,317068
2007/02/13,0,639000,-971950,-332950
2007/02/14,0,366400,-390600,-24200
2007/02/15,0,0,0,0
2007/02/16,0,0,0,0
2007/02/19,0,0,0,0
2007/02/20,0,0,0,0
2007/02/21,0,0,0,0
2007/02/22,0,0,0,0
2007/02/23,0,0,0,0
2007/02/26,0,260000,-780009,-520009
2007/02/27,0,413000,-760512,-347512
2007/02/28,0,0,0,0
2007/03/01,0,455000,-1071000,-616000
2007/03/02,0,653800,-1395550,-741750
2007/03/05,0,1323000,-1089415,233585
2007/03/06,0,354500,-264465,90035
2007/03/07,0,656492,-394203,262289
2007/03/08,0,655000,-162050,492950
2007/03/09,0,649000,-241000,408000
2007/03/12,0,8000,-188000,-180000
2007/03/13,0,32000,-508850,-476850
2007/03/14,0,49277,-283100,-233823
2007/03/15,0,472000,-101350,370650
2007/03/16,0,158000,-486091,-328091
2007/03/19,0,74000,-152000,-78000
2007/03/20,0,46000,-384000,-338000
2007/03/21,0,180000,-280817,-100817
2007/03/22,0,189521,-664000,-474479
2007/03/23,0,587000,-317000,270000
2007/03/26,0,351000,-153000,198000
2007/03/27,0,224000,-191000,33000
2007/03/28,0,795000,-437000,358000
2007/03/29,0,400000,-260000,140000
2007/03/30,0,609000,-159303,449697
2007/04/02,0,275000,-157000,118000
2007/04/03,0,34000,-236000,-202000
2007/04/04,0,150000,-425000,-275000
2007/04/05,0,0,0,0
2007/04/06,0,0,0,0
2007/04/09,0,83000,-185000,-102000
2007/04/10,0,128000,-427000,-299000
2007/04/11,0,278000,-263000,15000
2007/04/12,0,149509,-4000,145509
2007/04/13,0,84000,-14000,70000
2007/04/16,0,54264,-9000,45264
2007/04/17,0,167590,-17315,150275
2007/04/18,0,87000,-97000,-10000
2007/04/19,0,418000,-619769,-201769
2007/04/20,0,109000,-11000,98000
2007/04/23,0,162000,-16000,146000
2007/04/24,0,44000,-33570,10430
2007/04/25,0,73000,-76950,-3950
2007/04/26,0,141000,-3000,138000
2007/04/27,0,682000,-1087550,-405550
2007/04/30,0,919000,-310400,608600
2007/05/01,0,0,0,0
2007/05/02,0,377000,-229000,148000
2007/05/03,0,1744000,-56000,1688000
2007/05/04,0,1009000,-37000,972000
2007/05/07,0,436000,-105000,331000
2007/05/08,0,824000,-389000,435000
2007/05/09,0,477000,-189000,288000
2007/05/10,0,819000,-277000,542000
2007/05/11,0,201000,-398900,-197900
2007/05/14,0,160000,-85000,75000
2007/05/15,0,166000,-104000,62000
2007/05/16,0,192000,-175000,17000
2007/05/17,0,241000,-107000,134000
2007/05/18,0,75000,-64000,11000
2007/05/21,0,226000,-248000,-22000
2007/05/22,0,822000,-457000,365000
2007/05/23,0,1321332,-871900,449432
2007/05/24,0,31000,-556950,-525950
2007/05/25,0,104000,-488773,-384773
2007/05/28,0,37000,-185993,-148993
2007/05/29,0,52000,-37000,15000
2007/05/30,0,68865,-442814,-373949
2007/05/31,0,292514,-113400,179114
2007/06/01,0,128000,-63000,65000
2007/06/04,0,80000,-390000,-310000
2007/06/05,0,305000,-350000,-45000
2007/06/06,0,135000,-619075,-484075
2007/06/07,0,89207,-197000,-107793
2007/06/08,0,153000,-398000,-245000
2007/06/11,0,44000,-251555,-207555
2007/06/12,0,318000,-34000,284000
2007/06/13,0,23539,-200000,-176461
2007/06/14,0,407000,-20634,386366
2007/06/15,0,1109000,-169000,940000
2007/06/18,0,0,0,0
2007/06/19,0,0,0,0
2007/06/20,0,427000,-235000,192000
2007/06/21,0,2050000,-281000,1769000
2007/06/22,0,1059843,-669000,390843
2007/06/25,0,202000,-12000,190000
2007/06/26,0,514000,-746455,-232455
2007/06/27,0,276000,-44797,231203
2007/06/28,0,525000,-281000,244000
2007/06/29,0,139829,-432400,-292571
2007/07/02,0,27373,-89000,-61627
2007/07/03,0,281000,-213098,67902
2007/07/04,0,92603,-226000,-133397
2007/07/05,0,230000,-1025600,-795600
2007/07/06,0,724000,-678000,46000
2007/07/09,0,608000,-147000,461000
2007/07/10,0,435580,-153000,282580
2007/07/11,0,113501,-259350,-145849
2007/07/12,0,474977,-641000,-166023
2007/07/13,0,282000,-104000,178000
2007/07/16,0,469000,-385000,84000
2007/07/17,0,360000,-269900,90100
2007/07/18,0,67140,-296140,-229000
2007/07/19,0,235000,-296000,-61000
2007/07/20,0,367000,-7000,360000
2007/07/23,0,232000,-37000,195000
2007/07/24,0,207000,-95000,112000
2007/07/25,0,21200,-222000,-200800
2007/07/26,0,46000,-220000,-174000
2007/07/27,0,11000,-334000,-323000
2007/07/30,0,111000,-361000,-250000
2007/07/31,0,552000,-113068,438932
2007/08/01,0,288000,-400000,-112000
2007/08/02,0,418000,-202000,216000
2007/08/03,0,134000,-645000,-511000
2007/08/06,0,15876,-149500,-133624
2007/08/07,0,495391,-28000,467391
2007/08/08,0,873768,-332000,541768
2007/08/09,0,1185000,-7000,1178000
2007/08/10,0,198000,-75000,123000
2007/08/13,0,273000,-212000,61000
2007/08/14,0,138000,-126000,12000
2007/08/15,0,453000,-93000,360000
2007/08/16,0,558344,-270000,288344
2007/08/17,0,1206099,-1115000,91099
2007/08/20,0,667000,-1139000,-472000
2007/08/21,0,639000,-937000,-298000
2007/08/22,0,186000,-214860,-28860
2007/08/23,0,182000,-697000,-515000
2007/08/24,0,49160,-457440,-408280
2007/08/27,0,57000,-278560,-221560
2007/08/28,0,252000,-316000,-64000
2007/08/29,0,351420,-656000,-304580
2007/08/30,0,363000,-908720,-545720
2007/08/31,0,301000,-1295960,-994960
2007/09/03,0,136600,-1452000,-1315400
2007/09/04,0,37000,-843000,-806000
2007/09/05,0,25000,-880000,-855000
2007/09/06,0,1258000,-325747,932253
2007/09/07,0,1741000,-941320,799680
2007/09/10,0,560400,-70400,490000
2007/09/11,0,194000,-146360,47640
2007/09/12,0,1030000,-583000,447000
2007/09/13,0,592000,-95000,497000
2007/09/14,0,308000,-10193,297807
2007/09/17,0,538000,-79000,459000
2007/09/18,0,0,0,0
2007/09/19,0,355000,-99000,256000
2007/09/20,0,349000,-7940,341060
2007/09/21,0,166000,-30040,135960
2007/09/24,0,0,0,0
2007/09/25,0,0,0,0
2007/09/26,0,933000,-470086,462914
2007/09/27,0,434160,-176360,257800
2007/09/28,0,341000,-594000,-253000
2007/10/01,0,60000,-199840,-139840
2007/10/02,0,562000,-133260,428740
2007/10/03,0,3145000,-525416,2619584
2007/10/04,0,760000,-864487,-104487
2007/10/05,0,296000,-2027000,-1731000
2007/10/08,0,1280000,-501600,778400
2007/10/09,0,422000,-364120,57880
2007/10/10,0,0,0,0
2007/10/11,0,225000,-753506,-528506
2007/10/12,0,239000,-451160,-212160
2007/10/15,0,185000,-277680,-92680
2007/10/16,0,198000,-810054,-612054
2007/10/17,0,495000,-365400,129600
2007/10/18,0,279916,-290500,-10584
2007/10/19,0,447000,-740434,-293434
2007/10/22,0,215000,-330000,-115000
2007/10/23,0,138000,-420000,-282000
2007/10/24,0,1096000,-691160,404840
2007/10/25,0,123835,-373000,-249165
2007/10/26,0,277000,-7000,270000
2007/10/29,0,424000,-163000,261000
2007/10/30,0,168000,-253980,-85980
2007/10/31,0,261000,-298232,-37232
2007/11/01,0,392000,-611000,-219000
2007/11/02,0,148000,-505000,-357000
2007/11/05,0,30000,-131000,-101000
2007/11/06,0,693000,-120400,572600
2007/11/07,0,1469000,-1084000,385000
2007/11/08,0,1416000,-219000,1197000
2007/11/09,0,169000,-187337,-18337
2007/11/12,0,659000,-668670,-9670
2007/11/13,0,944280,-410860,533420
2007/11/14,0,66000,-410040,-344040
2007/11/15,0,47000,-224000,-177000
2007/11/16,0,287000,-531407,-244407
2007/11/19,0,436000,-126000,310000
2007/11/20,0,197000,-172000,25000
2007/11/21,0,203000,-401014,-198014
2007/11/22,0,288000,-1436337,-1148337
2007/11/23,0,786500,-446000,340500
2007/11/26,0,921000,-41000,880000
2007/11/27,0,578959,-184380,394579
2007/11/28,0,601000,-1264020,-663020
2007/11/29,0,272000,-58939,213061
2007/11/30,0,314000,-412180,-98180
2007/12/03,0,295998,-64000,231998
2007/12/04,0,89000,-517760,-428760
2007/12/05,0,570000,-241000,329000
2007/12/06,0,862560,-89000,773560
2007/12/07,0,649290,-510000,139290
2007/12/10,0,103000,-218000,-115000
2007/12/11,0,69000,-232000,-163000
2007/12/12,0,357000,-649000,-292000
2007/12/13,0,219000,-178100,40900
2007/12/14,0,587000,-339000,248000
2007/12/17,0,147000,-214740,-67740
2007/12/18,0,185000,-184801,199
2007/12/19,0,380000,-167000,213000
2007/12/20,0,204000,-45660,158340
2007/12/21,0,82000,-38000,44000
2007/12/24,0,74000,-26000,48000
2007/12/25,0,8000,-47000,-39000
2007/12/26,0,64000,-48000,16000
2007/12/27,0,394000,-51000,343000
2007/12/28,0,406000,-129760,276240
2007/12/31,0,236000,-6000,230000
2008/01/01,0,0,0,0
2008/01/02,0,92000,-179020,-87020
2008/01/03,0,119000,-59320,59680
2008/01/04,0,54000,-625000,-571000
2008/01/07,0,232000,-290000,-58000
2008/01/08,0,516000,-1155000,-639000
2008/01/09,0,1136000,-1176000,-40000
2008/01/10,0,146000,-831000,-685000
2008/01/11,0,705000,-1110000,-405000
2008/01/14,0,327000,-749165,-422165
2008/01/15,0,1037000,-175658,861342
2008/01/16,0,178000,-171000,7000
2008/01/17,0,101001,-83000,18001
2008/01/18,0,401297,-473520,-72223
2008/01/21,0,208000,-149000,59000
2008/01/22,0,283000,-602000,-319000
2008/01/23,0,461000,-1388000,-927000
2008/01/24,0,449660,-1017000,-567340
2008/01/25,0,698000,-159080,538920
2008/01/28,0,86000,-352300,-266300
2008/01/29,0,182000,-137357,44643
2008/01/30,0,171704,-489080,-317376
2008/01/31,0,567000,-848000,-281000
2008/02/01,0,326000,-238000,88000
2008/02/04,0,0,0,0
2008/02/05,0,0,0,0
2008/02/06,0,0,0,0
2008/02/07,0,0,0,0
2008/02/08,0,0,0,0
2008/02/11,0,0,0,0
2008/02/12,0,460000,-454123,5877
2008/02/13,0,66000,-38197,27803
2008/02/14,0,298000,-87122,210878
2008/02/15,0,568000,-459000,109000
2008/02/18,0,169000,-31000,138000
2008/02/19,0,405000,-178000,227000
2008/02/20,0,25000,-732900,-707900
2008/02/21,0,234000,-287821,-53821
2008/02/22,0,57000,-422440,-365440
2008/02/25,0,368000,-837240,-469240
2008/02/26,0,541000,-93000,448000
2008/02/27,0,546000,-420000,126000
2008/02/28,0,0,0,0
2008/02/29,0,326762,-119000,207762
2008/03/03,0,75000,-350000,-275000
2008/03/04,0,549000,-1773373,-1224373
2008/03/05,0,91000,-152000,-61000
2008/03/06,0,794000,-3000,791000
2008/03/07,0,694000,-233000,461000
2008/03/10,0,801000,-244100,556900
2008/03/11,0,270000,-515567,-245567
2008/03/12,0,388258,-294300,93958
2008/03/13,0,149000,-492820,-343820
2008/03/14,0,266000,-103090,162910
2008/03/17,0,282000,-245700,36300
2008/03/18,0,505000,-948438,-443438
2008/03/19,0,646000,-552280,93720
2008/03/20,0,818000,-978000,-160000
2008/03/21,0,204000,-161000,43000
2008/03/24,0,412000,-224280,187720
2008/03/25,0,164000,-111000,53000
2008/03/26,0,345000,-88000,257000
2008/03/27,0,146510,-214000,-67490
2008/03/28,0,249510,-117000,132510
2008/03/31,0,64173,-38000,26173
2008/04/01,0,77356,-114000,-36644
2008/04/02,0,362000,-13000,349000
2008/04/03,0,166000,-97000,69000
2008/04/04,0,0,0,0
2008/04/07,0,343000,-5000,338000
2008/04/08,0,714000,-236000,478000
2008/04/09,0,381000,-286000,95000
2008/04/10,0,131000,-42000,89000
2008/04/11,0,235000,-53103,181897
2008/04/14,0,32000,-325860,-293860
2008/04/15,0,147000,-157000,-10000
2008/04/16,0,302000,-106005,195995
2008/04/17,0,454000,-398000,56000
2008/04/18,0,416000,-1308432,-892432
2008/04/21,0,121000,-264000,-143000
2008/04/22,0,49805,-298000,-248195
2008/04/23,0,129000,-581240,-452240
2008/04/24,0,124000,-53000,71000
2008/04/25,0,31000,-277469,-246469
2008/04/28,0,193000,-23000,170000
2008/04/29,0,517000,-100025,416975
2008/04/30,0,304000,-230000,74000
2008/05/01,0,0,0,0
2008/05/02,0,286000,-26000,260000
2008/05/05,0,100000,-152381,-52381
2008/05/06,0,202000,-1231000,-1029000
2008/05/07,0,28000,-747000,-719000
2008/05/08,0,33000,-969000,-936000
2008/05/09,0,86000,-176000,-90000
2008/05/12,0,28000,-11000,17000
2008/05/13,0,354000,-59000,295000
2008/05/14,0,825000,-182000,643000
2008/05/15,0,286000,-510000,-224000
2008/05/16,0,128000,-698770,-570770
2008/05/19,0,103000,-200000,-97000
2008/05/20,0,146000,-97000,49000
2008/05/21,0,18000,-337193,-319193
2008/05/22,0,59000,-828230,-769230
2008/05/23,0,50000,-228080,-178080
2008/05/26,0,297000,-300000,-3000
2008/05/27,0,62000,-133000,-71000
2008/05/28,0,68000,-489000,-421000
2008/05/29,0,221000,-1307000,-1086000
2008/05/30,0,178108,-296000,-117892
2008/06/02,0,197000,-297000,-100000
2008/06/03,0,73000,-530000,-457000
2008/06/04,0,8000,-500000,-492000
2008/06/05,0,249000,-809000,-560000
2008/06/06,0,1177000,-2005000,-828000
2008/06/09,0,249000,-634000,-385000
2008/06/10,0,258000,-827856,-569856
2008/06/11,0,321000,-425000,-104000
2008/06/12,0,225000,-542304,-317304
2008/06/13,0,93000,-820560,-727560
2008/06/16,0,138000,-298000,-160000
2008/06/17,0,103000,-212000,-109000
2008/06/18,0,150000,-248000,-98000
2008/06/19,0,16000,-264000,-248000
2008/06/20,0,20257,-361000,-340743
2008/06/23,0,183000,-380000,-197000
2008/06/24,0,14000,-807455,-793455
2008/06/25,0,196338,-11105,185233
2008/06/26,0,40000,-50000,-10000
2008/06/27,0,486000,-383000,103000
2008/06/30,0,209000,-17000,192000
2008/07/01,0,86000,-128000,-42000
2008/07/02,0,441000,-93000,348000
2008/07/03,0,401000,-504000,-103000
2008/07/04,0,62000,-271000,-209000
2008/07/07,0,213000,-738000,-525000
2008/07/08,0,121000,-539000,-418000
2008/07/09,0,137000,-127000,10000
2008/07/10,0,252000,-194000,58000
2008/07/11,0,35000,-796000,-761000
2008/07/14,0,126000,-356040,-230040
2008/07/15,0,21000,-88000,-67000
2008/07/16,0,89000,-482000,-393000
2008/07/17,0,807000,-324618,482382
2008/07/18,0,391000,-345000,46000
2008/07/21,0,155000,-192000,-37000
2008/07/22,0,98000,-312800,-214800
2008/07/23,0,237000,-37000,200000
2008/07/24,0,229000,-74000,155000
2008/07/25,0,125000,-154000,-29000
2008/07/28,0,0,0,0
2008/07/29,0,178000,-61000,117000
2008/07/30,0,430000,-88000,342000
2008/07/31,0,354000,-56000,298000
2008/08/01,0,154000,-46000,108000
2008/08/04,0,44000,-70000,-26000
2008/08/05,0,383000,-306000,77000
2008/08/06,0,212000,-144726,67274
2008/08/07,0,337000,-384000,-47000
2008/08/08,0,356000,-75000,281000
2008/08/11,0,321000,-277000,44000
2008/08/12,0,125000,-267980,-142980
2008/08/13,0,180000,-765520,-585520
2008/08/14,0,207440,-680460,-473020
2008/08/15,0,61420,-90620,-29200
2008/08/18,0,20000,-338000,-318000
2008/08/19,0,86000,-176000,-90000
2008/08/20,0,764000,-327000,437000
2008/08/21,0,130000,-497680,-367680
2008/08/22,0,192000,-188000,4000
2008/08/25,0,115000,-380160,-265160
2008/08/26,0,82000,-157000,-75000
2008/08/27,0,659000,-218000,441000
2008/08/28,0,664000,-194000,470000
2008/08/29,0,170000,-241077,-71077
2008/09/01,0,39000,-238000,-199000
2008/09/02,0,133000,-83000,50000
2008/09/03,0,248000,-316000,-68000
2008/09/04,0,114000,-720000,-606000
2008/09/05,0,179000,-246000,-67000
2008/09/08,0,246500,-850160,-603660
2008/09/09,0,33300,-207000,-173700
2008/09/10,0,260000,-190000,70000
2008/09/11,0,122000,-127000,-5000
2008/09/12,0,508000,-433680,74320
2008/09/15,0,240000,-110000,130000
2008/09/16,0,666140,-241000,425140
2008/09/17,0,230000,-237000,-7000
2008/09/18,0,116100,-348000,-231900
2008/09/19,0,572000,-946653,-374653
2008/09/22,0,268000,-432877,-164877
2008/09/23,0,104100,-773140,-669040
2008/09/24,0,217881,-243757,-25876
2008/09/25,0,150000,-13101,136899
2008/09/26,0,30000,-350002,-320002
2008/09/29,0,0,0,0
2008/09/30,0,203000,-219000,-16000
2008/10/01,0,382000,-84656,297344
2008/10/02,0,100400,-68000,32400
2008/10/03,0,563000,-642589,-79589
2008/10/06,0,137100,-210120,-73020
2008/10/07,0,307000,-116000,191000
2008/10/08,0,21000,-284200,-263200
2008/10/09,0,326000,-199130,126870
2008/10/10,0,0,0,0
2008/10/13,0,235000,-543999,-308999
2008/10/14,0,438000,-323920,114080
2008/10/15,0,300000,-33141,266859
2008/10/16,0,66000,-130000,-64000
2008/10/17,0,154000,-269000,-115000
2008/10/20,0,156000,-178000,-22000
2008/10/21,0,200000,-85380,114620
2008/10/22,0,708000,-455000,253000
2008/10/23,0,381160,-324361,56799
2008/10/24,0,77000,-271000,-194000
2008/10/27,0,29000,-175000,-146000
2008/10/28,0,152000,-408905,-256905
2008/10/29,0,155640,-463243,-307603
2008/10/30,0,70000,-60299,9701
2008/10/31,0,163000,-296000,-133000
2008/11/03,0,63000,-118000,-55000
2008/11/04,0,93000,-226605,-133605
2008/11/05,0,100000,-311352,-211352
2008/11/06,0,123000,-108000,15000
2008/11/07,0,416100,-162000,254100
2008/11/10,0,88000,-88000,0
2008/11/11,0,143000,-55230,87770
2008/11/12,0,353000,-89000,264000
2008/11/13,0,276000,-119938,156062
2008/11/14,0,229000,-190435,38565
2008/11/17,0,15000,-11000,4000
2008/11/18,0,176000,-44000,132000
2008/11/19,0,93000,-80432,12568
2008/11/20,0,164000,-45000,119000
2008/11/21,0,364000,-179000,185000
2008/11/24,0,31000,-578000,-547000
2008/11/25,0,87000,-89176,-2176
2008/11/26,0,91000,-110177,-19177
2008/11/27,0,88000,-484380,-396380
2008/11/28,0,134000,-340002,-206002
2008/12/01,0,151000,-159000,-8000
2008/12/02,0,239000,-120000,119000
2008/12/03,0,85000,-201000,-116000
2008/12/04,0,112000,-271839,-159839
2008/12/05,0,108000,-103047,4953
2008/12/08,0,394000,-111800,282200
2008/12/09,0,404000,-440501,-36501
2008/12/10,0,681000,-19000,662000
2008/12/11,0,97000,-105520,-8520
2008/12/12,0,545000,-292000,253000
2008/12/15,0,204000,-8000,196000
2008/12/16,0,52000,-145000,-93000
2008/12/17,0,272000,-39000,233000
2008/12/18,0,214000,-58000,156000
2008/12/19,0,1488000,-150000,1338000
2008/12/22,0,628000,-65080,562920
2008/12/23,0,74000,-62000,12000
2008/12/24,0,571000,-85000,486000
2008/12/25,0,11000,-59000,-48000
2008/12/26,0,30000,-20000,10000
2008/12/29,0,51000,-11000,40000
2008/12/30,0,696000,-24000,672000
2008/12/31,0,335000,-190000,145000
2009/01/01,0,0,0,0
2009/01/02,0,0,0,0
2009/01/05,0,394000,-85161,308839
2009/01/06,0,519675,-38000,481675
2009/01/07,0,189027,-77000,112027
2009/01/08,0,4000,-349000,-345000
2009/01/09,0,57000,-70000,-13000
2009/01/12,0,105416,-145792,-40376
2009/01/13,0,127447,-112000,15447
2009/01/14,0,52000,-125686,-73686
2009/01/15,0,83000,-225000,-142000
2009/01/16,0,21000,-90000,-69000
2009/01/19,0,48000,-61790,-13790
2009/01/20,0,298000,-133000,165000
2009/01/21,0,115000,-292547,-177547
2009/01/22,0,0,0,0
2009/01/23,0,0,0,0
2009/01/26,0,0,0,0
2009/01/27,0,0,0,0
2009/01/28,0,0,0,0
2009/01/29,0,0,0,0
2009/01/30,0,0,0,0
2009/02/02,0,638088,-327066,311022
2009/02/03,0,144000,-44170,99830
2009/02/04,0,120000,-91000,29000
2009/02/05,0,44000,-57100,-13100
2009/02/06,0,437000,-33000,404000
2009/02/09,0,234000,-365000,-131000
2009/02/10,0,51000,-289000,-238000
2009/02/11,0,144521,-459521,-315000
2009/02/12,0,535000,-535000,0
2009/02/13,0,384000,-398000,-14000
2009/02/16,0,505000,-39369,465631
2009/02/17,0,142167,-34165,108002
2009/02/18,0,1014000,-13000,1001000
2009/02/19,0,1100606,-70606,1030000
2009/02/20,0,41000,-91000,-50000
2009/02/23,0,82000,-5000,77000
2009/02/24,0,14000,-39950,-25950
2009/02/25,0,54000,-144190,-90190
2009/02/26,0,612000,-35210,576790
2009/02/27,0,76000,-92117,-16117
2009/03/02,0,76585,-417000,-340415
2009/03/03,0,80000,-25000,55000
2009/03/04,0,272000,-29000,243000
2009/03/05,0,871000,-41000,830000
2009/03/06,0,183000,-50000,133000
2009/03/09,0,482000,-122000,360000
2009/03/10,0,164000,-59020,104980
2009/03/11,0,309200,-38503,270697
2009/03/12,0,246000,-9000,237000
2009/03/13,0,299000,-73000,226000
2009/03/16,0,252000,-172000,80000
2009/03/17,0,46000,-57000,-11000
2009/03/18,0,173000,-3000,170000
2009/03/19,0,13000,-21000,-8000
2009/03/20,0,60000,-42000,18000
2009/03/23,0,161061,-51000,110061
2009/03/24,0,139000,-14000,125000
2009/03/25,0,164000,-93860,70140
2009/03/26,0,112000,-81000,31000
2009/03/27,0,33265,-13000,20265
2009/03/30,0,29000,-23000,6000
2009/03/31,0,64000,-58160,5840
2009/04/01,0,17000,-61440,-44440
2009/04/02,0,171000,-282161,-111161
2009/04/03,0,156001,-465020,-309019
2009/04/06,0,82000,-749260,-667260
2009/04/07,0,301000,-557300,-256300
2009/04/08,0,383000,-354000,29000
2009/04/09,0,332000,-60000,272000
2009/04/10,0,85000,-76000,9000
2009/04/13,0,99001,-593000,-493999
2009/04/14,0,230033,-810000,-579967
2009/04/15,0,106000,-79000,27000
2009/04/16,0,241000,-37000,204000
2009/04/17,0,320787,-237060,83727
2009/04/20,0,81000,-659000,-578000
2009/04/21,0,102200,-105000,-2800
2009/04/22,0,76000,-46000,30000
2009/04/23,0,56000,-81000,-25000
2009/04/24,0,80500,-47000,33500
2009/04/27,0,338485,-46000,292485
2009/04/28,0,423000,-111000,312000
2009/04/29,0,323000,-107000,216000
2009/04/30,0,891024,-220000,671024
2009/05/01,0,0,0,0
2009/05/04,0,619300,-114000,505300
2009/05/05,0,190449,-238821,-48372
2009/05/06,0,47000,-60000,-13000
2009/05/07,0,34000,-151627,-117627
2009/05/08,0,1511884,-55000,1456884
2009/05/11,0,226000,-262000,-36000
2009/05/12,0,979784,-140000,839784
2009/05/13,0,105523,-866000,-760477
2009/05/14,0,140500,-86000,54500
2009/05/15,0,417000,-84000,333000
2009/05/18,0,199000,-75000,124000
2009/05/19,0,150000,-10000,140000
2009/05/20,0,221000,-118000,103000
2009/05/21,0,439000,-147000,292000
2009/05/22,0,1207000,-229000,978000
2009/05/25,0,48000,-693000,-645000
2009/05/26,0,183000,-76000,107000
2009/05/27,0,340000,-32701,307299
2009/05/28,0,0,0,0
2009/05/29,0,0,0,0
2009/06/01,0,222500,-352000,-129500
2009/06/02,0,222000,-423000,-201000
2009/06/03,0,241000,-225000,16000
2009/06/04,0,60453,-170000,-109547
2009/06/05,0,195000,-307072,-112072
2009/06/08,0,544000,-288000,256000
2009/06/09,0,122000,-92000,30000
2009/06/10,0,200000,-89926,110074
2009/06/11,0,999460,-152000,847460
2009/06/12,0,255016,-111000,144016
2009/06/15,0,481000,-25000,456000
2009/06/16,0,1186000,-77410,1108590
2009/06/17,0,86000,-334000,-248000
2009/06/18,0,346000,-479000,-133000
2009/06/19,0,315000,-240001,74999
2009/06/22,0,49000,-223000,-174000
2009/06/23,0,60722,-325000,-264278
2009/06/24,0,476000,-115495,360505
2009/06/25,0,64000,-53000,11000
2009/06/26,0,126000,-36000,90000
2009/06/29,0,346200,-211000,135200
2009/06/30,0,95600,-64222,31378
2009/07/01,0,124000,-255000,-131000
2009/07/02,0,62000,-80000,-18000
2009/07/03,0,52089,-31000,21089
2009/07/06,0,338000,-83000,255000
2009/07/07,0,63000,-76680,-13680
2009/07/08,0,89693,-275000,-185307
2009/07/09,0,752000,-181200,570800
2009/07/10,0,61000,-120122,-59122
2009/07/13,0,277000,-350551,-73551
2009/07/14,0,840000,-242530,597470
2009/07/15,0,259000,-187682,71318
2009/07/16,0,81000,-65000,16000
2009/07/17,0,244739,-1342003,-1097264
2009/07/20,0,88000,-424000,-336000
2009/07/21,0,90000,-356070,-266070
2009/07/22,0,174000,-276000,-102000
2009/07/23,0,195000,-173530,21470
2009/07/24,0,416800,-59710,357090
2009/07/27,0,757500,-9318,748182
2009/07/28,0,257000,-154000,103000
2009/07/29,0,108000,-1238549,-1130549
2009/07/30,0,700000,-1336800,-636800
2009/07/31,0,243000,-429500,-186500
2009/08/03,0,510000,-145000,365000
2009/08/04,0,977000,-150800,826200
2009/08/05,0,518000,-168000,350000
2009/08/06,0,727000,-61720,665280
2009/08/07,0,0,0,0
2009/08/10,0,452000,-129479,322521
2009/08/11,0,138000,-148000,-10000
2009/08/12,0,59180,-337000,-277820
2009/08/13,0,45000,-351000,-306000
2009/08/14,0,120000,-285000,-165000
2009/08/17,0,20000,-342000,-322000
2009/08/18,0,122000,-177000,-55000
2009/08/19,0,884000,-394433,489567
2009/08/20,0,330000,-225000,105000
2009/08/21,0,158000,-263570,-105570
2009/08/24,0,434000,-126550,307450
2009/08/25,0,56000,-378000,-322000
2009/08/26,0,187000,-81000,106000
2009/08/27,0,93000,-92000,1000
2009/08/28,0,502880,-86000,416880
2009/08/31,0,225000,-165111,59889
2009/09/01,0,155000,-47935,107065
2009/09/02,0,65000,-40000,25000
2009/09/03,0,285247,-196000,89247
2009/09/04,0,61000,-126000,-65000
2009/09/07,0,261000,-71000,190000
2009/09/08,0,407000,-62000,345000
2009/09/09,0,290354,-311000,-20646
2009/09/10,0,230000,-139161,90839
2009/09/11,0,314000,-171000,143000
2009/09/14,0,368000,-179000,189000
2009/09/15,0,56000,-40415,15585
2009/09/16,0,174000,-16000,158000
2009/09/17,0,241000,-666750,-425750
2009/09/18,0,99000,-172000,-73000
2009/09/21,0,42000,-100200,-58200
2009/09/22,0,74000,-12460,61540
2009/09/23,0,1594000,-225300,1368700
2009/09/24,0,315000,-301120,13880
2009/09/25,0,209000,-104140,104860
2009/09/28,0,122000,-201000,-79000
2009/09/29,0,274910,-217560,57350
2009/09/30,0,136000,-2600,133400
2009/10/01,0,233000,-245960,-12960
2009/10/02,0,42000,-177962,-135962
2009/10/05,0,34183,-186503,-152320
2009/10/06,0,149000,-1038000,-889000
2009/10/07,0,438000,-829192,-391192
2009/10/08,0,479000,-262100,216900
2009/10/09,0,150000,-21060,128940
2009/10/12,0,72000,-188000,-116000
2009/10/13,0,79350,-246653,-167303
2009/10/14,0,63000,-105000,-42000
2009/10/15,0,122000,-108560,13440
2009/10/16,0,40220,-82000,-41780
2009/10/19,0,100000,-46503,53497
2009/10/20,0,149000,-40120,108880
2009/10/21,0,39000,-83000,-44000
2009/10/22,0,366320,-885260,-518940
2009/10/23,0,16000,-183000,-167000
2009/10/26,0,35000,-76080,-41080
2009/10/27,0,973000,-114000,859000
2009/10/28,0,4000,-197000,-193000
2009/10/29,0,32000,-169940,-137940
2009/10/30,0,8000,-202920,-194920
2009/11/02,0,183000,-637120,-454120
2009/11/03,0,84000,-803160,-719160
2009/11/04,0,42000,-18697,23303
2009/11/05,0,21000,-61000,-40000
2009/11/06,0,134000,-99000,35000
2009/11/09,0,57000,-6000,51000
2009/11/10,0,223000,-10904,212096
2009/11/11,0,221000,-7000,214000
2009/11/12,0,84000,-36260,47740
2009/11/13,0,391000,-4832,386168
2009/11/16,0,171000,-32320,138680
2009/11/17,0,196000,-258000,-62000
2009/11/18,0,180000,-484000,-304000
2009/11/19,0,54000,-544421,-490421
2009/11/20,0,16000,-294000,-278000
2009/11/23,0,10000,-253940,-243940
2009/11/24,0,38000,-6000,32000
2009/11/25,0,91000,-128000,-37000
2009/11/26,0,705000,-544320,160680
2009/11/27,0,38000,-190000,-152000
2009/11/30,0,53143,-95000,-41857
2009/12/01,0,51000,-26000,25000
2009/12/02,0,26000,-298000,-272000
2009/12/03,0,1108319,-48049,1060270
2009/12/04,0,1007000,-197000,810000
2009/12/07,0,814000,-126540,687460
2009/12/08,0,490000,-97002,392998
2009/12/09,0,98000,-183560,-85560
2009/12/10,0,161820,-241630,-79810
2009/12/11,0,184000,-48000,136000
2009/12/14,0,44000,-20000,24000
2009/12/15,0,63000,-18000,45000
2009/12/16,0,1341140,-102382,1238758
2009/12/17,0,423320,-131800,291520
2009/12/18,0,26000,-232000,-206000
2009/12/21,0,26000,-8000,18000
2009/12/22,0,59000,-311000,-252000
2009/12/23,0,60000,-302177,-242177
2009/12/24,0,179000,-635000,-456000
2009/12/25,0,63000,-22000,41000
2009/12/28,0,86000,-193000,-107000
2009/12/29,0,17000,-25000,-8000
2009/12/30,0,308000,-62900,245100
2009/12/31,0,120000,-19000,101000
2010/01/01,0,0,0,0
2010/01/04,0,95000,-161000,-66000
2010/01/05,0,72000,-26000,46000
2010/01/06,0,218000,-410200,-192200
2010/01/07,0,264000,-588656,-324656
2010/01/08,0,72780,-409060,-336280
2010/01/11,0,71000,-191000,-120000
2010/01/12,0,93000,-258000,-165000
2010/01/13,0,26000,-37000,-11000
2010/01/14,0,141778,-309630,-167852
2010/01/15,0,42000,-92000,-50000
2010/01/18,0,931000,-34000,897000
2010/01/19,0,149000,-87050,61950
2010/01/20,0,509000,-338280,170720
2010/01/21,0,294000,-45550,248450
2010/01/22,0,225000,-156000,69000
2010/01/25,0,754850,-173000,581850
2010/01/26,0,543000,-313000,230000
2010/01/27,0,626000,-152430,473570
2010/01/28,0,1472000,-139000,1333000
2010/01/29,0,506000,-158170,347830
2010/02/01,0,144000,-331490,-187490
2010/02/02,0,390000,-197730,192270
2010/02/03,0,1507760,-173000,1334760
2010/02/04,0,430000,-100000,330000
2010/02/05,0,177000,-145650,31350
2010/02/08,0,180000,-274215,-94215
2010/02/09,0,95000,-611920,-516920
2010/02/10,0,314000,-85000,229000
2010/02/11,0,0,0,0
2010/02/12,0,0,0,0
2010/02/15,0,0,0,0
2010/02/16,0,0,0,0
2010/02/17,0,0,0,0
2010/02/18,0,0,0,0
2010/02/19,0,0,0,0
2010/02/22,0,292000,-121000,171000
2010/02/23,0,681000,-148000,533000
2010/02/24,0,273000,-222000,51000
2010/02/25,0,300860,-142000,158860
2010/02/26,0,150000,-376000,-226000
2010/03/01,0,329000,-193000,136000
2010/03/02,0,268259,-182000,86259
2010/03/03,0,289000,-10000,279000
2010/03/04,0,279000,-155000,124000
2010/03/05,0,220000,-119000,101000
2010/03/08,0,724000,-158000,566000
2010/03/09,0,337617,-184967,152650
2010/03/10,0,583196,-80000,503196
2010/03/11,0,187000,-73000,114000
2010/03/12,0,48000,-23000,25000
2010/03/15,0,480000,-49000,431000
2010/03/16,0,297000,-73000,224000
2010/03/17,0,299000,-399000,-100000
2010/03/18,0,190000,-239000,-49000
2010/03/19,0,51000,-10000,41000
2010/03/22,0,6000,-48150,-42150
2010/03/23,0,47000,-105000,-58000
2010/03/24,0,24000,-60000,-36000
2010/03/25,0,139000,-167000,-28000
2010/03/26,0,182000,-46000,136000
2010/03/29,0,238000,-132000,106000
2010/03/30,0,565000,-80000,485000
2010/03/31,0,616468,-214838,401630
2010/04/01,0,469000,-177460,291540
2010/04/02,0,44000,-4000,40000
2010/04/05,0,0,0,0
2010/04/06,0,412000,-215158,196842
2010/04/07,0,252390,-672000,-419610
2010/04/08,0,104000,-700494,-596494
2010/04/09,0,206000,-70370,135630
2010/04/12,0,57640,-343600,-285960
2010/04/13,0,77480,-380000,-302520
2010/04/14,0,558000,-77590,480410
2010/04/15,0,739000,-184000,555000
2010/04/16,0,368530,-54000,314530
2010/04/19,0,851000,-204000,647000
2010/04/20,0,580000,-492000,88000
2010/04/21,0,90000,-844848,-754848
2010/04/22,0,176000,-131530,44470
2010/04/23,0,1682000,-1298000,384000
2010/04/26,0,516000,-106000,410000
2010/04/27,0,148000,-21000,127000
2010/04/28,0,109361,-177811,-68450
2010/04/29,0,171000,-57000,114000
2010/04/30,0,349000,-95060,253940
2010/05/03,0,35000,-66000,-31000
2010/05/04,0,115000,-246000,-131000
2010/05/05,0,267000,-1683260,-1416260
2010/05/06,0,1084503,-439000,645503
2010/05/07,0,1080000,-158960,921040
2010/05/10,0,609630,-185310,424320
2010/05/11,0,277000,-272020,4980
2010/05/12,0,55000,-319562,-264562
2010/05/13,0,283000,-113000,170000
2010/05/14,0,208000,-78000,130000
2010/05/17,0,249000,-288000,-39000
2010/05/18,0,72000,-344000,-272000
2010/05/19,0,35000,-370000,-335000
2010/05/20,0,65000,-198000,-133000
2010/05/21,0,229000,-279155,-50155
2010/05/24,0,93000,-118000,-25000
2010/05/25,0,625000,-580000,45000
2010/05/26,0,187000,-1108040,-921040
2010/05/27,0,87000,-739074,-652074
2010/05/28,0,245000,-278800,-33800
2010/05/31,0,353841,-233000,120841
2010/06/01,0,203000,-178000,25000
2010/06/02,0,61000,-412000,-351000
2010/06/03,0,63000,-31000,32000
2010/06/04,0,173000,-277000,-104000
2010/06/07,0,39000,-728202,-689202
2010/06/08,0,709000,-571000,138000
2010/06/09,0,244000,-435000,-191000
2010/06/10,0,265000,-248825,16175
2010/06/11,0,841000,-358000,483000
2010/06/14,0,379000,-211000,168000
2010/06/15,0,191430,-33590,157840
2010/06/16,0,0,0,0
2010/06/17,0,463030,-428340,34690
2010/06/18,0,523000,-312612,210388
2010/06/21,0,539642,-195531,344111
2010/06/22,0,49320,-22000,27320
2010/06/23,0,36000,-64771,-28771
2010/06/24,0,141000,-22620,118380
2010/06/25,0,468000,-511347,-43347
2010/06/28,0,76000,-54000,22000
2010/06/29,0,508000,-139000,369000
2010/06/30,0,149000,-470282,-321282
2010/07/01,0,294000,-201820,92180
2010/07/02,0,168000,-255940,-87940
2010/07/05,0,1022000,-274000,748000
2010/07/06,0,869900,-699400,170500
2010/07/07,0,585218,-411302,173916
2010/07/08,0,427000,-384000,43000
2010/07/09,0,87000,-171429,-84429
2010/07/12,0,117000,-214448,-97448
2010/07/13,0,225909,-235000,-9091
2010/07/14,0,241710,-99480,142230
2010/07/15,0,124009,-290000,-165991
2010/07/16,0,206109,-504000,-297891
2010/07/19,0,384000,-564500,-180500
2010/07/20,0,419000,-434000,-15000
2010/07/21,0,173000,-724000,-551000
2010/07/22,0,496000,-93002,402998
2010/07/23,0,724000,-268000,456000
2010/07/26,0,199100,-90000,109100
2010/07/27,0,75210,-202000,-126790
2010/07/28,0,93000,-180000,-87000
2010/07/29,0,413000,-209513,203487
2010/07/30,0,328115,-143000,185115
2010/08/02,0,661000,-542000,119000
2010/08/03,0,276000,-1136000,-860000
2010/08/04,0,271000,-953480,-682480
2010/08/05,0,277000,-401000,-124000
2010/08/06,0,238000,-654000,-416000
2010/08/09,0,99000,-196000,-97000
2010/08/10,0,186000,-306000,-120000
2010/08/11,0,102000,-191067,-89067
2010/08/12,0,170000,-426000,-256000
2010/08/13,0,267270,-249000,18270
2010/08/16,0,956000,-446000,510000
2010/08/17,0,678000,-301000,377000
2010/08/18,0,1270000,-246000,1024000
2010/08/19,0,187000,-553000,-366000
2010/08/20,0,23000,-262000,-239000
2010/08/23,0,103000,-129000,-26000
2010/08/24,0,162000,-471660,-309660
2010/08/25,0,660000,-226000,434000
2010/08/26,0,391000,-190000,201000
2010/08/27,0,812000,-94706,717294
2010/08/30,0,367849,-60000,307849
2010/08/31,0,113000,-125946,-12946
2010/09/01,0,313000,-147000,166000
2010/09/02,0,1364000,-181104,1182896
2010/09/03,0,275000,-99000,176000
2010/09/06,0,531918,-14918,517000
2010/09/07,0,370899,-18260,352639
2010/09/08,0,221540,-156999,64541
2010/09/09,0,783000,-188000,595000
2010/09/10,0,238170,-57000,181170
2010/09/13,0,576000,-60078,515922
2010/09/14,0,85702,-506000,-420298
2010/09/15,0,366027,-230000,136027
2010/09/16,0,211000,-25008,185992
2010/09/17,0,332000,-252024,79976
2010/09/20,0,215000,-29000,186000
2010/09/21,0,195000,-234992,-39992
2010/09/22,0,0,0,0
2010/09/23,0,51000,-18114,32886
2010/09/24,0,174690,-167000,7690
2010/09/27,0,246400,-150000,96400
2010/09/28,0,152670,-919000,-766330
2010/09/29,0,560000,-462591,97409
2010/09/30,0,317000,-344000,-27000
2010/10/01,0,351400,-622000,-270600
2010/10/04,0,120720,-166000,-45280
2010/10/05,0,161390,-176352,-14962
2010/10/06,0,372320,-50000,322320
2010/10/07,0,89710,-222000,-132290
2010/10/08,0,354210,-137000,217210
2010/10/11,0,282460,-239144,43316
2010/10/12,0,185510,-490000,-304490
2010/10/13,0,459400,-1286340,-826940
2010/10/14,0,919540,-680000,239540
2010/10/15,0,656440,-458000,198440
2010/10/18,0,294000,-414000,-120000
2010/10/19,0,685000,-272200,412800
2010/10/20,0,798000,-424000,374000
2010/10/21,0,1197000,-481000,716000
2010/10/22,0,469239,-156000,313239
2010/10/25,0,112000,-606500,-494500
2010/10/26,0,141996,-566000,-424004
2010/10/27,0,170420,-1134000,-963580
2010/10/28,0,1021127,-468000,553127
2010/10/29,0,252000,-112000,140000
2010/11/01,0,264742,-58560,206182
2010/11/02,0,129000,-35000,94000
2010/11/03,0,186000,-187237,-1237
2010/11/04,0,433000,-78000,355000
2010/11/05,0,956000,-153161,802839
2010/11/08,0,121000,-98500,22500
2010/11/09,0,279000,-228000,51000
2010/11/10,0,495000,-232140,262860
2010/11/11,0,227000,-527276,-300276
2010/11/12,0,61000,-451097,-390097
2010/11/15,0,49120,-264020,-214900
2010/11/16,0,329500,-72000,257500
2010/11/17,0,124000,-434000,-310000
2010/11/18,0,92000,-106479,-14479
2010/11/19,0,108570,-505000,-396430
2010/11/22,0,322180,-260000,62180
2010/11/23,0,220220,-503152,-282932
2010/11/24,0,68000,-107000,-39000
2010/11/25,0,70000,-560581,-490581
2010/11/26,0,379000,-603000,-224000
2010/11/29,0,481000,-163903,317097
2010/11/30,0,561246,-251005,310241
2010/12/01,0,994560,-266000,728560
2010/12/02,0,969000,-263495,705505
2010/12/03,0,789000,-291000,498000
2010/12/06,0,382000,-589000,-207000
2010/12/07,0,239690,-403000,-163310
2010/12/08,0,238000,-722000,-484000
2010/12/09,0,163000,-332000,-169000
2010/12/10,0,148000,-295140,-147140
2010/12/13,0,157000,-118000,39000
2010/12/14,0,270000,-214000,56000
2010/12/15,0,334000,-110000,224000
2010/12/16,0,57000,-564000,-507000
2010/12/17,0,185853,-315000,-129147
2010/12/20,0,149370,-84100,65270
2010/12/21,0,296000,-321222,-25222
2010/12/22,0,644900,-65180,579720
2010/12/23,0,25000,-80000,-55000
2010/12/24,0,47316,-16000,31316
2010/12/27,0,43000,-13277,29723
2010/12/28,0,312000,-49000,263000
2010/12/29,0,157260,-70100,87160
2010/12/30,0,85000,-63000,22000
2010/12/31,0,82000,-21660,60340
2011/01/03,0,301000,-20000,281000
2011/01/04,0,591000,-30000,561000
2011/01/05,0,513837,-52300,461537
2011/01/06,0,360000,-118000,242000
2011/01/07,0,547000,-111000,436000
2011/01/10,0,583000,-118693,464307
2011/01/11,0,533000,-68000,465000
2011/01/12,0,303000,-312681,-9681
2011/01/13,0,170098,-138000,32098
2011/01/14,0,230000,-107600,122400
2011/01/17,0,64462,-568000,-503538
2011/01/18,0,235906,-295280,-59374
2011/01/19,0,457000,-460500,-3500
2011/01/20,0,155183,-2275700,-2120517
2011/01/21,0,270485,-1392946,-1122461
2011/01/24,0,189940,-470500,-280560
2011/01/25,0,219000,-526000,-307000
2011/01/26,0,195000,-413443,-218443
2011/01/27,0,183000,-128530,54470
2011/01/28,0,319550,-149000,170550
2011/01/31,0,0,0,0
2011/02/01,0,0,0,0
2011/02/02,0,0,0,0
2011/02/03,0,0,0,0
2011/02/04,0,0,0,0
2011/02/07,0,0,0,0
2011/02/08,0,315000,-895334,-580334
2011/02/09,0,314000,-149160,164840
2011/02/10,0,65000,-357650,-292650
2011/02/11,0,216000,-578000,-362000
2011/02/14,0,163000,-389330,-226330
2011/02/15,0,186000,-138282,47718
2011/02/16,0,389000,-136000,253000
2011/02/17,0,130000,-191500,-61500
2011/02/18,0,319000,-53000,266000
2011/02/21,0,71000,-451000,-380000
2011/02/22,0,77437,-539600,-462163
2011/02/23,0,107000,-368813,-261813
2011/02/24,0,38000,-75000,-37000
2011/02/25,0,375000,-258489,116511
2011/02/28,0,0,0,0
2011/03/01,0,269000,-86737,182263
2011/03/02,0,306000,-215173,90827
2011/03/03,0,1026000,-387000,639000
2011/03/04,0,635000,-1590000,-955000
2011/03/07,0,48000,-169000,-121000
2011/03/08,0,169400,-601342,-431942
2011/03/09,0,178000,-1505892,-1327892
2011/03/10,0,361000,-803080,-442080
2011/03/11,0,161000,-1230031,-1069031
2011/03/14,0,283000,-270455,12545
2011/03/15,0,189000,-796250,-607250
2011/03/16,0,311000,-494860,-183860
2011/03/17,0,114000,-582590,-468590
2011/03/18,0,421662,-305370,116292
2011/03/21,0,41000,-338000,-297000
2011/03/22,0,53509,-546000,-492491
2011/03/23,0,71000,-242000,-171000
2011/03/24,0,136000,-476700,-340700
2011/03/25,0,102000,-234000,-132000
2011/03/28,0,115000,-407000,-292000
2011/03/29,0,107550,-287000,-179450
2011/03/30,0,253000,-241000,12000
2011/03/31,0,455000,-42542,412458
2011/04/01,0,491272,-110000,381272
2011/04/04,0,0,0,0
2011/04/05,0,0,0,0
2011/04/06,0,375288,-346000,29288
2011/04/07,0,158040,-174041,-16001
2011/04/08,0,232167,-521310,-289143
2011/04/11,0,232952,-37000,195952
2011/04/12,0,48870,-86650,-37780
2011/04/13,0,88000,-86888,1112
2011/04/14,0,213000,-288310,-75310
2011/04/15,0,144000,-62000,82000
2011/04/18,0,46000,-98161,-52161
2011/04/19,0,92240,-358000,-265760
2011/04/20,0,335000,-321100,13900
2011/04/21,0,1126000,-586000,540000
2011/04/22,0,293000,-45245,247755
2011/04/25,0,193000,-44000,149000
2011/04/26,0,112000,-381000,-269000
2011/04/27,0,325001,-107100,217901
2011/04/28,0,216291,-219000,-2709
2011/04/29,0,51000,-220980,-169980
2011/05/02,0,0,0,0
2011/05/03,0,123482,-131620,-8138
2011/05/04,0,267000,-70000,197000
2011/05/05,0,153000,-223000,-70000
2011/05/06,0,132000,-321880,-189880
2011/05/09,0,79000,-56201,22799
2011/05/10,0,63021,-107000,-43979
2011/05/11,0,154000,-163740,-9740
2011/05/12,0,187000,-106946,80054
2011/05/13,0,83000,-229000,-146000
2011/05/16,0,31000,-316662,-285662
2011/05/17,0,175000,-479000,-304000
2011/05/18,0,173000,-453000,-280000
2011/05/19,0,187000,-116233,70767
2011/05/20,0,167000,-70000,97000
2011/05/23,0,96000,-256255,-160255
2011/05/24,0,64000,-197953,-133953
2011/05/25,0,109240,-542000,-432760
2011/05/26,0,74743,-202121,-127378
2011/05/27,0,136000,-270000,-134000
2011/05/30,0,166000,-427000,-261000
2011/05/31,0,701019,-210669,490350
2011/06/01,0,1096147,-191497,904650
2011/06/02,0,564310,-734500,-170190
2011/06/03,0,301000,-315500,-14500
2011/06/06,0,0,0,0
2011/06/07,0,114163,-257657,-143494
2011/06/08,0,216000,-220000,-4000
2011/06/09,0,414474,-321700,92774
2011/06/10,0,482229,-630000,-147771
2011/06/13,0,267000,-515887,-248887
2011/06/14,0,165000,-149000,16000
2011/06/15,0,237000,-261921,-24921
2011/06/16,0,464817,-560500,-95683
2011/06/17,0,369000,-736985,-367985
2011/06/20,0,184000,-72558,111442
2011/06/21,0,152647,-469000,-316353
2011/06/22,0,259000,-189000,70000
2011/06/23,0,177703,-523444,-345741
2011/06/24,0,135000,-51174,83826
2011/06/27,0,166000,-220126,-54126
2011/06/28,0,498000,-144109,353891
2011/06/29,0,468000,-689668,-221668
2011/06/30,0,329000,-52000,277000
2011/07/01,0,496722,-101000,395722
2011/07/04,0,255386,-211000,44386
2011/07/05,0,198748,-186200,12548
2011/07/06,0,297000,-140160,156840
2011/07/07,0,181000,-233000,-52000
2011/07/08,0,214000,-439426,-225426
2011/07/11,0,153144,-61000,92144
2011/07/12,0,223433,-265447,-42014
2011/07/13,0,121000,-394000,-273000
2011/07/14,0,295820,-1022000,-726180
2011/07/15,0,107290,-244000,-136710
2011/07/18,0,437636,-171000,266636
2011/07/19,0,134000,-126700,7300
2011/07/20,0,850521,-237000,613521
2011/07/21,0,184071,-26000,158071
2011/07/22,0,134000,-111000,23000
2011/07/25,0,79521,-167000,-87479
2011/07/26,0,179429,-170000,9429
2011/07/27,0,118500,-122968,-4468
2011/07/28,0,137000,-176260,-39260
2011/07/29,0,130221,-333580,-203359
2011/08/01,0,204577,-69000,135577
2011/08/02,0,140000,-73000,67000
2011/08/03,0,207000,-553000,-346000
2011/08/04,0,854000,-598000,256000
2011/08/05,0,528000,-747000,-219000
2011/08/08,0,189000,-839990,-650990
2011/08/09,0,366293,-618645,-252352
2011/08/10,0,899243,-656170,243073
2011/08/11,0,342000,-354287,-12287
2011/08/12,0,284101,-364297,-80196
2011/08/15,0,167797,-327500,-159703
2011/08/16,0,200000,-630250,-430250
2011/08/17,0,424351,-940000,-515649
2011/08/18,0,611669,-629000,-17331
2011/08/19,0,899000,-821200,77800
2011/08/22,0,592000,-886324,-294324
2011/08/23,0,414000,-538000,-124000
2011/08/24,0,991000,-1443329,-452329
2011/08/25,0,322000,-196809,125191
2011/08/26,0,355000,-469007,-114007
2011/08/29,0,549000,-240100,308900
2011/08/30,0,747000,-166080,580920
2011/08/31,0,118232,-263994,-145762
2011/09/01,0,635000,-160590,474410
2011/09/02,0,384000,-227300,156700
2011/09/05,0,127000,-597605,-470605
2011/09/06,0,277000,-1248043,-971043
2011/09/07,0,643544,-534000,109544
2011/09/08,0,733461,-401000,332461
2011/09/09,0,1142000,-221000,921000
2011/09/12,0,0,0,0
2011/09/13,0,89000,-468000,-379000
2011/09/14,0,224809,-856724,-631915
2011/09/15,0,106351,-213449,-107098
2011/09/16,0,395000,-157797,237203
2011/09/19,0,67000,-27000,40000
2011/09/20,0,216571,-250560,-33989
2011/09/21,0,544429,-158200,386229
2011/09/22,0,84529,-494000,-409471
2011/09/23,0,311000,-316100,-5100
2011/09/26,0,572800,-658800,-86000
2011/09/27,0,774121,-1025928,-251807
2011/09/28,0,365000,-208000,157000
2011/09/29,0,768000,-399000,369000
2011/09/30,0,725000,-380000,345000
2011/10/03,0,237000,-991000,-754000
2011/10/04,0,420000,-520411,-100411
2011/10/05,0,333000,-678000,-345000
2011/10/06,0,1238000,-623000,615000
2011/10/07,0,548000,-2817000,-2269000
2011/10/10,0,0,0,0
2011/10/11,0,2349000,-1684414,664586
2011/10/12,0,2359315,-248976,2110339
2011/10/13,0,2111000,-905500,1205500
2011/10/14,0,435000,-110000,325000
2011/10/17,0,1104295,-333200,771095
2011/10/18,0,890000,-498000,392000
2011/10/19,0,134420,-645000,-510580
2011/10/20,0,819629,-912000,-92371
2011/10/21,0,320000,-553200,-233200
2011/10/24,0,1233000,-794000,439000
2011/10/25,0,1201000,-500050,700950
2011/10/26,0,81000,-609340,-528340
2011/10/27,0,759415,-502000,257415
2011/10/28,0,1412000,-396065,1015935
2011/10/31,0,208000,-73237,134763
2011/11/01,0,286000,-382900,-96900
2011/11/02,0,200100,-125500,74600
2011/11/03,0,23000,-122000,-99000
2011/11/04,0,250200,-69000,181200
2011/11/07,0,314000,-192000,122000
2011/11/08,0,306000,-248097,57903
2011/11/09,0,118857,-238000,-119143
2011/11/10,0,45857,-257000,-211143
2011/11/11,0,567015,-506846,60169
2011/11/14,0,321000,-444160,-123160
2011/11/15,0,494000,-522109,-28109
2011/11/16,0,38330,-804000,-765670
2011/11/17,0,220429,-1207556,-987127
2011/11/18,0,86000,-656100,-570100
2011/11/21,0,160000,-675916,-515916
2011/11/22,0,768000,-1142000,-374000
2011/11/23,0,743380,-422000,321380
2011/11/24,0,526660,-1746000,-1219340
2011/11/25,0,1119000,-700000,419000
2011/11/28,0,1441748,-786000,655748
2011/11/29,0,721000,-279000,442000
2011/11/30,0,458000,-288720,169280
2011/12/01,0,649000,-170797,478203
2011/12/02,0,699000,-89450,609550
2011/12/05,0,100000,-123000,-23000
2011/12/06,0,135000,-353000,-218000
2011/12/07,0,1840650,-283000,1557650
2011/12/08,0,903000,-291700,611300
2011/12/09,0,689643,-147952,541691
2011/12/12,0,202000,-299000,-97000
2011/12/13,0,113000,-169000,-56000
2011/12/14,0,206000,-186000,20000
2011/12/15,0,74000,-110000,-36000
2011/12/16,0,149000,-83000,66000
2011/12/19,0,103000,-150000,-47000
2011/12/20,0,450000,-384300,65700
2011/12/21,0,319000,-121700,197300
2011/12/22,0,1216000,-283000,933000
2011/12/23,0,189000,-120000,69000
2011/12/26,0,25000,-24000,1000
2011/12/27,0,86990,-109990,-23000
2011/12/28,0,222000,-60000,162000
2011/12/29,0,244000,-75000,169000
2011/12/30,0,69585,-39000,30585
2012/01/02,0,51000,-260000,-209000
2012/01/03,0,117000,-30000,87000
2012/01/04,0,211000,-196082,14918
2012/01/05,0,43000,-220000,-177000
2012/01/06,0,375643,-94000,281643
2012/01/09,0,209000,-46000,163000
2012/01/10,0,183000,-90000,93000
2012/01/11,0,117056,-187000,-69944
2012/01/12,0,374000,-585000,-211000
2012/01/13,0,259000,-175000,84000
2012/01/16,0,145000,-102000,43000
2012/01/17,0,462000,-418000,44000
2012/01/18,0,624000,-431000,193000
2012/01/19,0,0,0,0
2012/01/20,0,0,0,0
2012/01/23,0,0,0,0
2012/01/24,0,0,0,0
2012/01/25,0,0,0,0
2012/01/26,0,0,0,0
2012/01/27,0,0,0,0
2012/01/30,0,799193,-247084,552109
2012/01/31,0,418025,-756050,-338025
2012/02/01,0,1232325,-240500,991825
2012/02/02,0,969000,-164000,805000
2012/02/03,0,486991,-167000,319991
2012/02/06,0,378000,-161000,217000
2012/02/07,0,709000,-607000,102000
2012/02/08,0,746000,-140440,605560
2012/02/09,0,385500,-148310,237190
2012/02/10,0,114000,-3231560,-3117560
2012/02/13,0,820000,-7622000,-6802000
2012/02/14,0,555429,-426700,128729
2012/02/15,0,1410200,-794100,616100
2012/02/16,0,883000,-466000,417000
2012/02/17,0,468000,-679520,-211520
2012/02/20,0,340000,-788320,-448320
2012/02/21,0,173586,-191000,-17414
2012/02/22,0,348000,-1053008,-705008
2012/02/23,0,246500,-809000,-562500
2012/02/24,0,263000,-258000,5000
2012/02/27,0,0,0,0
2012/02/28,0,0,0,0
2012/02/29,0,326000,-403663,-77663
2012/03/01,0,105060,-472000,-366940
2012/03/02,0,83595,-317000,-233405
2012/03/05,0,153000,-289626,-136626
2012/03/06,0,307000,-556880,-249880
2012/03/07,0,121000,-686800,-565800
2012/03/08,0,181000,-531000,-350000
2012/03/09,0,42000,-309027,-267027
2012/03/12,0,37000,-318000,-281000
2012/03/13,0,123000,-641696,-518696
2012/03/14,0,285000,-225024,59976
2012/03/15,0,143000,-340698,-197698
2012/03/16,0,343000,-144570,198430
2012/03/19,0,15000,-163000,-148000
2012/03/20,0,40000,-389900,-349900
2012/03/21,0,196726,-407086,-210360
2012/03/22,0,40000,-191100,-151100
2012/03/23,0,152000,-100000,52000
2012/03/26,0,281572,-310580,-29008
2012/03/27,0,241300,-164800,76500
2012/03/28,0,197000,-36107,160893
2012/03/29,0,262000,-652000,-390000
2012/03/30,0,160000,-278000,-118000
2012/04/02,0,279000,-258000,21000
2012/04/03,0,284084,-578000,-293916
2012/04/04,0,0,0,0
2012/04/05,0,261000,-369000,-108000
2012/04/06,0,208000,-343734,-135734
2012/04/09,0,142000,-149000,-7000
2012/04/10,0,101000,-541000,-440000
2012/04/11,0,164000,-525121,-361121
2012/04/12,0,362000,-399300,-37300
2012/04/13,0,285461,-90392,195069
2012/04/16,0,71000,-78000,-7000
2012/04/17,0,132000,-174000,-42000
2012/04/18,0,201000,-136000,65000
2012/04/19,0,137000,-193000,-56000
2012/04/20,0,60000,-172917,-112917
2012/04/23,0,77000,-401000,-324000
2012/04/24,0,517000,-264000,253000
2012/04/25,0,311000,-102000,209000
2012/04/26,0,75000,-164000,-89000
2012/04/27,0,100000,-72000,28000
2012/04/30,0,121000,-294232,-173232
2012/05/01,0,0,0,0
2012/05/02,0,979000,-997112,-18112
2012/05/03,0,102000,-471000,-369000
2012/05/04,0,565000,-304000,261000
2012/05/07,0,188000,-357000,-169000
2012/05/08,0,94000,-84200,9800
2012/05/09,0,136000,-131000,5000
2012/05/10,0,235000,-253030,-18030
2012/05/11,0,102286,-510000,-407714
2012/05/14,0,558000,-840480,-282480
2012/05/15,0,619000,-437160,181840
2012/05/16,0,1521429,-325720,1195709
2012/05/17,0,366000,-194366,171634
2012/05/18,0,1279000,-355000,924000
2012/05/21,0,849500,-360883,488617
2012/05/22,0,783000,-293300,489700
2012/05/23,0,303568,-184000,119568
2012/05/24,0,394000,-426100,-32100
2012/05/25,0,712500,-137000,575500
2012/05/28,0,422000,-170000,252000
2012/05/29,0,371000,-247000,124000
2012/05/30,0,395000,-988845,-593845
2012/05/31,0,438039,-458894,-20855
2012/06/01,0,210000,-332083,-122083
2012/06/04,0,253161,-473796,-220635
2012/06/05,0,650000,-326004,323996
2012/06/06,0,315000,-168000,147000
2012/06/07,0,329791,-177000,152791
2012/06/08,0,62837,-145000,-82163
2012/06/11,0,177000,-64000,113000
2012/06/12,0,343000,-277000,66000
2012/06/13,0,220000,-160000,60000
2012/06/14,0,95000,-347029,-252029
2012/06/15,0,327000,-333067,-6067
2012/06/18,0,437000,-99000,338000
2012/06/19,0,936429,-746900,189529
2012/06/20,0,920029,-455500,464529
2012/06/21,0,374718,-942500,-567782
2012/06/22,0,228429,-204000,24429
2012/06/25,0,337000,-482263,-145263
2012/06/26,0,137000,-807000,-670000
2012/06/27,0,476000,-85000,391000
2012/06/28,0,664000,-425000,239000
2012/06/29,0,328000,-76000,252000
2012/07/02,0,41123,-412000,-370877
2012/07/03,0,273429,-741000,-467571
2012/07/04,0,192000,-165000,27000
2012/07/05,0,268000,-124200,143800
2012/07/06,0,429000,-1378500,-949500
2012/07/09,0,226000,-328000,-102000
2012/07/10,0,265691,-279000,-13309
2012/07/11,0,273340,-624000,-350660
2012/07/12,0,307000,-481647,-174647
2012/07/13,0,491000,-684772,-193772
2012/07/16,0,132000,-717000,-585000
2012/07/17,0,185000,-658000,-473000
2012/07/18,0,102000,-137029,-35029
2012/07/19,0,383000,-172429,210571
2012/07/20,0,368600,-274857,93743
2012/07/23,0,33000,-298727,-265727
2012/07/24,0,54000,-201429,-147429
2012/07/25,0,319000,-801501,-482501
2012/07/26,0,85000,-428615,-343615
2012/07/27,0,236000,-254000,-18000
2012/07/30,0,55598,-76000,-20402
2012/07/31,0,209000,-255461,-46461
2012/08/01,0,719000,-190000,529000
2012/08/02,0,0,0,0
2012/08/03,0,297246,-246229,51017
2012/08/06,0,259000,-725680,-466680
2012/08/07,0,297000,-273700,23300
2012/08/08,0,142686,-650715,-508029
2012/08/09,0,596000,-834000,-238000
2012/08/10,0,382100,-431000,-48900
2012/08/13,0,225000,-83000,142000
2012/08/14,0,222000,-311703,-89703
2012/08/15,0,158309,-104000,54309
2012/08/16,0,175000,-17000,158000
2012/08/17,0,482000,-285000,197000
2012/08/20,0,45000,-10000,35000
2012/08/21,0,129328,-64000,65328
2012/08/22,0,88226,-31000,57226
2012/08/23,0,88522,-194000,-105478
2012/08/24,0,112000,-57282,54718
2012/08/27,0,851000,-239000,612000
2012/08/28,0,138118,-510000,-371882
2012/08/29,0,129000,-300000,-171000
2012/08/30,0,160000,-284000,-124000
2012/08/31,0,45970,-114391,-68421
2012/09/03,0,366000,-163800,202200
2012/09/04,0,46000,-421600,-375600
2012/09/05,0,47000,-212000,-165000
2012/09/06,0,1155120,-161000,994120
2012/09/07,0,245000,-132179,112821
2012/09/10,0,448000,-155000,293000
2012/09/11,0,45000,-108000,-63000
2012/09/12,0,199000,-140992,58008
2012/09/13,0,81000,-5000,76000
2012/09/14,0,1052000,-302515,749485
2012/09/17,0,479500,-152000,327500
2012/09/18,0,213000,-6000,207000
2012/09/19,0,337000,-309403,27597
2012/09/20,0,137630,-64000,73630
2012/09/21,0,294000,-142948,151052
2012/09/24,0,131300,-135000,-3700
2012/09/25,0,196000,-495500,-299500
2012/09/26,0,301000,-1206861,-905861
2012/09/27,0,353000,-263148,89852
2012/09/28,0,265573,-252147,13426
2012/10/01,0,208856,-735197,-526341
2012/10/02,0,239000,-185000,54000
2012/10/03,0,233000,-187000,46000
2012/10/04,0,138000,-214000,-76000
2012/10/05,0,194000,-364000,-170000
2012/10/08,0,224300,-132000,92300
2012/10/09,0,168000,-175083,-7083
2012/10/10,0,0,0,0
2012/10/11,0,119000,-205000,-86000
2012/10/12,0,61100,-119000,-57900
2012/10/15,0,197000,-138000,59000
2012/10/16,0,30000,-131300,-101300
2012/10/17,0,144000,-266000,-122000
2012/10/18,0,127000,-288000,-161000
2012/10/19,0,147000,-377000,-230000
2012/10/22,0,69000,-468500,-399500
2012/10/23,0,235800,-233033,2767
2012/10/24,0,294000,-313159,-19159
2012/10/25,0,113000,-157000,-44000
2012/10/26,0,1354000,-242000,1112000
2012/10/29,0,260400,-276000,-15600
2012/10/30,0,440600,-186000,254600
2012/10/31,0,166000,-139000,27000
2012/11/01,0,163900,-212500,-48600
2012/11/02,0,227500,-157000,70500
2012/11/05,0,177000,-220600,-43600
2012/11/06,0,1200000,-639000,561000
2012/11/07,0,2957500,-480250,2477250
2012/11/08,0,1541000,-981000,560000
2012/11/09,0,509000,-776750,-267750
2012/11/12,0,267000,-245000,22000
2012/11/13,0,536000,-728000,-192000
2012/11/14,0,895000,-359000,536000
2012/11/15,0,507000,-127000,380000
2012/11/16,0,331000,-559000,-228000
2012/11/19,0,709000,-160000,549000
2012/11/20,0,467000,-202000,265000
2012/11/21,0,127000,-125000,2000
2012/11/22,0,327000,-232500,94500
2012/11/23,0,842000,-99000,743000
2012/11/26,0,1186000,-458500,727500
2012/11/27,0,571000,-593000,-22000
2012/11/28,0,564000,-249272,314728
2012/11/29,0,382000,-211000,171000
2012/11/30,0,744600,-351488,393112
2012/12/03,0,787000,-626100,160900
2012/12/04,0,135911,-407000,-271089
2012/12/05,0,437000,-342000,95000
2012/12/06,0,858000,-279060,578940
2012/12/07,0,1852990,-1406500,446490
2012/12/10,0,753400,-772086,-18686
2012/12/11,0,812330,-789638,22692
2012/12/12,0,727800,-747000,-19200
2012/12/13,0,688274,-1258400,-570126
2012/12/14,0,687373,-2435072,-1747699
2012/12/17,0,645000,-2998816,-2353816
2012/12/18,0,568000,-633783,-65783
2012/12/19,0,1334926,-494000,840926
2012/12/20,0,1325000,-334069,990931
2012/12/21,0,427000,-200148,226852
2012/12/24,0,123000,-101000,22000
2012/12/25,0,58000,-55000,3000
2012/12/26,0,58000,-98000,-40000
2012/12/27,0,209000,-128750,80250
2012/12/28,0,87000,-190020,-103020
2012/12/31,0,0,0,0
2013/01/01,0,0,0,0
2013/01/02,0,358000,-132000,226000
2013/01/03,0,63261,-270000,-206739
2013/01/04,0,211000,-397000,-186000
2013/01/07,0,199000,-888600,-689600
2013/01/08,0,508100,-1182000,-673900
2013/01/09,0,279000,-356020,-77020
2013/01/10,0,275000,-284000,-9000
2013/01/11,0,247000,-179000,68000
2013/01/14,0,191000,-697000,-506000
2013/01/15,0,615902,-668500,-52598
2013/01/16,0,132000,-297000,-165000
2013/01/17,0,328200,-595000,-266800
2013/01/18,0,113000,-404000,-291000
2013/01/21,0,281000,-278000,3000
2013/01/22,0,258000,-576559,-318559
2013/01/23,0,448000,-599821,-151821
2013/01/24,0,455000,-995693,-540693
2013/01/25,0,621033,-457000,164033
2013/01/28,0,693700,-228000,465700
2013/01/29,0,755000,-457000,298000
2013/01/30,0,273100,-196049,77051
2013/01/31,0,190000,-342183,-152183
2013/02/01,0,505120,-138000,367120
2013/02/04,0,502000,-109000,393000
2013/02/05,0,785000,-387000,398000
2013/02/06,0,604000,-278000,326000
2013/02/07,0,0,0,0
2013/02/08,0,0,0,0
2013/02/11,0,0,0,0
2013/02/12,0,0,0,0
2013/02/13,0,0,0,0
2013/02/14,0,0,0,0
2013/02/15,0,0,0,0
2013/02/18,0,418969,-172000,246969
2013/02/19,0,1118544,-103572,1014972
2013/02/20,0,416026,-193000,223026
2013/02/21,0,487000,-274358,212642
2013/02/22,0,350000,-192000,158000
2013/02/25,0,291000,-166835,124165
2013/02/26,0,418000,-121000,297000
2013/02/27,0,406221,-489013,-82792
2013/02/28,0,0,0,0
2013/03/01,0,578000,-236000,342000
2013/03/04,0,199000,-221000,-22000
2013/03/05,0,137000,-88000,49000
2013/03/06,0,220000,-1084190,-864190
2013/03/07,0,312000,-1418463,-1106463
2013/03/08,0,143400,-194000,-50600
2013/03/11,0,145000,-314000,-169000
2013/03/12,0,56000,-578321,-522321
2013/03/13,0,294000,-432000,-138000
2013/03/14,0,146769,-462718,-315949
2013/03/15,0,453023,-398483,54540
2013/03/18,0,74500,-336000,-261500
2013/03/19,0,106000,-912943,-806943
2013/03/20,0,188000,-414288,-226288
2013/03/21,0,150831,-155000,-4169
2013/03/22,0,68632,-128232,-59600
2013/03/25,0,81000,-171869,-90869
2013/03/26,0,356416,-70400,286016
2013/03/27,0,549989,-137000,412989
2013/03/28,0,104675,-82578,22097
2013/03/29,0,164000,-187000,-23000
2013/04/01,0,40078,-135000,-94922
2013/04/02,0,92020,-204626,-112606
2013/04/03,0,262000,-138000,124000
2013/04/04,0,0,0,0
2013/04/05,0,0,0,0
2013/04/08,0,113000,-274000,-161000
2013/04/09,0,168258,-132754,35504
2013/04/10,0,95000,-326000,-231000
2013/04/11,0,191500,-95000,96500
2013/04/12,0,252000,-606000,-354000
2013/04/15,0,127655,-253200,-125545
2013/04/16,0,82210,-352000,-269790
2013/04/17,0,145000,-504500,-359500
2013/04/18,0,137000,-1054000,-917000
2013/04/19,0,202100,-1316000,-1113900
2013/04/22,0,158000,-609000,-451000
2013/04/23,0,274000,-383664,-109664
2013/04/24,0,82540,-192000,-109460
2013/04/25,0,398000,-752000,-354000
2013/04/26,0,500000,-101000,399000
2013/04/29,0,2947000,-196050,2750950
2013/04/30,0,1104512,-227000,877512
2013/05/01,0,0,0,0
2013/05/02,0,423268,-282579,140689
2013/05/03,0,259000,-184100,74900
2013/05/06,0,805800,-224000,581800
2013/05/07,0,483428,-82000,401428
2013/05/08,0,292341,-45161,247180
2013/05/09,0,74661,-123224,-48563
2013/05/10,0,161400,-107000,54400
2013/05/13,0,132000,-218000,-86000
2013/05/14,0,502108,-39000,463108
2013/05/15,0,747000,-240000,507000
2013/05/16,0,1098000,-428000,670000
2013/05/17,0,170054,-421103,-251049
2013/05/20,0,42234,-112800,-70566
2013/05/21,0,390700,-240178,150522
2013/05/22,0,239000,-537080,-298080
2013/05/23,0,123000,-616000,-493000
2013/05/24,0,549031,-181000,368031
2013/05/27,0,133757,-56000,77757
2013/05/28,0,351000,-186000,165000
2013/05/29,0,194500,-74000,120500
2013/05/30,0,173000,-335577,-162577
2013/05/31,0,228000,-366286,-138286
2013/06/03,0,159000,-495000,-336000
2013/06/04,0,627392,-150000,477392
2013/06/05,0,127000,-275915,-148915
2013/06/06,0,340381,-329400,10981
2013/06/07,0,88000,-365133,-277133
2013/06/10,0,454000,-75000,379000
2013/06/11,0,301000,-532300,-231300
2013/06/12,0,0,0,0
2013/06/13,0,393000,-905416,-512416
2013/06/14,0,410000,-121300,288700
2013/06/17,0,83000,-43000,40000
2013/06/18,0,131333,-134617,-3284
2013/06/19,0,303100,-104000,199100
2013/06/20,0,182000,-137574,44426
2013/06/21,0,249000,-1079000,-830000
2013/06/24,0,300000,-159312,140688
2013/06/25,0,290000,-388700,-98700
2013/06/26,0,295000,-317514,-22514
2013/06/27,0,474900,-477500,-2600
2013/06/28,0,307000,-236264,70736
2013/07/01,0,149211,-219815,-70604
2013/07/02,0,50257,-238754,-188497
2013/07/03,0,61355,-141100,-79745
2013/07/04,0,117000,-871000,-754000
2013/07/05,0,236000,-565000,-329000
2013/07/08,0,168000,-633000,-465000
2013/07/09,0,344000,-667000,-323000
2013/07/10,0,921600,-464000,457600
2013/07/11,0,1126443,-485470,640973
2013/07/12,0,315000,-513000,-198000
2013/07/15,0,181000,-386322,-205322
2013/07/16,0,373264,-326000,47264
2013/07/17,0,185000,-601000,-416000
2013/07/18,0,188000,-623700,-435700
2013/07/19,0,423099,-1385824,-962725
2013/07/22,0,368240,-677000,-308760
2013/07/23,0,522000,-953000,-431000
2013/07/24,0,572700,-149000,423700
2013/07/25,0,1312000,-140000,1172000
2013/07/26,0,329000,-100000,229000
2013/07/29,0,2119828,-352000,1767828
2013/07/30,0,988000,-342647,645353
2013/07/31,0,402000,-360000,42000
2013/08/01,0,233000,-97000,136000
2013/08/02,0,277260,-166490,110770
2013/08/05,0,245257,-98000,147257
2013/08/06,0,277000,-161000,116000
2013/08/07,0,222000,-141000,81000
2013/08/08,0,248016,-232600,15416
2013/08/09,0,145000,-115000,30000
2013/08/12,0,383000,-154000,229000
2013/08/13,0,831000,-158020,672980
2013/08/14,0,122574,-251000,-128426
2013/08/15,0,235000,-251269,-16269
2013/08/16,0,161636,-196000,-34364
2013/08/19,0,298072,-135000,163072
2013/08/20,0,275632,-239578,36054
2013/08/21,0,0,0,0
2013/08/22,0,654378,-307276,347102
2013/08/23,0,418730,-181000,237730
2013/08/26,0,361000,-112000,249000
2013/08/27,0,125000,-218000,-93000
2013/08/28,0,755190,-443646,311544
2013/08/29,0,181514,-218000,-36486
2013/08/30,0,545358,-312495,232863
2013/09/02,0,138000,-51000,87000
2013/09/03,0,205500,-87800,117700
2013/09/04,0,85000,-118000,-33000
2013/09/05,0,284458,-287000,-2542
2013/09/06,0,346000,-340000,6000
2013/09/09,0,296000,-221500,74500
2013/09/10,0,265000,-156000,109000
2013/09/11,0,431000,-814206,-383206
2013/09/12,0,629000,-1771200,-1142200
2013/09/13,0,274600,-611165,-336565
2013/09/16,0,584000,-106888,477112
2013/09/17,0,732000,-464000,268000
2013/09/18,0,209862,-287782,-77920
2013/09/19,0,0,0,0
2013/09/20,0,0,0,0
2013/09/23,0,288000,-170051,117949
2013/09/24,0,420000,-212003,207997
2013/09/25,0,212294,-131000,81294
2013/09/26,0,312000,-370000,-58000
2013/09/27,0,216000,-281105,-65105
2013/09/30,0,389000,-302630,86370
2013/10/01,0,206400,-289009,-82609
2013/10/02,0,126648,-91416,35232
2013/10/03,0,325944,-57000,268944
2013/10/04,0,203000,-46000,157000
2013/10/07,0,195145,-106000,89145
2013/10/08,0,131000,-78200,52800
2013/10/09,0,246000,-237117,8883
2013/10/10,0,0,0,0
2013/10/11,0,250723,-99000,151723
2013/10/14,0,122000,-138102,-16102
2013/10/15,0,226184,-121000,105184
2013/10/16,0,90000,-234300,-144300
2013/10/17,0,251880,-64000,187880
2013/10/18,0,117260,-209500,-92240
2013/10/21,0,197000,-38000,159000
2013/10/22,0,195000,-55727,139273
2013/10/23,0,117097,-74000,43097
2013/10/24,0,283400,-56500,226900
2013/10/25,0,99000,-141000,-42000
2013/10/28,0,217000,-68000,149000
2013/10/29,0,302200,-97000,205200
2013/10/30,0,227000,-87000,140000
2013/10/31,0,299000,-579000,-280000
2013/11/01,0,585127,-79000,506127
2013/11/04,0,108000,-120000,-12000
2013/11/05,0,159580,-78902,80678
2013/11/06,0,236771,-188000,48771
2013/11/07,0,223836,-64000,159836
2013/11/08,0,147000,-48000,99000
2013/11/11,0,55000,-62000,-7000
2013/11/12,0,224000,-195000,29000
2013/11/13,0,60418,-150000,-89582
2013/11/14,0,182935,-113000,69935
2013/11/15,0,113000,-202000,-89000
2013/11/18,0,188000,-60000,128000
2013/11/19,0,654204,-218204,436000
2013/11/20,0,82000,-285501,-203501
2013/11/21,0,85559,-473000,-387441
2013/11/22,0,93905,-270000,-176095
2013/11/25,0,116560,-71000,45560
2013/11/26,0,408773,-150972,257801
2013/11/27,0,161755,-96000,65755
2013/11/28,0,203150,-241730,-38580
2013/11/29,0,328000,-77000,251000
2013/12/02,0,97145,-32000,65145
2013/12/03,0,180805,-146116,34689
2013/12/04,0,241700,-93000,148700
2013/12/05,0,468480,-209485,258995
2013/12/06,0,952660,-119000,833660
2013/12/09,0,168400,-96040,72360
2013/12/10,0,211436,-85000,126436
2013/12/11,0,457000,-156000,301000
2013/12/12,0,221000,-202767,18233
2013/12/13,0,144830,-122000,22830
2013/12/16,0,162000,-61308,100692
2013/12/17,0,194000,-102038,91962
2013/12/18,0,678914,-213022,465892
2013/12/19,0,285375,-250264,35111
2013/12/20,0,608261,-56757,551504
2013/12/23,0,351320,-111150,240170
2013/12/24,0,262060,-87000,175060
2013/12/25,0,107000,-63000,44000
2013/12/26,0,135000,-22000,113000
2013/12/27,0,372000,-96000,276000
2013/12/30,0,300000,-25002,274998
2013/12/31,0,248936,-41000,207936
2014/01/02,0,196707,-50260,146447
2014/01/03,0,655400,-81000,574400
2014/01/06,0,545000,-233072,311928
2014/01/07,0,825000,-375480,449520
2014/01/08,0,629000,-354000,275000
2014/01/09,0,677177,-269000,408177
2014/01/10,0,624000,-132000,492000
2014/01/13,0,324500,-106265,218235
2014/01/14,0,168480,-176693,-8213
2014/01/15,0,834000,-148000,686000
2014/01/16,0,166000,-249514,-83514
2014/01/17,0,408445,-131373,277072
2014/01/20,0,375264,-71547,303717
2014/01/21,0,453000,-33271,419729
2014/01/22,0,364000,-206373,157627
2014/01/23,0,577196,-1025650,-448454
2014/01/24,0,303000,-321700,-18700
2014/01/27,0,305500,-287483,18017
2014/02/05,0,481605,-695711,-214106
2014/02/06,0,553000,-392324,160676
2014/02/07,0,217000,-150000,67000
2014/02/10,0,370100,-75006,295094
2014/02/11,0,314000,-80020,233980
2014/02/12,0,460000,-92580,367420
2014/02/13,0,97143,-148037,-50894
2014/02/14,0,146000,-83484,62516
2014/02/17,0,115000,-152100,-37100
2014/02/18,0,102000,-28000,74000
2014/02/19,0,176390,-57000,119390
2014/02/20,0,226146,-257389,-31243
2014/02/21,0,382000,-57000,325000
2014/02/24,0,522000,-114480,407520
2014/02/25,0,114404,-139443,-25039
2014/02/26,0,563000,-189000,374000
2014/02/27,0,1136728,-491005,645723
2014/03/03,0,787000,-296657,490343
2014/03/04,0,381580,-268510,113070
2014/03/05,0,355000,-145234,209766
2014/03/06,0,433870,-234492,199378
2014/03/07,0,516000,-262000,254000
2014/03/10,0,311300,-127597,183703
2014/03/11,0,208263,-94986,113277
2014/03/12,0,438937,-83286,355651
2014/03/13,0,368400,-197257,171143
2014/03/14,0,155000,-107000,48000
2014/03/17,0,36000,-168560,-132560
2014/03/18,0,167000,-101000,66000
2014/03/19,0,125000,-325000,-200000
2014/03/20,0,95000,-125784,-30784
2014/03/21,0,320000,-191400,128600
2014/03/24,0,96174,-88000,8174
2014/03/25,0,80000,-119200,-39200
2014/03/26,0,134119,-92000,42119
2014/03/27,0,304000,-206100,97900
2014/03/28,0,129400,-215500,-86100
2014/03/31,0,280825,-189630,91195
2014/04/01,0,342477,-176873,165604
2014/04/02,0,306607,-138000,168607
2014/04/03,0,342000,-199000,143000
2014/04/07,0,247000,-277000,-30000
2014/04/08,0,374000,-391343,-17343
2014/04/09,0,398000,-174100,223900
2014/04/10,0,392074,-247000,145074
2014/04/11,0,210000,-303000,-93000
2014/04/14,0,122000,-206150,-84150
2014/04/15,0,386700,-591000,-204300
2014/04/16,0,253000,-418639,-165639
2014/04/17,0,146837,-127500,19337
2014/04/18,0,48000,-13000,35000
2014/04/21,0,36000,-121000,-85000
2014/04/22,0,569000,-305000,264000
2014/04/23,0,318908,-325300,-6392
2014/04/24,0,460325,-236000,224325
2014/04/25,0,866000,-426000,440000
2014/04/28,0,611300,-297350,313950
2014/04/29,0,210675,-611500,-400825
2014/04/30,0,288928,-534208,-245280
2014/05/02,0,241000,-272000,-31000
2014/05/05,0,46281,-73560,-27279
2014/05/06,0,348000,-116500,231500
2014/05/07,0,303000,-866000,-563000
2014/05/08,0,155000,-401123,-246123
2014/05/09,0,66069,-151659,-85590
2014/05/12,0,91250,-123634,-32384
2014/05/13,0,76000,-221931,-145931
2014/05/14,0,134000,-271000,-137000
2014/05/15,0,122310,-143000,-20690
2014/05/16,0,228003,-333649,-105646
2014/05/19,0,292000,-29698,262302
2014/05/20,0,124000,-102964,21036
2014/05/21,0,137395,-93000,44395
2014/05/22,0,83098,-70210,12888
2014/05/23,0,576941,-155050,421891
2014/05/26,0,71237,-85000,-13763
2014/05/27,0,52000,-290147,-238147
2014/05/28,0,219777,-133500,86277
2014/05/29,0,88700,-190765,-102065
2014/05/30,0,188115,-371102,-182987
2014/06/03,0,270000,-355415,-85415
2014/06/04,0,230000,-262325,-32325
2014/06/05,0,110000,-215930,-105930
2014/06/06,0,651050,-74000,577050
2014/06/09,0,194000,-162320,31680
2014/06/10,0,243261,-102000,141261
2014/06/11,0,246116,-55260,190856
2014/06/12,0,112078,-66100,45978
2014/06/13,0,161116,-130230,30886
2014/06/16,0,162000,-286835,-124835
2014/06/17,0,126000,-203700,-77700
2014/06/18,0,303950,-168705,135245
2014/06/19,0,450000,-167000,283000
2014/06/20,0,410650,-150500,260150
2014/06/23,0,424395,-127738,296657
2014/06/24,0,158116,-286943,-128827
2014/06/25,0,137827,-269131,-131304
2014/06/26,0,121092,-156822,-35730
2014/06/27,0,183260,-143352,39908
2014/06/30,0,469169,-149638,319531
2014/07/01,0,109646,-305200,-195554
2014/07/02,0,328688,-142752,185936
2014/07/03,0,191902,-217648,-25746
2014/07/04,0,83710,-164000,-80290
2014/07/07,0,112000,-81000,31000
2014/07/08,0,145000,-188000,-43000
2014/07/09,0,144190,-375630,-231440
2014/07/10,0,326037,-96000,230037
2014/07/11,0,316662,-257306,59356
2014/07/14,0,199000,-75926,123074
2014/07/15,0,251186,-195800,55386
2014/07/16,0,249561,-242000,7561
2014/07/17,0,290322,-470920,-180598
2014/07/18,0,373000,-567000,-194000
2014/07/21,0,269000,-211000,58000
2014/07/22,0,132000,-112410,19590
2014/07/23,0,0,0,0
2014/07/24,0,227385,-179150,48235
2014/07/25,0,368376,-356474,11902
2014/07/28,0,434000,-294500,139500
2014/07/29,0,353000,-426040,-73040
2014/07/30,0,323200,-195196,128004
2014/07/31,0,259000,-293000,-34000
2014/08/01,0,204412,-424000,-219588
2014/08/04,0,243002,-186000,57002
2014/08/05,0,167644,-432728,-265084
2014/08/06,0,159108,-81000,78108
2014/08/07,0,131915,-103295,28620
2014/08/08,0,403870,-80044,323826
2014/08/11,0,432051,-182000,250051
2014/08/12,0,205988,-300763,-94775
2014/08/13,0,145258,-183000,-37742
2014/08/14,0,107286,-122409,-15123
2014/08/15,0,115059,-122300,-7241
2014/08/18,0,31000,-54000,-23000
2014/08/19,0,114927,-106018,8909
2014/08/20,0,209631,-169000,40631
2014/08/21,0,91300,-53000,38300
2014/08/22,0,169699,-41063,128636
2014/08/25,0,109000,-83200,25800
2014/08/26,0,359035,-176000,183035
2014/08/27,0,105800,-168000,-62200
2014/08/28,0,66996,-242000,-175004
2014/08/29,0,116000,-273000,-157000
2014/09/01,0,89600,-28000,61600
2014/09/02,0,92100,-244000,-151900
2014/09/03,0,216014,-220130,-4116
2014/09/04,0,192249,-86300,105949
2014/09/05,0,376000,-262000,114000
2014/09/09,0,273825,-90000,183825
2014/09/10,0,75633,-84000,-8367
2014/09/11,0,103500,-71045,32455
2014/09/12,0,181039,-404800,-223761
2014/09/15,0,504000,-570466,-66466
2014/09/16,0,97064,-183000,-85936
2014/09/17,0,380000,-159200,220800
2014/09/18,0,163012,-142000,21012
2014/09/19,0,203000,-102003,100997
2014/09/22,0,150053,-122854,27199
2014/09/23,0,107490,-374282,-266792
2014/09/24,0,179998,-197552,-17554
2014/09/25,0,149200,-220067,-70867
2014/09/26,0,502400,-666285,-163885
2014/09/29,0,629300,-275074,354226
2014/09/30,0,222730,-548465,-325735
2014/10/01,0,437670,-438000,-330
2014/10/02,0,186164,-137464,48700
2014/10/03,0,576250,-340400,235850
2014/10/06,0,461268,-356000,105268
2014/10/07,0,276000,-366155,-90155
2014/10/08,0,345720,-390400,-44680
2014/10/09,0,314000,-219093,94907
2014/10/13,0,342003,-282745,59258
2014/10/14,0,167604,-394000,-226396
2014/10/15,0,297500,-549913,-252413
2014/10/16,0,449000,-326309,122691
2014/10/17,0,606603,-544099,62504
2014/10/20,0,424046,-478005,-53959
2014/10/21,0,245200,-272000,-26800
2014/10/22,0,389234,-458910,-69676
2014/10/23,0,637454,-428037,209417
2014/10/24,0,190000,-248000,-58000
2014/10/27,0,280180,-362158,-81978
2014/10/28,0,256334,-177000,79334
2014/10/29,0,464503,-306100,158403
2014/10/30,0,257799,-272313,-14514
2014/10/31,0,157000,-191309,-34309
2014/11/03,0,265400,-136000,129400
2014/11/04,0,346734,-582000,-235266
2014/11/05,0,204382,-255000,-50618
2014/11/06,0,235200,-205400,29800
2014/11/07,0,157000,-89400,67600
2014/11/10,0,361800,-275000,86800
2014/11/11,0,151000,-249223,-98223
2014/11/12,0,190382,-274000,-83618
2014/11/13,0,499000,-366000,133000
2014/11/14,0,252000,-161500,90500
2014/11/17,0,38134,-127600,-89466
2014/11/18,0,156245,-83732,72513
2014/11/19,0,591054,-208600,382454
2014/11/20,0,1159000,-216751,942249
2014/11/21,0,458450,-286050,172400
2014/11/24,0,209033,-178000,31033
2014/11/25,0,346000,-249367,96633
2014/11/26,0,791500,-337509,453991
2014/11/27,0,339177,-286161,53016
2014/11/28,0,90000,-113700,-23700
2014/12/01,0,180000,-273695,-93695
2014/12/02,0,92875,-269000,-176125
2014/12/03,0,105000,-293000,-188000
2014/12/04,0,163000,-177000,-14000
2014/12/05,0,204638,-228468,-23830
2014/12/08,0,208507,-135190,73317
2014/12/09,0,180363,-246376,-66013
2014/12/10,0,108000,-197500,-89500
2014/12/11,0,333200,-265056,68144
2014/12/12,0,390145,-160351,229794
2014/12/15,0,200000,-278894,-78894
2014/12/16,0,113629,-204066,-90437
2014/12/17,0,159000,-366561,-207561
2014/12/18,0,515230,-197000,318230
2014/12/19,0,158000,-269065,-111065
2014/12/22,0,79000,-79000,0
2014/12/23,0,113850,-289450,-175600
2014/12/24,0,98000,-119500,-21500
2014/12/25,0,34000,-4000,30000
2014/12/26,0,64000,-2000,62000
2014/12/29,0,358000,-90000,268000
2014/12/30,0,152466,-105050,47416
2014/12/31,0,130000,-43300,86700
2015/01/01,0,0,0,0
2015/01/02,0,0,0,0
2015/01/05,0,96100,-209000,-112900
2015/01/06,0,226000,-356361,-130361
2015/01/07,0,413000,-162000,251000
2015/01/08,0,612510,-227916,384594
2015/01/09,0,504000,-259609,244391
2015/01/12,0,203500,-89510,113990
2015/01/13,0,182000,-50297,131703
2015/01/14,0,186000,-159600,26400
2015/01/15,0,211100,-196000,15100
2015/01/16,0,966026,-461663,504363
2015/01/19,0,450029,-96000,354029
2015/01/20,0,528278,-133826,394452
2015/01/21,0,529226,-141740,387486
2015/01/22,0,234525,-59500,175025
2015/01/23,0,753000,-119762,633238
2015/01/26,0,381383,-278000,103383
2015/01/27,0,384171,-234191,149980
2015/01/28,0,113900,-178184,-64284
2015/01/29,0,246000,-181350,64650
2015/01/30,0,311500,-269045,42455
2015/02/02,0,170620,-59500,111120
2015/02/03,0,387872,-120000,267872
2015/02/04,0,335689,-161000,174689
2015/02/05,0,180000,-118809,61191
2015/02/06,0,134000,-709520,-575520
2015/02/09,0,272000,-162451,109549
2015/02/10,0,348067,-129000,219067
2015/02/11,0,232256,-96000,136256
2015/02/12,0,192000,-105820,86180
2015/02/13,0,289500,-80175,209325
2015/02/16,0,0,0,0
2015/02/17,0,0,0,0
2015/02/18,0,0,0,0
2015/02/19,0,0,0,0
2015/02/20,0,0,0,0
2015/02/23,0,0,0,0
2015/02/24,0,462846,-298032,164814
2015/02/25,0,159446,-155617,3829
2015/02/26,0,164000,-214634,-50634
2015/02/27,0,0,0,0
2015/03/02,0,261907,-365693,-103786
2015/03/03,0,210646,-205087,5559
2015/03/04,0,136600,-159100,-22500
2015/03/05,0,114889,-428100,-313211
2015/03/06,0,512668,-250346,262322
2015/03/09,0,521444,-163555,357889
2015/03/10,0,166071,-495823,-329752
2015/03/11,0,317338,-435650,-118312
2015/03/12,0,362820,-269650,93170
2015/03/13,0,129524,-132000,-2476
2015/03/16,0,193585,-212157,-18572
2015/03/17,0,381150,-181350,199800
2015/03/18,0,507700,-260449,247251
2015/03/19,0,432456,-70620,361836
2015/03/20,0,218300,-218015,285
2015/03/23,0,176299,-209000,-32701
2015/03/24,0,184154,-181000,3154
2015/03/25,0,121777,-160557,-38780
2015/03/26,0,183810,-499674,-315864
2015/03/27,0,157000,-297213,-140213
2015/03/30,0,291693,-328130,-36437
2015/03/31,0,277000,-148608,128392
2015/04/01,0,263549,-177135,86414
2015/04/02,0,206345,-87000,119345
2015/04/03,0,0,0,0
2015/04/06,0,0,0,0
2015/04/07,0,259025,-119027,139998
2015/04/08,0,200000,-219730,-19730
2015/04/09,0,143653,-208300,-64647
2015/04/10,0,247715,-156855,90860
2015/04/13,0,226857,-121060,105797
2015/04/14,0,382000,-412440,-30440
2015/04/15,0,851500,-395000,456500
2015/04/16,0,518075,-116000,402075
2015/04/17,0,628331,-187127,441204
2015/04/20,0,655230,-234000,421230
2015/04/21,0,484663,-327542,157121
2015/04/22,0,806575,-416500,390075
2015/04/23,0,586000,-214150,371850
2015/04/24,0,369856,-222240,147616
2015/04/27,0,370176,-194164,176012
2015/04/28,0,324770,-316300,8470
2015/04/29,0,178600,-134300,44300
2015/04/30,0,310595,-249766,60829
2015/05/01,0,0,0,0
2015/05/04,0,284000,-81574,202426
2015/05/05,0,220227,-109000,111227
2015/05/06,0,66400,-175751,-109351
2015/05/07,0,122203,-125100,-2897
2015/05/08,0,214576,-192862,21714
2015/05/11,0,155600,-57088,98512
2015/05/12,0,139505,-298010,-158505
2015/05/13,0,95000,-109250,-14250
2015/05/14,0,110105,-157290,-47185
2015/05/15,0,191000,-94754,96246
2015/05/18,0,228515,-44000,184515
2015/05/19,0,294204,-91175,203029
2015/05/20,0,416720,-464700,-47980
2015/05/21,0,221663,-172940,48723
2015/05/22,0,306520,-279982,26538
2015/05/25,0,58050,-86000,-27950
2015/05/26,0,57880,-121165,-63285
2015/05/27,0,121196,-212586,-91390
2015/05/28,0,223650,-421558,-197908
2015/05/29,0,184056,-243505,-59449
2015/06/01,0,97950,-148169,-50219
2015/06/02,0,85837,-90000,-4163
2015/06/03,0,108930,-119125,-10195
2015/06/04,0,242690,-471873,-229183
2015/06/05,0,225224,-257570,-32346
2015/06/08,0,110043,-201055,-91012
2015/06/09,0,197641,-308198,-110557
2015/06/10,0,109725,-241330,-131605
2015/06/11,0,196347,-275090,-78743
2015/06/12,0,150000,-136778,13222
2015/06/15,0,114995,-169000,-54005
2015/06/16,0,151720,-149150,2570
2015/06/17,0,234010,-236097,-2087
2015/06/18,0,235971,-176581,59390
2015/06/19,0,0,0,0
2015/06/22,0,248387,-103284,145103
2015/06/23,0,504692,-179505,325187
2015/06/24,0,318351,-146231,172120
2015/06/25,0,371385,-203350,168035
2015/06/26,0,127225,-122089,5136
2015/06/29,0,90025,-192128,-102103
2015/06/30,0,150239,-166100,-15861
2015/07/01,0,297238,-111072,186166
2015/07/02,0,288968,-147069,141899
2015/07/03,0,215046,-238830,-23784
2015/07/06,0,186610,-334500,-147890
2015/07/07,0,261926,-694000,-432074
2015/07/08,0,688064,-1113178,-425114
2015/07/09,0,403000,-711355,-308355
2015/07/10,0,0,0,0
2015/07/13,0,372582,-378123,-5541
2015/07/14,0,356856,-183940,172916
2015/07/15,0,272597,-285545,-12948
2015/07/16,0,280500,-132900,147600
2015/07/17,0,226782,-213215,13567
2015/07/20,0,343027,-181469,161558
2015/07/21,0,283483,-139819,143664
2015/07/22,0,537000,-414452,122548
2015/07/23,0,375510,-719485,-343975
2015/07/24,0,235845,-451500,-215655
2015/07/27,0,271339,-418330,-146991
2015/07/28,0,428929,-479452,-50523
2015/07/29,0,412710,-509518,-96808
2015/07/30,0,166060,-218881,-52821
2015/07/31,0,228399,-141200,87199
2015/08/03,0,235710,-400458,-164748
2015/08/04,0,479710,-580424,-100714
2015/08/05,0,440071,-485859,-45788
2015/08/06,0,597010,-684638,-87628
2015/08/07,0,1232069,-843483,388586
2015/08/10,0,235200,-394000,-158800
2015/08/11,0,729110,-381342,347768
2015/08/12,0,257009,-314580,-57571
2015/08/13,0,311129,-223192,87937
2015/08/14,0,164563,-265300,-100737
2015/08/17,0,258629,-193655,64974
2015/08/18,0,205469,-149175,56294
2015/08/19,0,271797,-523800,-252003
2015/08/20,0,401141,-323100,78041
2015/08/21,0,397039,-437460,-40421
2015/08/24,0,583510,-696843,-113333
2015/08/25,0,663351,-254636,408715
2015/08/26,0,412750,-638966,-226216
2015/08/27,0,495195,-476000,19195
2015/08/28,0,360600,-297017,63583
2015/08/31,0,355804,-364221,-8417
2015/09/01,0,212272,-205523,6749
2015/09/02,0,226881,-237471,-10590
2015/09/03,0,219413,-195000,24413
2015/09/04,0,343658,-388103,-44445
2015/09/07,0,597353,-400685,196668
2015/09/08,0,231000,-334597,-103597
2015/09/09,0,642056,-247516,394540
2015/09/10,0,246296,-227810,18486
2015/09/11,0,170500,-269112,-98612
2015/09/14,0,246000,-153308,92692
2015/09/15,0,189623,-468700,-279077
2015/09/16,0,251354,-358044,-106690
2015/09/17,0,698448,-280270,418178
2015/09/18,0,260259,-225143,35116
2015/09/21,0,314000,-384068,-70068
2015/09/22,0,93867,-82859,11008
2015/09/23,0,134000,-360545,-226545
2015/09/24,0,95200,-257400,-162200
2015/09/25,0,476016,-554800,-78784
2015/09/28,0,0,0,0
2015/09/29,0,0,0,0
2015/09/30,0,631212,-1429706,-798494
2015/10/01,0,537882,-714915,-177033
2015/10/02,0,764495,-624740,139755
2015/10/05,0,413220,-680212,-266992
2015/10/06,0,964021,-656890,307131
2015/10/07,0,601460,-491000,110460
2015/10/08,0,129090,-309794,-180704
2015/10/09,0,0,0,0
2015/10/12,0,692372,-632897,59475
2015/10/13,0,388145,-546534,-158389
2015/10/14,0,459383,-939958,-480575
2015/10/15,0,483000,-470882,12118
2015/10/16,0,589010,-660818,-71808
2015/10/19,0,485000,-465356,19644
2015/10/20,0,622300,-964736,-342436
2015/10/21,0,547500,-595954,-48454
2015/10/22,0,209500,-274031,-64531
2015/10/23,0,415530,-325200,90330
2015/10/26,0,830096,-579290,250806
2015/10/27,0,656903,-717995,-61092
2015/10/28,0,273180,-151216,121964
2015/10/29,0,318400,-126942,191458
2015/10/30,0,207762,-241018,-33256
2015/11/02,0,596955,-305700,291255
2015/11/03,0,966850,-608407,358443
2015/11/04,0,643405,-283000,360405
2015/11/05,0,987038,-328872,658166
2015/11/06,0,561750,-740544,-178794
2015/11/09,0,446772,-628530,-181758
2015/11/10,0,341500,-627500,-286000
2015/11/11,0,207327,-593373,-386046
2015/11/12,0,271000,-377152,-106152
2015/11/13,0,86810,-186826,-100016
2015/11/16,0,185000,-223440,-38440
2015/11/17,0,272000,-131253,140747
2015/11/18,0,242500,-263430,-20930
2015/11/19,0,431000,-103000,328000
2015/11/20,0,619630,-189530,430100
2015/11/23,0,360573,-118376,242197
2015/11/24,0,325055,-739060,-414005
2015/11/25,0,465097,-396770,68327
2015/11/26,0,364084,-163000,201084
2015/11/27,0,275000,-253232,21768
2015/11/30,0,780596,-663353,117243
2015/12/01,0,626455,-378082,248373
2015/12/02,0,595500,-450057,145443
2015/12/03,0,183250,-375020,-191770
2015/12/04,0,320000,-585036,-265036
2015/12/07,0,837127,-919914,-82787
2015/12/08,0,102000,-409642,-307642
2015/12/09,0,232540,-405540,-173000
2015/12/10,0,253000,-410000,-157000
2015/12/11,0,421323,-222045,199278
2015/12/14,0,265348,-188256,77092
2015/12/15,0,228004,-220757,7247
2015/12/16,0,864105,-867205,-3100
2015/12/17,0,556200,-389000,167200
2015/12/18,0,557062,-343515,213547
2015/12/21,0,185147,-164357,20790
2015/12/22,0,554478,-370348,184130
2015/12/23,0,200147,-162704,37443
2015/12/24,0,246949,-54263,192686
2015/12/25,0,13000,-36000,-23000
2015/12/28,0,196000,-145000,51000
2015/12/29,0,142000,-109952,32048
2015/12/30,0,189979,-144257,45722
2015/12/31,0,115825,-111000,4825
2016/01/01,0,0,0,0
2016/01/04,0,203338,-287000,-83662
2016/01/05,0,838552,-957635,-119083
2016/01/06,0,1152697,-707694,445003
2016/01/07,0,1152929,-1072318,80611
2016/01/08,0,989000,-494369,494631
2016/01/11,0,448275,-404982,43293
2016/01/12,0,481400,-444649,36751
2016/01/13,0,653147,-337469,315678
2016/01/14,0,497158,-590206,-93048
2016/01/15,0,1081895,-418191,663704
2016/01/18,0,430154,-699000,-268846
2016/01/19,0,117210,-395746,-278536
2016/01/20,0,551401,-751854,-200453
2016/01/21,0,686089,-247500,438589
2016/01/22,0,309080,-516334,-207254
2016/01/25,0,406000,-263000,143000
2016/01/26,0,642647,-427291,215356
2016/01/27,0,494400,-1047186,-552786
2016/01/28,0,818100,-543967,274133
2016/01/29,0,943739,-733221,210518
2016/02/01,0,640338,-1105610,-465272
2016/02/02,0,471434,-733618,-262184
2016/02/03,0,435000,-416299,18701
2016/02/04,0,0,0,0
2016/02/05,0,0,0,0
2016/02/08,0,0,0,0
2016/02/09,0,0,0,0
2016/02/10,0,0,0,0
2016/02/11,0,0,0,0
2016/02/12,0,0,0,0
2016/02/15,0,554145,-593303,-39158
2016/02/16,0,745344,-426107,319237
2016/02/17,0,289865,-684600,-394735
2016/02/18,0,543038,-556841,-13803
2016/02/19,0,390494,-168393,222101
2016/02/22,0,339000,-226000,113000
2016/02/23,0,527638,-407861,119777
2016/02/24,0,238389,-252555,-14166
2016/02/25,0,292432,-162350,130082
2016/02/26,0,263917,-137012,126905
2016/02/29,0,0,0,0
2016/03/01,0,888490,-552284,336206
2016/03/02,0,415658,-405000,10658
2016/03/03,0,421079,-444375,-23296
2016/03/04,0,326008,-128500,197508
2016/03/07,0,255600,-340222,-84622
2016/03/08,0,467323,-454522,12801
2016/03/09,0,363329,-644829,-281500
2016/03/10,0,301013,-437756,-136743
2016/03/11,0,237100,-181000,56100
2016/03/14,0,209309,-179200,30109
2016/03/15,0,315000,-502519,-187519
2016/03/16,0,429077,-124800,304277
2016/03/17,0,231300,-230956,344
2016/03/18,0,445150,-490195,-45045
2016/03/21,0,168150,-201105,-32955
2016/03/22,0,284357,-100618,183739
2016/03/23,0,327188,-234304,92884
2016/03/24,0,224018,-198512,25506
2016/03/25,0,89000,-271000,-182000
2016/03/28,0,250587,-152600,97987
2016/03/29,0,234310,-260600,-26290
2016/03/30,0,420990,-80604,340386
2016/03/31,0,531709,-502289,29420
2016/04/01,0,382013,-182600,199413
2016/04/04,0,0,0,0
2016/04/05,0,0,0,0
2016/04/06,0,828190,-568197,259993
2016/04/07,0,675390,-416000,259390
2016/04/08,0,400230,-370060,30170
2016/04/11,0,346000,-264630,81370
2016/04/12,0,529000,-399000,130000
2016/04/13,0,539000,-305000,234000
2016/04/14,0,388000,-346400,41600
2016/04/15,0,769920,-549184,220736
2016/04/18,0,308000,-181800,126200
2016/04/19,0,299983,-407691,-107708
2016/04/20,0,297034,-357521,-60487
2016/04/21,0,276994,-311558,-34564
2016/04/22,0,596450,-877904,-281454
2016/04/25,0,769800,-1020090,-250290
2016/04/26,0,464202,-342910,121292
2016/04/27,0,533169,-744610,-211441
2016/04/28,0,568867,-409000,159867
2016/04/29,0,537000,-445460,91540
2016/05/02,0,0,0,0
2016/05/03,0,526688,-468065,58623
2016/05/04,0,451001,-382253,68748
2016/05/05,0,327490,-307780,19710
2016/05/06,0,358506,-270090,88416
2016/05/09,0,890700,-620640,270060
2016/05/10,0,405925,-257465,148460
2016/05/11,0,916200,-419600,496600
2016/05/12,0,367800,-343000,24800
2016/05/13,0,281800,-292200,-10400
2016/05/16,0,337000,-413893,-76893
2016/05/17,0,243600,-271419,-27819
2016/05/18,0,425779,-459173,-33394
2016/05/19,0,218910,-197090,21820
2016/05/20,0,363327,-237515,125812
2016/05/23,0,423792,-388500,35292
2016/05/24,0,225002,-186823,38179
2016/05/25,0,655149,-450500,204649
2016/05/26,0,341650,-449362,-107712
2016/05/27,0,330200,-315141,15059
2016/05/30,0,332500,-155301,177199
2016/05/31,0,299332,-268579,30753
2016/06/01,0,414449,-136546,277903
2016/06/02,0,242428,-212000,30428
2016/06/03,0,125099,-125975,-876
2016/06/06,0,357185,-218200,138985
2016/06/07,0,619900,-486742,133158
2016/06/08,0,553050,-551700,1350
2016/06/09,0,0,0,0
2016/06/10,0,0,0,0
2016/06/13,0,388781,-548345,-159564
2016/06/14,0,322900,-205750,117150
2016/06/15,0,260563,-199669,60894
2016/06/16,0,392800,-554203,-161403
2016/06/17,0,320000,-238000,82000
2016/06/20,0,175390,-157400,17990
2016/06/21,0,248336,-167402,80934
2016/06/22,0,238588,-197777,40811
2016/06/23,0,260702,-190000,70702
2016/06/24,0,399030,-614801,-215771
2016/06/27,0,340000,-729575,-389575
2016/06/28,0,282000,-233540,48460
2016/06/29,0,325200,-225000,100200
2016/06/30,0,334300,-278740,55560
2016/07/01,0,206900,-106000,100900
2016/07/04,0,199035,-146000,53035
2016/07/05,0,143200,-158000,-14800
2016/07/06,0,299767,-385384,-85617
2016/07/07,0,260000,-235561,24439
2016/07/08,0,0,0,0
2016/07/11,0,534101,-62200,471901
2016/07/12,0,800701,-256579,544122
2016/07/13,0,267243,-319870,-52627
2016/07/14,0,246948,-330400,-83452
2016/07/15,0,1082000,-596339,485661
2016/07/18,0,506860,-246000,260860
2016/07/19,0,308566,-378800,-70234
2016/07/20,0,386250,-553170,-166920
2016/07/21,0,434952,-497020,-62068
2016/07/22,0,229500,-367531,-138031
2016/07/25,0,169813,-212060,-42247
2016/07/26,0,268200,-194441,73759
2016/07/27,0,479000,-153446,325554
2016/07/28,0,388321,-315190,73131
2016/07/29,0,146400,-349029,-202629
2016/08/01,0,216368,-140000,76368
2016/08/02,0,268245,-131500,136745
2016/08/03,0,152150,-228070,-75920
2016/08/04,0,215530,-276271,-60741
2016/08/05,0,172667,-176485,-3818
2016/08/08,0,476759,-298000,178759
2016/08/09,0,274000,-421790,-147790
2016/08/10,0,135000,-203800,-68800
2016/08/11,0,226300,-346290,-119990
2016/08/12,0,228380,-207990,20390
2016/08/15,0,282641,-490000,-207359
2016/08/16,0,270450,-192549,77901
2016/08/17,0,199875,-242202,-42327
2016/08/18,0,224700,-227054,-2354
2016/08/19,0,242018,-225560,16458
2016/08/22,0,188695,-138574,50121
2016/08/23,0,132957,-131000,1957
2016/08/24,0,96153,-112940,-16787
2016/08/25,0,84695,-259853,-175158
2016/08/26,0,220610,-214500,6110
2016/08/29,0,76695,-109756,-33061
2016/08/30,0,312831,-415102,-102271
2016/08/31,0,139731,-158041,-18310
2016/09/01,0,242759,-209858,32901
2016/09/02,0,151126,-345288,-194162
2016/09/05,0,176000,-175000,1000
2016/09/06,0,231517,-213539,17978
2016/09/07,0,164070,-100000,64070
2016/09/08,0,202266,-282738,-80472
2016/09/09,0,177320,-260527,-83207
2016/09/12,0,339845,-556053,-216208
2016/09/13,0,333200,-259599,73601
2016/09/14,0,598573,-405585,192988
2016/09/15,0,0,0,0
2016/09/16,0,0,0,0
2016/09/19,0,994700,-776761,217939
2016/09/20,0,473000,-324645,148355
2016/09/21,0,208795,-92719,116076
2016/09/22,0,142670,-198456,-55786
2016/09/23,0,304531,-211806,92725
2016/09/26,0,188901,-169550,19351
2016/09/27,0,0,0,0
2016/09/28,0,0,0,0
2016/09/29,0,525128,-282727,242401
2016/09/30,0,128562,-293872,-165310
2016/10/03,0,147408,-35350,112058
2016/10/04,0,190607,-92207,98400
2016/10/05,0,203200,-312000,-108800
2016/10/06,0,216397,-394655,-178258
2016/10/07,0,112204,-343000,-230796
2016/10/10,0,0,0,0
2016/10/11,0,165670,-476210,-310540
2016/10/12,0,292762,-277930,14832
2016/10/13,0,305403,-341050,-35647
2016/10/14,0,219100,-427425,-208325
2016/10/17,0,213000,-241618,-28618
2016/10/18,0,144978,-190350,-45372
2016/10/19,0,85408,-246000,-160592
2016/10/20,0,197216,-218032,-20816
2016/10/21,0,90047,-123750,-33703
2016/10/24,0,171872,-230160,-58288
2016/10/25,0,110620,-267966,-157346
2016/10/26,0,250928,-277090,-26162
2016/10/27,0,71455,-203000,-131545
2016/10/28,0,96194,-98000,-1806
2016/10/31,0,74481,-123071,-48590
2016/11/01,0,78962,-291400,-212438
2016/11/02,0,84863,-213027,-128164
2016/11/03,0,64078,-222700,-158622
2016/11/04,0,114087,-272800,-158713
2016/11/07,0,326727,-586528,-259801
2016/11/08,0,163456,-208000,-44544
2016/11/09,0,424500,-497886,-73386
2016/11/10,0,396420,-456000,-59580
2016/11/11,0,335863,-659730,-323867
2016/11/14,0,508786,-609373,-100587
2016/11/15,0,269140,-344000,-74860
2016/11/16,0,198565,-230105,-31540
2016/11/17,0,204364,-247788,-43424
2016/11/18,0,292288,-196502,95786
2016/11/21,0,192262,-168519,23743
2016/11/22,0,260070,-280560,-20490
2016/11/23,0,206138,-165322,40816
2016/11/24,0,94013,-90236,3777
2016/11/25,0,198080,-67000,131080
2016/11/28,0,157800,-89840,67960
2016/11/29,0,192252,-152652,39600
2016/11/30,0,370328,-263893,106435
2016/12/01,0,202246,-237091,-34845
2016/12/02,0,241936,-280247,-38311
2016/12/05,0,103503,-183277,-79774
2016/12/06,0,198266,-246050,-47784
2016/12/07,0,320300,-151500,168800
2016/12/08,0,248500,-391084,-142584
2016/12/09,0,211200,-160970,50230
2016/12/12,0,204584,-179523,25061
2016/12/13,0,221429,-241568,-20139
2016/12/14,0,128663,-233379,-104716
2016/12/15,0,301362,-318600,-17238
2016/12/16,0,354712,-251402,103310
2016/12/19,0,191228,-225446,-34218
2016/12/20,0,147350,-198936,-51586
2016/12/21,0,169103,-245936,-76833
2016/12/22,0,118496,-171000,-52504
2016/12/23,0,75067,-209500,-134433
2016/12/26,0,33022,-39500,-6478
2016/12/27,0,21000,-27000,-6000
2016/12/28,0,154173,-54000,100173
2016/12/29,0,318942,-317090,1852
2016/12/30,0,239317,-85200,154117
2017/01/02,0,0,0,0
2017/01/03,0,64129,-94000,-29871
2017/01/04,0,183439,-151740,31699
2017/01/05,0,837984,-529569,308415
2017/01/06,0,697680,-253500,444180
2017/01/09,0,250865,-365507,-114642
2017/01/10,0,237995,-163300,74695
2017/01/11,0,408044,-289189,118855
2017/01/12,0,386220,-133027,253193
2017/01/13,0,474308,-340300,134008
2017/01/16,0,297450,-231000,66450
2017/01/17,0,395989,-97200,298789
2017/01/18,0,408000,-314516,93484
2017/01/19,0,330285,-567215,-236930
2017/01/20,0,487770,-466198,21572
2017/01/23,0,261000,-239692,21308
2017/01/24,0,623321,-393965,229356
2017/01/25,0,0,0,0
2017/01/26,0,0,0,0
2017/01/27,0,0,0,0
2017/01/30,0,0,0,0
2017/01/31,0,0,0,0
2017/02/01,0,0,0,0
2017/02/02,0,931806,-619295,312511
2017/02/03,0,400054,-325396,74658
2017/02/06,0,285230,-176288,108942
2017/02/07,0,312158,-221082,91076
2017/02/08,0,251302,-264862,-13560
2017/02/09,0,339396,-259200,80196
2017/02/10,0,409713,-218407,191306
2017/02/13,0,206372,-304753,-98381
2017/02/14,0,252830,-302649,-49819
2017/02/15,0,142617,-276465,-133848
2017/02/16,0,212443,-490230,-277787
2017/02/17,0,206000,-399057,-193057
2017/02/20,0,111671,-137140,-25469
2017/02/21,0,99500,-65000,34500
2017/02/22,0,191180,-126565,64615
2017/02/23,0,164767,-146394,18373
2017/02/24,0,149745,-479041,-329296
2017/02/27,0,0,0,0
2017/02/28,0,0,0,0
2017/03/01,0,239862,-455313,-215451
2017/03/02,0,256932,-210608,46324
2017/03/03,0,97120,-175225,-78105
2017/03/06,0,146474,-110405,36069
2017/03/07,0,124045,-87567,36478
2017/03/08,0,134000,-225884,-91884
2017/03/09,0,117273,-153536,-36263
2017/03/10,0,76024,-76000,24
2017/03/13,0,318330,-117703,200627
2017/03/14,0,153262,-94885,58377
2017/03/15,0,141300,-176494,-35194
2017/03/16,0,196513,-116125,80388
2017/03/17,0,305571,-212858,92713
2017/03/20,0,43370,-63516,-20146
2017/03/21,0,168024,-107402,60622
2017/03/22,0,137672,-211747,-74075
2017/03/23,0,77054,-52597,24457
2017/03/24,0,194775,-88072,106703
2017/03/27,0,137610,-47182,90428
2017/03/28,0,185160,-154122,31038
2017/03/29,0,169572,-182788,-13216
2017/03/30,0,185112,-148612,36500
2017/03/31,0,163005,-134876,28129
2017/04/03,0,0,0,0
2017/04/04,0,0,0,0
2017/04/05,0,304397,-231720,72677
2017/04/06,0,221602,-479750,-258148
2017/04/07,0,301531,-242574,58957
2017/04/10,0,74479,-118854,-44375
2017/04/11,0,133140,-239499,-106359
2017/04/12,0,277318,-390625,-113307
2017/04/13,0,208052,-337100,-129048
2017/04/14,0,472232,-184300,287932
2017/04/17,0,170100,-124000,46100
2017/04/18,0,310300,-284610,25690
2017/04/19,0,140577,-225786,-85209
2017/04/20,0,158586,-92263,66323
2017/04/21,0,369209,-145864,223345
2017/04/24,0,197702,-189885,7817
2017/04/25,0,224625,-222267,2358
2017/04/26,0,292540,-118271,174269
2017/04/27,0,92254,-53600,38654
2017/04/28,0,118339,-130440,-12101
2017/05/01,0,0,0,0
2017/05/02,0,153878,-131887,21991
2017/05/03,0,118065,-49857,68208
2017/05/04,0,121000,-114738,6262
2017/05/05,0,87602,-136238,-48636
2017/05/08,0,111530,-163334,-51804
2017/05/09,0,144889,-87715,57174
2017/05/10,0,65844,-99841,-33997
2017/05/11,0,133697,-142870,-9173
2017/05/12,0,57858,-222404,-164546
2017/05/15,0,75453,-82481,-7028
2017/05/16,0,144660,-148497,-3837
2017/05/17,0,125950,-255793,-129843
2017/05/18,0,133805,-195000,-61195
2017/05/19,0,133366,-198817,-65451
2017/05/22,0,103776,-40019,63757
2017/05/23,0,98440,-95710,2730
2017/05/24,0,95629,-154773,-59144
2017/05/25,0,49200,-202186,-152986
2017/05/26,0,0,0,0
2017/05/29,0,0,0,0
2017/05/30,0,0,0,0
2017/05/31,0,225364,-303817,-78453
2017/06/01,0,109116,-158622,-49506
2017/06/02,0,244100,-139187,104913
2017/06/05,0,76936,-127134,-50198
2017/06/06,0,73900,-153084,-79184
2017/06/07,0,114719,-235790,-121071
2017/06/08,0,137593,-163285,-25692
2017/06/09,0,216287,-189722,26565
2017/06/12,0,70091,-72900,-2809
2017/06/13,0,147000,-185460,-38460
2017/06/14,0,77400,-140939,-63539
2017/06/15,0,186272,-188001,-1729
2017/06/16,0,188986,-172893,16093
2017/06/19,0,147455,-63012,84443
2017/06/20,0,63443,-47721,15722
2017/06/21,0,175513,-110033,65480
2017/06/22,0,143289,-77515,65774
2017/06/23,0,253094,-51492,201602
2017/06/26,0,117209,-72082,45127
2017/06/27,0,185236,-110000,75236
2017/06/28,0,194614,-231311,-36697
2017/06/29,0,125949,-96417,29532
2017/06/30,0,166845,-259665,-92820
2017/07/03,0,114820,-293585,-178765
2017/07/04,0,86961,-164625,-77664
2017/07/05,0,154795,-200020,-45225
2017/07/06,0,343931,-164368,179563
2017/07/07,0,177377,-155886,21491
2017/07/10,0,375590,-174099,201491
2017/07/11,0,535566,-236404,299162
2017/07/12,0,472350,-238713,233637
2017/07/13,0,332350,-396093,-63743
2017/07/14,0,311077,-684765,-373688
2017/07/17,0,179200,-450200,-271000
2017/07/18,0,396862,-261003,135859
2017/07/19,0,648300,-326500,321800
2017/07/20,0,445710,-328515,117195
2017/07/21,0,181065,-355046,-173981
2017/07/24,0,183098,-222500,-39402
2017/07/25,0,209402,-134905,74497
2017/07/26,0,166300,-281495,-115195
2017/07/27,0,219400,-216327,3073
2017/07/28,0,126492,-278985,-152493
2017/07/31,0,181600,-197712,-16112
2017/08/01,0,202961,-191904,11057
2017/08/02,0,372593,-188550,184043
2017/08/03,0,202835,-279463,-76628
2017/08/04,0,180195,-154068,26127
2017/08/07,0,63630,-130049,-66419
2017/08/08,0,112440,-176050,-63610
2017/08/09,0,61114,-163865,-102751
2017/08/10,0,167499,-264269,-96770
2017/08/11,0,244000,-154135,89865
2017/08/14,0,104090,-85050,19040
2017/08/15,0,113912,-66000,47912
2017/08/16,0,203064,-241001,-37937
2017/08/17,0,141520,-109330,32190
2017/08/18,0,63000,-75000,-12000
